[name]
unknown

[dist]
# distance from previous block
# <min> <max>
0	67

[block]
# block no. 0 follows, 66 sequences, length 20
# corresponding to MSA columns:
# 92-111
name=unknown_A
#
# <colnr> <probs for GDERKNQSTAVLIFYWHMCP>
#	G	D	E	R	K	N	Q	S	T	A	V	L	I	F	Y	W	H	M	C	P
0	0.00628	0.00482	0.00597	0.00644	0.00755	0.00476	0.00526	0.00883	0.09730	0.01226	0.04666	0.13675	0.22451	0.01046	0.00517	0.00165	0.00305	0.40458	0.00381	0.00390
1	0.00591	0.00444	0.00653	0.05208	0.00797	0.00513	0.00504	0.00722	0.00652	0.00925	0.01094	0.01716	0.01054	0.14607	0.67950	0.00587	0.00959	0.00453	0.00219	0.00351
2	0.65322	0.18559	0.00960	0.00622	0.02566	0.01069	0.00522	0.04188	0.00768	0.01657	0.00584	0.00676	0.00470	0.00374	0.00262	0.00117	0.00347	0.00227	0.00240	0.00470
3	0.01345	0.05743	0.01170	0.00962	0.01186	0.47689	0.02378	0.14595	0.08613	0.01364	0.07135	0.01029	0.00872	0.00479	0.00419	0.00115	0.03775	0.00338	0.00275	0.00518
4	0.15454	0.00446	0.00415	0.00404	0.00525	0.00467	0.00310	0.00987	0.00824	0.01564	0.01197	0.01370	0.00939	0.00457	0.00278	0.00100	0.00210	0.00352	0.73314	0.00388
5	0.88607	0.00785	0.00596	0.00534	0.00785	0.00910	0.00439	0.01193	0.00690	0.01820	0.00565	0.00659	0.00439	0.00377	0.00251	0.00126	0.00314	0.00220	0.00251	0.00439
6	0.01022	0.00952	0.01549	0.08557	0.67476	0.00981	0.01174	0.06692	0.05065	0.01405	0.00819	0.01034	0.00668	0.00383	0.00403	0.00123	0.00476	0.00367	0.00224	0.00631
7	0.00964	0.00917	0.01533	0.08100	0.63544	0.00936	0.04393	0.01281	0.07399	0.01348	0.04951	0.01155	0.00841	0.00402	0.00410	0.00124	0.00467	0.00393	0.00229	0.00612
8	0.04496	0.01127	0.01145	0.00909	0.01209	0.05820	0.00740	0.61984	0.14550	0.02308	0.01047	0.01035	0.00759	0.00489	0.00399	0.00123	0.00438	0.00369	0.00391	0.00661
9	0.00637	0.00454	0.00552	0.00528	0.00641	0.00400	0.00375	0.00743	0.00855	0.04476	0.16191	0.25631	0.12894	0.17219	0.00766	0.00181	0.00272	0.02615	0.00347	0.14224
10	0.00586	0.00392	0.00444	0.00447	0.00448	0.00391	0.00251	0.00589	0.00598	0.00797	0.01317	0.06025	0.01524	0.82305	0.02002	0.00384	0.00387	0.00613	0.00251	0.00249
11	0.88607	0.00785	0.00596	0.00534	0.00785	0.00910	0.00439	0.01193	0.00690	0.01820	0.00565	0.00659	0.00439	0.00377	0.00251	0.00126	0.00314	0.00220	0.00251	0.00439
12	0.09054	0.01951	0.01090	0.00971	0.10332	0.02629	0.03086	0.19001	0.02353	0.34359	0.04477	0.01189	0.00909	0.00464	0.00388	0.00119	0.00390	0.00376	0.00385	0.06476
13	0.00953	0.11563	0.36578	0.01173	0.02997	0.02921	0.19810	0.07532	0.00963	0.01342	0.00769	0.02151	0.00595	0.00384	0.00388	0.00118	0.00556	0.00344	0.00208	0.08654
14	0.00502	0.00359	0.00479	0.00567	0.00595	0.00335	0.00383	0.00581	0.00799	0.01069	0.06251	0.79458	0.02732	0.01246	0.00517	0.00163	0.00236	0.03013	0.00380	0.00333
15	0.00841	0.00721	0.00841	0.00601	0.00961	0.00541	0.00481	0.01022	0.00841	0.01322	0.00721	0.00841	0.00601	0.00300	0.00300	0.00060	0.00300	0.00240	0.00240	0.88222
16	0.00868	0.00462	0.00585	0.00512	0.00651	0.00448	0.06603	0.01066	0.00887	0.08880	0.01310	0.01468	0.01004	0.00465	0.00310	0.00101	0.00241	0.00389	0.73334	0.00419
17	0.00955	0.00700	0.00830	0.00629	0.00931	0.00588	0.00503	0.08057	0.02587	0.09845	0.16030	0.01324	0.01257	0.00439	0.00355	0.00086	0.00298	0.00363	0.00323	0.53899
18	0.02842	0.04117	0.01967	0.00741	0.02530	0.14619	0.00571	0.03597	0.04525	0.08035	0.31015	0.06122	0.05592	0.01841	0.04306	0.00155	0.06076	0.00546	0.00348	0.00455
19	0.03223	0.15295	0.06375	0.00897	0.01173	0.33745	0.02820	0.12583	0.03763	0.03201	0.00785	0.00956	0.00655	0.06643	0.00478	0.00127	0.00549	0.00308	0.00247	0.06178

[dist]
# distance from previous block
# <min> <max>
2	7

[block]
# block no. 1 follows, 66 sequences, length 17
# corresponding to MSA columns:
# 119-135
name=unknown_B
#
# <colnr> <probs for GDERKNQSTAVLIFYWHMCP>
#	G	D	E	R	K	N	Q	S	T	A	V	L	I	F	Y	W	H	M	C	P
0	0.01368	0.00762	0.00921	0.00695	0.01024	0.02291	0.00565	0.06711	0.03537	0.40315	0.01180	0.01123	0.00815	0.00418	0.00363	0.00098	0.00340	0.00335	0.00380	0.36757
1	0.00830	0.06038	0.14398	0.03231	0.03926	0.02161	0.05800	0.03855	0.04432	0.01370	0.18043	0.01503	0.03673	0.03570	0.00461	0.00118	0.01707	0.00420	0.00279	0.24185
2	0.02944	0.03880	0.08663	0.04045	0.14839	0.00720	0.03050	0.02945	0.03181	0.07060	0.11880	0.04709	0.02269	0.00496	0.00387	0.00110	0.00374	0.03039	0.00287	0.25119
3	0.00898	0.00576	0.00700	0.00595	0.00812	0.00489	0.00457	0.04318	0.00955	0.16826	0.05420	0.23295	0.14150	0.00732	0.00417	0.00117	0.00279	0.00629	0.00362	0.27974
4	0.03035	0.13758	0.03052	0.00839	0.01135	0.03014	0.00708	0.39804	0.18156	0.01920	0.01083	0.05384	0.00863	0.00504	0.00381	0.00119	0.00407	0.00390	0.00350	0.05098
5	0.02913	0.12285	0.16916	0.02582	0.09875	0.02910	0.13386	0.06325	0.04550	0.09496	0.03547	0.03662	0.00833	0.00452	0.00418	0.00122	0.02887	0.01319	0.00262	0.05259
6	0.05078	0.24247	0.29751	0.04660	0.07921	0.06608	0.02223	0.07014	0.00960	0.06908	0.00751	0.00853	0.00572	0.00390	0.00351	0.00115	0.00512	0.00294	0.00220	0.00571
7	0.03531	0.24798	0.16324	0.00868	0.01203	0.01096	0.05778	0.15143	0.09400	0.04068	0.04510	0.08292	0.02288	0.00515	0.00376	0.00120	0.00433	0.00417	0.00284	0.00556
8	0.00770	0.00652	0.00965	0.26087	0.08204	0.00705	0.04216	0.07696	0.00941	0.02654	0.04471	0.12745	0.16668	0.04229	0.02078	0.00160	0.02605	0.03419	0.00289	0.00444
9	0.02227	0.28368	0.18844	0.01079	0.08544	0.10594	0.07911	0.04919	0.02119	0.05856	0.01919	0.02743	0.02358	0.00422	0.00360	0.00113	0.00509	0.00335	0.00228	0.00553
10	0.00632	0.02155	0.06816	0.03975	0.04781	0.00503	0.02236	0.02778	0.00829	0.02353	0.03600	0.45781	0.09517	0.11307	0.00672	0.00180	0.00322	0.00854	0.00326	0.00384
11	0.00498	0.00362	0.00470	0.00548	0.00586	0.00334	0.00371	0.00578	0.00811	0.01074	0.06935	0.73741	0.09748	0.01225	0.00512	0.00160	0.00230	0.01104	0.00381	0.00334
12	0.02036	0.00740	0.05860	0.02043	0.10308	0.03267	0.04853	0.04425	0.04102	0.05734	0.40703	0.03320	0.06917	0.01854	0.00485	0.00132	0.01797	0.00586	0.00363	0.00473
13	0.08173	0.16669	0.17810	0.08925	0.04269	0.05278	0.11140	0.13757	0.01041	0.06053	0.00815	0.02869	0.00635	0.00418	0.00373	0.00121	0.00508	0.00343	0.00246	0.00559
14	0.00547	0.00432	0.00493	0.00493	0.00602	0.00396	0.00362	0.00735	0.06120	0.01279	0.27648	0.16366	0.39189	0.02859	0.00516	0.00144	0.00217	0.00835	0.00397	0.00370
15	0.00785	0.00388	0.00400	0.00395	0.00495	0.00384	0.00297	0.00970	0.00859	0.04255	0.01358	0.03810	0.01084	0.00496	0.00294	0.00098	0.00196	0.00400	0.82651	0.00387
16	0.88607	0.00785	0.00596	0.00534	0.00785	0.00910	0.00439	0.01193	0.00690	0.01820	0.00565	0.00659	0.00439	0.00377	0.00251	0.00126	0.00314	0.00220	0.00251	0.00439

[dist]
# distance from previous block
# <min> <max>
5	20

[block]
# block no. 2 follows, 66 sequences, length 56
# corresponding to MSA columns:
# 156-211
name=unknown_C
#
# <colnr> <probs for GDERKNQSTAVLIFYWHMCP>
#	G	D	E	R	K	N	Q	S	T	A	V	L	I	F	Y	W	H	M	C	P
0	0.00683	0.00479	0.00622	0.00598	0.00707	0.00462	0.02119	0.03358	0.07095	0.06055	0.36737	0.31302	0.06332	0.00931	0.00481	0.00142	0.00244	0.00829	0.00414	0.00412
1	0.00756	0.00378	0.00378	0.00378	0.00473	0.00378	0.00284	0.00945	0.00851	0.01513	0.01324	0.01513	0.01040	0.00473	0.00284	0.00095	0.00189	0.00378	0.87994	0.00378
2	0.00756	0.00378	0.00378	0.00378	0.00473	0.00378	0.00284	0.00945	0.00851	0.01513	0.01324	0.01513	0.01040	0.00473	0.00284	0.00095	0.00189	0.00378	0.87994	0.00378
3	0.01260	0.12118	0.01202	0.00875	0.01146	0.13510	0.00710	0.26811	0.34709	0.01765	0.01147	0.01118	0.00868	0.00485	0.00384	0.00121	0.00436	0.00369	0.00349	0.00616
4	0.11193	0.03595	0.10562	0.09305	0.13188	0.02270	0.00832	0.09110	0.09555	0.01443	0.02409	0.05194	0.04757	0.00622	0.03591	0.00148	0.03342	0.03363	0.00272	0.05249
5	0.02345	0.41040	0.20857	0.00870	0.03003	0.03332	0.00882	0.05853	0.00942	0.12882	0.00791	0.00857	0.00611	0.00459	0.02357	0.00121	0.01712	0.00283	0.00236	0.00568
6	0.00958	0.01094	0.02394	0.01710	0.02120	0.01026	0.81737	0.01300	0.00958	0.01300	0.00821	0.01094	0.00616	0.00342	0.00479	0.00137	0.00684	0.00479	0.00205	0.00547
7	0.00550	0.00405	0.00492	0.00521	0.00613	0.00365	0.00387	0.00669	0.00925	0.02991	0.17995	0.29911	0.32131	0.01067	0.00499	0.00149	0.00233	0.09347	0.00392	0.00357
8	0.00938	0.08718	0.09218	0.01025	0.11350	0.08024	0.06213	0.05649	0.07201	0.05474	0.14025	0.12419	0.06794	0.00628	0.00423	0.00127	0.00408	0.00544	0.00311	0.00511
9	0.01308	0.08034	0.05689	0.01026	0.06548	0.26993	0.05125	0.08217	0.11353	0.14904	0.02489	0.01173	0.04409	0.00473	0.00390	0.00118	0.00511	0.00370	0.00305	0.00566
10	0.00500	0.00357	0.00478	0.00572	0.00598	0.00335	0.00387	0.00575	0.00783	0.01042	0.02233	0.82442	0.02670	0.01265	0.00519	0.00166	0.00241	0.04129	0.00376	0.00331
11	0.00911	0.01281	0.24073	0.16203	0.27031	0.02755	0.19403	0.01240	0.00898	0.01251	0.00756	0.00992	0.00581	0.00373	0.00415	0.00129	0.00575	0.00369	0.00190	0.00572
12	0.01192	0.06669	0.13666	0.02223	0.12997	0.08403	0.02250	0.22338	0.14855	0.06534	0.01043	0.04244	0.00814	0.00477	0.00396	0.00124	0.00469	0.00386	0.00308	0.00612
13	0.01446	0.01726	0.01245	0.01135	0.05249	0.64879	0.05510	0.10266	0.01201	0.01195	0.00690	0.00807	0.00560	0.00463	0.01790	0.00118	0.00692	0.00293	0.00230	0.00505
14	0.00496	0.00355	0.00469	0.00559	0.00584	0.00331	0.00372	0.00566	0.00775	0.01031	0.02254	0.81696	0.04413	0.03302	0.00554	0.00170	0.00239	0.01133	0.00373	0.00328
15	0.01048	0.01018	0.03122	0.03519	0.56900	0.04519	0.14162	0.01295	0.00943	0.05880	0.00828	0.02141	0.00675	0.00387	0.00428	0.00125	0.01791	0.00388	0.00220	0.00611
16	0.00949	0.00908	0.01547	0.21590	0.64543	0.00949	0.01218	0.01197	0.00898	0.01258	0.00753	0.01022	0.00619	0.00372	0.00403	0.00124	0.00496	0.00361	0.00196	0.00598
17	0.01421	0.00613	0.00821	0.00660	0.00905	0.00543	0.00533	0.03262	0.01173	0.55977	0.27265	0.01893	0.01889	0.00605	0.00430	0.00126	0.00299	0.00510	0.00483	0.00593
18	0.03170	0.32180	0.32924	0.00996	0.01423	0.05143	0.08326	0.04453	0.00906	0.03349	0.00695	0.00812	0.00544	0.00386	0.00375	0.00114	0.03162	0.00289	0.00197	0.00557
19	0.08540	0.01025	0.00956	0.00758	0.01063	0.16671	0.00603	0.14056	0.04346	0.12979	0.00890	0.00928	0.00668	0.00397	0.00345	0.00096	0.00414	0.00294	0.00305	0.34665
20	0.00493	0.00378	0.00446	0.00498	0.00566	0.00338	0.00344	0.00573	0.00827	0.01048	0.02933	0.49381	0.34426	0.05070	0.00574	0.00164	0.00231	0.01010	0.00371	0.00331
21	0.00480	0.00411	0.00411	0.00411	0.00548	0.00343	0.00308	0.00582	0.00925	0.01096	0.04110	0.03905	0.83046	0.01028	0.00480	0.00137	0.00206	0.00856	0.00377	0.00343
22	0.03792	0.00972	0.02533	0.00895	0.02941	0.00998	0.02145	0.48132	0.01561	0.24543	0.04413	0.01249	0.00929	0.00511	0.00410	0.00125	0.00411	0.02365	0.00417	0.00658
23	0.01542	0.01136	0.01218	0.00933	0.01258	0.01258	0.00771	0.81858	0.01908	0.02557	0.00974	0.00974	0.00690	0.00487	0.00406	0.00122	0.00446	0.00365	0.00406	0.00690
24	0.00756	0.00378	0.00378	0.00378	0.00473	0.00378	0.00284	0.00945	0.00851	0.01513	0.01324	0.01513	0.01040	0.00473	0.00284	0.00095	0.00189	0.00378	0.87994	0.00378
25	0.00841	0.00721	0.00841	0.00601	0.00961	0.00541	0.00481	0.01022	0.00841	0.01322	0.00721	0.00841	0.00601	0.00300	0.00300	0.00060	0.00300	0.00240	0.00240	0.88222
26	0.01820	0.00690	0.00942	0.00722	0.01036	0.00596	0.00596	0.01977	0.01161	0.83492	0.01601	0.01381	0.01004	0.00502	0.00408	0.00126	0.00345	0.00408	0.00502	0.00690
27	0.00756	0.00378	0.00378	0.00378	0.00473	0.00378	0.00284	0.00945	0.00851	0.01513	0.01324	0.01513	0.01040	0.00473	0.00284	0.00095	0.00189	0.00378	0.87994	0.00378
28	0.00874	0.05389	0.03451	0.24062	0.18176	0.00902	0.06971	0.01098	0.01815	0.04624	0.08336	0.05114	0.01052	0.02397	0.00578	0.00142	0.11828	0.02451	0.00241	0.00498
29	0.01003	0.04873	0.16273	0.07754	0.45794	0.02536	0.03559	0.05047	0.05423	0.02686	0.00816	0.00998	0.00645	0.00387	0.00395	0.00123	0.00503	0.00352	0.00219	0.00613
30	0.01516	0.01934	0.01150	0.01045	0.01254	0.84113	0.00784	0.01620	0.01150	0.00993	0.00627	0.00732	0.00523	0.00418	0.00366	0.00105	0.00732	0.00261	0.00209	0.00470
31	0.00591	0.00395	0.00447	0.00449	0.00451	0.00395	0.00254	0.00595	0.00597	0.00795	0.01296	0.02694	0.01493	0.84013	0.02034	0.00389	0.00393	0.02222	0.00248	0.00248
32	0.00902	0.03337	0.02225	0.04130	0.15069	0.16667	0.01685	0.01050	0.00838	0.03637	0.03950	0.01446	0.00974	0.12294	0.29661	0.00337	0.00718	0.00408	0.00230	0.00441
33	0.01178	0.26526	0.04606	0.06709	0.04875	0.21966	0.12108	0.06876	0.07718	0.02647	0.00776	0.00890	0.00620	0.00399	0.00362	0.00112	0.00549	0.00317	0.00229	0.00539
34	0.00557	0.00399	0.00489	0.00536	0.00571	0.00390	0.00354	0.00666	0.04794	0.01013	0.04084	0.46814	0.05697	0.28137	0.01004	0.00235	0.00292	0.03308	0.00338	0.00322
35	0.00590	0.00393	0.00443	0.00443	0.00447	0.00391	0.00249	0.00589	0.00597	0.00792	0.01333	0.02657	0.03336	0.82231	0.02020	0.02015	0.00388	0.00592	0.00248	0.00247
36	0.00745	0.00380	0.00380	0.00380	0.00476	0.00377	0.00285	0.00930	0.00854	0.01495	0.01441	0.01614	0.04504	0.00496	0.00292	0.00096	0.00190	0.00398	0.84293	0.00377
37	0.00955	0.05081	0.08280	0.09188	0.13608	0.02109	0.10521	0.06327	0.00842	0.01199	0.00666	0.00937	0.00567	0.00525	0.00806	0.00147	0.37164	0.00360	0.00199	0.00519
38	0.00590	0.00393	0.00442	0.00442	0.00442	0.00393	0.00246	0.00590	0.00590	0.00787	0.01278	0.02655	0.01475	0.85742	0.02065	0.00393	0.00393	0.00590	0.00246	0.00246
39	0.01102	0.00905	0.00960	0.00839	0.01083	0.01035	0.00659	0.13437	0.69304	0.03596	0.01554	0.01434	0.01156	0.00540	0.00412	0.00135	0.00339	0.00444	0.00414	0.00650
40	0.00756	0.00378	0.00378	0.00378	0.00473	0.00378	0.00284	0.00945	0.00851	0.01513	0.01324	0.01513	0.01040	0.00473	0.00284	0.00095	0.00189	0.00378	0.87994	0.00378
41	0.01563	0.01103	0.01197	0.00918	0.01241	0.01208	0.00758	0.75856	0.01851	0.08639	0.01021	0.01005	0.00714	0.00488	0.00406	0.00122	0.00439	0.00368	0.00413	0.00690
42	0.00975	0.00779	0.00883	0.00644	0.00996	0.02608	0.00517	0.07130	0.00949	0.06847	0.00796	0.00884	0.00632	0.00331	0.00317	0.00070	0.00325	0.00261	0.00269	0.73785
43	0.01211	0.27271	0.08317	0.01048	0.03940	0.30632	0.09773	0.01433	0.04754	0.03681	0.00716	0.00829	0.00584	0.00404	0.00390	0.00110	0.03875	0.00296	0.00212	0.00524
44	0.00946	0.01176	0.09010	0.01665	0.02091	0.01019	0.75204	0.01298	0.00949	0.01298	0.00813	0.01075	0.00607	0.00346	0.00471	0.00136	0.00677	0.00464	0.00202	0.00551
45	0.05408	0.00936	0.01161	0.24472	0.01644	0.01043	0.01990	0.43011	0.01424	0.12289	0.02068	0.01070	0.00717	0.00463	0.00401	0.00126	0.00454	0.00369	0.00345	0.00605
46	0.01022	0.10774	0.07561	0.03900	0.08057	0.02935	0.16574	0.10601	0.19108	0.02696	0.02958	0.04676	0.00963	0.00504	0.00441	0.00131	0.02949	0.03291	0.00289	0.00569
47	0.00590	0.00395	0.00452	0.00452	0.00455	0.00398	0.00257	0.00596	0.00593	0.00794	0.01270	0.02608	0.01455	0.82063	0.05716	0.00405	0.00424	0.00583	0.00245	0.00251
48	0.00603	0.00461	0.00560	0.00539	0.00650	0.00443	0.00406	0.00876	0.09945	0.01498	0.53883	0.09073	0.15831	0.00870	0.00476	0.00134	0.00215	0.02711	0.00425	0.00401
49	0.01245	0.17202	0.19100	0.01068	0.04648	0.44633	0.02108	0.01467	0.02971	0.01084	0.00670	0.00779	0.00544	0.00398	0.00355	0.00108	0.00628	0.00273	0.00199	0.00520
50	0.00541	0.00413	0.00496	0.00475	0.00586	0.00369	0.00356	0.00701	0.01069	0.01439	0.55126	0.03339	0.31816	0.00899	0.00479	0.00131	0.00196	0.00777	0.00422	0.00369
51	0.00921	0.00801	0.00853	0.00809	0.03547	0.02872	0.00602	0.02905	0.58956	0.01591	0.08663	0.05211	0.09243	0.00638	0.00427	0.00136	0.00313	0.00538	0.00399	0.00576
52	0.04858	0.06452	0.22176	0.05967	0.35299	0.01009	0.07137	0.07438	0.00970	0.03798	0.00776	0.00950	0.00601	0.00382	0.00389	0.00123	0.00512	0.00341	0.00218	0.00604
53	0.00962	0.00825	0.02611	0.02637	0.03560	0.00893	0.00643	0.06312	0.55705	0.03599	0.06109	0.04765	0.08376	0.00615	0.00424	0.00136	0.00324	0.00518	0.00395	0.00590
54	0.14336	0.04870	0.14676	0.02559	0.01495	0.00977	0.25577	0.13274	0.02199	0.11358	0.03074	0.01092	0.00742	0.00423	0.00400	0.00128	0.00503	0.01468	0.00282	0.00569
55	0.00913	0.05458	0.06265	0.03701	0.22441	0.01833	0.06541	0.07206	0.11626	0.02826	0.05996	0.08245	0.09995	0.00611	0.01407	0.00135	0.00415	0.01643	0.00296	0.02447

[dist]
# distance from previous block
# <min> <max>
3	5

[block]
# block no. 3 follows, 66 sequences, length 75
# corresponding to MSA columns:
# 217-291
name=unknown_D
#
# <colnr> <probs for GDERKNQSTAVLIFYWHMCP>
#	G	D	E	R	K	N	Q	S	T	A	V	L	I	F	Y	W	H	M	C	P
0	0.49371	0.03676	0.01027	0.02238	0.13592	0.09200	0.05192	0.01242	0.01806	0.01524	0.00629	0.00779	0.00510	0.00405	0.00391	0.00127	0.07303	0.00276	0.00229	0.00485
1	0.02584	0.00952	0.05574	0.24750	0.39816	0.05745	0.03493	0.01149	0.00893	0.01218	0.02746	0.07582	0.00828	0.00459	0.00410	0.00128	0.00496	0.00423	0.00214	0.00541
2	0.00921	0.24381	0.38239	0.04566	0.03341	0.02054	0.05477	0.02320	0.04392	0.01226	0.02056	0.00889	0.00619	0.00382	0.00354	0.00112	0.00511	0.00301	0.00199	0.07658
3	0.00562	0.00422	0.00477	0.00458	0.00587	0.00366	0.00345	0.00699	0.01013	0.04281	0.32282	0.03500	0.51683	0.00937	0.00477	0.00133	0.00206	0.00796	0.00406	0.00370
4	0.00573	0.00415	0.00540	0.00509	0.00605	0.00382	0.00381	0.00762	0.01144	0.01618	0.81600	0.03046	0.05230	0.00833	0.00479	0.00128	0.00192	0.00736	0.00445	0.00382
5	0.01250	0.13021	0.04563	0.00952	0.07368	0.02400	0.00747	0.15824	0.32210	0.15539	0.01249	0.01196	0.00915	0.00479	0.00386	0.00123	0.00393	0.00382	0.00364	0.00637
6	0.00859	0.01948	0.73784	0.01111	0.01668	0.00936	0.01394	0.04822	0.03455	0.02583	0.03214	0.00954	0.00649	0.00410	0.00390	0.00128	0.00568	0.00322	0.00202	0.00600
7	0.00547	0.00384	0.00503	0.00568	0.00623	0.00357	0.00405	0.00648	0.00855	0.02894	0.11142	0.58790	0.09949	0.01169	0.00512	0.00160	0.00245	0.09513	0.00387	0.00349
8	0.01217	0.38110	0.09608	0.00862	0.01193	0.17083	0.00799	0.16199	0.08912	0.01359	0.00771	0.00828	0.00620	0.00409	0.00334	0.00106	0.00498	0.00284	0.00246	0.00562
9	0.00652	0.00570	0.02332	0.00751	0.00884	0.00540	0.15103	0.00816	0.00877	0.01219	0.29539	0.04643	0.03910	0.21339	0.13574	0.00274	0.01678	0.00610	0.00308	0.00379
10	0.00613	0.00463	0.00615	0.01996	0.00668	0.01708	0.02147	0.00693	0.00643	0.00883	0.01182	0.04651	0.01247	0.41154	0.37462	0.00480	0.02321	0.00525	0.00234	0.00316
11	0.00592	0.00448	0.00555	0.00557	0.00661	0.00428	0.00427	0.00823	0.07011	0.01411	0.42187	0.13422	0.16680	0.00938	0.00490	0.00143	0.00235	0.12193	0.00413	0.00387
12	0.02705	0.38175	0.08251	0.00939	0.03243	0.24098	0.04732	0.07911	0.01025	0.04511	0.00687	0.00776	0.00560	0.00388	0.00331	0.00103	0.00538	0.00272	0.00219	0.00537
13	0.02696	0.16659	0.04456	0.03472	0.02217	0.02725	0.00670	0.19514	0.02799	0.04152	0.00793	0.00872	0.00623	0.00375	0.00331	0.00091	0.00391	0.00282	0.00272	0.36610
14	0.05356	0.12272	0.24754	0.01014	0.05075	0.05648	0.04337	0.11947	0.09277	0.04087	0.00897	0.02385	0.00721	0.04302	0.01685	0.00144	0.04931	0.00353	0.00254	0.00562
15	0.00706	0.00430	0.00590	0.00592	0.00642	0.00446	0.00430	0.01899	0.03828	0.03578	0.01195	0.07296	0.01220	0.12953	0.16876	0.36157	0.00491	0.10122	0.00253	0.00296
16	0.07537	0.00701	0.00918	0.00710	0.01016	0.00627	0.00586	0.03599	0.01146	0.74933	0.02946	0.01353	0.01010	0.00499	0.00399	0.00125	0.00343	0.00400	0.00483	0.00668
17	0.01324	0.01261	0.15951	0.01050	0.05133	0.03372	0.04599	0.48934	0.02768	0.06405	0.01015	0.01078	0.02268	0.02429	0.00444	0.00130	0.00481	0.00374	0.00341	0.00641
18	0.11782	0.11944	0.14401	0.05218	0.05118	0.03949	0.06711	0.08248	0.04101	0.10949	0.02641	0.02964	0.04709	0.00469	0.00374	0.00121	0.00443	0.01273	0.00280	0.04308
19	0.00580	0.00392	0.00442	0.00447	0.00455	0.00388	0.00256	0.00588	0.00616	0.00815	0.01466	0.07010	0.05525	0.77221	0.01907	0.00369	0.00376	0.00632	0.00259	0.00255
20	0.00583	0.00422	0.00588	0.00588	0.00639	0.00473	0.00428	0.00684	0.00633	0.00895	0.01145	0.01916	0.01154	0.28136	0.59232	0.00574	0.00876	0.00482	0.00226	0.00327
21	0.01134	0.66459	0.06891	0.00805	0.02390	0.14456	0.00765	0.01283	0.00879	0.00986	0.00587	0.00681	0.00522	0.00361	0.00287	0.00093	0.00491	0.00231	0.00179	0.00519
22	0.01542	0.01136	0.01218	0.00933	0.01258	0.01258	0.00771	0.81858	0.01908	0.02557	0.00974	0.00974	0.00690	0.00487	0.00406	0.00122	0.00446	0.00365	0.00406	0.00690
23	0.00756	0.00378	0.00378	0.00378	0.00473	0.00378	0.00284	0.00945	0.00851	0.01513	0.01324	0.01513	0.01040	0.00473	0.00284	0.00095	0.00189	0.00378	0.87994	0.00378
24	0.01015	0.00977	0.03483	0.07425	0.72492	0.00963	0.01218	0.03845	0.00951	0.02619	0.00780	0.01010	0.00641	0.00371	0.00402	0.00122	0.00485	0.00361	0.00210	0.00632
25	0.08688	0.19011	0.09762	0.00921	0.01202	0.45966	0.00796	0.04845	0.01032	0.01146	0.00651	0.00781	0.00546	0.02586	0.00382	0.00113	0.00601	0.00265	0.00211	0.00495
26	0.00534	0.00410	0.00489	0.00476	0.00583	0.00365	0.00354	0.00686	0.01044	0.01394	0.48846	0.07895	0.33598	0.00928	0.00481	0.00133	0.00199	0.00803	0.00416	0.00365
27	0.00995	0.00955	0.01630	0.05640	0.80132	0.00962	0.01241	0.01237	0.00919	0.01314	0.00762	0.01007	0.00639	0.00363	0.00402	0.00121	0.00484	0.00361	0.00200	0.00635
28	0.00586	0.00393	0.00451	0.00455	0.00458	0.00395	0.00260	0.00594	0.00599	0.00802	0.01308	0.05787	0.01504	0.79480	0.05010	0.00394	0.00413	0.00606	0.00250	0.00253
29	0.18089	0.01023	0.01071	0.00835	0.01145	0.01123	0.00690	0.58209	0.01599	0.10873	0.00962	0.00957	0.00675	0.00468	0.00377	0.00123	0.00411	0.00342	0.00387	0.00642
30	0.04926	0.00707	0.00926	0.00719	0.01021	0.00636	0.00591	0.06530	0.01178	0.72279	0.03158	0.03299	0.01060	0.00521	0.00406	0.00126	0.00344	0.00422	0.00483	0.00667
31	0.01052	0.00893	0.00941	0.00834	0.01071	0.01029	0.00652	0.08511	0.76054	0.01766	0.01597	0.01471	0.01195	0.00545	0.00412	0.00136	0.00331	0.00451	0.00412	0.00646
32	0.01516	0.01934	0.01150	0.01045	0.01254	0.84113	0.00784	0.01620	0.01150	0.00993	0.00627	0.00732	0.00523	0.00418	0.00366	0.00105	0.00732	0.00261	0.00209	0.00470
33	0.84912	0.00818	0.00621	0.00553	0.00805	0.02795	0.00454	0.02804	0.00725	0.01816	0.00574	0.00667	0.00446	0.00380	0.00257	0.00125	0.00326	0.00224	0.00253	0.00445
34	0.00618	0.03591	0.00730	0.04555	0.00814	0.00578	0.00528	0.00749	0.00661	0.00934	0.01075	0.03509	0.01040	0.11044	0.63827	0.00552	0.04161	0.00452	0.00219	0.00363
35	0.01791	0.00684	0.00932	0.00717	0.01026	0.00591	0.00591	0.01949	0.01161	0.81600	0.03482	0.01419	0.01070	0.00510	0.00410	0.00126	0.00342	0.00416	0.00501	0.00683
36	0.00657	0.00471	0.00655	0.00745	0.00840	0.00473	0.00649	0.00856	0.02166	0.01219	0.02142	0.05807	0.02324	0.01114	0.00557	0.00186	0.00371	0.78016	0.00374	0.00377
37	0.01082	0.82873	0.02108	0.00760	0.04049	0.01582	0.00714	0.01216	0.00828	0.00968	0.00571	0.00664	0.00525	0.00348	0.00265	0.00088	0.00436	0.00222	0.00175	0.00525
38	0.00501	0.00356	0.00469	0.00556	0.00578	0.00334	0.00367	0.00567	0.00763	0.01017	0.02164	0.79274	0.02593	0.07597	0.00634	0.00182	0.00247	0.01111	0.00367	0.00323
39	0.00483	0.00409	0.00418	0.00420	0.00552	0.00343	0.00313	0.00587	0.00926	0.01111	0.06578	0.07196	0.77221	0.01031	0.00481	0.00138	0.00206	0.00864	0.00379	0.00343
40	0.88607	0.00785	0.00596	0.00534	0.00785	0.00910	0.00439	0.01193	0.00690	0.01820	0.00565	0.00659	0.00439	0.00377	0.00251	0.00126	0.00314	0.00220	0.00251	0.00439
41	0.88607	0.00785	0.00596	0.00534	0.00785	0.00910	0.00439	0.01193	0.00690	0.01820	0.00565	0.00659	0.00439	0.00377	0.00251	0.00126	0.00314	0.00220	0.00251	0.00439
42	0.85419	0.00827	0.00617	0.00552	0.00802	0.03956	0.00452	0.01208	0.00707	0.01790	0.00567	0.00662	0.00442	0.00378	0.00255	0.00125	0.00329	0.00221	0.00250	0.00441
43	0.01794	0.00691	0.00948	0.02788	0.01079	0.00604	0.00609	0.01954	0.01153	0.81465	0.01579	0.01374	0.00993	0.00500	0.00408	0.00126	0.00350	0.00407	0.00494	0.00685
44	0.01002	0.00950	0.01514	0.09095	0.55156	0.02106	0.04770	0.04843	0.08935	0.01374	0.02006	0.01083	0.00732	0.00411	0.00449	0.00127	0.04227	0.00380	0.00232	0.00609
45	0.03572	0.11630	0.04377	0.00991	0.01234	0.66601	0.00789	0.02801	0.02528	0.01056	0.00645	0.00743	0.00535	0.00411	0.00353	0.00105	0.00670	0.00262	0.00211	0.00487
46	0.00595	0.02255	0.00687	0.00654	0.00730	0.00539	0.00511	0.00735	0.00654	0.00939	0.01072	0.01588	0.01007	0.04863	0.79237	0.00627	0.02294	0.00432	0.00216	0.00364
47	0.01191	0.01128	0.09588	0.06388	0.20763	0.01089	0.05177	0.34565	0.12719	0.01862	0.00971	0.01058	0.00725	0.00444	0.00408	0.00126	0.00471	0.00377	0.00311	0.00641
48	0.05291	0.13100	0.19397	0.01294	0.01704	0.03119	0.39718	0.03092	0.03556	0.02572	0.00802	0.01922	0.00620	0.00383	0.00422	0.00127	0.01726	0.00388	0.00213	0.00552
49	0.00590	0.00393	0.00442	0.00442	0.00442	0.00393	0.00246	0.00590	0.00590	0.00787	0.01278	0.02655	0.01475	0.85742	0.02065	0.00393	0.00393	0.00590	0.00246	0.00246
50	0.00504	0.00359	0.00478	0.00569	0.00595	0.00338	0.00385	0.00578	0.00778	0.01036	0.02201	0.79206	0.02629	0.03989	0.00570	0.00173	0.00247	0.04665	0.00372	0.00329
51	0.01013	0.00986	0.01654	0.02444	0.79752	0.02610	0.03060	0.01254	0.00929	0.01318	0.00762	0.01001	0.00640	0.00362	0.00403	0.00121	0.00492	0.00362	0.00201	0.00637
52	0.00590	0.00393	0.00442	0.00442	0.00442	0.00393	0.00246	0.00590	0.00590	0.00787	0.01278	0.02655	0.01475	0.85742	0.02065	0.00393	0.00393	0.00590	0.00246	0.00246
53	0.00497	0.00355	0.00474	0.00568	0.00593	0.00332	0.00382	0.00570	0.00780	0.01039	0.02235	0.84000	0.02677	0.01268	0.00519	0.00165	0.00238	0.02602	0.00377	0.00330
54	0.88607	0.00785	0.00596	0.00534	0.00785	0.00910	0.00439	0.01193	0.00690	0.01820	0.00565	0.00659	0.00439	0.00377	0.00251	0.00126	0.00314	0.00220	0.00251	0.00439
55	0.01085	0.85986	0.02126	0.00694	0.01041	0.01605	0.00694	0.01215	0.00824	0.00955	0.00564	0.00651	0.00521	0.00347	0.00260	0.00087	0.00434	0.00217	0.00174	0.00521
56	0.00894	0.01793	0.62271	0.01438	0.19899	0.00934	0.01409	0.01302	0.00883	0.04354	0.00768	0.00909	0.00561	0.00384	0.00390	0.00127	0.00564	0.00318	0.00190	0.00613
57	0.01000	0.00961	0.01631	0.02436	0.80066	0.00975	0.01231	0.01235	0.00912	0.01312	0.00754	0.01000	0.00638	0.00375	0.00437	0.00123	0.03718	0.00361	0.00200	0.00635
58	0.00863	0.00720	0.00844	0.00604	0.00963	0.00542	0.00483	0.01043	0.00849	0.03184	0.00741	0.00854	0.00610	0.00305	0.00303	0.00062	0.00301	0.00244	0.00246	0.86238
59	0.00671	0.00461	0.00672	0.00690	0.00778	0.00437	0.05308	0.02375	0.00870	0.07033	0.02063	0.55876	0.02328	0.01114	0.00514	0.00164	0.00303	0.17584	0.00375	0.00385
60	0.00493	0.00360	0.00464	0.00547	0.00584	0.00331	0.00369	0.00567	0.00794	0.01043	0.02456	0.75913	0.12106	0.01243	0.00513	0.00162	0.00232	0.01119	0.00377	0.00331
61	0.88607	0.00785	0.00596	0.00534	0.00785	0.00910	0.00439	0.01193	0.00690	0.01820	0.00565	0.00659	0.00439	0.00377	0.00251	0.00126	0.00314	0.00220	0.00251	0.00439
62	0.88607	0.00785	0.00596	0.00534	0.00785	0.00910	0.00439	0.01193	0.00690	0.01820	0.00565	0.00659	0.00439	0.00377	0.00251	0.00126	0.00314	0.00220	0.00251	0.00439
63	0.01524	0.01123	0.01204	0.00927	0.01246	0.01242	0.00764	0.80424	0.01888	0.02530	0.00996	0.02465	0.00725	0.00501	0.00408	0.00123	0.00443	0.00379	0.00405	0.00684
64	0.00841	0.00721	0.00841	0.00601	0.00961	0.00541	0.00481	0.01022	0.00841	0.01322	0.00721	0.00841	0.00601	0.00300	0.00300	0.00060	0.00300	0.00240	0.00240	0.88222
65	0.00589	0.00396	0.00457	0.00457	0.00461	0.00401	0.00263	0.00599	0.00594	0.00797	0.01265	0.02584	0.01444	0.80187	0.07578	0.00411	0.00440	0.00580	0.00244	0.00254
66	0.00958	0.01094	0.02394	0.01710	0.02120	0.01026	0.81737	0.01300	0.00958	0.01300	0.00821	0.01094	0.00616	0.00342	0.00479	0.00137	0.00684	0.00479	0.00205	0.00547
67	0.00493	0.00415	0.00429	0.00436	0.00570	0.00352	0.00334	0.00602	0.00925	0.01105	0.03963	0.03955	0.77017	0.01034	0.00486	0.00141	0.00218	0.06804	0.00377	0.00345
68	0.01500	0.04939	0.01185	0.01033	0.01247	0.81163	0.00781	0.01606	0.01138	0.00992	0.00625	0.00729	0.00523	0.00416	0.00362	0.00104	0.00721	0.00260	0.00208	0.00472
69	0.00585	0.00414	0.00547	0.00547	0.00583	0.00450	0.00376	0.00657	0.00621	0.00864	0.01183	0.02127	0.01246	0.44608	0.42885	0.00522	0.00738	0.00513	0.00232	0.00304
70	0.00925	0.00915	0.06512	0.06205	0.36760	0.02579	0.06964	0.03255	0.00953	0.04368	0.09149	0.08389	0.02014	0.00508	0.00437	0.00124	0.02254	0.00467	0.00259	0.06965
71	0.00603	0.00434	0.00640	0.00638	0.00704	0.00498	0.00488	0.00730	0.02393	0.00928	0.01058	0.01568	0.00991	0.04203	0.71378	0.10783	0.00973	0.00428	0.00217	0.00345
72	0.02398	0.20233	0.21342	0.00999	0.06052	0.12081	0.02648	0.12588	0.01050	0.04818	0.00750	0.00842	0.00581	0.00387	0.00349	0.00106	0.00501	0.00289	0.00236	0.11752
73	0.02701	0.05958	0.07024	0.00833	0.02027	0.11212	0.03352	0.13552	0.09815	0.06799	0.05192	0.22260	0.04371	0.00698	0.00445	0.00133	0.02199	0.00584	0.00334	0.00509
74	0.03682	0.18576	0.07419	0.00879	0.03791	0.08002	0.04566	0.14181	0.08316	0.02301	0.00986	0.02417	0.03865	0.03534	0.00448	0.01056	0.01935	0.00352	0.00267	0.13428

[dist]
# distance from previous block
# <min> <max>
8	16

[block]
# block no. 4 follows, 66 sequences, length 7
# corresponding to MSA columns:
# 309-315
name=unknown_E
#
# <colnr> <probs for GDERKNQSTAVLIFYWHMCP>
#	G	D	E	R	K	N	Q	S	T	A	V	L	I	F	Y	W	H	M	C	P
0	0.02748	0.09922	0.04786	0.06196	0.08231	0.04937	0.02059	0.08086	0.18672	0.05874	0.07800	0.02914	0.01095	0.00744	0.08715	0.00173	0.00473	0.00407	0.00304	0.05864
1	0.03008	0.00542	0.00728	0.00655	0.00813	0.00513	0.04067	0.02658	0.04486	0.17952	0.28017	0.11592	0.07760	0.04536	0.00539	0.00152	0.00295	0.10823	0.00410	0.00455
2	0.00716	0.00752	0.09172	0.17536	0.14030	0.00715	0.00833	0.00916	0.00745	0.01048	0.00969	0.05025	0.00901	0.08027	0.32749	0.00354	0.04428	0.00435	0.00210	0.00440
3	0.05832	0.11793	0.03656	0.02150	0.02944	0.04534	0.02357	0.17783	0.04561	0.20567	0.02555	0.03533	0.00851	0.00562	0.03631	0.00133	0.00430	0.00365	0.00335	0.11429
4	0.00756	0.00378	0.00378	0.00378	0.00473	0.00378	0.00284	0.00945	0.00851	0.01513	0.01324	0.01513	0.01040	0.00473	0.00284	0.00095	0.00189	0.00378	0.87994	0.00378
5	0.05178	0.26023	0.01355	0.00835	0.01101	0.26812	0.00697	0.15372	0.01118	0.08026	0.00792	0.00886	0.00636	0.00675	0.08671	0.00159	0.00580	0.00294	0.00260	0.00529
6	0.01075	0.68226	0.10109	0.00766	0.01124	0.05620	0.00776	0.01300	0.05855	0.01035	0.00650	0.00728	0.00564	0.00367	0.00287	0.00095	0.00458	0.00242	0.00190	0.00533

[dist]
# distance from previous block
# <min> <max>
0	2

[block]
# block no. 5 follows, 66 sequences, length 17
# corresponding to MSA columns:
# 318-334
name=unknown_F
#
# <colnr> <probs for GDERKNQSTAVLIFYWHMCP>
#	G	D	E	R	K	N	Q	S	T	A	V	L	I	F	Y	W	H	M	C	P
0	0.06673	0.02798	0.24314	0.01015	0.10432	0.02529	0.00893	0.06497	0.07570	0.04773	0.00943	0.01024	0.03126	0.00402	0.00359	0.00107	0.00427	0.00321	0.00255	0.25542
1	0.00945	0.14573	0.10408	0.07289	0.14490	0.03525	0.13228	0.01291	0.10105	0.03942	0.08277	0.02679	0.03554	0.00474	0.00412	0.00123	0.01678	0.00421	0.02045	0.00540
2	0.00582	0.00426	0.00609	0.00609	0.00667	0.00484	0.00454	0.00697	0.00639	0.00910	0.01126	0.01810	0.01108	0.19854	0.67450	0.00599	0.00946	0.00466	0.00223	0.00339
3	0.00997	0.00895	0.01512	0.20633	0.60748	0.00929	0.01182	0.01240	0.00912	0.05894	0.00801	0.01043	0.00640	0.00379	0.00403	0.00124	0.00487	0.00364	0.00213	0.00603
4	0.00756	0.00378	0.00378	0.00378	0.00473	0.00378	0.00284	0.00945	0.00851	0.01513	0.01324	0.01513	0.01040	0.00473	0.00284	0.00095	0.00189	0.00378	0.87994	0.00378
5	0.01737	0.06153	0.01053	0.00748	0.01065	0.00747	0.00625	0.12433	0.01238	0.67620	0.01453	0.01281	0.00932	0.00490	0.00398	0.00123	0.00364	0.00390	0.00469	0.00680
6	0.00756	0.00378	0.00378	0.00378	0.00473	0.00378	0.00284	0.00945	0.00851	0.01513	0.01324	0.01513	0.01040	0.00473	0.00284	0.00095	0.00189	0.00378	0.87994	0.00378
7	0.01418	0.01041	0.01066	0.00856	0.01144	0.08948	0.00690	0.39141	0.16264	0.15798	0.04282	0.01189	0.00942	0.00498	0.00401	0.00121	0.00417	0.00387	0.00398	0.04998
8	0.01085	0.85986	0.02126	0.00694	0.01041	0.01605	0.00694	0.01215	0.00824	0.00955	0.00564	0.00651	0.00521	0.00347	0.00260	0.00087	0.00434	0.00217	0.00174	0.00521
9	0.00756	0.00378	0.00378	0.00378	0.00473	0.00378	0.00284	0.00945	0.00851	0.01513	0.01324	0.01513	0.01040	0.00473	0.00284	0.00095	0.00189	0.00378	0.87994	0.00378
10	0.07381	0.06956	0.16655	0.00903	0.01287	0.00865	0.12542	0.09022	0.03107	0.02946	0.00798	0.00955	0.00631	0.03196	0.00410	0.00111	0.00441	0.00316	0.00244	0.31232
11	0.11509	0.12460	0.20039	0.00943	0.03590	0.04632	0.07697	0.09624	0.01018	0.13650	0.04301	0.05833	0.02030	0.00481	0.00378	0.00123	0.00457	0.00391	0.00285	0.00556
12	0.01450	0.01041	0.01114	0.00872	0.01169	0.03094	0.00713	0.62634	0.05043	0.09043	0.05782	0.01244	0.03847	0.00528	0.00412	0.00123	0.00417	0.00408	0.00411	0.00653
13	0.00756	0.00378	0.00378	0.00378	0.00473	0.00378	0.00284	0.00945	0.00851	0.01513	0.01324	0.01513	0.01040	0.00473	0.00284	0.00095	0.00189	0.00378	0.87994	0.00378
14	0.00886	0.00747	0.00865	0.00622	0.00980	0.00586	0.00499	0.06143	0.00909	0.01400	0.00737	0.00850	0.00607	0.00312	0.00307	0.00064	0.00310	0.00248	0.00251	0.82677
15	0.01041	0.05042	0.13065	0.03258	0.13704	0.09066	0.04469	0.05292	0.18828	0.07175	0.08252	0.03863	0.02839	0.00515	0.00422	0.00127	0.01739	0.00433	0.00303	0.00569
16	0.00493	0.00357	0.00467	0.00555	0.00586	0.00330	0.00372	0.00566	0.00786	0.01040	0.02359	0.80143	0.07938	0.01255	0.00515	0.00163	0.00233	0.01134	0.00377	0.00330

[dist]
# distance from previous block
# <min> <max>
4	6

[block]
# block no. 6 follows, 66 sequences, length 7
# corresponding to MSA columns:
# 342-348
name=unknown_G
#
# <colnr> <probs for GDERKNQSTAVLIFYWHMCP>
#	G	D	E	R	K	N	Q	S	T	A	V	L	I	F	Y	W	H	M	C	P
0	0.04389	0.13773	0.07512	0.07394	0.08140	0.06916	0.10346	0.13006	0.04947	0.04822	0.02043	0.00985	0.00683	0.00477	0.02018	0.00130	0.06180	0.00343	0.00253	0.05641
1	0.23396	0.04782	0.14770	0.08336	0.12087	0.08519	0.03086	0.07993	0.00924	0.01443	0.00838	0.08935	0.00741	0.00481	0.00382	0.00127	0.02026	0.00379	0.00240	0.00514
2	0.01023	0.04338	0.05138	0.06701	0.09607	0.03570	0.06218	0.14465	0.11728	0.03143	0.03207	0.01288	0.05354	0.02876	0.00661	0.00145	0.19304	0.00414	0.00277	0.00541
3	0.04920	0.00485	0.02794	0.05591	0.00691	0.00480	0.00402	0.00943	0.00824	0.01426	0.01293	0.01489	0.04182	0.00527	0.00387	0.03417	0.03287	0.00384	0.66094	0.00385
4	0.00925	0.00852	0.01329	0.14525	0.29890	0.00925	0.08221	0.04487	0.15541	0.01320	0.01005	0.01354	0.00850	0.06963	0.02927	0.00168	0.05153	0.02763	0.00252	0.00549
5	0.00580	0.00467	0.00609	0.06942	0.05322	0.00440	0.00461	0.00749	0.01033	0.01382	0.45001	0.03073	0.30757	0.00840	0.00469	0.00131	0.00239	0.00727	0.00389	0.00388
6	0.47344	0.00794	0.00715	0.00624	0.00853	0.07043	0.00498	0.03273	0.00869	0.18455	0.04800	0.04630	0.00855	0.00597	0.02942	0.04203	0.00371	0.00342	0.00314	0.00478

[dist]
# distance from previous block
# <min> <max>
0	1

[block]
# block no. 7 follows, 66 sequences, length 30
# corresponding to MSA columns:
# 350-379
name=unknown_H
#
# <colnr> <probs for GDERKNQSTAVLIFYWHMCP>
#	G	D	E	R	K	N	Q	S	T	A	V	L	I	F	Y	W	H	M	C	P
0	0.29363	0.00802	0.00791	0.05554	0.07775	0.09401	0.00580	0.02752	0.00903	0.02944	0.13390	0.04438	0.08908	0.01978	0.00414	0.00129	0.01946	0.01913	0.00292	0.05727
1	0.00529	0.00397	0.00516	0.00554	0.00623	0.00364	0.01942	0.00624	0.00854	0.01116	0.11464	0.45304	0.21316	0.03014	0.00577	0.03141	0.00250	0.06704	0.00371	0.00339
2	0.00956	0.00823	0.00906	0.00671	0.01008	0.04674	0.00538	0.08572	0.00953	0.02719	0.00748	0.00858	0.00610	0.00341	0.00350	0.00073	0.03203	0.00260	0.00256	0.71481
3	0.00719	0.00381	0.00408	0.00414	0.00502	0.00383	0.00308	0.00896	0.00841	0.01441	0.03703	0.08151	0.01247	0.00713	0.05771	0.00137	0.00251	0.00453	0.72908	0.00373
4	0.00643	0.00439	0.00510	0.00508	0.00542	0.00449	0.00318	0.00762	0.07693	0.02900	0.01430	0.12986	0.01574	0.61470	0.05800	0.00349	0.00401	0.00638	0.00282	0.00307
5	0.01502	0.01157	0.01192	0.00931	0.01243	0.05393	0.00762	0.71999	0.07770	0.02416	0.01006	0.01001	0.00722	0.00488	0.00404	0.00122	0.00452	0.00367	0.00397	0.00675
6	0.00601	0.00400	0.00457	0.00455	0.00478	0.00390	0.00271	0.00626	0.00667	0.02497	0.06522	0.06132	0.07556	0.69296	0.01758	0.00344	0.00360	0.00638	0.00278	0.00273
7	0.15200	0.03489	0.00904	0.00701	0.00963	0.00831	0.00572	0.22780	0.05559	0.26013	0.08300	0.01532	0.08234	0.02605	0.00430	0.00132	0.00345	0.00434	0.00400	0.00576
8	0.00625	0.00454	0.00547	0.00524	0.00638	0.00424	0.00392	0.03115	0.03993	0.03843	0.44794	0.11018	0.22806	0.02944	0.00516	0.00141	0.00224	0.02196	0.00416	0.00392
9	0.06623	0.00414	0.00477	0.00512	0.00600	0.00387	0.00370	0.00645	0.00856	0.01165	0.10583	0.37192	0.29895	0.01081	0.00521	0.03155	0.00237	0.04576	0.00368	0.00344
10	0.00671	0.00493	0.00576	0.00560	0.00696	0.00467	0.00439	0.04687	0.06177	0.04899	0.21488	0.08058	0.34918	0.00932	0.00483	0.00143	0.00255	0.13249	0.00401	0.00406
11	0.05722	0.00525	0.00588	0.00553	0.00685	0.00518	0.00409	0.05317	0.08781	0.06861	0.18541	0.14237	0.22630	0.12028	0.00665	0.00171	0.00271	0.00707	0.00380	0.00413
12	0.00593	0.00416	0.00615	0.00625	0.00682	0.00466	0.00473	0.00683	0.00651	0.00919	0.01161	0.08714	0.01155	0.04093	0.60917	0.13618	0.00873	0.02787	0.00230	0.00330
13	0.06938	0.00662	0.00760	0.00648	0.00847	0.00667	0.00506	0.16073	0.07379	0.19740	0.17725	0.07648	0.10722	0.07179	0.00553	0.00151	0.00310	0.00569	0.00408	0.00512
14	0.05064	0.00532	0.00625	0.00561	0.00720	0.00510	0.00430	0.05532	0.03800	0.17795	0.20595	0.09857	0.15987	0.05966	0.00530	0.00146	0.00267	0.01611	0.09018	0.00452
15	0.03233	0.00419	0.00517	0.00536	0.00617	0.00396	0.00381	0.00763	0.02355	0.05914	0.21532	0.39765	0.09941	0.06519	0.00580	0.00162	0.00242	0.01645	0.04114	0.00370
16	0.03221	0.00464	0.00542	0.00529	0.00624	0.00446	0.00367	0.00871	0.05979	0.10818	0.05856	0.22699	0.16801	0.27821	0.00972	0.00223	0.00299	0.00742	0.00352	0.00373
17	0.01838	0.00480	0.00566	0.00557	0.00665	0.00462	0.00406	0.06921	0.04027	0.04741	0.19437	0.31659	0.19864	0.05773	0.00568	0.00157	0.00253	0.00840	0.00391	0.00394
18	0.12265	0.00561	0.00635	0.00589	0.00738	0.00562	0.00441	0.05050	0.06803	0.15355	0.10234	0.21684	0.08922	0.11322	0.00632	0.00170	0.00294	0.01503	0.01798	0.00443
19	0.03699	0.00483	0.00589	0.00578	0.00694	0.00473	0.00437	0.04871	0.01873	0.08332	0.10890	0.21468	0.19253	0.06790	0.11098	0.00226	0.00377	0.07110	0.00364	0.00397
20	0.26123	0.00527	0.00536	0.00520	0.00659	0.00539	0.00388	0.00880	0.02363	0.04888	0.17402	0.19182	0.16796	0.06847	0.00529	0.00155	0.00262	0.00664	0.00350	0.00389
21	0.23004	0.00582	0.00628	0.00578	0.00750	0.00586	0.00446	0.04089	0.02599	0.14025	0.07849	0.18747	0.12090	0.03879	0.00501	0.02619	0.00290	0.03448	0.00357	0.02933
22	0.05415	0.00470	0.00592	0.00568	0.00647	0.00486	0.00410	0.05832	0.00779	0.04100	0.08121	0.08317	0.06706	0.14037	0.18229	0.23674	0.00481	0.00527	0.00277	0.00330
23	0.00858	0.00746	0.00991	0.00896	0.02828	0.02270	0.00706	0.06516	0.02565	0.03447	0.05402	0.01372	0.02864	0.05696	0.21073	0.00291	0.40375	0.00422	0.00241	0.00441
24	0.07002	0.00521	0.00603	0.00595	0.02212	0.00518	0.00438	0.05090	0.05702	0.05346	0.18648	0.12268	0.18471	0.07743	0.02416	0.01820	0.00293	0.06146	0.03760	0.00407
25	0.03810	0.02248	0.00809	0.07507	0.02221	0.00660	0.01496	0.05439	0.00820	0.05271	0.07786	0.06175	0.03954	0.09258	0.32136	0.01439	0.07799	0.00494	0.00270	0.00410
26	0.00654	0.00502	0.00675	0.04783	0.06189	0.00514	0.00522	0.03528	0.03202	0.02561	0.10222	0.28724	0.14008	0.02976	0.11200	0.00216	0.02383	0.04502	0.02240	0.00399
27	0.00974	0.00670	0.00906	0.05024	0.12477	0.01962	0.02118	0.06480	0.05023	0.15376	0.07314	0.06930	0.04427	0.18681	0.05590	0.01373	0.03357	0.00522	0.00321	0.00478
28	0.02325	0.00828	0.02386	0.27204	0.18546	0.06312	0.02375	0.05739	0.02815	0.04073	0.02521	0.03818	0.08444	0.02559	0.06241	0.02122	0.00508	0.00442	0.00250	0.00491
29	0.07925	0.00906	0.05502	0.09631	0.20989	0.03578	0.05688	0.05345	0.10664	0.09084	0.03089	0.04309	0.00906	0.03856	0.01938	0.03316	0.02037	0.00415	0.00279	0.00542

[dist]
# distance from previous block
# <min> <max>
23	71

[block]
# block no. 8 follows, 66 sequences, length 48
# corresponding to MSA columns:
# 461-508
name=unknown_I
#
# <colnr> <probs for GDERKNQSTAVLIFYWHMCP>
#	G	D	E	R	K	N	Q	S	T	A	V	L	I	F	Y	W	H	M	C	P
0	0.00817	0.00674	0.02029	0.03884	0.03425	0.03447	0.02537	0.03298	0.06390	0.05651	0.06919	0.06645	0.04730	0.06121	0.21766	0.04898	0.12577	0.00490	0.00276	0.03426
1	0.01120	0.11727	0.05859	0.05249	0.11493	0.04989	0.00780	0.12288	0.11508	0.10760	0.03200	0.05416	0.00928	0.01913	0.00432	0.00122	0.02449	0.00395	0.00304	0.09069
