[name]
unknown

[dist]
# distance from previous block
# <min> <max>
0	467

[block]
# block no. 0 follows, 66 sequences, length 13
# corresponding to MSA columns:
# 470-482
name=unknown_A
#
# <colnr> <probs for GDERKNQSTAVLIFYWHMCP>
#	G	D	E	R	K	N	Q	S	T	A	V	L	I	F	Y	W	H	M	C	P
0	0.00628	0.00449	0.00624	0.00718	0.00800	0.00445	0.00609	0.00796	0.00909	0.01185	0.02162	0.17658	0.02391	0.01145	0.00554	0.00183	0.00351	0.67653	0.00374	0.00366
1	0.00939	0.14645	0.01603	0.11563	0.37238	0.01070	0.07066	0.01146	0.00836	0.01154	0.00722	0.00989	0.00620	0.00602	0.06507	0.00164	0.12046	0.00351	0.00192	0.00546
2	0.00572	0.00513	0.00763	0.00665	0.00821	0.00460	0.13501	0.00719	0.00920	0.01170	0.11425	0.17325	0.45134	0.00998	0.02996	0.00156	0.00313	0.00821	0.00352	0.00378
3	0.00507	0.00371	0.00472	0.00533	0.00580	0.00341	0.00364	0.00596	0.00840	0.01117	0.13763	0.60540	0.12899	0.04361	0.00566	0.00165	0.00231	0.01036	0.00382	0.00335
4	0.01047	0.01193	0.14788	0.03565	0.51534	0.04127	0.01179	0.10153	0.05847	0.01458	0.00827	0.00998	0.00656	0.00393	0.00399	0.00123	0.00498	0.00354	0.00231	0.00631
5	0.00576	0.00444	0.00520	0.00527	0.00623	0.00403	0.00365	0.00707	0.04784	0.01074	0.02265	0.38593	0.19789	0.15734	0.00746	0.00184	0.00269	0.00843	0.00339	0.11215
6	0.15208	0.05065	0.01063	0.00761	0.01091	0.07334	0.07851	0.07526	0.00949	0.05171	0.00749	0.00852	0.00591	0.00352	0.00325	0.00090	0.00391	0.00276	0.00258	0.44097
7	0.00770	0.00464	0.00612	0.00594	0.00645	0.00482	0.00417	0.07984	0.07143	0.01003	0.01051	0.14854	0.01065	0.01236	0.01214	0.59101	0.00339	0.00491	0.00248	0.00284
8	0.00569	0.00648	0.13917	0.00630	0.00752	0.00443	0.00534	0.00696	0.00782	0.01064	0.06147	0.48682	0.06095	0.14429	0.00758	0.01980	0.00318	0.00874	0.00322	0.00360
9	0.14375	0.00824	0.02895	0.01085	0.18577	0.02808	0.02473	0.07597	0.13985	0.08236	0.03217	0.09523	0.08432	0.00579	0.00397	0.00130	0.00364	0.00488	0.03475	0.00540
10	0.00889	0.00817	0.01109	0.07541	0.01118	0.01080	0.00792	0.08200	0.00747	0.01093	0.00708	0.01196	0.00700	0.14416	0.01294	0.00204	0.57059	0.00394	0.00209	0.00434
11	0.15134	0.00926	0.07633	0.14199	0.13876	0.00907	0.07271	0.06739	0.13299	0.04400	0.04359	0.01242	0.01838	0.04625	0.00485	0.00143	0.01719	0.00392	0.00275	0.00537
12	0.02249	0.09531	0.43999	0.00949	0.01403	0.07458	0.01066	0.01332	0.05331	0.05643	0.02779	0.00938	0.00673	0.00396	0.00361	0.00112	0.00503	0.00303	0.00224	0.14750

[dist]
# distance from previous block
# <min> <max>
0	11

[block]
# block no. 1 follows, 66 sequences, length 34
# corresponding to MSA columns:
# 494-527
name=unknown_B
#
# <colnr> <probs for GDERKNQSTAVLIFYWHMCP>
#	G	D	E	R	K	N	Q	S	T	A	V	L	I	F	Y	W	H	M	C	P
0	0.01206	0.05158	0.01337	0.02595	0.02723	0.26649	0.08910	0.13673	0.03409	0.02459	0.00749	0.02403	0.00630	0.00514	0.00648	0.00132	0.23771	0.00350	0.00242	0.02441
1	0.00995	0.00987	0.01343	0.37723	0.30111	0.11553	0.01084	0.05417	0.04572	0.01238	0.00778	0.01024	0.00612	0.00403	0.00400	0.00126	0.00530	0.00353	0.00213	0.00540
2	0.01063	0.14835	0.01484	0.06098	0.32091	0.09467	0.03316	0.07880	0.06734	0.01292	0.00838	0.02800	0.00725	0.04350	0.00510	0.00133	0.05227	0.00365	0.00232	0.00560
3	0.00573	0.00427	0.00571	0.00625	0.04255	0.00434	0.00415	0.00671	0.00752	0.01025	0.10088	0.19251	0.09900	0.22951	0.25847	0.00359	0.00533	0.00689	0.00296	0.00339
4	0.01047	0.04346	0.62659	0.01045	0.01573	0.00885	0.01273	0.01438	0.00924	0.19655	0.00918	0.00968	0.00624	0.00410	0.00387	0.00127	0.00538	0.00321	0.00245	0.00618
5	0.00575	0.00405	0.00449	0.00438	0.00551	0.00364	0.00328	0.00727	0.00985	0.01372	0.30508	0.03064	0.37347	0.00834	0.00435	0.00124	0.00197	0.00706	0.20227	0.00364
6	0.00580	0.00433	0.00644	0.00644	0.00714	0.00503	0.00497	0.00719	0.00650	0.00936	0.01094	0.01635	0.01032	0.06232	0.80969	0.00642	0.01060	0.00441	0.00218	0.00358
7	0.01258	0.00843	0.00923	0.00766	0.01014	0.00917	0.00614	0.28075	0.29481	0.13936	0.01363	0.01317	0.00989	0.00509	0.00387	0.00123	0.00342	0.00406	0.16122	0.00618
8	0.00683	0.00453	0.00571	0.00557	0.00676	0.00420	0.00437	0.02410	0.01054	0.07449	0.39134	0.07752	0.17908	0.00900	0.00483	0.00141	0.00245	0.15030	0.03297	0.00399
9	0.01200	0.48743	0.01683	0.00789	0.01100	0.03799	0.00713	0.19952	0.11535	0.02892	0.00817	0.00859	0.00661	0.00422	0.00355	0.00106	0.03245	0.00291	0.00265	0.00574
10	0.00582	0.00437	0.00529	0.00513	0.00618	0.00404	0.00380	0.04330	0.01070	0.01446	0.47259	0.15561	0.23506	0.00930	0.00481	0.00135	0.00213	0.00811	0.00417	0.00378
11	0.01504	0.01420	0.01144	0.00949	0.01215	0.35472	0.00750	0.42776	0.01526	0.04198	0.00864	0.00909	0.00645	0.00458	0.00384	0.00114	0.00550	0.00324	0.04212	0.00585
12	0.01112	0.00837	0.01010	0.00873	0.07287	0.03546	0.02086	0.12722	0.04802	0.13104	0.02054	0.01175	0.00817	0.01694	0.00424	0.00104	0.03453	0.03262	0.00310	0.39330
13	0.01347	0.63969	0.03365	0.00920	0.01258	0.10846	0.03004	0.01419	0.01033	0.03188	0.01015	0.01181	0.04555	0.00551	0.00402	0.00139	0.00544	0.00348	0.00279	0.00636
14	0.62341	0.00994	0.05013	0.00684	0.02515	0.10483	0.00566	0.06843	0.00848	0.01725	0.00647	0.00745	0.00501	0.00394	0.00286	0.00122	0.00384	0.00249	0.04191	0.00470
15	0.01145	0.01238	0.09141	0.01342	0.16374	0.15887	0.13573	0.10651	0.18014	0.04203	0.01028	0.02764	0.00808	0.00457	0.00413	0.00127	0.00521	0.01440	0.00283	0.00590
16	0.00759	0.00691	0.01118	0.57556	0.08634	0.00827	0.00983	0.02810	0.00831	0.01091	0.00993	0.16191	0.00936	0.00573	0.00466	0.00141	0.04225	0.00503	0.00222	0.00449
17	0.00530	0.00373	0.00486	0.00548	0.00593	0.00345	0.00375	0.00622	0.00848	0.02457	0.15602	0.64445	0.07151	0.02917	0.00539	0.00161	0.00232	0.01045	0.00387	0.00343
18	0.01820	0.00690	0.00942	0.00722	0.01036	0.00596	0.00596	0.01977	0.01161	0.83492	0.01601	0.01381	0.01004	0.00502	0.00408	0.00126	0.00345	0.00408	0.00502	0.00690
19	0.01147	0.00897	0.00972	0.00813	0.01057	0.00998	0.00648	0.34213	0.35242	0.02033	0.15957	0.01567	0.01480	0.00575	0.00422	0.00129	0.00349	0.00470	0.00416	0.00615
20	0.88607	0.00785	0.00596	0.00534	0.00785	0.00910	0.00439	0.01193	0.00690	0.01820	0.00565	0.00659	0.00439	0.00377	0.00251	0.00126	0.00314	0.00220	0.00251	0.00439
21	0.72852	0.00745	0.00620	0.00564	0.00791	0.00864	0.00459	0.01183	0.04920	0.01702	0.00688	0.00822	0.00554	0.00725	0.10952	0.00193	0.00413	0.00259	0.00255	0.00440
22	0.00502	0.00384	0.00505	0.00559	0.00617	0.00350	0.02374	0.00587	0.00814	0.01056	0.02620	0.65150	0.20601	0.01194	0.00508	0.00158	0.00240	0.01070	0.00372	0.00338
23	0.01085	0.85986	0.02126	0.00694	0.01041	0.01605	0.00694	0.01215	0.00824	0.00955	0.00564	0.00651	0.00521	0.00347	0.00260	0.00087	0.00434	0.00217	0.00174	0.00521
24	0.85709	0.00796	0.00617	0.00547	0.00800	0.00922	0.00450	0.03878	0.00731	0.01845	0.00579	0.00670	0.00448	0.00380	0.00256	0.00125	0.00318	0.00225	0.00256	0.00448
25	0.01000	0.00941	0.01259	0.01751	0.50480	0.11483	0.00938	0.01226	0.02408	0.01341	0.04524	0.01173	0.00861	0.00416	0.00376	0.00114	0.00438	0.00370	0.18344	0.00554
26	0.00521	0.00413	0.00469	0.00455	0.00574	0.00360	0.00341	0.00663	0.01023	0.01329	0.38802	0.03520	0.48209	0.00940	0.00479	0.00133	0.00199	0.00802	0.00407	0.00360
27	0.00887	0.00834	0.01403	0.36191	0.45749	0.00906	0.01146	0.01135	0.00875	0.01207	0.00839	0.01118	0.02493	0.00398	0.00401	0.00126	0.00491	0.00373	0.02878	0.00549
28	0.00485	0.00408	0.00422	0.00426	0.00554	0.00344	0.00316	0.00591	0.00928	0.01120	0.08155	0.08819	0.73982	0.01032	0.00482	0.00138	0.00207	0.00868	0.00380	0.00344
29	0.00683	0.00364	0.00534	0.00534	0.00541	0.00371	0.00359	0.00553	0.00546	0.00735	0.00789	0.01384	0.00798	0.08446	0.09690	0.72484	0.00427	0.00380	0.00186	0.00200
30	0.01314	0.35512	0.01553	0.00818	0.01139	0.01361	0.00720	0.45677	0.01416	0.01837	0.00842	0.02748	0.00682	0.02208	0.00384	0.00114	0.00436	0.00327	0.00308	0.00604
31	0.00670	0.00507	0.00604	0.00600	0.00717	0.00509	0.00451	0.01022	0.18441	0.03414	0.26306	0.24114	0.13642	0.00923	0.00479	0.00145	0.00249	0.06374	0.00408	0.00426
32	0.01212	0.19969	0.06675	0.01819	0.05681	0.19676	0.06754	0.09521	0.04790	0.07772	0.00830	0.01998	0.00659	0.00415	0.00373	0.00108	0.01702	0.00318	0.00255	0.09473
33	0.01205	0.11857	0.01322	0.07827	0.05084	0.06061	0.05048	0.20853	0.20346	0.07739	0.01033	0.01085	0.00780	0.00479	0.00467	0.00127	0.07407	0.00370	0.00316	0.00595

[dist]
# distance from previous block
# <min> <max>
0	82

[block]
# block no. 2 follows, 66 sequences, length 42
# corresponding to MSA columns:
# 615-642,644-657
name=unknown_C
#
# <colnr> <probs for GDERKNQSTAVLIFYWHMCP>
#	G	D	E	R	K	N	Q	S	T	A	V	L	I	F	Y	W	H	M	C	P
0	0.02920	0.00881	0.04049	0.20709	0.12912	0.06494	0.03448	0.02803	0.04195	0.03217	0.00902	0.02331	0.00761	0.02173	0.00558	0.00135	0.12962	0.03216	0.09472	0.05861
1	0.02843	0.00743	0.01198	0.37167	0.27828	0.00817	0.00993	0.01089	0.01914	0.04237	0.04898	0.05932	0.04021	0.00556	0.02069	0.00143	0.00468	0.02342	0.00239	0.00505
2	0.00811	0.00681	0.00932	0.00717	0.01008	0.00549	0.09247	0.00984	0.00850	0.03986	0.01090	0.19261	0.01068	0.00522	0.00371	0.00093	0.00329	0.00470	0.00275	0.56755
3	0.00500	0.00366	0.00471	0.00544	0.00588	0.00337	0.00372	0.00585	0.00823	0.01086	0.07943	0.68205	0.13092	0.01208	0.00511	0.00159	0.00231	0.02262	0.00381	0.00335
4	0.01320	0.00677	0.00786	0.00639	0.00867	0.00674	0.00516	0.21565	0.01228	0.30252	0.02519	0.01354	0.00980	0.00492	0.00360	0.00113	0.00308	0.00390	0.34395	0.00565
5	0.01465	0.01212	0.01156	0.00930	0.01222	0.14232	0.00750	0.55594	0.13732	0.04026	0.01034	0.01025	0.00752	0.00486	0.00401	0.00121	0.00470	0.00364	0.00378	0.00648
6	0.00624	0.00446	0.00620	0.00713	0.00793	0.00441	0.00602	0.00789	0.00905	0.01181	0.02165	0.19683	0.02400	0.01149	0.00552	0.00183	0.00348	0.65667	0.00374	0.00365
7	0.06181	0.16971	0.01312	0.00853	0.01164	0.07331	0.00719	0.46217	0.05134	0.08880	0.00933	0.00937	0.00684	0.00454	0.00368	0.00115	0.00444	0.00330	0.00348	0.00626
8	0.00945	0.00819	0.01176	0.57488	0.02267	0.00983	0.00993	0.16284	0.12325	0.01412	0.00897	0.01121	0.00665	0.00441	0.00407	0.00133	0.00493	0.00375	0.00255	0.00522
9	0.00888	0.00888	0.01243	0.01065	0.01065	0.01243	0.00888	0.00976	0.00621	0.00976	0.00533	0.00888	0.00533	0.00710	0.01331	0.00178	0.84999	0.00355	0.00178	0.00444
10	0.01301	0.01221	0.01067	0.00919	0.01167	0.25846	0.02472	0.14107	0.38041	0.07727	0.01220	0.01179	0.00910	0.00493	0.00399	0.00124	0.00473	0.00382	0.00353	0.00600
11	0.88607	0.00785	0.00596	0.00534	0.00785	0.00910	0.00439	0.01193	0.00690	0.01820	0.00565	0.00659	0.00439	0.00377	0.00251	0.00126	0.00314	0.00220	0.00251	0.00439
12	0.01390	0.00820	0.00961	0.00774	0.01042	0.00845	0.00626	0.26530	0.16575	0.30539	0.13990	0.01535	0.01387	0.00557	0.00419	0.00127	0.00348	0.00455	0.00447	0.00634
13	0.00569	0.00414	0.00534	0.00504	0.00603	0.00380	0.00378	0.00755	0.01135	0.01595	0.78267	0.03083	0.08578	0.00841	0.00479	0.00128	0.00192	0.00741	0.00442	0.00380
14	0.01009	0.00872	0.00917	0.00826	0.01055	0.01009	0.00642	0.02156	0.82478	0.01697	0.01651	0.01514	0.01238	0.00550	0.00413	0.00138	0.00321	0.00459	0.00413	0.00642
15	0.00905	0.00577	0.00609	0.00545	0.00691	0.03085	0.00422	0.11694	0.05838	0.05510	0.20509	0.01769	0.01644	0.00563	0.00361	0.00110	0.00255	0.00463	0.43997	0.00453
16	0.00539	0.00394	0.00506	0.00519	0.00595	0.00361	0.00374	0.00682	0.01004	0.01381	0.48780	0.30645	0.10722	0.00995	0.00492	0.00141	0.00207	0.00885	0.00417	0.00361
17	0.00919	0.00877	0.01494	0.31805	0.54559	0.00942	0.01203	0.01171	0.00884	0.01223	0.00748	0.01032	0.00606	0.00377	0.00403	0.00126	0.00503	0.00361	0.00194	0.00574
18	0.00611	0.00386	0.00459	0.00459	0.00459	0.00386	0.00266	0.00579	0.00579	0.00771	0.01171	0.02390	0.01331	0.69994	0.01975	0.16789	0.00386	0.00546	0.00233	0.00233
19	0.01500	0.02586	0.01192	0.00905	0.01220	0.01212	0.00747	0.72531	0.05407	0.04923	0.01024	0.01018	0.00729	0.00487	0.00401	0.00121	0.00431	0.00368	0.02520	0.00677
20	0.00969	0.00894	0.00903	0.00676	0.01016	0.10537	0.00536	0.06565	0.00950	0.01366	0.00727	0.00837	0.00598	0.00327	0.00315	0.00070	0.00362	0.00251	0.00248	0.71851
21	0.01077	0.46829	0.01505	0.00697	0.00954	0.11246	0.00623	0.06037	0.02750	0.01191	0.00808	0.02379	0.00694	0.00422	0.00327	0.00098	0.02981	0.00291	0.18599	0.00492
22	0.83997	0.00845	0.00626	0.00561	0.00809	0.05315	0.00458	0.01215	0.00715	0.01776	0.00568	0.00663	0.00444	0.00379	0.00257	0.00124	0.00336	0.00222	0.00249	0.00441
23	0.00971	0.00998	0.01406	0.37327	0.34493	0.12553	0.02975	0.01206	0.00904	0.01150	0.00724	0.01000	0.00580	0.00393	0.00413	0.00126	0.01706	0.00350	0.00193	0.00532
24	0.00592	0.00407	0.00533	0.00534	0.00564	0.00436	0.00360	0.00640	0.00614	0.00847	0.01177	0.03334	0.01256	0.45686	0.35047	0.06266	0.00667	0.00520	0.00232	0.00289
25	0.00494	0.00353	0.00471	0.00565	0.00588	0.00330	0.00377	0.00565	0.00777	0.01036	0.02236	0.85477	0.02683	0.01271	0.00518	0.00165	0.00235	0.01153	0.00377	0.00330
26	0.01568	0.00636	0.00854	0.00673	0.00947	0.00551	0.00549	0.01725	0.01144	0.67285	0.12338	0.01766	0.06925	0.00580	0.00422	0.00127	0.00316	0.00481	0.00486	0.00627
27	0.01506	0.01118	0.01197	0.00926	0.01244	0.01241	0.00762	0.76379	0.07447	0.02498	0.01021	0.01011	0.00728	0.00491	0.00406	0.00123	0.00438	0.00372	0.00406	0.00687
28	0.86610	0.00782	0.00604	0.00538	0.00790	0.00903	0.00443	0.01211	0.00701	0.03700	0.00589	0.00676	0.00452	0.00380	0.00255	0.00126	0.00315	0.00224	0.00257	0.00445
29	0.01542	0.01136	0.01218	0.00933	0.01258	0.01258	0.00771	0.81858	0.01908	0.02557	0.00974	0.00974	0.00690	0.00487	0.00406	0.00122	0.00446	0.00365	0.00406	0.00690
30	0.01085	0.85986	0.02126	0.00694	0.01041	0.01605	0.00694	0.01215	0.00824	0.00955	0.00564	0.00651	0.00521	0.00347	0.00260	0.00087	0.00434	0.00217	0.00174	0.00521
31	0.01085	0.85986	0.02126	0.00694	0.01041	0.01605	0.00694	0.01215	0.00824	0.00955	0.00564	0.00651	0.00521	0.00347	0.00260	0.00087	0.00434	0.00217	0.00174	0.00521
32	0.00906	0.00868	0.01490	0.35947	0.48529	0.00940	0.03145	0.01162	0.00879	0.01207	0.00747	0.01038	0.00601	0.00379	0.00405	0.00127	0.00511	0.00364	0.00193	0.00562
33	0.00576	0.00461	0.00492	0.00480	0.00614	0.00430	0.00361	0.00821	0.10655	0.01274	0.15599	0.07076	0.51954	0.00914	0.00460	0.00134	0.00217	0.00772	0.06323	0.00386
34	0.00558	0.00395	0.00477	0.00495	0.00581	0.00357	0.00356	0.00684	0.00939	0.02670	0.26656	0.30855	0.24422	0.00997	0.00475	0.00140	0.00212	0.00873	0.07498	0.00359
35	0.00492	0.00364	0.00460	0.00536	0.00581	0.00332	0.00364	0.00568	0.00804	0.01047	0.02586	0.70245	0.17690	0.01226	0.00511	0.00160	0.00230	0.01098	0.00377	0.00332
36	0.00484	0.00411	0.00417	0.00415	0.00551	0.00344	0.00312	0.00590	0.00935	0.01119	0.07590	0.03866	0.79552	0.01019	0.00479	0.00137	0.00205	0.00851	0.00380	0.00344
37	0.00705	0.00352	0.00529	0.00529	0.00529	0.00352	0.00352	0.00529	0.00529	0.00705	0.00705	0.01233	0.00705	0.01409	0.01586	0.88196	0.00352	0.00352	0.00176	0.00176
38	0.00948	0.01701	0.56372	0.01295	0.11373	0.00923	0.06772	0.01391	0.05384	0.08730	0.00868	0.00974	0.00620	0.00399	0.00397	0.00128	0.00553	0.00338	0.00220	0.00612
39	0.00856	0.00801	0.01345	0.19201	0.46021	0.00843	0.03242	0.01072	0.00868	0.01203	0.01028	0.15314	0.00998	0.00551	0.00456	0.00135	0.03023	0.02280	0.00229	0.00535
40	0.00965	0.50036	0.19762	0.00847	0.01223	0.01269	0.06321	0.02774	0.00900	0.01162	0.10438	0.01015	0.00923	0.00415	0.00331	0.00105	0.00458	0.00317	0.00212	0.00527
41	0.03904	0.11149	0.40691	0.01006	0.03315	0.04606	0.01079	0.09160	0.00980	0.06913	0.04458	0.03540	0.00780	0.00468	0.00442	0.00126	0.06227	0.00350	0.00241	0.00567

[dist]
# distance from previous block
# <min> <max>
1	33

[block]
# block no. 3 follows, 66 sequences, length 45
# corresponding to MSA columns:
# 698-742
name=unknown_D
#
# <colnr> <probs for GDERKNQSTAVLIFYWHMCP>
#	G	D	E	R	K	N	Q	S	T	A	V	L	I	F	Y	W	H	M	C	P
0	0.02157	0.00933	0.01196	0.01179	0.16062	0.09636	0.07126	0.04208	0.09035	0.24273	0.02633	0.01284	0.00900	0.03167	0.01470	0.00141	0.07203	0.02024	0.00324	0.05050
1	0.01078	0.54856	0.11238	0.01077	0.14857	0.08677	0.00886	0.01264	0.00873	0.01057	0.00621	0.00740	0.00540	0.00360	0.00307	0.00099	0.00487	0.00254	0.00181	0.00546
2	0.00910	0.00736	0.02251	0.04154	0.14222	0.00753	0.01543	0.17494	0.10002	0.03222	0.04080	0.27618	0.02689	0.00784	0.00458	0.00144	0.00362	0.07717	0.00350	0.00512
3	0.00743	0.01723	0.65536	0.01017	0.01499	0.00810	0.01250	0.01129	0.00849	0.01235	0.01184	0.13727	0.06449	0.00562	0.00412	0.00134	0.00518	0.00465	0.00216	0.00542
4	0.00917	0.00869	0.01231	0.12865	0.01316	0.01181	0.00910	0.04176	0.00711	0.02905	0.00601	0.00930	0.00551	0.00654	0.01144	0.00168	0.67861	0.00357	0.00194	0.00460
5	0.00680	0.00361	0.00510	0.00510	0.00510	0.00361	0.00329	0.00542	0.00542	0.00723	0.00830	0.01543	0.00872	0.19762	0.01690	0.69088	0.00361	0.00404	0.00191	0.00191
6	0.01091	0.01016	0.01021	0.00879	0.01103	0.15647	0.06149	0.13624	0.32207	0.02709	0.10083	0.04307	0.04589	0.00593	0.00426	0.00131	0.00418	0.03091	0.00362	0.00555
7	0.00612	0.00413	0.00544	0.00532	0.00621	0.00381	0.00391	0.00775	0.01068	0.05094	0.61846	0.20900	0.03455	0.00911	0.00484	0.00136	0.00208	0.00811	0.00434	0.00385
8	0.00722	0.00659	0.01069	0.64951	0.03754	0.00787	0.00962	0.00969	0.00871	0.01134	0.13265	0.01564	0.06643	0.00511	0.00421	0.00134	0.00465	0.00450	0.00234	0.00437
9	0.00940	0.00899	0.01531	0.24617	0.61585	0.00947	0.01213	0.01189	0.00894	0.01248	0.00752	0.01025	0.00615	0.00373	0.00403	0.00124	0.00498	0.00361	0.00195	0.00591
10	0.00766	0.00721	0.01217	0.84767	0.02794	0.00901	0.01127	0.01037	0.00811	0.01037	0.00721	0.01082	0.00541	0.00406	0.00406	0.00135	0.00541	0.00361	0.00180	0.00451
11	0.00510	0.00356	0.00467	0.00554	0.00583	0.00333	0.00372	0.00589	0.00788	0.01072	0.03685	0.79420	0.02616	0.01220	0.00504	0.00160	0.00232	0.01104	0.05102	0.00333
12	0.00610	0.00435	0.00529	0.00497	0.00617	0.00393	0.00375	0.00794	0.02803	0.05072	0.54109	0.03187	0.27333	0.00868	0.00474	0.00131	0.00205	0.00750	0.00427	0.00390
13	0.34279	0.00733	0.00817	0.00655	0.00945	0.00724	0.00540	0.02959	0.00997	0.51650	0.01203	0.01104	0.00788	0.00455	0.00349	0.00125	0.00335	0.00337	0.00407	0.00597
14	0.00888	0.00888	0.01243	0.01065	0.01065	0.01243	0.00888	0.00976	0.00621	0.00976	0.00533	0.00888	0.00533	0.00710	0.01331	0.00178	0.84999	0.00355	0.00178	0.00444
15	0.01023	0.58290	0.25918	0.00838	0.01258	0.01399	0.00932	0.04253	0.00874	0.01111	0.00627	0.00723	0.00525	0.00364	0.00302	0.00100	0.00483	0.00247	0.00182	0.00550
16	0.01521	0.01760	0.01164	0.01021	0.01255	0.66082	0.00781	0.19082	0.01315	0.01333	0.00703	0.00784	0.00559	0.00433	0.00375	0.00108	0.00670	0.00284	0.00252	0.00518
17	0.01085	0.85986	0.02126	0.00694	0.01041	0.01605	0.00694	0.01215	0.00824	0.00955	0.00564	0.00651	0.00521	0.00347	0.00260	0.00087	0.00434	0.00217	0.00174	0.00521
18	0.00503	0.00412	0.00443	0.00435	0.00562	0.00352	0.00326	0.00627	0.00979	0.01225	0.23267	0.03692	0.63809	0.00979	0.00479	0.00135	0.00202	0.00826	0.00394	0.00352
19	0.00952	0.01132	0.05435	0.01689	0.02107	0.01023	0.78734	0.01299	0.00954	0.01299	0.00817	0.01085	0.00612	0.00344	0.00475	0.00136	0.00681	0.00472	0.00204	0.00549
20	0.03974	0.63479	0.03311	0.00774	0.01092	0.19527	0.00720	0.01304	0.00891	0.00996	0.00581	0.00672	0.00518	0.00364	0.00285	0.00093	0.00498	0.00228	0.00184	0.00509
21	0.00510	0.00412	0.00458	0.00486	0.00601	0.00361	0.00373	0.00622	0.00906	0.01107	0.03537	0.15171	0.59010	0.01076	0.00498	0.00149	0.00237	0.13766	0.00376	0.00346
22	0.01261	0.00703	0.03407	0.00635	0.00866	0.00666	0.00530	0.19993	0.01189	0.26516	0.01307	0.01327	0.00931	0.00482	0.00353	0.00111	0.00309	0.00382	0.38479	0.00552
23	0.00659	0.00353	0.00516	0.00536	0.00542	0.00347	0.00358	0.00536	0.00583	0.00777	0.01038	0.19567	0.01135	0.01379	0.01353	0.69038	0.00327	0.00527	0.00220	0.00210
24	0.01962	0.01202	0.01233	0.01018	0.01330	0.15355	0.00789	0.17932	0.01482	0.49766	0.01562	0.01567	0.01117	0.00673	0.00525	0.00174	0.00534	0.00467	0.00520	0.00794
25	0.00992	0.00866	0.00919	0.00681	0.01026	0.06329	0.00545	0.13159	0.01022	0.01484	0.00753	0.00854	0.00609	0.00336	0.00321	0.00072	0.00352	0.00260	0.00263	0.69158
26	0.01398	0.67653	0.02066	0.00910	0.01254	0.01607	0.00803	0.01569	0.10723	0.05821	0.01049	0.01205	0.00912	0.00575	0.00418	0.00150	0.00513	0.00357	0.00322	0.00694
27	0.20713	0.13765	0.01172	0.00792	0.01086	0.06806	0.00664	0.40366	0.01355	0.05276	0.00853	0.02365	0.00652	0.00451	0.00347	0.00117	0.00422	0.00320	0.01895	0.00582
28	0.02444	0.01141	0.01114	0.00904	0.01186	0.11035	0.00727	0.51875	0.16665	0.04078	0.01112	0.03963	0.00845	0.00517	0.00404	0.00124	0.00446	0.00397	0.00383	0.00640
29	0.00491	0.00383	0.00440	0.00485	0.00563	0.00338	0.00338	0.00574	0.00842	0.01056	0.03121	0.42319	0.42103	0.04313	0.00557	0.00160	0.00227	0.00986	0.00372	0.00333
30	0.00525	0.00375	0.00506	0.00600	0.00637	0.00356	0.00430	0.00618	0.00807	0.01070	0.02219	0.69802	0.02616	0.01242	0.00526	0.00169	0.00262	0.16523	0.00376	0.00338
31	0.00583	0.00426	0.00554	0.00553	0.00652	0.00397	0.00435	0.00765	0.01081	0.01487	0.57958	0.03449	0.10978	0.00912	0.00496	0.00141	0.00232	0.18100	0.00424	0.00377
32	0.01246	0.00989	0.01051	0.00874	0.01145	0.01120	0.00699	0.37538	0.46711	0.02079	0.01351	0.01274	0.00995	0.00522	0.00410	0.00131	0.00377	0.00417	0.00410	0.00663
33	0.00614	0.00407	0.00507	0.00482	0.00577	0.00382	0.00361	0.00805	0.01084	0.01602	0.65223	0.02700	0.03221	0.00752	0.00436	0.00120	0.00191	0.00656	0.19499	0.00382
34	0.88607	0.00785	0.00596	0.00534	0.00785	0.00910	0.00439	0.01193	0.00690	0.01820	0.00565	0.00659	0.00439	0.00377	0.00251	0.00126	0.00314	0.00220	0.00251	0.00439
35	0.00494	0.00353	0.00471	0.00565	0.00588	0.00330	0.00377	0.00565	0.00777	0.01036	0.02236	0.85477	0.02683	0.01271	0.00518	0.00165	0.00235	0.01153	0.00377	0.00330
36	0.01085	0.85986	0.02126	0.00694	0.01041	0.01605	0.00694	0.01215	0.00824	0.00955	0.00564	0.00651	0.00521	0.00347	0.00260	0.00087	0.00434	0.00217	0.00174	0.00521
37	0.00870	0.00703	0.01034	0.54935	0.02079	0.00836	0.00895	0.12071	0.00970	0.01348	0.00887	0.01161	0.00670	0.00431	0.00379	0.00125	0.00451	0.00365	0.19321	0.00468
38	0.07585	0.01017	0.01223	0.01215	0.19021	0.01092	0.00825	0.50214	0.01524	0.07760	0.02757	0.02185	0.00780	0.00471	0.00397	0.00123	0.00429	0.00376	0.00357	0.00650
39	0.00500	0.00412	0.00439	0.00432	0.00560	0.00351	0.00324	0.00621	0.00972	0.01208	0.20782	0.03720	0.66304	0.00986	0.00479	0.00135	0.00203	0.00830	0.00392	0.00351
40	0.00487	0.00410	0.00422	0.00421	0.00553	0.00345	0.00315	0.00595	0.00938	0.01134	0.09846	0.05432	0.75681	0.01018	0.00480	0.00137	0.00205	0.00853	0.00382	0.00345
41	0.00518	0.00412	0.00464	0.00451	0.00571	0.00359	0.00338	0.00656	0.01015	0.01310	0.35932	0.03552	0.51091	0.00948	0.00479	0.00133	0.00200	0.00807	0.00405	0.00359
42	0.00705	0.00352	0.00529	0.00529	0.00529	0.00352	0.00352	0.00529	0.00529	0.00705	0.00705	0.01233	0.00705	0.01409	0.01586	0.88196	0.00352	0.00352	0.00176	0.00176
43	0.01387	0.01540	0.01439	0.01164	0.01440	0.44675	0.18400	0.20548	0.01276	0.01430	0.00750	0.00871	0.00583	0.00424	0.00420	0.00117	0.02407	0.00335	0.00254	0.00539
44	0.64090	0.00694	0.00584	0.00525	0.00726	0.00778	0.00407	0.01110	0.00698	0.06642	0.00784	0.01138	0.00700	0.18962	0.00656	0.00184	0.00333	0.00312	0.00265	0.00413

[dist]
# distance from previous block
# <min> <max>
0	4

[block]
# block no. 4 follows, 66 sequences, length 8
# corresponding to MSA columns:
# 747-754
name=unknown_E
#
# <colnr> <probs for GDERKNQSTAVLIFYWHMCP>
#	G	D	E	R	K	N	Q	S	T	A	V	L	I	F	Y	W	H	M	C	P
0	0.00976	0.00759	0.01071	0.00887	0.01097	0.02775	0.15977	0.13016	0.11570	0.09935	0.03606	0.22722	0.05201	0.05835	0.00557	0.00156	0.00397	0.02607	0.00356	0.00503
1	0.01085	0.01002	0.01096	0.00935	0.01186	0.08226	0.08255	0.07474	0.62297	0.01658	0.01439	0.01370	0.01081	0.00515	0.00414	0.00134	0.00399	0.00437	0.00375	0.00622
2	0.00590	0.00393	0.00442	0.00442	0.00442	0.00393	0.00246	0.00590	0.00590	0.00787	0.01278	0.02655	0.01475	0.85742	0.02065	0.00393	0.00393	0.00590	0.00246	0.00246
3	0.00892	0.01919	0.64036	0.01093	0.01587	0.12833	0.01304	0.01280	0.00879	0.01211	0.00747	0.00908	0.00562	0.00639	0.08223	0.00174	0.00664	0.00307	0.00181	0.00559
4	0.00951	0.00910	0.01551	0.20840	0.65276	0.00950	0.01219	0.01199	0.00899	0.01261	0.00754	0.01021	0.00620	0.00371	0.00403	0.00124	0.00495	0.00361	0.00196	0.00600
5	0.00516	0.00396	0.00474	0.00500	0.00589	0.00354	0.00365	0.00635	0.00935	0.01216	0.23231	0.29249	0.34232	0.01058	0.00495	0.00146	0.00219	0.04645	0.00394	0.00350
6	0.00864	0.00817	0.01313	0.06827	0.51851	0.00817	0.03529	0.01126	0.05253	0.01273	0.01603	0.01726	0.20204	0.00531	0.00423	0.00127	0.00418	0.00488	0.00253	0.00557
7	0.00805	0.01072	0.20779	0.55308	0.08657	0.00920	0.01205	0.01156	0.04056	0.01144	0.00763	0.01039	0.00570	0.00403	0.00401	0.00133	0.00542	0.00350	0.00189	0.00508

[dist]
# distance from previous block
# <min> <max>
0	1

[block]
# block no. 5 follows, 66 sequences, length 37
# corresponding to MSA columns:
# 756-792
name=unknown_F
#
# <colnr> <probs for GDERKNQSTAVLIFYWHMCP>
#	G	D	E	R	K	N	Q	S	T	A	V	L	I	F	Y	W	H	M	C	P
0	0.00698	0.12530	0.00768	0.00568	0.00656	0.05623	0.00413	0.00767	0.00707	0.00897	0.01360	0.08846	0.06619	0.38137	0.19382	0.00354	0.00546	0.00547	0.00246	0.00337
1	0.01171	0.65997	0.03829	0.00780	0.01104	0.19279	0.00732	0.01303	0.00895	0.00971	0.00581	0.00673	0.00521	0.00363	0.00286	0.00092	0.00502	0.00228	0.00181	0.00512
2	0.00674	0.00482	0.00549	0.00505	0.00651	0.00439	0.00387	0.06632	0.01085	0.06612	0.30635	0.04556	0.43503	0.00891	0.00470	0.00132	0.00228	0.00755	0.00411	0.00403
3	0.00888	0.00888	0.01243	0.01065	0.01065	0.01243	0.00888	0.00976	0.00621	0.00976	0.00533	0.00888	0.00533	0.00710	0.01331	0.00178	0.84999	0.00355	0.00178	0.00444
4	0.00974	0.01086	0.02027	0.01603	0.09376	0.06848	0.58382	0.01310	0.04904	0.01282	0.01035	0.01246	0.05606	0.00407	0.00475	0.00134	0.02068	0.00472	0.00225	0.00541
5	0.01537	0.01297	0.01204	0.00956	0.01257	0.17901	0.00774	0.65741	0.01755	0.02243	0.00904	0.00925	0.00656	0.00473	0.00398	0.00118	0.00504	0.00344	0.00366	0.00646
6	0.00707	0.00608	0.00838	0.00792	0.00819	0.00746	0.01839	0.00795	0.00706	0.00996	0.01317	0.19385	0.01479	0.17972	0.01165	0.00219	0.34612	0.14368	0.00267	0.00370
7	0.00551	0.00414	0.00511	0.00486	0.00592	0.00373	0.00365	0.00722	0.01095	0.01499	0.64019	0.03241	0.22886	0.00877	0.00479	0.00130	0.00195	0.00763	0.00430	0.00373
8	0.01004	0.00964	0.01647	0.02490	0.83211	0.00964	0.01245	0.01245	0.00924	0.01325	0.00763	0.01004	0.00643	0.00361	0.00402	0.00120	0.00482	0.00361	0.00201	0.00643
9	0.71119	0.00855	0.00721	0.00614	0.00880	0.00980	0.00506	0.17396	0.00935	0.01968	0.00647	0.00722	0.00490	0.00399	0.00282	0.00125	0.00340	0.00249	0.00282	0.00490
10	0.00580	0.00406	0.00467	0.00452	0.00560	0.00369	0.00339	0.00742	0.01016	0.01431	0.40951	0.03010	0.29016	0.00822	0.00440	0.00124	0.00196	0.00702	0.18009	0.00369
11	0.00724	0.00842	0.17291	0.00680	0.00915	0.00601	0.00644	0.04991	0.09688	0.03181	0.37618	0.02460	0.17302	0.00724	0.00448	0.00130	0.00305	0.00615	0.00374	0.00468
12	0.00590	0.00393	0.00442	0.00442	0.00442	0.00393	0.00246	0.00590	0.00590	0.00787	0.01278	0.02655	0.01475	0.85742	0.02065	0.00393	0.00393	0.00590	0.00246	0.00246
13	0.01085	0.85986	0.02126	0.00694	0.01041	0.01605	0.00694	0.01215	0.00824	0.00955	0.00564	0.00651	0.00521	0.00347	0.00260	0.00087	0.00434	0.00217	0.00174	0.00521
14	0.00841	0.00721	0.00841	0.00601	0.00961	0.00541	0.00481	0.01022	0.00841	0.01322	0.00721	0.00841	0.00601	0.00300	0.00300	0.00060	0.00300	0.00240	0.00240	0.88222
15	0.01657	0.00727	0.00937	0.00743	0.01040	0.00679	0.00606	0.02013	0.17495	0.67062	0.01611	0.01408	0.01051	0.00512	0.00409	0.00128	0.00340	0.00418	0.00484	0.00681
16	0.24161	0.01635	0.01006	0.00912	0.01132	0.62478	0.00694	0.01509	0.01030	0.01208	0.00611	0.00713	0.00501	0.00407	0.00336	0.00110	0.00623	0.00250	0.00220	0.00462
17	0.01004	0.00964	0.01647	0.02490	0.83211	0.00964	0.01245	0.01245	0.00924	0.01325	0.00763	0.01004	0.00643	0.00361	0.00402	0.00120	0.00482	0.00361	0.00201	0.00643
18	0.00584	0.00417	0.00561	0.00561	0.00601	0.00457	0.00393	0.00666	0.00625	0.00874	0.01170	0.02057	0.01216	0.39163	0.48289	0.00539	0.00784	0.00503	0.00230	0.00311
19	0.00590	0.00393	0.00442	0.00442	0.00442	0.00393	0.00246	0.00590	0.00590	0.00787	0.01278	0.02655	0.01475	0.85742	0.02065	0.00393	0.00393	0.00590	0.00246	0.00246
20	0.01664	0.00657	0.00886	0.00690	0.00980	0.00568	0.00566	0.01820	0.01147	0.73530	0.06926	0.01631	0.05915	0.00553	0.00417	0.00126	0.00327	0.00455	0.00491	0.00651
21	0.01116	0.00925	0.00978	0.00847	0.01096	0.01059	0.00668	0.18166	0.66294	0.01870	0.01515	0.01405	0.01128	0.00538	0.00411	0.00134	0.00346	0.00440	0.00411	0.00652
22	0.01399	0.00626	0.00790	0.00642	0.00895	0.00563	0.00521	0.04324	0.04208	0.52582	0.02072	0.01949	0.17510	0.00618	0.00415	0.00127	0.00307	0.01983	0.07885	0.00586
23	0.05819	0.01119	0.01187	0.00914	0.01235	0.01241	0.00755	0.77896	0.01848	0.02521	0.00954	0.00959	0.00678	0.00482	0.00398	0.00122	0.00440	0.00358	0.00398	0.00678
24	0.01085	0.85986	0.02126	0.00694	0.01041	0.01605	0.00694	0.01215	0.00824	0.00955	0.00564	0.00651	0.00521	0.00347	0.00260	0.00087	0.00434	0.00217	0.00174	0.00521
25	0.01085	0.85986	0.02126	0.00694	0.01041	0.01605	0.00694	0.01215	0.00824	0.00955	0.00564	0.00651	0.00521	0.00347	0.00260	0.00087	0.00434	0.00217	0.00174	0.00521
26	0.00814	0.00770	0.01303	0.68240	0.18948	0.00914	0.01151	0.01078	0.00834	0.01095	0.00730	0.01066	0.00561	0.00397	0.00405	0.00132	0.00529	0.00361	0.00184	0.00489
27	0.01032	0.00868	0.00922	0.00817	0.01047	0.00994	0.00638	0.09384	0.70188	0.01772	0.06489	0.01556	0.01344	0.00561	0.00416	0.00136	0.00325	0.00467	0.00414	0.00631
28	0.00613	0.00408	0.00532	0.00555	0.00636	0.00378	0.00410	0.00750	0.00959	0.05341	0.32080	0.35379	0.07505	0.01014	0.00492	0.00147	0.00235	0.08791	0.03401	0.00374
29	0.00894	0.00849	0.01439	0.39493	0.41989	0.00929	0.03089	0.02465	0.00890	0.01210	0.00817	0.01100	0.02276	0.00397	0.00407	0.00128	0.00507	0.00374	0.00199	0.00548
30	0.00500	0.00414	0.00439	0.00438	0.00568	0.00353	0.00332	0.00619	0.00958	0.01178	0.15577	0.03802	0.68384	0.01002	0.00482	0.00138	0.00210	0.03869	0.00387	0.00350
31	0.00579	0.00404	0.00487	0.00486	0.00513	0.00414	0.00309	0.00621	0.00638	0.00858	0.02981	0.02527	0.07325	0.60404	0.19395	0.00425	0.00524	0.00579	0.00253	0.00280
32	0.00814	0.00770	0.01303	0.68240	0.18948	0.00914	0.01151	0.01078	0.00834	0.01095	0.00730	0.01066	0.00561	0.00397	0.00405	0.00132	0.00529	0.00361	0.00184	0.00489
33	0.00580	0.00435	0.00652	0.00652	0.00724	0.00507	0.00507	0.00724	0.00652	0.00942	0.01087	0.01594	0.01014	0.03043	0.84134	0.00652	0.01087	0.00435	0.00217	0.00362
34	0.01057	0.00888	0.01129	0.04630	0.01140	0.03069	0.00795	0.20820	0.00989	0.05414	0.00788	0.01045	0.00667	0.00978	0.13546	0.00230	0.41684	0.00370	0.00256	0.00505
35	0.00861	0.00789	0.01292	0.21871	0.45298	0.00841	0.01008	0.01057	0.00823	0.01140	0.00851	0.01352	0.00783	0.17530	0.00758	0.00180	0.02444	0.00407	0.00204	0.00512
36	0.05833	0.01078	0.01086	0.01125	0.15228	0.17633	0.00759	0.07725	0.28442	0.12542	0.02605	0.01222	0.01961	0.00482	0.00394	0.00124	0.00440	0.00386	0.00339	0.00599

[dist]
# distance from previous block
# <min> <max>
1	8

[block]
# block no. 6 follows, 66 sequences, length 18
# corresponding to MSA columns:
# 801-818
name=unknown_G
#
# <colnr> <probs for GDERKNQSTAVLIFYWHMCP>
#	G	D	E	R	K	N	Q	S	T	A	V	L	I	F	Y	W	H	M	C	P
0	0.02656	0.38514	0.21437	0.00882	0.01253	0.14368	0.00895	0.04554	0.09697	0.01198	0.00746	0.00819	0.00602	0.00395	0.00329	0.00107	0.00507	0.00276	0.00215	0.00550
1	0.00662	0.01747	0.00646	0.00637	0.00727	0.00525	0.00495	0.03103	0.06061	0.02080	0.07879	0.15283	0.08780	0.11858	0.15865	0.00277	0.02930	0.19731	0.00332	0.00381
2	0.01179	0.03956	0.19579	0.01097	0.09895	0.07482	0.00932	0.22214	0.17088	0.07174	0.01129	0.01194	0.02756	0.00480	0.00399	0.00126	0.00468	0.01918	0.00316	0.00619
3	0.00586	0.00394	0.00441	0.00441	0.00446	0.00391	0.00248	0.00590	0.00602	0.00798	0.01382	0.02701	0.04470	0.82631	0.02007	0.00384	0.00386	0.00600	0.00251	0.00249
4	0.01222	0.01104	0.01342	0.01059	0.01352	0.09807	0.17748	0.30205	0.24516	0.01842	0.04741	0.01219	0.00952	0.00483	0.00422	0.00128	0.00479	0.00421	0.00347	0.00610
5	0.00560	0.00429	0.00521	0.00544	0.00645	0.00399	0.00418	0.00734	0.03932	0.01269	0.23908	0.18145	0.29667	0.01019	0.00499	0.00149	0.00244	0.16154	0.00396	0.00368
6	0.00826	0.05843	0.80001	0.01136	0.01724	0.00972	0.01463	0.01282	0.00855	0.01270	0.00721	0.00847	0.00514	0.00384	0.00380	0.00127	0.00592	0.00296	0.00171	0.00596
7	0.01019	0.00871	0.01233	0.01014	0.01147	0.02960	0.10038	0.06517	0.06653	0.09779	0.07264	0.01211	0.00932	0.00737	0.04971	0.00179	0.42289	0.00414	0.00270	0.00503
8	0.00677	0.00683	0.09329	0.00650	0.02950	0.00545	0.00543	0.02303	0.11945	0.03022	0.31537	0.02777	0.29893	0.00789	0.00456	0.00132	0.00271	0.00671	0.00383	0.00444
9	0.00535	0.00412	0.00476	0.00460	0.00575	0.00364	0.00345	0.00686	0.01035	0.01376	0.43828	0.03393	0.40649	0.00911	0.00473	0.00131	0.00198	0.00780	0.03008	0.00364
10	0.00962	0.00798	0.02508	0.07723	0.03280	0.00860	0.00684	0.19362	0.25890	0.01684	0.13214	0.01943	0.04935	0.02379	0.03486	0.00160	0.01545	0.07678	0.00368	0.00542
11	0.01033	0.29116	0.40748	0.01021	0.05647	0.01141	0.01099	0.04278	0.02588	0.08640	0.00783	0.00862	0.00588	0.00389	0.00349	0.00114	0.00505	0.00291	0.00217	0.00589
12	0.00891	0.00720	0.00846	0.00607	0.00965	0.00544	0.00487	0.01070	0.00858	0.05527	0.00766	0.00869	0.00622	0.00311	0.00306	0.00063	0.00303	0.00249	0.00254	0.83743
13	0.00586	0.00392	0.00444	0.00448	0.00449	0.00390	0.00252	0.00589	0.00598	0.00798	0.01321	0.06336	0.01529	0.81988	0.01996	0.00383	0.00386	0.00615	0.00252	0.00250
14	0.00940	0.00944	0.07697	0.15479	0.46464	0.00883	0.03239	0.01234	0.05072	0.04918	0.01005	0.07030	0.02374	0.00462	0.00414	0.00128	0.00469	0.00432	0.00235	0.00580
15	0.25840	0.03861	0.10653	0.01463	0.32286	0.10179	0.03886	0.02471	0.00895	0.03914	0.00712	0.00863	0.00564	0.00380	0.00352	0.00121	0.00477	0.00304	0.00224	0.00556
16	0.01513	0.01122	0.01201	0.00927	0.01247	0.01244	0.00764	0.77420	0.06394	0.02509	0.01012	0.01004	0.00721	0.00491	0.00406	0.00123	0.00439	0.00370	0.00406	0.00687
17	0.00858	0.00747	0.00926	0.00799	0.09605	0.00585	0.00561	0.01045	0.00850	0.01322	0.00726	0.00858	0.00605	0.00307	0.00311	0.00066	0.00320	0.00253	0.00236	0.79018

[dist]
# distance from previous block
# <min> <max>
0	2

[block]
# block no. 7 follows, 66 sequences, length 33
# corresponding to MSA columns:
# 821-853
name=unknown_H
#
# <colnr> <probs for GDERKNQSTAVLIFYWHMCP>
#	G	D	E	R	K	N	Q	S	T	A	V	L	I	F	Y	W	H	M	C	P
0	0.00601	0.00485	0.00708	0.00944	0.17187	0.00463	0.00554	0.00712	0.00825	0.01105	0.02108	0.58406	0.09596	0.01061	0.00492	0.00154	0.00287	0.03577	0.00341	0.00395
1	0.00967	0.00808	0.00857	0.00760	0.00979	0.00905	0.00594	0.10643	0.57225	0.01704	0.06957	0.01880	0.12701	0.00627	0.00425	0.00135	0.00311	0.00521	0.00409	0.00590
2	0.01079	0.00895	0.00950	0.00833	0.01070	0.01024	0.00653	0.15811	0.65183	0.01817	0.01559	0.04939	0.01205	0.00570	0.00416	0.00136	0.00339	0.00472	0.00410	0.00637
3	0.00580	0.00435	0.00652	0.00652	0.00724	0.00507	0.00507	0.00724	0.00652	0.00942	0.01087	0.01594	0.01014	0.03043	0.84134	0.00652	0.01087	0.00435	0.00217	0.00362
4	0.00589	0.00396	0.00457	0.00457	0.00463	0.00401	0.00264	0.00600	0.00594	0.00798	0.01265	0.02579	0.01442	0.79837	0.07925	0.00412	0.00443	0.00579	0.00244	0.00254
5	0.00925	0.00922	0.01219	0.65765	0.04616	0.12483	0.01060	0.06129	0.00929	0.01132	0.00725	0.01024	0.00550	0.00411	0.00400	0.00130	0.00560	0.00347	0.00199	0.00473
6	0.00814	0.00770	0.01303	0.68242	0.18945	0.00914	0.01151	0.01078	0.00834	0.01095	0.00730	0.01066	0.00561	0.00397	0.00405	0.00132	0.00529	0.00361	0.00184	0.00489
7	0.00671	0.00447	0.00562	0.00607	0.00699	0.00437	0.00481	0.03798	0.00900	0.01285	0.01881	0.27710	0.02005	0.00957	0.00467	0.00151	0.00289	0.31822	0.21062	0.03768
8	0.01362	0.01043	0.01183	0.00940	0.01185	0.01203	0.00774	0.59858	0.02865	0.03267	0.00958	0.04511	0.00755	0.00566	0.00597	0.00135	0.17416	0.00398	0.00360	0.00625
9	0.00705	0.00352	0.00529	0.00529	0.00529	0.00352	0.00352	0.00529	0.00529	0.00705	0.00705	0.01233	0.00705	0.01409	0.01586	0.88196	0.00352	0.00352	0.00176	0.00176
10	0.01498	0.01104	0.01186	0.00918	0.01230	0.01219	0.00755	0.78452	0.01860	0.02493	0.01027	0.04515	0.00773	0.00520	0.00411	0.00124	0.00438	0.00398	0.00405	0.00675
11	0.00841	0.00721	0.00841	0.00601	0.00961	0.00541	0.00481	0.01022	0.00841	0.01322	0.00721	0.00841	0.00601	0.00300	0.00300	0.00060	0.00300	0.00240	0.00240	0.88222
12	0.01178	0.64592	0.03808	0.00786	0.01107	0.20663	0.00734	0.01310	0.00900	0.00971	0.00582	0.00674	0.00521	0.00364	0.00288	0.00092	0.00507	0.00229	0.00182	0.00511
13	0.88607	0.00785	0.00596	0.00534	0.00785	0.00910	0.00439	0.01193	0.00690	0.01820	0.00565	0.00659	0.00439	0.00377	0.00251	0.00126	0.00314	0.00220	0.00251	0.00439
14	0.00963	0.01152	0.06687	0.01491	0.01853	0.08329	0.60363	0.02700	0.00968	0.01268	0.00943	0.09525	0.00811	0.00447	0.00466	0.00136	0.00634	0.00515	0.00224	0.00524
15	0.00839	0.00785	0.01006	0.00883	0.00908	0.04113	0.00701	0.03552	0.00679	0.00983	0.00767	0.01349	0.00794	0.20453	0.08179	0.00261	0.52731	0.00412	0.00205	0.00401
16	0.00485	0.00395	0.00430	0.00456	0.00560	0.00340	0.00329	0.00581	0.00888	0.01090	0.05156	0.26532	0.59165	0.01091	0.00490	0.00145	0.00214	0.00936	0.00378	0.00340
17	0.01551	0.00634	0.00835	0.00659	0.00938	0.00545	0.00538	0.01697	0.01114	0.66944	0.02105	0.01888	0.17481	0.00608	0.00422	0.00128	0.00317	0.00498	0.00477	0.00621
18	0.01077	0.00550	0.00689	0.00583	0.00782	0.00494	0.00461	0.04824	0.01126	0.32812	0.27314	0.02467	0.21040	0.00725	0.00443	0.00128	0.00265	0.00611	0.03105	0.00505
19	0.00967	0.00730	0.00863	0.00624	0.00978	0.00569	0.00502	0.03576	0.00908	0.10127	0.00823	0.00903	0.00647	0.00328	0.00315	0.00069	0.00310	0.00262	0.00273	0.76226
20	0.01516	0.01934	0.01150	0.01045	0.01254	0.84113	0.00784	0.01620	0.01150	0.00993	0.00627	0.00732	0.00523	0.00418	0.00366	0.00105	0.00732	0.00261	0.00209	0.00470
21	0.26480	0.00730	0.00852	0.00675	0.00971	0.00705	0.00557	0.04097	0.01049	0.57905	0.01288	0.01164	0.00835	0.00466	0.00363	0.00125	0.00339	0.00353	0.00428	0.00619
22	0.01000	0.00843	0.00963	0.00968	0.09119	0.00944	0.00692	0.06100	0.59762	0.02841	0.01682	0.01747	0.05328	0.00588	0.00424	0.00138	0.00341	0.05517	0.00389	0.00613
23	0.01521	0.01774	0.01163	0.01023	0.01255	0.67473	0.00781	0.17735	0.01302	0.01307	0.00697	0.00780	0.00556	0.00432	0.00374	0.00108	0.00674	0.00282	0.00249	0.00514
24	0.82674	0.00873	0.06209	0.00576	0.00850	0.00912	0.00511	0.01199	0.00702	0.01784	0.00576	0.00672	0.00444	0.00377	0.00260	0.00126	0.00333	0.00225	0.00246	0.00450
25	0.10012	0.00813	0.05285	0.00707	0.01059	0.00630	0.07525	0.01050	0.00842	0.01356	0.00924	0.01035	0.05687	0.00362	0.00326	0.00082	0.00345	0.00300	0.00243	0.61417
26	0.00555	0.00399	0.00522	0.00522	0.00597	0.00370	0.00378	0.00711	0.01041	0.01457	0.60706	0.23566	0.03480	0.03189	0.00530	0.00144	0.00208	0.00834	0.00424	0.00366
27	0.01250	0.06464	0.12605	0.00885	0.01226	0.06680	0.00801	0.35897	0.12652	0.04474	0.00987	0.01010	0.00730	0.00449	0.00378	0.00114	0.00443	0.00341	0.02685	0.09929
28	0.01440	0.01194	0.01110	0.00909	0.01187	0.17777	0.00727	0.41906	0.17355	0.09012	0.02573	0.01103	0.00847	0.00493	0.00401	0.00122	0.00466	0.00373	0.00377	0.00631
29	0.00671	0.00510	0.00545	0.00516	0.00621	0.06039	0.00387	0.00852	0.01080	0.01541	0.57984	0.02604	0.06100	0.00738	0.00432	0.00120	0.00228	0.00635	0.18011	0.00386
30	0.01327	0.00621	0.00774	0.00630	0.00857	0.00584	0.00507	0.10524	0.01173	0.41307	0.15918	0.01658	0.01478	0.00552	0.00392	0.00118	0.00294	0.00454	0.20265	0.00565
31	0.00494	0.00412	0.00431	0.00426	0.00557	0.00349	0.00320	0.00610	0.00959	0.01177	0.16190	0.03771	0.70915	0.00997	0.00479	0.00136	0.00203	0.00837	0.00387	0.00349
32	0.00497	0.00402	0.00442	0.00452	0.00564	0.00347	0.00331	0.00609	0.00937	0.01172	0.16517	0.16759	0.57485	0.01034	0.00485	0.00140	0.00208	0.00884	0.00388	0.00347

[dist]
# distance from previous block
# <min> <max>
0	2

[block]
# block no. 8 follows, 66 sequences, length 32
# corresponding to MSA columns:
# 856-887
name=unknown_I
#
# <colnr> <probs for GDERKNQSTAVLIFYWHMCP>
#	G	D	E	R	K	N	Q	S	T	A	V	L	I	F	Y	W	H	M	C	P
0	0.01312	0.03088	0.08708	0.12747	0.06728	0.42493	0.00922	0.16708	0.01200	0.01343	0.00723	0.00853	0.00564	0.00422	0.00381	0.00115	0.00618	0.00304	0.00238	0.00533
