[name]
unknown

[dist]
# distance from previous block
# <min> <max>
0	103

[block]
# block no. 0 follows, 65 sequences, length 12
# corresponding to MSA columns:
# 104-115
name=unknown_A
#
# <colnr> <probs for GDERKNQSTAVLIFYWHMCP>
#	G	D	E	R	K	N	Q	S	T	A	V	L	I	F	Y	W	H	M	C	P
0	0.00965	0.00988	0.05348	0.04414	0.62391	0.03886	0.01147	0.01202	0.00927	0.01296	0.00927	0.05754	0.00849	0.00464	0.00417	0.00127	0.00479	0.05166	0.00223	0.03031
1	0.01219	0.00926	0.00984	0.00813	0.01095	0.04369	0.00646	0.16618	0.39869	0.12327	0.01336	0.01266	0.00981	0.00491	0.00395	0.00120	0.00365	0.00394	0.00390	0.15395
2	0.00869	0.00702	0.00861	0.00850	0.07618	0.05044	0.02052	0.05018	0.06697	0.05675	0.09555	0.11813	0.04090	0.05162	0.12633	0.00217	0.06064	0.00533	0.04106	0.10442
3	0.00541	0.00389	0.00479	0.00529	0.00572	0.00366	0.00360	0.00614	0.00791	0.01037	0.06534	0.40972	0.13905	0.23394	0.00932	0.00223	0.00285	0.07409	0.00350	0.00319
4	0.00537	0.00400	0.00455	0.00482	0.00575	0.00353	0.00342	0.00632	0.00880	0.02885	0.06666	0.32205	0.43249	0.05242	0.00570	0.00159	0.00230	0.00929	0.02860	0.00348
5	0.07414	0.05233	0.05925	0.00846	0.01124	0.02343	0.02792	0.23978	0.11281	0.11028	0.05302	0.04134	0.00982	0.00559	0.01542	0.00133	0.07146	0.00403	0.00344	0.07490
6	0.00623	0.00463	0.00557	0.00568	0.00665	0.00442	0.00407	0.03427	0.06597	0.02699	0.11773	0.41551	0.16881	0.05070	0.02543	0.00171	0.00273	0.00892	0.00379	0.04015
7	0.00935	0.00870	0.01223	0.03523	0.37780	0.03745	0.00856	0.01140	0.00897	0.01309	0.00802	0.04049	0.00700	0.00375	0.00363	0.00096	0.00406	0.00336	0.00228	0.40367
8	0.00767	0.00646	0.03769	0.00662	0.00811	0.01802	0.00514	0.09473	0.14839	0.02769	0.07580	0.37057	0.11908	0.00918	0.00467	0.00145	0.00292	0.00801	0.02222	0.02558
9	0.00971	0.00930	0.01585	0.17767	0.68115	0.00964	0.01238	0.01221	0.00914	0.01287	0.00764	0.01031	0.00631	0.00374	0.00407	0.00125	0.00499	0.00366	0.00199	0.00614
10	0.05827	0.36080	0.03525	0.03028	0.20147	0.04696	0.00840	0.03482	0.12420	0.05082	0.00842	0.00926	0.00681	0.00401	0.00339	0.00111	0.00443	0.00308	0.00244	0.00579
11	0.01055	0.00853	0.00923	0.00827	0.01056	0.00972	0.00651	0.05950	0.68153	0.05503	0.01648	0.01668	0.01269	0.00646	0.02516	0.00154	0.00354	0.04755	0.00414	0.00633

[dist]
# distance from previous block
# <min> <max>
0	1

[block]
# block no. 1 follows, 65 sequences, length 19
# corresponding to MSA columns:
# 117-135
name=unknown_B
#
# <colnr> <probs for GDERKNQSTAVLIFYWHMCP>
#	G	D	E	R	K	N	Q	S	T	A	V	L	I	F	Y	W	H	M	C	P
0	0.03422	0.19223	0.51116	0.01131	0.07575	0.01104	0.01231	0.06327	0.00934	0.03294	0.00737	0.00849	0.00552	0.00389	0.00363	0.00120	0.00539	0.00295	0.00201	0.00597
1	0.01084	0.18977	0.12590	0.04038	0.13965	0.07524	0.06338	0.10081	0.01014	0.03202	0.00747	0.00883	0.00596	0.00386	0.00383	0.00108	0.02512	0.00308	0.00229	0.15034
2	0.00711	0.00489	0.00598	0.00574	0.00689	0.00476	0.00423	0.00989	0.12165	0.07509	0.36905	0.19712	0.10232	0.05942	0.00574	0.00155	0.00246	0.00770	0.00418	0.00423
3	0.01178	0.46256	0.01674	0.00882	0.04628	0.19149	0.00739	0.08195	0.01010	0.01165	0.04421	0.00925	0.02801	0.00439	0.00379	0.00104	0.05015	0.00296	0.00223	0.00521
4	0.00702	0.00357	0.00532	0.00537	0.00538	0.00355	0.00358	0.00537	0.00548	0.00731	0.00796	0.05755	0.00820	0.01419	0.01546	0.83344	0.00350	0.00400	0.00189	0.00187
5	0.02768	0.05502	0.06322	0.03250	0.17411	0.00951	0.00819	0.22950	0.09307	0.10583	0.09218	0.02421	0.05635	0.00531	0.00411	0.00126	0.00403	0.00441	0.00347	0.00604
6	0.07013	0.00960	0.01416	0.02807	0.43511	0.03531	0.05813	0.04010	0.11482	0.06550	0.00966	0.01114	0.01928	0.00441	0.00471	0.00130	0.06603	0.00383	0.00261	0.00608
7	0.12877	0.00747	0.00853	0.00653	0.00968	0.00670	0.00529	0.07967	0.02611	0.22415	0.04482	0.01100	0.00859	0.00414	0.00343	0.00097	0.00323	0.00323	0.02331	0.39438
8	0.00500	0.00357	0.00476	0.00572	0.00595	0.00333	0.00381	0.00572	0.00786	0.01048	0.02262	0.85306	0.02715	0.01286	0.00524	0.00167	0.00238	0.01167	0.00381	0.00333
9	0.01327	0.07986	0.01296	0.09928	0.10474	0.18802	0.02910	0.25203	0.01293	0.10275	0.03870	0.01114	0.02773	0.00467	0.00396	0.00119	0.00507	0.00367	0.00308	0.00583
10	0.04406	0.01236	0.01184	0.05065	0.07911	0.20266	0.00804	0.39832	0.05767	0.06509	0.00956	0.02528	0.00724	0.00477	0.00398	0.00122	0.00505	0.00362	0.00337	0.00613
11	0.00607	0.00464	0.00674	0.00663	0.00724	0.00547	0.00509	0.00734	0.00651	0.00938	0.01085	0.01684	0.01046	0.11811	0.69999	0.00602	0.06232	0.00452	0.00220	0.00359
12	0.00502	0.00366	0.00467	0.00546	0.00584	0.00338	0.00367	0.00575	0.00798	0.01046	0.02474	0.71506	0.13164	0.04461	0.00578	0.00172	0.00240	0.01106	0.00376	0.00332
13	0.07382	0.00925	0.01293	0.05790	0.40971	0.07703	0.04523	0.01264	0.07361	0.03315	0.02688	0.11559	0.02408	0.00526	0.00414	0.00130	0.00450	0.00476	0.00261	0.00558
14	0.01116	0.00860	0.01215	0.23012	0.15403	0.00934	0.03639	0.24008	0.04286	0.08928	0.01120	0.11605	0.00949	0.00548	0.00427	0.00133	0.00450	0.00479	0.00314	0.00575
15	0.00960	0.00712	0.00772	0.00675	0.00866	0.02533	0.00532	0.19185	0.13854	0.06744	0.14021	0.06046	0.21623	0.00742	0.00462	0.00133	0.02122	0.02415	0.05094	0.00508
16	0.00588	0.00435	0.00637	0.00637	0.00702	0.00501	0.00485	0.00718	0.00653	0.00936	0.01120	0.01728	0.01076	0.11958	0.75137	0.00632	0.01024	0.00457	0.00223	0.00354
17	0.88473	0.00794	0.00603	0.00540	0.00794	0.00921	0.00445	0.01207	0.00699	0.01842	0.00572	0.00667	0.00445	0.00381	0.00254	0.00127	0.00318	0.00222	0.00254	0.00445
18	0.03229	0.04365	0.01259	0.04832	0.08119	0.12682	0.03571	0.33794	0.05689	0.08738	0.00991	0.01050	0.02093	0.00477	0.00447	0.00123	0.05005	0.00363	0.00327	0.02845

[dist]
# distance from previous block
# <min> <max>
0	2

[block]
# block no. 2 follows, 65 sequences, length 7
# corresponding to MSA columns:
# 138-144
name=unknown_C
#
# <colnr> <probs for GDERKNQSTAVLIFYWHMCP>
#	G	D	E	R	K	N	Q	S	T	A	V	L	I	F	Y	W	H	M	C	P
0	0.00971	0.00698	0.00786	0.00705	0.00848	0.03752	0.00530	0.12132	0.23311	0.05384	0.05843	0.01520	0.01133	0.07260	0.08026	0.25468	0.00432	0.00434	0.00317	0.00448
1	0.01235	0.06139	0.03156	0.03020	0.09290	0.08555	0.03190	0.33346	0.07039	0.04388	0.01075	0.10419	0.00923	0.00564	0.00471	0.00130	0.05689	0.00449	0.00327	0.00591
2	0.01006	0.26361	0.23858	0.02543	0.01489	0.01137	0.17745	0.04672	0.03825	0.05303	0.04536	0.01068	0.02216	0.00424	0.00400	0.00120	0.02141	0.00362	0.00233	0.00562
3	0.00580	0.00399	0.00490	0.00506	0.00534	0.00406	0.00327	0.00632	0.00666	0.00911	0.01549	0.16607	0.05150	0.48293	0.17482	0.00386	0.00490	0.00668	0.03629	0.00295
4	0.00949	0.01040	0.11584	0.01085	0.03935	0.05158	0.18436	0.12974	0.06642	0.01368	0.00984	0.01337	0.00837	0.10288	0.18066	0.00272	0.03855	0.00427	0.00254	0.00511
5	0.02717	0.32524	0.12722	0.00980	0.04273	0.10833	0.06130	0.10520	0.04074	0.06017	0.00776	0.00862	0.00613	0.00407	0.00375	0.00111	0.02851	0.00301	0.00241	0.02675
6	0.05673	0.24027	0.30354	0.01009	0.03864	0.05889	0.05574	0.07507	0.02908	0.05708	0.03341	0.00934	0.00691	0.00410	0.00360	0.00117	0.00510	0.00315	0.00234	0.00574

[dist]
# distance from previous block
# <min> <max>
0	2

[block]
# block no. 3 follows, 65 sequences, length 14
# corresponding to MSA columns:
# 147-160
name=unknown_D
#
# <colnr> <probs for GDERKNQSTAVLIFYWHMCP>
#	G	D	E	R	K	N	Q	S	T	A	V	L	I	F	Y	W	H	M	C	P
0	0.00986	0.00614	0.00702	0.00631	0.00810	0.02242	0.00484	0.04399	0.15508	0.20392	0.11943	0.14194	0.18176	0.02825	0.00487	0.00142	0.00288	0.00660	0.04017	0.00500
1	0.02673	0.06754	0.09686	0.02313	0.18456	0.08221	0.03589	0.16407	0.06480	0.09942	0.06346	0.02764	0.02554	0.00516	0.01393	0.00130	0.00470	0.00404	0.00307	0.00595
2	0.02410	0.09672	0.17987	0.04512	0.10324	0.05794	0.08240	0.06591	0.18755	0.03757	0.01124	0.05312	0.02752	0.00488	0.00402	0.00128	0.00479	0.00416	0.00277	0.00581
3	0.00546	0.00388	0.00463	0.00503	0.00536	0.00369	0.00325	0.00597	0.00732	0.00955	0.02114	0.34604	0.13727	0.37618	0.01196	0.00263	0.00309	0.04129	0.00324	0.00301
4	0.01302	0.40593	0.05329	0.00887	0.01204	0.26465	0.02592	0.11836	0.01093	0.04243	0.00696	0.00772	0.00570	0.00399	0.00331	0.00102	0.00542	0.00269	0.00230	0.00544
5	0.01050	0.03579	0.06858	0.13226	0.33264	0.04203	0.04202	0.03057	0.00905	0.08150	0.00786	0.01008	0.00628	0.00457	0.00585	0.00135	0.16751	0.00361	0.00224	0.00573
6	0.00551	0.00385	0.00488	0.00552	0.00598	0.00363	0.00380	0.01998	0.00827	0.01117	0.05564	0.60671	0.08992	0.04581	0.00601	0.02813	0.00249	0.03541	0.05388	0.00339
7	0.00775	0.00730	0.01231	0.84587	0.02827	0.00912	0.01140	0.01049	0.00821	0.01049	0.00730	0.01094	0.00547	0.00410	0.00410	0.00137	0.00547	0.00365	0.00182	0.00456
8	0.01075	0.10057	0.04683	0.01057	0.04672	0.13044	0.15258	0.13436	0.12286	0.01468	0.06416	0.05275	0.06735	0.00542	0.00436	0.00127	0.02129	0.00465	0.00298	0.00543
9	0.01242	0.39552	0.01523	0.00802	0.01082	0.22998	0.00690	0.06979	0.08975	0.04630	0.00826	0.00886	0.00671	0.00416	0.00325	0.00102	0.00485	0.00286	0.06996	0.00533
10	0.01117	0.00585	0.00727	0.00629	0.00831	0.00539	0.00494	0.07036	0.03702	0.32769	0.12724	0.13740	0.20198	0.00791	0.00457	0.00137	0.00289	0.02274	0.00442	0.00520
11	0.01183	0.01380	0.01295	0.15004	0.06932	0.41451	0.09996	0.01402	0.04603	0.01129	0.04148	0.01102	0.03466	0.00466	0.00451	0.00123	0.04784	0.00365	0.00229	0.00491
12	0.46190	0.04327	0.00928	0.00732	0.00984	0.05096	0.03553	0.13877	0.02868	0.07065	0.00771	0.00856	0.00586	0.00439	0.00389	0.00127	0.06595	0.00292	0.03814	0.00512
13	0.01069	0.17461	0.16861	0.00796	0.01098	0.03666	0.00771	0.10110	0.03250	0.12975	0.11722	0.05545	0.04622	0.00563	0.00428	0.00123	0.03800	0.00441	0.04157	0.00542

[dist]
# distance from previous block
# <min> <max>
7	11

[block]
# block no. 4 follows, 65 sequences, length 20
# corresponding to MSA columns:
# 175-194
name=unknown_E
#
# <colnr> <probs for GDERKNQSTAVLIFYWHMCP>
#	G	D	E	R	K	N	Q	S	T	A	V	L	I	F	Y	W	H	M	C	P
0	0.00978	0.17784	0.32610	0.08143	0.12672	0.04610	0.01102	0.03082	0.00910	0.03548	0.00734	0.00876	0.00570	0.00378	0.00360	0.00112	0.00514	0.00297	0.00203	0.10517
1	0.00782	0.00729	0.01280	0.01033	0.01244	0.03437	0.32359	0.00974	0.00907	0.04575	0.01802	0.33925	0.10436	0.00808	0.00490	0.00148	0.00436	0.01982	0.02211	0.00443
2	0.00975	0.01035	0.00843	0.00802	0.00932	0.32798	0.00608	0.02940	0.00908	0.01048	0.02371	0.07351	0.00997	0.01737	0.39424	0.00369	0.00837	0.00426	0.03182	0.00415
3	0.00571	0.00405	0.00539	0.00565	0.00620	0.00425	0.00405	0.00675	0.00718	0.01007	0.01673	0.24342	0.07262	0.15353	0.36617	0.00408	0.00628	0.00685	0.06763	0.00339
4	0.02332	0.06846	0.01381	0.12343	0.38282	0.06190	0.02976	0.02526	0.09686	0.01292	0.01105	0.07090	0.04300	0.00498	0.00409	0.00127	0.00462	0.01347	0.00248	0.00563
5	0.00586	0.00440	0.00660	0.00660	0.00733	0.00513	0.00513	0.00733	0.00660	0.00953	0.01100	0.01613	0.01026	0.03079	0.83947	0.00660	0.01100	0.00440	0.00220	0.00367
6	0.00635	0.00446	0.00630	0.00618	0.00707	0.00488	0.00475	0.00770	0.00727	0.04908	0.03976	0.01976	0.10432	0.07534	0.63100	0.00543	0.00893	0.00505	0.00261	0.00374
7	0.16456	0.00873	0.00964	0.00769	0.01063	0.00915	0.00630	0.27580	0.10538	0.31721	0.01233	0.01158	0.00843	0.00486	0.00382	0.00126	0.00370	0.00371	0.02881	0.00640
8	0.00811	0.00820	0.01622	0.03346	0.04071	0.00795	0.44695	0.01049	0.00856	0.01160	0.01158	0.03015	0.04818	0.13025	0.14189	0.00261	0.00666	0.02950	0.00231	0.00462
9	0.00498	0.00364	0.00469	0.00553	0.00591	0.00335	0.00373	0.00574	0.00804	0.01055	0.02488	0.75628	0.12248	0.01257	0.00519	0.00163	0.00235	0.01131	0.00381	0.00335
10	0.00874	0.07955	0.74172	0.01132	0.01704	0.04634	0.01428	0.01310	0.00877	0.01264	0.00721	0.00847	0.00521	0.00389	0.00380	0.00126	0.00601	0.00296	0.00175	0.00595
11	0.00807	0.00734	0.01224	0.01004	0.01187	0.00750	0.24512	0.10058	0.00981	0.01328	0.04829	0.32339	0.05757	0.00825	0.00581	0.00152	0.09061	0.03101	0.00315	0.00456
12	0.00509	0.00369	0.00480	0.00564	0.00600	0.00343	0.00385	0.00589	0.00808	0.01068	0.04114	0.72420	0.08838	0.02857	0.00552	0.00169	0.00244	0.04376	0.00380	0.00336
13	0.04515	0.36948	0.08861	0.06624	0.01175	0.06063	0.00766	0.01155	0.00814	0.04405	0.00758	0.00966	0.00655	0.00991	0.18753	0.00230	0.05321	0.00304	0.00205	0.00490
14	0.00527	0.00389	0.00545	0.00611	0.00652	0.00365	0.02762	0.00617	0.00811	0.01085	0.05416	0.73759	0.02659	0.02748	0.00552	0.00170	0.00260	0.05353	0.00376	0.00343
15	0.00791	0.00746	0.01260	0.79171	0.08119	0.00916	0.01148	0.01063	0.00828	0.01068	0.00732	0.01089	0.00554	0.00407	0.00410	0.00136	0.00543	0.00365	0.00184	0.00469
16	0.00573	0.00448	0.00513	0.00540	0.00626	0.01681	0.00385	0.03137	0.02790	0.01199	0.13094	0.38690	0.27499	0.04562	0.00564	0.00160	0.00249	0.02543	0.00384	0.00362
17	0.32902	0.00796	0.00913	0.02368	0.03787	0.00764	0.05872	0.04146	0.00862	0.04584	0.01876	0.00867	0.00614	0.00361	0.00314	0.00099	0.00351	0.00276	0.00261	0.37986
18	0.02130	0.00830	0.00786	0.00782	0.05302	0.16595	0.00548	0.07268	0.02304	0.07405	0.10355	0.08032	0.09867	0.18907	0.00796	0.00190	0.00413	0.06731	0.00328	0.00433
19	0.03742	0.09191	0.07863	0.01121	0.10060	0.17809	0.04324	0.14105	0.02287	0.11068	0.00892	0.03774	0.00714	0.00481	0.00479	0.00124	0.08779	0.00359	0.00278	0.02551

[dist]
# distance from previous block
# <min> <max>
1	5

[block]
# block no. 5 follows, 65 sequences, length 14
# corresponding to MSA columns:
# 200-213
name=unknown_F
#
# <colnr> <probs for GDERKNQSTAVLIFYWHMCP>
#	G	D	E	R	K	N	Q	S	T	A	V	L	I	F	Y	W	H	M	C	P
0	0.03799	0.00535	0.00761	0.02344	0.17763	0.00523	0.00582	0.00827	0.00896	0.01283	0.17104	0.32260	0.04907	0.04027	0.00523	0.00152	0.00300	0.04533	0.05066	0.01817
1	0.03465	0.01160	0.04380	0.15814	0.38087	0.17001	0.05421	0.01339	0.04935	0.01247	0.00773	0.00988	0.00624	0.00403	0.00424	0.00125	0.02684	0.00351	0.00212	0.00566
2	0.00586	0.00449	0.00530	0.00550	0.00649	0.00422	0.00406	0.04634	0.03440	0.01268	0.15172	0.33201	0.29637	0.01063	0.00499	0.00150	0.00244	0.06328	0.00394	0.00377
3	0.01084	0.27532	0.23242	0.01120	0.10076	0.11026	0.03272	0.08122	0.05179	0.01287	0.00812	0.00915	0.02201	0.00414	0.00376	0.00115	0.02125	0.00311	0.00220	0.00572
4	0.00591	0.00402	0.00463	0.00463	0.00475	0.00405	0.00272	0.00607	0.00618	0.00823	0.01414	0.02662	0.05312	0.75134	0.08397	0.00406	0.00444	0.00597	0.00253	0.00263
5	0.01001	0.00973	0.06912	0.02454	0.10097	0.04733	0.00757	0.08716	0.41844	0.01637	0.08942	0.03043	0.03577	0.00560	0.00418	0.00132	0.00376	0.00470	0.02765	0.00594
6	0.00713	0.00357	0.00535	0.00535	0.00535	0.00357	0.00357	0.00535	0.00535	0.00713	0.00713	0.01248	0.00713	0.01426	0.01604	0.88057	0.00357	0.00357	0.00178	0.00178
7	0.00678	0.00549	0.00770	0.03569	0.00848	0.00666	0.00576	0.02418	0.03598	0.01010	0.01087	0.05678	0.01061	0.11125	0.49602	0.00479	0.15191	0.00475	0.00234	0.00386
8	0.01058	0.73750	0.13876	0.00770	0.01158	0.01527	0.00820	0.01239	0.00839	0.01014	0.00595	0.00688	0.00526	0.00357	0.00282	0.00094	0.00463	0.00232	0.00175	0.00538
9	0.01706	0.00763	0.00976	0.00758	0.01064	0.00714	0.00623	0.13829	0.05265	0.63782	0.04990	0.01414	0.01102	0.00522	0.00416	0.00127	0.00357	0.00423	0.00487	0.00683
10	0.03742	0.04880	0.17830	0.03250	0.00956	0.00657	0.01928	0.03403	0.00776	0.06191	0.01166	0.08119	0.01174	0.37076	0.06908	0.00282	0.00485	0.00511	0.00256	0.00410
11	0.00913	0.11782	0.01180	0.02519	0.09397	0.06245	0.05358	0.09421	0.05321	0.01255	0.03244	0.05125	0.00978	0.01451	0.31062	0.00320	0.03260	0.00427	0.00254	0.00487
12	0.06421	0.06083	0.08648	0.02215	0.06205	0.04838	0.02117	0.18165	0.08481	0.05588	0.00883	0.00962	0.00677	0.00426	0.00415	0.00111	0.04989	0.00321	0.00288	0.22169
13	0.05501	0.03773	0.08387	0.00885	0.03885	0.04984	0.00737	0.28497	0.08087	0.05150	0.01303	0.10912	0.04888	0.00656	0.02123	0.00140	0.02115	0.02888	0.00340	0.04750

[dist]
# distance from previous block
# <min> <max>
0	12

[block]
# block no. 6 follows, 65 sequences, length 28
# corresponding to MSA columns:
# 226-253
name=unknown_G
#
# <colnr> <probs for GDERKNQSTAVLIFYWHMCP>
#	G	D	E	R	K	N	Q	S	T	A	V	L	I	F	Y	W	H	M	C	P
0	0.01024	0.01035	0.08768	0.01649	0.40032	0.03037	0.02375	0.11903	0.04527	0.02594	0.05348	0.05050	0.02424	0.00476	0.00422	0.00122	0.01515	0.00422	0.00269	0.07007
1	0.00790	0.00667	0.00842	0.00767	0.00847	0.03811	0.00605	0.03690	0.04366	0.03190	0.05935	0.01658	0.06115	0.07963	0.31601	0.00358	0.24261	0.00464	0.01652	0.00417
2	0.01117	0.00925	0.01213	0.04606	0.22267	0.01001	0.03373	0.17256	0.32172	0.04767	0.04850	0.01359	0.02221	0.00500	0.00419	0.00131	0.00405	0.00433	0.00350	0.00634
3	0.00969	0.01107	0.02422	0.01730	0.02145	0.01038	0.81522	0.01315	0.00969	0.01315	0.00830	0.01107	0.00623	0.00346	0.00484	0.00138	0.00692	0.00484	0.00208	0.00554
4	0.02354	0.00948	0.01229	0.09223	0.07110	0.06907	0.02050	0.05524	0.05324	0.01164	0.00706	0.00996	0.00624	0.00751	0.05908	0.00188	0.47930	0.00364	0.00214	0.00487
5	0.01433	0.01022	0.01070	0.00872	0.01159	0.06368	0.00702	0.33935	0.28790	0.18208	0.01320	0.01235	0.00937	0.00513	0.00411	0.00128	0.00407	0.00403	0.00420	0.00668
6	0.00537	0.00397	0.00501	0.00552	0.00609	0.00373	0.00382	0.00676	0.03982	0.01193	0.18538	0.55392	0.10883	0.03282	0.00548	0.00161	0.00234	0.01011	0.00393	0.00355
7	0.01385	0.00685	0.00867	0.00680	0.00962	0.00608	0.00551	0.07525	0.03018	0.45949	0.12343	0.01675	0.06831	0.00555	0.00410	0.00117	0.00319	0.00458	0.00440	0.14622
8	0.00589	0.00396	0.00448	0.00453	0.00458	0.00393	0.00257	0.00595	0.00615	0.00817	0.01414	0.06927	0.03575	0.79181	0.01970	0.00380	0.00385	0.00633	0.00259	0.00255
9	0.00823	0.02123	0.83447	0.01170	0.01777	0.00953	0.01517	0.01300	0.00867	0.01300	0.00737	0.00867	0.00520	0.00390	0.00390	0.00130	0.00607	0.00303	0.00173	0.00607
10	0.01007	0.00966	0.01650	0.05566	0.80037	0.00973	0.01255	0.01252	0.00930	0.01330	0.00771	0.01019	0.00646	0.00367	0.00407	0.00122	0.00490	0.00366	0.00202	0.00643
11	0.01690	0.00864	0.01047	0.00806	0.01120	0.00855	0.00664	0.32798	0.01467	0.49280	0.04123	0.01294	0.00990	0.00513	0.00414	0.00126	0.00384	0.00407	0.00468	0.00688
12	0.03935	0.01103	0.01031	0.00835	0.01098	0.13706	0.00672	0.49706	0.01552	0.03637	0.01001	0.01054	0.00740	0.00476	0.00376	0.00115	0.00439	0.00353	0.17575	0.00595
13	0.00622	0.00490	0.00571	0.00548	0.00675	0.00475	0.00416	0.00935	0.13722	0.01463	0.41316	0.06164	0.26342	0.00881	0.00479	0.00137	0.00227	0.03702	0.00421	0.00414
14	0.00510	0.00368	0.00485	0.00575	0.00610	0.00343	0.00396	0.00591	0.00805	0.01063	0.02363	0.75360	0.07205	0.01262	0.00525	0.00167	0.00246	0.06408	0.00381	0.00337
15	0.00592	0.00416	0.00538	0.00538	0.00570	0.00447	0.00362	0.00655	0.00624	0.00863	0.01210	0.02227	0.01293	0.50251	0.37139	0.00510	0.00698	0.00530	0.00236	0.00299
16	0.01535	0.01921	0.01166	0.01053	0.01269	0.80285	0.00793	0.05163	0.01197	0.01074	0.00650	0.00751	0.00536	0.00426	0.00372	0.00107	0.00728	0.00269	0.00220	0.00486
17	0.00497	0.00389	0.00451	0.00498	0.00581	0.00344	0.00353	0.00589	0.00869	0.01092	0.04579	0.42314	0.42127	0.01154	0.00505	0.00153	0.00225	0.02557	0.00382	0.00342
18	0.47261	0.00764	0.00779	0.00638	0.00922	0.00793	0.00526	0.04290	0.00951	0.37841	0.01048	0.01000	0.00706	0.00441	0.00329	0.00127	0.00336	0.00311	0.00372	0.00565
19	0.02530	0.00732	0.00885	0.00714	0.00965	0.00724	0.00577	0.20444	0.05044	0.35655	0.17495	0.01671	0.02571	0.00623	0.01974	0.00135	0.00344	0.00472	0.05843	0.00601
20	0.00574	0.00436	0.00509	0.00528	0.00627	0.00404	0.00381	0.02151	0.05426	0.02539	0.13370	0.35910	0.33503	0.01067	0.00494	0.00148	0.00231	0.00931	0.00395	0.00375
21	0.00571	0.00429	0.00544	0.00615	0.00654	0.02141	0.00440	0.00661	0.00795	0.01060	0.02037	0.59672	0.02375	0.06311	0.04315	0.00203	0.02889	0.11862	0.02082	0.00343
22	0.01352	0.01043	0.01089	0.00885	0.01167	0.04311	0.00716	0.48130	0.24500	0.04940	0.03660	0.01324	0.02511	0.00540	0.00417	0.00129	0.00410	0.01812	0.00408	0.00655
23	0.02210	0.01140	0.14272	0.06799	0.22279	0.05324	0.18864	0.02159	0.02968	0.01253	0.00871	0.05149	0.00744	0.00652	0.06720	0.00174	0.07239	0.00421	0.00215	0.00546
24	0.00718	0.00458	0.00581	0.00595	0.03155	0.00419	0.00418	0.00835	0.00925	0.12224	0.15413	0.22868	0.25964	0.07058	0.06280	0.00196	0.00315	0.00795	0.00384	0.00401
25	0.19575	0.00731	0.00889	0.00698	0.01002	0.00688	0.00576	0.04168	0.01099	0.64255	0.01386	0.01236	0.00890	0.00482	0.00380	0.00127	0.00346	0.00373	0.00453	0.00647
26	0.06439	0.02156	0.02259	0.08568	0.24111	0.07112	0.08911	0.12890	0.01096	0.11406	0.03633	0.01183	0.02996	0.00488	0.01521	0.00133	0.02626	0.00392	0.01499	0.00580
27	0.00991	0.15569	0.31401	0.01004	0.05378	0.06105	0.00993	0.07827	0.07989	0.03385	0.05874	0.04026	0.00933	0.02991	0.01524	0.00138	0.02680	0.00380	0.00253	0.00561

[dist]
# distance from previous block
# <min> <max>
2	19

[block]
# block no. 7 follows, 65 sequences, length 58
# corresponding to MSA columns:
# 273-330
name=unknown_H
#
# <colnr> <probs for GDERKNQSTAVLIFYWHMCP>
#	G	D	E	R	K	N	Q	S	T	A	V	L	I	F	Y	W	H	M	C	P
0	0.01185	0.53566	0.06652	0.00781	0.01114	0.08241	0.00742	0.07940	0.04036	0.07496	0.00813	0.04332	0.00697	0.00430	0.00320	0.00103	0.00456	0.00304	0.00241	0.00551
1	0.01761	0.02987	0.00619	0.00570	0.00646	0.00496	0.00414	0.02447	0.01583	0.01045	0.08188	0.08305	0.05716	0.26526	0.24250	0.05797	0.00549	0.04904	0.00280	0.02916
2	0.01035	0.00967	0.01633	0.02441	0.79312	0.00968	0.01231	0.01297	0.02708	0.03269	0.00812	0.01036	0.00672	0.00373	0.00407	0.00122	0.00481	0.00369	0.00215	0.00651
3	0.02322	0.09300	0.16539	0.00855	0.03311	0.03810	0.02990	0.09606	0.07096	0.09147	0.04920	0.12437	0.11153	0.00684	0.01731	0.00139	0.00416	0.01551	0.00321	0.01671
4	0.05655	0.00895	0.01059	0.00850	0.03120	0.00909	0.00680	0.36244	0.01462	0.40350	0.01283	0.02454	0.00870	0.00504	0.00404	0.00125	0.00391	0.00395	0.01673	0.00675
5	0.00539	0.00421	0.00509	0.00516	0.00615	0.00402	0.00385	0.00669	0.01673	0.01137	0.14047	0.11031	0.38472	0.05553	0.19719	0.00273	0.00428	0.02908	0.00348	0.00355
6	0.12860	0.03035	0.03224	0.01137	0.06784	0.04059	0.24048	0.10519	0.05781	0.07244	0.05342	0.05544	0.00964	0.00477	0.00410	0.00127	0.00470	0.01272	0.00295	0.06406
7	0.00885	0.01560	0.00845	0.02734	0.00937	0.12902	0.02528	0.07526	0.00923	0.03856	0.03067	0.09381	0.04106	0.03288	0.27615	0.02268	0.04983	0.06525	0.03649	0.00424
8	0.00567	0.00394	0.00499	0.00551	0.00578	0.00388	0.00373	0.00630	0.00725	0.00966	0.01798	0.35836	0.02085	0.36106	0.04861	0.00287	0.00362	0.12367	0.00319	0.00306
9	0.01187	0.01025	0.01721	0.01313	0.03542	0.02282	0.39786	0.19233	0.09319	0.10346	0.01098	0.04237	0.00843	0.00463	0.00453	0.00135	0.00541	0.01560	0.00314	0.00601
10	0.00978	0.02945	0.01619	0.13678	0.25529	0.05407	0.23345	0.02412	0.00917	0.03718	0.00833	0.01105	0.00670	0.00648	0.07961	0.01308	0.03649	0.00398	0.02340	0.00540
11	0.01724	0.00787	0.00996	0.00773	0.01083	0.00745	0.00635	0.17313	0.04931	0.62469	0.01513	0.03007	0.01000	0.00523	0.00415	0.00128	0.00366	0.00422	0.00483	0.00689
12	0.01376	0.00674	0.00869	0.00727	0.00962	0.00649	0.00591	0.10401	0.05128	0.43951	0.06544	0.01955	0.01364	0.05934	0.06927	0.00192	0.00414	0.10323	0.00436	0.00585
13	0.60366	0.00819	0.02942	0.00624	0.00894	0.00867	0.00529	0.05534	0.03212	0.15560	0.00870	0.00982	0.00652	0.00440	0.00308	0.00129	0.00338	0.02972	0.01454	0.00508
14	0.00617	0.00413	0.00443	0.00434	0.00549	0.00380	0.00326	0.00790	0.02326	0.01392	0.20913	0.02839	0.34156	0.00784	0.00412	0.00121	0.00201	0.00657	0.31874	0.00374
15	0.00589	0.00411	0.00509	0.00517	0.00535	0.00429	0.00330	0.00629	0.00633	0.00862	0.01355	0.12208	0.01524	0.57072	0.18799	0.00421	0.02006	0.00628	0.00257	0.00287
16	0.00976	0.05457	0.22680	0.05312	0.10021	0.02507	0.31256	0.04563	0.06307	0.02592	0.00867	0.02215	0.00668	0.00407	0.00447	0.00132	0.02386	0.00404	0.00224	0.00579
17	0.00592	0.00419	0.00552	0.00552	0.00588	0.00455	0.00379	0.00664	0.00628	0.00873	0.01198	0.02157	0.01262	0.44873	0.42476	0.00527	0.00744	0.00519	0.00235	0.00307
18	0.00516	0.00402	0.00473	0.00515	0.00606	0.00359	0.00381	0.00624	0.00898	0.01133	0.07844	0.32426	0.40985	0.01125	0.00508	0.00154	0.00237	0.10082	0.00385	0.00348
19	0.05461	0.01176	0.03195	0.02231	0.01274	0.11774	0.04309	0.50053	0.01577	0.08764	0.02917	0.02359	0.00811	0.00500	0.00407	0.00124	0.00480	0.01591	0.00368	0.00628
20	0.00915	0.04492	0.65940	0.01172	0.05075	0.04543	0.01366	0.07095	0.00960	0.01367	0.00835	0.00949	0.02661	0.00413	0.00390	0.00127	0.00581	0.00321	0.00199	0.00600
21	0.01486	0.01782	0.01167	0.01039	0.01253	0.68313	0.00792	0.09827	0.04124	0.01192	0.00703	0.00802	0.00573	0.00450	0.00425	0.00112	0.04934	0.00287	0.00238	0.00504
22	0.00597	0.00398	0.00448	0.00448	0.00448	0.00398	0.00249	0.00597	0.00597	0.00796	0.01293	0.02686	0.01492	0.85574	0.02089	0.00398	0.00398	0.00597	0.00249	0.00249
23	0.00503	0.00358	0.00476	0.00568	0.00591	0.00335	0.00377	0.00572	0.00781	0.01041	0.02236	0.83073	0.02682	0.03564	0.00566	0.00173	0.00242	0.01152	0.00377	0.00331
24	0.02368	0.01315	0.01211	0.01062	0.01149	0.33945	0.00850	0.01248	0.00841	0.01006	0.00577	0.00832	0.00534	0.00597	0.00946	0.00150	0.50396	0.00320	0.00193	0.00460
25	0.03591	0.00906	0.01070	0.00821	0.01143	0.00913	0.00678	0.38153	0.01501	0.43084	0.01289	0.01182	0.00850	0.00494	0.00406	0.00124	0.00394	0.00385	0.00453	0.02563
26	0.00851	0.00730	0.00851	0.00608	0.00973	0.00547	0.00486	0.01034	0.00851	0.01338	0.00730	0.00851	0.00608	0.00304	0.00304	0.00061	0.00304	0.00243	0.00243	0.88083
27	0.01533	0.01109	0.01197	0.00926	0.01245	0.01222	0.00762	0.74947	0.03948	0.05442	0.01054	0.02862	0.00768	0.00512	0.00413	0.00125	0.00440	0.00391	0.00414	0.00689
28	0.05193	0.09318	0.05216	0.02635	0.04237	0.10849	0.04873	0.07428	0.04414	0.05819	0.16635	0.06447	0.07790	0.00649	0.02223	0.00133	0.00419	0.00494	0.00317	0.04910
29	0.01097	0.85821	0.02151	0.00702	0.01054	0.01624	0.00702	0.01229	0.00834	0.00966	0.00571	0.00658	0.00527	0.00351	0.00263	0.00088	0.00439	0.00219	0.00176	0.00527
30	0.00512	0.00363	0.00469	0.00551	0.00588	0.00337	0.00372	0.00592	0.00805	0.01082	0.03519	0.74664	0.08434	0.01227	0.00510	0.00161	0.00233	0.01106	0.04136	0.00337
31	0.05219	0.09225	0.01672	0.02448	0.09820	0.07429	0.25582	0.17347	0.01140	0.09058	0.00855	0.00995	0.00645	0.00426	0.00473	0.00128	0.06303	0.00378	0.00272	0.00584
32	0.06858	0.00811	0.01248	0.00951	0.01255	0.00767	0.21294	0.06414	0.06920	0.26589	0.09737	0.03129	0.03168	0.00505	0.00423	0.00126	0.00414	0.00465	0.00367	0.08561
33	0.03153	0.13686	0.35562	0.01090	0.06697	0.03585	0.02871	0.13434	0.01053	0.07074	0.02599	0.00946	0.00667	0.00426	0.00410	0.00122	0.03555	0.00324	0.00246	0.02500
34	0.01204	0.01193	0.00984	0.00882	0.01104	0.27775	0.00682	0.06581	0.40060	0.04447	0.05035	0.01465	0.03277	0.00551	0.00411	0.00128	0.00460	0.02837	0.00353	0.00570
35	0.00850	0.00654	0.00736	0.00670	0.00848	0.00688	0.00524	0.07887	0.29749	0.04656	0.24601	0.03751	0.16245	0.00759	0.00458	0.00138	0.00281	0.05576	0.00421	0.00508
36	0.04321	0.01007	0.03502	0.07266	0.48274	0.04229	0.06814	0.07041	0.03878	0.05902	0.00895	0.02325	0.00725	0.00419	0.00410	0.00126	0.00492	0.01514	0.00248	0.00613
37	0.03040	0.00495	0.00564	0.00532	0.00601	0.00502	0.00346	0.02499	0.08050	0.09459	0.01402	0.08007	0.01463	0.59524	0.01579	0.00319	0.00374	0.00591	0.00303	0.00351
38	0.00507	0.00361	0.00473	0.00560	0.00584	0.00338	0.00370	0.00574	0.00775	0.01031	0.02230	0.77838	0.04179	0.07294	0.00635	0.00183	0.00249	0.01120	0.00372	0.00328
39	0.04119	0.00888	0.05042	0.02188	0.05740	0.00837	0.08000	0.20019	0.06117	0.25631	0.07366	0.03533	0.02775	0.00548	0.00424	0.00131	0.00405	0.03184	0.02447	0.00606
40	0.03057	0.11833	0.03732	0.03984	0.30142	0.18296	0.00944	0.04558	0.06465	0.03231	0.00812	0.02058	0.00680	0.01511	0.00456	0.00123	0.05601	0.00340	0.00233	0.01942
41	0.00506	0.00368	0.00478	0.00556	0.00596	0.00340	0.00379	0.00591	0.00827	0.01096	0.07886	0.71229	0.10151	0.01231	0.00518	0.00162	0.00234	0.02127	0.00386	0.00339
42	0.00859	0.00624	0.03994	0.00691	0.00847	0.02226	0.02565	0.07686	0.02256	0.05680	0.01659	0.06780	0.01589	0.00777	0.00440	0.00144	0.00340	0.32468	0.27934	0.00440
43	0.00703	0.00616	0.00822	0.01975	0.00843	0.00746	0.00608	0.03681	0.00799	0.01111	0.04514	0.33978	0.11121	0.00974	0.00838	0.00166	0.33659	0.02146	0.00302	0.00398
44	0.05227	0.00740	0.00958	0.00739	0.01051	0.00675	0.00610	0.09413	0.01227	0.71047	0.02966	0.01359	0.01015	0.00507	0.00408	0.00127	0.00355	0.00407	0.00488	0.00683
45	0.00925	0.01417	0.27091	0.01560	0.02033	0.01012	0.57164	0.01310	0.00938	0.01310	0.00802	0.01034	0.00592	0.00359	0.00456	0.00136	0.00666	0.00429	0.00197	0.00570
46	0.01798	0.00768	0.00996	0.00763	0.01083	0.00707	0.00631	0.14322	0.01292	0.70811	0.01521	0.01333	0.00967	0.00506	0.00412	0.00126	0.00365	0.00406	0.00493	0.00699
47	0.00986	0.01133	0.02384	0.01710	0.02119	0.03552	0.79074	0.01325	0.00975	0.01305	0.00825	0.01096	0.00620	0.00348	0.00481	0.00137	0.00694	0.00478	0.00208	0.00551
48	0.00823	0.02123	0.83447	0.01170	0.01777	0.00953	0.01517	0.01300	0.00867	0.01300	0.00737	0.00867	0.00520	0.00390	0.00390	0.00130	0.00607	0.00303	0.00173	0.00607
49	0.00617	0.00437	0.00528	0.00542	0.00641	0.00407	0.00404	0.03883	0.00982	0.03135	0.20892	0.28183	0.23340	0.01009	0.00487	0.00146	0.00241	0.07937	0.05811	0.00378
50	0.00598	0.00401	0.00458	0.00460	0.00464	0.00402	0.00265	0.00606	0.00607	0.00810	0.01310	0.02708	0.01503	0.81593	0.03970	0.00399	0.00414	0.02526	0.00251	0.00255
51	0.00688	0.00526	0.00604	0.00621	0.00713	0.03329	0.00446	0.03673	0.10758	0.03777	0.15565	0.49089	0.06550	0.01031	0.00490	0.00151	0.00268	0.00915	0.00396	0.00410
52	0.00602	0.00448	0.02505	0.00621	0.00688	0.00399	0.01884	0.02029	0.00822	0.03570	0.02116	0.60922	0.05722	0.03001	0.00617	0.05605	0.00283	0.07451	0.00362	0.00354
53	0.01080	0.01107	0.01459	0.16271	0.47733	0.16273	0.02080	0.01352	0.05279	0.02296	0.00799	0.01012	0.00646	0.00396	0.00402	0.00123	0.00537	0.00354	0.00216	0.00584
54	0.00593	0.00413	0.00540	0.00559	0.00642	0.00390	0.00412	0.00726	0.00935	0.04397	0.27840	0.31821	0.13379	0.01268	0.09556	0.00204	0.00325	0.05236	0.00391	0.00372
55	0.00515	0.00407	0.00462	0.00483	0.00585	0.00359	0.00355	0.00625	0.00922	0.01160	0.13455	0.20842	0.48292	0.04052	0.00555	0.00156	0.00230	0.05814	0.00385	0.00347
56	0.03038	0.11699	0.03196	0.02338	0.04315	0.37165	0.06531	0.13466	0.07753	0.01352	0.00802	0.01968	0.00651	0.00448	0.00413	0.00117	0.03627	0.00327	0.00254	0.00540
57	0.44962	0.07559	0.11840	0.00755	0.01071	0.07258	0.00697	0.13974	0.05716	0.01751	0.00727	0.00799	0.00554	0.00411	0.00316	0.00123	0.00418	0.00273	0.00268	0.00526

[dist]
# distance from previous block
# <min> <max>
0	5

[block]
# block no. 8 follows, 65 sequences, length 28
# corresponding to MSA columns:
# 346-373
name=unknown_I
#
# <colnr> <probs for GDERKNQSTAVLIFYWHMCP>
#	G	D	E	R	K	N	Q	S	T	A	V	L	I	F	Y	W	H	M	C	P
0	0.02316	0.01279	0.11697	0.01186	0.07465	0.17605	0.16520	0.12245	0.06515	0.06777	0.03138	0.01201	0.02211	0.02257	0.00448	0.00129	0.00540	0.01483	0.01597	0.03389
1	0.11107	0.00926	0.01268	0.03261	0.38368	0.02981	0.02835	0.11955	0.08892	0.01576	0.03672	0.02095	0.04623	0.00496	0.01543	0.00132	0.00438	0.00401	0.00277	0.03156
2	0.00983	0.00976	0.01663	0.09125	0.41095	0.02972	0.18770	0.03595	0.03210	0.01334	0.04655	0.01137	0.00793	0.00427	0.00504	0.00132	0.07414	0.00409	0.00224	0.00581
3	0.01404	0.04516	0.01080	0.00868	0.02335	0.19941	0.01966	0.05325	0.04908	0.31291	0.02963	0.01173	0.00872	0.00679	0.06713	0.00160	0.06403	0.00365	0.00344	0.06694
4	0.06070	0.01073	0.01153	0.00896	0.01211	0.01177	0.00737	0.67226	0.04445	0.08531	0.01060	0.02719	0.00768	0.00506	0.00405	0.00125	0.00429	0.00384	0.00409	0.00676
5	0.00513	0.00367	0.00491	0.00587	0.00616	0.00345	0.00404	0.00594	0.00799	0.01063	0.02255	0.78743	0.02686	0.01274	0.00527	0.00169	0.00250	0.07600	0.00381	0.00337
6	0.00548	0.00413	0.00461	0.00468	0.00580	0.00359	0.00340	0.00652	0.00924	0.03783	0.12324	0.19225	0.52322	0.05030	0.00566	0.00155	0.00226	0.00883	0.00387	0.00355
7	0.01594	0.00903	0.01056	0.00809	0.01128	0.00907	0.00666	0.39514	0.01495	0.35909	0.01242	0.01166	0.00836	0.00484	0.00399	0.00119	0.00388	0.00378	0.03645	0.07361
8	0.00973	0.00932	0.01589	0.17099	0.68768	0.00964	0.01238	0.01222	0.00914	0.01289	0.00765	0.01030	0.00632	0.00374	0.00407	0.00125	0.00498	0.00366	0.00199	0.00616
9	0.00510	0.00369	0.00483	0.00566	0.00604	0.00343	0.00388	0.00594	0.00822	0.01090	0.06579	0.72454	0.08035	0.01240	0.00521	0.00164	0.00239	0.04276	0.00385	0.00339
10	0.01408	0.00660	0.00823	0.00670	0.00910	0.00632	0.00541	0.13361	0.01173	0.43552	0.03410	0.05370	0.01126	0.00678	0.04743	0.00149	0.00360	0.00445	0.19401	0.00588
11	0.00897	0.00840	0.05115	0.09555	0.26494	0.00822	0.08517	0.05629	0.00919	0.04348	0.02141	0.09094	0.02043	0.04802	0.08983	0.00203	0.04925	0.03898	0.00255	0.00519
12	0.12938	0.00830	0.00924	0.00762	0.01027	0.00875	0.00624	0.27639	0.09510	0.24282	0.01320	0.03233	0.01009	0.00557	0.00398	0.00131	0.00366	0.06915	0.06054	0.00606
13	0.02635	0.00706	0.00814	0.00697	0.00926	0.00731	0.00552	0.02821	0.33520	0.28726	0.06655	0.01562	0.01283	0.00541	0.00394	0.00126	0.00303	0.00445	0.15963	0.00599
14	0.01457	0.00956	0.01057	0.00846	0.01109	0.05285	0.00688	0.39119	0.03446	0.23257	0.03319	0.02177	0.00943	0.02578	0.02244	0.00146	0.05848	0.01604	0.03298	0.00625
15	0.02258	0.01226	0.05879	0.04063	0.06891	0.29614	0.02722	0.08430	0.04980	0.05221	0.12578	0.06063	0.04948	0.00570	0.00425	0.00124	0.01545	0.00455	0.01501	0.00507
16	0.02122	0.00544	0.00736	0.02266	0.00807	0.00600	0.03333	0.04957	0.02362	0.01124	0.01649	0.39986	0.02868	0.13141	0.05221	0.00223	0.12635	0.04732	0.00315	0.00379
17	0.00612	0.00477	0.00661	0.00658	0.00732	0.02692	0.00506	0.00752	0.00681	0.00962	0.02792	0.01668	0.01093	0.06624	0.76391	0.00623	0.01040	0.00448	0.00226	0.00365
18	0.05440	0.06022	0.34306	0.10491	0.10239	0.04268	0.07451	0.03158	0.05861	0.04880	0.00875	0.03675	0.00682	0.00431	0.00394	0.00129	0.00532	0.00364	0.00227	0.00572
19	0.01199	0.06011	0.11700	0.03764	0.25062	0.03728	0.03205	0.10764	0.08266	0.16707	0.01132	0.02666	0.03020	0.00463	0.00404	0.00125	0.00459	0.00395	0.00305	0.00624
20	0.03491	0.00553	0.00624	0.00549	0.00726	0.00547	0.00430	0.04633	0.08893	0.21423	0.04161	0.03408	0.05574	0.00550	0.00356	0.00114	0.00259	0.00447	0.42762	0.00497
21	0.00889	0.01614	0.03573	0.00857	0.03953	0.07642	0.03350	0.07107	0.04455	0.04491	0.04868	0.11461	0.04099	0.12811	0.11731	0.01662	0.14176	0.00534	0.00283	0.00443
22	0.03087	0.14929	0.30847	0.02268	0.08924	0.13773	0.02062	0.09231	0.01022	0.04448	0.00833	0.05260	0.00685	0.00447	0.00377	0.00120	0.00539	0.00347	0.00232	0.00570
23	0.06906	0.00612	0.00783	0.00769	0.04944	0.02089	0.05101	0.07039	0.01936	0.02477	0.03313	0.10592	0.01486	0.27826	0.06370	0.00258	0.00438	0.12607	0.01240	0.03213
24	0.00602	0.00450	0.00584	0.00591	0.00670	0.00458	0.01751	0.02649	0.04164	0.01124	0.06665	0.27413	0.13152	0.11488	0.21760	0.00308	0.00485	0.02247	0.03074	0.00364
25	0.06212	0.10248	0.18447	0.03311	0.18902	0.07515	0.08841	0.08002	0.04833	0.03450	0.01805	0.02764	0.00711	0.00423	0.00385	0.00122	0.00509	0.00359	0.01415	0.01746
26	0.08486	0.10762	0.14103	0.02425	0.07459	0.07905	0.04391	0.09931	0.13738	0.05484	0.01956	0.01024	0.00741	0.00488	0.01535	0.00132	0.06261	0.00345	0.00273	0.02562
27	0.03539	0.08178	0.07326	0.00691	0.00924	0.03995	0.00589	0.06332	0.09415	0.10319	0.06690	0.15775	0.08279	0.03392	0.00459	0.00133	0.00345	0.00554	0.04396	0.08668

[dist]
# distance from previous block
# <min> <max>
1	58

[block]
# block no. 9 follows, 65 sequences, length 26
# corresponding to MSA columns:
# 445-470
name=unknown_J
#
# <colnr> <probs for GDERKNQSTAVLIFYWHMCP>
#	G	D	E	R	K	N	Q	S	T	A	V	L	I	F	Y	W	H	M	C	P
0	0.02447	0.31055	0.28093	0.00965	0.04757	0.04482	0.03288	0.02894	0.00895	0.04467	0.00773	0.03426	0.00642	0.00481	0.02774	0.00125	0.00512	0.00310	0.00211	0.07403
1	0.00973	0.05413	0.03412	0.00837	0.07287	0.02134	0.00625	0.11264	0.07617	0.09636	0.04634	0.11177	0.09601	0.00896	0.09638	0.00180	0.00433	0.00516	0.00331	0.13396
2	0.02539	0.07240	0.01330	0.07439	0.24907	0.10810	0.04103	0.14384	0.07152	0.02293	0.02798	0.02868	0.02610	0.02695	0.04923	0.00158	0.00517	0.00399	0.00270	0.00564
3	0.00704	0.00360	0.00518	0.00522	0.00530	0.00359	0.00348	0.00570	0.00571	0.00790	0.00843	0.04679	0.00848	0.04562	0.01483	0.74749	0.00341	0.00400	0.06622	0.00202
4	0.02384	0.05811	0.01083	0.06759	0.14242	0.04690	0.00730	0.13567	0.04612	0.02727	0.06920	0.10782	0.09234	0.00623	0.00482	0.00128	0.06550	0.00509	0.00304	0.07863
5	0.01334	0.10759	0.04839	0.00984	0.01296	0.16780	0.11878	0.14289	0.11396	0.16862	0.03675	0.01125	0.00859	0.00459	0.00398	0.00120	0.00499	0.00376	0.00326	0.01745
6	0.00681	0.02021	0.06723	0.00642	0.00803	0.03712	0.00536	0.02736	0.08928	0.01197	0.07223	0.08545	0.31852	0.03384	0.15551	0.00239	0.03833	0.00652	0.00324	0.00418
7	0.00630	0.00444	0.00501	0.00501	0.00616	0.00417	0.00375	0.00834	0.06395	0.03369	0.16540	0.13481	0.32613	0.02738	0.00490	0.00141	0.00230	0.04605	0.14694	0.00386
8	0.01075	0.00929	0.01218	0.04853	0.13978	0.06353	0.07568	0.11244	0.17269	0.06831	0.01103	0.04581	0.00910	0.02686	0.08185	0.00190	0.09731	0.00436	0.00299	0.00562
9	0.03544	0.00426	0.00501	0.00501	0.00579	0.00415	0.00352	0.00794	0.00806	0.06222	0.07909	0.16149	0.09796	0.22678	0.05557	0.02970	0.00329	0.02728	0.17393	0.00351
10	0.01008	0.01021	0.04942	0.02466	0.79760	0.00974	0.01270	0.01261	0.00932	0.01339	0.00771	0.01010	0.00645	0.00367	0.00406	0.00122	0.00492	0.00363	0.00202	0.00648
11	0.07294	0.02377	0.04577	0.00916	0.08026	0.00768	0.03602	0.09469	0.06882	0.15821	0.10855	0.04206	0.01361	0.02760	0.05173	0.02080	0.03841	0.06577	0.02889	0.00528
12	0.00869	0.00884	0.04895	0.02946	0.11399	0.05319	0.07634	0.06231	0.00890	0.01213	0.03114	0.11962	0.07474	0.02785	0.05692	0.00186	0.23071	0.02706	0.00258	0.00473
13	0.00582	0.00423	0.00575	0.00586	0.00627	0.00461	0.00416	0.00671	0.00677	0.00944	0.03802	0.16729	0.01539	0.27650	0.39825	0.00465	0.02813	0.00623	0.00263	0.00328
14	0.00601	0.00445	0.00628	0.00625	0.00689	0.00506	0.00468	0.00750	0.03019	0.00946	0.01152	0.01811	0.01120	0.18448	0.66197	0.00596	0.00946	0.00470	0.00231	0.00353
15	0.00926	0.04234	0.09990	0.13254	0.28999	0.05597	0.02827	0.02397	0.02445	0.03620	0.04261	0.12206	0.01036	0.00597	0.02163	0.00143	0.04045	0.00476	0.00245	0.00537
16	0.08967	0.01014	0.01083	0.00849	0.01159	0.04606	0.00696	0.45250	0.04968	0.25511	0.01146	0.01089	0.00784	0.00487	0.00397	0.00125	0.00418	0.00369	0.00417	0.00665
17	0.00604	0.00419	0.00520	0.00535	0.00615	0.00391	0.00379	0.02445	0.00920	0.04488	0.20952	0.36070	0.17610	0.08901	0.03054	0.00186	0.00271	0.00893	0.00386	0.00364
18	0.01598	0.00815	0.00990	0.00780	0.01076	0.00807	0.00637	0.21968	0.10863	0.48205	0.04700	0.01379	0.01079	0.00522	0.00413	0.00127	0.00362	0.00420	0.02586	0.00673
19	0.01164	0.00807	0.00896	0.00789	0.00944	0.12102	0.00621	0.01330	0.04123	0.26261	0.01233	0.07914	0.01037	0.04212	0.19618	0.00266	0.13764	0.00457	0.01960	0.00501
20	0.00601	0.03077	0.00665	0.00623	0.00691	0.00522	0.00471	0.00720	0.00659	0.00931	0.01155	0.04666	0.01146	0.16490	0.65002	0.00582	0.00934	0.00484	0.00229	0.00351
21	0.00921	0.00982	0.02469	0.00896	0.01003	0.20952	0.05500	0.01038	0.00786	0.00976	0.00859	0.01360	0.00830	0.15196	0.23614	0.00325	0.21269	0.00404	0.00211	0.00409
22	0.00984	0.03666	0.01372	0.01087	0.01270	0.14858	0.19524	0.05578	0.02164	0.01156	0.00867	0.01176	0.02136	0.02993	0.18738	0.00259	0.21074	0.00402	0.00222	0.00473
23	0.22776	0.00786	0.00896	0.00717	0.01008	0.00787	0.00590	0.15716	0.01175	0.45096	0.01285	0.03747	0.00902	0.00511	0.00381	0.00129	0.00357	0.02099	0.00423	0.00619
24	0.00613	0.00500	0.00768	0.02305	0.05142	0.00474	0.08748	0.00759	0.02374	0.02168	0.04433	0.53491	0.11431	0.01056	0.00504	0.00157	0.00307	0.04025	0.00355	0.00390
25	0.01193	0.00979	0.01146	0.00937	0.01146	0.14539	0.10829	0.11752	0.03629	0.16123	0.10688	0.04731	0.02076	0.05013	0.01996	0.00156	0.11741	0.00469	0.00331	0.00525

[dist]
# distance from previous block
# <min> <max>
2	4

[block]
# block no. 10 follows, 65 sequences, length 24
# corresponding to MSA columns:
# 477-500
name=unknown_K
#
# <colnr> <probs for GDERKNQSTAVLIFYWHMCP>
#	G	D	E	R	K	N	Q	S	T	A	V	L	I	F	Y	W	H	M	C	P
0	0.08489	0.01135	0.11959	0.01038	0.01367	0.06243	0.17640	0.12764	0.17771	0.09192	0.05263	0.03311	0.00982	0.00487	0.00416	0.00131	0.00475	0.00428	0.00323	0.00586
1	0.14741	0.02664	0.01197	0.08001	0.12071	0.21314	0.04428	0.14983	0.03075	0.02795	0.00807	0.01008	0.00651	0.00445	0.00407	0.00122	0.03304	0.02723	0.00263	0.05003
