[name]
unknown

[dist]
# distance from previous block
# <min> <max>
0	11

[block]
# block no. 0 follows, 73 sequences, length 16
# corresponding to MSA columns:
# 11-26
name=unknown_A
#
# <colnr> <probs for GDERKNQSTAVLIFYWHMCP>
#	G	D	E	R	K	N	Q	S	T	A	V	L	I	F	Y	W	H	M	C	P
0	0.09694	0.11976	0.06116	0.02072	0.01033	0.03179	0.02636	0.21795	0.05173	0.11998	0.08127	0.01168	0.02099	0.00448	0.00345	0.00107	0.00366	0.02297	0.00307	0.09064
1	0.00665	0.00559	0.04358	0.00613	0.00735	0.00527	0.02524	0.03636	0.05321	0.05426	0.21085	0.16209	0.16505	0.06840	0.00618	0.00150	0.08480	0.05031	0.00333	0.00385
2	0.03242	0.15238	0.31947	0.00987	0.01377	0.00969	0.16060	0.06676	0.09017	0.05587	0.04746	0.00983	0.00736	0.00389	0.00359	0.00114	0.00473	0.00336	0.00230	0.00534
3	0.00837	0.12491	0.40950	0.04327	0.06129	0.08611	0.03447	0.02446	0.02809	0.01124	0.03333	0.03103	0.03105	0.02077	0.03534	0.00135	0.00514	0.00335	0.00194	0.00499
4	0.00544	0.00366	0.00420	0.00417	0.00427	0.00363	0.00242	0.00565	0.00606	0.00819	0.10947	0.02496	0.01620	0.76702	0.01737	0.00335	0.00342	0.00561	0.00249	0.00242
5	0.01917	0.09402	0.30942	0.03391	0.08187	0.02595	0.02097	0.05276	0.00933	0.04077	0.23538	0.01437	0.03677	0.00488	0.00374	0.00114	0.00401	0.00407	0.00259	0.00488
6	0.03516	0.08885	0.08619	0.04837	0.05187	0.10917	0.04019	0.14582	0.11411	0.21029	0.02118	0.01178	0.00853	0.00499	0.00410	0.00134	0.00468	0.00373	0.00346	0.00620
7	0.00735	0.00607	0.00637	0.00595	0.00752	0.02957	0.00453	0.01253	0.36567	0.04161	0.11780	0.10326	0.26211	0.00728	0.00415	0.00127	0.00255	0.00617	0.00370	0.00453
8	0.00463	0.00332	0.00430	0.00506	0.00532	0.00310	0.00336	0.00525	0.00712	0.00943	0.02092	0.75764	0.06728	0.07695	0.00586	0.00167	0.00227	0.01012	0.00339	0.00299
9	0.02481	0.08035	0.31029	0.01467	0.31010	0.05737	0.06523	0.01237	0.03078	0.04872	0.00729	0.00868	0.00562	0.00354	0.00357	0.00112	0.00494	0.00308	0.00193	0.00555
10	0.04502	0.01401	0.39068	0.00987	0.01406	0.00946	0.08167	0.28551	0.01143	0.09026	0.00822	0.00883	0.00575	0.00393	0.00367	0.00117	0.00483	0.00318	0.00263	0.00580
11	0.00493	0.00356	0.00436	0.00482	0.00523	0.00334	0.00328	0.00559	0.00721	0.00940	0.04859	0.41028	0.16018	0.23248	0.00845	0.00203	0.00260	0.07756	0.00319	0.00292
12	0.03421	0.00713	0.01046	0.05007	0.35578	0.00697	0.00759	0.05952	0.00853	0.04232	0.01021	0.14435	0.02466	0.04566	0.00453	0.00122	0.01442	0.00445	0.00245	0.16549
13	0.09437	0.14991	0.16346	0.00787	0.01092	0.06692	0.00744	0.14969	0.20474	0.05623	0.04599	0.01010	0.00813	0.00427	0.00339	0.00112	0.00401	0.00323	0.00283	0.00539
14	0.00554	0.00356	0.00477	0.00536	0.00584	0.00330	0.00373	0.00637	0.00771	0.06934	0.07344	0.71921	0.02427	0.01093	0.00471	0.00148	0.00227	0.04121	0.00361	0.00333
15	0.00932	0.00854	0.01436	0.08026	0.68584	0.00851	0.02652	0.01152	0.00851	0.04481	0.00732	0.00939	0.00598	0.00338	0.00367	0.00109	0.00438	0.00331	0.00198	0.06131

[dist]
# distance from previous block
# <min> <max>
0	1

[block]
# block no. 1 follows, 73 sequences, length 19
# corresponding to MSA columns:
# 28-46
name=unknown_B
#
# <colnr> <probs for GDERKNQSTAVLIFYWHMCP>
#	G	D	E	R	K	N	Q	S	T	A	V	L	I	F	Y	W	H	M	C	P
0	0.00960	0.00791	0.00940	0.00813	0.09107	0.00726	0.00588	0.21141	0.05944	0.01523	0.00779	0.00859	0.00615	0.00339	0.00317	0.00079	0.00328	0.00273	0.00266	0.53611
1	0.89465	0.00726	0.00551	0.00493	0.00726	0.00842	0.00406	0.01103	0.00638	0.01683	0.00522	0.00609	0.00406	0.00348	0.00232	0.00116	0.00290	0.00203	0.00232	0.00406
2	0.00503	0.00382	0.00462	0.00442	0.00543	0.00342	0.00332	0.00653	0.00995	0.01346	0.58245	0.03064	0.29671	0.00826	0.00443	0.00121	0.00181	0.00715	0.00392	0.00342
3	0.01426	0.01051	0.01126	0.00863	0.01163	0.01163	0.00713	0.83224	0.01764	0.02364	0.00901	0.00901	0.00638	0.00450	0.00375	0.00113	0.00413	0.00338	0.00375	0.00638
4	0.79425	0.00716	0.00588	0.00513	0.00752	0.00808	0.00423	0.01186	0.00688	0.11182	0.00632	0.00686	0.00466	0.00362	0.00249	0.00116	0.00294	0.00223	0.00259	0.00433
5	0.01319	0.01073	0.01112	0.00995	0.09251	0.10632	0.00736	0.52498	0.12355	0.04797	0.00947	0.00956	0.00693	0.00440	0.00372	0.00113	0.00428	0.00339	0.00340	0.00605
6	0.00747	0.00706	0.01195	0.71260	0.16936	0.00844	0.01061	0.00992	0.00768	0.01005	0.00674	0.00988	0.00517	0.00368	0.00374	0.00123	0.00491	0.00334	0.00170	0.00448
7	0.00445	0.00376	0.00384	0.00391	0.00510	0.00316	0.00290	0.00537	0.00844	0.01009	0.03662	0.10246	0.77777	0.00968	0.00446	0.00129	0.00192	0.00814	0.00348	0.00316
8	0.08043	0.00966	0.01330	0.13313	0.55656	0.12047	0.01021	0.01167	0.00851	0.01185	0.00669	0.00879	0.00552	0.00348	0.00356	0.00112	0.00471	0.00311	0.00188	0.00534
9	0.03993	0.00902	0.05610	0.09326	0.56687	0.03633	0.02127	0.01134	0.00866	0.04022	0.07401	0.01071	0.00816	0.00380	0.00372	0.00114	0.00435	0.00354	0.00212	0.00546
10	0.00455	0.00334	0.00427	0.00501	0.00539	0.00307	0.00339	0.00525	0.00739	0.00966	0.02324	0.74289	0.14597	0.01142	0.00474	0.00149	0.00214	0.01026	0.00348	0.00307
11	0.00934	0.00784	0.00918	0.11816	0.05060	0.00897	0.00673	0.07860	0.56911	0.03175	0.05829	0.01363	0.01124	0.00492	0.00383	0.00124	0.00333	0.00415	0.00348	0.00562
12	0.00966	0.26213	0.29249	0.00885	0.02339	0.04904	0.03795	0.07889	0.12560	0.04043	0.03208	0.00910	0.00693	0.00390	0.00334	0.00107	0.00451	0.00300	0.00228	0.00536
13	0.00490	0.00374	0.00470	0.00491	0.00560	0.00369	0.00356	0.00581	0.00709	0.00925	0.02197	0.21565	0.28617	0.11634	0.27147	0.00310	0.00474	0.02134	0.00288	0.00310
14	0.01474	0.00653	0.00836	0.00663	0.00921	0.00606	0.00536	0.05826	0.10461	0.63177	0.01517	0.01423	0.03812	0.05735	0.00473	0.00133	0.00320	0.00405	0.00432	0.00597
15	0.00578	0.02921	0.00556	0.00536	0.00624	0.00442	0.00397	0.03641	0.07513	0.01222	0.23287	0.37523	0.10248	0.00916	0.00444	0.00135	0.00229	0.05582	0.02844	0.00362
16	0.00990	0.15383	0.14860	0.01457	0.34552	0.05413	0.04344	0.07016	0.07931	0.03419	0.00769	0.00890	0.00608	0.00364	0.00350	0.00109	0.00457	0.00312	0.00215	0.00561
17	0.01196	0.08791	0.06064	0.00949	0.01130	0.53901	0.00779	0.01311	0.00909	0.00927	0.00560	0.00710	0.00485	0.00441	0.00537	0.00112	0.20314	0.00260	0.00182	0.00440
18	0.02762	0.00446	0.00497	0.00474	0.00575	0.03265	0.00349	0.00711	0.00925	0.03045	0.43834	0.06393	0.21100	0.10145	0.00592	0.00147	0.00230	0.02080	0.00360	0.02071

[dist]
# distance from previous block
# <min> <max>
0	20

[block]
# block no. 2 follows, 73 sequences, length 41
# corresponding to MSA columns:
# 67-107
name=unknown_C
#
# <colnr> <probs for GDERKNQSTAVLIFYWHMCP>
#	G	D	E	R	K	N	Q	S	T	A	V	L	I	F	Y	W	H	M	C	P
0	0.01067	0.14691	0.24297	0.02647	0.09283	0.09835	0.04003	0.16929	0.01034	0.07167	0.01831	0.00901	0.01964	0.00389	0.00347	0.00108	0.00475	0.00305	0.00237	0.02490
1	0.00862	0.16420	0.15008	0.00899	0.04934	0.05347	0.10399	0.06799	0.02006	0.04727	0.01198	0.18726	0.04289	0.01997	0.00410	0.00125	0.00417	0.04720	0.00254	0.00465
2	0.06172	0.01695	0.69178	0.00988	0.01472	0.00833	0.02489	0.02864	0.00805	0.01234	0.02647	0.02354	0.02189	0.00466	0.02930	0.00134	0.00529	0.00312	0.00182	0.00527
3	0.01131	0.15167	0.19438	0.00827	0.01180	0.01054	0.00808	0.39016	0.03256	0.04392	0.00895	0.00926	0.03128	0.00414	0.00345	0.00106	0.00420	0.00311	0.00284	0.06904
4	0.00909	0.00976	0.07891	0.03557	0.27973	0.04889	0.24576	0.03227	0.07041	0.03721	0.06924	0.01137	0.00852	0.00492	0.04038	0.00139	0.00509	0.00393	0.00229	0.00528
5	0.00474	0.00349	0.00436	0.00490	0.00539	0.00321	0.00340	0.00555	0.00768	0.01005	0.09125	0.53256	0.18659	0.07315	0.00575	0.00161	0.00225	0.04755	0.00345	0.00307
6	0.00532	0.00416	0.00490	0.00490	0.00598	0.00390	0.00378	0.00735	0.07027	0.01237	0.31402	0.08096	0.34344	0.00878	0.00451	0.00131	0.00216	0.11463	0.00373	0.00353
7	0.03495	0.20215	0.06236	0.00908	0.01229	0.06027	0.15824	0.19994	0.08061	0.05268	0.00806	0.00875	0.00614	0.00375	0.00342	0.00104	0.00445	0.00312	0.00257	0.08612
8	0.00742	0.00587	0.00819	0.01041	0.24953	0.01768	0.00608	0.03965	0.02273	0.06416	0.07504	0.21110	0.17051	0.05766	0.00510	0.00141	0.00311	0.03695	0.00305	0.00432
9	0.00503	0.00361	0.00445	0.00482	0.00553	0.00327	0.00345	0.00602	0.00824	0.02896	0.15250	0.43985	0.24886	0.01014	0.00458	0.00139	0.00210	0.04165	0.02230	0.00325
10	0.00519	0.02566	0.04744	0.00531	0.00652	0.00442	0.00438	0.00652	0.00744	0.00977	0.05625	0.05047	0.34562	0.01721	0.37573	0.00335	0.00572	0.01686	0.00273	0.00342
11	0.02062	0.22855	0.06640	0.03284	0.04114	0.14498	0.05425	0.18663	0.07117	0.07421	0.00875	0.00928	0.02694	0.00432	0.01323	0.00111	0.00462	0.00310	0.00258	0.00528
12	0.02131	0.00803	0.02739	0.00808	0.00936	0.12302	0.05513	0.07612	0.02752	0.02356	0.00874	0.03819	0.00786	0.01500	0.36777	0.00331	0.15928	0.00379	0.01243	0.00413
13	0.00945	0.00632	0.00686	0.00586	0.00750	0.00673	0.00458	0.32982	0.01142	0.02826	0.01295	0.06999	0.05943	0.07882	0.05002	0.00155	0.00334	0.00438	0.29822	0.00451
14	0.00930	0.00927	0.01421	0.15923	0.64343	0.07657	0.01099	0.01148	0.00854	0.01157	0.00689	0.00920	0.00570	0.00345	0.00369	0.00112	0.00473	0.00327	0.00183	0.00552
15	0.02300	0.05121	0.09865	0.01870	0.09401	0.07506	0.04573	0.06274	0.18214	0.20637	0.01202	0.04439	0.03478	0.02175	0.00411	0.00122	0.01161	0.00393	0.00311	0.00548
16	0.01022	0.00655	0.00692	0.00603	0.00789	0.04682	0.00473	0.06664	0.24146	0.18820	0.05934	0.01546	0.07287	0.00517	0.00354	0.00111	0.00280	0.00421	0.24506	0.00498
17	0.02878	0.00823	0.04594	0.00693	0.01012	0.03222	0.04189	0.12921	0.03950	0.06628	0.00816	0.02984	0.00652	0.00355	0.00318	0.00081	0.00339	0.00289	0.00263	0.52992
18	0.03253	0.11558	0.04857	0.00736	0.01031	0.04710	0.03740	0.21466	0.03793	0.13282	0.04001	0.03430	0.02631	0.00429	0.00342	0.00099	0.00370	0.00341	0.00300	0.19630
19	0.01199	0.00967	0.01026	0.00838	0.01096	0.04255	0.02603	0.44420	0.34246	0.01941	0.01155	0.02675	0.00866	0.00481	0.00380	0.00119	0.00378	0.00384	0.00366	0.00603
20	0.00899	0.00952	0.01138	0.00982	0.01009	0.12529	0.00808	0.00983	0.00641	0.00905	0.00504	0.00801	0.00491	0.00620	0.01110	0.00155	0.74573	0.00317	0.00168	0.00414
21	0.00929	0.00891	0.01523	0.02303	0.84475	0.00891	0.01151	0.01151	0.00854	0.01226	0.00706	0.00929	0.00594	0.00334	0.00371	0.00111	0.00446	0.00334	0.00186	0.00594
22	0.00463	0.00331	0.00440	0.00519	0.00545	0.00308	0.00349	0.00536	0.00744	0.00998	0.08121	0.80403	0.02559	0.01145	0.00476	0.00150	0.00215	0.01038	0.00353	0.00308
23	0.89465	0.00726	0.00551	0.00493	0.00726	0.00842	0.00406	0.01103	0.00638	0.01683	0.00522	0.00609	0.00406	0.00348	0.00232	0.00116	0.00290	0.00203	0.00232	0.00406
24	0.04081	0.00810	0.00923	0.00737	0.00999	0.00849	0.00599	0.34000	0.14582	0.25270	0.04610	0.01206	0.01878	0.00568	0.03800	0.00134	0.00371	0.00376	0.00386	0.03820
25	0.00472	0.00338	0.00450	0.00524	0.00556	0.00316	0.00360	0.00555	0.00764	0.01027	0.11390	0.73484	0.02587	0.01123	0.00476	0.00149	0.00219	0.04543	0.00355	0.00312
26	0.00536	0.00402	0.00603	0.00603	0.00670	0.00469	0.00469	0.00670	0.00603	0.00871	0.01005	0.01474	0.00938	0.02814	0.85328	0.00603	0.01005	0.00402	0.00201	0.00335
27	0.00507	0.00390	0.00465	0.00456	0.00554	0.00355	0.00338	0.00674	0.03655	0.01286	0.46200	0.11731	0.30289	0.00862	0.00445	0.00125	0.00189	0.00748	0.00384	0.00344
28	0.00483	0.00377	0.00438	0.00432	0.00534	0.00332	0.00321	0.00612	0.00935	0.01226	0.39246	0.10072	0.41872	0.00888	0.00446	0.00125	0.00187	0.00764	0.00377	0.00332
29	0.01003	0.87041	0.01966	0.00642	0.00963	0.01485	0.00642	0.01123	0.00762	0.00883	0.00522	0.00602	0.00481	0.00321	0.00241	0.00080	0.00401	0.00201	0.00160	0.00481
30	0.01447	0.00944	0.01049	0.00807	0.01099	0.01009	0.00666	0.63664	0.01591	0.19386	0.01115	0.01067	0.03427	0.00470	0.00378	0.00114	0.00386	0.00361	0.00393	0.00628
31	0.00467	0.00386	0.00410	0.00411	0.00527	0.00335	0.00305	0.00592	0.02741	0.01085	0.13936	0.09565	0.66069	0.00933	0.00445	0.00127	0.00193	0.00789	0.00357	0.00327
32	0.29625	0.00603	0.00652	0.00559	0.00760	0.00617	0.00447	0.03698	0.05024	0.24167	0.26183	0.03542	0.01588	0.00537	0.00353	0.00118	0.00266	0.00430	0.00364	0.00467
33	0.00714	0.00672	0.01135	0.83957	0.04500	0.00835	0.01044	0.00963	0.00753	0.00965	0.00668	0.00999	0.00502	0.00374	0.00375	0.00125	0.00499	0.00333	0.00167	0.00421
34	0.12777	0.00663	0.00873	0.11213	0.06539	0.00653	0.00617	0.05121	0.00985	0.46330	0.06111	0.01299	0.04240	0.00466	0.00364	0.00117	0.00337	0.00379	0.00368	0.00549
35	0.00613	0.00398	0.00560	0.00559	0.00622	0.00426	0.00411	0.00705	0.00644	0.07030	0.01235	0.15843	0.01255	0.15810	0.48744	0.03339	0.00698	0.00532	0.00248	0.00329
36	0.00643	0.00547	0.00892	0.02930	0.11912	0.00524	0.13134	0.00804	0.02208	0.03061	0.05092	0.34734	0.11035	0.04290	0.00508	0.00147	0.00332	0.06517	0.00299	0.00392
37	0.00983	0.37045	0.29888	0.00843	0.01222	0.08762	0.00904	0.07846	0.07138	0.01161	0.00685	0.00757	0.00542	0.00364	0.00310	0.00101	0.00471	0.00258	0.00197	0.00523
38	0.03307	0.01424	0.40671	0.01260	0.14317	0.07061	0.13990	0.02907	0.00862	0.03191	0.02108	0.04386	0.02018	0.00402	0.00376	0.00118	0.00518	0.00357	0.00199	0.00527
39	0.01328	0.00632	0.00766	0.00635	0.01733	0.02940	0.00506	0.08238	0.02505	0.49632	0.01559	0.03498	0.07315	0.00522	0.00368	0.00114	0.00303	0.02095	0.14765	0.00546
40	0.05396	0.06087	0.04177	0.23743	0.18573	0.13425	0.02811	0.04611	0.04242	0.05431	0.04377	0.02613	0.02103	0.00416	0.00361	0.00114	0.00459	0.00348	0.00227	0.00488

[dist]
# distance from previous block
# <min> <max>
4	11

[block]
# block no. 3 follows, 73 sequences, length 26
# corresponding to MSA columns:
# 119-144
name=unknown_D
#
# <colnr> <probs for GDERKNQSTAVLIFYWHMCP>
#	G	D	E	R	K	N	Q	S	T	A	V	L	I	F	Y	W	H	M	C	P
0	0.00891	0.02873	0.10415	0.03715	0.23825	0.02019	0.05911	0.04740	0.00868	0.04552	0.00802	0.00934	0.02722	0.00342	0.00338	0.00092	0.00397	0.00302	0.00219	0.34042
1	0.03419	0.14573	0.24773	0.00927	0.07163	0.08830	0.02112	0.07249	0.02413	0.08562	0.08096	0.02162	0.01520	0.00423	0.00360	0.00108	0.01842	0.00330	0.00243	0.04895
2	0.72499	0.00784	0.00632	0.00606	0.04082	0.06577	0.00461	0.01135	0.00697	0.04871	0.00640	0.04476	0.00532	0.00392	0.00262	0.00116	0.00321	0.00256	0.00242	0.00420
3	0.01037	0.04301	0.01001	0.00811	0.01043	0.04727	0.03896	0.19790	0.49701	0.01627	0.01240	0.01215	0.00940	0.00633	0.06177	0.00153	0.00405	0.00387	0.00343	0.00571
4	0.00750	0.00459	0.00580	0.00537	0.00633	0.00474	0.00398	0.04709	0.00755	0.10654	0.03324	0.08327	0.01186	0.21278	0.23666	0.00303	0.03228	0.00472	0.14751	0.03518
5	0.07438	0.00786	0.04030	0.00824	0.01126	0.01808	0.13475	0.07065	0.01963	0.51375	0.01222	0.03477	0.00833	0.00444	0.00377	0.00117	0.00382	0.00384	0.00376	0.02499
6	0.01155	0.03006	0.04461	0.02854	0.09452	0.04727	0.00794	0.15933	0.00964	0.19653	0.00820	0.00937	0.00624	0.00507	0.00687	0.00131	0.32162	0.00333	0.00271	0.00529
7	0.44818	0.00681	0.00687	0.00569	0.00818	0.00706	0.00467	0.05351	0.00876	0.33201	0.01163	0.01113	0.07221	0.00445	0.00311	0.00117	0.00299	0.00322	0.00336	0.00499
8	0.00514	0.00367	0.00460	0.00474	0.00547	0.00335	0.00338	0.00629	0.00881	0.02986	0.35146	0.32306	0.17880	0.04747	0.00519	0.00142	0.00205	0.00823	0.00371	0.00330
9	0.00712	0.00671	0.03112	0.00910	0.14308	0.09204	0.02452	0.00840	0.00701	0.01797	0.00985	0.05231	0.00966	0.18275	0.37748	0.00376	0.00693	0.00429	0.00211	0.00378
10	0.00886	0.00836	0.01166	0.06819	0.39317	0.05986	0.02476	0.04462	0.14629	0.01282	0.07341	0.06279	0.03895	0.00484	0.00407	0.00119	0.02404	0.00431	0.00257	0.00524
11	0.00474	0.00361	0.00422	0.00462	0.00524	0.00330	0.00317	0.00564	0.02411	0.00976	0.04498	0.43458	0.31630	0.11023	0.00630	0.00166	0.00225	0.00886	0.00336	0.00307
12	0.23204	0.03257	0.01129	0.04661	0.01213	0.17088	0.11915	0.26697	0.04730	0.01625	0.00733	0.00819	0.00553	0.00390	0.00339	0.00113	0.00461	0.00300	0.00265	0.00508
13	0.05997	0.10880	0.31393	0.00988	0.04988	0.06673	0.06500	0.14110	0.06871	0.05031	0.00811	0.02707	0.00620	0.00398	0.00350	0.00113	0.00473	0.00317	0.00236	0.00543
14	0.00935	0.00831	0.00800	0.00828	0.09242	0.20190	0.00561	0.06621	0.00944	0.09245	0.08868	0.16177	0.09287	0.09342	0.00576	0.00146	0.02586	0.02103	0.00298	0.00421
15	0.00514	0.00393	0.00424	0.00412	0.00540	0.00335	0.00313	0.00625	0.00895	0.04794	0.15424	0.03401	0.67240	0.00904	0.00442	0.00126	0.00197	0.02321	0.00363	0.00337
16	0.00806	0.05559	0.30070	0.02022	0.08982	0.03506	0.24249	0.01102	0.00840	0.01167	0.04203	0.04465	0.04432	0.00412	0.00383	0.00115	0.00499	0.00391	0.00201	0.06594
17	0.01900	0.20756	0.13856	0.03586	0.01234	0.07089	0.07323	0.20935	0.06814	0.04042	0.00819	0.03140	0.00650	0.00447	0.01860	0.00115	0.00458	0.00320	0.00251	0.04404
18	0.00586	0.00366	0.00471	0.00511	0.00576	0.00333	0.00357	0.00664	0.00779	0.09022	0.05081	0.60915	0.12664	0.01048	0.00479	0.02066	0.00224	0.00918	0.02602	0.00338
19	0.00519	0.00366	0.00466	0.00518	0.00583	0.00336	0.00378	0.00614	0.00799	0.03706	0.07365	0.50203	0.19244	0.01062	0.00472	0.00147	0.00231	0.12309	0.00356	0.00327
20	0.07791	0.27130	0.07499	0.05616	0.02718	0.05511	0.00677	0.13905	0.05794	0.07653	0.02194	0.01140	0.09219	0.00467	0.01085	0.00110	0.00396	0.00335	0.00261	0.00500
21	0.01984	0.54573	0.16109	0.00721	0.01057	0.03531	0.00747	0.07439	0.00868	0.01091	0.04060	0.00897	0.04772	0.00388	0.00292	0.00094	0.00416	0.00274	0.00198	0.00491
22	0.11116	0.00644	0.00750	0.00620	0.00843	0.00646	0.00501	0.07905	0.10846	0.36992	0.05327	0.01503	0.09937	0.00526	0.00389	0.00118	0.03006	0.00415	0.07387	0.00529
23	0.00499	0.00382	0.00457	0.00483	0.00565	0.00355	0.00359	0.00618	0.02173	0.01052	0.12268	0.21336	0.33910	0.08133	0.04693	0.00180	0.00271	0.11607	0.00339	0.00320
24	0.07396	0.08768	0.25625	0.00800	0.02000	0.01979	0.00799	0.16956	0.02774	0.08758	0.02141	0.05355	0.00753	0.03209	0.02022	0.00126	0.00420	0.00341	0.00261	0.09516
25	0.00959	0.02562	0.05877	0.03578	0.27243	0.10157	0.00803	0.07087	0.02926	0.08268	0.03115	0.11146	0.00975	0.02334	0.04984	0.00149	0.03193	0.02189	0.00256	0.02199

[dist]
# distance from previous block
# <min> <max>
1	10

[block]
# block no. 4 follows, 73 sequences, length 34
# corresponding to MSA columns:
# 155-188
name=unknown_E
#
# <colnr> <probs for GDERKNQSTAVLIFYWHMCP>
#	G	D	E	R	K	N	Q	S	T	A	V	L	I	F	Y	W	H	M	C	P
0	0.01020	0.19506	0.20089	0.00921	0.04543	0.05688	0.08355	0.09079	0.03194	0.08842	0.00762	0.00839	0.00578	0.00356	0.00331	0.00099	0.00445	0.00286	0.00230	0.14835
1	0.01055	0.40123	0.20938	0.00800	0.02166	0.01158	0.00817	0.13376	0.05072	0.08607	0.02166	0.00831	0.00629	0.00378	0.00312	0.00101	0.00423	0.00275	0.00234	0.00540
2	0.00824	0.05022	0.10280	0.00966	0.01169	0.05421	0.16562	0.02051	0.09368	0.01151	0.10082	0.01321	0.07130	0.00545	0.00648	0.00132	0.26217	0.00417	0.00236	0.00457
3	0.00890	0.00850	0.01174	0.13250	0.35085	0.09816	0.04742	0.04100	0.03637	0.03261	0.06687	0.06880	0.07031	0.00487	0.00389	0.00117	0.00426	0.00438	0.00242	0.00496
4	0.02739	0.20821	0.39552	0.00871	0.01262	0.03701	0.04829	0.04911	0.03510	0.01169	0.01930	0.02495	0.09803	0.00440	0.00345	0.00111	0.00457	0.00346	0.00207	0.00501
5	0.00921	0.00884	0.01510	0.05005	0.81828	0.00890	0.01148	0.01145	0.00851	0.01217	0.00704	0.00931	0.00591	0.00336	0.00372	0.00112	0.00447	0.00334	0.00185	0.00589
6	0.00497	0.00386	0.00417	0.00413	0.00531	0.00331	0.00308	0.00601	0.00872	0.03548	0.13670	0.07790	0.63795	0.03270	0.00484	0.00134	0.00201	0.02065	0.00357	0.00328
7	0.16841	0.03168	0.02967	0.15581	0.07991	0.15387	0.06136	0.11918	0.00934	0.02962	0.00787	0.07140	0.00673	0.00445	0.00380	0.00117	0.03592	0.00352	0.02160	0.00466
8	0.00894	0.05142	0.06971	0.01783	0.50532	0.00897	0.11542	0.01933	0.08154	0.01238	0.01904	0.02746	0.00758	0.00397	0.00383	0.00117	0.00450	0.03387	0.00214	0.00557
9	0.00463	0.00331	0.00441	0.00518	0.00546	0.00309	0.00349	0.00538	0.00747	0.01003	0.08840	0.79670	0.02569	0.01142	0.00476	0.00150	0.00214	0.01035	0.00354	0.00309
10	0.00524	0.00418	0.00533	0.00595	0.07329	0.00380	0.00397	0.00662	0.00928	0.01233	0.37156	0.11538	0.33670	0.00848	0.00442	0.00125	0.00211	0.02293	0.00362	0.00354
11	0.00993	0.57562	0.18081	0.00800	0.03142	0.08104	0.00808	0.03218	0.02452	0.01004	0.00590	0.00676	0.00500	0.00340	0.00281	0.00092	0.00453	0.00230	0.00173	0.00501
12	0.00455	0.00381	0.00396	0.00392	0.00514	0.00321	0.00294	0.00560	0.00882	0.01076	0.14109	0.03507	0.73974	0.00927	0.00443	0.00126	0.00188	0.00777	0.00357	0.00321
13	0.00652	0.00326	0.00489	0.00489	0.00489	0.00326	0.00326	0.00489	0.00489	0.00652	0.00652	0.01140	0.00652	0.01303	0.01466	0.89084	0.00326	0.00326	0.00163	0.00163
14	0.02614	0.25617	0.27935	0.05147	0.02853	0.01049	0.05028	0.04767	0.00954	0.04591	0.03850	0.05343	0.07385	0.00560	0.00415	0.00140	0.00485	0.00418	0.00273	0.00575
15	0.00929	0.00842	0.01270	0.36265	0.33676	0.02747	0.01013	0.14267	0.03016	0.01301	0.00739	0.00960	0.00574	0.00375	0.00373	0.00117	0.00464	0.00335	0.00213	0.00525
16	0.02300	0.00984	0.11659	0.00774	0.01052	0.08931	0.00690	0.16737	0.05218	0.34268	0.02144	0.01124	0.00807	0.02798	0.00440	0.00122	0.03904	0.00349	0.05136	0.00563
17	0.35831	0.06745	0.08688	0.02070	0.06655	0.11040	0.06376	0.07881	0.00864	0.06706	0.00691	0.02226	0.00541	0.00384	0.00325	0.00113	0.01868	0.00280	0.00236	0.00480
18	0.00752	0.00618	0.00689	0.00663	0.00804	0.00684	0.00496	0.02733	0.48559	0.01369	0.07132	0.30669	0.01752	0.00753	0.00419	0.00135	0.00264	0.00660	0.00372	0.00480
19	0.00546	0.00364	0.00409	0.00409	0.00409	0.00364	0.00227	0.00546	0.00546	0.00727	0.01182	0.02455	0.01364	0.86815	0.01910	0.00364	0.00364	0.00546	0.00227	0.00227
20	0.01083	0.20102	0.07512	0.03442	0.03773	0.10674	0.14501	0.22210	0.03542	0.01399	0.00775	0.00872	0.01838	0.00378	0.00346	0.00104	0.00475	0.00311	0.00238	0.06426
21	0.02029	0.04952	0.10455	0.03426	0.27956	0.04455	0.03801	0.07533	0.01930	0.04931	0.04111	0.01009	0.02517	0.00381	0.00364	0.00102	0.01831	0.00325	0.00231	0.17660
22	0.13395	0.12435	0.18080	0.01035	0.10314	0.06345	0.07455	0.19679	0.01032	0.05786	0.00730	0.00817	0.00548	0.00374	0.00337	0.00110	0.00456	0.00293	0.00241	0.00540
23	0.00655	0.00545	0.00716	0.00667	0.03239	0.00551	0.05823	0.05063	0.11784	0.01217	0.12157	0.12969	0.22382	0.03303	0.09418	0.00182	0.02724	0.00613	0.02018	0.03972
24	0.00464	0.00348	0.00432	0.00493	0.00548	0.00317	0.00347	0.00546	0.00772	0.00997	0.04757	0.57768	0.23956	0.01097	0.00471	0.00146	0.00217	0.05663	0.00350	0.00312
25	0.01211	0.08310	0.06079	0.04599	0.10565	0.33685	0.07062	0.10085	0.03502	0.08812	0.02141	0.00879	0.00630	0.00392	0.00355	0.00106	0.00531	0.00305	0.00240	0.00512
26	0.01264	0.05426	0.01098	0.08953	0.05999	0.12424	0.02943	0.24633	0.05586	0.20669	0.01099	0.01107	0.04635	0.00444	0.00367	0.00111	0.00424	0.00353	0.00320	0.02142
27	0.05115	0.00490	0.00547	0.00562	0.04572	0.03005	0.00403	0.00790	0.00901	0.09120	0.17405	0.07433	0.42390	0.00811	0.00426	0.00126	0.00242	0.04933	0.00353	0.00376
28	0.04963	0.05096	0.03773	0.48007	0.24193	0.00857	0.00993	0.01015	0.00786	0.01085	0.03218	0.01053	0.02646	0.00385	0.00364	0.00118	0.00455	0.00340	0.00186	0.00467
29	0.10511	0.08707	0.03763	0.02318	0.05034	0.15338	0.02052	0.26813	0.01173	0.17063	0.00861	0.00893	0.00625	0.00472	0.02652	0.00122	0.00454	0.00304	0.00300	0.00547
30	0.00903	0.11932	0.03051	0.09469	0.50645	0.05721	0.00973	0.01107	0.01527	0.01128	0.03583	0.01054	0.02970	0.02585	0.00410	0.00116	0.01767	0.00341	0.00195	0.00526
31	0.00659	0.00586	0.04670	0.00673	0.00747	0.00640	0.00545	0.00836	0.07353	0.00980	0.03263	0.06971	0.01025	0.09697	0.27226	0.06654	0.20344	0.00437	0.06335	0.00361
32	0.00734	0.07506	0.00664	0.00522	0.00605	0.02719	0.00362	0.08618	0.04648	0.03230	0.01147	0.03267	0.02219	0.55833	0.06157	0.00300	0.00407	0.00483	0.00251	0.00329
33	0.03662	0.02530	0.15039	0.06962	0.22048	0.06882	0.00895	0.12577	0.04425	0.10198	0.04265	0.01084	0.00775	0.00415	0.00364	0.00113	0.00433	0.02413	0.00260	0.04662

[dist]
# distance from previous block
# <min> <max>
45	138

[block]
# block no. 5 follows, 73 sequences, length 23
# corresponding to MSA columns:
# 388-410
name=unknown_F
#
# <colnr> <probs for GDERKNQSTAVLIFYWHMCP>
#	G	D	E	R	K	N	Q	S	T	A	V	L	I	F	Y	W	H	M	C	P
0	0.08660	0.27610	0.03475	0.02056	0.03176	0.11039	0.04982	0.03387	0.05877	0.10706	0.03729	0.02930	0.02923	0.02636	0.00363	0.00109	0.00404	0.01298	0.00251	0.04390
1	0.02949	0.00871	0.03938	0.00864	0.05495	0.10179	0.09061	0.14757	0.01887	0.07968	0.07330	0.10041	0.05735	0.00534	0.00382	0.00111	0.00387	0.02693	0.00295	0.14523
2	0.06040	0.00956	0.08210	0.00814	0.01088	0.09104	0.07642	0.15438	0.05842	0.21291	0.03744	0.03859	0.00867	0.04454	0.00456	0.00125	0.02197	0.00374	0.00314	0.07185
3	0.05575	0.08650	0.13070	0.00864	0.06455	0.10780	0.02176	0.09669	0.06210	0.10042	0.05661	0.07065	0.03105	0.00497	0.00362	0.00112	0.00403	0.03070	0.00279	0.05955
4	0.03030	0.14423	0.02861	0.02958	0.01496	0.13288	0.38016	0.07919	0.02791	0.05588	0.00751	0.00893	0.00573	0.00351	0.00373	0.00111	0.00538	0.00346	0.00220	0.03475
5	0.02831	0.04218	0.05325	0.05457	0.06671	0.04534	0.23562	0.04109	0.02146	0.03719	0.05848	0.04583	0.00853	0.00417	0.00404	0.00108	0.03573	0.01755	0.00233	0.19653
6	0.02080	0.10983	0.03063	0.06139	0.01237	0.14015	0.12758	0.08194	0.07155	0.19812	0.03275	0.01085	0.01738	0.02482	0.00407	0.00116	0.01227	0.00350	0.00286	0.03598
7	0.01340	0.09191	0.01082	0.00808	0.04871	0.02584	0.08109	0.01524	0.03252	0.50131	0.02402	0.03374	0.00915	0.01579	0.03017	0.00131	0.00380	0.00385	0.04362	0.00563
8	0.00471	0.00352	0.00440	0.00495	0.00553	0.00321	0.00351	0.00562	0.00795	0.01037	0.10689	0.53148	0.21778	0.01072	0.00470	0.00144	0.00216	0.06436	0.00355	0.00315
9	0.00695	0.00518	0.02451	0.02402	0.11459	0.00494	0.00477	0.03634	0.02094	0.05935	0.04752	0.15799	0.01494	0.39966	0.01102	0.00238	0.00347	0.05514	0.00275	0.00355
10	0.01017	0.03142	0.09921	0.04454	0.11815	0.17390	0.37025	0.03702	0.00926	0.04062	0.00724	0.00907	0.00555	0.00355	0.00411	0.00117	0.02412	0.00357	0.00200	0.00510
11	0.00561	0.00404	0.00522	0.00574	0.00638	0.00394	0.00437	0.04455	0.00835	0.01105	0.08270	0.39517	0.06509	0.06990	0.00581	0.00168	0.00274	0.27090	0.00345	0.00332
12	0.00507	0.00369	0.00470	0.00532	0.00578	0.00351	0.00369	0.04370	0.00790	0.01045	0.03956	0.71603	0.08763	0.01111	0.00472	0.00148	0.00228	0.03665	0.00351	0.00324
13	0.04996	0.00893	0.01457	0.01153	0.04361	0.02068	0.35355	0.12723	0.03049	0.04708	0.13356	0.01524	0.02273	0.03005	0.00499	0.00142	0.01628	0.02900	0.00302	0.03609
14	0.03178	0.06779	0.04072	0.01066	0.04797	0.13178	0.24795	0.13814	0.08266	0.05658	0.00877	0.01097	0.00708	0.09415	0.00538	0.00140	0.00498	0.00371	0.00252	0.00503
15	0.00587	0.00442	0.00590	0.00617	0.00706	0.00433	0.02929	0.04520	0.02978	0.01128	0.05256	0.31040	0.11835	0.03823	0.00527	0.00159	0.00289	0.31447	0.00343	0.00350
16	0.02687	0.01068	0.01719	0.07121	0.02637	0.12907	0.48143	0.05971	0.06538	0.01229	0.00767	0.00964	0.00588	0.00372	0.00457	0.00123	0.05614	0.00387	0.00212	0.00497
17	0.19000	0.05705	0.01225	0.02667	0.07863	0.18563	0.17863	0.07253	0.00925	0.04040	0.04497	0.03226	0.00727	0.00475	0.02953	0.00127	0.00490	0.00341	0.00235	0.01826
18	0.18457	0.02687	0.05786	0.04896	0.04612	0.14148	0.14983	0.06768	0.02736	0.06483	0.00864	0.02005	0.03642	0.00424	0.00404	0.00117	0.05810	0.01121	0.01138	0.02920
19	0.16897	0.00721	0.00950	0.04778	0.05216	0.02882	0.11381	0.06781	0.06927	0.08415	0.01076	0.12588	0.00979	0.04328	0.02221	0.00142	0.01563	0.03759	0.01482	0.06914
20	0.13579	0.02923	0.02690	0.01966	0.03131	0.11921	0.06483	0.06870	0.04069	0.14440	0.01151	0.04982	0.04126	0.00520	0.00378	0.00117	0.01558	0.10099	0.00292	0.08704
21	0.08849	0.06808	0.06069	0.01834	0.04858	0.05235	0.11415	0.08398	0.07126	0.08379	0.02051	0.05235	0.01842	0.03740	0.00410	0.00116	0.00397	0.01242	0.00265	0.15731
22	0.01987	0.03314	0.01821	0.06382	0.02367	0.08239	0.07926	0.08164	0.07239	0.13141	0.03080	0.12356	0.04064	0.03187	0.00446	0.00121	0.02577	0.00454	0.00294	0.12839

[dist]
# distance from previous block
# <min> <max>
44	169

[block]
# block no. 6 follows, 73 sequences, length 11
# corresponding to MSA columns:
# 711-721
name=unknown_G
#
# <colnr> <probs for GDERKNQSTAVLIFYWHMCP>
#	G	D	E	R	K	N	Q	S	T	A	V	L	I	F	Y	W	H	M	C	P
0	0.00779	0.00803	0.03750	0.00879	0.00939	0.03140	0.00736	0.00879	0.00638	0.00950	0.00812	0.09070	0.04402	0.00669	0.00991	0.00149	0.61748	0.00406	0.00195	0.08065
1	0.00662	0.00574	0.00634	0.00598	0.00691	0.08526	0.00444	0.00804	0.04344	0.00910	0.01078	0.01613	0.03683	0.21265	0.42470	0.00406	0.02658	0.00416	0.00220	0.08003
2	0.09139	0.00680	0.01057	0.73422	0.02325	0.00839	0.00959	0.01026	0.05021	0.01059	0.00697	0.00984	0.00524	0.00379	0.00362	0.00124	0.00470	0.00326	0.00184	0.00425
3	0.00858	0.01133	0.21573	0.00853	0.01222	0.08679	0.10257	0.02612	0.04797	0.01225	0.02156	0.00866	0.00612	0.00334	0.00331	0.00089	0.00426	0.00283	0.00214	0.41482
4	0.00866	0.00845	0.01353	0.27420	0.49215	0.03509	0.01074	0.01080	0.00803	0.01105	0.00670	0.00932	0.00553	0.00379	0.00453	0.00120	0.08596	0.00331	0.00178	0.00518
5	0.00990	0.01029	0.01048	0.01132	0.21496	0.22955	0.00719	0.01248	0.10671	0.01151	0.00766	0.00927	0.00643	0.03602	0.00435	0.00105	0.04496	0.00296	0.00222	0.26068
6	0.00595	0.00418	0.00534	0.00497	0.00604	0.00383	0.00377	0.02447	0.01022	0.04180	0.64260	0.06982	0.05875	0.02378	0.00463	0.00124	0.00204	0.03673	0.00393	0.04591
7	0.11919	0.02147	0.00922	0.00755	0.00976	0.00909	0.04413	0.29839	0.24400	0.01700	0.01116	0.04783	0.00925	0.07352	0.04337	0.00162	0.00389	0.02108	0.00326	0.00523
8	0.00717	0.01011	0.00613	0.00560	0.00650	0.03868	0.01777	0.02412	0.02866	0.08881	0.05197	0.03863	0.11399	0.31766	0.18312	0.00308	0.03463	0.01717	0.00274	0.00346
9	0.00988	0.81999	0.06877	0.00667	0.01002	0.01448	0.00686	0.01127	0.00764	0.00901	0.00531	0.00613	0.00481	0.00323	0.00248	0.00083	0.00410	0.00205	0.00160	0.00486
10	0.01116	0.01077	0.01007	0.04613	0.03874	0.27605	0.03407	0.07866	0.00972	0.08556	0.00728	0.00824	0.00569	0.00364	0.00362	0.00090	0.03657	0.00271	0.00240	0.32802

[dist]
# distance from previous block
# <min> <max>
0	1

[block]
# block no. 7 follows, 73 sequences, length 69
# corresponding to MSA columns:
# 723,725-792
name=unknown_H
#
# <colnr> <probs for GDERKNQSTAVLIFYWHMCP>
#	G	D	E	R	K	N	Q	S	T	A	V	L	I	F	Y	W	H	M	C	P
0	0.00503	0.00366	0.00438	0.00477	0.00550	0.00338	0.00347	0.00624	0.02177	0.01095	0.10966	0.38161	0.25901	0.00977	0.00446	0.00136	0.00213	0.07212	0.08748	0.00325
1	0.00802	0.00666	0.00794	0.03921	0.00958	0.00515	0.00471	0.00971	0.00786	0.03647	0.00691	0.00801	0.00564	0.00287	0.00285	0.00060	0.00288	0.00231	0.00227	0.83035
2	0.00858	0.01541	0.01142	0.04810	0.01211	0.00653	0.20603	0.04923	0.00860	0.06838	0.00899	0.06740	0.00775	0.00506	0.04103	0.00117	0.00415	0.02650	0.00246	0.40113
3	0.46656	0.22744	0.06180	0.00644	0.00913	0.14544	0.00579	0.01184	0.00752	0.02197	0.00551	0.00637	0.00447	0.00349	0.00261	0.00104	0.00397	0.00215	0.00206	0.00441
4	0.01019	0.00868	0.00889	0.00764	0.00918	0.10282	0.00610	0.21069	0.16572	0.01492	0.00979	0.02072	0.00780	0.00531	0.01474	0.00125	0.19098	0.00353	0.19618	0.00487
5	0.00476	0.00377	0.00417	0.00412	0.00513	0.00330	0.00300	0.00583	0.00876	0.01114	0.24518	0.06613	0.52399	0.08721	0.00578	0.00147	0.00204	0.00751	0.00354	0.00318
6	0.00915	0.00890	0.01458	0.13014	0.71436	0.03426	0.01124	0.01137	0.00847	0.01182	0.00697	0.00930	0.00579	0.00341	0.00371	0.00113	0.00460	0.00331	0.00183	0.00567
7	0.00528	0.00383	0.00497	0.00469	0.00559	0.00353	0.00352	0.00702	0.01055	0.01488	0.81556	0.02830	0.06270	0.00773	0.00443	0.00118	0.00177	0.00682	0.00411	0.00353
8	0.01925	0.00377	0.00506	0.00551	0.00599	0.00382	0.00399	0.00638	0.00695	0.03381	0.01651	0.41982	0.01856	0.12511	0.20793	0.00287	0.00442	0.10408	0.00299	0.00318
9	0.01426	0.01051	0.01126	0.00863	0.01163	0.01163	0.00713	0.83224	0.01764	0.02364	0.00901	0.00901	0.00638	0.00450	0.00375	0.00113	0.00413	0.00338	0.00375	0.00638
10	0.00709	0.00667	0.01125	0.85913	0.02584	0.00834	0.01042	0.00959	0.00750	0.00959	0.00667	0.01000	0.00500	0.00375	0.00375	0.00125	0.00500	0.00333	0.00167	0.00417
11	0.00933	0.00806	0.00848	0.00764	0.00976	0.00933	0.00594	0.01994	0.83797	0.01569	0.01527	0.01400	0.01145	0.00509	0.00382	0.00127	0.00297	0.00424	0.00382	0.00594
12	0.00462	0.00339	0.00435	0.00505	0.00545	0.00311	0.00346	0.00539	0.00755	0.00992	0.05768	0.69908	0.13507	0.01125	0.00474	0.00148	0.00215	0.02966	0.00351	0.00309
13	0.00546	0.00364	0.00409	0.00409	0.00409	0.00364	0.00227	0.00546	0.00546	0.00727	0.01182	0.02455	0.01364	0.86815	0.01910	0.00364	0.00364	0.00546	0.00227	0.00227
14	0.00479	0.00377	0.00432	0.00428	0.00531	0.00330	0.00317	0.00603	0.00924	0.01200	0.35043	0.10252	0.45952	0.00898	0.00446	0.00125	0.00187	0.00771	0.00374	0.00330
15	0.89465	0.00726	0.00551	0.00493	0.00726	0.00842	0.00406	0.01103	0.00638	0.01683	0.00522	0.00609	0.00406	0.00348	0.00232	0.00116	0.00290	0.00203	0.00232	0.00406
16	0.86498	0.00723	0.00562	0.00499	0.00733	0.00832	0.00411	0.01127	0.00653	0.04490	0.00555	0.00632	0.00424	0.00352	0.00237	0.00116	0.00291	0.00209	0.00240	0.00414
17	0.00515	0.00383	0.00480	0.00456	0.00551	0.00347	0.00342	0.00678	0.01025	0.01417	0.69931	0.02947	0.17940	0.00800	0.00443	0.00120	0.00179	0.00699	0.00401	0.00347
18	0.00874	0.00789	0.00824	0.00625	0.00933	0.07388	0.00496	0.04803	0.09979	0.01288	0.00765	0.00844	0.00618	0.00320	0.00299	0.00069	0.00318	0.00251	0.00244	0.68272
19	0.03058	0.00940	0.01029	0.15455	0.01322	0.20589	0.08110	0.05399	0.01583	0.01119	0.00868	0.02728	0.00786	0.00639	0.06245	0.00148	0.05375	0.10253	0.00225	0.14127
20	0.07655	0.04514	0.01050	0.08903	0.01192	0.23523	0.03468	0.20122	0.07199	0.02079	0.00788	0.00952	0.00637	0.03269	0.07623	0.00162	0.05818	0.00318	0.00250	0.00479
21	0.00647	0.08649	0.00731	0.00667	0.00776	0.00546	0.00579	0.00840	0.03896	0.01108	0.05009	0.03568	0.01946	0.04206	0.03403	0.00182	0.00365	0.62196	0.00323	0.00363
22	0.02183	0.25360	0.01389	0.04118	0.22008	0.07848	0.00784	0.11514	0.17670	0.01307	0.00833	0.00912	0.00668	0.00416	0.01361	0.00111	0.00424	0.00307	0.00242	0.00543
23	0.00829	0.05890	0.62034	0.01196	0.09443	0.04025	0.07366	0.02830	0.00833	0.01191	0.00676	0.00810	0.00497	0.00353	0.00358	0.00116	0.00544	0.00291	0.00169	0.00548
24	0.00747	0.08963	0.13820	0.22896	0.05429	0.00831	0.06475	0.00925	0.00705	0.00961	0.00767	0.01050	0.03118	0.00768	0.08658	0.12121	0.10839	0.00339	0.00175	0.00413
25	0.06933	0.38978	0.14312	0.05489	0.03756	0.01121	0.07087	0.03160	0.05700	0.06998	0.01428	0.00874	0.00614	0.00371	0.00312	0.00103	0.00427	0.01617	0.00213	0.00507
26	0.00456	0.00341	0.00424	0.00487	0.00536	0.00309	0.00333	0.00531	0.00759	0.00984	0.04468	0.64658	0.22129	0.01112	0.00469	0.00145	0.00210	0.00991	0.00350	0.00309
27	0.02349	0.00633	0.00838	0.04128	0.07953	0.00605	0.00580	0.07247	0.05836	0.41344	0.05896	0.07153	0.10784	0.00581	0.00396	0.00121	0.00314	0.02312	0.00389	0.00540
28	0.01176	0.05844	0.01270	0.10166	0.03343	0.19580	0.11005	0.19914	0.05222	0.08643	0.00801	0.00910	0.00606	0.00427	0.00458	0.00117	0.09415	0.00328	0.00259	0.00517
29	0.00643	0.00519	0.01676	0.03079	0.06354	0.00489	0.05078	0.00823	0.03403	0.05842	0.25714	0.08057	0.28194	0.00766	0.00465	0.00128	0.03419	0.04618	0.00340	0.00392
30	0.00469	0.00337	0.00431	0.00500	0.00528	0.00315	0.00333	0.00530	0.00709	0.00936	0.02084	0.68689	0.08377	0.11826	0.00655	0.00177	0.00236	0.02238	0.00333	0.00297
31	0.05094	0.00811	0.05762	0.50166	0.19903	0.00856	0.02292	0.05287	0.00836	0.04439	0.00714	0.00961	0.00540	0.00370	0.00368	0.00120	0.00472	0.00328	0.00196	0.00483
32	0.00795	0.00709	0.00946	0.00734	0.04998	0.00560	0.08083	0.00978	0.00792	0.01221	0.00677	0.00807	0.00559	0.00284	0.00298	0.00065	0.00319	0.00248	0.00218	0.76711
33	0.00604	0.00410	0.00574	0.00562	0.00623	0.00454	0.00416	0.00703	0.00615	0.05415	0.01082	0.02800	0.01058	0.23579	0.57706	0.00505	0.01899	0.00444	0.00223	0.00325
34	0.33145	0.00675	0.00759	0.00607	0.00877	0.00663	0.00501	0.02562	0.00926	0.53959	0.01130	0.01033	0.00738	0.00423	0.00325	0.00116	0.00310	0.00314	0.00380	0.00555
35	0.00777	0.03080	0.66015	0.12216	0.01722	0.00865	0.04513	0.01168	0.00800	0.03286	0.01776	0.00863	0.00534	0.00365	0.00362	0.00119	0.00537	0.00298	0.00172	0.00533
36	0.00559	0.00416	0.00512	0.00485	0.00588	0.00393	0.00364	0.00788	0.07375	0.02374	0.61967	0.06095	0.15089	0.00787	0.00439	0.00121	0.00191	0.00687	0.00399	0.00368
37	0.00886	0.01012	0.02214	0.01581	0.01961	0.00949	0.83112	0.01202	0.00886	0.01202	0.00759	0.01012	0.00569	0.00316	0.00443	0.00127	0.00633	0.00443	0.00190	0.00506
38	0.06178	0.01006	0.01064	0.00832	0.01119	0.01120	0.00683	0.69667	0.10865	0.02238	0.00950	0.00941	0.00682	0.00451	0.00368	0.00114	0.00393	0.00340	0.00368	0.00620
39	0.00540	0.00378	0.00472	0.00458	0.00547	0.00350	0.00344	0.00702	0.00988	0.01405	0.60292	0.06679	0.11549	0.00776	0.00426	0.00119	0.00185	0.03159	0.10284	0.00347
40	0.00458	0.00379	0.00389	0.00388	0.00500	0.00323	0.00283	0.00548	0.00837	0.01013	0.07838	0.03458	0.72158	0.09079	0.00582	0.00149	0.00206	0.00762	0.00340	0.00310
41	0.00485	0.00347	0.00462	0.00543	0.00579	0.00329	0.00386	0.00567	0.00742	0.00981	0.02083	0.67256	0.05049	0.03765	0.00528	0.00161	0.00243	0.14840	0.00344	0.00310
42	0.01363	0.01702	0.01071	0.00965	0.01148	0.77277	0.00731	0.03747	0.01050	0.00958	0.00583	0.00693	0.00488	0.00407	0.00400	0.00102	0.06432	0.00250	0.00196	0.00439
43	0.07113	0.01156	0.01061	0.04108	0.08236	0.26185	0.00729	0.24515	0.06897	0.03138	0.00762	0.00849	0.00592	0.00424	0.00423	0.00111	0.07782	0.00299	0.00263	0.05358
44	0.06712	0.11768	0.31605	0.01015	0.09141	0.01939	0.01696	0.13528	0.00952	0.10244	0.01574	0.00860	0.00588	0.00400	0.00403	0.00115	0.06380	0.00297	0.00235	0.00548
45	0.00783	0.00743	0.01261	0.57420	0.30491	0.00853	0.01079	0.01024	0.00786	0.01050	0.00680	0.00976	0.00532	0.00361	0.00374	0.00120	0.00482	0.00334	0.00173	0.00477
46	0.09284	0.00839	0.01365	0.15893	0.63058	0.00877	0.01063	0.01115	0.00817	0.01225	0.00682	0.00910	0.00561	0.00342	0.00359	0.00114	0.00440	0.00322	0.00187	0.00547
47	0.00796	0.00774	0.01069	0.00922	0.00933	0.01066	0.00765	0.00884	0.00599	0.00935	0.00688	0.00983	0.04448	0.00658	0.01141	0.00158	0.77407	0.00351	0.05017	0.00403
48	0.10004	0.00647	0.00840	0.00651	0.00936	0.00579	0.00538	0.01760	0.01033	0.76863	0.01389	0.01214	0.00879	0.00453	0.00364	0.00116	0.00316	0.00361	0.00442	0.00616
49	0.00546	0.00364	0.00409	0.00409	0.00409	0.00364	0.00227	0.00546	0.00546	0.00727	0.01182	0.02455	0.01364	0.86815	0.01910	0.00364	0.00364	0.00546	0.00227	0.00227
50	0.00532	0.00379	0.00491	0.00469	0.00554	0.00351	0.00350	0.00702	0.01031	0.01465	0.75870	0.07333	0.04250	0.00779	0.00438	0.00119	0.00179	0.00689	0.03668	0.00351
51	0.00929	0.00891	0.01523	0.02303	0.84475	0.00891	0.01151	0.01151	0.00854	0.01226	0.00706	0.00929	0.00594	0.00334	0.00371	0.00111	0.00446	0.00334	0.00186	0.00594
52	0.00716	0.00434	0.00560	0.00509	0.00635	0.00396	0.00393	0.00899	0.02688	0.14625	0.59408	0.02657	0.10135	0.00740	0.00434	0.00121	0.00209	0.03629	0.00412	0.00400
53	0.00539	0.00403	0.00603	0.00606	0.00674	0.00467	0.00474	0.00674	0.00613	0.00881	0.01044	0.01584	0.00987	0.02743	0.81936	0.00586	0.00979	0.03664	0.00207	0.00335
54	0.01359	0.01006	0.01087	0.00845	0.01130	0.01117	0.00695	0.75724	0.04722	0.02254	0.00930	0.00950	0.00673	0.00582	0.05014	0.00140	0.00441	0.00344	0.00366	0.00620
55	0.00709	0.00667	0.01125	0.85913	0.02584	0.00834	0.01042	0.00959	0.00750	0.00959	0.00667	0.01000	0.00500	0.00375	0.00375	0.00125	0.00500	0.00333	0.00167	0.00417
56	0.01179	0.00840	0.04634	0.16305	0.09689	0.00803	0.16847	0.09641	0.00998	0.30047	0.00988	0.01064	0.00684	0.00403	0.00409	0.00119	0.02750	0.00366	0.00297	0.01935
57	0.00766	0.06587	0.80345	0.01046	0.01588	0.00905	0.01346	0.01185	0.00790	0.01171	0.00665	0.00782	0.00476	0.00355	0.00350	0.00117	0.00546	0.00273	0.00159	0.00550
58	0.01683	0.00638	0.00871	0.00668	0.00958	0.00551	0.00551	0.01828	0.01074	0.84734	0.01480	0.01277	0.00929	0.00464	0.00377	0.00116	0.00319	0.00377	0.00464	0.00638
59	0.00752	0.07347	0.73265	0.00998	0.01502	0.00873	0.01262	0.01149	0.00810	0.01192	0.06833	0.00928	0.00702	0.00384	0.00355	0.00116	0.00517	0.00302	0.00177	0.00535
60	0.01133	0.01177	0.01237	0.04192	0.02007	0.33082	0.19623	0.09448	0.04359	0.06956	0.04238	0.05731	0.03377	0.00484	0.01170	0.00118	0.00535	0.00399	0.00258	0.00478
61	0.00709	0.00437	0.00537	0.00486	0.00623	0.00393	0.00374	0.00882	0.03416	0.15190	0.44575	0.02744	0.26660	0.00763	0.00430	0.00120	0.00208	0.00654	0.00402	0.00397
62	0.00531	0.00443	0.00586	0.03315	0.11844	0.00412	0.00458	0.00644	0.00814	0.01042	0.05672	0.28844	0.38139	0.01901	0.00462	0.00137	0.00250	0.03829	0.00322	0.00355
