[name]
unknown

[dist]
# distance from previous block
# <min> <max>
0	42

[block]
# block no. 0 follows, 76 sequences, length 119
# corresponding to MSA columns:
# 42-160
name=unknown_A
#
# <colnr> <probs for GDERKNQSTAVLIFYWHMCP>
#	G	D	E	R	K	N	Q	S	T	A	V	L	I	F	Y	W	H	M	C	P
0	0.01006	0.01119	0.00879	0.00801	0.00966	0.40173	0.04023	0.03488	0.17188	0.01090	0.03502	0.13971	0.04880	0.00626	0.02806	0.00127	0.00476	0.02186	0.00266	0.00429
1	0.00999	0.00814	0.01550	0.01151	0.01441	0.00773	0.47834	0.06605	0.00924	0.18958	0.01055	0.12442	0.00874	0.00463	0.00432	0.00124	0.02306	0.00487	0.00272	0.00498
2	0.00529	0.00352	0.00396	0.00396	0.00396	0.00352	0.00220	0.00529	0.00529	0.00705	0.01145	0.02378	0.01321	0.87227	0.01850	0.00352	0.00352	0.00529	0.00220	0.00220
3	0.00454	0.00367	0.00399	0.00418	0.00515	0.00321	0.00303	0.02284	0.00809	0.00994	0.03141	0.27394	0.59384	0.00973	0.00438	0.00130	0.00196	0.00834	0.00338	0.00310
4	0.00724	0.08180	0.51125	0.00824	0.01206	0.00736	0.00969	0.01037	0.00840	0.04515	0.21832	0.03091	0.01266	0.00462	0.00360	0.00112	0.00414	0.00380	0.00232	0.01695
5	0.00750	0.08099	0.77478	0.01031	0.03297	0.00888	0.01285	0.01146	0.00767	0.01130	0.00642	0.00757	0.00463	0.00342	0.00337	0.00112	0.00524	0.00264	0.00154	0.00533
6	0.01032	0.00953	0.01549	0.04638	0.80981	0.00938	0.01161	0.01208	0.00915	0.01312	0.00823	0.01092	0.00705	0.00419	0.00421	0.00134	0.00480	0.00370	0.00228	0.00641
7	0.89794	0.00703	0.00534	0.00478	0.00703	0.00815	0.00394	0.01068	0.00619	0.01631	0.00506	0.00590	0.00394	0.00337	0.00225	0.00112	0.00281	0.00197	0.00225	0.00394
8	0.89794	0.00703	0.00534	0.00478	0.00703	0.00815	0.00394	0.01068	0.00619	0.01631	0.00506	0.00590	0.00394	0.00337	0.00225	0.00112	0.00281	0.00197	0.00225	0.00394
9	0.01235	0.14828	0.08224	0.00889	0.01122	0.64616	0.00737	0.01358	0.00957	0.00904	0.00569	0.00677	0.00479	0.01524	0.00335	0.00096	0.00601	0.00235	0.00180	0.00435
10	0.00813	0.00661	0.00771	0.00555	0.00875	0.00513	0.00445	0.04423	0.00804	0.04362	0.00685	0.00777	0.00555	0.00283	0.00277	0.00058	0.00276	0.00226	0.00230	0.82411
11	0.00796	0.16994	0.61565	0.01014	0.02610	0.00952	0.07906	0.01148	0.00774	0.02119	0.00643	0.00759	0.00476	0.00337	0.00333	0.00109	0.00513	0.00270	0.00160	0.00522
12	0.00783	0.00537	0.02963	0.00858	0.15370	0.00480	0.01646	0.00925	0.02715	0.17900	0.01713	0.43509	0.07508	0.00796	0.00418	0.00130	0.00283	0.00714	0.00326	0.00425
13	0.00433	0.00368	0.00373	0.00371	0.00493	0.00308	0.00279	0.00528	0.00836	0.00999	0.06684	0.03469	0.81799	0.00914	0.00430	0.00122	0.00184	0.00763	0.00340	0.00308
14	0.00762	0.00723	0.01227	0.56478	0.31787	0.00827	0.01047	0.00995	0.00763	0.01021	0.00659	0.00944	0.00517	0.00349	0.00362	0.00116	0.00466	0.00323	0.00168	0.00465
15	0.00915	0.03142	0.23015	0.01346	0.24839	0.00795	0.17121	0.01201	0.02894	0.12787	0.03367	0.01117	0.05000	0.00390	0.00373	0.00114	0.00453	0.00367	0.00230	0.00532
16	0.01382	0.01018	0.01091	0.00836	0.01127	0.01127	0.00691	0.83748	0.01709	0.02291	0.00873	0.00873	0.00618	0.00436	0.00364	0.00109	0.00400	0.00327	0.00364	0.00618
17	0.00858	0.00980	0.02145	0.01532	0.01900	0.00919	0.83640	0.01164	0.00858	0.01164	0.00735	0.00980	0.00551	0.00306	0.00429	0.00123	0.00613	0.00429	0.00184	0.00490
18	0.00865	0.00823	0.03517	0.15983	0.58801	0.00817	0.04120	0.01085	0.00817	0.04316	0.01628	0.03376	0.01489	0.00368	0.00367	0.00112	0.00434	0.00355	0.00195	0.00532
19	0.01351	0.00700	0.01061	0.04763	0.28600	0.00654	0.00745	0.01520	0.00957	0.54072	0.01154	0.01115	0.00776	0.00405	0.00364	0.00111	0.00357	0.00350	0.00349	0.00595
20	0.00686	0.00646	0.01090	0.86353	0.02503	0.00807	0.01009	0.00929	0.00727	0.00929	0.00646	0.00969	0.00484	0.00363	0.00363	0.00121	0.00484	0.00323	0.00161	0.00404
21	0.59760	0.00696	0.00606	0.00549	0.00717	0.04623	0.00438	0.01879	0.00633	0.01375	0.00616	0.00853	0.00540	0.07446	0.10661	0.00191	0.07567	0.00259	0.00215	0.00376
22	0.01422	0.28178	0.01180	0.00639	0.00929	0.00821	0.00562	0.01554	0.00944	0.58437	0.01139	0.01029	0.00762	0.00406	0.00324	0.00101	0.00334	0.00311	0.00356	0.00570
23	0.01261	0.00995	0.01050	0.00853	0.04566	0.06001	0.00668	0.62360	0.01481	0.01987	0.00811	0.00842	0.00595	0.00402	0.00346	0.00099	0.00396	0.00304	0.00322	0.14662
24	0.00513	0.00371	0.00484	0.00456	0.00542	0.00342	0.00342	0.00683	0.01025	0.01449	0.83391	0.02728	0.04811	0.00746	0.00429	0.00114	0.00172	0.00659	0.00399	0.00342
25	0.00729	0.01880	0.85344	0.01036	0.01573	0.00844	0.01343	0.01151	0.00767	0.01151	0.00652	0.00767	0.00460	0.00345	0.00345	0.00115	0.00537	0.00269	0.00153	0.00537
26	0.00438	0.00343	0.00397	0.00437	0.00510	0.00302	0.00308	0.00518	0.00769	0.00967	0.04813	0.44055	0.42808	0.01022	0.00446	0.00135	0.00197	0.00894	0.00339	0.00302
27	0.00513	0.00371	0.00484	0.00456	0.00542	0.00342	0.00342	0.00683	0.01026	0.01450	0.83546	0.02727	0.04656	0.00746	0.00429	0.00114	0.00172	0.00659	0.00399	0.00342
28	0.00972	0.87446	0.01905	0.00622	0.00933	0.01438	0.00622	0.01088	0.00738	0.00855	0.00505	0.00583	0.00466	0.00311	0.00233	0.00078	0.00389	0.00194	0.00155	0.00466
29	0.00739	0.06149	0.76544	0.01003	0.01509	0.00862	0.02474	0.01144	0.01753	0.01149	0.02998	0.00822	0.00552	0.00356	0.00343	0.00113	0.00518	0.00280	0.00163	0.00528
30	0.00430	0.00368	0.00368	0.00368	0.00491	0.00307	0.00276	0.00522	0.00828	0.00982	0.03682	0.03498	0.84812	0.00920	0.00430	0.00123	0.00184	0.00767	0.00338	0.00307
31	0.00434	0.00368	0.00375	0.00373	0.00494	0.00309	0.00280	0.00531	0.00840	0.01008	0.08175	0.03454	0.80303	0.00911	0.00430	0.00122	0.00183	0.00761	0.00341	0.00309
32	0.01424	0.00851	0.01091	0.00919	0.07244	0.08477	0.09429	0.17013	0.01130	0.46903	0.01120	0.01064	0.00747	0.00416	0.00368	0.00111	0.00399	0.00350	0.00362	0.00584
33	0.06591	0.54058	0.20893	0.00748	0.01099	0.04769	0.03138	0.02248	0.00766	0.01003	0.00570	0.01626	0.00487	0.00334	0.00272	0.00092	0.00432	0.00231	0.00167	0.00477
34	0.00519	0.00389	0.00584	0.00584	0.00649	0.00454	0.00454	0.00649	0.00584	0.00844	0.00974	0.01428	0.00909	0.02726	0.85787	0.00584	0.00974	0.00389	0.00195	0.00325
35	0.00930	0.00923	0.01428	0.03348	0.76514	0.07072	0.01077	0.01148	0.01942	0.01166	0.00685	0.00889	0.00574	0.00330	0.00358	0.00107	0.00447	0.00318	0.00183	0.00562
36	0.00910	0.32012	0.41494	0.00895	0.02215	0.09865	0.02921	0.02662	0.00808	0.02277	0.00609	0.00706	0.00476	0.00338	0.00307	0.00100	0.00492	0.00246	0.00167	0.00502
37	0.00631	0.00316	0.00473	0.00473	0.00473	0.00316	0.00316	0.00473	0.00473	0.00631	0.00631	0.01105	0.00631	0.01263	0.01420	0.89426	0.00316	0.00316	0.00158	0.00158
38	0.00698	0.00565	0.00645	0.00591	0.00733	0.00608	0.00453	0.01274	0.40372	0.01487	0.45418	0.02073	0.02333	0.00625	0.00401	0.00119	0.00226	0.00541	0.00386	0.00453
39	0.00878	0.00836	0.01401	0.08617	0.73448	0.00854	0.01071	0.01135	0.04860	0.01187	0.01810	0.00951	0.00632	0.00341	0.00361	0.00110	0.00425	0.00332	0.00191	0.00559
40	0.00614	0.00520	0.00550	0.00525	0.00669	0.00533	0.00398	0.01061	0.32419	0.01203	0.06531	0.10226	0.41807	0.00770	0.00410	0.00125	0.00225	0.00651	0.00353	0.00409
41	0.00707	0.00667	0.01127	0.78289	0.10408	0.00813	0.01020	0.00947	0.00736	0.00953	0.00650	0.00962	0.00493	0.00360	0.00363	0.00120	0.00479	0.00323	0.00163	0.00420
42	0.00529	0.00352	0.00396	0.00396	0.00396	0.00352	0.00220	0.00529	0.00529	0.00705	0.01145	0.02378	0.01321	0.87227	0.01850	0.00352	0.00352	0.00529	0.00220	0.00220
43	0.00885	0.47100	0.17934	0.00910	0.01270	0.01165	0.20018	0.01122	0.02267	0.01011	0.02829	0.00781	0.00575	0.00331	0.00308	0.00097	0.00462	0.00279	0.00172	0.00484
44	0.00476	0.00326	0.00435	0.00508	0.00538	0.00303	0.00343	0.00545	0.00715	0.03169	0.04474	0.82195	0.02395	0.01109	0.00460	0.00146	0.00212	0.01004	0.00342	0.00305
45	0.00972	0.87446	0.01905	0.00622	0.00933	0.01438	0.00622	0.01088	0.00738	0.00855	0.00505	0.00583	0.00466	0.00311	0.00233	0.00078	0.00389	0.00194	0.00155	0.00466
46	0.00926	0.03124	0.63872	0.00933	0.01402	0.00778	0.01135	0.01277	0.00831	0.19486	0.02339	0.00902	0.00610	0.00375	0.00349	0.00114	0.00478	0.00295	0.00223	0.00550
47	0.00589	0.00436	0.00593	0.00625	0.02934	0.00441	0.02477	0.03957	0.01949	0.04294	0.04992	0.57249	0.06769	0.00957	0.00498	0.00141	0.06365	0.03051	0.01335	0.00348
48	0.01358	0.01715	0.01031	0.00934	0.01124	0.83745	0.00702	0.03419	0.01046	0.00923	0.00569	0.00661	0.00472	0.00376	0.00329	0.00094	0.00649	0.00236	0.00191	0.00426
49	0.00900	0.00864	0.01475	0.02231	0.84960	0.00864	0.01115	0.01115	0.00828	0.01187	0.00684	0.00900	0.00576	0.00324	0.00360	0.00108	0.00432	0.00324	0.00180	0.00576
50	0.00886	0.01109	0.20810	0.04084	0.41584	0.02134	0.14053	0.03060	0.02331	0.04242	0.00744	0.01991	0.00587	0.00348	0.00369	0.00113	0.00479	0.00338	0.00193	0.00545
51	0.00645	0.00627	0.01167	0.00937	0.01123	0.00592	0.35658	0.00855	0.04348	0.01052	0.01561	0.33129	0.09299	0.04629	0.00505	0.00143	0.00391	0.02681	0.00268	0.00389
52	0.01358	0.01732	0.01030	0.00936	0.01124	0.85768	0.00702	0.01451	0.01030	0.00890	0.00562	0.00655	0.00468	0.00375	0.00328	0.00094	0.00655	0.00234	0.00187	0.00421
53	0.01069	0.00821	0.01323	0.01830	0.63160	0.00811	0.00972	0.05171	0.01898	0.18079	0.00852	0.00971	0.00649	0.00356	0.00361	0.00109	0.00404	0.00333	0.00245	0.00586
54	0.00477	0.00357	0.00443	0.00460	0.00532	0.00326	0.00330	0.00606	0.02052	0.01172	0.37407	0.32674	0.19993	0.00916	0.00440	0.00128	0.00190	0.00810	0.00364	0.00322
55	0.00858	0.00980	0.02145	0.01532	0.01900	0.00919	0.83640	0.01164	0.00858	0.01164	0.00735	0.00980	0.00551	0.00306	0.00429	0.00123	0.00613	0.00429	0.00184	0.00490
56	0.00900	0.00864	0.01475	0.02231	0.84960	0.00864	0.01115	0.01115	0.00828	0.01187	0.00684	0.00900	0.00576	0.00324	0.00360	0.00108	0.00432	0.00324	0.00180	0.00576
57	0.00829	0.13543	0.52564	0.01066	0.01525	0.00929	0.18548	0.01172	0.00794	0.04732	0.00683	0.00807	0.00499	0.00337	0.00348	0.00111	0.00523	0.00296	0.00173	0.00521
58	0.00430	0.00368	0.00368	0.00368	0.00491	0.00307	0.00276	0.00522	0.00828	0.00982	0.03682	0.03498	0.84812	0.00920	0.00430	0.00123	0.00184	0.00767	0.00338	0.00307
59	0.86095	0.00699	0.00547	0.00485	0.00712	0.00804	0.00400	0.01098	0.00636	0.05138	0.00545	0.00618	0.00415	0.00342	0.00231	0.00112	0.00282	0.00204	0.00234	0.00403
60	0.04353	0.00549	0.00945	0.00926	0.09563	0.00526	0.19920	0.00766	0.00750	0.02160	0.01499	0.52431	0.01675	0.00816	0.00434	0.00136	0.00333	0.01556	0.00282	0.00379
61	0.00910	0.00854	0.01420	0.06008	0.75057	0.00867	0.01078	0.05579	0.00871	0.01233	0.00715	0.00960	0.00602	0.00344	0.00363	0.00110	0.00431	0.01841	0.00192	0.00566
62	0.00529	0.00357	0.00420	0.00421	0.00429	0.00364	0.00251	0.00545	0.00540	0.00726	0.01141	0.02310	0.01292	0.76801	0.10635	0.00373	0.00417	0.01995	0.00220	0.00233
63	0.00900	0.00864	0.01475	0.02231	0.84960	0.00864	0.01115	0.01115	0.00828	0.01187	0.00684	0.00900	0.00576	0.00324	0.00360	0.00108	0.00432	0.00324	0.00180	0.00576
64	0.01439	0.00971	0.00947	0.01723	0.07872	0.25834	0.00635	0.03137	0.01923	0.48009	0.01110	0.03079	0.00774	0.00433	0.00356	0.00107	0.00423	0.00338	0.00342	0.00546
65	0.00900	0.00864	0.01475	0.02231	0.84960	0.00864	0.01115	0.01115	0.00828	0.01187	0.00684	0.00900	0.00576	0.00324	0.00360	0.00108	0.00432	0.00324	0.00180	0.00576
66	0.00750	0.01770	0.77723	0.01003	0.01509	0.00832	0.01269	0.01193	0.05299	0.02686	0.00735	0.02342	0.00538	0.00369	0.00349	0.00116	0.00514	0.00292	0.00174	0.00536
67	0.00978	0.86050	0.01891	0.00625	0.00936	0.01433	0.00623	0.02423	0.00754	0.00878	0.00511	0.00588	0.00469	0.00313	0.00235	0.00078	0.00389	0.00196	0.00159	0.00469
68	0.01411	0.00609	0.00799	0.00609	0.00888	0.00514	0.00499	0.01557	0.00970	0.64537	0.01269	0.01151	0.00832	0.00414	0.00341	0.00100	0.00294	0.00335	0.05218	0.17654
69	0.02714	0.02330	0.01137	0.01068	0.15901	0.01020	0.02676	0.48970	0.14221	0.04841	0.00937	0.00958	0.00689	0.00419	0.00361	0.00111	0.00388	0.00339	0.00325	0.00595
70	0.02595	0.17267	0.64612	0.00930	0.01408	0.00935	0.01154	0.01150	0.00766	0.03354	0.00643	0.00743	0.00473	0.00340	0.00322	0.00107	0.00494	0.00255	0.00164	0.02286
71	0.00443	0.00316	0.00422	0.00506	0.00527	0.00295	0.00337	0.00506	0.00696	0.00928	0.02003	0.86990	0.02404	0.01139	0.00464	0.00148	0.00211	0.01033	0.00337	0.00295
72	0.00445	0.00323	0.00421	0.00493	0.00525	0.00298	0.00333	0.00516	0.00722	0.00957	0.06089	0.76606	0.08723	0.01103	0.00460	0.00144	0.00207	0.00995	0.00340	0.00298
73	0.01240	0.00783	0.04646	0.01324	0.34072	0.00697	0.04589	0.02508	0.00943	0.41775	0.02018	0.01112	0.01780	0.00398	0.00367	0.00111	0.00379	0.00356	0.00316	0.00586
74	0.00790	0.01482	0.50456	0.01320	0.13542	0.00867	0.21589	0.01171	0.03161	0.01170	0.00701	0.00855	0.00518	0.00337	0.00369	0.00116	0.00534	0.00320	0.00171	0.00532
75	0.00900	0.00864	0.01475	0.02231	0.84960	0.00864	0.01115	0.01115	0.00828	0.01187	0.00684	0.00900	0.00576	0.00324	0.00360	0.00108	0.00432	0.00324	0.00180	0.00576
76	0.00904	0.56020	0.27058	0.00821	0.04612	0.03207	0.00862	0.01117	0.00758	0.00959	0.00558	0.00653	0.00469	0.00323	0.00275	0.00091	0.00442	0.00223	0.00157	0.00491
77	0.00846	0.02677	0.27984	0.10208	0.22881	0.03158	0.05924	0.02229	0.06751	0.05815	0.00886	0.06563	0.01633	0.00415	0.00365	0.00116	0.00452	0.00367	0.00212	0.00516
78	0.00445	0.00342	0.00407	0.00453	0.00518	0.00307	0.00318	0.00523	0.00753	0.00956	0.03867	0.47358	0.35654	0.02617	0.01578	0.00147	0.00215	0.02907	0.00334	0.00301
79	0.00978	0.00728	0.03154	0.00657	0.00855	0.06074	0.00529	0.06108	0.29588	0.18282	0.23716	0.01692	0.04953	0.00553	0.00383	0.00116	0.00294	0.00462	0.00375	0.00503
80	0.01156	0.02037	0.23707	0.02161	0.12027	0.06515	0.07908	0.01420	0.03287	0.33521	0.02055	0.01018	0.00710	0.00391	0.00362	0.00112	0.00436	0.00333	0.00285	0.00558
81	0.02003	0.05195	0.53040	0.01165	0.10321	0.03237	0.11114	0.01190	0.02796	0.04567	0.00721	0.01768	0.00538	0.00354	0.00353	0.00113	0.00510	0.00304	0.00181	0.00529
82	0.00900	0.00864	0.01475	0.02231	0.84960	0.00864	0.01115	0.01115	0.00828	0.01187	0.00684	0.00900	0.00576	0.00324	0.00360	0.00108	0.00432	0.00324	0.00180	0.00576
83	0.00956	0.00904	0.06388	0.01870	0.60207	0.00831	0.09017	0.03106	0.00872	0.09054	0.02771	0.00974	0.00666	0.00348	0.00368	0.00110	0.00437	0.00343	0.00213	0.00565
84	0.00929	0.07192	0.25177	0.01171	0.14393	0.02423	0.15932	0.06756	0.04073	0.09878	0.02581	0.05456	0.01563	0.00411	0.00367	0.00114	0.00456	0.00372	0.00233	0.00524
85	0.00477	0.00333	0.00428	0.00493	0.00533	0.00306	0.00335	0.00545	0.00717	0.03155	0.02155	0.71492	0.11822	0.03626	0.00499	0.00150	0.00216	0.02076	0.00337	0.00303
86	0.00777	0.00660	0.00652	0.00585	0.00758	0.05419	0.00453	0.10671	0.28109	0.03160	0.05542	0.02243	0.36988	0.01831	0.00414	0.00122	0.00274	0.00554	0.00346	0.00444
87	0.00782	0.08215	0.53390	0.00912	0.02536	0.00793	0.03817	0.01124	0.03366	0.07028	0.04040	0.06148	0.05399	0.00446	0.00356	0.00115	0.00451	0.00367	0.00213	0.00503
88	0.00822	0.00800	0.03919	0.11184	0.44933	0.00778	0.11816	0.01068	0.03993	0.03409	0.02075	0.11820	0.00858	0.00445	0.00383	0.00117	0.00424	0.00434	0.00215	0.00507
89	0.00755	0.01844	0.82937	0.01025	0.01555	0.00835	0.01320	0.01169	0.00775	0.03545	0.00674	0.00781	0.00473	0.00348	0.00346	0.00115	0.00531	0.00271	0.00162	0.00539
90	0.00959	0.03422	0.03421	0.01399	0.05168	0.02008	0.63763	0.02290	0.02232	0.10395	0.00813	0.00990	0.00595	0.00329	0.00409	0.00119	0.00557	0.00404	0.00217	0.00510
91	0.00884	0.04624	0.36418	0.01357	0.23041	0.02807	0.13068	0.03132	0.03152	0.05982	0.01693	0.00890	0.00584	0.00350	0.00360	0.00112	0.00491	0.00318	0.00196	0.00540
92	0.01244	0.02806	0.14447	0.00889	0.01220	0.00715	0.17196	0.06416	0.02886	0.43376	0.01179	0.02310	0.02723	0.00422	0.00375	0.00115	0.00408	0.00376	0.00333	0.00564
93	0.00967	0.85867	0.03444	0.00630	0.00945	0.01427	0.00635	0.01089	0.00739	0.00861	0.00508	0.00586	0.00466	0.00312	0.00235	0.00078	0.00391	0.00196	0.00155	0.00468
94	0.01012	0.00847	0.02721	0.03839	0.39897	0.05959	0.05435	0.06837	0.05030	0.13730	0.00988	0.06989	0.02003	0.01574	0.00390	0.00116	0.00408	0.00392	0.01298	0.00534
95	0.06831	0.28175	0.05706	0.00975	0.06832	0.09737	0.18585	0.01272	0.00850	0.16645	0.00752	0.00828	0.00568	0.00347	0.00323	0.00102	0.00453	0.00293	0.00225	0.00501
96	0.00449	0.00321	0.00428	0.00506	0.00532	0.00300	0.00342	0.00521	0.00717	0.00960	0.06646	0.80731	0.02456	0.01114	0.00463	0.00146	0.00211	0.02516	0.00341	0.00299
97	0.00758	0.00719	0.01219	0.58207	0.30092	0.00826	0.01045	0.00991	0.00760	0.01015	0.00659	0.00946	0.00515	0.00350	0.00362	0.00117	0.00467	0.00323	0.00168	0.00461
98	0.00941	0.03429	0.08381	0.00840	0.06248	0.10079	0.09232	0.07212	0.00826	0.12928	0.01771	0.01289	0.00808	0.19288	0.04317	0.10936	0.00452	0.00372	0.00239	0.00413
99	0.00895	0.00859	0.01467	0.04121	0.83107	0.00862	0.01113	0.01111	0.00825	0.01182	0.00683	0.00901	0.00574	0.00325	0.00360	0.00108	0.00433	0.00324	0.00179	0.00572
100	0.00502	0.00370	0.00469	0.00447	0.00536	0.00337	0.00334	0.00660	0.00994	0.01382	0.72126	0.05214	0.13723	0.00777	0.00430	0.00116	0.00174	0.00682	0.00390	0.00337
101	0.03703	0.01446	0.00902	0.00827	0.00983	0.67397	0.00611	0.01275	0.00931	0.00888	0.00676	0.00972	0.00625	0.13704	0.01716	0.00141	0.00595	0.01168	0.01054	0.00387
102	0.00796	0.00859	0.02572	0.02262	0.02712	0.00817	0.58627	0.01143	0.09904	0.01169	0.01877	0.13624	0.00912	0.00454	0.00425	0.00126	0.00509	0.00513	0.00228	0.00470
103	0.00508	0.00371	0.00477	0.00451	0.00539	0.00340	0.00338	0.00674	0.01014	0.01422	0.78709	0.02773	0.09511	0.00756	0.00429	0.00115	0.00172	0.00665	0.00395	0.00340
104	0.89794	0.00703	0.00534	0.00478	0.00703	0.00815	0.00394	0.01068	0.00619	0.01631	0.00506	0.00590	0.00394	0.00337	0.00225	0.00112	0.00281	0.00197	0.00225	0.00394
105	0.01358	0.01732	0.01030	0.00936	0.01124	0.85768	0.00702	0.01451	0.01030	0.00890	0.00562	0.00655	0.00468	0.00375	0.00328	0.00094	0.00655	0.00234	0.00187	0.00421
106	0.00431	0.00363	0.00374	0.00382	0.00495	0.00306	0.00282	0.00520	0.00815	0.00976	0.03510	0.12033	0.76388	0.00943	0.00433	0.00125	0.00187	0.00794	0.00337	0.00306
107	0.00511	0.00371	0.00481	0.00454	0.00541	0.00341	0.00340	0.00679	0.01020	0.01438	0.81365	0.02748	0.06844	0.00750	0.00429	0.00115	0.00172	0.00662	0.00397	0.00341
108	0.00795	0.00795	0.01113	0.00954	0.00954	0.01113	0.00795	0.00875	0.00557	0.00875	0.00477	0.00795	0.00477	0.00636	0.01193	0.00159	0.86562	0.00318	0.00159	0.00398
109	0.00800	0.09915	0.33172	0.00932	0.10452	0.00778	0.00881	0.03403	0.00793	0.01170	0.00645	0.00761	0.00508	0.00313	0.00307	0.00087	0.00405	0.00249	0.00186	0.34243
110	0.01356	0.01005	0.01076	0.00831	0.01117	0.01115	0.00685	0.79313	0.06186	0.02249	0.00905	0.00899	0.00645	0.00439	0.00364	0.00110	0.00394	0.00332	0.00364	0.00616
111	0.00514	0.00372	0.00486	0.00457	0.00543	0.00343	0.00343	0.00686	0.01029	0.01457	0.84768	0.02715	0.03429	0.00743	0.00429	0.00114	0.00171	0.00657	0.00400	0.00343
112	0.00538	0.00404	0.00511	0.00462	0.00578	0.00358	0.00350	0.00704	0.00985	0.01399	0.70294	0.02525	0.07592	0.00697	0.00410	0.00108	0.00184	0.00611	0.00375	0.10917
113	0.00611	0.20457	0.03415	0.00497	0.00655	0.00604	0.00426	0.00763	0.00917	0.01221	0.47784	0.02309	0.17701	0.00664	0.00381	0.00107	0.00235	0.00559	0.00325	0.00371
114	0.01372	0.03040	0.01110	0.00831	0.01123	0.01134	0.00689	0.81814	0.01686	0.02257	0.00864	0.00866	0.00615	0.00433	0.00361	0.00108	0.00400	0.00324	0.00359	0.00615
115	0.01038	0.08043	0.01166	0.00935	0.01132	0.43146	0.14789	0.01181	0.00919	0.00973	0.00935	0.07235	0.00912	0.00526	0.00379	0.00115	0.00538	0.15405	0.00221	0.00412
116	0.01024	0.75864	0.01786	0.00664	0.00959	0.12833	0.00633	0.01137	0.00778	0.00860	0.00513	0.00593	0.00467	0.00320	0.00246	0.00080	0.00425	0.00200	0.00160	0.00460
117	0.00729	0.01880	0.85344	0.01036	0.01573	0.00844	0.01343	0.01151	0.00767	0.01151	0.00652	0.00767	0.00460	0.00345	0.00345	0.00115	0.00537	0.00269	0.00153	0.00537
118	0.00994	0.33756	0.35212	0.00820	0.02702	0.01002	0.00900	0.01240	0.00813	0.17166	0.01794	0.00815	0.00586	0.00357	0.00308	0.00100	0.00431	0.00265	0.00215	0.00524

[dist]
# distance from previous block
# <min> <max>
0	1

[block]
# block no. 1 follows, 76 sequences, length 13
# corresponding to MSA columns:
# 162-174
name=unknown_B
#
# <colnr> <probs for GDERKNQSTAVLIFYWHMCP>
#	G	D	E	R	K	N	Q	S	T	A	V	L	I	F	Y	W	H	M	C	P
0	0.01297	0.15234	0.01168	0.00887	0.01094	0.72484	0.00690	0.01394	0.00984	0.00884	0.00553	0.00644	0.00468	0.00365	0.00313	0.00091	0.00613	0.00228	0.00182	0.00428
1	0.01358	0.01732	0.01030	0.00936	0.01124	0.85768	0.00702	0.01451	0.01030	0.00890	0.00562	0.00655	0.00468	0.00375	0.00328	0.00094	0.00655	0.00234	0.00187	0.00421
2	0.04472	0.07370	0.60334	0.00983	0.03797	0.00845	0.03537	0.01225	0.00800	0.12248	0.00743	0.00820	0.00522	0.00355	0.00338	0.00112	0.00486	0.00280	0.00197	0.00537
3	0.00445	0.00331	0.00416	0.00483	0.00527	0.00302	0.00333	0.00517	0.00728	0.00944	0.02353	0.66747	0.19683	0.01088	0.00458	0.00143	0.00209	0.03657	0.00337	0.00299
4	0.00509	0.00386	0.00498	0.04993	0.00638	0.00362	0.00367	0.00671	0.00980	0.01350	0.66835	0.02753	0.16799	0.00752	0.00425	0.00116	0.00190	0.00658	0.00377	0.00340
5	0.03160	0.00742	0.01137	0.65370	0.16244	0.05318	0.00994	0.00991	0.00757	0.00989	0.00644	0.00930	0.00497	0.00357	0.00357	0.00117	0.00479	0.00315	0.00168	0.00433
6	0.00919	0.06004	0.02871	0.00769	0.03494	0.00896	0.00601	0.12944	0.53737	0.01520	0.04589	0.07846	0.01162	0.00525	0.00369	0.00119	0.00309	0.00438	0.00344	0.00543
7	0.00617	0.00322	0.00470	0.00470	0.00472	0.00324	0.00312	0.00485	0.00483	0.00646	0.00693	0.01238	0.00707	0.09532	0.04485	0.77728	0.00343	0.00339	0.00165	0.00170
8	0.02187	0.00760	0.01081	0.02722	0.37118	0.04748	0.02690	0.01247	0.09801	0.16739	0.06165	0.03670	0.06732	0.00471	0.00375	0.00114	0.00367	0.02207	0.00282	0.00524
9	0.00797	0.00725	0.00774	0.00567	0.00880	0.06673	0.00450	0.00954	0.00774	0.01163	0.00640	0.00747	0.00533	0.00277	0.00273	0.00057	0.00297	0.00217	0.00213	0.82988
10	0.00818	0.09863	0.61995	0.01080	0.08309	0.00909	0.02613	0.04362	0.02744	0.03035	0.00687	0.00792	0.00503	0.00349	0.00339	0.00111	0.00500	0.00276	0.00176	0.00539
11	0.54299	0.07838	0.02422	0.00608	0.00843	0.08667	0.00510	0.08474	0.08034	0.02927	0.00646	0.00705	0.00499	0.00368	0.00281	0.00109	0.01846	0.00236	0.00242	0.00444
12	0.00611	0.00429	0.00552	0.00576	0.03166	0.00432	0.00398	0.05810	0.03201	0.04690	0.10654	0.32718	0.06680	0.13253	0.14873	0.00238	0.00377	0.00687	0.00307	0.00346

[dist]
# distance from previous block
# <min> <max>
3	14

[block]
# block no. 2 follows, 76 sequences, length 55
# corresponding to MSA columns:
# 189-243
name=unknown_C
#
# <colnr> <probs for GDERKNQSTAVLIFYWHMCP>
#	G	D	E	R	K	N	Q	S	T	A	V	L	I	F	Y	W	H	M	C	P
0	0.01102	0.00762	0.02157	0.01391	0.39008	0.01877	0.03500	0.02472	0.04890	0.27956	0.05345	0.01209	0.02529	0.02714	0.00417	0.00118	0.01331	0.00374	0.00293	0.00556
1	0.00804	0.04177	0.12255	0.03892	0.08118	0.01879	0.01612	0.01025	0.02589	0.03303	0.00683	0.00796	0.00547	0.00300	0.00296	0.00074	0.00342	0.00246	0.00208	0.56852
2	0.03817	0.05916	0.00900	0.00641	0.00922	0.00596	0.00536	0.01712	0.01011	0.77956	0.01354	0.01181	0.00860	0.00439	0.00354	0.00110	0.00313	0.00351	0.00426	0.00604
3	0.01083	0.00844	0.01195	0.02527	0.43807	0.04458	0.01969	0.12368	0.06670	0.14658	0.00908	0.01000	0.00685	0.00379	0.00355	0.00108	0.00395	0.00335	0.05693	0.00564
4	0.00456	0.00330	0.00439	0.00513	0.00533	0.00319	0.00345	0.00517	0.00685	0.00917	0.01928	0.81262	0.02309	0.04628	0.00540	0.00156	0.02505	0.00994	0.00328	0.00295
5	0.01382	0.01018	0.01091	0.00836	0.01127	0.01127	0.00691	0.83748	0.01709	0.02291	0.00873	0.00873	0.00618	0.00436	0.00364	0.00109	0.00400	0.00327	0.00364	0.00618
6	0.00795	0.00795	0.01113	0.00954	0.00954	0.01113	0.00795	0.00875	0.00557	0.00875	0.00477	0.00795	0.00477	0.00636	0.01193	0.00159	0.86562	0.00318	0.00159	0.00398
7	0.00795	0.00795	0.01113	0.00954	0.00954	0.01113	0.00795	0.00875	0.00557	0.00875	0.00477	0.00795	0.00477	0.00636	0.01193	0.00159	0.86562	0.00318	0.00159	0.00398
8	0.00729	0.01880	0.85344	0.01036	0.01573	0.00844	0.01343	0.01151	0.00767	0.01151	0.00652	0.00767	0.00460	0.00345	0.00345	0.00115	0.00537	0.00269	0.00153	0.00537
9	0.00486	0.00370	0.00446	0.00427	0.00525	0.00331	0.00320	0.00631	0.00961	0.01297	0.57459	0.02979	0.30838	0.00803	0.00429	0.00117	0.00176	0.00694	0.00379	0.00331
10	0.00443	0.00316	0.00422	0.00506	0.00527	0.00295	0.00337	0.00506	0.00696	0.00928	0.02003	0.86990	0.02404	0.01139	0.00464	0.00148	0.00211	0.01033	0.00337	0.00295
11	0.00517	0.00391	0.00486	0.00544	0.00594	0.00393	0.00376	0.00735	0.14136	0.01023	0.01919	0.73224	0.02196	0.01035	0.00449	0.00144	0.00223	0.00933	0.00343	0.00340
12	0.00695	0.00655	0.01106	0.82930	0.05858	0.00810	0.01014	0.00936	0.00731	0.00939	0.00648	0.00966	0.00488	0.00362	0.00363	0.00121	0.00482	0.00323	0.00162	0.00411
13	0.00442	0.00318	0.00420	0.00503	0.00526	0.00296	0.00336	0.00506	0.00699	0.00929	0.02046	0.84861	0.04505	0.01133	0.00463	0.00147	0.00210	0.01026	0.00337	0.00296
14	0.00992	0.80202	0.03495	0.00650	0.00958	0.06892	0.00641	0.01113	0.00758	0.00863	0.00512	0.00591	0.00466	0.00316	0.00242	0.00080	0.00409	0.00198	0.00157	0.00465
15	0.89794	0.00703	0.00534	0.00478	0.00703	0.00815	0.00394	0.01068	0.00619	0.01631	0.00506	0.00590	0.00394	0.00337	0.00225	0.00112	0.00281	0.00197	0.00225	0.00394
16	0.00519	0.00389	0.00584	0.00584	0.00649	0.00454	0.00454	0.00649	0.00584	0.00844	0.00974	0.01428	0.00909	0.02726	0.85787	0.00584	0.00974	0.00389	0.00195	0.00325
17	0.00972	0.87446	0.01905	0.00622	0.00933	0.01438	0.00622	0.01088	0.00738	0.00855	0.00505	0.00583	0.00466	0.00311	0.00233	0.00078	0.00389	0.00194	0.00155	0.00466
18	0.00754	0.00646	0.00754	0.00538	0.00861	0.00484	0.00431	0.00915	0.00754	0.01184	0.00646	0.00754	0.00538	0.00269	0.00269	0.00054	0.00269	0.00215	0.00215	0.89449
19	0.00742	0.06621	0.80721	0.01013	0.01538	0.00877	0.01303	0.01148	0.00766	0.01135	0.00644	0.00757	0.00461	0.00343	0.00339	0.00113	0.00529	0.00264	0.00154	0.00533
20	0.00686	0.00646	0.01090	0.86353	0.02503	0.00807	0.01009	0.00929	0.00727	0.00929	0.00646	0.00969	0.00484	0.00363	0.00363	0.00121	0.00484	0.00323	0.00161	0.00404
21	0.89794	0.00703	0.00534	0.00478	0.00703	0.00815	0.00394	0.01068	0.00619	0.01631	0.00506	0.00590	0.00394	0.00337	0.00225	0.00112	0.00281	0.00197	0.00225	0.00394
22	0.00627	0.00437	0.00549	0.00502	0.00613	0.00423	0.00382	0.02970	0.08621	0.05603	0.70956	0.02472	0.03022	0.00698	0.00419	0.00115	0.00195	0.00612	0.00399	0.00385
23	0.00845	0.00808	0.01377	0.23708	0.63908	0.00849	0.01088	0.01068	0.00802	0.01121	0.00674	0.00917	0.00552	0.00334	0.00361	0.00111	0.00445	0.00324	0.00175	0.00532
24	0.00435	0.00370	0.00376	0.00379	0.00500	0.00311	0.00287	0.00530	0.00829	0.00986	0.03618	0.03520	0.81808	0.00924	0.00432	0.00124	0.00190	0.03736	0.00337	0.00308
25	0.00903	0.00663	0.00755	0.00628	0.00806	0.00699	0.00499	0.36266	0.04449	0.01814	0.44251	0.01851	0.02095	0.00597	0.00395	0.00112	0.00274	0.00501	0.01972	0.00469
26	0.89794	0.00703	0.00534	0.00478	0.00703	0.00815	0.00394	0.01068	0.00619	0.01631	0.00506	0.00590	0.00394	0.00337	0.00225	0.00112	0.00281	0.00197	0.00225	0.00394
27	0.00795	0.00795	0.01113	0.00954	0.00954	0.01113	0.00795	0.00875	0.00557	0.00875	0.00477	0.00795	0.00477	0.00636	0.01193	0.00159	0.86562	0.00318	0.00159	0.00398
28	0.00686	0.00646	0.01090	0.86353	0.02503	0.00807	0.01009	0.00929	0.00727	0.00929	0.00646	0.00969	0.00484	0.00363	0.00363	0.00121	0.00484	0.00323	0.00161	0.00404
29	0.89794	0.00703	0.00534	0.00478	0.00703	0.00815	0.00394	0.01068	0.00619	0.01631	0.00506	0.00590	0.00394	0.00337	0.00225	0.00112	0.00281	0.00197	0.00225	0.00394
30	0.00520	0.00386	0.00567	0.00567	0.00626	0.00445	0.00433	0.00638	0.00579	0.00831	0.00989	0.01516	0.00947	0.10573	0.77992	0.00563	0.00916	0.00402	0.00197	0.00315
31	0.00529	0.00352	0.00396	0.00396	0.00396	0.00352	0.00220	0.00529	0.00529	0.00705	0.01145	0.02378	0.01321	0.87227	0.01850	0.00352	0.00352	0.00529	0.00220	0.00220
32	0.00465	0.00326	0.00415	0.00477	0.00493	0.00310	0.00306	0.00512	0.00652	0.00869	0.01776	0.64617	0.02118	0.23902	0.00830	0.00202	0.00248	0.00900	0.00306	0.00275
33	0.00697	0.00657	0.01109	0.82154	0.06619	0.00810	0.01015	0.00938	0.00732	0.00942	0.00648	0.00966	0.00489	0.00361	0.00363	0.00120	0.00482	0.00323	0.00162	0.00412
34	0.01267	0.01519	0.01159	0.01042	0.05159	0.63072	0.09131	0.07516	0.04791	0.01063	0.00649	0.00747	0.00522	0.00375	0.00344	0.00100	0.00605	0.00273	0.00208	0.00457
35	0.00566	0.00418	0.00581	0.00575	0.00633	0.02409	0.00440	0.00657	0.00593	0.00847	0.02419	0.01371	0.00896	0.02299	0.65545	0.12558	0.02944	0.00377	0.03562	0.00307
36	0.89794	0.00703	0.00534	0.00478	0.00703	0.00815	0.00394	0.01068	0.00619	0.01631	0.00506	0.00590	0.00394	0.00337	0.00225	0.00112	0.00281	0.00197	0.00225	0.00394
37	0.00514	0.00372	0.00486	0.00457	0.00543	0.00343	0.00343	0.00686	0.01029	0.01457	0.84768	0.02715	0.03429	0.00743	0.00429	0.00114	0.00171	0.00657	0.00400	0.00343
38	0.00534	0.00350	0.00401	0.00401	0.00401	0.00350	0.00226	0.00525	0.00525	0.00701	0.01116	0.02307	0.01283	0.82390	0.01826	0.05365	0.00350	0.00517	0.00217	0.00217
39	0.00443	0.00316	0.00422	0.00506	0.00527	0.00295	0.00337	0.00506	0.00696	0.00928	0.02003	0.86990	0.02404	0.01139	0.00464	0.00148	0.00211	0.01033	0.00337	0.00295
40	0.01358	0.01732	0.01030	0.00936	0.01124	0.85768	0.00702	0.01451	0.01030	0.00890	0.00562	0.00655	0.00468	0.00375	0.00328	0.00094	0.00655	0.00234	0.00187	0.00421
41	0.00858	0.00980	0.02145	0.01532	0.01900	0.00919	0.83640	0.01164	0.00858	0.01164	0.00735	0.00980	0.00551	0.00306	0.00429	0.00123	0.00613	0.00429	0.00184	0.00490
42	0.01631	0.00619	0.00843	0.00647	0.00928	0.00534	0.00534	0.01771	0.01040	0.85211	0.01434	0.01237	0.00900	0.00450	0.00365	0.00112	0.00309	0.00365	0.00450	0.00619
43	0.00457	0.00326	0.00438	0.00522	0.00549	0.00307	0.00362	0.00530	0.00710	0.00943	0.01996	0.78900	0.02373	0.01126	0.00468	0.00150	0.00223	0.08985	0.00337	0.00299
44	0.00430	0.00368	0.00368	0.00368	0.00491	0.00307	0.00276	0.00522	0.00828	0.00982	0.03682	0.03498	0.84812	0.00920	0.00430	0.00123	0.00184	0.00767	0.00338	0.00307
45	0.01317	0.01668	0.01018	0.00924	0.01103	0.80788	0.00696	0.01410	0.01008	0.00891	0.00628	0.00724	0.02349	0.00396	0.00361	0.00097	0.03765	0.00249	0.00190	0.00418
46	0.00519	0.00389	0.00584	0.00584	0.00649	0.00454	0.00454	0.00649	0.00584	0.00844	0.00974	0.01428	0.00909	0.02726	0.85787	0.00584	0.00974	0.00389	0.00195	0.00325
47	0.89794	0.00703	0.00534	0.00478	0.00703	0.00815	0.00394	0.01068	0.00619	0.01631	0.00506	0.00590	0.00394	0.00337	0.00225	0.00112	0.00281	0.00197	0.00225	0.00394
48	0.00443	0.00316	0.00422	0.00506	0.00527	0.00295	0.00337	0.00506	0.00696	0.00928	0.02003	0.86990	0.02404	0.01139	0.00464	0.00148	0.00211	0.01033	0.00337	0.00295
49	0.01262	0.06240	0.04554	0.00872	0.01139	0.09573	0.03363	0.55888	0.01403	0.03066	0.00779	0.00831	0.00577	0.00433	0.00429	0.00111	0.08305	0.00311	0.00302	0.00562
50	0.00528	0.00354	0.00405	0.00405	0.00408	0.00357	0.00231	0.00534	0.00531	0.00711	0.01138	0.02337	0.01303	0.83511	0.05541	0.00363	0.00380	0.00522	0.00219	0.00225
51	0.00448	0.00320	0.00427	0.00512	0.00535	0.00299	0.00346	0.00515	0.00701	0.00933	0.02000	0.84139	0.02393	0.01134	0.00465	0.00148	0.00215	0.03836	0.00337	0.00297
52	0.01396	0.00640	0.00829	0.00664	0.00905	0.00611	0.00541	0.09051	0.07351	0.58897	0.01341	0.01335	0.00930	0.03801	0.06120	0.00155	0.01912	0.02550	0.00402	0.00570
53	0.06747	0.00978	0.08344	0.01312	0.29261	0.00932	0.04758	0.31833	0.03013	0.06848	0.00825	0.02077	0.00626	0.00390	0.00357	0.00111	0.00414	0.00332	0.00272	0.00571
54	0.00973	0.01017	0.02398	0.10300	0.56438	0.17250	0.01012	0.01166	0.00853	0.02329	0.00662	0.00860	0.00547	0.00346	0.00372	0.00108	0.02352	0.00306	0.00183	0.00525

[dist]
# distance from previous block
# <min> <max>
0	1

[block]
# block no. 3 follows, 76 sequences, length 35
# corresponding to MSA columns:
# 245-279
name=unknown_D
#
# <colnr> <probs for GDERKNQSTAVLIFYWHMCP>
#	G	D	E	R	K	N	Q	S	T	A	V	L	I	F	Y	W	H	M	C	P
0	0.68613	0.12656	0.03850	0.00560	0.00809	0.04825	0.02092	0.01094	0.00664	0.01464	0.00518	0.00606	0.00412	0.00335	0.00239	0.00107	0.00329	0.00205	0.00210	0.00412
1	0.00519	0.00389	0.00584	0.00584	0.00649	0.00454	0.00454	0.00649	0.00584	0.00844	0.00974	0.01428	0.00909	0.02726	0.85787	0.00584	0.00974	0.00389	0.00195	0.00325
2	0.00656	0.00527	0.00572	0.00541	0.00679	0.00554	0.00411	0.01141	0.34249	0.01309	0.16834	0.08989	0.23251	0.00694	0.00393	0.00120	0.00224	0.00590	0.07841	0.00422
3	0.00787	0.00645	0.00757	0.00543	0.00864	0.00486	0.00435	0.00948	0.00765	0.04422	0.00676	0.00772	0.00552	0.00276	0.00273	0.00056	0.00271	0.00221	0.00224	0.86026
4	0.00449	0.00323	0.00428	0.00510	0.00537	0.00302	0.00348	0.00519	0.00707	0.00937	0.02049	0.80443	0.04830	0.01126	0.00465	0.00148	0.00216	0.05030	0.00337	0.00297
5	0.00858	0.00980	0.02145	0.01532	0.01900	0.00919	0.83640	0.01164	0.00858	0.01164	0.00735	0.00980	0.00551	0.00306	0.00429	0.00123	0.00613	0.00429	0.00184	0.00490
6	0.01584	0.00642	0.00854	0.00653	0.00937	0.00566	0.00539	0.06387	0.01068	0.77416	0.01373	0.01199	0.00870	0.00442	0.00362	0.00110	0.00313	0.00358	0.00436	0.03890
7	0.00754	0.00646	0.00754	0.00538	0.00861	0.00484	0.00431	0.00915	0.00754	0.01184	0.00646	0.00754	0.00538	0.00269	0.00269	0.00054	0.00269	0.00215	0.00215	0.89449
8	0.00516	0.00373	0.00488	0.00463	0.00548	0.00345	0.00349	0.00688	0.01024	0.01448	0.82660	0.02750	0.03395	0.00750	0.00431	0.00116	0.00176	0.02740	0.00398	0.00343
9	0.00586	0.00418	0.00586	0.00669	0.00753	0.00418	0.00586	0.00753	0.00837	0.01088	0.01924	0.04100	0.02092	0.01004	0.00502	0.00167	0.00335	0.82513	0.00335	0.00335
10	0.00586	0.00418	0.00586	0.00669	0.00753	0.00418	0.00586	0.00753	0.00837	0.01088	0.01924	0.04100	0.02092	0.01004	0.00502	0.00167	0.00335	0.82513	0.00335	0.00335
11	0.01321	0.10055	0.01116	0.00903	0.01105	0.75590	0.00694	0.03335	0.01017	0.00919	0.00564	0.00653	0.00471	0.00370	0.00319	0.00092	0.00624	0.00232	0.00188	0.00430
12	0.00891	0.00855	0.01460	0.05473	0.81782	0.00861	0.01111	0.01108	0.00824	0.01177	0.00682	0.00902	0.00572	0.00325	0.00360	0.00108	0.00434	0.00324	0.00179	0.00569
13	0.00851	0.44828	0.43463	0.00828	0.01252	0.01142	0.00981	0.01120	0.00753	0.01002	0.00578	0.00675	0.00463	0.00328	0.00289	0.00096	0.00463	0.00231	0.00154	0.00502
14	0.00586	0.00411	0.00575	0.00513	0.00621	0.00378	0.04208	0.00754	0.00999	0.05851	0.70495	0.03980	0.06082	0.02387	0.00453	0.00120	0.00204	0.00639	0.00386	0.00360
15	0.00586	0.00418	0.00586	0.00669	0.00753	0.00418	0.00586	0.00753	0.00837	0.01088	0.01924	0.04100	0.02092	0.01004	0.00502	0.00167	0.00335	0.82513	0.00335	0.00335
16	0.03495	0.00674	0.00902	0.00767	0.06614	0.00617	0.00585	0.09275	0.01078	0.70053	0.01311	0.01166	0.00841	0.00438	0.00362	0.00112	0.00325	0.00355	0.00419	0.00611
17	0.00865	0.00833	0.01435	0.15346	0.69563	0.00856	0.03603	0.01088	0.00813	0.01146	0.00679	0.00913	0.00561	0.00329	0.00362	0.00110	0.00446	0.00327	0.00177	0.00546
18	0.00904	0.00781	0.00822	0.00740	0.00945	0.00904	0.00575	0.01931	0.84303	0.01520	0.01479	0.01356	0.01109	0.00493	0.00370	0.00123	0.00288	0.00411	0.00370	0.00575
19	0.01631	0.00619	0.00843	0.00647	0.00928	0.00534	0.00534	0.01771	0.01040	0.85211	0.01434	0.01237	0.00900	0.00450	0.00365	0.00112	0.00309	0.00365	0.00450	0.00619
20	0.00858	0.00980	0.02145	0.01532	0.01900	0.00919	0.83640	0.01164	0.00858	0.01164	0.00735	0.00980	0.00551	0.00306	0.00429	0.00123	0.00613	0.00429	0.00184	0.00490
21	0.00443	0.00316	0.00422	0.00506	0.00527	0.00295	0.00337	0.00506	0.00696	0.00928	0.02003	0.86990	0.02404	0.01139	0.00464	0.00148	0.00211	0.01033	0.00337	0.00295
22	0.01382	0.01018	0.01091	0.00836	0.01127	0.01127	0.00691	0.83748	0.01709	0.02291	0.00873	0.00873	0.00618	0.00436	0.00364	0.00109	0.00400	0.00327	0.00364	0.00618
23	0.00858	0.03094	0.18381	0.01388	0.01785	0.00905	0.63203	0.01178	0.00843	0.03644	0.00735	0.00937	0.00542	0.00318	0.00406	0.00120	0.00584	0.00390	0.00185	0.00503
24	0.00529	0.00352	0.00396	0.00396	0.00396	0.00352	0.00220	0.00529	0.00529	0.00705	0.01145	0.02378	0.01321	0.87227	0.01850	0.00352	0.00352	0.00529	0.00220	0.00220
25	0.00972	0.87446	0.01905	0.00622	0.00933	0.01438	0.00622	0.01088	0.00738	0.00855	0.00505	0.00583	0.00466	0.00311	0.00233	0.00078	0.00389	0.00194	0.00155	0.00466
26	0.00729	0.01880	0.85344	0.01036	0.01573	0.00844	0.01343	0.01151	0.00767	0.01151	0.00652	0.00767	0.00460	0.00345	0.00345	0.00115	0.00537	0.00269	0.00153	0.00537
27	0.00729	0.01880	0.85344	0.01036	0.01573	0.00844	0.01343	0.01151	0.00767	0.01151	0.00652	0.00767	0.00460	0.00345	0.00345	0.00115	0.00537	0.00269	0.00153	0.00537
28	0.00443	0.00316	0.00422	0.00506	0.00527	0.00295	0.00337	0.00506	0.00696	0.00928	0.02003	0.86990	0.02404	0.01139	0.00464	0.00148	0.00211	0.01033	0.00337	0.00295
29	0.00519	0.00389	0.00584	0.00584	0.00649	0.00454	0.00454	0.00649	0.00584	0.00844	0.00974	0.01428	0.00909	0.02726	0.85787	0.00584	0.00974	0.00389	0.00195	0.00325
30	0.00900	0.00864	0.01475	0.02231	0.84960	0.00864	0.01115	0.01115	0.00828	0.01187	0.00684	0.00900	0.00576	0.00324	0.00360	0.00108	0.00432	0.00324	0.00180	0.00576
31	0.00514	0.00372	0.00486	0.00457	0.00543	0.00343	0.00343	0.00686	0.01029	0.01457	0.84768	0.02715	0.03429	0.00743	0.00429	0.00114	0.00171	0.00657	0.00400	0.00343
32	0.00508	0.00395	0.00467	0.00503	0.00594	0.00372	0.00385	0.01982	0.05052	0.01038	0.02627	0.28655	0.35935	0.00975	0.00452	0.00140	0.00234	0.19018	0.00339	0.00328
33	0.00972	0.87446	0.01905	0.00622	0.00933	0.01438	0.00622	0.01088	0.00738	0.00855	0.00505	0.00583	0.00466	0.00311	0.00233	0.00078	0.00389	0.00194	0.00155	0.00466
34	0.89794	0.00703	0.00534	0.00478	0.00703	0.00815	0.00394	0.01068	0.00619	0.01631	0.00506	0.00590	0.00394	0.00337	0.00225	0.00112	0.00281	0.00197	0.00225	0.00394

[dist]
# distance from previous block
# <min> <max>
0	3

[block]
# block no. 4 follows, 76 sequences, length 217
# corresponding to MSA columns:
# 283-499
name=unknown_E
#
# <colnr> <probs for GDERKNQSTAVLIFYWHMCP>
#	G	D	E	R	K	N	Q	S	T	A	V	L	I	F	Y	W	H	M	C	P
0	0.00884	0.42595	0.37431	0.00854	0.01259	0.04141	0.04613	0.02583	0.00783	0.01021	0.00587	0.00687	0.00470	0.00330	0.00295	0.00097	0.00472	0.00240	0.00161	0.00499
1	0.00972	0.87446	0.01905	0.00622	0.00933	0.01438	0.00622	0.01088	0.00738	0.00855	0.00505	0.00583	0.00466	0.00311	0.00233	0.00078	0.00389	0.00194	0.00155	0.00466
2	0.00729	0.01880	0.85344	0.01036	0.01573	0.00844	0.01343	0.01151	0.00767	0.01151	0.00652	0.00767	0.00460	0.00345	0.00345	0.00115	0.00537	0.00269	0.00153	0.00537
3	0.00900	0.00864	0.01475	0.02231	0.84960	0.00864	0.01115	0.01115	0.00828	0.01187	0.00684	0.00900	0.00576	0.00324	0.00360	0.00108	0.00432	0.00324	0.00180	0.00576
4	0.00519	0.00389	0.00584	0.00584	0.00649	0.00454	0.00454	0.00649	0.00584	0.00844	0.00974	0.01428	0.00909	0.02726	0.85787	0.00584	0.00974	0.00389	0.00195	0.00325
5	0.00443	0.00316	0.00422	0.00506	0.00527	0.00295	0.00337	0.00506	0.00696	0.00928	0.02003	0.86990	0.02404	0.01139	0.00464	0.00148	0.00211	0.01033	0.00337	0.00295
6	0.00431	0.00368	0.00370	0.00370	0.00492	0.00307	0.00277	0.00524	0.00832	0.00989	0.04981	0.03485	0.83508	0.00918	0.00430	0.00123	0.00184	0.00765	0.00339	0.00307
7	0.01631	0.00619	0.00843	0.00647	0.00928	0.00534	0.00534	0.01771	0.01040	0.85211	0.01434	0.01237	0.00900	0.00450	0.00365	0.00112	0.00309	0.00365	0.00450	0.00619
8	0.00904	0.00781	0.00822	0.00740	0.00945	0.00904	0.00575	0.01931	0.84303	0.01520	0.01479	0.01356	0.01109	0.00493	0.00370	0.00123	0.00288	0.00411	0.00370	0.00575
9	0.01382	0.01018	0.01091	0.00836	0.01127	0.01127	0.00691	0.83748	0.01709	0.02291	0.00873	0.00873	0.00618	0.00436	0.00364	0.00109	0.00400	0.00327	0.00364	0.00618
10	0.00729	0.01880	0.85344	0.01036	0.01573	0.00844	0.01343	0.01151	0.00767	0.01151	0.00652	0.00767	0.00460	0.00345	0.00345	0.00115	0.00537	0.00269	0.00153	0.00537
11	0.00858	0.00980	0.02145	0.01532	0.01900	0.00919	0.83640	0.01164	0.00858	0.01164	0.00735	0.00980	0.00551	0.00306	0.00429	0.00123	0.00613	0.00429	0.00184	0.00490
12	0.00754	0.00646	0.00754	0.00538	0.00861	0.00484	0.00431	0.00915	0.00754	0.01184	0.00646	0.00754	0.00538	0.00269	0.00269	0.00054	0.00269	0.00215	0.00215	0.89449
13	0.00430	0.00368	0.00368	0.00368	0.00491	0.00307	0.00276	0.00522	0.00828	0.00982	0.03682	0.03498	0.84812	0.00920	0.00430	0.00123	0.00184	0.00767	0.00338	0.00307
14	0.01382	0.01018	0.01091	0.00836	0.01127	0.01127	0.00691	0.83748	0.01709	0.02291	0.00873	0.00873	0.00618	0.00436	0.00364	0.00109	0.00400	0.00327	0.00364	0.00618
