[name]
unknown

[dist]
# distance from previous block
# <min> <max>
1	8

[block]
# block no. 0 follows, 64 sequences, length 28
# corresponding to MSA columns:
# 8-35
name=unknown_A
#
# <colnr> <probs for GDERKNQSTAVLIFYWHMCP>
#	G	D	E	R	K	N	Q	S	T	A	V	L	I	F	Y	W	H	M	C	P
0	0.05741	0.00868	0.01007	0.00801	0.01102	0.00888	0.00653	0.24458	0.16215	0.38165	0.01467	0.01342	0.03000	0.00523	0.00410	0.00129	0.00372	0.00415	0.00450	0.01993
1	0.02993	0.43626	0.31199	0.00895	0.01338	0.01305	0.01001	0.06552	0.00944	0.05660	0.00723	0.00804	0.00567	0.00388	0.00330	0.00110	0.00499	0.00273	0.00212	0.00581
2	0.00774	0.00387	0.00387	0.00387	0.00484	0.00387	0.00290	0.00968	0.00871	0.01549	0.01355	0.01549	0.01065	0.00484	0.00290	0.00097	0.00194	0.00387	0.87708	0.00387
3	0.01635	0.01074	0.01191	0.00913	0.01243	0.01155	0.00754	0.65795	0.01803	0.18462	0.01124	0.01079	0.00770	0.00502	0.00416	0.00125	0.00437	0.00383	0.00435	0.00706
4	0.00915	0.00550	0.00689	0.00608	0.00775	0.00526	0.00472	0.01236	0.12526	0.18858	0.50122	0.02573	0.06953	0.00749	0.00465	0.00132	0.00249	0.00648	0.00461	0.00494
5	0.44951	0.01264	0.00896	0.00786	0.01038	0.30758	0.00619	0.10362	0.01029	0.03958	0.00678	0.00759	0.00526	0.00417	0.00322	0.00120	0.00491	0.00262	0.00267	0.00497
6	0.09851	0.01236	0.01092	0.11396	0.01379	0.27908	0.00763	0.20449	0.01274	0.17386	0.02756	0.01027	0.00741	0.00465	0.00389	0.00122	0.00525	0.00341	0.00326	0.00571
7	0.01552	0.01980	0.01177	0.01070	0.01284	0.83735	0.00803	0.01659	0.01177	0.01017	0.00642	0.00749	0.00535	0.00428	0.00375	0.00107	0.00749	0.00268	0.00214	0.00482
8	0.00982	0.00725	0.00865	0.00628	0.00983	0.00556	0.00504	0.01164	0.00913	0.11872	0.03285	0.00999	0.00766	0.00350	0.00327	0.00072	0.00310	0.00283	0.00287	0.74126
9	0.00513	0.00374	0.00484	0.00558	0.00601	0.00344	0.00380	0.00602	0.00849	0.01130	0.10956	0.69002	0.10214	0.01231	0.00522	0.00162	0.00233	0.01107	0.00393	0.00344
10	0.03618	0.00797	0.00993	0.00781	0.01084	0.00768	0.00645	0.19941	0.03112	0.54861	0.03931	0.01513	0.01100	0.00549	0.00423	0.00131	0.00372	0.04229	0.00476	0.00675
11	0.02698	0.01089	0.02067	0.12245	0.03734	0.04677	0.56046	0.04543	0.00982	0.01325	0.00800	0.01074	0.00611	0.00392	0.00520	0.00140	0.05854	0.00445	0.00214	0.00543
12	0.00546	0.00387	0.00477	0.00532	0.00563	0.00368	0.00350	0.00604	0.00756	0.00992	0.02150	0.45760	0.10133	0.28918	0.01049	0.00244	0.00299	0.05218	0.00341	0.00313
13	0.01439	0.01505	0.01123	0.00980	0.01212	0.45548	0.00756	0.15735	0.15644	0.05853	0.00956	0.01019	0.00743	0.02321	0.00463	0.00126	0.03376	0.00341	0.00302	0.00559
14	0.01054	0.01036	0.01661	0.02476	0.78775	0.05083	0.01251	0.01294	0.00957	0.01340	0.00774	0.01014	0.00652	0.00373	0.00409	0.00123	0.00506	0.00365	0.00206	0.00649
15	0.00883	0.00888	0.01373	0.04618	0.01276	0.01150	0.12179	0.01023	0.00725	0.01084	0.04718	0.04044	0.00803	0.00687	0.01128	0.00171	0.62151	0.00430	0.00207	0.00462
16	0.01311	0.00894	0.01048	0.00872	0.01143	0.03793	0.05009	0.08869	0.41514	0.24685	0.03420	0.01517	0.01178	0.00547	0.00427	0.00136	0.00380	0.02175	0.00429	0.00652
17	0.07689	0.01144	0.04915	0.01509	0.01894	0.04574	0.59650	0.05663	0.01014	0.03786	0.00859	0.02410	0.00657	0.00392	0.00473	0.00137	0.01987	0.00455	0.00235	0.00557
18	0.04632	0.03983	0.15335	0.05136	0.05748	0.09027	0.34566	0.01280	0.00949	0.03101	0.02270	0.01232	0.06301	0.00447	0.00475	0.00134	0.04191	0.00431	0.00226	0.00538
19	0.01173	0.60173	0.01978	0.03826	0.01258	0.14602	0.07066	0.03723	0.00941	0.01064	0.00627	0.00741	0.00547	0.00373	0.00311	0.00099	0.00517	0.00260	0.00193	0.00530
20	0.08492	0.00943	0.03651	0.42221	0.06750	0.06524	0.02708	0.08333	0.07975	0.01374	0.00828	0.01046	0.00630	0.00422	0.00393	0.00128	0.00504	0.00351	0.00239	0.06487
21	0.04252	0.01034	0.01134	0.00947	0.04022	0.03182	0.00743	0.50703	0.08601	0.11497	0.01167	0.06249	0.00898	0.00552	0.00446	0.00131	0.02956	0.00429	0.00401	0.00656
22	0.00763	0.00689	0.00678	0.00697	0.00767	0.12873	0.00494	0.06256	0.00909	0.01139	0.01797	0.56849	0.02078	0.06654	0.00649	0.00173	0.04900	0.00908	0.00342	0.00385
23	0.00923	0.00933	0.03556	0.04931	0.01713	0.00894	0.47570	0.01192	0.00936	0.06215	0.03805	0.08005	0.05020	0.00630	0.03458	0.00164	0.07319	0.01964	0.00258	0.00514
24	0.03798	0.00935	0.01437	0.16903	0.04100	0.06770	0.22477	0.04513	0.00899	0.05252	0.00887	0.03752	0.00775	0.10032	0.00788	0.00173	0.15343	0.00442	0.00236	0.00489
25	0.21106	0.04220	0.08188	0.00954	0.01267	0.15849	0.13455	0.11474	0.01048	0.04195	0.01922	0.03932	0.00721	0.02420	0.00413	0.00127	0.00502	0.00358	0.00267	0.07583
26	0.14506	0.00846	0.01019	0.09105	0.01243	0.05423	0.07676	0.08689	0.12998	0.09793	0.06796	0.07582	0.04341	0.00598	0.00454	0.00138	0.03722	0.03019	0.00337	0.01718
27	0.04473	0.00957	0.01032	0.11945	0.02764	0.13588	0.02554	0.15111	0.02077	0.07760	0.02281	0.02850	0.04136	0.07877	0.03365	0.00173	0.07328	0.04712	0.00297	0.04721

[dist]
# distance from previous block
# <min> <max>
11	27

[block]
# block no. 1 follows, 64 sequences, length 8
# corresponding to MSA columns:
# 63-70
name=unknown_B
#
# <colnr> <probs for GDERKNQSTAVLIFYWHMCP>
#	G	D	E	R	K	N	Q	S	T	A	V	L	I	F	Y	W	H	M	C	P
0	0.06422	0.15357	0.19294	0.03099	0.03085	0.05901	0.13016	0.07977	0.04063	0.01434	0.10372	0.01164	0.00987	0.00454	0.00408	0.00122	0.02150	0.00378	0.00255	0.04062
1	0.05078	0.01279	0.01133	0.06064	0.04792	0.32571	0.04126	0.10135	0.07997	0.01371	0.02776	0.06328	0.00849	0.00506	0.00439	0.00120	0.04500	0.00386	0.00272	0.09278
2	0.07439	0.00906	0.05877	0.04385	0.09908	0.06812	0.05962	0.04510	0.05984	0.10368	0.10936	0.07783	0.03702	0.00611	0.00455	0.00133	0.02855	0.05449	0.00324	0.05601
3	0.03813	0.00466	0.00598	0.00636	0.00744	0.00447	0.00517	0.00836	0.00977	0.05053	0.17996	0.15151	0.13655	0.01041	0.00521	0.00164	0.00299	0.36294	0.00399	0.00391
4	0.01524	0.01429	0.01196	0.00987	0.01269	0.30401	0.00783	0.46603	0.08389	0.01978	0.00930	0.00956	0.00693	0.00479	0.00402	0.00120	0.00550	0.00344	0.00345	0.00623
5	0.01063	0.14143	0.28414	0.01102	0.01527	0.05648	0.17473	0.05220	0.00997	0.08840	0.02805	0.02600	0.00767	0.00435	0.00400	0.00123	0.00543	0.02002	0.00247	0.05651
6	0.01243	0.07130	0.06739	0.14512	0.03554	0.04992	0.04824	0.15942	0.05567	0.19212	0.02660	0.03895	0.00932	0.00526	0.00447	0.00132	0.03089	0.03685	0.00332	0.00587
7	0.03558	0.27882	0.12831	0.01057	0.08082	0.17061	0.00904	0.12766	0.01072	0.04125	0.00724	0.00831	0.00583	0.00429	0.00420	0.00115	0.06465	0.00293	0.00234	0.00568

[dist]
# distance from previous block
# <min> <max>
0	5

[block]
# block no. 2 follows, 64 sequences, length 7
# corresponding to MSA columns:
# 76-82
name=unknown_C
#
# <colnr> <probs for GDERKNQSTAVLIFYWHMCP>
#	G	D	E	R	K	N	Q	S	T	A	V	L	I	F	Y	W	H	M	C	P
0	0.00637	0.00482	0.00652	0.00712	0.00783	0.00503	0.00582	0.00779	0.00878	0.01154	0.02202	0.21984	0.08767	0.04465	0.00687	0.00190	0.07687	0.46122	0.00361	0.00371
1	0.01206	0.16652	0.20933	0.01153	0.03513	0.30071	0.12330	0.01446	0.00999	0.04634	0.00726	0.00857	0.00570	0.00407	0.00406	0.00118	0.02912	0.00312	0.00210	0.00546
2	0.10100	0.04454	0.04696	0.10249	0.01592	0.23352	0.19392	0.06302	0.01059	0.11973	0.00843	0.00973	0.00625	0.00422	0.00418	0.00126	0.02264	0.00354	0.00262	0.00544
3	0.00609	0.00412	0.00484	0.00491	0.00509	0.00409	0.00306	0.00646	0.00690	0.00925	0.08489	0.02951	0.01809	0.69504	0.01817	0.00358	0.00383	0.08651	0.00283	0.00277
4	0.05624	0.00680	0.09052	0.00797	0.02620	0.00558	0.02863	0.00918	0.00911	0.02900	0.05442	0.09116	0.06256	0.05727	0.02385	0.00193	0.00402	0.42800	0.00342	0.00415
5	0.11120	0.03044	0.01374	0.09552	0.05874	0.32080	0.15044	0.05553	0.01058	0.05699	0.02575	0.00962	0.00662	0.00431	0.00425	0.00124	0.03315	0.00344	0.00245	0.00521
6	0.22267	0.03071	0.01143	0.11323	0.03399	0.19162	0.07142	0.03193	0.00943	0.08112	0.03995	0.00985	0.00711	0.00458	0.00465	0.00128	0.09012	0.00332	0.00256	0.03903

[dist]
# distance from previous block
# <min> <max>
24	68

[block]
# block no. 3 follows, 64 sequences, length 15
# corresponding to MSA columns:
# 174-188
name=unknown_D
#
# <colnr> <probs for GDERKNQSTAVLIFYWHMCP>
#	G	D	E	R	K	N	Q	S	T	A	V	L	I	F	Y	W	H	M	C	P
0	0.13061	0.05913	0.03045	0.10128	0.02423	0.06659	0.13593	0.07106	0.03946	0.11155	0.06868	0.04471	0.02157	0.00520	0.00424	0.00131	0.01973	0.03064	0.00303	0.03061
1	0.06388	0.05705	0.04569	0.07601	0.05398	0.23177	0.07452	0.11078	0.05974	0.04084	0.08783	0.01241	0.03320	0.00490	0.00413	0.00123	0.01598	0.00390	0.00285	0.01932
2	0.09131	0.02591	0.03935	0.02480	0.04920	0.15978	0.02293	0.30721	0.06702	0.08771	0.00978	0.02377	0.00748	0.02340	0.00438	0.00129	0.01360	0.00363	0.00332	0.03414
3	0.12699	0.08986	0.07467	0.04592	0.01505	0.17402	0.21139	0.09593	0.02960	0.06017	0.00803	0.00936	0.00611	0.00418	0.00420	0.00126	0.03176	0.00348	0.00253	0.00550
4	0.00722	0.00361	0.00541	0.00541	0.00541	0.00361	0.00361	0.00541	0.00541	0.00722	0.00722	0.01263	0.00722	0.01443	0.01623	0.87915	0.00361	0.00361	0.00180	0.00180
5	0.09992	0.02774	0.01045	0.02186	0.01133	0.02634	0.00676	0.33035	0.05021	0.27869	0.04542	0.01374	0.01010	0.00535	0.00408	0.00129	0.00398	0.04183	0.00419	0.00639
6	0.03844	0.03305	0.03263	0.03750	0.04279	0.15319	0.21817	0.18374	0.04838	0.12805	0.00956	0.01050	0.00699	0.00444	0.00452	0.00129	0.03391	0.00386	0.00303	0.00596
7	0.00864	0.06577	0.70136	0.01219	0.01798	0.01011	0.10085	0.01313	0.00886	0.01299	0.00747	0.00892	0.00538	0.00388	0.00398	0.00130	0.00614	0.00322	0.00179	0.00604
8	0.00602	0.00406	0.00471	0.00477	0.00485	0.00408	0.00282	0.00618	0.00625	0.00835	0.01361	0.05506	0.01557	0.75991	0.05903	0.00401	0.00430	0.03119	0.00259	0.00264
9	0.04177	0.01107	0.01732	0.09742	0.12298	0.08955	0.32233	0.11884	0.01084	0.05338	0.00832	0.01039	0.00634	0.00422	0.00503	0.00135	0.06663	0.00404	0.00248	0.00570
10	0.05018	0.02375	0.01354	0.08471	0.03187	0.09546	0.19209	0.14880	0.10810	0.04864	0.02488	0.03116	0.04756	0.01732	0.01653	0.00141	0.00508	0.01447	0.00303	0.04143
11	0.10995	0.04391	0.03802	0.05253	0.08270	0.07147	0.06743	0.18538	0.02304	0.09559	0.02775	0.02511	0.00826	0.02096	0.00472	0.00131	0.04546	0.02540	0.00303	0.06798
12	0.10441	0.04207	0.03052	0.00897	0.03184	0.06180	0.03841	0.32064	0.05532	0.04616	0.07802	0.01228	0.00990	0.00497	0.00409	0.00120	0.02011	0.02254	0.00341	0.10335
13	0.05909	0.06095	0.02512	0.00936	0.04737	0.03928	0.08276	0.14659	0.05373	0.13927	0.02953	0.02960	0.00891	0.00475	0.00412	0.00116	0.02514	0.02968	0.00324	0.20036
14	0.03589	0.03226	0.07401	0.03780	0.03307	0.08095	0.10690	0.13264	0.04354	0.10913	0.06010	0.08596	0.03631	0.00560	0.00436	0.00127	0.01819	0.01528	0.00322	0.08354

[dist]
# distance from previous block
# <min> <max>
35	83

[block]
# block no. 4 follows, 64 sequences, length 27
# corresponding to MSA columns:
# 282-308
name=unknown_E
#
# <colnr> <probs for GDERKNQSTAVLIFYWHMCP>
#	G	D	E	R	K	N	Q	S	T	A	V	L	I	F	Y	W	H	M	C	P
0	0.03779	0.02942	0.05452	0.06578	0.10370	0.03841	0.21240	0.10744	0.08257	0.10027	0.02909	0.02453	0.02139	0.00465	0.00458	0.00131	0.03498	0.00424	0.00293	0.03998
1	0.05603	0.01016	0.06338	0.04926	0.06339	0.05229	0.16257	0.11397	0.06505	0.12544	0.02752	0.05503	0.00925	0.00507	0.00460	0.00131	0.03908	0.02251	0.00310	0.07097
2	0.05341	0.09186	0.04148	0.07720	0.07348	0.07858	0.07337	0.04996	0.11864	0.07964	0.06007	0.08971	0.02715	0.00544	0.00405	0.00125	0.00434	0.00464	0.00305	0.06267
3	0.05212	0.04929	0.07199	0.01019	0.01278	0.03103	0.21199	0.02948	0.09559	0.06248	0.12968	0.04780	0.04797	0.02278	0.02275	0.00154	0.08730	0.00506	0.00302	0.00515
4	0.02451	0.06629	0.13643	0.01008	0.05212	0.17845	0.05580	0.05136	0.07376	0.07616	0.09464	0.03338	0.01927	0.00588	0.02123	0.00137	0.01737	0.04067	0.00294	0.03830
5	0.02110	0.01196	0.17889	0.02720	0.01483	0.06125	0.21350	0.09510	0.06429	0.08474	0.11691	0.03724	0.02726	0.00521	0.00459	0.00134	0.02121	0.00472	0.00304	0.00563
6	0.06491	0.08496	0.20073	0.00929	0.03311	0.02403	0.07799	0.02967	0.06083	0.02251	0.04936	0.14614	0.06621	0.00697	0.00439	0.00142	0.00432	0.10526	0.00294	0.00498
7	0.04955	0.18036	0.06276	0.00954	0.01257	0.17503	0.10661	0.08200	0.07795	0.05794	0.07197	0.01151	0.00935	0.00465	0.00402	0.00118	0.02227	0.01460	0.00278	0.04335
8	0.01104	0.13269	0.12837	0.02559	0.02974	0.11053	0.32263	0.08752	0.03580	0.02552	0.00856	0.01088	0.00676	0.00414	0.00419	0.00126	0.00598	0.02798	0.00237	0.01845
9	0.00974	0.05608	0.19549	0.01128	0.10286	0.05283	0.10782	0.01323	0.07467	0.09213	0.20536	0.01614	0.03355	0.00535	0.00430	0.00129	0.00453	0.00473	0.00309	0.00554
10	0.01160	0.24692	0.04496	0.01108	0.04433	0.13628	0.18104	0.05940	0.01007	0.06483	0.02999	0.02692	0.00741	0.00445	0.00456	0.00119	0.06970	0.00362	0.00241	0.03925
11	0.00722	0.00361	0.00541	0.00541	0.00541	0.00361	0.00361	0.00541	0.00541	0.00722	0.00722	0.01263	0.00722	0.01443	0.01623	0.87915	0.00361	0.00361	0.00180	0.00180
12	0.01012	0.41438	0.33626	0.00964	0.01407	0.06058	0.04471	0.01309	0.02370	0.01146	0.00711	0.00870	0.00586	0.00395	0.00341	0.00112	0.00535	0.01898	0.00189	0.00562
13	0.01087	0.26978	0.27548	0.01132	0.04242	0.15171	0.11881	0.03350	0.02743	0.01208	0.00718	0.00848	0.00569	0.00388	0.00367	0.00115	0.00583	0.00307	0.00200	0.00565
14	0.00979	0.01079	0.03515	0.06773	0.05756	0.01058	0.58427	0.03126	0.06189	0.01346	0.00866	0.01121	0.00662	0.00400	0.00538	0.00142	0.06778	0.00461	0.00224	0.00561
15	0.00604	0.00403	0.00453	0.00453	0.00453	0.00403	0.00252	0.00604	0.00604	0.00805	0.01309	0.02718	0.01510	0.85402	0.02114	0.00403	0.00403	0.00604	0.00252	0.00252
16	0.02273	0.04039	0.09173	0.05356	0.51555	0.02885	0.06222	0.06765	0.00994	0.01397	0.00820	0.03404	0.00691	0.00417	0.00430	0.00127	0.02226	0.00386	0.00221	0.00619
17	0.00987	0.08553	0.47303	0.01244	0.06281	0.03667	0.12506	0.03459	0.00957	0.06438	0.02076	0.01068	0.00685	0.00422	0.00406	0.00129	0.00577	0.02425	0.00221	0.00597
18	0.00523	0.00398	0.00482	0.00534	0.00607	0.00363	0.00382	0.00618	0.00859	0.01097	0.04673	0.41851	0.31013	0.04831	0.03116	0.00185	0.00274	0.07475	0.00376	0.00344
19	0.00864	0.11301	0.74364	0.01132	0.01718	0.01039	0.01444	0.01308	0.00873	0.01278	0.00727	0.00854	0.00527	0.00390	0.00381	0.00127	0.00595	0.00298	0.00176	0.00605
20	0.04828	0.03424	0.23216	0.08236	0.22799	0.06439	0.06732	0.08506	0.02685	0.07965	0.00856	0.00997	0.00639	0.00410	0.00401	0.00127	0.00535	0.00351	0.00246	0.00608
21	0.05184	0.02958	0.37105	0.01011	0.01394	0.00801	0.10735	0.02701	0.00932	0.07037	0.06456	0.15393	0.01260	0.00618	0.00437	0.00140	0.00484	0.04543	0.00276	0.00533
22	0.00866	0.05382	0.02718	0.00684	0.00852	0.03490	0.02349	0.08832	0.07023	0.06433	0.33747	0.10533	0.06083	0.06235	0.00587	0.00151	0.02541	0.00641	0.00387	0.00466
23	0.03020	0.07259	0.13237	0.01040	0.03478	0.07063	0.10887	0.21298	0.08852	0.12754	0.01166	0.01217	0.04245	0.02088	0.00441	0.00132	0.00491	0.00398	0.00324	0.00611
24	0.05152	0.10250	0.26519	0.03509	0.16886	0.04003	0.08235	0.04344	0.05398	0.01392	0.07367	0.03316	0.00935	0.00456	0.00399	0.00127	0.00505	0.00392	0.00241	0.00573
25	0.06031	0.03453	0.05825	0.03771	0.16358	0.21664	0.04373	0.06875	0.06831	0.15237	0.02955	0.03025	0.00837	0.00467	0.00399	0.00124	0.00514	0.00378	0.00299	0.00584
26	0.00774	0.06751	0.15193	0.01010	0.10215	0.01775	0.05032	0.04006	0.04361	0.01222	0.01498	0.38408	0.01613	0.04340	0.00540	0.00156	0.01607	0.00728	0.00297	0.00474

[dist]
# distance from previous block
# <min> <max>
0	45

[block]
# block no. 5 follows, 64 sequences, length 24
# corresponding to MSA columns:
# 354-377
name=unknown_F
#
# <colnr> <probs for GDERKNQSTAVLIFYWHMCP>
#	G	D	E	R	K	N	Q	S	T	A	V	L	I	F	Y	W	H	M	C	P
0	0.04110	0.14703	0.32246	0.00904	0.01284	0.06603	0.03518	0.01285	0.06735	0.04460	0.05455	0.01344	0.05849	0.06484	0.00504	0.00141	0.00486	0.00387	0.00249	0.03251
1	0.02014	0.12783	0.15806	0.06624	0.01116	0.00778	0.00713	0.03258	0.04133	0.07709	0.07945	0.05061	0.19983	0.06373	0.00527	0.00145	0.00381	0.00531	0.00306	0.03812
2	0.04957	0.11165	0.09114	0.00829	0.07337	0.06616	0.00664	0.01091	0.06318	0.02649	0.21890	0.03760	0.15689	0.00769	0.03672	0.00149	0.00390	0.02145	0.00323	0.00474
3	0.03919	0.03334	0.00762	0.00644	0.00832	0.03397	0.01981	0.01179	0.13480	0.11074	0.17389	0.10970	0.18044	0.01672	0.01566	0.00142	0.00309	0.02237	0.00387	0.06683
4	0.07189	0.30328	0.17700	0.01020	0.08752	0.04220	0.04317	0.04721	0.00949	0.04040	0.03132	0.01293	0.03784	0.00479	0.00367	0.00120	0.00474	0.06329	0.00240	0.00546
5	0.04514	0.38361	0.14282	0.00929	0.01299	0.06424	0.09588	0.09698	0.03360	0.02604	0.00853	0.00964	0.03112	0.01908	0.00379	0.00117	0.00501	0.00320	0.00231	0.00556
6	0.03657	0.14192	0.09054	0.01342	0.19942	0.02133	0.14114	0.04086	0.07839	0.03511	0.01222	0.01531	0.06900	0.02537	0.00455	0.00136	0.00479	0.06045	0.00262	0.00561
7	0.00698	0.07829	0.06033	0.00867	0.07047	0.00685	0.02795	0.00873	0.00732	0.01028	0.01058	0.01598	0.00992	0.06197	0.56413	0.00502	0.00910	0.03102	0.00221	0.00421
8	0.00998	0.04135	0.14168	0.01564	0.10581	0.06938	0.43667	0.01311	0.00950	0.01286	0.00779	0.01006	0.00603	0.00375	0.00470	0.00129	0.03677	0.00403	0.00205	0.06753
9	0.07478	0.07236	0.01160	0.00921	0.05442	0.07820	0.02881	0.17727	0.06404	0.23184	0.03080	0.01268	0.00912	0.00499	0.00419	0.00123	0.02705	0.03586	0.00361	0.06794
10	0.07316	0.16106	0.15517	0.04338	0.10503	0.08312	0.02528	0.01504	0.12363	0.11476	0.02454	0.01049	0.00771	0.00446	0.00410	0.00124	0.03587	0.00343	0.00272	0.00582
11	0.00612	0.00400	0.00459	0.00459	0.00459	0.00400	0.00259	0.00600	0.00600	0.00799	0.01267	0.02615	0.01454	0.79460	0.02079	0.06596	0.00400	0.00587	0.00247	0.00247
12	0.01012	0.22201	0.19623	0.01336	0.01771	0.05660	0.40007	0.01324	0.00935	0.01223	0.00745	0.00936	0.00579	0.00365	0.00408	0.00124	0.00621	0.00373	0.00195	0.00561
13	0.00989	0.07644	0.41721	0.01349	0.07105	0.07385	0.20159	0.01349	0.00929	0.03763	0.00771	0.00937	0.00577	0.00396	0.00438	0.00130	0.03223	0.00350	0.00199	0.00586
14	0.00606	0.00432	0.00541	0.00509	0.00622	0.00390	0.00384	0.00784	0.01132	0.03925	0.65077	0.03227	0.19065	0.00879	0.00488	0.00132	0.00203	0.00766	0.00445	0.00393
15	0.00722	0.00361	0.00541	0.00541	0.00541	0.00361	0.00361	0.00541	0.00541	0.00722	0.00722	0.01263	0.00722	0.01443	0.01623	0.87915	0.00361	0.00361	0.00180	0.00180
16	0.01171	0.59617	0.05247	0.03899	0.04511	0.09790	0.00800	0.08593	0.00984	0.01163	0.00643	0.00744	0.00555	0.00380	0.00307	0.00099	0.00489	0.00255	0.00204	0.00549
17	0.07273	0.13683	0.05755	0.06875	0.03831	0.21851	0.00826	0.27563	0.02740	0.02906	0.00828	0.02552	0.00654	0.00454	0.00374	0.00118	0.00527	0.00329	0.00285	0.00575
18	0.00508	0.00396	0.00462	0.00508	0.00593	0.00351	0.00363	0.00604	0.00887	0.01118	0.06001	0.40658	0.40823	0.01161	0.00512	0.00155	0.00230	0.03935	0.00388	0.00347
19	0.01080	0.03816	0.01804	0.06087	0.11899	0.15084	0.33021	0.03624	0.00959	0.01229	0.00734	0.00987	0.00596	0.00446	0.00615	0.00138	0.16740	0.00395	0.00208	0.00537
20	0.07311	0.14057	0.26645	0.01131	0.08827	0.03617	0.08240	0.10740	0.01931	0.03943	0.07241	0.02746	0.00898	0.00454	0.00389	0.00124	0.00499	0.00375	0.00256	0.00576
21	0.01031	0.20806	0.16952	0.04071	0.01631	0.04519	0.26227	0.04497	0.13666	0.01337	0.00890	0.01018	0.00685	0.00404	0.00400	0.00125	0.00555	0.00374	0.00237	0.00578
22	0.03393	0.03116	0.03998	0.00801	0.02930	0.04785	0.01850	0.07095	0.07741	0.20000	0.11503	0.05606	0.03863	0.02037	0.16097	0.00236	0.03569	0.00494	0.00357	0.00528
23	0.07212	0.10675	0.15970	0.00789	0.01073	0.02099	0.03668	0.01258	0.02648	0.19082	0.04386	0.12726	0.04694	0.05882	0.00523	0.00152	0.00406	0.05913	0.00328	0.00516

[dist]
# distance from previous block
# <min> <max>
13	65

[block]
# block no. 6 follows, 64 sequences, length 6
# corresponding to MSA columns:
# 447-452
name=unknown_G
#
# <colnr> <probs for GDERKNQSTAVLIFYWHMCP>
#	G	D	E	R	K	N	Q	S	T	A	V	L	I	F	Y	W	H	M	C	P
0	0.00976	0.00847	0.00791	0.00715	0.00867	0.15612	0.00531	0.08918	0.09221	0.05552	0.04965	0.05228	0.06052	0.19948	0.14275	0.00274	0.00544	0.00504	0.00310	0.03869
1	0.35644	0.00783	0.04012	0.03920	0.00970	0.00779	0.00562	0.07512	0.04171	0.13187	0.01333	0.06442	0.08305	0.04036	0.00435	0.00143	0.00347	0.02583	0.00329	0.04507
2	0.00985	0.15504	0.29073	0.01154	0.07429	0.10303	0.10216	0.01270	0.00914	0.01218	0.00836	0.00977	0.03505	0.00409	0.00408	0.00115	0.03390	0.00329	0.00203	0.11762
3	0.00593	0.00445	0.00668	0.00668	0.00742	0.00519	0.00519	0.00742	0.00668	0.00964	0.01113	0.01632	0.01038	0.03115	0.83756	0.00668	0.01113	0.00445	0.00223	0.00371
4	0.01054	0.03575	0.11233	0.08910	0.34665	0.05250	0.14609	0.03304	0.04446	0.05074	0.00847	0.01044	0.00660	0.00405	0.00447	0.00129	0.03139	0.00380	0.00228	0.00604
5	0.00644	0.00440	0.00508	0.00499	0.00522	0.00450	0.00304	0.04433	0.00683	0.00916	0.01332	0.06945	0.01503	0.70874	0.07939	0.00397	0.00449	0.00612	0.00264	0.00286

[dist]
# distance from previous block
# <min> <max>
2	7

[block]
# block no. 7 follows, 64 sequences, length 6
# corresponding to MSA columns:
# 460-465
name=unknown_H
#
# <colnr> <probs for GDERKNQSTAVLIFYWHMCP>
#	G	D	E	R	K	N	Q	S	T	A	V	L	I	F	Y	W	H	M	C	P
0	0.01152	0.13165	0.21018	0.01208	0.08144	0.23283	0.08441	0.05558	0.08110	0.01284	0.00793	0.00915	0.00625	0.00426	0.00427	0.00122	0.04208	0.00327	0.00226	0.00568
1	0.01552	0.01980	0.01177	0.01070	0.01284	0.83735	0.00803	0.01659	0.01177	0.01017	0.00642	0.00749	0.00535	0.00428	0.00375	0.00107	0.00749	0.00268	0.00214	0.00482
2	0.00910	0.01178	0.13954	0.04345	0.01922	0.00968	0.53782	0.01244	0.00949	0.01315	0.04525	0.01248	0.03494	0.00418	0.00500	0.00137	0.03985	0.00468	0.00221	0.04439
3	0.00599	0.00422	0.00550	0.00550	0.00583	0.00455	0.00372	0.00666	0.00633	0.00877	0.01220	0.02229	0.01298	0.48345	0.38881	0.00522	0.00722	0.00532	0.00239	0.00305
4	0.00726	0.00537	0.00719	0.07026	0.03341	0.00557	0.00586	0.07279	0.00942	0.03599	0.02007	0.34910	0.07580	0.04952	0.00617	0.00175	0.03355	0.20325	0.00357	0.00409
5	0.01163	0.25843	0.04588	0.01200	0.10719	0.24290	0.07267	0.01323	0.00919	0.01077	0.00640	0.00823	0.00558	0.00453	0.00556	0.00122	0.17438	0.00305	0.00194	0.00522

[dist]
# distance from previous block
# <min> <max>
2	6

[block]
# block no. 8 follows, 64 sequences, length 107
# corresponding to MSA columns:
# 472-536,552-593
name=unknown_I
#
# <colnr> <probs for GDERKNQSTAVLIFYWHMCP>
#	G	D	E	R	K	N	Q	S	T	A	V	L	I	F	Y	W	H	M	C	P
0	0.01340	0.42147	0.01658	0.00896	0.01179	0.43116	0.00758	0.02620	0.01028	0.01021	0.00616	0.00713	0.00537	0.00394	0.00323	0.00099	0.00598	0.00247	0.00200	0.00510
1	0.01519	0.00733	0.00939	0.00708	0.01041	0.00621	0.00579	0.05378	0.01117	0.52708	0.01336	0.02321	0.00907	0.00459	0.00385	0.00108	0.00342	0.00372	0.00424	0.28005
2	0.00595	0.00438	0.00631	0.00631	0.00693	0.00500	0.00474	0.00718	0.00657	0.00937	0.01146	0.01815	0.01118	0.17003	0.69977	0.00623	0.00993	0.00472	0.00227	0.00351
3	0.00948	0.01639	0.50307	0.01365	0.15217	0.00928	0.06091	0.01391	0.06029	0.07020	0.04457	0.01093	0.00784	0.00427	0.00411	0.00131	0.00545	0.00366	0.00234	0.00618
4	0.00518	0.00486	0.03312	0.00477	0.00630	0.00383	0.00388	0.00644	0.00945	0.01139	0.03914	0.03949	0.72845	0.01037	0.00495	0.00144	0.00239	0.07713	0.00378	0.00363
5	0.88336	0.00803	0.00611	0.00546	0.00803	0.00932	0.00450	0.01221	0.00707	0.01864	0.00578	0.00675	0.00450	0.00386	0.00257	0.00129	0.00321	0.00225	0.00257	0.00450
6	0.00658	0.00393	0.00451	0.00469	0.00552	0.00377	0.00343	0.00820	0.00921	0.01429	0.17729	0.20816	0.06754	0.00789	0.00402	0.00125	0.00211	0.02755	0.43631	0.00375
7	0.00764	0.00739	0.04279	0.07273	0.06016	0.00662	0.20009	0.01006	0.03867	0.04803	0.03661	0.09575	0.31443	0.00750	0.00477	0.00142	0.00405	0.03346	0.00318	0.00465
8	0.00505	0.00366	0.00478	0.00567	0.00600	0.00338	0.00381	0.00580	0.00806	0.01065	0.02422	0.79521	0.08272	0.01284	0.00527	0.00167	0.00239	0.01160	0.00386	0.00338
9	0.00667	0.00476	0.00665	0.00757	0.00852	0.00475	0.00660	0.00858	0.00964	0.01258	0.04973	0.04631	0.02443	0.01137	0.00571	0.00189	0.00376	0.77281	0.00385	0.00383
10	0.00869	0.12802	0.72906	0.01124	0.01704	0.01051	0.01430	0.01306	0.00873	0.01272	0.00724	0.00850	0.00527	0.00390	0.00378	0.00126	0.00592	0.00296	0.00176	0.00604
11	0.01460	0.01683	0.01317	0.01114	0.01372	0.55880	0.09854	0.14718	0.06216	0.01358	0.00787	0.00880	0.00619	0.00439	0.00397	0.00116	0.00670	0.00322	0.00259	0.00538
12	0.88336	0.00803	0.00611	0.00546	0.00803	0.00932	0.00450	0.01221	0.00707	0.01864	0.00578	0.00675	0.00450	0.00386	0.00257	0.00129	0.00321	0.00225	0.00257	0.00450
13	0.10121	0.00716	0.00930	0.00721	0.01036	0.00641	0.00595	0.01948	0.01143	0.75341	0.01537	0.01343	0.00973	0.00502	0.00402	0.00129	0.00350	0.00399	0.00490	0.00682
14	0.01054	0.01045	0.01633	0.05782	0.73917	0.06706	0.01237	0.01293	0.00957	0.01321	0.00770	0.01012	0.00645	0.00376	0.00409	0.00123	0.00514	0.00363	0.00205	0.00638
15	0.00506	0.00361	0.00482	0.00578	0.00602	0.00337	0.00386	0.00578	0.00795	0.01060	0.02289	0.85131	0.02747	0.01301	0.00530	0.00169	0.00241	0.01181	0.00386	0.00337
16	0.01579	0.01163	0.01247	0.00956	0.01288	0.01288	0.00789	0.81426	0.01953	0.02618	0.00997	0.00997	0.00706	0.00499	0.00416	0.00125	0.00457	0.00374	0.00416	0.00706
17	0.00832	0.05992	0.75823	0.01135	0.01711	0.00969	0.01446	0.01280	0.00872	0.01288	0.00805	0.04551	0.00624	0.00432	0.00395	0.00131	0.00590	0.00341	0.00185	0.00598
18	0.01864	0.00707	0.00964	0.00739	0.01060	0.00611	0.00611	0.02024	0.01189	0.83099	0.01639	0.01414	0.01028	0.00514	0.00418	0.00129	0.00353	0.00418	0.00514	0.00707
19	0.03977	0.00676	0.00896	0.00700	0.00997	0.00590	0.00574	0.01843	0.01155	0.71457	0.04226	0.01668	0.08169	0.00567	0.00422	0.00130	0.00336	0.00462	0.00495	0.00660
20	0.00523	0.00374	0.00501	0.00598	0.00629	0.00352	0.00415	0.00608	0.00812	0.01079	0.02280	0.76781	0.02710	0.01285	0.00535	0.00171	0.00256	0.09363	0.00385	0.00342
21	0.01763	0.00690	0.00920	0.00714	0.01016	0.00607	0.00587	0.03751	0.01179	0.74190	0.01599	0.01416	0.01024	0.00511	0.00407	0.00126	0.00342	0.00414	0.08066	0.00679
22	0.00604	0.00403	0.00453	0.00453	0.00453	0.00403	0.00252	0.00604	0.00604	0.00805	0.01309	0.02718	0.01510	0.85402	0.02114	0.00403	0.00403	0.00604	0.00252	0.00252
23	0.00833	0.02149	0.83250	0.01184	0.01798	0.00965	0.01535	0.01315	0.00877	0.01315	0.00745	0.00877	0.00526	0.00395	0.00395	0.00132	0.00614	0.00307	0.00175	0.00614
24	0.01864	0.00707	0.00964	0.00739	0.01060	0.00611	0.00611	0.02024	0.01189	0.83099	0.01639	0.01414	0.01028	0.00514	0.00418	0.00129	0.00353	0.00418	0.00514	0.00707
25	0.01864	0.00707	0.00964	0.00739	0.01060	0.00611	0.00611	0.02024	0.01189	0.83099	0.01639	0.01414	0.01028	0.00514	0.00418	0.00129	0.00353	0.00418	0.00514	0.00707
26	0.00557	0.00418	0.00516	0.00503	0.00604	0.00377	0.00373	0.00719	0.01085	0.01477	0.56038	0.10927	0.23001	0.00941	0.00494	0.00137	0.00204	0.00822	0.00433	0.00377
27	0.01000	0.01171	0.06744	0.02939	0.09349	0.03008	0.64192	0.01334	0.00972	0.02563	0.00831	0.01091	0.00628	0.00365	0.00486	0.00138	0.01949	0.00459	0.00212	0.00569
28	0.00910	0.05347	0.33325	0.12845	0.14236	0.01018	0.23841	0.01276	0.00909	0.01276	0.00769	0.00990	0.00579	0.00379	0.00421	0.00132	0.00604	0.00373	0.00191	0.00581
29	0.01288	0.43241	0.02757	0.02046	0.03610	0.35499	0.00782	0.02658	0.02751	0.01052	0.00645	0.00744	0.00556	0.00394	0.00325	0.00100	0.00573	0.00256	0.00202	0.00521
30	0.00912	0.05164	0.15482	0.02217	0.02181	0.00742	0.02286	0.04470	0.03056	0.02240	0.00810	0.00975	0.00658	0.00363	0.00342	0.00087	0.00391	0.01941	0.00245	0.55437
31	0.08939	0.07726	0.12483	0.05859	0.17948	0.15834	0.12594	0.06024	0.03842	0.02600	0.01906	0.00967	0.00655	0.00407	0.00391	0.00123	0.00555	0.00346	0.00233	0.00568
32	0.00907	0.00906	0.01272	0.02359	0.01117	0.01267	0.00912	0.01001	0.00639	0.01001	0.00548	0.00912	0.00545	0.00722	0.01349	0.00181	0.83362	0.00364	0.00182	0.00454
33	0.00705	0.00462	0.00578	0.00538	0.00666	0.00422	0.00407	0.00902	0.03560	0.09606	0.52626	0.08087	0.18103	0.00873	0.00483	0.00135	0.00221	0.00759	0.00444	0.00420
34	0.02118	0.57038	0.20551	0.00878	0.01284	0.06894	0.03813	0.01290	0.00877	0.01080	0.00629	0.00736	0.00534	0.00369	0.00311	0.00102	0.00511	0.00254	0.00182	0.00548
35	0.01864	0.00707	0.00964	0.00739	0.01060	0.00611	0.00611	0.02024	0.01189	0.83099	0.01639	0.01414	0.01028	0.00514	0.00418	0.00129	0.00353	0.00418	0.00514	0.00707
36	0.00722	0.00361	0.00541	0.00541	0.00541	0.00361	0.00361	0.00541	0.00541	0.00722	0.00722	0.01263	0.00722	0.01443	0.01623	0.87915	0.00361	0.00361	0.00180	0.00180
37	0.02983	0.00472	0.00584	0.00624	0.00698	0.00465	0.00439	0.09359	0.00931	0.04092	0.02082	0.70938	0.02407	0.01163	0.00507	0.00161	0.00270	0.01042	0.00390	0.00393
38	0.00945	0.00899	0.01527	0.24319	0.58633	0.00947	0.01212	0.01194	0.00910	0.01268	0.00822	0.03963	0.00703	0.00414	0.00416	0.00129	0.00501	0.00398	0.00206	0.00594
39	0.00506	0.00361	0.00482	0.00578	0.00602	0.00337	0.00386	0.00578	0.00795	0.01060	0.02289	0.85131	0.02747	0.01301	0.00530	0.00169	0.00241	0.01181	0.00386	0.00337
40	0.88336	0.00803	0.00611	0.00546	0.00803	0.00932	0.00450	0.01221	0.00707	0.01864	0.00578	0.00675	0.00450	0.00386	0.00257	0.00129	0.00321	0.00225	0.00257	0.00450
41	0.00869	0.01113	0.27783	0.00921	0.01233	0.00711	0.07488	0.07357	0.00983	0.08733	0.01608	0.26279	0.06029	0.00768	0.00464	0.00147	0.00436	0.06249	0.00316	0.00512
42	0.00694	0.00443	0.00574	0.00529	0.00643	0.00408	0.00401	0.00887	0.01156	0.07625	0.71033	0.02871	0.03510	0.00799	0.00471	0.00128	0.00207	0.00702	0.06505	0.00415
43	0.00980	0.01111	0.02240	0.01631	0.02000	0.04581	0.69507	0.01292	0.00960	0.01285	0.00878	0.04765	0.00714	0.00418	0.00539	0.00142	0.05698	0.00503	0.00216	0.00541
44	0.01067	0.00789	0.00858	0.00757	0.00990	0.00859	0.00593	0.04232	0.53780	0.12979	0.02118	0.01957	0.15920	0.00643	0.00434	0.00139	0.00315	0.00533	0.00429	0.00610
45	0.01032	0.01096	0.02364	0.01691	0.02106	0.01025	0.76569	0.01371	0.00993	0.06127	0.00887	0.01138	0.00654	0.00360	0.00486	0.00139	0.00680	0.00486	0.00228	0.00569
46	0.01552	0.01980	0.01177	0.01070	0.01284	0.83735	0.00803	0.01659	0.01177	0.01017	0.00642	0.00749	0.00535	0.00428	0.00375	0.00107	0.00749	0.00268	0.00214	0.00482
47	0.00833	0.02149	0.83250	0.01184	0.01798	0.00965	0.01535	0.01315	0.00877	0.01315	0.00745	0.00877	0.00526	0.00395	0.00395	0.00132	0.00614	0.00307	0.00175	0.00614
48	0.01000	0.00926	0.01531	0.02247	0.68929	0.00930	0.01165	0.04715	0.00984	0.01390	0.00973	0.04939	0.00893	0.00480	0.00430	0.00131	0.00472	0.07004	0.00237	0.00623
49	0.00833	0.02149	0.83250	0.01184	0.01798	0.00965	0.01535	0.01315	0.00877	0.01315	0.00745	0.00877	0.00526	0.00395	0.00395	0.00132	0.00614	0.00307	0.00175	0.00614
50	0.00696	0.05826	0.06737	0.00630	0.00804	0.00606	0.00528	0.07906	0.05948	0.01282	0.03774	0.25935	0.30603	0.01049	0.04413	0.00169	0.00337	0.01973	0.00356	0.00430
51	0.05291	0.03344	0.01116	0.00879	0.01158	0.21452	0.04132	0.16174	0.01233	0.26666	0.01149	0.03588	0.02347	0.00498	0.00416	0.00120	0.02406	0.00381	0.01730	0.05921
52	0.73742	0.00787	0.00670	0.00579	0.00847	0.00878	0.00477	0.01357	0.00788	0.15574	0.00757	0.00799	0.00547	0.00407	0.00284	0.00129	0.00327	0.00257	0.00300	0.00493
53	0.00500	0.00420	0.00436	0.00446	0.00577	0.00355	0.00336	0.00607	0.00938	0.01124	0.03999	0.09099	0.74092	0.01072	0.00497	0.00144	0.00220	0.04403	0.00386	0.00351
54	0.03407	0.01038	0.01126	0.14982	0.01465	0.08563	0.00790	0.35276	0.11289	0.14316	0.01101	0.01128	0.00784	0.00485	0.00407	0.00127	0.00460	0.00379	0.02250	0.00626
55	0.01864	0.00707	0.00964	0.00739	0.01060	0.00611	0.00611	0.02024	0.01189	0.83099	0.01639	0.01414	0.01028	0.00514	0.00418	0.00129	0.00353	0.00418	0.00514	0.00707
56	0.00507	0.00363	0.00485	0.00580	0.00605	0.00340	0.00388	0.00581	0.00793	0.01059	0.02271	0.83862	0.02721	0.01329	0.01795	0.00176	0.00254	0.01170	0.00383	0.00338
57	0.00833	0.02149	0.83250	0.01184	0.01798	0.00965	0.01535	0.01315	0.00877	0.01315	0.00745	0.00877	0.00526	0.00395	0.00395	0.00132	0.00614	0.00307	0.00175	0.00614
58	0.00974	0.01144	0.12893	0.10888	0.37606	0.02415	0.15656	0.02976	0.05117	0.01338	0.00836	0.01068	0.00662	0.00466	0.02615	0.00145	0.01999	0.00388	0.00216	0.00600
59	0.00811	0.00414	0.00430	0.00418	0.00526	0.00413	0.00316	0.01031	0.03168	0.04384	0.04860	0.01611	0.01192	0.00503	0.00307	0.00101	0.00203	0.00406	0.78500	0.00406
60	0.00510	0.00375	0.00479	0.00552	0.00598	0.00344	0.00376	0.00597	0.00846	0.01116	0.08849	0.67423	0.13946	0.01231	0.00522	0.00162	0.00233	0.01105	0.00391	0.00344
61	0.02032	0.07774	0.26333	0.07564	0.31582	0.02772	0.06872	0.05342	0.03361	0.01366	0.00789	0.00971	0.00615	0.00392	0.00399	0.00126	0.00542	0.00347	0.00211	0.00611
62	0.00542	0.00376	0.00491	0.00570	0.00612	0.00347	0.00386	0.00621	0.00824	0.03245	0.03786	0.75379	0.08768	0.01254	0.00524	0.00165	0.00241	0.01130	0.00390	0.00349
63	0.01145	0.57505	0.08593	0.00834	0.01161	0.10382	0.00808	0.04439	0.00911	0.02127	0.00625	0.00738	0.00547	0.00409	0.00398	0.00105	0.08288	0.00256	0.00195	0.00536
64	0.02762	0.00760	0.00914	0.00656	0.01024	0.00591	0.03061	0.02576	0.00882	0.01388	0.00743	0.00868	0.00614	0.00314	0.00314	0.00067	0.00323	0.00256	0.00248	0.81638
65	0.09724	0.04281	0.16531	0.04964	0.13572	0.18183	0.07470	0.01430	0.10334	0.01332	0.02948	0.01013	0.00726	0.00443	0.00444	0.00128	0.05338	0.00348	0.00236	0.00553
66	0.01524	0.01934	0.01181	0.01071	0.01276	0.80196	0.00807	0.01630	0.01154	0.01016	0.00638	0.00756	0.00535	0.00441	0.00417	0.00110	0.04349	0.00272	0.00213	0.00480
67	0.00731	0.00616	0.04348	0.00735	0.00863	0.00560	0.05521	0.13100	0.01004	0.02200	0.04475	0.59835	0.02225	0.01057	0.00502	0.00157	0.00319	0.00954	0.00374	0.00426
68	0.01032	0.14790	0.34220	0.02611	0.04387	0.01054	0.06551	0.10102	0.06479	0.05992	0.01867	0.02842	0.00774	0.00456	0.00394	0.00125	0.00509	0.02463	0.00256	0.03095
69	0.10689	0.00717	0.00928	0.00719	0.01034	0.00643	0.00594	0.01942	0.01140	0.74808	0.01530	0.01338	0.00969	0.00501	0.00401	0.00129	0.00350	0.00398	0.00488	0.00681
70	0.00569	0.00407	0.00555	0.00651	0.00703	0.00392	0.00496	0.00688	0.00858	0.01131	0.02254	0.53882	0.02609	0.01242	0.00547	0.00177	0.00296	0.31804	0.00384	0.00355
71	0.00726	0.00641	0.04719	0.01093	0.16634	0.00580	0.00781	0.00933	0.00956	0.01289	0.08526	0.10091	0.02125	0.00950	0.00524	0.00169	0.00388	0.48087	0.00345	0.00444
72	0.01262	0.01358	0.01045	0.00943	0.01170	0.36137	0.00721	0.03281	0.46411	0.01446	0.01234	0.01201	0.00948	0.00505	0.00402	0.00126	0.00509	0.00382	0.00334	0.00584
73	0.00509	0.00368	0.00482	0.00567	0.00601	0.00341	0.00382	0.00588	0.00820	0.01090	0.05890	0.76950	0.07342	0.01267	0.00526	0.00165	0.00237	0.01145	0.00389	0.00341
74	0.01819	0.00778	0.01008	0.00773	0.01096	0.00716	0.00638	0.14388	0.01308	0.70567	0.01539	0.01349	0.00978	0.00512	0.00417	0.00128	0.00370	0.00411	0.00499	0.00707
75	0.00530	0.00434	0.00469	0.00458	0.00590	0.00379	0.00344	0.00685	0.03058	0.01278	0.24402	0.03704	0.60238	0.00987	0.00489	0.00138	0.00210	0.00834	0.00405	0.00369
76	0.03774	0.01154	0.01230	0.00945	0.01276	0.01279	0.00781	0.79397	0.01921	0.02599	0.00987	0.00989	0.00700	0.00496	0.00412	0.00125	0.00454	0.00370	0.00412	0.00700
77	0.00599	0.00454	0.00679	0.00675	0.00748	0.00533	0.00526	0.00746	0.00667	0.00965	0.01102	0.01618	0.01029	0.03071	0.82237	0.00659	0.02653	0.00444	0.00222	0.00372
78	0.00578	0.00489	0.00507	0.00491	0.00641	0.00453	0.00372	0.00846	0.12717	0.01258	0.10526	0.03567	0.64142	0.00964	0.00481	0.00140	0.00226	0.00807	0.00397	0.00399
79	0.01552	0.01980	0.01177	0.01070	0.01284	0.83735	0.00803	0.01659	0.01177	0.01017	0.00642	0.00749	0.00535	0.00428	0.00375	0.00107	0.00749	0.00268	0.00214	0.00482
80	0.00844	0.05412	0.80082	0.01165	0.01769	0.00991	0.01502	0.01313	0.00876	0.01302	0.00739	0.00869	0.00526	0.00393	0.00390	0.00130	0.00607	0.00304	0.00175	0.00611
81	0.85343	0.00816	0.00632	0.00560	0.00820	0.00944	0.00462	0.03988	0.00750	0.01890	0.00593	0.00686	0.00459	0.00389	0.00263	0.00128	0.00326	0.00230	0.00263	0.00459
82	0.00594	0.00444	0.00663	0.00663	0.00735	0.00517	0.00513	0.00739	0.00666	0.00961	0.01117	0.01657	0.01049	0.05000	0.81886	0.00661	0.01096	0.00449	0.00223	0.00368
83	0.01064	0.71559	0.15860	0.00791	0.01190	0.01529	0.00850	0.01256	0.00850	0.01034	0.00606	0.00702	0.00532	0.00362	0.00288	0.00096	0.00473	0.00236	0.00177	0.00547
84	0.01109	0.01233	0.00911	0.00848	0.01012	0.42341	0.01742	0.01275	0.03230	0.02638	0.20964	0.07763	0.04965	0.00683	0.00439	0.00127	0.00507	0.07449	0.00317	0.00445
85	0.01676	0.00932	0.01077	0.00840	0.01156	0.03078	0.00689	0.32750	0.08282	0.42980	0.01369	0.01247	0.00911	0.00510	0.00416	0.00128	0.00402	0.00401	0.00460	0.00697
86	0.01864	0.00707	0.00964	0.00739	0.01060	0.00611	0.00611	0.02024	0.01189	0.83099	0.01639	0.01414	0.01028	0.00514	0.00418	0.00129	0.00353	0.00418	0.00514	0.00707
87	0.00594	0.00414	0.00527	0.00533	0.00559	0.00437	0.00350	0.00648	0.00638	0.00875	0.01306	0.07684	0.01432	0.52407	0.29352	0.00476	0.00630	0.00588	0.00251	0.00297
88	0.01494	0.00939	0.01083	0.01010	0.10011	0.07367	0.00728	0.14023	0.18382	0.36186	0.01445	0.01350	0.03016	0.00513	0.00416	0.00129	0.00407	0.00417	0.00419	0.00664
89	0.00848	0.00700	0.00840	0.00812	0.00989	0.00764	0.03024	0.01529	0.41403	0.01484	0.02036	0.02972	0.06983	0.00826	0.00491	0.00161	0.00354	0.32864	0.00398	0.00523
90	0.00513	0.00367	0.00490	0.00587	0.00614	0.00344	0.00398	0.00591	0.00802	0.01068	0.02285	0.81614	0.02732	0.01295	0.00532	0.00170	0.00247	0.04628	0.00385	0.00339
91	0.06321	0.04041	0.42457	0.01072	0.01509	0.24264	0.01146	0.11924	0.01092	0.01426	0.00735	0.00839	0.00548	0.00416	0.00380	0.00122	0.00610	0.00298	0.00223	0.00577
92	0.00896	0.00875	0.01403	0.54150	0.27097	0.04499	0.02901	0.01158	0.00884	0.01155	0.00749	0.01068	0.00586	0.00401	0.00414	0.00133	0.00547	0.00368	0.00193	0.00524
93	0.00718	0.00362	0.00541	0.00541	0.00543	0.00362	0.00362	0.00547	0.00557	0.00745	0.02793	0.01309	0.00802	0.01428	0.01595	0.85694	0.00357	0.00371	0.00187	0.00186
94	0.00560	0.00411	0.00477	0.00503	0.00604	0.00360	0.00363	0.00662	0.00915	0.04454	0.08185	0.33858	0.43893	0.01111	0.00503	0.00150	0.00229	0.02002	0.00395	0.00363
95	0.02573	0.07984	0.33738	0.01097	0.05127	0.01026	0.05548	0.18120	0.01152	0.15321	0.00960	0.02321	0.00695	0.00450	0.00417	0.00128	0.02063	0.00360	0.00291	0.00632
96	0.01078	0.00914	0.00957	0.00840	0.01079	0.04162	0.01914	0.08221	0.62157	0.04314	0.03269	0.01650	0.06418	0.00585	0.00427	0.00138	0.00351	0.00484	0.00412	0.00630
97	0.01019	0.00976	0.01664	0.03698	0.80412	0.00978	0.01264	0.01265	0.00944	0.01351	0.00802	0.01085	0.00683	0.00383	0.00414	0.00125	0.00493	0.01585	0.00208	0.00651
98	0.00593	0.00445	0.00668	0.00668	0.00742	0.00519	0.00519	0.00742	0.00668	0.00964	0.01113	0.01632	0.01038	0.03115	0.83756	0.00668	0.01113	0.00445	0.00223	0.00371
99	0.00897	0.00777	0.00965	0.00692	0.01063	0.00611	0.04998	0.04287	0.00912	0.01403	0.00754	0.00881	0.00620	0.00318	0.00322	0.00068	0.00335	0.00265	0.00251	0.79582
100	0.03757	0.25444	0.19712	0.01120	0.01509	0.10230	0.19914	0.03196	0.02343	0.04243	0.00750	0.00890	0.00588	0.00401	0.00419	0.00121	0.04264	0.00330	0.00213	0.00558
101	0.00604	0.00472	0.00538	0.00548	0.00644	0.02150	0.00400	0.04141	0.00976	0.01269	0.20286	0.25495	0.27177	0.06760	0.02181	0.00175	0.00277	0.05151	0.00387	0.00370
102	0.02206	0.04278	0.04723	0.00663	0.00870	0.00632	0.00553	0.07125	0.06295	0.19430	0.36138	0.05256	0.05143	0.00756	0.01707	0.02397	0.00310	0.00588	0.00421	0.00509
103	0.01218	0.13525	0.24582	0.02212	0.01374	0.08323	0.03352	0.15592	0.03560	0.13173	0.01894	0.02805	0.00748	0.00462	0.00412	0.00122	0.02700	0.00354	0.00289	0.03302
104	0.02438	0.01173	0.04713	0.10297	0.15217	0.14330	0.20021	0.11510	0.02825	0.01416	0.00822	0.01039	0.00650	0.01812	0.02629	0.00142	0.01623	0.00377	0.00241	0.06726
105	0.01385	0.07688	0.05611	0.02190	0.01085	0.05243	0.00665	0.06490	0.06451	0.38808	0.02675	0.01461	0.05129	0.04341	0.04065	0.00159	0.01531	0.00418	0.00387	0.04219
106	0.02822	0.11928	0.08842	0.35584	0.08502	0.04581	0.01899	0.02713	0.05888	0.03342	0.01966	0.02270	0.02007	0.00460	0.00420	0.00129	0.02812	0.01582	0.00229	0.02026

[dist]
# distance from previous block
# <min> <max>
1	13

[block]
# block no. 9 follows, 64 sequences, length 20
# corresponding to MSA columns:
# 608-627
name=unknown_J
#
# <colnr> <probs for GDERKNQSTAVLIFYWHMCP>
#	G	D	E	R	K	N	Q	S	T	A	V	L	I	F	Y	W	H	M	C	P
0	0.08571	0.24004	0.05633	0.06518	0.01239	0.11397	0.02844	0.08476	0.03806	0.06380	0.00936	0.07295	0.00832	0.00530	0.00446	0.00126	0.07051	0.03129	0.00264	0.00524
