[name]
unknown

[dist]
# distance from previous block
# <min> <max>
0	89

[block]
# block no. 0 follows, 72 sequences, length 43
# corresponding to MSA columns:
# 89-131
name=unknown_A
#
# <colnr> <probs for GDERKNQSTAVLIFYWHMCP>
#	G	D	E	R	K	N	Q	S	T	A	V	L	I	F	Y	W	H	M	C	P
0	0.02516	0.00714	0.00774	0.01618	0.02993	0.07544	0.01987	0.06720	0.14154	0.15289	0.15578	0.01929	0.18999	0.00602	0.00395	0.00116	0.00311	0.00500	0.00357	0.06904
1	0.02426	0.00602	0.00732	0.00624	0.00785	0.01530	0.02568	0.10852	0.07856	0.11842	0.32442	0.02080	0.09745	0.06884	0.00566	0.00139	0.04713	0.00537	0.00368	0.02711
2	0.00465	0.00332	0.00444	0.00532	0.00555	0.00311	0.00358	0.00534	0.00729	0.00972	0.02089	0.84677	0.02501	0.01185	0.00485	0.00154	0.00223	0.02794	0.00352	0.00309
3	0.00803	0.00684	0.00795	0.00570	0.00906	0.00523	0.00456	0.03048	0.00812	0.01265	0.00680	0.00790	0.00564	0.00285	0.00283	0.00058	0.00284	0.00228	0.00229	0.86737
4	0.00672	0.00430	0.00515	0.00472	0.00608	0.00380	0.00362	0.00827	0.02339	0.13027	0.38394	0.02925	0.36009	0.00803	0.00437	0.00123	0.00207	0.00685	0.00398	0.00387
5	0.00933	0.09480	0.14310	0.05888	0.41302	0.00970	0.10504	0.07822	0.00918	0.01272	0.00780	0.00957	0.02437	0.00363	0.00371	0.00114	0.00479	0.00339	0.00200	0.00562
6	0.00459	0.00356	0.00419	0.00464	0.00534	0.00315	0.00325	0.00543	0.00800	0.01015	0.06242	0.47176	0.37853	0.01073	0.00467	0.00141	0.00206	0.00942	0.00355	0.00315
7	0.00952	0.00930	0.01561	0.01231	0.06220	0.03464	0.38302	0.09532	0.07331	0.03012	0.00887	0.03335	0.01672	0.00407	0.00467	0.00118	0.07126	0.00403	0.00240	0.12810
8	0.00922	0.00804	0.00836	0.00626	0.00943	0.08827	0.00497	0.04688	0.02792	0.05069	0.00734	0.00819	0.00589	0.00313	0.00298	0.00067	0.00329	0.00244	0.00244	0.70357
9	0.09894	0.00930	0.01116	0.00864	0.01128	0.03187	0.09254	0.39426	0.01246	0.06577	0.00828	0.00948	0.00632	0.03726	0.00505	0.00124	0.08783	0.00333	0.00302	0.10198
10	0.00900	0.00949	0.00926	0.00825	0.00972	0.26839	0.09797	0.05367	0.04096	0.01152	0.11970	0.28562	0.01581	0.00706	0.00449	0.00126	0.03473	0.00607	0.00290	0.00411
11	0.00475	0.00349	0.00439	0.00496	0.00542	0.00321	0.00340	0.00556	0.00776	0.01024	0.10795	0.58253	0.15641	0.06083	0.00559	0.00159	0.00222	0.02309	0.00352	0.00311
12	0.00716	0.00674	0.01138	0.85760	0.02612	0.00843	0.01053	0.00969	0.00758	0.00969	0.00674	0.01011	0.00506	0.00379	0.00379	0.00126	0.00506	0.00337	0.00169	0.00421
13	0.00786	0.00674	0.00786	0.00562	0.00899	0.00506	0.00449	0.00955	0.00786	0.01236	0.00674	0.00786	0.00562	0.00281	0.00281	0.00056	0.00281	0.00225	0.00225	0.88990
14	0.00490	0.00370	0.00445	0.00482	0.00550	0.00339	0.00342	0.00594	0.01998	0.01054	0.12722	0.38092	0.27514	0.07803	0.00584	0.00159	0.00227	0.05565	0.00351	0.00318
15	0.01514	0.00619	0.00821	0.00642	0.00910	0.00543	0.00526	0.04074	0.01084	0.69844	0.05800	0.01587	0.09201	0.00532	0.00391	0.00118	0.00306	0.00436	0.00453	0.00599
16	0.00543	0.00402	0.00589	0.00589	0.00650	0.00463	0.00449	0.00664	0.00604	0.00865	0.01034	0.01592	0.00993	0.11488	0.76586	0.00585	0.00949	0.00421	0.00206	0.00327
17	0.00716	0.00674	0.01138	0.85760	0.02612	0.00843	0.01053	0.00969	0.00758	0.00969	0.00674	0.01011	0.00506	0.00379	0.00379	0.00126	0.00506	0.00337	0.00169	0.00421
18	0.00525	0.00423	0.00473	0.00455	0.00575	0.00389	0.00343	0.00739	0.08284	0.01259	0.33563	0.04378	0.45507	0.00855	0.00443	0.00125	0.00197	0.00729	0.00380	0.00359
19	0.00476	0.00342	0.00445	0.00515	0.00547	0.00319	0.00348	0.00550	0.00751	0.01001	0.08055	0.69308	0.06506	0.06274	0.00567	0.00164	0.00228	0.02947	0.00349	0.00309
20	0.01330	0.01007	0.01075	0.00850	0.01134	0.01124	0.00694	0.64890	0.20116	0.02210	0.01052	0.01024	0.00760	0.00469	0.00381	0.00117	0.00391	0.00361	0.00381	0.00635
21	0.00930	0.00892	0.01523	0.05630	0.81073	0.00899	0.01160	0.01156	0.00859	0.01228	0.00712	0.00942	0.00597	0.00340	0.00376	0.00113	0.00453	0.00338	0.00187	0.00594
22	0.00930	0.00906	0.01583	0.04087	0.72494	0.00906	0.09146	0.01184	0.02783	0.01239	0.00737	0.00960	0.00609	0.00341	0.00383	0.00115	0.00467	0.00351	0.00192	0.00588
23	0.00711	0.00651	0.00918	0.00820	0.00843	0.00869	0.00663	0.00805	0.00588	0.00888	0.00726	0.01182	0.00719	0.08269	0.29311	0.00330	0.50775	0.00374	0.00183	0.00375
24	0.80749	0.00839	0.00608	0.00546	0.00776	0.09097	0.00442	0.01154	0.00687	0.01626	0.00534	0.00623	0.00418	0.00356	0.00245	0.00115	0.00332	0.00209	0.00231	0.00414
25	0.00462	0.00330	0.00440	0.00528	0.00550	0.00308	0.00352	0.00528	0.00726	0.00968	0.02090	0.86424	0.02508	0.01188	0.00484	0.00154	0.00220	0.01078	0.00352	0.00308
26	0.01283	0.01519	0.01025	0.00924	0.01099	0.62573	0.00701	0.09253	0.01073	0.01072	0.00758	0.09104	0.00702	0.00495	0.00426	0.00110	0.06870	0.00342	0.00226	0.00445
27	0.00463	0.00375	0.00412	0.00430	0.00531	0.00324	0.00315	0.00563	0.00856	0.01062	0.10906	0.20504	0.58048	0.00992	0.00457	0.00134	0.00200	0.02749	0.00358	0.00322
28	0.00968	0.00991	0.01569	0.01892	0.51108	0.07910	0.17602	0.01282	0.08978	0.01236	0.00791	0.00979	0.00639	0.00362	0.00404	0.00117	0.02036	0.00361	0.00208	0.00566
29	0.01249	0.00962	0.01027	0.00831	0.01098	0.01078	0.00672	0.53241	0.30180	0.02082	0.01154	0.02810	0.00861	0.00491	0.00384	0.00120	0.00373	0.00387	0.00381	0.00623
30	0.02640	0.46520	0.11971	0.00782	0.03177	0.03434	0.00744	0.10559	0.08410	0.05419	0.00753	0.00803	0.00600	0.00373	0.00300	0.00098	0.00414	0.00266	0.02208	0.00529
31	0.49265	0.00693	0.00705	0.00579	0.00841	0.00717	0.00478	0.01450	0.00847	0.39600	0.00971	0.00925	0.00652	0.00406	0.00302	0.00117	0.00307	0.00286	0.00342	0.00518
32	0.00462	0.00330	0.00440	0.00528	0.00550	0.00308	0.00352	0.00528	0.00726	0.00968	0.02090	0.86424	0.02508	0.01188	0.00484	0.00154	0.00220	0.01078	0.00352	0.00308
33	0.01177	0.05327	0.16264	0.01092	0.12838	0.03974	0.08700	0.10107	0.03269	0.25954	0.05084	0.01167	0.00863	0.00433	0.00381	0.00117	0.00434	0.01940	0.00306	0.00574
34	0.03545	0.00710	0.06307	0.03378	0.05174	0.00643	0.03767	0.03354	0.17110	0.17806	0.12861	0.06568	0.12502	0.00663	0.02302	0.00136	0.00333	0.01993	0.00352	0.00496
35	0.00462	0.00330	0.00440	0.00528	0.00550	0.00308	0.00352	0.00528	0.00726	0.00968	0.02090	0.86424	0.02508	0.01188	0.00484	0.00154	0.00220	0.01078	0.00352	0.00308
36	0.01474	0.00729	0.00897	0.00719	0.00992	0.00717	0.00584	0.09212	0.23354	0.54835	0.01456	0.01290	0.00971	0.00480	0.00382	0.00120	0.00325	0.00391	0.00439	0.00633
37	0.02059	0.23832	0.25234	0.03012	0.11338	0.03921	0.02388	0.05476	0.02075	0.05897	0.00770	0.02410	0.00625	0.00620	0.08632	0.00157	0.00521	0.00307	0.00207	0.00519
38	0.00653	0.00482	0.00576	0.00550	0.00633	0.02698	0.00401	0.00827	0.07770	0.05116	0.07778	0.02079	0.10798	0.26409	0.29656	0.00360	0.02084	0.00510	0.00272	0.00348
39	0.00471	0.00385	0.00416	0.00416	0.00533	0.00331	0.00314	0.00584	0.00900	0.01119	0.18666	0.05512	0.64422	0.00934	0.00451	0.00129	0.00196	0.03529	0.00364	0.00328
40	0.74471	0.00781	0.00651	0.00558	0.00804	0.00894	0.00460	0.13412	0.00825	0.03412	0.00604	0.00673	0.00456	0.00370	0.00259	0.00117	0.00313	0.00229	0.00261	0.00450
41	0.02523	0.00944	0.02494	0.09705	0.08301	0.15994	0.04548	0.08673	0.12634	0.03448	0.02028	0.05652	0.03052	0.01704	0.05556	0.00151	0.04244	0.02537	0.00263	0.05549
42	0.00953	0.00862	0.01209	0.23240	0.30652	0.07351	0.02899	0.02269	0.14371	0.06520	0.01973	0.01120	0.00747	0.00471	0.02609	0.00132	0.00464	0.01386	0.00241	0.00530

[dist]
# distance from previous block
# <min> <max>
0	1

[block]
# block no. 1 follows, 72 sequences, length 6
# corresponding to MSA columns:
# 133-138
name=unknown_B
#
# <colnr> <probs for GDERKNQSTAVLIFYWHMCP>
#	G	D	E	R	K	N	Q	S	T	A	V	L	I	F	Y	W	H	M	C	P
0	0.00541	0.00379	0.00452	0.00455	0.00485	0.00382	0.00294	0.00586	0.00626	0.00835	0.04834	0.02535	0.09819	0.58227	0.14395	0.00363	0.00441	0.03837	0.00251	0.00266
1	0.80881	0.00765	0.00613	0.00535	0.00776	0.00882	0.00441	0.09008	0.00755	0.01768	0.00565	0.00644	0.00433	0.00362	0.00249	0.00117	0.00305	0.00218	0.00249	0.00433
2	0.03005	0.00752	0.03785	0.02650	0.02456	0.05607	0.02123	0.14671	0.13081	0.06212	0.03210	0.07330	0.13950	0.09636	0.00572	0.00154	0.00355	0.09666	0.00327	0.00457
3	0.01007	0.38309	0.20216	0.00882	0.04286	0.18799	0.00846	0.01231	0.03369	0.01011	0.00679	0.00860	0.00584	0.00460	0.03079	0.00116	0.00515	0.03074	0.00184	0.00492
4	0.00659	0.00329	0.00494	0.00494	0.00494	0.00329	0.00329	0.00494	0.00494	0.00659	0.00659	0.01153	0.00659	0.01318	0.01482	0.88966	0.00329	0.00329	0.00165	0.00165
5	0.00882	0.00878	0.01326	0.38422	0.41913	0.07909	0.01080	0.01109	0.00836	0.01096	0.00686	0.00949	0.00550	0.00360	0.00374	0.00117	0.00494	0.00330	0.00180	0.00509

[dist]
# distance from previous block
# <min> <max>
1	5

[block]
# block no. 2 follows, 72 sequences, length 16
# corresponding to MSA columns:
# 144-159
name=unknown_C
#
# <colnr> <probs for GDERKNQSTAVLIFYWHMCP>
#	G	D	E	R	K	N	Q	S	T	A	V	L	I	F	Y	W	H	M	C	P
0	0.04999	0.06806	0.14307	0.08548	0.29580	0.05817	0.12848	0.01182	0.00842	0.05279	0.00741	0.00933	0.00585	0.00498	0.05307	0.00144	0.00529	0.00330	0.00198	0.00528
1	0.04073	0.00821	0.00898	0.00756	0.00999	0.00902	0.00606	0.21830	0.42444	0.15448	0.01348	0.01313	0.00989	0.00498	0.00378	0.00123	0.00330	0.02342	0.03304	0.00598
2	0.00791	0.00854	0.11337	0.01106	0.11571	0.00709	0.21158	0.03324	0.04863	0.04637	0.03086	0.09875	0.09746	0.08183	0.00574	0.00151	0.01946	0.05360	0.00263	0.00463
3	0.00970	0.00952	0.05858	0.07669	0.22661	0.05598	0.23720	0.05623	0.00928	0.08386	0.02169	0.05587	0.01747	0.00458	0.01341	0.00127	0.02368	0.01381	0.00237	0.02220
4	0.00537	0.00372	0.00424	0.00431	0.00453	0.00365	0.00264	0.00563	0.00612	0.00801	0.01590	0.05985	0.11793	0.66940	0.03711	0.00327	0.00355	0.03970	0.00254	0.00252
5	0.00478	0.00351	0.00451	0.00519	0.00566	0.00324	0.00366	0.00564	0.00779	0.01023	0.07116	0.62294	0.14380	0.01119	0.00480	0.00150	0.00225	0.08143	0.00356	0.00316
6	0.00842	0.29391	0.57993	0.00941	0.01426	0.01081	0.01158	0.01180	0.00791	0.01101	0.00631	0.00739	0.00482	0.00349	0.00323	0.00108	0.00510	0.00255	0.00161	0.00537
7	0.00919	0.12114	0.22945	0.04175	0.07599	0.07049	0.13741	0.09878	0.00940	0.02513	0.02704	0.08067	0.02795	0.02412	0.00412	0.00122	0.00483	0.00402	0.00226	0.00504
8	0.00498	0.00374	0.00417	0.00420	0.00489	0.00341	0.00283	0.00570	0.00774	0.00991	0.14447	0.09979	0.36811	0.30839	0.00968	0.00212	0.00254	0.00720	0.00319	0.00293
9	0.08920	0.00639	0.00818	0.00642	0.00910	0.00582	0.00527	0.04342	0.01059	0.66649	0.06198	0.01317	0.01040	0.00476	0.00368	0.00116	0.00309	0.00382	0.04109	0.00597
10	0.01967	0.00819	0.03654	0.19424	0.38442	0.00826	0.04242	0.02996	0.07351	0.08241	0.02487	0.02997	0.01742	0.01623	0.00404	0.00123	0.00430	0.00381	0.01314	0.00538
11	0.00616	0.00650	0.11087	0.02238	0.00812	0.00503	0.02390	0.02972	0.07695	0.02400	0.14218	0.17565	0.26137	0.03121	0.02246	0.00147	0.00300	0.03007	0.01500	0.00395
12	0.00659	0.00329	0.00494	0.00494	0.00494	0.00329	0.00329	0.00494	0.00494	0.00659	0.00659	0.01153	0.00659	0.01318	0.01482	0.88966	0.00329	0.00329	0.00165	0.00165
13	0.00836	0.04006	0.04795	0.10564	0.56458	0.00827	0.01011	0.01049	0.00843	0.01162	0.01132	0.03722	0.11081	0.00445	0.00383	0.00116	0.00420	0.00410	0.00209	0.00533
14	0.06738	0.06396	0.31973	0.01098	0.06871	0.01740	0.18038	0.03703	0.00851	0.03313	0.02440	0.08890	0.04066	0.00466	0.00395	0.00122	0.01763	0.00415	0.00219	0.00504
15	0.00880	0.03884	0.08801	0.07200	0.08482	0.00958	0.61666	0.01191	0.00872	0.01189	0.00742	0.00984	0.00562	0.00329	0.00424	0.00124	0.00601	0.00410	0.00186	0.00516

[dist]
# distance from previous block
# <min> <max>
0	3

[block]
# block no. 3 follows, 72 sequences, length 7
# corresponding to MSA columns:
# 163-169
name=unknown_D
#
# <colnr> <probs for GDERKNQSTAVLIFYWHMCP>
#	G	D	E	R	K	N	Q	S	T	A	V	L	I	F	Y	W	H	M	C	P
0	0.16463	0.26960	0.23422	0.00824	0.01161	0.23238	0.00829	0.01249	0.00837	0.01125	0.00584	0.00681	0.00472	0.00356	0.00299	0.00102	0.00500	0.00235	0.00183	0.00481
1	0.00665	0.00582	0.00917	0.44925	0.05810	0.00685	0.00804	0.00910	0.05348	0.01010	0.01070	0.14558	0.01018	0.00962	0.14772	0.00214	0.00526	0.04593	0.00225	0.00405
2	0.76556	0.00851	0.00636	0.00563	0.00798	0.08704	0.00457	0.05458	0.00745	0.01666	0.00554	0.00638	0.00430	0.00361	0.00252	0.00115	0.00336	0.00216	0.00239	0.00426
3	0.00592	0.00490	0.00720	0.00953	0.21617	0.00467	0.00549	0.00721	0.00836	0.01134	0.15377	0.40119	0.13197	0.00876	0.00446	0.00134	0.00268	0.00790	0.00321	0.00391
4	0.00688	0.00576	0.00659	0.00784	0.14693	0.07418	0.00429	0.00734	0.00647	0.00837	0.01063	0.02073	0.01174	0.64958	0.01536	0.00302	0.00408	0.00490	0.00220	0.00310
5	0.00505	0.00373	0.00440	0.00450	0.00517	0.00343	0.00313	0.00595	0.00815	0.01072	0.23273	0.17438	0.26007	0.22516	0.00829	0.00192	0.00243	0.03432	0.00338	0.00306
6	0.00961	0.65838	0.16377	0.00794	0.01164	0.01353	0.06820	0.01153	0.00785	0.00970	0.00572	0.00672	0.00492	0.00330	0.00279	0.00091	0.00450	0.00234	0.00164	0.00501

[dist]
# distance from previous block
# <min> <max>
0	1

[block]
# block no. 4 follows, 72 sequences, length 20
# corresponding to MSA columns:
# 171-190
name=unknown_E
#
# <colnr> <probs for GDERKNQSTAVLIFYWHMCP>
#	G	D	E	R	K	N	Q	S	T	A	V	L	I	F	Y	W	H	M	C	P
0	0.45446	0.03421	0.03344	0.05194	0.17007	0.00862	0.03588	0.04499	0.00809	0.11593	0.00716	0.00811	0.00536	0.00367	0.00304	0.00116	0.00366	0.00275	0.00251	0.00496
1	0.00942	0.14540	0.24511	0.00910	0.04080	0.08920	0.06843	0.02328	0.05832	0.07771	0.06216	0.03684	0.03463	0.00437	0.00356	0.00108	0.00444	0.00358	0.00242	0.08014
2	0.58339	0.00861	0.00740	0.00660	0.02807	0.11736	0.04153	0.01157	0.00756	0.04393	0.02326	0.02454	0.02315	0.00392	0.00283	0.00113	0.00358	0.00270	0.00242	0.05644
3	0.00539	0.00403	0.00497	0.00512	0.00590	0.00384	0.00368	0.03133	0.04875	0.01246	0.31565	0.38327	0.14225	0.00955	0.00458	0.00136	0.00211	0.00846	0.00378	0.00352
4	0.02410	0.09790	0.16003	0.04321	0.21114	0.05744	0.07015	0.07271	0.02534	0.06310	0.02460	0.04728	0.04170	0.00463	0.00377	0.00117	0.00450	0.03959	0.00241	0.00524
5	0.02395	0.04911	0.24379	0.03946	0.03435	0.00857	0.17896	0.11878	0.04531	0.04126	0.05828	0.04648	0.03718	0.00490	0.01722	0.00127	0.00469	0.00408	0.01801	0.02435
6	0.00553	0.00443	0.00504	0.00486	0.00582	0.03987	0.00361	0.00704	0.01008	0.01362	0.59523	0.09745	0.17680	0.00826	0.00446	0.00123	0.00206	0.00719	0.00391	0.00351
7	0.00511	0.00416	0.00495	0.00540	0.04155	0.00385	0.00376	0.00651	0.03633	0.01071	0.10013	0.16280	0.46547	0.03190	0.07646	0.00179	0.00288	0.02946	0.00336	0.00343
8	0.02099	0.06347	0.07341	0.17251	0.32323	0.10508	0.06364	0.04579	0.02305	0.04062	0.00752	0.02041	0.00603	0.00376	0.00367	0.00114	0.00488	0.00333	0.01219	0.00527
9	0.00833	0.13212	0.66192	0.01039	0.01542	0.05273	0.04470	0.01209	0.00814	0.01147	0.00659	0.00778	0.00485	0.00356	0.00347	0.00114	0.00549	0.00275	0.00163	0.00543
10	0.00526	0.00433	0.00477	0.00508	0.00591	0.03976	0.00375	0.00633	0.00860	0.01092	0.15796	0.32046	0.30736	0.00994	0.00464	0.00139	0.00237	0.09431	0.00356	0.00330
11	0.00956	0.04424	0.05579	0.03794	0.21307	0.13457	0.03508	0.07765	0.09284	0.02618	0.04672	0.01316	0.05670	0.02618	0.05594	0.00149	0.00474	0.02260	0.00253	0.04303
12	0.02085	0.08405	0.34337	0.01115	0.11912	0.08178	0.04266	0.05338	0.01834	0.06970	0.00855	0.06142	0.00711	0.00489	0.02055	0.00128	0.02632	0.01800	0.00220	0.00529
13	0.00925	0.04096	0.04781	0.32436	0.15688	0.06544	0.04910	0.04853	0.05129	0.07615	0.02534	0.05570	0.00794	0.00448	0.00384	0.00121	0.00460	0.01983	0.00236	0.00494
14	0.02464	0.03460	0.25686	0.01298	0.18952	0.10853	0.08360	0.14724	0.01010	0.03035	0.00766	0.03305	0.00609	0.00406	0.00402	0.00117	0.03445	0.00337	0.00222	0.00550
15	0.03633	0.06451	0.14146	0.07037	0.27115	0.10449	0.02520	0.07662	0.03019	0.04421	0.05203	0.03973	0.01879	0.00428	0.00368	0.00114	0.00457	0.00362	0.00234	0.00528
16	0.02879	0.02662	0.00997	0.04076	0.10067	0.10759	0.01865	0.14268	0.15709	0.16470	0.05397	0.02633	0.06113	0.00490	0.00377	0.00115	0.00384	0.00401	0.00330	0.04009
17	0.02305	0.01982	0.12082	0.03928	0.07159	0.05134	0.07384	0.10775	0.06634	0.08899	0.05477	0.11050	0.06459	0.02280	0.02105	0.00137	0.01516	0.02053	0.00292	0.02348
18	0.03107	0.06321	0.14598	0.05960	0.12002	0.00826	0.08816	0.09054	0.04898	0.06808	0.04960	0.06583	0.05215	0.00561	0.02268	0.02124	0.02800	0.00421	0.00259	0.02420
19	0.04673	0.02988	0.06801	0.04030	0.15710	0.11481	0.07227	0.14271	0.04834	0.07424	0.03470	0.05583	0.02218	0.03918	0.00442	0.00127	0.00443	0.02411	0.00272	0.01676

[dist]
# distance from previous block
# <min> <max>
1	128

[block]
# block no. 5 follows, 72 sequences, length 35
# corresponding to MSA columns:
# 334-368
name=unknown_F
#
# <colnr> <probs for GDERKNQSTAVLIFYWHMCP>
#	G	D	E	R	K	N	Q	S	T	A	V	L	I	F	Y	W	H	M	C	P
0	0.03750	0.06167	0.15866	0.03707	0.03986	0.04836	0.09943	0.06133	0.07425	0.05073	0.08782	0.05131	0.04103	0.00580	0.03570	0.00135	0.01840	0.01805	0.00264	0.06908
1	0.03015	0.10824	0.18924	0.02455	0.03062	0.13717	0.04494	0.12016	0.04651	0.07879	0.03673	0.02228	0.03204	0.02166	0.00385	0.00114	0.00457	0.00339	0.00255	0.06139
2	0.04350	0.14084	0.09535	0.01936	0.06389	0.02740	0.12888	0.11423	0.05714	0.08074	0.04123	0.02511	0.03071	0.01584	0.00383	0.00114	0.00420	0.02395	0.00265	0.08002
3	0.01938	0.11846	0.26867	0.04613	0.03103	0.03510	0.03395	0.14982	0.03396	0.04962	0.04054	0.08024	0.02748	0.00490	0.00369	0.00116	0.00436	0.02110	0.00256	0.02782
4	0.04603	0.10072	0.22913	0.04388	0.03039	0.03454	0.03447	0.02888	0.06081	0.03097	0.07812	0.04703	0.06465	0.01947	0.00406	0.00120	0.01646	0.04432	0.00250	0.08238
5	0.00919	0.09121	0.13524	0.02857	0.07360	0.05762	0.12364	0.12817	0.04663	0.02975	0.01855	0.12168	0.05390	0.00553	0.01605	0.00125	0.01212	0.00453	0.00258	0.04019
6	0.00523	0.00409	0.00547	0.00662	0.08121	0.00388	0.00418	0.00616	0.00780	0.01030	0.08045	0.47311	0.18632	0.06825	0.00576	0.00158	0.01602	0.02689	0.00331	0.00338
7	0.01126	0.34125	0.03252	0.00963	0.06262	0.30621	0.08849	0.03831	0.00935	0.01042	0.02452	0.00785	0.00592	0.00367	0.00318	0.00096	0.00520	0.00271	0.03114	0.00479
8	0.00646	0.00349	0.00511	0.00506	0.00523	0.00349	0.00345	0.00528	0.00520	0.00706	0.00733	0.02965	0.00736	0.03286	0.09000	0.74266	0.00388	0.00353	0.00175	0.03115
9	0.00892	0.03851	0.08308	0.17592	0.21222	0.03895	0.17601	0.02098	0.08739	0.02493	0.00818	0.01856	0.00658	0.00409	0.00449	0.00124	0.06449	0.01817	0.00210	0.00516
10	0.01079	0.48026	0.12943	0.00798	0.01121	0.14492	0.02477	0.04139	0.02130	0.05344	0.00667	0.00782	0.00557	0.00375	0.00319	0.00097	0.02287	0.01668	0.00198	0.00501
11	0.00558	0.00410	0.00562	0.00555	0.00596	0.00465	0.00401	0.00642	0.00587	0.00829	0.01058	0.01819	0.01084	0.32967	0.51607	0.00504	0.04385	0.00456	0.00211	0.00303
12	0.00541	0.00373	0.00433	0.00432	0.00452	0.00374	0.00262	0.00567	0.00596	0.00792	0.03120	0.02495	0.08866	0.68737	0.10124	0.00365	0.00413	0.00562	0.00242	0.00252
13	0.00924	0.00878	0.01509	0.10395	0.68385	0.00901	0.04919	0.01150	0.00849	0.02558	0.00718	0.00952	0.00592	0.00354	0.00408	0.00117	0.03284	0.00343	0.00190	0.00574
14	0.00546	0.00384	0.00469	0.00455	0.00531	0.00355	0.00321	0.00663	0.00898	0.03049	0.44812	0.08456	0.16277	0.20210	0.00783	0.00179	0.00230	0.00694	0.00361	0.00326
15	0.00578	0.00446	0.00501	0.00475	0.00597	0.00414	0.00359	0.08566	0.00987	0.01274	0.24722	0.09267	0.44545	0.00892	0.00479	0.03058	0.00219	0.01899	0.00366	0.00356
16	0.05056	0.26159	0.01305	0.00811	0.01074	0.28605	0.00674	0.19641	0.09695	0.01350	0.00740	0.00787	0.00590	0.00396	0.00321	0.00100	0.00481	0.00271	0.00249	0.01695
17	0.01231	0.00626	0.00793	0.00631	0.00879	0.00568	0.00505	0.04812	0.06709	0.42881	0.04153	0.01386	0.02819	0.05935	0.07002	0.00160	0.00364	0.00386	0.01334	0.16825
18	0.02449	0.18750	0.02203	0.00769	0.02748	0.08832	0.09000	0.06834	0.03211	0.01043	0.00889	0.02447	0.00867	0.25407	0.06859	0.01662	0.02425	0.01369	0.00221	0.02015
19	0.01011	0.11916	0.27053	0.02436	0.03610	0.08769	0.07165	0.13562	0.05934	0.05037	0.04454	0.00993	0.01830	0.00423	0.00400	0.00115	0.04182	0.00332	0.00241	0.00536
20	0.00864	0.00920	0.01852	0.01367	0.01674	0.03082	0.62146	0.01128	0.00858	0.03405	0.00915	0.09213	0.00789	0.00586	0.06004	0.00162	0.03847	0.00494	0.00215	0.00479
21	0.00832	0.00784	0.01264	0.04710	0.06058	0.00687	0.24590	0.01079	0.03521	0.02284	0.00768	0.02137	0.00624	0.00366	0.01763	0.00097	0.00418	0.00325	0.00220	0.47473
22	0.00926	0.00890	0.01066	0.17504	0.16950	0.15352	0.04317	0.07478	0.03255	0.03434	0.02563	0.11048	0.06707	0.00570	0.01650	0.00128	0.02951	0.00455	0.02289	0.00466
23	0.00596	0.00406	0.00489	0.00484	0.00519	0.00418	0.00316	0.05179	0.00659	0.00894	0.01287	0.12038	0.03169	0.50871	0.14073	0.05110	0.00440	0.00569	0.02202	0.00280
24	0.00922	0.03353	0.02958	0.11579	0.14945	0.06110	0.02578	0.09767	0.15865	0.05046	0.07597	0.04566	0.10140	0.00535	0.00410	0.00121	0.02257	0.00452	0.00294	0.00505
25	0.00544	0.00397	0.00561	0.00561	0.00612	0.00448	0.00414	0.00646	0.00595	0.00845	0.01060	0.01735	0.01055	0.23588	0.64571	0.00550	0.00855	0.00442	0.00210	0.00312
26	0.01167	0.48206	0.04011	0.00832	0.02993	0.35134	0.00716	0.01291	0.00896	0.00924	0.00560	0.00652	0.00490	0.00353	0.00289	0.00090	0.00523	0.00225	0.00176	0.00473
27	0.00941	0.00800	0.01023	0.12503	0.11723	0.06711	0.00745	0.07321	0.00878	0.08584	0.03875	0.02199	0.03792	0.00608	0.04604	0.00143	0.18265	0.01779	0.00246	0.13259
28	0.00807	0.00708	0.00931	0.05581	0.02901	0.03528	0.07678	0.06979	0.16604	0.02461	0.12657	0.08882	0.07410	0.00712	0.02787	0.00146	0.10831	0.05804	0.00308	0.02287
29	0.00872	0.00822	0.01313	0.40690	0.27211	0.02286	0.06143	0.06654	0.05547	0.01195	0.00750	0.00995	0.00585	0.00384	0.00407	0.00122	0.02964	0.00348	0.00203	0.00507
30	0.00865	0.00812	0.01370	0.17852	0.57003	0.00843	0.02861	0.02412	0.00856	0.01190	0.00848	0.03831	0.00758	0.00426	0.00392	0.00121	0.00450	0.06367	0.00204	0.00538
31	0.02689	0.00912	0.01746	0.06796	0.01682	0.00933	0.52037	0.04091	0.05748	0.01233	0.02780	0.02394	0.03888	0.00429	0.00529	0.00132	0.10830	0.00445	0.00220	0.00488
32	0.00540	0.00377	0.00474	0.00479	0.00505	0.00393	0.00313	0.00591	0.00600	0.00820	0.03499	0.07768	0.03059	0.52800	0.25773	0.00412	0.00536	0.00553	0.00238	0.00272
33	0.03789	0.15833	0.20642	0.16042	0.02478	0.08287	0.03776	0.05285	0.03588	0.02270	0.03884	0.01210	0.08718	0.02183	0.00386	0.00118	0.00456	0.00357	0.00221	0.00476
34	0.00613	0.00488	0.00595	0.00618	0.03958	0.03223	0.01479	0.04185	0.00793	0.01068	0.08189	0.32339	0.08301	0.14658	0.10318	0.00222	0.00370	0.00701	0.01749	0.06133

[dist]
# distance from previous block
# <min> <max>
0	30

[block]
# block no. 6 follows, 72 sequences, length 28
# corresponding to MSA columns:
# 399-426
name=unknown_G
#
# <colnr> <probs for GDERKNQSTAVLIFYWHMCP>
#	G	D	E	R	K	N	Q	S	T	A	V	L	I	F	Y	W	H	M	C	P
0	0.02803	0.00809	0.02969	0.06161	0.11280	0.14893	0.04651	0.03585	0.02848	0.03677	0.05544	0.28214	0.05518	0.02397	0.00447	0.00133	0.00390	0.02974	0.00285	0.00423
1	0.03511	0.00529	0.00623	0.00618	0.02312	0.01784	0.01693	0.12204	0.03668	0.03094	0.07410	0.42148	0.14678	0.02116	0.00461	0.00139	0.00269	0.00786	0.00349	0.01609
2	0.05162	0.01966	0.01658	0.00668	0.03379	0.05413	0.00514	0.09106	0.03022	0.08059	0.01246	0.08009	0.10090	0.00489	0.00355	0.00095	0.01627	0.00394	0.01639	0.37112
3	0.03498	0.07768	0.02061	0.02955	0.01169	0.36089	0.04608	0.13955	0.15084	0.03158	0.00833	0.00900	0.00651	0.01465	0.00378	0.00110	0.01297	0.00305	0.00260	0.03455
4	0.00786	0.00571	0.02053	0.04286	0.03012	0.00519	0.02967	0.02829	0.07251	0.12213	0.17688	0.15451	0.13050	0.00720	0.02042	0.00127	0.00293	0.00588	0.00342	0.13214
5	0.00911	0.12082	0.13496	0.05205	0.12415	0.04893	0.16978	0.06684	0.06147	0.02700	0.00931	0.11319	0.00828	0.00469	0.00395	0.00119	0.01775	0.00424	0.00231	0.01996
6	0.01304	0.12309	0.01161	0.00859	0.05484	0.02163	0.00676	0.37072	0.06087	0.19236	0.01059	0.06004	0.00815	0.00488	0.00399	0.00115	0.03455	0.00378	0.00348	0.00588
7	0.03448	0.01033	0.01065	0.04876	0.17061	0.24230	0.03859	0.10462	0.03254	0.08909	0.03056	0.08359	0.02002	0.00568	0.03374	0.00132	0.00483	0.00401	0.02931	0.00497
8	0.00625	0.00471	0.00569	0.00542	0.02508	0.00430	0.00399	0.04477	0.03215	0.03621	0.35836	0.10003	0.24287	0.00779	0.00428	0.00119	0.00223	0.02231	0.00368	0.08869
9	0.02385	0.14435	0.20760	0.00957	0.01290	0.07871	0.10339	0.17110	0.04310	0.06158	0.02409	0.00901	0.00640	0.00416	0.00429	0.00115	0.07512	0.00319	0.00243	0.01400
10	0.00672	0.00518	0.00661	0.00684	0.03142	0.00545	0.01493	0.08510	0.10929	0.01193	0.01738	0.32317	0.05791	0.05499	0.10730	0.00213	0.01391	0.13255	0.00325	0.00394
11	0.00619	0.00499	0.00650	0.00626	0.03132	0.03277	0.06385	0.00669	0.00629	0.00835	0.01201	0.12658	0.01351	0.57176	0.04289	0.00305	0.04594	0.00578	0.00236	0.00291
12	0.00952	0.00870	0.00902	0.03334	0.02837	0.16828	0.06077	0.10521	0.08123	0.05983	0.02647	0.10727	0.13630	0.00653	0.01526	0.00126	0.00405	0.06128	0.00304	0.07428
13	0.02872	0.02272	0.01083	0.02840	0.02407	0.26765	0.08151	0.06050	0.34600	0.05239	0.03136	0.01115	0.00875	0.00449	0.00374	0.00116	0.00461	0.00363	0.00300	0.00532
14	0.00725	0.00690	0.01171	0.80430	0.02540	0.00857	0.03509	0.00975	0.00757	0.00975	0.00671	0.01005	0.00507	0.00387	0.00410	0.00128	0.03331	0.00340	0.00169	0.00424
15	0.00530	0.00395	0.00557	0.00562	0.00624	0.00438	0.00422	0.00641	0.00631	0.00881	0.01337	0.07510	0.07804	0.12592	0.62696	0.00511	0.00818	0.00501	0.00228	0.00322
16	0.00890	0.04414	0.11674	0.00923	0.02412	0.11521	0.00805	0.06721	0.00771	0.01049	0.00672	0.00963	0.00606	0.03283	0.15047	0.00224	0.37066	0.00329	0.00192	0.00440
17	0.00466	0.00351	0.00433	0.00491	0.00548	0.00317	0.00343	0.00549	0.00784	0.01013	0.06127	0.57376	0.25144	0.01103	0.00474	0.00146	0.00214	0.03452	0.00355	0.00315
18	0.02151	0.00452	0.00526	0.00506	0.00624	0.01266	0.01611	0.02112	0.05640	0.04915	0.23180	0.19543	0.34302	0.00878	0.00443	0.00130	0.00224	0.00758	0.00370	0.00369
19	0.00833	0.00729	0.01113	0.20700	0.29704	0.02417	0.01958	0.08147	0.00890	0.02389	0.02238	0.07923	0.00948	0.00798	0.10830	0.00185	0.00505	0.06976	0.00235	0.00481
20	0.01040	0.60785	0.08160	0.00723	0.01033	0.05125	0.00711	0.05528	0.00846	0.04717	0.00694	0.00768	0.02790	0.00380	0.00333	0.00094	0.05330	0.00250	0.00194	0.00497
21	0.04681	0.00707	0.01166	0.70762	0.13507	0.00851	0.01040	0.01002	0.00767	0.01038	0.00673	0.00984	0.00514	0.00372	0.00372	0.00124	0.00489	0.00331	0.00174	0.00445
22	0.00522	0.00406	0.00520	0.00542	0.00597	0.00412	0.00391	0.00645	0.03025	0.01096	0.19102	0.44008	0.14218	0.02497	0.03184	0.00161	0.07141	0.00850	0.00345	0.00336
23	0.00803	0.00599	0.00762	0.00702	0.00839	0.00623	0.04172	0.23332	0.01051	0.02790	0.01701	0.35329	0.06315	0.00978	0.04764	0.00166	0.01847	0.12459	0.00343	0.00425
24	0.00741	0.00699	0.01182	0.76452	0.11727	0.00849	0.01066	0.00991	0.00770	0.00999	0.00678	0.01003	0.00516	0.00375	0.00379	0.00125	0.00499	0.00337	0.00171	0.00441
25	0.01338	0.07273	0.01192	0.00981	0.01187	0.69106	0.04381	0.03940	0.01043	0.00983	0.00596	0.00708	0.00498	0.00399	0.00387	0.00102	0.04980	0.00258	0.00197	0.00451
26	0.00913	0.17380	0.52687	0.00994	0.01461	0.03628	0.05629	0.07801	0.00895	0.03225	0.00692	0.00794	0.00512	0.00362	0.00344	0.00111	0.00520	0.00281	0.00189	0.01583
27	0.01102	0.06830	0.04557	0.00853	0.01770	0.34517	0.03062	0.09241	0.08934	0.03175	0.06841	0.04825	0.03153	0.03156	0.00440	0.00122	0.02170	0.04518	0.00269	0.00466

[dist]
# distance from previous block
# <min> <max>
4	40

[block]
# block no. 7 follows, 72 sequences, length 12
# corresponding to MSA columns:
# 468-479
name=unknown_H
#
# <colnr> <probs for GDERKNQSTAVLIFYWHMCP>
#	G	D	E	R	K	N	Q	S	T	A	V	L	I	F	Y	W	H	M	C	P
0	0.00471	0.00381	0.00405	0.00412	0.00515	0.00330	0.00299	0.00561	0.00833	0.01021	0.08041	0.08797	0.62516	0.10554	0.00619	0.00157	0.00217	0.03215	0.00342	0.00312
1	0.00962	0.00858	0.00863	0.00776	0.00981	0.06655	0.00604	0.05163	0.67734	0.01515	0.01409	0.01351	0.01074	0.00698	0.07463	0.00166	0.00391	0.00411	0.00357	0.00569
2	0.00928	0.00772	0.01110	0.02266	0.04757	0.00764	0.15357	0.23525	0.01075	0.02601	0.02213	0.17488	0.01072	0.00610	0.02145	0.00127	0.02003	0.03400	0.00292	0.17496
3	0.00511	0.00396	0.00417	0.00406	0.00537	0.00334	0.00306	0.00617	0.00894	0.04719	0.11251	0.03470	0.72977	0.00922	0.00445	0.00127	0.00197	0.00771	0.00363	0.00338
4	0.00965	0.00899	0.01478	0.07989	0.71702	0.00920	0.01119	0.07988	0.00933	0.01316	0.00727	0.00941	0.00598	0.00351	0.00376	0.00114	0.00452	0.00338	0.00202	0.00592
5	0.01313	0.11168	0.01183	0.00930	0.01131	0.60877	0.00727	0.07085	0.03090	0.01040	0.00618	0.00721	0.00516	0.00414	0.00410	0.00103	0.07747	0.00258	0.00207	0.00461
6	0.00478	0.00345	0.00455	0.00530	0.00567	0.00322	0.00369	0.00562	0.00770	0.01025	0.08247	0.69641	0.06880	0.01135	0.00482	0.00152	0.00225	0.07143	0.00357	0.00315
7	0.00459	0.00341	0.00429	0.00499	0.00542	0.00310	0.00339	0.00531	0.00754	0.00980	0.02444	0.69697	0.19007	0.01142	0.00477	0.00149	0.00214	0.01022	0.00352	0.00310
8	0.89350	0.00733	0.00557	0.00499	0.00733	0.00851	0.00411	0.01115	0.00645	0.01702	0.00528	0.00616	0.00411	0.00352	0.00235	0.00117	0.00293	0.00205	0.00235	0.00411
9	0.00763	0.00751	0.01171	0.75560	0.02458	0.05316	0.03673	0.01004	0.00773	0.00973	0.00666	0.00988	0.00507	0.00388	0.00410	0.00126	0.03543	0.00336	0.00171	0.00425
10	0.01083	0.29653	0.05556	0.00888	0.01127	0.31943	0.06423	0.01222	0.00859	0.00944	0.00611	0.00770	0.00533	0.00595	0.07493	0.00145	0.09251	0.00269	0.00180	0.00455
11	0.64255	0.00990	0.14285	0.00682	0.03552	0.05177	0.00618	0.01179	0.00717	0.04787	0.00599	0.00686	0.00453	0.00359	0.00271	0.00117	0.00363	0.00231	0.00228	0.00452

[dist]
# distance from previous block
# <min> <max>
0	1

[block]
# block no. 8 follows, 72 sequences, length 11
# corresponding to MSA columns:
# 481-491
name=unknown_I
#
# <colnr> <probs for GDERKNQSTAVLIFYWHMCP>
#	G	D	E	R	K	N	Q	S	T	A	V	L	I	F	Y	W	H	M	C	P
0	0.01033	0.01125	0.06507	0.19754	0.09504	0.24301	0.03104	0.11650	0.02279	0.02597	0.06489	0.04751	0.00844	0.00456	0.00397	0.00115	0.02523	0.00368	0.00239	0.01965
1	0.00562	0.00367	0.00410	0.00410	0.00415	0.00367	0.00232	0.00573	0.00568	0.00780	0.01198	0.02412	0.01352	0.80994	0.01821	0.00349	0.00355	0.00538	0.06060	0.00238
2	0.00565	0.00422	0.00512	0.00551	0.00619	0.00420	0.00392	0.02714	0.10723	0.01118	0.06693	0.51578	0.08800	0.05817	0.00543	0.00158	0.00244	0.05496	0.02280	0.00354
3	0.00458	0.00347	0.00423	0.00484	0.00539	0.00312	0.00332	0.00533	0.00768	0.00985	0.02626	0.61092	0.27494	0.01118	0.00473	0.00146	0.00211	0.00993	0.00352	0.00312
4	0.00525	0.00355	0.00428	0.00468	0.00494	0.00343	0.00304	0.00580	0.00672	0.00919	0.01723	0.37354	0.05472	0.36433	0.01064	0.00237	0.00282	0.04531	0.07534	0.00282
5	0.89350	0.00733	0.00557	0.00499	0.00733	0.00851	0.00411	0.01115	0.00645	0.01702	0.00528	0.00616	0.00411	0.00352	0.00235	0.00117	0.00293	0.00205	0.00235	0.00411
6	0.00507	0.00378	0.00499	0.00559	0.00606	0.00370	0.00410	0.00604	0.00785	0.01042	0.08534	0.54966	0.09828	0.01090	0.00516	0.00153	0.03733	0.14747	0.00349	0.00324
7	0.00474	0.00347	0.00439	0.00500	0.00544	0.00320	0.00343	0.00552	0.00768	0.01011	0.08483	0.61131	0.15142	0.05412	0.00549	0.00159	0.00223	0.02940	0.00351	0.00311
8	0.00933	0.03383	0.01036	0.23555	0.09009	0.03233	0.00766	0.17672	0.20048	0.01447	0.06489	0.04698	0.01003	0.02000	0.02959	0.00140	0.00417	0.00411	0.00289	0.00512
9	0.00817	0.00764	0.01274	0.10778	0.48080	0.00774	0.05768	0.01052	0.03601	0.01178	0.02516	0.11116	0.02549	0.00546	0.02603	0.00133	0.00432	0.02299	0.00224	0.03495
10	0.11348	0.04916	0.01000	0.00855	0.01059	0.56571	0.00659	0.08402	0.01057	0.01166	0.03055	0.02858	0.02673	0.00447	0.00342	0.00105	0.00561	0.02248	0.00232	0.00446

[dist]
# distance from previous block
# <min> <max>
0	1

[block]
# block no. 9 follows, 72 sequences, length 19
# corresponding to MSA columns:
# 493-511
name=unknown_J
#
# <colnr> <probs for GDERKNQSTAVLIFYWHMCP>
#	G	D	E	R	K	N	Q	S	T	A	V	L	I	F	Y	W	H	M	C	P
0	0.01039	0.04930	0.09278	0.08480	0.28639	0.20018	0.00916	0.06500	0.02961	0.04237	0.00799	0.02239	0.00673	0.04589	0.01779	0.00132	0.00506	0.01552	0.00219	0.00515
1	0.66503	0.13187	0.00872	0.00602	0.00853	0.07082	0.03991	0.01151	0.00705	0.01508	0.00542	0.00637	0.00434	0.00350	0.00253	0.00111	0.00353	0.00218	0.00220	0.00428
2	0.06379	0.09280	0.14321	0.03057	0.05726	0.32164	0.02618	0.04116	0.00931	0.01123	0.05337	0.07517	0.01686	0.02506	0.01559	0.00123	0.00516	0.00362	0.00221	0.00457
3	0.00624	0.00364	0.00514	0.00512	0.00542	0.00376	0.00358	0.00590	0.03041	0.00783	0.02289	0.02967	0.05613	0.05224	0.17046	0.56455	0.00444	0.00403	0.01625	0.00231
4	0.00885	0.00694	0.00963	0.00780	0.00974	0.01554	0.14604	0.17406	0.07105	0.04613	0.03962	0.03141	0.16433	0.00744	0.04199	0.08508	0.03442	0.00478	0.09068	0.00446
5	0.00500	0.00346	0.00453	0.00526	0.00565	0.00319	0.00360	0.00573	0.00750	0.03366	0.02199	0.75882	0.08424	0.01147	0.00480	0.00152	0.00224	0.03059	0.00355	0.00320
6	0.00809	0.01605	0.53816	0.01192	0.01655	0.03712	0.23286	0.01180	0.00826	0.01178	0.00752	0.04283	0.00588	0.00393	0.00415	0.00124	0.03124	0.00358	0.00178	0.00529
7	0.01014	0.86900	0.01987	0.00649	0.00973	0.01501	0.00649	0.01136	0.00771	0.00892	0.00527	0.00608	0.00487	0.00324	0.00243	0.00081	0.00406	0.00203	0.00162	0.00487
8	0.01018	0.13666	0.06801	0.00702	0.01024	0.05327	0.00619	0.12118	0.05005	0.07678	0.00781	0.00842	0.00609	0.00356	0.00330	0.00085	0.02180	0.00266	0.00255	0.40340
9	0.01297	0.00990	0.01057	0.00843	0.01121	0.01108	0.00686	0.59472	0.25588	0.02156	0.01095	0.01057	0.00794	0.00473	0.00381	0.00118	0.00383	0.00367	0.00381	0.00632
10	0.56346	0.30666	0.01069	0.00561	0.00828	0.01085	0.00502	0.03291	0.00719	0.01439	0.00538	0.00621	0.00443	0.00345	0.00242	0.00105	0.00336	0.00208	0.00213	0.00443
11	0.01018	0.02356	0.01053	0.09568	0.11544	0.02819	0.02169	0.23879	0.09814	0.06151	0.04092	0.04063	0.03422	0.00722	0.08309	0.00168	0.06761	0.00406	0.01165	0.00522
12	0.00479	0.00393	0.00423	0.00419	0.00536	0.00342	0.00313	0.00614	0.02892	0.01136	0.19906	0.07037	0.62340	0.00922	0.00448	0.00127	0.00193	0.00780	0.00366	0.00334
13	0.00767	0.05184	0.53340	0.04529	0.07865	0.00856	0.09204	0.01129	0.02017	0.01166	0.00902	0.07147	0.03356	0.00436	0.00378	0.00122	0.00511	0.00377	0.00189	0.00525
14	0.00464	0.00343	0.00433	0.00498	0.00544	0.00313	0.00340	0.00541	0.00771	0.01009	0.06872	0.66424	0.17816	0.01123	0.00475	0.00147	0.00213	0.01005	0.00356	0.00313
15	0.01021	0.38072	0.15166	0.00848	0.02602	0.22753	0.03430	0.01197	0.00872	0.00996	0.03312	0.00926	0.05449	0.00402	0.00328	0.00099	0.01576	0.00287	0.00191	0.00475
16	0.00471	0.00358	0.00423	0.00470	0.00532	0.00323	0.00327	0.00546	0.00767	0.00974	0.02655	0.44639	0.32755	0.09077	0.00607	0.00165	0.00228	0.04034	0.00341	0.00307
17	0.03757	0.14322	0.01236	0.03741	0.05152	0.05461	0.03485	0.36303	0.12414	0.06280	0.00954	0.01994	0.00734	0.00445	0.00359	0.00113	0.00413	0.01950	0.00314	0.00573
18	0.00983	0.01080	0.05745	0.04091	0.01756	0.07305	0.55701	0.06071	0.00945	0.04802	0.00773	0.00975	0.00579	0.00354	0.00448	0.00122	0.03602	0.00399	0.00213	0.04056

[dist]
# distance from previous block
# <min> <max>
4	7

[block]
# block no. 10 follows, 72 sequences, length 17
# corresponding to MSA columns:
# 519-535
name=unknown_K
#
# <colnr> <probs for GDERKNQSTAVLIFYWHMCP>
#	G	D	E	R	K	N	Q	S	T	A	V	L	I	F	Y	W	H	M	C	P
0	0.56593	0.13321	0.04197	0.00591	0.00834	0.07592	0.00516	0.02373	0.00735	0.01465	0.00659	0.03318	0.00569	0.00403	0.00269	0.00113	0.00349	0.02839	0.02836	0.00427
1	0.08440	0.00726	0.00820	0.00705	0.00884	0.00809	0.00561	0.27055	0.11519	0.06321	0.06069	0.09880	0.01155	0.03335	0.08277	0.00178	0.06528	0.02327	0.03918	0.00493
2	0.00545	0.00394	0.00547	0.00547	0.00593	0.00440	0.00396	0.00637	0.00591	0.00834	0.01073	0.01808	0.01086	0.29729	0.58472	0.00532	0.00808	0.00453	0.00212	0.00304
3	0.00539	0.00389	0.00539	0.00545	0.00589	0.00430	0.00392	0.00629	0.00600	0.00843	0.01146	0.07832	0.01188	0.27809	0.54235	0.00505	0.00765	0.00498	0.00222	0.00304
4	0.03511	0.00531	0.00603	0.00544	0.00683	0.00545	0.00417	0.04116	0.16461	0.03422	0.32163	0.02151	0.11129	0.05207	0.00500	0.00130	0.02779	0.00540	0.10227	0.04343
5	0.00889	0.05322	0.09120	0.00682	0.01002	0.00693	0.01873	0.10808	0.05270	0.04404	0.02460	0.04071	0.01743	0.00458	0.02841	0.00100	0.00356	0.00315	0.00260	0.47334
6	0.89350	0.00733	0.00557	0.00499	0.00733	0.00851	0.00411	0.01115	0.00645	0.01702	0.00528	0.00616	0.00411	0.00352	0.00235	0.00117	0.00293	0.00205	0.00235	0.00411
7	0.00946	0.00824	0.06699	0.00681	0.00865	0.12415	0.02987	0.13325	0.01006	0.04781	0.01188	0.01699	0.01028	0.02453	0.00392	0.00119	0.00365	0.14532	0.33258	0.00437
8	0.00526	0.00386	0.00454	0.00471	0.00529	0.00370	0.00328	0.00614	0.02097	0.00956	0.07547	0.12826	0.23106	0.33977	0.04549	0.00248	0.00316	0.10103	0.00303	0.00295
9	0.00514	0.00369	0.00473	0.00481	0.00554	0.00340	0.00348	0.00653	0.00947	0.01318	0.51343	0.27326	0.09336	0.00900	0.00452	0.00129	0.00192	0.00799	0.03185	0.00340
10	0.00477	0.00366	0.00436	0.00481	0.00547	0.00334	0.00335	0.00586	0.03148	0.01028	0.07014	0.49828	0.29780	0.03165	0.00503	0.00148	0.00214	0.00933	0.00354	0.00321
11	0.00826	0.00430	0.00526	0.00484	0.00610	0.00400	0.00369	0.00998	0.02418	0.18270	0.26291	0.11514	0.04768	0.00651	0.00376	0.00113	0.00215	0.00557	0.29771	0.00412
12	0.00860	0.23435	0.47323	0.01064	0.09545	0.04756	0.01108	0.01167	0.00801	0.01097	0.00658	0.00796	0.00519	0.00480	0.04750	0.00134	0.00539	0.00271	0.00167	0.00529
13	0.89350	0.00733	0.00557	0.00499	0.00733	0.00851	0.00411	0.01115	0.00645	0.01702	0.00528	0.00616	0.00411	0.00352	0.00235	0.00117	0.00293	0.00205	0.00235	0.00411
14	0.00503	0.00418	0.00463	0.04212	0.00637	0.00384	0.00349	0.00665	0.05450	0.01099	0.13158	0.08078	0.58103	0.04182	0.00500	0.00138	0.00219	0.00752	0.00349	0.00341
15	0.00567	0.00438	0.00642	0.00623	0.00702	0.00505	0.00488	0.00702	0.00618	0.00900	0.00976	0.01426	0.00909	0.02619	0.77228	0.00562	0.04538	0.00394	0.00203	0.04961
16	0.00994	0.00714	0.00810	0.00690	0.00862	0.00774	0.00537	0.39041	0.03067	0.03634	0.01234	0.08340	0.03408	0.17664	0.12659	0.00240	0.00462	0.04075	0.00324	0.00471

[dist]
# distance from previous block
# <min> <max>
3	16

[block]
# block no. 11 follows, 72 sequences, length 18
# corresponding to MSA columns:
# 553-570
name=unknown_L
#
# <colnr> <probs for GDERKNQSTAVLIFYWHMCP>
#	G	D	E	R	K	N	Q	S	T	A	V	L	I	F	Y	W	H	M	C	P
0	0.00546	0.00365	0.00415	0.00421	0.00422	0.00364	0.00238	0.00550	0.00563	0.00750	0.01252	0.07874	0.01451	0.81181	0.01837	0.00354	0.00358	0.00585	0.00238	0.00235
1	0.00719	0.00662	0.01026	0.07433	0.01074	0.00810	0.09751	0.00855	0.00684	0.02140	0.04876	0.04235	0.05207	0.04613	0.19730	0.00261	0.34882	0.00438	0.00212	0.00394
2	0.00601	0.00399	0.00514	0.00478	0.00579	0.00366	0.00361	0.00776	0.01053	0.05650	0.73273	0.02706	0.05703	0.00748	0.00435	0.00118	0.00186	0.00657	0.05027	0.00371
3	0.06260	0.00847	0.00991	0.03943	0.10530	0.02057	0.00682	0.30791	0.15832	0.13640	0.01227	0.06730	0.03750	0.00510	0.00381	0.00120	0.00366	0.00417	0.00351	0.00575
4	0.02730	0.00975	0.00960	0.00805	0.01025	0.11683	0.00641	0.39278	0.16042	0.01766	0.05488	0.04031	0.00960	0.00742	0.08902	0.00167	0.02537	0.00392	0.00333	0.00544
5	0.00574	0.00405	0.00489	0.00504	0.00614	0.00364	0.00395	0.00697	0.00887	0.06169	0.12786	0.14722	0.39560	0.00959	0.00466	0.00140	0.00238	0.19314	0.00367	0.00349
6	0.26534	0.00743	0.00817	0.00695	0.00907	0.00832	0.02313	0.08782	0.20959	0.14811	0.03391	0.01155	0.02575	0.00641	0.06301	0.00158	0.07199	0.00355	0.00321	0.00509
7	0.00804	0.00783	0.01094	0.00918	0.00988	0.02996	0.07777	0.00942	0.04008	0.00967	0.00715	0.03517	0.00709	0.11982	0.01121	0.00178	0.53331	0.00386	0.00196	0.06586
8	0.00786	0.00674	0.00786	0.00562	0.00899	0.00506	0.00449	0.00955	0.00786	0.01236	0.00674	0.00786	0.00562	0.00281	0.00281	0.00056	0.00281	0.00225	0.00225	0.88990
9	0.00801	0.00718	0.00827	0.00668	0.03863	0.04208	0.02255	0.01024	0.06095	0.01234	0.02838	0.03902	0.04034	0.00373	0.00315	0.00074	0.00305	0.00310	0.00246	0.65913
10	0.28815	0.00778	0.00772	0.00635	0.00887	0.07351	0.00514	0.06528	0.04222	0.33452	0.03900	0.01047	0.00803	0.00428	0.00325	0.00112	0.00334	0.00317	0.03756	0.05027
11	0.00761	0.01962	0.84707	0.01081	0.01641	0.00881	0.01401	0.01201	0.00801	0.01201	0.00681	0.00801	0.00480	0.00360	0.00360	0.00120	0.00560	0.00280	0.00160	0.00560
12	0.00838	0.02205	0.03278	0.46973	0.19325	0.00834	0.00964	0.06089	0.00848	0.03195	0.00734	0.01019	0.00580	0.03513	0.00424	0.00124	0.00460	0.00333	0.00200	0.08064
