[name]
unknown

[dist]
# distance from previous block
# <min> <max>
3	77

[block]
# block no. 0 follows, 68 sequences, length 20
# corresponding to MSA columns:
# 91-110
name=unknown_A
#
# <colnr> <probs for GDERKNQSTAVLIFYWHMCP>
#	G	D	E	R	K	N	Q	S	T	A	V	L	I	F	Y	W	H	M	C	P
0	0.01132	0.10528	0.13150	0.00922	0.01213	0.23602	0.06483	0.08256	0.06686	0.07147	0.03977	0.06479	0.02241	0.00491	0.00399	0.00116	0.02300	0.00387	0.00268	0.04226
1	0.04574	0.04239	0.23463	0.01113	0.09091	0.03865	0.09973	0.12001	0.09325	0.09904	0.04243	0.03348	0.02160	0.00460	0.00394	0.00124	0.00468	0.00393	0.00284	0.00576
2	0.02102	0.02223	0.02854	0.03223	0.03266	0.04740	0.03528	0.16424	0.09476	0.08443	0.10351	0.04597	0.09401	0.01795	0.00473	0.04035	0.00361	0.00465	0.00334	0.11909
3	0.03704	0.01004	0.05733	0.03860	0.13778	0.10838	0.06503	0.04065	0.05634	0.02643	0.05740	0.02750	0.07194	0.00565	0.00654	0.00137	0.24042	0.00418	0.00245	0.00493
4	0.00931	0.03980	0.07706	0.02883	0.08869	0.00890	0.03062	0.11495	0.31311	0.01524	0.04459	0.05135	0.08440	0.01777	0.00443	0.00131	0.01935	0.00473	0.02193	0.02363
5	0.00614	0.00450	0.00578	0.00551	0.00652	0.00422	0.02873	0.04895	0.00973	0.03307	0.31417	0.24907	0.17890	0.07909	0.00600	0.00157	0.00248	0.00803	0.00381	0.00370
6	0.00972	0.07429	0.18666	0.00873	0.02264	0.04009	0.05369	0.12102	0.10517	0.07447	0.16850	0.05351	0.03901	0.00560	0.00421	0.00124	0.01827	0.00467	0.00319	0.00533
7	0.00478	0.00377	0.00432	0.00472	0.00555	0.00330	0.00333	0.00568	0.00847	0.01063	0.05973	0.40016	0.44946	0.01103	0.00485	0.00146	0.00213	0.00961	0.00371	0.00330
8	0.04458	0.03966	0.03294	0.02231	0.09399	0.04287	0.00623	0.06834	0.03857	0.03494	0.00896	0.08333	0.00793	0.00423	0.00340	0.00091	0.00353	0.00349	0.00261	0.45719
9	0.05992	0.00851	0.06676	0.02735	0.08968	0.00728	0.11933	0.04851	0.00959	0.19859	0.02518	0.02451	0.02204	0.00491	0.01405	0.00122	0.01875	0.05407	0.00300	0.19675
10	0.49276	0.00891	0.04428	0.03042	0.07668	0.07918	0.02706	0.03159	0.00787	0.03746	0.00773	0.05459	0.00684	0.07451	0.00450	0.00145	0.00389	0.00330	0.00248	0.00450
11	0.01198	0.02887	0.06077	0.03101	0.05085	0.08348	0.11010	0.28338	0.11327	0.06594	0.00968	0.01056	0.00727	0.00572	0.04323	0.00148	0.05616	0.00371	0.01673	0.00582
12	0.00796	0.04970	0.73005	0.01109	0.01651	0.00919	0.05269	0.01220	0.00840	0.01234	0.00816	0.03494	0.02111	0.00411	0.00382	0.00126	0.00566	0.00334	0.00179	0.00568
13	0.00689	0.00344	0.00517	0.00517	0.00517	0.00344	0.00344	0.00517	0.00517	0.00689	0.00689	0.01205	0.00689	0.01377	0.01550	0.88464	0.00344	0.00344	0.00172	0.00172
14	0.00806	0.00778	0.01223	0.58220	0.14086	0.03987	0.03963	0.01073	0.03291	0.01075	0.00895	0.01212	0.04087	0.03158	0.00452	0.00137	0.00507	0.00384	0.00198	0.00466
15	0.00570	0.00406	0.00487	0.00468	0.00551	0.00375	0.00331	0.00687	0.00919	0.03030	0.39518	0.02996	0.22075	0.22323	0.03391	0.00208	0.00270	0.00695	0.00365	0.00337
16	0.02710	0.13685	0.51504	0.05874	0.08165	0.01024	0.07427	0.01222	0.00835	0.01205	0.00691	0.00847	0.00521	0.00374	0.00386	0.00121	0.02373	0.00302	0.00175	0.00560
17	0.00577	0.00437	0.00551	0.03075	0.00681	0.00412	0.00403	0.02199	0.03390	0.01401	0.48212	0.18977	0.13631	0.00877	0.00464	0.00131	0.00219	0.00772	0.00398	0.03192
18	0.08466	0.03327	0.00964	0.04310	0.05364	0.03602	0.01952	0.08520	0.00933	0.05278	0.00773	0.02138	0.00626	0.00354	0.00321	0.00084	0.00353	0.00281	0.00257	0.52097
19	0.03196	0.00820	0.00984	0.04958	0.04429	0.07495	0.07708	0.16682	0.05048	0.11452	0.01207	0.05404	0.03605	0.21369	0.00796	0.00186	0.00429	0.00464	0.00307	0.03459

[dist]
# distance from previous block
# <min> <max>
5	20

[block]
# block no. 1 follows, 68 sequences, length 25
# corresponding to MSA columns:
# 132-156
name=unknown_B
#
# <colnr> <probs for GDERKNQSTAVLIFYWHMCP>
#	G	D	E	R	K	N	Q	S	T	A	V	L	I	F	Y	W	H	M	C	P
0	0.00507	0.00382	0.00455	0.00478	0.00551	0.00345	0.00334	0.00607	0.00873	0.01143	0.22070	0.30444	0.28881	0.10310	0.00650	0.00168	0.00227	0.00875	0.00371	0.00330
1	0.00946	0.00922	0.02681	0.09819	0.53325	0.02770	0.03311	0.01328	0.14217	0.01325	0.03528	0.01169	0.02058	0.00413	0.00399	0.00123	0.00451	0.00387	0.00238	0.00591
2	0.00534	0.00410	0.00534	0.00518	0.00615	0.00371	0.02506	0.00681	0.00994	0.01346	0.46624	0.19934	0.21600	0.00930	0.00476	0.00134	0.00212	0.00821	0.00401	0.00359
3	0.00771	0.00736	0.04326	0.02552	0.18692	0.02846	0.03416	0.02794	0.14814	0.01329	0.14821	0.20661	0.08178	0.00718	0.00450	0.00134	0.01317	0.00639	0.00325	0.00481
4	0.01072	0.08355	0.23783	0.01006	0.05236	0.02884	0.03379	0.25631	0.04898	0.04015	0.00901	0.02807	0.00715	0.02343	0.07304	0.00170	0.04300	0.00360	0.00270	0.00570
5	0.88866	0.00767	0.00583	0.00521	0.00767	0.00889	0.00429	0.01166	0.00675	0.01779	0.00552	0.00644	0.00429	0.00368	0.00245	0.00123	0.00307	0.00215	0.00245	0.00429
6	0.00669	0.00637	0.03775	0.00560	0.00724	0.04861	0.00447	0.04585	0.12440	0.01259	0.10661	0.04356	0.47394	0.04049	0.00507	0.00141	0.00277	0.01892	0.00360	0.00408
7	0.08788	0.00641	0.00810	0.00651	0.00906	0.00592	0.00528	0.05264	0.01091	0.56270	0.09333	0.05513	0.01268	0.00545	0.00390	0.00123	0.00310	0.00445	0.05943	0.00589
8	0.00795	0.02051	0.84011	0.01130	0.01716	0.00921	0.01465	0.01256	0.00837	0.01256	0.00712	0.00837	0.00502	0.00377	0.00377	0.00126	0.00586	0.00293	0.00167	0.00586
9	0.00490	0.00399	0.00436	0.00452	0.00567	0.00345	0.00341	0.00598	0.00900	0.01104	0.08404	0.13817	0.62223	0.01029	0.00480	0.00141	0.00217	0.07347	0.00372	0.00338
10	0.00693	0.00584	0.00527	0.00519	0.00548	0.11681	0.00318	0.00710	0.00661	0.00810	0.01219	0.07280	0.01386	0.69521	0.01705	0.00333	0.00420	0.00566	0.00243	0.00275
11	0.88866	0.00767	0.00583	0.00521	0.00767	0.00889	0.00429	0.01166	0.00675	0.01779	0.00552	0.00644	0.00429	0.00368	0.00245	0.00123	0.00307	0.00215	0.00245	0.00429
12	0.00954	0.00809	0.00860	0.00770	0.00984	0.00921	0.00599	0.05561	0.69192	0.01668	0.08501	0.01670	0.04603	0.00576	0.00411	0.00133	0.00304	0.00482	0.00405	0.00597
13	0.00807	0.05867	0.80300	0.01110	0.01684	0.00950	0.01429	0.01253	0.00836	0.01241	0.00704	0.00828	0.00503	0.00375	0.00371	0.00124	0.00579	0.00289	0.00168	0.00582
14	0.00483	0.00347	0.00458	0.00546	0.00574	0.00323	0.00366	0.00553	0.00765	0.01014	0.02254	0.82721	0.05664	0.01233	0.00505	0.00160	0.00229	0.01116	0.00368	0.00323
15	0.01453	0.00768	0.00943	0.00716	0.01034	0.00702	0.00586	0.16253	0.04374	0.44668	0.01234	0.01147	0.00833	0.00439	0.00371	0.00106	0.00343	0.00351	0.00404	0.23273
16	0.01108	0.01239	0.00975	0.02243	0.02518	0.41596	0.03701	0.06057	0.02022	0.01180	0.07731	0.13143	0.04921	0.00577	0.00394	0.00113	0.00508	0.00460	0.00270	0.09245
17	0.12856	0.29343	0.06705	0.00833	0.01119	0.35073	0.00729	0.03357	0.00960	0.04850	0.00642	0.00722	0.00524	0.00384	0.00313	0.00102	0.00534	0.00247	0.00214	0.00495
18	0.00670	0.01622	0.01810	0.01713	0.02959	0.00527	0.03407	0.00969	0.11844	0.03122	0.36414	0.04742	0.18547	0.00809	0.01522	0.00138	0.00274	0.06454	0.00381	0.02077
19	0.00915	0.12314	0.46192	0.00979	0.01438	0.02510	0.03967	0.04720	0.06816	0.02991	0.00782	0.00878	0.00586	0.00384	0.00371	0.00113	0.01790	0.00298	0.00212	0.11746
20	0.00548	0.00411	0.00571	0.00576	0.00646	0.00447	0.00433	0.00668	0.00693	0.00957	0.04570	0.08281	0.11947	0.10138	0.56675	0.00494	0.00794	0.00555	0.00255	0.00339
21	0.00950	0.00897	0.05630	0.05784	0.04423	0.01755	0.11162	0.11946	0.29124	0.02521	0.07140	0.06745	0.02624	0.00576	0.00460	0.00135	0.03691	0.03555	0.00331	0.00548
22	0.00554	0.00378	0.00436	0.00454	0.00464	0.00371	0.00267	0.00572	0.00625	0.00828	0.01547	0.18264	0.05282	0.66393	0.01666	0.00331	0.00347	0.00691	0.00270	0.00260
23	0.03385	0.01028	0.01479	0.07624	0.08210	0.07963	0.26437	0.16205	0.16827	0.01530	0.00960	0.01093	0.00729	0.00469	0.01723	0.01347	0.00520	0.00398	0.01513	0.00559
24	0.52938	0.04465	0.02788	0.00655	0.00905	0.15192	0.00542	0.07027	0.00866	0.03149	0.00675	0.02088	0.00540	0.00400	0.00289	0.00115	0.00391	0.00259	0.03942	0.02775

[dist]
# distance from previous block
# <min> <max>
1	3

[block]
# block no. 2 follows, 68 sequences, length 6
# corresponding to MSA columns:
# 160-165
name=unknown_C
#
# <colnr> <probs for GDERKNQSTAVLIFYWHMCP>
#	G	D	E	R	K	N	Q	S	T	A	V	L	I	F	Y	W	H	M	C	P
0	0.03312	0.00551	0.00633	0.00590	0.00713	0.00567	0.00439	0.11299	0.07863	0.06568	0.06416	0.12893	0.11294	0.20870	0.06251	0.00227	0.00363	0.05437	0.03304	0.00410
1	0.03220	0.00792	0.00871	0.00705	0.00949	0.05505	0.00566	0.22327	0.03623	0.30602	0.03892	0.01297	0.00965	0.02991	0.03758	0.00142	0.00384	0.00384	0.13487	0.03542
2	0.00510	0.00393	0.00457	0.00470	0.00561	0.00352	0.00342	0.00621	0.00902	0.01162	0.21959	0.18424	0.39249	0.08127	0.00609	0.00160	0.00226	0.04767	0.00373	0.00335
3	0.00697	0.00497	0.00667	0.03695	0.00769	0.00553	0.00483	0.07042	0.00754	0.04200	0.01197	0.10281	0.01201	0.21293	0.41258	0.00436	0.03832	0.00519	0.00257	0.00368
4	0.01489	0.00842	0.00987	0.00789	0.01077	0.00869	0.00642	0.23904	0.23560	0.39309	0.01411	0.01276	0.00960	0.00500	0.00399	0.00125	0.00358	0.00401	0.00441	0.00662
5	0.00639	0.00480	0.00610	0.00544	0.00663	0.00453	0.00405	0.00741	0.00837	0.01189	0.29076	0.02108	0.08598	0.10398	0.08576	0.11417	0.04677	0.00523	0.00302	0.17767

[dist]
# distance from previous block
# <min> <max>
13	33

[block]
# block no. 3 follows, 68 sequences, length 6
# corresponding to MSA columns:
# 199-204
name=unknown_D
#
# <colnr> <probs for GDERKNQSTAVLIFYWHMCP>
#	G	D	E	R	K	N	Q	S	T	A	V	L	I	F	Y	W	H	M	C	P
0	0.00705	0.00695	0.05093	0.00791	0.04720	0.05018	0.06304	0.00908	0.04220	0.01135	0.04358	0.13947	0.13160	0.01232	0.20197	0.00246	0.03702	0.00560	0.05107	0.07904
1	0.00857	0.05089	0.00893	0.05212	0.03307	0.00759	0.02876	0.17149	0.14730	0.01538	0.15371	0.09929	0.16211	0.00712	0.00433	0.00131	0.00323	0.03634	0.00361	0.00486
2	0.03492	0.04202	0.00772	0.00623	0.00815	0.00698	0.00499	0.23310	0.04721	0.04513	0.21273	0.04995	0.24598	0.00739	0.00431	0.00127	0.00290	0.03042	0.00386	0.00473
3	0.04755	0.09062	0.26604	0.00966	0.04241	0.04250	0.04903	0.18934	0.04334	0.05922	0.07057	0.01209	0.05109	0.00469	0.00382	0.00120	0.00459	0.00376	0.00282	0.00563
4	0.03389	0.09894	0.19447	0.01042	0.09380	0.05971	0.03019	0.10654	0.04491	0.09125	0.00822	0.00914	0.00625	0.00412	0.00425	0.00113	0.06701	0.00311	0.00253	0.13011
5	0.01210	0.23709	0.06946	0.01011	0.07797	0.30849	0.00804	0.07980	0.13707	0.01235	0.00796	0.00861	0.00640	0.00409	0.00345	0.00107	0.00526	0.00292	0.00238	0.00538

[dist]
# distance from previous block
# <min> <max>
0	1

[block]
# block no. 4 follows, 68 sequences, length 17
# corresponding to MSA columns:
# 206-222
name=unknown_E
#
# <colnr> <probs for GDERKNQSTAVLIFYWHMCP>
#	G	D	E	R	K	N	Q	S	T	A	V	L	I	F	Y	W	H	M	C	P
0	0.01070	0.00986	0.00913	0.00792	0.00993	0.22617	0.04025	0.06055	0.14507	0.07289	0.03414	0.01421	0.05912	0.01822	0.08482	0.00168	0.02414	0.01930	0.08502	0.06686
1	0.00761	0.00531	0.00723	0.00764	0.03436	0.00548	0.00612	0.04127	0.02771	0.07020	0.12732	0.10983	0.02165	0.00943	0.00557	0.00162	0.05787	0.44596	0.00368	0.00415
2	0.03027	0.07634	0.03066	0.01085	0.18760	0.06469	0.00727	0.07139	0.11618	0.03037	0.03808	0.04634	0.07954	0.00501	0.00409	0.00112	0.03705	0.00408	0.00278	0.15629
3	0.00975	0.00763	0.01153	0.00986	0.05194	0.03643	0.17346	0.06588	0.03543	0.13823	0.03816	0.04903	0.06186	0.03962	0.15152	0.00228	0.06544	0.02294	0.00295	0.02606
4	0.00566	0.00412	0.00550	0.00555	0.00640	0.00416	0.00420	0.00697	0.00819	0.02974	0.17944	0.13953	0.17391	0.03397	0.34269	0.00344	0.00560	0.03419	0.00319	0.00355
5	0.00689	0.00469	0.00648	0.00633	0.00734	0.00486	0.02265	0.00881	0.06479	0.08530	0.04849	0.23033	0.06504	0.04746	0.34034	0.00351	0.00594	0.03367	0.00314	0.00394
6	0.01464	0.01686	0.01097	0.03034	0.01232	0.69399	0.00751	0.04152	0.03053	0.08141	0.00738	0.00816	0.00580	0.00459	0.01614	0.00114	0.00665	0.00280	0.00239	0.00487
7	0.00537	0.00365	0.00478	0.00548	0.00586	0.00340	0.00372	0.00611	0.00777	0.03649	0.04131	0.70282	0.05167	0.07026	0.00606	0.00174	0.00246	0.03411	0.00365	0.00331
8	0.00990	0.00927	0.01199	0.01016	0.01068	0.04265	0.00842	0.10200	0.00784	0.03626	0.00604	0.00886	0.00551	0.00653	0.01137	0.00163	0.70063	0.00346	0.00209	0.00469
9	0.00592	0.00412	0.00491	0.00514	0.00543	0.00414	0.00335	0.02240	0.03577	0.00935	0.01573	0.23403	0.01795	0.51949	0.01409	0.00295	0.00343	0.08594	0.00293	0.00295
10	0.08416	0.00680	0.00955	0.00767	0.01022	0.00646	0.07548	0.05888	0.01027	0.47385	0.01381	0.07028	0.01040	0.00842	0.10780	0.00191	0.00452	0.02987	0.00395	0.00570
11	0.00484	0.00354	0.00452	0.00529	0.00565	0.00326	0.00355	0.00555	0.00771	0.01011	0.02384	0.72667	0.12756	0.04085	0.00553	0.00165	0.00232	0.01072	0.00364	0.00321
12	0.00789	0.08407	0.65576	0.01018	0.01505	0.00910	0.01255	0.01171	0.00822	0.01209	0.00839	0.08126	0.00702	0.00459	0.00399	0.00126	0.02735	0.00362	0.03042	0.00546
13	0.02644	0.01014	0.04303	0.07727	0.35921	0.08391	0.08849	0.10618	0.01045	0.07656	0.04460	0.03872	0.00833	0.00434	0.00402	0.00122	0.00483	0.00396	0.00257	0.00573
14	0.00700	0.00599	0.00981	0.01124	0.18973	0.00586	0.10251	0.00874	0.00852	0.01163	0.03179	0.21091	0.06306	0.03194	0.06373	0.00188	0.00424	0.19405	0.03311	0.00428
15	0.00795	0.00726	0.01180	0.75157	0.04785	0.00888	0.01061	0.05919	0.00871	0.01128	0.03270	0.01107	0.00639	0.00413	0.00399	0.00131	0.00511	0.00364	0.00198	0.00458
16	0.03699	0.03070	0.05468	0.03032	0.04843	0.05030	0.19967	0.06317	0.02038	0.06795	0.09102	0.09355	0.05125	0.00688	0.02838	0.00148	0.00457	0.09639	0.01909	0.00480

[dist]
# distance from previous block
# <min> <max>
0	27

[block]
# block no. 5 follows, 68 sequences, length 31
# corresponding to MSA columns:
# 250-280
name=unknown_F
#
# <colnr> <probs for GDERKNQSTAVLIFYWHMCP>
#	G	D	E	R	K	N	Q	S	T	A	V	L	I	F	Y	W	H	M	C	P
0	0.04517	0.03191	0.02245	0.02755	0.08321	0.01976	0.05835	0.05404	0.04082	0.06626	0.07906	0.05312	0.07472	0.29250	0.00946	0.00212	0.00377	0.00527	0.02630	0.00417
1	0.02368	0.11861	0.13063	0.11026	0.11671	0.09128	0.06700	0.05698	0.05077	0.03059	0.00988	0.08895	0.01953	0.00527	0.01498	0.00128	0.00485	0.02513	0.00240	0.03122
2	0.74605	0.02550	0.00641	0.00537	0.00786	0.00850	0.00443	0.01171	0.00718	0.05318	0.03078	0.00768	0.00571	0.00424	0.01614	0.00127	0.00318	0.00242	0.00259	0.04980
3	0.00822	0.00705	0.00822	0.00587	0.00940	0.00529	0.00470	0.00998	0.00822	0.01292	0.00705	0.00822	0.00587	0.00294	0.00294	0.00059	0.00294	0.00235	0.00235	0.88490
4	0.00813	0.00782	0.01240	0.62146	0.18086	0.04055	0.01080	0.01061	0.00829	0.01074	0.02344	0.01080	0.00622	0.00465	0.02631	0.00142	0.00532	0.00358	0.00187	0.00474
5	0.00580	0.00406	0.00513	0.00492	0.00590	0.00372	0.00369	0.00750	0.01059	0.03063	0.62725	0.07803	0.12247	0.00838	0.00460	0.00127	0.00197	0.02047	0.04991	0.00372
6	0.00509	0.00366	0.00487	0.00571	0.00610	0.00344	0.00406	0.00601	0.00803	0.01065	0.05813	0.67390	0.05451	0.01193	0.00509	0.00162	0.00247	0.12771	0.00371	0.00331
7	0.00497	0.00398	0.00443	0.00441	0.00555	0.00345	0.00327	0.00620	0.00956	0.01218	0.26960	0.09741	0.54171	0.00966	0.00471	0.00133	0.00199	0.00824	0.00388	0.00345
8	0.00543	0.00396	0.00486	0.00494	0.00586	0.00356	0.00362	0.00674	0.00961	0.03101	0.35629	0.24182	0.26819	0.00977	0.00478	0.00138	0.00210	0.02854	0.00398	0.00356
9	0.88866	0.00767	0.00583	0.00521	0.00767	0.00889	0.00429	0.01166	0.00675	0.01779	0.00552	0.00644	0.00429	0.00368	0.00245	0.00123	0.00307	0.00215	0.00245	0.00429
10	0.13602	0.11118	0.12600	0.00927	0.06390	0.19516	0.02179	0.08181	0.00974	0.03781	0.00697	0.00795	0.00549	0.00372	0.00329	0.00102	0.00476	0.00269	0.00231	0.16912
11	0.01104	0.03147	0.02726	0.15945	0.36721	0.00943	0.04067	0.14409	0.02274	0.10321	0.00868	0.01023	0.00658	0.00395	0.00390	0.00119	0.00460	0.00355	0.00260	0.03813
12	0.02517	0.20466	0.02848	0.02184	0.01179	0.15660	0.09476	0.14494	0.05318	0.07270	0.00868	0.01002	0.00691	0.03069	0.04147	0.00142	0.03013	0.00332	0.04800	0.00523
13	0.01315	0.00937	0.01014	0.00814	0.01083	0.01030	0.00660	0.50793	0.17926	0.07314	0.02798	0.02465	0.00923	0.00506	0.00390	0.00121	0.00374	0.00398	0.08513	0.00626
14	0.88866	0.00767	0.00583	0.00521	0.00767	0.00889	0.00429	0.01166	0.00675	0.01779	0.00552	0.00644	0.00429	0.00368	0.00245	0.00123	0.00307	0.00215	0.00245	0.00429
15	0.00970	0.00931	0.01589	0.06457	0.79657	0.00939	0.01211	0.01207	0.00897	0.01282	0.00744	0.00985	0.00623	0.00355	0.00393	0.00118	0.00474	0.00353	0.00195	0.00619
16	0.01106	0.00911	0.00964	0.00831	0.01077	0.01042	0.00656	0.20480	0.64308	0.01851	0.01462	0.01358	0.01087	0.00524	0.00402	0.00131	0.00342	0.00427	0.00402	0.00638
17	0.01415	0.00962	0.01062	0.00847	0.01137	0.01047	0.00689	0.46106	0.23679	0.16905	0.01241	0.01166	0.00875	0.00495	0.00399	0.00124	0.00385	0.00389	0.00415	0.00662
18	0.00493	0.00357	0.00468	0.00546	0.00583	0.00331	0.00374	0.00576	0.00797	0.01060	0.07538	0.72242	0.07804	0.01194	0.00503	0.00158	0.00230	0.04048	0.00372	0.00328
19	0.01362	0.00655	0.00797	0.00642	0.00879	0.00632	0.00520	0.15568	0.02500	0.41199	0.07720	0.01440	0.01154	0.00506	0.00373	0.00115	0.00304	0.00410	0.22651	0.00574
20	0.00924	0.00895	0.01492	0.24108	0.56539	0.02309	0.02814	0.01162	0.00868	0.01204	0.00726	0.00995	0.00596	0.00377	0.00425	0.00123	0.03332	0.00354	0.00190	0.00568
21	0.00736	0.00612	0.00648	0.00607	0.00780	0.00641	0.00467	0.01305	0.38235	0.02933	0.04169	0.04724	0.38309	0.00810	0.01469	0.00142	0.00269	0.02281	0.00386	0.00476
22	0.00483	0.00345	0.00460	0.00552	0.00575	0.00322	0.00368	0.00552	0.00759	0.01012	0.02185	0.85807	0.02622	0.01242	0.00506	0.00161	0.00230	0.01127	0.00368	0.00322
23	0.01034	0.00569	0.00654	0.00569	0.00738	0.00571	0.00445	0.14550	0.04052	0.17479	0.09133	0.09614	0.01372	0.00580	0.00365	0.00114	0.00265	0.00482	0.36930	0.00484
24	0.03850	0.01011	0.01118	0.00859	0.01172	0.01086	0.00710	0.63408	0.01681	0.19435	0.01069	0.01027	0.00732	0.00476	0.00393	0.00120	0.00412	0.00362	0.00412	0.00668
25	0.00566	0.00425	0.00637	0.00637	0.00708	0.00496	0.00496	0.00708	0.00637	0.00920	0.01062	0.01558	0.00991	0.02974	0.84494	0.00637	0.01062	0.00425	0.00212	0.00354
26	0.05795	0.00690	0.00903	0.00703	0.01002	0.00623	0.00578	0.01908	0.06383	0.74733	0.01520	0.01325	0.00970	0.00488	0.00392	0.00123	0.00334	0.00393	0.00474	0.00660
27	0.00762	0.00728	0.04929	0.00651	0.00797	0.10955	0.01959	0.03315	0.06381	0.04352	0.10435	0.26120	0.18190	0.03417	0.02454	0.00153	0.00345	0.00713	0.02934	0.00408
28	0.00964	0.00925	0.01579	0.08417	0.77740	0.00938	0.01208	0.01202	0.00895	0.01275	0.00743	0.00987	0.00621	0.00356	0.00393	0.00119	0.00475	0.00353	0.00195	0.00614
29	0.02171	0.00573	0.00673	0.00684	0.00797	0.03981	0.01562	0.05294	0.07130	0.01218	0.01860	0.05412	0.08244	0.11812	0.06141	0.00219	0.00409	0.39155	0.02278	0.00389
30	0.08059	0.27482	0.01474	0.11611	0.21248	0.10625	0.00853	0.06282	0.00927	0.01218	0.00753	0.01058	0.00663	0.00419	0.00345	0.00112	0.00469	0.05670	0.00214	0.00518

[dist]
# distance from previous block
# <min> <max>
0	3

[block]
# block no. 6 follows, 68 sequences, length 33
# corresponding to MSA columns:
# 284-300,302-317
name=unknown_G
#
# <colnr> <probs for GDERKNQSTAVLIFYWHMCP>
#	G	D	E	R	K	N	Q	S	T	A	V	L	I	F	Y	W	H	M	C	P
0	0.00831	0.00763	0.01103	0.25077	0.09447	0.04948	0.05413	0.07168	0.00835	0.01120	0.00835	0.01229	0.00729	0.06251	0.22808	0.00282	0.10119	0.00387	0.00211	0.00447
1	0.04203	0.00930	0.03922	0.01174	0.05215	0.04046	0.33160	0.06644	0.13463	0.01389	0.03455	0.05515	0.04308	0.02747	0.02897	0.00151	0.01354	0.01206	0.03707	0.00512
2	0.00822	0.00705	0.00822	0.00587	0.00940	0.00529	0.00470	0.00998	0.00822	0.01292	0.00705	0.00822	0.00587	0.00294	0.00294	0.00059	0.00294	0.00235	0.00235	0.88490
3	0.00556	0.00416	0.00528	0.00578	0.00659	0.00396	0.00445	0.00722	0.04009	0.01184	0.14585	0.31880	0.17204	0.01065	0.00502	0.00156	0.00261	0.24117	0.00379	0.00356
4	0.00552	0.00385	0.00504	0.00544	0.00589	0.00378	0.00380	0.00640	0.00767	0.02326	0.10833	0.39243	0.04756	0.18223	0.12342	0.00267	0.00380	0.06236	0.00331	0.00325
5	0.00529	0.00404	0.00486	0.00465	0.00573	0.00361	0.00349	0.00686	0.01047	0.01411	0.56004	0.03256	0.31232	0.00877	0.00468	0.00128	0.00192	0.00758	0.00413	0.00361
6	0.01484	0.01809	0.01130	0.01010	0.01226	0.75853	0.00765	0.09939	0.01200	0.01129	0.00648	0.00740	0.00528	0.00416	0.00362	0.00104	0.00686	0.00266	0.00224	0.00482
7	0.00484	0.00349	0.00459	0.00544	0.00574	0.00324	0.00365	0.00557	0.00774	0.01028	0.04059	0.79953	0.06623	0.01221	0.00503	0.00159	0.00228	0.01104	0.00370	0.00324
8	0.01261	0.42128	0.01623	0.00881	0.01157	0.41909	0.03666	0.01383	0.00965	0.00963	0.00590	0.00690	0.00513	0.00373	0.00312	0.00095	0.00575	0.00242	0.00188	0.00486
9	0.00863	0.00733	0.00843	0.00619	0.00959	0.00596	0.00495	0.04191	0.08239	0.01371	0.00796	0.00886	0.00647	0.00323	0.00307	0.00068	0.00301	0.00259	0.00256	0.77249
10	0.01008	0.00957	0.02702	0.17522	0.08811	0.04636	0.26885	0.08812	0.08546	0.06031	0.02585	0.03274	0.00779	0.00445	0.00472	0.00131	0.05187	0.00423	0.00256	0.00537
11	0.00884	0.17113	0.38004	0.01047	0.05145	0.01006	0.07377	0.06048	0.05953	0.01277	0.02439	0.09110	0.00836	0.00477	0.00391	0.00123	0.01602	0.00397	0.00224	0.00546
12	0.46378	0.00718	0.00673	0.00559	0.00811	0.00748	0.00452	0.07307	0.00853	0.06129	0.04596	0.00955	0.00732	0.01895	0.00319	0.00111	0.00301	0.00282	0.07716	0.18464
13	0.00749	0.00627	0.00770	0.00671	0.00818	0.06189	0.06930	0.00913	0.02054	0.07046	0.25393	0.02637	0.29183	0.00777	0.00535	0.00133	0.08501	0.03602	0.02064	0.00409
14	0.00566	0.00388	0.00473	0.00482	0.00497	0.00399	0.00300	0.00599	0.00605	0.00820	0.01303	0.10310	0.01470	0.62581	0.17184	0.00410	0.00496	0.00601	0.00247	0.00269
15	0.09622	0.00882	0.00975	0.00779	0.01057	0.00941	0.00635	0.36945	0.13801	0.22243	0.07046	0.01244	0.01027	0.00503	0.00389	0.00123	0.00363	0.00393	0.00409	0.00623
16	0.00690	0.00516	0.00620	0.00550	0.00735	0.00433	0.00420	0.00846	0.02410	0.05723	0.12293	0.21291	0.17360	0.00766	0.00418	0.00116	0.00254	0.04564	0.00340	0.29657
17	0.00915	0.00723	0.00846	0.00611	0.00958	0.00566	0.00491	0.05055	0.00893	0.06437	0.00770	0.00861	0.00616	0.00315	0.00305	0.00066	0.00303	0.00251	0.00259	0.78760
18	0.78759	0.00807	0.00653	0.00567	0.00820	0.00929	0.00467	0.10549	0.00812	0.01862	0.00598	0.00680	0.00458	0.00381	0.00263	0.00122	0.00322	0.00231	0.00263	0.00458
19	0.08470	0.00763	0.00903	0.00739	0.00959	0.02251	0.08388	0.22325	0.10256	0.06255	0.02798	0.01322	0.00937	0.01848	0.00383	0.00120	0.00346	0.02067	0.28356	0.00515
20	0.00497	0.00368	0.00465	0.00523	0.00580	0.00337	0.00367	0.00592	0.00841	0.01106	0.13082	0.55709	0.18555	0.01134	0.00495	0.00152	0.00224	0.04264	0.00377	0.00333
21	0.01165	0.00936	0.01011	0.00847	0.01092	0.01068	0.00678	0.32678	0.45146	0.01945	0.04216	0.01302	0.01063	0.00531	0.00445	0.00130	0.04311	0.00418	0.00391	0.00627
22	0.06379	0.00675	0.00889	0.00690	0.00983	0.00602	0.00568	0.03399	0.01124	0.73998	0.05367	0.01380	0.01076	0.00499	0.00394	0.00123	0.00331	0.00403	0.00473	0.00647
23	0.01119	0.00766	0.00862	0.00751	0.00981	0.00832	0.00590	0.01925	0.56105	0.20074	0.08885	0.01616	0.02587	0.00558	0.00409	0.00131	0.00306	0.00467	0.00425	0.00611
24	0.00913	0.00757	0.02329	0.00847	0.08965	0.00637	0.04374	0.04140	0.05762	0.06965	0.08064	0.01165	0.02348	0.00394	0.00348	0.00087	0.00332	0.00338	0.00281	0.50954
25	0.00496	0.00400	0.00437	0.00437	0.00552	0.00347	0.00325	0.00610	0.00928	0.01161	0.19230	0.07498	0.58993	0.04124	0.00529	0.00144	0.00211	0.02863	0.00377	0.00339
26	0.01370	0.01096	0.01106	0.00887	0.01162	0.08997	0.00719	0.60003	0.08527	0.02131	0.00987	0.01033	0.00735	0.00716	0.08509	0.00169	0.00513	0.00362	0.00361	0.00619
27	0.01042	0.74644	0.05379	0.00713	0.01046	0.01486	0.00711	0.02844	0.03855	0.01005	0.00614	0.00704	0.00547	0.00408	0.01905	0.00101	0.02061	0.00234	0.00184	0.00515
28	0.00746	0.00591	0.00628	0.00609	0.00743	0.04573	0.00465	0.12028	0.04893	0.03458	0.04561	0.24997	0.28144	0.02191	0.00490	0.00146	0.00295	0.09666	0.00369	0.00410
29	0.00513	0.00367	0.00461	0.00524	0.00558	0.00347	0.00353	0.00579	0.00745	0.00977	0.02157	0.53623	0.10369	0.19742	0.00836	0.00209	0.00271	0.06722	0.00340	0.00309
30	0.01087	0.66514	0.05074	0.00817	0.01156	0.10811	0.07541	0.01241	0.00853	0.00977	0.00585	0.00689	0.00517	0.00348	0.00288	0.00092	0.00483	0.00241	0.00176	0.00508
31	0.00655	0.00440	0.00554	0.00511	0.00638	0.00390	0.00385	0.00814	0.01035	0.08128	0.51335	0.10825	0.15480	0.00823	0.00455	0.00125	0.00212	0.00718	0.00411	0.06064
32	0.00860	0.01778	0.61494	0.01224	0.01751	0.00953	0.18059	0.04814	0.02931	0.01323	0.00763	0.00906	0.00548	0.00376	0.00397	0.00127	0.00590	0.00336	0.00190	0.00580

[dist]
# distance from previous block
# <min> <max>
0	2

[block]
# block no. 7 follows, 68 sequences, length 7
# corresponding to MSA columns:
# 320-326
name=unknown_H
#
# <colnr> <probs for GDERKNQSTAVLIFYWHMCP>
#	G	D	E	R	K	N	Q	S	T	A	V	L	I	F	Y	W	H	M	C	P
0	0.09318	0.05101	0.03133	0.00770	0.01021	0.14795	0.04043	0.14083	0.08318	0.04195	0.06081	0.01435	0.07765	0.04145	0.00442	0.00124	0.00413	0.02569	0.00300	0.11951
1	0.30439	0.00889	0.00899	0.02982	0.01044	0.09437	0.06924	0.06470	0.18411	0.04813	0.01195	0.02888	0.06290	0.00569	0.02617	0.00141	0.00407	0.02787	0.00302	0.00496
2	0.00616	0.00364	0.00511	0.00524	0.00549	0.00366	0.00359	0.00559	0.00604	0.00805	0.01265	0.13249	0.07865	0.07595	0.13792	0.49562	0.00427	0.00522	0.00226	0.00238
3	0.76179	0.00830	0.00645	0.00568	0.00816	0.06144	0.00463	0.01255	0.00741	0.08484	0.00639	0.00707	0.00480	0.00381	0.00265	0.00121	0.00335	0.00232	0.00263	0.00452
4	0.05792	0.07969	0.33414	0.01093	0.01483	0.00972	0.19682	0.08814	0.00916	0.01327	0.00832	0.05574	0.00702	0.04850	0.00521	0.00141	0.04784	0.00391	0.00216	0.00528
5	0.01334	0.01025	0.01093	0.00877	0.01164	0.01149	0.00712	0.55668	0.28748	0.02220	0.01172	0.01127	0.00852	0.00497	0.00399	0.00124	0.00396	0.00387	0.00399	0.00659
6	0.03581	0.00638	0.04669	0.00663	0.00840	0.00589	0.00550	0.04570	0.15106	0.09831	0.05263	0.15932	0.14732	0.00907	0.03975	0.00163	0.00337	0.14405	0.00367	0.02882

[dist]
# distance from previous block
# <min> <max>
8	10

[block]
# block no. 8 follows, 68 sequences, length 16
# corresponding to MSA columns:
# 339-354
name=unknown_I
#
# <colnr> <probs for GDERKNQSTAVLIFYWHMCP>
#	G	D	E	R	K	N	Q	S	T	A	V	L	I	F	Y	W	H	M	C	P
0	0.03353	0.01977	0.01110	0.00848	0.01156	0.06978	0.09645	0.19700	0.12741	0.04391	0.00953	0.01058	0.00740	0.00410	0.00363	0.00102	0.00405	0.01987	0.01351	0.30734
1	0.00910	0.00860	0.01469	0.02090	0.66268	0.00854	0.05380	0.01125	0.00885	0.01257	0.03969	0.06134	0.00910	0.05575	0.00504	0.00137	0.00452	0.00432	0.00218	0.00572
2	0.00884	0.01056	0.06939	0.01479	0.04243	0.03206	0.61604	0.01188	0.00935	0.01253	0.04133	0.03289	0.06941	0.00428	0.00458	0.00132	0.00596	0.00500	0.00224	0.00513
3	0.00794	0.00674	0.00791	0.00582	0.00907	0.00511	0.00461	0.00964	0.00828	0.01285	0.03526	0.05879	0.00811	0.00366	0.00312	0.00067	0.00286	0.00303	0.00249	0.80403
4	0.00567	0.00470	0.00530	0.00557	0.00637	0.03184	0.00405	0.00713	0.05094	0.01090	0.06555	0.38426	0.27555	0.02842	0.02600	0.00165	0.03434	0.04467	0.00354	0.00354
5	0.00697	0.00463	0.00586	0.00536	0.00657	0.00434	0.00407	0.05597	0.01133	0.07685	0.63125	0.07541	0.07989	0.00803	0.00461	0.00127	0.00216	0.00703	0.00430	0.00409
6	0.00916	0.00944	0.06449	0.06924	0.65870	0.00893	0.01154	0.01157	0.00866	0.01240	0.00772	0.01034	0.00650	0.00615	0.08665	0.00170	0.00539	0.00357	0.00195	0.00588
7	0.01089	0.01164	0.00899	0.00829	0.00980	0.38567	0.00630	0.06690	0.06531	0.01122	0.00934	0.05973	0.00837	0.01131	0.20394	0.04137	0.02915	0.00378	0.04366	0.00435
8	0.00573	0.00398	0.00499	0.00499	0.00524	0.00419	0.00324	0.00623	0.00612	0.00841	0.03672	0.02281	0.01370	0.57479	0.27790	0.00456	0.00591	0.00533	0.00237	0.00280
9	0.88866	0.00767	0.00583	0.00521	0.00767	0.00889	0.00429	0.01166	0.00675	0.01779	0.00552	0.00644	0.00429	0.00368	0.00245	0.00123	0.00307	0.00215	0.00245	0.00429
10	0.00606	0.00433	0.00539	0.00569	0.00613	0.00439	0.00393	0.06414	0.00789	0.01055	0.01741	0.43992	0.02007	0.26315	0.04120	0.00244	0.01909	0.07170	0.00323	0.00330
11	0.00864	0.08410	0.57561	0.00990	0.01465	0.02417	0.01181	0.03611	0.05992	0.03033	0.04261	0.02184	0.00744	0.00453	0.01475	0.00127	0.00520	0.00331	0.01670	0.02711
12	0.02062	0.10966	0.07170	0.07377	0.15817	0.11776	0.02593	0.21618	0.03666	0.03752	0.01709	0.02123	0.01869	0.00482	0.01140	0.00123	0.01803	0.03126	0.00268	0.00560
13	0.00588	0.00489	0.00550	0.02636	0.00678	0.00467	0.00385	0.00758	0.06645	0.01090	0.05215	0.04464	0.44691	0.14528	0.02581	0.00180	0.04259	0.00667	0.00322	0.08807
14	0.05869	0.06839	0.05318	0.07477	0.03883	0.09405	0.04549	0.16372	0.17786	0.11106	0.01005	0.01046	0.00744	0.00454	0.00421	0.00122	0.04581	0.00351	0.00308	0.02363
15	0.04274	0.27073	0.33833	0.02745	0.06896	0.02259	0.05783	0.03281	0.05379	0.03915	0.00747	0.00850	0.00575	0.00377	0.00344	0.00113	0.00498	0.00294	0.00205	0.00559

[dist]
# distance from previous block
# <min> <max>
0	1

[block]
# block no. 9 follows, 68 sequences, length 22
# corresponding to MSA columns:
# 356-377
name=unknown_J
#
# <colnr> <probs for GDERKNQSTAVLIFYWHMCP>
#	G	D	E	R	K	N	Q	S	T	A	V	L	I	F	Y	W	H	M	C	P
0	0.01481	0.01890	0.01124	0.01021	0.01226	0.84474	0.00766	0.01583	0.01124	0.00970	0.00613	0.00715	0.00511	0.00409	0.00358	0.00102	0.00715	0.00255	0.00204	0.00460
1	0.00706	0.01646	0.02086	0.23903	0.12048	0.00656	0.01810	0.03285	0.02720	0.01143	0.06866	0.23617	0.02894	0.05426	0.06652	0.00185	0.00431	0.00605	0.00270	0.03053
2	0.03265	0.20221	0.26021	0.02673	0.16210	0.02950	0.03566	0.04335	0.02300	0.01257	0.02612	0.00885	0.00632	0.00376	0.00359	0.00108	0.01633	0.00299	0.00204	0.10095
3	0.00544	0.00409	0.00560	0.05061	0.00714	0.00431	0.00435	0.00619	0.00717	0.00966	0.01795	0.54342	0.04029	0.09985	0.09696	0.02777	0.05405	0.00879	0.00311	0.00326
4	0.00568	0.00420	0.00613	0.00613	0.00675	0.00482	0.00465	0.00692	0.00630	0.00902	0.01084	0.01680	0.01045	0.12817	0.74724	0.00607	0.00982	0.00443	0.00216	0.00341
5	0.00801	0.00757	0.03602	0.12568	0.36802	0.00748	0.02311	0.01059	0.05795	0.01217	0.04124	0.15469	0.02696	0.00632	0.00452	0.01643	0.00409	0.08150	0.00261	0.00503
6	0.00898	0.03837	0.12522	0.06857	0.05776	0.03000	0.05414	0.09635	0.04215	0.04635	0.04240	0.07110	0.00956	0.00961	0.14857	0.00219	0.12036	0.00431	0.01908	0.00493
7	0.00857	0.00783	0.04221	0.00857	0.01058	0.05472	0.15366	0.05522	0.13119	0.05019	0.12797	0.18801	0.04293	0.00692	0.00450	0.00134	0.01383	0.03145	0.05557	0.00472
8	0.00637	0.00440	0.00524	0.00510	0.00627	0.00406	0.00385	0.00822	0.05172	0.06837	0.28275	0.11918	0.29318	0.03892	0.00518	0.00144	0.00231	0.05742	0.03219	0.00383
9	0.07420	0.11695	0.11237	0.04035	0.06352	0.07728	0.10463	0.22699	0.05657	0.04774	0.00840	0.00931	0.00632	0.00414	0.00382	0.00118	0.01715	0.00333	0.02005	0.00569
10	0.00971	0.07051	0.07939	0.09816	0.14819	0.02766	0.37426	0.05471	0.00953	0.03717	0.00847	0.03583	0.00685	0.00400	0.00421	0.00127	0.00561	0.01686	0.00219	0.00543
11	0.00483	0.00345	0.00460	0.00552	0.00575	0.00322	0.00368	0.00552	0.00759	0.01012	0.02185	0.85807	0.02622	0.01242	0.00506	0.00161	0.00230	0.01127	0.00368	0.00322
12	0.25769	0.00758	0.00837	0.00672	0.00940	0.00773	0.00549	0.17335	0.01137	0.36674	0.07798	0.01234	0.01002	0.02325	0.00396	0.00128	0.00337	0.00369	0.00394	0.00573
13	0.00974	0.05486	0.08313	0.02458	0.06285	0.12593	0.11227	0.08237	0.05858	0.05358	0.16028	0.04300	0.08876	0.00564	0.00427	0.00123	0.01607	0.00484	0.00302	0.00500
14	0.11993	0.09993	0.03781	0.00704	0.00968	0.00859	0.00598	0.13615	0.13625	0.21147	0.13204	0.03435	0.01271	0.00521	0.00374	0.00120	0.00337	0.00414	0.00370	0.02671
15	0.00721	0.00473	0.00587	0.00542	0.00667	0.00450	0.00411	0.03327	0.06358	0.09021	0.52151	0.09607	0.09165	0.00792	0.00451	0.00127	0.00221	0.00690	0.03822	0.00419
16	0.05217	0.17517	0.02435	0.10381	0.10606	0.09164	0.02324	0.06753	0.03134	0.01218	0.02311	0.14821	0.01759	0.00585	0.00423	0.00125	0.04208	0.04327	0.02218	0.00475
17	0.08636	0.04485	0.14392	0.06090	0.05368	0.03068	0.09050	0.21923	0.03216	0.06145	0.01142	0.08255	0.05475	0.00515	0.00394	0.00126	0.00447	0.00434	0.00291	0.00546
18	0.00739	0.00691	0.01141	0.67813	0.10021	0.00824	0.01023	0.00981	0.00811	0.01044	0.01025	0.03996	0.07335	0.00469	0.00405	0.00132	0.00487	0.00417	0.00200	0.00446
19	0.00574	0.00406	0.00516	0.00568	0.00632	0.00388	0.00411	0.00717	0.04526	0.03383	0.08240	0.48642	0.10433	0.06265	0.00590	0.00170	0.00260	0.12559	0.00370	0.00352
20	0.01161	0.05717	0.20463	0.03419	0.08401	0.04257	0.14263	0.09977	0.02494	0.18957	0.00956	0.02444	0.00700	0.00435	0.00440	0.00125	0.04555	0.00371	0.00278	0.00585
21	0.02459	0.03135	0.12262	0.03351	0.03094	0.35305	0.07670	0.10063	0.03101	0.05949	0.00850	0.03702	0.00700	0.00468	0.00422	0.00120	0.03904	0.02681	0.00248	0.00518

[dist]
# distance from previous block
# <min> <max>
2	16

[block]
# block no. 10 follows, 68 sequences, length 15
# corresponding to MSA columns:
# 394-408
name=unknown_K
#
# <colnr> <probs for GDERKNQSTAVLIFYWHMCP>
#	G	D	E	R	K	N	Q	S	T	A	V	L	I	F	Y	W	H	M	C	P
0	0.03397	0.06759	0.01432	0.36639	0.10611	0.10390	0.14274	0.01182	0.00866	0.03748	0.00732	0.00982	0.00570	0.00397	0.00428	0.00125	0.04436	0.00349	0.02195	0.00488
1	0.00945	0.02495	0.06753	0.36863	0.06207	0.10435	0.08059	0.08125	0.03019	0.02857	0.04040	0.01172	0.03236	0.00437	0.00395	0.00124	0.00508	0.00378	0.03460	0.00493
2	0.09590	0.01022	0.01079	0.00849	0.01144	0.01133	0.00696	0.61995	0.10154	0.04854	0.02882	0.01036	0.00787	0.00480	0.00385	0.00121	0.00403	0.00363	0.00387	0.00640
3	0.82876	0.00773	0.00604	0.00541	0.00785	0.00896	0.00443	0.01230	0.06278	0.01771	0.00624	0.00701	0.00483	0.00380	0.00256	0.00123	0.00307	0.00231	0.00256	0.00443
4	0.00629	0.00401	0.00494	0.00512	0.00599	0.00379	0.00387	0.00764	0.00889	0.04231	0.18231	0.19152	0.13563	0.03224	0.02339	0.02271	0.00257	0.12459	0.18862	0.00358
5	0.00490	0.00398	0.00423	0.00423	0.00535	0.00343	0.00308	0.00591	0.00895	0.01105	0.13410	0.07514	0.62637	0.08440	0.00606	0.00156	0.00217	0.00813	0.00365	0.00331
6	0.00508	0.00401	0.00458	0.00448	0.00561	0.00351	0.00335	0.00644	0.00991	0.01289	0.37553	0.06415	0.46774	0.00931	0.00470	0.00131	0.00196	0.00797	0.00397	0.00351
7	0.01094	0.79487	0.02001	0.00706	0.01034	0.08264	0.00686	0.01219	0.00831	0.00936	0.00556	0.00642	0.00509	0.00345	0.00263	0.00086	0.00448	0.00216	0.00172	0.00505
8	0.01067	0.00828	0.00895	0.00790	0.01022	0.00932	0.00621	0.05927	0.67309	0.09577	0.01650	0.01561	0.03382	0.00554	0.00407	0.00133	0.00320	0.01994	0.00410	0.00622
9	0.00900	0.00741	0.00831	0.00608	0.00943	0.03056	0.00486	0.03983	0.00881	0.04484	0.00766	0.00869	0.00620	0.00318	0.00303	0.00066	0.00309	0.00251	0.03615	0.75972
10	0.05275	0.02270	0.00939	0.02789	0.02792	0.00755	0.00589	0.15095	0.09610	0.18756	0.02894	0.01083	0.00819	0.00462	0.01958	0.00109	0.00354	0.00331	0.00334	0.32788
11	0.00589	0.02166	0.00518	0.00523	0.00577	0.00398	0.00355	0.02584	0.00779	0.03530	0.04951	0.44893	0.10694	0.21769	0.00878	0.01926	0.00279	0.01927	0.00336	0.00326
12	0.06980	0.04423	0.05600	0.04357	0.11228	0.09339	0.01935	0.25752	0.07592	0.07511	0.01095	0.05406	0.03932	0.00492	0.00383	0.00120	0.00435	0.00394	0.00311	0.02716
13	0.04809	0.09357	0.09316	0.02268	0.01053	0.04822	0.08744	0.06901	0.03421	0.03054	0.07965	0.07043	0.12931	0.07422	0.00592	0.00150	0.05515	0.03903	0.00284	0.00452
14	0.02749	0.05343	0.02231	0.01196	0.22576	0.06619	0.05383	0.07473	0.02393	0.06163	0.01259	0.23611	0.01261	0.04142	0.01847	0.00149	0.00416	0.02808	0.01888	0.00493

[dist]
# distance from previous block
# <min> <max>
1	99

[block]
# block no. 11 follows, 68 sequences, length 15
# corresponding to MSA columns:
# 508-522
name=unknown_L
#
# <colnr> <probs for GDERKNQSTAVLIFYWHMCP>
#	G	D	E	R	K	N	Q	S	T	A	V	L	I	F	Y	W	H	M	C	P
0	0.03380	0.07558	0.26307	0.02676	0.02146	0.00691	0.00761	0.04646	0.00875	0.01214	0.07661	0.21801	0.12611	0.05311	0.00503	0.00146	0.00377	0.00610	0.00280	0.00445
1	0.00497	0.00377	0.00434	0.00470	0.00550	0.00335	0.00331	0.00592	0.00847	0.01094	0.08788	0.37420	0.38203	0.03499	0.00520	0.00150	0.00216	0.00919	0.04427	0.00331
2	0.02487	0.04206	0.35791	0.04602	0.09567	0.05404	0.08921	0.02337	0.04267	0.02281	0.04759	0.06121	0.00845	0.00475	0.00456	0.00129	0.06203	0.00395	0.00220	0.00535
3	0.00968	0.09067	0.18803	0.02946	0.08542	0.06550	0.05172	0.07005	0.04306	0.06115	0.07166	0.03650	0.00980	0.07195	0.00598	0.00145	0.08303	0.00401	0.01576	0.00513
4	0.00655	0.00460	0.00518	0.00498	0.00635	0.00417	0.00381	0.03202	0.03372	0.08308	0.09926	0.07887	0.49632	0.05609	0.00552	0.00151	0.00246	0.06790	0.00379	0.00383
5	0.00654	0.00432	0.00510	0.00474	0.00603	0.00380	0.00357	0.00788	0.00995	0.10259	0.34609	0.03141	0.38444	0.05927	0.00553	0.00144	0.00221	0.00727	0.00401	0.00381
6	0.02287	0.10815	0.09288	0.02802	0.15806	0.11091	0.06324	0.20936	0.04555	0.04707	0.04095	0.01016	0.00760	0.00478	0.02080	0.00127	0.01641	0.00348	0.00270	0.00573
7	0.02932	0.23811	0.05032	0.05057	0.18915	0.05993	0.09876	0.04309	0.03239	0.01188	0.00923	0.08549	0.02152	0.01733	0.00410	0.01619	0.00455	0.00400	0.02899	0.00509
8	0.00566	0.00376	0.00435	0.00453	0.00463	0.00371	0.00268	0.00591	0.00628	0.00857	0.01443	0.19525	0.01659	0.64041	0.01614	0.00323	0.00342	0.00678	0.05104	0.00264
9	0.07325	0.04325	0.18612	0.07350	0.21245	0.17953	0.02862	0.04148	0.00924	0.02554	0.00758	0.04401	0.00637	0.00434	0.00420	0.00122	0.04847	0.00341	0.00211	0.00531
10	0.00609	0.00424	0.00499	0.00468	0.00597	0.00371	0.00355	0.00753	0.01020	0.07540	0.39691	0.03244	0.41218	0.00878	0.00463	0.00129	0.00205	0.00750	0.00408	0.00378
11	0.05523	0.23289	0.01343	0.00954	0.04822	0.48050	0.00735	0.01492	0.08303	0.01076	0.00689	0.00771	0.00574	0.00398	0.00331	0.00102	0.00574	0.00264	0.00215	0.00493
12	0.00879	0.00583	0.00693	0.00627	0.00768	0.04022	0.00488	0.01082	0.06229	0.18083	0.26187	0.09683	0.14574	0.00889	0.04908	0.00160	0.06925	0.02386	0.00385	0.00448
13	0.00507	0.00392	0.00464	0.00480	0.00574	0.00349	0.00353	0.00629	0.00935	0.01216	0.26990	0.22864	0.37346	0.01007	0.00481	0.00140	0.00211	0.04331	0.00388	0.00345
14	0.00596	0.00410	0.00508	0.00487	0.00588	0.00372	0.00360	0.00744	0.01014	0.05189	0.50978	0.09848	0.19545	0.05450	0.00548	0.00143	0.00211	0.00747	0.01894	0.00368

[dist]
# distance from previous block
# <min> <max>
8	19

[block]
# block no. 12 follows, 68 sequences, length 7
# corresponding to MSA columns:
# 544-550
name=unknown_M
#
# <colnr> <probs for GDERKNQSTAVLIFYWHMCP>
#	G	D	E	R	K	N	Q	S	T	A	V	L	I	F	Y	W	H	M	C	P
0	0.00841	0.04229	0.12647	0.06508	0.01140	0.02742	0.06003	0.12381	0.04039	0.03717	0.17672	0.03911	0.16161	0.01844	0.00451	0.00132	0.00378	0.04404	0.00324	0.00475
1	0.00973	0.24903	0.14376	0.08890	0.34209	0.04527	0.04418	0.01214	0.00866	0.01149	0.00680	0.00862	0.00561	0.00358	0.00354	0.00111	0.00499	0.00305	0.00183	0.00561
2	0.00571	0.00442	0.00580	0.07050	0.00804	0.00451	0.00467	0.00779	0.08406	0.01143	0.10657	0.46021	0.09033	0.01140	0.05446	0.00180	0.00311	0.05792	0.00354	0.00370
3	0.02680	0.02776	0.01106	0.04014	0.19642	0.14004	0.01782	0.12183	0.03743	0.07661	0.04104	0.05461	0.06028	0.00710	0.06162	0.00159	0.04316	0.02660	0.00286	0.00521
4	0.03608	0.06859	0.11443	0.08261	0.37809	0.04840	0.07327	0.04410	0.00925	0.03802	0.00748	0.00930	0.00593	0.00365	0.00375	0.00114	0.00490	0.00330	0.00211	0.06559
5	0.00899	0.00835	0.05851	0.12048	0.24551	0.02215	0.08078	0.01172	0.05590	0.08610	0.10072	0.04695	0.08134	0.00545	0.00451	0.00129	0.03230	0.02093	0.00280	0.00520
6	0.00614	0.00439	0.00498	0.00522	0.00574	0.03473	0.00355	0.00690	0.00759	0.03459	0.06100	0.33249	0.07518	0.25938	0.06315	0.00245	0.00345	0.02281	0.06301	0.00323

[dist]
# distance from previous block
# <min> <max>
12	29

[block]
# block no. 13 follows, 68 sequences, length 24
# corresponding to MSA columns:
# 583-606
name=unknown_N
#
# <colnr> <probs for GDERKNQSTAVLIFYWHMCP>
#	G	D	E	R	K	N	Q	S	T	A	V	L	I	F	Y	W	H	M	C	P
0	0.00969	0.24621	0.35407	0.01032	0.06758	0.03061	0.04156	0.05234	0.02450	0.04866	0.00810	0.04991	0.00665	0.00417	0.00354	0.00113	0.00491	0.00331	0.00214	0.03060
1	0.00796	0.02801	0.00906	0.09469	0.14370	0.05212	0.00659	0.02254	0.08087	0.03690	0.19787	0.11841	0.11540	0.00679	0.00461	0.00128	0.03623	0.00581	0.00318	0.02799
2	0.01062	0.52982	0.20149	0.00818	0.01203	0.05723	0.00861	0.09109	0.00933	0.01167	0.00632	0.00720	0.00525	0.00364	0.00302	0.00098	0.00474	0.00247	0.00194	0.02439
