[name]
unknown

[dist]
# distance from previous block
# <min> <max>
0	49

[block]
# block no. 0 follows, 63 sequences, length 25
# corresponding to MSA columns:
# 51-75
name=unknown_A
#
# <colnr> <probs for GDERKNQSTAVLIFYWHMCP>
#	G	D	E	R	K	N	Q	S	T	A	V	L	I	F	Y	W	H	M	C	P
0	0.00897	0.00873	0.01425	0.48111	0.24394	0.03472	0.05907	0.01173	0.02164	0.01184	0.00827	0.02406	0.00676	0.00443	0.00452	0.00138	0.02670	0.02056	0.00206	0.00527
1	0.00952	0.04193	0.28018	0.01602	0.06674	0.01051	0.48614	0.01336	0.00952	0.01332	0.00808	0.01035	0.00603	0.00370	0.00453	0.00136	0.00660	0.00421	0.00200	0.00589
2	0.01598	0.01177	0.01262	0.00967	0.01304	0.01304	0.00799	0.81202	0.01976	0.02649	0.01009	0.01009	0.00715	0.00505	0.00421	0.00126	0.00463	0.00378	0.00421	0.00715
3	0.01566	0.01161	0.01243	0.00961	0.01291	0.01289	0.00791	0.76586	0.06645	0.02597	0.01050	0.01042	0.00748	0.00508	0.00421	0.00127	0.00455	0.00384	0.00421	0.00712
4	0.00501	0.00426	0.00431	0.00430	0.00570	0.00357	0.00323	0.00611	0.00968	0.01158	0.07414	0.04009	0.79264	0.01056	0.00497	0.00142	0.00212	0.00882	0.00393	0.00357
5	0.02693	0.00796	0.00913	0.00801	0.01006	0.01975	0.03226	0.17567	0.29380	0.01799	0.18196	0.08037	0.01849	0.00757	0.02407	0.00154	0.00363	0.05707	0.01820	0.00557
6	0.00592	0.00430	0.00558	0.00526	0.00626	0.00395	0.00394	0.00787	0.01183	0.01669	0.79949	0.03168	0.06410	0.00866	0.00496	0.00133	0.00199	0.00764	0.00461	0.00395
7	0.01748	0.00723	0.00950	0.00740	0.01045	0.00653	0.00608	0.06315	0.04134	0.69211	0.04241	0.01475	0.01128	0.00531	0.00419	0.00129	0.00350	0.00432	0.04478	0.00688
8	0.00591	0.00430	0.00556	0.00525	0.00626	0.00395	0.00393	0.00785	0.01180	0.01663	0.79108	0.03178	0.07255	0.00868	0.00496	0.00133	0.00199	0.00766	0.00460	0.00395
9	0.00794	0.00747	0.01261	0.84216	0.02895	0.00934	0.01167	0.01074	0.00841	0.01074	0.00747	0.01121	0.00560	0.00420	0.00420	0.00140	0.00560	0.00374	0.00187	0.00467
10	0.00581	0.00427	0.00544	0.00520	0.00621	0.00390	0.00388	0.00764	0.01149	0.01601	0.70658	0.06503	0.12486	0.00900	0.00498	0.00135	0.00202	0.00791	0.00452	0.00390
11	0.00794	0.00747	0.01261	0.84216	0.02895	0.00934	0.01167	0.01074	0.00841	0.01074	0.00747	0.01121	0.00560	0.00420	0.00420	0.00140	0.00560	0.00374	0.00187	0.00467
12	0.00872	0.00747	0.00872	0.00623	0.00996	0.00560	0.00498	0.01058	0.00872	0.01370	0.00747	0.00872	0.00623	0.00311	0.00311	0.00062	0.00311	0.00249	0.00249	0.87796
13	0.00606	0.00405	0.00460	0.00466	0.00467	0.00404	0.00263	0.00610	0.00623	0.00830	0.01383	0.07556	0.01601	0.80322	0.02046	0.00394	0.00398	0.00645	0.00263	0.00260
14	0.01096	0.00961	0.00977	0.00870	0.01112	0.04287	0.00678	0.06441	0.74412	0.01778	0.01632	0.01507	0.01224	0.00561	0.00425	0.00140	0.00356	0.00462	0.00419	0.00661
15	0.01194	0.17650	0.16257	0.01002	0.02617	0.02168	0.10806	0.11661	0.04660	0.14740	0.02145	0.01116	0.00785	0.00526	0.03100	0.00137	0.00506	0.01359	0.00295	0.07275
16	0.05360	0.02647	0.15714	0.03710	0.01373	0.07457	0.07313	0.15952	0.10757	0.10594	0.02394	0.01235	0.00852	0.01654	0.04188	0.00163	0.05602	0.02133	0.00312	0.00591
17	0.00843	0.02174	0.83048	0.01198	0.01819	0.00976	0.01553	0.01331	0.00888	0.01331	0.00754	0.00888	0.00533	0.00399	0.00399	0.00133	0.00621	0.00311	0.00178	0.00621
18	0.01170	0.01161	0.11431	0.12312	0.11020	0.05920	0.10916	0.22477	0.03700	0.07096	0.01087	0.06358	0.02414	0.00507	0.00433	0.00133	0.00518	0.00444	0.00301	0.00601
19	0.03464	0.03274	0.02094	0.02464	0.01126	0.14234	0.02049	0.15952	0.13792	0.15342	0.06067	0.10103	0.02478	0.00598	0.00420	0.00128	0.00427	0.00486	0.00374	0.05128
20	0.00928	0.00967	0.03362	0.26745	0.12974	0.08473	0.03949	0.01121	0.00826	0.01101	0.00773	0.01218	0.00690	0.04643	0.02537	0.00174	0.25865	0.02965	0.00203	0.00487
21	0.00512	0.00366	0.00488	0.00585	0.00610	0.00341	0.00390	0.00585	0.00805	0.01073	0.02317	0.84952	0.02780	0.01317	0.00537	0.00171	0.00244	0.01195	0.00390	0.00341
22	0.00654	0.00626	0.07091	0.00646	0.00834	0.00484	0.06177	0.00839	0.01019	0.04781	0.25607	0.06105	0.37308	0.00946	0.02585	0.00154	0.00311	0.03034	0.00383	0.00419
23	0.01075	0.09983	0.03660	0.09510	0.15316	0.10231	0.06168	0.07382	0.05767	0.04041	0.06301	0.01233	0.03541	0.00473	0.00442	0.00120	0.04198	0.00389	0.00269	0.09901
24	0.02802	0.08808	0.18402	0.00958	0.03720	0.12442	0.03712	0.10090	0.02644	0.07234	0.05639	0.04791	0.04172	0.02063	0.03194	0.00145	0.01624	0.00415	0.00285	0.06860

[dist]
# distance from previous block
# <min> <max>
2	86

[block]
# block no. 1 follows, 63 sequences, length 28
# corresponding to MSA columns:
# 164-191
name=unknown_B
#
# <colnr> <probs for GDERKNQSTAVLIFYWHMCP>
#	G	D	E	R	K	N	Q	S	T	A	V	L	I	F	Y	W	H	M	C	P
0	0.11389	0.06819	0.06069	0.13156	0.07904	0.02762	0.05446	0.07901	0.08634	0.08319	0.04382	0.03972	0.03417	0.02354	0.00448	0.00135	0.01571	0.00418	0.00297	0.04606
1	0.04608	0.01034	0.02184	0.08150	0.05979	0.14094	0.04720	0.10888	0.07735	0.03160	0.01064	0.07813	0.01997	0.00605	0.02232	0.00139	0.07475	0.02400	0.00286	0.13438
2	0.09839	0.00926	0.01815	0.07771	0.10979	0.07665	0.03559	0.16154	0.03195	0.07795	0.01067	0.01329	0.03655	0.05720	0.03887	0.06271	0.02999	0.01711	0.00293	0.03370
3	0.00901	0.00837	0.01092	0.21569	0.10432	0.09775	0.05597	0.05108	0.01923	0.02642	0.05277	0.11788	0.05554	0.05464	0.00571	0.00159	0.01817	0.08736	0.00287	0.00472
4	0.03539	0.00752	0.00809	0.00811	0.05098	0.10794	0.01789	0.02829	0.03180	0.02194	0.04599	0.19183	0.05912	0.19474	0.06342	0.00238	0.09461	0.00631	0.00294	0.02072
5	0.06026	0.00911	0.01256	0.20800	0.16585	0.07322	0.08030	0.03618	0.08720	0.09272	0.03929	0.02879	0.02271	0.02618	0.00470	0.00142	0.00485	0.03827	0.00288	0.00548
6	0.02921	0.00840	0.01000	0.04073	0.01153	0.05443	0.04879	0.02803	0.02304	0.08647	0.00886	0.02957	0.00720	0.00429	0.01668	0.00097	0.01836	0.00318	0.00276	0.56752
7	0.10459	0.02626	0.08512	0.13671	0.10861	0.15423	0.13701	0.02987	0.03447	0.02600	0.03483	0.02099	0.02761	0.00459	0.00433	0.00130	0.02905	0.00390	0.02523	0.00529
8	0.75487	0.00844	0.00698	0.05167	0.00962	0.03095	0.00518	0.03023	0.00784	0.05367	0.00652	0.00749	0.00494	0.00401	0.00283	0.00130	0.00354	0.00249	0.00270	0.00474
9	0.00510	0.00410	0.00455	0.00478	0.00585	0.00355	0.00346	0.00616	0.00939	0.01171	0.11064	0.25533	0.53839	0.01113	0.00507	0.00149	0.00220	0.00957	0.00397	0.00355
10	0.00793	0.00721	0.01203	0.74348	0.02637	0.00899	0.01092	0.01028	0.00809	0.01043	0.00739	0.01127	0.00574	0.00518	0.00556	0.07426	0.03485	0.00373	0.00186	0.00443
11	0.01040	0.01043	0.01699	0.11518	0.61294	0.05924	0.08758	0.01295	0.00961	0.01317	0.00783	0.01041	0.00644	0.00381	0.00422	0.00127	0.00541	0.00380	0.00207	0.00624
12	0.00529	0.00435	0.00467	0.00466	0.00595	0.00380	0.00347	0.00678	0.03239	0.01238	0.16712	0.09676	0.61696	0.01036	0.00498	0.00142	0.00216	0.00877	0.00403	0.00369
13	0.00560	0.00417	0.00520	0.00518	0.00612	0.00378	0.00379	0.00717	0.01073	0.01462	0.51813	0.17980	0.20055	0.00984	0.00503	0.00141	0.00210	0.00864	0.00435	0.00378
14	0.01187	0.37558	0.19955	0.00983	0.03607	0.21467	0.00947	0.05023	0.03564	0.01186	0.00699	0.00796	0.00573	0.00400	0.00341	0.00108	0.00562	0.00274	0.00208	0.00561
15	0.00773	0.00427	0.00490	0.00464	0.00578	0.00406	0.00351	0.00965	0.01014	0.06608	0.30420	0.02213	0.05163	0.00645	0.00382	0.00114	0.00207	0.00544	0.47822	0.00412
16	0.00587	0.00428	0.00552	0.00524	0.00624	0.00392	0.00392	0.00776	0.01164	0.01634	0.75270	0.05697	0.08613	0.00886	0.00497	0.00134	0.00201	0.00781	0.00456	0.00392
17	0.01124	0.85479	0.02203	0.00719	0.01079	0.01663	0.00719	0.01259	0.00854	0.00989	0.00584	0.00674	0.00539	0.00360	0.00270	0.00090	0.00450	0.00225	0.00180	0.00539
18	0.01122	0.78932	0.06407	0.00751	0.01124	0.01618	0.00765	0.03340	0.00885	0.01050	0.00604	0.00694	0.00544	0.00365	0.00280	0.00093	0.00459	0.00233	0.00186	0.00548
19	0.00946	0.00902	0.01536	0.33862	0.52061	0.00974	0.01243	0.01207	0.00913	0.01259	0.00774	0.01071	0.00625	0.00392	0.00418	0.00131	0.00523	0.00374	0.00200	0.00590
20	0.00668	0.00477	0.00666	0.00763	0.00855	0.00475	0.00660	0.00854	0.00958	0.01247	0.02231	0.09529	0.02441	0.01171	0.00578	0.00192	0.00379	0.75085	0.00387	0.00384
21	0.00510	0.00374	0.00479	0.00563	0.00604	0.00343	0.00381	0.00588	0.00826	0.01082	0.02584	0.73844	0.13716	0.01282	0.00531	0.00167	0.00240	0.01153	0.00390	0.00343
22	0.00506	0.00425	0.00440	0.00439	0.00574	0.00358	0.00328	0.00621	0.00977	0.01185	0.11456	0.05620	0.73532	0.01051	0.00498	0.00142	0.00212	0.00882	0.00397	0.00358
23	0.00604	0.00405	0.00461	0.00467	0.00469	0.00403	0.00264	0.00610	0.00625	0.00833	0.01394	0.08476	0.01616	0.79383	0.02028	0.00391	0.00396	0.00652	0.00264	0.00261
24	0.01177	0.79576	0.02117	0.00721	0.01079	0.01591	0.00712	0.01314	0.00878	0.06693	0.00659	0.00727	0.00574	0.00371	0.00280	0.00093	0.00443	0.00239	0.00204	0.00552
25	0.00872	0.00747	0.00872	0.00623	0.00996	0.00560	0.00498	0.01058	0.00872	0.01370	0.00747	0.00872	0.00623	0.00311	0.00311	0.00062	0.00311	0.00249	0.00249	0.87796
26	0.01243	0.00874	0.01106	0.06640	0.01279	0.05697	0.07895	0.11028	0.01131	0.22683	0.03824	0.02686	0.03586	0.00468	0.00398	0.00110	0.00414	0.00396	0.00345	0.28200
27	0.03878	0.21189	0.41188	0.01059	0.03273	0.08629	0.01152	0.01342	0.00894	0.04674	0.00720	0.00849	0.00559	0.00429	0.00457	0.00125	0.08513	0.00296	0.00200	0.00574

[dist]
# distance from previous block
# <min> <max>
0	1

[block]
# block no. 2 follows, 63 sequences, length 8
# corresponding to MSA columns:
# 193-200
name=unknown_C
#
# <colnr> <probs for GDERKNQSTAVLIFYWHMCP>
#	G	D	E	R	K	N	Q	S	T	A	V	L	I	F	Y	W	H	M	C	P
0	0.01239	0.01070	0.01211	0.09530	0.01432	0.07090	0.06096	0.30521	0.29780	0.01898	0.01211	0.03044	0.00923	0.00527	0.00450	0.00135	0.02417	0.00430	0.00364	0.00632
1	0.01490	0.01751	0.01391	0.01166	0.01432	0.58996	0.12580	0.13668	0.01281	0.01321	0.00734	0.00851	0.00582	0.00432	0.00402	0.00116	0.00706	0.00320	0.00247	0.00533
2	0.01028	0.00786	0.00908	0.00671	0.01011	0.00663	0.00534	0.12847	0.01038	0.06914	0.00884	0.01054	0.00724	0.05988	0.00456	0.00099	0.00343	0.00304	0.00293	0.63457
3	0.00734	0.00439	0.00576	0.00608	0.00692	0.00407	0.00430	0.00863	0.03333	0.13132	0.07179	0.62194	0.05494	0.01140	0.00513	0.00160	0.00259	0.01022	0.00415	0.00410
4	0.14073	0.01065	0.00975	0.06038	0.01169	0.22782	0.02421	0.05380	0.04209	0.19282	0.10988	0.01366	0.02881	0.00625	0.03565	0.00147	0.01758	0.00403	0.00339	0.00532
5	0.04672	0.01236	0.09209	0.12910	0.24969	0.16046	0.07381	0.07956	0.02437	0.02815	0.00890	0.04272	0.00744	0.00462	0.00417	0.00130	0.00556	0.02082	0.00244	0.00572
6	0.00682	0.00557	0.00761	0.00840	0.06230	0.00593	0.00639	0.00838	0.00921	0.01220	0.07865	0.09774	0.18529	0.01018	0.00661	0.00171	0.12663	0.35281	0.00352	0.00407
7	0.02839	0.07780	0.03886	0.01156	0.03620	0.05246	0.20042	0.22298	0.01205	0.01618	0.02762	0.01571	0.00963	0.00567	0.00538	0.00141	0.08808	0.12031	0.00294	0.02636

[dist]
# distance from previous block
# <min> <max>
0	23

[block]
# block no. 3 follows, 63 sequences, length 7
# corresponding to MSA columns:
# 224-230
name=unknown_D
#
# <colnr> <probs for GDERKNQSTAVLIFYWHMCP>
#	G	D	E	R	K	N	Q	S	T	A	V	L	I	F	Y	W	H	M	C	P
0	0.00930	0.06342	0.25018	0.14711	0.18556	0.02673	0.03727	0.06006	0.04108	0.01317	0.00938	0.06228	0.00813	0.06218	0.00530	0.00151	0.00523	0.00419	0.00230	0.00562
1	0.01396	0.03595	0.01178	0.03945	0.01293	0.43970	0.03725	0.11193	0.11350	0.06939	0.01149	0.01184	0.06249	0.00503	0.00404	0.00120	0.00588	0.00372	0.00298	0.00547
2	0.07011	0.00659	0.00734	0.00647	0.00836	0.05587	0.00501	0.04357	0.01114	0.26534	0.24413	0.14150	0.10201	0.00770	0.00453	0.00136	0.00308	0.00651	0.00432	0.00504
3	0.00631	0.00447	0.00533	0.00553	0.00602	0.00439	0.00365	0.06408	0.00848	0.01129	0.06517	0.38786	0.06980	0.32512	0.01121	0.00252	0.00316	0.00876	0.00346	0.00340
4	0.06363	0.01168	0.01001	0.00827	0.01098	0.26046	0.00648	0.07784	0.04183	0.01372	0.00778	0.00913	0.00643	0.00573	0.05365	0.00132	0.05290	0.00292	0.00256	0.35269
5	0.03749	0.03240	0.03698	0.06014	0.03436	0.30759	0.00843	0.31324	0.03772	0.05118	0.00864	0.00938	0.00651	0.00472	0.00429	0.00123	0.03335	0.00334	0.00308	0.00594
6	0.20935	0.01005	0.06489	0.10908	0.03370	0.09996	0.00757	0.12568	0.04963	0.04471	0.01287	0.04253	0.06492	0.00598	0.00407	0.00139	0.00444	0.10096	0.00308	0.00514

[dist]
# distance from previous block
# <min> <max>
0	114

[block]
# block no. 4 follows, 63 sequences, length 63
# corresponding to MSA columns:
# 345-407
name=unknown_E
#
# <colnr> <probs for GDERKNQSTAVLIFYWHMCP>
#	G	D	E	R	K	N	Q	S	T	A	V	L	I	F	Y	W	H	M	C	P
0	0.10402	0.01026	0.01086	0.19145	0.04050	0.11891	0.00817	0.21839	0.10778	0.02862	0.02051	0.04156	0.00913	0.00544	0.00428	0.00136	0.01746	0.05259	0.00315	0.00555
1	0.07403	0.03802	0.01210	0.29049	0.06483	0.03524	0.00893	0.20029	0.07062	0.11285	0.00964	0.01093	0.00704	0.00464	0.00429	0.00132	0.02892	0.00367	0.00307	0.01911
2	0.03687	0.03761	0.01257	0.58835	0.05647	0.08557	0.01052	0.02975	0.00893	0.02333	0.00759	0.01073	0.00589	0.00542	0.03862	0.00157	0.02974	0.00358	0.00204	0.00484
3	0.14111	0.00801	0.00776	0.02476	0.05859	0.08597	0.00550	0.13647	0.01084	0.03336	0.02248	0.04065	0.32830	0.05900	0.00532	0.00151	0.00365	0.01871	0.00338	0.00463
4	0.33901	0.02799	0.03835	0.40846	0.04305	0.02608	0.00885	0.03997	0.00846	0.01452	0.00691	0.00924	0.00527	0.00409	0.00355	0.00133	0.00470	0.00311	0.00224	0.00485
5	0.00862	0.07862	0.77529	0.01165	0.01769	0.01023	0.01496	0.01326	0.00885	0.01308	0.00743	0.00873	0.00533	0.00397	0.00391	0.00130	0.00610	0.00305	0.00178	0.00616
6	0.00820	0.00794	0.01242	0.02386	0.01181	0.00943	0.15454	0.01025	0.04320	0.01162	0.04226	0.05089	0.11025	0.00935	0.08056	0.00207	0.36504	0.02090	0.02081	0.00458
7	0.00924	0.00880	0.01496	0.41187	0.44908	0.00968	0.01232	0.01188	0.00902	0.01232	0.00770	0.01078	0.00616	0.00396	0.00418	0.00132	0.00528	0.00374	0.00198	0.00572
8	0.00611	0.00409	0.00467	0.00467	0.00471	0.00412	0.00266	0.00617	0.00614	0.00822	0.01316	0.02706	0.01509	0.81842	0.05497	0.00419	0.00437	0.00605	0.00254	0.00260
9	0.00581	0.00431	0.00542	0.00521	0.00628	0.00393	0.00395	0.00762	0.01138	0.01567	0.64725	0.03375	0.18067	0.00910	0.00500	0.00137	0.00209	0.04283	0.00446	0.00389
10	0.00611	0.00408	0.00458	0.00458	0.00458	0.00408	0.00255	0.00611	0.00611	0.00815	0.01325	0.02751	0.01528	0.85226	0.02140	0.00408	0.00408	0.00611	0.00255	0.00255
11	0.01124	0.85479	0.02203	0.00719	0.01079	0.01663	0.00719	0.01259	0.00854	0.00989	0.00584	0.00674	0.00539	0.00360	0.00270	0.00090	0.00450	0.00225	0.00180	0.00539
12	0.00932	0.00892	0.01537	0.41137	0.38042	0.00978	0.06396	0.02782	0.00925	0.01255	0.00778	0.01084	0.00615	0.00397	0.00423	0.00133	0.00541	0.00382	0.00203	0.00566
13	0.00526	0.00380	0.00497	0.00567	0.00611	0.00352	0.00388	0.00622	0.00879	0.01182	0.16172	0.66538	0.07280	0.01225	0.00527	0.00163	0.00234	0.01104	0.00403	0.00352
14	0.00609	0.00406	0.00459	0.00462	0.00462	0.00406	0.00258	0.00611	0.00616	0.00822	0.01350	0.04838	0.01560	0.83096	0.02099	0.00402	0.00403	0.00626	0.00258	0.00257
15	0.02739	0.76694	0.02090	0.04275	0.01161	0.05175	0.00737	0.01269	0.00866	0.01011	0.00594	0.00697	0.00539	0.00366	0.00281	0.00094	0.00465	0.00233	0.00183	0.00533
16	0.00816	0.06034	0.41582	0.00995	0.01398	0.00855	0.05727	0.01246	0.07869	0.01406	0.16312	0.01825	0.02517	0.00586	0.00439	0.00138	0.00483	0.08947	0.00280	0.00547
17	0.06226	0.42445	0.05160	0.00864	0.01174	0.16401	0.02741	0.07688	0.04463	0.01244	0.00719	0.02073	0.00619	0.00430	0.00382	0.00110	0.04896	0.00289	0.00226	0.01849
18	0.01583	0.00875	0.01035	0.00816	0.01117	0.00891	0.00666	0.29482	0.11346	0.38517	0.06026	0.01402	0.01125	0.00540	0.00424	0.00130	0.00378	0.00432	0.02534	0.00683
19	0.01321	0.02418	0.01141	0.00950	0.03221	0.03851	0.01906	0.32959	0.37545	0.06427	0.01326	0.01268	0.00974	0.00521	0.00419	0.00131	0.00410	0.00417	0.00407	0.02386
20	0.00992	0.01134	0.02481	0.01772	0.02197	0.01063	0.81077	0.01347	0.00992	0.01347	0.00850	0.01134	0.00638	0.00354	0.00496	0.00142	0.00709	0.00496	0.00213	0.00567
21	0.02350	0.08021	0.29848	0.03912	0.05056	0.05915	0.13534	0.02204	0.04559	0.02470	0.01039	0.10279	0.00933	0.02011	0.01373	0.00148	0.02307	0.03255	0.00240	0.00546
22	0.01015	0.30388	0.32858	0.03441	0.01563	0.02543	0.11549	0.01361	0.04277	0.04029	0.00773	0.00899	0.00599	0.00401	0.00395	0.00121	0.02682	0.00319	0.00206	0.00581
23	0.00587	0.00429	0.00551	0.00521	0.00623	0.00393	0.00391	0.00778	0.01172	0.01642	0.76235	0.03211	0.10141	0.00876	0.00496	0.00133	0.00199	0.00770	0.00457	0.00393
24	0.00602	0.00444	0.00642	0.00642	0.00705	0.00507	0.00483	0.00729	0.00666	0.00951	0.01157	0.01823	0.01125	0.15942	0.70873	0.00634	0.01014	0.00475	0.00230	0.00357
25	0.01000	0.01591	0.35557	0.06432	0.04873	0.13872	0.12662	0.03708	0.02668	0.02480	0.00901	0.04058	0.00740	0.01808	0.02711	0.00153	0.01645	0.02360	0.00223	0.00560
26	0.10502	0.04130	0.04950	0.02643	0.01208	0.26512	0.03043	0.14660	0.03353	0.14281	0.00965	0.01055	0.00727	0.02311	0.03846	0.00149	0.00550	0.00342	0.04215	0.00558
27	0.01057	0.00909	0.00957	0.00858	0.01097	0.01051	0.00668	0.03859	0.80201	0.01777	0.01697	0.01557	0.01272	0.00569	0.00428	0.00142	0.00335	0.00473	0.00428	0.00666
28	0.01058	0.00881	0.00937	0.00842	0.01079	0.01009	0.00658	0.02174	0.76202	0.04497	0.01765	0.01665	0.02791	0.00588	0.00432	0.00143	0.00332	0.01863	0.00429	0.00657
29	0.00994	0.00921	0.03461	0.41845	0.16071	0.01001	0.06603	0.15745	0.02579	0.01457	0.00931	0.01245	0.02105	0.00458	0.00430	0.00136	0.00529	0.02683	0.00248	0.00556
30	0.02275	0.00788	0.02087	0.00652	0.01017	0.00618	0.00530	0.05131	0.02769	0.01446	0.00805	0.02244	0.00673	0.00346	0.00324	0.00071	0.00323	0.00277	0.00263	0.77361
31	0.00512	0.00366	0.00488	0.00585	0.00610	0.00341	0.00390	0.00585	0.00805	0.01073	0.02317	0.84952	0.02780	0.01317	0.00537	0.00171	0.00244	0.01195	0.00390	0.00341
32	0.00512	0.00368	0.00486	0.00580	0.00608	0.00342	0.00388	0.00586	0.00810	0.01075	0.02383	0.82198	0.05492	0.01308	0.00535	0.00170	0.00243	0.01185	0.00390	0.00342
33	0.01155	0.74300	0.03364	0.00759	0.01110	0.06081	0.00738	0.03619	0.03662	0.01071	0.00641	0.00722	0.00570	0.00376	0.00287	0.00094	0.00465	0.00242	0.00197	0.00547
34	0.01622	0.01161	0.01235	0.00951	0.01283	0.03613	0.00784	0.72011	0.01886	0.09598	0.01056	0.01039	0.00738	0.00504	0.00420	0.00126	0.00462	0.00379	0.00423	0.00708
35	0.00562	0.00428	0.00517	0.00495	0.00608	0.00383	0.00371	0.00730	0.01113	0.01502	0.56356	0.03442	0.30107	0.00928	0.00496	0.00135	0.00203	0.00803	0.00439	0.00383
36	0.00515	0.00372	0.00484	0.00569	0.00603	0.00345	0.00381	0.00591	0.00817	0.01081	0.03791	0.75320	0.08547	0.03708	0.00579	0.00175	0.00246	0.01149	0.00388	0.00341
37	0.01109	0.79165	0.04966	0.00779	0.01150	0.01615	0.04061	0.01265	0.00861	0.01015	0.00601	0.00701	0.00543	0.00361	0.00283	0.00094	0.00466	0.00239	0.00181	0.00543
38	0.88196	0.00813	0.00618	0.00553	0.00813	0.00943	0.00455	0.01236	0.00715	0.01886	0.00585	0.00683	0.00455	0.00390	0.00260	0.00130	0.00325	0.00228	0.00260	0.00455
39	0.00608	0.00420	0.00523	0.00523	0.00545	0.00443	0.00335	0.00653	0.00630	0.00863	0.01265	0.02424	0.01386	0.60820	0.26352	0.00487	0.00621	0.00563	0.00246	0.00291
40	0.01546	0.01963	0.01195	0.01084	0.01292	0.80493	0.00816	0.01654	0.01171	0.01028	0.00646	0.00764	0.00542	0.00444	0.00416	0.00111	0.03858	0.00274	0.00215	0.00486
41	0.37908	0.00795	0.00834	0.00677	0.00966	0.00823	0.00557	0.10677	0.01074	0.36521	0.01124	0.01076	0.00760	0.00463	0.00349	0.00128	0.00349	0.00335	0.03989	0.00593
42	0.01046	0.00903	0.00951	0.00855	0.01093	0.01046	0.00665	0.02234	0.81845	0.01759	0.01711	0.01568	0.01283	0.00570	0.00428	0.00143	0.00333	0.00475	0.00428	0.00665
43	0.00580	0.00429	0.00541	0.00513	0.00619	0.00390	0.00385	0.00764	0.01155	0.01602	0.70502	0.03278	0.15899	0.00891	0.00496	0.00134	0.00201	0.00780	0.00452	0.00390
44	0.00611	0.00408	0.00458	0.00458	0.00458	0.00408	0.00255	0.00611	0.00611	0.00815	0.01325	0.02751	0.01528	0.85226	0.02140	0.00408	0.00408	0.00611	0.00255	0.00255
45	0.01886	0.00715	0.00976	0.00748	0.01073	0.00618	0.00618	0.02049	0.01203	0.82895	0.01658	0.01431	0.01041	0.00520	0.00423	0.00130	0.00358	0.00423	0.00520	0.00715
46	0.00601	0.00450	0.00676	0.00676	0.00751	0.00525	0.00525	0.00751	0.00676	0.00976	0.01126	0.01651	0.01051	0.03153	0.83560	0.00676	0.01126	0.00450	0.00225	0.00375
47	0.88196	0.00813	0.00618	0.00553	0.00813	0.00943	0.00455	0.01236	0.00715	0.01886	0.00585	0.00683	0.00455	0.00390	0.00260	0.00130	0.00325	0.00228	0.00260	0.00455
48	0.01886	0.00715	0.00976	0.00748	0.01073	0.00618	0.00618	0.02049	0.01203	0.82895	0.01658	0.01431	0.01041	0.00520	0.00423	0.00130	0.00358	0.00423	0.00520	0.00715
49	0.01046	0.00903	0.00951	0.00855	0.01093	0.01046	0.00665	0.02234	0.81845	0.01759	0.01711	0.01568	0.01283	0.00570	0.00428	0.00143	0.00333	0.00475	0.00428	0.00665
50	0.88196	0.00813	0.00618	0.00553	0.00813	0.00943	0.00455	0.01236	0.00715	0.01886	0.00585	0.00683	0.00455	0.00390	0.00260	0.00130	0.00325	0.00228	0.00260	0.00455
51	0.00784	0.00392	0.00392	0.00392	0.00490	0.00392	0.00294	0.00980	0.00882	0.01567	0.01371	0.01567	0.01077	0.00490	0.00294	0.00098	0.00196	0.00392	0.87560	0.00392
52	0.88196	0.00813	0.00618	0.00553	0.00813	0.00943	0.00455	0.01236	0.00715	0.01886	0.00585	0.00683	0.00455	0.00390	0.00260	0.00130	0.00325	0.00228	0.00260	0.00455
53	0.01040	0.00999	0.01706	0.02580	0.82604	0.00999	0.01290	0.01290	0.00957	0.01373	0.00791	0.01040	0.00666	0.00375	0.00416	0.00125	0.00499	0.00375	0.00208	0.00666
54	0.01046	0.00903	0.00951	0.00855	0.01093	0.01046	0.00665	0.02234	0.81845	0.01759	0.01711	0.01568	0.01283	0.00570	0.00428	0.00143	0.00333	0.00475	0.00428	0.00665
55	0.00741	0.00648	0.00911	0.00831	0.00863	0.00840	0.00659	0.00845	0.00653	0.00969	0.00904	0.01487	0.00901	0.13553	0.36476	0.00424	0.37251	0.00437	0.00211	0.00395
56	0.01046	0.00903	0.00951	0.00855	0.01093	0.01046	0.00665	0.02234	0.81845	0.01759	0.01711	0.01568	0.01283	0.00570	0.00428	0.00143	0.00333	0.00475	0.00428	0.00665
57	0.00527	0.00427	0.00467	0.00457	0.00586	0.00368	0.00343	0.00661	0.01029	0.01304	0.28124	0.03769	0.58463	0.01002	0.00497	0.00139	0.00208	0.00848	0.00412	0.00368
58	0.01478	0.01162	0.01175	0.00938	0.01234	0.07884	0.00759	0.64436	0.05056	0.02343	0.01124	0.08406	0.00906	0.00573	0.00428	0.00129	0.00462	0.00446	0.00402	0.00662
59	0.88196	0.00813	0.00618	0.00553	0.00813	0.00943	0.00455	0.01236	0.00715	0.01886	0.00585	0.00683	0.00455	0.00390	0.00260	0.00130	0.00325	0.00228	0.00260	0.00455
60	0.01077	0.04425	0.01031	0.03244	0.01155	0.03683	0.00680	0.06900	0.61462	0.01704	0.01474	0.01396	0.01114	0.00526	0.00409	0.00131	0.00364	0.00429	0.00387	0.08409
61	0.00965	0.00765	0.00950	0.02601	0.01088	0.00629	0.03509	0.06506	0.00968	0.06462	0.00928	0.05270	0.00791	0.00406	0.00350	0.00083	0.00342	0.01557	0.00284	0.65546
62	0.02728	0.20092	0.44790	0.02262	0.01549	0.03730	0.04651	0.05880	0.02575	0.04695	0.00824	0.02959	0.00639	0.00427	0.00378	0.00124	0.00550	0.00331	0.00221	0.00594

[dist]
# distance from previous block
# <min> <max>
0	8

[block]
# block no. 5 follows, 63 sequences, length 21
# corresponding to MSA columns:
# 416-436
name=unknown_F
#
# <colnr> <probs for GDERKNQSTAVLIFYWHMCP>
#	G	D	E	R	K	N	Q	S	T	A	V	L	I	F	Y	W	H	M	C	P
0	0.01358	0.20699	0.02554	0.02447	0.02537	0.33097	0.10095	0.09596	0.01133	0.07360	0.00786	0.00897	0.00623	0.00498	0.02598	0.00129	0.02474	0.00319	0.00250	0.00549
1	0.00940	0.00870	0.00903	0.00668	0.01026	0.08680	0.00529	0.01119	0.00903	0.01336	0.00738	0.00861	0.00615	0.00323	0.00318	0.00067	0.00355	0.00251	0.00246	0.79253
2	0.88196	0.00813	0.00618	0.00553	0.00813	0.00943	0.00455	0.01236	0.00715	0.01886	0.00585	0.00683	0.00455	0.00390	0.00260	0.00130	0.00325	0.00228	0.00260	0.00455
3	0.00527	0.00419	0.00473	0.00477	0.00591	0.00365	0.00351	0.00656	0.01005	0.01286	0.26530	0.14568	0.49188	0.01039	0.00502	0.00143	0.00213	0.00892	0.00411	0.00365
4	0.00516	0.00427	0.00453	0.00446	0.00580	0.00363	0.00335	0.00641	0.01004	0.01244	0.19619	0.03868	0.67005	0.01024	0.00497	0.00140	0.00210	0.00862	0.00405	0.00363
5	0.00610	0.00413	0.00487	0.00487	0.00497	0.00423	0.00290	0.00630	0.00620	0.00836	0.01298	0.02606	0.01466	0.74443	0.12838	0.00443	0.00502	0.00590	0.00251	0.00271
6	0.00661	0.00532	0.00796	0.08260	0.08935	0.00534	0.03939	0.04584	0.00887	0.01189	0.01905	0.61795	0.02188	0.01066	0.00507	0.00160	0.00327	0.00974	0.00348	0.00412
7	0.01151	0.00805	0.00905	0.00792	0.01029	0.00878	0.00621	0.02012	0.55682	0.17585	0.12126	0.01745	0.01583	0.00598	0.00436	0.00139	0.00320	0.00502	0.00450	0.00640
8	0.00654	0.00474	0.00647	0.00734	0.00833	0.00467	0.00633	0.00835	0.00961	0.01240	0.02428	0.07319	0.10261	0.01157	0.00571	0.00188	0.00365	0.69464	0.00388	0.00382
9	0.01052	0.02588	0.09811	0.04651	0.29440	0.03875	0.35683	0.01360	0.00980	0.05189	0.00844	0.01071	0.00649	0.00378	0.00446	0.00133	0.00605	0.00417	0.00221	0.00606
10	0.00948	0.16542	0.61254	0.01119	0.01670	0.01101	0.04405	0.03971	0.00929	0.03269	0.00759	0.00877	0.00556	0.00397	0.00382	0.00126	0.00583	0.00308	0.00195	0.00610
11	0.00512	0.00366	0.00488	0.00585	0.00610	0.00341	0.00390	0.00585	0.00805	0.01073	0.02317	0.84952	0.02780	0.01317	0.00537	0.00171	0.00244	0.01195	0.00390	0.00341
12	0.00609	0.00416	0.00502	0.00502	0.00517	0.00431	0.00309	0.00639	0.00624	0.00847	0.01285	0.02533	0.01433	0.68923	0.18314	0.00461	0.00550	0.00579	0.00249	0.00279
13	0.06504	0.09085	0.17098	0.03021	0.03785	0.13793	0.14934	0.01353	0.02077	0.08677	0.10735	0.02688	0.02095	0.00486	0.00409	0.00126	0.00522	0.00417	0.01653	0.00541
14	0.00914	0.00869	0.01477	0.44554	0.41621	0.00965	0.01227	0.01179	0.00897	0.01219	0.00768	0.01082	0.00612	0.00398	0.00418	0.00133	0.00531	0.00374	0.00197	0.00564
15	0.00530	0.00429	0.00478	0.00507	0.00626	0.00376	0.00391	0.00648	0.00941	0.01150	0.03665	0.13995	0.58667	0.01112	0.00516	0.00155	0.00247	0.14818	0.00390	0.00359
16	0.05374	0.19509	0.46285	0.01028	0.01506	0.05515	0.01180	0.09152	0.02331	0.01399	0.00741	0.00850	0.00561	0.00413	0.00390	0.00123	0.02537	0.00297	0.00212	0.00595
17	0.03943	0.14479	0.32583	0.02425	0.01464	0.09388	0.07041	0.06420	0.01012	0.09048	0.01014	0.04897	0.03542	0.00477	0.00394	0.00126	0.00538	0.00381	0.00252	0.00576
18	0.00574	0.00424	0.00600	0.03967	0.00786	0.00414	0.02280	0.00690	0.00843	0.01125	0.02186	0.59100	0.03832	0.01250	0.02518	0.00183	0.00314	0.16094	0.02458	0.00362
19	0.01147	0.01025	0.04078	0.12974	0.32389	0.03017	0.11760	0.13957	0.02804	0.08273	0.00967	0.03998	0.00765	0.00450	0.00432	0.00132	0.00516	0.00421	0.00275	0.00620
20	0.03069	0.63324	0.15180	0.00839	0.01236	0.03426	0.03633	0.01301	0.00877	0.02910	0.00647	0.00744	0.00551	0.00372	0.00304	0.00101	0.00489	0.00254	0.00191	0.00554

[dist]
# distance from previous block
# <min> <max>
0	3

[block]
# block no. 6 follows, 63 sequences, length 25
# corresponding to MSA columns:
# 440-464
name=unknown_G
#
# <colnr> <probs for GDERKNQSTAVLIFYWHMCP>
#	G	D	E	R	K	N	Q	S	T	A	V	L	I	F	Y	W	H	M	C	P
0	0.01076	0.04626	0.07524	0.04933	0.02671	0.03909	0.00787	0.07378	0.58574	0.01688	0.01442	0.01381	0.01083	0.00528	0.00416	0.00137	0.00398	0.00432	0.00374	0.00644
1	0.01025	0.00994	0.01671	0.09346	0.64973	0.02452	0.06112	0.02744	0.00961	0.01350	0.00795	0.01058	0.00660	0.00443	0.02114	0.00139	0.01940	0.00382	0.00211	0.00631
2	0.00814	0.03441	0.05837	0.12636	0.08527	0.05963	0.00746	0.02510	0.09822	0.01269	0.07855	0.11137	0.20160	0.00735	0.00518	0.00141	0.06492	0.00608	0.00310	0.00478
3	0.00596	0.00424	0.00478	0.00469	0.00538	0.00397	0.00310	0.00664	0.00813	0.02669	0.12175	0.03173	0.29225	0.41935	0.04143	0.00288	0.00340	0.00714	0.00330	0.00319
4	0.00981	0.32446	0.42471	0.01082	0.01578	0.01245	0.10108	0.03326	0.00915	0.01241	0.00710	0.00840	0.00551	0.00383	0.00363	0.00118	0.00564	0.00302	0.00188	0.00588
5	0.00535	0.00398	0.00499	0.00535	0.00607	0.00362	0.00378	0.00654	0.00957	0.01278	0.27886	0.42880	0.19245	0.01122	0.00516	0.00153	0.00223	0.00996	0.00413	0.00362
6	0.01372	0.01110	0.01240	0.03240	0.01337	0.04809	0.05827	0.48749	0.21032	0.02191	0.01187	0.01272	0.00893	0.00528	0.00431	0.00133	0.00460	0.03129	0.00393	0.00666
7	0.00678	0.00425	0.00553	0.00580	0.00663	0.00388	0.00414	0.00790	0.00936	0.09820	0.17974	0.49063	0.09866	0.02880	0.00548	0.00162	0.00252	0.03202	0.00415	0.00392
8	0.01561	0.01150	0.01235	0.00954	0.01280	0.01271	0.00785	0.78448	0.01936	0.02595	0.01054	0.03877	0.00785	0.00532	0.00424	0.00128	0.00455	0.00406	0.00419	0.00702
9	0.00603	0.00439	0.00616	0.00616	0.00671	0.00493	0.00451	0.00713	0.00658	0.00932	0.01180	0.01952	0.01181	0.25584	0.61308	0.00602	0.00930	0.00494	0.00233	0.00342
10	0.00512	0.00366	0.00488	0.00585	0.00610	0.00341	0.00390	0.00585	0.00805	0.01073	0.02317	0.84952	0.02780	0.01317	0.00537	0.00171	0.00244	0.01195	0.00390	0.00341
11	0.00843	0.02174	0.83048	0.01198	0.01819	0.00976	0.01553	0.01331	0.00888	0.01331	0.00754	0.00888	0.00533	0.00399	0.00399	0.00133	0.00621	0.00311	0.00178	0.00621
12	0.00497	0.00426	0.00426	0.00426	0.00568	0.00355	0.00319	0.00603	0.00958	0.01136	0.04259	0.04046	0.82433	0.01065	0.00497	0.00142	0.00213	0.00887	0.00390	0.00355
13	0.00601	0.00450	0.00676	0.00676	0.00751	0.00525	0.00525	0.00751	0.00676	0.00976	0.01126	0.01651	0.01051	0.03153	0.83560	0.00676	0.01126	0.00450	0.00225	0.00375
14	0.01570	0.02004	0.01191	0.01083	0.01300	0.83539	0.00812	0.01679	0.01191	0.01029	0.00650	0.00758	0.00541	0.00433	0.00379	0.00108	0.00758	0.00271	0.00217	0.00487
15	0.00843	0.02174	0.83048	0.01198	0.01819	0.00976	0.01553	0.01331	0.00888	0.01331	0.00754	0.00888	0.00533	0.00399	0.00399	0.00133	0.00621	0.00311	0.00178	0.00621
16	0.01094	0.00931	0.01103	0.06013	0.05132	0.01053	0.04064	0.13682	0.54704	0.01793	0.01491	0.01545	0.01146	0.00558	0.00435	0.00141	0.00391	0.03687	0.00391	0.00645
17	0.00497	0.00426	0.00426	0.00426	0.00568	0.00355	0.00319	0.00603	0.00958	0.01136	0.04259	0.04046	0.82433	0.01065	0.00497	0.00142	0.00213	0.00887	0.00390	0.00355
18	0.00828	0.00781	0.01297	0.61910	0.15515	0.00939	0.01134	0.01084	0.00847	0.01118	0.00848	0.01189	0.02803	0.00518	0.02590	0.00154	0.05367	0.00389	0.00197	0.00493
19	0.01124	0.85479	0.02203	0.00719	0.01079	0.01663	0.00719	0.01259	0.00854	0.00989	0.00584	0.00674	0.00539	0.00360	0.00270	0.00090	0.00450	0.00225	0.00180	0.00539
20	0.00512	0.00366	0.00488	0.00585	0.00610	0.00341	0.00390	0.00585	0.00805	0.01073	0.02317	0.84952	0.02780	0.01317	0.00537	0.00171	0.00244	0.01195	0.00390	0.00341
21	0.00519	0.00371	0.00496	0.00594	0.00621	0.00348	0.00403	0.00598	0.00812	0.01081	0.02313	0.81465	0.02765	0.01310	0.00538	0.00172	0.00250	0.04611	0.00390	0.00343
22	0.01258	0.13225	0.15131	0.01193	0.09326	0.29712	0.05825	0.09239	0.02215	0.03094	0.01958	0.00927	0.00659	0.00430	0.00399	0.00117	0.01884	0.00323	0.02520	0.00565
23	0.00880	0.00755	0.00875	0.00634	0.01001	0.00583	0.00506	0.01114	0.04709	0.01388	0.00793	0.00905	0.00654	0.00324	0.00317	0.00066	0.00312	0.00260	0.00258	0.83667
24	0.01121	0.15688	0.33607	0.01052	0.01480	0.09405	0.05864	0.13377	0.05329	0.04208	0.00905	0.02405	0.00712	0.00458	0.00394	0.00126	0.00551	0.02465	0.00254	0.00600

[dist]
# distance from previous block
# <min> <max>
0	11

[block]
# block no. 7 follows, 63 sequences, length 69
# corresponding to MSA columns:
# 478-546
name=unknown_H
#
# <colnr> <probs for GDERKNQSTAVLIFYWHMCP>
#	G	D	E	R	K	N	Q	S	T	A	V	L	I	F	Y	W	H	M	C	P
0	0.05391	0.02196	0.01123	0.00886	0.02527	0.01020	0.04386	0.41131	0.01399	0.04453	0.01074	0.01246	0.03248	0.06909	0.01871	0.00152	0.05814	0.00395	0.04377	0.10403
1	0.01012	0.00985	0.01720	0.08708	0.66444	0.00987	0.08766	0.01272	0.00949	0.01348	0.00792	0.01050	0.00654	0.00374	0.00421	0.00126	0.00518	0.00382	0.00208	0.03285
2	0.01072	0.00978	0.01484	0.07103	0.54600	0.04804	0.02347	0.07854	0.01044	0.03920	0.02148	0.07353	0.00875	0.00472	0.00425	0.00128	0.00484	0.00438	0.00253	0.02219
3	0.00512	0.00366	0.00488	0.00585	0.00610	0.00341	0.00390	0.00585	0.00805	0.01073	0.02317	0.84952	0.02780	0.01317	0.00537	0.00171	0.00244	0.01195	0.00390	0.00341
4	0.00675	0.00570	0.03079	0.00562	0.00713	0.02825	0.00447	0.02252	0.04654	0.04098	0.40242	0.03201	0.31793	0.00884	0.00485	0.00137	0.00252	0.02296	0.00419	0.00418
5	0.00504	0.00397	0.00456	0.00503	0.00588	0.00348	0.00354	0.00595	0.00884	0.01106	0.03323	0.43028	0.44055	0.01186	0.00516	0.00156	0.00228	0.01036	0.00390	0.00348
6	0.00778	0.00725	0.01214	0.79162	0.02755	0.00899	0.01118	0.01045	0.00835	0.01070	0.00826	0.04832	0.00674	0.01855	0.00454	0.00146	0.00544	0.00414	0.00197	0.00458
7	0.00843	0.02174	0.83048	0.01198	0.01819	0.00976	0.01553	0.01331	0.00888	0.01331	0.00754	0.00888	0.00533	0.00399	0.00399	0.00133	0.00621	0.00311	0.00178	0.00621
8	0.01124	0.85479	0.02203	0.00719	0.01079	0.01663	0.00719	0.01259	0.00854	0.00989	0.00584	0.00674	0.00539	0.00360	0.00270	0.00090	0.00450	0.00225	0.00180	0.00539
9	0.02504	0.02390	0.11705	0.01070	0.09295	0.01923	0.03047	0.24645	0.09677	0.19514	0.04964	0.03813	0.01026	0.00521	0.00421	0.00130	0.00435	0.00429	0.01841	0.00648
10	0.01283	0.13457	0.10479	0.01136	0.04982	0.36669	0.09049	0.04168	0.01062	0.04776	0.00777	0.02025	0.00635	0.00516	0.02793	0.00134	0.03853	0.00329	0.01341	0.00536
11	0.01196	0.01324	0.06632	0.12727	0.25445	0.20988	0.11255	0.12739	0.01143	0.01426	0.00787	0.00981	0.00617	0.00412	0.00417	0.00126	0.00599	0.00361	0.00236	0.00588
12	0.02949	0.00905	0.01435	0.27029	0.38401	0.01030	0.01136	0.02916	0.04973	0.01286	0.00788	0.01065	0.00644	0.00456	0.00559	0.00139	0.13126	0.00375	0.00215	0.00571
13	0.00554	0.00470	0.00484	0.00476	0.00624	0.00422	0.00361	0.00764	0.08309	0.01217	0.07228	0.03796	0.70349	0.01013	0.00492	0.00143	0.00226	0.02291	0.00397	0.00385
14	0.01191	0.00973	0.01128	0.04610	0.03463	0.03443	0.05231	0.33211	0.24207	0.01939	0.06484	0.02785	0.02583	0.06169	0.00547	0.00152	0.00425	0.00471	0.00380	0.00611
15	0.00595	0.00430	0.00562	0.00529	0.00628	0.00397	0.00397	0.00793	0.01190	0.01686	0.82382	0.03140	0.03966	0.00859	0.00496	0.00132	0.00198	0.00760	0.00463	0.00397
16	0.03070	0.00910	0.01084	0.03370	0.01213	0.00931	0.00705	0.31980	0.08693	0.41465	0.01372	0.01262	0.00915	0.00514	0.00420	0.00130	0.00401	0.00406	0.00460	0.00699
17	0.01555	0.01979	0.01193	0.01083	0.01295	0.81661	0.00815	0.01663	0.01179	0.01028	0.00648	0.00762	0.00542	0.00440	0.00402	0.00110	0.02669	0.00273	0.00216	0.00487
18	0.00512	0.00366	0.00488	0.00585	0.00610	0.00341	0.00390	0.00585	0.00805	0.01073	0.02317	0.84952	0.02780	0.01317	0.00537	0.00171	0.00244	0.01195	0.00390	0.00341
19	0.01489	0.01103	0.01188	0.00933	0.01241	0.01218	0.00762	0.71334	0.05682	0.02487	0.01142	0.07404	0.00899	0.00569	0.00430	0.00130	0.00440	0.00445	0.00419	0.00684
20	0.00983	0.00824	0.01041	0.04751	0.03145	0.00978	0.01820	0.16955	0.17980	0.01530	0.03926	0.01435	0.03316	0.02259	0.17659	0.00259	0.18783	0.00443	0.01379	0.00534
21	0.00884	0.00871	0.01249	0.05569	0.01185	0.01192	0.02345	0.00993	0.00667	0.01021	0.00652	0.03376	0.00647	0.00872	0.06159	0.00210	0.71063	0.00399	0.00193	0.00454
22	0.01045	0.00941	0.02306	0.14594	0.24415	0.05036	0.00931	0.11292	0.08001	0.03748	0.03634	0.01275	0.03314	0.01742	0.03814	0.00154	0.06245	0.00404	0.00275	0.06832
23	0.00828	0.00701	0.00825	0.00618	0.00949	0.00534	0.00485	0.01001	0.00864	0.01334	0.00938	0.11104	0.00885	0.00434	0.00339	0.00075	0.00303	0.00364	0.00266	0.77153
24	0.01092	0.01277	0.17789	0.05591	0.16755	0.08924	0.12841	0.07518	0.05719	0.07006	0.02423	0.02701	0.02092	0.02792	0.00509	0.00141	0.03563	0.00415	0.00264	0.00588
25	0.01315	0.03492	0.01118	0.00924	0.02882	0.08126	0.00725	0.34781	0.31999	0.02990	0.01257	0.01230	0.00935	0.00516	0.00408	0.00128	0.00421	0.00403	0.05698	0.00651
26	0.00586	0.00426	0.00551	0.00527	0.00624	0.00392	0.00393	0.00773	0.01157	0.01625	0.74213	0.07785	0.07581	0.00895	0.00498	0.00135	0.00202	0.00791	0.00455	0.00392
27	0.00952	0.10026	0.54711	0.01246	0.01783	0.03405	0.16846	0.01359	0.00923	0.03788	0.00781	0.00928	0.00569	0.00391	0.00406	0.00130	0.00617	0.00341	0.00196	0.00602
28	0.00995	0.42528	0.40304	0.00981	0.01463	0.02574	0.03407	0.01302	0.00879	0.01161	0.00673	0.00789	0.00539	0.00379	0.00339	0.00112	0.00543	0.00274	0.00180	0.00578
29	0.00589	0.00429	0.00554	0.00523	0.00625	0.00394	0.00392	0.00783	0.01177	0.01655	0.77987	0.03191	0.08381	0.00871	0.00496	0.00133	0.00199	0.00767	0.00459	0.00394
30	0.00660	0.00477	0.00654	0.00743	0.00842	0.00471	0.00643	0.00844	0.00964	0.01245	0.02392	0.06164	0.08888	0.01156	0.00573	0.00189	0.00370	0.71955	0.00387	0.00384
31	0.01043	0.56164	0.20670	0.03442	0.01348	0.02672	0.03795	0.01269	0.00863	0.01084	0.00638	0.00764	0.00543	0.00387	0.00358	0.00107	0.03853	0.00265	0.00181	0.00553
32	0.00549	0.00393	0.00528	0.00622	0.00664	0.00374	0.00450	0.00649	0.00841	0.01111	0.02318	0.64815	0.04092	0.02443	0.00568	0.00178	0.00277	0.18390	0.00388	0.00350
33	0.00537	0.00425	0.00484	0.00475	0.00594	0.00371	0.00354	0.00679	0.01045	0.01356	0.35830	0.07513	0.46856	0.00993	0.00498	0.00139	0.00208	0.00850	0.00420	0.00371
34	0.00626	0.05224	0.00617	0.00541	0.00669	0.00467	0.00419	0.00778	0.02350	0.03772	0.22240	0.16979	0.34854	0.01001	0.00494	0.00146	0.00250	0.07782	0.00400	0.00392
35	0.00810	0.00838	0.08082	0.21116	0.18514	0.00768	0.06897	0.01059	0.02495	0.03084	0.07393	0.09887	0.10217	0.05376	0.00557	0.00154	0.01425	0.00560	0.00271	0.00497
36	0.88196	0.00813	0.00618	0.00553	0.00813	0.00943	0.00455	0.01236	0.00715	0.01886	0.00585	0.00683	0.00455	0.00390	0.00260	0.00130	0.00325	0.00228	0.00260	0.00455
37	0.01570	0.02004	0.01191	0.01083	0.01300	0.83539	0.00812	0.01679	0.01191	0.01029	0.00650	0.00758	0.00541	0.00433	0.00379	0.00108	0.00758	0.00271	0.00217	0.00487
38	0.00967	0.02496	0.04942	0.08474	0.09172	0.09522	0.10845	0.05424	0.05005	0.05882	0.03668	0.07507	0.13012	0.01822	0.00484	0.00145	0.00465	0.09347	0.00311	0.00508
39	0.01502	0.01889	0.01149	0.01048	0.01255	0.77453	0.00787	0.01615	0.01157	0.01035	0.00689	0.00822	0.00579	0.00587	0.05057	0.00140	0.00769	0.00283	0.01704	0.00479
40	0.00794	0.00747	0.01261	0.84216	0.02895	0.00934	0.01167	0.01074	0.00841	0.01074	0.00747	0.01121	0.00560	0.00420	0.00420	0.00140	0.00560	0.00374	0.00187	0.00467
41	0.01074	0.00917	0.00967	0.00861	0.01104	0.01059	0.00672	0.06326	0.77706	0.01805	0.01675	0.01539	0.01254	0.00567	0.00427	0.00142	0.00339	0.00470	0.00427	0.00668
42	0.01035	0.00822	0.00908	0.00794	0.01014	0.00908	0.01805	0.18210	0.40300	0.01845	0.10402	0.04419	0.05571	0.00651	0.00439	0.00138	0.00335	0.03751	0.06062	0.00591
43	0.01596	0.01237	0.01256	0.00976	0.01303	0.07277	0.00800	0.75426	0.01919	0.02532	0.00983	0.00991	0.00702	0.00499	0.00418	0.00125	0.00484	0.00371	0.00406	0.00698
44	0.01123	0.00840	0.05535	0.00698	0.01073	0.00630	0.00597	0.04956	0.00995	0.19088	0.00957	0.01000	0.00712	0.00370	0.00345	0.00084	0.00346	0.00296	0.00312	0.60041
45	0.01046	0.00903	0.00951	0.00855	0.01093	0.01046	0.00665	0.02234	0.81845	0.01759	0.01711	0.01568	0.01283	0.00570	0.00428	0.00143	0.00333	0.00475	0.00428	0.00665
46	0.00963	0.25204	0.54312	0.01057	0.01570	0.05818	0.01267	0.01324	0.00890	0.01213	0.00697	0.00822	0.00535	0.00397	0.00383	0.00121	0.02372	0.00286	0.00180	0.00588
47	0.01886	0.00715	0.00976	0.00748	0.01073	0.00618	0.00618	0.02049	0.01203	0.82895	0.01658	0.01431	0.01041	0.00520	0.00423	0.00130	0.00358	0.00423	0.00520	0.00715
48	0.01570	0.02004	0.01191	0.01083	0.01300	0.83539	0.00812	0.01679	0.01191	0.01029	0.00650	0.00758	0.00541	0.00433	0.00379	0.00108	0.00758	0.00271	0.00217	0.00487
49	0.01280	0.01332	0.34416	0.01038	0.05944	0.00814	0.01032	0.07564	0.01087	0.32382	0.01246	0.07959	0.00930	0.00527	0.00422	0.00134	0.00472	0.00434	0.00345	0.00644
50	0.01070	0.00817	0.00899	0.00799	0.01026	0.00910	0.00623	0.02013	0.62135	0.10209	0.13008	0.01774	0.01634	0.00606	0.00437	0.00140	0.00316	0.00510	0.00442	0.00633
51	0.01598	0.01177	0.01262	0.00967	0.01304	0.01304	0.00799	0.81202	0.01976	0.02649	0.01009	0.01009	0.00715	0.00505	0.00421	0.00126	0.00463	0.00378	0.00421	0.00715
52	0.01598	0.01177	0.01262	0.00967	0.01304	0.01304	0.00799	0.81202	0.01976	0.02649	0.01009	0.01009	0.00715	0.00505	0.00421	0.00126	0.00463	0.00378	0.00421	0.00715
53	0.00794	0.00747	0.01261	0.84216	0.02895	0.00934	0.01167	0.01074	0.00841	0.01074	0.00747	0.01121	0.00560	0.00420	0.00420	0.00140	0.00560	0.00374	0.00187	0.00467
54	0.01598	0.01177	0.01262	0.00967	0.01304	0.01304	0.00799	0.81202	0.01976	0.02649	0.01009	0.01009	0.00715	0.00505	0.00421	0.00126	0.00463	0.00378	0.00421	0.00715
55	0.00920	0.00920	0.01288	0.01104	0.01104	0.01288	0.00920	0.01012	0.00644	0.01012	0.00552	0.00920	0.00552	0.00736	0.01380	0.00184	0.84457	0.00368	0.00184	0.00460
