[name]
unknown

[dist]
# distance from previous block
# <min> <max>
2	88

[block]
# block no. 0 follows, 68 sequences, length 8
# corresponding to MSA columns:
# 88-95
name=unknown_A
#
# <colnr> <probs for GDERKNQSTAVLIFYWHMCP>
#	G	D	E	R	K	N	Q	S	T	A	V	L	I	F	Y	W	H	M	C	P
0	0.00966	0.00932	0.01557	0.02247	0.72555	0.00978	0.01170	0.01182	0.00863	0.01250	0.00716	0.00966	0.00614	0.00399	0.00514	0.00125	0.11818	0.00352	0.00193	0.00602
1	0.00757	0.00882	0.12253	0.64305	0.07705	0.00862	0.01120	0.01035	0.00804	0.01064	0.00783	0.05277	0.00637	0.00433	0.00399	0.00132	0.00518	0.00383	0.00186	0.00466
2	0.00981	0.06858	0.12530	0.06112	0.46548	0.03661	0.02659	0.02992	0.00913	0.04432	0.03329	0.02603	0.00738	0.00410	0.00419	0.00120	0.03536	0.00362	0.00215	0.00580
3	0.01005	0.12224	0.01143	0.09627	0.01168	0.06474	0.04369	0.08840	0.00978	0.11289	0.11612	0.07057	0.05181	0.00653	0.02460	0.00141	0.14543	0.00461	0.00293	0.00481
4	0.01055	0.16210	0.28795	0.01030	0.06625	0.03700	0.05257	0.06510	0.04421	0.12347	0.06476	0.01068	0.00843	0.00437	0.00405	0.00119	0.03531	0.00346	0.00259	0.00568
5	0.08057	0.34590	0.15119	0.06240	0.01251	0.03811	0.02387	0.04108	0.00902	0.14750	0.02158	0.00882	0.00642	0.00402	0.00356	0.00110	0.03164	0.00289	0.00243	0.00538
6	0.09771	0.14885	0.17404	0.00769	0.02874	0.04533	0.00720	0.06195	0.03328	0.04492	0.18347	0.07944	0.04060	0.00623	0.02295	0.00132	0.00395	0.00458	0.00291	0.00485
7	0.06684	0.32631	0.28724	0.00823	0.01205	0.01076	0.02784	0.03466	0.00880	0.03244	0.09140	0.03142	0.00906	0.00430	0.00336	0.00109	0.00440	0.00329	0.00223	0.03427

[dist]
# distance from previous block
# <min> <max>
37	108

[block]
# block no. 1 follows, 68 sequences, length 31
# corresponding to MSA columns:
# 210-240
name=unknown_B
#
# <colnr> <probs for GDERKNQSTAVLIFYWHMCP>
#	G	D	E	R	K	N	Q	S	T	A	V	L	I	F	Y	W	H	M	C	P
0	0.02180	0.05757	0.12700	0.00904	0.02770	0.06126	0.04419	0.31056	0.05741	0.05070	0.05400	0.03834	0.02721	0.00481	0.00384	0.00115	0.00433	0.00386	0.00315	0.09207
1	0.15391	0.03157	0.10184	0.01005	0.11995	0.04027	0.03049	0.11867	0.15548	0.04039	0.05181	0.01982	0.02955	0.02844	0.00422	0.00128	0.01100	0.00377	0.00293	0.04454
2	0.25078	0.04115	0.17264	0.02021	0.05984	0.02086	0.00751	0.05437	0.10099	0.05148	0.05918	0.01159	0.03385	0.02921	0.00419	0.00129	0.02722	0.00347	0.00272	0.04744
3	0.00817	0.02960	0.05718	0.00879	0.08004	0.08833	0.00664	0.06100	0.02824	0.02730	0.01915	0.01314	0.00879	0.01922	0.49933	0.00421	0.00832	0.00383	0.00231	0.02638
4	0.00985	0.00898	0.07201	0.01953	0.08156	0.03022	0.03232	0.10922	0.30756	0.06549	0.14451	0.01667	0.06127	0.01755	0.00437	0.00131	0.00362	0.00476	0.00359	0.00561
5	0.00867	0.03758	0.18923	0.03552	0.05682	0.00893	0.32324	0.04834	0.06874	0.01303	0.03175	0.05661	0.04704	0.03367	0.00480	0.00137	0.00520	0.00465	0.00240	0.02241
6	0.05802	0.04796	0.03898	0.00916	0.06167	0.09530	0.00716	0.37826	0.03686	0.04404	0.03600	0.03245	0.04525	0.00504	0.00408	0.00118	0.03136	0.00383	0.03567	0.02774
7	0.01036	0.07735	0.28080	0.01065	0.10086	0.03313	0.04352	0.10089	0.01013	0.11943	0.04318	0.01169	0.04812	0.00503	0.02479	0.00129	0.00477	0.00363	0.00266	0.06773
8	0.01028	0.10037	0.25434	0.02324	0.08824	0.00877	0.02938	0.09188	0.03032	0.13597	0.01981	0.04625	0.03590	0.00573	0.04149	0.00140	0.00471	0.00381	0.00272	0.06540
9	0.03380	0.02609	0.00673	0.00630	0.00729	0.00475	0.04702	0.02767	0.03230	0.05916	0.07996	0.55054	0.02192	0.04808	0.00537	0.00157	0.00279	0.00883	0.00355	0.02626
10	0.01147	0.00943	0.03533	0.00870	0.04702	0.05340	0.00678	0.27157	0.24813	0.07248	0.04969	0.04699	0.05251	0.00552	0.00403	0.00123	0.00376	0.01481	0.00369	0.05348
11	0.01147	0.06084	0.09590	0.01121	0.11646	0.16743	0.07516	0.12886	0.03152	0.09700	0.07654	0.04945	0.02057	0.00497	0.00428	0.00121	0.03476	0.00408	0.00286	0.00544
12	0.00795	0.00504	0.00650	0.00580	0.00736	0.00457	0.01614	0.01009	0.05751	0.14735	0.37824	0.14521	0.08323	0.00770	0.00444	0.00126	0.00246	0.02020	0.00405	0.08492
13	0.01107	0.11656	0.01117	0.00773	0.03151	0.05257	0.00619	0.23241	0.06186	0.03800	0.00852	0.02247	0.00680	0.00392	0.00336	0.00090	0.00377	0.00301	0.00287	0.37533
14	0.04083	0.03080	0.07603	0.01395	0.04844	0.02951	0.48781	0.11055	0.01052	0.09883	0.00871	0.01032	0.00633	0.00374	0.00428	0.00127	0.00577	0.00412	0.00252	0.00567
15	0.03856	0.03557	0.13453	0.00946	0.04914	0.01024	0.01742	0.44778	0.01435	0.10914	0.05749	0.01076	0.00843	0.00462	0.00387	0.00118	0.00428	0.00362	0.00348	0.03609
16	0.00993	0.32030	0.35492	0.01004	0.06372	0.01154	0.02307	0.06047	0.03931	0.04863	0.01940	0.00861	0.00618	0.00384	0.00340	0.00110	0.00487	0.00291	0.00211	0.00568
17	0.00586	0.00518	0.04843	0.00506	0.00657	0.00418	0.00414	0.00787	0.04669	0.03867	0.35239	0.03140	0.41179	0.00858	0.00458	0.00129	0.00225	0.00730	0.00390	0.00387
18	0.01025	0.51521	0.19561	0.00998	0.10156	0.01329	0.02124	0.07070	0.00901	0.01160	0.00639	0.00746	0.00534	0.00359	0.00309	0.00100	0.00468	0.00259	0.00189	0.00551
19	0.01974	0.15204	0.18768	0.01186	0.15490	0.04708	0.07378	0.05847	0.04206	0.17337	0.00975	0.02628	0.01707	0.00423	0.00374	0.00117	0.00470	0.00354	0.00269	0.00585
20	0.00576	0.00387	0.00447	0.00447	0.00452	0.00392	0.00258	0.00586	0.00581	0.00779	0.01236	0.02522	0.01410	0.80256	0.07785	0.00402	0.00432	0.00566	0.00238	0.00248
21	0.00525	0.00375	0.00485	0.00533	0.00566	0.00372	0.00361	0.00593	0.00703	0.00941	0.01844	0.43608	0.06236	0.23300	0.15379	0.00300	0.00415	0.02850	0.00308	0.00308
22	0.01017	0.03496	0.10832	0.02812	0.52161	0.00969	0.05339	0.06256	0.07832	0.04172	0.00852	0.01013	0.00672	0.00383	0.00392	0.00120	0.00474	0.00358	0.00232	0.00617
23	0.00935	0.21480	0.46515	0.01036	0.05738	0.01073	0.01127	0.02424	0.10598	0.04297	0.00818	0.00894	0.00614	0.00391	0.00353	0.00116	0.00499	0.00300	0.00212	0.00580
24	0.01459	0.01830	0.01129	0.01019	0.01219	0.79036	0.00769	0.03858	0.01126	0.01013	0.00619	0.00727	0.00516	0.00421	0.00393	0.00105	0.03824	0.00262	0.00209	0.00465
25	0.05397	0.02870	0.72516	0.01063	0.01598	0.00923	0.01333	0.02597	0.03862	0.01304	0.00750	0.00888	0.00547	0.02205	0.00405	0.00131	0.00553	0.00301	0.00186	0.00573
26	0.00576	0.00413	0.00511	0.00482	0.00591	0.00371	0.00363	0.00741	0.01070	0.03980	0.61651	0.03119	0.22965	0.00848	0.00466	0.00127	0.00195	0.00736	0.00422	0.00374
27	0.05748	0.00956	0.05853	0.00971	0.09103	0.00968	0.00739	0.21207	0.34839	0.10920	0.01326	0.01276	0.03314	0.00495	0.00392	0.00127	0.00373	0.00402	0.00368	0.00623
28	0.00526	0.00404	0.00481	0.00462	0.00571	0.00359	0.00346	0.00680	0.01039	0.01393	0.53251	0.03286	0.33996	0.00884	0.00468	0.00128	0.00192	0.00763	0.00411	0.00359
29	0.00833	0.11565	0.71152	0.01135	0.05174	0.00995	0.01365	0.01246	0.00836	0.01221	0.00695	0.00821	0.00508	0.00371	0.00364	0.00121	0.00563	0.00286	0.00169	0.00579
30	0.10939	0.63441	0.01714	0.00674	0.00971	0.07129	0.00634	0.01173	0.00824	0.01065	0.04885	0.00795	0.00685	0.00461	0.03131	0.00111	0.00440	0.00249	0.00196	0.00484

[dist]
# distance from previous block
# <min> <max>
0	3

[block]
# block no. 2 follows, 68 sequences, length 6
# corresponding to MSA columns:
# 244-249
name=unknown_C
#
# <colnr> <probs for GDERKNQSTAVLIFYWHMCP>
#	G	D	E	R	K	N	Q	S	T	A	V	L	I	F	Y	W	H	M	C	P
0	0.00904	0.13244	0.05953	0.00789	0.04936	0.00798	0.00627	0.14692	0.06974	0.06184	0.05210	0.30582	0.01554	0.00825	0.03177	0.00149	0.00367	0.02218	0.00331	0.00487
1	0.10489	0.04618	0.01228	0.01059	0.07780	0.31507	0.08644	0.10654	0.03513	0.15512	0.00864	0.00918	0.00640	0.00415	0.00368	0.00114	0.00529	0.00320	0.00283	0.00545
2	0.00577	0.00453	0.00578	0.00618	0.04466	0.00405	0.00425	0.00693	0.00835	0.01130	0.10074	0.34049	0.17821	0.04691	0.03559	0.00163	0.00285	0.05597	0.00336	0.13242
3	0.00848	0.00741	0.01178	0.40004	0.06296	0.02846	0.10695	0.04136	0.00886	0.06041	0.01110	0.13541	0.03800	0.00535	0.00417	0.00130	0.00463	0.00490	0.00246	0.05597
4	0.00784	0.00661	0.00779	0.00574	0.00889	0.00506	0.00456	0.00962	0.00866	0.01336	0.12800	0.01135	0.01049	0.00369	0.00319	0.00068	0.00278	0.00305	0.00264	0.75599
5	0.00662	0.00445	0.00541	0.00548	0.00650	0.00424	0.00399	0.00842	0.07509	0.08933	0.07072	0.32970	0.23229	0.06149	0.05463	0.00188	0.00298	0.02924	0.00370	0.00385

[dist]
# distance from previous block
# <min> <max>
0	1

[block]
# block no. 3 follows, 68 sequences, length 7
# corresponding to MSA columns:
# 251-257
name=unknown_D
#
# <colnr> <probs for GDERKNQSTAVLIFYWHMCP>
#	G	D	E	R	K	N	Q	S	T	A	V	L	I	F	Y	W	H	M	C	P
0	0.00529	0.00408	0.00554	0.00597	0.00660	0.00386	0.03576	0.00664	0.04513	0.01066	0.02319	0.65429	0.12037	0.01140	0.00497	0.00156	0.00253	0.04504	0.00363	0.00348
1	0.04909	0.01171	0.10048	0.00984	0.06292	0.08428	0.00813	0.41209	0.04449	0.16260	0.00998	0.00997	0.00702	0.00452	0.00385	0.00119	0.00452	0.00346	0.00353	0.00631
2	0.00582	0.00391	0.00452	0.00460	0.00469	0.00391	0.00278	0.00599	0.00608	0.00808	0.01329	0.02770	0.01520	0.78118	0.01881	0.00366	0.00383	0.08092	0.00252	0.00252
3	0.04911	0.38611	0.01561	0.00858	0.03906	0.11131	0.00724	0.31064	0.01230	0.01561	0.00713	0.00774	0.00571	0.00399	0.00323	0.00102	0.00459	0.00275	0.00261	0.00565
4	0.00948	0.04209	0.05209	0.01213	0.01445	0.05921	0.31579	0.07137	0.00885	0.01205	0.00825	0.03645	0.02496	0.00614	0.04104	0.00162	0.27278	0.00419	0.00214	0.00492
5	0.00510	0.00384	0.00471	0.00490	0.00571	0.00346	0.00352	0.00633	0.00941	0.01254	0.34422	0.30726	0.25439	0.01008	0.00481	0.00139	0.00205	0.00886	0.00395	0.00346
6	0.01196	0.05425	0.07804	0.03280	0.15274	0.11781	0.04771	0.22750	0.08156	0.06224	0.00888	0.00965	0.00671	0.00412	0.00377	0.00112	0.00474	0.00335	0.00284	0.08821

[dist]
# distance from previous block
# <min> <max>
0	3

[block]
# block no. 4 follows, 68 sequences, length 57
# corresponding to MSA columns:
# 261-317
name=unknown_E
#
# <colnr> <probs for GDERKNQSTAVLIFYWHMCP>
#	G	D	E	R	K	N	Q	S	T	A	V	L	I	F	Y	W	H	M	C	P
0	0.00502	0.00366	0.00457	0.00509	0.00555	0.00338	0.00344	0.00583	0.00807	0.01069	0.13098	0.52996	0.14633	0.11005	0.00671	0.00178	0.00238	0.00966	0.00362	0.00321
1	0.01075	0.37454	0.11846	0.00877	0.03060	0.11823	0.02229	0.10668	0.02966	0.01231	0.05098	0.00947	0.02409	0.00437	0.00398	0.00108	0.06320	0.00307	0.00225	0.00522
2	0.02204	0.04030	0.04026	0.02169	0.18737	0.01964	0.03634	0.35897	0.01290	0.02662	0.00820	0.00920	0.00628	0.00404	0.00389	0.00108	0.02171	0.00327	0.00291	0.17331
3	0.04150	0.02289	0.18839	0.22599	0.26233	0.00936	0.02179	0.07502	0.05326	0.03883	0.01866	0.01015	0.00653	0.00399	0.00386	0.00124	0.00487	0.00346	0.00225	0.00563
4	0.00480	0.00398	0.00420	0.00424	0.00545	0.00338	0.00314	0.00587	0.00917	0.01123	0.12553	0.09959	0.68573	0.01001	0.00471	0.00135	0.00202	0.00846	0.00376	0.00338
5	0.00946	0.00898	0.01651	0.01254	0.01549	0.02033	0.46449	0.06875	0.08743	0.05664	0.01209	0.14874	0.01085	0.00554	0.00462	0.00138	0.00518	0.04298	0.00283	0.00517
6	0.01156	0.07884	0.07529	0.01565	0.37367	0.05129	0.02111	0.17907	0.04367	0.07266	0.00854	0.00966	0.00659	0.00397	0.00378	0.00115	0.00462	0.00338	0.00263	0.03285
7	0.00877	0.02283	0.29379	0.01032	0.08853	0.05542	0.04146	0.05879	0.01000	0.04796	0.21858	0.01562	0.02877	0.00538	0.00451	0.00126	0.04358	0.02205	0.01724	0.00515
8	0.00488	0.00382	0.00433	0.00461	0.00546	0.00337	0.00325	0.00579	0.00852	0.01073	0.09746	0.30410	0.44811	0.06990	0.00589	0.00159	0.00222	0.00904	0.00365	0.00327
9	0.01436	0.03730	0.01112	0.00876	0.02945	0.06410	0.00700	0.46288	0.09909	0.17335	0.01216	0.01169	0.04046	0.00495	0.00393	0.00120	0.00414	0.00382	0.00390	0.00636
10	0.00984	0.01033	0.05573	0.02246	0.70572	0.04244	0.05912	0.01230	0.00913	0.01283	0.01821	0.00995	0.00656	0.00361	0.00396	0.00119	0.00494	0.00358	0.00199	0.00611
11	0.00576	0.00387	0.00444	0.00444	0.00449	0.00391	0.00255	0.00584	0.00580	0.00778	0.01238	0.02534	0.01415	0.81176	0.06872	0.00399	0.00424	0.00568	0.00239	0.00247
12	0.00943	0.10286	0.03398	0.00712	0.04264	0.00719	0.00574	0.06269	0.00905	0.05181	0.00745	0.00841	0.00602	0.00324	0.00307	0.00073	0.00335	0.00254	0.00246	0.63021
13	0.00995	0.00967	0.04050	0.04110	0.73321	0.00938	0.02314	0.02464	0.02768	0.03109	0.00785	0.00999	0.00643	0.00364	0.00394	0.00119	0.00472	0.00356	0.00209	0.00623
14	0.00822	0.00705	0.00822	0.00587	0.00940	0.00529	0.00470	0.00998	0.00822	0.01292	0.00705	0.00822	0.00587	0.00294	0.00294	0.00059	0.00294	0.00235	0.00235	0.88490
15	0.01033	0.00875	0.00923	0.00816	0.01049	0.01008	0.00639	0.09332	0.75575	0.01734	0.01554	0.01432	0.01162	0.00532	0.00403	0.00133	0.00325	0.00440	0.00403	0.00632
16	0.00822	0.00705	0.00822	0.00587	0.00940	0.00529	0.00470	0.00998	0.00822	0.01292	0.00705	0.00822	0.00587	0.00294	0.00294	0.00059	0.00294	0.00235	0.00235	0.88490
17	0.00469	0.00402	0.00402	0.00402	0.00536	0.00335	0.00301	0.00569	0.00904	0.01071	0.04017	0.03816	0.83432	0.01004	0.00469	0.00134	0.00201	0.00837	0.00368	0.00335
18	0.00936	0.01070	0.02340	0.01671	0.02072	0.01003	0.82152	0.01270	0.00936	0.01270	0.00802	0.01070	0.00602	0.00334	0.00468	0.00134	0.00668	0.00468	0.00201	0.00535
19	0.01662	0.00862	0.01036	0.00794	0.01106	0.00861	0.00656	0.36483	0.01449	0.48874	0.01301	0.01179	0.00849	0.00484	0.00398	0.00121	0.00380	0.00381	0.00450	0.00675
20	0.00814	0.00475	0.00609	0.00539	0.00682	0.00435	0.00416	0.03290	0.01123	0.17009	0.57868	0.02634	0.09108	0.00748	0.00449	0.00124	0.00223	0.00648	0.02371	0.00436
21	0.01483	0.01001	0.01106	0.00859	0.01161	0.01084	0.00706	0.61383	0.07502	0.15152	0.03716	0.01116	0.00858	0.00493	0.00400	0.00121	0.00404	0.00381	0.00413	0.00661
22	0.00689	0.00344	0.00517	0.00517	0.00517	0.00344	0.00344	0.00517	0.00517	0.00689	0.00689	0.01205	0.00689	0.01377	0.01550	0.88464	0.00344	0.00344	0.00172	0.00172
23	0.00822	0.00705	0.00822	0.00587	0.00940	0.00529	0.00470	0.00998	0.00822	0.01292	0.00705	0.00822	0.00587	0.00294	0.00294	0.00059	0.00294	0.00235	0.00235	0.88490
24	0.00574	0.00417	0.00599	0.00599	0.00660	0.00475	0.00452	0.00697	0.00635	0.00918	0.01097	0.01702	0.01056	0.14660	0.69877	0.00582	0.00935	0.00444	0.03281	0.00338
25	0.00483	0.00347	0.00458	0.00547	0.00574	0.00322	0.00366	0.00553	0.00764	0.01014	0.02249	0.82953	0.05435	0.01234	0.00505	0.00160	0.00229	0.01117	0.00368	0.00322
26	0.00489	0.00351	0.00455	0.00536	0.00563	0.00327	0.00356	0.00555	0.00754	0.00999	0.02216	0.75921	0.06696	0.07011	0.00607	0.00175	0.00239	0.01075	0.00359	0.00317
27	0.01408	0.02382	0.01308	0.01104	0.08478	0.10905	0.09432	0.43642	0.02441	0.12485	0.00973	0.01949	0.00709	0.00451	0.00399	0.00119	0.00480	0.00369	0.00344	0.00623
28	0.67793	0.00914	0.00759	0.00686	0.03138	0.09400	0.02555	0.06192	0.00811	0.02727	0.00606	0.00702	0.00470	0.00383	0.00292	0.00121	0.01499	0.00242	0.00250	0.00459
29	0.00939	0.02428	0.01438	0.20000	0.49899	0.06395	0.02211	0.01156	0.00868	0.01174	0.00764	0.04063	0.00662	0.00420	0.00452	0.00125	0.05886	0.00374	0.00197	0.00550
30	0.01069	0.84575	0.02058	0.00685	0.01022	0.03268	0.00680	0.01195	0.00812	0.00934	0.00552	0.00638	0.00509	0.00341	0.00257	0.00085	0.00430	0.00213	0.00170	0.00508
31	0.00572	0.00423	0.00538	0.00514	0.00615	0.00396	0.00391	0.00784	0.03938	0.01526	0.69373	0.03065	0.10390	0.00833	0.00470	0.00129	0.00202	0.05037	0.00426	0.00379
32	0.00503	0.00403	0.00450	0.00438	0.00557	0.00349	0.00329	0.00636	0.00986	0.01265	0.33731	0.03496	0.53596	0.00932	0.00468	0.00130	0.00196	0.00792	0.00394	0.00349
33	0.88866	0.00767	0.00583	0.00521	0.00767	0.00889	0.00429	0.01166	0.00675	0.01779	0.00552	0.00644	0.00429	0.00368	0.00245	0.00123	0.00307	0.00215	0.00245	0.00429
34	0.00554	0.00405	0.00520	0.00491	0.00588	0.00371	0.00368	0.00734	0.01105	0.01548	0.76995	0.03030	0.10155	0.00826	0.00468	0.00125	0.00188	0.00727	0.00431	0.00371
35	0.01779	0.00675	0.00920	0.00705	0.01012	0.00583	0.00583	0.01932	0.01135	0.83867	0.01564	0.01350	0.00981	0.00491	0.00399	0.00123	0.00337	0.00399	0.00491	0.00675
36	0.00795	0.02051	0.84011	0.01130	0.01716	0.00921	0.01465	0.01256	0.00837	0.01256	0.00712	0.00837	0.00502	0.00377	0.00377	0.00126	0.00586	0.00293	0.00167	0.00586
37	0.00986	0.00852	0.00897	0.00807	0.01031	0.00986	0.00628	0.02107	0.82876	0.01659	0.01614	0.01479	0.01210	0.00538	0.00403	0.00134	0.00314	0.00448	0.00403	0.00628
38	0.88866	0.00767	0.00583	0.00521	0.00767	0.00889	0.00429	0.01166	0.00675	0.01779	0.00552	0.00644	0.00429	0.00368	0.00245	0.00123	0.00307	0.00215	0.00245	0.00429
39	0.01507	0.01111	0.01190	0.00912	0.01230	0.01230	0.00754	0.82270	0.01864	0.02499	0.00952	0.00952	0.00674	0.00476	0.00397	0.00119	0.00436	0.00357	0.00397	0.00674
40	0.88866	0.00767	0.00583	0.00521	0.00767	0.00889	0.00429	0.01166	0.00675	0.01779	0.00552	0.00644	0.00429	0.00368	0.00245	0.00123	0.00307	0.00215	0.00245	0.00429
41	0.00981	0.00942	0.01609	0.02434	0.83592	0.00942	0.01217	0.01217	0.00903	0.01295	0.00746	0.00981	0.00628	0.00353	0.00393	0.00118	0.00471	0.00353	0.00196	0.00628
42	0.00986	0.00852	0.00897	0.00807	0.01031	0.00986	0.00628	0.02107	0.82876	0.01659	0.01614	0.01479	0.01210	0.00538	0.00403	0.00134	0.00314	0.00448	0.00403	0.00628
43	0.00564	0.00381	0.00446	0.00462	0.00471	0.00377	0.00276	0.00585	0.00630	0.00842	0.03643	0.15574	0.01714	0.67898	0.01695	0.00336	0.00354	0.03221	0.00269	0.00261
44	0.09192	0.00690	0.00890	0.00694	0.00992	0.00627	0.00572	0.01874	0.04695	0.73226	0.01480	0.01295	0.00944	0.00482	0.00386	0.00123	0.00334	0.00385	0.00466	0.00652
45	0.00577	0.00384	0.00432	0.00432	0.00432	0.00384	0.00240	0.00577	0.00577	0.00769	0.01249	0.02595	0.01441	0.86066	0.02018	0.00384	0.00384	0.00577	0.00240	0.00240
46	0.79685	0.00767	0.00624	0.00545	0.00797	0.00871	0.00449	0.02993	0.00739	0.08659	0.00645	0.00710	0.00481	0.00381	0.00261	0.00123	0.00312	0.00233	0.00269	0.00455
47	0.00556	0.00400	0.00522	0.00501	0.00586	0.00370	0.00370	0.00728	0.01078	0.01521	0.74737	0.09253	0.03587	0.03407	0.00517	0.00135	0.00196	0.00744	0.00425	0.00366
48	0.00822	0.00705	0.00822	0.00587	0.00940	0.00529	0.00470	0.00998	0.00822	0.01292	0.00705	0.00822	0.00587	0.00294	0.00294	0.00059	0.00294	0.00235	0.00235	0.88490
49	0.01761	0.00704	0.00938	0.00719	0.01027	0.00626	0.00594	0.07279	0.01183	0.78452	0.01523	0.01323	0.00961	0.00490	0.00399	0.00122	0.00344	0.00396	0.00484	0.00675
50	0.00546	0.00407	0.00465	0.00456	0.00574	0.00354	0.00340	0.00671	0.00964	0.04242	0.27598	0.11080	0.48984	0.00949	0.00469	0.00133	0.00204	0.00812	0.00393	0.00358
51	0.01287	0.11328	0.05790	0.01028	0.01273	0.54222	0.07871	0.03240	0.01043	0.01059	0.03119	0.00825	0.00619	0.00422	0.00413	0.00109	0.05373	0.00292	0.00208	0.00479
52	0.01201	0.01263	0.01190	0.01110	0.07604	0.32874	0.01811	0.08300	0.00966	0.05104	0.00682	0.00873	0.00577	0.00598	0.03400	0.00149	0.31265	0.00320	0.00223	0.00490
53	0.00488	0.00376	0.00446	0.00484	0.00561	0.00334	0.00342	0.00586	0.00867	0.01115	0.13957	0.41177	0.35673	0.01087	0.00486	0.00145	0.00212	0.00953	0.00377	0.00334
54	0.00536	0.00407	0.00523	0.01698	0.02374	0.00384	0.00411	0.00679	0.03099	0.01184	0.20028	0.42382	0.17032	0.01047	0.00487	0.00148	0.00236	0.06612	0.00377	0.00355
55	0.01071	0.03051	0.07526	0.04271	0.15862	0.10474	0.03978	0.12146	0.28925	0.02557	0.01129	0.05352	0.00906	0.00487	0.00397	0.00125	0.00444	0.00411	0.00303	0.00584
56	0.01204	0.04569	0.09167	0.00980	0.04814	0.11858	0.03755	0.27335	0.15612	0.05995	0.01908	0.04921	0.00862	0.01729	0.00448	0.00127	0.03417	0.00396	0.00320	0.00582

[dist]
# distance from previous block
# <min> <max>
1	10

[block]
# block no. 5 follows, 68 sequences, length 28
# corresponding to MSA columns:
# 330-357
name=unknown_F
#
# <colnr> <probs for GDERKNQSTAVLIFYWHMCP>
#	G	D	E	R	K	N	Q	S	T	A	V	L	I	F	Y	W	H	M	C	P
0	0.54098	0.05902	0.00912	0.00904	0.14269	0.08230	0.00615	0.02481	0.03066	0.02834	0.00649	0.00759	0.00517	0.00410	0.01435	0.00124	0.00389	0.00255	0.00239	0.01913
1	0.00585	0.00443	0.00528	0.00523	0.00628	0.00410	0.00382	0.06267	0.00979	0.01304	0.25465	0.31459	0.24343	0.00968	0.00470	0.00137	0.00227	0.00847	0.00384	0.03649
2	0.01011	0.00988	0.01777	0.09277	0.34121	0.00997	0.31234	0.11577	0.02475	0.01421	0.00805	0.01026	0.00626	0.00369	0.00422	0.00125	0.00542	0.00398	0.00225	0.00583
3	0.00598	0.00409	0.00530	0.00497	0.00595	0.00379	0.00374	0.00784	0.01107	0.03417	0.77242	0.02848	0.03536	0.00785	0.00456	0.00123	0.00190	0.00692	0.05058	0.00381
4	0.00486	0.00346	0.00459	0.00548	0.00571	0.00324	0.00364	0.00553	0.00753	0.01005	0.02156	0.83229	0.02586	0.03870	0.00553	0.00168	0.00235	0.01110	0.00364	0.00320
5	0.00654	0.00412	0.00491	0.00462	0.00576	0.00377	0.00350	0.00822	0.01014	0.06279	0.44336	0.02702	0.18749	0.00751	0.00421	0.00119	0.00198	0.00644	0.20259	0.00383
6	0.00504	0.00400	0.00453	0.00446	0.00559	0.00349	0.00332	0.00635	0.00977	0.01262	0.33567	0.08025	0.49196	0.00945	0.00470	0.00132	0.00197	0.00808	0.00394	0.00349
7	0.01507	0.01111	0.01190	0.00912	0.01230	0.01230	0.00754	0.82270	0.01864	0.02499	0.00952	0.00952	0.00674	0.00476	0.00397	0.00119	0.00436	0.00357	0.00397	0.00674
8	0.00822	0.00705	0.00822	0.00587	0.00940	0.00529	0.00470	0.00998	0.00822	0.01292	0.00705	0.00822	0.00587	0.00294	0.00294	0.00059	0.00294	0.00235	0.00235	0.88490
9	0.00986	0.00852	0.00897	0.00807	0.01031	0.00986	0.00628	0.02107	0.82876	0.01659	0.01614	0.01479	0.01210	0.00538	0.00403	0.00134	0.00314	0.00448	0.00403	0.00628
10	0.00749	0.00705	0.01189	0.85113	0.02731	0.00881	0.01101	0.01013	0.00793	0.01013	0.00705	0.01057	0.00529	0.00396	0.00396	0.00132	0.00529	0.00352	0.00176	0.00440
11	0.00795	0.02051	0.84011	0.01130	0.01716	0.00921	0.01465	0.01256	0.00837	0.01256	0.00712	0.00837	0.00502	0.00377	0.00377	0.00126	0.00586	0.00293	0.00167	0.00586
12	0.00483	0.00345	0.00460	0.00552	0.00575	0.00322	0.00368	0.00552	0.00759	0.01012	0.02185	0.85807	0.02622	0.01242	0.00506	0.00161	0.00230	0.01127	0.00368	0.00322
13	0.01779	0.00675	0.00920	0.00705	0.01012	0.00583	0.00583	0.01932	0.01135	0.83867	0.01564	0.01350	0.00981	0.00491	0.00399	0.00123	0.00337	0.00399	0.00491	0.00675
14	0.01088	0.00812	0.00934	0.06605	0.01116	0.00890	0.00661	0.43441	0.06344	0.01856	0.01376	0.20667	0.01306	0.00710	0.00434	0.00136	0.00376	0.08503	0.02206	0.00538
15	0.00936	0.01070	0.02340	0.01671	0.02072	0.01003	0.82152	0.01270	0.00936	0.01270	0.00802	0.01070	0.00602	0.00334	0.00468	0.00134	0.00668	0.00468	0.00201	0.00535
16	0.00523	0.00449	0.00454	0.00444	0.00588	0.00403	0.00335	0.00730	0.09503	0.01133	0.03765	0.03571	0.74806	0.00955	0.00462	0.00134	0.00213	0.00796	0.00372	0.00365
17	0.00600	0.02472	0.00694	0.00649	0.00716	0.00561	0.00505	0.00726	0.00634	0.00911	0.01028	0.01573	0.00984	0.09523	0.70054	0.00572	0.06807	0.00427	0.00211	0.00354
18	0.01042	0.80491	0.07731	0.00710	0.01066	0.01524	0.00733	0.01192	0.00808	0.00955	0.00562	0.00650	0.00508	0.00342	0.00263	0.00088	0.00435	0.00218	0.00169	0.00514
19	0.01429	0.01779	0.01099	0.00999	0.01205	0.75603	0.00751	0.01639	0.09810	0.01044	0.00719	0.00796	0.00585	0.00422	0.00362	0.00106	0.00672	0.00276	0.00225	0.00477
20	0.00492	0.00353	0.00463	0.00548	0.00577	0.00330	0.00371	0.00564	0.00764	0.01012	0.02222	0.76326	0.05866	0.04387	0.00562	0.00169	0.00240	0.04070	0.00363	0.00321
21	0.00753	0.00812	0.10014	0.01054	0.20164	0.03730	0.01851	0.01020	0.06770	0.03027	0.20048	0.02267	0.25562	0.00665	0.00430	0.00126	0.00340	0.00574	0.00318	0.00475
22	0.00775	0.10108	0.16728	0.00798	0.03574	0.01698	0.03716	0.05514	0.06563	0.01264	0.06238	0.17168	0.13785	0.00669	0.00408	0.00124	0.00366	0.01707	0.00291	0.08505
23	0.00482	0.00351	0.00454	0.00537	0.00571	0.00323	0.00361	0.00554	0.00774	0.01018	0.02370	0.77540	0.10770	0.01218	0.00502	0.00158	0.00227	0.01098	0.00368	0.00323
24	0.01061	0.00819	0.00883	0.00780	0.01010	0.00923	0.00611	0.03766	0.69251	0.09972	0.01639	0.01505	0.02928	0.00540	0.00401	0.00132	0.00313	0.00448	0.02397	0.00621
25	0.01197	0.30320	0.06920	0.01261	0.24321	0.07273	0.02995	0.02558	0.00942	0.17409	0.00833	0.00908	0.00640	0.00382	0.00345	0.00107	0.00459	0.00306	0.00247	0.00579
26	0.04521	0.04427	0.03195	0.01448	0.33662	0.15895	0.00879	0.08984	0.04411	0.07947	0.07646	0.02400	0.01958	0.00452	0.00385	0.00117	0.00459	0.00378	0.00273	0.00564
27	0.00909	0.00610	0.00697	0.00623	0.00791	0.00641	0.00483	0.06234	0.27283	0.10133	0.26940	0.04497	0.01951	0.00623	0.00404	0.00123	0.00259	0.00528	0.15771	0.00502

[dist]
# distance from previous block
# <min> <max>
0	1

[block]
# block no. 6 follows, 68 sequences, length 22
# corresponding to MSA columns:
# 359-380
name=unknown_G
#
# <colnr> <probs for GDERKNQSTAVLIFYWHMCP>
#	G	D	E	R	K	N	Q	S	T	A	V	L	I	F	Y	W	H	M	C	P
0	0.49577	0.03450	0.02324	0.00717	0.03374	0.11592	0.00569	0.12054	0.00921	0.01670	0.00639	0.00727	0.00499	0.00378	0.00292	0.00111	0.00388	0.00247	0.00254	0.10216
1	0.00498	0.00372	0.00465	0.00516	0.00578	0.00338	0.00363	0.00597	0.00856	0.01126	0.15834	0.50934	0.21032	0.01113	0.00493	0.00150	0.00221	0.03801	0.00379	0.00335
2	0.01159	0.04027	0.10351	0.02861	0.14952	0.22535	0.06159	0.16051	0.02511	0.01362	0.00730	0.00888	0.00585	0.00478	0.01653	0.00130	0.12467	0.00327	0.00231	0.00544
3	0.00854	0.00446	0.00473	0.00437	0.00562	0.00445	0.00336	0.06820	0.00938	0.07318	0.03786	0.01541	0.03375	0.00490	0.00305	0.00099	0.00214	0.00394	0.70755	0.00412
4	0.00696	0.00446	0.00512	0.00481	0.00591	0.00444	0.00365	0.03691	0.06729	0.01580	0.41127	0.02180	0.02340	0.00637	0.00382	0.00112	0.00203	0.00543	0.36539	0.00400
5	0.01017	0.00456	0.00530	0.00469	0.00621	0.00429	0.00367	0.01193	0.00930	0.24256	0.05639	0.01520	0.01148	0.00488	0.00321	0.00102	0.00227	0.00396	0.59436	0.00454
6	0.00525	0.00394	0.00487	0.00485	0.00576	0.00355	0.00356	0.00670	0.01005	0.01362	0.49821	0.18109	0.22532	0.00935	0.00475	0.00133	0.00198	0.00820	0.00408	0.00355
7	0.00566	0.00425	0.00637	0.00637	0.00708	0.00496	0.00496	0.00708	0.00637	0.00920	0.01062	0.01558	0.00991	0.02974	0.84494	0.00637	0.01062	0.00425	0.00212	0.00354
8	0.88866	0.00767	0.00583	0.00521	0.00767	0.00889	0.00429	0.01166	0.00675	0.01779	0.00552	0.00644	0.00429	0.00368	0.00245	0.00123	0.00307	0.00215	0.00245	0.00429
9	0.88866	0.00767	0.00583	0.00521	0.00767	0.00889	0.00429	0.01166	0.00675	0.01779	0.00552	0.00644	0.00429	0.00368	0.00245	0.00123	0.00307	0.00215	0.00245	0.00429
10	0.00561	0.00405	0.00530	0.00499	0.00592	0.00374	0.00374	0.00748	0.01122	0.01590	0.83383	0.02962	0.03741	0.00811	0.00468	0.00125	0.00187	0.00717	0.00436	0.00374
11	0.01053	0.00858	0.01027	0.00754	0.01097	0.00784	0.05099	0.27598	0.01169	0.01686	0.00791	0.00878	0.00617	0.00356	0.00337	0.00083	0.00361	0.00288	0.00286	0.54881
12	0.00981	0.00942	0.01609	0.02434	0.83592	0.00942	0.01217	0.01217	0.00903	0.01295	0.00746	0.00981	0.00628	0.00353	0.00393	0.00118	0.00471	0.00353	0.00196	0.00628
13	0.00993	0.56150	0.09028	0.00780	0.01095	0.01289	0.04912	0.01160	0.00810	0.04661	0.00761	0.00925	0.02324	0.00610	0.07273	0.00145	0.04753	0.01631	0.00196	0.00502
14	0.01013	0.27689	0.29126	0.01060	0.01486	0.04833	0.18323	0.03029	0.00901	0.06223	0.00734	0.00853	0.00561	0.00365	0.00358	0.00112	0.00535	0.00310	0.00203	0.02287
15	0.00936	0.01070	0.02340	0.01671	0.02072	0.01003	0.82152	0.01270	0.00936	0.01270	0.00802	0.01070	0.00602	0.00334	0.00468	0.00134	0.00668	0.00468	0.00201	0.00535
16	0.00682	0.00626	0.01002	0.58073	0.02075	0.00728	0.02980	0.00909	0.00853	0.01094	0.10458	0.01773	0.16068	0.00552	0.00419	0.00132	0.00434	0.00484	0.00241	0.00416
17	0.01016	0.03404	0.15349	0.18041	0.19091	0.04316	0.03797	0.09229	0.05714	0.08843	0.01015	0.03562	0.02988	0.00455	0.00397	0.00125	0.00477	0.01365	0.00257	0.00559
18	0.01017	0.17766	0.05363	0.02901	0.18557	0.02536	0.31696	0.05064	0.03733	0.03665	0.00804	0.01014	0.00641	0.00379	0.00411	0.00120	0.01979	0.01576	0.00218	0.00558
19	0.00502	0.00368	0.00473	0.00531	0.00584	0.00339	0.00373	0.00601	0.00849	0.01130	0.16815	0.57131	0.13034	0.01129	0.00496	0.00152	0.00225	0.04554	0.00380	0.00335
20	0.00942	0.00853	0.01436	0.18529	0.59693	0.00882	0.01121	0.01173	0.00892	0.04541	0.03123	0.03480	0.00766	0.00405	0.00399	0.00122	0.00462	0.00387	0.00216	0.00577
21	0.01044	0.04470	0.01328	0.12213	0.32752	0.15667	0.02558	0.03317	0.16495	0.01282	0.02505	0.01062	0.00760	0.00422	0.00407	0.00120	0.02437	0.00358	0.00242	0.00559

[dist]
# distance from previous block
# <min> <max>
0	1

[block]
# block no. 7 follows, 68 sequences, length 53
# corresponding to MSA columns:
# 382-434
name=unknown_H
#
# <colnr> <probs for GDERKNQSTAVLIFYWHMCP>
#	G	D	E	R	K	N	Q	S	T	A	V	L	I	F	Y	W	H	M	C	P
0	0.01625	0.00887	0.01045	0.00803	0.01111	0.00902	0.00663	0.42020	0.01494	0.41792	0.01254	0.01153	0.00829	0.00483	0.00396	0.00120	0.00384	0.00377	0.01994	0.00669
1	0.02751	0.02294	0.01667	0.04352	0.01630	0.23992	0.35823	0.17519	0.01152	0.01420	0.00761	0.00930	0.00582	0.00396	0.00438	0.00122	0.03024	0.00372	0.00240	0.00533
2	0.00549	0.00399	0.00461	0.00446	0.00551	0.00359	0.00332	0.00699	0.00990	0.01361	0.41878	0.03083	0.32481	0.03459	0.00493	0.00132	0.00198	0.00714	0.11061	0.00355
3	0.00638	0.00422	0.00542	0.00502	0.00612	0.00385	0.00380	0.00817	0.01099	0.06912	0.69940	0.02880	0.09420	0.00795	0.00458	0.00124	0.00198	0.00696	0.02791	0.00391
4	0.00544	0.00405	0.00506	0.00481	0.00582	0.00367	0.00361	0.00715	0.01082	0.01495	0.68828	0.03118	0.18356	0.00846	0.00468	0.00126	0.00190	0.00739	0.00424	0.00367
5	0.04763	0.00678	0.00909	0.00699	0.01004	0.00593	0.00577	0.01906	0.01119	0.81055	0.01530	0.01325	0.00963	0.00487	0.00393	0.00123	0.00336	0.00392	0.00482	0.00666
6	0.00986	0.00852	0.00897	0.00807	0.01031	0.00986	0.00628	0.02107	0.82876	0.01659	0.01614	0.01479	0.01210	0.00538	0.00403	0.00134	0.00314	0.00448	0.00403	0.00628
7	0.00809	0.00690	0.00808	0.00583	0.00922	0.00521	0.00465	0.00986	0.00837	0.01307	0.04823	0.00929	0.00744	0.00319	0.00302	0.00062	0.00288	0.00259	0.00245	0.84101
8	0.88866	0.00767	0.00583	0.00521	0.00767	0.00889	0.00429	0.01166	0.00675	0.01779	0.00552	0.00644	0.00429	0.00368	0.00245	0.00123	0.00307	0.00215	0.00245	0.00429
9	0.00749	0.00705	0.01189	0.85113	0.02731	0.00881	0.01101	0.01013	0.00793	0.01013	0.00705	0.01057	0.00529	0.00396	0.00396	0.00132	0.00529	0.00352	0.00176	0.00440
10	0.00483	0.00345	0.00460	0.00552	0.00575	0.00322	0.00368	0.00552	0.00759	0.01012	0.02185	0.85807	0.02622	0.01242	0.00506	0.00161	0.00230	0.01127	0.00368	0.00322
11	0.00589	0.00495	0.00550	0.00617	0.03462	0.06395	0.00416	0.00693	0.00877	0.01140	0.17073	0.49289	0.13333	0.01028	0.00476	0.00144	0.00261	0.00911	0.01897	0.00354
12	0.01060	0.86304	0.02078	0.00678	0.01018	0.01569	0.00678	0.01187	0.00806	0.00933	0.00551	0.00636	0.00509	0.00339	0.00254	0.00085	0.00424	0.00212	0.00170	0.00509
13	0.00493	0.00349	0.00457	0.00540	0.00560	0.00328	0.00355	0.00555	0.00740	0.00987	0.02089	0.77209	0.02500	0.10007	0.00662	0.00184	0.00246	0.01070	0.00355	0.00314
14	0.00492	0.00392	0.00445	0.00482	0.00580	0.00345	0.00359	0.00593	0.00864	0.01068	0.03277	0.27181	0.51183	0.01082	0.00488	0.00147	0.00228	0.10092	0.00368	0.00335
15	0.01057	0.06784	0.38775	0.01158	0.01575	0.28073	0.14568	0.01360	0.00945	0.01147	0.00685	0.00824	0.00522	0.00378	0.00378	0.00117	0.00632	0.00305	0.00185	0.00532
16	0.00881	0.29337	0.57477	0.00984	0.01490	0.01131	0.01210	0.01233	0.00827	0.01151	0.00660	0.00772	0.00504	0.00365	0.00337	0.00112	0.00534	0.00267	0.00168	0.00561
17	0.83473	0.00822	0.00636	0.00563	0.00809	0.04652	0.01803	0.01186	0.00699	0.01734	0.00559	0.00654	0.00436	0.00369	0.00254	0.00122	0.00331	0.00221	0.00243	0.00433
18	0.01500	0.00959	0.01080	0.00841	0.01136	0.01021	0.00690	0.58199	0.01619	0.21049	0.01160	0.05622	0.00854	0.00559	0.01693	0.00130	0.00412	0.00409	0.00414	0.00651
19	0.00777	0.00447	0.00549	0.00503	0.00642	0.00399	0.00384	0.00926	0.01013	0.16748	0.33663	0.08713	0.23333	0.00797	0.00439	0.00126	0.00222	0.00683	0.09222	0.00416
20	0.01189	0.46612	0.01652	0.07378	0.03325	0.27231	0.00756	0.05750	0.00964	0.01046	0.00609	0.00719	0.00523	0.00373	0.00309	0.00097	0.00524	0.00248	0.00194	0.00500
21	0.00504	0.00365	0.00479	0.00558	0.00592	0.00347	0.00377	0.00615	0.03591	0.01063	0.06210	0.78792	0.02630	0.01197	0.00501	0.00158	0.00231	0.01083	0.00373	0.00335
22	0.05651	0.05759	0.02336	0.00928	0.04205	0.02202	0.00748	0.61498	0.06206	0.05120	0.00954	0.00960	0.00688	0.00461	0.00381	0.00118	0.00426	0.00346	0.00368	0.00645
23	0.03446	0.03038	0.01361	0.05936	0.12383	0.27476	0.13317	0.09984	0.08537	0.05492	0.00835	0.00954	0.00645	0.00418	0.00419	0.00119	0.03491	0.00343	0.00254	0.01553
24	0.00579	0.00414	0.00507	0.00478	0.00591	0.00370	0.00360	0.00739	0.01058	0.04456	0.57033	0.03154	0.27084	0.00856	0.00465	0.00127	0.00197	0.00741	0.00418	0.00374
25	0.01147	0.32858	0.07830	0.03158	0.10830	0.16899	0.06320	0.11905	0.01021	0.01237	0.00670	0.00793	0.00551	0.00386	0.00365	0.00106	0.02888	0.00286	0.00211	0.00539
26	0.00567	0.00424	0.00633	0.00633	0.00702	0.00493	0.00490	0.00705	0.00636	0.00917	0.01066	0.01580	0.01001	0.04785	0.82696	0.00632	0.01047	0.00428	0.00213	0.00352
27	0.00502	0.00359	0.00482	0.00569	0.00602	0.00338	0.00397	0.00588	0.00789	0.01052	0.05155	0.74162	0.02627	0.01211	0.00509	0.00162	0.00243	0.09555	0.00370	0.00329
28	0.00559	0.00405	0.00527	0.00497	0.00591	0.00373	0.00373	0.00744	0.01118	0.01579	0.81732	0.02979	0.05399	0.00815	0.00468	0.00125	0.00187	0.00720	0.00435	0.00373
29	0.00483	0.00345	0.00460	0.00552	0.00575	0.00322	0.00368	0.00552	0.00759	0.01012	0.02185	0.85807	0.02622	0.01242	0.00506	0.00161	0.00230	0.01127	0.00368	0.00322
30	0.01060	0.86304	0.02078	0.00678	0.01018	0.01569	0.00678	0.01187	0.00806	0.00933	0.00551	0.00636	0.00509	0.00339	0.00254	0.00085	0.00424	0.00212	0.00170	0.00509
31	0.00795	0.02051	0.84011	0.01130	0.01716	0.00921	0.01465	0.01256	0.00837	0.01256	0.00712	0.00837	0.00502	0.00377	0.00377	0.00126	0.00586	0.00293	0.00167	0.00586
32	0.03470	0.00677	0.00914	0.00702	0.01007	0.00589	0.00580	0.01917	0.01126	0.82273	0.01545	0.01336	0.00971	0.00488	0.00396	0.00123	0.00337	0.00395	0.00486	0.00670
33	0.01060	0.86304	0.02078	0.00678	0.01018	0.01569	0.00678	0.01187	0.00806	0.00933	0.00551	0.00636	0.00509	0.00339	0.00254	0.00085	0.00424	0.00212	0.00170	0.00509
34	0.00749	0.00705	0.01189	0.85113	0.02731	0.00881	0.01101	0.01013	0.00793	0.01013	0.00705	0.01057	0.00529	0.00396	0.00396	0.00132	0.00529	0.00352	0.00176	0.00440
35	0.00639	0.00456	0.00639	0.00730	0.00821	0.00456	0.00639	0.00821	0.00913	0.01187	0.02099	0.04472	0.02282	0.01095	0.00548	0.00183	0.00365	0.80924	0.00365	0.00365
36	0.00483	0.00345	0.00460	0.00552	0.00575	0.00322	0.00368	0.00552	0.00759	0.01012	0.02185	0.85807	0.02622	0.01242	0.00506	0.00161	0.00230	0.01127	0.00368	0.00322
37	0.00814	0.08082	0.78146	0.01098	0.01666	0.00967	0.01409	0.01251	0.00835	0.01233	0.00700	0.00823	0.00503	0.00374	0.00368	0.00123	0.00574	0.00287	0.00168	0.00580
38	0.00982	0.00938	0.01577	0.02360	0.79878	0.00944	0.01190	0.01257	0.04591	0.01312	0.00785	0.01004	0.00654	0.00362	0.00393	0.00119	0.00464	0.00358	0.00206	0.00628
39	0.88866	0.00767	0.00583	0.00521	0.00767	0.00889	0.00429	0.01166	0.00675	0.01779	0.00552	0.00644	0.00429	0.00368	0.00245	0.00123	0.00307	0.00215	0.00245	0.00429
40	0.00577	0.00384	0.00432	0.00432	0.00432	0.00384	0.00240	0.00577	0.00577	0.00769	0.01249	0.02595	0.01441	0.86066	0.02018	0.00384	0.00384	0.00577	0.00240	0.00240
41	0.00808	0.06247	0.79931	0.01108	0.01681	0.00953	0.01426	0.01252	0.00836	0.01240	0.00704	0.00827	0.00503	0.00375	0.00371	0.00124	0.00578	0.00289	0.00168	0.00582
42	0.00815	0.05086	0.71821	0.04250	0.03396	0.00949	0.05782	0.01244	0.00841	0.01236	0.00711	0.00853	0.00511	0.00373	0.00378	0.00125	0.00580	0.00303	0.00170	0.00576
43	0.01064	0.78062	0.01987	0.00705	0.01019	0.01519	0.00690	0.01189	0.00800	0.02994	0.00574	0.00670	0.00521	0.00368	0.00333	0.00092	0.06500	0.00226	0.00178	0.00508
44	0.00469	0.00402	0.00402	0.00402	0.00536	0.00335	0.00301	0.00569	0.00904	0.01071	0.04017	0.03816	0.83432	0.01004	0.00469	0.00134	0.00201	0.00837	0.00368	0.00335
45	0.00976	0.00936	0.01599	0.04461	0.81610	0.00941	0.01214	0.01212	0.00900	0.01288	0.00745	0.00983	0.00626	0.00354	0.00393	0.00118	0.00472	0.00353	0.00196	0.00623
46	0.01098	0.01101	0.04193	0.18936	0.22837	0.17075	0.09212	0.07188	0.02923	0.06796	0.00834	0.02416	0.00655	0.00415	0.00407	0.00122	0.01634	0.00362	0.01255	0.00541
47	0.00477	0.00402	0.00413	0.00410	0.00541	0.00338	0.00308	0.00585	0.00923	0.01116	0.10948	0.03741	0.76472	0.00987	0.00469	0.00133	0.00200	0.00826	0.00374	0.00338
48	0.00499	0.00408	0.00437	0.00449	0.00570	0.00354	0.00345	0.00607	0.00892	0.01080	0.04922	0.03830	0.67043	0.05250	0.00556	0.00153	0.00232	0.11675	0.00363	0.00335
49	0.41139	0.00896	0.00999	0.17260	0.10409	0.05335	0.03813	0.13280	0.00934	0.01623	0.00675	0.00827	0.00518	0.00389	0.00328	0.00123	0.00422	0.00290	0.00245	0.00496
50	0.03393	0.01173	0.14545	0.00990	0.03379	0.07994	0.07678	0.28504	0.01214	0.10777	0.00939	0.02494	0.00724	0.04730	0.00539	0.00137	0.06785	0.00372	0.03068	0.00568
51	0.00934	0.00781	0.00825	0.00745	0.00952	0.00889	0.00579	0.03318	0.68142	0.01629	0.05349	0.01652	0.05396	0.00567	0.00401	0.00131	0.00296	0.00473	0.06356	0.00585
52	0.01153	0.04952	0.01225	0.04115	0.23564	0.21200	0.00820	0.09827	0.06706	0.04463	0.00808	0.00918	0.00641	0.00387	0.00360	0.00103	0.00476	0.00309	0.00250	0.17723

[dist]
# distance from previous block
# <min> <max>
0	3

[block]
# block no. 8 follows, 68 sequences, length 27
# corresponding to MSA columns:
# 438-464
name=unknown_I
#
# <colnr> <probs for GDERKNQSTAVLIFYWHMCP>
#	G	D	E	R	K	N	Q	S	T	A	V	L	I	F	Y	W	H	M	C	P
0	0.02908	0.02329	0.11860	0.02076	0.11167	0.03551	0.04669	0.14742	0.14627	0.13034	0.02782	0.01402	0.07244	0.00536	0.00454	0.00135	0.03469	0.00426	0.00339	0.02250
1	0.18516	0.14972	0.02237	0.02159	0.05425	0.28351	0.02943	0.10118	0.03966	0.02436	0.02030	0.00922	0.03512	0.00424	0.00336	0.00111	0.00494	0.00300	0.00246	0.00500
2	0.00765	0.00722	0.01219	0.79167	0.08546	0.00885	0.01109	0.01028	0.00801	0.01033	0.00708	0.01052	0.00536	0.00393	0.00396	0.00131	0.00524	0.00352	0.00178	0.00454
3	0.00929	0.01056	0.02298	0.04720	0.02096	0.00998	0.79191	0.01261	0.00931	0.01261	0.00799	0.01069	0.00599	0.00336	0.00465	0.00134	0.00663	0.00464	0.00200	0.00531
4	0.00970	0.00833	0.00884	0.00803	0.01021	0.00961	0.00628	0.02046	0.78969	0.01636	0.01637	0.01622	0.01261	0.00564	0.00410	0.00137	0.00316	0.04284	0.00402	0.00615
5	0.00499	0.00357	0.00476	0.00551	0.00586	0.00334	0.00379	0.00588	0.00814	0.01096	0.13137	0.71711	0.02761	0.01179	0.00502	0.00157	0.00229	0.03936	0.00377	0.00331
6	0.00639	0.00456	0.00639	0.00730	0.00821	0.00456	0.00639	0.00821	0.00913	0.01187	0.02099	0.04472	0.02282	0.01095	0.00548	0.00183	0.00365	0.80924	0.00365	0.00365
7	0.00577	0.00384	0.00432	0.00432	0.00432	0.00384	0.00240	0.00577	0.00577	0.00769	0.01249	0.02595	0.01441	0.86066	0.02018	0.00384	0.00384	0.00577	0.00240	0.00240
8	0.01023	0.00870	0.00918	0.00814	0.01045	0.01004	0.00637	0.07843	0.77080	0.01719	0.01566	0.01442	0.01172	0.00533	0.00403	0.00133	0.00323	0.00442	0.00403	0.00631
9	0.01779	0.00675	0.00920	0.00705	0.01012	0.00583	0.00583	0.01932	0.01135	0.83867	0.01564	0.01350	0.00981	0.00491	0.00399	0.00123	0.00337	0.00399	0.00491	0.00675
10	0.00986	0.00852	0.00897	0.00807	0.01031	0.00986	0.00628	0.02107	0.82876	0.01659	0.01614	0.01479	0.01210	0.00538	0.00403	0.00134	0.00314	0.00448	0.00403	0.00628
11	0.00689	0.00344	0.00517	0.00517	0.00517	0.00344	0.00344	0.00517	0.00517	0.00689	0.00689	0.01205	0.00689	0.01377	0.01550	0.88464	0.00344	0.00344	0.00172	0.00172
12	0.00822	0.00705	0.00822	0.00587	0.00940	0.00529	0.00470	0.00998	0.00822	0.01292	0.00705	0.00822	0.00587	0.00294	0.00294	0.00059	0.00294	0.00235	0.00235	0.88490
13	0.00984	0.00903	0.02744	0.02030	0.63763	0.00858	0.02661	0.01212	0.00904	0.05226	0.00828	0.01101	0.00696	0.00379	0.00387	0.00113	0.00445	0.03172	0.00221	0.11373
14	0.00808	0.01964	0.76783	0.01178	0.01748	0.00928	0.08606	0.01257	0.00846	0.01257	0.00720	0.00858	0.00511	0.00373	0.00385	0.00126	0.00593	0.00308	0.00170	0.00581
15	0.00561	0.00405	0.00530	0.00499	0.00592	0.00374	0.00374	0.00748	0.01122	0.01590	0.83383	0.02962	0.03741	0.00811	0.00468	0.00125	0.00187	0.00717	0.00436	0.00374
16	0.00749	0.00705	0.01189	0.85113	0.02731	0.00881	0.01101	0.01013	0.00793	0.01013	0.00705	0.01057	0.00529	0.00396	0.00396	0.00132	0.00529	0.00352	0.00176	0.00440
17	0.00857	0.16390	0.62673	0.01168	0.08848	0.01034	0.01308	0.01240	0.00838	0.01204	0.00687	0.00815	0.00515	0.00368	0.00357	0.00118	0.00548	0.00284	0.00170	0.00576
18	0.00481	0.00352	0.00453	0.00534	0.00570	0.00324	0.00360	0.00554	0.00777	0.01019	0.02410	0.75738	0.12546	0.01213	0.00501	0.00158	0.00226	0.01092	0.00368	0.00324
