[name]
unknown

[dist]
# distance from previous block
# <min> <max>
0	56

[block]
# block no. 0 follows, 56 sequences, length 12
# corresponding to MSA columns:
# 68-79
name=unknown_A
#
# <colnr> <probs for GDERKNQSTAVLIFYWHMCP>
#	G	D	E	R	K	N	Q	S	T	A	V	L	I	F	Y	W	H	M	C	P
0	0.02987	0.05998	0.09680	0.01281	0.07592	0.01169	0.15016	0.22107	0.10317	0.01878	0.03116	0.02413	0.01862	0.00516	0.00497	0.00139	0.03983	0.00444	0.00328	0.08678
1	0.00672	0.00628	0.06867	0.00630	0.00793	0.00483	0.00515	0.00872	0.04218	0.04331	0.13233	0.27555	0.35267	0.01116	0.00541	0.00162	0.00287	0.00966	0.00425	0.00440
2	0.01171	0.04423	0.12712	0.07906	0.10903	0.10114	0.04104	0.05904	0.07627	0.10060	0.10021	0.06360	0.03035	0.03012	0.00521	0.00152	0.00513	0.00518	0.00338	0.00606
3	0.00754	0.00632	0.00676	0.06211	0.00904	0.06823	0.00503	0.00922	0.01154	0.04361	0.33156	0.08480	0.31773	0.00971	0.00526	0.00149	0.00307	0.00828	0.00432	0.00438
4	0.02841	0.17335	0.01401	0.01100	0.07403	0.33009	0.02784	0.03555	0.01107	0.01262	0.01084	0.15336	0.01069	0.00634	0.00454	0.00131	0.03061	0.00491	0.05412	0.00532
5	0.63563	0.01067	0.08437	0.00756	0.03303	0.05546	0.00641	0.01335	0.00833	0.01845	0.00744	0.00961	0.00614	0.06133	0.00452	0.00161	0.00421	0.00298	0.02385	0.00506
6	0.01212	0.01208	0.03088	0.04817	0.39617	0.12440	0.06269	0.07629	0.05813	0.03047	0.07130	0.01404	0.03253	0.00507	0.00465	0.00138	0.00555	0.00456	0.00293	0.00657
7	0.01132	0.11489	0.09053	0.07565	0.13311	0.03315	0.00937	0.04793	0.22016	0.06013	0.08603	0.01524	0.02468	0.00559	0.00460	0.00140	0.01966	0.00459	0.03557	0.00640
8	0.00756	0.00567	0.00774	0.00738	0.00830	0.00647	0.00565	0.06946	0.00876	0.01239	0.06657	0.01990	0.01385	0.13807	0.56103	0.00589	0.04291	0.00529	0.00283	0.00426
9	0.04439	0.07461	0.16139	0.01542	0.26085	0.10705	0.01095	0.01517	0.02712	0.09382	0.00956	0.02747	0.00761	0.00453	0.00416	0.00126	0.00540	0.00372	0.00271	0.12281
10	0.02947	0.00961	0.02590	0.06586	0.05960	0.02735	0.00780	0.05941	0.47241	0.03423	0.12422	0.01848	0.03293	0.00638	0.00471	0.00150	0.00392	0.00536	0.00427	0.00659
11	0.01305	0.56443	0.02041	0.00900	0.01231	0.11217	0.00822	0.08029	0.04365	0.01275	0.00734	0.00843	0.00641	0.00462	0.00440	0.00116	0.08015	0.00291	0.00235	0.00596

[dist]
# distance from previous block
# <min> <max>
0	1

[block]
# block no. 1 follows, 56 sequences, length 39
# corresponding to MSA columns:
# 81-119
name=unknown_B
#
# <colnr> <probs for GDERKNQSTAVLIFYWHMCP>
#	G	D	E	R	K	N	Q	S	T	A	V	L	I	F	Y	W	H	M	C	P
0	0.02882	0.14217	0.40768	0.01249	0.06784	0.03973	0.02359	0.13462	0.02583	0.02643	0.02416	0.01030	0.00718	0.00470	0.00446	0.00137	0.02583	0.00356	0.00257	0.00668
1	0.00805	0.00525	0.00757	0.00800	0.05473	0.00546	0.01927	0.00822	0.04592	0.01023	0.01261	0.05825	0.03728	0.09668	0.05225	0.46047	0.03356	0.05735	0.01559	0.00325
2	0.01210	0.00984	0.01045	0.00923	0.01189	0.01124	0.00723	0.08203	0.68977	0.04765	0.01797	0.01661	0.01338	0.00613	0.00462	0.00152	0.00370	0.00506	0.03235	0.00723
3	0.01715	0.02188	0.01301	0.01183	0.01419	0.82022	0.00887	0.01833	0.01301	0.01124	0.00710	0.00828	0.00591	0.00473	0.00414	0.00118	0.00828	0.00296	0.00237	0.00532
4	0.00741	0.00494	0.00617	0.00572	0.00711	0.00443	0.00434	0.00932	0.01244	0.08215	0.57217	0.03498	0.21232	0.00959	0.00535	0.00147	0.00234	0.00831	0.00493	0.00451
5	0.01192	0.00991	0.01083	0.02692	0.01250	0.01055	0.00718	0.15383	0.45042	0.01965	0.01448	0.01405	0.01096	0.00536	0.00434	0.00131	0.00387	0.00436	0.00411	0.22345
6	0.06058	0.06576	0.05899	0.00912	0.02529	0.04785	0.05254	0.13860	0.01170	0.03661	0.00867	0.00980	0.00683	0.00404	0.00378	0.00100	0.00450	0.00319	0.00296	0.44819
7	0.03185	0.01048	0.01107	0.07293	0.02748	0.08198	0.00767	0.23283	0.21126	0.06358	0.01335	0.03797	0.01082	0.07635	0.06824	0.00213	0.00537	0.00477	0.00384	0.02606
8	0.00567	0.00478	0.00494	0.00493	0.00646	0.00410	0.00373	0.00717	0.02674	0.01296	0.09341	0.04323	0.72034	0.01141	0.00544	0.00156	0.00240	0.03242	0.00432	0.00398
9	0.00618	0.00563	0.04927	0.00652	0.00758	0.00470	0.00502	0.02233	0.00980	0.01291	0.09446	0.48702	0.22163	0.01238	0.00589	0.00172	0.02785	0.01085	0.00414	0.00410
10	0.02613	0.11137	0.15950	0.05586	0.07342	0.18650	0.01040	0.17782	0.01325	0.11207	0.00954	0.01033	0.00705	0.00476	0.00421	0.00130	0.00594	0.00355	0.00309	0.02389
11	0.00596	0.00449	0.00605	0.00686	0.00710	0.00458	0.00474	0.00678	0.00864	0.01166	0.02371	0.76751	0.02836	0.01386	0.00662	0.00188	0.07098	0.01231	0.00408	0.00384
12	0.01038	0.00843	0.00912	0.00814	0.01038	0.00933	0.00633	0.09050	0.47100	0.01937	0.18855	0.02211	0.07450	0.00717	0.00481	0.00149	0.00329	0.00603	0.04274	0.00632
13	0.21049	0.37742	0.05663	0.02233	0.08721	0.04235	0.03480	0.03747	0.03328	0.03370	0.00761	0.00879	0.00628	0.00431	0.00367	0.00124	0.02096	0.00302	0.00247	0.00596
14	0.00876	0.00825	0.01393	0.80191	0.05666	0.01022	0.01279	0.01181	0.00922	0.01184	0.00818	0.01221	0.00616	0.00457	0.00459	0.00152	0.00610	0.00408	0.00205	0.00517
15	0.02869	0.03580	0.01614	0.05185	0.18226	0.14963	0.11095	0.22866	0.01419	0.12186	0.01022	0.01130	0.00755	0.00479	0.00454	0.00137	0.00590	0.00408	0.00336	0.00684
16	0.00575	0.00421	0.00582	0.00662	0.00703	0.00393	0.02044	0.00670	0.00908	0.01218	0.07134	0.77129	0.03065	0.01387	0.00582	0.00183	0.00274	0.01261	0.00427	0.00382
17	0.00936	0.00905	0.01267	0.01109	0.01119	0.01240	0.00911	0.01039	0.00715	0.01099	0.00793	0.05585	0.00817	0.03094	0.09961	0.00262	0.67982	0.00466	0.00220	0.00480
18	0.00793	0.00674	0.01077	0.02947	0.14839	0.00660	0.09536	0.05135	0.01013	0.01374	0.03833	0.50731	0.02226	0.01059	0.00548	0.00170	0.00393	0.02133	0.00369	0.00489
19	0.01379	0.10705	0.03594	0.01695	0.23304	0.34207	0.12234	0.03099	0.01154	0.01313	0.00783	0.00974	0.00647	0.00443	0.00458	0.00129	0.02679	0.00362	0.00231	0.00612
20	0.01098	0.07021	0.13774	0.01078	0.09316	0.05359	0.02796	0.04650	0.01054	0.04299	0.02023	0.01022	0.00732	0.00400	0.00385	0.00101	0.00469	0.00323	0.00269	0.43832
21	0.01716	0.07405	0.01348	0.01044	0.01348	0.36361	0.00831	0.25881	0.03119	0.13631	0.01026	0.01048	0.00757	0.00510	0.00426	0.00127	0.00620	0.00360	0.01790	0.00652
22	0.01004	0.01004	0.01406	0.01205	0.01205	0.01406	0.01004	0.01105	0.00703	0.01105	0.00603	0.01004	0.00603	0.00804	0.01507	0.00201	0.83025	0.00402	0.00201	0.00502
23	0.00952	0.00816	0.00952	0.00680	0.01088	0.00612	0.00544	0.01156	0.00952	0.01496	0.00816	0.00952	0.00680	0.00340	0.00340	0.00068	0.00340	0.00272	0.00272	0.86672
24	0.00569	0.00462	0.00505	0.00504	0.00639	0.00397	0.00374	0.00707	0.01095	0.01378	0.22528	0.09578	0.57404	0.01128	0.00545	0.00155	0.00231	0.00959	0.00445	0.00397
25	0.76388	0.00981	0.00759	0.00667	0.00955	0.04913	0.00545	0.07466	0.00913	0.02080	0.00679	0.00778	0.00524	0.00438	0.00304	0.00141	0.00389	0.00264	0.00296	0.00521
26	0.00601	0.00547	0.00508	0.00502	0.00660	0.04272	0.00376	0.00719	0.01064	0.01248	0.06184	0.04225	0.75271	0.01125	0.00536	0.00153	0.00260	0.00934	0.00419	0.00395
27	0.00557	0.00407	0.00525	0.00619	0.00660	0.00375	0.00417	0.00642	0.00899	0.01180	0.02782	0.74191	0.12249	0.01406	0.00581	0.00183	0.00262	0.01265	0.00426	0.00375
28	0.00914	0.00876	0.01358	0.71514	0.02898	0.03459	0.01219	0.01257	0.05188	0.01208	0.00858	0.01227	0.00653	0.00487	0.00515	0.00155	0.05061	0.00410	0.00219	0.00522
29	0.01320	0.26775	0.14221	0.01339	0.15057	0.09448	0.02163	0.18640	0.02876	0.01636	0.00843	0.00961	0.00672	0.00456	0.00417	0.00126	0.01773	0.00342	0.00269	0.00665
30	0.00706	0.00521	0.00761	0.00749	0.00866	0.00480	0.07007	0.00848	0.00995	0.05437	0.07352	0.43894	0.16265	0.01207	0.00572	0.00177	0.00326	0.10988	0.00422	0.00427
31	0.00554	0.00465	0.00477	0.00474	0.00622	0.00392	0.00353	0.00675	0.01056	0.01277	0.10295	0.04308	0.73054	0.03244	0.00588	0.00162	0.00237	0.00951	0.00429	0.00388
32	0.00930	0.02131	0.68234	0.01409	0.08544	0.01037	0.03777	0.01408	0.00963	0.01428	0.00864	0.01100	0.00656	0.04928	0.00543	0.00161	0.00657	0.00368	0.00202	0.00659
33	0.02555	0.13227	0.05739	0.03474	0.26081	0.12578	0.03920	0.12091	0.12891	0.01633	0.00986	0.01108	0.00781	0.00468	0.00428	0.00133	0.00559	0.00385	0.00289	0.00672
34	0.01221	0.01173	0.01612	0.24369	0.36177	0.10246	0.03206	0.13566	0.01214	0.01584	0.00872	0.01123	0.00688	0.00452	0.00454	0.00140	0.00595	0.00400	0.00258	0.00651
35	0.00613	0.00432	0.00529	0.00581	0.00615	0.00413	0.00380	0.00677	0.00834	0.01101	0.04919	0.38969	0.08541	0.33506	0.01266	0.00285	0.00340	0.05285	0.00371	0.00342
36	0.01404	0.06643	0.06333	0.05132	0.15056	0.39489	0.05270	0.03182	0.02337	0.03343	0.02531	0.01023	0.00735	0.00459	0.00426	0.00125	0.00674	0.00353	0.00252	0.05235
37	0.31460	0.09568	0.07356	0.00871	0.01228	0.03029	0.00777	0.33003	0.01390	0.02200	0.00942	0.01000	0.02547	0.00491	0.00378	0.00134	0.00462	0.00341	0.00341	0.02482
38	0.02083	0.00673	0.00858	0.00823	0.00989	0.00694	0.04830	0.01316	0.24051	0.01514	0.06603	0.25171	0.07557	0.01006	0.00539	0.00171	0.00353	0.16458	0.00423	0.03889

[dist]
# distance from previous block
# <min> <max>
0	3

[block]
# block no. 2 follows, 56 sequences, length 60
# corresponding to MSA columns:
# 123-182
name=unknown_C
#
# <colnr> <probs for GDERKNQSTAVLIFYWHMCP>
#	G	D	E	R	K	N	Q	S	T	A	V	L	I	F	Y	W	H	M	C	P
0	0.40705	0.02465	0.07163	0.00809	0.01150	0.06858	0.00709	0.10631	0.02432	0.18977	0.00989	0.01007	0.00702	0.00475	0.00368	0.00137	0.00441	0.00329	0.00356	0.03295
1	0.00659	0.00481	0.00683	0.00683	0.00745	0.00544	0.00505	0.00784	0.00721	0.01025	0.01280	0.02084	0.01269	0.22196	0.63459	0.00670	0.01047	0.00533	0.00253	0.00379
2	0.01172	0.02724	0.06949	0.01222	0.11252	0.02439	0.04092	0.10338	0.45492	0.01864	0.01582	0.01554	0.03600	0.00573	0.00459	0.00147	0.00442	0.00485	0.02915	0.00700
3	0.00774	0.00572	0.00713	0.07005	0.03390	0.00582	0.00517	0.00999	0.08267	0.04076	0.06830	0.06390	0.16622	0.28325	0.06024	0.00284	0.00429	0.03634	0.02457	0.02112
4	0.00788	0.00547	0.00800	0.00768	0.00863	0.00633	0.00601	0.00943	0.00778	0.07255	0.01239	0.01769	0.01127	0.05582	0.67841	0.00647	0.06620	0.00489	0.00269	0.00441
5	0.04915	0.04324	0.05237	0.01127	0.01403	0.62595	0.00896	0.07676	0.01311	0.03926	0.00785	0.00890	0.00628	0.00524	0.01732	0.00132	0.00761	0.00312	0.00263	0.00565
6	0.01257	0.38858	0.14674	0.01009	0.01379	0.22757	0.04749	0.01459	0.01023	0.01156	0.00763	0.00997	0.00677	0.06861	0.00518	0.00141	0.00620	0.00321	0.00215	0.00566
7	0.00680	0.00471	0.00543	0.00535	0.00571	0.00453	0.00322	0.00708	0.00718	0.00974	0.01523	0.10742	0.01745	0.67759	0.01978	0.00386	0.00419	0.02220	0.00295	0.06956
8	0.03042	0.09605	0.05473	0.15204	0.31625	0.07399	0.04905	0.02941	0.04778	0.01401	0.00895	0.03107	0.00752	0.00480	0.00495	0.00140	0.05051	0.00408	0.00241	0.02059
9	0.00952	0.00816	0.00952	0.00680	0.01088	0.00612	0.00544	0.01156	0.00952	0.01496	0.00816	0.00952	0.00680	0.00340	0.00340	0.00068	0.00340	0.00272	0.00272	0.86672
10	0.00842	0.00620	0.00746	0.06972	0.00970	0.03650	0.00544	0.01117	0.06340	0.08177	0.51305	0.03010	0.12196	0.00859	0.00519	0.00146	0.00296	0.00743	0.00465	0.00485
11	0.00650	0.00469	0.00614	0.00578	0.00686	0.00433	0.00433	0.00866	0.01300	0.01841	0.80760	0.03429	0.04332	0.00939	0.00541	0.00144	0.00217	0.00830	0.00505	0.00433
12	0.01439	0.01134	0.01205	0.00994	0.01307	0.01281	0.00798	0.40350	0.41778	0.02399	0.01491	0.01412	0.01096	0.00588	0.00463	0.00147	0.00433	0.00467	0.00463	0.00753
13	0.00852	0.00699	0.00893	0.00967	0.11212	0.00722	0.00642	0.01385	0.24089	0.01801	0.45227	0.02667	0.05398	0.00786	0.00509	0.00147	0.00302	0.00690	0.00456	0.00555
14	0.00867	0.00917	0.12516	0.01054	0.07389	0.00820	0.02205	0.01063	0.00829	0.04781	0.02281	0.01782	0.01102	0.13961	0.29438	0.00408	0.14918	0.02921	0.00258	0.00491
15	0.00978	0.08717	0.59772	0.01406	0.03541	0.01144	0.15223	0.01450	0.00988	0.01428	0.00828	0.01001	0.00605	0.00424	0.00444	0.00143	0.00678	0.00369	0.00201	0.00662
16	0.01715	0.02188	0.01301	0.01183	0.01419	0.82022	0.00887	0.01833	0.01301	0.01124	0.00710	0.00828	0.00591	0.00473	0.00414	0.00118	0.00828	0.00296	0.00237	0.00532
17	0.00668	0.00445	0.00501	0.00501	0.00501	0.00445	0.00278	0.00668	0.00668	0.00890	0.01447	0.03004	0.01669	0.83866	0.02337	0.00445	0.00445	0.00668	0.00278	0.00278
18	0.01216	0.75828	0.08481	0.00836	0.01247	0.03720	0.00858	0.01392	0.00945	0.01110	0.00654	0.00757	0.00589	0.00398	0.00308	0.00102	0.00514	0.00254	0.00197	0.00595
19	0.01348	0.03583	0.01176	0.00904	0.01189	0.01086	0.02503	0.47710	0.01783	0.03511	0.24240	0.01945	0.04284	0.00686	0.00485	0.00141	0.00416	0.01900	0.00459	0.00652
20	0.00559	0.00400	0.00533	0.00639	0.00666	0.00373	0.00426	0.00639	0.00879	0.01172	0.02530	0.83566	0.03036	0.01438	0.00586	0.00186	0.00266	0.01305	0.00426	0.00373
21	0.75952	0.03742	0.02428	0.00669	0.00961	0.07306	0.00561	0.01390	0.00830	0.01943	0.00648	0.00756	0.00509	0.00429	0.00298	0.00139	0.00403	0.00254	0.00276	0.00507
22	0.00658	0.00447	0.00498	0.00498	0.00510	0.00441	0.00284	0.00667	0.00697	0.00917	0.01694	0.03113	0.07776	0.77484	0.02198	0.00423	0.00429	0.00691	0.00290	0.00287
23	0.00972	0.00828	0.00957	0.00706	0.01092	0.00663	0.00562	0.02746	0.07086	0.01548	0.00944	0.03027	0.00795	0.00393	0.00358	0.00079	0.00343	0.00319	0.00294	0.76288
24	0.01153	0.02696	0.33471	0.01437	0.13615	0.02121	0.09017	0.09538	0.01156	0.08376	0.02146	0.01313	0.01870	0.00490	0.00455	0.00140	0.00579	0.03263	0.00284	0.06880
25	0.01250	0.80335	0.02354	0.00804	0.01190	0.05542	0.00790	0.01396	0.00950	0.01082	0.00642	0.00741	0.00589	0.00397	0.00300	0.00099	0.00507	0.00248	0.00198	0.00587
26	0.01004	0.01004	0.01406	0.01205	0.01205	0.01406	0.01004	0.01105	0.00703	0.01105	0.00603	0.01004	0.00603	0.00804	0.01507	0.00201	0.83025	0.00402	0.00201	0.00502
27	0.00896	0.00752	0.00889	0.00661	0.01013	0.00579	0.00523	0.01102	0.01016	0.01560	0.15649	0.01412	0.01358	0.00451	0.00377	0.00082	0.00317	0.00376	0.00315	0.70671
28	0.80522	0.00919	0.00729	0.00639	0.00929	0.01060	0.00526	0.07377	0.00888	0.02124	0.00675	0.00773	0.00519	0.00436	0.00298	0.00142	0.00367	0.00261	0.00298	0.00519
29	0.00867	0.00816	0.01377	0.82762	0.03162	0.01020	0.01275	0.01173	0.00918	0.01173	0.00816	0.01224	0.00612	0.00459	0.00459	0.00153	0.00612	0.00408	0.00204	0.00510
30	0.01765	0.01254	0.01358	0.01041	0.01408	0.01376	0.00860	0.74525	0.02104	0.07916	0.01148	0.01132	0.00804	0.00552	0.00459	0.00138	0.00498	0.00416	0.00466	0.00781
31	0.01101	0.01055	0.01800	0.13281	0.70814	0.01082	0.01391	0.01378	0.01029	0.01457	0.00857	0.01148	0.00712	0.00416	0.00455	0.00139	0.00554	0.00409	0.00224	0.00699
32	0.01576	0.01235	0.01273	0.01022	0.01348	0.05189	0.00827	0.56930	0.18247	0.02545	0.01294	0.04196	0.00982	0.00594	0.00463	0.00142	0.00483	0.00462	0.00449	0.00743
33	0.01227	0.84142	0.02406	0.00786	0.01178	0.01817	0.00786	0.01375	0.00933	0.01080	0.00638	0.00736	0.00589	0.00393	0.00295	0.00098	0.00491	0.00245	0.00196	0.00589
34	0.01142	0.00986	0.01038	0.00934	0.01194	0.01142	0.00727	0.02440	0.80172	0.01920	0.01869	0.01713	0.01401	0.00623	0.00467	0.00156	0.00363	0.00519	0.00467	0.00727
35	0.00656	0.00492	0.00738	0.00738	0.00820	0.00574	0.00574	0.00820	0.00738	0.01066	0.01230	0.01804	0.01148	0.03443	0.82046	0.00738	0.01230	0.00492	0.00246	0.00410
36	0.00656	0.00492	0.00738	0.00738	0.00820	0.00574	0.00574	0.00820	0.00738	0.01066	0.01230	0.01804	0.01148	0.03443	0.82046	0.00738	0.01230	0.00492	0.00246	0.00410
37	0.00579	0.00440	0.00523	0.00556	0.00643	0.00395	0.00391	0.00694	0.01011	0.01314	0.19129	0.33960	0.30922	0.06466	0.00672	0.00183	0.00256	0.01048	0.00433	0.00384
38	0.01699	0.04796	0.01336	0.01170	0.01412	0.79470	0.00884	0.01819	0.01289	0.01122	0.00707	0.00825	0.00591	0.00471	0.00410	0.00118	0.00817	0.00294	0.00235	0.00534
39	0.04415	0.18050	0.13341	0.04609	0.41044	0.02551	0.02502	0.03857	0.01029	0.01447	0.00802	0.01012	0.00662	0.00426	0.00438	0.00132	0.02428	0.00360	0.00225	0.00668
40	0.04398	0.33779	0.12306	0.01350	0.19751	0.01391	0.01031	0.07251	0.10598	0.01506	0.00910	0.01019	0.00737	0.00445	0.00383	0.00125	0.00505	0.00344	0.01515	0.00658
41	0.01024	0.00979	0.01222	0.01068	0.01168	0.04662	0.02761	0.01462	0.22639	0.01328	0.01091	0.03152	0.00966	0.04556	0.07373	0.00235	0.43003	0.00471	0.00288	0.00549
42	0.00573	0.00410	0.00545	0.00630	0.00669	0.00382	0.00427	0.00673	0.00941	0.01270	0.14026	0.71790	0.03227	0.01365	0.00579	0.00180	0.00259	0.01235	0.00438	0.00382
43	0.00571	0.00405	0.00529	0.00624	0.00648	0.00381	0.00410	0.00642	0.00856	0.01141	0.02411	0.74673	0.02886	0.10537	0.00779	0.00215	0.00286	0.01235	0.00410	0.00362
44	0.00867	0.00816	0.01377	0.82762	0.03162	0.01020	0.01275	0.01173	0.00918	0.01173	0.00816	0.01224	0.00612	0.00459	0.00459	0.00153	0.00612	0.00408	0.00204	0.00510
45	0.01142	0.00986	0.01038	0.00934	0.01194	0.01142	0.00727	0.02440	0.80172	0.01920	0.01869	0.01713	0.01401	0.00623	0.00467	0.00156	0.00363	0.00519	0.00467	0.00727
46	0.01004	0.01004	0.01406	0.01205	0.01205	0.01406	0.01004	0.01105	0.00703	0.01105	0.00603	0.01004	0.00603	0.00804	0.01507	0.00201	0.83025	0.00402	0.00201	0.00502
47	0.01142	0.00986	0.01038	0.00934	0.01194	0.01142	0.00727	0.02440	0.80172	0.01920	0.01869	0.01713	0.01401	0.00623	0.00467	0.00156	0.00363	0.00519	0.00467	0.00727
48	0.01745	0.01286	0.01378	0.01056	0.01424	0.01424	0.00873	0.79471	0.02159	0.02893	0.01102	0.01102	0.00781	0.00551	0.00459	0.00138	0.00505	0.00413	0.00459	0.00781
49	0.02060	0.00781	0.01065	0.00817	0.01172	0.00675	0.00675	0.02237	0.01314	0.81320	0.01811	0.01563	0.01136	0.00568	0.00462	0.00142	0.00391	0.00462	0.00568	0.00781
50	0.01004	0.01004	0.01406	0.01205	0.01205	0.01406	0.01004	0.01105	0.00703	0.01105	0.00603	0.01004	0.00603	0.00804	0.01507	0.00201	0.83025	0.00402	0.00201	0.00502
51	0.00941	0.02233	0.71634	0.01387	0.02039	0.01078	0.11406	0.01456	0.00984	0.01456	0.00837	0.01003	0.00596	0.00430	0.00449	0.00147	0.00690	0.00365	0.00199	0.00671
52	0.02351	0.00730	0.01011	0.02050	0.03627	0.02183	0.05618	0.02780	0.02447	0.02722	0.18065	0.13752	0.08093	0.00937	0.00744	0.00171	0.17643	0.12343	0.00368	0.02365
53	0.00960	0.06034	0.63841	0.01274	0.03125	0.01069	0.05140	0.01415	0.00961	0.02930	0.00862	0.01075	0.00651	0.04129	0.00541	0.00156	0.02517	0.00362	0.00209	0.02749
54	0.00910	0.00493	0.00506	0.00487	0.00610	0.00502	0.00369	0.07099	0.01051	0.01777	0.01517	0.05586	0.01235	0.00579	0.00344	0.00113	0.00239	0.00469	0.75662	0.00452
55	0.00661	0.00447	0.00504	0.00504	0.00514	0.00445	0.00288	0.00671	0.00687	0.00911	0.01595	0.03045	0.05449	0.78106	0.04032	0.00438	0.00452	0.00678	0.00285	0.00286
56	0.11805	0.01038	0.03412	0.07769	0.12840	0.01026	0.26344	0.06772	0.06775	0.07424	0.03701	0.05660	0.02289	0.00528	0.00475	0.00150	0.00547	0.00512	0.00314	0.00620
57	0.01257	0.11749	0.09839	0.05661	0.11242	0.24938	0.07178	0.02680	0.11212	0.01356	0.01015	0.02563	0.02402	0.00511	0.00483	0.00136	0.04511	0.00400	0.00262	0.00605
58	0.04923	0.00581	0.00607	0.00586	0.00720	0.01987	0.00458	0.02272	0.04341	0.01509	0.02514	0.04283	0.27705	0.00829	0.00521	0.00143	0.06653	0.05865	0.33060	0.00442
59	0.01165	0.02200	0.06666	0.07310	0.32928	0.03250	0.09732	0.03542	0.04174	0.07705	0.00993	0.02482	0.00789	0.00451	0.00465	0.00132	0.02010	0.00417	0.00275	0.13313

[dist]
# distance from previous block
# <min> <max>
0	18

[block]
# block no. 3 follows, 56 sequences, length 37
# corresponding to MSA columns:
# 201-237
name=unknown_D
#
# <colnr> <probs for GDERKNQSTAVLIFYWHMCP>
#	G	D	E	R	K	N	Q	S	T	A	V	L	I	F	Y	W	H	M	C	P
0	0.01171	0.01125	0.01480	0.03081	0.27916	0.06844	0.07705	0.01949	0.40109	0.01673	0.01353	0.01409	0.01046	0.00518	0.00465	0.00146	0.00496	0.00467	0.00346	0.00700
1	0.01117	0.08212	0.01205	0.00833	0.02386	0.05000	0.02697	0.07856	0.04481	0.03034	0.00883	0.00994	0.00715	0.00395	0.00383	0.00090	0.01737	0.00308	0.00290	0.57382
2	0.81368	0.00881	0.00701	0.00618	0.00907	0.01006	0.00509	0.01409	0.00817	0.07409	0.00718	0.00801	0.00540	0.00436	0.00296	0.00142	0.00358	0.00263	0.00303	0.00516
3	0.00662	0.00468	0.00618	0.00618	0.00659	0.00509	0.00425	0.00743	0.00702	0.00977	0.01339	0.02408	0.01410	0.43935	0.41913	0.00590	0.00835	0.00580	0.00262	0.00344
4	0.00595	0.00415	0.00522	0.00593	0.00611	0.00397	0.00377	0.00649	0.00809	0.01079	0.02172	0.56937	0.02584	0.28684	0.01165	0.00272	0.00325	0.01094	0.00377	0.00342
5	0.00552	0.00464	0.00480	0.00479	0.00627	0.00391	0.00358	0.00676	0.01064	0.01290	0.11157	0.06399	0.72191	0.01151	0.00544	0.00155	0.00232	0.00966	0.00433	0.00391
6	0.01567	0.01152	0.01239	0.00991	0.01320	0.01279	0.00805	0.52387	0.23171	0.06272	0.01356	0.01309	0.00979	0.00571	0.00457	0.00142	0.00452	0.00445	0.03352	0.00754
7	0.11296	0.00793	0.01023	0.00794	0.01141	0.00713	0.00655	0.02141	0.01256	0.72712	0.01684	0.01474	0.01067	0.00553	0.00442	0.00142	0.00387	0.00439	0.00537	0.00750
8	0.01227	0.84142	0.02406	0.00786	0.01178	0.01817	0.00786	0.01375	0.00933	0.01080	0.00638	0.00736	0.00589	0.00393	0.00295	0.00098	0.00491	0.00245	0.00196	0.00589
9	0.00650	0.00469	0.00614	0.00578	0.00686	0.00433	0.00433	0.00866	0.01300	0.01841	0.80760	0.03429	0.04332	0.00939	0.00541	0.00144	0.00217	0.00830	0.00505	0.00433
10	0.00656	0.00491	0.00731	0.00731	0.00811	0.00570	0.00566	0.00816	0.00736	0.01061	0.01236	0.01836	0.01162	0.05648	0.79861	0.00730	0.01208	0.00497	0.00247	0.00406
11	0.00867	0.00816	0.01377	0.82762	0.03162	0.01020	0.01275	0.01173	0.00918	0.01173	0.00816	0.01224	0.00612	0.00459	0.00459	0.00153	0.00612	0.00408	0.00204	0.00510
12	0.00906	0.00856	0.01448	0.71168	0.14451	0.01030	0.01294	0.01207	0.00936	0.01220	0.00823	0.01211	0.00629	0.00452	0.00458	0.00151	0.00602	0.00408	0.00207	0.00541
13	0.01227	0.84142	0.02406	0.00786	0.01178	0.01817	0.00786	0.01375	0.00933	0.01080	0.00638	0.00736	0.00589	0.00393	0.00295	0.00098	0.00491	0.00245	0.00196	0.00589
14	0.01019	0.02176	0.69132	0.01256	0.01880	0.01085	0.01556	0.06800	0.05896	0.03600	0.00931	0.01039	0.00659	0.00459	0.00440	0.00145	0.00640	0.00358	0.00238	0.00691
15	0.00548	0.00465	0.00472	0.00470	0.00623	0.00390	0.00353	0.00669	0.01058	0.01268	0.08188	0.04372	0.77260	0.01152	0.00543	0.00155	0.00232	0.00962	0.00430	0.00390
16	0.01227	0.84142	0.02406	0.00786	0.01178	0.01817	0.00786	0.01375	0.00933	0.01080	0.00638	0.00736	0.00589	0.00393	0.00295	0.00098	0.00491	0.00245	0.00196	0.00589
17	0.00911	0.00861	0.01457	0.69672	0.15908	0.01032	0.01297	0.01212	0.00939	0.01227	0.00824	0.01210	0.00631	0.00451	0.00458	0.00150	0.00601	0.00408	0.00208	0.00546
18	0.01189	0.01035	0.01063	0.00947	0.01212	0.03394	0.00739	0.06356	0.74007	0.01948	0.01797	0.01657	0.01347	0.00615	0.00465	0.00154	0.00383	0.00507	0.00460	0.00724
19	0.01004	0.01004	0.01406	0.01205	0.01205	0.01406	0.01004	0.01105	0.00703	0.01105	0.00603	0.01004	0.00603	0.00804	0.01507	0.00201	0.83025	0.00402	0.00201	0.00502
20	0.00656	0.00492	0.00738	0.00738	0.00820	0.00574	0.00574	0.00820	0.00738	0.01066	0.01230	0.01804	0.01148	0.03443	0.82046	0.00738	0.01230	0.00492	0.00246	0.00410
21	0.00925	0.00788	0.00924	0.00677	0.01060	0.00596	0.00536	0.01121	0.00947	0.01474	0.00932	0.06528	0.00839	0.00414	0.00357	0.00076	0.00335	0.00342	0.00282	0.80847
22	0.04763	0.00677	0.00894	0.00726	0.00992	0.00604	0.00584	0.01727	0.01289	0.50688	0.29238	0.02182	0.02224	0.00692	0.00483	0.00143	0.00329	0.00582	0.00536	0.00650
23	0.00668	0.00445	0.00501	0.00501	0.00501	0.00445	0.00278	0.00668	0.00668	0.00890	0.01447	0.03004	0.01669	0.83866	0.02337	0.00445	0.00445	0.00668	0.00278	0.00278
24	0.00987	0.00978	0.01372	0.01181	0.01186	0.01364	0.00982	0.01090	0.00705	0.01103	0.00635	0.01045	0.00630	0.00938	0.05619	0.00228	0.78849	0.00406	0.00203	0.00497
25	0.01084	0.01238	0.02709	0.01935	0.02399	0.01161	0.79334	0.01471	0.01084	0.01471	0.00929	0.01238	0.00697	0.00387	0.00542	0.00155	0.00774	0.00542	0.00232	0.00619
26	0.00747	0.00547	0.00736	0.00825	0.00936	0.00554	0.00704	0.01019	0.06382	0.01391	0.02457	0.11270	0.04568	0.01236	0.00617	0.00204	0.00401	0.64541	0.00426	0.00438
27	0.00921	0.02375	0.81487	0.01309	0.01987	0.01066	0.01696	0.01454	0.00969	0.01454	0.00824	0.00969	0.00582	0.00436	0.00436	0.00145	0.00678	0.00339	0.00194	0.00678
28	0.87108	0.00888	0.00675	0.00604	0.00888	0.01030	0.00497	0.01350	0.00781	0.02060	0.00639	0.00746	0.00497	0.00426	0.00284	0.00142	0.00355	0.00249	0.00284	0.00497
29	0.09243	0.00773	0.00977	0.00770	0.01088	0.00712	0.00631	0.05939	0.01288	0.60106	0.06982	0.01604	0.01281	0.00578	0.00443	0.00140	0.00371	0.00464	0.05901	0.00711
30	0.00891	0.00825	0.01349	0.68009	0.06853	0.01017	0.01207	0.01214	0.03641	0.01225	0.00874	0.01255	0.00674	0.00553	0.02516	0.00167	0.04191	0.00414	0.02600	0.00523
31	0.00764	0.00560	0.00674	0.00653	0.00792	0.00557	0.00494	0.01100	0.14112	0.04993	0.24573	0.13492	0.20742	0.01232	0.07544	0.02740	0.00358	0.03709	0.00439	0.00469
32	0.00797	0.00399	0.00598	0.00598	0.00598	0.00399	0.00399	0.00598	0.00598	0.00797	0.00797	0.01396	0.00797	0.01595	0.01794	0.86643	0.00399	0.00399	0.00199	0.00199
33	0.01411	0.10345	0.02942	0.03842	0.25689	0.05279	0.03088	0.34214	0.04087	0.02028	0.02123	0.01117	0.00796	0.00486	0.00441	0.00134	0.00536	0.00399	0.00332	0.00711
34	0.00911	0.00869	0.01489	0.67111	0.11887	0.01023	0.05309	0.01215	0.00942	0.01235	0.00827	0.01207	0.00631	0.00446	0.00459	0.00149	0.00605	0.00411	0.00210	0.03063
35	0.04107	0.20889	0.11234	0.01150	0.05246	0.19555	0.05519	0.12362	0.11237	0.01567	0.00958	0.02503	0.00772	0.00487	0.00410	0.00129	0.00586	0.00370	0.00286	0.00632
36	0.03715	0.12856	0.14641	0.02729	0.08394	0.07575	0.08398	0.03964	0.10768	0.07976	0.01128	0.02751	0.02405	0.01608	0.00450	0.00135	0.00530	0.00409	0.00297	0.09271

[dist]
# distance from previous block
# <min> <max>
1	12

[block]
# block no. 4 follows, 56 sequences, length 15
# corresponding to MSA columns:
# 250-264
name=unknown_E
#
# <colnr> <probs for GDERKNQSTAVLIFYWHMCP>
#	G	D	E	R	K	N	Q	S	T	A	V	L	I	F	Y	W	H	M	C	P
0	0.07720	0.04195	0.16889	0.01220	0.09237	0.15036	0.05537	0.06215	0.05676	0.08792	0.01195	0.10684	0.01041	0.00598	0.00450	0.00143	0.00552	0.02289	0.00313	0.02220
1	0.00798	0.00728	0.00930	0.00885	0.00915	0.03946	0.00680	0.00891	0.00821	0.01140	0.03078	0.35368	0.04438	0.04991	0.03940	0.00220	0.34673	0.00813	0.00314	0.00431
2	0.00668	0.00737	0.11723	0.00658	0.00845	0.00521	0.00580	0.00838	0.01002	0.03219	0.11848	0.18914	0.36451	0.06911	0.00687	0.00180	0.02510	0.00883	0.00390	0.00435
3	0.01227	0.07778	0.21066	0.02880	0.07473	0.06060	0.15385	0.05613	0.04589	0.13214	0.06477	0.04032	0.01076	0.00525	0.00463	0.00142	0.00570	0.00467	0.00316	0.00648
4	0.01150	0.01152	0.03876	0.02075	0.34660	0.02985	0.30033	0.03216	0.04935	0.04925	0.05563	0.01339	0.00967	0.00454	0.00491	0.00145	0.00604	0.00486	0.00276	0.00668
5	0.00563	0.00439	0.00514	0.00565	0.00659	0.00390	0.00405	0.00672	0.00982	0.01239	0.06493	0.39488	0.39727	0.01281	0.00566	0.00171	0.00256	0.04776	0.00429	0.00384
6	0.00965	0.01074	0.06971	0.42753	0.10578	0.04318	0.18627	0.01284	0.00995	0.01304	0.02390	0.03716	0.00811	0.00487	0.00482	0.00152	0.00634	0.01669	0.00229	0.00562
7	0.01247	0.11570	0.16357	0.10077	0.11926	0.03011	0.07297	0.04559	0.07899	0.14816	0.01103	0.02255	0.00836	0.01992	0.00507	0.00147	0.03022	0.00418	0.00305	0.00656
8	0.01223	0.71271	0.10559	0.00854	0.01275	0.01718	0.00885	0.05516	0.01001	0.01215	0.00682	0.00780	0.00599	0.00406	0.00318	0.00105	0.00511	0.00264	0.00210	0.00609
9	0.00578	0.00464	0.00519	0.00549	0.00662	0.00416	0.00395	0.00735	0.04219	0.01275	0.07614	0.31318	0.47174	0.01224	0.00554	0.00165	0.00249	0.01059	0.00432	0.00399
10	0.01345	0.20499	0.17454	0.05373	0.06545	0.03385	0.06630	0.06942	0.01148	0.20078	0.02927	0.02644	0.00885	0.00493	0.00424	0.00133	0.00531	0.00402	0.01502	0.00660
11	0.01416	0.01186	0.05973	0.05654	0.19448	0.08393	0.07097	0.16258	0.04148	0.17521	0.01355	0.01477	0.05096	0.00543	0.00468	0.00142	0.00536	0.02244	0.00360	0.00683
12	0.00573	0.00443	0.00526	0.00575	0.00669	0.00396	0.00416	0.00690	0.00999	0.01273	0.10164	0.37314	0.36241	0.01266	0.00567	0.00171	0.00259	0.06639	0.00433	0.00388
13	0.02879	0.01304	0.23465	0.01137	0.08987	0.00845	0.05128	0.01282	0.00961	0.01484	0.00818	0.00986	0.00652	0.00391	0.00421	0.00106	0.02919	0.00321	0.00242	0.45670
14	0.01193	0.11608	0.10622	0.01876	0.37889	0.06385	0.05285	0.06874	0.02536	0.03755	0.04187	0.01302	0.00922	0.00482	0.00445	0.00136	0.00556	0.03011	0.00268	0.00669

[dist]
# distance from previous block
# <min> <max>
12	20

[block]
# block no. 5 follows, 56 sequences, length 41
# corresponding to MSA columns:
# 293-333
name=unknown_F
#
# <colnr> <probs for GDERKNQSTAVLIFYWHMCP>
#	G	D	E	R	K	N	Q	S	T	A	V	L	I	F	Y	W	H	M	C	P
0	0.01163	0.12590	0.31010	0.01075	0.05404	0.01010	0.01081	0.07318	0.01133	0.13337	0.07205	0.04039	0.02176	0.00555	0.00437	0.00135	0.00505	0.02746	0.00318	0.06762
1	0.33237	0.06545	0.13207	0.00873	0.01210	0.07859	0.02980	0.03235	0.12738	0.05004	0.08073	0.01223	0.01038	0.00512	0.00387	0.00140	0.00458	0.00378	0.00322	0.00583
2	0.01715	0.02188	0.01301	0.01183	0.01419	0.82022	0.00887	0.01833	0.01301	0.01124	0.00710	0.00828	0.00591	0.00473	0.00414	0.00118	0.00828	0.00296	0.00237	0.00532
3	0.00945	0.00787	0.00913	0.00661	0.01046	0.00598	0.00527	0.01149	0.00953	0.01512	0.00867	0.01009	0.00717	0.00355	0.00339	0.00071	0.00330	0.00284	0.06763	0.80174
4	0.01144	0.01088	0.01728	0.02536	0.69614	0.04727	0.01301	0.01404	0.01077	0.03040	0.05585	0.01341	0.00976	0.00462	0.00461	0.00138	0.00534	0.01893	0.00254	0.00696
5	0.01088	0.01326	0.08693	0.01865	0.02343	0.01160	0.71400	0.03461	0.01102	0.01506	0.00925	0.01214	0.00690	0.00395	0.00532	0.00154	0.00760	0.00523	0.00235	0.00628
6	0.01257	0.29347	0.14794	0.01109	0.06115	0.01362	0.03983	0.16491	0.02347	0.04562	0.00858	0.00970	0.00678	0.00464	0.00463	0.00125	0.06075	0.00339	0.00275	0.08386
7	0.06662	0.00687	0.00880	0.00819	0.00923	0.02519	0.00647	0.01090	0.05430	0.04933	0.01147	0.01602	0.01032	0.06019	0.45387	0.00492	0.15958	0.00461	0.02848	0.00466
8	0.00783	0.00620	0.00933	0.00947	0.01062	0.00656	0.06044	0.00988	0.01013	0.01343	0.02142	0.08052	0.02315	0.01168	0.00717	0.00205	0.09117	0.61064	0.00387	0.00442
9	0.01377	0.01189	0.03462	0.01104	0.04954	0.04231	0.00865	0.31565	0.36443	0.02174	0.01374	0.01353	0.01028	0.00587	0.00531	0.00149	0.06016	0.00453	0.00419	0.00724
10	0.01145	0.47962	0.17075	0.00982	0.01409	0.06238	0.06230	0.01384	0.00972	0.01218	0.00778	0.02063	0.00684	0.00442	0.00376	0.00115	0.01645	0.02169	0.00215	0.06898
11	0.00859	0.02440	0.31771	0.10194	0.05464	0.02279	0.02125	0.01220	0.04416	0.02428	0.06129	0.19815	0.04681	0.00727	0.00481	0.00152	0.00500	0.00629	0.00297	0.03393
12	0.00879	0.01971	0.62601	0.01225	0.01787	0.00959	0.06347	0.01340	0.01009	0.01482	0.10027	0.06105	0.01159	0.00549	0.00464	0.00148	0.00608	0.00464	0.00245	0.00629
13	0.01012	0.00655	0.00780	0.00693	0.00878	0.00663	0.00537	0.05059	0.18379	0.12210	0.41542	0.02530	0.02792	0.00762	0.00488	0.00142	0.00284	0.00654	0.09381	0.00558
14	0.01087	0.18630	0.25690	0.11291	0.05016	0.02268	0.03929	0.09630	0.09418	0.01525	0.01185	0.01292	0.06106	0.00508	0.00427	0.00137	0.00550	0.00407	0.00271	0.00633
15	0.00747	0.00453	0.00595	0.00648	0.00726	0.00412	0.00452	0.00842	0.00946	0.11268	0.02600	0.67278	0.08658	0.01308	0.00567	0.00178	0.00279	0.01174	0.00444	0.00425
16	0.00678	0.00458	0.00524	0.00523	0.00635	0.00426	0.00386	0.00872	0.02528	0.01578	0.29388	0.12932	0.22013	0.00938	0.00485	0.00142	0.00229	0.00806	0.24041	0.00419
17	0.14744	0.01023	0.01132	0.00899	0.01227	0.01088	0.02607	0.35395	0.09103	0.19696	0.01523	0.01460	0.06903	0.00585	0.00442	0.00143	0.00429	0.00454	0.00449	0.00699
18	0.01184	0.06043	0.06867	0.07853	0.01820	0.06501	0.30739	0.07365	0.05337	0.08916	0.03780	0.03929	0.06439	0.00545	0.00489	0.00147	0.00595	0.00527	0.00314	0.00611
19	0.01004	0.01004	0.01406	0.01205	0.01205	0.01406	0.01004	0.01105	0.00703	0.01105	0.00603	0.01004	0.00603	0.00804	0.01507	0.00201	0.83025	0.00402	0.00201	0.00502
20	0.00573	0.00409	0.00548	0.00655	0.00687	0.00385	0.00450	0.00663	0.00892	0.01187	0.02523	0.77660	0.03007	0.01425	0.00590	0.00188	0.00278	0.07077	0.00426	0.00377
21	0.01120	0.01075	0.01835	0.07501	0.76442	0.01087	0.01401	0.01395	0.01038	0.01481	0.00861	0.01141	0.00720	0.00412	0.00455	0.00137	0.00549	0.00409	0.00226	0.00714
22	0.00938	0.00889	0.01506	0.61537	0.23828	0.01039	0.01311	0.01236	0.00952	0.01260	0.00829	0.01201	0.00643	0.00446	0.00458	0.00149	0.00594	0.00408	0.00210	0.00568
23	0.01326	0.01077	0.01142	0.00971	0.01264	0.01228	0.00771	0.25902	0.56411	0.02217	0.01635	0.01527	0.01212	0.00601	0.00465	0.00150	0.00407	0.00487	0.00465	0.00743
24	0.00577	0.00443	0.00530	0.00565	0.00660	0.00396	0.00407	0.00704	0.01038	0.01347	0.20043	0.33816	0.33253	0.01221	0.00561	0.00166	0.00247	0.03191	0.00443	0.00393
25	0.00924	0.02352	0.79898	0.01321	0.01995	0.01068	0.03262	0.01454	0.00972	0.01454	0.00826	0.00975	0.00584	0.00435	0.00438	0.00146	0.00680	0.00343	0.00195	0.00677
26	0.00595	0.00434	0.00572	0.00639	0.00694	0.00422	0.00452	0.00701	0.00893	0.01189	0.06020	0.49653	0.10447	0.06907	0.12657	0.00280	0.00424	0.06247	0.00394	0.00380
27	0.00615	0.00449	0.00582	0.00613	0.00696	0.00415	0.00450	0.00773	0.01104	0.01504	0.38835	0.32707	0.10562	0.01168	0.00566	0.00166	0.00254	0.07673	0.00462	0.00406
28	0.00644	0.00470	0.00607	0.00587	0.00696	0.00434	0.00445	0.00849	0.01253	0.01746	0.67754	0.06010	0.10147	0.00991	0.00548	0.00151	0.00232	0.05518	0.00492	0.00427
29	0.13501	0.04954	0.07559	0.00944	0.01247	0.21411	0.00807	0.08047	0.01191	0.23418	0.01127	0.04202	0.00860	0.00679	0.04191	0.00166	0.04328	0.00397	0.00353	0.00617
30	0.01152	0.19753	0.22088	0.01310	0.01754	0.11186	0.24710	0.01495	0.03229	0.03408	0.00942	0.05204	0.00781	0.00476	0.00443	0.00137	0.00648	0.00432	0.00240	0.00612
31	0.00627	0.00466	0.00585	0.00573	0.00684	0.00424	0.00431	0.00813	0.01208	0.01654	0.56611	0.09739	0.18842	0.01035	0.00549	0.00153	0.00233	0.04475	0.00480	0.00419
32	0.00668	0.00445	0.00501	0.00501	0.00501	0.00445	0.00278	0.00668	0.00668	0.00890	0.01447	0.03004	0.01669	0.83866	0.02337	0.00445	0.00445	0.00668	0.00278	0.00278
33	0.01240	0.04389	0.31550	0.01229	0.04544	0.30250	0.01190	0.05141	0.01154	0.01377	0.01004	0.01488	0.00876	0.00569	0.00467	0.00143	0.01826	0.10717	0.00254	0.00593
34	0.01225	0.01355	0.13591	0.12366	0.29933	0.10108	0.09153	0.02982	0.04619	0.08790	0.00977	0.01163	0.00741	0.00451	0.00458	0.00141	0.00606	0.00409	0.00267	0.00665
35	0.01612	0.00840	0.01253	0.09321	0.21066	0.00792	0.00893	0.01822	0.01191	0.48339	0.01671	0.01616	0.06348	0.00558	0.00465	0.00143	0.00440	0.00478	0.00439	0.00715
36	0.00999	0.00762	0.01199	0.16913	0.27005	0.00781	0.00939	0.01208	0.01004	0.11378	0.03113	0.17604	0.07279	0.00934	0.06638	0.00197	0.00506	0.00646	0.00326	0.00569
37	0.01145	0.01482	0.30887	0.01580	0.19928	0.00987	0.10177	0.04851	0.03121	0.11759	0.03166	0.06762	0.00990	0.00531	0.00470	0.00147	0.00567	0.00479	0.00296	0.00675
38	0.07511	0.01215	0.01247	0.00981	0.01323	0.07312	0.00801	0.51657	0.03264	0.16494	0.02877	0.01199	0.00897	0.00549	0.00446	0.00138	0.00490	0.00413	0.00451	0.00735
39	0.01490	0.06409	0.02518	0.00830	0.01098	0.05469	0.00703	0.01672	0.01167	0.42130	0.02848	0.04315	0.03323	0.00951	0.06636	0.00199	0.00489	0.16673	0.00455	0.00625
40	0.16900	0.01959	0.02644	0.08968	0.26608	0.00864	0.00882	0.01294	0.00998	0.09737	0.02534	0.05764	0.12055	0.00593	0.00434	0.00140	0.00427	0.00501	0.00314	0.06384

[dist]
# distance from previous block
# <min> <max>
0	13

[block]
# block no. 6 follows, 56 sequences, length 50
# corresponding to MSA columns:
# 350-399
name=unknown_G
#
# <colnr> <probs for GDERKNQSTAVLIFYWHMCP>
#	G	D	E	R	K	N	Q	S	T	A	V	L	I	F	Y	W	H	M	C	P
0	0.08074	0.07175	0.08780	0.01179	0.09829	0.31673	0.00903	0.01484	0.01083	0.02504	0.02435	0.01102	0.04119	0.00492	0.00459	0.00123	0.05075	0.00348	0.00254	0.12909
1	0.01169	0.01672	0.38775	0.01366	0.12694	0.03547	0.02254	0.06819	0.10173	0.09334	0.01070	0.01153	0.00779	0.00471	0.00440	0.00139	0.00564	0.00385	0.01526	0.05671
2	0.00943	0.01357	0.27563	0.00970	0.01446	0.02324	0.06017	0.01266	0.00998	0.01499	0.06648	0.01154	0.00913	0.00421	0.00401	0.00106	0.00480	0.00353	0.00260	0.44882
3	0.00560	0.00409	0.00523	0.00614	0.00657	0.00376	0.00413	0.00642	0.00896	0.01175	0.02776	0.71818	0.12873	0.03152	0.00618	0.00188	0.00266	0.01249	0.00423	0.00373
4	0.01074	0.01045	0.01812	0.12510	0.51658	0.01037	0.11688	0.01359	0.01024	0.01454	0.00861	0.01140	0.00703	0.00405	0.00454	0.00133	0.00561	0.00411	0.00230	0.10442
5	0.00798	0.00502	0.00649	0.00600	0.00738	0.00459	0.00461	0.01003	0.01261	0.09982	0.60981	0.03328	0.09505	0.00918	0.00530	0.00147	0.00244	0.04084	0.03345	0.00465
6	0.00879	0.00832	0.01379	0.75904	0.02997	0.01052	0.01252	0.01167	0.00900	0.01167	0.00798	0.01206	0.00611	0.00488	0.00547	0.00157	0.07543	0.00407	0.00204	0.00509
7	0.00797	0.00399	0.00598	0.00598	0.00598	0.00399	0.00399	0.00598	0.00598	0.00797	0.00797	0.01396	0.00797	0.01595	0.01794	0.86643	0.00399	0.00399	0.00199	0.00199
8	0.00581	0.00459	0.00523	0.00524	0.00648	0.00401	0.00386	0.00726	0.01111	0.01433	0.29910	0.13559	0.45868	0.01121	0.00547	0.00155	0.00231	0.00963	0.00453	0.00401
9	0.01027	0.05869	0.46270	0.03224	0.21731	0.03275	0.07664	0.01465	0.02587	0.01444	0.00851	0.01037	0.00645	0.00429	0.00443	0.00141	0.00640	0.00372	0.00212	0.00676
10	0.01933	0.10764	0.01225	0.00817	0.01173	0.00825	0.00690	0.02140	0.03644	0.69325	0.01673	0.01468	0.01079	0.00549	0.00442	0.00137	0.00402	0.00438	0.00521	0.00757
11	0.00752	0.00602	0.00896	0.01002	0.10445	0.00680	0.00686	0.01018	0.07021	0.01185	0.01236	0.01717	0.01117	0.02858	0.65866	0.00620	0.01080	0.00484	0.00261	0.00473
12	0.00668	0.00445	0.00501	0.00501	0.00501	0.00445	0.00278	0.00668	0.00668	0.00890	0.01447	0.03004	0.01669	0.83866	0.02337	0.00445	0.00445	0.00668	0.00278	0.00278
13	0.00952	0.00816	0.00952	0.00680	0.01088	0.00612	0.00544	0.01156	0.00952	0.01496	0.00816	0.00952	0.00680	0.00340	0.00340	0.00068	0.00340	0.00272	0.00272	0.86672
14	0.00780	0.00405	0.00585	0.00585	0.00585	0.00405	0.00383	0.00607	0.00607	0.00810	0.00884	0.01609	0.00913	0.12505	0.01866	0.75212	0.00405	0.00434	0.00210	0.00210
15	0.01142	0.00986	0.01038	0.00934	0.01194	0.01142	0.00727	0.02440	0.80172	0.01920	0.01869	0.01713	0.01401	0.00623	0.00467	0.00156	0.00363	0.00519	0.00467	0.00727
16	0.03408	0.00987	0.01222	0.00951	0.01301	0.00997	0.04102	0.26372	0.11772	0.41595	0.01537	0.01409	0.01029	0.00560	0.00462	0.00143	0.00439	0.00453	0.00501	0.00762
17	0.00952	0.00816	0.00952	0.00680	0.01088	0.00612	0.00544	0.01156	0.00952	0.01496	0.00816	0.00952	0.00680	0.00340	0.00340	0.00068	0.00340	0.00272	0.00272	0.86672
18	0.01745	0.01286	0.01378	0.01056	0.01424	0.01424	0.00873	0.79471	0.02159	0.02893	0.01102	0.01102	0.00781	0.00551	0.00459	0.00138	0.00505	0.00413	0.00459	0.00781
19	0.00768	0.00413	0.00595	0.00595	0.00601	0.00419	0.00395	0.00625	0.00619	0.00832	0.00926	0.01661	0.00952	0.13706	0.08123	0.67414	0.00470	0.00445	0.00214	0.00227
20	0.00940	0.02239	0.72059	0.01383	0.02036	0.01078	0.10988	0.01456	0.00983	0.01456	0.00836	0.01001	0.00595	0.00430	0.00449	0.00147	0.00690	0.00363	0.00198	0.00671
21	0.00603	0.00512	0.00527	0.00523	0.00684	0.00458	0.00400	0.00823	0.07701	0.01304	0.04309	0.04228	0.70344	0.01122	0.00541	0.00158	0.00253	0.04664	0.00430	0.00418
22	0.00921	0.02375	0.81487	0.01309	0.01987	0.01066	0.01696	0.01454	0.00969	0.01454	0.00824	0.00969	0.00582	0.00436	0.00436	0.00145	0.00678	0.00339	0.00194	0.00678
23	0.00643	0.00469	0.00604	0.00570	0.00681	0.00430	0.00428	0.00852	0.01283	0.01801	0.75651	0.03496	0.09466	0.00954	0.00542	0.00145	0.00218	0.00840	0.00500	0.00430
24	0.00745	0.00413	0.00580	0.00589	0.00595	0.00414	0.00386	0.00626	0.00642	0.00860	0.01093	0.08645	0.01176	0.18013	0.05694	0.58083	0.00437	0.00533	0.00236	0.00240
25	0.00780	0.00409	0.00606	0.00606	0.00613	0.00415	0.00408	0.00620	0.00613	0.00824	0.00862	0.01499	0.00864	0.05267	0.08566	0.75734	0.00471	0.00418	0.00207	0.00220
26	0.01210	0.01340	0.03625	0.02250	0.42261	0.14257	0.25356	0.01498	0.01097	0.01429	0.00858	0.01114	0.00693	0.00413	0.00474	0.00139	0.00664	0.00430	0.00230	0.00661
27	0.68030	0.08070	0.00907	0.00699	0.00986	0.12342	0.00576	0.01419	0.00866	0.01847	0.00649	0.00756	0.00518	0.00430	0.00303	0.00135	0.00432	0.00255	0.00270	0.00510
28	0.01103	0.20717	0.52609	0.01158	0.01727	0.02713	0.01378	0.10780	0.01109	0.01536	0.00813	0.00930	0.00607	0.00441	0.00407	0.00133	0.00618	0.00326	0.00227	0.00668
29	0.00797	0.00399	0.00598	0.00598	0.00598	0.00399	0.00399	0.00598	0.00598	0.00797	0.00797	0.01396	0.00797	0.01595	0.01794	0.86643	0.00399	0.00399	0.00199	0.00199
