[name]
unknown

[dist]
# distance from previous block
# <min> <max>
0	96

[block]
# block no. 0 follows, 72 sequences, length 16
# corresponding to MSA columns:
# 102-117
name=unknown_A
#
# <colnr> <probs for GDERKNQSTAVLIFYWHMCP>
#	G	D	E	R	K	N	Q	S	T	A	V	L	I	F	Y	W	H	M	C	P
0	0.00746	0.00589	0.00837	0.20987	0.09060	0.00643	0.00668	0.07535	0.05937	0.04892	0.01460	0.35794	0.03695	0.00757	0.00456	0.00137	0.03283	0.01801	0.00296	0.00427
1	0.00974	0.23657	0.35893	0.04916	0.10392	0.01030	0.02957	0.05829	0.00882	0.09020	0.00736	0.00833	0.00551	0.00364	0.00338	0.00109	0.00477	0.00286	0.00206	0.00551
2	0.00888	0.00789	0.01243	0.10650	0.46195	0.02780	0.03812	0.02187	0.05706	0.05339	0.02094	0.14661	0.00980	0.00503	0.00397	0.00122	0.00413	0.00470	0.00243	0.00528
3	0.00480	0.00346	0.00461	0.03446	0.00607	0.00332	0.00364	0.00546	0.00710	0.00945	0.01953	0.75184	0.02328	0.09618	0.00624	0.00174	0.00244	0.01001	0.00334	0.00304
4	0.01078	0.00931	0.07646	0.12077	0.37249	0.02233	0.10243	0.03483	0.00925	0.19072	0.00883	0.01017	0.00649	0.00375	0.00384	0.00117	0.00463	0.00354	0.00249	0.00573
5	0.00922	0.00943	0.11057	0.20626	0.29737	0.00845	0.11772	0.03541	0.03033	0.08520	0.00867	0.04906	0.00695	0.00406	0.00390	0.00121	0.00474	0.00386	0.00224	0.00536
6	0.00513	0.00345	0.00459	0.00530	0.00562	0.00324	0.00357	0.00581	0.00728	0.03963	0.02001	0.77386	0.02360	0.05010	0.02779	0.00174	0.00251	0.01012	0.00347	0.00318
7	0.00864	0.00805	0.01471	0.23794	0.15662	0.00828	0.28314	0.03674	0.03063	0.05135	0.10056	0.02769	0.00963	0.00421	0.00411	0.00124	0.00483	0.00431	0.00237	0.00495
8	0.01315	0.01017	0.14388	0.07251	0.07000	0.08673	0.07042	0.01529	0.00972	0.42959	0.01084	0.01078	0.00729	0.00423	0.00402	0.00118	0.02769	0.00350	0.00324	0.00576
9	0.01394	0.00687	0.01008	0.00878	0.07667	0.00631	0.07452	0.07379	0.01061	0.54153	0.02851	0.10895	0.01085	0.00532	0.00399	0.00122	0.00352	0.00465	0.00403	0.00587
10	0.00756	0.00714	0.01178	0.68847	0.12386	0.00868	0.01041	0.01026	0.03634	0.01021	0.00701	0.01008	0.00539	0.00392	0.00418	0.00127	0.04378	0.00340	0.00178	0.00449
11	0.05235	0.00907	0.03038	0.10132	0.21027	0.07244	0.09461	0.07824	0.03280	0.26606	0.00972	0.01036	0.00690	0.00399	0.00377	0.00117	0.00444	0.00351	0.00294	0.00568
12	0.29289	0.02857	0.03947	0.00889	0.09510	0.12695	0.02277	0.06398	0.10962	0.13180	0.00882	0.02742	0.00675	0.00421	0.00342	0.00116	0.01713	0.00313	0.00281	0.00512
13	0.29093	0.00864	0.00982	0.04244	0.25650	0.08619	0.00724	0.04473	0.02385	0.04991	0.02886	0.01071	0.06612	0.00437	0.00386	0.00118	0.05404	0.00332	0.00242	0.00486
14	0.04231	0.03935	0.01202	0.07267	0.18328	0.07768	0.03157	0.32924	0.10521	0.03458	0.00887	0.00991	0.00679	0.02484	0.00406	0.00120	0.00437	0.00342	0.00291	0.00571
15	0.06947	0.01915	0.01981	0.02801	0.03107	0.07931	0.00595	0.31388	0.07207	0.05061	0.05160	0.07111	0.16017	0.00594	0.00387	0.00119	0.00360	0.00476	0.00338	0.00506

[dist]
# distance from previous block
# <min> <max>
13	37

[block]
# block no. 1 follows, 72 sequences, length 14
# corresponding to MSA columns:
# 155-168
name=unknown_B
#
# <colnr> <probs for GDERKNQSTAVLIFYWHMCP>
#	G	D	E	R	K	N	Q	S	T	A	V	L	I	F	Y	W	H	M	C	P
0	0.00809	0.09920	0.30990	0.11421	0.01608	0.00881	0.21323	0.01109	0.00814	0.03877	0.00932	0.01107	0.05661	0.00588	0.07182	0.00159	0.00564	0.00366	0.00195	0.00494
1	0.00520	0.07290	0.00576	0.00538	0.00601	0.00417	0.00392	0.00606	0.00765	0.01000	0.04966	0.63043	0.09070	0.01074	0.00464	0.00147	0.00242	0.07622	0.00339	0.00329
2	0.00720	0.10083	0.02299	0.00663	0.03112	0.05131	0.00502	0.00828	0.00809	0.07979	0.01734	0.47849	0.03114	0.00925	0.00441	0.00141	0.00306	0.12657	0.00324	0.00382
3	0.01016	0.20970	0.10660	0.10948	0.13259	0.21655	0.07682	0.01210	0.00856	0.01022	0.00620	0.00792	0.00513	0.00378	0.00407	0.00109	0.06951	0.00286	0.00177	0.00489
4	0.01023	0.68335	0.06261	0.00779	0.01110	0.08133	0.07687	0.01176	0.00807	0.00939	0.00560	0.00660	0.00494	0.00331	0.00275	0.00088	0.00456	0.00231	0.00167	0.00489
5	0.01090	0.75649	0.01852	0.00668	0.00983	0.05683	0.00646	0.01212	0.00811	0.07607	0.00608	0.00667	0.00523	0.00339	0.00259	0.00085	0.00413	0.00219	0.00189	0.00497
6	0.00552	0.00368	0.00414	0.00414	0.00414	0.00368	0.00230	0.00552	0.00552	0.00735	0.01195	0.02482	0.01379	0.86672	0.01930	0.00368	0.00368	0.00552	0.00230	0.00230
7	0.00509	0.00387	0.00468	0.00448	0.00550	0.00346	0.00336	0.00662	0.01008	0.01365	0.58950	0.03089	0.28831	0.00833	0.00448	0.00122	0.00183	0.00722	0.00397	0.00346
8	0.00606	0.02990	0.24212	0.00646	0.00876	0.00531	0.00654	0.00853	0.00977	0.01386	0.53855	0.02254	0.07355	0.00658	0.00418	0.00119	0.00293	0.00566	0.00335	0.00416
9	0.00972	0.77727	0.04057	0.00668	0.00989	0.01405	0.02605	0.01106	0.00780	0.00916	0.00725	0.00796	0.05244	0.00361	0.00263	0.00086	0.00403	0.00245	0.00174	0.00480
10	0.01026	0.78495	0.05411	0.00686	0.01013	0.06229	0.00685	0.01160	0.00789	0.00907	0.00537	0.00621	0.00487	0.00330	0.00254	0.00084	0.00428	0.00208	0.00164	0.00487
11	0.02670	0.37542	0.15280	0.00884	0.03533	0.30444	0.00814	0.02971	0.00903	0.01011	0.00586	0.00682	0.00491	0.00357	0.00303	0.00096	0.00527	0.00237	0.00180	0.00488
12	0.85458	0.00730	0.00572	0.00507	0.00744	0.00838	0.00417	0.01147	0.00665	0.05381	0.00571	0.00646	0.00434	0.00357	0.00241	0.00117	0.00295	0.00213	0.00245	0.00421
13	0.03237	0.13322	0.38711	0.00927	0.03191	0.04663	0.04404	0.08279	0.00912	0.02981	0.06882	0.07818	0.00911	0.01679	0.00384	0.00119	0.00463	0.00379	0.00227	0.00509

[dist]
# distance from previous block
# <min> <max>
0	1

[block]
# block no. 2 follows, 72 sequences, length 9
# corresponding to MSA columns:
# 170-178
name=unknown_C
#
# <colnr> <probs for GDERKNQSTAVLIFYWHMCP>
#	G	D	E	R	K	N	Q	S	T	A	V	L	I	F	Y	W	H	M	C	P
0	0.57893	0.04054	0.06339	0.00588	0.00863	0.00803	0.00523	0.01307	0.00772	0.22599	0.00783	0.00799	0.00552	0.00381	0.00281	0.00116	0.00323	0.00255	0.00286	0.00483
1	0.00542	0.00406	0.00610	0.00610	0.00677	0.00474	0.00474	0.00677	0.00610	0.00880	0.01016	0.01490	0.00948	0.02844	0.85169	0.00610	0.01016	0.00406	0.00203	0.00339
2	0.00797	0.00483	0.00604	0.00551	0.00690	0.00459	0.00420	0.01057	0.11153	0.17635	0.40281	0.13304	0.09529	0.00753	0.00432	0.00125	0.00228	0.00656	0.00410	0.00434
3	0.00929	0.37778	0.15136	0.01113	0.16955	0.06146	0.06038	0.01134	0.00803	0.01029	0.00654	0.00820	0.00559	0.00585	0.08682	0.00149	0.00531	0.00279	0.00175	0.00504
4	0.00964	0.09885	0.27932	0.15764	0.04905	0.20799	0.00994	0.01333	0.11710	0.01118	0.00757	0.00877	0.00581	0.00387	0.00352	0.00113	0.00526	0.00296	0.00201	0.00507
5	0.52335	0.26375	0.11317	0.00615	0.00916	0.01047	0.00603	0.01132	0.00702	0.01401	0.00547	0.00636	0.00442	0.00345	0.00253	0.00107	0.00359	0.00214	0.00204	0.00452
6	0.12281	0.11930	0.02285	0.00816	0.11069	0.06383	0.00584	0.01170	0.03296	0.16871	0.20111	0.05248	0.05376	0.00539	0.00364	0.00114	0.00329	0.00441	0.00316	0.00477
7	0.03314	0.35313	0.24372	0.00768	0.01093	0.01052	0.00810	0.01148	0.08914	0.01066	0.00767	0.00917	0.00641	0.00857	0.17241	0.00203	0.00557	0.00287	0.00194	0.00487
8	0.00926	0.26607	0.36416	0.01092	0.11511	0.09395	0.01048	0.01189	0.00812	0.01069	0.00618	0.00752	0.00499	0.00370	0.00385	0.00109	0.06249	0.00265	0.00168	0.00522

[dist]
# distance from previous block
# <min> <max>
23	52

[block]
# block no. 3 follows, 72 sequences, length 8
# corresponding to MSA columns:
# 231-238
name=unknown_D
#
# <colnr> <probs for GDERKNQSTAVLIFYWHMCP>
#	G	D	E	R	K	N	Q	S	T	A	V	L	I	F	Y	W	H	M	C	P
0	0.10190	0.02672	0.06426	0.04126	0.16907	0.05405	0.04400	0.05236	0.03265	0.03599	0.21450	0.04314	0.07809	0.00540	0.00384	0.00117	0.00357	0.00463	0.00288	0.02052
1	0.04454	0.07495	0.06305	0.03596	0.29666	0.00870	0.03222	0.11737	0.04610	0.09927	0.05818	0.01182	0.04766	0.00428	0.00366	0.00112	0.00395	0.00368	0.00270	0.04412
2	0.12503	0.06581	0.07988	0.05953	0.26662	0.08121	0.06755	0.07157	0.03509	0.03681	0.02262	0.02855	0.00668	0.00389	0.00351	0.00112	0.00446	0.00331	0.00227	0.03448
3	0.04180	0.09435	0.07787	0.05125	0.16582	0.05154	0.02698	0.06966	0.18622	0.01378	0.11033	0.01196	0.01044	0.00438	0.00361	0.00111	0.00388	0.00367	0.00271	0.06865
4	0.08376	0.07583	0.03067	0.04762	0.21912	0.09290	0.00783	0.05799	0.04111	0.18013	0.00880	0.00998	0.00673	0.00413	0.00397	0.00112	0.05108	0.01874	0.00268	0.05584
5	0.03598	0.07907	0.05339	0.04188	0.06425	0.04181	0.16592	0.12814	0.08630	0.14107	0.03988	0.01055	0.00783	0.00402	0.00369	0.00111	0.00432	0.00356	0.00286	0.08438
6	0.00473	0.00392	0.00420	0.00424	0.00545	0.00332	0.00318	0.00575	0.00855	0.01051	0.06732	0.12485	0.65325	0.00956	0.00449	0.00130	0.00205	0.04344	0.00350	0.03637
7	0.16741	0.08119	0.05893	0.03899	0.07400	0.17126	0.02475	0.20086	0.04313	0.05098	0.00901	0.00960	0.04579	0.00421	0.00339	0.00111	0.00445	0.00313	0.00265	0.00515

[dist]
# distance from previous block
# <min> <max>
0	1

[block]
# block no. 4 follows, 72 sequences, length 7
# corresponding to MSA columns:
# 240-246
name=unknown_E
#
# <colnr> <probs for GDERKNQSTAVLIFYWHMCP>
#	G	D	E	R	K	N	Q	S	T	A	V	L	I	F	Y	W	H	M	C	P
0	0.00569	0.00417	0.00545	0.06299	0.03339	0.00424	0.00416	0.00646	0.00680	0.00896	0.01568	0.12919	0.06678	0.42764	0.04293	0.00274	0.00371	0.16336	0.00269	0.00297
1	0.00777	0.00541	0.00617	0.00630	0.00702	0.00491	0.00430	0.00789	0.00868	0.03904	0.05577	0.20606	0.17184	0.33582	0.01112	0.00267	0.00365	0.10765	0.00379	0.00413
2	0.01071	0.00939	0.01318	0.12502	0.41664	0.09069	0.04148	0.06278	0.07430	0.10566	0.00862	0.01001	0.00661	0.00383	0.00377	0.00115	0.00460	0.00345	0.00245	0.00566
3	0.02691	0.03565	0.06734	0.00947	0.08295	0.06023	0.08983	0.11417	0.04043	0.12484	0.04888	0.06871	0.00908	0.00455	0.00388	0.00108	0.02499	0.00387	0.00285	0.18028
4	0.03312	0.03365	0.01375	0.09546	0.08093	0.03843	0.22827	0.11424	0.09858	0.09692	0.04460	0.01164	0.00824	0.00435	0.00439	0.00123	0.04942	0.02020	0.00273	0.01984
5	0.05774	0.00905	0.04349	0.03651	0.04360	0.08029	0.08328	0.12320	0.07332	0.13545	0.01238	0.03419	0.09022	0.00533	0.00506	0.00126	0.12366	0.01910	0.00293	0.01994
6	0.06446	0.02872	0.03725	0.03397	0.10757	0.03356	0.03319	0.13313	0.06850	0.06707	0.10472	0.10386	0.02558	0.07819	0.00520	0.00142	0.00360	0.03488	0.00306	0.03206

[dist]
# distance from previous block
# <min> <max>
3	21

[block]
# block no. 5 follows, 72 sequences, length 20
# corresponding to MSA columns:
# 268-287
name=unknown_F
#
# <colnr> <probs for GDERKNQSTAVLIFYWHMCP>
#	G	D	E	R	K	N	Q	S	T	A	V	L	I	F	Y	W	H	M	C	P
0	0.00983	0.02716	0.04437	0.02919	0.41489	0.04091	0.05505	0.06757	0.04951	0.07584	0.03759	0.01288	0.04717	0.00437	0.00385	0.00115	0.00424	0.03622	0.00253	0.03570
1	0.00813	0.09037	0.02050	0.04251	0.23253	0.07125	0.03567	0.01006	0.04205	0.03409	0.12983	0.12023	0.06944	0.07081	0.00509	0.00137	0.00374	0.00514	0.00268	0.00451
2	0.03990	0.26579	0.08898	0.00787	0.05508	0.02633	0.01607	0.08569	0.03736	0.10373	0.07242	0.06800	0.03642	0.00540	0.02028	0.00118	0.00385	0.02146	0.00273	0.04147
3	0.00913	0.16446	0.13535	0.01048	0.16689	0.03607	0.04053	0.06717	0.02411	0.06671	0.08862	0.06332	0.08276	0.00504	0.00369	0.00112	0.00395	0.00425	0.00261	0.02374
4	0.03199	0.31337	0.02713	0.00670	0.00929	0.00974	0.00590	0.08617	0.11731	0.18554	0.07776	0.05896	0.02735	0.00504	0.00344	0.00109	0.00342	0.02144	0.00315	0.00522
5	0.02360	0.19882	0.15314	0.00865	0.05753	0.18599	0.00753	0.06414	0.00914	0.06167	0.00977	0.06384	0.03978	0.07171	0.00470	0.00129	0.00463	0.02701	0.00234	0.00473
6	0.00507	0.00371	0.00434	0.00457	0.00511	0.00346	0.00312	0.00575	0.00741	0.00957	0.08580	0.21159	0.24661	0.31252	0.00985	0.00221	0.00271	0.07054	0.00314	0.00291
7	0.04345	0.68068	0.10921	0.00715	0.01052	0.07588	0.00729	0.01170	0.00792	0.00959	0.00548	0.00635	0.00483	0.00334	0.00263	0.00088	0.00439	0.00214	0.00167	0.00488
8	0.01048	0.74357	0.05193	0.00698	0.01022	0.07500	0.00688	0.04041	0.00829	0.00960	0.00551	0.00632	0.00492	0.00335	0.00260	0.00085	0.00432	0.00214	0.00172	0.00492
9	0.00460	0.00375	0.00394	0.00406	0.00508	0.00323	0.00291	0.00543	0.00817	0.00990	0.03364	0.14638	0.65597	0.08872	0.00589	0.00154	0.00212	0.00815	0.00341	0.00310
10	0.00463	0.00338	0.00433	0.00507	0.00542	0.00311	0.00341	0.00531	0.00738	0.00968	0.02277	0.73966	0.12383	0.03618	0.00521	0.00157	0.00221	0.01029	0.00349	0.00307
11	0.14071	0.24603	0.09142	0.00837	0.01122	0.26635	0.05338	0.08862	0.00947	0.01211	0.00664	0.03721	0.00566	0.00394	0.00316	0.00103	0.00496	0.00281	0.00211	0.00478
12	0.08188	0.39460	0.31942	0.00840	0.01237	0.04201	0.03193	0.03147	0.02657	0.01133	0.00624	0.00719	0.00499	0.00349	0.00301	0.00102	0.00467	0.00248	0.00180	0.00513
13	0.00528	0.00367	0.00425	0.00435	0.00458	0.00358	0.00266	0.00559	0.00632	0.00835	0.05049	0.13663	0.10613	0.59565	0.04420	0.00312	0.00344	0.00649	0.00266	0.00259
14	0.07187	0.18498	0.18860	0.00896	0.04474	0.08073	0.05115	0.05750	0.13379	0.05815	0.03890	0.02137	0.00804	0.01689	0.00368	0.00116	0.00436	0.01742	0.00250	0.00520
15	0.04319	0.15351	0.10410	0.00904	0.07862	0.10814	0.00745	0.17395	0.06350	0.11014	0.08181	0.01055	0.00893	0.00431	0.00349	0.00108	0.00418	0.00333	0.00287	0.02782
16	0.06790	0.13925	0.11805	0.01021	0.15671	0.03287	0.03149	0.08071	0.02580	0.09399	0.09126	0.01058	0.00893	0.00404	0.00342	0.00104	0.00393	0.00329	0.00259	0.11392
17	0.01028	0.03054	0.05684	0.04962	0.15049	0.05087	0.05776	0.09345	0.03494	0.14592	0.03415	0.04791	0.05799	0.00462	0.00386	0.00109	0.01770	0.00394	0.00284	0.14519
18	0.00967	0.10592	0.02748	0.00779	0.03711	0.02750	0.03898	0.14697	0.17860	0.05851	0.10746	0.04454	0.03722	0.00512	0.00371	0.00110	0.00344	0.02794	0.00319	0.12776
19	0.11119	0.00888	0.06166	0.06440	0.14106	0.06473	0.00725	0.15391	0.04967	0.06422	0.10696	0.05407	0.04753	0.00514	0.00402	0.00119	0.03207	0.00416	0.00292	0.01496

[dist]
# distance from previous block
# <min> <max>
32	147

[block]
# block no. 6 follows, 72 sequences, length 8
# corresponding to MSA columns:
# 496-503
name=unknown_G
#
# <colnr> <probs for GDERKNQSTAVLIFYWHMCP>
#	G	D	E	R	K	N	Q	S	T	A	V	L	I	F	Y	W	H	M	C	P
0	0.01012	0.42070	0.22641	0.00809	0.01161	0.09310	0.00840	0.10629	0.00920	0.01148	0.00678	0.00859	0.00578	0.03312	0.00363	0.00109	0.00470	0.02388	0.00197	0.00507
1	0.01101	0.40419	0.15134	0.00797	0.01146	0.01260	0.00791	0.26698	0.06784	0.01457	0.00741	0.00789	0.00581	0.00384	0.00315	0.00101	0.00427	0.00274	0.00245	0.00556
2	0.01131	0.22776	0.15555	0.00862	0.01199	0.01144	0.05325	0.38696	0.01233	0.01640	0.00785	0.00923	0.00621	0.05952	0.00446	0.00124	0.00448	0.00316	0.00268	0.00557
3	0.05800	0.41826	0.19648	0.00805	0.01148	0.01152	0.06077	0.04833	0.06513	0.01145	0.00782	0.07279	0.00694	0.00418	0.00316	0.00105	0.00427	0.00324	0.00207	0.00501
4	0.00969	0.50171	0.22720	0.00880	0.01260	0.07771	0.09276	0.01190	0.00814	0.01006	0.00595	0.00705	0.00494	0.00338	0.00301	0.00097	0.00490	0.00251	0.00167	0.00504
5	0.04019	0.38860	0.29786	0.00942	0.01345	0.05109	0.12815	0.01186	0.00809	0.01073	0.00616	0.00737	0.00495	0.00340	0.00317	0.00103	0.00501	0.00266	0.00170	0.00510
6	0.00516	0.00479	0.04222	0.00481	0.00615	0.00395	0.00386	0.00705	0.06422	0.01148	0.16451	0.12611	0.50307	0.00901	0.00446	0.00130	0.00221	0.02852	0.00356	0.00355
7	0.00806	0.03543	0.00800	0.00684	0.03354	0.01975	0.03966	0.10084	0.08111	0.06858	0.26078	0.06046	0.15011	0.02018	0.02521	0.00136	0.01993	0.01734	0.00350	0.03934

[dist]
# distance from previous block
# <min> <max>
19	77

[block]
# block no. 7 follows, 72 sequences, length 10
# corresponding to MSA columns:
# 606-615
name=unknown_H
#
# <colnr> <probs for GDERKNQSTAVLIFYWHMCP>
#	G	D	E	R	K	N	Q	S	T	A	V	L	I	F	Y	W	H	M	C	P
0	0.02217	0.04026	0.03304	0.00789	0.04186	0.03273	0.02738	0.16237	0.07457	0.04290	0.05403	0.14090	0.02362	0.11382	0.04253	0.00179	0.09705	0.02127	0.00294	0.01689
1	0.10346	0.03073	0.00898	0.05584	0.03367	0.03736	0.03007	0.15122	0.21357	0.07893	0.07557	0.01462	0.06372	0.06842	0.00485	0.00137	0.00352	0.00417	0.00326	0.01668
2	0.03178	0.08604	0.20318	0.02280	0.11103	0.05096	0.06242	0.06811	0.06403	0.06520	0.04466	0.01294	0.05390	0.01709	0.01866	0.00127	0.00444	0.03463	0.00252	0.04434
3	0.00959	0.03619	0.04094	0.13127	0.50545	0.10040	0.03324	0.03494	0.02463	0.01204	0.03081	0.00971	0.00664	0.00368	0.00372	0.00113	0.00479	0.00336	0.00200	0.00546
4	0.00568	0.00424	0.00537	0.00537	0.00619	0.00431	0.00395	0.03834	0.05367	0.01149	0.20197	0.22894	0.13474	0.04921	0.20437	0.02435	0.00415	0.00691	0.00325	0.00350
5	0.06938	0.16426	0.13417	0.00843	0.03469	0.03980	0.00760	0.25311	0.15546	0.03303	0.00875	0.00903	0.00661	0.00406	0.00337	0.00108	0.00408	0.00305	0.00281	0.05724
6	0.06159	0.09041	0.19673	0.07084	0.19512	0.00877	0.04291	0.07058	0.03614	0.04626	0.00929	0.06282	0.03246	0.00433	0.00359	0.00114	0.00428	0.00368	0.00230	0.05675
7	0.00988	0.26444	0.26348	0.00880	0.04505	0.04254	0.02204	0.10256	0.04221	0.07017	0.01045	0.01084	0.08342	0.00429	0.00340	0.00108	0.00440	0.00329	0.00236	0.00529
8	0.01005	0.26364	0.08262	0.01048	0.04784	0.06884	0.23637	0.03595	0.07058	0.06938	0.00905	0.04754	0.02294	0.00410	0.00361	0.00111	0.00479	0.00369	0.00230	0.00514
9	0.00539	0.00395	0.00472	0.00463	0.00566	0.00350	0.00341	0.00663	0.00912	0.03678	0.32988	0.15377	0.31737	0.04511	0.00510	0.00137	0.00209	0.02586	0.00370	0.03195

[dist]
# distance from previous block
# <min> <max>
2	9

[block]
# block no. 8 follows, 72 sequences, length 13
# corresponding to MSA columns:
# 625-637
name=unknown_I
#
# <colnr> <probs for GDERKNQSTAVLIFYWHMCP>
#	G	D	E	R	K	N	Q	S	T	A	V	L	I	F	Y	W	H	M	C	P
0	0.29690	0.29245	0.05222	0.00726	0.02474	0.15093	0.00635	0.09320	0.00884	0.01336	0.00589	0.00672	0.00481	0.00359	0.00279	0.00101	0.00423	0.00231	0.00214	0.02026
1	0.06729	0.00900	0.00979	0.00848	0.05166	0.04263	0.00647	0.42778	0.08083	0.06505	0.00961	0.01085	0.00745	0.05345	0.08879	0.00177	0.01860	0.00352	0.00325	0.03374
2	0.00670	0.00543	0.00592	0.00589	0.03290	0.07939	0.03015	0.00735	0.00722	0.02787	0.07905	0.07072	0.07205	0.48703	0.01264	0.00260	0.00366	0.03955	0.02081	0.00307
3	0.00924	0.00925	0.02797	0.05790	0.39355	0.04341	0.19528	0.07199	0.00923	0.01264	0.00846	0.08305	0.00749	0.00424	0.00411	0.00119	0.01867	0.00418	0.00217	0.03598
4	0.00577	0.00403	0.00528	0.00586	0.00637	0.00401	0.00457	0.00682	0.00750	0.00983	0.01739	0.11238	0.01939	0.30232	0.00999	0.00238	0.00344	0.46652	0.00309	0.00305
5	0.00547	0.00384	0.00499	0.00499	0.00528	0.00414	0.00336	0.00606	0.00577	0.00798	0.01117	0.02051	0.01192	0.50220	0.38126	0.00473	0.00650	0.00488	0.00218	0.00277
6	0.00642	0.00337	0.00492	0.00492	0.00496	0.00341	0.00327	0.00510	0.00506	0.00678	0.00731	0.01303	0.00746	0.09871	0.06054	0.75394	0.00370	0.00356	0.00173	0.00181
7	0.00585	0.00419	0.00536	0.00592	0.00660	0.00417	0.00447	0.00776	0.08514	0.02830	0.01994	0.42415	0.04989	0.07583	0.00594	0.00173	0.00279	0.25501	0.00348	0.00349
8	0.01014	0.86900	0.01987	0.00649	0.00973	0.01501	0.00649	0.01136	0.00771	0.00892	0.00527	0.00608	0.00487	0.00324	0.00243	0.00081	0.00406	0.00203	0.00162	0.00487
9	0.00554	0.00410	0.00576	0.00570	0.00618	0.00468	0.00421	0.00652	0.00593	0.00843	0.01046	0.01731	0.01047	0.24915	0.60483	0.00531	0.03579	0.00442	0.00209	0.00312
10	0.01046	0.00599	0.00731	0.00667	0.03238	0.00606	0.00502	0.08093	0.14576	0.25321	0.06569	0.14506	0.04192	0.00618	0.00407	0.00121	0.02423	0.00519	0.14765	0.00503
11	0.00761	0.01962	0.84707	0.01081	0.01641	0.00881	0.01401	0.01201	0.00801	0.01201	0.00681	0.00801	0.00480	0.00360	0.00360	0.00120	0.00560	0.00280	0.00160	0.00560
12	0.00672	0.03629	0.10580	0.00590	0.00758	0.00513	0.00520	0.04632	0.00989	0.05873	0.42604	0.13199	0.10897	0.00749	0.00443	0.00124	0.01818	0.00645	0.00359	0.00406

[dist]
# distance from previous block
# <min> <max>
0	1

[block]
# block no. 9 follows, 72 sequences, length 13
# corresponding to MSA columns:
# 639-651
name=unknown_J
#
# <colnr> <probs for GDERKNQSTAVLIFYWHMCP>
#	G	D	E	R	K	N	Q	S	T	A	V	L	I	F	Y	W	H	M	C	P
0	0.07782	0.35385	0.11177	0.00881	0.04643	0.32284	0.00772	0.01283	0.00881	0.01017	0.00575	0.00673	0.00486	0.00356	0.00298	0.00096	0.00520	0.00233	0.00181	0.00477
1	0.13429	0.10356	0.01086	0.00829	0.01061	0.39504	0.00661	0.16277	0.04022	0.04714	0.00710	0.00774	0.00556	0.00406	0.00349	0.00105	0.02715	0.00268	0.01690	0.00490
2	0.01148	0.04474	0.01130	0.03897	0.15549	0.09098	0.00755	0.32535	0.19190	0.01694	0.01089	0.01119	0.04271	0.00455	0.00372	0.00115	0.00412	0.00364	0.01757	0.00575
3	0.00471	0.00334	0.00438	0.00517	0.00537	0.00314	0.00340	0.00530	0.00709	0.00946	0.02004	0.78359	0.02400	0.09401	0.00623	0.00175	0.00234	0.01028	0.00340	0.00301
4	0.00524	0.00369	0.00470	0.00495	0.00562	0.00343	0.00351	0.00628	0.00834	0.03582	0.23061	0.40041	0.16533	0.04585	0.05646	0.00176	0.00262	0.00849	0.00358	0.00331
5	0.00461	0.00334	0.00436	0.00518	0.00547	0.00309	0.00347	0.00529	0.00736	0.00972	0.02219	0.80362	0.08488	0.01171	0.00481	0.00152	0.00218	0.01058	0.00352	0.00309
6	0.00551	0.00370	0.00425	0.00425	0.00429	0.00374	0.00244	0.00559	0.00555	0.00744	0.01184	0.02423	0.01353	0.81727	0.06840	0.00382	0.00406	0.00543	0.00228	0.00236
7	0.89350	0.00733	0.00557	0.00499	0.00733	0.00851	0.00411	0.01115	0.00645	0.01702	0.00528	0.00616	0.00411	0.00352	0.00235	0.00117	0.00293	0.00205	0.00235	0.00411
8	0.00882	0.00837	0.01420	0.10212	0.70323	0.00852	0.01094	0.01099	0.00843	0.01193	0.00810	0.07206	0.00731	0.00404	0.00384	0.00117	0.00439	0.00392	0.00198	0.00562
9	0.00677	0.00491	0.00577	0.00540	0.00675	0.00481	0.00417	0.02800	0.14885	0.06414	0.36955	0.04976	0.22215	0.00778	0.00437	0.00127	0.00228	0.05524	0.00393	0.00411
10	0.00816	0.00885	0.10518	0.12665	0.37701	0.00776	0.07313	0.02104	0.00845	0.02265	0.03667	0.10661	0.00955	0.00501	0.00416	0.01491	0.00439	0.03846	0.00221	0.01915
11	0.01022	0.08990	0.00920	0.00699	0.00911	0.00838	0.00563	0.08393	0.36131	0.15245	0.04786	0.08476	0.07360	0.00588	0.00415	0.00124	0.03153	0.00480	0.00366	0.00540
12	0.00959	0.02273	0.01081	0.09774	0.19764	0.17281	0.02587	0.10383	0.04693	0.01247	0.04526	0.14477	0.01994	0.00541	0.00414	0.00118	0.03122	0.00456	0.00256	0.04053

[dist]
# distance from previous block
# <min> <max>
0	6

[block]
# block no. 10 follows, 72 sequences, length 20
# corresponding to MSA columns:
# 660-679
name=unknown_K
#
# <colnr> <probs for GDERKNQSTAVLIFYWHMCP>
#	G	D	E	R	K	N	Q	S	T	A	V	L	I	F	Y	W	H	M	C	P
0	0.00639	0.00473	0.00638	0.00709	0.10962	0.00446	0.00461	0.00836	0.03753	0.04968	0.50407	0.05328	0.15022	0.00732	0.00430	0.00120	0.00226	0.00642	0.02806	0.00401
1	0.01442	0.01062	0.01138	0.00873	0.01176	0.01176	0.00721	0.83041	0.01783	0.02390	0.00911	0.00911	0.00645	0.00455	0.00379	0.00114	0.00417	0.00341	0.00379	0.00645
2	0.25969	0.00606	0.00652	0.00548	0.00767	0.00609	0.00443	0.03320	0.03754	0.33029	0.03158	0.01288	0.05516	0.00466	0.00322	0.00112	0.00276	0.00357	0.18312	0.00494
3	0.00657	0.00456	0.00601	0.00629	0.00728	0.00454	0.00524	0.05382	0.00957	0.02811	0.21496	0.04926	0.02341	0.04740	0.00549	0.00163	0.00305	0.48890	0.03026	0.00367
4	0.00541	0.00385	0.00492	0.00477	0.00566	0.00351	0.00353	0.00696	0.01006	0.03107	0.62822	0.13214	0.12886	0.00842	0.00451	0.00125	0.00189	0.00742	0.00403	0.00353
5	0.00882	0.05780	0.02051	0.04333	0.06366	0.00959	0.66146	0.01165	0.00862	0.01164	0.00763	0.01057	0.00604	0.04177	0.00508	0.00136	0.01932	0.00427	0.00190	0.00498
6	0.00497	0.00385	0.00453	0.00439	0.00543	0.00340	0.00328	0.00638	0.00975	0.01294	0.47648	0.05240	0.38125	0.00865	0.00449	0.00124	0.00186	0.00745	0.00388	0.00340
7	0.05115	0.03790	0.04993	0.12795	0.08539	0.38074	0.00798	0.04784	0.06225	0.03191	0.00762	0.03280	0.00630	0.00502	0.03202	0.00128	0.02185	0.00314	0.00221	0.00473
8	0.55765	0.08364	0.02153	0.00667	0.00913	0.18490	0.02795	0.04856	0.00806	0.01481	0.00566	0.00657	0.00449	0.00362	0.00272	0.00110	0.00403	0.00227	0.00224	0.00439
9	0.00537	0.00398	0.00487	0.00529	0.00599	0.00377	0.00388	0.04261	0.00827	0.01071	0.04905	0.40786	0.20857	0.07758	0.00590	0.00165	0.00255	0.14535	0.00345	0.00328
10	0.02396	0.07358	0.07441	0.00730	0.04555	0.10323	0.00597	0.06293	0.02376	0.04654	0.00969	0.01196	0.00796	0.00843	0.14516	0.00189	0.04598	0.02099	0.27634	0.00437
11	0.00747	0.00706	0.01193	0.74203	0.13928	0.00851	0.01069	0.00996	0.00773	0.01006	0.00680	0.01001	0.00519	0.00373	0.00379	0.00124	0.00498	0.00337	0.00171	0.00446
12	0.00853	0.05313	0.67956	0.01060	0.03340	0.02339	0.01268	0.08543	0.03538	0.01303	0.00722	0.00823	0.00520	0.00372	0.00358	0.00118	0.00533	0.00288	0.00188	0.00565
13	0.00468	0.00338	0.00443	0.00515	0.00549	0.00313	0.00349	0.00545	0.00764	0.01019	0.09252	0.74435	0.07328	0.01139	0.00479	0.00150	0.00215	0.01028	0.00358	0.00313
14	0.00544	0.00398	0.00566	0.00566	0.00618	0.00450	0.00419	0.00649	0.00596	0.00848	0.01056	0.01713	0.01045	0.21678	0.66468	0.00555	0.00870	0.00439	0.00209	0.00314
15	0.00535	0.00371	0.00414	0.00413	0.00438	0.00360	0.00246	0.00560	0.00630	0.00825	0.06297	0.02683	0.14352	0.68507	0.01616	0.00316	0.00330	0.00598	0.00259	0.00251
16	0.00462	0.00330	0.00440	0.00528	0.00550	0.00308	0.00352	0.00528	0.00726	0.00968	0.02090	0.86424	0.02508	0.01188	0.00484	0.00154	0.00220	0.01078	0.00352	0.00308
17	0.00786	0.00674	0.00786	0.00562	0.00899	0.00506	0.00449	0.00955	0.00786	0.01236	0.00674	0.00786	0.00562	0.00281	0.00281	0.00056	0.00281	0.00225	0.00225	0.88990
18	0.00826	0.00745	0.01196	0.65794	0.12910	0.03536	0.02796	0.01066	0.00803	0.05688	0.00724	0.01007	0.00543	0.00378	0.00379	0.00123	0.00497	0.00339	0.00189	0.00459
19	0.00935	0.16800	0.38211	0.01165	0.15723	0.02445	0.02116	0.06710	0.04446	0.04360	0.02000	0.00873	0.00609	0.00372	0.00346	0.00110	0.00478	0.00297	0.00207	0.01795

[dist]
# distance from previous block
# <min> <max>
0	33

[block]
# block no. 11 follows, 72 sequences, length 14
# corresponding to MSA columns:
# 713-726
name=unknown_L
#
# <colnr> <probs for GDERKNQSTAVLIFYWHMCP>
#	G	D	E	R	K	N	Q	S	T	A	V	L	I	F	Y	W	H	M	C	P
0	0.40992	0.02578	0.04748	0.04127	0.07712	0.06129	0.04097	0.02978	0.05625	0.03094	0.00679	0.00780	0.00529	0.00356	0.00296	0.00107	0.00370	0.00260	0.00234	0.14310
1	0.00640	0.03523	0.04925	0.03344	0.15604	0.00544	0.00581	0.00810	0.00889	0.01244	0.33882	0.10818	0.07574	0.05384	0.04013	0.00154	0.01529	0.00588	0.02679	0.01276
2	0.05405	0.04542	0.06679	0.00848	0.03643	0.03869	0.00696	0.20957	0.41655	0.05893	0.01183	0.01136	0.00875	0.00462	0.00367	0.00120	0.00368	0.00366	0.00344	0.00591
3	0.00952	0.03534	0.00769	0.00599	0.00834	0.00542	0.00483	0.01178	0.07224	0.21769	0.15276	0.05210	0.03855	0.00549	0.00373	0.00104	0.00280	0.06953	0.00347	0.29172
4	0.01022	0.05381	0.05335	0.00904	0.02800	0.03558	0.14781	0.13029	0.04322	0.14693	0.01298	0.09469	0.03299	0.00581	0.00410	0.00125	0.00409	0.12725	0.00313	0.05545
5	0.00938	0.61590	0.26636	0.00778	0.01172	0.01316	0.00873	0.01155	0.00780	0.00984	0.00573	0.00666	0.00485	0.00335	0.00278	0.00093	0.00452	0.00226	0.00162	0.00509
6	0.00508	0.00377	0.00474	0.00469	0.00554	0.00343	0.00344	0.00653	0.00978	0.01339	0.55931	0.17086	0.17787	0.00878	0.00454	0.00127	0.00188	0.00773	0.00395	0.00343
7	0.00923	0.00771	0.04450	0.04032	0.01015	0.04271	0.02248	0.01051	0.00728	0.15624	0.00912	0.07940	0.00814	0.00997	0.14978	0.00224	0.37929	0.00410	0.00242	0.00443
8	0.02002	0.22404	0.50055	0.01002	0.03353	0.01041	0.05189	0.01215	0.03709	0.02765	0.00687	0.00798	0.00522	0.00367	0.00366	0.00113	0.03417	0.00279	0.00178	0.00537
9	0.00849	0.01663	0.63915	0.01037	0.01520	0.00850	0.05879	0.04553	0.03885	0.06699	0.00849	0.05116	0.00648	0.00416	0.00375	0.00122	0.00517	0.00344	0.00209	0.00556
10	0.00598	0.00455	0.00503	0.00471	0.00599	0.00427	0.00358	0.09833	0.01008	0.01325	0.24241	0.08708	0.43373	0.00842	0.00432	0.00124	0.00215	0.00713	0.05406	0.00367
11	0.00832	0.03120	0.00783	0.00681	0.02902	0.02930	0.03682	0.07324	0.10334	0.10937	0.16021	0.03443	0.17985	0.01031	0.14716	0.00204	0.00420	0.01869	0.00338	0.00447
12	0.04515	0.08425	0.12437	0.00767	0.06381	0.00717	0.00655	0.05093	0.00836	0.01278	0.00670	0.00782	0.00544	0.00311	0.00298	0.00076	0.00348	0.00243	0.00216	0.55410
13	0.00876	0.00757	0.00739	0.00755	0.00851	0.11736	0.00528	0.00943	0.05074	0.01263	0.06197	0.48808	0.15367	0.01110	0.00571	0.00182	0.02449	0.00906	0.00409	0.00477

[dist]
# distance from previous block
# <min> <max>
3	5

[block]
# block no. 12 follows, 72 sequences, length 24
# corresponding to MSA columns:
# 732-755
name=unknown_M
#
# <colnr> <probs for GDERKNQSTAVLIFYWHMCP>
#	G	D	E	R	K	N	Q	S	T	A	V	L	I	F	Y	W	H	M	C	P
0	0.63880	0.06657	0.00832	0.04845	0.11718	0.04484	0.00569	0.01133	0.00706	0.01519	0.00562	0.00679	0.00448	0.00351	0.00265	0.00114	0.00348	0.00230	0.00219	0.00442
1	0.00495	0.00377	0.00501	0.00602	0.05275	0.00349	0.00389	0.00586	0.00792	0.01051	0.11011	0.60155	0.14885	0.01062	0.00469	0.00144	0.00224	0.00953	0.00350	0.00332
2	0.01085	0.30505	0.12816	0.05095	0.09956	0.04589	0.03330	0.08386	0.07918	0.02133	0.01029	0.01156	0.05419	0.00485	0.00395	0.00127	0.01521	0.00354	0.00263	0.03440
3	0.01875	0.02334	0.16506	0.05184	0.05662	0.20679	0.05007	0.17397	0.11343	0.01380	0.00883	0.02173	0.00717	0.05286	0.00459	0.00130	0.00501	0.01713	0.00253	0.00519
4	0.00483	0.00362	0.00421	0.00448	0.00516	0.00325	0.00310	0.00549	0.00776	0.00986	0.08342	0.30682	0.37347	0.10897	0.00689	0.05180	0.00228	0.00829	0.00332	0.00300
5	0.06476	0.00717	0.01164	0.62941	0.16915	0.00845	0.01017	0.01039	0.00780	0.03582	0.00696	0.00981	0.00529	0.00373	0.00369	0.00123	0.00477	0.00330	0.00185	0.00459
6	0.01492	0.00719	0.00924	0.06175	0.01098	0.00703	0.00615	0.13159	0.10154	0.56686	0.01355	0.01238	0.00894	0.00522	0.02357	0.00130	0.00361	0.00379	0.00422	0.00619
7	0.00922	0.00884	0.01509	0.08628	0.78137	0.00897	0.01156	0.01149	0.00856	0.01219	0.00710	0.00944	0.00594	0.00341	0.00376	0.00114	0.00455	0.00338	0.00186	0.00587
8	0.00871	0.00788	0.02494	0.00722	0.06315	0.07006	0.00539	0.02548	0.00861	0.04066	0.06059	0.00939	0.00765	0.00336	0.00309	0.00071	0.00325	0.00272	0.00242	0.64472
9	0.00732	0.01406	0.51896	0.00935	0.01342	0.00738	0.08698	0.01089	0.01824	0.01248	0.06678	0.01284	0.05525	0.00446	0.00369	0.00118	0.00459	0.01997	0.12719	0.00496
10	0.00842	0.00896	0.09692	0.09158	0.20556	0.01825	0.00851	0.02856	0.24148	0.01302	0.08715	0.02896	0.03623	0.00510	0.00489	0.00127	0.10308	0.00416	0.00269	0.00521
11	0.00794	0.00712	0.01171	0.14028	0.44865	0.00736	0.00959	0.01004	0.00847	0.01161	0.01135	0.04321	0.01116	0.00581	0.00424	0.00134	0.00422	0.24861	0.00238	0.00491
12	0.00918	0.00877	0.01495	0.07652	0.77397	0.00888	0.01146	0.01144	0.00857	0.01220	0.00737	0.01010	0.00626	0.00355	0.00379	0.00115	0.00452	0.01960	0.00190	0.00584
13	0.00545	0.00404	0.00606	0.00606	0.00672	0.00470	0.00470	0.00672	0.00606	0.00874	0.01005	0.01480	0.00939	0.02798	0.82628	0.03292	0.00995	0.00404	0.00202	0.00333
14	0.01546	0.00616	0.00811	0.00634	0.00897	0.00548	0.00520	0.04438	0.01066	0.69491	0.01438	0.01296	0.00934	0.00465	0.00364	0.00113	0.00304	0.00376	0.13541	0.00602
15	0.00552	0.00368	0.00414	0.00414	0.00414	0.00368	0.00230	0.00552	0.00552	0.00735	0.01195	0.02482	0.01379	0.86672	0.01930	0.00368	0.00368	0.00552	0.00230	0.00230
16	0.10700	0.06620	0.70608	0.00991	0.01502	0.00912	0.01248	0.01188	0.00782	0.01240	0.00655	0.00769	0.00473	0.00357	0.00340	0.00118	0.00522	0.00267	0.00169	0.00540
17	0.00489	0.00369	0.00492	0.00585	0.02981	0.00354	0.00391	0.00566	0.00743	0.00985	0.02164	0.71535	0.09837	0.01124	0.00500	0.00151	0.02614	0.03456	0.00342	0.00322
18	0.00969	0.00831	0.08859	0.00796	0.05514	0.00640	0.03800	0.03221	0.01860	0.15437	0.00834	0.00914	0.00633	0.00388	0.01630	0.00094	0.04254	0.00284	0.00260	0.48781
19	0.35426	0.39953	0.05262	0.00642	0.00926	0.09148	0.00597	0.01160	0.00750	0.01225	0.00548	0.00641	0.00464	0.00380	0.01505	0.00106	0.00405	0.00214	0.00194	0.00454
20	0.00476	0.00385	0.00423	0.00413	0.00529	0.00332	0.00310	0.00598	0.00930	0.01180	0.28986	0.03394	0.58911	0.00902	0.00448	0.00125	0.00188	0.00765	0.00373	0.00332
21	0.00786	0.00674	0.00786	0.00562	0.00899	0.00506	0.00449	0.00955	0.00786	0.01236	0.00674	0.00786	0.00562	0.00281	0.00281	0.00056	0.00281	0.00225	0.00225	0.88990
22	0.01022	0.00816	0.01273	0.15116	0.34174	0.00893	0.02728	0.04972	0.02087	0.14260	0.00812	0.00990	0.00628	0.00432	0.00538	0.00125	0.16284	0.00345	0.00237	0.02268
23	0.05696	0.04038	0.67889	0.02076	0.02705	0.00897	0.05890	0.02898	0.00822	0.01249	0.02071	0.00839	0.00539	0.00365	0.00357	0.00119	0.00534	0.00293	0.00175	0.00545

[dist]
# distance from previous block
# <min> <max>
0	1

[block]
# block no. 13 follows, 72 sequences, length 12
# corresponding to MSA columns:
# 757-768
name=unknown_N
#
# <colnr> <probs for GDERKNQSTAVLIFYWHMCP>
#	G	D	E	R	K	N	Q	S	T	A	V	L	I	F	Y	W	H	M	C	P
0	0.03576	0.00793	0.00973	0.02177	0.08855	0.00817	0.00655	0.19413	0.20027	0.34011	0.01301	0.01220	0.02143	0.00467	0.00377	0.00119	0.00348	0.00380	0.01736	0.00612
1	0.00934	0.13491	0.50209	0.00954	0.01399	0.02645	0.01097	0.15491	0.05984	0.01377	0.00757	0.00843	0.00561	0.00434	0.02125	0.00124	0.00510	0.00291	0.00214	0.00560
2	0.00542	0.00406	0.00610	0.00610	0.00677	0.00474	0.00474	0.00677	0.00610	0.00880	0.01016	0.01490	0.00948	0.02844	0.85169	0.00610	0.01016	0.00406	0.00203	0.00339
3	0.00472	0.00334	0.00437	0.00516	0.00536	0.00314	0.00339	0.00531	0.00708	0.00943	0.01995	0.77480	0.02388	0.10296	0.00638	0.00177	0.00236	0.01022	0.00339	0.00300
4	0.00928	0.00904	0.01376	0.10970	0.62584	0.07159	0.01061	0.01143	0.00866	0.01190	0.00774	0.01083	0.00662	0.00380	0.00375	0.00115	0.00459	0.03671	0.03753	0.00549
5	0.00526	0.00385	0.00494	0.00478	0.00567	0.00354	0.00358	0.00691	0.01028	0.01431	0.69351	0.07711	0.11189	0.00825	0.00452	0.00124	0.00188	0.03093	0.00406	0.00351
6	0.00605	0.00465	0.00642	0.06985	0.00831	0.00471	0.03763	0.09385	0.00849	0.01129	0.01827	0.62835	0.04401	0.01052	0.02717	0.00158	0.00300	0.00893	0.00331	0.00362
7	0.00495	0.00359	0.00485	0.00535	0.00580	0.00352	0.00380	0.00593	0.00760	0.01033	0.13638	0.51559	0.04444	0.03778	0.15648	0.00236	0.00365	0.04109	0.00331	0.00320
8	0.00866	0.00758	0.00827	0.00605	0.00933	0.04648	0.00483	0.07125	0.00875	0.01307	0.00688	0.00791	0.00564	0.00299	0.00291	0.00062	0.00311	0.00234	0.00235	0.78098
9	0.00553	0.00404	0.00535	0.00529	0.00567	0.00446	0.00372	0.00625	0.00593	0.00824	0.01189	0.01987	0.04451	0.39390	0.42332	0.00468	0.03741	0.00483	0.00219	0.00293
10	0.01361	0.22256	0.04158	0.02481	0.11809	0.16216	0.14912	0.09712	0.03426	0.07668	0.00984	0.01174	0.00805	0.00522	0.00449	0.00148	0.00576	0.00387	0.00308	0.00647
11	0.00941	0.00739	0.00816	0.06031	0.01005	0.03059	0.00573	0.01592	0.45079	0.07540	0.01269	0.01261	0.00958	0.00467	0.00390	0.00114	0.03820	0.00375	0.12802	0.11170

[dist]
# distance from previous block
# <min> <max>
6	22

[block]
# block no. 14 follows, 72 sequences, length 36
# corresponding to MSA columns:
# 791-826
name=unknown_O
#
# <colnr> <probs for GDERKNQSTAVLIFYWHMCP>
#	G	D	E	R	K	N	Q	S	T	A	V	L	I	F	Y	W	H	M	C	P
0	0.00517	0.00441	0.03567	0.03142	0.03150	0.00391	0.00449	0.00650	0.03896	0.01016	0.02021	0.68356	0.06348	0.01068	0.00469	0.00149	0.00253	0.03441	0.00336	0.00342
1	0.00935	0.01419	0.41632	0.00996	0.03623	0.02693	0.04848	0.16073	0.13830	0.01484	0.00889	0.00961	0.00652	0.00402	0.00364	0.00116	0.00468	0.00325	0.05095	0.03195
2	0.64452	0.03770	0.03308	0.00611	0.00866	0.07019	0.00518	0.13146	0.00852	0.01704	0.00593	0.00670	0.00455	0.00369	0.00268	0.00114	0.00352	0.00230	0.00248	0.00454
3	0.04293	0.24931	0.38062	0.04473	0.03479	0.03739	0.03518	0.04712	0.00974	0.01357	0.00907	0.01190	0.00768	0.03642	0.00483	0.00159	0.00562	0.01869	0.00258	0.00623
4	0.00960	0.00845	0.00932	0.00929	0.09634	0.03543	0.00655	0.05949	0.62282	0.01536	0.01383	0.04362	0.01080	0.00505	0.00383	0.00124	0.00330	0.00425	0.00352	0.03792
5	0.00684	0.00402	0.00473	0.00449	0.00490	0.00391	0.00277	0.00709	0.00628	0.10704	0.01322	0.02356	0.04316	0.71047	0.03958	0.00336	0.00374	0.00536	0.00262	0.00285
6	0.01079	0.00914	0.01179	0.07885	0.12078	0.06019	0.08556	0.31005	0.03607	0.02987	0.00866	0.01042	0.00680	0.02139	0.08686	0.00170	0.05806	0.00358	0.04412	0.00530
7	0.02908	0.00763	0.01041	0.10861	0.01123	0.02154	0.00771	0.00923	0.00662	0.03989	0.00954	0.01196	0.10446	0.00647	0.00981	0.00153	0.59430	0.00386	0.00201	0.00413
8	0.00524	0.00385	0.00491	0.00469	0.00560	0.00352	0.00350	0.00689	0.01037	0.01444	0.71967	0.06281	0.12414	0.00812	0.00449	0.00122	0.00182	0.00714	0.00408	0.00352
9	0.00552	0.00368	0.00414	0.00414	0.00414	0.00368	0.00230	0.00552	0.00552	0.00735	0.01195	0.02482	0.01379	0.86672	0.01930	0.00368	0.00368	0.00552	0.00230	0.00230
10	0.89350	0.00733	0.00557	0.00499	0.00733	0.00851	0.00411	0.01115	0.00645	0.01702	0.00528	0.00616	0.00411	0.00352	0.00235	0.00117	0.00293	0.00205	0.00235	0.00411
11	0.37108	0.00884	0.00766	0.00675	0.00901	0.10864	0.00534	0.05848	0.25975	0.08834	0.00994	0.03479	0.00767	0.00446	0.00321	0.00119	0.00349	0.00326	0.00308	0.00502
12	0.09584	0.01358	0.00984	0.00923	0.04436	0.49856	0.00683	0.07523	0.05903	0.01157	0.00715	0.00848	0.00592	0.00697	0.10438	0.00166	0.03172	0.00285	0.00224	0.00456
13	0.02611	0.00899	0.00992	0.00844	0.03037	0.05708	0.03177	0.20146	0.37348	0.19141	0.01277	0.01198	0.00915	0.00472	0.00380	0.00121	0.00367	0.00384	0.00378	0.00605
14	0.04296	0.01302	0.01107	0.03869	0.09659	0.36872	0.00759	0.25230	0.04617	0.06205	0.00784	0.00851	0.00597	0.00416	0.00372	0.00109	0.01850	0.00301	0.00272	0.00532
15	0.00521	0.00415	0.00467	0.00464	0.00594	0.00354	0.00355	0.00632	0.00849	0.02140	0.05550	0.14272	0.52150	0.00922	0.00444	0.00129	0.00224	0.10142	0.00343	0.09031
16	0.00548	0.00367	0.00416	0.00419	0.00422	0.00365	0.00237	0.00554	0.00568	0.00759	0.02788	0.05682	0.01463	0.81805	0.01847	0.00355	0.00359	0.00574	0.00238	0.00235
17	0.00761	0.01962	0.84707	0.01081	0.01641	0.00881	0.01401	0.01201	0.00801	0.01201	0.00681	0.00801	0.00480	0.00360	0.00360	0.00120	0.00560	0.00280	0.00160	0.00560
18	0.01352	0.03561	0.02561	0.00893	0.01191	0.05558	0.08343	0.42142	0.11597	0.17289	0.01051	0.01031	0.00740	0.00444	0.00381	0.00116	0.00422	0.00359	0.00359	0.00610
19	0.00549	0.00367	0.00414	0.00417	0.00417	0.00366	0.00233	0.00551	0.00556	0.00741	0.01218	0.04676	0.01408	0.84437	0.01893	0.00362	0.00364	0.00565	0.00233	0.00232
20	0.00572	0.00407	0.00519	0.00489	0.00588	0.00380	0.00367	0.00773	0.04028	0.03449	0.71757	0.05968	0.07691	0.00784	0.00445	0.00121	0.00189	0.00690	0.00412	0.00370
21	0.00555	0.00418	0.00514	0.00535	0.00616	0.00406	0.00391	0.02877	0.07746	0.01225	0.24721	0.38981	0.12836	0.00963	0.00461	0.00139	0.00225	0.05656	0.00373	0.00359
22	0.00925	0.03596	0.03830	0.01488	0.01858	0.02600	0.70988	0.05151	0.00935	0.01254	0.00795	0.01083	0.00616	0.00348	0.00436	0.00126	0.00613	0.02640	0.00204	0.00512
23	0.00870	0.00899	0.01297	0.50682	0.19266	0.12109	0.07371	0.01101	0.00833	0.01038	0.00678	0.00953	0.00528	0.00368	0.00379	0.00120	0.00528	0.00333	0.00178	0.00468
24	0.02325	0.08369	0.03012	0.12251	0.23156	0.29595	0.13631	0.01264	0.00915	0.01072	0.00655	0.00840	0.00532	0.00358	0.00362	0.00109	0.00562	0.00309	0.00187	0.00496
25	0.00473	0.00385	0.00418	0.00410	0.00527	0.00331	0.00307	0.00592	0.00922	0.01161	0.25990	0.03424	0.61919	0.00909	0.00448	0.00126	0.00188	0.00769	0.00370	0.00331
26	0.00604	0.00433	0.00602	0.00687	0.00774	0.00431	0.00598	0.00774	0.00869	0.01128	0.02053	0.06185	0.04107	0.01049	0.00521	0.00173	0.00343	0.77973	0.00349	0.00348
27	0.89350	0.00733	0.00557	0.00499	0.00733	0.00851	0.00411	0.01115	0.00645	0.01702	0.00528	0.00616	0.00411	0.00352	0.00235	0.00117	0.00293	0.00205	0.00235	0.00411
28	0.00786	0.00674	0.00786	0.00562	0.00899	0.00506	0.00449	0.00955	0.00786	0.01236	0.00674	0.00786	0.00562	0.00281	0.00281	0.00056	0.00281	0.00225	0.00225	0.88990
29	0.00804	0.00447	0.00457	0.00422	0.00539	0.00462	0.00325	0.11729	0.00926	0.01543	0.01194	0.01347	0.00929	0.00444	0.00280	0.00092	0.00209	0.00352	0.77108	0.00392
30	0.00659	0.00329	0.00494	0.00494	0.00494	0.00329	0.00329	0.00494	0.00494	0.00659	0.00659	0.01153	0.00659	0.01318	0.01482	0.88966	0.00329	0.00329	0.00165	0.00165
31	0.00461	0.00333	0.00437	0.00521	0.00548	0.00309	0.00349	0.00529	0.00733	0.00971	0.02174	0.82479	0.06400	0.01177	0.00482	0.00153	0.00219	0.01065	0.00352	0.00309
32	0.00919	0.11366	0.45233	0.01240	0.16804	0.03708	0.03533	0.05073	0.03343	0.04254	0.00735	0.00848	0.00551	0.00365	0.00354	0.00114	0.00506	0.00297	0.00196	0.00562
33	0.00463	0.00378	0.00403	0.00409	0.00517	0.00325	0.00299	0.00560	0.00856	0.01054	0.11352	0.11757	0.64340	0.04948	0.00521	0.00141	0.00202	0.00805	0.00353	0.00318
