[name]
unknown

[dist]
# distance from previous block
# <min> <max>
0	60

[block]
# block no. 0 follows, 68 sequences, length 15
# corresponding to MSA columns:
# 80-94
name=unknown_A
#
# <colnr> <probs for GDERKNQSTAVLIFYWHMCP>
#	G	D	E	R	K	N	Q	S	T	A	V	L	I	F	Y	W	H	M	C	P
0	0.07778	0.00845	0.00995	0.19802	0.09036	0.10108	0.00772	0.07897	0.04460	0.15063	0.02755	0.03313	0.03239	0.00549	0.00404	0.00130	0.00434	0.10560	0.00305	0.01555
1	0.01452	0.01063	0.01093	0.00959	0.07597	0.15017	0.00714	0.30059	0.03961	0.24071	0.01042	0.01026	0.00735	0.00443	0.00381	0.00112	0.00442	0.00342	0.00359	0.09132
2	0.00957	0.03959	0.10115	0.07991	0.63136	0.02585	0.03116	0.01214	0.00890	0.01252	0.00732	0.00957	0.00601	0.00359	0.00388	0.00119	0.00495	0.00343	0.00191	0.00601
3	0.00967	0.25248	0.47533	0.00944	0.01398	0.01064	0.01108	0.01281	0.00846	0.09680	0.00758	0.00855	0.00568	0.00461	0.02703	0.00130	0.03405	0.00287	0.00203	0.00562
4	0.01091	0.41955	0.06933	0.00807	0.01101	0.13944	0.04050	0.02758	0.04010	0.06405	0.00998	0.01055	0.07874	0.00450	0.00380	0.00106	0.05031	0.00320	0.00228	0.00506
5	0.08132	0.16382	0.05494	0.04766	0.01192	0.12448	0.05128	0.12955	0.10323	0.11906	0.01956	0.01072	0.00764	0.05277	0.00450	0.00130	0.00454	0.00341	0.00289	0.00539
6	0.02849	0.01287	0.01342	0.01096	0.01333	0.37128	0.24076	0.06678	0.01053	0.01203	0.04707	0.11446	0.00976	0.02489	0.00451	0.00128	0.00583	0.00458	0.00249	0.00469
7	0.00634	0.00429	0.00495	0.00507	0.00541	0.02297	0.00329	0.00680	0.00704	0.04493	0.05970	0.19771	0.01828	0.52269	0.01410	0.00292	0.00346	0.06410	0.00296	0.00297
8	0.00817	0.00744	0.00968	0.31900	0.01577	0.09122	0.05436	0.07043	0.00917	0.03029	0.02354	0.26342	0.04762	0.02632	0.00470	0.00142	0.00434	0.00611	0.00274	0.00426
9	0.00853	0.04544	0.61104	0.01151	0.01664	0.00946	0.12842	0.05819	0.00922	0.01333	0.04591	0.00969	0.00678	0.00395	0.00391	0.00125	0.00565	0.00339	0.00198	0.00571
10	0.01712	0.00658	0.00896	0.00698	0.00990	0.00569	0.00572	0.01861	0.01116	0.79608	0.01596	0.05691	0.01066	0.00529	0.00404	0.00125	0.00332	0.00436	0.00484	0.00657
11	0.00492	0.00358	0.00464	0.00532	0.00574	0.00330	0.00363	0.00580	0.00820	0.01094	0.13144	0.67476	0.09982	0.01164	0.00498	0.00154	0.00222	0.01047	0.00377	0.00330
12	0.01010	0.01060	0.06228	0.01992	0.55687	0.05498	0.08740	0.04865	0.07046	0.01358	0.02181	0.01035	0.00709	0.00382	0.00399	0.00120	0.00491	0.00369	0.00224	0.00606
13	0.00558	0.09240	0.00624	0.00541	0.00609	0.00465	0.00388	0.00633	0.00765	0.00989	0.02116	0.54258	0.11694	0.11186	0.00657	0.00177	0.00270	0.04161	0.00332	0.00335
14	0.00569	0.00419	0.00609	0.00622	0.00686	0.00472	0.00478	0.00697	0.00663	0.00936	0.01235	0.06777	0.01239	0.10016	0.64993	0.00547	0.00893	0.07566	0.00237	0.00343

[dist]
# distance from previous block
# <min> <max>
0	2

[block]
# block no. 1 follows, 68 sequences, length 19
# corresponding to MSA columns:
# 97-115
name=unknown_B
#
# <colnr> <probs for GDERKNQSTAVLIFYWHMCP>
#	G	D	E	R	K	N	Q	S	T	A	V	L	I	F	Y	W	H	M	C	P
0	0.00896	0.24079	0.58788	0.01007	0.01511	0.04915	0.01227	0.01253	0.00842	0.01158	0.00665	0.00779	0.00504	0.00368	0.00344	0.00114	0.00550	0.00270	0.00170	0.00560
1	0.12215	0.02530	0.02077	0.00904	0.05347	0.16394	0.02160	0.25613	0.01244	0.19557	0.00948	0.01931	0.00689	0.00438	0.00364	0.00113	0.00446	0.00329	0.00331	0.06367
2	0.00992	0.00981	0.01611	0.05263	0.72993	0.04539	0.05352	0.01228	0.00910	0.01270	0.00742	0.00977	0.00618	0.00356	0.00395	0.00118	0.00494	0.00355	0.00196	0.00609
3	0.01080	0.01424	0.14026	0.01360	0.01722	0.23052	0.42305	0.04379	0.02655	0.01236	0.00755	0.00941	0.00576	0.00377	0.00439	0.00124	0.02434	0.00379	0.00207	0.00527
4	0.00618	0.00474	0.00681	0.00664	0.00745	0.00558	0.00520	0.02917	0.03914	0.00992	0.01063	0.01516	0.00976	0.02737	0.76227	0.00588	0.03789	0.00421	0.00224	0.00376
5	0.00959	0.00919	0.01569	0.10310	0.75889	0.00936	0.01206	0.01197	0.00892	0.01268	0.00742	0.00989	0.00619	0.00357	0.00393	0.00119	0.00477	0.00353	0.00194	0.00610
6	0.00974	0.00934	0.01595	0.05169	0.80917	0.00940	0.01213	0.01210	0.00899	0.01286	0.00744	0.00984	0.00625	0.00355	0.00393	0.00118	0.00473	0.00353	0.00196	0.00622
7	0.01569	0.00856	0.01009	0.00780	0.01080	0.00862	0.00642	0.38564	0.01453	0.41229	0.01446	0.01330	0.06264	0.00518	0.00402	0.00122	0.00374	0.00408	0.00440	0.00652
8	0.00505	0.00379	0.00492	0.00555	0.00596	0.00367	0.00387	0.00586	0.00791	0.01049	0.06478	0.66663	0.12275	0.01165	0.00535	0.00157	0.03891	0.02434	0.00363	0.00332
9	0.00999	0.00913	0.01544	0.02297	0.77387	0.00908	0.01162	0.01230	0.00920	0.04667	0.03611	0.01064	0.00749	0.00375	0.00395	0.00118	0.00456	0.00368	0.00216	0.00621
10	0.03619	0.00476	0.00514	0.00534	0.00633	0.02851	0.00385	0.04001	0.02390	0.02881	0.03797	0.40196	0.31343	0.02451	0.00496	0.00149	0.00253	0.02308	0.00362	0.00362
11	0.00641	0.00423	0.00538	0.00540	0.00630	0.00400	0.00392	0.00828	0.05323	0.06929	0.36425	0.33629	0.06087	0.00928	0.00466	0.00138	0.00220	0.00824	0.04254	0.00387
12	0.01023	0.59853	0.22173	0.00813	0.01204	0.07028	0.00878	0.01231	0.00835	0.01015	0.00595	0.00691	0.00507	0.00353	0.00291	0.00096	0.00484	0.00235	0.00171	0.00524
13	0.15819	0.00778	0.01035	0.03770	0.04488	0.00813	0.11519	0.01552	0.25938	0.16872	0.09376	0.01402	0.02554	0.00492	0.00390	0.00127	0.00363	0.00425	0.00350	0.01936
14	0.00766	0.00774	0.00635	0.00602	0.00745	0.19559	0.00451	0.03216	0.04115	0.01199	0.17092	0.09233	0.38483	0.00820	0.00442	0.00127	0.00329	0.00677	0.00345	0.00390
15	0.00513	0.00375	0.00486	0.00567	0.00604	0.00360	0.00387	0.00640	0.04985	0.01051	0.02191	0.77579	0.04181	0.01197	0.00501	0.00160	0.00237	0.03275	0.00370	0.00339
16	0.00981	0.00942	0.01609	0.02434	0.83592	0.00942	0.01217	0.01217	0.00903	0.01295	0.00746	0.00981	0.00628	0.00353	0.00393	0.00118	0.00471	0.00353	0.00196	0.00628
17	0.01017	0.00953	0.01581	0.02331	0.78010	0.00962	0.01185	0.06710	0.00968	0.01377	0.00760	0.00979	0.00631	0.00362	0.00393	0.00118	0.00469	0.00354	0.00210	0.00631
18	0.01351	0.12344	0.02517	0.06674	0.01319	0.51450	0.03014	0.08888	0.01106	0.04495	0.00685	0.00791	0.00549	0.00414	0.00381	0.00108	0.02913	0.00280	0.00226	0.00496

[dist]
# distance from previous block
# <min> <max>
1	2

[block]
# block no. 2 follows, 68 sequences, length 15
# corresponding to MSA columns:
# 118-132
name=unknown_C
#
# <colnr> <probs for GDERKNQSTAVLIFYWHMCP>
#	G	D	E	R	K	N	Q	S	T	A	V	L	I	F	Y	W	H	M	C	P
0	0.00934	0.00955	0.01146	0.00994	0.01037	0.10614	0.00813	0.02899	0.03616	0.01011	0.00623	0.00943	0.00590	0.02318	0.05750	0.00192	0.64581	0.00349	0.00194	0.00441
1	0.10136	0.00658	0.00764	0.00634	0.00849	0.00653	0.00499	0.11934	0.06997	0.27915	0.17539	0.01793	0.05772	0.09264	0.00562	0.00149	0.00313	0.00477	0.00398	0.02693
2	0.00966	0.27351	0.42319	0.00969	0.01420	0.08786	0.04395	0.01266	0.00863	0.02823	0.00675	0.00784	0.00523	0.00365	0.00338	0.00108	0.00532	0.00271	0.00183	0.05063
3	0.03394	0.00958	0.01044	0.00830	0.01111	0.01046	0.00674	0.50641	0.16737	0.12876	0.01163	0.01163	0.00842	0.03525	0.00450	0.00131	0.00391	0.00384	0.01999	0.00639
4	0.00530	0.00392	0.00494	0.00554	0.00601	0.00383	0.00379	0.00677	0.06587	0.01057	0.04329	0.63124	0.07771	0.06939	0.04033	0.00191	0.00277	0.00983	0.00357	0.00342
5	0.03177	0.00676	0.00861	0.00689	0.00953	0.00628	0.00559	0.09101	0.05204	0.56692	0.07386	0.06060	0.05036	0.00576	0.00410	0.00126	0.00322	0.00475	0.00457	0.00612
6	0.00486	0.00349	0.00461	0.00545	0.00574	0.00324	0.00366	0.00560	0.00778	0.01036	0.05367	0.80026	0.05222	0.01218	0.00503	0.00159	0.00227	0.01102	0.00371	0.00324
7	0.00965	0.00925	0.01580	0.08299	0.77856	0.00938	0.01209	0.01202	0.00895	0.01275	0.00743	0.00987	0.00621	0.00356	0.00393	0.00119	0.00475	0.00353	0.00195	0.00615
8	0.62099	0.00738	0.00686	0.00578	0.00842	0.00795	0.00477	0.01401	0.00816	0.27010	0.00863	0.00861	0.00599	0.00406	0.00293	0.00123	0.00316	0.00271	0.00321	0.00505
9	0.00583	0.00389	0.00471	0.00531	0.00583	0.01695	0.00372	0.00684	0.00803	0.02997	0.03327	0.60155	0.04328	0.01048	0.00459	0.00146	0.00236	0.04111	0.16739	0.00344
10	0.00883	0.11957	0.00856	0.00653	0.00815	0.19908	0.00515	0.02070	0.00965	0.04612	0.10548	0.13940	0.19991	0.00749	0.00414	0.00124	0.00371	0.06287	0.03931	0.00411
11	0.00696	0.00663	0.00660	0.06641	0.00860	0.14495	0.00507	0.00806	0.01933	0.01026	0.04382	0.49817	0.06461	0.02488	0.03510	0.00167	0.03384	0.00826	0.00315	0.00364
12	0.00744	0.00575	0.00819	0.00721	0.00824	0.02229	0.08605	0.03497	0.00779	0.04477	0.05437	0.09407	0.01263	0.17113	0.23547	0.00317	0.09440	0.00517	0.09307	0.00385
13	0.00917	0.00773	0.01005	0.00946	0.08532	0.05914	0.07462	0.11710	0.00897	0.03829	0.02638	0.01494	0.00946	0.22042	0.09501	0.00245	0.14322	0.00429	0.05957	0.00440
14	0.00714	0.00601	0.00666	0.00648	0.00772	0.05158	0.02555	0.04770	0.16498	0.01245	0.03061	0.31297	0.16064	0.01043	0.06567	0.00177	0.00350	0.03073	0.04322	0.00418

[dist]
# distance from previous block
# <min> <max>
2	21

[block]
# block no. 3 follows, 68 sequences, length 15
# corresponding to MSA columns:
# 169-183
name=unknown_D
#
# <colnr> <probs for GDERKNQSTAVLIFYWHMCP>
#	G	D	E	R	K	N	Q	S	T	A	V	L	I	F	Y	W	H	M	C	P
0	0.01079	0.29699	0.10328	0.00932	0.06597	0.03598	0.06358	0.08800	0.05724	0.10533	0.01077	0.07106	0.04241	0.00479	0.00360	0.00113	0.00430	0.00389	0.00268	0.01891
1	0.00890	0.24901	0.57645	0.01013	0.01520	0.01107	0.02956	0.03538	0.00860	0.01204	0.00677	0.00791	0.00511	0.00368	0.00346	0.00114	0.00539	0.00277	0.00175	0.00566
2	0.10055	0.00677	0.00850	0.00667	0.00949	0.00624	0.00548	0.05624	0.01098	0.64551	0.01413	0.01274	0.00917	0.00476	0.00373	0.00120	0.00325	0.00376	0.08461	0.00623
3	0.00981	0.06136	0.34932	0.02449	0.19005	0.00882	0.03712	0.03540	0.02920	0.12039	0.02250	0.01131	0.03965	0.00524	0.03700	0.00142	0.00508	0.00360	0.00243	0.00580
4	0.03707	0.02511	0.00978	0.00771	0.01031	0.03478	0.02602	0.27781	0.12340	0.18721	0.09116	0.05470	0.03783	0.00552	0.00400	0.00121	0.00361	0.00451	0.00390	0.05436
5	0.00635	0.03878	0.00685	0.00633	0.00717	0.03731	0.00486	0.02645	0.00714	0.00986	0.01207	0.14459	0.01210	0.04599	0.58358	0.00487	0.00837	0.00519	0.02850	0.00364
6	0.00567	0.00412	0.00480	0.00468	0.00582	0.00364	0.00350	0.00696	0.00966	0.04797	0.30744	0.08236	0.42033	0.04503	0.00535	0.00144	0.00216	0.03157	0.00391	0.00359
7	0.05161	0.06858	0.11990	0.01414	0.26781	0.09749	0.10682	0.03527	0.03071	0.03761	0.04063	0.05981	0.02807	0.01940	0.00419	0.00125	0.00483	0.00410	0.00238	0.00538
8	0.00991	0.01025	0.01538	0.18357	0.44179	0.11166	0.11634	0.01259	0.03736	0.01209	0.00759	0.00992	0.00611	0.00372	0.00399	0.00121	0.00532	0.00359	0.00201	0.00558
9	0.11121	0.00690	0.00882	0.00686	0.00981	0.00629	0.00566	0.04075	0.01105	0.70716	0.03454	0.01302	0.00981	0.00485	0.00384	0.00123	0.00333	0.00386	0.00460	0.00641
10	0.01838	0.00471	0.00592	0.00577	0.00695	0.00444	0.02630	0.03437	0.04905	0.07242	0.13599	0.33219	0.23743	0.00965	0.00472	0.00143	0.00253	0.03998	0.00383	0.00393
11	0.04529	0.09020	0.04821	0.02804	0.07820	0.04500	0.01814	0.24163	0.09740	0.16157	0.07846	0.01270	0.01025	0.00488	0.00386	0.00120	0.00404	0.02157	0.00347	0.00589
12	0.00934	0.00904	0.01446	0.06714	0.59144	0.04174	0.04558	0.01193	0.04132	0.01254	0.02851	0.03462	0.00796	0.00575	0.06013	0.00155	0.00512	0.00393	0.00216	0.00574
13	0.15149	0.20868	0.05186	0.00621	0.00859	0.09075	0.00547	0.03827	0.00923	0.04070	0.09191	0.01839	0.25223	0.00601	0.00362	0.00115	0.00352	0.00462	0.00287	0.00443
14	0.01023	0.09283	0.16263	0.00915	0.05702	0.07007	0.03133	0.11535	0.05361	0.04032	0.01817	0.00910	0.00657	0.00375	0.00345	0.00097	0.00430	0.00296	0.00251	0.30569

[dist]
# distance from previous block
# <min> <max>
0	11

[block]
# block no. 4 follows, 68 sequences, length 34
# corresponding to MSA columns:
# 195-228
name=unknown_E
#
# <colnr> <probs for GDERKNQSTAVLIFYWHMCP>
#	G	D	E	R	K	N	Q	S	T	A	V	L	I	F	Y	W	H	M	C	P
0	0.02777	0.03516	0.06488	0.02198	0.05212	0.06528	0.00640	0.10316	0.06860	0.22665	0.03491	0.01589	0.12096	0.05206	0.00476	0.00132	0.00375	0.00434	0.02943	0.06058
1	0.01375	0.01313	0.01123	0.00978	0.04050	0.29125	0.00747	0.36455	0.16725	0.01773	0.00952	0.00971	0.00717	0.00459	0.00383	0.00116	0.00507	0.00338	0.00325	0.01568
2	0.01005	0.00673	0.00837	0.00679	0.00911	0.01644	0.00544	0.09389	0.00935	0.17115	0.03144	0.01223	0.00874	0.02555	0.23314	0.00248	0.04635	0.00354	0.00296	0.29624
3	0.00532	0.00414	0.00487	0.00508	0.00608	0.00379	0.00385	0.00684	0.03337	0.01190	0.18820	0.17953	0.37488	0.02884	0.00519	0.00150	0.00235	0.12696	0.00379	0.00351
4	0.16797	0.00586	0.00616	0.00546	0.00713	0.00611	0.00429	0.12062	0.03899	0.05654	0.25875	0.03494	0.06221	0.00600	0.00370	0.00118	0.00255	0.00489	0.20219	0.00444
5	0.03109	0.09652	0.00783	0.00603	0.00749	0.20254	0.00466	0.01107	0.00868	0.06018	0.01011	0.03501	0.00847	0.02471	0.01413	0.09570	0.00378	0.00348	0.36451	0.00399
6	0.00866	0.00875	0.01311	0.01090	0.01133	0.01167	0.09530	0.00977	0.00641	0.00982	0.00572	0.00940	0.00556	0.03177	0.01233	0.00175	0.73788	0.00367	0.00178	0.00439
7	0.00490	0.00374	0.00451	0.00492	0.00564	0.00334	0.00346	0.00588	0.00864	0.01120	0.15168	0.45081	0.30508	0.01095	0.00487	0.00146	0.00213	0.00965	0.00379	0.00334
8	0.00815	0.00493	0.00607	0.00582	0.00707	0.00472	0.00433	0.09093	0.00972	0.14457	0.06945	0.37482	0.14185	0.01031	0.04856	0.00166	0.00302	0.00787	0.05192	0.00423
9	0.67142	0.00827	0.00718	0.00607	0.00869	0.00936	0.00500	0.16642	0.00928	0.06726	0.00687	0.00744	0.00508	0.00396	0.00283	0.00122	0.00333	0.00253	0.00289	0.00490
10	0.00612	0.00487	0.00519	0.00499	0.00637	0.00454	0.00375	0.11645	0.01007	0.01254	0.03264	0.18524	0.57330	0.00976	0.00466	0.00137	0.00238	0.00825	0.00372	0.00378
11	0.00577	0.00441	0.00645	0.00642	0.00702	0.00516	0.00493	0.00704	0.00640	0.00920	0.01117	0.07050	0.01097	0.07284	0.70174	0.00568	0.05385	0.00475	0.00222	0.00350
12	0.00683	0.00496	0.00733	0.04544	0.03440	0.00559	0.00593	0.00836	0.00734	0.05335	0.01259	0.02119	0.01221	0.04542	0.48852	0.00442	0.05421	0.17550	0.00256	0.00387
13	0.00799	0.00756	0.01281	0.67129	0.20319	0.00894	0.01126	0.01057	0.00817	0.01074	0.00714	0.01041	0.00550	0.00387	0.00396	0.00129	0.00516	0.00353	0.00181	0.00481
14	0.03258	0.01248	0.12512	0.01042	0.01365	0.18121	0.16432	0.14221	0.04210	0.15677	0.02902	0.01222	0.00826	0.00464	0.00406	0.00124	0.00525	0.04584	0.00301	0.00561
15	0.00800	0.00781	0.09803	0.02111	0.00943	0.04954	0.05865	0.02758	0.10013	0.05924	0.27561	0.05241	0.10964	0.00651	0.00420	0.00124	0.00325	0.00562	0.09744	0.00457
16	0.00953	0.08182	0.21036	0.03247	0.41123	0.03142	0.07270	0.02994	0.00905	0.02631	0.00800	0.04479	0.00672	0.00401	0.00387	0.00120	0.00503	0.00367	0.00204	0.00583
17	0.01193	0.32050	0.06799	0.08082	0.03069	0.37392	0.03914	0.01352	0.00951	0.00997	0.00615	0.00742	0.00517	0.00377	0.00330	0.00101	0.00580	0.00261	0.00187	0.00490
18	0.00569	0.00428	0.00633	0.00633	0.00698	0.00497	0.00487	0.00702	0.00637	0.00917	0.01091	0.03784	0.01045	0.06314	0.77678	0.00608	0.02264	0.00448	0.00217	0.00350
19	0.01035	0.01181	0.25901	0.06921	0.11845	0.01783	0.05768	0.06630	0.03805	0.15084	0.05119	0.02533	0.00848	0.00441	0.00412	0.00121	0.02323	0.00374	0.00274	0.07603
20	0.03911	0.07176	0.55096	0.01179	0.09629	0.10674	0.01238	0.01291	0.00876	0.03269	0.00727	0.01896	0.00552	0.00389	0.00366	0.00120	0.00559	0.00300	0.00188	0.00564
21	0.01690	0.00918	0.00996	0.00785	0.01080	0.12074	0.00638	0.16268	0.01264	0.58059	0.01326	0.01192	0.00863	0.00477	0.00393	0.00119	0.00406	0.00372	0.00435	0.00646
22	0.01205	0.00651	0.05299	0.00649	0.00887	0.00542	0.00552	0.03453	0.01025	0.43113	0.09668	0.01897	0.14615	0.00934	0.11817	0.00194	0.00412	0.00497	0.02052	0.00537
23	0.00912	0.00891	0.02222	0.02698	0.54886	0.03760	0.01011	0.01153	0.04370	0.01260	0.06113	0.02367	0.07137	0.00486	0.00494	0.00126	0.08902	0.00421	0.00233	0.00559
24	0.00773	0.00422	0.00589	0.00562	0.00600	0.00434	0.00393	0.05085	0.00645	0.05180	0.00862	0.04944	0.00843	0.06468	0.05466	0.63524	0.02341	0.00400	0.00216	0.00251
25	0.00552	0.00385	0.00489	0.00511	0.00533	0.00397	0.00333	0.00603	0.00635	0.00863	0.01426	0.22102	0.01613	0.45759	0.21674	0.00393	0.00512	0.00670	0.00264	0.00287
26	0.01084	0.00999	0.03157	0.01648	0.28787	0.02520	0.28528	0.07132	0.11527	0.09110	0.00964	0.01100	0.00726	0.00393	0.00419	0.00126	0.00510	0.00406	0.00265	0.00600
27	0.03590	0.00720	0.01021	0.12420	0.14812	0.00711	0.00737	0.04781	0.05096	0.40570	0.03741	0.04655	0.03421	0.00507	0.00401	0.00125	0.00373	0.00431	0.01298	0.00591
28	0.01604	0.00822	0.00993	0.00774	0.01073	0.00818	0.00635	0.26942	0.08977	0.49548	0.01374	0.01240	0.00908	0.00490	0.00397	0.00122	0.00364	0.00390	0.01865	0.00665
29	0.00556	0.00439	0.00525	0.00567	0.00630	0.03481	0.00411	0.00658	0.00805	0.01054	0.08973	0.39829	0.13109	0.05859	0.14410	0.00244	0.00397	0.07381	0.00335	0.00338
30	0.01022	0.39121	0.17910	0.00939	0.05526	0.04235	0.05303	0.05959	0.00919	0.05193	0.00851	0.04530	0.00755	0.00452	0.00346	0.00111	0.00467	0.05605	0.00224	0.00531
31	0.01291	0.01521	0.01100	0.01111	0.09934	0.58662	0.00770	0.01418	0.02149	0.03406	0.00832	0.09888	0.00773	0.00511	0.00428	0.00115	0.05020	0.00371	0.00230	0.00470
32	0.60303	0.05622	0.05185	0.00735	0.05336	0.05865	0.00594	0.09860	0.00856	0.01709	0.00617	0.00709	0.00479	0.00380	0.00283	0.00119	0.00374	0.00244	0.00248	0.00480
33	0.13189	0.00962	0.01009	0.00783	0.01086	0.01024	0.00642	0.53841	0.01482	0.02131	0.00980	0.02163	0.03529	0.00460	0.00363	0.00111	0.00384	0.00345	0.00348	0.15170

[dist]
# distance from previous block
# <min> <max>
0	5

[block]
# block no. 5 follows, 68 sequences, length 71
# corresponding to MSA columns:
# 234-302,308,309
name=unknown_F
#
# <colnr> <probs for GDERKNQSTAVLIFYWHMCP>
#	G	D	E	R	K	N	Q	S	T	A	V	L	I	F	Y	W	H	M	C	P
0	0.08329	0.00963	0.03797	0.00863	0.04153	0.09427	0.03929	0.08625	0.27118	0.07203	0.03348	0.01155	0.00900	0.00533	0.03300	0.00132	0.00415	0.00361	0.00318	0.15133
1	0.01464	0.01864	0.01162	0.01042	0.01252	0.81864	0.03311	0.01573	0.01118	0.00980	0.00619	0.00726	0.00514	0.00406	0.00361	0.00103	0.00714	0.00262	0.00204	0.00462
2	0.00978	0.00876	0.01319	0.02688	0.46878	0.04784	0.04516	0.02875	0.07444	0.05616	0.03128	0.03941	0.00932	0.03738	0.04632	0.00159	0.01537	0.03145	0.00252	0.00562
3	0.01076	0.01016	0.01507	0.01149	0.01447	0.12651	0.34197	0.06384	0.01021	0.09713	0.04923	0.02291	0.00912	0.00461	0.00456	0.00123	0.03599	0.05689	0.00270	0.11117
4	0.00535	0.00432	0.00471	0.00468	0.00597	0.00384	0.00362	0.03574	0.00964	0.01201	0.14092	0.05710	0.60098	0.00974	0.00474	0.00138	0.00224	0.08569	0.00378	0.00355
5	0.00566	0.00421	0.00571	0.00601	0.00649	0.01597	0.00439	0.00661	0.00712	0.00991	0.04299	0.37469	0.01742	0.01879	0.34590	0.04909	0.03658	0.00723	0.03189	0.00337
6	0.00839	0.00840	0.01218	0.69988	0.09410	0.08984	0.01078	0.01085	0.00834	0.01033	0.00699	0.01018	0.00535	0.00394	0.00392	0.00128	0.00542	0.00343	0.00181	0.00458
7	0.01038	0.74998	0.05069	0.00791	0.01145	0.01491	0.08599	0.01198	0.00819	0.00977	0.00581	0.00685	0.00518	0.00340	0.00280	0.00091	0.00454	0.00240	0.00173	0.00514
8	0.00483	0.00347	0.00458	0.00548	0.00574	0.00322	0.00366	0.00553	0.00763	0.01014	0.02238	0.83462	0.04933	0.01235	0.00505	0.00160	0.00229	0.01119	0.00368	0.00322
9	0.02868	0.00878	0.01005	0.00780	0.01070	0.00910	0.00641	0.44405	0.01485	0.31500	0.01198	0.01140	0.00814	0.00478	0.00383	0.00118	0.00375	0.00371	0.08940	0.00641
10	0.00873	0.00684	0.00747	0.00685	0.00842	0.01952	0.00520	0.15377	0.28133	0.01547	0.10032	0.18059	0.03971	0.08167	0.00571	0.00157	0.00312	0.03263	0.03619	0.00488
11	0.00597	0.00410	0.00526	0.00596	0.00654	0.01657	0.00443	0.00708	0.00830	0.03730	0.04486	0.53862	0.02387	0.01108	0.00495	0.00159	0.00270	0.20889	0.05844	0.00351
12	0.00928	0.00942	0.06050	0.01327	0.01657	0.00841	0.52940	0.01206	0.00895	0.09203	0.00996	0.06433	0.00817	0.00798	0.12861	0.00208	0.00663	0.00487	0.00239	0.00511
13	0.01420	0.00881	0.01009	0.00798	0.01077	0.00923	0.00655	0.44788	0.05808	0.24298	0.08483	0.01440	0.02766	0.00544	0.00410	0.00124	0.00374	0.03150	0.00424	0.00628
14	0.00930	0.01051	0.02236	0.01613	0.01977	0.01022	0.74654	0.01241	0.00906	0.01241	0.00776	0.01051	0.00594	0.00367	0.00545	0.00137	0.08479	0.00457	0.00198	0.00525
15	0.00698	0.00823	0.11090	0.00646	0.00826	0.11133	0.00555	0.02180	0.05436	0.01192	0.13019	0.19709	0.29496	0.00839	0.00446	0.00133	0.00329	0.00710	0.00333	0.00406
16	0.17854	0.00781	0.01074	0.52303	0.02026	0.03572	0.00922	0.01051	0.00750	0.01150	0.00642	0.00935	0.00507	0.00440	0.00514	0.00136	0.14392	0.00322	0.00190	0.00438
17	0.01041	0.60790	0.01902	0.05451	0.13512	0.04405	0.03472	0.01225	0.03086	0.01024	0.00628	0.00750	0.00550	0.00352	0.00297	0.00096	0.00452	0.00257	0.00183	0.00525
18	0.00579	0.00416	0.00564	0.00561	0.00601	0.00462	0.00398	0.00655	0.00611	0.00857	0.01127	0.02846	0.01169	0.35607	0.47369	0.02598	0.02562	0.00489	0.00223	0.00306
19	0.05898	0.06852	0.01376	0.03453	0.50247	0.00895	0.00952	0.02458	0.03003	0.06328	0.03837	0.01028	0.00753	0.00379	0.00366	0.00110	0.00416	0.00340	0.00236	0.11072
20	0.32223	0.01222	0.08949	0.00872	0.05460	0.24311	0.00704	0.08270	0.00970	0.07510	0.00764	0.03750	0.00611	0.00426	0.00332	0.00117	0.00467	0.00299	0.00259	0.02485
21	0.00794	0.00428	0.00576	0.00592	0.00687	0.00390	0.00428	0.00891	0.00866	0.20357	0.05003	0.60092	0.02268	0.01046	0.00481	0.00152	0.00258	0.03884	0.00399	0.00408
22	0.00686	0.00525	0.02063	0.06272	0.05777	0.00494	0.00524	0.00898	0.06891	0.06059	0.19221	0.38673	0.03189	0.00870	0.00454	0.00137	0.00277	0.00777	0.00358	0.05856
23	0.02979	0.09687	0.18376	0.05738	0.22305	0.00871	0.00930	0.02317	0.00892	0.07407	0.07439	0.01426	0.10061	0.01927	0.00472	0.00128	0.05859	0.00411	0.00249	0.00526
24	0.01339	0.00992	0.04047	0.00837	0.01118	0.01036	0.00697	0.55298	0.08317	0.08798	0.02222	0.01190	0.00848	0.06176	0.03131	0.00154	0.00431	0.00387	0.02363	0.00618
25	0.00749	0.00705	0.01189	0.85113	0.02731	0.00881	0.01101	0.01013	0.00793	0.01013	0.00705	0.01057	0.00529	0.00396	0.00396	0.00132	0.00529	0.00352	0.00176	0.00440
26	0.03757	0.00906	0.06867	0.03837	0.21425	0.00839	0.24821	0.03855	0.03847	0.01262	0.01975	0.14240	0.01016	0.05854	0.00562	0.00150	0.03520	0.00520	0.00242	0.00506
27	0.04109	0.10186	0.04559	0.02239	0.17842	0.07914	0.14686	0.02460	0.02625	0.13820	0.02214	0.04541	0.00849	0.00480	0.00455	0.00126	0.06044	0.04045	0.00264	0.00542
28	0.00584	0.00446	0.00634	0.00630	0.00700	0.00514	0.00482	0.00747	0.03677	0.00946	0.01216	0.04541	0.03794	0.08256	0.68092	0.00557	0.03123	0.00471	0.00231	0.00357
29	0.00550	0.00345	0.00478	0.00540	0.00556	0.00329	0.00360	0.00540	0.00680	0.00907	0.01697	0.58212	0.01992	0.01286	0.00846	0.28963	0.00267	0.00872	0.00304	0.00273
30	0.00913	0.03099	0.60720	0.01129	0.01631	0.02661	0.09267	0.02675	0.03667	0.06690	0.00800	0.00913	0.00571	0.00397	0.00415	0.00127	0.03216	0.00323	0.00205	0.00581
31	0.06848	0.09429	0.12948	0.00950	0.06964	0.06975	0.00804	0.12425	0.04942	0.18488	0.03004	0.01075	0.00779	0.03382	0.00518	0.00132	0.09132	0.00345	0.00297	0.00562
32	0.00872	0.00839	0.09458	0.03309	0.09809	0.00712	0.22719	0.01078	0.00818	0.09954	0.01052	0.01619	0.00944	0.21737	0.10196	0.00250	0.00564	0.03363	0.00244	0.00463
33	0.00800	0.00598	0.00758	0.02413	0.02241	0.00503	0.00534	0.00967	0.00865	0.06858	0.02313	0.11220	0.01319	0.00630	0.00396	0.00110	0.00315	0.21398	0.00302	0.45460
34	0.86270	0.00764	0.00593	0.00527	0.00774	0.00880	0.00434	0.01188	0.00688	0.04226	0.00582	0.00665	0.00446	0.00372	0.00250	0.00123	0.00308	0.00220	0.00253	0.00437
35	0.00569	0.00416	0.00595	0.00595	0.00651	0.00473	0.00443	0.00681	0.00625	0.00889	0.01101	0.01773	0.01085	0.20217	0.67379	0.00585	0.00921	0.00456	0.00218	0.00330
36	0.00749	0.00705	0.01189	0.85113	0.02731	0.00881	0.01101	0.01013	0.00793	0.01013	0.00705	0.01057	0.00529	0.00396	0.00396	0.00132	0.00529	0.00352	0.00176	0.00440
37	0.01644	0.00721	0.01055	0.00800	0.01108	0.00644	0.08882	0.05046	0.01133	0.69161	0.01452	0.01310	0.00932	0.00473	0.00401	0.00123	0.00369	0.00403	0.03694	0.00649
38	0.01464	0.01862	0.01126	0.01022	0.01221	0.82182	0.00769	0.01566	0.01109	0.00970	0.00610	0.00719	0.00511	0.00416	0.00383	0.00104	0.03045	0.00258	0.00203	0.00459
39	0.00681	0.00349	0.00524	0.00524	0.00528	0.00354	0.00354	0.00528	0.00524	0.00703	0.00712	0.01227	0.00708	0.01477	0.06714	0.82995	0.00389	0.00349	0.00175	0.00183
40	0.01038	0.00877	0.00926	0.00817	0.01051	0.01010	0.00640	0.10052	0.74846	0.01742	0.01548	0.01427	0.01157	0.00532	0.00403	0.00133	0.00326	0.00439	0.00403	0.00632
41	0.32102	0.00858	0.00891	0.00713	0.00999	0.00919	0.00587	0.28354	0.04064	0.25283	0.01009	0.00975	0.00694	0.00445	0.00345	0.00122	0.00359	0.00322	0.00371	0.00587
42	0.00632	0.00443	0.00554	0.00584	0.00655	0.00441	0.00410	0.02420	0.10344	0.04651	0.10274	0.54851	0.02349	0.06676	0.02604	0.00178	0.00274	0.00908	0.00373	0.00380
43	0.04177	0.00677	0.00911	0.00700	0.01005	0.00591	0.00579	0.01911	0.01122	0.81607	0.01536	0.01330	0.00966	0.00487	0.00395	0.00123	0.00337	0.00394	0.00484	0.00668
44	0.00545	0.00423	0.00500	0.00495	0.00602	0.00390	0.00370	0.00737	0.05365	0.01328	0.38586	0.12940	0.31623	0.00925	0.00472	0.00135	0.00210	0.03588	0.00400	0.00367
45	0.01773	0.00684	0.00926	0.00710	0.01017	0.00597	0.00586	0.03641	0.01150	0.82136	0.01551	0.01341	0.00975	0.00490	0.00399	0.00123	0.00339	0.00398	0.00489	0.00675
46	0.00777	0.00771	0.01295	0.01060	0.01193	0.02218	0.23435	0.00941	0.00737	0.01045	0.00968	0.14290	0.00964	0.01127	0.17450	0.00251	0.30311	0.00516	0.00220	0.00429
47	0.00949	0.43676	0.04958	0.00850	0.01052	0.01340	0.02367	0.01074	0.00722	0.00955	0.00580	0.00820	0.00552	0.03343	0.01784	0.00139	0.33905	0.00288	0.00175	0.00472
48	0.00482	0.00354	0.00452	0.00530	0.00570	0.00324	0.00358	0.00557	0.00784	0.01027	0.03393	0.73028	0.14281	0.01203	0.00500	0.00157	0.00225	0.01081	0.00369	0.00324
49	0.01436	0.01754	0.01106	0.03854	0.01249	0.75225	0.00762	0.01543	0.01091	0.03968	0.00662	0.00791	0.00548	0.02188	0.00413	0.00111	0.02349	0.00272	0.00214	0.00462
50	0.42311	0.02120	0.02023	0.01293	0.30829	0.11676	0.00778	0.02465	0.00837	0.01494	0.00638	0.00782	0.00517	0.00369	0.00317	0.00118	0.00425	0.00273	0.00223	0.00512
51	0.01011	0.31670	0.23405	0.02145	0.06971	0.11866	0.12541	0.01260	0.00873	0.01096	0.00651	0.00797	0.00529	0.00370	0.00375	0.00110	0.03327	0.00291	0.00180	0.00531
52	0.00699	0.00596	0.00833	0.09832	0.04927	0.01812	0.01884	0.00921	0.07095	0.01042	0.01049	0.06566	0.00989	0.08024	0.36959	0.00367	0.07530	0.00445	0.00233	0.08198
53	0.05268	0.08452	0.11943	0.01171	0.08135	0.07523	0.20226	0.07126	0.05023	0.18107	0.00937	0.01013	0.00678	0.00408	0.00408	0.00122	0.02245	0.00361	0.00278	0.00577
54	0.07645	0.02150	0.17739	0.01046	0.04653	0.02489	0.15937	0.10498	0.01068	0.28524	0.02365	0.01092	0.00757	0.00424	0.00392	0.00123	0.00466	0.00370	0.01666	0.00596
55	0.06138	0.00710	0.00922	0.00711	0.01015	0.00643	0.00587	0.07520	0.01163	0.74042	0.01470	0.01286	0.00932	0.00484	0.00391	0.00122	0.00343	0.00387	0.00472	0.00662
56	0.00732	0.00807	0.19081	0.00647	0.00882	0.00521	0.00629	0.02103	0.01024	0.09863	0.38999	0.03319	0.18381	0.00719	0.00440	0.00127	0.00298	0.00613	0.00368	0.00448
57	0.04400	0.02420	0.06703	0.05598	0.22587	0.31866	0.02841	0.10165	0.02016	0.06601	0.00769	0.00889	0.00596	0.00402	0.00374	0.00114	0.00556	0.00313	0.00241	0.00551
58	0.00814	0.00690	0.00818	0.00851	0.08864	0.00751	0.00589	0.01484	0.44399	0.01489	0.16701	0.08411	0.07979	0.00748	0.03471	0.00151	0.00318	0.00570	0.00377	0.00525
59	0.00499	0.00347	0.00454	0.00541	0.00568	0.00325	0.00362	0.00575	0.00764	0.01041	0.02130	0.80556	0.02522	0.01194	0.00492	0.00157	0.00227	0.01080	0.05841	0.00325
60	0.02983	0.05150	0.03961	0.00851	0.01125	0.07855	0.00706	0.26694	0.33197	0.09716	0.01197	0.01150	0.00878	0.00488	0.00405	0.00124	0.02159	0.00376	0.00366	0.00618
61	0.00973	0.01015	0.01739	0.07666	0.39770	0.06724	0.28349	0.01258	0.03248	0.01252	0.00823	0.01130	0.00677	0.00384	0.00421	0.00126	0.00550	0.03123	0.00208	0.00563
62	0.00544	0.00389	0.00427	0.00427	0.00468	0.00369	0.00263	0.00579	0.00687	0.00881	0.04301	0.04133	0.24797	0.58375	0.01514	0.00303	0.00325	0.00662	0.00284	0.00272
63	0.00804	0.04724	0.81411	0.01116	0.01694	0.00941	0.01440	0.01253	0.00836	0.01245	0.00706	0.00831	0.00502	0.00376	0.00373	0.00124	0.00581	0.00290	0.00167	0.00584
64	0.09296	0.12018	0.43239	0.01279	0.17616	0.04255	0.03281	0.02433	0.00859	0.01281	0.00685	0.00825	0.00526	0.00368	0.00354	0.00118	0.00522	0.00291	0.00186	0.00565
65	0.00696	0.00416	0.00527	0.00546	0.00644	0.00372	0.00395	0.00790	0.00860	0.14606	0.02527	0.49592	0.22009	0.01057	0.00481	0.00149	0.00245	0.03316	0.00388	0.00384
66	0.01194	0.00562	0.00706	0.00588	0.00811	0.00491	0.00469	0.02359	0.02413	0.45126	0.08257	0.05153	0.28763	0.00711	0.00431	0.00128	0.00278	0.00593	0.00439	0.00527
67	0.01065	0.01230	0.22401	0.01758	0.44802	0.03665	0.02163	0.04652	0.02201	0.10998	0.00851	0.00986	0.00644	0.00385	0.00389	0.00120	0.00491	0.00343	0.00235	0.00618
68	0.49233	0.18409	0.15200	0.00680	0.01006	0.01043	0.00675	0.03788	0.03482	0.01530	0.00629	0.00715	0.00493	0.00372	0.00280	0.00115	0.00383	0.00240	0.00227	0.01501
69	0.00986	0.00951	0.01473	0.03100	0.58773	0.03479	0.01094	0.04157	0.00885	0.01262	0.00705	0.00947	0.00603	0.00422	0.00558	0.00126	0.16363	0.00345	0.00201	0.03569
70	0.00483	0.00358	0.00454	0.00525	0.00571	0.00330	0.00359	0.00560	0.00783	0.01021	0.02506	0.67423	0.18217	0.01248	0.03003	0.00170	0.00249	0.01050	0.00363	0.00325

[dist]
# distance from previous block
# <min> <max>
2	3

[block]
# block no. 6 follows, 68 sequences, length 19
# corresponding to MSA columns:
# 317-335
name=unknown_G
#
# <colnr> <probs for GDERKNQSTAVLIFYWHMCP>
#	G	D	E	R	K	N	Q	S	T	A	V	L	I	F	Y	W	H	M	C	P
0	0.00925	0.39165	0.36730	0.05591	0.01411	0.01210	0.01032	0.01277	0.07142	0.01130	0.00710	0.00810	0.00561	0.00374	0.00326	0.00109	0.00490	0.00272	0.00187	0.00547
1	0.00846	0.09446	0.00841	0.05315	0.03993	0.00598	0.00587	0.00995	0.00873	0.14230	0.01647	0.22670	0.01676	0.00955	0.04922	0.00172	0.00374	0.24180	0.05245	0.00432
2	0.00618	0.00485	0.00619	0.00619	0.00693	0.02786	0.00460	0.00820	0.07893	0.01017	0.05699	0.13204	0.01421	0.12186	0.49095	0.00456	0.00746	0.00552	0.00265	0.00364
3	0.00793	0.01976	0.79390	0.05816	0.01773	0.00919	0.01445	0.01242	0.00835	0.01242	0.00711	0.00849	0.00504	0.00378	0.00378	0.00126	0.00583	0.00296	0.00168	0.00578
4	0.01059	0.06673	0.01426	0.01114	0.01256	0.24084	0.13896	0.01193	0.00815	0.01008	0.00593	0.00843	0.00530	0.00535	0.00841	0.00142	0.43012	0.00333	0.00186	0.00462
5	0.08014	0.01235	0.01088	0.00893	0.01162	0.21660	0.00714	0.47516	0.07796	0.01953	0.00893	0.00930	0.00667	0.00536	0.03054	0.00133	0.00506	0.00330	0.00333	0.00589
6	0.00804	0.01993	0.79178	0.01162	0.01737	0.00926	0.06240	0.01257	0.00843	0.01257	0.00717	0.00851	0.00508	0.00374	0.00382	0.00126	0.00591	0.00303	0.00169	0.00583
7	0.00756	0.00402	0.00451	0.00458	0.00554	0.00395	0.00347	0.02351	0.00860	0.05901	0.01524	0.16787	0.01393	0.00652	0.00348	0.00114	0.00220	0.06714	0.59393	0.00383
8	0.00575	0.00449	0.00600	0.00621	0.02929	0.00419	0.04213	0.00739	0.04549	0.02242	0.12860	0.37077	0.24612	0.00988	0.00475	0.00143	0.00251	0.03059	0.02829	0.00371
9	0.00562	0.00392	0.00514	0.00584	0.00642	0.00371	0.00435	0.00663	0.00813	0.03006	0.02260	0.48122	0.10007	0.06477	0.00606	0.00178	0.00277	0.23391	0.00362	0.00338
10	0.00567	0.00422	0.00621	0.00621	0.00687	0.00487	0.00476	0.00698	0.00633	0.00909	0.01076	0.01638	0.01026	0.09377	0.78139	0.00618	0.01010	0.00437	0.00215	0.00345
11	0.00957	0.00914	0.01557	0.05061	0.78142	0.00919	0.01184	0.01188	0.00894	0.01277	0.00793	0.03864	0.00693	0.00385	0.00397	0.00120	0.00465	0.00380	0.00201	0.00612
12	0.01408	0.01623	0.01048	0.00942	0.01143	0.67567	0.00713	0.01520	0.01109	0.08474	0.06245	0.01007	0.03026	0.00464	0.00389	0.00108	0.02179	0.00316	0.00249	0.00469
13	0.00923	0.31181	0.12981	0.03777	0.03865	0.01092	0.10294	0.06543	0.06485	0.01244	0.07334	0.02238	0.05777	0.00534	0.02732	0.00128	0.01732	0.00383	0.00241	0.00515
14	0.00494	0.00390	0.00446	0.00466	0.00564	0.00342	0.00341	0.00605	0.00908	0.01152	0.17585	0.23519	0.47182	0.01030	0.00480	0.00140	0.00211	0.03425	0.00380	0.00340
15	0.00525	0.00405	0.00494	0.00538	0.00632	0.00374	0.00419	0.00645	0.00866	0.01095	0.05163	0.21846	0.37264	0.01183	0.05070	0.00180	0.00298	0.22299	0.00361	0.00342
16	0.12689	0.00675	0.00713	0.00654	0.00802	0.07915	0.00505	0.06687	0.02549	0.10793	0.03070	0.05813	0.03579	0.08510	0.32904	0.00343	0.00642	0.00443	0.00285	0.00427
17	0.00893	0.07556	0.32879	0.18452	0.22811	0.00959	0.04673	0.01225	0.01989	0.03818	0.00751	0.00939	0.00569	0.00376	0.00381	0.00122	0.00525	0.00327	0.00192	0.00563
18	0.01332	0.00821	0.01050	0.00859	0.02146	0.02440	0.07089	0.26576	0.05200	0.29247	0.01390	0.11085	0.01135	0.01795	0.00448	0.00135	0.00393	0.05872	0.00399	0.00589

[dist]
# distance from previous block
# <min> <max>
0	6

[block]
# block no. 7 follows, 68 sequences, length 12
# corresponding to MSA columns:
# 342-353
name=unknown_H
#
# <colnr> <probs for GDERKNQSTAVLIFYWHMCP>
#	G	D	E	R	K	N	Q	S	T	A	V	L	I	F	Y	W	H	M	C	P
0	0.01068	0.26283	0.09971	0.03331	0.27490	0.10404	0.04422	0.02943	0.00913	0.04987	0.00745	0.02939	0.00628	0.00394	0.00368	0.00110	0.01921	0.00321	0.00208	0.00554
1	0.00555	0.00411	0.00523	0.00555	0.00600	0.00421	0.00383	0.00689	0.05403	0.01021	0.06527	0.41462	0.05918	0.18888	0.12541	0.00269	0.02358	0.00821	0.00321	0.00333
2	0.02606	0.01273	0.26838	0.05315	0.10143	0.03896	0.19137	0.04051	0.02833	0.11803	0.02464	0.01053	0.00698	0.00479	0.02763	0.00141	0.03330	0.00371	0.00242	0.00564
3	0.02120	0.01038	0.08635	0.24571	0.25062	0.10518	0.02154	0.04343	0.02403	0.07727	0.00863	0.04928	0.00703	0.00443	0.00418	0.00125	0.02803	0.00377	0.00232	0.00535
4	0.01294	0.00606	0.00791	0.00645	0.00872	0.00555	0.00518	0.05067	0.04958	0.47007	0.30823	0.01915	0.01966	0.00607	0.00424	0.00124	0.00287	0.00513	0.00463	0.00565
5	0.00514	0.00392	0.00568	0.00610	0.00660	0.00366	0.05023	0.00600	0.00774	0.01027	0.02157	0.73762	0.05817	0.03333	0.00542	0.00164	0.00261	0.02742	0.00355	0.00334
6	0.01013	0.06079	0.28301	0.03153	0.30023	0.10313	0.07237	0.01302	0.00909	0.05536	0.00752	0.00911	0.00581	0.00378	0.00396	0.00119	0.01891	0.00326	0.00201	0.00578
7	0.00926	0.11032	0.05050	0.00922	0.04828	0.07070	0.02982	0.01086	0.02732	0.07528	0.07350	0.10494	0.02137	0.01800	0.04307	0.00164	0.28417	0.00459	0.00254	0.00463
8	0.00481	0.00353	0.00452	0.00531	0.00570	0.00324	0.00359	0.00554	0.00780	0.01020	0.02444	0.74242	0.14021	0.01209	0.00501	0.00157	0.00226	0.01086	0.00368	0.00324
9	0.02917	0.29388	0.29610	0.00903	0.01276	0.13240	0.04175	0.01253	0.03453	0.01126	0.02654	0.03189	0.00695	0.02512	0.00380	0.00116	0.00509	0.00312	0.01779	0.00514
10	0.01009	0.16253	0.22573	0.04113	0.12600	0.02257	0.16185	0.08220	0.03501	0.05353	0.02437	0.00993	0.00678	0.01648	0.00404	0.00122	0.00513	0.00349	0.00228	0.00566
11	0.00771	0.22303	0.08092	0.00722	0.03611	0.06961	0.04069	0.00943	0.02435	0.01085	0.05002	0.08391	0.32763	0.00692	0.00398	0.00120	0.00360	0.00569	0.00279	0.00433

[dist]
# distance from previous block
# <min> <max>
0	7

[block]
# block no. 8 follows, 68 sequences, length 54
# corresponding to MSA columns:
# 361-381,383,384,393-423
name=unknown_I
#
# <colnr> <probs for GDERKNQSTAVLIFYWHMCP>
#	G	D	E	R	K	N	Q	S	T	A	V	L	I	F	Y	W	H	M	C	P
0	0.00986	0.24521	0.16356	0.08909	0.10416	0.08515	0.03671	0.08264	0.00943	0.01211	0.03162	0.03435	0.00749	0.01878	0.01066	0.02436	0.00490	0.01511	0.00967	0.00513
1	0.00611	0.00443	0.00510	0.00484	0.00607	0.00412	0.00366	0.02763	0.04577	0.03536	0.35138	0.05617	0.33657	0.00875	0.01710	0.00135	0.00222	0.00716	0.07239	0.00383
2	0.00763	0.00714	0.03220	0.12694	0.10339	0.08446	0.00623	0.03088	0.02771	0.01004	0.01097	0.08778	0.01123	0.31763	0.11646	0.00285	0.00524	0.00500	0.00236	0.00385
3	0.01060	0.86304	0.02078	0.00678	0.01018	0.01569	0.00678	0.01187	0.00806	0.00933	0.00551	0.00636	0.00509	0.00339	0.00254	0.00085	0.00424	0.00212	0.00170	0.00509
4	0.05818	0.00846	0.01334	0.11366	0.50379	0.00881	0.01990	0.01200	0.06444	0.01313	0.04124	0.01213	0.00830	0.00425	0.00414	0.00122	0.02618	0.03567	0.00228	0.04888
5	0.00575	0.00480	0.03863	0.00598	0.00671	0.00451	0.00448	0.01678	0.05601	0.01045	0.04986	0.40073	0.01897	0.13012	0.22393	0.00309	0.00486	0.00772	0.00308	0.00354
6	0.32328	0.03466	0.00937	0.00760	0.03727	0.00941	0.00602	0.28253	0.01179	0.20126	0.00920	0.00930	0.00650	0.00460	0.00374	0.02761	0.00367	0.00311	0.00344	0.00566
7	0.00580	0.00437	0.02977	0.00549	0.00610	0.00397	0.01548	0.00643	0.00756	0.01038	0.19722	0.20164	0.04474	0.17673	0.10632	0.16149	0.00382	0.00665	0.00297	0.00306
8	0.00531	0.03218	0.00545	0.00578	0.00621	0.00390	0.00413	0.00611	0.00760	0.01010	0.01996	0.65643	0.02343	0.02338	0.05862	0.02755	0.00308	0.09406	0.00344	0.00329
9	0.00846	0.05077	0.76157	0.01105	0.01662	0.04274	0.01395	0.02822	0.00867	0.01256	0.00706	0.00827	0.00506	0.00379	0.00372	0.00123	0.00582	0.00290	0.00173	0.00580
10	0.00708	0.00584	0.01675	0.34797	0.02759	0.00665	0.00762	0.03023	0.02009	0.03526	0.01143	0.13102	0.01086	0.01349	0.26233	0.00293	0.00630	0.04999	0.00243	0.00413
11	0.00891	0.00873	0.02927	0.28065	0.54561	0.00905	0.01159	0.01135	0.00867	0.01200	0.00827	0.01084	0.02996	0.00386	0.00396	0.00123	0.00483	0.00366	0.00194	0.00560
12	0.03806	0.00658	0.00890	0.00696	0.00983	0.00583	0.00572	0.01818	0.01085	0.75413	0.01500	0.01349	0.00969	0.00681	0.06939	0.00163	0.00393	0.00396	0.00463	0.00644
13	0.01168	0.03807	0.10532	0.04452	0.31980	0.01764	0.00976	0.14337	0.02690	0.15978	0.00928	0.01060	0.00702	0.02670	0.00480	0.00129	0.05104	0.00357	0.00280	0.00606
14	0.00561	0.00452	0.00546	0.00552	0.00639	0.03201	0.00414	0.00684	0.00800	0.01059	0.11460	0.14270	0.23592	0.02930	0.35187	0.00346	0.00578	0.00664	0.01716	0.00349
15	0.00520	0.00377	0.00522	0.00578	0.00617	0.00387	0.00410	0.00612	0.00711	0.00972	0.01754	0.51077	0.02001	0.06534	0.28793	0.00334	0.00521	0.02643	0.00309	0.00329
16	0.00593	0.00443	0.00589	0.00646	0.00723	0.00444	0.00521	0.00761	0.03030	0.01175	0.10292	0.25061	0.09566	0.01068	0.00546	0.00165	0.03373	0.40275	0.00367	0.00362
17	0.00876	0.00906	0.07797	0.06093	0.39196	0.04103	0.05664	0.03201	0.00902	0.02825	0.02452	0.20035	0.01121	0.00574	0.00419	0.00129	0.00436	0.00532	0.02213	0.00526
18	0.00501	0.00361	0.00479	0.00567	0.00599	0.00341	0.00391	0.00593	0.01871	0.01034	0.02193	0.77656	0.03532	0.01219	0.00507	0.00162	0.00241	0.07056	0.00368	0.00329
19	0.66611	0.09872	0.00822	0.00610	0.00862	0.11426	0.00505	0.03196	0.00774	0.01607	0.00569	0.00660	0.00454	0.00373	0.00264	0.00116	0.00373	0.00223	0.00236	0.00447
20	0.00934	0.19846	0.08037	0.21892	0.22871	0.02676	0.11398	0.02893	0.00877	0.01162	0.00724	0.00963	0.00588	0.00373	0.00370	0.00116	0.00505	0.01116	0.02128	0.00530
21	0.00911	0.00826	0.01052	0.03877	0.29223	0.09223	0.00781	0.07586	0.04511	0.02423	0.01197	0.17556	0.01201	0.08552	0.03781	0.00174	0.01699	0.04667	0.00272	0.00489
22	0.01886	0.01083	0.05697	0.05417	0.52642	0.09252	0.06927	0.04491	0.03547	0.01309	0.01613	0.01019	0.00668	0.00387	0.00407	0.00120	0.01633	0.01101	0.00214	0.00587
23	0.00947	0.14740	0.52631	0.01037	0.02424	0.07814	0.03259	0.04472	0.00907	0.03969	0.00773	0.03902	0.00607	0.00411	0.00365	0.00118	0.00545	0.00319	0.00199	0.00560
24	0.05074	0.00705	0.00924	0.00711	0.01016	0.00635	0.00588	0.06910	0.01163	0.75673	0.01488	0.01298	0.00941	0.00485	0.00393	0.00122	0.00342	0.00389	0.00476	0.00665
25	0.01383	0.01153	0.07843	0.01001	0.01345	0.01145	0.09756	0.60959	0.04213	0.05740	0.00964	0.00990	0.00683	0.00455	0.00403	0.00122	0.00466	0.00369	0.00361	0.00650
26	0.00691	0.00605	0.00942	0.07558	0.29742	0.00598	0.01765	0.00851	0.00862	0.01165	0.06953	0.29587	0.13041	0.00792	0.00451	0.00138	0.00340	0.03177	0.00296	0.00447
27	0.00562	0.00494	0.04627	0.00531	0.00654	0.00412	0.00432	0.00744	0.01038	0.01435	0.58637	0.02970	0.17950	0.00908	0.03519	0.00147	0.01466	0.02698	0.00397	0.00377
28	0.00556	0.00421	0.00604	0.00604	0.00680	0.00474	0.00466	0.00688	0.00666	0.00933	0.01404	0.01845	0.10404	0.05159	0.72522	0.00572	0.00944	0.00476	0.00231	0.00349
29	0.00749	0.00705	0.01189	0.85113	0.02731	0.00881	0.01101	0.01013	0.00793	0.01013	0.00705	0.01057	0.00529	0.00396	0.00396	0.00132	0.00529	0.00352	0.00176	0.00440
30	0.00960	0.00993	0.12365	0.02601	0.11396	0.00859	0.17743	0.03405	0.21362	0.08378	0.01366	0.02538	0.06197	0.00525	0.00438	0.00134	0.01413	0.06468	0.00300	0.00561
