[name]
unknown

[dist]
# distance from previous block
# <min> <max>
0	477

[block]
# block no. 0 follows, 67 sequences, length 15
# corresponding to MSA columns:
# 497-511
name=unknown_A
#
# <colnr> <probs for GDERKNQSTAVLIFYWHMCP>
#	G	D	E	R	K	N	Q	S	T	A	V	L	I	F	Y	W	H	M	C	P
0	0.00794	0.04788	0.03721	0.05913	0.10094	0.03132	0.14578	0.00968	0.00855	0.02160	0.07658	0.17257	0.02670	0.01724	0.01406	0.04952	0.05489	0.05193	0.00265	0.06383
1	0.00635	0.00453	0.00540	0.00526	0.00637	0.00426	0.00388	0.04578	0.02785	0.05168	0.23324	0.20234	0.28511	0.04668	0.05112	0.00176	0.00281	0.00790	0.00384	0.00382
2	0.07542	0.05773	0.02458	0.02838	0.04036	0.23152	0.03718	0.21686	0.06178	0.05707	0.00952	0.06334	0.00785	0.00495	0.00402	0.00119	0.02874	0.00376	0.04035	0.00538
3	0.04737	0.27821	0.20170	0.01064	0.09765	0.06579	0.03928	0.04306	0.04375	0.06120	0.00749	0.00855	0.00592	0.00404	0.00403	0.00114	0.05903	0.00296	0.00219	0.01597
4	0.01210	0.06022	0.06145	0.03081	0.06051	0.35264	0.02427	0.12542	0.03292	0.01249	0.00791	0.04507	0.00694	0.03650	0.00558	0.00132	0.11292	0.00351	0.00238	0.00504
5	0.00553	0.00390	0.00504	0.00536	0.00607	0.00365	0.00383	0.00664	0.00871	0.03699	0.20192	0.43485	0.15305	0.01278	0.09025	0.00198	0.00307	0.00908	0.00375	0.00354
6	0.00978	0.04053	0.02531	0.30753	0.09081	0.00912	0.04919	0.16268	0.03061	0.05295	0.00999	0.09176	0.00845	0.00512	0.00436	0.00130	0.03582	0.00437	0.05517	0.00517
7	0.00605	0.00412	0.00499	0.00500	0.00606	0.00365	0.00366	0.00727	0.00955	0.07429	0.26196	0.25922	0.31963	0.00986	0.00479	0.00139	0.00218	0.00859	0.00402	0.00372
8	0.01087	0.03196	0.39820	0.08830	0.01646	0.01044	0.05180	0.29160	0.01213	0.03814	0.00827	0.00929	0.00588	0.00418	0.00393	0.00125	0.00529	0.00334	0.00260	0.00608
9	0.00584	0.00430	0.00519	0.00521	0.00605	0.00407	0.00372	0.05501	0.00966	0.01295	0.29606	0.29047	0.17644	0.09863	0.00645	0.00167	0.00241	0.00842	0.00384	0.00358
10	0.00869	0.00759	0.07027	0.02552	0.03003	0.00686	0.03011	0.11070	0.15678	0.07128	0.23502	0.04587	0.17084	0.00689	0.00439	0.00130	0.00316	0.00588	0.00380	0.00502
11	0.00625	0.00497	0.00715	0.05257	0.00824	0.00595	0.00539	0.00749	0.00669	0.00958	0.05917	0.01696	0.01148	0.14760	0.51447	0.00485	0.12080	0.00456	0.00225	0.00358
12	0.00837	0.05065	0.44622	0.00927	0.01313	0.04773	0.01030	0.07957	0.04057	0.01324	0.04223	0.16528	0.04460	0.00597	0.00409	0.00131	0.00472	0.00495	0.00255	0.00525
13	0.01209	0.15430	0.10688	0.04853	0.06187	0.11908	0.00852	0.26951	0.02387	0.04763	0.00862	0.04690	0.00702	0.00472	0.00421	0.00118	0.04946	0.00351	0.00277	0.01934
14	0.02975	0.04672	0.06033	0.02146	0.02781	0.24429	0.04998	0.13594	0.03208	0.01375	0.06788	0.01354	0.04822	0.00653	0.05132	0.00147	0.03663	0.03783	0.01749	0.05697

[dist]
# distance from previous block
# <min> <max>
0	33

[block]
# block no. 1 follows, 67 sequences, length 15
# corresponding to MSA columns:
# 545-559
name=unknown_B
#
# <colnr> <probs for GDERKNQSTAVLIFYWHMCP>
#	G	D	E	R	K	N	Q	S	T	A	V	L	I	F	Y	W	H	M	C	P
0	0.04426	0.05886	0.19428	0.02650	0.04900	0.03373	0.06344	0.08714	0.08112	0.03001	0.00917	0.04022	0.00765	0.04919	0.01447	0.00139	0.06462	0.00370	0.02957	0.11171
1	0.00623	0.00511	0.00716	0.02841	0.00807	0.00492	0.08912	0.02486	0.04903	0.01219	0.17381	0.15597	0.24355	0.11972	0.02688	0.00182	0.00319	0.00730	0.02890	0.00379
2	0.02887	0.08074	0.23930	0.02918	0.01390	0.02740	0.07225	0.31452	0.06044	0.01748	0.03035	0.01068	0.02585	0.00450	0.00387	0.00121	0.00480	0.00361	0.02512	0.00592
3	0.00787	0.00418	0.00502	0.00498	0.00604	0.00395	0.00373	0.00934	0.00894	0.12237	0.09360	0.22480	0.05221	0.02205	0.00424	0.00129	0.00233	0.04988	0.36918	0.00399
4	0.02126	0.00541	0.03813	0.02338	0.00736	0.00480	0.00452	0.07801	0.01011	0.03840	0.25542	0.22128	0.22017	0.04682	0.00535	0.00148	0.00263	0.00771	0.00379	0.00397
5	0.00505	0.00385	0.00455	0.00483	0.00561	0.00345	0.00340	0.00605	0.00883	0.01145	0.18753	0.33309	0.33126	0.06509	0.00588	0.00160	0.00223	0.00912	0.00378	0.00336
6	0.00928	0.00989	0.12013	0.40283	0.05082	0.00969	0.01009	0.11767	0.20118	0.01414	0.00963	0.01123	0.00715	0.00441	0.00400	0.00131	0.00477	0.00372	0.00260	0.00547
7	0.00541	0.00381	0.00443	0.00468	0.00496	0.00364	0.00291	0.00579	0.00694	0.00908	0.03677	0.26066	0.13403	0.48370	0.01358	0.00284	0.00315	0.00779	0.00302	0.00283
8	0.00891	0.00790	0.01236	0.28906	0.21529	0.00898	0.04021	0.02594	0.07272	0.04892	0.06391	0.01330	0.04822	0.00503	0.00537	0.00135	0.12076	0.00418	0.00246	0.00514
9	0.01159	0.01311	0.01119	0.00991	0.01110	0.38983	0.00782	0.05439	0.00922	0.01050	0.00654	0.00891	0.00584	0.00820	0.10222	0.00193	0.32794	0.00318	0.00206	0.00454
10	0.00690	0.00558	0.00655	0.00681	0.03269	0.00585	0.00480	0.01147	0.29002	0.01331	0.12245	0.34179	0.09805	0.02838	0.00499	0.00150	0.00265	0.00788	0.00385	0.00447
11	0.44328	0.03292	0.00842	0.00726	0.03783	0.02913	0.00567	0.12613	0.00944	0.09894	0.05100	0.05292	0.00831	0.00493	0.00399	0.00128	0.06713	0.00346	0.00301	0.00496
12	0.05042	0.08969	0.08415	0.03172	0.20387	0.08677	0.00880	0.23813	0.05213	0.01612	0.02746	0.04092	0.00778	0.00450	0.00377	0.00116	0.00458	0.00362	0.00276	0.04164
13	0.01882	0.00925	0.07419	0.07845	0.08020	0.05670	0.13757	0.05600	0.03967	0.05765	0.07853	0.10025	0.02307	0.00559	0.01518	0.00128	0.02352	0.00472	0.00278	0.13659
14	0.05551	0.10497	0.07872	0.04276	0.11288	0.06950	0.16261	0.05164	0.07664	0.04113	0.00809	0.00953	0.00635	0.00404	0.00441	0.00118	0.06537	0.00341	0.00236	0.09889

[dist]
# distance from previous block
# <min> <max>
24	139

[block]
# block no. 2 follows, 67 sequences, length 29
# corresponding to MSA columns:
# 736-764
name=unknown_C
#
# <colnr> <probs for GDERKNQSTAVLIFYWHMCP>
#	G	D	E	R	K	N	Q	S	T	A	V	L	I	F	Y	W	H	M	C	P
0	0.03375	0.06231	0.16233	0.03197	0.08662	0.06240	0.11609	0.11150	0.05123	0.04002	0.01100	0.06362	0.05051	0.00537	0.01198	0.01994	0.01306	0.01414	0.00262	0.04952
1	0.02349	0.00814	0.10176	0.06501	0.03488	0.02347	0.03288	0.06995	0.05970	0.04746	0.04590	0.04706	0.01121	0.23168	0.09964	0.00253	0.04755	0.00465	0.00267	0.04041
2	0.05447	0.09852	0.08491	0.02639	0.03837	0.16773	0.00812	0.07522	0.00898	0.01200	0.00742	0.06667	0.00685	0.00539	0.00639	0.00129	0.25428	0.00355	0.00221	0.07123
3	0.04234	0.05991	0.10580	0.03303	0.19268	0.11280	0.12665	0.09300	0.06817	0.04910	0.00873	0.02963	0.00693	0.00414	0.00388	0.00119	0.00506	0.00363	0.00250	0.05082
4	0.02774	0.12637	0.12608	0.02193	0.06826	0.00898	0.00761	0.13173	0.02519	0.05367	0.00862	0.00977	0.02105	0.00393	0.00356	0.00097	0.01763	0.01289	0.00259	0.32144
5	0.00637	0.00732	0.13604	0.00661	0.00865	0.00527	0.03569	0.00918	0.06881	0.01405	0.39070	0.09093	0.15900	0.00763	0.00451	0.00129	0.00289	0.00665	0.00364	0.03475
6	0.01085	0.15310	0.06846	0.05879	0.04615	0.09473	0.03100	0.13500	0.19597	0.02493	0.05213	0.01110	0.00889	0.00470	0.00431	0.00120	0.05567	0.00360	0.00286	0.03656
7	0.00496	0.00359	0.00459	0.00533	0.00567	0.00333	0.00356	0.00566	0.00775	0.01022	0.03985	0.69648	0.10311	0.07800	0.00626	0.00177	0.00241	0.01060	0.00364	0.00322
8	0.00621	0.00424	0.00523	0.00546	0.00619	0.00407	0.00394	0.00746	0.03538	0.05034	0.07630	0.25113	0.14860	0.22266	0.03208	0.00226	0.00316	0.12835	0.00347	0.00346
9	0.00951	0.00673	0.00783	0.00713	0.00872	0.00706	0.00551	0.30588	0.03297	0.04802	0.06015	0.35064	0.02822	0.02677	0.00498	0.00149	0.00328	0.07639	0.00389	0.00483
10	0.64049	0.00685	0.00566	0.00510	0.00720	0.00775	0.00410	0.02455	0.00738	0.03970	0.00765	0.00928	0.00613	0.04293	0.01859	0.00140	0.00309	0.00272	0.15516	0.00425
11	0.00630	0.00499	0.00673	0.00656	0.00724	0.02082	0.00500	0.00800	0.04768	0.00951	0.01088	0.01658	0.01039	0.13947	0.62581	0.00547	0.05825	0.00444	0.00226	0.00363
12	0.00733	0.00498	0.00590	0.00548	0.00686	0.00477	0.00419	0.03965	0.08983	0.08395	0.36338	0.08176	0.20927	0.00814	0.00453	0.00131	0.00233	0.02378	0.04829	0.00427
13	0.00937	0.01063	0.02308	0.05876	0.02130	0.01008	0.77883	0.01272	0.00939	0.01272	0.00806	0.01081	0.00605	0.00341	0.00470	0.00135	0.00669	0.00467	0.00202	0.00536
14	0.00507	0.00385	0.00469	0.00512	0.00587	0.00347	0.00369	0.00613	0.00884	0.01149	0.15879	0.40618	0.28939	0.01098	0.00496	0.00149	0.00225	0.06049	0.00383	0.00341
15	0.00807	0.00658	0.06172	0.00638	0.00774	0.00603	0.00502	0.17167	0.00979	0.03846	0.10498	0.15648	0.01635	0.28812	0.09228	0.00268	0.00431	0.00606	0.00318	0.00408
16	0.85521	0.00788	0.00612	0.00542	0.00793	0.00912	0.00446	0.04163	0.00727	0.01826	0.00573	0.00663	0.00443	0.00376	0.00254	0.00124	0.00315	0.00222	0.00254	0.00443
17	0.00715	0.00609	0.01935	0.00783	0.02336	0.01835	0.06140	0.05979	0.01587	0.01154	0.06491	0.06748	0.04990	0.05852	0.36224	0.00369	0.08885	0.04566	0.02396	0.00405
18	0.00573	0.00394	0.00489	0.00496	0.00539	0.00391	0.00334	0.00658	0.00768	0.01070	0.20007	0.13705	0.03971	0.37253	0.11159	0.00304	0.00390	0.02362	0.04826	0.00310
19	0.00884	0.00747	0.01189	0.09196	0.03945	0.00765	0.19679	0.10017	0.09979	0.04338	0.23371	0.05594	0.01671	0.02130	0.01839	0.02881	0.00418	0.00538	0.00327	0.00492
20	0.00554	0.00412	0.00537	0.00566	0.00629	0.00420	0.00410	0.00693	0.03780	0.01044	0.07055	0.29614	0.11199	0.11960	0.24819	0.00324	0.00498	0.04825	0.00317	0.00343
21	0.01321	0.37169	0.01543	0.00884	0.01152	0.46617	0.00737	0.04371	0.01029	0.01022	0.00606	0.00699	0.00522	0.00386	0.00319	0.00097	0.00590	0.00244	0.00199	0.00494
22	0.02079	0.10950	0.11170	0.03866	0.04249	0.04219	0.00723	0.07116	0.00893	0.04654	0.00842	0.02486	0.00709	0.00922	0.17431	0.00208	0.02014	0.00324	0.00236	0.24907
23	0.01050	0.07704	0.28675	0.05189	0.11551	0.10084	0.10030	0.10504	0.03202	0.03805	0.00807	0.02187	0.00623	0.00415	0.00410	0.00123	0.02499	0.00345	0.00227	0.00572
24	0.00599	0.00435	0.00506	0.00491	0.00591	0.00407	0.00355	0.00769	0.05323	0.03704	0.28423	0.07782	0.28440	0.15866	0.02147	0.00187	0.00260	0.01821	0.01531	0.00361
25	0.06837	0.04876	0.03645	0.02637	0.00749	0.01876	0.00455	0.02523	0.02348	0.01281	0.20001	0.12167	0.31532	0.02507	0.00470	0.00136	0.00271	0.02778	0.00349	0.02564
26	0.02684	0.37451	0.01441	0.00813	0.04191	0.14537	0.02060	0.04280	0.02824	0.07876	0.01137	0.08933	0.07400	0.00524	0.00367	0.00110	0.02218	0.00398	0.00256	0.00500
27	0.02660	0.22073	0.10132	0.04854	0.06801	0.02008	0.03291	0.06935	0.03723	0.08989	0.06400	0.01308	0.02560	0.02542	0.03218	0.00140	0.03655	0.03482	0.00267	0.04963
28	0.04796	0.08472	0.11865	0.05945	0.09678	0.03649	0.01795	0.19030	0.14081	0.13017	0.01054	0.03132	0.00793	0.00462	0.00383	0.00123	0.00436	0.00371	0.00316	0.00602

[dist]
# distance from previous block
# <min> <max>
9	74

[block]
# block no. 3 follows, 67 sequences, length 7
# corresponding to MSA columns:
# 847-853
name=unknown_D
#
# <colnr> <probs for GDERKNQSTAVLIFYWHMCP>
#	G	D	E	R	K	N	Q	S	T	A	V	L	I	F	Y	W	H	M	C	P
0	0.68945	0.00816	0.03846	0.05803	0.00967	0.00877	0.00538	0.01277	0.03807	0.08986	0.00705	0.00780	0.00522	0.00392	0.00282	0.00125	0.00338	0.00254	0.00269	0.00471
1	0.00689	0.00478	0.00577	0.00551	0.00672	0.00454	0.00417	0.05836	0.03794	0.06425	0.32556	0.15599	0.20900	0.03938	0.00529	0.00146	0.00246	0.05387	0.00404	0.00402
2	0.14071	0.23364	0.10404	0.03904	0.03303	0.14027	0.05554	0.04937	0.04768	0.01302	0.03520	0.00879	0.00671	0.00393	0.00331	0.00107	0.00471	0.00292	0.00227	0.07474
3	0.20007	0.16154	0.01063	0.02444	0.00992	0.00985	0.00591	0.17467	0.09473	0.10131	0.04032	0.03220	0.04501	0.00580	0.03418	0.00136	0.00383	0.00369	0.00320	0.03735
4	0.00821	0.00661	0.02800	0.04184	0.04878	0.00634	0.06537	0.15842	0.01026	0.04390	0.04101	0.40646	0.04670	0.02796	0.00496	0.00146	0.00344	0.00761	0.00343	0.03923
5	0.04019	0.09380	0.13512	0.02209	0.09839	0.08518	0.00808	0.11920	0.08286	0.04286	0.05688	0.04698	0.05750	0.01631	0.00425	0.00125	0.01810	0.02905	0.00287	0.03903
6	0.11350	0.09487	0.00998	0.02424	0.00999	0.05489	0.03363	0.18490	0.08164	0.07145	0.08126	0.05869	0.09995	0.01966	0.01616	0.00137	0.00382	0.03153	0.00337	0.00509

[dist]
# distance from previous block
# <min> <max>
19	73

[block]
# block no. 4 follows, 67 sequences, length 23
# corresponding to MSA columns:
# 934-953,971-973
name=unknown_E
#
# <colnr> <probs for GDERKNQSTAVLIFYWHMCP>
#	G	D	E	R	K	N	Q	S	T	A	V	L	I	F	Y	W	H	M	C	P
0	0.02528	0.10184	0.14889	0.00942	0.05059	0.08165	0.02003	0.20623	0.13119	0.01573	0.05822	0.05882	0.04635	0.00534	0.00411	0.00123	0.02224	0.00424	0.00302	0.00558
1	0.05587	0.16312	0.08697	0.03533	0.05325	0.06277	0.04573	0.07136	0.04498	0.03561	0.01197	0.09941	0.05228	0.02783	0.06755	0.02917	0.00478	0.04460	0.00263	0.00478
2	0.04322	0.03476	0.08093	0.03297	0.11331	0.13985	0.09261	0.08909	0.02722	0.08784	0.03077	0.01225	0.04163	0.01534	0.03122	0.00142	0.05644	0.01459	0.02821	0.02633
3	0.04134	0.01854	0.03668	0.00922	0.13070	0.02670	0.05304	0.07296	0.01823	0.01333	0.11905	0.07997	0.26382	0.04259	0.00521	0.00142	0.01955	0.02449	0.01872	0.00445
4	0.00622	0.00441	0.00547	0.00570	0.03824	0.00399	0.00400	0.00752	0.00950	0.06612	0.25975	0.13102	0.33622	0.05083	0.03463	0.00166	0.00265	0.02447	0.00382	0.00379
5	0.00860	0.00730	0.00847	0.00607	0.00962	0.00564	0.00487	0.04317	0.00875	0.01357	0.00723	0.00837	0.00598	0.00305	0.00301	0.00062	0.00303	0.00243	0.00244	0.84780
6	0.00550	0.00417	0.00466	0.00472	0.00536	0.00400	0.00316	0.00645	0.03611	0.00989	0.05213	0.14955	0.31786	0.34820	0.01119	0.00241	0.02076	0.00756	0.00320	0.00312
7	0.00575	0.00416	0.00553	0.00566	0.00619	0.00441	0.00403	0.02551	0.00715	0.00983	0.04510	0.20708	0.04932	0.22742	0.36970	0.00422	0.00635	0.00652	0.00276	0.00330
8	0.01017	0.00732	0.00828	0.00717	0.00910	0.00775	0.00559	0.31117	0.11775	0.05971	0.14685	0.21292	0.06398	0.00755	0.00444	0.00134	0.00318	0.00642	0.00405	0.00525
9	0.00872	0.00724	0.00769	0.00688	0.00887	0.00788	0.00535	0.10190	0.44193	0.01603	0.10043	0.02217	0.23436	0.00690	0.00431	0.00133	0.00288	0.00575	0.00401	0.00536
10	0.01073	0.02791	0.02516	0.01802	0.01053	0.03686	0.00586	0.12445	0.10318	0.10426	0.00966	0.02457	0.00750	0.00397	0.00344	0.00090	0.00350	0.00316	0.00305	0.47332
11	0.00971	0.01077	0.02286	0.01698	0.05985	0.01020	0.74937	0.04384	0.00981	0.01334	0.00814	0.01073	0.00613	0.00345	0.00467	0.00134	0.00657	0.00463	0.00210	0.00551
12	0.01297	0.01008	0.01069	0.00877	0.01131	0.04543	0.00705	0.39742	0.28754	0.06839	0.01187	0.01189	0.00883	0.02532	0.00503	0.00135	0.06200	0.00395	0.00382	0.00630
13	0.00494	0.00364	0.00464	0.00542	0.00587	0.00334	0.00374	0.00574	0.00800	0.01042	0.02515	0.68177	0.16075	0.01209	0.00508	0.00159	0.00234	0.04846	0.00372	0.00330
14	0.00496	0.00363	0.00467	0.00539	0.00583	0.00334	0.00370	0.00581	0.00816	0.01077	0.08134	0.67369	0.13197	0.01191	0.00505	0.00157	0.00229	0.02883	0.00377	0.00332
15	0.00583	0.00389	0.00437	0.00437	0.00437	0.00389	0.00243	0.00583	0.00583	0.00778	0.01264	0.02624	0.01458	0.85906	0.02041	0.00389	0.00389	0.00583	0.00243	0.00243
16	0.06501	0.00968	0.01091	0.00865	0.01154	0.01053	0.04505	0.44551	0.19484	0.04692	0.05676	0.01187	0.00962	0.00492	0.00396	0.00122	0.00393	0.00394	0.00381	0.05135
17	0.00976	0.25291	0.49898	0.01011	0.03035	0.03405	0.01166	0.05404	0.00912	0.04401	0.00718	0.00815	0.00540	0.00380	0.00348	0.00114	0.00531	0.00281	0.00196	0.00576
18	0.00546	0.00425	0.00522	0.00587	0.02711	0.00404	0.00400	0.00724	0.07676	0.01140	0.08039	0.50964	0.22196	0.01086	0.00488	0.00150	0.00236	0.00963	0.00376	0.00366
19	0.01029	0.00925	0.04714	0.05894	0.02752	0.06854	0.00700	0.16554	0.28913	0.03696	0.06972	0.03526	0.04584	0.01630	0.02418	0.00146	0.01997	0.03952	0.02193	0.00551
20	0.00504	0.00365	0.00459	0.00527	0.00563	0.00340	0.00353	0.00572	0.00765	0.01002	0.02313	0.61380	0.12796	0.13013	0.00721	0.00191	0.00254	0.03209	0.00354	0.00317
21	0.02833	0.09686	0.18038	0.05051	0.16830	0.08660	0.06863	0.03666	0.00933	0.08667	0.00858	0.03676	0.00702	0.00434	0.00411	0.00119	0.03346	0.02032	0.00235	0.06961
22	0.00929	0.04609	0.03026	0.01867	0.05095	0.02084	0.03311	0.03810	0.00894	0.05689	0.00807	0.03269	0.00671	0.00353	0.00326	0.00078	0.00347	0.00292	0.00252	0.62293

[dist]
# distance from previous block
# <min> <max>
0	11

[block]
# block no. 5 follows, 67 sequences, length 11
# corresponding to MSA columns:
# 985-995
name=unknown_F
#
# <colnr> <probs for GDERKNQSTAVLIFYWHMCP>
#	G	D	E	R	K	N	Q	S	T	A	V	L	I	F	Y	W	H	M	C	P
0	0.43305	0.04951	0.10678	0.02813	0.07780	0.06998	0.01972	0.09761	0.00903	0.03819	0.00697	0.00835	0.00546	0.02992	0.00366	0.00129	0.00420	0.00279	0.00249	0.00504
1	0.00961	0.03029	0.32572	0.01065	0.06374	0.00874	0.07160	0.14698	0.03790	0.05327	0.01080	0.11629	0.00938	0.00534	0.00408	0.00128	0.00470	0.02956	0.02301	0.03705
2	0.01025	0.00784	0.00909	0.00814	0.03917	0.00848	0.02093	0.23465	0.27492	0.04249	0.17590	0.07445	0.03224	0.00625	0.00424	0.00129	0.00326	0.00529	0.03552	0.00560
3	0.00912	0.04005	0.03943	0.24706	0.46658	0.00933	0.03839	0.01184	0.02892	0.01232	0.00777	0.01027	0.00627	0.00376	0.00389	0.00121	0.00483	0.00355	0.03347	0.02194
4	0.00981	0.00826	0.04612	0.06452	0.04142	0.00839	0.02222	0.18962	0.24518	0.03833	0.16533	0.02982	0.05353	0.00582	0.00415	0.00127	0.00347	0.00490	0.05235	0.00549
5	0.00581	0.00399	0.00487	0.00487	0.00504	0.00416	0.00305	0.00615	0.00598	0.00814	0.01218	0.02375	0.01350	0.66150	0.21649	0.00450	0.00552	0.00547	0.00236	0.00270
6	0.00783	0.00733	0.04090	0.08944	0.10162	0.00799	0.05441	0.04666	0.02886	0.01170	0.03956	0.04089	0.00975	0.01323	0.26376	0.00297	0.16411	0.02870	0.03575	0.00453
7	0.00563	0.00407	0.00483	0.00489	0.00539	0.00400	0.00324	0.00663	0.03373	0.01015	0.12977	0.14597	0.14459	0.39450	0.08273	0.00295	0.00366	0.00705	0.00311	0.00310
8	0.03813	0.01011	0.01460	0.14849	0.48803	0.08480	0.04066	0.08513	0.01002	0.03086	0.00768	0.00978	0.00613	0.00383	0.00393	0.00121	0.00504	0.00349	0.00222	0.00586
9	0.00851	0.00600	0.00674	0.00610	0.00751	0.00623	0.00463	0.18775	0.07638	0.03137	0.12582	0.07926	0.10324	0.16845	0.00735	0.00180	0.00314	0.06635	0.09901	0.00437
10	0.02239	0.09574	0.02555	0.03888	0.14854	0.03596	0.06221	0.03338	0.04628	0.07922	0.00819	0.00936	0.00647	0.00367	0.00372	0.00096	0.02682	0.00306	0.00249	0.34711

[dist]
# distance from previous block
# <min> <max>
2	4

[block]
# block no. 6 follows, 67 sequences, length 7
# corresponding to MSA columns:
# 1001-1007
name=unknown_G
#
# <colnr> <probs for GDERKNQSTAVLIFYWHMCP>
#	G	D	E	R	K	N	Q	S	T	A	V	L	I	F	Y	W	H	M	C	P
0	0.06695	0.32450	0.08642	0.02443	0.06122	0.08255	0.00779	0.16406	0.05114	0.01417	0.04125	0.01018	0.00774	0.01862	0.00367	0.00114	0.00450	0.02173	0.00252	0.00542
1	0.03655	0.00425	0.00520	0.00573	0.00641	0.00412	0.00409	0.05508	0.00861	0.01161	0.02296	0.62002	0.12221	0.01139	0.00494	0.00157	0.00254	0.06547	0.00369	0.00356
2	0.00917	0.00690	0.00803	0.00602	0.00913	0.00566	0.00480	0.04275	0.04665	0.07392	0.04752	0.01066	0.00843	0.00369	0.00321	0.00076	0.00292	0.00299	0.07961	0.62717
3	0.00835	0.00726	0.00863	0.00630	0.00958	0.00589	0.00507	0.01006	0.00815	0.01280	0.00698	0.00835	0.00589	0.00329	0.00377	0.00068	0.06939	0.00246	0.00233	0.81477
4	0.01300	0.01036	0.01063	0.00873	0.01140	0.05494	0.00699	0.49166	0.25011	0.02097	0.01224	0.06981	0.00966	0.00550	0.00409	0.00127	0.00406	0.00436	0.00391	0.00632
5	0.00628	0.00451	0.00658	0.00649	0.00721	0.00518	0.00503	0.00760	0.00668	0.03682	0.01133	0.01754	0.01078	0.09044	0.68899	0.00572	0.03747	0.03940	0.00232	0.00363
6	0.01115	0.01146	0.04346	0.12028	0.04169	0.23534	0.05516	0.10952	0.08146	0.04896	0.01075	0.03648	0.04322	0.00618	0.03838	0.00148	0.06056	0.02303	0.01634	0.00509

[dist]
# distance from previous block
# <min> <max>
1	10

[block]
# block no. 7 follows, 67 sequences, length 16
# corresponding to MSA columns:
# 1018-1033
name=unknown_H
#
# <colnr> <probs for GDERKNQSTAVLIFYWHMCP>
#	G	D	E	R	K	N	Q	S	T	A	V	L	I	F	Y	W	H	M	C	P
0	0.22301	0.04694	0.09745	0.04998	0.25441	0.07158	0.02560	0.04568	0.00913	0.08245	0.00759	0.00886	0.00584	0.00382	0.00348	0.00117	0.00449	0.00303	0.00241	0.05308
1	0.01096	0.00880	0.00942	0.03496	0.01024	0.15376	0.04220	0.08326	0.05818	0.14259	0.05597	0.09188	0.03197	0.05666	0.00731	0.09717	0.09218	0.00475	0.00308	0.00463
2	0.00609	0.00436	0.00519	0.00517	0.00609	0.00411	0.00372	0.02159	0.04578	0.03922	0.24296	0.20447	0.22058	0.13942	0.00717	0.00178	0.00253	0.03236	0.00377	0.00363
3	0.02719	0.03511	0.01376	0.03677	0.18114	0.12323	0.07805	0.36327	0.04369	0.04551	0.00882	0.00969	0.00661	0.00430	0.00395	0.00119	0.00499	0.00354	0.00305	0.00614
4	0.00498	0.00417	0.00435	0.00432	0.00562	0.00359	0.00323	0.00635	0.03002	0.01156	0.12928	0.06066	0.69821	0.00989	0.00473	0.00135	0.00205	0.00831	0.00381	0.00350
5	0.02010	0.01193	0.03917	0.12881	0.05009	0.26285	0.11221	0.11103	0.03600	0.02792	0.04660	0.05868	0.00877	0.00556	0.02636	0.00137	0.02978	0.00406	0.01369	0.00502
6	0.00585	0.00446	0.00660	0.00654	0.00720	0.00526	0.00507	0.00721	0.00641	0.00927	0.01059	0.01582	0.00999	0.05586	0.78473	0.00618	0.04291	0.00432	0.00214	0.00357
7	0.01151	0.03215	0.01114	0.03762	0.05482	0.13706	0.05453	0.26301	0.05830	0.04805	0.03311	0.04510	0.03784	0.08529	0.03961	0.00169	0.03647	0.00434	0.00308	0.00527
8	0.00615	0.00398	0.00515	0.00563	0.00619	0.00378	0.00394	0.00727	0.02616	0.06173	0.08133	0.55628	0.02405	0.09839	0.00653	0.00180	0.00262	0.06323	0.03223	0.00354
9	0.00781	0.04751	0.16036	0.00850	0.02461	0.06251	0.11594	0.04218	0.02111	0.02257	0.14735	0.04452	0.26526	0.00670	0.00435	0.00128	0.00398	0.00580	0.00304	0.00461
10	0.00555	0.00396	0.00491	0.00498	0.00564	0.00372	0.00352	0.00672	0.00910	0.01245	0.36979	0.17181	0.11348	0.19810	0.00828	0.00194	0.00252	0.04969	0.02049	0.00335
11	0.72395	0.00847	0.00681	0.00591	0.00843	0.03622	0.00484	0.11649	0.00857	0.01859	0.00632	0.00716	0.00484	0.00390	0.00272	0.00122	0.00337	0.00241	0.02510	0.00466
12	0.06271	0.00474	0.00569	0.00559	0.00667	0.00474	0.00415	0.03108	0.04471	0.06736	0.18078	0.24434	0.10009	0.05386	0.09965	0.00207	0.00345	0.02077	0.05360	0.00394
13	0.02572	0.03245	0.04017	0.01039	0.01330	0.04879	0.22857	0.20859	0.14366	0.04282	0.02496	0.06939	0.06634	0.00546	0.00429	0.00131	0.00463	0.02037	0.00322	0.00557
14	0.03086	0.04871	0.15581	0.14801	0.12798	0.02118	0.07290	0.02062	0.07250	0.01239	0.04521	0.12840	0.05455	0.01788	0.00441	0.00136	0.00443	0.02526	0.00257	0.00496
15	0.05589	0.05752	0.03478	0.00753	0.02206	0.11286	0.05051	0.02476	0.02702	0.04460	0.13090	0.16128	0.10617	0.04236	0.00524	0.00144	0.02994	0.06245	0.00316	0.01952

[dist]
# distance from previous block
# <min> <max>
2	24

[block]
# block no. 8 follows, 67 sequences, length 16
# corresponding to MSA columns:
# 1058-1073
name=unknown_I
#
# <colnr> <probs for GDERKNQSTAVLIFYWHMCP>
#	G	D	E	R	K	N	Q	S	T	A	V	L	I	F	Y	W	H	M	C	P
0	0.00928	0.04580	0.07728	0.06426	0.20304	0.02999	0.07813	0.09329	0.06456	0.01405	0.10379	0.01416	0.06534	0.00509	0.00477	0.00125	0.07068	0.00431	0.01738	0.03353
1	0.02751	0.00924	0.03226	0.02785	0.04856	0.04924	0.08833	0.13697	0.04348	0.04132	0.02606	0.00974	0.00706	0.00386	0.00389	0.00097	0.03373	0.00319	0.00271	0.40404
2	0.00776	0.02366	0.03029	0.14402	0.21889	0.02323	0.01867	0.02333	0.00823	0.01128	0.06501	0.06994	0.04106	0.15097	0.07645	0.00216	0.05320	0.00489	0.02253	0.00445
3	0.01214	0.01002	0.01004	0.03660	0.04139	0.14974	0.01901	0.23492	0.15225	0.10461	0.03940	0.06532	0.03802	0.04833	0.00493	0.00139	0.00432	0.01849	0.00352	0.00555
4	0.00720	0.00512	0.00606	0.00606	0.02412	0.02448	0.00439	0.00939	0.08380	0.08625	0.23873	0.17668	0.18109	0.06082	0.03252	0.00170	0.00292	0.04074	0.00385	0.00410
5	0.02330	0.07930	0.04814	0.04203	0.15263	0.05131	0.03219	0.03398	0.02060	0.01117	0.03680	0.01415	0.02496	0.08739	0.30273	0.00328	0.02520	0.00407	0.00225	0.00452
6	0.00641	0.00422	0.00493	0.00474	0.00514	0.00417	0.00298	0.02765	0.00737	0.03705	0.14614	0.02618	0.04566	0.62324	0.03530	0.00328	0.00366	0.00600	0.00291	0.00297
7	0.00882	0.00782	0.00895	0.00653	0.01001	0.03701	0.02602	0.03340	0.02644	0.01336	0.00739	0.00852	0.00608	0.00313	0.00309	0.00066	0.00327	0.00253	0.00244	0.78455
8	0.00518	0.00387	0.00460	0.00498	0.00561	0.00357	0.00347	0.00599	0.00802	0.01030	0.06156	0.32910	0.27842	0.17568	0.02701	0.00209	0.00280	0.06109	0.00347	0.00320
9	0.01009	0.02649	0.12510	0.06940	0.17277	0.14461	0.03134	0.07085	0.07068	0.01277	0.03588	0.01082	0.00766	0.02238	0.05373	0.00161	0.10793	0.00359	0.00232	0.01999
10	0.00524	0.00401	0.00470	0.00471	0.00572	0.00357	0.00348	0.00644	0.00957	0.01247	0.31739	0.11454	0.39825	0.03042	0.00556	0.03232	0.00216	0.03216	0.00387	0.00344
11	0.03363	0.00806	0.04282	0.09326	0.09258	0.03273	0.10832	0.08710	0.02582	0.10846	0.03695	0.02891	0.00932	0.04808	0.05786	0.00168	0.02356	0.00415	0.15168	0.00503
12	0.06678	0.00815	0.02862	0.00721	0.01064	0.00690	0.05928	0.10851	0.02227	0.05402	0.02896	0.00943	0.00703	0.00355	0.00331	0.00083	0.00347	0.00292	0.00274	0.56538
13	0.09332	0.00722	0.07238	0.02226	0.05639	0.04324	0.03461	0.00872	0.00704	0.01050	0.00985	0.03722	0.00970	0.23011	0.26939	0.02325	0.03200	0.00435	0.00222	0.02623
14	0.00632	0.00531	0.00752	0.20989	0.05644	0.00563	0.00602	0.00820	0.02292	0.01244	0.29275	0.07967	0.17966	0.05361	0.00568	0.00148	0.03284	0.00642	0.00326	0.00396
15	0.01024	0.36277	0.01500	0.00917	0.07806	0.10600	0.03561	0.06634	0.05265	0.01178	0.05454	0.02861	0.03328	0.00700	0.08238	0.00158	0.03405	0.00354	0.00236	0.00503

[dist]
# distance from previous block
# <min> <max>
2	6

[block]
# block no. 9 follows, 67 sequences, length 8
# corresponding to MSA columns:
# 1080-1087
name=unknown_J
#
# <colnr> <probs for GDERKNQSTAVLIFYWHMCP>
#	G	D	E	R	K	N	Q	S	T	A	V	L	I	F	Y	W	H	M	C	P
0	0.45841	0.00683	0.00697	0.00609	0.00803	0.00756	0.02804	0.06067	0.00798	0.06563	0.04132	0.01184	0.05301	0.02832	0.06548	0.10710	0.02637	0.00343	0.00273	0.00419
1	0.03382	0.07513	0.05615	0.09580	0.06463	0.03000	0.04826	0.02570	0.00848	0.03035	0.03647	0.22214	0.01367	0.03577	0.06612	0.00177	0.00427	0.04027	0.10689	0.00431
2	0.00983	0.01150	0.07609	0.01593	0.02004	0.01027	0.70190	0.07738	0.01015	0.01383	0.00817	0.01057	0.00608	0.00352	0.00461	0.00134	0.00652	0.00453	0.00216	0.00556
3	0.00735	0.00595	0.00848	0.08895	0.05793	0.00603	0.02675	0.00894	0.00767	0.04081	0.01215	0.03197	0.07464	0.06297	0.28365	0.00304	0.05005	0.01943	0.00244	0.20081
4	0.00911	0.14292	0.03842	0.04104	0.04555	0.03677	0.01943	0.06076	0.20902	0.02694	0.05563	0.06485	0.08710	0.05615	0.00487	0.00135	0.00368	0.01806	0.00308	0.07527
5	0.00925	0.00654	0.00822	0.00721	0.00859	0.00735	0.00573	0.15979	0.02835	0.07700	0.01102	0.01556	0.00975	0.10086	0.26385	0.00315	0.12220	0.04176	0.07191	0.04192
6	0.00801	0.04051	0.05219	0.02150	0.07092	0.02123	0.09710	0.04546	0.06327	0.02718	0.05249	0.14036	0.08576	0.11407	0.02345	0.00176	0.05662	0.02949	0.00288	0.04575
7	0.00652	0.05591	0.08024	0.00761	0.04553	0.00568	0.05606	0.03926	0.00897	0.01204	0.12336	0.39789	0.10809	0.02773	0.00498	0.00147	0.00317	0.00809	0.00332	0.00407

[dist]
# distance from previous block
# <min> <max>
0	3

[block]
# block no. 10 follows, 67 sequences, length 7
# corresponding to MSA columns:
# 1091-1097
name=unknown_K
#
# <colnr> <probs for GDERKNQSTAVLIFYWHMCP>
#	G	D	E	R	K	N	Q	S	T	A	V	L	I	F	Y	W	H	M	C	P
0	0.02373	0.08960	0.13544	0.03240	0.06310	0.03887	0.03083	0.09672	0.00964	0.06682	0.02346	0.06647	0.00843	0.05085	0.00469	0.00121	0.01840	0.00375	0.00261	0.23299
1	0.00798	0.00607	0.00772	0.10574	0.04960	0.00603	0.00560	0.02597	0.09427	0.07477	0.07459	0.08460	0.18727	0.05833	0.00540	0.00138	0.03006	0.00556	0.02773	0.14132
2	0.06098	0.00652	0.04023	0.02593	0.06588	0.02585	0.00565	0.04776	0.09198	0.02595	0.08960	0.31258	0.09255	0.02872	0.02509	0.00160	0.02118	0.02426	0.00338	0.00432
3	0.05539	0.00731	0.00608	0.00587	0.00722	0.16317	0.00434	0.04141	0.00963	0.01181	0.08750	0.16401	0.37062	0.04166	0.00504	0.00142	0.00328	0.00710	0.00336	0.00379
4	0.00932	0.20360	0.04191	0.00900	0.04433	0.06055	0.09669	0.03842	0.07487	0.04903	0.03135	0.16764	0.01260	0.00716	0.03390	0.00145	0.00442	0.07689	0.00284	0.03405
5	0.02585	0.00932	0.07047	0.05675	0.22711	0.02424	0.05624	0.07811	0.03651	0.05963	0.00897	0.01174	0.00742	0.03331	0.03050	0.00139	0.03593	0.03203	0.00252	0.19195
6	0.01003	0.13632	0.04814	0.00791	0.03740	0.07154	0.02349	0.08492	0.02837	0.06101	0.05714	0.03327	0.03772	0.00483	0.00396	0.00104	0.03952	0.02829	0.05488	0.23019

[dist]
# distance from previous block
# <min> <max>
15	142

[block]
# block no. 11 follows, 67 sequences, length 14
# corresponding to MSA columns:
# 1253-1266
name=unknown_L
#
# <colnr> <probs for GDERKNQSTAVLIFYWHMCP>
#	G	D	E	R	K	N	Q	S	T	A	V	L	I	F	Y	W	H	M	C	P
0	0.08868	0.08927	0.13161	0.01104	0.13646	0.04743	0.05862	0.14577	0.02133	0.08067	0.02453	0.07992	0.03383	0.00496	0.00383	0.00121	0.00441	0.00413	0.00282	0.02947
1	0.03748	0.06552	0.22558	0.04933	0.14973	0.03961	0.03429	0.08688	0.03824	0.02543	0.07103	0.04367	0.04987	0.01487	0.03637	0.00148	0.00482	0.01790	0.00257	0.00534
2	0.09250	0.05051	0.07357	0.02538	0.10675	0.02837	0.03533	0.10558	0.05193	0.09258	0.04385	0.11215	0.03149	0.00597	0.00399	0.00129	0.00382	0.06189	0.06792	0.00515
3	0.00913	0.00841	0.02882	0.13619	0.48556	0.00835	0.01015	0.01186	0.05228	0.04144	0.04460	0.04772	0.04894	0.00464	0.00405	0.00123	0.00430	0.00429	0.00244	0.04561
4	0.02837	0.14646	0.14902	0.06502	0.14751	0.04591	0.09758	0.08844	0.04306	0.04492	0.00957	0.01082	0.04384	0.00432	0.00408	0.00120	0.03329	0.00359	0.02746	0.00554
5	0.01041	0.08126	0.10875	0.01253	0.18507	0.10301	0.06752	0.09482	0.05499	0.04945	0.04989	0.08305	0.01024	0.00530	0.00441	0.00126	0.03762	0.03223	0.00271	0.00546
6	0.00579	0.00389	0.00446	0.00455	0.00460	0.00387	0.00265	0.00590	0.00606	0.00807	0.01353	0.08130	0.01564	0.77616	0.01893	0.00367	0.00378	0.03207	0.00256	0.00253
7	0.00694	0.00552	0.00735	0.05434	0.13305	0.02889	0.00568	0.00848	0.02982	0.05127	0.07065	0.37190	0.15197	0.02306	0.00494	0.00148	0.00307	0.03406	0.00340	0.00414
8	0.03345	0.18167	0.14430	0.04416	0.17177	0.03214	0.11908	0.05602	0.02958	0.09695	0.00843	0.02428	0.00661	0.00411	0.00403	0.00120	0.03064	0.00349	0.00239	0.00571
9	0.00771	0.22700	0.01085	0.02271	0.05537	0.00818	0.02095	0.04860	0.02816	0.01115	0.04747	0.28488	0.04898	0.06450	0.07112	0.00187	0.02709	0.00632	0.00283	0.00426
10	0.00515	0.00391	0.00477	0.00506	0.00589	0.00353	0.00369	0.00634	0.00923	0.01212	0.24648	0.32128	0.28702	0.01052	0.00492	0.00146	0.00220	0.05905	0.00391	0.00347
11	0.01136	0.10479	0.14428	0.05636	0.09452	0.07740	0.05569	0.25353	0.04043	0.03166	0.02307	0.02333	0.02380	0.00469	0.00406	0.00122	0.01828	0.02299	0.00278	0.00577
12	0.01061	0.11954	0.13196	0.04954	0.18468	0.03353	0.02298	0.13133	0.13146	0.04594	0.02154	0.01134	0.02105	0.00461	0.00433	0.00124	0.04942	0.01636	0.00270	0.00585
13	0.02886	0.00723	0.04549	0.02837	0.02121	0.11175	0.03011	0.02442	0.02060	0.01094	0.01646	0.50098	0.01860	0.00980	0.00541	0.03739	0.02984	0.04557	0.00313	0.00384

[dist]
# distance from previous block
# <min> <max>
22	88

[block]
# block no. 12 follows, 67 sequences, length 9
# corresponding to MSA columns:
# 1371-1379
name=unknown_M
#
# <colnr> <probs for GDERKNQSTAVLIFYWHMCP>
#	G	D	E	R	K	N	Q	S	T	A	V	L	I	F	Y	W	H	M	C	P
0	0.05548	0.12250	0.09353	0.03019	0.06086	0.07636	0.08984	0.07445	0.07322	0.06229	0.05661	0.07649	0.03200	0.00507	0.00395	0.00119	0.01444	0.00425	0.00279	0.06449
1	0.04818	0.14699	0.18808	0.03240	0.02636	0.08727	0.08431	0.04312	0.08497	0.05410	0.02409	0.01067	0.02803	0.02111	0.00445	0.00123	0.04688	0.00344	0.00244	0.06190
2	0.10662	0.08378	0.07548	0.01028	0.13346	0.05315	0.02655	0.08699	0.04742	0.06392	0.07211	0.09265	0.03032	0.00591	0.01866	0.00134	0.05435	0.00441	0.00285	0.02975
3	0.03838	0.04141	0.08348	0.02411	0.05121	0.02230	0.02571	0.08823	0.09586	0.06188	0.05155	0.06088	0.09832	0.05724	0.04893	0.00164	0.00402	0.01933	0.04380	0.08174
4	0.18912	0.07277	0.16283	0.02026	0.06751	0.10007	0.02858	0.05131	0.06092	0.03629	0.04082	0.05721	0.03356	0.03035	0.00410	0.00129	0.00437	0.00381	0.00260	0.03221
5	0.00653	0.00492	0.00602	0.02856	0.00738	0.04311	0.00462	0.00765	0.00801	0.04771	0.06747	0.32897	0.05187	0.07820	0.20866	0.00287	0.00491	0.06461	0.00318	0.02475
6	0.00782	0.07423	0.13248	0.00768	0.01010	0.05126	0.07329	0.02251	0.03202	0.04363	0.09832	0.11579	0.22905	0.00720	0.00459	0.00130	0.03002	0.02483	0.00307	0.03079
7	0.04801	0.00965	0.06958	0.02456	0.03984	0.05486	0.02421	0.19436	0.02546	0.05382	0.04291	0.02509	0.02819	0.00507	0.02323	0.00117	0.03941	0.00352	0.00291	0.28414
8	0.00838	0.00900	0.01863	0.05269	0.01769	0.00852	0.58584	0.01123	0.00941	0.01267	0.07917	0.07112	0.06215	0.00507	0.00475	0.00138	0.00562	0.02930	0.00248	0.00491

[dist]
# distance from previous block
# <min> <max>
1	8

[block]
# block no. 13 follows, 67 sequences, length 40
# corresponding to MSA columns:
# 1388-1395,1397-1428
name=unknown_N
#
# <colnr> <probs for GDERKNQSTAVLIFYWHMCP>
#	G	D	E	R	K	N	Q	S	T	A	V	L	I	F	Y	W	H	M	C	P
0	0.03773	0.05113	0.07016	0.05579	0.14701	0.07906	0.04303	0.09667	0.07339	0.05854	0.07016	0.09576	0.03920	0.00560	0.00429	0.00126	0.02594	0.01477	0.00293	0.02757
1	0.01118	0.04818	0.04867	0.11330	0.16850	0.22467	0.03321	0.07927	0.00990	0.03136	0.02726	0.00946	0.00651	0.00458	0.00538	0.00125	0.14752	0.00333	0.00222	0.02423
2	0.00649	0.00499	0.00714	0.02147	0.00810	0.00472	0.07024	0.03299	0.00826	0.02938	0.01788	0.51116	0.03736	0.07116	0.00598	0.00162	0.01720	0.02809	0.02370	0.09205
3	0.00955	0.01029	0.02016	0.09829	0.25393	0.02919	0.49274	0.01252	0.00928	0.01260	0.00781	0.01047	0.00607	0.00351	0.00442	0.00130	0.00607	0.00424	0.00199	0.00557
4	0.01011	0.00931	0.01089	0.09735	0.18962	0.08620	0.00804	0.07853	0.33711	0.01489	0.03720	0.03179	0.02977	0.00540	0.01576	0.00134	0.00420	0.00428	0.02248	0.00572
5	0.00993	0.02719	0.17278	0.04939	0.15667	0.05688	0.18936	0.09917	0.03971	0.03511	0.01962	0.03600	0.03873	0.00471	0.00437	0.00129	0.02189	0.02913	0.00249	0.00558
6	0.00576	0.00417	0.00582	0.00582	0.00632	0.00467	0.00423	0.00676	0.00626	0.00884	0.01132	0.01894	0.01141	0.28171	0.59342	0.00567	0.00866	0.00476	0.00223	0.00323
7	0.03429	0.00770	0.04905	0.03823	0.06432	0.02700	0.23496	0.00939	0.00919	0.01240	0.12642	0.11983	0.21554	0.00694	0.00478	0.00136	0.02484	0.00642	0.00294	0.00442
8	0.00492	0.00395	0.00435	0.00449	0.00554	0.00343	0.00326	0.00596	0.00907	0.01133	0.13906	0.19292	0.55597	0.03103	0.00519	0.00146	0.00211	0.00880	0.00378	0.00339
9	0.01201	0.01219	0.01256	0.19922	0.21504	0.28659	0.00942	0.12911	0.01107	0.04233	0.00795	0.02990	0.00642	0.00430	0.00390	0.00119	0.00556	0.00345	0.00241	0.00537
10	0.00740	0.00651	0.01040	0.38258	0.04289	0.02345	0.07366	0.00959	0.00911	0.02457	0.23420	0.01815	0.02692	0.00686	0.03626	0.03419	0.00452	0.04177	0.00271	0.00426
11	0.01447	0.08795	0.01231	0.01050	0.03817	0.74876	0.00782	0.01557	0.01103	0.00989	0.00619	0.00725	0.00520	0.00406	0.00354	0.00102	0.00691	0.00258	0.00204	0.00474
12	0.34736	0.09814	0.02410	0.00896	0.07248	0.13877	0.02460	0.07465	0.03758	0.05975	0.00712	0.00810	0.00560	0.00422	0.00397	0.00121	0.07298	0.00281	0.00253	0.00507
13	0.02580	0.03353	0.20227	0.04654	0.11188	0.01754	0.21306	0.03682	0.03540	0.03572	0.07413	0.05225	0.00995	0.00533	0.01954	0.00142	0.05083	0.02025	0.00243	0.00533
14	0.00900	0.06158	0.07798	0.00840	0.02939	0.05612	0.08439	0.09662	0.04294	0.04044	0.01242	0.10151	0.04603	0.15970	0.05333	0.00199	0.01685	0.01934	0.00276	0.07923
15	0.00499	0.00388	0.00450	0.00481	0.00567	0.00344	0.00344	0.00599	0.00879	0.01121	0.13173	0.32323	0.40174	0.04033	0.00544	0.00154	0.00222	0.02991	0.00376	0.00337
16	0.03320	0.00610	0.00729	0.00604	0.00823	0.00591	0.00485	0.07284	0.06896	0.38205	0.01408	0.01381	0.00987	0.00527	0.01746	0.00122	0.00301	0.00389	0.33040	0.00553
17	0.01020	0.01012	0.02834	0.03631	0.26874	0.11645	0.04510	0.06040	0.25044	0.01414	0.02795	0.09305	0.01047	0.00523	0.00412	0.00128	0.00443	0.00460	0.00293	0.00571
18	0.00531	0.00390	0.00477	0.00500	0.00583	0.00350	0.00358	0.00647	0.00928	0.02657	0.26977	0.35095	0.26961	0.01041	0.00487	0.00143	0.00213	0.00916	0.00395	0.00352
19	0.06255	0.06536	0.06370	0.01875	0.02696	0.03539	0.00694	0.22133	0.22326	0.03911	0.08470	0.04678	0.02038	0.02219	0.01395	0.00138	0.01805	0.02014	0.00346	0.00561
20	0.00529	0.00377	0.00467	0.00522	0.00560	0.00359	0.00348	0.00618	0.02397	0.01028	0.05001	0.53460	0.09469	0.18336	0.00810	0.00203	0.00263	0.02329	0.02605	0.00320
21	0.04213	0.04063	0.01181	0.00923	0.03711	0.06114	0.00736	0.61176	0.01642	0.05731	0.00934	0.00953	0.00675	0.00459	0.00382	0.00116	0.00439	0.00343	0.02300	0.03911
22	0.01036	0.02474	0.01528	0.09718	0.64263	0.05385	0.01145	0.03645	0.02401	0.03434	0.00783	0.00997	0.00639	0.00375	0.00394	0.00119	0.00487	0.00352	0.00214	0.00609
23	0.04723	0.00777	0.03256	0.01875	0.00979	0.02620	0.00551	0.11377	0.03872	0.06594	0.03596	0.10630	0.02421	0.00552	0.02308	0.00109	0.00347	0.00406	0.00301	0.42704
24	0.00596	0.00412	0.00518	0.00509	0.00576	0.00408	0.00357	0.00691	0.00787	0.03691	0.18732	0.07172	0.13409	0.30089	0.19973	0.00335	0.00466	0.00640	0.00311	0.00329
25	0.00585	0.00437	0.00619	0.00609	0.00668	0.00496	0.00457	0.00705	0.00677	0.00967	0.08601	0.01868	0.01321	0.17565	0.58909	0.00534	0.03918	0.00481	0.00239	0.00342
26	0.03030	0.02929	0.03003	0.10043	0.17693	0.05918	0.02235	0.05080	0.20010	0.01310	0.00928	0.01139	0.00764	0.02087	0.02197	0.00152	0.19387	0.01304	0.00253	0.00538
27	0.00706	0.00585	0.00653	0.00632	0.02230	0.02217	0.00464	0.02863	0.22101	0.01414	0.24254	0.15347	0.19332	0.00810	0.00449	0.00133	0.00258	0.00699	0.00388	0.04464
28	0.51657	0.00933	0.00784	0.00674	0.00927	0.08730	0.00544	0.15908	0.06841	0.05505	0.00846	0.02368	0.01935	0.00440	0.00313	0.00123	0.00371	0.00299	0.00299	0.00504
29	0.01001	0.53457	0.30079	0.00854	0.01281	0.01347	0.00962	0.04903	0.00875	0.01128	0.00632	0.00728	0.00520	0.00362	0.00306	0.00101	0.00486	0.00249	0.00181	0.00549
30	0.00990	0.50439	0.05663	0.00771	0.01072	0.05265	0.06174	0.05469	0.00904	0.01099	0.01105	0.04762	0.10439	0.00485	0.00353	0.00105	0.02428	0.00366	0.01617	0.00494
31	0.00514	0.00406	0.00440	0.00445	0.00565	0.00349	0.00331	0.00621	0.00916	0.02580	0.10770	0.12424	0.62548	0.02688	0.00509	0.00144	0.00215	0.02812	0.00378	0.00346
32	0.02502	0.29560	0.02638	0.05238	0.07813	0.11122	0.03340	0.04765	0.06523	0.01167	0.02770	0.01006	0.00724	0.00525	0.02756	0.00130	0.11717	0.02267	0.00222	0.03212
33	0.00520	0.00375	0.00471	0.00522	0.00562	0.00357	0.00353	0.00593	0.00763	0.01010	0.06495	0.47432	0.11733	0.18976	0.05504	0.00232	0.00310	0.03134	0.00340	0.00316
34	0.00926	0.00813	0.00798	0.00745	0.03005	0.12345	0.00554	0.09391	0.15433	0.04351	0.16558	0.05321	0.14683	0.05954	0.00571	0.00146	0.04277	0.02169	0.01490	0.00470
35	0.00498	0.00388	0.00446	0.00476	0.00563	0.00344	0.00340	0.00595	0.00874	0.01107	0.11557	0.30521	0.42845	0.04995	0.00561	0.00156	0.00224	0.02801	0.00374	0.00335
36	0.01075	0.31384	0.16422	0.00995	0.04075	0.08710	0.08139	0.09148	0.03597	0.03204	0.00785	0.01913	0.01539	0.00457	0.01526	0.00121	0.05830	0.00317	0.00221	0.00544
37	0.00540	0.00390	0.00471	0.00511	0.00555	0.00370	0.00340	0.00619	0.02190	0.00986	0.03520	0.39717	0.13112	0.28647	0.01000	0.00231	0.00287	0.04702	0.00330	0.01481
38	0.03776	0.11125	0.07425	0.02413	0.06079	0.14593	0.01740	0.13919	0.01071	0.09678	0.03576	0.07837	0.02717	0.01623	0.00448	0.00122	0.04968	0.00405	0.02326	0.04161
39	0.06104	0.06468	0.04978	0.01816	0.05405	0.21798	0.05787	0.10350	0.06090	0.01366	0.01677	0.03151	0.00718	0.00438	0.00398	0.00109	0.03761	0.01542	0.00253	0.17792

[dist]
# distance from previous block
# <min> <max>
1	10

[block]
# block no. 14 follows, 67 sequences, length 17
# corresponding to MSA columns:
# 1439-1455
name=unknown_O
#
# <colnr> <probs for GDERKNQSTAVLIFYWHMCP>
#	G	D	E	R	K	N	Q	S	T	A	V	L	I	F	Y	W	H	M	C	P
0	0.00840	0.00652	0.00752	0.01626	0.01654	0.04992	0.00533	0.03136	0.14909	0.08073	0.03697	0.17711	0.08078	0.08153	0.11385	0.02596	0.08683	0.00597	0.00322	0.01612
1	0.00966	0.03145	0.06377	0.17800	0.39496	0.06364	0.04026	0.03785	0.02005	0.01270	0.00762	0.00981	0.00613	0.00374	0.00382	0.00116	0.00490	0.00339	0.02602	0.08107
2	0.00723	0.00533	0.00603	0.00555	0.00704	0.00531	0.00425	0.03029	0.18637	0.05043	0.32847	0.02690	0.24691	0.00768	0.00442	0.00128	0.00233	0.00654	0.06322	0.00443
3	0.01011	0.00804	0.00929	0.00891	0.07718	0.00880	0.00645	0.18631	0.35633	0.03879	0.09682	0.01708	0.08778	0.00751	0.06069	0.00164	0.00385	0.00486	0.00379	0.00575
4	0.58961	0.00768	0.00733	0.00619	0.00868	0.00853	0.00511	0.03420	0.00824	0.22140	0.00821	0.00852	0.00586	0.00428	0.00363	0.00127	0.06036	0.00276	0.00309	0.00503
