[name]
unknown

[dist]
# distance from previous block
# <min> <max>
0	65

[block]
# block no. 0 follows, 69 sequences, length 28
# corresponding to MSA columns:
# 65-92
name=unknown_A
#
# <colnr> <probs for GDERKNQSTAVLIFYWHMCP>
#	G	D	E	R	K	N	Q	S	T	A	V	L	I	F	Y	W	H	M	C	P
0	0.00915	0.00860	0.01427	0.06351	0.64287	0.00863	0.02223	0.01167	0.03298	0.01264	0.00927	0.01314	0.02280	0.00425	0.00399	0.00121	0.00446	0.06893	0.00217	0.04324
1	0.00940	0.18690	0.16014	0.03279	0.33549	0.02369	0.12254	0.01201	0.02356	0.01169	0.00710	0.00903	0.00581	0.00393	0.00413	0.03615	0.00500	0.00326	0.00187	0.00553
2	0.00560	0.00419	0.00622	0.00622	0.00690	0.00486	0.00480	0.00695	0.00628	0.00904	0.01057	0.01579	0.00997	0.06134	0.81498	0.00620	0.01024	0.00426	0.00211	0.00346
3	0.00481	0.00352	0.00452	0.00523	0.00565	0.00323	0.00356	0.00560	0.00791	0.01044	0.07423	0.70067	0.13282	0.01171	0.00493	0.00153	0.00221	0.01052	0.00368	0.00323
4	0.00492	0.00385	0.00446	0.00459	0.00554	0.00339	0.00333	0.00608	0.00921	0.01189	0.25784	0.22622	0.42481	0.00994	0.00472	0.00136	0.00201	0.00861	0.00383	0.00339
5	0.00665	0.00481	0.00628	0.00605	0.00667	0.00532	0.00442	0.06743	0.00742	0.02854	0.03194	0.14709	0.01363	0.25653	0.32980	0.00396	0.06167	0.00565	0.00264	0.00350
6	0.00560	0.00407	0.00563	0.00605	0.00654	0.00395	0.03297	0.00652	0.00754	0.00998	0.01855	0.39010	0.02134	0.22568	0.00887	0.00220	0.00319	0.23479	0.00325	0.00317
7	0.01375	0.00613	0.00810	0.00645	0.00891	0.00545	0.00522	0.05144	0.01140	0.54301	0.24551	0.01747	0.01710	0.00567	0.00410	0.00119	0.00295	0.00475	0.00457	0.03684
8	0.00972	0.01064	0.02094	0.01517	0.01876	0.03618	0.67263	0.06573	0.00968	0.01307	0.00777	0.01020	0.00591	0.00364	0.00503	0.00131	0.06067	0.00436	0.00210	0.02649
9	0.01105	0.00758	0.01051	0.00872	0.03499	0.00763	0.11644	0.15066	0.15602	0.19415	0.20268	0.01729	0.04404	0.00563	0.00424	0.00126	0.00356	0.01411	0.00389	0.00555
10	0.00770	0.00724	0.00945	0.00842	0.00864	0.04195	0.00670	0.00853	0.00621	0.00905	0.00754	0.01290	0.00769	0.16076	0.18479	0.00299	0.49977	0.00395	0.00192	0.00380
11	0.00734	0.00756	0.09899	0.00646	0.00917	0.00551	0.00563	0.00996	0.07791	0.01259	0.06664	0.14843	0.02540	0.02678	0.00410	0.00107	0.00311	0.04057	0.00281	0.43996
12	0.07783	0.03200	0.13183	0.01028	0.03786	0.40943	0.05049	0.11550	0.07484	0.01325	0.00747	0.00832	0.00580	0.00408	0.00361	0.00112	0.00578	0.00295	0.00238	0.00519
13	0.00570	0.00380	0.00428	0.00428	0.00428	0.00380	0.00238	0.00570	0.00570	0.00760	0.01235	0.02566	0.01425	0.86222	0.01995	0.00380	0.00380	0.00570	0.00238	0.00238
14	0.00740	0.00697	0.01176	0.85280	0.02700	0.00871	0.01089	0.01002	0.00784	0.01002	0.00697	0.01045	0.00523	0.00392	0.00392	0.00131	0.00523	0.00348	0.00174	0.00436
15	0.00671	0.00618	0.02470	0.24722	0.15370	0.00629	0.02540	0.00880	0.02785	0.01163	0.13045	0.16766	0.15392	0.00692	0.00434	0.00133	0.00358	0.00619	0.00285	0.00429
16	0.01541	0.00684	0.00891	0.00684	0.00990	0.00594	0.00560	0.01761	0.06617	0.64059	0.01402	0.01252	0.00918	0.00454	0.00376	0.00111	0.00324	0.00369	0.00435	0.15975
17	0.00786	0.02028	0.84191	0.01117	0.01697	0.00910	0.01448	0.01242	0.00828	0.01242	0.00704	0.00828	0.00497	0.00372	0.00372	0.00124	0.00579	0.00290	0.00166	0.00579
18	0.00477	0.00343	0.00453	0.00541	0.00567	0.00319	0.00362	0.00546	0.00756	0.01003	0.02224	0.83074	0.05444	0.01220	0.00499	0.00158	0.00226	0.01104	0.00364	0.00319
19	0.00819	0.05775	0.66375	0.03377	0.01713	0.00950	0.10733	0.01257	0.03139	0.01233	0.00731	0.00869	0.00529	0.00371	0.00379	0.00124	0.00572	0.00312	0.00176	0.00567
20	0.01515	0.01051	0.04021	0.00872	0.01193	0.01087	0.00738	0.64735	0.01674	0.17519	0.01045	0.01010	0.00717	0.00470	0.00392	0.00119	0.00418	0.00358	0.00401	0.00664
21	0.00480	0.00345	0.00455	0.00539	0.00568	0.00321	0.00362	0.00553	0.00768	0.01023	0.05061	0.80169	0.05495	0.01205	0.00498	0.00157	0.00225	0.01090	0.00366	0.00321
22	0.03562	0.00675	0.00898	0.00692	0.00989	0.00597	0.00571	0.04383	0.01128	0.77725	0.01500	0.01311	0.00950	0.00482	0.00388	0.00120	0.00332	0.00388	0.02655	0.00655
23	0.01058	0.50401	0.11438	0.00839	0.02747	0.04337	0.04495	0.09156	0.02887	0.03044	0.04209	0.00850	0.00688	0.00390	0.00330	0.00101	0.02002	0.00282	0.00216	0.00529
24	0.00500	0.00362	0.00476	0.00553	0.00593	0.00343	0.00389	0.00583	0.00766	0.01011	0.02206	0.64434	0.08519	0.04234	0.04303	0.00188	0.00282	0.09584	0.00352	0.00322
25	0.01708	0.00788	0.09182	0.00763	0.00864	0.06142	0.00648	0.00868	0.00679	0.00975	0.00918	0.04714	0.00901	0.14847	0.25618	0.00324	0.24207	0.00421	0.05047	0.00384
26	0.48920	0.05930	0.00897	0.00774	0.04043	0.25889	0.00593	0.02546	0.00830	0.01426	0.00576	0.00686	0.00469	0.00391	0.00336	0.00115	0.04668	0.00238	0.00223	0.00449
27	0.00493	0.00390	0.00428	0.00433	0.00531	0.00342	0.00310	0.00592	0.00878	0.01106	0.17164	0.11948	0.51891	0.10972	0.00647	0.00163	0.00220	0.00806	0.00361	0.00325

[dist]
# distance from previous block
# <min> <max>
1	2

[block]
# block no. 1 follows, 69 sequences, length 7
# corresponding to MSA columns:
# 95,103-108
name=unknown_B
#
# <colnr> <probs for GDERKNQSTAVLIFYWHMCP>
#	G	D	E	R	K	N	Q	S	T	A	V	L	I	F	Y	W	H	M	C	P
0	0.06032	0.00494	0.00577	0.00531	0.00670	0.00470	0.00403	0.06837	0.01020	0.10960	0.29747	0.14943	0.22000	0.02954	0.00480	0.00136	0.00242	0.00702	0.00392	0.00409
1	0.01185	0.59117	0.01756	0.00771	0.01073	0.20940	0.00698	0.08478	0.00963	0.01068	0.00594	0.00675	0.00518	0.00363	0.00288	0.00091	0.00488	0.00232	0.00196	0.00506
2	0.00539	0.00367	0.00454	0.00492	0.00511	0.00358	0.00314	0.00568	0.00659	0.00876	0.01676	0.34863	0.04761	0.40096	0.03899	0.05577	0.00333	0.03093	0.00290	0.00275
3	0.01314	0.16682	0.08684	0.00928	0.05103	0.01173	0.00796	0.45783	0.06081	0.08296	0.00922	0.00936	0.00673	0.00436	0.00365	0.00113	0.00429	0.00329	0.00329	0.00624
4	0.06893	0.14883	0.04308	0.01144	0.10000	0.10108	0.13078	0.13733	0.03920	0.02994	0.00728	0.00875	0.00585	0.00436	0.00514	0.00122	0.14589	0.00326	0.00233	0.00532
5	0.00665	0.00584	0.00826	0.00764	0.00809	0.00746	0.00613	0.00777	0.00644	0.00938	0.01109	0.05402	0.06955	0.01842	0.42178	0.00393	0.33711	0.00453	0.00214	0.00378
6	0.01090	0.49199	0.01698	0.07313	0.06437	0.09207	0.03234	0.10680	0.03501	0.01171	0.00746	0.00843	0.02616	0.00385	0.00313	0.00099	0.00457	0.00280	0.00212	0.00520

[dist]
# distance from previous block
# <min> <max>
0	2

[block]
# block no. 2 follows, 69 sequences, length 7
# corresponding to MSA columns:
# 111-117
name=unknown_C
#
# <colnr> <probs for GDERKNQSTAVLIFYWHMCP>
#	G	D	E	R	K	N	Q	S	T	A	V	L	I	F	Y	W	H	M	C	P
0	0.00870	0.15721	0.43169	0.03541	0.02938	0.02681	0.01042	0.02987	0.00871	0.04012	0.03048	0.02646	0.03541	0.00438	0.00360	0.00114	0.00477	0.03076	0.00213	0.08257
1	0.02834	0.29819	0.15490	0.01042	0.09702	0.14197	0.04261	0.09264	0.05671	0.01244	0.00746	0.02713	0.00619	0.00399	0.00338	0.00107	0.00494	0.00302	0.00218	0.00539
2	0.01210	0.01030	0.01075	0.04267	0.05490	0.11056	0.00730	0.41084	0.06954	0.01827	0.07104	0.01209	0.03884	0.00520	0.00475	0.00122	0.08281	0.00389	0.02729	0.00562
3	0.00826	0.00708	0.00819	0.00598	0.00936	0.00558	0.00477	0.01074	0.07316	0.01306	0.00768	0.00864	0.00629	0.00309	0.00299	0.00064	0.00292	0.00249	0.00245	0.81662
4	0.00563	0.00379	0.00440	0.00447	0.00452	0.00381	0.00260	0.00575	0.00587	0.00786	0.01294	0.08670	0.01489	0.75675	0.06126	0.00377	0.00403	0.00603	0.00245	0.00249
5	0.00532	0.00373	0.00486	0.00550	0.00587	0.00358	0.00390	0.00607	0.00755	0.00999	0.04372	0.46779	0.05260	0.16840	0.00813	0.02904	0.00283	0.16467	0.00336	0.00309
6	0.00582	0.00521	0.03597	0.00648	0.06520	0.00453	0.00467	0.00763	0.03699	0.01214	0.23039	0.06205	0.32455	0.04036	0.08717	0.00186	0.00330	0.02845	0.00339	0.03386

[dist]
# distance from previous block
# <min> <max>
0	1

[block]
# block no. 3 follows, 69 sequences, length 28
# corresponding to MSA columns:
# 119-146
name=unknown_D
#
# <colnr> <probs for GDERKNQSTAVLIFYWHMCP>
#	G	D	E	R	K	N	Q	S	T	A	V	L	I	F	Y	W	H	M	C	P
0	0.00626	0.00487	0.00559	0.00522	0.00627	0.04992	0.00393	0.00803	0.01102	0.03242	0.74241	0.02806	0.06547	0.00780	0.00455	0.00122	0.00217	0.00682	0.00417	0.00379
1	0.00932	0.14885	0.26659	0.03889	0.07788	0.02163	0.14060	0.08531	0.07474	0.01312	0.00874	0.06057	0.00724	0.00430	0.00379	0.00119	0.00495	0.00377	0.00227	0.02624
2	0.00483	0.00347	0.00450	0.00530	0.00558	0.00323	0.00352	0.00548	0.00747	0.00989	0.02202	0.76231	0.06960	0.06546	0.00592	0.00172	0.00235	0.01065	0.00356	0.00314
3	0.02168	0.13568	0.50140	0.03456	0.06998	0.02970	0.03984	0.01238	0.00844	0.04296	0.00713	0.00836	0.00532	0.00364	0.00353	0.00113	0.00521	0.00288	0.00188	0.06430
4	0.04136	0.15667	0.01234	0.00903	0.01139	0.54316	0.00715	0.12323	0.01134	0.01198	0.00661	0.00748	0.00540	0.00402	0.00336	0.00101	0.00593	0.00261	0.03107	0.00487
5	0.01013	0.76302	0.06576	0.00677	0.01011	0.01441	0.00690	0.01161	0.00800	0.00974	0.00600	0.00692	0.00534	0.00345	0.00260	0.00087	0.00413	0.00224	0.05702	0.00499
6	0.00896	0.18922	0.42825	0.01027	0.03181	0.02270	0.08750	0.02452	0.07113	0.02576	0.00857	0.02221	0.02012	0.00402	0.00360	0.00116	0.00505	0.00328	0.02638	0.00550
7	0.00938	0.18307	0.13188	0.01239	0.01614	0.01030	0.43755	0.01221	0.00900	0.04666	0.06262	0.01078	0.00789	0.00382	0.00415	0.00120	0.01847	0.00399	0.01326	0.00522
8	0.01759	0.00667	0.00910	0.00698	0.01001	0.00576	0.00576	0.01911	0.01122	0.84048	0.01547	0.01334	0.00970	0.00485	0.00394	0.00121	0.00334	0.00394	0.00485	0.00667
9	0.00895	0.00781	0.01249	0.34365	0.22887	0.00860	0.06150	0.08588	0.03576	0.03413	0.00908	0.01234	0.01632	0.02516	0.04466	0.00156	0.00501	0.02652	0.02662	0.00508
10	0.01078	0.08813	0.02999	0.07192	0.36459	0.10945	0.11815	0.03542	0.02665	0.07739	0.00825	0.02716	0.00666	0.00391	0.00385	0.00116	0.00503	0.00360	0.00228	0.00564
11	0.00539	0.00351	0.00469	0.00516	0.00546	0.00331	0.00348	0.00551	0.00715	0.00948	0.06999	0.47920	0.09373	0.03563	0.00818	0.24326	0.00257	0.00837	0.00312	0.00280
12	0.00573	0.00412	0.00474	0.00467	0.00589	0.00360	0.00354	0.00696	0.00944	0.06194	0.21742	0.10925	0.48821	0.00944	0.00466	0.00135	0.00215	0.04940	0.00387	0.00361
13	0.01091	0.06892	0.15266	0.10528	0.18694	0.01061	0.08141	0.27265	0.01167	0.02814	0.00791	0.00933	0.00596	0.00405	0.00407	0.00120	0.02645	0.00341	0.00253	0.00588
14	0.00740	0.00697	0.01176	0.85280	0.02700	0.00871	0.01089	0.01002	0.00784	0.01002	0.00697	0.01045	0.00523	0.00392	0.00392	0.00131	0.00523	0.00348	0.00174	0.00436
15	0.03178	0.00971	0.01082	0.00833	0.01138	0.01036	0.00688	0.59743	0.01625	0.21950	0.01087	0.01042	0.00743	0.00472	0.00387	0.00118	0.00400	0.00360	0.02492	0.00655
16	0.00490	0.00400	0.00434	0.00432	0.00554	0.00345	0.00328	0.00611	0.00939	0.01171	0.20509	0.03626	0.63192	0.00957	0.00467	0.00133	0.00203	0.04489	0.00378	0.00340
17	0.00494	0.00351	0.00466	0.00551	0.00577	0.00331	0.00375	0.00566	0.00750	0.00998	0.02099	0.75270	0.02499	0.06357	0.00594	0.00174	0.00246	0.06630	0.00356	0.00316
18	0.04879	0.00774	0.00852	0.00711	0.00946	0.00828	0.00569	0.22580	0.25832	0.17032	0.06367	0.01432	0.03773	0.00522	0.00381	0.00121	0.00319	0.00420	0.11086	0.00577
19	0.00803	0.00753	0.01268	0.52303	0.29067	0.00861	0.01077	0.01043	0.00807	0.01082	0.00740	0.01086	0.00600	0.03032	0.03775	0.00153	0.00521	0.00358	0.00184	0.00487
20	0.51063	0.00759	0.00746	0.00614	0.00884	0.00807	0.00506	0.08952	0.00932	0.29949	0.00925	0.00903	0.00634	0.00415	0.00308	0.00121	0.00326	0.00288	0.00339	0.00530
21	0.00476	0.00398	0.00415	0.00411	0.00538	0.00337	0.00308	0.00588	0.00924	0.01132	0.15304	0.03653	0.72240	0.00966	0.00463	0.00131	0.00197	0.00811	0.00374	0.00337
22	0.00561	0.00417	0.00613	0.00613	0.00677	0.00481	0.00469	0.00689	0.00625	0.00897	0.01066	0.01626	0.01018	0.09950	0.77711	0.00609	0.00994	0.00433	0.00212	0.00341
23	0.00786	0.02028	0.84191	0.01117	0.01697	0.00910	0.01448	0.01242	0.00828	0.01242	0.00704	0.00828	0.00497	0.00372	0.00372	0.00124	0.00579	0.00290	0.00166	0.00579
24	0.00509	0.00369	0.00509	0.00563	0.00603	0.00372	0.00397	0.00604	0.00738	0.01010	0.07741	0.53842	0.02186	0.03921	0.24353	0.00296	0.00461	0.00874	0.00322	0.00329
25	0.00667	0.00350	0.00525	0.00525	0.00533	0.00358	0.00358	0.00533	0.00525	0.00708	0.00724	0.01233	0.00716	0.01547	0.11303	0.78256	0.00424	0.00350	0.00175	0.00191
26	0.75863	0.00833	0.05199	0.00572	0.00840	0.00873	0.00501	0.03829	0.00742	0.06915	0.00630	0.00701	0.00471	0.00375	0.00264	0.00121	0.00324	0.00232	0.00258	0.00456
27	0.02097	0.02857	0.28088	0.04833	0.04092	0.00877	0.14036	0.06102	0.07066	0.01315	0.03623	0.01246	0.03971	0.00607	0.05315	0.00157	0.06402	0.01739	0.05063	0.00516

[dist]
# distance from previous block
# <min> <max>
2	4

[block]
# block no. 4 follows, 69 sequences, length 15
# corresponding to MSA columns:
# 151-165
name=unknown_E
#
# <colnr> <probs for GDERKNQSTAVLIFYWHMCP>
#	G	D	E	R	K	N	Q	S	T	A	V	L	I	F	Y	W	H	M	C	P
0	0.01148	0.28398	0.01325	0.00794	0.01060	0.14405	0.00667	0.14046	0.28957	0.01426	0.00994	0.00996	0.00779	0.00437	0.00340	0.00109	0.00423	0.00322	0.02818	0.00557
1	0.00555	0.00455	0.02887	0.00632	0.00710	0.00441	0.02370	0.00681	0.00720	0.00997	0.03634	0.32436	0.01720	0.05133	0.36813	0.00368	0.00617	0.06790	0.00283	0.01760
2	0.03044	0.25995	0.37865	0.00919	0.01350	0.04005	0.03402	0.05657	0.02887	0.07721	0.00754	0.00829	0.00566	0.00377	0.00338	0.00110	0.00492	0.00282	0.00215	0.03193
3	0.02132	0.07621	0.39258	0.01180	0.07199	0.00988	0.13993	0.10445	0.06908	0.03279	0.00851	0.02905	0.00650	0.00406	0.00385	0.00123	0.00519	0.00354	0.00228	0.00575
4	0.00478	0.00341	0.00455	0.00546	0.00569	0.00318	0.00364	0.00546	0.00751	0.01001	0.02161	0.85966	0.02593	0.01228	0.00500	0.00159	0.00227	0.01114	0.00364	0.00318
5	0.00852	0.00850	0.01200	0.05086	0.01110	0.01185	0.00869	0.00946	0.00609	0.00946	0.00523	0.00867	0.00515	0.00672	0.01243	0.00170	0.81413	0.00343	0.00172	0.00429
6	0.01025	0.06083	0.25540	0.06329	0.16625	0.03900	0.07880	0.03013	0.05433	0.13534	0.01869	0.03983	0.00752	0.00432	0.00402	0.00123	0.01884	0.00373	0.00250	0.00568
7	0.03909	0.26525	0.03824	0.00889	0.01193	0.16430	0.05992	0.29759	0.03492	0.01553	0.00776	0.00888	0.00620	0.00418	0.00346	0.00108	0.00488	0.01972	0.00267	0.00553
8	0.00539	0.00419	0.00493	0.00481	0.00591	0.00384	0.00362	0.00729	0.04866	0.01343	0.43433	0.07187	0.33557	0.00890	0.00464	0.00131	0.00203	0.03165	0.00399	0.00364
9	0.00943	0.00944	0.01750	0.15487	0.38907	0.00956	0.28775	0.05069	0.00932	0.01284	0.00760	0.01011	0.00598	0.00356	0.00414	0.00124	0.00540	0.00388	0.00202	0.00562
10	0.08818	0.05250	0.11404	0.06540	0.05167	0.12083	0.05051	0.18254	0.04370	0.10202	0.00907	0.03476	0.00708	0.02514	0.00430	0.00126	0.02473	0.00353	0.01330	0.00543
11	0.06282	0.05081	0.02324	0.13976	0.08944	0.22095	0.12034	0.03970	0.05754	0.01203	0.01020	0.03517	0.05686	0.00469	0.00394	0.00120	0.01534	0.02221	0.02896	0.00480
12	0.01195	0.03026	0.04473	0.00955	0.09262	0.02668	0.00729	0.38260	0.05660	0.06386	0.03393	0.01173	0.02723	0.00461	0.00377	0.00110	0.00396	0.02588	0.00332	0.15833
13	0.05427	0.06894	0.08569	0.03581	0.05171	0.06309	0.03931	0.19846	0.08126	0.05561	0.01013	0.04649	0.00870	0.11105	0.02178	0.00163	0.02540	0.01464	0.02089	0.00514
14	0.00762	0.15789	0.08731	0.00739	0.00922	0.01807	0.07981	0.00916	0.02289	0.02159	0.05125	0.07392	0.03821	0.25109	0.04679	0.00218	0.07850	0.00479	0.00236	0.02995

[dist]
# distance from previous block
# <min> <max>
0	16

[block]
# block no. 5 follows, 69 sequences, length 15
# corresponding to MSA columns:
# 182-196
name=unknown_F
#
# <colnr> <probs for GDERKNQSTAVLIFYWHMCP>
#	G	D	E	R	K	N	Q	S	T	A	V	L	I	F	Y	W	H	M	C	P
0	0.02441	0.07388	0.08261	0.04098	0.05419	0.20221	0.11814	0.05814	0.09414	0.01208	0.00894	0.06265	0.00780	0.00587	0.03671	0.00144	0.09061	0.01786	0.00236	0.00498
1	0.03911	0.17491	0.01103	0.05104	0.05033	0.09379	0.00630	0.15398	0.07884	0.03864	0.12478	0.01306	0.01146	0.00483	0.00353	0.00110	0.00378	0.01562	0.11884	0.00502
2	0.01317	0.03849	0.01102	0.00853	0.01137	0.01126	0.00696	0.50695	0.28318	0.04983	0.01163	0.01115	0.00845	0.00487	0.00390	0.00122	0.00388	0.00379	0.00390	0.00646
3	0.00570	0.00380	0.00428	0.00428	0.00428	0.00380	0.00238	0.00570	0.00570	0.00760	0.01235	0.02566	0.01425	0.86222	0.01995	0.00380	0.00380	0.00570	0.00238	0.00238
4	0.00942	0.00902	0.01540	0.12696	0.73710	0.00924	0.01189	0.01178	0.00879	0.01246	0.00732	0.00980	0.00609	0.00355	0.00389	0.00118	0.00473	0.00349	0.00192	0.00598
5	0.00570	0.00380	0.00428	0.00428	0.00428	0.00380	0.00238	0.00570	0.00570	0.00760	0.01235	0.02566	0.01425	0.86222	0.01995	0.00380	0.00380	0.00570	0.00238	0.00238
6	0.00931	0.43815	0.35000	0.00883	0.01304	0.02845	0.02761	0.01217	0.02665	0.01084	0.00697	0.00882	0.00584	0.00384	0.00321	0.00106	0.00490	0.03319	0.00181	0.00531
7	0.00613	0.00479	0.00484	0.00477	0.00514	0.05772	0.00299	0.00652	0.00691	0.00886	0.08988	0.05040	0.09302	0.60119	0.03844	0.00316	0.00380	0.00599	0.00268	0.00278
8	0.00707	0.09466	0.32211	0.00855	0.05929	0.00735	0.00847	0.00993	0.03971	0.01189	0.10346	0.08821	0.17407	0.03020	0.01710	0.00139	0.00402	0.00520	0.00263	0.00470
9	0.26507	0.00955	0.00910	0.00793	0.03854	0.07756	0.00612	0.31007	0.10532	0.05452	0.00918	0.00988	0.00695	0.03300	0.00395	0.00127	0.00388	0.00324	0.03940	0.00546
10	0.00564	0.00403	0.00544	0.00544	0.00585	0.00444	0.00383	0.00645	0.00605	0.00847	0.01128	0.01973	0.01168	0.38139	0.49728	0.00524	0.00767	0.00483	0.00222	0.00302
11	0.18677	0.00794	0.01309	0.14765	0.12415	0.00840	0.22980	0.01084	0.00827	0.01290	0.00965	0.03066	0.00883	0.00513	0.00441	0.00138	0.03449	0.14862	0.00234	0.00468
12	0.85195	0.00773	0.00602	0.00532	0.00778	0.00894	0.00438	0.04681	0.00718	0.01790	0.00563	0.00650	0.00435	0.00369	0.00249	0.00121	0.00309	0.00218	0.00249	0.00435
13	0.12584	0.01042	0.01128	0.08058	0.16660	0.12044	0.00799	0.29334	0.05157	0.06628	0.00857	0.00944	0.00643	0.00467	0.01869	0.00127	0.00465	0.00328	0.00296	0.00572
14	0.04584	0.00884	0.01303	0.31171	0.19518	0.02925	0.07157	0.16799	0.01037	0.05153	0.00786	0.00987	0.00595	0.00399	0.00404	0.00122	0.02197	0.00349	0.00242	0.03388

[dist]
# distance from previous block
# <min> <max>
2	6

[block]
# block no. 6 follows, 69 sequences, length 37
# corresponding to MSA columns:
# 203-239
name=unknown_G
#
# <colnr> <probs for GDERKNQSTAVLIFYWHMCP>
#	G	D	E	R	K	N	Q	S	T	A	V	L	I	F	Y	W	H	M	C	P
0	0.02123	0.21510	0.29479	0.01056	0.03154	0.10302	0.13163	0.04495	0.04694	0.05375	0.00760	0.00862	0.00578	0.00377	0.00357	0.00113	0.00532	0.00308	0.00212	0.00549
1	0.00845	0.00828	0.01488	0.32600	0.32321	0.00878	0.16244	0.01095	0.00851	0.01151	0.00868	0.01212	0.03035	0.02638	0.00451	0.00133	0.00511	0.02143	0.00197	0.00512
2	0.00572	0.00448	0.00527	0.03933	0.02049	0.01940	0.00388	0.00710	0.00962	0.02779	0.35887	0.06988	0.34275	0.05114	0.00531	0.00141	0.00233	0.00728	0.01435	0.00360
3	0.01132	0.04226	0.19675	0.07752	0.27350	0.00867	0.02103	0.06466	0.02047	0.21526	0.02463	0.01062	0.00733	0.00408	0.00384	0.00120	0.00455	0.00351	0.00276	0.00602
4	0.00648	0.00581	0.00930	0.03241	0.02235	0.00552	0.19134	0.00869	0.05317	0.01170	0.03396	0.17594	0.28662	0.00800	0.00456	0.00138	0.00341	0.07181	0.06354	0.00402
5	0.00485	0.00398	0.00420	0.00423	0.00538	0.00346	0.00313	0.00582	0.00861	0.01044	0.05627	0.03591	0.68059	0.09003	0.03340	0.00173	0.00249	0.03874	0.00349	0.00325
6	0.00858	0.05313	0.71942	0.01102	0.01635	0.08187	0.03162	0.01267	0.00853	0.01205	0.00691	0.00815	0.00500	0.00373	0.00368	0.00121	0.00586	0.00287	0.00170	0.00564
7	0.07410	0.01016	0.01137	0.02316	0.03525	0.02968	0.05148	0.47532	0.21287	0.02063	0.01047	0.01050	0.00767	0.00464	0.00386	0.00122	0.00414	0.00369	0.00359	0.00621
8	0.00570	0.00380	0.00428	0.00428	0.00428	0.00380	0.00238	0.00570	0.00570	0.00760	0.01235	0.02566	0.01425	0.86222	0.01995	0.00380	0.00380	0.00570	0.00238	0.00238
9	0.12626	0.00985	0.06609	0.04671	0.15696	0.00951	0.12655	0.23939	0.01156	0.12080	0.03275	0.01027	0.00724	0.00420	0.00394	0.00122	0.01430	0.00361	0.00297	0.00581
10	0.00577	0.00441	0.00647	0.00638	0.00699	0.00521	0.00492	0.00704	0.00624	0.00901	0.01034	0.01575	0.00986	0.08713	0.74228	0.00587	0.05649	0.00426	0.00210	0.00346
11	0.00506	0.00364	0.00483	0.00566	0.00602	0.00347	0.00395	0.00611	0.02564	0.01051	0.05050	0.73517	0.02571	0.01184	0.00501	0.00159	0.00240	0.08591	0.00367	0.00331
12	0.21634	0.22369	0.13534	0.00739	0.01076	0.05244	0.02134	0.01387	0.00876	0.23001	0.00845	0.00864	0.00611	0.00389	0.00315	0.00109	0.00408	0.00278	0.00273	0.03915
13	0.00553	0.00376	0.00429	0.00440	0.00450	0.00370	0.00256	0.00567	0.00609	0.00805	0.01496	0.12524	0.06085	0.71453	0.01734	0.00340	0.00352	0.00649	0.00259	0.00252
14	0.00895	0.06118	0.33227	0.01560	0.25172	0.02110	0.18960	0.01222	0.00866	0.01230	0.00719	0.00906	0.00557	0.00358	0.00402	0.00120	0.01939	0.00339	0.00183	0.03116
15	0.84150	0.00763	0.00593	0.00531	0.00773	0.00885	0.00435	0.01204	0.05200	0.01752	0.00604	0.00682	0.00467	0.00373	0.00251	0.00122	0.00304	0.00225	0.00251	0.00435
16	0.02959	0.00866	0.01206	0.03057	0.41160	0.05373	0.00859	0.01217	0.02972	0.07926	0.02358	0.02451	0.00731	0.00376	0.00360	0.00101	0.00404	0.00334	0.00242	0.25048
17	0.00473	0.00398	0.00411	0.00408	0.00536	0.00335	0.00306	0.00582	0.00917	0.01114	0.12571	0.03682	0.74984	0.00972	0.00463	0.00131	0.00197	0.00815	0.00371	0.00335
18	0.00953	0.22148	0.01449	0.39975	0.14385	0.11504	0.00956	0.02333	0.00860	0.01041	0.00658	0.00887	0.00533	0.00374	0.00352	0.00113	0.00510	0.00302	0.00182	0.00486
19	0.00564	0.00403	0.00554	0.00645	0.00705	0.00393	0.00514	0.00695	0.00836	0.01098	0.02113	0.40195	0.02404	0.01147	0.00523	0.00171	0.00302	0.46033	0.00362	0.00342
20	0.00965	0.00931	0.01604	0.03723	0.80305	0.00932	0.03350	0.01201	0.00892	0.01276	0.00738	0.00974	0.00619	0.00349	0.00390	0.00117	0.00472	0.00352	0.00194	0.00616
21	0.01313	0.04893	0.02060	0.01104	0.09862	0.46402	0.01870	0.11254	0.10022	0.03295	0.00795	0.00877	0.00631	0.00459	0.01531	0.00117	0.02437	0.00305	0.00250	0.00523
22	0.00858	0.00695	0.00818	0.00586	0.00932	0.00525	0.00470	0.01031	0.00828	0.05191	0.00737	0.00838	0.00599	0.00300	0.00295	0.00061	0.00292	0.00240	0.00244	0.84460
23	0.05816	0.41614	0.18200	0.01046	0.07441	0.03305	0.13359	0.01205	0.00826	0.01111	0.00630	0.00767	0.00521	0.00354	0.00343	0.00106	0.02376	0.00279	0.00179	0.00524
24	0.00851	0.01342	0.31515	0.01307	0.01727	0.00924	0.40062	0.01262	0.06336	0.01290	0.06512	0.01125	0.00811	0.00401	0.00447	0.00130	0.02790	0.00413	0.00215	0.00539
25	0.00643	0.00520	0.00584	0.02110	0.00713	0.01632	0.00426	0.01003	0.18679	0.01412	0.36479	0.02775	0.25197	0.00780	0.00442	0.00128	0.00233	0.02694	0.03134	0.00415
26	0.00567	0.00392	0.00489	0.00489	0.00510	0.00414	0.00314	0.00610	0.00588	0.00806	0.01179	0.02254	0.01290	0.60886	0.27147	0.00456	0.00584	0.00524	0.00229	0.00272
27	0.02337	0.01749	0.00872	0.00761	0.00983	0.02042	0.00596	0.04026	0.64736	0.07985	0.04984	0.01529	0.03421	0.00543	0.00397	0.00130	0.00312	0.00449	0.01551	0.00597
28	0.00513	0.00389	0.00472	0.00474	0.00565	0.00348	0.00347	0.00650	0.00977	0.01310	0.44181	0.18575	0.27894	0.00939	0.00470	0.00133	0.00197	0.00820	0.00398	0.00348
29	0.00488	0.00373	0.00445	0.00490	0.00562	0.00335	0.00347	0.00580	0.00835	0.01069	0.09423	0.42365	0.33187	0.03555	0.00528	0.00153	0.00223	0.04349	0.00366	0.00327
30	0.00792	0.03858	0.82410	0.01108	0.01682	0.00924	0.01432	0.01240	0.00827	0.01235	0.00700	0.00823	0.00497	0.00372	0.00370	0.00123	0.00576	0.00288	0.00166	0.00578
31	0.00849	0.06159	0.47301	0.04139	0.06236	0.02401	0.10315	0.01187	0.00830	0.02558	0.02845	0.02491	0.00647	0.00429	0.00483	0.00128	0.09931	0.00343	0.00188	0.00539
32	0.00560	0.00419	0.00625	0.00625	0.00693	0.00487	0.00484	0.00697	0.00629	0.00906	0.01055	0.01566	0.00991	0.05071	0.82554	0.00624	0.01033	0.00424	0.00211	0.00347
33	0.03090	0.04969	0.22096	0.04870	0.13668	0.00892	0.03316	0.06921	0.05805	0.02166	0.04366	0.05821	0.03219	0.02698	0.02610	0.00146	0.09847	0.00408	0.00240	0.02851
34	0.00769	0.00625	0.00718	0.02751	0.02151	0.04993	0.00478	0.02740	0.02471	0.04638	0.28784	0.05637	0.06111	0.00730	0.05572	0.00134	0.00330	0.00494	0.00324	0.29553
35	0.04956	0.00640	0.02195	0.00600	0.00751	0.06932	0.03397	0.04546	0.02898	0.01269	0.16697	0.11542	0.27735	0.03463	0.01649	0.00141	0.02394	0.00644	0.03712	0.03838
36	0.31800	0.10607	0.01000	0.00729	0.00988	0.11651	0.00599	0.20782	0.11975	0.03273	0.02644	0.00891	0.00687	0.00426	0.00322	0.00115	0.00397	0.00296	0.00294	0.00524

[dist]
# distance from previous block
# <min> <max>
1	8

[block]
# block no. 7 follows, 69 sequences, length 17
# corresponding to MSA columns:
# 262-278
name=unknown_H
#
# <colnr> <probs for GDERKNQSTAVLIFYWHMCP>
#	G	D	E	R	K	N	Q	S	T	A	V	L	I	F	Y	W	H	M	C	P
0	0.00974	0.09999	0.28387	0.03948	0.07780	0.01886	0.02205	0.04746	0.17057	0.08270	0.02198	0.01104	0.02873	0.00428	0.00369	0.00116	0.00440	0.00348	0.00265	0.06606
1	0.00921	0.02369	0.08327	0.02015	0.13609	0.00786	0.03332	0.04199	0.21828	0.09169	0.17524	0.03326	0.04974	0.00598	0.01606	0.00134	0.03930	0.00481	0.00334	0.00536
2	0.00813	0.00660	0.00777	0.00575	0.00892	0.00504	0.00456	0.00976	0.00824	0.04397	0.00956	0.06518	0.04055	0.00387	0.00315	0.00070	0.00284	0.00320	0.00256	0.75965
3	0.00854	0.13638	0.06332	0.03872	0.14104	0.03899	0.00702	0.05260	0.07735	0.03895	0.08252	0.12609	0.13863	0.00636	0.00422	0.00124	0.02495	0.00532	0.00291	0.00483
4	0.00921	0.03908	0.01181	0.19351	0.17074	0.13380	0.00880	0.03719	0.00826	0.01066	0.00738	0.01081	0.00651	0.03085	0.11649	0.00203	0.18054	0.01570	0.00198	0.00464
5	0.00540	0.00405	0.00517	0.00559	0.00637	0.00390	0.00431	0.00663	0.00846	0.01110	0.10365	0.25173	0.22440	0.02758	0.07593	0.00197	0.01612	0.21563	0.01860	0.00341
6	0.00635	0.00399	0.00550	0.03696	0.00646	0.00422	0.00397	0.00664	0.03296	0.00872	0.01128	0.04981	0.05111	0.11183	0.21751	0.37064	0.00503	0.00447	0.05980	0.00273
7	0.00565	0.00378	0.00429	0.00434	0.00436	0.00377	0.00245	0.00569	0.00581	0.00774	0.01289	0.07375	0.01493	0.81321	0.01909	0.00367	0.00371	0.00602	0.00245	0.00242
8	0.77629	0.00758	0.00618	0.00546	0.00791	0.00866	0.00447	0.01262	0.06111	0.07014	0.00679	0.00736	0.00510	0.00383	0.00263	0.00122	0.00306	0.00239	0.00268	0.00453
9	0.00740	0.00697	0.01176	0.85280	0.02700	0.00871	0.01089	0.01002	0.00784	0.01002	0.00697	0.01045	0.00523	0.00392	0.00392	0.00131	0.00523	0.00348	0.00174	0.00436
10	0.00726	0.01001	0.21189	0.02536	0.01347	0.00721	0.26586	0.00961	0.00796	0.01105	0.01163	0.23822	0.01180	0.08553	0.00653	0.02855	0.03531	0.00595	0.00236	0.00442
11	0.00512	0.00395	0.00468	0.00457	0.00562	0.00351	0.00340	0.00655	0.00998	0.01326	0.45802	0.08630	0.36275	0.00907	0.00465	0.00129	0.00193	0.00784	0.00400	0.00351
12	0.04030	0.01088	0.07588	0.01240	0.01591	0.06543	0.41231	0.10298	0.01050	0.16494	0.00923	0.01045	0.00659	0.00393	0.00436	0.00126	0.02391	0.00399	0.01918	0.00559
13	0.00700	0.05344	0.03489	0.07836	0.05318	0.02311	0.00589	0.06336	0.05129	0.01179	0.05375	0.42943	0.04109	0.00924	0.02295	0.00153	0.02682	0.02561	0.00317	0.00412
14	0.10318	0.01045	0.01094	0.00855	0.01155	0.01164	0.00703	0.68274	0.07742	0.02337	0.00950	0.00949	0.00681	0.00464	0.00378	0.00119	0.00409	0.00345	0.00378	0.00639
15	0.02954	0.27106	0.10201	0.03031	0.01284	0.08739	0.13098	0.03405	0.00936	0.20145	0.00864	0.00953	0.00649	0.02400	0.00412	0.00117	0.02588	0.00321	0.00257	0.00541
16	0.00749	0.00706	0.01191	0.82200	0.05713	0.00873	0.01093	0.01009	0.00788	0.01012	0.00698	0.01042	0.00526	0.00390	0.00392	0.00130	0.00520	0.00348	0.00175	0.00442

[dist]
# distance from previous block
# <min> <max>
1	4

[block]
# block no. 8 follows, 69 sequences, length 74
# corresponding to MSA columns:
# 283-337,340-358
name=unknown_I
#
# <colnr> <probs for GDERKNQSTAVLIFYWHMCP>
#	G	D	E	R	K	N	Q	S	T	A	V	L	I	F	Y	W	H	M	C	P
0	0.01085	0.00540	0.00694	0.00592	0.00783	0.00489	0.00466	0.04766	0.01061	0.36437	0.21670	0.08843	0.15690	0.00812	0.04098	0.00149	0.00302	0.00600	0.00426	0.00497
1	0.00558	0.00384	0.00505	0.00547	0.00612	0.00356	0.00398	0.00675	0.00887	0.03979	0.24473	0.46495	0.07803	0.01056	0.00489	0.00149	0.00232	0.09668	0.00386	0.00350
2	0.00903	0.39741	0.47502	0.00918	0.01388	0.01197	0.01101	0.01211	0.00814	0.01099	0.00633	0.00739	0.00500	0.00356	0.00318	0.00106	0.00508	0.00254	0.00167	0.00545
3	0.00938	0.01040	0.09735	0.07257	0.52825	0.04578	0.04156	0.01264	0.07954	0.01280	0.03461	0.02185	0.00770	0.00398	0.00393	0.00120	0.00473	0.00373	0.00218	0.00582
4	0.00568	0.00430	0.00635	0.00632	0.00695	0.00504	0.00488	0.00698	0.00631	0.00908	0.01078	0.04513	0.01039	0.06181	0.75564	0.00588	0.03838	0.00448	0.00215	0.00347
5	0.00991	0.68292	0.09603	0.00728	0.01051	0.03043	0.00736	0.01143	0.00794	0.00958	0.00650	0.05450	0.00620	0.00406	0.00324	0.00096	0.04162	0.00275	0.00179	0.00496
6	0.00475	0.00351	0.00445	0.00521	0.00562	0.00321	0.00353	0.00549	0.00775	0.01011	0.02469	0.71975	0.16385	0.01188	0.00494	0.00155	0.00223	0.01066	0.00364	0.00321
7	0.01001	0.00881	0.01443	0.11846	0.61624	0.00891	0.01094	0.04267	0.00925	0.06197	0.00786	0.00991	0.00630	0.00364	0.00384	0.00115	0.00453	0.00345	0.00219	0.05544
8	0.00934	0.00913	0.01523	0.17489	0.59044	0.02761	0.05709	0.01189	0.02492	0.01221	0.00742	0.00990	0.00608	0.00368	0.00412	0.00121	0.02361	0.00355	0.00194	0.00574
9	0.00740	0.00697	0.01176	0.85280	0.02700	0.00871	0.01089	0.01002	0.00784	0.01002	0.00697	0.01045	0.00523	0.00392	0.00392	0.00131	0.00523	0.00348	0.00174	0.00436
10	0.05308	0.03200	0.01105	0.02322	0.25923	0.04686	0.00725	0.04668	0.00888	0.01326	0.00704	0.00850	0.00582	0.00328	0.00325	0.00085	0.00376	0.00274	0.00224	0.46100
11	0.00560	0.00419	0.00625	0.00625	0.00693	0.00487	0.00484	0.00697	0.00629	0.00906	0.01055	0.01566	0.00991	0.05071	0.82553	0.00624	0.01033	0.00424	0.00211	0.00347
12	0.00662	0.00583	0.00814	0.03186	0.23827	0.00577	0.00613	0.00847	0.04441	0.01115	0.02298	0.02415	0.38144	0.05634	0.10279	0.00199	0.01898	0.00589	0.01453	0.00426
13	0.85153	0.00773	0.00603	0.00533	0.00778	0.00894	0.00439	0.04720	0.00719	0.01790	0.00563	0.00650	0.00435	0.00369	0.00249	0.00121	0.00309	0.00218	0.00249	0.00435
14	0.00975	0.00842	0.00886	0.00798	0.01019	0.00975	0.00621	0.02083	0.83069	0.01640	0.01596	0.01463	0.01197	0.00532	0.00399	0.00133	0.00310	0.00443	0.00399	0.00621
15	0.00975	0.00842	0.00886	0.00798	0.01019	0.00975	0.00621	0.02083	0.83069	0.01640	0.01596	0.01463	0.01197	0.00532	0.00399	0.00133	0.00310	0.00443	0.00399	0.00621
16	0.01402	0.01054	0.01127	0.00884	0.01182	0.01175	0.00724	0.68730	0.15726	0.02329	0.01053	0.01030	0.00757	0.00481	0.00393	0.00120	0.00411	0.00368	0.00393	0.00659
17	0.00570	0.00380	0.00428	0.00428	0.00428	0.00380	0.00238	0.00570	0.00570	0.00760	0.01235	0.02566	0.01425	0.86222	0.01995	0.00380	0.00380	0.00570	0.00238	0.00238
18	0.00904	0.40045	0.47207	0.00916	0.01386	0.01199	0.01098	0.01211	0.00814	0.01098	0.00632	0.00738	0.00500	0.00356	0.00318	0.00106	0.00507	0.00254	0.00167	0.00545
19	0.01744	0.00691	0.00925	0.00709	0.01013	0.00612	0.00586	0.06433	0.01163	0.79468	0.01513	0.01312	0.00953	0.00484	0.00394	0.00121	0.00339	0.00392	0.00480	0.00667
20	0.00786	0.02028	0.84191	0.01117	0.01697	0.00910	0.01448	0.01242	0.00828	0.01242	0.00704	0.00828	0.00497	0.00372	0.00372	0.00124	0.00579	0.00290	0.00166	0.00579
21	0.00478	0.00341	0.00455	0.00546	0.00569	0.00318	0.00364	0.00546	0.00751	0.01001	0.02161	0.85966	0.02593	0.01228	0.00500	0.00159	0.00227	0.01114	0.00364	0.00318
22	0.01569	0.00971	0.01098	0.00842	0.01153	0.01028	0.00696	0.58798	0.01631	0.26442	0.01119	0.01057	0.00756	0.00475	0.00393	0.00119	0.00403	0.00365	0.00420	0.00667
23	0.00478	0.00341	0.00455	0.00546	0.00569	0.00318	0.00364	0.00546	0.00751	0.01001	0.02161	0.85966	0.02593	0.01228	0.00500	0.00159	0.00227	0.01114	0.00364	0.00318
24	0.00568	0.00404	0.00503	0.00480	0.00577	0.00367	0.00355	0.00721	0.01026	0.03582	0.59041	0.06452	0.18036	0.05500	0.00546	0.00140	0.00204	0.00731	0.00407	0.00361
25	0.01254	0.00981	0.01043	0.00854	0.01126	0.01105	0.00688	0.45563	0.39135	0.02089	0.01242	0.01181	0.00910	0.00499	0.00395	0.00125	0.00376	0.00394	0.00395	0.00646
26	0.01025	0.00463	0.00530	0.00467	0.00621	0.00441	0.00366	0.03028	0.00926	0.23744	0.01343	0.01416	0.00988	0.00465	0.00309	0.00100	0.00229	0.00373	0.62712	0.00454
27	0.01464	0.01868	0.01111	0.01010	0.01212	0.84648	0.00757	0.01565	0.01111	0.00959	0.00606	0.00707	0.00505	0.00404	0.00353	0.00101	0.00707	0.00252	0.00202	0.00454
28	0.00483	0.00387	0.00435	0.00468	0.00567	0.00339	0.00347	0.00582	0.00856	0.01054	0.03305	0.25835	0.54148	0.01064	0.00481	0.00144	0.00222	0.08586	0.00364	0.00330
29	0.21007	0.00723	0.00858	0.00674	0.00965	0.00696	0.00557	0.08355	0.01081	0.59175	0.01276	0.01148	0.00825	0.00457	0.00361	0.00121	0.00335	0.00351	0.00424	0.00614
30	0.02675	0.00974	0.03258	0.01472	0.04019	0.00942	0.60891	0.01156	0.00871	0.01214	0.00893	0.07785	0.00776	0.00455	0.00541	0.00138	0.08980	0.02249	0.00213	0.00500
31	0.00653	0.00430	0.00532	0.00494	0.00609	0.00399	0.00374	0.00856	0.03817	0.06985	0.58045	0.02747	0.13157	0.00764	0.00439	0.00122	0.00201	0.00663	0.08321	0.00393
32	0.12298	0.07337	0.01301	0.08015	0.33166	0.04366	0.03977	0.03951	0.06376	0.12821	0.02192	0.01014	0.00711	0.00397	0.00364	0.00118	0.00429	0.00340	0.00261	0.00566
33	0.00905	0.00773	0.01811	0.03663	0.09736	0.00686	0.03337	0.04493	0.03286	0.04916	0.00773	0.00919	0.00628	0.01483	0.00413	0.00089	0.06188	0.00287	0.00243	0.55371
34	0.75684	0.02156	0.00666	0.01673	0.02430	0.06342	0.00481	0.01177	0.00715	0.02535	0.00609	0.00766	0.00493	0.00388	0.00265	0.00121	0.00339	0.02484	0.00243	0.00432
35	0.02359	0.03325	0.03157	0.01683	0.40279	0.02633	0.09643	0.07768	0.14143	0.01387	0.00864	0.01023	0.00693	0.00421	0.00479	0.00125	0.08826	0.00367	0.00240	0.00585
36	0.00502	0.00389	0.00444	0.00465	0.00548	0.00351	0.00329	0.00610	0.02252	0.01083	0.12704	0.26036	0.39883	0.10554	0.00645	0.00167	0.00230	0.02124	0.00359	0.00327
37	0.00616	0.00460	0.00586	0.00624	0.00725	0.00457	0.00509	0.00866	0.08881	0.01267	0.17638	0.12203	0.11940	0.00971	0.00495	0.00156	0.00287	0.39134	0.01803	0.00380
38	0.00564	0.00419	0.00625	0.00625	0.00695	0.00487	0.00486	0.00704	0.00634	0.00921	0.01055	0.01539	0.00981	0.02890	0.82945	0.00619	0.01032	0.00419	0.02011	0.00350
39	0.01048	0.86458	0.02054	0.00671	0.01006	0.01551	0.00671	0.01174	0.00797	0.00922	0.00545	0.00629	0.00503	0.00335	0.00252	0.00084	0.00419	0.00210	0.00168	0.00503
40	0.00832	0.00696	0.00815	0.00583	0.00930	0.00524	0.00467	0.01005	0.00819	0.02908	0.00714	0.00823	0.00588	0.00294	0.00292	0.00059	0.00291	0.00235	0.00237	0.86886
41	0.00570	0.00380	0.00428	0.00428	0.00428	0.00380	0.00238	0.00570	0.00570	0.00760	0.01235	0.02566	0.01425	0.86222	0.01995	0.00380	0.00380	0.00570	0.00238	0.00238
42	0.01222	0.00653	0.00806	0.00676	0.00902	0.00644	0.00538	0.01668	0.25640	0.38649	0.22187	0.01774	0.01724	0.00579	0.00413	0.00125	0.00289	0.00488	0.00446	0.00578
43	0.88991	0.00758	0.00576	0.00516	0.00758	0.00879	0.00425	0.01152	0.00667	0.01759	0.00546	0.00637	0.00425	0.00364	0.00243	0.00121	0.00303	0.00212	0.00243	0.00425
44	0.00975	0.00842	0.00886	0.00798	0.01019	0.00975	0.00621	0.02083	0.83069	0.01640	0.01596	0.01463	0.01197	0.00532	0.00399	0.00133	0.00310	0.00443	0.00399	0.00621
45	0.88991	0.00758	0.00576	0.00516	0.00758	0.00879	0.00425	0.01152	0.00667	0.01759	0.00546	0.00637	0.00425	0.00364	0.00243	0.00121	0.00303	0.00212	0.00243	0.00425
46	0.01505	0.01074	0.01162	0.00891	0.01204	0.01180	0.00736	0.77947	0.01803	0.07051	0.00975	0.00963	0.00684	0.00471	0.00392	0.00118	0.00426	0.00355	0.00397	0.00667
47	0.00570	0.00380	0.00428	0.00428	0.00428	0.00380	0.00238	0.00570	0.00570	0.00760	0.01235	0.02566	0.01425	0.86222	0.01995	0.00380	0.00380	0.00570	0.00238	0.00238
48	0.00529	0.00358	0.00479	0.00560	0.00596	0.00334	0.00385	0.00606	0.00771	0.03806	0.02136	0.78872	0.02521	0.01196	0.00499	0.00159	0.00238	0.05256	0.00368	0.00332
49	0.00611	0.00445	0.00556	0.00524	0.00628	0.00437	0.00396	0.02567	0.07161	0.01520	0.61626	0.05437	0.05307	0.00895	0.05175	0.00152	0.00250	0.00663	0.05259	0.00391
50	0.01671	0.00696	0.00914	0.00713	0.01008	0.00634	0.00585	0.04017	0.09595	0.73431	0.01536	0.01337	0.00986	0.00490	0.00395	0.00122	0.00334	0.00398	0.00474	0.00662
51	0.47602	0.00722	0.00739	0.00605	0.00877	0.00746	0.00499	0.02815	0.00895	0.39479	0.01011	0.00961	0.00679	0.00421	0.00315	0.00121	0.00319	0.00298	0.00356	0.00540
52	0.30025	0.00749	0.00834	0.00663	0.00948	0.00752	0.00548	0.11440	0.01062	0.47454	0.01149	0.01060	0.00757	0.00444	0.00345	0.00121	0.00336	0.00330	0.00395	0.00588
53	0.00921	0.01013	0.07699	0.00956	0.02822	0.14163	0.00794	0.01046	0.00725	0.03850	0.00708	0.01063	0.00657	0.06978	0.12217	0.00230	0.43176	0.00353	0.00197	0.00433
54	0.00564	0.00394	0.00502	0.00504	0.00530	0.00419	0.00332	0.00617	0.00596	0.00820	0.01188	0.04006	0.01289	0.54155	0.31962	0.00466	0.00620	0.00527	0.00230	0.00280
55	0.82813	0.00797	0.01561	0.00590	0.01701	0.01812	0.03542	0.01162	0.00686	0.01720	0.00560	0.00659	0.00435	0.00363	0.00255	0.00121	0.00326	0.00224	0.00239	0.00433
56	0.26792	0.00735	0.00834	0.00662	0.00946	0.00729	0.00546	0.10389	0.01064	0.50247	0.01189	0.01093	0.00781	0.00448	0.00349	0.00120	0.00333	0.00337	0.01811	0.00593
57	0.00594	0.00437	0.00548	0.00582	0.00650	0.00435	0.00423	0.06647	0.00850	0.01950	0.02169	0.51371	0.13250	0.04059	0.05046	0.00187	0.02643	0.07457	0.00349	0.00355
58	0.00871	0.00598	0.00705	0.00608	0.00798	0.00589	0.00473	0.02415	0.23067	0.11333	0.33667	0.01928	0.02049	0.00593	0.00400	0.00114	0.00254	0.00506	0.06511	0.12520
59	0.00526	0.00398	0.00457	0.00462	0.00542	0.00369	0.00327	0.00629	0.01877	0.01067	0.15618	0.09429	0.34977	0.23315	0.03705	0.00217	0.00285	0.05144	0.00337	0.00318
60	0.88991	0.00758	0.00576	0.00516	0.00758	0.00879	0.00425	0.01152	0.00667	0.01759	0.00546	0.00637	0.00425	0.00364	0.00243	0.00121	0.00303	0.00212	0.00243	0.00425
61	0.01465	0.01070	0.01151	0.00890	0.01197	0.01183	0.00733	0.75192	0.06940	0.04660	0.00999	0.00985	0.00708	0.00475	0.00393	0.00119	0.00421	0.00360	0.00395	0.00664
62	0.01039	0.83581	0.04854	0.00686	0.01030	0.01529	0.00697	0.01176	0.00798	0.00933	0.00550	0.00636	0.00503	0.00337	0.00256	0.00085	0.00425	0.00212	0.00168	0.00506
63	0.00464	0.00396	0.00398	0.00400	0.00530	0.00331	0.00299	0.00562	0.00890	0.01058	0.03932	0.05563	0.81853	0.00998	0.00464	0.00133	0.00199	0.00834	0.00364	0.00331
64	0.01039	0.83581	0.04854	0.00686	0.01030	0.01529	0.00697	0.01176	0.00798	0.00933	0.00550	0.00636	0.00503	0.00337	0.00256	0.00085	0.00425	0.00212	0.00168	0.00506
65	0.38026	0.00571	0.00553	0.00501	0.00666	0.00600	0.00385	0.00960	0.00829	0.07070	0.24327	0.01838	0.08019	0.12204	0.00571	0.00157	0.00274	0.00461	0.00321	0.01668
66	0.00726	0.00677	0.01137	0.80663	0.02584	0.00841	0.01049	0.00977	0.00782	0.01002	0.00777	0.05672	0.00635	0.00438	0.00398	0.00132	0.00507	0.00390	0.00185	0.00429
67	0.00817	0.00583	0.00788	0.00745	0.00911	0.00573	0.04683	0.07153	0.06600	0.07609	0.05401	0.06661	0.04881	0.00848	0.00479	0.00151	0.00351	0.43465	0.00361	0.06941
68	0.00475	0.00371	0.00431	0.00472	0.00551	0.00327	0.00333	0.00564	0.00837	0.01057	0.07124	0.42639	0.41237	0.01095	0.00481	0.00145	0.00212	0.00957	0.00367	0.00327
69	0.00863	0.00819	0.01269	0.55790	0.21752	0.03888	0.01077	0.05132	0.01999	0.01147	0.00724	0.01013	0.00562	0.00393	0.00406	0.00126	0.02006	0.00347	0.00194	0.00494
70	0.88991	0.00758	0.00576	0.00516	0.00758	0.00879	0.00425	0.01152	0.00667	0.01759	0.00546	0.00637	0.00425	0.00364	0.00243	0.00121	0.00303	0.00212	0.00243	0.00425
71	0.00962	0.00935	0.01504	0.04369	0.72133	0.03461	0.01137	0.01202	0.02746	0.01254	0.00833	0.01048	0.02905	0.00386	0.00421	0.00119	0.03426	0.00361	0.00202	0.00596
72	0.61085	0.07810	0.00830	0.00660	0.03018	0.07474	0.00526	0.08179	0.02937	0.03536	0.00639	0.00713	0.00495	0.00381	0.00276	0.00117	0.00360	0.00241	0.00254	0.00470
73	0.04817	0.07741	0.02166	0.01119	0.18107	0.07010	0.03283	0.14990	0.02691	0.14270	0.00927	0.04269	0.00734	0.00432	0.00385	0.00109	0.02591	0.00350	0.00289	0.13719

[dist]
# distance from previous block
# <min> <max>
0	30

[block]
# block no. 9 follows, 69 sequences, length 58
# corresponding to MSA columns:
# 393-450
name=unknown_J
#
# <colnr> <probs for GDERKNQSTAVLIFYWHMCP>
#	G	D	E	R	K	N	Q	S	T	A	V	L	I	F	Y	W	H	M	C	P
0	0.02819	0.01841	0.02259	0.08907	0.12684	0.07694	0.20851	0.08011	0.00984	0.06593	0.03404	0.01175	0.02021	0.00422	0.00401	0.00118	0.02237	0.00388	0.16686	0.00505
1	0.02880	0.07400	0.01115	0.08550	0.01271	0.42148	0.00737	0.05796	0.23766	0.01242	0.00900	0.00952	0.00705	0.00436	0.00362	0.00113	0.00538	0.00315	0.00262	0.00513
