[name]
unknown

[dist]
# distance from previous block
# <min> <max>
0	90

[block]
# block no. 0 follows, 62 sequences, length 6
# corresponding to MSA columns:
# 112-117
name=unknown_A
#
# <colnr> <probs for GDERKNQSTAVLIFYWHMCP>
#	G	D	E	R	K	N	Q	S	T	A	V	L	I	F	Y	W	H	M	C	P
0	0.00571	0.00457	0.00570	0.08332	0.00825	0.00448	0.00448	0.00691	0.00868	0.01102	0.06248	0.13893	0.37531	0.11609	0.11681	0.00253	0.00404	0.03366	0.00340	0.00361
1	0.01052	0.10377	0.19015	0.03009	0.06231	0.07755	0.03965	0.10250	0.12763	0.03289	0.04004	0.03703	0.08211	0.00547	0.00435	0.00130	0.02193	0.00441	0.00295	0.02334
2	0.00545	0.00441	0.00493	0.00493	0.00622	0.00376	0.00361	0.00663	0.00960	0.01222	0.13412	0.21208	0.49530	0.01054	0.00498	0.00143	0.00227	0.00904	0.00394	0.06453
3	0.00925	0.03082	0.03815	0.03083	0.06199	0.00770	0.03183	0.09534	0.12219	0.01513	0.05779	0.10540	0.01269	0.03130	0.01975	0.00136	0.00387	0.03759	0.00319	0.28381
4	0.13118	0.11747	0.05891	0.15469	0.05516	0.10666	0.03290	0.06413	0.03022	0.05790	0.00888	0.02703	0.00731	0.02243	0.10590	0.00199	0.00586	0.00362	0.00253	0.00522
5	0.01102	0.05896	0.01602	0.04861	0.35563	0.03912	0.12288	0.11138	0.03861	0.03593	0.01099	0.03401	0.05229	0.00477	0.00453	0.00130	0.02469	0.00437	0.00267	0.02224

[dist]
# distance from previous block
# <min> <max>
0	8

[block]
# block no. 1 follows, 62 sequences, length 8
# corresponding to MSA columns:
# 126-133
name=unknown_B
#
# <colnr> <probs for GDERKNQSTAVLIFYWHMCP>
#	G	D	E	R	K	N	Q	S	T	A	V	L	I	F	Y	W	H	M	C	P
0	0.07133	0.04682	0.03353	0.00754	0.04658	0.02457	0.00576	0.05710	0.14102	0.04172	0.27004	0.07209	0.09823	0.00725	0.00443	0.00135	0.00311	0.02180	0.04074	0.00499
1	0.00738	0.00575	0.00643	0.00610	0.00753	0.00587	0.00458	0.05605	0.19652	0.01520	0.21964	0.14618	0.21998	0.03386	0.00527	0.00151	0.00264	0.00753	0.04738	0.00460
2	0.00930	0.00760	0.00982	0.07161	0.14968	0.00810	0.00714	0.14987	0.14750	0.01578	0.10034	0.11510	0.08466	0.07705	0.02588	0.00175	0.00396	0.00600	0.00352	0.00533
3	0.00531	0.00425	0.00475	0.00477	0.00596	0.00369	0.00352	0.00661	0.01016	0.01293	0.25088	0.12661	0.52459	0.01050	0.00507	0.00144	0.00215	0.00897	0.00415	0.00369
4	0.88052	0.00823	0.00625	0.00560	0.00823	0.00955	0.00461	0.01251	0.00724	0.01909	0.00592	0.00691	0.00461	0.00395	0.00263	0.00132	0.00329	0.00230	0.00263	0.00461
5	0.00804	0.00756	0.01276	0.84023	0.02931	0.00945	0.01182	0.01087	0.00851	0.01087	0.00756	0.01134	0.00567	0.00425	0.00425	0.00142	0.00567	0.00378	0.00189	0.00473
6	0.01618	0.01192	0.01277	0.00979	0.01320	0.01320	0.00809	0.80973	0.02001	0.02682	0.01022	0.01022	0.00724	0.00511	0.00426	0.00128	0.00468	0.00383	0.00426	0.00724
7	0.06266	0.00946	0.01313	0.38181	0.15471	0.01080	0.01037	0.27485	0.01242	0.01712	0.00841	0.01058	0.00630	0.00444	0.00415	0.00134	0.00510	0.00371	0.00275	0.00588

[dist]
# distance from previous block
# <min> <max>
0	2

[block]
# block no. 2 follows, 62 sequences, length 22
# corresponding to MSA columns:
# 136-157
name=unknown_C
#
# <colnr> <probs for GDERKNQSTAVLIFYWHMCP>
#	G	D	E	R	K	N	Q	S	T	A	V	L	I	F	Y	W	H	M	C	P
0	0.04259	0.01149	0.01426	0.01298	0.13420	0.07442	0.10359	0.38580	0.03738	0.06670	0.00983	0.02463	0.00747	0.00493	0.00480	0.00133	0.04969	0.00402	0.00340	0.00651
1	0.00928	0.00645	0.00535	0.00511	0.00634	0.11777	0.00386	0.03636	0.00971	0.01547	0.01276	0.01456	0.01005	0.00488	0.00313	0.00101	0.00285	0.00379	0.72705	0.00420
2	0.01204	0.69348	0.04547	0.00791	0.01151	0.07070	0.00768	0.08746	0.00994	0.01171	0.00641	0.00726	0.00563	0.00384	0.00299	0.00097	0.00482	0.00248	0.00207	0.00562
3	0.00530	0.00424	0.00469	0.00474	0.00589	0.00368	0.00346	0.00649	0.00986	0.01245	0.20118	0.14044	0.52980	0.04163	0.00569	0.00155	0.00224	0.00900	0.00405	0.00363
4	0.00911	0.00750	0.01093	0.12775	0.20026	0.02223	0.04597	0.01227	0.09597	0.08081	0.16166	0.03142	0.15266	0.00648	0.00459	0.00137	0.00391	0.01640	0.00340	0.00532
5	0.00520	0.00391	0.00479	0.00542	0.00602	0.00354	0.00371	0.00606	0.00866	0.01119	0.05897	0.57116	0.24504	0.03808	0.00580	0.00171	0.00242	0.01090	0.00394	0.00349
6	0.03766	0.07437	0.01299	0.05504	0.05532	0.22781	0.07468	0.12641	0.11808	0.04253	0.03619	0.04399	0.03595	0.00525	0.00432	0.00127	0.02093	0.00421	0.00303	0.01998
7	0.30766	0.07083	0.30727	0.00872	0.01276	0.07529	0.00924	0.04920	0.00902	0.01540	0.00714	0.00864	0.00559	0.02957	0.00393	0.00132	0.00489	0.00284	0.00230	0.06839
8	0.03273	0.03558	0.00879	0.00726	0.02829	0.06313	0.00549	0.06905	0.02530	0.09589	0.06804	0.17455	0.06466	0.00650	0.00409	0.00114	0.00345	0.00546	0.00341	0.29718
9	0.01062	0.74919	0.02017	0.00711	0.01034	0.01520	0.00687	0.01191	0.00858	0.01011	0.00806	0.10962	0.00823	0.00483	0.00306	0.00101	0.00430	0.00348	0.00208	0.00522
10	0.00564	0.00429	0.00470	0.00460	0.00586	0.00376	0.00345	0.00710	0.01035	0.01369	0.28310	0.03548	0.49383	0.00952	0.00481	0.00136	0.00209	0.00806	0.09453	0.00376
11	0.01618	0.01192	0.01277	0.00979	0.01320	0.01320	0.00809	0.80973	0.02001	0.02682	0.01022	0.01022	0.00724	0.00511	0.00426	0.00128	0.00468	0.00383	0.00426	0.00724
12	0.06200	0.01023	0.01073	0.00895	0.01178	0.01160	0.00717	0.34623	0.44262	0.02159	0.01375	0.01304	0.01015	0.00540	0.00420	0.00137	0.00390	0.00427	0.00420	0.00682
13	0.00757	0.00646	0.00966	0.05780	0.26219	0.00643	0.00730	0.00994	0.04390	0.01428	0.30420	0.10040	0.09259	0.02945	0.02779	0.00159	0.00358	0.00655	0.00346	0.00488
14	0.00931	0.00931	0.01303	0.01117	0.01117	0.01303	0.00931	0.01024	0.00652	0.01024	0.00559	0.00931	0.00559	0.00745	0.01396	0.00186	0.84267	0.00372	0.00186	0.00465
15	0.00886	0.00445	0.00487	0.00470	0.00588	0.00436	0.00354	0.03163	0.00943	0.09138	0.01523	0.11728	0.01288	0.00601	0.00343	0.00112	0.00227	0.00499	0.66341	0.00430
16	0.00935	0.01685	0.47789	0.02605	0.09507	0.02086	0.15439	0.03753	0.00967	0.02766	0.03317	0.01099	0.01833	0.00477	0.01819	0.00145	0.02574	0.00384	0.00216	0.00605
17	0.00799	0.00583	0.00668	0.00717	0.00786	0.00519	0.00478	0.00802	0.00979	0.01301	0.02762	0.50446	0.18780	0.15349	0.00908	0.00251	0.00362	0.02591	0.00451	0.00469
18	0.08625	0.04060	0.05986	0.02906	0.04259	0.07327	0.02645	0.12479	0.11530	0.03439	0.04988	0.04163	0.03638	0.03894	0.09070	0.01408	0.04427	0.00446	0.04182	0.00527
19	0.00628	0.00484	0.00606	0.03669	0.00786	0.00469	0.00473	0.00844	0.07711	0.01264	0.13171	0.35029	0.13188	0.04907	0.00586	0.00168	0.00284	0.10143	0.00386	0.05204
20	0.04817	0.10951	0.00874	0.00679	0.03266	0.00728	0.00517	0.07511	0.08702	0.03645	0.21623	0.12950	0.20498	0.00812	0.00451	0.00136	0.00295	0.00685	0.00385	0.00474
21	0.01027	0.05452	0.15501	0.05459	0.05039	0.04676	0.10712	0.08866	0.19679	0.02631	0.01185	0.01329	0.04060	0.02600	0.02827	0.05833	0.01847	0.00423	0.00286	0.00569

[dist]
# distance from previous block
# <min> <max>
1	9

[block]
# block no. 3 follows, 62 sequences, length 25
# corresponding to MSA columns:
# 167-191
name=unknown_D
#
# <colnr> <probs for GDERKNQSTAVLIFYWHMCP>
#	G	D	E	R	K	N	Q	S	T	A	V	L	I	F	Y	W	H	M	C	P
0	0.03040	0.00909	0.01254	0.39020	0.09379	0.06216	0.04759	0.09790	0.08327	0.01388	0.01000	0.03385	0.00829	0.00586	0.02998	0.00156	0.00542	0.04491	0.00261	0.01670
1	0.01015	0.16751	0.25067	0.02922	0.17187	0.04978	0.04435	0.04074	0.02863	0.03230	0.00858	0.01128	0.00717	0.05547	0.04571	0.00169	0.02391	0.01298	0.00222	0.00577
2	0.00638	0.00509	0.00684	0.02698	0.04680	0.02255	0.00528	0.00774	0.00842	0.01147	0.12689	0.21570	0.07270	0.06636	0.29156	0.00352	0.02587	0.04281	0.00317	0.00388
3	0.00532	0.00395	0.00488	0.00544	0.00601	0.00363	0.00372	0.00620	0.00862	0.01126	0.08913	0.51348	0.20862	0.07835	0.02901	0.00196	0.00273	0.01038	0.00385	0.00347
4	0.01143	0.01190	0.01080	0.00944	0.01136	0.31166	0.07888	0.10614	0.04129	0.01324	0.04297	0.07024	0.01097	0.05789	0.14264	0.00235	0.00667	0.02009	0.03520	0.00483
5	0.00533	0.00417	0.00483	0.00499	0.00601	0.00367	0.00362	0.00657	0.00994	0.01282	0.24552	0.23885	0.41678	0.01086	0.00513	0.00148	0.00219	0.00941	0.00415	0.00367
6	0.00882	0.00786	0.01016	0.01204	0.22292	0.02525	0.00739	0.01382	0.26045	0.01500	0.17211	0.03298	0.12612	0.02660	0.00533	0.00145	0.03692	0.00571	0.00357	0.00552
7	0.01090	0.73533	0.01976	0.00682	0.01009	0.01505	0.00668	0.01235	0.00868	0.01082	0.00702	0.00808	0.00622	0.00382	0.00276	0.00092	0.00419	0.00251	0.12273	0.00525
8	0.00787	0.00699	0.00905	0.07399	0.15843	0.04629	0.00697	0.03867	0.05311	0.01260	0.03894	0.28021	0.14116	0.02531	0.00560	0.00157	0.04295	0.04238	0.00329	0.00463
9	0.13599	0.01141	0.01187	0.00921	0.01251	0.01269	0.00761	0.69922	0.01824	0.02575	0.00962	0.00976	0.00687	0.00495	0.00403	0.00128	0.00449	0.00362	0.00403	0.00687
10	0.01246	0.00994	0.01261	0.35956	0.01987	0.01149	0.00959	0.43287	0.05596	0.01964	0.00946	0.01098	0.00687	0.00478	0.00426	0.00134	0.00503	0.00386	0.00326	0.00615
11	0.01567	0.01990	0.01209	0.01097	0.01309	0.80487	0.00826	0.01676	0.01187	0.01041	0.00654	0.00773	0.00548	0.00449	0.00419	0.00112	0.03670	0.00277	0.00218	0.00492
12	0.88052	0.00823	0.00625	0.00560	0.00823	0.00955	0.00461	0.01251	0.00724	0.01909	0.00592	0.00691	0.00461	0.00395	0.00263	0.00132	0.00329	0.00230	0.00263	0.00461
13	0.00960	0.00817	0.00875	0.00805	0.01014	0.00928	0.00618	0.01958	0.66481	0.01679	0.05301	0.10195	0.05139	0.00688	0.00450	0.00147	0.00317	0.00585	0.00429	0.00615
14	0.00716	0.00557	0.00774	0.00931	0.15512	0.00583	0.00539	0.00859	0.04592	0.01015	0.01210	0.02129	0.01253	0.44760	0.22382	0.00416	0.00610	0.00527	0.00250	0.00385
15	0.00545	0.00429	0.00492	0.00485	0.00603	0.00376	0.00360	0.00688	0.01056	0.01374	0.36181	0.09125	0.44753	0.01009	0.00505	0.00142	0.00212	0.00866	0.00425	0.00376
16	0.01589	0.02028	0.01206	0.01096	0.01315	0.83338	0.00822	0.01699	0.01206	0.01041	0.00658	0.00767	0.00548	0.00438	0.00384	0.00110	0.00767	0.00274	0.00219	0.00493
17	0.60916	0.21667	0.01062	0.00632	0.00922	0.03178	0.00550	0.04595	0.00824	0.01696	0.00612	0.00705	0.00495	0.00393	0.00275	0.00121	0.00377	0.00237	0.00249	0.00494
18	0.01069	0.05181	0.39063	0.01065	0.01482	0.20042	0.04009	0.08227	0.01087	0.01390	0.05608	0.02514	0.04732	0.00494	0.00410	0.00127	0.00584	0.00384	0.01966	0.00565
19	0.00835	0.00792	0.01059	0.28319	0.16449	0.08209	0.00865	0.02879	0.00937	0.01191	0.03077	0.21464	0.08700	0.00773	0.02452	0.00156	0.00469	0.00626	0.00276	0.00473
20	0.00600	0.00449	0.00555	0.00599	0.00679	0.00435	0.00435	0.00815	0.08234	0.01289	0.15833	0.44400	0.12983	0.01121	0.00519	0.00160	0.00255	0.07772	0.02475	0.00392
21	0.35000	0.04474	0.02409	0.04687	0.01012	0.10035	0.00591	0.09628	0.01043	0.01700	0.16396	0.01567	0.06646	0.00569	0.00375	0.00131	0.00385	0.02554	0.00318	0.00480
22	0.03521	0.01164	0.01488	0.18715	0.45527	0.18108	0.01149	0.01336	0.00981	0.01263	0.00751	0.00998	0.00618	0.00409	0.00430	0.00127	0.02269	0.00353	0.00209	0.00585
23	0.25890	0.06743	0.04546	0.09357	0.25681	0.03950	0.05611	0.01292	0.04767	0.01487	0.03641	0.03660	0.00796	0.00446	0.00376	0.00130	0.00458	0.00372	0.00246	0.00551
24	0.01284	0.25176	0.08889	0.01045	0.07303	0.20258	0.00863	0.15070	0.08281	0.03312	0.00927	0.00988	0.02588	0.00450	0.00371	0.00115	0.00529	0.00327	0.00270	0.01955

[dist]
# distance from previous block
# <min> <max>
0	2

[block]
# block no. 4 follows, 62 sequences, length 14
# corresponding to MSA columns:
# 194-207
name=unknown_E
#
# <colnr> <probs for GDERKNQSTAVLIFYWHMCP>
#	G	D	E	R	K	N	Q	S	T	A	V	L	I	F	Y	W	H	M	C	P
0	0.00786	0.00558	0.00775	0.07471	0.02261	0.00598	0.03399	0.02603	0.03102	0.05709	0.10431	0.01971	0.10725	0.01404	0.25014	0.00294	0.03984	0.00518	0.17956	0.00439
1	0.00631	0.00491	0.00608	0.07985	0.00857	0.00481	0.00470	0.06069	0.00989	0.01283	0.12886	0.31095	0.27073	0.05025	0.00585	0.00165	0.00285	0.02249	0.00382	0.00390
2	0.00524	0.00378	0.00497	0.00582	0.00617	0.00350	0.00393	0.00609	0.00850	0.01135	0.08387	0.75457	0.06070	0.01288	0.00538	0.00169	0.00242	0.01164	0.00400	0.00350
3	0.00902	0.00848	0.01447	0.28316	0.41510	0.00917	0.03853	0.01153	0.00888	0.01230	0.00841	0.01179	0.00700	0.00832	0.13373	0.00219	0.00631	0.00395	0.00207	0.00560
4	0.01491	0.05630	0.01274	0.01026	0.01299	0.44262	0.02700	0.24146	0.08264	0.01587	0.00858	0.00918	0.00667	0.00461	0.00395	0.00116	0.00614	0.00325	0.00295	0.03673
5	0.82250	0.00904	0.00664	0.00596	0.00856	0.06483	0.00485	0.01281	0.00756	0.01851	0.00597	0.00696	0.00467	0.00398	0.00271	0.00130	0.00359	0.00233	0.00260	0.00463
6	0.01138	0.85302	0.02230	0.00728	0.01092	0.01684	0.00728	0.01274	0.00865	0.01001	0.00592	0.00683	0.00546	0.00364	0.00273	0.00091	0.00455	0.00228	0.00182	0.00546
7	0.00939	0.01085	0.11976	0.23380	0.35816	0.04838	0.01173	0.01234	0.02490	0.01321	0.09121	0.01266	0.00974	0.00458	0.00446	0.00133	0.02136	0.00407	0.00232	0.00575
8	0.00539	0.00414	0.00493	0.00512	0.00607	0.00368	0.00369	0.00666	0.00997	0.01306	0.28207	0.28050	0.33761	0.01089	0.00515	0.00149	0.00220	0.00951	0.00418	0.00368
9	0.05508	0.02997	0.00900	0.00742	0.00948	0.03794	0.02797	0.16946	0.08928	0.09206	0.29322	0.09412	0.04232	0.00723	0.00456	0.00136	0.00337	0.01669	0.00418	0.00529
10	0.00599	0.00410	0.00482	0.00507	0.00524	0.00403	0.00314	0.00630	0.00693	0.00916	0.01709	0.18389	0.05138	0.60518	0.01692	0.00343	0.00372	0.05776	0.00298	0.00287
11	0.44326	0.00773	0.00809	0.00660	0.00957	0.00787	0.00544	0.01668	0.00975	0.42912	0.01144	0.01076	0.00762	0.00462	0.00347	0.00132	0.00346	0.00331	0.00397	0.00594
12	0.01138	0.01171	0.14292	0.08888	0.41274	0.00993	0.07177	0.08374	0.01068	0.10158	0.00909	0.01082	0.00687	0.00413	0.00426	0.00131	0.00527	0.00384	0.00257	0.00652
13	0.02860	0.01144	0.07405	0.02744	0.15036	0.01150	0.00913	0.37346	0.21624	0.03674	0.01143	0.01164	0.00844	0.00494	0.00422	0.00133	0.00451	0.00400	0.00367	0.00686

[dist]
# distance from previous block
# <min> <max>
0	1

[block]
# block no. 5 follows, 62 sequences, length 8
# corresponding to MSA columns:
# 209-216
name=unknown_F
#
# <colnr> <probs for GDERKNQSTAVLIFYWHMCP>
#	G	D	E	R	K	N	Q	S	T	A	V	L	I	F	Y	W	H	M	C	P
0	0.23966	0.00642	0.00607	0.00556	0.00730	0.02432	0.00432	0.08417	0.02444	0.03670	0.08338	0.07089	0.11298	0.02198	0.00401	0.00131	0.00286	0.00501	0.25414	0.00449
1	0.01281	0.01051	0.02947	0.02990	0.19890	0.01144	0.02613	0.33915	0.05048	0.05897	0.01017	0.01135	0.02332	0.00527	0.00587	0.00139	0.14396	0.00399	0.02049	0.00643
2	0.00594	0.00417	0.00539	0.00560	0.00589	0.00436	0.00373	0.00658	0.00680	0.00931	0.01486	0.19468	0.01658	0.41896	0.27378	0.00448	0.00607	0.00690	0.00277	0.00314
3	0.00636	0.00534	0.00739	0.00948	0.17595	0.00497	0.00560	0.00777	0.00956	0.01260	0.14067	0.27680	0.30183	0.00980	0.00498	0.00147	0.00283	0.00866	0.00367	0.00427
4	0.00608	0.00430	0.00504	0.00509	0.00551	0.00420	0.00326	0.00708	0.03720	0.01089	0.16907	0.15525	0.08137	0.47115	0.01418	0.00294	0.00330	0.00754	0.00335	0.00321
5	0.00982	0.00966	0.01450	0.32885	0.29348	0.07854	0.06978	0.04591	0.00991	0.01295	0.03670	0.05347	0.00846	0.00471	0.00435	0.00135	0.00541	0.00434	0.00231	0.00552
6	0.00625	0.00577	0.06384	0.00721	0.00835	0.00564	0.00604	0.00801	0.00699	0.01013	0.01114	0.01618	0.01027	0.02998	0.77604	0.00646	0.01104	0.00446	0.00225	0.00397
7	0.02861	0.05756	0.01077	0.00986	0.09544	0.05805	0.03423	0.09340	0.17823	0.05990	0.08241	0.08156	0.09509	0.02372	0.00515	0.00143	0.03949	0.02019	0.01944	0.00549

[dist]
# distance from previous block
# <min> <max>
6	83

[block]
# block no. 6 follows, 62 sequences, length 7
# corresponding to MSA columns:
# 305-311
name=unknown_G
#
# <colnr> <probs for GDERKNQSTAVLIFYWHMCP>
#	G	D	E	R	K	N	Q	S	T	A	V	L	I	F	Y	W	H	M	C	P
0	0.00780	0.00637	0.00643	0.00610	0.00662	0.08297	0.00407	0.05922	0.00780	0.01001	0.01250	0.06000	0.01369	0.56070	0.10284	0.00375	0.03740	0.00571	0.00265	0.00335
1	0.01208	0.68028	0.04832	0.00842	0.04708	0.01528	0.00778	0.05055	0.00952	0.07666	0.00714	0.00784	0.00600	0.00386	0.00304	0.00099	0.00456	0.00261	0.00222	0.00577
2	0.00957	0.14985	0.08267	0.18491	0.19821	0.06782	0.00981	0.04187	0.00928	0.01208	0.00923	0.08035	0.00840	0.00829	0.10795	0.00197	0.00595	0.00420	0.00225	0.00532
3	0.00610	0.00449	0.00651	0.00651	0.00715	0.00514	0.00490	0.00739	0.00674	0.00963	0.01170	0.01840	0.01137	0.15564	0.71087	0.00643	0.01030	0.00481	0.00232	0.00361
4	0.00617	0.00512	0.00646	0.06033	0.06337	0.00488	0.00498	0.00821	0.05032	0.01320	0.21574	0.11795	0.38740	0.00944	0.00495	0.00145	0.00269	0.02934	0.00388	0.00413
5	0.00661	0.00480	0.02430	0.00590	0.00700	0.00410	0.00445	0.00779	0.00920	0.07128	0.09354	0.40241	0.19618	0.04427	0.00579	0.00167	0.00274	0.07079	0.00395	0.03324
6	0.68485	0.00932	0.04192	0.00738	0.01036	0.00989	0.08369	0.05054	0.04050	0.01864	0.00691	0.00795	0.00528	0.00405	0.00307	0.00133	0.00386	0.00278	0.00270	0.00500

[dist]
# distance from previous block
# <min> <max>
0	1

[block]
# block no. 7 follows, 62 sequences, length 35
# corresponding to MSA columns:
# 313-347
name=unknown_H
#
# <colnr> <probs for GDERKNQSTAVLIFYWHMCP>
#	G	D	E	R	K	N	Q	S	T	A	V	L	I	F	Y	W	H	M	C	P
0	0.01043	0.05152	0.18799	0.11542	0.42518	0.08432	0.01262	0.01328	0.00954	0.02381	0.00773	0.00990	0.00619	0.00403	0.00426	0.00128	0.02078	0.00350	0.00205	0.00616
1	0.00856	0.05152	0.36714	0.01255	0.03479	0.00916	0.24113	0.01210	0.00935	0.01324	0.05603	0.12291	0.01076	0.00537	0.00449	0.00138	0.00561	0.00510	0.00238	0.02646
2	0.00518	0.00370	0.00494	0.00592	0.00617	0.00346	0.00395	0.00592	0.00815	0.01086	0.02345	0.84768	0.02814	0.01333	0.00543	0.00173	0.00247	0.01210	0.00395	0.00346
3	0.88052	0.00823	0.00625	0.00560	0.00823	0.00955	0.00461	0.01251	0.00724	0.01909	0.00592	0.00691	0.00461	0.00395	0.00263	0.00132	0.00329	0.00230	0.00263	0.00461
4	0.01380	0.01045	0.01081	0.00921	0.03156	0.07841	0.00717	0.32962	0.24111	0.11401	0.06676	0.01374	0.01140	0.00545	0.00425	0.00131	0.00417	0.00433	0.03588	0.00656
5	0.88052	0.00823	0.00625	0.00560	0.00823	0.00955	0.00461	0.01251	0.00724	0.01909	0.00592	0.00691	0.00461	0.00395	0.00263	0.00132	0.00329	0.00230	0.00263	0.00461
6	0.00931	0.00931	0.01303	0.01117	0.01117	0.01303	0.00931	0.01024	0.00652	0.01024	0.00559	0.00931	0.00559	0.00745	0.01396	0.00186	0.84267	0.00372	0.00186	0.00465
7	0.00608	0.00456	0.00684	0.00684	0.00760	0.00532	0.00532	0.00760	0.00684	0.00988	0.01140	0.01672	0.01064	0.03191	0.83360	0.00684	0.01140	0.00456	0.00228	0.00380
8	0.01909	0.00724	0.00987	0.00757	0.01086	0.00625	0.00625	0.02074	0.01218	0.82687	0.01679	0.01448	0.01053	0.00527	0.00428	0.00132	0.00362	0.00428	0.00527	0.00724
9	0.00745	0.02588	0.02578	0.00830	0.01039	0.00664	0.16152	0.01113	0.13519	0.01497	0.32351	0.05260	0.18387	0.00761	0.00486	0.00140	0.00341	0.00692	0.00385	0.00474
10	0.00602	0.00435	0.00569	0.00535	0.00636	0.00401	0.00401	0.00803	0.01204	0.01706	0.82167	0.03178	0.04015	0.00870	0.00502	0.00134	0.00201	0.00770	0.00468	0.00401
11	0.01041	0.01014	0.01656	0.12332	0.70159	0.03741	0.01275	0.01293	0.00963	0.01342	0.00790	0.01053	0.00657	0.00387	0.00420	0.00128	0.00522	0.00376	0.00208	0.00644
12	0.00900	0.03216	0.65228	0.08060	0.01894	0.04745	0.05108	0.01367	0.03164	0.01320	0.00787	0.00939	0.00568	0.00410	0.00408	0.00134	0.00623	0.00330	0.00191	0.00607
13	0.25698	0.00740	0.00866	0.00689	0.00992	0.00708	0.00568	0.01807	0.01069	0.57387	0.01368	0.01244	0.00891	0.00489	0.00378	0.00130	0.00347	0.00372	0.03618	0.00639
14	0.00777	0.00699	0.00978	0.16297	0.15069	0.00731	0.03341	0.01147	0.15459	0.01315	0.06089	0.02399	0.29719	0.03508	0.00517	0.00149	0.00374	0.00611	0.00326	0.00496
15	0.01311	0.27824	0.01542	0.09167	0.01387	0.42213	0.00838	0.01444	0.01014	0.01032	0.00638	0.00792	0.00550	0.00442	0.00446	0.00114	0.08263	0.00279	0.00202	0.00505
16	0.00972	0.00929	0.01581	0.28934	0.56701	0.00990	0.01266	0.01235	0.00931	0.01292	0.00786	0.01079	0.00639	0.00394	0.00423	0.00131	0.00525	0.00379	0.00204	0.00609
17	0.01970	0.07375	0.05406	0.07729	0.14181	0.00951	0.06769	0.10832	0.13268	0.03997	0.05386	0.10594	0.06777	0.00616	0.00459	0.00138	0.02130	0.00535	0.00320	0.00568
18	0.01136	0.00971	0.01005	0.00884	0.01136	0.02907	0.00693	0.11545	0.70443	0.01870	0.01624	0.01503	0.01214	0.00566	0.00431	0.00142	0.00362	0.00465	0.00427	0.00675
19	0.78961	0.00868	0.02510	0.00743	0.07585	0.00960	0.00555	0.01257	0.00748	0.01854	0.00613	0.00726	0.00480	0.00394	0.00279	0.00131	0.00350	0.00245	0.00257	0.00482
20	0.02268	0.21230	0.17858	0.04971	0.14970	0.01132	0.21351	0.01310	0.00952	0.04111	0.05276	0.01088	0.00800	0.00410	0.00406	0.00125	0.00550	0.00383	0.00224	0.00584
21	0.00945	0.00711	0.00905	0.00899	0.09899	0.00710	0.03192	0.11922	0.12049	0.08424	0.20512	0.02482	0.24111	0.00740	0.00468	0.00136	0.00323	0.00634	0.00406	0.00533
22	0.00771	0.00472	0.00603	0.00556	0.00668	0.00455	0.00421	0.00950	0.01088	0.09519	0.50812	0.05111	0.02929	0.04594	0.02251	0.00155	0.03158	0.00663	0.14397	0.00426
23	0.01909	0.00724	0.00987	0.00757	0.01086	0.00625	0.00625	0.02074	0.01218	0.82687	0.01679	0.01448	0.01053	0.00527	0.00428	0.00132	0.00362	0.00428	0.00527	0.00724
24	0.00581	0.00434	0.00539	0.00513	0.00622	0.00392	0.00385	0.00761	0.01154	0.01585	0.65267	0.03377	0.20990	0.00915	0.00502	0.00136	0.00204	0.00797	0.00452	0.00392
25	0.01053	0.01011	0.01727	0.02612	0.82392	0.01011	0.01306	0.01306	0.00969	0.01390	0.00800	0.01053	0.00674	0.00379	0.00421	0.00126	0.00505	0.00379	0.00211	0.00674
26	0.00547	0.00627	0.09546	0.00523	0.00718	0.00431	0.00465	0.00702	0.00974	0.01199	0.07822	0.03696	0.69271	0.00993	0.00492	0.00142	0.00260	0.00827	0.00375	0.00391
27	0.00619	0.00413	0.00464	0.00464	0.00464	0.00413	0.00258	0.00619	0.00619	0.00825	0.01341	0.02785	0.01547	0.85046	0.02166	0.00413	0.00413	0.00619	0.00258	0.00258
28	0.00971	0.00998	0.01332	0.01217	0.06876	0.07963	0.04782	0.01094	0.00739	0.01065	0.00646	0.00998	0.00612	0.00877	0.07974	0.00215	0.60587	0.00378	0.00195	0.00481
29	0.00952	0.00783	0.00981	0.00855	0.10006	0.00619	0.00599	0.01147	0.00908	0.05387	0.00807	0.00929	0.00656	0.00333	0.00332	0.00073	0.00338	0.00275	0.00261	0.73758
30	0.01140	0.01302	0.01945	0.04182	0.01875	0.19883	0.48175	0.01563	0.12880	0.01342	0.00939	0.01125	0.00717	0.00411	0.00462	0.00136	0.00668	0.00443	0.00247	0.00567
31	0.01060	0.01044	0.01658	0.11473	0.30062	0.06941	0.20809	0.09752	0.01091	0.01452	0.03751	0.05864	0.00913	0.00480	0.00452	0.00135	0.00553	0.01671	0.00255	0.00586
32	0.01344	0.01294	0.01119	0.01027	0.05957	0.33545	0.04049	0.09403	0.10015	0.11981	0.04108	0.01523	0.11657	0.00564	0.00426	0.00126	0.00529	0.00442	0.00334	0.00559
33	0.10320	0.48951	0.01787	0.00890	0.04587	0.07686	0.03512	0.10246	0.04690	0.02783	0.00734	0.00814	0.00609	0.00402	0.00322	0.00107	0.00471	0.00280	0.00240	0.00568
34	0.05457	0.54310	0.03597	0.00816	0.02306	0.07589	0.00744	0.10291	0.03906	0.04255	0.00775	0.02866	0.00665	0.00426	0.00321	0.00105	0.00466	0.00293	0.00243	0.00568

[dist]
# distance from previous block
# <min> <max>
2	27

[block]
# block no. 8 follows, 62 sequences, length 31
# corresponding to MSA columns:
# 375-405
name=unknown_I
#
# <colnr> <probs for GDERKNQSTAVLIFYWHMCP>
#	G	D	E	R	K	N	Q	S	T	A	V	L	I	F	Y	W	H	M	C	P
0	0.01088	0.01153	0.05346	0.02002	0.33338	0.03688	0.38544	0.04109	0.01034	0.04205	0.00860	0.01094	0.00666	0.00382	0.00458	0.00134	0.00612	0.00433	0.00230	0.00623
1	0.00581	0.00399	0.00485	0.00529	0.00542	0.00389	0.00330	0.00619	0.00712	0.00948	0.01782	0.35893	0.02094	0.47969	0.01449	0.00307	0.00345	0.04011	0.00318	0.00299
2	0.01110	0.06229	0.05485	0.28740	0.10664	0.24138	0.12275	0.01385	0.03732	0.01177	0.00772	0.01002	0.00607	0.00415	0.00414	0.00128	0.00626	0.00358	0.00211	0.00533
3	0.00933	0.02680	0.28979	0.13649	0.10755	0.01029	0.31521	0.01328	0.02514	0.01323	0.00820	0.01054	0.00613	0.00390	0.00445	0.00138	0.00632	0.00404	0.00203	0.00590
4	0.00853	0.02201	0.82841	0.01213	0.01842	0.00988	0.01572	0.01348	0.00898	0.01348	0.00764	0.00898	0.00539	0.00404	0.00404	0.00135	0.00629	0.00314	0.00180	0.00629
5	0.00827	0.00642	0.00744	0.00744	0.00888	0.00693	0.00582	0.05204	0.30630	0.01495	0.02008	0.24451	0.03208	0.00924	0.00493	0.00161	0.00323	0.19973	0.05512	0.00499
6	0.01211	0.17341	0.21893	0.01314	0.14332	0.25816	0.04328	0.04430	0.02106	0.02390	0.00745	0.00875	0.00593	0.00409	0.00382	0.00118	0.00608	0.00310	0.00216	0.00583
7	0.00516	0.00414	0.00462	0.00487	0.00593	0.00359	0.00351	0.00623	0.00946	0.01182	0.10821	0.27273	0.52214	0.01132	0.00514	0.00151	0.00223	0.00976	0.00402	0.00359
8	0.00518	0.00370	0.00494	0.00592	0.00617	0.00346	0.00395	0.00592	0.00815	0.01086	0.02345	0.84768	0.02814	0.01333	0.00543	0.00173	0.00247	0.01210	0.00395	0.00346
9	0.00627	0.00453	0.00613	0.00694	0.00778	0.00439	0.00569	0.00788	0.00958	0.01256	0.08918	0.23629	0.08094	0.01181	0.00564	0.00182	0.00330	0.49150	0.00399	0.00379
10	0.08433	0.01161	0.01278	0.11708	0.12311	0.08872	0.00896	0.46332	0.01539	0.02091	0.00890	0.00990	0.00659	0.00466	0.00408	0.00128	0.00502	0.00359	0.00334	0.00642
11	0.00536	0.00430	0.00481	0.00500	0.00614	0.00380	0.00370	0.00672	0.02431	0.01219	0.12920	0.20645	0.51583	0.01101	0.00514	0.00151	0.00230	0.04450	0.00404	0.00369
12	0.01195	0.17769	0.01715	0.01485	0.21474	0.20727	0.10815	0.04607	0.01002	0.01224	0.00705	0.00904	0.00600	0.00450	0.00544	0.00127	0.13543	0.00339	0.00213	0.00564
13	0.00931	0.00931	0.01303	0.01117	0.01117	0.01303	0.00931	0.01024	0.00652	0.01024	0.00559	0.00931	0.00559	0.00745	0.01396	0.00186	0.84267	0.00372	0.00186	0.00465
14	0.00923	0.05924	0.11098	0.03597	0.09679	0.00768	0.00762	0.02924	0.02952	0.01396	0.02634	0.00971	0.00713	0.00363	0.00348	0.00088	0.00391	0.00296	0.00246	0.53928
15	0.01569	0.01994	0.01209	0.01097	0.01309	0.80807	0.00825	0.01678	0.01189	0.01041	0.00655	0.00772	0.00548	0.00448	0.00415	0.00112	0.03343	0.00277	0.00218	0.00492
16	0.00507	0.00431	0.00437	0.00436	0.00577	0.00361	0.00327	0.00619	0.00980	0.01174	0.07786	0.04054	0.78728	0.01068	0.00503	0.00143	0.00215	0.00892	0.00398	0.00361
17	0.00597	0.00435	0.00562	0.00530	0.00633	0.00399	0.00398	0.00794	0.01193	0.01679	0.78386	0.03223	0.07813	0.00880	0.00502	0.00134	0.00201	0.00776	0.00465	0.00399
18	0.04979	0.01126	0.04337	0.18682	0.43925	0.10939	0.05928	0.02690	0.00980	0.01329	0.00771	0.01019	0.00622	0.00398	0.00415	0.00129	0.00558	0.00365	0.00213	0.00595
19	0.00600	0.00418	0.00514	0.00560	0.00588	0.00409	0.00363	0.03370	0.00782	0.01043	0.01899	0.47287	0.02231	0.34455	0.01183	0.00267	0.00324	0.03040	0.00342	0.00325
20	0.00577	0.00461	0.00580	0.00586	0.00668	0.00472	0.00437	0.00690	0.00856	0.01127	0.09564	0.20716	0.29979	0.05613	0.18068	0.00280	0.06747	0.01867	0.00344	0.00368
21	0.08114	0.48016	0.13547	0.00851	0.01221	0.05300	0.00852	0.11938	0.01018	0.01351	0.00676	0.00774	0.00563	0.00411	0.00362	0.00110	0.03836	0.00269	0.00223	0.00569
22	0.01152	0.00955	0.01167	0.19173	0.03347	0.04747	0.00865	0.13650	0.23570	0.08261	0.01112	0.01234	0.00847	0.01599	0.00630	0.00149	0.16219	0.00409	0.00323	0.00589
23	0.00615	0.00426	0.00531	0.00531	0.00554	0.00449	0.00341	0.00662	0.00639	0.00875	0.01280	0.02446	0.01400	0.60150	0.26861	0.00495	0.00634	0.00569	0.00249	0.00295
24	0.00641	0.00535	0.00576	0.00557	0.00680	0.04134	0.00415	0.00872	0.07108	0.01450	0.40621	0.10530	0.28424	0.00936	0.00495	0.00140	0.00245	0.00806	0.00425	0.00407
25	0.00853	0.02201	0.82841	0.01213	0.01842	0.00988	0.01572	0.01348	0.00898	0.01348	0.00764	0.00898	0.00539	0.00404	0.00404	0.00135	0.00629	0.00314	0.00180	0.00629
26	0.00941	0.00821	0.00911	0.00666	0.01034	0.03456	0.00531	0.04379	0.02716	0.01436	0.00785	0.00900	0.00646	0.00333	0.00325	0.00069	0.00337	0.00263	0.00262	0.79189
27	0.00620	0.00517	0.00561	0.00554	0.00669	0.04420	0.00416	0.00791	0.02718	0.01379	0.35673	0.11424	0.30650	0.01053	0.03347	0.00162	0.00281	0.03965	0.00412	0.00390
28	0.03244	0.10624	0.01292	0.00942	0.01243	0.29025	0.00760	0.32772	0.03917	0.01760	0.00836	0.00894	0.00647	0.00449	0.00380	0.00111	0.00545	0.00315	0.00307	0.09938
29	0.01081	0.03337	0.06321	0.08215	0.40146	0.12023	0.10261	0.01327	0.00992	0.04077	0.00972	0.04059	0.02575	0.00461	0.00431	0.00131	0.00553	0.02212	0.00234	0.00594
30	0.01190	0.01156	0.09858	0.00959	0.01196	0.10957	0.01748	0.20114	0.08613	0.07551	0.01040	0.01295	0.00850	0.05266	0.10189	0.00218	0.14834	0.02093	0.00307	0.00565

[dist]
# distance from previous block
# <min> <max>
0	2

[block]
# block no. 9 follows, 62 sequences, length 68
# corresponding to MSA columns:
# 408-475
name=unknown_J
#
# <colnr> <probs for GDERKNQSTAVLIFYWHMCP>
#	G	D	E	R	K	N	Q	S	T	A	V	L	I	F	Y	W	H	M	C	P
0	0.01219	0.01077	0.01690	0.01320	0.05020	0.02893	0.33400	0.27191	0.07749	0.04579	0.01047	0.01286	0.00817	0.07996	0.00612	0.00161	0.00559	0.00459	0.00315	0.00610
1	0.00657	0.00507	0.00615	0.00578	0.00705	0.00480	0.02317	0.05969	0.02194	0.01415	0.28662	0.05181	0.30194	0.10796	0.00700	0.00176	0.00280	0.07776	0.00401	0.00397
2	0.01116	0.01129	0.01721	0.04184	0.07144	0.09106	0.34966	0.06252	0.24056	0.02745	0.02458	0.01260	0.00888	0.00452	0.00457	0.00138	0.00566	0.00458	0.00298	0.00606
3	0.01074	0.00947	0.01161	0.01300	0.21156	0.01055	0.00834	0.04464	0.59269	0.01712	0.01480	0.01438	0.01127	0.00526	0.00430	0.00139	0.00382	0.00453	0.00378	0.00675
4	0.00614	0.00447	0.00638	0.00638	0.00702	0.00508	0.00478	0.00741	0.00677	0.00973	0.01181	0.01865	0.01149	0.17500	0.67138	0.00622	0.00990	0.00483	0.02296	0.00359
5	0.00518	0.00370	0.00494	0.00592	0.00617	0.00346	0.00395	0.00592	0.00815	0.01086	0.02345	0.84768	0.02814	0.01333	0.00543	0.00173	0.00247	0.01210	0.00395	0.00346
6	0.00602	0.00435	0.00569	0.00535	0.00636	0.00401	0.00401	0.00803	0.01204	0.01706	0.82167	0.03178	0.04015	0.00870	0.00502	0.00134	0.00201	0.00770	0.00468	0.00401
7	0.00533	0.00381	0.00511	0.00610	0.00641	0.00358	0.00421	0.00618	0.00829	0.01103	0.02337	0.77628	0.02782	0.01319	0.00547	0.00175	0.00260	0.08203	0.00395	0.00350
8	0.00881	0.10256	0.75028	0.01166	0.01769	0.01056	0.01490	0.01340	0.00895	0.01314	0.00747	0.00877	0.00540	0.00400	0.00392	0.00131	0.00612	0.00306	0.00180	0.00621
9	0.01005	0.00950	0.01611	0.02399	0.73298	0.00957	0.01223	0.01248	0.00944	0.01352	0.00863	0.01191	0.00748	0.00648	0.07831	0.00178	0.00560	0.02138	0.00216	0.00641
10	0.00702	0.00468	0.00583	0.00562	0.00695	0.00422	0.00441	0.00872	0.01104	0.08710	0.40393	0.03533	0.26286	0.00945	0.00508	0.00146	0.00248	0.12523	0.00441	0.00417
11	0.01461	0.16321	0.01400	0.01025	0.01278	0.58619	0.02873	0.06714	0.01181	0.01158	0.01951	0.00836	0.00627	0.00496	0.02209	0.00122	0.00692	0.00291	0.00230	0.00516
12	0.28261	0.38013	0.01484	0.00751	0.01065	0.10006	0.00667	0.12936	0.01023	0.01533	0.00662	0.00744	0.00546	0.00403	0.00304	0.00111	0.00451	0.00256	0.00247	0.00540
13	0.88052	0.00823	0.00625	0.00560	0.00823	0.00955	0.00461	0.01251	0.00724	0.01909	0.00592	0.00691	0.00461	0.00395	0.00263	0.00132	0.00329	0.00230	0.00263	0.00461
14	0.00853	0.02201	0.82841	0.01213	0.01842	0.00988	0.01572	0.01348	0.00898	0.01348	0.00764	0.00898	0.00539	0.00404	0.00404	0.00135	0.00629	0.00314	0.00180	0.00629
15	0.00518	0.00370	0.00494	0.00592	0.00617	0.00346	0.00395	0.00592	0.00815	0.01086	0.02345	0.84768	0.02814	0.01333	0.00543	0.00173	0.00247	0.01210	0.00395	0.00346
16	0.00619	0.00413	0.00464	0.00464	0.00464	0.00413	0.00258	0.00619	0.00619	0.00825	0.01341	0.02785	0.01547	0.85046	0.02166	0.00413	0.00413	0.00619	0.00258	0.00258
17	0.01172	0.26892	0.12993	0.01173	0.01549	0.21672	0.21976	0.01462	0.05021	0.01193	0.00759	0.00901	0.00609	0.00397	0.00387	0.00118	0.00620	0.00336	0.00212	0.00558
18	0.00804	0.00756	0.01276	0.84023	0.02931	0.00945	0.01182	0.01087	0.00851	0.01087	0.00756	0.01134	0.00567	0.00425	0.00425	0.00142	0.00567	0.00378	0.00189	0.00473
19	0.00512	0.00431	0.00444	0.00441	0.00581	0.00363	0.00331	0.00629	0.00992	0.01202	0.11692	0.04008	0.74805	0.01058	0.00503	0.00143	0.00214	0.00886	0.00402	0.00363
20	0.00583	0.00433	0.00543	0.00517	0.00624	0.00393	0.00387	0.00765	0.01156	0.01595	0.66762	0.04686	0.18151	0.00915	0.00503	0.00136	0.00204	0.00800	0.00454	0.00393
21	0.01276	0.06097	0.01550	0.22723	0.30445	0.18085	0.01126	0.06188	0.05068	0.01444	0.00946	0.01208	0.00779	0.00513	0.00467	0.00151	0.00607	0.00399	0.00277	0.00650
22	0.01053	0.01011	0.01727	0.02612	0.82392	0.01011	0.01306	0.01306	0.00969	0.01390	0.00800	0.01053	0.00674	0.00379	0.00421	0.00126	0.00505	0.00379	0.00211	0.00674
23	0.27578	0.00912	0.01001	0.03651	0.01159	0.03448	0.07562	0.09711	0.28830	0.01784	0.04104	0.06369	0.01072	0.00544	0.00394	0.00139	0.00391	0.00442	0.00346	0.00563
24	0.01110	0.01016	0.01460	0.05268	0.52992	0.06063	0.01084	0.10702	0.02868	0.01517	0.00896	0.01129	0.00735	0.02290	0.00460	0.00131	0.01551	0.00382	0.07721	0.00625
25	0.00518	0.00370	0.00494	0.00592	0.00617	0.00346	0.00395	0.00592	0.00815	0.01086	0.02345	0.84768	0.02814	0.01333	0.00543	0.00173	0.00247	0.01210	0.00395	0.00346
26	0.09204	0.00824	0.01228	0.59490	0.04593	0.00977	0.02163	0.10265	0.00983	0.02772	0.00790	0.01076	0.00589	0.00429	0.00408	0.00136	0.00523	0.00364	0.00232	0.02955
27	0.00928	0.01214	0.15420	0.01466	0.01883	0.00959	0.52713	0.03451	0.01019	0.01395	0.05273	0.01474	0.08336	0.00462	0.00481	0.00140	0.00617	0.00514	0.00245	0.02011
28	0.01184	0.56699	0.11542	0.00871	0.01240	0.17193	0.02105	0.01362	0.00936	0.01062	0.00632	0.00735	0.00549	0.00382	0.00314	0.00100	0.00537	0.00251	0.00191	0.02116
29	0.00853	0.02201	0.82841	0.01213	0.01842	0.00988	0.01572	0.01348	0.00898	0.01348	0.00764	0.00898	0.00539	0.00404	0.00404	0.00135	0.00629	0.00314	0.00180	0.00629
30	0.01160	0.00965	0.01020	0.00887	0.01145	0.01106	0.00698	0.16640	0.67078	0.01945	0.01602	0.01484	0.01194	0.00565	0.00432	0.00141	0.00361	0.00463	0.00432	0.00683
31	0.01048	0.01052	0.01590	0.15661	0.58563	0.08535	0.02727	0.01291	0.00972	0.01303	0.00864	0.01114	0.02574	0.00408	0.00422	0.00128	0.00537	0.00384	0.00212	0.00615
32	0.03113	0.02953	0.04641	0.00820	0.01145	0.08521	0.00698	0.04420	0.01199	0.63900	0.01454	0.01305	0.00940	0.00511	0.00438	0.00130	0.02271	0.00398	0.00459	0.00684
33	0.00514	0.00406	0.00458	0.00497	0.00587	0.00356	0.00349	0.00604	0.00892	0.01110	0.03394	0.36354	0.46897	0.04837	0.00591	0.00167	0.00237	0.01011	0.00389	0.00349
34	0.00627	0.00428	0.00484	0.00484	0.00505	0.00429	0.00291	0.00673	0.02427	0.00899	0.01548	0.02828	0.06439	0.71570	0.04467	0.00386	0.00416	0.02622	0.02194	0.00283
35	0.01026	0.00986	0.01523	0.23603	0.46046	0.04909	0.03525	0.05075	0.04494	0.01364	0.00872	0.03105	0.00720	0.00431	0.00427	0.00132	0.00525	0.00402	0.00230	0.00604
36	0.01004	0.01148	0.02511	0.01793	0.02224	0.01076	0.80846	0.01363	0.01004	0.01363	0.00861	0.01148	0.00646	0.00359	0.00502	0.00143	0.00717	0.00502	0.00215	0.00574
37	0.00512	0.00394	0.00469	0.00530	0.00601	0.00351	0.00367	0.00600	0.00875	0.01111	0.03110	0.53362	0.33727	0.01234	0.00527	0.00161	0.00235	0.01088	0.00395	0.00351
38	0.00525	0.00375	0.00502	0.00600	0.00628	0.00351	0.00407	0.00604	0.00821	0.01094	0.02341	0.81508	0.02799	0.01327	0.00545	0.00174	0.00253	0.04403	0.00395	0.00347
39	0.02701	0.08167	0.05731	0.01016	0.01336	0.06501	0.07559	0.38780	0.09777	0.05481	0.02287	0.01145	0.00822	0.00510	0.00469	0.00131	0.04888	0.01704	0.00351	0.00643
40	0.88052	0.00823	0.00625	0.00560	0.00823	0.00955	0.00461	0.01251	0.00724	0.01909	0.00592	0.00691	0.00461	0.00395	0.00263	0.00132	0.00329	0.00230	0.00263	0.00461
41	0.00526	0.00380	0.00498	0.00578	0.00617	0.00352	0.00392	0.00615	0.00863	0.01154	0.10811	0.72164	0.06929	0.01272	0.00537	0.00167	0.00240	0.01148	0.00403	0.00352
42	0.04623	0.02519	0.04483	0.09536	0.39684	0.09357	0.08742	0.04260	0.02334	0.01364	0.00855	0.03518	0.00731	0.00455	0.00468	0.00133	0.04456	0.01662	0.00229	0.00593
43	0.00625	0.00481	0.00716	0.00707	0.00779	0.00572	0.00553	0.00774	0.00682	0.00990	0.01109	0.01633	0.01037	0.03062	0.79045	0.00658	0.05516	0.00451	0.00226	0.00384
44	0.00518	0.00370	0.00494	0.00592	0.00617	0.00346	0.00395	0.00592	0.00815	0.01086	0.02345	0.84768	0.02814	0.01333	0.00543	0.00173	0.00247	0.01210	0.00395	0.00346
45	0.00931	0.00931	0.01303	0.01117	0.01117	0.01303	0.00931	0.01024	0.00652	0.01024	0.00559	0.00931	0.00559	0.00745	0.01396	0.00186	0.84267	0.00372	0.00186	0.00465
46	0.12031	0.13460	0.13767	0.00943	0.01282	0.05897	0.08379	0.19306	0.04264	0.04621	0.01011	0.08444	0.00852	0.00516	0.00391	0.00128	0.00477	0.00415	0.03239	0.00576
47	0.01078	0.01176	0.01498	0.16706	0.17963	0.21923	0.15621	0.01301	0.00994	0.01202	0.00937	0.03499	0.00841	0.00522	0.00499	0.00139	0.05094	0.08249	0.00231	0.00525
48	0.05047	0.16493	0.06500	0.01014	0.01271	0.50486	0.00847	0.03979	0.01081	0.01139	0.00652	0.00780	0.00550	0.00451	0.00452	0.00116	0.08132	0.00279	0.00216	0.00514
49	0.00505	0.00431	0.00434	0.00434	0.00576	0.00360	0.00325	0.00615	0.00976	0.01163	0.06188	0.04073	0.80333	0.01073	0.00503	0.00143	0.00215	0.00895	0.00397	0.00360
50	0.00632	0.00455	0.00490	0.00470	0.00624	0.00385	0.00357	0.00750	0.01005	0.08206	0.09719	0.05583	0.67775	0.01021	0.00497	0.00143	0.00228	0.00855	0.00412	0.00393
51	0.00931	0.00931	0.01303	0.01117	0.01117	0.01303	0.00931	0.01024	0.00652	0.01024	0.00559	0.00931	0.00559	0.00745	0.01396	0.00186	0.84267	0.00372	0.00186	0.00465
52	0.00804	0.00756	0.01276	0.84023	0.02931	0.00945	0.01182	0.01087	0.00851	0.01087	0.00756	0.01134	0.00567	0.00425	0.00425	0.00142	0.00567	0.00378	0.00189	0.00473
53	0.01138	0.85302	0.02230	0.00728	0.01092	0.01684	0.00728	0.01274	0.00865	0.01001	0.00592	0.00683	0.00546	0.00364	0.00273	0.00091	0.00455	0.00228	0.00182	0.00546
54	0.00505	0.00422	0.00441	0.00456	0.00581	0.00357	0.00334	0.00608	0.00946	0.01140	0.04009	0.16488	0.70021	0.01117	0.00509	0.00148	0.00220	0.00946	0.00395	0.00357
55	0.01053	0.01011	0.01727	0.02612	0.82392	0.01011	0.01306	0.01306	0.00969	0.01390	0.00800	0.01053	0.00674	0.00379	0.00421	0.00126	0.00505	0.00379	0.00211	0.00674
56	0.00882	0.00756	0.00882	0.00630	0.01008	0.00567	0.00504	0.01071	0.00882	0.01387	0.00756	0.00882	0.00630	0.00315	0.00315	0.00063	0.00315	0.00252	0.00252	0.87647
57	0.00853	0.02201	0.82841	0.01213	0.01842	0.00988	0.01572	0.01348	0.00898	0.01348	0.00764	0.00898	0.00539	0.00404	0.00404	0.00135	0.00629	0.00314	0.00180	0.00629
58	0.01589	0.02028	0.01206	0.01096	0.01315	0.83338	0.00822	0.01699	0.01206	0.01041	0.00658	0.00767	0.00548	0.00438	0.00384	0.00110	0.00767	0.00274	0.00219	0.00493
59	0.00513	0.00431	0.00445	0.00442	0.00581	0.00364	0.00331	0.00631	0.00994	0.01208	0.12442	0.03999	0.74051	0.01056	0.00503	0.00143	0.00214	0.00885	0.00403	0.00364
60	0.00518	0.00370	0.00494	0.00592	0.00617	0.00346	0.00395	0.00592	0.00815	0.01086	0.02345	0.84768	0.02814	0.01333	0.00543	0.00173	0.00247	0.01210	0.00395	0.00346
61	0.00518	0.00370	0.00494	0.00592	0.00617	0.00346	0.00395	0.00592	0.00815	0.01086	0.02345	0.84768	0.02814	0.01333	0.00543	0.00173	0.00247	0.01210	0.00395	0.00346
62	0.01324	0.26955	0.15132	0.01016	0.03292	0.25500	0.00927	0.18446	0.01216	0.01439	0.00737	0.00825	0.00587	0.00424	0.00364	0.00112	0.00580	0.00293	0.00245	0.00585
63	0.00508	0.00431	0.00438	0.00436	0.00578	0.00361	0.00327	0.00620	0.00982	0.01178	0.08274	0.04048	0.78238	0.01067	0.00503	0.00143	0.00215	0.00891	0.00399	0.00361
64	0.00977	0.00871	0.01142	0.17187	0.15036	0.00982	0.01996	0.02862	0.44235	0.01561	0.04344	0.01552	0.04305	0.00541	0.00436	0.00140	0.00407	0.00470	0.00345	0.00612
65	0.00851	0.00764	0.01143	0.25207	0.16394	0.00756	0.02084	0.01075	0.00866	0.01246	0.00851	0.03208	0.00726	0.00720	0.10029	0.00174	0.00523	0.00364	0.00226	0.32793
66	0.03214	0.00813	0.01329	0.62914	0.17638	0.00963	0.01163	0.01184	0.04415	0.01196	0.00803	0.01127	0.00616	0.00423	0.00421	0.00139	0.00539	0.00379	0.00206	0.00519
67	0.02326	0.08572	0.05145	0.14220	0.07174	0.04690	0.07777	0.07149	0.34231	0.01542	0.01209	0.01270	0.01852	0.00486	0.00417	0.00135	0.00468	0.00415	0.00313	0.00609

[dist]
# distance from previous block
# <min> <max>
1	12

[block]
# block no. 10 follows, 62 sequences, length 31
# corresponding to MSA columns:
# 488-518
name=unknown_K
#
# <colnr> <probs for GDERKNQSTAVLIFYWHMCP>
#	G	D	E	R	K	N	Q	S	T	A	V	L	I	F	Y	W	H	M	C	P
0	0.00970	0.05279	0.28553	0.01434	0.01882	0.01080	0.39807	0.04774	0.00989	0.01386	0.03346	0.01088	0.00709	0.00423	0.00518	0.00140	0.06397	0.00423	0.00217	0.00584
1	0.00877	0.00896	0.08811	0.03264	0.20234	0.01980	0.03024	0.10514	0.03951	0.01487	0.09837	0.09975	0.18942	0.00710	0.00461	0.00138	0.00395	0.02054	0.00328	0.02121
2	0.01090	0.01086	0.02105	0.01598	0.05978	0.01061	0.55794	0.10725	0.01097	0.04368	0.00899	0.01139	0.00681	0.00496	0.03349	0.00158	0.04347	0.00464	0.00251	0.03314
3	0.00926	0.02437	0.00968	0.04425	0.04915	0.04488	0.02431	0.05453	0.34069	0.01472	0.01666	0.25005	0.01589	0.00787	0.00507	0.00152	0.04000	0.03798	0.00370	0.00542
