[name]
unknown

[dist]
# distance from previous block
# <min> <max>
0	60

[block]
# block no. 0 follows, 68 sequences, length 9
# corresponding to MSA columns:
# 60-68
name=unknown_A
#
# <colnr> <probs for GDERKNQSTAVLIFYWHMCP>
#	G	D	E	R	K	N	Q	S	T	A	V	L	I	F	Y	W	H	M	C	P
0	0.01035	0.70548	0.01833	0.00694	0.00989	0.08227	0.00654	0.01154	0.00827	0.00944	0.00724	0.09408	0.00726	0.00438	0.00289	0.00094	0.00428	0.00310	0.00193	0.00486
1	0.00555	0.00409	0.00590	0.00604	0.00660	0.00459	0.00450	0.00671	0.00649	0.00918	0.01247	0.14116	0.01279	0.11269	0.63593	0.00541	0.00869	0.00544	0.00238	0.00338
2	0.04127	0.01021	0.01163	0.04559	0.09720	0.01133	0.00784	0.54224	0.15540	0.02146	0.01021	0.01040	0.00747	0.00467	0.00393	0.00122	0.00419	0.00367	0.00363	0.00644
3	0.00542	0.00375	0.00482	0.00532	0.00585	0.00346	0.00369	0.00633	0.00829	0.03609	0.13869	0.56207	0.10402	0.06324	0.00587	0.00166	0.00238	0.03194	0.00374	0.00338
4	0.00566	0.00425	0.00637	0.00637	0.00708	0.00496	0.00496	0.00708	0.00637	0.00920	0.01062	0.01558	0.00991	0.02974	0.84494	0.00637	0.01062	0.00425	0.00212	0.00354
5	0.00491	0.00348	0.00458	0.00542	0.00564	0.00327	0.00358	0.00554	0.00744	0.00993	0.02110	0.79104	0.02527	0.08075	0.00628	0.00179	0.00242	0.01083	0.00358	0.00315
6	0.00561	0.00405	0.00530	0.00499	0.00592	0.00374	0.00374	0.00748	0.01122	0.01590	0.83383	0.02962	0.03741	0.00811	0.00468	0.00125	0.00187	0.00717	0.00436	0.00374
7	0.00986	0.00852	0.00897	0.00807	0.01031	0.00986	0.00628	0.02107	0.82876	0.01659	0.01614	0.01479	0.01210	0.00538	0.00403	0.00134	0.00314	0.00448	0.00403	0.00628
8	0.01094	0.66546	0.01802	0.00712	0.01013	0.14726	0.00664	0.01218	0.00861	0.00963	0.00717	0.00798	0.03634	0.00380	0.00280	0.00090	0.00454	0.00248	0.03312	0.00489

[dist]
# distance from previous block
# <min> <max>
0	4

[block]
# block no. 1 follows, 68 sequences, length 66
# corresponding to MSA columns:
# 73-138
name=unknown_B
#
# <colnr> <probs for GDERKNQSTAVLIFYWHMCP>
#	G	D	E	R	K	N	Q	S	T	A	V	L	I	F	Y	W	H	M	C	P
0	0.00822	0.00705	0.00822	0.00587	0.00940	0.00529	0.00470	0.00998	0.00822	0.01292	0.00705	0.00822	0.00587	0.00294	0.00294	0.00059	0.00294	0.00235	0.00235	0.88490
1	0.00870	0.07591	0.50264	0.01007	0.02887	0.02109	0.03559	0.04067	0.04598	0.01299	0.00750	0.00861	0.00563	0.00367	0.00356	0.00110	0.00502	0.00291	0.00201	0.17748
2	0.60596	0.00959	0.00767	0.00658	0.00913	0.10132	0.00534	0.17300	0.02237	0.01831	0.00654	0.00726	0.00499	0.00397	0.00290	0.00120	0.00377	0.00251	0.00273	0.00484
3	0.01023	0.00880	0.04727	0.03096	0.09061	0.02120	0.00708	0.18336	0.29529	0.05183	0.02733	0.07310	0.07201	0.02910	0.01553	0.00144	0.02083	0.00487	0.00350	0.00566
4	0.01099	0.07118	0.01040	0.00824	0.01071	0.04855	0.00658	0.15046	0.60067	0.01711	0.01384	0.01298	0.01041	0.00508	0.00389	0.00127	0.00360	0.00408	0.00376	0.00619
5	0.00523	0.00370	0.00457	0.00499	0.00527	0.00356	0.00323	0.00578	0.00713	0.00949	0.05470	0.42017	0.08019	0.32286	0.04864	0.00261	0.00320	0.00855	0.00317	0.00297
6	0.00624	0.02368	0.12456	0.00661	0.01980	0.00518	0.00566	0.04395	0.00847	0.01170	0.07702	0.32348	0.11343	0.02479	0.13977	0.00222	0.00424	0.00721	0.04800	0.00395
7	0.05512	0.14490	0.06975	0.04236	0.11946	0.02388	0.04557	0.34354	0.02237	0.01710	0.00799	0.00925	0.00623	0.01719	0.01741	0.00130	0.04471	0.00331	0.00276	0.00583
8	0.00919	0.01039	0.02257	0.01618	0.02005	0.00974	0.78443	0.01246	0.00944	0.01285	0.04548	0.01155	0.00744	0.00356	0.00468	0.00133	0.00647	0.00479	0.00211	0.00527
9	0.00552	0.00404	0.00518	0.00492	0.00587	0.00370	0.00368	0.00729	0.01096	0.01534	0.74997	0.04836	0.10362	0.00836	0.00469	0.00126	0.00189	0.00736	0.00429	0.00370
10	0.00874	0.01605	0.52598	0.06209	0.04768	0.01782	0.12549	0.01284	0.03815	0.05426	0.00835	0.02848	0.00626	0.00439	0.01456	0.00134	0.01628	0.00355	0.00204	0.00566
11	0.01266	0.08903	0.10078	0.04369	0.11326	0.02478	0.11652	0.07628	0.02012	0.30474	0.01904	0.03379	0.00813	0.00447	0.00405	0.00122	0.01439	0.00389	0.00319	0.00597
12	0.22470	0.00747	0.00854	0.00677	0.00960	0.00741	0.00557	0.13449	0.01118	0.48649	0.01221	0.01129	0.00806	0.00458	0.00356	0.00121	0.00338	0.00347	0.04400	0.00602
13	0.00491	0.00371	0.00454	0.00499	0.00566	0.00334	0.00349	0.00588	0.00859	0.01121	0.15575	0.48629	0.26518	0.01104	0.00489	0.00147	0.00215	0.00977	0.00379	0.00334
14	0.01002	0.14218	0.16793	0.04792	0.16906	0.12289	0.14977	0.01252	0.00916	0.04157	0.02162	0.03373	0.00757	0.00433	0.00389	0.00120	0.00534	0.04185	0.00215	0.00532
15	0.11563	0.01672	0.01052	0.00945	0.01160	0.67533	0.00718	0.05584	0.01101	0.02771	0.00649	0.00746	0.00527	0.00453	0.01803	0.00115	0.00652	0.00262	0.00224	0.00469
16	0.88866	0.00767	0.00583	0.00521	0.00767	0.00889	0.00429	0.01166	0.00675	0.01779	0.00552	0.00644	0.00429	0.00368	0.00245	0.00123	0.00307	0.00215	0.00245	0.00429
17	0.00945	0.00498	0.00659	0.00568	0.00729	0.00451	0.00443	0.02409	0.01138	0.26489	0.57320	0.02442	0.02857	0.00708	0.00446	0.00124	0.00237	0.00615	0.00452	0.00470
18	0.00996	0.00857	0.00902	0.00809	0.01035	0.00991	0.00630	0.03640	0.81326	0.01675	0.01601	0.01469	0.01200	0.00537	0.00403	0.00134	0.00316	0.00447	0.00403	0.00628
19	0.00502	0.00385	0.00450	0.00494	0.00573	0.00348	0.00351	0.00617	0.02655	0.01084	0.04997	0.43752	0.35451	0.01091	0.00482	0.00147	0.00221	0.03058	0.03004	0.00338
20	0.00549	0.00403	0.00514	0.00490	0.00586	0.00368	0.00366	0.00724	0.01089	0.01518	0.72618	0.05356	0.12253	0.00843	0.00469	0.00127	0.00190	0.00741	0.00427	0.00368
21	0.00936	0.01070	0.02340	0.01671	0.02072	0.01003	0.82152	0.01270	0.00936	0.01270	0.00802	0.01070	0.00602	0.00334	0.00468	0.00134	0.00668	0.00468	0.00201	0.00535
22	0.00484	0.00352	0.00456	0.00536	0.00572	0.00325	0.00362	0.00559	0.00783	0.01033	0.04474	0.75551	0.10640	0.01207	0.00501	0.00157	0.00226	0.01088	0.00370	0.00325
23	0.00749	0.00705	0.01189	0.85113	0.02731	0.00881	0.01101	0.01013	0.00793	0.01013	0.00705	0.01057	0.00529	0.00396	0.00396	0.00132	0.00529	0.00352	0.00176	0.00440
24	0.00795	0.02051	0.84011	0.01130	0.01716	0.00921	0.01465	0.01256	0.00837	0.01256	0.00712	0.00837	0.00502	0.00377	0.00377	0.00126	0.00586	0.00293	0.00167	0.00586
25	0.00981	0.00942	0.01609	0.02434	0.83592	0.00942	0.01217	0.01217	0.00903	0.01295	0.00746	0.00981	0.00628	0.00353	0.00393	0.00118	0.00471	0.00353	0.00196	0.00628
26	0.01088	0.31495	0.20392	0.00922	0.03163	0.11979	0.00892	0.11705	0.07512	0.01280	0.00755	0.01885	0.00614	0.00418	0.00380	0.00110	0.04342	0.00294	0.00225	0.00548
27	0.03072	0.00580	0.02303	0.00607	0.00763	0.00564	0.00473	0.04021	0.18348	0.10932	0.04852	0.24224	0.15615	0.00805	0.00430	0.00136	0.00269	0.02745	0.08802	0.00458
28	0.02908	0.48138	0.14911	0.00787	0.01139	0.02565	0.00793	0.14409	0.03223	0.01286	0.00758	0.05103	0.00661	0.00420	0.00316	0.00103	0.00440	0.00303	0.00226	0.01511
29	0.02788	0.00846	0.00897	0.00798	0.01029	0.00968	0.00624	0.03706	0.75304	0.05994	0.01577	0.01445	0.01172	0.00531	0.00400	0.00133	0.00317	0.00439	0.00405	0.00627
30	0.17523	0.00758	0.01119	0.19326	0.33060	0.00816	0.02145	0.02460	0.00833	0.01314	0.00965	0.11752	0.02335	0.00495	0.00379	0.00127	0.00409	0.00436	0.03250	0.00497
31	0.01055	0.21777	0.19190	0.00901	0.04955	0.04619	0.03042	0.03588	0.12178	0.13027	0.05283	0.02343	0.04341	0.01554	0.00388	0.00119	0.00429	0.00376	0.00282	0.00554
32	0.00568	0.00382	0.00433	0.00439	0.00444	0.00379	0.00250	0.00575	0.00597	0.00792	0.01381	0.08038	0.03615	0.78374	0.01880	0.00363	0.00370	0.00619	0.00252	0.00248
33	0.00497	0.00398	0.00440	0.00437	0.00549	0.00346	0.00322	0.00615	0.00941	0.01192	0.24410	0.08693	0.54991	0.03762	0.00522	0.00141	0.00205	0.00815	0.00382	0.00341
34	0.01039	0.09830	0.35024	0.03051	0.09783	0.00939	0.07704	0.01368	0.03664	0.16592	0.00909	0.02319	0.00672	0.00425	0.00430	0.00124	0.04954	0.00348	0.00245	0.00581
35	0.00802	0.01071	0.22320	0.36736	0.11535	0.00856	0.05773	0.01119	0.03035	0.02790	0.00945	0.06086	0.03240	0.00461	0.00415	0.00131	0.01564	0.00408	0.00207	0.00504
36	0.06216	0.00679	0.00903	0.00696	0.01000	0.00598	0.00575	0.01893	0.01111	0.79685	0.01513	0.01314	0.00953	0.00484	0.00391	0.00123	0.00336	0.00389	0.00478	0.00662
37	0.00769	0.00807	0.09156	0.12956	0.13120	0.02297	0.08733	0.05336	0.00918	0.02452	0.07279	0.23044	0.07358	0.00738	0.02147	0.00146	0.00420	0.01580	0.00282	0.00462
38	0.01003	0.03111	0.22314	0.11526	0.22666	0.02189	0.13850	0.02554	0.00920	0.11860	0.00890	0.03789	0.00687	0.00411	0.00402	0.00125	0.00515	0.00383	0.00233	0.00572
39	0.00557	0.00407	0.00499	0.00479	0.00585	0.00365	0.00358	0.00713	0.01041	0.03203	0.54784	0.07765	0.26021	0.00882	0.00469	0.00129	0.00197	0.00767	0.00415	0.00367
40	0.00895	0.00899	0.01492	0.03068	0.26027	0.01053	0.14779	0.01071	0.00762	0.01114	0.00710	0.04556	0.00656	0.00548	0.00836	0.00149	0.40285	0.00403	0.00193	0.00505
41	0.00992	0.04400	0.33819	0.05909	0.31448	0.00919	0.03995	0.02325	0.00907	0.10353	0.00818	0.00960	0.00608	0.00380	0.00385	0.00121	0.00509	0.00334	0.00218	0.00600
42	0.00484	0.00362	0.00450	0.00517	0.00570	0.00329	0.00357	0.00564	0.00804	0.01038	0.03708	0.62352	0.23069	0.01173	0.00497	0.00154	0.00225	0.02652	0.00369	0.00327
43	0.00876	0.00637	0.00662	0.00612	0.00778	0.00712	0.00472	0.01581	0.46382	0.01578	0.01471	0.01479	0.01124	0.00504	0.00347	0.00116	0.00256	0.00413	0.39486	0.00513
44	0.00972	0.11424	0.02444	0.09879	0.31391	0.00971	0.09410	0.03973	0.08487	0.05124	0.01755	0.04601	0.02114	0.00465	0.00435	0.01046	0.03128	0.01584	0.00244	0.00554
45	0.00995	0.03795	0.08487	0.08257	0.45018	0.00919	0.07919	0.02420	0.00903	0.07091	0.00788	0.00981	0.00623	0.00375	0.00416	0.00118	0.03261	0.00347	0.00218	0.07068
46	0.00910	0.00596	0.00885	0.07531	0.11282	0.00638	0.01674	0.01046	0.00774	0.17903	0.01090	0.01550	0.00956	0.18069	0.26669	0.00337	0.06949	0.00429	0.00267	0.00447
47	0.40847	0.03441	0.04210	0.03131	0.04562	0.31008	0.05165	0.01324	0.00873	0.01377	0.00606	0.00726	0.00484	0.00381	0.00314	0.00115	0.00500	0.00256	0.00219	0.00463
48	0.00525	0.00404	0.00480	0.00461	0.00570	0.00359	0.00346	0.00679	0.01038	0.01390	0.52742	0.03291	0.34508	0.00885	0.00468	0.00128	0.00192	0.00763	0.00410	0.00359
49	0.00822	0.00705	0.00822	0.00587	0.00940	0.00529	0.00470	0.00998	0.00822	0.01292	0.00705	0.00822	0.00587	0.00294	0.00294	0.00059	0.00294	0.00235	0.00235	0.88490
50	0.00483	0.00345	0.00460	0.00552	0.00575	0.00322	0.00368	0.00552	0.00759	0.01012	0.02185	0.85807	0.02622	0.01242	0.00506	0.00161	0.00230	0.01127	0.00368	0.00322
51	0.00474	0.00399	0.00412	0.00422	0.00546	0.00337	0.00315	0.00574	0.00893	0.01070	0.03825	0.10165	0.75084	0.01025	0.00474	0.00137	0.00207	0.02938	0.00368	0.00335
52	0.00472	0.00402	0.00406	0.00405	0.00537	0.00336	0.00304	0.00575	0.00911	0.01088	0.06623	0.03788	0.80814	0.00998	0.00469	0.00134	0.00200	0.00833	0.00370	0.00336
53	0.01462	0.05709	0.01167	0.01006	0.01216	0.80723	0.00762	0.01565	0.01109	0.00969	0.00610	0.00711	0.00511	0.00405	0.00353	0.00101	0.00702	0.00253	0.00203	0.00462
54	0.01060	0.86304	0.02078	0.00678	0.01018	0.01569	0.00678	0.01187	0.00806	0.00933	0.00551	0.00636	0.00509	0.00339	0.00254	0.00085	0.00424	0.00212	0.00170	0.00509
55	0.00749	0.00705	0.01189	0.85113	0.02731	0.00881	0.01101	0.01013	0.00793	0.01013	0.00705	0.01057	0.00529	0.00396	0.00396	0.00132	0.00529	0.00352	0.00176	0.00440
56	0.00541	0.00403	0.00503	0.00482	0.00581	0.00365	0.00360	0.00709	0.01071	0.01475	0.65957	0.05350	0.19019	0.00859	0.00469	0.00127	0.00191	0.00751	0.00422	0.00365
57	0.01060	0.86304	0.02078	0.00678	0.01018	0.01569	0.00678	0.01187	0.00806	0.00933	0.00551	0.00636	0.00509	0.00339	0.00254	0.00085	0.00424	0.00212	0.00170	0.00509
58	0.00547	0.00405	0.00510	0.00484	0.00584	0.00368	0.00363	0.00721	0.01089	0.01510	0.71158	0.03093	0.16016	0.00840	0.00468	0.00126	0.00189	0.00735	0.00426	0.00368
59	0.01682	0.00649	0.00878	0.00683	0.00970	0.00564	0.00561	0.01836	0.01114	0.76882	0.03208	0.03013	0.01070	0.00510	0.00397	0.00122	0.00325	0.00418	0.04469	0.00648
60	0.00500	0.00358	0.00479	0.00569	0.00601	0.00337	0.00397	0.00582	0.00778	0.01032	0.02206	0.75566	0.03899	0.01222	0.00510	0.00163	0.00244	0.09862	0.00368	0.00327
61	0.01755	0.00669	0.00912	0.00701	0.01004	0.00579	0.00579	0.01909	0.01135	0.82248	0.03174	0.01381	0.01036	0.00497	0.00400	0.00123	0.00334	0.00405	0.00490	0.00669
62	0.00513	0.00405	0.00456	0.00449	0.00567	0.00354	0.00341	0.00649	0.00978	0.01262	0.31088	0.03508	0.50843	0.00931	0.00468	0.00132	0.00203	0.04420	0.02083	0.00350
63	0.07852	0.68789	0.02906	0.03502	0.02188	0.05943	0.01984	0.01204	0.00816	0.01017	0.00568	0.00669	0.00506	0.00348	0.00271	0.00092	0.00441	0.00226	0.00178	0.00501
64	0.01696	0.00650	0.00876	0.00679	0.00968	0.00566	0.00558	0.01852	0.01111	0.77283	0.01543	0.01360	0.00984	0.00488	0.00389	0.00120	0.00325	0.00396	0.07505	0.00650
65	0.00974	0.37276	0.40386	0.00915	0.01358	0.01210	0.01055	0.05779	0.00882	0.03293	0.00674	0.00773	0.00527	0.00379	0.00355	0.00109	0.03043	0.00267	0.00190	0.00556

[dist]
# distance from previous block
# <min> <max>
0	1

[block]
# block no. 2 follows, 68 sequences, length 38
# corresponding to MSA columns:
# 140-177
name=unknown_C
#
# <colnr> <probs for GDERKNQSTAVLIFYWHMCP>
#	G	D	E	R	K	N	Q	S	T	A	V	L	I	F	Y	W	H	M	C	P
0	0.00545	0.00399	0.00512	0.00495	0.00585	0.00366	0.00367	0.00713	0.01069	0.01488	0.68525	0.10700	0.11020	0.00868	0.00471	0.00129	0.00192	0.00766	0.00424	0.00366
1	0.00867	0.00867	0.01214	0.01041	0.01041	0.01214	0.00867	0.00954	0.00607	0.00954	0.00520	0.00867	0.00520	0.00694	0.01301	0.00173	0.85340	0.00347	0.00173	0.00434
2	0.00549	0.00405	0.00513	0.00486	0.00585	0.00369	0.00365	0.00725	0.01094	0.01522	0.73002	0.03073	0.14165	0.00836	0.00468	0.00126	0.00189	0.00733	0.00428	0.00369
3	0.88866	0.00767	0.00583	0.00521	0.00767	0.00889	0.00429	0.01166	0.00675	0.01779	0.00552	0.00644	0.00429	0.00368	0.00245	0.00123	0.00307	0.00215	0.00245	0.00429
4	0.00923	0.01044	0.02269	0.01625	0.02012	0.00980	0.79130	0.01244	0.00923	0.01252	0.00819	0.01126	0.00633	0.03498	0.00525	0.00143	0.00658	0.00472	0.00202	0.00524
5	0.03969	0.61104	0.08387	0.00831	0.03855	0.01402	0.04360	0.06109	0.04713	0.01141	0.00655	0.00741	0.00556	0.00361	0.00293	0.00097	0.00441	0.00254	0.00199	0.00533
6	0.01060	0.86304	0.02078	0.00678	0.01018	0.01569	0.00678	0.01187	0.00806	0.00933	0.00551	0.00636	0.00509	0.00339	0.00254	0.00085	0.00424	0.00212	0.00170	0.00509
7	0.00620	0.00450	0.00612	0.00693	0.00789	0.00443	0.00601	0.00793	0.00912	0.01174	0.02315	0.04399	0.11401	0.01085	0.00539	0.00177	0.00347	0.71924	0.00365	0.00362
8	0.00863	0.12327	0.02919	0.00622	0.00964	0.03222	0.00527	0.01051	0.02270	0.01231	0.00819	0.00916	0.03640	0.00336	0.00301	0.00069	0.00328	0.00260	0.00231	0.67103
9	0.01001	0.00541	0.00671	0.00555	0.00772	0.00458	0.00440	0.01149	0.01020	0.30506	0.19389	0.02346	0.25940	0.00683	0.00419	0.00118	0.00259	0.00573	0.00407	0.12752
10	0.02605	0.02915	0.05493	0.02148	0.09516	0.00680	0.00638	0.03647	0.07967	0.13353	0.05473	0.01176	0.02654	0.00413	0.00348	0.00095	0.00336	0.00341	0.03543	0.36659
11	0.00655	0.01664	0.06362	0.00766	0.04652	0.00539	0.02295	0.02003	0.08700	0.01242	0.10894	0.28397	0.06840	0.00934	0.00482	0.00152	0.00318	0.22340	0.00351	0.00413
12	0.00876	0.00472	0.00620	0.00545	0.00694	0.00426	0.00422	0.01049	0.01104	0.22713	0.55955	0.03710	0.05622	0.00730	0.00445	0.00124	0.00227	0.00634	0.03183	0.00449
13	0.00749	0.00705	0.01189	0.85113	0.02731	0.00881	0.01101	0.01013	0.00793	0.01013	0.00705	0.01057	0.00529	0.00396	0.00396	0.00132	0.00529	0.00352	0.00176	0.00440
14	0.00954	0.02253	0.10131	0.13179	0.48916	0.00936	0.12396	0.01226	0.00893	0.04192	0.00771	0.00997	0.00609	0.00364	0.00400	0.00122	0.00512	0.00362	0.00201	0.00586
15	0.00501	0.00359	0.00480	0.00570	0.00603	0.00338	0.00398	0.00584	0.00780	0.01033	0.02213	0.74744	0.04227	0.01220	0.00510	0.00163	0.00245	0.10339	0.00368	0.00327
16	0.00502	0.00384	0.00461	0.00487	0.00571	0.00343	0.00351	0.00615	0.00910	0.01188	0.23965	0.32354	0.32564	0.01039	0.00483	0.00142	0.00211	0.02702	0.00386	0.00341
17	0.88866	0.00767	0.00583	0.00521	0.00767	0.00889	0.00429	0.01166	0.00675	0.01779	0.00552	0.00644	0.00429	0.00368	0.00245	0.00123	0.00307	0.00215	0.00245	0.00429
18	0.00873	0.09309	0.08835	0.00698	0.02324	0.03592	0.00611	0.01098	0.03319	0.01253	0.00715	0.00824	0.00588	0.00318	0.00305	0.00072	0.00352	0.00247	0.00226	0.64439
19	0.04936	0.54022	0.06007	0.00833	0.02509	0.15921	0.03368	0.05070	0.00910	0.01084	0.00600	0.00699	0.00518	0.00366	0.00310	0.00097	0.01804	0.00243	0.00191	0.00510
20	0.00948	0.00900	0.01528	0.06341	0.74428	0.00908	0.01175	0.01182	0.00898	0.01275	0.00829	0.01206	0.00728	0.00402	0.00403	0.00123	0.00467	0.05451	0.00206	0.00602
21	0.00472	0.00402	0.00406	0.00405	0.00537	0.00336	0.00304	0.00575	0.00911	0.01089	0.06697	0.03787	0.80741	0.00998	0.00469	0.00134	0.00200	0.00833	0.00370	0.00336
22	0.00494	0.00385	0.00449	0.00471	0.00561	0.00340	0.00339	0.00604	0.00907	0.01168	0.21165	0.29398	0.40234	0.01036	0.00480	0.00140	0.00207	0.00901	0.00383	0.00340
23	0.88866	0.00767	0.00583	0.00521	0.00767	0.00889	0.00429	0.01166	0.00675	0.01779	0.00552	0.00644	0.00429	0.00368	0.00245	0.00123	0.00307	0.00215	0.00245	0.00429
24	0.00595	0.00379	0.00517	0.00513	0.00568	0.00359	0.00367	0.00645	0.00866	0.01197	0.42361	0.11258	0.04965	0.01062	0.00842	0.30173	0.00250	0.02450	0.00336	0.00298
25	0.01430	0.01072	0.01147	0.00897	0.01200	0.01194	0.00735	0.70411	0.13849	0.02375	0.01050	0.01030	0.00754	0.00485	0.00398	0.00121	0.00418	0.00370	0.00398	0.00667
26	0.00685	0.00449	0.00522	0.00492	0.00606	0.00442	0.00373	0.00967	0.09871	0.03446	0.42990	0.02352	0.06881	0.00677	0.00400	0.00116	0.00204	0.00580	0.27542	0.00405
27	0.48298	0.02989	0.00879	0.05921	0.01047	0.01025	0.00605	0.22474	0.03552	0.01828	0.00697	0.00795	0.00534	0.00430	0.00387	0.00126	0.07356	0.00279	0.00278	0.00503
28	0.00957	0.08545	0.01124	0.04107	0.20578	0.16474	0.00747	0.04075	0.06481	0.01140	0.02112	0.01243	0.00837	0.08734	0.18049	0.00246	0.01462	0.00370	0.02243	0.00477
29	0.00791	0.00865	0.16686	0.04454	0.01058	0.00598	0.00674	0.02413	0.04451	0.06282	0.23264	0.06030	0.02847	0.00587	0.01876	0.00117	0.00346	0.00462	0.00308	0.25890
30	0.02333	0.11574	0.41837	0.03503	0.01435	0.03990	0.01097	0.10662	0.03640	0.04130	0.00757	0.00888	0.00575	0.01415	0.00491	0.00128	0.10462	0.00308	0.00217	0.00558
31	0.00798	0.03725	0.78246	0.01118	0.01682	0.00923	0.03398	0.01242	0.00846	0.01258	0.02764	0.00891	0.00585	0.00386	0.00379	0.00125	0.00575	0.00306	0.00175	0.00578
32	0.00762	0.00502	0.00627	0.00579	0.00712	0.00490	0.00443	0.03014	0.10825	0.10768	0.46575	0.10596	0.06383	0.00858	0.03073	0.00147	0.00261	0.02525	0.00419	0.00438
33	0.00899	0.13092	0.25503	0.10501	0.09741	0.00961	0.16995	0.01213	0.03410	0.04559	0.00873	0.05011	0.00724	0.00453	0.00420	0.02161	0.00516	0.02224	0.00213	0.00531
34	0.02795	0.01140	0.18369	0.04263	0.15250	0.02604	0.26436	0.01313	0.06841	0.07689	0.03868	0.01228	0.00825	0.03572	0.00476	0.00137	0.00523	0.01876	0.00243	0.00552
35	0.00805	0.00443	0.00590	0.00564	0.00680	0.00401	0.00418	0.00939	0.00985	0.19953	0.32925	0.33754	0.04153	0.00904	0.00467	0.00138	0.00237	0.00801	0.00422	0.00422
36	0.00999	0.00518	0.00636	0.00560	0.00737	0.00471	0.00435	0.03882	0.03053	0.29140	0.12210	0.13573	0.21652	0.00754	0.00426	0.00128	0.00258	0.00640	0.09452	0.00475
37	0.02594	0.12512	0.23119	0.03552	0.24466	0.03637	0.05178	0.02779	0.00914	0.11938	0.00876	0.04345	0.00698	0.00440	0.01173	0.00124	0.00489	0.00357	0.00235	0.00575

[dist]
# distance from previous block
# <min> <max>
2	9

[block]
# block no. 3 follows, 68 sequences, length 16
# corresponding to MSA columns:
# 187-202
name=unknown_D
#
# <colnr> <probs for GDERKNQSTAVLIFYWHMCP>
#	G	D	E	R	K	N	Q	S	T	A	V	L	I	F	Y	W	H	M	C	P
0	0.01022	0.00507	0.00661	0.00569	0.00748	0.00448	0.00445	0.01177	0.01078	0.33771	0.35852	0.06627	0.13981	0.00734	0.00443	0.00127	0.00250	0.00630	0.00445	0.00484
1	0.01082	0.81891	0.02028	0.00696	0.01029	0.05904	0.00683	0.01208	0.00822	0.00935	0.00554	0.00640	0.00509	0.00343	0.00260	0.00086	0.00439	0.00214	0.00171	0.00506
2	0.00613	0.00500	0.00662	0.00657	0.00734	0.04780	0.00509	0.00753	0.00662	0.00923	0.01039	0.01515	0.00967	0.02843	0.80202	0.00610	0.01044	0.00416	0.00212	0.00359
3	0.00511	0.00399	0.00456	0.00449	0.00554	0.00352	0.00330	0.00639	0.00965	0.01255	0.34763	0.07460	0.44215	0.05228	0.00548	0.00144	0.00206	0.00791	0.00388	0.00345
4	0.88866	0.00767	0.00583	0.00521	0.00767	0.00889	0.00429	0.01166	0.00675	0.01779	0.00552	0.00644	0.00429	0.00368	0.00245	0.00123	0.00307	0.00215	0.00245	0.00429
5	0.00514	0.00388	0.00455	0.00475	0.00566	0.00347	0.00347	0.00635	0.00916	0.01207	0.22876	0.25256	0.35500	0.00996	0.00472	0.00138	0.00210	0.03640	0.04715	0.00344
6	0.88866	0.00767	0.00583	0.00521	0.00767	0.00889	0.00429	0.01166	0.00675	0.01779	0.00552	0.00644	0.00429	0.00368	0.00245	0.00123	0.00307	0.00215	0.00245	0.00429
7	0.00983	0.00667	0.00785	0.00710	0.00922	0.00679	0.00576	0.01512	0.32431	0.16516	0.01858	0.02332	0.09057	0.00684	0.00433	0.00136	0.00318	0.19874	0.00390	0.09135
8	0.00578	0.00417	0.00515	0.00503	0.00605	0.00385	0.00378	0.00761	0.03372	0.03070	0.49771	0.11870	0.19415	0.00883	0.00467	0.00132	0.00207	0.03685	0.02611	0.00374
9	0.00572	0.00402	0.00522	0.00522	0.00552	0.00433	0.00351	0.00634	0.00603	0.00835	0.01168	0.02143	0.01246	0.49916	0.37900	0.00494	0.00679	0.00511	0.00228	0.00290
10	0.08329	0.16706	0.05313	0.00813	0.06859	0.00874	0.02130	0.08465	0.00933	0.08646	0.00776	0.00877	0.00615	0.01762	0.00344	0.00094	0.00371	0.00276	0.00254	0.35564
11	0.00986	0.00852	0.00897	0.00807	0.01031	0.00986	0.00628	0.02107	0.82876	0.01659	0.01614	0.01479	0.01210	0.00538	0.00403	0.00134	0.00314	0.00448	0.00403	0.00628
12	0.01102	0.01218	0.06571	0.01337	0.17484	0.24442	0.16761	0.06862	0.01015	0.04612	0.00936	0.08400	0.00839	0.04790	0.00491	0.00135	0.00551	0.01697	0.00243	0.00515
13	0.00986	0.00852	0.00897	0.00807	0.01031	0.00986	0.00628	0.02107	0.82876	0.01659	0.01614	0.01479	0.01210	0.00538	0.00403	0.00134	0.00314	0.00448	0.00403	0.00628
14	0.00981	0.00942	0.01609	0.02434	0.83592	0.00942	0.01217	0.01217	0.00903	0.01295	0.00746	0.00981	0.00628	0.00353	0.00393	0.00118	0.00471	0.00353	0.00196	0.00628
15	0.00993	0.05699	0.01473	0.01975	0.61409	0.03702	0.01050	0.05227	0.05397	0.01348	0.04340	0.01160	0.03654	0.00412	0.00390	0.00117	0.00445	0.00379	0.00232	0.00597

[dist]
# distance from previous block
# <min> <max>
5	8

[block]
# block no. 4 follows, 68 sequences, length 13
# corresponding to MSA columns:
# 212-224
name=unknown_E
#
# <colnr> <probs for GDERKNQSTAVLIFYWHMCP>
#	G	D	E	R	K	N	Q	S	T	A	V	L	I	F	Y	W	H	M	C	P
0	0.88866	0.00767	0.00583	0.00521	0.00767	0.00889	0.00429	0.01166	0.00675	0.01779	0.00552	0.00644	0.00429	0.00368	0.00245	0.00123	0.00307	0.00215	0.00245	0.00429
1	0.00796	0.00692	0.00765	0.00603	0.00882	0.02914	0.00471	0.01078	0.11297	0.01311	0.05819	0.05704	0.08904	0.00474	0.00347	0.00086	0.00290	0.00393	0.00286	0.56888
2	0.00920	0.03337	0.04212	0.09578	0.03523	0.07233	0.08841	0.10483	0.02841	0.07851	0.07255	0.08162	0.16784	0.00742	0.03889	0.00150	0.00433	0.02979	0.00312	0.00475
3	0.88866	0.00767	0.00583	0.00521	0.00767	0.00889	0.00429	0.01166	0.00675	0.01779	0.00552	0.00644	0.00429	0.00368	0.00245	0.00123	0.00307	0.00215	0.00245	0.00429
4	0.00825	0.00486	0.00598	0.00541	0.00691	0.00445	0.00415	0.03443	0.03295	0.18254	0.32838	0.11120	0.21758	0.00809	0.00449	0.00129	0.00236	0.00695	0.02534	0.00437
5	0.00889	0.00780	0.01215	0.33462	0.18373	0.00853	0.06698	0.11579	0.00991	0.02991	0.03022	0.01447	0.11631	0.00492	0.00425	0.00127	0.01963	0.00435	0.02125	0.00503
6	0.03034	0.03031	0.14531	0.26741	0.27138	0.10039	0.01101	0.04155	0.02410	0.03057	0.00746	0.00953	0.00578	0.00387	0.00381	0.00121	0.00521	0.00329	0.00205	0.00542
7	0.00580	0.00462	0.00611	0.00627	0.02959	0.00430	0.03938	0.03883	0.00931	0.01210	0.14065	0.28316	0.29834	0.00991	0.00483	0.00145	0.00262	0.09536	0.00367	0.00370
8	0.00503	0.00360	0.00474	0.00553	0.00587	0.00339	0.00381	0.00584	0.00782	0.01040	0.05712	0.68979	0.05037	0.05591	0.00585	0.00172	0.00246	0.07387	0.00364	0.00324
9	0.02994	0.24211	0.10833	0.02943	0.08926	0.04766	0.12644	0.03543	0.10278	0.05496	0.00948	0.04920	0.02135	0.00448	0.00397	0.00118	0.03244	0.00375	0.00242	0.00539
10	0.01006	0.00635	0.04376	0.04511	0.07376	0.00564	0.00600	0.02281	0.03170	0.26711	0.24795	0.03446	0.07625	0.00857	0.08720	0.00175	0.00382	0.00526	0.01738	0.00503
11	0.00536	0.00422	0.00483	0.00547	0.00599	0.03794	0.00378	0.00621	0.00814	0.01060	0.05868	0.63660	0.13491	0.01132	0.00488	0.00152	0.00245	0.02542	0.02835	0.00334
12	0.02877	0.01194	0.19689	0.11949	0.12283	0.05220	0.12216	0.12786	0.05256	0.02921	0.03360	0.02923	0.00759	0.00482	0.01863	0.00136	0.02906	0.00383	0.00245	0.00552

[dist]
# distance from previous block
# <min> <max>
0	8

[block]
# block no. 5 follows, 68 sequences, length 24
# corresponding to MSA columns:
# 233-256
name=unknown_F
#
# <colnr> <probs for GDERKNQSTAVLIFYWHMCP>
#	G	D	E	R	K	N	Q	S	T	A	V	L	I	F	Y	W	H	M	C	P
0	0.01015	0.06422	0.04424	0.16073	0.14429	0.04992	0.02932	0.07496	0.09005	0.09987	0.01183	0.03820	0.06098	0.00523	0.01304	0.00128	0.02814	0.02117	0.00278	0.04958
1	0.04732	0.06994	0.05511	0.02486	0.12730	0.03417	0.07076	0.04009	0.00769	0.01089	0.00755	0.02537	0.00678	0.00936	0.09291	0.24322	0.05115	0.00349	0.00203	0.07003
2	0.00583	0.00411	0.00474	0.00480	0.00573	0.00395	0.00364	0.00720	0.00888	0.01251	0.15174	0.13902	0.29941	0.00860	0.00467	0.00131	0.03949	0.06340	0.22743	0.00355
3	0.00963	0.00910	0.02817	0.25968	0.34987	0.03387	0.03247	0.07881	0.00941	0.02734	0.00749	0.00981	0.00594	0.00391	0.00428	0.00120	0.04390	0.00343	0.00214	0.07954
4	0.01118	0.00869	0.00900	0.00765	0.00993	0.03383	0.00603	0.27121	0.37024	0.04078	0.01455	0.01459	0.05349	0.04287	0.00462	0.00135	0.00350	0.00431	0.08636	0.00582
5	0.00585	0.00401	0.00509	0.00482	0.00575	0.00374	0.00361	0.00771	0.01084	0.01575	0.72552	0.02766	0.03382	0.00765	0.00443	0.00120	0.00187	0.00671	0.12025	0.00374
6	0.09681	0.00598	0.00734	0.00615	0.00843	0.00551	0.00491	0.01437	0.04610	0.45560	0.08559	0.09509	0.13815	0.00654	0.00410	0.00129	0.00291	0.00542	0.00429	0.00541
7	0.00469	0.00402	0.00402	0.00402	0.00536	0.00335	0.00301	0.00569	0.00904	0.01071	0.04017	0.03816	0.83432	0.01004	0.00469	0.00134	0.00201	0.00837	0.00368	0.00335
8	0.88866	0.00767	0.00583	0.00521	0.00767	0.00889	0.00429	0.01166	0.00675	0.01779	0.00552	0.00644	0.00429	0.00368	0.00245	0.00123	0.00307	0.00215	0.00245	0.00429
9	0.84132	0.00785	0.00616	0.00543	0.00792	0.00908	0.00447	0.05561	0.00739	0.01818	0.00574	0.00661	0.00443	0.00374	0.00254	0.00122	0.00314	0.00222	0.00254	0.00443
10	0.00483	0.00376	0.00439	0.00479	0.00558	0.00332	0.00338	0.00576	0.00855	0.01087	0.09716	0.41424	0.39729	0.01098	0.00486	0.00146	0.00213	0.00960	0.00374	0.00332
11	0.01252	0.01452	0.01207	0.01178	0.10311	0.47030	0.00844	0.05664	0.00991	0.01083	0.00619	0.00801	0.00535	0.00487	0.00633	0.00125	0.24803	0.00298	0.00205	0.00482
12	0.03462	0.06506	0.03790	0.00921	0.07386	0.00807	0.06924	0.02233	0.00829	0.02218	0.07757	0.08030	0.01004	0.00515	0.00548	0.00113	0.17222	0.00402	0.00244	0.29087
13	0.04533	0.24171	0.05757	0.00938	0.07983	0.06575	0.00754	0.21389	0.14379	0.01529	0.01901	0.02393	0.00768	0.00567	0.04580	0.00138	0.00462	0.00337	0.00280	0.00564
14	0.01434	0.01792	0.01091	0.00992	0.01194	0.77655	0.00745	0.01594	0.05546	0.01022	0.00686	0.00777	0.00562	0.00417	0.00358	0.00104	0.00679	0.00269	0.02617	0.00466
15	0.00783	0.00504	0.00585	0.00523	0.00687	0.00462	0.00405	0.05261	0.04654	0.14559	0.25947	0.02923	0.39543	0.00818	0.00450	0.00129	0.00236	0.00690	0.00410	0.00431
16	0.05507	0.09765	0.05829	0.08017	0.03394	0.02833	0.21365	0.06467	0.04301	0.15496	0.00905	0.01004	0.00663	0.00385	0.00377	0.00113	0.00469	0.00351	0.00271	0.12486
17	0.02000	0.00895	0.03747	0.39365	0.17409	0.07802	0.02129	0.04676	0.03278	0.01160	0.00751	0.01038	0.00604	0.02451	0.00497	0.04570	0.01907	0.00344	0.00204	0.05174
18	0.00660	0.00465	0.00588	0.00538	0.00653	0.00446	0.00409	0.05170	0.03922	0.04016	0.72390	0.04247	0.03392	0.00782	0.00460	0.00125	0.00210	0.00687	0.00434	0.00406
19	0.00571	0.00471	0.00622	0.10522	0.00901	0.02928	0.02398	0.00692	0.00833	0.01077	0.07328	0.48520	0.12540	0.01026	0.00484	0.00151	0.00295	0.07945	0.00341	0.00354
20	0.00688	0.00523	0.00705	0.05571	0.00843	0.00597	0.00526	0.05818	0.03290	0.02877	0.01332	0.08780	0.06468	0.11739	0.40516	0.00405	0.07241	0.00513	0.01184	0.00383
21	0.02481	0.00977	0.07493	0.01281	0.01610	0.00868	0.47256	0.04324	0.06606	0.05818	0.03830	0.08477	0.01036	0.00505	0.00455	0.00137	0.00533	0.05524	0.00268	0.00522
22	0.06236	0.00689	0.00736	0.00617	0.00819	0.00730	0.00497	0.29071	0.02961	0.09264	0.03203	0.01371	0.01886	0.00495	0.00343	0.00110	0.00300	0.02325	0.37836	0.00511
23	0.08111	0.00807	0.01049	0.10533	0.01273	0.01591	0.07754	0.21647	0.04140	0.22280	0.05339	0.02754	0.00960	0.01321	0.00405	0.00125	0.00395	0.01346	0.04894	0.03276

[dist]
# distance from previous block
# <min> <max>
0	11

[block]
# block no. 6 follows, 68 sequences, length 33
# corresponding to MSA columns:
# 268-300
name=unknown_G
#
# <colnr> <probs for GDERKNQSTAVLIFYWHMCP>
#	G	D	E	R	K	N	Q	S	T	A	V	L	I	F	Y	W	H	M	C	P
0	0.00643	0.00479	0.00556	0.00566	0.00670	0.00480	0.00412	0.00962	0.18235	0.03275	0.11262	0.37033	0.16697	0.00937	0.00457	0.00141	0.00238	0.00823	0.05729	0.00406
1	0.01107	0.65055	0.01802	0.00728	0.01029	0.14914	0.00675	0.03209	0.00903	0.01019	0.05864	0.00805	0.00720	0.00384	0.00288	0.00091	0.00456	0.00255	0.00198	0.00496
2	0.88866	0.00767	0.00583	0.00521	0.00767	0.00889	0.00429	0.01166	0.00675	0.01779	0.00552	0.00644	0.00429	0.00368	0.00245	0.00123	0.00307	0.00215	0.00245	0.00429
3	0.00631	0.00432	0.00521	0.00482	0.00610	0.00381	0.00365	0.00781	0.01028	0.07837	0.45500	0.03072	0.31151	0.02709	0.00492	0.00132	0.00211	0.00719	0.00408	0.02538
4	0.01692	0.00736	0.00944	0.00727	0.01027	0.00684	0.00600	0.15464	0.01246	0.66905	0.01450	0.01287	0.00931	0.00487	0.00394	0.00121	0.00348	0.00391	0.03903	0.00663
5	0.00547	0.00400	0.00511	0.00493	0.00583	0.00367	0.00365	0.00713	0.01064	0.01482	0.68253	0.09729	0.10734	0.02389	0.00499	0.00133	0.00195	0.00758	0.00421	0.00364
6	0.00561	0.00405	0.00530	0.00499	0.00592	0.00374	0.00374	0.00748	0.01122	0.01590	0.83383	0.02962	0.03741	0.00811	0.00468	0.00125	0.00187	0.00717	0.00436	0.00374
7	0.01474	0.01094	0.01171	0.00906	0.01217	0.01214	0.00746	0.77148	0.07041	0.02445	0.00994	0.00986	0.00709	0.00480	0.00397	0.00120	0.00428	0.00363	0.00397	0.00671
8	0.06503	0.23152	0.06269	0.00534	0.00741	0.02795	0.00489	0.01072	0.00830	0.03468	0.01004	0.01140	0.00799	0.00418	0.00281	0.00095	0.00298	0.00311	0.49365	0.00434
9	0.00471	0.00402	0.00405	0.00404	0.00537	0.00336	0.00303	0.00574	0.00909	0.01085	0.06069	0.03794	0.81371	0.00999	0.00469	0.00134	0.00200	0.00834	0.00370	0.00336
10	0.00645	0.00471	0.00623	0.00688	0.00791	0.00466	0.00590	0.03943	0.00943	0.01216	0.02308	0.07196	0.12817	0.01065	0.00530	0.00173	0.00342	0.64457	0.00367	0.00372
11	0.05434	0.00728	0.01001	0.00764	0.01074	0.00660	0.05081	0.06996	0.01151	0.70612	0.01440	0.01279	0.00917	0.00476	0.00396	0.00123	0.00361	0.00392	0.00458	0.00657
12	0.01429	0.07893	0.03790	0.00973	0.03757	0.08004	0.09086	0.30806	0.04295	0.24384	0.01055	0.01045	0.00737	0.00444	0.00389	0.00118	0.00456	0.00361	0.00355	0.00623
13	0.00986	0.02996	0.18915	0.01179	0.15462	0.02712	0.06468	0.07564	0.11786	0.05551	0.02066	0.02377	0.00757	0.00419	0.00406	0.00114	0.03095	0.00354	0.00260	0.16532
14	0.01071	0.64705	0.08009	0.00787	0.01117	0.09803	0.02718	0.01241	0.02281	0.00982	0.00593	0.00693	0.00524	0.00366	0.00322	0.00095	0.03768	0.00238	0.00178	0.00509
15	0.01662	0.00666	0.00892	0.00684	0.00986	0.00571	0.00562	0.01819	0.01098	0.74075	0.01484	0.01311	0.00950	0.00473	0.00386	0.00116	0.00328	0.00384	0.03649	0.07904
16	0.38725	0.00738	0.00858	0.04134	0.11237	0.00778	0.01917	0.01378	0.04454	0.23609	0.02083	0.03517	0.00774	0.00480	0.01603	0.00131	0.00355	0.00341	0.02361	0.00524
17	0.07468	0.01081	0.15732	0.10069	0.13763	0.06465	0.07083	0.05243	0.06527	0.12765	0.01027	0.08193	0.00840	0.01503	0.00414	0.00130	0.00464	0.00416	0.00273	0.00546
18	0.03174	0.00802	0.06254	0.00743	0.01057	0.00675	0.00646	0.11251	0.01193	0.63391	0.05555	0.01339	0.01044	0.00496	0.00398	0.00123	0.00357	0.00400	0.00452	0.00649
19	0.01141	0.00851	0.00926	0.00803	0.01046	0.00953	0.00633	0.09353	0.64392	0.12935	0.01547	0.01414	0.01131	0.00526	0.00402	0.00131	0.00328	0.00433	0.00415	0.00638
20	0.00861	0.00806	0.03232	0.21196	0.29441	0.01971	0.04480	0.02814	0.08543	0.03479	0.04542	0.08398	0.07471	0.00531	0.00416	0.00129	0.00428	0.00482	0.00260	0.00520
21	0.06541	0.09029	0.14633	0.13969	0.09171	0.05564	0.04015	0.05083	0.07591	0.04600	0.05187	0.03892	0.08095	0.00499	0.00384	0.00123	0.00440	0.00414	0.00260	0.00512
22	0.00517	0.00377	0.00481	0.00555	0.00591	0.00364	0.00373	0.00641	0.05361	0.01034	0.02140	0.73678	0.04516	0.06617	0.00596	0.00173	0.00244	0.01047	0.00362	0.00334
23	0.02208	0.00665	0.02600	0.30273	0.09107	0.00705	0.02696	0.07035	0.00916	0.04173	0.08175	0.22907	0.01390	0.00657	0.00436	0.00135	0.01421	0.00584	0.03469	0.00450
24	0.04946	0.11024	0.15304	0.07913	0.10305	0.07806	0.07418	0.11159	0.02494	0.09270	0.06128	0.02786	0.00854	0.00441	0.00379	0.00119	0.00475	0.00367	0.00265	0.00550
25	0.00708	0.00635	0.02398	0.00910	0.12642	0.03804	0.05250	0.06681	0.00934	0.01229	0.06208	0.35990	0.16598	0.00877	0.00459	0.00140	0.00324	0.01873	0.01919	0.00420
26	0.00506	0.00384	0.00447	0.00466	0.00552	0.00342	0.00333	0.00588	0.00854	0.01086	0.13727	0.23555	0.42990	0.03180	0.02307	0.06926	0.00239	0.00840	0.00356	0.00322
27	0.01047	0.28079	0.06413	0.06320	0.18231	0.09051	0.09147	0.04249	0.00906	0.03835	0.00739	0.03539	0.00633	0.00415	0.00413	0.00114	0.05797	0.00333	0.00207	0.00533
28	0.06783	0.09637	0.07517	0.03994	0.08028	0.10985	0.04841	0.16808	0.04963	0.12349	0.02679	0.05393	0.00836	0.00543	0.02806	0.00134	0.00473	0.00380	0.00296	0.00555
29	0.11774	0.01868	0.04003	0.06837	0.10810	0.09420	0.02978	0.10060	0.10545	0.07955	0.05716	0.03039	0.02985	0.00479	0.00396	0.00120	0.02480	0.00384	0.02449	0.05701
30	0.11223	0.02084	0.00842	0.06020	0.04254	0.03379	0.00567	0.07441	0.04044	0.09124	0.05529	0.03809	0.04856	0.04198	0.07427	0.00162	0.01784	0.00392	0.01347	0.21518
31	0.11073	0.03408	0.00865	0.01909	0.06113	0.03850	0.02239	0.04449	0.02825	0.05896	0.01004	0.01321	0.03219	0.09900	0.22005	0.00269	0.02617	0.00370	0.00252	0.16417
32	0.07468	0.02725	0.06628	0.04725	0.10079	0.03677	0.04666	0.03501	0.05282	0.02818	0.03228	0.01162	0.00777	0.04833	0.01691	0.25672	0.04814	0.00356	0.00224	0.05677

[dist]
# distance from previous block
# <min> <max>
5	32

[block]
# block no. 7 follows, 68 sequences, length 49
# corresponding to MSA columns:
# 333-381
name=unknown_H
#
# <colnr> <probs for GDERKNQSTAVLIFYWHMCP>
#	G	D	E	R	K	N	Q	S	T	A	V	L	I	F	Y	W	H	M	C	P
0	0.01608	0.01596	0.00622	0.03028	0.06585	0.00465	0.00454	0.00810	0.03986	0.06233	0.13357	0.18962	0.34181	0.02439	0.03724	0.00159	0.00286	0.00753	0.00356	0.00396
1	0.01985	0.05913	0.06664	0.02695	0.19737	0.07542	0.07408	0.09648	0.04266	0.06318	0.03650	0.10998	0.01907	0.00571	0.01606	0.00133	0.06451	0.00455	0.00270	0.01784
2	0.04578	0.01034	0.03618	0.03339	0.08216	0.14922	0.16886	0.12009	0.06020	0.05881	0.05180	0.05794	0.03050	0.05943	0.00514	0.00141	0.00488	0.01592	0.00285	0.00511
3	0.00650	0.00565	0.03798	0.00585	0.00708	0.03736	0.00461	0.02063	0.06832	0.02467	0.43607	0.15422	0.09404	0.02187	0.02855	0.00151	0.00279	0.03445	0.00387	0.00398
4	0.02180	0.00905	0.04298	0.06368	0.13377	0.06202	0.06230	0.12560	0.13621	0.08504	0.04642	0.07394	0.02449	0.04125	0.02517	0.00151	0.01944	0.01683	0.00310	0.00538
5	0.08857	0.10122	0.14352	0.04182	0.12535	0.05110	0.14420	0.12212	0.03023	0.03671	0.01987	0.03579	0.00713	0.01939	0.00420	0.00126	0.01597	0.00368	0.00243	0.00546
6	0.02053	0.04386	0.09583	0.06822	0.05516	0.12690	0.02418	0.11816	0.10891	0.13016	0.04068	0.07706	0.06225	0.00547	0.00399	0.00124	0.00435	0.00448	0.00317	0.00540
7	0.02280	0.00952	0.01203	0.11580	0.11653	0.05180	0.04585	0.24735	0.09118	0.08343	0.02082	0.01054	0.00736	0.00460	0.00475	0.00123	0.08365	0.00362	0.00301	0.06414
8	0.00890	0.00718	0.00836	0.00608	0.00950	0.00568	0.00488	0.04240	0.03192	0.05019	0.00834	0.00919	0.02015	0.00328	0.00308	0.00067	0.00300	0.00263	0.00260	0.77196
9	0.00518	0.00368	0.00487	0.00559	0.00596	0.00349	0.00392	0.00607	0.00797	0.01068	0.09803	0.60481	0.02584	0.08457	0.00637	0.00179	0.00256	0.11170	0.00363	0.00325
10	0.00539	0.00404	0.00499	0.00476	0.00579	0.00365	0.00357	0.00705	0.01070	0.01466	0.64414	0.03166	0.22788	0.00857	0.00468	0.00127	0.00190	0.00746	0.00420	0.00365
11	0.00852	0.00861	0.01332	0.01097	0.01164	0.01116	0.13271	0.00982	0.00688	0.01038	0.04987	0.03053	0.00754	0.00658	0.01110	0.00165	0.65827	0.00404	0.00196	0.00443
12	0.00869	0.00874	0.01199	0.01021	0.01044	0.03863	0.03955	0.00960	0.00635	0.00954	0.00586	0.00993	0.00589	0.06722	0.01289	0.00185	0.73292	0.00365	0.00180	0.00425
13	0.00484	0.00404	0.00423	0.00424	0.00553	0.00343	0.00322	0.00596	0.00925	0.01125	0.11383	0.03763	0.72606	0.00990	0.00472	0.00135	0.00206	0.04131	0.00374	0.00340
14	0.00953	0.00820	0.00866	0.00782	0.00998	0.00941	0.00607	0.02004	0.77049	0.01637	0.04846	0.01613	0.03990	0.00564	0.00408	0.00134	0.00305	0.00471	0.00404	0.00608
15	0.01481	0.01890	0.01124	0.01021	0.01226	0.84474	0.00766	0.01583	0.01124	0.00970	0.00613	0.00715	0.00511	0.00409	0.00358	0.00102	0.00715	0.00255	0.00204	0.00460
16	0.03602	0.06957	0.03344	0.11216	0.26655	0.27929	0.00938	0.09260	0.03016	0.02388	0.00731	0.00883	0.00585	0.00394	0.00369	0.00113	0.00543	0.00310	0.00224	0.00543
17	0.00573	0.00418	0.00540	0.00507	0.00604	0.00391	0.00381	0.00786	0.03380	0.01592	0.81125	0.02921	0.03671	0.00803	0.00466	0.00125	0.00191	0.00710	0.00436	0.00381
18	0.00816	0.00607	0.00824	0.00720	0.00805	0.00706	0.00578	0.00960	0.00930	0.11111	0.41325	0.02024	0.04220	0.00735	0.00765	0.00143	0.31412	0.00547	0.00345	0.00431
19	0.00940	0.01020	0.06135	0.01891	0.40631	0.00939	0.29843	0.01269	0.05570	0.01297	0.00819	0.01040	0.00652	0.00414	0.02284	0.00134	0.00544	0.00393	0.00210	0.03975
20	0.01406	0.01763	0.01150	0.01028	0.01233	0.74629	0.03935	0.01551	0.03728	0.01002	0.00665	0.00783	0.00552	0.00496	0.03053	0.00122	0.01953	0.00277	0.00210	0.00464
21	0.00572	0.00381	0.00432	0.00439	0.00446	0.00378	0.00252	0.00584	0.00603	0.00813	0.01369	0.09060	0.02872	0.75648	0.01826	0.00355	0.00364	0.00618	0.02735	0.00252
22	0.26276	0.00944	0.01025	0.00801	0.01100	0.01024	0.04057	0.43487	0.01376	0.14801	0.00927	0.00931	0.00649	0.00442	0.00357	0.00121	0.00394	0.00328	0.00360	0.00599
23	0.01779	0.00675	0.00920	0.00705	0.01012	0.00583	0.00583	0.01932	0.01135	0.83867	0.01564	0.01350	0.00981	0.00491	0.00399	0.00123	0.00337	0.00399	0.00491	0.00675
24	0.01481	0.01890	0.01124	0.01021	0.01226	0.84474	0.00766	0.01583	0.01124	0.00970	0.00613	0.00715	0.00511	0.00409	0.00358	0.00102	0.00715	0.00255	0.00204	0.00460
25	0.00592	0.00429	0.00531	0.00499	0.00610	0.00396	0.00376	0.00799	0.04279	0.03553	0.64203	0.03014	0.17575	0.00826	0.00464	0.00127	0.00198	0.00720	0.00425	0.00385
26	0.01133	0.00847	0.00892	0.00777	0.01010	0.03630	0.00611	0.08148	0.57067	0.12847	0.01501	0.01396	0.01101	0.00517	0.00392	0.00128	0.00330	0.00423	0.06636	0.00614
27	0.00481	0.00353	0.00452	0.00531	0.00570	0.00324	0.00359	0.00554	0.00779	0.01020	0.02436	0.74576	0.13691	0.01210	0.00501	0.00157	0.00226	0.01087	0.00368	0.00324
28	0.01751	0.00720	0.00948	0.00727	0.01035	0.00650	0.00601	0.10296	0.01211	0.75396	0.01500	0.01308	0.00949	0.00489	0.00399	0.00122	0.00348	0.00394	0.00481	0.00675
29	0.00582	0.00409	0.00487	0.00495	0.00598	0.00365	0.00360	0.00711	0.02329	0.06305	0.19351	0.29498	0.35050	0.01001	0.00475	0.00140	0.00218	0.00871	0.00390	0.00365
30	0.79245	0.00803	0.00655	0.00636	0.04976	0.02998	0.00480	0.02468	0.00715	0.01728	0.00582	0.00702	0.00463	0.01888	0.00289	0.00126	0.00329	0.00231	0.00244	0.00441
31	0.23821	0.00813	0.00890	0.00705	0.00990	0.00841	0.00581	0.25188	0.01218	0.35669	0.01116	0.01059	0.00753	0.00454	0.00354	0.00120	0.00352	0.00338	0.04140	0.00599
32	0.01513	0.01101	0.01184	0.00908	0.01225	0.01215	0.00750	0.80427	0.01847	0.04366	0.00966	0.00961	0.00681	0.00476	0.00397	0.00119	0.00434	0.00358	0.00399	0.00674
33	0.00822	0.00705	0.00822	0.00587	0.00940	0.00529	0.00470	0.00998	0.00822	0.01292	0.00705	0.00822	0.00587	0.00294	0.00294	0.00059	0.00294	0.00235	0.00235	0.88490
