[name]
unknown

[dist]
# distance from previous block
# <min> <max>
0	23

[block]
# block no. 0 follows, 72 sequences, length 13
# corresponding to MSA columns:
# 23-35
name=unknown_A
#
# <colnr> <probs for GDERKNQSTAVLIFYWHMCP>
#	G	D	E	R	K	N	Q	S	T	A	V	L	I	F	Y	W	H	M	C	P
0	0.03557	0.00876	0.01063	0.00906	0.06150	0.00921	0.03787	0.36828	0.13600	0.23712	0.01168	0.01195	0.00838	0.00472	0.00384	0.00119	0.00380	0.03048	0.00381	0.00615
1	0.01415	0.01328	0.01124	0.00992	0.06160	0.34577	0.00744	0.41479	0.01410	0.05955	0.00800	0.00841	0.00595	0.00423	0.00364	0.00108	0.00521	0.00305	0.00299	0.00561
2	0.01026	0.77315	0.06247	0.00685	0.01020	0.01449	0.00692	0.06062	0.00833	0.00998	0.00558	0.00637	0.00496	0.00334	0.00258	0.00085	0.00414	0.00215	0.00175	0.00500
3	0.00466	0.00371	0.00417	0.00434	0.00530	0.00323	0.00315	0.00567	0.00863	0.01089	0.16033	0.23790	0.51492	0.00987	0.00457	0.00133	0.00197	0.00850	0.00362	0.00323
4	0.00555	0.00415	0.00578	0.14137	0.00890	0.00434	0.00483	0.00655	0.00714	0.00940	0.01615	0.35001	0.01832	0.23261	0.00851	0.00209	0.00329	0.16498	0.00290	0.00314
5	0.01014	0.86900	0.01987	0.00649	0.00973	0.01501	0.00649	0.01136	0.00771	0.00892	0.00527	0.00608	0.00487	0.00324	0.00243	0.00081	0.00406	0.00203	0.00162	0.00487
6	0.00526	0.00391	0.00492	0.00479	0.00576	0.00358	0.00367	0.00689	0.01015	0.01390	0.61191	0.03121	0.19109	0.00836	0.00454	0.00126	0.00197	0.07936	0.00399	0.00350
7	0.00497	0.00354	0.00476	0.00561	0.00596	0.00337	0.00403	0.00584	0.00752	0.00996	0.02043	0.66093	0.02401	0.04032	0.00541	0.00166	0.00253	0.18256	0.00347	0.00314
8	0.09203	0.16234	0.03795	0.00874	0.01114	0.54584	0.00710	0.07294	0.01027	0.01105	0.00597	0.00685	0.00492	0.00380	0.00319	0.00098	0.00578	0.00242	0.00205	0.00464
9	0.00649	0.00552	0.00545	0.00517	0.00651	0.05588	0.00389	0.11630	0.00991	0.01227	0.08764	0.17311	0.48010	0.00884	0.00439	0.00128	0.00256	0.00745	0.00351	0.00371
10	0.08733	0.00926	0.01436	0.03549	0.15365	0.02484	0.26726	0.16912	0.02334	0.01485	0.00755	0.00910	0.00582	0.00351	0.00370	0.00109	0.00464	0.00342	0.00239	0.15929
11	0.08816	0.05681	0.07592	0.15692	0.08491	0.09640	0.07647	0.15757	0.04977	0.01379	0.00742	0.00895	0.00576	0.00452	0.02506	0.00126	0.03436	0.00315	0.00231	0.05049
12	0.04835	0.19767	0.08956	0.07506	0.18984	0.07370	0.08168	0.03911	0.01724	0.02167	0.00722	0.03222	0.00623	0.03230	0.00431	0.00118	0.04046	0.00325	0.00200	0.03697

[dist]
# distance from previous block
# <min> <max>
3	38

[block]
# block no. 1 follows, 72 sequences, length 24
# corresponding to MSA columns:
# 74-97
name=unknown_B
#
# <colnr> <probs for GDERKNQSTAVLIFYWHMCP>
#	G	D	E	R	K	N	Q	S	T	A	V	L	I	F	Y	W	H	M	C	P
0	0.12802	0.04061	0.01279	0.05039	0.29924	0.00868	0.11228	0.09169	0.02689	0.07607	0.03436	0.04408	0.01767	0.00428	0.00378	0.00118	0.01296	0.01244	0.00254	0.02006
1	0.00941	0.00844	0.01169	0.05877	0.29209	0.05526	0.04945	0.08844	0.02534	0.03625	0.01820	0.04596	0.00803	0.00437	0.00395	0.00108	0.02825	0.05052	0.00243	0.20204
2	0.00952	0.00948	0.01504	0.10091	0.21837	0.08351	0.27156	0.07099	0.00942	0.02726	0.00842	0.04273	0.00712	0.00407	0.00399	0.00117	0.00507	0.03534	0.00222	0.07381
3	0.00695	0.00635	0.00913	0.02300	0.05518	0.04826	0.13019	0.00923	0.06885	0.01208	0.20110	0.26512	0.01936	0.00743	0.00466	0.00131	0.03277	0.04781	0.00312	0.04809
4	0.08077	0.11183	0.07056	0.00845	0.04307	0.09450	0.00692	0.07773	0.38854	0.03204	0.01093	0.02520	0.00849	0.00457	0.00367	0.00118	0.01951	0.00353	0.00301	0.00549
5	0.54654	0.05143	0.00770	0.00609	0.00858	0.10290	0.00498	0.05444	0.03146	0.11213	0.00700	0.00746	0.00523	0.00376	0.00278	0.00111	0.00352	0.00244	0.00265	0.03779
6	0.00599	0.00467	0.00595	0.00669	0.03842	0.00459	0.00527	0.00828	0.08222	0.01139	0.02429	0.08536	0.24683	0.00958	0.00483	0.00154	0.00298	0.44394	0.00347	0.00371
7	0.01167	0.01036	0.01523	0.05501	0.10794	0.13691	0.30361	0.09135	0.01017	0.16563	0.00864	0.00991	0.00631	0.00392	0.00439	0.00120	0.04606	0.00371	0.00258	0.00539
8	0.00760	0.00719	0.01217	0.69199	0.18828	0.00854	0.01075	0.01008	0.00779	0.01023	0.00682	0.00997	0.00524	0.00371	0.00378	0.00124	0.00495	0.00337	0.00172	0.00457
9	0.00787	0.01775	0.68290	0.01184	0.01709	0.00896	0.17630	0.01204	0.00820	0.01204	0.00698	0.00845	0.00499	0.00352	0.00378	0.00122	0.00576	0.00314	0.00166	0.00551
10	0.00462	0.00330	0.00440	0.00528	0.00550	0.00308	0.00352	0.00528	0.00726	0.00968	0.02090	0.86424	0.02508	0.01188	0.00484	0.00154	0.00220	0.01078	0.00352	0.00308
11	0.00557	0.00422	0.00611	0.00603	0.00659	0.00493	0.00460	0.00673	0.00601	0.00864	0.01014	0.01584	0.00981	0.13368	0.70616	0.00558	0.04982	0.00421	0.00205	0.00328
12	0.01418	0.01660	0.01106	0.00972	0.01187	0.71176	0.03267	0.08183	0.01128	0.05513	0.00667	0.00745	0.00528	0.00398	0.00350	0.00101	0.00642	0.00266	0.00225	0.00470
13	0.00662	0.00381	0.00511	0.00552	0.00618	0.00348	0.00385	0.00741	0.00784	0.14479	0.01994	0.72665	0.02255	0.01072	0.00467	0.00148	0.00237	0.00966	0.00371	0.00363
14	0.00473	0.00359	0.00438	0.00491	0.00556	0.00324	0.00350	0.00563	0.00801	0.01029	0.07211	0.48845	0.29129	0.01081	0.00473	0.00145	0.00218	0.06840	0.00356	0.00318
15	0.89350	0.00733	0.00557	0.00499	0.00733	0.00851	0.00411	0.01115	0.00645	0.01702	0.00528	0.00616	0.00411	0.00352	0.00235	0.00117	0.00293	0.00205	0.00235	0.00411
16	0.00933	0.35013	0.15283	0.00826	0.01188	0.01058	0.10259	0.04777	0.03622	0.02915	0.00692	0.00798	0.00560	0.00391	0.02145	0.00103	0.00441	0.00270	0.00203	0.18521
17	0.01341	0.01621	0.01153	0.01190	0.14608	0.67078	0.00802	0.05783	0.01078	0.01056	0.00624	0.00737	0.00515	0.00386	0.00349	0.00101	0.00632	0.00265	0.00204	0.00477
18	0.00858	0.00750	0.02133	0.00773	0.00987	0.00791	0.08262	0.06887	0.45642	0.02843	0.04917	0.03443	0.15707	0.00610	0.00411	0.00129	0.00321	0.03654	0.00359	0.00522
19	0.00850	0.00689	0.00862	0.00618	0.00955	0.00531	0.04387	0.01025	0.00811	0.06597	0.00731	0.00830	0.00587	0.00295	0.00295	0.00064	0.00301	0.00245	0.00239	0.79090
20	0.01025	0.00782	0.00890	0.00658	0.00981	0.00702	0.00534	0.23641	0.02629	0.06613	0.00805	0.00863	0.00619	0.00345	0.00316	0.00077	0.00321	0.00270	0.00285	0.57643
21	0.00584	0.00402	0.00502	0.00496	0.00591	0.00370	0.00364	0.00748	0.03784	0.06157	0.41249	0.24324	0.17221	0.00887	0.00451	0.00130	0.00204	0.00780	0.00391	0.00364
22	0.03154	0.00849	0.00987	0.01004	0.14438	0.12445	0.03147	0.06891	0.05814	0.21349	0.09584	0.01614	0.01197	0.00526	0.00393	0.00119	0.00394	0.10635	0.00328	0.05131
23	0.00514	0.00372	0.00471	0.00495	0.00569	0.00340	0.00360	0.00635	0.00896	0.02373	0.33523	0.34032	0.17470	0.00973	0.00465	0.00137	0.00208	0.05452	0.00378	0.00336

[dist]
# distance from previous block
# <min> <max>
7	21

[block]
# block no. 2 follows, 72 sequences, length 14
# corresponding to MSA columns:
# 120-133
name=unknown_C
#
# <colnr> <probs for GDERKNQSTAVLIFYWHMCP>
#	G	D	E	R	K	N	Q	S	T	A	V	L	I	F	Y	W	H	M	C	P
0	0.05100	0.00853	0.05730	0.02650	0.15184	0.05436	0.09081	0.09104	0.07018	0.11414	0.06316	0.04387	0.05828	0.07573	0.00519	0.00141	0.00404	0.02469	0.00293	0.00500
1	0.00938	0.00878	0.01499	0.06182	0.69778	0.00872	0.05210	0.01164	0.00862	0.03425	0.00733	0.00948	0.00602	0.00340	0.00375	0.00111	0.00451	0.00339	0.00196	0.05098
2	0.00857	0.03361	0.00776	0.00576	0.00839	0.02745	0.00459	0.03151	0.02545	0.09855	0.17163	0.03087	0.04168	0.00452	0.00339	0.00084	0.00279	0.00375	0.00299	0.48590
3	0.08324	0.00931	0.01052	0.05036	0.01177	0.01022	0.03267	0.51882	0.10092	0.08384	0.04312	0.01055	0.00811	0.00459	0.00374	0.00117	0.00390	0.00360	0.00361	0.00595
4	0.00846	0.00722	0.00909	0.00845	0.13163	0.00609	0.00572	0.07654	0.00876	0.01317	0.00769	0.05068	0.00671	0.00348	0.00313	0.00074	0.00314	0.00293	0.00238	0.64398
5	0.00659	0.00329	0.00494	0.00494	0.00494	0.00329	0.00329	0.00494	0.00494	0.00659	0.00659	0.01153	0.00659	0.01318	0.01482	0.88966	0.00329	0.00329	0.00165	0.00165
6	0.00926	0.00775	0.00915	0.07763	0.07515	0.00870	0.00667	0.13878	0.43515	0.01545	0.04135	0.01552	0.05821	0.00651	0.04649	0.00150	0.00374	0.03411	0.00341	0.00546
7	0.00688	0.00560	0.00820	0.07823	0.13895	0.03201	0.02726	0.00763	0.00659	0.00898	0.00928	0.07905	0.00929	0.12647	0.21191	0.18513	0.04869	0.00437	0.00203	0.00345
8	0.01118	0.00745	0.05022	0.01997	0.02387	0.00698	0.02877	0.14690	0.13212	0.25975	0.06631	0.06767	0.05383	0.00607	0.00409	0.00127	0.00340	0.08979	0.01498	0.00538
9	0.07321	0.04289	0.19875	0.03085	0.03587	0.13909	0.02954	0.11596	0.05081	0.05669	0.00817	0.00891	0.01941	0.00382	0.00339	0.00103	0.00451	0.00292	0.00243	0.17175
10	0.00593	0.00440	0.00587	0.04934	0.05950	0.00448	0.02991	0.00637	0.00601	0.00806	0.01170	0.02250	0.02868	0.69382	0.04575	0.00335	0.00408	0.00523	0.00224	0.00278
11	0.00833	0.00924	0.10653	0.01476	0.35717	0.01844	0.10128	0.03348	0.08310	0.01284	0.09598	0.01461	0.08974	0.02134	0.01552	0.00130	0.00426	0.00436	0.00248	0.00523
12	0.01226	0.01123	0.01017	0.01002	0.13265	0.32611	0.00683	0.01389	0.02598	0.17898	0.03736	0.00955	0.00732	0.00391	0.00346	0.00096	0.00464	0.00300	0.00267	0.19899
13	0.14635	0.03413	0.03915	0.04151	0.09391	0.19684	0.05854	0.13210	0.06008	0.04590	0.02441	0.00950	0.00669	0.03437	0.00447	0.00123	0.04829	0.00318	0.00251	0.01682

[dist]
# distance from previous block
# <min> <max>
0	6

[block]
# block no. 3 follows, 72 sequences, length 14
# corresponding to MSA columns:
# 147-160
name=unknown_D
#
# <colnr> <probs for GDERKNQSTAVLIFYWHMCP>
#	G	D	E	R	K	N	Q	S	T	A	V	L	I	F	Y	W	H	M	C	P
0	0.01036	0.35508	0.03164	0.00900	0.07648	0.16259	0.03486	0.07122	0.00892	0.01080	0.00672	0.03735	0.00603	0.00474	0.02452	0.02005	0.04688	0.00287	0.00200	0.07790
1	0.23855	0.10450	0.03055	0.04655	0.07137	0.09780	0.05277	0.06589	0.02503	0.08563	0.00743	0.00881	0.00588	0.01459	0.06352	0.00151	0.05566	0.00294	0.00238	0.01864
2	0.00652	0.00569	0.00591	0.00579	0.00677	0.09674	0.00423	0.00761	0.00863	0.02796	0.20689	0.37013	0.10135	0.00870	0.00473	0.00129	0.04273	0.00750	0.00333	0.07750
3	0.00797	0.00967	0.15922	0.03208	0.14990	0.02776	0.09442	0.01228	0.18871	0.01285	0.12156	0.01499	0.07377	0.00613	0.04387	0.00146	0.03122	0.00440	0.00269	0.00505
4	0.00486	0.00349	0.00461	0.00520	0.00550	0.00343	0.00352	0.00555	0.00688	0.00924	0.01853	0.58917	0.04673	0.13288	0.13916	0.00254	0.00364	0.00891	0.00312	0.00302
5	0.00857	0.01000	0.11761	0.12595	0.06862	0.09609	0.08678	0.06198	0.00815	0.01092	0.00754	0.02498	0.00657	0.04118	0.13647	0.00213	0.17636	0.00362	0.00197	0.00452
6	0.00840	0.00860	0.01330	0.01090	0.01150	0.01130	0.13658	0.00960	0.00630	0.00960	0.00540	0.00860	0.00510	0.00610	0.01120	0.00160	0.72643	0.00350	0.00170	0.00430
7	0.00659	0.00329	0.00494	0.00494	0.00494	0.00329	0.00329	0.00494	0.00494	0.00659	0.00659	0.01153	0.00659	0.01318	0.01482	0.88966	0.00329	0.00329	0.00165	0.00165
8	0.00616	0.00498	0.03449	0.00566	0.02332	0.00430	0.02070	0.00832	0.05041	0.05265	0.50337	0.02764	0.20838	0.00764	0.00439	0.00123	0.00226	0.02639	0.00384	0.00389
9	0.00904	0.00866	0.01478	0.15142	0.71758	0.00892	0.01147	0.01134	0.00847	0.01198	0.00707	0.00950	0.00586	0.00344	0.00376	0.00115	0.00459	0.00338	0.00185	0.00573
10	0.66897	0.00750	0.02889	0.00557	0.00781	0.00819	0.00462	0.06849	0.04617	0.01651	0.00778	0.10077	0.00694	0.00459	0.00283	0.00122	0.00302	0.00323	0.00263	0.00429
11	0.03782	0.14818	0.01217	0.00843	0.03317	0.07753	0.00686	0.50823	0.04112	0.01874	0.00918	0.00941	0.03414	0.00436	0.00350	0.00106	0.00418	0.00322	0.00315	0.03554
12	0.00922	0.00929	0.08140	0.07391	0.43225	0.02811	0.03722	0.09068	0.00949	0.03150	0.05989	0.05057	0.00875	0.00490	0.02652	0.00128	0.00451	0.00390	0.00233	0.03430
13	0.05025	0.08860	0.45163	0.00985	0.05068	0.05773	0.01046	0.04546	0.03543	0.04825	0.00799	0.04706	0.00642	0.00514	0.03616	0.00137	0.03695	0.00325	0.00207	0.00525

[dist]
# distance from previous block
# <min> <max>
0	26

[block]
# block no. 4 follows, 72 sequences, length 21
# corresponding to MSA columns:
# 187-207
name=unknown_E
#
# <colnr> <probs for GDERKNQSTAVLIFYWHMCP>
#	G	D	E	R	K	N	Q	S	T	A	V	L	I	F	Y	W	H	M	C	P
0	0.02841	0.10495	0.09272	0.04701	0.22281	0.02966	0.19310	0.02857	0.00873	0.02041	0.03758	0.02161	0.07676	0.00414	0.00375	0.00112	0.00455	0.00388	0.00217	0.06808
1	0.01673	0.06712	0.21953	0.00877	0.06206	0.00766	0.04877	0.04854	0.07152	0.01298	0.05258	0.01027	0.02694	0.00377	0.00337	0.00095	0.00387	0.00314	0.00233	0.32910
2	0.00876	0.00697	0.00837	0.02227	0.00906	0.04186	0.00594	0.25980	0.00989	0.01349	0.00926	0.01227	0.00799	0.01823	0.48640	0.00399	0.06475	0.00374	0.00254	0.00443
3	0.00972	0.01776	0.01896	0.03038	0.15234	0.03736	0.00623	0.13783	0.06027	0.09995	0.01128	0.03228	0.04587	0.16790	0.02191	0.00164	0.00386	0.00404	0.00283	0.13759
4	0.00557	0.00384	0.00455	0.00451	0.00459	0.00400	0.00273	0.00575	0.00559	0.00757	0.01157	0.02325	0.01306	0.74687	0.11726	0.00391	0.02537	0.00529	0.00225	0.00247
5	0.02457	0.13814	0.27125	0.00882	0.03938	0.06509	0.00868	0.06878	0.06145	0.22787	0.02701	0.02634	0.00761	0.00425	0.00353	0.00113	0.00437	0.00331	0.00283	0.00562
6	0.00969	0.00904	0.01587	0.04689	0.65056	0.00900	0.12407	0.03100	0.00895	0.04698	0.00757	0.00966	0.00609	0.00345	0.00386	0.00115	0.00472	0.00355	0.00204	0.00586
7	0.00543	0.00387	0.00519	0.00523	0.00560	0.00422	0.00365	0.00618	0.00590	0.00823	0.01136	0.05420	0.01195	0.38311	0.46384	0.00488	0.00708	0.00496	0.00221	0.00291
8	0.01270	0.11319	0.01103	0.00868	0.01074	0.61161	0.00672	0.04733	0.01042	0.02516	0.00918	0.03514	0.07344	0.00457	0.00346	0.00101	0.00581	0.00316	0.00222	0.00444
9	0.00825	0.00775	0.02197	0.00960	0.05638	0.02335	0.16356	0.05012	0.22755	0.01417	0.25358	0.01651	0.02717	0.00559	0.00506	0.00128	0.09518	0.00488	0.00316	0.00487
10	0.02121	0.02490	0.04451	0.09723	0.24357	0.03191	0.13842	0.06898	0.02378	0.05656	0.00728	0.00937	0.00583	0.00436	0.00585	0.00129	0.20413	0.00349	0.00213	0.00521
11	0.00486	0.00361	0.00465	0.00511	0.00568	0.00339	0.00359	0.00576	0.00765	0.01018	0.09041	0.52655	0.15138	0.02923	0.09560	0.00198	0.00304	0.02186	0.00336	0.02212
12	0.01052	0.20922	0.08674	0.05028	0.06320	0.06003	0.02524	0.13050	0.21152	0.05541	0.03493	0.01025	0.00801	0.00420	0.00347	0.00109	0.00410	0.00331	0.00276	0.02521
13	0.00521	0.00388	0.00422	0.00424	0.00536	0.00334	0.00309	0.00611	0.00840	0.05180	0.04882	0.16203	0.61084	0.05884	0.00535	0.00145	0.00213	0.00806	0.00352	0.00330
14	0.00786	0.00674	0.00786	0.00562	0.00899	0.00506	0.00449	0.00955	0.00786	0.01236	0.00674	0.00786	0.00562	0.00281	0.00281	0.00056	0.00281	0.00225	0.00225	0.88990
15	0.02169	0.05435	0.37113	0.02937	0.03982	0.03206	0.01043	0.15129	0.09022	0.02403	0.00982	0.01147	0.00772	0.00697	0.07520	0.00183	0.00569	0.00363	0.00285	0.05043
16	0.04962	0.00381	0.00431	0.00450	0.00475	0.00379	0.00280	0.00581	0.00620	0.00861	0.01516	0.20584	0.05874	0.56947	0.01415	0.00291	0.00323	0.03102	0.00266	0.00264
17	0.00883	0.04635	0.03404	0.00685	0.00886	0.02927	0.00558	0.15223	0.30170	0.01573	0.21836	0.01844	0.07750	0.02513	0.00432	0.00126	0.00307	0.02154	0.00362	0.01731
18	0.00947	0.18059	0.29551	0.04486	0.15512	0.02398	0.07578	0.10587	0.05063	0.01290	0.00731	0.00854	0.00563	0.00366	0.00351	0.00111	0.00488	0.00304	0.00205	0.00553
19	0.01914	0.13256	0.53743	0.04817	0.05069	0.00924	0.02071	0.02208	0.00812	0.04416	0.00779	0.00906	0.02320	0.00497	0.04582	0.00139	0.00533	0.00298	0.00184	0.00532
20	0.02180	0.20436	0.50588	0.00917	0.01374	0.02292	0.01080	0.05471	0.02153	0.04920	0.00705	0.00790	0.00524	0.00361	0.00331	0.00108	0.00489	0.00269	0.00194	0.04818

[dist]
# distance from previous block
# <min> <max>
5	194

[block]
# block no. 5 follows, 72 sequences, length 32
# corresponding to MSA columns:
# 429-460
name=unknown_F
#
# <colnr> <probs for GDERKNQSTAVLIFYWHMCP>
#	G	D	E	R	K	N	Q	S	T	A	V	L	I	F	Y	W	H	M	C	P
0	0.02085	0.08077	0.13362	0.02006	0.05420	0.09921	0.05000	0.10407	0.05645	0.07954	0.02628	0.16030	0.04715	0.01548	0.00400	0.00121	0.00411	0.00476	0.00280	0.03514
1	0.02872	0.06688	0.14301	0.04872	0.17125	0.04692	0.09003	0.05144	0.02583	0.04596	0.03295	0.06117	0.01944	0.00485	0.02094	0.00122	0.03341	0.00377	0.00230	0.10118
2	0.05413	0.11808	0.20861	0.05187	0.09529	0.05497	0.05336	0.04478	0.04763	0.03892	0.02511	0.02967	0.00702	0.00555	0.06043	0.00141	0.00486	0.00326	0.00220	0.09284
3	0.00637	0.00329	0.00488	0.00498	0.00500	0.00327	0.00332	0.00498	0.00520	0.00693	0.00818	0.10615	0.00864	0.01303	0.01371	0.79111	0.00317	0.00412	0.00185	0.00181
4	0.02772	0.10290	0.06245	0.00857	0.04086	0.03690	0.00705	0.24364	0.37642	0.02620	0.01121	0.01093	0.00840	0.00453	0.00361	0.00116	0.00376	0.00356	0.01426	0.00587
5	0.00545	0.00398	0.00543	0.00541	0.00594	0.00434	0.00391	0.00638	0.00605	0.00850	0.01163	0.03974	0.03257	0.28195	0.53785	0.00501	0.00762	0.00474	0.00219	0.02129
6	0.02006	0.14132	0.44371	0.04054	0.09353	0.03961	0.09100	0.02402	0.02086	0.02307	0.02403	0.00867	0.00585	0.00364	0.00354	0.00114	0.00517	0.00303	0.00185	0.00537
7	0.00778	0.04873	0.72421	0.01014	0.01521	0.04568	0.01270	0.01168	0.00816	0.01166	0.00883	0.00980	0.06103	0.00401	0.00361	0.00118	0.00536	0.00311	0.00175	0.00536
8	0.00847	0.00630	0.00709	0.00637	0.00814	0.00672	0.00494	0.01470	0.43225	0.09497	0.25465	0.02047	0.10628	0.00632	0.00410	0.00125	0.00256	0.00537	0.00399	0.00505
9	0.00869	0.07009	0.09981	0.15622	0.30503	0.02498	0.17466	0.01121	0.00852	0.02562	0.04329	0.03943	0.00756	0.00394	0.00386	0.00118	0.00488	0.00384	0.00201	0.00518
10	0.01992	0.00672	0.03692	0.00955	0.07769	0.02014	0.11788	0.00881	0.02498	0.01004	0.00948	0.05554	0.00891	0.03523	0.40059	0.00363	0.12809	0.01974	0.00209	0.00406
11	0.00461	0.00335	0.00435	0.00515	0.00547	0.00309	0.00346	0.00530	0.00739	0.00973	0.02250	0.78897	0.09933	0.01167	0.00481	0.00152	0.00217	0.01053	0.00352	0.00309
12	0.00544	0.00366	0.00425	0.00439	0.00445	0.00364	0.00260	0.00558	0.00585	0.00779	0.01333	0.12355	0.01544	0.73180	0.01704	0.00335	0.00350	0.03943	0.00249	0.00244
13	0.07126	0.37700	0.26358	0.01913	0.01249	0.05677	0.05909	0.01201	0.02192	0.03235	0.00634	0.00740	0.00509	0.00361	0.00342	0.00105	0.03805	0.00258	0.00182	0.00505
14	0.00512	0.00385	0.00478	0.00549	0.00585	0.02054	0.00374	0.01878	0.02560	0.01000	0.01994	0.77374	0.02358	0.02800	0.01844	0.00163	0.00251	0.02173	0.00345	0.00322
15	0.00899	0.00431	0.00477	0.00432	0.00564	0.00420	0.00335	0.03334	0.02128	0.15821	0.02937	0.01407	0.01012	0.00455	0.00294	0.00095	0.00211	0.00366	0.67966	0.00416
16	0.00917	0.00944	0.06099	0.30913	0.32389	0.05903	0.03953	0.09593	0.00932	0.01237	0.00799	0.01016	0.02866	0.00385	0.00379	0.00118	0.00486	0.00346	0.00204	0.00520
17	0.01005	0.10805	0.11811	0.07528	0.24817	0.02689	0.02007	0.04180	0.06369	0.14116	0.02428	0.02259	0.06359	0.00448	0.00370	0.00115	0.00414	0.01475	0.00262	0.00543
18	0.00563	0.00413	0.00541	0.00539	0.00582	0.01835	0.00383	0.00639	0.00592	0.00821	0.01065	0.01836	0.01092	0.33949	0.50319	0.03120	0.00749	0.00455	0.00212	0.00295
19	0.00952	0.66059	0.22284	0.00755	0.01137	0.01349	0.00834	0.01152	0.00778	0.00968	0.00565	0.00656	0.00485	0.00333	0.00272	0.00091	0.00444	0.00222	0.00162	0.00505
20	0.00487	0.00349	0.00468	0.00554	0.00589	0.00330	0.00394	0.00572	0.00754	0.00998	0.02115	0.70672	0.04273	0.01159	0.00490	0.00157	0.00241	0.14729	0.00352	0.00315
21	0.00853	0.00821	0.01312	0.44431	0.38421	0.03794	0.01084	0.02758	0.00837	0.01115	0.00693	0.00966	0.00550	0.00363	0.00376	0.00119	0.00486	0.00334	0.00182	0.00505
22	0.00659	0.00329	0.00494	0.00494	0.00494	0.00329	0.00329	0.00494	0.00494	0.00659	0.00659	0.01153	0.00659	0.01318	0.01482	0.88966	0.00329	0.00329	0.00165	0.00165
23	0.00670	0.00489	0.00593	0.00520	0.00639	0.00466	0.00377	0.00759	0.00728	0.05778	0.08170	0.03784	0.12945	0.30595	0.06453	0.00229	0.06757	0.00503	0.00271	0.19273
24	0.00524	0.00388	0.00471	0.00454	0.00555	0.00347	0.00339	0.00670	0.00989	0.02721	0.52886	0.07598	0.28967	0.00851	0.00448	0.00124	0.00188	0.00738	0.00394	0.00348
25	0.00457	0.00385	0.00396	0.00393	0.00518	0.00324	0.00295	0.00561	0.00885	0.01073	0.11743	0.03569	0.76220	0.00942	0.00448	0.00127	0.00191	0.00789	0.00359	0.00324
26	0.00818	0.02200	0.02509	0.00943	0.01116	0.04572	0.23483	0.01873	0.00764	0.06480	0.03361	0.02520	0.00891	0.11361	0.23035	0.00286	0.12717	0.00427	0.00224	0.00419
27	0.01014	0.86900	0.01987	0.00649	0.00973	0.01501	0.00649	0.01136	0.00771	0.00892	0.00527	0.00608	0.00487	0.00324	0.00243	0.00081	0.00406	0.00203	0.00162	0.00487
28	0.00733	0.00700	0.01137	0.82439	0.02552	0.02590	0.01042	0.00979	0.00762	0.00967	0.00669	0.01001	0.00505	0.00385	0.00394	0.00127	0.02092	0.00335	0.00169	0.00422
29	0.00553	0.00393	0.00537	0.00537	0.00574	0.00435	0.00381	0.00621	0.00587	0.00822	0.01097	0.05388	0.01144	0.32632	0.45982	0.05003	0.02324	0.00481	0.00216	0.00291
30	0.01062	0.09429	0.20937	0.02397	0.03192	0.25462	0.03448	0.10986	0.04003	0.01241	0.00762	0.03570	0.00628	0.00408	0.00348	0.00105	0.00511	0.01317	0.00222	0.09973
31	0.05809	0.06003	0.00693	0.00580	0.00686	0.05133	0.00437	0.07278	0.00777	0.02655	0.06046	0.07788	0.04028	0.19798	0.26957	0.03692	0.00557	0.00474	0.00254	0.00356

[dist]
# distance from previous block
# <min> <max>
0	61

[block]
# block no. 6 follows, 72 sequences, length 23
# corresponding to MSA columns:
# 525-547
name=unknown_G
#
# <colnr> <probs for GDERKNQSTAVLIFYWHMCP>
#	G	D	E	R	K	N	Q	S	T	A	V	L	I	F	Y	W	H	M	C	P
0	0.11480	0.09688	0.15440	0.01806	0.03443	0.06302	0.05840	0.15321	0.03577	0.05920	0.04505	0.01070	0.02947	0.03593	0.01411	0.00128	0.03060	0.00337	0.00258	0.03876
1	0.02607	0.00630	0.01026	0.68662	0.03141	0.00771	0.00930	0.00912	0.00751	0.00991	0.02217	0.10244	0.00790	0.01835	0.01531	0.00140	0.01799	0.00424	0.00195	0.00406
2	0.01110	0.02542	0.01038	0.05257	0.06526	0.01023	0.00702	0.31083	0.41631	0.01803	0.01184	0.01156	0.00881	0.00467	0.00378	0.00120	0.00364	0.00379	0.00353	0.02001
3	0.00556	0.00417	0.02070	0.00541	0.00624	0.00373	0.00409	0.00700	0.03479	0.03888	0.14185	0.43114	0.14638	0.01005	0.00466	0.00144	0.00238	0.11164	0.01641	0.00348
4	0.00821	0.07841	0.71462	0.01023	0.01545	0.00932	0.01280	0.06157	0.00858	0.01253	0.00684	0.00793	0.00493	0.00361	0.00351	0.00115	0.00533	0.00277	0.00175	0.03046
5	0.00962	0.64419	0.21959	0.00761	0.01139	0.03269	0.00833	0.01160	0.00785	0.00968	0.00566	0.00657	0.00485	0.00335	0.00274	0.00091	0.00449	0.00222	0.00162	0.00503
6	0.00468	0.00344	0.00440	0.00510	0.00552	0.00316	0.00351	0.00546	0.00766	0.01005	0.05761	0.68141	0.14700	0.01133	0.00478	0.00149	0.00218	0.03455	0.00355	0.00313
7	0.00918	0.00891	0.01556	0.08958	0.72072	0.00900	0.06809	0.01152	0.00857	0.01216	0.00714	0.00950	0.00591	0.00340	0.00381	0.00115	0.00468	0.00345	0.00186	0.00580
8	0.00889	0.08600	0.53079	0.00951	0.01385	0.04383	0.02213	0.04797	0.02191	0.07315	0.02371	0.00934	0.00635	0.00601	0.07886	0.00159	0.00559	0.00306	0.00207	0.00536
9	0.00786	0.00772	0.04230	0.22832	0.07427	0.00774	0.21765	0.01040	0.03647	0.04747	0.01313	0.04700	0.11668	0.00541	0.00478	0.00133	0.06259	0.06195	0.00239	0.00455
10	0.00547	0.00370	0.00436	0.00445	0.00454	0.00373	0.00268	0.00567	0.00578	0.00775	0.01271	0.08220	0.01453	0.72101	0.07617	0.00364	0.00402	0.03274	0.00240	0.00247
11	0.00542	0.00405	0.00603	0.00603	0.00669	0.00471	0.00466	0.00673	0.00608	0.00876	0.01022	0.01522	0.00962	0.05566	0.82466	0.00602	0.00995	0.00411	0.00204	0.00335
12	0.01925	0.03863	0.06493	0.19237	0.22877	0.09859	0.00877	0.03241	0.10946	0.01159	0.00936	0.07336	0.00826	0.02856	0.04527	0.00150	0.00478	0.01698	0.00228	0.00490
13	0.00632	0.00455	0.00548	0.00507	0.00624	0.00436	0.00388	0.08035	0.02217	0.02753	0.53013	0.05826	0.15950	0.00778	0.00436	0.00122	0.00212	0.02799	0.03885	0.00383
14	0.00924	0.00547	0.00594	0.02610	0.00703	0.00573	0.00412	0.19649	0.02262	0.06162	0.03850	0.01346	0.00978	0.01867	0.00335	0.00103	0.00253	0.00367	0.56026	0.00439
15	0.00977	0.00860	0.08441	0.11418	0.09370	0.00781	0.17734	0.06097	0.03256	0.16599	0.03884	0.06454	0.06440	0.00503	0.00455	0.00126	0.05359	0.00453	0.00280	0.00513
16	0.00870	0.00797	0.01249	0.17636	0.34856	0.04883	0.08156	0.01067	0.00843	0.05567	0.01104	0.05966	0.08126	0.00519	0.01753	0.01273	0.03085	0.00428	0.01329	0.00493
17	0.00515	0.00400	0.00507	0.00518	0.00602	0.00406	0.00388	0.00653	0.03460	0.00973	0.03367	0.14312	0.28969	0.06480	0.33678	0.00335	0.00536	0.03279	0.00289	0.00331
18	0.00538	0.00380	0.00457	0.00486	0.00520	0.00372	0.00318	0.03223	0.00697	0.00921	0.01773	0.35813	0.08594	0.37722	0.04110	0.00259	0.00319	0.02916	0.00295	0.00289
19	0.00865	0.01033	0.17643	0.04178	0.16020	0.02654	0.15604	0.06812	0.03111	0.02505	0.02018	0.16798	0.05397	0.00593	0.00442	0.00136	0.01519	0.01893	0.00263	0.00516
20	0.01084	0.05078	0.01009	0.04758	0.07962	0.06790	0.00677	0.14141	0.03200	0.17586	0.01056	0.06738	0.00901	0.04010	0.09288	0.00185	0.11529	0.03216	0.00294	0.00499
21	0.00961	0.02482	0.04226	0.11473	0.35041	0.11376	0.17468	0.04090	0.00905	0.01188	0.00759	0.00965	0.02116	0.00366	0.00398	0.00115	0.02133	0.00349	0.00197	0.03393
22	0.15980	0.13570	0.18036	0.05912	0.04934	0.12129	0.00803	0.08082	0.04329	0.03929	0.00715	0.00821	0.00556	0.00467	0.03566	0.00126	0.00474	0.00274	0.00222	0.05075

[dist]
# distance from previous block
# <min> <max>
6	16

[block]
# block no. 7 follows, 72 sequences, length 64
# corresponding to MSA columns:
# 572-635
name=unknown_H
#
# <colnr> <probs for GDERKNQSTAVLIFYWHMCP>
#	G	D	E	R	K	N	Q	S	T	A	V	L	I	F	Y	W	H	M	C	P
0	0.00884	0.00717	0.00875	0.00769	0.00930	0.06992	0.09273	0.18823	0.05237	0.05794	0.01540	0.42418	0.02529	0.00801	0.00436	0.00135	0.00352	0.00714	0.00337	0.00446
1	0.01479	0.04581	0.05941	0.05258	0.10700	0.01944	0.03771	0.03147	0.00817	0.01101	0.04198	0.44533	0.01788	0.00855	0.00441	0.00140	0.00332	0.08282	0.00296	0.00398
2	0.01337	0.07973	0.02479	0.01011	0.08503	0.31040	0.03038	0.22466	0.03948	0.12404	0.01726	0.00897	0.00655	0.00414	0.00358	0.00107	0.00504	0.00309	0.00284	0.00546
3	0.00549	0.00380	0.00474	0.00474	0.00495	0.00400	0.00305	0.00590	0.00569	0.00780	0.01140	0.02177	0.01247	0.60924	0.27497	0.00442	0.00567	0.00507	0.00222	0.00263
4	0.01192	0.18013	0.01219	0.01788	0.02020	0.11181	0.00654	0.36786	0.01252	0.01632	0.00744	0.00804	0.00579	0.00382	0.00326	0.00093	0.00417	0.00278	0.01264	0.19376
5	0.00870	0.00796	0.01320	0.06436	0.63166	0.00797	0.01005	0.01081	0.01762	0.02834	0.00930	0.13062	0.00878	0.00464	0.00389	0.00118	0.00412	0.00441	0.00219	0.03022
6	0.02396	0.16354	0.30043	0.03899	0.06978	0.00986	0.10935	0.09528	0.01750	0.01267	0.01763	0.02269	0.00617	0.01780	0.00392	0.00114	0.02033	0.00319	0.00204	0.06373
7	0.00942	0.00862	0.01426	0.14443	0.56952	0.03141	0.05663	0.01165	0.00866	0.05778	0.00810	0.02194	0.00677	0.00386	0.00386	0.00118	0.00462	0.02966	0.00208	0.00555
8	0.00786	0.10388	0.76500	0.01038	0.01575	0.00942	0.01327	0.01195	0.00798	0.01170	0.00665	0.00782	0.00481	0.00357	0.00349	0.00116	0.00545	0.00273	0.00160	0.00553
9	0.00515	0.00424	0.00475	0.00490	0.00580	0.01754	0.00356	0.00662	0.05133	0.01089	0.12546	0.31010	0.39232	0.00974	0.00477	0.00136	0.02612	0.00838	0.00354	0.00340
10	0.00903	0.09253	0.48369	0.01102	0.07480	0.10627	0.05188	0.01222	0.00853	0.04446	0.00788	0.02342	0.00636	0.00411	0.00365	0.00117	0.00531	0.04645	0.00193	0.00529
11	0.00716	0.00674	0.01138	0.85760	0.02612	0.00843	0.01053	0.00969	0.00758	0.00969	0.00674	0.01011	0.00506	0.00379	0.00379	0.00126	0.00506	0.00337	0.00169	0.00421
12	0.00937	0.00905	0.01561	0.02305	0.81754	0.00903	0.03699	0.01166	0.00865	0.01238	0.00715	0.00941	0.00600	0.00337	0.00378	0.00113	0.00456	0.00341	0.00188	0.00598
13	0.00930	0.01057	0.11219	0.06325	0.25833	0.05153	0.26611	0.01186	0.00855	0.05389	0.00797	0.01033	0.01571	0.00423	0.01566	0.00130	0.07712	0.01480	0.00202	0.00527
14	0.00640	0.00542	0.00674	0.00655	0.00734	0.06848	0.00509	0.02757	0.00671	0.00920	0.00965	0.01407	0.00897	0.03883	0.72291	0.00539	0.04115	0.00392	0.00206	0.00355
15	0.00462	0.00330	0.00440	0.00528	0.00550	0.00308	0.00352	0.00528	0.00726	0.00968	0.02090	0.86424	0.02508	0.01188	0.00484	0.00154	0.00220	0.01078	0.00352	0.00308
16	0.00900	0.05513	0.44725	0.01980	0.03354	0.06492	0.12820	0.06154	0.07453	0.02685	0.02310	0.00972	0.02145	0.00393	0.00373	0.00118	0.00523	0.00334	0.00212	0.00543
17	0.04393	0.00859	0.01164	0.55301	0.13768	0.09957	0.00984	0.07063	0.00878	0.01136	0.00682	0.00943	0.00524	0.00379	0.00369	0.00120	0.00502	0.00322	0.00192	0.00464
18	0.00462	0.00330	0.00440	0.00528	0.00550	0.00308	0.00352	0.00528	0.00726	0.00968	0.02090	0.86424	0.02508	0.01188	0.00484	0.00154	0.00220	0.01078	0.00352	0.00308
19	0.00476	0.00342	0.00440	0.00512	0.00543	0.00320	0.00345	0.00542	0.00726	0.00956	0.02139	0.68171	0.08957	0.09645	0.00626	0.00174	0.00238	0.04205	0.00340	0.00303
20	0.01191	0.01041	0.04795	0.01241	0.20938	0.09324	0.03470	0.30311	0.01199	0.08919	0.00890	0.03640	0.00712	0.00468	0.00462	0.00120	0.08341	0.02082	0.00287	0.00568
21	0.00716	0.00674	0.01138	0.85760	0.02612	0.00843	0.01053	0.00969	0.00758	0.00969	0.00674	0.01011	0.00506	0.00379	0.00379	0.00126	0.00506	0.00337	0.00169	0.00421
22	0.01291	0.00983	0.01031	0.00833	0.01103	0.03755	0.00673	0.49630	0.28524	0.06399	0.01138	0.01088	0.00823	0.00473	0.00380	0.00118	0.00383	0.00369	0.00380	0.00624
23	0.01172	0.00675	0.00835	0.00617	0.00935	0.00548	0.00501	0.04001	0.00938	0.34446	0.01009	0.00991	0.00715	0.00362	0.00324	0.00082	0.00302	0.00291	0.00327	0.50927
24	0.01601	0.00668	0.00877	0.00688	0.00971	0.00609	0.00563	0.01870	0.12019	0.73576	0.01502	0.01307	0.00968	0.00475	0.00382	0.00119	0.00320	0.00388	0.00458	0.00639
25	0.00761	0.01962	0.84707	0.01081	0.01641	0.00881	0.01401	0.01201	0.00801	0.01201	0.00681	0.00801	0.00480	0.00360	0.00360	0.00120	0.00560	0.00280	0.00160	0.00560
26	0.00462	0.00385	0.00403	0.00399	0.00521	0.00326	0.00299	0.00571	0.00897	0.01102	0.16315	0.03523	0.71630	0.00932	0.00448	0.00127	0.00190	0.00783	0.00362	0.00326
27	0.01671	0.00652	0.00879	0.00679	0.00969	0.00573	0.00559	0.01855	0.04361	0.81275	0.01498	0.01296	0.00947	0.00471	0.00382	0.00118	0.00322	0.00383	0.00466	0.00644
28	0.00761	0.01962	0.84707	0.01081	0.01641	0.00881	0.01401	0.01201	0.00801	0.01201	0.00681	0.00801	0.00480	0.00360	0.00360	0.00120	0.00560	0.00280	0.00160	0.00560
29	0.00761	0.01962	0.84707	0.01081	0.01641	0.00881	0.01401	0.01201	0.00801	0.01201	0.00681	0.00801	0.00480	0.00360	0.00360	0.00120	0.00560	0.00280	0.00160	0.00560
30	0.00765	0.01932	0.82067	0.01098	0.01652	0.00883	0.04011	0.01201	0.00804	0.01201	0.00683	0.00808	0.00483	0.00359	0.00363	0.00120	0.00563	0.00286	0.00161	0.00559
31	0.01521	0.00813	0.00989	0.05289	0.01130	0.00823	0.00645	0.35229	0.01349	0.44493	0.01206	0.01122	0.00795	0.00458	0.00378	0.00116	0.00368	0.00362	0.02287	0.00627
32	0.00462	0.00330	0.00440	0.00528	0.00550	0.00308	0.00352	0.00528	0.00726	0.00968	0.02090	0.86424	0.02508	0.01188	0.00484	0.00154	0.00220	0.01078	0.00352	0.00308
33	0.00487	0.00380	0.00442	0.00438	0.00539	0.00335	0.00324	0.00615	0.00938	0.01228	0.37578	0.11894	0.41631	0.00906	0.00452	0.00127	0.00189	0.00781	0.00380	0.00335
34	0.00471	0.00376	0.00424	0.00442	0.00540	0.00328	0.00326	0.00576	0.00865	0.01088	0.14724	0.21094	0.51766	0.00987	0.00459	0.00134	0.00203	0.04511	0.00361	0.00324
35	0.00766	0.01928	0.82037	0.01121	0.04294	0.00881	0.01394	0.01200	0.00803	0.01202	0.00682	0.00805	0.00484	0.00360	0.00361	0.00120	0.00557	0.00282	0.00161	0.00562
36	0.01542	0.00789	0.00963	0.00746	0.01031	0.00785	0.00614	0.32298	0.01322	0.49222	0.01250	0.01159	0.00829	0.00591	0.04904	0.00142	0.00395	0.00368	0.00421	0.00629
37	0.00763	0.00722	0.01223	0.68027	0.19976	0.00855	0.01077	0.01010	0.00781	0.01026	0.00682	0.00996	0.00526	0.00370	0.00378	0.00123	0.00494	0.00337	0.00173	0.00459
38	0.00882	0.00843	0.01437	0.23685	0.63394	0.00886	0.01136	0.01114	0.00837	0.01170	0.00703	0.00957	0.00576	0.00348	0.00376	0.00116	0.00465	0.00338	0.00183	0.00555
39	0.00538	0.00363	0.00421	0.00434	0.00439	0.00360	0.00253	0.00550	0.00579	0.00773	0.01328	0.15247	0.01544	0.72235	0.03120	0.00339	0.00356	0.00629	0.00248	0.00244
40	0.00768	0.01912	0.80307	0.01109	0.01660	0.00885	0.05750	0.01202	0.00806	0.01202	0.00685	0.00813	0.00485	0.00358	0.00365	0.00121	0.00565	0.00289	0.00162	0.00558
41	0.00640	0.00487	0.05033	0.00609	0.00717	0.00407	0.00503	0.00785	0.00865	0.08227	0.14872	0.33550	0.05232	0.00967	0.00474	0.00149	0.00279	0.25471	0.00361	0.00371
42	0.02924	0.00726	0.00911	0.00712	0.00997	0.00695	0.00584	0.13820	0.10099	0.62223	0.01400	0.01238	0.00911	0.00470	0.00379	0.00118	0.00334	0.00378	0.00444	0.00637
43	0.01619	0.00701	0.00909	0.00706	0.00993	0.00647	0.00584	0.14193	0.01183	0.68721	0.01427	0.01351	0.00943	0.00490	0.00387	0.00119	0.00338	0.03604	0.00451	0.00634
44	0.00931	0.00924	0.03770	0.03270	0.78383	0.00901	0.01151	0.01190	0.03517	0.01246	0.00739	0.00951	0.00614	0.00345	0.00375	0.00114	0.00449	0.00339	0.00193	0.00597
45	0.00918	0.00885	0.01470	0.08989	0.73925	0.02414	0.01125	0.01142	0.00865	0.01219	0.02972	0.00991	0.00672	0.00354	0.00377	0.00114	0.00452	0.00346	0.00193	0.00577
46	0.00719	0.00569	0.00675	0.00687	0.00823	0.00608	0.00564	0.02912	0.29262	0.01297	0.02012	0.07545	0.09948	0.00851	0.00464	0.00152	0.00311	0.39803	0.00363	0.00437
47	0.00621	0.00497	0.00623	0.00740	0.08928	0.03791	0.00474	0.05296	0.00844	0.01945	0.06271	0.59133	0.05672	0.00989	0.00458	0.00143	0.00273	0.02599	0.00336	0.00369
48	0.00944	0.00988	0.12728	0.00938	0.01211	0.07137	0.16608	0.10491	0.10800	0.07501	0.06654	0.03723	0.05240	0.00599	0.01750	0.00136	0.00449	0.11302	0.00300	0.00500
49	0.00777	0.07601	0.79214	0.01052	0.01597	0.00922	0.01351	0.01197	0.00799	0.01181	0.00670	0.00788	0.00481	0.00358	0.00353	0.00118	0.00550	0.00275	0.00160	0.00556
50	0.00716	0.00674	0.01138	0.85760	0.02612	0.00843	0.01053	0.00969	0.00758	0.00969	0.00674	0.01011	0.00506	0.00379	0.00379	0.00126	0.00506	0.00337	0.00169	0.00421
51	0.02520	0.10636	0.34516	0.00896	0.01298	0.00923	0.03573	0.16246	0.02743	0.20211	0.00931	0.02320	0.00663	0.00414	0.00359	0.00115	0.00451	0.00326	0.00280	0.00580
52	0.04027	0.02502	0.15068	0.00990	0.01301	0.14923	0.12084	0.22142	0.04071	0.11717	0.00846	0.00915	0.00616	0.00424	0.00436	0.00118	0.06664	0.00331	0.00275	0.00551
53	0.00467	0.00343	0.00439	0.00512	0.00554	0.00316	0.00353	0.00543	0.00758	0.00990	0.03379	0.69330	0.15125	0.01142	0.00480	0.00150	0.00220	0.04234	0.00353	0.00312
54	0.00469	0.00336	0.00447	0.00523	0.00552	0.00313	0.00353	0.00547	0.00761	0.01023	0.10227	0.78131	0.02615	0.01147	0.00480	0.00151	0.00216	0.01039	0.00359	0.00313
55	0.02670	0.00807	0.01380	0.37393	0.14189	0.00884	0.19284	0.02169	0.12383	0.02906	0.01708	0.01075	0.00667	0.00385	0.00393	0.00124	0.00486	0.00377	0.00219	0.00499
56	0.00462	0.00331	0.00439	0.00526	0.00549	0.00308	0.00351	0.00528	0.00729	0.00969	0.02121	0.84959	0.03953	0.01184	0.00483	0.00154	0.00220	0.01073	0.00352	0.00308
57	0.00465	0.00332	0.00444	0.00532	0.00555	0.00311	0.00357	0.00533	0.00729	0.00972	0.02089	0.84735	0.02502	0.01185	0.00485	0.00154	0.00223	0.02737	0.00352	0.00309
58	0.01000	0.82369	0.06400	0.00672	0.01009	0.01468	0.00689	0.01139	0.00772	0.00909	0.00535	0.00619	0.00486	0.00326	0.00250	0.00083	0.00414	0.00207	0.00162	0.00491
59	0.01321	0.00955	0.01072	0.00844	0.01101	0.01069	0.00695	0.63830	0.01534	0.06997	0.00924	0.00984	0.00681	0.00709	0.08857	0.00167	0.06961	0.00350	0.00351	0.00597
60	0.00816	0.00673	0.00789	0.00565	0.00901	0.00507	0.00453	0.00984	0.00796	0.03903	0.00700	0.00803	0.00574	0.00287	0.00284	0.00058	0.00282	0.00230	0.00233	0.86162
61	0.00937	0.01099	0.04964	0.01377	0.09765	0.15536	0.41951	0.01173	0.00893	0.01141	0.04442	0.05590	0.01537	0.00435	0.00485	0.00125	0.07428	0.00433	0.00209	0.00483
62	0.03438	0.00909	0.00993	0.00788	0.01068	0.00979	0.00641	0.45189	0.20795	0.11728	0.02137	0.01081	0.00824	0.00459	0.00371	0.00113	0.00362	0.00359	0.00377	0.07390
63	0.01206	0.19906	0.04555	0.00793	0.01076	0.06959	0.03214	0.15967	0.22366	0.17086	0.01082	0.02440	0.00808	0.00444	0.00352	0.00111	0.00395	0.00347	0.00322	0.00571

[dist]
# distance from previous block
# <min> <max>
0	3

[block]
# block no. 8 follows, 72 sequences, length 20
# corresponding to MSA columns:
# 639-658
name=unknown_I
#
# <colnr> <probs for GDERKNQSTAVLIFYWHMCP>
#	G	D	E	R	K	N	Q	S	T	A	V	L	I	F	Y	W	H	M	C	P
0	0.03032	0.06925	0.01084	0.00835	0.03957	0.10570	0.00658	0.46150	0.02544	0.03028	0.01081	0.01097	0.07848	0.00461	0.00359	0.00106	0.00410	0.00348	0.00318	0.09188
1	0.00548	0.00430	0.00496	0.00458	0.00585	0.00383	0.00343	0.01926	0.02908	0.01277	0.38202	0.02891	0.34283	0.05358	0.00510	0.00131	0.00209	0.00672	0.00364	0.08026
2	0.03862	0.00990	0.09928	0.00882	0.01189	0.04152	0.09913	0.22778	0.11674	0.24325	0.04616	0.02103	0.00897	0.00458	0.00385	0.00119	0.00411	0.00384	0.00350	0.00585
3	0.00882	0.01066	0.07799	0.03096	0.06616	0.00957	0.67751	0.01194	0.00871	0.01198	0.00745	0.00995	0.00566	0.00339	0.00470	0.00128	0.04202	0.00423	0.00188	0.00514
4	0.00552	0.00402	0.00549	0.00545	0.00585	0.00450	0.00390	0.00635	0.00587	0.00826	0.01071	0.01850	0.01100	0.34564	0.51588	0.00507	0.02826	0.00460	0.00212	0.00299
5	0.00668	0.00592	0.01021	0.00878	0.01031	0.00571	0.23981	0.05482	0.02426	0.01151	0.01625	0.45709	0.01786	0.00869	0.00471	0.00146	0.00368	0.10520	0.00308	0.00396
6	0.01144	0.00914	0.00971	0.00812	0.01063	0.01037	0.00649	0.34650	0.50659	0.01910	0.01289	0.01212	0.00951	0.00491	0.00383	0.00123	0.00347	0.00394	0.00383	0.00618
7	0.01429	0.01006	0.01097	0.00839	0.01143	0.01087	0.00692	0.71644	0.01670	0.09449	0.00949	0.00937	0.00666	0.00447	0.00374	0.00111	0.00402	0.00339	0.00379	0.05340
8	0.00990	0.01009	0.02031	0.01465	0.01825	0.02324	0.68768	0.06590	0.00961	0.06741	0.00815	0.01023	0.00600	0.00348	0.00457	0.00127	0.02749	0.00430	0.00222	0.00525
9	0.89350	0.00733	0.00557	0.00499	0.00733	0.00851	0.00411	0.01115	0.00645	0.01702	0.00528	0.00616	0.00411	0.00352	0.00235	0.00117	0.00293	0.00205	0.00235	0.00411
10	0.00511	0.00372	0.00478	0.00539	0.00596	0.00351	0.00401	0.00611	0.00789	0.01031	0.06914	0.40882	0.14185	0.08501	0.00613	0.00172	0.00260	0.22131	0.00344	0.00317
11	0.01252	0.00942	0.01030	0.00842	0.01089	0.05938	0.02818	0.30570	0.29570	0.14170	0.01164	0.01124	0.00843	0.00485	0.00441	0.00122	0.06262	0.00374	0.00365	0.00598
12	0.00996	0.01151	0.01769	0.03166	0.01668	0.20041	0.51791	0.01288	0.05625	0.01145	0.00800	0.03732	0.00647	0.00390	0.00452	0.00123	0.04103	0.00414	0.00207	0.00488
13	0.00468	0.00333	0.00438	0.00520	0.00541	0.00312	0.00344	0.00530	0.00714	0.00952	0.02029	0.80657	0.02431	0.07061	0.00583	0.00169	0.00230	0.01042	0.00344	0.00303
14	0.00700	0.00464	0.00658	0.00629	0.00733	0.00519	0.00493	0.00907	0.06947	0.10147	0.01109	0.01462	0.00963	0.02407	0.69415	0.00519	0.00885	0.00405	0.00246	0.00392
15	0.09103	0.01301	0.01002	0.00962	0.08262	0.43299	0.00688	0.11720	0.04741	0.08169	0.00795	0.00861	0.00611	0.00406	0.00340	0.00105	0.00514	0.00288	0.06338	0.00495
16	0.02599	0.01339	0.01086	0.00932	0.02440	0.39491	0.02810	0.26548	0.10844	0.06949	0.00862	0.00889	0.00646	0.00427	0.00363	0.00109	0.00524	0.00311	0.00292	0.00539
17	0.00469	0.00338	0.00442	0.00522	0.00551	0.00315	0.00353	0.00538	0.00732	0.00968	0.02150	0.76436	0.06798	0.04148	0.00534	0.00161	0.00228	0.03663	0.00348	0.00307
18	0.00580	0.00447	0.00555	0.00633	0.00696	0.03845	0.00500	0.00703	0.00813	0.01049	0.01968	0.38487	0.02234	0.02767	0.00527	0.00167	0.00309	0.43045	0.00342	0.00333
19	0.07138	0.04377	0.00990	0.00879	0.08188	0.10636	0.05290	0.14006	0.09844	0.12434	0.04009	0.05700	0.12990	0.00551	0.00383	0.00118	0.00380	0.01261	0.00320	0.00507

[dist]
# distance from previous block
# <min> <max>
0	2

[block]
# block no. 9 follows, 72 sequences, length 6
# corresponding to MSA columns:
# 661-666
name=unknown_J
#
# <colnr> <probs for GDERKNQSTAVLIFYWHMCP>
#	G	D	E	R	K	N	Q	S	T	A	V	L	I	F	Y	W	H	M	C	P
0	0.01043	0.00952	0.01364	0.18227	0.39950	0.05690	0.04303	0.21192	0.01081	0.01449	0.00749	0.00935	0.00586	0.00377	0.00378	0.00115	0.00474	0.00338	0.00231	0.00564
1	0.03189	0.01023	0.01223	0.05918	0.14712	0.08682	0.05040	0.35873	0.05599	0.03508	0.00817	0.00925	0.00623	0.00445	0.00479	0.00121	0.10637	0.00339	0.00284	0.00565
2	0.01011	0.00839	0.01418	0.29386	0.20190	0.00885	0.17611	0.11145	0.00974	0.11558	0.00832	0.01020	0.00611	0.00378	0.00393	0.00121	0.00487	0.00366	0.00240	0.00534
3	0.00891	0.00799	0.01263	0.21397	0.44816	0.00849	0.00985	0.11135	0.00936	0.01285	0.00896	0.11342	0.00816	0.00465	0.00390	0.00121	0.00431	0.00428	0.00227	0.00529
4	0.06303	0.00964	0.01077	0.26617	0.20812	0.21420	0.00857	0.01111	0.00885	0.01115	0.06623	0.01290	0.04692	0.00456	0.00375	0.00117	0.00479	0.04133	0.00218	0.00454
