[name]
unknown

[dist]
# distance from previous block
# <min> <max>
0	50

[block]
# block no. 0 follows, 55 sequences, length 9
# corresponding to MSA columns:
# 50-58
name=unknown_A
#
# <colnr> <probs for GDERKNQSTAVLIFYWHMCP>
#	G	D	E	R	K	N	Q	S	T	A	V	L	I	F	Y	W	H	M	C	P
0	0.00770	0.00515	0.00651	0.00692	0.00798	0.00487	0.00520	0.04889	0.01051	0.07070	0.02774	0.45528	0.15589	0.01269	0.00580	0.00183	0.00315	0.15435	0.00443	0.00441
1	0.01196	0.01073	0.01668	0.02327	0.59506	0.01090	0.01233	0.14379	0.01241	0.01727	0.01204	0.04877	0.05335	0.00527	0.00472	0.00142	0.00516	0.00486	0.00290	0.00711
2	0.24185	0.01237	0.01040	0.00889	0.01170	0.17519	0.00703	0.24465	0.08116	0.02011	0.01304	0.05508	0.06579	0.00600	0.00419	0.00140	0.00489	0.00443	0.00364	0.02819
3	0.00656	0.00443	0.00513	0.00533	0.00538	0.00438	0.00309	0.00671	0.00716	0.00955	0.01668	0.17827	0.01946	0.68520	0.02041	0.00403	0.00418	0.00795	0.00309	0.00300
4	0.01038	0.00988	0.01660	0.23953	0.54611	0.01038	0.01318	0.01312	0.01025	0.01414	0.01123	0.01401	0.06133	0.00480	0.00468	0.00144	0.00549	0.00453	0.00238	0.00655
5	0.00827	0.00736	0.01176	0.32014	0.20618	0.00802	0.00980	0.01039	0.00947	0.01258	0.01595	0.24208	0.06451	0.04590	0.00592	0.00174	0.00475	0.00713	0.00292	0.00512
6	0.07194	0.01196	0.01276	0.01115	0.07416	0.07282	0.00837	0.38941	0.08440	0.14075	0.01192	0.01187	0.00855	0.00527	0.00443	0.00136	0.00489	0.00405	0.00423	0.06571
7	0.08336	0.01056	0.01563	0.14308	0.43654	0.01126	0.01184	0.16519	0.01231	0.01779	0.00964	0.04453	0.00805	0.00494	0.00453	0.00144	0.00527	0.00438	0.00286	0.00680
8	0.04499	0.11761	0.04717	0.40758	0.21683	0.01183	0.01228	0.01288	0.00946	0.01301	0.00795	0.01111	0.00639	0.00464	0.00502	0.00146	0.05796	0.00383	0.00214	0.00587

[dist]
# distance from previous block
# <min> <max>
20	67

[block]
# block no. 1 follows, 55 sequences, length 39
# corresponding to MSA columns:
# 128-166
name=unknown_B
#
# <colnr> <probs for GDERKNQSTAVLIFYWHMCP>
#	G	D	E	R	K	N	Q	S	T	A	V	L	I	F	Y	W	H	M	C	P
0	0.10377	0.02266	0.02421	0.00973	0.03090	0.12817	0.01566	0.10476	0.09853	0.08743	0.04698	0.08613	0.01207	0.02386	0.00615	0.00154	0.10391	0.01802	0.00357	0.07195
1	0.04171	0.10997	0.06462	0.02813	0.02697	0.09134	0.00852	0.34630	0.04261	0.03258	0.05769	0.04289	0.01062	0.02340	0.00478	0.00140	0.00508	0.00438	0.00369	0.05333
2	0.04700	0.02293	0.03729	0.10723	0.16134	0.17380	0.00973	0.12635	0.04775	0.09620	0.02733	0.02225	0.00899	0.00516	0.00443	0.00135	0.00556	0.01879	0.00325	0.07327
3	0.05018	0.17556	0.04010	0.01020	0.07795	0.07446	0.02517	0.10658	0.05291	0.04782	0.16001	0.02420	0.02435	0.00574	0.00428	0.00127	0.00451	0.01197	0.00345	0.09926
4	0.03264	0.00516	0.00630	0.00644	0.00755	0.00486	0.00466	0.03334	0.02223	0.05570	0.15150	0.41333	0.13440	0.03924	0.00613	0.00178	0.00289	0.03764	0.00440	0.02982
5	0.01262	0.03627	0.01403	0.01154	0.03492	0.15160	0.14472	0.11686	0.06867	0.07771	0.03544	0.12293	0.01320	0.02675	0.01951	0.00167	0.03001	0.04380	0.00353	0.03421
6	0.03763	0.04803	0.06589	0.00992	0.01365	0.06241	0.00857	0.38915	0.06359	0.19377	0.02259	0.01228	0.00909	0.00541	0.00447	0.00137	0.00496	0.00412	0.00436	0.03872
7	0.01029	0.00813	0.00984	0.00742	0.01091	0.00681	0.01642	0.04571	0.02921	0.06187	0.10250	0.02758	0.01208	0.00480	0.00430	0.00095	0.03096	0.00391	0.00333	0.60298
8	0.01079	0.07381	0.31265	0.02843	0.17198	0.01126	0.02899	0.04698	0.15919	0.01602	0.01042	0.01155	0.00796	0.00464	0.00436	0.00137	0.00549	0.00387	0.00275	0.08752
9	0.01043	0.01100	0.07756	0.11533	0.54409	0.01022	0.01304	0.01363	0.03758	0.01465	0.01210	0.03884	0.05575	0.00523	0.00473	0.00146	0.00535	0.01974	0.00255	0.00671
10	0.00808	0.00508	0.00659	0.00609	0.00746	0.00462	0.00464	0.00999	0.01264	0.10174	0.60225	0.03350	0.11027	0.00964	0.00585	0.02992	0.00252	0.02949	0.00499	0.00464
11	0.00674	0.00490	0.00531	0.00520	0.00679	0.00416	0.00390	0.00798	0.01077	0.07413	0.07697	0.11611	0.63761	0.01148	0.00548	0.00159	0.00250	0.00968	0.00447	0.00424
12	0.01107	0.01099	0.01990	0.12777	0.55888	0.01110	0.16316	0.01409	0.01050	0.01472	0.00882	0.01183	0.00716	0.00417	0.00478	0.00144	0.00606	0.00440	0.00228	0.00688
13	0.02072	0.00817	0.01095	0.00840	0.01200	0.00721	0.00694	0.06067	0.01374	0.77211	0.01800	0.01560	0.01134	0.00575	0.00468	0.00144	0.00402	0.00465	0.00570	0.00792
14	0.00724	0.00546	0.00712	0.02624	0.05576	0.00552	0.00548	0.00957	0.08688	0.02801	0.02419	0.52828	0.09396	0.01177	0.00575	0.00174	0.02606	0.01044	0.05598	0.00454
15	0.03739	0.02532	0.00998	0.07237	0.01148	0.00809	0.02783	0.06119	0.00899	0.06078	0.01153	0.01644	0.01029	0.07216	0.46277	0.00506	0.08596	0.00475	0.00277	0.00484
16	0.01508	0.21871	0.01609	0.01089	0.05122	0.17634	0.00863	0.31278	0.06166	0.01870	0.00956	0.01077	0.00768	0.03597	0.00512	0.00140	0.02580	0.00368	0.00330	0.00661
17	0.00692	0.00538	0.00800	0.00784	0.00861	0.00646	0.00615	0.00853	0.00745	0.01083	0.01197	0.01765	0.01121	0.03283	0.75636	0.00706	0.07515	0.00491	0.00246	0.00423
18	0.00983	0.04174	0.08314	0.15301	0.10383	0.03029	0.18255	0.02731	0.04416	0.01376	0.01468	0.05021	0.11518	0.00626	0.00616	0.00157	0.10237	0.00547	0.00271	0.00574
19	0.06863	0.00854	0.01050	0.00800	0.01165	0.00764	0.00655	0.09961	0.01295	0.46156	0.03096	0.01367	0.01025	0.00514	0.00427	0.00124	0.00389	0.00409	0.00469	0.22619
20	0.01097	0.01218	0.02475	0.08149	0.07520	0.02786	0.62169	0.01486	0.03181	0.01464	0.00940	0.01245	0.00716	0.00419	0.00559	0.00156	0.03038	0.00520	0.00238	0.00624
21	0.24852	0.01170	0.01160	0.09533	0.03664	0.09001	0.00816	0.29094	0.07957	0.06943	0.01021	0.01085	0.00749	0.00510	0.00413	0.00142	0.00496	0.00373	0.00369	0.00654
22	0.03627	0.00956	0.01046	0.00789	0.01169	0.04006	0.00634	0.13251	0.04943	0.08990	0.02185	0.01107	0.00827	0.00429	0.00385	0.00096	0.00394	0.00335	0.00344	0.54488
23	0.37654	0.03726	0.06222	0.04876	0.16066	0.14939	0.03454	0.03010	0.01000	0.01685	0.00855	0.01007	0.02826	0.00460	0.00380	0.00139	0.00528	0.00337	0.00263	0.00575
24	0.00943	0.02337	0.76499	0.01364	0.02039	0.01086	0.06390	0.01474	0.00989	0.01474	0.00841	0.00999	0.00596	0.00439	0.00448	0.00148	0.00693	0.00356	0.00199	0.00684
25	0.00578	0.00416	0.00549	0.00643	0.00682	0.00387	0.00438	0.00674	0.00932	0.01245	0.08329	0.72793	0.05747	0.01407	0.00590	0.00185	0.00269	0.03313	0.00438	0.00384
26	0.06243	0.01185	0.01355	0.04392	0.09677	0.01297	0.00907	0.52283	0.08906	0.04858	0.01138	0.01171	0.00828	0.00534	0.00452	0.00140	0.00491	0.00416	0.00420	0.03308
27	0.00677	0.00451	0.00507	0.00507	0.00507	0.00451	0.00282	0.00677	0.00677	0.00902	0.01466	0.03044	0.01691	0.83650	0.02368	0.00451	0.00451	0.00677	0.00282	0.00282
28	0.03309	0.07798	0.02505	0.01243	0.14737	0.08748	0.02346	0.13199	0.08369	0.05183	0.12701	0.05631	0.03967	0.01666	0.00555	0.00149	0.05441	0.01479	0.00360	0.00614
29	0.01136	0.01398	0.20633	0.08350	0.46732	0.01107	0.02414	0.06162	0.03016	0.03279	0.00923	0.01141	0.00721	0.00442	0.00458	0.00143	0.00583	0.00403	0.00248	0.00711
30	0.86937	0.00900	0.00684	0.00612	0.00900	0.01044	0.00504	0.01368	0.00792	0.02087	0.00648	0.00756	0.00504	0.00432	0.00288	0.00144	0.00360	0.00252	0.00288	0.00504
31	0.01101	0.46594	0.38527	0.01039	0.01569	0.01493	0.01219	0.01430	0.00962	0.01268	0.00733	0.00854	0.00593	0.00418	0.00364	0.00121	0.00585	0.00292	0.00198	0.00638
32	0.00666	0.00449	0.00522	0.00531	0.00539	0.00449	0.00311	0.00686	0.00719	0.00965	0.04157	0.10025	0.01883	0.70984	0.04898	0.00428	0.00455	0.00732	0.00301	0.00300
33	0.00676	0.00453	0.00518	0.00517	0.00523	0.00455	0.00296	0.00687	0.00699	0.00938	0.03960	0.03022	0.01761	0.78655	0.04667	0.00450	0.00467	0.00676	0.00288	0.00291
34	0.00844	0.00770	0.01129	0.00989	0.01054	0.00963	0.05608	0.00979	0.00803	0.01171	0.06555	0.04175	0.04422	0.09316	0.21802	0.00356	0.37802	0.00545	0.00262	0.00458
35	0.00651	0.00473	0.00607	0.00577	0.00684	0.00435	0.00428	0.00854	0.01271	0.01782	0.71653	0.05051	0.08921	0.03832	0.00612	0.00158	0.00229	0.00853	0.00498	0.00430
36	0.00843	0.00719	0.03361	0.02240	0.01044	0.02848	0.08806	0.03116	0.04811	0.06265	0.18544	0.22862	0.18511	0.00989	0.00544	0.00162	0.00364	0.03060	0.00423	0.00490
37	0.17240	0.12977	0.10726	0.02177	0.01355	0.16202	0.02753	0.08840	0.05730	0.14021	0.01009	0.01063	0.00749	0.00564	0.02573	0.00151	0.00565	0.00352	0.00324	0.00631
38	0.06315	0.19739	0.42891	0.04331	0.01694	0.03928	0.01273	0.06944	0.01078	0.04479	0.02766	0.01015	0.00715	0.00460	0.00407	0.00135	0.00594	0.00341	0.00245	0.00650

[dist]
# distance from previous block
# <min> <max>
1	11

[block]
# block no. 2 follows, 55 sequences, length 33
# corresponding to MSA columns:
# 178-188,190-211
name=unknown_C
#
# <colnr> <probs for GDERKNQSTAVLIFYWHMCP>
#	G	D	E	R	K	N	Q	S	T	A	V	L	I	F	Y	W	H	M	C	P
0	0.10282	0.12475	0.04722	0.03313	0.21548	0.15422	0.03806	0.06942	0.07200	0.04113	0.00939	0.02152	0.00759	0.00470	0.00415	0.00131	0.00557	0.00374	0.00283	0.04098
1	0.27047	0.10357	0.37951	0.01075	0.02981	0.01169	0.03644	0.04197	0.04779	0.01694	0.00824	0.00942	0.00618	0.00445	0.00386	0.00142	0.00547	0.00325	0.00249	0.00627
2	0.00827	0.00464	0.00657	0.00648	0.00678	0.00485	0.00448	0.00789	0.07587	0.00931	0.00940	0.01477	0.00891	0.01685	0.08357	0.71745	0.00471	0.00423	0.00230	0.00267
3	0.00641	0.00484	0.00652	0.00656	0.00749	0.00516	0.00496	0.00785	0.00839	0.01148	0.04226	0.05812	0.18895	0.07884	0.51419	0.00545	0.00881	0.00657	0.02314	0.00401
4	0.05171	0.15783	0.45158	0.01388	0.08887	0.01218	0.09130	0.01427	0.00975	0.01429	0.00831	0.02389	0.00655	0.00456	0.00460	0.00142	0.03271	0.00369	0.00212	0.00651
5	0.01735	0.00716	0.00957	0.00760	0.01064	0.00621	0.00618	0.01916	0.01305	0.62022	0.14041	0.02125	0.08622	0.00686	0.00487	0.00145	0.00355	0.00570	0.00553	0.00703
6	0.01237	0.00950	0.01089	0.00928	0.01161	0.03256	0.03526	0.19396	0.27211	0.07786	0.01563	0.05625	0.02330	0.10641	0.08316	0.00244	0.03151	0.00547	0.00410	0.00631
7	0.01629	0.20651	0.01579	0.01096	0.01383	0.56528	0.00874	0.08627	0.01311	0.01288	0.00738	0.00843	0.00616	0.00468	0.00396	0.00117	0.00733	0.00299	0.00251	0.00575
8	0.00961	0.00822	0.00957	0.00696	0.01095	0.00631	0.00554	0.01199	0.03461	0.01521	0.00905	0.03102	0.00773	0.00382	0.00355	0.00075	0.00343	0.00310	0.00286	0.81572
9	0.01279	0.02765	0.05863	0.00945	0.01222	0.12429	0.03070	0.20574	0.03263	0.09480	0.09183	0.02446	0.11002	0.00769	0.00505	0.00153	0.00488	0.13557	0.00410	0.00597
10	0.03997	0.11557	0.03455	0.01242	0.13345	0.04401	0.00895	0.08085	0.35835	0.06550	0.01345	0.01346	0.01027	0.00551	0.00488	0.00145	0.04231	0.00434	0.00373	0.00700
11	0.30181	0.01330	0.01399	0.01322	0.11699	0.21639	0.12733	0.02934	0.01041	0.03817	0.00779	0.00955	0.00621	0.00473	0.00492	0.00144	0.07250	0.00352	0.00265	0.00576
12	0.01132	0.00895	0.01448	0.17236	0.26047	0.00916	0.08074	0.06720	0.01149	0.11358	0.07200	0.11037	0.03465	0.00634	0.00495	0.00151	0.00498	0.00586	0.00335	0.00622
13	0.01084	0.01105	0.02993	0.31040	0.25746	0.06514	0.11147	0.03383	0.04861	0.01417	0.02342	0.01237	0.00775	0.00475	0.00516	0.00149	0.03920	0.00435	0.00244	0.00616
14	0.86937	0.00900	0.00684	0.00612	0.00900	0.01044	0.00504	0.01368	0.00792	0.02087	0.00648	0.00756	0.00504	0.00432	0.00288	0.00144	0.00360	0.00252	0.00288	0.00504
15	0.00750	0.00579	0.00845	0.08127	0.07485	0.00587	0.00763	0.00954	0.01049	0.01388	0.08816	0.16704	0.05052	0.01139	0.00594	0.00191	0.00407	0.43716	0.00401	0.00453
16	0.00784	0.00503	0.00662	0.00607	0.00738	0.00460	0.00460	0.01000	0.01318	0.08826	0.73589	0.03309	0.04105	0.00918	0.00542	0.00146	0.00235	0.00809	0.00518	0.00470
17	0.00961	0.00827	0.00985	0.04641	0.01204	0.00640	0.00587	0.01172	0.00963	0.01500	0.00827	0.00978	0.00686	0.00350	0.00350	0.00073	0.00358	0.00282	0.00272	0.82343
18	0.01103	0.00881	0.01348	0.05321	0.40979	0.00876	0.01011	0.03843	0.03982	0.09318	0.07425	0.03061	0.12085	0.00630	0.00481	0.00145	0.00444	0.02486	0.03942	0.00640
19	0.03835	0.02381	0.01362	0.01045	0.01400	0.07079	0.03346	0.55917	0.03176	0.08384	0.02339	0.02141	0.00879	0.00553	0.00456	0.00137	0.00515	0.00425	0.00435	0.04194
20	0.00717	0.00541	0.00773	0.00754	0.00826	0.00643	0.00585	0.00870	0.00764	0.01136	0.01249	0.03866	0.01183	0.06775	0.60524	0.00607	0.09446	0.00513	0.07807	0.00419
21	0.00677	0.00451	0.00507	0.00507	0.00507	0.00451	0.00282	0.00677	0.00677	0.00902	0.01466	0.03044	0.01691	0.83650	0.02368	0.00451	0.00451	0.00677	0.00282	0.00282
22	0.00987	0.04998	0.62777	0.01610	0.17572	0.01112	0.01629	0.01461	0.00996	0.01469	0.00836	0.01007	0.00619	0.00435	0.00441	0.00144	0.00654	0.00354	0.00203	0.00694
23	0.00926	0.00733	0.02611	0.00740	0.00944	0.00697	0.03034	0.12119	0.09114	0.04333	0.29426	0.05795	0.14946	0.07632	0.00666	0.00171	0.00339	0.00718	0.00442	0.04611
24	0.00687	0.00463	0.00534	0.00530	0.00573	0.00448	0.00329	0.00733	0.00807	0.03063	0.07832	0.07189	0.12992	0.57559	0.04053	0.00375	0.00415	0.00753	0.00334	0.00330
25	0.05607	0.24967	0.17395	0.01016	0.01409	0.19189	0.00976	0.14451	0.01240	0.04938	0.00862	0.01004	0.00691	0.03810	0.00471	0.00138	0.00600	0.00334	0.00276	0.00625
26	0.00998	0.00948	0.01610	0.47760	0.37045	0.01065	0.01351	0.01293	0.00987	0.01333	0.00848	0.01202	0.00671	0.00443	0.00463	0.00148	0.00591	0.00414	0.00217	0.00613
27	0.07078	0.01129	0.01172	0.07133	0.01421	0.05080	0.00813	0.26255	0.38941	0.02159	0.01408	0.01380	0.01047	0.00569	0.00453	0.00147	0.00454	0.00450	0.00423	0.02486
28	0.11358	0.00961	0.01329	0.43887	0.07575	0.04040	0.01102	0.06643	0.00996	0.01441	0.02438	0.01163	0.00702	0.00531	0.00615	0.00158	0.13872	0.00398	0.00243	0.00547
29	0.01123	0.01006	0.01119	0.06455	0.01303	0.07209	0.00742	0.13073	0.04480	0.01661	0.07275	0.01315	0.02817	0.00543	0.00575	0.00121	0.12429	0.00399	0.00317	0.36037
30	0.08248	0.06925	0.04550	0.00863	0.01164	0.03762	0.02681	0.18853	0.02932	0.14103	0.09688	0.04805	0.08677	0.00678	0.00478	0.00142	0.01839	0.03430	0.00407	0.05776
31	0.02577	0.04524	0.07641	0.00964	0.01301	0.05539	0.02929	0.33571	0.06365	0.05124	0.07875	0.04208	0.04860	0.01879	0.00491	0.00142	0.00475	0.01517	0.00399	0.07618
32	0.10570	0.02104	0.03946	0.06188	0.01272	0.04815	0.01506	0.10477	0.19093	0.08287	0.07334	0.05859	0.03053	0.00680	0.01609	0.00156	0.05135	0.00506	0.03147	0.04264

[dist]
# distance from previous block
# <min> <max>
0	150

[block]
# block no. 3 follows, 55 sequences, length 73
# corresponding to MSA columns:
# 364-436
name=unknown_D
#
# <colnr> <probs for GDERKNQSTAVLIFYWHMCP>
#	G	D	E	R	K	N	Q	S	T	A	V	L	I	F	Y	W	H	M	C	P
0	0.06671	0.01109	0.02844	0.04251	0.16311	0.06926	0.04978	0.11400	0.11305	0.07767	0.01136	0.01377	0.00910	0.02314	0.00553	0.00147	0.05511	0.03316	0.00333	0.10840
1	0.06009	0.04618	0.08531	0.01375	0.11753	0.22782	0.09360	0.04247	0.01117	0.04863	0.01099	0.03159	0.04017	0.00579	0.00570	0.00146	0.09490	0.03863	0.00275	0.02145
2	0.06156	0.01110	0.07162	0.24361	0.03748	0.05363	0.08728	0.15513	0.03133	0.03484	0.11280	0.01491	0.02263	0.00545	0.00467	0.00145	0.00539	0.00469	0.00323	0.03721
3	0.04196	0.01287	0.02530	0.03176	0.09259	0.15537	0.17878	0.16640	0.03719	0.05029	0.03019	0.04914	0.02524	0.00554	0.00521	0.00144	0.04233	0.00480	0.00322	0.04038
4	0.05021	0.01124	0.01420	0.07706	0.17797	0.06307	0.05715	0.20850	0.09400	0.08078	0.01139	0.03567	0.00886	0.00516	0.00453	0.00138	0.00514	0.00438	0.00352	0.08581
5	0.01132	0.01036	0.00963	0.00928	0.02681	0.19907	0.01904	0.07896	0.06587	0.05239	0.01683	0.21726	0.01729	0.09123	0.00700	0.00189	0.00497	0.12473	0.00371	0.03235
6	0.40852	0.01023	0.01381	0.02850	0.01458	0.01060	0.22682	0.07455	0.03114	0.01887	0.00827	0.00988	0.00634	0.00425	0.00391	0.00138	0.00495	0.00362	0.00288	0.11687
7	0.01394	0.01142	0.01160	0.00972	0.01268	0.05602	0.00777	0.35819	0.32865	0.02260	0.01745	0.01740	0.07907	0.00654	0.00478	0.00149	0.00447	0.02456	0.00452	0.00712
8	0.00570	0.00407	0.00544	0.00652	0.00681	0.00381	0.00438	0.00654	0.00894	0.01192	0.02562	0.81784	0.03069	0.01454	0.00595	0.00189	0.00273	0.02849	0.00432	0.00379
9	0.00686	0.00526	0.00770	0.00758	0.00830	0.00622	0.00585	0.00837	0.00740	0.01069	0.01225	0.01868	0.01169	0.09164	0.71287	0.00694	0.06002	0.00506	0.00249	0.00411
10	0.22777	0.00818	0.00983	0.00775	0.01117	0.00772	0.00640	0.02048	0.01200	0.61811	0.01546	0.01382	0.00994	0.00541	0.00424	0.00144	0.00387	0.00415	0.00506	0.00722
11	0.00713	0.00608	0.00823	0.13555	0.09218	0.00601	0.00646	0.00943	0.03384	0.01480	0.26988	0.03247	0.34236	0.00904	0.00525	0.00152	0.00327	0.00779	0.00402	0.00471
12	0.00792	0.00625	0.00732	0.00679	0.00836	0.00640	0.00517	0.01316	0.23778	0.01835	0.51371	0.03065	0.10217	0.00879	0.00527	0.00151	0.00263	0.00763	0.00494	0.00520
13	0.00575	0.00410	0.00549	0.00657	0.00687	0.00385	0.00445	0.00661	0.00898	0.01196	0.02560	0.80012	0.03060	0.01450	0.00596	0.00190	0.00277	0.04580	0.00432	0.00380
14	0.00666	0.00494	0.00727	0.00727	0.00803	0.00570	0.00556	0.00817	0.00742	0.01065	0.01265	0.01932	0.01209	0.10392	0.74966	0.00722	0.01178	0.00514	0.00252	0.00404
15	0.02685	0.67231	0.17145	0.00892	0.01342	0.01685	0.00963	0.01408	0.00949	0.01183	0.00682	0.00791	0.00594	0.00407	0.00325	0.00109	0.00531	0.00267	0.00200	0.00612
16	0.00677	0.00451	0.00507	0.00507	0.00507	0.00451	0.00282	0.00677	0.00677	0.00902	0.01466	0.03044	0.01691	0.83650	0.02368	0.00451	0.00451	0.00677	0.00282	0.00282
17	0.01157	0.01213	0.01842	0.16105	0.35075	0.10990	0.16183	0.01463	0.03473	0.01398	0.00875	0.01158	0.00707	0.00459	0.00542	0.00147	0.05912	0.00429	0.00234	0.00639
18	0.04287	0.00813	0.01117	0.00942	0.05877	0.00718	0.00723	0.02194	0.01301	0.74276	0.01747	0.01536	0.01110	0.00562	0.00463	0.00144	0.00404	0.00459	0.00548	0.00781
19	0.00933	0.02406	0.81240	0.01326	0.02014	0.01080	0.01719	0.01473	0.00982	0.01473	0.00835	0.00982	0.00589	0.00442	0.00442	0.00147	0.00688	0.00344	0.00196	0.00688
20	0.00978	0.00929	0.01576	0.53368	0.31588	0.01060	0.01342	0.01276	0.00977	0.01310	0.00845	0.01208	0.00663	0.00447	0.00463	0.00149	0.00595	0.00414	0.00215	0.00597
21	0.02638	0.17070	0.13937	0.01007	0.01424	0.08360	0.00945	0.31077	0.01484	0.07624	0.00965	0.01014	0.00718	0.00481	0.00412	0.00125	0.00538	0.00351	0.00339	0.09493
22	0.01231	0.80449	0.05803	0.00819	0.01229	0.01808	0.00835	0.01396	0.00947	0.01111	0.00655	0.00756	0.00597	0.00400	0.00305	0.00102	0.00506	0.00253	0.00199	0.00601
23	0.00933	0.02406	0.81240	0.01326	0.02014	0.01080	0.01719	0.01473	0.00982	0.01473	0.00835	0.00982	0.00589	0.00442	0.00442	0.00147	0.00688	0.00344	0.00196	0.00688
24	0.00567	0.00405	0.00540	0.00648	0.00675	0.00378	0.00432	0.00648	0.00891	0.01188	0.02564	0.83347	0.03077	0.01457	0.00594	0.00189	0.00270	0.01323	0.00432	0.00378
25	0.01322	0.32340	0.01647	0.00920	0.01254	0.03510	0.00791	0.16779	0.33243	0.01794	0.01245	0.01221	0.00968	0.00526	0.00405	0.00131	0.00456	0.00395	0.00363	0.00689
26	0.00908	0.00635	0.00737	0.00662	0.00848	0.00621	0.00511	0.06136	0.13146	0.09206	0.35376	0.03163	0.24406	0.00905	0.00525	0.00150	0.00281	0.00771	0.00487	0.00526
27	0.01004	0.05655	0.00990	0.02014	0.01014	0.03863	0.02207	0.09411	0.03169	0.06476	0.07432	0.02126	0.04929	0.12761	0.21805	0.00338	0.01617	0.04813	0.00339	0.08038
28	0.01633	0.00772	0.01023	0.00825	0.03395	0.00652	0.00646	0.01826	0.01237	0.51076	0.10806	0.01650	0.01413	0.00562	0.00449	0.00127	0.00368	0.00466	0.00489	0.20586
29	0.79703	0.03358	0.00770	0.00650	0.00938	0.05589	0.00534	0.01396	0.00826	0.02006	0.00652	0.00760	0.00512	0.00434	0.00296	0.00141	0.00391	0.00254	0.00283	0.00508
30	0.00987	0.16547	0.67571	0.01234	0.01871	0.01212	0.01559	0.01459	0.00976	0.01408	0.00802	0.00941	0.00591	0.00434	0.00417	0.00139	0.00655	0.00327	0.00197	0.00672
31	0.01539	0.01797	0.01183	0.01068	0.01288	0.58857	0.00811	0.07564	0.01298	0.01328	0.01001	0.01140	0.03753	0.00703	0.05249	0.00161	0.02565	0.00361	0.07801	0.00536
32	0.00576	0.00425	0.00540	0.00612	0.00670	0.00388	0.00420	0.00681	0.00973	0.01286	0.12983	0.60528	0.15518	0.01348	0.00581	0.00178	0.00258	0.01206	0.00442	0.00388
33	0.00615	0.00465	0.00510	0.00506	0.00594	0.00427	0.00341	0.00696	0.00917	0.01162	0.09982	0.03713	0.39197	0.34285	0.04381	0.00296	0.00359	0.00829	0.00372	0.00353
34	0.00560	0.00466	0.00489	0.00496	0.00638	0.00395	0.00367	0.00683	0.01066	0.01300	0.10622	0.11310	0.67640	0.01184	0.00554	0.00159	0.00237	0.01000	0.00438	0.00395
35	0.00850	0.00435	0.00440	0.00440	0.00539	0.00435	0.00321	0.01048	0.00949	0.01661	0.01513	0.01849	0.01236	0.07827	0.00504	0.00138	0.00237	0.00455	0.78699	0.00420
36	0.02087	0.00792	0.01080	0.00828	0.01188	0.00684	0.00684	0.02267	0.01332	0.81071	0.01835	0.01583	0.01152	0.00576	0.00468	0.00144	0.00396	0.00468	0.00576	0.00792
37	0.01018	0.01018	0.01425	0.01221	0.01221	0.01425	0.01018	0.01120	0.00712	0.01120	0.00611	0.01018	0.00611	0.00814	0.01527	0.00204	0.82799	0.00407	0.00204	0.00509
38	0.00990	0.00975	0.01365	0.01178	0.01183	0.01354	0.00976	0.01093	0.00714	0.01113	0.00667	0.01109	0.00666	0.02746	0.06284	0.00241	0.76221	0.00418	0.00208	0.00499
39	0.03872	0.35169	0.14049	0.01025	0.01406	0.30426	0.00966	0.03663	0.01124	0.03391	0.00746	0.00849	0.00614	0.00444	0.00373	0.00118	0.00643	0.00292	0.00233	0.00598
40	0.00705	0.00535	0.00785	0.00744	0.00820	0.00599	0.03862	0.00836	0.00749	0.01071	0.01276	0.02092	0.01264	0.24341	0.52074	0.00606	0.03958	0.00542	0.02748	0.00393
41	0.00946	0.05888	0.77875	0.01303	0.01979	0.01113	0.01679	0.01470	0.00981	0.01457	0.00827	0.00972	0.00590	0.00440	0.00436	0.00145	0.00679	0.00340	0.00197	0.00684
42	0.00808	0.00404	0.00606	0.00606	0.00606	0.00404	0.00404	0.00606	0.00606	0.00808	0.00808	0.01414	0.00808	0.01616	0.01818	0.86465	0.00404	0.00404	0.00202	0.00202
43	0.00675	0.00459	0.00546	0.00546	0.00559	0.00472	0.00330	0.00701	0.00688	0.00931	0.01431	0.02849	0.01607	0.70791	0.15111	0.00499	0.00579	0.00648	0.00277	0.00303
44	0.00550	0.00471	0.00471	0.00471	0.00628	0.00393	0.00353	0.00668	0.01060	0.01257	0.04713	0.04477	0.80560	0.01178	0.00550	0.00157	0.00236	0.00982	0.00432	0.00393
45	0.05608	0.00799	0.01063	0.00821	0.01176	0.00706	0.00677	0.02233	0.02541	0.76540	0.01787	0.01551	0.01129	0.00571	0.00460	0.00144	0.00394	0.00460	0.00562	0.00779
46	0.01151	0.01105	0.01888	0.02855	0.80748	0.01105	0.01428	0.01428	0.01059	0.01520	0.00875	0.01151	0.00737	0.00415	0.00461	0.00138	0.00553	0.00415	0.00230	0.00737
47	0.00931	0.00780	0.00907	0.00694	0.01028	0.00646	0.00538	0.01209	0.07838	0.01458	0.01018	0.01321	0.00896	0.10088	0.05396	0.00160	0.00412	0.00357	0.00292	0.64031
48	0.00552	0.00464	0.00479	0.00491	0.00634	0.00391	0.00362	0.00665	0.01041	0.01249	0.04467	0.13502	0.71694	0.01210	0.00555	0.00161	0.00240	0.01021	0.00432	0.00391
49	0.36407	0.04823	0.01044	0.00869	0.01153	0.29200	0.00684	0.01647	0.09964	0.01649	0.00829	0.00914	0.00661	0.00462	0.00360	0.00129	0.00532	0.00302	0.00287	0.08084
50	0.00938	0.00892	0.01483	0.61585	0.16481	0.01080	0.01292	0.01224	0.00934	0.01240	0.00816	0.01205	0.00640	0.00487	0.00557	0.00156	0.07812	0.00413	0.00211	0.00554
51	0.00581	0.00421	0.00561	0.00645	0.00688	0.00401	0.00442	0.00681	0.00916	0.01230	0.08209	0.67104	0.06233	0.01587	0.07707	0.00233	0.00350	0.01201	0.00422	0.00386
52	0.79398	0.01032	0.07745	0.00674	0.00997	0.01047	0.00610	0.01377	0.00808	0.02033	0.00664	0.00776	0.00511	0.00433	0.00301	0.00144	0.00389	0.00260	0.00280	0.00520
53	0.69552	0.01066	0.09964	0.07874	0.01229	0.01047	0.00712	0.01364	0.00826	0.01938	0.00685	0.00824	0.00524	0.00436	0.00321	0.00145	0.00420	0.00277	0.00270	0.00526
54	0.00942	0.00801	0.00940	0.00682	0.01073	0.00607	0.00543	0.01150	0.00990	0.01541	0.06624	0.01147	0.00958	0.00389	0.00359	0.00075	0.00335	0.00317	0.00293	0.80233
55	0.86937	0.00900	0.00684	0.00612	0.00900	0.01044	0.00504	0.01368	0.00792	0.02087	0.00648	0.00756	0.00504	0.00432	0.00288	0.00144	0.00360	0.00252	0.00288	0.00504
56	0.00567	0.00405	0.00540	0.00648	0.00675	0.00378	0.00432	0.00648	0.00891	0.01188	0.02564	0.83347	0.03077	0.01457	0.00594	0.00189	0.00270	0.01323	0.00432	0.00378
57	0.00642	0.00475	0.00599	0.00568	0.00685	0.00432	0.00426	0.00846	0.01278	0.01774	0.69160	0.03625	0.15789	0.00985	0.00549	0.00148	0.00222	0.00862	0.00500	0.00432
58	0.00965	0.00827	0.00965	0.00689	0.01102	0.00620	0.00551	0.01171	0.00965	0.01516	0.00827	0.00965	0.00689	0.00345	0.00345	0.00069	0.00345	0.00276	0.00276	0.86494
59	0.00888	0.00527	0.00692	0.00621	0.00773	0.00477	0.00476	0.01098	0.01311	0.14774	0.65260	0.03198	0.06276	0.00897	0.00536	0.00146	0.00249	0.00785	0.00520	0.00495
60	0.29951	0.05223	0.02295	0.00878	0.01207	0.01246	0.00733	0.38250	0.06778	0.04515	0.01058	0.04062	0.00819	0.00545	0.00403	0.00142	0.00442	0.00396	0.00392	0.00666
61	0.00669	0.00482	0.00663	0.00663	0.00717	0.00535	0.00476	0.00776	0.00723	0.01017	0.01324	0.02257	0.01349	0.31769	0.53782	0.00643	0.00966	0.00561	0.00261	0.00368
62	0.00658	0.00476	0.00622	0.00585	0.00695	0.00439	0.00439	0.00878	0.01317	0.01866	0.80503	0.03475	0.04390	0.00951	0.00549	0.00146	0.00219	0.00841	0.00512	0.00439
63	0.01339	0.01218	0.01979	0.01842	0.22493	0.01246	0.28437	0.27506	0.05685	0.02004	0.01034	0.01208	0.00781	0.00466	0.00494	0.00146	0.00610	0.00469	0.00324	0.00717
64	0.00562	0.00452	0.00501	0.00529	0.00646	0.00391	0.00381	0.00675	0.01028	0.01276	0.08954	0.27102	0.53385	0.01244	0.00562	0.00166	0.00244	0.01071	0.00437	0.00391
65	0.00630	0.00548	0.00560	0.02894	0.00745	0.03893	0.00419	0.00755	0.01061	0.01296	0.12642	0.13064	0.54078	0.04570	0.00622	0.00170	0.00284	0.00947	0.00420	0.00401
66	0.01247	0.81344	0.03604	0.00811	0.01210	0.03160	0.00812	0.01402	0.00952	0.01101	0.00651	0.00751	0.00597	0.00400	0.00303	0.00101	0.00506	0.00251	0.00200	0.00597
67	0.00721	0.00503	0.00622	0.00663	0.02502	0.00453	0.00489	0.00864	0.01069	0.07140	0.11752	0.22934	0.34555	0.01176	0.00566	0.00171	0.00290	0.12648	0.00446	0.00436
68	0.03085	0.08524	0.01052	0.00897	0.05687	0.05378	0.00666	0.06152	0.08792	0.11327	0.23692	0.12279	0.02274	0.00868	0.02285	0.00163	0.00399	0.05491	0.00426	0.00563
69	0.05251	0.01345	0.01114	0.01002	0.01258	0.24418	0.00771	0.05231	0.48724	0.01741	0.01482	0.03287	0.01155	0.00594	0.00452	0.00146	0.00507	0.00462	0.00396	0.00663
70	0.41263	0.01004	0.00957	0.12297	0.02965	0.08034	0.00695	0.03335	0.02760	0.01750	0.00767	0.00920	0.00605	0.00428	0.00350	0.00126	0.00443	0.00298	0.00277	0.20726
71	0.02251	0.00856	0.00951	0.00852	0.01032	0.11607	0.05236	0.07600	0.01090	0.06216	0.05137	0.06471	0.14041	0.03295	0.28775	0.00363	0.00745	0.02650	0.00341	0.00493
72	0.01632	0.00987	0.01122	0.02762	0.02697	0.07688	0.00711	0.10388	0.01298	0.37795	0.01309	0.01262	0.00902	0.00489	0.00425	0.00118	0.00439	0.00387	0.00428	0.27162

[dist]
# distance from previous block
# <min> <max>
1	9

[block]
# block no. 4 follows, 55 sequences, length 43
# corresponding to MSA columns:
# 446-488
name=unknown_E
#
# <colnr> <probs for GDERKNQSTAVLIFYWHMCP>
#	G	D	E	R	K	N	Q	S	T	A	V	L	I	F	Y	W	H	M	C	P
0	0.43186	0.03474	0.02757	0.10211	0.10699	0.04237	0.01998	0.04849	0.00947	0.01753	0.00942	0.10160	0.00859	0.00560	0.00400	0.00148	0.01562	0.00428	0.00288	0.00542
1	0.04160	0.19070	0.10825	0.07516	0.01528	0.31067	0.00958	0.09728	0.02895	0.02402	0.00889	0.04300	0.00749	0.00509	0.00409	0.00128	0.00636	0.00364	0.01276	0.00592
2	0.02324	0.42086	0.09555	0.01008	0.03367	0.06744	0.04618	0.07166	0.03622	0.02547	0.00799	0.00913	0.00663	0.00439	0.00404	0.00116	0.03426	0.00313	0.00247	0.09643
3	0.00768	0.00574	0.00705	0.00657	0.00828	0.00526	0.00515	0.01041	0.06669	0.03787	0.37304	0.06441	0.13809	0.00936	0.00529	0.00150	0.00286	0.11919	0.00453	0.12104
4	0.02473	0.02023	0.06308	0.11554	0.28339	0.00912	0.01033	0.07122	0.02243	0.06625	0.14010	0.01980	0.06032	0.00627	0.00484	0.00147	0.00468	0.05173	0.00338	0.02108
5	0.01258	0.26353	0.17160	0.03698	0.09402	0.01301	0.07460	0.13292	0.01206	0.07798	0.03575	0.03644	0.00893	0.00499	0.00424	0.00133	0.00545	0.00409	0.00292	0.00661
6	0.00949	0.32922	0.01317	0.00657	0.00904	0.00986	0.00572	0.01108	0.01095	0.06540	0.22856	0.05350	0.21514	0.00786	0.00448	0.00132	0.00345	0.00638	0.00372	0.00510
7	0.00560	0.00472	0.00486	0.00482	0.00635	0.00397	0.00362	0.00688	0.01086	0.01316	0.12145	0.04379	0.73090	0.01156	0.00550	0.00156	0.00234	0.00968	0.00440	0.00397
8	0.01297	0.13556	0.17901	0.04002	0.09313	0.21983	0.06555	0.02597	0.05321	0.06533	0.01053	0.03171	0.02786	0.00508	0.00448	0.00136	0.01545	0.00402	0.00269	0.00625
9	0.10172	0.03042	0.01481	0.09511	0.05374	0.07089	0.11096	0.27262	0.08364	0.04881	0.01044	0.01183	0.00789	0.01585	0.01466	0.00157	0.04079	0.00420	0.00346	0.00660
10	0.00874	0.01048	0.23651	0.00809	0.01077	0.00653	0.00796	0.01123	0.01017	0.08713	0.22857	0.05201	0.02067	0.19989	0.05786	0.00253	0.00486	0.00614	0.02485	0.00502
11	0.01434	0.01724	0.04742	0.07506	0.22037	0.43912	0.01107	0.02995	0.01176	0.01285	0.00770	0.00974	0.00640	0.00489	0.00525	0.00135	0.07368	0.00350	0.00234	0.00597
12	0.00562	0.00424	0.00520	0.00596	0.00661	0.00382	0.00409	0.00654	0.00940	0.01208	0.03194	0.60223	0.25794	0.01376	0.00581	0.00180	0.00260	0.01223	0.00432	0.00382
13	0.00965	0.00827	0.00965	0.00689	0.01102	0.00620	0.00551	0.01171	0.00965	0.01516	0.00827	0.00965	0.00689	0.00345	0.00345	0.00069	0.00345	0.00276	0.00276	0.86494
14	0.01186	0.01014	0.01068	0.00953	0.01221	0.01171	0.00743	0.06099	0.76234	0.01993	0.01857	0.01706	0.01390	0.00628	0.00473	0.00157	0.00375	0.00521	0.00473	0.00739
15	0.00647	0.00475	0.00607	0.00574	0.00688	0.00434	0.00430	0.00857	0.01291	0.01804	0.72865	0.03576	0.12066	0.00974	0.00549	0.00147	0.00221	0.00855	0.00504	0.00434
16	0.01016	0.06851	0.43318	0.04224	0.04147	0.01161	0.29737	0.01464	0.01022	0.01448	0.00863	0.01080	0.00637	0.00421	0.00473	0.00148	0.00706	0.00417	0.00212	0.00656
17	0.00966	0.02157	0.64522	0.01445	0.02077	0.01106	0.16517	0.01469	0.00999	0.01469	0.00851	0.01035	0.00612	0.00440	0.00485	0.00150	0.02438	0.00384	0.00204	0.00672
18	0.00808	0.00404	0.00606	0.00606	0.00606	0.00404	0.00404	0.00606	0.00606	0.00808	0.00808	0.01414	0.00808	0.01616	0.01818	0.86465	0.00404	0.00404	0.00202	0.00202
19	0.01151	0.01105	0.01888	0.02855	0.80748	0.01105	0.01428	0.01428	0.01059	0.01520	0.00875	0.01151	0.00737	0.00415	0.00461	0.00138	0.00553	0.00415	0.00230	0.00737
20	0.04430	0.18346	0.06464	0.00995	0.01307	0.15668	0.02311	0.13929	0.07742	0.09208	0.04346	0.01351	0.02143	0.00573	0.00505	0.00138	0.06480	0.03100	0.00335	0.00629
21	0.01384	0.01577	0.01614	0.01356	0.04190	0.37588	0.21439	0.09463	0.01284	0.01437	0.01199	0.07241	0.05686	0.00581	0.00497	0.00141	0.01962	0.00499	0.00286	0.00574
22	0.01012	0.00979	0.01001	0.06895	0.08572	0.13193	0.00735	0.01531	0.24262	0.01588	0.18481	0.02364	0.16003	0.00741	0.00493	0.00147	0.00421	0.00621	0.00396	0.00567
23	0.02006	0.00946	0.01108	0.00873	0.01218	0.08264	0.00711	0.04149	0.04775	0.68251	0.01716	0.01509	0.01103	0.00569	0.00464	0.00142	0.00439	0.00454	0.00537	0.00766
24	0.01040	0.00984	0.01656	0.17545	0.58060	0.01018	0.01298	0.01304	0.01023	0.01426	0.01102	0.07204	0.03260	0.00522	0.00474	0.00146	0.00535	0.00497	0.00246	0.00660
25	0.00690	0.00540	0.00796	0.00784	0.00856	0.00645	0.00611	0.00844	0.00755	0.01091	0.01282	0.07641	0.01250	0.03094	0.68476	0.00657	0.08758	0.00549	0.00258	0.00421
26	0.01110	0.01158	0.04223	0.08906	0.51614	0.01118	0.22086	0.01427	0.01057	0.01484	0.00888	0.01181	0.00715	0.00413	0.00484	0.00145	0.00623	0.00448	0.00229	0.00689
27	0.01980	0.00982	0.07458	0.00883	0.01264	0.04249	0.00775	0.02186	0.01303	0.71264	0.01707	0.01503	0.01083	0.00561	0.00464	0.00143	0.00438	0.00451	0.00531	0.00772
28	0.05192	0.01248	0.01330	0.01034	0.01388	0.01381	0.00849	0.72662	0.02075	0.02823	0.01160	0.04619	0.00877	0.00592	0.00464	0.00142	0.00495	0.00451	0.00457	0.00762
29	0.01610	0.01517	0.01233	0.01059	0.01347	0.32500	0.00826	0.18793	0.24550	0.09926	0.01263	0.01238	0.00938	0.00551	0.00450	0.00138	0.00585	0.00409	0.00391	0.00677
30	0.00674	0.00714	0.06546	0.08341	0.09798	0.00580	0.00657	0.00858	0.01043	0.01295	0.03652	0.03560	0.58634	0.00975	0.00524	0.00154	0.00339	0.00821	0.00372	0.00463
31	0.01297	0.07008	0.01159	0.00835	0.01174	0.06804	0.00678	0.18998	0.08564	0.09120	0.04622	0.01483	0.07305	0.00545	0.00422	0.00116	0.00422	0.00428	0.00378	0.28643
32	0.00595	0.00437	0.00561	0.00634	0.00690	0.00410	0.00436	0.00734	0.03313	0.01306	0.13142	0.63967	0.09359	0.01343	0.00581	0.00180	0.00263	0.01207	0.00444	0.00398
33	0.65248	0.01068	0.00860	0.00738	0.01038	0.06948	0.00602	0.15599	0.01084	0.02173	0.00738	0.00828	0.00563	0.00458	0.00330	0.00141	0.00422	0.00286	0.00317	0.00559
34	0.04978	0.03879	0.01475	0.01120	0.01443	0.01313	0.09439	0.46377	0.07468	0.03601	0.01141	0.01312	0.00877	0.00693	0.03724	0.00173	0.06963	0.02924	0.00396	0.00703
35	0.00889	0.00878	0.07202	0.00815	0.04225	0.05550	0.00650	0.01167	0.06793	0.05023	0.18056	0.04624	0.24070	0.02156	0.00553	0.00145	0.03021	0.00664	0.00386	0.13135
36	0.03090	0.10741	0.24305	0.01053	0.01449	0.01209	0.01056	0.23115	0.05745	0.06559	0.01081	0.03835	0.00854	0.00790	0.06980	0.00193	0.06536	0.00419	0.00324	0.00667
37	0.06691	0.01545	0.02582	0.01148	0.01409	0.36827	0.09129	0.10208	0.01264	0.05094	0.03288	0.01286	0.02550	0.00678	0.03760	0.00164	0.07560	0.02698	0.00297	0.01823
38	0.01303	0.06064	0.04919	0.03969	0.10415	0.12432	0.20585	0.14854	0.10014	0.02616	0.01027	0.01198	0.00798	0.01784	0.01411	0.00151	0.01552	0.00433	0.00303	0.04172
39	0.08347	0.01237	0.07741	0.09830	0.06113	0.12347	0.12407	0.06870	0.08284	0.05070	0.06201	0.02331	0.01040	0.00696	0.05131	0.00179	0.02365	0.00451	0.00308	0.03053
40	0.04537	0.02781	0.01308	0.02108	0.01356	0.07841	0.14519	0.04831	0.12000	0.08453	0.04630	0.05205	0.06844	0.00574	0.00453	0.00130	0.00471	0.00504	0.00352	0.21103
41	0.02590	0.02047	0.05401	0.07714	0.01522	0.10062	0.10359	0.10638	0.02259	0.07843	0.05644	0.04566	0.01049	0.00643	0.03413	0.00153	0.04051	0.00450	0.00321	0.19275
42	0.02680	0.02425	0.02405	0.07023	0.01306	0.11595	0.01642	0.17931	0.02257	0.01695	0.09063	0.02931	0.06936	0.02827	0.04342	0.00172	0.07055	0.01606	0.00339	0.13772

[dist]
# distance from previous block
# <min> <max>
2	40

[block]
# block no. 5 follows, 55 sequences, length 18
# corresponding to MSA columns:
# 672-689
name=unknown_F
#
# <colnr> <probs for GDERKNQSTAVLIFYWHMCP>
#	G	D	E	R	K	N	Q	S	T	A	V	L	I	F	Y	W	H	M	C	P
0	0.02630	0.07113	0.02935	0.02553	0.05930	0.05186	0.08877	0.12583	0.03884	0.01569	0.01409	0.16742	0.04456	0.03144	0.03484	0.00171	0.03270	0.00594	0.00326	0.13144
1	0.05566	0.09594	0.05899	0.00904	0.01227	0.01119	0.00782	0.33082	0.05556	0.08984	0.03888	0.09853	0.04446	0.00681	0.00460	0.00143	0.00442	0.03210	0.00412	0.03753
2	0.02508	0.03987	0.06707	0.00800	0.00996	0.04763	0.00661	0.09964	0.01071	0.04303	0.03895	0.21041	0.05361	0.10648	0.08981	0.00248	0.03373	0.03899	0.00351	0.06443
3	0.01235	0.17668	0.09244	0.03562	0.01343	0.10035	0.03564	0.17425	0.09077	0.02853	0.06006	0.07863	0.01232	0.06207	0.00572	0.00159	0.00518	0.00495	0.00335	0.00606
4	0.11965	0.04347	0.01262	0.04176	0.05389	0.11850	0.04431	0.21463	0.06085	0.06034	0.01124	0.05995	0.00940	0.02963	0.05506	0.00186	0.02245	0.00450	0.00345	0.03244
5	0.02634	0.14186	0.10856	0.00814	0.01116	0.00949	0.00741	0.07961	0.12201	0.05571	0.10826	0.11356	0.11537	0.00740	0.00461	0.00141	0.00394	0.00611	0.00378	0.06528
6	0.00935	0.00766	0.03375	0.04928	0.01108	0.01976	0.02754	0.06889	0.08527	0.05397	0.13261	0.09524	0.01806	0.09049	0.16102	0.00294	0.03876	0.03459	0.00363	0.05609
7	0.00695	0.00511	0.00604	0.00566	0.00719	0.00443	0.00421	0.00853	0.01125	0.04688	0.31420	0.11537	0.31891	0.03895	0.00595	0.00158	0.00257	0.00869	0.00447	0.08306
8	0.00853	0.04042	0.00825	0.00738	0.02610	0.00714	0.00551	0.02589	0.22805	0.03793	0.25818	0.11137	0.19867	0.00914	0.00517	0.00154	0.00297	0.00785	0.00458	0.00532
9	0.02667	0.15844	0.19183	0.04306	0.13213	0.11246	0.01131	0.08940	0.01094	0.01446	0.00830	0.01041	0.00683	0.00739	0.07316	0.00189	0.08911	0.00360	0.00240	0.00621
10	0.03905	0.00741	0.00953	0.00769	0.01062	0.00673	0.00620	0.04630	0.04498	0.50652	0.14439	0.05791	0.04913	0.00691	0.00481	0.00145	0.00356	0.00577	0.00527	0.03575
11	0.04790	0.04849	0.01277	0.00984	0.01313	0.17966	0.00797	0.30408	0.05635	0.23895	0.01242	0.01202	0.00872	0.00539	0.00441	0.00135	0.00529	0.00400	0.02016	0.00711
12	0.00659	0.00497	0.00612	0.00579	0.00705	0.00461	0.00436	0.00907	0.04637	0.01754	0.62867	0.03589	0.18601	0.00980	0.00546	0.00149	0.00229	0.00854	0.00495	0.00443
13	0.01070	0.34317	0.38659	0.01038	0.01542	0.01344	0.01196	0.04227	0.03141	0.01421	0.07214	0.01115	0.00928	0.00475	0.00396	0.00128	0.00560	0.00354	0.00240	0.00637
14	0.01714	0.01260	0.01326	0.01036	0.01384	0.04131	0.00845	0.65022	0.06718	0.07217	0.01202	0.01232	0.00871	0.03205	0.00525	0.00150	0.00506	0.00432	0.00459	0.00763
15	0.00673	0.00464	0.00571	0.00571	0.00593	0.00485	0.00361	0.00717	0.00695	0.00949	0.01408	0.02723	0.01552	0.62475	0.23352	0.00529	0.00661	0.00629	0.00273	0.00317
16	0.15658	0.03632	0.01291	0.00993	0.01289	0.01088	0.10417	0.27346	0.02696	0.10607	0.01264	0.07130	0.02443	0.03761	0.05283	0.00195	0.03402	0.00497	0.00380	0.00629
17	0.00773	0.00633	0.00677	0.00725	0.00798	0.07231	0.00510	0.06608	0.01015	0.01301	0.02206	0.59298	0.02564	0.08131	0.00720	0.00203	0.00359	0.05424	0.00406	0.00417

[dist]
# distance from previous block
# <min> <max>
0	4

[block]
# block no. 6 follows, 55 sequences, length 47
# corresponding to MSA columns:
# 697,700-745
name=unknown_G
#
# <colnr> <probs for GDERKNQSTAVLIFYWHMCP>
#	G	D	E	R	K	N	Q	S	T	A	V	L	I	F	Y	W	H	M	C	P
0	0.01030	0.20431	0.37162	0.01114	0.01580	0.01243	0.04130	0.01562	0.14498	0.01424	0.01003	0.01138	0.00785	0.00722	0.07000	0.00189	0.03720	0.00376	0.00251	0.00645
1	0.16167	0.18734	0.01537	0.01044	0.01282	0.21384	0.04808	0.04137	0.03637	0.01395	0.00729	0.00910	0.00624	0.00541	0.00658	0.00144	0.21133	0.00332	0.00246	0.00557
2	0.27086	0.28069	0.18045	0.00915	0.01317	0.12385	0.00916	0.04061	0.00999	0.01539	0.00712	0.00823	0.00574	0.00434	0.00347	0.00127	0.00543	0.00282	0.00240	0.00586
3	0.01079	0.01031	0.01758	0.23994	0.60176	0.01086	0.01392	0.01364	0.01025	0.01432	0.00862	0.01175	0.00706	0.00428	0.00462	0.00143	0.00571	0.00414	0.00224	0.00679
4	0.00667	0.00489	0.00702	0.00702	0.00769	0.00557	0.00525	0.00801	0.00734	0.01046	0.01288	0.02059	0.01263	0.18732	0.66701	0.00691	0.01095	0.00532	0.00255	0.00390
5	0.00880	0.00633	0.01178	0.00970	0.01098	0.00615	0.21277	0.00848	0.00741	0.00998	0.00858	0.01386	0.00793	0.01354	0.04144	0.60714	0.00533	0.00446	0.00212	0.00322
6	0.00670	0.00475	0.00629	0.00629	0.00671	0.00517	0.00433	0.00754	0.00712	0.00992	0.01355	0.02430	0.01424	0.43145	0.42509	0.00601	0.00853	0.00587	0.00265	0.00349
7	0.00972	0.03701	0.06485	0.00893	0.01064	0.10308	0.03632	0.03495	0.04476	0.06592	0.01892	0.41224	0.04554	0.01013	0.00609	0.00168	0.07186	0.00864	0.00371	0.00502
8	0.00619	0.00469	0.00570	0.00555	0.00673	0.00421	0.00413	0.00798	0.01209	0.01634	0.52081	0.09377	0.27371	0.01055	0.00552	0.00153	0.00228	0.00918	0.00482	0.00421
9	0.00994	0.00892	0.01060	0.13115	0.10223	0.05583	0.00800	0.05456	0.22614	0.01641	0.13656	0.02225	0.15013	0.00712	0.00507	0.00150	0.01906	0.00598	0.02276	0.00582
10	0.01220	0.00566	0.00682	0.00588	0.00786	0.00519	0.00462	0.01425	0.01136	0.26414	0.13095	0.01912	0.01626	0.00605	0.00403	0.00123	0.00278	0.00498	0.43887	0.03776
11	0.03458	0.08375	0.17231	0.15631	0.07961	0.02958	0.11634	0.01472	0.09832	0.04176	0.04927	0.02925	0.04704	0.00544	0.00483	0.00148	0.02170	0.00474	0.00284	0.00611
12	0.00613	0.00444	0.00584	0.00680	0.00728	0.00427	0.00481	0.00752	0.03550	0.01236	0.02543	0.67097	0.04272	0.03014	0.00630	0.00196	0.00298	0.11630	0.00430	0.00395
13	0.03122	0.07418	0.04410	0.01075	0.01452	0.02609	0.07138	0.51556	0.01770	0.05027	0.01091	0.03045	0.00832	0.02165	0.00489	0.00142	0.00522	0.00429	0.00400	0.05310
14	0.01553	0.19161	0.03155	0.01140	0.04020	0.47164	0.00896	0.08335	0.07864	0.01368	0.00843	0.00931	0.00688	0.00479	0.00404	0.00122	0.00688	0.00323	0.00269	0.00599
15	0.75196	0.01042	0.00784	0.00723	0.02560	0.09076	0.00569	0.02842	0.00875	0.01997	0.00668	0.00779	0.00523	0.00439	0.00308	0.00141	0.00414	0.00263	0.00285	0.00517
16	0.01198	0.01060	0.01498	0.19081	0.32905	0.03794	0.01148	0.17637	0.05539	0.01767	0.05213	0.01493	0.01036	0.00537	0.00475	0.00146	0.00535	0.03963	0.00312	0.00665
17	0.03660	0.00746	0.00838	0.03764	0.01027	0.00786	0.00597	0.08384	0.24679	0.06430	0.16330	0.06813	0.19722	0.02460	0.00542	0.00161	0.00333	0.01707	0.00454	0.00568
18	0.00886	0.00837	0.01397	0.78061	0.03095	0.01055	0.01277	0.01185	0.00918	0.01185	0.00815	0.01228	0.00620	0.00484	0.00523	0.00158	0.05139	0.00413	0.00207	0.00516
