[name]
unknown

[dist]
# distance from previous block
# <min> <max>
0	411

[block]
# block no. 0 follows, 63 sequences, length 27
# corresponding to MSA columns:
# 425-451
name=unknown_A
#
# <colnr> <probs for GDERKNQSTAVLIFYWHMCP>
#	G	D	E	R	K	N	Q	S	T	A	V	L	I	F	Y	W	H	M	C	P
0	0.00744	0.00454	0.00542	0.00522	0.00615	0.00419	0.00363	0.00826	0.00861	0.11845	0.10065	0.11076	0.20766	0.34260	0.01144	0.00249	0.00318	0.04204	0.00361	0.00367
1	0.03988	0.20463	0.03684	0.00904	0.01211	0.32039	0.00758	0.18305	0.01217	0.01442	0.00725	0.00809	0.00585	0.00414	0.00351	0.00103	0.00551	0.00280	0.00256	0.11916
2	0.01122	0.01399	0.25090	0.01485	0.21558	0.04588	0.08247	0.14100	0.12204	0.04618	0.00972	0.01074	0.00726	0.00435	0.00419	0.00131	0.00530	0.00379	0.00275	0.00646
3	0.00949	0.01051	0.02249	0.01621	0.01998	0.00988	0.71823	0.01262	0.00949	0.01286	0.00905	0.01319	0.00740	0.10072	0.00684	0.00172	0.00674	0.00509	0.00217	0.00531
4	0.00544	0.00388	0.00513	0.00574	0.00611	0.00380	0.00392	0.00615	0.00764	0.01021	0.02092	0.53933	0.07777	0.10584	0.14248	0.03521	0.00407	0.00960	0.00341	0.00333
5	0.00944	0.00785	0.00905	0.00661	0.01020	0.00639	0.00529	0.10221	0.00996	0.01507	0.00824	0.03406	0.00698	0.00364	0.00331	0.00073	0.00327	0.00292	0.00273	0.75205
6	0.01106	0.07236	0.01053	0.00807	0.02681	0.17357	0.00625	0.01445	0.15207	0.05937	0.01004	0.04563	0.00833	0.00441	0.00360	0.00097	0.00418	0.00344	0.00289	0.38195
7	0.00629	0.00483	0.00582	0.00548	0.00670	0.00463	0.00414	0.00924	0.10383	0.01595	0.59091	0.03123	0.17776	0.00863	0.00488	0.00135	0.00216	0.00750	0.00446	0.00420
8	0.09196	0.00691	0.00882	0.00694	0.00993	0.00616	0.00570	0.01813	0.01133	0.66524	0.01863	0.01665	0.10309	0.00571	0.00417	0.00131	0.00338	0.00459	0.00483	0.00652
9	0.00928	0.00816	0.01251	0.61389	0.04727	0.00971	0.02356	0.14752	0.01045	0.01365	0.02208	0.01208	0.02470	0.00511	0.02167	0.00148	0.00543	0.00396	0.00238	0.00511
10	0.00711	0.00488	0.00618	0.00564	0.00698	0.00452	0.00427	0.00928	0.05296	0.06412	0.53559	0.04902	0.09060	0.00915	0.03042	0.04470	0.00261	0.00684	0.00422	0.06093
11	0.35384	0.19648	0.04068	0.00743	0.01044	0.18453	0.00642	0.03543	0.00905	0.01452	0.00635	0.00735	0.00521	0.00387	0.00303	0.00109	0.00456	0.00246	0.00234	0.10494
12	0.00985	0.11183	0.35567	0.02312	0.06299	0.02191	0.20870	0.04939	0.04795	0.02703	0.02561	0.01079	0.00716	0.00418	0.00416	0.00130	0.00580	0.01434	0.00226	0.00597
13	0.01153	0.13859	0.13180	0.02613	0.01373	0.05075	0.11017	0.06996	0.11967	0.11890	0.01003	0.01064	0.00750	0.00464	0.01661	0.00124	0.00486	0.00354	0.00291	0.14678
14	0.00605	0.00432	0.00584	0.00584	0.00628	0.00476	0.00412	0.00692	0.00649	0.00908	0.01209	0.02114	0.01252	0.37657	0.49331	0.00563	0.00824	0.00518	0.00238	0.00325
15	0.01231	0.02466	0.11594	0.00975	0.01292	0.05263	0.06704	0.28568	0.18421	0.06913	0.02456	0.04776	0.00965	0.00639	0.02975	0.02866	0.00485	0.00436	0.00354	0.00620
16	0.00660	0.00467	0.00541	0.00531	0.00569	0.00489	0.00337	0.00814	0.09939	0.00968	0.03786	0.04236	0.01537	0.61593	0.09531	0.02357	0.00456	0.00592	0.00279	0.00318
17	0.11008	0.01011	0.04335	0.01257	0.04903	0.01001	0.32807	0.03418	0.26368	0.03596	0.04129	0.01329	0.00973	0.00465	0.00439	0.00139	0.00498	0.01426	0.00308	0.00590
18	0.00577	0.00491	0.00704	0.00662	0.00789	0.00443	0.09616	0.00707	0.00907	0.01151	0.04686	0.30756	0.36529	0.03444	0.00563	0.00163	0.00298	0.06771	0.00367	0.00375
19	0.01625	0.01050	0.01150	0.03403	0.01265	0.05903	0.00740	0.45778	0.01603	0.27132	0.01167	0.01121	0.00796	0.00493	0.00413	0.00124	0.00443	0.00379	0.00424	0.04990
20	0.01459	0.03605	0.04023	0.05235	0.05338	0.61149	0.00870	0.09696	0.01217	0.01221	0.00708	0.00832	0.00574	0.00478	0.01721	0.00122	0.00700	0.00295	0.00233	0.00522
21	0.01151	0.42687	0.08883	0.00808	0.01146	0.02838	0.02736	0.05391	0.10901	0.10594	0.01135	0.04355	0.04760	0.00487	0.00355	0.00114	0.00434	0.00371	0.00281	0.00574
22	0.01046	0.00903	0.00951	0.00855	0.01093	0.01046	0.00665	0.02234	0.81845	0.01759	0.01711	0.01568	0.01283	0.00570	0.00428	0.00143	0.00333	0.00475	0.00428	0.00665
23	0.00645	0.00483	0.00652	0.00636	0.00677	0.00559	0.00465	0.00739	0.00667	0.00962	0.01194	0.05917	0.01233	0.29293	0.39636	0.00480	0.10346	0.00526	0.04546	0.00345
24	0.01025	0.01111	0.05669	0.08821	0.42262	0.10403	0.08515	0.01345	0.07399	0.01313	0.01016	0.05371	0.02935	0.00466	0.00428	0.00130	0.00526	0.00433	0.00238	0.00593
25	0.05853	0.01128	0.01203	0.00933	0.01260	0.01246	0.00768	0.70165	0.05924	0.05707	0.01049	0.01038	0.00744	0.00503	0.00413	0.00127	0.00445	0.00378	0.00417	0.00700
26	0.11277	0.16467	0.03568	0.00941	0.03037	0.17496	0.02753	0.22077	0.15443	0.01689	0.00921	0.00961	0.00711	0.00453	0.00369	0.00120	0.00491	0.00330	0.00303	0.00593

[dist]
# distance from previous block
# <min> <max>
3	7

[block]
# block no. 1 follows, 63 sequences, length 16
# corresponding to MSA columns:
# 460-475
name=unknown_B
#
# <colnr> <probs for GDERKNQSTAVLIFYWHMCP>
#	G	D	E	R	K	N	Q	S	T	A	V	L	I	F	Y	W	H	M	C	P
0	0.01237	0.02522	0.04212	0.01000	0.03340	0.03674	0.10265	0.29507	0.16594	0.08439	0.07233	0.01534	0.07404	0.00557	0.00437	0.00132	0.00437	0.00472	0.00381	0.00622
1	0.00601	0.00448	0.00662	0.00662	0.00733	0.00518	0.00509	0.00742	0.00672	0.00966	0.01138	0.01719	0.01080	0.08229	0.78525	0.00659	0.01082	0.00460	0.00227	0.00368
2	0.04728	0.06054	0.18888	0.01082	0.02789	0.05346	0.12497	0.24412	0.04218	0.06088	0.06169	0.01158	0.00893	0.00554	0.03135	0.00146	0.00536	0.00393	0.00306	0.00607
3	0.01286	0.03926	0.00864	0.00680	0.00913	0.00638	0.00545	0.02972	0.10764	0.39436	0.22205	0.05340	0.04938	0.00658	0.00440	0.00132	0.00305	0.00554	0.02820	0.00584
4	0.02996	0.08477	0.07876	0.00800	0.02164	0.02501	0.00667	0.23204	0.02900	0.04577	0.01055	0.01538	0.00957	0.23940	0.11239	0.00271	0.03613	0.00429	0.00294	0.00502
5	0.25788	0.22011	0.08689	0.00869	0.01187	0.22823	0.03922	0.06488	0.00990	0.02854	0.00674	0.00771	0.00540	0.00403	0.00329	0.00115	0.00520	0.00269	0.00235	0.00525
6	0.04125	0.00453	0.00655	0.03918	0.00813	0.00441	0.05469	0.00690	0.00816	0.01125	0.02068	0.67915	0.02423	0.03097	0.00557	0.00172	0.00298	0.04239	0.00363	0.00365
7	0.00872	0.00747	0.00872	0.00623	0.00996	0.00560	0.00498	0.01058	0.00872	0.01370	0.00747	0.00872	0.00623	0.00311	0.00311	0.00062	0.00311	0.00249	0.00249	0.87796
8	0.01363	0.22304	0.06792	0.01003	0.05833	0.05111	0.00843	0.38614	0.06571	0.04962	0.00920	0.00958	0.00695	0.00459	0.00394	0.00119	0.01752	0.00338	0.00324	0.00645
9	0.00730	0.00365	0.00548	0.00548	0.00548	0.00365	0.00365	0.00548	0.00548	0.00730	0.00730	0.01278	0.00730	0.01460	0.01643	0.87769	0.00365	0.00365	0.00183	0.00183
10	0.00520	0.00371	0.00496	0.00594	0.00622	0.00348	0.00403	0.00598	0.00812	0.01082	0.02313	0.81277	0.02764	0.01310	0.00539	0.00172	0.00250	0.04795	0.00390	0.00344
11	0.01383	0.01217	0.05405	0.01004	0.01316	0.08943	0.06650	0.50395	0.08980	0.02122	0.01077	0.04289	0.00846	0.03816	0.00493	0.00140	0.00494	0.00422	0.00367	0.00641
12	0.00625	0.00403	0.00468	0.00468	0.00468	0.00403	0.00267	0.00604	0.00604	0.00806	0.01258	0.02587	0.01440	0.75913	0.02084	0.10121	0.00403	0.00584	0.00247	0.00247
13	0.01158	0.76856	0.02096	0.00747	0.01097	0.04989	0.00725	0.04227	0.02937	0.01071	0.00631	0.00712	0.00565	0.00373	0.00284	0.00093	0.00460	0.00239	0.00196	0.00547
14	0.16329	0.01089	0.03630	0.02790	0.04500	0.04441	0.03096	0.39186	0.07415	0.04926	0.00948	0.00991	0.00696	0.00457	0.00384	0.00123	0.00441	0.00347	0.00347	0.07864
15	0.13530	0.12925	0.10121	0.00955	0.01298	0.03171	0.09932	0.23049	0.10515	0.05790	0.00998	0.04179	0.00781	0.00477	0.00387	0.00128	0.00465	0.00383	0.00314	0.00601

[dist]
# distance from previous block
# <min> <max>
0	2

[block]
# block no. 2 follows, 63 sequences, length 10
# corresponding to MSA columns:
# 478-487
name=unknown_C
#
# <colnr> <probs for GDERKNQSTAVLIFYWHMCP>
#	G	D	E	R	K	N	Q	S	T	A	V	L	I	F	Y	W	H	M	C	P
0	0.00915	0.00799	0.00819	0.00752	0.00941	0.05163	0.00576	0.03373	0.47927	0.01627	0.17692	0.07593	0.08630	0.00709	0.00451	0.00140	0.00316	0.00601	0.00418	0.00557
1	0.00562	0.00392	0.00467	0.00507	0.00529	0.00376	0.00315	0.00600	0.00719	0.00946	0.01977	0.35831	0.09045	0.44277	0.01354	0.00290	0.00325	0.00869	0.00321	0.00298
2	0.01362	0.01048	0.01218	0.03808	0.01316	0.01159	0.04935	0.55849	0.12118	0.02245	0.01137	0.04104	0.00875	0.00708	0.05978	0.00168	0.00498	0.00431	0.00389	0.00656
3	0.88196	0.00813	0.00618	0.00553	0.00813	0.00943	0.00455	0.01236	0.00715	0.01886	0.00585	0.00683	0.00455	0.00390	0.00260	0.00130	0.00325	0.00228	0.00260	0.00455
4	0.01001	0.00923	0.04597	0.01073	0.12190	0.00966	0.00763	0.06065	0.52489	0.01667	0.04589	0.04778	0.03177	0.00664	0.03011	0.00156	0.00388	0.00497	0.00379	0.00627
5	0.00992	0.00708	0.00850	0.00629	0.00963	0.00552	0.00500	0.01170	0.00934	0.13377	0.06676	0.01181	0.00953	0.03381	0.00405	0.00089	0.00314	0.00324	0.00304	0.65699
6	0.04676	0.03847	0.07136	0.00949	0.03137	0.02945	0.04569	0.32696	0.11595	0.08323	0.01036	0.01059	0.00759	0.00453	0.00393	0.00118	0.00438	0.00360	0.00350	0.15160
7	0.05825	0.05738	0.13078	0.06599	0.06063	0.01099	0.03827	0.33596	0.07231	0.05262	0.01001	0.03707	0.00767	0.00481	0.00403	0.00127	0.00468	0.00386	0.00326	0.04016
8	0.05880	0.20360	0.14845	0.00985	0.03846	0.04483	0.04092	0.27420	0.02813	0.08628	0.00944	0.00989	0.02019	0.00448	0.00377	0.00120	0.00486	0.00339	0.00303	0.00623
9	0.02973	0.37631	0.01331	0.00664	0.00879	0.03944	0.00564	0.05253	0.00897	0.03785	0.05770	0.10323	0.03069	0.14869	0.06203	0.00199	0.00452	0.00470	0.00266	0.00459

[dist]
# distance from previous block
# <min> <max>
0	7

[block]
# block no. 3 follows, 63 sequences, length 15
# corresponding to MSA columns:
# 495-509
name=unknown_D
#
# <colnr> <probs for GDERKNQSTAVLIFYWHMCP>
#	G	D	E	R	K	N	Q	S	T	A	V	L	I	F	Y	W	H	M	C	P
0	0.00992	0.09618	0.02768	0.00830	0.02157	0.03982	0.03673	0.04121	0.36673	0.04226	0.18079	0.02746	0.02786	0.00604	0.00427	0.00131	0.00358	0.02090	0.00380	0.03360
1	0.17640	0.13119	0.12049	0.06750	0.05435	0.03459	0.06992	0.07324	0.06759	0.07268	0.00964	0.06052	0.00796	0.01475	0.02086	0.00143	0.00475	0.00388	0.00275	0.00552
2	0.01030	0.05695	0.09766	0.03854	0.02767	0.06728	0.05791	0.11347	0.17610	0.04695	0.01119	0.01318	0.00902	0.03653	0.21542	0.00276	0.00655	0.00409	0.00293	0.00551
3	0.00726	0.00495	0.00545	0.00530	0.00601	0.03548	0.00353	0.00793	0.00821	0.08045	0.10633	0.13233	0.13285	0.41630	0.02735	0.00280	0.00358	0.00709	0.00334	0.00346
4	0.04946	0.16201	0.13582	0.02238	0.06162	0.11900	0.04719	0.13776	0.08347	0.01480	0.02865	0.01086	0.00785	0.05144	0.00474	0.00133	0.00503	0.00350	0.00265	0.05043
5	0.00562	0.00421	0.00477	0.00474	0.00549	0.00396	0.00322	0.00642	0.00822	0.01057	0.11616	0.03213	0.34301	0.34226	0.08878	0.00295	0.00373	0.00724	0.00330	0.00322
6	0.03053	0.02037	0.04785	0.00858	0.01093	0.03869	0.08962	0.03118	0.33661	0.03090	0.13463	0.03707	0.12073	0.00700	0.02054	0.00149	0.01852	0.00558	0.00372	0.00546
7	0.00515	0.00374	0.00487	0.00571	0.00608	0.00345	0.00385	0.00598	0.00836	0.01110	0.06723	0.74779	0.08567	0.01274	0.00532	0.00167	0.00239	0.01150	0.00394	0.00345
8	0.00889	0.01046	0.14538	0.01136	0.06606	0.01868	0.19241	0.06456	0.12558	0.01509	0.15468	0.03495	0.08361	0.02076	0.00491	0.00143	0.00458	0.02802	0.00318	0.00542
9	0.83340	0.00790	0.00605	0.00544	0.00795	0.00912	0.00446	0.01221	0.00725	0.01868	0.00629	0.00732	0.00490	0.00396	0.00262	0.00128	0.00318	0.00237	0.05110	0.00452
10	0.01046	0.00956	0.05927	0.01039	0.09138	0.00973	0.03051	0.06723	0.50587	0.04697	0.01612	0.01582	0.05629	0.01864	0.03132	0.00160	0.00406	0.00472	0.00377	0.00632
11	0.01146	0.81593	0.02159	0.00731	0.01089	0.01647	0.00723	0.04944	0.00906	0.01066	0.00604	0.00690	0.00548	0.00366	0.00277	0.00092	0.00450	0.00232	0.00191	0.00548
12	0.10400	0.03569	0.05737	0.00852	0.01176	0.05684	0.03442	0.29090	0.05528	0.07985	0.05307	0.02376	0.00902	0.00475	0.00385	0.00116	0.00424	0.00371	0.00344	0.15837
13	0.06014	0.08394	0.06642	0.00914	0.01241	0.04869	0.03796	0.30732	0.16428	0.13279	0.02785	0.01155	0.00881	0.00492	0.00402	0.00127	0.00443	0.00384	0.00374	0.00648
14	0.28163	0.53364	0.01638	0.00678	0.01005	0.01395	0.00638	0.04474	0.00866	0.03740	0.00633	0.00713	0.00535	0.00380	0.00277	0.00105	0.00409	0.00238	0.00224	0.00526

[dist]
# distance from previous block
# <min> <max>
0	2

[block]
# block no. 4 follows, 63 sequences, length 13
# corresponding to MSA columns:
# 512-519,521-525
name=unknown_E
#
# <colnr> <probs for GDERKNQSTAVLIFYWHMCP>
#	G	D	E	R	K	N	Q	S	T	A	V	L	I	F	Y	W	H	M	C	P
0	0.02407	0.01158	0.07465	0.01053	0.05252	0.07899	0.06448	0.29197	0.18512	0.08585	0.02788	0.01248	0.00920	0.03295	0.01734	0.00148	0.00483	0.00411	0.00360	0.00636
1	0.00613	0.00425	0.00531	0.00573	0.00645	0.00399	0.00405	0.02700	0.00878	0.04512	0.04669	0.49796	0.17297	0.07000	0.04152	0.00200	0.00301	0.04155	0.00382	0.00368
2	0.01474	0.01527	0.01226	0.01035	0.01299	0.42130	0.04606	0.25280	0.10386	0.03393	0.03001	0.01016	0.00779	0.00479	0.00406	0.00120	0.00598	0.00352	0.00313	0.00581
3	0.01291	0.03114	0.07123	0.06241	0.20280	0.23880	0.05613	0.12778	0.05689	0.07304	0.02144	0.01039	0.00731	0.00441	0.00409	0.00124	0.00565	0.00361	0.00275	0.00600
4	0.01133	0.05989	0.07733	0.01054	0.05637	0.09384	0.05755	0.10440	0.43283	0.01645	0.01296	0.02737	0.00999	0.00513	0.00416	0.00133	0.00450	0.00425	0.00346	0.00630
5	0.00695	0.00495	0.00674	0.00650	0.00746	0.00557	0.00504	0.06724	0.00824	0.01203	0.06020	0.01718	0.01218	0.05042	0.60689	0.00530	0.00896	0.00462	0.09954	0.00400
6	0.01185	0.03251	0.05346	0.03765	0.06191	0.02765	0.25060	0.27156	0.12739	0.01782	0.01004	0.01131	0.00756	0.00541	0.03171	0.00152	0.02656	0.00420	0.00306	0.00622
7	0.00556	0.00407	0.00522	0.00597	0.00657	0.00383	0.00440	0.00659	0.00858	0.01112	0.02554	0.46762	0.15846	0.06588	0.00643	0.00187	0.00284	0.20217	0.00381	0.00349
8	0.00734	0.00462	0.00585	0.00550	0.00680	0.00415	0.00419	0.00899	0.01104	0.11713	0.46814	0.10016	0.19154	0.00908	0.00493	0.00139	0.00232	0.03812	0.00447	0.00423
9	0.00803	0.00471	0.00612	0.00567	0.00699	0.00424	0.00428	0.00969	0.01115	0.15947	0.49416	0.15075	0.10054	0.00885	0.00489	0.00138	0.00235	0.00776	0.00456	0.00441
10	0.01412	0.01085	0.01157	0.00930	0.01233	0.01217	0.00754	0.54556	0.28927	0.02349	0.01246	0.01198	0.00907	0.00527	0.00423	0.00132	0.00419	0.00411	0.00423	0.00698
11	0.04305	0.07087	0.06014	0.07567	0.16572	0.21768	0.02171	0.14662	0.02778	0.11804	0.00894	0.00986	0.00670	0.00437	0.00394	0.00122	0.00543	0.00340	0.00286	0.00600
12	0.02572	0.20297	0.07757	0.09601	0.12511	0.07471	0.03191	0.13521	0.02429	0.10014	0.00865	0.00980	0.00664	0.00481	0.02066	0.00130	0.02062	0.00334	0.00269	0.02785

[dist]
# distance from previous block
# <min> <max>
6	10

[block]
# block no. 5 follows, 63 sequences, length 38
# corresponding to MSA columns:
# 538-575
name=unknown_F
#
# <colnr> <probs for GDERKNQSTAVLIFYWHMCP>
#	G	D	E	R	K	N	Q	S	T	A	V	L	I	F	Y	W	H	M	C	P
0	0.02121	0.24157	0.05503	0.00776	0.05388	0.04205	0.00601	0.02623	0.09545	0.02640	0.01061	0.01667	0.01039	0.33891	0.02950	0.00241	0.00457	0.00431	0.00252	0.00452
1	0.01257	0.10095	0.01122	0.00850	0.01088	0.23520	0.00676	0.15581	0.15373	0.07203	0.13198	0.04155	0.02957	0.00573	0.00411	0.00123	0.00461	0.00446	0.00352	0.00559
2	0.00549	0.00405	0.00520	0.00580	0.00648	0.00376	0.00426	0.00668	0.00918	0.01209	0.15075	0.45177	0.16615	0.01177	0.00531	0.00164	0.00255	0.13947	0.00401	0.00360
3	0.00653	0.00431	0.00529	0.00550	0.00594	0.00418	0.00360	0.03334	0.00803	0.04588	0.06012	0.38050	0.03643	0.35144	0.02746	0.00270	0.00336	0.00857	0.00343	0.00339
4	0.05977	0.09237	0.01299	0.00979	0.03084	0.17274	0.07203	0.19251	0.10568	0.12101	0.04881	0.01137	0.00900	0.00482	0.00415	0.00123	0.01950	0.00376	0.00335	0.02429
5	0.00826	0.00983	0.13190	0.01229	0.05754	0.00775	0.31448	0.02689	0.00953	0.02604	0.08065	0.21411	0.03174	0.04244	0.00554	0.00156	0.00498	0.00661	0.00285	0.00500
6	0.00509	0.00377	0.00476	0.00555	0.00602	0.00344	0.00377	0.00589	0.00834	0.01085	0.02681	0.69797	0.17700	0.01270	0.00529	0.00165	0.00238	0.01137	0.00390	0.00344
7	0.01357	0.00923	0.01367	0.03667	0.31301	0.00933	0.04556	0.17367	0.01212	0.24791	0.01141	0.04773	0.00866	0.00495	0.00460	0.00132	0.03223	0.00430	0.00346	0.00659
8	0.01222	0.05397	0.08700	0.02819	0.16547	0.20835	0.17705	0.08766	0.07031	0.04834	0.00893	0.01765	0.00695	0.00427	0.00418	0.00126	0.00591	0.00379	0.00257	0.00593
9	0.05497	0.00721	0.05195	0.00772	0.00936	0.00723	0.04077	0.13728	0.02120	0.01337	0.01225	0.01801	0.03651	0.13388	0.36276	0.00407	0.02899	0.04529	0.00275	0.00445
10	0.78871	0.00788	0.00644	0.05027	0.00906	0.00914	0.00483	0.01194	0.00717	0.01786	0.00633	0.00816	0.00518	0.04891	0.00368	0.00145	0.00342	0.00256	0.00256	0.00445
11	0.01058	0.09937	0.05760	0.02882	0.06492	0.19575	0.15120	0.05319	0.00981	0.01211	0.00891	0.05559	0.00798	0.02994	0.12451	0.00208	0.02892	0.00408	0.00232	0.05231
12	0.01046	0.00903	0.00951	0.00855	0.01093	0.01046	0.00665	0.02234	0.81845	0.01759	0.01711	0.01568	0.01283	0.00570	0.00428	0.00143	0.00333	0.00475	0.00428	0.00665
13	0.01486	0.17807	0.01383	0.01014	0.01258	0.68038	0.00795	0.01599	0.01127	0.01021	0.00637	0.00742	0.00541	0.00419	0.00358	0.00105	0.00700	0.00262	0.00210	0.00497
14	0.88196	0.00813	0.00618	0.00553	0.00813	0.00943	0.00455	0.01236	0.00715	0.01886	0.00585	0.00683	0.00455	0.00390	0.00260	0.00130	0.00325	0.00228	0.00260	0.00455
15	0.03496	0.02126	0.01198	0.09959	0.21701	0.09590	0.04034	0.09140	0.01050	0.04922	0.09004	0.04126	0.03866	0.00881	0.11490	0.00202	0.01944	0.00456	0.00282	0.00532
16	0.09135	0.40223	0.02557	0.00884	0.02676	0.30009	0.00748	0.03715	0.04493	0.01175	0.00674	0.00762	0.00572	0.00402	0.00322	0.00104	0.00544	0.00260	0.00218	0.00527
17	0.67832	0.00819	0.00720	0.00613	0.00889	0.00909	0.00505	0.06402	0.00879	0.15939	0.00798	0.00833	0.00573	0.00420	0.00298	0.00130	0.00339	0.00271	0.00315	0.00517
18	0.00521	0.00375	0.00488	0.00568	0.00602	0.00349	0.00381	0.00602	0.00831	0.01107	0.07887	0.71479	0.07032	0.04898	0.00601	0.00177	0.00246	0.01124	0.00389	0.00342
19	0.00678	0.00560	0.00799	0.00981	0.19473	0.00527	0.00587	0.00871	0.01091	0.01507	0.48400	0.02833	0.18488	0.00788	0.00478	0.00132	0.00270	0.00696	0.00390	0.00450
20	0.00541	0.00396	0.00512	0.00553	0.00616	0.00368	0.00389	0.00663	0.00946	0.01283	0.29452	0.46147	0.11488	0.01197	0.03259	0.00171	0.00254	0.00992	0.00409	0.00363
21	0.01336	0.01832	0.03497	0.03489	0.16759	0.05621	0.02130	0.26646	0.07574	0.16476	0.02197	0.08418	0.01005	0.00549	0.00428	0.00131	0.00446	0.00461	0.00366	0.00639
22	0.00896	0.00939	0.09859	0.00772	0.01175	0.00659	0.06121	0.03170	0.00910	0.01397	0.00762	0.00895	0.00616	0.00329	0.00336	0.00077	0.00376	0.00276	0.00243	0.70193
23	0.64837	0.01918	0.00810	0.01995	0.00975	0.14556	0.02785	0.01307	0.00809	0.02746	0.00629	0.00746	0.00497	0.00453	0.01760	0.00137	0.02068	0.00254	0.00251	0.00467
24	0.01011	0.18369	0.30881	0.01268	0.09972	0.04657	0.14607	0.02307	0.02850	0.04320	0.00983	0.01104	0.04990	0.00428	0.00398	0.00124	0.00554	0.00369	0.00222	0.00586
25	0.03403	0.14526	0.09160	0.01031	0.11240	0.04986	0.04967	0.05794	0.05416	0.04014	0.13241	0.01635	0.10707	0.00558	0.00433	0.00123	0.02801	0.00459	0.00297	0.05209
26	0.00599	0.00408	0.00463	0.00465	0.00484	0.00398	0.00275	0.00615	0.00675	0.00890	0.05007	0.05579	0.09926	0.67956	0.01836	0.02841	0.00372	0.00658	0.00280	0.00272
27	0.01442	0.10622	0.06234	0.01076	0.05033	0.38025	0.00859	0.25579	0.04520	0.01575	0.00805	0.00877	0.00628	0.00447	0.00385	0.00115	0.00599	0.00313	0.00280	0.00585
28	0.00526	0.00417	0.00473	0.00480	0.00591	0.00364	0.00352	0.00652	0.00997	0.01276	0.25329	0.16809	0.48147	0.01049	0.00503	0.00144	0.00214	0.00902	0.00410	0.00364
29	0.01127	0.00995	0.01429	0.03705	0.18397	0.02684	0.15152	0.15746	0.25177	0.03667	0.03843	0.01304	0.00979	0.00566	0.03181	0.00152	0.00495	0.00441	0.00328	0.00630
30	0.00593	0.00404	0.00460	0.00471	0.00482	0.00397	0.00274	0.00608	0.00654	0.00864	0.01609	0.12462	0.06315	0.70563	0.01858	0.00365	0.00377	0.00696	0.00278	0.00271
31	0.06695	0.31250	0.12255	0.00930	0.03112	0.11215	0.02409	0.19837	0.01157	0.01517	0.00732	0.00819	0.00584	0.00407	0.00344	0.00109	0.00503	0.00287	0.00250	0.05587
32	0.01038	0.04724	0.08521	0.23051	0.26032	0.04992	0.01080	0.10014	0.10817	0.01433	0.00924	0.01156	0.00731	0.00459	0.00429	0.01290	0.00508	0.01960	0.00252	0.00590
33	0.01280	0.40187	0.03712	0.02196	0.06969	0.10855	0.03462	0.17858	0.01155	0.05772	0.00802	0.02546	0.00660	0.00429	0.00350	0.00109	0.00497	0.00316	0.00259	0.00586
34	0.00884	0.04578	0.05239	0.00745	0.00952	0.02182	0.00620	0.05230	0.31577	0.03251	0.11256	0.07255	0.12339	0.02712	0.01790	0.00158	0.00350	0.07966	0.00387	0.00527
35	0.00605	0.00409	0.00457	0.00457	0.00464	0.00405	0.00258	0.00611	0.00630	0.00832	0.01482	0.02820	0.05860	0.80720	0.02052	0.00393	0.00397	0.00626	0.00262	0.00260
36	0.03793	0.09055	0.23506	0.01036	0.06994	0.04205	0.07288	0.02436	0.08700	0.03553	0.13898	0.05117	0.02926	0.05079	0.00511	0.00145	0.00460	0.00474	0.00286	0.00537
37	0.02689	0.04370	0.06675	0.00948	0.03494	0.13958	0.03412	0.22254	0.01302	0.17330	0.06363	0.06762	0.01194	0.00599	0.00432	0.00132	0.00470	0.06666	0.00365	0.00586

[dist]
# distance from previous block
# <min> <max>
1	8

[block]
# block no. 6 follows, 63 sequences, length 11
# corresponding to MSA columns:
# 584-594
name=unknown_G
#
# <colnr> <probs for GDERKNQSTAVLIFYWHMCP>
#	G	D	E	R	K	N	Q	S	T	A	V	L	I	F	Y	W	H	M	C	P
0	0.03084	0.21653	0.02622	0.18491	0.01540	0.09833	0.02774	0.15310	0.05302	0.04789	0.00879	0.02744	0.00717	0.00534	0.02178	0.00137	0.05222	0.01379	0.00265	0.00549
1	0.01203	0.05565	0.07811	0.00957	0.03218	0.02757	0.07819	0.23342	0.06807	0.10228	0.01077	0.05439	0.00854	0.00576	0.03385	0.00137	0.00467	0.00404	0.00329	0.17628
2	0.00712	0.02940	0.00614	0.00516	0.00700	0.00490	0.00403	0.05941	0.01059	0.06462	0.13461	0.03247	0.53888	0.00894	0.00467	0.00132	0.00250	0.00745	0.00394	0.06685
3	0.00804	0.00732	0.04251	0.00954	0.13138	0.00701	0.00651	0.04465	0.21568	0.01541	0.23629	0.09555	0.14791	0.00752	0.00463	0.00138	0.00312	0.00654	0.00384	0.00516
4	0.07739	0.08510	0.08473	0.00981	0.04636	0.00926	0.09267	0.07647	0.10379	0.31229	0.01215	0.01208	0.00854	0.00591	0.04333	0.00155	0.00471	0.00391	0.00363	0.00633
5	0.00611	0.00458	0.00635	0.00627	0.00684	0.00520	0.00464	0.00719	0.00673	0.00946	0.01314	0.02018	0.05387	0.23274	0.55598	0.00561	0.04414	0.00510	0.00239	0.00348
6	0.00682	0.00467	0.00695	0.00680	0.00771	0.00531	0.00531	0.00833	0.00709	0.06184	0.01160	0.01637	0.01050	0.02985	0.78274	0.00641	0.01077	0.00449	0.00244	0.00397
7	0.88196	0.00813	0.00618	0.00553	0.00813	0.00943	0.00455	0.01236	0.00715	0.01886	0.00585	0.00683	0.00455	0.00390	0.00260	0.00130	0.00325	0.00228	0.00260	0.00455
8	0.00764	0.00713	0.01193	0.58465	0.07840	0.00830	0.04796	0.01008	0.00861	0.01112	0.01218	0.10878	0.07463	0.00568	0.00443	0.00143	0.00499	0.00514	0.00229	0.00462
9	0.01377	0.01027	0.01115	0.00903	0.01182	0.01134	0.00735	0.58879	0.11381	0.02294	0.01248	0.03939	0.01024	0.04541	0.00518	0.00148	0.00432	0.07062	0.00410	0.00649
10	0.02835	0.04019	0.10536	0.05638	0.05212	0.02930	0.13405	0.10605	0.05191	0.19757	0.02828	0.06985	0.01014	0.00669	0.04764	0.00163	0.00513	0.02012	0.00332	0.00590

[dist]
# distance from previous block
# <min> <max>
0	1

[block]
# block no. 7 follows, 63 sequences, length 13
# corresponding to MSA columns:
# 596-608
name=unknown_H
#
# <colnr> <probs for GDERKNQSTAVLIFYWHMCP>
#	G	D	E	R	K	N	Q	S	T	A	V	L	I	F	Y	W	H	M	C	P
0	0.01026	0.31024	0.03182	0.00803	0.01021	0.20385	0.00687	0.01164	0.00862	0.00998	0.00806	0.01087	0.00738	0.03236	0.29052	0.00306	0.02627	0.00327	0.00206	0.00464
1	0.01041	0.01074	0.01246	0.33538	0.01844	0.18502	0.00983	0.01213	0.00856	0.03869	0.00687	0.00982	0.00570	0.00541	0.00761	0.00149	0.31111	0.00351	0.00204	0.00477
2	0.03715	0.00860	0.00989	0.00812	0.01093	0.00903	0.00653	0.17674	0.30473	0.30775	0.06305	0.01479	0.01222	0.00552	0.00424	0.00134	0.00359	0.00448	0.00457	0.00672
3	0.01178	0.00929	0.01036	0.00768	0.01126	0.00874	0.00625	0.34852	0.01338	0.01909	0.00858	0.00930	0.00662	0.00393	0.00357	0.00089	0.00375	0.00304	0.00321	0.51077
4	0.00512	0.00366	0.00488	0.00585	0.00610	0.00341	0.00390	0.00585	0.00805	0.01073	0.02317	0.84952	0.02780	0.01317	0.00537	0.00171	0.00244	0.01195	0.00390	0.00341
5	0.00872	0.00747	0.00872	0.00623	0.00996	0.00560	0.00498	0.01058	0.00872	0.01370	0.00747	0.00872	0.00623	0.00311	0.00311	0.00062	0.00311	0.00249	0.00249	0.87796
6	0.01356	0.01360	0.01085	0.00902	0.01177	0.33869	0.00706	0.28086	0.01378	0.01639	0.01150	0.01193	0.08876	0.00501	0.00394	0.00110	0.00530	0.00365	0.00308	0.15018
7	0.00730	0.00365	0.00548	0.00548	0.00548	0.00365	0.00365	0.00548	0.00548	0.00730	0.00730	0.01278	0.00730	0.01460	0.01643	0.87769	0.00365	0.00365	0.00183	0.00183
8	0.00600	0.00427	0.00517	0.00550	0.00650	0.00390	0.00419	0.00733	0.00952	0.03221	0.13194	0.24138	0.30048	0.01068	0.00507	0.00154	0.00254	0.15606	0.06198	0.00374
9	0.01025	0.03307	0.02364	0.03183	0.03379	0.04928	0.03362	0.23680	0.01125	0.04198	0.03340	0.01850	0.04738	0.30064	0.07413	0.00266	0.00503	0.00491	0.00310	0.00473
10	0.00611	0.00410	0.00471	0.00471	0.00476	0.00415	0.00271	0.00620	0.00615	0.00825	0.01313	0.02685	0.01500	0.80331	0.06996	0.00424	0.00450	0.00602	0.00253	0.00262
11	0.01173	0.72130	0.02034	0.00762	0.01105	0.07601	0.00727	0.04632	0.04539	0.01095	0.00657	0.00734	0.00580	0.00380	0.00291	0.00095	0.00467	0.00246	0.00204	0.00549
12	0.07869	0.02857	0.13092	0.00951	0.02752	0.01044	0.03514	0.36001	0.05007	0.12272	0.02477	0.01070	0.00779	0.00465	0.00397	0.00123	0.00447	0.00364	0.00356	0.08162

[dist]
# distance from previous block
# <min> <max>
0	4

[block]
# block no. 8 follows, 63 sequences, length 57
# corresponding to MSA columns:
# 613-669
name=unknown_I
#
# <colnr> <probs for GDERKNQSTAVLIFYWHMCP>
#	G	D	E	R	K	N	Q	S	T	A	V	L	I	F	Y	W	H	M	C	P
0	0.06475	0.25843	0.06648	0.00874	0.01205	0.13373	0.00779	0.23191	0.07851	0.08609	0.00905	0.00930	0.00686	0.00445	0.00361	0.00115	0.00485	0.00316	0.00305	0.00605
1	0.03056	0.09110	0.05297	0.00968	0.01245	0.29146	0.03982	0.10966	0.23654	0.03381	0.03268	0.01159	0.00900	0.00491	0.00398	0.00124	0.00530	0.01437	0.00311	0.00579
2	0.00606	0.00464	0.00537	0.00606	0.00656	0.04620	0.00415	0.00689	0.00855	0.03327	0.04828	0.71927	0.06444	0.01223	0.00522	0.00164	0.00270	0.01098	0.00387	0.00362
3	0.01066	0.01020	0.05641	0.12187	0.27731	0.01044	0.03291	0.11194	0.29150	0.01619	0.01131	0.01225	0.00865	0.00465	0.00423	0.00134	0.00457	0.00410	0.00306	0.00641
4	0.00611	0.00408	0.00458	0.00458	0.00458	0.00408	0.00255	0.00611	0.00611	0.00815	0.01325	0.02751	0.01528	0.85226	0.02140	0.00408	0.00408	0.00611	0.00255	0.00255
5	0.01511	0.01143	0.01232	0.01031	0.05535	0.04133	0.00800	0.62679	0.09335	0.05317	0.02355	0.01103	0.00822	0.00508	0.00421	0.00127	0.00455	0.00391	0.00407	0.00695
6	0.88196	0.00813	0.00618	0.00553	0.00813	0.00943	0.00455	0.01236	0.00715	0.01886	0.00585	0.00683	0.00455	0.00390	0.00260	0.00130	0.00325	0.00228	0.00260	0.00455
7	0.00990	0.00855	0.01039	0.03915	0.06484	0.00950	0.04634	0.06032	0.52708	0.01716	0.13135	0.01730	0.02771	0.00587	0.00440	0.00139	0.00356	0.00508	0.00398	0.00613
8	0.01469	0.00690	0.00891	0.00710	0.00985	0.00627	0.00574	0.04586	0.07773	0.50927	0.18359	0.01744	0.01628	0.00580	0.00431	0.00127	0.00323	0.00484	0.00479	0.06613
9	0.00872	0.00747	0.00872	0.00623	0.00996	0.00560	0.00498	0.01058	0.00872	0.01370	0.00747	0.00872	0.00623	0.00311	0.00311	0.00062	0.00311	0.00249	0.00249	0.87796
10	0.00917	0.00666	0.03091	0.01773	0.00944	0.00640	0.04111	0.06974	0.05312	0.12586	0.33497	0.02094	0.03563	0.01077	0.13850	0.00219	0.03701	0.00559	0.00384	0.04041
11	0.00737	0.00463	0.00598	0.00545	0.00675	0.00419	0.00416	0.00923	0.01171	0.11158	0.65861	0.03022	0.10711	0.00838	0.00487	0.00133	0.00218	0.00732	0.00463	0.00430
12	0.01444	0.01686	0.01128	0.01017	0.01230	0.61219	0.00772	0.01738	0.14760	0.04320	0.03172	0.00993	0.00783	0.00482	0.00427	0.00118	0.03589	0.00328	0.00270	0.00523
13	0.01598	0.01177	0.01262	0.00967	0.01304	0.01304	0.00799	0.81202	0.01976	0.02649	0.01009	0.01009	0.00715	0.00505	0.00421	0.00126	0.00463	0.00378	0.00421	0.00715
14	0.01075	0.23831	0.28800	0.01143	0.02823	0.06663	0.16712	0.03486	0.00963	0.06399	0.00812	0.01881	0.00633	0.00471	0.02442	0.00135	0.00587	0.00345	0.00220	0.00580
15	0.00655	0.00640	0.00547	0.00528	0.00682	0.10679	0.00397	0.00809	0.04229	0.01168	0.06593	0.03506	0.66158	0.00959	0.00479	0.00137	0.00285	0.00790	0.00373	0.00385
16	0.01886	0.00715	0.00976	0.00748	0.01073	0.00618	0.00618	0.02049	0.01203	0.82895	0.01658	0.01431	0.01041	0.00520	0.00423	0.00130	0.00358	0.00423	0.00520	0.00715
17	0.00872	0.00747	0.00872	0.00623	0.00996	0.00560	0.00498	0.01058	0.00872	0.01370	0.00747	0.00872	0.00623	0.00311	0.00311	0.00062	0.00311	0.00249	0.00249	0.87796
18	0.08103	0.01486	0.33104	0.01073	0.01521	0.01057	0.08083	0.28818	0.01289	0.10088	0.00929	0.00990	0.00650	0.00443	0.00407	0.00131	0.00524	0.00355	0.00305	0.00645
19	0.00725	0.00681	0.05780	0.00779	0.00943	0.00600	0.11748	0.04824	0.03930	0.01258	0.11904	0.09434	0.10808	0.23141	0.04289	0.00238	0.00428	0.07755	0.00322	0.00411
20	0.05146	0.11860	0.16531	0.06422	0.05404	0.02985	0.04123	0.15768	0.03914	0.05373	0.00967	0.02375	0.02002	0.01752	0.07475	0.00172	0.00538	0.00367	0.00272	0.06554
21	0.00602	0.00444	0.00644	0.00644	0.00709	0.00509	0.00487	0.00731	0.00666	0.00953	0.01155	0.01809	0.01119	0.14936	0.71871	0.00637	0.01023	0.00474	0.00229	0.00358
22	0.30518	0.07838	0.02396	0.00858	0.02551	0.02023	0.06069	0.26260	0.02141	0.10871	0.00889	0.00944	0.00652	0.00505	0.02413	0.00139	0.00440	0.00327	0.00327	0.01841
23	0.00595	0.00406	0.00473	0.00489	0.00504	0.00399	0.00296	0.00623	0.00685	0.00910	0.04523	0.14404	0.04809	0.64348	0.01740	0.00347	0.00369	0.03509	0.00291	0.00280
24	0.02516	0.00926	0.03923	0.02762	0.03411	0.03221	0.00696	0.30901	0.13527	0.05677	0.09770	0.06016	0.10213	0.00667	0.00446	0.00136	0.00385	0.03829	0.00396	0.00583
25	0.00543	0.00385	0.00472	0.00529	0.00556	0.00364	0.00339	0.00596	0.00756	0.00995	0.02176	0.50461	0.09883	0.28713	0.01057	0.00245	0.00294	0.00975	0.00346	0.00314
26	0.03589	0.00443	0.00455	0.00455	0.00589	0.00390	0.00338	0.00663	0.02192	0.01201	0.09604	0.08673	0.65940	0.02956	0.00527	0.00149	0.00224	0.00861	0.00389	0.00363
27	0.06860	0.00714	0.00945	0.00731	0.01047	0.00631	0.00603	0.01970	0.01175	0.76189	0.03592	0.01430	0.01079	0.00521	0.00415	0.00130	0.00352	0.00420	0.00504	0.00692
28	0.01308	0.01011	0.01082	0.00898	0.01180	0.01138	0.00720	0.35262	0.45457	0.05126	0.01416	0.01329	0.01037	0.00541	0.00425	0.00135	0.00388	0.00433	0.00428	0.00688
29	0.01127	0.78136	0.06186	0.00755	0.01124	0.03492	0.00764	0.02500	0.00881	0.01032	0.00601	0.00692	0.00542	0.00366	0.00281	0.00093	0.00465	0.00232	0.00184	0.00545
30	0.00590	0.00452	0.00579	0.00570	0.00667	0.00464	0.00430	0.02531	0.00842	0.01124	0.10445	0.04309	0.26407	0.09066	0.39135	0.00411	0.00657	0.00643	0.00311	0.00368
31	0.01034	0.06449	0.26629	0.04444	0.04354	0.04691	0.03629	0.05221	0.03674	0.11524	0.03301	0.02470	0.00853	0.00827	0.11995	0.00200	0.00591	0.00379	0.00269	0.07467
32	0.76244	0.07984	0.00782	0.00595	0.00861	0.05430	0.00497	0.01261	0.00753	0.01765	0.00589	0.00686	0.00467	0.00390	0.00267	0.00126	0.00359	0.00230	0.00251	0.00464
33	0.00642	0.00491	0.00599	0.00595	0.00643	0.03641	0.00417	0.00725	0.00667	0.00907	0.01196	0.02103	0.01242	0.39310	0.44415	0.00536	0.00795	0.00515	0.00238	0.00326
34	0.01562	0.02848	0.01090	0.00846	0.01153	0.00973	0.00691	0.27820	0.21890	0.34359	0.01436	0.01311	0.00985	0.00524	0.00420	0.00131	0.00388	0.00417	0.00457	0.00699
35	0.57424	0.00846	0.00787	0.00655	0.00939	0.00928	0.00540	0.13165	0.01003	0.18927	0.00872	0.00887	0.00616	0.00434	0.00318	0.00129	0.00352	0.00291	0.00338	0.00548
36	0.03089	0.00656	0.00801	0.00669	0.00898	0.02061	0.00532	0.06363	0.04068	0.39259	0.19784	0.07024	0.09197	0.00689	0.00445	0.00133	0.00310	0.00578	0.02876	0.00569
37	0.00984	0.01518	0.41180	0.01044	0.01462	0.02978	0.05184	0.18463	0.01104	0.01545	0.03787	0.01154	0.01859	0.00820	0.10003	0.05096	0.00618	0.00376	0.00251	0.00571
38	0.20344	0.00620	0.00732	0.00640	0.00821	0.00627	0.05626	0.07268	0.01067	0.02663	0.31887	0.07271	0.16286	0.00756	0.00440	0.00137	0.00290	0.01704	0.00381	0.00439
39	0.00900	0.09367	0.11653	0.00863	0.05246	0.03033	0.02566	0.03596	0.14661	0.01411	0.07468	0.01635	0.12060	0.00538	0.00395	0.00114	0.00383	0.01445	0.00301	0.22366
40	0.00611	0.00408	0.00458	0.00458	0.00458	0.00408	0.00255	0.00611	0.00611	0.00815	0.01325	0.02751	0.01528	0.85226	0.02140	0.00408	0.00408	0.00611	0.00255	0.00255
41	0.08110	0.14355	0.08807	0.04573	0.17168	0.06080	0.08054	0.13829	0.01050	0.01460	0.00817	0.01040	0.00674	0.03004	0.09051	0.00187	0.00582	0.00353	0.00242	0.00564
42	0.00511	0.00396	0.00466	0.00512	0.00593	0.00351	0.00360	0.00607	0.00898	0.01142	0.08653	0.43979	0.37680	0.01175	0.00516	0.00156	0.00227	0.01031	0.00395	0.00351
43	0.00654	0.00468	0.00583	0.00548	0.00665	0.00440	0.00412	0.02486	0.04433	0.03908	0.61135	0.07754	0.13152	0.00882	0.00492	0.00136	0.00218	0.00772	0.00449	0.00415
44	0.00572	0.00427	0.00531	0.00510	0.00615	0.00386	0.00380	0.00747	0.01128	0.01550	0.63375	0.06222	0.20171	0.00918	0.00497	0.00136	0.00203	0.00802	0.00445	0.00386
45	0.84734	0.00828	0.00644	0.00569	0.00833	0.00957	0.00469	0.04433	0.00766	0.01917	0.00602	0.00696	0.00466	0.00395	0.00267	0.00130	0.00331	0.00234	0.00267	0.00466
46	0.17045	0.00728	0.00900	0.00714	0.01015	0.00684	0.00587	0.01861	0.03400	0.63156	0.01450	0.01311	0.00945	0.00599	0.03566	0.00151	0.00381	0.00391	0.00460	0.00655
47	0.00933	0.00946	0.01334	0.01130	0.01151	0.02649	0.04122	0.01036	0.00667	0.01025	0.00565	0.00926	0.00555	0.00715	0.01328	0.00181	0.79715	0.00371	0.00186	0.00465
48	0.01009	0.07385	0.11742	0.06949	0.05151	0.01070	0.44312	0.05689	0.06068	0.02626	0.00926	0.03468	0.00725	0.00417	0.00451	0.00136	0.00606	0.00452	0.00239	0.00579
49	0.00523	0.00370	0.00485	0.00572	0.00594	0.00348	0.00376	0.00588	0.00784	0.01046	0.02212	0.76260	0.02648	0.10190	0.00706	0.00196	0.00261	0.01133	0.00376	0.00332
50	0.01155	0.00961	0.02960	0.00865	0.01121	0.01053	0.00698	0.25809	0.46441	0.01947	0.04413	0.01478	0.01188	0.03003	0.04813	0.00172	0.00417	0.00455	0.00406	0.00643
51	0.01062	0.00904	0.00956	0.00852	0.01091	0.01041	0.00665	0.06339	0.75366	0.01803	0.03960	0.01584	0.01329	0.00575	0.00429	0.00141	0.00336	0.00478	0.00428	0.00660
52	0.01419	0.03247	0.04158	0.00982	0.02915	0.10757	0.00799	0.49359	0.14584	0.02145	0.01069	0.02338	0.00803	0.00504	0.00411	0.00125	0.00474	0.00384	0.00374	0.03153
53	0.00537	0.00479	0.03472	0.00549	0.00664	0.00390	0.01416	0.00662	0.00928	0.01187	0.11860	0.32035	0.39562	0.01101	0.00510	0.00152	0.00249	0.03491	0.00388	0.00368
54	0.01219	0.06267	0.04710	0.01337	0.07934	0.20205	0.25045	0.09808	0.08802	0.04295	0.00926	0.02737	0.00732	0.00452	0.00462	0.00129	0.03693	0.00404	0.00265	0.00578
55	0.09937	0.07468	0.13508	0.01009	0.01329	0.38772	0.02693	0.15583	0.01210	0.03683	0.00750	0.00836	0.00578	0.00432	0.00374	0.00117	0.00610	0.00298	0.00257	0.00556
56	0.01101	0.00880	0.01026	0.02180	0.04015	0.00945	0.03200	0.11190	0.46188	0.06767	0.04618	0.01530	0.04103	0.00545	0.00421	0.00130	0.00359	0.00458	0.00395	0.09948

[dist]
# distance from previous block
# <min> <max>
0	2

[block]
# block no. 9 follows, 63 sequences, length 15
# corresponding to MSA columns:
# 673-687
name=unknown_J
#
# <colnr> <probs for GDERKNQSTAVLIFYWHMCP>
#	G	D	E	R	K	N	Q	S	T	A	V	L	I	F	Y	W	H	M	C	P
0	0.00981	0.00784	0.01024	0.01141	0.18841	0.03228	0.02112	0.07763	0.13815	0.07988	0.16590	0.08035	0.09504	0.00688	0.00487	0.00138	0.03129	0.02835	0.00367	0.00548
1	0.00532	0.00410	0.00486	0.00503	0.00599	0.00364	0.00364	0.00659	0.00990	0.01294	0.28639	0.26214	0.35295	0.01069	0.00508	0.00147	0.00217	0.00932	0.00413	0.00364
2	0.01444	0.07698	0.04523	0.01115	0.01376	0.64772	0.07819	0.01625	0.03791	0.01089	0.00702	0.00817	0.00574	0.00424	0.00384	0.00112	0.00713	0.00295	0.00219	0.00509
3	0.42488	0.00656	0.00648	0.00576	0.00787	0.00691	0.00463	0.01187	0.00950	0.13950	0.25842	0.01796	0.05015	0.00602	0.00375	0.00133	0.00289	0.02711	0.00370	0.00470
4	0.01204	0.04306	0.01127	0.01015	0.07292	0.08278	0.00747	0.14559	0.50795	0.03961	0.01393	0.01331	0.01047	0.00524	0.00415	0.00133	0.00408	0.00423	0.00385	0.00654
5	0.01040	0.15796	0.05258	0.04351	0.04592	0.04404	0.00668	0.12381	0.01066	0.10627	0.04760	0.09346	0.11703	0.07469	0.04565	0.00176	0.00439	0.00526	0.00321	0.00510
6	0.33436	0.07657	0.03680	0.03265	0.03774	0.09665	0.02000	0.19706	0.07665	0.02955	0.00843	0.02161	0.00656	0.00449	0.00348	0.00126	0.00439	0.00320	0.00298	0.00558
7	0.30740	0.12112	0.15278	0.02844	0.01260	0.07202	0.05000	0.10433	0.02879	0.06110	0.00770	0.00860	0.00581	0.00420	0.00361	0.00125	0.01912	0.00298	0.00263	0.00552
8	0.01228	0.14306	0.13696	0.00946	0.02541	0.10860	0.00855	0.24037	0.08671	0.04189	0.03731	0.01109	0.02079	0.01716	0.00456	0.00125	0.04200	0.00360	0.00303	0.04592
9	0.00572	0.00405	0.00469	0.00483	0.00523	0.00385	0.00306	0.00624	0.00767	0.01009	0.10498	0.18049	0.16018	0.46482	0.01390	0.00289	0.00322	0.00781	0.00325	0.00303
10	0.01240	0.32930	0.14947	0.00924	0.01278	0.14546	0.00887	0.16079	0.06241	0.03044	0.00792	0.00865	0.00628	0.00435	0.00389	0.00114	0.03524	0.00299	0.00252	0.00585
11	0.04384	0.00648	0.09261	0.00694	0.00843	0.00567	0.00600	0.00857	0.00770	0.03498	0.07404	0.03429	0.05703	0.04998	0.53833	0.00491	0.00856	0.00493	0.00261	0.00410
12	0.03822	0.12797	0.13016	0.01031	0.05437	0.02174	0.09556	0.10194	0.18936	0.02906	0.02550	0.02707	0.02768	0.00470	0.00394	0.00122	0.00450	0.00396	0.00296	0.09978
13	0.00585	0.00416	0.00513	0.00529	0.00621	0.00373	0.00381	0.00712	0.00989	0.04220	0.29541	0.32653	0.24784	0.01067	0.00508	0.00149	0.00224	0.00939	0.00419	0.00377
14	0.00894	0.08125	0.00988	0.00631	0.01003	0.00656	0.00517	0.01076	0.00870	0.01337	0.00733	0.00855	0.00615	0.00316	0.00308	0.00065	0.00323	0.00247	0.00243	0.80198

[dist]
# distance from previous block
# <min> <max>
0	1

[block]
# block no. 10 follows, 63 sequences, length 6
# corresponding to MSA columns:
# 689-694
name=unknown_K
#
# <colnr> <probs for GDERKNQSTAVLIFYWHMCP>
#	G	D	E	R	K	N	Q	S	T	A	V	L	I	F	Y	W	H	M	C	P
0	0.00564	0.00417	0.00558	0.05988	0.00778	0.00409	0.00464	0.00664	0.00824	0.01079	0.02252	0.52518	0.08756	0.09946	0.00699	0.00195	0.00300	0.12877	0.00363	0.00348
1	0.01348	0.22541	0.08373	0.01036	0.04598	0.11433	0.05042	0.32518	0.04056	0.03911	0.00860	0.00922	0.00656	0.00440	0.00380	0.00117	0.00516	0.00331	0.00298	0.00624
2	0.01060	0.13688	0.01390	0.02990	0.10072	0.07760	0.09340	0.14185	0.02949	0.03023	0.00921	0.01167	0.00773	0.01238	0.25072	0.00286	0.02912	0.00383	0.00255	0.00535
3	0.00595	0.00449	0.00542	0.00516	0.00624	0.00418	0.00381	0.00805	0.04865	0.01502	0.55172	0.03241	0.21214	0.07099	0.00614	0.00155	0.00223	0.00764	0.00430	0.00389
4	0.00609	0.00460	0.00665	0.00638	0.00707	0.00480	0.04614	0.00718	0.00738	0.01019	0.07414	0.12866	0.04523	0.26524	0.35643	0.00445	0.00680	0.00634	0.00278	0.00347
5	0.00565	0.00495	0.03715	0.00673	0.00758	0.00431	0.05418	0.00679	0.00812	0.01086	0.02170	0.59186	0.08655	0.04482	0.08559	0.00222	0.00375	0.01001	0.00350	0.00367

[dist]
# distance from previous block
# <min> <max>
0	6

[block]
# block no. 11 follows, 63 sequences, length 7
# corresponding to MSA columns:
# 701-707
name=unknown_L
#
# <colnr> <probs for GDERKNQSTAVLIFYWHMCP>
#	G	D	E	R	K	N	Q	S	T	A	V	L	I	F	Y	W	H	M	C	P
0	0.01183	0.74384	0.02068	0.00768	0.01108	0.12546	0.00732	0.01315	0.00899	0.00994	0.00593	0.00685	0.00540	0.00369	0.00284	0.00092	0.00491	0.00231	0.00185	0.00533
1	0.49039	0.17453	0.01112	0.00726	0.01012	0.12354	0.03424	0.04750	0.00891	0.05029	0.00667	0.00753	0.00526	0.00399	0.00300	0.00120	0.00429	0.00257	0.00255	0.00502
2	0.01177	0.06412	0.20802	0.01209	0.10159	0.13577	0.06845	0.14469	0.07975	0.05644	0.04889	0.01122	0.00854	0.00522	0.02390	0.00139	0.00553	0.00376	0.00282	0.00604
3	0.00906	0.00879	0.11313	0.00800	0.02735	0.00662	0.03635	0.04272	0.07715	0.07800	0.07601	0.09910	0.07502	0.00599	0.00414	0.00117	0.00360	0.03137	0.00326	0.29318
4	0.00515	0.00423	0.00454	0.00454	0.00581	0.00362	0.00337	0.00636	0.00990	0.01230	0.18068	0.08748	0.63658	0.01043	0.00499	0.00142	0.00212	0.00883	0.00403	0.00362
5	0.03233	0.01115	0.04211	0.00989	0.02885	0.06143	0.05203	0.38808	0.18360	0.06697	0.01295	0.01376	0.03612	0.00542	0.00428	0.00133	0.00453	0.03484	0.00385	0.00648
