[name]
unknown

[dist]
# distance from previous block
# <min> <max>
0	24

[block]
# block no. 0 follows, 56 sequences, length 8
# corresponding to MSA columns:
# 24-31
name=unknown_A
#
# <colnr> <probs for GDERKNQSTAVLIFYWHMCP>
#	G	D	E	R	K	N	Q	S	T	A	V	L	I	F	Y	W	H	M	C	P
0	0.01262	0.28892	0.03412	0.03708	0.01266	0.19206	0.00794	0.11895	0.06850	0.01430	0.01246	0.10389	0.04380	0.00625	0.00417	0.00131	0.00529	0.02693	0.00302	0.00574
1	0.07921	0.04536	0.01446	0.10139	0.01644	0.24540	0.09722	0.20646	0.11791	0.01773	0.00986	0.01092	0.00751	0.00494	0.00437	0.00137	0.00610	0.00388	0.00319	0.00625
2	0.00847	0.00647	0.00871	0.10887	0.02721	0.00685	0.02159	0.05528	0.06404	0.04521	0.08618	0.18032	0.06846	0.13488	0.09897	0.00264	0.02809	0.00711	0.00354	0.03711
3	0.00690	0.00551	0.00776	0.00686	0.00852	0.00493	0.09168	0.00864	0.01098	0.03684	0.23124	0.13222	0.36857	0.01006	0.00534	0.00153	0.00296	0.00886	0.04622	0.00436
4	0.01249	0.00927	0.00995	0.00918	0.04218	0.07369	0.00676	0.19693	0.13459	0.12160	0.08889	0.17817	0.03922	0.04841	0.00583	0.00165	0.00413	0.00667	0.00436	0.00604
5	0.02681	0.21673	0.05700	0.06429	0.03480	0.01121	0.06772	0.06713	0.03534	0.11067	0.01235	0.08073	0.02875	0.09852	0.00718	0.00175	0.06530	0.00496	0.00307	0.00571
6	0.02614	0.02968	0.06468	0.16239	0.07026	0.02854	0.04185	0.07832	0.02388	0.24572	0.05877	0.07269	0.04367	0.02662	0.00517	0.00154	0.00476	0.00532	0.00381	0.00622
7	0.05452	0.00523	0.00599	0.05135	0.00803	0.00512	0.00442	0.04051	0.00972	0.01305	0.07739	0.23346	0.28962	0.17074	0.00877	0.00217	0.00320	0.00891	0.00384	0.00395

[dist]
# distance from previous block
# <min> <max>
6	6

[block]
# block no. 1 follows, 56 sequences, length 7
# corresponding to MSA columns:
# 39-45
name=unknown_B
#
# <colnr> <probs for GDERKNQSTAVLIFYWHMCP>
#	G	D	E	R	K	N	Q	S	T	A	V	L	I	F	Y	W	H	M	C	P
0	0.00680	0.00461	0.00598	0.00665	0.00728	0.00442	0.00459	0.00852	0.06148	0.05421	0.06247	0.70017	0.02893	0.01315	0.00570	0.00180	0.00277	0.01186	0.00440	0.00420
1	0.01230	0.15473	0.31320	0.01211	0.01655	0.21754	0.08610	0.05970	0.01128	0.01394	0.03179	0.01003	0.00721	0.00466	0.00453	0.00133	0.03101	0.00353	0.00233	0.00614
2	0.01158	0.07149	0.17211	0.01190	0.09837	0.04002	0.04895	0.14486	0.05197	0.07843	0.05484	0.14305	0.03909	0.00675	0.00472	0.00146	0.00491	0.00577	0.00348	0.00626
3	0.04311	0.00799	0.04548	0.00946	0.02748	0.00762	0.10916	0.07904	0.05115	0.08339	0.02950	0.11573	0.03922	0.12387	0.20330	0.00333	0.00649	0.00614	0.00337	0.00517
4	0.04583	0.00816	0.00898	0.00811	0.01007	0.00889	0.00613	0.17093	0.27547	0.05652	0.01783	0.22848	0.01682	0.10774	0.00712	0.00193	0.00377	0.00705	0.00430	0.00586
5	0.01240	0.01160	0.04402	0.03831	0.08659	0.12997	0.16144	0.07914	0.06182	0.10244	0.01209	0.06619	0.01041	0.09535	0.03537	0.00199	0.03664	0.00515	0.00317	0.00589
6	0.01239	0.02578	0.12352	0.04583	0.02998	0.03532	0.11948	0.16154	0.07407	0.10684	0.07812	0.03338	0.01185	0.03995	0.00600	0.00157	0.04698	0.00488	0.00353	0.03899

[dist]
# distance from previous block
# <min> <max>
7	46

[block]
# block no. 2 follows, 56 sequences, length 24
# corresponding to MSA columns:
# 112-135
name=unknown_C
#
# <colnr> <probs for GDERKNQSTAVLIFYWHMCP>
#	G	D	E	R	K	N	Q	S	T	A	V	L	I	F	Y	W	H	M	C	P
0	0.08120	0.15663	0.04672	0.06245	0.05708	0.07610	0.06622	0.15811	0.02642	0.03340	0.03251	0.06659	0.04409	0.00668	0.03316	0.00155	0.00532	0.00461	0.00311	0.03803
1	0.07482	0.09778	0.15175	0.09327	0.04783	0.03154	0.07926	0.07267	0.05183	0.08778	0.08079	0.03703	0.01149	0.00613	0.02385	0.00155	0.00530	0.01630	0.00316	0.02587
2	0.01067	0.05227	0.16883	0.01328	0.08223	0.07542	0.16986	0.04567	0.07824	0.03178	0.04740	0.11814	0.01203	0.00658	0.01883	0.00157	0.03029	0.00548	0.00297	0.02847
3	0.00831	0.02727	0.00762	0.00712	0.00850	0.08316	0.00517	0.06844	0.02630	0.01359	0.04523	0.44302	0.10143	0.04063	0.00584	0.00167	0.00354	0.00926	0.00388	0.09001
4	0.05968	0.08235	0.11992	0.02862	0.09635	0.08026	0.08303	0.05791	0.05184	0.08579	0.04991	0.15852	0.01318	0.00657	0.00463	0.00146	0.00505	0.00569	0.00328	0.00596
5	0.01110	0.03358	0.08597	0.07540	0.11045	0.07865	0.08076	0.10173	0.08527	0.03842	0.09285	0.03538	0.07208	0.00664	0.02500	0.00154	0.00524	0.00512	0.00331	0.05152
6	0.00717	0.00529	0.02199	0.00639	0.00754	0.00474	0.00478	0.04473	0.01097	0.05231	0.23864	0.37755	0.15229	0.01218	0.02978	0.00181	0.00301	0.01000	0.00446	0.00437
7	0.01134	0.01300	0.04306	0.03738	0.08798	0.10781	0.50688	0.03382	0.01105	0.01432	0.00995	0.06591	0.00836	0.00484	0.00534	0.00151	0.02357	0.00537	0.00248	0.00602
8	0.01287	0.26225	0.17164	0.03263	0.10368	0.13875	0.04300	0.09592	0.03305	0.03477	0.00837	0.00964	0.00665	0.00453	0.00425	0.00127	0.02443	0.00339	0.00251	0.00639
9	0.02566	0.00817	0.01188	0.02484	0.03385	0.02142	0.14294	0.11775	0.02430	0.08642	0.14418	0.12528	0.05956	0.05152	0.00641	0.00169	0.03587	0.02591	0.04693	0.00544
10	0.00622	0.00430	0.00533	0.00574	0.00595	0.00422	0.00363	0.00675	0.00791	0.01065	0.06065	0.35711	0.02337	0.41544	0.05923	0.00340	0.00404	0.00926	0.00349	0.00332
11	0.05669	0.01009	0.03213	0.05046	0.04068	0.03157	0.29786	0.11942	0.01138	0.04835	0.01297	0.06862	0.05938	0.00796	0.03950	0.09299	0.00596	0.00545	0.00300	0.00555
12	0.00983	0.14331	0.28773	0.03809	0.09633	0.01109	0.10486	0.03240	0.04483	0.01396	0.01153	0.12883	0.02094	0.00597	0.00486	0.00146	0.03014	0.00516	0.00258	0.00609
13	0.00612	0.00456	0.00547	0.00566	0.00657	0.00420	0.00401	0.00769	0.02861	0.01407	0.27151	0.28276	0.23445	0.07303	0.00682	0.00182	0.00256	0.00983	0.02629	0.00398
14	0.00902	0.00773	0.01243	0.06320	0.27930	0.00825	0.04093	0.04457	0.00933	0.01332	0.01081	0.01522	0.00956	0.04083	0.37836	0.00421	0.00855	0.00460	0.03435	0.00544
15	0.05025	0.02516	0.06874	0.01094	0.04486	0.13324	0.07558	0.17051	0.02757	0.05051	0.04476	0.01645	0.01110	0.05559	0.12509	0.00248	0.02277	0.05538	0.00324	0.00578
16	0.00758	0.00978	0.19862	0.00787	0.01034	0.02045	0.00747	0.02227	0.05163	0.03425	0.02544	0.28720	0.23076	0.04075	0.00590	0.00174	0.00387	0.02553	0.00368	0.00486
17	0.00895	0.00537	0.00692	0.00656	0.00793	0.00502	0.00492	0.03414	0.02684	0.14563	0.34246	0.24269	0.07398	0.02709	0.01786	0.00172	0.00296	0.02933	0.00478	0.00484
18	0.12446	0.29723	0.12485	0.01037	0.06831	0.03832	0.04006	0.06717	0.02391	0.06106	0.01838	0.03756	0.01791	0.00506	0.00385	0.00129	0.00495	0.02397	0.02523	0.00605
19	0.04441	0.02969	0.03296	0.01016	0.05631	0.05728	0.11099	0.07445	0.04858	0.08594	0.09186	0.07305	0.05721	0.00614	0.00449	0.00132	0.00435	0.00536	0.08704	0.11841
20	0.06674	0.09517	0.14589	0.00724	0.00937	0.00705	0.00662	0.00961	0.00934	0.01358	0.10235	0.29473	0.06311	0.08408	0.00643	0.00179	0.00372	0.00771	0.06091	0.00459
21	0.01132	0.02823	0.01374	0.06673	0.23324	0.11126	0.06804	0.08032	0.06958	0.03257	0.09674	0.06770	0.05423	0.00614	0.00471	0.00141	0.00500	0.00541	0.03762	0.00601
22	0.04406	0.06141	0.05841	0.03045	0.14312	0.14419	0.02414	0.08447	0.01142	0.12786	0.02275	0.01512	0.03728	0.12762	0.00734	0.00179	0.02268	0.00441	0.00315	0.02835
23	0.06257	0.02632	0.01456	0.03529	0.24946	0.08289	0.05228	0.15167	0.06289	0.12783	0.01088	0.01190	0.00816	0.00488	0.00462	0.00137	0.02384	0.00406	0.03523	0.02932

[dist]
# distance from previous block
# <min> <max>
3	34

[block]
# block no. 3 follows, 56 sequences, length 16
# corresponding to MSA columns:
# 171-186
name=unknown_D
#
# <colnr> <probs for GDERKNQSTAVLIFYWHMCP>
#	G	D	E	R	K	N	Q	S	T	A	V	L	I	F	Y	W	H	M	C	P
0	0.04490	0.08643	0.05939	0.08742	0.08781	0.08848	0.00864	0.14707	0.07627	0.04074	0.05244	0.07587	0.01147	0.00737	0.03949	0.02420	0.00521	0.00476	0.03256	0.01952
1	0.00755	0.00649	0.03912	0.00718	0.02981	0.00555	0.02483	0.01034	0.07508	0.04588	0.25932	0.06165	0.31014	0.00939	0.00523	0.00151	0.00300	0.04826	0.00432	0.04536
2	0.07659	0.20327	0.01547	0.06093	0.09016	0.17172	0.00879	0.18796	0.03650	0.01653	0.00877	0.02997	0.00729	0.00494	0.00428	0.00127	0.02923	0.00358	0.00289	0.03983
3	0.03216	0.00449	0.00565	0.00600	0.00657	0.00443	0.00413	0.00710	0.00850	0.01167	0.08557	0.33513	0.10976	0.16626	0.12771	0.06428	0.00443	0.00900	0.00359	0.00359
4	0.04593	0.24877	0.07510	0.04212	0.09909	0.12124	0.05419	0.04171	0.03615	0.08576	0.02167	0.01041	0.00754	0.00471	0.00461	0.00128	0.05396	0.00353	0.00270	0.03954
5	0.01123	0.01046	0.06014	0.04545	0.31142	0.02894	0.07412	0.05020	0.08997	0.07444	0.07005	0.09145	0.01286	0.00584	0.00476	0.00143	0.00490	0.00537	0.00326	0.04369
6	0.00568	0.00428	0.00521	0.00578	0.00649	0.00386	0.00400	0.00670	0.00966	0.01254	0.11558	0.49298	0.25604	0.04109	0.00628	0.00182	0.00257	0.01135	0.00430	0.00380
7	0.03582	0.00940	0.06323	0.07724	0.12133	0.03296	0.09059	0.05952	0.06591	0.06188	0.04187	0.15005	0.10754	0.02989	0.03051	0.00179	0.00488	0.00654	0.00343	0.00561
8	0.01224	0.07624	0.15039	0.05828	0.10000	0.06595	0.07407	0.10843	0.09958	0.07891	0.02925	0.04524	0.00971	0.00537	0.00475	0.00141	0.02695	0.00448	0.02934	0.01941
9	0.04902	0.00582	0.00708	0.00766	0.07720	0.00548	0.00513	0.00996	0.04503	0.07602	0.17154	0.09849	0.35203	0.04481	0.02284	0.00177	0.00313	0.00807	0.00419	0.00470
10	0.00788	0.00552	0.00739	0.02594	0.00877	0.00548	0.03533	0.05842	0.02910	0.05308	0.04168	0.38915	0.11256	0.01377	0.09658	0.02718	0.00420	0.00909	0.06442	0.00446
11	0.01133	0.06555	0.23773	0.03369	0.16643	0.02381	0.06930	0.08994	0.03995	0.06509	0.01120	0.08075	0.00957	0.00575	0.00520	0.00149	0.05095	0.02291	0.00288	0.00648
12	0.02553	0.03724	0.04582	0.07850	0.13561	0.09091	0.15546	0.06416	0.05753	0.04285	0.00985	0.01277	0.00805	0.03773	0.00585	0.00149	0.05416	0.01960	0.00277	0.11413
13	0.00655	0.00464	0.00587	0.02493	0.00737	0.00448	0.00446	0.00781	0.02973	0.03348	0.06144	0.43051	0.12072	0.15700	0.04095	0.00246	0.00350	0.04625	0.00397	0.00388
14	0.03221	0.05786	0.09019	0.05919	0.09671	0.09663	0.12300	0.06896	0.03328	0.10924	0.03283	0.01371	0.05034	0.00519	0.00484	0.00137	0.03494	0.00439	0.02630	0.05882
15	0.05841	0.20089	0.10630	0.04579	0.06163	0.07003	0.05533	0.09856	0.04797	0.04836	0.01265	0.07104	0.05998	0.01781	0.00484	0.02175	0.00511	0.00465	0.00297	0.00590

[dist]
# distance from previous block
# <min> <max>
3	52

[block]
# block no. 4 follows, 56 sequences, length 46
# corresponding to MSA columns:
# 242-270,272-288
name=unknown_E
#
# <colnr> <probs for GDERKNQSTAVLIFYWHMCP>
#	G	D	E	R	K	N	Q	S	T	A	V	L	I	F	Y	W	H	M	C	P
0	0.06478	0.13474	0.01294	0.00946	0.02669	0.15901	0.01892	0.17822	0.12548	0.06404	0.03623	0.07802	0.03879	0.02694	0.00481	0.00144	0.00493	0.00485	0.00362	0.00611
1	0.01149	0.16900	0.15065	0.03021	0.08854	0.09016	0.06304	0.06626	0.04249	0.02942	0.00969	0.05101	0.00828	0.02081	0.01859	0.00140	0.00555	0.00400	0.00266	0.13675
2	0.02792	0.04417	0.00830	0.00722	0.00881	0.05691	0.02492	0.02689	0.06275	0.07212	0.16049	0.24758	0.15143	0.01130	0.05285	0.00190	0.00391	0.02159	0.00413	0.00479
3	0.01082	0.13953	0.15979	0.00965	0.01297	0.08691	0.05748	0.07609	0.04784	0.04567	0.10712	0.06803	0.08873	0.00667	0.00482	0.00140	0.02397	0.02275	0.00329	0.02648
4	0.11864	0.10234	0.06289	0.04898	0.09769	0.04481	0.05807	0.09441	0.05334	0.05427	0.02481	0.01384	0.06061	0.01837	0.05618	0.00176	0.02129	0.00422	0.00303	0.06045
5	0.01082	0.00922	0.04186	0.03447	0.09083	0.02392	0.04295	0.15562	0.13832	0.05165	0.03190	0.16448	0.05752	0.04288	0.04062	0.00190	0.00469	0.02638	0.00382	0.02616
6	0.00638	0.00469	0.00579	0.00615	0.00704	0.00439	0.00441	0.00820	0.04861	0.02649	0.20413	0.40222	0.18024	0.02974	0.00599	0.00175	0.00266	0.04253	0.00445	0.00413
7	0.01031	0.01142	0.12551	0.14015	0.04865	0.06191	0.07189	0.06999	0.11299	0.03446	0.06346	0.08067	0.03115	0.04483	0.02160	0.00178	0.04221	0.01810	0.00318	0.00574
8	0.05776	0.12690	0.11675	0.02757	0.13682	0.13388	0.07362	0.07547	0.04330	0.06690	0.00991	0.03044	0.00809	0.00614	0.03648	0.00160	0.02293	0.01639	0.00281	0.00626
9	0.06989	0.00627	0.00758	0.00737	0.02781	0.00612	0.00535	0.04599	0.07159	0.18165	0.08088	0.30878	0.11006	0.04184	0.00581	0.00172	0.00322	0.00837	0.00446	0.00523
10	0.00624	0.00514	0.00548	0.00540	0.00694	0.00465	0.00410	0.02569	0.05717	0.01378	0.11622	0.07406	0.60444	0.01111	0.00542	0.00157	0.00254	0.04145	0.00437	0.00422
11	0.01097	0.05626	0.08686	0.00942	0.02282	0.13885	0.03950	0.14505	0.05148	0.01583	0.09959	0.09341	0.08839	0.04890	0.05676	0.01578	0.00540	0.00584	0.00345	0.00543
12	0.00940	0.05363	0.08331	0.08529	0.06878	0.04193	0.21809	0.03090	0.02920	0.01376	0.05350	0.11711	0.06389	0.00926	0.08501	0.00209	0.02049	0.00604	0.00286	0.00546
13	0.00683	0.00534	0.00746	0.00743	0.00827	0.02670	0.00574	0.00842	0.00750	0.01062	0.01222	0.01811	0.01147	0.05539	0.77789	0.00714	0.01198	0.00492	0.00247	0.00409
14	0.00914	0.00626	0.00734	0.00678	0.00852	0.00610	0.00525	0.11981	0.04629	0.08991	0.17700	0.16419	0.25298	0.01054	0.02174	0.00170	0.00325	0.05362	0.00457	0.00502
15	0.00865	0.06164	0.00863	0.00737	0.00894	0.03841	0.00568	0.05043	0.15885	0.02550	0.09093	0.24564	0.16269	0.02203	0.02554	0.00179	0.02820	0.04002	0.00409	0.00498
16	0.00599	0.00454	0.00558	0.00592	0.00682	0.00419	0.00426	0.00758	0.02943	0.01385	0.23414	0.36546	0.23552	0.01253	0.02202	0.00178	0.00270	0.02922	0.00444	0.00403
17	0.04361	0.00550	0.00620	0.00619	0.00750	0.00540	0.00455	0.05431	0.06599	0.04582	0.08069	0.32712	0.20598	0.01048	0.00508	0.00158	0.00278	0.00906	0.10761	0.00456
18	0.00841	0.00545	0.00729	0.00729	0.02635	0.00522	0.03854	0.02274	0.04207	0.08770	0.07536	0.35003	0.09031	0.01065	0.02467	0.00172	0.00325	0.02752	0.16077	0.00467
19	0.03380	0.00627	0.00754	0.00731	0.00843	0.03648	0.00555	0.02053	0.09186	0.02876	0.04711	0.02199	0.03325	0.15458	0.43242	0.00505	0.00841	0.04316	0.00308	0.00443
20	0.00765	0.00627	0.00928	0.00856	0.00962	0.00702	0.06392	0.04915	0.02534	0.01233	0.01540	0.20592	0.03409	0.05311	0.38141	0.00445	0.09212	0.00688	0.00303	0.00446
21	0.02742	0.02814	0.06516	0.00982	0.04542	0.07294	0.02033	0.14110	0.09872	0.04070	0.11298	0.05378	0.05975	0.00906	0.07012	0.00194	0.08360	0.00537	0.04788	0.00576
22	0.00826	0.04393	0.00798	0.00766	0.04526	0.01935	0.00539	0.05932	0.04380	0.05615	0.15938	0.35730	0.14722	0.01063	0.00530	0.00160	0.00311	0.00932	0.00428	0.00476
23	0.04870	0.00899	0.00980	0.00850	0.01080	0.02873	0.00673	0.30041	0.11489	0.04971	0.16681	0.13992	0.01986	0.00805	0.00498	0.00153	0.00389	0.05713	0.00453	0.00606
24	0.01359	0.05215	0.04673	0.03343	0.05238	0.25962	0.16881	0.09610	0.08805	0.04907	0.02828	0.01253	0.02365	0.02058	0.00529	0.00144	0.03490	0.00429	0.00299	0.00610
25	0.01164	0.02979	0.13314	0.03072	0.12026	0.02484	0.06487	0.17477	0.15717	0.03937	0.03274	0.08675	0.02844	0.03808	0.00545	0.00159	0.00498	0.00536	0.00352	0.00651
26	0.00977	0.00777	0.00801	0.00761	0.00909	0.06898	0.00565	0.18203	0.06058	0.01637	0.01972	0.37456	0.05874	0.03146	0.03372	0.00185	0.00399	0.00839	0.08670	0.00501
27	0.00577	0.00436	0.00530	0.00587	0.00665	0.00396	0.00417	0.00686	0.00971	0.01251	0.09603	0.43522	0.27837	0.04461	0.00639	0.00185	0.00269	0.06160	0.00427	0.00382
28	0.03584	0.12634	0.06434	0.03857	0.09984	0.09572	0.07299	0.07947	0.03123	0.02749	0.04345	0.03214	0.02929	0.02762	0.15361	0.00250	0.00669	0.00451	0.02270	0.00565
29	0.03436	0.01260	0.07576	0.13269	0.25272	0.09970	0.09285	0.09419	0.02724	0.03449	0.00905	0.01158	0.00721	0.01971	0.02096	0.00161	0.06025	0.00410	0.00261	0.00632
30	0.00874	0.00718	0.00812	0.00798	0.00954	0.00794	0.00593	0.01605	0.42854	0.01563	0.02141	0.33127	0.03757	0.01132	0.05866	0.00206	0.00380	0.00828	0.00436	0.00563
31	0.00784	0.00622	0.00753	0.00674	0.00867	0.00559	0.00513	0.02789	0.00985	0.03286	0.05041	0.27176	0.17159	0.00926	0.00553	0.00140	0.05724	0.03004	0.00369	0.28075
32	0.01113	0.04687	0.03912	0.04396	0.06115	0.06379	0.05906	0.07311	0.01185	0.10590	0.16147	0.05866	0.06924	0.00659	0.00494	0.00135	0.02609	0.02044	0.00365	0.13161
33	0.02978	0.00592	0.00705	0.00696	0.00829	0.02288	0.00510	0.03069	0.07626	0.13393	0.10404	0.42634	0.08043	0.01155	0.02682	0.00181	0.00331	0.00950	0.00448	0.00488
34	0.01099	0.04373	0.01229	0.02524	0.19593	0.11297	0.00858	0.13599	0.01183	0.01540	0.06468	0.10775	0.02787	0.01188	0.15380	0.00253	0.02577	0.02398	0.00315	0.00566
35	0.03660	0.33935	0.12107	0.01030	0.01417	0.15813	0.06092	0.13321	0.01209	0.03263	0.02328	0.02293	0.00745	0.00468	0.00388	0.00122	0.00581	0.00345	0.00266	0.00617
36	0.01211	0.24309	0.03663	0.01143	0.01504	0.02535	0.21374	0.04475	0.21381	0.07139	0.05800	0.01353	0.01089	0.00502	0.00441	0.00136	0.00519	0.00451	0.00329	0.00645
37	0.02572	0.00876	0.04852	0.02976	0.04332	0.02402	0.20971	0.03281	0.02856	0.07309	0.03753	0.22274	0.13966	0.00881	0.01879	0.00170	0.02032	0.01735	0.00354	0.00529
38	0.03511	0.10091	0.06160	0.09260	0.04898	0.10257	0.11803	0.09555	0.01189	0.08003	0.10592	0.06351	0.02241	0.03467	0.00525	0.00151	0.00533	0.00512	0.00324	0.00579
39	0.00656	0.00492	0.00738	0.00738	0.00820	0.00574	0.00574	0.00820	0.00738	0.01066	0.01230	0.01804	0.01148	0.03443	0.82046	0.00738	0.01230	0.00492	0.00246	0.00410
40	0.00705	0.00456	0.00668	0.00668	0.00715	0.00503	0.00487	0.00731	0.00684	0.00959	0.01104	0.01779	0.01079	0.10406	0.47477	0.29665	0.00876	0.00477	0.00233	0.00327
41	0.07544	0.19083	0.21084	0.01246	0.08470	0.10387	0.06048	0.14983	0.04174	0.01653	0.00856	0.00970	0.00663	0.00452	0.00406	0.00131	0.00585	0.00346	0.00267	0.00650
42	0.04573	0.19158	0.07595	0.01100	0.06544	0.04702	0.05673	0.16893	0.13193	0.03640	0.01171	0.03944	0.02398	0.00540	0.00450	0.00135	0.02948	0.00425	0.04276	0.00643
43	0.00649	0.00511	0.00597	0.00608	0.00710	0.02783	0.00447	0.00825	0.02522	0.01506	0.37932	0.25050	0.18443	0.01111	0.00553	0.00160	0.00263	0.04458	0.00457	0.00416
44	0.01082	0.00980	0.04536	0.08667	0.07752	0.07043	0.02533	0.11453	0.03639	0.06256	0.01453	0.17422	0.04018	0.02962	0.05595	0.00203	0.11413	0.02109	0.00331	0.00552
45	0.11797	0.12595	0.03095	0.05440	0.03300	0.21645	0.00848	0.23644	0.01363	0.05077	0.00914	0.02885	0.00731	0.00582	0.02464	0.00146	0.02180	0.00364	0.00315	0.00616

[dist]
# distance from previous block
# <min> <max>
5	11

[block]
# block no. 5 follows, 56 sequences, length 13
# corresponding to MSA columns:
# 304-316
name=unknown_F
#
# <colnr> <probs for GDERKNQSTAVLIFYWHMCP>
#	G	D	E	R	K	N	Q	S	T	A	V	L	I	F	Y	W	H	M	C	P
0	0.01076	0.01175	0.02455	0.01776	0.02205	0.01121	0.68909	0.01526	0.07346	0.01519	0.01033	0.01301	0.00778	0.00414	0.00524	0.00152	0.00712	0.00534	0.04825	0.00618
1	0.01006	0.00928	0.05149	0.00811	0.01035	0.06045	0.00664	0.05591	0.29302	0.03998	0.22375	0.02356	0.12290	0.00751	0.00513	0.00148	0.02556	0.00621	0.03280	0.00580
2	0.01087	0.00736	0.00857	0.00783	0.00966	0.00758	0.00603	0.23378	0.05573	0.09039	0.02126	0.31597	0.08186	0.03961	0.00590	0.00174	0.00366	0.06709	0.01964	0.00548
3	0.00888	0.00752	0.00878	0.00652	0.01009	0.00575	0.00517	0.01087	0.00997	0.01514	0.09779	0.01485	0.07197	0.00468	0.00377	0.00083	0.00318	0.00386	0.00309	0.70728
4	0.03248	0.00945	0.06005	0.01118	0.11137	0.02970	0.06889	0.10729	0.03641	0.07161	0.11019	0.08111	0.09151	0.06792	0.00631	0.00164	0.01767	0.00595	0.00361	0.07565
5	0.01030	0.01066	0.04245	0.36188	0.25761	0.05709	0.07425	0.01408	0.07769	0.01364	0.00967	0.03319	0.00780	0.00478	0.00465	0.00147	0.00590	0.00443	0.00243	0.00605
6	0.04442	0.00582	0.00676	0.00670	0.00791	0.00587	0.00483	0.04157	0.11604	0.07186	0.06425	0.33021	0.10561	0.13613	0.00803	0.00210	0.00327	0.02981	0.00419	0.00463
7	0.00845	0.00618	0.02354	0.04869	0.03784	0.00618	0.00602	0.05502	0.03792	0.05541	0.08116	0.09795	0.08959	0.08254	0.20603	0.11314	0.00588	0.03065	0.00336	0.00443
8	0.02513	0.03835	0.05491	0.11148	0.17950	0.09504	0.06205	0.20042	0.04937	0.03627	0.01004	0.03474	0.00807	0.00597	0.02654	0.00159	0.04671	0.00430	0.00303	0.00649
9	0.06776	0.00642	0.03766	0.00689	0.00770	0.00649	0.00514	0.02476	0.03311	0.01205	0.03834	0.19610	0.04414	0.33740	0.04834	0.00305	0.09706	0.02045	0.00320	0.00395
10	0.20086	0.00725	0.00765	0.00675	0.00889	0.00749	0.00521	0.08297	0.08776	0.14361	0.06634	0.06964	0.16414	0.08687	0.00671	0.02902	0.00348	0.00601	0.00408	0.00528
11	0.01065	0.02511	0.06577	0.12965	0.16129	0.06095	0.09495	0.05025	0.06163	0.05162	0.02984	0.04709	0.03681	0.07279	0.03340	0.01551	0.00561	0.02351	0.01781	0.00574
12	0.04990	0.09715	0.13388	0.06144	0.02699	0.06623	0.08076	0.08467	0.13270	0.07201	0.02959	0.05782	0.03306	0.03157	0.00526	0.00153	0.02123	0.00481	0.00326	0.00614

[dist]
# distance from previous block
# <min> <max>
10	67

[block]
# block no. 6 follows, 56 sequences, length 6
# corresponding to MSA columns:
# 394-399
name=unknown_G
#
# <colnr> <probs for GDERKNQSTAVLIFYWHMCP>
#	G	D	E	R	K	N	Q	S	T	A	V	L	I	F	Y	W	H	M	C	P
0	0.01100	0.00975	0.01381	0.09844	0.18842	0.02991	0.06428	0.09116	0.04834	0.03594	0.04544	0.05234	0.01007	0.00535	0.00539	0.00133	0.07836	0.00453	0.00298	0.20315
1	0.10618	0.01238	0.01168	0.04874	0.04960	0.19577	0.02816	0.10911	0.16670	0.03748	0.03842	0.01199	0.00932	0.00497	0.00416	0.00127	0.00508	0.00384	0.00335	0.15181
2	0.00774	0.00617	0.00681	0.03109	0.00816	0.04168	0.00485	0.04480	0.06761	0.01304	0.11111	0.14163	0.12015	0.27173	0.05902	0.00284	0.00431	0.04945	0.00367	0.00412
3	0.03795	0.02784	0.02926	0.03385	0.11407	0.10620	0.15238	0.13350	0.08275	0.03267	0.01142	0.01549	0.00969	0.07574	0.07984	0.00223	0.00640	0.03965	0.00308	0.00599
4	0.00678	0.00504	0.00668	0.00788	0.07884	0.00487	0.00489	0.00779	0.00898	0.01207	0.11790	0.24618	0.07216	0.30954	0.01202	0.00270	0.00363	0.08457	0.00364	0.00384
5	0.05446	0.00670	0.00677	0.00669	0.00791	0.08212	0.00492	0.04378	0.01116	0.01501	0.26381	0.27380	0.13987	0.01167	0.04853	0.00187	0.00366	0.00876	0.00417	0.00435

[dist]
# distance from previous block
# <min> <max>
5	28

[block]
# block no. 7 follows, 56 sequences, length 9
# corresponding to MSA columns:
# 428-436
name=unknown_H
#
# <colnr> <probs for GDERKNQSTAVLIFYWHMCP>
#	G	D	E	R	K	N	Q	S	T	A	V	L	I	F	Y	W	H	M	C	P
0	0.05116	0.01068	0.01298	0.06878	0.18210	0.09773	0.04487	0.19157	0.04036	0.04544	0.03609	0.07491	0.01065	0.03128	0.00632	0.07584	0.00514	0.00490	0.00326	0.00596
1	0.01082	0.06616	0.01112	0.10385	0.01285	0.03459	0.03712	0.18222	0.07118	0.04024	0.10451	0.07278	0.07084	0.11152	0.00704	0.00180	0.00437	0.00585	0.02888	0.02225
2	0.00722	0.00492	0.00600	0.00600	0.00711	0.00459	0.00442	0.00876	0.04942	0.05366	0.17697	0.16790	0.26924	0.04889	0.00778	0.10517	0.00292	0.06081	0.00416	0.00405
3	0.00750	0.00516	0.00636	0.00646	0.00736	0.00511	0.00462	0.05504	0.04026	0.03785	0.07100	0.33266	0.11651	0.11628	0.06948	0.05827	0.00388	0.03221	0.01988	0.00411
4	0.10785	0.06165	0.08393	0.08961	0.19692	0.08366	0.06459	0.06646	0.01099	0.11452	0.00940	0.01106	0.00717	0.00557	0.02848	0.00158	0.04353	0.00383	0.00285	0.00635
5	0.00876	0.00604	0.00720	0.00707	0.00836	0.00608	0.00518	0.08526	0.11057	0.07453	0.06590	0.38969	0.09340	0.07547	0.00681	0.00191	0.00324	0.03531	0.00438	0.00486
6	0.00952	0.00816	0.00952	0.00680	0.01088	0.00612	0.00544	0.01156	0.00952	0.01496	0.00816	0.00952	0.00680	0.00340	0.00340	0.00068	0.00340	0.00272	0.00272	0.86672
7	0.04027	0.00594	0.00824	0.08198	0.01062	0.00612	0.05116	0.00970	0.05088	0.03745	0.11615	0.24520	0.13958	0.06512	0.07114	0.00228	0.02580	0.02415	0.00376	0.00446
8	0.06395	0.00967	0.01061	0.05156	0.01226	0.10830	0.04143	0.10852	0.07337	0.16143	0.04134	0.06041	0.07053	0.03555	0.08342	0.01965	0.03321	0.00529	0.00376	0.00574

[dist]
# distance from previous block
# <min> <max>
0	4

[block]
# block no. 8 follows, 56 sequences, length 33
# corresponding to MSA columns:
# 441-473
name=unknown_I
#
# <colnr> <probs for GDERKNQSTAVLIFYWHMCP>
#	G	D	E	R	K	N	Q	S	T	A	V	L	I	F	Y	W	H	M	C	P
0	0.00997	0.17237	0.49864	0.02635	0.03752	0.01205	0.05890	0.02808	0.00988	0.01395	0.02747	0.01083	0.02338	0.00472	0.00476	0.00140	0.04753	0.00365	0.00215	0.00638
1	0.00699	0.00486	0.00586	0.00586	0.00709	0.00438	0.00434	0.02370	0.01108	0.06378	0.24012	0.25144	0.30910	0.01131	0.00550	0.00161	0.00258	0.03156	0.00457	0.00429
2	0.03144	0.10217	0.05004	0.05681	0.19658	0.02833	0.12978	0.04723	0.05579	0.03051	0.01179	0.04015	0.05514	0.00655	0.03164	0.00167	0.11089	0.00474	0.00270	0.00606
3	0.07119	0.08437	0.06203	0.05113	0.04731	0.07334	0.05619	0.20002	0.10852	0.06607	0.02499	0.06837	0.01005	0.00586	0.00501	0.00145	0.04958	0.00465	0.00348	0.00639
4	0.01086	0.01061	0.01664	0.11962	0.55854	0.05477	0.03211	0.01343	0.01046	0.01440	0.06568	0.01335	0.00981	0.02350	0.00530	0.00147	0.02605	0.00442	0.00245	0.00651
5	0.00867	0.00726	0.00954	0.21882	0.04871	0.02386	0.00762	0.08169	0.04819	0.03025	0.03686	0.20454	0.18728	0.00953	0.02859	0.00176	0.03084	0.00746	0.00354	0.00498
6	0.03014	0.15825	0.09773	0.13278	0.15543	0.07649	0.11128	0.02748	0.05191	0.08795	0.02227	0.01148	0.00784	0.00455	0.00432	0.00136	0.00577	0.00395	0.00270	0.00633
7	0.01266	0.07239	0.05199	0.01240	0.12793	0.10431	0.05301	0.06822	0.09748	0.13411	0.03350	0.08272	0.05298	0.00658	0.00508	0.00147	0.03465	0.03872	0.00358	0.00623
8	0.00830	0.00584	0.02535	0.00650	0.00799	0.00520	0.00494	0.04696	0.04535	0.10569	0.11407	0.32352	0.23657	0.03451	0.00590	0.00171	0.00296	0.00949	0.00445	0.00470
9	0.05249	0.20740	0.08094	0.05492	0.07066	0.13895	0.03582	0.03082	0.11996	0.02714	0.06481	0.05485	0.03156	0.00562	0.00421	0.00133	0.00518	0.00448	0.00297	0.00589
10	0.03102	0.06233	0.10176	0.04865	0.09489	0.06483	0.08929	0.20380	0.06423	0.09557	0.03036	0.01215	0.00870	0.00575	0.02158	0.00155	0.04933	0.00419	0.00334	0.00668
11	0.02428	0.01080	0.19181	0.06146	0.04286	0.00791	0.11236	0.04498	0.01005	0.01386	0.01883	0.28260	0.11655	0.00864	0.00545	0.00163	0.02984	0.00770	0.00319	0.00521
12	0.00880	0.00795	0.00990	0.03506	0.05125	0.06126	0.07901	0.07653	0.04266	0.01392	0.04170	0.15450	0.23161	0.10808	0.00777	0.00192	0.03638	0.02333	0.00358	0.00478
13	0.01244	0.20771	0.17390	0.04222	0.13371	0.13622	0.05829	0.06416	0.03951	0.03664	0.00857	0.01010	0.00682	0.00502	0.01721	0.00141	0.03372	0.00355	0.00247	0.00634
14	0.02606	0.08593	0.12946	0.06156	0.04250	0.08307	0.05841	0.13185	0.03908	0.09539	0.01368	0.05222	0.07248	0.01957	0.02219	0.00161	0.05080	0.00481	0.00322	0.00611
15	0.01191	0.02962	0.02675	0.00950	0.01124	0.32235	0.00739	0.01452	0.10301	0.02712	0.02364	0.07274	0.01120	0.02735	0.16111	0.04030	0.05320	0.02214	0.01989	0.00502
16	0.01096	0.00733	0.00858	0.00780	0.00987	0.00774	0.00605	0.01733	0.34017	0.15535	0.12634	0.10040	0.05903	0.00970	0.06185	0.00195	0.00389	0.02399	0.03561	0.00606
17	0.04083	0.03696	0.11406	0.10873	0.08534	0.00978	0.08657	0.12725	0.04781	0.11006	0.07135	0.01792	0.07960	0.00603	0.00474	0.00147	0.00497	0.03678	0.00351	0.00624
18	0.01234	0.03981	0.01661	0.09671	0.38193	0.10978	0.06365	0.07784	0.02759	0.04375	0.00982	0.03547	0.00827	0.00503	0.00496	0.00142	0.03532	0.02046	0.00270	0.00653
19	0.00612	0.00460	0.00552	0.00610	0.00673	0.00440	0.00414	0.00775	0.06550	0.01201	0.02734	0.52450	0.17158	0.12168	0.00800	0.00212	0.00291	0.01103	0.00410	0.00388
20	0.72954	0.12056	0.00926	0.00646	0.00943	0.03673	0.00548	0.01368	0.00818	0.01900	0.00641	0.00747	0.00512	0.00423	0.00290	0.00135	0.00388	0.00250	0.00271	0.00511
21	0.01000	0.01158	0.18134	0.07801	0.07537	0.02374	0.09315	0.05684	0.02670	0.06539	0.02501	0.10061	0.02749	0.07497	0.08210	0.00231	0.05129	0.00551	0.00293	0.00565
22	0.00608	0.00525	0.04097	0.00696	0.00776	0.00442	0.02718	0.00722	0.00898	0.01191	0.02486	0.60830	0.08529	0.07137	0.00702	0.00201	0.00319	0.06330	0.00400	0.00391
23	0.00627	0.00490	0.00565	0.00590	0.00706	0.00451	0.00436	0.03231	0.03304	0.01359	0.11213	0.29247	0.38431	0.01200	0.00558	0.00167	0.00267	0.06312	0.00436	0.00412
24	0.05467	0.04470	0.01396	0.08682	0.15957	0.15587	0.02726	0.16105	0.12724	0.03589	0.01039	0.01167	0.00808	0.00567	0.02142	0.00151	0.03910	0.00398	0.02473	0.00642
25	0.01238	0.09100	0.16622	0.06214	0.01623	0.15377	0.10579	0.08890	0.07133	0.05782	0.01104	0.05551	0.00916	0.00558	0.00485	0.00143	0.03171	0.02864	0.02037	0.00611
26	0.00827	0.06653	0.00787	0.00690	0.03228	0.05606	0.00461	0.02120	0.03391	0.02786	0.08703	0.11999	0.06514	0.41500	0.01393	0.00293	0.00419	0.01903	0.00331	0.00396
27	0.00982	0.02697	0.08847	0.00896	0.03484	0.02614	0.05672	0.01211	0.00980	0.04644	0.02460	0.07791	0.02337	0.02046	0.00453	0.00109	0.01704	0.00421	0.00288	0.50363
28	0.01265	0.04377	0.03756	0.06732	0.14826	0.17209	0.08484	0.08006	0.06134	0.06262	0.03840	0.03196	0.02331	0.00600	0.01800	0.00151	0.06118	0.01854	0.00301	0.02758
29	0.01237	0.15337	0.07806	0.01110	0.06423	0.11517	0.07034	0.09173	0.06845	0.07745	0.02247	0.02555	0.04691	0.04836	0.04465	0.00178	0.02222	0.01645	0.00310	0.02624
30	0.01060	0.08754	0.03658	0.05938	0.15258	0.05651	0.03613	0.05775	0.05860	0.03292	0.01343	0.07226	0.07061	0.02629	0.04521	0.00173	0.06411	0.00497	0.00294	0.10989
31	0.02888	0.15435	0.09424	0.01028	0.06103	0.07355	0.04048	0.12340	0.02887	0.04570	0.02789	0.14328	0.02817	0.03470	0.02240	0.00158	0.00501	0.00535	0.00318	0.06766
32	0.04194	0.09580	0.10025	0.02850	0.06564	0.02792	0.06939	0.08150	0.06086	0.10467	0.02874	0.12246	0.03716	0.02995	0.00506	0.00149	0.00467	0.01590	0.00341	0.07468

[dist]
# distance from previous block
# <min> <max>
25	84

[block]
# block no. 9 follows, 56 sequences, length 34
# corresponding to MSA columns:
# 593-626
name=unknown_J
#
# <colnr> <probs for GDERKNQSTAVLIFYWHMCP>
#	G	D	E	R	K	N	Q	S	T	A	V	L	I	F	Y	W	H	M	C	P
0	0.01001	0.03526	0.04238	0.10766	0.03922	0.03269	0.03090	0.04039	0.05217	0.09957	0.04451	0.13849	0.01463	0.01240	0.15640	0.00258	0.00594	0.05872	0.00340	0.07268
1	0.01217	0.04363	0.03172	0.11276	0.07871	0.02603	0.04021	0.19119	0.10968	0.09113	0.04579	0.05726	0.05180	0.00783	0.04492	0.00177	0.00510	0.03826	0.00376	0.00628
2	0.02179	0.07927	0.14954	0.05509	0.16196	0.02865	0.09548	0.11732	0.01160	0.05427	0.02622	0.05834	0.03322	0.00665	0.03817	0.00166	0.01879	0.00475	0.03100	0.00626
3	0.01216	0.01130	0.00944	0.00850	0.01057	0.23907	0.00644	0.06340	0.16806	0.07905	0.10040	0.04930	0.14288	0.04908	0.00604	0.02447	0.00472	0.00581	0.00388	0.00545
4	0.10276	0.03833	0.04817	0.13196	0.11520	0.01071	0.10469	0.13458	0.04610	0.10237	0.01019	0.01163	0.00758	0.00473	0.00460	0.00138	0.02696	0.00401	0.02542	0.06861
5	0.01110	0.01048	0.07495	0.08691	0.34941	0.00938	0.05717	0.03479	0.03646	0.08372	0.01302	0.01582	0.06235	0.01715	0.00489	0.00143	0.00507	0.03520	0.00293	0.08776
6	0.00952	0.00816	0.00952	0.00680	0.01088	0.00612	0.00544	0.01156	0.00952	0.01496	0.00816	0.00952	0.00680	0.00340	0.00340	0.00068	0.00340	0.00272	0.00272	0.86672
7	0.19510	0.01241	0.01183	0.07763	0.04011	0.13916	0.00813	0.31188	0.04437	0.04586	0.00944	0.01023	0.00703	0.00489	0.00408	0.00133	0.00515	0.00356	0.00350	0.06433
8	0.00825	0.00653	0.00749	0.08785	0.03415	0.06665	0.00539	0.00927	0.03145	0.03002	0.02733	0.08116	0.09473	0.28953	0.07985	0.10955	0.00508	0.00624	0.01565	0.00382
9	0.00637	0.00447	0.00560	0.00594	0.00667	0.00423	0.00416	0.00724	0.02181	0.02473	0.06563	0.34484	0.22450	0.07143	0.08118	0.10048	0.00372	0.00950	0.00381	0.00369
10	0.00970	0.00880	0.04842	0.00855	0.01096	0.00876	0.04213	0.03098	0.41766	0.03583	0.13454	0.04710	0.13526	0.03366	0.00553	0.00163	0.00360	0.00647	0.00438	0.00605
11	0.00895	0.00845	0.01428	0.74394	0.11310	0.01027	0.01289	0.01198	0.00931	0.01207	0.00821	0.01215	0.00624	0.00454	0.00459	0.00151	0.00605	0.00408	0.00206	0.00533
12	0.00846	0.00795	0.00959	0.00886	0.01013	0.12316	0.05919	0.01008	0.00843	0.01099	0.01165	0.01640	0.02296	0.02672	0.59871	0.02501	0.03018	0.00471	0.00244	0.00439
13	0.00797	0.00399	0.00598	0.00598	0.00598	0.00399	0.00399	0.00598	0.00598	0.00797	0.00797	0.01396	0.00797	0.01595	0.01794	0.86643	0.00399	0.00399	0.00199	0.00199
14	0.00821	0.00678	0.00791	0.00625	0.00910	0.00536	0.00477	0.00988	0.00962	0.01416	0.08759	0.07581	0.10655	0.08659	0.00593	0.00130	0.00321	0.00515	0.00323	0.54259
15	0.04736	0.00733	0.00913	0.00790	0.01007	0.00734	0.05845	0.10648	0.11693	0.03728	0.12927	0.14117	0.16708	0.00964	0.04057	0.00175	0.00387	0.02216	0.00411	0.07213
16	0.05317	0.00508	0.00575	0.00600	0.00714	0.00483	0.00432	0.00876	0.05868	0.04825	0.03014	0.36334	0.29311	0.06292	0.00651	0.00186	0.00286	0.02890	0.00418	0.00420
17	0.00905	0.00571	0.00701	0.00685	0.00810	0.00558	0.00499	0.08443	0.04549	0.11101	0.09321	0.41851	0.06416	0.07028	0.00666	0.00186	0.00315	0.01971	0.02948	0.00478
18	0.03553	0.00548	0.00649	0.00625	0.00769	0.00508	0.00454	0.02278	0.03976	0.10435	0.05607	0.32748	0.14391	0.08274	0.00664	0.00180	0.00302	0.00866	0.05623	0.07550
19	0.02516	0.00627	0.00742	0.00681	0.00850	0.00618	0.00514	0.07965	0.08878	0.14336	0.17445	0.20835	0.10748	0.04862	0.00591	0.00167	0.00310	0.00784	0.06009	0.00522
20	0.08734	0.00533	0.00606	0.00613	0.00724	0.00525	0.00442	0.06060	0.01058	0.01504	0.18881	0.35132	0.15888	0.06395	0.00644	0.00181	0.00286	0.00950	0.00422	0.00421
21	0.00901	0.00630	0.00756	0.04109	0.02469	0.04656	0.01597	0.01065	0.03652	0.12212	0.10363	0.26956	0.15646	0.06479	0.00688	0.02698	0.00352	0.03894	0.00413	0.00464
22	0.06981	0.00584	0.00755	0.00766	0.02930	0.02825	0.00562	0.00918	0.00770	0.03203	0.01207	0.01838	0.01144	0.13794	0.58937	0.00607	0.01010	0.00490	0.00261	0.00420
23	0.69282	0.00840	0.00700	0.00626	0.00895	0.00948	0.00508	0.01388	0.04237	0.06964	0.03594	0.03524	0.03960	0.00519	0.00331	0.00145	0.00346	0.00352	0.00327	0.00515
24	0.04368	0.00811	0.00932	0.00684	0.01069	0.00636	0.00544	0.02867	0.00969	0.01535	0.00889	0.04476	0.00776	0.00395	0.00351	0.00078	0.00341	0.00318	0.00283	0.77677
25	0.07865	0.01150	0.02576	0.03835	0.05162	0.04982	0.00842	0.43234	0.04678	0.12114	0.01235	0.02969	0.00953	0.02219	0.00492	0.00149	0.00489	0.03935	0.00420	0.00699
26	0.03905	0.00884	0.02708	0.00950	0.01196	0.00895	0.10368	0.20793	0.10780	0.05813	0.01801	0.19045	0.07940	0.03280	0.07268	0.00212	0.00499	0.00685	0.00395	0.00580
27	0.01084	0.00692	0.00819	0.00726	0.00929	0.00684	0.00568	0.13801	0.08322	0.15462	0.19367	0.13684	0.16867	0.00908	0.00518	0.00154	0.00324	0.04055	0.00476	0.00558
28	0.00917	0.00721	0.00960	0.08350	0.13185	0.02160	0.00723	0.05683	0.02376	0.05904	0.02090	0.12958	0.17971	0.03664	0.05530	0.02552	0.00450	0.05855	0.00349	0.07603
29	0.01418	0.07228	0.01302	0.04695	0.09606	0.16970	0.00847	0.17029	0.09065	0.12480	0.01217	0.03893	0.00987	0.03035	0.06321	0.00188	0.00588	0.02142	0.00355	0.00635
30	0.00893	0.00531	0.00652	0.00620	0.00768	0.00483	0.00459	0.01074	0.04460	0.16814	0.17319	0.23575	0.23509	0.05909	0.00640	0.00176	0.00287	0.00894	0.00461	0.00476
31	0.00694	0.00438	0.00595	0.00595	0.00650	0.00435	0.00420	0.00689	0.00802	0.01073	0.11847	0.05583	0.14602	0.06880	0.15950	0.37026	0.00496	0.00617	0.00298	0.00310
32	0.01233	0.03481	0.05312	0.09151	0.03855	0.18352	0.21150	0.05695	0.07988	0.04409	0.03330	0.01237	0.00860	0.00636	0.04118	0.00172	0.07708	0.00439	0.00279	0.00594
33	0.01710	0.01772	0.03249	0.01123	0.01420	0.45000	0.00894	0.30681	0.01601	0.05400	0.00906	0.00970	0.00686	0.00511	0.00453	0.00129	0.02174	0.00350	0.00333	0.00639

[dist]
# distance from previous block
# <min> <max>
0	10

[block]
# block no. 10 follows, 56 sequences, length 9
# corresponding to MSA columns:
# 637-645
name=unknown_K
#
# <colnr> <probs for GDERKNQSTAVLIFYWHMCP>
#	G	D	E	R	K	N	Q	S	T	A	V	L	I	F	Y	W	H	M	C	P
0	0.16662	0.00835	0.01244	0.54807	0.07819	0.01011	0.01087	0.01190	0.00877	0.01336	0.00777	0.01130	0.00608	0.00521	0.00537	0.04509	0.03947	0.00378	0.00220	0.00506
1	0.01005	0.14757	0.05771	0.07747	0.05561	0.03579	0.17138	0.06231	0.01004	0.01327	0.01090	0.03360	0.02534	0.05413	0.17401	0.00280	0.03002	0.02004	0.00253	0.00543
2	0.01198	0.07249	0.24638	0.05415	0.15710	0.03089	0.04290	0.15684	0.01233	0.06874	0.04020	0.04801	0.00957	0.02244	0.00490	0.00147	0.00555	0.00444	0.00300	0.00661
3	0.00634	0.00503	0.00558	0.00556	0.00696	0.00454	0.00420	0.04848	0.01117	0.01407	0.14449	0.15001	0.51227	0.01143	0.00549	0.00160	0.00260	0.05164	0.00439	0.00414
4	0.00998	0.00571	0.00814	0.00788	0.04155	0.00530	0.03509	0.01100	0.01005	0.18589	0.09501	0.14721	0.13776	0.01185	0.05046	0.16008	0.00396	0.04621	0.02220	0.00467
5	0.01165	0.13209	0.11096	0.04940	0.05226	0.08340	0.18267	0.04554	0.12821	0.04641	0.01103	0.04998	0.00903	0.00624	0.03370	0.00164	0.03213	0.00459	0.00287	0.00620
6	0.00801	0.00591	0.00644	0.00639	0.00681	0.06652	0.00425	0.00838	0.04902	0.00975	0.01291	0.09572	0.01381	0.32805	0.08823	0.27292	0.00508	0.00591	0.00271	0.00317
7	0.00619	0.00455	0.00527	0.00546	0.00641	0.00416	0.00394	0.00743	0.01003	0.01324	0.17482	0.16557	0.31034	0.14097	0.00824	0.00205	0.00282	0.06745	0.05726	0.00382
8	0.01116	0.01177	0.06136	0.11177	0.23799	0.05204	0.23457	0.09716	0.01141	0.01537	0.00980	0.04160	0.00811	0.00695	0.06663	0.00191	0.00677	0.00476	0.00258	0.00628

[dist]
# distance from previous block
# <min> <max>
0	3

[block]
# block no. 11 follows, 56 sequences, length 29
# corresponding to MSA columns:
# 649-677
name=unknown_L
#
# <colnr> <probs for GDERKNQSTAVLIFYWHMCP>
#	G	D	E	R	K	N	Q	S	T	A	V	L	I	F	Y	W	H	M	C	P
0	0.00979	0.04797	0.22022	0.04436	0.06238	0.03408	0.07176	0.03747	0.06364	0.02480	0.01094	0.07976	0.00977	0.03235	0.11169	0.00239	0.12338	0.00489	0.00262	0.00575
1	0.08310	0.01960	0.01203	0.01097	0.01324	0.69700	0.00824	0.01716	0.01217	0.01187	0.00749	0.00931	0.00641	0.03202	0.03915	0.00157	0.00796	0.00312	0.00242	0.00516
2	0.13915	0.00569	0.00632	0.00628	0.00756	0.00576	0.00461	0.04438	0.03500	0.04239	0.16665	0.30867	0.08982	0.06037	0.00610	0.00177	0.00297	0.02153	0.04053	0.00445
3	0.00619	0.00464	0.00564	0.00551	0.00654	0.00430	0.00401	0.00771	0.01092	0.01470	0.40432	0.06425	0.25441	0.11322	0.07131	0.00232	0.00330	0.00841	0.00432	0.00397
4	0.04334	0.40466	0.29138	0.01121	0.01613	0.02909	0.11858	0.01422	0.00967	0.01298	0.00742	0.00886	0.00598	0.00409	0.00378	0.00124	0.00594	0.00319	0.00204	0.00619
5	0.00898	0.00715	0.00781	0.00699	0.00863	0.00745	0.00495	0.01440	0.32022	0.01388	0.01517	0.02183	0.01413	0.38347	0.01296	0.00274	0.00397	0.00549	0.00352	0.13627
6	0.02050	0.00569	0.00682	0.00646	0.00800	0.00557	0.00500	0.01189	0.11885	0.08658	0.33139	0.08159	0.13549	0.00912	0.00513	0.00152	0.00277	0.07457	0.07812	0.00493
7	0.01096	0.02119	0.03444	0.06321	0.14032	0.02071	0.02066	0.12168	0.05043	0.10161	0.24798	0.02203	0.09825	0.00737	0.01754	0.00152	0.00413	0.00597	0.00406	0.00594
8	0.72093	0.05620	0.00854	0.00671	0.00968	0.03020	0.00559	0.08860	0.00934	0.02063	0.00685	0.00781	0.00532	0.00437	0.00305	0.00139	0.00388	0.00265	0.00295	0.00530
9	0.00619	0.00424	0.00515	0.00564	0.00576	0.00412	0.00345	0.00655	0.00764	0.01018	0.01938	0.39556	0.02289	0.46468	0.01542	0.00328	0.00364	0.00957	0.00345	0.00321
10	0.03026	0.00448	0.00564	0.00566	0.00623	0.00433	0.00389	0.00705	0.00847	0.01154	0.16390	0.09068	0.13991	0.17322	0.02963	0.28463	0.00355	0.02046	0.00330	0.00316
11	0.01094	0.01220	0.07760	0.01788	0.33329	0.11225	0.06724	0.01447	0.08829	0.01429	0.03938	0.03766	0.03307	0.00760	0.06691	0.00189	0.05136	0.00473	0.00271	0.00624
12	0.01673	0.04089	0.01332	0.01174	0.01404	0.76705	0.00890	0.01792	0.01267	0.01122	0.00703	0.00833	0.00592	0.00485	0.00457	0.00121	0.04295	0.00299	0.00234	0.00532
13	0.00797	0.00399	0.00598	0.00598	0.00598	0.00399	0.00399	0.00598	0.00598	0.00797	0.00797	0.01396	0.00797	0.01595	0.01794	0.86643	0.00399	0.00399	0.00199	0.00199
14	0.00595	0.00458	0.00529	0.00528	0.00648	0.00404	0.00389	0.00748	0.01121	0.01476	0.33418	0.13379	0.39995	0.01092	0.00541	0.00153	0.00230	0.00940	0.02953	0.00404
15	0.00663	0.00438	0.00566	0.00567	0.00642	0.00409	0.00404	0.00698	0.00935	0.01239	0.23441	0.10785	0.22752	0.01358	0.03921	0.29403	0.00324	0.00755	0.00364	0.00336
16	0.02737	0.03817	0.14319	0.02967	0.26363	0.04428	0.04031	0.04583	0.12945	0.02862	0.08253	0.01651	0.07928	0.00566	0.00462	0.00142	0.00497	0.00491	0.00314	0.00643
17	0.00952	0.00816	0.00952	0.00680	0.01088	0.00612	0.00544	0.01156	0.00952	0.01496	0.00816	0.00952	0.00680	0.00340	0.00340	0.00068	0.00340	0.00272	0.00272	0.86672
18	0.00589	0.00442	0.00541	0.00584	0.00667	0.00403	0.00419	0.00710	0.01007	0.01316	0.17751	0.36418	0.25441	0.05580	0.00660	0.00185	0.00267	0.06201	0.00433	0.00387
19	0.03929	0.01340	0.01516	0.06105	0.18523	0.23808	0.11839	0.05289	0.13041	0.01477	0.01004	0.01189	0.00803	0.00682	0.05673	0.01815	0.00666	0.00412	0.00279	0.00610
20	0.01336	0.16760	0.09016	0.03214	0.04793	0.32625	0.21516	0.01576	0.01118	0.01251	0.00771	0.00955	0.00624	0.00436	0.00451	0.00130	0.02258	0.00364	0.00223	0.00585
