[name]
unknown

[dist]
# distance from previous block
# <min> <max>
8	47

[block]
# block no. 0 follows, 66 sequences, length 32
# corresponding to MSA columns:
# 52-83
name=unknown_A
#
# <colnr> <probs for GDERKNQSTAVLIFYWHMCP>
#	G	D	E	R	K	N	Q	S	T	A	V	L	I	F	Y	W	H	M	C	P
0	0.02255	0.13443	0.27167	0.03011	0.03380	0.07112	0.06353	0.10119	0.11809	0.07434	0.00942	0.02645	0.00719	0.00442	0.00392	0.00123	0.01451	0.00352	0.00264	0.00586
1	0.01140	0.74828	0.01970	0.00703	0.01042	0.01494	0.00684	0.01324	0.04939	0.07666	0.00702	0.00753	0.00596	0.00370	0.00280	0.00092	0.00421	0.00244	0.00212	0.00540
2	0.04552	0.00425	0.00526	0.00525	0.00563	0.00457	0.00352	0.00666	0.00621	0.00895	0.01195	0.03772	0.01284	0.50139	0.31854	0.00471	0.00639	0.00528	0.00238	0.00299
3	0.00908	0.05258	0.01315	0.26244	0.13200	0.04405	0.07893	0.01812	0.00853	0.04359	0.03507	0.01292	0.05952	0.02611	0.00632	0.00143	0.17256	0.00409	0.01466	0.00486
4	0.00930	0.03436	0.05264	0.22509	0.48371	0.00986	0.05219	0.01181	0.00874	0.01220	0.00734	0.01004	0.00600	0.00393	0.00457	0.00128	0.05569	0.00360	0.00192	0.00573
5	0.00722	0.00662	0.01166	0.00961	0.01129	0.00712	0.22784	0.00944	0.03065	0.01089	0.01122	0.01494	0.04408	0.01874	0.45821	0.00418	0.07734	0.00457	0.03010	0.00427
6	0.00880	0.00775	0.01207	0.50640	0.02088	0.00996	0.01009	0.01081	0.00771	0.06687	0.00718	0.01037	0.00570	0.00515	0.00719	0.00149	0.29130	0.00362	0.00201	0.00465
7	0.09344	0.09130	0.02079	0.05851	0.21097	0.02939	0.06381	0.03323	0.03966	0.06195	0.03547	0.05134	0.05377	0.00530	0.00532	0.00132	0.13244	0.00420	0.00255	0.00525
8	0.00883	0.00837	0.01379	0.33572	0.39191	0.00942	0.01114	0.01136	0.02467	0.01202	0.04448	0.01124	0.00748	0.00437	0.00498	0.00132	0.08765	0.00379	0.00206	0.00538
9	0.00621	0.00446	0.00585	0.00594	0.00685	0.00421	0.02769	0.00803	0.06534	0.05323	0.15833	0.47958	0.13774	0.01048	0.00492	0.00150	0.00248	0.00937	0.00392	0.00386
10	0.01375	0.01586	0.01161	0.01014	0.01245	0.55070	0.04799	0.09457	0.15392	0.01301	0.03169	0.00974	0.00761	0.00456	0.00387	0.00114	0.00615	0.00330	0.00270	0.00523
11	0.00939	0.00845	0.01322	0.35841	0.31266	0.02173	0.01065	0.06676	0.00929	0.03447	0.01976	0.03095	0.00715	0.02124	0.00498	0.00137	0.05806	0.00389	0.00222	0.00535
12	0.00941	0.00885	0.02528	0.30284	0.36998	0.00950	0.05366	0.05399	0.01715	0.02846	0.00844	0.01113	0.02147	0.01493	0.00476	0.00133	0.04733	0.00380	0.00215	0.00554
13	0.04907	0.00384	0.00475	0.00545	0.00595	0.00363	0.00373	0.00608	0.00807	0.01112	0.06487	0.68551	0.10957	0.01178	0.00498	0.00158	0.00234	0.01054	0.00374	0.00339
14	0.00987	0.00843	0.03732	0.03046	0.08963	0.02141	0.20807	0.02041	0.00920	0.13635	0.06163	0.09994	0.03467	0.00609	0.00607	0.00142	0.15670	0.02652	0.03074	0.00511
15	0.01020	0.01007	0.01463	0.14725	0.43699	0.08005	0.03881	0.04996	0.04612	0.01284	0.00769	0.01004	0.00632	0.00429	0.00515	0.00130	0.10681	0.00361	0.00215	0.00573
16	0.00524	0.00380	0.00492	0.00574	0.00610	0.00361	0.00388	0.02100	0.02497	0.01079	0.02244	0.80288	0.04473	0.01236	0.00513	0.00163	0.00240	0.01118	0.00378	0.00343
17	0.00802	0.00768	0.01248	0.76558	0.08843	0.02877	0.01128	0.01066	0.00828	0.01057	0.00722	0.01068	0.00548	0.00403	0.00404	0.00133	0.00541	0.00358	0.00183	0.00466
18	0.03941	0.00874	0.01348	0.22193	0.22214	0.01071	0.03305	0.03194	0.00790	0.01159	0.00658	0.00965	0.00566	0.00519	0.00782	0.00148	0.35217	0.00357	0.00193	0.00505
19	0.01007	0.07160	0.10575	0.22449	0.01631	0.06820	0.05607	0.09846	0.06579	0.06558	0.00948	0.01135	0.02208	0.00742	0.09675	0.00187	0.05731	0.00370	0.00251	0.00522
20	0.00548	0.00360	0.00452	0.00523	0.00558	0.00342	0.00352	0.00637	0.00779	0.01109	0.02010	0.64989	0.02307	0.06176	0.00567	0.00165	0.00236	0.00976	0.16578	0.00334
21	0.10893	0.05656	0.02651	0.04058	0.29012	0.18376	0.10632	0.05496	0.00969	0.01318	0.00701	0.00891	0.00575	0.00406	0.00447	0.00123	0.06703	0.00330	0.00215	0.00548
22	0.01730	0.00391	0.00461	0.00496	0.00578	0.00351	0.00352	0.00613	0.00892	0.01165	0.15906	0.39535	0.33887	0.01094	0.00493	0.00148	0.00218	0.00958	0.00386	0.00345
23	0.00748	0.00691	0.01069	0.06644	0.01172	0.00728	0.16889	0.01102	0.14466	0.01346	0.21606	0.08325	0.13564	0.00706	0.00551	0.00141	0.08837	0.00622	0.00332	0.00460
24	0.01054	0.00972	0.01069	0.06671	0.01259	0.08953	0.06729	0.09409	0.49578	0.01616	0.04936	0.01458	0.03408	0.00532	0.00417	0.00132	0.00406	0.00449	0.00362	0.00590
25	0.05317	0.00874	0.01398	0.26186	0.44758	0.00960	0.01107	0.02382	0.03266	0.01271	0.00753	0.01013	0.00613	0.00406	0.00459	0.00128	0.06372	0.00354	0.00206	0.02178
26	0.01076	0.57949	0.01771	0.00833	0.05954	0.11844	0.00708	0.01208	0.00873	0.01009	0.00834	0.00922	0.06208	0.00412	0.00330	0.00096	0.02918	0.00280	0.00197	0.04578
27	0.00998	0.00850	0.00906	0.00800	0.01035	0.00957	0.00624	0.05030	0.70039	0.01701	0.05337	0.01517	0.01294	0.00544	0.00408	0.00131	0.00318	0.00453	0.00402	0.06655
28	0.01029	0.00955	0.04155	0.11059	0.66438	0.00931	0.01196	0.01275	0.00926	0.06945	0.00815	0.01034	0.00653	0.00377	0.00402	0.00123	0.00483	0.00363	0.00218	0.00624
29	0.05236	0.04865	0.05107	0.09494	0.28623	0.27906	0.04015	0.06180	0.01023	0.01262	0.00707	0.00885	0.00574	0.00398	0.00397	0.00118	0.02130	0.00318	0.00213	0.00548
30	0.00685	0.00476	0.00715	0.00739	0.04570	0.00533	0.00544	0.00833	0.00699	0.06635	0.01110	0.01567	0.01003	0.03921	0.73321	0.00587	0.00998	0.00432	0.00237	0.00396
31	0.08050	0.03437	0.03636	0.10907	0.24886	0.03696	0.04265	0.28291	0.02963	0.03808	0.01733	0.00999	0.00675	0.00424	0.00391	0.00123	0.00472	0.00355	0.00285	0.00605

[dist]
# distance from previous block
# <min> <max>
1	17

[block]
# block no. 1 follows, 66 sequences, length 9
# corresponding to MSA columns:
# 105-113
name=unknown_B
#
# <colnr> <probs for GDERKNQSTAVLIFYWHMCP>
#	G	D	E	R	K	N	Q	S	T	A	V	L	I	F	Y	W	H	M	C	P
0	0.03703	0.02732	0.02627	0.05600	0.10458	0.02440	0.00775	0.37082	0.05310	0.03762	0.02487	0.02542	0.03008	0.00698	0.07193	0.00165	0.02956	0.00390	0.00324	0.05750
1	0.07054	0.01015	0.09301	0.04939	0.35605	0.00927	0.07366	0.09748	0.05687	0.06048	0.07517	0.01187	0.00927	0.00435	0.00404	0.00125	0.00456	0.00394	0.00271	0.00596
2	0.00538	0.00428	0.00473	0.00459	0.00578	0.00370	0.00330	0.00640	0.00883	0.01130	0.13113	0.11652	0.46600	0.13124	0.00696	0.00169	0.00241	0.00783	0.00356	0.07438
3	0.11180	0.09561	0.01127	0.00831	0.01109	0.05408	0.00680	0.31802	0.30633	0.01923	0.01113	0.01088	0.00833	0.00480	0.00374	0.00123	0.00400	0.00362	0.00357	0.00616
4	0.01295	0.00902	0.03677	0.00987	0.09347	0.02008	0.02672	0.23716	0.05478	0.23008	0.03378	0.05622	0.02800	0.00527	0.00445	0.00123	0.03982	0.00429	0.00369	0.09235
5	0.01016	0.15118	0.43458	0.01072	0.04358	0.04842	0.03984	0.05118	0.09666	0.06347	0.00865	0.00939	0.00639	0.00408	0.00374	0.00121	0.00526	0.00320	0.00232	0.00595
6	0.01089	0.41476	0.13417	0.00916	0.01276	0.05180	0.10528	0.08035	0.03585	0.04682	0.00769	0.00903	0.00628	0.02462	0.03328	0.00133	0.00517	0.00307	0.00223	0.00546
7	0.00573	0.00422	0.00607	0.00610	0.00676	0.00468	0.00460	0.00707	0.00723	0.01028	0.11962	0.08646	0.01554	0.08932	0.60101	0.00524	0.00847	0.00544	0.00263	0.00353
8	0.03696	0.29775	0.12461	0.01011	0.03566	0.10892	0.12976	0.09870	0.01025	0.05256	0.03194	0.03020	0.00728	0.00421	0.00361	0.00113	0.00511	0.00340	0.00239	0.00547

[dist]
# distance from previous block
# <min> <max>
1	2

[block]
# block no. 2 follows, 66 sequences, length 29
# corresponding to MSA columns:
# 116-144
name=unknown_C
#
# <colnr> <probs for GDERKNQSTAVLIFYWHMCP>
#	G	D	E	R	K	N	Q	S	T	A	V	L	I	F	Y	W	H	M	C	P
0	0.01316	0.38979	0.01579	0.00881	0.01156	0.42259	0.00741	0.05074	0.02698	0.01061	0.00636	0.00723	0.00544	0.00393	0.00322	0.00098	0.00579	0.00250	0.00206	0.00506
1	0.02925	0.05212	0.03523	0.11678	0.33540	0.07549	0.04385	0.04372	0.07227	0.08915	0.00899	0.01058	0.00700	0.00502	0.03520	0.00141	0.00506	0.00358	0.00252	0.02738
2	0.00799	0.02893	0.05745	0.23445	0.17444	0.06227	0.00850	0.00986	0.00859	0.03028	0.02422	0.30859	0.01371	0.00709	0.00438	0.00139	0.00425	0.00633	0.00266	0.00462
3	0.00630	0.00473	0.00630	0.00604	0.00672	0.01569	0.02214	0.01764	0.00723	0.02081	0.07211	0.04794	0.05753	0.27712	0.39061	0.00450	0.02510	0.00545	0.00261	0.00342
4	0.59883	0.00697	0.00639	0.00572	0.00793	0.00773	0.00460	0.01199	0.00754	0.13243	0.00872	0.06580	0.00728	0.00711	0.07185	0.03463	0.00377	0.00332	0.00290	0.00451
5	0.02521	0.10040	0.05936	0.01726	0.06242	0.04329	0.04867	0.02391	0.10206	0.07023	0.09424	0.23953	0.05570	0.03348	0.00480	0.00142	0.00364	0.00634	0.00326	0.00477
6	0.00537	0.00388	0.00486	0.00523	0.00595	0.00353	0.00370	0.00644	0.00893	0.02899	0.19396	0.45742	0.21455	0.01148	0.02460	0.00161	0.00242	0.00965	0.00390	0.00352
7	0.04099	0.00513	0.02625	0.00603	0.00709	0.01319	0.00467	0.04206	0.00906	0.04311	0.15264	0.27914	0.09730	0.05384	0.08986	0.02259	0.00367	0.09599	0.00355	0.00381
8	0.00501	0.00357	0.00467	0.00552	0.00577	0.00334	0.00366	0.00567	0.00768	0.01020	0.02221	0.77538	0.04788	0.07096	0.00624	0.00180	0.00245	0.01106	0.00368	0.00324
9	0.00563	0.00440	0.02417	0.00603	0.00651	0.00416	0.00434	0.00681	0.04142	0.01036	0.01923	0.58295	0.02226	0.08752	0.05159	0.04005	0.02192	0.05383	0.00340	0.00341
10	0.00915	0.00826	0.03240	0.02832	0.01055	0.06052	0.05401	0.06047	0.11268	0.06326	0.01341	0.27851	0.01348	0.00786	0.00685	0.00153	0.22467	0.00625	0.00308	0.00475
11	0.01455	0.00625	0.00815	0.00655	0.00913	0.00549	0.00530	0.03998	0.01127	0.58554	0.07343	0.05018	0.14116	0.00634	0.00426	0.00128	0.00310	0.00526	0.01681	0.00598
12	0.00814	0.02099	0.83640	0.01156	0.01756	0.00942	0.01499	0.01285	0.00857	0.01285	0.00728	0.00857	0.00514	0.00385	0.00385	0.00128	0.00600	0.00300	0.00171	0.00600
13	0.00775	0.00731	0.01234	0.81550	0.05938	0.00904	0.01131	0.01045	0.00816	0.01048	0.00723	0.01079	0.00545	0.00404	0.00405	0.00135	0.00539	0.00361	0.00181	0.00458
14	0.01176	0.70054	0.01915	0.00720	0.01051	0.06054	0.00688	0.02987	0.00893	0.08567	0.00681	0.00747	0.00578	0.00421	0.01918	0.00103	0.00455	0.00244	0.00211	0.00534
15	0.00652	0.00469	0.00584	0.00603	0.00658	0.01417	0.00431	0.06581	0.00824	0.01095	0.03498	0.38431	0.05649	0.13253	0.04436	0.10578	0.03402	0.06778	0.00322	0.00338
16	0.01069	0.00548	0.00705	0.00638	0.00806	0.00510	0.00492	0.07428	0.01054	0.30381	0.10108	0.30534	0.05438	0.00847	0.00458	0.00141	0.00289	0.04355	0.03705	0.00495
17	0.00614	0.00547	0.04117	0.00683	0.00756	0.00576	0.00544	0.00739	0.00699	0.00992	0.03905	0.15803	0.04758	0.09023	0.42367	0.00424	0.12254	0.00579	0.00253	0.00368
18	0.07160	0.00699	0.00851	0.00684	0.00939	0.00672	0.00555	0.14231	0.02751	0.42721	0.17434	0.01712	0.05263	0.00580	0.00413	0.00126	0.00320	0.00474	0.01825	0.00592
19	0.00817	0.04367	0.37842	0.03132	0.01353	0.00809	0.05418	0.08326	0.00938	0.02371	0.01236	0.23439	0.01218	0.00673	0.00447	0.00141	0.01645	0.05050	0.00265	0.00513
20	0.00910	0.02603	0.49907	0.04476	0.01504	0.03317	0.01150	0.05322	0.10202	0.04961	0.03022	0.03181	0.03120	0.00483	0.00399	0.00130	0.00506	0.02148	0.02086	0.00574
21	0.00651	0.00486	0.00562	0.00570	0.00684	0.00476	0.00418	0.00935	0.15316	0.04943	0.06427	0.32219	0.28005	0.02615	0.01823	0.00160	0.00263	0.02653	0.00387	0.00408
22	0.00972	0.00889	0.01467	0.22490	0.55042	0.00940	0.01153	0.01282	0.06729	0.03863	0.00843	0.01071	0.00672	0.00390	0.00404	0.00125	0.00481	0.00370	0.00220	0.00597
23	0.01033	0.00774	0.03781	0.00731	0.00913	0.06433	0.00577	0.18482	0.04504	0.14251	0.01718	0.35840	0.04984	0.00904	0.02957	0.00156	0.00373	0.00712	0.00380	0.00498
24	0.04206	0.00710	0.04481	0.22139	0.06305	0.02521	0.04885	0.02872	0.05808	0.01188	0.01591	0.25171	0.08738	0.03703	0.00504	0.00152	0.00399	0.03903	0.00288	0.00437
25	0.07010	0.00660	0.00891	0.00782	0.00962	0.00673	0.06364	0.11091	0.01025	0.19771	0.01630	0.25615	0.02903	0.00812	0.00517	0.00150	0.05870	0.12408	0.00374	0.00492
26	0.00924	0.13569	0.28695	0.27315	0.05838	0.00998	0.04137	0.02747	0.00885	0.06590	0.00869	0.01042	0.03038	0.00415	0.00392	0.00125	0.01331	0.00342	0.00210	0.00540
27	0.01766	0.00821	0.06946	0.00902	0.02657	0.04199	0.17115	0.08002	0.03581	0.01366	0.13512	0.14055	0.18170	0.00828	0.04067	0.00158	0.00425	0.00650	0.00322	0.00459
28	0.08121	0.08253	0.01205	0.28782	0.04244	0.16210	0.00864	0.08660	0.07859	0.01281	0.00777	0.00971	0.00617	0.00523	0.02955	0.00142	0.07474	0.00329	0.00233	0.00500

[dist]
# distance from previous block
# <min> <max>
2	20

[block]
# block no. 3 follows, 66 sequences, length 19
# corresponding to MSA columns:
# 165-183
name=unknown_D
#
# <colnr> <probs for GDERKNQSTAVLIFYWHMCP>
#	G	D	E	R	K	N	Q	S	T	A	V	L	I	F	Y	W	H	M	C	P
0	0.03038	0.00990	0.09192	0.21024	0.29997	0.03556	0.05903	0.02442	0.05098	0.04795	0.00929	0.07124	0.00787	0.00468	0.00437	0.00131	0.02882	0.00420	0.00234	0.00552
1	0.01070	0.03555	0.01581	0.07525	0.51334	0.08976	0.08739	0.01359	0.05991	0.04719	0.00837	0.01028	0.00670	0.00385	0.00403	0.00122	0.00512	0.00367	0.00226	0.00603
2	0.00602	0.00492	0.00602	0.05664	0.00769	0.03939	0.00458	0.00710	0.00849	0.01133	0.19070	0.41656	0.05213	0.08740	0.03509	0.00189	0.04856	0.00851	0.00345	0.00354
3	0.00556	0.00422	0.00518	0.00555	0.00645	0.00394	0.00424	0.00710	0.03145	0.01203	0.16054	0.24504	0.26649	0.03462	0.00551	0.00161	0.00258	0.19046	0.00385	0.00358
4	0.05522	0.00693	0.00857	0.11704	0.05069	0.03338	0.02300	0.07531	0.09114	0.10796	0.17605	0.07834	0.13577	0.00676	0.00433	0.00133	0.00343	0.01626	0.00361	0.00489
5	0.03637	0.00974	0.01008	0.00849	0.01112	0.03436	0.00677	0.28989	0.46434	0.04809	0.01405	0.01323	0.02441	0.00527	0.00406	0.00131	0.00374	0.00420	0.00403	0.00644
6	0.00864	0.00821	0.01393	0.51028	0.35770	0.00927	0.01175	0.01122	0.00857	0.01155	0.00738	0.01050	0.00583	0.00388	0.00404	0.00129	0.00517	0.00361	0.00189	0.00529
7	0.00517	0.00376	0.00491	0.00566	0.00609	0.00357	0.00397	0.00602	0.00789	0.01041	0.02298	0.61593	0.10261	0.05103	0.05607	0.00204	0.00303	0.08193	0.00361	0.00333
8	0.01043	0.00933	0.01554	0.10033	0.63797	0.00951	0.03463	0.04021	0.03276	0.05759	0.00838	0.01048	0.00670	0.00382	0.00405	0.00123	0.00480	0.00370	0.00228	0.00626
9	0.00904	0.00852	0.01427	0.26061	0.52370	0.00905	0.01137	0.01167	0.02785	0.01255	0.04250	0.03451	0.00816	0.00423	0.00409	0.00127	0.00476	0.00401	0.00215	0.00568
10	0.01614	0.00769	0.00960	0.00749	0.01043	0.00734	0.00614	0.19889	0.03388	0.55236	0.06682	0.01481	0.03846	0.00538	0.00414	0.00126	0.00353	0.00435	0.00470	0.00658
11	0.00799	0.00530	0.00714	0.05693	0.05058	0.01671	0.01831	0.03492	0.00918	0.10832	0.11768	0.30158	0.04804	0.02679	0.04724	0.02026	0.01495	0.01503	0.08883	0.00422
12	0.02125	0.04388	0.05083	0.04494	0.31110	0.05667	0.14237	0.07187	0.08930	0.01369	0.01108	0.01303	0.06430	0.04222	0.00485	0.00137	0.00491	0.00419	0.00249	0.00566
13	0.00935	0.00893	0.03277	0.03269	0.01062	0.07850	0.00696	0.05950	0.32513	0.01354	0.01244	0.04958	0.02200	0.01080	0.16983	0.00242	0.14228	0.00444	0.00303	0.00519
14	0.06825	0.00737	0.00815	0.00675	0.00908	0.02775	0.00541	0.19308	0.05716	0.26860	0.05963	0.05008	0.05795	0.00566	0.00388	0.00122	0.00326	0.00455	0.15657	0.00560
15	0.04466	0.09404	0.19782	0.05361	0.13748	0.03869	0.08581	0.03439	0.04272	0.11297	0.02545	0.04348	0.00835	0.00474	0.00430	0.00128	0.03540	0.02657	0.00259	0.00564
16	0.02829	0.02656	0.03573	0.18171	0.22795	0.08535	0.16040	0.05823	0.00970	0.03617	0.02845	0.02576	0.02558	0.00443	0.00460	0.00129	0.04808	0.00402	0.00230	0.00539
17	0.00581	0.00377	0.00499	0.00568	0.00612	0.00349	0.00385	0.00656	0.00799	0.06264	0.02206	0.76089	0.04177	0.03654	0.00555	0.00168	0.00246	0.01084	0.00381	0.00350
18	0.00605	0.00571	0.06401	0.00657	0.03351	0.00474	0.00500	0.02266	0.06981	0.01279	0.20176	0.37822	0.15411	0.00976	0.00480	0.00145	0.00264	0.00862	0.00375	0.00402

[dist]
# distance from previous block
# <min> <max>
6	25

[block]
# block no. 4 follows, 66 sequences, length 26
# corresponding to MSA columns:
# 217-242
name=unknown_E
#
# <colnr> <probs for GDERKNQSTAVLIFYWHMCP>
#	G	D	E	R	K	N	Q	S	T	A	V	L	I	F	Y	W	H	M	C	P
0	0.04378	0.17326	0.09429	0.00833	0.05512	0.02434	0.03542	0.07047	0.02935	0.02780	0.02059	0.03352	0.00749	0.00781	0.02128	0.27747	0.00427	0.00346	0.00225	0.05970
1	0.00780	0.04818	0.06185	0.02590	0.02912	0.01827	0.04821	0.04218	0.08044	0.04848	0.08198	0.11846	0.15167	0.08350	0.09158	0.00212	0.02392	0.02874	0.00317	0.00444
2	0.00911	0.00848	0.03664	0.04406	0.18847	0.03448	0.00748	0.07436	0.25263	0.01499	0.10258	0.04537	0.11784	0.00595	0.00422	0.00128	0.00364	0.00510	0.00334	0.03999
3	0.00779	0.00775	0.03855	0.44526	0.17132	0.00820	0.07341	0.01022	0.00855	0.01136	0.03695	0.09012	0.04896	0.01899	0.00453	0.00139	0.00485	0.00480	0.00223	0.00477
4	0.00842	0.00489	0.00613	0.00592	0.00722	0.00454	0.00438	0.03261	0.04943	0.19034	0.10233	0.39881	0.14948	0.00966	0.00476	0.00146	0.00260	0.00848	0.00413	0.00440
5	0.00908	0.05066	0.55084	0.01266	0.01792	0.00975	0.22770	0.01317	0.00896	0.04993	0.00786	0.00935	0.00563	0.00378	0.00406	0.00129	0.00604	0.00349	0.00195	0.00587
6	0.00577	0.00430	0.00555	0.00566	0.00649	0.00436	0.00417	0.00742	0.04600	0.02255	0.12651	0.22454	0.17234	0.05740	0.28415	0.00326	0.00521	0.00734	0.00330	0.00365
7	0.00603	0.00409	0.00561	0.00593	0.00653	0.00403	0.01526	0.00702	0.00777	0.05003	0.04499	0.45411	0.04474	0.09780	0.18052	0.00284	0.00442	0.03957	0.01518	0.00353
8	0.00663	0.00490	0.00552	0.00516	0.00663	0.00458	0.00393	0.00933	0.11668	0.06493	0.28601	0.03158	0.42153	0.00870	0.00466	0.00133	0.00225	0.00737	0.00411	0.00416
9	0.00573	0.00425	0.00612	0.00615	0.00681	0.00479	0.00465	0.00700	0.00671	0.00950	0.03083	0.05605	0.03856	0.11490	0.67204	0.00575	0.00927	0.00504	0.00238	0.00348
10	0.02197	0.04602	0.11128	0.05103	0.02517	0.05688	0.03574	0.12897	0.16465	0.22372	0.03484	0.01211	0.00911	0.00538	0.02111	0.00138	0.03723	0.00387	0.00348	0.00605
11	0.01328	0.00965	0.07599	0.02777	0.32507	0.03582	0.03048	0.05168	0.01058	0.33407	0.01139	0.03788	0.00834	0.00455	0.00408	0.00125	0.00443	0.00400	0.00331	0.00639
12	0.00505	0.00364	0.00477	0.00552	0.00587	0.00343	0.00373	0.00582	0.00787	0.01048	0.05430	0.70049	0.07384	0.04927	0.04361	0.00193	0.00277	0.01063	0.00367	0.00330
13	0.00837	0.00510	0.00593	0.00547	0.00698	0.01814	0.00416	0.02333	0.04056	0.17268	0.20458	0.14116	0.26840	0.00839	0.00451	0.00133	0.00249	0.00716	0.06688	0.00439
14	0.00993	0.04926	0.11579	0.07842	0.06221	0.07218	0.20495	0.04349	0.03750	0.06961	0.03830	0.02220	0.06355	0.01451	0.00521	0.00135	0.07965	0.01531	0.01132	0.00525
15	0.40398	0.00669	0.00671	0.00581	0.00803	0.00702	0.00467	0.02541	0.04112	0.19178	0.20748	0.01560	0.04975	0.00549	0.00358	0.00127	0.00289	0.00422	0.00366	0.00487
16	0.01055	0.01288	0.25885	0.04921	0.03860	0.02500	0.14698	0.16204	0.06432	0.07395	0.01934	0.04283	0.00795	0.01749	0.01742	0.00144	0.03849	0.00410	0.00275	0.00581
17	0.03445	0.00507	0.00662	0.00662	0.00733	0.03529	0.03032	0.00730	0.00731	0.01016	0.01556	0.32553	0.04318	0.06538	0.34059	0.00368	0.04213	0.00707	0.00282	0.00359
18	0.01043	0.05560	0.04116	0.00744	0.00937	0.03203	0.00604	0.23355	0.01138	0.11641	0.01482	0.28920	0.02773	0.03484	0.06696	0.00183	0.02629	0.00635	0.00355	0.00502
19	0.00723	0.00528	0.00593	0.00573	0.00693	0.02411	0.00427	0.08550	0.02655	0.05458	0.13811	0.21676	0.24556	0.09637	0.00641	0.00169	0.00285	0.05838	0.00379	0.00397
20	0.01034	0.03744	0.06324	0.00792	0.00980	0.16931	0.00651	0.09172	0.08418	0.07496	0.05908	0.04613	0.02303	0.11719	0.11728	0.00231	0.04349	0.02836	0.00297	0.00476
21	0.26834	0.00890	0.01105	0.16634	0.18460	0.05250	0.04552	0.07749	0.05370	0.02918	0.00836	0.03627	0.00675	0.00431	0.00361	0.00126	0.00435	0.00352	0.02874	0.00521
22	0.01033	0.00974	0.01537	0.08908	0.64344	0.02912	0.01163	0.07011	0.03622	0.01386	0.00795	0.01016	0.00652	0.00390	0.00424	0.00123	0.02506	0.00362	0.00220	0.00622
23	0.00983	0.01013	0.01447	0.10905	0.22247	0.12342	0.16558	0.03910	0.00931	0.01214	0.00886	0.06199	0.00803	0.01847	0.01401	0.00142	0.09266	0.03567	0.00225	0.04114
24	0.00892	0.00602	0.00835	0.00754	0.02969	0.00635	0.05303	0.13945	0.03774	0.04099	0.02687	0.03350	0.02740	0.07213	0.06486	0.38904	0.03759	0.00428	0.00258	0.00368
25	0.02756	0.04919	0.08392	0.08127	0.28681	0.04990	0.04555	0.11987	0.03524	0.07976	0.04154	0.03382	0.02067	0.01356	0.00418	0.00126	0.00467	0.00398	0.00272	0.01451

[dist]
# distance from previous block
# <min> <max>
0	9

[block]
# block no. 5 follows, 66 sequences, length 18
# corresponding to MSA columns:
# 253-270
name=unknown_F
#
# <colnr> <probs for GDERKNQSTAVLIFYWHMCP>
#	G	D	E	R	K	N	Q	S	T	A	V	L	I	F	Y	W	H	M	C	P
0	0.00943	0.03575	0.11070	0.04296	0.30236	0.04156	0.07287	0.05749	0.05265	0.03389	0.02911	0.12981	0.02741	0.02081	0.00450	0.00134	0.00458	0.00494	0.00262	0.01523
1	0.01039	0.00551	0.00661	0.00568	0.00770	0.00492	0.00448	0.04588	0.02860	0.31114	0.09443	0.05563	0.36247	0.00780	0.00445	0.00131	0.00268	0.00651	0.02887	0.00494
2	0.01033	0.00648	0.00806	0.04283	0.00956	0.00641	0.02368	0.16156	0.04882	0.19535	0.11707	0.15688	0.18065	0.00764	0.00450	0.00135	0.00315	0.00652	0.00407	0.00509
3	0.03171	0.01992	0.01290	0.08602	0.12544	0.16372	0.12355	0.04523	0.06479	0.07285	0.00946	0.04736	0.00792	0.01703	0.07645	0.00176	0.06345	0.00405	0.00256	0.02385
4	0.03904	0.04639	0.17761	0.00978	0.04792	0.11071	0.02969	0.11607	0.02029	0.23295	0.01023	0.03432	0.00759	0.00525	0.02211	0.00134	0.04497	0.00363	0.00311	0.03698
5	0.00536	0.00385	0.00516	0.00564	0.00600	0.00392	0.00389	0.00615	0.00710	0.00965	0.01773	0.44766	0.03655	0.17113	0.24698	0.00345	0.00507	0.00839	0.00307	0.00324
6	0.01562	0.00974	0.01099	0.00851	0.01156	0.01031	0.00696	0.53997	0.04058	0.24702	0.01180	0.01175	0.00827	0.04182	0.00478	0.00135	0.00413	0.00390	0.00426	0.00669
7	0.00619	0.00458	0.00565	0.00627	0.04197	0.02036	0.00423	0.01986	0.00924	0.04133	0.18658	0.43258	0.16717	0.01027	0.00485	0.00146	0.00248	0.00910	0.02205	0.00378
8	0.01448	0.00649	0.00848	0.00678	0.00931	0.00592	0.00549	0.07272	0.02686	0.53838	0.22177	0.01775	0.01703	0.00584	0.00423	0.00125	0.00310	0.00488	0.02320	0.00605
9	0.00702	0.00607	0.00895	0.32415	0.10741	0.02213	0.00733	0.00856	0.00777	0.01020	0.03526	0.13869	0.03981	0.22465	0.03330	0.00218	0.00451	0.00562	0.00244	0.00395
10	0.01111	0.00585	0.02394	0.00591	0.00786	0.00534	0.00482	0.06144	0.03475	0.28194	0.11543	0.04080	0.05455	0.00603	0.00389	0.00120	0.00278	0.03941	0.28786	0.00508
11	0.36769	0.00782	0.00818	0.00664	0.00944	0.00814	0.00546	0.12620	0.02724	0.34580	0.01087	0.01041	0.00739	0.00449	0.00340	0.00124	0.00340	0.00326	0.03716	0.00576
12	0.00504	0.00360	0.00466	0.00547	0.00583	0.00334	0.00370	0.00584	0.00801	0.01073	0.05057	0.74765	0.08099	0.01217	0.00507	0.00160	0.00231	0.01097	0.02912	0.00334
13	0.01032	0.21279	0.16144	0.01156	0.06115	0.08073	0.19340	0.08195	0.03330	0.01269	0.00813	0.02315	0.00682	0.02837	0.00479	0.02765	0.01613	0.01805	0.00221	0.00537
14	0.03315	0.00540	0.00693	0.01967	0.00746	0.00621	0.00489	0.02220	0.06199	0.03941	0.01237	0.11648	0.01270	0.27390	0.23861	0.00364	0.12310	0.00548	0.00266	0.00374
15	0.00510	0.00370	0.00503	0.00574	0.00609	0.00345	0.01813	0.00578	0.00776	0.01028	0.02234	0.75904	0.06311	0.03368	0.00582	0.02460	0.00249	0.01093	0.00365	0.00328
16	0.00892	0.02810	0.09795	0.02571	0.08787	0.06242	0.08551	0.03411	0.03052	0.07673	0.07616	0.11855	0.05689	0.00958	0.11903	0.00203	0.02575	0.01488	0.03442	0.00485
17	0.03999	0.08235	0.05751	0.01082	0.08600	0.12679	0.10164	0.11225	0.09932	0.11633	0.02474	0.08863	0.00955	0.00519	0.00420	0.00126	0.02041	0.00437	0.00306	0.00563

[dist]
# distance from previous block
# <min> <max>
1	29

[block]
# block no. 6 follows, 66 sequences, length 10
# corresponding to MSA columns:
# 300-309
name=unknown_G
#
# <colnr> <probs for GDERKNQSTAVLIFYWHMCP>
#	G	D	E	R	K	N	Q	S	T	A	V	L	I	F	Y	W	H	M	C	P
0	0.09229	0.06475	0.12068	0.06770	0.31956	0.06348	0.03150	0.07066	0.02889	0.03760	0.00805	0.01014	0.00651	0.03491	0.02539	0.00144	0.00505	0.00342	0.00230	0.00568
1	0.04004	0.09339	0.14087	0.00937	0.09510	0.00829	0.00761	0.01214	0.12054	0.08008	0.04839	0.12371	0.07051	0.04473	0.02766	0.00159	0.06280	0.00515	0.00296	0.00508
2	0.00595	0.00438	0.00589	0.00646	0.03586	0.00412	0.02292	0.00737	0.03958	0.03756	0.11748	0.52903	0.12360	0.03317	0.00537	0.00159	0.00257	0.00960	0.00376	0.00375
3	0.03263	0.09144	0.05953	0.00748	0.03339	0.00785	0.00612	0.16405	0.02968	0.03822	0.02348	0.10377	0.07161	0.04680	0.17859	0.00242	0.00516	0.00487	0.02947	0.06343
4	0.01148	0.10028	0.17502	0.03665	0.12452	0.08560	0.00916	0.11268	0.04958	0.13611	0.01102	0.05185	0.02295	0.00545	0.01781	0.00133	0.00482	0.03500	0.00291	0.00578
5	0.08614	0.22653	0.31571	0.00945	0.03489	0.01084	0.03690	0.07723	0.04663	0.04592	0.06643	0.01014	0.00819	0.00425	0.00356	0.00118	0.00469	0.00327	0.00243	0.00562
6	0.00564	0.00434	0.00516	0.00523	0.00620	0.00408	0.00383	0.00765	0.06870	0.01299	0.30092	0.21443	0.26362	0.04201	0.00546	0.00152	0.00229	0.03823	0.00398	0.00373
7	0.00715	0.00494	0.00579	0.00548	0.00678	0.01672	0.00417	0.04059	0.03290	0.08081	0.30213	0.12234	0.24464	0.00960	0.03690	0.00155	0.00275	0.03257	0.03811	0.00410
8	0.03660	0.35943	0.30723	0.00889	0.01317	0.01233	0.00976	0.12844	0.01010	0.06847	0.00750	0.00819	0.00573	0.00392	0.00335	0.00110	0.00485	0.00280	0.00230	0.00582
9	0.02986	0.02300	0.03906	0.00824	0.03074	0.04408	0.00650	0.17644	0.25212	0.11695	0.01347	0.04374	0.02431	0.07126	0.06978	0.02062	0.00443	0.01623	0.00357	0.00562

[dist]
# distance from previous block
# <min> <max>
0	3

[block]
# block no. 7 follows, 66 sequences, length 11
# corresponding to MSA columns:
# 313-323
name=unknown_H
#
# <colnr> <probs for GDERKNQSTAVLIFYWHMCP>
#	G	D	E	R	K	N	Q	S	T	A	V	L	I	F	Y	W	H	M	C	P
0	0.00869	0.04497	0.03077	0.07711	0.26264	0.03673	0.07439	0.03604	0.05224	0.01266	0.06984	0.09014	0.07791	0.00703	0.04650	0.00158	0.05795	0.00506	0.00262	0.00512
1	0.00553	0.00418	0.00535	0.00526	0.00614	0.00417	0.00391	0.00683	0.00856	0.01156	0.24622	0.02722	0.23684	0.10841	0.29788	0.00342	0.00529	0.00647	0.00326	0.00350
2	0.00978	0.52697	0.17048	0.06634	0.01318	0.03450	0.04511	0.01185	0.00841	0.01044	0.00733	0.06533	0.00673	0.00423	0.00324	0.00106	0.00477	0.00319	0.00190	0.00517
3	0.00793	0.02700	0.09728	0.00766	0.01027	0.00674	0.04626	0.07432	0.00852	0.01244	0.00901	0.01186	0.00776	0.01510	0.36485	0.00332	0.00705	0.00352	0.00233	0.27678
4	0.03527	0.00764	0.03921	0.00734	0.00952	0.00750	0.00608	0.18784	0.09898	0.13578	0.01787	0.12218	0.13168	0.00811	0.03793	0.00157	0.04040	0.05990	0.00373	0.04145
5	0.00526	0.00386	0.00490	0.00546	0.00598	0.00351	0.00368	0.00600	0.00774	0.01037	0.02164	0.66865	0.07554	0.08902	0.00642	0.00177	0.00252	0.01020	0.00355	0.06395
6	0.02920	0.00923	0.01255	0.17548	0.32069	0.08030	0.02621	0.06760	0.07809	0.03489	0.01118	0.07057	0.04378	0.00506	0.00413	0.00129	0.00465	0.01698	0.00261	0.00550
7	0.04486	0.00760	0.06755	0.00946	0.02522	0.00654	0.23022	0.00915	0.00835	0.01181	0.04179	0.22313	0.08544	0.08459	0.04251	0.00183	0.02579	0.00650	0.00276	0.06490
8	0.01321	0.00825	0.01041	0.00928	0.06635	0.03205	0.00704	0.18319	0.01149	0.29520	0.05143	0.01269	0.00957	0.00763	0.07942	0.00178	0.15485	0.00400	0.03636	0.00581
9	0.03129	0.00681	0.00808	0.00678	0.00904	0.00674	0.00540	0.11991	0.11919	0.30651	0.09622	0.06548	0.17059	0.00681	0.00449	0.00132	0.01982	0.00561	0.00430	0.00558
10	0.11141	0.04979	0.03074	0.00802	0.01003	0.09054	0.06375	0.16158	0.01039	0.03809	0.06753	0.11282	0.02496	0.06449	0.09991	0.00206	0.04131	0.00487	0.00297	0.00473

[dist]
# distance from previous block
# <min> <max>
2	10

[block]
# block no. 8 follows, 66 sequences, length 12
# corresponding to MSA columns:
# 334-345
name=unknown_I
#
# <colnr> <probs for GDERKNQSTAVLIFYWHMCP>
#	G	D	E	R	K	N	Q	S	T	A	V	L	I	F	Y	W	H	M	C	P
0	0.01235	0.00964	0.01125	0.00979	0.06159	0.04268	0.04699	0.34180	0.17452	0.07502	0.08432	0.01416	0.02649	0.00538	0.00440	0.00127	0.02419	0.02179	0.00376	0.02861
1	0.02670	0.00789	0.00985	0.12735	0.10112	0.03193	0.00710	0.15798	0.06592	0.10518	0.06786	0.09362	0.06792	0.00576	0.00410	0.00123	0.00379	0.00488	0.00333	0.10647
2	0.01022	0.51706	0.17872	0.04945	0.01248	0.03285	0.00859	0.01224	0.00851	0.04893	0.00835	0.00924	0.04779	0.00415	0.00353	0.00106	0.03668	0.00288	0.00200	0.00527
3	0.00546	0.00424	0.00623	0.00633	0.00703	0.00394	0.06340	0.00658	0.00853	0.01147	0.14809	0.58235	0.06502	0.03650	0.00554	0.00163	0.00268	0.02773	0.00371	0.00353
4	0.02761	0.09548	0.03235	0.15424	0.12265	0.10038	0.13957	0.06127	0.07645	0.01293	0.04060	0.06724	0.01878	0.00490	0.00431	0.00127	0.02795	0.00431	0.00249	0.00522
5	0.01263	0.01302	0.05932	0.03056	0.05920	0.30168	0.03567	0.11649	0.12720	0.08916	0.02423	0.04497	0.03222	0.00512	0.00430	0.00123	0.03053	0.00397	0.00301	0.00551
6	0.00677	0.00526	0.04819	0.03916	0.00729	0.00463	0.00439	0.00803	0.02578	0.06632	0.13471	0.13719	0.07692	0.34500	0.07042	0.00276	0.00390	0.00656	0.00315	0.00357
7	0.01055	0.00653	0.00755	0.00648	0.00849	0.00649	0.00515	0.18807	0.06128	0.18264	0.10155	0.05578	0.20266	0.04126	0.00504	0.00142	0.00310	0.05175	0.04909	0.00511
8	0.01081	0.00891	0.01187	0.25654	0.17038	0.09133	0.03312	0.06767	0.02841	0.13604	0.06761	0.01371	0.05589	0.00492	0.00435	0.00128	0.02476	0.00418	0.00286	0.00537
9	0.04343	0.01076	0.09570	0.09589	0.28842	0.05920	0.07137	0.06418	0.05091	0.03221	0.00917	0.01105	0.03360	0.00512	0.02466	0.00143	0.09118	0.00376	0.00233	0.00562
10	0.00974	0.00916	0.04474	0.03543	0.02727	0.04030	0.21517	0.06246	0.03498	0.08145	0.07068	0.01373	0.04071	0.01783	0.09219	0.00197	0.19000	0.00448	0.00267	0.00504
11	0.02316	0.00481	0.00588	0.00582	0.03868	0.00449	0.00415	0.02808	0.01012	0.09558	0.30531	0.08386	0.15986	0.02699	0.00462	0.00130	0.00238	0.00641	0.16675	0.02177

[dist]
# distance from previous block
# <min> <max>
1	22

[block]
# block no. 9 follows, 66 sequences, length 10
# corresponding to MSA columns:
# 371-380
name=unknown_J
#
# <colnr> <probs for GDERKNQSTAVLIFYWHMCP>
#	G	D	E	R	K	N	Q	S	T	A	V	L	I	F	Y	W	H	M	C	P
0	0.06161	0.17635	0.05873	0.00724	0.03080	0.06012	0.00589	0.03605	0.06801	0.03277	0.03326	0.30204	0.09632	0.00773	0.00412	0.00132	0.00351	0.00651	0.00310	0.00453
1	0.03164	0.31214	0.05488	0.00892	0.03603	0.04382	0.06418	0.18346	0.02966	0.06815	0.03460	0.01090	0.04401	0.00457	0.00386	0.00113	0.03245	0.00348	0.02654	0.00557
2	0.04259	0.04104	0.16897	0.02282	0.06082	0.02107	0.07119	0.01173	0.04321	0.03159	0.02663	0.04890	0.00781	0.00404	0.00357	0.00099	0.00411	0.00345	0.00243	0.38304
3	0.00878	0.00491	0.00627	0.00595	0.00726	0.00459	0.00443	0.01055	0.05873	0.21612	0.13454	0.29477	0.09859	0.07295	0.03099	0.00178	0.00300	0.02733	0.00405	0.00443
4	0.04027	0.02331	0.00751	0.02699	0.00869	0.02045	0.00519	0.02325	0.04203	0.05549	0.25321	0.15699	0.18911	0.03584	0.07642	0.00219	0.00395	0.01987	0.00428	0.00493
5	0.03575	0.06376	0.12171	0.01485	0.24300	0.07094	0.15356	0.11057	0.04520	0.04673	0.01995	0.01068	0.02039	0.00460	0.01956	0.00133	0.00530	0.00375	0.00250	0.00588
6	0.00503	0.00376	0.00463	0.00524	0.00581	0.00343	0.00363	0.00587	0.00824	0.01065	0.05232	0.54615	0.23721	0.05196	0.00581	0.00168	0.00239	0.03915	0.00373	0.00332
7	0.00498	0.00391	0.00451	0.00479	0.00570	0.00344	0.00343	0.00602	0.00904	0.01150	0.14581	0.32417	0.43659	0.01085	0.00493	0.00145	0.00214	0.00943	0.00387	0.00344
8	0.02497	0.09612	0.13487	0.02093	0.08907	0.03115	0.05383	0.11180	0.02800	0.06538	0.05771	0.11615	0.04522	0.08373	0.00579	0.00152	0.02071	0.00503	0.00290	0.00512
9	0.03371	0.05694	0.07598	0.05019	0.15672	0.04808	0.05204	0.24150	0.01242	0.19480	0.00980	0.01031	0.00701	0.00431	0.00392	0.00120	0.00465	0.00355	0.00322	0.02967

[dist]
# distance from previous block
# <min> <max>
9	22

[block]
# block no. 10 follows, 66 sequences, length 28
# corresponding to MSA columns:
# 403-430
name=unknown_K
#
# <colnr> <probs for GDERKNQSTAVLIFYWHMCP>
#	G	D	E	R	K	N	Q	S	T	A	V	L	I	F	Y	W	H	M	C	P
0	0.05561	0.06923	0.18384	0.03879	0.13216	0.08631	0.02563	0.10951	0.09970	0.06312	0.05730	0.01100	0.00859	0.00449	0.00400	0.00122	0.01938	0.00358	0.00276	0.02379
1	0.04523	0.00686	0.00843	0.03278	0.03920	0.02693	0.03935	0.15956	0.04912	0.08754	0.10660	0.25255	0.09700	0.00831	0.02024	0.00148	0.00348	0.00680	0.00371	0.00482
2	0.00827	0.00766	0.06881	0.00761	0.02569	0.02354	0.05538	0.13553	0.04041	0.03367	0.13744	0.15338	0.17356	0.03539	0.00501	0.00140	0.00343	0.02095	0.00350	0.05937
3	0.01024	0.08904	0.03801	0.08487	0.31575	0.05595	0.00936	0.03150	0.24177	0.02499	0.02630	0.01143	0.00850	0.00433	0.00388	0.00121	0.00440	0.00373	0.00271	0.03203
4	0.01154	0.01548	0.33207	0.03916	0.08372	0.05624	0.08449	0.16619	0.08603	0.01660	0.03435	0.01208	0.00852	0.00520	0.00483	0.00151	0.02841	0.00403	0.00297	0.00659
5	0.00517	0.00408	0.00465	0.00460	0.00573	0.00357	0.00342	0.00651	0.00999	0.01294	0.34040	0.09394	0.47120	0.00969	0.00482	0.00135	0.00202	0.00831	0.00403	0.00357
6	0.01082	0.04663	0.11407	0.02629	0.05172	0.13609	0.22424	0.10647	0.08902	0.02810	0.02366	0.01178	0.04788	0.00466	0.00476	0.00129	0.06036	0.00405	0.00259	0.00552
7	0.00701	0.00355	0.00533	0.00533	0.00535	0.00358	0.00358	0.00535	0.00533	0.00713	0.00718	0.01245	0.00715	0.01464	0.04364	0.85250	0.00377	0.00355	0.00178	0.00182
8	0.00777	0.00690	0.01107	0.68423	0.02387	0.00838	0.00991	0.04749	0.00840	0.01081	0.00880	0.03562	0.02613	0.04464	0.00546	0.04507	0.00504	0.00405	0.00204	0.00433
9	0.06311	0.17167	0.06514	0.06804	0.05141	0.07387	0.01862	0.28477	0.02543	0.12685	0.00897	0.00943	0.00657	0.00432	0.00366	0.00116	0.00463	0.00325	0.00309	0.00600
10	0.00668	0.00542	0.00730	0.00681	0.00705	0.00662	0.00507	0.00740	0.00619	0.00889	0.01012	0.01824	0.01067	0.35368	0.28853	0.00420	0.23684	0.00475	0.00218	0.00338
11	0.01110	0.05419	0.12479	0.00998	0.05497	0.12805	0.03706	0.17470	0.23594	0.01615	0.07400	0.01317	0.03790	0.00506	0.00402	0.00124	0.00456	0.00408	0.00320	0.00582
12	0.01625	0.00655	0.00863	0.00679	0.00961	0.00580	0.00555	0.01821	0.04266	0.68770	0.01702	0.01523	0.05078	0.00527	0.00400	0.00124	0.00323	0.00429	0.08474	0.00643
13	0.01026	0.02713	0.09261	0.03885	0.25952	0.06054	0.15943	0.06154	0.12582	0.02800	0.00958	0.01947	0.01710	0.00463	0.01388	0.00134	0.04232	0.00396	0.00250	0.02153
14	0.00503	0.00403	0.00449	0.00457	0.00567	0.00349	0.00336	0.00620	0.00951	0.01204	0.21231	0.16657	0.52801	0.01022	0.00485	0.00139	0.00207	0.00876	0.00392	0.00349
15	0.05184	0.03786	0.04524	0.08448	0.14009	0.10277	0.00814	0.02528	0.09035	0.03549	0.00977	0.01246	0.02268	0.01072	0.19515	0.00250	0.09953	0.01830	0.00241	0.00497
16	0.01249	0.51601	0.03423	0.00827	0.01139	0.24186	0.00744	0.10462	0.01037	0.01153	0.00631	0.00714	0.00540	0.00383	0.00308	0.00096	0.00520	0.00248	0.00210	0.00528
17	0.02563	0.25507	0.14672	0.02351	0.01201	0.06045	0.00788	0.13146	0.01035	0.07156	0.00820	0.02419	0.00664	0.00411	0.00339	0.00102	0.00442	0.01689	0.00255	0.18393
18	0.00965	0.12268	0.34788	0.04324	0.13744	0.03883	0.08237	0.04467	0.04684	0.02733	0.00799	0.02212	0.00627	0.00416	0.00425	0.00125	0.04171	0.00342	0.00210	0.00578
19	0.00565	0.00422	0.00527	0.00522	0.00614	0.00394	0.00383	0.00762	0.04565	0.01443	0.53078	0.19406	0.13940	0.00931	0.00484	0.00137	0.00208	0.00821	0.00422	0.00378
20	0.03479	0.00818	0.05826	0.00752	0.01054	0.00711	0.00643	0.13605	0.03090	0.54921	0.04045	0.01414	0.01044	0.06074	0.00514	0.00143	0.00372	0.00415	0.00442	0.00639
21	0.00887	0.01009	0.15316	0.16513	0.10384	0.00845	0.17281	0.03457	0.02217	0.06021	0.02419	0.05346	0.02201	0.06002	0.05348	0.00180	0.03371	0.00450	0.00239	0.00513
22	0.02379	0.00624	0.00881	0.01042	0.18386	0.01645	0.02057	0.03703	0.04122	0.10224	0.09097	0.35906	0.01860	0.03912	0.00534	0.00152	0.01923	0.00736	0.00346	0.00472
23	0.00499	0.00399	0.00448	0.00471	0.00572	0.00353	0.00343	0.00600	0.00881	0.01096	0.07403	0.23012	0.52514	0.03507	0.04021	0.00173	0.00258	0.02741	0.00370	0.00340
24	0.01191	0.02241	0.07847	0.02643	0.01229	0.10557	0.06210	0.27377	0.05671	0.08366	0.02521	0.04373	0.02351	0.03168	0.02331	0.00152	0.02827	0.08055	0.00332	0.00557
25	0.01037	0.21159	0.26697	0.06232	0.11095	0.08367	0.03974	0.06885	0.02380	0.03774	0.00784	0.02447	0.00628	0.00467	0.02302	0.00129	0.00540	0.00324	0.00216	0.00563
26	0.04433	0.00584	0.00751	0.00644	0.00855	0.00532	0.00505	0.02630	0.03475	0.44753	0.09387	0.20748	0.07468	0.00741	0.00439	0.00136	0.00296	0.00633	0.00446	0.00545
27	0.02044	0.02384	0.06953	0.05504	0.13024	0.16523	0.14234	0.03744	0.08396	0.04331	0.03608	0.09855	0.04779	0.00544	0.00441	0.00130	0.02233	0.00480	0.00270	0.00523

[dist]
# distance from previous block
# <min> <max>
4	26

[block]
# block no. 11 follows, 66 sequences, length 24
# corresponding to MSA columns:
# 457-480
name=unknown_L
#
# <colnr> <probs for GDERKNQSTAVLIFYWHMCP>
#	G	D	E	R	K	N	Q	S	T	A	V	L	I	F	Y	W	H	M	C	P
0	0.00881	0.00575	0.00648	0.00602	0.00759	0.04958	0.00457	0.02322	0.02604	0.18166	0.13088	0.23834	0.20103	0.00870	0.00460	0.00136	0.00286	0.03819	0.00397	0.05035
1	0.01382	0.07727	0.07601	0.00888	0.01192	0.17797	0.00762	0.30552	0.05343	0.13800	0.01036	0.05355	0.00803	0.00494	0.00388	0.00118	0.00478	0.00375	0.00337	0.03571
2	0.01134	0.21561	0.10421	0.03165	0.02638	0.08146	0.17362	0.16976	0.01107	0.05384	0.00911	0.07714	0.00772	0.00467	0.00389	0.00120	0.00514	0.00402	0.00261	0.00556
3	0.00632	0.02887	0.00620	0.00574	0.00627	0.00501	0.00410	0.00713	0.00650	0.02985	0.01207	0.05990	0.01257	0.36359	0.40633	0.00485	0.02377	0.00524	0.00242	0.00328
4	0.01212	0.60312	0.01829	0.00762	0.01093	0.05435	0.00709	0.16755	0.03868	0.03661	0.00713	0.00767	0.00592	0.00389	0.00303	0.00097	0.00444	0.00261	0.00237	0.00560
5	0.06717	0.11747	0.09378	0.02822	0.02584	0.11216	0.06326	0.13447	0.11018	0.03345	0.02567	0.01038	0.02314	0.00440	0.00393	0.00114	0.02877	0.00340	0.00274	0.11043
6	0.00923	0.00669	0.00979	0.05914	0.21945	0.00656	0.01544	0.04488	0.00975	0.13189	0.08278	0.14566	0.10578	0.01820	0.00485	0.00137	0.02347	0.05426	0.00331	0.04750
7	0.02268	0.00459	0.00520	0.00568	0.00633	0.03614	0.00398	0.02556	0.00849	0.01114	0.06223	0.54790	0.14307	0.04628	0.02945	0.00179	0.00289	0.02949	0.00362	0.00349
8	0.01045	0.00720	0.00843	0.00755	0.00934	0.05216	0.03552	0.12907	0.11227	0.16629	0.02842	0.27168	0.03414	0.03783	0.00515	0.00152	0.00356	0.07048	0.00389	0.00505
9	0.07697	0.01005	0.03478	0.03825	0.30481	0.08651	0.08185	0.10825	0.02907	0.07596	0.01002	0.09678	0.00868	0.00522	0.01384	0.00133	0.00479	0.00439	0.00274	0.00570
10	0.00671	0.00361	0.00530	0.00536	0.00549	0.00363	0.00365	0.00549	0.00571	0.00762	0.00976	0.07379	0.04051	0.01515	0.08063	0.71516	0.00397	0.00436	0.00202	0.00208
11	0.01101	0.02743	0.09324	0.01220	0.01560	0.10507	0.32647	0.16880	0.07080	0.02984	0.01082	0.05032	0.04035	0.00475	0.00444	0.00130	0.01468	0.00453	0.00275	0.00561
12	0.02483	0.19101	0.25289	0.02688	0.07516	0.05989	0.11003	0.05885	0.02492	0.08484	0.00877	0.04872	0.00705	0.00433	0.00379	0.00120	0.00516	0.00363	0.00238	0.00568
13	0.03681	0.00608	0.00788	0.00650	0.00885	0.00548	0.00519	0.02785	0.03235	0.50857	0.15142	0.09127	0.08059	0.00662	0.00431	0.00130	0.00300	0.00557	0.00462	0.00573
14	0.00647	0.00539	0.03480	0.00629	0.00736	0.01803	0.02578	0.06939	0.00939	0.02875	0.09715	0.52231	0.13217	0.01053	0.00490	0.00151	0.00278	0.00938	0.00374	0.00388
15	0.01091	0.37170	0.24486	0.00901	0.01293	0.09139	0.03562	0.08166	0.00987	0.04658	0.03246	0.00911	0.01956	0.00408	0.00341	0.00108	0.00503	0.00299	0.00222	0.00553
16	0.00966	0.00657	0.00816	0.06029	0.07160	0.04052	0.00590	0.07868	0.02046	0.17447	0.01884	0.25192	0.13692	0.04524	0.02118	0.00161	0.03291	0.00675	0.00356	0.00475
17	0.00883	0.00923	0.01617	0.01259	0.01427	0.01077	0.31972	0.01076	0.00794	0.01148	0.06306	0.01192	0.02985	0.00585	0.00923	0.00157	0.44546	0.00442	0.00212	0.00477
18	0.00975	0.01140	0.15196	0.10448	0.25773	0.00988	0.16556	0.09712	0.06017	0.01415	0.00888	0.02464	0.00715	0.00436	0.00455	0.00132	0.03631	0.02240	0.00235	0.00583
19	0.03750	0.07707	0.14346	0.02571	0.04108	0.04531	0.09609	0.14400	0.04756	0.11149	0.05643	0.03329	0.03003	0.03511	0.02595	0.00150	0.00476	0.03510	0.00305	0.00552
20	0.00939	0.24705	0.05263	0.06983	0.01094	0.06317	0.02531	0.06778	0.00898	0.04342	0.04927	0.04831	0.03814	0.08010	0.11172	0.03608	0.02672	0.00412	0.00247	0.00456
21	0.00621	0.00482	0.00591	0.02553	0.00770	0.00475	0.00501	0.02196	0.08536	0.01229	0.06285	0.18886	0.25769	0.01028	0.00505	0.00159	0.00291	0.28356	0.00378	0.00389
22	0.01224	0.11863	0.23880	0.01072	0.06257	0.03359	0.07897	0.12066	0.07282	0.19639	0.01010	0.01038	0.00718	0.00428	0.00388	0.00122	0.00485	0.00352	0.00300	0.00619
