[name]
unknown

[dist]
# distance from previous block
# <min> <max>
0	83

[block]
# block no. 0 follows, 74 sequences, length 73
# corresponding to MSA columns:
# 94-166
name=unknown_A
#
# <colnr> <probs for GDERKNQSTAVLIFYWHMCP>
#	G	D	E	R	K	N	Q	S	T	A	V	L	I	F	Y	W	H	M	C	P
0	0.00713	0.10275	0.00828	0.02455	0.05283	0.09911	0.03027	0.01793	0.00810	0.01004	0.04461	0.17633	0.15114	0.11132	0.00579	0.00150	0.00346	0.09050	0.00271	0.05164
1	0.02874	0.04802	0.06829	0.04575	0.28698	0.00755	0.08713	0.05264	0.00818	0.04906	0.01987	0.05092	0.00884	0.16519	0.04083	0.00180	0.00447	0.01883	0.00225	0.00467
2	0.01015	0.82520	0.01898	0.00649	0.00963	0.03445	0.00639	0.03641	0.00792	0.00919	0.00529	0.00606	0.00481	0.00323	0.00245	0.00081	0.00404	0.00204	0.00166	0.00480
3	0.00770	0.00660	0.00770	0.00550	0.00880	0.00495	0.00440	0.00935	0.00770	0.01210	0.00660	0.00770	0.00550	0.00275	0.00275	0.00055	0.00275	0.00220	0.00220	0.89224
4	0.00530	0.00398	0.00597	0.00597	0.00663	0.00464	0.00464	0.00663	0.00597	0.00862	0.00994	0.01458	0.00928	0.02784	0.85484	0.00597	0.00994	0.00398	0.00199	0.00331
5	0.04673	0.04927	0.06954	0.01784	0.53703	0.02857	0.07053	0.07173	0.01727	0.04564	0.00733	0.00898	0.00584	0.00347	0.00360	0.00111	0.00450	0.00324	0.00210	0.00567
6	0.00845	0.00661	0.00730	0.00657	0.00837	0.00724	0.00509	0.01568	0.53681	0.06783	0.21783	0.01843	0.06607	0.00589	0.00396	0.00123	0.00260	0.00499	0.00388	0.00517
7	0.00452	0.00324	0.00430	0.00514	0.00538	0.00302	0.00343	0.00517	0.00713	0.00949	0.02082	0.84968	0.04177	0.01158	0.00473	0.00150	0.00215	0.01050	0.00345	0.00302
8	0.85404	0.00768	0.00570	0.00510	0.00738	0.04837	0.00417	0.01110	0.00652	0.01630	0.00520	0.00606	0.00406	0.00346	0.00235	0.00114	0.00305	0.00203	0.00228	0.00403
9	0.00512	0.00376	0.00479	0.00458	0.00547	0.00344	0.00342	0.00672	0.01011	0.01406	0.71124	0.06630	0.13119	0.00799	0.00440	0.00119	0.00178	0.00702	0.00398	0.00344
10	0.08916	0.31185	0.08960	0.00854	0.06436	0.11212	0.02462	0.13609	0.00960	0.06472	0.00677	0.00747	0.00533	0.00357	0.00302	0.00097	0.00431	0.00256	0.00225	0.05308
11	0.00974	0.00927	0.01408	0.11519	0.59694	0.05759	0.02805	0.10105	0.00944	0.01288	0.00709	0.00911	0.00575	0.00350	0.00368	0.00111	0.00461	0.00328	0.00203	0.00562
12	0.02312	0.12958	0.03744	0.00861	0.02068	0.26727	0.00707	0.33173	0.10399	0.02356	0.00804	0.00835	0.00614	0.00410	0.00341	0.00104	0.00476	0.00293	0.00279	0.00539
13	0.01634	0.00683	0.00893	0.00685	0.00973	0.00621	0.00565	0.11978	0.01147	0.74608	0.01393	0.01217	0.00883	0.00458	0.00373	0.00114	0.00327	0.00368	0.00448	0.00632
14	0.01272	0.15005	0.01270	0.00949	0.08942	0.02925	0.00729	0.56495	0.05654	0.01926	0.00837	0.00866	0.00624	0.00416	0.00349	0.00107	0.00409	0.00314	0.00316	0.00596
15	0.04710	0.06375	0.01153	0.00835	0.01112	0.03362	0.15417	0.11073	0.06203	0.32924	0.01154	0.07915	0.00877	0.00466	0.00373	0.00114	0.00386	0.00408	0.00338	0.04805
16	0.02347	0.00951	0.01204	0.02208	0.22653	0.01013	0.02315	0.50990	0.01407	0.09870	0.00886	0.00933	0.00642	0.00413	0.00370	0.00112	0.00412	0.00337	0.00324	0.00612
17	0.00914	0.36419	0.34940	0.00935	0.01349	0.02784	0.12009	0.01184	0.00801	0.04552	0.00648	0.00754	0.00504	0.00338	0.00318	0.00103	0.00490	0.00269	0.00175	0.00514
18	0.00440	0.00376	0.00378	0.00378	0.00502	0.00314	0.00283	0.00536	0.00850	0.01012	0.05238	0.03558	0.83006	0.00937	0.00439	0.00125	0.00188	0.00781	0.00346	0.00314
19	0.00919	0.00882	0.01507	0.02278	0.84640	0.00882	0.01139	0.01139	0.00845	0.01213	0.00698	0.00919	0.00588	0.00331	0.00367	0.00110	0.00441	0.00331	0.00184	0.00588
20	0.00908	0.00871	0.01487	0.06415	0.80587	0.00879	0.01134	0.01130	0.00840	0.01200	0.00696	0.00922	0.00583	0.00333	0.00368	0.00111	0.00444	0.00331	0.00183	0.00579
21	0.01577	0.00647	0.00867	0.00687	0.02225	0.00577	0.00554	0.06668	0.01100	0.74118	0.05900	0.01317	0.01036	0.00473	0.00377	0.00115	0.00316	0.00386	0.00447	0.00616
22	0.00530	0.00398	0.00597	0.00597	0.00663	0.00464	0.00464	0.00663	0.00597	0.00862	0.00994	0.01458	0.00928	0.02784	0.85484	0.00597	0.00994	0.00398	0.00199	0.00331
23	0.00530	0.00397	0.00594	0.00594	0.00661	0.00462	0.00462	0.00664	0.00606	0.00875	0.02725	0.01485	0.00981	0.02742	0.83720	0.00587	0.00977	0.00403	0.00203	0.00332
24	0.00947	0.11788	0.01664	0.01855	0.53943	0.00955	0.17049	0.01179	0.01794	0.04242	0.00723	0.00912	0.00587	0.00332	0.00365	0.00110	0.00465	0.00338	0.00194	0.00558
25	0.00452	0.00323	0.00431	0.00517	0.00538	0.00301	0.00345	0.00517	0.00711	0.00948	0.02046	0.86713	0.02455	0.01163	0.00474	0.00151	0.00215	0.01055	0.00345	0.00301
26	0.01394	0.00572	0.00774	0.00614	0.00854	0.00499	0.00499	0.01545	0.01060	0.65040	0.21219	0.01623	0.01534	0.00531	0.00389	0.00115	0.00282	0.00444	0.00447	0.00565
27	0.00919	0.00882	0.01507	0.02278	0.84640	0.00882	0.01139	0.01139	0.00845	0.01213	0.00698	0.00919	0.00588	0.00331	0.00367	0.00110	0.00441	0.00331	0.00184	0.00588
28	0.00913	0.00895	0.01579	0.02152	0.72091	0.00890	0.11685	0.01165	0.02756	0.01217	0.00724	0.00940	0.00597	0.00332	0.00377	0.00113	0.00461	0.00347	0.00189	0.00577
29	0.00546	0.00420	0.00591	0.00589	0.00648	0.01665	0.00449	0.00663	0.00601	0.00853	0.01032	0.04596	0.01006	0.10370	0.71767	0.00543	0.02702	0.00431	0.00206	0.00324
30	0.00812	0.00812	0.01137	0.00975	0.00975	0.01137	0.00812	0.00893	0.00568	0.00893	0.00487	0.00812	0.00487	0.00650	0.01218	0.00162	0.86276	0.00325	0.00162	0.00406
31	0.00770	0.00660	0.00770	0.00550	0.00880	0.00495	0.00440	0.00935	0.00770	0.01210	0.00660	0.00770	0.00550	0.00275	0.00275	0.00055	0.00275	0.00220	0.00220	0.89224
32	0.00992	0.87178	0.01945	0.00635	0.00953	0.01469	0.00635	0.01111	0.00754	0.00873	0.00516	0.00595	0.00476	0.00318	0.00238	0.00079	0.00397	0.00198	0.00159	0.00476
33	0.00485	0.00377	0.00440	0.00427	0.00530	0.00333	0.00319	0.00621	0.00951	0.01257	0.46223	0.04800	0.40206	0.00849	0.00439	0.00121	0.00182	0.00730	0.00378	0.00333
34	0.01387	0.01769	0.01052	0.00956	0.01148	0.85465	0.00717	0.01482	0.01052	0.00908	0.00574	0.00669	0.00478	0.00383	0.00335	0.00096	0.00669	0.00239	0.00191	0.00430
35	0.00916	0.00882	0.01502	0.02212	0.79917	0.00888	0.02837	0.01154	0.02557	0.01214	0.00713	0.00928	0.00597	0.00339	0.00382	0.00112	0.01746	0.00335	0.00187	0.00583
36	0.02616	0.07572	0.65197	0.01009	0.03379	0.00877	0.02181	0.01244	0.02773	0.08694	0.00746	0.00830	0.00529	0.00362	0.00346	0.00115	0.00504	0.00283	0.00192	0.00549
37	0.00917	0.14241	0.19240	0.01247	0.26528	0.02585	0.02685	0.02058	0.05586	0.05211	0.00741	0.00855	0.00584	0.00342	0.00330	0.00099	0.00422	0.00287	0.00207	0.15836
38	0.34237	0.39433	0.03822	0.00625	0.00902	0.06205	0.00574	0.03129	0.06096	0.01260	0.00597	0.00666	0.00494	0.00348	0.00256	0.00099	0.00370	0.00222	0.00206	0.00459
39	0.01601	0.00650	0.00865	0.00666	0.00946	0.00580	0.00549	0.07529	0.01110	0.75704	0.04766	0.01298	0.01003	0.00470	0.00376	0.00115	0.00317	0.00383	0.00451	0.00620
40	0.02661	0.14968	0.50055	0.01185	0.11030	0.00968	0.11789	0.01161	0.00795	0.01144	0.00654	0.00794	0.00495	0.00339	0.00345	0.00112	0.00517	0.00289	0.00166	0.00533
41	0.00941	0.05053	0.12145	0.01864	0.57580	0.00904	0.06136	0.03139	0.02847	0.04758	0.00745	0.00916	0.00594	0.00344	0.00364	0.00111	0.00454	0.00328	0.00200	0.00575
42	0.00848	0.00905	0.08078	0.23988	0.54351	0.00867	0.01115	0.01115	0.03031	0.01150	0.00707	0.00939	0.00569	0.00348	0.00368	0.00115	0.00460	0.00328	0.00182	0.00539
43	0.00540	0.00360	0.00405	0.00405	0.00405	0.00360	0.00225	0.00540	0.00540	0.00720	0.01170	0.02429	0.01349	0.86955	0.01889	0.00360	0.00360	0.00540	0.00225	0.00225
44	0.00824	0.00871	0.04132	0.01131	0.07779	0.01091	0.07699	0.00947	0.00624	0.00953	0.00532	0.00835	0.00501	0.00586	0.01056	0.00154	0.69354	0.00333	0.00166	0.00433
45	0.00970	0.47159	0.06484	0.01245	0.28924	0.03458	0.03086	0.02853	0.00818	0.01044	0.00601	0.00733	0.00519	0.00328	0.00299	0.00094	0.00434	0.00257	0.00173	0.00520
46	0.00447	0.00356	0.00401	0.00433	0.00517	0.00310	0.00308	0.00532	0.00802	0.00998	0.05878	0.35080	0.50595	0.01018	0.00452	0.00135	0.00198	0.00883	0.00347	0.00310
47	0.00882	0.00977	0.02033	0.01470	0.01826	0.00937	0.73635	0.01280	0.10578	0.01231	0.00840	0.01046	0.00630	0.00335	0.00431	0.00125	0.00587	0.00436	0.00210	0.00511
48	0.05162	0.08297	0.33553	0.01017	0.04195	0.28277	0.06233	0.03021	0.00902	0.05076	0.00667	0.00767	0.00505	0.00363	0.00340	0.00107	0.00551	0.00272	0.00193	0.00502
49	0.01601	0.00735	0.00925	0.00709	0.00999	0.00699	0.00586	0.22487	0.01235	0.63974	0.01319	0.01169	0.00846	0.00456	0.00373	0.00114	0.00339	0.00363	0.00437	0.00632
50	0.00539	0.00392	0.00587	0.00587	0.00648	0.00453	0.00453	0.00648	0.00587	0.00844	0.00966	0.01432	0.00905	0.02664	0.78752	0.07695	0.00940	0.00392	0.00196	0.00318
51	0.00768	0.10134	0.77027	0.01017	0.01544	0.00920	0.01300	0.01169	0.00781	0.01146	0.00652	0.00766	0.00471	0.00349	0.00342	0.00114	0.00534	0.00267	0.00157	0.00542
52	0.00443	0.00361	0.00391	0.00416	0.00512	0.00310	0.00300	0.00528	0.00808	0.00987	0.03277	0.26993	0.61380	0.01003	0.00449	0.00132	0.00196	0.00860	0.00345	0.00310
53	0.00452	0.00323	0.00431	0.00517	0.00538	0.00301	0.00345	0.00517	0.00711	0.00948	0.02046	0.86713	0.02455	0.01163	0.00474	0.00151	0.00215	0.01055	0.00345	0.00301
54	0.01336	0.01009	0.01113	0.09813	0.01299	0.02235	0.00740	0.73647	0.01631	0.02174	0.00863	0.00899	0.00615	0.00437	0.00371	0.00112	0.00421	0.00332	0.00347	0.00606
55	0.01024	0.80279	0.01873	0.00661	0.00968	0.08254	0.00642	0.01141	0.00778	0.00876	0.00521	0.00601	0.00476	0.00323	0.00246	0.00081	0.00419	0.00202	0.00161	0.00473
56	0.00933	0.09844	0.32819	0.01189	0.21118	0.00863	0.01001	0.03181	0.04707	0.09894	0.00785	0.00876	0.00589	0.00356	0.00340	0.00105	0.00438	0.00293	0.00217	0.10452
57	0.03286	0.10485	0.35153	0.00993	0.05505	0.09716	0.03651	0.11249	0.13023	0.02286	0.00800	0.00867	0.00600	0.00384	0.00345	0.00112	0.00479	0.00298	0.00226	0.00542
58	0.00913	0.00918	0.04372	0.02236	0.81791	0.00881	0.01147	0.01140	0.00843	0.01211	0.00697	0.00914	0.00584	0.00331	0.00367	0.00110	0.00445	0.00329	0.00183	0.00587
59	0.00781	0.00741	0.01257	0.55427	0.32570	0.00846	0.01070	0.01018	0.00780	0.01045	0.00674	0.00964	0.00529	0.00356	0.00370	0.00119	0.00475	0.00330	0.00172	0.00477
60	0.01166	0.00851	0.03124	0.07739	0.13143	0.00815	0.23858	0.12747	0.02231	0.26387	0.01016	0.02452	0.00735	0.00409	0.00393	0.00119	0.00450	0.01507	0.00299	0.00560
61	0.00899	0.01005	0.03865	0.01551	0.04740	0.00923	0.76218	0.01206	0.00879	0.03754	0.00769	0.01002	0.00573	0.00319	0.00432	0.00124	0.00608	0.00429	0.00195	0.00509
62	0.00542	0.00384	0.00552	0.00552	0.00601	0.00433	0.00409	0.00625	0.00576	0.00817	0.00994	0.01602	0.00978	0.17659	0.63030	0.08512	0.00821	0.00416	0.00200	0.00297
63	0.00992	0.87178	0.01945	0.00635	0.00953	0.01469	0.00635	0.01111	0.00754	0.00873	0.00516	0.00595	0.00476	0.00318	0.00238	0.00079	0.00397	0.00198	0.00159	0.00476
64	0.00883	0.00968	0.02005	0.02479	0.02860	0.00928	0.71275	0.02933	0.07336	0.01237	0.00839	0.01101	0.00644	0.00348	0.00432	0.00126	0.00585	0.02306	0.00209	0.00506
65	0.00538	0.00366	0.00435	0.00435	0.00445	0.00376	0.00262	0.00559	0.00549	0.00742	0.01142	0.02277	0.01283	0.73749	0.15005	0.00397	0.00459	0.00517	0.00221	0.00242
66	0.89577	0.00718	0.00546	0.00488	0.00718	0.00833	0.00402	0.01091	0.00632	0.01665	0.00517	0.00603	0.00402	0.00345	0.00230	0.00115	0.00287	0.00201	0.00230	0.00402
67	0.01271	0.00754	0.00933	0.00735	0.02209	0.01906	0.02320	0.14634	0.07391	0.36095	0.01087	0.01049	0.00757	0.00420	0.00396	0.00103	0.04975	0.00329	0.00351	0.22285
68	0.04617	0.00743	0.00885	0.00698	0.00968	0.03687	0.00573	0.16960	0.03709	0.56214	0.03898	0.01277	0.00950	0.00476	0.00372	0.00115	0.00340	0.02500	0.00418	0.00599
69	0.11261	0.05538	0.00864	0.00627	0.00894	0.00620	0.00518	0.01624	0.00970	0.66548	0.01291	0.01214	0.00859	0.04965	0.00429	0.00126	0.00320	0.00353	0.00405	0.00576
70	0.00632	0.04929	0.00529	0.00445	0.00490	0.00436	0.00283	0.00657	0.00593	0.05299	0.01144	0.02222	0.01258	0.71515	0.03831	0.00326	0.00373	0.01812	0.00235	0.02991
71	0.14954	0.32337	0.01465	0.00821	0.01116	0.08918	0.11624	0.22210	0.01032	0.01417	0.00649	0.00733	0.00516	0.00360	0.00306	0.00101	0.00438	0.00269	0.00231	0.00503
72	0.14701	0.04720	0.10010	0.00989	0.01324	0.04747	0.27528	0.07675	0.00926	0.16673	0.00823	0.00909	0.00591	0.00360	0.00356	0.00112	0.00460	0.00331	0.00256	0.06510

[dist]
# distance from previous block
# <min> <max>
16	44

[block]
# block no. 1 follows, 74 sequences, length 16
# corresponding to MSA columns:
# 222-237
name=unknown_B
#
# <colnr> <probs for GDERKNQSTAVLIFYWHMCP>
#	G	D	E	R	K	N	Q	S	T	A	V	L	I	F	Y	W	H	M	C	P
0	0.44412	0.00726	0.06877	0.03588	0.00908	0.00705	0.07678	0.00962	0.00685	0.01324	0.00875	0.01495	0.00837	0.14867	0.00580	0.00165	0.00363	0.12335	0.00234	0.00383
1	0.61877	0.03861	0.00694	0.00569	0.00781	0.06102	0.00462	0.05754	0.00738	0.05674	0.00628	0.00779	0.00511	0.05756	0.00401	0.00130	0.04376	0.00246	0.00241	0.00420
2	0.06022	0.00389	0.00406	0.00411	0.00488	0.00365	0.00280	0.00575	0.00710	0.00938	0.02437	0.08667	0.40801	0.32819	0.00968	0.00215	0.00264	0.02667	0.00293	0.00286
3	0.06774	0.22450	0.01241	0.00843	0.01074	0.54875	0.00677	0.06113	0.00993	0.01030	0.00575	0.00660	0.00482	0.00368	0.00307	0.00094	0.00564	0.00232	0.00196	0.00451
4	0.00530	0.00358	0.00418	0.00435	0.00442	0.00355	0.00260	0.00548	0.00580	0.00771	0.01333	0.14452	0.01545	0.70531	0.01620	0.00321	0.00338	0.04673	0.00248	0.00242
5	0.00770	0.10535	0.76636	0.01015	0.01540	0.00923	0.01297	0.01169	0.00781	0.01145	0.00651	0.00765	0.00471	0.00349	0.00341	0.00114	0.00533	0.00267	0.00157	0.00541
6	0.00981	0.83205	0.05818	0.00655	0.00983	0.01440	0.00669	0.01114	0.00756	0.00887	0.00523	0.00604	0.00476	0.00319	0.00244	0.00081	0.00404	0.00202	0.00159	0.00480
7	0.00451	0.00328	0.00425	0.00503	0.00535	0.00303	0.00338	0.00518	0.00724	0.00953	0.02214	0.78572	0.10487	0.01141	0.00470	0.00148	0.00213	0.01029	0.00345	0.00303
8	0.00540	0.00360	0.00405	0.00405	0.00405	0.00360	0.00225	0.00540	0.00540	0.00720	0.01170	0.02429	0.01349	0.86955	0.01889	0.00360	0.00360	0.00540	0.00225	0.00225
9	0.49778	0.00775	0.00821	0.07035	0.11057	0.00861	0.00598	0.13513	0.02264	0.09145	0.00707	0.00785	0.00524	0.00373	0.00293	0.00115	0.00342	0.00265	0.00264	0.00483
10	0.19362	0.08918	0.10892	0.00789	0.01100	0.06437	0.08382	0.07681	0.01990	0.29593	0.00921	0.00920	0.00638	0.00391	0.00332	0.00111	0.00404	0.00305	0.00298	0.00534
11	0.01433	0.00578	0.00773	0.00617	0.00847	0.00509	0.00492	0.01553	0.00965	0.67409	0.01431	0.01567	0.01036	0.15438	0.00640	0.00159	0.00324	0.03262	0.00415	0.00551
12	0.06791	0.00454	0.00488	0.00471	0.00521	0.00479	0.00303	0.02950	0.09921	0.00934	0.01181	0.02201	0.01266	0.66190	0.01520	0.00304	0.00348	0.03136	0.00250	0.00292
13	0.55468	0.00827	0.03024	0.04608	0.02530	0.08109	0.00518	0.04096	0.04284	0.05723	0.00700	0.00878	0.00567	0.05759	0.00377	0.00130	0.00351	0.01379	0.00245	0.00429
14	0.67818	0.00780	0.00777	0.07107	0.02494	0.03853	0.07173	0.01096	0.00676	0.01510	0.00551	0.00680	0.00431	0.00356	0.00299	0.00117	0.03411	0.00238	0.00217	0.00415
15	0.40365	0.00784	0.00958	0.09086	0.01164	0.02319	0.11967	0.09316	0.00881	0.18692	0.00796	0.00861	0.00563	0.00377	0.00318	0.00116	0.00379	0.00295	0.00278	0.00487

[dist]
# distance from previous block
# <min> <max>
0	20

[block]
# block no. 2 follows, 74 sequences, length 27
# corresponding to MSA columns:
# 260-286
name=unknown_C
#
# <colnr> <probs for GDERKNQSTAVLIFYWHMCP>
#	G	D	E	R	K	N	Q	S	T	A	V	L	I	F	Y	W	H	M	C	P
0	0.12023	0.02096	0.01057	0.19355	0.01397	0.00910	0.05599	0.32110	0.03082	0.14664	0.01994	0.01034	0.00689	0.00425	0.00360	0.00117	0.00404	0.01840	0.00309	0.00536
1	0.11254	0.04250	0.01058	0.03727	0.01124	0.15689	0.07889	0.22118	0.02446	0.03205	0.00853	0.01168	0.00721	0.00452	0.00378	0.00111	0.03012	0.08932	0.00266	0.11348
2	0.11162	0.00472	0.00573	0.02047	0.00687	0.00497	0.00437	0.00860	0.04082	0.08425	0.03032	0.02286	0.03200	0.24871	0.17160	0.00288	0.00457	0.18834	0.00279	0.00351
3	0.00581	0.00450	0.00618	0.00664	0.07997	0.00445	0.00450	0.00727	0.00867	0.01218	0.42128	0.02395	0.05510	0.11600	0.11434	0.00210	0.02938	0.05958	0.00319	0.03491
4	0.00837	0.00929	0.12071	0.32065	0.01835	0.00859	0.18393	0.02967	0.17704	0.03871	0.00883	0.01044	0.00654	0.00384	0.00381	0.00120	0.00473	0.00361	0.00228	0.03942
5	0.00740	0.04254	0.51320	0.02405	0.01343	0.02050	0.05434	0.03006	0.00793	0.01129	0.03458	0.04169	0.05890	0.06092	0.00524	0.00137	0.06206	0.00374	0.00195	0.00482
6	0.00571	0.00450	0.00611	0.00585	0.00627	0.00528	0.00438	0.00657	0.00602	0.00849	0.02868	0.01793	0.06481	0.25811	0.41610	0.00422	0.14114	0.00457	0.00214	0.00313
7	0.00805	0.00832	0.05212	0.14511	0.30770	0.00794	0.19618	0.02741	0.02418	0.01245	0.16134	0.01291	0.01110	0.00418	0.00397	0.00118	0.00444	0.00417	0.00229	0.00497
8	0.89577	0.00718	0.00546	0.00488	0.00718	0.00833	0.00402	0.01091	0.00632	0.01665	0.00517	0.00603	0.00402	0.00345	0.00230	0.00115	0.00287	0.00201	0.00230	0.00402
9	0.01007	0.53645	0.11647	0.02392	0.01192	0.07090	0.09334	0.07859	0.00871	0.01065	0.00595	0.00696	0.00498	0.00337	0.00292	0.00093	0.00460	0.00249	0.00181	0.00496
10	0.01115	0.28467	0.01296	0.00775	0.01027	0.27733	0.00649	0.10333	0.04577	0.01127	0.00639	0.00726	0.00534	0.00376	0.00359	0.00092	0.06057	0.00247	0.00211	0.13658
11	0.00468	0.00376	0.00417	0.00409	0.00520	0.00325	0.00306	0.00588	0.00912	0.01164	0.30659	0.04981	0.55801	0.00884	0.00439	0.00123	0.00184	0.00751	0.00366	0.00325
12	0.00775	0.06130	0.58385	0.08077	0.01602	0.00920	0.06992	0.01159	0.03615	0.01132	0.00678	0.00829	0.00503	0.00378	0.00423	0.00120	0.07298	0.00295	0.00168	0.00520
13	0.00525	0.00410	0.00481	0.00467	0.00572	0.00384	0.00348	0.00741	0.08260	0.01285	0.43072	0.10495	0.29919	0.00833	0.00436	0.00123	0.00193	0.00721	0.00379	0.00355
14	0.00737	0.00621	0.00751	0.00665	0.00818	0.05753	0.06831	0.09858	0.05544	0.02786	0.11025	0.31859	0.08762	0.00804	0.02370	0.00134	0.00319	0.00664	0.00321	0.09378
15	0.00787	0.00718	0.01115	0.01277	0.28404	0.00800	0.06654	0.01010	0.06497	0.01143	0.09493	0.01288	0.00998	0.06563	0.05683	0.00170	0.20811	0.00398	0.05732	0.00459
16	0.00968	0.03738	0.04996	0.13535	0.15272	0.07342	0.05825	0.14164	0.22232	0.01405	0.04452	0.01101	0.00831	0.00466	0.01949	0.00125	0.00437	0.00362	0.00268	0.00531
17	0.00472	0.00368	0.00432	0.00459	0.00548	0.00328	0.00342	0.00579	0.00843	0.01074	0.15442	0.25177	0.41961	0.00980	0.00456	0.00136	0.00210	0.09519	0.00354	0.00319
18	0.02855	0.02225	0.01022	0.00819	0.03217	0.05562	0.00648	0.46414	0.12742	0.07316	0.00947	0.00946	0.00692	0.00421	0.00353	0.00105	0.00381	0.00323	0.00337	0.12675
19	0.00527	0.00354	0.00409	0.00421	0.00425	0.00351	0.00243	0.00536	0.00565	0.00753	0.01299	0.14891	0.01513	0.74270	0.01680	0.00329	0.00338	0.00616	0.00243	0.00236
20	0.00889	0.00960	0.11416	0.05161	0.62698	0.00842	0.01100	0.01125	0.00832	0.03891	0.00787	0.03587	0.00676	0.00388	0.00388	0.00115	0.01924	0.02463	0.00197	0.00560
21	0.00926	0.64195	0.24343	0.00749	0.01129	0.01305	0.00834	0.01129	0.00762	0.00955	0.00556	0.00646	0.00475	0.00327	0.00269	0.00090	0.00438	0.00219	0.00158	0.00496
22	0.01500	0.00721	0.00899	0.00697	0.00970	0.00694	0.00573	0.23921	0.01247	0.55381	0.08320	0.01290	0.01059	0.00481	0.00378	0.00114	0.00329	0.00388	0.00431	0.00608
23	0.00695	0.00437	0.00542	0.00490	0.00621	0.00400	0.00377	0.03731	0.01007	0.13093	0.46097	0.03823	0.22896	0.00822	0.03180	0.00134	0.00233	0.00642	0.00391	0.00389
24	0.00576	0.00416	0.00516	0.04444	0.05253	0.00426	0.00334	0.00641	0.03524	0.00803	0.01194	0.08241	0.01339	0.68986	0.01580	0.00312	0.00358	0.00551	0.00234	0.00272
25	0.89577	0.00718	0.00546	0.00488	0.00718	0.00833	0.00402	0.01091	0.00632	0.01665	0.00517	0.00603	0.00402	0.00345	0.00230	0.00115	0.00287	0.00201	0.00230	0.00402
26	0.01911	0.00624	0.00790	0.00861	0.12788	0.00655	0.00578	0.05834	0.25520	0.04682	0.22390	0.10312	0.03969	0.00652	0.00410	0.00126	0.00285	0.06784	0.00352	0.00476

[dist]
# distance from previous block
# <min> <max>
0	1

[block]
# block no. 3 follows, 74 sequences, length 24
# corresponding to MSA columns:
# 288-311
name=unknown_D
#
# <colnr> <probs for GDERKNQSTAVLIFYWHMCP>
#	G	D	E	R	K	N	Q	S	T	A	V	L	I	F	Y	W	H	M	C	P
0	0.06371	0.04327	0.03927	0.04236	0.17446	0.36123	0.04970	0.08946	0.05920	0.03267	0.00714	0.00821	0.00563	0.00378	0.00345	0.00106	0.00525	0.00290	0.00223	0.00501
1	0.00787	0.00519	0.00696	0.02667	0.05652	0.00502	0.01945	0.03901	0.07565	0.14085	0.47170	0.05027	0.06638	0.00663	0.00417	0.00118	0.00247	0.00581	0.00384	0.00436
2	0.01019	0.08126	0.08480	0.01264	0.24242	0.12960	0.05216	0.10422	0.15561	0.01318	0.00825	0.00918	0.00649	0.00381	0.00360	0.00107	0.01399	0.00317	0.00238	0.06198
3	0.00471	0.00354	0.00434	0.00463	0.00530	0.00319	0.00327	0.00573	0.00838	0.01109	0.25524	0.39606	0.24383	0.02704	0.00483	0.00139	0.00200	0.00866	0.00360	0.00317
4	0.03983	0.10889	0.06756	0.04675	0.25975	0.28667	0.02115	0.07033	0.04397	0.01169	0.00676	0.00803	0.00547	0.00365	0.00339	0.00104	0.00509	0.00284	0.00204	0.00510
5	0.00532	0.00388	0.00548	0.00547	0.00598	0.00435	0.00403	0.00635	0.00598	0.00849	0.03845	0.01733	0.01115	0.22734	0.62740	0.00524	0.00816	0.00441	0.00212	0.00307
6	0.01172	0.05383	0.01320	0.08197	0.18007	0.19098	0.09274	0.26758	0.02540	0.03580	0.00757	0.00871	0.00580	0.00384	0.00363	0.00109	0.00495	0.00319	0.00251	0.00540
7	0.01273	0.00609	0.00776	0.00622	0.00851	0.00566	0.00502	0.10837	0.03154	0.47258	0.22107	0.01594	0.01529	0.00528	0.00382	0.00113	0.00284	0.00440	0.03956	0.02618
8	0.00511	0.00380	0.00491	0.00521	0.00576	0.01562	0.00376	0.00615	0.00779	0.01057	0.21857	0.35963	0.06452	0.05036	0.16189	0.02022	0.00368	0.04604	0.00322	0.00317
9	0.00957	0.66196	0.06551	0.00662	0.00962	0.04558	0.00652	0.02252	0.04238	0.00994	0.06232	0.00812	0.00720	0.00364	0.00270	0.00087	0.00392	0.00251	0.02377	0.00474
10	0.02195	0.03056	0.05663	0.00905	0.02119	0.03775	0.17408	0.19711	0.07267	0.04291	0.00814	0.00899	0.00617	0.00355	0.00346	0.00096	0.00412	0.00314	0.00261	0.29496
11	0.00692	0.00346	0.00346	0.00346	0.00432	0.00346	0.00259	0.00865	0.00778	0.01384	0.01211	0.01384	0.00951	0.00432	0.00259	0.00086	0.00173	0.00346	0.89016	0.00346
12	0.22829	0.10264	0.01057	0.00874	0.06692	0.23811	0.00661	0.11424	0.06572	0.01330	0.00655	0.00755	0.00531	0.00411	0.00413	0.00112	0.10643	0.00266	0.00228	0.00472
13	0.01017	0.04152	0.00926	0.00792	0.03484	0.00927	0.00609	0.12925	0.58674	0.06388	0.05009	0.01327	0.01115	0.00492	0.00374	0.00121	0.00314	0.00405	0.00369	0.00581
14	0.00692	0.00346	0.00346	0.00346	0.00432	0.00346	0.00259	0.00865	0.00778	0.01384	0.01211	0.01384	0.00951	0.00432	0.00259	0.00086	0.00173	0.00346	0.89016	0.00346
15	0.01050	0.11946	0.08262	0.01028	0.10041	0.05960	0.02321	0.23441	0.07039	0.02442	0.00760	0.02313	0.00621	0.00468	0.00552	0.00121	0.20543	0.00325	0.00245	0.00525
16	0.84822	0.00713	0.00563	0.00497	0.00730	0.00817	0.00410	0.01130	0.00655	0.06168	0.00568	0.00639	0.00430	0.00351	0.00237	0.00115	0.00289	0.00210	0.00242	0.00414
17	0.01274	0.04100	0.04201	0.00829	0.01116	0.01093	0.00700	0.63699	0.12749	0.02092	0.00991	0.03740	0.00747	0.00469	0.00370	0.00114	0.00391	0.00362	0.00356	0.00606
18	0.89577	0.00718	0.00546	0.00488	0.00718	0.00833	0.00402	0.01091	0.00632	0.01665	0.00517	0.00603	0.00402	0.00345	0.00230	0.00115	0.00287	0.00201	0.00230	0.00402
19	0.00479	0.00344	0.00460	0.00543	0.00580	0.00325	0.00390	0.00565	0.00742	0.00980	0.02089	0.68479	0.05163	0.01130	0.00480	0.00154	0.00238	0.16205	0.00344	0.00309
20	0.00952	0.00904	0.01489	0.02182	0.78334	0.03414	0.02689	0.01168	0.00858	0.03412	0.00716	0.00922	0.00593	0.00335	0.00368	0.00110	0.00448	0.00331	0.00191	0.00583
21	0.00965	0.01839	0.02088	0.05871	0.26474	0.01946	0.04604	0.07867	0.10734	0.07678	0.00851	0.00955	0.00659	0.00362	0.00358	0.00099	0.01634	0.00316	0.00251	0.24448
22	0.68013	0.04540	0.00707	0.00589	0.00815	0.18004	0.00476	0.01171	0.00722	0.01479	0.00528	0.00616	0.00421	0.00351	0.00251	0.00109	0.00369	0.00209	0.00219	0.00411
23	0.01186	0.00791	0.03296	0.09797	0.33297	0.00772	0.00863	0.04153	0.03175	0.32851	0.01001	0.01059	0.00712	0.00409	0.00415	0.00117	0.04885	0.00347	0.00296	0.00578

[dist]
# distance from previous block
# <min> <max>
0	2

[block]
# block no. 4 follows, 74 sequences, length 18
# corresponding to MSA columns:
# 314-331
name=unknown_E
#
# <colnr> <probs for GDERKNQSTAVLIFYWHMCP>
#	G	D	E	R	K	N	Q	S	T	A	V	L	I	F	Y	W	H	M	C	P
0	0.03966	0.00887	0.01339	0.01625	0.44571	0.00940	0.06292	0.17685	0.04300	0.03653	0.00804	0.01019	0.00654	0.00411	0.00446	0.00119	0.07836	0.02649	0.00241	0.00563
1	0.00899	0.00789	0.01281	0.28517	0.45092	0.00829	0.01007	0.04279	0.00854	0.05696	0.00732	0.00948	0.00575	0.00351	0.00363	0.00111	0.00438	0.00325	0.00202	0.06711
2	0.01169	0.00966	0.03261	0.02640	0.07412	0.04757	0.03955	0.42604	0.13115	0.04840	0.06299	0.01119	0.01872	0.00468	0.00410	0.00116	0.03722	0.00372	0.00330	0.00571
3	0.00962	0.03131	0.02161	0.00792	0.01021	0.00902	0.05566	0.09154	0.58696	0.04672	0.06542	0.01408	0.01180	0.00501	0.00382	0.00123	0.00325	0.01556	0.00361	0.00566
4	0.00692	0.00346	0.00346	0.00346	0.00432	0.00346	0.00259	0.00865	0.00778	0.01384	0.01211	0.01384	0.00951	0.00432	0.00259	0.00086	0.00173	0.00346	0.89016	0.00346
5	0.09674	0.00821	0.01018	0.10069	0.06206	0.02054	0.05572	0.22423	0.03223	0.01515	0.00731	0.00847	0.00566	0.00359	0.00348	0.00096	0.02515	0.00287	0.00252	0.31424
6	0.07474	0.00781	0.00870	0.00771	0.03973	0.00855	0.00591	0.21103	0.34686	0.12278	0.06825	0.01314	0.02567	0.00576	0.03536	0.00137	0.00345	0.00397	0.00364	0.00560
7	0.00692	0.00346	0.00346	0.00346	0.00432	0.00346	0.00259	0.00865	0.00778	0.01384	0.01211	0.01384	0.00951	0.00432	0.00259	0.00086	0.00173	0.00346	0.89016	0.00346
8	0.17215	0.04235	0.01063	0.03955	0.01062	0.19688	0.02761	0.08408	0.00812	0.01175	0.00562	0.00752	0.00484	0.00486	0.00681	0.00129	0.35613	0.00282	0.00200	0.00436
9	0.89577	0.00718	0.00546	0.00488	0.00718	0.00833	0.00402	0.01091	0.00632	0.01665	0.00517	0.00603	0.00402	0.00345	0.00230	0.00115	0.00287	0.00201	0.00230	0.00402
10	0.01102	0.00863	0.00923	0.00781	0.01020	0.00975	0.00621	0.26390	0.55724	0.05390	0.01323	0.01232	0.00973	0.00484	0.00376	0.00121	0.00329	0.00392	0.00379	0.00603
11	0.89577	0.00718	0.00546	0.00488	0.00718	0.00833	0.00402	0.01091	0.00632	0.01665	0.00517	0.00603	0.00402	0.00345	0.00230	0.00115	0.00287	0.00201	0.00230	0.00402
12	0.01013	0.00849	0.01192	0.00955	0.01209	0.00911	0.19929	0.15126	0.37619	0.06782	0.01233	0.01391	0.00958	0.00488	0.00422	0.00127	0.02674	0.06238	0.00329	0.00555
13	0.00906	0.00819	0.01253	0.09333	0.09215	0.01955	0.21671	0.08285	0.23462	0.04532	0.01304	0.01431	0.09020	0.00479	0.00418	0.00124	0.02259	0.02738	0.00282	0.00514
14	0.00709	0.00557	0.00635	0.00579	0.00714	0.02036	0.00447	0.09262	0.18359	0.01528	0.48804	0.04596	0.06215	0.00695	0.00420	0.00121	0.00239	0.03270	0.00388	0.00426
15	0.00824	0.00838	0.01165	0.00988	0.01015	0.03908	0.04790	0.00919	0.00600	0.00907	0.00522	0.00841	0.00507	0.00704	0.04282	0.00175	0.76110	0.00330	0.00166	0.00409
16	0.00524	0.00403	0.00545	0.00514	0.00610	0.00378	0.03437	0.00672	0.00914	0.01249	0.46793	0.06652	0.17657	0.05022	0.08629	0.00180	0.00291	0.04836	0.00354	0.00339
17	0.00619	0.00532	0.00820	0.37090	0.02945	0.00595	0.02475	0.00830	0.03794	0.01033	0.04862	0.20442	0.07395	0.00713	0.00426	0.00137	0.00368	0.14283	0.00265	0.00378

[dist]
# distance from previous block
# <min> <max>
0	1

[block]
# block no. 5 follows, 74 sequences, length 36
# corresponding to MSA columns:
# 333-368
name=unknown_F
#
# <colnr> <probs for GDERKNQSTAVLIFYWHMCP>
#	G	D	E	R	K	N	Q	S	T	A	V	L	I	F	Y	W	H	M	C	P
0	0.51471	0.00757	0.00759	0.00619	0.00877	0.00818	0.02716	0.14705	0.00925	0.21955	0.00814	0.00821	0.00569	0.00388	0.00293	0.00115	0.00323	0.00271	0.00307	0.00498
1	0.86058	0.00760	0.00566	0.00507	0.00735	0.04210	0.00415	0.01107	0.00648	0.01635	0.00519	0.00606	0.00405	0.00346	0.00234	0.00114	0.00302	0.00203	0.00228	0.00403
2	0.00539	0.00362	0.00414	0.00414	0.00417	0.00365	0.00236	0.00545	0.00542	0.00726	0.01161	0.02384	0.01330	0.83079	0.05739	0.00371	0.00389	0.00533	0.00224	0.00230
3	0.00896	0.00944	0.01903	0.01397	0.01686	0.00965	0.61698	0.01151	0.00817	0.04713	0.00724	0.00971	0.00562	0.00393	0.00606	0.00133	0.19353	0.00410	0.00194	0.00486
4	0.00585	0.00421	0.00580	0.00652	0.00739	0.00416	0.00563	0.00753	0.00871	0.01139	0.09132	0.04039	0.05784	0.00999	0.00503	0.00164	0.00321	0.71651	0.00348	0.00341
5	0.05233	0.00712	0.00875	0.00696	0.00958	0.00694	0.00576	0.22482	0.01201	0.49811	0.04876	0.01444	0.01034	0.00510	0.00381	0.00119	0.00334	0.07063	0.00415	0.00586
6	0.01307	0.00968	0.01047	0.00825	0.01099	0.01076	0.00675	0.66556	0.13245	0.03761	0.00994	0.00994	0.00721	0.00562	0.04291	0.00136	0.00417	0.00350	0.00366	0.00611
7	0.00922	0.00802	0.00870	0.00774	0.00988	0.00924	0.02479	0.01954	0.82069	0.01544	0.01493	0.01376	0.01120	0.00499	0.00379	0.00126	0.00301	0.00420	0.00373	0.00586
8	0.00692	0.00346	0.00346	0.00346	0.00432	0.00346	0.00259	0.00865	0.00778	0.01384	0.01211	0.01384	0.00951	0.00432	0.00259	0.00086	0.00173	0.00346	0.89016	0.00346
9	0.03149	0.05010	0.03443	0.02688	0.06210	0.27516	0.06785	0.09667	0.04903	0.01213	0.00804	0.01101	0.00693	0.00433	0.00388	0.00106	0.04051	0.07469	0.00232	0.14139
10	0.01053	0.02312	0.09160	0.00987	0.06622	0.06280	0.08583	0.14203	0.27808	0.08786	0.03360	0.01113	0.00851	0.00454	0.00437	0.00121	0.06643	0.00370	0.00302	0.00555
11	0.00692	0.00346	0.00346	0.00346	0.00432	0.00346	0.00259	0.00865	0.00778	0.01384	0.01211	0.01384	0.00951	0.00432	0.00259	0.00086	0.00173	0.00346	0.89016	0.00346
12	0.38994	0.08390	0.03784	0.03179	0.01096	0.11004	0.12476	0.05755	0.00791	0.01359	0.00584	0.00722	0.00467	0.00381	0.00394	0.00116	0.09588	0.00266	0.00210	0.00444
13	0.89577	0.00718	0.00546	0.00488	0.00718	0.00833	0.00402	0.01091	0.00632	0.01665	0.00517	0.00603	0.00402	0.00345	0.00230	0.00115	0.00287	0.00201	0.00230	0.00402
14	0.01009	0.01267	0.33769	0.00882	0.01242	0.00904	0.00910	0.25777	0.16809	0.06314	0.01030	0.06665	0.00801	0.00469	0.00372	0.00119	0.00423	0.00377	0.00292	0.00569
15	0.89577	0.00718	0.00546	0.00488	0.00718	0.00833	0.00402	0.01091	0.00632	0.01665	0.00517	0.00603	0.00402	0.00345	0.00230	0.00115	0.00287	0.00201	0.00230	0.00402
16	0.00794	0.00693	0.05035	0.00798	0.09241	0.00668	0.00586	0.14494	0.16367	0.01580	0.40883	0.01892	0.02090	0.00646	0.02466	0.00129	0.00300	0.00509	0.00356	0.00473
17	0.00822	0.00710	0.00872	0.00793	0.04961	0.03402	0.07266	0.11207	0.25391	0.01429	0.17482	0.01921	0.12328	0.05104	0.00499	0.00135	0.02075	0.02799	0.00334	0.00470
18	0.00506	0.00407	0.00461	0.00474	0.02905	0.00361	0.00341	0.00653	0.03527	0.02294	0.21311	0.05742	0.56802	0.00870	0.00436	0.00124	0.00200	0.01886	0.00357	0.00342
19	0.02578	0.08819	0.02167	0.11745	0.12705	0.20705	0.00744	0.06708	0.00929	0.11177	0.00749	0.00867	0.00582	0.00452	0.03197	0.00116	0.02487	0.00286	0.00232	0.12755
20	0.00970	0.06901	0.01197	0.18436	0.25402	0.03731	0.00831	0.11063	0.00923	0.06774	0.00742	0.00916	0.00587	0.01708	0.00391	0.00107	0.02860	0.00305	0.00226	0.15933
21	0.09034	0.08953	0.16282	0.01051	0.12519	0.03468	0.03903	0.33122	0.01174	0.05899	0.00772	0.00840	0.00570	0.00387	0.00344	0.00110	0.00437	0.00302	0.00268	0.00565
22	0.03512	0.73559	0.01790	0.00661	0.00968	0.05280	0.00635	0.06514	0.00835	0.02605	0.00561	0.00631	0.00493	0.00332	0.00254	0.00084	0.00406	0.00213	0.00182	0.00485
23	0.02706	0.00960	0.17999	0.04741	0.03348	0.03868	0.11387	0.02316	0.07253	0.22729	0.05364	0.03534	0.03005	0.01724	0.05247	0.00150	0.00453	0.02413	0.00292	0.00511
24	0.00692	0.00346	0.00346	0.00346	0.00432	0.00346	0.00259	0.00865	0.00778	0.01384	0.01211	0.01384	0.00951	0.00432	0.00259	0.00086	0.00173	0.00346	0.89016	0.00346
25	0.37569	0.01824	0.02280	0.02715	0.05410	0.09083	0.01767	0.18003	0.09979	0.03431	0.00749	0.00809	0.00568	0.00389	0.00317	0.00112	0.01402	0.00276	0.00268	0.03050
26	0.01126	0.02689	0.02502	0.00863	0.04232	0.02936	0.00678	0.31569	0.39948	0.04057	0.01153	0.01116	0.00856	0.00472	0.00406	0.00119	0.03971	0.00369	0.00349	0.00591
27	0.00692	0.00346	0.00346	0.00346	0.00432	0.00346	0.00259	0.00865	0.00778	0.01384	0.01211	0.01384	0.00951	0.00432	0.00259	0.00086	0.00173	0.00346	0.89016	0.00346
28	0.00867	0.04034	0.01187	0.03810	0.03467	0.06060	0.02102	0.02949	0.00651	0.00944	0.00519	0.00810	0.00494	0.00593	0.01045	0.00151	0.69408	0.00318	0.00170	0.00422
29	0.78248	0.00743	0.00609	0.00527	0.00765	0.00849	0.00435	0.08421	0.00748	0.05047	0.00588	0.00655	0.00443	0.00358	0.00248	0.00115	0.00299	0.00220	0.00251	0.00431
30	0.00932	0.13765	0.37329	0.03187	0.01330	0.12092	0.02063	0.06032	0.01941	0.02425	0.00640	0.00777	0.00502	0.00411	0.00484	0.00117	0.15012	0.00278	0.00183	0.00501
31	0.86920	0.00715	0.00555	0.00493	0.00725	0.00824	0.00406	0.01113	0.00645	0.04181	0.00545	0.00623	0.00418	0.00348	0.00234	0.00115	0.00288	0.00206	0.00237	0.00409
32	0.00665	0.00453	0.00564	0.00515	0.00633	0.00439	0.00391	0.02012	0.10155	0.07835	0.60887	0.02486	0.06381	0.03238	0.01590	0.00131	0.00219	0.00614	0.00398	0.00396
33	0.03180	0.02231	0.25355	0.02163	0.12988	0.01860	0.09550	0.04154	0.07273	0.02797	0.18420	0.04980	0.01283	0.00486	0.00397	0.00119	0.01583	0.00429	0.00258	0.00494
34	0.00748	0.03466	0.17375	0.04747	0.04677	0.04399	0.09154	0.03536	0.02496	0.02300	0.09198	0.11083	0.02369	0.10956	0.00641	0.02977	0.03836	0.03363	0.00244	0.02438
35	0.02810	0.02425	0.07491	0.02856	0.06937	0.22940	0.04687	0.08075	0.13169	0.04304	0.07704	0.02461	0.09304	0.00500	0.00395	0.00114	0.02675	0.00399	0.00273	0.00480

[dist]
# distance from previous block
# <min> <max>
0	2

[block]
# block no. 6 follows, 74 sequences, length 29
# corresponding to MSA columns:
# 371-399
name=unknown_G
#
# <colnr> <probs for GDERKNQSTAVLIFYWHMCP>
#	G	D	E	R	K	N	Q	S	T	A	V	L	I	F	Y	W	H	M	C	P
0	0.03121	0.11274	0.02117	0.04037	0.03779	0.13240	0.14018	0.04373	0.08823	0.03842	0.00872	0.01040	0.03062	0.00412	0.00410	0.00106	0.06851	0.02622	0.00231	0.15769
1	0.00890	0.00859	0.01414	0.10351	0.64711	0.02255	0.02353	0.01099	0.00813	0.01156	0.00685	0.00923	0.00575	0.00366	0.00442	0.00116	0.08132	0.00331	0.01984	0.00546
2	0.02870	0.02174	0.14920	0.01024	0.10088	0.00959	0.05070	0.30152	0.17529	0.04667	0.04666	0.01065	0.00824	0.00437	0.00385	0.00117	0.01817	0.00358	0.00304	0.00575
3	0.00674	0.00573	0.00649	0.02916	0.02339	0.01537	0.01460	0.02655	0.30423	0.01265	0.10348	0.11747	0.27991	0.00794	0.02810	0.00140	0.00278	0.00623	0.00348	0.00431
4	0.00976	0.06256	0.23555	0.02048	0.11679	0.10922	0.04219	0.12310	0.17784	0.01375	0.04613	0.01012	0.00782	0.00411	0.00361	0.00113	0.00456	0.00335	0.00250	0.00542
5	0.00502	0.00378	0.00465	0.00450	0.00546	0.00341	0.00339	0.00653	0.00981	0.01333	0.58359	0.05388	0.25006	0.00826	0.00441	0.00121	0.00184	0.02959	0.00388	0.00339
6	0.00992	0.58442	0.11212	0.03307	0.06335	0.10618	0.02455	0.01158	0.00798	0.00941	0.00560	0.00665	0.00485	0.00331	0.00278	0.00090	0.00454	0.00228	0.00164	0.00485
7	0.00458	0.00343	0.00417	0.00473	0.00523	0.00312	0.00323	0.00528	0.00738	0.00949	0.02453	0.55634	0.25075	0.07568	0.00572	0.00160	0.00221	0.02619	0.00336	0.00300
8	0.00770	0.00660	0.00770	0.00550	0.00880	0.00495	0.00440	0.00935	0.00770	0.01210	0.00660	0.00770	0.00550	0.00275	0.00275	0.00055	0.00275	0.00220	0.00220	0.89224
9	0.00965	0.00764	0.00934	0.00812	0.05800	0.05554	0.03039	0.07710	0.00863	0.10620	0.00825	0.00999	0.00664	0.00437	0.00517	0.00104	0.19216	0.01968	0.11142	0.27068
10	0.85951	0.00723	0.00564	0.00499	0.00732	0.00834	0.00411	0.02826	0.00664	0.03367	0.00544	0.00622	0.00417	0.00349	0.00236	0.00115	0.00290	0.00207	0.00237	0.00411
11	0.00480	0.00353	0.00436	0.00470	0.00536	0.00321	0.00335	0.00586	0.00833	0.01117	0.23128	0.41677	0.21040	0.00980	0.00450	0.00135	0.00201	0.02866	0.03738	0.00319
12	0.01029	0.05105	0.06229	0.06528	0.09406	0.01859	0.31255	0.11929	0.02238	0.12446	0.02562	0.01120	0.01615	0.00402	0.00414	0.00119	0.02569	0.02392	0.00255	0.00529
13	0.01047	0.73562	0.01831	0.00690	0.01000	0.06292	0.02299	0.07775	0.00854	0.01000	0.00554	0.00632	0.00491	0.00332	0.00258	0.00084	0.00418	0.00217	0.00178	0.00487
14	0.89577	0.00718	0.00546	0.00488	0.00718	0.00833	0.00402	0.01091	0.00632	0.01665	0.00517	0.00603	0.00402	0.00345	0.00230	0.00115	0.00287	0.00201	0.00230	0.00402
15	0.00993	0.35160	0.01282	0.00700	0.00950	0.01092	0.00613	0.13635	0.24789	0.03405	0.04972	0.01322	0.00997	0.00481	0.00337	0.00109	0.00351	0.08006	0.00290	0.00517
16	0.00705	0.00585	0.00863	0.39888	0.04030	0.00664	0.00722	0.01024	0.11707	0.04073	0.26363	0.03412	0.03376	0.00537	0.00396	0.00122	0.00351	0.00472	0.00285	0.00425
17	0.00468	0.00361	0.00427	0.00456	0.00535	0.00323	0.00331	0.00569	0.00830	0.01067	0.16680	0.31385	0.37190	0.02624	0.00482	0.00139	0.00207	0.05257	0.00353	0.00315
18	0.00730	0.00690	0.01166	0.74737	0.13653	0.00832	0.01045	0.00974	0.00756	0.00984	0.00665	0.00980	0.00507	0.00366	0.00371	0.00122	0.00488	0.00330	0.00167	0.00436
19	0.00502	0.00381	0.00464	0.00454	0.00552	0.00343	0.00346	0.00649	0.00967	0.01300	0.51917	0.04491	0.28998	0.00841	0.00444	0.00124	0.00191	0.06317	0.00383	0.00337
20	0.04911	0.00783	0.00879	0.00664	0.00968	0.00740	0.00540	0.26287	0.05849	0.10984	0.00863	0.00890	0.00643	0.00364	0.00319	0.00086	0.00322	0.00283	0.00302	0.43323
21	0.71677	0.00811	0.00656	0.06942	0.00907	0.07834	0.00491	0.03360	0.00704	0.01554	0.00542	0.00649	0.00423	0.00358	0.00270	0.00115	0.01854	0.00220	0.00224	0.00411
22	0.05107	0.01061	0.22550	0.01148	0.11806	0.00757	0.18753	0.01334	0.00897	0.26304	0.02999	0.01149	0.00768	0.00406	0.00381	0.00119	0.00454	0.03183	0.00273	0.00549
23	0.89577	0.00718	0.00546	0.00488	0.00718	0.00833	0.00402	0.01091	0.00632	0.01665	0.00517	0.00603	0.00402	0.00345	0.00230	0.00115	0.00287	0.00201	0.00230	0.00402
24	0.02933	0.45640	0.01531	0.00739	0.01037	0.04396	0.00665	0.34924	0.01167	0.01493	0.00672	0.00723	0.00539	0.00378	0.00311	0.00095	0.01716	0.00258	0.00249	0.00536
25	0.01073	0.00560	0.00733	0.00626	0.00803	0.00558	0.00498	0.11155	0.00936	0.33248	0.02706	0.01567	0.05503	0.06521	0.27131	0.02646	0.00534	0.02397	0.00335	0.00472
26	0.00810	0.00658	0.00774	0.00555	0.00883	0.00497	0.00445	0.00974	0.00783	0.04931	0.00696	0.00792	0.00566	0.00283	0.00279	0.00058	0.00277	0.00227	0.00231	0.85284
27	0.04075	0.12921	0.05144	0.03822	0.02601	0.20105	0.05371	0.01051	0.00791	0.02713	0.03178	0.04345	0.01903	0.09599	0.01661	0.00149	0.14689	0.04191	0.00211	0.01478
28	0.00656	0.00452	0.00571	0.00562	0.00677	0.00441	0.00453	0.00868	0.06736	0.08052	0.28632	0.05033	0.18216	0.00834	0.00471	0.00136	0.02531	0.23927	0.00371	0.00381

[dist]
# distance from previous block
# <min> <max>
4	10

[block]
# block no. 7 follows, 74 sequences, length 25
# corresponding to MSA columns:
# 412-436
name=unknown_H
#
# <colnr> <probs for GDERKNQSTAVLIFYWHMCP>
#	G	D	E	R	K	N	Q	S	T	A	V	L	I	F	Y	W	H	M	C	P
0	0.13932	0.03439	0.02348	0.04097	0.01026	0.13579	0.03766	0.14241	0.15341	0.04612	0.00915	0.01055	0.00730	0.02867	0.16242	0.00209	0.00528	0.00332	0.00267	0.00475
1	0.00700	0.00657	0.00616	0.00596	0.00716	0.14819	0.00460	0.00919	0.08322	0.01220	0.31802	0.04999	0.16628	0.00826	0.03465	0.00141	0.00325	0.12076	0.00339	0.00375
2	0.00817	0.00842	0.05468	0.39536	0.18658	0.02468	0.14056	0.02075	0.00816	0.03039	0.04103	0.01030	0.00656	0.00385	0.00422	0.00122	0.04485	0.00357	0.00192	0.00474
3	0.00596	0.00444	0.00544	0.00582	0.02185	0.00447	0.00408	0.00858	0.16070	0.03322	0.08534	0.45170	0.08308	0.06677	0.00542	0.00155	0.00246	0.04195	0.00348	0.00369
4	0.00915	0.00877	0.08469	0.16459	0.05598	0.00884	0.04314	0.20944	0.11005	0.02402	0.10255	0.02145	0.02003	0.00540	0.02299	0.00134	0.09586	0.00394	0.00277	0.00502
5	0.00954	0.01040	0.01183	0.40717	0.20327	0.25918	0.00958	0.01148	0.00854	0.00994	0.00640	0.00876	0.00510	0.00371	0.00375	0.00113	0.02086	0.00303	0.00177	0.00457
6	0.89577	0.00718	0.00546	0.00488	0.00718	0.00833	0.00402	0.01091	0.00632	0.01665	0.00517	0.00603	0.00402	0.00345	0.00230	0.00115	0.00287	0.00201	0.00230	0.00402
7	0.00992	0.87178	0.01945	0.00635	0.00953	0.01469	0.00635	0.01111	0.00754	0.00873	0.00516	0.00595	0.00476	0.00318	0.00238	0.00079	0.00397	0.00198	0.00159	0.00476
8	0.00460	0.00334	0.00434	0.00499	0.00537	0.00308	0.00340	0.00540	0.00762	0.01016	0.11951	0.69981	0.09272	0.01097	0.00467	0.00145	0.00208	0.00988	0.00352	0.00308
9	0.00490	0.00403	0.00462	0.02739	0.00605	0.02696	0.00358	0.00579	0.00760	0.00954	0.02534	0.36353	0.35867	0.03106	0.10139	0.00193	0.00316	0.00816	0.00316	0.00315
