[name]
unknown

[dist]
# distance from previous block
# <min> <max>
7	81

[block]
# block no. 0 follows, 74 sequences, length 17
# corresponding to MSA columns:
# 87-103
name=unknown_A
#
# <colnr> <probs for GDERKNQSTAVLIFYWHMCP>
#	G	D	E	R	K	N	Q	S	T	A	V	L	I	F	Y	W	H	M	C	P
0	0.09651	0.00745	0.04978	0.00656	0.00845	0.04605	0.01587	0.14678	0.06508	0.04689	0.16814	0.06862	0.02389	0.04318	0.03340	0.02975	0.03887	0.00439	0.02286	0.07750
1	0.05806	0.00610	0.00802	0.00720	0.06558	0.00570	0.00534	0.05823	0.02516	0.46826	0.21455	0.01557	0.01485	0.00517	0.00378	0.00114	0.00290	0.00432	0.02464	0.00541
2	0.00958	0.30992	0.32230	0.00930	0.01322	0.08724	0.09561	0.05039	0.03035	0.03017	0.00666	0.00763	0.00518	0.00350	0.00323	0.00103	0.00497	0.00271	0.00186	0.00515
3	0.10571	0.03152	0.00855	0.00643	0.00918	0.00610	0.00532	0.03756	0.01017	0.69600	0.01341	0.03482	0.00888	0.00462	0.00357	0.00115	0.00315	0.00368	0.00422	0.00595
4	0.06841	0.00911	0.05586	0.01814	0.59739	0.03247	0.01000	0.01250	0.00867	0.14018	0.00798	0.00937	0.00617	0.00354	0.00358	0.00111	0.00424	0.00323	0.00228	0.00576
5	0.00682	0.00514	0.00674	0.00711	0.09584	0.00497	0.00481	0.02362	0.10118	0.05081	0.49204	0.03535	0.07758	0.00670	0.00415	0.00117	0.00237	0.02754	0.00368	0.04238
6	0.00769	0.00713	0.00972	0.00846	0.00866	0.00954	0.00685	0.04381	0.00618	0.00927	0.00657	0.01122	0.00667	0.13819	0.09621	0.00233	0.61220	0.00365	0.00184	0.00381
7	0.01095	0.00944	0.01220	0.05657	0.27537	0.03954	0.02671	0.31012	0.13646	0.01626	0.00871	0.00969	0.00670	0.00422	0.00426	0.00117	0.05966	0.00344	0.00279	0.00575
8	0.01308	0.00600	0.00771	0.00627	0.00859	0.00552	0.00504	0.06013	0.07008	0.53966	0.09531	0.07740	0.07678	0.00578	0.00392	0.00119	0.00289	0.00483	0.00427	0.00554
9	0.00943	0.00925	0.04670	0.01632	0.49714	0.04166	0.00928	0.07997	0.06424	0.01315	0.00755	0.00904	0.00611	0.00344	0.00349	0.00101	0.00411	0.00310	0.00218	0.17285
10	0.00458	0.00357	0.00418	0.00452	0.00530	0.00316	0.00324	0.00552	0.00815	0.01038	0.12129	0.36942	0.39996	0.01012	0.00455	0.00136	0.00202	0.03203	0.00352	0.00314
11	0.02536	0.00880	0.02860	0.01194	0.17679	0.07744	0.11106	0.08004	0.04436	0.01153	0.00763	0.01046	0.00662	0.04582	0.14248	0.00212	0.19863	0.00356	0.00209	0.00466
12	0.00899	0.00862	0.01472	0.09744	0.77326	0.00877	0.01130	0.01122	0.00836	0.01189	0.00695	0.00925	0.00580	0.00334	0.00368	0.00111	0.00446	0.00331	0.00182	0.00572
13	0.00837	0.02790	0.08128	0.06657	0.02233	0.15711	0.08630	0.02462	0.06213	0.02250	0.08078	0.10275	0.08753	0.00603	0.00501	0.00126	0.11150	0.03920	0.00255	0.00428
14	0.00944	0.06453	0.14047	0.02820	0.14885	0.00830	0.00787	0.17240	0.00974	0.02688	0.00711	0.00823	0.00558	0.00347	0.00347	0.00092	0.02616	0.00275	0.00231	0.32331
15	0.04263	0.00670	0.03361	0.00633	0.00780	0.09337	0.04237	0.02173	0.04959	0.03612	0.11320	0.23619	0.10007	0.07477	0.00533	0.00141	0.01645	0.02820	0.00301	0.08113
16	0.05262	0.18231	0.24360	0.01752	0.01175	0.04449	0.02946	0.13243	0.10379	0.04573	0.00877	0.06774	0.00725	0.00446	0.00369	0.00113	0.03220	0.00344	0.00244	0.00518

[dist]
# distance from previous block
# <min> <max>
6	12

[block]
# block no. 1 follows, 74 sequences, length 21
# corresponding to MSA columns:
# 116-136
name=unknown_B
#
# <colnr> <probs for GDERKNQSTAVLIFYWHMCP>
#	G	D	E	R	K	N	Q	S	T	A	V	L	I	F	Y	W	H	M	C	P
0	0.00551	0.00398	0.00469	0.00474	0.00508	0.01978	0.00317	0.00610	0.00658	0.00880	0.11039	0.05629	0.04110	0.51509	0.12360	0.00327	0.00415	0.07238	0.00260	0.00272
1	0.10599	0.13540	0.12284	0.03790	0.10591	0.03642	0.06477	0.09809	0.07183	0.04908	0.02680	0.04445	0.00809	0.03094	0.00403	0.00122	0.01170	0.03710	0.00246	0.00496
2	0.02508	0.13682	0.30271	0.01084	0.06161	0.02653	0.17719	0.05029	0.00862	0.06177	0.02112	0.01005	0.00650	0.00474	0.03550	0.00133	0.02236	0.02974	0.00207	0.00514
3	0.00725	0.00620	0.00890	0.09360	0.01015	0.00774	0.02592	0.08173	0.00717	0.01035	0.00798	0.01150	0.00716	0.01553	0.39083	0.00347	0.26851	0.00362	0.02843	0.00394
4	0.00814	0.00520	0.00629	0.00580	0.00725	0.00516	0.00445	0.04173	0.17178	0.15879	0.23454	0.18685	0.10419	0.00752	0.00422	0.00127	0.00247	0.03605	0.00389	0.00442
5	0.02989	0.09386	0.03463	0.14494	0.05752	0.10603	0.06331	0.10912	0.04130	0.21373	0.00933	0.02968	0.00703	0.02218	0.00406	0.00118	0.02078	0.00345	0.00279	0.00518
6	0.06380	0.03507	0.05198	0.01912	0.01141	0.05276	0.10072	0.28953	0.04309	0.11026	0.01019	0.06677	0.02361	0.00503	0.00451	0.00122	0.08029	0.02236	0.00302	0.00525
7	0.00512	0.00348	0.00459	0.00517	0.00560	0.00327	0.00358	0.00590	0.00737	0.04093	0.05470	0.65408	0.06497	0.04940	0.04499	0.00177	0.00263	0.03591	0.00339	0.00316
8	0.38887	0.00813	0.03131	0.00984	0.18470	0.02593	0.01733	0.04239	0.02400	0.16700	0.00767	0.00840	0.00569	0.00390	0.00365	0.00117	0.05956	0.00283	0.00262	0.00501
9	0.02932	0.08579	0.04791	0.01127	0.02719	0.20248	0.31848	0.05094	0.00920	0.04413	0.01570	0.02055	0.02792	0.00416	0.00443	0.00117	0.06963	0.02284	0.00215	0.00476
10	0.00909	0.00872	0.01489	0.05951	0.81042	0.00879	0.01134	0.01131	0.00841	0.01201	0.00697	0.00922	0.00584	0.00332	0.00368	0.00111	0.00443	0.00331	0.00183	0.00580
11	0.00530	0.00398	0.00597	0.00597	0.00663	0.00464	0.00464	0.00663	0.00597	0.00862	0.00994	0.01458	0.00928	0.02784	0.85484	0.00597	0.00994	0.00398	0.00199	0.00331
12	0.00554	0.00414	0.00514	0.00548	0.00626	0.00404	0.00410	0.04332	0.05649	0.01152	0.13399	0.41890	0.13065	0.00986	0.00461	0.00143	0.00241	0.14508	0.00356	0.00348
13	0.17107	0.01056	0.00996	0.02926	0.07140	0.23258	0.03678	0.12069	0.10064	0.06362	0.00801	0.01886	0.00631	0.00497	0.02942	0.00129	0.07401	0.00310	0.00257	0.00488
14	0.04240	0.00805	0.01065	0.00902	0.02962	0.10640	0.19049	0.06178	0.08236	0.11059	0.02532	0.21621	0.04825	0.00623	0.00418	0.00127	0.01266	0.02695	0.00301	0.00459
15	0.02374	0.00373	0.00453	0.00454	0.00476	0.00388	0.00288	0.00579	0.00575	0.00800	0.03602	0.05706	0.01340	0.60163	0.19056	0.01884	0.00478	0.00525	0.00229	0.00256
16	0.02729	0.01210	0.12612	0.05367	0.12006	0.22145	0.07605	0.14333	0.01052	0.09669	0.04110	0.02189	0.00716	0.00407	0.00364	0.00110	0.00493	0.00333	0.00251	0.02298
17	0.04334	0.00900	0.05094	0.15424	0.39025	0.06373	0.00937	0.06730	0.02559	0.08717	0.00851	0.05893	0.00704	0.00413	0.00367	0.00115	0.00435	0.00365	0.00232	0.00530
18	0.04784	0.00690	0.03060	0.00704	0.00935	0.02159	0.04122	0.05922	0.03428	0.47682	0.04793	0.09344	0.01105	0.04534	0.00495	0.00132	0.04749	0.00446	0.00380	0.00536
19	0.07303	0.00826	0.05801	0.00791	0.03722	0.14071	0.03218	0.02720	0.00782	0.02999	0.07781	0.01404	0.02222	0.04588	0.27041	0.00280	0.09974	0.03850	0.00229	0.00398
20	0.12772	0.00772	0.02675	0.02377	0.00924	0.05692	0.00511	0.08502	0.03586	0.04747	0.03283	0.02766	0.00746	0.02639	0.00348	0.00092	0.00325	0.01987	0.00256	0.45000

[dist]
# distance from previous block
# <min> <max>
3	38

[block]
# block no. 2 follows, 74 sequences, length 94
# corresponding to MSA columns:
# 184-277
name=unknown_C
#
# <colnr> <probs for GDERKNQSTAVLIFYWHMCP>
#	G	D	E	R	K	N	Q	S	T	A	V	L	I	F	Y	W	H	M	C	P
0	0.26521	0.17923	0.06225	0.00805	0.04654	0.06414	0.05923	0.15417	0.00946	0.06750	0.01752	0.02998	0.00623	0.00397	0.00310	0.00108	0.00398	0.01092	0.00249	0.00492
1	0.39537	0.00864	0.04984	0.02729	0.10278	0.06684	0.01702	0.09238	0.03405	0.03352	0.06314	0.01017	0.04553	0.00416	0.00311	0.00112	0.00354	0.00310	0.00256	0.03586
2	0.00818	0.00742	0.01008	0.00873	0.00907	0.00989	0.00713	0.02532	0.06163	0.03905	0.00690	0.01045	0.00650	0.07674	0.07538	0.00206	0.62581	0.00356	0.00199	0.00410
3	0.01060	0.26935	0.19609	0.00871	0.01187	0.16985	0.02936	0.07115	0.00981	0.01233	0.08180	0.04912	0.00944	0.00488	0.00371	0.00118	0.00488	0.00355	0.00249	0.04984
4	0.00978	0.00659	0.00733	0.00631	0.00811	0.04443	0.00493	0.16622	0.11201	0.17014	0.26759	0.09191	0.07599	0.00644	0.00405	0.00119	0.00286	0.00544	0.00387	0.00481
5	0.00827	0.06162	0.04822	0.00585	0.00922	0.00576	0.00501	0.01001	0.00784	0.05389	0.00691	0.00784	0.00560	0.00291	0.00281	0.00062	0.00298	0.00229	0.00225	0.75008
6	0.00452	0.00324	0.00429	0.00513	0.00537	0.00302	0.00343	0.00517	0.00714	0.00949	0.02090	0.84574	0.04566	0.01157	0.00473	0.00150	0.00215	0.01048	0.00345	0.00302
7	0.03406	0.06681	0.00993	0.00769	0.01005	0.02892	0.00623	0.21367	0.42460	0.10076	0.01197	0.01139	0.00884	0.00472	0.00399	0.00119	0.04221	0.00366	0.00352	0.00578
8	0.01387	0.01769	0.01052	0.00956	0.01148	0.85465	0.00717	0.01482	0.01052	0.00908	0.00574	0.00669	0.00478	0.00383	0.00335	0.00096	0.00669	0.00239	0.00191	0.00430
9	0.00524	0.00389	0.00570	0.00577	0.00635	0.00443	0.00438	0.00642	0.00603	0.00860	0.01098	0.09045	0.01090	0.07984	0.72674	0.00542	0.00885	0.00465	0.00213	0.00322
10	0.00729	0.04321	0.00607	0.00565	0.00664	0.00420	0.00428	0.00835	0.00829	0.16696	0.09825	0.48293	0.02140	0.00937	0.00446	0.00140	0.00254	0.11126	0.00363	0.00381
11	0.01373	0.04608	0.01082	0.00946	0.01141	0.82673	0.00714	0.01470	0.01042	0.00907	0.00572	0.00667	0.00478	0.00380	0.00331	0.00095	0.00660	0.00238	0.00190	0.00432
12	0.01608	0.00785	0.00882	0.00698	0.00969	0.12303	0.00566	0.01745	0.01061	0.71860	0.02739	0.01207	0.00901	0.00454	0.00369	0.00112	0.00362	0.00360	0.00421	0.00599
13	0.00837	0.00946	0.02030	0.01460	0.01813	0.00883	0.75964	0.01131	0.00873	0.01173	0.01017	0.01228	0.07972	0.00368	0.00438	0.00125	0.00587	0.00469	0.00202	0.00484
14	0.00530	0.00398	0.00597	0.00597	0.00663	0.00464	0.00464	0.00663	0.00597	0.00862	0.00994	0.01458	0.00928	0.02784	0.85484	0.00597	0.00994	0.00398	0.00199	0.00331
15	0.00636	0.00396	0.00505	0.00488	0.00534	0.00409	0.00328	0.00690	0.00604	0.08195	0.01141	0.02021	0.01179	0.52903	0.27992	0.00413	0.00555	0.00480	0.00237	0.00294
16	0.01141	0.00782	0.00871	0.00743	0.00979	0.00858	0.00589	0.09701	0.57039	0.20817	0.01441	0.01310	0.01036	0.00488	0.00376	0.00122	0.00310	0.00401	0.00396	0.00602
17	0.00855	0.39819	0.48098	0.00870	0.01316	0.01132	0.01044	0.01147	0.00771	0.01041	0.00599	0.00700	0.00473	0.00337	0.00302	0.00101	0.00481	0.00241	0.00158	0.00516
18	0.00479	0.00383	0.00403	0.00395	0.00519	0.00324	0.00297	0.00585	0.00878	0.03074	0.14307	0.03412	0.71849	0.00905	0.00437	0.00124	0.00189	0.00759	0.00356	0.00326
19	0.09598	0.00966	0.04701	0.00966	0.02517	0.00996	0.17503	0.30956	0.24735	0.01751	0.00990	0.01022	0.00730	0.00420	0.00372	0.00119	0.00415	0.00364	0.00310	0.00566
20	0.00453	0.00340	0.00421	0.00478	0.00530	0.00307	0.00329	0.00532	0.00765	0.00994	0.07358	0.60748	0.23232	0.01083	0.00463	0.00142	0.00206	0.00964	0.00348	0.00307
21	0.89577	0.00718	0.00546	0.00488	0.00718	0.00833	0.00402	0.01091	0.00632	0.01665	0.00517	0.00603	0.00402	0.00345	0.00230	0.00115	0.00287	0.00201	0.00230	0.00402
22	0.00960	0.00832	0.00859	0.00765	0.00979	0.02756	0.00597	0.06409	0.77694	0.01582	0.01457	0.01343	0.01092	0.00498	0.00376	0.00124	0.00308	0.00411	0.00373	0.00587
23	0.00770	0.00660	0.00770	0.00550	0.00880	0.00495	0.00440	0.00935	0.00770	0.01210	0.00660	0.00770	0.00550	0.00275	0.00275	0.00055	0.00275	0.00220	0.00220	0.89224
24	0.26715	0.00780	0.07560	0.00614	0.02410	0.00634	0.00526	0.01081	0.00758	0.08766	0.00691	0.00769	0.00534	0.00319	0.00278	0.00084	0.00307	0.00234	0.00238	0.46701
25	0.00876	0.01001	0.02190	0.01564	0.01940	0.00939	0.83292	0.01189	0.00876	0.01189	0.00751	0.01001	0.00563	0.00313	0.00438	0.00125	0.00626	0.00438	0.00188	0.00501
26	0.01144	0.05106	0.01082	0.00923	0.07956	0.15778	0.02142	0.30154	0.15060	0.01597	0.02561	0.00983	0.01859	0.00418	0.00351	0.00103	0.00417	0.00325	0.00293	0.11748
27	0.00540	0.00360	0.00405	0.00405	0.00405	0.00360	0.00225	0.00540	0.00540	0.00720	0.01170	0.02429	0.01349	0.86955	0.01889	0.00360	0.00360	0.00540	0.00225	0.00225
28	0.00900	0.00876	0.01430	0.15305	0.69104	0.03640	0.01108	0.01121	0.00836	0.01161	0.00688	0.00922	0.00570	0.00339	0.00367	0.00112	0.00457	0.00328	0.00181	0.00555
29	0.00522	0.00379	0.00491	0.00463	0.00552	0.00349	0.00347	0.00694	0.01042	0.01469	0.81128	0.02806	0.06831	0.00766	0.00438	0.00117	0.00176	0.00676	0.00406	0.00349
30	0.00461	0.00375	0.00408	0.00405	0.00516	0.00322	0.00302	0.00574	0.00892	0.01122	0.23920	0.06789	0.60811	0.00904	0.00440	0.00124	0.00186	0.00766	0.00361	0.00322
31	0.00476	0.00340	0.00456	0.00532	0.00567	0.00321	0.00375	0.00563	0.00758	0.01015	0.09310	0.69570	0.02510	0.01111	0.00475	0.00150	0.00227	0.10584	0.00350	0.00311
32	0.00992	0.87178	0.01945	0.00635	0.00953	0.01469	0.00635	0.01111	0.00754	0.00873	0.00516	0.00595	0.00476	0.00318	0.00238	0.00079	0.00397	0.00198	0.00159	0.00476
33	0.00923	0.00797	0.00839	0.00755	0.00965	0.00923	0.00588	0.01972	0.83969	0.01553	0.01511	0.01385	0.01133	0.00504	0.00378	0.00126	0.00294	0.00420	0.00378	0.00588
34	0.89577	0.00718	0.00546	0.00488	0.00718	0.00833	0.00402	0.01091	0.00632	0.01665	0.00517	0.00603	0.00402	0.00345	0.00230	0.00115	0.00287	0.00201	0.00230	0.00402
35	0.01411	0.01040	0.01114	0.00854	0.01151	0.01151	0.00706	0.83402	0.01745	0.02339	0.00891	0.00891	0.00631	0.00446	0.00371	0.00111	0.00408	0.00334	0.00371	0.00631
36	0.01411	0.01040	0.01114	0.00854	0.01151	0.01151	0.00706	0.83402	0.01745	0.02339	0.00891	0.00891	0.00631	0.00446	0.00371	0.00111	0.00408	0.00334	0.00371	0.00631
37	0.01346	0.01683	0.01033	0.00939	0.01131	0.78002	0.00706	0.01525	0.08371	0.00965	0.00656	0.00733	0.00536	0.00393	0.00338	0.00098	0.00636	0.00255	0.00208	0.00444
38	0.00477	0.00347	0.00453	0.00532	0.00563	0.00333	0.00362	0.00589	0.04474	0.00979	0.02020	0.80886	0.02388	0.01130	0.00470	0.00150	0.00222	0.02967	0.00346	0.00315
39	0.00645	0.00322	0.00484	0.00484	0.00484	0.00322	0.00322	0.00484	0.00484	0.00645	0.00645	0.01128	0.00645	0.01289	0.01451	0.89201	0.00322	0.00322	0.00161	0.00161
40	0.00522	0.00379	0.00491	0.00463	0.00552	0.00349	0.00347	0.00693	0.01042	0.01468	0.81021	0.02807	0.06938	0.00767	0.00438	0.00117	0.00176	0.00676	0.00406	0.00349
41	0.00770	0.00660	0.00770	0.00550	0.00880	0.00495	0.00440	0.00935	0.00770	0.01210	0.00660	0.00770	0.00550	0.00275	0.00275	0.00055	0.00275	0.00220	0.00220	0.89224
42	0.22710	0.00999	0.00974	0.00771	0.01046	0.05308	0.00633	0.59403	0.01441	0.02105	0.00785	0.00810	0.00568	0.00418	0.00335	0.00111	0.00392	0.00297	0.00328	0.00566
43	0.02568	0.04890	0.02775	0.02696	0.27923	0.01543	0.07450	0.12269	0.05298	0.14792	0.12932	0.01243	0.01079	0.00437	0.00376	0.00113	0.00386	0.00390	0.00295	0.00546
44	0.00921	0.35762	0.32329	0.04808	0.07215	0.05368	0.02550	0.05108	0.00836	0.01090	0.00616	0.00731	0.00492	0.00343	0.00310	0.00101	0.00479	0.00255	0.00172	0.00513
45	0.00692	0.00346	0.00346	0.00346	0.00432	0.00346	0.00259	0.00865	0.00778	0.01384	0.01211	0.01384	0.00951	0.00432	0.00259	0.00086	0.00173	0.00346	0.89016	0.00346
46	0.25871	0.00899	0.00863	0.08245	0.01085	0.09247	0.00614	0.27749	0.10682	0.01698	0.05051	0.01098	0.00810	0.00453	0.00339	0.00117	0.00380	0.04008	0.00297	0.00496
47	0.01433	0.01004	0.01092	0.00837	0.01133	0.01098	0.00691	0.76200	0.01685	0.09627	0.00942	0.00924	0.00657	0.00447	0.00371	0.00112	0.00400	0.00338	0.00379	0.00631
48	0.00478	0.00418	0.04688	0.00545	0.00609	0.00342	0.00412	0.00574	0.00741	0.00979	0.02143	0.66715	0.10613	0.01088	0.00468	0.00148	0.00240	0.08146	0.00335	0.00319
49	0.01647	0.00661	0.00879	0.00674	0.00962	0.00589	0.00557	0.07625	0.01111	0.79012	0.01424	0.01237	0.00898	0.00458	0.00373	0.00115	0.00322	0.00370	0.00453	0.00632
50	0.00692	0.00346	0.00346	0.00346	0.00432	0.00346	0.00259	0.00865	0.00778	0.01384	0.01211	0.01384	0.00951	0.00432	0.00259	0.00086	0.00173	0.00346	0.89016	0.00346
51	0.00543	0.00393	0.00520	0.08027	0.00675	0.00423	0.00370	0.00606	0.00589	0.00799	0.01162	0.10086	0.01269	0.49071	0.23528	0.00381	0.00524	0.00533	0.00224	0.00277
52	0.00501	0.00396	0.00461	0.00536	0.00566	0.04580	0.00361	0.00566	0.00724	0.00941	0.01953	0.80542	0.02331	0.03007	0.00498	0.00153	0.00241	0.01003	0.00334	0.00306
53	0.00812	0.00812	0.01137	0.00975	0.00975	0.01137	0.00812	0.00893	0.00568	0.00893	0.00487	0.00812	0.00487	0.00650	0.01218	0.00162	0.86276	0.00325	0.00162	0.00406
54	0.01216	0.00991	0.02697	0.00906	0.05038	0.10545	0.04077	0.28126	0.18898	0.13010	0.01014	0.01015	0.00741	0.00439	0.00404	0.00113	0.04284	0.00343	0.00325	0.05820
55	0.00897	0.00860	0.01468	0.10437	0.76646	0.00876	0.01129	0.01121	0.00835	0.01187	0.00694	0.00926	0.00579	0.00335	0.00368	0.00112	0.00446	0.00331	0.00182	0.00571
56	0.00531	0.00394	0.00576	0.00576	0.00636	0.00453	0.00439	0.00650	0.00591	0.00847	0.01013	0.01561	0.00973	0.11682	0.76647	0.00572	0.00927	0.00413	0.00202	0.00320
57	0.01013	0.73086	0.06608	0.00677	0.01001	0.02677	0.00679	0.06696	0.00835	0.01856	0.01698	0.00664	0.00532	0.00337	0.00259	0.00085	0.00407	0.00221	0.00180	0.00490
58	0.04905	0.00837	0.01097	0.00924	0.00986	0.01109	0.00769	0.12752	0.00745	0.01144	0.00551	0.00813	0.00506	0.00597	0.01028	0.00150	0.67849	0.00318	0.00197	0.02723
59	0.01052	0.51016	0.10771	0.06519	0.01177	0.03439	0.00757	0.17485	0.00967	0.02813	0.00636	0.00716	0.00516	0.00355	0.00291	0.00094	0.00428	0.00247	0.00208	0.00512
60	0.04795	0.04927	0.08518	0.16470	0.02212	0.00812	0.05652	0.16617	0.01060	0.30627	0.03938	0.01077	0.00773	0.00420	0.00365	0.00115	0.00404	0.00348	0.00318	0.00549
61	0.01411	0.01040	0.01114	0.00854	0.01151	0.01151	0.00706	0.83402	0.01745	0.02339	0.00891	0.00891	0.00631	0.00446	0.00371	0.00111	0.00408	0.00334	0.00371	0.00631
62	0.01380	0.01042	0.02941	0.00850	0.01148	0.01124	0.00712	0.78136	0.03192	0.03295	0.01911	0.00925	0.00675	0.00449	0.00372	0.00112	0.00406	0.00339	0.00368	0.00625
63	0.01077	0.00874	0.00926	0.00786	0.01024	0.00995	0.00625	0.27581	0.58111	0.01800	0.01316	0.01230	0.00975	0.00485	0.00376	0.00121	0.00330	0.00393	0.00376	0.00601
64	0.00549	0.00413	0.00608	0.00601	0.00668	0.00482	0.00466	0.01911	0.00612	0.00880	0.00990	0.01469	0.00929	0.05299	0.80213	0.00575	0.02403	0.00400	0.00202	0.00334
65	0.00928	0.00861	0.02929	0.02064	0.73450	0.00834	0.01856	0.01144	0.00860	0.05413	0.02728	0.01064	0.03457	0.00367	0.00372	0.00111	0.00424	0.00356	0.00208	0.00574
66	0.01177	0.00843	0.10326	0.03042	0.22822	0.00667	0.01733	0.01380	0.00917	0.36452	0.01803	0.01903	0.00752	0.00392	0.00357	0.00105	0.00373	0.00337	0.00306	0.14315
67	0.01373	0.04608	0.01082	0.00946	0.01141	0.82673	0.00714	0.01470	0.01042	0.00907	0.00572	0.00667	0.00478	0.00380	0.00331	0.00095	0.00660	0.00238	0.00190	0.00432
68	0.83991	0.05073	0.00622	0.00502	0.00735	0.01956	0.00418	0.01097	0.00643	0.01616	0.00518	0.00603	0.00407	0.00344	0.00231	0.00113	0.00298	0.00201	0.00226	0.00406
69	0.01097	0.00883	0.00950	0.03627	0.01087	0.01005	0.00646	0.32170	0.50676	0.01825	0.01252	0.01188	0.00926	0.00478	0.00375	0.00120	0.00343	0.00385	0.00368	0.00598
70	0.00890	0.10745	0.36037	0.07171	0.07748	0.01611	0.00977	0.09076	0.03961	0.06341	0.00874	0.08434	0.00727	0.00439	0.00354	0.00113	0.00445	0.00358	0.00226	0.03473
71	0.00571	0.00397	0.00444	0.00440	0.00459	0.00408	0.00261	0.00665	0.07910	0.00801	0.01229	0.05138	0.01367	0.76472	0.01709	0.00332	0.00349	0.00546	0.00242	0.00259
72	0.09174	0.02362	0.10280	0.04623	0.02243	0.00815	0.00701	0.24428	0.02659	0.37359	0.01070	0.01022	0.00716	0.00426	0.00355	0.00114	0.00376	0.00332	0.00357	0.00588
73	0.00451	0.00374	0.00395	0.00395	0.00510	0.00318	0.00294	0.00555	0.00868	0.01068	0.14857	0.07216	0.69569	0.00925	0.00440	0.00125	0.00187	0.00780	0.00354	0.00318
74	0.00907	0.00902	0.01653	0.20633	0.01868	0.00928	0.44642	0.11771	0.08290	0.01315	0.00813	0.01013	0.00606	0.00359	0.00405	0.00121	0.00530	0.00393	0.00224	0.02628
75	0.00530	0.00398	0.00597	0.00597	0.00663	0.00464	0.00464	0.00663	0.00597	0.00862	0.00994	0.01458	0.00928	0.02784	0.85484	0.00597	0.00994	0.00398	0.00199	0.00331
76	0.89577	0.00718	0.00546	0.00488	0.00718	0.00833	0.00402	0.01091	0.00632	0.01665	0.00517	0.00603	0.00402	0.00345	0.00230	0.00115	0.00287	0.00201	0.00230	0.00402
77	0.01298	0.00984	0.01082	0.00905	0.05306	0.01090	0.00704	0.65921	0.13725	0.02144	0.00992	0.02439	0.00734	0.00461	0.00374	0.00114	0.00390	0.00359	0.00362	0.00617
78	0.89577	0.00718	0.00546	0.00488	0.00718	0.00833	0.00402	0.01091	0.00632	0.01665	0.00517	0.00603	0.00402	0.00345	0.00230	0.00115	0.00287	0.00201	0.00230	0.00402
79	0.01457	0.00984	0.01066	0.00821	0.01114	0.03210	0.00677	0.66448	0.01603	0.17324	0.00987	0.00953	0.00680	0.00446	0.00371	0.00112	0.00398	0.00339	0.00383	0.00626
80	0.00510	0.00373	0.00489	0.00544	0.00610	0.00352	0.00418	0.00632	0.00834	0.01103	0.17005	0.35387	0.12510	0.01020	0.00475	0.00148	0.00245	0.26668	0.00355	0.00324
81	0.00825	0.03181	0.62610	0.00992	0.01454	0.00873	0.02278	0.11463	0.02737	0.01319	0.00826	0.01110	0.00653	0.00426	0.00369	0.00121	0.00505	0.07512	0.00205	0.00540
82	0.85564	0.00701	0.00537	0.00482	0.00705	0.00811	0.00396	0.01081	0.00638	0.01653	0.00548	0.00638	0.00427	0.00349	0.00231	0.00114	0.00282	0.00208	0.04239	0.00399
83	0.00532	0.00389	0.00552	0.00552	0.00602	0.00440	0.00408	0.00634	0.00583	0.00828	0.01035	0.01686	0.01027	0.22518	0.65885	0.00541	0.00846	0.00431	0.00205	0.00306
84	0.00488	0.00379	0.00443	0.00430	0.00533	0.00335	0.00323	0.00624	0.00947	0.01249	0.44780	0.03165	0.40373	0.01896	0.00458	0.00125	0.00187	0.02559	0.00376	0.00332
85	0.01411	0.01040	0.01114	0.00854	0.01151	0.01151	0.00706	0.83402	0.01745	0.02339	0.00891	0.00891	0.00631	0.00446	0.00371	0.00111	0.00408	0.00334	0.00371	0.00631
86	0.00890	0.01133	0.13719	0.06292	0.02823	0.07801	0.47454	0.03579	0.05792	0.01188	0.00779	0.00984	0.00593	0.00467	0.04678	0.00145	0.00601	0.00384	0.00199	0.00498
87	0.00992	0.87178	0.01945	0.00635	0.00953	0.01469	0.00635	0.01111	0.00754	0.00873	0.00516	0.00595	0.00476	0.00318	0.00238	0.00079	0.00397	0.00198	0.00159	0.00476
88	0.00844	0.00724	0.00754	0.00690	0.00869	0.03586	0.00530	0.01630	0.60312	0.02616	0.11037	0.06990	0.06624	0.00596	0.00393	0.00125	0.00282	0.00504	0.00372	0.00521
89	0.00467	0.00332	0.00434	0.00505	0.00531	0.00312	0.00337	0.00535	0.00721	0.00965	0.07194	0.71642	0.03466	0.08706	0.00597	0.00167	0.00227	0.02226	0.00338	0.00299
90	0.01027	0.00877	0.02444	0.13622	0.12089	0.04271	0.09476	0.14328	0.24232	0.08678	0.02085	0.01151	0.02303	0.00434	0.00388	0.00119	0.01255	0.00379	0.00294	0.00547
91	0.00451	0.00369	0.00397	0.00412	0.00516	0.00318	0.00304	0.00544	0.00825	0.01007	0.05933	0.16471	0.64433	0.02864	0.00479	0.00136	0.00201	0.03684	0.00344	0.00312
92	0.81794	0.00746	0.00596	0.00520	0.00756	0.00861	0.00429	0.08357	0.00730	0.01725	0.00550	0.00628	0.00422	0.00353	0.00242	0.00115	0.00298	0.00213	0.00242	0.00422
93	0.04021	0.76387	0.06785	0.00662	0.00990	0.01401	0.00673	0.03781	0.00784	0.00966	0.00537	0.00616	0.00478	0.00325	0.00249	0.00084	0.00403	0.00207	0.00168	0.00483

[dist]
# distance from previous block
# <min> <max>
0	1

[block]
# block no. 3 follows, 74 sequences, length 37
# corresponding to MSA columns:
# 279-315
name=unknown_D
#
# <colnr> <probs for GDERKNQSTAVLIFYWHMCP>
#	G	D	E	R	K	N	Q	S	T	A	V	L	I	F	Y	W	H	M	C	P
0	0.00452	0.00323	0.00431	0.00517	0.00538	0.00301	0.00345	0.00517	0.00711	0.00948	0.02046	0.86713	0.02455	0.01163	0.00474	0.00151	0.00215	0.01055	0.00345	0.00301
1	0.00744	0.00842	0.15323	0.00758	0.03044	0.01636	0.03837	0.02743	0.26898	0.02492	0.26938	0.04795	0.07200	0.00593	0.00401	0.00121	0.00315	0.00512	0.00332	0.00476
2	0.00439	0.00375	0.00377	0.00379	0.00502	0.00313	0.00283	0.00532	0.00843	0.01002	0.03722	0.05413	0.82672	0.00945	0.00439	0.00126	0.00189	0.00789	0.00345	0.00313
3	0.00845	0.00736	0.02662	0.00739	0.06265	0.00594	0.04086	0.04455	0.04450	0.03974	0.00739	0.00837	0.00592	0.00305	0.00301	0.00070	0.00314	0.00256	0.00236	0.67546
4	0.16608	0.08032	0.07800	0.03287	0.41244	0.13727	0.00917	0.01176	0.00821	0.01207	0.00627	0.00789	0.00517	0.00346	0.00337	0.00108	0.01478	0.00279	0.00188	0.00513
5	0.00865	0.00982	0.02139	0.01531	0.01898	0.00921	0.80776	0.01174	0.00881	0.01198	0.03290	0.01055	0.00652	0.00326	0.00438	0.00125	0.00612	0.00445	0.00194	0.00496
6	0.07377	0.68169	0.01815	0.00745	0.02738	0.01333	0.08345	0.02178	0.00771	0.00988	0.00579	0.02447	0.00525	0.00339	0.00266	0.00089	0.00408	0.00243	0.00174	0.00474
7	0.00540	0.00360	0.00405	0.00405	0.00405	0.00360	0.00225	0.00540	0.00540	0.00720	0.01170	0.02429	0.01349	0.86955	0.01889	0.00360	0.00360	0.00540	0.00225	0.00225
8	0.15404	0.00661	0.00810	0.00642	0.00913	0.00626	0.00527	0.01711	0.08740	0.64038	0.01320	0.01171	0.00858	0.00446	0.00351	0.00116	0.00309	0.00351	0.00416	0.00591
9	0.00744	0.01920	0.85032	0.01058	0.01607	0.00862	0.01371	0.01176	0.00784	0.01176	0.00666	0.00784	0.00470	0.00353	0.00353	0.00118	0.00549	0.00274	0.00157	0.00549
10	0.01517	0.00653	0.00849	0.00671	0.00941	0.00603	0.00548	0.01810	0.14682	0.69260	0.03407	0.01319	0.01014	0.00474	0.00376	0.00117	0.00309	0.00388	0.00445	0.00618
11	0.00923	0.00797	0.00839	0.00755	0.00965	0.00923	0.00588	0.01972	0.83969	0.01553	0.01511	0.01385	0.01133	0.00504	0.00378	0.00126	0.00294	0.00420	0.00378	0.00588
12	0.01285	0.09061	0.02921	0.00827	0.01114	0.03572	0.03056	0.59163	0.02787	0.05385	0.05202	0.02216	0.00801	0.00454	0.00364	0.00110	0.00404	0.00351	0.00342	0.00585
13	0.00744	0.01920	0.85032	0.01058	0.01607	0.00862	0.01371	0.01176	0.00784	0.01176	0.00666	0.00784	0.00470	0.00353	0.00353	0.00118	0.00549	0.00274	0.00157	0.00549
14	0.00770	0.00660	0.00770	0.00550	0.00880	0.00495	0.00440	0.00935	0.00770	0.01210	0.00660	0.00770	0.00550	0.00275	0.00275	0.00055	0.00275	0.00220	0.00220	0.89224
15	0.89577	0.00718	0.00546	0.00488	0.00718	0.00833	0.00402	0.01091	0.00632	0.01665	0.00517	0.00603	0.00402	0.00345	0.00230	0.00115	0.00287	0.00201	0.00230	0.00402
16	0.00592	0.00429	0.00528	0.00561	0.00624	0.00426	0.00394	0.12541	0.00861	0.01147	0.01908	0.70887	0.04229	0.02370	0.00480	0.00148	0.00245	0.00936	0.00347	0.00348
17	0.01376	0.00661	0.00853	0.00685	0.00938	0.00632	0.02068	0.03774	0.19211	0.55259	0.09199	0.01417	0.01193	0.00494	0.00381	0.00118	0.00306	0.00411	0.00430	0.00593
18	0.00540	0.00360	0.00405	0.00405	0.00405	0.00360	0.00225	0.00540	0.00540	0.00720	0.01170	0.02429	0.01349	0.86955	0.01889	0.00360	0.00360	0.00540	0.00225	0.00225
19	0.01500	0.00595	0.00808	0.00632	0.00891	0.00517	0.00517	0.01648	0.01061	0.72798	0.13501	0.01482	0.01294	0.00503	0.00383	0.00115	0.00295	0.00417	0.00452	0.00591
20	0.00539	0.00362	0.00415	0.00415	0.00418	0.00365	0.00237	0.00546	0.00543	0.00727	0.01160	0.02379	0.01328	0.82608	0.06206	0.00372	0.00393	0.00532	0.00224	0.00230
21	0.74315	0.00703	0.00600	0.00518	0.00758	0.00783	0.00427	0.01216	0.00706	0.16114	0.00681	0.00718	0.00492	0.00364	0.00255	0.00115	0.00292	0.00231	0.00270	0.00442
22	0.00982	0.00860	0.01474	0.03695	0.70979	0.00852	0.05324	0.01201	0.00865	0.09024	0.00772	0.00957	0.00616	0.00343	0.00372	0.00112	0.00440	0.00340	0.00209	0.00584
23	0.00540	0.00360	0.00405	0.00405	0.00405	0.00360	0.00225	0.00540	0.00540	0.00720	0.01170	0.02429	0.01349	0.86955	0.01889	0.00360	0.00360	0.00540	0.00225	0.00225
24	0.00992	0.87178	0.01945	0.00635	0.00953	0.01469	0.00635	0.01111	0.00754	0.00873	0.00516	0.00595	0.00476	0.00318	0.00238	0.00079	0.00397	0.00198	0.00159	0.00476
25	0.89577	0.00718	0.00546	0.00488	0.00718	0.00833	0.00402	0.01091	0.00632	0.01665	0.00517	0.00603	0.00402	0.00345	0.00230	0.00115	0.00287	0.00201	0.00230	0.00402
26	0.00441	0.00376	0.00379	0.00378	0.00503	0.00314	0.00284	0.00537	0.00851	0.01014	0.05631	0.03554	0.82611	0.00936	0.00439	0.00125	0.00188	0.00781	0.00346	0.00314
27	0.00455	0.00324	0.00430	0.00514	0.00534	0.00303	0.00341	0.00518	0.00706	0.00941	0.02020	0.84245	0.02423	0.03675	0.00515	0.00157	0.00220	0.01040	0.00341	0.00299
28	0.89577	0.00718	0.00546	0.00488	0.00718	0.00833	0.00402	0.01091	0.00632	0.01665	0.00517	0.00603	0.00402	0.00345	0.00230	0.00115	0.00287	0.00201	0.00230	0.00402
29	0.00452	0.00323	0.00431	0.00517	0.00538	0.00301	0.00345	0.00517	0.00711	0.00948	0.02046	0.86713	0.02455	0.01163	0.00474	0.00151	0.00215	0.01055	0.00345	0.00301
30	0.19550	0.00649	0.00797	0.00625	0.00901	0.00604	0.00516	0.01663	0.00975	0.67964	0.01272	0.01129	0.00814	0.00436	0.00344	0.00115	0.00310	0.00338	0.00413	0.00585
31	0.00531	0.00396	0.00587	0.00587	0.00650	0.00459	0.00452	0.00657	0.00594	0.00855	0.01003	0.01505	0.00948	0.06884	0.81412	0.00585	0.00963	0.00405	0.00200	0.00326
32	0.00993	0.70731	0.01763	0.00663	0.00974	0.06955	0.01992	0.01118	0.00778	0.00917	0.00539	0.00626	0.00486	0.00317	0.00252	0.00079	0.00406	0.00207	0.00168	0.10037
33	0.05629	0.00873	0.00895	0.00770	0.01001	0.02874	0.00609	0.21398	0.58129	0.01732	0.01290	0.01210	0.00961	0.00479	0.00368	0.00121	0.00329	0.00384	0.00364	0.00585
34	0.00441	0.00367	0.00385	0.00400	0.00508	0.00311	0.00292	0.00530	0.00823	0.00993	0.03473	0.17502	0.70745	0.00977	0.00445	0.00130	0.00193	0.00829	0.00345	0.00311
35	0.09710	0.00909	0.00999	0.00772	0.01061	0.00973	0.00638	0.55662	0.01473	0.22564	0.00997	0.00956	0.00680	0.00440	0.00359	0.00113	0.00374	0.00331	0.00380	0.00610
36	0.00546	0.00417	0.00604	0.00543	0.00645	0.00395	0.05192	0.00725	0.00998	0.01412	0.71773	0.02547	0.03091	0.00922	0.08383	0.00162	0.00278	0.00632	0.00376	0.00357

[dist]
# distance from previous block
# <min> <max>
0	1

[block]
# block no. 4 follows, 74 sequences, length 28
# corresponding to MSA columns:
# 317-344
name=unknown_E
#
# <colnr> <probs for GDERKNQSTAVLIFYWHMCP>
#	G	D	E	R	K	N	Q	S	T	A	V	L	I	F	Y	W	H	M	C	P
0	0.14851	0.04150	0.01237	0.11968	0.38564	0.00949	0.00914	0.01050	0.00731	0.01164	0.00609	0.00840	0.00519	0.00412	0.00539	0.00124	0.20403	0.00304	0.00183	0.00490
1	0.00527	0.00387	0.00459	0.00444	0.00553	0.00343	0.00337	0.00663	0.00946	0.04074	0.41342	0.05482	0.38190	0.00849	0.00440	0.00123	0.00193	0.03927	0.00378	0.00342
2	0.00576	0.00433	0.00541	0.00501	0.00608	0.00418	0.00379	0.00848	0.10300	0.01489	0.73104	0.02568	0.03164	0.00718	0.00427	0.00116	0.00191	0.00632	0.00400	0.02585
3	0.00770	0.00660	0.00770	0.00550	0.00880	0.00495	0.00440	0.00935	0.00770	0.01210	0.00660	0.00770	0.00550	0.00275	0.00275	0.00055	0.00275	0.00220	0.00220	0.89224
4	0.00770	0.00660	0.00770	0.00550	0.00880	0.00495	0.00440	0.00935	0.00770	0.01210	0.00660	0.00770	0.00550	0.00275	0.00275	0.00055	0.00275	0.00220	0.00220	0.89224
5	0.00506	0.00371	0.00425	0.00416	0.00480	0.00343	0.00281	0.00588	0.00789	0.01043	0.28130	0.02867	0.26025	0.34996	0.01014	0.00216	0.00252	0.00651	0.00317	0.00290
6	0.00568	0.00464	0.00770	0.00702	0.00802	0.00516	0.09496	0.00720	0.00627	0.00897	0.00968	0.01408	0.00888	0.02514	0.76210	0.00545	0.00954	0.00402	0.00198	0.00350
7	0.01203	0.01451	0.03595	0.02572	0.12350	0.49829	0.16192	0.06325	0.01022	0.01095	0.00646	0.00786	0.00518	0.00366	0.00362	0.00105	0.00609	0.00296	0.00199	0.00479
8	0.01533	0.00598	0.00814	0.00645	0.00903	0.00519	0.00524	0.01668	0.01024	0.75742	0.01528	0.10581	0.01086	0.00536	0.00384	0.00119	0.00305	0.00448	0.00447	0.00596
9	0.00464	0.00372	0.00407	0.00418	0.00524	0.00322	0.00313	0.00554	0.00832	0.01021	0.08602	0.11079	0.63190	0.00969	0.00489	0.03905	0.00205	0.05684	0.00341	0.00310
10	0.01069	0.16106	0.21537	0.01043	0.06627	0.27640	0.06703	0.05229	0.00913	0.03166	0.00638	0.00759	0.00508	0.00379	0.00393	0.00107	0.06224	0.00274	0.00190	0.00495
11	0.00879	0.04965	0.01869	0.04724	0.13249	0.03656	0.55159	0.02688	0.00872	0.01165	0.00812	0.06672	0.00685	0.00379	0.00414	0.00121	0.00554	0.00441	0.00199	0.00495
12	0.58412	0.07732	0.02650	0.00864	0.15615	0.03877	0.00598	0.01109	0.00695	0.01455	0.00553	0.00672	0.00448	0.00353	0.00299	0.00112	0.03667	0.00231	0.00210	0.00445
13	0.00505	0.00365	0.00469	0.00534	0.00575	0.00349	0.00368	0.04798	0.00774	0.01026	0.02050	0.76619	0.05530	0.01113	0.00468	0.00148	0.00228	0.03413	0.00346	0.00320
14	0.00466	0.00333	0.00440	0.00506	0.00537	0.00310	0.00342	0.00545	0.00756	0.01022	0.14318	0.71684	0.02579	0.03648	0.00510	0.00152	0.00214	0.00983	0.00351	0.00306
15	0.00965	0.67981	0.07224	0.00923	0.14289	0.01336	0.00763	0.01120	0.00771	0.00947	0.00555	0.00659	0.00494	0.00322	0.00266	0.00087	0.00414	0.00224	0.00163	0.00499
16	0.00898	0.04815	0.54423	0.01202	0.15824	0.00877	0.01184	0.05240	0.02650	0.08327	0.00763	0.00859	0.00551	0.00364	0.00354	0.00114	0.00492	0.00296	0.00202	0.00565
17	0.03105	0.00729	0.00851	0.00688	0.05613	0.03007	0.01587	0.05221	0.00835	0.02783	0.00683	0.00789	0.00557	0.00295	0.00290	0.00066	0.00308	0.00238	0.00229	0.72125
18	0.00740	0.00713	0.01299	0.10282	0.19765	0.00702	0.25828	0.01881	0.00898	0.01238	0.22716	0.07240	0.04006	0.00516	0.00417	0.00121	0.00411	0.00514	0.00259	0.00454
19	0.00539	0.00360	0.00407	0.00406	0.00409	0.00360	0.00228	0.00544	0.00553	0.00740	0.03322	0.02438	0.01405	0.84727	0.01852	0.00354	0.00355	0.00543	0.00230	0.00228
20	0.21584	0.00749	0.00850	0.00667	0.00944	0.00755	0.00551	0.21114	0.01127	0.46282	0.01112	0.01024	0.00733	0.00430	0.00340	0.00114	0.00331	0.00325	0.00386	0.00579
21	0.00546	0.00367	0.00426	0.00435	0.00445	0.00367	0.00266	0.00565	0.00574	0.00762	0.01256	0.02621	0.01435	0.77585	0.01739	0.00339	0.00358	0.09438	0.00238	0.00238
22	0.00574	0.00425	0.00625	0.01645	0.01971	0.00489	0.00478	0.02739	0.00634	0.01908	0.00996	0.01467	0.00927	0.06032	0.76653	0.00556	0.00931	0.00400	0.00207	0.00343
23	0.00462	0.00331	0.00440	0.00524	0.00553	0.00310	0.00360	0.00534	0.00724	0.00960	0.02089	0.78868	0.04741	0.01147	0.00475	0.00151	0.00223	0.06459	0.00344	0.00305
24	0.68172	0.10232	0.00785	0.00615	0.04030	0.06610	0.00485	0.03343	0.00712	0.01529	0.00538	0.00627	0.00429	0.00346	0.00247	0.00109	0.00334	0.00212	0.00221	0.00425
25	0.01053	0.68994	0.01757	0.02438	0.01019	0.09792	0.00655	0.06905	0.02672	0.00995	0.00573	0.00649	0.00502	0.00338	0.00263	0.00085	0.00425	0.00220	0.00182	0.00484
26	0.01055	0.06667	0.03171	0.00744	0.02815	0.08615	0.00597	0.06965	0.27586	0.17278	0.10020	0.01602	0.05297	0.00539	0.00379	0.00118	0.00343	0.05336	0.00350	0.00523
27	0.05871	0.16332	0.03909	0.02880	0.09701	0.27349	0.00733	0.13128	0.09907	0.05656	0.00771	0.00829	0.00600	0.00389	0.00329	0.00103	0.00474	0.00282	0.00245	0.00513

[dist]
# distance from previous block
# <min> <max>
1	10

[block]
# block no. 5 follows, 74 sequences, length 43
# corresponding to MSA columns:
# 355-397
name=unknown_F
#
# <colnr> <probs for GDERKNQSTAVLIFYWHMCP>
#	G	D	E	R	K	N	Q	S	T	A	V	L	I	F	Y	W	H	M	C	P
0	0.10501	0.36728	0.06957	0.00746	0.02130	0.11271	0.01384	0.09927	0.08909	0.03510	0.00754	0.03567	0.00634	0.01147	0.00313	0.00102	0.00413	0.00284	0.00229	0.00493
1	0.68497	0.00822	0.03588	0.00563	0.00800	0.05923	0.00475	0.04954	0.02366	0.04329	0.04337	0.00760	0.00589	0.00377	0.00264	0.00114	0.00321	0.00243	0.00250	0.00428
2	0.86476	0.00729	0.00566	0.00501	0.00733	0.00844	0.00413	0.03986	0.00671	0.01689	0.00530	0.00613	0.00410	0.00348	0.00235	0.00115	0.00291	0.00206	0.00235	0.00410
3	0.00691	0.00956	0.27548	0.00763	0.01032	0.00605	0.06665	0.04588	0.02965	0.03569	0.34953	0.07674	0.05233	0.00605	0.00407	0.00120	0.00347	0.00530	0.00305	0.00445
4	0.01198	0.00524	0.00691	0.00571	0.00770	0.00462	0.00450	0.01329	0.00978	0.50991	0.16315	0.06931	0.07186	0.07150	0.00508	0.00136	0.00276	0.00507	0.02525	0.00503
5	0.00873	0.00734	0.00785	0.00703	0.00897	0.00829	0.00547	0.06373	0.64026	0.01557	0.11930	0.01659	0.06348	0.00558	0.00388	0.00124	0.00279	0.00468	0.00379	0.00544
6	0.00516	0.00353	0.00409	0.00427	0.00438	0.00345	0.00253	0.00535	0.00592	0.00783	0.01492	0.20116	0.06061	0.64379	0.01515	0.00303	0.00320	0.00661	0.00256	0.00246
7	0.89577	0.00718	0.00546	0.00488	0.00718	0.00833	0.00402	0.01091	0.00632	0.01665	0.00517	0.00603	0.00402	0.00345	0.00230	0.00115	0.00287	0.00201	0.00230	0.00402
8	0.89577	0.00718	0.00546	0.00488	0.00718	0.00833	0.00402	0.01091	0.00632	0.01665	0.00517	0.00603	0.00402	0.00345	0.00230	0.00115	0.00287	0.00201	0.00230	0.00402
9	0.00506	0.00391	0.00502	0.00493	0.00581	0.00395	0.00376	0.00616	0.00764	0.01014	0.16424	0.02458	0.33028	0.01622	0.32918	0.04431	0.02286	0.00586	0.00288	0.00321
10	0.01017	0.79753	0.03990	0.00658	0.00976	0.04544	0.00655	0.01144	0.00773	0.02921	0.00545	0.00619	0.00487	0.00324	0.00248	0.00082	0.00409	0.00206	0.00167	0.00480
11	0.00921	0.07126	0.41490	0.01304	0.23114	0.00927	0.01934	0.11081	0.00926	0.04480	0.01885	0.00868	0.00581	0.00368	0.00364	0.00113	0.01448	0.00303	0.00205	0.00562
12	0.03391	0.12268	0.03164	0.00817	0.01102	0.05036	0.01792	0.49140	0.15492	0.02745	0.00923	0.00922	0.00682	0.00430	0.00350	0.00109	0.00402	0.00324	0.00326	0.00585
13	0.00834	0.00709	0.01154	0.08321	0.44559	0.00739	0.01692	0.01009	0.00791	0.06936	0.00995	0.16166	0.00952	0.00693	0.06706	0.00158	0.06395	0.00467	0.00230	0.00494
14	0.00534	0.00376	0.00486	0.00486	0.00516	0.00403	0.00327	0.00592	0.00569	0.00785	0.01140	0.02036	0.02599	0.49738	0.37359	0.00456	0.00626	0.00484	0.00216	0.00272
15	0.00953	0.02544	0.14466	0.01342	0.26801	0.02569	0.05923	0.10942	0.23934	0.01404	0.00928	0.01013	0.00715	0.00410	0.00409	0.00118	0.04358	0.00349	0.00254	0.00568
16	0.89577	0.00718	0.00546	0.00488	0.00718	0.00833	0.00402	0.01091	0.00632	0.01665	0.00517	0.00603	0.00402	0.00345	0.00230	0.00115	0.00287	0.00201	0.00230	0.00402
17	0.00962	0.36461	0.20889	0.01174	0.21809	0.09539	0.00939	0.02351	0.00827	0.01051	0.00607	0.00730	0.00505	0.00337	0.00308	0.00098	0.00470	0.00255	0.00171	0.00518
18	0.00448	0.00365	0.00397	0.00413	0.00513	0.00314	0.00301	0.00542	0.00832	0.01027	0.09403	0.21361	0.60844	0.00974	0.00446	0.00130	0.00193	0.00833	0.00349	0.00314
19	0.00935	0.02018	0.02061	0.00728	0.00944	0.00876	0.00579	0.07438	0.65263	0.04218	0.03906	0.01514	0.06813	0.00530	0.00381	0.00123	0.00297	0.00439	0.00372	0.00565
20	0.00653	0.01595	0.01710	0.00515	0.00552	0.00383	0.00367	0.00579	0.02799	0.00724	0.00702	0.01141	0.00677	0.01346	0.09522	0.72023	0.00389	0.00326	0.00173	0.03825
21	0.00452	0.00325	0.00429	0.00512	0.00537	0.00302	0.00342	0.00517	0.00716	0.00950	0.02109	0.83631	0.05496	0.01155	0.00472	0.00150	0.00214	0.01045	0.00345	0.00302
22	0.00771	0.00666	0.00785	0.00567	0.00884	0.00521	0.00455	0.00933	0.00762	0.01197	0.00653	0.00771	0.00547	0.00290	0.00313	0.00059	0.03776	0.00224	0.00218	0.85609
23	0.00517	0.00378	0.00485	0.00460	0.00550	0.00346	0.00345	0.00684	0.01029	0.01440	0.76583	0.04114	0.10119	0.00780	0.00438	0.00118	0.00177	0.00686	0.00402	0.00346
24	0.00692	0.00651	0.01089	0.83278	0.02490	0.00808	0.01007	0.00935	0.00746	0.00950	0.00761	0.01074	0.03225	0.00390	0.00373	0.00124	0.00485	0.00345	0.00171	0.00409
25	0.00701	0.00660	0.01113	0.86063	0.02556	0.00825	0.01031	0.00948	0.00742	0.00948	0.00660	0.00990	0.00495	0.00371	0.00371	0.00124	0.00495	0.00330	0.00165	0.00412
26	0.00908	0.00923	0.03485	0.02146	0.70588	0.00890	0.13248	0.01147	0.00848	0.01208	0.00705	0.00928	0.00582	0.00329	0.00378	0.00113	0.00471	0.00345	0.00184	0.00574
27	0.01609	0.00617	0.00841	0.00654	0.00929	0.00534	0.00536	0.01749	0.01046	0.81007	0.01491	0.05222	0.00990	0.00492	0.00378	0.00117	0.00311	0.00405	0.00454	0.00616
28	0.00530	0.00398	0.00597	0.00597	0.00663	0.00464	0.00464	0.00663	0.00597	0.00862	0.00994	0.01458	0.00928	0.02784	0.85484	0.00597	0.00994	0.00398	0.00199	0.00331
29	0.00645	0.00322	0.00484	0.00484	0.00484	0.00322	0.00322	0.00484	0.00484	0.00645	0.00645	0.01128	0.00645	0.01289	0.01451	0.89201	0.00322	0.00322	0.00161	0.00161
30	0.00744	0.01920	0.85032	0.01058	0.01607	0.00862	0.01371	0.01176	0.00784	0.01176	0.00666	0.00784	0.00470	0.00353	0.00353	0.00118	0.00549	0.00274	0.00157	0.00549
31	0.00525	0.00379	0.00496	0.00467	0.00555	0.00350	0.00350	0.00700	0.01051	0.01488	0.84444	0.02773	0.03502	0.00759	0.00438	0.00117	0.00175	0.00671	0.00409	0.00350
32	0.01052	0.05412	0.11911	0.01368	0.31168	0.02113	0.03811	0.23442	0.01908	0.05644	0.03475	0.01916	0.00711	0.00393	0.00362	0.00109	0.00428	0.00338	0.00256	0.04183
33	0.00525	0.00354	0.00409	0.00424	0.00428	0.00350	0.00245	0.00536	0.00569	0.00759	0.01320	0.16878	0.01539	0.72247	0.01647	0.00324	0.00335	0.00628	0.00245	0.00238
34	0.00957	0.41912	0.29411	0.03138	0.03531	0.12103	0.00916	0.02321	0.00818	0.01010	0.00587	0.00691	0.00480	0.00341	0.00298	0.00097	0.00487	0.00238	0.00166	0.00498
35	0.58221	0.00789	0.00721	0.00598	0.00850	0.00881	0.00493	0.21686	0.00955	0.10713	0.00711	0.00745	0.00514	0.00382	0.00280	0.00114	0.00320	0.00253	0.00290	0.00484
36	0.00449	0.00368	0.00396	0.00406	0.00512	0.00315	0.00298	0.00547	0.00846	0.01042	0.11443	0.16043	0.64136	0.00956	0.00444	0.00128	0.00191	0.00813	0.00351	0.00315
37	0.52256	0.00770	0.00747	0.00708	0.06537	0.00862	0.00527	0.10331	0.14199	0.08658	0.00809	0.00837	0.00601	0.00390	0.00290	0.00116	0.00314	0.00274	0.00285	0.00489
38	0.00465	0.00331	0.00428	0.00498	0.00521	0.00311	0.00328	0.00526	0.00704	0.00938	0.04622	0.71325	0.04676	0.11678	0.00645	0.00175	0.00231	0.00972	0.00332	0.00294
