[name]
unknown

[dist]
# distance from previous block
# <min> <max>
0	88

[block]
# block no. 0 follows, 67 sequences, length 23
# corresponding to MSA columns:
# 114-136
name=unknown_A
#
# <colnr> <probs for GDERKNQSTAVLIFYWHMCP>
#	G	D	E	R	K	N	Q	S	T	A	V	L	I	F	Y	W	H	M	C	P
0	0.04756	0.02905	0.02023	0.02903	0.06443	0.02940	0.02023	0.16658	0.14021	0.10206	0.05275	0.06881	0.04036	0.02423	0.01472	0.00139	0.06143	0.02055	0.00337	0.06361
1	0.03323	0.06624	0.01145	0.02149	0.08104	0.07679	0.01970	0.13246	0.14527	0.09729	0.12608	0.04295	0.01385	0.02030	0.01365	0.00153	0.02295	0.00474	0.00378	0.06522
2	0.06045	0.03763	0.06940	0.00919	0.04524	0.07185	0.06648	0.14660	0.15959	0.09229	0.06149	0.02189	0.04405	0.02087	0.02316	0.00139	0.01630	0.00415	0.00325	0.04473
3	0.07861	0.18244	0.08267	0.02005	0.07328	0.07099	0.00780	0.24557	0.04179	0.06071	0.04290	0.01982	0.02866	0.00465	0.00382	0.00116	0.02298	0.00349	0.00293	0.00568
4	0.05039	0.29535	0.10794	0.03706	0.02160	0.06322	0.00711	0.04357	0.01991	0.08691	0.05623	0.06820	0.02754	0.03105	0.00397	0.00117	0.00414	0.00378	0.00260	0.06826
5	0.10368	0.20825	0.12848	0.00826	0.02248	0.08488	0.04384	0.02871	0.08630	0.02508	0.06837	0.06542	0.03561	0.03035	0.00439	0.00127	0.03067	0.00403	0.00258	0.01738
6	0.02121	0.24092	0.09936	0.00738	0.01056	0.06245	0.03240	0.05921	0.00924	0.01234	0.03318	0.06691	0.07736	0.00477	0.00344	0.00098	0.00397	0.00377	0.00245	0.24808
7	0.01990	0.21046	0.16844	0.09541	0.05271	0.03792	0.00873	0.09084	0.06800	0.04700	0.02602	0.04177	0.01845	0.00467	0.00383	0.00116	0.02186	0.02188	0.00252	0.05844
8	0.02116	0.02671	0.07133	0.00653	0.00864	0.02360	0.04127	0.03039	0.02980	0.05062	0.11820	0.05311	0.03932	0.24205	0.00843	0.00184	0.00361	0.00485	0.00287	0.21566
9	0.00887	0.02480	0.02736	0.08004	0.02839	0.00712	0.03791	0.05756	0.12522	0.02793	0.07670	0.01210	0.02626	0.00418	0.00357	0.00094	0.00346	0.00353	0.00285	0.44121
10	0.00772	0.00611	0.00700	0.00604	0.00774	0.00602	0.00442	0.03597	0.18764	0.01215	0.03144	0.01717	0.01147	0.29393	0.10080	0.00254	0.00419	0.00438	0.00284	0.25042
11	0.01110	0.00912	0.02308	0.02957	0.05719	0.00998	0.00704	0.23690	0.44404	0.03486	0.06632	0.01441	0.02750	0.00536	0.00410	0.00130	0.00360	0.00442	0.00388	0.00621
12	0.01063	0.00913	0.00938	0.00830	0.01058	0.04664	0.00653	0.13035	0.61816	0.01717	0.01486	0.01485	0.01142	0.00655	0.04104	0.00156	0.00387	0.02895	0.00389	0.00613
13	0.00533	0.00403	0.00493	0.00489	0.00587	0.00363	0.00364	0.00682	0.01020	0.01372	0.47735	0.12921	0.27245	0.00938	0.00480	0.00135	0.00204	0.03265	0.00411	0.00360
14	0.00518	0.00408	0.00468	0.00453	0.00569	0.00357	0.00340	0.00661	0.01019	0.01331	0.41447	0.03451	0.45702	0.00923	0.00474	0.00131	0.00197	0.00789	0.00405	0.00357
15	0.01072	0.86147	0.02102	0.00686	0.01029	0.01587	0.00686	0.01201	0.00815	0.00944	0.00558	0.00643	0.00515	0.00343	0.00257	0.00086	0.00429	0.00214	0.00172	0.00515
16	0.00509	0.00400	0.00458	0.00464	0.00568	0.00357	0.00341	0.00627	0.00917	0.01179	0.20354	0.14553	0.47316	0.02468	0.06050	0.00174	0.00264	0.00821	0.01834	0.00346
17	0.00489	0.00349	0.00465	0.00558	0.00582	0.00326	0.00372	0.00558	0.00768	0.01024	0.02210	0.85644	0.02653	0.01256	0.00512	0.00163	0.00233	0.01140	0.00372	0.00326
18	0.01462	0.01029	0.01127	0.00875	0.01166	0.01128	0.00715	0.70443	0.01722	0.06512	0.00970	0.01007	0.00699	0.00566	0.00509	0.08259	0.00428	0.00362	0.00385	0.00635
19	0.03393	0.12271	0.10432	0.02622	0.01437	0.05428	0.18137	0.26444	0.01231	0.12097	0.00891	0.00966	0.00645	0.00420	0.00404	0.00121	0.01816	0.00355	0.00295	0.00595
20	0.01280	0.13708	0.05975	0.05015	0.01394	0.41646	0.09623	0.10727	0.01102	0.01205	0.00677	0.00808	0.00546	0.00413	0.00408	0.00112	0.04334	0.00298	0.00219	0.00510
21	0.00836	0.00671	0.07755	0.00612	0.00836	0.00515	0.00528	0.04611	0.01074	0.12936	0.39739	0.02223	0.10285	0.00655	0.00423	0.00116	0.00275	0.00559	0.00384	0.14967
22	0.00919	0.09429	0.37354	0.01267	0.01721	0.02664	0.30324	0.04576	0.00922	0.01277	0.00816	0.00985	0.02443	0.00391	0.00434	0.00127	0.03227	0.00369	0.00197	0.00557

[dist]
# distance from previous block
# <min> <max>
0	1

[block]
# block no. 1 follows, 67 sequences, length 19
# corresponding to MSA columns:
# 138-156
name=unknown_B
#
# <colnr> <probs for GDERKNQSTAVLIFYWHMCP>
#	G	D	E	R	K	N	Q	S	T	A	V	L	I	F	Y	W	H	M	C	P
0	0.00581	0.00398	0.00484	0.00484	0.00500	0.00414	0.00301	0.00613	0.00597	0.00812	0.01221	0.02391	0.01356	0.67420	0.20388	0.00446	0.00542	0.00549	0.00237	0.00269
1	0.01454	0.01130	0.01221	0.01048	0.07947	0.04756	0.00795	0.68134	0.05707	0.02321	0.00964	0.00981	0.00698	0.00471	0.00400	0.00120	0.00450	0.00361	0.00377	0.00667
2	0.00988	0.00906	0.00967	0.00970	0.09180	0.11244	0.00688	0.09200	0.31832	0.01432	0.03777	0.01351	0.01035	0.01124	0.21144	0.00255	0.02648	0.00411	0.00309	0.00537
3	0.00558	0.00386	0.00443	0.00455	0.00476	0.00374	0.00274	0.00586	0.00668	0.00881	0.05259	0.14754	0.10152	0.61236	0.01591	0.00319	0.00338	0.00697	0.00284	0.00271
4	0.00492	0.00355	0.00466	0.00548	0.00581	0.00329	0.00369	0.00570	0.00794	0.01057	0.06520	0.77357	0.06634	0.01222	0.00508	0.00160	0.00229	0.01104	0.00376	0.00329
5	0.07114	0.00857	0.01080	0.51332	0.02055	0.13043	0.03350	0.01084	0.02202	0.01092	0.00908	0.12403	0.00824	0.00517	0.00402	0.00133	0.00506	0.00443	0.00218	0.00437
6	0.00764	0.00604	0.00804	0.00786	0.05154	0.00652	0.03719	0.05106	0.09508	0.04341	0.06809	0.19591	0.09371	0.14745	0.04147	0.00206	0.11057	0.01897	0.00319	0.00422
7	0.00529	0.00384	0.00461	0.00495	0.00562	0.00348	0.00341	0.00615	0.00837	0.02577	0.11891	0.40293	0.26288	0.11654	0.00685	0.00178	0.00240	0.00924	0.00366	0.00332
8	0.00911	0.01013	0.02150	0.17186	0.02220	0.00991	0.66901	0.01236	0.00920	0.01236	0.00793	0.01079	0.00595	0.00350	0.00460	0.00135	0.00650	0.00452	0.00198	0.00523
9	0.00806	0.00929	0.11557	0.47834	0.19782	0.00892	0.02853	0.01078	0.00833	0.01123	0.00875	0.02432	0.03862	0.00434	0.00431	0.00132	0.03072	0.00383	0.00193	0.00500
10	0.04689	0.03393	0.05605	0.02204	0.05520	0.18612	0.04852	0.16494	0.05420	0.08770	0.01238	0.03449	0.02733	0.04039	0.00643	0.00180	0.08306	0.00459	0.02730	0.00662
11	0.57346	0.22137	0.01076	0.02056	0.02174	0.02925	0.03741	0.01191	0.00745	0.01518	0.00598	0.00738	0.00496	0.00376	0.00271	0.00115	0.00371	0.01438	0.00226	0.00462
12	0.00639	0.03105	0.03841	0.00697	0.01973	0.05066	0.00536	0.00752	0.00783	0.01030	0.01737	0.43643	0.03876	0.03855	0.11408	0.00227	0.06452	0.09703	0.00309	0.00369
13	0.00513	0.00408	0.00461	0.00448	0.00566	0.00355	0.00336	0.00652	0.01007	0.01304	0.37314	0.03497	0.49852	0.00933	0.00474	0.00132	0.00197	0.00796	0.00401	0.00355
14	0.01006	0.16000	0.02890	0.00751	0.01079	0.16119	0.03891	0.02458	0.00906	0.01197	0.00698	0.02015	0.00596	0.00347	0.00316	0.00079	0.00421	0.00263	0.00222	0.48746
15	0.00675	0.00526	0.00743	0.02874	0.02841	0.00576	0.03374	0.05708	0.04429	0.01151	0.06693	0.09614	0.04286	0.07149	0.43261	0.00410	0.01834	0.00532	0.02926	0.00397
16	0.00498	0.00365	0.00468	0.00531	0.00579	0.00335	0.00365	0.00590	0.00840	0.01117	0.14346	0.63073	0.13093	0.01162	0.00501	0.00154	0.00223	0.01042	0.00382	0.00335
17	0.01498	0.01911	0.01137	0.01033	0.01240	0.84295	0.00775	0.01601	0.01137	0.00982	0.00620	0.00723	0.00517	0.00413	0.00362	0.00103	0.00723	0.00258	0.00207	0.00465
18	0.09300	0.07583	0.34489	0.01051	0.03249	0.04277	0.11710	0.07872	0.03833	0.04945	0.00867	0.04075	0.00695	0.03810	0.00445	0.00135	0.00513	0.00364	0.00235	0.00550

[dist]
# distance from previous block
# <min> <max>
1	3

[block]
# block no. 2 follows, 67 sequences, length 16
# corresponding to MSA columns:
# 162-177
name=unknown_C
#
# <colnr> <probs for GDERKNQSTAVLIFYWHMCP>
#	G	D	E	R	K	N	Q	S	T	A	V	L	I	F	Y	W	H	M	C	P
0	0.02145	0.25889	0.12376	0.02282	0.02354	0.06051	0.11836	0.07083	0.16613	0.05743	0.00925	0.00996	0.00714	0.00484	0.02721	0.00130	0.00495	0.00339	0.00259	0.00564
1	0.03634	0.06139	0.17444	0.01039	0.01334	0.59663	0.02735	0.01498	0.01047	0.01065	0.00639	0.00750	0.00515	0.00401	0.00360	0.00108	0.00671	0.00267	0.00199	0.00493
2	0.00592	0.00418	0.00488	0.00473	0.00523	0.00410	0.00308	0.02917	0.00786	0.01057	0.19828	0.02757	0.11828	0.50094	0.05617	0.00305	0.00358	0.00633	0.00306	0.00303
3	0.00998	0.00862	0.00907	0.00816	0.01043	0.00998	0.00635	0.02131	0.82679	0.01678	0.01632	0.01496	0.01224	0.00544	0.00408	0.00136	0.00317	0.00453	0.00408	0.00635
4	0.00510	0.00370	0.00471	0.00534	0.00579	0.00344	0.00367	0.00594	0.00813	0.01075	0.10120	0.57447	0.12247	0.08000	0.00629	0.00175	0.00244	0.04784	0.00368	0.00328
5	0.00523	0.00374	0.00470	0.00520	0.00562	0.00350	0.00353	0.00599	0.00797	0.01058	0.11916	0.47273	0.11495	0.16290	0.00795	0.01646	0.00259	0.04046	0.00354	0.00318
6	0.01469	0.00604	0.00813	0.00663	0.00910	0.00526	0.00531	0.01611	0.01080	0.62624	0.06592	0.13969	0.05473	0.00653	0.00427	0.00130	0.00310	0.00552	0.00469	0.00595
7	0.00832	0.00713	0.00832	0.00594	0.00950	0.00535	0.00475	0.01010	0.00832	0.01307	0.00713	0.00832	0.00594	0.00297	0.00297	0.00059	0.00297	0.00238	0.00238	0.88357
8	0.00664	0.00613	0.00571	0.00549	0.00667	0.11580	0.00406	0.00816	0.02610	0.01281	0.35575	0.08377	0.30187	0.03708	0.00512	0.00138	0.00277	0.00721	0.00375	0.00373
9	0.01414	0.18460	0.01326	0.00965	0.01198	0.68046	0.00757	0.01523	0.01073	0.00974	0.00608	0.00708	0.00516	0.00399	0.00341	0.00100	0.00665	0.00250	0.00200	0.00475
10	0.01377	0.06439	0.01286	0.01044	0.08120	0.05272	0.03841	0.56171	0.01574	0.04276	0.00965	0.04691	0.00752	0.00502	0.00415	0.01457	0.00453	0.00386	0.00350	0.00628
11	0.03966	0.00635	0.00865	0.00695	0.00956	0.00581	0.00568	0.01690	0.01036	0.65157	0.01454	0.01387	0.00979	0.00986	0.16885	0.00226	0.00484	0.00403	0.00434	0.00612
12	0.00577	0.00388	0.00450	0.00455	0.00461	0.00391	0.00264	0.00588	0.00598	0.00801	0.01314	0.07796	0.01510	0.76400	0.06093	0.00387	0.00414	0.00611	0.00250	0.00254
13	0.00981	0.09299	0.03085	0.00656	0.00872	0.00724	0.00543	0.06492	0.16806	0.16885	0.16353	0.06602	0.15497	0.00737	0.02546	0.00140	0.00321	0.00562	0.00387	0.00514
14	0.06986	0.24113	0.17157	0.05865	0.04757	0.04140	0.03094	0.09254	0.03548	0.05859	0.01786	0.04165	0.02702	0.01714	0.00389	0.00119	0.01481	0.00349	0.00246	0.02277
15	0.08349	0.12275	0.05634	0.01699	0.04646	0.07977	0.01856	0.14662	0.04162	0.04535	0.02850	0.02510	0.02624	0.00738	0.05017	0.11927	0.06173	0.00356	0.00261	0.01749

[dist]
# distance from previous block
# <min> <max>
1	29

[block]
# block no. 3 follows, 67 sequences, length 17
# corresponding to MSA columns:
# 207-223
name=unknown_D
#
# <colnr> <probs for GDERKNQSTAVLIFYWHMCP>
#	G	D	E	R	K	N	Q	S	T	A	V	L	I	F	Y	W	H	M	C	P
0	0.00914	0.09273	0.12372	0.00794	0.02726	0.17453	0.02129	0.03049	0.03856	0.02521	0.03585	0.07836	0.02470	0.27169	0.00914	0.00203	0.01596	0.00470	0.00248	0.00423
1	0.01959	0.28683	0.08519	0.02445	0.04050	0.10446	0.11112	0.04860	0.05126	0.04401	0.04355	0.03092	0.01703	0.00483	0.01246	0.00121	0.05415	0.01224	0.00237	0.00521
2	0.00518	0.00388	0.00470	0.00516	0.00578	0.00359	0.00356	0.00630	0.03551	0.01081	0.08403	0.48969	0.23336	0.06018	0.00610	0.02320	0.00237	0.00960	0.00366	0.00335
3	0.00942	0.13276	0.17156	0.01079	0.11041	0.15577	0.04723	0.02668	0.03317	0.01134	0.01021	0.17186	0.01001	0.02084	0.02980	0.01525	0.02090	0.00472	0.00235	0.00491
4	0.00974	0.12364	0.01361	0.36403	0.10419	0.17494	0.03385	0.01172	0.00866	0.01034	0.00688	0.00951	0.00565	0.00543	0.04782	0.00149	0.05858	0.00325	0.00188	0.00476
5	0.00634	0.00480	0.00676	0.00654	0.00725	0.00560	0.00503	0.04454	0.00693	0.00988	0.01063	0.01634	0.01016	0.12441	0.66560	0.00566	0.05324	0.00440	0.00225	0.00364
6	0.00497	0.00388	0.00437	0.00461	0.00547	0.00343	0.00324	0.00587	0.00857	0.01080	0.09984	0.27094	0.45057	0.09712	0.00644	0.00168	0.00229	0.00893	0.00365	0.00329
7	0.00600	0.00419	0.00504	0.00510	0.00611	0.00378	0.00373	0.02150	0.00948	0.05875	0.22304	0.28129	0.30620	0.02494	0.00509	0.00146	0.00227	0.02441	0.00394	0.00369
8	0.05856	0.14928	0.01234	0.02440	0.02513	0.17571	0.03388	0.06139	0.03543	0.03865	0.00773	0.02189	0.00692	0.07368	0.03629	0.00164	0.19838	0.00341	0.00230	0.03301
9	0.04637	0.31781	0.07333	0.00967	0.01287	0.13507	0.17265	0.05350	0.02495	0.01190	0.02074	0.03475	0.02224	0.00500	0.03055	0.00127	0.00533	0.00346	0.00218	0.01634
10	0.00856	0.03001	0.02843	0.18179	0.08981	0.05028	0.01669	0.02246	0.10130	0.02135	0.04732	0.03152	0.02943	0.01627	0.06863	0.00160	0.04459	0.01290	0.04770	0.14935
11	0.00579	0.00443	0.00542	0.02230	0.02468	0.00420	0.00395	0.02577	0.02964	0.01269	0.30015	0.16085	0.24604	0.11339	0.00667	0.00168	0.00250	0.02249	0.00374	0.00363
12	0.00665	0.00526	0.00665	0.13844	0.00991	0.02317	0.00521	0.06066	0.03421	0.02139	0.09494	0.38301	0.09938	0.06980	0.02113	0.00172	0.00328	0.00798	0.00337	0.00385
13	0.00934	0.17978	0.02666	0.03021	0.03528	0.08214	0.01741	0.11083	0.03806	0.02567	0.11705	0.05744	0.11546	0.05698	0.03029	0.00151	0.03897	0.00484	0.00293	0.01913
14	0.17856	0.10281	0.06026	0.00686	0.00921	0.02424	0.00586	0.10419	0.12644	0.01491	0.07645	0.05898	0.04362	0.06607	0.03018	0.00155	0.01986	0.00424	0.00298	0.06276
15	0.01038	0.13832	0.10043	0.06065	0.10488	0.08308	0.02072	0.13236	0.01001	0.04841	0.00876	0.03954	0.00748	0.00787	0.11049	0.00185	0.05337	0.01858	0.00245	0.04035
16	0.02017	0.07519	0.10510	0.00752	0.02416	0.03789	0.02642	0.08566	0.04913	0.04142	0.05443	0.22247	0.10346	0.05742	0.00525	0.00149	0.00365	0.04719	0.00318	0.02879

[dist]
# distance from previous block
# <min> <max>
33	71

[block]
# block no. 4 follows, 67 sequences, length 20
# corresponding to MSA columns:
# 330-349
name=unknown_E
#
# <colnr> <probs for GDERKNQSTAVLIFYWHMCP>
#	G	D	E	R	K	N	Q	S	T	A	V	L	I	F	Y	W	H	M	C	P
0	0.01063	0.52318	0.03048	0.00725	0.01012	0.12548	0.00661	0.06334	0.03048	0.01114	0.04114	0.03977	0.07640	0.00473	0.00322	0.00101	0.00435	0.00341	0.00231	0.00497
1	0.03233	0.02316	0.05111	0.00682	0.00808	0.03373	0.05840	0.00814	0.04742	0.01145	0.07130	0.44659	0.09673	0.03036	0.02836	0.00168	0.00334	0.03379	0.00336	0.00386
2	0.00781	0.00718	0.07050	0.09553	0.08903	0.00670	0.06357	0.03375	0.02327	0.05998	0.05062	0.07923	0.04343	0.08105	0.23573	0.00295	0.02640	0.01615	0.00263	0.00448
3	0.01181	0.00700	0.00892	0.00742	0.04901	0.00589	0.00565	0.04732	0.00998	0.30190	0.02759	0.04475	0.00953	0.00459	0.00366	0.00098	0.00326	0.03759	0.00348	0.40966
4	0.01196	0.04212	0.03268	0.02552	0.15773	0.29349	0.00805	0.11437	0.11925	0.02497	0.02021	0.01087	0.04187	0.00448	0.00378	0.00111	0.00506	0.00346	0.00270	0.07631
5	0.00955	0.02356	0.08378	0.02264	0.01023	0.04348	0.00712	0.10936	0.10965	0.06502	0.02070	0.03197	0.01161	0.14691	0.00855	0.00187	0.15468	0.13153	0.00300	0.00478
6	0.00968	0.01009	0.02113	0.01523	0.01894	0.00947	0.69502	0.03225	0.00962	0.05221	0.00995	0.01264	0.03826	0.04000	0.00535	0.00145	0.00624	0.00486	0.00230	0.00531
7	0.01204	0.25499	0.01443	0.05871	0.06913	0.38871	0.01826	0.01329	0.00942	0.00990	0.00625	0.00788	0.00543	0.00496	0.02439	0.02337	0.06938	0.00274	0.00191	0.00479
8	0.07496	0.00876	0.00940	0.00753	0.01027	0.06382	0.00611	0.24918	0.06009	0.35692	0.01243	0.01179	0.00850	0.00478	0.00377	0.00119	0.00376	0.00368	0.09692	0.00615
9	0.00737	0.00601	0.00797	0.00690	0.00844	0.00617	0.07788	0.07345	0.14698	0.01410	0.24983	0.02334	0.13872	0.11117	0.10163	0.00220	0.00401	0.00596	0.00352	0.00436
10	0.00527	0.00404	0.00484	0.00488	0.00589	0.00361	0.00366	0.00667	0.00991	0.01309	0.37857	0.13920	0.33877	0.00967	0.00483	0.00138	0.00211	0.05603	0.00402	0.00356
11	0.00801	0.00826	0.02673	0.01191	0.01406	0.00858	0.37864	0.01021	0.00797	0.01127	0.00961	0.09207	0.00884	0.01086	0.19129	0.00257	0.16482	0.00499	0.02474	0.00457
12	0.47074	0.00912	0.08232	0.00677	0.00963	0.00886	0.00602	0.12707	0.05909	0.11652	0.06184	0.01002	0.00808	0.00443	0.00325	0.00125	0.00350	0.00314	0.00315	0.00522
13	0.00590	0.00483	0.00520	0.00501	0.00639	0.00455	0.00378	0.03592	0.10884	0.01289	0.16834	0.09002	0.51520	0.00924	0.00466	0.00135	0.00225	0.00782	0.00389	0.00392
14	0.03699	0.34016	0.08424	0.00794	0.01112	0.07242	0.00734	0.15577	0.11192	0.06562	0.02603	0.02516	0.01781	0.00445	0.00340	0.00109	0.00430	0.00327	0.00279	0.01819
15	0.04796	0.10984	0.06973	0.07054	0.06929	0.08592	0.02961	0.18032	0.04988	0.09476	0.00926	0.02103	0.02050	0.01667	0.00511	0.00129	0.10639	0.00355	0.00279	0.00555
16	0.00601	0.00477	0.01598	0.00654	0.01886	0.01952	0.03526	0.00748	0.04729	0.02520	0.06229	0.57310	0.03411	0.07835	0.00619	0.00174	0.00288	0.04723	0.00355	0.00363
17	0.00516	0.00382	0.00484	0.00545	0.00604	0.00352	0.00388	0.00608	0.00818	0.01072	0.05782	0.54165	0.16813	0.03940	0.01798	0.00171	0.00258	0.09030	0.00366	0.01908
18	0.00916	0.03290	0.08146	0.03083	0.04317	0.05497	0.02008	0.06958	0.04055	0.03266	0.01902	0.03160	0.04240	0.01795	0.05201	0.00130	0.02486	0.00348	0.00257	0.38944
19	0.03265	0.14745	0.06047	0.06569	0.07784	0.04944	0.04074	0.01027	0.04304	0.02592	0.07804	0.12965	0.09445	0.06868	0.00519	0.00142	0.00388	0.01964	0.00275	0.04279

[dist]
# distance from previous block
# <min> <max>
28	92

[block]
# block no. 5 follows, 67 sequences, length 10
# corresponding to MSA columns:
# 468-477
name=unknown_F
#
# <colnr> <probs for GDERKNQSTAVLIFYWHMCP>
#	G	D	E	R	K	N	Q	S	T	A	V	L	I	F	Y	W	H	M	C	P
0	0.09691	0.01347	0.00990	0.03254	0.02716	0.44301	0.00688	0.04275	0.10333	0.02965	0.06370	0.01130	0.02324	0.03874	0.00476	0.00128	0.04048	0.00346	0.00264	0.00478
1	0.03942	0.00987	0.04434	0.13262	0.21343	0.12989	0.03877	0.09412	0.01055	0.02655	0.12542	0.01539	0.06733	0.00520	0.00411	0.00124	0.00459	0.02931	0.00274	0.00512
2	0.00998	0.00862	0.00907	0.00816	0.01043	0.00998	0.00635	0.02131	0.82679	0.01678	0.01632	0.01496	0.01224	0.00544	0.00408	0.00136	0.00317	0.00453	0.00408	0.00635
3	0.03047	0.00408	0.00475	0.00480	0.00562	0.00382	0.00340	0.00696	0.00873	0.02907	0.22691	0.18366	0.21012	0.17015	0.00758	0.00184	0.00249	0.02570	0.06643	0.00341
4	0.00544	0.00395	0.00480	0.00521	0.00571	0.00374	0.00354	0.02715	0.00804	0.01055	0.06331	0.44567	0.15314	0.19894	0.00841	0.00206	0.00271	0.04091	0.00348	0.00323
5	0.00587	0.00429	0.00517	0.00523	0.00629	0.00395	0.00393	0.00761	0.04398	0.04087	0.27282	0.19986	0.29801	0.00975	0.00483	0.00142	0.00229	0.07609	0.00399	0.00375
6	0.00801	0.00682	0.00792	0.00593	0.00910	0.00535	0.00468	0.01018	0.04817	0.01313	0.03682	0.04817	0.04167	0.00398	0.00325	0.00073	0.00288	0.00329	0.00264	0.73728
7	0.01086	0.04856	0.06625	0.06324	0.05243	0.07178	0.03858	0.21826	0.19750	0.03337	0.03207	0.08263	0.02169	0.02674	0.00461	0.00134	0.01670	0.00454	0.00324	0.00562
8	0.01174	0.58837	0.01825	0.00901	0.06976	0.22371	0.00748	0.01304	0.00903	0.00979	0.00587	0.00688	0.00524	0.00362	0.00294	0.00093	0.00506	0.00236	0.00182	0.00511
9	0.01103	0.14695	0.09462	0.02635	0.07219	0.08050	0.03530	0.15046	0.03780	0.09684	0.03805	0.08958	0.02560	0.00587	0.01483	0.00131	0.02755	0.03678	0.00297	0.00541

[dist]
# distance from previous block
# <min> <max>
2	8

[block]
# block no. 6 follows, 67 sequences, length 11
# corresponding to MSA columns:
# 486-496
name=unknown_G
#
# <colnr> <probs for GDERKNQSTAVLIFYWHMCP>
#	G	D	E	R	K	N	Q	S	T	A	V	L	I	F	Y	W	H	M	C	P
0	0.01260	0.12550	0.02889	0.00956	0.05199	0.33846	0.00738	0.17624	0.05943	0.01381	0.00901	0.04201	0.02684	0.00460	0.00364	0.00107	0.00523	0.00337	0.00265	0.07774
1	0.02330	0.21635	0.22255	0.01047	0.09538	0.04445	0.02856	0.06975	0.05450	0.04167	0.00840	0.02425	0.00701	0.02483	0.00443	0.00123	0.04593	0.02268	0.00231	0.05193
2	0.00614	0.02557	0.00577	0.00539	0.00649	0.00460	0.00407	0.00776	0.04674	0.04657	0.15663	0.19485	0.32881	0.03026	0.06105	0.00180	0.03244	0.02763	0.00365	0.00378
3	0.00832	0.01618	0.52203	0.01240	0.05592	0.00920	0.15553	0.01268	0.05753	0.01286	0.02726	0.04906	0.00749	0.00442	0.00437	0.00132	0.03181	0.00390	0.00207	0.00566
4	0.00586	0.00453	0.00603	0.06872	0.05974	0.00437	0.00481	0.00714	0.02279	0.03039	0.02474	0.41540	0.24917	0.03369	0.00526	0.00156	0.00277	0.04585	0.00347	0.00371
5	0.01221	0.07163	0.06326	0.13830	0.16836	0.27246	0.04774	0.09298	0.01070	0.07382	0.00775	0.00915	0.00597	0.00404	0.00380	0.00116	0.00563	0.00322	0.00237	0.00546
6	0.00573	0.00430	0.00645	0.00645	0.00716	0.00501	0.00501	0.00716	0.00645	0.00931	0.01074	0.01576	0.01003	0.03008	0.84316	0.00645	0.01074	0.00430	0.00215	0.00358
7	0.00513	0.00379	0.00505	0.00559	0.00607	0.00377	0.00394	0.00603	0.00744	0.00995	0.02076	0.50562	0.11215	0.05278	0.22884	0.00298	0.00460	0.00894	0.00325	0.00332
8	0.00733	0.00590	0.00687	0.00727	0.04972	0.02476	0.00500	0.07495	0.16266	0.01264	0.01912	0.35018	0.09025	0.09944	0.03602	0.00190	0.00337	0.03486	0.00349	0.00427
9	0.09057	0.13788	0.01177	0.00827	0.02175	0.06183	0.03388	0.21626	0.13691	0.11952	0.04084	0.05027	0.00955	0.01615	0.00420	0.00125	0.02608	0.00395	0.00337	0.00569
10	0.03415	0.05874	0.05443	0.01740	0.05910	0.11504	0.03734	0.09253	0.07242	0.04316	0.04225	0.22993	0.03455	0.01891	0.01423	0.00140	0.03154	0.00571	0.00304	0.03415

[dist]
# distance from previous block
# <min> <max>
3	35

[block]
# block no. 7 follows, 67 sequences, length 22
# corresponding to MSA columns:
# 532-534,536-554
name=unknown_H
#
# <colnr> <probs for GDERKNQSTAVLIFYWHMCP>
#	G	D	E	R	K	N	Q	S	T	A	V	L	I	F	Y	W	H	M	C	P
0	0.01046	0.04263	0.12801	0.10785	0.08940	0.07725	0.06009	0.08782	0.09467	0.08959	0.02779	0.01180	0.02776	0.00623	0.04542	0.03602	0.04534	0.00380	0.00268	0.00538
1	0.01079	0.81573	0.02054	0.00702	0.01036	0.01568	0.00693	0.03355	0.00838	0.00986	0.00568	0.00658	0.00519	0.00356	0.00290	0.00089	0.02717	0.00222	0.00178	0.00517
2	0.00806	0.00707	0.01103	0.24293	0.11175	0.02347	0.10501	0.03653	0.03183	0.04665	0.09081	0.11264	0.13334	0.00654	0.01352	0.00139	0.00422	0.00569	0.00286	0.00466
3	0.00823	0.03715	0.09885	0.07431	0.09083	0.04785	0.05494	0.03598	0.07529	0.03574	0.05478	0.20012	0.03426	0.01562	0.02815	0.02220	0.00427	0.07379	0.00294	0.00469
4	0.03004	0.01971	0.02379	0.11370	0.10351	0.11394	0.03550	0.10017	0.07244	0.03221	0.03583	0.08167	0.05032	0.10122	0.03671	0.00177	0.02443	0.01545	0.00279	0.00478
5	0.00524	0.00374	0.00463	0.00511	0.00546	0.00355	0.00338	0.00587	0.00749	0.00991	0.06126	0.45264	0.10855	0.25512	0.02864	0.00234	0.00295	0.02769	0.00335	0.00308
6	0.00577	0.00400	0.00499	0.00546	0.00610	0.00374	0.00384	0.00689	0.03110	0.04520	0.04415	0.50878	0.15825	0.09118	0.00644	0.00178	0.00257	0.06261	0.00368	0.00348
7	0.07109	0.03468	0.06109	0.08792	0.17558	0.14757	0.15645	0.11640	0.02224	0.01384	0.00843	0.05371	0.00713	0.02130	0.00430	0.00129	0.00531	0.00392	0.00239	0.00536
8	0.07302	0.02339	0.05348	0.07795	0.11602	0.22377	0.00848	0.17436	0.03030	0.06422	0.00854	0.03233	0.00692	0.00478	0.00455	0.00124	0.07183	0.01669	0.00270	0.00543
9	0.00585	0.00456	0.00576	0.00603	0.00650	0.00485	0.00432	0.00729	0.05860	0.01075	0.04435	0.48776	0.09905	0.08847	0.00728	0.00178	0.10083	0.02504	0.02737	0.00355
10	0.00649	0.00475	0.00586	0.02410	0.00741	0.00465	0.00470	0.03059	0.07050	0.03872	0.12918	0.22007	0.20534	0.03863	0.00543	0.00160	0.00279	0.19151	0.00379	0.00389
11	0.00579	0.00417	0.00491	0.00502	0.00588	0.00386	0.00356	0.00714	0.04031	0.03906	0.15597	0.25698	0.27972	0.14182	0.00724	0.00182	0.00251	0.02706	0.00369	0.00350
12	0.04465	0.17418	0.06503	0.05071	0.14665	0.15574	0.03539	0.06103	0.01875	0.01266	0.01902	0.00864	0.00617	0.00372	0.00341	0.00100	0.00476	0.00290	0.00220	0.18340
13	0.44351	0.13682	0.11825	0.00807	0.05743	0.01049	0.00707	0.08440	0.03688	0.02763	0.00677	0.00770	0.00528	0.00396	0.00331	0.00120	0.03105	0.00263	0.00244	0.00511
14	0.00547	0.00427	0.00537	0.00590	0.03253	0.00407	0.00413	0.00698	0.03803	0.01145	0.13317	0.29723	0.26786	0.02977	0.09672	0.00206	0.00330	0.04449	0.00357	0.00361
15	0.00563	0.00442	0.00578	0.00565	0.00649	0.00438	0.02615	0.00683	0.02183	0.01120	0.16861	0.20934	0.25439	0.06776	0.10302	0.03938	0.04468	0.00762	0.00336	0.00347
16	0.65212	0.03850	0.00710	0.00622	0.03575	0.00845	0.00488	0.01213	0.00774	0.09622	0.05387	0.02151	0.00777	0.00443	0.00295	0.00125	0.00317	0.02848	0.00284	0.00461
17	0.74305	0.00815	0.00683	0.00584	0.00846	0.02903	0.02355	0.03478	0.00747	0.01745	0.00591	0.00688	0.00462	0.00369	0.00265	0.00118	0.00331	0.00230	0.00250	0.08236
18	0.07231	0.08216	0.02123	0.05227	0.04279	0.09632	0.04440	0.10533	0.03394	0.09400	0.13440	0.07583	0.03230	0.05038	0.00501	0.00139	0.01627	0.03160	0.00318	0.00488
19	0.02586	0.07677	0.00860	0.01992	0.00880	0.24979	0.03036	0.00982	0.00929	0.01075	0.09187	0.19221	0.15481	0.07633	0.00554	0.00148	0.00417	0.01678	0.00293	0.00393
20	0.18633	0.14967	0.11074	0.02117	0.04341	0.11422	0.00712	0.06074	0.00907	0.01335	0.05846	0.09395	0.02302	0.02001	0.00417	0.00124	0.03845	0.00393	0.00250	0.03845
21	0.02994	0.05326	0.09991	0.03300	0.06732	0.08741	0.07403	0.05320	0.24970	0.05428	0.01169	0.01211	0.04205	0.00495	0.01518	0.00127	0.01841	0.00382	0.00292	0.08555

[dist]
# distance from previous block
# <min> <max>
26	53

[block]
# block no. 8 follows, 67 sequences, length 6
# corresponding to MSA columns:
# 621-626
name=unknown_I
#
# <colnr> <probs for GDERKNQSTAVLIFYWHMCP>
#	G	D	E	R	K	N	Q	S	T	A	V	L	I	F	Y	W	H	M	C	P
0	0.03213	0.00867	0.00946	0.00763	0.01024	0.04968	0.00612	0.24971	0.11105	0.18481	0.04130	0.01316	0.03703	0.03169	0.04174	0.00147	0.02805	0.00394	0.00367	0.12848
1	0.01029	0.06986	0.05095	0.02501	0.03815	0.13970	0.01863	0.09538	0.13115	0.06556	0.07067	0.06269	0.06728	0.07656	0.01812	0.00153	0.02830	0.00468	0.00309	0.02240
2	0.03590	0.03967	0.07498	0.03374	0.05471	0.11569	0.02362	0.11977	0.03985	0.04691	0.06841	0.13923	0.11139	0.02520	0.02345	0.00147	0.00422	0.03386	0.00313	0.00479
3	0.03559	0.00953	0.04464	0.04555	0.03793	0.00984	0.03850	0.34217	0.14210	0.07716	0.05580	0.01343	0.05760	0.00526	0.00446	0.00127	0.04148	0.00420	0.00358	0.02992
4	0.04400	0.04621	0.01154	0.00950	0.01189	0.44439	0.03342	0.18468	0.08961	0.03610	0.00819	0.00892	0.00639	0.00478	0.00424	0.03937	0.00572	0.00310	0.00273	0.00523
5	0.00692	0.00582	0.02936	0.04741	0.06160	0.00567	0.04189	0.03223	0.00865	0.04414	0.08506	0.19536	0.17601	0.05912	0.10544	0.00217	0.05642	0.02951	0.00312	0.00407

[dist]
# distance from previous block
# <min> <max>
0	10

[block]
# block no. 9 follows, 67 sequences, length 12
# corresponding to MSA columns:
# 637-648
name=unknown_J
#
# <colnr> <probs for GDERKNQSTAVLIFYWHMCP>
#	G	D	E	R	K	N	Q	S	T	A	V	L	I	F	Y	W	H	M	C	P
0	0.06878	0.07321	0.00692	0.00553	0.00708	0.00536	0.00426	0.00885	0.02902	0.07332	0.20486	0.25930	0.13849	0.00823	0.00428	0.00128	0.00256	0.00708	0.00360	0.08799
1	0.00895	0.00678	0.06519	0.00665	0.00821	0.00621	0.00532	0.10275	0.08729	0.12212	0.01347	0.11520	0.01279	0.26501	0.15313	0.00298	0.00495	0.00540	0.00316	0.00443
2	0.08160	0.11458	0.09245	0.09215	0.08241	0.06259	0.03127	0.13879	0.05072	0.13331	0.02489	0.03192	0.00785	0.00535	0.03190	0.00138	0.00471	0.00361	0.00289	0.00560
3	0.02530	0.30445	0.01378	0.04016	0.03442	0.16259	0.02569	0.05275	0.07609	0.02093	0.00950	0.02383	0.01890	0.03233	0.04816	0.00149	0.01602	0.06737	0.00242	0.02383
4	0.70086	0.00782	0.00686	0.00617	0.02706	0.00877	0.00489	0.03937	0.03537	0.12058	0.00740	0.00787	0.00543	0.00397	0.00281	0.00124	0.00322	0.00256	0.00288	0.00485
5	0.00599	0.00433	0.00520	0.00521	0.00628	0.00402	0.00387	0.03651	0.00941	0.04617	0.17513	0.24395	0.33280	0.01162	0.07172	0.00181	0.00296	0.02551	0.00378	0.00371
6	0.00805	0.00495	0.00616	0.00581	0.00714	0.00464	0.00441	0.07424	0.01050	0.14361	0.24534	0.25910	0.15571	0.00908	0.00471	0.00140	0.00256	0.04415	0.00413	0.00429
7	0.00852	0.00848	0.01187	0.01009	0.01053	0.04099	0.06557	0.00957	0.00657	0.00970	0.00661	0.01093	0.00652	0.07687	0.09214	0.00232	0.61278	0.00382	0.00188	0.00424
8	0.11616	0.00539	0.02489	0.00539	0.00674	0.00514	0.00416	0.02943	0.06342	0.02501	0.17891	0.11127	0.24475	0.10413	0.03642	0.00182	0.00298	0.02660	0.00350	0.00387
9	0.00649	0.00514	0.00514	0.00507	0.00537	0.07091	0.00317	0.00683	0.00676	0.00866	0.05982	0.04954	0.03271	0.63934	0.07591	0.00357	0.00444	0.00577	0.00256	0.00281
10	0.03793	0.27850	0.04901	0.04412	0.04602	0.15616	0.01740	0.15918	0.02313	0.02461	0.00832	0.01024	0.02205	0.07283	0.02053	0.00139	0.00495	0.00319	0.00243	0.01802
11	0.08059	0.20777	0.07669	0.02091	0.08134	0.09759	0.03701	0.09447	0.05516	0.04667	0.07369	0.04228	0.02162	0.00541	0.02039	0.00127	0.00451	0.02467	0.00271	0.00523

[dist]
# distance from previous block
# <min> <max>
2	25

[block]
# block no. 10 follows, 67 sequences, length 36
# corresponding to MSA columns:
# 675-710
name=unknown_K
#
# <colnr> <probs for GDERKNQSTAVLIFYWHMCP>
#	G	D	E	R	K	N	Q	S	T	A	V	L	I	F	Y	W	H	M	C	P
0	0.08431	0.04015	0.03662	0.08342	0.07805	0.05143	0.00631	0.08787	0.03059	0.03174	0.09634	0.05444	0.23333	0.00694	0.01872	0.00135	0.01714	0.00533	0.00309	0.03283
1	0.01981	0.09758	0.05603	0.03192	0.03065	0.09914	0.03934	0.11909	0.11402	0.04084	0.01022	0.01115	0.04258	0.02206	0.01317	0.00117	0.03091	0.00344	0.00275	0.21412
2	0.14350	0.07753	0.02005	0.02787	0.02384	0.05888	0.01867	0.03484	0.11651	0.02321	0.05350	0.16004	0.06348	0.05386	0.03963	0.00167	0.05582	0.00529	0.00296	0.01885
3	0.00679	0.00468	0.00574	0.00563	0.03146	0.00410	0.00399	0.00808	0.00942	0.08998	0.22792	0.14834	0.28931	0.06097	0.00551	0.00144	0.00245	0.00731	0.00376	0.08312
4	0.04978	0.05146	0.25542	0.05241	0.06314	0.08483	0.04462	0.08068	0.05992	0.03379	0.04487	0.02192	0.02042	0.00470	0.00472	0.00126	0.08665	0.00360	0.00243	0.03338
5	0.00585	0.00398	0.00475	0.00498	0.00521	0.00393	0.00326	0.00621	0.00666	0.00878	0.01578	0.09550	0.04846	0.59674	0.01599	0.02424	0.00365	0.14054	0.00278	0.00273
6	0.01042	0.10775	0.01025	0.00787	0.01004	0.24477	0.01860	0.03922	0.27717	0.01279	0.01726	0.02863	0.18708	0.00591	0.00394	0.00121	0.00428	0.00463	0.00313	0.00504
7	0.01196	0.00663	0.00831	0.00645	0.00936	0.00555	0.00519	0.02676	0.03062	0.34805	0.06586	0.05243	0.02922	0.00496	0.00375	0.00102	0.00307	0.01912	0.00374	0.35796
8	0.00786	0.01223	0.32532	0.33839	0.03935	0.00854	0.06402	0.01126	0.02205	0.02326	0.00915	0.08482	0.00777	0.00484	0.00412	0.00135	0.00528	0.02328	0.00207	0.00506
9	0.01003	0.03549	0.01611	0.04045	0.75988	0.03079	0.01192	0.01248	0.02092	0.01290	0.00757	0.00984	0.00635	0.00362	0.00392	0.00118	0.00480	0.00352	0.00201	0.00623
10	0.01777	0.00517	0.00700	0.00653	0.00786	0.00551	0.00513	0.03330	0.05601	0.15024	0.05148	0.04282	0.05562	0.02053	0.49892	0.00434	0.00757	0.01675	0.00305	0.00438
11	0.00498	0.00357	0.00474	0.00561	0.00592	0.00334	0.00382	0.00578	0.00792	0.01055	0.05489	0.77476	0.04249	0.01228	0.00511	0.00162	0.00236	0.04322	0.00375	0.00330
12	0.00616	0.00518	0.00660	0.00645	0.00704	0.02275	0.00491	0.00720	0.00758	0.01027	0.07603	0.18833	0.15521	0.08377	0.21298	0.00294	0.15851	0.03164	0.00289	0.00358
13	0.60779	0.00773	0.00716	0.00600	0.00869	0.00840	0.00495	0.06368	0.00878	0.23112	0.00849	0.00856	0.00595	0.00411	0.00298	0.00124	0.00326	0.00274	0.00322	0.00514
14	0.00570	0.00397	0.00534	0.00605	0.00648	0.00388	0.00435	0.00660	0.00799	0.03906	0.02144	0.67012	0.03823	0.01185	0.00544	0.00165	0.03482	0.11985	0.00369	0.00349
15	0.13835	0.02385	0.04102	0.02857	0.04784	0.40446	0.04493	0.01338	0.00914	0.01134	0.00609	0.00787	0.00516	0.00464	0.00567	0.00126	0.19679	0.00290	0.00203	0.00470
16	0.04657	0.00730	0.03811	0.00735	0.02879	0.05032	0.02415	0.07951	0.00973	0.26286	0.01215	0.02885	0.00957	0.07522	0.17755	0.00247	0.00519	0.00409	0.12519	0.00504
17	0.01307	0.07195	0.02125	0.00852	0.01136	0.01105	0.01820	0.54947	0.05312	0.04746	0.02170	0.01165	0.02758	0.02115	0.09221	0.00179	0.00493	0.00384	0.00360	0.00611
18	0.07882	0.15188	0.07835	0.07449	0.03200	0.21490	0.04966	0.10912	0.04304	0.02357	0.01754	0.01037	0.02020	0.00484	0.01448	0.00125	0.04146	0.02646	0.00242	0.00514
19	0.00575	0.00388	0.00451	0.00456	0.00466	0.00387	0.00268	0.00595	0.00631	0.00849	0.06127	0.08788	0.01670	0.72227	0.04220	0.00364	0.00385	0.00628	0.00263	0.00260
20	0.00607	0.00415	0.00542	0.00515	0.00613	0.00381	0.00384	0.00782	0.01098	0.04832	0.70627	0.10126	0.05852	0.00850	0.00474	0.00130	0.00199	0.00752	0.00436	0.00385
21	0.00943	0.12299	0.27711	0.13743	0.18965	0.02211	0.11599	0.04297	0.00911	0.02571	0.00739	0.00925	0.00567	0.00375	0.00384	0.00121	0.00541	0.00334	0.00196	0.00566
22	0.00817	0.05929	0.80081	0.01122	0.01703	0.00961	0.01445	0.01267	0.00845	0.01255	0.00712	0.00837	0.00508	0.00379	0.00375	0.00125	0.00585	0.00293	0.00169	0.00589
23	0.00520	0.00386	0.00488	0.00543	0.00606	0.00358	0.00389	0.00639	0.02047	0.01149	0.14827	0.49720	0.17408	0.01123	0.00501	0.00154	0.00234	0.08180	0.00383	0.00344
24	0.00792	0.08601	0.05351	0.04470	0.11164	0.04814	0.00724	0.04176	0.00813	0.01089	0.01214	0.04104	0.09337	0.01458	0.30846	0.00315	0.09618	0.00437	0.00229	0.00446
25	0.00581	0.00418	0.00478	0.00495	0.00523	0.01793	0.00318	0.00622	0.00669	0.00875	0.01635	0.13601	0.07864	0.55602	0.07185	0.00339	0.00405	0.06039	0.00276	0.00281
26	0.00770	0.00733	0.01268	0.69055	0.05217	0.00883	0.07118	0.01030	0.00803	0.01046	0.00742	0.01097	0.00574	0.00569	0.05846	0.00167	0.02077	0.00370	0.00183	0.00453
27	0.12643	0.13577	0.03834	0.04742	0.25383	0.15207	0.00885	0.14484	0.01814	0.01449	0.00713	0.00848	0.00575	0.00397	0.00367	0.00114	0.01873	0.00301	0.00235	0.00558
28	0.00510	0.00372	0.00500	0.00598	0.02612	0.00353	0.00390	0.00587	0.00768	0.01028	0.03780	0.72277	0.04538	0.05538	0.03943	0.00191	0.00279	0.01049	0.00357	0.00332
29	0.07622	0.14278	0.16051	0.01047	0.03515	0.03792	0.14200	0.20977	0.02208	0.04395	0.00865	0.03537	0.00695	0.00450	0.00408	0.00123	0.02997	0.02010	0.00265	0.00566
30	0.00870	0.04972	0.10275	0.03486	0.05113	0.02895	0.00810	0.08564	0.02166	0.01161	0.00792	0.01113	0.00702	0.02882	0.20599	0.03802	0.27283	0.00363	0.01692	0.00461
31	0.00499	0.00358	0.00474	0.00560	0.00588	0.00337	0.00379	0.00573	0.00767	0.01021	0.02186	0.76127	0.04205	0.04345	0.02366	0.00182	0.00261	0.04083	0.00364	0.00325
32	0.00486	0.00399	0.00427	0.00436	0.00553	0.00341	0.00321	0.00592	0.00919	0.01131	0.12076	0.14143	0.64737	0.01026	0.00479	0.00138	0.00205	0.00871	0.00380	0.00341
33	0.02430	0.41709	0.02981	0.02300	0.01217	0.15280	0.09831	0.02695	0.12352	0.02693	0.00812	0.02614	0.00680	0.00408	0.00335	0.00106	0.00488	0.00313	0.00229	0.00527
34	0.32503	0.29049	0.04405	0.00746	0.02247	0.11994	0.00652	0.09202	0.03639	0.01452	0.00651	0.00729	0.00528	0.00385	0.00294	0.00109	0.00429	0.00249	0.00234	0.00505
35	0.02882	0.03327	0.06815	0.01063	0.11119	0.13120	0.02825	0.24637	0.07296	0.05084	0.00960	0.02981	0.01882	0.00443	0.00377	0.00111	0.00456	0.00352	0.00297	0.13972

[dist]
# distance from previous block
# <min> <max>
1	6

[block]
# block no. 11 follows, 67 sequences, length 9
# corresponding to MSA columns:
# 718-726
name=unknown_L
#
# <colnr> <probs for GDERKNQSTAVLIFYWHMCP>
#	G	D	E	R	K	N	Q	S	T	A	V	L	I	F	Y	W	H	M	C	P
0	0.01211	0.01571	0.16848	0.03202	0.10844	0.37718	0.04056	0.07295	0.01065	0.02783	0.00716	0.00840	0.00561	0.00392	0.00372	0.00109	0.00593	0.00296	0.00221	0.09308
1	0.00822	0.00837	0.01628	0.01290	0.04937	0.00794	0.46176	0.02864	0.03498	0.01252	0.01349	0.18807	0.05488	0.00654	0.02156	0.00150	0.00521	0.03520	0.00265	0.02994
2	0.01071	0.00867	0.00925	0.00817	0.01053	0.00990	0.00640	0.06678	0.73702	0.06123	0.01591	0.01459	0.01181	0.00538	0.00407	0.00134	0.00326	0.00445	0.00412	0.00640
3	0.00485	0.00397	0.00428	0.00441	0.00554	0.00340	0.00323	0.00588	0.00908	0.01118	0.10576	0.17822	0.62550	0.01040	0.00480	0.00139	0.00207	0.00886	0.00378	0.00340
4	0.00568	0.00387	0.00443	0.00450	0.00464	0.00380	0.00264	0.00588	0.00643	0.00854	0.05246	0.10519	0.05798	0.69763	0.01746	0.00343	0.00356	0.00655	0.00271	0.00262
5	0.00546	0.00411	0.00524	0.00528	0.00611	0.00389	0.00393	0.00689	0.00980	0.01337	0.43823	0.21693	0.16833	0.01012	0.02459	0.00152	0.02487	0.04376	0.00399	0.00361
6	0.01001	0.14913	0.05297	0.00715	0.01020	0.07368	0.00619	0.08711	0.04421	0.04646	0.00851	0.02342	0.00705	0.00628	0.08197	0.00140	0.00452	0.00302	0.02399	0.35274
7	0.00833	0.03231	0.07519	0.04624	0.08332	0.00688	0.07227	0.07407	0.04118	0.05855	0.19685	0.07443	0.12084	0.00698	0.02043	0.00137	0.00373	0.02793	0.00329	0.04581
8	0.03543	0.28593	0.13758	0.00851	0.01192	0.10785	0.03337	0.13131	0.04229	0.05400	0.03953	0.00980	0.00751	0.00421	0.00344	0.00107	0.00466	0.01646	0.00255	0.06258

[dist]
# distance from previous block
# <min> <max>
1	38

[block]
# block no. 12 follows, 67 sequences, length 19
# corresponding to MSA columns:
# 786-804
name=unknown_M
#
# <colnr> <probs for GDERKNQSTAVLIFYWHMCP>
#	G	D	E	R	K	N	Q	S	T	A	V	L	I	F	Y	W	H	M	C	P
0	0.03878	0.02844	0.03521	0.02160	0.01047	0.02964	0.00660	0.33708	0.03295	0.04446	0.01227	0.02527	0.05775	0.04066	0.11834	0.00204	0.03342	0.05644	0.00325	0.06534
1	0.37826	0.04126	0.00689	0.00620	0.03768	0.00750	0.00449	0.03668	0.04169	0.01398	0.04011	0.05473	0.06467	0.21202	0.00773	0.00191	0.03312	0.00433	0.00272	0.00402
2	0.01046	0.00767	0.00876	0.00741	0.00916	0.04731	0.03402	0.27670	0.03368	0.07724	0.04239	0.06526	0.01199	0.22008	0.11375	0.00257	0.00496	0.01850	0.00329	0.00479
3	0.04397	0.01120	0.01074	0.04000	0.01196	0.17703	0.01887	0.34802	0.10612	0.07071	0.01047	0.05892	0.00835	0.00603	0.03243	0.00142	0.03069	0.00397	0.00338	0.00575
4	0.00983	0.00891	0.01485	0.11250	0.61172	0.00912	0.03046	0.02831	0.03799	0.04351	0.00885	0.05000	0.00753	0.00418	0.00405	0.00124	0.00465	0.00402	0.00227	0.00600
5	0.01242	0.07486	0.01570	0.01229	0.07981	0.17597	0.23745	0.19120	0.01180	0.07194	0.00836	0.00959	0.00634	0.00442	0.01878	0.00125	0.00562	0.00358	0.00267	0.05595
6	0.08138	0.01168	0.04461	0.00946	0.01229	0.16134	0.09230	0.32959	0.08120	0.03222	0.01135	0.03975	0.05162	0.00511	0.00399	0.00124	0.00480	0.01716	0.00323	0.00566
7	0.00657	0.05020	0.00641	0.00611	0.00700	0.06028	0.00455	0.00791	0.03566	0.02917	0.05154	0.46272	0.11140	0.02890	0.00516	0.00157	0.00297	0.11464	0.00354	0.00370
8	0.00525	0.00395	0.00555	0.00632	0.02263	0.00376	0.02481	0.00618	0.00788	0.01046	0.02194	0.66312	0.07626	0.01291	0.05320	0.00189	0.00304	0.06387	0.00355	0.00343
9	0.00573	0.00430	0.00645	0.00645	0.00716	0.00501	0.00501	0.00716	0.00645	0.00931	0.01074	0.01576	0.01003	0.03008	0.84316	0.00645	0.01074	0.00430	0.00215	0.00358
10	0.00898	0.00936	0.01588	0.04722	0.04334	0.01140	0.25577	0.01074	0.00734	0.01077	0.00629	0.00952	0.00556	0.00567	0.00990	0.00160	0.53018	0.00389	0.00185	0.00477
11	0.00578	0.00390	0.00436	0.00436	0.00442	0.00386	0.00246	0.00583	0.00599	0.00792	0.01395	0.02682	0.05290	0.81928	0.01968	0.00377	0.00380	0.00596	0.00249	0.00247
12	0.00804	0.00532	0.00637	0.00582	0.00731	0.00514	0.00446	0.07771	0.07870	0.11378	0.31643	0.13888	0.18632	0.00833	0.00460	0.00134	0.00251	0.02030	0.00418	0.00447
13	0.05515	0.30827	0.24591	0.01065	0.08318	0.11251	0.05234	0.04796	0.02793	0.01217	0.00683	0.00796	0.00548	0.00375	0.00337	0.00109	0.00519	0.00280	0.00198	0.00548
14	0.32288	0.09335	0.23057	0.02082	0.03533	0.02078	0.08878	0.06705	0.03008	0.02681	0.00703	0.00819	0.00534	0.00390	0.00355	0.00123	0.02384	0.00291	0.00229	0.00526
15	0.02116	0.02173	0.03833	0.05973	0.22928	0.07063	0.13068	0.08750	0.02402	0.08204	0.03844	0.01410	0.01952	0.03502	0.01193	0.00141	0.03517	0.05756	0.00269	0.01906
16	0.00591	0.00519	0.00564	0.00547	0.00664	0.05831	0.02452	0.00717	0.00941	0.01190	0.21498	0.17417	0.36448	0.02157	0.03273	0.00156	0.00287	0.02531	0.00364	0.01852
17	0.01022	0.37008	0.06815	0.03197	0.03040	0.09996	0.00706	0.08003	0.00936	0.01962	0.04688	0.02291	0.05125	0.00577	0.01759	0.07790	0.02031	0.00335	0.00227	0.02492
18	0.02790	0.05058	0.00665	0.02448	0.00735	0.02773	0.00440	0.02686	0.07258	0.01127	0.03372	0.30260	0.15986	0.13152	0.00692	0.00175	0.01741	0.03556	0.00326	0.04760

[dist]
# distance from previous block
# <min> <max>
1	22

[block]
# block no. 13 follows, 67 sequences, length 11
# corresponding to MSA columns:
# 827-837
name=unknown_N
#
# <colnr> <probs for GDERKNQSTAVLIFYWHMCP>
#	G	D	E	R	K	N	Q	S	T	A	V	L	I	F	Y	W	H	M	C	P
0	0.01103	0.09133	0.03429	0.06786	0.05267	0.04999	0.02492	0.22541	0.16135	0.03343	0.02058	0.01131	0.01826	0.00677	0.06437	0.00165	0.11246	0.00375	0.00296	0.00561
1	0.09307	0.00847	0.04906	0.16162	0.15990	0.03306	0.06897	0.02782	0.07460	0.02505	0.07561	0.01502	0.10123	0.00618	0.03701	0.00150	0.04984	0.00441	0.00262	0.00495
2	0.00546	0.00397	0.00504	0.00570	0.00621	0.00378	0.00401	0.03884	0.00835	0.01098	0.02308	0.64057	0.10648	0.04020	0.00558	0.00168	0.00255	0.08039	0.00369	0.00343
