[name]
unknown

[dist]
# distance from previous block
# <min> <max>
13	88

[block]
# block no. 0 follows, 66 sequences, length 27
# corresponding to MSA columns:
# 134-160
name=unknown_A
#
# <colnr> <probs for GDERKNQSTAVLIFYWHMCP>
#	G	D	E	R	K	N	Q	S	T	A	V	L	I	F	Y	W	H	M	C	P
0	0.01139	0.46405	0.03458	0.00824	0.05255	0.10346	0.00697	0.06296	0.00949	0.07789	0.00955	0.01094	0.05612	0.06076	0.00449	0.00121	0.01460	0.00321	0.00237	0.00518
1	0.02376	0.00997	0.01353	0.01077	0.01338	0.09520	0.23504	0.16727	0.12767	0.06220	0.01196	0.11442	0.01036	0.00639	0.02819	0.00150	0.03251	0.02723	0.00316	0.00547
2	0.04710	0.00959	0.01005	0.00777	0.01119	0.06852	0.00608	0.11930	0.01110	0.08280	0.00946	0.01070	0.00759	0.00443	0.00385	0.00105	0.00402	0.00317	0.00327	0.57897
3	0.00690	0.00554	0.00606	0.00574	0.00719	0.00554	0.00436	0.09194	0.13486	0.01370	0.09787	0.15348	0.39407	0.02316	0.00505	0.00145	0.01229	0.02269	0.00387	0.00426
4	0.60503	0.00809	0.00724	0.00600	0.00880	0.00875	0.00493	0.10232	0.00879	0.07238	0.00702	0.00768	0.00528	0.00386	0.00286	0.00116	0.00329	0.00251	0.00283	0.13118
5	0.01431	0.01130	0.01146	0.00896	0.01202	0.07884	0.00729	0.64463	0.01700	0.02252	0.00977	0.04558	0.00754	0.00498	0.00398	0.00117	0.00447	0.00379	0.00373	0.08667
6	0.00698	0.00552	0.00557	0.00527	0.00585	0.05703	0.00334	0.00814	0.07296	0.00913	0.01226	0.02294	0.01326	0.65624	0.03883	0.00339	0.00421	0.00531	0.00256	0.06119
7	0.06712	0.00869	0.01283	0.29021	0.35290	0.05157	0.01021	0.01142	0.00859	0.01222	0.00746	0.01016	0.00609	0.00543	0.05631	0.00153	0.00526	0.00341	0.00202	0.07655
8	0.67922	0.00868	0.00680	0.00600	0.00847	0.06414	0.00486	0.07762	0.03003	0.01777	0.00853	0.00916	0.05664	0.00434	0.00290	0.00125	0.00346	0.00281	0.00273	0.00461
9	0.00709	0.00573	0.00682	0.00565	0.00779	0.00494	0.00438	0.00968	0.07620	0.01477	0.38621	0.02099	0.07586	0.00611	0.00403	0.00102	0.00246	0.00524	0.00358	0.35146
10	0.06974	0.01862	0.01115	0.01013	0.01225	0.78898	0.00762	0.01593	0.01121	0.01045	0.00623	0.00727	0.00517	0.00415	0.00359	0.00106	0.00705	0.00259	0.00212	0.00468
11	0.01514	0.01123	0.01202	0.00928	0.01248	0.01245	0.00764	0.77689	0.06122	0.02512	0.01009	0.01002	0.00719	0.00490	0.00406	0.00123	0.00440	0.00370	0.00406	0.00687
12	0.00509	0.00370	0.00478	0.00558	0.00599	0.00345	0.00386	0.00590	0.00798	0.01047	0.02394	0.66715	0.11348	0.04615	0.00579	0.00173	0.00250	0.07543	0.00371	0.00331
13	0.25468	0.00942	0.01082	0.01017	0.10232	0.02548	0.01776	0.23012	0.04353	0.07172	0.00807	0.00918	0.00622	0.00488	0.00552	0.00135	0.17695	0.00329	0.00294	0.00557
14	0.10468	0.00993	0.01124	0.50726	0.03312	0.18960	0.00945	0.01246	0.00897	0.06574	0.00743	0.00979	0.00558	0.00411	0.00380	0.00127	0.00544	0.00327	0.00216	0.00472
15	0.00590	0.00393	0.00442	0.00442	0.00442	0.00393	0.00246	0.00590	0.00590	0.00787	0.01278	0.02655	0.01475	0.85742	0.02065	0.00393	0.00393	0.00590	0.00246	0.00246
16	0.01724	0.00736	0.01104	0.00832	0.01157	0.00644	0.09662	0.01902	0.01138	0.74309	0.01513	0.01349	0.00961	0.00484	0.00416	0.00127	0.00383	0.00416	0.00469	0.00674
17	0.01401	0.04618	0.01171	0.00916	0.01197	0.16238	0.00738	0.48263	0.15659	0.02023	0.01043	0.03083	0.00797	0.00499	0.00397	0.00121	0.00471	0.00376	0.00361	0.00626
18	0.01542	0.01136	0.01218	0.00933	0.01258	0.01258	0.00771	0.81858	0.01908	0.02557	0.00974	0.00974	0.00690	0.00487	0.00406	0.00122	0.00446	0.00365	0.00406	0.00690
19	0.00567	0.00403	0.00531	0.00548	0.00584	0.00427	0.00376	0.00640	0.00655	0.00900	0.01433	0.16739	0.03370	0.35641	0.34891	0.00452	0.00641	0.00632	0.00260	0.00310
20	0.01005	0.00972	0.01475	0.13968	0.03005	0.03532	0.23733	0.08992	0.23799	0.01433	0.01004	0.01156	0.00771	0.00479	0.00561	0.00140	0.12725	0.00418	0.00274	0.00557
21	0.00766	0.00721	0.01217	0.84767	0.02794	0.00901	0.01127	0.01037	0.00811	0.01037	0.00721	0.01082	0.00541	0.00406	0.00406	0.00135	0.00541	0.00361	0.00180	0.00451
22	0.01796	0.00729	0.00965	0.00740	0.01055	0.00654	0.00611	0.08907	0.01226	0.76470	0.01546	0.01346	0.00977	0.00501	0.00408	0.00125	0.00354	0.00404	0.00494	0.00690
23	0.01137	0.01341	0.01712	0.01332	0.01608	0.30927	0.38644	0.01378	0.02866	0.01176	0.04034	0.01028	0.00716	0.00434	0.00530	0.00129	0.09890	0.00397	0.00218	0.00504
24	0.01484	0.01123	0.01160	0.00910	0.01208	0.05809	0.00741	0.70501	0.01774	0.04199	0.01029	0.04618	0.00788	0.02192	0.00441	0.00128	0.00450	0.00399	0.00393	0.00654
25	0.00590	0.00394	0.00448	0.00448	0.00450	0.00396	0.00253	0.00593	0.00592	0.00791	0.01273	0.02628	0.01463	0.83609	0.04181	0.00400	0.00411	0.00586	0.00245	0.00249
26	0.01030	0.00788	0.01232	0.36038	0.23306	0.02474	0.01002	0.01254	0.00917	0.16128	0.02268	0.01362	0.00821	0.00478	0.00453	0.00134	0.03864	0.05652	0.00262	0.00539

[dist]
# distance from previous block
# <min> <max>
1	4

[block]
# block no. 1 follows, 66 sequences, length 13
# corresponding to MSA columns:
# 165-167,170-179
name=unknown_B
#
# <colnr> <probs for GDERKNQSTAVLIFYWHMCP>
#	G	D	E	R	K	N	Q	S	T	A	V	L	I	F	Y	W	H	M	C	P
0	0.00491	0.00404	0.00424	0.00432	0.00548	0.00346	0.00314	0.00588	0.00900	0.01093	0.06761	0.11778	0.67592	0.05810	0.00572	0.00154	0.00218	0.00866	0.00372	0.00337
1	0.00937	0.40286	0.46533	0.00946	0.01431	0.01244	0.01133	0.01253	0.00842	0.01134	0.00653	0.00763	0.00517	0.00368	0.00328	0.00109	0.00524	0.00262	0.00172	0.00564
2	0.02916	0.00784	0.00778	0.00676	0.00884	0.11791	0.00523	0.07329	0.03244	0.04798	0.17669	0.13695	0.03746	0.00658	0.00410	0.00115	0.00343	0.05099	0.00337	0.24205
3	0.06111	0.09939	0.05637	0.14879	0.08184	0.24235	0.02210	0.06918	0.00974	0.01201	0.00856	0.03891	0.03442	0.02295	0.00489	0.00129	0.07537	0.00358	0.00224	0.00492
4	0.00831	0.00613	0.00731	0.02226	0.00848	0.00611	0.00507	0.05575	0.09533	0.09006	0.02060	0.11300	0.23007	0.05266	0.03121	0.00160	0.07015	0.03410	0.00342	0.13837
5	0.10938	0.22218	0.07634	0.06744	0.05506	0.03650	0.03587	0.07296	0.05004	0.08416	0.00778	0.00903	0.00614	0.00455	0.00506	0.00125	0.14527	0.00314	0.00245	0.00539
6	0.05965	0.00857	0.01225	0.10943	0.34159	0.05118	0.02626	0.01293	0.05284	0.11652	0.09350	0.02881	0.03004	0.00490	0.00438	0.00127	0.03322	0.00426	0.00283	0.00558
7	0.01041	0.06220	0.34398	0.03863	0.15232	0.01021	0.09072	0.15711	0.01073	0.04421	0.00808	0.00939	0.00598	0.00395	0.00392	0.00122	0.00531	0.00338	0.00236	0.03588
8	0.00766	0.00721	0.01217	0.84767	0.02794	0.00901	0.01127	0.01037	0.00811	0.01037	0.00721	0.01082	0.00541	0.00406	0.00406	0.00135	0.00541	0.00361	0.00180	0.00451
9	0.01530	0.01097	0.01159	0.00905	0.01216	0.04619	0.00741	0.62859	0.08286	0.11768	0.01087	0.01054	0.00764	0.00491	0.00405	0.00123	0.00437	0.00373	0.00409	0.00677
10	0.00584	0.00416	0.00559	0.00557	0.00600	0.00454	0.00391	0.00669	0.00644	0.00901	0.04239	0.02100	0.01316	0.38185	0.46041	0.00522	0.00758	0.00512	0.00238	0.00313
11	0.00573	0.00391	0.00443	0.00452	0.00464	0.00384	0.00263	0.00587	0.00631	0.00832	0.01563	0.10666	0.07147	0.71887	0.01809	0.00354	0.00365	0.00662	0.00267	0.00260
12	0.03012	0.09562	0.07270	0.04260	0.29328	0.06333	0.03968	0.01216	0.03262	0.06250	0.10863	0.04500	0.02439	0.00560	0.02239	0.00135	0.02280	0.01719	0.00263	0.00541

[dist]
# distance from previous block
# <min> <max>
1	19

[block]
# block no. 2 follows, 66 sequences, length 26
# corresponding to MSA columns:
# 199-224
name=unknown_C
#
# <colnr> <probs for GDERKNQSTAVLIFYWHMCP>
#	G	D	E	R	K	N	Q	S	T	A	V	L	I	F	Y	W	H	M	C	P
0	0.08367	0.27754	0.08816	0.00877	0.01165	0.11562	0.09944	0.01193	0.01968	0.02073	0.02213	0.01005	0.01866	0.00837	0.14210	0.00199	0.02660	0.00324	0.00212	0.02756
1	0.01051	0.75572	0.12245	0.00752	0.01130	0.01523	0.00794	0.01224	0.00828	0.00996	0.00584	0.00676	0.00520	0.00352	0.00276	0.00092	0.00454	0.00227	0.00173	0.00530
2	0.00928	0.01772	0.61678	0.01176	0.01708	0.00906	0.12905	0.01342	0.00909	0.09410	0.02937	0.00998	0.00662	0.00402	0.00403	0.00129	0.00576	0.00347	0.00216	0.00595
3	0.00621	0.00483	0.00584	0.00616	0.00695	0.01769	0.01717	0.02279	0.12410	0.01199	0.04569	0.58802	0.07202	0.01068	0.00486	0.00153	0.00261	0.00956	0.03739	0.00390
4	0.00594	0.00450	0.00531	0.00526	0.00580	0.02568	0.00362	0.00672	0.00714	0.00951	0.08188	0.02467	0.12453	0.39082	0.27706	0.00412	0.00580	0.00580	0.00270	0.00313
5	0.01107	0.81559	0.02075	0.00713	0.01053	0.05951	0.00699	0.01236	0.00842	0.00957	0.00567	0.00655	0.00521	0.00351	0.00266	0.00088	0.00450	0.00219	0.00175	0.00518
6	0.00841	0.00703	0.00850	0.02096	0.02483	0.00553	0.00510	0.01020	0.00833	0.02784	0.00766	0.00916	0.00640	0.00519	0.06789	0.00109	0.00370	0.00263	0.00242	0.76713
7	0.02451	0.31338	0.26292	0.02425	0.03777	0.10332	0.03219	0.05897	0.02015	0.01207	0.02011	0.00866	0.00619	0.00513	0.04135	0.00135	0.01732	0.00293	0.00203	0.00542
8	0.01000	0.00826	0.00893	0.00837	0.01027	0.00911	0.00631	0.03374	0.60355	0.01646	0.01844	0.18923	0.01624	0.00810	0.01793	0.00170	0.00354	0.01929	0.00433	0.00620
9	0.00563	0.00403	0.00539	0.00623	0.00676	0.00389	0.00475	0.00676	0.00831	0.01091	0.02201	0.45111	0.05238	0.06975	0.00639	0.00188	0.00300	0.32375	0.00366	0.00342
10	0.18508	0.00728	0.05136	0.00664	0.00928	0.00642	0.00570	0.03708	0.01055	0.40417	0.16249	0.01690	0.04535	0.00569	0.00396	0.00128	0.00323	0.02783	0.00414	0.00558
11	0.00934	0.00705	0.00837	0.00608	0.00949	0.00541	0.00484	0.01105	0.00865	0.09925	0.00835	0.00967	0.00677	0.03598	0.00379	0.00080	0.00309	0.00271	0.00268	0.75662
12	0.01546	0.01045	0.01138	0.00885	0.01194	0.02870	0.00726	0.61495	0.04123	0.16686	0.01132	0.03389	0.00813	0.00512	0.00409	0.00124	0.00425	0.00395	0.00418	0.00674
13	0.00894	0.00700	0.00960	0.08622	0.02429	0.01889	0.04546	0.06093	0.03404	0.08966	0.08039	0.09374	0.04836	0.02451	0.09124	0.00192	0.14445	0.02383	0.00299	0.10352
14	0.06959	0.15233	0.02428	0.17824	0.04653	0.10625	0.03812	0.01173	0.04909	0.03400	0.00951	0.11107	0.00889	0.00626	0.02820	0.00146	0.09569	0.02164	0.00238	0.00474
15	0.88607	0.00785	0.00596	0.00534	0.00785	0.00910	0.00439	0.01193	0.00690	0.01820	0.00565	0.00659	0.00439	0.00377	0.00251	0.00126	0.00314	0.00220	0.00251	0.00439
16	0.00847	0.04450	0.19566	0.50862	0.02319	0.00962	0.06437	0.03408	0.00862	0.02642	0.00740	0.01012	0.00551	0.00409	0.00431	0.00133	0.03324	0.00350	0.00192	0.00504
17	0.00845	0.00794	0.01329	0.61406	0.23795	0.00926	0.01150	0.02864	0.00865	0.01146	0.00738	0.01059	0.00571	0.00396	0.00405	0.00131	0.00523	0.00361	0.00191	0.00506
18	0.00499	0.00363	0.00472	0.00552	0.00591	0.00336	0.00376	0.00580	0.00807	0.01066	0.05202	0.73042	0.10421	0.01229	0.00514	0.00161	0.00234	0.02842	0.00379	0.00334
19	0.01542	0.01136	0.01218	0.00933	0.01258	0.01258	0.00771	0.81858	0.01908	0.02557	0.00974	0.00974	0.00690	0.00487	0.00406	0.00122	0.00446	0.00365	0.00406	0.00690
20	0.00846	0.00676	0.00758	0.00687	0.00850	0.00732	0.00533	0.12446	0.27337	0.01578	0.17957	0.07169	0.13499	0.05515	0.00572	0.00153	0.03212	0.04594	0.00392	0.00494
21	0.01110	0.00566	0.00731	0.00625	0.00819	0.00524	0.00492	0.03083	0.06172	0.34260	0.31812	0.07141	0.06931	0.00778	0.02941	0.00146	0.00297	0.00602	0.00451	0.00522
22	0.00546	0.02947	0.00543	0.02844	0.00650	0.00407	0.00388	0.00647	0.00859	0.01125	0.16135	0.37624	0.19692	0.10238	0.00661	0.00175	0.00258	0.03556	0.00363	0.00343
23	0.09830	0.01114	0.01175	0.03495	0.05161	0.21028	0.07718	0.01461	0.12929	0.09109	0.00922	0.01036	0.01832	0.00499	0.00582	0.00133	0.18389	0.00354	0.00266	0.02968
24	0.19970	0.17582	0.03902	0.11360	0.04870	0.08841	0.03353	0.06114	0.03086	0.04968	0.04974	0.00963	0.00741	0.00411	0.00337	0.00112	0.00436	0.00309	0.00251	0.07418
25	0.03719	0.00870	0.02719	0.09918	0.04099	0.09936	0.02933	0.09454	0.03333	0.18490	0.04706	0.07861	0.06558	0.02151	0.01796	0.00136	0.00422	0.01570	0.00333	0.08996

[dist]
# distance from previous block
# <min> <max>
19	77

[block]
# block no. 3 follows, 66 sequences, length 11
# corresponding to MSA columns:
# 349-359
name=unknown_D
#
# <colnr> <probs for GDERKNQSTAVLIFYWHMCP>
#	G	D	E	R	K	N	Q	S	T	A	V	L	I	F	Y	W	H	M	C	P
0	0.05540	0.05964	0.00918	0.00784	0.05670	0.07856	0.00580	0.05707	0.04379	0.27987	0.02720	0.10488	0.11097	0.05044	0.00495	0.00141	0.00367	0.02005	0.00369	0.01891
1	0.03575	0.06421	0.01067	0.00830	0.01085	0.16776	0.04553	0.04185	0.25444	0.03901	0.03802	0.05406	0.00995	0.00492	0.00394	0.00113	0.01990	0.00393	0.00307	0.18270
2	0.02311	0.36525	0.11840	0.01858	0.03841	0.03336	0.00772	0.02607	0.17102	0.05004	0.03821	0.01038	0.00830	0.01999	0.00368	0.00113	0.00420	0.00321	0.00257	0.05638
3	0.01197	0.06366	0.03079	0.00796	0.01054	0.11041	0.04770	0.08533	0.10300	0.21709	0.09913	0.04388	0.07340	0.00577	0.00411	0.00122	0.00397	0.02406	0.00367	0.05234
4	0.02953	0.24633	0.11730	0.00889	0.01203	0.13156	0.02265	0.16898	0.10178	0.03000	0.00879	0.03901	0.00721	0.00463	0.00398	0.00116	0.04064	0.00337	0.00267	0.01950
5	0.01264	0.00983	0.01136	0.03576	0.01211	0.03233	0.03411	0.45560	0.01429	0.05556	0.01097	0.02887	0.05110	0.00572	0.01926	0.00133	0.10030	0.00397	0.00342	0.10148
6	0.00556	0.00425	0.00488	0.00507	0.00590	0.00400	0.00360	0.00705	0.05573	0.01114	0.10364	0.21815	0.31304	0.17897	0.00805	0.00197	0.00266	0.05933	0.00359	0.00344
7	0.04213	0.00658	0.00769	0.00688	0.00847	0.06670	0.06350	0.01083	0.10354	0.08002	0.21284	0.11619	0.15460	0.05704	0.00549	0.00151	0.00326	0.04467	0.00370	0.00437
8	0.00509	0.00373	0.00472	0.00528	0.00578	0.00343	0.00361	0.00600	0.00849	0.01126	0.15104	0.56458	0.14970	0.05021	0.00577	0.00165	0.00231	0.01017	0.00382	0.00336
9	0.00977	0.00966	0.01537	0.19580	0.50485	0.05218	0.07141	0.01286	0.06429	0.01271	0.00812	0.01048	0.00653	0.00385	0.00407	0.00125	0.00511	0.00371	0.00212	0.00586
10	0.00947	0.00951	0.01720	0.12863	0.36277	0.00965	0.25599	0.01267	0.05631	0.01289	0.00817	0.01059	0.00650	0.00381	0.00452	0.00127	0.03328	0.00396	0.00213	0.05069

[dist]
# distance from previous block
# <min> <max>
3	6

[block]
# block no. 4 follows, 66 sequences, length 121
# corresponding to MSA columns:
# 366-486
name=unknown_E
#
# <colnr> <probs for GDERKNQSTAVLIFYWHMCP>
#	G	D	E	R	K	N	Q	S	T	A	V	L	I	F	Y	W	H	M	C	P
0	0.02397	0.51662	0.12832	0.00892	0.04458	0.09738	0.02450	0.02598	0.04490	0.04138	0.00698	0.00780	0.00578	0.00377	0.00312	0.00101	0.00483	0.00264	0.00206	0.00545
1	0.83533	0.00852	0.00629	0.00563	0.00812	0.05758	0.00459	0.01218	0.00717	0.01772	0.00569	0.00663	0.00444	0.00379	0.00258	0.00124	0.00338	0.00222	0.00249	0.00441
2	0.01173	0.01297	0.03664	0.01794	0.44289	0.27732	0.02458	0.01464	0.08811	0.02261	0.00815	0.00967	0.00662	0.00400	0.00392	0.00118	0.00552	0.00340	0.00227	0.00585
3	0.00647	0.00522	0.00643	0.00677	0.06039	0.02294	0.00469	0.00907	0.08455	0.01481	0.50820	0.08721	0.13001	0.00828	0.00470	0.00133	0.00244	0.02826	0.00407	0.00416
4	0.00559	0.00420	0.00532	0.00514	0.00607	0.00393	0.00383	0.00722	0.01062	0.01467	0.60236	0.11351	0.16297	0.00902	0.00504	0.00134	0.02338	0.00786	0.00422	0.00373
5	0.00970	0.00845	0.00885	0.00796	0.01017	0.01914	0.00619	0.01991	0.72350	0.01635	0.03380	0.01652	0.06026	0.00579	0.00427	0.00136	0.01382	0.00479	0.00402	0.02516
6	0.00601	0.00452	0.00611	0.00667	0.05452	0.00429	0.00468	0.00790	0.02669	0.01441	0.50079	0.17168	0.05976	0.00915	0.00490	0.00141	0.00241	0.10611	0.00408	0.00392
7	0.00493	0.00379	0.00452	0.00503	0.00574	0.00338	0.00351	0.00583	0.00854	0.01093	0.07654	0.49780	0.33183	0.01153	0.00501	0.00152	0.00222	0.01016	0.00381	0.00338
8	0.01677	0.00757	0.04751	0.00755	0.01072	0.00622	0.02390	0.03467	0.01157	0.71537	0.06273	0.01439	0.01132	0.00512	0.00413	0.00126	0.00357	0.00423	0.00475	0.00665
9	0.80571	0.00779	0.00619	0.00540	0.00801	0.00876	0.00443	0.01177	0.00704	0.01775	0.00579	0.00676	0.00454	0.00370	0.00256	0.00120	0.00313	0.00222	0.00250	0.08477
10	0.00951	0.01103	0.04111	0.03914	0.04348	0.01019	0.75659	0.01291	0.00951	0.01293	0.00815	0.01086	0.00612	0.00345	0.00473	0.00136	0.00673	0.00469	0.00204	0.00548
11	0.01542	0.01136	0.01218	0.00933	0.01258	0.01258	0.00771	0.81858	0.01908	0.02557	0.00974	0.00974	0.00690	0.00487	0.00406	0.00122	0.00446	0.00365	0.00406	0.00690
12	0.01009	0.00872	0.00917	0.00826	0.01055	0.01009	0.00642	0.02156	0.82478	0.01697	0.01651	0.01514	0.01238	0.00550	0.00413	0.00138	0.00321	0.00459	0.00413	0.00642
13	0.15913	0.00706	0.00910	0.00787	0.05251	0.00670	0.03121	0.04503	0.01074	0.47617	0.09286	0.03295	0.04020	0.00535	0.00395	0.00127	0.00339	0.00438	0.00420	0.00592
14	0.00863	0.00720	0.00844	0.00604	0.00963	0.00542	0.00483	0.01043	0.00849	0.03176	0.00741	0.00853	0.00610	0.00305	0.00303	0.00062	0.00301	0.00244	0.00246	0.86247
15	0.00958	0.01094	0.02394	0.01710	0.02120	0.01026	0.81737	0.01300	0.00958	0.01300	0.00821	0.01094	0.00616	0.00342	0.00479	0.00137	0.00684	0.00479	0.00205	0.00547
16	0.01009	0.00872	0.00917	0.00826	0.01055	0.01009	0.00642	0.02156	0.82478	0.01697	0.01651	0.01514	0.01238	0.00550	0.00413	0.00138	0.00321	0.00459	0.00413	0.00642
17	0.00506	0.00412	0.00447	0.00439	0.00564	0.00354	0.00329	0.00633	0.00987	0.01244	0.26033	0.03662	0.61031	0.00972	0.00479	0.00134	0.00202	0.00822	0.00396	0.00354
18	0.00584	0.00391	0.00444	0.00450	0.00452	0.00389	0.00254	0.00588	0.00602	0.00803	0.01340	0.07983	0.01553	0.80307	0.01965	0.00379	0.00383	0.00626	0.00254	0.00251
19	0.01516	0.01934	0.01150	0.01045	0.01254	0.84113	0.00784	0.01620	0.01150	0.00993	0.00627	0.00732	0.00523	0.00418	0.00366	0.00105	0.00732	0.00261	0.00209	0.00470
20	0.01496	0.01079	0.01158	0.00894	0.01203	0.01189	0.00736	0.75178	0.01826	0.03917	0.01008	0.01016	0.00718	0.00486	0.00398	0.00120	0.00428	0.00367	0.06113	0.00670
21	0.00529	0.00412	0.00481	0.00465	0.00579	0.00363	0.00348	0.00678	0.01040	0.01374	0.45450	0.04639	0.40330	0.00927	0.00480	0.00132	0.00199	0.00796	0.00413	0.00363
22	0.01516	0.01934	0.01150	0.01045	0.01254	0.84113	0.00784	0.01620	0.01150	0.00993	0.00627	0.00732	0.00523	0.00418	0.00366	0.00105	0.00732	0.00261	0.00209	0.00470
23	0.00647	0.00431	0.00547	0.00508	0.00623	0.00391	0.00384	0.00825	0.01112	0.06886	0.65120	0.03000	0.14103	0.00825	0.00469	0.00128	0.00203	0.00720	0.02680	0.00397
24	0.00504	0.00360	0.00482	0.00576	0.00604	0.00338	0.00394	0.00582	0.00787	0.01047	0.02231	0.80343	0.02661	0.01262	0.00521	0.00166	0.00244	0.06187	0.00376	0.00332
25	0.00480	0.00411	0.00411	0.00411	0.00548	0.00343	0.00308	0.00582	0.00925	0.01096	0.04110	0.03905	0.83046	0.01028	0.00480	0.00137	0.00206	0.00856	0.00377	0.00343
26	0.88607	0.00785	0.00596	0.00534	0.00785	0.00910	0.00439	0.01193	0.00690	0.01820	0.00565	0.00659	0.00439	0.00377	0.00251	0.00126	0.00314	0.00220	0.00251	0.00439
27	0.00514	0.00411	0.00459	0.00450	0.00570	0.00357	0.00337	0.00647	0.01001	0.01284	0.32284	0.05526	0.52803	0.00962	0.00480	0.00134	0.00201	0.00819	0.00402	0.00357
28	0.88607	0.00785	0.00596	0.00534	0.00785	0.00910	0.00439	0.01193	0.00690	0.01820	0.00565	0.00659	0.00439	0.00377	0.00251	0.00126	0.00314	0.00220	0.00251	0.00439
29	0.00495	0.00355	0.00471	0.00561	0.00588	0.00331	0.00375	0.00569	0.00786	0.01048	0.03734	0.82397	0.04268	0.01258	0.00516	0.00164	0.00234	0.01140	0.00378	0.00331
30	0.00516	0.00362	0.00464	0.00537	0.00556	0.00344	0.00347	0.00571	0.00735	0.00979	0.02020	0.66783	0.02411	0.20337	0.00867	0.00216	0.00271	0.01026	0.00347	0.00311
31	0.01820	0.00690	0.00942	0.00722	0.01036	0.00596	0.00596	0.01977	0.01161	0.83492	0.01601	0.01381	0.01004	0.00502	0.00408	0.00126	0.00345	0.00408	0.00502	0.00690
32	0.00494	0.00353	0.00471	0.00565	0.00588	0.00330	0.00377	0.00565	0.00777	0.01036	0.02236	0.85477	0.02683	0.01271	0.00518	0.00165	0.00235	0.01153	0.00377	0.00330
33	0.00905	0.00759	0.00876	0.00631	0.00989	0.00607	0.00507	0.08423	0.00939	0.01435	0.00744	0.00853	0.00609	0.00318	0.00310	0.00066	0.00314	0.00252	0.00256	0.80207
34	0.00552	0.00413	0.00574	0.06083	0.02921	0.00401	0.00450	0.00679	0.00904	0.01236	0.28452	0.50843	0.02863	0.01047	0.00495	0.00150	0.00247	0.00944	0.00382	0.00363
35	0.80661	0.00776	0.00628	0.00551	0.00808	0.00881	0.00454	0.01264	0.00734	0.09298	0.00660	0.00725	0.00491	0.00388	0.00265	0.00126	0.00317	0.00237	0.00274	0.00462
36	0.00523	0.00382	0.00494	0.00572	0.00623	0.00357	0.00412	0.00616	0.00819	0.01068	0.02446	0.58281	0.13369	0.03528	0.00562	0.00171	0.00260	0.14810	0.00373	0.00337
37	0.00854	0.00775	0.01094	0.24194	0.19014	0.05596	0.02621	0.06323	0.03115	0.01273	0.06521	0.14130	0.01339	0.01807	0.00466	0.00143	0.00441	0.09536	0.00277	0.00482
38	0.00802	0.00737	0.01089	0.01307	0.25961	0.03437	0.00814	0.00959	0.00746	0.01068	0.00888	0.03421	0.00834	0.03057	0.34639	0.00354	0.18801	0.00411	0.00208	0.00466
39	0.05850	0.00759	0.00962	0.00744	0.01054	0.00710	0.00614	0.12677	0.03291	0.66708	0.01469	0.01296	0.00941	0.00495	0.00400	0.00125	0.00357	0.00395	0.00475	0.00677
40	0.88607	0.00785	0.00596	0.00534	0.00785	0.00910	0.00439	0.01193	0.00690	0.01820	0.00565	0.00659	0.00439	0.00377	0.00251	0.00126	0.00314	0.00220	0.00251	0.00439
41	0.00675	0.00354	0.00514	0.00526	0.00532	0.00351	0.00350	0.00548	0.00574	0.00777	0.00946	0.12608	0.01003	0.03669	0.01413	0.71130	0.00333	0.00467	0.03024	0.00205
42	0.00603	0.00426	0.00538	0.00524	0.00631	0.00397	0.00396	0.00753	0.00983	0.05148	0.38076	0.09634	0.24346	0.01227	0.12521	0.00210	0.00339	0.02478	0.00390	0.00379
43	0.00576	0.00401	0.00485	0.00513	0.00584	0.00374	0.00358	0.00668	0.00797	0.02233	0.04447	0.35801	0.16518	0.15103	0.04688	0.00209	0.00300	0.03908	0.08368	0.03668
44	0.86388	0.00782	0.00605	0.00538	0.00791	0.00902	0.00443	0.01213	0.00702	0.03909	0.00591	0.00678	0.00454	0.00380	0.00255	0.00126	0.00315	0.00225	0.00257	0.00446
45	0.02857	0.00477	0.00548	0.00533	0.00655	0.00454	0.00396	0.03981	0.06303	0.04265	0.24626	0.20724	0.29719	0.01990	0.00492	0.00142	0.00235	0.00806	0.00399	0.00397
46	0.00819	0.00645	0.00747	0.00586	0.00858	0.00531	0.00455	0.03039	0.04661	0.04670	0.04185	0.07052	0.10438	0.04856	0.00444	0.00104	0.00291	0.00429	0.01553	0.53638
47	0.00604	0.00410	0.00518	0.00568	0.00645	0.00378	0.00420	0.00704	0.00849	0.05761	0.02527	0.41911	0.19870	0.06610	0.00612	0.00176	0.00272	0.16434	0.00375	0.00356
48	0.00494	0.00355	0.00469	0.00560	0.00587	0.00330	0.00374	0.00566	0.00782	0.01038	0.02301	0.82651	0.05468	0.01263	0.00517	0.00164	0.00234	0.01143	0.00377	0.00330
49	0.00931	0.00564	0.00678	0.00620	0.00771	0.00556	0.00471	0.09092	0.08430	0.16691	0.12779	0.19882	0.09215	0.08287	0.00593	0.00160	0.00294	0.04277	0.05240	0.00466
50	0.02551	0.00452	0.00542	0.00541	0.00651	0.00430	0.00399	0.00838	0.05542	0.07450	0.15565	0.26058	0.24247	0.03341	0.05964	0.00182	0.00296	0.02049	0.02513	0.00391
51	0.00770	0.00471	0.00505	0.00477	0.00557	0.00484	0.00331	0.09955	0.00864	0.01320	0.01301	0.04189	0.01237	0.35056	0.01029	0.00222	0.00305	0.01526	0.39044	0.00358
52	0.20373	0.00659	0.00779	0.00630	0.00892	0.00626	0.00514	0.01616	0.01025	0.51522	0.06649	0.01347	0.01070	0.00493	0.00365	0.00122	0.00311	0.00385	0.10040	0.00582
53	0.08641	0.00504	0.00592	0.00573	0.00680	0.00502	0.00409	0.04034	0.03577	0.13015	0.04260	0.31597	0.04091	0.20837	0.03588	0.00220	0.00331	0.00722	0.01428	0.00400
54	0.17624	0.00727	0.00782	0.00672	0.00898	0.00763	0.00533	0.13631	0.16064	0.17695	0.09310	0.08185	0.10191	0.00633	0.00402	0.00132	0.00312	0.00513	0.00395	0.00539
55	0.01050	0.00871	0.00925	0.00824	0.01059	0.01000	0.00643	0.03869	0.77842	0.04630	0.01635	0.01497	0.01218	0.00547	0.00413	0.00137	0.00325	0.00455	0.00416	0.00645
56	0.02364	0.00410	0.00500	0.00502	0.00534	0.00431	0.00329	0.00661	0.00633	0.00906	0.01253	0.05579	0.01349	0.52646	0.24181	0.00430	0.00561	0.00549	0.05889	0.00293
57	0.01720	0.00450	0.00603	0.00563	0.00621	0.01582	0.03900	0.00754	0.00676	0.01040	0.00953	0.01389	0.00856	0.05985	0.04799	0.40208	0.04256	0.00381	0.28973	0.00290
58	0.01194	0.00963	0.01021	0.00863	0.01125	0.01095	0.00687	0.29741	0.54592	0.01995	0.01417	0.01327	0.01049	0.00528	0.00410	0.00132	0.00364	0.00426	0.00410	0.00659
59	0.01820	0.00690	0.00942	0.00722	0.01036	0.00596	0.00596	0.01977	0.01161	0.83492	0.01601	0.01381	0.01004	0.00502	0.00408	0.00126	0.00345	0.00408	0.00502	0.00690
60	0.04050	0.06095	0.35359	0.01065	0.06510	0.00998	0.03170	0.05280	0.25593	0.02427	0.01036	0.01086	0.00773	0.00443	0.00395	0.00128	0.01518	0.00357	0.03118	0.00600
61	0.00494	0.00353	0.00471	0.00565	0.00588	0.00330	0.00377	0.00565	0.00777	0.01036	0.02236	0.85477	0.02683	0.01271	0.00518	0.00165	0.00235	0.01153	0.00377	0.00330
62	0.00493	0.00359	0.00465	0.00550	0.00585	0.00331	0.00370	0.00567	0.00791	0.01042	0.02418	0.77553	0.10490	0.01247	0.00514	0.00162	0.00232	0.01125	0.00377	0.00331
63	0.03739	0.01128	0.01202	0.00923	0.01246	0.01249	0.00763	0.79823	0.01877	0.02538	0.00964	0.00966	0.00684	0.00484	0.00402	0.00122	0.00443	0.00362	0.00402	0.00684
64	0.00892	0.08549	0.01421	0.46090	0.29014	0.00969	0.01099	0.01134	0.00853	0.02912	0.00749	0.01036	0.00595	0.00454	0.02504	0.00139	0.00521	0.00351	0.00194	0.00523
65	0.01009	0.00507	0.00558	0.00492	0.00648	0.00501	0.00385	0.09116	0.01010	0.15536	0.01396	0.01489	0.02769	0.00491	0.00321	0.00103	0.00241	0.00392	0.62574	0.00461
66	0.00609	0.00471	0.00711	0.00738	0.00832	0.00453	0.06994	0.00760	0.00875	0.01147	0.02171	0.35130	0.06223	0.01112	0.00534	0.00172	0.00337	0.40001	0.00361	0.00369
67	0.01083	0.80971	0.05327	0.00717	0.01074	0.01572	0.00728	0.02835	0.00847	0.01000	0.00579	0.00665	0.00524	0.00351	0.00268	0.00089	0.00441	0.00223	0.00178	0.00527
68	0.01054	0.00888	0.03856	0.00818	0.01063	0.00955	0.00661	0.03848	0.68253	0.07625	0.05208	0.01536	0.01298	0.00552	0.00414	0.00136	0.00330	0.00459	0.00412	0.00634
69	0.01085	0.85986	0.02126	0.00694	0.01041	0.01605	0.00694	0.01215	0.00824	0.00955	0.00564	0.00651	0.00521	0.00347	0.00260	0.00087	0.00434	0.00217	0.00174	0.00521
70	0.00991	0.02641	0.03247	0.03641	0.03980	0.00708	0.08670	0.07639	0.00964	0.08149	0.00842	0.01837	0.00665	0.00386	0.01285	0.00093	0.00387	0.00309	0.00266	0.53301
71	0.01092	0.00912	0.00964	0.00842	0.01086	0.01048	0.00662	0.14484	0.70016	0.01830	0.01547	0.01430	0.01154	0.00541	0.00412	0.00135	0.00340	0.00444	0.00412	0.00650
72	0.00524	0.00391	0.00495	0.00566	0.00631	0.00361	0.00418	0.00627	0.00846	0.01088	0.02673	0.48697	0.22153	0.01180	0.00517	0.00163	0.00257	0.17694	0.00376	0.00342
73	0.00641	0.00466	0.00577	0.00622	0.00736	0.00451	0.00523	0.02963	0.01932	0.01249	0.02601	0.03969	0.25426	0.01011	0.00506	0.00162	0.00310	0.47081	0.08399	0.00377
74	0.01226	0.00979	0.01039	0.00869	0.01137	0.01110	0.00695	0.34514	0.49768	0.02046	0.01376	0.01295	0.01016	0.00525	0.00410	0.00131	0.00372	0.00421	0.00410	0.00662
75	0.00580	0.00433	0.00645	0.00645	0.00715	0.00503	0.00498	0.00720	0.00650	0.00937	0.01093	0.01629	0.01030	0.05803	0.81395	0.00643	0.01064	0.00440	0.00218	0.00358
76	0.27424	0.00744	0.00855	0.00678	0.00974	0.00727	0.00560	0.06293	0.01065	0.54775	0.01259	0.01145	0.00820	0.00464	0.00362	0.00125	0.00342	0.00350	0.00423	0.00616
77	0.01085	0.85986	0.02126	0.00694	0.01041	0.01605	0.00694	0.01215	0.00824	0.00955	0.00564	0.00651	0.00521	0.00347	0.00260	0.00087	0.00434	0.00217	0.00174	0.00521
78	0.00493	0.00356	0.00467	0.00556	0.00586	0.00330	0.00373	0.00566	0.00785	0.01039	0.02342	0.80875	0.07217	0.01257	0.00516	0.00163	0.00234	0.01137	0.00377	0.00330
79	0.76573	0.00772	0.00644	0.00560	0.00819	0.00867	0.00461	0.01301	0.00756	0.13146	0.00709	0.00759	0.00518	0.00394	0.00273	0.00126	0.00318	0.00246	0.00286	0.00474
80	0.00627	0.00455	0.00661	0.00649	0.00717	0.00526	0.00498	0.00755	0.00658	0.03186	0.01099	0.01669	0.01042	0.11322	0.70259	0.00593	0.04248	0.00447	0.00227	0.00363
81	0.01632	0.00690	0.00970	0.00864	0.08521	0.00610	0.00636	0.01799	0.01138	0.68482	0.08968	0.01497	0.01229	0.00519	0.00414	0.00125	0.00344	0.00434	0.00469	0.00658
82	0.01648	0.00821	0.01005	0.00786	0.01092	0.00809	0.00644	0.21206	0.11927	0.53384	0.01457	0.01300	0.00959	0.00505	0.00408	0.00126	0.00366	0.00404	0.00467	0.00684
83	0.00586	0.00410	0.00525	0.00525	0.00553	0.00438	0.00348	0.00643	0.00614	0.00848	0.01203	0.02239	0.01294	0.53303	0.34256	0.00495	0.00665	0.00529	0.00235	0.00291
84	0.88607	0.00785	0.00596	0.00534	0.00785	0.00910	0.00439	0.01193	0.00690	0.01820	0.00565	0.00659	0.00439	0.00377	0.00251	0.00126	0.00314	0.00220	0.00251	0.00439
85	0.01246	0.00986	0.01074	0.03687	0.02970	0.04145	0.00689	0.42096	0.06923	0.03444	0.02716	0.01019	0.00763	0.00436	0.00376	0.00105	0.00403	0.00340	0.00341	0.26240
86	0.00952	0.00879	0.01201	0.12225	0.35578	0.07729	0.00930	0.01278	0.11294	0.03989	0.04477	0.03895	0.06086	0.00548	0.00425	0.00131	0.00441	0.07122	0.00275	0.00546
87	0.51734	0.00745	0.00743	0.00614	0.00891	0.00777	0.00506	0.01526	0.00890	0.36520	0.01005	0.00966	0.00679	0.00430	0.00318	0.00126	0.00327	0.00300	0.00358	0.00546
88	0.00838	0.00794	0.01346	0.60043	0.26959	0.00920	0.01162	0.01099	0.00845	0.01123	0.00734	0.01058	0.00571	0.00392	0.00404	0.00131	0.00523	0.00361	0.00186	0.00508
89	0.01177	0.00544	0.00722	0.00647	0.00827	0.00488	0.00494	0.03595	0.01004	0.41704	0.01954	0.38676	0.04700	0.00861	0.00459	0.00143	0.00294	0.00753	0.00439	0.00518
90	0.03208	0.00384	0.00472	0.00526	0.00564	0.00367	0.00350	0.00608	0.00771	0.01054	0.07936	0.52908	0.07408	0.19576	0.00842	0.00209	0.00269	0.01877	0.00349	0.00320
91	0.00489	0.00411	0.00425	0.00421	0.00554	0.00347	0.00316	0.00601	0.00948	0.01151	0.12322	0.03814	0.74800	0.01007	0.00479	0.00136	0.00204	0.00843	0.00384	0.00347
92	0.01508	0.01109	0.01189	0.00918	0.01232	0.01225	0.00756	0.78942	0.01868	0.02509	0.01006	0.02801	0.00738	0.00504	0.00407	0.00122	0.00438	0.00382	0.01667	0.00678
93	0.00641	0.00414	0.00502	0.00512	0.00577	0.00393	0.00349	0.01634	0.01827	0.05650	0.14726	0.30116	0.09301	0.24200	0.00907	0.00211	0.00275	0.00794	0.06625	0.00347
94	0.00497	0.00363	0.00468	0.00547	0.00587	0.00334	0.00372	0.00576	0.00806	0.01060	0.04495	0.72376	0.12482	0.01228	0.00513	0.00161	0.00233	0.02190	0.00378	0.00333
95	0.00590	0.00393	0.00442	0.00442	0.00442	0.00393	0.00246	0.00590	0.00590	0.00787	0.01278	0.02655	0.01475	0.85742	0.02065	0.00393	0.00393	0.00590	0.00246	0.00246
96	0.01264	0.00985	0.01049	0.00865	0.01140	0.01106	0.00695	0.40489	0.40430	0.03270	0.01387	0.01313	0.03063	0.00531	0.00411	0.00130	0.00379	0.00423	0.00410	0.00658
97	0.00547	0.00418	0.00506	0.00539	0.00625	0.00391	0.00396	0.00712	0.04912	0.01205	0.17225	0.33536	0.26007	0.02600	0.00527	0.00155	0.00239	0.08713	0.00388	0.00361
98	0.01060	0.78305	0.09590	0.00737	0.01107	0.01545	0.00768	0.01221	0.00827	0.00985	0.00579	0.00670	0.00520	0.00351	0.00272	0.00091	0.00449	0.00225	0.00173	0.00528
99	0.00496	0.00354	0.00472	0.00564	0.00589	0.00331	0.00377	0.00569	0.00784	0.01048	0.03856	0.83823	0.02706	0.01262	0.00517	0.00164	0.00235	0.01145	0.00378	0.00331
100	0.00510	0.00370	0.00484	0.00560	0.00603	0.00344	0.00390	0.00600	0.00828	0.01098	0.08651	0.67167	0.09247	0.01207	0.00514	0.00161	0.00239	0.06308	0.00382	0.00338
101	0.73569	0.00790	0.00669	0.00576	0.00839	0.00888	0.00475	0.05201	0.00808	0.12036	0.00714	0.00764	0.00522	0.00398	0.00278	0.00125	0.00324	0.00250	0.00290	0.00483
102	0.01321	0.00725	0.00853	0.00690	0.00928	0.00727	0.00557	0.26860	0.01321	0.28865	0.10961	0.04761	0.02303	0.00566	0.00398	0.00120	0.00324	0.00462	0.16680	0.00578
103	0.85319	0.00773	0.00595	0.00532	0.00780	0.00893	0.00437	0.01196	0.00700	0.02821	0.00597	0.00690	0.00462	0.00381	0.00254	0.00125	0.00311	0.00226	0.02468	0.00441
104	0.00574	0.00415	0.00542	0.00510	0.00606	0.00383	0.00383	0.00766	0.01148	0.01627	0.82997	0.03031	0.03828	0.00829	0.00479	0.00128	0.00191	0.00734	0.00447	0.00383
105	0.01621	0.00997	0.01129	0.00867	0.01187	0.01052	0.00716	0.56399	0.02679	0.27340	0.01174	0.01105	0.00793	0.00492	0.00407	0.00123	0.00414	0.00380	0.00435	0.00690
106	0.00494	0.00353	0.00471	0.00565	0.00588	0.00330	0.00377	0.00565	0.00777	0.01036	0.02236	0.85477	0.02683	0.01271	0.00518	0.00165	0.00235	0.01153	0.00377	0.00330
107	0.00517	0.00414	0.00454	0.00458	0.00573	0.00362	0.00344	0.00631	0.00930	0.01158	0.15254	0.04912	0.57256	0.07644	0.00611	0.00160	0.00232	0.07371	0.00376	0.00343
108	0.00542	0.00415	0.00471	0.00462	0.00581	0.00361	0.00344	0.00674	0.00997	0.03063	0.30997	0.08798	0.48920	0.00964	0.00480	0.00135	0.00206	0.00824	0.00403	0.00363
109	0.00493	0.00359	0.00464	0.00548	0.00584	0.00331	0.00369	0.00567	0.00793	0.01042	0.02437	0.76743	0.11287	0.01245	0.00514	0.00162	0.00232	0.01122	0.00377	0.00331
110	0.00588	0.00392	0.00443	0.00445	0.00446	0.00392	0.00249	0.00589	0.00594	0.00792	0.01298	0.04390	0.01500	0.83972	0.02033	0.00389	0.00390	0.00602	0.00249	0.00248
111	0.37508	0.00880	0.00892	0.00716	0.01007	0.00949	0.00591	0.28604	0.01219	0.22514	0.00962	0.00946	0.00665	0.00445	0.00343	0.00124	0.00366	0.00316	0.00366	0.00587
112	0.01085	0.85986	0.02126	0.00694	0.01041	0.01605	0.00694	0.01215	0.00824	0.00955	0.00564	0.00651	0.00521	0.00347	0.00260	0.00087	0.00434	0.00217	0.00174	0.00521
113	0.01542	0.01136	0.01218	0.00933	0.01258	0.01258	0.00771	0.81858	0.01908	0.02557	0.00974	0.00974	0.00690	0.00487	0.00406	0.00122	0.00446	0.00365	0.00406	0.00690
114	0.00498	0.00356	0.00468	0.00557	0.00582	0.00332	0.00370	0.00566	0.00772	0.01027	0.02238	0.80497	0.04319	0.04602	0.00578	0.00173	0.00241	0.01125	0.00371	0.00327
115	0.01200	0.01410	0.01000	0.00916	0.01068	0.52586	0.00693	0.02491	0.00994	0.01019	0.04002	0.01109	0.00803	0.05652	0.16562	0.00232	0.07267	0.00340	0.00223	0.00435
116	0.07626	0.00724	0.00925	0.00722	0.01021	0.00667	0.00596	0.08954	0.01191	0.66657	0.03977	0.01408	0.01050	0.00514	0.00402	0.00126	0.00348	0.01960	0.00472	0.00658
117	0.00503	0.00361	0.00479	0.00564	0.00596	0.00337	0.00384	0.00585	0.00805	0.01075	0.06661	0.76453	0.04790	0.01236	0.00516	0.00163	0.00236	0.03542	0.00380	0.00334
118	0.00701	0.00465	0.00541	0.00547	0.00585	0.00442	0.00343	0.00714	0.00744	0.04173	0.03445	0.19810	0.06749	0.54553	0.04055	0.00335	0.00394	0.00739	0.00323	0.00341
119	0.20621	0.00757	0.00809	0.00606	0.00939	0.00664	0.00490	0.05465	0.00872	0.03274	0.00719	0.00819	0.00578	0.00332	0.00297	0.00080	0.00312	0.00246	0.00257	0.61862
120	0.01114	0.20663	0.16065	0.03504	0.11016	0.12049	0.12397	0.11869	0.01044	0.02134	0.00749	0.00921	0.00599	0.00405	0.00400	0.00117	0.02780	0.01385	0.00222	0.00564

[dist]
# distance from previous block
# <min> <max>
1	8

[block]
# block no. 5 follows, 66 sequences, length 186
# corresponding to MSA columns:
# 495-563,566-626,628-683
name=unknown_F
#
# <colnr> <probs for GDERKNQSTAVLIFYWHMCP>
#	G	D	E	R	K	N	Q	S	T	A	V	L	I	F	Y	W	H	M	C	P
0	0.02495	0.01662	0.00791	0.06213	0.10224	0.00603	0.00571	0.05380	0.07447	0.01506	0.39279	0.08380	0.09794	0.00728	0.00446	0.00129	0.00284	0.00636	0.00372	0.03062
1	0.01047	0.01041	0.00900	0.00823	0.01026	0.19950	0.00629	0.01796	0.51290	0.01457	0.04237	0.05719	0.07136	0.00599	0.00414	0.00131	0.00398	0.00485	0.00363	0.00557
2	0.00852	0.00745	0.01095	0.12129	0.04137	0.03536	0.14498	0.03494	0.08710	0.03469	0.01061	0.01695	0.00998	0.32123	0.01990	0.00238	0.07171	0.00474	0.01155	0.00429
3	0.00606	0.00413	0.00476	0.00476	0.00491	0.00421	0.00284	0.00661	0.04067	0.00842	0.01314	0.06151	0.01478	0.72403	0.06011	0.02368	0.00417	0.00596	0.00256	0.00271
4	0.01004	0.00964	0.01647	0.02490	0.83211	0.00964	0.01245	0.01245	0.00924	0.01325	0.00763	0.01004	0.00643	0.00361	0.00402	0.00120	0.00482	0.00361	0.00201	0.00643
5	0.00541	0.00397	0.00462	0.00482	0.00568	0.00354	0.00342	0.00622	0.00861	0.02529	0.10779	0.25194	0.39789	0.08033	0.00683	0.05240	0.00241	0.02186	0.00363	0.00332
6	0.00513	0.00393	0.00466	0.00490	0.00578	0.00352	0.00352	0.00628	0.00923	0.01205	0.22096	0.30417	0.35114	0.01093	0.02162	0.00154	0.00229	0.00910	0.01578	0.00349
7	0.21220	0.00792	0.00895	0.00712	0.01002	0.00801	0.00585	0.16694	0.04627	0.43758	0.01243	0.01153	0.00830	0.00472	0.00368	0.00124	0.00351	0.00359	0.03393	0.00621
8	0.00588	0.00393	0.00445	0.00446	0.00448	0.00392	0.00251	0.00593	0.00604	0.00807	0.02905	0.03938	0.01540	0.82766	0.02010	0.00385	0.00387	0.00602	0.00252	0.00250
9	0.00606	0.00397	0.00461	0.00463	0.00501	0.00384	0.00293	0.00665	0.00741	0.02473	0.12629	0.12220	0.07065	0.50301	0.01389	0.00284	0.00317	0.00670	0.07841	0.00299
10	0.00782	0.00459	0.00580	0.00534	0.00668	0.00409	0.00403	0.00930	0.01046	0.16923	0.39920	0.11981	0.19352	0.03526	0.00520	0.00142	0.00235	0.00739	0.00429	0.00423
11	0.00512	0.00381	0.00476	0.00518	0.00584	0.00346	0.00364	0.00621	0.00905	0.01202	0.23542	0.46645	0.20212	0.01105	0.00499	0.00149	0.00218	0.00981	0.00395	0.00346
12	0.00978	0.00820	0.00868	0.00787	0.00999	0.00941	0.00611	0.03247	0.71748	0.01660	0.01635	0.03218	0.01272	0.02274	0.00443	0.00141	0.00316	0.01983	0.05450	0.00609
13	0.00841	0.00721	0.00841	0.00601	0.00961	0.00541	0.00481	0.01022	0.00841	0.01322	0.00721	0.00841	0.00601	0.00300	0.00300	0.00060	0.00300	0.00240	0.00240	0.88222
14	0.03265	0.00639	0.00977	0.00773	0.00966	0.00578	0.17811	0.00887	0.00761	0.02325	0.01112	0.09475	0.01145	0.34211	0.01057	0.00221	0.00415	0.00517	0.00252	0.22614
15	0.01143	0.00835	0.00916	0.00769	0.01003	0.01911	0.00612	0.26864	0.28044	0.09342	0.19056	0.01742	0.04759	0.00603	0.00426	0.00129	0.00335	0.00497	0.00422	0.00592
16	0.00587	0.00391	0.00447	0.00453	0.00458	0.00391	0.00261	0.00598	0.00609	0.00821	0.01339	0.08145	0.01538	0.76693	0.03543	0.00377	0.00392	0.00620	0.02077	0.00256
17	0.00586	0.00406	0.00523	0.00572	0.00645	0.00377	0.00424	0.00701	0.00887	0.04312	0.13103	0.41478	0.14673	0.03566	0.00556	0.00165	0.00260	0.16021	0.00386	0.00358
18	0.00864	0.00734	0.00853	0.00612	0.00971	0.00564	0.00490	0.03619	0.00876	0.01362	0.00729	0.00846	0.00604	0.00306	0.00304	0.00062	0.00305	0.00244	0.00246	0.85410
19	0.00494	0.00353	0.00471	0.00565	0.00588	0.00330	0.00377	0.00565	0.00777	0.01036	0.02236	0.85477	0.02683	0.01271	0.00518	0.00165	0.00235	0.01153	0.00377	0.00330
20	0.01240	0.01132	0.01123	0.15693	0.01462	0.17891	0.00776	0.32750	0.01313	0.01683	0.00798	0.00914	0.00608	0.00421	0.00388	0.00108	0.01636	0.00316	0.00287	0.19460
21	0.00532	0.00412	0.00483	0.00468	0.00579	0.00365	0.00349	0.00681	0.01040	0.01378	0.46663	0.04773	0.38038	0.01839	0.00497	0.00135	0.00200	0.00792	0.00413	0.00363
22	0.00504	0.00368	0.00511	0.00589	0.00620	0.00344	0.02067	0.00580	0.00781	0.01041	0.02207	0.83723	0.02640	0.01252	0.00517	0.00164	0.00245	0.01139	0.00373	0.00334
23	0.01524	0.01123	0.01204	0.00927	0.01246	0.01242	0.00764	0.80421	0.01888	0.02530	0.00996	0.02468	0.00725	0.00501	0.00408	0.00123	0.00443	0.00379	0.00405	0.00684
24	0.03874	0.01191	0.00873	0.00808	0.00965	0.39346	0.00614	0.02614	0.04147	0.01144	0.07462	0.07673	0.16918	0.01943	0.00505	0.00131	0.06507	0.02570	0.00286	0.00431
25	0.00532	0.00403	0.00441	0.00440	0.00518	0.00366	0.00297	0.00607	0.00825	0.01046	0.12771	0.06320	0.40458	0.32007	0.01061	0.00231	0.00274	0.00755	0.00337	0.00312
26	0.01542	0.01136	0.01218	0.00933	0.01258	0.01258	0.00771	0.81858	0.01908	0.02557	0.00974	0.00974	0.00690	0.00487	0.00406	0.00122	0.00446	0.00365	0.00406	0.00690
27	0.00496	0.00354	0.00470	0.00563	0.00586	0.00330	0.00375	0.00565	0.00774	0.01032	0.02222	0.84235	0.02665	0.02538	0.00541	0.00168	0.00238	0.01145	0.00375	0.00328
28	0.00562	0.00380	0.00483	0.00539	0.00576	0.00357	0.00359	0.00627	0.00767	0.03648	0.03231	0.56695	0.07005	0.19514	0.00848	0.00212	0.00275	0.03243	0.00353	0.00326
29	0.88607	0.00785	0.00596	0.00534	0.00785	0.00910	0.00439	0.01193	0.00690	0.01820	0.00565	0.00659	0.00439	0.00377	0.00251	0.00126	0.00314	0.00220	0.00251	0.00439
30	0.00482	0.00411	0.00414	0.00414	0.00550	0.00344	0.00310	0.00587	0.00931	0.01110	0.06152	0.03882	0.80995	0.01022	0.00479	0.00137	0.00205	0.00853	0.00379	0.00344
31	0.02508	0.00560	0.00654	0.00651	0.00785	0.00576	0.00502	0.04437	0.19637	0.05038	0.07280	0.26170	0.14132	0.00932	0.00478	0.00152	0.00287	0.14379	0.00393	0.00447
32	0.01471	0.00994	0.01082	0.00841	0.01135	0.01077	0.00691	0.63261	0.01696	0.10830	0.01084	0.01085	0.00767	0.00487	0.00391	0.00119	0.00403	0.00371	0.11566	0.00650
33	0.01009	0.00872	0.00917	0.00826	0.01055	0.01009	0.00642	0.02156	0.82478	0.01697	0.01651	0.01514	0.01238	0.00550	0.00413	0.00138	0.00321	0.00459	0.00413	0.00642
34	0.00542	0.00457	0.00476	0.00490	0.00606	0.02036	0.00359	0.00702	0.05769	0.01124	0.04808	0.21005	0.55191	0.02341	0.00507	0.00147	0.00235	0.02470	0.00375	0.00360
35	0.45531	0.00933	0.00877	0.00720	0.00997	0.01053	0.00590	0.36955	0.03475	0.02125	0.00816	0.02831	0.00626	0.00452	0.00330	0.00125	0.00371	0.00313	0.00327	0.00553
36	0.00752	0.00629	0.00682	0.00644	0.00807	0.00671	0.00489	0.01371	0.40663	0.01451	0.12998	0.12301	0.23313	0.00798	0.00451	0.00139	0.00264	0.00682	0.00403	0.00492
