[name]
unknown

[dist]
# distance from previous block
# <min> <max>
0	110

[block]
# block no. 0 follows, 61 sequences, length 26
# corresponding to MSA columns:
# 119-144
name=unknown_A
#
# <colnr> <probs for GDERKNQSTAVLIFYWHMCP>
#	G	D	E	R	K	N	Q	S	T	A	V	L	I	F	Y	W	H	M	C	P
0	0.03408	0.17660	0.11923	0.01041	0.08248	0.06261	0.05213	0.05014	0.04447	0.06244	0.04448	0.03422	0.05600	0.02144	0.00476	0.00130	0.04060	0.02253	0.00278	0.07731
1	0.06040	0.08168	0.01006	0.05283	0.07664	0.02659	0.03615	0.04310	0.02782	0.02700	0.02155	0.04295	0.00845	0.01012	0.02746	0.40194	0.00435	0.00397	0.00235	0.03459
2	0.02457	0.11288	0.02985	0.00783	0.02634	0.08672	0.00639	0.13744	0.03861	0.01532	0.03487	0.01353	0.10341	0.00488	0.00373	0.00101	0.00401	0.00378	0.00298	0.34186
3	0.05619	0.21221	0.15645	0.02634	0.02385	0.05487	0.00811	0.03055	0.08581	0.03491	0.03593	0.04784	0.00891	0.01734	0.00391	0.00116	0.00444	0.00361	0.00264	0.18493
4	0.09615	0.03532	0.11788	0.05716	0.05185	0.03786	0.04562	0.08613	0.00928	0.03366	0.00960	0.02899	0.00858	0.12451	0.12819	0.04005	0.02466	0.00411	0.00255	0.05785
5	0.00649	0.00434	0.00507	0.00519	0.00549	0.00429	0.00325	0.02387	0.00738	0.02173	0.01712	0.18580	0.05564	0.55850	0.03215	0.00339	0.00384	0.02575	0.02761	0.00310
6	0.03174	0.07240	0.03541	0.12912	0.30391	0.02610	0.17910	0.03725	0.04066	0.02890	0.04007	0.02178	0.00832	0.00454	0.00458	0.01818	0.00537	0.00422	0.00243	0.00592
7	0.03335	0.10017	0.31115	0.22813	0.06508	0.05254	0.04494	0.04362	0.02975	0.01328	0.02304	0.01022	0.00657	0.00431	0.00418	0.00133	0.01696	0.00350	0.00214	0.00574
8	0.00560	0.00400	0.00509	0.00583	0.00624	0.00377	0.00392	0.02196	0.00857	0.01143	0.04355	0.68623	0.08053	0.06776	0.00647	0.00186	0.00261	0.01122	0.01980	0.00355
9	0.03794	0.04245	0.17874	0.12507	0.19798	0.00855	0.02857	0.02711	0.00890	0.02350	0.01174	0.05229	0.05690	0.11239	0.06795	0.00212	0.00547	0.00468	0.00240	0.00524
10	0.06596	0.04168	0.01385	0.16328	0.25178	0.03558	0.06151	0.08580	0.07474	0.04560	0.02862	0.07745	0.00954	0.00522	0.00447	0.00137	0.02031	0.00459	0.00282	0.00585
11	0.00581	0.00475	0.00563	0.00644	0.06356	0.00431	0.00416	0.00711	0.02816	0.01167	0.05961	0.20330	0.46698	0.10063	0.00691	0.00179	0.00269	0.00893	0.00375	0.00381
12	0.00685	0.00518	0.00639	0.00604	0.00607	0.00592	0.00401	0.00710	0.00636	0.00881	0.01200	0.02416	0.01356	0.65309	0.05878	0.00388	0.16058	0.00572	0.00246	0.00306
13	0.00837	0.00697	0.02681	0.05026	0.05416	0.02723	0.03591	0.05556	0.03043	0.02997	0.02234	0.02113	0.01243	0.48593	0.03201	0.00312	0.08540	0.00533	0.00267	0.00397
14	0.00946	0.01044	0.12316	0.41477	0.08422	0.00972	0.12992	0.04527	0.00965	0.04928	0.02314	0.03423	0.00742	0.00463	0.00468	0.00142	0.02653	0.00425	0.00232	0.00547
15	0.00519	0.00398	0.00476	0.00538	0.00608	0.00355	0.00372	0.00607	0.00884	0.01124	0.03129	0.54070	0.32873	0.01251	0.00534	0.00164	0.00238	0.01105	0.00400	0.00355
16	0.01611	0.02007	0.01225	0.01103	0.01332	0.78705	0.00832	0.05997	0.01264	0.01144	0.00686	0.00791	0.00564	0.00448	0.00391	0.00112	0.00760	0.00283	0.00233	0.00512
17	0.01178	0.00965	0.01077	0.01022	0.07245	0.01090	0.00747	0.13028	0.61704	0.04615	0.01581	0.01483	0.01179	0.00558	0.00436	0.00142	0.00373	0.00464	0.00424	0.00691
18	0.00723	0.00630	0.00792	0.00748	0.00791	0.03474	0.00566	0.00813	0.00756	0.01041	0.04880	0.15838	0.08145	0.17795	0.16317	0.00315	0.25074	0.00641	0.00277	0.00383
19	0.00691	0.00452	0.00629	0.00638	0.00709	0.00475	0.00465	0.00801	0.00759	0.07129	0.01560	0.24490	0.01635	0.15082	0.41904	0.00467	0.00734	0.00693	0.00304	0.00382
20	0.01071	0.00925	0.00974	0.00877	0.01120	0.01071	0.00682	0.02289	0.81396	0.01802	0.01753	0.01607	0.01315	0.00584	0.00438	0.00146	0.00341	0.00487	0.00438	0.00682
21	0.00626	0.00418	0.00470	0.00470	0.00470	0.00418	0.00261	0.00626	0.00626	0.00835	0.01357	0.02819	0.01566	0.84862	0.02192	0.00418	0.00418	0.00626	0.00261	0.00261
22	0.00529	0.00381	0.00494	0.00583	0.00614	0.00354	0.00388	0.00602	0.00824	0.01089	0.02443	0.75165	0.07690	0.05854	0.00636	0.00186	0.00257	0.01173	0.00392	0.00346
23	0.01190	0.00802	0.00924	0.00796	0.01018	0.00840	0.00645	0.34127	0.01414	0.11279	0.01920	0.13930	0.12027	0.00816	0.00502	0.00149	0.02345	0.12111	0.02599	0.00566
24	0.03411	0.00937	0.01020	0.00810	0.01091	0.01007	0.00661	0.47092	0.04427	0.13062	0.01225	0.01238	0.00878	0.00515	0.00398	0.00124	0.00388	0.00397	0.20673	0.00648
25	0.00854	0.00812	0.01280	0.51050	0.06131	0.01040	0.01079	0.01068	0.00795	0.01083	0.00739	0.01170	0.00628	0.04903	0.00813	0.00170	0.25321	0.00394	0.00195	0.00475

[dist]
# distance from previous block
# <min> <max>
0	1

[block]
# block no. 1 follows, 61 sequences, length 12
# corresponding to MSA columns:
# 146-150,153-159
name=unknown_B
#
# <colnr> <probs for GDERKNQSTAVLIFYWHMCP>
#	G	D	E	R	K	N	Q	S	T	A	V	L	I	F	Y	W	H	M	C	P
0	0.01003	0.00980	0.01566	0.30839	0.50964	0.04691	0.01256	0.01263	0.00950	0.01285	0.00788	0.01082	0.00639	0.00403	0.00426	0.00133	0.00545	0.00379	0.00206	0.00603
1	0.06041	0.01026	0.01303	0.01087	0.01203	0.05074	0.04673	0.11932	0.04707	0.04143	0.00744	0.00993	0.00638	0.00653	0.01046	0.00168	0.53404	0.00379	0.00252	0.00532
2	0.00668	0.00528	0.00613	0.00582	0.00718	0.00519	0.00439	0.01033	0.16320	0.01569	0.43435	0.07403	0.22729	0.00901	0.00497	0.00142	0.00235	0.00779	0.00445	0.00445
3	0.00610	0.00449	0.00504	0.00490	0.00627	0.00387	0.00367	0.00743	0.01042	0.05648	0.22692	0.08898	0.53948	0.01027	0.00507	0.00144	0.00225	0.00873	0.00425	0.00393
4	0.00995	0.00838	0.00936	0.00739	0.01061	0.00788	0.00586	0.07345	0.27695	0.01646	0.04505	0.01238	0.01013	0.00445	0.00375	0.00099	0.00333	0.00364	0.00338	0.48661
5	0.01173	0.00967	0.01072	0.01002	0.06366	0.01091	0.00740	0.20295	0.53529	0.01950	0.01559	0.05882	0.01222	0.00597	0.00442	0.00143	0.00378	0.00497	0.00420	0.00676
6	0.00644	0.00428	0.00515	0.00512	0.00546	0.00424	0.00325	0.00680	0.00722	0.02626	0.07422	0.06310	0.07977	0.54129	0.10098	0.04946	0.00451	0.00652	0.00292	0.00302
7	0.01019	0.27418	0.32918	0.01291	0.11835	0.01249	0.08536	0.03044	0.03677	0.01296	0.00765	0.00913	0.00606	0.00409	0.00415	0.00124	0.03346	0.00326	0.00204	0.00610
8	0.00795	0.00657	0.00772	0.01973	0.03141	0.00716	0.00572	0.01384	0.35581	0.01447	0.06272	0.31429	0.06763	0.00978	0.02727	0.00171	0.01768	0.01938	0.00404	0.00511
9	0.00541	0.00392	0.00496	0.00564	0.00606	0.00363	0.00379	0.00623	0.00857	0.01136	0.09518	0.60339	0.11632	0.09566	0.00705	0.00192	0.00259	0.01091	0.00393	0.00348
10	0.01062	0.01021	0.01776	0.11560	0.35011	0.01056	0.22552	0.08258	0.05345	0.01492	0.00900	0.01139	0.00708	0.00422	0.00479	0.00137	0.03343	0.00423	0.02696	0.00621
11	0.05424	0.05200	0.04144	0.04874	0.35745	0.01029	0.04981	0.10112	0.10722	0.01593	0.03370	0.01229	0.03079	0.00454	0.00414	0.00127	0.00463	0.00403	0.00279	0.06357

[dist]
# distance from previous block
# <min> <max>
0	5

[block]
# block no. 2 follows, 61 sequences, length 17
# corresponding to MSA columns:
# 165-170,183-193
name=unknown_C
#
# <colnr> <probs for GDERKNQSTAVLIFYWHMCP>
#	G	D	E	R	K	N	Q	S	T	A	V	L	I	F	Y	W	H	M	C	P
0	0.00591	0.00431	0.00513	0.00554	0.00637	0.00395	0.00390	0.00717	0.03391	0.03555	0.04896	0.43246	0.29157	0.06647	0.00637	0.00178	0.00259	0.03035	0.00398	0.00373
1	0.10365	0.08713	0.01425	0.04938	0.36065	0.18068	0.00976	0.01328	0.00979	0.01331	0.03673	0.03855	0.00813	0.00466	0.00433	0.00126	0.03871	0.00375	0.01632	0.00568
2	0.03253	0.00911	0.01230	0.50778	0.07763	0.07868	0.01020	0.05305	0.00968	0.03577	0.00805	0.01094	0.00621	0.01608	0.00433	0.00132	0.00535	0.00359	0.00229	0.11512
3	0.01121	0.20139	0.11765	0.01054	0.07717	0.03887	0.06676	0.11359	0.06991	0.04064	0.04262	0.01076	0.00834	0.00432	0.00380	0.00112	0.00468	0.00351	0.01717	0.15597
4	0.00530	0.00408	0.00485	0.00527	0.00610	0.00363	0.00372	0.00636	0.00940	0.01210	0.13908	0.41799	0.34299	0.01184	0.00528	0.00158	0.00231	0.01040	0.00410	0.00363
5	0.02537	0.01182	0.12649	0.00977	0.02841	0.06244	0.02454	0.10600	0.45777	0.01742	0.03041	0.03508	0.03390	0.00570	0.00435	0.00141	0.00428	0.00469	0.00374	0.00641
6	0.00857	0.00991	0.14751	0.00971	0.06670	0.03083	0.04797	0.01152	0.06571	0.03863	0.06676	0.10446	0.11861	0.00748	0.03034	0.00151	0.06416	0.01722	0.00303	0.14936
7	0.00709	0.00894	0.19094	0.00829	0.01046	0.00606	0.06058	0.00944	0.03492	0.03392	0.04350	0.37969	0.08233	0.05859	0.00619	0.00174	0.02095	0.02850	0.00333	0.00452
8	0.01121	0.76425	0.10688	0.00789	0.01185	0.01631	0.00827	0.01298	0.00879	0.01050	0.00617	0.00714	0.00552	0.00373	0.00290	0.00097	0.00479	0.00240	0.00184	0.00562
9	0.05539	0.00421	0.00511	0.00561	0.00616	0.00404	0.00381	0.00676	0.00863	0.01213	0.14702	0.50892	0.07525	0.12741	0.00752	0.00198	0.00269	0.00997	0.00385	0.00354
10	0.01770	0.00834	0.01053	0.00821	0.01138	0.04025	0.02927	0.09421	0.04312	0.62209	0.03801	0.01446	0.01096	0.00534	0.00433	0.00132	0.00394	0.00436	0.02517	0.00701
11	0.00874	0.00762	0.01201	0.19023	0.22826	0.00789	0.06301	0.03931	0.03615	0.03755	0.07493	0.07713	0.14442	0.00668	0.00470	0.00144	0.00434	0.04729	0.00305	0.00525
12	0.00540	0.00433	0.00478	0.00487	0.00604	0.00381	0.00360	0.00655	0.00965	0.01204	0.13077	0.11361	0.54916	0.06375	0.03114	0.00182	0.00267	0.03843	0.00395	0.00363
13	0.03206	0.00782	0.01165	0.01394	0.29883	0.00755	0.02098	0.02911	0.03829	0.24808	0.13162	0.03407	0.03310	0.00571	0.00441	0.00133	0.00387	0.02492	0.04650	0.00616
14	0.04287	0.00652	0.00785	0.00699	0.00853	0.04120	0.00546	0.05186	0.00998	0.17843	0.15690	0.01894	0.03408	0.06895	0.25638	0.00322	0.05046	0.00506	0.04148	0.00482
15	0.00527	0.00391	0.00487	0.00558	0.00611	0.00357	0.00379	0.00610	0.00862	0.01121	0.04898	0.62179	0.19876	0.04249	0.00598	0.00176	0.00248	0.01123	0.00397	0.00351
16	0.00583	0.00417	0.00539	0.00615	0.00665	0.00399	0.00447	0.00680	0.00847	0.01110	0.02342	0.45068	0.08672	0.14640	0.00821	0.00217	0.00311	0.20901	0.00377	0.00349

[dist]
# distance from previous block
# <min> <max>
0	1

[block]
# block no. 3 follows, 61 sequences, length 17
# corresponding to MSA columns:
# 212-228
name=unknown_D
#
# <colnr> <probs for GDERKNQSTAVLIFYWHMCP>
#	G	D	E	R	K	N	Q	S	T	A	V	L	I	F	Y	W	H	M	C	P
0	0.05204	0.03259	0.06960	0.03095	0.01194	0.00738	0.03852	0.03921	0.00922	0.01440	0.00761	0.00904	0.00620	0.00357	0.00372	0.00085	0.03100	0.00280	0.00249	0.62685
1	0.22151	0.14426	0.04384	0.23100	0.05261	0.19331	0.00877	0.03596	0.00953	0.01348	0.00687	0.00869	0.00549	0.00416	0.00356	0.00124	0.00540	0.00297	0.00223	0.00514
2	0.03364	0.52697	0.11645	0.00873	0.01230	0.11157	0.00859	0.05250	0.00966	0.02423	0.00664	0.00772	0.00568	0.00416	0.00384	0.00109	0.05589	0.00266	0.00208	0.00561
3	0.00743	0.00498	0.00583	0.00544	0.00685	0.00469	0.00414	0.01006	0.08298	0.07408	0.37027	0.04720	0.23624	0.00847	0.00472	0.00135	0.00232	0.00725	0.11128	0.00442
4	0.00794	0.02198	0.06233	0.03459	0.00879	0.02447	0.00550	0.05669	0.04484	0.05158	0.28777	0.12904	0.07716	0.14655	0.00765	0.00188	0.00337	0.01964	0.00382	0.00441
5	0.00621	0.00423	0.00505	0.00509	0.00522	0.00434	0.00309	0.00648	0.00644	0.00871	0.01364	0.05704	0.01538	0.69096	0.14669	0.00451	0.00525	0.00623	0.00262	0.00283
6	0.05506	0.18702	0.12414	0.10633	0.38205	0.01155	0.01149	0.01338	0.04570	0.01331	0.00788	0.00982	0.00643	0.00399	0.00386	0.00124	0.00507	0.00340	0.00214	0.00616
7	0.00615	0.00462	0.00692	0.00692	0.00769	0.00538	0.00538	0.00769	0.00692	0.01000	0.01154	0.01692	0.01077	0.03231	0.83154	0.00692	0.01154	0.00462	0.00231	0.00385
8	0.00595	0.00441	0.00544	0.00528	0.00635	0.00405	0.00398	0.00765	0.01105	0.01510	0.52070	0.03437	0.22291	0.04723	0.02691	0.00167	0.00251	0.04925	0.02133	0.00389
9	0.01152	0.85121	0.02257	0.00737	0.01106	0.01704	0.00737	0.01290	0.00875	0.01013	0.00599	0.00691	0.00553	0.00369	0.00276	0.00092	0.00461	0.00230	0.00184	0.00553
10	0.00882	0.01676	0.52746	0.04039	0.10717	0.00903	0.01321	0.03377	0.00966	0.02962	0.03875	0.05485	0.02416	0.00544	0.00439	0.00142	0.00552	0.06123	0.00240	0.00597
11	0.01543	0.01901	0.04012	0.01091	0.01329	0.68033	0.00851	0.05660	0.04866	0.02767	0.00754	0.00851	0.00608	0.00465	0.00430	0.00118	0.03647	0.00300	0.00246	0.00528
12	0.01002	0.06841	0.02405	0.05424	0.02158	0.01103	0.69195	0.01338	0.00994	0.01334	0.00893	0.03597	0.00708	0.00396	0.00490	0.00142	0.00687	0.00505	0.00220	0.00568
13	0.00557	0.00420	0.00483	0.00497	0.00578	0.00381	0.00343	0.00653	0.00916	0.01185	0.18003	0.20275	0.33167	0.19561	0.00888	0.00210	0.00266	0.00887	0.00383	0.00346
14	0.00824	0.00720	0.01042	0.03290	0.03817	0.02100	0.08932	0.03655	0.05850	0.01344	0.11358	0.12561	0.03359	0.02674	0.03387	0.00185	0.16328	0.14529	0.03579	0.00464
15	0.00847	0.00608	0.00721	0.00708	0.00846	0.00636	0.00525	0.01348	0.29226	0.08217	0.10962	0.37800	0.02289	0.00957	0.00497	0.00157	0.00289	0.02427	0.00433	0.00506
16	0.03470	0.04300	0.52114	0.01119	0.01619	0.05000	0.03017	0.14407	0.02377	0.01563	0.00884	0.03703	0.00683	0.00555	0.03203	0.00153	0.00605	0.00364	0.00241	0.00620

[dist]
# distance from previous block
# <min> <max>
3	15

[block]
# block no. 4 follows, 61 sequences, length 6
# corresponding to MSA columns:
# 247-252
name=unknown_E
#
# <colnr> <probs for GDERKNQSTAVLIFYWHMCP>
#	G	D	E	R	K	N	Q	S	T	A	V	L	I	F	Y	W	H	M	C	P
0	0.05898	0.00636	0.00912	0.00797	0.00920	0.00706	0.07482	0.05748	0.00810	0.05486	0.01079	0.01656	0.01009	0.17521	0.34312	0.05274	0.08611	0.00465	0.00259	0.00420
1	0.03597	0.01096	0.05268	0.01480	0.14152	0.05175	0.27879	0.04011	0.13741	0.02923	0.02651	0.01431	0.05065	0.00513	0.00537	0.00144	0.07234	0.02234	0.00280	0.00588
2	0.01085	0.10424	0.02161	0.01593	0.08849	0.01085	0.51221	0.04157	0.01040	0.06284	0.00999	0.03624	0.00819	0.00447	0.00473	0.00140	0.00619	0.04141	0.00254	0.00586
3	0.04358	0.08356	0.01626	0.03984	0.35190	0.05476	0.10072	0.05457	0.10908	0.06178	0.00953	0.01102	0.00749	0.00437	0.00450	0.00131	0.03281	0.00389	0.00269	0.00635
4	0.04648	0.18657	0.17760	0.01110	0.07580	0.11231	0.07300	0.04757	0.02636	0.08168	0.00835	0.00936	0.00643	0.00406	0.00375	0.00114	0.00527	0.00320	0.00250	0.11746
5	0.04562	0.01110	0.07985	0.00811	0.01072	0.17207	0.00683	0.11873	0.05753	0.05601	0.13855	0.07749	0.08901	0.00641	0.00430	0.00126	0.00431	0.00516	0.00348	0.10346

[dist]
# distance from previous block
# <min> <max>
9	19

[block]
# block no. 5 follows, 61 sequences, length 21
# corresponding to MSA columns:
# 272-292
name=unknown_F
#
# <colnr> <probs for GDERKNQSTAVLIFYWHMCP>
#	G	D	E	R	K	N	Q	S	T	A	V	L	I	F	Y	W	H	M	C	P
0	0.05673	0.08661	0.18278	0.06261	0.07614	0.07131	0.06873	0.05446	0.03025	0.04876	0.02526	0.04187	0.00836	0.00534	0.00553	0.00140	0.12162	0.02938	0.00253	0.02035
1	0.01400	0.16379	0.11333	0.01035	0.04844	0.01319	0.00908	0.46995	0.06712	0.03508	0.00972	0.01003	0.00718	0.00476	0.00401	0.00125	0.00483	0.00358	0.00349	0.00683
2	0.01174	0.05542	0.05456	0.07815	0.23759	0.11622	0.04551	0.11266	0.18822	0.01561	0.01012	0.01122	0.00787	0.00453	0.00417	0.00128	0.00515	0.00384	0.00287	0.03325
3	0.00999	0.01125	0.02418	0.01739	0.02142	0.01070	0.74714	0.01338	0.00989	0.01346	0.00881	0.01221	0.00687	0.03752	0.00606	0.00158	0.03524	0.00509	0.00219	0.00564
4	0.00579	0.00424	0.00512	0.00530	0.00627	0.00378	0.00382	0.00705	0.01003	0.03362	0.25794	0.30913	0.31014	0.01104	0.00521	0.00152	0.00228	0.00966	0.00425	0.00381
5	0.00525	0.00375	0.00500	0.00600	0.00625	0.00350	0.00400	0.00600	0.00825	0.01100	0.02374	0.84580	0.02849	0.01350	0.00550	0.00175	0.00250	0.01225	0.00400	0.00350
6	0.00551	0.00430	0.00500	0.00500	0.00612	0.00379	0.00368	0.00692	0.01054	0.01377	0.34634	0.14743	0.40532	0.01043	0.00514	0.00146	0.00217	0.00901	0.00429	0.00379
7	0.00622	0.00416	0.00471	0.00476	0.00477	0.00414	0.00268	0.00625	0.00636	0.00848	0.01405	0.06672	0.01627	0.80926	0.02115	0.00406	0.00410	0.00655	0.00268	0.00265
8	0.00959	0.13923	0.59921	0.01152	0.01706	0.02654	0.04358	0.03861	0.05071	0.01373	0.00808	0.00925	0.00596	0.00415	0.00396	0.00130	0.00597	0.00323	0.00205	0.00625
9	0.00626	0.00418	0.00470	0.00470	0.00470	0.00418	0.00261	0.00626	0.00626	0.00835	0.01357	0.02819	0.01566	0.84862	0.02192	0.00418	0.00418	0.00626	0.00261	0.00261
10	0.00772	0.03801	0.01034	0.05824	0.04157	0.00705	0.12026	0.01143	0.13896	0.01478	0.26533	0.02547	0.20864	0.00735	0.00476	0.00139	0.00347	0.00656	0.02381	0.00485
11	0.01140	0.81687	0.05586	0.00757	0.01137	0.01675	0.00772	0.01293	0.00877	0.01028	0.00606	0.00700	0.00552	0.00370	0.00282	0.00094	0.00468	0.00234	0.00184	0.00556
12	0.55555	0.00857	0.04104	0.00655	0.00922	0.00897	0.00558	0.04793	0.07881	0.07079	0.07051	0.01278	0.02929	0.00512	0.00341	0.00137	0.00344	0.03267	0.00326	0.00511
13	0.01186	0.16416	0.01458	0.06614	0.22053	0.26258	0.00906	0.01464	0.08847	0.01262	0.06425	0.01200	0.03185	0.00475	0.00397	0.00120	0.00542	0.00375	0.00254	0.00562
14	0.00657	0.00489	0.00634	0.00679	0.00784	0.00470	0.00541	0.00862	0.04783	0.01305	0.11508	0.24499	0.08039	0.02777	0.00576	0.00175	0.00318	0.34998	0.00398	0.05509
15	0.03165	0.04178	0.01515	0.07012	0.20537	0.05946	0.10257	0.14614	0.05531	0.04677	0.00932	0.01206	0.00761	0.00518	0.00594	0.00143	0.14176	0.03359	0.00277	0.00601
16	0.20989	0.00982	0.01239	0.20972	0.20791	0.08988	0.04379	0.05151	0.00962	0.01471	0.04005	0.01090	0.00748	0.00573	0.04382	0.00160	0.01976	0.00364	0.00243	0.00536
17	0.01137	0.04337	0.03715	0.00990	0.09385	0.04342	0.00736	0.28082	0.09773	0.03831	0.02008	0.01973	0.24168	0.00670	0.00473	0.00135	0.02750	0.00536	0.00370	0.00589
18	0.23042	0.00761	0.00986	0.07139	0.17798	0.03076	0.03173	0.02903	0.00860	0.04121	0.05659	0.05562	0.02051	0.00741	0.00685	0.19889	0.00412	0.00420	0.00263	0.00457
19	0.04003	0.03667	0.01214	0.03037	0.12993	0.02079	0.03266	0.20651	0.22028	0.12392	0.04830	0.04694	0.02099	0.00557	0.00433	0.00136	0.00417	0.00468	0.00387	0.00651
20	0.04830	0.02117	0.01274	0.15902	0.23125	0.00857	0.05182	0.04974	0.03421	0.16419	0.05500	0.04657	0.03092	0.00599	0.01717	0.00148	0.00463	0.04814	0.00323	0.00587

[dist]
# distance from previous block
# <min> <max>
2	36

[block]
# block no. 6 follows, 61 sequences, length 31
# corresponding to MSA columns:
# 334-364
name=unknown_G
#
# <colnr> <probs for GDERKNQSTAVLIFYWHMCP>
#	G	D	E	R	K	N	Q	S	T	A	V	L	I	F	Y	W	H	M	C	P
0	0.00687	0.00479	0.00610	0.00640	0.00735	0.00466	0.00482	0.00913	0.07817	0.05066	0.18740	0.34511	0.08223	0.03314	0.00575	0.00171	0.00283	0.15452	0.00420	0.00415
1	0.03048	0.05947	0.03088	0.00889	0.01268	0.00787	0.15473	0.03316	0.02903	0.03554	0.00842	0.01012	0.00684	0.02504	0.00409	0.00099	0.00419	0.00325	0.00259	0.53175
2	0.03107	0.07285	0.16890	0.00949	0.03804	0.05539	0.02962	0.04515	0.18717	0.02826	0.06987	0.04072	0.02314	0.00520	0.00429	0.00124	0.02566	0.00420	0.00305	0.15671
3	0.00596	0.00438	0.00600	0.00629	0.00671	0.00472	0.00447	0.00691	0.00741	0.01025	0.03601	0.32530	0.01877	0.17491	0.32669	0.00418	0.03670	0.00779	0.00303	0.00353
4	0.01268	0.04824	0.01177	0.00999	0.05182	0.03193	0.00763	0.27088	0.46664	0.02019	0.01400	0.01337	0.01046	0.00540	0.00427	0.00137	0.00408	0.00434	0.00408	0.00688
5	0.01067	0.00948	0.01303	0.01150	0.08765	0.04543	0.14478	0.05877	0.19695	0.05404	0.02539	0.05389	0.01049	0.00528	0.00472	0.00128	0.03831	0.03206	0.00322	0.19306
6	0.01102	0.25164	0.34579	0.01048	0.04386	0.03033	0.02778	0.08350	0.01033	0.07057	0.00933	0.02304	0.02804	0.00445	0.00380	0.00121	0.00527	0.00341	0.00243	0.03373
7	0.01264	0.03496	0.15554	0.01333	0.01745	0.06386	0.31994	0.18719	0.01241	0.10351	0.00951	0.01082	0.00686	0.00438	0.00477	0.00137	0.02810	0.00416	0.00291	0.00631
8	0.00618	0.00449	0.00603	0.00692	0.00771	0.00433	0.00558	0.00766	0.00935	0.01213	0.02526	0.31498	0.10782	0.01233	0.00571	0.00185	0.00329	0.45062	0.00398	0.00378
9	0.01004	0.00907	0.01392	0.11475	0.41323	0.00953	0.03156	0.07544	0.12178	0.01505	0.03891	0.08638	0.03042	0.00546	0.00447	0.00138	0.00458	0.00502	0.00289	0.00613
10	0.03911	0.01114	0.04487	0.10516	0.48096	0.08478	0.03084	0.03802	0.02352	0.06738	0.00861	0.01065	0.00681	0.00421	0.00444	0.00131	0.02566	0.00375	0.00243	0.00633
11	0.00606	0.00451	0.00582	0.00658	0.00749	0.00427	0.00531	0.00752	0.00947	0.01211	0.02810	0.24874	0.21889	0.01206	0.00563	0.00180	0.00316	0.40474	0.00398	0.00377
12	0.00512	0.00434	0.00442	0.00444	0.00585	0.00364	0.00331	0.00622	0.00982	0.01174	0.06047	0.06814	0.77596	0.01095	0.00510	0.00146	0.00219	0.00917	0.00402	0.00364
13	0.01243	0.02432	0.04238	0.05597	0.06116	0.15541	0.09600	0.17069	0.11376	0.07763	0.01317	0.04834	0.04886	0.00625	0.02222	0.00148	0.00534	0.03538	0.00332	0.00591
14	0.10980	0.01034	0.01449	0.12877	0.41231	0.03809	0.02319	0.15667	0.03688	0.01662	0.00847	0.01039	0.00668	0.00424	0.00410	0.00131	0.00500	0.00369	0.00263	0.00632
15	0.00813	0.00766	0.01292	0.83826	0.02967	0.00957	0.01196	0.01101	0.00861	0.01101	0.00766	0.01148	0.00574	0.00431	0.00431	0.00144	0.00574	0.00383	0.00191	0.00479
16	0.01335	0.13797	0.08025	0.02807	0.18159	0.36645	0.02391	0.05999	0.03563	0.02308	0.00767	0.00897	0.00622	0.00426	0.00389	0.00117	0.00625	0.00316	0.00233	0.00579
17	0.04546	0.08488	0.13935	0.08742	0.12996	0.04421	0.06442	0.09110	0.06525	0.10261	0.02918	0.04497	0.00901	0.00506	0.00446	0.00135	0.02716	0.01519	0.00293	0.00604
18	0.00950	0.00899	0.01230	0.12310	0.33348	0.07906	0.00939	0.02302	0.03124	0.02489	0.07306	0.08611	0.08562	0.03413	0.00555	0.00148	0.04557	0.00534	0.00277	0.00540
19	0.00626	0.00418	0.00470	0.00470	0.00470	0.00418	0.00261	0.00626	0.00626	0.00835	0.01357	0.02819	0.01566	0.84862	0.02192	0.00418	0.00418	0.00626	0.00261	0.00261
20	0.01942	0.04596	0.26742	0.02402	0.16767	0.09667	0.05697	0.03148	0.03166	0.05065	0.05417	0.01440	0.09010	0.00512	0.00425	0.00131	0.00524	0.00431	0.02335	0.00583
21	0.01152	0.04270	0.17915	0.07533	0.06910	0.11073	0.09024	0.05552	0.07366	0.11825	0.04051	0.03567	0.03689	0.00511	0.00428	0.00133	0.00521	0.00434	0.03456	0.00589
22	0.05053	0.00747	0.00913	0.09897	0.07442	0.03985	0.00666	0.10958	0.02263	0.13827	0.06610	0.09826	0.05384	0.04541	0.04403	0.00174	0.02067	0.00534	0.10189	0.00521
23	0.00610	0.00428	0.00536	0.00567	0.00650	0.00392	0.00403	0.00750	0.02546	0.04542	0.22637	0.44112	0.17950	0.01136	0.00525	0.00157	0.00239	0.01007	0.00425	0.00388
24	0.05201	0.03617	0.12617	0.06367	0.11620	0.15412	0.06923	0.10082	0.04171	0.10326	0.04687	0.01303	0.02954	0.00497	0.00424	0.00131	0.00536	0.02240	0.00299	0.00594
25	0.04140	0.11048	0.13072	0.10386	0.12271	0.08517	0.05591	0.03594	0.05705	0.10032	0.02743	0.03068	0.02645	0.00486	0.00440	0.00130	0.03166	0.00397	0.00273	0.02297
26	0.00621	0.00423	0.00508	0.00512	0.00526	0.00436	0.00313	0.00650	0.00645	0.00873	0.01360	0.05597	0.01530	0.68045	0.15805	0.00455	0.00536	0.00620	0.00261	0.00285
27	0.00613	0.00434	0.00525	0.00563	0.00653	0.00400	0.00405	0.00758	0.03487	0.04069	0.09737	0.42690	0.25084	0.01142	0.00519	0.00159	0.00248	0.04195	0.03935	0.00387
28	0.06570	0.19458	0.08949	0.03915	0.09005	0.03177	0.07113	0.07717	0.04040	0.09535	0.01051	0.09441	0.00923	0.02926	0.00496	0.00140	0.04248	0.00442	0.00284	0.00571
29	0.03453	0.04507	0.10032	0.09883	0.25043	0.08400	0.09164	0.14461	0.02330	0.02867	0.00886	0.03024	0.00712	0.00493	0.01715	0.00141	0.01621	0.00394	0.00258	0.00614
30	0.00968	0.00706	0.00883	0.00814	0.04593	0.07122	0.08192	0.03179	0.00938	0.09008	0.03814	0.01781	0.01179	0.15966	0.10228	0.00240	0.01613	0.02056	0.26269	0.00453

[dist]
# distance from previous block
# <min> <max>
0	12

[block]
# block no. 7 follows, 61 sequences, length 17
# corresponding to MSA columns:
# 379-395
name=unknown_H
#
# <colnr> <probs for GDERKNQSTAVLIFYWHMCP>
#	G	D	E	R	K	N	Q	S	T	A	V	L	I	F	Y	W	H	M	C	P
0	0.00770	0.00787	0.13362	0.00928	0.07868	0.00593	0.04403	0.00888	0.00803	0.02460	0.02764	0.07249	0.04306	0.12133	0.04758	0.22951	0.00470	0.11848	0.00264	0.00395
1	0.01058	0.06796	0.23143	0.01456	0.21022	0.04628	0.09924	0.05145	0.03187	0.06891	0.03041	0.02767	0.05917	0.01462	0.00452	0.00136	0.00528	0.01574	0.00266	0.00607
2	0.00975	0.05188	0.33718	0.05366	0.13102	0.02243	0.01135	0.04338	0.03467	0.06426	0.07463	0.03117	0.02238	0.02040	0.03634	0.00162	0.04117	0.00420	0.00262	0.00589
3	0.00530	0.00381	0.00495	0.00583	0.00613	0.00355	0.00388	0.00602	0.00822	0.01088	0.02428	0.75308	0.07245	0.06165	0.00643	0.00187	0.00258	0.01172	0.00392	0.00346
4	0.00972	0.03739	0.16417	0.04049	0.03019	0.07559	0.02903	0.05350	0.24000	0.01523	0.08465	0.08802	0.03732	0.00620	0.00448	0.00138	0.01617	0.00516	0.05567	0.00564
5	0.01174	0.09671	0.14338	0.11056	0.15928	0.02135	0.04667	0.12240	0.04551	0.11319	0.01042	0.01164	0.02746	0.00522	0.01989	0.00143	0.04019	0.00387	0.00285	0.00622
6	0.00914	0.03605	0.13895	0.04590	0.08853	0.03467	0.04124	0.05562	0.03100	0.07661	0.07208	0.19810	0.10404	0.00809	0.02034	0.00155	0.00432	0.02524	0.00333	0.00520
7	0.01657	0.00802	0.00970	0.00773	0.01063	0.03570	0.00627	0.13173	0.03772	0.53099	0.04316	0.04225	0.01173	0.00613	0.01861	0.00141	0.00388	0.00459	0.06647	0.00670
8	0.02715	0.03833	0.12313	0.04772	0.12930	0.04948	0.12016	0.05783	0.09263	0.10914	0.05376	0.09844	0.02237	0.00568	0.00446	0.00138	0.00486	0.00509	0.00316	0.00592
9	0.02677	0.05308	0.05022	0.04781	0.15425	0.04445	0.07255	0.13171	0.05543	0.14361	0.02521	0.04219	0.03642	0.03147	0.00484	0.00140	0.00467	0.02166	0.00330	0.04897
10	0.00762	0.00638	0.02251	0.03208	0.09503	0.00662	0.01869	0.06094	0.04640	0.01286	0.05721	0.22242	0.04736	0.06274	0.19822	0.00295	0.04687	0.03010	0.01848	0.00452
11	0.00567	0.00440	0.00518	0.00529	0.00637	0.00399	0.00392	0.00732	0.03113	0.01353	0.28614	0.19931	0.35776	0.01067	0.00519	0.00150	0.00230	0.04223	0.00425	0.00384
12	0.00893	0.00766	0.00893	0.00638	0.01021	0.00574	0.00510	0.01085	0.00893	0.01404	0.00766	0.00893	0.00638	0.00319	0.00319	0.00064	0.00319	0.00255	0.00255	0.87495
13	0.00933	0.01159	0.16452	0.11121	0.21677	0.00956	0.17875	0.03701	0.03777	0.01397	0.05489	0.02737	0.05122	0.00510	0.00489	0.00141	0.03338	0.02293	0.00251	0.00580
14	0.00912	0.01167	0.21023	0.05815	0.21945	0.00831	0.01036	0.01260	0.05916	0.01386	0.00993	0.04031	0.00859	0.00471	0.00407	0.00120	0.00463	0.05537	0.00249	0.25578
15	0.01064	0.00953	0.02941	0.08805	0.36195	0.03575	0.00968	0.03744	0.02397	0.06369	0.02168	0.01121	0.01912	0.00406	0.00397	0.00111	0.00451	0.00360	0.00260	0.25803
16	0.01059	0.22279	0.19045	0.01007	0.02932	0.08269	0.05716	0.07348	0.06543	0.01390	0.07663	0.01293	0.02445	0.00512	0.00455	0.00126	0.05364	0.02827	0.00263	0.03462

[dist]
# distance from previous block
# <min> <max>
0	3

[block]
# block no. 8 follows, 61 sequences, length 8
# corresponding to MSA columns:
# 399-406
name=unknown_I
#
# <colnr> <probs for GDERKNQSTAVLIFYWHMCP>
#	G	D	E	R	K	N	Q	S	T	A	V	L	I	F	Y	W	H	M	C	P
0	0.00781	0.00729	0.00692	0.00710	0.00786	0.16065	0.00512	0.00878	0.00844	0.01034	0.01565	0.28630	0.01727	0.15940	0.21487	0.00336	0.00614	0.05995	0.00300	0.00375
1	0.01063	0.04802	0.17597	0.00963	0.01285	0.05120	0.05348	0.10345	0.24483	0.04929	0.07722	0.03542	0.04933	0.00602	0.00462	0.00140	0.02086	0.03627	0.00349	0.00601
2	0.01103	0.69177	0.01999	0.00718	0.01090	0.01491	0.00694	0.01251	0.00879	0.01087	0.00630	0.00729	0.00569	0.00359	0.00284	0.00087	0.00434	0.00235	0.00198	0.16986
3	0.00833	0.00982	0.16282	0.00755	0.01131	0.00629	0.00726	0.01078	0.00916	0.01364	0.01230	0.01659	0.06791	0.00508	0.00387	0.00101	0.00382	0.10798	0.00271	0.53177
4	0.00604	0.00496	0.00652	0.16247	0.01058	0.00490	0.00525	0.00778	0.01034	0.01350	0.31418	0.08649	0.33298	0.00908	0.00497	0.00143	0.00282	0.00784	0.00387	0.00400
5	0.00966	0.28470	0.36785	0.01113	0.04973	0.01193	0.07968	0.01337	0.04587	0.01288	0.04841	0.01091	0.02741	0.00439	0.00384	0.00123	0.00538	0.00354	0.00218	0.00591
6	0.01101	0.09298	0.07492	0.00880	0.02654	0.00827	0.05907	0.11891	0.03077	0.16686	0.05987	0.22528	0.04002	0.00762	0.00479	0.00144	0.01862	0.03495	0.00376	0.00553
7	0.00710	0.00557	0.00829	0.01069	0.16161	0.00547	0.00707	0.00884	0.00958	0.01289	0.07832	0.26907	0.02361	0.01061	0.00544	0.00174	0.00362	0.36242	0.00369	0.00438

[dist]
# distance from previous block
# <min> <max>
6	22

[block]
# block no. 9 follows, 61 sequences, length 18
# corresponding to MSA columns:
# 489-506
name=unknown_J
#
# <colnr> <probs for GDERKNQSTAVLIFYWHMCP>
#	G	D	E	R	K	N	Q	S	T	A	V	L	I	F	Y	W	H	M	C	P
0	0.01093	0.05483	0.21775	0.00991	0.01351	0.07921	0.08541	0.06941	0.09136	0.10235	0.08703	0.06767	0.03388	0.00562	0.00433	0.00132	0.00485	0.00477	0.00321	0.05267
1	0.03186	0.12300	0.06484	0.02337	0.08996	0.15281	0.00806	0.12450	0.12661	0.05144	0.04920	0.04341	0.03081	0.02673	0.00450	0.00132	0.00479	0.00420	0.00313	0.03547
2	0.18996	0.07860	0.06651	0.02563	0.01217	0.15004	0.02069	0.18939	0.07961	0.02989	0.03721	0.02203	0.00816	0.00533	0.01837	0.00136	0.02199	0.00353	0.00306	0.03647
3	0.04820	0.09206	0.09832	0.03989	0.09539	0.06898	0.03297	0.11372	0.04604	0.07489	0.02592	0.09111	0.05440	0.00629	0.00434	0.00137	0.00459	0.07284	0.00318	0.02551
4	0.06882	0.06792	0.26382	0.03499	0.01335	0.01011	0.00965	0.09269	0.14876	0.01563	0.07657	0.04328	0.01136	0.00663	0.03302	0.00160	0.06641	0.02666	0.00297	0.00575
5	0.00920	0.03225	0.01291	0.47205	0.16549	0.02911	0.01059	0.03979	0.05838	0.02573	0.01091	0.06654	0.03867	0.00519	0.00436	0.00140	0.00509	0.00458	0.00246	0.00530
6	0.00812	0.03590	0.00848	0.03580	0.00971	0.00578	0.02192	0.00991	0.02077	0.03145	0.01432	0.15687	0.07862	0.02722	0.03673	0.00133	0.00352	0.00516	0.04203	0.44637
7	0.01221	0.03967	0.04135	0.00920	0.02608	0.01094	0.00750	0.27813	0.32766	0.03030	0.01283	0.02901	0.00985	0.00580	0.01945	0.00139	0.02113	0.00421	0.00384	0.10947
8	0.00687	0.00531	0.00590	0.00579	0.00730	0.00502	0.00451	0.05893	0.06932	0.03331	0.06764	0.11239	0.47571	0.01032	0.00512	0.00154	0.00273	0.11392	0.00411	0.00424
9	0.02722	0.19512	0.13638	0.00943	0.04996	0.07026	0.03603	0.06667	0.02604	0.02807	0.00843	0.00948	0.02058	0.00395	0.00354	0.00100	0.00465	0.00303	0.00246	0.29771
10	0.06279	0.07467	0.24790	0.03869	0.06512	0.05667	0.07287	0.03784	0.09473	0.07317	0.06637	0.02603	0.05444	0.00517	0.00419	0.00134	0.00497	0.00431	0.00289	0.00585
11	0.00629	0.00455	0.00602	0.00680	0.00760	0.00440	0.00548	0.00774	0.00930	0.01208	0.04319	0.22434	0.11258	0.07672	0.00697	0.00203	0.00341	0.45288	0.00389	0.00372
12	0.00532	0.00425	0.00477	0.00499	0.00611	0.00371	0.00367	0.00649	0.00977	0.01225	0.13541	0.21938	0.51727	0.01126	0.00521	0.00153	0.00230	0.03856	0.00409	0.00367
13	0.01060	0.17456	0.31727	0.01254	0.09353	0.06385	0.09739	0.07160	0.03081	0.02508	0.02399	0.02742	0.02374	0.00452	0.00404	0.00127	0.00562	0.00376	0.00236	0.00604
14	0.03278	0.05746	0.08383	0.05303	0.22189	0.02682	0.02113	0.06392	0.05973	0.10186	0.06018	0.04742	0.08619	0.00594	0.00471	0.00137	0.03358	0.02913	0.00316	0.00585
15	0.00526	0.00383	0.00492	0.00578	0.00615	0.00353	0.00388	0.00603	0.00836	0.01099	0.02562	0.73337	0.11483	0.03804	0.00594	0.00179	0.00251	0.01172	0.00396	0.00349
16	0.01016	0.01163	0.11900	0.06869	0.55148	0.01017	0.09600	0.01348	0.03814	0.01394	0.00866	0.01140	0.00707	0.00407	0.00436	0.00133	0.00545	0.01627	0.00219	0.00650
17	0.03224	0.03614	0.10453	0.02647	0.18478	0.11936	0.07679	0.09559	0.07454	0.01465	0.01092	0.04542	0.01897	0.00566	0.00511	0.00142	0.06490	0.07397	0.00275	0.00581

[dist]
# distance from previous block
# <min> <max>
0	2

[block]
# block no. 10 follows, 61 sequences, length 8
# corresponding to MSA columns:
# 509-516
name=unknown_K
#
# <colnr> <probs for GDERKNQSTAVLIFYWHMCP>
#	G	D	E	R	K	N	Q	S	T	A	V	L	I	F	Y	W	H	M	C	P
0	0.01052	0.19709	0.22612	0.05881	0.11375	0.04030	0.01028	0.06926	0.08367	0.01407	0.00842	0.00960	0.00663	0.00410	0.00374	0.00115	0.00500	0.00321	0.00240	0.13187
1	0.02884	0.02443	0.00680	0.02544	0.00769	0.07109	0.00458	0.04169	0.03533	0.02949	0.02009	0.14840	0.17058	0.28306	0.01080	0.02001	0.01972	0.04489	0.00325	0.00382
2	0.00632	0.00482	0.00704	0.00695	0.00762	0.00567	0.00535	0.00770	0.00685	0.00988	0.01142	0.01751	0.01093	0.10082	0.72196	0.00644	0.05191	0.00471	0.00231	0.00378
3	0.01185	0.01188	0.02673	0.13921	0.19185	0.21672	0.04261	0.03924	0.04974	0.06378	0.02395	0.01135	0.00773	0.00594	0.04050	0.00156	0.07115	0.00380	0.03480	0.00560
4	0.13772	0.35536	0.01611	0.00893	0.01190	0.25041	0.03288	0.08524	0.01054	0.01322	0.00665	0.00773	0.00561	0.00423	0.00373	0.00112	0.03820	0.00273	0.00230	0.00539
5	0.01017	0.01162	0.02542	0.01816	0.02251	0.01089	0.80610	0.01380	0.01017	0.01380	0.00871	0.01162	0.00654	0.00363	0.00508	0.00145	0.00726	0.00508	0.00218	0.00581
6	0.00524	0.00440	0.00458	0.00461	0.00602	0.00373	0.00351	0.00643	0.00995	0.01200	0.08371	0.04135	0.73553	0.01085	0.00514	0.00148	0.00227	0.05148	0.00404	0.00368
7	0.01043	0.00872	0.07752	0.04657	0.16405	0.00778	0.00806	0.11918	0.05220	0.11620	0.26758	0.05439	0.03592	0.00647	0.00460	0.00136	0.00379	0.00562	0.00384	0.00575

[dist]
# distance from previous block
# <min> <max>
1	3

[block]
# block no. 11 follows, 61 sequences, length 14
# corresponding to MSA columns:
# 520-533
name=unknown_L
#
# <colnr> <probs for GDERKNQSTAVLIFYWHMCP>
#	G	D	E	R	K	N	Q	S	T	A	V	L	I	F	Y	W	H	M	C	P
0	0.01013	0.02903	0.16866	0.03529	0.01408	0.02079	0.12207	0.08829	0.02656	0.06070	0.01028	0.08767	0.00896	0.00732	0.04611	0.00177	0.20538	0.00470	0.04676	0.00546
1	0.00761	0.00607	0.00742	0.00757	0.03682	0.00663	0.00539	0.01150	0.21640	0.01277	0.06950	0.11492	0.05522	0.20901	0.09646	0.00276	0.04701	0.07902	0.00346	0.00445
2	0.00667	0.00616	0.05307	0.02457	0.02788	0.00566	0.00561	0.00935	0.10331	0.01314	0.16881	0.36723	0.09031	0.03238	0.02246	0.00175	0.04486	0.00868	0.00379	0.00432
3	0.00876	0.02887	0.00826	0.00740	0.00910	0.15212	0.02943	0.01241	0.18999	0.01305	0.06934	0.13827	0.25288	0.03659	0.00530	0.00152	0.00380	0.02456	0.00366	0.00468
4	0.03740	0.05182	0.23511	0.02982	0.05485	0.00843	0.05350	0.01276	0.00923	0.07490	0.00866	0.01057	0.00682	0.00409	0.00408	0.00109	0.03025	0.02322	0.00249	0.34090
5	0.01358	0.01328	0.25105	0.01053	0.05155	0.04928	0.03347	0.10607	0.04024	0.27739	0.01135	0.01135	0.00783	0.00457	0.00413	0.00126	0.00490	0.00369	0.00345	0.10104
6	0.00907	0.00906	0.01590	0.48562	0.13015	0.02643	0.18528	0.01226	0.03466	0.01223	0.00870	0.03566	0.00695	0.00442	0.00450	0.00142	0.00587	0.00436	0.00215	0.00531
7	0.06267	0.02917	0.14312	0.00925	0.05420	0.01831	0.00799	0.10016	0.11674	0.04636	0.04016	0.02095	0.02507	0.01864	0.00463	0.00123	0.04314	0.00380	0.02271	0.23172
8	0.06318	0.00760	0.00971	0.00740	0.01079	0.00664	0.00608	0.04489	0.01171	0.60849	0.01450	0.01307	0.00946	0.00487	0.00404	0.00121	0.00360	0.00389	0.00465	0.16424
9	0.01003	0.05128	0.07544	0.14015	0.21086	0.00957	0.11965	0.05141	0.06065	0.05343	0.03509	0.02540	0.04609	0.00568	0.01936	0.00148	0.01817	0.03867	0.02178	0.00579
10	0.00652	0.00485	0.00652	0.00700	0.04373	0.00522	0.00466	0.00802	0.04922	0.01014	0.01395	0.12448	0.01467	0.31731	0.35936	0.00476	0.00707	0.00614	0.00273	0.00365
11	0.23010	0.05694	0.18546	0.05193	0.09967	0.03893	0.06315	0.04795	0.03346	0.09879	0.02926	0.02980	0.00775	0.00457	0.00385	0.00133	0.00482	0.00366	0.00278	0.00581
12	0.02266	0.15700	0.20976	0.03169	0.11131	0.06000	0.05641	0.04464	0.05299	0.04257	0.01905	0.02505	0.00789	0.00451	0.00393	0.00121	0.00509	0.02770	0.00251	0.11403
13	0.00532	0.00381	0.00498	0.00586	0.00615	0.00356	0.00390	0.00608	0.00830	0.01106	0.04746	0.75140	0.05257	0.05963	0.00638	0.00186	0.00257	0.01168	0.00394	0.00347

[dist]
# distance from previous block
# <min> <max>
4	11

[block]
# block no. 12 follows, 61 sequences, length 10
# corresponding to MSA columns:
# 545-554
name=unknown_M
#
# <colnr> <probs for GDERKNQSTAVLIFYWHMCP>
#	G	D	E	R	K	N	Q	S	T	A	V	L	I	F	Y	W	H	M	C	P
0	0.01445	0.03773	0.01316	0.01052	0.04046	0.01189	0.03162	0.36668	0.05272	0.16256	0.01050	0.01110	0.00770	0.00565	0.00660	0.00144	0.20099	0.00396	0.00371	0.00657
1	0.00983	0.04626	0.09515	0.00790	0.01179	0.02245	0.03941	0.05597	0.03754	0.03573	0.00881	0.03345	0.00727	0.00390	0.00355	0.00088	0.00392	0.00319	0.00270	0.57028
2	0.03521	0.10541	0.43175	0.01154	0.04792	0.11682	0.04437	0.01410	0.02624	0.04925	0.02646	0.01113	0.00745	0.00516	0.02331	0.00143	0.00603	0.02823	0.00228	0.00591
3	0.00667	0.00434	0.00547	0.00569	0.00663	0.00390	0.00407	0.00783	0.00975	0.08648	0.18744	0.43513	0.19791	0.01126	0.00522	0.00157	0.00244	0.00996	0.00427	0.00399
4	0.00835	0.00632	0.02237	0.05231	0.13402	0.00623	0.02264	0.02921	0.02789	0.07509	0.06638	0.16316	0.06633	0.03753	0.17168	0.05358	0.00531	0.02795	0.01904	0.00465
5	0.01159	0.16081	0.12468	0.03303	0.04712	0.11982	0.14347	0.07599	0.06471	0.05983	0.00924	0.01091	0.00730	0.02310	0.06352	0.00170	0.00608	0.00372	0.00259	0.03081
6	0.11982	0.00758	0.00945	0.00741	0.01053	0.00704	0.00609	0.07243	0.01220	0.62353	0.04511	0.01485	0.03339	0.00544	0.00418	0.00133	0.00360	0.00432	0.00489	0.00679
7	0.00546	0.00394	0.00497	0.00565	0.00606	0.00368	0.00380	0.00624	0.00837	0.01102	0.05999	0.57658	0.11788	0.13300	0.00781	0.00205	0.00273	0.03350	0.00383	0.00343
8	0.08386	0.09188	0.27041	0.01052	0.08997	0.00921	0.00961	0.01248	0.06046	0.04592	0.02908	0.08555	0.00980	0.03157	0.05371	0.03268	0.03862	0.00436	0.00257	0.02776
9	0.01019	0.04408	0.03688	0.01200	0.10286	0.10242	0.05785	0.01212	0.03896	0.04606	0.01177	0.03969	0.08704	0.00768	0.04314	0.00178	0.33329	0.00456	0.00250	0.00514

[dist]
# distance from previous block
# <min> <max>
1	9

[block]
# block no. 13 follows, 61 sequences, length 14
# corresponding to MSA columns:
# 565-578
name=unknown_N
#
# <colnr> <probs for GDERKNQSTAVLIFYWHMCP>
#	G	D	E	R	K	N	Q	S	T	A	V	L	I	F	Y	W	H	M	C	P
0	0.26560	0.08647	0.04697	0.17959	0.08557	0.04538	0.08563	0.03212	0.06798	0.01492	0.00821	0.01055	0.00658	0.00444	0.00401	0.00135	0.02517	0.02164	0.00247	0.00536
1	0.00582	0.00399	0.00483	0.00526	0.00537	0.00388	0.00321	0.00615	0.00713	0.00950	0.01800	0.38405	0.02124	0.48513	0.01478	0.00312	0.00345	0.00887	0.00321	0.00300
2	0.00615	0.00462	0.00692	0.00692	0.00769	0.00538	0.00538	0.00769	0.00692	0.01000	0.01154	0.01692	0.01077	0.03231	0.83154	0.00692	0.01154	0.00462	0.00231	0.00385
3	0.01325	0.01017	0.01078	0.00881	0.01154	0.02760	0.00707	0.51129	0.13190	0.02242	0.04673	0.09297	0.07287	0.00661	0.00451	0.00137	0.00410	0.00533	0.00424	0.00644
4	0.00942	0.00942	0.01319	0.01131	0.01131	0.01319	0.00942	0.01037	0.00660	0.01037	0.00565	0.00942	0.00565	0.00754	0.01414	0.00188	0.84073	0.00377	0.00188	0.00471
5	0.01017	0.01162	0.02542	0.01816	0.02251	0.01089	0.80610	0.01380	0.01017	0.01380	0.00871	0.01162	0.00654	0.00363	0.00508	0.00145	0.00726	0.00508	0.00218	0.00581
6	0.01731	0.00767	0.00989	0.00778	0.01087	0.00713	0.00636	0.07751	0.09424	0.62848	0.07257	0.01571	0.01276	0.00561	0.00439	0.00134	0.00360	0.00459	0.00512	0.00705
7	0.02574	0.22320	0.28204	0.01125	0.04810	0.02717	0.11355	0.01348	0.02520	0.06678	0.02386	0.03003	0.02270	0.00492	0.00427	0.00131	0.02407	0.04408	0.00244	0.00581
8	0.01915	0.00761	0.01017	0.00780	0.01114	0.00674	0.00644	0.06729	0.01280	0.77777	0.01660	0.01441	0.01047	0.00532	0.00433	0.00133	0.00373	0.00431	0.00527	0.00733
9	0.00527	0.00401	0.00486	0.00549	0.00619	0.00360	0.00384	0.00620	0.00892	0.01143	0.05087	0.53237	0.29390	0.01246	0.00536	0.00165	0.00242	0.03357	0.00402	0.00357
10	0.01405	0.05920	0.11249	0.03609	0.08916	0.51449	0.00970	0.06170	0.04110	0.01247	0.00753	0.00871	0.00604	0.00439	0.00394	0.00118	0.00680	0.00307	0.00233	0.00555
11	0.01570	0.03073	0.08124	0.02506	0.01214	0.02992	0.00764	0.09503	0.08899	0.46189	0.03315	0.01360	0.01020	0.00538	0.00482	0.00136	0.05232	0.00418	0.01990	0.00675
12	0.00522	0.00419	0.00467	0.00494	0.00600	0.00363	0.00355	0.00629	0.00955	0.01193	0.10362	0.27871	0.51958	0.01150	0.00521	0.00153	0.00226	0.00991	0.00406	0.00363
13	0.00919	0.02419	0.02890	0.00949	0.01027	0.08374	0.00778	0.03529	0.03162	0.01188	0.03453	0.16786	0.01287	0.00842	0.00935	0.00170	0.41012	0.07168	0.02650	0.00461

[dist]
# distance from previous block
# <min> <max>
0	4

[block]
# block no. 14 follows, 61 sequences, length 29
# corresponding to MSA columns:
# 583-611
name=unknown_O
#
# <colnr> <probs for GDERKNQSTAVLIFYWHMCP>
#	G	D	E	R	K	N	Q	S	T	A	V	L	I	F	Y	W	H	M	C	P
0	0.01267	0.06300	0.09859	0.07551	0.10567	0.18564	0.05409	0.09117	0.03113	0.11022	0.00955	0.01117	0.01662	0.02784	0.01693	0.00147	0.07641	0.00374	0.00275	0.00583
1	0.56648	0.03279	0.04308	0.01098	0.18172	0.03131	0.02980	0.03433	0.00852	0.01756	0.00672	0.00810	0.00532	0.00399	0.00321	0.00131	0.00413	0.00282	0.00252	0.00533
2	0.01144	0.04325	0.26776	0.03805	0.25963	0.07727	0.03455	0.11667	0.03119	0.04434	0.00858	0.01007	0.00654	0.00434	0.00443	0.00131	0.02809	0.00358	0.00247	0.00643
