[name]
unknown

[dist]
# distance from previous block
# <min> <max>
0	90

[block]
# block no. 0 follows, 70 sequences, length 28
# corresponding to MSA columns:
# 103-130
name=unknown_A
#
# <colnr> <probs for GDERKNQSTAVLIFYWHMCP>
#	G	D	E	R	K	N	Q	S	T	A	V	L	I	F	Y	W	H	M	C	P
0	0.01891	0.00678	0.04216	0.18820	0.05694	0.02318	0.07876	0.03933	0.02085	0.03873	0.03776	0.16869	0.09342	0.00700	0.02970	0.00143	0.01543	0.01447	0.10033	0.01792
1	0.03854	0.04250	0.01015	0.02421	0.04376	0.04369	0.00666	0.23472	0.40794	0.04469	0.02303	0.01251	0.02823	0.00491	0.00380	0.00122	0.00365	0.00393	0.00359	0.01828
2	0.00804	0.00689	0.00804	0.00574	0.00919	0.00517	0.00459	0.00976	0.00804	0.01263	0.00689	0.00804	0.00574	0.00287	0.00287	0.00057	0.00287	0.00230	0.00230	0.88745
3	0.00492	0.00360	0.00460	0.00527	0.00570	0.00335	0.00360	0.02031	0.00794	0.01049	0.06123	0.71584	0.11571	0.01156	0.00487	0.00152	0.00223	0.01038	0.00364	0.00325
4	0.00918	0.04864	0.33517	0.04779	0.08297	0.03462	0.24158	0.05444	0.00916	0.04455	0.00829	0.05089	0.00658	0.00406	0.00398	0.00124	0.00548	0.00385	0.00210	0.00545
5	0.00879	0.01246	0.34571	0.11169	0.08049	0.02336	0.11038	0.01175	0.00851	0.10361	0.00989	0.11366	0.00846	0.02859	0.00445	0.00134	0.00495	0.00437	0.00232	0.00520
6	0.00554	0.00415	0.00623	0.00623	0.00692	0.00485	0.00485	0.00692	0.00623	0.00900	0.01038	0.01523	0.00969	0.02908	0.84839	0.00623	0.01038	0.00415	0.00208	0.00346
7	0.01155	0.40957	0.10109	0.00900	0.03065	0.25133	0.04700	0.04103	0.02153	0.03549	0.00647	0.00736	0.00534	0.00367	0.00314	0.00098	0.00521	0.00256	0.00198	0.00508
8	0.03257	0.02492	0.15962	0.30886	0.07555	0.00845	0.07281	0.04393	0.01698	0.03549	0.00866	0.04802	0.01584	0.02762	0.06649	0.00171	0.04171	0.00388	0.00210	0.00477
9	0.00631	0.04536	0.00880	0.17390	0.10596	0.00583	0.04277	0.00773	0.00781	0.01036	0.01555	0.48589	0.01743	0.00867	0.00450	0.00143	0.00342	0.04148	0.00288	0.00391
10	0.00542	0.00396	0.00508	0.00480	0.00575	0.00363	0.00360	0.00718	0.01081	0.01515	0.77451	0.02962	0.09985	0.00808	0.00457	0.00123	0.00184	0.00710	0.00421	0.00363
11	0.03970	0.04087	0.10992	0.04125	0.33198	0.07121	0.09129	0.07838	0.00974	0.09561	0.01944	0.02284	0.00683	0.00400	0.00397	0.00118	0.02015	0.00354	0.00239	0.00569
12	0.00893	0.05029	0.09330	0.02953	0.12021	0.03282	0.05607	0.05676	0.05469	0.10580	0.03502	0.16150	0.13242	0.00656	0.00429	0.00129	0.01588	0.02672	0.00305	0.00489
13	0.63564	0.02430	0.02153	0.03764	0.06146	0.11461	0.00568	0.01184	0.00736	0.01535	0.00566	0.00684	0.00451	0.00375	0.00303	0.00118	0.03064	0.00234	0.00225	0.00440
14	0.00839	0.02180	0.01345	0.28747	0.38994	0.00858	0.05858	0.01114	0.05003	0.01181	0.03917	0.06551	0.00846	0.00439	0.00398	0.00124	0.00456	0.00416	0.00215	0.00519
15	0.00471	0.00344	0.00443	0.00521	0.00557	0.00316	0.00352	0.00542	0.00760	0.00997	0.02365	0.75634	0.12905	0.01185	0.00490	0.00154	0.00221	0.01066	0.00360	0.00316
16	0.00873	0.00867	0.01192	0.55313	0.12941	0.10874	0.02073	0.04133	0.02258	0.01113	0.04177	0.01065	0.00676	0.00405	0.00387	0.00123	0.00512	0.00351	0.00201	0.00467
17	0.01089	0.69321	0.04352	0.00730	0.01047	0.10373	0.00703	0.05004	0.00866	0.00997	0.00568	0.00655	0.00505	0.00353	0.00290	0.00089	0.02151	0.00223	0.00180	0.00501
18	0.01036	0.86609	0.02032	0.00663	0.00995	0.01534	0.00663	0.01161	0.00788	0.00912	0.00539	0.00622	0.00498	0.00332	0.00249	0.00083	0.00415	0.00207	0.00166	0.00498
19	0.02084	0.03558	0.10698	0.00778	0.03388	0.00699	0.04965	0.06307	0.04477	0.04943	0.00780	0.00873	0.00611	0.00333	0.00322	0.00082	0.00360	0.00274	0.00245	0.54223
20	0.00584	0.00445	0.00636	0.00626	0.00673	0.00522	0.00474	0.00680	0.00617	0.00881	0.01078	0.08341	0.01091	0.12865	0.55353	0.04621	0.09488	0.00477	0.00218	0.00329
21	0.00915	0.01046	0.02288	0.01634	0.02026	0.00980	0.82549	0.01242	0.00915	0.01242	0.00784	0.01046	0.00588	0.00327	0.00458	0.00131	0.00654	0.00458	0.00196	0.00523
22	0.00733	0.00685	0.01148	0.73656	0.04316	0.00841	0.02346	0.00981	0.00792	0.01028	0.04195	0.01205	0.00703	0.00432	0.00422	0.00131	0.02969	0.02799	0.00189	0.00431
23	0.26107	0.00925	0.03269	0.07053	0.31338	0.03719	0.02757	0.11411	0.03825	0.04999	0.00757	0.00889	0.00585	0.00381	0.00344	0.00118	0.00419	0.00310	0.00247	0.00545
24	0.00485	0.00395	0.00429	0.00423	0.00543	0.00339	0.00319	0.00606	0.00938	0.01178	0.24097	0.03533	0.61824	0.00936	0.00460	0.00130	0.00196	0.02454	0.00377	0.00338
25	0.00466	0.00382	0.00410	0.00426	0.00534	0.00327	0.00311	0.00562	0.00868	0.01063	0.07717	0.19462	0.64098	0.01017	0.00465	0.00136	0.00201	0.00866	0.00363	0.00327
26	0.08832	0.02132	0.04915	0.02530	0.14904	0.04924	0.04583	0.21434	0.16395	0.09685	0.01057	0.05119	0.00826	0.00468	0.00379	0.00122	0.00411	0.00388	0.00316	0.00580
27	0.01382	0.05054	0.03737	0.00894	0.01182	0.16006	0.00743	0.57380	0.03450	0.02001	0.00889	0.02666	0.00675	0.00496	0.01568	0.00120	0.00481	0.00342	0.00335	0.00600

[dist]
# distance from previous block
# <min> <max>
0	1

[block]
# block no. 1 follows, 70 sequences, length 21
# corresponding to MSA columns:
# 132-152
name=unknown_B
#
# <colnr> <probs for GDERKNQSTAVLIFYWHMCP>
#	G	D	E	R	K	N	Q	S	T	A	V	L	I	F	Y	W	H	M	C	P
0	0.00496	0.00355	0.00476	0.00562	0.00596	0.00335	0.00397	0.00583	0.00776	0.01034	0.05117	0.71784	0.02558	0.01179	0.00499	0.00159	0.00242	0.12167	0.00362	0.00323
1	0.21278	0.02958	0.18760	0.00847	0.01175	0.03311	0.04214	0.28287	0.01149	0.04898	0.02855	0.02231	0.00759	0.00464	0.00361	0.00122	0.00429	0.05071	0.00290	0.00542
2	0.10070	0.10323	0.04654	0.00948	0.07891	0.03600	0.05658	0.22984	0.06064	0.03783	0.03458	0.02127	0.06070	0.01729	0.01807	0.00132	0.07512	0.00378	0.00284	0.00528
3	0.00482	0.00347	0.00454	0.00533	0.00566	0.00324	0.00363	0.00557	0.00761	0.01009	0.04510	0.73635	0.07313	0.03470	0.00533	0.00162	0.00231	0.04075	0.00358	0.00316
4	0.00749	0.00701	0.00991	0.00879	0.00900	0.00947	0.00718	0.00848	0.00602	0.00918	0.00693	0.01105	0.00677	0.03773	0.27211	0.00316	0.57026	0.00369	0.00183	0.00395
5	0.06179	0.15771	0.23671	0.01044	0.09468	0.02791	0.05071	0.08301	0.09090	0.11397	0.00869	0.00930	0.00645	0.00404	0.00377	0.00116	0.02736	0.00317	0.00254	0.00568
6	0.02855	0.05760	0.06402	0.02598	0.13704	0.05802	0.10537	0.27008	0.03397	0.06956	0.04013	0.02083	0.00813	0.00458	0.00423	0.00121	0.03670	0.02542	0.00291	0.00568
7	0.00471	0.00342	0.00445	0.00528	0.00559	0.00316	0.00354	0.00541	0.00754	0.00994	0.02286	0.79268	0.09322	0.01195	0.00492	0.00155	0.00223	0.01078	0.00360	0.00316
8	0.00852	0.00893	0.14055	0.04259	0.07909	0.05004	0.04185	0.06298	0.06814	0.06486	0.18219	0.10120	0.04399	0.00611	0.00411	0.00125	0.00371	0.03002	0.05508	0.00480
9	0.03028	0.09748	0.06225	0.04550	0.14047	0.24145	0.04802	0.08327	0.05722	0.10609	0.00877	0.00965	0.01727	0.00485	0.02979	0.00127	0.00525	0.00323	0.00254	0.00535
10	0.00554	0.00415	0.00623	0.00623	0.00692	0.00485	0.00485	0.00692	0.00623	0.00900	0.01038	0.01523	0.00969	0.02908	0.84839	0.00623	0.01038	0.00415	0.00208	0.00346
11	0.00957	0.03366	0.08056	0.07025	0.20309	0.11786	0.10718	0.03945	0.11727	0.01240	0.02909	0.01211	0.02701	0.00510	0.02136	0.00135	0.07410	0.03099	0.00236	0.00522
12	0.00843	0.00702	0.00826	0.02501	0.00969	0.00549	0.00485	0.03747	0.00844	0.02946	0.00714	0.00824	0.00583	0.00299	0.00295	0.00062	0.00298	0.00239	0.00239	0.82036
13	0.00833	0.02122	0.02131	0.00715	0.04531	0.00578	0.04756	0.01015	0.00814	0.02886	0.00721	0.00867	0.00599	0.02093	0.00338	0.00073	0.00322	0.00257	0.00229	0.74118
14	0.00915	0.02377	0.06538	0.02841	0.22954	0.04275	0.06116	0.04752	0.04458	0.04381	0.06897	0.02499	0.02753	0.01634	0.00415	0.00110	0.02325	0.01636	0.00253	0.21871
15	0.00656	0.00433	0.00543	0.00507	0.00623	0.00397	0.00382	0.03319	0.01047	0.08519	0.52147	0.11774	0.16502	0.00832	0.00454	0.00127	0.00210	0.00726	0.00412	0.00388
16	0.02459	0.06121	0.28941	0.09637	0.11411	0.01782	0.03739	0.08673	0.03099	0.06067	0.04306	0.01038	0.02097	0.00404	0.00367	0.00114	0.00461	0.00335	0.00236	0.08713
17	0.00865	0.08948	0.12489	0.07657	0.05906	0.04438	0.00736	0.04293	0.17541	0.04153	0.03242	0.05396	0.12565	0.00608	0.02406	0.00131	0.00397	0.01843	0.00285	0.06102
18	0.00903	0.02742	0.00865	0.00629	0.00930	0.00599	0.01801	0.05856	0.00897	0.08471	0.03480	0.02747	0.03900	0.00403	0.00357	0.00081	0.03178	0.01822	0.00272	0.60066
19	0.01181	0.12192	0.01282	0.06684	0.06606	0.12964	0.05275	0.27228	0.10933	0.03789	0.02886	0.03168	0.00785	0.00458	0.00398	0.00116	0.02847	0.00361	0.00292	0.00555
20	0.03248	0.00583	0.04193	0.00556	0.00756	0.00479	0.00457	0.03434	0.02164	0.11165	0.13256	0.07648	0.26088	0.00776	0.02380	0.03005	0.00285	0.02683	0.00340	0.16506

[dist]
# distance from previous block
# <min> <max>
8	47

[block]
# block no. 2 follows, 70 sequences, length 34
# corresponding to MSA columns:
# 202-235
name=unknown_C
#
# <colnr> <probs for GDERKNQSTAVLIFYWHMCP>
#	G	D	E	R	K	N	Q	S	T	A	V	L	I	F	Y	W	H	M	C	P
0	0.00862	0.08591	0.12074	0.01952	0.07040	0.07341	0.07747	0.05811	0.04864	0.02410	0.04410	0.08964	0.04279	0.01880	0.12334	0.00196	0.06200	0.00445	0.00246	0.02354
1	0.05605	0.20429	0.04434	0.01789	0.00989	0.02340	0.03221	0.17053	0.04553	0.04857	0.05427	0.01422	0.12644	0.00718	0.07817	0.00154	0.00428	0.00398	0.00286	0.05439
2	0.11873	0.06768	0.04184	0.00799	0.03345	0.04804	0.04862	0.08668	0.19105	0.03436	0.06179	0.03304	0.00974	0.01569	0.05564	0.01833	0.01818	0.00375	0.00289	0.10253
3	0.02488	0.16924	0.26777	0.00885	0.01235	0.07991	0.03513	0.12080	0.02362	0.05976	0.02732	0.02136	0.01756	0.00589	0.06000	0.00146	0.02875	0.00326	0.00237	0.02971
4	0.16675	0.08696	0.03992	0.09061	0.07419	0.19117	0.00720	0.09016	0.03841	0.04117	0.00842	0.00956	0.03770	0.01505	0.00381	0.00114	0.02868	0.00304	0.00241	0.06365
5	0.08491	0.00703	0.07576	0.00645	0.01916	0.04868	0.04752	0.00906	0.05381	0.02325	0.22592	0.07681	0.27948	0.00730	0.00420	0.00126	0.00297	0.00620	0.00332	0.01691
6	0.00772	0.00625	0.00736	0.00556	0.00847	0.00485	0.00443	0.00941	0.00850	0.03286	0.09854	0.01325	0.05736	0.00412	0.00324	0.00074	0.00271	0.02620	0.02389	0.67452
7	0.00940	0.00944	0.01454	0.12683	0.52347	0.07421	0.06139	0.01156	0.00868	0.01182	0.02124	0.02452	0.00668	0.00398	0.00448	0.00120	0.06279	0.00362	0.00196	0.01816
8	0.89114	0.00750	0.00570	0.00510	0.00750	0.00870	0.00420	0.01140	0.00660	0.01739	0.00540	0.00630	0.00420	0.00360	0.00240	0.00120	0.00300	0.00210	0.00240	0.00420
9	0.00464	0.00388	0.00403	0.00410	0.00530	0.00328	0.00303	0.00563	0.00881	0.01066	0.07502	0.10764	0.73083	0.00993	0.00461	0.00133	0.00198	0.00837	0.00363	0.00328
10	0.00554	0.00415	0.00623	0.00623	0.00692	0.00485	0.00485	0.00692	0.00623	0.00900	0.01038	0.01523	0.00969	0.02908	0.84839	0.00623	0.01038	0.00415	0.00208	0.00346
11	0.00482	0.00345	0.00461	0.00551	0.00578	0.00324	0.00378	0.00557	0.00752	0.01001	0.02131	0.80681	0.02542	0.01205	0.00498	0.00159	0.00234	0.06443	0.00360	0.00318
12	0.00570	0.00404	0.00603	0.00603	0.00661	0.00462	0.00459	0.00664	0.00606	0.00866	0.00993	0.01499	0.00939	0.04507	0.71811	0.12493	0.00929	0.00408	0.00203	0.00320
13	0.89114	0.00750	0.00570	0.00510	0.00750	0.00870	0.00420	0.01140	0.00660	0.01739	0.00540	0.00630	0.00420	0.00360	0.00240	0.00120	0.00300	0.00210	0.00240	0.00420
14	0.01019	0.80978	0.07511	0.00693	0.01040	0.01492	0.00715	0.01165	0.00790	0.00933	0.00549	0.00635	0.00497	0.00334	0.00257	0.00086	0.00425	0.00213	0.00166	0.00503
15	0.00549	0.00396	0.00518	0.00488	0.00579	0.00366	0.00366	0.00732	0.01097	0.01555	0.83752	0.02896	0.03658	0.00793	0.00457	0.00122	0.00183	0.00701	0.00427	0.00366
16	0.89114	0.00750	0.00570	0.00510	0.00750	0.00870	0.00420	0.01140	0.00660	0.01739	0.00540	0.00630	0.00420	0.00360	0.00240	0.00120	0.00300	0.00210	0.00240	0.00420
17	0.00773	0.00410	0.00415	0.00397	0.00502	0.00417	0.00302	0.06345	0.00880	0.01512	0.01242	0.01411	0.00971	0.00453	0.00279	0.00092	0.00197	0.00361	0.82661	0.00381
18	0.89114	0.00750	0.00570	0.00510	0.00750	0.00870	0.00420	0.01140	0.00660	0.01739	0.00540	0.00630	0.00420	0.00360	0.00240	0.00120	0.00300	0.00210	0.00240	0.00420
19	0.00960	0.00921	0.01574	0.02380	0.83957	0.00921	0.01190	0.01190	0.00883	0.01267	0.00729	0.00960	0.00614	0.00345	0.00384	0.00115	0.00461	0.00345	0.00192	0.00614
20	0.01002	0.00852	0.00898	0.00797	0.01023	0.00982	0.00623	0.08099	0.77156	0.01683	0.01529	0.01408	0.01144	0.00521	0.00394	0.00130	0.00316	0.00432	0.00394	0.00617
21	0.00620	0.00441	0.00610	0.00692	0.00775	0.00441	0.00596	0.00785	0.00868	0.01130	0.01990	0.04235	0.02170	0.07462	0.00643	0.00193	0.00358	0.75295	0.00348	0.00348
22	0.00472	0.00337	0.00450	0.00540	0.00562	0.00315	0.00360	0.00540	0.00742	0.00990	0.02137	0.86122	0.02564	0.01215	0.00495	0.00157	0.00225	0.01102	0.00360	0.00315
23	0.00613	0.00438	0.00612	0.00701	0.00785	0.00436	0.00605	0.00783	0.00881	0.01147	0.02059	0.10498	0.02256	0.01082	0.00532	0.00177	0.00347	0.75336	0.00357	0.00354
24	0.01024	0.82668	0.05866	0.00684	0.01027	0.01504	0.00699	0.01164	0.00789	0.00927	0.00546	0.00631	0.00497	0.00333	0.00254	0.00085	0.00422	0.00211	0.00166	0.00501
25	0.00488	0.00348	0.00468	0.00557	0.00587	0.00328	0.00387	0.00567	0.00757	0.01007	0.02128	0.77827	0.02530	0.01200	0.00499	0.00160	0.00238	0.09245	0.00360	0.00319
26	0.00564	0.00376	0.00423	0.00423	0.00423	0.00376	0.00235	0.00564	0.00564	0.00752	0.01222	0.02537	0.01409	0.86375	0.01973	0.00376	0.00376	0.00564	0.00235	0.00235
27	0.00554	0.00414	0.00618	0.00618	0.00685	0.00482	0.00478	0.00689	0.00622	0.00896	0.01043	0.01549	0.00980	0.05041	0.82721	0.00617	0.01021	0.00419	0.00208	0.00343
28	0.01174	0.18296	0.03638	0.06475	0.01239	0.02246	0.05759	0.36075	0.05495	0.05912	0.03310	0.06856	0.00864	0.00486	0.00373	0.00115	0.00420	0.00392	0.00312	0.00563
29	0.00938	0.00777	0.00819	0.00738	0.00943	0.00890	0.00574	0.03476	0.70918	0.01618	0.03642	0.01473	0.01217	0.00524	0.00383	0.00127	0.00293	0.00435	0.09633	0.00582
30	0.00503	0.00393	0.00455	0.00443	0.00552	0.00346	0.00331	0.00641	0.00984	0.01293	0.42768	0.05439	0.42673	0.00896	0.00459	0.00127	0.00191	0.00768	0.00393	0.00346
31	0.00820	0.00699	0.00813	0.00582	0.00926	0.00534	0.00466	0.02977	0.00829	0.01292	0.00695	0.00807	0.00576	0.00291	0.00290	0.00059	0.00291	0.00233	0.00234	0.86587
32	0.04905	0.00956	0.05558	0.03704	0.11755	0.03922	0.02732	0.26644	0.03076	0.12866	0.00965	0.02254	0.01882	0.00421	0.00365	0.00108	0.00404	0.00342	0.00309	0.16832
33	0.00924	0.00893	0.01181	0.01003	0.01047	0.04283	0.02170	0.06176	0.02208	0.02482	0.00589	0.00881	0.00547	0.00680	0.02536	0.00169	0.71246	0.00342	0.00195	0.00448

[dist]
# distance from previous block
# <min> <max>
0	1

[block]
# block no. 3 follows, 70 sequences, length 25
# corresponding to MSA columns:
# 237-261
name=unknown_D
#
# <colnr> <probs for GDERKNQSTAVLIFYWHMCP>
#	G	D	E	R	K	N	Q	S	T	A	V	L	I	F	Y	W	H	M	C	P
0	0.00472	0.00340	0.00447	0.00534	0.00561	0.00315	0.00357	0.00541	0.00748	0.00992	0.02213	0.82605	0.06032	0.01205	0.00493	0.00156	0.00224	0.01090	0.00360	0.00315
1	0.01142	0.00913	0.00973	0.00814	0.02322	0.03201	0.00639	0.27394	0.37991	0.04836	0.01192	0.01150	0.00886	0.00461	0.00374	0.00114	0.00355	0.00369	0.00361	0.14512
2	0.00950	0.00911	0.01556	0.05957	0.80456	0.00919	0.01185	0.01181	0.00878	0.01255	0.00727	0.00963	0.00610	0.00347	0.00384	0.00116	0.00463	0.00345	0.00191	0.00606
3	0.00907	0.04693	0.01450	0.27227	0.48007	0.03251	0.03444	0.02317	0.00867	0.01173	0.00740	0.01039	0.00613	0.00377	0.00384	0.00119	0.00485	0.02176	0.00192	0.00541
4	0.00732	0.00689	0.01163	0.85444	0.02670	0.00861	0.01077	0.00991	0.00775	0.00991	0.00689	0.01034	0.00517	0.00388	0.00388	0.00129	0.00517	0.00345	0.00172	0.00431
5	0.00553	0.00395	0.00471	0.00492	0.00585	0.00354	0.00364	0.00657	0.00863	0.04793	0.11861	0.25594	0.36191	0.05817	0.00558	0.00155	0.00236	0.09355	0.00365	0.00341
6	0.00848	0.00848	0.01187	0.01018	0.01018	0.01187	0.00848	0.00933	0.00594	0.00933	0.00509	0.00848	0.00509	0.00679	0.01272	0.00170	0.85666	0.00339	0.00170	0.00424
7	0.00561	0.00375	0.00424	0.00426	0.00427	0.00374	0.00239	0.00563	0.00569	0.00759	0.01249	0.05006	0.01444	0.83859	0.01930	0.00369	0.00371	0.00580	0.00239	0.00237
8	0.00848	0.00848	0.01187	0.01018	0.01018	0.01187	0.00848	0.00933	0.00594	0.00933	0.00509	0.00848	0.00509	0.00679	0.01272	0.00170	0.85666	0.00339	0.00170	0.00424
9	0.03007	0.01057	0.02050	0.01482	0.01852	0.04710	0.67394	0.06663	0.00987	0.05624	0.00819	0.01028	0.00604	0.00348	0.00440	0.00128	0.00616	0.00432	0.00225	0.00533
10	0.00564	0.00376	0.00423	0.00423	0.00423	0.00376	0.00235	0.00564	0.00564	0.00752	0.01222	0.02537	0.01409	0.86375	0.01973	0.00376	0.00376	0.00564	0.00235	0.00235
11	0.00620	0.00445	0.00618	0.00704	0.00795	0.00443	0.00615	0.00796	0.00892	0.01157	0.02109	0.04354	0.04666	0.01068	0.00533	0.00177	0.00352	0.78944	0.00357	0.00356
12	0.00915	0.01046	0.02288	0.01634	0.02026	0.00980	0.82549	0.01242	0.00915	0.01242	0.00784	0.01046	0.00588	0.00327	0.00458	0.00131	0.00654	0.00458	0.00196	0.00523
13	0.03032	0.11908	0.04609	0.02470	0.02851	0.19000	0.00665	0.02729	0.03562	0.01014	0.00851	0.04656	0.00791	0.04447	0.26334	0.00282	0.09796	0.00365	0.00212	0.00425
14	0.00518	0.00377	0.00488	0.00500	0.00570	0.00347	0.00360	0.00658	0.00968	0.01339	0.52170	0.30544	0.07828	0.00943	0.00470	0.00134	0.00198	0.00841	0.00401	0.00347
15	0.00848	0.00848	0.01187	0.01018	0.01018	0.01187	0.00848	0.00933	0.00594	0.00933	0.00509	0.00848	0.00509	0.00679	0.01272	0.00170	0.85666	0.00339	0.00170	0.00424
16	0.00926	0.00890	0.01501	0.11747	0.69097	0.00932	0.01154	0.01150	0.00851	0.01213	0.00710	0.00960	0.00596	0.00373	0.00444	0.00120	0.06223	0.00345	0.00188	0.00580
17	0.00732	0.00689	0.01163	0.85444	0.02670	0.00861	0.01077	0.00991	0.00775	0.00991	0.00689	0.01034	0.00517	0.00388	0.00388	0.00129	0.00517	0.00345	0.00172	0.00431
18	0.01300	0.00964	0.01061	0.05379	0.01194	0.03724	0.01859	0.53790	0.07893	0.07458	0.01143	0.01161	0.04510	0.00595	0.04155	0.00141	0.00439	0.00381	0.02255	0.00599
19	0.00832	0.00823	0.01150	0.00989	0.00991	0.01145	0.00820	0.00915	0.00593	0.00926	0.00544	0.00918	0.00549	0.03490	0.03252	0.00187	0.80937	0.00348	0.00173	0.00416
20	0.00886	0.12556	0.38862	0.01266	0.07048	0.00993	0.25640	0.02381	0.00866	0.02839	0.00756	0.02798	0.00587	0.00372	0.00384	0.00120	0.00555	0.00353	0.00189	0.00548
21	0.00470	0.00356	0.00434	0.00493	0.00551	0.00320	0.00340	0.00550	0.00796	0.01023	0.04955	0.58248	0.27804	0.01131	0.00482	0.00148	0.00215	0.01003	0.00362	0.00320
22	0.00744	0.00653	0.00973	0.01251	0.31443	0.00674	0.00731	0.00941	0.03654	0.02491	0.14107	0.05969	0.17813	0.00766	0.04275	0.00153	0.08739	0.03876	0.00285	0.00465
23	0.01843	0.00774	0.05613	0.06380	0.14782	0.02929	0.07723	0.04250	0.05036	0.05685	0.13075	0.07658	0.09195	0.00639	0.00473	0.00133	0.04755	0.08286	0.00299	0.00473
24	0.00832	0.01588	0.54190	0.01305	0.13541	0.00877	0.10932	0.02938	0.00861	0.02640	0.00820	0.06221	0.00662	0.00417	0.00390	0.00125	0.00537	0.00369	0.00194	0.00560

[dist]
# distance from previous block
# <min> <max>
0	24

[block]
# block no. 4 follows, 70 sequences, length 44
# corresponding to MSA columns:
# 286-329
name=unknown_E
#
# <colnr> <probs for GDERKNQSTAVLIFYWHMCP>
#	G	D	E	R	K	N	Q	S	T	A	V	L	I	F	Y	W	H	M	C	P
0	0.34564	0.00889	0.04284	0.02443	0.10533	0.02283	0.00714	0.10461	0.03653	0.01497	0.01705	0.02477	0.00605	0.00479	0.00554	0.00133	0.21694	0.00311	0.00239	0.00481
1	0.01007	0.03460	0.05509	0.08064	0.24290	0.12431	0.07843	0.07808	0.05497	0.02812	0.03126	0.01109	0.01741	0.01503	0.01309	0.00126	0.05048	0.01783	0.00235	0.05297
2	0.01021	0.57296	0.11687	0.00931	0.09082	0.01319	0.04254	0.02756	0.03812	0.03704	0.00663	0.00753	0.00554	0.00351	0.00297	0.00096	0.00442	0.00257	0.00192	0.00531
3	0.00535	0.00534	0.07215	0.00535	0.00656	0.00426	0.00440	0.00667	0.02083	0.01042	0.05734	0.19267	0.37626	0.11507	0.02654	0.00181	0.03005	0.05228	0.00322	0.00344
4	0.08135	0.76045	0.01874	0.00665	0.00984	0.05078	0.00647	0.01176	0.00791	0.00980	0.00542	0.00626	0.00491	0.00337	0.00252	0.00087	0.00418	0.00209	0.00173	0.00489
5	0.00923	0.00660	0.00771	0.00639	0.00859	0.00646	0.00504	0.10607	0.19132	0.10171	0.30185	0.01748	0.01841	0.00558	0.00393	0.00110	0.00275	0.00471	0.00379	0.19128
6	0.00646	0.00442	0.00487	0.00457	0.00606	0.00382	0.00351	0.02713	0.00948	0.11059	0.09990	0.04907	0.62372	0.00900	0.00450	0.00130	0.00220	0.02179	0.00380	0.00378
7	0.00802	0.00795	0.07522	0.00617	0.00980	0.00548	0.00538	0.00996	0.00805	0.01260	0.00690	0.00805	0.00568	0.00294	0.00294	0.00063	0.00310	0.00234	0.00224	0.81657
8	0.00601	0.00454	0.00591	0.00566	0.00649	0.00446	0.04387	0.00717	0.03574	0.03961	0.02161	0.22367	0.23726	0.23920	0.03221	0.00219	0.04003	0.03787	0.00311	0.00337
9	0.00469	0.00351	0.00436	0.00504	0.00553	0.00318	0.00344	0.00544	0.00777	0.01004	0.02574	0.65987	0.22417	0.01158	0.00486	0.00151	0.00218	0.01033	0.00360	0.00318
10	0.05484	0.00689	0.00898	0.00694	0.00991	0.00623	0.00573	0.05984	0.02764	0.74841	0.01457	0.01272	0.00925	0.00475	0.00383	0.00120	0.00333	0.00381	0.00463	0.00648
11	0.01308	0.00712	0.00919	0.07587	0.04312	0.02023	0.00634	0.11906	0.09990	0.38650	0.01232	0.01279	0.00877	0.00699	0.04787	0.10125	0.00403	0.01635	0.00368	0.00555
12	0.00833	0.01888	0.76608	0.01071	0.01615	0.00887	0.01354	0.01297	0.04394	0.05374	0.00775	0.00871	0.00544	0.00381	0.00371	0.00123	0.00549	0.00298	0.00189	0.00579
13	0.00490	0.00512	0.07160	0.00486	0.00629	0.00373	0.00405	0.00611	0.00849	0.01052	0.03259	0.20839	0.58634	0.00983	0.00460	0.00137	0.00235	0.02198	0.00344	0.00345
14	0.01699	0.00725	0.00940	0.00721	0.01022	0.00666	0.00595	0.14196	0.01218	0.71766	0.01438	0.01260	0.00914	0.00478	0.00390	0.00119	0.00345	0.00384	0.00466	0.00660
15	0.00909	0.03268	0.06603	0.16206	0.11818	0.08461	0.28896	0.03284	0.04510	0.01234	0.07481	0.01246	0.00889	0.00422	0.00413	0.00125	0.00531	0.02974	0.00226	0.00503
16	0.01054	0.06675	0.25232	0.03153	0.07244	0.08737	0.11871	0.09685	0.11798	0.08026	0.00948	0.01020	0.01970	0.00411	0.00381	0.00119	0.00501	0.00349	0.00255	0.00567
17	0.03512	0.01931	0.02621	0.00794	0.01070	0.00937	0.00661	0.47864	0.01429	0.21747	0.01072	0.02335	0.00774	0.00704	0.07217	0.03541	0.00446	0.00369	0.00376	0.00601
18	0.00932	0.00909	0.01060	0.36054	0.01742	0.11596	0.02016	0.02694	0.32939	0.01254	0.01022	0.01143	0.00777	0.00454	0.00420	0.00128	0.03715	0.00370	0.00266	0.00509
19	0.00529	0.00393	0.00493	0.00474	0.00569	0.00356	0.00353	0.00691	0.01042	0.01437	0.65574	0.07414	0.17546	0.00848	0.00459	0.00125	0.00187	0.00743	0.00412	0.00356
20	0.00472	0.00337	0.00450	0.00540	0.00562	0.00315	0.00360	0.00540	0.00742	0.00990	0.02137	0.86122	0.02564	0.01215	0.00495	0.00157	0.00225	0.01102	0.00360	0.00315
21	0.00723	0.00361	0.00361	0.00361	0.00452	0.00361	0.00271	0.00903	0.00813	0.01445	0.01265	0.01445	0.00994	0.00452	0.00271	0.00090	0.00181	0.00361	0.88528	0.00361
22	0.00556	0.00373	0.00425	0.00432	0.00434	0.00371	0.00245	0.00562	0.00578	0.00771	0.01295	0.09257	0.01502	0.79529	0.01854	0.00358	0.00364	0.00607	0.00245	0.00241
23	0.01036	0.86609	0.02032	0.00663	0.00995	0.01534	0.00663	0.01161	0.00788	0.00912	0.00539	0.00622	0.00498	0.00332	0.00249	0.00083	0.00415	0.00207	0.00166	0.00498
24	0.00778	0.02005	0.84367	0.01105	0.01678	0.00900	0.01432	0.01228	0.00818	0.01228	0.00696	0.00818	0.00491	0.00368	0.00368	0.00123	0.00573	0.00286	0.00164	0.00573
25	0.00569	0.00382	0.00439	0.00446	0.00453	0.00382	0.00266	0.00583	0.00590	0.00785	0.01288	0.02685	0.01476	0.79517	0.01858	0.00360	0.00374	0.07058	0.00245	0.00245
26	0.00915	0.01046	0.02288	0.01634	0.02026	0.00980	0.82549	0.01242	0.00915	0.01242	0.00784	0.01046	0.00588	0.00327	0.00458	0.00131	0.00654	0.00458	0.00196	0.00523
27	0.00549	0.00396	0.00518	0.00488	0.00579	0.00366	0.00366	0.00732	0.01097	0.01555	0.83752	0.02896	0.03658	0.00793	0.00457	0.00122	0.00183	0.00701	0.00427	0.00366
28	0.00967	0.00818	0.00868	0.00779	0.00997	0.00942	0.00606	0.02022	0.79678	0.03047	0.03737	0.01482	0.01245	0.00532	0.00396	0.00131	0.00304	0.00444	0.00397	0.00608
29	0.01036	0.86609	0.02032	0.00663	0.00995	0.01534	0.00663	0.01161	0.00788	0.00912	0.00539	0.00622	0.00498	0.00332	0.00249	0.00083	0.00415	0.00207	0.00166	0.00498
30	0.00549	0.00396	0.00518	0.00488	0.00579	0.00366	0.00366	0.00732	0.01097	0.01555	0.83752	0.02896	0.03658	0.00793	0.00457	0.00122	0.00183	0.00701	0.00427	0.00366
31	0.01709	0.00653	0.00890	0.00685	0.00979	0.00565	0.00565	0.01860	0.01109	0.82144	0.03600	0.01359	0.01028	0.00488	0.00392	0.00120	0.00326	0.00398	0.00478	0.00652
32	0.01036	0.86609	0.02032	0.00663	0.00995	0.01534	0.00663	0.01161	0.00788	0.00912	0.00539	0.00622	0.00498	0.00332	0.00249	0.00083	0.00415	0.00207	0.00166	0.00498
33	0.01739	0.00660	0.00900	0.00690	0.00990	0.00570	0.00570	0.01889	0.01110	0.84226	0.01529	0.01320	0.00960	0.00480	0.00390	0.00120	0.00330	0.00390	0.00480	0.00660
34	0.00625	0.00446	0.00625	0.00714	0.00803	0.00446	0.00625	0.00803	0.00892	0.01160	0.02053	0.04373	0.02231	0.01071	0.00535	0.00178	0.00357	0.81348	0.00357	0.00357
35	0.00477	0.00368	0.00437	0.00487	0.00560	0.00328	0.00347	0.00566	0.00818	0.01036	0.04754	0.45291	0.36527	0.01100	0.00481	0.00147	0.00219	0.05373	0.00361	0.00324
36	0.00472	0.00337	0.00450	0.00540	0.00562	0.00315	0.00360	0.00540	0.00742	0.00990	0.02137	0.86122	0.02564	0.01215	0.00495	0.00157	0.00225	0.01102	0.00360	0.00315
37	0.00732	0.00689	0.01163	0.85444	0.02670	0.00861	0.01077	0.00991	0.00775	0.00991	0.00689	0.01034	0.00517	0.00388	0.00388	0.00129	0.00517	0.00345	0.00172	0.00431
38	0.00784	0.00707	0.01131	0.74974	0.02455	0.00868	0.01013	0.07538	0.00850	0.01097	0.00731	0.01090	0.00567	0.04108	0.00456	0.00139	0.00503	0.00354	0.00192	0.00441
39	0.00477	0.00345	0.00451	0.00527	0.00561	0.00320	0.00356	0.00555	0.00778	0.01036	0.08401	0.74645	0.07778	0.01168	0.00490	0.00153	0.00220	0.01054	0.00365	0.00320
40	0.00507	0.00371	0.00478	0.00547	0.00600	0.00347	0.00399	0.00602	0.00796	0.01039	0.04610	0.51625	0.14500	0.04638	0.00557	0.00166	0.00252	0.17286	0.00356	0.00323
41	0.00964	0.04406	0.19593	0.00858	0.01147	0.06047	0.00811	0.10188	0.33166	0.02872	0.01279	0.03178	0.01067	0.01603	0.00419	0.00134	0.00414	0.10988	0.00315	0.00552
42	0.08014	0.00617	0.00794	0.05256	0.00968	0.00636	0.04677	0.05698	0.14169	0.16505	0.01657	0.25083	0.05461	0.00777	0.01859	0.00146	0.00334	0.06518	0.00358	0.00475
43	0.00527	0.00375	0.00478	0.00534	0.00587	0.00351	0.00369	0.01835	0.02378	0.02736	0.09202	0.66645	0.10299	0.01118	0.00483	0.00150	0.00225	0.01003	0.00369	0.00338

[dist]
# distance from previous block
# <min> <max>
1	4

[block]
# block no. 5 follows, 70 sequences, length 65
# corresponding to MSA columns:
# 334-389,396-404
name=unknown_F
#
# <colnr> <probs for GDERKNQSTAVLIFYWHMCP>
#	G	D	E	R	K	N	Q	S	T	A	V	L	I	F	Y	W	H	M	C	P
0	0.00951	0.23839	0.21454	0.04372	0.22424	0.02287	0.05043	0.05706	0.00876	0.01193	0.00667	0.00828	0.00542	0.00374	0.00400	0.00112	0.05737	0.00296	0.00188	0.02712
1	0.00694	0.03286	0.00857	0.00752	0.00799	0.02534	0.00599	0.00797	0.00621	0.00897	0.00844	0.01347	0.00828	0.11189	0.41301	0.00405	0.31291	0.00394	0.00196	0.00369
2	0.89114	0.00750	0.00570	0.00510	0.00750	0.00870	0.00420	0.01140	0.00660	0.01739	0.00540	0.00630	0.00420	0.00360	0.00240	0.00120	0.00300	0.00210	0.00240	0.00420
3	0.00591	0.00429	0.00546	0.00519	0.00616	0.00407	0.00390	0.05267	0.01086	0.01516	0.65756	0.12907	0.05045	0.00836	0.00460	0.00127	0.00206	0.02510	0.00414	0.00375
4	0.00519	0.00394	0.00477	0.00458	0.00561	0.00353	0.00343	0.00673	0.01024	0.01385	0.57171	0.04293	0.29217	0.00859	0.00458	0.00125	0.00188	0.00744	0.00405	0.00353
5	0.00503	0.00366	0.00471	0.00545	0.00582	0.00351	0.00372	0.00615	0.04216	0.01013	0.02134	0.72262	0.05550	0.05331	0.00563	0.00167	0.00240	0.04039	0.00355	0.00326
6	0.00563	0.00377	0.00428	0.00426	0.00431	0.00375	0.00242	0.00573	0.00593	0.00795	0.05672	0.02556	0.01531	0.81760	0.01891	0.00362	0.00365	0.00571	0.00245	0.00242
7	0.01431	0.00635	0.00831	0.00682	0.00933	0.00587	0.00555	0.01690	0.10899	0.59372	0.01678	0.04285	0.05014	0.00669	0.03959	0.00148	0.00349	0.05246	0.00441	0.00597
8	0.00964	0.00833	0.00877	0.00789	0.01008	0.00964	0.00614	0.02060	0.83257	0.01622	0.01578	0.01446	0.01183	0.00526	0.00394	0.00131	0.00307	0.00438	0.00394	0.00614
9	0.01474	0.01086	0.01163	0.00892	0.01202	0.01202	0.00737	0.82664	0.01823	0.02443	0.00931	0.00931	0.00659	0.00465	0.00388	0.00116	0.00427	0.00349	0.00388	0.00659
10	0.01448	0.01848	0.01099	0.00999	0.01199	0.84819	0.00749	0.01548	0.01099	0.00949	0.00599	0.00699	0.00499	0.00400	0.00350	0.00100	0.00699	0.00250	0.00200	0.00449
11	0.00732	0.00689	0.01163	0.85444	0.02670	0.00861	0.01077	0.00991	0.00775	0.00991	0.00689	0.01034	0.00517	0.00388	0.00388	0.00129	0.00517	0.00345	0.00172	0.00431
12	0.01313	0.00832	0.04186	0.04028	0.17802	0.02097	0.02007	0.06939	0.02332	0.38672	0.02153	0.01127	0.00800	0.00447	0.00449	0.00118	0.06944	0.00361	0.00340	0.07055
13	0.00804	0.00689	0.00804	0.00574	0.00919	0.00517	0.00459	0.00976	0.00804	0.01263	0.00689	0.00804	0.00574	0.00287	0.00287	0.00057	0.00287	0.00230	0.00230	0.88745
14	0.01029	0.79249	0.04573	0.00696	0.01021	0.02965	0.00696	0.01161	0.00787	0.00923	0.00544	0.00638	0.00498	0.00347	0.00293	0.00088	0.03613	0.00215	0.00167	0.00496
15	0.00978	0.59554	0.23531	0.00816	0.01213	0.01328	0.04000	0.01196	0.00807	0.02627	0.00609	0.00703	0.00508	0.00344	0.00291	0.00096	0.00463	0.00241	0.00173	0.00521
16	0.00472	0.00337	0.00450	0.00540	0.00562	0.00315	0.00360	0.00540	0.00742	0.00990	0.02137	0.86122	0.02564	0.01215	0.00495	0.00157	0.00225	0.01102	0.00360	0.00315
17	0.00554	0.00415	0.00623	0.00623	0.00692	0.00485	0.00485	0.00692	0.00623	0.00900	0.01038	0.01523	0.00969	0.02908	0.84839	0.00623	0.01038	0.00415	0.00208	0.00346
18	0.00540	0.00453	0.00580	0.03173	0.09928	0.00416	0.00457	0.00659	0.00856	0.01080	0.05122	0.21056	0.46520	0.00945	0.00461	0.00138	0.00253	0.06663	0.00337	0.00363
19	0.01407	0.05053	0.01138	0.00987	0.01183	0.78109	0.00750	0.01507	0.01065	0.00947	0.00593	0.00702	0.00500	0.00409	0.00385	0.00102	0.04263	0.00252	0.00197	0.00450
20	0.89114	0.00750	0.00570	0.00510	0.00750	0.00870	0.00420	0.01140	0.00660	0.01739	0.00540	0.00630	0.00420	0.00360	0.00240	0.00120	0.00300	0.00210	0.00240	0.00420
21	0.00500	0.00394	0.00450	0.00436	0.00549	0.00345	0.00327	0.00637	0.00982	0.01280	0.40503	0.03348	0.47079	0.00895	0.00458	0.00127	0.00190	0.00765	0.00391	0.00345
22	0.00915	0.01046	0.02288	0.01634	0.02026	0.00980	0.82549	0.01242	0.00915	0.01242	0.00784	0.01046	0.00588	0.00327	0.00458	0.00131	0.00654	0.00458	0.00196	0.00523
23	0.00732	0.00689	0.01163	0.85444	0.02670	0.00861	0.01077	0.00991	0.00775	0.00991	0.00689	0.01034	0.00517	0.00388	0.00388	0.00129	0.00517	0.00345	0.00172	0.00431
24	0.00839	0.06807	0.42365	0.01092	0.04607	0.00846	0.15718	0.01176	0.00900	0.05769	0.14967	0.01235	0.01081	0.00436	0.00394	0.00121	0.00493	0.00391	0.00233	0.00530
25	0.01382	0.01022	0.01099	0.00860	0.01145	0.01129	0.00702	0.73400	0.05064	0.02300	0.01029	0.05701	0.00799	0.02000	0.00422	0.00124	0.00410	0.00398	0.00384	0.00631
26	0.00564	0.00376	0.00423	0.00423	0.00423	0.00376	0.00235	0.00564	0.00564	0.00752	0.01222	0.02537	0.01409	0.86375	0.01973	0.00376	0.00376	0.00564	0.00235	0.00235
27	0.00468	0.00390	0.00408	0.00410	0.00531	0.00330	0.00305	0.00573	0.00898	0.01095	0.11787	0.07747	0.71779	0.00975	0.00460	0.00131	0.00196	0.00821	0.00367	0.00330
28	0.00804	0.00689	0.00804	0.00574	0.00919	0.00517	0.00459	0.00976	0.00804	0.01263	0.00689	0.00804	0.00574	0.00287	0.00287	0.00057	0.00287	0.00230	0.00230	0.88745
29	0.00723	0.00361	0.00361	0.00361	0.00452	0.00361	0.00271	0.00903	0.00813	0.01445	0.01265	0.01445	0.00994	0.00452	0.00271	0.00090	0.00181	0.00361	0.88528	0.00361
30	0.00458	0.00393	0.00393	0.00393	0.00524	0.00327	0.00295	0.00556	0.00884	0.01047	0.03927	0.03731	0.83800	0.00982	0.00458	0.00131	0.00196	0.00818	0.00360	0.00327
31	0.00853	0.04772	0.47486	0.04838	0.08099	0.03080	0.22949	0.01224	0.00853	0.01206	0.00713	0.00888	0.00528	0.00356	0.00389	0.00122	0.00581	0.00335	0.00176	0.00551
32	0.00498	0.00373	0.00537	0.00595	0.00636	0.00350	0.03932	0.00582	0.00756	0.01008	0.02074	0.78828	0.02464	0.01170	0.00495	0.00157	0.00249	0.04617	0.00353	0.00326
33	0.00470	0.00377	0.00421	0.00453	0.00548	0.00328	0.00329	0.00562	0.00839	0.01034	0.03283	0.29792	0.54699	0.01059	0.00473	0.00141	0.00212	0.04296	0.00360	0.00325
34	0.00948	0.00919	0.02949	0.02282	0.79422	0.00900	0.01160	0.01180	0.00879	0.01273	0.00749	0.00975	0.00626	0.00350	0.00379	0.00114	0.00452	0.00345	0.03496	0.00604
35	0.00904	0.04044	0.26849	0.14018	0.14850	0.05803	0.08130	0.03947	0.04904	0.02258	0.00770	0.02570	0.00611	0.00421	0.00463	0.00126	0.08252	0.00346	0.00202	0.00532
36	0.00788	0.00796	0.03020	0.48513	0.11760	0.00865	0.17343	0.01060	0.01669	0.01104	0.03223	0.01197	0.00705	0.00451	0.01775	0.00138	0.01882	0.03045	0.00196	0.00469
37	0.01021	0.00869	0.00869	0.00774	0.00987	0.06078	0.00602	0.09085	0.61711	0.02927	0.01455	0.03842	0.01119	0.00527	0.00386	0.00126	0.00331	0.00432	0.06275	0.00583
38	0.00911	0.03351	0.26439	0.16619	0.09198	0.06427	0.05066	0.05364	0.00861	0.03351	0.01655	0.00948	0.01455	0.00445	0.00543	0.00129	0.16194	0.00332	0.00198	0.00513
39	0.00554	0.00403	0.00522	0.00491	0.00585	0.00374	0.00369	0.00750	0.02364	0.01548	0.81328	0.02886	0.04778	0.00791	0.00456	0.00122	0.00185	0.00699	0.00425	0.00369
40	0.00511	0.00418	0.00456	0.00445	0.00568	0.00376	0.00334	0.00687	0.05660	0.01198	0.22829	0.04672	0.57102	0.00948	0.01948	0.00138	0.00215	0.00766	0.00375	0.00353
41	0.00687	0.02705	0.02541	0.00713	0.05384	0.06469	0.00505	0.02218	0.00703	0.00953	0.01098	0.09125	0.01123	0.23215	0.33201	0.00379	0.04356	0.00484	0.03785	0.00356
42	0.00477	0.00341	0.00455	0.00545	0.00570	0.00319	0.00368	0.00548	0.00747	0.00995	0.02134	0.83571	0.02554	0.01210	0.00496	0.00158	0.00229	0.03606	0.00360	0.00316
43	0.01219	0.32992	0.04036	0.00908	0.04284	0.43388	0.00739	0.02647	0.00979	0.01006	0.04089	0.00780	0.00638	0.00389	0.00319	0.00096	0.00555	0.00259	0.00198	0.00477
44	0.01474	0.01086	0.01163	0.00892	0.01202	0.01202	0.00737	0.82664	0.01823	0.02443	0.00931	0.00931	0.00659	0.00465	0.00388	0.00116	0.00427	0.00349	0.00388	0.00659
45	0.00856	0.00772	0.04192	0.00763	0.05982	0.00582	0.04849	0.01050	0.00827	0.04625	0.00731	0.00847	0.00590	0.00304	0.00309	0.00070	0.00330	0.00257	0.00233	0.71830
46	0.00948	0.00817	0.00862	0.00776	0.00992	0.00942	0.00603	0.02009	0.80236	0.01612	0.03375	0.01512	0.02499	0.00539	0.00397	0.00131	0.00302	0.00450	0.00395	0.00604
47	0.01036	0.86609	0.02032	0.00663	0.00995	0.01534	0.00663	0.01161	0.00788	0.00912	0.00539	0.00622	0.00498	0.00332	0.00249	0.00083	0.00415	0.00207	0.00166	0.00498
48	0.00554	0.00415	0.00623	0.00623	0.00692	0.00485	0.00485	0.00692	0.00623	0.00900	0.01038	0.01523	0.00969	0.02908	0.84839	0.00623	0.01038	0.00415	0.00208	0.00346
49	0.00732	0.00689	0.01163	0.85444	0.02670	0.00861	0.01077	0.00991	0.00775	0.00991	0.00689	0.01034	0.00517	0.00388	0.00388	0.00129	0.00517	0.00345	0.00172	0.00431
50	0.00950	0.00911	0.01556	0.05987	0.80427	0.00919	0.01185	0.01181	0.00878	0.01255	0.00727	0.00963	0.00610	0.00347	0.00384	0.00116	0.00463	0.00345	0.00191	0.00606
51	0.00486	0.00391	0.00434	0.00433	0.00546	0.00339	0.00324	0.00606	0.00931	0.01179	0.24667	0.08806	0.56018	0.00949	0.00462	0.00131	0.00198	0.02386	0.00377	0.00337
52	0.00957	0.04089	0.04869	0.03108	0.03633	0.00676	0.00594	0.09179	0.00929	0.08097	0.00775	0.00864	0.00606	0.00335	0.00324	0.00077	0.01240	0.00264	0.00257	0.59126
53	0.00824	0.00782	0.01328	0.52033	0.35366	0.00885	0.01122	0.01071	0.00818	0.01102	0.00705	0.01004	0.00556	0.00371	0.00386	0.00124	0.00494	0.00345	0.00180	0.00504
54	0.00804	0.00689	0.00804	0.00574	0.00919	0.00517	0.00459	0.00976	0.00804	0.01263	0.00689	0.00804	0.00574	0.00287	0.00287	0.00057	0.00287	0.00230	0.00230	0.88745
55	0.00641	0.00495	0.00592	0.00587	0.01930	0.00492	0.00442	0.08243	0.04819	0.01326	0.23065	0.14882	0.24428	0.03936	0.00537	0.00146	0.02431	0.10252	0.00369	0.00386
56	0.01371	0.01078	0.03784	0.00955	0.03656	0.01141	0.03890	0.70287	0.03134	0.02260	0.00990	0.02842	0.01813	0.00478	0.00393	0.00118	0.00431	0.00375	0.00367	0.00637
57	0.08493	0.02517	0.01116	0.00870	0.01159	0.15134	0.01934	0.54660	0.01523	0.05317	0.00853	0.00877	0.00619	0.00438	0.00366	0.00112	0.00458	0.00319	0.00338	0.02899
58	0.00645	0.00476	0.00578	0.00530	0.00642	0.02113	0.00403	0.04269	0.04276	0.03200	0.73851	0.02683	0.03321	0.00755	0.00448	0.00122	0.00211	0.00661	0.00420	0.00395
59	0.00554	0.00415	0.00619	0.00619	0.00687	0.00482	0.00480	0.00690	0.00622	0.00897	0.01042	0.01543	0.00978	0.04541	0.83218	0.00618	0.01025	0.00418	0.00208	0.00344
60	0.00616	0.00460	0.00653	0.00641	0.01579	0.00528	0.01396	0.02171	0.02423	0.00959	0.01073	0.05110	0.01037	0.11398	0.54272	0.04223	0.05816	0.00449	0.04849	0.00347
61	0.00683	0.00475	0.00588	0.00557	0.00629	0.00513	0.00396	0.07287	0.04554	0.03126	0.01203	0.01945	0.02753	0.38676	0.32166	0.01367	0.00612	0.00481	0.01646	0.00341
62	0.00825	0.00707	0.00844	0.00657	0.04419	0.00548	0.00496	0.02706	0.00829	0.01288	0.00696	0.00813	0.00578	0.00293	0.00293	0.00061	0.00297	0.00237	0.00231	0.83182
63	0.00968	0.03432	0.13280	0.02720	0.31517	0.04680	0.00922	0.05570	0.03683	0.06442	0.01667	0.06463	0.00776	0.00428	0.00381	0.00110	0.01514	0.00368	0.00241	0.14837
64	0.00955	0.05445	0.04051	0.02954	0.11640	0.08016	0.02975	0.08355	0.06657	0.01322	0.00791	0.00951	0.00650	0.00420	0.02002	0.00102	0.02532	0.01695	0.00240	0.38248

[dist]
# distance from previous block
# <min> <max>
1	15

[block]
# block no. 6 follows, 70 sequences, length 18
# corresponding to MSA columns:
# 422-439
name=unknown_G
#
# <colnr> <probs for GDERKNQSTAVLIFYWHMCP>
#	G	D	E	R	K	N	Q	S	T	A	V	L	I	F	Y	W	H	M	C	P
0	0.01253	0.00998	0.07475	0.04299	0.10651	0.11565	0.14142	0.04351	0.01007	0.30822	0.01143	0.01222	0.03467	0.03913	0.00458	0.00129	0.00469	0.00388	0.01691	0.00557
1	0.00944	0.00693	0.02713	0.40621	0.05047	0.00730	0.09060	0.01178	0.00863	0.16460	0.00963	0.01157	0.00698	0.00408	0.00373	0.00120	0.00432	0.00366	0.16695	0.00479
2	0.02682	0.03610	0.16374	0.06240	0.26121	0.02987	0.13942	0.02530	0.02974	0.09472	0.01923	0.03551	0.03999	0.00429	0.00403	0.00122	0.01459	0.00395	0.00237	0.00551
3	0.01064	0.05792	0.11603	0.04673	0.26272	0.06469	0.09914	0.04277	0.04394	0.13159	0.00925	0.04924	0.00740	0.00434	0.00420	0.00121	0.03624	0.00382	0.00251	0.00562
4	0.00848	0.00848	0.01187	0.01018	0.01018	0.01187	0.00848	0.00933	0.00594	0.00933	0.00509	0.00848	0.00509	0.00679	0.01272	0.00170	0.85666	0.00339	0.00170	0.00424
5	0.00638	0.00461	0.02281	0.00483	0.00623	0.00391	0.00380	0.00804	0.02487	0.09169	0.37059	0.03009	0.37594	0.00824	0.00445	0.00125	0.00213	0.00702	0.01926	0.00386
6	0.01025	0.16406	0.27467	0.03965	0.14677	0.13494	0.07532	0.01316	0.03387	0.06133	0.00743	0.00863	0.00571	0.00372	0.00357	0.00112	0.00528	0.00303	0.00203	0.00546
7	0.02519	0.04396	0.19069	0.02847	0.10204	0.05744	0.29118	0.06525	0.07358	0.04253	0.00876	0.03770	0.00687	0.00402	0.00401	0.00123	0.00534	0.00393	0.00231	0.00548
8	0.00673	0.00337	0.00505	0.00505	0.00505	0.00337	0.00337	0.00505	0.00505	0.00673	0.00673	0.01178	0.00673	0.01347	0.01515	0.88721	0.00337	0.00337	0.00168	0.00168
9	0.00556	0.00408	0.00588	0.00588	0.00645	0.00465	0.00441	0.00670	0.00613	0.00874	0.01071	0.01702	0.01047	0.17605	0.70247	0.00580	0.00922	0.00442	0.00212	0.00327
10	0.03144	0.23478	0.21268	0.01020	0.07335	0.20525	0.02531	0.08542	0.02897	0.02969	0.00689	0.00787	0.00545	0.00385	0.00356	0.00107	0.02406	0.00276	0.00209	0.00531
11	0.00556	0.00407	0.00582	0.00582	0.00636	0.00462	0.00433	0.00666	0.00611	0.00869	0.01076	0.01733	0.01061	0.20228	0.67644	0.00572	0.00901	0.00446	0.00213	0.00323
12	0.00563	0.00377	0.00431	0.00431	0.00434	0.00380	0.00245	0.00569	0.00566	0.00758	0.01214	0.02495	0.01391	0.82897	0.05426	0.00386	0.00403	0.00558	0.00234	0.00240
13	0.04841	0.01069	0.01006	0.00817	0.01086	0.19639	0.00655	0.27743	0.05754	0.29640	0.03148	0.01076	0.00819	0.00463	0.00376	0.00115	0.00437	0.00349	0.00373	0.00594
14	0.01013	0.06828	0.02037	0.03878	0.04491	0.04586	0.60319	0.05021	0.00962	0.05788	0.00803	0.01009	0.00601	0.00347	0.00428	0.00124	0.00601	0.00416	0.00218	0.00532
15	0.24436	0.07074	0.06197	0.00686	0.02092	0.04665	0.00581	0.06316	0.02484	0.11564	0.02334	0.12345	0.05478	0.00576	0.00382	0.00123	0.02834	0.04300	0.00297	0.05237
16	0.05473	0.06009	0.15648	0.04447	0.06412	0.18148	0.03614	0.06022	0.00912	0.07668	0.02351	0.00892	0.00616	0.00457	0.00548	0.00124	0.18292	0.00313	0.00223	0.01832
