[name]
unknown

[dist]
# distance from previous block
# <min> <max>
1	82

[block]
# block no. 0 follows, 72 sequences, length 7
# corresponding to MSA columns:
# 83-89
name=unknown_A
#
# <colnr> <probs for GDERKNQSTAVLIFYWHMCP>
#	G	D	E	R	K	N	Q	S	T	A	V	L	I	F	Y	W	H	M	C	P
0	0.07422	0.00593	0.00724	0.00639	0.00815	0.00597	0.03426	0.03464	0.18677	0.17836	0.13639	0.15711	0.06824	0.03913	0.00464	0.00137	0.00285	0.02360	0.00371	0.02101
1	0.04021	0.00667	0.00785	0.09763	0.01010	0.03914	0.00551	0.15650	0.04455	0.20948	0.01330	0.20474	0.01229	0.12724	0.00615	0.00161	0.00354	0.00541	0.00339	0.00469
2	0.00855	0.00797	0.01304	0.42886	0.36106	0.00900	0.01070	0.05906	0.00855	0.01162	0.00697	0.00968	0.00553	0.00378	0.00413	0.00122	0.03995	0.00337	0.00189	0.00508
3	0.05730	0.00759	0.01102	0.71577	0.02348	0.05198	0.00981	0.05913	0.00830	0.01093	0.00676	0.00966	0.00508	0.00383	0.00369	0.00124	0.00498	0.00325	0.00186	0.00435
4	0.06738	0.00543	0.00607	0.00572	0.00682	0.00578	0.00415	0.12555	0.10596	0.03810	0.01392	0.24242	0.01414	0.21218	0.05776	0.00214	0.00344	0.00595	0.07314	0.00394
5	0.00662	0.00412	0.00530	0.00522	0.00622	0.00390	0.00389	0.00770	0.00817	0.12312	0.11470	0.21673	0.20654	0.07777	0.15721	0.00238	0.00382	0.03958	0.00339	0.00363
6	0.01424	0.00861	0.01035	0.00804	0.01090	0.00893	0.03786	0.39653	0.09930	0.31133	0.04534	0.01178	0.00917	0.00474	0.00386	0.00117	0.00371	0.00382	0.00406	0.00624

[dist]
# distance from previous block
# <min> <max>
1	9

[block]
# block no. 1 follows, 72 sequences, length 7
# corresponding to MSA columns:
# 99-105
name=unknown_B
#
# <colnr> <probs for GDERKNQSTAVLIFYWHMCP>
#	G	D	E	R	K	N	Q	S	T	A	V	L	I	F	Y	W	H	M	C	P
0	0.07084	0.00857	0.01318	0.07767	0.40866	0.03003	0.07819	0.05518	0.00926	0.13315	0.02802	0.01010	0.00694	0.00383	0.00390	0.00115	0.02286	0.00347	0.00247	0.03253
1	0.01016	0.00685	0.00795	0.00651	0.00896	0.00664	0.00516	0.08628	0.23709	0.18100	0.09264	0.04934	0.05383	0.00517	0.00371	0.00107	0.00290	0.00430	0.00362	0.22683
2	0.00929	0.01053	0.17187	0.04340	0.35134	0.00834	0.16013	0.01220	0.02884	0.09015	0.03984	0.01142	0.03721	0.00395	0.00392	0.00119	0.00473	0.00383	0.00228	0.00556
3	0.00583	0.00412	0.00524	0.00505	0.00595	0.00406	0.00374	0.00742	0.03680	0.04515	0.32922	0.05494	0.16045	0.11119	0.20111	0.00264	0.00407	0.00618	0.00334	0.00350
4	0.01073	0.00832	0.00896	0.00777	0.01009	0.00941	0.00612	0.12542	0.65955	0.08748	0.01457	0.01339	0.01072	0.00503	0.00385	0.00126	0.00317	0.00413	0.00392	0.00610
5	0.00943	0.04718	0.22104	0.03940	0.12873	0.02788	0.14546	0.06659	0.23039	0.03140	0.00954	0.01035	0.00715	0.00400	0.00381	0.00120	0.00469	0.00360	0.00251	0.00566
6	0.00469	0.00335	0.00446	0.00523	0.00552	0.00313	0.00353	0.00545	0.00758	0.01019	0.09643	0.78727	0.02607	0.01150	0.00481	0.00151	0.00216	0.01042	0.00358	0.00313

[dist]
# distance from previous block
# <min> <max>
0	1

[block]
# block no. 2 follows, 72 sequences, length 12
# corresponding to MSA columns:
# 107-118
name=unknown_C
#
# <colnr> <probs for GDERKNQSTAVLIFYWHMCP>
#	G	D	E	R	K	N	Q	S	T	A	V	L	I	F	Y	W	H	M	C	P
0	0.01419	0.01745	0.01080	0.00968	0.01173	0.78091	0.00732	0.08367	0.01134	0.01051	0.00613	0.00703	0.00502	0.00396	0.00345	0.00099	0.00662	0.00252	0.00211	0.00457
1	0.81183	0.00833	0.00605	0.00543	0.00774	0.08681	0.00441	0.01152	0.00685	0.01630	0.00533	0.00622	0.00418	0.00356	0.00245	0.00116	0.00330	0.00209	0.00231	0.00413
2	0.00495	0.00381	0.00449	0.00463	0.00549	0.00345	0.00335	0.00625	0.02534	0.01155	0.26413	0.24252	0.33146	0.04719	0.00522	0.00144	0.00209	0.02569	0.00366	0.00330
3	0.00849	0.00720	0.00848	0.05773	0.07741	0.00802	0.00613	0.05112	0.48789	0.01483	0.12923	0.03928	0.05309	0.02863	0.00440	0.00132	0.00307	0.00486	0.00355	0.00528
4	0.00520	0.00385	0.00485	0.00464	0.00557	0.00350	0.00346	0.00681	0.01027	0.01420	0.68040	0.06050	0.16629	0.00821	0.00449	0.00122	0.00183	0.00719	0.00404	0.00350
5	0.01419	0.00585	0.00778	0.00617	0.00868	0.00506	0.00502	0.01563	0.01056	0.65152	0.10674	0.01753	0.11667	0.00564	0.00397	0.00119	0.00291	0.00467	0.00449	0.00574
6	0.01088	0.00887	0.00939	0.00801	0.01041	0.01011	0.00635	0.25536	0.59865	0.01820	0.01360	0.01269	0.01009	0.00497	0.00384	0.00124	0.00334	0.00403	0.00384	0.00613
7	0.00840	0.01374	0.39864	0.08274	0.24128	0.02418	0.04644	0.03508	0.03382	0.01217	0.00769	0.03924	0.00617	0.00400	0.00401	0.00121	0.03039	0.00343	0.00190	0.00546
8	0.02349	0.00836	0.05347	0.00792	0.04598	0.04036	0.00628	0.10134	0.18681	0.04517	0.03614	0.02394	0.01928	0.01486	0.04997	0.00137	0.08175	0.00357	0.03585	0.21408
9	0.05480	0.06385	0.01004	0.00829	0.01036	0.47504	0.00643	0.11249	0.07008	0.01223	0.04928	0.01110	0.07350	0.00514	0.02039	0.00115	0.00532	0.00333	0.00254	0.00462
10	0.00926	0.07349	0.02655	0.00640	0.00932	0.03822	0.00530	0.12183	0.03839	0.04833	0.08549	0.03645	0.00939	0.00403	0.00325	0.00083	0.00321	0.00323	0.00276	0.47429
11	0.05630	0.04885	0.01263	0.00960	0.01209	0.18524	0.15630	0.25647	0.01147	0.07279	0.00825	0.02101	0.00658	0.04914	0.01735	0.00136	0.06320	0.00351	0.00271	0.00513

[dist]
# distance from previous block
# <min> <max>
1	5

[block]
# block no. 3 follows, 72 sequences, length 8
# corresponding to MSA columns:
# 124-131
name=unknown_D
#
# <colnr> <probs for GDERKNQSTAVLIFYWHMCP>
#	G	D	E	R	K	N	Q	S	T	A	V	L	I	F	Y	W	H	M	C	P
0	0.03672	0.01002	0.09527	0.00925	0.06948	0.04963	0.02844	0.26650	0.06899	0.26138	0.02644	0.01064	0.00784	0.00436	0.00372	0.00114	0.00404	0.00349	0.00348	0.03917
1	0.01202	0.09348	0.01057	0.00773	0.01035	0.01023	0.00634	0.30735	0.35099	0.10670	0.01204	0.01143	0.00880	0.00468	0.00366	0.00116	0.00351	0.00368	0.02925	0.00603
2	0.00533	0.00407	0.00495	0.00482	0.00577	0.00389	0.00357	0.00718	0.05427	0.01253	0.40711	0.08139	0.23732	0.05785	0.09117	0.00188	0.00287	0.00691	0.00363	0.00349
3	0.71732	0.00774	0.00645	0.00563	0.00803	0.00892	0.00460	0.09273	0.09169	0.01758	0.00669	0.00726	0.00510	0.00379	0.00264	0.00118	0.00306	0.00241	0.00264	0.00453
4	0.00484	0.00355	0.00460	0.00504	0.00557	0.00331	0.00353	0.00585	0.00822	0.01108	0.22841	0.51607	0.11683	0.01151	0.05144	0.00168	0.00251	0.00912	0.00360	0.00324
5	0.00604	0.00465	0.00717	0.00636	0.00739	0.00470	0.08759	0.00770	0.03929	0.01177	0.35930	0.02025	0.02017	0.06329	0.23604	0.10171	0.00485	0.00529	0.00296	0.00348
6	0.00631	0.00429	0.00501	0.00483	0.00530	0.00438	0.00314	0.04898	0.03524	0.03225	0.04217	0.07791	0.04391	0.57555	0.09209	0.00331	0.00404	0.00567	0.00266	0.00298
7	0.55005	0.03710	0.03851	0.04432	0.00958	0.13587	0.00553	0.03697	0.02934	0.04355	0.00625	0.00709	0.00482	0.00367	0.00277	0.00112	0.00380	0.00236	0.00237	0.03493

[dist]
# distance from previous block
# <min> <max>
0	1

[block]
# block no. 4 follows, 72 sequences, length 23
# corresponding to MSA columns:
# 133-155
name=unknown_E
#
# <colnr> <probs for GDERKNQSTAVLIFYWHMCP>
#	G	D	E	R	K	N	Q	S	T	A	V	L	I	F	Y	W	H	M	C	P
0	0.04745	0.00871	0.01002	0.00774	0.01068	0.00902	0.00638	0.44098	0.04005	0.36170	0.01157	0.01072	0.00773	0.00459	0.00375	0.00116	0.00370	0.00356	0.00411	0.00635
1	0.89350	0.00733	0.00557	0.00499	0.00733	0.00851	0.00411	0.01115	0.00645	0.01702	0.00528	0.00616	0.00411	0.00352	0.00235	0.00117	0.00293	0.00205	0.00235	0.00411
2	0.01451	0.00990	0.01087	0.00837	0.01134	0.01074	0.00690	0.69215	0.03085	0.13405	0.02535	0.01006	0.00747	0.00464	0.00381	0.00115	0.00398	0.00355	0.00392	0.00639
3	0.00965	0.00745	0.01027	0.40379	0.04340	0.00856	0.00826	0.11517	0.19698	0.10228	0.03131	0.01172	0.00808	0.00439	0.00380	0.00123	0.00412	0.00372	0.02065	0.00516
4	0.01475	0.03347	0.01003	0.00760	0.01036	0.03785	0.00626	0.32548	0.03198	0.39954	0.03292	0.01146	0.00863	0.00543	0.03034	0.00131	0.01881	0.00365	0.00400	0.00612
5	0.00777	0.07390	0.79420	0.01053	0.01599	0.00920	0.01353	0.01197	0.00799	0.01181	0.00671	0.00788	0.00481	0.00358	0.00353	0.00118	0.00551	0.00275	0.00160	0.00556
6	0.01253	0.03633	0.01098	0.00957	0.01118	0.59796	0.00740	0.01422	0.07261	0.00974	0.00640	0.00767	0.00541	0.00453	0.00524	0.00113	0.17782	0.00275	0.00203	0.00448
7	0.00894	0.00778	0.06221	0.00670	0.00994	0.00603	0.03454	0.07466	0.02032	0.07757	0.00816	0.02433	0.00657	0.00475	0.04958	0.00105	0.00365	0.00286	0.00254	0.58783
8	0.00565	0.00430	0.00635	0.00624	0.00682	0.00510	0.00484	0.00682	0.00601	0.00870	0.00976	0.01470	0.00924	0.05608	0.73765	0.03715	0.06523	0.00404	0.00200	0.00334
9	0.01358	0.01606	0.01036	0.00926	0.01129	0.67556	0.00703	0.09833	0.06410	0.01140	0.00708	0.00785	0.00568	0.00407	0.00345	0.00101	0.00610	0.00271	0.04038	0.00467
10	0.01420	0.01721	0.01082	0.00965	0.01173	0.75437	0.00731	0.10943	0.01157	0.01097	0.00624	0.00710	0.00507	0.00398	0.00346	0.00100	0.00653	0.00256	0.00217	0.00463
11	0.89350	0.00733	0.00557	0.00499	0.00733	0.00851	0.00411	0.01115	0.00645	0.01702	0.00528	0.00616	0.00411	0.00352	0.00235	0.00117	0.00293	0.00205	0.00235	0.00411
12	0.00600	0.00442	0.00538	0.00501	0.00615	0.00423	0.00379	0.02396	0.08343	0.03290	0.59340	0.04123	0.16009	0.00775	0.00440	0.00122	0.00200	0.00674	0.00404	0.00384
13	0.03705	0.00977	0.01076	0.00827	0.01127	0.01054	0.00683	0.66011	0.01626	0.17519	0.01009	0.00973	0.00693	0.00455	0.00376	0.00115	0.00397	0.00345	0.00392	0.00639
14	0.01391	0.01212	0.01108	0.00948	0.03571	0.33925	0.06009	0.13184	0.07411	0.23093	0.00955	0.00965	0.00689	0.00433	0.00399	0.00112	0.03418	0.00327	0.00306	0.00543
15	0.00496	0.00355	0.00461	0.00509	0.00560	0.00333	0.00355	0.00589	0.00794	0.02181	0.15914	0.55425	0.11654	0.02428	0.05906	0.00177	0.00264	0.00922	0.00353	0.00323
16	0.00727	0.00533	0.00600	0.00586	0.00686	0.02974	0.00424	0.04588	0.18077	0.04893	0.04793	0.28816	0.07265	0.10863	0.00711	0.08955	0.00290	0.02298	0.01536	0.00384
17	0.13393	0.00972	0.08369	0.00840	0.03065	0.05609	0.04639	0.17753	0.18133	0.18812	0.03887	0.01101	0.00851	0.00446	0.00363	0.00119	0.00388	0.00355	0.00337	0.00567
18	0.02433	0.03758	0.05526	0.04971	0.11417	0.30068	0.02735	0.10198	0.04729	0.02306	0.00686	0.00836	0.00559	0.00446	0.00534	0.00120	0.17664	0.00303	0.00217	0.00495
19	0.00761	0.00533	0.00617	0.00573	0.00704	0.02580	0.00433	0.07521	0.09104	0.09695	0.27345	0.19290	0.13153	0.01873	0.03917	0.00150	0.00283	0.00673	0.00378	0.00418
20	0.00539	0.00365	0.00443	0.00466	0.00501	0.00348	0.00300	0.00592	0.00702	0.02967	0.09719	0.31286	0.08963	0.38589	0.02326	0.00248	0.00292	0.00759	0.00306	0.00288
21	0.06002	0.00687	0.02547	0.02493	0.12125	0.00677	0.01728	0.08717	0.09901	0.18916	0.13739	0.05713	0.04846	0.08164	0.00542	0.00143	0.01744	0.00476	0.00341	0.00500
22	0.07647	0.01994	0.02812	0.05545	0.10816	0.16619	0.04372	0.27010	0.04714	0.07313	0.02945	0.00948	0.00689	0.00430	0.00405	0.00115	0.04465	0.00330	0.00284	0.00544

[dist]
# distance from previous block
# <min> <max>
1	15

[block]
# block no. 5 follows, 72 sequences, length 18
# corresponding to MSA columns:
# 171-188
name=unknown_F
#
# <colnr> <probs for GDERKNQSTAVLIFYWHMCP>
#	G	D	E	R	K	N	Q	S	T	A	V	L	I	F	Y	W	H	M	C	P
0	0.01084	0.02899	0.06946	0.01396	0.30905	0.05013	0.07676	0.06052	0.08438	0.16750	0.01067	0.05338	0.02533	0.00448	0.00398	0.00119	0.01695	0.00398	0.00279	0.00568
1	0.01092	0.10107	0.09929	0.01015	0.11105	0.24479	0.03328	0.08799	0.01001	0.06989	0.05822	0.04112	0.02417	0.02579	0.00407	0.00113	0.01425	0.00354	0.00247	0.04680
2	0.82191	0.03691	0.04583	0.00531	0.00784	0.00874	0.00466	0.01120	0.00657	0.01651	0.00535	0.00625	0.00417	0.00352	0.00241	0.00116	0.00310	0.00209	0.00229	0.00420
3	0.04970	0.00452	0.00539	0.00509	0.00604	0.00443	0.00366	0.06163	0.00908	0.06832	0.31439	0.16619	0.06506	0.19823	0.02000	0.00187	0.00271	0.00658	0.00350	0.00360
4	0.00838	0.00829	0.10985	0.01099	0.14837	0.00685	0.14006	0.08529	0.00933	0.07736	0.05708	0.23350	0.05517	0.00691	0.02356	0.00140	0.00407	0.00588	0.00288	0.00480
5	0.00495	0.00357	0.00459	0.00509	0.00548	0.00341	0.00345	0.00592	0.02218	0.01035	0.14563	0.56064	0.05459	0.11159	0.03841	0.00189	0.00261	0.00910	0.00343	0.00313
6	0.06710	0.05549	0.05004	0.04837	0.01166	0.10832	0.00711	0.40153	0.12468	0.01780	0.02056	0.01003	0.01846	0.00536	0.03561	0.00132	0.00451	0.00336	0.00312	0.00558
7	0.01400	0.00949	0.01022	0.00809	0.01085	0.04197	0.00657	0.48767	0.13624	0.19577	0.01122	0.01096	0.00795	0.02598	0.00418	0.00122	0.00389	0.00364	0.00389	0.00620
8	0.00910	0.01002	0.14862	0.06864	0.09857	0.04612	0.06009	0.12462	0.08069	0.04038	0.05758	0.04087	0.04417	0.02575	0.04621	0.00154	0.08529	0.00412	0.00260	0.00502
9	0.00970	0.00982	0.00792	0.00718	0.00879	0.29651	0.00545	0.05104	0.14518	0.03232	0.31979	0.03304	0.04578	0.00592	0.00397	0.00114	0.00388	0.00480	0.00332	0.00443
10	0.14749	0.10338	0.05289	0.00846	0.04175	0.10856	0.03474	0.20669	0.10316	0.10871	0.00892	0.00926	0.00664	0.00477	0.02658	0.00125	0.00434	0.00311	0.01390	0.00540
11	0.00785	0.00740	0.01250	0.51213	0.32289	0.00838	0.01060	0.01019	0.00795	0.01067	0.00757	0.05130	0.00637	0.00403	0.00383	0.00123	0.00472	0.00373	0.00184	0.00481
12	0.00831	0.25465	0.61817	0.00961	0.01457	0.01052	0.01193	0.01183	0.00792	0.01116	0.00638	0.00747	0.00482	0.00350	0.00328	0.00109	0.00518	0.00259	0.00161	0.00540
13	0.00772	0.00616	0.00679	0.00621	0.00740	0.04707	0.00466	0.10796	0.13728	0.02495	0.12224	0.03933	0.06910	0.18348	0.18980	0.00277	0.02501	0.00500	0.00302	0.00406
14	0.01091	0.01133	0.01551	0.01188	0.01486	0.17457	0.37113	0.15789	0.14190	0.01433	0.03123	0.01048	0.00744	0.00401	0.00405	0.00119	0.00543	0.00393	0.00262	0.00531
15	0.31769	0.00846	0.00849	0.00689	0.00947	0.02535	0.00562	0.31638	0.04850	0.16201	0.00890	0.00904	0.00635	0.00464	0.00381	0.04316	0.00354	0.00303	0.00332	0.00536
16	0.00515	0.00380	0.00478	0.00486	0.00542	0.00382	0.00341	0.00599	0.00699	0.00935	0.09051	0.12550	0.18479	0.26310	0.26206	0.00344	0.00491	0.00634	0.00278	0.00301
17	0.00656	0.00498	0.00591	0.00565	0.00681	0.00507	0.00431	0.09371	0.07290	0.02787	0.16286	0.20412	0.23554	0.01052	0.08349	0.00178	0.02621	0.03430	0.00352	0.00391

[dist]
# distance from previous block
# <min> <max>
6	11

[block]
# block no. 6 follows, 72 sequences, length 12
# corresponding to MSA columns:
# 201-212
name=unknown_G
#
# <colnr> <probs for GDERKNQSTAVLIFYWHMCP>
#	G	D	E	R	K	N	Q	S	T	A	V	L	I	F	Y	W	H	M	C	P
0	0.05777	0.06893	0.05111	0.00963	0.11516	0.09152	0.02072	0.19421	0.05766	0.15991	0.01961	0.04192	0.02713	0.00450	0.00359	0.00110	0.00404	0.00360	0.00306	0.06486
1	0.06848	0.05229	0.14327	0.03295	0.28789	0.03371	0.06112	0.06932	0.03128	0.13712	0.04033	0.01015	0.00739	0.00392	0.00365	0.00115	0.00440	0.00340	0.00254	0.00562
2	0.01530	0.00714	0.00886	0.00694	0.00972	0.02465	0.00567	0.10646	0.06358	0.61821	0.04364	0.01330	0.02563	0.00484	0.00382	0.00116	0.00331	0.00392	0.00438	0.02949
3	0.08736	0.00432	0.00531	0.00535	0.00632	0.00410	0.00383	0.00834	0.00801	0.16080	0.07897	0.48105	0.04966	0.07174	0.00544	0.00156	0.00252	0.00797	0.00358	0.00376
4	0.01118	0.18379	0.15563	0.01168	0.17722	0.06136	0.04066	0.19466	0.04240	0.07439	0.00797	0.00874	0.00605	0.00384	0.00349	0.00108	0.00459	0.00307	0.00249	0.00571
5	0.00717	0.00540	0.03833	0.00603	0.00711	0.00505	0.02332	0.02612	0.10103	0.09014	0.05589	0.29802	0.05287	0.20370	0.00803	0.00190	0.03095	0.01805	0.01704	0.00384
6	0.00467	0.00350	0.00429	0.00482	0.00536	0.00317	0.00331	0.00547	0.00781	0.01014	0.08344	0.55342	0.24383	0.04165	0.00524	0.00152	0.00215	0.00957	0.00352	0.00312
7	0.02864	0.01078	0.09021	0.01186	0.08337	0.10038	0.25921	0.08324	0.07218	0.20700	0.00970	0.01033	0.00690	0.00394	0.00392	0.00119	0.00497	0.00371	0.00285	0.00563
8	0.02609	0.06255	0.08348	0.01246	0.17947	0.08783	0.10668	0.28791	0.05477	0.04961	0.00832	0.00918	0.00625	0.00396	0.00372	0.00113	0.00474	0.00335	0.00272	0.00579
9	0.00826	0.00714	0.02086	0.00975	0.15793	0.03876	0.06494	0.07281	0.08303	0.06235	0.03440	0.06378	0.25718	0.05433	0.00522	0.00139	0.02604	0.02420	0.00304	0.00460
10	0.04000	0.00428	0.00521	0.00504	0.00605	0.00400	0.00364	0.00819	0.02860	0.12999	0.19620	0.23961	0.15387	0.12127	0.00666	0.03060	0.00249	0.00708	0.00357	0.00365
11	0.05416	0.00843	0.02572	0.00878	0.09196	0.04799	0.00638	0.28677	0.07348	0.14066	0.02659	0.10261	0.07235	0.03138	0.00434	0.00128	0.00364	0.00465	0.00346	0.00538

[dist]
# distance from previous block
# <min> <max>
1	10

[block]
# block no. 7 follows, 72 sequences, length 17
# corresponding to MSA columns:
# 223-239
name=unknown_H
#
# <colnr> <probs for GDERKNQSTAVLIFYWHMCP>
#	G	D	E	R	K	N	Q	S	T	A	V	L	I	F	Y	W	H	M	C	P
0	0.03107	0.29711	0.14921	0.02397	0.16040	0.09066	0.02888	0.05726	0.00883	0.04437	0.00753	0.05195	0.00656	0.02249	0.00364	0.00110	0.00457	0.00319	0.00208	0.00513
1	0.05443	0.05067	0.10270	0.00871	0.05430	0.10280	0.00729	0.18888	0.06078	0.26770	0.01034	0.02704	0.00743	0.00437	0.00359	0.00112	0.00414	0.00339	0.00329	0.03703
2	0.01123	0.19397	0.03434	0.00747	0.02045	0.09807	0.00628	0.18044	0.08014	0.12340	0.12844	0.01284	0.04243	0.00488	0.00374	0.00108	0.02091	0.00376	0.00314	0.02298
3	0.00582	0.00393	0.00477	0.02655	0.00555	0.00390	0.00316	0.00659	0.02885	0.03794	0.08654	0.18379	0.06130	0.48905	0.03381	0.00278	0.00330	0.00658	0.00286	0.00292
4	0.02199	0.07278	0.14568	0.00864	0.05869	0.06521	0.04514	0.05320	0.06733	0.16951	0.09573	0.07073	0.07032	0.01724	0.00422	0.00122	0.01976	0.00450	0.00305	0.00506
5	0.08172	0.02413	0.04461	0.05178	0.17278	0.00815	0.09723	0.10480	0.06769	0.20345	0.03374	0.02044	0.00831	0.02907	0.03413	0.00143	0.00429	0.00377	0.00299	0.00549
6	0.03544	0.05234	0.12146	0.00781	0.01052	0.02149	0.05193	0.11601	0.06296	0.23028	0.06391	0.02570	0.07774	0.00673	0.06134	0.00153	0.04017	0.00416	0.00325	0.00526
7	0.00870	0.00863	0.04348	0.15365	0.45517	0.00840	0.13279	0.01111	0.01966	0.03036	0.00876	0.04159	0.02926	0.00421	0.00421	0.02409	0.00468	0.00394	0.00203	0.00529
8	0.03085	0.08336	0.07177	0.03588	0.09831	0.07966	0.15261	0.12528	0.04074	0.22980	0.00949	0.00995	0.00676	0.00398	0.00373	0.00114	0.00462	0.00346	0.00292	0.00567
9	0.01071	0.04750	0.07740	0.02770	0.17149	0.04001	0.08081	0.09143	0.01822	0.20402	0.01211	0.10521	0.04423	0.02955	0.02124	0.00136	0.00423	0.00453	0.00296	0.00530
10	0.00795	0.00642	0.02844	0.00755	0.05871	0.02765	0.04256	0.05219	0.16421	0.07698	0.13789	0.21643	0.11166	0.00725	0.00420	0.00128	0.00296	0.00637	0.03475	0.00452
11	0.00949	0.00611	0.03648	0.00619	0.00803	0.00558	0.00499	0.12209	0.05836	0.21965	0.10194	0.20298	0.15543	0.00823	0.03510	0.00146	0.00309	0.00629	0.00381	0.00471
12	0.05883	0.03887	0.05147	0.01187	0.17131	0.08071	0.13630	0.12431	0.02669	0.21050	0.01053	0.01098	0.04187	0.00418	0.00376	0.00116	0.00447	0.00365	0.00293	0.00562
13	0.00958	0.02699	0.19992	0.04342	0.13001	0.02686	0.30977	0.03950	0.03250	0.09204	0.00868	0.03207	0.00670	0.01962	0.00428	0.00126	0.00525	0.00391	0.00226	0.00539
14	0.02133	0.00548	0.00682	0.00629	0.03066	0.01599	0.00466	0.03014	0.07403	0.28833	0.19476	0.15853	0.09514	0.04423	0.00483	0.00136	0.00273	0.00605	0.00395	0.00470
15	0.02596	0.04745	0.19795	0.01818	0.01196	0.06418	0.04539	0.12429	0.06606	0.28107	0.02651	0.01144	0.03160	0.00504	0.02475	0.00129	0.00442	0.00358	0.00320	0.00568
16	0.01073	0.05868	0.15627	0.03820	0.12222	0.06024	0.05240	0.02431	0.05014	0.22352	0.01097	0.03099	0.03712	0.04793	0.02277	0.00141	0.04023	0.00381	0.00277	0.00530

[dist]
# distance from previous block
# <min> <max>
4	7

[block]
# block no. 8 follows, 72 sequences, length 57
# corresponding to MSA columns:
# 247-303
name=unknown_I
#
# <colnr> <probs for GDERKNQSTAVLIFYWHMCP>
#	G	D	E	R	K	N	Q	S	T	A	V	L	I	F	Y	W	H	M	C	P
0	0.00774	0.00699	0.01009	0.00806	0.00989	0.00741	0.08999	0.00923	0.00702	0.02363	0.00718	0.00996	0.00638	0.02403	0.16868	0.00209	0.26201	0.00323	0.00203	0.33434
1	0.02675	0.01769	0.06827	0.06503	0.21836	0.03199	0.07760	0.10006	0.01867	0.20763	0.00965	0.01043	0.02208	0.00405	0.00400	0.00113	0.03204	0.00348	0.00279	0.07831
2	0.16621	0.08039	0.12532	0.02482	0.18202	0.04326	0.10068	0.14137	0.01955	0.03611	0.01648	0.00890	0.00600	0.01722	0.00369	0.00117	0.00449	0.00313	0.00234	0.01685
3	0.00753	0.00623	0.00936	0.35903	0.10480	0.00692	0.00810	0.01037	0.08503	0.05120	0.01476	0.02088	0.11170	0.00608	0.00419	0.00135	0.00400	0.18140	0.00267	0.00440
4	0.00603	0.00410	0.00529	0.00489	0.00593	0.00378	0.00370	0.01962	0.01076	0.05528	0.75534	0.02765	0.06787	0.00764	0.00443	0.00119	0.00190	0.00671	0.00417	0.00374
5	0.00554	0.03070	0.01987	0.00617	0.03349	0.00445	0.01367	0.01698	0.01872	0.01017	0.02810	0.45411	0.15080	0.07869	0.00604	0.00164	0.02831	0.08592	0.00322	0.00341
6	0.00860	0.10224	0.64586	0.01039	0.01543	0.00975	0.04739	0.09447	0.00901	0.01291	0.00692	0.00802	0.00502	0.00365	0.00354	0.00116	0.00534	0.00286	0.00184	0.00560
7	0.00830	0.00830	0.01162	0.00996	0.00996	0.01162	0.00830	0.00913	0.00581	0.00913	0.00498	0.00830	0.00498	0.00664	0.01245	0.00166	0.85977	0.00332	0.00166	0.00415
8	0.00477	0.00341	0.00457	0.00541	0.00571	0.00321	0.00375	0.00556	0.00749	0.00999	0.04536	0.76838	0.02512	0.01164	0.00486	0.00155	0.00230	0.08025	0.00354	0.00313
9	0.00893	0.03387	0.02184	0.00897	0.00973	0.11425	0.00741	0.03406	0.04127	0.02065	0.00835	0.01071	0.05896	0.00799	0.07840	0.00185	0.52289	0.00357	0.00203	0.00427
10	0.04759	0.00835	0.00969	0.00750	0.01042	0.03204	0.00617	0.31752	0.01327	0.48895	0.01219	0.01109	0.00799	0.00458	0.00374	0.00115	0.00367	0.00356	0.00420	0.00631
11	0.01025	0.00829	0.00888	0.00768	0.00993	0.00939	0.00606	0.17738	0.60175	0.03268	0.07367	0.01416	0.01228	0.00521	0.00389	0.00125	0.00315	0.00429	0.00388	0.00592
12	0.01702	0.00645	0.00880	0.00675	0.00968	0.00557	0.00557	0.01848	0.01085	0.84568	0.01496	0.01291	0.00939	0.00469	0.00381	0.00117	0.00323	0.00381	0.00469	0.00645
13	0.00551	0.00371	0.00432	0.00432	0.00438	0.00378	0.00252	0.00563	0.00557	0.00749	0.01178	0.02390	0.01339	0.78930	0.09618	0.00390	0.00428	0.00538	0.00227	0.00240
14	0.00895	0.01023	0.02238	0.01598	0.01982	0.00959	0.82928	0.01215	0.00895	0.01215	0.00767	0.01023	0.00575	0.00320	0.00448	0.00128	0.00639	0.00448	0.00192	0.00512
15	0.37883	0.01306	0.00924	0.00810	0.01034	0.44083	0.05017	0.02843	0.00900	0.01292	0.00578	0.00678	0.00464	0.00372	0.00304	0.00108	0.00515	0.00241	0.00215	0.00435
16	0.00859	0.00751	0.00946	0.00820	0.01016	0.00849	0.08708	0.02899	0.55144	0.01398	0.01332	0.01397	0.01047	0.02875	0.16635	0.00226	0.01815	0.00426	0.00325	0.00531
17	0.05783	0.00819	0.00901	0.00674	0.00991	0.00772	0.00547	0.30281	0.02841	0.01680	0.00769	0.00835	0.00596	0.00352	0.00316	0.00082	0.00331	0.00270	0.00284	0.50879
18	0.00464	0.00332	0.00444	0.00530	0.00553	0.00312	0.00355	0.00532	0.00723	0.00966	0.02064	0.84352	0.02470	0.01229	0.02550	0.00165	0.00239	0.01062	0.00348	0.00309
19	0.28746	0.00805	0.00862	0.00683	0.00961	0.00844	0.00564	0.27364	0.01170	0.32867	0.01011	0.00961	0.00682	0.00429	0.00335	0.00116	0.00344	0.00314	0.00368	0.00573
20	0.00501	0.00384	0.00564	0.05153	0.00727	0.00370	0.04112	0.00597	0.00762	0.01022	0.08267	0.71551	0.02396	0.01074	0.00474	0.00149	0.00251	0.00980	0.00340	0.00327
21	0.00823	0.00733	0.00803	0.00592	0.00916	0.04344	0.00470	0.01037	0.05251	0.01241	0.00717	0.00816	0.00590	0.00298	0.00289	0.00062	0.00300	0.00237	0.00232	0.80249
22	0.00794	0.00685	0.00858	0.03697	0.15193	0.00738	0.00629	0.01393	0.39748	0.01426	0.18543	0.03162	0.09315	0.00592	0.00406	0.00125	0.00297	0.01542	0.00347	0.00511
23	0.00680	0.00586	0.00788	0.30656	0.01365	0.03268	0.00651	0.04735	0.07004	0.01069	0.02898	0.18773	0.07661	0.06315	0.11671	0.00209	0.00462	0.00557	0.00260	0.00391
24	0.89350	0.00733	0.00557	0.00499	0.00733	0.00851	0.00411	0.01115	0.00645	0.01702	0.00528	0.00616	0.00411	0.00352	0.00235	0.00117	0.00293	0.00205	0.00235	0.00411
25	0.00923	0.00805	0.00940	0.00965	0.12941	0.00880	0.00659	0.03755	0.58821	0.01504	0.01397	0.01344	0.03701	0.00479	0.00376	0.00119	0.00319	0.00405	0.00340	0.09326
26	0.03534	0.00706	0.04047	0.01358	0.00908	0.00669	0.01483	0.15081	0.09613	0.22821	0.22028	0.03128	0.03779	0.03150	0.00457	0.00127	0.01650	0.01987	0.00382	0.03091
27	0.02201	0.18774	0.63200	0.00968	0.01464	0.00989	0.01199	0.01216	0.00805	0.04904	0.00685	0.00782	0.00501	0.00358	0.00336	0.00112	0.00515	0.00268	0.00176	0.00547
28	0.01277	0.01043	0.01013	0.00834	0.01090	0.12072	0.00667	0.41055	0.26308	0.06539	0.03415	0.01108	0.00877	0.00474	0.00378	0.00117	0.00405	0.00367	0.00363	0.00597
29	0.00487	0.00374	0.00447	0.00454	0.00543	0.00333	0.00331	0.00610	0.00919	0.01214	0.36087	0.21819	0.33141	0.00936	0.00456	0.00130	0.00193	0.00816	0.00379	0.00333
30	0.03726	0.02480	0.26432	0.01040	0.05508	0.04115	0.11957	0.22060	0.01106	0.06847	0.05336	0.01045	0.02281	0.00415	0.00376	0.00115	0.00470	0.00352	0.00265	0.04074
31	0.11796	0.16444	0.02718	0.00790	0.01047	0.17193	0.03308	0.15727	0.19047	0.03016	0.02644	0.01799	0.02041	0.00435	0.00337	0.00110	0.00424	0.00325	0.00281	0.00519
32	0.00462	0.00337	0.00435	0.00511	0.00546	0.00310	0.00345	0.00533	0.00747	0.00983	0.03559	0.75656	0.11870	0.01156	0.00479	0.00151	0.00216	0.01040	0.00353	0.00310
33	0.00745	0.02638	0.43842	0.00952	0.03772	0.00778	0.06055	0.01189	0.12717	0.01294	0.14988	0.02631	0.05777	0.00493	0.00389	0.00122	0.00433	0.00421	0.00252	0.00512
34	0.00961	0.05840	0.05565	0.02285	0.17842	0.07672	0.03120	0.09858	0.09660	0.06742	0.04743	0.12380	0.03549	0.01714	0.00403	0.00119	0.00389	0.00457	0.00284	0.06416
35	0.04038	0.06483	0.03652	0.00913	0.01181	0.00890	0.18104	0.19719	0.14339	0.08407	0.03396	0.05780	0.03823	0.00571	0.02223	0.00134	0.00422	0.05081	0.00316	0.00529
36	0.00989	0.78507	0.10161	0.00692	0.01039	0.01439	0.00723	0.01142	0.00774	0.00923	0.00542	0.00627	0.00486	0.00328	0.00255	0.00085	0.00421	0.00210	0.00162	0.00494
37	0.00762	0.00509	0.00621	0.00591	0.00708	0.00505	0.00441	0.14147	0.03704	0.08531	0.19831	0.39403	0.05457	0.00884	0.00446	0.00135	0.00256	0.02274	0.00382	0.00413
38	0.00912	0.01783	0.17488	0.01087	0.10760	0.02900	0.12859	0.11001	0.11289	0.05441	0.05220	0.10858	0.04662	0.00531	0.00412	0.00124	0.01394	0.00474	0.00281	0.00523
39	0.01090	0.02731	0.13062	0.20509	0.10817	0.13437	0.00930	0.19945	0.03356	0.06543	0.00793	0.00925	0.00592	0.00434	0.01398	0.00122	0.02215	0.00320	0.00247	0.00534
40	0.00589	0.00434	0.00541	0.00523	0.00538	0.00483	0.00349	0.01663	0.00590	0.00813	0.01145	0.07847	0.01283	0.58153	0.12957	0.00358	0.10688	0.00539	0.00229	0.00277
41	0.00926	0.00511	0.00646	0.00605	0.01859	0.02514	0.00445	0.01046	0.01871	0.27932	0.12592	0.27432	0.05693	0.08748	0.02849	0.00166	0.02697	0.00664	0.00372	0.00431
42	0.03913	0.03150	0.08971	0.02931	0.23027	0.10971	0.10363	0.19971	0.03568	0.06176	0.00820	0.02003	0.00632	0.00399	0.00384	0.00115	0.01447	0.00342	0.00255	0.00562
43	0.05762	0.03603	0.02449	0.12029	0.41251	0.11825	0.02136	0.09991	0.00959	0.01298	0.02257	0.00928	0.00625	0.00421	0.01966	0.00122	0.01305	0.00323	0.00213	0.00536
44	0.01087	0.01072	0.01225	0.01007	0.01168	0.21732	0.12830	0.07251	0.02625	0.08201	0.03430	0.00979	0.00689	0.01726	0.02288	0.00144	0.31494	0.00350	0.00233	0.00470
45	0.00517	0.00364	0.00443	0.00467	0.00499	0.00359	0.00304	0.00570	0.00656	0.00877	0.02992	0.25755	0.10931	0.39445	0.12030	0.00303	0.00384	0.00705	0.02120	0.00280
46	0.03355	0.00623	0.00788	0.06807	0.14313	0.05027	0.00587	0.00969	0.08800	0.01342	0.39304	0.06425	0.05482	0.01990	0.00457	0.00126	0.02295	0.00558	0.00328	0.00426
47	0.10927	0.01072	0.00997	0.00812	0.01074	0.24398	0.04488	0.16426	0.02247	0.27941	0.01021	0.01002	0.02409	0.00430	0.00356	0.00110	0.00449	0.00325	0.00327	0.03191
48	0.01353	0.10913	0.01234	0.00942	0.06483	0.11486	0.00733	0.51094	0.02990	0.06521	0.00852	0.00879	0.00629	0.00430	0.00372	0.00109	0.01745	0.00317	0.00322	0.00594
49	0.01336	0.03447	0.01114	0.04857	0.05695	0.72339	0.00764	0.01479	0.03731	0.00967	0.00627	0.00735	0.00517	0.00390	0.00345	0.00100	0.00645	0.00259	0.00199	0.00454
50	0.01013	0.00570	0.00699	0.00618	0.00798	0.00558	0.00479	0.02888	0.19358	0.29280	0.13991	0.18107	0.08608	0.00703	0.00417	0.00128	0.00268	0.00605	0.00409	0.00501
51	0.00761	0.00480	0.00601	0.00541	0.00679	0.00459	0.00417	0.01040	0.11217	0.14263	0.55078	0.02492	0.07987	0.00711	0.00431	0.00121	0.00219	0.01656	0.00417	0.00429
52	0.00474	0.00377	0.00426	0.00432	0.00533	0.00328	0.00317	0.00588	0.00898	0.01148	0.25022	0.16535	0.49688	0.00947	0.00454	0.00130	0.00193	0.00814	0.00370	0.00328
53	0.00809	0.00468	0.00609	0.00536	0.00676	0.00435	0.00416	0.04318	0.01085	0.18445	0.59352	0.02415	0.04655	0.00771	0.03182	0.00135	0.00245	0.00603	0.00418	0.00427
54	0.40463	0.00775	0.00850	0.00684	0.00948	0.04382	0.06841	0.05318	0.00908	0.31150	0.03625	0.00977	0.00729	0.00412	0.00322	0.00117	0.00349	0.00310	0.00326	0.00513
55	0.01235	0.02992	0.02643	0.00841	0.01118	0.00945	0.06976	0.32922	0.23216	0.15927	0.05242	0.01209	0.00967	0.00474	0.00385	0.00119	0.00375	0.00392	0.01423	0.00600
56	0.89350	0.00733	0.00557	0.00499	0.00733	0.00851	0.00411	0.01115	0.00645	0.01702	0.00528	0.00616	0.00411	0.00352	0.00235	0.00117	0.00293	0.00205	0.00235	0.00411

[dist]
# distance from previous block
# <min> <max>
1	4

[block]
# block no. 9 follows, 72 sequences, length 12
# corresponding to MSA columns:
# 308-319
name=unknown_J
#
# <colnr> <probs for GDERKNQSTAVLIFYWHMCP>
#	G	D	E	R	K	N	Q	S	T	A	V	L	I	F	Y	W	H	M	C	P
0	0.00540	0.00434	0.00558	0.00514	0.00619	0.00403	0.05222	0.00694	0.04341	0.01141	0.25432	0.08852	0.32004	0.16715	0.00722	0.00172	0.00254	0.00705	0.00340	0.00336
1	0.01172	0.21938	0.06394	0.00973	0.07565	0.17071	0.07423	0.14632	0.01051	0.09458	0.02522	0.00869	0.00643	0.00382	0.00338	0.00101	0.00471	0.00297	0.00248	0.06451
2	0.00830	0.00830	0.01162	0.00996	0.00996	0.01162	0.00830	0.00913	0.00581	0.00913	0.00498	0.00830	0.00498	0.00664	0.01245	0.00166	0.85977	0.00332	0.00166	0.00415
3	0.00949	0.35207	0.37406	0.00952	0.03940	0.04942	0.05195	0.01221	0.00822	0.05190	0.00662	0.00760	0.00515	0.00350	0.00319	0.00104	0.00494	0.00264	0.00180	0.00529
4	0.00976	0.12063	0.31691	0.02536	0.16898	0.00899	0.05355	0.04306	0.02229	0.12952	0.00893	0.05985	0.00711	0.00420	0.00365	0.00116	0.00460	0.00357	0.00234	0.00555
5	0.00478	0.00343	0.00440	0.00503	0.00534	0.00320	0.00336	0.00549	0.00747	0.00997	0.09714	0.64760	0.07024	0.10595	0.00639	0.00173	0.00231	0.00968	0.00345	0.00305
6	0.00604	0.00407	0.00518	0.00489	0.00591	0.00376	0.00367	0.00787	0.02953	0.06131	0.63425	0.09076	0.09149	0.00789	0.00441	0.00122	0.00194	0.00693	0.02515	0.00373
7	0.00950	0.13651	0.29032	0.03654	0.26525	0.06223	0.03383	0.05246	0.04238	0.02577	0.00724	0.00858	0.00565	0.00362	0.00352	0.00111	0.00492	0.00301	0.00197	0.00557
8	0.01072	0.00591	0.00874	0.00750	0.02594	0.00556	0.09094	0.04066	0.02935	0.34229	0.05250	0.25143	0.01472	0.07244	0.00554	0.00149	0.01963	0.00607	0.00370	0.00486
9	0.00755	0.00433	0.00555	0.00508	0.00634	0.00388	0.00384	0.00896	0.00988	0.18410	0.43341	0.12235	0.14468	0.03676	0.00488	0.00133	0.00221	0.00680	0.00405	0.00401
10	0.00911	0.09391	0.56069	0.01051	0.01531	0.00993	0.08131	0.15086	0.00973	0.01376	0.00713	0.00821	0.00517	0.00370	0.00360	0.00116	0.00529	0.00298	0.00200	0.00564
11	0.04010	0.03421	0.06451	0.06376	0.27530	0.02436	0.03544	0.30521	0.02734	0.08039	0.00843	0.00939	0.00628	0.00398	0.00370	0.00114	0.00440	0.00334	0.00280	0.00592

[dist]
# distance from previous block
# <min> <max>
10	26

[block]
# block no. 10 follows, 72 sequences, length 33
# corresponding to MSA columns:
# 349-381
name=unknown_K
#
# <colnr> <probs for GDERKNQSTAVLIFYWHMCP>
#	G	D	E	R	K	N	Q	S	T	A	V	L	I	F	Y	W	H	M	C	P
0	0.00744	0.00622	0.01757	0.00925	0.18125	0.02117	0.01416	0.05350	0.07069	0.03132	0.25840	0.03260	0.11290	0.11660	0.02782	0.00162	0.00329	0.00537	0.00314	0.02568
1	0.03023	0.03529	0.11171	0.02831	0.38663	0.00823	0.07250	0.02897	0.01992	0.11536	0.05891	0.01067	0.00804	0.00383	0.00371	0.00111	0.00427	0.00352	0.00243	0.06635
2	0.00889	0.00885	0.07801	0.01281	0.30363	0.01977	0.03903	0.01138	0.04085	0.04520	0.02453	0.00935	0.00668	0.00337	0.00339	0.00091	0.00383	0.00301	0.00225	0.37426
3	0.01361	0.00819	0.00947	0.00737	0.01014	0.00831	0.00597	0.35836	0.07893	0.29207	0.01148	0.01164	0.00821	0.06005	0.00470	0.00126	0.00359	0.00363	0.00384	0.09918
4	0.01214	0.02225	0.05154	0.00959	0.05884	0.01049	0.03523	0.43747	0.14983	0.06505	0.03118	0.01053	0.00794	0.00474	0.00453	0.00121	0.07445	0.00365	0.00338	0.00598
5	0.00552	0.00368	0.00414	0.00414	0.00414	0.00368	0.00230	0.00552	0.00552	0.00735	0.01195	0.02482	0.01379	0.86672	0.01930	0.00368	0.00368	0.00552	0.00230	0.00230
6	0.00463	0.00337	0.00437	0.00514	0.00547	0.00311	0.00347	0.00535	0.00749	0.00990	0.04702	0.76627	0.09734	0.01156	0.00480	0.00151	0.00216	0.01042	0.00354	0.00311
7	0.89350	0.00733	0.00557	0.00499	0.00733	0.00851	0.00411	0.01115	0.00645	0.01702	0.00528	0.00616	0.00411	0.00352	0.00235	0.00117	0.00293	0.00205	0.00235	0.00411
8	0.01442	0.01062	0.01138	0.00873	0.01176	0.01176	0.00721	0.83041	0.01783	0.02390	0.00911	0.00911	0.00645	0.00455	0.00379	0.00114	0.00417	0.00341	0.00379	0.00645
9	0.00799	0.14715	0.72286	0.01016	0.01541	0.00974	0.01288	0.01191	0.00796	0.01155	0.00658	0.00772	0.00481	0.00355	0.00343	0.00114	0.00537	0.00269	0.00160	0.00549
10	0.00567	0.00397	0.00503	0.00471	0.00574	0.00360	0.00355	0.00733	0.01044	0.04517	0.69434	0.02894	0.15146	0.00791	0.00445	0.00120	0.00186	0.00691	0.00410	0.00363
11	0.00724	0.00682	0.01151	0.82862	0.05450	0.00845	0.01057	0.00976	0.00762	0.00978	0.00675	0.01009	0.00509	0.00378	0.00379	0.00126	0.00504	0.00337	0.00169	0.00428
12	0.00512	0.00363	0.00484	0.00563	0.00601	0.00349	0.00411	0.00601	0.00749	0.00990	0.01976	0.55259	0.02303	0.09899	0.00643	0.00182	0.00271	0.23193	0.00339	0.00311
13	0.00716	0.00674	0.01138	0.85760	0.02612	0.00843	0.01053	0.00969	0.00758	0.00969	0.00674	0.01011	0.00506	0.00379	0.00379	0.00126	0.00506	0.00337	0.00169	0.00421
14	0.01014	0.86900	0.01987	0.00649	0.00973	0.01501	0.00649	0.01136	0.00771	0.00892	0.00527	0.00608	0.00487	0.00324	0.00243	0.00081	0.00406	0.00203	0.00162	0.00487
15	0.01014	0.86900	0.01987	0.00649	0.00973	0.01501	0.00649	0.01136	0.00771	0.00892	0.00527	0.00608	0.00487	0.00324	0.00243	0.00081	0.00406	0.00203	0.00162	0.00487
16	0.00976	0.00884	0.00873	0.00786	0.00999	0.06809	0.00610	0.01980	0.77871	0.01541	0.01477	0.01364	0.01111	0.00506	0.00383	0.00126	0.00327	0.00416	0.00373	0.00589
17	0.00514	0.00403	0.00479	0.00555	0.00595	0.03847	0.00388	0.00592	0.00759	0.00983	0.02094	0.72259	0.05837	0.01133	0.00480	0.00152	0.00249	0.08017	0.00345	0.00318
18	0.00786	0.00674	0.00786	0.00562	0.00899	0.00506	0.00449	0.00955	0.00786	0.01236	0.00674	0.00786	0.00562	0.00281	0.00281	0.00056	0.00281	0.00225	0.00225	0.88990
19	0.04864	0.00891	0.01465	0.01914	0.58724	0.00901	0.08666	0.07537	0.00938	0.05287	0.02900	0.00993	0.00684	0.00370	0.00396	0.00116	0.02196	0.00353	0.00224	0.00580
20	0.01702	0.00645	0.00880	0.00675	0.00968	0.00557	0.00557	0.01848	0.01085	0.84568	0.01496	0.01291	0.00939	0.00469	0.00381	0.00117	0.00323	0.00381	0.00469	0.00645
21	0.00637	0.00441	0.00646	0.00620	0.00647	0.00522	0.00466	0.00636	0.00556	0.00791	0.00788	0.01262	0.00763	0.03365	0.35417	0.37292	0.14327	0.00365	0.00182	0.00277
22	0.00580	0.00398	0.00465	0.00442	0.00551	0.00352	0.00327	0.00683	0.00900	0.06632	0.29154	0.02989	0.41349	0.07269	0.00618	0.05688	0.00218	0.00688	0.00360	0.00337
23	0.01529	0.00861	0.01004	0.00775	0.01068	0.00885	0.00639	0.43579	0.04110	0.38419	0.01193	0.01101	0.00795	0.00463	0.00379	0.00115	0.00368	0.00362	0.01714	0.00639
24	0.00454	0.00378	0.00391	0.00400	0.00512	0.00321	0.00292	0.00543	0.00839	0.01008	0.03569	0.11789	0.72949	0.04226	0.00508	0.00140	0.00202	0.00818	0.00348	0.00316
25	0.01642	0.00713	0.00918	0.00707	0.01000	0.00661	0.00583	0.14024	0.03483	0.69945	0.01410	0.01237	0.00901	0.00469	0.00381	0.00117	0.00336	0.00377	0.00454	0.00644
26	0.01132	0.00564	0.00824	0.00661	0.00874	0.00502	0.07028	0.01305	0.01060	0.42064	0.35253	0.01954	0.03909	0.00594	0.00415	0.00119	0.00286	0.00521	0.00423	0.00510
27	0.00840	0.01445	0.42600	0.01268	0.09798	0.03457	0.19444	0.04482	0.00861	0.01219	0.00794	0.06495	0.00655	0.00423	0.00431	0.00125	0.04562	0.00380	0.00193	0.00530
28	0.74671	0.00753	0.00618	0.00543	0.00778	0.00867	0.00444	0.07149	0.06195	0.01739	0.02924	0.00751	0.00564	0.00382	0.00261	0.00118	0.00300	0.00243	0.00260	0.00439
29	0.00762	0.01567	0.61097	0.00928	0.01397	0.00760	0.01126	0.01127	0.00837	0.03328	0.10211	0.01043	0.00857	0.00399	0.00359	0.00111	0.00471	0.00321	0.00206	0.13094
30	0.29176	0.00813	0.00859	0.00700	0.02775	0.00843	0.00559	0.26790	0.01114	0.18472	0.00868	0.00876	0.00617	0.00397	0.00319	0.00107	0.00340	0.00289	0.00324	0.13762
31	0.00604	0.00434	0.00548	0.00563	0.02760	0.00406	0.00396	0.04371	0.01852	0.04007	0.28457	0.32575	0.12372	0.03935	0.00500	0.00140	0.00232	0.01848	0.00365	0.03636
32	0.03426	0.03425	0.01059	0.02146	0.06589	0.23994	0.01635	0.20234	0.22167	0.03074	0.00999	0.05045	0.00806	0.00478	0.00397	0.00116	0.03210	0.00366	0.00297	0.00536

[dist]
# distance from previous block
# <min> <max>
0	1

[block]
# block no. 11 follows, 72 sequences, length 19
# corresponding to MSA columns:
# 383-401
name=unknown_L
#
# <colnr> <probs for GDERKNQSTAVLIFYWHMCP>
#	G	D	E	R	K	N	Q	S	T	A	V	L	I	F	Y	W	H	M	C	P
0	0.01426	0.03391	0.01140	0.00854	0.01155	0.01148	0.00707	0.74341	0.04379	0.06191	0.00948	0.00937	0.00671	0.00454	0.00376	0.00114	0.00409	0.00342	0.00378	0.00639
1	0.00955	0.02388	0.05664	0.03155	0.01081	0.00649	0.01708	0.02922	0.00878	0.07662	0.00816	0.00947	0.00659	0.00375	0.00367	0.00088	0.03126	0.00279	0.00265	0.66015
2	0.02853	0.25442	0.02909	0.00924	0.05540	0.23481	0.06622	0.01382	0.00920	0.19317	0.00790	0.00853	0.00604	0.00428	0.01514	0.00112	0.05264	0.00289	0.00244	0.00511
3	0.00549	0.00412	0.00600	0.00598	0.00655	0.00478	0.00455	0.00667	0.00606	0.00869	0.01052	0.04120	0.01027	0.11441	0.71536	0.00558	0.03401	0.00439	0.00209	0.00329
4	0.00551	0.00411	0.00578	0.00583	0.00629	0.00464	0.00433	0.00643	0.00622	0.00873	0.01234	0.13813	0.02947	0.15483	0.49444	0.03162	0.05552	0.02032	0.00231	0.00316
5	0.00752	0.00578	0.00660	0.00605	0.00749	0.01965	0.00462	0.01252	0.31429	0.05420	0.44843	0.05908	0.02466	0.00677	0.00422	0.00124	0.00240	0.00587	0.00402	0.00460
6	0.12996	0.00726	0.00881	0.00685	0.00972	0.00698	0.00565	0.15173	0.01144	0.60268	0.01274	0.01141	0.00822	0.00452	0.00362	0.00117	0.00335	0.00352	0.00424	0.00615
7	0.00832	0.00862	0.03883	0.01667	0.39980	0.02674	0.20388	0.01045	0.00834	0.01156	0.00993	0.18307	0.00972	0.00522	0.00450	0.00127	0.04069	0.00510	0.00221	0.00508
8	0.00542	0.00397	0.00510	0.00485	0.00576	0.00371	0.00363	0.00740	0.03461	0.01482	0.75424	0.06710	0.05919	0.00793	0.00447	0.00121	0.00185	0.00700	0.00412	0.00361
9	0.04468	0.00648	0.00870	0.00669	0.00961	0.00567	0.00553	0.01825	0.01072	0.81953	0.01466	0.01270	0.00922	0.00466	0.00377	0.00117	0.00322	0.00376	0.00462	0.00638
10	0.01604	0.00722	0.00941	0.00768	0.04043	0.00676	0.00605	0.13563	0.04663	0.66145	0.01385	0.01228	0.00893	0.00464	0.00381	0.00117	0.00340	0.00376	0.00443	0.00642
11	0.01148	0.01135	0.16913	0.01281	0.12571	0.06000	0.25710	0.06579	0.00989	0.22477	0.00927	0.01011	0.00653	0.00381	0.00394	0.00119	0.00508	0.00366	0.00268	0.00571
12	0.00492	0.00385	0.00435	0.00423	0.00534	0.00337	0.00317	0.00625	0.00951	0.01244	0.37787	0.03250	0.47998	0.00869	0.00443	0.00123	0.00186	0.00741	0.02522	0.00337
13	0.00718	0.00660	0.00553	0.00535	0.00585	0.17473	0.00346	0.00750	0.00681	0.00801	0.01235	0.03627	0.06024	0.59545	0.04696	0.00305	0.00444	0.00508	0.00231	0.00283
14	0.86341	0.00770	0.00575	0.00515	0.00748	0.03736	0.00422	0.01129	0.00660	0.01675	0.00530	0.00618	0.00413	0.00353	0.00238	0.00117	0.00307	0.00207	0.00233	0.00412
15	0.01228	0.18570	0.07362	0.00888	0.03460	0.15336	0.01652	0.36947	0.03054	0.02627	0.00831	0.04846	0.00675	0.00442	0.00350	0.00107	0.00461	0.00331	0.00281	0.00553
16	0.00553	0.00386	0.00522	0.00522	0.00557	0.00422	0.00364	0.00614	0.00579	0.00807	0.01069	0.01881	0.01110	0.37480	0.45813	0.05656	0.00707	0.00462	0.00212	0.00283
17	0.01017	0.16336	0.09904	0.00826	0.01062	0.30314	0.04557	0.04016	0.02432	0.01987	0.08930	0.05065	0.02308	0.04225	0.04326	0.00141	0.00520	0.01356	0.00233	0.00446
18	0.12277	0.00690	0.02341	0.00720	0.02416	0.03096	0.01689	0.01335	0.01959	0.38330	0.04294	0.08491	0.03513	0.00703	0.05659	0.00157	0.11042	0.00433	0.00347	0.00509

[dist]
# distance from previous block
# <min> <max>
0	1

[block]
# block no. 12 follows, 72 sequences, length 66
# corresponding to MSA columns:
# 403-468
name=unknown_M
#
# <colnr> <probs for GDERKNQSTAVLIFYWHMCP>
#	G	D	E	R	K	N	Q	S	T	A	V	L	I	F	Y	W	H	M	C	P
