[name]
unknown

[dist]
# distance from previous block
# <min> <max>
0	59

[block]
# block no. 0 follows, 74 sequences, length 84
# corresponding to MSA columns:
# 59-142
name=unknown_A
#
# <colnr> <probs for GDERKNQSTAVLIFYWHMCP>
#	G	D	E	R	K	N	Q	S	T	A	V	L	I	F	Y	W	H	M	C	P
0	0.00641	0.00494	0.00568	0.00545	0.00674	0.00498	0.00418	0.01013	0.22609	0.03803	0.27622	0.09702	0.22778	0.00781	0.00429	0.00128	0.00228	0.06288	0.00376	0.00407
1	0.00859	0.01737	0.67750	0.01047	0.01547	0.00912	0.04858	0.14547	0.00944	0.01365	0.00706	0.00811	0.00500	0.00366	0.00359	0.00117	0.00529	0.00291	0.00193	0.00560
2	0.01071	0.01218	0.01449	0.01584	0.33577	0.31192	0.16534	0.01255	0.00907	0.01078	0.00650	0.00838	0.00537	0.00367	0.00425	0.00111	0.06199	0.00318	0.00186	0.00503
3	0.02490	0.00785	0.00842	0.00734	0.00962	0.00876	0.00576	0.05266	0.67807	0.07160	0.01406	0.01300	0.01045	0.00480	0.00368	0.00119	0.00299	0.00395	0.00369	0.06720
4	0.01365	0.00732	0.01057	0.00814	0.01086	0.01974	0.12799	0.08181	0.06689	0.50615	0.04381	0.02367	0.02228	0.00496	0.01345	0.00124	0.02377	0.00406	0.00388	0.00578
5	0.00598	0.00496	0.00507	0.00489	0.00619	0.03871	0.00367	0.00837	0.12666	0.03782	0.14215	0.11338	0.47164	0.00838	0.00427	0.00125	0.00228	0.00709	0.00356	0.00371
6	0.00452	0.00323	0.00431	0.00517	0.00538	0.00301	0.00345	0.00517	0.00711	0.00948	0.02046	0.86713	0.02455	0.01163	0.00474	0.00151	0.00215	0.01055	0.00345	0.00301
7	0.01249	0.00919	0.02458	0.02499	0.01389	0.05970	0.31356	0.15911	0.01095	0.29347	0.01036	0.03362	0.00738	0.00414	0.00397	0.00118	0.00472	0.00399	0.00315	0.00557
8	0.00912	0.00875	0.01494	0.04979	0.81994	0.00880	0.01136	0.01133	0.00842	0.01204	0.00697	0.00921	0.00585	0.00332	0.00368	0.00111	0.00443	0.00331	0.00183	0.00582
9	0.00530	0.00397	0.00593	0.00593	0.00658	0.00462	0.00459	0.00660	0.00595	0.00859	0.00998	0.01477	0.00936	0.04453	0.83827	0.00592	0.00982	0.00401	0.00199	0.00329
10	0.00532	0.00410	0.00513	0.01674	0.00628	0.03478	0.02328	0.00610	0.00742	0.02880	0.02011	0.69864	0.07237	0.03208	0.00498	0.00151	0.00252	0.02334	0.00332	0.00319
11	0.02006	0.52113	0.13553	0.00774	0.01109	0.08326	0.03797	0.06481	0.04073	0.03768	0.00644	0.00714	0.00528	0.00348	0.00288	0.00093	0.00443	0.00244	0.00195	0.00502
12	0.00452	0.00323	0.00431	0.00517	0.00538	0.00301	0.00345	0.00517	0.00711	0.00948	0.02046	0.86713	0.02455	0.01163	0.00474	0.00151	0.00215	0.01055	0.00345	0.00301
13	0.00961	0.51165	0.01487	0.00632	0.00948	0.03382	0.00580	0.06808	0.00836	0.01084	0.00590	0.00674	0.00511	0.00315	0.00262	0.00074	0.00366	0.00216	0.00194	0.28915
14	0.00876	0.01001	0.02190	0.01564	0.01940	0.00939	0.83292	0.01189	0.00876	0.01189	0.00751	0.01001	0.00563	0.00313	0.00438	0.00125	0.00626	0.00438	0.00188	0.00501
15	0.03724	0.00905	0.01138	0.54259	0.10370	0.16877	0.02013	0.01074	0.00802	0.00991	0.00637	0.00902	0.00499	0.00379	0.00395	0.00118	0.04001	0.00310	0.00174	0.00434
16	0.86735	0.00728	0.00564	0.00500	0.00732	0.00843	0.00412	0.03744	0.00668	0.01687	0.00529	0.00612	0.00409	0.00348	0.00234	0.00115	0.00291	0.00205	0.00234	0.00409
17	0.01088	0.00817	0.01232	0.08268	0.45291	0.01898	0.00906	0.11042	0.01949	0.17443	0.04263	0.01089	0.00785	0.01814	0.00397	0.00117	0.00406	0.00356	0.00270	0.00570
18	0.00485	0.00377	0.00441	0.00427	0.00530	0.00333	0.00320	0.00623	0.00954	0.01263	0.47063	0.04408	0.39750	0.00846	0.00439	0.00121	0.00182	0.00727	0.00379	0.00333
19	0.00456	0.00360	0.00413	0.00448	0.00532	0.00317	0.00325	0.00547	0.00806	0.01009	0.06308	0.33437	0.47092	0.01018	0.00455	0.00137	0.00206	0.05475	0.00347	0.00312
20	0.01665	0.00632	0.00861	0.00660	0.00948	0.00546	0.00546	0.01809	0.01062	0.84897	0.01464	0.01263	0.00919	0.00459	0.00373	0.00115	0.00316	0.00373	0.00459	0.00632
21	0.00744	0.01920	0.85032	0.01058	0.01607	0.00862	0.01371	0.01176	0.00784	0.01176	0.00666	0.00784	0.00470	0.00353	0.00353	0.00118	0.00549	0.00274	0.00157	0.00549
22	0.00530	0.00398	0.00597	0.00597	0.00663	0.00464	0.00464	0.00663	0.00597	0.00862	0.00994	0.01458	0.00928	0.02784	0.85484	0.00597	0.00994	0.00398	0.00199	0.00331
23	0.00488	0.00378	0.00445	0.00428	0.00532	0.00334	0.00321	0.00629	0.00963	0.01280	0.49839	0.03116	0.38237	0.00837	0.00438	0.00120	0.00181	0.00719	0.00381	0.00334
24	0.00645	0.00322	0.00484	0.00484	0.00484	0.00322	0.00322	0.00484	0.00484	0.00645	0.00645	0.01128	0.00645	0.01289	0.01451	0.89201	0.00322	0.00322	0.00161	0.00161
25	0.00446	0.00376	0.00386	0.00384	0.00506	0.00317	0.00288	0.00547	0.00864	0.01045	0.10718	0.03503	0.77505	0.00924	0.00439	0.00125	0.00187	0.00774	0.00350	0.00317
26	0.00992	0.87178	0.01945	0.00635	0.00953	0.01469	0.00635	0.01111	0.00754	0.00873	0.00516	0.00595	0.00476	0.00318	0.00238	0.00079	0.00397	0.00198	0.00159	0.00476
27	0.46121	0.00754	0.00750	0.00611	0.00871	0.00808	0.00504	0.17188	0.00976	0.26833	0.00874	0.00857	0.00602	0.00399	0.00300	0.00114	0.00319	0.00279	0.00326	0.00515
28	0.01008	0.03995	0.20626	0.00836	0.01138	0.00937	0.01803	0.21289	0.30245	0.05228	0.01074	0.01137	0.00816	0.05607	0.00476	0.00133	0.02425	0.00361	0.00304	0.00560
29	0.75216	0.00855	0.00613	0.00551	0.00770	0.12584	0.00442	0.01132	0.00688	0.01538	0.00540	0.00655	0.00435	0.02396	0.00284	0.00118	0.00342	0.00214	0.00224	0.00402
30	0.08875	0.03758	0.06772	0.03688	0.01187	0.47858	0.03637	0.07015	0.00989	0.06212	0.00653	0.00752	0.00512	0.00399	0.00392	0.00107	0.06245	0.00267	0.00217	0.00464
31	0.00620	0.00479	0.00566	0.00582	0.00690	0.00488	0.00449	0.02770	0.18597	0.02089	0.06846	0.27257	0.18096	0.00903	0.00449	0.00142	0.00257	0.17977	0.00357	0.00387
32	0.00701	0.00660	0.01113	0.86063	0.02556	0.00825	0.01031	0.00948	0.00742	0.00948	0.00660	0.00990	0.00495	0.00371	0.00371	0.00124	0.00495	0.00330	0.00165	0.00412
33	0.01384	0.01014	0.01086	0.00835	0.01125	0.01121	0.00689	0.80354	0.01709	0.02304	0.00903	0.00909	0.00643	0.00445	0.00367	0.00110	0.00400	0.00335	0.03645	0.00621
34	0.00919	0.00882	0.01507	0.02278	0.84640	0.00882	0.01139	0.01139	0.00845	0.01213	0.00698	0.00919	0.00588	0.00331	0.00367	0.00110	0.00441	0.00331	0.00184	0.00588
35	0.47119	0.00577	0.00510	0.00459	0.00642	0.00631	0.00368	0.01098	0.02549	0.09551	0.00880	0.00965	0.00666	0.00391	0.00257	0.00105	0.00249	0.00275	0.32299	0.00408
36	0.00771	0.00732	0.01240	0.58994	0.29076	0.00843	0.01066	0.01010	0.00775	0.01034	0.00672	0.00967	0.00525	0.00358	0.00370	0.00119	0.00477	0.00330	0.00171	0.00469
37	0.00931	0.00801	0.00844	0.00757	0.00968	0.00927	0.00589	0.03278	0.82651	0.01565	0.01501	0.01377	0.01125	0.00503	0.00378	0.00126	0.00296	0.00418	0.00378	0.00588
38	0.00452	0.00323	0.00431	0.00517	0.00538	0.00301	0.00345	0.00517	0.00711	0.00948	0.02046	0.86713	0.02455	0.01163	0.00474	0.00151	0.00215	0.01055	0.00345	0.00301
39	0.02397	0.15310	0.01276	0.02910	0.13264	0.17804	0.02967	0.26827	0.01146	0.05125	0.00743	0.00832	0.00579	0.00452	0.02879	0.00116	0.00477	0.00292	0.00254	0.04352
40	0.02648	0.00898	0.03920	0.05215	0.70668	0.00881	0.01085	0.03067	0.04441	0.02526	0.00743	0.00936	0.00607	0.00345	0.00365	0.00112	0.00434	0.00331	0.00200	0.00578
41	0.00930	0.00811	0.01338	0.07168	0.63958	0.00802	0.01006	0.01138	0.00851	0.07313	0.02674	0.02950	0.00713	0.00368	0.00366	0.00109	0.00413	0.00351	0.00214	0.06528
42	0.00605	0.00502	0.00578	0.00474	0.00681	0.00402	0.00368	0.00749	0.00860	0.01207	0.21181	0.02149	0.28573	0.00604	0.00366	0.00092	0.00223	0.00509	0.00304	0.39573
43	0.01082	0.00943	0.04576	0.01856	0.02982	0.05438	0.00670	0.21580	0.48391	0.05324	0.01251	0.02319	0.00936	0.00478	0.00374	0.00120	0.00358	0.00386	0.00353	0.00584
44	0.01398	0.02314	0.01098	0.00834	0.01124	0.01103	0.00690	0.72154	0.04694	0.08333	0.00945	0.00931	0.00667	0.00449	0.00380	0.00112	0.01438	0.00338	0.00372	0.00625
45	0.00514	0.00382	0.00482	0.00462	0.00556	0.00345	0.00343	0.00667	0.00982	0.01363	0.63224	0.11022	0.14017	0.00808	0.00437	0.00119	0.00184	0.00710	0.00388	0.02994
46	0.00994	0.55471	0.20782	0.00768	0.01137	0.01264	0.02153	0.09058	0.00867	0.03597	0.00618	0.00693	0.00504	0.00342	0.00284	0.00093	0.00434	0.00238	0.00188	0.00513
47	0.00910	0.36042	0.24174	0.01026	0.01422	0.01132	0.25124	0.03010	0.00824	0.02152	0.00646	0.00780	0.00509	0.00330	0.00332	0.00104	0.00504	0.00294	0.00175	0.00508
48	0.00452	0.00323	0.00431	0.00517	0.00538	0.00301	0.00345	0.00517	0.00711	0.00948	0.02046	0.86713	0.02455	0.01163	0.00474	0.00151	0.00215	0.01055	0.00345	0.00301
49	0.00793	0.00674	0.00782	0.00561	0.00890	0.00519	0.00450	0.03980	0.00806	0.01251	0.00668	0.00774	0.00553	0.00281	0.00278	0.00057	0.00280	0.00224	0.00226	0.85952
50	0.00749	0.01805	0.76867	0.01068	0.01585	0.00847	0.06319	0.01151	0.00778	0.01157	0.00670	0.00810	0.00482	0.00385	0.00398	0.03408	0.00545	0.00286	0.00159	0.00531
51	0.00645	0.00322	0.00484	0.00484	0.00484	0.00322	0.00322	0.00484	0.00484	0.00645	0.00645	0.01128	0.00645	0.01289	0.01451	0.89201	0.00322	0.00322	0.00161	0.00161
52	0.01387	0.01769	0.01052	0.00956	0.01148	0.85465	0.00717	0.01482	0.01052	0.00908	0.00574	0.00669	0.00478	0.00383	0.00335	0.00096	0.00669	0.00239	0.00191	0.00430
53	0.00539	0.00363	0.00421	0.00421	0.00426	0.00369	0.00245	0.00550	0.00545	0.00732	0.01155	0.02348	0.01314	0.79927	0.08869	0.00380	0.00413	0.00528	0.00223	0.00234
54	0.00992	0.87178	0.01945	0.00635	0.00953	0.01469	0.00635	0.01111	0.00754	0.00873	0.00516	0.00595	0.00476	0.00318	0.00238	0.00079	0.00397	0.00198	0.00159	0.00476
55	0.89577	0.00718	0.00546	0.00488	0.00718	0.00833	0.00402	0.01091	0.00632	0.01665	0.00517	0.00603	0.00402	0.00345	0.00230	0.00115	0.00287	0.00201	0.00230	0.00402
56	0.01411	0.01040	0.01114	0.00854	0.01151	0.01151	0.00706	0.83402	0.01745	0.02339	0.00891	0.00891	0.00631	0.00446	0.00371	0.00111	0.00408	0.00334	0.00371	0.00631
57	0.01411	0.01040	0.01114	0.00854	0.01151	0.01151	0.00706	0.83402	0.01745	0.02339	0.00891	0.00891	0.00631	0.00446	0.00371	0.00111	0.00408	0.00334	0.00371	0.00631
58	0.00923	0.00797	0.00839	0.00755	0.00965	0.00923	0.00588	0.01972	0.83969	0.01553	0.01511	0.01385	0.01133	0.00504	0.00378	0.00126	0.00294	0.00420	0.00378	0.00588
59	0.54067	0.03106	0.10596	0.00666	0.00920	0.18497	0.00597	0.01167	0.00752	0.01403	0.00621	0.00823	0.00517	0.00388	0.00281	0.00113	0.00403	0.04443	0.00217	0.00424
60	0.00876	0.01001	0.02190	0.01564	0.01940	0.00939	0.83292	0.01189	0.00876	0.01189	0.00751	0.01001	0.00563	0.00313	0.00438	0.00125	0.00626	0.00438	0.00188	0.00501
61	0.01665	0.00632	0.00861	0.00660	0.00948	0.00546	0.00546	0.01809	0.01062	0.84897	0.01464	0.01263	0.00919	0.00459	0.00373	0.00115	0.00316	0.00373	0.00459	0.00632
62	0.00770	0.00660	0.00770	0.00550	0.00880	0.00495	0.00440	0.00935	0.00770	0.01210	0.00660	0.00770	0.00550	0.00275	0.00275	0.00055	0.00275	0.00220	0.00220	0.89224
63	0.89577	0.00718	0.00546	0.00488	0.00718	0.00833	0.00402	0.01091	0.00632	0.01665	0.00517	0.00603	0.00402	0.00345	0.00230	0.00115	0.00287	0.00201	0.00230	0.00402
64	0.02372	0.13924	0.01205	0.00887	0.00959	0.07854	0.00746	0.00960	0.00638	0.00902	0.00534	0.00810	0.00514	0.00722	0.06877	0.00174	0.59038	0.00302	0.00168	0.00413
65	0.01076	0.69005	0.01755	0.00703	0.00994	0.19342	0.00653	0.01190	0.00818	0.00881	0.00528	0.00611	0.00477	0.00331	0.00259	0.00083	0.00455	0.00207	0.00166	0.00467
66	0.01411	0.01040	0.01114	0.00854	0.01151	0.01151	0.00706	0.83402	0.01745	0.02339	0.00891	0.00891	0.00631	0.00446	0.00371	0.00111	0.00408	0.00334	0.00371	0.00631
67	0.00992	0.87178	0.01945	0.00635	0.00953	0.01469	0.00635	0.01111	0.00754	0.00873	0.00516	0.00595	0.00476	0.00318	0.00238	0.00079	0.00397	0.00198	0.00159	0.00476
68	0.00497	0.00378	0.00457	0.00437	0.00537	0.00338	0.00328	0.00646	0.00984	0.01329	0.58030	0.03034	0.30016	0.00818	0.00438	0.00120	0.00179	0.00708	0.00388	0.00338
69	0.00522	0.00389	0.00575	0.00584	0.00645	0.00444	0.00447	0.00644	0.00609	0.00869	0.01116	0.11110	0.01107	0.03971	0.74515	0.00542	0.00896	0.00474	0.00216	0.00326
70	0.00451	0.00326	0.00428	0.00509	0.00536	0.00302	0.00341	0.00518	0.00718	0.00951	0.02145	0.81901	0.07203	0.01150	0.00472	0.00149	0.00214	0.01039	0.00345	0.00302
71	0.00802	0.00772	0.01342	0.46249	0.36486	0.00855	0.06083	0.01042	0.00793	0.01072	0.00681	0.00961	0.00538	0.00351	0.00374	0.00118	0.00480	0.00337	0.00174	0.00490
72	0.00770	0.00660	0.00770	0.00550	0.00880	0.00495	0.00440	0.00935	0.00770	0.01210	0.00660	0.00770	0.00550	0.00275	0.00275	0.00055	0.00275	0.00220	0.00220	0.89224
73	0.00576	0.00387	0.00500	0.00467	0.00562	0.00357	0.00352	0.00750	0.01035	0.04485	0.76563	0.02637	0.03259	0.00729	0.00425	0.00115	0.00180	0.00641	0.05621	0.00360
74	0.01621	0.00690	0.00902	0.00718	0.02800	0.01711	0.00576	0.09504	0.01122	0.74173	0.01382	0.01213	0.00879	0.00454	0.00372	0.00114	0.00332	0.00367	0.00442	0.00628
75	0.00531	0.00372	0.00455	0.00460	0.00489	0.00381	0.00302	0.00577	0.00594	0.00795	0.01382	0.04052	0.07670	0.56064	0.20254	0.00382	0.00484	0.04259	0.00236	0.00262
76	0.00530	0.00398	0.00597	0.00597	0.00663	0.00464	0.00464	0.00663	0.00597	0.00862	0.00994	0.01458	0.00928	0.02784	0.85484	0.00597	0.00994	0.00398	0.00199	0.00331
77	0.00847	0.00673	0.00789	0.02528	0.00927	0.01709	0.00466	0.01011	0.00796	0.07761	0.00722	0.00812	0.00576	0.00293	0.00286	0.00062	0.00289	0.00235	0.00237	0.78982
78	0.00986	0.85279	0.01910	0.00629	0.00941	0.01444	0.00627	0.01106	0.00755	0.00884	0.00531	0.00613	0.00487	0.00320	0.00239	0.00080	0.00392	0.00202	0.02102	0.00473
79	0.00770	0.00660	0.00770	0.00550	0.00880	0.00495	0.00440	0.00935	0.00770	0.01210	0.00660	0.00770	0.00550	0.00275	0.00275	0.00055	0.00275	0.00220	0.00220	0.89224
80	0.00536	0.00359	0.00405	0.00408	0.00410	0.00357	0.00229	0.00539	0.00550	0.00731	0.01238	0.04964	0.02736	0.82993	0.01823	0.00350	0.00353	0.00559	0.00230	0.00229
81	0.00701	0.00660	0.01113	0.86063	0.02556	0.00825	0.01031	0.00948	0.00742	0.00948	0.00660	0.00990	0.00495	0.00371	0.00371	0.00124	0.00495	0.00330	0.00165	0.00412
82	0.07850	0.00719	0.01138	0.37387	0.31759	0.00787	0.00932	0.00995	0.00770	0.01117	0.00766	0.07366	0.00672	0.00408	0.00360	0.00116	0.00424	0.00368	0.00194	0.05872
83	0.89577	0.00718	0.00546	0.00488	0.00718	0.00833	0.00402	0.01091	0.00632	0.01665	0.00517	0.00603	0.00402	0.00345	0.00230	0.00115	0.00287	0.00201	0.00230	0.00402

[dist]
# distance from previous block
# <min> <max>
0	1

[block]
# block no. 1 follows, 74 sequences, length 52
# corresponding to MSA columns:
# 144-195
name=unknown_B
#
# <colnr> <probs for GDERKNQSTAVLIFYWHMCP>
#	G	D	E	R	K	N	Q	S	T	A	V	L	I	F	Y	W	H	M	C	P
0	0.00982	0.83520	0.05510	0.00653	0.00981	0.01443	0.00667	0.01114	0.00755	0.00886	0.00522	0.00604	0.00476	0.00319	0.00243	0.00081	0.00403	0.00202	0.00159	0.00479
1	0.01387	0.01769	0.01052	0.00956	0.01148	0.85465	0.00717	0.01482	0.01052	0.00908	0.00574	0.00669	0.00478	0.00383	0.00335	0.00096	0.00669	0.00239	0.00191	0.00430
2	0.00449	0.00374	0.00391	0.00392	0.00509	0.00317	0.00292	0.00550	0.00863	0.01053	0.12440	0.06928	0.72309	0.00930	0.00440	0.00125	0.00188	0.00782	0.00352	0.00317
3	0.00468	0.00371	0.00422	0.00436	0.00530	0.00329	0.00317	0.00589	0.02428	0.01095	0.19224	0.24069	0.46496	0.00951	0.00446	0.00130	0.00194	0.00822	0.00358	0.00323
4	0.00525	0.00379	0.00496	0.00467	0.00555	0.00350	0.00350	0.00700	0.01051	0.01488	0.84444	0.02773	0.03502	0.00759	0.00438	0.00117	0.00175	0.00671	0.00409	0.00350
5	0.00459	0.00328	0.00439	0.00525	0.00549	0.00307	0.00357	0.00529	0.00717	0.00955	0.02042	0.82827	0.02440	0.01156	0.00476	0.00152	0.00221	0.04873	0.00344	0.00303
6	0.01362	0.00753	0.00844	0.00692	0.00938	0.06169	0.00556	0.07394	0.22364	0.45711	0.01359	0.01240	0.00928	0.00463	0.00363	0.00114	0.00328	0.00372	0.07466	0.00585
7	0.00797	0.03202	0.78929	0.01031	0.01562	0.00862	0.01315	0.02384	0.00809	0.04750	0.00701	0.00803	0.00492	0.00358	0.00352	0.00117	0.00534	0.00278	0.00173	0.00552
8	0.00692	0.00346	0.00346	0.00346	0.00432	0.00346	0.00259	0.00865	0.00778	0.01384	0.01211	0.01384	0.00951	0.00432	0.00259	0.00086	0.00173	0.00346	0.89016	0.00346
9	0.00605	0.00337	0.00496	0.00503	0.00516	0.00347	0.00345	0.00520	0.00524	0.00710	0.00839	0.08034	0.00867	0.05026	0.16269	0.62833	0.00434	0.00403	0.00185	0.00205
10	0.01378	0.01718	0.01064	0.00978	0.02794	0.79906	0.00725	0.05256	0.01080	0.00980	0.00591	0.00685	0.00487	0.00384	0.00337	0.00097	0.00653	0.00245	0.00199	0.00443
11	0.01360	0.01650	0.01044	0.00928	0.01135	0.73768	0.00703	0.08934	0.01102	0.01053	0.00607	0.00694	0.00495	0.00383	0.00335	0.00095	0.00627	0.00247	0.00209	0.04630
12	0.00992	0.87178	0.01945	0.00635	0.00953	0.01469	0.00635	0.01111	0.00754	0.00873	0.00516	0.00595	0.00476	0.00318	0.00238	0.00079	0.00397	0.00198	0.00159	0.00476
13	0.89577	0.00718	0.00546	0.00488	0.00718	0.00833	0.00402	0.01091	0.00632	0.01665	0.00517	0.00603	0.00402	0.00345	0.00230	0.00115	0.00287	0.00201	0.00230	0.00402
14	0.00923	0.00797	0.00839	0.00755	0.00965	0.00923	0.00588	0.01972	0.83969	0.01553	0.01511	0.01385	0.01133	0.00504	0.00378	0.00126	0.00294	0.00420	0.00378	0.00588
15	0.00770	0.00660	0.00770	0.00550	0.00880	0.00495	0.00440	0.00935	0.00770	0.01210	0.00660	0.00770	0.00550	0.00275	0.00275	0.00055	0.00275	0.00220	0.00220	0.89224
16	0.01387	0.01769	0.01052	0.00956	0.01148	0.85465	0.00717	0.01482	0.01052	0.00908	0.00574	0.00669	0.00478	0.00383	0.00335	0.00096	0.00669	0.00239	0.00191	0.00430
17	0.03697	0.00870	0.01460	0.02180	0.79799	0.00871	0.01100	0.01156	0.00844	0.03456	0.00713	0.00918	0.00591	0.00335	0.00363	0.00111	0.00433	0.00328	0.00193	0.00583
18	0.00567	0.00398	0.00472	0.00487	0.02615	0.00410	0.00288	0.00637	0.04655	0.00786	0.01158	0.02252	0.01281	0.72908	0.09300	0.00363	0.00416	0.00516	0.00229	0.00262
19	0.01387	0.01769	0.01052	0.00956	0.01148	0.85465	0.00717	0.01482	0.01052	0.00908	0.00574	0.00669	0.00478	0.00383	0.00335	0.00096	0.00669	0.00239	0.00191	0.00430
20	0.00798	0.00792	0.01110	0.00956	0.00959	0.01104	0.00795	0.00882	0.00570	0.00892	0.00512	0.00844	0.00509	0.00755	0.05362	0.00184	0.82082	0.00328	0.00164	0.00402
21	0.00701	0.00660	0.01113	0.86063	0.02556	0.00825	0.01031	0.00948	0.00742	0.00948	0.00660	0.00990	0.00495	0.00371	0.00371	0.00124	0.00495	0.00330	0.00165	0.00412
22	0.00845	0.00861	0.01082	0.00939	0.00968	0.07779	0.00772	0.00974	0.04407	0.00923	0.00573	0.00868	0.00544	0.00758	0.06493	0.00183	0.70116	0.00327	0.00177	0.00411
23	0.00926	0.01665	0.68396	0.00979	0.01476	0.00799	0.01208	0.01301	0.00839	0.17722	0.00824	0.00878	0.00559	0.00374	0.00357	0.00117	0.00503	0.00294	0.00217	0.00565
24	0.01238	0.00519	0.00646	0.00530	0.00731	0.00475	0.00426	0.03553	0.00958	0.46671	0.01340	0.01306	0.00925	0.00447	0.00324	0.00103	0.00257	0.00360	0.38683	0.00508
25	0.01548	0.04864	0.05553	0.00709	0.01003	0.06162	0.00614	0.03800	0.01043	0.67731	0.01291	0.01152	0.00832	0.00444	0.00374	0.00113	0.01408	0.00349	0.00405	0.00604
26	0.00897	0.00856	0.01456	0.02195	0.80680	0.00855	0.01102	0.01110	0.00839	0.01200	0.00762	0.04958	0.00676	0.00370	0.00372	0.00112	0.00430	0.00365	0.00191	0.00574
27	0.00452	0.00325	0.00428	0.00510	0.00537	0.00302	0.00342	0.00518	0.00717	0.00950	0.02124	0.82927	0.06191	0.01153	0.00472	0.00150	0.00214	0.01043	0.00345	0.00302
28	0.00570	0.00397	0.00519	0.00573	0.00623	0.00396	0.00448	0.00672	0.00731	0.00958	0.01675	0.07422	0.01860	0.32823	0.01020	0.00240	0.00343	0.48134	0.00299	0.00297
29	0.01005	0.05826	0.25677	0.01337	0.26747	0.06432	0.04667	0.05238	0.04071	0.11696	0.00848	0.03347	0.00657	0.00391	0.00362	0.00113	0.00464	0.00335	0.00231	0.00556
30	0.01632	0.00658	0.00892	0.00716	0.03381	0.00583	0.00570	0.05505	0.01087	0.78713	0.01416	0.01236	0.00896	0.00455	0.00373	0.00115	0.00324	0.00370	0.00447	0.00630
31	0.00791	0.00780	0.01091	0.00941	0.00944	0.01084	0.00779	0.00873	0.00569	0.00887	0.00530	0.00888	0.00532	0.03246	0.05075	0.00188	0.79904	0.00334	0.00166	0.00397
32	0.01158	0.02044	0.07903	0.05376	0.33264	0.00834	0.01869	0.11975	0.06659	0.23702	0.00977	0.01028	0.00703	0.00395	0.00368	0.00114	0.00406	0.00344	0.00291	0.00591
33	0.14523	0.45524	0.04251	0.00784	0.06406	0.01210	0.01606	0.15732	0.00933	0.05060	0.00645	0.00711	0.00520	0.00353	0.00281	0.00096	0.00389	0.00245	0.00223	0.00509
34	0.00980	0.02760	0.50972	0.01054	0.02920	0.00828	0.12317	0.04249	0.00888	0.18220	0.00846	0.00914	0.00582	0.00371	0.00368	0.00117	0.00503	0.00319	0.00231	0.00561
35	0.00815	0.15758	0.56090	0.01093	0.08203	0.00963	0.05276	0.02464	0.02239	0.01160	0.02251	0.00824	0.00557	0.00355	0.00342	0.00111	0.00505	0.00286	0.00173	0.00536
36	0.00478	0.00378	0.00431	0.00422	0.00530	0.00331	0.00318	0.00607	0.00929	0.01205	0.36966	0.04440	0.48071	0.00870	0.00440	0.00123	0.00187	0.02573	0.00371	0.00329
37	0.00645	0.00322	0.00484	0.00484	0.00484	0.00322	0.00322	0.00484	0.00484	0.00645	0.00645	0.01128	0.00645	0.01289	0.01451	0.89201	0.00322	0.00322	0.00161	0.00161
38	0.00540	0.00360	0.00405	0.00405	0.00405	0.00360	0.00225	0.00540	0.00540	0.00720	0.01170	0.02429	0.01349	0.86955	0.01889	0.00360	0.00360	0.00540	0.00225	0.00225
39	0.89577	0.00718	0.00546	0.00488	0.00718	0.00833	0.00402	0.01091	0.00632	0.01665	0.00517	0.00603	0.00402	0.00345	0.00230	0.00115	0.00287	0.00201	0.00230	0.00402
40	0.00450	0.00330	0.00423	0.00497	0.00533	0.00303	0.00336	0.00519	0.00730	0.00955	0.02285	0.75131	0.13882	0.01132	0.00469	0.00147	0.00212	0.01017	0.00345	0.00303
41	0.00744	0.01920	0.85032	0.01058	0.01607	0.00862	0.01371	0.01176	0.00784	0.01176	0.00666	0.00784	0.00470	0.00353	0.00353	0.00118	0.00549	0.00274	0.00157	0.00549
42	0.00876	0.01001	0.02190	0.01564	0.01940	0.00939	0.83292	0.01189	0.00876	0.01189	0.00751	0.01001	0.00563	0.00313	0.00438	0.00125	0.00626	0.00438	0.00188	0.00501
43	0.00744	0.01920	0.85032	0.01058	0.01607	0.00862	0.01371	0.01176	0.00784	0.01176	0.00666	0.00784	0.00470	0.00353	0.00353	0.00118	0.00549	0.00274	0.00157	0.00549
44	0.00530	0.00398	0.00597	0.00597	0.00663	0.00464	0.00464	0.00663	0.00597	0.00862	0.00994	0.01458	0.00928	0.02784	0.85484	0.00597	0.00994	0.00398	0.00199	0.00331
45	0.00923	0.00797	0.00839	0.00755	0.00965	0.00923	0.00588	0.01972	0.83969	0.01553	0.01511	0.01385	0.01133	0.00504	0.00378	0.00126	0.00294	0.00420	0.00378	0.00588
46	0.00462	0.00330	0.00441	0.00528	0.00553	0.00310	0.00361	0.00533	0.00720	0.00958	0.02041	0.81393	0.02434	0.01154	0.00476	0.00152	0.00224	0.06282	0.00344	0.00304
47	0.00518	0.00351	0.00411	0.00432	0.00438	0.00345	0.00254	0.00534	0.00582	0.00776	0.01386	0.23217	0.01622	0.65795	0.01540	0.00308	0.00324	0.00667	0.00254	0.00244
48	0.00992	0.87178	0.01945	0.00635	0.00953	0.01469	0.00635	0.01111	0.00754	0.00873	0.00516	0.00595	0.00476	0.00318	0.00238	0.00079	0.00397	0.00198	0.00159	0.00476
49	0.00850	0.01012	0.14240	0.02311	0.09309	0.03442	0.26708	0.02066	0.02692	0.03268	0.00843	0.02421	0.00717	0.00427	0.00460	0.00118	0.07967	0.06995	0.00213	0.13941
50	0.00683	0.06249	0.02546	0.00599	0.00706	0.05847	0.00471	0.05186	0.00770	0.02151	0.13629	0.04300	0.01342	0.15148	0.37075	0.00358	0.01880	0.00452	0.00247	0.00358
51	0.11102	0.75047	0.01762	0.00627	0.00931	0.03633	0.00611	0.01119	0.00748	0.00965	0.00518	0.00598	0.00468	0.00322	0.00240	0.00084	0.00392	0.00200	0.00168	0.00467

[dist]
# distance from previous block
# <min> <max>
0	1

[block]
# block no. 2 follows, 74 sequences, length 100
# corresponding to MSA columns:
# 197-296
name=unknown_C
#
# <colnr> <probs for GDERKNQSTAVLIFYWHMCP>
#	G	D	E	R	K	N	Q	S	T	A	V	L	I	F	Y	W	H	M	C	P
0	0.01051	0.05026	0.01233	0.01073	0.07636	0.38955	0.15328	0.02213	0.02766	0.01002	0.00722	0.00925	0.00610	0.00859	0.17712	0.00205	0.01726	0.00318	0.00196	0.00443
1	0.00556	0.00433	0.00526	0.00466	0.00607	0.00371	0.00354	0.00714	0.00957	0.01341	0.52760	0.02538	0.18461	0.00700	0.00406	0.00106	0.00197	0.00605	0.00360	0.17541
2	0.00530	0.00397	0.00595	0.00594	0.00661	0.00462	0.00462	0.00664	0.00605	0.00874	0.02634	0.01484	0.00979	0.02744	0.83813	0.00587	0.00978	0.00403	0.00203	0.00332
3	0.66302	0.00695	0.00629	0.00534	0.00779	0.00757	0.00440	0.01281	0.00746	0.23701	0.00768	0.00778	0.00539	0.00375	0.00268	0.00115	0.00295	0.00247	0.00291	0.00463
4	0.00645	0.00322	0.00484	0.00484	0.00484	0.00322	0.00322	0.00484	0.00484	0.00645	0.00645	0.01128	0.00645	0.01289	0.01451	0.89201	0.00322	0.00322	0.00161	0.00161
5	0.00770	0.00660	0.00770	0.00550	0.00880	0.00495	0.00440	0.00935	0.00770	0.01210	0.00660	0.00770	0.00550	0.00275	0.00275	0.00055	0.00275	0.00220	0.00220	0.89224
6	0.00934	0.00874	0.01486	0.03201	0.76387	0.00876	0.03628	0.01181	0.03394	0.03360	0.00744	0.00945	0.00611	0.00339	0.00370	0.00111	0.00440	0.00338	0.00197	0.00584
7	0.84171	0.00782	0.00577	0.00517	0.00744	0.06021	0.00421	0.01115	0.00657	0.01619	0.00520	0.00607	0.00407	0.00347	0.00236	0.00114	0.00311	0.00203	0.00227	0.00404
8	0.85448	0.00714	0.00560	0.00496	0.00729	0.00819	0.00409	0.01125	0.00652	0.05575	0.00561	0.00634	0.00426	0.00350	0.00236	0.00115	0.00288	0.00209	0.00240	0.00413
9	0.00539	0.00365	0.00429	0.00429	0.00437	0.00373	0.00255	0.00555	0.00547	0.00738	0.01148	0.02307	0.01297	0.76406	0.12367	0.00390	0.00439	0.00522	0.00222	0.00238
10	0.00770	0.00660	0.00770	0.00550	0.00880	0.00495	0.00440	0.00935	0.00770	0.01210	0.00660	0.00770	0.00550	0.00275	0.00275	0.00055	0.00275	0.00220	0.00220	0.89224
11	0.04050	0.00634	0.00853	0.00656	0.00941	0.00553	0.00542	0.01789	0.01051	0.82639	0.01439	0.01245	0.00905	0.00456	0.00369	0.00115	0.00315	0.00369	0.00453	0.00625
12	0.00770	0.00660	0.00770	0.00550	0.00880	0.00495	0.00440	0.00935	0.00770	0.01210	0.00660	0.00770	0.00550	0.00275	0.00275	0.00055	0.00275	0.00220	0.00220	0.89224
13	0.00876	0.01001	0.02190	0.01564	0.01940	0.00939	0.83292	0.01189	0.00876	0.01189	0.00751	0.01001	0.00563	0.00313	0.00438	0.00125	0.00626	0.00438	0.00188	0.00501
14	0.89577	0.00718	0.00546	0.00488	0.00718	0.00833	0.00402	0.01091	0.00632	0.01665	0.00517	0.00603	0.00402	0.00345	0.00230	0.00115	0.00287	0.00201	0.00230	0.00402
15	0.00770	0.00660	0.00770	0.00550	0.00880	0.00495	0.00440	0.00935	0.00770	0.01210	0.00660	0.00770	0.00550	0.00275	0.00275	0.00055	0.00275	0.00220	0.00220	0.89224
16	0.00531	0.00396	0.00586	0.00586	0.00649	0.00458	0.00451	0.00656	0.00593	0.00854	0.01004	0.01511	0.00951	0.07338	0.80962	0.00584	0.00960	0.00405	0.00200	0.00326
17	0.00530	0.00398	0.00597	0.00597	0.00663	0.00464	0.00464	0.00663	0.00597	0.00862	0.00994	0.01458	0.00928	0.02784	0.85484	0.00597	0.00994	0.00398	0.00199	0.00331
18	0.00692	0.00346	0.00346	0.00346	0.00432	0.00346	0.00259	0.00865	0.00778	0.01384	0.01211	0.01384	0.00951	0.00432	0.00259	0.00086	0.00173	0.00346	0.89016	0.00346
19	0.87270	0.00716	0.00554	0.00493	0.00724	0.00825	0.00406	0.01110	0.00643	0.03850	0.00542	0.00620	0.00416	0.00348	0.00233	0.00115	0.00288	0.00206	0.00236	0.00408
20	0.00525	0.00379	0.00496	0.00467	0.00555	0.00350	0.00350	0.00700	0.01051	0.01488	0.84444	0.02773	0.03502	0.00759	0.00438	0.00117	0.00175	0.00671	0.00409	0.00350
21	0.89577	0.00718	0.00546	0.00488	0.00718	0.00833	0.00402	0.01091	0.00632	0.01665	0.00517	0.00603	0.00402	0.00345	0.00230	0.00115	0.00287	0.00201	0.00230	0.00402
22	0.01213	0.00761	0.00852	0.00722	0.00960	0.02945	0.00574	0.03551	0.48762	0.32025	0.01453	0.01312	0.01025	0.00482	0.00373	0.00120	0.00312	0.00395	0.01563	0.00597
23	0.86821	0.00715	0.00555	0.00494	0.00725	0.00824	0.00406	0.01114	0.00645	0.04275	0.00547	0.00624	0.00418	0.00348	0.00234	0.00115	0.00288	0.00206	0.00237	0.00409
24	0.00925	0.00899	0.01484	0.04480	0.80257	0.03100	0.01125	0.01143	0.00848	0.01198	0.00694	0.00914	0.00583	0.00333	0.00367	0.00110	0.00448	0.00328	0.00183	0.00579
25	0.00525	0.00379	0.00496	0.00467	0.00555	0.00350	0.00350	0.00700	0.01051	0.01488	0.84444	0.02773	0.03502	0.00759	0.00438	0.00117	0.00175	0.00671	0.00409	0.00350
26	0.00598	0.00501	0.00628	0.00609	0.00674	0.05412	0.00465	0.00715	0.00662	0.00911	0.08345	0.01632	0.03331	0.10519	0.56599	0.00459	0.06955	0.00431	0.00221	0.00333
27	0.01597	0.00612	0.00825	0.00638	0.00911	0.00531	0.00525	0.01742	0.01042	0.79016	0.01447	0.01272	0.00921	0.00458	0.00365	0.00113	0.00306	0.00371	0.06696	0.00612
28	0.00701	0.00660	0.01113	0.86063	0.02556	0.00825	0.01031	0.00948	0.00742	0.00948	0.00660	0.00990	0.00495	0.00371	0.00371	0.00124	0.00495	0.00330	0.00165	0.00412
29	0.01027	0.80568	0.01873	0.00655	0.00965	0.06659	0.00639	0.01145	0.00777	0.02156	0.00534	0.00610	0.00483	0.00324	0.00246	0.00081	0.00413	0.00204	0.00165	0.00476
30	0.00513	0.00377	0.00482	0.00480	0.00565	0.00347	0.00363	0.00665	0.00970	0.01333	0.57615	0.12125	0.13850	0.00850	0.00448	0.00126	0.00196	0.07969	0.00387	0.00339
31	0.00457	0.00377	0.00401	0.00395	0.00512	0.00321	0.00296	0.00567	0.00888	0.01103	0.20423	0.03407	0.67764	0.00903	0.00439	0.00124	0.00185	0.00760	0.00358	0.00321
32	0.00744	0.01920	0.85032	0.01058	0.01607	0.00862	0.01371	0.01176	0.00784	0.01176	0.00666	0.00784	0.00470	0.00353	0.00353	0.00118	0.00549	0.00274	0.00157	0.00549
33	0.01658	0.00643	0.00868	0.00666	0.00953	0.00562	0.00550	0.04022	0.01081	0.82657	0.01449	0.01253	0.00911	0.00459	0.00373	0.00115	0.00318	0.00372	0.00457	0.00632
34	0.00812	0.00812	0.01137	0.00975	0.00975	0.01137	0.00812	0.00893	0.00568	0.00893	0.00487	0.00812	0.00487	0.00650	0.01218	0.00162	0.86276	0.00325	0.00162	0.00406
35	0.00530	0.00398	0.00597	0.00597	0.00663	0.00464	0.00464	0.00663	0.00597	0.00862	0.00994	0.01458	0.00928	0.02784	0.85484	0.00597	0.00994	0.00398	0.00199	0.00331
36	0.00742	0.00702	0.01187	0.70286	0.18013	0.00835	0.01051	0.00984	0.00762	0.00998	0.00667	0.00976	0.00512	0.00363	0.00370	0.00121	0.00485	0.00330	0.00168	0.00445
37	0.01665	0.00632	0.00861	0.00660	0.00948	0.00546	0.00546	0.01809	0.01062	0.84897	0.01464	0.01263	0.00919	0.00459	0.00373	0.00115	0.00316	0.00373	0.00459	0.00632
38	0.00706	0.00350	0.00353	0.00350	0.00440	0.00349	0.00264	0.00878	0.00782	0.02582	0.01215	0.01382	0.00951	0.00433	0.00261	0.00087	0.00175	0.00346	0.87745	0.00350
39	0.00454	0.00326	0.00432	0.00516	0.00541	0.00304	0.00347	0.00521	0.00716	0.00951	0.02086	0.83407	0.04443	0.01155	0.00474	0.00150	0.00217	0.02312	0.00345	0.00302
40	0.00602	0.00464	0.00676	0.00647	0.00706	0.00562	0.00508	0.00722	0.00602	0.03011	0.00938	0.01395	0.00879	0.05718	0.67493	0.00510	0.13629	0.00392	0.00201	0.00346
41	0.01634	0.00681	0.00892	0.00684	0.00972	0.00619	0.00565	0.11760	0.01146	0.74828	0.01394	0.01218	0.00884	0.00458	0.00373	0.00114	0.00327	0.00369	0.00449	0.00632
42	0.84381	0.00765	0.00583	0.00537	0.02087	0.04451	0.00427	0.01109	0.00653	0.01626	0.00522	0.00611	0.00408	0.00346	0.00236	0.00114	0.00306	0.00205	0.00227	0.00406
43	0.00453	0.00369	0.00400	0.00409	0.00514	0.00317	0.00300	0.00553	0.00854	0.01061	0.14581	0.15581	0.61419	0.00948	0.00444	0.00128	0.00190	0.00808	0.00353	0.00317
44	0.01069	0.05561	0.15613	0.04499	0.06253	0.36034	0.00828	0.01437	0.18089	0.01119	0.00807	0.00885	0.00632	0.00404	0.00368	0.00109	0.02886	0.00295	0.02620	0.00491
45	0.00441	0.00371	0.00383	0.00390	0.00506	0.00313	0.00289	0.00534	0.00837	0.01005	0.04775	0.11155	0.75820	0.00958	0.00442	0.00128	0.00190	0.00807	0.00346	0.00313
46	0.01416	0.01017	0.01098	0.00844	0.01139	0.01119	0.00696	0.78452	0.02820	0.06227	0.00927	0.00915	0.00652	0.00447	0.00371	0.00112	0.00403	0.00337	0.00376	0.00631
47	0.89577	0.00718	0.00546	0.00488	0.00718	0.00833	0.00402	0.01091	0.00632	0.01665	0.00517	0.00603	0.00402	0.00345	0.00230	0.00115	0.00287	0.00201	0.00230	0.00402
48	0.00441	0.00376	0.00379	0.00378	0.00503	0.00314	0.00284	0.00537	0.00851	0.01016	0.05890	0.03551	0.82352	0.00935	0.00439	0.00125	0.00188	0.00780	0.00346	0.00314
49	0.01387	0.01769	0.01052	0.00956	0.01148	0.85465	0.00717	0.01482	0.01052	0.00908	0.00574	0.00669	0.00478	0.00383	0.00335	0.00096	0.00669	0.00239	0.00191	0.00430
50	0.01665	0.00632	0.00861	0.00660	0.00948	0.00546	0.00546	0.01809	0.01062	0.84897	0.01464	0.01263	0.00919	0.00459	0.00373	0.00115	0.00316	0.00373	0.00459	0.00632
51	0.00744	0.01920	0.85032	0.01058	0.01607	0.00862	0.01371	0.01176	0.00784	0.01176	0.00666	0.00784	0.00470	0.00353	0.00353	0.00118	0.00549	0.00274	0.00157	0.00549
52	0.00525	0.00379	0.00496	0.00467	0.00555	0.00350	0.00350	0.00700	0.01051	0.01488	0.84444	0.02773	0.03502	0.00759	0.00438	0.00117	0.00175	0.00671	0.00409	0.00350
53	0.00598	0.00427	0.00598	0.00684	0.00769	0.00427	0.00598	0.00769	0.00854	0.01111	0.01965	0.04187	0.02136	0.01025	0.00513	0.00171	0.00342	0.82141	0.00342	0.00342
54	0.00770	0.00660	0.00770	0.00550	0.00880	0.00495	0.00440	0.00935	0.00770	0.01210	0.00660	0.00770	0.00550	0.00275	0.00275	0.00055	0.00275	0.00220	0.00220	0.89224
55	0.01411	0.01040	0.01114	0.00854	0.01151	0.01151	0.00706	0.83402	0.01745	0.02339	0.00891	0.00891	0.00631	0.00446	0.00371	0.00111	0.00408	0.00334	0.00371	0.00631
56	0.00876	0.01001	0.02190	0.01564	0.01940	0.00939	0.83292	0.01189	0.00876	0.01189	0.00751	0.01001	0.00563	0.00313	0.00438	0.00125	0.00626	0.00438	0.00188	0.00501
57	0.00645	0.00322	0.00484	0.00484	0.00484	0.00322	0.00322	0.00484	0.00484	0.00645	0.00645	0.01128	0.00645	0.01289	0.01451	0.89201	0.00322	0.00322	0.00161	0.00161
58	0.00744	0.01920	0.85032	0.01058	0.01607	0.00862	0.01371	0.01176	0.00784	0.01176	0.00666	0.00784	0.00470	0.00353	0.00353	0.00118	0.00549	0.00274	0.00157	0.00549
59	0.00539	0.00363	0.00422	0.00422	0.00428	0.00369	0.00246	0.00551	0.00545	0.00732	0.01154	0.02343	0.01312	0.79473	0.09320	0.00381	0.00416	0.00527	0.00223	0.00234
60	0.00876	0.01001	0.02190	0.01564	0.01940	0.00939	0.83292	0.01189	0.00876	0.01189	0.00751	0.01001	0.00563	0.00313	0.00438	0.00125	0.00626	0.00438	0.00188	0.00501
61	0.00525	0.00379	0.00496	0.00467	0.00555	0.00350	0.00350	0.00700	0.01051	0.01488	0.84444	0.02773	0.03502	0.00759	0.00438	0.00117	0.00175	0.00671	0.00409	0.00350
62	0.89577	0.00718	0.00546	0.00488	0.00718	0.00833	0.00402	0.01091	0.00632	0.01665	0.00517	0.00603	0.00402	0.00345	0.00230	0.00115	0.00287	0.00201	0.00230	0.00402
63	0.00772	0.00662	0.00771	0.00553	0.00881	0.00502	0.00442	0.00953	0.02206	0.01215	0.00674	0.00780	0.00560	0.00279	0.00277	0.00056	0.00275	0.00223	0.00223	0.87694
64	0.00711	0.00385	0.00365	0.00363	0.00452	0.02655	0.00272	0.00882	0.00786	0.01371	0.01194	0.01364	0.00939	0.00431	0.00262	0.00087	0.00186	0.00343	0.86606	0.00348
65	0.02120	0.01321	0.39405	0.00890	0.01255	0.03868	0.02443	0.02410	0.31203	0.01329	0.03352	0.03388	0.00857	0.00439	0.00364	0.00118	0.00425	0.00359	0.00258	0.04195
66	0.88167	0.02094	0.00568	0.00490	0.00722	0.00843	0.00406	0.01091	0.00634	0.01653	0.00517	0.00603	0.00403	0.00344	0.00230	0.00114	0.00289	0.00201	0.00229	0.00403
67	0.00440	0.00376	0.00378	0.00377	0.00502	0.00314	0.00283	0.00535	0.00849	0.01010	0.05018	0.03560	0.83227	0.00937	0.00439	0.00125	0.00188	0.00782	0.00346	0.00314
68	0.01066	0.10059	0.28121	0.01133	0.15413	0.05071	0.02809	0.16382	0.04474	0.10743	0.00819	0.00885	0.00601	0.00381	0.00351	0.00110	0.00460	0.00306	0.00246	0.00567
69	0.00596	0.00426	0.00596	0.00681	0.00765	0.00425	0.00594	0.00765	0.00852	0.01108	0.01967	0.05456	0.02141	0.01027	0.00512	0.00171	0.00340	0.80895	0.00342	0.00341
70	0.85716	0.00714	0.00559	0.00496	0.00728	0.00820	0.00408	0.01123	0.00651	0.05321	0.00558	0.00632	0.00425	0.00350	0.00236	0.00115	0.00288	0.00209	0.00240	0.00412
71	0.00992	0.87178	0.01945	0.00635	0.00953	0.01469	0.00635	0.01111	0.00754	0.00873	0.00516	0.00595	0.00476	0.00318	0.00238	0.00079	0.00397	0.00198	0.00159	0.00476
72	0.00808	0.01477	0.45122	0.01302	0.01767	0.00899	0.40837	0.01182	0.00828	0.01182	0.00707	0.00888	0.00515	0.00333	0.00394	0.00121	0.00586	0.00353	0.00172	0.00525
73	0.00452	0.00323	0.00431	0.00517	0.00538	0.00301	0.00345	0.00517	0.00711	0.00948	0.02046	0.86713	0.02455	0.01163	0.00474	0.00151	0.00215	0.01055	0.00345	0.00301
74	0.00664	0.00356	0.00509	0.00503	0.00517	0.00365	0.00341	0.00588	0.06363	0.00709	0.00706	0.01146	0.00679	0.01234	0.01375	0.82928	0.00320	0.00329	0.00176	0.00191
75	0.00544	0.00402	0.00524	0.00560	0.00653	0.00381	0.00463	0.00700	0.00905	0.01193	0.25517	0.05180	0.18391	0.00936	0.00477	0.00147	0.00263	0.42064	0.00361	0.00338
76	0.05924	0.00672	0.00868	0.00669	0.00954	0.00613	0.00553	0.09027	0.01102	0.73505	0.01367	0.01198	0.00868	0.00453	0.00366	0.00115	0.00323	0.00361	0.00440	0.00620
77	0.00701	0.00660	0.01113	0.86063	0.02556	0.00825	0.01031	0.00948	0.00742	0.00948	0.00660	0.00990	0.00495	0.00371	0.00371	0.00124	0.00495	0.00330	0.00165	0.00412
78	0.00531	0.00395	0.00582	0.00582	0.00643	0.00456	0.00445	0.00653	0.00592	0.00851	0.01008	0.01533	0.00961	0.09294	0.79019	0.00578	0.00945	0.00409	0.00201	0.00323
79	0.00470	0.00332	0.00434	0.00508	0.00529	0.00314	0.00338	0.00530	0.00693	0.00923	0.01923	0.72005	0.02291	0.12926	0.00669	0.00180	0.00240	0.04076	0.00328	0.00293
80	0.00457	0.00327	0.00436	0.00522	0.00546	0.00306	0.00353	0.00525	0.00715	0.00953	0.02043	0.83956	0.02444	0.01158	0.00475	0.00151	0.00220	0.03764	0.00344	0.00303
81	0.00926	0.08590	0.09062	0.00999	0.01214	0.03004	0.15949	0.11684	0.07611	0.02237	0.00794	0.01960	0.01597	0.00537	0.02125	0.00140	0.29014	0.01849	0.00223	0.00485
82	0.00709	0.00668	0.01127	0.83127	0.05432	0.00827	0.01035	0.00955	0.00746	0.00958	0.00661	0.00987	0.00498	0.00370	0.00371	0.00123	0.00493	0.00330	0.00166	0.00418
83	0.00537	0.00393	0.00506	0.00475	0.00567	0.00369	0.00357	0.00740	0.03836	0.01482	0.80218	0.02740	0.04864	0.00753	0.00436	0.00117	0.00179	0.00665	0.00406	0.00358
84	0.05577	0.00662	0.00864	0.00665	0.00950	0.00598	0.00549	0.07061	0.01087	0.75831	0.01385	0.01210	0.00877	0.00453	0.00367	0.00115	0.00321	0.00363	0.00443	0.00621
85	0.00744	0.01920	0.85032	0.01058	0.01607	0.00862	0.01371	0.01176	0.00784	0.01176	0.00666	0.00784	0.00470	0.00353	0.00353	0.00118	0.00549	0.00274	0.00157	0.00549
86	0.00772	0.11536	0.75661	0.01010	0.01533	0.00930	0.01288	0.01168	0.00780	0.01141	0.00649	0.00762	0.00471	0.00349	0.00340	0.00113	0.00531	0.00266	0.00157	0.00540
87	0.00540	0.00360	0.00405	0.00405	0.00405	0.00360	0.00225	0.00540	0.00540	0.00720	0.01170	0.02429	0.01349	0.86955	0.01889	0.00360	0.00360	0.00540	0.00225	0.00225
88	0.76546	0.02998	0.00624	0.00518	0.00756	0.02381	0.00429	0.01173	0.00687	0.10226	0.00616	0.00672	0.00459	0.00356	0.00247	0.00114	0.00300	0.00219	0.00251	0.00428
89	0.00655	0.00472	0.00573	0.00541	0.00647	0.00421	0.00398	0.00785	0.01093	0.02922	0.70228	0.02988	0.15014	0.00850	0.00486	0.00139	0.00223	0.00715	0.00437	0.00412
90	0.00922	0.00873	0.01495	0.02153	0.76007	0.00872	0.04962	0.01164	0.02975	0.02563	0.00754	0.02226	0.00634	0.00349	0.00373	0.00112	0.00440	0.00350	0.00196	0.00580
91	0.00468	0.00377	0.00417	0.00407	0.00520	0.00326	0.00305	0.00590	0.00916	0.01170	0.31465	0.03298	0.56680	0.00878	0.00438	0.00122	0.00184	0.00745	0.00367	0.00326
92	0.01348	0.01008	0.01078	0.00841	0.01127	0.01122	0.00690	0.72832	0.12418	0.02237	0.00972	0.00955	0.00696	0.00453	0.00372	0.00113	0.00394	0.00345	0.00372	0.00626
93	0.00510	0.00351	0.00427	0.00456	0.00468	0.00348	0.00282	0.00541	0.00600	0.00805	0.01444	0.29999	0.01681	0.52657	0.07545	0.00309	0.00359	0.00698	0.00262	0.00258
94	0.00812	0.00812	0.01137	0.00975	0.00975	0.01137	0.00812	0.00893	0.00568	0.00893	0.00487	0.00812	0.00487	0.00650	0.01218	0.00162	0.86276	0.00325	0.00162	0.00406
95	0.00770	0.00660	0.00770	0.00550	0.00880	0.00495	0.00440	0.00935	0.00770	0.01210	0.00660	0.00770	0.00550	0.00275	0.00275	0.00055	0.00275	0.00220	0.00220	0.89224
96	0.00919	0.00882	0.01507	0.02278	0.84640	0.00882	0.01139	0.01139	0.00845	0.01213	0.00698	0.00919	0.00588	0.00331	0.00367	0.00110	0.00441	0.00331	0.00184	0.00588
97	0.00770	0.00660	0.00770	0.00550	0.00880	0.00495	0.00440	0.00935	0.00770	0.01210	0.00660	0.00770	0.00550	0.00275	0.00275	0.00055	0.00275	0.00220	0.00220	0.89224
98	0.00452	0.00323	0.00431	0.00517	0.00538	0.00301	0.00345	0.00517	0.00711	0.00948	0.02046	0.86713	0.02455	0.01163	0.00474	0.00151	0.00215	0.01055	0.00345	0.00301
99	0.00989	0.00873	0.01504	0.02047	0.68376	0.00862	0.08476	0.02595	0.00882	0.08633	0.00774	0.00956	0.00616	0.00342	0.00374	0.00112	0.00446	0.00344	0.00212	0.00585

[dist]
# distance from previous block
# <min> <max>
0	1

[block]
# block no. 3 follows, 74 sequences, length 126
# corresponding to MSA columns:
# 298-423
name=unknown_D
#
# <colnr> <probs for GDERKNQSTAVLIFYWHMCP>
#	G	D	E	R	K	N	Q	S	T	A	V	L	I	F	Y	W	H	M	C	P
0	0.89577	0.00718	0.00546	0.00488	0.00718	0.00833	0.00402	0.01091	0.00632	0.01665	0.00517	0.00603	0.00402	0.00345	0.00230	0.00115	0.00287	0.00201	0.00230	0.00402
1	0.00976	0.81535	0.07445	0.00663	0.00996	0.01429	0.00684	0.01116	0.00756	0.00893	0.00526	0.00608	0.00476	0.00320	0.00246	0.00082	0.00407	0.00203	0.00159	0.00481
2	0.00645	0.00322	0.00484	0.00484	0.00484	0.00322	0.00322	0.00484	0.00484	0.00645	0.00645	0.01128	0.00645	0.01289	0.01451	0.89201	0.00322	0.00322	0.00161	0.00161
