[name]
unknown

[dist]
# distance from previous block
# <min> <max>
0	98

[block]
# block no. 0 follows, 67 sequences, length 27
# corresponding to MSA columns:
# 122-148
name=unknown_A
#
# <colnr> <probs for GDERKNQSTAVLIFYWHMCP>
#	G	D	E	R	K	N	Q	S	T	A	V	L	I	F	Y	W	H	M	C	P
0	0.16872	0.00774	0.00847	0.00698	0.00946	0.00811	0.00563	0.22541	0.09779	0.22096	0.11474	0.03867	0.04800	0.00559	0.00389	0.00126	0.00330	0.00444	0.01519	0.00566
1	0.17702	0.00593	0.00664	0.00597	0.00777	0.00598	0.00459	0.01232	0.10495	0.21261	0.08224	0.13583	0.08506	0.08305	0.02991	0.00171	0.00318	0.01549	0.00371	0.01603
2	0.17442	0.00589	0.00673	0.00614	0.02533	0.00590	0.00448	0.04340	0.01895	0.23775	0.02821	0.07756	0.05761	0.22730	0.04570	0.00219	0.00366	0.00497	0.01932	0.00451
3	0.36610	0.00686	0.00708	0.02454	0.00869	0.00761	0.00510	0.06616	0.08805	0.11448	0.01070	0.08352	0.00904	0.00941	0.14677	0.00216	0.00448	0.00396	0.03053	0.00476
4	0.00694	0.00448	0.00582	0.00575	0.00650	0.00460	0.00410	0.00843	0.05767	0.08390	0.07145	0.19704	0.02926	0.23237	0.24447	0.01882	0.00522	0.00643	0.00310	0.00366
5	0.00583	0.00440	0.00640	0.00637	0.00713	0.00508	0.00492	0.00750	0.03039	0.00952	0.01167	0.01660	0.02977	0.05478	0.77311	0.00610	0.01010	0.00445	0.00225	0.00362
6	0.09224	0.00555	0.00637	0.00597	0.00731	0.00579	0.00454	0.10883	0.04311	0.07125	0.10570	0.19521	0.04134	0.06516	0.10205	0.00208	0.00377	0.02675	0.10270	0.00428
7	0.00704	0.00527	0.00656	0.06859	0.00869	0.00558	0.00511	0.02402	0.16039	0.03270	0.03725	0.21021	0.05988	0.17779	0.03056	0.00213	0.00352	0.14729	0.00340	0.00401
8	0.01176	0.55554	0.01725	0.00791	0.01077	0.27012	0.00704	0.01298	0.00905	0.00955	0.00605	0.00718	0.00542	0.00509	0.04839	0.00121	0.00555	0.00240	0.00185	0.00491
9	0.01661	0.00855	0.01032	0.00794	0.01103	0.00849	0.00655	0.34336	0.01446	0.49045	0.03128	0.01238	0.00929	0.00497	0.00404	0.00123	0.00378	0.00393	0.00457	0.00676
10	0.00806	0.05379	0.01359	0.68265	0.09483	0.00942	0.06058	0.01068	0.00821	0.01061	0.00714	0.01040	0.00547	0.00390	0.00397	0.00130	0.00533	0.00356	0.00181	0.00471
11	0.01541	0.01048	0.01151	0.00888	0.01203	0.01138	0.00731	0.66844	0.05401	0.14279	0.01083	0.01045	0.00751	0.00486	0.00402	0.00122	0.00421	0.00371	0.00415	0.00680
12	0.13566	0.00786	0.00941	0.00731	0.01035	0.00767	0.00604	0.18393	0.01237	0.55787	0.01315	0.01185	0.00853	0.00476	0.00382	0.00123	0.00358	0.00369	0.00443	0.00649
13	0.00541	0.00405	0.00445	0.00442	0.00535	0.00360	0.00309	0.00628	0.00855	0.02800	0.12943	0.08410	0.46455	0.22104	0.00864	0.00199	0.00252	0.00775	0.00351	0.00326
14	0.00941	0.00974	0.01284	0.01085	0.01129	0.07767	0.05379	0.02336	0.00694	0.01009	0.00557	0.00878	0.00533	0.00655	0.01179	0.00167	0.72449	0.00351	0.00183	0.00450
15	0.06210	0.01777	0.63725	0.08139	0.05443	0.00932	0.05786	0.01243	0.00841	0.01285	0.00716	0.00873	0.00517	0.00379	0.00380	0.00127	0.00570	0.00309	0.00178	0.00570
16	0.00645	0.00487	0.00692	0.00686	0.02179	0.00560	0.00518	0.05709	0.00720	0.01025	0.01065	0.01590	0.01000	0.08694	0.70316	0.00576	0.02500	0.00434	0.00227	0.00376
17	0.00548	0.00402	0.00507	0.00502	0.00587	0.00369	0.00368	0.00699	0.01019	0.01400	0.54612	0.14128	0.14221	0.05653	0.00568	0.00149	0.00214	0.03287	0.00410	0.00358
18	0.00718	0.00475	0.00578	0.00563	0.00648	0.00472	0.00397	0.07351	0.03083	0.06794	0.08793	0.26736	0.08973	0.22282	0.07153	0.03187	0.00359	0.00729	0.00339	0.00370
19	0.00772	0.00432	0.00458	0.00446	0.00549	0.00438	0.00334	0.07468	0.00925	0.01521	0.03752	0.12412	0.01290	0.00581	0.00326	0.00106	0.00214	0.00482	0.67102	0.00393
20	0.00832	0.00713	0.00832	0.00594	0.00950	0.00535	0.00475	0.01010	0.00832	0.01307	0.00713	0.00832	0.00594	0.00297	0.00297	0.00059	0.00297	0.00238	0.00238	0.88357
21	0.00566	0.00396	0.00487	0.00526	0.00605	0.00359	0.00373	0.00676	0.02064	0.05226	0.08764	0.49589	0.25286	0.01105	0.00492	0.00150	0.00230	0.02364	0.00384	0.00356
22	0.00499	0.00400	0.00444	0.00448	0.00558	0.00347	0.00329	0.00615	0.00940	0.01190	0.21810	0.13945	0.53486	0.02553	0.00507	0.00141	0.00207	0.00851	0.00386	0.00344
23	0.00757	0.00713	0.01203	0.84942	0.02762	0.00891	0.01114	0.01025	0.00802	0.01025	0.00713	0.01069	0.00535	0.00401	0.00401	0.00134	0.00535	0.00356	0.00178	0.00446
24	0.00811	0.00534	0.00665	0.02475	0.00796	0.02848	0.01853	0.03757	0.06611	0.13035	0.01879	0.45956	0.03759	0.05355	0.00588	0.02698	0.00308	0.05285	0.00369	0.00415
25	0.00736	0.00493	0.00590	0.00576	0.00679	0.00494	0.00416	0.02042	0.14242	0.07840	0.17711	0.25590	0.05341	0.14206	0.00704	0.00179	0.00273	0.02306	0.05172	0.00410
26	0.00916	0.00777	0.00839	0.00781	0.00976	0.00886	0.00605	0.01867	0.68088	0.01572	0.01730	0.11521	0.01458	0.00662	0.00429	0.00142	0.00311	0.05456	0.00402	0.00582

[dist]
# distance from previous block
# <min> <max>
0	1

[block]
# block no. 1 follows, 67 sequences, length 16
# corresponding to MSA columns:
# 150-165
name=unknown_B
#
# <colnr> <probs for GDERKNQSTAVLIFYWHMCP>
#	G	D	E	R	K	N	Q	S	T	A	V	L	I	F	Y	W	H	M	C	P
0	0.01094	0.71468	0.01915	0.00707	0.01043	0.03048	0.00679	0.06559	0.03344	0.01092	0.00627	0.00702	0.00552	0.00357	0.00276	0.00088	0.00424	0.00233	0.00198	0.05593
1	0.12840	0.00698	0.00876	0.00676	0.00984	0.00623	0.00557	0.01748	0.01052	0.63832	0.01352	0.01213	0.00876	0.00458	0.00371	0.00117	0.00332	0.00361	0.00435	0.10599
2	0.00804	0.02074	0.83828	0.01143	0.01736	0.00931	0.01482	0.01270	0.00847	0.01270	0.00720	0.00847	0.00508	0.00381	0.00381	0.00127	0.00593	0.00296	0.00169	0.00593
3	0.01059	0.18661	0.05499	0.01063	0.03761	0.14852	0.20535	0.02932	0.15159	0.02260	0.00924	0.01099	0.00751	0.05334	0.00472	0.00131	0.00514	0.00368	0.04101	0.00524
4	0.67694	0.00800	0.00701	0.00595	0.00859	0.00894	0.00490	0.09844	0.00873	0.13005	0.00740	0.00781	0.00536	0.00401	0.00285	0.00124	0.00328	0.00258	0.00298	0.00494
5	0.00877	0.00877	0.01228	0.01053	0.01053	0.01228	0.00877	0.00965	0.00614	0.00965	0.00526	0.00877	0.00526	0.00702	0.01316	0.00175	0.85172	0.00351	0.00175	0.00439
6	0.00975	0.00939	0.01420	0.24116	0.42034	0.05921	0.04497	0.05889	0.05138	0.01303	0.02109	0.02345	0.00713	0.00409	0.00403	0.00124	0.00497	0.00379	0.00223	0.00564
7	0.00520	0.00367	0.00465	0.00525	0.00555	0.00346	0.00348	0.00580	0.00753	0.00998	0.05490	0.55272	0.07595	0.18856	0.00853	0.02327	0.00268	0.03227	0.00343	0.00309
8	0.73008	0.00759	0.00651	0.00561	0.00820	0.00844	0.00462	0.01319	0.00767	0.16615	0.00744	0.00781	0.00535	0.00395	0.00276	0.00124	0.00316	0.00251	0.00293	0.00479
9	0.00492	0.00409	0.00431	0.00431	0.00560	0.00348	0.00327	0.00607	0.00941	0.01150	0.13407	0.03782	0.70687	0.00996	0.00477	0.00136	0.00208	0.03887	0.00381	0.00344
10	0.00736	0.02040	0.16031	0.00794	0.05134	0.00578	0.05295	0.01839	0.01666	0.02970	0.01105	0.09430	0.02033	0.27019	0.01170	0.19602	0.00419	0.00499	0.01275	0.00365
11	0.00715	0.00405	0.00484	0.00490	0.00566	0.00384	0.00342	0.00820	0.00813	0.09291	0.05798	0.26823	0.05717	0.19356	0.00768	0.00187	0.00264	0.02102	0.24315	0.00360
12	0.00559	0.00394	0.00522	0.00598	0.00641	0.00383	0.00442	0.00655	0.00788	0.01040	0.02013	0.43412	0.02324	0.16208	0.00797	0.00210	0.00307	0.28032	0.00348	0.00326
13	0.01058	0.00948	0.01573	0.02301	0.75334	0.00950	0.01177	0.05302	0.00973	0.05338	0.00805	0.01009	0.00655	0.00370	0.00398	0.00119	0.00468	0.00360	0.00223	0.00640
14	0.00798	0.00641	0.00735	0.00695	0.00775	0.09660	0.00527	0.02869	0.03194	0.03443	0.04614	0.03927	0.01009	0.01783	0.34849	0.22014	0.07459	0.00418	0.00234	0.00357
15	0.77901	0.00775	0.00659	0.04295	0.03336	0.00883	0.00490	0.01165	0.00702	0.01726	0.00579	0.00689	0.00453	0.00369	0.00262	0.00121	0.00324	0.00228	0.00243	0.04799

[dist]
# distance from previous block
# <min> <max>
0	1

[block]
# block no. 2 follows, 67 sequences, length 9
# corresponding to MSA columns:
# 167-175
name=unknown_C
#
# <colnr> <probs for GDERKNQSTAVLIFYWHMCP>
#	G	D	E	R	K	N	Q	S	T	A	V	L	I	F	Y	W	H	M	C	P
0	0.00504	0.00371	0.00475	0.00538	0.00591	0.00341	0.00378	0.00600	0.00842	0.01112	0.12050	0.58761	0.15235	0.01159	0.00504	0.00155	0.00231	0.05436	0.00380	0.00336
1	0.01306	0.00759	0.00902	0.00737	0.00979	0.00787	0.00595	0.25632	0.10350	0.27769	0.07974	0.01426	0.01157	0.00811	0.10079	0.00182	0.00429	0.00423	0.07111	0.00591
2	0.00832	0.00713	0.00832	0.00594	0.00950	0.00535	0.00475	0.01010	0.00832	0.01307	0.00713	0.00832	0.00594	0.00297	0.00297	0.00059	0.00297	0.00238	0.00238	0.88357
3	0.00839	0.00723	0.01164	0.36455	0.25402	0.00804	0.00949	0.04037	0.03293	0.01164	0.05799	0.01198	0.00815	0.00585	0.00597	0.14658	0.00456	0.00381	0.00215	0.00466
4	0.00605	0.05897	0.12551	0.00720	0.00882	0.00542	0.06519	0.00761	0.00819	0.01099	0.05013	0.53424	0.07655	0.00976	0.00471	0.00148	0.00325	0.00879	0.00321	0.00394
5	0.00653	0.00524	0.00762	0.20566	0.04846	0.00569	0.00604	0.00774	0.00739	0.01004	0.04073	0.19753	0.01416	0.18729	0.08327	0.03938	0.03541	0.03625	0.00257	0.05300
6	0.07115	0.16982	0.04644	0.07299	0.02647	0.07490	0.05130	0.13168	0.00972	0.06890	0.02149	0.01328	0.00850	0.20829	0.00756	0.00179	0.00456	0.00380	0.00260	0.00476
7	0.01085	0.45833	0.18218	0.00924	0.07686	0.01227	0.00868	0.01340	0.04547	0.10716	0.00779	0.00841	0.00613	0.00377	0.00318	0.00102	0.00446	0.00276	0.00224	0.03580
8	0.06564	0.17207	0.10025	0.02161	0.17339	0.09106	0.02040	0.02819	0.00878	0.02342	0.03019	0.02863	0.04768	0.00559	0.02920	0.03494	0.03929	0.00350	0.00223	0.07395

[dist]
# distance from previous block
# <min> <max>
0	7

[block]
# block no. 3 follows, 67 sequences, length 10
# corresponding to MSA columns:
# 183-192
name=unknown_D
#
# <colnr> <probs for GDERKNQSTAVLIFYWHMCP>
#	G	D	E	R	K	N	Q	S	T	A	V	L	I	F	Y	W	H	M	C	P
0	0.01054	0.40184	0.05212	0.00750	0.01064	0.05484	0.04385	0.07044	0.02166	0.06786	0.03888	0.02558	0.07795	0.00456	0.00335	0.00101	0.00412	0.00349	0.00254	0.09723
1	0.05003	0.17890	0.21124	0.01088	0.13929	0.00997	0.00924	0.01210	0.00835	0.06679	0.00721	0.00855	0.00576	0.00396	0.00440	0.00110	0.09656	0.00288	0.00213	0.17067
2	0.00753	0.01971	0.02157	0.00651	0.00803	0.02476	0.05048	0.10955	0.01075	0.04271	0.25818	0.23096	0.15789	0.00848	0.00460	0.00135	0.00290	0.00744	0.02236	0.00424
3	0.00488	0.00352	0.00462	0.00550	0.00579	0.00326	0.00368	0.00559	0.00776	0.01027	0.02318	0.80890	0.07337	0.01242	0.00510	0.00161	0.00231	0.01123	0.00372	0.00326
4	0.15032	0.01320	0.22771	0.04434	0.18197	0.11537	0.07105	0.01283	0.00868	0.04882	0.00715	0.00881	0.00555	0.00411	0.00456	0.00127	0.08360	0.00317	0.00210	0.00540
5	0.00623	0.00479	0.00606	0.00562	0.00665	0.00484	0.00428	0.00893	0.08888	0.01559	0.67782	0.02765	0.06327	0.00794	0.00514	0.00130	0.04992	0.00683	0.00421	0.00405
6	0.01179	0.13481	0.13649	0.06816	0.13816	0.18527	0.03660	0.10254	0.09114	0.01399	0.00884	0.01024	0.00704	0.00452	0.00396	0.00127	0.00542	0.00343	0.03046	0.00589
7	0.00663	0.00536	0.00579	0.00557	0.00659	0.07540	0.00412	0.00819	0.01065	0.03705	0.56109	0.15356	0.08761	0.00856	0.00468	0.00130	0.00247	0.00748	0.00408	0.00383
8	0.00568	0.00388	0.00436	0.00442	0.00455	0.00381	0.00256	0.00581	0.00622	0.00818	0.01557	0.07510	0.08511	0.73783	0.01819	0.00354	0.00364	0.00638	0.00262	0.00256
9	0.59941	0.06363	0.00800	0.00715	0.07247	0.04864	0.00521	0.01194	0.00747	0.05869	0.00690	0.00887	0.00576	0.07682	0.00427	0.00143	0.00359	0.00271	0.00250	0.00453

[dist]
# distance from previous block
# <min> <max>
2	11

[block]
# block no. 4 follows, 67 sequences, length 83
# corresponding to MSA columns:
# 204-286
name=unknown_E
#
# <colnr> <probs for GDERKNQSTAVLIFYWHMCP>
#	G	D	E	R	K	N	Q	S	T	A	V	L	I	F	Y	W	H	M	C	P
0	0.00508	0.00364	0.00487	0.00578	0.00612	0.00343	0.00405	0.00592	0.00790	0.01047	0.02235	0.74041	0.04148	0.01233	0.00516	0.00165	0.00249	0.10984	0.00372	0.00331
1	0.01155	0.03778	0.01197	0.11820	0.12512	0.03346	0.01842	0.25977	0.29353	0.03156	0.01119	0.01155	0.00838	0.00468	0.00398	0.00126	0.00424	0.00386	0.00334	0.00616
2	0.01480	0.01747	0.01136	0.01007	0.01232	0.68213	0.00767	0.13579	0.04913	0.01242	0.00716	0.00794	0.00573	0.00429	0.00370	0.00107	0.00663	0.00282	0.00245	0.00505
3	0.00822	0.00704	0.00820	0.00589	0.00939	0.00529	0.00470	0.00998	0.00834	0.01301	0.00807	0.00917	0.02916	0.00317	0.00302	0.00062	0.00294	0.00255	0.00241	0.85885
4	0.00503	0.00400	0.00451	0.00454	0.00563	0.00348	0.00335	0.00626	0.00960	0.01228	0.26740	0.13870	0.50126	0.00989	0.00478	0.00136	0.00203	0.00848	0.00392	0.00348
5	0.84906	0.00764	0.00591	0.00527	0.00773	0.00881	0.00434	0.01188	0.00695	0.03359	0.00597	0.00686	0.00460	0.00377	0.00252	0.00123	0.00308	0.00225	0.02419	0.00438
6	0.00627	0.00382	0.00442	0.00474	0.00552	0.00367	0.00352	0.00775	0.00859	0.01307	0.08158	0.24653	0.09844	0.00824	0.00404	0.00128	0.00220	0.08860	0.40414	0.00357
7	0.01799	0.00683	0.00931	0.00714	0.01024	0.00589	0.00589	0.01954	0.01148	0.83682	0.01582	0.01365	0.00993	0.00496	0.00403	0.00124	0.00341	0.00403	0.00496	0.00683
8	0.01799	0.00683	0.00931	0.00714	0.01024	0.00589	0.00589	0.01954	0.01148	0.83682	0.01582	0.01365	0.00993	0.00496	0.00403	0.00124	0.00341	0.00403	0.00496	0.00683
9	0.88738	0.00776	0.00589	0.00527	0.00776	0.00900	0.00434	0.01179	0.00683	0.01799	0.00558	0.00651	0.00434	0.00372	0.00248	0.00124	0.00310	0.00217	0.00248	0.00434
10	0.00508	0.00357	0.00460	0.00534	0.00553	0.00338	0.00346	0.00563	0.00731	0.00975	0.02021	0.69038	0.02414	0.18189	0.00818	0.00208	0.00264	0.01029	0.00346	0.00309
11	0.01072	0.86147	0.02102	0.00686	0.01029	0.01587	0.00686	0.01201	0.00815	0.00944	0.00558	0.00643	0.00515	0.00343	0.00257	0.00086	0.00429	0.00214	0.00172	0.00515
12	0.00993	0.00953	0.01628	0.02462	0.83404	0.00953	0.01231	0.01231	0.00913	0.01310	0.00754	0.00993	0.00635	0.00357	0.00397	0.00119	0.00476	0.00357	0.00199	0.00635
13	0.01135	0.46007	0.07661	0.00862	0.01138	0.22879	0.00794	0.01276	0.00872	0.00980	0.00581	0.00712	0.00516	0.00416	0.00445	0.00106	0.12690	0.00251	0.00181	0.00497
14	0.69127	0.00755	0.00666	0.00569	0.00832	0.00830	0.00469	0.01354	0.00787	0.20270	0.00789	0.00812	0.00560	0.00400	0.00283	0.00124	0.00317	0.00259	0.00304	0.00490
15	0.00829	0.14456	0.64268	0.01041	0.01560	0.00992	0.02972	0.01222	0.00860	0.01236	0.04977	0.00983	0.02091	0.00408	0.00371	0.00121	0.00543	0.00319	0.00188	0.00565
16	0.07679	0.00662	0.00864	0.00676	0.00963	0.00590	0.00555	0.01785	0.01104	0.70208	0.05873	0.01467	0.03186	0.00518	0.00396	0.00124	0.00325	0.00418	0.01972	0.00635
17	0.00487	0.00405	0.00427	0.00435	0.00558	0.00345	0.00326	0.00595	0.00919	0.01118	0.09033	0.09363	0.69751	0.01022	0.00479	0.00138	0.00210	0.03670	0.00377	0.00341
18	0.01052	0.79670	0.08397	0.00721	0.01084	0.01536	0.00748	0.01206	0.00817	0.00969	0.00570	0.00659	0.00514	0.00346	0.00267	0.00089	0.00442	0.00221	0.00171	0.00521
19	0.45298	0.00800	0.00780	0.00631	0.00917	0.00837	0.00517	0.12557	0.02892	0.15177	0.00834	0.00862	0.00606	0.00399	0.00307	0.00113	0.00331	0.00277	0.00312	0.15553
20	0.00488	0.00376	0.00446	0.00493	0.00567	0.00334	0.00345	0.00577	0.00850	0.01084	0.07907	0.47445	0.35389	0.01132	0.00494	0.00150	0.00218	0.00996	0.00377	0.00334
21	0.00634	0.00412	0.00509	0.00527	0.00566	0.00406	0.00349	0.02304	0.00725	0.04871	0.02869	0.27840	0.01850	0.43755	0.05364	0.00298	0.00369	0.05730	0.00307	0.00313
22	0.06992	0.24686	0.01521	0.00956	0.02330	0.23835	0.12889	0.04628	0.00982	0.07715	0.00725	0.00826	0.00577	0.00385	0.00361	0.00105	0.02226	0.00293	0.00232	0.07734
23	0.09317	0.00674	0.00737	0.00669	0.00839	0.00720	0.00515	0.20200	0.13662	0.04282	0.08980	0.24721	0.04482	0.01875	0.00445	0.00139	0.00303	0.02162	0.04792	0.00487
24	0.88738	0.00776	0.00589	0.00527	0.00776	0.00900	0.00434	0.01179	0.00683	0.01799	0.00558	0.00651	0.00434	0.00372	0.00248	0.00124	0.00310	0.00217	0.00248	0.00434
25	0.00583	0.00389	0.00437	0.00437	0.00437	0.00389	0.00243	0.00583	0.00583	0.00778	0.01264	0.02624	0.01458	0.85906	0.02041	0.00389	0.00389	0.00583	0.00243	0.00243
26	0.41392	0.00926	0.00899	0.00724	0.01010	0.01029	0.00597	0.38051	0.01271	0.09350	0.00833	0.00856	0.00596	0.00433	0.00331	0.00122	0.00373	0.00299	0.00340	0.00569
27	0.00656	0.00446	0.00660	0.00645	0.00731	0.00505	0.00502	0.00797	0.00677	0.06529	0.01112	0.01582	0.01011	0.04477	0.77010	0.00604	0.01011	0.00431	0.00234	0.00378
28	0.00659	0.00519	0.00696	0.00645	0.00722	0.00571	0.00510	0.00818	0.00985	0.02967	0.51458	0.05309	0.05847	0.00833	0.00663	0.00143	0.18728	0.07159	0.00374	0.00393
29	0.00804	0.02074	0.83828	0.01143	0.01736	0.00931	0.01482	0.01270	0.00847	0.01270	0.00720	0.00847	0.00508	0.00381	0.00381	0.00127	0.00593	0.00296	0.00169	0.00593
30	0.00503	0.00407	0.00446	0.00438	0.00560	0.00350	0.00328	0.00630	0.00979	0.01242	0.28030	0.04790	0.57973	0.00960	0.00474	0.00133	0.00199	0.00814	0.00393	0.00350
31	0.88738	0.00776	0.00589	0.00527	0.00776	0.00900	0.00434	0.01179	0.00683	0.01799	0.00558	0.00651	0.00434	0.00372	0.00248	0.00124	0.00310	0.00217	0.00248	0.00434
32	0.01437	0.01080	0.01154	0.00905	0.01210	0.01203	0.00741	0.68790	0.15304	0.02386	0.01074	0.01051	0.00772	0.00492	0.00402	0.00123	0.00421	0.00376	0.00402	0.00674
33	0.00517	0.00408	0.00465	0.00451	0.00568	0.00357	0.00338	0.00658	0.01015	0.01322	0.40096	0.03466	0.47059	0.00927	0.00474	0.00131	0.00197	0.00791	0.00404	0.00357
34	0.00998	0.00862	0.00907	0.00816	0.01043	0.00998	0.00635	0.02131	0.82679	0.01678	0.01632	0.01496	0.01224	0.00544	0.00408	0.00136	0.00317	0.00453	0.00408	0.00635
35	0.00832	0.00713	0.00832	0.00594	0.00950	0.00535	0.00475	0.01010	0.00832	0.01307	0.00713	0.00832	0.00594	0.00297	0.00297	0.00059	0.00297	0.00238	0.00238	0.88357
36	0.00673	0.01083	0.32593	0.00996	0.10516	0.00633	0.00893	0.00915	0.00819	0.01160	0.03709	0.38541	0.01593	0.03395	0.00494	0.00150	0.00402	0.00698	0.00272	0.00463
37	0.00943	0.00763	0.03185	0.00632	0.00990	0.00576	0.00524	0.04015	0.00898	0.08734	0.00800	0.00885	0.00631	0.00324	0.00313	0.00069	0.00314	0.00259	0.00265	0.74881
38	0.00947	0.01082	0.02366	0.01690	0.02096	0.01014	0.81947	0.01285	0.00947	0.01285	0.00811	0.01082	0.00609	0.00338	0.00473	0.00135	0.00676	0.00473	0.00203	0.00541
39	0.00848	0.06629	0.00920	0.00600	0.00956	0.00607	0.00490	0.01023	0.00830	0.01282	0.00702	0.00819	0.00589	0.00300	0.00294	0.00061	0.00306	0.00236	0.00233	0.82274
40	0.88738	0.00776	0.00589	0.00527	0.00776	0.00900	0.00434	0.01179	0.00683	0.01799	0.00558	0.00651	0.00434	0.00372	0.00248	0.00124	0.00310	0.00217	0.00248	0.00434
41	0.01498	0.01911	0.01137	0.01033	0.01240	0.84295	0.00775	0.01601	0.01137	0.00982	0.00620	0.00723	0.00517	0.00413	0.00362	0.00103	0.00723	0.00258	0.00207	0.00465
42	0.00879	0.00718	0.00841	0.00604	0.00958	0.00548	0.00484	0.02301	0.00860	0.04423	0.00749	0.00854	0.00610	0.00307	0.00303	0.00063	0.00301	0.00246	0.00250	0.83702
43	0.00956	0.00941	0.03017	0.16218	0.46354	0.00950	0.14902	0.01290	0.07502	0.02686	0.00841	0.01065	0.00665	0.00379	0.00411	0.00126	0.00507	0.00384	0.00217	0.00587
44	0.00863	0.00731	0.00889	0.00637	0.00993	0.00563	0.03094	0.02411	0.00858	0.02673	0.00734	0.00851	0.00602	0.00305	0.00306	0.00064	0.00312	0.00250	0.00243	0.82621
45	0.00757	0.00713	0.01203	0.84942	0.02762	0.00891	0.01114	0.01025	0.00802	0.01025	0.00713	0.01069	0.00535	0.00401	0.00401	0.00134	0.00535	0.00356	0.00178	0.00446
46	0.00584	0.00392	0.00450	0.00451	0.00460	0.00391	0.00264	0.00602	0.00628	0.00843	0.06376	0.02708	0.01630	0.77907	0.01896	0.00366	0.00376	0.03160	0.00259	0.00255
47	0.00583	0.00390	0.00441	0.00441	0.00442	0.00391	0.00248	0.00586	0.00584	0.00780	0.01260	0.02605	0.01450	0.84400	0.03535	0.00393	0.00401	0.00580	0.00242	0.00245
48	0.00757	0.00713	0.01203	0.84942	0.02762	0.00891	0.01114	0.01025	0.00802	0.01025	0.00713	0.01069	0.00535	0.00401	0.00401	0.00134	0.00535	0.00356	0.00178	0.00446
49	0.00488	0.00351	0.00463	0.00553	0.00580	0.00326	0.00370	0.00559	0.00773	0.01026	0.02276	0.82764	0.05490	0.01248	0.00511	0.00162	0.00232	0.01130	0.00372	0.00326
50	0.04662	0.00756	0.02788	0.00612	0.00962	0.00583	0.00504	0.04279	0.00870	0.01370	0.00810	0.00915	0.02910	0.00330	0.00306	0.00068	0.00308	0.00260	0.00247	0.76459
51	0.00912	0.11820	0.04757	0.19426	0.23207	0.00986	0.22244	0.01169	0.00883	0.02407	0.00862	0.03550	0.00740	0.00429	0.00411	0.00127	0.00525	0.04803	0.00209	0.00530
52	0.01072	0.86147	0.02102	0.00686	0.01029	0.01587	0.00686	0.01201	0.00815	0.00944	0.00558	0.00643	0.00515	0.00343	0.00257	0.00086	0.00429	0.00214	0.00172	0.00515
53	0.05582	0.52439	0.23443	0.02691	0.02832	0.03666	0.02158	0.01227	0.00829	0.01089	0.00613	0.00722	0.00513	0.00358	0.00301	0.00102	0.00481	0.00247	0.00177	0.00531
54	0.01790	0.00698	0.00940	0.00721	0.01032	0.00612	0.00596	0.04775	0.01174	0.80824	0.01560	0.01351	0.00982	0.00496	0.00403	0.00124	0.00345	0.00402	0.00493	0.00683
55	0.00590	0.00415	0.00541	0.00507	0.00606	0.00382	0.00381	0.00777	0.01132	0.03164	0.80321	0.02979	0.05053	0.00817	0.00472	0.00126	0.00192	0.00721	0.00441	0.00384
56	0.00474	0.00406	0.00406	0.00406	0.00542	0.00339	0.00305	0.00576	0.00914	0.01083	0.04063	0.03860	0.83241	0.01016	0.00474	0.00135	0.00203	0.00846	0.00372	0.00339
57	0.01498	0.01911	0.01137	0.01033	0.01240	0.84295	0.00775	0.01601	0.01137	0.00982	0.00620	0.00723	0.00517	0.00413	0.00362	0.00103	0.00723	0.00258	0.00207	0.00465
58	0.00757	0.00713	0.01203	0.84942	0.02762	0.00891	0.01114	0.01025	0.00802	0.01025	0.00713	0.01069	0.00535	0.00401	0.00401	0.00134	0.00535	0.00356	0.00178	0.00446
59	0.00573	0.00428	0.00638	0.00638	0.00707	0.00498	0.00493	0.00712	0.00643	0.00926	0.01080	0.01609	0.01017	0.05665	0.81679	0.00636	0.01052	0.00435	0.00216	0.00354
60	0.88738	0.00776	0.00589	0.00527	0.00776	0.00900	0.00434	0.01179	0.00683	0.01799	0.00558	0.00651	0.00434	0.00372	0.00248	0.00124	0.00310	0.00217	0.00248	0.00434
61	0.00583	0.00389	0.00437	0.00437	0.00437	0.00389	0.00243	0.00583	0.00583	0.00778	0.01264	0.02624	0.01458	0.85906	0.02041	0.00389	0.00389	0.00583	0.00243	0.00243
62	0.01498	0.01911	0.01137	0.01033	0.01240	0.84295	0.00775	0.01601	0.01137	0.00982	0.00620	0.00723	0.00517	0.00413	0.00362	0.00103	0.00723	0.00258	0.00207	0.00465
63	0.01525	0.01123	0.01204	0.00923	0.01244	0.01244	0.00762	0.82067	0.01886	0.02528	0.00963	0.00963	0.00682	0.00481	0.00401	0.00120	0.00441	0.00361	0.00401	0.00682
64	0.02573	0.13257	0.06945	0.00951	0.04536	0.07588	0.04259	0.31336	0.12609	0.04340	0.06846	0.01124	0.00932	0.00470	0.00383	0.00118	0.00443	0.00370	0.00325	0.00595
65	0.88738	0.00776	0.00589	0.00527	0.00776	0.00900	0.00434	0.01179	0.00683	0.01799	0.00558	0.00651	0.00434	0.00372	0.00248	0.00124	0.00310	0.00217	0.00248	0.00434
66	0.00901	0.00876	0.01235	0.01092	0.03797	0.01205	0.00883	0.00996	0.00636	0.02777	0.00557	0.00892	0.00540	0.00686	0.01266	0.00172	0.80503	0.00352	0.00183	0.00451
67	0.02053	0.18432	0.16000	0.00721	0.02167	0.05379	0.00655	0.00947	0.00773	0.03322	0.03838	0.12969	0.01168	0.18268	0.00851	0.09972	0.00418	0.01424	0.00238	0.00405
68	0.01318	0.05840	0.03147	0.01000	0.07982	0.27568	0.00745	0.16129	0.06893	0.13209	0.06394	0.01144	0.00920	0.02164	0.02498	0.00134	0.01690	0.00361	0.00310	0.00554
69	0.00585	0.00412	0.00542	0.00520	0.00613	0.00381	0.00391	0.00765	0.01103	0.02868	0.73518	0.08618	0.03610	0.00855	0.00477	0.00131	0.00201	0.03595	0.00435	0.00379
70	0.00664	0.00442	0.00614	0.00603	0.00683	0.00431	0.03122	0.00770	0.00821	0.08403	0.12373	0.35257	0.05966	0.12928	0.11492	0.00246	0.02004	0.02468	0.00345	0.00368
71	0.09417	0.08543	0.03943	0.00871	0.06085	0.09236	0.02278	0.11254	0.03547	0.29546	0.06788	0.02692	0.03077	0.00495	0.00380	0.00120	0.00404	0.00392	0.00357	0.00577
72	0.01134	0.01175	0.02273	0.25279	0.01614	0.28466	0.00830	0.04424	0.22870	0.04800	0.01003	0.02689	0.00778	0.00466	0.00392	0.00124	0.00522	0.00366	0.00274	0.00521
73	0.00500	0.00359	0.00473	0.00547	0.00581	0.00334	0.00370	0.00585	0.00816	0.01097	0.12704	0.72096	0.04402	0.02436	0.00529	0.00161	0.00229	0.01072	0.00379	0.00332
74	0.00982	0.00811	0.02511	0.23976	0.26511	0.00843	0.04039	0.04130	0.09316	0.10694	0.02570	0.02721	0.04629	0.00493	0.00416	0.00131	0.00443	0.03955	0.00278	0.00553
75	0.00934	0.03432	0.13430	0.06681	0.17988	0.03306	0.09298	0.06622	0.02004	0.07547	0.05784	0.14774	0.02949	0.00589	0.00427	0.00132	0.00446	0.02848	0.00282	0.00527
76	0.00757	0.00713	0.01203	0.84942	0.02762	0.00891	0.01114	0.01025	0.00802	0.01025	0.00713	0.01069	0.00535	0.00401	0.00401	0.00134	0.00535	0.00356	0.00178	0.00446
77	0.00599	0.00446	0.02480	0.01820	0.00623	0.00398	0.00380	0.00711	0.00871	0.03987	0.30349	0.18743	0.09747	0.24564	0.02336	0.00216	0.00289	0.00745	0.00354	0.00343
78	0.01194	0.05539	0.15803	0.03472	0.05186	0.16418	0.02257	0.20031	0.06185	0.08120	0.00957	0.05418	0.00768	0.00553	0.02262	0.01175	0.03436	0.00376	0.00285	0.00563
79	0.03071	0.02227	0.02868	0.03496	0.47806	0.06197	0.03413	0.16761	0.01112	0.06193	0.00821	0.00978	0.00644	0.00401	0.00412	0.00120	0.02256	0.00352	0.00254	0.00619
80	0.00645	0.00519	0.02546	0.00605	0.01520	0.03856	0.00428	0.00720	0.00688	0.02647	0.01358	0.20715	0.01484	0.32571	0.22117	0.01866	0.03258	0.00629	0.01499	0.00328
81	0.00577	0.00444	0.00592	0.00601	0.00665	0.00445	0.02698	0.01823	0.02095	0.01121	0.12961	0.38925	0.10355	0.11578	0.03948	0.00202	0.04559	0.05715	0.00346	0.00349
82	0.08907	0.04730	0.05507	0.10545	0.14023	0.21866	0.02756	0.05937	0.06539	0.02314	0.03430	0.03045	0.00793	0.01607	0.06183	0.00159	0.00550	0.00358	0.00243	0.00508

[dist]
# distance from previous block
# <min> <max>
0	18

[block]
# block no. 5 follows, 67 sequences, length 22
# corresponding to MSA columns:
# 305-326
name=unknown_F
#
# <colnr> <probs for GDERKNQSTAVLIFYWHMCP>
#	G	D	E	R	K	N	Q	S	T	A	V	L	I	F	Y	W	H	M	C	P
0	0.04857	0.04290	0.05290	0.00691	0.00944	0.05636	0.03017	0.07237	0.03573	0.08553	0.13391	0.01678	0.11713	0.03751	0.00466	0.00120	0.02419	0.00445	0.01462	0.20468
1	0.07279	0.07608	0.18612	0.04423	0.03453	0.04533	0.03946	0.05598	0.19587	0.03387	0.03846	0.02267	0.00898	0.04194	0.02742	0.00146	0.00452	0.00373	0.00275	0.06380
2	0.01273	0.01309	0.01103	0.08857	0.06223	0.36236	0.00780	0.18792	0.10253	0.02850	0.00967	0.07769	0.00820	0.00507	0.00394	0.00120	0.00539	0.00391	0.00286	0.00531
3	0.00972	0.01079	0.00833	0.04557	0.00989	0.36982	0.00608	0.01066	0.00916	0.00993	0.01302	0.32033	0.01431	0.06456	0.00584	0.00152	0.04608	0.03772	0.00273	0.00393
4	0.01623	0.00965	0.01106	0.00848	0.01165	0.01009	0.00700	0.53372	0.01621	0.31595	0.01185	0.01107	0.00793	0.00487	0.00402	0.00122	0.00405	0.00376	0.00435	0.00682
5	0.05240	0.00402	0.00491	0.00558	0.02562	0.00396	0.00349	0.00621	0.00706	0.00992	0.03296	0.46799	0.02066	0.32438	0.01059	0.00242	0.00300	0.00858	0.00315	0.00310
6	0.00826	0.03027	0.01218	0.39338	0.04495	0.08993	0.09018	0.01042	0.00806	0.01028	0.00788	0.01134	0.00654	0.01029	0.20432	0.00253	0.04909	0.00372	0.00193	0.00444
7	0.01039	0.21812	0.07076	0.01381	0.26670	0.06356	0.08759	0.04623	0.00934	0.02795	0.00719	0.00869	0.00589	0.00355	0.00351	0.00103	0.00475	0.00305	0.00211	0.14576
8	0.41735	0.11113	0.03828	0.00737	0.00983	0.28717	0.00610	0.01292	0.00859	0.01368	0.00672	0.05211	0.00592	0.00430	0.00306	0.00115	0.00467	0.00282	0.00229	0.00454
9	0.00982	0.00920	0.01520	0.16154	0.63888	0.00959	0.01174	0.05522	0.02572	0.01335	0.00776	0.01014	0.00633	0.00375	0.00398	0.00122	0.00481	0.00359	0.00210	0.00606
10	0.00596	0.00388	0.00500	0.00553	0.00608	0.00363	0.00389	0.00686	0.00810	0.05469	0.05341	0.54239	0.06609	0.09353	0.00645	0.00179	0.00261	0.08377	0.04288	0.00346
11	0.00489	0.00349	0.00465	0.00558	0.00582	0.00326	0.00372	0.00558	0.00768	0.01024	0.02210	0.85644	0.02653	0.01256	0.00512	0.00163	0.00233	0.01140	0.00372	0.00326
12	0.35434	0.00743	0.00888	0.00702	0.00994	0.00736	0.05601	0.01612	0.00955	0.46817	0.01137	0.01071	0.00752	0.00438	0.00348	0.00125	0.00350	0.00336	0.00382	0.00578
13	0.00497	0.00405	0.00440	0.00436	0.00557	0.00347	0.00325	0.00618	0.00960	0.01205	0.22644	0.07308	0.60900	0.00980	0.00475	0.00134	0.00201	0.00831	0.00389	0.00347
14	0.01498	0.01911	0.01137	0.01033	0.01240	0.84295	0.00775	0.01601	0.01137	0.00982	0.00620	0.00723	0.00517	0.00413	0.00362	0.00103	0.00723	0.00258	0.00207	0.00465
15	0.00488	0.00351	0.00463	0.00553	0.00580	0.00326	0.00370	0.00559	0.00773	0.01026	0.02280	0.82571	0.05680	0.01247	0.00510	0.00162	0.00232	0.01129	0.00372	0.00326
16	0.88738	0.00776	0.00589	0.00527	0.00776	0.00900	0.00434	0.01179	0.00683	0.01799	0.00558	0.00651	0.00434	0.00372	0.00248	0.00124	0.00310	0.00217	0.00248	0.00434
17	0.00993	0.00953	0.01628	0.02462	0.83404	0.00953	0.01231	0.01231	0.00913	0.01310	0.00754	0.00993	0.00635	0.00357	0.00397	0.00119	0.00476	0.00357	0.00199	0.00635
18	0.01498	0.01911	0.01137	0.01033	0.01240	0.84295	0.00775	0.01601	0.01137	0.00982	0.00620	0.00723	0.00517	0.00413	0.00362	0.00103	0.00723	0.00258	0.00207	0.00465
19	0.00993	0.00953	0.01628	0.02462	0.83404	0.00953	0.01231	0.01231	0.00913	0.01310	0.00754	0.00993	0.00635	0.00357	0.00397	0.00119	0.00476	0.00357	0.00199	0.00635
20	0.01046	0.04075	0.00949	0.00832	0.02456	0.15784	0.00624	0.01753	0.49647	0.02811	0.01324	0.01454	0.01074	0.11881	0.00631	0.00162	0.02195	0.00423	0.00335	0.00545
21	0.85082	0.00790	0.00615	0.00544	0.00795	0.00914	0.00448	0.04570	0.00733	0.01830	0.00575	0.00665	0.00445	0.00377	0.00255	0.00124	0.00316	0.00223	0.00255	0.00445

[dist]
# distance from previous block
# <min> <max>
0	1

[block]
# block no. 6 follows, 67 sequences, length 57
# corresponding to MSA columns:
# 328-384
name=unknown_G
#
# <colnr> <probs for GDERKNQSTAVLIFYWHMCP>
#	G	D	E	R	K	N	Q	S	T	A	V	L	I	F	Y	W	H	M	C	P
0	0.01082	0.77657	0.04688	0.00725	0.01064	0.05849	0.00720	0.01220	0.00829	0.00956	0.00566	0.00658	0.00515	0.00354	0.00284	0.00089	0.01835	0.00222	0.00173	0.00513
1	0.00810	0.02042	0.81630	0.01134	0.01717	0.00933	0.01459	0.01293	0.03016	0.01281	0.00744	0.00864	0.00527	0.00385	0.00382	0.00127	0.00585	0.00301	0.00176	0.00594
2	0.00613	0.00424	0.00533	0.00501	0.00613	0.00387	0.00378	0.00776	0.01054	0.05787	0.56208	0.03017	0.20670	0.02274	0.04842	0.00159	0.00249	0.00717	0.00415	0.00383
3	0.01053	0.02765	0.33288	0.01286	0.10309	0.05579	0.16069	0.06579	0.08515	0.09283	0.00915	0.01013	0.00664	0.00404	0.00403	0.00126	0.00541	0.00361	0.00249	0.00598
4	0.01072	0.86147	0.02102	0.00686	0.01029	0.01587	0.00686	0.01201	0.00815	0.00944	0.00558	0.00643	0.00515	0.00343	0.00257	0.00086	0.00429	0.00214	0.00172	0.00515
5	0.00573	0.00428	0.00636	0.00636	0.00704	0.00497	0.00490	0.00711	0.00642	0.00925	0.01082	0.01620	0.01022	0.06513	0.80837	0.00634	0.01045	0.00436	0.00216	0.00353
6	0.00576	0.00430	0.00541	0.00556	0.00635	0.00418	0.00400	0.00809	0.09274	0.01358	0.39067	0.37252	0.05195	0.00979	0.00483	0.00143	0.00221	0.00873	0.00407	0.00382
7	0.00970	0.00930	0.04665	0.09653	0.60069	0.00898	0.03392	0.01235	0.03171	0.04934	0.00894	0.05773	0.00766	0.00423	0.00406	0.00124	0.00468	0.00407	0.00224	0.00598
8	0.88738	0.00776	0.00589	0.00527	0.00776	0.00900	0.00434	0.01179	0.00683	0.01799	0.00558	0.00651	0.00434	0.00372	0.00248	0.00124	0.00310	0.00217	0.00248	0.00434
9	0.00559	0.00407	0.00527	0.00503	0.00596	0.00374	0.00375	0.00738	0.01106	0.01555	0.75474	0.07404	0.07174	0.00851	0.00475	0.00128	0.00192	0.00752	0.00435	0.00374
10	0.00891	0.07036	0.43007	0.04714	0.03872	0.02031	0.12660	0.07320	0.03226	0.01331	0.02183	0.05500	0.00763	0.00458	0.00414	0.00129	0.01674	0.02015	0.00219	0.00557
11	0.01018	0.01004	0.01265	0.37436	0.19556	0.14715	0.02272	0.05343	0.09403	0.02905	0.00833	0.01041	0.00642	0.00413	0.00396	0.00125	0.00524	0.00353	0.00229	0.00527
12	0.00548	0.00374	0.00448	0.00483	0.00492	0.00365	0.00292	0.00574	0.00653	0.00870	0.01620	0.33896	0.01908	0.54020	0.01465	0.00304	0.00330	0.00793	0.00292	0.00274
13	0.42673	0.00951	0.01273	0.00985	0.01279	0.06181	0.27397	0.02684	0.00851	0.07722	0.00729	0.00866	0.00547	0.00388	0.00387	0.00128	0.03890	0.00326	0.00249	0.00495
14	0.01064	0.01008	0.06909	0.02039	0.10089	0.05455	0.03021	0.19820	0.01107	0.03034	0.00786	0.00895	0.00614	0.00370	0.00364	0.00093	0.01637	0.00297	0.00267	0.41129
15	0.00556	0.00411	0.00579	0.00601	0.00649	0.00450	0.00439	0.00661	0.00680	0.00951	0.02722	0.26064	0.01569	0.12299	0.47138	0.00456	0.02514	0.00657	0.00267	0.00337
16	0.01781	0.00713	0.00949	0.00728	0.01039	0.00634	0.00601	0.07435	0.01198	0.78130	0.01540	0.01338	0.00972	0.00495	0.00403	0.00124	0.00348	0.00400	0.00490	0.00682
17	0.01072	0.86147	0.02102	0.00686	0.01029	0.01587	0.00686	0.01201	0.00815	0.00944	0.00558	0.00643	0.00515	0.00343	0.00257	0.00086	0.00429	0.00214	0.00172	0.00515
18	0.00652	0.00426	0.00555	0.00517	0.00620	0.00391	0.00385	0.00823	0.01091	0.07383	0.69007	0.06119	0.04581	0.05014	0.00547	0.00141	0.00212	0.00713	0.00432	0.00391
19	0.00493	0.00352	0.00469	0.00556	0.00583	0.00329	0.00373	0.00569	0.00787	0.01055	0.06494	0.81273	0.02712	0.01233	0.00510	0.00161	0.00230	0.01118	0.00376	0.00329
20	0.00559	0.00410	0.00524	0.00495	0.00594	0.00375	0.00372	0.00740	0.01115	0.01560	0.75857	0.03076	0.11149	0.00838	0.00473	0.00127	0.00190	0.00737	0.00435	0.00375
21	0.00494	0.00407	0.00434	0.00427	0.00554	0.00347	0.00320	0.00614	0.00961	0.01194	0.20786	0.03677	0.66449	0.00974	0.00474	0.00133	0.00200	0.00821	0.00387	0.00347
22	0.01498	0.01911	0.01137	0.01033	0.01240	0.84295	0.00775	0.01601	0.01137	0.00982	0.00620	0.00723	0.00517	0.00413	0.00362	0.00103	0.00723	0.00258	0.00207	0.00465
23	0.00560	0.00410	0.00526	0.00497	0.00595	0.00375	0.00372	0.00742	0.01117	0.01566	0.76820	0.03065	0.10182	0.00836	0.00473	0.00127	0.00190	0.00735	0.00436	0.00375
24	0.01525	0.01123	0.01204	0.00923	0.01244	0.01244	0.00762	0.82067	0.01886	0.02528	0.00963	0.00963	0.00682	0.00481	0.00401	0.00120	0.00441	0.00361	0.00401	0.00682
25	0.01525	0.01123	0.01204	0.00923	0.01244	0.01244	0.00762	0.82067	0.01886	0.02528	0.00963	0.00963	0.00682	0.00481	0.00401	0.00120	0.00441	0.00361	0.00401	0.00682
26	0.00832	0.00713	0.00832	0.00594	0.00950	0.00535	0.00475	0.01010	0.00832	0.01307	0.00713	0.00832	0.00594	0.00297	0.00297	0.00059	0.00297	0.00238	0.00238	0.88357
27	0.01498	0.01911	0.01137	0.01033	0.01240	0.84295	0.00775	0.01601	0.01137	0.00982	0.00620	0.00723	0.00517	0.00413	0.00362	0.00103	0.00723	0.00258	0.00207	0.00465
28	0.00998	0.00862	0.00907	0.00816	0.01043	0.00998	0.00635	0.02131	0.82679	0.01678	0.01632	0.01496	0.01224	0.00544	0.00408	0.00136	0.00317	0.00453	0.00408	0.00635
29	0.00832	0.00713	0.00832	0.00594	0.00950	0.00535	0.00475	0.01010	0.00832	0.01307	0.00713	0.00832	0.00594	0.00297	0.00297	0.00059	0.00297	0.00238	0.00238	0.88357
30	0.85870	0.00813	0.00607	0.00544	0.00791	0.03641	0.00446	0.01193	0.00697	0.01772	0.00560	0.00654	0.00437	0.00374	0.00252	0.00123	0.00324	0.00219	0.00247	0.00435
31	0.00489	0.00349	0.00465	0.00558	0.00582	0.00326	0.00372	0.00558	0.00768	0.01024	0.02210	0.85644	0.02653	0.01256	0.00512	0.00163	0.00233	0.01140	0.00372	0.00326
32	0.00757	0.00713	0.01203	0.84942	0.02762	0.00891	0.01114	0.01025	0.00802	0.01025	0.00713	0.01069	0.00535	0.00401	0.00401	0.00134	0.00535	0.00356	0.00178	0.00446
33	0.03487	0.64898	0.01847	0.00782	0.03236	0.12238	0.00703	0.02452	0.02976	0.03334	0.00633	0.00710	0.00550	0.00365	0.00284	0.00093	0.00460	0.00237	0.00197	0.00519
34	0.00489	0.00349	0.00465	0.00558	0.00582	0.00326	0.00372	0.00558	0.00768	0.01024	0.02210	0.85644	0.02653	0.01256	0.00512	0.00163	0.00233	0.01140	0.00372	0.00326
35	0.00947	0.01082	0.02366	0.01690	0.02096	0.01014	0.81947	0.01285	0.00947	0.01285	0.00811	0.01082	0.00609	0.00338	0.00473	0.00135	0.00676	0.00473	0.00203	0.00541
36	0.09388	0.03543	0.02233	0.01001	0.04579	0.27783	0.05182	0.26800	0.01291	0.11636	0.00853	0.00903	0.00629	0.00438	0.00391	0.00117	0.02040	0.00321	0.00304	0.00570
37	0.05339	0.01934	0.71336	0.01093	0.01638	0.03087	0.01357	0.07288	0.00923	0.01383	0.00727	0.00842	0.00517	0.00389	0.00375	0.00126	0.00570	0.00296	0.00192	0.00588
38	0.09040	0.06904	0.11718	0.00946	0.06471	0.02314	0.00801	0.35123	0.01317	0.15028	0.01020	0.05788	0.00783	0.00487	0.00381	0.00122	0.00427	0.00379	0.00340	0.00611
39	0.00942	0.00897	0.01505	0.13138	0.67269	0.00921	0.01163	0.01203	0.03069	0.01281	0.02054	0.01121	0.02866	0.00392	0.00401	0.00122	0.00468	0.00378	0.00210	0.00599
40	0.00489	0.00349	0.00465	0.00558	0.00582	0.00326	0.00372	0.00558	0.00768	0.01024	0.02210	0.85644	0.02653	0.01256	0.00512	0.00163	0.00233	0.01140	0.00372	0.00326
41	0.03451	0.00841	0.00940	0.00914	0.07118	0.00948	0.00662	0.01981	0.67129	0.06114	0.04328	0.01480	0.01234	0.00532	0.00405	0.00133	0.00326	0.00446	0.00394	0.00623
42	0.01344	0.15917	0.06225	0.00985	0.03502	0.45907	0.00800	0.07217	0.05444	0.05521	0.00745	0.00821	0.00594	0.00422	0.00381	0.00108	0.03023	0.00284	0.00237	0.00521
43	0.00489	0.00349	0.00465	0.00558	0.00582	0.00326	0.00372	0.00558	0.00768	0.01024	0.02210	0.85644	0.02653	0.01256	0.00512	0.00163	0.00233	0.01140	0.00372	0.00326
44	0.00489	0.00349	0.00465	0.00558	0.00582	0.00326	0.00372	0.00558	0.00768	0.01024	0.02210	0.85644	0.02653	0.01256	0.00512	0.00163	0.00233	0.01140	0.00372	0.00326
45	0.01164	0.05506	0.03742	0.01155	0.15405	0.01088	0.02657	0.25955	0.34354	0.02969	0.01175	0.01172	0.00882	0.00472	0.00397	0.00125	0.00405	0.00391	0.00347	0.00640
46	0.01114	0.00956	0.05021	0.05231	0.09313	0.00919	0.25879	0.06267	0.21538	0.15269	0.01208	0.01295	0.02093	0.00452	0.00427	0.00131	0.00476	0.01495	0.00317	0.00598
47	0.00549	0.00409	0.00510	0.00485	0.00588	0.00371	0.00364	0.00721	0.01091	0.01504	0.67491	0.03167	0.19550	0.00859	0.00473	0.00128	0.00192	0.00749	0.00428	0.00371
48	0.00571	0.00421	0.00556	0.00554	0.02716	0.00389	0.00398	0.00753	0.01103	0.01554	0.74356	0.07342	0.06097	0.00837	0.00473	0.00128	0.00199	0.00742	0.00429	0.00381
49	0.04765	0.08700	0.05672	0.02702	0.21808	0.09947	0.03394	0.10433	0.03440	0.21395	0.03241	0.01072	0.00790	0.00430	0.00381	0.00118	0.00456	0.00353	0.00305	0.00599
50	0.00989	0.01367	0.33254	0.03494	0.38506	0.00923	0.04664	0.02945	0.00925	0.07945	0.00813	0.00971	0.00613	0.00380	0.00395	0.00124	0.00519	0.00342	0.00215	0.00616
51	0.00765	0.00721	0.01217	0.82230	0.05413	0.00893	0.01118	0.01031	0.00806	0.01034	0.00714	0.01067	0.00538	0.00400	0.00401	0.00133	0.00533	0.00356	0.00179	0.00452
52	0.01237	0.49452	0.04325	0.00835	0.01137	0.30526	0.00747	0.05620	0.00985	0.01051	0.00606	0.00695	0.00524	0.00376	0.00305	0.00095	0.00538	0.00240	0.00196	0.00509
53	0.02584	0.02105	0.03053	0.03613	0.08966	0.04772	0.10116	0.34607	0.05211	0.08050	0.04635	0.04331	0.05088	0.00516	0.00414	0.00125	0.00445	0.00439	0.00340	0.00591
54	0.00561	0.00421	0.00633	0.00646	0.00714	0.00393	0.06879	0.00669	0.00828	0.02534	0.09936	0.67115	0.02544	0.01115	0.00501	0.00156	0.00267	0.02210	0.01522	0.00355
55	0.19674	0.01974	0.01924	0.01658	0.03002	0.04483	0.04419	0.08965	0.01019	0.01563	0.23943	0.01801	0.11943	0.00579	0.00384	0.00117	0.00323	0.00475	0.00323	0.11432
56	0.15411	0.08947	0.02117	0.00918	0.08925	0.13128	0.02042	0.14606	0.08167	0.04146	0.04330	0.01192	0.02209	0.07408	0.02268	0.00149	0.00445	0.00359	0.01176	0.02056

[dist]
# distance from previous block
# <min> <max>
0	14

[block]
# block no. 7 follows, 67 sequences, length 44
# corresponding to MSA columns:
# 399-442
name=unknown_H
#
# <colnr> <probs for GDERKNQSTAVLIFYWHMCP>
#	G	D	E	R	K	N	Q	S	T	A	V	L	I	F	Y	W	H	M	C	P
0	0.00930	0.00899	0.01397	0.13766	0.54399	0.04922	0.02033	0.01189	0.04171	0.01252	0.03267	0.05542	0.02093	0.00489	0.01833	0.00133	0.00478	0.00418	0.00223	0.00566
1	0.00871	0.00709	0.00821	0.00610	0.00942	0.00568	0.00486	0.01129	0.08099	0.04958	0.00999	0.01065	0.04779	0.00363	0.00320	0.00073	0.00296	0.00294	0.00271	0.72346
2	0.00864	0.00737	0.00872	0.00668	0.03641	0.00576	0.00511	0.04180	0.00875	0.01355	0.00724	0.00842	0.00599	0.00306	0.00304	0.00064	0.00308	0.00246	0.00243	0.82086
3	0.00523	0.00404	0.00477	0.00467	0.00574	0.00358	0.00347	0.00667	0.01017	0.01347	0.44369	0.09157	0.36983	0.00933	0.00476	0.00133	0.00198	0.00805	0.00408	0.00358
4	0.00526	0.00363	0.00473	0.00551	0.00586	0.00343	0.00380	0.00616	0.00794	0.01089	0.05470	0.67347	0.02512	0.03918	0.00545	0.00165	0.00242	0.06630	0.07119	0.00332
5	0.00568	0.00410	0.00536	0.00505	0.00599	0.00378	0.00378	0.00757	0.01135	0.01608	0.83192	0.02996	0.03784	0.00820	0.00473	0.00126	0.00189	0.00725	0.00441	0.00378
6	0.00993	0.00953	0.01628	0.02462	0.83404	0.00953	0.01231	0.01231	0.00913	0.01310	0.00754	0.00993	0.00635	0.00357	0.00397	0.00119	0.00476	0.00357	0.00199	0.00635
7	0.00507	0.00408	0.00452	0.00441	0.00562	0.00353	0.00331	0.00640	0.00992	0.01269	0.32024	0.03554	0.55164	0.00947	0.00474	0.00132	0.00198	0.00804	0.00397	0.00353
8	0.01799	0.00683	0.00931	0.00714	0.01024	0.00589	0.00589	0.01954	0.01148	0.83682	0.01582	0.01365	0.00993	0.00496	0.00403	0.00124	0.00341	0.00403	0.00496	0.00683
