[name]
unknown

[dist]
# distance from previous block
# <min> <max>
0	61

[block]
# block no. 0 follows, 71 sequences, length 10
# corresponding to MSA columns:
# 61-70
name=unknown_A
#
# <colnr> <probs for GDERKNQSTAVLIFYWHMCP>
#	G	D	E	R	K	N	Q	S	T	A	V	L	I	F	Y	W	H	M	C	P
0	0.00618	0.00441	0.00618	0.00706	0.00794	0.00441	0.00618	0.00794	0.00883	0.01147	0.02030	0.04325	0.02207	0.01059	0.00530	0.00177	0.00353	0.81553	0.00353	0.00353
1	0.00504	0.00340	0.00447	0.00512	0.00528	0.00323	0.00334	0.00534	0.00680	0.00906	0.01807	0.63352	0.02144	0.14890	0.00836	0.10088	0.00259	0.00920	0.00315	0.00283
2	0.00930	0.00891	0.01521	0.09547	0.77092	0.00906	0.01167	0.01160	0.00864	0.01229	0.00718	0.00955	0.00599	0.00345	0.00380	0.00115	0.00460	0.00342	0.00188	0.00592
3	0.00633	0.00360	0.00534	0.00572	0.03237	0.00363	0.00374	0.00545	0.00557	0.00751	0.00919	0.13068	0.00974	0.04188	0.08895	0.62772	0.00386	0.00453	0.00199	0.00219
4	0.00602	0.00402	0.00494	0.00487	0.00593	0.00358	0.00363	0.00729	0.00938	0.08442	0.31478	0.21201	0.28499	0.00914	0.00457	0.00132	0.00211	0.02946	0.00390	0.00364
5	0.00908	0.01027	0.02219	0.01662	0.07106	0.00966	0.77673	0.01225	0.00903	0.01230	0.00772	0.01029	0.00583	0.00324	0.00448	0.00128	0.00635	0.00446	0.00194	0.00523
6	0.60502	0.00887	0.05366	0.00634	0.00904	0.00939	0.00549	0.19059	0.05247	0.01838	0.00681	0.00741	0.00510	0.00388	0.00284	0.00119	0.00339	0.00254	0.00273	0.00485
7	0.68151	0.00781	0.00646	0.00569	0.00808	0.03786	0.00462	0.01313	0.10472	0.08859	0.00742	0.00780	0.00553	0.00387	0.00272	0.00119	0.00314	0.00251	0.00275	0.00459
8	0.00485	0.00364	0.00453	0.00507	0.00570	0.00332	0.00364	0.00582	0.00821	0.01068	0.11189	0.48772	0.23617	0.01085	0.00480	0.00147	0.00223	0.08258	0.00363	0.00324
9	0.01504	0.00999	0.01104	0.00847	0.01152	0.01078	0.00699	0.68493	0.01678	0.16955	0.01026	0.00989	0.00705	0.00463	0.00384	0.00116	0.00405	0.00352	0.00400	0.00652

[dist]
# distance from previous block
# <min> <max>
4	6

[block]
# block no. 1 follows, 71 sequences, length 18
# corresponding to MSA columns:
# 77-94
name=unknown_B
#
# <colnr> <probs for GDERKNQSTAVLIFYWHMCP>
#	G	D	E	R	K	N	Q	S	T	A	V	L	I	F	Y	W	H	M	C	P
0	0.01608	0.00718	0.04121	0.00746	0.01053	0.00594	0.05295	0.01779	0.01075	0.74430	0.03492	0.01310	0.00977	0.00469	0.00390	0.00119	0.00350	0.00393	0.00445	0.00634
1	0.00769	0.01983	0.84538	0.01093	0.01659	0.00890	0.01417	0.01214	0.00810	0.01214	0.00688	0.00810	0.00486	0.00364	0.00364	0.00121	0.00567	0.00283	0.00162	0.00567
2	0.00795	0.00681	0.00795	0.00568	0.00909	0.00511	0.00454	0.00965	0.00795	0.01249	0.00681	0.00795	0.00568	0.00284	0.00284	0.00057	0.00284	0.00227	0.00227	0.88869
3	0.00732	0.01732	0.70606	0.01011	0.01507	0.00816	0.02863	0.01128	0.00818	0.01198	0.03525	0.01128	0.07093	0.00519	0.03575	0.00141	0.00545	0.00345	0.00187	0.00532
4	0.00548	0.00411	0.00616	0.00616	0.00685	0.00479	0.00479	0.00685	0.00616	0.00890	0.01027	0.01506	0.00959	0.02876	0.85006	0.00616	0.01027	0.00411	0.00205	0.00342
5	0.89233	0.00741	0.00564	0.00504	0.00741	0.00860	0.00415	0.01127	0.00653	0.01720	0.00534	0.00623	0.00415	0.00356	0.00237	0.00119	0.00297	0.00208	0.00237	0.00415
6	0.00948	0.00913	0.11574	0.10521	0.17410	0.00721	0.03992	0.03922	0.00882	0.10947	0.00799	0.00925	0.00607	0.00346	0.00345	0.00096	0.00402	0.00300	0.00238	0.34111
7	0.00951	0.28483	0.47101	0.00921	0.01377	0.01113	0.01079	0.10387	0.00919	0.03373	0.00687	0.00774	0.00518	0.00366	0.00330	0.00108	0.00495	0.00268	0.00195	0.00555
8	0.01168	0.00617	0.00800	0.00670	0.00848	0.00638	0.00534	0.11079	0.00958	0.34867	0.01200	0.01396	0.00926	0.09876	0.19333	0.00257	0.07680	0.00398	0.06253	0.00501
9	0.00470	0.00382	0.00397	0.00402	0.00505	0.00330	0.00286	0.00550	0.00816	0.00987	0.03358	0.08726	0.66045	0.14232	0.00687	0.00169	0.00223	0.00788	0.00337	0.00309
10	0.00833	0.00870	0.03410	0.03273	0.01161	0.01112	0.09290	0.00959	0.00641	0.00971	0.00595	0.00987	0.00572	0.00634	0.01104	0.00162	0.69588	0.03231	0.00177	0.00431
11	0.01035	0.00833	0.00921	0.00708	0.01014	0.00809	0.00570	0.27059	0.16775	0.01686	0.00924	0.00955	0.00709	0.00384	0.00336	0.00089	0.00331	0.00304	0.00307	0.44252
12	0.00724	0.00467	0.00567	0.00511	0.00645	0.00435	0.00392	0.06868	0.01076	0.10431	0.47157	0.04881	0.19137	0.00761	0.00433	0.00121	0.00218	0.00654	0.04115	0.00405
13	0.06021	0.03831	0.00865	0.00723	0.00942	0.00899	0.00572	0.07720	0.56232	0.06206	0.05851	0.01389	0.01175	0.00507	0.00372	0.00123	0.00303	0.00413	0.05285	0.00571
14	0.02333	0.27312	0.18050	0.01138	0.18191	0.04708	0.02176	0.07992	0.05337	0.03986	0.00756	0.00887	0.00611	0.02234	0.02636	0.00125	0.00473	0.00297	0.00215	0.00543
15	0.04078	0.06363	0.01168	0.42727	0.07677	0.02674	0.02948	0.06352	0.14616	0.04521	0.00875	0.01073	0.00669	0.02194	0.00404	0.00127	0.00450	0.00350	0.00238	0.00495
16	0.02881	0.00388	0.00483	0.00485	0.00569	0.00362	0.00356	0.00663	0.00943	0.01313	0.47543	0.21678	0.15667	0.00978	0.03806	0.00149	0.00229	0.00777	0.00383	0.00345
17	0.00970	0.09448	0.09646	0.03264	0.34022	0.06106	0.02679	0.03843	0.08774	0.05484	0.03598	0.04451	0.00849	0.03535	0.00428	0.00123	0.00436	0.00377	0.00241	0.01725

[dist]
# distance from previous block
# <min> <max>
1	5

[block]
# block no. 2 follows, 71 sequences, length 7
# corresponding to MSA columns:
# 100-106
name=unknown_C
#
# <colnr> <probs for GDERKNQSTAVLIFYWHMCP>
#	G	D	E	R	K	N	Q	S	T	A	V	L	I	F	Y	W	H	M	C	P
0	0.09212	0.05552	0.13033	0.04782	0.32552	0.03415	0.03278	0.06547	0.04309	0.01338	0.04929	0.03539	0.05014	0.00441	0.00369	0.00117	0.00427	0.00380	0.00234	0.00531
1	0.01075	0.04369	0.03475	0.01215	0.08033	0.16614	0.30242	0.06917	0.03140	0.05870	0.00782	0.00921	0.00600	0.00356	0.00379	0.00107	0.00528	0.00344	0.00232	0.14800
2	0.00730	0.00599	0.00722	0.00621	0.03954	0.00518	0.00458	0.03471	0.02794	0.01301	0.15998	0.05426	0.07924	0.02771	0.00419	0.00097	0.02879	0.00427	0.03750	0.45142
3	0.00681	0.00492	0.00637	0.00597	0.00667	0.00552	0.00440	0.10623	0.00734	0.01018	0.01025	0.01691	0.01016	0.27789	0.40789	0.06043	0.04198	0.00439	0.00231	0.00339
4	0.04220	0.00869	0.02583	0.30960	0.02987	0.03608	0.04679	0.19994	0.10700	0.01452	0.03433	0.01066	0.00728	0.00454	0.00463	0.00126	0.08561	0.00360	0.02252	0.00505
5	0.04777	0.10921	0.26485	0.04903	0.04559	0.00888	0.04089	0.09240	0.00933	0.09260	0.04195	0.01078	0.04604	0.00427	0.00388	0.00112	0.03684	0.00336	0.00246	0.08874
6	0.00943	0.00621	0.00724	0.00667	0.00838	0.00651	0.00508	0.01483	0.37555	0.18407	0.04869	0.25113	0.04520	0.00726	0.00421	0.00134	0.00277	0.00629	0.00398	0.00515

[dist]
# distance from previous block
# <min> <max>
0	2

[block]
# block no. 3 follows, 71 sequences, length 24
# corresponding to MSA columns:
# 109-132
name=unknown_D
#
# <colnr> <probs for GDERKNQSTAVLIFYWHMCP>
#	G	D	E	R	K	N	Q	S	T	A	V	L	I	F	Y	W	H	M	C	P
0	0.01045	0.03328	0.07761	0.00922	0.07472	0.00964	0.00726	0.20620	0.41316	0.03655	0.05453	0.01316	0.02704	0.00496	0.00386	0.00123	0.00359	0.00407	0.00351	0.00594
1	0.04210	0.00718	0.05185	0.33198	0.10735	0.00709	0.00810	0.01104	0.04635	0.12042	0.02932	0.07519	0.08891	0.00514	0.00388	0.00123	0.00395	0.00444	0.00264	0.05182
2	0.05364	0.11916	0.36268	0.01189	0.16239	0.03526	0.04532	0.01268	0.03318	0.07584	0.00757	0.00863	0.00569	0.00364	0.00348	0.00112	0.00481	0.00296	0.00207	0.04798
3	0.01007	0.80685	0.07919	0.00687	0.01032	0.01472	0.00711	0.01153	0.00781	0.00924	0.00544	0.00629	0.00492	0.00331	0.00254	0.00085	0.00421	0.00211	0.00164	0.00497
4	0.00531	0.00364	0.00444	0.00480	0.00496	0.00356	0.00306	0.00570	0.00652	0.00869	0.03143	0.31214	0.01886	0.49439	0.01319	0.00279	0.00316	0.06779	0.00287	0.00271
5	0.02859	0.11258	0.11660	0.01029	0.13834	0.15331	0.01938	0.05173	0.02367	0.12178	0.00871	0.01068	0.00706	0.07858	0.02575	0.00144	0.03110	0.00329	0.05207	0.00505
6	0.00648	0.00343	0.00504	0.00504	0.00511	0.00349	0.00339	0.00520	0.00514	0.00692	0.00736	0.01290	0.00743	0.07388	0.09068	0.74736	0.00398	0.00356	0.00175	0.00187
7	0.00718	0.00759	0.04651	0.10199	0.09436	0.02359	0.27219	0.00928	0.00848	0.01130	0.05837	0.23887	0.09040	0.00652	0.00442	0.00133	0.00432	0.00633	0.00260	0.00436
8	0.02315	0.01165	0.02562	0.01079	0.10870	0.26037	0.07321	0.20057	0.01171	0.10670	0.04935	0.01016	0.00776	0.00491	0.02612	0.00124	0.01583	0.00341	0.01613	0.03262
9	0.00791	0.00670	0.00778	0.00570	0.00890	0.00518	0.00453	0.03461	0.00826	0.01267	0.00852	0.04347	0.03404	0.00349	0.00301	0.00065	0.00283	0.00285	0.00241	0.79647
10	0.05501	0.23417	0.06456	0.00810	0.01118	0.13823	0.03217	0.20650	0.05814	0.06783	0.00786	0.00831	0.00604	0.00389	0.00328	0.00101	0.00444	0.00284	0.00264	0.08379
11	0.05202	0.00875	0.01037	0.00878	0.00998	0.07864	0.03791	0.18666	0.00909	0.01281	0.00741	0.01051	0.00662	0.05991	0.14889	0.00233	0.33895	0.00354	0.00231	0.00451
12	0.00990	0.00821	0.00875	0.00781	0.01001	0.00941	0.00612	0.05880	0.75221	0.03829	0.01541	0.01477	0.01166	0.00530	0.00393	0.00130	0.00311	0.02506	0.00391	0.00604
13	0.01360	0.01654	0.01084	0.00970	0.01152	0.69908	0.00740	0.06349	0.01075	0.01036	0.00618	0.00735	0.00515	0.00427	0.00436	0.00106	0.09043	0.00264	0.02076	0.00453
14	0.00543	0.00392	0.00513	0.00482	0.00573	0.00362	0.00362	0.00724	0.01085	0.01538	0.83931	0.02864	0.03618	0.00784	0.00452	0.00121	0.00181	0.00693	0.00422	0.00362
15	0.00769	0.01983	0.84538	0.01093	0.01659	0.00890	0.01417	0.01214	0.00810	0.01214	0.00688	0.00810	0.00486	0.00364	0.00364	0.00121	0.00567	0.00283	0.00162	0.00567
16	0.00973	0.00833	0.00878	0.00784	0.01004	0.00963	0.00612	0.05123	0.80324	0.01635	0.01536	0.01411	0.01151	0.00518	0.00390	0.00129	0.00308	0.00430	0.00390	0.00609
17	0.01021	0.00813	0.01529	0.01156	0.02818	0.00762	0.42434	0.04215	0.02041	0.18829	0.14483	0.02799	0.01238	0.01879	0.00461	0.00130	0.00471	0.02100	0.00306	0.00517
18	0.00919	0.00793	0.00834	0.00753	0.00964	0.00910	0.00585	0.01934	0.77721	0.01565	0.01722	0.01587	0.06907	0.00551	0.00395	0.00130	0.00296	0.00460	0.00388	0.00587
19	0.00562	0.00372	0.00421	0.00421	0.00425	0.00374	0.00239	0.00571	0.00567	0.00768	0.01205	0.02453	0.01372	0.81994	0.03740	0.00368	0.00380	0.00548	0.02981	0.00239
20	0.00548	0.00411	0.00616	0.00616	0.00685	0.00479	0.00479	0.00685	0.00616	0.00890	0.01027	0.01506	0.00959	0.02876	0.85006	0.00616	0.01027	0.00411	0.00205	0.00342
21	0.00548	0.00372	0.00422	0.00426	0.00435	0.00369	0.00246	0.00559	0.00582	0.00772	0.01379	0.06297	0.05567	0.76730	0.03495	0.00355	0.00369	0.00591	0.00244	0.00243
22	0.01157	0.02143	0.03297	0.00827	0.01066	0.16138	0.00664	0.26645	0.33760	0.01656	0.01204	0.01231	0.03313	0.04614	0.00454	0.00131	0.00419	0.00383	0.00336	0.00563
23	0.02331	0.54571	0.01655	0.00766	0.03144	0.08905	0.04696	0.07258	0.02986	0.01123	0.00679	0.00772	0.00574	0.00361	0.00285	0.00092	0.00423	0.00255	0.08632	0.00493

[dist]
# distance from previous block
# <min> <max>
0	2

[block]
# block no. 4 follows, 71 sequences, length 14
# corresponding to MSA columns:
# 135-148
name=unknown_E
#
# <colnr> <probs for GDERKNQSTAVLIFYWHMCP>
#	G	D	E	R	K	N	Q	S	T	A	V	L	I	F	Y	W	H	M	C	P
0	0.06304	0.06609	0.08280	0.02120	0.05759	0.05191	0.05058	0.21272	0.32258	0.01648	0.01056	0.01064	0.00793	0.00442	0.00368	0.00119	0.00410	0.00357	0.00311	0.00580
1	0.67435	0.00805	0.00703	0.00726	0.09165	0.05218	0.00515	0.02715	0.02752	0.01619	0.02460	0.00823	0.03005	0.00390	0.00275	0.00118	0.00330	0.00259	0.00244	0.00441
2	0.00658	0.00581	0.00779	0.00713	0.00809	0.04914	0.05380	0.01895	0.00749	0.01014	0.07640	0.03702	0.10938	0.01729	0.39226	0.02236	0.12069	0.04356	0.00246	0.00368
3	0.00773	0.00543	0.00663	0.00598	0.00734	0.01673	0.03535	0.04722	0.12000	0.09946	0.10826	0.11512	0.16492	0.13871	0.07556	0.00204	0.00353	0.00606	0.02983	0.00412
4	0.81947	0.00711	0.00548	0.00493	0.00720	0.00818	0.00404	0.01097	0.00667	0.01683	0.00680	0.00764	0.03208	0.00381	0.00246	0.00118	0.00287	0.00235	0.04585	0.00409
5	0.00569	0.00397	0.00464	0.00460	0.00461	0.00416	0.00275	0.00578	0.00570	0.00768	0.01220	0.07353	0.01409	0.76411	0.01824	0.00347	0.05418	0.00576	0.00236	0.00248
6	0.01422	0.00583	0.00776	0.00618	0.00860	0.00510	0.00499	0.01570	0.01053	0.62965	0.12564	0.01652	0.04470	0.03534	0.00446	0.00127	0.00296	0.00447	0.05036	0.00571
7	0.00899	0.01075	0.05809	0.01593	0.01989	0.00966	0.79235	0.01228	0.00901	0.01228	0.00772	0.01025	0.00578	0.00325	0.00449	0.00129	0.00643	0.00445	0.00193	0.00519
8	0.00500	0.00385	0.00457	0.00450	0.00549	0.00342	0.00333	0.00637	0.00968	0.01286	0.44405	0.10953	0.35557	0.00897	0.00456	0.00127	0.00190	0.00776	0.00390	0.00342
9	0.00453	0.00388	0.00388	0.00388	0.00518	0.00324	0.00291	0.00550	0.00874	0.01036	0.03884	0.03690	0.83978	0.00971	0.00453	0.00129	0.00194	0.00809	0.00356	0.00324
10	0.00809	0.00797	0.01079	0.00940	0.00949	0.02984	0.00771	0.00891	0.00606	0.00917	0.00638	0.05133	0.00661	0.04322	0.05232	0.00195	0.72105	0.00383	0.00182	0.00403
11	0.01458	0.01074	0.01151	0.00882	0.01189	0.01189	0.00729	0.82855	0.01803	0.02416	0.00921	0.00921	0.00652	0.00460	0.00384	0.00115	0.00422	0.00345	0.00384	0.00652
12	0.01353	0.01649	0.01079	0.01020	0.05120	0.70168	0.00741	0.04608	0.05669	0.01067	0.03571	0.00829	0.00652	0.00416	0.00355	0.00103	0.00631	0.00281	0.00223	0.00466
13	0.00526	0.00418	0.00484	0.00455	0.00585	0.00358	0.00341	0.00660	0.00933	0.01242	0.33198	0.09503	0.38432	0.00843	0.00437	0.00120	0.00201	0.00723	0.00366	0.10176

[dist]
# distance from previous block
# <min> <max>
1	3

[block]
# block no. 5 follows, 71 sequences, length 15
# corresponding to MSA columns:
# 152-166
name=unknown_F
#
# <colnr> <probs for GDERKNQSTAVLIFYWHMCP>
#	G	D	E	R	K	N	Q	S	T	A	V	L	I	F	Y	W	H	M	C	P
0	0.00488	0.00360	0.00458	0.00504	0.00561	0.00333	0.00355	0.00586	0.00825	0.01098	0.18620	0.49892	0.16295	0.02639	0.02676	0.00161	0.00237	0.03228	0.00363	0.00324
1	0.00907	0.00823	0.01117	0.02075	0.03745	0.02715	0.02951	0.02029	0.07084	0.06327	0.00784	0.01027	0.02758	0.01727	0.02367	0.00161	0.56631	0.00360	0.00218	0.04198
2	0.00937	0.00823	0.00873	0.04391	0.03394	0.04088	0.00618	0.04510	0.63557	0.01502	0.02717	0.01490	0.02800	0.05977	0.00489	0.00143	0.00336	0.00436	0.00357	0.00561
3	0.01074	0.00850	0.01009	0.00879	0.03070	0.02913	0.07117	0.03898	0.60207	0.12397	0.01433	0.01341	0.01053	0.00490	0.00393	0.00127	0.00349	0.00420	0.00376	0.00603
4	0.07518	0.00721	0.00907	0.00700	0.00994	0.00677	0.00578	0.13887	0.01173	0.66669	0.01359	0.01202	0.00869	0.00465	0.00375	0.00118	0.00339	0.00368	0.00445	0.00637
5	0.00907	0.01024	0.02192	0.01574	0.01953	0.00969	0.78582	0.01269	0.05084	0.01247	0.00815	0.01054	0.00612	0.00333	0.00449	0.00129	0.00629	0.00452	0.00204	0.00522
6	0.00551	0.00369	0.00420	0.00427	0.00429	0.00367	0.00242	0.00556	0.00571	0.00761	0.01277	0.08931	0.01481	0.79984	0.01839	0.00355	0.00360	0.00598	0.00242	0.00238
7	0.00931	0.00804	0.00845	0.00763	0.00975	0.00925	0.00593	0.01970	0.79719	0.01578	0.01665	0.01532	0.04903	0.00541	0.00393	0.00130	0.00299	0.00450	0.00389	0.00594
8	0.00566	0.00371	0.00415	0.00415	0.00420	0.00371	0.00234	0.00576	0.00571	0.00780	0.01210	0.02451	0.01372	0.81911	0.01861	0.00357	0.00361	0.00547	0.04972	0.00239
9	0.00768	0.00721	0.01215	0.57732	0.24504	0.00834	0.01050	0.01005	0.00793	0.01053	0.00783	0.06416	0.00666	0.00424	0.00389	0.00126	0.00478	0.00389	0.00187	0.00468
10	0.00478	0.00366	0.00423	0.00455	0.00534	0.00325	0.00322	0.00572	0.00830	0.01068	0.10752	0.36490	0.39249	0.02790	0.00492	0.00143	0.00207	0.00890	0.03293	0.00322
11	0.00632	0.00493	0.00681	0.00704	0.05939	0.00560	0.00482	0.02890	0.00665	0.00942	0.05205	0.01781	0.01156	0.29827	0.36642	0.00417	0.09960	0.00459	0.00225	0.00341
12	0.01100	0.17981	0.02606	0.01046	0.09263	0.32684	0.00792	0.01220	0.00849	0.00967	0.00584	0.00766	0.00521	0.00512	0.02740	0.00128	0.23527	0.00276	0.00182	0.02255
13	0.01056	0.01786	0.03876	0.06516	0.21168	0.05574	0.00779	0.18551	0.04494	0.09084	0.09762	0.01262	0.02291	0.02919	0.01491	0.00126	0.01346	0.00384	0.00295	0.07240
14	0.01026	0.20297	0.07406	0.05857	0.23438	0.11573	0.05169	0.05509	0.08520	0.02883	0.00827	0.02325	0.01738	0.00400	0.00363	0.00110	0.01474	0.00329	0.00221	0.00536

[dist]
# distance from previous block
# <min> <max>
1	23

[block]
# block no. 6 follows, 71 sequences, length 15
# corresponding to MSA columns:
# 190-204
name=unknown_G
#
# <colnr> <probs for GDERKNQSTAVLIFYWHMCP>
#	G	D	E	R	K	N	Q	S	T	A	V	L	I	F	Y	W	H	M	C	P
0	0.03085	0.17939	0.32509	0.01046	0.10437	0.03512	0.03693	0.06503	0.02432	0.04116	0.00743	0.00904	0.00591	0.04544	0.00416	0.00120	0.00473	0.00297	0.00207	0.06434
1	0.00807	0.19920	0.16743	0.00873	0.08601	0.07452	0.02089	0.00976	0.00799	0.02507	0.02333	0.22254	0.03171	0.09192	0.00533	0.00144	0.00409	0.00519	0.00237	0.00439
2	0.03925	0.01167	0.01089	0.00998	0.07120	0.35703	0.11435	0.04226	0.03958	0.04190	0.00906	0.01112	0.02514	0.06257	0.04719	0.00151	0.00552	0.00347	0.09176	0.00455
3	0.00527	0.00414	0.00482	0.00488	0.00586	0.00388	0.00357	0.00729	0.08289	0.01216	0.26212	0.24619	0.32410	0.00936	0.00457	0.00134	0.00207	0.00815	0.00378	0.00357
4	0.00666	0.00333	0.00500	0.00500	0.00500	0.00333	0.00333	0.00500	0.00500	0.00666	0.00666	0.01166	0.00666	0.01332	0.01499	0.88844	0.00333	0.00333	0.00167	0.00167
5	0.00962	0.00817	0.00860	0.00765	0.00983	0.00934	0.00597	0.08066	0.72317	0.01631	0.01651	0.01527	0.06089	0.00543	0.00393	0.00129	0.00306	0.00449	0.00388	0.00593
6	0.01458	0.01074	0.01151	0.00882	0.01189	0.01189	0.00729	0.82855	0.01803	0.02416	0.00921	0.00921	0.00652	0.00460	0.00384	0.00115	0.00422	0.00345	0.00384	0.00652
7	0.00932	0.00816	0.00934	0.00817	0.01038	0.00927	0.05514	0.01928	0.74709	0.01578	0.05304	0.01473	0.01248	0.00521	0.00397	0.00130	0.00318	0.00447	0.00380	0.00590
8	0.03440	0.01007	0.01348	0.10597	0.49796	0.14188	0.01017	0.01233	0.00883	0.05953	0.00722	0.00920	0.00587	0.00385	0.00431	0.00117	0.06297	0.00325	0.00205	0.00547
9	0.00473	0.00338	0.00450	0.00530	0.00557	0.00315	0.00356	0.00548	0.00761	0.01021	0.08307	0.79961	0.02618	0.01170	0.00487	0.00153	0.00219	0.01060	0.00361	0.00315
10	0.00942	0.11110	0.57335	0.00998	0.01476	0.04035	0.01179	0.13190	0.02412	0.02808	0.00731	0.00820	0.00531	0.00380	0.00354	0.00115	0.00524	0.00287	0.00205	0.00569
11	0.07612	0.23503	0.12437	0.00882	0.01165	0.46281	0.00786	0.01361	0.00939	0.01023	0.00586	0.00683	0.00487	0.00371	0.00315	0.00099	0.00574	0.00238	0.00187	0.00471
12	0.00642	0.00392	0.00452	0.00437	0.00459	0.00386	0.00256	0.00653	0.00597	0.06815	0.01230	0.02422	0.01362	0.80279	0.01838	0.00353	0.00368	0.00545	0.00250	0.00263
13	0.00837	0.00876	0.12131	0.39871	0.10880	0.00816	0.01965	0.03607	0.08327	0.06052	0.03917	0.01269	0.03618	0.00491	0.01994	0.00135	0.00466	0.02021	0.00235	0.00493
14	0.00620	0.00477	0.00530	0.00489	0.00641	0.00437	0.00372	0.00867	0.11261	0.04468	0.19304	0.06065	0.41606	0.00793	0.00425	0.00121	0.00219	0.00671	0.02432	0.08203

[dist]
# distance from previous block
# <min> <max>
3	24

[block]
# block no. 7 follows, 71 sequences, length 12
# corresponding to MSA columns:
# 229-240
name=unknown_H
#
# <colnr> <probs for GDERKNQSTAVLIFYWHMCP>
#	G	D	E	R	K	N	Q	S	T	A	V	L	I	F	Y	W	H	M	C	P
0	0.01295	0.07602	0.01330	0.01179	0.10114	0.61004	0.09714	0.01433	0.01022	0.01001	0.00622	0.00751	0.00515	0.00377	0.00354	0.00103	0.00642	0.00277	0.00194	0.00473
1	0.10120	0.00490	0.00524	0.00488	0.00550	0.00518	0.00319	0.09590	0.00706	0.01037	0.01096	0.02084	0.01186	0.63691	0.05828	0.00329	0.00403	0.00490	0.00248	0.00303
2	0.00715	0.09984	0.03625	0.00815	0.09056	0.00698	0.00602	0.02882	0.02326	0.01020	0.00895	0.01277	0.00822	0.06943	0.43668	0.00379	0.03872	0.00363	0.00209	0.09850
3	0.01571	0.00758	0.00882	0.00718	0.00982	0.09747	0.00589	0.01717	0.01073	0.66421	0.01468	0.01561	0.01034	0.00528	0.00397	0.00123	0.00369	0.09034	0.00431	0.00598
4	0.10667	0.55979	0.01712	0.00889	0.10028	0.08613	0.03380	0.03007	0.00829	0.01077	0.00575	0.00679	0.00503	0.00341	0.00278	0.00093	0.00435	0.00235	0.00184	0.00496
5	0.19161	0.10564	0.02781	0.01042	0.12365	0.43009	0.00741	0.01333	0.00914	0.01141	0.00591	0.00712	0.00493	0.00381	0.00348	0.00106	0.03398	0.00251	0.00199	0.00467
6	0.00487	0.00349	0.00456	0.00521	0.00556	0.00326	0.00356	0.00570	0.00780	0.01048	0.13412	0.65178	0.04575	0.06324	0.00574	0.00164	0.00229	0.03422	0.00357	0.00315
7	0.01309	0.05156	0.01264	0.01136	0.14760	0.10054	0.03855	0.45342	0.06683	0.05311	0.00895	0.00939	0.00663	0.00427	0.00375	0.00113	0.00452	0.00339	0.00319	0.00607
8	0.00475	0.00380	0.00415	0.00431	0.00529	0.00332	0.00312	0.00567	0.00839	0.01036	0.07950	0.16938	0.56789	0.07787	0.00580	0.00154	0.00218	0.03602	0.00350	0.00318
9	0.00794	0.01409	0.45367	0.01183	0.13388	0.00837	0.06250	0.01247	0.11885	0.01286	0.07036	0.01237	0.05501	0.00444	0.00387	0.00122	0.00472	0.00382	0.00228	0.00546
10	0.00538	0.00390	0.00491	0.00553	0.00599	0.01560	0.00394	0.02191	0.00774	0.01012	0.03350	0.56227	0.08258	0.03715	0.00604	0.06568	0.00260	0.11863	0.00337	0.00314
11	0.01167	0.12478	0.01085	0.00813	0.02372	0.30214	0.00639	0.18626	0.05862	0.03689	0.12491	0.01297	0.06670	0.00501	0.00367	0.00108	0.00457	0.00378	0.00293	0.00493

[dist]
# distance from previous block
# <min> <max>
1	9

[block]
# block no. 8 follows, 71 sequences, length 23
# corresponding to MSA columns:
# 252-274
name=unknown_I
#
# <colnr> <probs for GDERKNQSTAVLIFYWHMCP>
#	G	D	E	R	K	N	Q	S	T	A	V	L	I	F	Y	W	H	M	C	P
0	0.28410	0.10034	0.01794	0.00717	0.02646	0.20784	0.00560	0.02874	0.05625	0.06334	0.00990	0.14392	0.02353	0.00526	0.00333	0.00117	0.00400	0.00398	0.00265	0.00448
1	0.04818	0.06880	0.06850	0.03859	0.14959	0.15478	0.00810	0.12381	0.23964	0.01429	0.00963	0.01070	0.00759	0.00441	0.00378	0.00117	0.01753	0.02264	0.00274	0.00552
2	0.00944	0.01141	0.22921	0.00986	0.03680	0.02792	0.11951	0.12275	0.20327	0.04282	0.05169	0.02750	0.02014	0.04473	0.00465	0.00134	0.00440	0.00410	0.02301	0.00544
3	0.00543	0.00397	0.00557	0.00558	0.00622	0.00431	0.00418	0.00668	0.00708	0.01004	0.15262	0.07420	0.03808	0.10771	0.53063	0.00455	0.00728	0.00528	0.01726	0.00332
4	0.00865	0.00959	0.08708	0.11654	0.11165	0.04454	0.04699	0.01214	0.15678	0.01148	0.02568	0.01090	0.02636	0.00523	0.00697	0.00139	0.30720	0.00370	0.00222	0.00492
5	0.00502	0.00364	0.00428	0.00456	0.00501	0.00339	0.00298	0.00561	0.00734	0.00956	0.08907	0.31107	0.21066	0.30890	0.00988	0.00222	0.00265	0.00807	0.00318	0.00291
6	0.00872	0.03788	0.01390	0.04746	0.50772	0.03848	0.08581	0.01092	0.01827	0.01216	0.07161	0.05269	0.05611	0.00464	0.00398	0.00119	0.00433	0.01658	0.00228	0.00531
7	0.01389	0.00992	0.01074	0.00833	0.01118	0.01084	0.00682	0.71632	0.01673	0.06483	0.01081	0.02464	0.03555	0.03582	0.00444	0.00126	0.00404	0.00383	0.00381	0.00620
8	0.01183	0.04056	0.09640	0.00974	0.05602	0.13492	0.03410	0.28647	0.08192	0.06503	0.00911	0.02528	0.00723	0.04883	0.00527	0.00132	0.07401	0.00356	0.00290	0.00550
9	0.00581	0.00401	0.00521	0.00486	0.00585	0.00367	0.00366	0.00758	0.01077	0.04494	0.77663	0.02842	0.06842	0.00780	0.00450	0.00121	0.00187	0.00687	0.00421	0.00371
10	0.01224	0.04759	0.00978	0.00823	0.01014	0.43381	0.00639	0.09312	0.09663	0.03804	0.00862	0.00943	0.00680	0.00436	0.00380	0.00105	0.04481	0.00302	0.15740	0.00473
11	0.00928	0.11090	0.23994	0.01024	0.13839	0.02208	0.00876	0.04548	0.02446	0.05708	0.00742	0.00845	0.00577	0.00344	0.00329	0.00094	0.00417	0.00275	0.00219	0.29499
12	0.00949	0.26216	0.30018	0.03588	0.06200	0.05161	0.07015	0.01204	0.00837	0.07198	0.00807	0.04879	0.01601	0.00413	0.00365	0.00112	0.02383	0.00329	0.00203	0.00522
13	0.01257	0.00962	0.01010	0.00813	0.01068	0.04486	0.00656	0.56088	0.11509	0.03254	0.09796	0.05162	0.01113	0.00534	0.00395	0.00119	0.00383	0.00424	0.00381	0.00592
14	0.00655	0.03356	0.10064	0.02127	0.09413	0.00595	0.05501	0.00924	0.08332	0.01230	0.18006	0.10425	0.24789	0.00719	0.00427	0.00127	0.00314	0.02251	0.00315	0.00430
15	0.00522	0.00387	0.00487	0.00471	0.00563	0.00352	0.00350	0.00680	0.01023	0.01411	0.64274	0.09721	0.16645	0.00848	0.00455	0.00125	0.00186	0.00744	0.00406	0.00352
16	0.00995	0.60944	0.15161	0.00789	0.01136	0.05953	0.03315	0.01195	0.02682	0.00981	0.00591	0.00690	0.00510	0.00354	0.00315	0.00095	0.03384	0.00237	0.00172	0.00502
17	0.00484	0.00348	0.00443	0.00509	0.00541	0.00325	0.00341	0.00552	0.00743	0.00983	0.05955	0.63740	0.08988	0.11794	0.00668	0.00179	0.00239	0.02519	0.00344	0.00306
18	0.00808	0.00830	0.10393	0.00860	0.07769	0.00765	0.00677	0.01427	0.39303	0.02686	0.12726	0.05276	0.07942	0.00691	0.04031	0.00149	0.02315	0.00498	0.00336	0.00519
19	0.00561	0.00392	0.00474	0.00474	0.00539	0.00370	0.00335	0.00656	0.00819	0.02673	0.25906	0.06172	0.16231	0.32298	0.01011	0.00222	0.00277	0.09946	0.00332	0.00310
20	0.00924	0.09920	0.10845	0.03940	0.26806	0.00968	0.01915	0.04831	0.26058	0.01362	0.04868	0.01168	0.01937	0.00439	0.00392	0.00119	0.02303	0.00372	0.00265	0.00566
21	0.00750	0.00706	0.01185	0.67931	0.09877	0.00827	0.03691	0.00995	0.00782	0.01030	0.00719	0.02816	0.00569	0.00389	0.00381	0.00123	0.00490	0.00353	0.00181	0.06207
22	0.00723	0.00622	0.08659	0.00623	0.00774	0.00504	0.00514	0.09585	0.03279	0.08203	0.05618	0.45054	0.12489	0.00913	0.00448	0.00139	0.00283	0.00801	0.00354	0.00413

[dist]
# distance from previous block
# <min> <max>
0	1

[block]
# block no. 9 follows, 71 sequences, length 44
# corresponding to MSA columns:
# 276-319
name=unknown_J
#
# <colnr> <probs for GDERKNQSTAVLIFYWHMCP>
#	G	D	E	R	K	N	Q	S	T	A	V	L	I	F	Y	W	H	M	C	P
0	0.09305	0.00645	0.00712	0.00624	0.00817	0.00680	0.00489	0.03167	0.31977	0.11628	0.23229	0.01678	0.01667	0.00551	0.00377	0.00118	0.00265	0.00458	0.06870	0.04742
1	0.00906	0.13051	0.10177	0.00761	0.03409	0.06423	0.03043	0.04962	0.00867	0.01231	0.00671	0.00782	0.00549	0.00318	0.00304	0.00077	0.00382	0.00247	0.00215	0.51627
2	0.76313	0.00763	0.00633	0.00547	0.00794	0.00867	0.00450	0.07804	0.00775	0.07258	0.00630	0.00692	0.00470	0.00372	0.00259	0.00118	0.00309	0.00231	0.00265	0.00450
3	0.00714	0.00425	0.00538	0.00490	0.00602	0.00389	0.00365	0.00862	0.00994	0.13186	0.52158	0.02590	0.08831	0.11074	0.00614	0.00150	0.00225	0.00625	0.04786	0.00384
4	0.00840	0.00795	0.01299	0.01918	0.65516	0.00781	0.00981	0.01041	0.00877	0.01214	0.02957	0.01543	0.17633	0.00478	0.00396	0.00117	0.00397	0.00444	0.00228	0.00545
5	0.00609	0.00399	0.00475	0.00457	0.00529	0.00371	0.00312	0.00694	0.00816	0.06586	0.25788	0.05620	0.17488	0.35863	0.01063	0.00227	0.00275	0.01777	0.00332	0.00319
6	0.86597	0.00732	0.00565	0.00508	0.00740	0.00849	0.00417	0.01114	0.00651	0.01696	0.00549	0.00649	0.00431	0.00431	0.02757	0.00133	0.00318	0.00214	0.00236	0.00413
7	0.02290	0.20387	0.20795	0.01150	0.20316	0.00964	0.00913	0.01296	0.08128	0.09707	0.02994	0.00953	0.00710	0.00380	0.00340	0.00106	0.00421	0.00308	0.00234	0.07607
8	0.01089	0.70850	0.01832	0.00711	0.01017	0.13715	0.00668	0.02424	0.02974	0.00948	0.00574	0.00652	0.00512	0.00345	0.00266	0.00086	0.00449	0.00219	0.00178	0.00490
9	0.48931	0.00723	0.00681	0.00544	0.00827	0.00720	0.00443	0.03167	0.00751	0.03544	0.00627	0.00717	0.00496	0.00332	0.00264	0.00093	0.00295	0.00223	0.00243	0.36379
10	0.00974	0.00834	0.00923	0.00808	0.01002	0.05857	0.04216	0.10469	0.43217	0.03536	0.05179	0.01690	0.01235	0.05366	0.00538	0.00146	0.04761	0.08368	0.00349	0.00533
11	0.01014	0.00853	0.00901	0.00792	0.01020	0.00982	0.00621	0.11645	0.73736	0.01701	0.01484	0.01370	0.01109	0.00513	0.00389	0.00128	0.00318	0.00423	0.00389	0.00612
12	0.00551	0.00419	0.00612	0.03703	0.02865	0.00466	0.00474	0.00674	0.00657	0.00921	0.02993	0.12886	0.03944	0.09098	0.57367	0.00479	0.00790	0.00527	0.00235	0.00339
13	0.00548	0.00409	0.00609	0.00609	0.00676	0.00476	0.00471	0.00680	0.00614	0.00885	0.01033	0.01540	0.00973	0.05710	0.82191	0.00608	0.01005	0.00416	0.00206	0.00339
14	0.89233	0.00741	0.00564	0.00504	0.00741	0.00860	0.00415	0.01127	0.00653	0.01720	0.00534	0.00623	0.00415	0.00356	0.00237	0.00119	0.00297	0.00208	0.00237	0.00415
15	0.00948	0.41974	0.19267	0.00771	0.01129	0.04269	0.00791	0.01298	0.14056	0.01122	0.00750	0.00811	0.00608	0.00364	0.00302	0.00096	0.00422	0.00262	0.00208	0.10550
16	0.01218	0.44064	0.03383	0.00811	0.01096	0.30430	0.00712	0.12114	0.01022	0.01122	0.00609	0.00686	0.00514	0.00370	0.00301	0.00093	0.00513	0.00240	0.00205	0.00498
17	0.00562	0.00466	0.01679	0.00580	0.04273	0.00406	0.00410	0.00712	0.03420	0.01162	0.18138	0.22846	0.27813	0.00907	0.01893	0.02282	0.00248	0.01742	0.00339	0.10123
18	0.00964	0.12202	0.49451	0.01079	0.07672	0.09938	0.01135	0.01320	0.04215	0.07450	0.00759	0.00846	0.00559	0.00376	0.00352	0.00114	0.00523	0.00288	0.00201	0.00556
19	0.01001	0.03336	0.34275	0.01206	0.04665	0.18625	0.20842	0.02393	0.00915	0.04582	0.01698	0.00887	0.00574	0.00379	0.00408	0.00119	0.03043	0.00328	0.00197	0.00527
20	0.00822	0.00723	0.00933	0.00668	0.01012	0.00569	0.07709	0.03065	0.00830	0.01277	0.00696	0.00819	0.00571	0.00292	0.00301	0.00065	0.00319	0.00250	0.00228	0.78850
21	0.00666	0.00333	0.00500	0.00500	0.00500	0.00333	0.00333	0.00500	0.00500	0.00666	0.00666	0.01166	0.00666	0.01332	0.01499	0.88844	0.00333	0.00333	0.00167	0.00167
22	0.89233	0.00741	0.00564	0.00504	0.00741	0.00860	0.00415	0.01127	0.00653	0.01720	0.00534	0.00623	0.00415	0.00356	0.00237	0.00119	0.00297	0.00208	0.00237	0.00415
23	0.01325	0.01021	0.02185	0.02018	0.03653	0.02616	0.00724	0.56560	0.19135	0.05156	0.01061	0.01040	0.00765	0.00467	0.00384	0.00118	0.00402	0.00363	0.00373	0.00633
24	0.00613	0.00438	0.00612	0.00698	0.00784	0.00437	0.00607	0.00787	0.00883	0.01151	0.03561	0.06282	0.02241	0.01057	0.00527	0.00175	0.00347	0.78095	0.00354	0.00352
25	0.00747	0.00696	0.01157	0.82000	0.03963	0.00862	0.01058	0.03122	0.00796	0.01022	0.00688	0.01018	0.00516	0.00385	0.00383	0.00127	0.00508	0.00341	0.00176	0.00435
26	0.00839	0.00839	0.01174	0.01007	0.01007	0.01174	0.00839	0.00923	0.00587	0.00923	0.00503	0.00839	0.00503	0.00671	0.01258	0.00168	0.85823	0.00336	0.00168	0.00419
27	0.00703	0.00454	0.00566	0.00521	0.00643	0.00425	0.00395	0.04939	0.02524	0.10102	0.50902	0.10899	0.12546	0.00789	0.00442	0.00124	0.00216	0.00687	0.01720	0.00401
28	0.00557	0.00375	0.00437	0.00437	0.00443	0.00382	0.00255	0.00569	0.00563	0.00757	0.01191	0.02416	0.01354	0.78787	0.09635	0.00394	0.00432	0.00544	0.00230	0.00243
29	0.00679	0.00383	0.00589	0.02776	0.00619	0.00401	0.02238	0.00555	0.00529	0.00711	0.00696	0.01224	0.00692	0.01248	0.01411	0.78322	0.04160	0.02396	0.00172	0.00197
30	0.00795	0.00681	0.00795	0.00568	0.00909	0.00511	0.00454	0.00965	0.00795	0.01249	0.00681	0.00795	0.00568	0.00284	0.00284	0.00057	0.00284	0.00227	0.00227	0.88869
31	0.03276	0.00687	0.01141	0.81637	0.04071	0.00853	0.01048	0.00987	0.00765	0.01006	0.00678	0.01009	0.00510	0.00382	0.00379	0.00127	0.00504	0.00337	0.00173	0.00429
32	0.03405	0.01105	0.00777	0.00705	0.00872	0.40246	0.00535	0.03713	0.00987	0.08400	0.00952	0.02675	0.00755	0.00438	0.00322	0.00099	0.00444	0.00318	0.32818	0.00433
33	0.01090	0.03654	0.04299	0.04388	0.19943	0.04558	0.06330	0.23718	0.06795	0.06072	0.01964	0.04283	0.00813	0.02546	0.00484	0.00128	0.06028	0.02068	0.00283	0.00557
34	0.00625	0.00403	0.00490	0.00464	0.00568	0.00375	0.00353	0.01672	0.01004	0.04603	0.50887	0.02620	0.12190	0.00727	0.00413	0.00117	0.00195	0.02948	0.18976	0.00370
35	0.01023	0.03035	0.14236	0.04086	0.09992	0.11133	0.03309	0.15573	0.10998	0.02291	0.04212	0.01080	0.02869	0.00482	0.00517	0.00125	0.13893	0.00359	0.00257	0.00531
36	0.89233	0.00741	0.00564	0.00504	0.00741	0.00860	0.00415	0.01127	0.00653	0.01720	0.00534	0.00623	0.00415	0.00356	0.00237	0.00119	0.00297	0.00208	0.00237	0.00415
37	0.01051	0.00957	0.03502	0.03583	0.17069	0.05221	0.00774	0.18436	0.38812	0.01621	0.01249	0.01245	0.03798	0.00475	0.00386	0.00122	0.00387	0.00394	0.00326	0.00592
38	0.00469	0.00382	0.00415	0.00421	0.00531	0.00328	0.00310	0.00576	0.00891	0.01110	0.16553	0.13558	0.61181	0.00969	0.00457	0.00131	0.00195	0.00825	0.00367	0.00328
39	0.00899	0.02999	0.05928	0.01297	0.28571	0.07343	0.03734	0.02305	0.21286	0.02277	0.06564	0.05513	0.08585	0.00520	0.00395	0.00121	0.00394	0.00456	0.00281	0.00532
40	0.00782	0.00638	0.00658	0.00627	0.00751	0.08339	0.00465	0.08021	0.13278	0.04703	0.20343	0.30331	0.06622	0.02060	0.00459	0.00135	0.00290	0.00709	0.00367	0.00422
41	0.07753	0.05636	0.02810	0.04866	0.39890	0.02274	0.01708	0.01233	0.08510	0.07652	0.00955	0.08860	0.00832	0.00455	0.00386	0.00118	0.02018	0.00399	0.00248	0.03397
42	0.08964	0.10596	0.07551	0.04049	0.16684	0.11403	0.00759	0.04576	0.10420	0.05790	0.07828	0.01223	0.05559	0.00454	0.00356	0.00112	0.00409	0.00363	0.00265	0.02640
43	0.04770	0.02748	0.16101	0.01066	0.13511	0.07975	0.02864	0.08218	0.09086	0.03619	0.03684	0.06276	0.00843	0.00466	0.00427	0.00115	0.06329	0.00372	0.00252	0.11279

[dist]
# distance from previous block
# <min> <max>
2	99

[block]
# block no. 10 follows, 71 sequences, length 60
# corresponding to MSA columns:
# 425-484
name=unknown_K
#
# <colnr> <probs for GDERKNQSTAVLIFYWHMCP>
#	G	D	E	R	K	N	Q	S	T	A	V	L	I	F	Y	W	H	M	C	P
0	0.02546	0.11497	0.22540	0.00862	0.05694	0.09569	0.01555	0.04156	0.03314	0.07029	0.01290	0.10715	0.10221	0.03971	0.00435	0.00126	0.00423	0.00445	0.00255	0.03355
1	0.03805	0.16246	0.11204	0.00939	0.12352	0.03117	0.04995	0.03920	0.04535	0.02904	0.06893	0.03523	0.17466	0.03180	0.01910	0.00132	0.01696	0.00455	0.00259	0.00471
2	0.01046	0.10755	0.08482	0.03853	0.11332	0.21411	0.00777	0.08441	0.00954	0.01211	0.00671	0.00802	0.00549	0.00406	0.01833	0.00103	0.03051	0.00269	0.00212	0.23841
3	0.36273	0.07263	0.00833	0.00631	0.00860	0.02760	0.01726	0.05147	0.10695	0.14706	0.10655	0.01132	0.01000	0.00458	0.00346	0.00118	0.02699	0.00337	0.01872	0.00488
4	0.00597	0.00475	0.00671	0.03889	0.04686	0.01493	0.02941	0.01702	0.00684	0.00933	0.01330	0.17505	0.04174	0.21028	0.32624	0.00373	0.02518	0.01792	0.00246	0.00339
5	0.22443	0.00885	0.00895	0.00733	0.00991	0.00990	0.00595	0.38315	0.18942	0.04997	0.01005	0.01001	0.00736	0.00448	0.00343	0.00118	0.00349	0.00333	0.05314	0.00569
6	0.00598	0.00430	0.00584	0.00659	0.00736	0.00429	0.00548	0.00773	0.03123	0.01120	0.04006	0.16780	0.02217	0.05987	0.00600	0.00182	0.00328	0.60203	0.00349	0.00347
7	0.00551	0.00385	0.00496	0.00503	0.00531	0.00409	0.00338	0.00608	0.00596	0.00819	0.01213	0.06789	0.01320	0.49616	0.31738	0.00443	0.00599	0.02534	0.00232	0.00279
8	0.00578	0.00411	0.00520	0.00484	0.00588	0.00379	0.00366	0.02386	0.01076	0.03396	0.71065	0.02885	0.12836	0.00792	0.00449	0.00121	0.00191	0.00693	0.00415	0.00370
9	0.00618	0.00452	0.00632	0.00719	0.02008	0.00462	0.00602	0.00778	0.00851	0.01116	0.01937	0.09974	0.02121	0.03907	0.00597	0.00180	0.03271	0.69083	0.00340	0.00352
10	0.01720	0.00653	0.00890	0.00682	0.00979	0.00564	0.00564	0.01869	0.01097	0.84399	0.01513	0.01305	0.00949	0.00475	0.00386	0.00119	0.00326	0.00386	0.00475	0.00653
11	0.00518	0.00375	0.00476	0.00539	0.00581	0.00361	0.00378	0.00628	0.03574	0.01002	0.03484	0.53718	0.07241	0.13598	0.00702	0.00187	0.00262	0.11720	0.00340	0.00317
12	0.00899	0.01023	0.02230	0.01598	0.01980	0.00959	0.81140	0.01220	0.00905	0.01227	0.00800	0.01098	0.00613	0.00338	0.00454	0.00130	0.00641	0.02034	0.00197	0.00514
13	0.80326	0.00852	0.00617	0.00553	0.00787	0.09395	0.00448	0.01168	0.00697	0.01641	0.00540	0.00630	0.00423	0.00360	0.00248	0.00117	0.00337	0.00212	0.00233	0.00418
14	0.00615	0.00439	0.00615	0.00703	0.00790	0.00439	0.00613	0.00790	0.00880	0.01144	0.02032	0.05796	0.02213	0.01062	0.00529	0.00176	0.00351	0.80108	0.00353	0.00352
15	0.00949	0.00911	0.01556	0.02353	0.84133	0.00911	0.01177	0.01177	0.00873	0.01253	0.00721	0.00949	0.00607	0.00342	0.00380	0.00114	0.00456	0.00342	0.00190	0.00607
16	0.00795	0.00681	0.00795	0.00568	0.00909	0.00511	0.00454	0.00965	0.00795	0.01249	0.00681	0.00795	0.00568	0.00284	0.00284	0.00057	0.00284	0.00227	0.00227	0.88869
17	0.00867	0.00886	0.01170	0.01006	0.01015	0.05158	0.00834	0.00952	0.00611	0.00923	0.00508	0.00832	0.00503	0.00658	0.01215	0.00164	0.81777	0.00331	0.00169	0.00421
18	0.00839	0.00839	0.01174	0.01007	0.01007	0.01174	0.00839	0.00923	0.00587	0.00923	0.00503	0.00839	0.00503	0.00671	0.01258	0.00168	0.85823	0.00336	0.00168	0.00419
19	0.01635	0.00628	0.00845	0.00655	0.00934	0.00546	0.00539	0.01786	0.01073	0.77372	0.01490	0.01316	0.00952	0.00472	0.00376	0.00116	0.00314	0.00383	0.07943	0.00628
20	0.01720	0.00653	0.00890	0.00682	0.00979	0.00564	0.00564	0.01869	0.01097	0.84399	0.01513	0.01305	0.00949	0.00475	0.00386	0.00119	0.00326	0.00386	0.00475	0.00653
21	0.01169	0.00847	0.01354	0.03755	0.56571	0.00833	0.00993	0.05405	0.00975	0.22881	0.00936	0.01042	0.00696	0.00383	0.00381	0.00115	0.00422	0.00353	0.00273	0.00617
22	0.01316	0.00957	0.09487	0.04074	0.04022	0.00890	0.00753	0.25299	0.17085	0.28332	0.01185	0.01134	0.00820	0.00464	0.00403	0.00121	0.02299	0.00368	0.00372	0.00620
23	0.00666	0.00333	0.00500	0.00500	0.00500	0.00333	0.00333	0.00500	0.00500	0.00666	0.00666	0.01166	0.00666	0.01332	0.01499	0.88844	0.00333	0.00333	0.00167	0.00167
24	0.01329	0.05360	0.01149	0.06770	0.05513	0.69058	0.00778	0.01473	0.03301	0.00974	0.00629	0.00744	0.00519	0.00392	0.00347	0.00102	0.00644	0.00261	0.00199	0.00458
25	0.00558	0.00372	0.00418	0.00418	0.00418	0.00372	0.00232	0.00558	0.00558	0.00743	0.01208	0.02509	0.01394	0.86525	0.01952	0.00372	0.00372	0.00558	0.00232	0.00232
26	0.00559	0.00376	0.00488	0.00531	0.00597	0.00348	0.00386	0.00668	0.00844	0.04876	0.16841	0.48609	0.10060	0.01035	0.00472	0.00146	0.00230	0.09561	0.03031	0.00343
27	0.01194	0.03135	0.00957	0.00860	0.01018	0.58926	0.00644	0.01300	0.03768	0.00923	0.00725	0.02570	0.00649	0.03303	0.09297	0.09166	0.00652	0.00304	0.00205	0.00403
28	0.00557	0.00382	0.00464	0.00466	0.00484	0.00393	0.00294	0.00594	0.00597	0.00812	0.04195	0.02393	0.01419	0.65408	0.17133	0.00402	0.00485	0.03021	0.00238	0.00261
29	0.00856	0.00921	0.01686	0.01275	0.01505	0.03490	0.45642	0.01084	0.00838	0.01166	0.10953	0.01191	0.00930	0.00486	0.00690	0.00139	0.26025	0.00441	0.00214	0.00467
30	0.11971	0.01088	0.01053	0.00839	0.01121	0.09133	0.00683	0.59336	0.07586	0.02132	0.00890	0.00900	0.00647	0.00446	0.00363	0.00115	0.00424	0.00326	0.00349	0.00600
31	0.00856	0.07881	0.43701	0.02676	0.13779	0.00884	0.02527	0.03844	0.02243	0.02022	0.00712	0.00840	0.00542	0.00351	0.00347	0.00106	0.00479	0.00286	0.00192	0.15734
32	0.01050	0.09443	0.12837	0.01130	0.14864	0.14569	0.00867	0.09004	0.23849	0.01345	0.00914	0.00979	0.00714	0.00435	0.00423	0.00118	0.06314	0.00331	0.00257	0.00555
33	0.02259	0.00798	0.09302	0.00785	0.00894	0.07105	0.00676	0.00867	0.00695	0.00987	0.05227	0.06754	0.00987	0.03159	0.33322	0.00331	0.24823	0.00422	0.00212	0.00393
34	0.01418	0.01036	0.01115	0.00866	0.01163	0.01145	0.00711	0.72327	0.09672	0.05085	0.01002	0.00983	0.00712	0.00467	0.00384	0.00117	0.00407	0.00355	0.00387	0.00648
35	0.01246	0.00553	0.00738	0.00616	0.00825	0.00494	0.00490	0.01423	0.03451	0.50421	0.21957	0.10367	0.01798	0.00636	0.00413	0.00124	0.00277	0.01904	0.01730	0.00535
36	0.00570	0.00398	0.00511	0.00489	0.00586	0.00364	0.00368	0.00734	0.01035	0.04231	0.65161	0.08392	0.11704	0.00828	0.00455	0.00125	0.00195	0.03078	0.00411	0.00364
37	0.00560	0.00473	0.00775	0.00712	0.00818	0.00440	0.14702	0.00695	0.00832	0.01116	0.14139	0.49601	0.08179	0.00964	0.00477	0.00145	0.00294	0.04384	0.00337	0.00357
38	0.00610	0.00439	0.00607	0.00691	0.00781	0.00436	0.00602	0.00783	0.00882	0.01142	0.02117	0.04295	0.06056	0.01055	0.00526	0.00174	0.00346	0.77751	0.00353	0.00352
39	0.00793	0.04779	0.72519	0.01136	0.01675	0.00921	0.10479	0.01214	0.00819	0.01205	0.00693	0.00828	0.00497	0.00358	0.00370	0.00121	0.00570	0.00300	0.00166	0.00559
40	0.00557	0.00375	0.00437	0.00437	0.00443	0.00382	0.00255	0.00569	0.00563	0.00757	0.01191	0.02415	0.01353	0.78707	0.09714	0.00395	0.00433	0.00544	0.00230	0.00243
41	0.00883	0.00859	0.06529	0.00786	0.01021	0.00878	0.03395	0.01785	0.65546	0.01505	0.02712	0.01626	0.09677	0.00553	0.00398	0.00129	0.00320	0.00466	0.00365	0.00569
42	0.00954	0.00824	0.00867	0.00780	0.00997	0.00954	0.00607	0.02037	0.83441	0.01604	0.01561	0.01431	0.01170	0.00520	0.00390	0.00130	0.00303	0.00433	0.00390	0.00607
43	0.00795	0.00681	0.00795	0.00568	0.00909	0.00511	0.00454	0.00965	0.00795	0.01249	0.00681	0.00795	0.00568	0.00284	0.00284	0.00057	0.00284	0.00227	0.00227	0.88869
44	0.00871	0.00818	0.01280	0.11796	0.51782	0.02088	0.00965	0.01896	0.00867	0.01224	0.03376	0.01147	0.04632	0.00389	0.00371	0.00108	0.00416	0.01100	0.00212	0.14661
45	0.01464	0.01064	0.01144	0.00877	0.01184	0.01174	0.00725	0.80922	0.01786	0.04373	0.00935	0.00930	0.00659	0.00461	0.00384	0.00115	0.00420	0.00346	0.00386	0.00652
