[name]
unknown

[dist]
# distance from previous block
# <min> <max>
0	565

[block]
# block no. 0 follows, 73 sequences, length 15
# corresponding to MSA columns:
# 567-581
name=unknown_A
#
# <colnr> <probs for GDERKNQSTAVLIFYWHMCP>
#	G	D	E	R	K	N	Q	S	T	A	V	L	I	F	Y	W	H	M	C	P
0	0.00549	0.00404	0.00505	0.04338	0.00634	0.00407	0.00369	0.00654	0.02510	0.00975	0.08986	0.13114	0.16510	0.24049	0.12164	0.03045	0.01418	0.03318	0.04115	0.01937
1	0.02954	0.01045	0.09066	0.14083	0.09547	0.11700	0.10968	0.08340	0.14902	0.09261	0.02675	0.01046	0.00736	0.00412	0.00388	0.00118	0.01613	0.00354	0.00263	0.00528
2	0.01078	0.00633	0.00811	0.00791	0.08143	0.00637	0.00557	0.08331	0.16328	0.28144	0.02618	0.17202	0.01266	0.05435	0.04154	0.00158	0.00342	0.00521	0.02333	0.00518
3	0.81682	0.00695	0.00536	0.00483	0.00706	0.00796	0.00396	0.01053	0.00657	0.01625	0.00809	0.00872	0.07743	0.00401	0.00251	0.00117	0.00281	0.00255	0.00242	0.00398
4	0.00933	0.01015	0.02119	0.01519	0.01891	0.00968	0.75908	0.08372	0.00962	0.01303	0.00771	0.01002	0.00575	0.00328	0.00437	0.00125	0.00613	0.00434	0.00206	0.00518
5	0.00900	0.00675	0.00810	0.03255	0.00958	0.00536	0.00484	0.03496	0.00841	0.10914	0.00768	0.00846	0.00600	0.00308	0.00295	0.00066	0.00294	0.00247	0.00253	0.73453
6	0.00560	0.00446	0.00509	0.00529	0.00624	0.00443	0.00385	0.00836	0.17239	0.01103	0.03858	0.35297	0.26937	0.04829	0.00515	0.00150	0.00237	0.04789	0.00350	0.00365
7	0.00748	0.00638	0.00882	0.00782	0.00809	0.00831	0.00623	0.00828	0.00598	0.04649	0.00775	0.01286	0.00770	0.17226	0.19148	0.00292	0.48160	0.00387	0.00197	0.00370
8	0.00752	0.01941	0.84871	0.01069	0.01624	0.00871	0.01386	0.01188	0.00792	0.01188	0.00673	0.00792	0.00475	0.00356	0.00356	0.00119	0.00554	0.00277	0.00158	0.00554
9	0.01019	0.00946	0.00891	0.00795	0.01009	0.11877	0.00617	0.06130	0.68835	0.01526	0.01372	0.01280	0.01033	0.00490	0.00376	0.00123	0.00352	0.00396	0.00357	0.00576
10	0.00715	0.00676	0.01127	0.80916	0.02490	0.00852	0.01029	0.00955	0.00740	0.00955	0.00657	0.00990	0.00500	0.00392	0.00425	0.00127	0.05538	0.00333	0.00167	0.00416
11	0.00808	0.00690	0.00827	0.03635	0.03376	0.00552	0.00498	0.04511	0.00822	0.01263	0.00678	0.00795	0.00558	0.00290	0.00288	0.00062	0.00296	0.00234	0.00226	0.79590
12	0.02112	0.00841	0.03773	0.00839	0.00899	0.10521	0.00687	0.00919	0.00648	0.02667	0.00688	0.01109	0.00671	0.11722	0.12469	0.01827	0.46682	0.00353	0.00187	0.00385
13	0.00566	0.00419	0.00561	0.01793	0.04291	0.00415	0.00445	0.04211	0.01817	0.02090	0.03120	0.51719	0.08747	0.01200	0.08643	0.00191	0.00328	0.08769	0.00328	0.00349
14	0.00470	0.00354	0.00436	0.00478	0.00542	0.00320	0.00338	0.00566	0.00821	0.01074	0.17124	0.46543	0.25536	0.01037	0.00463	0.00140	0.00206	0.02876	0.00360	0.00318

[dist]
# distance from previous block
# <min> <max>
0	1

[block]
# block no. 1 follows, 73 sequences, length 22
# corresponding to MSA columns:
# 583-604
name=unknown_B
#
# <colnr> <probs for GDERKNQSTAVLIFYWHMCP>
#	G	D	E	R	K	N	Q	S	T	A	V	L	I	F	Y	W	H	M	C	P
0	0.02242	0.00945	0.03960	0.11048	0.41022	0.03763	0.18868	0.04428	0.04830	0.01239	0.00796	0.00998	0.01882	0.00366	0.00400	0.00118	0.01990	0.00362	0.00204	0.00540
1	0.01003	0.00816	0.04726	0.01858	0.08805	0.02378	0.02238	0.10362	0.00942	0.12800	0.00806	0.00881	0.00613	0.00341	0.00335	0.00083	0.01622	0.00277	0.00264	0.48850
2	0.89465	0.00726	0.00551	0.00493	0.00726	0.00842	0.00406	0.01103	0.00638	0.01683	0.00522	0.00609	0.00406	0.00348	0.00232	0.00116	0.00290	0.00203	0.00232	0.00406
3	0.00862	0.18012	0.44605	0.00953	0.01339	0.08821	0.04459	0.01146	0.00785	0.01064	0.00651	0.00820	0.00522	0.02353	0.02584	0.00131	0.08520	0.00281	0.01594	0.00498
4	0.00457	0.00336	0.00428	0.00498	0.00539	0.00308	0.00338	0.00529	0.00748	0.00979	0.04272	0.71311	0.15623	0.01130	0.00472	0.00147	0.00212	0.01013	0.00350	0.00308
5	0.00949	0.00814	0.00857	0.00767	0.00981	0.00940	0.00598	0.04521	0.81245	0.01594	0.01508	0.01384	0.01129	0.00507	0.00382	0.00127	0.00301	0.00421	0.00382	0.00595
6	0.00766	0.00651	0.00787	0.00582	0.00888	0.00510	0.03050	0.00959	0.03523	0.02485	0.00995	0.02941	0.07388	0.00364	0.00306	0.00069	0.00282	0.00303	0.00243	0.72909
7	0.78993	0.00696	0.00555	0.00505	0.00719	0.00800	0.00408	0.03075	0.00674	0.01632	0.00676	0.08632	0.00606	0.00428	0.00259	0.00119	0.00286	0.00287	0.00247	0.00403
8	0.00443	0.00380	0.00380	0.00380	0.00507	0.00317	0.00285	0.00538	0.00855	0.01014	0.03801	0.03611	0.84322	0.00950	0.00443	0.00127	0.00190	0.00792	0.00348	0.00317
9	0.01144	0.00902	0.01017	0.00814	0.01087	0.00978	0.03927	0.37362	0.33588	0.03466	0.01124	0.01093	0.00829	0.00449	0.00369	0.00112	0.00359	0.00363	0.00355	0.10661
10	0.01583	0.00667	0.00878	0.00669	0.00964	0.00585	0.00552	0.06806	0.01089	0.71826	0.01368	0.01207	0.00876	0.00446	0.00368	0.00110	0.00321	0.00360	0.00436	0.08888
11	0.00679	0.00537	0.00782	0.00705	0.00841	0.00522	0.11747	0.08463	0.04805	0.04033	0.02982	0.41119	0.14073	0.00887	0.00453	0.00140	0.00304	0.06201	0.00335	0.00393
12	0.00777	0.01909	0.81863	0.01062	0.01607	0.00882	0.01362	0.04135	0.00827	0.01230	0.00681	0.00796	0.00481	0.00360	0.00357	0.00119	0.00549	0.00279	0.00166	0.00557
13	0.00537	0.00398	0.00585	0.00585	0.00646	0.00459	0.00446	0.00658	0.00598	0.00858	0.01021	0.01565	0.00978	0.10647	0.77549	0.00581	0.00945	0.00415	0.00203	0.00325
14	0.00695	0.00485	0.00602	0.00571	0.00636	0.03862	0.00415	0.00777	0.00643	0.08642	0.01073	0.01751	0.01053	0.33057	0.39569	0.00429	0.04733	0.00442	0.00233	0.00332
15	0.02042	0.19918	0.27082	0.01046	0.02933	0.06169	0.19666	0.04058	0.03606	0.03062	0.00774	0.02318	0.01622	0.01751	0.00398	0.00116	0.02400	0.00330	0.00198	0.00510
16	0.00709	0.00667	0.01125	0.85913	0.02584	0.00834	0.01042	0.00959	0.00750	0.00959	0.00667	0.01000	0.00500	0.00375	0.00375	0.00125	0.00500	0.00333	0.00167	0.00417
17	0.00709	0.00667	0.01125	0.85913	0.02584	0.00834	0.01042	0.00959	0.00750	0.00959	0.00667	0.01000	0.00500	0.00375	0.00375	0.00125	0.00500	0.00333	0.00167	0.00417
18	0.00770	0.00530	0.00669	0.04023	0.00804	0.03528	0.02361	0.02831	0.03919	0.13953	0.11225	0.31317	0.10693	0.00914	0.03938	0.00154	0.03849	0.03776	0.00345	0.00402
19	0.00916	0.03664	0.10098	0.19212	0.34797	0.05863	0.05948	0.02962	0.00870	0.05318	0.02893	0.02941	0.00692	0.00388	0.00372	0.00115	0.00469	0.00353	0.01608	0.00521
20	0.00467	0.00339	0.00439	0.00503	0.00541	0.00313	0.00342	0.00548	0.00770	0.01028	0.12813	0.68057	0.08656	0.02671	0.00498	0.00150	0.00213	0.00987	0.00354	0.00311
21	0.01206	0.00591	0.00754	0.00637	0.00845	0.00554	0.00509	0.11221	0.02474	0.42942	0.07497	0.16471	0.06602	0.00671	0.00412	0.00126	0.00296	0.05255	0.00414	0.00523

[dist]
# distance from previous block
# <min> <max>
4	28

[block]
# block no. 2 follows, 73 sequences, length 46
# corresponding to MSA columns:
# 633-678
name=unknown_C
#
# <colnr> <probs for GDERKNQSTAVLIFYWHMCP>
#	G	D	E	R	K	N	Q	S	T	A	V	L	I	F	Y	W	H	M	C	P
0	0.01408	0.01022	0.01100	0.00846	0.01141	0.01125	0.00698	0.78879	0.01722	0.04590	0.00991	0.00980	0.02783	0.00464	0.00377	0.00113	0.00405	0.00350	0.00377	0.00630
1	0.00711	0.00388	0.00456	0.00454	0.00555	0.00358	0.00334	0.00837	0.00827	0.12397	0.05189	0.27172	0.15006	0.00757	0.00379	0.00118	0.00210	0.00651	0.32832	0.00370
2	0.01369	0.00575	0.00771	0.00623	0.00858	0.00507	0.00504	0.01533	0.02728	0.61758	0.14890	0.05706	0.03986	0.00572	0.00397	0.00120	0.00288	0.01812	0.00443	0.00561
3	0.00458	0.00381	0.00400	0.00395	0.00516	0.00323	0.00296	0.00567	0.00889	0.01095	0.17150	0.03477	0.70922	0.00920	0.00443	0.00125	0.00188	0.00773	0.00359	0.00323
4	0.00465	0.00363	0.00423	0.00446	0.00530	0.00320	0.00320	0.00567	0.00851	0.01093	0.19301	0.30888	0.41119	0.00988	0.00455	0.00133	0.00197	0.00860	0.00361	0.00320
5	0.00868	0.00558	0.00746	0.00595	0.00820	0.00470	0.04822	0.01032	0.00937	0.19500	0.24880	0.03421	0.10064	0.00560	0.00381	0.00102	0.00269	0.02209	0.00345	0.27422
6	0.79776	0.00754	0.00610	0.00530	0.00770	0.00866	0.00437	0.08638	0.00750	0.03283	0.00575	0.00648	0.00437	0.00360	0.00248	0.00116	0.00302	0.00219	0.00250	0.00432
7	0.02805	0.01470	0.02360	0.00922	0.01159	0.53411	0.02983	0.17900	0.02172	0.10205	0.00757	0.00804	0.00571	0.00406	0.00352	0.00104	0.00572	0.00283	0.00261	0.00503
8	0.00940	0.12468	0.11380	0.02549	0.03531	0.01911	0.28416	0.13364	0.10225	0.01383	0.06970	0.01125	0.02253	0.00408	0.00383	0.00115	0.00472	0.00387	0.00250	0.01469
9	0.00553	0.00419	0.00515	0.00497	0.00595	0.00402	0.00371	0.00794	0.09133	0.01387	0.56412	0.11998	0.12979	0.00812	0.00441	0.00124	0.00197	0.01609	0.00394	0.00368
10	0.00896	0.00927	0.01702	0.07490	0.42190	0.02711	0.30837	0.01145	0.00855	0.01184	0.02249	0.00988	0.00626	0.00353	0.00435	0.00120	0.04188	0.00378	0.00189	0.00535
11	0.00561	0.00418	0.00569	0.00557	0.00593	0.00479	0.00402	0.00639	0.00579	0.00818	0.01035	0.01804	0.01069	0.35086	0.46863	0.00478	0.07091	0.00452	0.00208	0.00299
12	0.01530	0.00729	0.00951	0.09326	0.01166	0.00710	0.00635	0.19075	0.01188	0.58725	0.01275	0.01169	0.00823	0.00452	0.00377	0.00116	0.00357	0.00364	0.00415	0.00616
13	0.01415	0.01028	0.01107	0.00853	0.01149	0.01134	0.00703	0.77323	0.05037	0.05002	0.00945	0.00933	0.00668	0.00453	0.00376	0.00113	0.00405	0.00343	0.00378	0.00636
14	0.78597	0.00786	0.00596	0.00526	0.00762	0.05903	0.00428	0.01117	0.00673	0.01608	0.00535	0.00624	0.00420	0.00346	0.00241	0.00111	0.00313	0.00207	0.00229	0.05978
15	0.01337	0.00873	0.00972	0.00743	0.01040	0.03575	0.00608	0.40422	0.01340	0.23442	0.02659	0.01003	0.00749	0.00422	0.00355	0.00101	0.00364	0.00327	0.00361	0.19306
16	0.00531	0.00383	0.00501	0.00472	0.00560	0.00354	0.00354	0.00708	0.01062	0.01504	0.84277	0.02802	0.03540	0.00767	0.00442	0.00118	0.00177	0.00678	0.00413	0.00354
17	0.00546	0.00364	0.00409	0.00409	0.00409	0.00364	0.00227	0.00546	0.00546	0.00727	0.01182	0.02455	0.01364	0.86815	0.01910	0.00364	0.00364	0.00546	0.00227	0.00227
18	0.00558	0.00433	0.00639	0.00626	0.00686	0.00518	0.00488	0.00684	0.00599	0.00869	0.00971	0.01455	0.00917	0.05315	0.76258	0.00562	0.07485	0.00401	0.00199	0.00337
19	0.00852	0.19248	0.15727	0.00852	0.06815	0.02304	0.04909	0.01063	0.00788	0.01888	0.00654	0.00784	0.00539	0.00371	0.02133	0.00094	0.01985	0.00254	0.00194	0.38547
20	0.00546	0.00364	0.00409	0.00409	0.00409	0.00364	0.00227	0.00546	0.00546	0.00727	0.01182	0.02455	0.01364	0.86815	0.01910	0.00364	0.00364	0.00546	0.00227	0.00227
21	0.00858	0.00973	0.03416	0.10195	0.01921	0.00956	0.64938	0.01146	0.00839	0.01146	0.00721	0.00988	0.00553	0.00357	0.00514	0.00130	0.09259	0.00417	0.00184	0.00488
22	0.00886	0.01012	0.02214	0.01581	0.01961	0.00949	0.83112	0.01202	0.00886	0.01202	0.00759	0.01012	0.00569	0.00316	0.00443	0.00127	0.00633	0.00443	0.00190	0.00506
23	0.01198	0.43400	0.02652	0.00808	0.01070	0.42154	0.00693	0.02357	0.00922	0.00923	0.00557	0.00645	0.00484	0.00355	0.00291	0.00089	0.00537	0.00223	0.00179	0.00462
24	0.01169	0.01323	0.00958	0.00835	0.01063	0.47247	0.00638	0.03132	0.19721	0.01156	0.00818	0.00865	0.00651	0.00393	0.00337	0.00096	0.00504	0.00281	0.00245	0.18568
25	0.01072	0.64082	0.01729	0.00726	0.01017	0.17333	0.01979	0.01250	0.06035	0.00938	0.00600	0.00673	0.00525	0.00345	0.00271	0.00087	0.00451	0.00226	0.00181	0.00480
26	0.00498	0.00348	0.00444	0.00505	0.00527	0.00335	0.00337	0.00555	0.00681	0.00905	0.01793	0.53124	0.02113	0.26917	0.00913	0.00218	0.00274	0.08916	0.00312	0.00285
27	0.00560	0.00420	0.00606	0.00569	0.00622	0.00444	0.05539	0.00639	0.00597	0.00826	0.01109	0.04672	0.01168	0.42702	0.37427	0.00444	0.00650	0.00495	0.00218	0.00293
28	0.00536	0.00402	0.00603	0.00603	0.00670	0.00469	0.00469	0.00670	0.00603	0.00871	0.01005	0.01474	0.00938	0.02814	0.85328	0.00603	0.01005	0.00402	0.00201	0.00335
29	0.00469	0.00334	0.00446	0.00530	0.00556	0.00315	0.00362	0.00540	0.00723	0.00962	0.02038	0.78909	0.02430	0.03531	0.00521	0.00160	0.00230	0.06296	0.00345	0.00305
30	0.01043	0.00861	0.00910	0.00786	0.01018	0.00985	0.00620	0.20120	0.65491	0.01747	0.01387	0.01288	0.01032	0.00496	0.00380	0.00124	0.00323	0.00405	0.00380	0.00604
31	0.89465	0.00726	0.00551	0.00493	0.00726	0.00842	0.00406	0.01103	0.00638	0.01683	0.00522	0.00609	0.00406	0.00348	0.00232	0.00116	0.00290	0.00203	0.00232	0.00406
32	0.00627	0.00335	0.00470	0.00470	0.00470	0.00335	0.00303	0.00502	0.00502	0.00669	0.00775	0.01447	0.00818	0.21263	0.01570	0.68376	0.00335	0.00377	0.00178	0.00178
33	0.00995	0.08177	0.00889	0.00762	0.00899	0.44664	0.00568	0.01083	0.00908	0.00942	0.02808	0.33146	0.01299	0.00687	0.00385	0.00117	0.00471	0.00558	0.00254	0.00388
34	0.00767	0.01922	0.83072	0.01065	0.01614	0.00878	0.01372	0.02951	0.00813	0.01213	0.00678	0.00794	0.00479	0.00358	0.00357	0.00119	0.00551	0.00279	0.00163	0.00556
35	0.00819	0.00691	0.00800	0.00575	0.00906	0.00542	0.00461	0.06111	0.00840	0.01294	0.00682	0.00786	0.00561	0.00289	0.00284	0.00059	0.00286	0.00230	0.00232	0.83553
36	0.02836	0.61204	0.05189	0.03091	0.01100	0.14028	0.04008	0.01176	0.00807	0.00932	0.00550	0.00653	0.00484	0.00342	0.00294	0.00090	0.02350	0.00226	0.00168	0.00474
37	0.01447	0.00985	0.01081	0.00832	0.01129	0.01070	0.00687	0.69177	0.04243	0.13972	0.01002	0.00970	0.00695	0.00454	0.00376	0.00114	0.00396	0.00346	0.00388	0.00637
38	0.00591	0.00394	0.00487	0.00470	0.00573	0.00357	0.00356	0.00739	0.00965	0.06446	0.46511	0.09661	0.20477	0.00812	0.00433	0.00123	0.00199	0.04098	0.05950	0.00359
39	0.02648	0.00462	0.00612	0.00610	0.00740	0.00435	0.00499	0.00992	0.00892	0.21665	0.06274	0.16979	0.04871	0.00853	0.00449	0.00145	0.00292	0.34626	0.05543	0.00411
40	0.00512	0.00384	0.00449	0.00438	0.00544	0.00338	0.00326	0.00641	0.00940	0.03178	0.38632	0.09505	0.41009	0.00876	0.00444	0.00125	0.00189	0.00754	0.00379	0.00340
41	0.00453	0.00349	0.00415	0.00464	0.00530	0.00311	0.00323	0.00533	0.00781	0.00992	0.04574	0.51562	0.35218	0.01076	0.00464	0.00141	0.00206	0.00948	0.00350	0.00311
42	0.00748	0.01809	0.76229	0.01045	0.01545	0.00873	0.01314	0.01149	0.00771	0.01157	0.00675	0.00821	0.00495	0.00474	0.03825	0.00141	0.05946	0.00285	0.00160	0.00537
43	0.00922	0.00889	0.01439	0.09379	0.71148	0.03612	0.01100	0.02551	0.00864	0.01206	0.00736	0.03113	0.00632	0.00363	0.00373	0.00113	0.00451	0.00350	0.00192	0.00567
44	0.08131	0.00740	0.04240	0.04393	0.07396	0.01990	0.04150	0.01060	0.07441	0.03406	0.08322	0.03163	0.04721	0.00423	0.00350	0.00094	0.01733	0.00354	0.00257	0.37636
45	0.13856	0.06737	0.02602	0.02714	0.01791	0.12242	0.00630	0.18729	0.22857	0.04907	0.00963	0.02157	0.00752	0.02810	0.00402	0.00120	0.02315	0.00332	0.00297	0.02786

[dist]
# distance from previous block
# <min> <max>
0	7

[block]
# block no. 3 follows, 73 sequences, length 38
# corresponding to MSA columns:
# 686-723
name=unknown_D
#
# <colnr> <probs for GDERKNQSTAVLIFYWHMCP>
#	G	D	E	R	K	N	Q	S	T	A	V	L	I	F	Y	W	H	M	C	P
0	0.00787	0.00511	0.00642	0.00576	0.00709	0.00511	0.00451	0.05306	0.07010	0.12850	0.41193	0.03890	0.05201	0.04061	0.02167	0.00142	0.04247	0.05926	0.01835	0.01987
1	0.00639	0.00690	0.12746	0.01545	0.00814	0.01820	0.02430	0.02968	0.05233	0.03535	0.37431	0.06291	0.19881	0.00741	0.01463	0.00128	0.00284	0.00614	0.00344	0.00405
2	0.00564	0.00522	0.08301	0.00530	0.00601	0.00418	0.00398	0.03638	0.00678	0.00917	0.01457	0.33816	0.01674	0.43451	0.01172	0.00252	0.00328	0.00709	0.00272	0.00302
3	0.00779	0.00763	0.01029	0.00892	0.00922	0.01027	0.00736	0.00929	0.06214	0.00962	0.00992	0.01222	0.11418	0.00685	0.01072	0.00157	0.69195	0.00395	0.00203	0.00411
4	0.00564	0.00403	0.00553	0.00635	0.00703	0.00397	0.00524	0.00704	0.00817	0.01067	0.02009	0.23853	0.03677	0.04224	0.00559	0.00174	0.00313	0.58153	0.00342	0.00331
5	0.00523	0.00363	0.00447	0.00477	0.00531	0.00337	0.00326	0.00598	0.00754	0.03654	0.10513	0.40227	0.17063	0.18557	0.02405	0.00195	0.00259	0.02132	0.00331	0.00308
6	0.00541	0.00394	0.00510	0.00479	0.00571	0.00368	0.00360	0.00739	0.03070	0.01506	0.82269	0.02768	0.03482	0.00761	0.00441	0.00118	0.00180	0.00672	0.00412	0.00360
7	0.00836	0.00788	0.00902	0.07473	0.01102	0.08437	0.04533	0.01010	0.00808	0.01172	0.00663	0.00798	0.00545	0.00298	0.00299	0.00068	0.00350	0.00244	0.00214	0.69462
8	0.06462	0.04754	0.20754	0.05204	0.01150	0.00686	0.00711	0.02059	0.02116	0.01235	0.00669	0.00786	0.00531	0.00314	0.00300	0.00081	0.00363	0.00244	0.00207	0.51374
9	0.00967	0.00942	0.01435	0.06671	0.68793	0.06506	0.01084	0.04355	0.03351	0.01245	0.00727	0.00929	0.00600	0.00350	0.00370	0.00112	0.00458	0.00331	0.00198	0.00576
10	0.01091	0.61967	0.04613	0.00726	0.01023	0.19821	0.00680	0.01218	0.00841	0.02921	0.01839	0.00675	0.00539	0.00347	0.00273	0.00087	0.00462	0.00224	0.00179	0.00476
11	0.00991	0.00876	0.11089	0.02086	0.06647	0.02606	0.01846	0.02554	0.11767	0.16931	0.00951	0.00997	0.00709	0.00457	0.03462	0.00112	0.00379	0.00306	0.00278	0.34955
12	0.00859	0.02510	0.00903	0.09428	0.04676	0.02957	0.09697	0.00979	0.02185	0.15156	0.02298	0.05656	0.01013	0.24000	0.06511	0.08493	0.01582	0.00451	0.00256	0.00391
13	0.01242	0.00705	0.01003	0.04693	0.10289	0.00682	0.06065	0.10013	0.05935	0.39155	0.07020	0.01521	0.06485	0.00507	0.00394	0.00119	0.00353	0.02883	0.00373	0.00563
14	0.00760	0.04527	0.82351	0.01056	0.01604	0.00890	0.01364	0.01186	0.00791	0.01179	0.00669	0.00786	0.00475	0.00355	0.00353	0.00118	0.00550	0.00275	0.00158	0.00552
15	0.00739	0.00683	0.01255	0.01259	0.19554	0.00652	0.26445	0.00928	0.00825	0.03371	0.01386	0.30135	0.03782	0.00685	0.00443	0.00135	0.00409	0.06605	0.00266	0.00444
16	0.00652	0.00326	0.00489	0.00489	0.00489	0.00326	0.00326	0.00489	0.00489	0.00652	0.00652	0.01140	0.00652	0.01303	0.01466	0.89084	0.00326	0.00326	0.00163	0.00163
17	0.01922	0.12508	0.68471	0.01007	0.01512	0.00956	0.02693	0.02819	0.02640	0.01188	0.00677	0.00785	0.00495	0.00356	0.00343	0.00114	0.00525	0.00274	0.00169	0.00545
18	0.89465	0.00726	0.00551	0.00493	0.00726	0.00842	0.00406	0.01103	0.00638	0.01683	0.00522	0.00609	0.00406	0.00348	0.00232	0.00116	0.00290	0.00203	0.00232	0.00406
19	0.00916	0.11517	0.14871	0.00716	0.00956	0.02952	0.01747	0.04880	0.03852	0.12565	0.00924	0.01264	0.00802	0.18843	0.06910	0.00197	0.06498	0.00355	0.00245	0.08990
20	0.00743	0.00702	0.01187	0.72926	0.15304	0.00843	0.01059	0.00989	0.00766	0.01000	0.00673	0.00989	0.00515	0.00369	0.00375	0.00123	0.00492	0.00334	0.00170	0.00444
21	0.01069	0.00891	0.00920	0.00791	0.01022	0.03545	0.00624	0.23894	0.57140	0.01750	0.01342	0.03268	0.01020	0.00505	0.00381	0.00123	0.00338	0.00411	0.00373	0.00594
22	0.89465	0.00726	0.00551	0.00493	0.00726	0.00842	0.00406	0.01103	0.00638	0.01683	0.00522	0.00609	0.00406	0.00348	0.00232	0.00116	0.00290	0.00203	0.00232	0.00406
23	0.00675	0.00614	0.06316	0.00604	0.00771	0.00537	0.00494	0.01055	0.20822	0.03202	0.27223	0.18231	0.06425	0.00714	0.00412	0.00122	0.00256	0.01924	0.00354	0.09250
24	0.00876	0.18296	0.37552	0.02958	0.05337	0.05130	0.15309	0.01185	0.01789	0.03118	0.01784	0.00915	0.02565	0.00390	0.01142	0.00116	0.00520	0.00316	0.00185	0.00517
25	0.70016	0.00767	0.00596	0.00542	0.00754	0.07382	0.00433	0.01115	0.00700	0.05610	0.00717	0.08643	0.00631	0.00434	0.00271	0.00118	0.00315	0.00295	0.00251	0.00410
26	0.01223	0.00532	0.00697	0.00569	0.00781	0.00468	0.00457	0.01374	0.01026	0.51004	0.20368	0.01849	0.09278	0.00576	0.00388	0.00115	0.00263	0.00481	0.08031	0.00520
27	0.00677	0.00586	0.00944	0.07726	0.12440	0.00585	0.11161	0.00860	0.00780	0.01105	0.06164	0.03313	0.08073	0.02334	0.21935	0.00242	0.00531	0.05021	0.06870	0.08655
28	0.00899	0.24617	0.52418	0.00943	0.01390	0.11455	0.01106	0.01209	0.00818	0.01073	0.00621	0.00727	0.00478	0.00351	0.00323	0.00106	0.00529	0.00252	0.00163	0.00520
29	0.00513	0.00417	0.00446	0.00456	0.00540	0.02817	0.00327	0.00597	0.00779	0.00969	0.06754	0.11647	0.42372	0.18150	0.06796	0.00212	0.00308	0.05283	0.00312	0.00306
30	0.00537	0.00360	0.00412	0.00420	0.00422	0.00358	0.00239	0.00543	0.00562	0.00749	0.01264	0.10279	0.01468	0.78849	0.01776	0.00344	0.00350	0.00594	0.00239	0.00235
31	0.09593	0.01689	0.01016	0.00923	0.01119	0.77452	0.00695	0.01461	0.01024	0.00989	0.00575	0.00670	0.00476	0.00383	0.00328	0.00098	0.00641	0.00238	0.00197	0.00432
32	0.01515	0.00609	0.00814	0.00633	0.00905	0.00524	0.00519	0.01657	0.01045	0.72606	0.03573	0.01515	0.08735	0.00511	0.00382	0.00115	0.00303	0.00418	0.00445	0.03176
33	0.00980	0.79125	0.09677	0.00682	0.01024	0.01427	0.00711	0.01129	0.00765	0.00911	0.00536	0.00620	0.00481	0.00324	0.00251	0.00084	0.00415	0.00208	0.00160	0.00488
34	0.02985	0.01292	0.38223	0.05274	0.03236	0.04691	0.03281	0.07623	0.08593	0.02648	0.03043	0.05550	0.02027	0.01393	0.05057	0.00150	0.01734	0.01195	0.01497	0.00506
35	0.02796	0.00695	0.00838	0.00670	0.00905	0.00690	0.00543	0.25335	0.03248	0.34309	0.24058	0.01578	0.01558	0.00543	0.00392	0.00116	0.00306	0.00447	0.00418	0.00555
36	0.07670	0.06140	0.17012	0.00713	0.00946	0.00702	0.03150	0.02104	0.14353	0.06519	0.06942	0.11781	0.02213	0.06198	0.07419	0.00177	0.00407	0.02668	0.02433	0.00453
37	0.04286	0.33864	0.07128	0.00708	0.01024	0.03025	0.01630	0.18268	0.02434	0.05135	0.00729	0.00791	0.00576	0.00360	0.00297	0.00091	0.00384	0.00260	0.03950	0.15059

[dist]
# distance from previous block
# <min> <max>
4	8

[block]
# block no. 4 follows, 73 sequences, length 19
# corresponding to MSA columns:
# 732-750
name=unknown_E
#
# <colnr> <probs for GDERKNQSTAVLIFYWHMCP>
#	G	D	E	R	K	N	Q	S	T	A	V	L	I	F	Y	W	H	M	C	P
0	0.02860	0.01984	0.03267	0.04033	0.10677	0.08212	0.07477	0.15956	0.05190	0.05211	0.03968	0.07718	0.02915	0.00501	0.00404	0.00113	0.03068	0.03835	0.00278	0.12334
1	0.04748	0.00554	0.02438	0.00757	0.04140	0.00613	0.04332	0.01763	0.03256	0.01002	0.02729	0.01457	0.00943	0.05223	0.53130	0.00434	0.08960	0.02930	0.00215	0.00376
2	0.00469	0.00350	0.00434	0.00487	0.00542	0.00319	0.00340	0.00555	0.00786	0.01025	0.10514	0.53049	0.22181	0.03376	0.00507	0.00149	0.00216	0.04038	0.00351	0.00312
3	0.01996	0.11639	0.11579	0.10510	0.12379	0.05476	0.03574	0.14741	0.11205	0.03014	0.00831	0.00955	0.00647	0.02218	0.00380	0.00113	0.00433	0.00318	0.01527	0.06464
4	0.03248	0.09360	0.01365	0.04846	0.40892	0.06229	0.04355	0.10428	0.03818	0.01284	0.00853	0.05387	0.02394	0.00424	0.00395	0.00114	0.03483	0.00367	0.00224	0.00535
5	0.00462	0.00356	0.00423	0.00458	0.00532	0.00316	0.00324	0.00555	0.00821	0.01057	0.14370	0.41636	0.35288	0.01028	0.00460	0.00137	0.00201	0.00902	0.00357	0.00316
6	0.00467	0.00360	0.00420	0.00447	0.00524	0.00320	0.00316	0.00559	0.00821	0.01054	0.15229	0.33788	0.38133	0.05153	0.00527	0.00146	0.00207	0.00863	0.00352	0.00314
7	0.03868	0.02481	0.07099	0.08228	0.29140	0.13534	0.05789	0.15902	0.01038	0.06622	0.00756	0.00892	0.00580	0.00381	0.00381	0.00113	0.02094	0.00320	0.00236	0.00548
8	0.00857	0.07225	0.02323	0.54456	0.07735	0.05209	0.02581	0.09641	0.00880	0.01123	0.00706	0.02672	0.00560	0.00397	0.00383	0.00119	0.02144	0.00336	0.00195	0.00459
9	0.02838	0.01180	0.00888	0.00809	0.02214	0.42873	0.00612	0.06954	0.02205	0.08579	0.03437	0.01014	0.00753	0.00741	0.11549	0.00168	0.02236	0.00312	0.10193	0.00446
10	0.01000	0.32555	0.16026	0.03809	0.18217	0.03375	0.04973	0.11145	0.02207	0.02418	0.00678	0.00794	0.00544	0.00354	0.00325	0.00103	0.00457	0.00281	0.00202	0.00538
11	0.02710	0.02274	0.00861	0.00789	0.02329	0.26514	0.00598	0.04718	0.17633	0.01120	0.01093	0.02945	0.04097	0.06426	0.15931	0.00222	0.06018	0.03031	0.00255	0.00436
12	0.00478	0.00380	0.00429	0.00419	0.00529	0.00331	0.00314	0.00604	0.00933	0.01204	0.35254	0.05293	0.50736	0.00884	0.00444	0.00124	0.00186	0.00754	0.00374	0.00331
13	0.00539	0.00391	0.00560	0.00562	0.00613	0.00441	0.00417	0.00638	0.00592	0.00840	0.01052	0.03689	0.01045	0.18214	0.65302	0.03300	0.00847	0.00442	0.00208	0.00309
14	0.00597	0.00395	0.00517	0.00510	0.00554	0.00416	0.00359	0.00648	0.00626	0.03466	0.03828	0.03730	0.05064	0.33729	0.26422	0.09841	0.02830	0.03348	0.02831	0.00288
15	0.01043	0.78432	0.01875	0.00675	0.00983	0.09949	0.00650	0.01161	0.00793	0.00886	0.00527	0.00609	0.00482	0.00328	0.00251	0.00082	0.00429	0.00205	0.00164	0.00477
16	0.02462	0.10244	0.03614	0.04036	0.09876	0.07392	0.03368	0.09300	0.05362	0.01179	0.03362	0.10463	0.06911	0.09616	0.03866	0.00161	0.03535	0.01849	0.00255	0.03147
17	0.05100	0.07705	0.05445	0.02795	0.16182	0.05097	0.09547	0.06325	0.05393	0.03821	0.02633	0.03439	0.00728	0.02017	0.00372	0.00104	0.00404	0.00333	0.00236	0.22324
18	0.11684	0.12680	0.04409	0.00953	0.11823	0.07264	0.05855	0.13749	0.04174	0.03648	0.01603	0.02733	0.00712	0.04985	0.03858	0.01764	0.00437	0.01054	0.00244	0.06371

[dist]
# distance from previous block
# <min> <max>
17	44

[block]
# block no. 5 follows, 73 sequences, length 42
# corresponding to MSA columns:
# 797-838
name=unknown_F
#
# <colnr> <probs for GDERKNQSTAVLIFYWHMCP>
#	G	D	E	R	K	N	Q	S	T	A	V	L	I	F	Y	W	H	M	C	P
0	0.05354	0.00816	0.01257	0.03854	0.56568	0.01620	0.00939	0.03553	0.06119	0.05551	0.04673	0.02569	0.01519	0.01812	0.00394	0.00118	0.00400	0.00371	0.01960	0.00553
1	0.01990	0.00936	0.04054	0.05566	0.09094	0.08316	0.04787	0.21194	0.15459	0.03768	0.03207	0.06506	0.03219	0.00533	0.01503	0.00126	0.05506	0.00410	0.00294	0.03533
2	0.00545	0.00429	0.00532	0.00534	0.02984	0.00403	0.00386	0.00714	0.03662	0.01239	0.37355	0.06722	0.26111	0.03218	0.05899	0.00159	0.01410	0.03104	0.00352	0.04243
3	0.02561	0.00839	0.01244	0.26420	0.28057	0.05725	0.06017	0.07377	0.02184	0.01181	0.00803	0.03301	0.01709	0.01318	0.03626	0.00142	0.05802	0.00999	0.00207	0.00489
4	0.08847	0.06379	0.05679	0.03619	0.13341	0.09431	0.00711	0.15796	0.02329	0.04942	0.00732	0.00825	0.00570	0.00356	0.00322	0.00094	0.00400	0.00275	0.00246	0.25106
5	0.00533	0.00363	0.00463	0.00508	0.00561	0.00339	0.00351	0.00608	0.00751	0.05293	0.04659	0.58602	0.14441	0.06599	0.02910	0.00172	0.01265	0.00918	0.00342	0.00322
6	0.06095	0.02568	0.01198	0.05874	0.28159	0.05799	0.01966	0.28582	0.08922	0.02760	0.03830	0.01002	0.00746	0.00412	0.00365	0.00113	0.00419	0.00343	0.00281	0.00568
7	0.04263	0.03859	0.02438	0.13236	0.12297	0.05988	0.04853	0.12530	0.02099	0.04311	0.00738	0.00883	0.00579	0.00410	0.02170	0.00109	0.02454	0.00296	0.00234	0.26254
8	0.00536	0.00486	0.03690	0.02485	0.04445	0.00432	0.01146	0.00706	0.05500	0.01061	0.06889	0.32600	0.29959	0.01788	0.03748	0.00156	0.01425	0.02266	0.00325	0.00357
9	0.00516	0.00398	0.00470	0.00469	0.00570	0.00363	0.00354	0.02400	0.02038	0.01234	0.33559	0.13420	0.35514	0.00898	0.00450	0.00129	0.00205	0.06296	0.00373	0.00342
10	0.04455	0.02254	0.07380	0.03232	0.01106	0.05460	0.03286	0.06481	0.11341	0.49147	0.01245	0.01149	0.00830	0.00443	0.00369	0.00116	0.00376	0.00357	0.00380	0.00594
11	0.00982	0.14546	0.23171	0.05437	0.14083	0.06018	0.08323	0.09577	0.00932	0.05605	0.00741	0.02068	0.00579	0.00369	0.00348	0.00107	0.00477	0.00309	0.00213	0.06115
12	0.00611	0.00514	0.00830	0.00764	0.00873	0.00505	0.15225	0.03683	0.02226	0.01082	0.01710	0.49520	0.01923	0.02881	0.00525	0.00154	0.02498	0.13799	0.00314	0.00365
13	0.00709	0.00667	0.01125	0.85913	0.02584	0.00834	0.01042	0.00959	0.00750	0.00959	0.00667	0.01000	0.00500	0.00375	0.00375	0.00125	0.00500	0.00333	0.00167	0.00417
14	0.01085	0.00691	0.02089	0.03287	0.12414	0.00677	0.00628	0.17598	0.04131	0.23554	0.13166	0.14272	0.01424	0.00592	0.00398	0.00121	0.00324	0.00509	0.02517	0.00525
15	0.00491	0.00400	0.00445	0.01810	0.00574	0.00357	0.00331	0.00644	0.03712	0.01169	0.26172	0.04123	0.55867	0.00878	0.00441	0.00125	0.00197	0.01561	0.00365	0.00338
16	0.00929	0.00891	0.01523	0.02303	0.84475	0.00891	0.01151	0.01151	0.00854	0.01226	0.00706	0.00929	0.00594	0.00334	0.00371	0.00111	0.00446	0.00334	0.00186	0.00594
17	0.01426	0.01051	0.01126	0.00863	0.01163	0.01163	0.00713	0.83224	0.01764	0.02364	0.00901	0.00901	0.00638	0.00450	0.00375	0.00113	0.00413	0.00338	0.00375	0.00638
18	0.00947	0.11202	0.21396	0.00756	0.01115	0.06722	0.00746	0.08821	0.03307	0.05468	0.00746	0.00849	0.00586	0.02434	0.00353	0.00095	0.00405	0.00267	0.00229	0.33557
19	0.01567	0.03069	0.01004	0.00777	0.03062	0.03662	0.02469	0.18095	0.01194	0.59155	0.01272	0.01148	0.00827	0.00449	0.00373	0.00114	0.00363	0.00360	0.00416	0.00623
20	0.00752	0.01941	0.84871	0.01069	0.01624	0.00871	0.01386	0.01188	0.00792	0.01188	0.00673	0.00792	0.00475	0.00356	0.00356	0.00119	0.00554	0.00277	0.00158	0.00554
21	0.00462	0.00364	0.00418	0.00449	0.00534	0.00320	0.00325	0.00556	0.00826	0.01041	0.10098	0.32367	0.45851	0.01016	0.00458	0.00137	0.00204	0.03904	0.00354	0.00317
22	0.03164	0.12344	0.08609	0.19951	0.23378	0.03872	0.03527	0.03415	0.00880	0.16149	0.00807	0.00937	0.00600	0.00371	0.00353	0.00112	0.00448	0.00316	0.00232	0.00533
23	0.00595	0.00452	0.00521	0.00498	0.00604	0.03414	0.00376	0.00770	0.03392	0.04238	0.52899	0.08701	0.17998	0.00806	0.00440	0.00123	0.00214	0.03210	0.00388	0.00363
24	0.00583	0.00422	0.00576	0.00655	0.00741	0.00415	0.00563	0.00743	0.00856	0.01105	0.02153	0.08344	0.09544	0.01036	0.00510	0.00168	0.00325	0.70577	0.00346	0.00341
25	0.00805	0.00717	0.01193	0.57041	0.05441	0.00871	0.06369	0.01024	0.00753	0.06192	0.00702	0.00994	0.00540	0.00455	0.01729	0.00137	0.14063	0.00344	0.00188	0.00441
26	0.00868	0.00724	0.04218	0.32055	0.21356	0.00728	0.03436	0.02114	0.00849	0.12061	0.02224	0.06872	0.04841	0.00491	0.00391	0.00124	0.00419	0.04075	0.01672	0.00481
27	0.01614	0.00630	0.00844	0.00652	0.00929	0.00553	0.00537	0.03722	0.01072	0.77437	0.01450	0.01276	0.00924	0.00462	0.00370	0.00114	0.00312	0.00375	0.06107	0.00620
28	0.63816	0.00702	0.00620	0.00531	0.00766	0.00776	0.00436	0.05745	0.00782	0.15149	0.00750	0.00792	0.00545	0.00379	0.00266	0.00114	0.00293	0.00250	0.06836	0.00453
29	0.00901	0.02709	0.13422	0.11495	0.14846	0.03349	0.37918	0.03174	0.00874	0.04047	0.00753	0.00968	0.00572	0.00412	0.02773	0.00134	0.00568	0.00373	0.00196	0.00517
30	0.00564	0.00403	0.00436	0.00422	0.00558	0.00342	0.00322	0.00666	0.00875	0.08667	0.05436	0.06367	0.69565	0.00912	0.00441	0.00128	0.00207	0.02981	0.00360	0.00347
31	0.01426	0.01051	0.01126	0.00863	0.01163	0.01163	0.00713	0.83224	0.01764	0.02364	0.00901	0.00901	0.00638	0.00450	0.00375	0.00113	0.00413	0.00338	0.00375	0.00638
32	0.50960	0.00801	0.00762	0.00624	0.00884	0.00883	0.00514	0.23856	0.01019	0.15343	0.00782	0.00798	0.00555	0.00395	0.00295	0.00115	0.00329	0.00269	0.00309	0.00508
33	0.00792	0.00736	0.03492	0.59166	0.06658	0.02855	0.00938	0.05061	0.02825	0.04074	0.02224	0.03517	0.03568	0.00477	0.01979	0.00132	0.00473	0.00377	0.00210	0.00445
34	0.04686	0.00718	0.00907	0.00698	0.00988	0.00675	0.00576	0.16941	0.01187	0.66528	0.01339	0.01184	0.00856	0.00458	0.00372	0.00115	0.00336	0.00364	0.00440	0.00630
35	0.00512	0.00390	0.00512	0.00512	0.00585	0.00411	0.00381	0.00615	0.00663	0.00888	0.01798	0.02211	0.23846	0.15257	0.49211	0.00436	0.00683	0.00531	0.00245	0.00313
36	0.01379	0.04696	0.01090	0.00952	0.01150	0.80818	0.00720	0.01495	0.02634	0.00929	0.00596	0.00688	0.00496	0.00387	0.00336	0.00097	0.00660	0.00244	0.00196	0.00440
37	0.00882	0.03400	0.13785	0.11072	0.19706	0.00900	0.33730	0.01204	0.04294	0.04086	0.00804	0.01052	0.00625	0.00363	0.00399	0.00121	0.00528	0.02321	0.00202	0.00526
38	0.01631	0.00633	0.00852	0.00659	0.00940	0.00554	0.00543	0.01800	0.03143	0.79784	0.01473	0.01284	0.00935	0.00465	0.00373	0.00115	0.00314	0.00378	0.03498	0.00627
39	0.00548	0.00400	0.00553	0.00580	0.00644	0.00425	0.00453	0.00668	0.00693	0.00941	0.02703	0.06510	0.06085	0.14709	0.39201	0.00392	0.00630	0.23282	0.00263	0.00320
40	0.09692	0.00697	0.00902	0.03725	0.05709	0.00670	0.00602	0.06105	0.05537	0.57451	0.01259	0.01155	0.00828	0.00444	0.00375	0.00116	0.01714	0.00354	0.00398	0.02266
41	0.00914	0.00911	0.02624	0.12933	0.32050	0.05691	0.20277	0.01239	0.09428	0.03412	0.00892	0.01209	0.00733	0.00405	0.00397	0.00122	0.00487	0.05531	0.00222	0.00525

[dist]
# distance from previous block
# <min> <max>
0	5

[block]
# block no. 6 follows, 73 sequences, length 76
# corresponding to MSA columns:
# 844-919
name=unknown_G
#
# <colnr> <probs for GDERKNQSTAVLIFYWHMCP>
#	G	D	E	R	K	N	Q	S	T	A	V	L	I	F	Y	W	H	M	C	P
0	0.02802	0.00790	0.06468	0.40339	0.13516	0.00762	0.02757	0.02349	0.00799	0.03984	0.00710	0.00947	0.00553	0.01559	0.00372	0.00110	0.00435	0.00309	0.00198	0.20243
1	0.00519	0.00364	0.00409	0.00416	0.00443	0.00352	0.00252	0.00544	0.00619	0.00802	0.01747	0.09364	0.17201	0.62300	0.02888	0.00306	0.00330	0.00632	0.00260	0.00252
2	0.00859	0.01870	0.01173	0.30128	0.13930	0.02451	0.10114	0.02301	0.06979	0.08066	0.02771	0.06190	0.00845	0.00592	0.05425	0.00151	0.01506	0.01747	0.00239	0.02664
3	0.01240	0.01218	0.01052	0.00971	0.06977	0.29520	0.00713	0.26328	0.25184	0.01565	0.00960	0.00971	0.00729	0.00438	0.00364	0.00111	0.00471	0.00330	0.00302	0.00554
4	0.00752	0.01941	0.84871	0.01069	0.01624	0.00871	0.01386	0.01188	0.00792	0.01188	0.00673	0.00792	0.00475	0.00356	0.00356	0.00119	0.00554	0.00277	0.00158	0.00554
5	0.02895	0.00874	0.01251	0.35972	0.32548	0.08549	0.01007	0.03697	0.00841	0.02463	0.00680	0.00926	0.00542	0.00382	0.00421	0.00119	0.05827	0.00323	0.00189	0.00494
6	0.06010	0.07010	0.06185	0.00833	0.01080	0.06014	0.07426	0.05042	0.46024	0.02344	0.04070	0.02261	0.00989	0.00472	0.00388	0.00121	0.02489	0.00388	0.00313	0.00542
7	0.00457	0.00326	0.00435	0.00522	0.00544	0.00305	0.00348	0.00522	0.00718	0.00958	0.02068	0.86570	0.02481	0.01175	0.00479	0.00152	0.00218	0.01067	0.00348	0.00305
8	0.04548	0.02591	0.03060	0.01734	0.03691	0.04297	0.21290	0.02285	0.00873	0.26935	0.00965	0.02427	0.00720	0.00579	0.05133	0.00151	0.14407	0.00377	0.03428	0.00510
9	0.01405	0.00802	0.01061	0.03825	0.15904	0.00802	0.00718	0.25678	0.02250	0.39854	0.03073	0.01132	0.00833	0.00442	0.00377	0.00115	0.00372	0.00364	0.00377	0.00616
10	0.00544	0.00384	0.00496	0.00496	0.00522	0.00415	0.00333	0.00599	0.00573	0.00791	0.01125	0.04103	0.01213	0.50793	0.34322	0.00449	0.01852	0.00499	0.00219	0.00274
11	0.00457	0.00326	0.00435	0.00522	0.00544	0.00305	0.00348	0.00522	0.00718	0.00958	0.02068	0.86570	0.02481	0.01175	0.00479	0.00152	0.00218	0.01067	0.00348	0.00305
12	0.00817	0.21619	0.60907	0.00987	0.01470	0.01022	0.04194	0.01168	0.00784	0.01112	0.00638	0.00757	0.00480	0.00353	0.00351	0.00111	0.02270	0.00267	0.00160	0.00533
13	0.00580	0.00450	0.00629	0.00615	0.00683	0.01765	0.00475	0.02604	0.00632	0.00898	0.00990	0.01491	0.00937	0.08313	0.73418	0.00552	0.04019	0.00405	0.00205	0.00339
14	0.00906	0.00943	0.07214	0.16397	0.33895	0.04419	0.18203	0.01153	0.00856	0.05678	0.00827	0.03082	0.00684	0.00396	0.00393	0.00120	0.00495	0.03611	0.00207	0.00521
15	0.00543	0.00364	0.00409	0.00409	0.00411	0.00363	0.00229	0.00545	0.00552	0.00734	0.01238	0.02480	0.03147	0.84970	0.01878	0.00359	0.00360	0.00551	0.00230	0.00229
16	0.00538	0.00428	0.00542	0.09124	0.03403	0.00402	0.00419	0.00676	0.00903	0.02817	0.27602	0.08345	0.41785	0.00822	0.00435	0.00125	0.00230	0.00706	0.00347	0.00352
17	0.01155	0.00928	0.04317	0.10346	0.11963	0.06172	0.02413	0.32566	0.01226	0.12296	0.01164	0.04317	0.06633	0.00493	0.00385	0.00118	0.00417	0.02230	0.00312	0.00548
18	0.66501	0.00916	0.03340	0.00608	0.00845	0.11481	0.00508	0.05779	0.00768	0.03459	0.00576	0.00660	0.00445	0.00369	0.00285	0.00115	0.02450	0.00225	0.00237	0.00433
19	0.89465	0.00726	0.00551	0.00493	0.00726	0.00842	0.00406	0.01103	0.00638	0.01683	0.00522	0.00609	0.00406	0.00348	0.00232	0.00116	0.00290	0.00203	0.00232	0.00406
20	0.04231	0.00369	0.00373	0.00372	0.00465	0.00371	0.00279	0.00881	0.00783	0.03049	0.01252	0.06480	0.01030	0.00478	0.00276	0.00093	0.00185	0.00387	0.78290	0.00355
21	0.00955	0.63481	0.21371	0.00750	0.01124	0.01324	0.00818	0.03364	0.02031	0.01004	0.00582	0.00666	0.00494	0.00336	0.00274	0.00091	0.00436	0.00226	0.00169	0.00504
22	0.03321	0.00885	0.03258	0.14459	0.58693	0.00900	0.01065	0.09303	0.00920	0.01307	0.00733	0.02150	0.00604	0.00365	0.00370	0.00114	0.00445	0.00340	0.00205	0.00562
23	0.01196	0.06205	0.02302	0.03109	0.01240	0.07663	0.11222	0.43391	0.01315	0.03003	0.00827	0.00957	0.00633	0.00431	0.00416	0.00112	0.05400	0.02081	0.02300	0.06199
24	0.09730	0.00654	0.00846	0.00655	0.00940	0.00589	0.00541	0.03186	0.01046	0.75676	0.01382	0.01209	0.00876	0.00453	0.00364	0.00116	0.00318	0.00361	0.00442	0.00617
25	0.00536	0.00402	0.00603	0.00603	0.00670	0.00469	0.00469	0.00670	0.00603	0.00871	0.01005	0.01474	0.00938	0.02814	0.85328	0.00603	0.01005	0.00402	0.00201	0.00335
26	0.00469	0.00377	0.00416	0.00415	0.00522	0.00326	0.00307	0.00581	0.00894	0.01132	0.24406	0.09460	0.56235	0.02206	0.00468	0.00130	0.00191	0.00779	0.00363	0.00324
27	0.00814	0.00666	0.00782	0.00560	0.00892	0.00502	0.00449	0.00980	0.00790	0.04540	0.00699	0.00798	0.00571	0.00285	0.00282	0.00058	0.00279	0.00228	0.00232	0.85593
28	0.00531	0.00383	0.00501	0.00472	0.00560	0.00354	0.00354	0.00708	0.01062	0.01504	0.84277	0.02802	0.03540	0.00767	0.00442	0.00118	0.00177	0.00678	0.00413	0.00354
29	0.00519	0.00383	0.00485	0.00459	0.00553	0.00349	0.00344	0.00684	0.01033	0.01436	0.73065	0.02915	0.14794	0.00793	0.00443	0.00119	0.00179	0.00694	0.00404	0.00349
30	0.10117	0.00647	0.00840	0.00651	0.00935	0.00579	0.00537	0.01759	0.01032	0.76755	0.01388	0.01213	0.00879	0.00453	0.00363	0.00116	0.00316	0.00361	0.00442	0.00616
31	0.35409	0.00849	0.00818	0.00679	0.00933	0.03720	0.00551	0.23283	0.15055	0.13818	0.00933	0.00919	0.00671	0.00421	0.00320	0.00116	0.00341	0.00303	0.00328	0.00534
32	0.89465	0.00726	0.00551	0.00493	0.00726	0.00842	0.00406	0.01103	0.00638	0.01683	0.00522	0.00609	0.00406	0.00348	0.00232	0.00116	0.00290	0.00203	0.00232	0.00406
33	0.01242	0.07515	0.09342	0.02104	0.07613	0.02990	0.00749	0.32324	0.03849	0.17656	0.00929	0.00940	0.00664	0.00406	0.00352	0.00105	0.00400	0.00317	0.00316	0.10186
34	0.01334	0.01676	0.01073	0.00969	0.01140	0.75523	0.00736	0.01429	0.01006	0.00916	0.00570	0.00693	0.00484	0.00418	0.00442	0.00105	0.10613	0.00252	0.00190	0.00432
35	0.03176	0.00709	0.00908	0.00697	0.00988	0.00659	0.00576	0.15383	0.01181	0.69552	0.01367	0.01203	0.00871	0.00460	0.00374	0.00116	0.00334	0.00368	0.00445	0.00634
36	0.00460	0.00328	0.00438	0.00525	0.00548	0.00307	0.00353	0.00527	0.00721	0.00961	0.02066	0.85137	0.02476	0.01173	0.00480	0.00153	0.00220	0.02475	0.00348	0.00305
37	0.03144	0.00541	0.00605	0.00540	0.00689	0.00575	0.03011	0.06022	0.20029	0.04731	0.02643	0.01384	0.02001	0.00522	0.02499	0.00115	0.00262	0.00378	0.49870	0.00440
38	0.00449	0.00378	0.00390	0.00397	0.00515	0.00319	0.00297	0.00546	0.00851	0.01022	0.05268	0.08657	0.76099	0.00962	0.00447	0.00129	0.00195	0.02412	0.00350	0.00317
39	0.00821	0.00821	0.01149	0.00985	0.00985	0.01149	0.00821	0.00903	0.00575	0.00903	0.00492	0.00821	0.00492	0.00657	0.01231	0.00164	0.86128	0.00328	0.00164	0.00410
40	0.00536	0.00402	0.00603	0.00603	0.00670	0.00469	0.00469	0.00670	0.00603	0.00871	0.01005	0.01474	0.00938	0.02814	0.85328	0.00603	0.01005	0.00402	0.00201	0.00335
41	0.00905	0.00777	0.00824	0.00743	0.00947	0.00893	0.00577	0.01905	0.78080	0.01565	0.07245	0.01497	0.01311	0.00527	0.00386	0.00127	0.00289	0.00442	0.00384	0.00577
42	0.00727	0.00675	0.01101	0.67912	0.07017	0.00803	0.02727	0.04079	0.00808	0.01038	0.00978	0.01241	0.08489	0.00429	0.00383	0.00124	0.00467	0.00380	0.00194	0.00428
43	0.01401	0.01788	0.01063	0.00967	0.01160	0.85309	0.00725	0.01498	0.01063	0.00918	0.00580	0.00677	0.00483	0.00387	0.00338	0.00097	0.00677	0.00242	0.00193	0.00435
44	0.01051	0.70793	0.01780	0.00692	0.00985	0.14731	0.00650	0.01168	0.00805	0.00888	0.00546	0.00641	0.00496	0.00410	0.02950	0.00099	0.00464	0.00213	0.00167	0.00469
45	0.00994	0.82665	0.01942	0.02644	0.02351	0.01454	0.01622	0.01121	0.00765	0.00894	0.00531	0.00621	0.00485	0.00322	0.00248	0.00082	0.00407	0.00209	0.00161	0.00482
46	0.00553	0.00395	0.00510	0.00533	0.02527	0.00365	0.00378	0.00701	0.02285	0.03937	0.41426	0.26242	0.14703	0.00891	0.00450	0.00130	0.00208	0.03033	0.00380	0.00353
47	0.00513	0.00373	0.00476	0.00538	0.00593	0.00354	0.00402	0.00608	0.00761	0.00986	0.02185	0.36752	0.14677	0.12828	0.00682	0.00184	0.00273	0.26177	0.00331	0.00309
48	0.02769	0.02037	0.00915	0.12097	0.13236	0.03936	0.03928	0.02165	0.00701	0.00975	0.00862	0.01308	0.00794	0.10184	0.37188	0.02113	0.03822	0.00380	0.00197	0.00392
49	0.05443	0.43198	0.09743	0.08386	0.10111	0.06663	0.00784	0.01164	0.03977	0.01047	0.00621	0.00738	0.00521	0.00341	0.00292	0.00094	0.00430	0.00247	0.00182	0.06021
50	0.15415	0.62480	0.04278	0.00661	0.00963	0.09061	0.00635	0.01157	0.00771	0.01026	0.00532	0.00616	0.00469	0.00333	0.00252	0.00089	0.00413	0.00207	0.00175	0.00467
51	0.00822	0.17841	0.63867	0.01017	0.02857	0.00996	0.03221	0.03201	0.00814	0.01161	0.00653	0.00767	0.00485	0.00351	0.00338	0.00111	0.00522	0.00269	0.00165	0.00542
