[name]
unknown

[dist]
# distance from previous block
# <min> <max>
0	1

[block]
# block no. 0 follows, 74 sequences, length 23
# corresponding to MSA columns:
# 526-548
name=unknown_A
#
# <colnr> <probs for GDERKNQSTAVLIFYWHMCP>
#	G	D	E	R	K	N	Q	S	T	A	V	L	I	F	Y	W	H	M	C	P
0	0.00860	0.00451	0.00565	0.00503	0.00643	0.00423	0.00391	0.01063	0.04621	0.21733	0.37357	0.03632	0.02109	0.00609	0.00379	0.00111	0.00218	0.02166	0.21740	0.00427
1	0.01159	0.45457	0.01499	0.00778	0.01037	0.35586	0.00667	0.03247	0.05681	0.00961	0.00605	0.00678	0.00518	0.00358	0.00289	0.00089	0.00502	0.00231	0.00190	0.00468
2	0.00525	0.00379	0.00496	0.00467	0.00555	0.00350	0.00350	0.00700	0.01051	0.01488	0.84444	0.02773	0.03502	0.00759	0.00438	0.00117	0.00175	0.00671	0.00409	0.00350
3	0.00525	0.00379	0.00496	0.00467	0.00555	0.00350	0.00350	0.00700	0.01051	0.01488	0.84444	0.02773	0.03502	0.00759	0.00438	0.00117	0.00175	0.00671	0.00409	0.00350
4	0.00452	0.00325	0.00429	0.00511	0.00537	0.00302	0.00342	0.00517	0.00716	0.00950	0.02113	0.83432	0.05692	0.01154	0.00472	0.00150	0.00214	0.01044	0.00345	0.00302
5	0.89577	0.00718	0.00546	0.00488	0.00718	0.00833	0.00402	0.01091	0.00632	0.01665	0.00517	0.00603	0.00402	0.00345	0.00230	0.00115	0.00287	0.00201	0.00230	0.00402
6	0.01430	0.00931	0.01035	0.00799	0.01086	0.01000	0.00658	0.61975	0.04356	0.19204	0.01037	0.00996	0.00715	0.00450	0.00369	0.00112	0.00380	0.00345	0.02499	0.00623
7	0.00876	0.01001	0.02190	0.01564	0.01940	0.00939	0.83292	0.01189	0.00876	0.01189	0.00751	0.01001	0.00563	0.00313	0.00438	0.00125	0.00626	0.00438	0.00188	0.00501
8	0.00645	0.00322	0.00484	0.00484	0.00484	0.00322	0.00322	0.00484	0.00484	0.00645	0.00645	0.01128	0.00645	0.01289	0.01451	0.89201	0.00322	0.00322	0.00161	0.00161
9	0.89577	0.00718	0.00546	0.00488	0.00718	0.00833	0.00402	0.01091	0.00632	0.01665	0.00517	0.00603	0.00402	0.00345	0.00230	0.00115	0.00287	0.00201	0.00230	0.00402
10	0.00992	0.87178	0.01945	0.00635	0.00953	0.01469	0.00635	0.01111	0.00754	0.00873	0.00516	0.00595	0.00476	0.00318	0.00238	0.00079	0.00397	0.00198	0.00159	0.00476
11	0.00744	0.01920	0.85032	0.01058	0.01607	0.00862	0.01371	0.01176	0.00784	0.01176	0.00666	0.00784	0.00470	0.00353	0.00353	0.00118	0.00549	0.00274	0.00157	0.00549
12	0.89577	0.00718	0.00546	0.00488	0.00718	0.00833	0.00402	0.01091	0.00632	0.01665	0.00517	0.00603	0.00402	0.00345	0.00230	0.00115	0.00287	0.00201	0.00230	0.00402
13	0.00919	0.00882	0.01507	0.02278	0.84640	0.00882	0.01139	0.01139	0.00845	0.01213	0.00698	0.00919	0.00588	0.00331	0.00367	0.00110	0.00441	0.00331	0.00184	0.00588
14	0.89577	0.00718	0.00546	0.00488	0.00718	0.00833	0.00402	0.01091	0.00632	0.01665	0.00517	0.00603	0.00402	0.00345	0.00230	0.00115	0.00287	0.00201	0.00230	0.00402
15	0.00919	0.00882	0.01507	0.02278	0.84640	0.00882	0.01139	0.01139	0.00845	0.01213	0.00698	0.00919	0.00588	0.00331	0.00367	0.00110	0.00441	0.00331	0.00184	0.00588
16	0.00452	0.00323	0.00431	0.00517	0.00538	0.00301	0.00345	0.00517	0.00711	0.00948	0.02046	0.86713	0.02455	0.01163	0.00474	0.00151	0.00215	0.01055	0.00345	0.00301
17	0.00525	0.00379	0.00496	0.00467	0.00555	0.00350	0.00350	0.00700	0.01051	0.01488	0.84444	0.02773	0.03502	0.00759	0.00438	0.00117	0.00175	0.00671	0.00409	0.00350
18	0.00992	0.87178	0.01945	0.00635	0.00953	0.01469	0.00635	0.01111	0.00754	0.00873	0.00516	0.00595	0.00476	0.00318	0.00238	0.00079	0.00397	0.00198	0.00159	0.00476
19	0.00456	0.00345	0.00421	0.00470	0.00529	0.00310	0.00326	0.00540	0.00786	0.01020	0.11039	0.53186	0.27120	0.01055	0.00460	0.00140	0.00203	0.00934	0.00351	0.00310
20	0.00452	0.00323	0.00431	0.00517	0.00538	0.00301	0.00345	0.00517	0.00711	0.00948	0.02046	0.86713	0.02455	0.01163	0.00474	0.00151	0.00215	0.01055	0.00345	0.00301
21	0.00620	0.00360	0.00411	0.00398	0.00485	0.00348	0.00299	0.00794	0.00896	0.01429	0.37251	0.01985	0.02056	0.00574	0.00337	0.00100	0.00174	0.00487	0.50648	0.00348
22	0.30992	0.42831	0.09404	0.00648	0.00949	0.02798	0.00635	0.04554	0.00759	0.01233	0.00547	0.00634	0.00457	0.00343	0.00272	0.00098	0.01977	0.00215	0.00192	0.00462

[dist]
# distance from previous block
# <min> <max>
0	1

[block]
# block no. 1 follows, 74 sequences, length 66
# corresponding to MSA columns:
# 550-605,630-639
name=unknown_B
#
# <colnr> <probs for GDERKNQSTAVLIFYWHMCP>
#	G	D	E	R	K	N	Q	S	T	A	V	L	I	F	Y	W	H	M	C	P
0	0.01006	0.31683	0.09137	0.01241	0.25252	0.02939	0.03949	0.13563	0.00933	0.01234	0.00647	0.00779	0.00535	0.00364	0.00370	0.00103	0.05248	0.00281	0.00200	0.00534
1	0.00483	0.00386	0.00480	0.00479	0.00576	0.00383	0.00367	0.00598	0.00740	0.00956	0.05383	0.02586	0.43727	0.01769	0.38986	0.00339	0.00553	0.00605	0.00281	0.00323
2	0.00970	0.79620	0.09311	0.00673	0.01011	0.01415	0.00700	0.01117	0.00757	0.00900	0.00529	0.00612	0.00476	0.00321	0.00248	0.00083	0.00410	0.00205	0.00159	0.00483
3	0.00493	0.00372	0.00455	0.00448	0.00538	0.00334	0.00331	0.00632	0.00953	0.01290	0.52339	0.13238	0.25504	0.00858	0.00442	0.00123	0.00184	0.00749	0.00383	0.00334
4	0.00616	0.00361	0.00414	0.00401	0.00488	0.00348	0.00301	0.00790	0.00902	0.01431	0.38937	0.02013	0.02108	0.00580	0.00340	0.00100	0.00174	0.00493	0.48854	0.00348
5	0.01565	0.00602	0.00808	0.00628	0.00895	0.00525	0.00516	0.01712	0.01033	0.76311	0.01438	0.01276	0.00922	0.00457	0.00362	0.00112	0.00301	0.00370	0.09564	0.00602
6	0.00701	0.00660	0.01113	0.86063	0.02556	0.00825	0.01031	0.00948	0.00742	0.00948	0.00660	0.00990	0.00495	0.00371	0.00371	0.00124	0.00495	0.00330	0.00165	0.00412
7	0.00881	0.00499	0.00525	0.00463	0.00601	0.00518	0.00363	0.17659	0.00987	0.05301	0.01157	0.01278	0.00885	0.00436	0.00287	0.00093	0.00227	0.00345	0.67076	0.00417
8	0.01298	0.00804	0.01480	0.01081	0.01410	0.00729	0.39069	0.01520	0.00976	0.45926	0.01132	0.01141	0.00753	0.00391	0.00403	0.00120	0.00460	0.00403	0.00333	0.00571
9	0.89577	0.00718	0.00546	0.00488	0.00718	0.00833	0.00402	0.01091	0.00632	0.01665	0.00517	0.00603	0.00402	0.00345	0.00230	0.00115	0.00287	0.00201	0.00230	0.00402
10	0.89577	0.00718	0.00546	0.00488	0.00718	0.00833	0.00402	0.01091	0.00632	0.01665	0.00517	0.00603	0.00402	0.00345	0.00230	0.00115	0.00287	0.00201	0.00230	0.00402
11	0.01365	0.06344	0.01100	0.00939	0.01137	0.80966	0.00713	0.01462	0.01036	0.00907	0.00571	0.00665	0.00478	0.00379	0.00330	0.00095	0.00655	0.00237	0.00190	0.00433
12	0.01387	0.01769	0.01052	0.00956	0.01148	0.85465	0.00717	0.01482	0.01052	0.00908	0.00574	0.00669	0.00478	0.00383	0.00335	0.00096	0.00669	0.00239	0.00191	0.00430
13	0.01665	0.00632	0.00861	0.00660	0.00948	0.00546	0.00546	0.01809	0.01062	0.84897	0.01464	0.01263	0.00919	0.00459	0.00373	0.00115	0.00316	0.00373	0.00459	0.00632
14	0.89577	0.00718	0.00546	0.00488	0.00718	0.00833	0.00402	0.01091	0.00632	0.01665	0.00517	0.00603	0.00402	0.00345	0.00230	0.00115	0.00287	0.00201	0.00230	0.00402
15	0.00812	0.00812	0.01137	0.00975	0.00975	0.01137	0.00812	0.00893	0.00568	0.00893	0.00487	0.00812	0.00487	0.00650	0.01218	0.00162	0.86276	0.00325	0.00162	0.00406
16	0.00923	0.00797	0.00839	0.00755	0.00965	0.00923	0.00588	0.01972	0.83969	0.01553	0.01511	0.01385	0.01133	0.00504	0.00378	0.00126	0.00294	0.00420	0.00378	0.00588
17	0.00439	0.00376	0.00376	0.00376	0.00501	0.00313	0.00282	0.00533	0.00846	0.01003	0.03760	0.03572	0.84489	0.00940	0.00439	0.00125	0.00188	0.00783	0.00345	0.00313
18	0.00520	0.00379	0.00489	0.00462	0.00552	0.00348	0.00346	0.00691	0.01039	0.01461	0.79859	0.02818	0.08104	0.00769	0.00438	0.00117	0.00176	0.00678	0.00405	0.00348
19	0.00586	0.00393	0.00516	0.00477	0.00576	0.00361	0.00361	0.00760	0.01051	0.05956	0.79999	0.02692	0.03364	0.00743	0.00434	0.00117	0.00183	0.00655	0.00411	0.00365
20	0.28558	0.31098	0.02331	0.00819	0.08402	0.21331	0.00637	0.01197	0.00796	0.01162	0.00548	0.00647	0.00464	0.00343	0.00272	0.00098	0.00434	0.00222	0.00191	0.00453
21	0.53326	0.20997	0.01987	0.00728	0.08818	0.04616	0.00558	0.02174	0.01804	0.01406	0.00556	0.00650	0.00454	0.00342	0.00254	0.00105	0.00349	0.00220	0.00210	0.00445
22	0.00613	0.00497	0.00659	0.00741	0.12420	0.00485	0.00478	0.00882	0.10404	0.01385	0.51258	0.02473	0.14860	0.00697	0.00421	0.00118	0.00228	0.00611	0.00364	0.00405
23	0.00910	0.00863	0.01433	0.02124	0.76253	0.00873	0.01084	0.01190	0.06908	0.01235	0.00792	0.01042	0.00670	0.00362	0.00372	0.00113	0.00428	0.02565	0.00202	0.00581
24	0.00531	0.00394	0.00580	0.00580	0.00640	0.00455	0.00443	0.00652	0.00592	0.00849	0.01009	0.01542	0.00964	0.10072	0.78246	0.00576	0.00939	0.00410	0.00201	0.00322
25	0.00992	0.87178	0.01945	0.00635	0.00953	0.01469	0.00635	0.01111	0.00754	0.00873	0.00516	0.00595	0.00476	0.00318	0.00238	0.00079	0.00397	0.00198	0.00159	0.00476
26	0.00540	0.00360	0.00405	0.00405	0.00405	0.00360	0.00225	0.00540	0.00540	0.00720	0.01170	0.02429	0.01349	0.86955	0.01889	0.00360	0.00360	0.00540	0.00225	0.00225
27	0.00812	0.00812	0.01137	0.00975	0.00975	0.01137	0.00812	0.00893	0.00568	0.00893	0.00487	0.00812	0.00487	0.00650	0.01218	0.00162	0.86276	0.00325	0.00162	0.00406
28	0.00584	0.00422	0.00578	0.00657	0.00745	0.00416	0.00570	0.00747	0.00852	0.01100	0.02107	0.05358	0.08583	0.01021	0.00506	0.00167	0.00328	0.74580	0.00342	0.00339
29	0.00452	0.00323	0.00431	0.00517	0.00538	0.00301	0.00345	0.00517	0.00711	0.00948	0.02046	0.86713	0.02455	0.01163	0.00474	0.00151	0.00215	0.01055	0.00345	0.00301
30	0.00770	0.00660	0.00770	0.00550	0.00880	0.00495	0.00440	0.00935	0.00770	0.01210	0.00660	0.00770	0.00550	0.00275	0.00275	0.00055	0.00275	0.00220	0.00220	0.89224
31	0.01411	0.01040	0.01114	0.00854	0.01151	0.01151	0.00706	0.83402	0.01745	0.02339	0.00891	0.00891	0.00631	0.00446	0.00371	0.00111	0.00408	0.00334	0.00371	0.00631
32	0.89577	0.00718	0.00546	0.00488	0.00718	0.00833	0.00402	0.01091	0.00632	0.01665	0.00517	0.00603	0.00402	0.00345	0.00230	0.00115	0.00287	0.00201	0.00230	0.00402
33	0.00452	0.00323	0.00431	0.00517	0.00538	0.00301	0.00345	0.00517	0.00711	0.00948	0.02046	0.86713	0.02455	0.01163	0.00474	0.00151	0.00215	0.01055	0.00345	0.00301
34	0.00513	0.00379	0.00478	0.00454	0.00547	0.00345	0.00340	0.00676	0.01020	0.01417	0.72510	0.02891	0.15481	0.00786	0.00438	0.00118	0.00177	0.00688	0.00399	0.00345
35	0.01387	0.01769	0.01052	0.00956	0.01148	0.85465	0.00717	0.01482	0.01052	0.00908	0.00574	0.00669	0.00478	0.00383	0.00335	0.00096	0.00669	0.00239	0.00191	0.00430
36	0.00777	0.02498	0.07430	0.00641	0.02166	0.00559	0.02554	0.00966	0.00774	0.01200	0.00660	0.00775	0.00543	0.00284	0.00286	0.00063	0.00310	0.00231	0.00212	0.77072
37	0.02347	0.03642	0.01263	0.01482	0.35579	0.39642	0.00888	0.05692	0.00973	0.01119	0.00637	0.00786	0.00531	0.00372	0.00377	0.00105	0.03579	0.00283	0.00196	0.00506
38	0.00705	0.00359	0.00360	0.00355	0.00446	0.00361	0.00268	0.02384	0.00796	0.01401	0.01205	0.01375	0.00945	0.00433	0.00262	0.00087	0.00177	0.00346	0.87384	0.00351
39	0.00728	0.00748	0.03505	0.01176	0.09711	0.00695	0.36588	0.02305	0.02447	0.01156	0.07565	0.21280	0.02326	0.00756	0.07087	0.00165	0.00488	0.00585	0.00250	0.00441
40	0.01387	0.01769	0.01052	0.00956	0.01148	0.85465	0.00717	0.01482	0.01052	0.00908	0.00574	0.00669	0.00478	0.00383	0.00335	0.00096	0.00669	0.00239	0.00191	0.00430
41	0.00462	0.00332	0.00439	0.00508	0.00540	0.00309	0.00344	0.00543	0.00760	0.01024	0.13617	0.73627	0.03910	0.01103	0.00468	0.00146	0.00209	0.00997	0.00354	0.00309
42	0.00468	0.00360	0.00428	0.00446	0.00528	0.00320	0.00321	0.00576	0.00863	0.01126	0.26565	0.29396	0.35351	0.00957	0.00449	0.00131	0.00193	0.00836	0.00363	0.00320
43	0.89577	0.00718	0.00546	0.00488	0.00718	0.00833	0.00402	0.01091	0.00632	0.01665	0.00517	0.00603	0.00402	0.00345	0.00230	0.00115	0.00287	0.00201	0.00230	0.00402
44	0.01399	0.01398	0.01083	0.00904	0.01149	0.42595	0.00711	0.43135	0.01404	0.01636	0.00735	0.00782	0.00556	0.00415	0.00353	0.00104	0.00537	0.00287	0.00283	0.00532
45	0.89577	0.00718	0.00546	0.00488	0.00718	0.00833	0.00402	0.01091	0.00632	0.01665	0.00517	0.00603	0.00402	0.00345	0.00230	0.00115	0.00287	0.00201	0.00230	0.00402
46	0.00524	0.00378	0.00495	0.00468	0.00554	0.00349	0.00350	0.00697	0.01044	0.01478	0.82825	0.04422	0.03482	0.00767	0.00438	0.00117	0.00176	0.00679	0.00407	0.00349
47	0.00525	0.00379	0.00496	0.00467	0.00555	0.00350	0.00350	0.00700	0.01051	0.01488	0.84444	0.02773	0.03502	0.00759	0.00438	0.00117	0.00175	0.00671	0.00409	0.00350
48	0.00489	0.00380	0.00438	0.00437	0.00536	0.00339	0.00329	0.00609	0.00892	0.01154	0.30516	0.04386	0.43208	0.07065	0.00549	0.00143	0.00209	0.07644	0.00357	0.00322
49	0.00843	0.00863	0.01132	0.00974	0.00984	0.05654	0.00807	0.00925	0.00594	0.00894	0.00492	0.00804	0.00487	0.00635	0.01171	0.00159	0.81691	0.00320	0.00164	0.00407
50	0.00524	0.00385	0.00472	0.00459	0.00555	0.00351	0.00341	0.00684	0.02618	0.02828	0.51845	0.12305	0.23582	0.00839	0.00440	0.00123	0.00188	0.00732	0.00386	0.00345
51	0.00785	0.05299	0.00851	0.00597	0.02943	0.00556	0.00467	0.00949	0.00771	0.01192	0.00653	0.00764	0.00547	0.00279	0.00275	0.00058	0.00286	0.00221	0.00216	0.82291
52	0.01418	0.01029	0.01107	0.00849	0.01146	0.01135	0.00701	0.81180	0.01727	0.04587	0.00907	0.00901	0.00639	0.00446	0.00371	0.00111	0.00406	0.00335	0.00374	0.00631
53	0.00526	0.00354	0.00409	0.00422	0.00425	0.00351	0.00243	0.00536	0.00566	0.00754	0.01303	0.15240	0.01518	0.73915	0.01674	0.00328	0.00338	0.00618	0.00243	0.00237
54	0.00535	0.00356	0.00409	0.00416	0.00417	0.00354	0.00237	0.00537	0.00552	0.00736	0.01228	0.09152	0.01422	0.78138	0.01766	0.02359	0.00347	0.00576	0.00233	0.00230
55	0.02715	0.04042	0.31217	0.05899	0.20030	0.05861	0.14549	0.03497	0.00859	0.04599	0.00746	0.02980	0.00584	0.00370	0.00368	0.00115	0.00510	0.00336	0.00195	0.00530
56	0.00744	0.01920	0.85032	0.01058	0.01607	0.00862	0.01371	0.01176	0.00784	0.01176	0.00666	0.00784	0.00470	0.00353	0.00353	0.00118	0.00549	0.00274	0.00157	0.00549
57	0.00477	0.00353	0.00488	0.00611	0.05043	0.00333	0.00387	0.00550	0.00718	0.00962	0.01974	0.82118	0.02355	0.01118	0.00468	0.00149	0.00227	0.01016	0.00336	0.00317
58	0.00877	0.05349	0.64222	0.01053	0.04670	0.04385	0.01217	0.10152	0.00906	0.02803	0.00696	0.00797	0.00501	0.00364	0.00350	0.00114	0.00524	0.00280	0.00188	0.00553
59	0.01142	0.03993	0.02918	0.01214	0.16222	0.35083	0.12043	0.02435	0.13427	0.05638	0.00851	0.00936	0.01643	0.00391	0.00362	0.00108	0.00527	0.00324	0.00234	0.00507
60	0.00449	0.00335	0.00418	0.00485	0.00530	0.00304	0.00330	0.00520	0.00741	0.00960	0.02434	0.67877	0.21040	0.01112	0.00466	0.00145	0.00209	0.00994	0.00345	0.00304
61	0.00735	0.01707	0.71689	0.01041	0.03544	0.00815	0.02891	0.02465	0.00802	0.01184	0.02404	0.07553	0.00692	0.00424	0.00366	0.00120	0.00512	0.00349	0.00181	0.00527
62	0.01229	0.02123	0.09505	0.01074	0.17170	0.03595	0.02283	0.18512	0.06816	0.27420	0.05673	0.01130	0.00881	0.00434	0.00372	0.00113	0.00392	0.00361	0.00331	0.00585
63	0.00917	0.00888	0.01539	0.02244	0.80671	0.00885	0.05081	0.01142	0.00847	0.01212	0.00701	0.00923	0.00587	0.00330	0.00371	0.00111	0.00450	0.00336	0.00184	0.00584
64	0.89577	0.00718	0.00546	0.00488	0.00718	0.00833	0.00402	0.01091	0.00632	0.01665	0.00517	0.00603	0.00402	0.00345	0.00230	0.00115	0.00287	0.00201	0.00230	0.00402
65	0.00455	0.00325	0.00434	0.00520	0.00543	0.00304	0.00349	0.00521	0.00713	0.00950	0.02044	0.85218	0.02449	0.01160	0.00474	0.00151	0.00218	0.02524	0.00345	0.00302

[dist]
# distance from previous block
# <min> <max>
0	1

[block]
# block no. 2 follows, 74 sequences, length 7
# corresponding to MSA columns:
# 641-647
name=unknown_C
#
# <colnr> <probs for GDERKNQSTAVLIFYWHMCP>
#	G	D	E	R	K	N	Q	S	T	A	V	L	I	F	Y	W	H	M	C	P
0	0.06639	0.31089	0.03236	0.00832	0.02493	0.30416	0.02540	0.03488	0.02409	0.01006	0.00597	0.00739	0.00521	0.02322	0.01904	0.00115	0.08762	0.00253	0.00188	0.00451
1	0.07838	0.00463	0.00509	0.00453	0.00603	0.00457	0.00355	0.01146	0.04781	0.20600	0.04246	0.01346	0.01002	0.00447	0.00295	0.00098	0.00220	0.00356	0.54357	0.00428
2	0.00830	0.06318	0.01254	0.50311	0.22906	0.00906	0.00992	0.06401	0.04425	0.01126	0.00712	0.00957	0.00553	0.00368	0.00362	0.00117	0.00461	0.00326	0.00192	0.00482
3	0.16035	0.24987	0.12625	0.00851	0.04676	0.22590	0.02397	0.06261	0.00887	0.02911	0.00609	0.00699	0.00490	0.00354	0.00298	0.00099	0.00471	0.00242	0.00201	0.02314
4	0.00716	0.00660	0.01037	0.67014	0.02183	0.00751	0.00899	0.00945	0.00748	0.01007	0.00660	0.00941	0.00507	0.00350	0.00350	0.00108	0.00446	0.00305	0.00177	0.20196
5	0.00517	0.00679	0.19276	0.00637	0.00776	0.00426	0.00573	0.00664	0.00727	0.00998	0.01738	0.67571	0.02013	0.00982	0.00447	0.00143	0.00290	0.00881	0.00303	0.00357
6	0.00559	0.00393	0.00489	0.00530	0.04926	0.00402	0.00306	0.00588	0.00564	0.00765	0.01121	0.02218	0.01252	0.71019	0.13053	0.00378	0.00450	0.00510	0.00219	0.00259

[dist]
# distance from previous block
# <min> <max>
0	2

[block]
# block no. 3 follows, 74 sequences, length 24
# corresponding to MSA columns:
# 650-673
name=unknown_D
#
# <colnr> <probs for GDERKNQSTAVLIFYWHMCP>
#	G	D	E	R	K	N	Q	S	T	A	V	L	I	F	Y	W	H	M	C	P
0	0.00479	0.00372	0.00436	0.00431	0.00529	0.00329	0.00319	0.00608	0.00926	0.01219	0.40354	0.11220	0.39687	0.00879	0.00442	0.00124	0.00185	0.00759	0.00374	0.00329
1	0.01411	0.01040	0.01114	0.00854	0.01151	0.01151	0.00706	0.83402	0.01745	0.02339	0.00891	0.00891	0.00631	0.00446	0.00371	0.00111	0.00408	0.00334	0.00371	0.00631
2	0.01396	0.03767	0.01135	0.00855	0.01145	0.07912	0.00704	0.74293	0.01659	0.02179	0.00854	0.00864	0.00614	0.00437	0.00364	0.00109	0.00429	0.00322	0.00350	0.00610
3	0.00701	0.00660	0.01113	0.86063	0.02556	0.00825	0.01031	0.00948	0.00742	0.00948	0.00660	0.00990	0.00495	0.00371	0.00371	0.00124	0.00495	0.00330	0.00165	0.00412
4	0.01562	0.00639	0.00837	0.00649	0.00919	0.00576	0.00533	0.08119	0.01091	0.71254	0.01398	0.01245	0.00899	0.00456	0.00363	0.00112	0.00311	0.00368	0.08062	0.00607
5	0.00812	0.00812	0.01137	0.00975	0.00975	0.01137	0.00812	0.00893	0.00568	0.00893	0.00487	0.00812	0.00487	0.00650	0.01218	0.00162	0.86276	0.00325	0.00162	0.00406
6	0.00459	0.00333	0.00435	0.00515	0.00548	0.00309	0.00353	0.00531	0.00729	0.00960	0.02174	0.75988	0.08786	0.01138	0.00473	0.00150	0.00220	0.05252	0.00344	0.00305
7	0.00525	0.00379	0.00496	0.00467	0.00555	0.00350	0.00350	0.00700	0.01051	0.01488	0.84444	0.02773	0.03502	0.00759	0.00438	0.00117	0.00175	0.00671	0.00409	0.00350
8	0.00540	0.00360	0.00405	0.00405	0.00405	0.00360	0.00225	0.00540	0.00540	0.00720	0.01170	0.02429	0.01349	0.86955	0.01889	0.00360	0.00360	0.00540	0.00225	0.00225
9	0.06541	0.73987	0.01776	0.00655	0.00956	0.09111	0.00628	0.01144	0.00774	0.00926	0.00521	0.00603	0.00472	0.00325	0.00246	0.00083	0.00415	0.00202	0.00166	0.00468
10	0.00539	0.00361	0.00410	0.00408	0.00413	0.00359	0.00232	0.00548	0.00567	0.00761	0.05661	0.02448	0.01466	0.82306	0.01811	0.00347	0.00350	0.00547	0.00235	0.00232
11	0.00812	0.00812	0.01137	0.00975	0.00975	0.01137	0.00812	0.00893	0.00568	0.00893	0.00487	0.00812	0.00487	0.00650	0.01218	0.00162	0.86276	0.00325	0.00162	0.00406
12	0.00876	0.01001	0.02190	0.01564	0.01940	0.00939	0.83292	0.01189	0.00876	0.01189	0.00751	0.01001	0.00563	0.00313	0.00438	0.00125	0.00626	0.00438	0.00188	0.00501
13	0.00661	0.00603	0.00928	0.49866	0.07561	0.00698	0.00806	0.00904	0.05106	0.01032	0.05172	0.05835	0.16355	0.00544	0.00411	0.00125	0.02286	0.00470	0.00231	0.00407
14	0.00887	0.00690	0.00762	0.00689	0.00873	0.00767	0.00532	0.01670	0.59698	0.07698	0.13876	0.07503	0.01561	0.00584	0.00393	0.00125	0.00272	0.00498	0.00386	0.00536
15	0.00992	0.87178	0.01945	0.00635	0.00953	0.01469	0.00635	0.01111	0.00754	0.00873	0.00516	0.00595	0.00476	0.00318	0.00238	0.00079	0.00397	0.00198	0.00159	0.00476
16	0.17820	0.00912	0.01292	0.01846	0.62878	0.06742	0.00970	0.01154	0.00819	0.01278	0.00655	0.00841	0.00545	0.00337	0.00339	0.00110	0.00428	0.00300	0.00193	0.00542
17	0.00452	0.00323	0.00431	0.00517	0.00538	0.00301	0.00345	0.00517	0.00711	0.00948	0.02046	0.86713	0.02455	0.01163	0.00474	0.00151	0.00215	0.01055	0.00345	0.00301
18	0.00819	0.00811	0.01227	0.50752	0.26685	0.06732	0.01029	0.01039	0.00785	0.01021	0.00656	0.00937	0.00521	0.00375	0.00413	0.00120	0.05118	0.00324	0.00172	0.00465
19	0.00744	0.01920	0.85032	0.01058	0.01607	0.00862	0.01371	0.01176	0.00784	0.01176	0.00666	0.00784	0.00470	0.00353	0.00353	0.00118	0.00549	0.00274	0.00157	0.00549
20	0.01236	0.00619	0.00841	0.03630	0.00954	0.02681	0.04646	0.05018	0.00966	0.48037	0.01474	0.22389	0.01245	0.02448	0.00447	0.00130	0.01794	0.00541	0.00387	0.00518
21	0.00749	0.01843	0.79211	0.01052	0.01563	0.00881	0.01333	0.01156	0.00769	0.01156	0.00654	0.00786	0.00471	0.00373	0.00413	0.00121	0.06497	0.00278	0.00157	0.00539
22	0.00465	0.00341	0.00466	0.04966	0.00643	0.00329	0.00380	0.00539	0.00712	0.00948	0.01974	0.82254	0.02353	0.01122	0.00468	0.00149	0.00230	0.01017	0.00335	0.00307
23	0.01368	0.01000	0.01112	0.00907	0.04731	0.01104	0.00717	0.71033	0.04014	0.06073	0.00914	0.00921	0.00653	0.00450	0.00399	0.00114	0.03170	0.00338	0.00361	0.00621

[dist]
# distance from previous block
# <min> <max>
0	10

[block]
# block no. 4 follows, 74 sequences, length 31
# corresponding to MSA columns:
# 684-714
name=unknown_E
#
# <colnr> <probs for GDERKNQSTAVLIFYWHMCP>
#	G	D	E	R	K	N	Q	S	T	A	V	L	I	F	Y	W	H	M	C	P
0	0.32296	0.00858	0.01059	0.01336	0.37207	0.04739	0.00776	0.06791	0.03180	0.06206	0.00705	0.00825	0.00553	0.00363	0.00331	0.00113	0.01626	0.00286	0.00234	0.00518
1	0.05987	0.00917	0.01391	0.02037	0.71823	0.06615	0.01046	0.01142	0.00843	0.01210	0.00717	0.03290	0.00622	0.00358	0.00360	0.00111	0.00441	0.00337	0.00191	0.00559
2	0.01440	0.02580	0.01057	0.00899	0.04809	0.30568	0.00686	0.28424	0.01268	0.23256	0.00914	0.00907	0.00648	0.00420	0.00357	0.00106	0.00477	0.00309	0.00319	0.00556
3	0.00439	0.00376	0.00376	0.00376	0.00501	0.00313	0.00282	0.00533	0.00846	0.01003	0.03760	0.03572	0.84489	0.00940	0.00439	0.00125	0.00188	0.00783	0.00345	0.00313
4	0.89577	0.00718	0.00546	0.00488	0.00718	0.00833	0.00402	0.01091	0.00632	0.01665	0.00517	0.00603	0.00402	0.00345	0.00230	0.00115	0.00287	0.00201	0.00230	0.00402
5	0.00923	0.00797	0.00839	0.00755	0.00965	0.00923	0.00588	0.01972	0.83969	0.01553	0.01511	0.01385	0.01133	0.00504	0.00378	0.00126	0.00294	0.00420	0.00378	0.00588
6	0.00923	0.00797	0.00839	0.00755	0.00965	0.00923	0.00588	0.01972	0.83969	0.01553	0.01511	0.01385	0.01133	0.00504	0.00378	0.00126	0.00294	0.00420	0.00378	0.00588
7	0.78485	0.00726	0.00643	0.05484	0.06530	0.00836	0.00488	0.01086	0.00653	0.01594	0.00537	0.00646	0.00420	0.00345	0.00247	0.00115	0.00309	0.00217	0.00223	0.00415
8	0.00891	0.00854	0.01457	0.12748	0.74382	0.00875	0.01126	0.01115	0.00832	0.01180	0.00693	0.00928	0.00576	0.00336	0.00368	0.00112	0.00448	0.00331	0.00181	0.00566
9	0.89577	0.00718	0.00546	0.00488	0.00718	0.00833	0.00402	0.01091	0.00632	0.01665	0.00517	0.00603	0.00402	0.00345	0.00230	0.00115	0.00287	0.00201	0.00230	0.00402
10	0.00439	0.00376	0.00376	0.00376	0.00501	0.00313	0.00282	0.00533	0.00846	0.01003	0.03760	0.03572	0.84489	0.00940	0.00439	0.00125	0.00188	0.00783	0.00345	0.00313
11	0.89577	0.00718	0.00546	0.00488	0.00718	0.00833	0.00402	0.01091	0.00632	0.01665	0.00517	0.00603	0.00402	0.00345	0.00230	0.00115	0.00287	0.00201	0.00230	0.00402
12	0.00770	0.00660	0.00770	0.00550	0.00880	0.00495	0.00440	0.00935	0.00770	0.01210	0.00660	0.00770	0.00550	0.00275	0.00275	0.00055	0.00275	0.00220	0.00220	0.89224
13	0.01016	0.00777	0.00842	0.00744	0.00963	0.00876	0.00582	0.01952	0.73609	0.11968	0.01505	0.01370	0.01106	0.00498	0.00377	0.00125	0.00297	0.00414	0.00388	0.00593
14	0.00530	0.00398	0.00597	0.00597	0.00663	0.00464	0.00464	0.00663	0.00597	0.00862	0.00994	0.01458	0.00928	0.02784	0.85484	0.00597	0.00994	0.00398	0.00199	0.00331
15	0.01449	0.00978	0.01076	0.00825	0.01120	0.01060	0.00681	0.71122	0.01642	0.14764	0.00977	0.00947	0.00675	0.00448	0.00372	0.00112	0.00395	0.00340	0.00385	0.00631
16	0.00923	0.00797	0.00839	0.00755	0.00965	0.00923	0.00588	0.01972	0.83969	0.01553	0.01511	0.01385	0.01133	0.00504	0.00378	0.00126	0.00294	0.00420	0.00378	0.00588
17	0.00919	0.00882	0.01507	0.02278	0.84640	0.00882	0.01139	0.01139	0.00845	0.01213	0.00698	0.00919	0.00588	0.00331	0.00367	0.00110	0.00441	0.00331	0.00184	0.00588
18	0.01629	0.00644	0.00865	0.00665	0.00948	0.00568	0.00548	0.05415	0.01093	0.79408	0.03245	0.01280	0.00962	0.00465	0.00375	0.00115	0.00317	0.00378	0.00454	0.00626
19	0.01374	0.01021	0.01093	0.00847	0.01137	0.01134	0.00697	0.77273	0.07934	0.02280	0.00938	0.00928	0.00669	0.00450	0.00372	0.00112	0.00400	0.00341	0.00372	0.00628
20	0.00701	0.00660	0.01113	0.86063	0.02556	0.00825	0.01031	0.00948	0.00742	0.00948	0.00660	0.00990	0.00495	0.00371	0.00371	0.00124	0.00495	0.00330	0.00165	0.00412
21	0.01411	0.01040	0.01114	0.00854	0.01151	0.01151	0.00706	0.83402	0.01745	0.02339	0.00891	0.00891	0.00631	0.00446	0.00371	0.00111	0.00408	0.00334	0.00371	0.00631
22	0.89577	0.00718	0.00546	0.00488	0.00718	0.00833	0.00402	0.01091	0.00632	0.01665	0.00517	0.00603	0.00402	0.00345	0.00230	0.00115	0.00287	0.00201	0.00230	0.00402
23	0.00444	0.00354	0.00399	0.00435	0.00517	0.00308	0.00308	0.00526	0.00789	0.00979	0.03038	0.38613	0.49915	0.01034	0.00453	0.00136	0.00200	0.00898	0.00345	0.00308
24	0.00701	0.00660	0.01113	0.86063	0.02556	0.00825	0.01031	0.00948	0.00742	0.00948	0.00660	0.00990	0.00495	0.00371	0.00371	0.00124	0.00495	0.00330	0.00165	0.00412
25	0.00525	0.00382	0.00496	0.00475	0.00564	0.00353	0.00361	0.00696	0.01029	0.01443	0.75672	0.02894	0.07400	0.00783	0.00442	0.00120	0.00185	0.05428	0.00402	0.00348
26	0.00812	0.00812	0.01137	0.00975	0.00975	0.01137	0.00812	0.00893	0.00568	0.00893	0.00487	0.00812	0.00487	0.00650	0.01218	0.00162	0.86276	0.00325	0.00162	0.00406
27	0.00827	0.00837	0.01135	0.00974	0.00979	0.03361	0.00810	0.00909	0.00581	0.00894	0.00490	0.00808	0.00487	0.00643	0.01195	0.00161	0.84018	0.00323	0.00163	0.00407
28	0.00458	0.00326	0.00429	0.00509	0.00529	0.00305	0.00336	0.00518	0.00699	0.00932	0.01986	0.80981	0.02380	0.06998	0.00570	0.00165	0.00225	0.01020	0.00336	0.00296
29	0.00525	0.00383	0.00496	0.00478	0.00568	0.00354	0.00366	0.00695	0.01021	0.01426	0.72441	0.02939	0.08809	0.00792	0.00444	0.00122	0.00189	0.07205	0.00399	0.00347
30	0.02842	0.01349	0.01037	0.00872	0.01110	0.43040	0.00684	0.32876	0.01306	0.08289	0.00781	0.00817	0.00582	0.00413	0.00348	0.00103	0.00524	0.00288	0.02219	0.00521

[dist]
# distance from previous block
# <min> <max>
0	9

[block]
# block no. 5 follows, 74 sequences, length 38
# corresponding to MSA columns:
# 724-761
name=unknown_F
#
# <colnr> <probs for GDERKNQSTAVLIFYWHMCP>
#	G	D	E	R	K	N	Q	S	T	A	V	L	I	F	Y	W	H	M	C	P
0	0.00820	0.01922	0.04433	0.00596	0.00928	0.03963	0.00500	0.02422	0.00802	0.02349	0.00670	0.00773	0.00549	0.00289	0.00283	0.00061	0.00307	0.00227	0.00221	0.77885
1	0.34606	0.09804	0.33864	0.00827	0.03429	0.07284	0.01961	0.01168	0.00750	0.02445	0.00600	0.00701	0.00456	0.00349	0.00295	0.00111	0.00438	0.00241	0.00193	0.00478
2	0.09820	0.00735	0.00891	0.00689	0.00973	0.00713	0.00569	0.20723	0.01181	0.57914	0.01242	0.01115	0.00804	0.00445	0.00359	0.00114	0.00335	0.00348	0.00417	0.00610
3	0.00629	0.00327	0.00475	0.00475	0.00485	0.00322	0.00319	0.00487	0.00512	0.00672	0.00886	0.01318	0.07142	0.01262	0.01372	0.82298	0.00312	0.00358	0.00175	0.00173
4	0.02519	0.20187	0.39305	0.01026	0.10400	0.05789	0.01011	0.01257	0.01954	0.11080	0.00735	0.00813	0.00547	0.00358	0.00328	0.00106	0.00472	0.00274	0.00203	0.01637
5	0.00731	0.04369	0.65539	0.00947	0.01392	0.00803	0.02044	0.01085	0.00773	0.02195	0.04637	0.02710	0.00733	0.07142	0.01846	0.00144	0.01893	0.00332	0.00182	0.00502
6	0.00540	0.00360	0.00405	0.00405	0.00405	0.00360	0.00225	0.00540	0.00540	0.00720	0.01170	0.02429	0.01349	0.86955	0.01889	0.00360	0.00360	0.00540	0.00225	0.00225
7	0.00772	0.01278	0.42891	0.01180	0.19903	0.00744	0.01048	0.01103	0.02740	0.04227	0.19141	0.01282	0.01194	0.00444	0.00376	0.00116	0.00428	0.00381	0.00234	0.00518
8	0.01053	0.00865	0.00887	0.00817	0.04652	0.09228	0.00610	0.10275	0.47423	0.09727	0.07277	0.03332	0.01172	0.00507	0.00378	0.00120	0.00341	0.00417	0.00359	0.00557
9	0.00847	0.00770	0.01314	0.43502	0.27617	0.00848	0.08708	0.04692	0.00845	0.04091	0.00751	0.01052	0.00591	0.00376	0.00380	0.00120	0.00477	0.02333	0.00197	0.00490
10	0.00526	0.00384	0.00546	0.00565	0.00617	0.00424	0.00423	0.00633	0.00624	0.00873	0.01241	0.13697	0.01295	0.14493	0.55057	0.00467	0.00744	0.06844	0.00234	0.00313
11	0.00741	0.00693	0.02270	0.45026	0.11924	0.00806	0.01986	0.03154	0.03452	0.01044	0.00838	0.02796	0.00731	0.00657	0.07241	0.00167	0.08954	0.06886	0.00200	0.00434
12	0.00765	0.00725	0.01129	0.75680	0.06066	0.03840	0.01010	0.04529	0.00801	0.01019	0.00668	0.00971	0.00504	0.00373	0.00370	0.00122	0.00495	0.00327	0.00176	0.00430
13	0.00452	0.00325	0.00428	0.00511	0.00537	0.00302	0.00342	0.00518	0.00716	0.00950	0.02120	0.83130	0.05991	0.01153	0.00472	0.00150	0.00214	0.01043	0.00345	0.00302
14	0.00494	0.00363	0.00466	0.00478	0.00545	0.00341	0.00344	0.00616	0.00868	0.01187	0.40092	0.27622	0.12784	0.04810	0.07102	0.00176	0.00260	0.00772	0.00358	0.00324
15	0.02093	0.09691	0.49590	0.01103	0.04183	0.08051	0.04985	0.04242	0.04013	0.05073	0.00841	0.00984	0.00645	0.00449	0.00416	0.00135	0.02349	0.00326	0.00235	0.00595
16	0.01096	0.00860	0.00920	0.00780	0.01018	0.00973	0.00620	0.25475	0.56656	0.05372	0.01330	0.01237	0.00979	0.00485	0.00376	0.00121	0.00328	0.00393	0.00379	0.00602
17	0.00689	0.00690	0.04755	0.75167	0.02335	0.00788	0.00979	0.00924	0.00727	0.00939	0.00703	0.01101	0.00565	0.07595	0.00497	0.00143	0.00486	0.00345	0.00170	0.00403
18	0.00741	0.00728	0.01377	0.08119	0.14425	0.00718	0.33377	0.00953	0.00798	0.01081	0.02770	0.02844	0.07338	0.05352	0.09941	0.02540	0.00538	0.05710	0.00217	0.00434
19	0.00918	0.00926	0.03668	0.01883	0.47216	0.00875	0.31025	0.01170	0.00860	0.04542	0.00779	0.03004	0.00634	0.00350	0.00396	0.00117	0.00500	0.00387	0.00199	0.00550
20	0.00690	0.00648	0.01084	0.82607	0.02474	0.00804	0.01001	0.00932	0.00746	0.00951	0.00785	0.01094	0.03883	0.00394	0.00374	0.00124	0.00482	0.00348	0.00172	0.00408
21	0.00531	0.00396	0.00588	0.00588	0.00651	0.00459	0.00453	0.00657	0.00594	0.00855	0.01002	0.01501	0.00947	0.06496	0.81797	0.00586	0.00966	0.00404	0.00200	0.00327
22	0.89577	0.00718	0.00546	0.00488	0.00718	0.00833	0.00402	0.01091	0.00632	0.01665	0.00517	0.00603	0.00402	0.00345	0.00230	0.00115	0.00287	0.00201	0.00230	0.00402
23	0.08835	0.26589	0.27812	0.00862	0.04530	0.03594	0.01976	0.02262	0.03726	0.02799	0.00647	0.00749	0.00515	0.00358	0.00349	0.00102	0.04982	0.00254	0.00189	0.08869
24	0.00540	0.00360	0.00405	0.00405	0.00405	0.00360	0.00225	0.00540	0.00540	0.00720	0.01170	0.02429	0.01349	0.86955	0.01889	0.00360	0.00360	0.00540	0.00225	0.00225
25	0.00848	0.37967	0.46768	0.00883	0.01322	0.01113	0.02897	0.01139	0.00772	0.01045	0.00624	0.01947	0.00503	0.00349	0.00308	0.00102	0.00481	0.00257	0.00161	0.00513
26	0.00542	0.00399	0.00582	0.00579	0.00644	0.00460	0.00447	0.00672	0.00612	0.00895	0.02658	0.01509	0.00990	0.05740	0.75443	0.00548	0.01979	0.00405	0.04568	0.00329
27	0.01004	0.84722	0.01919	0.00644	0.00958	0.03884	0.00637	0.01122	0.00763	0.00874	0.00518	0.00598	0.00476	0.00319	0.00241	0.00080	0.00405	0.00200	0.00160	0.00475
28	0.05527	0.00524	0.00626	0.00544	0.00715	0.00496	0.00422	0.04859	0.04724	0.17972	0.16600	0.06756	0.15179	0.05621	0.07849	0.00169	0.00323	0.01265	0.00344	0.09485
29	0.00778	0.14137	0.66698	0.01016	0.04375	0.00930	0.01216	0.01146	0.00792	0.01146	0.04025	0.00841	0.00598	0.00363	0.00340	0.00112	0.00508	0.00281	0.00168	0.00532
30	0.11514	0.03011	0.29609	0.00789	0.01159	0.00752	0.00823	0.06349	0.02819	0.38005	0.01028	0.00989	0.00684	0.00407	0.00347	0.00115	0.00399	0.00314	0.00316	0.00572
31	0.00777	0.01819	0.76528	0.01100	0.05087	0.00880	0.01325	0.04080	0.00815	0.01212	0.00671	0.00794	0.00481	0.00362	0.00375	0.00118	0.02582	0.00280	0.00166	0.00550
32	0.00450	0.00334	0.00420	0.00489	0.00531	0.00304	0.00332	0.00520	0.00738	0.00959	0.02389	0.70052	0.18894	0.01118	0.00467	0.00146	0.00210	0.01001	0.00345	0.00304
33	0.01473	0.00834	0.06688	0.01718	0.03171	0.06709	0.05103	0.03095	0.02910	0.61065	0.02532	0.01182	0.00864	0.00440	0.00373	0.00114	0.00378	0.00364	0.00391	0.00596
34	0.00786	0.00782	0.04814	0.59020	0.14074	0.00843	0.08825	0.02269	0.00795	0.03254	0.00699	0.00978	0.00527	0.00363	0.00376	0.00121	0.00496	0.00339	0.00180	0.00461
35	0.00533	0.00394	0.00572	0.00575	0.00633	0.00450	0.00437	0.00650	0.00596	0.00850	0.01042	0.01652	0.01013	0.13331	0.72722	0.00556	0.00897	0.02572	0.00206	0.00318
36	0.00921	0.00974	0.12434	0.12492	0.57544	0.00849	0.01115	0.01167	0.00839	0.07038	0.00743	0.00934	0.00584	0.00348	0.00366	0.00113	0.00453	0.00326	0.00197	0.00564
37	0.07213	0.05233	0.15727	0.05441	0.29542	0.01971	0.10594	0.06254	0.00894	0.03183	0.07658	0.01089	0.02789	0.00395	0.00365	0.00114	0.00441	0.00357	0.00221	0.00519

[dist]
# distance from previous block
# <min> <max>
0	1

[block]
# block no. 6 follows, 74 sequences, length 22
# corresponding to MSA columns:
# 763-784
name=unknown_G
#
# <colnr> <probs for GDERKNQSTAVLIFYWHMCP>
#	G	D	E	R	K	N	Q	S	T	A	V	L	I	F	Y	W	H	M	C	P
0	0.00520	0.00387	0.00569	0.00587	0.00647	0.00436	0.00450	0.00643	0.00626	0.00886	0.01206	0.15582	0.01228	0.02446	0.68072	0.00506	0.00840	0.03813	0.00229	0.00327
1	0.00911	0.00691	0.01132	0.56819	0.15780	0.00784	0.00961	0.01135	0.00817	0.16178	0.00812	0.01027	0.00587	0.00380	0.00371	0.00120	0.00454	0.00338	0.00221	0.00481
2	0.00839	0.07184	0.60069	0.01114	0.06967	0.00932	0.05906	0.07828	0.03478	0.01265	0.00708	0.00820	0.00517	0.00359	0.00353	0.00115	0.00517	0.00292	0.00185	0.00552
3	0.00765	0.05760	0.10638	0.04849	0.16956	0.00716	0.13694	0.02793	0.03606	0.04344	0.03056	0.19147	0.10895	0.00598	0.00402	0.00123	0.00390	0.00549	0.00257	0.00462
4	0.00450	0.00331	0.00423	0.00496	0.00533	0.00303	0.00335	0.00519	0.00731	0.00956	0.02301	0.74328	0.14675	0.01130	0.00469	0.00147	0.00211	0.01015	0.00345	0.00303
5	0.00865	0.00856	0.01318	0.35518	0.46144	0.06776	0.01067	0.01087	0.00819	0.01086	0.00674	0.00929	0.00543	0.00350	0.00367	0.00115	0.00478	0.00324	0.00177	0.00507
6	0.04189	0.00638	0.00737	0.00545	0.00850	0.00494	0.00432	0.00911	0.00760	0.01209	0.00751	0.06775	0.00677	0.00340	0.00287	0.00064	0.00271	0.00278	0.00229	0.79562
7	0.00565	0.00403	0.00500	0.00500	0.00518	0.00432	0.00339	0.00607	0.00588	0.00797	0.01207	0.02442	0.01347	0.60949	0.10703	0.00348	0.06224	0.11035	0.00233	0.00264
8	0.00525	0.00379	0.00496	0.00467	0.00555	0.00350	0.00350	0.00700	0.01051	0.01488	0.84444	0.02773	0.03502	0.00759	0.00438	0.00117	0.00175	0.00671	0.00409	0.00350
9	0.00536	0.00402	0.00500	0.00471	0.00571	0.00378	0.00355	0.00750	0.05669	0.01429	0.69403	0.02798	0.13804	0.00768	0.00435	0.00118	0.00183	0.00672	0.00399	0.00359
10	0.00992	0.87178	0.01945	0.00635	0.00953	0.01469	0.00635	0.01111	0.00754	0.00873	0.00516	0.00595	0.00476	0.00318	0.00238	0.00079	0.00397	0.00198	0.00159	0.00476
11	0.01376	0.00989	0.01047	0.00823	0.01104	0.04185	0.00673	0.60571	0.12268	0.11558	0.01025	0.00989	0.00723	0.00452	0.00371	0.00113	0.00393	0.00346	0.00375	0.00618
12	0.00539	0.00408	0.00500	0.00472	0.00574	0.00384	0.00355	0.00761	0.06816	0.01411	0.65085	0.02810	0.16945	0.00771	0.00434	0.00119	0.00186	0.00673	0.00396	0.00361
13	0.00859	0.11408	0.22727	0.00806	0.02370	0.03539	0.01990	0.08184	0.03214	0.04403	0.15445	0.02195	0.01110	0.02590	0.00474	0.00116	0.08821	0.00365	0.00250	0.09134
14	0.00539	0.00363	0.00419	0.00419	0.00424	0.00367	0.00242	0.00549	0.00544	0.00730	0.01157	0.02358	0.01319	0.80821	0.07981	0.00377	0.00406	0.00529	0.00223	0.00233
15	0.00554	0.00408	0.00539	0.00599	0.00688	0.00392	0.00504	0.00705	0.00861	0.01113	0.09202	0.08998	0.17251	0.00996	0.00491	0.00157	0.00292	0.55568	0.00348	0.00335
16	0.00908	0.00897	0.01115	0.00954	0.01005	0.09932	0.02745	0.01036	0.03747	0.04620	0.00598	0.00861	0.00544	0.00660	0.03416	0.00163	0.65859	0.00326	0.00188	0.00425
17	0.00997	0.18386	0.15295	0.01276	0.23871	0.14518	0.05550	0.04576	0.09872	0.01171	0.00735	0.00846	0.00588	0.00362	0.00339	0.00106	0.00480	0.00296	0.00204	0.00531
18	0.01609	0.00639	0.00860	0.00669	0.00948	0.00564	0.00554	0.04939	0.01080	0.77998	0.01464	0.01377	0.00961	0.00484	0.00379	0.00117	0.00321	0.03968	0.00451	0.00619
19	0.00457	0.00358	0.00411	0.00446	0.00525	0.00317	0.00319	0.00542	0.00789	0.00989	0.05071	0.34914	0.44685	0.04218	0.00509	0.00145	0.00211	0.04445	0.00342	0.00308
20	0.01118	0.03181	0.06074	0.07335	0.17369	0.00729	0.04782	0.04766	0.07982	0.29872	0.10281	0.01281	0.01059	0.00488	0.01910	0.00124	0.00383	0.00390	0.00324	0.00551
21	0.01127	0.20780	0.15853	0.00940	0.05056	0.05500	0.10944	0.09149	0.02717	0.20165	0.02388	0.02250	0.00705	0.00396	0.00347	0.00108	0.00442	0.00328	0.00265	0.00542

[dist]
# distance from previous block
# <min> <max>
0	1

[block]
# block no. 7 follows, 74 sequences, length 135
# corresponding to MSA columns:
# 786-920
name=unknown_H
#
# <colnr> <probs for GDERKNQSTAVLIFYWHMCP>
#	G	D	E	R	K	N	Q	S	T	A	V	L	I	F	Y	W	H	M	C	P
0	0.04481	0.03518	0.01235	0.01442	0.33646	0.44364	0.00867	0.04123	0.00972	0.01103	0.00629	0.00770	0.00523	0.00361	0.00342	0.00102	0.00550	0.00276	0.00195	0.00499
1	0.00916	0.00901	0.03024	0.02256	0.83131	0.00882	0.01143	0.01140	0.00844	0.01212	0.00698	0.00916	0.00586	0.00331	0.00367	0.00110	0.00443	0.00330	0.00183	0.00587
2	0.00900	0.00874	0.01439	0.14092	0.70796	0.03138	0.01113	0.01121	0.00836	0.01167	0.00689	0.00922	0.00572	0.00338	0.00367	0.00112	0.00455	0.00328	0.00181	0.00559
3	0.00445	0.00376	0.00385	0.00383	0.00505	0.00316	0.00287	0.00545	0.00861	0.01039	0.09839	0.03512	0.78388	0.00926	0.00439	0.00125	0.00187	0.00775	0.00350	0.00316
4	0.00452	0.00323	0.00431	0.00517	0.00538	0.00301	0.00345	0.00517	0.00711	0.00948	0.02046	0.86713	0.02455	0.01163	0.00474	0.00151	0.00215	0.01055	0.00345	0.00301
5	0.00511	0.00379	0.00477	0.00452	0.00546	0.00344	0.00339	0.00673	0.01018	0.01410	0.71412	0.02902	0.16583	0.00788	0.00438	0.00118	0.00177	0.00689	0.00398	0.00344
6	0.00744	0.01920	0.85032	0.01058	0.01607	0.00862	0.01371	0.01176	0.00784	0.01176	0.00666	0.00784	0.00470	0.00353	0.00353	0.00118	0.00549	0.00274	0.00157	0.00549
7	0.89577	0.00718	0.00546	0.00488	0.00718	0.00833	0.00402	0.01091	0.00632	0.01665	0.00517	0.00603	0.00402	0.00345	0.00230	0.00115	0.00287	0.00201	0.00230	0.00402
8	0.01665	0.00632	0.00861	0.00660	0.00948	0.00546	0.00546	0.01809	0.01062	0.84897	0.01464	0.01263	0.00919	0.00459	0.00373	0.00115	0.00316	0.00373	0.00459	0.00632
9	0.01387	0.01769	0.01052	0.00956	0.01148	0.85465	0.00717	0.01482	0.01052	0.00908	0.00574	0.00669	0.00478	0.00383	0.00335	0.00096	0.00669	0.00239	0.00191	0.00430
10	0.01665	0.00632	0.00861	0.00660	0.00948	0.00546	0.00546	0.01809	0.01062	0.84897	0.01464	0.01263	0.00919	0.00459	0.00373	0.00115	0.00316	0.00373	0.00459	0.00632
11	0.00452	0.00323	0.00431	0.00517	0.00538	0.00301	0.00345	0.00517	0.00711	0.00948	0.02046	0.86713	0.02455	0.01163	0.00474	0.00151	0.00215	0.01055	0.00345	0.00301
12	0.00598	0.00427	0.00598	0.00684	0.00769	0.00427	0.00598	0.00769	0.00854	0.01111	0.01965	0.04187	0.02136	0.01025	0.00513	0.00171	0.00342	0.82141	0.00342	0.00342
13	0.00452	0.00323	0.00431	0.00517	0.00538	0.00301	0.00345	0.00517	0.00711	0.00948	0.02046	0.86713	0.02455	0.01163	0.00474	0.00151	0.00215	0.01055	0.00345	0.00301
14	0.00992	0.87178	0.01945	0.00635	0.00953	0.01469	0.00635	0.01111	0.00754	0.00873	0.00516	0.00595	0.00476	0.00318	0.00238	0.00079	0.00397	0.00198	0.00159	0.00476
15	0.00441	0.00366	0.00386	0.00402	0.00508	0.00311	0.00294	0.00530	0.00821	0.00993	0.03445	0.18866	0.69399	0.00981	0.00445	0.00130	0.00193	0.00833	0.00345	0.00311
16	0.00992	0.87178	0.01945	0.00635	0.00953	0.01469	0.00635	0.01111	0.00754	0.00873	0.00516	0.00595	0.00476	0.00318	0.00238	0.00079	0.00397	0.00198	0.00159	0.00476
17	0.00539	0.00362	0.00413	0.00413	0.00416	0.00364	0.00236	0.00545	0.00542	0.00726	0.01162	0.02386	0.01331	0.83215	0.05604	0.00370	0.00388	0.00533	0.00224	0.00230
18	0.89577	0.00718	0.00546	0.00488	0.00718	0.00833	0.00402	0.01091	0.00632	0.01665	0.00517	0.00603	0.00402	0.00345	0.00230	0.00115	0.00287	0.00201	0.00230	0.00402
19	0.00923	0.00797	0.00839	0.00755	0.00965	0.00923	0.00588	0.01972	0.83969	0.01553	0.01511	0.01385	0.01133	0.00504	0.00378	0.00126	0.00294	0.00420	0.00378	0.00588
20	0.00530	0.00398	0.00597	0.00597	0.00663	0.00464	0.00464	0.00663	0.00597	0.00862	0.00994	0.01458	0.00928	0.02784	0.85484	0.00597	0.00994	0.00398	0.00199	0.00331
21	0.00770	0.00660	0.00770	0.00550	0.00880	0.00495	0.00440	0.00935	0.00770	0.01210	0.00660	0.00770	0.00550	0.00275	0.00275	0.00055	0.00275	0.00220	0.00220	0.89224
