[name]
unknown

[dist]
# distance from previous block
# <min> <max>
0	25

[block]
# block no. 0 follows, 73 sequences, length 163
# corresponding to MSA columns:
# 25-187
name=unknown_A
#
# <colnr> <probs for GDERKNQSTAVLIFYWHMCP>
#	G	D	E	R	K	N	Q	S	T	A	V	L	I	F	Y	W	H	M	C	P
0	0.00746	0.05504	0.62403	0.00984	0.01429	0.00824	0.03746	0.01102	0.00789	0.02271	0.00874	0.07651	0.00756	0.00511	0.01901	0.00133	0.02114	0.05562	0.00191	0.00512
1	0.02384	0.04738	0.15084	0.01031	0.04475	0.08466	0.18137	0.11242	0.15623	0.04753	0.05784	0.02381	0.03306	0.00443	0.00384	0.00118	0.00458	0.00393	0.00271	0.00528
2	0.00451	0.00386	0.00388	0.00386	0.00514	0.00325	0.00290	0.00560	0.01930	0.01028	0.04930	0.03570	0.82085	0.00942	0.00443	0.00127	0.00191	0.00785	0.00350	0.00321
3	0.01683	0.00638	0.00871	0.00668	0.00958	0.00551	0.00551	0.01828	0.01074	0.84734	0.01480	0.01277	0.00929	0.00464	0.00377	0.00116	0.00319	0.00377	0.00464	0.00638
4	0.00824	0.00787	0.01348	0.24183	0.50592	0.00824	0.05210	0.01047	0.00828	0.01141	0.02496	0.04179	0.04080	0.00408	0.00384	0.00118	0.00446	0.00391	0.00198	0.00517
5	0.01127	0.20639	0.10003	0.03507	0.10582	0.23585	0.07763	0.07714	0.04548	0.06067	0.00727	0.00821	0.00569	0.00371	0.00339	0.00104	0.00509	0.00289	0.00219	0.00516
6	0.05793	0.00674	0.00875	0.00674	0.00963	0.00612	0.00557	0.08077	0.01107	0.74469	0.01390	0.01217	0.00882	0.00458	0.00370	0.00116	0.00325	0.00366	0.00447	0.00628
7	0.00909	0.00921	0.01146	0.45989	0.08313	0.15645	0.00938	0.04677	0.00833	0.02157	0.00648	0.00909	0.00515	0.00424	0.00507	0.00125	0.14396	0.00317	0.00186	0.00445
8	0.03367	0.01822	0.02045	0.06941	0.15730	0.02500	0.03686	0.06668	0.03233	0.12553	0.06381	0.23350	0.03409	0.03756	0.00462	0.00136	0.00347	0.02847	0.00307	0.00461
9	0.05673	0.00657	0.00865	0.00666	0.00954	0.00586	0.00551	0.04671	0.01078	0.78041	0.01416	0.01233	0.00895	0.00459	0.00371	0.00116	0.00321	0.00368	0.00451	0.00628
10	0.35922	0.00698	0.00689	0.00580	0.00778	0.00757	0.00451	0.19537	0.00928	0.12882	0.00899	0.01219	0.00764	0.21603	0.00696	0.00176	0.00340	0.00341	0.00295	0.00446
11	0.05983	0.01299	0.00968	0.00852	0.01071	0.42662	0.00657	0.09750	0.23729	0.07941	0.00939	0.00941	0.00711	0.00431	0.00351	0.00109	0.00498	0.00310	0.00286	0.00513
12	0.00602	0.00481	0.00613	0.00577	0.02677	0.00458	0.03813	0.06293	0.04832	0.01360	0.39350	0.08162	0.27764	0.00787	0.00436	0.00123	0.00230	0.00686	0.00370	0.00382
13	0.00457	0.00326	0.00435	0.00522	0.00544	0.00305	0.00348	0.00522	0.00718	0.00958	0.02068	0.86570	0.02481	0.01175	0.00479	0.00152	0.00218	0.01067	0.00348	0.00305
14	0.00929	0.00891	0.01523	0.02303	0.84475	0.00891	0.01151	0.01151	0.00854	0.01226	0.00706	0.00929	0.00594	0.00334	0.00371	0.00111	0.00446	0.00334	0.00186	0.00594
15	0.00898	0.00772	0.00817	0.00738	0.00941	0.00885	0.00573	0.01885	0.77077	0.01552	0.06309	0.01533	0.03281	0.00534	0.00387	0.00127	0.00287	0.00448	0.00383	0.00573
16	0.00476	0.00348	0.00433	0.00487	0.00542	0.00314	0.00336	0.00557	0.00780	0.02201	0.08023	0.59717	0.22248	0.01083	0.00466	0.00143	0.00210	0.00964	0.00354	0.00316
17	0.01296	0.03727	0.01087	0.00826	0.01111	0.01106	0.00678	0.62209	0.17233	0.02125	0.00999	0.00981	0.00726	0.00451	0.00369	0.00112	0.00386	0.00346	0.00364	0.03869
18	0.02529	0.30245	0.01353	0.00844	0.01083	0.54046	0.00688	0.01375	0.00957	0.02932	0.00581	0.00665	0.00492	0.00366	0.00305	0.00092	0.00570	0.00231	0.00189	0.00455
19	0.02095	0.14701	0.59053	0.01034	0.05185	0.03224	0.02079	0.02513	0.01911	0.03896	0.00689	0.00792	0.00508	0.00357	0.00340	0.00112	0.00513	0.00274	0.00179	0.00544
20	0.02810	0.06545	0.22137	0.01316	0.12058	0.14496	0.26252	0.05087	0.00906	0.01192	0.00682	0.00849	0.00528	0.00358	0.00401	0.00115	0.03235	0.00328	0.00189	0.00517
21	0.00709	0.00667	0.01125	0.85913	0.02584	0.00834	0.01042	0.00959	0.00750	0.00959	0.00667	0.01000	0.00500	0.00375	0.00375	0.00125	0.00500	0.00333	0.00167	0.00417
22	0.01274	0.00953	0.01004	0.00795	0.01061	0.02174	0.00649	0.62895	0.11638	0.02125	0.01102	0.01095	0.03736	0.00474	0.00369	0.00113	0.00376	0.00364	0.07206	0.00596
23	0.05817	0.11626	0.07606	0.03041	0.06164	0.04895	0.13966	0.16919	0.04154	0.07621	0.02513	0.07138	0.02028	0.02011	0.00419	0.00121	0.02786	0.00396	0.00267	0.00512
24	0.01095	0.00510	0.00657	0.00566	0.00756	0.00447	0.00443	0.01231	0.02300	0.43969	0.07477	0.17593	0.19913	0.00723	0.00415	0.00125	0.00262	0.00617	0.00413	0.00486
25	0.00457	0.00326	0.00435	0.00522	0.00544	0.00305	0.00348	0.00522	0.00718	0.00958	0.02068	0.86570	0.02481	0.01175	0.00479	0.00152	0.00218	0.01067	0.00348	0.00305
26	0.00718	0.01823	0.04394	0.06639	0.10785	0.02067	0.14745	0.00926	0.03149	0.01034	0.03197	0.06863	0.02526	0.03287	0.25949	0.00277	0.10546	0.00441	0.00213	0.00423
27	0.00992	0.00912	0.05424	0.08483	0.51384	0.04702	0.03187	0.02290	0.01798	0.10873	0.00907	0.02978	0.02260	0.00401	0.00378	0.00116	0.00443	0.01684	0.00230	0.00559
28	0.00459	0.00382	0.00402	0.00399	0.00520	0.00324	0.00301	0.00567	0.00885	0.01086	0.15333	0.03506	0.71169	0.00925	0.00445	0.00126	0.00191	0.02299	0.00358	0.00323
29	0.00792	0.00791	0.02260	0.07350	0.06298	0.01044	0.00834	0.00905	0.00611	0.00928	0.00568	0.00900	0.00540	0.00808	0.08773	0.00197	0.65479	0.00335	0.00169	0.00417
30	0.01009	0.74778	0.04075	0.01889	0.03257	0.02575	0.02577	0.01146	0.00778	0.03087	0.00563	0.00652	0.00498	0.00332	0.00272	0.00086	0.01547	0.00220	0.00170	0.00489
31	0.30161	0.00776	0.05201	0.00655	0.00931	0.00734	0.00567	0.09643	0.00974	0.41470	0.02653	0.01015	0.00746	0.00430	0.00350	0.00117	0.02357	0.00316	0.00356	0.00547
32	0.00457	0.00326	0.00435	0.00522	0.00544	0.00305	0.00348	0.00522	0.00718	0.00958	0.02068	0.86570	0.02481	0.01175	0.00479	0.00152	0.00218	0.01067	0.00348	0.00305
33	0.00904	0.00795	0.02381	0.11067	0.48327	0.01848	0.04895	0.02557	0.00861	0.07944	0.00997	0.12863	0.01944	0.00476	0.00391	0.00120	0.00419	0.00448	0.00234	0.00529
34	0.01242	0.10820	0.14900	0.00945	0.09192	0.05064	0.04264	0.03713	0.01875	0.36915	0.02119	0.04426	0.00816	0.00442	0.00375	0.00114	0.01536	0.00362	0.00315	0.00566
35	0.04582	0.02219	0.01090	0.02194	0.06596	0.44247	0.01896	0.13421	0.02209	0.11216	0.00751	0.00823	0.00575	0.00418	0.00407	0.00109	0.06206	0.00289	0.00253	0.00500
36	0.01151	0.00790	0.01271	0.06664	0.51073	0.00774	0.00938	0.01360	0.01891	0.27772	0.02001	0.01072	0.00738	0.00385	0.00375	0.00114	0.00404	0.00353	0.00278	0.00595
37	0.04611	0.34124	0.11468	0.00802	0.02955	0.04198	0.01843	0.15120	0.05071	0.08411	0.00799	0.03452	0.00647	0.00445	0.01552	0.00112	0.03320	0.00301	0.00245	0.00524
38	0.01011	0.07495	0.16016	0.04440	0.08404	0.00847	0.06018	0.15657	0.07533	0.12775	0.04595	0.06024	0.05326	0.00487	0.00377	0.00117	0.00401	0.00413	0.00293	0.01770
39	0.00451	0.00380	0.00391	0.00388	0.00512	0.00320	0.00291	0.00554	0.00874	0.01057	0.10990	0.03538	0.77105	0.00934	0.00443	0.00126	0.00189	0.00782	0.00354	0.00320
40	0.00634	0.00746	0.13710	0.06541	0.17226	0.00581	0.04531	0.00812	0.00772	0.01059	0.01517	0.41482	0.06233	0.00776	0.00438	0.00135	0.01420	0.00702	0.00266	0.00418
41	0.00941	0.03758	0.37376	0.04708	0.19998	0.04254	0.05664	0.03540	0.02003	0.09902	0.03764	0.00967	0.00679	0.00381	0.00367	0.00115	0.00488	0.00326	0.00218	0.00553
42	0.01633	0.00665	0.00889	0.02029	0.00994	0.00599	0.00570	0.07659	0.01112	0.76290	0.01419	0.01248	0.00901	0.00495	0.01581	0.00123	0.00339	0.00374	0.00450	0.00631
43	0.01401	0.01788	0.01063	0.00967	0.01160	0.85309	0.00725	0.01498	0.01063	0.00918	0.00580	0.00677	0.00483	0.00387	0.00338	0.00097	0.00677	0.00242	0.00193	0.00435
44	0.02562	0.02635	0.12978	0.07811	0.42208	0.00831	0.11494	0.01092	0.00845	0.02320	0.05453	0.04429	0.02845	0.00412	0.00383	0.00117	0.00453	0.00394	0.00208	0.00528
45	0.00592	0.00515	0.04029	0.00755	0.10441	0.00444	0.02596	0.01747	0.01670	0.03533	0.10739	0.40545	0.19146	0.00896	0.00444	0.00135	0.00265	0.00800	0.00328	0.00378
46	0.01003	0.87041	0.01966	0.00642	0.00963	0.01485	0.00642	0.01123	0.00762	0.00883	0.00522	0.00602	0.00481	0.00321	0.00241	0.00080	0.00401	0.00201	0.00160	0.00481
47	0.00504	0.00360	0.00489	0.00576	0.00618	0.00345	0.00430	0.00604	0.00765	0.01010	0.02042	0.60367	0.02379	0.01131	0.00491	0.00159	0.00258	0.26807	0.00347	0.00318
48	0.00949	0.13295	0.34275	0.02307	0.12028	0.00937	0.15598	0.01276	0.03608	0.11033	0.00795	0.00902	0.00584	0.00360	0.00361	0.00114	0.00496	0.00321	0.00211	0.00550
49	0.01126	0.04500	0.11302	0.00901	0.04103	0.23453	0.05721	0.05546	0.05378	0.16630	0.07949	0.05998	0.02950	0.00494	0.00394	0.00114	0.02258	0.00397	0.00287	0.00500
50	0.01650	0.00667	0.00886	0.00680	0.00969	0.00596	0.00562	0.08098	0.01127	0.77383	0.02423	0.01266	0.00937	0.00467	0.00378	0.00116	0.00325	0.00378	0.00457	0.00635
51	0.00815	0.00967	0.18154	0.11101	0.21246	0.02257	0.06131	0.01111	0.06193	0.06154	0.06450	0.03302	0.12436	0.00497	0.00401	0.00121	0.01484	0.00437	0.00247	0.00498
52	0.01000	0.03605	0.28544	0.01367	0.24114	0.02321	0.09200	0.10502	0.05764	0.08721	0.00831	0.00934	0.00615	0.00375	0.00371	0.00116	0.00479	0.00331	0.00234	0.00576
53	0.05530	0.04094	0.01157	0.00959	0.03476	0.32056	0.10765	0.05903	0.13555	0.11130	0.01717	0.00952	0.00694	0.00421	0.00398	0.00112	0.04504	0.00325	0.01748	0.00504
54	0.18152	0.08611	0.01124	0.02389	0.07498	0.45530	0.03661	0.05071	0.00951	0.01162	0.00594	0.00707	0.00488	0.00376	0.00337	0.00104	0.02331	0.00253	0.00205	0.00457
55	0.00459	0.00330	0.00432	0.00512	0.00538	0.00307	0.00341	0.00524	0.00720	0.00953	0.02126	0.79655	0.06571	0.03947	0.00524	0.00158	0.00221	0.01036	0.00344	0.00303
56	0.01416	0.00921	0.01043	0.00821	0.02583	0.00970	0.00663	0.56791	0.02630	0.20426	0.02579	0.01020	0.00758	0.00449	0.00372	0.00111	0.00380	0.00348	0.00384	0.05336
57	0.01199	0.22440	0.02541	0.00792	0.01106	0.02983	0.04368	0.39640	0.02574	0.05338	0.00792	0.00832	0.00599	0.00387	0.00330	0.00097	0.00403	0.00292	0.00289	0.12998
58	0.01447	0.00994	0.01088	0.00837	0.01134	0.01082	0.00690	0.71258	0.03508	0.12621	0.00987	0.00959	0.00686	0.00453	0.00376	0.00113	0.00399	0.00345	0.00387	0.00637
59	0.00457	0.00326	0.00435	0.00522	0.00544	0.00305	0.00348	0.00522	0.00718	0.00958	0.02068	0.86570	0.02481	0.01175	0.00479	0.00152	0.00218	0.01067	0.00348	0.00305
60	0.00472	0.00378	0.00430	0.00433	0.00535	0.00338	0.00321	0.00583	0.00856	0.01089	0.19241	0.10898	0.51975	0.02130	0.08454	0.00175	0.00269	0.00755	0.00346	0.00324
61	0.02909	0.00911	0.01536	0.02195	0.76082	0.02358	0.06173	0.01159	0.00855	0.01229	0.00703	0.00922	0.00587	0.00334	0.00372	0.00112	0.00458	0.00336	0.00187	0.00582
62	0.00709	0.00667	0.01125	0.85913	0.02584	0.00834	0.01042	0.00959	0.00750	0.00959	0.00667	0.01000	0.00500	0.00375	0.00375	0.00125	0.00500	0.00333	0.00167	0.00417
63	0.00457	0.00326	0.00435	0.00522	0.00544	0.00305	0.00348	0.00522	0.00718	0.00958	0.02068	0.86570	0.02481	0.01175	0.00479	0.00152	0.00218	0.01067	0.00348	0.00305
64	0.01043	0.78510	0.01876	0.00674	0.00983	0.09873	0.00650	0.01161	0.00792	0.00886	0.00527	0.00609	0.00482	0.00328	0.00250	0.00082	0.00429	0.00205	0.00164	0.00477
65	0.00457	0.00326	0.00435	0.00522	0.00544	0.00305	0.00348	0.00522	0.00718	0.00958	0.02068	0.86570	0.02481	0.01175	0.00479	0.00152	0.00218	0.01067	0.00348	0.00305
66	0.01992	0.00719	0.02151	0.00634	0.00787	0.02718	0.00476	0.32673	0.03066	0.05898	0.01079	0.02753	0.01022	0.41141	0.01097	0.00232	0.00387	0.00444	0.00301	0.00430
67	0.02270	0.01020	0.01380	0.01887	0.59942	0.13675	0.02471	0.05804	0.03370	0.01254	0.00799	0.00968	0.02738	0.00369	0.00368	0.00110	0.00469	0.00335	0.00208	0.00561
68	0.51006	0.02574	0.00762	0.00634	0.00878	0.18010	0.00508	0.08289	0.00847	0.02698	0.00597	0.00677	0.00468	0.00358	0.00274	0.00104	0.00380	0.00227	0.00238	0.10471
69	0.22592	0.64185	0.01602	0.00613	0.00909	0.03095	0.00586	0.01126	0.00738	0.01079	0.00523	0.00605	0.00463	0.00329	0.00241	0.00089	0.00380	0.00202	0.00179	0.00462
70	0.00929	0.00891	0.01523	0.02303	0.84475	0.00891	0.01151	0.01151	0.00854	0.01226	0.00706	0.00929	0.00594	0.00334	0.00371	0.00111	0.00446	0.00334	0.00186	0.00594
71	0.00544	0.00371	0.00444	0.00444	0.00456	0.00382	0.00270	0.00568	0.00556	0.00753	0.01151	0.02280	0.01288	0.71843	0.16778	0.00406	0.00478	0.00520	0.00223	0.00247
72	0.00918	0.58084	0.30176	0.00787	0.01188	0.01276	0.00895	0.01145	0.00772	0.00987	0.00573	0.00667	0.00479	0.00333	0.00280	0.00093	0.00453	0.00227	0.00160	0.00506
73	0.02208	0.00730	0.00819	0.00693	0.00906	0.00782	0.00552	0.21408	0.29463	0.12986	0.19070	0.01677	0.04752	0.00566	0.00395	0.00121	0.00299	0.01636	0.00394	0.00543
74	0.00605	0.00432	0.00605	0.00691	0.00777	0.00432	0.00605	0.00777	0.00864	0.01123	0.01986	0.04232	0.02159	0.01036	0.00518	0.00173	0.00345	0.81949	0.00345	0.00345
75	0.00487	0.00330	0.00427	0.00501	0.00532	0.00311	0.00339	0.00567	0.00734	0.01021	0.03805	0.74921	0.02330	0.01082	0.00453	0.00144	0.00212	0.00976	0.10518	0.00311
76	0.00897	0.03220	0.03808	0.03037	0.06418	0.02149	0.62060	0.04216	0.00921	0.02329	0.04595	0.01125	0.02594	0.00362	0.00425	0.00123	0.00570	0.00435	0.00212	0.00504
77	0.89465	0.00726	0.00551	0.00493	0.00726	0.00842	0.00406	0.01103	0.00638	0.01683	0.00522	0.00609	0.00406	0.00348	0.00232	0.00116	0.00290	0.00203	0.00232	0.00406
78	0.00461	0.00381	0.00404	0.00398	0.00517	0.00324	0.00299	0.00572	0.00896	0.01111	0.19714	0.03451	0.68348	0.00914	0.00443	0.00125	0.00187	0.00769	0.00361	0.00324
79	0.00655	0.00565	0.02602	0.01065	0.24011	0.00523	0.03580	0.01913	0.00807	0.03101	0.04497	0.46357	0.07130	0.00837	0.00438	0.00135	0.00305	0.00766	0.00299	0.00413
80	0.00979	0.78946	0.09852	0.00683	0.01026	0.01426	0.00713	0.01130	0.00765	0.00912	0.00536	0.00620	0.00481	0.00324	0.00252	0.00084	0.00416	0.00208	0.00160	0.00488
81	0.00529	0.00383	0.00499	0.00470	0.00560	0.00353	0.00353	0.00705	0.01058	0.01496	0.82834	0.02817	0.04988	0.00770	0.00443	0.00118	0.00177	0.00681	0.00412	0.00353
82	0.01569	0.00649	0.00852	0.00660	0.00938	0.00578	0.00543	0.07701	0.01108	0.72228	0.01617	0.01430	0.07345	0.00501	0.00382	0.00117	0.00316	0.00406	0.00449	0.00614
83	0.02420	0.11034	0.10663	0.01943	0.05975	0.20104	0.04753	0.05257	0.02540	0.27306	0.00911	0.00932	0.00651	0.00408	0.00381	0.00110	0.03480	0.00310	0.00281	0.00541
84	0.00457	0.00326	0.00435	0.00522	0.00544	0.00305	0.00348	0.00522	0.00718	0.00958	0.02068	0.86570	0.02481	0.01175	0.00479	0.00152	0.00218	0.01067	0.00348	0.00305
85	0.00831	0.11142	0.47625	0.00956	0.01414	0.00870	0.09026	0.02153	0.00814	0.03357	0.00687	0.00803	0.00515	0.00337	0.00337	0.00103	0.00482	0.00277	0.00185	0.18086
86	0.01024	0.82544	0.01918	0.00659	0.00973	0.05906	0.00646	0.01143	0.00778	0.00885	0.00525	0.00606	0.00482	0.00324	0.00246	0.00081	0.00416	0.00203	0.00162	0.00479
87	0.00778	0.00667	0.00778	0.00556	0.00889	0.00500	0.00445	0.00945	0.00778	0.01223	0.00667	0.00778	0.00556	0.00278	0.00278	0.00056	0.00278	0.00222	0.00222	0.89108
88	0.00553	0.00403	0.00509	0.00496	0.00587	0.00381	0.00370	0.00757	0.05633	0.02498	0.58569	0.15128	0.09246	0.00828	0.00445	0.00125	0.00196	0.02517	0.00396	0.00361
89	0.79353	0.00848	0.00610	0.00548	0.00775	0.10541	0.00443	0.01148	0.00687	0.01595	0.00529	0.00617	0.00415	0.00353	0.00244	0.00114	0.00335	0.00208	0.00228	0.00410
90	0.00915	0.00903	0.02565	0.05244	0.74246	0.02342	0.03744	0.01141	0.00859	0.01216	0.02792	0.00975	0.00660	0.00347	0.00375	0.00112	0.00452	0.00344	0.00191	0.00576
91	0.00546	0.00417	0.00518	0.00498	0.00604	0.00392	0.02309	0.00748	0.06163	0.01290	0.38504	0.12271	0.24323	0.00823	0.00434	0.00125	0.00209	0.03554	0.05914	0.00357
92	0.00935	0.02840	0.01047	0.02125	0.19506	0.07610	0.03112	0.06667	0.36595	0.01375	0.01248	0.11422	0.01080	0.00536	0.00389	0.00123	0.00374	0.02175	0.00305	0.00537
93	0.00501	0.00359	0.00474	0.00550	0.00591	0.00343	0.00401	0.00590	0.00748	0.00984	0.02054	0.54931	0.06040	0.08087	0.00604	0.00174	0.00261	0.21662	0.00338	0.00309
94	0.01513	0.00654	0.00939	0.02876	0.08887	0.00585	0.01915	0.01670	0.01034	0.69105	0.03797	0.03293	0.00994	0.00473	0.00382	0.00117	0.00334	0.00398	0.00422	0.00611
95	0.00805	0.00745	0.01141	0.49139	0.18795	0.00868	0.00960	0.01239	0.20122	0.01155	0.00875	0.01079	0.00670	0.00398	0.00376	0.00123	0.00442	0.00355	0.00221	0.00494
96	0.00857	0.01259	0.29170	0.03145	0.34969	0.00898	0.19817	0.01192	0.02832	0.01211	0.00726	0.00915	0.00561	0.00342	0.00383	0.00118	0.00521	0.00342	0.00182	0.00558
97	0.00455	0.00336	0.00425	0.00496	0.00537	0.00307	0.00336	0.00525	0.00744	0.00968	0.02390	0.71123	0.17720	0.01133	0.00472	0.00148	0.00213	0.01015	0.00348	0.00307
98	0.01003	0.87041	0.01966	0.00642	0.00963	0.01485	0.00642	0.01123	0.00762	0.00883	0.00522	0.00602	0.00481	0.00321	0.00241	0.00080	0.00401	0.00201	0.00160	0.00481
99	0.00849	0.31066	0.54085	0.00929	0.01396	0.02245	0.02350	0.01170	0.00787	0.01080	0.00621	0.00729	0.00479	0.00344	0.00318	0.00105	0.00505	0.00253	0.00160	0.00527
100	0.62563	0.08429	0.00787	0.00610	0.00839	0.18326	0.00497	0.01184	0.00736	0.01447	0.00534	0.00625	0.00430	0.00358	0.00267	0.00110	0.01411	0.00212	0.00217	0.00419
101	0.00460	0.00328	0.00438	0.00525	0.00548	0.00307	0.00353	0.00527	0.00721	0.00961	0.02066	0.85106	0.02476	0.01173	0.00480	0.00153	0.00220	0.02505	0.00348	0.00305
102	0.01062	0.09038	0.11147	0.00848	0.01095	0.32499	0.00731	0.01532	0.28987	0.01190	0.02999	0.01154	0.02645	0.00460	0.00357	0.00112	0.00476	0.02904	0.00263	0.00500
103	0.00457	0.00326	0.00435	0.00522	0.00544	0.00305	0.00348	0.00522	0.00718	0.00958	0.02068	0.86570	0.02481	0.01175	0.00479	0.00152	0.00218	0.01067	0.00348	0.00305
104	0.00564	0.00466	0.02637	0.00638	0.00725	0.00505	0.02475	0.00727	0.02471	0.00905	0.01004	0.01461	0.00928	0.04713	0.75152	0.00551	0.01997	0.00403	0.01330	0.00348
105	0.00798	0.00811	0.01533	0.46296	0.14810	0.00879	0.27267	0.01065	0.00809	0.01077	0.00702	0.00993	0.00536	0.00350	0.00396	0.00123	0.00534	0.00368	0.00177	0.00472
106	0.00539	0.00412	0.00556	0.00612	0.07029	0.00383	0.00407	0.00692	0.00964	0.01335	0.54852	0.17485	0.11665	0.00825	0.00444	0.00124	0.00206	0.00732	0.00377	0.00360
107	0.00986	0.00815	0.00866	0.00766	0.00984	0.00934	0.00599	0.09044	0.73304	0.03594	0.01480	0.02778	0.01118	0.00514	0.00383	0.00126	0.00306	0.00426	0.00383	0.00594
108	0.01355	0.00581	0.00741	0.00594	0.00823	0.00531	0.00482	0.06868	0.01053	0.54093	0.07775	0.01398	0.01119	0.00481	0.00356	0.00110	0.00282	0.00392	0.20417	0.00551
109	0.00778	0.00667	0.00778	0.00556	0.00889	0.00500	0.00445	0.00945	0.00778	0.01223	0.00667	0.00778	0.00556	0.00278	0.00278	0.00056	0.00278	0.00222	0.00222	0.89108
110	0.00501	0.00379	0.00462	0.00449	0.00544	0.00340	0.00334	0.00646	0.00979	0.01325	0.55363	0.08625	0.26988	0.00848	0.00445	0.00123	0.00184	0.00737	0.00390	0.00340
111	0.89465	0.00726	0.00551	0.00493	0.00726	0.00842	0.00406	0.01103	0.00638	0.01683	0.00522	0.00609	0.00406	0.00348	0.00232	0.00116	0.00290	0.00203	0.00232	0.00406
112	0.00662	0.00455	0.00574	0.00517	0.00634	0.00437	0.00396	0.07155	0.02670	0.05498	0.72381	0.02557	0.03148	0.00723	0.00433	0.00118	0.00204	0.00633	0.00412	0.00394
113	0.00463	0.00334	0.00440	0.00523	0.00552	0.00311	0.00356	0.00534	0.00731	0.00967	0.02149	0.79067	0.06441	0.01159	0.00479	0.00152	0.00222	0.04467	0.00348	0.00307
114	0.00457	0.00326	0.00435	0.00522	0.00544	0.00305	0.00348	0.00522	0.00718	0.00958	0.02068	0.86570	0.02481	0.01175	0.00479	0.00152	0.00218	0.01067	0.00348	0.00305
115	0.00491	0.00382	0.00446	0.00430	0.00536	0.00337	0.00323	0.00631	0.00968	0.01282	0.47818	0.03169	0.40137	0.00850	0.00443	0.00122	0.00183	0.00730	0.00384	0.00337
116	0.00443	0.00380	0.00380	0.00380	0.00507	0.00317	0.00285	0.00538	0.00855	0.01014	0.03801	0.03611	0.84322	0.00950	0.00443	0.00127	0.00190	0.00792	0.00348	0.00317
117	0.00546	0.00364	0.00409	0.00409	0.00409	0.00364	0.00227	0.00546	0.00546	0.00727	0.01182	0.02455	0.01364	0.86815	0.01910	0.00364	0.00364	0.00546	0.00227	0.00227
118	0.00752	0.01941	0.84871	0.01069	0.01624	0.00871	0.01386	0.01188	0.00792	0.01188	0.00673	0.00792	0.00475	0.00356	0.00356	0.00119	0.00554	0.00277	0.00158	0.00554
119	0.01447	0.01017	0.01105	0.00847	0.01146	0.01113	0.00700	0.76496	0.01707	0.09173	0.00949	0.00932	0.00662	0.00452	0.00375	0.00113	0.00405	0.00341	0.00383	0.00638
120	0.00709	0.00667	0.01125	0.85913	0.02584	0.00834	0.01042	0.00959	0.00750	0.00959	0.00667	0.01000	0.00500	0.00375	0.00375	0.00125	0.00500	0.00333	0.00167	0.00417
121	0.00778	0.00667	0.00778	0.00556	0.00889	0.00500	0.00445	0.00945	0.00778	0.01223	0.00667	0.00778	0.00556	0.00278	0.00278	0.00056	0.00278	0.00222	0.00222	0.89108
122	0.00752	0.01941	0.84871	0.01069	0.01624	0.00871	0.01386	0.01188	0.00792	0.01188	0.00673	0.00792	0.00475	0.00356	0.00356	0.00119	0.00554	0.00277	0.00158	0.00554
123	0.00531	0.00383	0.00501	0.00472	0.00560	0.00354	0.00354	0.00708	0.01062	0.01504	0.84277	0.02802	0.03540	0.00767	0.00442	0.00118	0.00177	0.00678	0.00413	0.00354
124	0.00445	0.00380	0.00382	0.00382	0.00508	0.00317	0.00286	0.00542	0.00859	0.01023	0.05304	0.03596	0.82813	0.00947	0.00443	0.00127	0.00190	0.00790	0.00350	0.00317
125	0.01683	0.00638	0.00871	0.00668	0.00958	0.00551	0.00551	0.01828	0.01074	0.84734	0.01480	0.01277	0.00929	0.00464	0.00377	0.00116	0.00319	0.00377	0.00464	0.00638
126	0.01401	0.01788	0.01063	0.00967	0.01160	0.85309	0.00725	0.01498	0.01063	0.00918	0.00580	0.00677	0.00483	0.00387	0.00338	0.00097	0.00677	0.00242	0.00193	0.00435
127	0.00443	0.00380	0.00380	0.00380	0.00507	0.00317	0.00285	0.00538	0.00855	0.01014	0.03801	0.03611	0.84322	0.00950	0.00443	0.00127	0.00190	0.00792	0.00348	0.00317
128	0.03078	0.00793	0.00847	0.00743	0.00958	0.00899	0.00583	0.11143	0.63058	0.04693	0.07818	0.01428	0.01247	0.00517	0.00382	0.00124	0.00302	0.00427	0.00383	0.00578
129	0.01626	0.00731	0.00928	0.00711	0.01004	0.00689	0.00588	0.20076	0.01229	0.66268	0.01350	0.01193	0.00864	0.00461	0.00377	0.00115	0.00340	0.00368	0.00444	0.00638
130	0.00578	0.00414	0.00522	0.00603	0.00635	0.00377	0.00401	0.00613	0.00794	0.01070	0.02158	0.85243	0.02556	0.01237	0.00526	0.00173	0.00259	0.01091	0.00385	0.00367
131	0.01492	0.00651	0.00824	0.00645	0.00904	0.00605	0.00528	0.13089	0.01125	0.60018	0.01358	0.01243	0.00893	0.00458	0.00359	0.00111	0.00310	0.00367	0.14426	0.00593
132	0.00447	0.00376	0.00388	0.00395	0.00511	0.00317	0.00292	0.00542	0.00850	0.01023	0.05973	0.10474	0.75204	0.00964	0.00446	0.00129	0.00192	0.00811	0.00350	0.00317
133	0.00929	0.00891	0.01523	0.02303	0.84475	0.00891	0.01151	0.01151	0.00854	0.01226	0.00706	0.00929	0.00594	0.00334	0.00371	0.00111	0.00446	0.00334	0.00186	0.00594
134	0.01426	0.01051	0.01126	0.00863	0.01163	0.01163	0.00713	0.83224	0.01764	0.02364	0.00901	0.00901	0.00638	0.00450	0.00375	0.00113	0.00413	0.00338	0.00375	0.00638
135	0.89465	0.00726	0.00551	0.00493	0.00726	0.00842	0.00406	0.01103	0.00638	0.01683	0.00522	0.00609	0.00406	0.00348	0.00232	0.00116	0.00290	0.00203	0.00232	0.00406
136	0.01401	0.01788	0.01063	0.00967	0.01160	0.85309	0.00725	0.01498	0.01063	0.00918	0.00580	0.00677	0.00483	0.00387	0.00338	0.00097	0.00677	0.00242	0.00193	0.00435
137	0.01560	0.00683	0.00872	0.00677	0.00952	0.00637	0.00556	0.13742	0.03099	0.64910	0.01378	0.01233	0.00893	0.00461	0.00369	0.00114	0.00323	0.00371	0.06552	0.00617
138	0.19987	0.00634	0.00764	0.00607	0.00869	0.00597	0.00499	0.01603	0.00961	0.60913	0.01260	0.01147	0.00822	0.00438	0.00338	0.00114	0.00302	0.00339	0.07242	0.00568
139	0.00443	0.00380	0.00380	0.00380	0.00507	0.00317	0.00285	0.00538	0.00855	0.01014	0.03801	0.03611	0.84322	0.00950	0.00443	0.00127	0.00190	0.00792	0.00348	0.00317
140	0.00457	0.00326	0.00435	0.00522	0.00544	0.00305	0.00348	0.00522	0.00718	0.00958	0.02068	0.86570	0.02481	0.01175	0.00479	0.00152	0.00218	0.01067	0.00348	0.00305
141	0.00929	0.00891	0.01523	0.02303	0.84475	0.00891	0.01151	0.01151	0.00854	0.01226	0.00706	0.00929	0.00594	0.00334	0.00371	0.00111	0.00446	0.00334	0.00186	0.00594
142	0.89465	0.00726	0.00551	0.00493	0.00726	0.00842	0.00406	0.01103	0.00638	0.01683	0.00522	0.00609	0.00406	0.00348	0.00232	0.00116	0.00290	0.00203	0.00232	0.00406
143	0.89465	0.00726	0.00551	0.00493	0.00726	0.00842	0.00406	0.01103	0.00638	0.01683	0.00522	0.00609	0.00406	0.00348	0.00232	0.00116	0.00290	0.00203	0.00232	0.00406
144	0.00925	0.00887	0.01516	0.03815	0.82993	0.00890	0.01149	0.01148	0.00852	0.01221	0.00705	0.00930	0.00593	0.00335	0.00371	0.00112	0.00447	0.00334	0.00185	0.00591
145	0.00752	0.01941	0.84871	0.01069	0.01624	0.00871	0.01386	0.01188	0.00792	0.01188	0.00673	0.00792	0.00475	0.00356	0.00356	0.00119	0.00554	0.00277	0.00158	0.00554
146	0.01426	0.01051	0.01126	0.00863	0.01163	0.01163	0.00713	0.83224	0.01764	0.02364	0.00901	0.00901	0.00638	0.00450	0.00375	0.00113	0.00413	0.00338	0.00375	0.00638
147	0.00536	0.00397	0.00516	0.00520	0.00594	0.00397	0.00382	0.02608	0.02690	0.01162	0.29253	0.23925	0.10046	0.04757	0.20193	0.00250	0.00396	0.00705	0.00332	0.00341
148	0.01121	0.01365	0.04973	0.01098	0.01303	0.41314	0.18573	0.01278	0.00894	0.02441	0.00623	0.00808	0.00517	0.00465	0.01634	0.00126	0.20515	0.00311	0.00189	0.00452
149	0.00973	0.00826	0.00871	0.00772	0.00991	0.00952	0.00604	0.08600	0.77125	0.01634	0.01476	0.01359	0.01104	0.00504	0.00381	0.00126	0.00306	0.00417	0.00381	0.00597
150	0.00546	0.00364	0.00409	0.00409	0.00409	0.00364	0.00227	0.00546	0.00546	0.00727	0.01182	0.02455	0.01364	0.86815	0.01910	0.00364	0.00364	0.00546	0.00227	0.00227
151	0.00842	0.00802	0.01332	0.34326	0.40131	0.00876	0.05022	0.01168	0.09545	0.01158	0.00780	0.01010	0.00615	0.00368	0.00377	0.00119	0.00460	0.00349	0.00199	0.00522
152	0.01010	0.01059	0.31123	0.00754	0.01092	0.00636	0.00796	0.05062	0.00967	0.28211	0.10166	0.01628	0.14791	0.00536	0.00387	0.00119	0.00372	0.00439	0.00325	0.00525
153	0.00560	0.00413	0.00545	0.00612	0.00702	0.00398	0.00517	0.00709	0.00855	0.01094	0.03445	0.09621	0.19346	0.01024	0.00499	0.00161	0.00302	0.58512	0.00347	0.00337
154	0.01544	0.00861	0.01009	0.00773	0.01069	0.00882	0.00639	0.45842	0.01447	0.40193	0.01167	0.01074	0.00772	0.00457	0.00376	0.00114	0.00370	0.00356	0.00416	0.00638
155	0.02215	0.21695	0.14065	0.15026	0.20999	0.05349	0.02406	0.06369	0.02077	0.05405	0.00706	0.00848	0.00553	0.00360	0.00337	0.00107	0.00463	0.00293	0.00203	0.00525
156	0.00547	0.00394	0.00453	0.00438	0.00556	0.00343	0.00330	0.00670	0.00926	0.06108	0.28834	0.07800	0.48353	0.00878	0.00442	0.00125	0.00197	0.01882	0.00375	0.00347
157	0.00476	0.00381	0.00426	0.00415	0.00527	0.00331	0.00311	0.00602	0.00933	0.01198	0.34116	0.03306	0.53891	0.00881	0.00443	0.00123	0.00185	0.00749	0.00373	0.00331
158	0.01313	0.05348	0.01114	0.02965	0.02173	0.66133	0.02212	0.05028	0.08280	0.01046	0.00681	0.00763	0.00551	0.00395	0.00343	0.00101	0.00612	0.00267	0.00215	0.00462
159	0.05730	0.12533	0.15952	0.06015	0.08342	0.05058	0.10090	0.12392	0.13166	0.04637	0.00860	0.02128	0.00661	0.00398	0.00354	0.00114	0.00451	0.00333	0.00247	0.00538
160	0.00919	0.00619	0.00711	0.00628	0.00812	0.00648	0.00490	0.01483	0.38343	0.16519	0.23584	0.01910	0.07788	0.00599	0.00398	0.00122	0.00258	0.00507	0.03152	0.00511
161	0.00455	0.00349	0.00418	0.00468	0.00531	0.00311	0.00325	0.00536	0.00783	0.01001	0.06117	0.52607	0.32600	0.01076	0.00464	0.00142	0.00206	0.00949	0.00351	0.00311
162	0.01167	0.07246	0.15759	0.00957	0.05786	0.02123	0.08937	0.20453	0.06323	0.20470	0.04008	0.01127	0.03050	0.00436	0.00373	0.00115	0.00421	0.00365	0.00312	0.00572

[dist]
# distance from previous block
# <min> <max>
0	4

[block]
# block no. 1 follows, 73 sequences, length 67
# corresponding to MSA columns:
# 192-258
name=unknown_B
#
# <colnr> <probs for GDERKNQSTAVLIFYWHMCP>
#	G	D	E	R	K	N	Q	S	T	A	V	L	I	F	Y	W	H	M	C	P
0	0.00929	0.05730	0.25918	0.02305	0.21094	0.02691	0.04419	0.06200	0.13675	0.05503	0.01877	0.01075	0.03784	0.00417	0.00391	0.00117	0.02728	0.00350	0.00240	0.00554
1	0.00968	0.00791	0.00847	0.00749	0.00955	0.00900	0.00586	0.15581	0.59430	0.01636	0.01434	0.05678	0.01140	0.01889	0.01964	0.00138	0.00324	0.01895	0.02529	0.00566
2	0.30025	0.09484	0.04745	0.02763	0.17625	0.04961	0.03595	0.06193	0.00833	0.08257	0.00681	0.00795	0.00531	0.00382	0.00375	0.00114	0.06633	0.00277	0.00231	0.01502
3	0.00509	0.00382	0.00469	0.00447	0.00544	0.00345	0.00334	0.00662	0.01000	0.01366	0.62304	0.03002	0.24071	0.02348	0.00469	0.00125	0.00184	0.00705	0.00393	0.00342
4	0.00778	0.00667	0.00778	0.00556	0.00889	0.00500	0.00445	0.00945	0.00778	0.01223	0.00667	0.00778	0.00556	0.00278	0.00278	0.00056	0.00278	0.00222	0.00222	0.89108
5	0.05623	0.03856	0.06224	0.02879	0.15732	0.02274	0.01653	0.09438	0.04395	0.14748	0.17906	0.04108	0.01390	0.00529	0.00384	0.00117	0.00349	0.05051	0.00318	0.03025
6	0.25247	0.15301	0.02608	0.00823	0.06405	0.22704	0.00638	0.06908	0.00895	0.06575	0.00669	0.01831	0.00541	0.00388	0.00331	0.00105	0.03439	0.00260	0.01198	0.03132
7	0.06057	0.00744	0.00900	0.00701	0.00975	0.00731	0.00576	0.25617	0.01253	0.49709	0.07757	0.01252	0.01021	0.00478	0.00374	0.00115	0.00334	0.00380	0.00422	0.00604
8	0.00476	0.00379	0.00427	0.00419	0.00528	0.00330	0.00313	0.00600	0.00925	0.01190	0.33073	0.06711	0.51518	0.00893	0.00445	0.00125	0.00186	0.00762	0.00372	0.00330
9	0.00884	0.01002	0.02171	0.03113	0.04801	0.00945	0.78835	0.01196	0.00882	0.01198	0.00756	0.01009	0.00569	0.00318	0.00439	0.00126	0.00624	0.00437	0.00189	0.00507
10	0.00457	0.00326	0.00435	0.00522	0.00544	0.00305	0.00348	0.00522	0.00718	0.00958	0.02068	0.86570	0.02481	0.01175	0.00479	0.00152	0.00218	0.01067	0.00348	0.00305
11	0.00459	0.00381	0.00402	0.00397	0.00516	0.00323	0.00297	0.00569	0.00892	0.01102	0.18288	0.03465	0.69780	0.00917	0.00443	0.00125	0.00188	0.00771	0.00360	0.00323
12	0.01033	0.01396	0.41054	0.01045	0.01472	0.02364	0.14930	0.10627	0.05264	0.15798	0.00896	0.00955	0.00623	0.00387	0.00378	0.00119	0.00500	0.00336	0.00253	0.00570
13	0.01098	0.00888	0.00941	0.00797	0.01038	0.01010	0.00634	0.29076	0.56447	0.01834	0.01318	0.01233	0.00976	0.00489	0.00380	0.00122	0.00336	0.00395	0.00380	0.00609
14	0.00709	0.00667	0.01125	0.85913	0.02584	0.00834	0.01042	0.00959	0.00750	0.00959	0.00667	0.01000	0.00500	0.00375	0.00375	0.00125	0.00500	0.00333	0.00167	0.00417
15	0.07425	0.13448	0.38040	0.01050	0.01473	0.03655	0.19241	0.06016	0.00873	0.04375	0.00701	0.00822	0.00519	0.00352	0.00352	0.00114	0.00518	0.00304	0.00196	0.00527
16	0.00916	0.54299	0.29048	0.00865	0.04613	0.01251	0.02250	0.01147	0.00778	0.01002	0.00583	0.00684	0.00485	0.00333	0.00287	0.00095	0.00457	0.00235	0.00161	0.00510
17	0.00524	0.00383	0.00491	0.00464	0.00556	0.00351	0.00348	0.00694	0.01044	0.01463	0.77457	0.02871	0.10386	0.00783	0.00443	0.00119	0.00178	0.00688	0.00408	0.00351
18	0.12527	0.01029	0.00973	0.00782	0.01052	0.16029	0.00632	0.35980	0.01308	0.24597	0.00955	0.00927	0.00661	0.00430	0.00351	0.00111	0.00419	0.00315	0.00349	0.00573
19	0.03818	0.58547	0.08899	0.00770	0.01099	0.04136	0.06092	0.07451	0.00859	0.02863	0.00601	0.00689	0.00506	0.00346	0.00298	0.00093	0.02004	0.00241	0.00189	0.00499
20	0.00457	0.00326	0.00435	0.00522	0.00544	0.00305	0.00348	0.00522	0.00718	0.00958	0.02068	0.86570	0.02481	0.01175	0.00479	0.00152	0.00218	0.01067	0.00348	0.00305
21	0.00457	0.00326	0.00435	0.00522	0.00544	0.00305	0.00348	0.00522	0.00718	0.00958	0.02068	0.86570	0.02481	0.01175	0.00479	0.00152	0.00218	0.01067	0.00348	0.00305
22	0.02949	0.19385	0.02316	0.01028	0.09605	0.11784	0.11520	0.16958	0.01043	0.11068	0.00826	0.03832	0.00661	0.00417	0.00385	0.00109	0.03962	0.00336	0.01289	0.00527
23	0.00855	0.00962	0.03618	0.01458	0.01808	0.00886	0.72294	0.01158	0.00878	0.01204	0.00863	0.01252	0.00696	0.00373	0.00439	0.00128	0.00592	0.06216	0.03830	0.00489
24	0.00989	0.81802	0.01890	0.00643	0.00954	0.01438	0.00633	0.01146	0.03880	0.00923	0.02500	0.00683	0.00577	0.00338	0.00251	0.00083	0.00392	0.00220	0.00175	0.00483
25	0.06671	0.14266	0.16356	0.03282	0.33700	0.00926	0.07066	0.02139	0.00819	0.02878	0.00794	0.07988	0.00704	0.00411	0.00354	0.00113	0.00441	0.00365	0.00201	0.00524
26	0.00530	0.00396	0.00579	0.00582	0.00646	0.00452	0.00446	0.00653	0.00615	0.00873	0.01162	0.05142	0.04146	0.06583	0.74735	0.00555	0.00912	0.00451	0.00214	0.00328
27	0.00445	0.00380	0.00382	0.00382	0.00508	0.00317	0.00286	0.00541	0.00859	0.01022	0.05216	0.03596	0.82902	0.00947	0.00443	0.00127	0.00190	0.00790	0.00350	0.00317
28	0.01003	0.87041	0.01966	0.00642	0.00963	0.01485	0.00642	0.01123	0.00762	0.00883	0.00522	0.00602	0.00481	0.00321	0.00241	0.00080	0.00401	0.00201	0.00160	0.00481
29	0.00463	0.00331	0.00442	0.00529	0.00554	0.00310	0.00359	0.00533	0.00724	0.00964	0.02064	0.83201	0.02468	0.01170	0.00480	0.00153	0.00223	0.04377	0.00348	0.00306
30	0.00529	0.00383	0.00499	0.00470	0.00560	0.00353	0.00353	0.00705	0.01058	0.01495	0.82794	0.02817	0.05028	0.00770	0.00443	0.00118	0.00177	0.00681	0.00412	0.00353
31	0.00477	0.00381	0.00426	0.00415	0.00527	0.00331	0.00311	0.00603	0.00934	0.01201	0.34481	0.03303	0.53525	0.00880	0.00443	0.00123	0.00185	0.00749	0.00373	0.00331
32	0.00778	0.00667	0.00778	0.00556	0.00889	0.00500	0.00445	0.00945	0.00778	0.01223	0.00667	0.00778	0.00556	0.00278	0.00278	0.00056	0.00278	0.00222	0.00222	0.89108
33	0.00709	0.00667	0.01125	0.85913	0.02584	0.00834	0.01042	0.00959	0.00750	0.00959	0.00667	0.01000	0.00500	0.00375	0.00375	0.00125	0.00500	0.00333	0.00167	0.00417
34	0.89465	0.00726	0.00551	0.00493	0.00726	0.00842	0.00406	0.01103	0.00638	0.01683	0.00522	0.00609	0.00406	0.00348	0.00232	0.00116	0.00290	0.00203	0.00232	0.00406
35	0.05979	0.01034	0.01096	0.00844	0.01141	0.01147	0.00697	0.78977	0.01706	0.02329	0.00881	0.00886	0.00626	0.00445	0.00368	0.00113	0.00407	0.00331	0.00368	0.00626
36	0.01401	0.01788	0.01063	0.00967	0.01160	0.85309	0.00725	0.01498	0.01063	0.00918	0.00580	0.00677	0.00483	0.00387	0.00338	0.00097	0.00677	0.00242	0.00193	0.00435
37	0.01288	0.08482	0.27179	0.00870	0.04314	0.00770	0.01894	0.04391	0.00973	0.44443	0.01088	0.01038	0.00722	0.00411	0.00360	0.00114	0.00412	0.00329	0.00326	0.00595
38	0.00457	0.00326	0.00435	0.00522	0.00544	0.00305	0.00348	0.00522	0.00718	0.00958	0.02068	0.86570	0.02481	0.01175	0.00479	0.00152	0.00218	0.01067	0.00348	0.00305
39	0.00531	0.00383	0.00501	0.00472	0.00560	0.00354	0.00354	0.00708	0.01062	0.01504	0.84277	0.02802	0.03540	0.00767	0.00442	0.00118	0.00177	0.00678	0.00413	0.00354
40	0.00793	0.00740	0.01230	0.60665	0.24139	0.00861	0.01058	0.04091	0.00816	0.01082	0.00686	0.00978	0.00530	0.00367	0.00374	0.00121	0.00482	0.00334	0.00180	0.00472
41	0.01131	0.04540	0.01304	0.07109	0.04818	0.43463	0.17366	0.04626	0.00962	0.01035	0.00686	0.00923	0.00581	0.06417	0.01871	0.00133	0.02068	0.00320	0.00199	0.00448
42	0.00448	0.00380	0.00386	0.00385	0.00510	0.00319	0.00289	0.00547	0.00866	0.01039	0.07962	0.03569	0.80145	0.00941	0.00443	0.00126	0.00189	0.00786	0.00352	0.00319
43	0.00919	0.00887	0.01537	0.02228	0.78268	0.00884	0.05377	0.01145	0.00856	0.01222	0.00738	0.01009	0.00629	0.00350	0.00379	0.00114	0.00453	0.02231	0.00190	0.00584
44	0.01245	0.19218	0.09692	0.05287	0.01227	0.18898	0.00775	0.30758	0.01209	0.07144	0.00758	0.00811	0.00569	0.00397	0.00338	0.00104	0.00479	0.00285	0.00265	0.00543
45	0.01385	0.01488	0.01073	0.00921	0.01151	0.52464	0.00714	0.29140	0.05625	0.01441	0.00738	0.00790	0.00570	0.00415	0.00353	0.00104	0.00568	0.00284	0.00265	0.00512
46	0.00933	0.00806	0.00848	0.00764	0.00976	0.00933	0.00594	0.01994	0.83797	0.01569	0.01527	0.01400	0.01145	0.00509	0.00382	0.00127	0.00297	0.00424	0.00382	0.00594
47	0.00915	0.00874	0.01471	0.07310	0.76092	0.00890	0.01122	0.01174	0.04242	0.01224	0.00737	0.00952	0.00611	0.00344	0.00372	0.00113	0.00443	0.00338	0.00193	0.00583
48	0.00443	0.00380	0.00380	0.00380	0.00507	0.00317	0.00285	0.00538	0.00855	0.01014	0.03801	0.03611	0.84322	0.00950	0.00443	0.00127	0.00190	0.00792	0.00348	0.00317
49	0.00825	0.00665	0.00783	0.00561	0.00893	0.00503	0.00450	0.00990	0.00793	0.05541	0.00709	0.00804	0.00575	0.00287	0.00283	0.00059	0.00280	0.00230	0.00235	0.84533
50	0.00531	0.00383	0.00501	0.00472	0.00560	0.00354	0.00354	0.00708	0.01062	0.01504	0.84277	0.02802	0.03540	0.00767	0.00442	0.00118	0.00177	0.00678	0.00413	0.00354
51	0.00464	0.00331	0.00443	0.00530	0.00555	0.00311	0.00360	0.00534	0.00725	0.00966	0.02064	0.82674	0.02466	0.01169	0.00481	0.00153	0.00224	0.04894	0.00348	0.00307
52	0.89465	0.00726	0.00551	0.00493	0.00726	0.00842	0.00406	0.01103	0.00638	0.01683	0.00522	0.00609	0.00406	0.00348	0.00232	0.00116	0.00290	0.00203	0.00232	0.00406
53	0.00821	0.00821	0.01149	0.00985	0.00985	0.01149	0.00821	0.00903	0.00575	0.00903	0.00492	0.00821	0.00492	0.00657	0.01231	0.00164	0.86128	0.00328	0.00164	0.00410
54	0.01683	0.00638	0.00871	0.00668	0.00958	0.00551	0.00551	0.01828	0.01074	0.84734	0.01480	0.01277	0.00929	0.00464	0.00377	0.00116	0.00319	0.00377	0.00464	0.00638
55	0.01003	0.87041	0.01966	0.00642	0.00963	0.01485	0.00642	0.01123	0.00762	0.00883	0.00522	0.00602	0.00481	0.00321	0.00241	0.00080	0.00401	0.00201	0.00160	0.00481
56	0.89465	0.00726	0.00551	0.00493	0.00726	0.00842	0.00406	0.01103	0.00638	0.01683	0.00522	0.00609	0.00406	0.00348	0.00232	0.00116	0.00290	0.00203	0.00232	0.00406
57	0.00443	0.00380	0.00380	0.00380	0.00507	0.00317	0.00285	0.00538	0.00855	0.01014	0.03801	0.03611	0.84322	0.00950	0.00443	0.00127	0.00190	0.00792	0.00348	0.00317
58	0.00699	0.00350	0.00350	0.00350	0.00437	0.00350	0.00262	0.00874	0.00787	0.01399	0.01224	0.01399	0.00962	0.00437	0.00262	0.00087	0.00175	0.00350	0.88898	0.00350
59	0.01425	0.01031	0.01111	0.00854	0.01152	0.01137	0.00705	0.78660	0.03406	0.05296	0.00934	0.00924	0.00659	0.00452	0.00376	0.00113	0.00407	0.00341	0.00379	0.00637
60	0.00501	0.00390	0.00414	0.00403	0.00531	0.00330	0.00304	0.00609	0.00891	0.04215	0.14350	0.03416	0.70521	0.00908	0.00441	0.00125	0.00193	0.00761	0.00361	0.00334
61	0.00537	0.00397	0.00579	0.00579	0.00638	0.00456	0.00440	0.00655	0.00596	0.00853	0.01027	0.01594	0.00990	0.13053	0.75159	0.00574	0.00927	0.00419	0.00204	0.00322
62	0.00655	0.00402	0.00516	0.00500	0.00603	0.00363	0.00372	0.00786	0.00937	0.12282	0.37744	0.24772	0.14419	0.00862	0.00443	0.00129	0.00211	0.02206	0.01425	0.00373
63	0.01029	0.74661	0.01836	0.05077	0.01062	0.08008	0.00668	0.01154	0.00790	0.02084	0.00547	0.00638	0.00489	0.00331	0.00257	0.00084	0.00427	0.00213	0.00168	0.00477
64	0.00997	0.04277	0.28173	0.03755	0.24196	0.05587	0.06710	0.05616	0.00910	0.11452	0.00843	0.00967	0.01955	0.01346	0.00396	0.00118	0.01594	0.00329	0.00223	0.00554
65	0.00943	0.36323	0.18815	0.00854	0.06302	0.04696	0.00794	0.04869	0.00810	0.04739	0.00707	0.00937	0.00619	0.09402	0.02843	0.00142	0.05239	0.00289	0.00195	0.00482
66	0.01454	0.00600	0.00795	0.00633	0.00873	0.00534	0.00506	0.04522	0.01017	0.66078	0.01510	0.06908	0.02627	0.09496	0.00544	0.00144	0.00318	0.00445	0.00427	0.00568

[dist]
# distance from previous block
# <min> <max>
0	2

[block]
# block no. 2 follows, 73 sequences, length 34
# corresponding to MSA columns:
# 261-294
name=unknown_C
#
# <colnr> <probs for GDERKNQSTAVLIFYWHMCP>
#	G	D	E	R	K	N	Q	S	T	A	V	L	I	F	Y	W	H	M	C	P
0	0.01074	0.60011	0.01730	0.00804	0.04765	0.11861	0.03633	0.04854	0.03118	0.03111	0.00620	0.00703	0.00532	0.00375	0.01341	0.00095	0.00449	0.00240	0.00190	0.00494
1	0.00569	0.00390	0.00490	0.00509	0.00596	0.00348	0.00365	0.00664	0.00799	0.06240	0.09111	0.47772	0.16503	0.03271	0.00488	0.00142	0.00230	0.04298	0.00348	0.06865
2	0.02632	0.13984	0.40509	0.00980	0.05875	0.05242	0.03928	0.03658	0.03826	0.08408	0.05154	0.00998	0.02404	0.00401	0.00350	0.00112	0.00469	0.00319	0.00222	0.00531
3	0.00843	0.00803	0.02415	0.01741	0.51985	0.01911	0.07386	0.02334	0.00878	0.01211	0.02456	0.01771	0.04086	0.00517	0.00412	0.00126	0.00429	0.17945	0.00233	0.00518
4	0.02876	0.00676	0.00883	0.00682	0.00967	0.00615	0.00562	0.09248	0.02587	0.73285	0.02680	0.01259	0.00938	0.00467	0.00376	0.00116	0.00325	0.00377	0.00451	0.00630
5	0.00985	0.00821	0.03372	0.01621	0.50019	0.00799	0.00903	0.06153	0.07756	0.09985	0.05174	0.01195	0.03141	0.00415	0.00371	0.00113	0.00384	0.00376	0.05853	0.00565
6	0.00814	0.02843	0.03548	0.51925	0.28252	0.02059	0.01064	0.03110	0.00814	0.01082	0.00680	0.00956	0.00532	0.00363	0.00370	0.00119	0.00482	0.00328	0.00178	0.00484
7	0.00454	0.00380	0.00395	0.00391	0.00513	0.00321	0.00293	0.00559	0.00880	0.01073	0.13574	0.03512	0.74512	0.00928	0.00443	0.00126	0.00188	0.00778	0.00356	0.00321
8	0.00676	0.00494	0.00570	0.00531	0.00665	0.00485	0.00403	0.04157	0.15690	0.06390	0.31537	0.10596	0.24784	0.00779	0.00429	0.00125	0.00224	0.00670	0.00385	0.00410
9	0.00494	0.00367	0.00456	0.00465	0.00539	0.00335	0.00334	0.00615	0.00895	0.01210	0.40381	0.25426	0.19719	0.05145	0.01766	0.00148	0.00212	0.00795	0.00370	0.00327
