[name]
unknown

[dist]
# distance from previous block
# <min> <max>
0	71

[block]
# block no. 0 follows, 68 sequences, length 22
# corresponding to MSA columns:
# 79-100
name=unknown_A
#
# <colnr> <probs for GDERKNQSTAVLIFYWHMCP>
#	G	D	E	R	K	N	Q	S	T	A	V	L	I	F	Y	W	H	M	C	P
0	0.03710	0.03773	0.03250	0.14385	0.14945	0.04631	0.09910	0.13688	0.05261	0.03166	0.02143	0.01279	0.00807	0.03322	0.01700	0.00139	0.02216	0.05108	0.00259	0.06309
1	0.00995	0.01091	0.00815	0.00755	0.00921	0.35393	0.00573	0.01275	0.13486	0.01244	0.20692	0.01998	0.14993	0.00644	0.00415	0.00120	0.00434	0.03392	0.00321	0.00441
2	0.00902	0.00998	0.02142	0.05421	0.01982	0.00946	0.71895	0.01208	0.00922	0.01251	0.04408	0.01157	0.00739	0.00396	0.00504	0.03314	0.00629	0.00469	0.00209	0.00510
3	0.00572	0.00387	0.00442	0.00442	0.00450	0.00388	0.00255	0.00583	0.00592	0.00787	0.01341	0.02587	0.04401	0.78787	0.06116	0.00388	0.00412	0.00578	0.00243	0.00249
4	0.00749	0.00705	0.01189	0.85113	0.02731	0.00881	0.01101	0.01013	0.00793	0.01013	0.00705	0.01057	0.00529	0.00396	0.00396	0.00132	0.00529	0.00352	0.00176	0.00440
5	0.00476	0.00402	0.00412	0.00409	0.00540	0.00338	0.00307	0.00583	0.00921	0.01112	0.10291	0.03748	0.77132	0.00989	0.00469	0.00133	0.00200	0.00827	0.00374	0.00338
6	0.00532	0.00415	0.00486	0.00495	0.00598	0.00384	0.00377	0.00668	0.02169	0.01146	0.16892	0.06388	0.41638	0.07864	0.07502	0.00201	0.00308	0.11236	0.00357	0.00344
7	0.00635	0.00434	0.00552	0.00513	0.00622	0.00408	0.00388	0.00859	0.04683	0.04983	0.71023	0.02794	0.05529	0.00777	0.00454	0.00124	0.00199	0.00681	0.03944	0.00396
8	0.88866	0.00767	0.00583	0.00521	0.00767	0.00889	0.00429	0.01166	0.00675	0.01779	0.00552	0.00644	0.00429	0.00368	0.00245	0.00123	0.00307	0.00215	0.00245	0.00429
9	0.01507	0.01111	0.01190	0.00912	0.01230	0.01230	0.00754	0.82270	0.01864	0.02499	0.00952	0.00952	0.00674	0.00476	0.00397	0.00119	0.00436	0.00357	0.00397	0.00674
10	0.00566	0.00425	0.00637	0.00637	0.00708	0.00496	0.00496	0.00708	0.00637	0.00920	0.01062	0.01558	0.00991	0.02974	0.84494	0.00637	0.01062	0.00425	0.00212	0.00354
11	0.00809	0.06294	0.79885	0.01107	0.01681	0.00953	0.01425	0.01252	0.00836	0.01239	0.00703	0.00827	0.00503	0.00375	0.00371	0.00124	0.00578	0.00289	0.00168	0.00582
12	0.00867	0.00867	0.01214	0.01041	0.01041	0.01214	0.00867	0.00954	0.00607	0.00954	0.00520	0.00867	0.00520	0.00694	0.01301	0.00173	0.85340	0.00347	0.00173	0.00434
13	0.01395	0.01695	0.01071	0.00964	0.01172	0.69808	0.00729	0.06852	0.04736	0.01108	0.00903	0.00968	0.06003	0.00458	0.00369	0.00107	0.00645	0.00309	0.00236	0.00473
14	0.00481	0.00362	0.00446	0.00510	0.00565	0.00327	0.00350	0.00561	0.00807	0.01042	0.04615	0.61597	0.24566	0.01167	0.00495	0.00153	0.00221	0.01039	0.00370	0.00327
15	0.00548	0.00393	0.00515	0.00589	0.00634	0.00380	0.00417	0.04347	0.00828	0.01101	0.02118	0.72389	0.02493	0.01190	0.00506	0.00162	0.00255	0.10422	0.00369	0.00343
16	0.00784	0.00413	0.00418	0.00401	0.00507	0.00420	0.00305	0.05681	0.00892	0.01538	0.01273	0.01447	0.00996	0.00463	0.00284	0.00094	0.00199	0.00369	0.83128	0.00387
17	0.00494	0.00356	0.00468	0.00538	0.00576	0.00330	0.00366	0.00581	0.00817	0.01097	0.13819	0.70737	0.06009	0.01171	0.00499	0.00155	0.00223	0.01057	0.00378	0.00330
18	0.01507	0.01111	0.01190	0.00912	0.01230	0.01230	0.00754	0.82270	0.01864	0.02499	0.00952	0.00952	0.00674	0.00476	0.00397	0.00119	0.00436	0.00357	0.00397	0.00674
19	0.00505	0.00365	0.00478	0.00531	0.00579	0.00338	0.00367	0.00610	0.00870	0.01182	0.25787	0.58761	0.05937	0.01108	0.00494	0.00149	0.00216	0.00998	0.00388	0.00338
20	0.00881	0.23261	0.01060	0.00676	0.00872	0.13623	0.00555	0.01159	0.14346	0.01130	0.04626	0.10778	0.17622	0.02098	0.00419	0.00126	0.00373	0.05653	0.00297	0.00448
21	0.00496	0.00359	0.00464	0.00537	0.00575	0.00333	0.00366	0.00576	0.00792	0.01050	0.07628	0.67893	0.09060	0.04692	0.00564	0.00166	0.00235	0.03522	0.00367	0.00324

[dist]
# distance from previous block
# <min> <max>
1	12

[block]
# block no. 1 follows, 68 sequences, length 65
# corresponding to MSA columns:
# 117-181
name=unknown_B
#
# <colnr> <probs for GDERKNQSTAVLIFYWHMCP>
#	G	D	E	R	K	N	Q	S	T	A	V	L	I	F	Y	W	H	M	C	P
0	0.01042	0.01096	0.12216	0.04451	0.25934	0.08387	0.03274	0.13913	0.02222	0.05818	0.01193	0.03103	0.09437	0.00476	0.00395	0.00118	0.00457	0.00405	0.00267	0.05794
1	0.10381	0.03232	0.16661	0.01054	0.01390	0.01019	0.15453	0.05218	0.32394	0.03455	0.04369	0.01353	0.01034	0.00527	0.00440	0.00149	0.00471	0.00433	0.00339	0.00628
2	0.00883	0.00703	0.00828	0.00595	0.00944	0.00532	0.00477	0.01058	0.00842	0.06566	0.00760	0.00856	0.00612	0.00306	0.00300	0.00063	0.00296	0.00245	0.00251	0.82881
3	0.00565	0.00436	0.00539	0.00531	0.00615	0.00427	0.00393	0.00711	0.02734	0.02268	0.33444	0.21726	0.23884	0.03307	0.00576	0.00146	0.06155	0.00802	0.00379	0.00362
4	0.00577	0.00384	0.00432	0.00432	0.00432	0.00384	0.00240	0.00577	0.00577	0.00769	0.01249	0.02595	0.01441	0.86066	0.02018	0.00384	0.00384	0.00577	0.00240	0.00240
5	0.00938	0.00921	0.01504	0.01171	0.01460	0.00964	0.35738	0.01642	0.41099	0.01452	0.02334	0.01436	0.02407	0.00481	0.00456	0.00136	0.02192	0.02793	0.00310	0.00568
6	0.00837	0.00713	0.00830	0.00594	0.00946	0.00544	0.00476	0.02736	0.00844	0.01318	0.00710	0.00825	0.00589	0.00298	0.00296	0.00060	0.00297	0.00238	0.00238	0.86612
7	0.00472	0.00402	0.00407	0.00406	0.00538	0.00336	0.00304	0.00576	0.00913	0.01093	0.07323	0.03780	0.80111	0.00996	0.00469	0.00134	0.00200	0.00832	0.00371	0.00336
8	0.00577	0.00384	0.00432	0.00432	0.00432	0.00384	0.00240	0.00577	0.00577	0.00769	0.01249	0.02595	0.01441	0.86066	0.02018	0.00384	0.00384	0.00577	0.00240	0.00240
9	0.00867	0.00867	0.01214	0.01041	0.01041	0.01214	0.00867	0.00954	0.00607	0.00954	0.00520	0.00867	0.00520	0.00694	0.01301	0.00173	0.85340	0.00347	0.00173	0.00434
10	0.00573	0.00383	0.00434	0.00437	0.00438	0.00382	0.00245	0.00576	0.00584	0.00778	0.01285	0.05790	0.01487	0.82809	0.01960	0.00376	0.00378	0.00598	0.00245	0.00243
11	0.00932	0.01156	0.09929	0.01587	0.02003	0.00992	0.71611	0.02910	0.00944	0.01294	0.00795	0.01041	0.00594	0.00340	0.00455	0.00131	0.00650	0.00445	0.00202	0.01988
12	0.01779	0.00675	0.00920	0.00705	0.01012	0.00583	0.00583	0.01932	0.01135	0.83867	0.01564	0.01350	0.00981	0.00491	0.00399	0.00123	0.00337	0.00399	0.00491	0.00675
13	0.00867	0.00867	0.01214	0.01041	0.01041	0.01214	0.00867	0.00954	0.00607	0.00954	0.00520	0.00867	0.00520	0.00694	0.01301	0.00173	0.85340	0.00347	0.00173	0.00434
14	0.01513	0.00971	0.01087	0.00845	0.01149	0.01037	0.00694	0.54473	0.08745	0.22255	0.01204	0.01137	0.02012	0.00493	0.00399	0.00121	0.00398	0.00382	0.00420	0.00665
15	0.00486	0.00347	0.00464	0.00556	0.00580	0.00325	0.00374	0.00558	0.00762	0.01016	0.02184	0.84134	0.02615	0.01239	0.00507	0.00161	0.00233	0.02768	0.00368	0.00323
16	0.01507	0.01111	0.01190	0.00912	0.01230	0.01230	0.00754	0.82270	0.01864	0.02499	0.00952	0.00952	0.00674	0.00476	0.00397	0.00119	0.00436	0.00357	0.00397	0.00674
17	0.00509	0.00403	0.00458	0.00444	0.00561	0.00352	0.00333	0.00648	0.01000	0.01299	0.38935	0.03440	0.48371	0.00919	0.00468	0.00130	0.00195	0.00784	0.00398	0.00352
18	0.00927	0.00892	0.01535	0.21214	0.62843	0.00930	0.03534	0.01172	0.00879	0.01230	0.00738	0.01001	0.00605	0.00363	0.00396	0.00121	0.00490	0.00356	0.00192	0.00583
19	0.01165	0.00686	0.00758	0.00634	0.00843	0.00718	0.00506	0.22281	0.12748	0.17037	0.01301	0.01319	0.00949	0.00482	0.00348	0.00111	0.00296	0.00383	0.36895	0.00541
20	0.00556	0.00394	0.00506	0.00569	0.00640	0.00366	0.00427	0.00663	0.00843	0.03378	0.04275	0.45795	0.18389	0.01129	0.00505	0.00159	0.00259	0.20429	0.00372	0.00346
21	0.01123	0.78799	0.01976	0.00681	0.01017	0.01482	0.00670	0.01253	0.00834	0.08202	0.00640	0.00699	0.00550	0.00352	0.00267	0.00088	0.00416	0.00228	0.00198	0.00523
22	0.00808	0.00505	0.00640	0.00565	0.00733	0.00450	0.03683	0.04045	0.01002	0.18036	0.13924	0.12329	0.40024	0.00853	0.00456	0.00133	0.00258	0.00731	0.00397	0.00429
23	0.03140	0.00900	0.01043	0.00804	0.01113	0.02350	0.00663	0.39307	0.01466	0.43143	0.01245	0.01141	0.00821	0.00480	0.00394	0.00121	0.00389	0.00374	0.00438	0.00667
24	0.02175	0.00977	0.01537	0.10439	0.67999	0.06110	0.02576	0.01220	0.00903	0.01254	0.00732	0.00969	0.00608	0.00361	0.00390	0.00119	0.00493	0.00347	0.00196	0.00595
25	0.00773	0.00730	0.01234	0.76360	0.11291	0.00887	0.01113	0.01035	0.00804	0.01043	0.00709	0.01049	0.00539	0.00392	0.00396	0.00131	0.00522	0.00352	0.00178	0.00460
26	0.00567	0.00421	0.00616	0.00616	0.00679	0.00484	0.00469	0.00694	0.00631	0.00904	0.01082	0.01667	0.01039	0.11770	0.75764	0.00610	0.00990	0.00441	0.00215	0.00342
27	0.00483	0.00345	0.00460	0.00552	0.00575	0.00322	0.00368	0.00552	0.00759	0.01012	0.02185	0.85807	0.02622	0.01242	0.00506	0.00161	0.00230	0.01127	0.00368	0.00322
28	0.00558	0.00405	0.00526	0.00495	0.00590	0.00373	0.00372	0.00742	0.01115	0.01572	0.80670	0.02991	0.06465	0.00817	0.00468	0.00125	0.00188	0.00721	0.00434	0.00373
29	0.01305	0.01010	0.01076	0.00871	0.01153	0.01135	0.00705	0.51186	0.33277	0.02173	0.01209	0.01156	0.00882	0.00500	0.00399	0.00125	0.00389	0.00392	0.00399	0.00656
30	0.88866	0.00767	0.00583	0.00521	0.00767	0.00889	0.00429	0.01166	0.00675	0.01779	0.00552	0.00644	0.00429	0.00368	0.00245	0.00123	0.00307	0.00215	0.00245	0.00429
31	0.06763	0.01090	0.01153	0.00889	0.01202	0.01209	0.00734	0.77390	0.01793	0.02455	0.00928	0.00933	0.00660	0.00469	0.00388	0.00119	0.00429	0.00348	0.00388	0.00660
32	0.04349	0.01777	0.01112	0.00997	0.01207	0.74079	0.00756	0.07442	0.01153	0.01108	0.00634	0.00733	0.00520	0.00418	0.00374	0.00105	0.02279	0.00263	0.00219	0.00474
33	0.01060	0.86304	0.02078	0.00678	0.01018	0.01569	0.00678	0.01187	0.00806	0.00933	0.00551	0.00636	0.00509	0.00339	0.00254	0.00085	0.00424	0.00212	0.00170	0.00509
34	0.00795	0.02051	0.84011	0.01130	0.01716	0.00921	0.01465	0.01256	0.00837	0.01256	0.00712	0.00837	0.00502	0.00377	0.00377	0.00126	0.00586	0.00293	0.00167	0.00586
35	0.00886	0.00901	0.01245	0.01059	0.01076	0.03464	0.03219	0.00980	0.00631	0.00964	0.00531	0.00869	0.00523	0.00676	0.01251	0.00170	0.80596	0.00348	0.00175	0.00437
36	0.00469	0.00402	0.00402	0.00402	0.00536	0.00335	0.00301	0.00569	0.00904	0.01071	0.04017	0.03816	0.83432	0.01004	0.00469	0.00134	0.00201	0.00837	0.00368	0.00335
37	0.00808	0.00765	0.01296	0.64194	0.23190	0.00896	0.01130	0.01065	0.00821	0.01084	0.00715	0.01038	0.00554	0.00385	0.00395	0.00128	0.00514	0.00353	0.00181	0.00488
38	0.00469	0.00402	0.00402	0.00402	0.00536	0.00335	0.00301	0.00569	0.00904	0.01071	0.04017	0.03816	0.83432	0.01004	0.00469	0.00134	0.00201	0.00837	0.00368	0.00335
39	0.00566	0.00425	0.00637	0.00637	0.00708	0.00496	0.00496	0.00708	0.00637	0.00920	0.01062	0.01558	0.00991	0.02974	0.84494	0.00637	0.01062	0.00425	0.00212	0.00354
40	0.01060	0.86304	0.02078	0.00678	0.01018	0.01569	0.00678	0.01187	0.00806	0.00933	0.00551	0.00636	0.00509	0.00339	0.00254	0.00085	0.00424	0.00212	0.00170	0.00509
41	0.00500	0.00357	0.00479	0.00571	0.00601	0.00336	0.00397	0.00581	0.00775	0.01031	0.02176	0.77197	0.02586	0.01227	0.00510	0.00163	0.00244	0.09574	0.00368	0.00327
42	0.00936	0.01070	0.02340	0.01671	0.02072	0.01003	0.82152	0.01270	0.00936	0.01270	0.00802	0.01070	0.00602	0.00334	0.00468	0.00134	0.00668	0.00468	0.00201	0.00535
43	0.01034	0.01042	0.01558	0.02284	0.74873	0.09785	0.01169	0.01256	0.00926	0.01261	0.00732	0.00953	0.00616	0.00359	0.00389	0.00116	0.00497	0.00343	0.00197	0.00610
44	0.00749	0.00705	0.01189	0.85113	0.02731	0.00881	0.01101	0.01013	0.00793	0.01013	0.00705	0.01057	0.00529	0.00396	0.00396	0.00132	0.00529	0.00352	0.00176	0.00440
45	0.00982	0.00932	0.01534	0.02261	0.74853	0.00947	0.01154	0.01311	0.09580	0.01334	0.00838	0.01034	0.00690	0.00373	0.00394	0.00120	0.00454	0.00363	0.00218	0.00628
46	0.00805	0.05286	0.80865	0.01113	0.01689	0.00946	0.01435	0.01253	0.00836	0.01243	0.00705	0.00829	0.00503	0.00375	0.00372	0.00124	0.00580	0.00290	0.00168	0.00583
47	0.00499	0.00359	0.00477	0.00565	0.00600	0.00337	0.00394	0.00581	0.00781	0.01033	0.02250	0.73902	0.05834	0.01217	0.00509	0.00162	0.00243	0.09563	0.00368	0.00327
48	0.88866	0.00767	0.00583	0.00521	0.00767	0.00889	0.00429	0.01166	0.00675	0.01779	0.00552	0.00644	0.00429	0.00368	0.00245	0.00123	0.00307	0.00215	0.00245	0.00429
49	0.01092	0.01047	0.00957	0.00856	0.01074	0.15831	0.00664	0.05204	0.62883	0.01551	0.01380	0.01306	0.01046	0.00517	0.00419	0.00129	0.02682	0.00408	0.00362	0.00594
50	0.00483	0.00345	0.00460	0.00552	0.00575	0.00322	0.00368	0.00552	0.00759	0.01012	0.02185	0.85807	0.02622	0.01242	0.00506	0.00161	0.00230	0.01127	0.00368	0.00322
51	0.00499	0.00356	0.00476	0.00567	0.00596	0.00336	0.00391	0.00578	0.00771	0.01025	0.02162	0.76768	0.02571	0.02623	0.00535	0.00167	0.00245	0.08644	0.00366	0.00325
52	0.08936	0.01093	0.04956	0.00963	0.01290	0.05544	0.11535	0.44221	0.01441	0.14656	0.00963	0.00984	0.00674	0.00442	0.00390	0.00121	0.00462	0.00358	0.00351	0.00619
53	0.00867	0.00867	0.01214	0.01041	0.01041	0.01214	0.00867	0.00954	0.00607	0.00954	0.00520	0.00867	0.00520	0.00694	0.01301	0.00173	0.85340	0.00347	0.00173	0.00434
54	0.00988	0.03373	0.09793	0.01429	0.01807	0.08850	0.55433	0.04096	0.05195	0.01303	0.03208	0.01075	0.00706	0.00374	0.00438	0.00128	0.00619	0.00427	0.00221	0.00537
55	0.88866	0.00767	0.00583	0.00521	0.00767	0.00889	0.00429	0.01166	0.00675	0.01779	0.00552	0.00644	0.00429	0.00368	0.00245	0.00123	0.00307	0.00215	0.00245	0.00429
56	0.01331	0.01023	0.01091	0.00877	0.01163	0.01147	0.00711	0.55212	0.29209	0.02215	0.01175	0.01130	0.00855	0.00497	0.00399	0.00124	0.00395	0.00388	0.00399	0.00659
57	0.00484	0.00402	0.00423	0.00418	0.00545	0.00341	0.00313	0.00599	0.00940	0.01158	0.17277	0.03673	0.70117	0.00972	0.00468	0.00132	0.00199	0.00817	0.00380	0.00341
58	0.00986	0.00852	0.00897	0.00807	0.01031	0.00986	0.00628	0.02107	0.82876	0.01659	0.01614	0.01479	0.01210	0.00538	0.00403	0.00134	0.00314	0.00448	0.00403	0.00628
59	0.03959	0.01931	0.00942	0.00847	0.06683	0.06482	0.00628	0.21301	0.17173	0.16904	0.02507	0.01227	0.00922	0.00475	0.00369	0.00116	0.00362	0.00377	0.16216	0.00578
60	0.00483	0.00345	0.00460	0.00552	0.00575	0.00322	0.00368	0.00552	0.00759	0.01012	0.02185	0.85807	0.02622	0.01242	0.00506	0.00161	0.00230	0.01127	0.00368	0.00322
61	0.00876	0.00854	0.03192	0.21185	0.49719	0.00870	0.03434	0.01142	0.03256	0.01242	0.05106	0.04626	0.00881	0.00438	0.00406	0.00125	0.00462	0.01413	0.00219	0.00552
62	0.00577	0.00384	0.00432	0.00432	0.00432	0.00384	0.00240	0.00577	0.00577	0.00769	0.01249	0.02595	0.01441	0.86066	0.02018	0.00384	0.00384	0.00577	0.00240	0.00240
63	0.01454	0.01074	0.01151	0.00890	0.01192	0.01189	0.00730	0.76494	0.04483	0.02405	0.00985	0.01032	0.00721	0.03764	0.00459	0.00130	0.00430	0.00368	0.00391	0.00656
64	0.01051	0.05275	0.01357	0.23983	0.24269	0.14061	0.03649	0.09920	0.06673	0.01289	0.00779	0.00972	0.00617	0.00412	0.00423	0.00122	0.04042	0.00341	0.00226	0.00539

[dist]
# distance from previous block
# <min> <max>
0	52

[block]
# block no. 2 follows, 68 sequences, length 76
# corresponding to MSA columns:
# 234-267,276-317
name=unknown_C
#
# <colnr> <probs for GDERKNQSTAVLIFYWHMCP>
#	G	D	E	R	K	N	Q	S	T	A	V	L	I	F	Y	W	H	M	C	P
0	0.08484	0.00951	0.01328	0.02769	0.33439	0.02407	0.06345	0.19863	0.07777	0.10254	0.00931	0.01027	0.00700	0.00417	0.00399	0.00122	0.01521	0.00361	0.00293	0.00613
1	0.07745	0.13258	0.01273	0.03680	0.07082	0.18710	0.03718	0.24731	0.06713	0.05124	0.00879	0.03793	0.00703	0.00449	0.00364	0.00114	0.00478	0.00342	0.00288	0.00556
2	0.55250	0.02527	0.00820	0.00677	0.00937	0.10066	0.00552	0.20658	0.02507	0.01846	0.00674	0.00741	0.00513	0.00401	0.00297	0.00119	0.00384	0.00257	0.00279	0.00496
3	0.00957	0.00918	0.01566	0.10958	0.75256	0.00936	0.01205	0.01196	0.00891	0.01266	0.00742	0.00989	0.00618	0.00358	0.00393	0.00119	0.00477	0.00353	0.00194	0.00609
4	0.00689	0.00344	0.00517	0.00517	0.00517	0.00344	0.00344	0.00517	0.00517	0.00689	0.00689	0.01205	0.00689	0.01377	0.01550	0.88464	0.00344	0.00344	0.00172	0.00172
5	0.00492	0.00352	0.00471	0.00563	0.00590	0.00330	0.00384	0.00568	0.00768	0.01023	0.02180	0.80911	0.02602	0.01233	0.00509	0.00162	0.00238	0.05931	0.00368	0.00325
6	0.00488	0.00350	0.00456	0.00539	0.00565	0.00326	0.00358	0.00554	0.00754	0.01001	0.02205	0.77874	0.05739	0.06027	0.00590	0.00173	0.00238	0.01085	0.00361	0.00318
7	0.01507	0.01111	0.01190	0.00912	0.01230	0.01230	0.00754	0.82270	0.01864	0.02499	0.00952	0.00952	0.00674	0.00476	0.00397	0.00119	0.00436	0.00357	0.00397	0.00674
8	0.33515	0.00749	0.00819	0.00658	0.00941	0.00758	0.00542	0.08481	0.02799	0.45222	0.01144	0.01061	0.00759	0.00446	0.00343	0.00123	0.00334	0.00329	0.00391	0.00584
9	0.03551	0.01075	0.01159	0.00890	0.01205	0.01181	0.00735	0.75348	0.01791	0.07588	0.00981	0.00970	0.00688	0.00474	0.00393	0.00119	0.00427	0.00356	0.00399	0.00669
10	0.00851	0.13854	0.70977	0.01059	0.01605	0.01006	0.01338	0.01259	0.00838	0.02734	0.00705	0.00818	0.00512	0.00374	0.00360	0.00120	0.00559	0.00284	0.00174	0.00577
11	0.01060	0.86304	0.02078	0.00678	0.01018	0.01569	0.00678	0.01187	0.00806	0.00933	0.00551	0.00636	0.00509	0.00339	0.00254	0.00085	0.00424	0.00212	0.00170	0.00509
12	0.41739	0.01063	0.00964	0.00922	0.07678	0.19070	0.02892	0.04197	0.00829	0.01432	0.00597	0.00749	0.00493	0.00436	0.00479	0.00127	0.15374	0.00270	0.00224	0.00465
13	0.01063	0.01059	0.01390	0.05882	0.50924	0.12966	0.01034	0.04775	0.13194	0.01335	0.00860	0.01018	0.00694	0.00401	0.00403	0.00120	0.01701	0.00353	0.00235	0.00594
14	0.00474	0.00396	0.00414	0.00425	0.00545	0.00336	0.00315	0.00574	0.00891	0.01075	0.05168	0.13109	0.71735	0.01029	0.00474	0.00137	0.00206	0.01993	0.00369	0.00334
15	0.00595	0.00461	0.00509	0.00493	0.00627	0.00425	0.00374	0.02696	0.07538	0.03603	0.17515	0.09217	0.50200	0.00925	0.00465	0.00135	0.00224	0.03230	0.00387	0.00383
16	0.00497	0.00401	0.00442	0.00435	0.00554	0.00346	0.00325	0.00623	0.00967	0.01228	0.28213	0.05488	0.57188	0.00951	0.00469	0.00132	0.00197	0.00807	0.00389	0.00346
17	0.00689	0.00344	0.00517	0.00517	0.00517	0.00344	0.00344	0.00517	0.00517	0.00689	0.00689	0.01205	0.00689	0.01377	0.01550	0.88464	0.00344	0.00344	0.00172	0.00172
18	0.02510	0.00706	0.01177	0.83422	0.02692	0.00881	0.01088	0.01016	0.00790	0.01028	0.00702	0.01049	0.00527	0.00396	0.00393	0.00132	0.00524	0.00350	0.00178	0.00440
19	0.00804	0.00660	0.00739	0.00674	0.00842	0.00723	0.00519	0.01523	0.47740	0.01629	0.36757	0.02116	0.02298	0.00655	0.00431	0.00130	0.00259	0.00564	0.00418	0.00519
20	0.00970	0.00930	0.01589	0.06514	0.79602	0.00939	0.01211	0.01207	0.00897	0.01281	0.00744	0.00985	0.00623	0.00355	0.00393	0.00118	0.00474	0.00353	0.00195	0.00619
21	0.01060	0.86304	0.02078	0.00678	0.01018	0.01569	0.00678	0.01187	0.00806	0.00933	0.00551	0.00636	0.00509	0.00339	0.00254	0.00085	0.00424	0.00212	0.00170	0.00509
22	0.00689	0.00344	0.00517	0.00517	0.00517	0.00344	0.00344	0.00517	0.00517	0.00689	0.00689	0.01205	0.00689	0.01377	0.01550	0.88464	0.00344	0.00344	0.00172	0.00172
23	0.00795	0.02051	0.84011	0.01130	0.01716	0.00921	0.01465	0.01256	0.00837	0.01256	0.00712	0.00837	0.00502	0.00377	0.00377	0.00126	0.00586	0.00293	0.00167	0.00586
24	0.01092	0.03021	0.01098	0.01095	0.13216	0.31612	0.04069	0.05408	0.11223	0.01252	0.04888	0.05057	0.07294	0.00538	0.00398	0.00118	0.00491	0.03681	0.00274	0.04175
25	0.00574	0.00387	0.00450	0.00449	0.00460	0.00388	0.00265	0.00595	0.00622	0.00839	0.07195	0.03665	0.01600	0.74548	0.06086	0.00376	0.00403	0.00586	0.00255	0.00257
26	0.74491	0.00767	0.00648	0.00559	0.00815	0.00862	0.00461	0.04120	0.00776	0.12456	0.00697	0.00746	0.00510	0.00388	0.00271	0.00123	0.00315	0.00244	0.00283	0.00470
27	0.00809	0.00656	0.00760	0.00706	0.02663	0.00697	0.02020	0.03787	0.38022	0.03448	0.24197	0.04985	0.14213	0.00695	0.00435	0.00131	0.00274	0.00597	0.00400	0.00505
28	0.00483	0.00345	0.00460	0.00552	0.00575	0.00322	0.00368	0.00552	0.00759	0.01012	0.02185	0.85807	0.02622	0.01242	0.00506	0.00161	0.00230	0.01127	0.00368	0.00322
29	0.00972	0.00925	0.01565	0.04157	0.78864	0.00931	0.01187	0.01223	0.02391	0.01299	0.00770	0.01001	0.00643	0.00359	0.00391	0.00118	0.00464	0.00355	0.01762	0.00619
30	0.88866	0.00767	0.00583	0.00521	0.00767	0.00889	0.00429	0.01166	0.00675	0.01779	0.00552	0.00644	0.00429	0.00368	0.00245	0.00123	0.00307	0.00215	0.00245	0.00429
31	0.00867	0.00867	0.01214	0.01041	0.01041	0.01214	0.00867	0.00954	0.00607	0.00954	0.00520	0.00867	0.00520	0.00694	0.01301	0.00173	0.85340	0.00347	0.00173	0.00434
32	0.00950	0.00878	0.01210	0.01135	0.11023	0.02753	0.15514	0.04791	0.43387	0.01490	0.01438	0.07520	0.03626	0.00548	0.00424	0.00134	0.00402	0.01872	0.00333	0.00573
33	0.30257	0.06222	0.02497	0.00853	0.10349	0.02230	0.00630	0.01533	0.00931	0.39261	0.01042	0.01010	0.00713	0.00422	0.00337	0.00119	0.00359	0.00317	0.00345	0.00573
34	0.00885	0.00733	0.01205	0.64927	0.12116	0.00861	0.01052	0.01154	0.02700	0.09369	0.00816	0.01087	0.00601	0.00404	0.00396	0.00130	0.00498	0.00359	0.00215	0.00490
35	0.00499	0.00403	0.00444	0.00434	0.00554	0.00348	0.00325	0.00628	0.00976	0.01242	0.30185	0.03534	0.57157	0.00940	0.00468	0.00131	0.00196	0.00797	0.00391	0.00348
36	0.01459	0.01895	0.03780	0.01025	0.01241	0.81797	0.00788	0.01573	0.01114	0.00980	0.00616	0.00719	0.00510	0.00408	0.00358	0.00103	0.00711	0.00257	0.00203	0.00464
37	0.01070	0.84328	0.02057	0.00684	0.01023	0.01561	0.00680	0.03068	0.00830	0.00969	0.00561	0.00643	0.00513	0.00342	0.00258	0.00086	0.00424	0.00215	0.00175	0.00513
38	0.00504	0.00369	0.00451	0.00502	0.00549	0.00341	0.00339	0.00576	0.00779	0.01017	0.06820	0.48623	0.18461	0.16059	0.00763	0.00193	0.00252	0.02737	0.00349	0.00314
39	0.01363	0.46912	0.01572	0.00712	0.01038	0.01181	0.00652	0.09826	0.01033	0.30727	0.00955	0.00924	0.00695	0.00407	0.00321	0.00102	0.00394	0.00294	0.00308	0.00585
40	0.00472	0.00402	0.00406	0.00405	0.00538	0.00336	0.00304	0.00576	0.00912	0.01090	0.06924	0.03784	0.80513	0.00997	0.00469	0.00134	0.00200	0.00832	0.00371	0.00336
41	0.00867	0.00867	0.01214	0.01041	0.01041	0.01214	0.00867	0.00954	0.00607	0.00954	0.00520	0.00867	0.00520	0.00694	0.01301	0.00173	0.85340	0.00347	0.00173	0.00434
42	0.00943	0.00788	0.00904	0.00667	0.01023	0.00609	0.00523	0.03296	0.00917	0.01420	0.00814	0.00967	0.00686	0.00368	0.00342	0.00080	0.00334	0.00273	0.00274	0.84772
43	0.01454	0.01084	0.01160	0.00901	0.01209	0.01205	0.00741	0.74038	0.10184	0.02413	0.01020	0.01006	0.00729	0.00482	0.00397	0.00121	0.00424	0.00366	0.00397	0.00669
44	0.46695	0.01249	0.00849	0.00754	0.00989	0.34841	0.00591	0.07559	0.00948	0.01506	0.00607	0.00697	0.00481	0.00393	0.00302	0.00114	0.00482	0.00242	0.00240	0.00460
45	0.00787	0.00744	0.01258	0.71578	0.15968	0.00891	0.01120	0.01046	0.00811	0.01059	0.00711	0.01045	0.00545	0.00389	0.00396	0.00130	0.00519	0.00353	0.00179	0.00471
46	0.00522	0.00404	0.00476	0.00458	0.00569	0.00358	0.00344	0.00673	0.01031	0.01373	0.50224	0.03319	0.37036	0.00891	0.00468	0.00129	0.00193	0.00767	0.00408	0.00358
47	0.01752	0.00669	0.00911	0.00701	0.01003	0.00578	0.00578	0.01906	0.01135	0.82025	0.03396	0.01386	0.01043	0.00498	0.00400	0.00123	0.00334	0.00406	0.00490	0.00668
48	0.00534	0.00409	0.00463	0.00446	0.00568	0.00355	0.00336	0.00669	0.00993	0.03125	0.34536	0.03432	0.50886	0.00918	0.00467	0.00130	0.00199	0.00781	0.00397	0.00358
49	0.01507	0.01111	0.01190	0.00912	0.01230	0.01230	0.00754	0.82270	0.01864	0.02499	0.00952	0.00952	0.00674	0.00476	0.00397	0.00119	0.00436	0.00357	0.00397	0.00674
50	0.00571	0.00414	0.00523	0.00494	0.00594	0.00385	0.00371	0.00773	0.03023	0.01548	0.72454	0.02937	0.09600	0.00806	0.00459	0.00124	0.00191	0.00707	0.03648	0.00377
51	0.15261	0.01041	0.01085	0.00843	0.01149	0.01152	0.00696	0.66568	0.01650	0.05366	0.00911	0.00918	0.00647	0.00460	0.00373	0.00120	0.00412	0.00336	0.00376	0.00636
52	0.01001	0.27673	0.31890	0.01047	0.03608	0.06141	0.10975	0.03387	0.05807	0.03845	0.00756	0.00858	0.00582	0.00377	0.00352	0.00113	0.00523	0.00303	0.00205	0.00557
53	0.01060	0.86304	0.02078	0.00678	0.01018	0.01569	0.00678	0.01187	0.00806	0.00933	0.00551	0.00636	0.00509	0.00339	0.00254	0.00085	0.00424	0.00212	0.00170	0.00509
54	0.00934	0.00926	0.01396	0.02958	0.25819	0.03525	0.07249	0.03676	0.00786	0.01136	0.00668	0.01000	0.00605	0.00583	0.02019	0.00156	0.43895	0.01967	0.00195	0.00506
55	0.01206	0.00950	0.01012	0.00847	0.01109	0.01075	0.00676	0.33660	0.49500	0.03483	0.01352	0.01269	0.00995	0.00513	0.00401	0.00128	0.00362	0.00411	0.00402	0.00647
56	0.00488	0.00401	0.00429	0.00425	0.00548	0.00342	0.00317	0.00605	0.00945	0.01174	0.19974	0.05502	0.65536	0.00971	0.00469	0.00133	0.00199	0.00819	0.00382	0.00342
57	0.00766	0.00723	0.01221	0.78865	0.08841	0.00886	0.01110	0.01028	0.00801	0.01034	0.00708	0.01051	0.00536	0.00393	0.00396	0.00131	0.00524	0.00352	0.00178	0.00455
58	0.00483	0.00345	0.00460	0.00552	0.00575	0.00322	0.00368	0.00552	0.00759	0.01012	0.02185	0.85807	0.02622	0.01242	0.00506	0.00161	0.00230	0.01127	0.00368	0.00322
59	0.00689	0.00344	0.00517	0.00517	0.00517	0.00344	0.00344	0.00517	0.00517	0.00689	0.00689	0.01205	0.00689	0.01377	0.01550	0.88464	0.00344	0.00344	0.00172	0.00172
60	0.01481	0.01890	0.01124	0.01021	0.01226	0.84474	0.00766	0.01583	0.01124	0.00970	0.00613	0.00715	0.00511	0.00409	0.00358	0.00102	0.00715	0.00255	0.00204	0.00460
61	0.00483	0.00345	0.00460	0.00552	0.00575	0.00322	0.00368	0.00552	0.00759	0.01012	0.02185	0.85807	0.02622	0.01242	0.00506	0.00161	0.00230	0.01127	0.00368	0.00322
62	0.00639	0.00456	0.00639	0.00730	0.00821	0.00456	0.00639	0.00821	0.00913	0.01187	0.02099	0.04472	0.02282	0.01095	0.00548	0.00183	0.00365	0.80924	0.00365	0.00365
63	0.01050	0.00883	0.00932	0.00820	0.01055	0.01016	0.00643	0.11888	0.72992	0.01761	0.01533	0.01415	0.01145	0.00530	0.00403	0.00133	0.00329	0.00437	0.00403	0.00633
64	0.01122	0.00550	0.00721	0.00626	0.00816	0.00501	0.00501	0.04646	0.01091	0.36737	0.24424	0.09214	0.06184	0.00730	0.00444	0.00133	0.00285	0.09010	0.01755	0.00508
65	0.00962	0.00922	0.01574	0.09403	0.76776	0.00937	0.01207	0.01200	0.00894	0.01272	0.00742	0.00988	0.00620	0.00357	0.00393	0.00119	0.00476	0.00353	0.00195	0.00612
66	0.00991	0.00971	0.01539	0.02282	0.75669	0.05442	0.01163	0.01215	0.00912	0.01270	0.00797	0.02788	0.00698	0.00390	0.00396	0.00119	0.00477	0.02071	0.00204	0.00607
67	0.01771	0.00687	0.00928	0.00711	0.01018	0.00600	0.00587	0.04131	0.01155	0.81640	0.01547	0.01339	0.00973	0.00490	0.00399	0.00123	0.00340	0.00398	0.00488	0.00675
68	0.22511	0.00779	0.00891	0.00701	0.00995	0.00778	0.00578	0.16913	0.01163	0.48918	0.01207	0.01106	0.00792	0.00459	0.00362	0.00122	0.00349	0.00347	0.00414	0.00616
69	0.00755	0.00648	0.00647	0.00591	0.00731	0.09721	0.00450	0.05401	0.07726	0.03007	0.48367	0.02598	0.16307	0.00753	0.00445	0.00124	0.00274	0.00639	0.00396	0.00419
70	0.00491	0.00351	0.00469	0.00561	0.00588	0.00329	0.00382	0.00566	0.00767	0.01021	0.02181	0.81701	0.02605	0.01235	0.00508	0.00162	0.00237	0.05156	0.00368	0.00324
71	0.00964	0.00920	0.01564	0.03832	0.79498	0.00923	0.01183	0.01193	0.00890	0.01273	0.00761	0.01034	0.00652	0.03101	0.00445	0.00127	0.00469	0.00360	0.00197	0.00612
72	0.00494	0.00368	0.00462	0.00530	0.00585	0.00336	0.00373	0.00582	0.00814	0.01057	0.05237	0.58913	0.20632	0.01164	0.00500	0.00155	0.00232	0.06866	0.00370	0.00330
73	0.00906	0.00865	0.01473	0.29290	0.57326	0.00922	0.01179	0.01151	0.00867	0.01204	0.00732	0.01006	0.00596	0.00367	0.00394	0.00122	0.00490	0.00353	0.00190	0.00567
74	0.40535	0.05475	0.01076	0.01239	0.28676	0.11368	0.00752	0.01219	0.00813	0.01439	0.00643	0.00799	0.00531	0.00462	0.03395	0.00135	0.00447	0.00274	0.00219	0.00501
75	0.00737	0.05576	0.00947	0.16874	0.11582	0.00682	0.00700	0.00908	0.00746	0.04891	0.02540	0.01441	0.02764	0.04842	0.42568	0.00389	0.00754	0.00409	0.00223	0.00425

[dist]
# distance from previous block
# <min> <max>
0	3

[block]
# block no. 3 follows, 68 sequences, length 11
# corresponding to MSA columns:
# 321-331
name=unknown_D
#
# <colnr> <probs for GDERKNQSTAVLIFYWHMCP>
#	G	D	E	R	K	N	Q	S	T	A	V	L	I	F	Y	W	H	M	C	P
0	0.51752	0.03138	0.00786	0.00668	0.00898	0.20141	0.00530	0.06388	0.00856	0.01531	0.00632	0.02191	0.00523	0.00448	0.00354	0.04663	0.00412	0.00256	0.00242	0.03591
1	0.00932	0.01083	0.04671	0.01597	0.01985	0.01005	0.73704	0.01300	0.04748	0.01279	0.00830	0.01076	0.00625	0.00355	0.00485	0.00135	0.02986	0.00458	0.00208	0.00538
2	0.01330	0.01325	0.04326	0.00953	0.04061	0.32716	0.00743	0.23634	0.11079	0.06398	0.03649	0.01019	0.00793	0.00455	0.00377	0.00112	0.00509	0.00337	0.02442	0.03741
3	0.66306	0.00736	0.00633	0.00538	0.00798	0.00794	0.00440	0.01185	0.00735	0.07445	0.00675	0.00753	0.00514	0.00369	0.00264	0.00112	0.00302	0.00237	0.03718	0.13446
4	0.00966	0.04630	0.19545	0.01364	0.03802	0.04221	0.41354	0.05721	0.08899	0.01336	0.00841	0.01013	0.00634	0.00387	0.00453	0.00129	0.03530	0.00397	0.00222	0.00557
5	0.00630	0.00455	0.00556	0.00592	0.05157	0.00463	0.00365	0.03808	0.00711	0.00966	0.02671	0.05578	0.09806	0.51148	0.10159	0.00332	0.01634	0.00577	0.04078	0.00314
6	0.00561	0.00402	0.00501	0.00477	0.00575	0.00368	0.00357	0.00737	0.01072	0.01512	0.66836	0.02971	0.14293	0.00812	0.00454	0.00124	0.00189	0.00708	0.06681	0.00368
7	0.02535	0.00794	0.02983	0.59184	0.17564	0.00888	0.05032	0.01106	0.00832	0.04258	0.00747	0.01042	0.00565	0.00388	0.00396	0.00129	0.00514	0.00356	0.00194	0.00491
8	0.00660	0.00355	0.00495	0.00495	0.00495	0.00355	0.00317	0.00532	0.00532	0.00710	0.00834	0.01566	0.00884	0.23387	0.01671	0.65573	0.00355	0.00405	0.00190	0.00190
9	0.01136	0.07862	0.00978	0.00743	0.00962	0.08335	0.00594	0.33277	0.08198	0.03927	0.03232	0.12389	0.03447	0.02063	0.00414	0.00124	0.00376	0.00474	0.10940	0.00530
10	0.27988	0.02931	0.00952	0.00877	0.08907	0.03363	0.05674	0.15194	0.02382	0.03278	0.03383	0.09979	0.06783	0.02034	0.00410	0.00129	0.01931	0.00440	0.00294	0.03071

[dist]
# distance from previous block
# <min> <max>
1	4

[block]
# block no. 4 follows, 68 sequences, length 17
# corresponding to MSA columns:
# 336-352
name=unknown_E
#
# <colnr> <probs for GDERKNQSTAVLIFYWHMCP>
#	G	D	E	R	K	N	Q	S	T	A	V	L	I	F	Y	W	H	M	C	P
0	0.04491	0.14354	0.25284	0.01243	0.14293	0.15318	0.07590	0.10531	0.01010	0.01328	0.00704	0.00833	0.00549	0.00380	0.00362	0.00114	0.00544	0.00302	0.00210	0.00559
1	0.00758	0.00702	0.02394	0.00726	0.00782	0.07583	0.00558	0.03197	0.00688	0.00935	0.00932	0.01620	0.00958	0.29953	0.23406	0.00359	0.23437	0.00436	0.00215	0.00360
2	0.00567	0.00386	0.00430	0.00430	0.00441	0.00380	0.00246	0.00576	0.00605	0.00795	0.01489	0.02700	0.08534	0.78708	0.01884	0.00363	0.00369	0.00599	0.00251	0.00248
3	0.00909	0.00481	0.00620	0.00554	0.00709	0.00428	0.00427	0.01055	0.01033	0.26326	0.33086	0.10876	0.15802	0.03268	0.00498	0.00138	0.00249	0.02663	0.00427	0.00449
4	0.00581	0.00412	0.00522	0.00490	0.00595	0.00374	0.00369	0.00754	0.01091	0.03740	0.69573	0.03043	0.15310	0.00830	0.00466	0.00126	0.00193	0.00726	0.00428	0.00376
5	0.57358	0.00784	0.00736	0.00612	0.00881	0.00853	0.00505	0.10705	0.00925	0.22068	0.00847	0.00853	0.00594	0.00411	0.00301	0.00122	0.00329	0.00276	0.00323	0.00518
6	0.00503	0.00356	0.00465	0.00545	0.00568	0.00337	0.00365	0.00569	0.00743	0.00989	0.02058	0.70822	0.02450	0.12416	0.00707	0.00192	0.00257	0.04995	0.00351	0.00313
7	0.00652	0.00532	0.00672	0.08081	0.02163	0.03568	0.01660	0.01902	0.06916	0.02243	0.07634	0.42493	0.07454	0.00969	0.00489	0.00151	0.01448	0.10238	0.00347	0.00388
8	0.01316	0.14007	0.01238	0.00958	0.03212	0.48646	0.00738	0.07317	0.16491	0.01210	0.00819	0.00870	0.00656	0.00426	0.00355	0.00107	0.00571	0.00295	0.00250	0.00518
9	0.00918	0.00910	0.01641	0.17438	0.46726	0.00932	0.18560	0.01204	0.03470	0.01243	0.00809	0.02882	0.00666	0.00382	0.00412	0.00125	0.00514	0.00398	0.00204	0.00567
10	0.00510	0.00393	0.00468	0.00485	0.00578	0.00351	0.00358	0.00635	0.00940	0.01227	0.28454	0.22493	0.35361	0.01003	0.00481	0.00140	0.00212	0.05177	0.00389	0.00346
11	0.00510	0.00367	0.00470	0.00542	0.00581	0.00345	0.00376	0.00586	0.00769	0.01008	0.02246	0.59031	0.10427	0.11231	0.00686	0.00187	0.00260	0.09707	0.00353	0.00318
12	0.00502	0.00387	0.00446	0.00462	0.00547	0.00345	0.00327	0.00604	0.00884	0.01138	0.20107	0.23377	0.39254	0.09054	0.00624	0.00162	0.00222	0.00857	0.00371	0.00331
13	0.00573	0.00415	0.00601	0.00601	0.00658	0.00472	0.00450	0.00680	0.00623	0.00887	0.01074	0.01699	0.01046	0.15465	0.68287	0.04557	0.00927	0.00444	0.00215	0.00329
14	0.01057	0.12515	0.13553	0.04971	0.28210	0.12705	0.04785	0.04769	0.07175	0.02806	0.00781	0.00925	0.00622	0.00396	0.00400	0.00117	0.03105	0.00325	0.00218	0.00567
15	0.00968	0.00778	0.00838	0.00757	0.00964	0.00873	0.00586	0.05233	0.62509	0.05674	0.01783	0.09788	0.06244	0.00629	0.00417	0.00136	0.00305	0.00531	0.00402	0.00585
16	0.09582	0.02464	0.05851	0.19133	0.03205	0.03641	0.00821	0.33380	0.05389	0.11315	0.00929	0.00999	0.00663	0.00441	0.00378	0.00123	0.00444	0.00342	0.00319	0.00582

[dist]
# distance from previous block
# <min> <max>
0	1

[block]
# block no. 5 follows, 68 sequences, length 11
# corresponding to MSA columns:
# 354-364
name=unknown_F
#
# <colnr> <probs for GDERKNQSTAVLIFYWHMCP>
#	G	D	E	R	K	N	Q	S	T	A	V	L	I	F	Y	W	H	M	C	P
0	0.02687	0.08128	0.14224	0.01033	0.08437	0.08326	0.04403	0.10416	0.28051	0.03911	0.01158	0.04037	0.02485	0.00482	0.00386	0.00123	0.00439	0.00395	0.00300	0.00579
1	0.12032	0.00686	0.00880	0.00684	0.00983	0.00619	0.00565	0.01842	0.01081	0.74202	0.01445	0.01266	0.00916	0.00476	0.00381	0.00123	0.00334	0.00377	0.00462	0.00646
2	0.01002	0.00995	0.05488	0.02046	0.60909	0.00957	0.05126	0.07950	0.06978	0.01411	0.00860	0.02949	0.00713	0.00397	0.00399	0.00121	0.00466	0.00381	0.00231	0.00618
3	0.00522	0.00404	0.00479	0.00481	0.00586	0.00360	0.00365	0.00663	0.00984	0.01291	0.36594	0.09603	0.37640	0.00949	0.00478	0.00136	0.00211	0.07504	0.00396	0.00353
4	0.00721	0.00561	0.00720	0.00687	0.02814	0.02242	0.01891	0.03435	0.00864	0.04139	0.16371	0.12557	0.12102	0.04755	0.10591	0.00207	0.15045	0.00598	0.09306	0.00395
5	0.02791	0.00965	0.01261	0.17011	0.33401	0.13056	0.02439	0.03230	0.03265	0.03142	0.00802	0.01049	0.00659	0.02166	0.04992	0.00154	0.04982	0.00350	0.03760	0.00523
6	0.00852	0.01378	0.36471	0.04538	0.25233	0.05142	0.03775	0.01184	0.02969	0.01236	0.03504	0.05081	0.04360	0.02053	0.00428	0.00130	0.00504	0.00401	0.00213	0.00550
7	0.00508	0.00387	0.00426	0.00440	0.00529	0.00344	0.00310	0.00600	0.00846	0.01082	0.09679	0.18530	0.46304	0.12890	0.00682	0.00171	0.00230	0.00820	0.04898	0.00324
8	0.04786	0.24143	0.05904	0.01331	0.26216	0.05142	0.07984	0.04378	0.00922	0.05468	0.02222	0.02439	0.00681	0.00384	0.00350	0.00107	0.00457	0.00326	0.00223	0.06538
9	0.00613	0.00451	0.00521	0.00530	0.00588	0.00459	0.00360	0.00813	0.12108	0.01036	0.06140	0.16841	0.08409	0.41473	0.01210	0.00261	0.00321	0.07216	0.00316	0.00333
10	0.20290	0.03440	0.03688	0.01397	0.31132	0.06507	0.06458	0.05217	0.05257	0.04518	0.03253	0.00971	0.00705	0.00391	0.00357	0.00116	0.00434	0.00330	0.00247	0.05292

[dist]
# distance from previous block
# <min> <max>
0	2

[block]
# block no. 6 follows, 68 sequences, length 11
# corresponding to MSA columns:
# 367-377
name=unknown_G
#
# <colnr> <probs for GDERKNQSTAVLIFYWHMCP>
#	G	D	E	R	K	N	Q	S	T	A	V	L	I	F	Y	W	H	M	C	P
0	0.01065	0.00942	0.01281	0.04749	0.23392	0.04687	0.09278	0.23251	0.09498	0.01621	0.04777	0.05828	0.03508	0.00495	0.00409	0.00122	0.00438	0.00441	0.00299	0.03918
1	0.00993	0.00819	0.00908	0.00842	0.04536	0.00913	0.00629	0.08537	0.59253	0.03426	0.10724	0.01559	0.01403	0.00547	0.00406	0.00129	0.00316	0.00460	0.00395	0.03204
2	0.00480	0.00377	0.00434	0.00473	0.00556	0.00331	0.00335	0.00571	0.00852	0.01074	0.07569	0.39951	0.43392	0.01099	0.00485	0.00145	0.00213	0.00958	0.00372	0.00331
3	0.00639	0.00456	0.00639	0.00730	0.00821	0.00456	0.00639	0.00821	0.00913	0.01187	0.02099	0.04472	0.02282	0.01095	0.00548	0.00183	0.00365	0.80924	0.00365	0.00365
4	0.00920	0.04626	0.01131	0.05331	0.07534	0.02791	0.02646	0.01076	0.02276	0.05383	0.00774	0.01025	0.00658	0.00566	0.00846	0.00142	0.45127	0.00351	0.16338	0.00460
5	0.00540	0.00394	0.00512	0.00576	0.00641	0.00372	0.00437	0.00655	0.00851	0.01114	0.09421	0.38378	0.14033	0.04764	0.00575	0.00170	0.00270	0.25591	0.00368	0.00338
6	0.00857	0.21947	0.56706	0.01039	0.01537	0.01061	0.06382	0.01218	0.00833	0.01172	0.00726	0.03491	0.00577	0.00392	0.00358	0.00118	0.00541	0.00311	0.00176	0.00556
7	0.00715	0.02661	0.00664	0.04126	0.02011	0.03148	0.00453	0.02183	0.13062	0.04179	0.26072	0.06259	0.19070	0.12874	0.00664	0.00165	0.00288	0.00637	0.00359	0.00410
8	0.00773	0.03044	0.18684	0.03292	0.03039	0.00620	0.03481	0.00993	0.00886	0.09527	0.16364	0.15955	0.03814	0.00958	0.09919	0.00191	0.02382	0.03837	0.01786	0.00456
9	0.00857	0.03586	0.05853	0.09268	0.19458	0.04490	0.05600	0.04314	0.11489	0.01337	0.14070	0.04918	0.06381	0.00599	0.01574	0.00135	0.02569	0.02712	0.00286	0.00507
10	0.00498	0.00382	0.00436	0.00460	0.00542	0.00339	0.00323	0.00577	0.00835	0.01052	0.09254	0.27167	0.43485	0.08470	0.00658	0.03751	0.00230	0.00869	0.00354	0.00319

[dist]
# distance from previous block
# <min> <max>
0	15

[block]
# block no. 7 follows, 68 sequences, length 22
# corresponding to MSA columns:
# 393-414
name=unknown_H
#
# <colnr> <probs for GDERKNQSTAVLIFYWHMCP>
#	G	D	E	R	K	N	Q	S	T	A	V	L	I	F	Y	W	H	M	C	P
0	0.35120	0.20890	0.10026	0.00791	0.03230	0.18242	0.00700	0.03536	0.02101	0.01367	0.00614	0.00708	0.00496	0.00376	0.00295	0.00110	0.00456	0.00242	0.00216	0.00486
1	0.00896	0.03076	0.13344	0.04905	0.41907	0.00877	0.08243	0.01214	0.06153	0.02667	0.06451	0.01318	0.06304	0.00443	0.00404	0.00123	0.00457	0.00414	0.00236	0.00568
2	0.00835	0.08269	0.67263	0.01121	0.03397	0.02402	0.04275	0.01256	0.02507	0.01228	0.00779	0.00900	0.02072	0.00392	0.00386	0.00123	0.01737	0.00308	0.00179	0.00571
3	0.00602	0.00426	0.00627	0.00619	0.00670	0.00491	0.00468	0.00675	0.00610	0.00871	0.00983	0.01529	0.00945	0.07668	0.60996	0.16514	0.04367	0.00416	0.00205	0.00317
4	0.00554	0.00387	0.00480	0.00519	0.00593	0.00350	0.00369	0.00651	0.00853	0.04758	0.11232	0.46271	0.23507	0.03452	0.00531	0.00156	0.00233	0.04382	0.00377	0.00346
5	0.00621	0.00428	0.00506	0.00475	0.00589	0.00398	0.00360	0.03558	0.01055	0.02866	0.48994	0.02829	0.20887	0.00783	0.00435	0.00122	0.00201	0.00673	0.13841	0.00380
6	0.00663	0.00504	0.00593	0.00557	0.00687	0.00502	0.00421	0.01029	0.18663	0.03474	0.46280	0.07315	0.16169	0.00800	0.00454	0.00130	0.00223	0.00694	0.00416	0.00427
7	0.68186	0.00730	0.00636	0.00548	0.00798	0.00806	0.00451	0.01298	0.00769	0.17170	0.00779	0.00818	0.00562	0.00396	0.00276	0.00121	0.00306	0.00257	0.04622	0.00472
8	0.00632	0.00543	0.00696	0.00694	0.00742	0.03602	0.02916	0.00746	0.03037	0.01030	0.03255	0.49243	0.04240	0.06719	0.00744	0.00174	0.15884	0.04429	0.00315	0.00360
9	0.28449	0.01201	0.00986	0.00819	0.01086	0.22101	0.00657	0.36919	0.01311	0.01892	0.00743	0.00797	0.00558	0.00426	0.00340	0.00116	0.00467	0.00287	0.00302	0.00545
10	0.01277	0.33065	0.03472	0.00915	0.02921	0.43728	0.00754	0.03974	0.04572	0.01048	0.00649	0.00735	0.00548	0.00389	0.00324	0.00099	0.00573	0.00254	0.00205	0.00499
11	0.88866	0.00767	0.00583	0.00521	0.00767	0.00889	0.00429	0.01166	0.00675	0.01779	0.00552	0.00644	0.00429	0.00368	0.00245	0.00123	0.00307	0.00215	0.00245	0.00429
12	0.01253	0.01090	0.06383	0.02025	0.06991	0.12890	0.00750	0.31891	0.07849	0.09803	0.07960	0.04308	0.01048	0.00512	0.00396	0.00120	0.00433	0.00408	0.03311	0.00579
13	0.00503	0.00395	0.00454	0.00457	0.00561	0.00347	0.00336	0.00628	0.00959	0.01242	0.31150	0.15206	0.44409	0.00971	0.00474	0.00135	0.00200	0.00837	0.00392	0.00347
14	0.04037	0.07986	0.20590	0.02020	0.01243	0.06550	0.11796	0.05025	0.00919	0.07981	0.02811	0.07900	0.02540	0.00507	0.00440	0.00124	0.06106	0.00417	0.10506	0.00502
15	0.00579	0.00390	0.00455	0.00468	0.00478	0.00389	0.00286	0.00600	0.00618	0.00821	0.01374	0.06247	0.01576	0.73915	0.01806	0.00355	0.00376	0.08752	0.00258	0.00256
16	0.00600	0.00456	0.00633	0.00628	0.00688	0.02187	0.00476	0.00707	0.00648	0.00914	0.03077	0.03694	0.01087	0.08493	0.64617	0.06859	0.03232	0.00449	0.00220	0.00337
17	0.01041	0.21075	0.16773	0.01150	0.17778	0.01014	0.02405	0.09507	0.02357	0.07787	0.00853	0.02501	0.00695	0.00443	0.01492	0.00116	0.00450	0.02256	0.00243	0.10064
18	0.05099	0.00552	0.00619	0.00591	0.00704	0.00586	0.00429	0.04179	0.20460	0.03936	0.08785	0.14268	0.04741	0.23538	0.03905	0.00221	0.00335	0.03275	0.03364	0.00413
19	0.02440	0.04857	0.29962	0.01369	0.21556	0.09891	0.03807	0.12935	0.02523	0.05783	0.00799	0.00911	0.00599	0.00394	0.00379	0.00119	0.00524	0.00323	0.00235	0.00594
