[name]
unknown

[dist]
# distance from previous block
# <min> <max>
0	41

[block]
# block no. 0 follows, 74 sequences, length 16
# corresponding to MSA columns:
# 41-56
name=unknown_A
#
# <colnr> <probs for GDERKNQSTAVLIFYWHMCP>
#	G	D	E	R	K	N	Q	S	T	A	V	L	I	F	Y	W	H	M	C	P
0	0.02568	0.03551	0.05883	0.02285	0.16166	0.06009	0.03770	0.10776	0.15979	0.05832	0.08466	0.02478	0.01025	0.00455	0.00366	0.00110	0.00379	0.03248	0.00286	0.10368
1	0.04271	0.05549	0.04448	0.02278	0.27508	0.01908	0.02690	0.10054	0.10641	0.02917	0.06332	0.03649	0.00883	0.00411	0.00350	0.00104	0.00370	0.00356	0.00257	0.15022
2	0.00927	0.02538	0.03648	0.08985	0.39922	0.02951	0.00870	0.01217	0.09342	0.08998	0.05563	0.01163	0.03527	0.00404	0.00363	0.00109	0.00390	0.00361	0.00247	0.08477
3	0.06819	0.00648	0.02192	0.04455	0.17459	0.00623	0.06885	0.01037	0.07489	0.06610	0.25852	0.03865	0.07409	0.00550	0.00390	0.00115	0.00316	0.01500	0.00305	0.05482
4	0.00819	0.00694	0.02334	0.13448	0.07256	0.00603	0.00607	0.03135	0.03525	0.05139	0.05604	0.00976	0.00753	0.00343	0.00317	0.00080	0.00325	0.00288	0.00239	0.53514
5	0.00838	0.00721	0.01192	0.54990	0.24332	0.00821	0.01012	0.01091	0.02946	0.07399	0.00753	0.01002	0.00568	0.00370	0.00370	0.00119	0.00462	0.00336	0.00198	0.00480
6	0.00832	0.00741	0.01154	0.64353	0.10815	0.00881	0.00992	0.13607	0.00907	0.01189	0.00699	0.00967	0.00525	0.00378	0.00371	0.00120	0.00476	0.00331	0.00199	0.00464
7	0.00719	0.00678	0.01146	0.79155	0.09325	0.00829	0.01040	0.00964	0.00751	0.00970	0.00663	0.00984	0.00502	0.00368	0.00371	0.00123	0.00490	0.00330	0.00166	0.00427
8	0.00540	0.00360	0.00405	0.00405	0.00405	0.00360	0.00225	0.00540	0.00540	0.00720	0.01170	0.02429	0.01349	0.86955	0.01889	0.00360	0.00360	0.00540	0.00225	0.00225
9	0.13278	0.00445	0.00515	0.00473	0.00600	0.00429	0.00364	0.00816	0.00968	0.07459	0.56983	0.02450	0.12450	0.00700	0.00404	0.00117	0.00203	0.00596	0.00379	0.00373
10	0.89577	0.00718	0.00546	0.00488	0.00718	0.00833	0.00402	0.01091	0.00632	0.01665	0.00517	0.00603	0.00402	0.00345	0.00230	0.00115	0.00287	0.00201	0.00230	0.00402
11	0.00991	0.00715	0.01035	0.23049	0.19513	0.00760	0.00791	0.10017	0.06551	0.17056	0.06298	0.01361	0.07775	0.00472	0.00396	0.00118	0.01893	0.00403	0.00291	0.00515
12	0.00912	0.00822	0.01346	0.24287	0.47402	0.00869	0.04074	0.06399	0.03587	0.03939	0.00753	0.00962	0.00593	0.00357	0.00370	0.00114	0.00448	0.00337	0.00207	0.02222
13	0.03931	0.03271	0.03344	0.07832	0.17245	0.03729	0.03128	0.13490	0.14858	0.10436	0.03713	0.01051	0.00788	0.00410	0.00371	0.00109	0.01896	0.00341	0.00283	0.09772
14	0.18246	0.02706	0.02574	0.00740	0.02924	0.06747	0.04150	0.10665	0.10407	0.12280	0.04423	0.08364	0.01950	0.00486	0.00369	0.00113	0.02825	0.00386	0.00300	0.09346
15	0.06029	0.14777	0.11887	0.02146	0.02135	0.09414	0.03856	0.07099	0.06873	0.11303	0.06184	0.02325	0.07173	0.00459	0.00358	0.00107	0.01792	0.00360	0.00270	0.05453

[dist]
# distance from previous block
# <min> <max>
4	42

[block]
# block no. 1 follows, 74 sequences, length 25
# corresponding to MSA columns:
# 99-123
name=unknown_B
#
# <colnr> <probs for GDERKNQSTAVLIFYWHMCP>
#	G	D	E	R	K	N	Q	S	T	A	V	L	I	F	Y	W	H	M	C	P
0	0.01878	0.00906	0.01176	0.24294	0.23964	0.06776	0.00889	0.10924	0.09842	0.04243	0.00967	0.01139	0.02830	0.00446	0.00395	0.00125	0.00452	0.00362	0.00267	0.08123
1	0.01904	0.03097	0.01031	0.29489	0.12429	0.03581	0.02973	0.03431	0.14100	0.06359	0.05392	0.01376	0.09316	0.00465	0.00374	0.00117	0.00392	0.00401	0.00260	0.03514
2	0.08654	0.00970	0.00957	0.10785	0.01155	0.20055	0.00686	0.05521	0.08840	0.05285	0.04958	0.00959	0.00727	0.00470	0.00548	0.00119	0.20874	0.00316	0.00239	0.07881
3	0.03775	0.00542	0.00625	0.03405	0.02974	0.02683	0.00437	0.06309	0.04057	0.08513	0.26851	0.06322	0.21200	0.05020	0.00477	0.00128	0.00261	0.00578	0.00345	0.05496
4	0.33228	0.00779	0.00841	0.18537	0.03007	0.03961	0.00633	0.14469	0.04402	0.08314	0.00789	0.03073	0.00607	0.00411	0.00333	0.00116	0.01928	0.00305	0.02189	0.02079
5	0.00755	0.00717	0.01141	0.70451	0.08128	0.02465	0.01009	0.03062	0.00769	0.00998	0.00655	0.00964	0.00504	0.00390	0.00430	0.00125	0.06510	0.00328	0.00172	0.00430
6	0.02050	0.00527	0.00660	0.00579	0.00746	0.00495	0.00449	0.08543	0.02510	0.28494	0.18419	0.19252	0.08133	0.03083	0.00453	0.00130	0.00266	0.02677	0.00391	0.02142
7	0.00524	0.00405	0.00511	0.00520	0.00618	0.00377	0.02021	0.00647	0.00853	0.02180	0.15358	0.15423	0.35967	0.02234	0.00498	0.00142	0.02150	0.18895	0.00346	0.00332
8	0.01272	0.01508	0.01017	0.00912	0.01100	0.62257	0.00695	0.05945	0.13469	0.01092	0.02309	0.00836	0.00642	0.00425	0.00391	0.00105	0.05045	0.00284	0.00231	0.00462
9	0.00876	0.00941	0.01891	0.03940	0.01724	0.00966	0.60868	0.01151	0.02406	0.02990	0.00726	0.00976	0.00565	0.00389	0.00590	0.00132	0.17782	0.00410	0.00192	0.00484
10	0.00448	0.00376	0.00389	0.00386	0.00507	0.00317	0.00289	0.00551	0.00868	0.01055	0.12364	0.03487	0.75853	0.00921	0.00439	0.00124	0.00187	0.00771	0.00352	0.00317
11	0.00770	0.00660	0.00770	0.00550	0.00880	0.00495	0.00440	0.00935	0.00770	0.01210	0.00660	0.00770	0.00550	0.00275	0.00275	0.00055	0.00275	0.00220	0.00220	0.89224
12	0.01865	0.39192	0.14096	0.01005	0.10143	0.01138	0.11302	0.07534	0.01722	0.03274	0.00659	0.00767	0.00531	0.00337	0.00311	0.00097	0.00444	0.00273	0.00195	0.05114
13	0.00855	0.35796	0.50476	0.00888	0.01338	0.02654	0.01067	0.01156	0.00777	0.01051	0.00605	0.00707	0.00473	0.00339	0.00307	0.00102	0.00491	0.00244	0.00158	0.00518
14	0.00441	0.00374	0.00381	0.00383	0.00504	0.00314	0.00286	0.00536	0.00846	0.01013	0.05696	0.06634	0.79442	0.00944	0.00440	0.00126	0.00189	0.00791	0.00346	0.00314
15	0.00466	0.00337	0.00442	0.00522	0.00553	0.00318	0.00356	0.00553	0.02247	0.00967	0.02093	0.79177	0.05294	0.01138	0.00472	0.00150	0.00221	0.04039	0.00345	0.00309
16	0.01996	0.09494	0.25447	0.00979	0.01292	0.43695	0.05911	0.01328	0.02489	0.01020	0.00643	0.01922	0.00520	0.00379	0.00348	0.00105	0.01502	0.00273	0.00184	0.00474
17	0.01052	0.74160	0.01809	0.00684	0.00982	0.14272	0.00648	0.01168	0.00800	0.00879	0.00525	0.00607	0.00477	0.00327	0.00253	0.00082	0.00438	0.00205	0.00164	0.00469
18	0.02124	0.01423	0.44713	0.01443	0.30418	0.02658	0.02072	0.02590	0.00838	0.04792	0.00712	0.00850	0.00536	0.00349	0.00356	0.00113	0.00491	0.00298	0.00187	0.03039
19	0.00909	0.24439	0.47367	0.00979	0.04296	0.04561	0.04269	0.02511	0.00823	0.05638	0.00674	0.00770	0.00507	0.00350	0.00327	0.00106	0.00498	0.00267	0.00181	0.00530
20	0.00452	0.00325	0.00428	0.00510	0.00537	0.00302	0.00342	0.00518	0.00717	0.00950	0.02124	0.82930	0.06188	0.01153	0.00472	0.00150	0.00214	0.01043	0.00345	0.00302
21	0.01334	0.01674	0.01113	0.01010	0.03131	0.76458	0.05020	0.02664	0.01043	0.00952	0.00614	0.02082	0.00519	0.00391	0.00344	0.00099	0.00651	0.00266	0.00196	0.00439
22	0.00904	0.04259	0.60091	0.01083	0.05990	0.09760	0.02879	0.03995	0.00864	0.05778	0.00707	0.00808	0.00510	0.00362	0.00352	0.00114	0.00535	0.00282	0.00186	0.00542
23	0.01597	0.00641	0.00857	0.00661	0.00939	0.00568	0.00544	0.06005	0.01097	0.76588	0.05423	0.01317	0.01028	0.00473	0.00376	0.00115	0.00314	0.00386	0.00452	0.00618
24	0.00493	0.00394	0.00418	0.00413	0.00539	0.00340	0.00316	0.00619	0.02645	0.03025	0.10817	0.03428	0.69640	0.00907	0.00439	0.00126	0.00199	0.04554	0.00354	0.00331

[dist]
# distance from previous block
# <min> <max>
0	1

[block]
# block no. 2 follows, 74 sequences, length 50
# corresponding to MSA columns:
# 125-174
name=unknown_C
#
# <colnr> <probs for GDERKNQSTAVLIFYWHMCP>
#	G	D	E	R	K	N	Q	S	T	A	V	L	I	F	Y	W	H	M	C	P
0	0.00986	0.00835	0.01390	0.08770	0.63428	0.00841	0.02785	0.01234	0.04058	0.10829	0.00816	0.00984	0.00639	0.00355	0.00370	0.00113	0.00429	0.00341	0.00221	0.00577
1	0.00470	0.00346	0.00443	0.00515	0.00552	0.00327	0.00349	0.00576	0.03925	0.00982	0.03195	0.76323	0.08383	0.01116	0.00467	0.00148	0.00216	0.01006	0.00347	0.00314
2	0.00452	0.00325	0.00429	0.00511	0.00537	0.00302	0.00342	0.00517	0.00716	0.00950	0.02115	0.83372	0.05751	0.01154	0.00472	0.00150	0.00214	0.01044	0.00345	0.00302
3	0.00770	0.00660	0.00770	0.00550	0.00880	0.00495	0.00440	0.00935	0.00770	0.01210	0.00660	0.00770	0.00550	0.00275	0.00275	0.00055	0.00275	0.00220	0.00220	0.89224
4	0.01333	0.01039	0.02517	0.01021	0.10014	0.02332	0.02432	0.68509	0.02724	0.03044	0.00874	0.00902	0.00630	0.00429	0.00372	0.00112	0.00420	0.00335	0.00343	0.00619
5	0.01387	0.01769	0.01052	0.00956	0.01148	0.85465	0.00717	0.01482	0.01052	0.00908	0.00574	0.00669	0.00478	0.00383	0.00335	0.00096	0.00669	0.00239	0.00191	0.00430
6	0.00530	0.00398	0.00597	0.00597	0.00663	0.00464	0.00464	0.00663	0.00597	0.00862	0.00994	0.01458	0.00928	0.02784	0.85484	0.00597	0.00994	0.00398	0.00199	0.00331
7	0.01368	0.05722	0.01093	0.00941	0.01138	0.81578	0.00713	0.01465	0.01038	0.00907	0.00571	0.00666	0.00478	0.00379	0.00330	0.00095	0.00657	0.00237	0.00190	0.00432
8	0.00540	0.00360	0.00405	0.00405	0.00405	0.00360	0.00225	0.00540	0.00540	0.00720	0.01170	0.02429	0.01349	0.86955	0.01889	0.00360	0.00360	0.00540	0.00225	0.00225
9	0.00744	0.01920	0.85032	0.01058	0.01607	0.00862	0.01371	0.01176	0.00784	0.01176	0.00666	0.00784	0.00470	0.00353	0.00353	0.00118	0.00549	0.00274	0.00157	0.00549
10	0.00441	0.00375	0.00381	0.00382	0.00504	0.00314	0.00286	0.00537	0.00848	0.01014	0.05905	0.05720	0.80150	0.00941	0.00440	0.00126	0.00188	0.00787	0.00346	0.00314
11	0.00810	0.00807	0.01142	0.02176	0.01013	0.01099	0.02557	0.00902	0.00587	0.00915	0.00503	0.00817	0.00492	0.00621	0.01146	0.00156	0.79251	0.00322	0.00166	0.04518
12	0.00919	0.00882	0.01507	0.02278	0.84640	0.00882	0.01139	0.01139	0.00845	0.01213	0.00698	0.00919	0.00588	0.00331	0.00367	0.00110	0.00441	0.00331	0.00184	0.00588
13	0.00943	0.00791	0.00833	0.00742	0.00951	0.00909	0.00579	0.07201	0.74515	0.01595	0.01456	0.01353	0.01092	0.00496	0.00371	0.00123	0.00295	0.00410	0.04766	0.00578
14	0.00500	0.00378	0.00462	0.00441	0.00539	0.00340	0.00331	0.00652	0.00992	0.01349	0.61252	0.03002	0.26781	0.00811	0.00438	0.00119	0.00179	0.00704	0.00390	0.00340
15	0.00625	0.00332	0.00486	0.00486	0.00492	0.00338	0.00325	0.00504	0.00499	0.00670	0.00724	0.01278	0.00735	0.09388	0.08728	0.73305	0.00384	0.00349	0.00170	0.00182
16	0.01319	0.01653	0.01077	0.01011	0.04488	0.74977	0.00742	0.01419	0.01003	0.00919	0.00571	0.00691	0.00483	0.00403	0.00410	0.00102	0.07856	0.00250	0.00189	0.00435
17	0.00449	0.00371	0.00394	0.00399	0.00510	0.00316	0.00295	0.00548	0.00854	0.01047	0.11826	0.11605	0.68219	0.00943	0.00442	0.00127	0.00189	0.00798	0.00351	0.00316
18	0.00843	0.00840	0.01257	0.46899	0.33624	0.08135	0.01045	0.01067	0.00808	0.01045	0.00667	0.00935	0.00529	0.00357	0.00367	0.00116	0.00489	0.00322	0.00174	0.00481
19	0.00934	0.00888	0.01502	0.03373	0.78104	0.00893	0.03142	0.04443	0.00881	0.01254	0.00707	0.00921	0.00588	0.00335	0.00369	0.00111	0.00445	0.00333	0.00191	0.00585
20	0.01008	0.01015	0.01180	0.04035	0.01185	0.21231	0.13619	0.06057	0.01763	0.05993	0.00788	0.01019	0.02463	0.01840	0.06797	0.00165	0.27157	0.01112	0.01128	0.00445
21	0.12183	0.01451	0.06608	0.01162	0.17641	0.50694	0.00803	0.02301	0.00949	0.02083	0.00612	0.00728	0.00497	0.00367	0.00330	0.00103	0.00562	0.00257	0.00197	0.00470
22	0.01479	0.00630	0.00815	0.00637	0.00898	0.00571	0.00522	0.09230	0.01095	0.64941	0.03470	0.01416	0.06207	0.00494	0.00372	0.00114	0.00304	0.00401	0.05818	0.00588
23	0.00929	0.00875	0.01435	0.04831	0.73367	0.00892	0.01083	0.04079	0.06525	0.01267	0.00759	0.00952	0.00624	0.00348	0.00368	0.00112	0.00432	0.00337	0.00203	0.00584
24	0.00709	0.00668	0.01128	0.82843	0.05712	0.00827	0.01035	0.00956	0.00746	0.00959	0.00661	0.00987	0.00498	0.00370	0.00371	0.00123	0.00493	0.00330	0.00166	0.00419
25	0.00616	0.00401	0.00518	0.00476	0.00584	0.00364	0.00361	0.00782	0.01035	0.08631	0.70644	0.02709	0.09959	0.00748	0.00432	0.00117	0.00188	0.00655	0.00408	0.00371
26	0.03231	0.00608	0.00799	0.00624	0.00886	0.00540	0.00512	0.03319	0.01034	0.71744	0.01405	0.01258	0.00907	0.00454	0.00357	0.00111	0.00300	0.00366	0.10952	0.00593
27	0.00455	0.00326	0.00433	0.00513	0.00538	0.00304	0.00344	0.00524	0.00726	0.00970	0.05349	0.82166	0.03688	0.01144	0.00472	0.00149	0.00213	0.01036	0.00347	0.00304
28	0.00876	0.01001	0.02190	0.01564	0.01940	0.00939	0.83292	0.01189	0.00876	0.01189	0.00751	0.01001	0.00563	0.00313	0.00438	0.00125	0.00626	0.00438	0.00188	0.00501
29	0.00585	0.00416	0.00572	0.00650	0.00725	0.00414	0.00552	0.00735	0.00819	0.01068	0.01901	0.08623	0.02086	0.08433	0.00629	0.00186	0.00336	0.70607	0.00332	0.00329
30	0.00770	0.00660	0.00770	0.00550	0.00880	0.00495	0.00440	0.00935	0.00770	0.01210	0.00660	0.00770	0.00550	0.00275	0.00275	0.00055	0.00275	0.00220	0.00220	0.89224
31	0.00744	0.01920	0.85032	0.01058	0.01607	0.00862	0.01371	0.01176	0.00784	0.01176	0.00666	0.00784	0.00470	0.00353	0.00353	0.00118	0.00549	0.00274	0.00157	0.00549
32	0.89577	0.00718	0.00546	0.00488	0.00718	0.00833	0.00402	0.01091	0.00632	0.01665	0.00517	0.00603	0.00402	0.00345	0.00230	0.00115	0.00287	0.00201	0.00230	0.00402
33	0.00452	0.00323	0.00431	0.00517	0.00538	0.00301	0.00345	0.00517	0.00711	0.00948	0.02046	0.86713	0.02455	0.01163	0.00474	0.00151	0.00215	0.01055	0.00345	0.00301
34	0.00452	0.00323	0.00431	0.00517	0.00538	0.00301	0.00345	0.00517	0.00711	0.00948	0.02046	0.86713	0.02455	0.01163	0.00474	0.00151	0.00215	0.01055	0.00345	0.00301
35	0.00444	0.00376	0.00384	0.00389	0.00510	0.00316	0.00293	0.00539	0.00843	0.01004	0.03663	0.05788	0.79941	0.00948	0.00442	0.00127	0.00193	0.03141	0.00345	0.00314
36	0.00531	0.00395	0.00585	0.00585	0.00647	0.00457	0.00449	0.00655	0.00593	0.00853	0.01005	0.01519	0.00954	0.08030	0.80274	0.00582	0.00955	0.00407	0.00200	0.00325
37	0.01469	0.00946	0.01056	0.00810	0.01104	0.01012	0.00669	0.64688	0.01589	0.21275	0.01023	0.00977	0.00697	0.00449	0.00372	0.00112	0.00387	0.00343	0.00392	0.00631
38	0.00510	0.00347	0.00441	0.00500	0.00548	0.00323	0.00347	0.00600	0.00730	0.01033	0.01851	0.66164	0.02124	0.01005	0.00434	0.00137	0.00217	0.04443	0.13778	0.04468
39	0.00495	0.00395	0.00445	0.00433	0.00545	0.00355	0.00325	0.00663	0.04766	0.01212	0.34430	0.06210	0.46675	0.00859	0.00437	0.00123	0.00189	0.00734	0.00371	0.00340
40	0.00443	0.00376	0.00381	0.00380	0.00504	0.00315	0.00285	0.00540	0.00855	0.01024	0.07364	0.03536	0.80872	0.00932	0.00439	0.00125	0.00187	0.00778	0.00348	0.00315
41	0.01424	0.00963	0.01057	0.00814	0.01104	0.01044	0.00671	0.68544	0.03099	0.14191	0.00991	0.00963	0.00688	0.00448	0.00369	0.00112	0.00388	0.00342	0.02161	0.00625
42	0.00992	0.87178	0.01945	0.00635	0.00953	0.01469	0.00635	0.01111	0.00754	0.00873	0.00516	0.00595	0.00476	0.00318	0.00238	0.00079	0.00397	0.00198	0.00159	0.00476
43	0.00439	0.00376	0.00376	0.00376	0.00501	0.00313	0.00282	0.00533	0.00846	0.01003	0.03760	0.03572	0.84489	0.00940	0.00439	0.00125	0.00188	0.00783	0.00345	0.00313
44	0.00450	0.00332	0.00422	0.00494	0.00532	0.00303	0.00334	0.00519	0.00733	0.00957	0.02325	0.73150	0.15837	0.01127	0.00468	0.00147	0.00211	0.01011	0.00345	0.00303
45	0.04044	0.01768	0.72926	0.01072	0.01588	0.00861	0.08372	0.01188	0.00792	0.03049	0.00686	0.00806	0.00486	0.00351	0.00356	0.00118	0.00540	0.00288	0.00169	0.00541
46	0.00876	0.01075	0.08751	0.01511	0.01899	0.00937	0.75251	0.02714	0.00885	0.01209	0.00747	0.00982	0.00557	0.00319	0.00430	0.00124	0.00616	0.00423	0.00189	0.00507
47	0.00540	0.00360	0.00405	0.00405	0.00405	0.00360	0.00225	0.00540	0.00540	0.00720	0.01170	0.02429	0.01349	0.86955	0.01889	0.00360	0.00360	0.00540	0.00225	0.00225
48	0.00678	0.00349	0.00359	0.00356	0.00443	0.00346	0.00267	0.00851	0.00802	0.01393	0.08378	0.01503	0.01171	0.00461	0.00275	0.00089	0.00173	0.00374	0.81385	0.00346
49	0.26139	0.14412	0.09959	0.00866	0.01168	0.14968	0.16111	0.03925	0.00831	0.02117	0.00638	0.02061	0.00515	0.00356	0.00312	0.00106	0.00461	0.00279	0.00205	0.04571

[dist]
# distance from previous block
# <min> <max>
0	3

[block]
# block no. 3 follows, 74 sequences, length 44
# corresponding to MSA columns:
# 178-221
name=unknown_D
#
# <colnr> <probs for GDERKNQSTAVLIFYWHMCP>
#	G	D	E	R	K	N	Q	S	T	A	V	L	I	F	Y	W	H	M	C	P
0	0.00663	0.00428	0.00568	0.00507	0.00624	0.00407	0.05747	0.02556	0.00925	0.04507	0.34851	0.06360	0.06503	0.00622	0.00370	0.00108	0.00217	0.00543	0.33124	0.00370
1	0.00800	0.07419	0.72835	0.01033	0.01548	0.00919	0.03527	0.05583	0.00836	0.01219	0.00671	0.00783	0.00482	0.00354	0.00349	0.00115	0.00533	0.00277	0.00169	0.00547
2	0.00856	0.00709	0.00764	0.00687	0.00875	0.00794	0.00533	0.04550	0.61106	0.02723	0.15377	0.01728	0.06547	0.00570	0.00391	0.00124	0.00272	0.00480	0.00382	0.00534
3	0.00490	0.00370	0.00453	0.00449	0.00537	0.00333	0.00330	0.00626	0.00943	0.01273	0.49750	0.15476	0.25874	0.00869	0.00443	0.00124	0.00185	0.00760	0.00381	0.00333
4	0.00520	0.00379	0.00488	0.00461	0.00551	0.00348	0.00346	0.00689	0.01037	0.01456	0.79110	0.02826	0.08856	0.00771	0.00438	0.00117	0.00176	0.00679	0.00404	0.00348
5	0.00598	0.00427	0.00598	0.00684	0.00769	0.00427	0.00598	0.00769	0.00854	0.01111	0.01965	0.04187	0.02136	0.01025	0.00513	0.00171	0.00342	0.82141	0.00342	0.00342
6	0.89577	0.00718	0.00546	0.00488	0.00718	0.00833	0.00402	0.01091	0.00632	0.01665	0.00517	0.00603	0.00402	0.00345	0.00230	0.00115	0.00287	0.00201	0.00230	0.00402
7	0.00992	0.87178	0.01945	0.00635	0.00953	0.01469	0.00635	0.01111	0.00754	0.00873	0.00516	0.00595	0.00476	0.00318	0.00238	0.00079	0.00397	0.00198	0.00159	0.00476
8	0.00525	0.00379	0.00496	0.00467	0.00555	0.00350	0.00350	0.00700	0.01051	0.01488	0.84444	0.02773	0.03502	0.00759	0.00438	0.00117	0.00175	0.00671	0.00409	0.00350
9	0.01321	0.00995	0.01063	0.00836	0.01117	0.01109	0.00684	0.68346	0.16948	0.02194	0.01006	0.00982	0.00724	0.00456	0.00372	0.00114	0.00387	0.00350	0.00372	0.00623
10	0.00530	0.00398	0.00597	0.00597	0.00663	0.00464	0.00464	0.00663	0.00597	0.00862	0.00994	0.01458	0.00928	0.02784	0.85484	0.00597	0.00994	0.00398	0.00199	0.00331
11	0.89577	0.00718	0.00546	0.00488	0.00718	0.00833	0.00402	0.01091	0.00632	0.01665	0.00517	0.00603	0.00402	0.00345	0.00230	0.00115	0.00287	0.00201	0.00230	0.00402
12	0.01665	0.00632	0.00861	0.00660	0.00948	0.00546	0.00546	0.01809	0.01062	0.84897	0.01464	0.01263	0.00919	0.00459	0.00373	0.00115	0.00316	0.00373	0.00459	0.00632
13	0.00692	0.00346	0.00346	0.00346	0.00432	0.00346	0.00259	0.00865	0.00778	0.01384	0.01211	0.01384	0.00951	0.00432	0.00259	0.00086	0.00173	0.00346	0.89016	0.00346
14	0.00692	0.00346	0.00346	0.00346	0.00432	0.00346	0.00259	0.00865	0.00778	0.01384	0.01211	0.01384	0.00951	0.00432	0.00259	0.00086	0.00173	0.00346	0.89016	0.00346
15	0.00449	0.00376	0.00390	0.00387	0.00508	0.00318	0.00290	0.00553	0.00870	0.01061	0.13361	0.03477	0.74852	0.00918	0.00439	0.00124	0.00186	0.00770	0.00352	0.00318
16	0.00992	0.87178	0.01945	0.00635	0.00953	0.01469	0.00635	0.01111	0.00754	0.00873	0.00516	0.00595	0.00476	0.00318	0.00238	0.00079	0.00397	0.00198	0.00159	0.00476
17	0.00992	0.87178	0.01945	0.00635	0.00953	0.01469	0.00635	0.01111	0.00754	0.00873	0.00516	0.00595	0.00476	0.00318	0.00238	0.00079	0.00397	0.00198	0.00159	0.00476
18	0.00535	0.00379	0.00504	0.00504	0.00538	0.00414	0.00349	0.00603	0.00569	0.00793	0.01079	0.01926	0.01131	0.43374	0.45172	0.00482	0.00688	0.00466	0.00211	0.00280
19	0.00949	0.00810	0.00854	0.00761	0.00975	0.00935	0.00594	0.06341	0.79558	0.01595	0.01478	0.01358	0.01106	0.00500	0.00377	0.00125	0.00300	0.00415	0.00377	0.00590
20	0.01660	0.00641	0.00867	0.00665	0.00952	0.00559	0.00549	0.03600	0.01077	0.83084	0.01452	0.01255	0.00913	0.00459	0.00373	0.00115	0.00318	0.00372	0.00457	0.00632
21	0.00699	0.00652	0.01069	0.67937	0.09786	0.00778	0.00955	0.00942	0.02174	0.00998	0.02634	0.01247	0.07759	0.00426	0.00378	0.00123	0.00454	0.00377	0.00191	0.00422
22	0.01555	0.00809	0.00971	0.00745	0.01036	0.00809	0.00615	0.37356	0.01360	0.48930	0.01215	0.01101	0.00794	0.00453	0.00372	0.00113	0.00356	0.00356	0.00421	0.00631
23	0.00452	0.00323	0.00431	0.00517	0.00538	0.00301	0.00345	0.00517	0.00711	0.00948	0.02046	0.86713	0.02455	0.01163	0.00474	0.00151	0.00215	0.01055	0.00345	0.00301
24	0.17991	0.62583	0.05738	0.00642	0.00949	0.05055	0.00630	0.01127	0.00745	0.01042	0.00526	0.00609	0.00462	0.00327	0.00246	0.00089	0.00395	0.00205	0.00174	0.00464
25	0.00692	0.00346	0.00346	0.00346	0.00432	0.00346	0.00259	0.00865	0.00778	0.01384	0.01211	0.01384	0.00951	0.00432	0.00259	0.00086	0.00173	0.00346	0.89016	0.00346
26	0.01001	0.85365	0.01926	0.00642	0.00957	0.03252	0.00637	0.01119	0.00761	0.00874	0.00517	0.00597	0.00476	0.00319	0.00240	0.00080	0.00403	0.00199	0.00159	0.00475
27	0.00540	0.00367	0.00423	0.00431	0.00446	0.00364	0.00265	0.00562	0.00587	0.00773	0.01380	0.02662	0.05656	0.74041	0.01679	0.00329	0.00349	0.08662	0.00243	0.00241
28	0.00452	0.00374	0.00399	0.00413	0.00524	0.00320	0.00311	0.00550	0.00837	0.01014	0.05159	0.12384	0.68732	0.00965	0.00447	0.00131	0.00201	0.06126	0.00346	0.00315
29	0.00506	0.00379	0.00469	0.00446	0.00543	0.00342	0.00335	0.00663	0.01005	0.01379	0.66263	0.02953	0.21752	0.00800	0.00438	0.00119	0.00178	0.00697	0.00394	0.00342
30	0.00812	0.00812	0.01137	0.00975	0.00975	0.01137	0.00812	0.00893	0.00568	0.00893	0.00487	0.00812	0.00487	0.00650	0.01218	0.00162	0.86276	0.00325	0.00162	0.00406
31	0.00530	0.00398	0.00597	0.00597	0.00663	0.00464	0.00464	0.00663	0.00597	0.00862	0.00994	0.01458	0.00928	0.02784	0.85484	0.00597	0.00994	0.00398	0.00199	0.00331
32	0.01665	0.00632	0.00861	0.00660	0.00948	0.00546	0.00546	0.01809	0.01062	0.84897	0.01464	0.01263	0.00919	0.00459	0.00373	0.00115	0.00316	0.00373	0.00459	0.00632
33	0.00812	0.00812	0.01137	0.00975	0.00975	0.01137	0.00812	0.00893	0.00568	0.00893	0.00487	0.00812	0.00487	0.00650	0.01218	0.00162	0.86276	0.00325	0.00162	0.00406
34	0.01369	0.01008	0.01084	0.00839	0.01124	0.01114	0.00690	0.79756	0.01700	0.02278	0.00942	0.04666	0.00711	0.00477	0.00376	0.00113	0.00400	0.00366	0.00370	0.00617
35	0.00692	0.00346	0.00346	0.00346	0.00432	0.00346	0.00259	0.00865	0.00778	0.01384	0.01211	0.01384	0.00951	0.00432	0.00259	0.00086	0.00173	0.00346	0.89016	0.00346
36	0.00452	0.00323	0.00431	0.00517	0.00538	0.00301	0.00345	0.00517	0.00711	0.00948	0.02046	0.86713	0.02455	0.01163	0.00474	0.00151	0.00215	0.01055	0.00345	0.00301
37	0.00520	0.00379	0.00488	0.00461	0.00551	0.00348	0.00346	0.00690	0.01037	0.01457	0.79171	0.02825	0.08795	0.00771	0.00438	0.00117	0.00176	0.00679	0.00404	0.00348
38	0.00783	0.00668	0.00777	0.00556	0.00885	0.00509	0.00446	0.02702	0.00791	0.01234	0.00665	0.00772	0.00552	0.00279	0.00277	0.00056	0.00278	0.00222	0.00223	0.87326
39	0.00448	0.00373	0.00391	0.00394	0.00509	0.00316	0.00292	0.00547	0.00856	0.01044	0.11082	0.08932	0.71667	0.00938	0.00441	0.00126	0.00189	0.00791	0.00351	0.00316
40	0.00976	0.81607	0.07375	0.00663	0.00995	0.01429	0.00683	0.01116	0.00756	0.00893	0.00526	0.00608	0.00476	0.00320	0.00246	0.00082	0.00407	0.00203	0.00159	0.00481
41	0.00530	0.00408	0.00474	0.00456	0.00563	0.00373	0.00341	0.05051	0.00971	0.01283	0.38938	0.11551	0.35989	0.00856	0.00438	0.00123	0.00197	0.00738	0.00374	0.00345
42	0.00888	0.00765	0.00808	0.00733	0.00935	0.00877	0.00571	0.01862	0.77220	0.01511	0.01644	0.01579	0.05633	0.00541	0.00385	0.00127	0.00289	0.02691	0.00375	0.00566
43	0.00962	0.02692	0.05750	0.02768	0.29539	0.00817	0.08068	0.11636	0.10083	0.08879	0.01085	0.14083	0.00956	0.00503	0.00389	0.00120	0.00397	0.00459	0.00276	0.00538

[dist]
# distance from previous block
# <min> <max>
0	1

[block]
# block no. 4 follows, 74 sequences, length 26
# corresponding to MSA columns:
# 223-248
name=unknown_E
#
# <colnr> <probs for GDERKNQSTAVLIFYWHMCP>
#	G	D	E	R	K	N	Q	S	T	A	V	L	I	F	Y	W	H	M	C	P
0	0.00439	0.00376	0.00376	0.00376	0.00501	0.00313	0.00282	0.00533	0.00846	0.01003	0.03760	0.03572	0.84489	0.00940	0.00439	0.00125	0.00188	0.00783	0.00345	0.00313
1	0.00911	0.00875	0.01494	0.05046	0.81928	0.00880	0.01136	0.01133	0.00842	0.01204	0.00697	0.00921	0.00585	0.00332	0.00368	0.00111	0.00443	0.00331	0.00183	0.00582
2	0.00518	0.00379	0.00486	0.00459	0.00550	0.00347	0.00345	0.00686	0.01034	0.01448	0.77714	0.02839	0.10257	0.00774	0.00438	0.00117	0.00176	0.00681	0.00403	0.00347
3	0.00452	0.00323	0.00431	0.00517	0.00538	0.00301	0.00345	0.00517	0.00711	0.00948	0.02046	0.86713	0.02455	0.01163	0.00474	0.00151	0.00215	0.01055	0.00345	0.00301
4	0.00530	0.00398	0.00597	0.00597	0.00663	0.00464	0.00464	0.00663	0.00597	0.00862	0.00994	0.01458	0.00928	0.02784	0.85484	0.00597	0.00994	0.00398	0.00199	0.00331
5	0.00506	0.00379	0.00470	0.00447	0.00543	0.00342	0.00335	0.00664	0.01006	0.01382	0.66699	0.02949	0.21314	0.00799	0.00438	0.00119	0.00178	0.00696	0.00395	0.00342
6	0.00540	0.00360	0.00405	0.00405	0.00405	0.00360	0.00225	0.00540	0.00540	0.00720	0.01170	0.02429	0.01349	0.86955	0.01889	0.00360	0.00360	0.00540	0.00225	0.00225
7	0.00525	0.00379	0.00496	0.00467	0.00555	0.00350	0.00350	0.00700	0.01051	0.01488	0.84444	0.02773	0.03502	0.00759	0.00438	0.00117	0.00175	0.00671	0.00409	0.00350
8	0.00923	0.00797	0.00839	0.00755	0.00965	0.00923	0.00588	0.01972	0.83969	0.01553	0.01511	0.01385	0.01133	0.00504	0.00378	0.00126	0.00294	0.00420	0.00378	0.00588
9	0.00439	0.00376	0.00376	0.00376	0.00501	0.00313	0.00282	0.00533	0.00846	0.01003	0.03760	0.03572	0.84489	0.00940	0.00439	0.00125	0.00188	0.00783	0.00345	0.00313
10	0.05959	0.05658	0.09114	0.00867	0.01117	0.42588	0.01899	0.07726	0.05067	0.10976	0.02331	0.00854	0.00634	0.00442	0.01692	0.00113	0.01945	0.00285	0.00246	0.00487
11	0.00447	0.00378	0.00387	0.00389	0.00512	0.00318	0.00294	0.00546	0.00854	0.01025	0.06772	0.03561	0.78869	0.00936	0.00441	0.00126	0.00192	0.03289	0.00347	0.00316
12	0.01000	0.74890	0.06419	0.00704	0.01027	0.06611	0.02955	0.01140	0.00778	0.00901	0.00534	0.00621	0.00479	0.00323	0.00256	0.00084	0.00428	0.00212	0.00161	0.00478
13	0.00765	0.01701	0.69023	0.04324	0.06368	0.00853	0.01266	0.01205	0.05824	0.01193	0.00719	0.00835	0.00521	0.00359	0.00353	0.00116	0.00515	0.00287	0.00174	0.03601
14	0.02645	0.18035	0.08889	0.00927	0.07272	0.01002	0.07722	0.10058	0.29364	0.03843	0.04690	0.02181	0.00902	0.00433	0.00352	0.00113	0.00383	0.00362	0.00284	0.00543
15	0.00812	0.00812	0.01137	0.00975	0.00975	0.01137	0.00812	0.00893	0.00568	0.00893	0.00487	0.00812	0.00487	0.00650	0.01218	0.00162	0.86276	0.00325	0.00162	0.00406
16	0.00456	0.00338	0.00427	0.00487	0.00533	0.00308	0.00334	0.00536	0.00766	0.01006	0.09768	0.63919	0.17594	0.01086	0.00464	0.00143	0.00207	0.00971	0.00350	0.00308
17	0.00510	0.00432	0.03059	0.00463	0.00587	0.00355	0.00376	0.00638	0.00866	0.02375	0.13577	0.07567	0.51442	0.00897	0.00441	0.00130	0.00222	0.12326	0.03401	0.00335
18	0.01137	0.01194	0.01261	0.07346	0.40024	0.32445	0.00926	0.05157	0.00968	0.05069	0.00694	0.00845	0.00558	0.00364	0.00356	0.00106	0.00522	0.00299	0.00207	0.00521
19	0.00942	0.00807	0.00850	0.00759	0.00972	0.00932	0.00592	0.05103	0.80808	0.01583	0.01487	0.01366	0.01114	0.00501	0.00377	0.00125	0.00298	0.00416	0.00377	0.00589
20	0.00457	0.00344	0.00412	0.00462	0.00516	0.00311	0.00315	0.00527	0.00746	0.00956	0.04080	0.51547	0.28544	0.08272	0.00580	0.00160	0.00218	0.00918	0.00336	0.00300
21	0.03914	0.00829	0.02420	0.13379	0.25823	0.00821	0.28035	0.02929	0.02427	0.04398	0.05704	0.03801	0.02984	0.00408	0.00396	0.00120	0.00468	0.00418	0.00224	0.00501
22	0.00781	0.00732	0.01207	0.22987	0.43923	0.00796	0.00959	0.00973	0.00776	0.01078	0.00886	0.14572	0.00853	0.00499	0.00453	0.00124	0.07269	0.00445	0.00203	0.00484
23	0.01342	0.01694	0.01059	0.00958	0.01134	0.78885	0.00725	0.01436	0.01014	0.00907	0.00567	0.00681	0.00479	0.00403	0.00404	0.00101	0.07350	0.00246	0.00189	0.00428
24	0.00535	0.00358	0.00406	0.00411	0.00413	0.00356	0.00232	0.00538	0.00550	0.00733	0.01220	0.07291	0.01413	0.82006	0.01808	0.00348	0.00352	0.00570	0.00232	0.00229
25	0.06105	0.16481	0.17611	0.00848	0.05207	0.03327	0.04213	0.08019	0.02255	0.10076	0.01723	0.00842	0.00601	0.00360	0.00336	0.00097	0.02235	0.00277	0.00235	0.19151

[dist]
# distance from previous block
# <min> <max>
0	1

[block]
# block no. 5 follows, 74 sequences, length 25
# corresponding to MSA columns:
# 250-274
name=unknown_F
#
# <colnr> <probs for GDERKNQSTAVLIFYWHMCP>
#	G	D	E	R	K	N	Q	S	T	A	V	L	I	F	Y	W	H	M	C	P
0	0.79274	0.04427	0.02336	0.00532	0.00764	0.02887	0.00451	0.01097	0.00648	0.01581	0.00520	0.00614	0.00411	0.00354	0.00265	0.00114	0.02888	0.00207	0.00222	0.00409
1	0.01179	0.06132	0.01109	0.00880	0.04602	0.01020	0.03325	0.36315	0.22607	0.08985	0.03176	0.01080	0.00835	0.00467	0.00429	0.00118	0.06456	0.00362	0.00340	0.00581
2	0.00816	0.00791	0.01306	0.43656	0.17707	0.02060	0.11263	0.03279	0.05948	0.01098	0.00721	0.00980	0.00563	0.00390	0.00451	0.00124	0.07835	0.00348	0.00190	0.00473
3	0.00451	0.00349	0.00412	0.00462	0.00529	0.00310	0.00325	0.00531	0.00772	0.00976	0.02771	0.48986	0.37268	0.01064	0.00460	0.00141	0.00207	0.03332	0.00345	0.00308
4	0.01587	0.00629	0.00847	0.00655	0.00930	0.00553	0.00539	0.04366	0.01084	0.77075	0.06584	0.01345	0.01070	0.00478	0.00377	0.00115	0.00310	0.00390	0.00453	0.00614
5	0.00707	0.00509	0.00599	0.00581	0.00704	0.00527	0.00444	0.01114	0.25708	0.06060	0.20946	0.19709	0.06311	0.00761	0.00419	0.00130	0.00242	0.07894	0.06212	0.00424
6	0.00534	0.00364	0.00427	0.00422	0.00444	0.00356	0.00258	0.00578	0.00666	0.00909	0.21184	0.04385	0.01891	0.64352	0.01509	0.00297	0.00312	0.00583	0.00272	0.00257
7	0.74244	0.00774	0.00644	0.00552	0.00793	0.00888	0.00455	0.15406	0.00825	0.01783	0.00582	0.00653	0.00442	0.00362	0.00254	0.00114	0.00308	0.00224	0.00254	0.00442
8	0.00908	0.00784	0.00824	0.00743	0.00950	0.00904	0.00578	0.01926	0.81279	0.01535	0.01584	0.01456	0.03831	0.00518	0.00380	0.00126	0.00290	0.00431	0.00377	0.00579
9	0.00439	0.00376	0.00376	0.00376	0.00501	0.00313	0.00282	0.00533	0.00846	0.01003	0.03760	0.03572	0.84489	0.00940	0.00439	0.00125	0.00188	0.00783	0.00345	0.00313
10	0.00876	0.01001	0.02190	0.01564	0.01940	0.00939	0.83292	0.01189	0.00876	0.01189	0.00751	0.01001	0.00563	0.00313	0.00438	0.00125	0.00626	0.00438	0.00188	0.00501
11	0.00540	0.00360	0.00405	0.00405	0.00405	0.00360	0.00225	0.00540	0.00540	0.00720	0.01170	0.02429	0.01349	0.86955	0.01889	0.00360	0.00360	0.00540	0.00225	0.00225
12	0.01387	0.01769	0.01052	0.00956	0.01148	0.85465	0.00717	0.01482	0.01052	0.00908	0.00574	0.00669	0.00478	0.00383	0.00335	0.00096	0.00669	0.00239	0.00191	0.00430
13	0.00770	0.00660	0.00770	0.00550	0.00880	0.00495	0.00440	0.00935	0.00770	0.01210	0.00660	0.00770	0.00550	0.00275	0.00275	0.00055	0.00275	0.00220	0.00220	0.89224
14	0.01042	0.00770	0.00837	0.00731	0.00951	0.00861	0.00575	0.06999	0.64040	0.12702	0.01452	0.01338	0.01065	0.00491	0.00371	0.00122	0.00298	0.00405	0.04364	0.00585
15	0.00452	0.00368	0.00400	0.00409	0.00514	0.00316	0.00300	0.00551	0.00851	0.01055	0.13576	0.16413	0.61600	0.00952	0.00444	0.00128	0.00191	0.00812	0.00353	0.00316
16	0.00816	0.00824	0.01202	0.01011	0.01034	0.01125	0.05920	0.00912	0.00588	0.00912	0.00504	0.00824	0.00492	0.00629	0.01170	0.00160	0.80972	0.00332	0.00164	0.00412
17	0.02555	0.03256	0.01116	0.00838	0.01126	0.01043	0.04159	0.62143	0.03981	0.11873	0.00990	0.03520	0.00724	0.00460	0.00372	0.00113	0.00396	0.00362	0.00366	0.00607
18	0.00480	0.00375	0.00419	0.00423	0.00530	0.00325	0.00315	0.00589	0.00873	0.02376	0.19355	0.13609	0.55197	0.00926	0.00444	0.00128	0.00195	0.02758	0.00359	0.00325
19	0.00889	0.00845	0.01406	0.15883	0.62564	0.00887	0.02256	0.02770	0.04355	0.01197	0.00725	0.00948	0.00594	0.00355	0.00392	0.00115	0.02736	0.00336	0.00192	0.00554
20	0.03262	0.27051	0.19189	0.07217	0.01312	0.03482	0.08678	0.04423	0.03087	0.16123	0.00793	0.00862	0.00586	0.00373	0.00345	0.00107	0.02063	0.00293	0.00232	0.00521
21	0.00844	0.00857	0.06472	0.11930	0.55145	0.00800	0.01010	0.01083	0.02494	0.02596	0.02045	0.01166	0.07401	0.00395	0.00370	0.00112	0.00418	0.00366	0.00206	0.04289
22	0.00455	0.00324	0.00430	0.00514	0.00535	0.00303	0.00341	0.00517	0.00706	0.00941	0.02022	0.84389	0.02425	0.03528	0.00513	0.00157	0.00219	0.01041	0.00341	0.00299
23	0.02581	0.00887	0.20574	0.00747	0.02052	0.03130	0.02269	0.07092	0.00874	0.11815	0.02667	0.34198	0.01389	0.00699	0.00401	0.00126	0.00352	0.01899	0.00298	0.05948
24	0.04835	0.06407	0.08378	0.01079	0.02748	0.36457	0.15406	0.08267	0.03839	0.03110	0.00768	0.00914	0.00615	0.00467	0.01630	0.00129	0.03866	0.00323	0.00240	0.00521

[dist]
# distance from previous block
# <min> <max>
0	12

[block]
# block no. 6 follows, 74 sequences, length 27
# corresponding to MSA columns:
# 287-313
name=unknown_G
#
# <colnr> <probs for GDERKNQSTAVLIFYWHMCP>
#	G	D	E	R	K	N	Q	S	T	A	V	L	I	F	Y	W	H	M	C	P
0	0.14730	0.02880	0.00709	0.00683	0.06400	0.03549	0.00503	0.00900	0.02767	0.01238	0.09178	0.11333	0.05690	0.00624	0.00369	0.00114	0.00298	0.16153	0.00282	0.21601
1	0.00473	0.00375	0.00457	0.04435	0.00635	0.00348	0.00368	0.00575	0.00797	0.01008	0.06979	0.31655	0.40294	0.01051	0.03451	0.00153	0.00249	0.06044	0.00334	0.00318
2	0.00632	0.03363	0.02327	0.00668	0.00782	0.00597	0.03431	0.03623	0.07834	0.01014	0.04182	0.01409	0.00986	0.02162	0.62433	0.00467	0.03086	0.00399	0.00225	0.00381
3	0.00625	0.00424	0.00488	0.00471	0.00591	0.00394	0.00353	0.00823	0.08057	0.08369	0.18927	0.15952	0.34547	0.00820	0.00419	0.00124	0.00209	0.00703	0.07331	0.00372
4	0.00527	0.00461	0.00461	0.00448	0.00582	0.02331	0.00339	0.00744	0.11229	0.01077	0.05555	0.03126	0.66535	0.00942	0.03854	0.00143	0.00244	0.00707	0.00341	0.00352
5	0.00877	0.00687	0.00790	0.00608	0.00897	0.00606	0.00484	0.03996	0.18646	0.07305	0.04797	0.01034	0.00841	0.00365	0.00315	0.00079	0.00282	0.00298	0.00285	0.56810
6	0.00770	0.00660	0.00770	0.00550	0.00880	0.00495	0.00440	0.00935	0.00770	0.01210	0.00660	0.00770	0.00550	0.00275	0.00275	0.00055	0.00275	0.00220	0.00220	0.89224
7	0.00876	0.01001	0.02190	0.01564	0.01940	0.00939	0.83292	0.01189	0.00876	0.01189	0.00751	0.01001	0.00563	0.00313	0.00438	0.00125	0.00626	0.00438	0.00188	0.00501
8	0.00711	0.00525	0.00564	0.00516	0.00681	0.00513	0.00399	0.03920	0.20887	0.09332	0.04880	0.04182	0.49916	0.00771	0.00416	0.00124	0.00234	0.00642	0.00366	0.00422
9	0.00831	0.00691	0.01099	0.11935	0.39034	0.00711	0.00889	0.04101	0.00874	0.05068	0.01169	0.04961	0.01130	0.00587	0.00416	0.00132	0.00402	0.25229	0.00255	0.00485
10	0.00770	0.00660	0.00770	0.00550	0.00880	0.00495	0.00440	0.00935	0.00770	0.01210	0.00660	0.00770	0.00550	0.00275	0.00275	0.00055	0.00275	0.00220	0.00220	0.89224
11	0.00452	0.00323	0.00431	0.00517	0.00538	0.00301	0.00345	0.00517	0.00711	0.00948	0.02046	0.86713	0.02455	0.01163	0.00474	0.00151	0.00215	0.01055	0.00345	0.00301
12	0.01411	0.01040	0.01114	0.00854	0.01151	0.01151	0.00706	0.83402	0.01745	0.02339	0.00891	0.00891	0.00631	0.00446	0.00371	0.00111	0.00408	0.00334	0.00371	0.00631
13	0.00889	0.00852	0.01453	0.13747	0.73404	0.00874	0.01124	0.01113	0.00831	0.01176	0.00693	0.00928	0.00575	0.00336	0.00368	0.00112	0.00448	0.00331	0.00181	0.00564
14	0.89577	0.00718	0.00546	0.00488	0.00718	0.00833	0.00402	0.01091	0.00632	0.01665	0.00517	0.00603	0.00402	0.00345	0.00230	0.00115	0.00287	0.00201	0.00230	0.00402
15	0.00744	0.01920	0.85032	0.01058	0.01607	0.00862	0.01371	0.01176	0.00784	0.01176	0.00666	0.00784	0.00470	0.00353	0.00353	0.00118	0.00549	0.00274	0.00157	0.00549
16	0.00510	0.00376	0.00477	0.00459	0.00547	0.00343	0.00341	0.00669	0.01006	0.01397	0.69643	0.07732	0.13509	0.00805	0.00440	0.00120	0.00179	0.00707	0.00397	0.00343
17	0.00452	0.00323	0.00431	0.00517	0.00538	0.00301	0.00345	0.00517	0.00711	0.00948	0.02046	0.86713	0.02455	0.01163	0.00474	0.00151	0.00215	0.01055	0.00345	0.00301
18	0.89577	0.00718	0.00546	0.00488	0.00718	0.00833	0.00402	0.01091	0.00632	0.01665	0.00517	0.00603	0.00402	0.00345	0.00230	0.00115	0.00287	0.00201	0.00230	0.00402
19	0.00692	0.00346	0.00346	0.00346	0.00432	0.00346	0.00259	0.00865	0.00778	0.01384	0.01211	0.01384	0.00951	0.00432	0.00259	0.00086	0.00173	0.00346	0.89016	0.00346
20	0.00923	0.00797	0.00839	0.00755	0.00965	0.00923	0.00588	0.01972	0.83969	0.01553	0.01511	0.01385	0.01133	0.00504	0.00378	0.00126	0.00294	0.00420	0.00378	0.00588
21	0.01411	0.01040	0.01114	0.00854	0.01151	0.01151	0.00706	0.83402	0.01745	0.02339	0.00891	0.00891	0.00631	0.00446	0.00371	0.00111	0.00408	0.00334	0.00371	0.00631
22	0.01199	0.00942	0.14763	0.01052	0.08713	0.00716	0.17970	0.01465	0.03869	0.38297	0.02439	0.01107	0.00775	0.00398	0.00380	0.00115	0.00424	0.00366	0.00315	0.04694
23	0.00764	0.00738	0.01160	0.60064	0.17277	0.04069	0.01004	0.00987	0.00761	0.00990	0.00687	0.02477	0.00555	0.00444	0.02247	0.00133	0.04690	0.00341	0.00173	0.00441
24	0.00461	0.00329	0.00440	0.00526	0.00551	0.00309	0.00359	0.00531	0.00719	0.00957	0.02041	0.82033	0.02437	0.01155	0.00476	0.00152	0.00223	0.05653	0.00344	0.00304
25	0.01018	0.47790	0.13907	0.00781	0.01110	0.13121	0.02923	0.05653	0.04722	0.01057	0.00625	0.00705	0.00520	0.00345	0.00289	0.00091	0.00454	0.00240	0.00188	0.04459
26	0.00929	0.00961	0.09069	0.01608	0.45892	0.02477	0.03742	0.05171	0.07915	0.03303	0.00782	0.00927	0.00623	0.00354	0.00372	0.00106	0.02028	0.00320	0.00218	0.13202

[dist]
# distance from previous block
# <min> <max>
0	7

[block]
# block no. 7 follows, 74 sequences, length 149
# corresponding to MSA columns:
# 321-469
name=unknown_H
#
# <colnr> <probs for GDERKNQSTAVLIFYWHMCP>
#	G	D	E	R	K	N	Q	S	T	A	V	L	I	F	Y	W	H	M	C	P
0	0.03362	0.06733	0.05460	0.01323	0.06686	0.03364	0.45087	0.06783	0.03609	0.01225	0.00716	0.00919	0.00561	0.00380	0.00506	0.00124	0.12087	0.00373	0.00201	0.00501
1	0.00495	0.00393	0.00463	0.00488	0.03527	0.00363	0.00335	0.00586	0.00781	0.00989	0.10442	0.02907	0.49341	0.13163	0.11459	0.02664	0.00326	0.00661	0.00305	0.00312
2	0.01028	0.60594	0.01745	0.00893	0.11386	0.04255	0.02652	0.05761	0.03819	0.02904	0.00624	0.00710	0.00534	0.00342	0.00289	0.00090	0.01436	0.00243	0.00190	0.00504
3	0.05574	0.00614	0.00810	0.00643	0.00900	0.00556	0.00529	0.03614	0.01023	0.67826	0.04364	0.01374	0.01016	0.00610	0.05102	0.00143	0.00348	0.02718	0.01656	0.00582
4	0.00580	0.00436	0.00561	0.00618	0.00719	0.00428	0.00526	0.00781	0.05386	0.01110	0.02348	0.03894	0.20795	0.00978	0.00489	0.00158	0.00304	0.59196	0.00344	0.00349
5	0.00492	0.00374	0.00453	0.00448	0.00541	0.00336	0.00334	0.00630	0.00946	0.01266	0.47643	0.10811	0.30317	0.00864	0.00444	0.00124	0.00188	0.03077	0.00380	0.00333
6	0.00531	0.00393	0.00575	0.00575	0.00633	0.00452	0.00437	0.00649	0.00590	0.00845	0.01014	0.01570	0.00976	0.12433	0.75901	0.00569	0.00922	0.00414	0.00202	0.00319
7	0.00476	0.00377	0.00428	0.00415	0.00524	0.00329	0.00311	0.00605	0.00934	0.01212	0.38474	0.03228	0.49645	0.00862	0.00438	0.00122	0.00182	0.00735	0.00372	0.00329
8	0.89577	0.00718	0.00546	0.00488	0.00718	0.00833	0.00402	0.01091	0.00632	0.01665	0.00517	0.00603	0.00402	0.00345	0.00230	0.00115	0.00287	0.00201	0.00230	0.00402
9	0.00992	0.87178	0.01945	0.00635	0.00953	0.01469	0.00635	0.01111	0.00754	0.00873	0.00516	0.00595	0.00476	0.00318	0.00238	0.00079	0.00397	0.00198	0.00159	0.00476
10	0.89577	0.00718	0.00546	0.00488	0.00718	0.00833	0.00402	0.01091	0.00632	0.01665	0.00517	0.00603	0.00402	0.00345	0.00230	0.00115	0.00287	0.00201	0.00230	0.00402
11	0.00701	0.00660	0.01113	0.86063	0.02556	0.00825	0.01031	0.00948	0.00742	0.00948	0.00660	0.00990	0.00495	0.00371	0.00371	0.00124	0.00495	0.00330	0.00165	0.00412
12	0.00540	0.00360	0.00405	0.00405	0.00405	0.00360	0.00225	0.00540	0.00540	0.00720	0.01170	0.02429	0.01349	0.86955	0.01889	0.00360	0.00360	0.00540	0.00225	0.00225
13	0.00812	0.00812	0.01137	0.00975	0.00975	0.01137	0.00812	0.00893	0.00568	0.00893	0.00487	0.00812	0.00487	0.00650	0.01218	0.00162	0.86276	0.00325	0.00162	0.00406
14	0.00455	0.00325	0.00433	0.00520	0.00542	0.00304	0.00349	0.00521	0.00713	0.00950	0.02045	0.85377	0.02450	0.01161	0.00474	0.00151	0.00217	0.02368	0.00345	0.00302
15	0.00744	0.01920	0.85032	0.01058	0.01607	0.00862	0.01371	0.01176	0.00784	0.01176	0.00666	0.00784	0.00470	0.00353	0.00353	0.00118	0.00549	0.00274	0.00157	0.00549
16	0.01411	0.01040	0.01114	0.00854	0.01151	0.01151	0.00706	0.83402	0.01745	0.02339	0.00891	0.00891	0.00631	0.00446	0.00371	0.00111	0.00408	0.00334	0.00371	0.00631
17	0.01491	0.00705	0.00892	0.00705	0.00976	0.00672	0.00586	0.20356	0.01194	0.56705	0.01371	0.01456	0.00967	0.00509	0.00385	0.00119	0.00339	0.08331	0.00425	0.01815
18	0.00596	0.00426	0.00595	0.00681	0.00765	0.00425	0.00594	0.00765	0.00852	0.01108	0.01967	0.05543	0.02141	0.01028	0.00512	0.00171	0.00340	0.80808	0.00342	0.00341
19	0.00439	0.00376	0.00376	0.00376	0.00501	0.00313	0.00282	0.00533	0.00846	0.01003	0.03760	0.03572	0.84489	0.00940	0.00439	0.00125	0.00188	0.00783	0.00345	0.00313
