[name]
unknown

[dist]
# distance from previous block
# <min> <max>
7	40

[block]
# block no. 0 follows, 75 sequences, length 66
# corresponding to MSA columns:
# 41-106
name=unknown_A
#
# <colnr> <probs for GDERKNQSTAVLIFYWHMCP>
#	G	D	E	R	K	N	Q	S	T	A	V	L	I	F	Y	W	H	M	C	P
0	0.01169	0.00839	0.08438	0.02783	0.11698	0.00747	0.02510	0.19423	0.06043	0.27791	0.06762	0.01311	0.05688	0.00470	0.00373	0.00114	0.00358	0.00392	0.02535	0.00559
1	0.01134	0.01003	0.03664	0.01109	0.18225	0.13889	0.01967	0.14580	0.26476	0.11354	0.01055	0.02204	0.00796	0.00432	0.00365	0.00113	0.00410	0.00355	0.00305	0.00563
2	0.08036	0.00869	0.06030	0.03984	0.46509	0.00816	0.08173	0.01215	0.06119	0.09313	0.01927	0.01046	0.02501	0.01425	0.00380	0.00116	0.00417	0.00349	0.00229	0.00543
3	0.00908	0.04209	0.14662	0.01681	0.42814	0.00933	0.14040	0.07103	0.03472	0.01253	0.00716	0.00896	0.00571	0.00357	0.00410	0.00115	0.04779	0.00333	0.00196	0.00552
4	0.00721	0.00681	0.00956	0.00845	0.00858	0.00922	0.00689	0.00806	0.00574	0.00873	0.00686	0.05386	0.00702	0.05017	0.17074	0.00250	0.62025	0.00382	0.00180	0.00374
5	0.00971	0.83608	0.05537	0.00647	0.00971	0.01427	0.00660	0.01103	0.00748	0.00877	0.00517	0.00597	0.00471	0.00316	0.00241	0.00080	0.00399	0.00200	0.00157	0.00474
6	0.00575	0.00381	0.00496	0.00480	0.00568	0.00348	0.00355	0.00720	0.00962	0.06872	0.58262	0.19448	0.07492	0.00821	0.00436	0.00123	0.00191	0.00726	0.00392	0.00353
7	0.00515	0.00372	0.00487	0.00465	0.00548	0.00343	0.00346	0.00681	0.01017	0.01436	0.78957	0.08498	0.03395	0.00778	0.00436	0.00118	0.00176	0.00690	0.00400	0.00343
8	0.00505	0.00375	0.00470	0.00446	0.00539	0.00340	0.00335	0.00664	0.01004	0.01388	0.70334	0.02883	0.17792	0.00782	0.00433	0.00117	0.00176	0.00684	0.00393	0.00340
9	0.00439	0.00371	0.00380	0.00380	0.00500	0.00312	0.00284	0.00537	0.00847	0.01020	0.08555	0.04849	0.78428	0.00923	0.00435	0.00124	0.00186	0.00773	0.00345	0.00312
10	0.89687	0.00710	0.00540	0.00483	0.00710	0.00824	0.00398	0.01080	0.00625	0.01648	0.00511	0.00597	0.00398	0.00341	0.00227	0.00114	0.00284	0.00199	0.00227	0.00398
11	0.75692	0.00707	0.00596	0.00515	0.00751	0.00794	0.00424	0.03253	0.00710	0.12816	0.00646	0.00691	0.00472	0.00359	0.00250	0.00114	0.00291	0.00225	0.00261	0.00434
12	0.89687	0.00710	0.00540	0.00483	0.00710	0.00824	0.00398	0.01080	0.00625	0.01648	0.00511	0.00597	0.00398	0.00341	0.00227	0.00114	0.00284	0.00199	0.00227	0.00398
13	0.00762	0.00653	0.00762	0.00544	0.00870	0.00490	0.00435	0.00925	0.00762	0.01197	0.00653	0.00762	0.00544	0.00272	0.00272	0.00054	0.00272	0.00218	0.00218	0.89338
14	0.82092	0.00703	0.00567	0.00498	0.00730	0.00799	0.00410	0.01141	0.00662	0.08843	0.00592	0.00653	0.00442	0.00351	0.00240	0.00114	0.00287	0.00214	0.00247	0.00417
15	0.89687	0.00710	0.00540	0.00483	0.00710	0.00824	0.00398	0.01080	0.00625	0.01648	0.00511	0.00597	0.00398	0.00341	0.00227	0.00114	0.00284	0.00199	0.00227	0.00398
16	0.00525	0.00394	0.00590	0.00590	0.00656	0.00459	0.00459	0.00656	0.00590	0.00853	0.00984	0.01443	0.00918	0.02755	0.85637	0.00590	0.00984	0.00394	0.00197	0.00328
17	0.00511	0.00374	0.00473	0.00449	0.00535	0.00343	0.00333	0.00666	0.00991	0.01380	0.71156	0.02818	0.12714	0.05047	0.00504	0.00128	0.00184	0.00671	0.00388	0.00336
18	0.01580	0.00655	0.00882	0.00683	0.00949	0.00606	0.00564	0.05468	0.01050	0.75703	0.01359	0.01204	0.00868	0.00466	0.00425	0.00117	0.06015	0.00364	0.00431	0.00610
19	0.01648	0.00625	0.00852	0.00653	0.00938	0.00540	0.00540	0.01790	0.01051	0.85056	0.01449	0.01250	0.00909	0.00455	0.00369	0.00114	0.00313	0.00369	0.00455	0.00625
20	0.00434	0.00372	0.00372	0.00372	0.00496	0.00310	0.00279	0.00527	0.00837	0.00992	0.03721	0.03535	0.84652	0.00930	0.00434	0.00124	0.00186	0.00775	0.00341	0.00310
21	0.00904	0.00867	0.01481	0.04326	0.82772	0.00871	0.01125	0.01123	0.00834	0.01193	0.00690	0.00911	0.00579	0.00328	0.00364	0.00109	0.00438	0.00327	0.00181	0.00577
22	0.03731	0.00634	0.00823	0.00649	0.00911	0.01821	0.00530	0.04185	0.01033	0.72424	0.01428	0.05477	0.00982	0.01719	0.00394	0.00119	0.00316	0.01803	0.00431	0.00590
23	0.03284	0.00627	0.00847	0.00650	0.00933	0.00545	0.00537	0.01777	0.01043	0.83506	0.01432	0.01238	0.00900	0.00452	0.00367	0.00114	0.00312	0.00366	0.00450	0.00621
24	0.00867	0.00991	0.02167	0.01548	0.01920	0.00929	0.83467	0.01176	0.00867	0.01176	0.00743	0.00991	0.00557	0.00310	0.00433	0.00124	0.00619	0.00433	0.00186	0.00495
25	0.00498	0.00382	0.02674	0.00549	0.00598	0.00332	0.01929	0.00578	0.00718	0.03428	0.01948	0.80485	0.02298	0.01094	0.00462	0.00147	0.00232	0.00993	0.00337	0.00318
26	0.81125	0.00811	0.00588	0.00528	0.00751	0.09044	0.00428	0.01117	0.00665	0.01575	0.00517	0.00603	0.00405	0.00345	0.00237	0.00112	0.00321	0.00203	0.00224	0.00400
27	0.00493	0.00348	0.00455	0.00493	0.00517	0.00354	0.00329	0.00552	0.00622	0.00844	0.01504	0.39749	0.01727	0.29709	0.20272	0.00317	0.00435	0.00729	0.00269	0.00280
28	0.01101	0.41358	0.01539	0.01051	0.17192	0.30136	0.00752	0.01231	0.00864	0.00941	0.00565	0.00676	0.00493	0.00339	0.00293	0.00090	0.00493	0.00235	0.00173	0.00477
29	0.00871	0.00745	0.00794	0.00717	0.00912	0.00853	0.00556	0.01817	0.75261	0.01530	0.10374	0.01517	0.01372	0.00525	0.00380	0.00124	0.00278	0.00442	0.00377	0.00556
30	0.04244	0.00628	0.00843	0.00648	0.00931	0.00548	0.00536	0.01769	0.01039	0.82596	0.01421	0.01231	0.00894	0.00451	0.00365	0.00114	0.00312	0.00364	0.00448	0.00618
31	0.00685	0.00342	0.00342	0.00342	0.00428	0.00342	0.00257	0.00856	0.00770	0.01369	0.01198	0.01369	0.00941	0.00428	0.00257	0.00086	0.00171	0.00342	0.89131	0.00342
32	0.00463	0.00373	0.00412	0.00402	0.00514	0.00322	0.00302	0.00583	0.00905	0.01153	0.30754	0.03270	0.57518	0.00870	0.00434	0.00121	0.00182	0.00738	0.00362	0.00322
33	0.00751	0.07059	0.80160	0.01022	0.01551	0.00889	0.01313	0.01159	0.00774	0.01145	0.00650	0.00764	0.00466	0.00347	0.00342	0.00114	0.00534	0.00267	0.00155	0.00538
34	0.00920	0.00853	0.01406	0.02058	0.73758	0.00861	0.01064	0.06560	0.00896	0.01267	0.00786	0.01119	0.00685	0.00380	0.00373	0.00113	0.00428	0.05701	0.00204	0.00569
35	0.00694	0.00653	0.01102	0.86210	0.02530	0.00816	0.01020	0.00938	0.00734	0.00938	0.00653	0.00979	0.00490	0.00367	0.00367	0.00122	0.00490	0.00326	0.00163	0.00408
36	0.89687	0.00710	0.00540	0.00483	0.00710	0.00824	0.00398	0.01080	0.00625	0.01648	0.00511	0.00597	0.00398	0.00341	0.00227	0.00114	0.00284	0.00199	0.00227	0.00398
37	0.01127	0.00776	0.01072	0.25153	0.13893	0.00824	0.00797	0.21357	0.03971	0.20626	0.00926	0.01008	0.00658	0.00398	0.00362	0.00111	0.00400	0.00334	0.00293	0.05915
38	0.00590	0.00366	0.00485	0.00528	0.00590	0.00332	0.00366	0.00666	0.00743	0.10056	0.01909	0.74255	0.02192	0.01041	0.00450	0.00142	0.00226	0.00939	0.00348	0.03777
39	0.89687	0.00710	0.00540	0.00483	0.00710	0.00824	0.00398	0.01080	0.00625	0.01648	0.00511	0.00597	0.00398	0.00341	0.00227	0.00114	0.00284	0.00199	0.00227	0.00398
40	0.89687	0.00710	0.00540	0.00483	0.00710	0.00824	0.00398	0.01080	0.00625	0.01648	0.00511	0.00597	0.00398	0.00341	0.00227	0.00114	0.00284	0.00199	0.00227	0.00398
41	0.00914	0.00789	0.00830	0.00747	0.00955	0.00914	0.00581	0.01952	0.84138	0.01536	0.01495	0.01370	0.01121	0.00498	0.00374	0.00125	0.00291	0.00415	0.00374	0.00581
42	0.00685	0.00342	0.00342	0.00342	0.00428	0.00342	0.00257	0.00856	0.00770	0.01369	0.01198	0.01369	0.00941	0.00428	0.00257	0.00086	0.00171	0.00342	0.89131	0.00342
43	0.00474	0.00339	0.00445	0.00521	0.00550	0.00322	0.00351	0.02824	0.00732	0.00976	0.01992	0.84459	0.02379	0.01131	0.00466	0.00148	0.00218	0.01024	0.00342	0.00307
44	0.01372	0.01750	0.01041	0.00946	0.01135	0.85618	0.00710	0.01467	0.01041	0.00899	0.00568	0.00662	0.00473	0.00378	0.00331	0.00095	0.00662	0.00237	0.00189	0.00426
45	0.00517	0.00375	0.00488	0.00460	0.00547	0.00346	0.00345	0.00688	0.01034	0.01459	0.82356	0.02766	0.05726	0.00756	0.00433	0.00116	0.00174	0.00667	0.00403	0.00346
46	0.89687	0.00710	0.00540	0.00483	0.00710	0.00824	0.00398	0.01080	0.00625	0.01648	0.00511	0.00597	0.00398	0.00341	0.00227	0.00114	0.00284	0.00199	0.00227	0.00398
47	0.00685	0.00342	0.00342	0.00342	0.00428	0.00342	0.00257	0.00856	0.00770	0.01369	0.01198	0.01369	0.00941	0.00428	0.00257	0.00086	0.00171	0.00342	0.89131	0.00342
48	0.00434	0.00372	0.00372	0.00372	0.00496	0.00310	0.00279	0.00527	0.00837	0.00992	0.03721	0.03535	0.84652	0.00930	0.00434	0.00124	0.00186	0.00775	0.00341	0.00310
49	0.00762	0.00653	0.00762	0.00544	0.00870	0.00490	0.00435	0.00925	0.00762	0.01197	0.00653	0.00762	0.00544	0.00272	0.00272	0.00054	0.00272	0.00218	0.00218	0.89338
50	0.01396	0.01029	0.01102	0.00845	0.01139	0.01139	0.00698	0.83577	0.01727	0.02315	0.00882	0.00882	0.00625	0.00441	0.00367	0.00110	0.00404	0.00331	0.00367	0.00625
51	0.00909	0.00873	0.01491	0.02254	0.84801	0.00873	0.01127	0.01127	0.00836	0.01200	0.00691	0.00909	0.00582	0.00327	0.00364	0.00109	0.00436	0.00327	0.00182	0.00582
52	0.01545	0.00790	0.00955	0.00732	0.01020	0.00785	0.00605	0.35255	0.01328	0.51200	0.01217	0.01099	0.00793	0.00449	0.00369	0.00112	0.00350	0.00354	0.00419	0.00625
53	0.00447	0.00320	0.00426	0.00511	0.00533	0.00298	0.00341	0.00511	0.00703	0.00938	0.02024	0.86853	0.02429	0.01151	0.00469	0.00149	0.00213	0.01044	0.00341	0.00298
54	0.00447	0.00320	0.00426	0.00511	0.00533	0.00298	0.00341	0.00511	0.00703	0.00938	0.02024	0.86853	0.02429	0.01151	0.00469	0.00149	0.00213	0.01044	0.00341	0.00298
55	0.01372	0.01750	0.01041	0.00946	0.01135	0.85618	0.00710	0.01467	0.01041	0.00899	0.00568	0.00662	0.00473	0.00378	0.00331	0.00095	0.00662	0.00237	0.00189	0.00426
56	0.01373	0.01731	0.01042	0.00943	0.01136	0.83288	0.00709	0.03731	0.01060	0.00938	0.00576	0.00668	0.00477	0.00380	0.00332	0.00095	0.00655	0.00239	0.00194	0.00431
57	0.01327	0.00994	0.01063	0.00831	0.01113	0.01107	0.00681	0.71830	0.13587	0.02203	0.00970	0.00952	0.00696	0.00449	0.00368	0.00112	0.00388	0.00343	0.00368	0.00618
58	0.00783	0.00784	0.01183	0.00993	0.01038	0.01033	0.09940	0.00890	0.00612	0.00925	0.00645	0.06407	0.00654	0.00647	0.01056	0.00156	0.69305	0.02365	0.00179	0.00404
59	0.00471	0.00342	0.00458	0.02596	0.00601	0.00327	0.00380	0.00551	0.00720	0.00951	0.02018	0.70316	0.05215	0.03493	0.00508	0.00156	0.00237	0.10023	0.00333	0.00304
60	0.00518	0.00382	0.00555	0.00564	0.00619	0.00433	0.00424	0.00630	0.00596	0.00847	0.01104	0.10018	0.01109	0.10879	0.68953	0.00523	0.00846	0.00472	0.00214	0.00315
61	0.00809	0.02956	0.01162	0.00966	0.00980	0.01130	0.02194	0.00894	0.00572	0.00888	0.00487	0.00801	0.00483	0.00629	0.01168	0.00158	0.82835	0.00320	0.00161	0.00405
62	0.00885	0.03133	0.09325	0.01391	0.01761	0.00922	0.65161	0.01253	0.07518	0.03670	0.00811	0.01000	0.00603	0.00333	0.00415	0.00122	0.00572	0.00410	0.00205	0.00510
63	0.00496	0.00390	0.00459	0.00485	0.00591	0.00352	0.00392	0.00623	0.00860	0.01077	0.11304	0.03661	0.48366	0.00941	0.00459	0.00138	0.00236	0.28498	0.00346	0.00323
64	0.00832	0.00832	0.02642	0.01768	0.49816	0.00813	0.18425	0.01073	0.03178	0.01171	0.02700	0.11106	0.00868	0.00443	0.00414	0.00119	0.02627	0.00443	0.00211	0.00520
65	0.02808	0.00878	0.04271	0.00901	0.00996	0.03161	0.00758	0.06195	0.19190	0.01144	0.00741	0.00925	0.00630	0.00574	0.00894	0.00145	0.54771	0.00336	0.00222	0.00461

[dist]
# distance from previous block
# <min> <max>
0	1

[block]
# block no. 1 follows, 75 sequences, length 9
# corresponding to MSA columns:
# 108-116
name=unknown_B
#
# <colnr> <probs for GDERKNQSTAVLIFYWHMCP>
#	G	D	E	R	K	N	Q	S	T	A	V	L	I	F	Y	W	H	M	C	P
0	0.00941	0.49414	0.29992	0.00800	0.01182	0.07163	0.00883	0.04008	0.00811	0.01018	0.00578	0.00667	0.00475	0.00335	0.00285	0.00094	0.00463	0.00229	0.00166	0.00498
1	0.01402	0.00799	0.00935	0.00736	0.01006	0.00823	0.00601	0.33791	0.13674	0.37459	0.04006	0.01174	0.00915	0.00466	0.00371	0.00114	0.00340	0.00371	0.00407	0.00609
2	0.03837	0.04566	0.03212	0.01776	0.57204	0.00855	0.05268	0.03305	0.02474	0.10326	0.03124	0.00983	0.00695	0.00358	0.00360	0.00110	0.00417	0.00338	0.00226	0.00565
3	0.03456	0.11063	0.09133	0.01359	0.24095	0.12132	0.18610	0.04100	0.03545	0.02496	0.00793	0.00936	0.03253	0.00372	0.00383	0.00110	0.03122	0.00332	0.00201	0.00509
4	0.00692	0.00644	0.01077	0.76133	0.06351	0.00786	0.00978	0.00930	0.00761	0.00989	0.06563	0.01100	0.00703	0.00392	0.00372	0.00121	0.00465	0.00350	0.00181	0.00412
5	0.89687	0.00710	0.00540	0.00483	0.00710	0.00824	0.00398	0.01080	0.00625	0.01648	0.00511	0.00597	0.00398	0.00341	0.00227	0.00114	0.00284	0.00199	0.00227	0.00398
6	0.00440	0.00372	0.00381	0.00378	0.00500	0.00313	0.00284	0.00539	0.00852	0.01026	0.09486	0.03478	0.78865	0.00917	0.00434	0.00123	0.00185	0.00767	0.00346	0.00313
7	0.01001	0.48289	0.11369	0.00680	0.00987	0.04399	0.00673	0.06846	0.00881	0.09643	0.04853	0.01030	0.07140	0.00412	0.00300	0.00095	0.00387	0.00300	0.00229	0.00486
8	0.00476	0.00371	0.00432	0.00422	0.00523	0.00327	0.00314	0.00607	0.00929	0.01222	0.42742	0.06917	0.41694	0.00853	0.00435	0.00121	0.00181	0.00734	0.00372	0.00327

[dist]
# distance from previous block
# <min> <max>
2	4

[block]
# block no. 2 follows, 75 sequences, length 54
# corresponding to MSA columns:
# 121-174
name=unknown_C
#
# <colnr> <probs for GDERKNQSTAVLIFYWHMCP>
#	G	D	E	R	K	N	Q	S	T	A	V	L	I	F	Y	W	H	M	C	P
0	0.00575	0.00389	0.00502	0.00466	0.00566	0.00354	0.00352	0.00740	0.01025	0.05993	0.74033	0.02721	0.09390	0.00748	0.00430	0.00116	0.00182	0.00656	0.00402	0.00359
1	0.07593	0.03869	0.06133	0.01304	0.28821	0.10307	0.03628	0.20343	0.05768	0.06716	0.01582	0.00902	0.00633	0.00382	0.00350	0.00109	0.00435	0.00315	0.00257	0.00553
2	0.00497	0.00388	0.00462	0.00462	0.00567	0.00340	0.00347	0.00617	0.00860	0.01134	0.24719	0.19666	0.33498	0.00884	0.00435	0.00125	0.00207	0.07487	0.00349	0.06956
3	0.01287	0.20467	0.01234	0.00877	0.01093	0.67207	0.00692	0.01386	0.00976	0.00891	0.00555	0.00646	0.00473	0.00364	0.00310	0.00091	0.00603	0.00228	0.00182	0.00436
4	0.00500	0.00368	0.00447	0.00465	0.00532	0.00342	0.00337	0.00599	0.00803	0.01058	0.22569	0.17300	0.22213	0.18722	0.00746	0.00180	0.00243	0.11941	0.00332	0.00303
5	0.15607	0.10467	0.13965	0.00719	0.02354	0.01737	0.02165	0.04472	0.03111	0.27268	0.03984	0.00968	0.00739	0.00389	0.00320	0.00104	0.00357	0.00299	0.00292	0.10684
6	0.04524	0.01151	0.01550	0.01445	0.20269	0.24182	0.33051	0.02364	0.05699	0.01160	0.00719	0.00887	0.00567	0.00346	0.00377	0.00112	0.00555	0.00344	0.00201	0.00499
7	0.00495	0.00341	0.00417	0.00458	0.00469	0.00331	0.00285	0.00529	0.00619	0.00825	0.01575	0.41488	0.01858	0.45487	0.01192	0.00256	0.00290	0.02545	0.00280	0.00260
8	0.00748	0.00758	0.01530	0.01191	0.01444	0.00720	0.50480	0.00995	0.00849	0.01135	0.01226	0.07480	0.01196	0.00599	0.00460	0.00141	0.00499	0.27870	0.00247	0.00430
9	0.03420	0.02682	0.04560	0.01711	0.54618	0.02502	0.02139	0.02501	0.02678	0.18329	0.00854	0.00964	0.00647	0.00360	0.00359	0.00110	0.00414	0.00329	0.00244	0.00578
10	0.01579	0.00654	0.00871	0.00674	0.00946	0.00597	0.00557	0.07686	0.01076	0.74670	0.01370	0.01216	0.00877	0.00515	0.02496	0.00126	0.02679	0.00366	0.00434	0.00612
11	0.00909	0.00873	0.01491	0.02254	0.84801	0.00873	0.01127	0.01127	0.00836	0.01200	0.00691	0.00909	0.00582	0.00327	0.00364	0.00109	0.00436	0.00327	0.00182	0.00582
12	0.00912	0.54024	0.27868	0.00785	0.01163	0.03452	0.02563	0.01129	0.00769	0.01978	0.00601	0.02180	0.00511	0.00343	0.00283	0.00093	0.00447	0.00243	0.00165	0.00492
13	0.00943	0.11779	0.03071	0.01355	0.35144	0.03594	0.00827	0.01457	0.32480	0.03200	0.01000	0.01941	0.00794	0.00404	0.00351	0.00111	0.00380	0.00349	0.00259	0.00560
14	0.01115	0.00599	0.00734	0.00599	0.00804	0.00577	0.00481	0.18024	0.01159	0.32385	0.27720	0.01811	0.07534	0.00578	0.00389	0.00113	0.00273	0.00482	0.04120	0.00503
15	0.00520	0.00375	0.00491	0.00462	0.00549	0.00347	0.00347	0.00693	0.01040	0.01473	0.84608	0.02743	0.03465	0.00751	0.00433	0.00116	0.00173	0.00664	0.00404	0.00347
16	0.01985	0.03905	0.01366	0.01798	0.58030	0.11816	0.00979	0.08953	0.03595	0.03021	0.00726	0.00882	0.00590	0.00352	0.00354	0.00107	0.00452	0.00314	0.00212	0.00561
17	0.17779	0.00977	0.05994	0.01270	0.02977	0.00910	0.55247	0.06384	0.00874	0.03002	0.00717	0.00902	0.00534	0.00329	0.00383	0.00120	0.00529	0.00371	0.00209	0.00491
18	0.00447	0.00320	0.00426	0.00511	0.00533	0.00298	0.00341	0.00511	0.00703	0.00938	0.02024	0.86853	0.02429	0.01151	0.00469	0.00149	0.00213	0.01044	0.00341	0.00298
19	0.00914	0.00789	0.00830	0.00747	0.00955	0.00914	0.00581	0.01952	0.84138	0.01536	0.01495	0.01370	0.01121	0.00498	0.00374	0.00125	0.00291	0.00415	0.00374	0.00581
20	0.69409	0.00759	0.00683	0.04836	0.04026	0.00870	0.00499	0.12791	0.00795	0.01691	0.00578	0.00668	0.00441	0.00356	0.00259	0.00113	0.00317	0.00229	0.00242	0.00437
21	0.89687	0.00710	0.00540	0.00483	0.00710	0.00824	0.00398	0.01080	0.00625	0.01648	0.00511	0.00597	0.00398	0.00341	0.00227	0.00114	0.00284	0.00199	0.00227	0.00398
22	0.00463	0.00373	0.00412	0.00402	0.00514	0.00322	0.00302	0.00583	0.00905	0.01153	0.30865	0.03269	0.57407	0.00870	0.00434	0.00121	0.00182	0.00738	0.00362	0.00322
23	0.00735	0.01853	0.82015	0.04262	0.01625	0.00852	0.01344	0.01155	0.00774	0.01155	0.00659	0.00783	0.00466	0.00350	0.00350	0.00117	0.00541	0.00273	0.00155	0.00538
24	0.04344	0.00455	0.00587	0.00640	0.00742	0.00458	0.00549	0.04680	0.00876	0.01171	0.03366	0.06335	0.09448	0.00951	0.00480	0.00158	0.00319	0.63753	0.00336	0.00351
25	0.00447	0.00320	0.00426	0.00511	0.00533	0.00298	0.00341	0.00511	0.00703	0.00938	0.02024	0.86853	0.02429	0.01151	0.00469	0.00149	0.00213	0.01044	0.00341	0.00298
26	0.00528	0.00353	0.00402	0.00409	0.00410	0.00352	0.00231	0.00532	0.00547	0.00729	0.01222	0.08714	0.01417	0.80670	0.01765	0.00341	0.00345	0.00572	0.00231	0.00228
27	0.00904	0.00868	0.01482	0.04185	0.82910	0.00871	0.01125	0.01123	0.00834	0.01194	0.00690	0.00911	0.00580	0.00328	0.00364	0.00109	0.00438	0.00327	0.00181	0.00578
28	0.00906	0.00881	0.01536	0.02207	0.79232	0.00876	0.06661	0.01130	0.00838	0.01198	0.00694	0.00914	0.00580	0.00326	0.00368	0.00110	0.00449	0.00334	0.00182	0.00576
29	0.01250	0.01555	0.00987	0.00902	0.01071	0.72652	0.00681	0.01349	0.00971	0.00893	0.00617	0.00764	0.00529	0.00683	0.11040	0.00159	0.03036	0.00259	0.00189	0.00413
30	0.48544	0.00786	0.00981	0.01304	0.39681	0.00847	0.00736	0.01102	0.00723	0.01440	0.00595	0.00741	0.00483	0.00335	0.00290	0.00112	0.00355	0.00258	0.00206	0.00483
31	0.00516	0.00375	0.00485	0.00458	0.00546	0.00345	0.00343	0.00685	0.01030	0.01450	0.80736	0.02781	0.07351	0.00759	0.00433	0.00116	0.00174	0.00670	0.00401	0.00345
32	0.00979	0.20344	0.02385	0.00949	0.13352	0.02968	0.00686	0.02636	0.44757	0.05477	0.01111	0.01089	0.00854	0.00424	0.00339	0.00110	0.00350	0.00343	0.00293	0.00555
33	0.00525	0.00394	0.00590	0.00590	0.00656	0.00459	0.00459	0.00656	0.00590	0.00853	0.00984	0.01443	0.00918	0.02755	0.85637	0.00590	0.00984	0.00394	0.00197	0.00328
34	0.00512	0.00377	0.00537	0.00551	0.00602	0.00418	0.00408	0.00616	0.00605	0.00851	0.01213	0.15373	0.02439	0.12786	0.60399	0.00484	0.00771	0.00521	0.00225	0.00310
35	0.00903	0.00911	0.04651	0.02209	0.81660	0.00872	0.01136	0.01129	0.00834	0.01199	0.00690	0.00904	0.00577	0.00328	0.00363	0.00109	0.00440	0.00325	0.00181	0.00580
36	0.89687	0.00710	0.00540	0.00483	0.00710	0.00824	0.00398	0.01080	0.00625	0.01648	0.00511	0.00597	0.00398	0.00341	0.00227	0.00114	0.00284	0.00199	0.00227	0.00398
37	0.01079	0.03180	0.12583	0.00870	0.05003	0.16137	0.01531	0.09000	0.09567	0.16906	0.02040	0.13000	0.00950	0.00531	0.00425	0.00118	0.05865	0.00422	0.00291	0.00503
38	0.80345	0.00701	0.00573	0.00501	0.00734	0.00794	0.00413	0.01155	0.00670	0.10498	0.00611	0.00666	0.00452	0.00353	0.00242	0.00114	0.00287	0.00217	0.00251	0.00422
39	0.01363	0.01000	0.03166	0.00900	0.05259	0.01059	0.00718	0.67705	0.04220	0.09461	0.00936	0.00928	0.00659	0.00436	0.00367	0.00111	0.00398	0.00335	0.00361	0.00619
40	0.00529	0.00357	0.00399	0.00399	0.00405	0.00354	0.00225	0.00534	0.00549	0.00726	0.01284	0.02459	0.05451	0.82836	0.01798	0.00345	0.00348	0.00546	0.00228	0.00227
41	0.00602	0.00915	0.28541	0.00718	0.03843	0.01892	0.00705	0.00841	0.00894	0.01249	0.35863	0.08328	0.12850	0.00650	0.00404	0.00119	0.00317	0.00558	0.00298	0.00413
42	0.10784	0.51072	0.01500	0.00698	0.00974	0.17481	0.00625	0.09428	0.02578	0.01115	0.00579	0.00649	0.00492	0.00346	0.00269	0.00090	0.00432	0.00222	0.00196	0.00472
43	0.00797	0.09598	0.63854	0.00965	0.01445	0.00874	0.03626	0.01180	0.03055	0.03935	0.01638	0.00818	0.00540	0.00352	0.00339	0.00109	0.00496	0.00278	0.00179	0.05922
44	0.01035	0.01127	0.01135	0.01175	0.16845	0.28575	0.00808	0.04016	0.07922	0.01052	0.00655	0.00836	0.00562	0.00503	0.01649	0.00130	0.31006	0.00304	0.00200	0.00466
45	0.01051	0.01188	0.13136	0.00967	0.04146	0.17374	0.07226	0.15067	0.27276	0.02300	0.01818	0.01007	0.00748	0.00433	0.00406	0.00116	0.04590	0.00342	0.00275	0.00535
46	0.00477	0.00371	0.00434	0.00425	0.00524	0.00327	0.00316	0.00608	0.00929	0.01226	0.43471	0.08051	0.39813	0.00855	0.00436	0.00121	0.00181	0.00736	0.00372	0.00327
47	0.00977	0.01054	0.08683	0.03610	0.47091	0.11437	0.07501	0.04953	0.02306	0.04189	0.02816	0.00990	0.00672	0.00369	0.00368	0.00111	0.00473	0.01646	0.00210	0.00542
48	0.00516	0.00375	0.00481	0.00455	0.00541	0.00345	0.00338	0.00679	0.01010	0.01420	0.77285	0.02773	0.07681	0.03911	0.00486	0.00125	0.00181	0.00665	0.00394	0.00340
49	0.01016	0.19882	0.02735	0.01165	0.23505	0.01929	0.04558	0.18771	0.09850	0.04124	0.03179	0.06025	0.00818	0.00431	0.00348	0.00108	0.00393	0.00364	0.00261	0.00538
50	0.05232	0.00651	0.00758	0.00560	0.00869	0.00519	0.00452	0.02448	0.00799	0.08107	0.00764	0.00923	0.00627	0.00321	0.00288	0.00067	0.00281	0.03331	0.00245	0.72757
51	0.00561	0.00500	0.00490	0.00472	0.00584	0.07772	0.00353	0.00704	0.02719	0.01183	0.35287	0.06830	0.39581	0.00812	0.00425	0.00119	0.00226	0.00689	0.00354	0.00340
52	0.00830	0.33754	0.48723	0.00859	0.01302	0.01054	0.01026	0.01124	0.00764	0.01053	0.00603	0.00705	0.00473	0.00331	0.00302	0.00098	0.00470	0.00240	0.00160	0.06129
53	0.77483	0.02635	0.04629	0.00543	0.00786	0.05176	0.00470	0.02609	0.00676	0.01582	0.00528	0.00614	0.00410	0.00344	0.00241	0.00112	0.00320	0.00207	0.00223	0.00412

[dist]
# distance from previous block
# <min> <max>
4	9

[block]
# block no. 3 follows, 75 sequences, length 77
# corresponding to MSA columns:
# 184-260
name=unknown_D
#
# <colnr> <probs for GDERKNQSTAVLIFYWHMCP>
#	G	D	E	R	K	N	Q	S	T	A	V	L	I	F	Y	W	H	M	C	P
0	0.00656	0.00805	0.16970	0.00729	0.04547	0.02182	0.02527	0.03411	0.13424	0.01206	0.11226	0.14463	0.23673	0.00701	0.00408	0.00124	0.00312	0.01904	0.00304	0.00426
1	0.00465	0.00342	0.00436	0.00479	0.00532	0.00313	0.00334	0.00561	0.00811	0.01086	0.24016	0.52822	0.14424	0.01014	0.00454	0.00137	0.00199	0.00906	0.00358	0.00313
2	0.00894	0.13128	0.35471	0.01224	0.18172	0.06067	0.06415	0.04481	0.08497	0.01194	0.00731	0.00843	0.00562	0.00356	0.00344	0.00109	0.00484	0.00296	0.00193	0.00538
3	0.03418	0.00647	0.00842	0.00660	0.00932	0.00591	0.00541	0.02915	0.09844	0.72224	0.02496	0.01263	0.00950	0.00460	0.00368	0.00115	0.00309	0.00374	0.00439	0.00612
4	0.00914	0.25179	0.14025	0.01560	0.45504	0.01038	0.01002	0.02845	0.02586	0.01131	0.00657	0.00809	0.00546	0.00333	0.00326	0.00102	0.00436	0.00284	0.00179	0.00546
5	0.01277	0.02849	0.01095	0.02226	0.07378	0.70177	0.00751	0.01382	0.00979	0.00920	0.00570	0.00695	0.00482	0.00395	0.00402	0.00101	0.07447	0.00251	0.00186	0.00436
6	0.00455	0.00371	0.00393	0.00388	0.00497	0.00319	0.00285	0.00553	0.00847	0.01046	0.16106	0.03329	0.65956	0.07187	0.00539	0.00140	0.00196	0.00740	0.00342	0.00309
7	0.00464	0.00391	0.00405	0.00403	0.00524	0.00342	0.00301	0.00608	0.05122	0.01043	0.07776	0.07507	0.72020	0.00909	0.00433	0.00125	0.00192	0.00764	0.00346	0.00325
8	0.00473	0.00374	0.00426	0.00413	0.00520	0.00327	0.00310	0.00602	0.00929	0.01211	0.40465	0.03175	0.47771	0.00849	0.00434	0.00120	0.00180	0.00725	0.00370	0.00327
9	0.01648	0.00625	0.00852	0.00653	0.00938	0.00540	0.00540	0.01790	0.01051	0.85056	0.01449	0.01250	0.00909	0.00455	0.00369	0.00114	0.00313	0.00369	0.00455	0.00625
10	0.00914	0.00789	0.00830	0.00747	0.00955	0.00914	0.00581	0.01952	0.84138	0.01536	0.01495	0.01370	0.01121	0.00498	0.00374	0.00125	0.00291	0.00415	0.00374	0.00581
11	0.89687	0.00710	0.00540	0.00483	0.00710	0.00824	0.00398	0.01080	0.00625	0.01648	0.00511	0.00597	0.00398	0.00341	0.00227	0.00114	0.00284	0.00199	0.00227	0.00398
12	0.01396	0.01029	0.01102	0.00845	0.01139	0.01139	0.00698	0.83577	0.01727	0.02315	0.00882	0.00882	0.00625	0.00441	0.00367	0.00110	0.00404	0.00331	0.00367	0.00625
13	0.00733	0.01872	0.83668	0.01036	0.01571	0.00844	0.01339	0.01155	0.00780	0.01169	0.02167	0.00811	0.00519	0.00356	0.00350	0.00116	0.00536	0.00278	0.00160	0.00539
14	0.00703	0.00515	0.00635	0.00511	0.00717	0.00423	0.00399	0.00870	0.00917	0.07002	0.41832	0.01765	0.02000	0.00519	0.00358	0.00088	0.00226	0.00447	0.00325	0.39747
15	0.00969	0.00816	0.00862	0.00759	0.00976	0.00939	0.00595	0.11286	0.74713	0.01625	0.01425	0.01314	0.01064	0.00492	0.00373	0.00123	0.00304	0.00406	0.00373	0.00586
16	0.00765	0.00656	0.00763	0.00549	0.00872	0.00500	0.00439	0.00949	0.02727	0.01205	0.00673	0.00776	0.00558	0.00277	0.00274	0.00056	0.00272	0.00222	0.00221	0.87245
17	0.00534	0.00356	0.00401	0.00401	0.00401	0.00356	0.00223	0.00534	0.00534	0.00712	0.01157	0.02403	0.01335	0.87092	0.01869	0.00356	0.00356	0.00534	0.00223	0.00223
18	0.00762	0.00653	0.00762	0.00544	0.00870	0.00490	0.00435	0.00925	0.00762	0.01197	0.00653	0.00762	0.00544	0.00272	0.00272	0.00054	0.00272	0.00218	0.00218	0.89338
19	0.89687	0.00710	0.00540	0.00483	0.00710	0.00824	0.00398	0.01080	0.00625	0.01648	0.00511	0.00597	0.00398	0.00341	0.00227	0.00114	0.00284	0.00199	0.00227	0.00398
20	0.00437	0.00371	0.00377	0.00379	0.00499	0.00311	0.00283	0.00531	0.00839	0.01005	0.06031	0.06082	0.79744	0.00932	0.00435	0.00125	0.00186	0.00780	0.00343	0.00311
21	0.00850	0.03829	0.36871	0.01103	0.12755	0.02942	0.03094	0.01447	0.30701	0.01287	0.00959	0.01004	0.00719	0.00398	0.00358	0.00117	0.00438	0.00332	0.00239	0.00556
22	0.00448	0.00373	0.00391	0.00386	0.00504	0.00316	0.00290	0.00553	0.00869	0.01068	0.16496	0.03410	0.71829	0.00902	0.00434	0.00123	0.00184	0.00758	0.00351	0.00316
23	0.00982	0.87313	0.01925	0.00628	0.00943	0.01453	0.00628	0.01100	0.00746	0.00864	0.00511	0.00589	0.00471	0.00314	0.00236	0.00079	0.00393	0.00196	0.00157	0.00471
24	0.00743	0.01854	0.81050	0.01072	0.01606	0.00857	0.05451	0.01164	0.00780	0.01164	0.00663	0.00786	0.00470	0.00347	0.00353	0.00117	0.00547	0.00279	0.00157	0.00540
25	0.00756	0.01777	0.74922	0.01172	0.09041	0.00857	0.04089	0.01160	0.00784	0.01167	0.00665	0.00795	0.00479	0.00346	0.00353	0.00116	0.00536	0.00282	0.00159	0.00545
26	0.00714	0.00678	0.01159	0.77729	0.08594	0.00823	0.03244	0.00959	0.00745	0.00964	0.00658	0.00974	0.00498	0.00363	0.00369	0.00121	0.00489	0.00329	0.00165	0.00423
27	0.00434	0.00372	0.00372	0.00372	0.00496	0.00310	0.00279	0.00527	0.00837	0.00992	0.03721	0.03535	0.84652	0.00930	0.00434	0.00124	0.00186	0.00775	0.00341	0.00310
28	0.00515	0.00375	0.00485	0.00457	0.00546	0.00345	0.00343	0.00684	0.01029	0.01448	0.80399	0.02785	0.07690	0.00760	0.00433	0.00116	0.00174	0.00670	0.00401	0.00345
29	0.01233	0.05260	0.01063	0.00805	0.01075	0.01088	0.00660	0.55350	0.26025	0.02012	0.01044	0.01012	0.00764	0.00452	0.00363	0.00113	0.00370	0.00349	0.00359	0.00604
30	0.01396	0.01045	0.01101	0.00847	0.01139	0.03028	0.00698	0.81741	0.01711	0.02283	0.00875	0.00877	0.00621	0.00439	0.00367	0.00110	0.00410	0.00329	0.00363	0.00620
31	0.00914	0.00789	0.00830	0.00747	0.00955	0.00914	0.00581	0.01952	0.84138	0.01536	0.01495	0.01370	0.01121	0.00498	0.00374	0.00125	0.00291	0.00415	0.00374	0.00581
32	0.89687	0.00710	0.00540	0.00483	0.00710	0.00824	0.00398	0.01080	0.00625	0.01648	0.00511	0.00597	0.00398	0.00341	0.00227	0.00114	0.00284	0.00199	0.00227	0.00398
33	0.01302	0.00549	0.00718	0.00576	0.00809	0.00475	0.00467	0.01438	0.01002	0.60122	0.08661	0.01800	0.16659	0.00566	0.00383	0.00115	0.00273	0.00468	0.03080	0.00535
34	0.00447	0.00323	0.00423	0.00503	0.00531	0.00299	0.00337	0.00512	0.00711	0.00941	0.02126	0.81840	0.07376	0.01137	0.00467	0.00148	0.00211	0.01028	0.00341	0.00299
35	0.01390	0.07300	0.05132	0.00796	0.01101	0.01015	0.00689	0.55378	0.01459	0.20579	0.00970	0.00937	0.00669	0.00430	0.00357	0.00109	0.00390	0.00327	0.00361	0.00610
36	0.00447	0.00320	0.00426	0.00511	0.00533	0.00298	0.00341	0.00511	0.00703	0.00938	0.02024	0.86853	0.02429	0.01151	0.00469	0.00149	0.00213	0.01044	0.00341	0.00298
37	0.00928	0.00930	0.05385	0.01955	0.66432	0.02230	0.02698	0.03630	0.07586	0.02193	0.00767	0.00938	0.00622	0.00346	0.00363	0.00110	0.00432	0.00331	0.00205	0.01917
38	0.00762	0.01819	0.78958	0.01110	0.06383	0.00849	0.01330	0.01171	0.00784	0.02557	0.00674	0.00791	0.00479	0.00349	0.00350	0.00116	0.00533	0.00276	0.00162	0.00546
39	0.00492	0.00385	0.00448	0.00432	0.00537	0.00346	0.00324	0.00653	0.03371	0.01253	0.45091	0.04831	0.38845	0.00830	0.00433	0.00120	0.00183	0.00713	0.00374	0.00336
40	0.00762	0.00653	0.00762	0.00544	0.00870	0.00490	0.00435	0.00925	0.00762	0.01197	0.00653	0.00762	0.00544	0.00272	0.00272	0.00054	0.00272	0.00218	0.00218	0.89338
41	0.00917	0.01994	0.04147	0.02161	0.78887	0.03141	0.01117	0.01137	0.00839	0.01187	0.00684	0.00894	0.00574	0.00329	0.00361	0.00109	0.00445	0.00321	0.00181	0.00575
42	0.00783	0.00736	0.01233	0.55785	0.30339	0.00843	0.01049	0.02950	0.00792	0.01059	0.00671	0.00953	0.00524	0.00355	0.00366	0.00118	0.00470	0.00327	0.00174	0.00472
43	0.00494	0.00352	0.00473	0.00553	0.00591	0.00338	0.00407	0.00585	0.00735	0.00972	0.01952	0.58105	0.02276	0.05960	0.00559	0.00167	0.00257	0.24585	0.00333	0.00306
44	0.01354	0.00641	0.00806	0.00646	0.00886	0.01904	0.00523	0.07419	0.08787	0.55017	0.16439	0.01496	0.01364	0.00510	0.00381	0.00114	0.00297	0.00422	0.00428	0.00568
45	0.00448	0.00373	0.00391	0.00387	0.00505	0.00316	0.00290	0.00554	0.00870	0.01070	0.16841	0.03406	0.71484	0.00901	0.00434	0.00123	0.00184	0.00757	0.00351	0.00316
46	0.00434	0.00371	0.00374	0.00376	0.00497	0.00310	0.00281	0.00527	0.00834	0.00991	0.03675	0.05798	0.82419	0.00936	0.00435	0.00125	0.00187	0.00782	0.00341	0.00310
47	0.89687	0.00710	0.00540	0.00483	0.00710	0.00824	0.00398	0.01080	0.00625	0.01648	0.00511	0.00597	0.00398	0.00341	0.00227	0.00114	0.00284	0.00199	0.00227	0.00398
48	0.83906	0.00705	0.00560	0.00494	0.00725	0.00805	0.00407	0.01126	0.00653	0.07125	0.00573	0.00640	0.00431	0.00348	0.00237	0.00114	0.00286	0.00210	0.00242	0.00413
49	0.89687	0.00710	0.00540	0.00483	0.00710	0.00824	0.00398	0.01080	0.00625	0.01648	0.00511	0.00597	0.00398	0.00341	0.00227	0.00114	0.00284	0.00199	0.00227	0.00398
50	0.00434	0.00372	0.00372	0.00372	0.00496	0.00310	0.00279	0.00527	0.00837	0.00992	0.03721	0.03535	0.84652	0.00930	0.00434	0.00124	0.00186	0.00775	0.00341	0.00310
51	0.00434	0.00372	0.00372	0.00372	0.00496	0.00310	0.00279	0.00527	0.00837	0.00992	0.03721	0.03535	0.84652	0.00930	0.00434	0.00124	0.00186	0.00775	0.00341	0.00310
52	0.89687	0.00710	0.00540	0.00483	0.00710	0.00824	0.00398	0.01080	0.00625	0.01648	0.00511	0.00597	0.00398	0.00341	0.00227	0.00114	0.00284	0.00199	0.00227	0.00398
53	0.00447	0.00320	0.00426	0.00511	0.00533	0.00298	0.00341	0.00511	0.00703	0.00938	0.02024	0.86853	0.02429	0.01151	0.00469	0.00149	0.00213	0.01044	0.00341	0.00298
54	0.00737	0.01900	0.85189	0.01047	0.01590	0.00853	0.01357	0.01163	0.00775	0.01163	0.00659	0.00775	0.00465	0.00349	0.00349	0.00116	0.00543	0.00271	0.00155	0.00543
55	0.00587	0.00420	0.00587	0.00671	0.00754	0.00419	0.00584	0.00753	0.00841	0.01094	0.01947	0.06695	0.02123	0.01019	0.00506	0.00168	0.00334	0.79821	0.00338	0.00337
56	0.57314	0.00685	0.00659	0.00549	0.00797	0.00729	0.00453	0.02655	0.00793	0.30985	0.00847	0.00831	0.00581	0.00382	0.00279	0.00114	0.00296	0.00261	0.00309	0.00481
57	0.01396	0.01029	0.01102	0.00845	0.01139	0.01139	0.00698	0.83577	0.01727	0.02315	0.00882	0.00882	0.00625	0.00441	0.00367	0.00110	0.00404	0.00331	0.00367	0.00625
58	0.00520	0.00375	0.00491	0.00462	0.00549	0.00347	0.00347	0.00693	0.01040	0.01473	0.84608	0.02743	0.03465	0.00751	0.00433	0.00116	0.00173	0.00664	0.00404	0.00347
59	0.00568	0.00365	0.00548	0.00548	0.00588	0.00406	0.00406	0.00588	0.00548	0.00771	0.00852	0.01318	0.00811	0.02190	0.53486	0.34468	0.00730	0.00365	0.00183	0.00264
60	0.01421	0.01048	0.01070	0.00833	0.01117	0.08359	0.00682	0.67767	0.01596	0.11025	0.00915	0.00902	0.00642	0.00437	0.00364	0.00109	0.00417	0.00327	0.00361	0.00608
61	0.00694	0.00653	0.01102	0.86210	0.02530	0.00816	0.01020	0.00938	0.00734	0.00938	0.00653	0.00979	0.00490	0.00367	0.00367	0.00122	0.00490	0.00326	0.00163	0.00408
62	0.00449	0.00326	0.00424	0.00498	0.00530	0.00301	0.00336	0.00519	0.00726	0.00960	0.04849	0.76991	0.09502	0.01119	0.00465	0.00146	0.00209	0.01009	0.00343	0.00301
63	0.89687	0.00710	0.00540	0.00483	0.00710	0.00824	0.00398	0.01080	0.00625	0.01648	0.00511	0.00597	0.00398	0.00341	0.00227	0.00114	0.00284	0.00199	0.00227	0.00398
64	0.01368	0.00990	0.01068	0.00828	0.01114	0.01092	0.00681	0.72978	0.08569	0.06085	0.00959	0.00940	0.00679	0.00446	0.00368	0.00112	0.00390	0.00340	0.00372	0.00621
65	0.00814	0.01428	0.46211	0.01565	0.35100	0.00866	0.06500	0.01150	0.00806	0.01179	0.00677	0.00843	0.00518	0.00338	0.00360	0.00114	0.00505	0.00304	0.00168	0.00555
66	0.00526	0.00382	0.00496	0.00467	0.00555	0.00356	0.00350	0.00714	0.02389	0.01474	0.83258	0.02721	0.03427	0.00747	0.00432	0.00116	0.00175	0.00660	0.00404	0.00350
67	0.00932	0.00798	0.00841	0.00751	0.00962	0.00922	0.00586	0.05041	0.81019	0.01566	0.01472	0.01352	0.01102	0.00496	0.00373	0.00124	0.00295	0.00412	0.00373	0.00583
68	0.00499	0.00375	0.00462	0.00440	0.00536	0.00338	0.00330	0.00652	0.00990	0.01355	0.64702	0.02938	0.23445	0.00795	0.00433	0.00118	0.00176	0.00692	0.00389	0.00338
69	0.00461	0.00360	0.00419	0.00436	0.00523	0.00318	0.00317	0.00566	0.00849	0.01093	0.22308	0.25473	0.42131	0.00948	0.00444	0.00130	0.00193	0.02358	0.00356	0.00316
70	0.00737	0.01900	0.85189	0.01047	0.01590	0.00853	0.01357	0.01163	0.00775	0.01163	0.00659	0.00775	0.00465	0.00349	0.00349	0.00116	0.00543	0.00271	0.00155	0.00543
71	0.00533	0.00360	0.00422	0.00422	0.00430	0.00368	0.00249	0.00548	0.00540	0.00728	0.01138	0.02295	0.01288	0.77536	0.11362	0.00383	0.00427	0.00518	0.00220	0.00234
72	0.00835	0.00892	0.01865	0.04135	0.01733	0.00848	0.66619	0.03313	0.00872	0.02202	0.00918	0.09058	0.00795	0.00422	0.00435	0.00127	0.00557	0.03686	0.00214	0.00473
73	0.03199	0.10735	0.00998	0.00718	0.02696	0.24207	0.00563	0.04743	0.02181	0.03592	0.00657	0.00743	0.00537	0.00325	0.00294	0.00076	0.00405	0.00235	0.00218	0.42879
74	0.01324	0.00767	0.01192	0.01074	0.14299	0.00727	0.14555	0.11919	0.01066	0.43946	0.03369	0.01149	0.00831	0.00447	0.01504	0.00121	0.00400	0.00377	0.00351	0.00585
75	0.00436	0.00371	0.00375	0.00377	0.00498	0.00310	0.00281	0.00529	0.00837	0.00998	0.04930	0.05385	0.81562	0.00932	0.00435	0.00124	0.00186	0.00779	0.00342	0.00310
76	0.89687	0.00710	0.00540	0.00483	0.00710	0.00824	0.00398	0.01080	0.00625	0.01648	0.00511	0.00597	0.00398	0.00341	0.00227	0.00114	0.00284	0.00199	0.00227	0.00398

[dist]
# distance from previous block
# <min> <max>
0	1

[block]
# block no. 4 follows, 75 sequences, length 36
# corresponding to MSA columns:
# 262-297
name=unknown_E
#
# <colnr> <probs for GDERKNQSTAVLIFYWHMCP>
#	G	D	E	R	K	N	Q	S	T	A	V	L	I	F	Y	W	H	M	C	P
0	0.01632	0.00651	0.00868	0.00666	0.00950	0.00578	0.00550	0.07041	0.01095	0.79743	0.01413	0.01226	0.00891	0.00454	0.00369	0.00113	0.00318	0.00367	0.00449	0.00625
1	0.45800	0.00819	0.00763	0.00643	0.00885	0.00934	0.00523	0.25337	0.17990	0.01820	0.00820	0.00838	0.00612	0.00402	0.00298	0.00115	0.00320	0.00282	0.00298	0.00501
2	0.00592	0.00423	0.00592	0.00676	0.00761	0.00423	0.00592	0.00761	0.00845	0.01099	0.01945	0.04143	0.02114	0.01015	0.00507	0.00169	0.00338	0.82329	0.00338	0.00338
3	0.00982	0.87313	0.01925	0.00628	0.00943	0.01453	0.00628	0.01100	0.00746	0.00864	0.00511	0.00589	0.00471	0.00314	0.00236	0.00079	0.00393	0.00196	0.00157	0.00471
4	0.38287	0.12898	0.04582	0.00639	0.00910	0.06852	0.02124	0.03522	0.00832	0.25023	0.00801	0.00808	0.00570	0.00374	0.00289	0.00108	0.00355	0.00260	0.00279	0.00488
5	0.00737	0.01900	0.85189	0.01047	0.01590	0.00853	0.01357	0.01163	0.00775	0.01163	0.00659	0.00775	0.00465	0.00349	0.00349	0.00116	0.00543	0.00271	0.00155	0.00543
6	0.00509	0.00373	0.00477	0.00455	0.00543	0.00341	0.00340	0.00670	0.01007	0.01405	0.73535	0.05756	0.11654	0.00783	0.00435	0.00118	0.00176	0.00689	0.00396	0.00341
7	0.01612	0.00682	0.00888	0.00681	0.00966	0.00625	0.00562	0.13356	0.01147	0.73354	0.01369	0.01198	0.00869	0.00453	0.00369	0.00113	0.00325	0.00364	0.00442	0.00625
8	0.01014	0.00867	0.01317	0.01752	0.55768	0.02030	0.02743	0.07854	0.13502	0.08134	0.00888	0.01003	0.00691	0.00373	0.00367	0.00112	0.00409	0.00345	0.00248	0.00585
9	0.02807	0.00802	0.01001	0.00813	0.01064	0.02899	0.09600	0.11156	0.37009	0.24159	0.01305	0.03763	0.00955	0.00473	0.00377	0.00120	0.00352	0.00405	0.00366	0.00573
10	0.00961	0.00757	0.00818	0.00722	0.00931	0.00849	0.00570	0.10514	0.60425	0.06635	0.03605	0.01572	0.05686	0.00540	0.00383	0.00124	0.00297	0.03678	0.00376	0.00558
11	0.00870	0.00994	0.04365	0.01470	0.01831	0.00913	0.75011	0.04421	0.00893	0.01213	0.00791	0.03974	0.00623	0.00345	0.00430	0.00124	0.00594	0.00446	0.00198	0.00495
12	0.00899	0.00863	0.01473	0.06049	0.81083	0.00870	0.01122	0.01119	0.00832	0.01188	0.00689	0.00912	0.00578	0.00329	0.00364	0.00110	0.00439	0.00327	0.00181	0.00574
13	0.00528	0.00371	0.00434	0.00449	0.00482	0.00361	0.00288	0.03021	0.00674	0.00889	0.04980	0.24487	0.10645	0.47275	0.01214	0.00256	0.00294	0.02800	0.00281	0.00272
14	0.00447	0.00320	0.00426	0.00511	0.00533	0.00298	0.00341	0.00511	0.00703	0.00938	0.02024	0.86853	0.02429	0.01151	0.00469	0.00149	0.00213	0.01044	0.00341	0.00298
15	0.05222	0.00828	0.01241	0.01498	0.40940	0.00848	0.06477	0.06054	0.17790	0.13892	0.00973	0.01043	0.00732	0.00387	0.00365	0.00114	0.00392	0.00353	0.00274	0.00576
16	0.00900	0.00863	0.01475	0.05750	0.81376	0.00870	0.01123	0.01119	0.00832	0.01189	0.00689	0.00912	0.00578	0.00329	0.00364	0.00110	0.00439	0.00327	0.00181	0.00575
17	0.00867	0.00991	0.02167	0.01548	0.01920	0.00929	0.83467	0.01176	0.00867	0.01176	0.00743	0.00991	0.00557	0.00310	0.00433	0.00124	0.00619	0.00433	0.00186	0.00495
18	0.89687	0.00710	0.00540	0.00483	0.00710	0.00824	0.00398	0.01080	0.00625	0.01648	0.00511	0.00597	0.00398	0.00341	0.00227	0.00114	0.00284	0.00199	0.00227	0.00398
19	0.00479	0.00347	0.00425	0.00474	0.00514	0.00325	0.00323	0.00541	0.00698	0.00907	0.02110	0.44386	0.16800	0.21901	0.00805	0.00196	0.00254	0.07918	0.00312	0.00286
20	0.01019	0.28539	0.03427	0.01393	0.35756	0.16367	0.02444	0.02479	0.03365	0.01065	0.00639	0.00775	0.00541	0.00339	0.00318	0.00098	0.00464	0.00273	0.00183	0.00517
21	0.00534	0.00356	0.00401	0.00401	0.00401	0.00356	0.00223	0.00534	0.00534	0.00712	0.01157	0.02403	0.01335	0.87092	0.01869	0.00356	0.00356	0.00534	0.00223	0.00223
22	0.00898	0.00889	0.01526	0.03989	0.65872	0.02655	0.11498	0.01120	0.00832	0.01171	0.00712	0.00978	0.00602	0.00353	0.00406	0.00114	0.03630	0.02020	0.00184	0.00552
23	0.00528	0.00394	0.00486	0.00542	0.00595	0.00396	0.00376	0.00747	0.13709	0.01045	0.01914	0.70646	0.02175	0.01025	0.00447	0.00143	0.00224	0.00922	0.03341	0.00344
24	0.57529	0.00864	0.00787	0.00652	0.00900	0.06350	0.04451	0.20580	0.00930	0.03079	0.00629	0.00697	0.00472	0.00367	0.00279	0.00112	0.00353	0.00246	0.00260	0.00461
25	0.01085	0.00778	0.00877	0.00752	0.00982	0.02071	0.02623	0.03602	0.61506	0.19267	0.01440	0.01315	0.01042	0.00481	0.00374	0.00121	0.00311	0.00402	0.00383	0.00587
26	0.00907	0.00878	0.01519	0.02225	0.81351	0.00875	0.04555	0.01129	0.00838	0.01199	0.00693	0.00912	0.00581	0.00327	0.00367	0.00110	0.00444	0.00332	0.00182	0.00578
27	0.00520	0.00375	0.00491	0.00462	0.00549	0.00347	0.00347	0.00693	0.01040	0.01473	0.84608	0.02743	0.03465	0.00751	0.00433	0.00116	0.00173	0.00664	0.00404	0.00347
28	0.00619	0.00494	0.00594	0.04140	0.00757	0.00520	0.00455	0.01008	0.25289	0.01237	0.18365	0.28525	0.08692	0.00819	0.00430	0.00134	0.00247	0.06919	0.00356	0.00400
29	0.13279	0.00928	0.01146	0.01247	0.28083	0.00999	0.00793	0.44225	0.01277	0.03373	0.00780	0.00858	0.00585	0.00391	0.00347	0.00110	0.00397	0.00312	0.00290	0.00580
30	0.37038	0.00659	0.00727	0.00585	0.00846	0.00654	0.00483	0.01504	0.00880	0.51527	0.01072	0.00987	0.00704	0.00409	0.00312	0.00114	0.00301	0.00301	0.00363	0.00534
