[name]
unknown

[dist]
# distance from previous block
# <min> <max>
0	48

[block]
# block no. 0 follows, 71 sequences, length 22
# corresponding to MSA columns:
# 48-69
name=unknown_A
#
# <colnr> <probs for GDERKNQSTAVLIFYWHMCP>
#	G	D	E	R	K	N	Q	S	T	A	V	L	I	F	Y	W	H	M	C	P
0	0.00618	0.00441	0.00618	0.00706	0.00794	0.00441	0.00618	0.00794	0.00883	0.01147	0.02030	0.04325	0.02207	0.01059	0.00530	0.00177	0.00353	0.81553	0.00353	0.00353
1	0.22409	0.00667	0.00740	0.00573	0.00859	0.00596	0.00463	0.01198	0.00854	0.20864	0.07210	0.01031	0.00854	0.00384	0.00309	0.00091	0.00289	0.00295	0.00302	0.40012
2	0.00782	0.00745	0.01277	0.63652	0.21807	0.00869	0.03380	0.01033	0.00796	0.01051	0.00693	0.01005	0.00536	0.00372	0.00384	0.00125	0.00502	0.00344	0.00176	0.00471
3	0.00914	0.49855	0.37934	0.00846	0.01278	0.01244	0.00987	0.01177	0.00792	0.01038	0.00601	0.00700	0.00489	0.00344	0.00297	0.00099	0.00478	0.00239	0.00163	0.00525
4	0.00735	0.00614	0.00715	0.00580	0.00817	0.00546	0.00449	0.01018	0.13173	0.01193	0.01187	0.01381	0.08142	0.07355	0.12771	0.00180	0.00394	0.00362	0.00260	0.48129
5	0.00579	0.00421	0.00514	0.00541	0.00614	0.00421	0.00386	0.00832	0.12859	0.01245	0.21467	0.46095	0.02450	0.00932	0.00445	0.00137	0.00220	0.00831	0.08639	0.00371
6	0.00714	0.00569	0.00583	0.00571	0.00714	0.00477	0.00411	0.00755	0.01047	0.01317	0.12128	0.03830	0.73037	0.01088	0.00553	0.00172	0.00281	0.00858	0.00439	0.00456
7	0.60609	0.00712	0.00670	0.00562	0.00819	0.00763	0.00464	0.01370	0.00798	0.28763	0.00854	0.00846	0.00590	0.00395	0.00286	0.00119	0.00306	0.00266	0.00315	0.00493
8	0.00503	0.00369	0.00400	0.00421	0.00509	0.00329	0.00299	0.00597	0.00806	0.01057	0.02867	0.23272	0.45858	0.07496	0.00550	0.00149	0.00212	0.00792	0.13195	0.00319
9	0.00543	0.00392	0.00513	0.00482	0.00573	0.00362	0.00362	0.00724	0.01085	0.01538	0.83931	0.02864	0.03618	0.00784	0.00452	0.00121	0.00181	0.00693	0.00422	0.00362
10	0.89233	0.00741	0.00564	0.00504	0.00741	0.00860	0.00415	0.01127	0.00653	0.01720	0.00534	0.00623	0.00415	0.00356	0.00237	0.00119	0.00297	0.00208	0.00237	0.00415
11	0.00949	0.00911	0.01556	0.02353	0.84133	0.00911	0.01177	0.01177	0.00873	0.01253	0.00721	0.00949	0.00607	0.00342	0.00380	0.00114	0.00456	0.00342	0.00190	0.00607
12	0.00795	0.00681	0.00795	0.00568	0.00909	0.00511	0.00454	0.00965	0.00795	0.01249	0.00681	0.00795	0.00568	0.00284	0.00284	0.00057	0.00284	0.00227	0.00227	0.88869
13	0.01458	0.01074	0.01151	0.00882	0.01189	0.01189	0.00729	0.82855	0.01803	0.02416	0.00921	0.00921	0.00652	0.00460	0.00384	0.00115	0.00422	0.00345	0.00384	0.00652
14	0.01357	0.00922	0.01025	0.00799	0.01073	0.00990	0.00655	0.60761	0.01610	0.12555	0.13074	0.01252	0.01121	0.00509	0.00394	0.00116	0.00375	0.00401	0.00401	0.00610
15	0.89233	0.00741	0.00564	0.00504	0.00741	0.00860	0.00415	0.01127	0.00653	0.01720	0.00534	0.00623	0.00415	0.00356	0.00237	0.00119	0.00297	0.00208	0.00237	0.00415
16	0.00949	0.00911	0.01556	0.02353	0.84133	0.00911	0.01177	0.01177	0.00873	0.01253	0.00721	0.00949	0.00607	0.00342	0.00380	0.00114	0.00456	0.00342	0.00190	0.00607
17	0.01458	0.01074	0.01151	0.00882	0.01189	0.01189	0.00729	0.82855	0.01803	0.02416	0.00921	0.00921	0.00652	0.00460	0.00384	0.00115	0.00422	0.00345	0.00384	0.00652
18	0.01027	0.00860	0.00908	0.00795	0.01025	0.00988	0.00625	0.13798	0.71561	0.01722	0.01467	0.01356	0.01095	0.00511	0.00389	0.00128	0.00321	0.00421	0.00389	0.00613
19	0.00959	0.00807	0.00862	0.00776	0.00987	0.00924	0.00609	0.08107	0.70172	0.01622	0.01554	0.04159	0.01229	0.00566	0.00400	0.00132	0.00313	0.04847	0.00387	0.00587
20	0.00465	0.00342	0.00437	0.00513	0.00551	0.00313	0.00347	0.00536	0.00754	0.00987	0.02371	0.74257	0.14387	0.01168	0.00484	0.00152	0.00218	0.01049	0.00356	0.00313
21	0.01417	0.01795	0.01079	0.00981	0.01179	0.82268	0.00737	0.01547	0.03750	0.00960	0.00624	0.00715	0.00516	0.00399	0.00347	0.00100	0.00679	0.00253	0.00204	0.00450

[dist]
# distance from previous block
# <min> <max>
1	8

[block]
# block no. 1 follows, 71 sequences, length 31
# corresponding to MSA columns:
# 78-108
name=unknown_B
#
# <colnr> <probs for GDERKNQSTAVLIFYWHMCP>
#	G	D	E	R	K	N	Q	S	T	A	V	L	I	F	Y	W	H	M	C	P
0	0.01590	0.00847	0.07485	0.00757	0.01077	0.00723	0.00666	0.19135	0.01226	0.60366	0.01322	0.01184	0.00849	0.00463	0.00383	0.00118	0.00366	0.00369	0.00431	0.00646
1	0.03113	0.05483	0.01018	0.00912	0.07490	0.24988	0.03065	0.11319	0.02035	0.14271	0.03171	0.19203	0.01116	0.00588	0.00389	0.00119	0.00440	0.00485	0.00304	0.00491
2	0.01345	0.00563	0.00740	0.00599	0.00803	0.00501	0.00461	0.01451	0.00939	0.57424	0.03957	0.01705	0.01161	0.25611	0.00845	0.00193	0.00335	0.00445	0.00402	0.00521
3	0.01091	0.00886	0.01515	0.01936	0.57592	0.00866	0.10890	0.03607	0.00942	0.15583	0.00870	0.01020	0.00664	0.00366	0.00390	0.00117	0.00455	0.00363	0.00245	0.00605
4	0.00596	0.00462	0.00534	0.00507	0.00628	0.00451	0.00386	0.00903	0.14601	0.01401	0.43534	0.02821	0.24430	0.00782	0.00436	0.00125	0.00209	0.02629	0.04172	0.00392
5	0.89233	0.00741	0.00564	0.00504	0.00741	0.00860	0.00415	0.01127	0.00653	0.01720	0.00534	0.00623	0.00415	0.00356	0.00237	0.00119	0.00297	0.00208	0.00237	0.00415
6	0.01589	0.01071	0.00994	0.00807	0.01076	0.25327	0.00645	0.16178	0.01220	0.45443	0.01139	0.01057	0.00763	0.00449	0.00374	0.00112	0.00450	0.00338	0.00377	0.00592
7	0.00555	0.00383	0.00476	0.00476	0.00496	0.00403	0.00304	0.00595	0.00575	0.00786	0.01155	0.02216	0.01267	0.62099	0.26204	0.00443	0.00563	0.00515	0.00224	0.00264
8	0.00795	0.00681	0.00795	0.00568	0.00909	0.00511	0.00454	0.00965	0.00795	0.01249	0.00681	0.00795	0.00568	0.00284	0.00284	0.00057	0.00284	0.00227	0.00227	0.88869
9	0.00558	0.00372	0.00418	0.00418	0.00418	0.00372	0.00232	0.00558	0.00558	0.00743	0.01208	0.02509	0.01394	0.86525	0.01952	0.00372	0.00372	0.00558	0.00232	0.00232
10	0.00936	0.00789	0.00830	0.00749	0.00957	0.00910	0.00582	0.01953	0.77378	0.01591	0.01538	0.01430	0.01157	0.00515	0.00381	0.00127	0.00294	0.00428	0.06865	0.00589
11	0.00954	0.00824	0.00867	0.00780	0.00997	0.00954	0.00607	0.02037	0.83441	0.01604	0.01561	0.01431	0.01170	0.00520	0.00390	0.00130	0.00303	0.00433	0.00390	0.00607
12	0.00457	0.00372	0.00405	0.00431	0.00529	0.00320	0.00310	0.00545	0.00833	0.01019	0.03367	0.27805	0.60196	0.01038	0.00464	0.00137	0.00202	0.00891	0.00356	0.00320
13	0.00903	0.33066	0.36145	0.00865	0.01268	0.01136	0.00962	0.01366	0.18468	0.01182	0.00817	0.00870	0.00634	0.00384	0.00326	0.00109	0.00452	0.00286	0.00211	0.00548
14	0.01076	0.00673	0.00824	0.00603	0.00930	0.00527	0.00487	0.01240	0.00887	0.26492	0.00934	0.00950	0.00684	0.00342	0.00315	0.00076	0.00297	0.00275	0.00302	0.62088
15	0.01342	0.01566	0.01323	0.01098	0.01344	0.60421	0.18261	0.01493	0.01049	0.07525	0.00704	0.00813	0.00548	0.00386	0.00372	0.00107	0.00653	0.00302	0.00218	0.00476
16	0.00838	0.01179	0.25748	0.22069	0.33547	0.00896	0.07957	0.01144	0.00831	0.01173	0.00706	0.00933	0.00546	0.00357	0.00382	0.00121	0.00517	0.00334	0.00177	0.00544
17	0.27275	0.00679	0.00795	0.00630	0.00909	0.00650	0.00520	0.01652	0.00968	0.60256	0.01227	0.01106	0.00793	0.00440	0.00342	0.00119	0.00318	0.00334	0.00405	0.00583
18	0.00881	0.00739	0.00800	0.00720	0.00912	0.00834	0.00558	0.04146	0.63416	0.01614	0.19155	0.01722	0.01678	0.00575	0.00403	0.00128	0.00281	0.00486	0.00397	0.00556
19	0.70464	0.00813	0.00689	0.00585	0.00837	0.00930	0.00482	0.18603	0.00898	0.01869	0.00617	0.00687	0.00466	0.00378	0.00269	0.00118	0.00323	0.00237	0.00269	0.00466
20	0.00549	0.00407	0.00595	0.00595	0.00656	0.00468	0.00453	0.00671	0.00610	0.00874	0.01047	0.01614	0.01005	0.11888	0.76058	0.00590	0.00956	0.00427	0.00208	0.00330
21	0.00477	0.00355	0.00445	0.00501	0.00555	0.00323	0.00349	0.00566	0.00809	0.01062	0.12282	0.56770	0.20073	0.01099	0.00478	0.00146	0.00214	0.02811	0.00364	0.00321
22	0.00858	0.01147	0.19527	0.01375	0.12338	0.00847	0.37111	0.01162	0.00857	0.01233	0.00730	0.00924	0.00561	0.00326	0.00388	0.00110	0.00527	0.00354	0.00194	0.19432
23	0.00531	0.00387	0.00472	0.00459	0.00535	0.00358	0.00328	0.00657	0.00926	0.01264	0.49306	0.04400	0.16809	0.19164	0.00775	0.00178	0.00229	0.02529	0.00368	0.00327
24	0.01317	0.45920	0.09022	0.01153	0.10845	0.03764	0.03798	0.01413	0.02089	0.03564	0.00981	0.01211	0.00860	0.00560	0.00443	0.00153	0.00539	0.00365	0.00305	0.11700
25	0.00715	0.00357	0.00357	0.00357	0.00447	0.00357	0.00268	0.00893	0.00804	0.01429	0.01251	0.01429	0.00983	0.00447	0.00268	0.00089	0.00179	0.00357	0.88654	0.00357
26	0.01460	0.00720	0.01073	0.01164	0.25248	0.00659	0.00737	0.01633	0.01032	0.57684	0.03704	0.01247	0.00928	0.00445	0.00386	0.00117	0.00360	0.00382	0.00390	0.00631
27	0.00715	0.00357	0.00357	0.00357	0.00447	0.00357	0.00268	0.00893	0.00804	0.01429	0.01251	0.01429	0.00983	0.00447	0.00268	0.00089	0.00179	0.00357	0.88654	0.00357
28	0.04886	0.01061	0.02372	0.07665	0.11668	0.14041	0.01721	0.33010	0.01291	0.17156	0.00916	0.00956	0.00653	0.00425	0.00372	0.00114	0.00457	0.00331	0.00319	0.00584
29	0.05925	0.07449	0.01246	0.61054	0.15092	0.00914	0.01013	0.01032	0.00778	0.01059	0.00667	0.00956	0.00519	0.00371	0.00364	0.00122	0.00482	0.00323	0.00177	0.00459
30	0.00729	0.00734	0.05486	0.00600	0.00707	0.13620	0.00453	0.00816	0.00726	0.00925	0.06646	0.01939	0.02540	0.42649	0.08999	0.00283	0.02564	0.02107	0.00236	0.07241

[dist]
# distance from previous block
# <min> <max>
0	15

[block]
# block no. 2 follows, 71 sequences, length 11
# corresponding to MSA columns:
# 124-134
name=unknown_C
#
# <colnr> <probs for GDERKNQSTAVLIFYWHMCP>
#	G	D	E	R	K	N	Q	S	T	A	V	L	I	F	Y	W	H	M	C	P
0	0.01050	0.20075	0.16617	0.01028	0.13847	0.02517	0.00844	0.13660	0.05323	0.09088	0.02536	0.03383	0.02402	0.00425	0.00349	0.00108	0.00418	0.00339	0.00260	0.05731
1	0.00742	0.00680	0.00857	0.04658	0.09353	0.09416	0.07184	0.06926	0.00875	0.01121	0.01536	0.45422	0.03317	0.03750	0.02185	0.00155	0.00378	0.00748	0.00296	0.00401
2	0.00715	0.00357	0.00357	0.00357	0.00447	0.00357	0.00268	0.00893	0.00804	0.01429	0.01251	0.01429	0.00983	0.00447	0.00268	0.00089	0.00179	0.00357	0.88654	0.00357
3	0.00949	0.00911	0.01556	0.02353	0.84133	0.00911	0.01177	0.01177	0.00873	0.01253	0.00721	0.00949	0.00607	0.00342	0.00380	0.00114	0.00456	0.00342	0.00190	0.00607
4	0.00795	0.00681	0.00795	0.00568	0.00909	0.00511	0.00454	0.00965	0.00795	0.01249	0.00681	0.00795	0.00568	0.00284	0.00284	0.00057	0.00284	0.00227	0.00227	0.88869
5	0.01354	0.01662	0.01050	0.00954	0.01154	0.71156	0.00719	0.01614	0.14640	0.01048	0.00752	0.00813	0.00605	0.00416	0.00353	0.00104	0.00628	0.00278	0.00229	0.00471
6	0.00548	0.00411	0.00616	0.00616	0.00685	0.00479	0.00479	0.00685	0.00616	0.00890	0.01027	0.01506	0.00959	0.02876	0.85006	0.00616	0.01027	0.00411	0.00205	0.00342
7	0.89233	0.00741	0.00564	0.00504	0.00741	0.00860	0.00415	0.01127	0.00653	0.01720	0.00534	0.00623	0.00415	0.00356	0.00237	0.00119	0.00297	0.00208	0.00237	0.00415
8	0.00698	0.00457	0.00672	0.00722	0.07712	0.00491	0.00478	0.03245	0.02679	0.00884	0.03563	0.01268	0.00832	0.01508	0.20308	0.49819	0.03813	0.00366	0.00198	0.00287
9	0.00715	0.00357	0.00357	0.00357	0.00447	0.00357	0.00268	0.00893	0.00804	0.01429	0.01251	0.01429	0.00983	0.00447	0.00268	0.00089	0.00179	0.00357	0.88654	0.00357
10	0.00938	0.06840	0.11486	0.18426	0.11737	0.03553	0.00866	0.17355	0.09592	0.01434	0.07810	0.02829	0.04545	0.00476	0.00381	0.00119	0.00424	0.00395	0.00269	0.00523

[dist]
# distance from previous block
# <min> <max>
0	2

[block]
# block no. 3 follows, 71 sequences, length 37
# corresponding to MSA columns:
# 137-173
name=unknown_D
#
# <colnr> <probs for GDERKNQSTAVLIFYWHMCP>
#	G	D	E	R	K	N	Q	S	T	A	V	L	I	F	Y	W	H	M	C	P
0	0.03768	0.18712	0.03108	0.01006	0.06862	0.40057	0.04623	0.07721	0.02467	0.05313	0.00685	0.00775	0.00550	0.00390	0.00357	0.00103	0.02506	0.00274	0.00221	0.00499
1	0.89233	0.00741	0.00564	0.00504	0.00741	0.00860	0.00415	0.01127	0.00653	0.01720	0.00534	0.00623	0.00415	0.00356	0.00237	0.00119	0.00297	0.00208	0.00237	0.00415
2	0.00918	0.00873	0.01369	0.07764	0.59650	0.03543	0.02459	0.04380	0.03204	0.01257	0.01012	0.03071	0.06096	0.00431	0.00391	0.00118	0.00440	0.02244	0.00220	0.00559
3	0.00724	0.00681	0.01150	0.85604	0.02641	0.00852	0.01065	0.00980	0.00767	0.00980	0.00681	0.01022	0.00511	0.00383	0.00383	0.00128	0.00511	0.00341	0.00170	0.00426
4	0.19917	0.00782	0.00908	0.00795	0.00879	0.04503	0.00644	0.05336	0.00689	0.01157	0.00657	0.01009	0.00620	0.07939	0.11092	0.00222	0.41904	0.00332	0.00205	0.00407
5	0.00508	0.00391	0.00464	0.00446	0.00551	0.00347	0.00334	0.00656	0.01003	0.01342	0.52768	0.03186	0.34903	0.00857	0.00453	0.00124	0.00186	0.00738	0.00396	0.00347
6	0.00795	0.00681	0.00795	0.00568	0.00909	0.00511	0.00454	0.00965	0.00795	0.01249	0.00681	0.00795	0.00568	0.00284	0.00284	0.00057	0.00284	0.00227	0.00227	0.88869
7	0.00469	0.00389	0.00410	0.00405	0.00528	0.00330	0.00304	0.00581	0.00911	0.01124	0.17981	0.03545	0.69826	0.00938	0.00453	0.00128	0.00192	0.00789	0.00368	0.00330
8	0.00707	0.02167	0.04894	0.01019	0.15255	0.00598	0.02279	0.00959	0.06215	0.01185	0.01664	0.08593	0.01740	0.00849	0.00478	0.00156	0.00376	0.50128	0.00312	0.00427
9	0.00479	0.00342	0.00456	0.00532	0.00563	0.00320	0.00362	0.00561	0.00776	0.01044	0.11074	0.75294	0.02647	0.01152	0.00486	0.00152	0.00221	0.02857	0.00363	0.00318
10	0.00467	0.00334	0.00445	0.00534	0.00556	0.00311	0.00356	0.00534	0.00734	0.00979	0.02113	0.86275	0.02536	0.01201	0.00489	0.00156	0.00222	0.01090	0.00356	0.00311
11	0.01025	0.86756	0.02009	0.00656	0.00984	0.01517	0.00656	0.01148	0.00779	0.00902	0.00533	0.00615	0.00492	0.00328	0.00246	0.00082	0.00410	0.00205	0.00164	0.00492
12	0.00529	0.00391	0.00494	0.00468	0.00564	0.00356	0.00351	0.00697	0.01053	0.01461	0.71776	0.02989	0.15820	0.00812	0.00452	0.00122	0.00183	0.00711	0.00412	0.00356
13	0.01580	0.00657	0.00875	0.00665	0.00968	0.00556	0.00547	0.01731	0.01052	0.71773	0.01386	0.01228	0.00891	0.00446	0.00370	0.00109	0.00320	0.00362	0.00437	0.14048
14	0.89233	0.00741	0.00564	0.00504	0.00741	0.00860	0.00415	0.01127	0.00653	0.01720	0.00534	0.00623	0.00415	0.00356	0.00237	0.00119	0.00297	0.00208	0.00237	0.00415
15	0.00467	0.00334	0.00445	0.00534	0.00556	0.00311	0.00356	0.00534	0.00734	0.00979	0.02113	0.86275	0.02536	0.01201	0.00489	0.00156	0.00222	0.01090	0.00356	0.00311
16	0.00523	0.00391	0.00485	0.00462	0.00561	0.00353	0.00346	0.00686	0.01039	0.01428	0.66480	0.03044	0.21137	0.00825	0.00452	0.00123	0.00184	0.00719	0.00408	0.00353
17	0.00795	0.00681	0.00795	0.00568	0.00909	0.00511	0.00454	0.00965	0.00795	0.01249	0.00681	0.00795	0.00568	0.00284	0.00284	0.00057	0.00284	0.00227	0.00227	0.88869
18	0.56861	0.04751	0.09936	0.00679	0.00948	0.19048	0.00605	0.01225	0.00769	0.01461	0.00563	0.00658	0.00443	0.00364	0.00275	0.00113	0.00416	0.00224	0.00217	0.00441
19	0.01720	0.00653	0.00890	0.00682	0.00979	0.00564	0.00564	0.01869	0.01097	0.84399	0.01513	0.01305	0.00949	0.00475	0.00386	0.00119	0.00326	0.00386	0.00475	0.00653
20	0.00960	0.00885	0.01170	0.00982	0.01042	0.01177	0.00817	0.16915	0.00824	0.01214	0.00585	0.00855	0.00532	0.00630	0.01088	0.00157	0.69154	0.00337	0.00210	0.00465
21	0.00867	0.00800	0.06537	0.00896	0.01116	0.00736	0.17812	0.22368	0.02621	0.02498	0.01445	0.34167	0.03200	0.00738	0.00443	0.00136	0.00391	0.02440	0.00319	0.00472
22	0.77291	0.00889	0.00635	0.00570	0.00802	0.12302	0.00460	0.01182	0.00712	0.01614	0.00542	0.00632	0.00426	0.00361	0.00252	0.00116	0.00350	0.00213	0.00232	0.00419
23	0.00686	0.00625	0.01019	0.57822	0.07210	0.00749	0.00904	0.00890	0.00758	0.00994	0.00996	0.20039	0.00969	0.00575	0.00444	0.00135	0.04053	0.00508	0.00213	0.00411
24	0.89233	0.00741	0.00564	0.00504	0.00741	0.00860	0.00415	0.01127	0.00653	0.01720	0.00534	0.00623	0.00415	0.00356	0.00237	0.00119	0.00297	0.00208	0.00237	0.00415
25	0.00467	0.00336	0.00443	0.00528	0.00555	0.00312	0.00353	0.00535	0.00740	0.00981	0.02187	0.82826	0.05937	0.01192	0.00488	0.00155	0.00221	0.01078	0.00356	0.00312
26	0.89233	0.00741	0.00564	0.00504	0.00741	0.00860	0.00415	0.01127	0.00653	0.01720	0.00534	0.00623	0.00415	0.00356	0.00237	0.00119	0.00297	0.00208	0.00237	0.00415
27	0.01432	0.01827	0.01087	0.00988	0.01185	0.84986	0.00741	0.01531	0.01087	0.00938	0.00593	0.00691	0.00494	0.00395	0.00346	0.00099	0.00691	0.00247	0.00198	0.00444
28	0.00947	0.00917	0.01590	0.02318	0.80231	0.00914	0.05052	0.01179	0.00875	0.01251	0.00724	0.00953	0.00606	0.00341	0.00383	0.00115	0.00465	0.00347	0.00190	0.00603
29	0.00558	0.00372	0.00418	0.00418	0.00418	0.00372	0.00232	0.00558	0.00558	0.00743	0.01208	0.02509	0.01394	0.86525	0.01952	0.00372	0.00372	0.00558	0.00232	0.00232
30	0.00467	0.00334	0.00445	0.00534	0.00556	0.00311	0.00356	0.00534	0.00734	0.00979	0.02113	0.86275	0.02536	0.01201	0.00489	0.00156	0.00222	0.01090	0.00356	0.00311
31	0.06774	0.68242	0.01786	0.00681	0.00999	0.01425	0.00652	0.13517	0.00926	0.01184	0.00592	0.00662	0.00511	0.00350	0.00266	0.00089	0.00405	0.00226	0.00202	0.00511
32	0.01091	0.73745	0.01879	0.00690	0.01015	0.01467	0.00667	0.13555	0.00935	0.01132	0.00592	0.00661	0.00516	0.00348	0.00267	0.00087	0.00412	0.00226	0.00197	0.00516
33	0.00467	0.00336	0.00443	0.00529	0.00555	0.00312	0.00354	0.00534	0.00739	0.00981	0.02177	0.83281	0.05489	0.01193	0.00488	0.00155	0.00221	0.01080	0.00356	0.00312
34	0.00774	0.00712	0.01089	0.67296	0.02286	0.00874	0.00966	0.01208	0.18610	0.01114	0.00871	0.01110	0.00653	0.00413	0.00385	0.00128	0.00466	0.00361	0.00218	0.00465
35	0.00866	0.01132	0.19376	0.01183	0.04876	0.01035	0.18085	0.02651	0.09811	0.01165	0.00733	0.00944	0.00596	0.00498	0.00749	0.00142	0.35093	0.00360	0.00201	0.00504
36	0.01697	0.00715	0.00909	0.00703	0.00996	0.03654	0.00578	0.05704	0.01131	0.77478	0.01451	0.01265	0.00918	0.00471	0.00384	0.00118	0.00344	0.00379	0.00460	0.00645

[dist]
# distance from previous block
# <min> <max>
0	1

[block]
# block no. 4 follows, 71 sequences, length 86
# corresponding to MSA columns:
# 175-254,256-261
name=unknown_E
#
# <colnr> <probs for GDERKNQSTAVLIFYWHMCP>
#	G	D	E	R	K	N	Q	S	T	A	V	L	I	F	Y	W	H	M	C	P
0	0.01025	0.86756	0.02009	0.00656	0.00984	0.01517	0.00656	0.01148	0.00779	0.00902	0.00533	0.00615	0.00492	0.00328	0.00246	0.00082	0.00410	0.00205	0.00164	0.00492
1	0.01324	0.00542	0.00708	0.00587	0.00800	0.00483	0.00468	0.01468	0.00982	0.54259	0.01530	0.12351	0.01163	0.00562	0.00372	0.00117	0.00278	0.00470	0.20996	0.00540
2	0.00467	0.00335	0.00443	0.00529	0.00555	0.00312	0.00354	0.00534	0.00739	0.00981	0.02169	0.83665	0.05109	0.01194	0.00488	0.00155	0.00222	0.01081	0.00356	0.00312
3	0.00460	0.00388	0.00399	0.00398	0.00523	0.00326	0.00298	0.00563	0.00888	0.01073	0.09946	0.04979	0.76529	0.00961	0.00454	0.00129	0.00194	0.00805	0.00361	0.00326
4	0.00839	0.00839	0.01174	0.01007	0.01007	0.01174	0.00839	0.00923	0.00587	0.00923	0.00503	0.00839	0.00503	0.00671	0.01258	0.00168	0.85823	0.00336	0.00168	0.00419
5	0.00545	0.00386	0.00460	0.00442	0.00541	0.00352	0.00331	0.00706	0.00994	0.01400	0.52635	0.02861	0.22828	0.00781	0.00426	0.00118	0.00184	0.00674	0.12983	0.00352
6	0.00532	0.00393	0.00498	0.00476	0.00572	0.00359	0.00360	0.00701	0.01048	0.01453	0.69791	0.03029	0.15171	0.00820	0.00455	0.00124	0.00188	0.03265	0.00410	0.00356
7	0.01025	0.86756	0.02009	0.00656	0.00984	0.01517	0.00656	0.01148	0.00779	0.00902	0.00533	0.00615	0.00492	0.00328	0.00246	0.00082	0.00410	0.00205	0.00164	0.00492
8	0.00676	0.00424	0.00541	0.00494	0.00615	0.00381	0.00377	0.00840	0.01057	0.11714	0.62327	0.02789	0.14743	0.00772	0.00444	0.00122	0.00201	0.00672	0.00419	0.00392
9	0.01458	0.01074	0.01151	0.00882	0.01189	0.01189	0.00729	0.82855	0.01803	0.02416	0.00921	0.00921	0.00652	0.00460	0.00384	0.00115	0.00422	0.00345	0.00384	0.00652
10	0.89233	0.00741	0.00564	0.00504	0.00741	0.00860	0.00415	0.01127	0.00653	0.01720	0.00534	0.00623	0.00415	0.00356	0.00237	0.00119	0.00297	0.00208	0.00237	0.00415
11	0.00962	0.00817	0.00860	0.00770	0.00986	0.00942	0.00600	0.04480	0.78325	0.01623	0.01531	0.01415	0.01149	0.00516	0.00386	0.00128	0.00303	0.00428	0.03179	0.00600
12	0.00944	0.00815	0.00858	0.00773	0.00988	0.00942	0.00601	0.02009	0.81882	0.01593	0.01604	0.01473	0.02734	0.00529	0.00391	0.00130	0.00301	0.00441	0.00389	0.00602
13	0.01130	0.64797	0.01771	0.00742	0.01036	0.23099	0.00678	0.01247	0.00859	0.00911	0.00548	0.00635	0.00493	0.00345	0.00272	0.00086	0.00483	0.00216	0.00173	0.00480
14	0.01608	0.00818	0.07295	0.00744	0.01063	0.00684	0.00654	0.14203	0.01183	0.65532	0.01359	0.01209	0.00868	0.00464	0.00384	0.00118	0.00359	0.00372	0.00437	0.00646
15	0.00843	0.03839	0.65395	0.01255	0.13370	0.06299	0.01321	0.01228	0.00836	0.01195	0.00683	0.00817	0.00504	0.00362	0.00362	0.00118	0.00555	0.00287	0.00168	0.00563
16	0.89233	0.00741	0.00564	0.00504	0.00741	0.00860	0.00415	0.01127	0.00653	0.01720	0.00534	0.00623	0.00415	0.00356	0.00237	0.00119	0.00297	0.00208	0.00237	0.00415
17	0.00923	0.01064	0.13385	0.02174	0.72377	0.00908	0.01211	0.01182	0.00864	0.01247	0.00716	0.00929	0.00590	0.00345	0.00377	0.00115	0.00471	0.00333	0.00186	0.00602
18	0.01532	0.01140	0.06079	0.00821	0.01101	0.27347	0.00685	0.07560	0.03260	0.44864	0.01130	0.01056	0.00761	0.00443	0.00372	0.00113	0.00463	0.00334	0.00359	0.00580
19	0.00940	0.00796	0.00837	0.00755	0.00964	0.00918	0.00587	0.01970	0.78541	0.01594	0.01542	0.01430	0.01159	0.00516	0.00383	0.00128	0.00296	0.00429	0.05623	0.00592
20	0.00710	0.00664	0.01110	0.80965	0.02526	0.00823	0.01025	0.00956	0.00768	0.00981	0.00802	0.03701	0.02560	0.00422	0.00388	0.00129	0.00495	0.00375	0.00180	0.00420
21	0.85340	0.00738	0.00578	0.00512	0.00752	0.00847	0.00422	0.01160	0.00672	0.05399	0.00577	0.00653	0.00439	0.00361	0.00244	0.00119	0.00298	0.00216	0.00248	0.00426
22	0.00548	0.00411	0.00616	0.00616	0.00685	0.00479	0.00479	0.00685	0.00616	0.00890	0.01027	0.01506	0.00959	0.02876	0.85006	0.00616	0.01027	0.00411	0.00205	0.00342
23	0.01025	0.86756	0.02009	0.00656	0.00984	0.01517	0.00656	0.01148	0.00779	0.00902	0.00533	0.00615	0.00492	0.00328	0.00246	0.00082	0.00410	0.00205	0.00164	0.00492
24	0.00795	0.00681	0.00795	0.00568	0.00909	0.00511	0.00454	0.00965	0.00795	0.01249	0.00681	0.00795	0.00568	0.00284	0.00284	0.00057	0.00284	0.00227	0.00227	0.88869
25	0.00468	0.00346	0.00438	0.00506	0.00550	0.00316	0.00345	0.00544	0.00773	0.01011	0.05735	0.68463	0.16815	0.01144	0.00482	0.00150	0.00216	0.01025	0.00359	0.00316
26	0.01097	0.01241	0.02528	0.03065	0.08578	0.33173	0.26109	0.01290	0.00933	0.04517	0.00748	0.00950	0.00603	0.00659	0.09965	0.00172	0.03338	0.00348	0.00206	0.00479
27	0.01025	0.86756	0.02009	0.00656	0.00984	0.01517	0.00656	0.01148	0.00779	0.00902	0.00533	0.00615	0.00492	0.00328	0.00246	0.00082	0.00410	0.00205	0.00164	0.00492
28	0.00478	0.00389	0.00422	0.00414	0.00533	0.00334	0.00311	0.00597	0.00932	0.01172	0.25691	0.03465	0.62086	0.00920	0.00453	0.00127	0.00191	0.00778	0.00374	0.00334
29	0.00788	0.10154	0.69433	0.01038	0.01552	0.00928	0.04128	0.01184	0.00824	0.01200	0.04807	0.00900	0.00645	0.00380	0.00360	0.00118	0.00535	0.00302	0.00176	0.00547
30	0.00655	0.00337	0.00492	0.00492	0.00492	0.00337	0.00323	0.00505	0.00505	0.00674	0.00719	0.01297	0.00737	0.09686	0.01543	0.80169	0.00337	0.00355	0.00173	0.00173
31	0.00467	0.00334	0.00445	0.00534	0.00556	0.00311	0.00356	0.00534	0.00734	0.00979	0.02113	0.86275	0.02536	0.01201	0.00489	0.00156	0.00222	0.01090	0.00356	0.00311
32	0.00845	0.00942	0.02001	0.01445	0.01794	0.00879	0.70991	0.01139	0.00910	0.01223	0.04780	0.01376	0.08894	0.00407	0.00453	0.00129	0.00581	0.00498	0.00220	0.00491
33	0.01055	0.74526	0.03891	0.00742	0.03183	0.09311	0.00696	0.01186	0.00811	0.00922	0.00547	0.00636	0.00495	0.00336	0.00262	0.00085	0.00441	0.00214	0.00168	0.00492
34	0.00769	0.01983	0.84538	0.01093	0.01659	0.00890	0.01417	0.01214	0.00810	0.01214	0.00688	0.00810	0.00486	0.00364	0.00364	0.00121	0.00567	0.00283	0.00162	0.00567
35	0.00453	0.00388	0.00388	0.00388	0.00518	0.00324	0.00291	0.00550	0.00874	0.01036	0.03884	0.03690	0.83978	0.00971	0.00453	0.00129	0.00194	0.00809	0.00356	0.00324
36	0.00706	0.00621	0.00988	0.48094	0.13588	0.00716	0.00830	0.00881	0.00719	0.00947	0.00846	0.01459	0.00791	0.26308	0.00855	0.00199	0.00461	0.00406	0.00192	0.00394
37	0.00579	0.00485	0.00784	0.12194	0.04240	0.00497	0.08639	0.00709	0.00752	0.01015	0.01623	0.54705	0.01834	0.01061	0.06070	0.00177	0.01650	0.00828	0.01794	0.00363
38	0.00666	0.00333	0.00500	0.00500	0.00500	0.00333	0.00333	0.00500	0.00500	0.00666	0.00666	0.01166	0.00666	0.01332	0.01499	0.88844	0.00333	0.00333	0.00167	0.00167
39	0.00458	0.00389	0.00396	0.00394	0.00521	0.00326	0.00295	0.00560	0.00886	0.01065	0.08559	0.03642	0.79285	0.00960	0.00453	0.00129	0.00193	0.00802	0.00360	0.00326
40	0.00668	0.01333	0.50096	0.00892	0.01248	0.00688	0.02965	0.00968	0.00763	0.01104	0.01094	0.21789	0.01074	0.04647	0.08767	0.00190	0.00521	0.00509	0.00217	0.00466
41	0.72704	0.00946	0.00662	0.00595	0.00825	0.16698	0.00477	0.01203	0.00734	0.01573	0.00545	0.00636	0.00430	0.00363	0.00258	0.00115	0.00371	0.00215	0.00230	0.00421
42	0.01432	0.01827	0.01087	0.00988	0.01185	0.84986	0.00741	0.01531	0.01087	0.00938	0.00593	0.00691	0.00494	0.00395	0.00346	0.00099	0.00691	0.00247	0.00198	0.00444
43	0.00467	0.00334	0.00445	0.00534	0.00556	0.00311	0.00356	0.00534	0.00734	0.00979	0.02113	0.86275	0.02536	0.01201	0.00489	0.00156	0.00222	0.01090	0.00356	0.00311
44	0.00840	0.03293	0.18945	0.01490	0.33130	0.01958	0.06350	0.01146	0.06609	0.01199	0.00980	0.09855	0.00905	0.00512	0.00455	0.00128	0.05938	0.05514	0.00223	0.00529
45	0.02814	0.01245	0.24706	0.02862	0.54655	0.04644	0.01207	0.01200	0.00859	0.01235	0.00702	0.00892	0.00563	0.00351	0.00371	0.00116	0.00494	0.00318	0.00183	0.00582
46	0.00761	0.00719	0.01216	0.72008	0.15949	0.00862	0.01083	0.01012	0.00784	0.01024	0.00688	0.01010	0.00527	0.00377	0.00383	0.00126	0.00502	0.00341	0.00174	0.00456
47	0.00666	0.00333	0.00500	0.00500	0.00500	0.00333	0.00333	0.00500	0.00500	0.00666	0.00666	0.01166	0.00666	0.01332	0.01499	0.88844	0.00333	0.00333	0.00167	0.00167
48	0.79951	0.00741	0.00608	0.00559	0.03011	0.00834	0.00439	0.01116	0.00670	0.01671	0.00550	0.00645	0.00432	0.00350	0.00245	0.00114	0.00300	0.00213	0.00235	0.07315
49	0.01444	0.01067	0.01143	0.00879	0.01184	0.01183	0.00725	0.80668	0.04012	0.02394	0.00938	0.00934	0.00666	0.00462	0.00384	0.00115	0.00419	0.00348	0.00384	0.00651
50	0.00477	0.00389	0.00422	0.00414	0.00533	0.00334	0.00310	0.00597	0.00930	0.01170	0.25300	0.03469	0.62479	0.00921	0.00453	0.00127	0.00191	0.00778	0.00374	0.00334
51	0.00559	0.00413	0.00555	0.00558	0.03950	0.00384	0.00395	0.00742	0.01077	0.01526	0.80568	0.02787	0.03496	0.00766	0.00449	0.00120	0.00192	0.00679	0.00413	0.00372
52	0.00730	0.00688	0.01161	0.83351	0.04846	0.00853	0.01068	0.00985	0.00770	0.00987	0.00683	0.01020	0.00514	0.00382	0.00383	0.00127	0.00510	0.00341	0.00171	0.00431
53	0.00769	0.00727	0.01231	0.68966	0.18927	0.00864	0.01087	0.01019	0.00788	0.01034	0.00689	0.01008	0.00530	0.00375	0.00383	0.00125	0.00500	0.00341	0.00174	0.00462
54	0.00839	0.00839	0.01174	0.01007	0.01007	0.01174	0.00839	0.00923	0.00587	0.00923	0.00503	0.00839	0.00503	0.00671	0.01258	0.00168	0.85823	0.00336	0.00168	0.00419
55	0.00837	0.00727	0.00762	0.01808	0.00903	0.02219	0.00540	0.01646	0.59690	0.01481	0.09018	0.01924	0.15581	0.00616	0.00405	0.00129	0.00283	0.00516	0.00381	0.00532
56	0.07118	0.00798	0.00904	0.00713	0.00997	0.08896	0.00581	0.06506	0.01110	0.66300	0.01327	0.01180	0.00854	0.00459	0.00372	0.00116	0.00366	0.00359	0.00427	0.00617
57	0.00976	0.00835	0.00880	0.00785	0.01006	0.00964	0.00612	0.05633	0.79808	0.01640	0.01532	0.01408	0.01147	0.00518	0.00390	0.00129	0.00309	0.00430	0.00390	0.00609
58	0.01003	0.01017	0.01489	0.04178	0.72060	0.11171	0.01121	0.01215	0.00897	0.01208	0.00705	0.00919	0.00591	0.00349	0.00376	0.00112	0.00486	0.00330	0.00190	0.00583
59	0.01483	0.01013	0.01137	0.00869	0.01177	0.01095	0.02486	0.69463	0.01682	0.14153	0.01002	0.00978	0.00693	0.00459	0.00385	0.00116	0.00413	0.00353	0.00392	0.00649
60	0.01271	0.01011	0.01060	0.00853	0.01116	0.04581	0.00692	0.52332	0.21314	0.02030	0.01050	0.02208	0.00786	0.00487	0.00425	0.00119	0.04556	0.00369	0.00362	0.03379
61	0.00839	0.00578	0.00651	0.00580	0.00763	0.00576	0.00451	0.01278	0.27681	0.14669	0.14715	0.02394	0.30115	0.00704	0.00418	0.00125	0.00251	0.00591	0.00393	0.02229
62	0.00519	0.00375	0.00490	0.00496	0.00567	0.00346	0.00359	0.00665	0.00979	0.01365	0.58581	0.27196	0.04806	0.00909	0.00463	0.00131	0.00193	0.00811	0.00402	0.00346
63	0.00926	0.40580	0.41135	0.00892	0.01334	0.01178	0.02986	0.03142	0.00828	0.02888	0.00643	0.00739	0.00505	0.00351	0.00313	0.00103	0.00489	0.00255	0.00176	0.00535
64	0.00954	0.00824	0.00867	0.00780	0.00997	0.00954	0.00607	0.02037	0.83441	0.01604	0.01561	0.01431	0.01170	0.00520	0.00390	0.00130	0.00303	0.00433	0.00390	0.00607
65	0.00484	0.00347	0.00463	0.00550	0.00582	0.00326	0.00384	0.00563	0.00753	0.00998	0.02136	0.75755	0.03959	0.01181	0.00493	0.00158	0.00236	0.09961	0.00356	0.00316
66	0.00854	0.00867	0.01629	0.27597	0.01987	0.00905	0.41047	0.04824	0.08985	0.01227	0.00904	0.05777	0.00729	0.00416	0.00424	0.00130	0.00537	0.00446	0.00223	0.00492
67	0.03780	0.00957	0.01240	0.00964	0.01250	0.14925	0.20765	0.03132	0.07088	0.37299	0.01162	0.03880	0.00830	0.00447	0.00395	0.00120	0.00462	0.00399	0.00341	0.00563
68	0.00905	0.01034	0.02262	0.01616	0.02004	0.00970	0.82741	0.01228	0.00905	0.01228	0.00776	0.01034	0.00582	0.00323	0.00452	0.00129	0.00646	0.00452	0.00194	0.00517
69	0.00527	0.00359	0.00427	0.00457	0.00465	0.00351	0.00274	0.00550	0.00618	0.00823	0.01515	0.30953	0.01782	0.57552	0.01455	0.00298	0.00321	0.00738	0.00274	0.00259
70	0.69573	0.00746	0.00652	0.00556	0.00807	0.00829	0.00458	0.05933	0.00793	0.15584	0.00720	0.00754	0.00518	0.00382	0.00270	0.00118	0.00309	0.00245	0.00285	0.00468
71	0.89233	0.00741	0.00564	0.00504	0.00741	0.00860	0.00415	0.01127	0.00653	0.01720	0.00534	0.00623	0.00415	0.00356	0.00237	0.00119	0.00297	0.00208	0.00237	0.00415
72	0.00548	0.00411	0.00616	0.00616	0.00685	0.00479	0.00479	0.00685	0.00616	0.00890	0.01027	0.01506	0.00959	0.02876	0.85006	0.00616	0.01027	0.00411	0.00205	0.00342
73	0.48418	0.00792	0.00734	0.00623	0.00852	0.02138	0.00507	0.23791	0.01018	0.01823	0.08717	0.00988	0.00831	0.00613	0.06550	0.00154	0.00380	0.00308	0.00293	0.00471
74	0.01619	0.00815	0.00990	0.00759	0.01060	0.00805	0.00627	0.33110	0.01370	0.52773	0.01284	0.01157	0.00835	0.00469	0.00385	0.00117	0.00363	0.00370	0.00439	0.00652
75	0.04052	0.01361	0.01124	0.00976	0.01162	0.45215	0.07203	0.03000	0.14950	0.01126	0.00799	0.02959	0.00667	0.00471	0.00498	0.00119	0.13278	0.00329	0.00234	0.00474
76	0.06681	0.00661	0.00949	0.05912	0.21646	0.00649	0.00704	0.02258	0.02696	0.28503	0.03048	0.10481	0.03347	0.02271	0.00434	0.00133	0.00354	0.08415	0.00335	0.00524
77	0.01015	0.06353	0.04685	0.01270	0.20374	0.06170	0.14632	0.14873	0.05582	0.01410	0.00831	0.00960	0.01934	0.00381	0.00377	0.01019	0.00452	0.00335	0.00241	0.17106
78	0.00560	0.00407	0.00544	0.00620	0.00685	0.00401	0.00487	0.00725	0.04348	0.01102	0.04667	0.40768	0.03752	0.01089	0.00502	0.00163	0.00284	0.38194	0.00358	0.00345
79	0.00506	0.00400	0.00456	0.00440	0.00554	0.00356	0.00331	0.00665	0.02951	0.01277	0.40151	0.03261	0.45526	0.00875	0.00451	0.00125	0.00191	0.00748	0.00387	0.00348
80	0.15212	0.03665	0.01493	0.02208	0.02459	0.02656	0.36191	0.01397	0.00912	0.26330	0.00938	0.01023	0.00658	0.00386	0.00409	0.00123	0.02747	0.00375	0.00283	0.00537
81	0.00853	0.06303	0.06220	0.42001	0.31255	0.00913	0.02860	0.01100	0.00818	0.03076	0.00708	0.00965	0.00554	0.00365	0.00374	0.00119	0.00487	0.00333	0.00184	0.00510
82	0.01597	0.00665	0.00871	0.00685	0.00965	0.00605	0.00560	0.01861	0.11139	0.71858	0.01511	0.01324	0.00977	0.00479	0.00383	0.00119	0.00319	0.00391	0.03053	0.00638
83	0.00475	0.00349	0.00448	0.00522	0.00565	0.00322	0.00362	0.00555	0.00771	0.01010	0.04369	0.68122	0.13893	0.01151	0.00486	0.00152	0.00225	0.05549	0.00357	0.00317
84	0.02034	0.57319	0.02899	0.03524	0.02058	0.01295	0.05206	0.06473	0.00883	0.11034	0.00697	0.00768	0.00563	0.00369	0.00326	0.00097	0.03455	0.00261	0.00218	0.00520
85	0.00827	0.01997	0.02814	0.30953	0.11432	0.03510	0.01878	0.10275	0.06318	0.02289	0.01141	0.22649	0.01101	0.00603	0.00408	0.00130	0.00412	0.00533	0.00263	0.00465

[dist]
# distance from previous block
# <min> <max>
1	12

[block]
# block no. 5 follows, 71 sequences, length 53
# corresponding to MSA columns:
# 278-330
name=unknown_F
#
# <colnr> <probs for GDERKNQSTAVLIFYWHMCP>
#	G	D	E	R	K	N	Q	S	T	A	V	L	I	F	Y	W	H	M	C	P
0	0.24556	0.23150	0.05489	0.00822	0.07139	0.13150	0.00663	0.05350	0.03536	0.01272	0.00672	0.00803	0.00561	0.00633	0.09362	0.00159	0.00493	0.00263	0.00214	0.01710
1	0.00482	0.00401	0.03726	0.00551	0.00599	0.00336	0.00396	0.00569	0.00754	0.01012	0.05516	0.78071	0.03858	0.01147	0.00482	0.00152	0.00234	0.01037	0.00351	0.00324
2	0.07062	0.00690	0.00817	0.03898	0.00982	0.00557	0.01633	0.01014	0.00797	0.04321	0.00703	0.00814	0.00569	0.00300	0.00291	0.00067	0.00300	0.00239	0.00234	0.74712
3	0.00899	0.00708	0.00867	0.00711	0.06681	0.00565	0.00522	0.03740	0.00857	0.07722	0.00756	0.00849	0.00603	0.00308	0.00302	0.00067	0.00304	0.00251	0.00249	0.73038
4	0.00472	0.00339	0.00449	0.00535	0.00563	0.00316	0.00362	0.00543	0.00743	0.00986	0.02166	0.81002	0.05082	0.01189	0.00490	0.00156	0.00226	0.03712	0.00356	0.00313
5	0.02743	0.14132	0.47123	0.01142	0.01614	0.00994	0.22643	0.01201	0.00826	0.01184	0.00685	0.00836	0.00512	0.00346	0.00366	0.00116	0.00553	0.00313	0.00174	0.02497
6	0.00945	0.15356	0.23035	0.03273	0.22749	0.05601	0.13226	0.03055	0.02147	0.02090	0.00698	0.00864	0.00554	0.00368	0.00404	0.00115	0.04471	0.00317	0.00189	0.00544
7	0.00666	0.00333	0.00500	0.00500	0.00500	0.00333	0.00333	0.00500	0.00500	0.00666	0.00666	0.01166	0.00666	0.01332	0.01499	0.88844	0.00333	0.00333	0.00167	0.00167
8	0.01072	0.74967	0.01878	0.00695	0.01008	0.09502	0.00665	0.02947	0.02579	0.00953	0.00569	0.00646	0.00510	0.00341	0.00262	0.00085	0.00435	0.00217	0.00177	0.00493
9	0.01099	0.34231	0.14335	0.03171	0.08340	0.17471	0.03458	0.05057	0.01860	0.05364	0.00676	0.00775	0.00543	0.00370	0.00336	0.00102	0.01824	0.00269	0.00202	0.00519
10	0.00977	0.15960	0.53645	0.00952	0.01418	0.00971	0.01128	0.05346	0.00889	0.12526	0.00782	0.00850	0.00558	0.00384	0.00365	0.00115	0.02063	0.00288	0.00216	0.00567
11	0.00737	0.08240	0.00816	0.00746	0.06622	0.00599	0.02340	0.00872	0.09964	0.00988	0.01134	0.08025	0.01129	0.00957	0.00862	0.35285	0.01943	0.15237	0.03164	0.00340
12	0.00463	0.00381	0.00407	0.00417	0.00528	0.00325	0.00307	0.00563	0.00872	0.01071	0.10589	0.15464	0.65310	0.00988	0.00458	0.00132	0.00197	0.00839	0.00362	0.00325
13	0.04577	0.00944	0.13670	0.00846	0.02843	0.00845	0.03619	0.06038	0.43114	0.04711	0.01381	0.13423	0.01160	0.00571	0.00396	0.00130	0.00355	0.00487	0.00336	0.00551
14	0.00904	0.03855	0.12956	0.11686	0.34593	0.03211	0.03774	0.01357	0.19872	0.01271	0.00946	0.01077	0.01995	0.00401	0.00379	0.00120	0.00450	0.00358	0.00232	0.00564
15	0.00561	0.00388	0.00496	0.00469	0.00559	0.00361	0.00352	0.00742	0.01055	0.01526	0.75078	0.02710	0.03336	0.00748	0.00432	0.00117	0.00181	0.00657	0.09870	0.00361
16	0.00529	0.00391	0.00493	0.00468	0.00564	0.00356	0.00351	0.00697	0.01053	0.01460	0.71628	0.02991	0.15969	0.00813	0.00452	0.00122	0.00183	0.00711	0.00412	0.00356
17	0.00866	0.00966	0.13290	0.32442	0.36618	0.00866	0.02629	0.01132	0.00835	0.04552	0.00774	0.01006	0.01595	0.00373	0.00381	0.00121	0.00487	0.00343	0.00192	0.00532
18	0.01462	0.00752	0.00930	0.00771	0.04008	0.00747	0.00604	0.25118	0.02247	0.44838	0.01277	0.02617	0.00876	0.00479	0.00390	0.00116	0.01908	0.00381	0.09871	0.00609
19	0.00558	0.00372	0.00418	0.00418	0.00418	0.00372	0.00232	0.00558	0.00558	0.00743	0.01208	0.02509	0.01394	0.86525	0.01952	0.00372	0.00372	0.00558	0.00232	0.00232
20	0.00642	0.00474	0.00632	0.00698	0.00800	0.00484	0.00601	0.00901	0.08566	0.01195	0.03804	0.04004	0.04708	0.01000	0.00513	0.00170	0.00340	0.69734	0.00358	0.00376
21	0.00984	0.04704	0.19552	0.06568	0.05356	0.05584	0.09654	0.10226	0.00986	0.10685	0.03975	0.03349	0.03024	0.00523	0.00436	0.00127	0.03793	0.09689	0.00270	0.00514
22	0.00673	0.01138	0.36744	0.00823	0.01136	0.00662	0.05858	0.00980	0.03376	0.01254	0.23675	0.01827	0.10367	0.06222	0.01419	0.00146	0.02492	0.00486	0.00267	0.00455
23	0.00942	0.00904	0.01544	0.04967	0.81574	0.00909	0.01173	0.01171	0.00870	0.01244	0.00720	0.00951	0.00604	0.00343	0.00380	0.00114	0.00457	0.00342	0.00189	0.00602
24	0.00558	0.00372	0.00418	0.00418	0.00418	0.00372	0.00232	0.00558	0.00558	0.00743	0.01208	0.02509	0.01394	0.86525	0.01952	0.00372	0.00372	0.00558	0.00232	0.00232
25	0.00795	0.00681	0.00795	0.00568	0.00909	0.00511	0.00454	0.00965	0.00795	0.01249	0.00681	0.00795	0.00568	0.00284	0.00284	0.00057	0.00284	0.00227	0.00227	0.88869
26	0.00905	0.00769	0.00831	0.00770	0.00968	0.00880	0.00608	0.01859	0.71590	0.01538	0.01628	0.01846	0.01319	0.00598	0.00410	0.00137	0.00311	0.12077	0.00385	0.00570
27	0.00540	0.00392	0.00509	0.00480	0.00571	0.00361	0.00360	0.00718	0.01079	0.01522	0.81492	0.02889	0.06066	0.00790	0.00452	0.00121	0.00181	0.00697	0.00420	0.00361
28	0.00467	0.00334	0.00445	0.00534	0.00556	0.00311	0.00356	0.00534	0.00734	0.00979	0.02113	0.86275	0.02536	0.01201	0.00489	0.00156	0.00222	0.01090	0.00356	0.00311
29	0.08021	0.00761	0.00929	0.00718	0.01012	0.00737	0.00593	0.21418	0.01236	0.58542	0.01298	0.01162	0.00838	0.00462	0.00374	0.00118	0.00347	0.00363	0.00435	0.00635
30	0.00471	0.00336	0.00449	0.00538	0.00562	0.00315	0.00362	0.00540	0.00738	0.00983	0.02111	0.84275	0.02528	0.01198	0.00490	0.00156	0.00226	0.03054	0.00356	0.00312
31	0.01432	0.01827	0.01087	0.00988	0.01185	0.84986	0.00741	0.01531	0.01087	0.00938	0.00593	0.00691	0.00494	0.00395	0.00346	0.00099	0.00691	0.00247	0.00198	0.00444
32	0.00949	0.00911	0.01556	0.02353	0.84133	0.00911	0.01177	0.01177	0.00873	0.01253	0.00721	0.00949	0.00607	0.00342	0.00380	0.00114	0.00456	0.00342	0.00190	0.00607
33	0.00519	0.00410	0.00480	0.00515	0.00628	0.00371	0.00422	0.00648	0.00877	0.01080	0.03143	0.03944	0.51300	0.01006	0.00484	0.00148	0.00258	0.33077	0.00355	0.00335
34	0.01025	0.86756	0.02009	0.00656	0.00984	0.01517	0.00656	0.01148	0.00779	0.00902	0.00533	0.00615	0.00492	0.00328	0.00246	0.00082	0.00410	0.00205	0.00164	0.00492
35	0.00839	0.00839	0.01174	0.01007	0.01007	0.01174	0.00839	0.00923	0.00587	0.00923	0.00503	0.00839	0.00503	0.00671	0.01258	0.00168	0.85823	0.00336	0.00168	0.00419
36	0.00850	0.00693	0.00854	0.00612	0.00952	0.00531	0.03461	0.01025	0.00816	0.05819	0.00731	0.00832	0.00589	0.00296	0.00296	0.00063	0.00299	0.00244	0.00240	0.80799
37	0.01025	0.86756	0.02009	0.00656	0.00984	0.01517	0.00656	0.01148	0.00779	0.00902	0.00533	0.00615	0.00492	0.00328	0.00246	0.00082	0.00410	0.00205	0.00164	0.00492
38	0.01683	0.00712	0.00926	0.00710	0.01008	0.00651	0.00587	0.13225	0.01196	0.72903	0.01430	0.01251	0.00907	0.00473	0.00385	0.00118	0.00340	0.00380	0.00462	0.00652
39	0.01069	0.77662	0.01910	0.00692	0.01006	0.10455	0.00665	0.01189	0.00812	0.00906	0.00539	0.00623	0.00492	0.00335	0.00257	0.00084	0.00440	0.00210	0.00168	0.00487
40	0.00938	0.00896	0.01526	0.02300	0.81408	0.00896	0.01158	0.01164	0.00873	0.01249	0.00764	0.01059	0.00660	0.00365	0.00384	0.00116	0.00452	0.02997	0.00195	0.00599
41	0.01432	0.01827	0.01087	0.00988	0.01185	0.84986	0.00741	0.01531	0.01087	0.00938	0.00593	0.00691	0.00494	0.00395	0.00346	0.00099	0.00691	0.00247	0.00198	0.00444
42	0.00524	0.00391	0.00486	0.00463	0.00561	0.00354	0.00347	0.00687	0.01041	0.01432	0.67034	0.03038	0.20581	0.00823	0.00452	0.00122	0.00184	0.00718	0.00408	0.00354
43	0.01441	0.01066	0.01141	0.00879	0.01183	0.01181	0.00725	0.80129	0.04557	0.02389	0.00942	0.00938	0.00670	0.00462	0.00384	0.00116	0.00418	0.00348	0.00384	0.00651
44	0.00949	0.00911	0.01556	0.02353	0.84133	0.00911	0.01177	0.01177	0.00873	0.01253	0.00721	0.00949	0.00607	0.00342	0.00380	0.00114	0.00456	0.00342	0.00190	0.00607
45	0.00458	0.00383	0.00399	0.00407	0.00524	0.00324	0.00301	0.00555	0.00867	0.01048	0.06613	0.12503	0.72327	0.00989	0.00457	0.00132	0.00197	0.00835	0.00358	0.00324
46	0.00541	0.00405	0.00515	0.00564	0.00655	0.00380	0.00457	0.00679	0.00883	0.01138	0.12348	0.15624	0.25711	0.01021	0.00493	0.00153	0.00269	0.37459	0.00363	0.00340
47	0.00514	0.00389	0.00551	0.00706	0.08334	0.00369	0.00436	0.00597	0.00749	0.01007	0.01983	0.77199	0.02352	0.01119	0.00480	0.00152	0.00246	0.02138	0.00340	0.00340
48	0.00913	0.00875	0.01483	0.14205	0.69240	0.00913	0.01148	0.01139	0.00847	0.01201	0.00707	0.00955	0.00590	0.00360	0.00414	0.00118	0.03792	0.00341	0.00186	0.00574
