[name]
unknown

[dist]
# distance from previous block
# <min> <max>
0	63

[block]
# block no. 0 follows, 74 sequences, length 25
# corresponding to MSA columns:
# 63-87
name=unknown_A
#
# <colnr> <probs for GDERKNQSTAVLIFYWHMCP>
#	G	D	E	R	K	N	Q	S	T	A	V	L	I	F	Y	W	H	M	C	P
0	0.00879	0.00636	0.00763	0.00583	0.00869	0.00521	0.00470	0.03112	0.04344	0.12027	0.06761	0.01226	0.00934	0.00395	0.00321	0.00079	0.00282	0.05642	0.00282	0.59873
1	0.00925	0.10115	0.27609	0.01146	0.10721	0.03747	0.16448	0.02289	0.09709	0.07880	0.05169	0.01023	0.00767	0.00387	0.00367	0.00114	0.00473	0.00347	0.00230	0.00534
2	0.00804	0.08157	0.65949	0.01034	0.02774	0.00879	0.05938	0.01179	0.00810	0.04685	0.03928	0.00881	0.00614	0.00368	0.00353	0.00115	0.00516	0.00298	0.00182	0.00537
3	0.01117	0.00805	0.01451	0.05123	0.15206	0.00759	0.31645	0.03051	0.00942	0.28684	0.01172	0.01239	0.06173	0.00410	0.00401	0.00119	0.00454	0.00415	0.00289	0.00545
4	0.00522	0.00379	0.00532	0.00544	0.00589	0.00419	0.00395	0.00616	0.00600	0.00843	0.01178	0.13483	0.01231	0.20904	0.55486	0.00483	0.00748	0.00520	0.00225	0.00304
5	0.02662	0.17042	0.31616	0.03188	0.05199	0.21259	0.04504	0.02161	0.00877	0.07227	0.00680	0.00776	0.00517	0.00360	0.00332	0.00105	0.00524	0.00270	0.00194	0.00508
6	0.00464	0.00332	0.00429	0.00500	0.00531	0.00308	0.00337	0.00523	0.00712	0.00936	0.02128	0.70493	0.10352	0.05031	0.00566	0.02973	0.00225	0.02531	0.00333	0.00296
7	0.00439	0.00376	0.00376	0.00376	0.00501	0.00313	0.00282	0.00533	0.00846	0.01003	0.03760	0.03572	0.84489	0.00940	0.00439	0.00125	0.00188	0.00783	0.00345	0.00313
8	0.00940	0.00791	0.00841	0.00745	0.00954	0.00905	0.00582	0.09218	0.71005	0.01619	0.07018	0.01434	0.01247	0.00515	0.00381	0.00124	0.00296	0.00429	0.00379	0.00576
9	0.00876	0.00880	0.03806	0.19731	0.54792	0.00882	0.09240	0.03192	0.00848	0.01182	0.00699	0.00937	0.00564	0.00341	0.00375	0.00115	0.00473	0.00340	0.00184	0.00542
10	0.15903	0.04434	0.01027	0.00884	0.01090	0.66554	0.02758	0.01398	0.00968	0.01039	0.00567	0.00664	0.00468	0.00372	0.00317	0.00099	0.00596	0.00236	0.00196	0.00429
11	0.00452	0.00323	0.00431	0.00517	0.00538	0.00301	0.00345	0.00517	0.00711	0.00948	0.02046	0.86713	0.02455	0.01163	0.00474	0.00151	0.00215	0.01055	0.00345	0.00301
12	0.00876	0.01001	0.02190	0.01564	0.01940	0.00939	0.83292	0.01189	0.00876	0.01189	0.00751	0.01001	0.00563	0.00313	0.00438	0.00125	0.00626	0.00438	0.00188	0.00501
13	0.00744	0.01920	0.85032	0.01058	0.01607	0.00862	0.01371	0.01176	0.00784	0.01176	0.00666	0.00784	0.00470	0.00353	0.00353	0.00118	0.00549	0.00274	0.00157	0.00549
14	0.00562	0.00420	0.00529	0.00496	0.00596	0.00407	0.00375	0.00818	0.08924	0.01470	0.73084	0.02620	0.04531	0.00790	0.02627	0.00130	0.00208	0.00642	0.00399	0.00372
15	0.00455	0.00324	0.00430	0.00513	0.00534	0.00303	0.00341	0.00518	0.00705	0.00940	0.02016	0.83888	0.02418	0.04039	0.00521	0.00158	0.00220	0.01038	0.00341	0.00299
16	0.01361	0.01727	0.01056	0.00957	0.01140	0.81716	0.00721	0.01456	0.01030	0.00908	0.00570	0.00676	0.00479	0.00394	0.00374	0.00099	0.04475	0.00243	0.00190	0.00429
17	0.25672	0.00765	0.06286	0.00723	0.07893	0.00648	0.00560	0.01120	0.00785	0.12403	0.03061	0.00858	0.00637	0.00342	0.00293	0.00090	0.00313	0.00260	0.00252	0.37039
18	0.00890	0.02303	0.05726	0.01466	0.04485	0.00904	0.68548	0.01189	0.00868	0.03627	0.00757	0.00977	0.00568	0.00317	0.00418	0.00119	0.00584	0.00409	0.00196	0.05648
19	0.00439	0.00376	0.00376	0.00376	0.00501	0.00313	0.00282	0.00533	0.00846	0.01003	0.03760	0.03572	0.84489	0.00940	0.00439	0.00125	0.00188	0.00783	0.00345	0.00313
20	0.00439	0.00374	0.00378	0.00380	0.00503	0.00313	0.00284	0.00532	0.00842	0.01001	0.03706	0.06208	0.81889	0.00947	0.00440	0.00126	0.00189	0.00792	0.00345	0.00313
21	0.00884	0.00935	0.07423	0.03322	0.71644	0.00859	0.03771	0.01117	0.00835	0.01195	0.00749	0.04205	0.00649	0.00364	0.00373	0.00113	0.00447	0.00358	0.00188	0.00569
22	0.01077	0.35734	0.11917	0.00902	0.04896	0.30015	0.00794	0.01228	0.00847	0.00940	0.00560	0.00678	0.00482	0.00374	0.00379	0.00099	0.08200	0.00239	0.00171	0.00468
23	0.00539	0.00414	0.00518	0.00485	0.00580	0.00401	0.00369	0.00730	0.04177	0.01384	0.64090	0.02765	0.16766	0.00774	0.00470	0.00121	0.04009	0.00665	0.00386	0.00356
24	0.00451	0.00326	0.00427	0.00508	0.00536	0.00302	0.00340	0.00518	0.00720	0.00951	0.02158	0.81274	0.07821	0.01148	0.00471	0.00149	0.00214	0.01037	0.00345	0.00302

[dist]
# distance from previous block
# <min> <max>
4	6

[block]
# block no. 1 follows, 74 sequences, length 49
# corresponding to MSA columns:
# 94-142
name=unknown_B
#
# <colnr> <probs for GDERKNQSTAVLIFYWHMCP>
#	G	D	E	R	K	N	Q	S	T	A	V	L	I	F	Y	W	H	M	C	P
0	0.00483	0.00355	0.00460	0.00505	0.00560	0.00322	0.00349	0.00575	0.00781	0.01063	0.16975	0.63436	0.05554	0.01030	0.00454	0.00138	0.00211	0.00927	0.00349	0.05473
1	0.00915	0.00861	0.01436	0.13116	0.69792	0.00888	0.01103	0.05214	0.00877	0.01234	0.00703	0.00927	0.00578	0.00342	0.00368	0.00112	0.00446	0.00331	0.00191	0.00567
2	0.00459	0.00350	0.00422	0.00461	0.00528	0.00313	0.00324	0.00550	0.00808	0.01048	0.15106	0.45549	0.30692	0.01025	0.00456	0.00137	0.00200	0.00904	0.00354	0.00313
3	0.00530	0.00398	0.00597	0.00597	0.00663	0.00464	0.00464	0.00663	0.00597	0.00862	0.00994	0.01458	0.00928	0.02784	0.85484	0.00597	0.00994	0.00398	0.00199	0.00331
4	0.00637	0.00322	0.00481	0.00485	0.00486	0.00322	0.00323	0.00485	0.00493	0.00657	0.00703	0.04680	0.00720	0.01284	0.01410	0.85505	0.00318	0.00353	0.00169	0.00167
5	0.89577	0.00718	0.00546	0.00488	0.00718	0.00833	0.00402	0.01091	0.00632	0.01665	0.00517	0.00603	0.00402	0.00345	0.00230	0.00115	0.00287	0.00201	0.00230	0.00402
6	0.00943	0.00807	0.00851	0.00759	0.00973	0.00933	0.00592	0.05346	0.80562	0.01585	0.01485	0.01364	0.01112	0.00501	0.00377	0.00125	0.00299	0.00416	0.00377	0.00589
7	0.01665	0.00632	0.00861	0.00660	0.00948	0.00546	0.00546	0.01809	0.01062	0.84897	0.01464	0.01263	0.00919	0.00459	0.00373	0.00115	0.00316	0.00373	0.00459	0.00632
8	0.00773	0.00663	0.00771	0.00555	0.00882	0.00505	0.00443	0.00959	0.02719	0.01218	0.00680	0.00784	0.00563	0.00280	0.00277	0.00057	0.00275	0.00225	0.00224	0.87148
9	0.00923	0.00797	0.00839	0.00755	0.00965	0.00923	0.00588	0.01972	0.83969	0.01553	0.01511	0.01385	0.01133	0.00504	0.00378	0.00126	0.00294	0.00420	0.00378	0.00588
10	0.89577	0.00718	0.00546	0.00488	0.00718	0.00833	0.00402	0.01091	0.00632	0.01665	0.00517	0.00603	0.00402	0.00345	0.00230	0.00115	0.00287	0.00201	0.00230	0.00402
11	0.00840	0.00802	0.01365	0.32536	0.54997	0.00861	0.01100	0.01070	0.00808	0.01117	0.00684	0.00944	0.00554	0.00345	0.00369	0.00115	0.00460	0.00330	0.00177	0.00525
12	0.00758	0.00646	0.00756	0.00546	0.00863	0.00488	0.00435	0.00923	0.00784	0.01223	0.04836	0.00870	0.00697	0.00299	0.00283	0.00058	0.00270	0.00242	0.00229	0.84795
13	0.00812	0.00812	0.01137	0.00975	0.00975	0.01137	0.00812	0.00893	0.00568	0.00893	0.00487	0.00812	0.00487	0.00650	0.01218	0.00162	0.86276	0.00325	0.00162	0.00406
14	0.00692	0.00346	0.00346	0.00346	0.00432	0.00346	0.00259	0.00865	0.00778	0.01384	0.01211	0.01384	0.00951	0.00432	0.00259	0.00086	0.00173	0.00346	0.89016	0.00346
15	0.89577	0.00718	0.00546	0.00488	0.00718	0.00833	0.00402	0.01091	0.00632	0.01665	0.00517	0.00603	0.00402	0.00345	0.00230	0.00115	0.00287	0.00201	0.00230	0.00402
16	0.00530	0.00398	0.00597	0.00597	0.00663	0.00464	0.00464	0.00663	0.00597	0.00862	0.00994	0.01458	0.00928	0.02784	0.85484	0.00597	0.00994	0.00398	0.00199	0.00331
17	0.00525	0.00354	0.00409	0.00424	0.00427	0.00350	0.00245	0.00536	0.00569	0.00758	0.01318	0.16674	0.01536	0.72456	0.01650	0.00325	0.00335	0.00627	0.00245	0.00238
18	0.00521	0.00379	0.00490	0.00462	0.00552	0.00348	0.00347	0.00692	0.01040	0.01464	0.80405	0.02813	0.07557	0.00768	0.00438	0.00117	0.00176	0.00677	0.00405	0.00348
19	0.02510	0.00658	0.00773	0.00558	0.00882	0.00505	0.00448	0.01010	0.00791	0.08184	0.00724	0.00808	0.00578	0.00292	0.00282	0.00061	0.00279	0.00232	0.00240	0.80184
20	0.00589	0.00421	0.00587	0.00669	0.00752	0.00419	0.00579	0.00755	0.00853	0.01113	0.04196	0.08280	0.02189	0.01025	0.00509	0.00168	0.00331	0.75883	0.00344	0.00340
21	0.00783	0.00668	0.00710	0.00652	0.00829	0.00740	0.00502	0.01547	0.58632	0.01425	0.09052	0.04545	0.17093	0.00628	0.00397	0.00126	0.00261	0.00529	0.00373	0.00507
22	0.00919	0.00882	0.01507	0.02278	0.84640	0.00882	0.01139	0.01139	0.00845	0.01213	0.00698	0.00919	0.00588	0.00331	0.00367	0.00110	0.00441	0.00331	0.00184	0.00588
23	0.00451	0.00326	0.00428	0.00509	0.00536	0.00302	0.00341	0.00518	0.00718	0.00951	0.02144	0.81973	0.07132	0.01150	0.00472	0.00149	0.00214	0.01040	0.00345	0.00302
24	0.01605	0.00616	0.00840	0.00653	0.00927	0.00533	0.00535	0.01744	0.01045	0.80694	0.01493	0.05541	0.00996	0.00495	0.00378	0.00117	0.00311	0.00407	0.00454	0.00615
25	0.00869	0.26734	0.01432	0.00902	0.01016	0.01227	0.04888	0.00974	0.00640	0.00902	0.00509	0.00757	0.00488	0.00533	0.00885	0.00136	0.56221	0.00293	0.00163	0.00432
26	0.00532	0.00357	0.00407	0.00415	0.00417	0.00355	0.00235	0.00538	0.00555	0.00740	0.01247	0.09836	0.01447	0.79416	0.01765	0.00341	0.00347	0.00585	0.00235	0.00232
27	0.00452	0.00323	0.00431	0.00517	0.00538	0.00301	0.00345	0.00517	0.00711	0.00948	0.02046	0.86713	0.02455	0.01163	0.00474	0.00151	0.00215	0.01055	0.00345	0.00301
28	0.00916	0.00874	0.01534	0.07427	0.69885	0.00877	0.08966	0.01146	0.00846	0.02907	0.00717	0.00938	0.00587	0.00334	0.00375	0.00113	0.00459	0.00342	0.00189	0.00570
29	0.01665	0.00632	0.00861	0.00660	0.00948	0.00546	0.00546	0.01809	0.01062	0.84897	0.01464	0.01263	0.00919	0.00459	0.00373	0.00115	0.00316	0.00373	0.00459	0.00632
30	0.84434	0.05737	0.00627	0.00497	0.00731	0.00870	0.00416	0.01092	0.00639	0.01619	0.00517	0.00603	0.00406	0.00343	0.00230	0.00113	0.00294	0.00201	0.00226	0.00406
31	0.00680	0.00348	0.00357	0.00355	0.00441	0.00346	0.00266	0.00853	0.00798	0.01391	0.07098	0.01482	0.01132	0.00456	0.00272	0.00089	0.00173	0.00369	0.82749	0.00346
32	0.00822	0.01777	0.72256	0.01061	0.03389	0.00900	0.01282	0.10059	0.00884	0.01296	0.00687	0.00799	0.00491	0.00369	0.00374	0.00118	0.02417	0.00283	0.00181	0.00555
33	0.00523	0.00379	0.00492	0.00464	0.00553	0.00349	0.00348	0.00695	0.01044	0.01473	0.81954	0.02797	0.06002	0.00764	0.00438	0.00117	0.00176	0.00675	0.00407	0.00349
34	0.00854	0.00747	0.00917	0.03710	0.17574	0.00825	0.00669	0.01578	0.52616	0.01415	0.04990	0.01512	0.07713	0.00509	0.00380	0.00121	0.00313	0.00437	0.02575	0.00544
35	0.00519	0.00379	0.00487	0.00460	0.00551	0.00347	0.00345	0.00688	0.01035	0.01452	0.78415	0.02832	0.09554	0.00772	0.00438	0.00117	0.00176	0.00680	0.00404	0.00347
36	0.00452	0.00323	0.00431	0.00517	0.00538	0.00301	0.00345	0.00517	0.00711	0.00948	0.02046	0.86713	0.02455	0.01163	0.00474	0.00151	0.00215	0.01055	0.00345	0.00301
37	0.00468	0.00339	0.00444	0.00517	0.00554	0.00316	0.00360	0.00548	0.00746	0.00989	0.06228	0.68892	0.08021	0.02292	0.00492	0.00152	0.00224	0.07765	0.00346	0.00307
38	0.01665	0.00632	0.00861	0.00660	0.00948	0.00546	0.00546	0.01809	0.01062	0.84897	0.01464	0.01263	0.00919	0.00459	0.00373	0.00115	0.00316	0.00373	0.00459	0.00632
39	0.00992	0.87178	0.01945	0.00635	0.00953	0.01469	0.00635	0.01111	0.00754	0.00873	0.00516	0.00595	0.00476	0.00318	0.00238	0.00079	0.00397	0.00198	0.00159	0.00476
40	0.00452	0.00323	0.00431	0.00517	0.00538	0.00301	0.00345	0.00517	0.00711	0.00948	0.02046	0.86713	0.02455	0.01163	0.00474	0.00151	0.00215	0.01055	0.00345	0.00301
41	0.00812	0.00812	0.01137	0.00975	0.00975	0.01137	0.00812	0.00893	0.00568	0.00893	0.00487	0.00812	0.00487	0.00650	0.01218	0.00162	0.86276	0.00325	0.00162	0.00406
42	0.01665	0.00632	0.00861	0.00660	0.00948	0.00546	0.00546	0.01809	0.01062	0.84897	0.01464	0.01263	0.00919	0.00459	0.00373	0.00115	0.00316	0.00373	0.00459	0.00632
43	0.00538	0.00366	0.00435	0.00435	0.00446	0.00376	0.00263	0.00559	0.00549	0.00742	0.01142	0.02276	0.01283	0.73681	0.15073	0.00397	0.00460	0.00517	0.00221	0.00242
44	0.00452	0.00323	0.00431	0.00517	0.00538	0.00301	0.00345	0.00517	0.00711	0.00948	0.02046	0.86713	0.02455	0.01163	0.00474	0.00151	0.00215	0.01055	0.00345	0.00301
45	0.00992	0.87178	0.01945	0.00635	0.00953	0.01469	0.00635	0.01111	0.00754	0.00873	0.00516	0.00595	0.00476	0.00318	0.00238	0.00079	0.00397	0.00198	0.00159	0.00476
46	0.01388	0.01714	0.01057	0.00949	0.01148	0.79086	0.00716	0.07680	0.01104	0.01017	0.00598	0.00686	0.00490	0.00387	0.00337	0.00097	0.00650	0.00246	0.00205	0.00446
47	0.00617	0.00454	0.00651	0.00776	0.05638	0.00454	0.00630	0.00791	0.00854	0.01117	0.01892	0.03997	0.02046	0.00985	0.00504	0.00167	0.00348	0.77392	0.00333	0.00356
48	0.00910	0.00869	0.01464	0.02178	0.79777	0.00859	0.01099	0.01127	0.00841	0.01212	0.00696	0.00910	0.00586	0.00327	0.00362	0.00107	0.00431	0.00324	0.00186	0.05734

[dist]
# distance from previous block
# <min> <max>
0	1

[block]
# block no. 2 follows, 74 sequences, length 20
# corresponding to MSA columns:
# 144-163
name=unknown_C
#
# <colnr> <probs for GDERKNQSTAVLIFYWHMCP>
#	G	D	E	R	K	N	Q	S	T	A	V	L	I	F	Y	W	H	M	C	P
0	0.00905	0.08960	0.00942	0.00620	0.00936	0.00720	0.00511	0.14492	0.05911	0.01383	0.00735	0.00810	0.00591	0.00321	0.00293	0.00071	0.00309	0.00249	0.00248	0.60994
1	0.00480	0.00475	0.08478	0.00568	0.00640	0.00355	0.00442	0.00579	0.00718	0.00969	0.01915	0.78539	0.02266	0.01086	0.00462	0.00148	0.00247	0.00981	0.00327	0.00325
2	0.00740	0.07278	0.71627	0.00974	0.01464	0.00853	0.01227	0.01126	0.00807	0.01186	0.08626	0.00961	0.00759	0.00389	0.00353	0.00115	0.00503	0.00307	0.00181	0.00525
3	0.00561	0.00420	0.00527	0.00507	0.00600	0.00410	0.00377	0.00822	0.10567	0.01421	0.63511	0.14193	0.03085	0.00785	0.00436	0.00122	0.00194	0.00695	0.00396	0.00371
4	0.00516	0.00374	0.00486	0.00469	0.00551	0.00344	0.00347	0.00678	0.01012	0.01421	0.74002	0.10783	0.06017	0.00803	0.00441	0.00120	0.00179	0.00711	0.00400	0.00344
5	0.05232	0.01205	0.09890	0.01343	0.11343	0.18495	0.36516	0.03677	0.02739	0.04883	0.00740	0.00899	0.00562	0.00349	0.00384	0.00115	0.00562	0.00350	0.00208	0.00508
6	0.00569	0.00451	0.00653	0.00631	0.00683	0.00547	0.00491	0.00684	0.00588	0.00854	0.00940	0.01454	0.00904	0.09761	0.66806	0.00517	0.12538	0.00400	0.00196	0.00332
7	0.00701	0.00660	0.01113	0.86063	0.02556	0.00825	0.01031	0.00948	0.00742	0.00948	0.00660	0.00990	0.00495	0.00371	0.00371	0.00124	0.00495	0.00330	0.00165	0.00412
8	0.06589	0.00624	0.00791	0.00631	0.00876	0.00582	0.00513	0.06805	0.04717	0.55780	0.16554	0.01482	0.01352	0.00508	0.00377	0.00115	0.00293	0.00417	0.00427	0.00565
9	0.02283	0.00903	0.04236	0.05383	0.68982	0.00876	0.04506	0.03987	0.00868	0.01241	0.00775	0.00978	0.02598	0.00351	0.00370	0.00112	0.00445	0.00342	0.00193	0.00568
10	0.00531	0.00396	0.00589	0.00589	0.00652	0.00460	0.00454	0.00658	0.00594	0.00856	0.01002	0.01499	0.00946	0.06310	0.81982	0.00587	0.00968	0.00404	0.00200	0.00327
11	0.00530	0.00398	0.00597	0.00597	0.00663	0.00464	0.00464	0.00663	0.00597	0.00862	0.00994	0.01458	0.00928	0.02784	0.85484	0.00597	0.00994	0.00398	0.00199	0.00331
12	0.08911	0.01682	0.66440	0.00973	0.01459	0.00876	0.01191	0.09011	0.00871	0.04249	0.00702	0.00794	0.00495	0.00364	0.00344	0.00117	0.00503	0.00277	0.00194	0.00546
13	0.00672	0.00527	0.00668	0.11542	0.05724	0.04141	0.00529	0.03648	0.00759	0.01049	0.01269	0.17516	0.01309	0.14503	0.07292	0.01128	0.02911	0.10609	0.13850	0.00353
14	0.00642	0.00479	0.00569	0.00535	0.00656	0.00478	0.00412	0.05975	0.12341	0.02438	0.43574	0.07389	0.13481	0.00757	0.00427	0.00124	0.00223	0.06273	0.02831	0.00395
15	0.00491	0.00378	0.00449	0.00431	0.00534	0.00336	0.00323	0.00634	0.00970	0.01297	0.52575	0.03088	0.35491	0.00830	0.00438	0.00120	0.00180	0.00716	0.00383	0.00336
16	0.00911	0.00880	0.01522	0.04633	0.79103	0.00883	0.04317	0.01136	0.00843	0.01204	0.00699	0.00924	0.00584	0.00331	0.00370	0.00111	0.00450	0.00335	0.00183	0.00580
17	0.01540	0.00735	0.00910	0.00705	0.00986	0.00710	0.00580	0.22381	0.05078	0.57917	0.01315	0.01178	0.00857	0.00457	0.00370	0.00114	0.00334	0.00365	0.02846	0.00622
18	0.00470	0.00377	0.00419	0.00435	0.00538	0.00331	0.00330	0.00573	0.00836	0.01033	0.08844	0.11346	0.57371	0.04551	0.00512	0.00143	0.00216	0.11017	0.00344	0.00315
19	0.00464	0.00390	0.03964	0.00539	0.00583	0.00325	0.00387	0.00544	0.00714	0.00957	0.01988	0.83124	0.02372	0.01129	0.00469	0.00149	0.00229	0.01023	0.00337	0.00312

[dist]
# distance from previous block
# <min> <max>
0	1

[block]
# block no. 3 follows, 74 sequences, length 151
# corresponding to MSA columns:
# 165-315
name=unknown_D
#
# <colnr> <probs for GDERKNQSTAVLIFYWHMCP>
#	G	D	E	R	K	N	Q	S	T	A	V	L	I	F	Y	W	H	M	C	P
0	0.01411	0.01022	0.01112	0.00873	0.02678	0.01125	0.00708	0.79008	0.01705	0.05235	0.00908	0.00905	0.00641	0.00444	0.00371	0.00111	0.00406	0.00336	0.00371	0.00630
1	0.00449	0.00378	0.00399	0.00407	0.00517	0.00328	0.00302	0.00540	0.00825	0.00995	0.03482	0.13170	0.72533	0.00961	0.00458	0.00129	0.01775	0.01694	0.00341	0.00314
2	0.21265	0.02964	0.00984	0.00886	0.02952	0.61451	0.02172	0.01374	0.00944	0.01091	0.00566	0.00665	0.00465	0.00370	0.00312	0.00101	0.00572	0.00236	0.00199	0.00430
3	0.00533	0.00378	0.00490	0.00462	0.00549	0.00350	0.00346	0.00708	0.01039	0.01484	0.80826	0.02712	0.03391	0.00745	0.00430	0.00115	0.00175	0.00657	0.04260	0.00350
4	0.00770	0.00660	0.00770	0.00550	0.00880	0.00495	0.00440	0.00935	0.00770	0.01210	0.00660	0.00770	0.00550	0.00275	0.00275	0.00055	0.00275	0.00220	0.00220	0.89224
5	0.00465	0.00390	0.00405	0.00402	0.00524	0.00338	0.00301	0.00600	0.03799	0.01068	0.11507	0.05360	0.71732	0.00912	0.00437	0.00125	0.00191	0.00766	0.00352	0.00326
6	0.00799	0.20522	0.66904	0.00966	0.01464	0.00994	0.01211	0.01162	0.00777	0.01110	0.00633	0.00743	0.00472	0.00345	0.00328	0.00109	0.00515	0.00258	0.00157	0.00533
7	0.00910	0.00891	0.01462	0.11644	0.70603	0.03842	0.02972	0.01131	0.00842	0.01172	0.00691	0.00920	0.00573	0.00337	0.00368	0.00112	0.00459	0.00330	0.00182	0.00561
8	0.00452	0.00323	0.00431	0.00517	0.00538	0.00301	0.00345	0.00517	0.00711	0.00948	0.02046	0.86713	0.02455	0.01163	0.00474	0.00151	0.00215	0.01055	0.00345	0.00301
9	0.00898	0.02603	0.05415	0.11023	0.48749	0.08143	0.00992	0.01171	0.07232	0.01153	0.00901	0.01070	0.05198	0.00398	0.00396	0.00114	0.03462	0.00349	0.00204	0.00530
10	0.00538	0.00360	0.00404	0.00404	0.00407	0.00359	0.00226	0.00540	0.00546	0.00725	0.01221	0.02452	0.03011	0.85236	0.01860	0.00355	0.00356	0.00545	0.00227	0.00227
11	0.00536	0.00398	0.00520	0.03493	0.00632	0.00377	0.00376	0.00729	0.02762	0.01450	0.76383	0.02714	0.06729	0.00747	0.00434	0.00118	0.00189	0.00659	0.00397	0.00356
12	0.00574	0.00444	0.00563	0.00576	0.04251	0.00431	0.00405	0.00833	0.10585	0.01387	0.55831	0.11128	0.10026	0.00767	0.00432	0.00122	0.00206	0.00676	0.00383	0.00380
13	0.89577	0.00718	0.00546	0.00488	0.00718	0.00833	0.00402	0.01091	0.00632	0.01665	0.00517	0.00603	0.00402	0.00345	0.00230	0.00115	0.00287	0.00201	0.00230	0.00402
14	0.01352	0.01012	0.01127	0.05905	0.04114	0.01123	0.00740	0.75724	0.01655	0.02219	0.00871	0.00898	0.00622	0.00437	0.00371	0.00112	0.00415	0.00334	0.00353	0.00617
15	0.01293	0.07535	0.08621	0.00850	0.01166	0.01136	0.00753	0.65415	0.06164	0.02083	0.00878	0.00887	0.00633	0.00431	0.00360	0.00110	0.00414	0.00323	0.00337	0.00610
16	0.00531	0.00396	0.00589	0.00589	0.00652	0.00460	0.00454	0.00658	0.00594	0.00856	0.01002	0.01499	0.00946	0.06298	0.81994	0.00587	0.00968	0.00404	0.00200	0.00327
17	0.00871	0.01040	0.05649	0.01543	0.01926	0.00935	0.79872	0.01188	0.00872	0.01188	0.00747	0.00992	0.00559	0.00315	0.00434	0.00125	0.00623	0.00431	0.00186	0.00503
18	0.00594	0.00483	0.00662	0.00728	0.06274	0.00489	0.04253	0.00870	0.16796	0.01093	0.01794	0.60608	0.01989	0.00941	0.00447	0.00142	0.00264	0.00856	0.00333	0.00385
19	0.07300	0.03948	0.01052	0.00929	0.09256	0.03637	0.00685	0.37739	0.25485	0.04626	0.01023	0.01013	0.00757	0.00438	0.00357	0.00114	0.00374	0.00343	0.00335	0.00587
20	0.15013	0.00865	0.08705	0.00717	0.01018	0.02553	0.03315	0.10108	0.04166	0.25378	0.00921	0.00930	0.00653	0.00391	0.00359	0.00103	0.03559	0.00297	0.00303	0.20646
21	0.00909	0.22309	0.39101	0.01072	0.08071	0.06213	0.09338	0.02177	0.00827	0.03733	0.00663	0.00780	0.00509	0.00343	0.00333	0.00106	0.00503	0.00277	0.00178	0.02559
22	0.00530	0.00397	0.00593	0.00593	0.00658	0.00462	0.00459	0.00660	0.00595	0.00859	0.00998	0.01478	0.00936	0.04466	0.83814	0.00592	0.00982	0.00401	0.00199	0.00329
23	0.00870	0.00722	0.00773	0.00697	0.00891	0.00813	0.00541	0.01741	0.67685	0.03821	0.09230	0.01677	0.07796	0.00559	0.00388	0.00125	0.00275	0.00469	0.00380	0.00546
24	0.00563	0.00403	0.00557	0.00642	0.00713	0.00397	0.00537	0.00709	0.00822	0.01073	0.02008	0.22790	0.03349	0.01055	0.00503	0.00166	0.00311	0.62727	0.00342	0.00332
25	0.00992	0.87178	0.01945	0.00635	0.00953	0.01469	0.00635	0.01111	0.00754	0.00873	0.00516	0.00595	0.00476	0.00318	0.00238	0.00079	0.00397	0.00198	0.00159	0.00476
26	0.00446	0.00354	0.00400	0.00435	0.00517	0.00309	0.00309	0.00529	0.00794	0.00988	0.04406	0.37645	0.49503	0.01028	0.00453	0.00136	0.00199	0.00893	0.00346	0.00309
27	0.00540	0.00360	0.00405	0.00405	0.00405	0.00360	0.00225	0.00540	0.00540	0.00720	0.01170	0.02429	0.01349	0.86955	0.01889	0.00360	0.00360	0.00540	0.00225	0.00225
28	0.00815	0.00777	0.01320	0.42026	0.45700	0.00855	0.01088	0.01049	0.00796	0.01087	0.00680	0.00952	0.00544	0.00350	0.00369	0.00117	0.00467	0.00330	0.00175	0.00505
29	0.00500	0.00361	0.00483	0.00563	0.00613	0.00344	0.00425	0.00601	0.00767	0.01005	0.02126	0.54159	0.07476	0.01103	0.00484	0.00156	0.00256	0.27918	0.00344	0.00316
30	0.01406	0.00968	0.01055	0.00812	0.01099	0.01054	0.00670	0.71415	0.01633	0.10796	0.00964	0.00951	0.00675	0.00446	0.00367	0.00111	0.00389	0.00339	0.04234	0.00619
31	0.01388	0.01736	0.01055	0.00952	0.01148	0.81591	0.00717	0.05247	0.01084	0.00974	0.00588	0.00680	0.00485	0.00385	0.00336	0.00096	0.00657	0.00243	0.00200	0.00440
32	0.00627	0.00511	0.00667	0.05018	0.12358	0.00496	0.00499	0.05052	0.03510	0.02149	0.24511	0.04393	0.33521	0.02583	0.00453	0.00127	0.00259	0.02541	0.00332	0.00393
33	0.00551	0.00391	0.00493	0.00466	0.00558	0.00369	0.00350	0.00754	0.03950	0.01467	0.72319	0.03608	0.04589	0.00731	0.00421	0.00115	0.00180	0.00642	0.07689	0.00357
34	0.04579	0.01007	0.01070	0.00832	0.01119	0.01120	0.00684	0.73381	0.08797	0.02247	0.00931	0.00923	0.00666	0.00447	0.00367	0.00113	0.00394	0.00337	0.00367	0.00619
35	0.00873	0.00950	0.01983	0.01431	0.01778	0.00902	0.71509	0.04746	0.02708	0.01270	0.07248	0.01142	0.00806	0.00357	0.00434	0.00124	0.00574	0.00451	0.00217	0.00497
36	0.01362	0.01729	0.01055	0.00957	0.01140	0.81898	0.00721	0.01457	0.01031	0.00908	0.00570	0.00675	0.00479	0.00394	0.00372	0.00098	0.04291	0.00243	0.00190	0.00429
37	0.02043	0.85092	0.02959	0.00639	0.00958	0.01454	0.00641	0.01112	0.00753	0.00886	0.00518	0.00598	0.00475	0.00318	0.00239	0.00080	0.00398	0.00199	0.00160	0.00476
38	0.01634	0.00622	0.00845	0.00650	0.00931	0.00539	0.00536	0.01778	0.01053	0.82181	0.01456	0.01267	0.00920	0.00459	0.00370	0.00114	0.00311	0.00372	0.03339	0.00622
39	0.00909	0.00872	0.01490	0.05920	0.81072	0.00879	0.01134	0.01131	0.00841	0.01201	0.00697	0.00922	0.00584	0.00332	0.00368	0.00111	0.00443	0.00331	0.00183	0.00580
40	0.00701	0.00660	0.01113	0.86063	0.02556	0.00825	0.01031	0.00948	0.00742	0.00948	0.00660	0.00990	0.00495	0.00371	0.00371	0.00124	0.00495	0.00330	0.00165	0.00412
41	0.01665	0.00632	0.00861	0.00660	0.00948	0.00546	0.00546	0.01809	0.01062	0.84897	0.01464	0.01263	0.00919	0.00459	0.00373	0.00115	0.00316	0.00373	0.00459	0.00632
42	0.89577	0.00718	0.00546	0.00488	0.00718	0.00833	0.00402	0.01091	0.00632	0.01665	0.00517	0.00603	0.00402	0.00345	0.00230	0.00115	0.00287	0.00201	0.00230	0.00402
43	0.01665	0.00632	0.00861	0.00660	0.00948	0.00546	0.00546	0.01809	0.01062	0.84897	0.01464	0.01263	0.00919	0.00459	0.00373	0.00115	0.00316	0.00373	0.00459	0.00632
44	0.00975	0.81136	0.07834	0.00665	0.00999	0.01426	0.00687	0.01116	0.00756	0.00895	0.00527	0.00609	0.00476	0.00320	0.00246	0.00082	0.00408	0.00204	0.00159	0.00481
45	0.00525	0.00379	0.00496	0.00467	0.00555	0.00350	0.00350	0.00700	0.01051	0.01488	0.84444	0.02773	0.03502	0.00759	0.00438	0.00117	0.00175	0.00671	0.00409	0.00350
46	0.00525	0.00379	0.00496	0.00467	0.00555	0.00350	0.00350	0.00700	0.01051	0.01488	0.84444	0.02773	0.03502	0.00759	0.00438	0.00117	0.00175	0.00671	0.00409	0.00350
47	0.00919	0.00882	0.01507	0.02278	0.84640	0.00882	0.01139	0.01139	0.00845	0.01213	0.00698	0.00919	0.00588	0.00331	0.00367	0.00110	0.00441	0.00331	0.00184	0.00588
48	0.00876	0.01001	0.02190	0.01564	0.01940	0.00939	0.83292	0.01189	0.00876	0.01189	0.00751	0.01001	0.00563	0.00313	0.00438	0.00125	0.00626	0.00438	0.00188	0.00501
49	0.00576	0.00445	0.00536	0.00501	0.00600	0.02486	0.00377	0.00815	0.07259	0.01479	0.76172	0.02617	0.03251	0.00730	0.00431	0.00117	0.00196	0.00642	0.00401	0.00370
50	0.01402	0.13866	0.11038	0.00733	0.01056	0.00816	0.00681	0.13196	0.02957	0.48744	0.01147	0.01056	0.00763	0.00424	0.00350	0.00110	0.00368	0.00331	0.00364	0.00597
51	0.01388	0.01722	0.01056	0.00950	0.01148	0.79999	0.00716	0.06793	0.01097	0.01001	0.00594	0.00684	0.00488	0.00387	0.00337	0.00097	0.00652	0.00245	0.00203	0.00443
52	0.00770	0.00660	0.00770	0.00550	0.00880	0.00495	0.00440	0.00935	0.00770	0.01210	0.00660	0.00770	0.00550	0.00275	0.00275	0.00055	0.00275	0.00220	0.00220	0.89224
53	0.00495	0.00334	0.00446	0.00522	0.00553	0.00310	0.00352	0.00562	0.00723	0.03913	0.02025	0.83694	0.02401	0.01138	0.00470	0.00149	0.00219	0.01031	0.00349	0.00313
54	0.00455	0.00325	0.00434	0.00515	0.00539	0.00304	0.00345	0.00525	0.00725	0.00971	0.05627	0.83064	0.02501	0.01145	0.00472	0.00149	0.00214	0.01039	0.00347	0.00304
55	0.01411	0.01040	0.01114	0.00854	0.01151	0.01151	0.00706	0.83402	0.01745	0.02339	0.00891	0.00891	0.00631	0.00446	0.00371	0.00111	0.00408	0.00334	0.00371	0.00631
56	0.89577	0.00718	0.00546	0.00488	0.00718	0.00833	0.00402	0.01091	0.00632	0.01665	0.00517	0.00603	0.00402	0.00345	0.00230	0.00115	0.00287	0.00201	0.00230	0.00402
57	0.00452	0.00323	0.00431	0.00517	0.00538	0.00301	0.00345	0.00517	0.00711	0.00948	0.02046	0.86713	0.02455	0.01163	0.00474	0.00151	0.00215	0.01055	0.00345	0.00301
58	0.00441	0.00375	0.00380	0.00381	0.00503	0.00314	0.00285	0.00536	0.00847	0.01011	0.05330	0.05641	0.80813	0.00942	0.00440	0.00126	0.00188	0.00788	0.00346	0.00314
59	0.00530	0.00398	0.00597	0.00597	0.00663	0.00464	0.00464	0.00663	0.00597	0.00862	0.00994	0.01458	0.00928	0.02784	0.85484	0.00597	0.00994	0.00398	0.00199	0.00331
60	0.00770	0.00660	0.00770	0.00550	0.00880	0.00495	0.00440	0.00935	0.00770	0.01210	0.00660	0.00770	0.00550	0.00275	0.00275	0.00055	0.00275	0.00220	0.00220	0.89224
61	0.00452	0.00324	0.00430	0.00514	0.00538	0.00302	0.00344	0.00517	0.00713	0.00948	0.02074	0.85323	0.03826	0.01159	0.00473	0.00150	0.00215	0.01051	0.00345	0.00302
62	0.00598	0.00427	0.00598	0.00684	0.00769	0.00427	0.00598	0.00769	0.00854	0.01111	0.01965	0.04187	0.02136	0.01025	0.00513	0.00171	0.00342	0.82141	0.00342	0.00342
63	0.00876	0.01001	0.02190	0.01564	0.01940	0.00939	0.83292	0.01189	0.00876	0.01189	0.00751	0.01001	0.00563	0.00313	0.00438	0.00125	0.00626	0.00438	0.00188	0.00501
64	0.01627	0.00631	0.00855	0.00658	0.00939	0.00550	0.00542	0.03179	0.01074	0.80987	0.03932	0.01302	0.00991	0.00468	0.00375	0.00115	0.00313	0.00381	0.00456	0.00623
65	0.00451	0.00327	0.00426	0.00505	0.00535	0.00302	0.00339	0.00518	0.00722	0.00952	0.02186	0.79929	0.09148	0.01145	0.00471	0.00149	0.00213	0.01033	0.00345	0.00302
66	0.00992	0.87178	0.01945	0.00635	0.00953	0.01469	0.00635	0.01111	0.00754	0.00873	0.00516	0.00595	0.00476	0.00318	0.00238	0.00079	0.00397	0.00198	0.00159	0.00476
67	0.00744	0.01920	0.85032	0.01058	0.01607	0.00862	0.01371	0.01176	0.00784	0.01176	0.00666	0.00784	0.00470	0.00353	0.00353	0.00118	0.00549	0.00274	0.00157	0.00549
68	0.00779	0.01611	0.58962	0.01151	0.01604	0.00908	0.17909	0.01147	0.00779	0.01147	0.00664	0.00831	0.00491	0.00377	0.00466	0.00124	0.10052	0.00313	0.00164	0.00523
69	0.00649	0.00566	0.00798	0.00731	0.00762	0.00731	0.00580	0.00744	0.00578	0.00858	0.00804	0.01305	0.00795	0.11874	0.40539	0.00388	0.36378	0.00384	0.00187	0.00350
70	0.00452	0.00323	0.00431	0.00517	0.00538	0.00301	0.00345	0.00517	0.00711	0.00948	0.02046	0.86713	0.02455	0.01163	0.00474	0.00151	0.00215	0.01055	0.00345	0.00301
71	0.36609	0.37704	0.02703	0.00836	0.13740	0.01112	0.00631	0.01109	0.00719	0.01249	0.00547	0.00651	0.00463	0.00331	0.00257	0.00099	0.00362	0.00221	0.00191	0.00465
72	0.00548	0.00375	0.00475	0.00450	0.00538	0.00350	0.00338	0.00723	0.01013	0.01474	0.72887	0.02580	0.03148	0.00714	0.00413	0.00113	0.00175	0.00626	0.12712	0.00350
73	0.00992	0.87178	0.01945	0.00635	0.00953	0.01469	0.00635	0.01111	0.00754	0.00873	0.00516	0.00595	0.00476	0.00318	0.00238	0.00079	0.00397	0.00198	0.00159	0.00476
74	0.01237	0.00534	0.00710	0.00579	0.00791	0.00470	0.00466	0.01389	0.01032	0.52934	0.24362	0.01805	0.04600	0.00565	0.00388	0.00115	0.00264	0.01536	0.05701	0.00522
75	0.00876	0.01001	0.02190	0.01564	0.01940	0.00939	0.83292	0.01189	0.00876	0.01189	0.00751	0.01001	0.00563	0.00313	0.00438	0.00125	0.00626	0.00438	0.00188	0.00501
76	0.00536	0.00359	0.00405	0.00408	0.00410	0.00358	0.00229	0.00539	0.00548	0.00730	0.01225	0.04958	0.02323	0.83421	0.01831	0.00351	0.00354	0.00558	0.00230	0.00228
77	0.89577	0.00718	0.00546	0.00488	0.00718	0.00833	0.00402	0.01091	0.00632	0.01665	0.00517	0.00603	0.00402	0.00345	0.00230	0.00115	0.00287	0.00201	0.00230	0.00402
78	0.89577	0.00718	0.00546	0.00488	0.00718	0.00833	0.00402	0.01091	0.00632	0.01665	0.00517	0.00603	0.00402	0.00345	0.00230	0.00115	0.00287	0.00201	0.00230	0.00402
79	0.00536	0.00390	0.00501	0.00471	0.00563	0.00362	0.00354	0.02112	0.01050	0.01477	0.78778	0.04223	0.06248	0.00767	0.00437	0.00118	0.00180	0.00676	0.00405	0.00353
80	0.00992	0.87178	0.01945	0.00635	0.00953	0.01469	0.00635	0.01111	0.00754	0.00873	0.00516	0.00595	0.00476	0.00318	0.00238	0.00079	0.00397	0.00198	0.00159	0.00476
81	0.00876	0.01001	0.02190	0.01564	0.01940	0.00939	0.83292	0.01189	0.00876	0.01189	0.00751	0.01001	0.00563	0.00313	0.00438	0.00125	0.00626	0.00438	0.00188	0.00501
82	0.00701	0.00660	0.01113	0.86063	0.02556	0.00825	0.01031	0.00948	0.00742	0.00948	0.00660	0.00990	0.00495	0.00371	0.00371	0.00124	0.00495	0.00330	0.00165	0.00412
83	0.00919	0.00882	0.01507	0.02278	0.84640	0.00882	0.01139	0.01139	0.00845	0.01213	0.00698	0.00919	0.00588	0.00331	0.00367	0.00110	0.00441	0.00331	0.00184	0.00588
84	0.00439	0.00376	0.00376	0.00376	0.00501	0.00313	0.00282	0.00533	0.00846	0.01003	0.03760	0.03572	0.84489	0.00940	0.00439	0.00125	0.00188	0.00783	0.00345	0.00313
85	0.00540	0.00360	0.00405	0.00405	0.00405	0.00360	0.00225	0.00540	0.00540	0.00720	0.01170	0.02429	0.01349	0.86955	0.01889	0.00360	0.00360	0.00540	0.00225	0.00225
86	0.00534	0.00388	0.00504	0.00473	0.00563	0.00363	0.00355	0.00728	0.02827	0.01490	0.82667	0.02743	0.03452	0.00753	0.00437	0.00117	0.00178	0.00666	0.00408	0.00355
87	0.00452	0.00323	0.00431	0.00517	0.00538	0.00301	0.00345	0.00517	0.00711	0.00948	0.02046	0.86713	0.02455	0.01163	0.00474	0.00151	0.00215	0.01055	0.00345	0.00301
88	0.01665	0.00632	0.00861	0.00660	0.00948	0.00546	0.00546	0.01809	0.01062	0.84897	0.01464	0.01263	0.00919	0.00459	0.00373	0.00115	0.00316	0.00373	0.00459	0.00632
89	0.00744	0.01920	0.85032	0.01058	0.01607	0.00862	0.01371	0.01176	0.00784	0.01176	0.00666	0.00784	0.00470	0.00353	0.00353	0.00118	0.00549	0.00274	0.00157	0.00549
90	0.00744	0.01920	0.85032	0.01058	0.01607	0.00862	0.01371	0.01176	0.00784	0.01176	0.00666	0.00784	0.00470	0.00353	0.00353	0.00118	0.00549	0.00274	0.00157	0.00549
91	0.01249	0.01536	0.01000	0.00906	0.01077	0.68911	0.01752	0.01380	0.04135	0.00923	0.00665	0.00847	0.00578	0.05287	0.05279	0.00142	0.03437	0.00277	0.00200	0.00420
92	0.00455	0.00327	0.00433	0.00517	0.00543	0.00305	0.00349	0.00524	0.00718	0.00953	0.02095	0.82161	0.04896	0.01153	0.00474	0.00150	0.00218	0.03081	0.00344	0.00303
93	0.08396	0.00845	0.06355	0.00818	0.01155	0.02125	0.18886	0.01075	0.04514	0.01252	0.00705	0.00834	0.00560	0.00306	0.00318	0.00083	0.00379	0.00279	0.00216	0.50900
94	0.12300	0.00947	0.01035	0.02906	0.08123	0.03140	0.00686	0.51281	0.03158	0.06578	0.00847	0.00879	0.00614	0.00412	0.00347	0.00109	0.00390	0.00312	0.00325	0.05611
95	0.00451	0.00345	0.00415	0.00469	0.00530	0.00309	0.00327	0.00529	0.00766	0.00977	0.03618	0.54427	0.31832	0.01076	0.00462	0.00142	0.00207	0.02467	0.00345	0.00307
96	0.87922	0.00721	0.00563	0.00522	0.02284	0.00834	0.00416	0.01092	0.00636	0.01657	0.00520	0.00609	0.00405	0.00344	0.00232	0.00115	0.00290	0.00203	0.00229	0.00405
97	0.00530	0.00398	0.00597	0.00597	0.00663	0.00464	0.00464	0.00663	0.00597	0.00862	0.00994	0.01458	0.00928	0.02784	0.85484	0.00597	0.00994	0.00398	0.00199	0.00331
98	0.00915	0.00878	0.01500	0.03731	0.83217	0.00881	0.01137	0.01136	0.00843	0.01208	0.00698	0.00920	0.00586	0.00331	0.00368	0.00110	0.00442	0.00331	0.00183	0.00585
99	0.00919	0.00882	0.01507	0.02278	0.84640	0.00882	0.01139	0.01139	0.00845	0.01213	0.00698	0.00919	0.00588	0.00331	0.00367	0.00110	0.00441	0.00331	0.00184	0.00588
100	0.00701	0.00660	0.01113	0.86063	0.02556	0.00825	0.01031	0.00948	0.00742	0.00948	0.00660	0.00990	0.00495	0.00371	0.00371	0.00124	0.00495	0.00330	0.00165	0.00412
101	0.10011	0.00640	0.00831	0.00644	0.00926	0.00573	0.00532	0.01741	0.01022	0.76995	0.01374	0.01201	0.00870	0.00449	0.00360	0.00115	0.00313	0.00357	0.00438	0.00610
102	0.00812	0.00812	0.01137	0.00975	0.00975	0.01137	0.00812	0.00893	0.00568	0.00893	0.00487	0.00812	0.00487	0.00650	0.01218	0.00162	0.86276	0.00325	0.00162	0.00406
103	0.00460	0.00329	0.00440	0.00526	0.00551	0.00308	0.00358	0.00531	0.00718	0.00956	0.02041	0.82236	0.02438	0.01155	0.00476	0.00152	0.00222	0.05454	0.00344	0.00304
104	0.00598	0.00427	0.00598	0.00684	0.00769	0.00427	0.00598	0.00769	0.00854	0.01111	0.01965	0.04187	0.02136	0.01025	0.00513	0.00171	0.00342	0.82141	0.00342	0.00342
105	0.01387	0.01769	0.01052	0.00956	0.01148	0.85465	0.00717	0.01482	0.01052	0.00908	0.00574	0.00669	0.00478	0.00383	0.00335	0.00096	0.00669	0.00239	0.00191	0.00430
106	0.00752	0.00645	0.00780	0.06216	0.01947	0.00513	0.00476	0.00915	0.00760	0.01168	0.00725	0.00897	0.01737	0.04059	0.00355	0.00074	0.00294	0.00250	0.00218	0.77220
107	0.00592	0.00423	0.00591	0.00676	0.00759	0.00422	0.00587	0.00758	0.00848	0.01104	0.01969	0.07774	0.02150	0.01031	0.00511	0.00170	0.00336	0.78617	0.00342	0.00340
108	0.00573	0.00390	0.00509	0.00473	0.00570	0.00358	0.00357	0.00744	0.01046	0.05102	0.78769	0.02728	0.05466	0.00750	0.00435	0.00117	0.00182	0.00661	0.00409	0.00362
109	0.00770	0.00660	0.00770	0.00550	0.00880	0.00495	0.00440	0.00935	0.00770	0.01210	0.00660	0.00770	0.00550	0.00275	0.00275	0.00055	0.00275	0.00220	0.00220	0.89224
110	0.89577	0.00718	0.00546	0.00488	0.00718	0.00833	0.00402	0.01091	0.00632	0.01665	0.00517	0.00603	0.00402	0.00345	0.00230	0.00115	0.00287	0.00201	0.00230	0.00402
111	0.00452	0.00323	0.00431	0.00517	0.00538	0.00301	0.00345	0.00517	0.00711	0.00948	0.02046	0.86713	0.02455	0.01163	0.00474	0.00151	0.00215	0.01055	0.00345	0.00301
112	0.40173	0.00735	0.00708	0.00625	0.00850	0.00827	0.00502	0.02483	0.33981	0.11375	0.01073	0.01103	0.00809	0.00443	0.00316	0.00121	0.00296	0.02756	0.00321	0.00504
113	0.00874	0.00973	0.02070	0.01486	0.01851	0.00910	0.76185	0.02593	0.00886	0.01208	0.00780	0.01069	0.00603	0.00331	0.00432	0.00123	0.00600	0.02476	0.00196	0.04355
114	0.89577	0.00718	0.00546	0.00488	0.00718	0.00833	0.00402	0.01091	0.00632	0.01665	0.00517	0.00603	0.00402	0.00345	0.00230	0.00115	0.00287	0.00201	0.00230	0.00402
115	0.87416	0.00716	0.00553	0.00492	0.00723	0.00826	0.00406	0.01109	0.00642	0.03712	0.00540	0.00619	0.00415	0.00347	0.00233	0.00115	0.00288	0.00205	0.00235	0.00408
116	0.00919	0.00882	0.01507	0.02278	0.84640	0.00882	0.01139	0.01139	0.00845	0.01213	0.00698	0.00919	0.00588	0.00331	0.00367	0.00110	0.00441	0.00331	0.00184	0.00588
117	0.00598	0.00427	0.00598	0.00684	0.00769	0.00427	0.00598	0.00769	0.00854	0.01111	0.01965	0.04187	0.02136	0.01025	0.00513	0.00171	0.00342	0.82141	0.00342	0.00342
118	0.01411	0.01040	0.01114	0.00854	0.01151	0.01151	0.00706	0.83402	0.01745	0.02339	0.00891	0.00891	0.00631	0.00446	0.00371	0.00111	0.00408	0.00334	0.00371	0.00631
119	0.01649	0.00658	0.00878	0.00673	0.00961	0.00585	0.00556	0.07099	0.01107	0.79544	0.01427	0.01239	0.00900	0.00459	0.00373	0.00115	0.00322	0.00371	0.00454	0.00632
120	0.01411	0.01040	0.01114	0.00854	0.01151	0.01151	0.00706	0.83402	0.01745	0.02339	0.00891	0.00891	0.00631	0.00446	0.00371	0.00111	0.00408	0.00334	0.00371	0.00631
121	0.00992	0.87178	0.01945	0.00635	0.00953	0.01469	0.00635	0.01111	0.00754	0.00873	0.00516	0.00595	0.00476	0.00318	0.00238	0.00079	0.00397	0.00198	0.00159	0.00476
122	0.00804	0.00653	0.00769	0.00554	0.00877	0.00494	0.00443	0.00966	0.00782	0.04843	0.00716	0.02094	0.00595	0.00296	0.00282	0.00059	0.00276	0.00239	0.00232	0.84026
123	0.01387	0.01759	0.01053	0.00955	0.01148	0.84274	0.00717	0.02639	0.01062	0.00929	0.00578	0.00673	0.00480	0.00383	0.00335	0.00096	0.00666	0.00240	0.00194	0.00433
124	0.01411	0.01040	0.01114	0.00854	0.01151	0.01151	0.00706	0.83402	0.01745	0.02339	0.00891	0.00891	0.00631	0.00446	0.00371	0.00111	0.00408	0.00334	0.00371	0.00631
125	0.00919	0.00882	0.01507	0.02278	0.84640	0.00882	0.01139	0.01139	0.00845	0.01213	0.00698	0.00919	0.00588	0.00331	0.00367	0.00110	0.00441	0.00331	0.00184	0.00588
126	0.00442	0.00376	0.00380	0.00379	0.00503	0.00315	0.00284	0.00538	0.00853	0.01019	0.06513	0.03545	0.81726	0.00934	0.00439	0.00125	0.00188	0.00780	0.00347	0.00315
127	0.03170	0.85053	0.01911	0.00632	0.00947	0.01453	0.00629	0.01111	0.00751	0.00893	0.00516	0.00596	0.00475	0.00318	0.00238	0.00080	0.00394	0.00199	0.00161	0.00475
128	0.00462	0.00354	0.00418	0.00448	0.00520	0.00316	0.00315	0.00552	0.00809	0.01042	0.15189	0.37084	0.35358	0.04742	0.00516	0.00145	0.00205	0.00866	0.00349	0.00310
129	0.00466	0.00347	0.00435	0.00495	0.00543	0.00322	0.00340	0.00566	0.02802	0.01005	0.07291	0.64976	0.16879	0.01083	0.00463	0.00144	0.00210	0.00969	0.00349	0.00314
130	0.00779	0.13718	0.73535	0.00999	0.01516	0.00946	0.01270	0.01167	0.00780	0.01134	0.00645	0.00758	0.00471	0.00348	0.00337	0.00112	0.00528	0.00264	0.00157	0.00539
131	0.00888	0.25247	0.50446	0.00912	0.01357	0.02831	0.02313	0.03755	0.02710	0.04462	0.01492	0.00788	0.00541	0.00358	0.00325	0.00107	0.00488	0.00268	0.00185	0.00530
132	0.00805	0.02626	0.00804	0.00562	0.00888	0.00535	0.00453	0.01927	0.02731	0.03011	0.00696	0.00792	0.00571	0.00287	0.00280	0.00059	0.00281	0.00229	0.00229	0.82235
133	0.00983	0.00911	0.01451	0.02113	0.75153	0.03821	0.01085	0.04750	0.00899	0.04207	0.00729	0.00921	0.00598	0.00342	0.00367	0.00110	0.00443	0.00329	0.00202	0.00586
134	0.00807	0.02015	0.01184	0.00917	0.02120	0.02578	0.29153	0.03756	0.06420	0.07529	0.26357	0.01896	0.12496	0.00558	0.00421	0.00120	0.00377	0.00534	0.00313	0.00450
135	0.00519	0.00379	0.00487	0.00460	0.00551	0.00347	0.00345	0.00688	0.01035	0.01452	0.78409	0.02832	0.09560	0.00772	0.00438	0.00117	0.00176	0.00680	0.00404	0.00347
136	0.01968	0.00886	0.01460	0.04868	0.75246	0.02682	0.02509	0.01151	0.02398	0.01212	0.01690	0.00944	0.00624	0.00341	0.00367	0.00111	0.00443	0.00335	0.00190	0.00572
137	0.00919	0.00882	0.01507	0.02278	0.84640	0.00882	0.01139	0.01139	0.00845	0.01213	0.00698	0.00919	0.00588	0.00331	0.00367	0.00110	0.00441	0.00331	0.00184	0.00588
138	0.00919	0.00882	0.01507	0.02278	0.84640	0.00882	0.01139	0.01139	0.00845	0.01213	0.00698	0.00919	0.00588	0.00331	0.00367	0.00110	0.00441	0.00331	0.00184	0.00588
139	0.00449	0.00376	0.00390	0.00386	0.00507	0.00318	0.00290	0.00552	0.00869	0.01058	0.12928	0.03481	0.75287	0.00919	0.00439	0.00124	0.00187	0.00771	0.00352	0.00318
140	0.05912	0.01552	0.01010	0.02487	0.01131	0.67873	0.00689	0.04380	0.01050	0.09609	0.00675	0.00741	0.00525	0.00390	0.00335	0.00100	0.00601	0.00256	0.00227	0.00456
141	0.03438	0.00931	0.01055	0.00876	0.04049	0.01022	0.03136	0.48434	0.23322	0.08191	0.01077	0.01046	0.00776	0.00451	0.00372	0.00116	0.00376	0.00359	0.00364	0.00609
142	0.01656	0.00646	0.00870	0.00667	0.00955	0.00567	0.00551	0.04692	0.01087	0.81980	0.01444	0.01250	0.00909	0.00459	0.00373	0.00115	0.00319	0.00372	0.00456	0.00632
143	0.00536	0.00376	0.00488	0.00488	0.00517	0.00405	0.00329	0.00593	0.00565	0.00782	0.01093	0.02005	0.01166	0.50223	0.38370	0.00463	0.00637	0.00478	0.00214	0.00271
