[name]
unknown

[dist]
# distance from previous block
# <min> <max>
0	40

[block]
# block no. 0 follows, 60 sequences, length 199
# corresponding to MSA columns:
# 40-238
name=unknown_A
#
# <colnr> <probs for GDERKNQSTAVLIFYWHMCP>
#	G	D	E	R	K	N	Q	S	T	A	V	L	I	F	Y	W	H	M	C	P
0	0.03142	0.08040	0.00947	0.00757	0.02303	0.04659	0.00570	0.15587	0.03951	0.05775	0.01402	0.07973	0.04531	0.23193	0.11367	0.00284	0.02186	0.02534	0.00322	0.00477
1	0.00590	0.00470	0.00532	0.00519	0.00648	0.00427	0.00388	0.00802	0.05856	0.01434	0.34092	0.08005	0.42648	0.01006	0.00513	0.00145	0.00224	0.00861	0.00436	0.00403
2	0.01238	0.02878	0.01307	0.01106	0.01212	0.25323	0.00896	0.04853	0.00930	0.05177	0.00681	0.00931	0.00602	0.00642	0.01010	0.00160	0.49958	0.00353	0.00229	0.00512
3	0.00919	0.00791	0.00919	0.00673	0.01043	0.00633	0.00538	0.01188	0.06881	0.01444	0.00846	0.00959	0.00696	0.00351	0.00353	0.00073	0.01908	0.00278	0.00271	0.79235
4	0.00521	0.00439	0.00452	0.00456	0.00594	0.00369	0.00339	0.00634	0.00996	0.01200	0.07760	0.08656	0.73876	0.01110	0.00518	0.00148	0.00222	0.00933	0.00408	0.00369
5	0.05825	0.02967	0.37920	0.01152	0.08404	0.00969	0.02144	0.04328	0.15799	0.06281	0.02868	0.01386	0.07038	0.00516	0.00424	0.00139	0.00496	0.00420	0.00293	0.00629
6	0.00556	0.00455	0.00492	0.00481	0.00619	0.00397	0.00361	0.00719	0.03024	0.01344	0.24691	0.03887	0.59370	0.01036	0.00513	0.00145	0.00220	0.00875	0.00426	0.00387
7	0.00974	0.03813	0.01430	0.14952	0.15434	0.05021	0.10093	0.02298	0.00913	0.02847	0.05677	0.01452	0.02925	0.05595	0.02063	0.00176	0.21501	0.02074	0.00243	0.00519
8	0.68022	0.04761	0.07012	0.00692	0.00986	0.08323	0.00613	0.01327	0.00805	0.01776	0.00626	0.00736	0.00492	0.00415	0.00314	0.00132	0.01972	0.00249	0.00254	0.00492
9	0.01069	0.01052	0.01645	0.20923	0.39455	0.07035	0.09880	0.01343	0.02632	0.03411	0.00831	0.01101	0.00668	0.00437	0.00512	0.00139	0.06644	0.00397	0.00223	0.00604
10	0.00869	0.00792	0.01168	0.04959	0.03896	0.00992	0.05772	0.04520	0.00778	0.01130	0.00872	0.01394	0.00836	0.10961	0.21727	0.00335	0.37876	0.00441	0.00224	0.00457
11	0.00634	0.00423	0.00476	0.00476	0.00476	0.00423	0.00264	0.00634	0.00634	0.00846	0.01374	0.02854	0.01586	0.84672	0.02220	0.00423	0.00423	0.00634	0.00264	0.00264
12	0.00600	0.00447	0.00564	0.00551	0.00647	0.00430	0.00408	0.00751	0.01006	0.01369	0.38404	0.03158	0.20409	0.11078	0.16405	0.00281	0.00421	0.02300	0.00390	0.00381
13	0.01184	0.79212	0.02206	0.00766	0.01127	0.06136	0.00749	0.01322	0.00903	0.01028	0.00618	0.00719	0.00567	0.00419	0.01465	0.00103	0.00494	0.00239	0.00189	0.00554
14	0.01554	0.01139	0.01227	0.00968	0.01295	0.01262	0.00791	0.60426	0.18360	0.06529	0.01231	0.01189	0.00880	0.00538	0.00438	0.00135	0.00447	0.00416	0.00443	0.00731
15	0.00609	0.00549	0.05136	0.02137	0.00743	0.00444	0.00469	0.00798	0.01113	0.01522	0.51333	0.06694	0.21420	0.04413	0.00580	0.00153	0.00252	0.00798	0.00429	0.00408
16	0.01103	0.00960	0.00996	0.00893	0.01141	0.02367	0.00695	0.03675	0.78533	0.01829	0.01745	0.01604	0.01309	0.00588	0.00443	0.00147	0.00354	0.00488	0.00440	0.00688
17	0.29898	0.02411	0.05214	0.09307	0.19292	0.14492	0.08234	0.02553	0.00947	0.01516	0.00721	0.00910	0.00574	0.00416	0.00393	0.00133	0.01877	0.00326	0.00235	0.00552
18	0.00955	0.03537	0.58902	0.01474	0.12262	0.01038	0.10289	0.02574	0.00964	0.02816	0.00816	0.00977	0.00595	0.00409	0.00426	0.00137	0.00628	0.00354	0.00202	0.00646
19	0.00897	0.00768	0.00906	0.03493	0.01089	0.00620	0.00548	0.01162	0.06584	0.01425	0.00921	0.04824	0.00796	0.00394	0.00346	0.00078	0.00330	0.00325	0.00276	0.74217
20	0.00634	0.00423	0.00476	0.00476	0.00476	0.00423	0.00264	0.00634	0.00634	0.00846	0.01374	0.02854	0.01586	0.84672	0.02220	0.00423	0.00423	0.00634	0.00264	0.00264
21	0.00634	0.00434	0.00549	0.00556	0.00582	0.00454	0.00365	0.00679	0.00671	0.00915	0.01373	0.06099	0.01511	0.53321	0.23763	0.03627	0.00613	0.03287	0.00264	0.00304
22	0.00526	0.00435	0.00462	0.00470	0.00600	0.00370	0.00347	0.00641	0.00998	0.01222	0.11070	0.13078	0.66048	0.01115	0.00520	0.00150	0.00223	0.00944	0.00412	0.00370
23	0.01045	0.01001	0.01708	0.13671	0.71229	0.01027	0.01321	0.01308	0.00977	0.01383	0.00814	0.01091	0.00676	0.00395	0.00432	0.00132	0.00527	0.00388	0.00213	0.00663
24	0.87753	0.00843	0.00641	0.00574	0.00843	0.00978	0.00472	0.01282	0.00742	0.01957	0.00607	0.00709	0.00472	0.00405	0.00270	0.00135	0.00337	0.00236	0.00270	0.00472
25	0.00591	0.00439	0.00551	0.00540	0.00642	0.00399	0.00401	0.00766	0.01145	0.01572	0.58138	0.12382	0.17654	0.00986	0.00521	0.00144	0.00217	0.02057	0.00457	0.00397
26	0.01185	0.82869	0.02254	0.00747	0.01119	0.01699	0.00744	0.01326	0.00895	0.03019	0.00634	0.00719	0.00572	0.00377	0.00284	0.00094	0.00464	0.00238	0.00195	0.00564
27	0.00623	0.00467	0.00701	0.00701	0.00779	0.00545	0.00545	0.00779	0.00701	0.01012	0.01168	0.01713	0.01090	0.03271	0.82944	0.00701	0.01168	0.00467	0.00234	0.00389
28	0.01029	0.01176	0.02574	0.01838	0.02279	0.01103	0.80368	0.01397	0.01029	0.01397	0.00882	0.01176	0.00662	0.00368	0.00515	0.00147	0.00735	0.00515	0.00221	0.00588
29	0.00904	0.00775	0.00904	0.00646	0.01034	0.00581	0.00517	0.01098	0.00904	0.01421	0.00775	0.00904	0.00646	0.00323	0.00323	0.00065	0.00323	0.00258	0.00258	0.87339
30	0.85952	0.00873	0.02336	0.00587	0.00865	0.00979	0.00496	0.01284	0.00746	0.01945	0.00611	0.00713	0.00474	0.00405	0.00273	0.00135	0.00344	0.00238	0.00268	0.00476
31	0.87753	0.00843	0.00641	0.00574	0.00843	0.00978	0.00472	0.01282	0.00742	0.01957	0.00607	0.00709	0.00472	0.00405	0.00270	0.00135	0.00337	0.00236	0.00270	0.00472
32	0.01681	0.04188	0.01304	0.00963	0.01311	0.01269	0.00800	0.66924	0.01899	0.13546	0.01123	0.01094	0.00781	0.00520	0.00431	0.00130	0.00465	0.00393	0.00441	0.00735
33	0.01702	0.01151	0.01265	0.00970	0.01317	0.01248	0.00801	0.68976	0.01933	0.14437	0.01146	0.01111	0.00791	0.00526	0.00437	0.00131	0.00464	0.00399	0.00452	0.00742
34	0.25258	0.11173	0.14994	0.02004	0.05113	0.03955	0.00824	0.04706	0.01023	0.23946	0.02529	0.01048	0.00760	0.00455	0.00368	0.00129	0.00446	0.00334	0.00325	0.00608
35	0.00685	0.00533	0.02034	0.00574	0.00688	0.02588	0.00433	0.00881	0.02669	0.03600	0.59630	0.04394	0.08137	0.10419	0.00701	0.00170	0.00262	0.00750	0.00439	0.00411
36	0.01355	0.03521	0.01167	0.00969	0.01219	0.27889	0.03610	0.18647	0.19563	0.04723	0.02762	0.04443	0.02689	0.04861	0.00522	0.00146	0.00532	0.00444	0.00348	0.00589
37	0.15348	0.12412	0.24745	0.02990	0.01410	0.03406	0.04470	0.12473	0.04017	0.09256	0.02371	0.03554	0.00785	0.00478	0.00390	0.00132	0.00498	0.00369	0.00292	0.00606
38	0.04270	0.15513	0.14723	0.01318	0.17394	0.09313	0.03019	0.08444	0.03733	0.02549	0.00845	0.02176	0.00708	0.02159	0.03106	0.02424	0.07115	0.00361	0.00242	0.00585
39	0.02858	0.01168	0.06340	0.10119	0.21151	0.06618	0.13741	0.21370	0.02391	0.01690	0.02590	0.01238	0.02149	0.04031	0.00519	0.00147	0.00554	0.00424	0.00284	0.00617
40	0.01166	0.84935	0.02285	0.00746	0.01119	0.01726	0.00746	0.01306	0.00886	0.01026	0.00606	0.00700	0.00560	0.00373	0.00280	0.00093	0.00466	0.00233	0.00187	0.00560
41	0.00887	0.00756	0.00885	0.00640	0.01011	0.00571	0.00511	0.01082	0.00924	0.01441	0.05569	0.01044	0.00851	0.00357	0.00334	0.00069	0.00316	0.00290	0.00272	0.82190
42	0.00531	0.00380	0.00506	0.00607	0.00633	0.00354	0.00405	0.00607	0.00835	0.01113	0.02404	0.84388	0.02885	0.01366	0.00557	0.00177	0.00253	0.01240	0.00405	0.00354
43	0.01658	0.01222	0.01309	0.01003	0.01353	0.01353	0.00829	0.80497	0.02051	0.02749	0.01047	0.01047	0.00742	0.00524	0.00436	0.00131	0.00480	0.00393	0.00436	0.00742
44	0.01239	0.67282	0.04838	0.00831	0.01187	0.16229	0.00793	0.01386	0.00950	0.01046	0.00625	0.00723	0.00560	0.00388	0.00305	0.00098	0.00530	0.00245	0.00193	0.00553
45	0.00987	0.00736	0.00875	0.00651	0.00998	0.00575	0.00519	0.01192	0.02366	0.10425	0.05822	0.02910	0.03730	0.00433	0.00361	0.00083	0.00317	0.00356	0.00314	0.66350
46	0.02390	0.12563	0.20916	0.02880	0.11998	0.09021	0.10202	0.10645	0.03158	0.06463	0.02149	0.02337	0.00751	0.00458	0.00436	0.00131	0.02239	0.00380	0.00264	0.00621
47	0.00983	0.00814	0.06390	0.02371	0.16908	0.00722	0.00752	0.04935	0.10236	0.12173	0.16879	0.06834	0.16735	0.00723	0.00471	0.00141	0.00358	0.00624	0.00387	0.00562
48	0.00813	0.00407	0.00407	0.00407	0.00508	0.00407	0.00305	0.01016	0.00915	0.01626	0.01423	0.01626	0.01118	0.00508	0.00305	0.00102	0.00203	0.00407	0.87093	0.00407
49	0.01869	0.00753	0.01003	0.00777	0.01104	0.00669	0.00639	0.04572	0.03876	0.74203	0.03313	0.01554	0.02455	0.00557	0.00441	0.00135	0.00368	0.00454	0.00530	0.00728
50	0.00824	0.00775	0.01308	0.83624	0.03004	0.00969	0.01211	0.01114	0.00872	0.01114	0.00775	0.01163	0.00581	0.00436	0.00436	0.00145	0.00581	0.00388	0.00194	0.00484
51	0.01166	0.84935	0.02285	0.00746	0.01119	0.01726	0.00746	0.01306	0.00886	0.01026	0.00606	0.00700	0.00560	0.00373	0.00280	0.00093	0.00466	0.00233	0.00187	0.00560
52	0.00528	0.00442	0.00459	0.00455	0.00597	0.00373	0.00341	0.00650	0.01023	0.01247	0.13708	0.04084	0.72442	0.01079	0.00515	0.00146	0.00219	0.00905	0.00414	0.00373
53	0.02964	0.00510	0.00620	0.00590	0.00725	0.00475	0.00439	0.02187	0.00956	0.08463	0.13835	0.16569	0.18886	0.11419	0.09018	0.00235	0.00381	0.04433	0.00379	0.06914
54	0.00540	0.00385	0.00516	0.00617	0.00646	0.00361	0.00419	0.00622	0.00843	0.01123	0.02399	0.80530	0.02866	0.01359	0.00559	0.00178	0.00260	0.05015	0.00405	0.00357
55	0.00634	0.00426	0.00490	0.00500	0.00507	0.00425	0.00296	0.00649	0.00664	0.00883	0.01470	0.06153	0.01691	0.76483	0.02059	0.00400	0.00415	0.05300	0.00278	0.00276
56	0.01045	0.01199	0.02539	0.01820	0.02256	0.03186	0.78343	0.01406	0.01035	0.01389	0.00877	0.01167	0.00659	0.00370	0.00512	0.00146	0.00737	0.00509	0.00221	0.00586
57	0.01030	0.18499	0.35103	0.02753	0.13154	0.06269	0.13439	0.01374	0.00961	0.01294	0.00781	0.00986	0.00617	0.00408	0.00407	0.00129	0.00609	0.01376	0.00200	0.00611
58	0.00557	0.00388	0.00519	0.00615	0.00647	0.00362	0.00416	0.00638	0.00846	0.02358	0.02391	0.81126	0.02848	0.01350	0.00556	0.00177	0.00259	0.03180	0.00407	0.00361
59	0.84125	0.00869	0.00679	0.00636	0.02888	0.02361	0.00500	0.01291	0.00757	0.01928	0.00614	0.00719	0.00479	0.00405	0.00276	0.00134	0.00349	0.00241	0.00268	0.00478
60	0.00533	0.00439	0.00469	0.00469	0.00602	0.00374	0.00349	0.00657	0.01023	0.01266	0.16762	0.08964	0.64412	0.01086	0.00518	0.00147	0.00220	0.00919	0.00417	0.00374
61	0.01629	0.02079	0.01236	0.01124	0.01348	0.82921	0.00843	0.01742	0.01236	0.01067	0.00674	0.00787	0.00562	0.00449	0.00393	0.00112	0.00787	0.00281	0.00225	0.00506
62	0.01129	0.00927	0.00987	0.00882	0.01133	0.01062	0.00688	0.02308	0.77143	0.05871	0.01772	0.01620	0.01319	0.00589	0.00444	0.00147	0.00346	0.00490	0.00449	0.00693
63	0.00545	0.00443	0.00482	0.00472	0.00607	0.00381	0.00354	0.00682	0.01063	0.01342	0.26570	0.03928	0.59521	0.01044	0.00515	0.00144	0.00217	0.00883	0.00427	0.00381
64	0.00824	0.00775	0.01308	0.83624	0.03004	0.00969	0.01211	0.01114	0.00872	0.01114	0.00775	0.01163	0.00581	0.00436	0.00436	0.00145	0.00581	0.00388	0.00194	0.00484
65	0.00576	0.00444	0.00525	0.00505	0.00626	0.00394	0.00379	0.00742	0.01136	0.01515	0.50086	0.03642	0.35897	0.00979	0.00515	0.00141	0.00212	0.00843	0.00449	0.00394
66	0.00623	0.00467	0.00701	0.00701	0.00779	0.00545	0.00545	0.00779	0.00701	0.01012	0.01168	0.01713	0.01090	0.03271	0.82944	0.00701	0.01168	0.00467	0.00234	0.00389
67	0.01642	0.01213	0.01282	0.00993	0.01334	0.03362	0.00816	0.72150	0.05575	0.05545	0.01095	0.01083	0.00776	0.00525	0.00436	0.00131	0.00478	0.00396	0.00435	0.00733
68	0.00564	0.00436	0.00514	0.00510	0.00623	0.00386	0.00377	0.00714	0.01086	0.01432	0.39592	0.13026	0.37096	0.01037	0.00520	0.00146	0.00218	0.00897	0.00439	0.00386
69	0.01596	0.07060	0.01304	0.01085	0.01332	0.68778	0.00833	0.09497	0.02380	0.01241	0.00722	0.00818	0.00590	0.00454	0.00391	0.00114	0.00731	0.00292	0.00246	0.00535
70	0.01021	0.00796	0.00932	0.00679	0.01056	0.00634	0.00545	0.04438	0.03720	0.07610	0.00892	0.00979	0.00706	0.00357	0.00340	0.00075	0.00334	0.00286	0.00293	0.74306
71	0.01186	0.60021	0.05864	0.00830	0.01171	0.04417	0.00800	0.06000	0.03866	0.03244	0.00726	0.00831	0.00626	0.00501	0.02541	0.00124	0.06177	0.00279	0.00222	0.00572
72	0.00531	0.00380	0.00506	0.00607	0.00633	0.00354	0.00405	0.00607	0.00835	0.01113	0.02404	0.84388	0.02885	0.01366	0.00557	0.00177	0.00253	0.01240	0.00405	0.00354
73	0.01494	0.26239	0.01542	0.01014	0.01282	0.59245	0.00815	0.01615	0.01134	0.01055	0.00654	0.00761	0.00561	0.00427	0.00360	0.00107	0.00693	0.00267	0.00214	0.00521
74	0.00954	0.00954	0.01336	0.01145	0.01145	0.01336	0.00954	0.01050	0.00668	0.01050	0.00573	0.00954	0.00573	0.00763	0.01431	0.00191	0.83874	0.00382	0.00191	0.00477
75	0.01206	0.77896	0.02198	0.00776	0.01139	0.06916	0.00754	0.02975	0.00933	0.01064	0.00620	0.00712	0.00564	0.00381	0.00290	0.00095	0.00487	0.00240	0.00194	0.00560
76	0.01130	0.00907	0.08334	0.01438	0.30202	0.00770	0.00911	0.02321	0.02072	0.20064	0.17630	0.01841	0.06902	0.01960	0.00495	0.00140	0.01394	0.00516	0.00360	0.00612
77	0.00813	0.00407	0.00407	0.00407	0.00508	0.00407	0.00305	0.01016	0.00915	0.01626	0.01423	0.01626	0.01118	0.00508	0.00305	0.00102	0.00203	0.00407	0.87093	0.00407
78	0.00703	0.00502	0.00703	0.00803	0.00904	0.00502	0.00703	0.00904	0.01004	0.01305	0.02309	0.04920	0.02510	0.01205	0.00602	0.00201	0.00402	0.79016	0.00402	0.00402
79	0.01255	0.01021	0.01082	0.00922	0.01199	0.01164	0.00731	0.25479	0.57726	0.02098	0.01559	0.01455	0.01157	0.00572	0.00442	0.00143	0.00385	0.00463	0.00442	0.00706
80	0.00644	0.00463	0.00633	0.00729	0.00810	0.00452	0.00598	0.00804	0.00954	0.01243	0.02436	0.28135	0.06354	0.01247	0.00585	0.00191	0.00350	0.52582	0.00403	0.00386
81	0.00545	0.00389	0.00522	0.00623	0.00654	0.00366	0.00429	0.00631	0.00849	0.01129	0.02396	0.77989	0.02854	0.01353	0.00560	0.00179	0.00265	0.07502	0.00405	0.00358
82	0.03182	0.00752	0.01012	0.00777	0.01114	0.00658	0.00642	0.03502	0.01255	0.79694	0.01693	0.01466	0.01065	0.00538	0.00436	0.00135	0.00373	0.00435	0.00534	0.00738
83	0.01439	0.00892	0.01091	0.00972	0.05979	0.03732	0.02750	0.20186	0.09137	0.29048	0.07225	0.03305	0.02631	0.00643	0.00465	0.00143	0.00414	0.08855	0.00444	0.00650
84	0.01952	0.00750	0.01017	0.00780	0.01117	0.00652	0.00644	0.03386	0.01261	0.80975	0.01710	0.01477	0.01074	0.00540	0.00439	0.00135	0.00373	0.00438	0.00538	0.00742
85	0.86257	0.02296	0.00669	0.00577	0.00848	0.00991	0.00477	0.01282	0.00745	0.01941	0.00607	0.00708	0.00474	0.00404	0.00270	0.00134	0.00340	0.00236	0.00268	0.00474
86	0.00517	0.00442	0.00444	0.00444	0.00590	0.00369	0.00333	0.00630	0.00999	0.01189	0.05879	0.04180	0.80307	0.01101	0.00515	0.00147	0.00221	0.00918	0.00406	0.00369
87	0.00623	0.00467	0.00701	0.00701	0.00779	0.00545	0.00545	0.00779	0.00701	0.01012	0.01168	0.01713	0.01090	0.03271	0.82944	0.00701	0.01168	0.00467	0.00234	0.00389
88	0.00534	0.00383	0.00507	0.00602	0.00632	0.00356	0.00404	0.00615	0.00851	0.01136	0.05055	0.80163	0.04453	0.01346	0.00554	0.00175	0.00251	0.01219	0.00407	0.00356
89	0.00598	0.00442	0.00525	0.00519	0.00628	0.00396	0.00381	0.00739	0.01055	0.02916	0.35397	0.12296	0.32877	0.06883	0.00639	0.00167	0.00239	0.02491	0.00428	0.00385
90	0.00531	0.00381	0.00505	0.00604	0.00632	0.00354	0.00404	0.00608	0.00838	0.01114	0.02439	0.82999	0.04251	0.01362	0.00556	0.00177	0.00252	0.01234	0.00405	0.00354
91	0.01166	0.84935	0.02285	0.00746	0.01119	0.01726	0.00746	0.01306	0.00886	0.01026	0.00606	0.00700	0.00560	0.00373	0.00280	0.00093	0.00466	0.00233	0.00187	0.00560
92	0.00615	0.00446	0.00580	0.00547	0.00650	0.00411	0.00410	0.00819	0.01230	0.01738	0.80183	0.03277	0.05661	0.00896	0.00514	0.00137	0.00206	0.00791	0.00479	0.00411
93	0.01629	0.02079	0.01236	0.01124	0.01348	0.82921	0.00843	0.01742	0.01236	0.01067	0.00674	0.00787	0.00562	0.00449	0.00393	0.00112	0.00787	0.00281	0.00225	0.00506
94	0.01623	0.01204	0.01289	0.00996	0.01339	0.01336	0.00820	0.75675	0.06930	0.02692	0.01092	0.01083	0.00778	0.00528	0.00437	0.00132	0.00472	0.00399	0.00437	0.00739
95	0.04050	0.00778	0.00895	0.00643	0.01027	0.00596	0.00515	0.01105	0.00899	0.01441	0.00769	0.00897	0.00640	0.00326	0.00321	0.00067	0.00324	0.00258	0.00259	0.84192
96	0.00577	0.00433	0.00605	0.04476	0.00806	0.00417	0.02005	0.00688	0.00878	0.01158	0.03791	0.63044	0.07059	0.01261	0.00553	0.00176	0.00294	0.11014	0.00393	0.00373
97	0.00919	0.04282	0.20903	0.01054	0.01482	0.01925	0.17790	0.01255	0.03811	0.01382	0.02193	0.01181	0.04008	0.00515	0.03393	0.00132	0.00525	0.00378	0.00244	0.32628
98	0.23589	0.05080	0.01121	0.00956	0.01192	0.51765	0.00741	0.01600	0.03033	0.02863	0.00697	0.00804	0.00568	0.00453	0.00401	0.00122	0.03984	0.00280	0.00245	0.00507
99	0.01007	0.01185	0.06047	0.03270	0.02104	0.01131	0.63271	0.01339	0.00967	0.01339	0.00829	0.01131	0.00642	0.00431	0.00646	0.00153	0.13238	0.00483	0.00214	0.00572
100	0.01051	0.01024	0.01323	0.01128	0.01167	0.05500	0.00935	0.05894	0.00792	0.02784	0.00629	0.00962	0.00592	0.00728	0.01298	0.00182	0.72917	0.00378	0.00214	0.00500
101	0.00533	0.00385	0.00506	0.00602	0.00635	0.00358	0.00406	0.00613	0.00847	0.01120	0.02513	0.78643	0.07212	0.01349	0.00555	0.00176	0.00254	0.02533	0.00405	0.00356
102	0.01616	0.02056	0.01238	0.01124	0.01344	0.81298	0.00845	0.01728	0.01225	0.01067	0.00672	0.00790	0.00562	0.00456	0.00414	0.00114	0.02440	0.00283	0.00224	0.00505
103	0.00824	0.00775	0.01308	0.83624	0.03004	0.00969	0.01211	0.01114	0.00872	0.01114	0.00775	0.01163	0.00581	0.00436	0.00436	0.00145	0.00581	0.00388	0.00194	0.00484
104	0.00643	0.00499	0.00711	0.00709	0.00790	0.02159	0.00551	0.00798	0.00711	0.01014	0.01159	0.01695	0.01080	0.03216	0.81327	0.00689	0.01161	0.00464	0.00233	0.00392
105	0.00881	0.02214	0.79311	0.01266	0.01903	0.01016	0.04671	0.01382	0.00925	0.01382	0.00787	0.00931	0.00557	0.00413	0.00418	0.00138	0.00648	0.00330	0.00186	0.00642
106	0.00904	0.00775	0.00904	0.00646	0.01034	0.00581	0.00517	0.01098	0.00904	0.01421	0.00775	0.00904	0.00646	0.00323	0.00323	0.00065	0.00323	0.00258	0.00258	0.87339
107	0.00758	0.00379	0.00568	0.00568	0.00568	0.00379	0.00379	0.00568	0.00568	0.00758	0.00758	0.01326	0.00758	0.01515	0.01705	0.87311	0.00379	0.00379	0.00189	0.00189
108	0.01166	0.01017	0.01056	0.00985	0.05367	0.06179	0.00731	0.14038	0.53524	0.01873	0.05451	0.02597	0.02871	0.00596	0.00445	0.00142	0.00392	0.00491	0.00418	0.00663
109	0.01253	0.01018	0.01068	0.00916	0.01189	0.02402	0.00725	0.20999	0.58928	0.04129	0.01583	0.01472	0.01172	0.00572	0.00441	0.00143	0.00385	0.00464	0.00441	0.00701
110	0.00623	0.00467	0.00698	0.00698	0.00774	0.00543	0.00541	0.00777	0.00700	0.01010	0.01171	0.01731	0.01098	0.04493	0.81732	0.00697	0.01157	0.00470	0.00234	0.00388
111	0.03235	0.01724	0.01179	0.01053	0.01290	0.55974	0.00804	0.08208	0.18238	0.01381	0.00935	0.00987	0.00738	0.00490	0.00422	0.00123	0.02033	0.00336	0.00289	0.00563
112	0.01012	0.04038	0.28733	0.01052	0.04623	0.02469	0.02155	0.06168	0.06902	0.05820	0.02575	0.06092	0.00945	0.00546	0.00509	0.00133	0.07902	0.03072	0.00279	0.14975
113	0.04921	0.18708	0.17218	0.00907	0.02408	0.03434	0.05290	0.07209	0.04508	0.02539	0.04927	0.05433	0.06732	0.04753	0.06746	0.00185	0.00523	0.00457	0.00277	0.02827
114	0.00623	0.00467	0.00701	0.00701	0.00779	0.00545	0.00545	0.00779	0.00701	0.01012	0.01168	0.01713	0.01090	0.03271	0.82944	0.00701	0.01168	0.00467	0.00234	0.00389
115	0.00552	0.00396	0.00521	0.00608	0.00645	0.00371	0.00419	0.00641	0.00862	0.01147	0.05959	0.68610	0.05463	0.04953	0.00629	0.00187	0.00268	0.07010	0.00402	0.00357
116	0.02264	0.03033	0.46332	0.06178	0.07856	0.05682	0.11791	0.03337	0.03879	0.01393	0.00842	0.01022	0.00630	0.00516	0.03249	0.00156	0.00647	0.00364	0.00213	0.00615
117	0.01065	0.01140	0.01318	0.03290	0.01228	0.15163	0.00942	0.01169	0.00770	0.01054	0.00595	0.00931	0.00571	0.00702	0.01229	0.00176	0.67613	0.00365	0.00197	0.00482
118	0.00594	0.00445	0.00551	0.00524	0.00637	0.00402	0.00393	0.00778	0.01180	0.01619	0.64066	0.03472	0.21852	0.00940	0.00515	0.00139	0.00209	0.00819	0.00463	0.00402
119	0.00628	0.00422	0.00485	0.00491	0.00495	0.00423	0.00282	0.00638	0.00648	0.00866	0.01424	0.07361	0.01641	0.77188	0.04942	0.00419	0.00439	0.00662	0.00271	0.00274
120	0.03810	0.01119	0.07912	0.07461	0.57102	0.02379	0.06409	0.02624	0.00987	0.01420	0.00849	0.03151	0.00716	0.00426	0.00448	0.00134	0.01776	0.00406	0.00222	0.00647
121	0.00617	0.00444	0.00563	0.00543	0.00649	0.00404	0.00403	0.00796	0.01161	0.02963	0.61595	0.11312	0.15000	0.00963	0.00517	0.00142	0.00215	0.00846	0.00463	0.00405
122	0.00596	0.00454	0.00550	0.00533	0.00650	0.00412	0.00403	0.00788	0.02483	0.01550	0.52657	0.05096	0.27342	0.00971	0.00518	0.00144	0.00221	0.03779	0.00453	0.00402
123	0.02565	0.12357	0.53562	0.01225	0.05682	0.02349	0.02993	0.02778	0.02433	0.02528	0.00780	0.00927	0.00588	0.00441	0.00477	0.00136	0.07026	0.00327	0.00204	0.00621
124	0.01029	0.01211	0.12089	0.01627	0.06753	0.01017	0.52094	0.01373	0.01028	0.05855	0.07296	0.01312	0.00943	0.00441	0.00529	0.00145	0.03919	0.00496	0.00253	0.00591
125	0.00634	0.00423	0.00476	0.00476	0.00476	0.00423	0.00264	0.00634	0.00634	0.00846	0.01374	0.02854	0.01586	0.84672	0.02220	0.00423	0.00423	0.00634	0.00264	0.00264
126	0.12179	0.01119	0.01179	0.00924	0.01250	0.01234	0.00762	0.63999	0.01806	0.05455	0.01112	0.02518	0.01967	0.00544	0.00422	0.00134	0.00450	0.01835	0.00418	0.00691
127	0.14843	0.00886	0.01123	0.01029	0.05863	0.03711	0.05296	0.08471	0.04366	0.01412	0.00859	0.01187	0.00757	0.03972	0.16624	0.02539	0.24656	0.00392	0.00253	0.01761
128	0.00623	0.00467	0.00701	0.00701	0.00779	0.00545	0.00545	0.00779	0.00701	0.01012	0.01168	0.01713	0.01090	0.03271	0.82944	0.00701	0.01168	0.00467	0.00234	0.00389
129	0.01603	0.03595	0.01250	0.01102	0.01336	0.77286	0.00833	0.03722	0.01242	0.01118	0.00685	0.00794	0.00568	0.00447	0.00390	0.00111	0.00761	0.00282	0.00230	0.02643
130	0.01629	0.02079	0.01236	0.01124	0.01348	0.82921	0.00843	0.01742	0.01236	0.01067	0.00674	0.00787	0.00562	0.00449	0.00393	0.00112	0.00787	0.00281	0.00225	0.00506
131	0.01085	0.00937	0.00986	0.00888	0.01134	0.01085	0.00690	0.02318	0.81164	0.01824	0.01775	0.01627	0.01331	0.00592	0.00444	0.00148	0.00345	0.00493	0.00444	0.00690
132	0.00533	0.00380	0.00506	0.00605	0.00630	0.00356	0.00402	0.00608	0.00831	0.01108	0.02385	0.82896	0.02861	0.02891	0.00587	0.00182	0.00256	0.01229	0.00402	0.00353
133	0.65889	0.00818	0.00736	0.00625	0.00912	0.00892	0.00515	0.01497	0.00871	0.22420	0.00891	0.00906	0.00627	0.00439	0.00313	0.00135	0.00346	0.00288	0.00339	0.00541
134	0.00631	0.00426	0.00496	0.00497	0.00505	0.00430	0.00291	0.00649	0.00657	0.00885	0.03348	0.04191	0.01633	0.75123	0.08150	0.00432	0.00470	0.00636	0.00270	0.00279
135	0.00621	0.00425	0.00472	0.00472	0.00488	0.00417	0.00272	0.00633	0.00673	0.00882	0.01706	0.03001	0.10328	0.75561	0.02034	0.00393	0.00401	0.00665	0.00280	0.00276
136	0.01924	0.00736	0.01004	0.00777	0.01108	0.00637	0.00643	0.02094	0.01242	0.80145	0.01736	0.01574	0.01117	0.00557	0.00443	0.00137	0.00372	0.02486	0.00536	0.00733
137	0.87753	0.00843	0.00641	0.00574	0.00843	0.00978	0.00472	0.01282	0.00742	0.01957	0.00607	0.00709	0.00472	0.00405	0.00270	0.00135	0.00337	0.00236	0.00270	0.00472
138	0.01629	0.02079	0.01236	0.01124	0.01348	0.82921	0.00843	0.01742	0.01236	0.01067	0.00674	0.00787	0.00562	0.00449	0.00393	0.00112	0.00787	0.00281	0.00225	0.00506
139	0.00875	0.02256	0.82413	0.01243	0.01888	0.01013	0.01611	0.01381	0.00921	0.01381	0.00783	0.00921	0.00552	0.00414	0.00414	0.00138	0.00645	0.00322	0.00184	0.00645
140	0.00556	0.00443	0.00498	0.00484	0.00614	0.00385	0.00363	0.00704	0.01089	0.01405	0.35077	0.03825	0.50975	0.01020	0.00515	0.00143	0.00215	0.00868	0.00435	0.00385
141	0.00566	0.00444	0.00512	0.00495	0.00620	0.00390	0.00371	0.00724	0.01114	0.01462	0.42866	0.03730	0.43150	0.00999	0.00515	0.00142	0.00213	0.00855	0.00442	0.00390
142	0.01630	0.02066	0.01237	0.01122	0.01348	0.81685	0.00842	0.02935	0.01248	0.01093	0.00680	0.00790	0.00565	0.00451	0.00394	0.00113	0.00782	0.00283	0.00228	0.00509
143	0.01166	0.84935	0.02285	0.00746	0.01119	0.01726	0.00746	0.01306	0.00886	0.01026	0.00606	0.00700	0.00560	0.00373	0.00280	0.00093	0.00466	0.00233	0.00187	0.00560
144	0.10955	0.04233	0.15620	0.07050	0.39215	0.02163	0.02646	0.02394	0.00954	0.01450	0.00872	0.01114	0.02190	0.00424	0.00404	0.00129	0.00510	0.01738	0.00227	0.05712
145	0.00846	0.00796	0.02622	0.24467	0.17324	0.00834	0.05393	0.02310	0.10430	0.01361	0.07983	0.09047	0.12323	0.00656	0.00481	0.00145	0.01564	0.00586	0.00302	0.00528
146	0.01658	0.01222	0.01309	0.01003	0.01353	0.01353	0.00829	0.80497	0.02051	0.02749	0.01047	0.01047	0.00742	0.00524	0.00436	0.00131	0.00480	0.00393	0.00436	0.00742
147	0.01938	0.00772	0.01031	0.00790	0.01128	0.00685	0.00653	0.06983	0.01298	0.77326	0.01679	0.01457	0.01059	0.00539	0.00438	0.00135	0.00378	0.00436	0.00533	0.00742
148	0.01069	0.01175	0.11896	0.18677	0.18151	0.01067	0.20227	0.10118	0.08803	0.03078	0.00955	0.01157	0.00718	0.00434	0.00452	0.00140	0.00576	0.00422	0.00261	0.00624
149	0.01096	0.01098	0.05430	0.13468	0.06449	0.19665	0.00846	0.01313	0.03131	0.08943	0.12598	0.02802	0.02413	0.02304	0.07928	0.00194	0.09060	0.00457	0.00293	0.00514
150	0.01658	0.01132	0.01240	0.00957	0.01295	0.01231	0.00788	0.66208	0.04379	0.12790	0.01164	0.01135	0.00812	0.00527	0.00434	0.00131	0.00455	0.00402	0.02530	0.00732
151	0.01007	0.00795	0.00931	0.00672	0.01054	0.00623	0.00540	0.05068	0.00982	0.06535	0.00848	0.00948	0.00678	0.00346	0.00336	0.00072	0.00334	0.00276	0.00285	0.77671
152	0.00967	0.00798	0.00887	0.04337	0.02471	0.06409	0.00578	0.03849	0.04985	0.06470	0.21259	0.01698	0.04620	0.00543	0.00407	0.00104	0.00346	0.00452	0.00346	0.38473
153	0.00624	0.00462	0.00674	0.00674	0.00743	0.00531	0.00512	0.00762	0.00693	0.00993	0.01192	0.01848	0.01149	0.12845	0.73450	0.00668	0.01081	0.00487	0.00237	0.00375
154	0.00585	0.00450	0.00537	0.00529	0.00644	0.00406	0.00397	0.00764	0.02493	0.01479	0.43455	0.09654	0.32328	0.01010	0.00520	0.00146	0.00224	0.03541	0.00444	0.00396
155	0.01041	0.00997	0.01702	0.14719	0.70207	0.01026	0.01320	0.01305	0.00975	0.01379	0.00814	0.01092	0.00675	0.00396	0.00432	0.00132	0.00528	0.00388	0.00213	0.00660
156	0.04621	0.00970	0.03645	0.02731	0.06118	0.03586	0.16246	0.08403	0.01223	0.44383	0.02735	0.01323	0.00938	0.00489	0.00446	0.00136	0.00481	0.00436	0.00413	0.00678
157	0.00581	0.00420	0.00551	0.00583	0.00655	0.00390	0.00421	0.00728	0.01043	0.01434	0.40849	0.37902	0.06420	0.01118	0.00537	0.00158	0.00237	0.05146	0.00441	0.00385
158	0.00583	0.00457	0.00529	0.00508	0.00635	0.00409	0.00382	0.00771	0.03206	0.01488	0.44048	0.03648	0.39798	0.00982	0.00513	0.00142	0.00216	0.00842	0.00445	0.00399
159	0.19879	0.01044	0.01197	0.31909	0.08725	0.11249	0.02469	0.12611	0.02737	0.01572	0.00855	0.01057	0.02024	0.00453	0.00398	0.00136	0.00526	0.00356	0.00260	0.00543
160	0.01173	0.78653	0.04485	0.00773	0.01149	0.03283	0.00773	0.02518	0.01942	0.01073	0.00634	0.00725	0.00572	0.00381	0.00290	0.00096	0.00476	0.00242	0.00194	0.00565
161	0.00618	0.00467	0.00589	0.00655	0.00763	0.00439	0.00539	0.00773	0.00982	0.01239	0.03060	0.13477	0.30364	0.01188	0.00567	0.00179	0.00322	0.42991	0.00403	0.00385
162	0.01070	0.01028	0.01743	0.03948	0.76964	0.01049	0.01319	0.01322	0.00976	0.01403	0.00808	0.01075	0.00684	0.00406	0.00477	0.00133	0.04316	0.00388	0.00214	0.00678
163	0.06541	0.06265	0.03046	0.05362	0.13171	0.10833	0.20665	0.05776	0.15062	0.01486	0.01028	0.04639	0.00843	0.00488	0.00464	0.00138	0.02882	0.00441	0.00277	0.00593
164	0.00624	0.00463	0.00678	0.00678	0.00749	0.00533	0.00517	0.00764	0.00694	0.00996	0.01189	0.01827	0.01140	0.11385	0.74897	0.00673	0.01094	0.00484	0.00237	0.00377
165	0.00574	0.00473	0.00499	0.00498	0.00644	0.00415	0.00383	0.03535	0.01035	0.01257	0.05974	0.06159	0.68650	0.01093	0.00521	0.00151	0.00245	0.07100	0.00408	0.00385
166	0.02799	0.09308	0.11068	0.08329	0.21325	0.02239	0.04112	0.09803	0.09370	0.10214	0.01099	0.02837	0.02131	0.00526	0.01695	0.00142	0.01661	0.00409	0.00297	0.00636
167	0.01185	0.00928	0.02384	0.06087	0.21795	0.06643	0.04549	0.06471	0.02201	0.16976	0.02534	0.05396	0.02415	0.00965	0.13156	0.00225	0.04720	0.00467	0.00313	0.00590
168	0.01243	0.01416	0.01307	0.01157	0.02553	0.35065	0.02916	0.02883	0.02371	0.01117	0.00675	0.00930	0.00605	0.00688	0.03465	0.00170	0.40374	0.00348	0.00217	0.00501
169	0.01469	0.01017	0.01108	0.00881	0.01173	0.01100	0.00719	0.58176	0.01754	0.07795	0.01353	0.05929	0.03892	0.00604	0.00436	0.00133	0.00421	0.02032	0.09345	0.00666
170	0.01046	0.04999	0.05177	0.00809	0.04057	0.02320	0.01863	0.04216	0.02313	0.07392	0.00865	0.00963	0.00684	0.00363	0.00348	0.00083	0.00378	0.00292	0.00279	0.61551
171	0.00824	0.00775	0.01308	0.83624	0.03004	0.00969	0.01211	0.01114	0.00872	0.01114	0.00775	0.01163	0.00581	0.00436	0.00436	0.00145	0.00581	0.00388	0.00194	0.00484
172	0.02198	0.02076	0.01079	0.03578	0.06233	0.05521	0.06697	0.10910	0.13467	0.05038	0.11084	0.03332	0.11182	0.03714	0.02219	0.00152	0.00422	0.00530	0.00357	0.10211
173	0.00527	0.00442	0.00458	0.00454	0.00596	0.00373	0.00341	0.00649	0.01022	0.01245	0.13431	0.04088	0.72720	0.01080	0.00515	0.00146	0.00219	0.00905	0.00414	0.00373
174	0.00904	0.00775	0.00904	0.00646	0.01034	0.00581	0.00517	0.01098	0.00904	0.01421	0.00775	0.00904	0.00646	0.00323	0.00323	0.00065	0.00323	0.00258	0.00258	0.87339
175	0.00614	0.00446	0.00578	0.00545	0.00649	0.00410	0.00409	0.00816	0.01226	0.01728	0.78886	0.03292	0.06964	0.00899	0.00514	0.00138	0.00206	0.00794	0.00477	0.00410
176	0.87753	0.00843	0.00641	0.00574	0.00843	0.00978	0.00472	0.01282	0.00742	0.01957	0.00607	0.00709	0.00472	0.00405	0.00270	0.00135	0.00337	0.00236	0.00270	0.00472
177	0.00623	0.00467	0.00701	0.00701	0.00779	0.00545	0.00545	0.00779	0.00701	0.01012	0.01168	0.01713	0.01090	0.03271	0.82944	0.00701	0.01168	0.00467	0.00234	0.00389
178	0.01658	0.01222	0.01309	0.01003	0.01353	0.01353	0.00829	0.80497	0.02051	0.02749	0.01047	0.01047	0.00742	0.00524	0.00436	0.00131	0.00480	0.00393	0.00436	0.00742
179	0.01957	0.00742	0.01012	0.00776	0.01113	0.00641	0.00641	0.02126	0.01248	0.82254	0.01721	0.01484	0.01080	0.00540	0.00439	0.00135	0.00371	0.00439	0.00540	0.00742
180	0.01882	0.00726	0.00988	0.00763	0.01088	0.00628	0.00628	0.02053	0.01248	0.77785	0.06161	0.01583	0.01248	0.00559	0.00443	0.00135	0.00362	0.00458	0.00536	0.00724
181	0.01166	0.84935	0.02285	0.00746	0.01119	0.01726	0.00746	0.01306	0.00886	0.01026	0.00606	0.00700	0.00560	0.00373	0.00280	0.00093	0.00466	0.00233	0.00187	0.00560
182	0.01137	0.80477	0.02198	0.00738	0.01097	0.01659	0.00731	0.01280	0.00896	0.01052	0.03554	0.00809	0.00697	0.00440	0.01655	0.00105	0.00469	0.00257	0.00198	0.00552
183	0.00538	0.00384	0.00513	0.00614	0.00642	0.00360	0.00416	0.00618	0.00841	0.01120	0.02400	0.81509	0.02871	0.01361	0.00558	0.00178	0.00258	0.04057	0.00405	0.00356
184	0.01232	0.14850	0.01521	0.17359	0.14135	0.24832	0.03281	0.08364	0.02600	0.01293	0.00802	0.02262	0.00674	0.02051	0.00465	0.00131	0.02999	0.00356	0.00236	0.00558
185	0.00625	0.00461	0.00667	0.00667	0.00733	0.00527	0.00503	0.00757	0.00691	0.00987	0.01199	0.01885	0.01165	0.15485	0.70831	0.00659	0.01056	0.00492	0.00238	0.00371
186	0.00824	0.00775	0.01308	0.83624	0.03004	0.00969	0.01211	0.01114	0.00872	0.01114	0.00775	0.01163	0.00581	0.00436	0.00436	0.00145	0.00581	0.00388	0.00194	0.00484
187	0.00610	0.00453	0.00548	0.00538	0.00659	0.00407	0.00412	0.00777	0.01118	0.02902	0.43357	0.05339	0.32236	0.01001	0.00522	0.00147	0.00233	0.07896	0.00445	0.00399
188	0.01357	0.01043	0.01147	0.00860	0.01225	0.01044	0.00704	0.48737	0.01592	0.02218	0.00938	0.00990	0.00703	0.00443	0.00391	0.00104	0.00417	0.00339	0.00365	0.35381
189	0.00537	0.00382	0.00505	0.00601	0.00625	0.00358	0.00398	0.00609	0.00825	0.01100	0.02351	0.80198	0.02818	0.05647	0.00642	0.00190	0.00262	0.01209	0.00398	0.00350
190	0.01745	0.01052	0.01201	0.00924	0.01266	0.01105	0.00762	0.52050	0.03765	0.29593	0.01293	0.01209	0.00871	0.00531	0.00437	0.00133	0.00440	0.00411	0.00471	0.00741
191	0.01120	0.08517	0.07140	0.08470	0.37034	0.02769	0.11632	0.12168	0.01113	0.01518	0.00844	0.01068	0.00676	0.00514	0.03418	0.00151	0.00579	0.00388	0.00241	0.00638
192	0.00623	0.00466	0.00695	0.00695	0.00771	0.00542	0.00538	0.00775	0.00699	0.01008	0.01173	0.01742	0.01103	0.05314	0.80918	0.00694	0.01150	0.00471	0.00234	0.00386
193	0.00538	0.00383	0.00509	0.00606	0.00632	0.00360	0.00405	0.00614	0.00831	0.01107	0.02365	0.79945	0.02831	0.04381	0.00618	0.00186	0.00262	0.02675	0.00400	0.00352
194	0.02405	0.02117	0.73403	0.01248	0.01860	0.01014	0.05817	0.01415	0.03019	0.02549	0.00824	0.00957	0.00585	0.00418	0.00418	0.00139	0.00632	0.00337	0.00199	0.00641
195	0.00813	0.00407	0.00407	0.00407	0.00508	0.00407	0.00305	0.01016	0.00915	0.01626	0.01423	0.01626	0.01118	0.00508	0.00305	0.00102	0.00203	0.00407	0.87093	0.00407
196	0.10703	0.03213	0.16211	0.00919	0.03418	0.00925	0.00838	0.11554	0.06523	0.12909	0.05149	0.01438	0.03583	0.00820	0.08351	0.00194	0.07359	0.01900	0.03410	0.00583
197	0.01070	0.41981	0.18765	0.02026	0.01311	0.07173	0.02050	0.01349	0.05333	0.01185	0.02054	0.02681	0.02324	0.00464	0.00414	0.00117	0.05447	0.00328	0.00220	0.03708
198	0.07179	0.15877	0.27087	0.01117	0.07244	0.02583	0.03708	0.08337	0.04575	0.05950	0.00852	0.00959	0.00651	0.00438	0.00434	0.00126	0.04728	0.00329	0.00254	0.07572

[dist]
# distance from previous block
# <min> <max>
1	5

[block]
# block no. 1 follows, 60 sequences, length 89
# corresponding to MSA columns:
# 244-332
name=unknown_B
#
# <colnr> <probs for GDERKNQSTAVLIFYWHMCP>
#	G	D	E	R	K	N	Q	S	T	A	V	L	I	F	Y	W	H	M	C	P
0	0.08582	0.17691	0.13902	0.00933	0.02995	0.09187	0.00850	0.20724	0.04146	0.03171	0.02095	0.04949	0.02523	0.00636	0.03998	0.00151	0.00520	0.00390	0.01968	0.00590
1	0.03230	0.04506	0.04101	0.00966	0.01311	0.05527	0.00816	0.55281	0.05652	0.12559	0.01114	0.01093	0.00785	0.00513	0.00425	0.00130	0.00478	0.00386	0.00417	0.00711
2	0.00624	0.00450	0.00567	0.00535	0.00649	0.00408	0.00402	0.00813	0.01196	0.03039	0.67779	0.03380	0.16690	0.00920	0.00513	0.00139	0.00211	0.00804	0.00469	0.00410
3	0.01166	0.84935	0.02285	0.00746	0.01119	0.01726	0.00746	0.01306	0.00886	0.01026	0.00606	0.00700	0.00560	0.00373	0.00280	0.00093	0.00466	0.00233	0.00187	0.00560
4	0.00634	0.00423	0.00476	0.00476	0.00476	0.00423	0.00264	0.00634	0.00634	0.00846	0.01374	0.02854	0.01586	0.84672	0.02220	0.00423	0.00423	0.00634	0.00264	0.00264
5	0.00623	0.00467	0.00701	0.00701	0.00779	0.00545	0.00545	0.00779	0.00701	0.01012	0.01168	0.01713	0.01090	0.03271	0.82944	0.00701	0.01168	0.00467	0.00234	0.00389
6	0.87753	0.00843	0.00641	0.00574	0.00843	0.00978	0.00472	0.01282	0.00742	0.01957	0.00607	0.00709	0.00472	0.00405	0.00270	0.00135	0.00337	0.00236	0.00270	0.00472
7	0.00612	0.00446	0.00575	0.00543	0.00648	0.00409	0.00407	0.00812	0.01222	0.01718	0.77567	0.03308	0.08289	0.00903	0.00514	0.00138	0.00207	0.00796	0.00476	0.00409
8	0.01629	0.02079	0.01236	0.01124	0.01348	0.82921	0.00843	0.01742	0.01236	0.01067	0.00674	0.00787	0.00562	0.00449	0.00393	0.00112	0.00787	0.00281	0.00225	0.00506
9	0.01556	0.01171	0.01252	0.00983	0.01314	0.01305	0.00804	0.66619	0.16094	0.02585	0.01176	0.01150	0.00846	0.00536	0.00438	0.00134	0.00456	0.00410	0.00438	0.00733
10	0.00623	0.00467	0.00701	0.00701	0.00779	0.00545	0.00545	0.00779	0.00701	0.01012	0.01168	0.01713	0.01090	0.03271	0.82944	0.00701	0.01168	0.00467	0.00234	0.00389
11	0.01029	0.01176	0.02574	0.01838	0.02279	0.01103	0.80368	0.01397	0.01029	0.01397	0.00882	0.01176	0.00662	0.00368	0.00515	0.00147	0.00735	0.00515	0.00221	0.00588
12	0.00758	0.00379	0.00568	0.00568	0.00568	0.00379	0.00379	0.00568	0.00568	0.00758	0.00758	0.01326	0.00758	0.01515	0.01705	0.87311	0.00379	0.00379	0.00189	0.00189
13	0.00813	0.00407	0.00407	0.00407	0.00508	0.00407	0.00305	0.01016	0.00915	0.01626	0.01423	0.01626	0.01118	0.00508	0.00305	0.00102	0.00203	0.00407	0.87093	0.00407
14	0.87753	0.00843	0.00641	0.00574	0.00843	0.00978	0.00472	0.01282	0.00742	0.01957	0.00607	0.00709	0.00472	0.00405	0.00270	0.00135	0.00337	0.00236	0.00270	0.00472
15	0.00973	0.17012	0.24182	0.05813	0.06917	0.01143	0.15384	0.02710	0.02294	0.01297	0.02487	0.01061	0.00711	0.00606	0.05296	0.00166	0.07869	0.00374	0.00215	0.03490
16	0.01029	0.01176	0.02574	0.01838	0.02279	0.01103	0.80368	0.01397	0.01029	0.01397	0.00882	0.01176	0.00662	0.00368	0.00515	0.00147	0.00735	0.00515	0.00221	0.00588
17	0.01121	0.06011	0.01078	0.00893	0.01146	0.05881	0.00703	0.02224	0.71731	0.01733	0.01641	0.01523	0.01241	0.00570	0.00431	0.00143	0.00378	0.00465	0.00416	0.00672
18	0.00634	0.00437	0.00519	0.00544	0.00574	0.00431	0.00361	0.00684	0.00739	0.00970	0.01804	0.07862	0.06921	0.58724	0.01709	0.00349	0.00397	0.15734	0.00307	0.00302
19	0.00884	0.03959	0.23356	0.02560	0.06266	0.00938	0.25565	0.02453	0.00921	0.01298	0.02219	0.01298	0.02156	0.01141	0.21160	0.00281	0.02330	0.00440	0.00222	0.00551
20	0.01334	0.01060	0.01126	0.00938	0.01229	0.01201	0.00751	0.36252	0.46825	0.02226	0.01459	0.01375	0.01075	0.00562	0.00441	0.00141	0.00404	0.00450	0.00441	0.00713
21	0.01658	0.01222	0.01309	0.01003	0.01353	0.01353	0.00829	0.80497	0.02051	0.02749	0.01047	0.01047	0.00742	0.00524	0.00436	0.00131	0.00480	0.00393	0.00436	0.00742
22	0.86022	0.00841	0.00649	0.00578	0.00849	0.00972	0.00476	0.01299	0.00752	0.03577	0.00630	0.00724	0.00485	0.00408	0.00273	0.00135	0.00338	0.00240	0.00275	0.00478
23	0.00623	0.00467	0.00701	0.00701	0.00779	0.00545	0.00545	0.00779	0.00701	0.01012	0.01168	0.01713	0.01090	0.03271	0.82944	0.00701	0.01168	0.00467	0.00234	0.00389
24	0.01282	0.64409	0.02029	0.00835	0.01176	0.18629	0.00770	0.04482	0.01004	0.01102	0.00638	0.00731	0.00567	0.00395	0.00310	0.00099	0.00534	0.00249	0.00204	0.00556
25	0.00951	0.00977	0.06483	0.03124	0.25276	0.02247	0.17048	0.03989	0.06218	0.03129	0.09519	0.05566	0.12334	0.00602	0.00473	0.00140	0.00476	0.00568	0.00304	0.00575
26	0.00531	0.00380	0.00506	0.00607	0.00633	0.00354	0.00405	0.00607	0.00835	0.01113	0.02404	0.84388	0.02885	0.01366	0.00557	0.00177	0.00253	0.01240	0.00405	0.00354
27	0.00724	0.00515	0.00637	0.00587	0.00720	0.00493	0.00446	0.02530	0.08068	0.05063	0.63334	0.03083	0.10387	0.00863	0.00504	0.00139	0.00231	0.00753	0.00472	0.00452
28	0.01223	0.23640	0.20685	0.06230	0.08703	0.11983	0.03610	0.06554	0.01064	0.09365	0.00872	0.02669	0.00686	0.00445	0.00389	0.00123	0.00558	0.00344	0.00251	0.00606
29	0.01621	0.28593	0.01454	0.00803	0.01134	0.07081	0.00699	0.01812	0.03919	0.45034	0.01255	0.01169	0.00869	0.00485	0.00403	0.00121	0.02141	0.00360	0.00390	0.00657
30	0.00632	0.00481	0.00718	0.00713	0.00789	0.00567	0.00556	0.00786	0.00700	0.01013	0.01152	0.01692	0.01076	0.03202	0.80697	0.00687	0.03449	0.00465	0.00232	0.00392
31	0.01260	0.01165	0.11643	0.13671	0.23486	0.01042	0.04293	0.10323	0.05141	0.11903	0.01247	0.05183	0.02588	0.00595	0.00536	0.00162	0.04255	0.00484	0.00337	0.00687
32	0.04748	0.29330	0.10454	0.01130	0.07742	0.19293	0.04847	0.08821	0.03546	0.01347	0.00747	0.00869	0.00613	0.00435	0.00415	0.00119	0.04418	0.00309	0.00233	0.00582
33	0.00626	0.00457	0.00647	0.00647	0.00707	0.00516	0.00478	0.00744	0.00685	0.00973	0.01217	0.01985	0.01208	0.22685	0.63692	0.00635	0.00990	0.00507	0.00241	0.00360
34	0.01333	0.01028	0.01106	0.00914	0.01204	0.01147	0.00733	0.36013	0.39445	0.04599	0.05155	0.01435	0.01186	0.00570	0.00442	0.00138	0.00397	0.00458	0.00442	0.02255
35	0.00993	0.00938	0.01586	0.18160	0.60017	0.00974	0.01247	0.01251	0.00973	0.01363	0.03126	0.03131	0.00872	0.00460	0.00443	0.00136	0.00512	0.02964	0.00229	0.00626
36	0.00904	0.00775	0.00904	0.00646	0.01034	0.00581	0.00517	0.01098	0.00904	0.01421	0.00775	0.00904	0.00646	0.00323	0.00323	0.00065	0.00323	0.00258	0.00258	0.87339
37	0.00596	0.00444	0.00555	0.00536	0.00645	0.00403	0.00403	0.00777	0.01164	0.01595	0.60632	0.06627	0.19881	0.00962	0.00519	0.00143	0.00216	0.03043	0.00460	0.00400
38	0.00627	0.00426	0.00488	0.00497	0.00512	0.00421	0.00298	0.00647	0.00683	0.00900	0.01635	0.06605	0.06048	0.71951	0.01967	0.00385	0.00403	0.04939	0.00286	0.00281
39	0.00617	0.00415	0.00481	0.00498	0.00502	0.00411	0.00288	0.00630	0.00668	0.00891	0.01549	0.16711	0.01806	0.70514	0.01937	0.00381	0.00394	0.00737	0.00288	0.00280
40	0.01658	0.01222	0.01309	0.01003	0.01353	0.01353	0.00829	0.80497	0.02051	0.02749	0.01047	0.01047	0.00742	0.00524	0.00436	0.00131	0.00480	0.00393	0.00436	0.00742
41	0.00875	0.02256	0.82413	0.01243	0.01888	0.01013	0.01611	0.01381	0.00921	0.01381	0.00783	0.00921	0.00552	0.00414	0.00414	0.00138	0.00645	0.00322	0.00184	0.00645
