[name]
unknown

[dist]
# distance from previous block
# <min> <max>
0	89

[block]
# block no. 0 follows, 74 sequences, length 38
# corresponding to MSA columns:
# 89-126
name=unknown_A
#
# <colnr> <probs for GDERKNQSTAVLIFYWHMCP>
#	G	D	E	R	K	N	Q	S	T	A	V	L	I	F	Y	W	H	M	C	P
0	0.00587	0.03239	0.03854	0.00644	0.04593	0.00434	0.01686	0.00692	0.00751	0.03764	0.04064	0.43109	0.06562	0.10321	0.00615	0.01134	0.00285	0.11014	0.00309	0.02343
1	0.05354	0.12349	0.44380	0.02951	0.01307	0.05040	0.02341	0.02440	0.05768	0.01176	0.02272	0.03112	0.02711	0.01439	0.00355	0.00112	0.00461	0.00312	0.00198	0.05920
2	0.00480	0.00342	0.00455	0.00535	0.00567	0.00325	0.00377	0.00558	0.00726	0.00962	0.02012	0.67867	0.03625	0.05794	0.00556	0.00165	0.00243	0.13771	0.00338	0.00304
3	0.00805	0.21592	0.56917	0.00983	0.01449	0.00996	0.07233	0.01145	0.00778	0.01096	0.00648	0.00778	0.00493	0.00419	0.03056	0.00125	0.00533	0.00273	0.00161	0.00521
4	0.03750	0.38138	0.17633	0.00686	0.00997	0.01862	0.00702	0.05508	0.01863	0.07050	0.04978	0.01834	0.10141	0.02957	0.00361	0.00109	0.00383	0.00340	0.00232	0.00475
5	0.00867	0.00908	0.06861	0.17656	0.64102	0.00870	0.01134	0.01106	0.00822	0.01161	0.00689	0.00923	0.00563	0.00340	0.00367	0.00113	0.00458	0.00327	0.00179	0.00553
6	0.00460	0.00328	0.00427	0.00503	0.00525	0.00307	0.00332	0.00519	0.00699	0.00929	0.02013	0.76908	0.04568	0.08855	0.00600	0.00169	0.00228	0.01002	0.00334	0.00295
7	0.03512	0.20281	0.05265	0.02165	0.03195	0.02247	0.07491	0.29824	0.01181	0.19966	0.00889	0.00903	0.00636	0.00397	0.00342	0.00106	0.00413	0.00313	0.00304	0.00569
8	0.03023	0.00869	0.04079	0.22012	0.53049	0.01730	0.04174	0.01089	0.00805	0.01143	0.00676	0.00920	0.00551	0.00354	0.00402	0.00116	0.03972	0.00328	0.00179	0.00528
9	0.00447	0.00371	0.00391	0.00397	0.00509	0.00315	0.00293	0.00545	0.00851	0.01039	0.10399	0.11121	0.70154	0.00945	0.00442	0.00127	0.00189	0.00799	0.00350	0.00315
10	0.00711	0.00670	0.01132	0.82161	0.06379	0.00827	0.01036	0.00957	0.00747	0.00961	0.00662	0.00986	0.00499	0.00369	0.00371	0.00123	0.00492	0.00330	0.00166	0.00421
11	0.04665	0.02302	0.01034	0.03169	0.07408	0.02202	0.07255	0.25480	0.13688	0.11045	0.04266	0.08114	0.04572	0.01367	0.00410	0.00122	0.01599	0.00442	0.00329	0.00532
12	0.00883	0.00993	0.01916	0.04147	0.01752	0.04974	0.62220	0.01143	0.00826	0.01116	0.00693	0.00952	0.00544	0.00377	0.00568	0.00130	0.15699	0.00405	0.00183	0.00478
13	0.00728	0.00538	0.00740	0.00724	0.08422	0.00494	0.07107	0.04855	0.01578	0.11028	0.11885	0.04776	0.42188	0.00732	0.00421	0.00122	0.00274	0.01826	0.01149	0.00413
14	0.02253	0.02163	0.01068	0.02246	0.06554	0.51518	0.00732	0.10984	0.12058	0.01188	0.00738	0.00817	0.00590	0.00416	0.00393	0.00106	0.05175	0.00285	0.00235	0.00483
15	0.01411	0.01040	0.01114	0.00854	0.01151	0.01151	0.00706	0.83402	0.01745	0.02339	0.00891	0.00891	0.00631	0.00446	0.00371	0.00111	0.00408	0.00334	0.00371	0.00631
16	0.00954	0.00913	0.01476	0.02176	0.78462	0.03146	0.01107	0.05045	0.00893	0.01258	0.00704	0.00911	0.00587	0.00338	0.00367	0.00110	0.00446	0.00328	0.00193	0.00586
17	0.00471	0.00359	0.00510	0.00555	0.00602	0.00333	0.04269	0.00550	0.00729	0.00963	0.02122	0.76001	0.08928	0.01105	0.00469	0.00148	0.00233	0.01004	0.00337	0.00312
18	0.00924	0.29011	0.38735	0.00891	0.01300	0.04425	0.06103	0.01195	0.00811	0.07695	0.00718	0.02999	0.00567	0.00368	0.00323	0.00104	0.00475	0.00285	0.00191	0.02879
19	0.01327	0.01673	0.01096	0.00978	0.01161	0.76467	0.03456	0.01429	0.01011	0.00917	0.00573	0.00691	0.00482	0.00400	0.00403	0.00102	0.06964	0.00252	0.00189	0.00431
20	0.00874	0.00995	0.02156	0.01546	0.01909	0.00945	0.80642	0.01179	0.00866	0.01179	0.00742	0.00995	0.00561	0.00324	0.00463	0.00126	0.03378	0.00434	0.00187	0.00498
21	0.00903	0.00875	0.01524	0.07433	0.74533	0.00882	0.06113	0.01130	0.00841	0.01195	0.00699	0.00928	0.00581	0.00332	0.00372	0.00112	0.00456	0.00337	0.00183	0.00572
22	0.00870	0.00915	0.01426	0.03507	0.09248	0.05714	0.21764	0.01054	0.02868	0.01018	0.00610	0.00882	0.00533	0.00508	0.00846	0.00142	0.47110	0.00352	0.00178	0.00454
23	0.00601	0.00437	0.00531	0.00558	0.00635	0.00394	0.00398	0.00680	0.00897	0.02442	0.22645	0.40012	0.19837	0.01108	0.03219	0.00170	0.00269	0.04399	0.00390	0.00378
24	0.01665	0.00632	0.00861	0.00660	0.00948	0.00546	0.00546	0.01809	0.01062	0.84897	0.01464	0.01263	0.00919	0.00459	0.00373	0.00115	0.00316	0.00373	0.00459	0.00632
25	0.00455	0.00362	0.00409	0.00428	0.00519	0.00315	0.00309	0.00553	0.00839	0.01059	0.15114	0.26313	0.50066	0.00975	0.00448	0.00131	0.00194	0.00842	0.00354	0.00315
26	0.00476	0.00391	0.00422	0.00417	0.00532	0.00344	0.00311	0.00623	0.04108	0.01124	0.20607	0.07220	0.60327	0.00895	0.00438	0.00125	0.00191	0.00758	0.00359	0.00331
27	0.00452	0.00323	0.00431	0.00517	0.00538	0.00301	0.00345	0.00517	0.00711	0.00948	0.02046	0.86713	0.02455	0.01163	0.00474	0.00151	0.00215	0.01055	0.00345	0.00301
28	0.02469	0.01029	0.10041	0.00856	0.01153	0.02205	0.04975	0.49584	0.05758	0.08799	0.03171	0.06417	0.00845	0.00484	0.00379	0.00116	0.00405	0.00392	0.00341	0.00579
29	0.01556	0.00620	0.00834	0.00650	0.00920	0.00546	0.00533	0.01735	0.04136	0.75820	0.07421	0.01376	0.01112	0.00483	0.00378	0.00115	0.00305	0.00396	0.00453	0.00610
30	0.00516	0.00378	0.00477	0.00453	0.00541	0.00346	0.00336	0.00673	0.01002	0.01394	0.70765	0.02853	0.13210	0.04825	0.00506	0.00129	0.00185	0.00679	0.00392	0.00340
31	0.00789	0.17192	0.70149	0.00982	0.01489	0.00971	0.01240	0.01164	0.00778	0.01121	0.00639	0.00750	0.00471	0.00346	0.00332	0.00111	0.00521	0.00261	0.00157	0.00536
32	0.00777	0.12941	0.74292	0.01003	0.01522	0.00940	0.01276	0.01167	0.00780	0.01136	0.00647	0.00759	0.00471	0.00348	0.00338	0.00113	0.00529	0.00264	0.00157	0.00539
33	0.01331	0.01624	0.01110	0.00975	0.01184	0.71273	0.05886	0.04118	0.06052	0.02105	0.00663	0.00748	0.00534	0.00388	0.00345	0.00100	0.00631	0.00267	0.00212	0.00453
34	0.00468	0.00367	0.00422	0.00458	0.00542	0.00327	0.00339	0.00560	0.00793	0.00987	0.02905	0.27469	0.46038	0.05244	0.00530	0.00150	0.00224	0.11528	0.00338	0.00309
35	0.03273	0.21884	0.20702	0.02471	0.16419	0.06314	0.09872	0.05797	0.01697	0.05648	0.02177	0.00851	0.00595	0.00357	0.00337	0.00106	0.00472	0.00298	0.00204	0.00526
36	0.04643	0.14616	0.50599	0.00941	0.01380	0.06230	0.03707	0.04811	0.02167	0.06580	0.00709	0.00792	0.00518	0.00361	0.00334	0.00110	0.00500	0.00274	0.00196	0.00532
37	0.03218	0.03766	0.09667	0.01288	0.01628	0.00898	0.55449	0.02848	0.03364	0.02524	0.02310	0.01960	0.03348	0.02624	0.00478	0.00130	0.03378	0.00425	0.00209	0.00488

[dist]
# distance from previous block
# <min> <max>
2	12

[block]
# block no. 1 follows, 74 sequences, length 19
# corresponding to MSA columns:
# 139-157
name=unknown_B
#
# <colnr> <probs for GDERKNQSTAVLIFYWHMCP>
#	G	D	E	R	K	N	Q	S	T	A	V	L	I	F	Y	W	H	M	C	P
0	0.02700	0.05856	0.03624	0.07729	0.49485	0.00872	0.01896	0.03984	0.09010	0.03109	0.00926	0.05822	0.02532	0.00417	0.00367	0.00114	0.00408	0.00380	0.00225	0.00543
1	0.01236	0.01211	0.00984	0.00850	0.01076	0.32428	0.00662	0.21016	0.30857	0.04347	0.01014	0.00998	0.00763	0.00443	0.00360	0.00111	0.00461	0.00331	0.00310	0.00541
2	0.00781	0.00583	0.03360	0.00547	0.00765	0.00473	0.00443	0.04268	0.02497	0.11754	0.20518	0.06893	0.14391	0.01713	0.00391	0.00103	0.00256	0.00494	0.00327	0.29444
3	0.00659	0.00499	0.00590	0.00532	0.00660	0.00499	0.00409	0.10266	0.09924	0.01539	0.57165	0.02498	0.11871	0.00716	0.00424	0.00118	0.00216	0.00618	0.00394	0.00403
4	0.01341	0.01090	0.01004	0.00863	0.02606	0.29424	0.03043	0.05305	0.14466	0.29228	0.01039	0.01019	0.00744	0.00447	0.00424	0.00114	0.06660	0.00331	0.00317	0.00535
5	0.00530	0.00398	0.00597	0.00597	0.00663	0.00464	0.00464	0.00663	0.00597	0.00862	0.00994	0.01458	0.00928	0.02784	0.85484	0.00597	0.00994	0.00398	0.00199	0.00331
6	0.00589	0.00421	0.00501	0.00511	0.00562	0.00425	0.00352	0.04955	0.05532	0.01015	0.07878	0.23201	0.03414	0.38801	0.01087	0.00238	0.00304	0.09607	0.00300	0.00310
7	0.00515	0.00399	0.00472	0.00457	0.00560	0.00368	0.00341	0.00707	0.05779	0.01296	0.47539	0.08394	0.30146	0.00830	0.00437	0.00122	0.00189	0.00719	0.00381	0.00349
8	0.05043	0.00935	0.01023	0.00799	0.01076	0.01021	0.00657	0.63337	0.03933	0.11791	0.00966	0.00970	0.00687	0.00581	0.05311	0.00141	0.00423	0.00339	0.00366	0.00603
9	0.00580	0.00365	0.00439	0.00452	0.00475	0.00354	0.00279	0.00607	0.00620	0.05677	0.01443	0.27008	0.01648	0.56841	0.01387	0.00284	0.00315	0.00681	0.00274	0.00271
10	0.00495	0.00354	0.00471	0.00552	0.00596	0.00336	0.00408	0.00591	0.00756	0.01002	0.02088	0.59314	0.06098	0.01103	0.00479	0.00154	0.00247	0.22679	0.01965	0.00314
11	0.04255	0.00939	0.01030	0.00801	0.01087	0.01017	0.00659	0.60136	0.07969	0.16725	0.01028	0.00985	0.00713	0.00449	0.00368	0.00113	0.00379	0.00343	0.00383	0.00621
12	0.00453	0.00330	0.00428	0.00502	0.00535	0.00304	0.00339	0.00524	0.00734	0.00970	0.04821	0.76072	0.10364	0.01129	0.00469	0.00147	0.00211	0.01017	0.00347	0.00304
13	0.00454	0.00326	0.00431	0.00512	0.00538	0.00303	0.00343	0.00522	0.00722	0.00962	0.04001	0.82633	0.04584	0.01148	0.00472	0.00149	0.00214	0.01039	0.00346	0.00303
14	0.00972	0.62824	0.12288	0.00725	0.01067	0.01285	0.03377	0.05388	0.00818	0.02348	0.00608	0.02046	0.00528	0.00343	0.00273	0.00088	0.00415	0.00240	0.00181	0.04186
15	0.00863	0.01127	0.14593	0.03601	0.01870	0.00928	0.65561	0.02768	0.02610	0.01210	0.00754	0.00974	0.00561	0.00327	0.00421	0.00124	0.00600	0.00408	0.00190	0.00510
16	0.01379	0.00733	0.00860	0.00677	0.00930	0.00739	0.00554	0.30900	0.03840	0.37930	0.01215	0.01155	0.00828	0.00451	0.00353	0.00109	0.00323	0.00356	0.16089	0.00580
17	0.00582	0.00424	0.00482	0.00465	0.00573	0.00403	0.00347	0.02719	0.06982	0.03052	0.24658	0.07329	0.31512	0.08579	0.00553	0.00144	0.00222	0.03572	0.07050	0.00353
18	0.02578	0.36161	0.01491	0.01766	0.09051	0.11586	0.07604	0.09557	0.06853	0.02379	0.05229	0.00949	0.02523	0.00393	0.00321	0.00099	0.00429	0.00307	0.00228	0.00497

[dist]
# distance from previous block
# <min> <max>
1	7

[block]
# block no. 2 follows, 74 sequences, length 41
# corresponding to MSA columns:
# 165-205
name=unknown_C
#
# <colnr> <probs for GDERKNQSTAVLIFYWHMCP>
#	G	D	E	R	K	N	Q	S	T	A	V	L	I	F	Y	W	H	M	C	P
0	0.03117	0.00817	0.02690	0.04957	0.21803	0.03323	0.06356	0.08579	0.10010	0.06457	0.14120	0.05925	0.08953	0.00588	0.00427	0.00133	0.00386	0.00500	0.00324	0.00535
1	0.01018	0.63078	0.08392	0.00776	0.01099	0.12616	0.06420	0.01171	0.00805	0.00924	0.00552	0.00648	0.00482	0.00329	0.00274	0.00088	0.00461	0.00226	0.00165	0.00478
2	0.04189	0.01669	0.00895	0.06732	0.07296	0.03594	0.08632	0.04776	0.03710	0.09361	0.06909	0.27571	0.02160	0.02828	0.02503	0.00146	0.02278	0.03190	0.00299	0.01262
3	0.07605	0.07793	0.12036	0.01108	0.04228	0.13488	0.27423	0.07897	0.07401	0.05171	0.00779	0.00891	0.00587	0.00363	0.00364	0.00113	0.00511	0.00333	0.00228	0.01681
4	0.00478	0.00347	0.00456	0.00526	0.00570	0.00325	0.00377	0.00570	0.00770	0.01021	0.09084	0.61353	0.08784	0.01092	0.00474	0.00149	0.00228	0.12734	0.00350	0.00312
5	0.02503	0.00620	0.00812	0.00641	0.00902	0.00555	0.00523	0.04281	0.03974	0.68521	0.02907	0.04205	0.06780	0.00520	0.00381	0.00117	0.00303	0.00427	0.00439	0.00590
6	0.01113	0.00784	0.00841	0.00719	0.00943	0.04171	0.00570	0.14862	0.39137	0.18878	0.01579	0.03869	0.08132	0.00546	0.00385	0.00122	0.00322	0.02083	0.00382	0.00561
7	0.01316	0.00893	0.00984	0.00778	0.01045	0.00968	0.00635	0.52653	0.14371	0.14494	0.04269	0.01112	0.00872	0.00468	0.00371	0.00114	0.00360	0.00367	0.03326	0.00604
8	0.01314	0.00814	0.00890	0.00727	0.00973	0.06618	0.00584	0.19315	0.20495	0.34253	0.08898	0.01309	0.01113	0.00489	0.00377	0.00116	0.00342	0.00394	0.00398	0.00582
9	0.01012	0.00563	0.00691	0.00612	0.00788	0.00554	0.00482	0.07148	0.13816	0.27900	0.10750	0.15569	0.05485	0.00674	0.00403	0.00125	0.00274	0.06519	0.06145	0.00486
10	0.00549	0.00428	0.00607	0.00605	0.00674	0.02361	0.00470	0.00681	0.00607	0.00863	0.00985	0.01441	0.00918	0.02730	0.83584	0.00585	0.00987	0.00394	0.00199	0.00334
11	0.00491	0.00345	0.00414	0.00453	0.00474	0.00329	0.00284	0.00529	0.00645	0.00848	0.01803	0.40510	0.09516	0.40366	0.01118	0.00244	0.00279	0.00794	0.00290	0.00268
12	0.00452	0.00323	0.00431	0.00517	0.00538	0.00301	0.00345	0.00517	0.00711	0.00948	0.02046	0.86713	0.02455	0.01163	0.00474	0.00151	0.00215	0.01055	0.00345	0.00301
13	0.01021	0.81222	0.01888	0.00650	0.00966	0.01447	0.00640	0.06802	0.00823	0.00975	0.00542	0.00616	0.00487	0.00326	0.00247	0.00082	0.00398	0.00208	0.00173	0.00487
14	0.00463	0.00355	0.00426	0.00464	0.00536	0.00318	0.00332	0.00559	0.00815	0.01052	0.14573	0.40683	0.32929	0.01017	0.00457	0.00137	0.00204	0.04010	0.00354	0.00314
15	0.00560	0.00411	0.00492	0.00481	0.00575	0.00388	0.00355	0.02458	0.04854	0.02809	0.36780	0.12968	0.21598	0.09275	0.00582	0.00149	0.00222	0.04332	0.00364	0.00346
16	0.00739	0.00424	0.00522	0.00503	0.00575	0.00406	0.00341	0.04036	0.00741	0.15338	0.02440	0.27331	0.03268	0.39091	0.02378	0.00242	0.00315	0.00661	0.00311	0.00339
17	0.00809	0.00736	0.01052	0.06904	0.10832	0.00694	0.07477	0.00986	0.00760	0.02262	0.00657	0.00834	0.00547	0.00348	0.00444	0.00088	0.12819	0.00276	0.00204	0.51270
18	0.00587	0.00443	0.00581	0.00565	0.00614	0.01372	0.00413	0.03213	0.00634	0.00891	0.02363	0.05937	0.01129	0.27784	0.44022	0.00437	0.06344	0.00468	0.01891	0.00314
19	0.00986	0.00665	0.00753	0.00657	0.00855	0.00707	0.00515	0.05402	0.42226	0.17835	0.13516	0.03188	0.06811	0.00566	0.00387	0.00121	0.00274	0.00475	0.03529	0.00533
20	0.00881	0.00721	0.00840	0.00619	0.00936	0.00614	0.01649	0.11355	0.06653	0.03150	0.00766	0.00841	0.00608	0.00317	0.00298	0.00069	0.00299	0.00254	0.00254	0.68876
21	0.02014	0.00866	0.02929	0.05673	0.46839	0.02847	0.06631	0.03915	0.03464	0.08819	0.03052	0.00996	0.00697	0.00367	0.00382	0.00109	0.02134	0.00340	0.00229	0.07697
22	0.02458	0.00894	0.01233	0.01141	0.15839	0.03192	0.13167	0.15352	0.03344	0.09546	0.03917	0.01141	0.00824	0.00430	0.00391	0.00114	0.00422	0.01459	0.00298	0.24840
23	0.00458	0.00331	0.00434	0.00515	0.00546	0.00308	0.00352	0.00529	0.00726	0.00958	0.02152	0.77796	0.07695	0.01143	0.00473	0.00150	0.00219	0.04568	0.00344	0.00304
24	0.00452	0.00323	0.00431	0.00517	0.00538	0.00301	0.00345	0.00517	0.00711	0.00948	0.02046	0.86713	0.02455	0.01163	0.00474	0.00151	0.00215	0.01055	0.00345	0.00301
25	0.00849	0.00773	0.01235	0.38747	0.35578	0.00854	0.01002	0.09427	0.00896	0.01211	0.02579	0.01074	0.03387	0.00389	0.00373	0.00117	0.00447	0.00353	0.00205	0.00501
26	0.04814	0.01012	0.07366	0.00918	0.03116	0.00998	0.08225	0.52050	0.03993	0.07951	0.00960	0.05208	0.00730	0.00459	0.00376	0.00116	0.00415	0.00375	0.00334	0.00585
27	0.00918	0.00898	0.01496	0.07010	0.74695	0.03235	0.04026	0.01140	0.00846	0.01188	0.00694	0.00919	0.00579	0.00334	0.00369	0.00111	0.00457	0.00332	0.00183	0.00570
28	0.00540	0.00361	0.00409	0.00409	0.00411	0.00362	0.00231	0.00543	0.00541	0.00723	0.01165	0.02406	0.01339	0.84921	0.03910	0.00366	0.00375	0.00536	0.00224	0.00227
29	0.08428	0.00855	0.03152	0.00720	0.00967	0.07274	0.00598	0.20301	0.06177	0.27380	0.01947	0.01229	0.07985	0.00489	0.00418	0.00115	0.06297	0.00367	0.00344	0.04958
30	0.00879	0.26043	0.37016	0.00921	0.01323	0.01015	0.10094	0.06810	0.00848	0.02727	0.00722	0.03655	0.00594	0.02712	0.00374	0.00113	0.00475	0.00308	0.00191	0.03179
31	0.00446	0.00368	0.00393	0.00407	0.00513	0.00314	0.00299	0.00540	0.00832	0.01014	0.06639	0.17498	0.66471	0.00971	0.00445	0.00130	0.00194	0.01865	0.00347	0.00313
32	0.00460	0.00327	0.00430	0.00508	0.00529	0.00307	0.00336	0.00522	0.00705	0.00942	0.03663	0.78738	0.02394	0.07527	0.00578	0.00166	0.00225	0.01009	0.00337	0.00297
33	0.02196	0.06712	0.00926	0.00728	0.00949	0.00845	0.02887	0.08202	0.44846	0.13042	0.06796	0.04102	0.02138	0.00533	0.00379	0.00122	0.00313	0.03370	0.00365	0.00548
34	0.00848	0.00809	0.01374	0.08604	0.65376	0.00818	0.03775	0.01062	0.00830	0.01163	0.00941	0.01186	0.06420	0.00469	0.03191	0.00130	0.00450	0.01815	0.00197	0.00539
35	0.00460	0.00348	0.00422	0.00463	0.00526	0.00313	0.00323	0.00548	0.00797	0.01035	0.14086	0.46998	0.28239	0.03037	0.00491	0.00143	0.00205	0.00904	0.00351	0.00310
36	0.06228	0.00648	0.00833	0.00651	0.00923	0.00592	0.00535	0.05854	0.03809	0.68923	0.03694	0.01319	0.03299	0.00476	0.00369	0.00115	0.00311	0.00383	0.00435	0.00601
37	0.00766	0.00674	0.00862	0.00630	0.00939	0.00540	0.06074	0.00947	0.01776	0.01202	0.02487	0.03160	0.00670	0.00325	0.00323	0.00068	0.02709	0.00272	0.00225	0.75351
38	0.00917	0.00477	0.00576	0.00490	0.00660	0.00433	0.00382	0.01095	0.02837	0.22743	0.14429	0.01568	0.02991	0.02859	0.02409	0.00116	0.00251	0.00405	0.32548	0.11812
39	0.00459	0.00359	0.00416	0.00455	0.00534	0.00318	0.00329	0.00547	0.00793	0.00995	0.04852	0.35771	0.43430	0.02741	0.00486	0.00143	0.00212	0.06507	0.00344	0.00310
40	0.05032	0.06778	0.00893	0.00723	0.00936	0.03534	0.00573	0.06109	0.61270	0.01503	0.03394	0.03204	0.03432	0.00509	0.00365	0.00121	0.00311	0.00414	0.00349	0.00549

[dist]
# distance from previous block
# <min> <max>
1	4

[block]
# block no. 3 follows, 74 sequences, length 27
# corresponding to MSA columns:
# 210-236
name=unknown_D
#
# <colnr> <probs for GDERKNQSTAVLIFYWHMCP>
#	G	D	E	R	K	N	Q	S	T	A	V	L	I	F	Y	W	H	M	C	P
0	0.04133	0.00865	0.08668	0.00735	0.01030	0.03896	0.00646	0.14227	0.08186	0.49189	0.03711	0.01174	0.00896	0.00454	0.00368	0.00115	0.00358	0.00361	0.00392	0.00597
1	0.05244	0.23900	0.37495	0.00878	0.01270	0.05110	0.02379	0.09236	0.04503	0.03493	0.00692	0.00774	0.00528	0.00370	0.00343	0.00107	0.02682	0.00268	0.00202	0.00524
2	0.01569	0.00681	0.00884	0.00675	0.00966	0.00612	0.00556	0.11186	0.01120	0.69101	0.01338	0.01183	0.00858	0.00444	0.00366	0.00110	0.00324	0.00357	0.00431	0.07240
3	0.00868	0.00616	0.00745	0.00567	0.00853	0.00482	0.00450	0.01020	0.00810	0.13760	0.00952	0.09447	0.00835	0.00410	0.00316	0.00076	0.00277	0.02437	0.00271	0.64807
4	0.06395	0.00353	0.00435	0.00505	0.00548	0.00338	0.00344	0.00556	0.00715	0.00999	0.02060	0.75356	0.07857	0.01093	0.00455	0.00147	0.00218	0.00980	0.00337	0.00309
5	0.00482	0.00384	0.00437	0.00454	0.00540	0.01624	0.00329	0.00591	0.00865	0.01117	0.24764	0.27166	0.36862	0.00948	0.00448	0.00131	0.00202	0.01974	0.00359	0.00322
6	0.00741	0.00700	0.01185	0.70794	0.17515	0.00835	0.01051	0.00983	0.00761	0.00997	0.00667	0.00977	0.00512	0.00364	0.00370	0.00121	0.00485	0.00330	0.00168	0.00444
7	0.01391	0.00967	0.01061	0.00810	0.01109	0.01036	0.00668	0.68335	0.01598	0.11259	0.00936	0.00923	0.00657	0.00434	0.00364	0.00108	0.00388	0.00330	0.00370	0.07258
8	0.02992	0.00757	0.00895	0.00714	0.00975	0.00772	0.00581	0.23672	0.16834	0.39952	0.06836	0.01275	0.01045	0.00482	0.00375	0.00116	0.00327	0.00388	0.00413	0.00600
9	0.00450	0.00373	0.00394	0.00396	0.00510	0.00317	0.00294	0.00553	0.00863	0.01060	0.13685	0.08556	0.69406	0.00931	0.00441	0.00126	0.00188	0.00786	0.00353	0.00317
10	0.89577	0.00718	0.00546	0.00488	0.00718	0.00833	0.00402	0.01091	0.00632	0.01665	0.00517	0.00603	0.00402	0.00345	0.00230	0.00115	0.00287	0.00201	0.00230	0.00402
11	0.00938	0.00476	0.00550	0.00483	0.00638	0.00458	0.00377	0.03040	0.07352	0.22921	0.07720	0.01673	0.09148	0.02051	0.00360	0.00108	0.00230	0.00428	0.40609	0.00440
12	0.00456	0.00328	0.00433	0.00515	0.00542	0.00305	0.00347	0.00525	0.00724	0.00962	0.03491	0.80997	0.05169	0.01146	0.00473	0.00150	0.00216	0.02573	0.00346	0.00303
13	0.00772	0.01838	0.78526	0.01066	0.01596	0.00860	0.04724	0.01202	0.02136	0.02900	0.00700	0.00812	0.00494	0.00356	0.00357	0.00118	0.00543	0.00285	0.00168	0.00549
14	0.08011	0.00950	0.00949	0.00781	0.01027	0.08155	0.00631	0.38797	0.19977	0.08655	0.01123	0.01147	0.03245	0.00480	0.00384	0.00117	0.02377	0.02283	0.00347	0.00565
15	0.00462	0.00340	0.00469	0.00537	0.00569	0.00316	0.02243	0.00533	0.00719	0.00955	0.02069	0.82196	0.04930	0.01137	0.00472	0.00149	0.00224	0.01033	0.00341	0.00306
16	0.00452	0.00325	0.00429	0.00512	0.00537	0.00302	0.00342	0.00517	0.00716	0.00950	0.02110	0.83587	0.05540	0.01155	0.00472	0.00150	0.00214	0.01045	0.00345	0.00302
17	0.00486	0.00380	0.00483	0.00559	0.05101	0.00345	0.00369	0.00588	0.00820	0.01073	0.16812	0.41166	0.28505	0.00977	0.00451	0.00135	0.00212	0.00863	0.00347	0.00329
18	0.01552	0.00707	0.00872	0.00681	0.00951	0.04326	0.00557	0.10060	0.01131	0.67307	0.06802	0.01298	0.01039	0.00474	0.00376	0.00114	0.00332	0.00383	0.00435	0.00604
19	0.00845	0.00978	0.04067	0.01482	0.01838	0.00894	0.75788	0.01144	0.00863	0.01173	0.00835	0.06712	0.00687	0.00371	0.00438	0.00127	0.00597	0.00475	0.00197	0.00488
20	0.01013	0.73271	0.04574	0.00691	0.00993	0.09060	0.00674	0.01139	0.00775	0.00887	0.00525	0.00617	0.00477	0.00337	0.00289	0.00085	0.03750	0.00210	0.00162	0.00472
21	0.02658	0.00713	0.00852	0.04264	0.00970	0.05351	0.01797	0.12331	0.07808	0.26076	0.01298	0.13488	0.02974	0.00792	0.08015	0.00168	0.07948	0.01664	0.00336	0.00496
22	0.02831	0.01068	0.01611	0.01313	0.09361	0.14718	0.40318	0.10537	0.02089	0.09946	0.00811	0.00948	0.00600	0.00359	0.00393	0.00115	0.00543	0.00369	0.00240	0.01830
23	0.07183	0.00814	0.01055	0.04420	0.01156	0.00842	0.09913	0.28058	0.09259	0.27067	0.01164	0.02485	0.02694	0.00453	0.00372	0.00117	0.00378	0.00379	0.01621	0.00571
24	0.00645	0.00322	0.00484	0.00484	0.00484	0.00322	0.00322	0.00484	0.00484	0.00645	0.00645	0.01128	0.00645	0.01289	0.01451	0.89201	0.00322	0.00322	0.00161	0.00161
25	0.03274	0.01120	0.02498	0.00908	0.05709	0.33149	0.06357	0.11505	0.04437	0.03243	0.12177	0.08286	0.04700	0.00527	0.00378	0.00112	0.00461	0.00429	0.00276	0.00455
26	0.01325	0.01402	0.01104	0.00938	0.01164	0.50201	0.06198	0.14397	0.08938	0.07991	0.00794	0.00844	0.00605	0.00410	0.00371	0.00106	0.02160	0.00297	0.00258	0.00497

[dist]
# distance from previous block
# <min> <max>
1	6

[block]
# block no. 4 follows, 74 sequences, length 39
# corresponding to MSA columns:
# 243-281
name=unknown_E
#
# <colnr> <probs for GDERKNQSTAVLIFYWHMCP>
#	G	D	E	R	K	N	Q	S	T	A	V	L	I	F	Y	W	H	M	C	P
0	0.04223	0.05843	0.01057	0.00812	0.01073	0.13993	0.00658	0.41110	0.19177	0.06844	0.00977	0.00960	0.00717	0.00439	0.00355	0.00111	0.00414	0.00328	0.00334	0.00575
1	0.00832	0.00645	0.00765	0.00555	0.00871	0.00493	0.00444	0.00995	0.00806	0.08016	0.04424	0.00898	0.00710	0.00311	0.00290	0.00063	0.00274	0.00252	0.00248	0.78108
2	0.00837	0.00799	0.02447	0.25346	0.34513	0.04229	0.02358	0.05950	0.03601	0.01190	0.04389	0.06647	0.02468	0.00462	0.00385	0.00120	0.00430	0.03115	0.00224	0.00491
3	0.00746	0.00785	0.05789	0.71040	0.08161	0.03644	0.01038	0.01012	0.02350	0.00990	0.00676	0.00970	0.00512	0.00370	0.00369	0.00122	0.00496	0.00326	0.00171	0.00436
4	0.56588	0.00726	0.00689	0.00572	0.00824	0.00785	0.00472	0.09489	0.00861	0.24649	0.00815	0.00814	0.00567	0.00386	0.00283	0.00115	0.00307	0.00262	0.00307	0.00488
5	0.00497	0.00361	0.00462	0.00524	0.00560	0.00350	0.00358	0.00621	0.05339	0.00998	0.06692	0.65738	0.02326	0.09076	0.00600	0.00168	0.00236	0.04441	0.00339	0.00315
6	0.04701	0.02783	0.00990	0.00877	0.05626	0.16776	0.10637	0.11865	0.02752	0.04158	0.10425	0.11309	0.07911	0.00625	0.01293	0.00125	0.00412	0.06000	0.00292	0.00444
7	0.61015	0.00700	0.00655	0.03386	0.00847	0.00770	0.00467	0.01304	0.05360	0.21226	0.00800	0.00815	0.00567	0.00381	0.00276	0.00116	0.00301	0.00258	0.00290	0.00467
8	0.00456	0.00333	0.00431	0.00508	0.00543	0.00307	0.00347	0.00528	0.00731	0.00959	0.02228	0.74714	0.11320	0.01134	0.00471	0.00149	0.00217	0.03976	0.00344	0.00304
9	0.00464	0.00333	0.00443	0.00524	0.00554	0.00312	0.00361	0.00539	0.00733	0.00974	0.04221	0.76810	0.04493	0.01137	0.00475	0.00151	0.00222	0.06605	0.00346	0.00306
10	0.00874	0.05842	0.63197	0.01000	0.01463	0.04628	0.02178	0.03330	0.00828	0.07247	0.00709	0.00811	0.00510	0.00379	0.00399	0.00117	0.05480	0.00283	0.00187	0.00539
11	0.00476	0.00345	0.00453	0.00528	0.00560	0.00332	0.00360	0.00577	0.03501	0.00966	0.01997	0.76665	0.03259	0.02661	0.03184	0.00168	0.00248	0.03070	0.00339	0.00312
12	0.07549	0.00917	0.00991	0.00774	0.01051	0.00996	0.00636	0.58422	0.05640	0.13793	0.00991	0.00970	0.00695	0.00443	0.00357	0.00112	0.00371	0.00335	0.04359	0.00600
13	0.00490	0.00349	0.00448	0.00506	0.00537	0.00333	0.00344	0.00573	0.01850	0.00968	0.08073	0.56886	0.03352	0.16673	0.00729	0.00187	0.00248	0.06825	0.00328	0.00298
14	0.01015	0.82244	0.01893	0.00654	0.00964	0.06322	0.00640	0.01133	0.00771	0.00875	0.00519	0.00600	0.00476	0.00321	0.00244	0.00080	0.00413	0.00201	0.00161	0.00474
15	0.02860	0.09366	0.03740	0.00643	0.00936	0.00734	0.00550	0.11041	0.00889	0.05697	0.01754	0.01800	0.02269	0.00370	0.00367	0.00082	0.06685	0.00274	0.00245	0.49698
16	0.00701	0.00660	0.01113	0.86063	0.02556	0.00825	0.01031	0.00948	0.00742	0.00948	0.00660	0.00990	0.00495	0.00371	0.00371	0.00124	0.00495	0.00330	0.00165	0.00412
17	0.00815	0.00673	0.00784	0.00563	0.00891	0.00520	0.00452	0.03915	0.00812	0.03323	0.00688	0.00786	0.00562	0.00286	0.00281	0.00058	0.00281	0.00228	0.00231	0.83851
18	0.00919	0.00882	0.01507	0.02278	0.84640	0.00882	0.01139	0.01139	0.00845	0.01213	0.00698	0.00919	0.00588	0.00331	0.00367	0.00110	0.00441	0.00331	0.00184	0.00588
19	0.00510	0.00379	0.00474	0.00450	0.00545	0.00344	0.00338	0.00670	0.01014	0.01400	0.69814	0.02918	0.18187	0.00792	0.00438	0.00118	0.00177	0.00692	0.00397	0.00344
20	0.00701	0.00660	0.01113	0.86063	0.02556	0.00825	0.01031	0.00948	0.00742	0.00948	0.00660	0.00990	0.00495	0.00371	0.00371	0.00124	0.00495	0.00330	0.00165	0.00412
21	0.00864	0.00828	0.01398	0.20984	0.61601	0.00883	0.01097	0.01083	0.00807	0.01136	0.00678	0.00929	0.00561	0.00357	0.00415	0.00116	0.05215	0.00330	0.00178	0.00539
22	0.00701	0.00660	0.01113	0.86063	0.02556	0.00825	0.01031	0.00948	0.00742	0.00948	0.00660	0.00990	0.00495	0.00371	0.00371	0.00124	0.00495	0.00330	0.00165	0.00412
23	0.01644	0.00666	0.00883	0.00677	0.00965	0.00597	0.00559	0.08741	0.01120	0.77883	0.01416	0.01232	0.00894	0.00458	0.00373	0.00115	0.00324	0.00370	0.00452	0.00632
24	0.00782	0.00786	0.01546	0.01174	0.01424	0.00760	0.49841	0.04618	0.00863	0.02186	0.03453	0.23735	0.01155	0.00574	0.00475	0.00132	0.04160	0.00597	0.01294	0.00445
25	0.00837	0.33576	0.54183	0.00901	0.01364	0.01087	0.01098	0.01152	0.00773	0.01063	0.00610	0.00714	0.00472	0.00340	0.00310	0.00103	0.00492	0.00246	0.00157	0.00522
26	0.04451	0.00671	0.00874	0.00672	0.00958	0.00609	0.00555	0.09063	0.01110	0.74874	0.01383	0.01209	0.00877	0.00455	0.00369	0.00115	0.00323	0.00364	0.00444	0.00624
27	0.00487	0.00370	0.00448	0.00445	0.00535	0.00331	0.00328	0.00620	0.00935	0.01254	0.46541	0.15321	0.29282	0.00876	0.00443	0.00124	0.00185	0.00763	0.00379	0.00331
28	0.05054	0.00934	0.06369	0.02097	0.09541	0.08463	0.01581	0.12855	0.07875	0.09621	0.04014	0.03717	0.00809	0.01594	0.02184	0.00138	0.21064	0.00364	0.01228	0.00497
29	0.03783	0.01114	0.03352	0.05205	0.33126	0.23744	0.02172	0.06723	0.08596	0.05519	0.01817	0.00950	0.01480	0.00388	0.00358	0.00109	0.00478	0.00321	0.00234	0.00529
30	0.00454	0.00375	0.00399	0.00397	0.00512	0.00319	0.00296	0.00562	0.00878	0.01087	0.17975	0.06192	0.67439	0.00915	0.00440	0.00125	0.00187	0.00773	0.00356	0.00319
31	0.00463	0.00331	0.00442	0.00526	0.00553	0.00310	0.00360	0.00537	0.00728	0.00971	0.04136	0.79660	0.02463	0.01144	0.00475	0.00151	0.00222	0.05879	0.00346	0.00305
32	0.01176	0.00970	0.08091	0.01001	0.10805	0.02064	0.04047	0.41107	0.04511	0.10492	0.01836	0.06987	0.01984	0.00491	0.00382	0.00117	0.00400	0.01757	0.01210	0.00572
33	0.01206	0.01390	0.01025	0.02367	0.02512	0.52818	0.00708	0.07890	0.08697	0.01112	0.04464	0.01780	0.00711	0.00456	0.00459	0.00110	0.11304	0.00305	0.00230	0.00455
34	0.00770	0.00624	0.00753	0.05480	0.00937	0.00496	0.00464	0.00936	0.00804	0.04898	0.06396	0.01096	0.05536	0.00358	0.00305	0.00070	0.00278	0.00295	0.00247	0.69258
35	0.00797	0.00649	0.00774	0.00569	0.00868	0.00517	0.00456	0.00958	0.00790	0.04908	0.05528	0.00909	0.00734	0.00328	0.00330	0.00066	0.04068	0.00257	0.00239	0.76255
36	0.01094	0.00669	0.00821	0.00627	0.00910	0.01785	0.01890	0.06001	0.03183	0.29200	0.05263	0.04925	0.00927	0.00419	0.00337	0.00089	0.00301	0.00347	0.00327	0.40883
37	0.26189	0.00837	0.00895	0.00755	0.04655	0.00889	0.00588	0.34476	0.02742	0.16177	0.00869	0.00875	0.00617	0.00402	0.00324	0.00109	0.00347	0.00296	0.00326	0.07631
38	0.00884	0.00722	0.00798	0.00637	0.02462	0.05530	0.00494	0.04712	0.06015	0.07233	0.05680	0.03229	0.00866	0.00384	0.00317	0.00078	0.00305	0.02101	0.00268	0.57283

[dist]
# distance from previous block
# <min> <max>
0	12

[block]
# block no. 5 follows, 74 sequences, length 23
# corresponding to MSA columns:
# 294-316
name=unknown_F
#
# <colnr> <probs for GDERKNQSTAVLIFYWHMCP>
#	G	D	E	R	K	N	Q	S	T	A	V	L	I	F	Y	W	H	M	C	P
0	0.01064	0.00674	0.00838	0.02187	0.05793	0.02447	0.00561	0.08610	0.07990	0.25693	0.08368	0.11205	0.01203	0.00538	0.00406	0.00111	0.03724	0.01277	0.00343	0.16968
1	0.09668	0.01340	0.48391	0.00847	0.01238	0.00750	0.01993	0.01160	0.07087	0.06255	0.04670	0.01311	0.09830	0.00498	0.01554	0.00127	0.00437	0.02109	0.00235	0.00500
2	0.00798	0.00790	0.01112	0.05180	0.01035	0.01097	0.00804	0.00885	0.00576	0.00891	0.00518	0.00872	0.00515	0.03380	0.01197	0.00167	0.79286	0.00332	0.00165	0.00401
3	0.00646	0.00471	0.00585	0.00503	0.00670	0.00403	0.00390	0.00805	0.00923	0.05789	0.42075	0.03623	0.10099	0.00733	0.04258	0.00124	0.00253	0.02545	0.00341	0.24762
4	0.08703	0.00617	0.00795	0.00622	0.00891	0.00550	0.00512	0.01651	0.01008	0.71188	0.01529	0.01359	0.06191	0.00480	0.00364	0.00115	0.00303	0.00385	0.02152	0.00587
5	0.01474	0.00845	0.00983	0.00762	0.01043	0.00871	0.00626	0.46939	0.01426	0.35690	0.01171	0.04609	0.00823	0.00481	0.00376	0.00114	0.00363	0.00380	0.00406	0.00618
6	0.13348	0.00755	0.00804	0.00792	0.09677	0.08322	0.00550	0.04787	0.09594	0.07468	0.07779	0.10005	0.04037	0.00504	0.00356	0.00106	0.01247	0.00412	0.00288	0.19171
7	0.06053	0.03515	0.00689	0.00689	0.05244	0.00550	0.02059	0.01921	0.11907	0.02786	0.04973	0.30257	0.04354	0.06055	0.03232	0.00165	0.00312	0.13296	0.00315	0.01626
8	0.00779	0.00431	0.00493	0.00443	0.00586	0.00392	0.00343	0.02681	0.00911	0.16002	0.14884	0.02204	0.26034	0.00635	0.00363	0.00108	0.00210	0.00528	0.30030	0.01944
9	0.14251	0.00674	0.00795	0.00636	0.00887	0.00660	0.00519	0.12771	0.04852	0.46298	0.09114	0.01360	0.04565	0.00491	0.00361	0.00115	0.00305	0.00390	0.00401	0.00556
10	0.00976	0.42216	0.26247	0.00849	0.02969	0.08541	0.02901	0.02349	0.00829	0.05314	0.01695	0.00808	0.00573	0.00362	0.00305	0.00098	0.00464	0.01813	0.00187	0.00503
11	0.00651	0.00424	0.00508	0.00489	0.00549	0.00428	0.00328	0.03356	0.04983	0.06837	0.06555	0.12113	0.04451	0.47142	0.09332	0.00297	0.00381	0.00579	0.00281	0.00315
12	0.06020	0.00659	0.00779	0.00632	0.00863	0.00651	0.00511	0.16894	0.07546	0.36897	0.12198	0.01537	0.07292	0.00526	0.00372	0.00115	0.00295	0.00427	0.05243	0.00541
13	0.00536	0.02410	0.00488	0.00493	0.00570	0.00370	0.00352	0.00651	0.03663	0.04427	0.05060	0.47617	0.24811	0.04240	0.00504	0.00147	0.00226	0.02759	0.00344	0.00332
14	0.01091	0.07853	0.04566	0.02397	0.27363	0.26512	0.07417	0.02458	0.05819	0.06534	0.00864	0.00969	0.03747	0.00388	0.00356	0.00107	0.00500	0.00324	0.00221	0.00514
15	0.01138	0.00992	0.12544	0.07915	0.08916	0.03551	0.09483	0.19544	0.02471	0.20292	0.00973	0.04554	0.00729	0.00467	0.01323	0.00124	0.03764	0.00374	0.00292	0.00552
16	0.00513	0.00347	0.00450	0.00500	0.00545	0.00320	0.00342	0.00588	0.00760	0.04152	0.11322	0.61670	0.08942	0.04976	0.00550	0.02218	0.00221	0.00925	0.00346	0.00314
17	0.03155	0.00701	0.00957	0.05474	0.11350	0.02605	0.07892	0.10441	0.06537	0.17074	0.13401	0.01744	0.15961	0.00551	0.00395	0.00118	0.00342	0.00478	0.00331	0.00493
18	0.04144	0.04170	0.16200	0.00939	0.05268	0.07204	0.04570	0.27208	0.14628	0.07175	0.00990	0.02135	0.01811	0.00438	0.00364	0.00115	0.00429	0.01357	0.00295	0.00561
19	0.03154	0.00554	0.03804	0.00612	0.00747	0.02411	0.03888	0.03529	0.05575	0.09816	0.11887	0.34748	0.10927	0.00946	0.05479	0.00159	0.00317	0.00713	0.00338	0.00395
20	0.00582	0.00417	0.00546	0.00607	0.04423	0.00398	0.00421	0.04127	0.00844	0.04262	0.12743	0.42859	0.14139	0.01040	0.03988	0.00158	0.00271	0.07478	0.00345	0.00353
21	0.01047	0.12097	0.19961	0.04060	0.08541	0.16571	0.12087	0.14322	0.01001	0.03089	0.00723	0.02499	0.00571	0.00384	0.00364	0.00109	0.01526	0.00315	0.00215	0.00518
22	0.03179	0.07899	0.37408	0.02001	0.05536	0.12350	0.04403	0.06436	0.06034	0.03034	0.00838	0.07713	0.00700	0.00434	0.00356	0.00114	0.00488	0.00350	0.00215	0.00511

[dist]
# distance from previous block
# <min> <max>
2	19

[block]
# block no. 6 follows, 74 sequences, length 19
# corresponding to MSA columns:
# 336-354
name=unknown_G
#
# <colnr> <probs for GDERKNQSTAVLIFYWHMCP>
#	G	D	E	R	K	N	Q	S	T	A	V	L	I	F	Y	W	H	M	C	P
0	0.02422	0.20383	0.09907	0.03938	0.32776	0.09709	0.00918	0.07979	0.02928	0.04661	0.00705	0.00828	0.00564	0.00356	0.00332	0.00104	0.00453	0.00288	0.00208	0.00540
1	0.00927	0.18122	0.46150	0.00931	0.03188	0.04421	0.01036	0.04573	0.06279	0.07511	0.00794	0.00917	0.00603	0.00386	0.00338	0.00111	0.00476	0.02489	0.00210	0.00537
2	0.00699	0.00595	0.02524	0.02985	0.01639	0.04213	0.00479	0.06614	0.10797	0.03710	0.07693	0.29937	0.16248	0.02853	0.01566	0.00141	0.03505	0.00683	0.00326	0.02794
3	0.01230	0.07430	0.04552	0.00871	0.01096	0.43422	0.02077	0.10445	0.08578	0.07017	0.03268	0.00940	0.02622	0.00435	0.00387	0.00106	0.04480	0.00306	0.00251	0.00484
4	0.03931	0.00948	0.00967	0.05516	0.01122	0.12880	0.00643	0.27800	0.10315	0.25683	0.01043	0.01011	0.00729	0.00430	0.00358	0.00109	0.00400	0.00331	0.00348	0.05436
5	0.04719	0.03799	0.04253	0.09712	0.38194	0.00833	0.10409	0.04632	0.01960	0.06991	0.00944	0.03517	0.02880	0.00427	0.00379	0.00118	0.00433	0.05045	0.00230	0.00524
6	0.00630	0.00506	0.00687	0.00602	0.00746	0.00476	0.09477	0.07132	0.02774	0.03494	0.13313	0.15014	0.35105	0.05739	0.00520	0.00141	0.00275	0.02662	0.00335	0.00372
7	0.00465	0.00390	0.00408	0.00413	0.00536	0.00337	0.00318	0.00588	0.02656	0.01034	0.05251	0.03562	0.73756	0.00934	0.00444	0.00129	0.00204	0.07906	0.00346	0.00323
8	0.00813	0.00820	0.01216	0.10346	0.05226	0.02996	0.08381	0.00937	0.00639	0.00935	0.00571	0.00917	0.00535	0.04135	0.01021	0.00159	0.59425	0.00343	0.00169	0.00417
9	0.00906	0.00673	0.00645	0.00589	0.00740	0.12475	0.00447	0.07907	0.04443	0.14584	0.06986	0.18106	0.18862	0.00700	0.00392	0.00118	0.00302	0.00585	0.10115	0.00422
10	0.00510	0.00378	0.00440	0.00506	0.00546	0.03230	0.00345	0.00589	0.00737	0.00997	0.01990	0.70176	0.06370	0.01045	0.00444	0.00141	0.00225	0.00935	0.10087	0.00311
11	0.00879	0.00860	0.01643	0.18868	0.29527	0.00867	0.33410	0.01136	0.00839	0.04728	0.00752	0.00995	0.00583	0.00406	0.02759	0.00133	0.00535	0.00376	0.00194	0.00513
12	0.00457	0.00325	0.00429	0.00511	0.00532	0.00304	0.00339	0.00518	0.00702	0.00936	0.02002	0.82451	0.02399	0.05501	0.00545	0.00161	0.00223	0.01029	0.00339	0.00298
13	0.00545	0.00403	0.00448	0.00434	0.00547	0.00362	0.00320	0.00685	0.04213	0.05186	0.17086	0.06630	0.50445	0.08790	0.02126	0.00155	0.00228	0.00711	0.00349	0.00338
14	0.02596	0.01075	0.08791	0.06906	0.14952	0.09767	0.00828	0.28961	0.14068	0.06977	0.00917	0.00965	0.00677	0.00415	0.00364	0.00113	0.00434	0.00332	0.00292	0.00570
15	0.01184	0.00780	0.00939	0.02167	0.06220	0.03254	0.03113	0.21113	0.16235	0.24839	0.04372	0.01507	0.09495	0.00522	0.00386	0.00118	0.00347	0.02480	0.00369	0.00558
16	0.00461	0.00377	0.00407	0.00399	0.00515	0.00323	0.00299	0.00575	0.00898	0.01126	0.24298	0.03369	0.63874	0.00894	0.00438	0.00123	0.00185	0.00755	0.00361	0.00323
17	0.00742	0.00546	0.00615	0.00570	0.00717	0.00564	0.00435	0.03387	0.28714	0.07080	0.19693	0.12042	0.18179	0.00713	0.00408	0.00124	0.00238	0.00611	0.04179	0.00443
18	0.04990	0.00910	0.00978	0.04350	0.04290	0.05371	0.00657	0.46927	0.07926	0.06098	0.06538	0.02317	0.03048	0.01567	0.01471	0.00123	0.00391	0.01151	0.00342	0.00554

[dist]
# distance from previous block
# <min> <max>
0	1

[block]
# block no. 7 follows, 74 sequences, length 22
# corresponding to MSA columns:
# 356-377
name=unknown_H
#
# <colnr> <probs for GDERKNQSTAVLIFYWHMCP>
#	G	D	E	R	K	N	Q	S	T	A	V	L	I	F	Y	W	H	M	C	P
0	0.01232	0.05633	0.00937	0.00720	0.00970	0.00839	0.00584	0.14397	0.35483	0.29325	0.04888	0.01283	0.01049	0.00480	0.00370	0.00117	0.00320	0.00389	0.00393	0.00593
1	0.19480	0.01392	0.00965	0.00970	0.08994	0.55162	0.00686	0.01329	0.00934	0.01105	0.00652	0.00878	0.00566	0.00406	0.00326	0.00105	0.00550	0.04858	0.00207	0.00435
2	0.07479	0.00905	0.02965	0.01088	0.01400	0.00882	0.36106	0.20398	0.03540	0.15075	0.00974	0.03614	0.00738	0.00420	0.00397	0.00121	0.00470	0.02597	0.00291	0.00538
3	0.00635	0.00329	0.00493	0.00493	0.00499	0.00335	0.00335	0.00499	0.00493	0.00664	0.00675	0.01157	0.00670	0.01421	0.08820	0.81430	0.00381	0.00329	0.00164	0.00176
4	0.00796	0.00676	0.00784	0.00562	0.00891	0.00522	0.00451	0.04363	0.00810	0.01256	0.00669	0.00775	0.00553	0.00282	0.00279	0.00057	0.00280	0.00225	0.00226	0.85541
5	0.01060	0.00710	0.00828	0.00702	0.00908	0.03670	0.02866	0.15223	0.19315	0.20100	0.13355	0.06671	0.03121	0.02313	0.00428	0.00126	0.00321	0.05676	0.00376	0.02231
6	0.03380	0.09448	0.01170	0.02031	0.13203	0.03285	0.03620	0.29536	0.08423	0.14523	0.03888	0.02400	0.00820	0.01351	0.00375	0.00113	0.00388	0.00356	0.00318	0.01373
7	0.00873	0.00908	0.04011	0.10848	0.31651	0.02496	0.25837	0.05054	0.00859	0.01184	0.00766	0.04444	0.00646	0.00460	0.02853	0.00135	0.05879	0.00391	0.00197	0.00510
8	0.00537	0.00414	0.00462	0.00460	0.00565	0.00386	0.00337	0.00721	0.08552	0.02875	0.13642	0.14405	0.43050	0.08919	0.00574	0.00151	0.00223	0.03041	0.00347	0.00341
9	0.00835	0.17606	0.55678	0.00963	0.01420	0.00981	0.04545	0.06172	0.03434	0.01197	0.00725	0.02484	0.00565	0.00379	0.00341	0.00112	0.00498	0.01348	0.00184	0.00532
10	0.02487	0.02731	0.05068	0.04049	0.07818	0.07857	0.08015	0.04755	0.03082	0.05470	0.09731	0.04080	0.00957	0.00411	0.00352	0.00095	0.01119	0.00353	0.00252	0.31317
11	0.00454	0.00327	0.00431	0.00511	0.00538	0.00304	0.00343	0.00524	0.00727	0.00968	0.04995	0.81311	0.04909	0.01142	0.00471	0.00149	0.00213	0.01034	0.00347	0.00304
12	0.00657	0.00351	0.00357	0.00357	0.00448	0.00346	0.00268	0.00819	0.00781	0.01323	0.01511	0.01649	0.10994	0.00563	0.02798	0.00106	0.00199	0.00400	0.75733	0.00342
13	0.03883	0.62008	0.10532	0.00736	0.01061	0.09974	0.02934	0.01181	0.03006	0.00961	0.00571	0.00655	0.00493	0.00334	0.00269	0.00089	0.00441	0.00223	0.00171	0.00480
14	0.00593	0.00422	0.00518	0.00529	0.00619	0.00409	0.00390	0.03986	0.06515	0.04400	0.16949	0.37580	0.15785	0.00983	0.02851	0.00149	0.00249	0.05309	0.01402	0.00361
15	0.00452	0.00323	0.00431	0.00517	0.00538	0.00301	0.00345	0.00517	0.00711	0.00948	0.02046	0.86713	0.02455	0.01163	0.00474	0.00151	0.00215	0.01055	0.00345	0.00301
16	0.00457	0.00325	0.00429	0.00511	0.00531	0.00305	0.00338	0.00518	0.00701	0.00935	0.01996	0.81961	0.02393	0.06000	0.00554	0.00163	0.00223	0.01026	0.00338	0.00297
17	0.04196	0.03930	0.53585	0.02208	0.11181	0.00874	0.01142	0.09282	0.00893	0.04596	0.02360	0.02733	0.00617	0.00388	0.00354	0.00116	0.00484	0.00311	0.00205	0.00546
18	0.00524	0.00384	0.00446	0.00438	0.00545	0.00337	0.00327	0.00644	0.00905	0.04617	0.29837	0.11078	0.43763	0.02105	0.00461	0.00129	0.00198	0.02556	0.00369	0.00337
19	0.01180	0.00773	0.00852	0.00692	0.00922	0.00827	0.00558	0.39279	0.13063	0.13838	0.03938	0.02950	0.03300	0.00492	0.00359	0.00111	0.00321	0.00392	0.15601	0.00551
20	0.00869	0.00843	0.01383	0.25930	0.59230	0.03099	0.01097	0.01094	0.00822	0.01130	0.00684	0.00932	0.00559	0.00344	0.00368	0.00114	0.00462	0.00328	0.00179	0.00534
21	0.01219	0.01006	0.01017	0.00871	0.03796	0.08675	0.00675	0.42390	0.31617	0.03144	0.01091	0.01058	0.00803	0.00457	0.00370	0.00115	0.00390	0.00357	0.00353	0.00596

[dist]
# distance from previous block
# <min> <max>
0	2

[block]
# block no. 8 follows, 74 sequences, length 21
# corresponding to MSA columns:
# 380-400
name=unknown_I
#
# <colnr> <probs for GDERKNQSTAVLIFYWHMCP>
#	G	D	E	R	K	N	Q	S	T	A	V	L	I	F	Y	W	H	M	C	P
0	0.04436	0.01032	0.00996	0.00806	0.01066	0.13825	0.00648	0.44791	0.10243	0.12835	0.01001	0.03436	0.00743	0.00458	0.00363	0.00111	0.00412	0.00348	0.00348	0.02101
1	0.01057	0.57029	0.08202	0.00785	0.01095	0.20484	0.04666	0.01204	0.00830	0.00920	0.00552	0.00646	0.00480	0.00335	0.00279	0.00088	0.00482	0.00225	0.00167	0.00473
2	0.00826	0.00987	0.08057	0.01429	0.06838	0.00863	0.60672	0.01143	0.03763	0.01179	0.00962	0.06962	0.03634	0.00404	0.00428	0.00125	0.00554	0.00473	0.00208	0.00492
