[name]
unknown

[dist]
# distance from previous block
# <min> <max>
0	66

[block]
# block no. 0 follows, 65 sequences, length 17
# corresponding to MSA columns:
# 77-93
name=unknown_A
#
# <colnr> <probs for GDERKNQSTAVLIFYWHMCP>
#	G	D	E	R	K	N	Q	S	T	A	V	L	I	F	Y	W	H	M	C	P
0	0.03201	0.17600	0.04957	0.04107	0.03978	0.11783	0.05305	0.18842	0.05318	0.06016	0.02260	0.05109	0.02485	0.04197	0.00462	0.00133	0.00473	0.02932	0.00294	0.00547
1	0.01920	0.06456	0.04846	0.02746	0.07135	0.04066	0.05565	0.12098	0.06596	0.05025	0.14062	0.05725	0.04524	0.07040	0.01817	0.00154	0.03690	0.00493	0.00317	0.05726
2	0.03222	0.18202	0.14726	0.03385	0.01410	0.06942	0.14557	0.13159	0.06391	0.04422	0.06048	0.02751	0.00887	0.00453	0.00390	0.00121	0.00500	0.00383	0.00270	0.01785
3	0.00743	0.00715	0.09378	0.01938	0.00898	0.00598	0.01811	0.00983	0.05304	0.05987	0.20810	0.05821	0.18212	0.00902	0.06554	0.00170	0.07825	0.00590	0.03980	0.06783
4	0.00652	0.02421	0.16467	0.00730	0.00887	0.00610	0.00661	0.00826	0.02056	0.01062	0.03234	0.24034	0.05428	0.11462	0.16814	0.02571	0.07405	0.02011	0.00271	0.00399
5	0.02747	0.05524	0.03853	0.00822	0.05732	0.02841	0.04591	0.04706	0.16173	0.05216	0.31182	0.04056	0.07948	0.02233	0.00468	0.00134	0.00329	0.00573	0.00373	0.00500
6	0.03257	0.01188	0.17170	0.08029	0.21907	0.00981	0.21211	0.10552	0.01033	0.05414	0.00881	0.03698	0.00693	0.00425	0.00437	0.00131	0.01749	0.00408	0.00242	0.00592
7	0.00593	0.00398	0.00457	0.00460	0.00464	0.00400	0.00264	0.00601	0.00607	0.00812	0.01325	0.05901	0.01524	0.79269	0.04990	0.00398	0.00417	0.00614	0.00253	0.00256
8	0.09413	0.00785	0.00967	0.00751	0.01063	0.00752	0.00619	0.14939	0.03394	0.60787	0.01425	0.01269	0.00920	0.00496	0.00399	0.00127	0.00363	0.00390	0.00467	0.00675
9	0.01181	0.09764	0.06159	0.05409	0.17250	0.24632	0.08618	0.06192	0.03698	0.05114	0.00923	0.04646	0.02311	0.00462	0.00411	0.00121	0.01935	0.00380	0.00245	0.00549
10	0.00991	0.00650	0.04781	0.02845	0.00935	0.00557	0.04045	0.03297	0.04428	0.23675	0.31080	0.05287	0.11632	0.00703	0.00449	0.00131	0.00302	0.00609	0.03101	0.00503
11	0.00506	0.00365	0.00479	0.00560	0.00595	0.00338	0.00378	0.00588	0.00822	0.01097	0.08570	0.75019	0.06684	0.01240	0.00519	0.00162	0.00233	0.01120	0.00387	0.00338
12	0.00946	0.05409	0.24693	0.03779	0.31126	0.02915	0.11498	0.01322	0.06986	0.01307	0.00878	0.02886	0.00719	0.00426	0.00425	0.00129	0.01841	0.01902	0.00216	0.00595
13	0.04668	0.30003	0.15555	0.06329	0.06688	0.07588	0.02231	0.05706	0.00927	0.05013	0.00800	0.01951	0.02403	0.00444	0.00436	0.00118	0.08063	0.00316	0.00220	0.00541
14	0.00596	0.00436	0.00588	0.00568	0.00613	0.00448	0.03646	0.00661	0.00660	0.00896	0.01430	0.09568	0.04960	0.48390	0.24360	0.00428	0.00581	0.00610	0.00256	0.00305
15	0.02763	0.00836	0.02456	0.17767	0.19734	0.00840	0.24968	0.01097	0.00903	0.01252	0.06000	0.06495	0.02556	0.00687	0.06230	0.00174	0.00557	0.03939	0.00239	0.00506
16	0.00798	0.03333	0.02350	0.04859	0.00911	0.02845	0.02333	0.06317	0.04721	0.06522	0.14180	0.16897	0.16737	0.06154	0.02239	0.00165	0.02527	0.03442	0.00355	0.02316

[dist]
# distance from previous block
# <min> <max>
0	33

[block]
# block no. 1 follows, 65 sequences, length 23
# corresponding to MSA columns:
# 127-149
name=unknown_B
#
# <colnr> <probs for GDERKNQSTAVLIFYWHMCP>
#	G	D	E	R	K	N	Q	S	T	A	V	L	I	F	Y	W	H	M	C	P
0	0.01149	0.57132	0.05128	0.00801	0.01135	0.11435	0.02560	0.08374	0.00974	0.01151	0.00688	0.03472	0.00618	0.00403	0.00309	0.00098	0.00478	0.00279	0.00210	0.03606
1	0.00778	0.03222	0.00751	0.00575	0.00829	0.00509	0.00448	0.00929	0.00889	0.05137	0.08016	0.14100	0.12508	0.01760	0.00404	0.00101	0.00280	0.00518	0.00310	0.47934
2	0.00632	0.00531	0.03375	0.06961	0.00724	0.03160	0.00395	0.00687	0.00682	0.00884	0.01495	0.10138	0.07050	0.59785	0.01592	0.00320	0.00400	0.00629	0.00261	0.00299
3	0.04367	0.32877	0.22883	0.00986	0.04131	0.04813	0.05970	0.10370	0.03650	0.03302	0.01617	0.00905	0.01653	0.00406	0.00349	0.00113	0.00499	0.00308	0.00230	0.00572
4	0.00527	0.00406	0.00467	0.00482	0.00580	0.00361	0.00352	0.00644	0.00939	0.01214	0.21083	0.19671	0.40907	0.05244	0.00572	0.00156	0.00226	0.03778	0.02043	0.00350
5	0.00679	0.00464	0.00554	0.00522	0.00655	0.00423	0.00394	0.00882	0.05475	0.08803	0.37306	0.09243	0.31258	0.00898	0.00477	0.00136	0.00223	0.00773	0.00425	0.00411
6	0.02506	0.03479	0.04629	0.14316	0.18973	0.02014	0.24031	0.06938	0.01007	0.09336	0.02884	0.04503	0.00810	0.00447	0.00449	0.00132	0.02288	0.00435	0.00257	0.00567
7	0.07768	0.18977	0.26692	0.03583	0.05793	0.07670	0.10681	0.06235	0.03495	0.03294	0.00757	0.00883	0.00582	0.00396	0.00379	0.00120	0.01594	0.00316	0.00219	0.00566
8	0.00614	0.00415	0.00477	0.00474	0.00486	0.00421	0.00279	0.02389	0.00637	0.00853	0.01312	0.05629	0.01495	0.76232	0.06330	0.00397	0.00430	0.00605	0.00256	0.00268
9	0.07901	0.00841	0.01273	0.38238	0.28748	0.02458	0.01049	0.03015	0.04618	0.02665	0.00897	0.01206	0.02148	0.00436	0.00402	0.00132	0.00486	0.02727	0.00226	0.00533
10	0.03386	0.06796	0.03039	0.08031	0.06769	0.03757	0.02705	0.36648	0.01391	0.11577	0.04386	0.01312	0.03020	0.00553	0.01780	0.00134	0.00456	0.03305	0.00349	0.00605
11	0.00547	0.00426	0.00470	0.00466	0.00590	0.00374	0.00346	0.00678	0.02118	0.03132	0.16212	0.09847	0.56987	0.02590	0.03225	0.00161	0.00245	0.00835	0.00388	0.00364
12	0.01507	0.00765	0.00925	0.00738	0.01014	0.00753	0.00600	0.18145	0.10647	0.44611	0.04520	0.01469	0.03235	0.00534	0.00406	0.00125	0.00343	0.00431	0.08589	0.00643
13	0.25263	0.00827	0.00895	0.03194	0.01049	0.03659	0.00602	0.15529	0.01145	0.35487	0.04107	0.01165	0.00879	0.00581	0.03732	0.00147	0.00402	0.00360	0.00388	0.00590
14	0.02211	0.07025	0.20911	0.02682	0.20200	0.02504	0.12490	0.11371	0.06404	0.04331	0.02872	0.03466	0.00795	0.00441	0.00408	0.00127	0.00510	0.00395	0.00257	0.00601
15	0.03222	0.03219	0.11302	0.11494	0.23863	0.03657	0.06386	0.02739	0.06196	0.10106	0.01095	0.05454	0.02796	0.01747	0.01712	0.00142	0.01495	0.01474	0.01335	0.00564
16	0.01585	0.00652	0.00867	0.00695	0.00967	0.00572	0.00562	0.03828	0.01134	0.65958	0.01866	0.10748	0.07400	0.00633	0.00430	0.00132	0.00329	0.00528	0.00482	0.00632
17	0.00628	0.00477	0.03389	0.01814	0.00724	0.00418	0.00469	0.02055	0.00862	0.05688	0.05804	0.52159	0.09598	0.03121	0.04494	0.00188	0.00315	0.07049	0.00371	0.00377
18	0.01165	0.06640	0.14314	0.04169	0.12721	0.04247	0.16644	0.18774	0.03451	0.08571	0.02381	0.02456	0.00757	0.00441	0.00424	0.00127	0.01437	0.00393	0.00281	0.00606
19	0.02715	0.00655	0.02826	0.02855	0.00890	0.00650	0.00545	0.12443	0.12923	0.08005	0.14604	0.23591	0.05344	0.02670	0.02224	0.00157	0.00323	0.02582	0.03515	0.00483
20	0.12841	0.04134	0.04705	0.01744	0.06365	0.02672	0.00602	0.05119	0.02453	0.15487	0.08866	0.13196	0.06183	0.04025	0.09616	0.00199	0.00432	0.00537	0.00336	0.00488
21	0.02869	0.18206	0.19538	0.05876	0.04652	0.05256	0.09248	0.13680	0.03446	0.04929	0.00874	0.04531	0.00705	0.00440	0.00380	0.00119	0.00503	0.00362	0.00252	0.04134
22	0.03058	0.07291	0.14213	0.03066	0.15293	0.06209	0.07636	0.12700	0.06599	0.04489	0.05223	0.06868	0.02515	0.00551	0.01539	0.00135	0.00482	0.01282	0.00283	0.00568

[dist]
# distance from previous block
# <min> <max>
0	22

[block]
# block no. 2 follows, 65 sequences, length 28
# corresponding to MSA columns:
# 172-199
name=unknown_C
#
# <colnr> <probs for GDERKNQSTAVLIFYWHMCP>
#	G	D	E	R	K	N	Q	S	T	A	V	L	I	F	Y	W	H	M	C	P
0	0.03280	0.04454	0.08238	0.08492	0.09692	0.09451	0.09917	0.13715	0.05159	0.03393	0.05544	0.02065	0.04527	0.00589	0.04112	0.00146	0.00513	0.00407	0.00277	0.06030
1	0.03377	0.13140	0.23651	0.02569	0.08264	0.03310	0.05330	0.09509	0.06102	0.06818	0.03622	0.02156	0.07115	0.00492	0.00418	0.00125	0.02766	0.00396	0.00270	0.00570
2	0.01014	0.07763	0.24445	0.01016	0.04348	0.04529	0.09340	0.09308	0.04271	0.09307	0.03362	0.09815	0.06691	0.00581	0.00443	0.01977	0.00471	0.00479	0.00289	0.00550
3	0.04610	0.00592	0.00595	0.00555	0.00641	0.05624	0.00380	0.08536	0.00854	0.02327	0.06284	0.04686	0.09996	0.45537	0.05591	0.00297	0.00417	0.00577	0.01555	0.00350
4	0.02558	0.06397	0.31803	0.01096	0.05882	0.13633	0.03445	0.15611	0.05266	0.02709	0.05100	0.01859	0.00804	0.00450	0.00392	0.00122	0.00534	0.00352	0.00260	0.01728
5	0.01363	0.23259	0.01393	0.03192	0.01221	0.50215	0.00755	0.08033	0.01108	0.01117	0.00678	0.00833	0.00584	0.04097	0.00422	0.00116	0.00619	0.00279	0.00219	0.00497
6	0.02977	0.00373	0.00533	0.00537	0.00548	0.00378	0.00361	0.00565	0.00563	0.00777	0.00852	0.06724	0.00886	0.05712	0.04524	0.72489	0.00377	0.00420	0.00198	0.00206
7	0.00870	0.20551	0.34427	0.00952	0.04817	0.03214	0.03193	0.03626	0.00928	0.01245	0.04821	0.03089	0.13309	0.00522	0.00383	0.00121	0.00468	0.00417	0.02519	0.00528
8	0.00517	0.00381	0.00534	0.00608	0.00644	0.00356	0.02596	0.00599	0.00795	0.01060	0.02221	0.80831	0.02648	0.01256	0.00524	0.00167	0.00254	0.03290	0.00376	0.00341
9	0.00823	0.02123	0.83447	0.01170	0.01777	0.00953	0.01517	0.01300	0.00867	0.01300	0.00737	0.00867	0.00520	0.00390	0.00390	0.00130	0.00607	0.00303	0.00173	0.00607
10	0.01385	0.00724	0.00883	0.00732	0.00980	0.00719	0.00588	0.10326	0.17761	0.40229	0.05755	0.01741	0.01287	0.05843	0.00525	0.00148	0.00345	0.05090	0.04326	0.00612
11	0.01022	0.00998	0.01572	0.17267	0.57000	0.05545	0.04554	0.04725	0.00971	0.01322	0.00768	0.01018	0.00626	0.00382	0.00409	0.00124	0.00519	0.00365	0.00209	0.00603
12	0.00545	0.00378	0.00470	0.00521	0.00537	0.00367	0.00329	0.00588	0.00700	0.00936	0.01806	0.46911	0.02131	0.37612	0.04036	0.00283	0.00336	0.00897	0.00319	0.00298
13	0.00713	0.00357	0.00535	0.00535	0.00535	0.00357	0.00357	0.00535	0.00535	0.00713	0.00713	0.01248	0.00713	0.01426	0.01604	0.88057	0.00357	0.00357	0.00178	0.00178
14	0.01093	0.09344	0.03225	0.05845	0.01244	0.09100	0.03518	0.10051	0.04535	0.06608	0.00841	0.01035	0.02328	0.00660	0.03736	0.00163	0.35551	0.00362	0.00246	0.00514
15	0.00507	0.00365	0.00482	0.00574	0.00605	0.00340	0.00391	0.00585	0.00799	0.01058	0.02332	0.78593	0.05788	0.01270	0.00524	0.00167	0.00243	0.04662	0.00381	0.00336
16	0.00619	0.00437	0.00547	0.00541	0.00633	0.00413	0.00392	0.00814	0.05412	0.04059	0.44419	0.22904	0.10200	0.06017	0.00584	0.00156	0.00230	0.00822	0.00416	0.00387
17	0.01976	0.12409	0.56308	0.03918	0.01620	0.04636	0.02222	0.02130	0.02070	0.03983	0.00747	0.00873	0.00552	0.00409	0.00420	0.00126	0.04521	0.00304	0.00194	0.00581
18	0.04189	0.03916	0.03633	0.02731	0.03501	0.05102	0.03321	0.07382	0.07971	0.03480	0.08190	0.31424	0.10564	0.00848	0.00456	0.00142	0.00341	0.02003	0.00350	0.00454
19	0.00503	0.00362	0.00477	0.00563	0.00594	0.00336	0.00378	0.00581	0.00808	0.01076	0.05718	0.78361	0.06210	0.01257	0.00521	0.00164	0.00235	0.01136	0.00384	0.00336
20	0.02630	0.00483	0.00575	0.00581	0.00666	0.02496	0.00426	0.03420	0.01867	0.01193	0.15719	0.23616	0.12701	0.09803	0.19463	0.00287	0.00463	0.02907	0.00338	0.00367
21	0.04820	0.10702	0.06562	0.05552	0.08376	0.06711	0.04200	0.30822	0.04085	0.03427	0.06184	0.01160	0.02531	0.00538	0.02439	0.00134	0.00480	0.00379	0.00310	0.00587
22	0.00677	0.04021	0.00624	0.00549	0.00614	0.00510	0.00382	0.02146	0.02382	0.03736	0.09263	0.05066	0.01574	0.43832	0.22499	0.00398	0.00550	0.00562	0.00278	0.00338
23	0.00795	0.00750	0.01267	0.77785	0.09474	0.00917	0.01150	0.01066	0.00830	0.01073	0.00733	0.01088	0.00556	0.00407	0.00410	0.00136	0.00542	0.00365	0.00184	0.00472
24	0.00794	0.00666	0.03478	0.02026	0.04381	0.03125	0.00547	0.03338	0.18491	0.03830	0.06669	0.17703	0.03398	0.16571	0.08730	0.00238	0.00419	0.02283	0.02867	0.00446
25	0.01372	0.00990	0.02753	0.03654	0.01182	0.04678	0.00723	0.40885	0.04964	0.16107	0.04600	0.03259	0.02627	0.03991	0.00547	0.00141	0.06100	0.00428	0.00385	0.00613
26	0.04776	0.25553	0.15164	0.02334	0.09198	0.03666	0.09355	0.06053	0.02595	0.01291	0.03114	0.01085	0.01975	0.05242	0.00455	0.00128	0.00477	0.00344	0.02371	0.04825
27	0.01033	0.23125	0.06500	0.02794	0.07411	0.09603	0.03317	0.05540	0.03691	0.05490	0.02660	0.07291	0.06652	0.00589	0.02458	0.00129	0.03696	0.00415	0.00262	0.07346

[dist]
# distance from previous block
# <min> <max>
0	49

[block]
# block no. 3 follows, 65 sequences, length 23
# corresponding to MSA columns:
# 249-271
name=unknown_D
#
# <colnr> <probs for GDERKNQSTAVLIFYWHMCP>
#	G	D	E	R	K	N	Q	S	T	A	V	L	I	F	Y	W	H	M	C	P
0	0.00633	0.00520	0.04548	0.01675	0.00734	0.00454	0.02889	0.00746	0.00791	0.04190	0.05253	0.21173	0.15467	0.18166	0.14923	0.02535	0.00453	0.02507	0.01983	0.00360
1	0.00587	0.01860	0.00601	0.02872	0.03668	0.00444	0.00454	0.02707	0.00843	0.01116	0.05967	0.48443	0.10833	0.07954	0.04844	0.00202	0.00323	0.05568	0.00351	0.00362
2	0.03612	0.03896	0.09805	0.12490	0.06563	0.00997	0.19566	0.17015	0.03649	0.02838	0.03030	0.04579	0.02192	0.00507	0.00472	0.00136	0.04338	0.03489	0.00273	0.00554
3	0.01156	0.08215	0.12260	0.06055	0.13645	0.07828	0.17669	0.14031	0.06973	0.06840	0.00903	0.01025	0.00677	0.00414	0.00408	0.00125	0.00539	0.00373	0.00265	0.00600
4	0.01255	0.23656	0.05983	0.01012	0.03476	0.37284	0.02062	0.05433	0.01008	0.01101	0.00642	0.00788	0.00551	0.00488	0.01879	0.00124	0.12261	0.00282	0.00206	0.00508
5	0.04561	0.03570	0.01176	0.11563	0.15326	0.05008	0.02823	0.13876	0.03200	0.01479	0.00864	0.05278	0.00733	0.00435	0.00392	0.00108	0.02134	0.00361	0.00261	0.26852
6	0.03827	0.05876	0.14264	0.05773	0.23280	0.08059	0.06559	0.11529	0.02878	0.03596	0.00920	0.07333	0.00783	0.00467	0.00400	0.00124	0.00501	0.00404	0.00253	0.03175
7	0.00581	0.00413	0.00521	0.00570	0.00632	0.00391	0.00396	0.03036	0.02769	0.02955	0.11137	0.61578	0.09897	0.02403	0.00531	0.00161	0.00244	0.01029	0.00391	0.00365
8	0.06152	0.00738	0.04947	0.12438	0.15420	0.00752	0.02796	0.04071	0.00830	0.03382	0.01047	0.07430	0.00965	0.01426	0.29277	0.00319	0.03966	0.03332	0.00242	0.00471
9	0.00840	0.01840	0.63574	0.04442	0.01846	0.00950	0.15515	0.01277	0.00892	0.01303	0.03227	0.00984	0.00640	0.00397	0.00410	0.00132	0.00607	0.00351	0.00188	0.00585
10	0.00551	0.00458	0.00508	0.00535	0.00626	0.02204	0.00387	0.00685	0.03824	0.01123	0.06177	0.36123	0.39625	0.01091	0.00522	0.00151	0.02713	0.01962	0.00376	0.00360
11	0.00761	0.00468	0.00609	0.00590	0.00654	0.00486	0.00421	0.05344	0.07125	0.02867	0.01236	0.08948	0.04507	0.07838	0.09461	0.42951	0.00416	0.02183	0.02823	0.00311
12	0.00643	0.00474	0.00558	0.00578	0.00678	0.00459	0.00419	0.04650	0.08096	0.03650	0.04320	0.42487	0.23912	0.03310	0.00538	0.00160	0.00260	0.04027	0.00387	0.00394
13	0.00520	0.00412	0.00450	0.00458	0.00577	0.00358	0.00344	0.00641	0.00953	0.01205	0.15494	0.11251	0.56925	0.01014	0.00484	0.00140	0.00215	0.04271	0.03933	0.00354
14	0.00620	0.00512	0.00581	0.00651	0.05294	0.03434	0.00466	0.00745	0.00930	0.03038	0.03138	0.15079	0.46810	0.01019	0.00496	0.00150	0.00283	0.16006	0.00367	0.00381
15	0.03878	0.06240	0.03299	0.06048	0.03776	0.11803	0.07134	0.10588	0.04249	0.05879	0.15882	0.09382	0.03288	0.00677	0.02653	0.00144	0.03753	0.00510	0.00317	0.00501
16	0.00735	0.00394	0.00563	0.00556	0.00573	0.00405	0.00378	0.00654	0.06439	0.00786	0.00782	0.01268	0.00752	0.01363	0.01519	0.81706	0.00354	0.00364	0.00196	0.00212
17	0.00498	0.00375	0.00462	0.00528	0.00585	0.00338	0.00362	0.00582	0.00837	0.01081	0.05003	0.60869	0.24579	0.01207	0.00512	0.00158	0.00229	0.01073	0.00383	0.00338
18	0.01050	0.01123	0.05525	0.02944	0.04250	0.02359	0.57385	0.10225	0.03818	0.03637	0.02911	0.01145	0.00737	0.00391	0.00463	0.00135	0.00621	0.00459	0.00249	0.00575
19	0.02007	0.25002	0.16834	0.06024	0.04488	0.01955	0.06103	0.11418	0.03862	0.06892	0.04353	0.01064	0.00798	0.00627	0.06723	0.00158	0.00528	0.00347	0.00256	0.00562
20	0.04199	0.01672	0.01128	0.01003	0.01222	0.60782	0.00767	0.08591	0.08727	0.03411	0.00781	0.00857	0.00621	0.00455	0.00417	0.00115	0.04182	0.00299	0.00256	0.00515
21	0.02916	0.00628	0.00733	0.02111	0.00843	0.00649	0.00507	0.15286	0.09346	0.10946	0.04059	0.19654	0.05435	0.18825	0.00805	0.00198	0.00345	0.05878	0.00372	0.00464
22	0.05114	0.04475	0.01223	0.03399	0.19709	0.07475	0.05667	0.06332	0.08834	0.05292	0.02374	0.03743	0.02385	0.00482	0.01524	0.00120	0.01721	0.00380	0.00275	0.19477

[dist]
# distance from previous block
# <min> <max>
5	41

[block]
# block no. 4 follows, 65 sequences, length 14
# corresponding to MSA columns:
# 314-327
name=unknown_E
#
# <colnr> <probs for GDERKNQSTAVLIFYWHMCP>
#	G	D	E	R	K	N	Q	S	T	A	V	L	I	F	Y	W	H	M	C	P
0	0.08918	0.11679	0.12933	0.01993	0.04861	0.20082	0.04294	0.14253	0.01112	0.03406	0.04936	0.06776	0.00910	0.00503	0.00383	0.00121	0.00509	0.01527	0.00270	0.00534
1	0.02429	0.05444	0.02444	0.00645	0.00780	0.04652	0.00501	0.08357	0.02492	0.01282	0.06707	0.40175	0.12509	0.00970	0.00470	0.00146	0.00310	0.06410	0.00358	0.02918
2	0.04801	0.03113	0.03774	0.02560	0.01209	0.05258	0.12482	0.10971	0.05584	0.04838	0.01055	0.05196	0.03150	0.00549	0.02603	0.02053	0.00439	0.01255	0.01505	0.27605
3	0.12261	0.02336	0.01114	0.04020	0.03831	0.04595	0.07677	0.14579	0.22790	0.09698	0.02317	0.03549	0.00921	0.00535	0.01735	0.00137	0.02104	0.00405	0.00340	0.05055
4	0.08074	0.04410	0.01119	0.00905	0.03027	0.04607	0.02830	0.35726	0.22726	0.03914	0.01173	0.05215	0.00922	0.00598	0.02775	0.00143	0.00432	0.00417	0.00368	0.00617
5	0.01014	0.00982	0.01702	0.02482	0.79170	0.00978	0.05074	0.01262	0.00936	0.01340	0.00775	0.01020	0.00649	0.00365	0.00410	0.00123	0.00497	0.00371	0.00203	0.00646
6	0.00713	0.00357	0.00535	0.00535	0.00535	0.00357	0.00357	0.00535	0.00535	0.00713	0.00713	0.01248	0.00713	0.01426	0.01604	0.88057	0.00357	0.00357	0.00178	0.00178
7	0.01072	0.00895	0.01015	0.00885	0.03200	0.08240	0.06322	0.24267	0.09119	0.04207	0.02317	0.15317	0.05033	0.08571	0.00617	0.00159	0.02688	0.02307	0.00344	0.03426
8	0.01306	0.01494	0.01217	0.03258	0.03587	0.48790	0.04255	0.05867	0.01052	0.03058	0.00704	0.00887	0.00591	0.00649	0.05928	0.00159	0.16167	0.00317	0.00223	0.00489
9	0.01149	0.00945	0.01000	0.00861	0.01116	0.01081	0.00681	0.20999	0.63246	0.01923	0.01508	0.01402	0.01122	0.00542	0.00416	0.00135	0.00355	0.00442	0.00416	0.00661
10	0.00803	0.00684	0.01082	0.24275	0.17724	0.00728	0.04982	0.02849	0.03519	0.03381	0.07252	0.13195	0.04530	0.06108	0.00558	0.00158	0.00424	0.06990	0.00283	0.00472
11	0.00701	0.02808	0.00764	0.03071	0.00871	0.02501	0.06021	0.04234	0.02238	0.03495	0.13152	0.19872	0.24684	0.00935	0.00489	0.00148	0.00316	0.12924	0.00368	0.00408
12	0.03931	0.05967	0.04362	0.02447	0.12789	0.01031	0.00813	0.33295	0.05867	0.23684	0.01112	0.01099	0.00780	0.00466	0.00397	0.00123	0.00425	0.00370	0.00377	0.00664
13	0.30017	0.00634	0.00620	0.00577	0.00747	0.03611	0.02293	0.02382	0.00884	0.04061	0.10178	0.16115	0.23585	0.00771	0.00420	0.00137	0.01594	0.00627	0.00337	0.00410

[dist]
# distance from previous block
# <min> <max>
0	36

[block]
# block no. 5 follows, 65 sequences, length 14
# corresponding to MSA columns:
# 364-377
name=unknown_F
#
# <colnr> <probs for GDERKNQSTAVLIFYWHMCP>
#	G	D	E	R	K	N	Q	S	T	A	V	L	I	F	Y	W	H	M	C	P
0	0.16859	0.04224	0.05910	0.00715	0.02806	0.03888	0.00574	0.03490	0.08832	0.06594	0.04937	0.17023	0.06103	0.04475	0.11578	0.00216	0.00448	0.00552	0.00315	0.00461
1	0.00556	0.00421	0.00542	0.00558	0.00628	0.00407	0.00408	0.00687	0.00960	0.01310	0.36419	0.33954	0.13240	0.01034	0.00544	0.00149	0.04343	0.03074	0.00401	0.00365
2	0.06513	0.12618	0.10046	0.06298	0.25758	0.01106	0.05112	0.17382	0.02967	0.02807	0.00838	0.01046	0.00673	0.00430	0.00408	0.00124	0.02513	0.02508	0.00254	0.00598
3	0.01315	0.03359	0.08848	0.01068	0.05007	0.21341	0.04377	0.35162	0.02776	0.01730	0.00862	0.00993	0.00671	0.02319	0.05593	0.00160	0.03192	0.00349	0.00294	0.00585
4	0.00751	0.00515	0.00628	0.00627	0.00728	0.01681	0.01715	0.09740	0.00968	0.04961	0.03905	0.42342	0.06117	0.03769	0.02631	0.00170	0.00311	0.07297	0.10741	0.00405
5	0.01097	0.85821	0.02151	0.00702	0.01054	0.01624	0.00702	0.01229	0.00834	0.00966	0.00571	0.00658	0.00527	0.00351	0.00263	0.00088	0.00439	0.00219	0.00176	0.00527
6	0.01004	0.04809	0.00847	0.00673	0.00884	0.00680	0.00530	0.17451	0.03071	0.13053	0.11616	0.22050	0.07230	0.00748	0.00434	0.00128	0.00313	0.01948	0.00386	0.12144
7	0.01097	0.85821	0.02151	0.00702	0.01054	0.01624	0.00702	0.01229	0.00834	0.00966	0.00571	0.00658	0.00527	0.00351	0.00263	0.00088	0.00439	0.00219	0.00176	0.00527
8	0.03124	0.00722	0.02390	0.00718	0.00954	0.00698	0.00583	0.17023	0.01138	0.37406	0.01319	0.01480	0.00990	0.10482	0.15235	0.00249	0.00504	0.00423	0.03992	0.00570
9	0.00814	0.00690	0.00807	0.02038	0.00952	0.00559	0.00491	0.02683	0.03747	0.01324	0.01164	0.02919	0.09019	0.00548	0.04413	0.00105	0.00340	0.00347	0.00267	0.66771
10	0.00508	0.00368	0.00470	0.00545	0.00581	0.00341	0.00365	0.00581	0.00798	0.01053	0.04649	0.68663	0.10881	0.07354	0.00632	0.00180	0.00245	0.01083	0.00373	0.00330
11	0.00754	0.00707	0.01172	0.78490	0.02663	0.00871	0.01080	0.01015	0.00829	0.01053	0.00978	0.01301	0.06509	0.00456	0.00416	0.00137	0.00523	0.00401	0.00197	0.00448
12	0.03803	0.21027	0.13898	0.00984	0.01326	0.10506	0.10597	0.15658	0.10730	0.01471	0.00932	0.05613	0.00773	0.00467	0.00380	0.00120	0.00503	0.00378	0.00267	0.00568
13	0.13662	0.05933	0.02975	0.02267	0.05309	0.19314	0.01802	0.12623	0.02843	0.05378	0.02987	0.02008	0.00754	0.00634	0.06439	0.00153	0.02849	0.00331	0.01524	0.10215

[dist]
# distance from previous block
# <min> <max>
1	8

[block]
# block no. 6 follows, 65 sequences, length 49
# corresponding to MSA columns:
# 386-434
name=unknown_G
#
# <colnr> <probs for GDERKNQSTAVLIFYWHMCP>
#	G	D	E	R	K	N	Q	S	T	A	V	L	I	F	Y	W	H	M	C	P
0	0.01954	0.07936	0.04562	0.11174	0.14034	0.05490	0.10898	0.07728	0.05042	0.01373	0.07388	0.01348	0.05557	0.00482	0.00441	0.00122	0.03823	0.01232	0.00261	0.09156
1	0.00498	0.00403	0.00443	0.00462	0.00570	0.00348	0.00335	0.00603	0.00923	0.01148	0.11472	0.22657	0.56551	0.01077	0.00494	0.00144	0.00213	0.00924	0.00388	0.00348
2	0.01149	0.34058	0.07773	0.00899	0.01173	0.09768	0.02800	0.11660	0.00992	0.04931	0.00758	0.02320	0.00654	0.00531	0.01974	0.00130	0.15907	0.01757	0.00234	0.00535
3	0.02993	0.08640	0.07293	0.00738	0.02114	0.01499	0.02867	0.06423	0.00971	0.08912	0.06095	0.01241	0.03689	0.02351	0.01398	0.00107	0.00373	0.01387	0.00285	0.40624
4	0.01015	0.07045	0.18544	0.11016	0.28788	0.01974	0.03317	0.03706	0.05446	0.08326	0.02318	0.04981	0.00816	0.00452	0.00403	0.00127	0.00486	0.00398	0.00249	0.00592
5	0.01097	0.85821	0.02151	0.00702	0.01054	0.01624	0.00702	0.01229	0.00834	0.00966	0.00571	0.00658	0.00527	0.00351	0.00263	0.00088	0.00439	0.00219	0.00176	0.00527
6	0.02026	0.03668	0.09032	0.12930	0.20950	0.04241	0.08642	0.01259	0.02739	0.11841	0.07416	0.05380	0.02918	0.02879	0.00486	0.00138	0.02181	0.00454	0.00275	0.00545
7	0.02987	0.05264	0.27202	0.04481	0.10913	0.03391	0.14746	0.06239	0.00979	0.06315	0.03627	0.07065	0.02404	0.00489	0.00434	0.00131	0.02087	0.00434	0.00249	0.00562
8	0.01027	0.10116	0.13535	0.04343	0.03054	0.09016	0.08853	0.13391	0.06724	0.03802	0.02392	0.04063	0.08076	0.00747	0.07417	0.00171	0.00539	0.01917	0.00281	0.00536
9	0.03178	0.78289	0.04289	0.00725	0.01075	0.04766	0.00722	0.01246	0.00844	0.00997	0.00578	0.00667	0.00525	0.00356	0.00271	0.00091	0.00452	0.00224	0.00179	0.00525
10	0.02038	0.11319	0.11389	0.07198	0.01381	0.03649	0.03528	0.26385	0.04537	0.03338	0.00814	0.00958	0.00636	0.00550	0.02162	0.00144	0.18784	0.00346	0.00271	0.00572
11	0.00971	0.00917	0.11714	0.05424	0.09988	0.03512	0.07178	0.04458	0.05401	0.13686	0.10758	0.04383	0.15666	0.00619	0.00436	0.00132	0.00402	0.01465	0.02363	0.00528
12	0.00820	0.00678	0.00668	0.00617	0.00702	0.12027	0.02656	0.02257	0.03464	0.05168	0.07446	0.06440	0.04233	0.48071	0.02816	0.00288	0.00432	0.00576	0.00290	0.00352
13	0.00608	0.00429	0.00536	0.00530	0.00551	0.00462	0.00347	0.00654	0.00623	0.00862	0.01234	0.04101	0.01352	0.57698	0.22820	0.00445	0.04156	0.00555	0.01746	0.00291
14	0.02584	0.00991	0.07574	0.09984	0.42691	0.00926	0.06158	0.06661	0.01000	0.08960	0.03814	0.01135	0.00787	0.00496	0.02889	0.00143	0.01967	0.00386	0.00251	0.00605
15	0.00750	0.00551	0.00829	0.05501	0.06327	0.00590	0.03709	0.00924	0.02278	0.07986	0.07082	0.08781	0.06848	0.04657	0.37946	0.00382	0.03603	0.00544	0.00284	0.00427
16	0.00725	0.00461	0.00522	0.00485	0.00644	0.00397	0.00375	0.00855	0.01001	0.14070	0.14235	0.03353	0.54336	0.00910	0.00468	0.00135	0.00231	0.02601	0.03787	0.00409
17	0.00590	0.00425	0.00585	0.00585	0.00632	0.00472	0.00420	0.00685	0.00638	0.00897	0.01168	0.01992	0.01191	0.32241	0.55010	0.00567	0.00852	0.00495	0.00230	0.00325
18	0.00963	0.08129	0.25921	0.11251	0.22240	0.04241	0.07530	0.03489	0.00912	0.02916	0.00764	0.00973	0.00601	0.00506	0.03666	0.00148	0.04633	0.00344	0.00202	0.00572
19	0.00511	0.00365	0.00481	0.00570	0.00599	0.00342	0.00385	0.00584	0.00788	0.01046	0.02259	0.76654	0.04415	0.04897	0.00592	0.00177	0.00250	0.04377	0.00375	0.00332
20	0.00515	0.00384	0.00479	0.00529	0.00594	0.00349	0.00371	0.00618	0.00893	0.01176	0.17632	0.49777	0.21481	0.01143	0.00508	0.00154	0.00225	0.02431	0.00394	0.00347
21	0.00539	0.00415	0.00592	0.06485	0.00800	0.00401	0.02982	0.00644	0.00830	0.01103	0.08117	0.66377	0.06866	0.01149	0.00510	0.00159	0.00269	0.01042	0.00367	0.00354
22	0.02302	0.00935	0.07804	0.05522	0.04688	0.03020	0.02095	0.19185	0.03020	0.34876	0.01296	0.06695	0.00956	0.00575	0.01917	0.00138	0.00426	0.00435	0.03493	0.00622
23	0.62004	0.02343	0.00814	0.10570	0.03395	0.10775	0.00605	0.01236	0.00775	0.01602	0.00602	0.00741	0.00476	0.00396	0.00315	0.00126	0.02282	0.00251	0.00236	0.00457
24	0.01067	0.09813	0.12208	0.12068	0.23454	0.15392	0.12578	0.01316	0.00940	0.03127	0.00738	0.00941	0.00588	0.00397	0.00430	0.00123	0.03717	0.00343	0.00202	0.00557
25	0.00601	0.00518	0.02994	0.00554	0.00656	0.01901	0.00420	0.00761	0.05020	0.01065	0.06176	0.06673	0.27652	0.21966	0.17734	0.00309	0.00469	0.03865	0.00312	0.00355
26	0.00987	0.25214	0.29581	0.01199	0.06467	0.03670	0.17547	0.03050	0.03860	0.01247	0.00747	0.00889	0.00584	0.00376	0.00373	0.00117	0.00552	0.00325	0.00200	0.03017
27	0.02883	0.11674	0.44570	0.05781	0.06144	0.01041	0.11697	0.05501	0.00938	0.03921	0.00785	0.01867	0.00591	0.00398	0.00390	0.00126	0.00561	0.00339	0.00207	0.00585
28	0.01428	0.00601	0.00805	0.00665	0.00905	0.00524	0.00529	0.01572	0.01095	0.57661	0.08592	0.14889	0.07496	0.00696	0.00441	0.00134	0.00309	0.00591	0.00474	0.00590
29	0.00777	0.00618	0.00837	0.15870	0.04053	0.00636	0.04527	0.08520	0.03895	0.04815	0.03255	0.08437	0.29216	0.10856	0.01741	0.00175	0.00372	0.00641	0.00323	0.00435
30	0.01021	0.22767	0.22333	0.04915	0.16516	0.02108	0.10856	0.02480	0.05186	0.05475	0.00833	0.02283	0.00661	0.00402	0.00378	0.00120	0.00516	0.00347	0.00221	0.00584
31	0.00695	0.02146	0.34483	0.00826	0.01114	0.00659	0.00873	0.00949	0.00814	0.02811	0.03835	0.20688	0.06362	0.05966	0.14233	0.00241	0.01994	0.00590	0.00261	0.00460
32	0.01183	0.00521	0.00616	0.00526	0.00710	0.00490	0.00417	0.03732	0.01007	0.31477	0.01431	0.01465	0.01028	0.00490	0.00337	0.00108	0.00257	0.00393	0.53304	0.00508
33	0.01060	0.01555	0.29750	0.05098	0.19120	0.17574	0.06906	0.06730	0.02480	0.01342	0.03015	0.01026	0.00697	0.00420	0.00404	0.00125	0.00582	0.01318	0.00221	0.00578
34	0.00943	0.04737	0.14231	0.03449	0.03064	0.13403	0.05628	0.05957	0.03597	0.04338	0.02131	0.19153	0.01175	0.02985	0.09788	0.00200	0.03930	0.00536	0.00272	0.00484
35	0.01160	0.00923	0.00984	0.00847	0.01101	0.01049	0.00670	0.18755	0.61258	0.04910	0.01521	0.01412	0.01125	0.00541	0.00414	0.00135	0.00350	0.00441	0.01747	0.00658
36	0.28856	0.22228	0.11133	0.00857	0.03352	0.23491	0.00760	0.02942	0.00908	0.01336	0.00622	0.00724	0.00507	0.00388	0.00311	0.00112	0.00503	0.00250	0.00215	0.00503
37	0.01533	0.01956	0.01163	0.01058	0.01269	0.83926	0.00793	0.01639	0.01163	0.01005	0.00635	0.00740	0.00529	0.00423	0.00370	0.00106	0.00740	0.00264	0.00212	0.00476
38	0.00616	0.00415	0.00550	0.00566	0.00602	0.00428	0.00395	0.00643	0.02409	0.00923	0.01647	0.22216	0.10334	0.14594	0.11010	0.25709	0.03822	0.02552	0.00275	0.00293
39	0.04575	0.04383	0.01000	0.00812	0.01074	0.03304	0.00648	0.08944	0.52469	0.13496	0.01460	0.01354	0.01071	0.00518	0.00399	0.00130	0.00355	0.00417	0.00403	0.03189
40	0.00528	0.00377	0.00484	0.00560	0.00592	0.00356	0.00381	0.00600	0.00778	0.01028	0.02208	0.61222	0.06859	0.14295	0.00768	0.00203	0.00273	0.07804	0.00360	0.00325
41	0.13633	0.00855	0.00953	0.04485	0.04274	0.06325	0.00648	0.16441	0.01175	0.34729	0.01192	0.02740	0.00845	0.00587	0.03712	0.00145	0.00422	0.00378	0.05866	0.00596
42	0.00567	0.00405	0.00553	0.00645	0.00699	0.00391	0.00495	0.00689	0.00859	0.01134	0.04028	0.50800	0.02598	0.01214	0.00540	0.00175	0.00294	0.33179	0.00381	0.00353
43	0.00610	0.00442	0.00474	0.00458	0.00610	0.00374	0.00352	0.00723	0.00961	0.08124	0.05324	0.03744	0.71107	0.00994	0.00482	0.00140	0.00227	0.04080	0.00393	0.00379
44	0.00514	0.00375	0.00481	0.00560	0.00602	0.00348	0.00387	0.00595	0.00808	0.01058	0.02457	0.65852	0.12811	0.04734	0.00587	0.00174	0.00251	0.06699	0.00375	0.00335
45	0.05351	0.00577	0.00676	0.06417	0.00878	0.00593	0.00488	0.07510	0.07201	0.13439	0.14042	0.06268	0.05331	0.00606	0.00384	0.00121	0.00280	0.00503	0.28856	0.00478
46	0.85129	0.00790	0.00617	0.00547	0.00804	0.00909	0.00451	0.01237	0.00717	0.04986	0.00612	0.00695	0.00467	0.00386	0.00260	0.00127	0.00319	0.00230	0.00264	0.00454
47	0.07539	0.02059	0.00672	0.00635	0.00776	0.00530	0.00496	0.02526	0.04113	0.15944	0.08519	0.28209	0.07880	0.01021	0.04248	0.00174	0.00331	0.13495	0.00390	0.00444
48	0.02541	0.09286	0.12583	0.02739	0.05064	0.11710	0.25171	0.01338	0.05191	0.07176	0.01191	0.04908	0.06842	0.00494	0.00422	0.00129	0.00540	0.01883	0.00257	0.00536

[dist]
# distance from previous block
# <min> <max>
6	39

[block]
# block no. 7 follows, 65 sequences, length 22
# corresponding to MSA columns:
# 474-493,496,497
name=unknown_H
#
# <colnr> <probs for GDERKNQSTAVLIFYWHMCP>
#	G	D	E	R	K	N	Q	S	T	A	V	L	I	F	Y	W	H	M	C	P
0	0.01110	0.11527	0.16616	0.05422	0.13374	0.03013	0.03506	0.06901	0.14749	0.11273	0.01037	0.01102	0.01744	0.00449	0.00422	0.00124	0.03526	0.00362	0.00283	0.03460
1	0.02531	0.05718	0.07718	0.07069	0.12482	0.02145	0.07012	0.13474	0.14670	0.03052	0.07378	0.06988	0.01157	0.02459	0.00453	0.00135	0.00431	0.01393	0.00307	0.03425
2	0.05510	0.00851	0.01289	0.00996	0.03169	0.00802	0.21710	0.07500	0.06071	0.10775	0.00990	0.02623	0.00789	0.05182	0.00511	0.00128	0.02724	0.00392	0.01439	0.26549
3	0.07528	0.06718	0.09578	0.03732	0.01375	0.00968	0.19457	0.20683	0.01165	0.04302	0.08148	0.02509	0.08285	0.01633	0.00458	0.00133	0.02022	0.00459	0.00302	0.00544
4	0.62164	0.00877	0.00844	0.00772	0.05124	0.03653	0.05076	0.08088	0.02980	0.03685	0.00733	0.03129	0.00587	0.00422	0.00307	0.00128	0.00371	0.00295	0.00274	0.00492
5	0.05104	0.00509	0.00571	0.00582	0.03506	0.01498	0.00418	0.00863	0.06787	0.02785	0.23009	0.07456	0.36228	0.00964	0.04239	0.00158	0.00278	0.00718	0.03922	0.00403
6	0.00961	0.00981	0.03641	0.17329	0.44657	0.06382	0.06380	0.01238	0.04078	0.01246	0.00866	0.01228	0.00737	0.03254	0.02406	0.00149	0.00533	0.03152	0.00216	0.00566
7	0.03939	0.08120	0.01417	0.11269	0.23486	0.11392	0.04596	0.03560	0.00922	0.05814	0.03583	0.01021	0.00715	0.00477	0.00586	0.00132	0.17849	0.00356	0.00228	0.00538
8	0.00959	0.00903	0.01437	0.09938	0.50803	0.00987	0.01093	0.03157	0.06079	0.01296	0.00878	0.05760	0.00778	0.00491	0.00560	0.00136	0.13519	0.00416	0.00226	0.00584
9	0.01168	0.00689	0.00883	0.00846	0.07344	0.00680	0.00606	0.12276	0.08473	0.26474	0.03769	0.17319	0.04059	0.03150	0.04868	0.00169	0.00381	0.02288	0.01146	0.03413
10	0.00602	0.00404	0.00525	0.00589	0.00642	0.00384	0.00410	0.00720	0.03639	0.05263	0.02211	0.65674	0.05105	0.05926	0.00604	0.00177	0.00264	0.06120	0.00381	0.00362
11	0.00717	0.00379	0.00577	0.05637	0.00674	0.00390	0.00404	0.00566	0.00552	0.00733	0.00714	0.01238	0.00703	0.01364	0.01532	0.82720	0.00368	0.00357	0.00179	0.00195
12	0.00789	0.00728	0.01180	0.53608	0.14164	0.00846	0.02121	0.01079	0.04995	0.01141	0.03684	0.02732	0.04711	0.02906	0.03512	0.00161	0.00512	0.00430	0.00222	0.00477
13	0.00877	0.05645	0.04791	0.52409	0.14547	0.00988	0.10106	0.03643	0.00892	0.01176	0.00747	0.01047	0.00573	0.00395	0.00409	0.00131	0.00548	0.00368	0.00195	0.00514
14	0.01239	0.00730	0.00873	0.00765	0.00994	0.00754	0.00609	0.05537	0.32869	0.30220	0.01737	0.11663	0.01420	0.00677	0.00442	0.00142	0.00334	0.07947	0.00441	0.00606
15	0.00588	0.00413	0.00520	0.00498	0.00595	0.00382	0.00372	0.00769	0.01102	0.01570	0.65986	0.06236	0.09647	0.00839	0.00467	0.00128	0.00196	0.00735	0.08574	0.00382
16	0.00707	0.00561	0.00729	0.00697	0.00779	0.02895	0.00536	0.07104	0.00774	0.01077	0.01138	0.07577	0.01116	0.10308	0.55313	0.00507	0.07057	0.00490	0.00246	0.00388
17	0.03183	0.01119	0.05680	0.05081	0.21462	0.08159	0.16456	0.18860	0.02709	0.08582	0.01733	0.03406	0.00760	0.00444	0.00420	0.00127	0.00521	0.00406	0.00286	0.00604
18	0.00511	0.00367	0.00486	0.00568	0.00603	0.00342	0.00387	0.00597	0.00827	0.01108	0.09543	0.73972	0.04625	0.01236	0.00521	0.00163	0.00237	0.03179	0.00387	0.00340
19	0.03879	0.01033	0.01140	0.00883	0.01198	0.01112	0.00726	0.62468	0.01724	0.17169	0.01130	0.03746	0.00814	0.00518	0.00411	0.00125	0.00423	0.00399	0.00423	0.00680
20	0.00924	0.00928	0.01709	0.05269	0.10103	0.03916	0.42308	0.01205	0.03247	0.04443	0.01272	0.11914	0.05577	0.00555	0.00487	0.00141	0.02029	0.03195	0.00260	0.00518
21	0.01297	0.07518	0.06193	0.02003	0.02767	0.38572	0.16846	0.11223	0.01162	0.03152	0.02814	0.02031	0.00698	0.00432	0.00397	0.00117	0.00625	0.00351	0.01269	0.00532

[dist]
# distance from previous block
# <min> <max>
2	5

[block]
# block no. 8 follows, 65 sequences, length 17
# corresponding to MSA columns:
# 503-519
name=unknown_I
#
# <colnr> <probs for GDERKNQSTAVLIFYWHMCP>
#	G	D	E	R	K	N	Q	S	T	A	V	L	I	F	Y	W	H	M	C	P
0	0.12437	0.30382	0.01408	0.00813	0.01104	0.20601	0.00690	0.14221	0.09155	0.01433	0.00767	0.00824	0.00619	0.00413	0.00327	0.00107	0.00480	0.00279	0.00258	0.03682
1	0.00897	0.11182	0.13934	0.08384	0.15802	0.00878	0.03757	0.02128	0.04025	0.03573	0.03585	0.06254	0.03444	0.00558	0.03092	0.00133	0.01730	0.00405	0.00244	0.15996
2	0.00704	0.00606	0.02362	0.00856	0.07918	0.03511	0.00614	0.03637	0.00745	0.01045	0.01038	0.01526	0.00964	0.06404	0.63282	0.00540	0.03188	0.00427	0.00224	0.00408
3	0.00823	0.02123	0.83447	0.01170	0.01777	0.00953	0.01517	0.01300	0.00867	0.01300	0.00737	0.00867	0.00520	0.00390	0.00390	0.00130	0.00607	0.00303	0.00173	0.00607
4	0.00918	0.00833	0.03634	0.54137	0.24233	0.00908	0.01144	0.01181	0.00878	0.07060	0.00805	0.01089	0.00608	0.00405	0.00409	0.00132	0.00519	0.00367	0.00211	0.00530
5	0.12685	0.00630	0.00792	0.00667	0.00907	0.00580	0.00532	0.01549	0.01023	0.52364	0.01679	0.18889	0.02913	0.00677	0.00420	0.00137	0.00320	0.02216	0.00444	0.00576
6	0.00542	0.00428	0.00442	0.00436	0.00569	0.00377	0.00328	0.00699	0.03635	0.01226	0.11417	0.03527	0.63779	0.00944	0.00462	0.00133	0.00209	0.00790	0.09693	0.00364
7	0.00586	0.00440	0.00660	0.00660	0.00733	0.00513	0.00513	0.00733	0.00660	0.00953	0.01100	0.01613	0.01026	0.03079	0.83947	0.00660	0.01100	0.00440	0.00220	0.00367
8	0.27106	0.02152	0.03758	0.02029	0.03895	0.12192	0.02699	0.27069	0.06918	0.05405	0.00870	0.00946	0.00655	0.02129	0.00392	0.00129	0.00450	0.00324	0.00313	0.00567
9	0.00584	0.00421	0.00563	0.00563	0.00612	0.00455	0.00399	0.00674	0.00668	0.00927	0.04230	0.03986	0.04564	0.33851	0.45130	0.00511	0.00750	0.00542	0.00249	0.00322
10	0.00511	0.00367	0.00488	0.00581	0.00613	0.00344	0.00400	0.00592	0.00802	0.01063	0.02308	0.77195	0.04895	0.01268	0.00526	0.00168	0.00247	0.06915	0.00381	0.00337
11	0.03532	0.00831	0.00930	0.00739	0.01003	0.00867	0.00602	0.39047	0.01443	0.22108	0.02855	0.01296	0.02451	0.00508	0.00383	0.00118	0.00356	0.00396	0.19927	0.00609
12	0.78567	0.00866	0.00672	0.00590	0.00848	0.04177	0.00483	0.07261	0.00809	0.01865	0.00605	0.00694	0.00467	0.00391	0.00270	0.00126	0.00344	0.00235	0.00264	0.00465
13	0.16803	0.36197	0.03984	0.00725	0.01023	0.03959	0.00655	0.06512	0.13570	0.05927	0.06318	0.01027	0.00886	0.00442	0.00325	0.00112	0.00394	0.00317	0.00280	0.00543
14	0.00840	0.16019	0.00958	0.00659	0.00815	0.07167	0.00531	0.06219	0.00973	0.02726	0.15685	0.09117	0.15866	0.08467	0.02359	0.00166	0.06511	0.04180	0.00317	0.00425
15	0.06481	0.03927	0.14620	0.00737	0.01036	0.00684	0.04330	0.06129	0.00955	0.03223	0.07572	0.06746	0.13132	0.02263	0.00429	0.00122	0.00364	0.03621	0.02032	0.21595
16	0.01162	0.06943	0.04862	0.00927	0.02208	0.08575	0.08079	0.26023	0.08970	0.04535	0.11457	0.01303	0.01137	0.00634	0.04917	0.00148	0.00482	0.00410	0.00331	0.06897

[dist]
# distance from previous block
# <min> <max>
3	12

[block]
# block no. 9 follows, 65 sequences, length 25
# corresponding to MSA columns:
# 532-556
name=unknown_J
#
# <colnr> <probs for GDERKNQSTAVLIFYWHMCP>
#	G	D	E	R	K	N	Q	S	T	A	V	L	I	F	Y	W	H	M	C	P
0	0.01086	0.17413	0.02721	0.03181	0.01056	0.12113	0.00662	0.10583	0.10303	0.06904	0.02247	0.11022	0.03870	0.01847	0.01590	0.00136	0.04160	0.02967	0.03720	0.02420
1	0.01391	0.16700	0.05512	0.00930	0.01242	0.20940	0.00796	0.37901	0.07679	0.01786	0.00867	0.00904	0.00661	0.00450	0.00374	0.00114	0.00516	0.00321	0.00309	0.00606
2	0.00695	0.00368	0.00552	0.00552	0.00562	0.00378	0.00378	0.00562	0.00552	0.00746	0.00767	0.01298	0.00756	0.01655	0.13004	0.75957	0.00459	0.00368	0.00184	0.00204
3	0.00934	0.29037	0.55477	0.01010	0.01528	0.01162	0.01235	0.01292	0.00863	0.02980	0.00702	0.00811	0.00533	0.00380	0.00350	0.00116	0.00547	0.00279	0.00181	0.00583
4	0.01065	0.02898	0.25791	0.08598	0.05496	0.07872	0.06424	0.16338	0.15879	0.01567	0.02253	0.01117	0.01944	0.00455	0.00407	0.00129	0.00517	0.00376	0.00277	0.00597
5	0.01715	0.10581	0.16949	0.01089	0.07628	0.00993	0.10092	0.11185	0.02086	0.01377	0.00908	0.03438	0.00768	0.00771	0.09664	0.00188	0.10425	0.01583	0.08033	0.00530
6	0.00517	0.00370	0.00481	0.00559	0.00591	0.00347	0.00377	0.00592	0.00792	0.01052	0.04638	0.68359	0.06085	0.09157	0.00670	0.00187	0.00256	0.04271	0.00371	0.00329
7	0.00634	0.00566	0.00576	0.00633	0.00688	0.10409	0.00441	0.00714	0.00833	0.01042	0.02111	0.65787	0.07256	0.01215	0.03267	0.00174	0.01946	0.01001	0.00351	0.00355
8	0.00624	0.00425	0.00528	0.01822	0.00662	0.00390	0.00396	0.00753	0.02428	0.07033	0.16339	0.38240	0.23449	0.03390	0.00539	0.00156	0.00243	0.01808	0.00396	0.00378
9	0.00634	0.00505	0.00688	0.00676	0.00743	0.02873	0.01528	0.00761	0.00694	0.00982	0.01209	0.11671	0.01212	0.08151	0.56877	0.00511	0.06162	0.00527	0.03232	0.00366
10	0.00683	0.00445	0.00550	0.00571	0.00658	0.00421	0.00406	0.04063	0.03062	0.07633	0.09390	0.50046	0.11533	0.03628	0.00536	0.00158	0.00253	0.00930	0.04643	0.00391
11	0.01404	0.01696	0.01200	0.04714	0.04337	0.64393	0.03565	0.06178	0.01146	0.01118	0.00700	0.00848	0.00578	0.00589	0.05653	0.00145	0.00727	0.00297	0.00222	0.00490
12	0.01066	0.01155	0.04330	0.01410	0.04633	0.12198	0.44398	0.05166	0.00991	0.04086	0.00848	0.01120	0.00674	0.03929	0.02271	0.00155	0.07788	0.00427	0.02825	0.00530
13	0.00621	0.00487	0.00561	0.00603	0.02925	0.01948	0.00422	0.05774	0.00952	0.02395	0.06153	0.38173	0.33234	0.01067	0.00494	0.00149	0.00260	0.03022	0.00380	0.00382
14	0.00584	0.00384	0.00504	0.00546	0.00581	0.00378	0.00376	0.00626	0.00728	0.00990	0.03387	0.34896	0.05552	0.16067	0.08687	0.14744	0.00369	0.05691	0.04608	0.00303
15	0.01017	0.01014	0.02872	0.01105	0.03047	0.10022	0.23642	0.10716	0.19877	0.01526	0.09321	0.08682	0.02865	0.00577	0.00449	0.00135	0.00476	0.01787	0.00324	0.00545
16	0.00809	0.05824	0.00883	0.00772	0.04180	0.03282	0.00587	0.04618	0.10371	0.03253	0.05771	0.03260	0.21154	0.01244	0.18805	0.00252	0.12456	0.00535	0.01488	0.00455
17	0.01041	0.07612	0.22912	0.05003	0.08206	0.07222	0.06364	0.07402	0.07038	0.06336	0.02859	0.01159	0.04073	0.00485	0.00497	0.00130	0.09277	0.00378	0.01443	0.00565
18	0.00620	0.00536	0.04135	0.00590	0.00711	0.00469	0.00465	0.05691	0.03360	0.01259	0.11894	0.27854	0.25167	0.05037	0.03927	0.00182	0.00309	0.07035	0.00370	0.00388
19	0.00840	0.07588	0.52225	0.03836	0.01532	0.04277	0.04111	0.03006	0.00890	0.01251	0.00980	0.14100	0.00883	0.00532	0.00404	0.00132	0.00532	0.00443	0.01893	0.00544
20	0.01196	0.08432	0.10105	0.01179	0.08216	0.32890	0.10734	0.08162	0.04911	0.01279	0.02102	0.06021	0.02024	0.00479	0.00399	0.00120	0.00584	0.00389	0.00246	0.00533
21	0.00904	0.00816	0.05418	0.00981	0.11451	0.07105	0.02650	0.05088	0.01922	0.07056	0.03129	0.03174	0.02513	0.19525	0.19882	0.00310	0.06896	0.00462	0.00262	0.00454
22	0.00589	0.00536	0.05068	0.00681	0.00780	0.00466	0.03491	0.00728	0.00859	0.01152	0.09087	0.41987	0.09562	0.02692	0.02394	0.00178	0.03756	0.15266	0.00355	0.00374
