[name]
unknown

[dist]
# distance from previous block
# <min> <max>
0	31

[block]
# block no. 0 follows, 52 sequences, length 45
# corresponding to MSA columns:
# 31-41,43-53,55-74,86-88
name=unknown_A
#
# <colnr> <probs for GDERKNQSTAVLIFYWHMCP>
#	G	D	E	R	K	N	Q	S	T	A	V	L	I	F	Y	W	H	M	C	P
0	0.01299	0.06752	0.08251	0.05843	0.21844	0.06078	0.01095	0.13528	0.08051	0.06223	0.02952	0.01739	0.01132	0.00604	0.00485	0.00150	0.00543	0.09022	0.00346	0.04062
1	0.10383	0.01052	0.04571	0.04638	0.06966	0.04486	0.00815	0.12519	0.13024	0.08469	0.01728	0.03975	0.11426	0.02314	0.00605	0.02270	0.04860	0.00530	0.00383	0.04986
2	0.11507	0.32222	0.22542	0.03570	0.01482	0.03113	0.03749	0.04035	0.01015	0.01459	0.00900	0.03851	0.00791	0.05591	0.00517	0.00154	0.00559	0.00379	0.01958	0.00607
3	0.01275	0.16611	0.23520	0.01387	0.05460	0.06954	0.17262	0.05204	0.01149	0.08202	0.00990	0.03110	0.00776	0.00495	0.00494	0.00144	0.03083	0.00425	0.00274	0.03185
4	0.01124	0.10312	0.41210	0.01326	0.06771	0.01129	0.06799	0.04479	0.03527	0.06642	0.01087	0.05368	0.00881	0.03200	0.00527	0.00157	0.00612	0.00446	0.00274	0.04130
5	0.00605	0.00503	0.00530	0.00527	0.00682	0.00436	0.00394	0.00773	0.03260	0.01405	0.14062	0.07868	0.64882	0.01195	0.00572	0.00164	0.00249	0.01007	0.00462	0.00424
6	0.00792	0.07782	0.00853	0.00700	0.00803	0.05560	0.02386	0.00880	0.00933	0.01174	0.04804	0.24577	0.15178	0.26206	0.02466	0.00270	0.03002	0.00869	0.00356	0.00409
7	0.08051	0.14608	0.21239	0.01291	0.04106	0.05658	0.13810	0.10776	0.02609	0.07441	0.00995	0.02725	0.00770	0.00508	0.00489	0.00147	0.03390	0.00415	0.00296	0.00678
8	0.01293	0.00629	0.00829	0.00761	0.00947	0.00582	0.00571	0.03828	0.02315	0.33146	0.02176	0.37578	0.02108	0.05021	0.03819	0.00210	0.00391	0.00892	0.02319	0.00584
9	0.00586	0.00474	0.00521	0.00546	0.00672	0.00409	0.00395	0.00708	0.01082	0.01341	0.10227	0.23810	0.54978	0.01280	0.00584	0.00171	0.00253	0.01099	0.00457	0.00409
10	0.01281	0.24347	0.21993	0.06731	0.10974	0.05778	0.08465	0.05017	0.02296	0.07413	0.00932	0.01077	0.00715	0.00462	0.00436	0.00138	0.00622	0.00378	0.00263	0.00684
11	0.01259	0.01130	0.09189	0.24247	0.11445	0.01034	0.14132	0.07760	0.01211	0.15054	0.03686	0.04209	0.02327	0.00554	0.00506	0.00157	0.00592	0.00514	0.00332	0.00665
12	0.48974	0.03999	0.09759	0.00925	0.03799	0.01211	0.00807	0.17142	0.02700	0.03605	0.00850	0.00945	0.00640	0.00492	0.00398	0.00149	0.02320	0.00327	0.00329	0.00628
13	0.01638	0.01670	0.01462	0.10560	0.01739	0.40273	0.07413	0.14836	0.01443	0.09141	0.01048	0.04661	0.00838	0.00558	0.00475	0.00141	0.00714	0.00432	0.00328	0.00629
14	0.07343	0.00562	0.00626	0.00619	0.00670	0.02537	0.00407	0.00829	0.00754	0.01093	0.01412	0.04416	0.01536	0.53328	0.21417	0.00506	0.00671	0.00631	0.00288	0.00354
15	0.03273	0.01152	0.01702	0.05374	0.52974	0.04706	0.01262	0.05053	0.07797	0.08854	0.01089	0.01267	0.00852	0.00477	0.00474	0.00145	0.00550	0.00435	0.00307	0.02259
16	0.01114	0.03700	0.01602	0.03529	0.04992	0.06129	0.24090	0.07858	0.02847	0.05805	0.01570	0.17666	0.04447	0.01121	0.11002	0.00242	0.00673	0.00689	0.00339	0.00585
17	0.01874	0.00736	0.00965	0.00765	0.01078	0.00651	0.00624	0.02070	0.01299	0.61714	0.01834	0.01687	0.01210	0.00591	0.00452	0.00141	0.00368	0.00479	0.20726	0.00736
18	0.01090	0.01008	0.01401	0.04709	0.07176	0.10474	0.17234	0.03558	0.02428	0.06376	0.03903	0.18705	0.05493	0.05125	0.06373	0.00223	0.03115	0.00714	0.00342	0.00553
19	0.01333	0.02671	0.09890	0.10472	0.04314	0.07820	0.24994	0.12786	0.06467	0.08612	0.04937	0.01383	0.00992	0.00517	0.00507	0.00153	0.00647	0.00490	0.00333	0.00680
20	0.00912	0.05953	0.03673	0.03326	0.12173	0.02357	0.02642	0.05224	0.01064	0.04083	0.04032	0.43328	0.02175	0.04685	0.01914	0.00194	0.00428	0.00935	0.00381	0.00521
21	0.00743	0.00555	0.00660	0.00647	0.00774	0.00530	0.00477	0.06828	0.03397	0.01694	0.32082	0.25180	0.20462	0.01137	0.00571	0.00166	0.00274	0.00994	0.02362	0.00466
22	0.18829	0.05897	0.06168	0.01026	0.03763	0.09804	0.02732	0.14675	0.08179	0.17193	0.01271	0.06258	0.00992	0.00589	0.00442	0.00148	0.00505	0.00454	0.00396	0.00679
23	0.01187	0.04435	0.06729	0.05632	0.39753	0.01148	0.10473	0.11681	0.01250	0.01722	0.03158	0.04355	0.05200	0.00548	0.00496	0.00149	0.00572	0.00515	0.00295	0.00702
24	0.00834	0.00711	0.01134	0.06392	0.26356	0.00710	0.02563	0.01011	0.01002	0.01374	0.04496	0.41144	0.02146	0.01120	0.02787	0.01873	0.00443	0.03017	0.00356	0.00529
25	0.00839	0.00713	0.01081	0.07589	0.11335	0.00702	0.08642	0.03421	0.02440	0.01514	0.08891	0.18510	0.19789	0.00944	0.00546	0.00165	0.00405	0.04986	0.06971	0.00516
26	0.03996	0.01065	0.01630	0.09096	0.49093	0.03251	0.01227	0.03127	0.03677	0.12163	0.03444	0.04005	0.01019	0.00524	0.00482	0.00149	0.00535	0.00478	0.00317	0.00722
27	0.01123	0.01208	0.04652	0.20542	0.25957	0.03207	0.28636	0.01527	0.05429	0.01506	0.00978	0.01279	0.00759	0.00451	0.00513	0.00156	0.00679	0.00482	0.00249	0.00668
28	0.00891	0.00700	0.00907	0.00815	0.00913	0.03433	0.05329	0.06004	0.00904	0.02915	0.01372	0.05261	0.01414	0.37507	0.23850	0.00470	0.05970	0.00616	0.00299	0.00429
29	0.01005	0.00861	0.01005	0.00718	0.01148	0.00646	0.00574	0.01220	0.01005	0.01579	0.00861	0.01005	0.00718	0.00359	0.00359	0.00072	0.00359	0.00287	0.00287	0.85932
30	0.01497	0.03459	0.01793	0.03725	0.15920	0.28977	0.16402	0.15111	0.03547	0.01676	0.00949	0.01154	0.00756	0.02266	0.00524	0.00149	0.00713	0.00424	0.00294	0.00664
31	0.01665	0.01192	0.01447	0.05734	0.17596	0.05902	0.01003	0.34555	0.01668	0.17978	0.01299	0.03463	0.00982	0.00589	0.00490	0.00149	0.00535	0.02566	0.00427	0.00760
32	0.01494	0.01149	0.01249	0.01020	0.01342	0.03820	0.02776	0.35708	0.25004	0.07200	0.02744	0.05359	0.04691	0.00669	0.00495	0.00152	0.00465	0.00543	0.00471	0.03649
33	0.00709	0.00550	0.00820	0.00794	0.00881	0.00619	0.03113	0.00862	0.00806	0.01137	0.01525	0.07629	0.04470	0.10813	0.59588	0.00646	0.03716	0.00614	0.00281	0.00426
34	0.00864	0.00685	0.00804	0.00746	0.00902	0.05546	0.00560	0.01011	0.00912	0.04523	0.02939	0.10426	0.04641	0.11640	0.36210	0.00455	0.00805	0.00603	0.00315	0.15414
35	0.03421	0.00970	0.05287	0.15715	0.22377	0.02989	0.03165	0.02846	0.00989	0.01391	0.02241	0.07243	0.01071	0.01083	0.10657	0.07217	0.05713	0.02849	0.00266	0.02510
36	0.01223	0.00641	0.00805	0.00703	0.00923	0.00577	0.00547	0.03766	0.02954	0.29499	0.22144	0.12004	0.20328	0.00947	0.00543	0.00159	0.00316	0.00808	0.00526	0.00587
37	0.00614	0.00429	0.00559	0.00657	0.00698	0.00402	0.00446	0.00714	0.00951	0.01293	0.04327	0.72299	0.05460	0.01436	0.00600	0.00190	0.00278	0.02519	0.05726	0.00400
38	0.01241	0.06266	0.37698	0.03755	0.04427	0.18263	0.09834	0.01631	0.02385	0.05270	0.00987	0.04291	0.00781	0.00512	0.00469	0.00147	0.00707	0.00421	0.00254	0.00661
39	0.01324	0.01150	0.01480	0.01179	0.01478	0.13964	0.21746	0.08601	0.06013	0.11008	0.01595	0.09060	0.05569	0.00648	0.00498	0.00150	0.00558	0.00588	0.12777	0.00614
40	0.00774	0.00679	0.03559	0.02830	0.06490	0.00706	0.03844	0.00953	0.00816	0.01164	0.01246	0.01946	0.01191	0.14730	0.53387	0.00610	0.03823	0.00532	0.00258	0.00459
41	0.00792	0.00529	0.00657	0.00624	0.00769	0.00485	0.00471	0.00989	0.02534	0.08870	0.37305	0.10574	0.25292	0.01257	0.06455	0.00205	0.00336	0.00895	0.00488	0.00475
42	0.00935	0.00826	0.01291	0.10642	0.32541	0.00862	0.01002	0.03729	0.01041	0.01431	0.01674	0.30974	0.04081	0.02160	0.00617	0.00174	0.04317	0.00798	0.00328	0.00578
43	0.00856	0.00527	0.00703	0.00685	0.00761	0.00546	0.00484	0.00945	0.00846	0.09734	0.03288	0.12953	0.01719	0.31012	0.28315	0.03161	0.02012	0.00698	0.00337	0.00416
44	0.01190	0.01095	0.03307	0.26243	0.29085	0.06010	0.01206	0.10143	0.01203	0.04753	0.01150	0.10300	0.01014	0.00598	0.00494	0.00155	0.00574	0.00531	0.00298	0.00651

[dist]
# distance from previous block
# <min> <max>
12	22

[block]
# block no. 1 follows, 52 sequences, length 21
# corresponding to MSA columns:
# 117-135,137,138
name=unknown_B
#
# <colnr> <probs for GDERKNQSTAVLIFYWHMCP>
#	G	D	E	R	K	N	Q	S	T	A	V	L	I	F	Y	W	H	M	C	P
0	0.03799	0.03707	0.04835	0.02658	0.13835	0.11817	0.08334	0.12021	0.10181	0.11270	0.02558	0.01435	0.02622	0.00546	0.00470	0.00144	0.00554	0.01285	0.04411	0.03518
1	0.04407	0.01217	0.06565	0.06539	0.29497	0.02756	0.02746	0.21795	0.07774	0.01968	0.01328	0.05323	0.04761	0.00587	0.00487	0.00151	0.00535	0.00506	0.00344	0.00715
2	0.00881	0.00760	0.00944	0.00896	0.05101	0.03824	0.04505	0.03747	0.08910	0.01617	0.21914	0.08034	0.15103	0.03573	0.08713	0.00221	0.00463	0.00722	0.00406	0.09665
3	0.01081	0.00892	0.01023	0.00775	0.01165	0.00762	0.00617	0.03468	0.14892	0.03739	0.03902	0.01261	0.01005	0.00446	0.00397	0.00095	0.00364	0.00363	0.00346	0.63407
4	0.07897	0.01584	0.01326	0.01101	0.01410	0.27666	0.00875	0.39511	0.03805	0.02221	0.02930	0.01186	0.02493	0.00579	0.00496	0.00142	0.03298	0.00408	0.00385	0.00687
5	0.01275	0.69844	0.12376	0.00916	0.01362	0.04919	0.00955	0.01481	0.01005	0.01192	0.00702	0.00812	0.00621	0.00424	0.00335	0.00111	0.00557	0.00274	0.00209	0.00631
6	0.01068	0.00782	0.01018	0.03721	0.01174	0.00747	0.04305	0.04538	0.08114	0.11475	0.05185	0.17680	0.10558	0.00813	0.00561	0.00147	0.05046	0.00690	0.00405	0.21973
7	0.01141	0.09544	0.06983	0.17154	0.23119	0.06682	0.03362	0.06550	0.01115	0.01473	0.03021	0.06915	0.01002	0.03344	0.00620	0.00163	0.06427	0.00491	0.00269	0.00625
8	0.01651	0.01109	0.01233	0.01006	0.01344	0.01206	0.00811	0.30234	0.33911	0.19603	0.01663	0.01537	0.01178	0.00617	0.00489	0.00154	0.00445	0.00494	0.00514	0.00801
9	0.00595	0.00440	0.00556	0.00637	0.00696	0.00401	0.00436	0.00697	0.00994	0.01305	0.09099	0.62662	0.16857	0.01425	0.00607	0.00187	0.00271	0.01276	0.00456	0.00401
10	0.05423	0.12707	0.22906	0.03979	0.11511	0.09657	0.03206	0.11175	0.01231	0.04929	0.01194	0.01306	0.06339	0.00536	0.00467	0.00143	0.01916	0.00416	0.00290	0.00670
11	0.00668	0.00588	0.04603	0.02687	0.02468	0.00502	0.00567	0.00826	0.02954	0.01288	0.04116	0.51949	0.10232	0.08460	0.00761	0.00213	0.00343	0.05930	0.00417	0.00428
12	0.00613	0.00430	0.00568	0.00676	0.00711	0.00404	0.00461	0.00711	0.00941	0.01272	0.02618	0.75384	0.03099	0.01468	0.00609	0.00194	0.00287	0.04994	0.04161	0.00399
13	0.01225	0.03401	0.01380	0.03829	0.03886	0.06634	0.00946	0.15602	0.02764	0.02772	0.01021	0.01346	0.03136	0.03735	0.07995	0.00241	0.38754	0.00454	0.00292	0.00587
14	0.01247	0.15593	0.15619	0.12044	0.10462	0.11604	0.02187	0.07689	0.12761	0.01584	0.02609	0.02599	0.00908	0.00524	0.00450	0.00143	0.00598	0.00418	0.00292	0.00667
15	0.00755	0.00506	0.00598	0.00591	0.00649	0.00495	0.00386	0.00859	0.03069	0.04075	0.12606	0.08106	0.08335	0.49891	0.04003	0.00366	0.00426	0.03541	0.00369	0.00373
16	0.00700	0.00498	0.00637	0.07154	0.00824	0.00520	0.00441	0.00760	0.00774	0.01038	0.01654	0.17192	0.01871	0.52842	0.10680	0.00430	0.00542	0.00783	0.00312	0.00347
17	0.00970	0.03045	0.06613	0.01256	0.14926	0.03038	0.06188	0.08571	0.02320	0.01620	0.10241	0.20830	0.09521	0.03492	0.00594	0.00171	0.00447	0.02359	0.03236	0.00565
18	0.01136	0.03650	0.44511	0.03381	0.10831	0.04225	0.04006	0.07821	0.01160	0.05335	0.01109	0.08628	0.00921	0.00571	0.00481	0.00154	0.00634	0.00478	0.00277	0.00692
19	0.00833	0.00557	0.00703	0.00729	0.00830	0.00547	0.00533	0.08329	0.01122	0.05690	0.07338	0.49909	0.04676	0.03472	0.03504	0.00213	0.00361	0.07204	0.02984	0.00467
20	0.44107	0.05391	0.16780	0.00964	0.03320	0.07981	0.02497	0.04221	0.00999	0.03690	0.00849	0.02969	0.00682	0.00593	0.03028	0.00168	0.00541	0.00344	0.00285	0.00591

[dist]
# distance from previous block
# <min> <max>
1	4

[block]
# block no. 2 follows, 52 sequences, length 15
# corresponding to MSA columns:
# 144-158
name=unknown_C
#
# <colnr> <probs for GDERKNQSTAVLIFYWHMCP>
#	G	D	E	R	K	N	Q	S	T	A	V	L	I	F	Y	W	H	M	C	P
0	0.01092	0.19824	0.37057	0.07093	0.07300	0.01238	0.01304	0.04450	0.01063	0.01501	0.00856	0.01022	0.00665	0.00444	0.00416	0.00131	0.00594	0.00343	0.02204	0.11405
1	0.04555	0.00941	0.01126	0.00920	0.03231	0.03696	0.00720	0.14239	0.01440	0.45004	0.06726	0.01648	0.01293	0.04281	0.00562	0.00156	0.00437	0.00482	0.00505	0.08038
2	0.02591	0.10452	0.05504	0.00894	0.01093	0.12090	0.03207	0.08428	0.01140	0.01437	0.01882	0.43684	0.03621	0.01038	0.00528	0.00166	0.00458	0.00899	0.00374	0.00514
3	0.03046	0.14686	0.12657	0.01198	0.06421	0.05096	0.05448	0.05896	0.01075	0.04634	0.03225	0.13724	0.02873	0.00739	0.00687	0.00162	0.15909	0.01623	0.00302	0.00598
4	0.04059	0.00582	0.00700	0.00628	0.00815	0.00519	0.00478	0.01083	0.01194	0.09225	0.34697	0.10756	0.12253	0.00888	0.00508	0.00143	0.00277	0.00764	0.08071	0.12360
5	0.00703	0.00502	0.00712	0.00710	0.00775	0.00559	0.00523	0.00822	0.00789	0.01117	0.05738	0.02236	0.01493	0.19629	0.56036	0.05390	0.01020	0.00572	0.00279	0.00393
6	0.03906	0.02239	0.65568	0.01501	0.08680	0.01117	0.04638	0.01554	0.01040	0.04069	0.00904	0.01061	0.00647	0.00460	0.00462	0.00153	0.00687	0.00374	0.00225	0.00715
7	0.01366	0.01306	0.01302	0.14315	0.14043	0.25435	0.00978	0.04351	0.05581	0.09795	0.01458	0.08335	0.05410	0.00666	0.00493	0.00151	0.00601	0.03464	0.00337	0.00613
8	0.04848	0.00809	0.01065	0.00830	0.01181	0.00713	0.00680	0.02160	0.03307	0.65362	0.08211	0.01754	0.01437	0.00616	0.00482	0.00147	0.00393	0.00503	0.00566	0.04934
9	0.00936	0.00777	0.00789	0.00775	0.00921	0.10466	0.00616	0.01110	0.01164	0.05792	0.14899	0.07153	0.20614	0.01037	0.00618	0.00172	0.04993	0.20032	0.06658	0.00477
10	0.01081	0.01002	0.01648	0.12161	0.24523	0.04053	0.17075	0.01383	0.04458	0.04451	0.01320	0.09671	0.01234	0.08879	0.00722	0.00193	0.00585	0.04655	0.00300	0.00607
11	0.01206	0.01179	0.01912	0.07818	0.72088	0.04288	0.01457	0.01489	0.01106	0.01546	0.00902	0.01192	0.00754	0.00438	0.00478	0.00144	0.00592	0.00427	0.00239	0.00745
12	0.00744	0.00563	0.00828	0.00794	0.00890	0.00635	0.02800	0.03390	0.00829	0.01176	0.01314	0.02027	0.01257	0.13745	0.65910	0.00700	0.01152	0.00542	0.00271	0.00434
13	0.04016	0.00979	0.01141	0.00852	0.01251	0.05269	0.05381	0.04355	0.02289	0.03139	0.00925	0.01080	0.00754	0.00538	0.04001	0.00121	0.00467	0.00329	0.00299	0.62816
14	0.03075	0.01306	0.01228	0.05576	0.01434	0.15392	0.00839	0.32084	0.18904	0.02166	0.03966	0.03785	0.06788	0.00660	0.00487	0.00150	0.00527	0.00517	0.00424	0.00690

[dist]
# distance from previous block
# <min> <max>
1	3

[block]
# block no. 3 follows, 52 sequences, length 28
# corresponding to MSA columns:
# 165-192
name=unknown_D
#
# <colnr> <probs for GDERKNQSTAVLIFYWHMCP>
#	G	D	E	R	K	N	Q	S	T	A	V	L	I	F	Y	W	H	M	C	P
0	0.01287	0.22550	0.35119	0.01209	0.03027	0.11975	0.02944	0.06529	0.05095	0.04631	0.00923	0.01024	0.00703	0.00476	0.00427	0.00137	0.00647	0.00353	0.00261	0.00685
1	0.00664	0.00520	0.00691	0.00724	0.00814	0.00497	0.03543	0.00878	0.07236	0.01363	0.07191	0.57445	0.13923	0.01334	0.00598	0.00186	0.00303	0.01201	0.00450	0.00440
2	0.10658	0.00713	0.00764	0.00672	0.00898	0.00709	0.00528	0.10637	0.04596	0.14426	0.06023	0.06720	0.23856	0.00822	0.00475	0.00150	0.00325	0.00670	0.15794	0.00563
3	0.00891	0.02118	0.09490	0.00959	0.02743	0.03671	0.02844	0.07857	0.02731	0.01417	0.01527	0.17450	0.01518	0.02142	0.36743	0.00444	0.00862	0.03754	0.00321	0.00518
4	0.02346	0.07755	0.16320	0.03099	0.02667	0.08202	0.06225	0.15431	0.06101	0.07251	0.01570	0.03856	0.09297	0.00690	0.01807	0.00161	0.02466	0.01956	0.02146	0.00654
5	0.00828	0.00440	0.00662	0.03493	0.00738	0.00449	0.00461	0.00662	0.00661	0.00882	0.00937	0.04968	0.00949	0.01701	0.04486	0.76306	0.00453	0.00466	0.00223	0.00237
6	0.00741	0.00535	0.00560	0.00560	0.00570	0.03385	0.00322	0.00748	0.00737	0.00959	0.01538	0.05795	0.01770	0.77207	0.02330	0.00448	0.00478	0.00713	0.00297	0.00307
7	0.03126	0.13474	0.29115	0.01228	0.06707	0.05423	0.03735	0.06888	0.02863	0.01591	0.07327	0.04191	0.01147	0.02822	0.00568	0.00157	0.04840	0.01397	0.02763	0.00636
8	0.01186	0.03234	0.04417	0.14449	0.35018	0.09335	0.05753	0.05473	0.03426	0.01523	0.01147	0.05193	0.03720	0.00556	0.00526	0.00151	0.03467	0.00491	0.00272	0.00663
9	0.01808	0.01172	0.01257	0.00999	0.01343	0.06242	0.00811	0.39917	0.07848	0.25134	0.01483	0.04050	0.01066	0.00618	0.00482	0.00147	0.00488	0.00484	0.03877	0.00774
10	0.00624	0.00491	0.00611	0.00622	0.00739	0.00437	0.02974	0.00757	0.01066	0.01380	0.12031	0.33361	0.37275	0.01256	0.00580	0.00173	0.00275	0.01101	0.03828	0.00418
11	0.01201	0.16085	0.23268	0.04592	0.09493	0.07830	0.10958	0.04784	0.01108	0.04096	0.00947	0.03308	0.00774	0.00624	0.03690	0.00169	0.03883	0.00417	0.00254	0.02519
12	0.01316	0.46200	0.04916	0.01170	0.09874	0.09810	0.03020	0.03671	0.06932	0.03194	0.02433	0.03719	0.00884	0.00501	0.00392	0.00124	0.00551	0.00376	0.00268	0.00646
13	0.09217	0.00706	0.00746	0.00746	0.02320	0.04825	0.00519	0.07845	0.01027	0.04841	0.01740	0.26161	0.01863	0.24037	0.03814	0.00273	0.00443	0.02784	0.05634	0.00457
14	0.01504	0.45766	0.02004	0.01024	0.01352	0.35356	0.00884	0.01644	0.01139	0.01161	0.00704	0.00829	0.00623	0.00468	0.00415	0.00117	0.03903	0.00288	0.00225	0.00593
15	0.00835	0.00533	0.00671	0.00659	0.00756	0.00529	0.00466	0.00982	0.04851	0.08637	0.05255	0.17120	0.12536	0.22821	0.15792	0.05419	0.00534	0.00797	0.00380	0.00428
16	0.01195	0.01147	0.02668	0.23507	0.23537	0.10281	0.04587	0.08043	0.01198	0.03682	0.02637	0.06792	0.01038	0.00584	0.00493	0.00151	0.00594	0.03276	0.00294	0.04297
17	0.17743	0.01053	0.01278	0.04583	0.03497	0.07771	0.08252	0.07405	0.02720	0.05437	0.02501	0.07225	0.01112	0.00861	0.04810	0.00202	0.16950	0.05706	0.00323	0.00571
18	0.00730	0.00500	0.00664	0.00746	0.00821	0.00484	0.00574	0.00866	0.00996	0.03440	0.02527	0.33772	0.05466	0.12582	0.00889	0.00243	0.00380	0.33474	0.00431	0.00415
19	0.03970	0.01354	0.01852	0.01413	0.01788	0.17699	0.31900	0.07803	0.02938	0.16991	0.04964	0.01389	0.01014	0.00516	0.00507	0.00150	0.00667	0.00494	0.01926	0.00667
20	0.01111	0.01080	0.01907	0.22880	0.49879	0.01126	0.09997	0.01419	0.01074	0.01489	0.00947	0.01339	0.00782	0.00465	0.00496	0.00153	0.00617	0.02311	0.00239	0.00689
21	0.01806	0.00967	0.01147	0.00897	0.01244	0.00953	0.00735	0.29769	0.01668	0.39974	0.02102	0.01938	0.13182	0.00690	0.00500	0.00150	0.00431	0.00551	0.00535	0.00760
22	0.05938	0.01034	0.01110	0.00908	0.01191	0.01129	0.00717	0.37251	0.15296	0.08693	0.01427	0.01653	0.01129	0.13299	0.00772	0.00197	0.00457	0.00493	0.06616	0.00690
23	0.00924	0.00626	0.00839	0.02480	0.00978	0.00626	0.03351	0.07354	0.01091	0.06874	0.03652	0.17993	0.02241	0.22759	0.01098	0.00267	0.00440	0.25536	0.00410	0.00463
24	0.01195	0.01031	0.01760	0.02540	0.01703	0.04927	0.34095	0.06214	0.01163	0.11694	0.01455	0.11241	0.03027	0.04280	0.11120	0.00255	0.00719	0.00642	0.00339	0.00600
25	0.00625	0.00447	0.00607	0.00713	0.00757	0.00430	0.00508	0.00735	0.00949	0.01264	0.02583	0.66701	0.03038	0.01602	0.04834	0.00231	0.00359	0.12774	0.00439	0.00404
26	0.07337	0.01163	0.01347	0.07085	0.07207	0.11690	0.07523	0.13404	0.04044	0.08109	0.05570	0.04127	0.02350	0.00568	0.00489	0.00139	0.02424	0.00468	0.00354	0.14603
27	0.04798	0.01087	0.01831	0.19096	0.58700	0.01135	0.03462	0.01435	0.01065	0.01537	0.00893	0.01204	0.00731	0.00443	0.00475	0.00148	0.00588	0.00428	0.00238	0.00707

[dist]
# distance from previous block
# <min> <max>
2	13

[block]
# block no. 4 follows, 52 sequences, length 18
# corresponding to MSA columns:
# 206-223
name=unknown_E
#
# <colnr> <probs for GDERKNQSTAVLIFYWHMCP>
#	G	D	E	R	K	N	Q	S	T	A	V	L	I	F	Y	W	H	M	C	P
0	0.05603	0.05823	0.02774	0.01276	0.12449	0.12854	0.03218	0.17450	0.10971	0.03616	0.03031	0.04975	0.01040	0.00562	0.00452	0.00137	0.00525	0.00454	0.02451	0.10341
1	0.00968	0.00947	0.01449	0.77038	0.03229	0.05807	0.01322	0.01279	0.00993	0.01235	0.00855	0.01267	0.00645	0.00485	0.00482	0.00159	0.00659	0.00424	0.00217	0.00540
2	0.08058	0.13278	0.06838	0.01127	0.08555	0.03090	0.04348	0.04544	0.04561	0.14487	0.01569	0.14011	0.01463	0.00766	0.00491	0.00160	0.00480	0.11172	0.00378	0.00623
3	0.00822	0.00595	0.00767	0.00758	0.00855	0.02380	0.00569	0.04060	0.00975	0.04921	0.08644	0.19182	0.03215	0.10402	0.33792	0.00454	0.02837	0.03960	0.00361	0.00452
4	0.03555	0.01057	0.01588	0.03182	0.26710	0.03483	0.10783	0.05598	0.09165	0.09929	0.01346	0.03484	0.03955	0.00842	0.07515	0.00210	0.06077	0.00512	0.00332	0.00678
5	0.00663	0.00468	0.00560	0.00592	0.00632	0.00453	0.00385	0.00725	0.00856	0.01127	0.04921	0.23226	0.11729	0.42488	0.04757	0.00353	0.00419	0.04926	0.00366	0.00352
6	0.00889	0.00577	0.00839	0.09294	0.01034	0.03578	0.03869	0.00786	0.00729	0.00943	0.00920	0.04718	0.00904	0.01451	0.01581	0.66442	0.00473	0.00463	0.00224	0.00285
7	0.01585	0.01337	0.01162	0.01006	0.01252	0.28391	0.00789	0.12819	0.01342	0.18293	0.01212	0.01350	0.00931	0.01181	0.16706	0.00267	0.03920	0.00422	0.05412	0.00622
8	0.04488	0.00879	0.01097	0.00858	0.01199	0.00833	0.00703	0.15836	0.01504	0.53905	0.06449	0.01666	0.01320	0.00613	0.00476	0.00147	0.00409	0.00493	0.06359	0.00768
9	0.00729	0.00535	0.02559	0.00619	0.00712	0.00468	0.00443	0.00833	0.00974	0.05176	0.11488	0.24241	0.17654	0.27272	0.01184	0.00270	0.00351	0.03675	0.00411	0.00403
10	0.01569	0.01104	0.01128	0.00928	0.01221	0.08792	0.00742	0.29066	0.11771	0.16464	0.11046	0.01681	0.01465	0.00635	0.00476	0.00144	0.00453	0.00504	0.10106	0.00704
11	0.00902	0.04205	0.00818	0.00736	0.00881	0.03415	0.00559	0.02874	0.14613	0.03158	0.08558	0.18477	0.07905	0.08315	0.07081	0.00239	0.00433	0.06414	0.09913	0.00503
12	0.00725	0.00520	0.00689	0.00700	0.00780	0.00529	0.00510	0.00900	0.03136	0.03829	0.25107	0.33258	0.05016	0.05520	0.12485	0.00279	0.04170	0.00969	0.00434	0.00443
13	0.02759	0.00723	0.00841	0.00767	0.00964	0.03197	0.00580	0.05619	0.07985	0.23555	0.07920	0.27901	0.09839	0.04272	0.00618	0.00179	0.00361	0.00853	0.00488	0.00580
14	0.00957	0.00560	0.00758	0.04193	0.00941	0.00544	0.00564	0.03167	0.02955	0.13333	0.13001	0.34487	0.02486	0.01229	0.00781	0.13524	0.00350	0.05261	0.00439	0.00469
15	0.05329	0.00801	0.00883	0.00773	0.00969	0.00840	0.00585	0.24475	0.04155	0.06234	0.04227	0.13354	0.10307	0.18362	0.02716	0.00239	0.00431	0.01767	0.03002	0.00554
16	0.06201	0.06701	0.04492	0.10190	0.24862	0.08281	0.05574	0.05017	0.07370	0.01559	0.01263	0.07683	0.03172	0.03088	0.00538	0.00161	0.00558	0.02357	0.00299	0.00634
17	0.00958	0.04025	0.08566	0.04110	0.01167	0.05099	0.05169	0.04692	0.04591	0.03793	0.03598	0.22669	0.04602	0.12802	0.00858	0.02312	0.02435	0.01564	0.06484	0.00504

[dist]
# distance from previous block
# <min> <max>
2	19

[block]
# block no. 5 follows, 52 sequences, length 18
# corresponding to MSA columns:
# 243-250,260-269
name=unknown_F
#
# <colnr> <probs for GDERKNQSTAVLIFYWHMCP>
#	G	D	E	R	K	N	Q	S	T	A	V	L	I	F	Y	W	H	M	C	P
0	0.03121	0.15412	0.25380	0.04039	0.12529	0.07460	0.01197	0.04035	0.05954	0.07963	0.00990	0.01101	0.00753	0.00471	0.00430	0.00135	0.00585	0.00367	0.00282	0.07796
1	0.05555	0.07250	0.04654	0.05845	0.25596	0.04902	0.11937	0.02795	0.05388	0.08368	0.02591	0.03930	0.00974	0.02818	0.00525	0.00153	0.00562	0.00471	0.00304	0.05381
2	0.01029	0.05285	0.51861	0.01673	0.17844	0.01162	0.03761	0.01472	0.01022	0.01498	0.00919	0.03753	0.00736	0.00509	0.00533	0.00155	0.05455	0.00413	0.00222	0.00700
3	0.01128	0.06067	0.06787	0.20059	0.14270	0.00993	0.04216	0.08985	0.01177	0.08827	0.03050	0.16606	0.04343	0.00719	0.00505	0.00158	0.00514	0.00635	0.00341	0.00618
4	0.03115	0.07201	0.04659	0.09962	0.25996	0.07348	0.08561	0.06018	0.08663	0.01577	0.01228	0.04281	0.04166	0.00641	0.02776	0.00168	0.02199	0.00489	0.00291	0.00660
5	0.00685	0.00477	0.00603	0.00662	0.00740	0.00444	0.00461	0.00837	0.03764	0.04662	0.09950	0.58274	0.13904	0.01360	0.00598	0.00185	0.00280	0.01216	0.00465	0.00433
6	0.00837	0.00762	0.00866	0.00841	0.00926	0.10302	0.03829	0.00953	0.00922	0.01188	0.04069	0.30053	0.01964	0.14417	0.20074	0.00367	0.06036	0.00829	0.00334	0.00430
7	0.01182	0.00873	0.01043	0.00969	0.07980	0.04052	0.00681	0.05007	0.03514	0.13371	0.02899	0.15985	0.03972	0.00675	0.00459	0.00125	0.00396	0.00577	0.00383	0.35857
8	0.04394	0.01142	0.06979	0.05765	0.12600	0.03027	0.21063	0.07360	0.07304	0.06942	0.01418	0.10921	0.01264	0.00672	0.00528	0.00165	0.00578	0.06888	0.00344	0.00647
9	0.00666	0.00484	0.00614	0.00694	0.00748	0.00469	0.00477	0.03483	0.03492	0.01320	0.02606	0.67820	0.05532	0.05755	0.00708	0.00208	0.00308	0.03755	0.00444	0.00418
10	0.34322	0.00905	0.00953	0.00783	0.01105	0.00942	0.00640	0.08707	0.06507	0.32591	0.03724	0.01352	0.01030	0.00555	0.00412	0.00149	0.00394	0.00411	0.03840	0.00680
11	0.00772	0.00714	0.05552	0.04392	0.10656	0.00666	0.00738	0.00993	0.03851	0.01288	0.04730	0.24399	0.01854	0.10538	0.26180	0.00396	0.00701	0.00769	0.00328	0.00483
12	0.04409	0.04593	0.01974	0.09466	0.56370	0.01194	0.09325	0.04059	0.01120	0.01603	0.00904	0.01184	0.00740	0.00439	0.00476	0.00146	0.00595	0.00433	0.00247	0.00723
13	0.01054	0.00837	0.00876	0.02581	0.01045	0.07434	0.00634	0.13034	0.09110	0.06141	0.05474	0.30865	0.13146	0.01057	0.00554	0.00171	0.00396	0.04594	0.00449	0.00546
14	0.00663	0.00504	0.00620	0.00670	0.00767	0.00478	0.00494	0.00876	0.05850	0.01442	0.15541	0.37946	0.20316	0.01293	0.00599	0.00184	0.00292	0.10564	0.00466	0.00437
15	0.01123	0.07151	0.39876	0.02569	0.03156	0.03803	0.03011	0.14106	0.01258	0.01760	0.05426	0.06141	0.02490	0.00589	0.00468	0.00148	0.00588	0.00477	0.05195	0.00665
16	0.12023	0.16583	0.03063	0.03128	0.13073	0.13997	0.05937	0.12647	0.03450	0.10262	0.00989	0.01085	0.00755	0.00488	0.00427	0.00137	0.00578	0.00377	0.00323	0.00679
17	0.00823	0.00562	0.00739	0.00740	0.00852	0.00539	0.03066	0.06731	0.01106	0.05992	0.06470	0.50241	0.08726	0.03294	0.00628	0.00188	0.00328	0.03955	0.04554	0.00466

[dist]
# distance from previous block
# <min> <max>
3	8

[block]
# block no. 6 follows, 52 sequences, length 16
# corresponding to MSA columns:
# 281-296
name=unknown_G
#
# <colnr> <probs for GDERKNQSTAVLIFYWHMCP>
#	G	D	E	R	K	N	Q	S	T	A	V	L	I	F	Y	W	H	M	C	P
0	0.01707	0.04202	0.01427	0.01229	0.04676	0.38309	0.00930	0.28270	0.11115	0.01946	0.01045	0.01098	0.00803	0.00542	0.00458	0.00137	0.00674	0.00387	0.00359	0.00687
1	0.01419	0.09949	0.10195	0.00988	0.01315	0.15929	0.00871	0.04846	0.18868	0.14711	0.06229	0.01550	0.03103	0.00601	0.00481	0.00144	0.02358	0.00461	0.05315	0.00669
2	0.01118	0.01490	0.14701	0.01942	0.02466	0.01210	0.66528	0.01550	0.01125	0.01550	0.00963	0.01264	0.00717	0.00416	0.00555	0.00162	0.00802	0.00539	0.00239	0.00663
3	0.00980	0.02447	0.76631	0.01414	0.02119	0.01130	0.05558	0.01536	0.01029	0.01536	0.00875	0.01037	0.00620	0.00458	0.00466	0.00154	0.00721	0.00369	0.00207	0.00713
4	0.00823	0.00594	0.00754	0.02183	0.00912	0.00583	0.02235	0.01141	0.11133	0.06339	0.17032	0.23847	0.17839	0.01200	0.03673	0.00196	0.00353	0.06069	0.02598	0.00498
5	0.00659	0.00491	0.00591	0.00585	0.00671	0.00480	0.00411	0.00770	0.00944	0.01247	0.14534	0.03408	0.25548	0.28123	0.19051	0.00397	0.00549	0.00786	0.00370	0.00384
6	0.00749	0.00523	0.00648	0.00610	0.00749	0.00478	0.00460	0.00979	0.03425	0.05792	0.54908	0.06612	0.20180	0.01031	0.00567	0.00157	0.00248	0.00897	0.00515	0.00472
7	0.00764	0.00589	0.00856	0.00924	0.07848	0.00632	0.02884	0.00888	0.00809	0.01141	0.01418	0.07851	0.01472	0.30478	0.34214	0.00522	0.03109	0.00633	0.02548	0.00421
8	0.03933	0.00681	0.00748	0.00663	0.00859	0.00702	0.00516	0.07908	0.12339	0.12104	0.10756	0.01947	0.01616	0.02761	0.00473	0.00143	0.00310	0.00519	0.40448	0.00575
9	0.01130	0.03174	0.06372	0.07844	0.14496	0.03203	0.05232	0.11973	0.08249	0.01635	0.01293	0.15287	0.01217	0.00788	0.01969	0.00178	0.14406	0.00602	0.00324	0.00628
10	0.00682	0.00472	0.00595	0.00617	0.00690	0.00438	0.00426	0.00808	0.01072	0.03469	0.29464	0.33022	0.09896	0.15019	0.00906	0.00223	0.00295	0.01037	0.00456	0.00411
11	0.00798	0.00457	0.00543	0.00586	0.00671	0.00434	0.00415	0.00947	0.00993	0.05443	0.02257	0.42769	0.04780	0.01070	0.00495	0.00159	0.00264	0.00940	0.35540	0.00440
12	0.03616	0.05942	0.31664	0.01338	0.09740	0.05342	0.04130	0.04966	0.01094	0.03212	0.01269	0.11697	0.01185	0.00780	0.03007	0.00180	0.02911	0.07005	0.00290	0.00630
13	0.01078	0.01091	0.09217	0.07648	0.10229	0.05644	0.06601	0.09973	0.05623	0.04448	0.05330	0.19863	0.06161	0.02997	0.00580	0.00171	0.00504	0.01877	0.00367	0.00596
14	0.00999	0.02451	0.04155	0.03803	0.13261	0.06727	0.04600	0.03473	0.02382	0.04436	0.01695	0.30237	0.01746	0.04973	0.00633	0.01696	0.00450	0.00779	0.10972	0.00533
15	0.22051	0.05607	0.16622	0.03110	0.07766	0.04798	0.04588	0.03256	0.00968	0.03205	0.01028	0.03423	0.00941	0.18230	0.00854	0.00216	0.00540	0.00448	0.00277	0.02071

[dist]
# distance from previous block
# <min> <max>
2	19

[block]
# block no. 7 follows, 52 sequences, length 6
# corresponding to MSA columns:
# 316-321
name=unknown_H
#
# <colnr> <probs for GDERKNQSTAVLIFYWHMCP>
#	G	D	E	R	K	N	Q	S	T	A	V	L	I	F	Y	W	H	M	C	P
0	0.00989	0.01255	0.21591	0.01049	0.01378	0.02910	0.07770	0.08451	0.04613	0.03697	0.10701	0.13718	0.09065	0.03468	0.04110	0.00199	0.03404	0.00685	0.00361	0.00584
1	0.00657	0.00520	0.00597	0.00615	0.00737	0.00485	0.00446	0.00900	0.08173	0.01470	0.17860	0.28446	0.34875	0.01222	0.00580	0.00172	0.00266	0.01063	0.00469	0.00446
2	0.00872	0.03647	0.06207	0.00949	0.06755	0.00703	0.00693	0.05357	0.02623	0.04104	0.03614	0.40638	0.03893	0.06752	0.00806	0.04632	0.03924	0.02956	0.00386	0.00490
3	0.04724	0.01087	0.03792	0.01111	0.07426	0.04770	0.06849	0.11191	0.02804	0.08434	0.03920	0.01341	0.03671	0.00503	0.00468	0.00121	0.02716	0.00414	0.00344	0.34314
4	0.08724	0.04037	0.02456	0.02302	0.02578	0.05764	0.07132	0.04369	0.08554	0.04132	0.03501	0.07916	0.01369	0.20358	0.09236	0.00296	0.05845	0.00583	0.00327	0.00520
5	0.00828	0.03531	0.03180	0.01025	0.10606	0.00674	0.04209	0.02853	0.03097	0.01355	0.09140	0.24739	0.06984	0.14891	0.00998	0.07924	0.00413	0.02730	0.00361	0.00464

[dist]
# distance from previous block
# <min> <max>
0	9

[block]
# block no. 8 follows, 52 sequences, length 15
# corresponding to MSA columns:
# 331-345
name=unknown_I
#
# <colnr> <probs for GDERKNQSTAVLIFYWHMCP>
#	G	D	E	R	K	N	Q	S	T	A	V	L	I	F	Y	W	H	M	C	P
0	0.01355	0.04447	0.16492	0.01100	0.03272	0.03512	0.01004	0.29558	0.05049	0.04236	0.03315	0.01292	0.00941	0.01737	0.04837	0.00180	0.05306	0.00423	0.03212	0.08733
1	0.00856	0.03718	0.00891	0.08473	0.03716	0.02781	0.00636	0.05844	0.01205	0.03781	0.29275	0.31851	0.02992	0.01046	0.00556	0.00166	0.00351	0.00926	0.00442	0.00494
2	0.01339	0.64894	0.09208	0.00936	0.01354	0.12878	0.00928	0.01526	0.01042	0.01181	0.00701	0.00812	0.00622	0.00430	0.00342	0.00111	0.00585	0.00275	0.00213	0.00622
3	0.00590	0.00422	0.00562	0.00675	0.00703	0.00394	0.00450	0.00675	0.00928	0.01237	0.02671	0.82653	0.03205	0.01518	0.00619	0.00197	0.00281	0.01378	0.00450	0.00394
4	0.00954	0.05468	0.35584	0.01104	0.01494	0.06350	0.01179	0.01338	0.04098	0.01346	0.01045	0.01359	0.00871	0.01655	0.30210	0.00383	0.04310	0.00420	0.00240	0.00591
5	0.00626	0.00453	0.00628	0.00708	0.00757	0.00425	0.02455	0.00733	0.00955	0.01292	0.04494	0.72550	0.03085	0.01434	0.00608	0.00193	0.00298	0.04237	0.03663	0.00406
6	0.01127	0.01088	0.01870	0.08099	0.51407	0.01105	0.11615	0.01514	0.07922	0.01568	0.01140	0.07269	0.00996	0.00532	0.00504	0.00153	0.00574	0.00530	0.00276	0.00708
7	0.01156	0.05930	0.01053	0.00990	0.04518	0.32280	0.00710	0.01285	0.01147	0.01266	0.01940	0.26528	0.10820	0.00929	0.00510	0.00155	0.00542	0.04224	0.03520	0.00496
8	0.00660	0.00479	0.00576	0.02296	0.00706	0.00462	0.00420	0.00736	0.00885	0.01144	0.02568	0.23594	0.17832	0.35472	0.02998	0.00317	0.00396	0.07720	0.00376	0.00363
9	0.00645	0.00479	0.00639	0.00685	0.00757	0.00488	0.00499	0.00768	0.00892	0.01194	0.02408	0.30542	0.13805	0.09302	0.29651	0.00426	0.00667	0.05379	0.00368	0.00404
10	0.00648	0.00480	0.00627	0.02922	0.00810	0.00461	0.00507	0.00783	0.01024	0.01355	0.13886	0.38684	0.14249	0.06351	0.04402	0.00231	0.00359	0.11373	0.00437	0.00412
11	0.02701	0.21371	0.18891	0.10672	0.21614	0.05370	0.04809	0.01497	0.02816	0.01409	0.00843	0.01059	0.00683	0.00464	0.00479	0.00141	0.03912	0.00374	0.00228	0.00666
12	0.01401	0.01220	0.04898	0.01081	0.01302	0.13276	0.03481	0.12041	0.01233	0.14356	0.04466	0.01472	0.03233	0.02208	0.04349	0.00195	0.23515	0.00467	0.05191	0.00617
13	0.00710	0.00477	0.00615	0.00682	0.00755	0.00451	0.00488	0.00856	0.02597	0.04543	0.08313	0.53476	0.07511	0.03595	0.00649	0.00196	0.00303	0.09166	0.04188	0.00430
14	0.04225	0.07930	0.18206	0.02563	0.21979	0.05786	0.03417	0.11345	0.03147	0.05852	0.03389	0.05385	0.01016	0.03039	0.00527	0.00156	0.00572	0.00469	0.00310	0.00687

[dist]
# distance from previous block
# <min> <max>
0	3

[block]
# block no. 9 follows, 52 sequences, length 13
# corresponding to MSA columns:
# 349-361
name=unknown_J
#
# <colnr> <probs for GDERKNQSTAVLIFYWHMCP>
#	G	D	E	R	K	N	Q	S	T	A	V	L	I	F	Y	W	H	M	C	P
0	0.01318	0.35376	0.08001	0.04551	0.07672	0.18075	0.00982	0.06299	0.01156	0.01357	0.00948	0.04496	0.00869	0.00632	0.02779	0.00149	0.00629	0.03836	0.00259	0.00615
1	0.01003	0.05642	0.01028	0.00836	0.00955	0.07211	0.00641	0.03301	0.00848	0.01140	0.00912	0.01436	0.00879	0.07886	0.11144	0.29255	0.14488	0.00422	0.00244	0.10729
2	0.01310	0.12713	0.22013	0.01453	0.08005	0.05470	0.17098	0.05653	0.04084	0.10922	0.02452	0.01214	0.00838	0.00500	0.00520	0.00149	0.04184	0.00431	0.00297	0.00694
3	0.04539	0.05962	0.11675	0.03755	0.09765	0.13422	0.13861	0.04239	0.01154	0.05104	0.03198	0.14861	0.02478	0.00692	0.00503	0.00156	0.00596	0.03119	0.00315	0.00605
4	0.00663	0.00496	0.00647	0.03041	0.00852	0.00487	0.00537	0.00854	0.05684	0.01320	0.02714	0.59037	0.08182	0.01391	0.00611	0.00195	0.00319	0.12095	0.00445	0.00429
5	0.00789	0.00578	0.00752	0.00717	0.00775	0.00645	0.00516	0.04384	0.00860	0.01191	0.06451	0.04761	0.04164	0.30868	0.25531	0.07278	0.08415	0.00629	0.00303	0.00393
6	0.01281	0.17855	0.22186	0.05019	0.12062	0.11814	0.01188	0.07656	0.03444	0.04804	0.01054	0.01192	0.03207	0.00601	0.02843	0.00158	0.02304	0.00390	0.00273	0.00669
7	0.01025	0.00870	0.05291	0.00852	0.01045	0.03219	0.00710	0.11018	0.06560	0.05297	0.16767	0.04831	0.07019	0.03144	0.14863	0.00277	0.07142	0.04076	0.05443	0.00551
8	0.07888	0.00663	0.00690	0.00628	0.00815	0.00704	0.00489	0.06053	0.13018	0.07577	0.01558	0.01679	0.01192	0.00675	0.03056	0.00150	0.00329	0.00455	0.51825	0.00554
9	0.06305	0.03009	0.07942	0.03030	0.22738	0.07461	0.08106	0.06573	0.07677	0.03539	0.03961	0.01674	0.09481	0.00637	0.01760	0.00159	0.01921	0.00506	0.02869	0.00652
10	0.01217	0.01157	0.03507	0.08172	0.30964	0.06544	0.06972	0.15222	0.01285	0.01719	0.02796	0.05176	0.03188	0.04318	0.05447	0.00202	0.00625	0.00519	0.00307	0.00662
11	0.00636	0.00475	0.00625	0.00697	0.00747	0.00473	0.00495	0.00738	0.00926	0.01230	0.02623	0.54652	0.10556	0.05851	0.08239	0.00264	0.03614	0.06342	0.00414	0.00403
12	0.00613	0.00455	0.00575	0.00655	0.00715	0.00425	0.00449	0.00752	0.03386	0.01319	0.08194	0.64328	0.13507	0.01417	0.00605	0.00188	0.00276	0.01270	0.00457	0.00412

[dist]
# distance from previous block
# <min> <max>
0	2

[block]
# block no. 10 follows, 52 sequences, length 21
# corresponding to MSA columns:
# 364,365,369-383,385-388
name=unknown_K
#
# <colnr> <probs for GDERKNQSTAVLIFYWHMCP>
#	G	D	E	R	K	N	Q	S	T	A	V	L	I	F	Y	W	H	M	C	P
0	0.01211	0.06542	0.18291	0.01408	0.15145	0.09530	0.04138	0.06965	0.05999	0.06321	0.08429	0.05555	0.05506	0.00632	0.00508	0.00150	0.02150	0.00527	0.00334	0.00658
1	0.10786	0.03099	0.05507	0.05525	0.14736	0.15116	0.04526	0.09147	0.01162	0.01617	0.02763	0.06180	0.00964	0.00797	0.05855	0.00194	0.08708	0.00464	0.02252	0.00604
2	0.00665	0.00533	0.02797	0.00631	0.00705	0.00478	0.00445	0.00789	0.03048	0.01215	0.06290	0.31378	0.14492	0.28360	0.04161	0.00299	0.00391	0.02544	0.00390	0.00388
3	0.01380	0.69990	0.02348	0.00898	0.01285	0.14885	0.00847	0.01530	0.01048	0.01148	0.00686	0.00793	0.00622	0.00428	0.00332	0.00107	0.00577	0.00268	0.00214	0.00612
4	0.01296	0.83261	0.02539	0.00829	0.01244	0.01917	0.00829	0.01451	0.00985	0.01140	0.00674	0.00777	0.00622	0.00415	0.00311	0.00104	0.00518	0.00259	0.00207	0.00622
5	0.00718	0.00479	0.00627	0.00627	0.00661	0.00506	0.00420	0.00747	0.00730	0.00997	0.01442	0.02526	0.03709	0.41375	0.28618	0.13872	0.00733	0.00608	0.00274	0.00331
6	0.10423	0.32277	0.18148	0.01068	0.04909	0.08826	0.01013	0.07295	0.02678	0.01560	0.04583	0.03429	0.00911	0.00513	0.00398	0.00132	0.00557	0.00374	0.00271	0.00636
7	0.00877	0.00678	0.00778	0.00760	0.00916	0.00706	0.00563	0.03502	0.26344	0.03670	0.14596	0.30469	0.12054	0.01074	0.00558	0.00173	0.00312	0.00940	0.00482	0.00549
8	0.00714	0.00439	0.00579	0.00618	0.00665	0.00415	0.00426	0.00690	0.00843	0.01115	0.02250	0.27967	0.16135	0.01485	0.01140	0.36599	0.00336	0.02890	0.04370	0.00323
9	0.02688	0.01079	0.04526	0.03392	0.40585	0.01043	0.08979	0.06120	0.07140	0.01694	0.01336	0.06416	0.04181	0.00568	0.00486	0.00150	0.00523	0.00533	0.07877	0.00684
10	0.02975	0.03222	0.04160	0.03445	0.12304	0.09681	0.04711	0.05856	0.04751	0.01470	0.01381	0.19061	0.01365	0.01162	0.11167	0.00244	0.08397	0.00638	0.03444	0.00566
11	0.00722	0.00460	0.00597	0.00647	0.00699	0.00434	0.00435	0.00779	0.00905	0.05435	0.04219	0.48734	0.07277	0.14785	0.03271	0.08379	0.00357	0.01072	0.00406	0.00387
12	0.00676	0.00522	0.00573	0.00561	0.00717	0.00462	0.00421	0.03230	0.01158	0.03603	0.13896	0.11835	0.56018	0.01252	0.02715	0.00181	0.00289	0.00992	0.00461	0.00439
13	0.01072	0.07452	0.15102	0.09607	0.21444	0.03206	0.04784	0.04239	0.02354	0.02949	0.03069	0.09008	0.03224	0.00783	0.04587	0.00187	0.04353	0.01664	0.00284	0.00633
14	0.02002	0.01101	0.01296	0.00993	0.01375	0.01122	0.00820	0.41739	0.01849	0.40252	0.01524	0.01398	0.01005	0.00590	0.00486	0.00148	0.00475	0.00461	0.00540	0.00824
15	0.37524	0.00998	0.01020	0.00828	0.01169	0.01067	0.00681	0.18273	0.05588	0.26540	0.01234	0.01191	0.00850	0.00536	0.00408	0.00150	0.00421	0.00385	0.00443	0.00695
16	0.01111	0.00981	0.01552	0.05014	0.33812	0.01047	0.06453	0.06689	0.02733	0.03606	0.01248	0.04260	0.03136	0.06348	0.07777	0.00236	0.09756	0.03312	0.00293	0.00636
17	0.01361	0.04326	0.09157	0.03072	0.32696	0.09339	0.08243	0.03135	0.01178	0.14033	0.01252	0.01397	0.04724	0.00569	0.01828	0.00157	0.02062	0.00459	0.00309	0.00705
18	0.00751	0.00605	0.00691	0.03697	0.00895	0.04309	0.00537	0.02790	0.06703	0.01384	0.04564	0.56381	0.07697	0.01276	0.00579	0.00183	0.00334	0.02618	0.03556	0.00450
19	0.35573	0.09303	0.04497	0.01010	0.02786	0.21423	0.04260	0.07332	0.01138	0.05321	0.00811	0.00923	0.00633	0.00484	0.00414	0.00141	0.02734	0.00323	0.00296	0.00598
20	0.01004	0.00889	0.01390	0.08908	0.39847	0.00913	0.01063	0.03924	0.02594	0.01529	0.05665	0.11224	0.09115	0.00803	0.02350	0.02885	0.02075	0.00628	0.02578	0.00616

[dist]
# distance from previous block
# <min> <max>
0	1

[block]
# block no. 11 follows, 52 sequences, length 8
# corresponding to MSA columns:
# 392-399
name=unknown_L
#
# <colnr> <probs for GDERKNQSTAVLIFYWHMCP>
#	G	D	E	R	K	N	Q	S	T	A	V	L	I	F	Y	W	H	M	C	P
0	0.00919	0.00878	0.04407	0.12252	0.17074	0.02568	0.05221	0.02576	0.04869	0.01392	0.03165	0.12388	0.04843	0.10525	0.09543	0.00268	0.00600	0.05652	0.00316	0.00543
1	0.03130	0.14099	0.29663	0.01321	0.06478	0.06322	0.07760	0.10758	0.03092	0.05533	0.03104	0.02981	0.00873	0.00522	0.00479	0.00146	0.02344	0.00419	0.00290	0.00687
2	0.01087	0.21224	0.42290	0.01275	0.04218	0.03616	0.07095	0.01549	0.06027	0.01454	0.01110	0.01227	0.04800	0.00498	0.00441	0.00143	0.00631	0.00398	0.00242	0.00674
3	0.00747	0.00523	0.00627	0.00623	0.00745	0.00491	0.00455	0.00980	0.06187	0.04981	0.28893	0.22869	0.20424	0.04178	0.00634	0.00176	0.00272	0.00966	0.04771	0.00460
4	0.02429	0.03134	0.16091	0.06338	0.12819	0.05958	0.09284	0.08551	0.05992	0.03608	0.03268	0.09257	0.05024	0.02540	0.02039	0.00175	0.00582	0.01953	0.00323	0.00636
5	0.04258	0.10525	0.16726	0.01303	0.07413	0.06536	0.11312	0.07842	0.05753	0.11412	0.01259	0.05029	0.02312	0.00573	0.00494	0.00150	0.02369	0.01660	0.02400	0.00675
6	0.00834	0.02398	0.05141	0.03543	0.11529	0.00734	0.03773	0.02533	0.06667	0.01458	0.08568	0.28562	0.13566	0.01042	0.00626	0.03038	0.02443	0.02639	0.00386	0.00520
7	0.00652	0.00546	0.00571	0.00597	0.00707	0.03867	0.00424	0.00768	0.01068	0.01333	0.12406	0.28728	0.39272	0.05968	0.00690	0.00189	0.00295	0.01068	0.00442	0.00410

[dist]
# distance from previous block
# <min> <max>
2	9

[block]
# block no. 12 follows, 52 sequences, length 17
# corresponding to MSA columns:
# 413-429
name=unknown_M
#
# <colnr> <probs for GDERKNQSTAVLIFYWHMCP>
#	G	D	E	R	K	N	Q	S	T	A	V	L	I	F	Y	W	H	M	C	P
0	0.08392	0.01293	0.01306	0.01053	0.01400	0.05161	0.00854	0.50489	0.20498	0.02650	0.01299	0.01274	0.00948	0.00586	0.00470	0.00149	0.00501	0.00443	0.00461	0.00774
