[name]
unknown

[dist]
# distance from previous block
# <min> <max>
7	166

[block]
# block no. 0 follows, 73 sequences, length 17
# corresponding to MSA columns:
# 190-206
name=unknown_A
#
# <colnr> <probs for GDERKNQSTAVLIFYWHMCP>
#	G	D	E	R	K	N	Q	S	T	A	V	L	I	F	Y	W	H	M	C	P
0	0.05586	0.09926	0.16067	0.00991	0.11398	0.03667	0.02579	0.17184	0.04453	0.13000	0.01984	0.05660	0.00764	0.00441	0.00366	0.00112	0.01624	0.00354	0.00277	0.03565
1	0.05988	0.08279	0.23741	0.00936	0.09366	0.02070	0.00833	0.11777	0.07931	0.09310	0.10076	0.04948	0.01052	0.00477	0.00365	0.00116	0.00396	0.01528	0.00281	0.00528
2	0.02973	0.00890	0.05494	0.03666	0.34104	0.02156	0.07112	0.06350	0.09878	0.12243	0.06082	0.01124	0.00861	0.00423	0.00424	0.00119	0.04902	0.00372	0.00268	0.00558
3	0.00892	0.17539	0.55752	0.00987	0.01458	0.02761	0.05404	0.05367	0.00858	0.04657	0.00693	0.00792	0.00509	0.00358	0.00341	0.00111	0.00516	0.00278	0.00185	0.00544
4	0.00886	0.01012	0.02214	0.01581	0.01961	0.00949	0.83112	0.01202	0.00886	0.01202	0.00759	0.01012	0.00569	0.00316	0.00443	0.00127	0.00633	0.00443	0.00190	0.00506
5	0.00832	0.00805	0.01067	0.01429	0.41546	0.10808	0.00790	0.01032	0.02557	0.01263	0.26273	0.05109	0.03854	0.00527	0.00396	0.00114	0.00372	0.00473	0.00271	0.00482
6	0.00490	0.00382	0.00444	0.00429	0.00535	0.00336	0.00322	0.00628	0.00965	0.01274	0.46445	0.03182	0.41515	0.00853	0.00443	0.00122	0.00183	0.00732	0.00383	0.00336
7	0.00933	0.00806	0.00848	0.00764	0.00976	0.00933	0.00594	0.01994	0.83797	0.01569	0.01527	0.01400	0.01145	0.00509	0.00382	0.00127	0.00297	0.00424	0.00382	0.00594
8	0.00778	0.00667	0.00778	0.00556	0.00889	0.00500	0.00445	0.00945	0.00778	0.01223	0.00667	0.00778	0.00556	0.00278	0.00278	0.00056	0.00278	0.00222	0.00222	0.89108
9	0.00652	0.00326	0.00489	0.00489	0.00489	0.00326	0.00326	0.00489	0.00489	0.00652	0.00652	0.01140	0.00652	0.01303	0.01466	0.89084	0.00326	0.00326	0.00163	0.00163
10	0.00866	0.33826	0.51282	0.00906	0.01362	0.03641	0.01087	0.01173	0.00789	0.01066	0.00614	0.00717	0.00478	0.00344	0.00313	0.00104	0.00501	0.00247	0.00160	0.00524
11	0.00531	0.00383	0.00501	0.00472	0.00560	0.00354	0.00354	0.00708	0.01062	0.01504	0.84277	0.02802	0.03540	0.00767	0.00442	0.00118	0.00177	0.00678	0.00413	0.00354
12	0.04600	0.01680	0.65696	0.00981	0.01471	0.02618	0.01197	0.03047	0.00853	0.13261	0.00786	0.00854	0.00541	0.00374	0.00354	0.00118	0.00509	0.00289	0.00211	0.00560
13	0.85891	0.00722	0.00564	0.00500	0.00735	0.00830	0.00412	0.01132	0.00656	0.05064	0.00561	0.00637	0.00428	0.00353	0.00238	0.00116	0.00291	0.00210	0.00242	0.00416
14	0.06544	0.00643	0.00853	0.00658	0.00945	0.00567	0.00543	0.01788	0.01050	0.80135	0.01427	0.01240	0.00900	0.00458	0.00369	0.00116	0.00318	0.00368	0.00451	0.00626
15	0.00547	0.00405	0.00513	0.00482	0.00579	0.00382	0.00363	0.00766	0.05342	0.01483	0.75907	0.02771	0.07509	0.00763	0.00439	0.00119	0.00184	0.00671	0.00408	0.00365
16	0.04995	0.41594	0.01286	0.00609	0.00831	0.00944	0.04783	0.00946	0.00886	0.01191	0.34383	0.01578	0.03593	0.00516	0.00337	0.00101	0.00313	0.00419	0.00271	0.00424

[dist]
# distance from previous block
# <min> <max>
0	1

[block]
# block no. 1 follows, 73 sequences, length 75
# corresponding to MSA columns:
# 208-282
name=unknown_B
#
# <colnr> <probs for GDERKNQSTAVLIFYWHMCP>
#	G	D	E	R	K	N	Q	S	T	A	V	L	I	F	Y	W	H	M	C	P
0	0.01085	0.44873	0.06837	0.00932	0.06071	0.22160	0.07476	0.03742	0.01844	0.01010	0.00599	0.00703	0.00508	0.00346	0.00302	0.00094	0.00500	0.00250	0.00181	0.00489
1	0.89465	0.00726	0.00551	0.00493	0.00726	0.00842	0.00406	0.01103	0.00638	0.01683	0.00522	0.00609	0.00406	0.00348	0.00232	0.00116	0.00290	0.00203	0.00232	0.00406
2	0.00795	0.00968	0.14595	0.04100	0.28570	0.05884	0.10729	0.01038	0.00906	0.01249	0.21958	0.04066	0.02537	0.00484	0.00398	0.00117	0.00423	0.00449	0.00247	0.00488
3	0.01453	0.03139	0.05665	0.00783	0.01088	0.02176	0.06983	0.11565	0.02473	0.54724	0.02183	0.02716	0.00875	0.00454	0.00378	0.00115	0.00372	0.00379	0.00394	0.02084
4	0.00820	0.00890	0.01874	0.01408	0.04256	0.00837	0.65218	0.01101	0.00891	0.01215	0.08802	0.06021	0.01014	0.00433	0.00445	0.00128	0.00550	0.03394	0.00225	0.00477
5	0.35545	0.05998	0.11014	0.00660	0.00937	0.03517	0.00605	0.11942	0.00932	0.14566	0.07670	0.02281	0.02018	0.00436	0.00316	0.00114	0.00350	0.00318	0.00291	0.00489
6	0.00443	0.00380	0.00380	0.00380	0.00507	0.00317	0.00285	0.00538	0.00855	0.01014	0.03801	0.03611	0.84322	0.00950	0.00443	0.00127	0.00190	0.00792	0.00348	0.00317
7	0.01010	0.85485	0.01949	0.00648	0.00967	0.03014	0.00643	0.01130	0.00768	0.00883	0.00523	0.00603	0.00481	0.00322	0.00243	0.00081	0.00406	0.00201	0.00161	0.00481
8	0.00536	0.00402	0.00603	0.00603	0.00670	0.00469	0.00469	0.00670	0.00603	0.00871	0.01005	0.01474	0.00938	0.02814	0.85328	0.00603	0.01005	0.00402	0.00201	0.00335
9	0.00972	0.53739	0.22534	0.00826	0.02620	0.08906	0.02342	0.01188	0.02040	0.00984	0.00587	0.00681	0.00494	0.00339	0.00286	0.00093	0.00468	0.00234	0.00167	0.00500
10	0.00911	0.00874	0.01492	0.08820	0.78092	0.00887	0.01143	0.01136	0.00846	0.01205	0.00703	0.00934	0.00587	0.00337	0.00372	0.00112	0.00450	0.00334	0.00184	0.00580
11	0.00457	0.00326	0.00435	0.00522	0.00544	0.00305	0.00348	0.00522	0.00718	0.00958	0.02068	0.86570	0.02481	0.01175	0.00479	0.00152	0.00218	0.01067	0.00348	0.00305
12	0.00489	0.00405	0.00426	0.00418	0.00543	0.00357	0.00314	0.02195	0.03725	0.01107	0.12027	0.07119	0.67728	0.00916	0.00441	0.00127	0.00198	0.00771	0.00357	0.00336
13	0.01015	0.01022	0.10325	0.01649	0.42144	0.03321	0.10444	0.06523	0.10093	0.08427	0.00874	0.00996	0.00668	0.00374	0.00379	0.00116	0.00456	0.00352	0.00241	0.00582
14	0.00948	0.06088	0.04239	0.01510	0.10514	0.01984	0.59065	0.05195	0.02053	0.03496	0.00772	0.00976	0.00584	0.00333	0.00414	0.00121	0.00574	0.00403	0.00206	0.00526
15	0.00546	0.00364	0.00409	0.00409	0.00409	0.00364	0.00227	0.00546	0.00546	0.00727	0.01182	0.02455	0.01364	0.86815	0.01910	0.00364	0.00364	0.00546	0.00227	0.00227
16	0.89465	0.00726	0.00551	0.00493	0.00726	0.00842	0.00406	0.01103	0.00638	0.01683	0.00522	0.00609	0.00406	0.00348	0.00232	0.00116	0.00290	0.00203	0.00232	0.00406
17	0.00946	0.00813	0.00856	0.00766	0.00981	0.00939	0.00597	0.04189	0.81580	0.01591	0.01510	0.01386	0.01132	0.00507	0.00382	0.00127	0.00300	0.00422	0.00382	0.00595
18	0.00911	0.00870	0.01402	0.21529	0.59801	0.03098	0.01096	0.04631	0.00875	0.01205	0.00702	0.00937	0.00571	0.00350	0.00372	0.00114	0.00463	0.00332	0.00190	0.00551
19	0.01935	0.00725	0.01029	0.10524	0.14998	0.00718	0.02870	0.07191	0.00908	0.20406	0.00960	0.06834	0.00773	0.00448	0.00429	0.00109	0.07340	0.00369	0.00280	0.21155
20	0.00464	0.00383	0.00409	0.00408	0.00527	0.00328	0.00310	0.00575	0.00887	0.01094	0.16130	0.03514	0.68146	0.00926	0.00447	0.00127	0.00195	0.04447	0.00358	0.00324
21	0.07920	0.02329	0.00927	0.00782	0.01014	0.09326	0.00619	0.21646	0.46736	0.01688	0.01195	0.02303	0.00907	0.00476	0.00363	0.00119	0.00363	0.00373	0.00346	0.00569
22	0.02185	0.09907	0.38696	0.01017	0.02483	0.03814	0.15147	0.03566	0.02208	0.01201	0.00713	0.02376	0.00558	0.00355	0.00348	0.00106	0.00494	0.00306	0.00190	0.14330
23	0.00799	0.07846	0.76496	0.01027	0.01557	0.00904	0.01309	0.01203	0.00799	0.03735	0.00687	0.00794	0.00490	0.00357	0.00349	0.00116	0.00537	0.00275	0.00168	0.00552
24	0.00874	0.00747	0.00796	0.00730	0.00921	0.00854	0.00562	0.01810	0.73247	0.01502	0.03043	0.09615	0.02477	0.00583	0.00393	0.00129	0.00286	0.00495	0.00379	0.00558
25	0.00464	0.00331	0.00443	0.00530	0.00555	0.00311	0.00360	0.00534	0.00725	0.00965	0.02064	0.82704	0.02466	0.01169	0.00481	0.00153	0.00224	0.04864	0.00348	0.00307
26	0.01045	0.11438	0.24154	0.02099	0.09425	0.05617	0.14364	0.02589	0.06177	0.16614	0.00898	0.02429	0.00667	0.00391	0.00365	0.00114	0.00477	0.00342	0.00246	0.00548
27	0.00717	0.00673	0.01127	0.82879	0.03921	0.00836	0.01035	0.00982	0.02349	0.00975	0.00684	0.01007	0.00514	0.00377	0.00375	0.00125	0.00495	0.00335	0.00171	0.00423
28	0.00546	0.00364	0.00409	0.00409	0.00409	0.00364	0.00227	0.00546	0.00546	0.00727	0.01182	0.02455	0.01364	0.86815	0.01910	0.00364	0.00364	0.00546	0.00227	0.00227
29	0.00831	0.01359	0.40107	0.06551	0.21767	0.00889	0.06741	0.01298	0.14366	0.01246	0.00826	0.00952	0.00622	0.00374	0.00371	0.00119	0.00488	0.00330	0.00204	0.00559
30	0.00997	0.07397	0.20559	0.13196	0.14805	0.02342	0.15427	0.03692	0.02403	0.14340	0.00829	0.00957	0.00603	0.00369	0.00372	0.00116	0.00488	0.00337	0.00229	0.00542
31	0.00540	0.00383	0.00499	0.00476	0.00564	0.00352	0.00355	0.00706	0.01033	0.02617	0.75394	0.08704	0.05369	0.00796	0.00444	0.00121	0.00182	0.00704	0.00408	0.00354
32	0.00933	0.00806	0.00848	0.00764	0.00976	0.00933	0.00594	0.01994	0.83797	0.01569	0.01527	0.01400	0.01145	0.00509	0.00382	0.00127	0.00297	0.00424	0.00382	0.00594
33	0.89465	0.00726	0.00551	0.00493	0.00726	0.00842	0.00406	0.01103	0.00638	0.01683	0.00522	0.00609	0.00406	0.00348	0.00232	0.00116	0.00290	0.00203	0.00232	0.00406
34	0.00819	0.00897	0.07459	0.05599	0.01227	0.01040	0.11576	0.00972	0.00666	0.02369	0.03387	0.00936	0.00617	0.00603	0.02048	0.00157	0.58659	0.00353	0.00181	0.00435
35	0.00825	0.03732	0.37995	0.09219	0.33394	0.00882	0.02322	0.01156	0.02345	0.01186	0.02141	0.00907	0.00591	0.00357	0.00363	0.00115	0.00490	0.00313	0.00179	0.01488
36	0.00778	0.00667	0.00778	0.00556	0.00889	0.00500	0.00445	0.00945	0.00778	0.01223	0.00667	0.00778	0.00556	0.00278	0.00278	0.00056	0.00278	0.00222	0.00222	0.89108
37	0.00821	0.00821	0.01149	0.00985	0.00985	0.01149	0.00821	0.00903	0.00575	0.00903	0.00492	0.00821	0.00492	0.00657	0.01231	0.00164	0.86128	0.00328	0.00164	0.00410
38	0.00777	0.00739	0.01002	0.06333	0.01031	0.00906	0.00705	0.00893	0.00658	0.01003	0.02394	0.03253	0.02821	0.00568	0.00880	0.00132	0.52800	0.00341	0.00194	0.22570
39	0.00546	0.00360	0.00428	0.00435	0.00440	0.00363	0.00257	0.00547	0.00557	0.00747	0.01198	0.08462	0.01369	0.69457	0.06625	0.06795	0.00388	0.00559	0.00230	0.00235
40	0.00485	0.00348	0.00466	0.00550	0.00587	0.00329	0.00395	0.00571	0.00750	0.00991	0.02110	0.68248	0.05134	0.01142	0.00485	0.00155	0.00241	0.16354	0.00348	0.00313
41	0.00791	0.00746	0.01238	0.49950	0.29604	0.00848	0.02094	0.01077	0.05766	0.01087	0.00766	0.03031	0.00618	0.00388	0.00378	0.00121	0.00465	0.00358	0.00191	0.00485
42	0.00858	0.00829	0.01363	0.33490	0.51922	0.02872	0.01100	0.01088	0.00820	0.01119	0.00688	0.00949	0.00556	0.00351	0.00372	0.00116	0.00472	0.00332	0.00179	0.00524
43	0.87376	0.00751	0.00564	0.00505	0.00736	0.02845	0.00414	0.01112	0.00649	0.01665	0.00524	0.00611	0.00408	0.00349	0.00235	0.00116	0.00299	0.00204	0.00231	0.00407
44	0.00511	0.00370	0.00493	0.00510	0.00575	0.00354	0.00374	0.00644	0.00885	0.01228	0.43088	0.28741	0.04228	0.02565	0.09290	0.00186	0.00288	0.04974	0.00363	0.00334
45	0.00546	0.00364	0.00409	0.00409	0.00409	0.00364	0.00227	0.00546	0.00546	0.00727	0.01182	0.02455	0.01364	0.86815	0.01910	0.00364	0.00364	0.00546	0.00227	0.00227
46	0.00545	0.00364	0.00413	0.00413	0.00414	0.00366	0.00232	0.00548	0.00547	0.00730	0.01179	0.02437	0.01356	0.85268	0.03445	0.00368	0.00376	0.00543	0.00227	0.00229
47	0.01426	0.01051	0.01126	0.00863	0.01163	0.01163	0.00713	0.83224	0.01764	0.02364	0.00901	0.00901	0.00638	0.00450	0.00375	0.00113	0.00413	0.00338	0.00375	0.00638
48	0.00763	0.01866	0.78251	0.01110	0.01651	0.00878	0.07932	0.01189	0.00800	0.01189	0.00680	0.00810	0.00483	0.00353	0.00363	0.00119	0.00561	0.00290	0.00161	0.00551
49	0.00709	0.00667	0.01125	0.85913	0.02584	0.00834	0.01042	0.00959	0.00750	0.00959	0.00667	0.01000	0.00500	0.00375	0.00375	0.00125	0.00500	0.00333	0.00167	0.00417
50	0.01003	0.87041	0.01966	0.00642	0.00963	0.01485	0.00642	0.01123	0.00762	0.00883	0.00522	0.00602	0.00481	0.00321	0.00241	0.00080	0.00401	0.00201	0.00160	0.00481
51	0.00509	0.00349	0.00421	0.00457	0.00467	0.00339	0.00279	0.00539	0.00625	0.00835	0.02841	0.37206	0.01859	0.50100	0.01296	0.00273	0.00300	0.00763	0.00280	0.00261
52	0.13949	0.11283	0.02435	0.00788	0.01019	0.23539	0.00645	0.13567	0.16476	0.05069	0.02227	0.00899	0.00690	0.00431	0.00381	0.00111	0.05418	0.00298	0.00271	0.00504
53	0.00891	0.00834	0.01389	0.23318	0.56512	0.00881	0.02116	0.05526	0.00882	0.01225	0.02420	0.00985	0.00633	0.00360	0.00375	0.00115	0.00455	0.00343	0.00196	0.00546
54	0.00448	0.00381	0.00386	0.00388	0.00514	0.00320	0.00293	0.00545	0.00855	0.01016	0.03754	0.03627	0.82209	0.00952	0.00445	0.00128	0.00194	0.02879	0.00348	0.00317
55	0.00457	0.00326	0.00435	0.00522	0.00544	0.00305	0.00348	0.00522	0.00718	0.00958	0.02068	0.86570	0.02481	0.01175	0.00479	0.00152	0.00218	0.01067	0.00348	0.00305
56	0.03462	0.75831	0.01836	0.00680	0.02067	0.04161	0.00646	0.03642	0.03040	0.00974	0.00565	0.00639	0.00504	0.00333	0.00253	0.00084	0.00405	0.00214	0.00176	0.00487
57	0.00499	0.00377	0.00534	0.11080	0.00814	0.00380	0.00454	0.00596	0.00733	0.00971	0.01889	0.69680	0.02212	0.01066	0.00469	0.00151	0.00262	0.07187	0.00326	0.00322
58	0.00544	0.00415	0.00619	0.00615	0.00678	0.00490	0.00479	0.00675	0.00605	0.00874	0.01014	0.03639	0.00961	0.02693	0.80077	0.00575	0.04091	0.00416	0.00203	0.00337
59	0.00755	0.01925	0.83520	0.01078	0.01629	0.00873	0.02722	0.01188	0.00794	0.01188	0.00675	0.00796	0.00477	0.00356	0.00358	0.00119	0.00556	0.00280	0.00159	0.00554
60	0.00899	0.00951	0.05015	0.01323	0.05951	0.00997	0.39867	0.01131	0.01958	0.05211	0.00701	0.00947	0.00564	0.00454	0.00722	0.00139	0.32106	0.00385	0.00195	0.00485
61	0.82322	0.00739	0.00630	0.00639	0.07482	0.00846	0.00466	0.01107	0.00656	0.01646	0.00537	0.00635	0.00421	0.00347	0.00243	0.00116	0.00303	0.00214	0.00228	0.00421
62	0.00847	0.01330	0.36162	0.03950	0.41989	0.00886	0.07133	0.01165	0.00828	0.01201	0.00695	0.00880	0.00541	0.00343	0.00370	0.00116	0.00506	0.00318	0.00174	0.00567
63	0.00838	0.00731	0.00954	0.00686	0.01021	0.00596	0.09084	0.07104	0.00863	0.01305	0.00694	0.00812	0.00563	0.00295	0.00302	0.00067	0.00325	0.00254	0.00230	0.73275
64	0.00546	0.00364	0.00409	0.00409	0.00409	0.00364	0.00227	0.00546	0.00546	0.00727	0.01182	0.02455	0.01364	0.86815	0.01910	0.00364	0.00364	0.00546	0.00227	0.00227
65	0.00546	0.00364	0.00409	0.00409	0.00409	0.00364	0.00227	0.00546	0.00546	0.00727	0.01182	0.02455	0.01364	0.86815	0.01910	0.00364	0.00364	0.00546	0.00227	0.00227
66	0.00457	0.00326	0.00435	0.00522	0.00544	0.00305	0.00348	0.00522	0.00718	0.00958	0.02068	0.86570	0.02481	0.01175	0.00479	0.00152	0.00218	0.01067	0.00348	0.00305
67	0.00536	0.00402	0.00603	0.00603	0.00670	0.00469	0.00469	0.00670	0.00603	0.00871	0.01005	0.01474	0.00938	0.02814	0.85328	0.00603	0.01005	0.00402	0.00201	0.00335
68	0.00933	0.00806	0.00848	0.00764	0.00976	0.00933	0.00594	0.01994	0.83797	0.01569	0.01527	0.01400	0.01145	0.00509	0.00382	0.00127	0.00297	0.00424	0.00382	0.00594
69	0.89465	0.00726	0.00551	0.00493	0.00726	0.00842	0.00406	0.01103	0.00638	0.01683	0.00522	0.00609	0.00406	0.00348	0.00232	0.00116	0.00290	0.00203	0.00232	0.00406
70	0.00709	0.00667	0.01125	0.85913	0.02584	0.00834	0.01042	0.00959	0.00750	0.00959	0.00667	0.01000	0.00500	0.00375	0.00375	0.00125	0.00500	0.00333	0.00167	0.00417
71	0.89465	0.00726	0.00551	0.00493	0.00726	0.00842	0.00406	0.01103	0.00638	0.01683	0.00522	0.00609	0.00406	0.00348	0.00232	0.00116	0.00290	0.00203	0.00232	0.00406
72	0.00802	0.00666	0.00780	0.00559	0.00891	0.00502	0.00447	0.00969	0.00786	0.03475	0.00689	0.00791	0.00566	0.00283	0.00281	0.00057	0.00279	0.00226	0.00229	0.86722
73	0.01426	0.01051	0.01126	0.00863	0.01163	0.01163	0.00713	0.83224	0.01764	0.02364	0.00901	0.00901	0.00638	0.00450	0.00375	0.00113	0.00413	0.00338	0.00375	0.00638
74	0.01430	0.01057	0.01121	0.00862	0.01160	0.02564	0.00711	0.80560	0.01741	0.03650	0.00905	0.00903	0.00640	0.00450	0.00375	0.00112	0.00416	0.00337	0.00374	0.00635

[dist]
# distance from previous block
# <min> <max>
0	1

[block]
# block no. 2 follows, 73 sequences, length 295
# corresponding to MSA columns:
# 284-578
name=unknown_C
#
# <colnr> <probs for GDERKNQSTAVLIFYWHMCP>
#	G	D	E	R	K	N	Q	S	T	A	V	L	I	F	Y	W	H	M	C	P
0	0.02996	0.01007	0.01074	0.00829	0.01116	0.01114	0.00683	0.77288	0.01691	0.02300	0.00911	0.00922	0.00651	0.00448	0.00367	0.00111	0.00398	0.00336	0.05140	0.00618
1	0.00588	0.00422	0.00582	0.00658	0.00743	0.00417	0.00565	0.00753	0.00871	0.01140	0.08058	0.08060	0.04626	0.01021	0.00509	0.00166	0.00323	0.69805	0.00351	0.00343
2	0.00821	0.00821	0.01149	0.00985	0.00985	0.01149	0.00821	0.00903	0.00575	0.00903	0.00492	0.00821	0.00492	0.00657	0.01231	0.00164	0.86128	0.00328	0.00164	0.00410
3	0.00475	0.00337	0.00450	0.00535	0.00564	0.00318	0.00370	0.00553	0.00737	0.00987	0.03279	0.76774	0.02448	0.01147	0.00479	0.00153	0.00228	0.08331	0.01526	0.00310
4	0.89465	0.00726	0.00551	0.00493	0.00726	0.00842	0.00406	0.01103	0.00638	0.01683	0.00522	0.00609	0.00406	0.00348	0.00232	0.00116	0.00290	0.00203	0.00232	0.00406
5	0.00821	0.00821	0.01149	0.00985	0.00985	0.01149	0.00821	0.00903	0.00575	0.00903	0.00492	0.00821	0.00492	0.00657	0.01231	0.00164	0.86128	0.00328	0.00164	0.00410
6	0.00637	0.00431	0.00597	0.00669	0.00759	0.00423	0.00573	0.00797	0.00860	0.04931	0.02004	0.11720	0.03634	0.01022	0.00507	0.00167	0.00330	0.69234	0.00351	0.00355
7	0.00538	0.00430	0.00487	0.00465	0.00584	0.00404	0.00351	0.00780	0.10395	0.01295	0.39334	0.02999	0.38919	0.00818	0.00436	0.00123	0.00196	0.00700	0.00381	0.00365
8	0.00778	0.00667	0.00778	0.00556	0.00889	0.00500	0.00445	0.00945	0.00778	0.01223	0.00667	0.00778	0.00556	0.00278	0.00278	0.00056	0.00278	0.00222	0.00222	0.89108
9	0.00546	0.00364	0.00409	0.00409	0.00409	0.00364	0.00227	0.00546	0.00546	0.00727	0.01182	0.02455	0.01364	0.86815	0.01910	0.00364	0.00364	0.00546	0.00227	0.00227
10	0.00668	0.00506	0.01851	0.00562	0.00685	0.00449	0.00428	0.02309	0.05241	0.05080	0.19939	0.18762	0.33761	0.00944	0.00481	0.00147	0.00256	0.07133	0.00392	0.00407
11	0.00546	0.00364	0.00409	0.00409	0.00409	0.00364	0.00227	0.00546	0.00546	0.00727	0.01182	0.02455	0.01364	0.86815	0.01910	0.00364	0.00364	0.00546	0.00227	0.00227
12	0.00946	0.00807	0.00850	0.00761	0.00974	0.00933	0.00593	0.04554	0.80069	0.01592	0.01503	0.01384	0.01127	0.00506	0.00380	0.00126	0.00299	0.00420	0.01583	0.00592
13	0.00925	0.00888	0.01517	0.03584	0.83220	0.00891	0.01150	0.01148	0.00853	0.01222	0.00705	0.00930	0.00593	0.00335	0.00371	0.00112	0.00447	0.00334	0.00185	0.00592
14	0.00652	0.00326	0.00489	0.00489	0.00489	0.00326	0.00326	0.00489	0.00489	0.00652	0.00652	0.01140	0.00652	0.01303	0.01466	0.89084	0.00326	0.00326	0.00163	0.00163
15	0.00457	0.00326	0.00435	0.00522	0.00544	0.00305	0.00348	0.00522	0.00718	0.00958	0.02068	0.86570	0.02481	0.01175	0.00479	0.00152	0.00218	0.01067	0.00348	0.00305
16	0.00886	0.01012	0.02214	0.01581	0.01961	0.00949	0.83112	0.01202	0.00886	0.01202	0.00759	0.01012	0.00569	0.00316	0.00443	0.00127	0.00633	0.00443	0.00190	0.00506
17	0.00926	0.60828	0.27503	0.00774	0.01166	0.01296	0.00871	0.01143	0.00771	0.00977	0.00568	0.00660	0.00480	0.00332	0.00276	0.00092	0.00448	0.00224	0.00160	0.00504
18	0.00531	0.00383	0.00501	0.00472	0.00560	0.00354	0.00354	0.00708	0.01062	0.01504	0.84277	0.02802	0.03540	0.00767	0.00442	0.00118	0.00177	0.00678	0.00413	0.00354
19	0.00546	0.00364	0.00409	0.00409	0.00409	0.00364	0.00227	0.00546	0.00546	0.00727	0.01182	0.02455	0.01364	0.86815	0.01910	0.00364	0.00364	0.00546	0.00227	0.00227
20	0.01010	0.83033	0.03496	0.00656	0.00981	0.01464	0.00658	0.03429	0.00791	0.00930	0.00535	0.00614	0.00486	0.00325	0.00247	0.00082	0.00404	0.00206	0.00166	0.00487
21	0.00606	0.00392	0.00503	0.00469	0.00567	0.00363	0.00354	0.00781	0.01033	0.05583	0.71361	0.02578	0.03137	0.00717	0.00420	0.00115	0.00184	0.00629	0.09841	0.00368
22	0.02058	0.00667	0.00776	0.00556	0.00888	0.00506	0.00446	0.00960	0.00780	0.02424	0.00676	0.00783	0.00559	0.00282	0.00279	0.00057	0.00279	0.00224	0.00226	0.86576
23	0.00457	0.00328	0.00434	0.00519	0.00543	0.00305	0.00347	0.00523	0.00722	0.00959	0.02110	0.84547	0.04478	0.01170	0.00478	0.00152	0.00217	0.01060	0.00348	0.00305
24	0.00525	0.00383	0.00494	0.00466	0.00557	0.00352	0.00349	0.00697	0.01048	0.01472	0.79003	0.02855	0.08834	0.00779	0.00443	0.00119	0.00178	0.00686	0.00409	0.00352
25	0.00449	0.00380	0.00388	0.00386	0.00510	0.00319	0.00289	0.00549	0.00868	0.01044	0.08846	0.03560	0.79258	0.00939	0.00443	0.00126	0.00189	0.00785	0.00352	0.00319
26	0.00751	0.01837	0.77963	0.01071	0.01598	0.00854	0.04368	0.01170	0.00799	0.01186	0.00737	0.00958	0.00556	0.00386	0.00367	0.00122	0.00548	0.04020	0.00168	0.00543
27	0.00479	0.00342	0.00460	0.00547	0.00579	0.00324	0.00386	0.00560	0.00740	0.00982	0.02056	0.74393	0.02434	0.01155	0.00485	0.00155	0.00237	0.13029	0.00348	0.00311
28	0.00933	0.00806	0.00848	0.00764	0.00976	0.00933	0.00594	0.01994	0.83797	0.01569	0.01527	0.01400	0.01145	0.00509	0.00382	0.00127	0.00297	0.00424	0.00382	0.00594
29	0.01003	0.87041	0.01966	0.00642	0.00963	0.01485	0.00642	0.01123	0.00762	0.00883	0.00522	0.00602	0.00481	0.00321	0.00241	0.00080	0.00401	0.00201	0.00160	0.00481
30	0.01003	0.87041	0.01966	0.00642	0.00963	0.01485	0.00642	0.01123	0.00762	0.00883	0.00522	0.00602	0.00481	0.00321	0.00241	0.00080	0.00401	0.00201	0.00160	0.00481
31	0.00752	0.01941	0.84871	0.01069	0.01624	0.00871	0.01386	0.01188	0.00792	0.01188	0.00673	0.00792	0.00475	0.00356	0.00356	0.00119	0.00554	0.00277	0.00158	0.00554
32	0.00929	0.00891	0.01523	0.02303	0.84475	0.00891	0.01151	0.01151	0.00854	0.01226	0.00706	0.00929	0.00594	0.00334	0.00371	0.00111	0.00446	0.00334	0.00186	0.00594
33	0.00546	0.00364	0.00409	0.00409	0.00409	0.00364	0.00227	0.00546	0.00546	0.00727	0.01182	0.02455	0.01364	0.86815	0.01910	0.00364	0.00364	0.00546	0.00227	0.00227
34	0.00457	0.00326	0.00435	0.00522	0.00544	0.00305	0.00348	0.00522	0.00718	0.00958	0.02068	0.86570	0.02481	0.01175	0.00479	0.00152	0.00218	0.01067	0.00348	0.00305
35	0.00546	0.00364	0.00409	0.00409	0.00409	0.00364	0.00227	0.00546	0.00546	0.00727	0.01182	0.02455	0.01364	0.86815	0.01910	0.00364	0.00364	0.00546	0.00227	0.00227
36	0.00922	0.00885	0.01511	0.04866	0.81964	0.00890	0.01148	0.01145	0.00851	0.01218	0.00705	0.00931	0.00591	0.00336	0.00372	0.00112	0.00447	0.00334	0.00185	0.00589
37	0.00834	0.00797	0.01246	0.00914	0.01214	0.00736	0.23880	0.03534	0.00811	0.01208	0.00676	0.00854	0.00553	0.00346	0.00458	0.00092	0.12171	0.00303	0.00210	0.49163
38	0.00958	0.00956	0.04041	0.02081	0.70156	0.03276	0.03515	0.04951	0.04081	0.01280	0.00743	0.00937	0.00610	0.00348	0.00373	0.00112	0.00454	0.00337	0.00201	0.00588
39	0.00457	0.00326	0.00435	0.00522	0.00544	0.00305	0.00348	0.00522	0.00718	0.00958	0.02068	0.86570	0.02481	0.01175	0.00479	0.00152	0.00218	0.01067	0.00348	0.00305
40	0.00937	0.00820	0.00934	0.00905	0.07666	0.00933	0.02368	0.02804	0.74534	0.01543	0.01438	0.01349	0.01084	0.00490	0.00382	0.00126	0.00317	0.00416	0.00362	0.00593
41	0.00444	0.00378	0.00382	0.00386	0.00508	0.00316	0.00287	0.00538	0.00850	0.01011	0.03734	0.06792	0.81184	0.00959	0.00445	0.00128	0.00191	0.00802	0.00348	0.00316
42	0.03972	0.25700	0.38721	0.01027	0.05854	0.05527	0.08888	0.02205	0.00824	0.03101	0.00652	0.00767	0.00503	0.00346	0.00328	0.00107	0.00503	0.00273	0.00178	0.00523
43	0.01049	0.74659	0.01874	0.00703	0.01016	0.07762	0.03808	0.01176	0.00799	0.03468	0.00564	0.00644	0.00499	0.00330	0.00260	0.00084	0.00428	0.00218	0.00173	0.00484
44	0.00546	0.00400	0.00515	0.00483	0.00576	0.00376	0.00363	0.00757	0.04235	0.01507	0.81104	0.02749	0.03448	0.00757	0.00440	0.00118	0.00182	0.00669	0.00412	0.00363
45	0.00899	0.00858	0.01461	0.07741	0.75871	0.00871	0.01118	0.01120	0.00838	0.01195	0.00715	0.00954	0.00601	0.00432	0.03629	0.00131	0.00471	0.00337	0.00185	0.00573
46	0.21984	0.01959	0.01252	0.07977	0.39354	0.08548	0.06921	0.02967	0.01848	0.01304	0.00660	0.00841	0.00535	0.00355	0.00355	0.00114	0.02010	0.00302	0.00202	0.00511
47	0.00545	0.00367	0.00426	0.00426	0.00432	0.00373	0.00249	0.00557	0.00551	0.00740	0.01166	0.02368	0.01326	0.79333	0.09340	0.00385	0.00421	0.00533	0.00225	0.00237
48	0.01487	0.00702	0.00882	0.00697	0.00966	0.00677	0.00570	0.13245	0.11453	0.57653	0.01380	0.01250	0.00916	0.00557	0.03632	0.00135	0.00353	0.00378	0.02452	0.00615
49	0.00788	0.00702	0.01118	0.21777	0.34248	0.01655	0.02744	0.02078	0.00861	0.03685	0.11174	0.07916	0.07060	0.00516	0.00411	0.00121	0.01959	0.00467	0.00243	0.00475
50	0.00849	0.27083	0.47732	0.00980	0.02442	0.01046	0.08339	0.01178	0.02073	0.02042	0.02569	0.00817	0.00572	0.00355	0.00332	0.00108	0.00499	0.00282	0.00175	0.00526
51	0.01401	0.01788	0.01063	0.00967	0.01160	0.85309	0.00725	0.01498	0.01063	0.00918	0.00580	0.00677	0.00483	0.00387	0.00338	0.00097	0.00677	0.00242	0.00193	0.00435
52	0.01425	0.00571	0.00746	0.00593	0.00832	0.00508	0.00483	0.02580	0.01018	0.62581	0.03954	0.01346	0.01013	0.00467	0.00354	0.00110	0.00284	0.00380	0.20190	0.00565
53	0.00968	0.00889	0.01482	0.03390	0.77268	0.00895	0.01114	0.04991	0.00901	0.03427	0.00734	0.00937	0.00604	0.00344	0.00372	0.00112	0.00442	0.00336	0.00201	0.00595
54	0.01003	0.87041	0.01966	0.00642	0.00963	0.01485	0.00642	0.01123	0.00762	0.00883	0.00522	0.00602	0.00481	0.00321	0.00241	0.00080	0.00401	0.00201	0.00160	0.00481
55	0.00445	0.00379	0.00383	0.00384	0.00508	0.00317	0.00287	0.00542	0.00858	0.01023	0.05528	0.04680	0.81493	0.00949	0.00444	0.00127	0.00190	0.00793	0.00350	0.00317
56	0.00450	0.00378	0.00390	0.00392	0.00512	0.00319	0.00292	0.00549	0.00862	0.01043	0.08897	0.07355	0.75382	0.00949	0.00445	0.00127	0.00190	0.00797	0.00353	0.00319
57	0.01652	0.00689	0.00902	0.00692	0.00983	0.00626	0.00571	0.11812	0.01158	0.74631	0.01409	0.01231	0.00893	0.00463	0.00377	0.00116	0.00331	0.00372	0.00453	0.00638
58	0.00551	0.00377	0.00470	0.00449	0.00538	0.00350	0.00336	0.00721	0.01001	0.01450	0.65193	0.04159	0.07686	0.00733	0.00415	0.00114	0.00178	0.00640	0.14289	0.00350
59	0.89465	0.00726	0.00551	0.00493	0.00726	0.00842	0.00406	0.01103	0.00638	0.01683	0.00522	0.00609	0.00406	0.00348	0.00232	0.00116	0.00290	0.00203	0.00232	0.00406
60	0.00544	0.00364	0.00412	0.00412	0.00414	0.00363	0.00232	0.00549	0.00560	0.00749	0.03195	0.03496	0.01430	0.83690	0.01857	0.00355	0.00357	0.00555	0.00233	0.00231
61	0.01150	0.26214	0.01442	0.03177	0.22249	0.37696	0.00816	0.01289	0.00916	0.00987	0.00597	0.00726	0.00511	0.00354	0.00319	0.00096	0.00534	0.00255	0.00181	0.00488
62	0.00740	0.00616	0.00734	0.01660	0.00863	0.00477	0.00444	0.00894	0.00774	0.02031	0.00889	0.12379	0.00849	0.00416	0.00312	0.00072	0.00274	0.01928	0.00243	0.73404
63	0.00833	0.03785	0.61851	0.01280	0.16669	0.04563	0.02350	0.01202	0.00819	0.02271	0.00683	0.00816	0.00505	0.00354	0.00357	0.00116	0.00534	0.00288	0.00169	0.00555
64	0.01256	0.01514	0.01197	0.02453	0.25270	0.59805	0.00852	0.01391	0.00999	0.01008	0.00617	0.00754	0.00516	0.00371	0.00348	0.00101	0.00608	0.00270	0.00191	0.00481
65	0.00933	0.00806	0.00848	0.00764	0.00976	0.00933	0.00594	0.01994	0.83797	0.01569	0.01527	0.01400	0.01145	0.00509	0.00382	0.00127	0.00297	0.00424	0.00382	0.00594
66	0.00546	0.00364	0.00409	0.00409	0.00409	0.00364	0.00227	0.00546	0.00546	0.00727	0.01182	0.02455	0.01364	0.86815	0.01910	0.00364	0.00364	0.00546	0.00227	0.00227
67	0.00454	0.00382	0.00394	0.00396	0.00520	0.00323	0.00300	0.00555	0.00865	0.01040	0.07413	0.03597	0.77475	0.00945	0.00446	0.00128	0.00195	0.03899	0.00351	0.00320
68	0.00546	0.00364	0.00409	0.00409	0.00409	0.00364	0.00227	0.00546	0.00546	0.00727	0.01182	0.02455	0.01364	0.86815	0.01910	0.00364	0.00364	0.00546	0.00227	0.00227
69	0.01426	0.01051	0.01126	0.00863	0.01163	0.01163	0.00713	0.83224	0.01764	0.02364	0.00901	0.00901	0.00638	0.00450	0.00375	0.00113	0.00413	0.00338	0.00375	0.00638
70	0.01018	0.83892	0.01933	0.00654	0.00970	0.04580	0.00645	0.01137	0.00773	0.00884	0.00524	0.00605	0.00482	0.00323	0.00244	0.00081	0.00411	0.00202	0.00162	0.00480
71	0.00457	0.00328	0.00434	0.00518	0.00543	0.00305	0.00346	0.00523	0.00722	0.00959	0.02118	0.84144	0.04875	0.01169	0.00478	0.00152	0.00217	0.01059	0.00348	0.00305
72	0.02972	0.15118	0.36943	0.01187	0.03596	0.00995	0.29522	0.02133	0.00832	0.02258	0.00689	0.00844	0.00518	0.00339	0.00366	0.00115	0.00543	0.00324	0.00178	0.00526
73	0.00537	0.00400	0.00591	0.00591	0.00654	0.00462	0.00454	0.00662	0.00599	0.00862	0.01016	0.01536	0.00965	0.08106	0.80072	0.00588	0.00965	0.00411	0.00203	0.00328
74	0.00598	0.00429	0.00595	0.00676	0.00764	0.00426	0.00589	0.00767	0.00866	0.01124	0.03260	0.04188	0.05214	0.01029	0.00514	0.00170	0.00337	0.77761	0.00347	0.00345
75	0.63592	0.00984	0.00691	0.00617	0.00840	0.20987	0.00491	0.04225	0.00784	0.01521	0.00563	0.00651	0.00443	0.00363	0.00263	0.00111	0.00385	0.00220	0.01848	0.00421
76	0.72070	0.00760	0.00644	0.00561	0.01762	0.00854	0.00452	0.10350	0.00778	0.01721	0.00578	0.00658	0.00445	0.00355	0.00253	0.00111	0.00305	0.00221	0.00247	0.06874
77	0.31438	0.00723	0.03145	0.00688	0.04716	0.00677	0.00546	0.02345	0.00892	0.42959	0.01027	0.00978	0.00691	0.00401	0.00319	0.00111	0.00320	0.00301	0.00344	0.07379
78	0.00541	0.00363	0.00416	0.00421	0.00424	0.00364	0.00241	0.00548	0.00556	0.00744	0.01223	0.06820	0.01409	0.79765	0.04392	0.00360	0.00376	0.00568	0.00233	0.00235
79	0.00536	0.00402	0.00603	0.00603	0.00670	0.00469	0.00469	0.00670	0.00603	0.00871	0.01005	0.01474	0.00938	0.02814	0.85328	0.00603	0.01005	0.00402	0.00201	0.00335
80	0.00777	0.01855	0.79302	0.04311	0.01642	0.00861	0.01350	0.01197	0.00798	0.03525	0.00696	0.00814	0.00489	0.00360	0.00358	0.00119	0.00546	0.00282	0.00167	0.00552
81	0.01257	0.01484	0.00997	0.00904	0.01103	0.59197	0.00684	0.01651	0.26666	0.01120	0.00873	0.00900	0.00688	0.00424	0.00352	0.00106	0.00559	0.00298	0.00252	0.00484
82	0.00525	0.00383	0.00493	0.00466	0.00557	0.00351	0.00349	0.00696	0.01047	0.01470	0.78607	0.02859	0.09231	0.00780	0.00443	0.00119	0.00178	0.00686	0.00408	0.00351
83	0.00531	0.00383	0.00501	0.00472	0.00560	0.00354	0.00354	0.00708	0.01062	0.01504	0.84277	0.02802	0.03540	0.00767	0.00442	0.00118	0.00177	0.00678	0.00413	0.00354
84	0.00726	0.00685	0.01157	0.79191	0.09168	0.00838	0.01051	0.00974	0.00759	0.00980	0.00670	0.00994	0.00508	0.00372	0.00375	0.00124	0.00496	0.00333	0.00168	0.00431
85	0.00726	0.00584	0.00659	0.00604	0.00756	0.00625	0.00463	0.01310	0.39841	0.02490	0.37924	0.02192	0.08972	0.00657	0.00413	0.00123	0.00236	0.00565	0.00394	0.00467
86	0.01426	0.01051	0.01126	0.00863	0.01163	0.01163	0.00713	0.83224	0.01764	0.02364	0.00901	0.00901	0.00638	0.00450	0.00375	0.00113	0.00413	0.00338	0.00375	0.00638
87	0.00709	0.00667	0.01125	0.85913	0.02584	0.00834	0.01042	0.00959	0.00750	0.00959	0.00667	0.01000	0.00500	0.00375	0.00375	0.00125	0.00500	0.00333	0.00167	0.00417
88	0.00898	0.01013	0.02188	0.01564	0.01942	0.00954	0.81152	0.03152	0.00906	0.01229	0.00762	0.01009	0.00571	0.00319	0.00441	0.00126	0.00627	0.00440	0.00194	0.00509
89	0.00446	0.00380	0.00384	0.00383	0.00508	0.00318	0.00287	0.00544	0.00861	0.01029	0.06268	0.03586	0.81846	0.00945	0.00443	0.00126	0.00190	0.00788	0.00350	0.00318
90	0.00962	0.00867	0.00862	0.00776	0.00987	0.06139	0.00602	0.01963	0.78692	0.01529	0.01469	0.01355	0.01104	0.00501	0.00379	0.00125	0.00320	0.00413	0.00370	0.00584
91	0.34212	0.00766	0.00727	0.00654	0.00869	0.00886	0.00515	0.01626	0.50627	0.01593	0.01141	0.01127	0.00872	0.02421	0.00360	0.00128	0.00296	0.00344	0.00322	0.00515
92	0.01367	0.01021	0.01105	0.03463	0.01193	0.01136	0.00714	0.74614	0.07881	0.02262	0.00941	0.00941	0.00672	0.00452	0.00376	0.00114	0.00407	0.00344	0.00369	0.00628
93	0.00915	0.00787	0.00832	0.00750	0.00957	0.00907	0.00583	0.01935	0.80011	0.01566	0.05313	0.01464	0.01255	0.00521	0.00385	0.00127	0.00291	0.00436	0.00383	0.00583
94	0.01676	0.00650	0.00878	0.00673	0.00964	0.00569	0.00556	0.04113	0.01093	0.82422	0.01464	0.01266	0.00921	0.00464	0.00377	0.00116	0.00322	0.00376	0.00462	0.00638
95	0.00888	0.00850	0.01450	0.17643	0.69450	0.00881	0.01131	0.01116	0.00835	0.01177	0.00699	0.00942	0.00577	0.00342	0.00372	0.00114	0.00456	0.00334	0.00182	0.00562
96	0.01656	0.00682	0.00898	0.00688	0.00979	0.00616	0.00568	0.10419	0.01147	0.76041	0.01419	0.01237	0.00898	0.00463	0.00377	0.00116	0.00329	0.00373	0.00455	0.00638
97	0.00529	0.00383	0.00498	0.00469	0.00559	0.00353	0.00352	0.00703	0.01056	0.01491	0.82018	0.02825	0.05808	0.00772	0.00443	0.00118	0.00177	0.00682	0.00411	0.00353
98	0.00546	0.00364	0.00409	0.00409	0.00409	0.00364	0.00227	0.00546	0.00546	0.00727	0.01182	0.02455	0.01364	0.86815	0.01910	0.00364	0.00364	0.00546	0.00227	0.00227
99	0.89465	0.00726	0.00551	0.00493	0.00726	0.00842	0.00406	0.01103	0.00638	0.01683	0.00522	0.00609	0.00406	0.00348	0.00232	0.00116	0.00290	0.00203	0.00232	0.00406
100	0.00546	0.00364	0.00409	0.00409	0.00409	0.00364	0.00227	0.00546	0.00546	0.00727	0.01182	0.02455	0.01364	0.86815	0.01910	0.00364	0.00364	0.00546	0.00227	0.00227
101	0.04252	0.03693	0.03488	0.01252	0.10945	0.12395	0.29836	0.02442	0.25168	0.01295	0.00937	0.01036	0.00719	0.00388	0.00386	0.00119	0.00495	0.00376	0.00248	0.00531
102	0.00997	0.85096	0.03861	0.00652	0.00978	0.01470	0.00659	0.01125	0.00763	0.00890	0.00525	0.00606	0.00481	0.00322	0.00243	0.00081	0.00405	0.00202	0.00160	0.00483
103	0.01406	0.01038	0.01114	0.00859	0.01155	0.01149	0.00709	0.80556	0.03368	0.02333	0.00927	0.00954	0.00668	0.00459	0.00377	0.00114	0.00410	0.01397	0.00375	0.00633
104	0.01003	0.87041	0.01966	0.00642	0.00963	0.01485	0.00642	0.01123	0.00762	0.00883	0.00522	0.00602	0.00481	0.00321	0.00241	0.00080	0.00401	0.00201	0.00160	0.00481
105	0.00810	0.00553	0.00477	0.00447	0.00564	0.10203	0.00339	0.03925	0.00854	0.01371	0.01116	0.01273	0.00879	0.00426	0.00276	0.00088	0.00245	0.00332	0.72047	0.03773
106	0.00447	0.00380	0.00385	0.00383	0.00509	0.00318	0.00288	0.00545	0.00863	0.01032	0.06772	0.03581	0.81339	0.00943	0.00443	0.00126	0.00190	0.00788	0.00351	0.00318
107	0.89465	0.00726	0.00551	0.00493	0.00726	0.00842	0.00406	0.01103	0.00638	0.01683	0.00522	0.00609	0.00406	0.00348	0.00232	0.00116	0.00290	0.00203	0.00232	0.00406
108	0.00905	0.00867	0.01480	0.11245	0.75716	0.00885	0.01140	0.01131	0.00843	0.01197	0.00702	0.00936	0.00584	0.00339	0.00372	0.00113	0.00452	0.00334	0.00184	0.00575
109	0.00504	0.00366	0.00431	0.00446	0.00500	0.00342	0.00301	0.00577	0.00758	0.00995	0.17014	0.19310	0.21681	0.30990	0.00966	0.00215	0.00260	0.03736	0.00318	0.00291
110	0.00824	0.00830	0.01198	0.01012	0.01030	0.01140	0.04586	0.00917	0.00589	0.00917	0.00505	0.00830	0.00496	0.00641	0.01195	0.00162	0.82216	0.00334	0.00165	0.00415
111	0.00545	0.00365	0.00418	0.00418	0.00421	0.00369	0.00238	0.00551	0.00548	0.00734	0.01174	0.02410	0.01344	0.82971	0.05727	0.00375	0.00393	0.00539	0.00226	0.00232
112	0.01642	0.00640	0.00866	0.00662	0.00955	0.00549	0.00547	0.01788	0.01060	0.80913	0.01443	0.01254	0.00912	0.00456	0.00373	0.00113	0.00317	0.00370	0.00453	0.04687
113	0.01438	0.01032	0.01114	0.00854	0.01154	0.01135	0.00706	0.79499	0.01732	0.06133	0.00927	0.00918	0.00651	0.00451	0.00375	0.00113	0.00409	0.00340	0.00379	0.00638
114	0.00457	0.00381	0.00399	0.00394	0.00515	0.00323	0.00296	0.00565	0.00887	0.01090	0.16298	0.03485	0.71777	0.00922	0.00443	0.00125	0.00188	0.00774	0.00358	0.00323
115	0.00886	0.01012	0.02214	0.01581	0.01961	0.00949	0.83112	0.01202	0.00886	0.01202	0.00759	0.01012	0.00569	0.00316	0.00443	0.00127	0.00633	0.00443	0.00190	0.00506
116	0.00443	0.00380	0.00380	0.00380	0.00507	0.00317	0.00285	0.00538	0.00855	0.01014	0.03801	0.03611	0.84322	0.00950	0.00443	0.00127	0.00190	0.00792	0.00348	0.00317
117	0.01634	0.00686	0.00896	0.00691	0.00979	0.00626	0.00569	0.10228	0.03681	0.73690	0.01422	0.01242	0.00905	0.00464	0.00377	0.00116	0.00328	0.00375	0.00453	0.00637
118	0.01165	0.00858	0.00934	0.00776	0.01029	0.00945	0.00620	0.27075	0.45959	0.11238	0.01296	0.01208	0.00942	0.00477	0.00375	0.00119	0.00335	0.00385	0.00383	0.03881
119	0.01634	0.00717	0.00919	0.00705	0.00997	0.00668	0.00582	0.17345	0.01205	0.69032	0.01370	0.01205	0.00873	0.00462	0.00377	0.00115	0.00337	0.00370	0.00447	0.00638
120	0.00546	0.00364	0.00409	0.00409	0.00409	0.00364	0.00227	0.00546	0.00546	0.00727	0.01182	0.02455	0.01364	0.86815	0.01910	0.00364	0.00364	0.00546	0.00227	0.00227
121	0.00899	0.00738	0.00843	0.00613	0.00940	0.00624	0.00495	0.16279	0.00962	0.01435	0.00710	0.00801	0.00571	0.00310	0.00296	0.00066	0.00303	0.00244	0.00251	0.72621
122	0.01422	0.01176	0.01115	0.00881	0.01163	0.15410	0.00715	0.69387	0.01645	0.02120	0.00846	0.00863	0.00612	0.00440	0.00369	0.00110	0.00457	0.00322	0.00344	0.00604
123	0.01426	0.01051	0.01126	0.00863	0.01163	0.01163	0.00713	0.83224	0.01764	0.02364	0.00901	0.00901	0.00638	0.00450	0.00375	0.00113	0.00413	0.00338	0.00375	0.00638
124	0.00545	0.00368	0.00429	0.00429	0.00436	0.00375	0.00252	0.00558	0.00552	0.00742	0.01164	0.02354	0.01320	0.78137	0.10528	0.00388	0.00430	0.00531	0.00225	0.00238
125	0.00777	0.00716	0.04003	0.00575	0.00917	0.00514	0.00481	0.00954	0.00779	0.01221	0.00667	0.00779	0.00553	0.00281	0.00281	0.00058	0.00288	0.00224	0.00220	0.85713
126	0.06453	0.51946	0.11021	0.00751	0.01034	0.03238	0.00742	0.02144	0.02364	0.02008	0.00571	0.00689	0.00498	0.00391	0.00427	0.00103	0.14725	0.00240	0.00177	0.00478
127	0.00508	0.00381	0.00471	0.00453	0.00547	0.00343	0.00338	0.00662	0.01001	0.01370	0.62496	0.06202	0.22198	0.00825	0.00444	0.00121	0.00182	0.00720	0.00396	0.00343
128	0.00474	0.00333	0.00430	0.00501	0.00519	0.00316	0.00326	0.00527	0.00686	0.00915	0.01903	0.70894	0.02273	0.17136	0.00745	0.00192	0.00245	0.00969	0.00326	0.00290
129	0.76346	0.12421	0.00750	0.00520	0.00763	0.02028	0.00442	0.01111	0.00661	0.01565	0.00523	0.00609	0.00417	0.00345	0.00235	0.00111	0.00310	0.00203	0.00222	0.00417
130	0.00550	0.04514	0.00570	0.00557	0.00632	0.00435	0.00402	0.00721	0.08469	0.01034	0.01922	0.64002	0.04333	0.01018	0.00450	0.00143	0.00243	0.05264	0.00337	0.04406
131	0.02156	0.00763	0.00898	0.05678	0.02681	0.05857	0.04297	0.02099	0.00812	0.01209	0.00667	0.00797	0.00548	0.00297	0.00297	0.00068	0.00337	0.00244	0.00217	0.70078
132	0.00960	0.13224	0.05780	0.00839	0.10983	0.02851	0.00637	0.02068	0.03169	0.11366	0.00793	0.01973	0.00631	0.00341	0.00308	0.00082	0.00348	0.00273	0.00242	0.43131
133	0.00959	0.13646	0.01548	0.01945	0.65835	0.00991	0.01039	0.04325	0.03938	0.01231	0.00716	0.00897	0.00600	0.00343	0.00353	0.00107	0.00432	0.00318	0.00196	0.00579
134	0.00877	0.00719	0.00762	0.00687	0.00887	0.00800	0.00534	0.01715	0.64420	0.05406	0.01949	0.01806	0.16636	0.00589	0.00393	0.00127	0.00278	0.00490	0.00379	0.00544
135	0.00787	0.00696	0.00898	0.00641	0.00979	0.00538	0.07358	0.00966	0.00787	0.01221	0.00675	0.00798	0.00557	0.00281	0.00292	0.00062	0.00308	0.00241	0.00220	0.81698
136	0.00803	0.00395	0.00417	0.00392	0.00502	0.00391	0.00300	0.03478	0.00840	0.08319	0.01235	0.01373	0.00949	0.00440	0.00275	0.00091	0.00194	0.00352	0.78872	0.00382
137	0.00457	0.00326	0.00435	0.00522	0.00544	0.00305	0.00348	0.00522	0.00718	0.00958	0.02068	0.86570	0.02481	0.01175	0.00479	0.00152	0.00218	0.01067	0.00348	0.00305
138	0.00443	0.00380	0.00380	0.00380	0.00507	0.00317	0.00285	0.00538	0.00855	0.01014	0.03801	0.03611	0.84322	0.00950	0.00443	0.00127	0.00190	0.00792	0.00348	0.00317
139	0.00778	0.00667	0.00778	0.00556	0.00889	0.00500	0.00445	0.00945	0.00778	0.01223	0.00667	0.00778	0.00556	0.00278	0.00278	0.00056	0.00278	0.00222	0.00222	0.89108
140	0.00699	0.00350	0.00350	0.00350	0.00437	0.00350	0.00262	0.00874	0.00787	0.01399	0.01224	0.01399	0.00962	0.00437	0.00262	0.00087	0.00175	0.00350	0.88898	0.00350
141	0.01683	0.00638	0.00871	0.00668	0.00958	0.00551	0.00551	0.01828	0.01074	0.84734	0.01480	0.01277	0.00929	0.00464	0.00377	0.00116	0.00319	0.00377	0.00464	0.00638
142	0.00443	0.00380	0.00380	0.00380	0.00507	0.00317	0.00285	0.00538	0.00855	0.01014	0.03801	0.03611	0.84322	0.00950	0.00443	0.00127	0.00190	0.00792	0.00348	0.00317
143	0.01003	0.87041	0.01966	0.00642	0.00963	0.01485	0.00642	0.01123	0.00762	0.00883	0.00522	0.00602	0.00481	0.00321	0.00241	0.00080	0.00401	0.00201	0.00160	0.00481
144	0.00886	0.01012	0.02214	0.01581	0.01961	0.00949	0.83112	0.01202	0.00886	0.01202	0.00759	0.01012	0.00569	0.00316	0.00443	0.00127	0.00633	0.00443	0.00190	0.00506
145	0.01003	0.87041	0.01966	0.00642	0.00963	0.01485	0.00642	0.01123	0.00762	0.00883	0.00522	0.00602	0.00481	0.00321	0.00241	0.00080	0.00401	0.00201	0.00160	0.00481
146	0.00800	0.00666	0.00780	0.00558	0.00891	0.00501	0.00447	0.00966	0.00785	0.03235	0.00686	0.00790	0.00565	0.00282	0.00280	0.00057	0.00279	0.00226	0.00228	0.86977
147	0.00536	0.00402	0.00603	0.00603	0.00670	0.00469	0.00469	0.00670	0.00603	0.00871	0.01005	0.01474	0.00938	0.02814	0.85328	0.00603	0.01005	0.00402	0.00201	0.00335
