[name]
unknown

[dist]
# distance from previous block
# <min> <max>
0	81

[block]
# block no. 0 follows, 57 sequences, length 62
# corresponding to MSA columns:
# 89-145,149-153
name=unknown_A
#
# <colnr> <probs for GDERKNQSTAVLIFYWHMCP>
#	G	D	E	R	K	N	Q	S	T	A	V	L	I	F	Y	W	H	M	C	P
0	0.00883	0.00760	0.03246	0.08421	0.02983	0.03971	0.04933	0.04948	0.03818	0.04493	0.07598	0.16758	0.04994	0.01316	0.16287	0.00265	0.03776	0.03687	0.04597	0.02267
1	0.00603	0.00446	0.00554	0.00613	0.00681	0.00417	0.00425	0.03821	0.00979	0.01287	0.08755	0.60455	0.16689	0.01299	0.00563	0.00174	0.00263	0.01159	0.00428	0.00391
2	0.01085	0.00865	0.01008	0.00751	0.01114	0.03329	0.01919	0.04396	0.01021	0.08462	0.00940	0.02866	0.00768	0.00414	0.00408	0.00088	0.03688	0.00326	0.01602	0.64954
3	0.07183	0.03133	0.01204	0.08728	0.11860	0.03741	0.06222	0.08414	0.04686	0.01478	0.05887	0.03869	0.08285	0.04059	0.00740	0.07886	0.08236	0.00502	0.01435	0.02450
4	0.00815	0.00523	0.02783	0.00712	0.03912	0.00487	0.00492	0.02951	0.00732	0.01016	0.04333	0.03409	0.01028	0.03560	0.05926	0.59771	0.00437	0.00440	0.03039	0.03635
5	0.00650	0.00433	0.00553	0.00572	0.00639	0.00405	0.00400	0.00696	0.02510	0.01178	0.15311	0.23087	0.21528	0.01306	0.00941	0.27978	0.00291	0.00827	0.00362	0.00333
6	0.00874	0.00833	0.05290	0.01105	0.10560	0.01887	0.12271	0.02481	0.07834	0.04031	0.12554	0.04757	0.18030	0.08540	0.05496	0.00210	0.00475	0.01903	0.00350	0.00518
7	0.02468	0.00799	0.02486	0.00966	0.08163	0.04662	0.03779	0.04355	0.11653	0.09059	0.04907	0.16080	0.13187	0.04286	0.02291	0.06631	0.02663	0.00679	0.00371	0.00518
8	0.00715	0.00515	0.00616	0.00604	0.00723	0.00479	0.00436	0.05581	0.01040	0.03933	0.14587	0.30390	0.21038	0.09007	0.03356	0.00202	0.00317	0.00917	0.00411	0.05130
9	0.01176	0.00732	0.00777	0.00667	0.00873	0.00781	0.00528	0.22244	0.10658	0.06364	0.01434	0.01521	0.01081	0.00544	0.00378	0.00121	0.00315	0.00431	0.48805	0.00569
10	0.29340	0.00695	0.02212	0.00632	0.00815	0.00715	0.00497	0.06218	0.00977	0.04242	0.13939	0.05563	0.09421	0.12987	0.07982	0.00241	0.00422	0.02293	0.00352	0.00456
11	0.00746	0.00509	0.00631	0.00619	0.00733	0.00502	0.00457	0.02052	0.05448	0.06318	0.13653	0.16852	0.19708	0.07291	0.16467	0.03398	0.00464	0.00783	0.02944	0.00426
12	0.03200	0.00982	0.01067	0.00855	0.01142	0.01054	0.00687	0.41983	0.10454	0.10086	0.01300	0.01406	0.00982	0.06489	0.00559	0.00153	0.00417	0.00435	0.12626	0.04123
13	0.01539	0.01017	0.01125	0.00897	0.01200	0.01093	0.00727	0.44483	0.12189	0.15035	0.04547	0.01434	0.01107	0.02515	0.00488	0.00143	0.00421	0.00453	0.08883	0.00704
14	0.00752	0.00550	0.00649	0.00638	0.00757	0.00541	0.00469	0.06208	0.07856	0.03348	0.20227	0.23854	0.17192	0.09995	0.00728	0.00191	0.00299	0.04872	0.00431	0.00443
15	0.03258	0.00526	0.00621	0.00606	0.00734	0.00500	0.00444	0.03016	0.04396	0.09789	0.15552	0.25612	0.18601	0.07811	0.00660	0.00179	0.00287	0.01843	0.05115	0.00448
16	0.04178	0.01051	0.01213	0.00932	0.01287	0.01087	0.00770	0.45353	0.01747	0.35576	0.01367	0.01267	0.00909	0.00548	0.00450	0.00138	0.00448	0.00423	0.00493	0.00763
17	0.00958	0.00657	0.00747	0.00682	0.00869	0.00653	0.00524	0.08434	0.15263	0.11422	0.10263	0.12545	0.27061	0.04585	0.00591	0.00167	0.00314	0.03290	0.00449	0.00524
18	0.06538	0.00564	0.00649	0.00633	0.00765	0.00555	0.00467	0.05726	0.04712	0.06846	0.13774	0.25768	0.16994	0.09706	0.00706	0.00190	0.00308	0.04233	0.00420	0.00448
19	0.00636	0.00520	0.00558	0.00557	0.00705	0.00479	0.00421	0.03951	0.06297	0.01345	0.05720	0.14807	0.56317	0.01125	0.00538	0.00159	0.00262	0.04753	0.00426	0.00421
20	0.01389	0.01026	0.01099	0.00880	0.01181	0.01103	0.00715	0.51344	0.07873	0.04939	0.03205	0.01958	0.19883	0.00699	0.00475	0.00142	0.00416	0.00554	0.00450	0.00669
21	0.02422	0.00603	0.00697	0.00651	0.00793	0.00606	0.00480	0.05832	0.11440	0.09946	0.11433	0.13511	0.11646	0.19470	0.00902	0.00217	0.00337	0.03917	0.04622	0.00475
22	0.03005	0.00626	0.02129	0.00720	0.00840	0.01991	0.00562	0.03748	0.02183	0.06696	0.08263	0.10664	0.08335	0.09719	0.28321	0.00378	0.06242	0.02717	0.02416	0.00447
23	0.09247	0.02973	0.01208	0.00934	0.01264	0.01235	0.00767	0.49522	0.13609	0.09579	0.01227	0.01202	0.00879	0.00541	0.00431	0.00137	0.00443	0.00410	0.03672	0.00720
24	0.00572	0.00492	0.00565	0.00542	0.00702	0.00422	0.03345	0.00706	0.01041	0.01256	0.06141	0.04272	0.70699	0.01121	0.00542	0.00157	0.00262	0.06353	0.00415	0.00395
25	0.00842	0.00581	0.00707	0.02079	0.00827	0.00609	0.00505	0.05752	0.12226	0.04920	0.07743	0.20148	0.04776	0.13180	0.11172	0.04976	0.00448	0.01778	0.06278	0.00453
26	0.03828	0.00838	0.01238	0.18274	0.06211	0.02932	0.11335	0.12479	0.01125	0.01514	0.01488	0.20259	0.01501	0.02553	0.00550	0.00169	0.00495	0.12361	0.00330	0.00521
27	0.01024	0.01087	0.01923	0.01489	0.01680	0.01287	0.33691	0.01241	0.00850	0.01241	0.00729	0.01087	0.00633	0.00622	0.01091	0.00179	0.48936	0.00454	0.00211	0.00544
28	0.00663	0.00437	0.00553	0.00605	0.00646	0.00417	0.00398	0.02099	0.00851	0.04221	0.02184	0.54562	0.04478	0.22217	0.01037	0.02516	0.00319	0.01050	0.00384	0.00363
29	0.00767	0.00603	0.00883	0.09380	0.10966	0.00606	0.02437	0.04069	0.00992	0.02586	0.06679	0.35136	0.08827	0.03112	0.00627	0.03422	0.00372	0.07716	0.00365	0.00454
30	0.01659	0.02140	0.03155	0.01189	0.01438	0.78334	0.02902	0.01792	0.01271	0.01125	0.00709	0.00831	0.00586	0.00464	0.00412	0.00118	0.00812	0.00299	0.00232	0.00531
31	0.00647	0.00485	0.00728	0.00728	0.00809	0.00566	0.00566	0.00809	0.00728	0.01052	0.01214	0.01780	0.01133	0.03398	0.82279	0.00728	0.01214	0.00485	0.00243	0.00405
32	0.00856	0.00805	0.01359	0.82986	0.03121	0.01007	0.01258	0.01158	0.00906	0.01158	0.00805	0.01208	0.00604	0.00453	0.00453	0.00151	0.00604	0.00403	0.00201	0.00503
33	0.01061	0.01008	0.01696	0.06017	0.70268	0.01012	0.01295	0.01321	0.01032	0.01458	0.02872	0.01424	0.05111	0.00473	0.00459	0.00138	0.00515	0.01918	0.00244	0.00678
34	0.00940	0.00805	0.00940	0.00671	0.01074	0.00604	0.00537	0.01141	0.00940	0.01477	0.00805	0.00940	0.00671	0.00336	0.00336	0.00067	0.00336	0.00268	0.00268	0.86845
35	0.00826	0.00639	0.00794	0.00721	0.00818	0.03875	0.05114	0.06243	0.00879	0.03425	0.01557	0.09809	0.05566	0.38889	0.16659	0.00391	0.02447	0.00648	0.00304	0.00396
36	0.00970	0.06315	0.45468	0.01463	0.02016	0.01100	0.29972	0.01406	0.00992	0.01410	0.00906	0.04247	0.00710	0.00449	0.00467	0.00146	0.00678	0.00440	0.00214	0.00632
37	0.01070	0.01222	0.02674	0.01910	0.02368	0.01146	0.79603	0.01451	0.01070	0.01451	0.00917	0.01222	0.00688	0.00382	0.00535	0.00153	0.00764	0.00535	0.00229	0.00611
38	0.00856	0.00805	0.01359	0.82986	0.03121	0.01007	0.01258	0.01158	0.00906	0.01158	0.00805	0.01208	0.00604	0.00453	0.00453	0.00151	0.00604	0.00403	0.00201	0.00503
39	0.00556	0.00396	0.00525	0.00626	0.00651	0.00371	0.00415	0.00632	0.00859	0.01146	0.02456	0.80652	0.02945	0.04619	0.00645	0.00194	0.00270	0.01264	0.00415	0.00364
40	0.00794	0.00613	0.00706	0.00679	0.00835	0.01946	0.00540	0.05832	0.09791	0.03024	0.29213	0.03594	0.22363	0.00979	0.00538	0.00159	0.00307	0.17159	0.00452	0.00474
41	0.00579	0.00453	0.00524	0.00523	0.00643	0.00398	0.00386	0.00728	0.01110	0.01447	0.34177	0.13653	0.41570	0.01094	0.00540	0.00153	0.00227	0.00943	0.00451	0.00398
42	0.00856	0.00805	0.01359	0.82986	0.03121	0.01007	0.01258	0.01158	0.00906	0.01158	0.00805	0.01208	0.00604	0.00453	0.00453	0.00151	0.00604	0.00403	0.00201	0.00503
43	0.00536	0.00459	0.00459	0.00459	0.00612	0.00383	0.00344	0.00650	0.01033	0.01224	0.04590	0.04361	0.81065	0.01148	0.00536	0.00153	0.00230	0.00956	0.00421	0.00383
44	0.00968	0.01053	0.02198	0.01629	0.01981	0.01013	0.60348	0.01277	0.01011	0.01376	0.01197	0.16777	0.01118	0.00600	0.00595	0.00161	0.05207	0.00669	0.00264	0.00559
45	0.00581	0.00416	0.00536	0.00609	0.00654	0.00388	0.00417	0.00668	0.00902	0.01197	0.09086	0.57893	0.09819	0.07861	0.00738	0.02288	0.00280	0.04894	0.00410	0.00365
46	0.00601	0.00455	0.00565	0.00625	0.00720	0.00419	0.00480	0.00737	0.01001	0.01282	0.08967	0.30148	0.28908	0.01247	0.00574	0.00177	0.00290	0.21987	0.00426	0.00391
47	0.00618	0.00458	0.00577	0.00556	0.00665	0.00416	0.00414	0.00807	0.01214	0.01677	0.63344	0.09042	0.16542	0.00996	0.00538	0.00147	0.00220	0.00874	0.00481	0.00416
48	0.00940	0.00805	0.00940	0.00671	0.01074	0.00604	0.00537	0.01141	0.00940	0.01477	0.00805	0.00940	0.00671	0.00336	0.00336	0.00067	0.00336	0.00268	0.00268	0.86845
49	0.00553	0.00424	0.00502	0.00557	0.00634	0.00379	0.00386	0.00648	0.00939	0.01197	0.06251	0.46715	0.33312	0.04534	0.00628	0.00180	0.00255	0.01117	0.00418	0.00372
50	0.00657	0.00445	0.00525	0.00525	0.00535	0.00456	0.00312	0.00678	0.00668	0.00901	0.01400	0.02812	0.01581	0.73625	0.12665	0.00477	0.00540	0.00636	0.00270	0.00291
51	0.05212	0.00936	0.01095	0.00853	0.01182	0.00945	0.00701	0.32350	0.01568	0.39871	0.01438	0.01347	0.00963	0.00545	0.00434	0.00135	0.00411	0.00425	0.08862	0.00726
52	0.00659	0.00468	0.00564	0.00574	0.00678	0.00428	0.00412	0.00820	0.03456	0.04863	0.23489	0.29291	0.25538	0.05857	0.00644	0.00176	0.00259	0.00975	0.00440	0.00411
53	0.03681	0.01118	0.01181	0.00973	0.01283	0.01262	0.00783	0.40722	0.39518	0.02375	0.01437	0.01367	0.01056	0.00575	0.00452	0.00145	0.00428	0.00454	0.00452	0.00738
54	0.00950	0.00524	0.00534	0.00496	0.00633	0.00540	0.00382	0.10459	0.01091	0.01829	0.01432	0.01617	0.01115	0.00530	0.00333	0.00109	0.00246	0.00421	0.76296	0.00464
55	0.02971	0.00475	0.00616	0.00633	0.00690	0.00490	0.00440	0.02896	0.00813	0.03397	0.03501	0.28897	0.01878	0.21103	0.20741	0.08430	0.00556	0.00779	0.00326	0.00366
56	0.00963	0.00642	0.00745	0.00684	0.00856	0.00632	0.00523	0.17635	0.01264	0.09278	0.10251	0.26473	0.20796	0.00997	0.00516	0.00155	0.00313	0.02616	0.04156	0.00505
57	0.11995	0.00854	0.00992	0.00840	0.01125	0.02380	0.00698	0.15011	0.05822	0.35496	0.01640	0.02117	0.01305	0.00688	0.00469	0.00154	0.00414	0.16878	0.00466	0.00654
58	0.00664	0.00491	0.00568	0.00595	0.00697	0.00478	0.00428	0.00930	0.10724	0.01401	0.11524	0.36643	0.20596	0.01096	0.00518	0.00159	0.00255	0.00960	0.10845	0.00427
59	0.00741	0.00585	0.00746	0.04843	0.07717	0.00577	0.00559	0.01029	0.10451	0.03362	0.19040	0.17627	0.24532	0.04401	0.00592	0.00166	0.00305	0.00830	0.01429	0.00469
60	0.01223	0.03290	0.01233	0.06995	0.10849	0.22718	0.02970	0.15636	0.01231	0.01483	0.02647	0.01552	0.09794	0.03551	0.06760	0.04230	0.02543	0.00457	0.00294	0.00545
61	0.00963	0.00876	0.02661	0.00840	0.01209	0.00722	0.08685	0.04225	0.00971	0.01473	0.00860	0.01086	0.00727	0.03629	0.03764	0.00126	0.03640	0.00331	0.00267	0.62946

[dist]
# distance from previous block
# <min> <max>
0	3

[block]
# block no. 1 follows, 57 sequences, length 40
# corresponding to MSA columns:
# 157,164-202
name=unknown_B
#
# <colnr> <probs for GDERKNQSTAVLIFYWHMCP>
#	G	D	E	R	K	N	Q	S	T	A	V	L	I	F	Y	W	H	M	C	P
0	0.00819	0.00630	0.00776	0.06441	0.06014	0.02397	0.00560	0.03655	0.07148	0.03670	0.10500	0.09659	0.14016	0.20751	0.03685	0.04903	0.00408	0.01940	0.00351	0.01678
1	0.14112	0.01019	0.00947	0.00812	0.01063	0.15292	0.00639	0.13117	0.01264	0.22742	0.07110	0.09079	0.04908	0.00714	0.02233	0.00152	0.00456	0.00513	0.03242	0.00587
2	0.07594	0.01124	0.06025	0.10389	0.12115	0.03904	0.23318	0.10348	0.02432	0.07655	0.01081	0.04846	0.00885	0.00526	0.00498	0.00149	0.02610	0.03586	0.00297	0.00615
3	0.00776	0.00680	0.04042	0.05069	0.08391	0.03201	0.00600	0.00950	0.02929	0.04457	0.10516	0.13834	0.20463	0.16707	0.05183	0.00237	0.00419	0.00749	0.00354	0.00444
4	0.00662	0.00453	0.00573	0.00576	0.00646	0.00445	0.00403	0.00734	0.00847	0.02979	0.10352	0.11991	0.18487	0.21505	0.17818	0.09594	0.00504	0.00740	0.00337	0.00353
5	0.00617	0.00479	0.00559	0.00570	0.00676	0.00448	0.00410	0.00828	0.06820	0.01393	0.23767	0.25195	0.29934	0.05434	0.00633	0.00174	0.00255	0.00962	0.00437	0.00409
6	0.01171	0.43560	0.30558	0.00978	0.01454	0.03434	0.01089	0.01500	0.04196	0.07048	0.00830	0.00909	0.00650	0.00427	0.00362	0.00119	0.00547	0.00303	0.00231	0.00631
7	0.00974	0.00826	0.00958	0.00687	0.01088	0.00639	0.00551	0.04553	0.00991	0.01536	0.00818	0.00946	0.00675	0.00345	0.00341	0.00070	0.00343	0.00275	0.00276	0.83108
8	0.00581	0.00470	0.00508	0.00506	0.00637	0.00415	0.00372	0.00736	0.03105	0.01320	0.17480	0.07339	0.55701	0.06882	0.00660	0.00173	0.00249	0.02048	0.00425	0.00391
9	0.00870	0.00828	0.01422	0.78102	0.04690	0.01014	0.04394	0.01174	0.00915	0.01176	0.00811	0.01207	0.00610	0.00449	0.00456	0.00151	0.00609	0.00408	0.00203	0.00512
10	0.00925	0.06812	0.77403	0.01263	0.01918	0.01093	0.01625	0.01431	0.00955	0.01415	0.00803	0.00944	0.00574	0.00428	0.00423	0.00141	0.00660	0.00330	0.00191	0.00665
11	0.00588	0.00459	0.00522	0.00507	0.00630	0.00405	0.00373	0.00735	0.01107	0.01442	0.35713	0.03856	0.43634	0.07239	0.00667	0.00170	0.00239	0.00878	0.00442	0.00393
12	0.00647	0.00485	0.00728	0.00728	0.00809	0.00566	0.00566	0.00809	0.00728	0.01052	0.01214	0.01780	0.01133	0.03398	0.82279	0.00728	0.01214	0.00485	0.00243	0.00405
13	0.00909	0.02344	0.81727	0.01292	0.01961	0.01052	0.01674	0.01435	0.00957	0.01435	0.00813	0.00957	0.00574	0.00431	0.00431	0.00144	0.00670	0.00335	0.00191	0.00670
14	0.01981	0.00854	0.01103	0.00846	0.01198	0.00789	0.00699	0.15135	0.01436	0.68439	0.01671	0.01467	0.01063	0.00558	0.00455	0.00140	0.00404	0.00448	0.00543	0.00771
15	0.00650	0.00438	0.00505	0.00510	0.00520	0.00433	0.00296	0.00671	0.00720	0.00967	0.07303	0.08954	0.01938	0.71926	0.02050	0.00399	0.00410	0.00717	0.00302	0.00293
16	0.00653	0.00482	0.00612	0.00576	0.00691	0.00450	0.00433	0.00899	0.04148	0.01784	0.73547	0.03382	0.08774	0.00928	0.00532	0.00144	0.00220	0.00817	0.00493	0.00435
17	0.00536	0.00459	0.00459	0.00459	0.00612	0.00383	0.00344	0.00650	0.01033	0.01224	0.04590	0.04361	0.81065	0.01148	0.00536	0.00153	0.00230	0.00956	0.00421	0.00383
18	0.00648	0.00483	0.00714	0.00714	0.00790	0.00559	0.00549	0.00800	0.00724	0.01041	0.01227	0.01852	0.01164	0.08318	0.77403	0.00711	0.01167	0.00496	0.00245	0.00397
19	0.01155	0.00990	0.01181	0.01011	0.01290	0.01112	0.08158	0.02310	0.70062	0.04753	0.01755	0.01641	0.01308	0.00591	0.00468	0.00153	0.00398	0.00512	0.00443	0.00709
20	0.00659	0.00439	0.00494	0.00494	0.00494	0.00439	0.00275	0.00659	0.00659	0.00879	0.01428	0.02965	0.01647	0.84075	0.02306	0.00439	0.00439	0.00659	0.00275	0.00275
21	0.00652	0.00440	0.00513	0.00519	0.00527	0.00445	0.00304	0.00669	0.00675	0.00907	0.01470	0.07281	0.01683	0.73565	0.08166	0.00447	0.00487	0.00680	0.00280	0.00289
22	0.03524	0.01153	0.01287	0.01119	0.07258	0.01274	0.00845	0.56056	0.13795	0.02476	0.01158	0.01189	0.00854	0.00598	0.00522	0.04862	0.00471	0.00419	0.00419	0.00721
23	0.00564	0.00404	0.00543	0.00635	0.00666	0.00388	0.00429	0.00648	0.00849	0.01139	0.02350	0.73983	0.02789	0.04154	0.07900	0.00240	0.00353	0.01197	0.00400	0.00368
24	0.00558	0.00399	0.00533	0.00638	0.00667	0.00373	0.00432	0.00642	0.00874	0.01164	0.02494	0.80997	0.02983	0.01414	0.00580	0.00185	0.00268	0.04008	0.00421	0.00370
25	0.00985	0.00832	0.00890	0.00811	0.01031	0.00930	0.00626	0.01962	0.58648	0.01806	0.13724	0.02237	0.10703	0.00718	0.00478	0.00151	0.00321	0.00605	0.01912	0.00633
26	0.00900	0.14226	0.03171	0.02700	0.00999	0.12894	0.00642	0.01098	0.06122	0.01192	0.01789	0.38572	0.05054	0.01046	0.03285	0.00174	0.02835	0.02498	0.00335	0.00466
27	0.00615	0.00461	0.00590	0.02376	0.00769	0.00439	0.00497	0.00747	0.00962	0.01243	0.07184	0.30345	0.22078	0.05830	0.03353	0.00212	0.00340	0.21168	0.00406	0.00387
28	0.00552	0.00394	0.00526	0.00631	0.00657	0.00368	0.00421	0.00631	0.00868	0.01157	0.02498	0.83779	0.02997	0.01420	0.00578	0.00184	0.00263	0.01288	0.00421	0.00368
29	0.81219	0.03861	0.00748	0.00622	0.00905	0.03917	0.00514	0.01350	0.00795	0.01966	0.00633	0.00739	0.00497	0.00421	0.00285	0.00138	0.00372	0.00247	0.00276	0.00495
30	0.87276	0.00876	0.00666	0.00596	0.00876	0.01017	0.00491	0.01332	0.00771	0.02033	0.00631	0.00736	0.00491	0.00421	0.00280	0.00140	0.00351	0.00245	0.00280	0.00491
31	0.00951	0.02285	0.78717	0.01273	0.01931	0.01038	0.01637	0.01464	0.00969	0.04424	0.00850	0.00979	0.00594	0.00435	0.00431	0.00143	0.00659	0.00339	0.00205	0.00673
32	0.00858	0.00801	0.01339	0.70392	0.06960	0.00989	0.01207	0.01142	0.00893	0.01165	0.00832	0.01239	0.00649	0.00677	0.06491	0.00194	0.03050	0.00409	0.00205	0.00507
33	0.01312	0.01590	0.11236	0.13237	0.10525	0.30211	0.07481	0.07169	0.03082	0.03133	0.00836	0.01025	0.00654	0.00480	0.00510	0.00138	0.06169	0.00369	0.00249	0.00593
34	0.00600	0.00468	0.00492	0.00486	0.00639	0.00395	0.00364	0.00719	0.01043	0.04453	0.07055	0.08541	0.70910	0.01131	0.00535	0.00154	0.00237	0.00950	0.00429	0.00399
35	0.00557	0.00456	0.00491	0.00490	0.00627	0.00391	0.00365	0.00689	0.01072	0.01336	0.19426	0.08643	0.61641	0.01120	0.00538	0.00153	0.00228	0.00948	0.00436	0.00391
36	0.00840	0.00702	0.00803	0.00729	0.00923	0.00724	0.03207	0.05834	0.27337	0.01609	0.11631	0.05872	0.31237	0.02720	0.00550	0.00161	0.00317	0.03842	0.00435	0.00527
37	0.01107	0.01307	0.16288	0.03976	0.11030	0.11506	0.06935	0.05777	0.11785	0.04109	0.05306	0.03103	0.01290	0.01967	0.00512	0.00156	0.00547	0.12379	0.00321	0.00600
38	0.00961	0.00749	0.00839	0.03486	0.01020	0.04047	0.00619	0.04072	0.25125	0.07719	0.02225	0.27664	0.10573	0.00947	0.00548	0.00164	0.03270	0.05012	0.00422	0.00539
39	0.04266	0.00985	0.01100	0.00895	0.01169	0.01077	0.00728	0.42078	0.06853	0.11236	0.01402	0.01580	0.03810	0.03589	0.05013	0.00184	0.03835	0.03558	0.05982	0.00660

[dist]
# distance from previous block
# <min> <max>
0	3

[block]
# block no. 2 follows, 57 sequences, length 10
# corresponding to MSA columns:
# 206-215
name=unknown_C
#
# <colnr> <probs for GDERKNQSTAVLIFYWHMCP>
#	G	D	E	R	K	N	Q	S	T	A	V	L	I	F	Y	W	H	M	C	P
0	0.43746	0.10423	0.09739	0.03289	0.09725	0.04338	0.00808	0.01363	0.02960	0.01685	0.03083	0.01041	0.00733	0.00472	0.00382	0.00138	0.02892	0.02371	0.00263	0.00548
1	0.00980	0.00988	0.01575	0.31194	0.12544	0.04477	0.12077	0.01219	0.00894	0.01215	0.00789	0.01156	0.00657	0.00692	0.05275	0.00192	0.22908	0.00420	0.00211	0.00540
2	0.07114	0.01185	0.14234	0.04870	0.10935	0.05422	0.04907	0.04489	0.01066	0.10345	0.03421	0.01229	0.00857	0.00456	0.00412	0.00120	0.00486	0.02452	0.00295	0.25705
3	0.01004	0.00819	0.01006	0.06164	0.03872	0.00670	0.00626	0.01256	0.04113	0.05619	0.00899	0.01024	0.00720	0.00368	0.00358	0.00082	0.00363	0.00301	0.00285	0.70449
4	0.00864	0.00654	0.00783	0.02815	0.02520	0.00665	0.00566	0.10717	0.09194	0.04160	0.29098	0.06790	0.21462	0.00906	0.00539	0.00152	0.02058	0.05109	0.00445	0.00504
5	0.01108	0.03900	0.06066	0.19690	0.18008	0.06999	0.07854	0.04443	0.08841	0.04288	0.00975	0.01179	0.00760	0.00558	0.03602	0.00155	0.00577	0.00398	0.00267	0.10332
6	0.00987	0.01002	0.01553	0.01277	0.01351	0.01311	0.12985	0.01132	0.00753	0.01144	0.00674	0.01065	0.00635	0.00856	0.05246	0.00217	0.66675	0.00422	0.00205	0.00509
7	0.01029	0.00697	0.00850	0.00668	0.00969	0.00558	0.00520	0.01203	0.01016	0.14904	0.08509	0.11352	0.03920	0.03236	0.00471	0.00115	0.00324	0.00506	0.00362	0.48792
8	0.16364	0.00580	0.00617	0.00610	0.02876	0.00563	0.00441	0.02249	0.00997	0.01491	0.17547	0.05241	0.30352	0.09194	0.00679	0.01821	0.00297	0.02945	0.00379	0.04758
9	0.02176	0.00707	0.00837	0.00667	0.00923	0.00622	0.00512	0.02375	0.00914	0.03613	0.03825	0.03967	0.05398	0.14022	0.03179	0.00171	0.06009	0.00442	0.02414	0.47228

[dist]
# distance from previous block
# <min> <max>
1	6

[block]
# block no. 3 follows, 57 sequences, length 44
# corresponding to MSA columns:
# 222-265
name=unknown_D
#
# <colnr> <probs for GDERKNQSTAVLIFYWHMCP>
#	G	D	E	R	K	N	Q	S	T	A	V	L	I	F	Y	W	H	M	C	P
0	0.00595	0.00421	0.00544	0.00623	0.00654	0.00408	0.00423	0.00674	0.00849	0.01144	0.02302	0.62254	0.03950	0.13378	0.00840	0.00220	0.01872	0.05340	0.03146	0.00362
1	0.06925	0.00889	0.01153	0.11099	0.09461	0.00816	0.03046	0.08061	0.01049	0.03541	0.00850	0.01013	0.00675	0.00388	0.00377	0.00100	0.00418	0.00322	0.00279	0.49538
2	0.01073	0.07176	0.03494	0.11038	0.19234	0.00874	0.00890	0.01340	0.03596	0.08264	0.02100	0.01355	0.00890	0.00462	0.00408	0.00115	0.00441	0.05005	0.00286	0.31957
3	0.00577	0.00444	0.00529	0.00549	0.00651	0.00395	0.00399	0.00714	0.01064	0.01391	0.27520	0.26222	0.33991	0.01157	0.00549	0.00160	0.00238	0.02612	0.00445	0.00393
4	0.01229	0.81331	0.02334	0.00790	0.01172	0.04747	0.00779	0.01373	0.00934	0.01068	0.00633	0.00730	0.00582	0.00391	0.00295	0.00098	0.00497	0.00244	0.00195	0.00579
5	0.00581	0.00447	0.00533	0.00585	0.00681	0.00404	0.00436	0.00699	0.00974	0.01229	0.05391	0.31117	0.36902	0.03862	0.00621	0.00182	0.00279	0.14278	0.00418	0.00381
6	0.01714	0.01237	0.01335	0.01028	0.01384	0.01362	0.00847	0.75729	0.02080	0.05547	0.01136	0.02493	0.00820	0.00559	0.00455	0.00137	0.00491	0.00424	0.00456	0.00764
7	0.01249	0.70791	0.02175	0.00819	0.01178	0.09677	0.00779	0.03298	0.00978	0.01114	0.00672	0.00787	0.00609	0.00522	0.03640	0.00125	0.00547	0.00261	0.00206	0.00573
8	0.01000	0.00841	0.00972	0.00700	0.01099	0.00666	0.00562	0.07180	0.01031	0.01583	0.00827	0.00951	0.00679	0.00352	0.00345	0.00072	0.00348	0.00279	0.00283	0.80232
9	0.06795	0.01034	0.04292	0.10207	0.05703	0.08369	0.02354	0.15008	0.03890	0.04028	0.01037	0.03162	0.00901	0.09039	0.12346	0.00259	0.10292	0.00444	0.00293	0.00548
10	0.01234	0.38995	0.04627	0.00886	0.01209	0.01424	0.00803	0.06368	0.25077	0.06432	0.01129	0.01186	0.00901	0.00519	0.00454	0.00129	0.06091	0.01579	0.00317	0.00640
11	0.00651	0.00436	0.00497	0.00505	0.00507	0.00434	0.00286	0.00657	0.00675	0.00900	0.01511	0.09258	0.01752	0.77639	0.02172	0.00419	0.00426	0.00708	0.00286	0.00282
12	0.02925	0.00464	0.02897	0.00649	0.00701	0.00406	0.00459	0.00673	0.00868	0.01189	0.02398	0.79103	0.02858	0.01364	0.00566	0.00182	0.00277	0.01232	0.00410	0.00380
13	0.03784	0.00876	0.01009	0.02302	0.02661	0.05805	0.02517	0.14988	0.10061	0.16638	0.04731	0.08456	0.04155	0.03455	0.00625	0.04122	0.01858	0.10966	0.00413	0.00581
14	0.00583	0.00453	0.00530	0.00527	0.00646	0.00400	0.00389	0.00737	0.01121	0.01473	0.37412	0.13356	0.38577	0.01084	0.00540	0.00152	0.00227	0.00936	0.00455	0.00400
15	0.01122	0.01077	0.01839	0.02781	0.81248	0.01077	0.01391	0.01391	0.01032	0.01480	0.00852	0.01122	0.00718	0.00404	0.00449	0.00135	0.00538	0.00404	0.00224	0.00718
16	0.00856	0.00801	0.01339	0.74951	0.06824	0.00981	0.01218	0.01144	0.00909	0.01168	0.00917	0.01326	0.02626	0.02557	0.00501	0.00157	0.00587	0.00423	0.00210	0.00505
17	0.80431	0.00882	0.02422	0.00601	0.00880	0.00983	0.00507	0.01318	0.00785	0.02000	0.00684	0.00796	0.00531	0.00427	0.00286	0.00138	0.00349	0.00257	0.05231	0.00491
18	0.00548	0.00460	0.00476	0.00472	0.00620	0.00388	0.00354	0.00674	0.01062	0.01292	0.13364	0.04249	0.72248	0.01122	0.00535	0.00152	0.00228	0.00941	0.00430	0.00388
19	0.00557	0.00398	0.00532	0.00637	0.00666	0.00373	0.00430	0.00640	0.00873	0.01163	0.02495	0.81452	0.02985	0.01415	0.00580	0.00185	0.00267	0.03564	0.00421	0.00370
20	0.01070	0.01222	0.02674	0.01910	0.02368	0.01146	0.79603	0.01451	0.01070	0.01451	0.00917	0.01222	0.00688	0.00382	0.00535	0.00153	0.00764	0.00535	0.00229	0.00611
21	0.00647	0.00485	0.00728	0.00728	0.00809	0.00566	0.00566	0.00809	0.00728	0.01052	0.01214	0.01780	0.01133	0.03398	0.82279	0.00728	0.01214	0.00485	0.00243	0.00405
22	0.00699	0.00491	0.00634	0.00590	0.00709	0.00460	0.00445	0.00951	0.04189	0.04119	0.75819	0.03270	0.04078	0.00904	0.00529	0.00143	0.00224	0.00798	0.00499	0.00448
23	0.00787	0.00394	0.00590	0.00590	0.00590	0.00394	0.00394	0.00590	0.00590	0.00787	0.00787	0.01377	0.00787	0.01574	0.01771	0.86816	0.00394	0.00394	0.00197	0.00197
24	0.00632	0.00433	0.00516	0.00544	0.00580	0.00413	0.00344	0.00685	0.00811	0.02321	0.06676	0.29245	0.10528	0.42601	0.01432	0.00305	0.00347	0.00900	0.00354	0.00333
25	0.01122	0.01077	0.01839	0.02781	0.81248	0.01077	0.01391	0.01391	0.01032	0.01480	0.00852	0.01122	0.00718	0.00404	0.00449	0.00135	0.00538	0.00404	0.00224	0.00718
26	0.00940	0.00805	0.00940	0.00671	0.01074	0.00604	0.00537	0.01141	0.00940	0.01477	0.00805	0.00940	0.00671	0.00336	0.00336	0.00067	0.00336	0.00268	0.00268	0.86845
27	0.00643	0.00450	0.00537	0.00544	0.00625	0.00413	0.00374	0.00746	0.00969	0.03755	0.21599	0.21452	0.22378	0.22314	0.00995	0.00230	0.00292	0.00906	0.00407	0.00375
28	0.00608	0.00465	0.00628	0.00653	0.00742	0.00484	0.00496	0.00746	0.00842	0.01128	0.02306	0.17574	0.20326	0.02392	0.43712	0.00465	0.00765	0.04947	0.00327	0.00393
29	0.00910	0.00484	0.00511	0.00486	0.00608	0.00489	0.00367	0.05566	0.01005	0.03982	0.01502	0.01738	0.02802	0.03120	0.03010	0.02384	0.00276	0.00442	0.69878	0.00441
30	0.00607	0.00434	0.00517	0.00550	0.00621	0.00398	0.00375	0.00701	0.00931	0.02312	0.12869	0.34393	0.23074	0.17072	0.00885	0.00217	0.00282	0.00990	0.02402	0.00368
31	0.37054	0.00801	0.00785	0.00683	0.00936	0.00859	0.00552	0.11599	0.04446	0.12623	0.06311	0.04325	0.09242	0.00636	0.00399	0.00144	0.00348	0.03333	0.04376	0.00550
32	0.00916	0.00766	0.00795	0.00768	0.00941	0.06367	0.00602	0.03767	0.23954	0.03832	0.08227	0.09823	0.18321	0.02669	0.00559	0.00169	0.00364	0.16214	0.00426	0.00519
33	0.02946	0.00572	0.00667	0.00645	0.00782	0.00554	0.00477	0.08862	0.03025	0.08784	0.05985	0.29399	0.21581	0.09401	0.00707	0.00191	0.00317	0.04226	0.00423	0.00456
34	0.00723	0.00491	0.00578	0.00581	0.00688	0.00459	0.00415	0.00893	0.05272	0.07000	0.11503	0.23676	0.25645	0.14952	0.00830	0.00207	0.00294	0.03179	0.02200	0.00414
35	0.03706	0.00649	0.00726	0.00673	0.00827	0.00679	0.00514	0.13847	0.07968	0.05695	0.03357	0.12901	0.03234	0.11166	0.02720	0.00195	0.00361	0.07038	0.23248	0.00497
36	0.00986	0.03183	0.29864	0.01472	0.10401	0.01028	0.20015	0.06273	0.01052	0.01478	0.01132	0.05969	0.02165	0.00641	0.02529	0.00167	0.04116	0.06663	0.00256	0.00611
37	0.02328	0.00670	0.00900	0.00870	0.05235	0.01867	0.05672	0.01254	0.08865	0.14932	0.09926	0.16629	0.14393	0.05065	0.01712	0.00180	0.00374	0.07169	0.01442	0.00518
38	0.00818	0.00638	0.00740	0.00759	0.03028	0.04569	0.00535	0.01064	0.13547	0.02761	0.04039	0.20145	0.09485	0.07947	0.09225	0.14896	0.02500	0.02539	0.00344	0.00424
39	0.47238	0.05245	0.08144	0.02603	0.10040	0.08991	0.03097	0.05014	0.00945	0.01762	0.00710	0.00852	0.00560	0.00438	0.00377	0.00137	0.02733	0.00298	0.00260	0.00556
40	0.00740	0.00477	0.00614	0.00619	0.00677	0.00479	0.00431	0.02609	0.06842	0.01117	0.06280	0.18176	0.09452	0.08318	0.03197	0.36982	0.00365	0.01978	0.00317	0.00330
41	0.02406	0.07302	0.02619	0.01025	0.10502	0.06868	0.00734	0.02579	0.00883	0.01222	0.01078	0.01438	0.02753	0.01935	0.41515	0.00423	0.03537	0.00417	0.00245	0.10518
42	0.01190	0.20686	0.01647	0.05209	0.12437	0.18008	0.08086	0.01496	0.09260	0.01306	0.02036	0.03601	0.00842	0.00552	0.02478	0.00139	0.02600	0.00389	0.00256	0.07781
43	0.06194	0.01918	0.14385	0.02870	0.02504	0.00722	0.04991	0.06002	0.03023	0.03439	0.24354	0.16634	0.03869	0.06342	0.00612	0.00170	0.00396	0.00697	0.00371	0.00505

[dist]
# distance from previous block
# <min> <max>
1	12

[block]
# block no. 4 follows, 57 sequences, length 64
# corresponding to MSA columns:
# 287-350
name=unknown_E
#
# <colnr> <probs for GDERKNQSTAVLIFYWHMCP>
#	G	D	E	R	K	N	Q	S	T	A	V	L	I	F	Y	W	H	M	C	P
0	0.00623	0.00440	0.00565	0.00631	0.00684	0.00422	0.00442	0.00737	0.04402	0.01172	0.04006	0.51381	0.10710	0.04351	0.00776	0.10467	0.00297	0.07136	0.00392	0.00366
1	0.13304	0.00849	0.00838	0.00767	0.00970	0.06194	0.00592	0.05021	0.29084	0.03091	0.21994	0.08645	0.04334	0.00742	0.00464	0.00149	0.00347	0.01630	0.00426	0.00560
2	0.00568	0.00446	0.00510	0.00526	0.00634	0.00395	0.00379	0.00691	0.01025	0.01311	0.19307	0.21343	0.43657	0.04670	0.02305	0.00181	0.00263	0.00979	0.00427	0.00384
3	0.00764	0.00534	0.00635	0.00631	0.00761	0.00508	0.00477	0.06436	0.02877	0.05770	0.13728	0.23981	0.25761	0.03998	0.00602	0.00173	0.00294	0.09484	0.02144	0.00442
4	0.00648	0.00484	0.00722	0.00722	0.00801	0.00563	0.00559	0.00805	0.00726	0.01048	0.01219	0.01810	0.01146	0.05434	0.80262	0.00721	0.01194	0.00490	0.00244	0.00401
5	0.01693	0.02160	0.01284	0.01167	0.01401	0.82256	0.00876	0.01809	0.01284	0.01109	0.00700	0.00817	0.00584	0.00467	0.00409	0.00117	0.00817	0.00292	0.00233	0.00525
6	0.01958	0.00522	0.00636	0.00598	0.00757	0.00464	0.00456	0.01028	0.01099	0.17524	0.19495	0.14417	0.30350	0.04026	0.00591	0.00165	0.00281	0.04709	0.00458	0.00467
7	0.01696	0.01256	0.01345	0.01037	0.01395	0.01393	0.00855	0.76317	0.05594	0.02813	0.01121	0.01115	0.00798	0.00547	0.00454	0.00137	0.00492	0.00413	0.00454	0.00768
8	0.00935	0.00530	0.00700	0.00625	0.00785	0.00480	0.00485	0.01137	0.01270	0.18624	0.59453	0.03081	0.05851	0.00866	0.00521	0.00144	0.00257	0.03250	0.00507	0.00498
9	0.01378	0.01098	0.01166	0.00973	0.01274	0.01244	0.00778	0.34980	0.47449	0.02300	0.01526	0.01437	0.01125	0.00585	0.00458	0.00146	0.00418	0.00468	0.00458	0.00740
10	0.00699	0.00459	0.00601	0.00637	0.00698	0.00451	0.00460	0.00795	0.06032	0.01165	0.07036	0.26731	0.10014	0.01323	0.00961	0.28956	0.00324	0.10372	0.01939	0.00346
11	0.01734	0.01251	0.01348	0.01034	0.01396	0.01378	0.00854	0.76841	0.02099	0.05796	0.01114	0.01105	0.00784	0.00545	0.00453	0.00136	0.00494	0.00410	0.00457	0.00771
12	0.00552	0.00394	0.00526	0.00631	0.00657	0.00368	0.00421	0.00631	0.00868	0.01157	0.02498	0.83779	0.02997	0.01420	0.00578	0.00184	0.00263	0.01288	0.00421	0.00368
13	0.00654	0.00483	0.00718	0.00718	0.00800	0.00561	0.00558	0.00818	0.00736	0.01074	0.01223	0.01777	0.01134	0.03300	0.79475	0.00707	0.01179	0.00483	0.03198	0.00405
14	0.01316	0.09348	0.03199	0.00888	0.01137	0.25773	0.04175	0.14131	0.01249	0.03387	0.01054	0.01191	0.00828	0.00554	0.02199	0.00131	0.00532	0.00368	0.27996	0.00548
15	0.00552	0.00394	0.00526	0.00631	0.00657	0.00368	0.00421	0.00631	0.00868	0.01157	0.02498	0.83779	0.02997	0.01420	0.00578	0.00184	0.00263	0.01288	0.00421	0.00368
16	0.02033	0.00771	0.01052	0.00806	0.01157	0.00666	0.00666	0.02208	0.01297	0.81562	0.01788	0.01542	0.01122	0.00561	0.00456	0.00140	0.00386	0.00456	0.00561	0.00771
17	0.00585	0.00436	0.00551	0.00623	0.00698	0.00402	0.00458	0.00703	0.00962	0.01246	0.07417	0.46303	0.21543	0.01297	0.00574	0.00179	0.00280	0.14934	0.00424	0.00384
18	0.00659	0.00439	0.00494	0.00494	0.00494	0.00439	0.00275	0.00659	0.00659	0.00879	0.01428	0.02965	0.01647	0.84075	0.02306	0.00439	0.00439	0.00659	0.00275	0.00275
19	0.00787	0.00394	0.00590	0.00590	0.00590	0.00394	0.00394	0.00590	0.00590	0.00787	0.00787	0.01377	0.00787	0.01574	0.01771	0.86816	0.00394	0.00394	0.00197	0.00197
20	0.01010	0.00952	0.01574	0.10072	0.59692	0.00968	0.01210	0.01279	0.02316	0.01429	0.03723	0.01545	0.08681	0.00590	0.02906	0.00156	0.00522	0.00475	0.00254	0.00646
21	0.00784	0.00449	0.00465	0.00461	0.00576	0.00442	0.00345	0.01008	0.03430	0.01593	0.05659	0.02233	0.14451	0.02268	0.02688	0.00140	0.00251	0.00537	0.61797	0.00422
22	0.00558	0.00398	0.00528	0.00631	0.00658	0.00373	0.00422	0.00637	0.00865	0.01152	0.02466	0.80182	0.02953	0.03720	0.00627	0.00192	0.00270	0.02586	0.00417	0.00366
23	0.00880	0.00546	0.00783	0.00739	0.00836	0.00604	0.00568	0.03481	0.00810	0.09988	0.01190	0.04057	0.01075	0.02415	0.47048	0.18717	0.05087	0.00480	0.00278	0.00417
24	0.06129	0.14622	0.06720	0.01236	0.10073	0.16907	0.09410	0.06209	0.06931	0.03950	0.02802	0.01159	0.03078	0.00483	0.00444	0.00128	0.03034	0.00383	0.00278	0.06024
25	0.01078	0.42551	0.34793	0.00998	0.01486	0.03658	0.01136	0.01381	0.00948	0.01247	0.02027	0.00879	0.00642	0.00421	0.00377	0.00118	0.01929	0.00295	0.00202	0.03835
26	0.00552	0.00394	0.00526	0.00631	0.00657	0.00368	0.00421	0.00631	0.00868	0.01157	0.02498	0.83779	0.02997	0.01420	0.00578	0.00184	0.00263	0.01288	0.00421	0.00368
27	0.01155	0.01021	0.01715	0.13858	0.45516	0.01045	0.10281	0.06941	0.02530	0.06592	0.01043	0.03313	0.01976	0.00469	0.00465	0.00141	0.00547	0.00455	0.00271	0.00668
28	0.00977	0.00893	0.01313	0.03760	0.17410	0.00765	0.09467	0.01215	0.00984	0.01477	0.03816	0.01107	0.00815	0.00380	0.00391	0.00096	0.00427	0.00350	0.00262	0.54094
29	0.00673	0.00475	0.00585	0.00575	0.00592	0.00511	0.00368	0.00710	0.00675	0.00924	0.01344	0.02629	0.01492	0.63650	0.18561	0.00487	0.04562	0.00611	0.00264	0.00312
30	0.03109	0.05656	0.01462	0.09506	0.18091	0.39583	0.01019	0.05337	0.01147	0.01290	0.00745	0.00944	0.00622	0.00485	0.00526	0.00133	0.09198	0.00339	0.00234	0.00574
31	0.00940	0.00805	0.00940	0.00671	0.01074	0.00604	0.00537	0.01141	0.00940	0.01477	0.00805	0.00940	0.00671	0.00336	0.00336	0.00067	0.00336	0.00268	0.00268	0.86845
32	0.00737	0.00416	0.00596	0.00599	0.00630	0.00406	0.00418	0.00670	0.00789	0.01075	0.19781	0.06831	0.01815	0.01399	0.01361	0.57591	0.00345	0.03982	0.00290	0.00271
33	0.34878	0.00939	0.00950	0.00801	0.03654	0.00972	0.00624	0.20782	0.01174	0.02030	0.02214	0.02443	0.00738	0.00507	0.01810	0.00130	0.00401	0.00330	0.00324	0.24299
34	0.01122	0.01077	0.01839	0.02781	0.81248	0.01077	0.01391	0.01391	0.01032	0.01480	0.00852	0.01122	0.00718	0.00404	0.00449	0.00135	0.00538	0.00404	0.00224	0.00718
35	0.00659	0.00439	0.00494	0.00494	0.00494	0.00439	0.00275	0.00659	0.00659	0.00879	0.01428	0.02965	0.01647	0.84075	0.02306	0.00439	0.00439	0.00659	0.00275	0.00275
36	0.00574	0.00410	0.00551	0.00656	0.00691	0.00387	0.00458	0.00668	0.00889	0.01181	0.02486	0.74225	0.02950	0.01399	0.00584	0.00187	0.00282	0.10629	0.00420	0.00374
37	0.00870	0.00447	0.00449	0.00440	0.00553	0.00450	0.00332	0.03304	0.00984	0.01723	0.01467	0.01672	0.01150	0.00528	0.00321	0.00106	0.00219	0.00422	0.84130	0.00432
38	0.00628	0.00463	0.00587	0.00556	0.00669	0.00422	0.00417	0.00829	0.01251	0.01742	0.71319	0.03509	0.14013	0.00954	0.00535	0.00144	0.00216	0.00837	0.00489	0.00422
39	0.01122	0.01077	0.01839	0.02781	0.81248	0.01077	0.01391	0.01391	0.01032	0.01480	0.00852	0.01122	0.00718	0.00404	0.00449	0.00135	0.00538	0.00404	0.00224	0.00718
40	0.00608	0.00415	0.00548	0.00629	0.00674	0.00386	0.00429	0.00700	0.00908	0.03685	0.06952	0.70939	0.05307	0.03192	0.00610	0.00186	0.00270	0.02750	0.00426	0.00383
41	0.00545	0.00459	0.00472	0.00469	0.00618	0.00386	0.00352	0.00668	0.01055	0.01276	0.11280	0.04275	0.74342	0.01128	0.00535	0.00152	0.00228	0.00944	0.00428	0.00386
42	0.00536	0.00457	0.00462	0.00465	0.00614	0.00382	0.00347	0.00650	0.01027	0.01222	0.04512	0.07328	0.78148	0.01158	0.00537	0.00154	0.00231	0.00969	0.00421	0.00382
43	0.00659	0.00439	0.00494	0.00494	0.00494	0.00439	0.00275	0.00659	0.00659	0.00879	0.01428	0.02965	0.01647	0.84075	0.02306	0.00439	0.00439	0.00659	0.00275	0.00275
44	0.01858	0.00731	0.00988	0.00772	0.01085	0.00636	0.00626	0.02025	0.01257	0.71397	0.06985	0.01750	0.01361	0.05669	0.00574	0.00159	0.00378	0.00492	0.00539	0.00718
45	0.01723	0.01269	0.01360	0.01043	0.01405	0.01405	0.00861	0.79738	0.02131	0.02856	0.01088	0.01088	0.00771	0.00544	0.00453	0.00136	0.00499	0.00408	0.00453	0.00771
46	0.00648	0.00485	0.00724	0.00724	0.00803	0.00564	0.00561	0.00806	0.00727	0.01049	0.01218	0.01803	0.01143	0.04946	0.80746	0.00723	0.01199	0.00489	0.00243	0.00402
47	0.00787	0.00394	0.00590	0.00590	0.00590	0.00394	0.00394	0.00590	0.00590	0.00787	0.00787	0.01377	0.00787	0.01574	0.01771	0.86816	0.00394	0.00394	0.00197	0.00197
48	0.01070	0.01222	0.02674	0.01910	0.02368	0.01146	0.79603	0.01451	0.01070	0.01451	0.00917	0.01222	0.00688	0.00382	0.00535	0.00153	0.00764	0.00535	0.00229	0.00611
49	0.61415	0.01079	0.05758	0.00748	0.01070	0.02843	0.00652	0.18559	0.01092	0.02158	0.00744	0.00828	0.00559	0.00449	0.00330	0.00139	0.00412	0.00287	0.00312	0.00564
50	0.00615	0.00463	0.00570	0.00600	0.00699	0.00428	0.00452	0.00777	0.02189	0.01394	0.25079	0.22175	0.24493	0.04255	0.00625	0.00177	0.00274	0.13898	0.00437	0.00398
51	0.02358	0.00456	0.00510	0.00528	0.00641	0.00407	0.00384	0.00701	0.01009	0.01298	0.14827	0.20200	0.45241	0.05858	0.00642	0.00176	0.00255	0.03706	0.00421	0.00383
52	0.00554	0.00428	0.00507	0.00563	0.00648	0.00381	0.00399	0.00657	0.00957	0.01214	0.05925	0.44692	0.36245	0.01282	0.00560	0.00170	0.00252	0.03764	0.00423	0.00378
53	0.03305	0.07003	0.06293	0.02293	0.03721	0.02595	0.12543	0.11301	0.04550	0.33576	0.01362	0.01497	0.00986	0.00546	0.00476	0.00144	0.01892	0.04827	0.00404	0.00685
54	0.03773	0.00480	0.00547	0.00568	0.00680	0.00447	0.00412	0.00810	0.04032	0.03115	0.12820	0.29677	0.33059	0.03509	0.00584	0.00170	0.00261	0.02694	0.01956	0.00407
55	0.00584	0.00421	0.00558	0.00652	0.00701	0.00396	0.00466	0.00691	0.00923	0.01221	0.06067	0.63384	0.07188	0.01356	0.00582	0.00184	0.00284	0.13539	0.00424	0.00379
56	0.09631	0.03146	0.01170	0.00966	0.01211	0.25161	0.04184	0.17670	0.06051	0.03461	0.12867	0.01455	0.03478	0.00590	0.00494	0.00136	0.05186	0.00443	0.02127	0.00572
57	0.00837	0.00621	0.00842	0.03671	0.09216	0.00651	0.00606	0.08643	0.00971	0.02377	0.08073	0.05226	0.11191	0.12922	0.18676	0.12125	0.02017	0.00591	0.00311	0.00435
58	0.00837	0.00564	0.00713	0.02558	0.03553	0.00577	0.00509	0.03162	0.08888	0.07424	0.06419	0.24715	0.03516	0.19282	0.09557	0.00279	0.00438	0.00763	0.05796	0.00450
59	0.51718	0.08458	0.02861	0.05439	0.02910	0.09850	0.04238	0.01349	0.00864	0.01671	0.00704	0.00911	0.00585	0.04132	0.00445	0.00150	0.02653	0.00300	0.00255	0.00508
60	0.00688	0.00521	0.00663	0.02106	0.05069	0.00492	0.00489	0.04278	0.01104	0.02571	0.27727	0.25977	0.21929	0.03565	0.00590	0.00165	0.00277	0.00927	0.00430	0.00432
61	0.03369	0.00447	0.00515	0.00566	0.00655	0.00409	0.00404	0.00683	0.00930	0.01209	0.03213	0.39435	0.34265	0.05967	0.00653	0.00186	0.00272	0.06039	0.00408	0.00376
62	0.14249	0.11120	0.05827	0.04612	0.11763	0.07823	0.02820	0.04270	0.02097	0.01510	0.00776	0.00934	0.00635	0.00414	0.00404	0.00113	0.03307	0.00311	0.00252	0.26765
63	0.19197	0.16843	0.02575	0.01000	0.05963	0.16903	0.02817	0.07095	0.05171	0.02584	0.02340	0.03748	0.02400	0.02378	0.00485	0.00138	0.05230	0.00377	0.00281	0.02474

[dist]
# distance from previous block
# <min> <max>
3	22

[block]
# block no. 5 follows, 57 sequences, length 30
# corresponding to MSA columns:
# 373-402
name=unknown_F
#
# <colnr> <probs for GDERKNQSTAVLIFYWHMCP>
#	G	D	E	R	K	N	Q	S	T	A	V	L	I	F	Y	W	H	M	C	P
0	0.00949	0.00694	0.05879	0.00703	0.00901	0.00581	0.03374	0.05678	0.01158	0.13884	0.27245	0.07723	0.11923	0.08120	0.02408	0.00182	0.00351	0.00693	0.07054	0.00499
1	0.00601	0.00462	0.00587	0.00596	0.00697	0.00464	0.00447	0.00735	0.00882	0.01169	0.05953	0.11507	0.31074	0.04875	0.35258	0.00408	0.00656	0.00763	0.02478	0.00390
2	0.05216	0.01246	0.06746	0.03916	0.05065	0.01153	0.58835	0.06485	0.01099	0.01550	0.00892	0.01164	0.00673	0.00414	0.00539	0.00151	0.03508	0.00489	0.00242	0.00616
3	0.01674	0.05394	0.01327	0.01152	0.01391	0.79089	0.00872	0.01792	0.01270	0.01107	0.00698	0.00814	0.00584	0.00464	0.00404	0.00116	0.00804	0.00290	0.00232	0.00528
4	0.19808	0.00801	0.00910	0.00751	0.01031	0.00806	0.00603	0.09968	0.06517	0.37491	0.04182	0.06774	0.01218	0.03887	0.00498	0.00154	0.00371	0.00483	0.03108	0.00640
5	0.00702	0.00472	0.00603	0.00641	0.00723	0.00444	0.00459	0.03676	0.01016	0.05711	0.13897	0.50630	0.09489	0.03779	0.00613	0.00181	0.00283	0.05831	0.00436	0.00415
6	0.00573	0.00411	0.00548	0.00650	0.00689	0.00387	0.00455	0.00668	0.00893	0.01182	0.02550	0.72024	0.05353	0.01391	0.00583	0.00186	0.00280	0.10382	0.00420	0.00374
7	0.00874	0.00451	0.00454	0.00443	0.00557	0.00455	0.00335	0.03682	0.00990	0.01728	0.01465	0.01669	0.01148	0.00528	0.00321	0.00107	0.00221	0.00422	0.83715	0.00434
8	0.00698	0.00581	0.00618	0.00604	0.00720	0.05729	0.00444	0.00902	0.04263	0.01530	0.42055	0.15091	0.19128	0.03201	0.00573	0.00157	0.00275	0.00858	0.02151	0.00423
9	0.00909	0.02344	0.81727	0.01292	0.01961	0.01052	0.01674	0.01435	0.00957	0.01435	0.00813	0.00957	0.00574	0.00431	0.00431	0.00144	0.00670	0.00335	0.00191	0.00670
10	0.00687	0.00491	0.00681	0.00785	0.00870	0.00484	0.00655	0.00864	0.01000	0.01308	0.02423	0.24219	0.02702	0.01293	0.00614	0.00203	0.00380	0.59518	0.00418	0.00405
11	0.00568	0.00452	0.00506	0.00509	0.00632	0.00394	0.00374	0.00702	0.01072	0.01366	0.24488	0.13087	0.50286	0.02813	0.00576	0.00160	0.00233	0.00952	0.00438	0.00391
12	0.48598	0.00768	0.00732	0.00629	0.00883	0.00810	0.00497	0.01370	0.00891	0.17323	0.03863	0.03459	0.00972	0.11081	0.00592	0.00174	0.00360	0.00388	0.00345	0.06265
13	0.00658	0.00440	0.00498	0.00497	0.00501	0.00439	0.00280	0.00666	0.00682	0.00913	0.04332	0.02981	0.01743	0.81040	0.02242	0.00428	0.00431	0.00665	0.00283	0.00280
14	0.01961	0.00806	0.01063	0.00824	0.01169	0.00728	0.00678	0.05553	0.06450	0.73028	0.01761	0.01532	0.01124	0.00564	0.00456	0.00141	0.00389	0.00457	0.00550	0.00768
15	0.00554	0.00440	0.00493	0.00522	0.00629	0.00387	0.00374	0.00656	0.00972	0.01208	0.06641	0.26481	0.50939	0.03275	0.02780	0.01576	0.00272	0.01016	0.00412	0.00375
