[name]
unknown

[dist]
# distance from previous block
# <min> <max>
6	120

[block]
# block no. 0 follows, 66 sequences, length 6
# corresponding to MSA columns:
# 207-212
name=unknown_A
#
# <colnr> <probs for GDERKNQSTAVLIFYWHMCP>
#	G	D	E	R	K	N	Q	S	T	A	V	L	I	F	Y	W	H	M	C	P
0	0.04144	0.00867	0.04093	0.12335	0.28053	0.03353	0.00881	0.09468	0.03776	0.01490	0.17298	0.01511	0.01327	0.00503	0.00409	0.00122	0.00412	0.02993	0.00285	0.06679
1	0.10045	0.00822	0.00989	0.04035	0.11548	0.03521	0.00688	0.16351	0.07710	0.22028	0.10868	0.01438	0.03459	0.00627	0.03945	0.00148	0.00405	0.00425	0.00370	0.00579
2	0.04975	0.00504	0.00596	0.00718	0.06419	0.04581	0.00464	0.00708	0.00809	0.01095	0.02029	0.61975	0.06129	0.03497	0.00532	0.00163	0.00289	0.03809	0.00346	0.00364
3	0.01062	0.00908	0.01125	0.24811	0.01623	0.06854	0.06454	0.15161	0.20621	0.06753	0.01381	0.01443	0.08981	0.00519	0.00417	0.00131	0.00450	0.00438	0.00318	0.00550
4	0.00810	0.00457	0.00466	0.00437	0.00559	0.00463	0.00335	0.09052	0.00964	0.01579	0.01545	0.01679	0.08556	0.00525	0.00314	0.00101	0.00216	0.00421	0.71114	0.00406
5	0.00985	0.00954	0.01264	0.01134	0.08777	0.05984	0.13556	0.03503	0.30116	0.01398	0.01187	0.01271	0.04313	0.00512	0.00561	0.00132	0.14264	0.00417	0.00291	0.09384

[dist]
# distance from previous block
# <min> <max>
1	65

[block]
# block no. 1 follows, 66 sequences, length 16
# corresponding to MSA columns:
# 279-294
name=unknown_B
#
# <colnr> <probs for GDERKNQSTAVLIFYWHMCP>
#	G	D	E	R	K	N	Q	S	T	A	V	L	I	F	Y	W	H	M	C	P
0	0.05303	0.02816	0.05303	0.08483	0.11579	0.10137	0.09382	0.20550	0.08859	0.06666	0.00968	0.01059	0.01901	0.00434	0.00394	0.00121	0.00488	0.00364	0.00293	0.04901
1	0.03143	0.05011	0.04606	0.01126	0.08894	0.16826	0.02790	0.15853	0.02591	0.08991	0.00788	0.00930	0.00625	0.00514	0.00661	0.00135	0.25363	0.00338	0.00263	0.00551
2	0.00598	0.00531	0.02871	0.00567	0.00697	0.03117	0.03049	0.00748	0.02737	0.03044	0.15216	0.24986	0.38376	0.00980	0.00480	0.00141	0.00261	0.00850	0.00374	0.00378
3	0.00841	0.00721	0.00841	0.00601	0.00961	0.00541	0.00481	0.01022	0.00841	0.01322	0.00721	0.00841	0.00601	0.00300	0.00300	0.00060	0.00300	0.00240	0.00240	0.88222
4	0.00595	0.00486	0.04908	0.00479	0.00520	0.00419	0.00317	0.00627	0.00626	0.00834	0.01435	0.02641	0.06794	0.75581	0.01870	0.00362	0.00392	0.00592	0.00250	0.00271
5	0.01082	0.06928	0.23964	0.03082	0.15615	0.14946	0.04313	0.07465	0.04541	0.04676	0.02625	0.00989	0.00693	0.00466	0.00450	0.04848	0.00531	0.00335	0.00234	0.02218
6	0.00676	0.00456	0.00576	0.00520	0.00655	0.00404	0.00396	0.00852	0.01100	0.07860	0.60940	0.02874	0.13795	0.00795	0.00461	0.00124	0.00212	0.00692	0.00428	0.06184
7	0.01048	0.00867	0.01343	0.06206	0.44863	0.00884	0.03587	0.05188	0.11738	0.09514	0.07043	0.01353	0.03614	0.00463	0.00415	0.00126	0.00425	0.00426	0.00291	0.00608
8	0.00844	0.02032	0.00813	0.01797	0.00906	0.00591	0.01607	0.07175	0.02894	0.04457	0.02684	0.10516	0.02499	0.09089	0.06972	0.00166	0.00385	0.01728	0.00287	0.42559
9	0.00809	0.00719	0.01135	0.06505	0.40809	0.00706	0.00858	0.01022	0.00974	0.01378	0.25314	0.04709	0.03875	0.00572	0.00429	0.00124	0.00368	0.03111	0.00291	0.06293
10	0.03845	0.35103	0.12840	0.00859	0.01209	0.05944	0.05906	0.12840	0.04703	0.04269	0.02810	0.00992	0.03155	0.00424	0.00343	0.00109	0.00461	0.00320	0.01400	0.02470
11	0.02107	0.00960	0.06537	0.08002	0.13658	0.05052	0.07362	0.11678	0.01061	0.08770	0.08253	0.03155	0.00976	0.00460	0.00425	0.00115	0.03174	0.00393	0.00285	0.17575
12	0.04807	0.01103	0.09025	0.06560	0.26110	0.08241	0.05762	0.12040	0.06778	0.07968	0.01027	0.02512	0.02927	0.00460	0.00417	0.00127	0.01716	0.01558	0.00275	0.00588
13	0.01074	0.02047	0.06814	0.08193	0.09638	0.06155	0.07663	0.06511	0.18626	0.11836	0.05053	0.04468	0.03303	0.00506	0.00410	0.00125	0.00431	0.00439	0.00320	0.06388
14	0.02094	0.03278	0.01108	0.26690	0.12971	0.03970	0.03063	0.07533	0.02767	0.04984	0.11936	0.08516	0.02907	0.02026	0.00444	0.00132	0.00424	0.00484	0.00283	0.04392
15	0.01036	0.02546	0.06653	0.02500	0.21606	0.02878	0.07547	0.08476	0.11826	0.08965	0.02758	0.10150	0.02001	0.00524	0.00411	0.00124	0.00421	0.00468	0.01975	0.07134

[dist]
# distance from previous block
# <min> <max>
0	16

[block]
# block no. 2 follows, 66 sequences, length 158
# corresponding to MSA columns:
# 311-348,362-481
name=unknown_C
#
# <colnr> <probs for GDERKNQSTAVLIFYWHMCP>
#	G	D	E	R	K	N	Q	S	T	A	V	L	I	F	Y	W	H	M	C	P
0	0.05555	0.02368	0.17528	0.05352	0.05239	0.07039	0.03478	0.14665	0.15456	0.04132	0.02229	0.06075	0.02102	0.01610	0.00423	0.00132	0.00454	0.02691	0.00300	0.03172
1	0.02631	0.00897	0.05414	0.06865	0.25554	0.01888	0.08509	0.06087	0.05092	0.10423	0.07360	0.04531	0.03312	0.00496	0.00429	0.00125	0.01798	0.01371	0.00290	0.06929
2	0.02779	0.03652	0.02392	0.01022	0.11288	0.02334	0.01824	0.16845	0.09790	0.08178	0.07242	0.18445	0.04063	0.00782	0.01830	0.00158	0.01757	0.03047	0.00380	0.02190
3	0.07567	0.08049	0.05517	0.00872	0.04660	0.06781	0.03661	0.16716	0.12491	0.04267	0.01502	0.09216	0.09948	0.01591	0.00428	0.00134	0.00403	0.05342	0.00326	0.00528
4	0.02875	0.00641	0.00896	0.07198	0.12601	0.00647	0.03605	0.05744	0.07618	0.05349	0.01526	0.31466	0.02637	0.05325	0.00530	0.00152	0.00352	0.02804	0.01555	0.06479
5	0.04316	0.01006	0.05580	0.14474	0.51222	0.00967	0.03926	0.03263	0.00974	0.04099	0.00949	0.01207	0.02443	0.00533	0.03072	0.00157	0.00533	0.00399	0.00247	0.00631
6	0.01144	0.08047	0.02594	0.04639	0.26413	0.10220	0.11204	0.13268	0.06756	0.05344	0.03939	0.01116	0.00812	0.02209	0.00435	0.00126	0.00500	0.00381	0.00268	0.00585
7	0.00662	0.00519	0.02758	0.01883	0.05410	0.00471	0.00493	0.01724	0.04708	0.05536	0.05625	0.35939	0.19430	0.01166	0.07712	0.02253	0.00345	0.00813	0.00349	0.02205
8	0.00607	0.00438	0.00517	0.00545	0.01936	0.00406	0.00394	0.01757	0.02518	0.04210	0.05322	0.22132	0.36290	0.06398	0.03689	0.00179	0.00284	0.07039	0.04972	0.00368
9	0.04066	0.17890	0.05924	0.07182	0.12160	0.18075	0.03751	0.05815	0.08722	0.05765	0.00914	0.01091	0.01800	0.00448	0.00389	0.00118	0.02099	0.02994	0.00251	0.00545
10	0.01088	0.02411	0.00906	0.00669	0.00988	0.00648	0.00539	0.05143	0.06901	0.18834	0.01037	0.04157	0.00812	0.00416	0.00364	0.00089	0.02009	0.00334	0.00319	0.52339
11	0.00580	0.00434	0.00648	0.00648	0.00719	0.00505	0.00502	0.00722	0.00651	0.00939	0.01090	0.01615	0.01023	0.04668	0.82521	0.00647	0.01073	0.00438	0.00218	0.00360
12	0.00532	0.00390	0.00483	0.00519	0.00587	0.00360	0.00370	0.00624	0.00859	0.01123	0.15405	0.34125	0.23637	0.07754	0.02206	0.03684	0.00263	0.06382	0.00366	0.00332
13	0.01089	0.00991	0.04862	0.01626	0.21161	0.00900	0.39818	0.01387	0.02536	0.15219	0.05484	0.01227	0.00873	0.00406	0.00444	0.00130	0.00541	0.00446	0.00270	0.00589
14	0.00494	0.00353	0.00471	0.00565	0.00588	0.00330	0.00377	0.00565	0.00777	0.01036	0.02236	0.85477	0.02683	0.01271	0.00518	0.00165	0.00235	0.01153	0.00377	0.00330
15	0.01204	0.00943	0.01006	0.00849	0.01110	0.01066	0.00676	0.28237	0.51956	0.04549	0.01422	0.01333	0.01048	0.00527	0.00408	0.00131	0.00360	0.00425	0.02097	0.00654
16	0.01004	0.00964	0.01647	0.02490	0.83211	0.00964	0.01245	0.01245	0.00924	0.01325	0.00763	0.01004	0.00643	0.00361	0.00402	0.00120	0.00482	0.00361	0.00201	0.00643
17	0.00841	0.00721	0.00841	0.00601	0.00961	0.00541	0.00481	0.01022	0.00841	0.01322	0.00721	0.00841	0.00601	0.00300	0.00300	0.00060	0.00300	0.00240	0.00240	0.88222
18	0.01031	0.01148	0.01270	0.47329	0.04597	0.27906	0.05159	0.01243	0.00924	0.01042	0.00689	0.00958	0.00541	0.00418	0.00436	0.00127	0.04189	0.00334	0.00191	0.00467
19	0.00494	0.00353	0.00471	0.00565	0.00588	0.00330	0.00377	0.00565	0.00777	0.01036	0.02236	0.85477	0.02683	0.01271	0.00518	0.00165	0.00235	0.01153	0.00377	0.00330
20	0.01038	0.00886	0.00933	0.00831	0.01066	0.01022	0.00649	0.06428	0.78159	0.01743	0.01615	0.01485	0.01209	0.00547	0.00412	0.00137	0.00328	0.00454	0.00412	0.00645
21	0.00673	0.00436	0.00535	0.00510	0.00604	0.00409	0.00371	0.00811	0.02446	0.06823	0.36188	0.02891	0.14081	0.19300	0.00855	0.03464	0.00266	0.05023	0.03952	0.00364
22	0.00494	0.00353	0.00471	0.00565	0.00588	0.00330	0.00377	0.00565	0.00777	0.01036	0.02236	0.85477	0.02683	0.01271	0.00518	0.00165	0.00235	0.01153	0.00377	0.00330
23	0.00563	0.00414	0.00526	0.00498	0.00599	0.00378	0.00374	0.00743	0.01121	0.01562	0.73273	0.03138	0.13593	0.00854	0.00479	0.00129	0.00193	0.00749	0.00438	0.00378
24	0.00735	0.00563	0.00708	0.00740	0.00868	0.00595	0.00620	0.01165	0.21595	0.01384	0.11256	0.03625	0.02228	0.00943	0.00514	0.00168	0.00339	0.51122	0.00392	0.00443
25	0.00494	0.00354	0.00470	0.00562	0.00588	0.00330	0.00375	0.00565	0.00779	0.01037	0.02270	0.84021	0.04118	0.01267	0.00517	0.00164	0.00235	0.01148	0.00377	0.00330
26	0.01542	0.01136	0.01218	0.00933	0.01258	0.01258	0.00771	0.81858	0.01908	0.02557	0.00974	0.00974	0.00690	0.00487	0.00406	0.00122	0.00446	0.00365	0.00406	0.00690
27	0.01516	0.00808	0.00949	0.00747	0.01026	0.00817	0.00611	0.30847	0.04407	0.37708	0.01330	0.01259	0.00905	0.00494	0.00387	0.00120	0.00356	0.00390	0.14687	0.00638
28	0.00492	0.00414	0.00428	0.00433	0.00567	0.00351	0.00331	0.00601	0.00929	0.01113	0.05381	0.03930	0.76724	0.01030	0.00484	0.00140	0.00216	0.05714	0.00378	0.00345
29	0.00846	0.00465	0.00474	0.00441	0.00562	0.00478	0.00339	0.10168	0.00971	0.01632	0.01284	0.01451	0.01000	0.00474	0.00298	0.00098	0.00218	0.00377	0.78011	0.00414
30	0.01542	0.01100	0.01191	0.00917	0.01238	0.01210	0.00756	0.74359	0.04514	0.07468	0.01035	0.01017	0.00727	0.00490	0.00406	0.00123	0.00436	0.00371	0.00412	0.00688
31	0.00580	0.00435	0.00652	0.00652	0.00724	0.00507	0.00507	0.00724	0.00652	0.00942	0.01087	0.01594	0.01014	0.03043	0.84134	0.00652	0.01087	0.00435	0.00217	0.00362
32	0.01787	0.00704	0.00945	0.00729	0.01040	0.00622	0.00601	0.03255	0.04082	0.79277	0.01592	0.01379	0.01008	0.00504	0.00408	0.00126	0.00346	0.00409	0.00497	0.00689
33	0.00496	0.00369	0.00463	0.00533	0.00585	0.00336	0.00367	0.00578	0.00820	0.01065	0.04338	0.64163	0.20408	0.01205	0.00509	0.00158	0.00231	0.02662	0.00378	0.00334
34	0.01525	0.01046	0.01147	0.00892	0.01206	0.01139	0.00733	0.62251	0.10283	0.13832	0.01133	0.01088	0.00792	0.00496	0.00407	0.00124	0.00419	0.00381	0.00420	0.00685
35	0.00841	0.00721	0.00841	0.00601	0.00961	0.00541	0.00481	0.01022	0.00841	0.01322	0.00721	0.00841	0.00601	0.00300	0.00300	0.00060	0.00300	0.00240	0.00240	0.88222
36	0.03924	0.00868	0.00849	0.00783	0.00915	0.20653	0.05267	0.05864	0.00891	0.01121	0.01183	0.18074	0.01200	0.07675	0.26884	0.00313	0.00675	0.00537	0.01917	0.00407
37	0.01358	0.00954	0.04092	0.00809	0.01128	0.02604	0.00677	0.30895	0.11727	0.21375	0.01167	0.02613	0.00843	0.00471	0.00387	0.00113	0.00386	0.00373	0.00384	0.17644
38	0.02726	0.00588	0.00778	0.00642	0.00867	0.00526	0.00512	0.01508	0.02617	0.50055	0.25462	0.06639	0.01923	0.00640	0.00430	0.00128	0.00289	0.00543	0.02559	0.00567
39	0.05612	0.06051	0.01136	0.00862	0.01151	0.01175	0.00705	0.45374	0.29827	0.02127	0.01165	0.01127	0.00859	0.00495	0.00392	0.00125	0.00396	0.00382	0.00387	0.00651
40	0.00540	0.00398	0.00502	0.00511	0.00592	0.00364	0.00370	0.00680	0.00997	0.01358	0.45731	0.24704	0.16291	0.03167	0.00531	0.00147	0.00213	0.02136	0.00411	0.00359
41	0.06813	0.00797	0.00951	0.00791	0.02342	0.00815	0.03466	0.23062	0.06407	0.07400	0.02219	0.13806	0.01077	0.04475	0.00520	0.00133	0.04882	0.00475	0.00334	0.19236
42	0.00883	0.01691	0.53475	0.01274	0.04645	0.00971	0.17006	0.01360	0.07949	0.02481	0.00833	0.00974	0.00609	0.00404	0.00442	0.00132	0.03723	0.00354	0.00205	0.00590
43	0.00506	0.00358	0.00467	0.00550	0.00570	0.00337	0.00360	0.00568	0.00754	0.01005	0.02118	0.75268	0.02534	0.11683	0.00709	0.00193	0.00255	0.01084	0.00360	0.00319
44	0.00699	0.00435	0.00554	0.00575	0.00672	0.00404	0.00430	0.00832	0.02216	0.10768	0.09470	0.35934	0.14737	0.04546	0.00557	0.00163	0.00267	0.13012	0.03339	0.00388
45	0.00957	0.00639	0.00703	0.00610	0.00743	0.00677	0.00444	0.25805	0.02707	0.04360	0.01246	0.05253	0.01183	0.36139	0.02671	0.00243	0.00381	0.00498	0.14307	0.00433
46	0.00494	0.00353	0.00471	0.00565	0.00588	0.00330	0.00377	0.00565	0.00777	0.01036	0.02236	0.85477	0.02683	0.01271	0.00518	0.00165	0.00235	0.01153	0.00377	0.00330
47	0.01057	0.00873	0.00928	0.00825	0.01061	0.01002	0.00645	0.04773	0.76764	0.04805	0.01627	0.01491	0.01212	0.00547	0.00412	0.00137	0.00326	0.00454	0.00416	0.00646
48	0.00808	0.00510	0.00626	0.00574	0.00722	0.00480	0.00444	0.05074	0.04957	0.13771	0.36047	0.10441	0.18702	0.00843	0.00469	0.00135	0.00249	0.04278	0.00428	0.00443
49	0.88607	0.00785	0.00596	0.00534	0.00785	0.00910	0.00439	0.01193	0.00690	0.01820	0.00565	0.00659	0.00439	0.00377	0.00251	0.00126	0.00314	0.00220	0.00251	0.00439
50	0.00992	0.00853	0.00902	0.00813	0.01037	0.00984	0.00632	0.02100	0.79226	0.01694	0.04903	0.01574	0.01342	0.00562	0.00415	0.00137	0.00316	0.00470	0.00414	0.00632
51	0.04272	0.00721	0.00859	0.00732	0.00974	0.00730	0.00586	0.07163	0.24810	0.35853	0.01702	0.09069	0.03966	0.00629	0.00422	0.00135	0.00329	0.04733	0.01712	0.00603
52	0.00510	0.00364	0.00486	0.00579	0.00608	0.00342	0.00398	0.00589	0.00787	0.01047	0.02213	0.77170	0.02634	0.02610	0.00546	0.00170	0.00250	0.07990	0.00374	0.00332
53	0.01022	0.00538	0.00589	0.00519	0.00681	0.00544	0.00407	0.09175	0.06754	0.14742	0.01356	0.01438	0.01014	0.00484	0.00325	0.00105	0.00249	0.00387	0.59192	0.00477
54	0.01542	0.01136	0.01218	0.00933	0.01258	0.01258	0.00771	0.81858	0.01908	0.02557	0.00974	0.00974	0.00690	0.00487	0.00406	0.00122	0.00446	0.00365	0.00406	0.00690
55	0.50644	0.00781	0.00765	0.00634	0.00910	0.00835	0.00522	0.06909	0.04425	0.28559	0.00977	0.00953	0.00675	0.00432	0.00320	0.00126	0.00333	0.00301	0.00350	0.00547
56	0.01699	0.00886	0.01062	0.00815	0.01133	0.00886	0.00673	0.36965	0.01488	0.48042	0.01326	0.01203	0.00867	0.00496	0.00407	0.00124	0.00390	0.00389	0.00460	0.00690
57	0.01820	0.00690	0.00942	0.00722	0.01036	0.00596	0.00596	0.01977	0.01161	0.83492	0.01601	0.01381	0.01004	0.00502	0.00408	0.00126	0.00345	0.00408	0.00502	0.00690
58	0.01516	0.01934	0.01150	0.01045	0.01254	0.84113	0.00784	0.01620	0.01150	0.00993	0.00627	0.00732	0.00523	0.00418	0.00366	0.00105	0.00732	0.00261	0.00209	0.00470
59	0.04551	0.00693	0.00931	0.00716	0.01028	0.00606	0.00591	0.01953	0.01146	0.80922	0.01568	0.01358	0.00987	0.00498	0.00403	0.00126	0.00344	0.00402	0.00494	0.00683
60	0.00480	0.00411	0.00411	0.00411	0.00548	0.00343	0.00308	0.00582	0.00925	0.01096	0.04110	0.03905	0.83046	0.01028	0.00480	0.00137	0.00206	0.00856	0.00377	0.00343
61	0.01516	0.01934	0.01150	0.01045	0.01254	0.84113	0.00784	0.01620	0.01150	0.00993	0.00627	0.00732	0.00523	0.00418	0.00366	0.00105	0.00732	0.00261	0.00209	0.00470
62	0.00660	0.00480	0.00690	0.00767	0.00867	0.00478	0.02321	0.00850	0.00934	0.01216	0.02121	0.04505	0.02300	0.01105	0.00559	0.00186	0.00380	0.78836	0.00370	0.00377
63	0.81121	0.00776	0.00626	0.00550	0.00806	0.00883	0.00453	0.01260	0.00731	0.08865	0.00654	0.00721	0.00488	0.00387	0.00265	0.00126	0.00317	0.00236	0.00273	0.00461
64	0.00766	0.00721	0.01217	0.84767	0.02794	0.00901	0.01127	0.01037	0.00811	0.01037	0.00721	0.01082	0.00541	0.00406	0.00406	0.00135	0.00541	0.00361	0.00180	0.00451
65	0.00814	0.02099	0.83640	0.01156	0.01756	0.00942	0.01499	0.01285	0.00857	0.01285	0.00728	0.00857	0.00514	0.00385	0.00385	0.00128	0.00600	0.00300	0.00171	0.00600
66	0.04117	0.00730	0.00838	0.00604	0.00960	0.00566	0.00484	0.02343	0.00853	0.01361	0.00719	0.00837	0.00596	0.00306	0.00300	0.00064	0.00303	0.00242	0.00243	0.83533
67	0.01052	0.32301	0.37888	0.00963	0.01399	0.14056	0.01066	0.04814	0.00936	0.01176	0.00664	0.00768	0.00525	0.00381	0.00338	0.00109	0.00554	0.00267	0.00188	0.00555
68	0.00589	0.00396	0.00456	0.00456	0.00460	0.00400	0.00262	0.00598	0.00594	0.00796	0.01266	0.02589	0.01446	0.80563	0.07204	0.00410	0.00437	0.00580	0.00244	0.00253
69	0.01085	0.85986	0.02126	0.00694	0.01041	0.01605	0.00694	0.01215	0.00824	0.00955	0.00564	0.00651	0.00521	0.00347	0.00260	0.00087	0.00434	0.00217	0.00174	0.00521
70	0.02579	0.00821	0.01309	0.52577	0.23205	0.00942	0.01100	0.08339	0.00944	0.03227	0.00773	0.01051	0.00589	0.00403	0.00402	0.00130	0.00508	0.00360	0.00215	0.00527
71	0.00891	0.00935	0.01862	0.12059	0.17530	0.00923	0.45269	0.01172	0.00911	0.01241	0.00959	0.08522	0.00846	0.00466	0.00475	0.00138	0.01920	0.03132	0.00221	0.00527
72	0.00654	0.00467	0.00654	0.00747	0.00841	0.00467	0.00654	0.00841	0.00934	0.01214	0.02148	0.04576	0.02335	0.01121	0.00560	0.00187	0.00374	0.80480	0.00374	0.00374
73	0.00786	0.00622	0.00832	0.00693	0.00901	0.00583	0.07786	0.02686	0.12930	0.05488	0.29286	0.03829	0.13262	0.00677	0.00437	0.00122	0.00294	0.03098	0.00374	0.15313
74	0.00766	0.00721	0.01217	0.84767	0.02794	0.00901	0.01127	0.01037	0.00811	0.01037	0.00721	0.01082	0.00541	0.00406	0.00406	0.00135	0.00541	0.00361	0.00180	0.00451
75	0.01009	0.00872	0.00917	0.00826	0.01055	0.01009	0.00642	0.02156	0.82478	0.01697	0.01651	0.01514	0.01238	0.00550	0.00413	0.00138	0.00321	0.00459	0.00413	0.00642
76	0.00990	0.00869	0.01500	0.04293	0.03433	0.00867	0.33234	0.16248	0.01155	0.05129	0.14524	0.05133	0.01401	0.00569	0.00480	0.00138	0.01852	0.07345	0.00315	0.00527
77	0.16206	0.00780	0.00952	0.00827	0.04379	0.02108	0.03630	0.06214	0.12010	0.39318	0.01367	0.03893	0.01010	0.00531	0.00395	0.00131	0.00365	0.04878	0.00403	0.00602
78	0.00766	0.00721	0.01217	0.84767	0.02794	0.00901	0.01127	0.01037	0.00811	0.01037	0.00721	0.01082	0.00541	0.00406	0.00406	0.00135	0.00541	0.00361	0.00180	0.00451
79	0.00841	0.00721	0.00841	0.00601	0.00961	0.00541	0.00481	0.01022	0.00841	0.01322	0.00721	0.00841	0.00601	0.00300	0.00300	0.00060	0.00300	0.00240	0.00240	0.88222
80	0.00567	0.00414	0.00532	0.00503	0.00602	0.00380	0.00377	0.00752	0.01132	0.01587	0.77037	0.03097	0.09813	0.00844	0.00479	0.00128	0.00192	0.00743	0.00441	0.00380
81	0.00650	0.00431	0.00567	0.00523	0.00632	0.00396	0.00396	0.00839	0.01149	0.06591	0.78061	0.02931	0.03657	0.00810	0.00474	0.00127	0.00201	0.00714	0.00450	0.00401
82	0.00872	0.00810	0.01239	0.60572	0.09676	0.02471	0.02347	0.05344	0.10284	0.01220	0.00845	0.01113	0.00639	0.00422	0.00407	0.00133	0.00511	0.00372	0.00221	0.00504
83	0.85342	0.00833	0.03685	0.00557	0.00821	0.00911	0.00479	0.01196	0.00697	0.01800	0.00571	0.00666	0.00442	0.00377	0.00256	0.00126	0.00324	0.00223	0.00248	0.00445
84	0.00615	0.02846	0.00639	0.03756	0.02367	0.00448	0.02072	0.02197	0.00866	0.04172	0.07750	0.55569	0.11669	0.01073	0.00491	0.00152	0.00270	0.02305	0.00367	0.00376
85	0.00538	0.00400	0.00502	0.00516	0.00597	0.00367	0.00372	0.00687	0.02131	0.01341	0.41622	0.30732	0.16681	0.01006	0.00491	0.00142	0.00210	0.00891	0.00411	0.00362
86	0.01112	0.00926	0.01002	0.00906	0.04034	0.01056	0.00689	0.17543	0.63973	0.01850	0.01489	0.01391	0.01111	0.00531	0.00411	0.00134	0.00351	0.00437	0.00404	0.00651
87	0.00967	0.00796	0.00909	0.00661	0.01015	0.00670	0.00533	0.15569	0.01033	0.01544	0.00767	0.00865	0.00617	0.00334	0.00319	0.00071	0.00327	0.00263	0.00270	0.72469
88	0.04875	0.02326	0.03167	0.06942	0.20018	0.18685	0.04765	0.02534	0.14689	0.05127	0.03052	0.05018	0.02094	0.00508	0.00420	0.00127	0.01906	0.02927	0.00276	0.00543
89	0.00947	0.03029	0.16633	0.01598	0.03951	0.02589	0.62517	0.01300	0.00940	0.01285	0.00794	0.01034	0.00595	0.00352	0.00454	0.00133	0.00660	0.00435	0.00199	0.00557
90	0.01808	0.00710	0.00953	0.00731	0.01045	0.00625	0.00604	0.05391	0.01193	0.80033	0.01574	0.01364	0.00991	0.00502	0.00408	0.00125	0.00350	0.00406	0.00498	0.00690
91	0.00584	0.00419	0.00571	0.00571	0.00615	0.00463	0.00406	0.00672	0.00628	0.00882	0.01161	0.02005	0.01193	0.35058	0.52362	0.00552	0.00818	0.00495	0.00228	0.00317
92	0.05591	0.01020	0.04807	0.08413	0.32537	0.05975	0.12480	0.05445	0.09721	0.04216	0.01018	0.01170	0.03932	0.00456	0.01360	0.00132	0.00499	0.00395	0.00252	0.00580
93	0.00590	0.00394	0.00446	0.00446	0.00448	0.00395	0.00251	0.00593	0.00591	0.00790	0.01275	0.02635	0.01466	0.84181	0.03613	0.00398	0.00406	0.00587	0.00245	0.00248
94	0.01781	0.00754	0.00981	0.00752	0.01067	0.00690	0.00621	0.13340	0.01267	0.71979	0.01511	0.01323	0.00960	0.00500	0.00408	0.00125	0.00360	0.00402	0.00488	0.00690
95	0.17190	0.00726	0.00858	0.00697	0.00971	0.00712	0.00568	0.06479	0.08410	0.50009	0.01402	0.03419	0.00987	0.01671	0.00407	0.00132	0.00339	0.02367	0.02043	0.00613
96	0.03883	0.00444	0.00528	0.00523	0.00636	0.00408	0.00388	0.02313	0.00977	0.06706	0.26576	0.25349	0.26365	0.00967	0.00476	0.00141	0.00230	0.02303	0.00401	0.00385
97	0.01094	0.00764	0.00848	0.00733	0.00957	0.00818	0.00581	0.15606	0.34526	0.13099	0.07798	0.03048	0.10261	0.00628	0.00422	0.00132	0.00318	0.02882	0.04905	0.00580
98	0.85727	0.00796	0.00617	0.00547	0.00800	0.00922	0.00450	0.03861	0.00731	0.01845	0.00578	0.00669	0.00448	0.00380	0.00256	0.00125	0.00318	0.00225	0.00256	0.00448
99	0.01033	0.00809	0.00881	0.00765	0.00980	0.00895	0.00598	0.19910	0.41724	0.03672	0.13900	0.04824	0.04346	0.03207	0.00477	0.00141	0.00326	0.00521	0.00411	0.00581
100	0.00699	0.00437	0.00548	0.00558	0.00662	0.00398	0.00408	0.00834	0.03014	0.12175	0.12748	0.40043	0.19962	0.01955	0.00506	0.00151	0.00247	0.03859	0.00402	0.00396
101	0.88607	0.00785	0.00596	0.00534	0.00785	0.00910	0.00439	0.01193	0.00690	0.01820	0.00565	0.00659	0.00439	0.00377	0.00251	0.00126	0.00314	0.00220	0.00251	0.00439
102	0.04088	0.00565	0.00613	0.00564	0.00710	0.00597	0.00432	0.03935	0.22386	0.01627	0.26011	0.01932	0.01901	0.02117	0.00411	0.00123	0.00243	0.00502	0.29536	0.01707
103	0.06570	0.00886	0.00985	0.00797	0.01067	0.00947	0.00642	0.34857	0.17271	0.21022	0.04062	0.03795	0.01049	0.03604	0.00464	0.00137	0.00374	0.00429	0.00415	0.00629
104	0.00662	0.00471	0.00547	0.00545	0.00684	0.00432	0.00431	0.00857	0.06148	0.07693	0.09057	0.07861	0.45192	0.00972	0.00488	0.00147	0.00258	0.16765	0.00393	0.00398
105	0.00494	0.00353	0.00471	0.00565	0.00588	0.00330	0.00377	0.00565	0.00777	0.01036	0.02236	0.85477	0.02683	0.01271	0.00518	0.00165	0.00235	0.01153	0.00377	0.00330
106	0.01647	0.00469	0.00634	0.00633	0.00699	0.02989	0.00476	0.00736	0.00665	0.02615	0.01103	0.07652	0.01074	0.04286	0.57507	0.14926	0.00854	0.00469	0.00229	0.00338
107	0.00697	0.00436	0.00554	0.00553	0.00615	0.00436	0.00383	0.00782	0.01863	0.08929	0.03844	0.22714	0.05463	0.31288	0.12709	0.01707	0.02114	0.02260	0.02306	0.00347
108	0.88607	0.00785	0.00596	0.00534	0.00785	0.00910	0.00439	0.01193	0.00690	0.01820	0.00565	0.00659	0.00439	0.00377	0.00251	0.00126	0.00314	0.00220	0.00251	0.00439
109	0.00574	0.00415	0.00542	0.00510	0.00606	0.00383	0.00383	0.00766	0.01148	0.01627	0.82997	0.03031	0.03828	0.00829	0.00479	0.00128	0.00191	0.00734	0.00447	0.00383
110	0.01517	0.01904	0.01152	0.01041	0.01254	0.81031	0.00783	0.04605	0.01178	0.01051	0.00640	0.00741	0.00529	0.00421	0.00367	0.00105	0.00721	0.00265	0.00216	0.00479
111	0.00891	0.00785	0.02600	0.00650	0.01002	0.00629	0.00532	0.05097	0.08738	0.01418	0.00823	0.00913	0.00665	0.00335	0.00318	0.00072	0.00316	0.00269	0.00264	0.73684
112	0.00908	0.00758	0.00817	0.00747	0.00944	0.00850	0.00575	0.01804	0.62154	0.02736	0.11629	0.06323	0.06699	0.00651	0.00430	0.00138	0.00294	0.00553	0.00414	0.00576
113	0.00574	0.00415	0.00542	0.00510	0.00606	0.00383	0.00383	0.00766	0.01148	0.01627	0.82997	0.03031	0.03828	0.00829	0.00479	0.00128	0.00191	0.00734	0.00447	0.00383
114	0.01762	0.00784	0.01000	0.00766	0.01083	0.00736	0.00633	0.18821	0.01319	0.66426	0.01468	0.01295	0.00938	0.00499	0.00408	0.00125	0.00367	0.00399	0.00482	0.00690
115	0.05697	0.00581	0.00707	0.00626	0.00800	0.00558	0.00481	0.09636	0.01048	0.26417	0.10516	0.19330	0.08468	0.09335	0.00608	0.00164	0.00309	0.03829	0.00406	0.00483
116	0.00494	0.00353	0.00471	0.00565	0.00588	0.00330	0.00377	0.00565	0.00777	0.01036	0.02236	0.85477	0.02683	0.01271	0.00518	0.00165	0.00235	0.01153	0.00377	0.00330
117	0.81198	0.00783	0.00630	0.00553	0.00809	0.00893	0.00455	0.02422	0.00741	0.07611	0.00644	0.00715	0.00483	0.00387	0.00264	0.00125	0.00318	0.00235	0.00271	0.00461
118	0.11459	0.00550	0.00662	0.00585	0.00744	0.00524	0.00434	0.01198	0.00872	0.32645	0.03426	0.13752	0.02564	0.26144	0.00907	0.00213	0.00335	0.02158	0.00372	0.00458
119	0.01186	0.00759	0.00871	0.00741	0.00954	0.00793	0.00577	0.27616	0.13370	0.18188	0.01602	0.19427	0.04179	0.07116	0.00559	0.00155	0.00350	0.00590	0.00407	0.00560
120	0.01509	0.03286	0.01165	0.01040	0.01251	0.82786	0.00782	0.01614	0.01144	0.00992	0.00626	0.00730	0.00523	0.00417	0.00364	0.00104	0.00727	0.00261	0.00208	0.00471
121	0.00480	0.00410	0.00412	0.00413	0.00549	0.00342	0.00309	0.00582	0.00923	0.01095	0.04083	0.05064	0.81904	0.01031	0.00480	0.00137	0.00206	0.00860	0.00377	0.00342
122	0.05002	0.00516	0.00656	0.00569	0.00739	0.00469	0.00443	0.01124	0.01098	0.25284	0.46920	0.03920	0.07339	0.01930	0.00468	0.00131	0.00248	0.00619	0.00442	0.02085
123	0.00494	0.00353	0.00471	0.00565	0.00588	0.00330	0.00377	0.00565	0.00777	0.01036	0.02236	0.85477	0.02683	0.01271	0.00518	0.00165	0.00235	0.01153	0.00377	0.00330
124	0.00580	0.00435	0.00652	0.00652	0.00724	0.00507	0.00507	0.00724	0.00652	0.00942	0.01087	0.01594	0.01014	0.03043	0.84134	0.00652	0.01087	0.00435	0.00217	0.00362
125	0.19083	0.00896	0.00988	0.00773	0.01079	0.00936	0.00638	0.35275	0.01380	0.33241	0.01131	0.01066	0.00760	0.00471	0.00376	0.00124	0.00381	0.00352	0.00412	0.00640
126	0.02796	0.00364	0.00528	0.00526	0.00535	0.00365	0.00354	0.00545	0.00540	0.00739	0.00767	0.01271	0.02281	0.01377	0.01533	0.84404	0.00349	0.00359	0.00182	0.00186
127	0.00578	0.00424	0.00473	0.00478	0.00589	0.00379	0.00346	0.00710	0.03536	0.04760	0.07809	0.21012	0.47595	0.06987	0.00590	0.00159	0.00234	0.00852	0.02126	0.00361
128	0.00580	0.00435	0.00652	0.00652	0.00724	0.00507	0.00507	0.00724	0.00652	0.00942	0.01087	0.01594	0.01014	0.03043	0.84134	0.00652	0.01087	0.00435	0.00217	0.00362
129	0.01009	0.00872	0.00917	0.00826	0.01055	0.01009	0.00642	0.02156	0.82478	0.01697	0.01651	0.01514	0.01238	0.00550	0.00413	0.00138	0.00321	0.00459	0.00413	0.00642
130	0.03198	0.01116	0.01192	0.00919	0.01237	0.01235	0.00758	0.78874	0.01864	0.02516	0.00988	0.02458	0.00720	0.00499	0.00405	0.00123	0.00440	0.00376	0.00402	0.00679
131	0.00517	0.00369	0.00496	0.00590	0.00624	0.00349	0.00415	0.00604	0.00799	0.01061	0.02224	0.74133	0.02635	0.01250	0.00524	0.00168	0.00255	0.12276	0.00376	0.00336
132	0.01004	0.00964	0.01647	0.02490	0.83211	0.00964	0.01245	0.01245	0.00924	0.01325	0.00763	0.01004	0.00643	0.00361	0.00402	0.00120	0.00482	0.00361	0.00201	0.00643
133	0.00766	0.00721	0.01217	0.84767	0.02794	0.00901	0.01127	0.01037	0.00811	0.01037	0.00721	0.01082	0.00541	0.00406	0.00406	0.00135	0.00541	0.00361	0.00180	0.00451
134	0.00944	0.00891	0.01495	0.11271	0.65888	0.00913	0.01155	0.01203	0.02829	0.01305	0.03868	0.02844	0.00843	0.00424	0.00411	0.00125	0.00467	0.02303	0.00220	0.00600
135	0.01239	0.01033	0.01221	0.00992	0.01168	0.02579	0.00821	0.42829	0.03008	0.01809	0.00786	0.00943	0.00629	0.00587	0.00818	0.00147	0.38155	0.00361	0.00301	0.00576
136	0.00480	0.00411	0.00411	0.00411	0.00548	0.00343	0.00308	0.00582	0.00925	0.01096	0.04110	0.03905	0.83046	0.01028	0.00480	0.00137	0.00206	0.00856	0.00377	0.00343
137	0.00581	0.00436	0.00498	0.00508	0.00616	0.00396	0.00370	0.04969	0.00948	0.03158	0.09301	0.32190	0.42441	0.01056	0.00487	0.00145	0.00231	0.00914	0.00387	0.00368
138	0.01516	0.01934	0.01150	0.01045	0.01254	0.84113	0.00784	0.01620	0.01150	0.00993	0.00627	0.00732	0.00523	0.00418	0.00366	0.00105	0.00732	0.00261	0.00209	0.00470
139	0.01009	0.00872	0.00917	0.00826	0.01055	0.01009	0.00642	0.02156	0.82478	0.01697	0.01651	0.01514	0.01238	0.00550	0.00413	0.00138	0.00321	0.00459	0.00413	0.00642
140	0.00705	0.00352	0.00529	0.00529	0.00529	0.00352	0.00352	0.00529	0.00529	0.00705	0.00705	0.01233	0.00705	0.01409	0.01586	0.88196	0.00352	0.00352	0.00176	0.00176
141	0.00626	0.00423	0.00550	0.00519	0.00618	0.00389	0.00386	0.00799	0.01102	0.05395	0.69278	0.08112	0.05843	0.03519	0.00528	0.00138	0.00208	0.00744	0.00437	0.00388
142	0.88607	0.00785	0.00596	0.00534	0.00785	0.00910	0.00439	0.01193	0.00690	0.01820	0.00565	0.00659	0.00439	0.00377	0.00251	0.00126	0.00314	0.00220	0.00251	0.00439
143	0.03855	0.00693	0.00933	0.00717	0.01030	0.00604	0.00593	0.01959	0.01150	0.81577	0.01576	0.01364	0.00991	0.00499	0.00404	0.00126	0.00344	0.00404	0.00496	0.00685
144	0.00499	0.00389	0.00454	0.00486	0.00572	0.00343	0.00346	0.00602	0.00898	0.01149	0.14765	0.36175	0.39683	0.01096	0.00495	0.00147	0.00215	0.00957	0.00387	0.00343
145	0.00588	0.00429	0.00554	0.00520	0.00620	0.00403	0.00391	0.00809	0.03708	0.01629	0.80437	0.02983	0.03747	0.00821	0.00476	0.00128	0.00195	0.00725	0.00446	0.00391
146	0.88607	0.00785	0.00596	0.00534	0.00785	0.00910	0.00439	0.01193	0.00690	0.01820	0.00565	0.00659	0.00439	0.00377	0.00251	0.00126	0.00314	0.00220	0.00251	0.00439
147	0.06444	0.00695	0.00918	0.00714	0.01020	0.00617	0.00589	0.01921	0.02213	0.76802	0.01554	0.01392	0.00997	0.00505	0.00402	0.00127	0.00344	0.01591	0.00486	0.00672
148	0.00482	0.00408	0.00417	0.00422	0.00551	0.00342	0.00314	0.00584	0.00919	0.01100	0.05171	0.08857	0.76974	0.01039	0.00482	0.00139	0.00207	0.00873	0.00378	0.00342
149	0.00841	0.00721	0.00841	0.00601	0.00961	0.00541	0.00481	0.01022	0.00841	0.01322	0.00721	0.00841	0.00601	0.00300	0.00300	0.00060	0.00300	0.00240	0.00240	0.88222
150	0.00841	0.00721	0.00841	0.00601	0.00961	0.00541	0.00481	0.01022	0.00841	0.01322	0.00721	0.00841	0.00601	0.00300	0.00300	0.00060	0.00300	0.00240	0.00240	0.88222
151	0.00494	0.00353	0.00471	0.00565	0.00588	0.00330	0.00377	0.00565	0.00777	0.01036	0.02236	0.85477	0.02683	0.01271	0.00518	0.00165	0.00235	0.01153	0.00377	0.00330
152	0.00654	0.00467	0.00654	0.00747	0.00841	0.00467	0.00654	0.00841	0.00934	0.01214	0.02148	0.04576	0.02335	0.01121	0.00560	0.00187	0.00374	0.80480	0.00374	0.00374
153	0.88607	0.00785	0.00596	0.00534	0.00785	0.00910	0.00439	0.01193	0.00690	0.01820	0.00565	0.00659	0.00439	0.00377	0.00251	0.00126	0.00314	0.00220	0.00251	0.00439
154	0.00705	0.00352	0.00529	0.00529	0.00529	0.00352	0.00352	0.00529	0.00529	0.00705	0.00705	0.01233	0.00705	0.01409	0.01586	0.88196	0.00352	0.00352	0.00176	0.00176
155	0.04917	0.00668	0.00870	0.00681	0.00967	0.00598	0.00559	0.02875	0.02233	0.69250	0.01524	0.01365	0.00986	0.00495	0.00388	0.00122	0.00328	0.00398	0.10128	0.00646
156	0.01743	0.00702	0.00937	0.00725	0.01030	0.00625	0.00597	0.04632	0.03853	0.75390	0.04260	0.01426	0.01094	0.00514	0.00410	0.00126	0.00343	0.00419	0.00494	0.00679
157	0.01535	0.00864	0.00997	0.00777	0.01065	0.00888	0.00638	0.40792	0.01482	0.32505	0.01256	0.01201	0.00856	0.00491	0.00389	0.00119	0.00373	0.00383	0.12742	0.00646

[dist]
# distance from previous block
# <min> <max>
0	5

[block]
# block no. 3 follows, 66 sequences, length 105
# corresponding to MSA columns:
# 487-591
name=unknown_D
#
# <colnr> <probs for GDERKNQSTAVLIFYWHMCP>
#	G	D	E	R	K	N	Q	S	T	A	V	L	I	F	Y	W	H	M	C	P
0	0.01503	0.01152	0.01188	0.00927	0.01236	0.05554	0.00759	0.74076	0.03159	0.02418	0.01003	0.03345	0.00746	0.00507	0.00407	0.00122	0.00453	0.00384	0.00395	0.00668
1	0.01251	0.00964	0.01061	0.00795	0.01135	0.00960	0.00650	0.48266	0.01464	0.02044	0.00869	0.00919	0.00653	0.00410	0.00362	0.00096	0.00386	0.00313	0.00337	0.37064
2	0.00493	0.00357	0.00467	0.00556	0.00586	0.00330	0.00372	0.00566	0.00786	0.01039	0.02350	0.80516	0.07570	0.01256	0.00516	0.00163	0.00234	0.01135	0.00377	0.00330
3	0.01220	0.03081	0.04210	0.00818	0.01066	0.03936	0.00673	0.27429	0.22413	0.12282	0.01323	0.08796	0.01079	0.00650	0.00502	0.06532	0.00389	0.02641	0.00378	0.00584
4	0.00958	0.36229	0.03212	0.00900	0.01057	0.01364	0.00806	0.01071	0.00714	0.00975	0.00592	0.02923	0.00582	0.00567	0.00848	0.00139	0.46089	0.00317	0.00181	0.00476
5	0.00841	0.00721	0.00841	0.00601	0.00961	0.00541	0.00481	0.01022	0.00841	0.01322	0.00721	0.00841	0.00601	0.00300	0.00300	0.00060	0.00300	0.00240	0.00240	0.88222
6	0.73487	0.00761	0.00643	0.00558	0.00815	0.00851	0.00460	0.01305	0.00765	0.14148	0.00739	0.00788	0.00538	0.00398	0.00276	0.00125	0.00316	0.00252	0.02300	0.00476
7	0.13237	0.00676	0.00813	0.00651	0.00919	0.00638	0.00532	0.06672	0.01096	0.52395	0.02683	0.01442	0.05684	0.00516	0.00378	0.00123	0.00320	0.00407	0.10222	0.00597
8	0.00700	0.00352	0.00527	0.00529	0.00530	0.00352	0.00353	0.00529	0.00534	0.00712	0.00737	0.03001	0.00746	0.01407	0.01563	0.86349	0.00350	0.00369	0.00180	0.00179
9	0.00760	0.00389	0.00408	0.00409	0.00507	0.00387	0.00313	0.00948	0.00871	0.02730	0.04305	0.01742	0.01214	0.00523	0.00308	0.00102	0.00202	0.05011	0.78487	0.00383
10	0.00494	0.00358	0.00468	0.00554	0.00586	0.00331	0.00372	0.00569	0.00791	0.01048	0.03444	0.79077	0.07911	0.01249	0.00515	0.00162	0.00233	0.01128	0.00378	0.00331
11	0.01790	0.00684	0.00932	0.00717	0.01025	0.00591	0.00591	0.01947	0.01161	0.81483	0.03598	0.01421	0.01074	0.00510	0.00410	0.00126	0.00341	0.00416	0.00501	0.00683
12	0.60624	0.00728	0.00665	0.00579	0.00825	0.00793	0.00470	0.01330	0.02070	0.19622	0.00940	0.06929	0.00745	0.00472	0.00308	0.00128	0.00313	0.00334	0.01635	0.00489
13	0.00503	0.00359	0.00466	0.00549	0.00573	0.00336	0.00362	0.00568	0.00763	0.01013	0.02195	0.75232	0.04759	0.09443	0.00667	0.00186	0.00250	0.01091	0.00364	0.00322
14	0.00494	0.00353	0.00471	0.00565	0.00588	0.00330	0.00377	0.00565	0.00777	0.01036	0.02236	0.85477	0.02683	0.01271	0.00518	0.00165	0.00235	0.01153	0.00377	0.00330
15	0.00580	0.00433	0.00643	0.00643	0.00713	0.00502	0.00496	0.00719	0.00649	0.00935	0.01095	0.01639	0.01034	0.06548	0.80655	0.00641	0.01057	0.00441	0.00219	0.00357
16	0.01704	0.00698	0.00913	0.00708	0.01003	0.00629	0.00582	0.08136	0.01192	0.69871	0.01527	0.01361	0.00983	0.00498	0.00397	0.00122	0.00339	0.00402	0.08272	0.00663
17	0.00705	0.00352	0.00529	0.00529	0.00529	0.00352	0.00352	0.00529	0.00529	0.00705	0.00705	0.01233	0.00705	0.01409	0.01586	0.88196	0.00352	0.00352	0.00176	0.00176
18	0.00958	0.01094	0.02394	0.01710	0.02120	0.01026	0.81737	0.01300	0.00958	0.01300	0.00821	0.01094	0.00616	0.00342	0.00479	0.00137	0.00684	0.00479	0.00205	0.00547
19	0.00590	0.00393	0.00442	0.00442	0.00442	0.00393	0.00246	0.00590	0.00590	0.00787	0.01278	0.02655	0.01475	0.85742	0.02065	0.00393	0.00393	0.00590	0.00246	0.00246
20	0.00841	0.00721	0.00841	0.00601	0.00961	0.00541	0.00481	0.01022	0.00841	0.01322	0.00721	0.00841	0.00601	0.00300	0.00300	0.00060	0.00300	0.00240	0.00240	0.88222
21	0.00888	0.00888	0.01243	0.01065	0.01065	0.01243	0.00888	0.00976	0.00621	0.00976	0.00533	0.00888	0.00533	0.00710	0.01331	0.00178	0.84999	0.00355	0.00178	0.00444
22	0.00590	0.00393	0.00442	0.00442	0.00442	0.00393	0.00246	0.00590	0.00590	0.00787	0.01278	0.02655	0.01475	0.85742	0.02065	0.00393	0.00393	0.00590	0.00246	0.00246
23	0.01466	0.01849	0.01121	0.01028	0.01230	0.79289	0.00776	0.01575	0.01137	0.01006	0.00715	0.00953	0.00627	0.00459	0.00377	0.00109	0.00711	0.04887	0.00219	0.00465
24	0.01430	0.00844	0.00979	0.00802	0.01082	0.00885	0.00646	0.15870	0.35624	0.34957	0.01514	0.01367	0.01049	0.00520	0.00410	0.00130	0.00353	0.00422	0.00448	0.00670
25	0.00494	0.00353	0.00471	0.00565	0.00588	0.00330	0.00377	0.00565	0.00777	0.01036	0.02236	0.85477	0.02683	0.01271	0.00518	0.00165	0.00235	0.01153	0.00377	0.00330
26	0.01542	0.01136	0.01218	0.00933	0.01258	0.01258	0.00771	0.81858	0.01908	0.02557	0.00974	0.00974	0.00690	0.00487	0.00406	0.00122	0.00446	0.00365	0.00406	0.00690
27	0.00861	0.00849	0.01192	0.01030	0.01036	0.01179	0.00855	0.00955	0.00624	0.00973	0.00580	0.00948	0.00574	0.00911	0.08450	0.00218	0.77785	0.00362	0.00181	0.00437
28	0.10784	0.01713	0.01090	0.00975	0.01199	0.65790	0.00742	0.08470	0.03467	0.01235	0.00679	0.00767	0.00548	0.00423	0.00358	0.00109	0.00651	0.00271	0.00236	0.00491
29	0.00489	0.00411	0.00425	0.00423	0.00554	0.00346	0.00317	0.00601	0.00945	0.01149	0.12079	0.04983	0.73867	0.01011	0.00480	0.00136	0.00204	0.00848	0.00384	0.00346
30	0.01121	0.00772	0.01245	0.40978	0.21977	0.00831	0.01006	0.01352	0.00937	0.24316	0.00979	0.01147	0.00696	0.00422	0.00405	0.00129	0.00471	0.00374	0.00276	0.00565
31	0.02912	0.23259	0.15269	0.02723	0.01365	0.28700	0.08209	0.05346	0.02298	0.02902	0.00742	0.00916	0.00608	0.00413	0.00360	0.00112	0.00578	0.02542	0.00217	0.00526
32	0.00863	0.01756	0.55951	0.01345	0.01880	0.00971	0.28844	0.01290	0.00891	0.01290	0.00760	0.00938	0.00549	0.00371	0.00417	0.00131	0.00628	0.00361	0.00183	0.00582
33	0.00580	0.00435	0.00652	0.00652	0.00724	0.00507	0.00507	0.00724	0.00652	0.00942	0.01087	0.01594	0.01014	0.03043	0.84134	0.00652	0.01087	0.00435	0.00217	0.00362
34	0.00968	0.00932	0.01594	0.13727	0.68915	0.00962	0.02806	0.01212	0.00903	0.01278	0.00754	0.01014	0.00626	0.00374	0.00423	0.00124	0.02215	0.00364	0.00198	0.00610
35	0.06720	0.08561	0.04047	0.10149	0.13612	0.31806	0.07653	0.10395	0.01083	0.01306	0.00706	0.00859	0.00563	0.00400	0.00374	0.00115	0.00583	0.00311	0.00225	0.00531
36	0.01820	0.00690	0.00942	0.00722	0.01036	0.00596	0.00596	0.01977	0.01161	0.83492	0.01601	0.01381	0.01004	0.00502	0.00408	0.00126	0.00345	0.00408	0.00502	0.00690
37	0.88607	0.00785	0.00596	0.00534	0.00785	0.00910	0.00439	0.01193	0.00690	0.01820	0.00565	0.00659	0.00439	0.00377	0.00251	0.00126	0.00314	0.00220	0.00251	0.00439
38	0.00587	0.00445	0.00666	0.00662	0.00732	0.00524	0.00516	0.00730	0.00651	0.00943	0.01074	0.01577	0.01003	0.02988	0.82196	0.00641	0.03051	0.00433	0.00216	0.00364
39	0.00582	0.00434	0.00573	0.02909	0.02342	0.00407	0.00413	0.00767	0.01107	0.01550	0.71893	0.02987	0.09048	0.02603	0.00508	0.00134	0.00212	0.00721	0.00425	0.00384
40	0.00654	0.00467	0.00654	0.00747	0.00841	0.00467	0.00654	0.00841	0.00934	0.01214	0.02148	0.04576	0.02335	0.01121	0.00560	0.00187	0.00374	0.80480	0.00374	0.00374
41	0.01185	0.00854	0.00939	0.00813	0.01063	0.00950	0.00641	0.06720	0.63298	0.16365	0.01603	0.01459	0.01165	0.00538	0.00412	0.00135	0.00333	0.00444	0.00428	0.00654
42	0.01689	0.00652	0.00872	0.00679	0.00966	0.00569	0.00558	0.01850	0.01123	0.73391	0.01566	0.01397	0.01009	0.00499	0.00393	0.00122	0.00326	0.00404	0.11282	0.00652
43	0.00934	0.00450	0.00627	0.00574	0.00646	0.00440	0.00406	0.00881	0.00688	0.19262	0.01016	0.01520	0.00914	0.16014	0.04411	0.47904	0.02325	0.00409	0.00263	0.00316
44	0.00901	0.01287	0.29217	0.01670	0.38813	0.00908	0.01184	0.01317	0.10085	0.01381	0.08413	0.01198	0.00959	0.00434	0.00404	0.00126	0.00477	0.00386	0.00237	0.00604
45	0.01454	0.08034	0.01227	0.01053	0.03533	0.74324	0.00786	0.01565	0.01111	0.00999	0.00634	0.00748	0.00534	0.00456	0.01774	0.00113	0.00709	0.00264	0.00206	0.00477
46	0.00841	0.00721	0.00841	0.00601	0.00961	0.00541	0.00481	0.01022	0.00841	0.01322	0.00721	0.00841	0.00601	0.00300	0.00300	0.00060	0.00300	0.00240	0.00240	0.88222
47	0.00838	0.00773	0.01225	0.20576	0.39543	0.02537	0.00987	0.01065	0.02537	0.01198	0.01155	0.17075	0.01146	0.00607	0.00436	0.00137	0.00443	0.06958	0.00247	0.00515
48	0.00504	0.00360	0.00481	0.00575	0.00603	0.00337	0.00393	0.00581	0.00786	0.01046	0.02231	0.80812	0.02663	0.01262	0.00520	0.00166	0.00243	0.05728	0.00376	0.00332
49	0.01517	0.01888	0.01154	0.01039	0.01254	0.79335	0.00783	0.06247	0.01193	0.01083	0.00647	0.00746	0.00532	0.00422	0.00368	0.00106	0.00715	0.00267	0.00220	0.00483
50	0.01800	0.00723	0.00962	0.00737	0.01052	0.00645	0.00609	0.07844	0.01216	0.77548	0.01555	0.01351	0.00981	0.00501	0.00408	0.00125	0.00353	0.00405	0.00495	0.00690
51	0.00766	0.00721	0.01217	0.84767	0.02794	0.00901	0.01127	0.01037	0.00811	0.01037	0.00721	0.01082	0.00541	0.00406	0.00406	0.00135	0.00541	0.00361	0.00180	0.00451
52	0.00574	0.00415	0.00542	0.00510	0.00606	0.00383	0.00383	0.00766	0.01148	0.01627	0.82997	0.03031	0.03828	0.00829	0.00479	0.00128	0.00191	0.00734	0.00447	0.00383
53	0.07809	0.00791	0.00976	0.00753	0.01065	0.00758	0.00622	0.18769	0.01286	0.60732	0.01396	0.01245	0.00899	0.00490	0.00397	0.00125	0.00364	0.00386	0.00464	0.00673
54	0.00551	0.00372	0.00483	0.00553	0.00582	0.00350	0.00367	0.00614	0.00760	0.03315	0.02057	0.67659	0.02428	0.15310	0.00773	0.00202	0.00268	0.02671	0.00358	0.00327
55	0.00766	0.00721	0.01217	0.84767	0.02794	0.00901	0.01127	0.01037	0.00811	0.01037	0.00721	0.01082	0.00541	0.00406	0.00406	0.00135	0.00541	0.00361	0.00180	0.00451
56	0.00604	0.00470	0.00698	0.00684	0.00751	0.00565	0.00537	0.00744	0.00650	0.00945	0.01043	0.01539	0.00977	0.02860	0.77655	0.00615	0.07653	0.00428	0.00214	0.00369
57	0.01578	0.01062	0.01169	0.00898	0.01220	0.01149	0.00741	0.67955	0.03039	0.15378	0.01084	0.01047	0.00748	0.00490	0.00406	0.00123	0.00428	0.00373	0.00421	0.00689
