[name]
unknown

[dist]
# distance from previous block
# <min> <max>
3	70

[block]
# block no. 0 follows, 68 sequences, length 6
# corresponding to MSA columns:
# 72-77
name=unknown_A
#
# <colnr> <probs for GDERKNQSTAVLIFYWHMCP>
#	G	D	E	R	K	N	Q	S	T	A	V	L	I	F	Y	W	H	M	C	P
0	0.00629	0.00480	0.00507	0.00501	0.00613	0.03834	0.00363	0.00756	0.03132	0.06256	0.12570	0.19420	0.39879	0.08519	0.00603	0.00158	0.00254	0.00795	0.00367	0.00363
1	0.03743	0.00934	0.01382	0.11032	0.47810	0.06851	0.04127	0.04892	0.00967	0.07552	0.04157	0.03146	0.00804	0.00418	0.00395	0.00121	0.00468	0.00383	0.00241	0.00574
2	0.02735	0.11692	0.23585	0.05770	0.04948	0.03791	0.15806	0.09436	0.02589	0.05828	0.00792	0.00937	0.00600	0.00461	0.02544	0.00133	0.04120	0.00337	0.00227	0.03668
3	0.00615	0.00464	0.00639	0.00616	0.00712	0.00447	0.05345	0.00772	0.04162	0.04086	0.16289	0.33160	0.15224	0.07778	0.00628	0.00166	0.02514	0.05654	0.00360	0.00370
4	0.00581	0.00450	0.00560	0.02522	0.02702	0.02390	0.00411	0.00654	0.00740	0.00982	0.06823	0.34877	0.07122	0.23599	0.06872	0.02028	0.03596	0.02464	0.00304	0.00322
5	0.03851	0.06643	0.12267	0.03720	0.10142	0.08932	0.11874	0.06777	0.05970	0.10865	0.04127	0.02992	0.02390	0.00478	0.00451	0.00126	0.05758	0.01823	0.00271	0.00544

[dist]
# distance from previous block
# <min> <max>
2	13

[block]
# block no. 1 follows, 68 sequences, length 36
# corresponding to MSA columns:
# 91-126
name=unknown_B
#
# <colnr> <probs for GDERKNQSTAVLIFYWHMCP>
#	G	D	E	R	K	N	Q	S	T	A	V	L	I	F	Y	W	H	M	C	P
0	0.02176	0.03512	0.02580	0.02247	0.08829	0.02654	0.01984	0.06836	0.01837	0.05249	0.04974	0.07828	0.10949	0.05557	0.00469	0.00118	0.00339	0.00453	0.00287	0.31120
1	0.17081	0.12579	0.07538	0.00891	0.05686	0.11267	0.04002	0.10892	0.02168	0.06671	0.04154	0.07841	0.02576	0.00507	0.00402	0.00121	0.04455	0.00388	0.00272	0.00507
2	0.03325	0.03522	0.05250	0.02070	0.09284	0.01021	0.07980	0.34326	0.16003	0.01826	0.01299	0.01321	0.08666	0.00500	0.00400	0.00124	0.00417	0.00418	0.01655	0.00594
3	0.00896	0.05539	0.05082	0.03495	0.06757	0.08544	0.03636	0.05056	0.06277	0.05609	0.09447	0.09978	0.12165	0.00604	0.00414	0.00117	0.01794	0.00508	0.02121	0.11960
4	0.00674	0.06069	0.04947	0.01601	0.05157	0.01800	0.01494	0.01786	0.02848	0.04156	0.17717	0.17620	0.27620	0.02720	0.00477	0.00136	0.00285	0.00709	0.00343	0.01844
5	0.00999	0.04235	0.13001	0.05167	0.05444	0.10029	0.07310	0.09803	0.21591	0.01422	0.01123	0.04505	0.03077	0.00480	0.00390	0.00120	0.00453	0.01596	0.00282	0.08975
6	0.00769	0.00480	0.00583	0.00531	0.00677	0.00444	0.00407	0.00996	0.07440	0.14903	0.37920	0.05890	0.24308	0.00799	0.00450	0.00128	0.00227	0.00685	0.01934	0.00431
7	0.01084	0.02630	0.01500	0.14362	0.04640	0.24045	0.26155	0.07022	0.01005	0.02265	0.00810	0.04491	0.00669	0.00435	0.00445	0.00124	0.04271	0.00393	0.03158	0.00495
8	0.88866	0.00767	0.00583	0.00521	0.00767	0.00889	0.00429	0.01166	0.00675	0.01779	0.00552	0.00644	0.00429	0.00368	0.00245	0.00123	0.00307	0.00215	0.00245	0.00429
9	0.00708	0.00472	0.00684	0.08597	0.00815	0.00542	0.00494	0.00685	0.03042	0.00808	0.00789	0.02924	0.00781	0.08390	0.05203	0.52306	0.11918	0.00387	0.00191	0.00264
10	0.00511	0.00403	0.00461	0.00447	0.00562	0.00353	0.00335	0.00652	0.01005	0.01312	0.40792	0.03420	0.46506	0.00914	0.00468	0.00130	0.00194	0.00781	0.00400	0.00353
11	0.00974	0.00922	0.01477	0.10717	0.54690	0.03549	0.06667	0.04967	0.02487	0.02687	0.00996	0.01187	0.06073	0.00412	0.00403	0.00121	0.00474	0.00392	0.00224	0.00580
12	0.05156	0.02843	0.01145	0.00915	0.03773	0.07492	0.00727	0.55025	0.03477	0.13990	0.00998	0.00985	0.00703	0.00463	0.00385	0.00118	0.00436	0.00348	0.00378	0.00642
13	0.00649	0.00519	0.00667	0.00671	0.06126	0.00496	0.02893	0.06258	0.03628	0.01401	0.35335	0.05224	0.27200	0.05211	0.00539	0.00143	0.00259	0.02002	0.00376	0.00403
14	0.00777	0.00739	0.01267	0.74480	0.10450	0.00891	0.03752	0.01041	0.00808	0.01048	0.00712	0.01050	0.00540	0.00390	0.00398	0.00131	0.00528	0.00356	0.00179	0.00461
15	0.00908	0.00772	0.01201	0.02477	0.20742	0.01753	0.13971	0.08309	0.05255	0.06176	0.09228	0.14945	0.06385	0.00638	0.01354	0.00135	0.01868	0.00564	0.00304	0.03014
16	0.02274	0.00610	0.00807	0.00780	0.04265	0.00642	0.05188	0.15554	0.00942	0.01282	0.01469	0.25994	0.01593	0.21171	0.00884	0.00206	0.05019	0.10600	0.00313	0.00405
17	0.01010	0.00927	0.01573	0.03865	0.78680	0.00926	0.01188	0.01243	0.00910	0.04732	0.00779	0.00998	0.00641	0.00360	0.00393	0.00118	0.00467	0.00355	0.00208	0.00627
18	0.04857	0.01312	0.01280	0.05096	0.33800	0.35227	0.00933	0.03975	0.07494	0.01237	0.00757	0.00900	0.00615	0.00397	0.00373	0.00114	0.00553	0.00315	0.00223	0.00544
19	0.00626	0.00432	0.00533	0.00512	0.00626	0.00397	0.00388	0.00801	0.03591	0.06546	0.41881	0.09394	0.24437	0.00937	0.02433	0.01728	0.00237	0.03716	0.00403	0.00382
20	0.19527	0.00729	0.00838	0.00692	0.00949	0.00742	0.00568	0.10165	0.08890	0.39264	0.04722	0.01442	0.01051	0.00524	0.00390	0.00128	0.01461	0.05665	0.01675	0.00579
21	0.00577	0.00384	0.00432	0.00432	0.00432	0.00384	0.00240	0.00577	0.00577	0.00769	0.01249	0.02595	0.01441	0.86066	0.02018	0.00384	0.00384	0.00577	0.00240	0.00240
22	0.00561	0.00405	0.00498	0.00503	0.00602	0.00371	0.00374	0.00686	0.00915	0.04350	0.24421	0.20761	0.31501	0.01175	0.08520	0.00186	0.00296	0.03141	0.00376	0.00358
23	0.01119	0.61553	0.05881	0.00787	0.01110	0.16680	0.02260	0.01303	0.04289	0.00992	0.00619	0.00704	0.00540	0.00362	0.00290	0.00093	0.00485	0.00239	0.00186	0.00509
24	0.00484	0.00374	0.00441	0.00484	0.00560	0.00332	0.00340	0.00576	0.00851	0.01086	0.09847	0.43950	0.37048	0.01104	0.00487	0.00146	0.00214	0.00969	0.00374	0.00332
25	0.01234	0.02289	0.02526	0.04925	0.02801	0.07228	0.13680	0.40221	0.10469	0.02731	0.02770	0.01092	0.00783	0.01487	0.02582	0.00139	0.01740	0.00386	0.00324	0.00593
26	0.01060	0.86304	0.02078	0.00678	0.01018	0.01569	0.00678	0.01187	0.00806	0.00933	0.00551	0.00636	0.00509	0.00339	0.00254	0.00085	0.00424	0.00212	0.00170	0.00509
27	0.88866	0.00767	0.00583	0.00521	0.00767	0.00889	0.00429	0.01166	0.00675	0.01779	0.00552	0.00644	0.00429	0.00368	0.00245	0.00123	0.00307	0.00215	0.00245	0.00429
28	0.01211	0.00941	0.00984	0.00827	0.01082	0.03731	0.00658	0.29942	0.42557	0.07302	0.01430	0.02964	0.03481	0.00537	0.00403	0.00128	0.00366	0.00432	0.00399	0.00627
29	0.02641	0.00939	0.00889	0.00778	0.00990	0.11944	0.00609	0.18196	0.33800	0.03023	0.03170	0.04148	0.08362	0.00628	0.02359	0.00137	0.01685	0.00454	0.04698	0.00549
30	0.02789	0.02845	0.03831	0.00889	0.05852	0.04213	0.02074	0.20285	0.06437	0.04161	0.04928	0.06436	0.01039	0.08993	0.04671	0.00176	0.11765	0.01303	0.00295	0.07017
31	0.02503	0.02340	0.09756	0.04769	0.14259	0.07808	0.17476	0.05386	0.02258	0.03879	0.01121	0.09446	0.06243	0.00566	0.01429	0.00138	0.09401	0.00469	0.00244	0.00509
32	0.05179	0.10474	0.02130	0.00831	0.01106	0.13390	0.08414	0.08528	0.12901	0.06745	0.04335	0.01178	0.02688	0.00475	0.00402	0.02901	0.00426	0.01908	0.00287	0.15705
33	0.00494	0.00362	0.00464	0.00524	0.00573	0.00332	0.00360	0.00586	0.00836	0.01112	0.15415	0.61768	0.13432	0.01142	0.00495	0.00152	0.00219	0.01023	0.00379	0.00332
34	0.01071	0.01058	0.01334	0.03888	0.23016	0.16247	0.12726	0.07763	0.11733	0.03025	0.01033	0.02662	0.00884	0.00486	0.00414	0.00126	0.00501	0.08573	0.00268	0.03195
35	0.00646	0.08624	0.00622	0.00481	0.00607	0.00478	0.00373	0.00790	0.00945	0.03986	0.28736	0.11728	0.24008	0.00794	0.00417	0.00122	0.00223	0.00676	0.15365	0.00380

[dist]
# distance from previous block
# <min> <max>
8	23

[block]
# block no. 2 follows, 68 sequences, length 13
# corresponding to MSA columns:
# 150-162
name=unknown_C
#
# <colnr> <probs for GDERKNQSTAVLIFYWHMCP>
#	G	D	E	R	K	N	Q	S	T	A	V	L	I	F	Y	W	H	M	C	P
0	0.07054	0.11143	0.08243	0.06369	0.17433	0.13677	0.11700	0.06482	0.03881	0.03460	0.00825	0.02105	0.02044	0.00417	0.00406	0.00119	0.03533	0.00346	0.00227	0.00536
1	0.00521	0.00383	0.00490	0.00542	0.00597	0.00353	0.00372	0.00600	0.00758	0.01016	0.02090	0.61556	0.08101	0.08481	0.03705	0.00189	0.00280	0.03209	0.00342	0.06415
2	0.00990	0.00912	0.01393	0.13657	0.48725	0.04663	0.04038	0.05029	0.06104	0.03493	0.00890	0.04010	0.00738	0.00417	0.00396	0.00122	0.00465	0.00388	0.02995	0.00575
3	0.00832	0.00700	0.00726	0.00672	0.00836	0.05643	0.00512	0.01420	0.38286	0.04068	0.24149	0.09108	0.09995	0.00708	0.00433	0.00132	0.00286	0.00603	0.00397	0.00496
4	0.81950	0.07504	0.00701	0.00534	0.00787	0.00943	0.00449	0.01167	0.00685	0.01712	0.00552	0.00643	0.00436	0.00366	0.00246	0.00120	0.00316	0.00214	0.00239	0.00436
5	0.01038	0.01102	0.12162	0.01310	0.01688	0.00927	0.46727	0.09785	0.03761	0.09684	0.03891	0.01195	0.02310	0.00408	0.00436	0.00129	0.00554	0.00441	0.01890	0.00560
6	0.06494	0.00951	0.00984	0.00787	0.01046	0.03394	0.00639	0.54925	0.04892	0.02176	0.08665	0.01196	0.01002	0.00500	0.00380	0.00117	0.00379	0.00384	0.10499	0.00589
7	0.00500	0.00393	0.00452	0.00457	0.00560	0.00345	0.00335	0.00622	0.00948	0.01223	0.28512	0.17336	0.44938	0.00984	0.00475	0.00136	0.00201	0.00848	0.00390	0.00345
8	0.01051	0.02898	0.13284	0.06502	0.12183	0.03708	0.09725	0.16971	0.09899	0.06293	0.03715	0.04270	0.01828	0.00484	0.00424	0.00126	0.02364	0.01399	0.02308	0.00567
9	0.00569	0.00405	0.00495	0.00484	0.00582	0.00364	0.00355	0.00707	0.00992	0.04218	0.44587	0.14068	0.25150	0.04583	0.00537	0.00143	0.00210	0.00787	0.00402	0.00361
10	0.01052	0.05835	0.08427	0.05824	0.24454	0.12493	0.02828	0.08456	0.10503	0.03989	0.03110	0.05432	0.00865	0.00468	0.00404	0.00121	0.02026	0.00392	0.02769	0.00554
11	0.53301	0.10598	0.02647	0.00715	0.02782	0.14417	0.00584	0.05495	0.00830	0.01539	0.00589	0.00691	0.00474	0.00389	0.00318	0.00117	0.03580	0.00238	0.00233	0.00464
12	0.00991	0.03825	0.07197	0.02823	0.05529	0.02141	0.05743	0.04415	0.06020	0.18633	0.04664	0.08517	0.08570	0.01918	0.09814	0.00182	0.00451	0.00488	0.00321	0.07757

[dist]
# distance from previous block
# <min> <max>
5	13

[block]
# block no. 3 follows, 68 sequences, length 8
# corresponding to MSA columns:
# 177-184
name=unknown_D
#
# <colnr> <probs for GDERKNQSTAVLIFYWHMCP>
#	G	D	E	R	K	N	Q	S	T	A	V	L	I	F	Y	W	H	M	C	P
0	0.03478	0.02997	0.01929	0.01478	0.06386	0.11279	0.54945	0.03397	0.03040	0.01285	0.03003	0.03293	0.00738	0.00391	0.00437	0.00128	0.00608	0.00443	0.00222	0.00523
1	0.02874	0.05951	0.05145	0.03158	0.14399	0.02034	0.08345	0.15466	0.03388	0.11473	0.00920	0.02504	0.00722	0.03014	0.00439	0.00118	0.02043	0.00355	0.00282	0.17369
2	0.00695	0.00601	0.00635	0.03023	0.02182	0.09651	0.00438	0.00786	0.02411	0.00905	0.03026	0.07465	0.02927	0.40649	0.19735	0.00360	0.03408	0.00531	0.00244	0.00327
3	0.00863	0.02035	0.75883	0.01119	0.01668	0.09115	0.01396	0.01288	0.00865	0.01228	0.00702	0.00825	0.00503	0.00380	0.00375	0.00123	0.00599	0.00289	0.00171	0.00574
4	0.00627	0.00471	0.00559	0.00572	0.00661	0.00466	0.00410	0.08697	0.06502	0.01267	0.11403	0.47345	0.14524	0.03902	0.00530	0.00154	0.00252	0.00897	0.00377	0.00382
5	0.00868	0.00866	0.05705	0.07031	0.27826	0.02835	0.11883	0.02958	0.04375	0.03606	0.04599	0.09760	0.05104	0.00729	0.07078	0.00170	0.03349	0.00491	0.00252	0.00515
6	0.00809	0.00487	0.00591	0.00544	0.00683	0.00475	0.00416	0.01048	0.08955	0.14677	0.18744	0.05056	0.16389	0.04395	0.11795	0.00203	0.00353	0.00578	0.13373	0.00430
7	0.03565	0.16031	0.11706	0.00932	0.03281	0.24028	0.05118	0.05811	0.08461	0.02765	0.00975	0.07265	0.02423	0.00488	0.00368	0.00114	0.00500	0.02256	0.00249	0.03662

[dist]
# distance from previous block
# <min> <max>
0	11

[block]
# block no. 4 follows, 68 sequences, length 9
# corresponding to MSA columns:
# 196-204
name=unknown_E
#
# <colnr> <probs for GDERKNQSTAVLIFYWHMCP>
#	G	D	E	R	K	N	Q	S	T	A	V	L	I	F	Y	W	H	M	C	P
0	0.04803	0.06764	0.05509	0.03759	0.09153	0.16264	0.02454	0.21864	0.03652	0.11040	0.02769	0.01066	0.02536	0.00455	0.00395	0.00116	0.02529	0.00348	0.03964	0.00561
1	0.00566	0.00398	0.00501	0.00513	0.00595	0.00369	0.00373	0.00686	0.00904	0.04062	0.28146	0.26503	0.19759	0.06193	0.05737	0.00186	0.00279	0.03502	0.00377	0.00352
2	0.03106	0.03782	0.11976	0.09020	0.34102	0.05055	0.09791	0.06106	0.04009	0.05000	0.00831	0.02586	0.00662	0.00403	0.00407	0.00123	0.01873	0.00366	0.00228	0.00575
3	0.00527	0.00412	0.00481	0.00483	0.00585	0.00375	0.00354	0.00698	0.04498	0.01275	0.32555	0.18628	0.35773	0.00958	0.00472	0.00136	0.00206	0.00830	0.00395	0.00359
4	0.00539	0.00424	0.00494	0.00520	0.00616	0.00398	0.00381	0.00732	0.07927	0.01170	0.12512	0.32006	0.34022	0.01029	0.00481	0.00145	0.00229	0.05635	0.00379	0.00362
5	0.88866	0.00767	0.00583	0.00521	0.00767	0.00889	0.00429	0.01166	0.00675	0.01779	0.00552	0.00644	0.00429	0.00368	0.00245	0.00123	0.00307	0.00215	0.00245	0.00429
6	0.06721	0.30889	0.08678	0.02616	0.04756	0.07308	0.06615	0.05763	0.04113	0.04560	0.00728	0.00823	0.00583	0.00365	0.00322	0.00099	0.00447	0.00278	0.00225	0.14108
7	0.00644	0.00452	0.00556	0.00516	0.00637	0.00423	0.00391	0.00880	0.06891	0.06146	0.59200	0.02914	0.17223	0.00807	0.00459	0.00127	0.00207	0.00701	0.00425	0.00402
8	0.03153	0.13426	0.07964	0.02143	0.02653	0.00864	0.02636	0.07159	0.14837	0.05527	0.03109	0.04218	0.00864	0.00430	0.00345	0.00101	0.00362	0.00348	0.02216	0.27644

[dist]
# distance from previous block
# <min> <max>
0	3

[block]
# block no. 5 follows, 68 sequences, length 8
# corresponding to MSA columns:
# 208-215
name=unknown_F
#
# <colnr> <probs for GDERKNQSTAVLIFYWHMCP>
#	G	D	E	R	K	N	Q	S	T	A	V	L	I	F	Y	W	H	M	C	P
0	0.01039	0.44460	0.07026	0.00770	0.01065	0.08102	0.02963	0.07068	0.05611	0.03394	0.00913	0.12156	0.00861	0.00492	0.00334	0.00106	0.00429	0.00380	0.00240	0.02591
1	0.00569	0.00414	0.00582	0.00582	0.00633	0.00465	0.00426	0.00672	0.00621	0.00879	0.01113	0.01839	0.01114	0.25552	0.62083	0.00569	0.00878	0.00466	0.00220	0.00323
2	0.00860	0.00819	0.08082	0.00675	0.01035	0.00575	0.03473	0.01066	0.00857	0.05469	0.04523	0.00956	0.00744	0.00336	0.00320	0.00073	0.00330	0.00279	0.00250	0.69277
3	0.00526	0.00380	0.00474	0.00521	0.00570	0.00357	0.00364	0.00611	0.00800	0.01055	0.11348	0.39461	0.13596	0.18284	0.00807	0.00201	0.00267	0.09712	0.00350	0.00318
4	0.00932	0.00927	0.01820	0.01418	0.07383	0.00887	0.51940	0.01195	0.00913	0.06630	0.01176	0.01356	0.09738	0.00443	0.00509	0.00131	0.06652	0.00475	0.00238	0.05236
5	0.01111	0.01084	0.01429	0.01901	0.55131	0.12917	0.01039	0.11980	0.01056	0.01408	0.00751	0.00928	0.00615	0.00373	0.00381	0.00112	0.00489	0.00331	0.00227	0.06737
6	0.00977	0.00997	0.07431	0.02107	0.66741	0.00923	0.01140	0.06614	0.00941	0.01339	0.00790	0.01074	0.00675	0.05968	0.00498	0.00136	0.00471	0.00364	0.00211	0.00603
7	0.00980	0.04640	0.08331	0.07297	0.01337	0.08843	0.15921	0.08079	0.03403	0.07852	0.02211	0.03521	0.00942	0.06611	0.09716	0.00203	0.03160	0.06203	0.00263	0.00487

[dist]
# distance from previous block
# <min> <max>
0	2

[block]
# block no. 6 follows, 68 sequences, length 6
# corresponding to MSA columns:
# 218-223
name=unknown_G
#
# <colnr> <probs for GDERKNQSTAVLIFYWHMCP>
#	G	D	E	R	K	N	Q	S	T	A	V	L	I	F	Y	W	H	M	C	P
0	0.01149	0.00873	0.00977	0.00875	0.04577	0.00962	0.00661	0.31961	0.33349	0.05856	0.01406	0.13176	0.01172	0.00604	0.00415	0.00131	0.00356	0.00503	0.00391	0.00604
1	0.00773	0.00702	0.00814	0.02470	0.02597	0.12363	0.07053	0.03224	0.00900	0.03074	0.04359	0.35709	0.04106	0.03032	0.03283	0.00167	0.00403	0.12179	0.00318	0.02473
2	0.01134	0.14557	0.10707	0.03174	0.10026	0.00966	0.18119	0.07074	0.00983	0.17545	0.00888	0.00983	0.00653	0.00389	0.00399	0.00114	0.02513	0.00346	0.00265	0.09165
3	0.00637	0.00496	0.00673	0.00630	0.00689	0.00552	0.03669	0.00797	0.07163	0.00934	0.01177	0.04874	0.01209	0.37963	0.30420	0.00420	0.06604	0.00512	0.00242	0.00339
4	0.00481	0.00353	0.00452	0.00531	0.00569	0.00324	0.00359	0.00554	0.00780	0.01020	0.02444	0.74215	0.14047	0.01209	0.00501	0.00157	0.00226	0.01086	0.00368	0.00324
5	0.00814	0.00811	0.01183	0.77567	0.02596	0.08382	0.01071	0.01064	0.00822	0.01009	0.00696	0.01026	0.00527	0.00397	0.00393	0.00129	0.00545	0.00344	0.00179	0.00442

[dist]
# distance from previous block
# <min> <max>
0	1

[block]
# block no. 7 follows, 68 sequences, length 31
# corresponding to MSA columns:
# 225-255
name=unknown_H
#
# <colnr> <probs for GDERKNQSTAVLIFYWHMCP>
#	G	D	E	R	K	N	Q	S	T	A	V	L	I	F	Y	W	H	M	C	P
0	0.03744	0.02661	0.04773	0.04209	0.04899	0.08850	0.06928	0.23222	0.28926	0.03034	0.01198	0.01205	0.03600	0.00479	0.00395	0.00125	0.00437	0.00394	0.00331	0.00591
1	0.00676	0.00550	0.00596	0.00603	0.00682	0.08344	0.02123	0.00754	0.00815	0.04257	0.04223	0.34842	0.14352	0.12380	0.02324	0.04333	0.01260	0.06217	0.00324	0.00344
2	0.00876	0.00787	0.00848	0.00620	0.00963	0.05842	0.00493	0.02445	0.00859	0.01293	0.00703	0.00818	0.00584	0.00304	0.00299	0.00063	0.00323	0.00238	0.00236	0.81407
3	0.00907	0.01007	0.14703	0.00942	0.01207	0.00895	0.10815	0.04631	0.31869	0.04311	0.03488	0.07244	0.06106	0.00583	0.00513	0.00138	0.09293	0.00487	0.00315	0.00547
4	0.00526	0.00367	0.00491	0.00542	0.00573	0.00362	0.00369	0.00587	0.00717	0.00968	0.05339	0.49974	0.03690	0.12946	0.14302	0.06370	0.00390	0.00862	0.00315	0.00308
5	0.00865	0.00824	0.01400	0.43720	0.43213	0.00912	0.01159	0.01115	0.00848	0.01154	0.00725	0.01019	0.00578	0.00375	0.00394	0.00125	0.00500	0.00353	0.00186	0.00534
6	0.00795	0.00659	0.00895	0.00794	0.00813	0.00843	0.00620	0.04974	0.00651	0.00944	0.00751	0.02920	0.00774	0.14831	0.04360	0.19944	0.43479	0.00402	0.00201	0.00351
7	0.00806	0.00775	0.01351	0.63668	0.17686	0.00901	0.07052	0.01070	0.00824	0.01084	0.00719	0.01044	0.00552	0.00384	0.00401	0.00130	0.00528	0.00361	0.00182	0.00482
8	0.01102	0.03171	0.00979	0.00819	0.01064	0.01032	0.00649	0.15940	0.64193	0.04282	0.01469	0.01362	0.01092	0.00520	0.00398	0.00130	0.00339	0.00425	0.00399	0.00634
9	0.05325	0.03919	0.04007	0.08114	0.01296	0.13450	0.06058	0.19985	0.09086	0.15099	0.01103	0.05052	0.02424	0.00491	0.00400	0.00122	0.01491	0.00394	0.00323	0.01862
10	0.00791	0.00667	0.02485	0.02755	0.02310	0.00716	0.04789	0.09650	0.19181	0.01316	0.05367	0.04841	0.01182	0.05047	0.36648	0.00359	0.00673	0.00468	0.00290	0.00464
11	0.02863	0.00486	0.00534	0.00584	0.00644	0.06171	0.00409	0.00708	0.00804	0.03875	0.03914	0.59590	0.05718	0.05881	0.02218	0.00175	0.00298	0.04433	0.00349	0.00346
12	0.25961	0.00919	0.00915	0.00742	0.01022	0.06257	0.00605	0.25063	0.07652	0.25493	0.01046	0.01006	0.00726	0.00451	0.00353	0.00121	0.00380	0.00330	0.00370	0.00589
13	0.06304	0.01075	0.01122	0.00927	0.03939	0.12017	0.03494	0.41511	0.03537	0.18205	0.03257	0.01055	0.00793	0.00466	0.00388	0.00119	0.00446	0.00360	0.00369	0.00617
14	0.00550	0.00427	0.00552	0.00554	0.00639	0.00401	0.03118	0.00712	0.04993	0.01186	0.21277	0.33599	0.19785	0.07553	0.00600	0.00162	0.00248	0.02918	0.00370	0.00354
15	0.00581	0.00385	0.00520	0.00590	0.00640	0.00366	0.00426	0.00675	0.00794	0.05306	0.02069	0.62544	0.02385	0.03238	0.04118	0.00188	0.00297	0.14165	0.00364	0.00347
16	0.00786	0.00749	0.01285	0.71222	0.13498	0.00893	0.03893	0.01049	0.00812	0.01060	0.00714	0.01047	0.00544	0.00389	0.00398	0.00130	0.00526	0.00356	0.00180	0.00469
17	0.00555	0.00383	0.00467	0.00490	0.00509	0.00384	0.00311	0.00594	0.00643	0.00861	0.01530	0.20832	0.03507	0.53807	0.09969	0.00348	0.00415	0.03846	0.00273	0.00277
18	0.00749	0.00705	0.01189	0.85113	0.02731	0.00881	0.01101	0.01013	0.00793	0.01013	0.00705	0.01057	0.00529	0.00396	0.00396	0.00132	0.00529	0.00352	0.00176	0.00440
19	0.01488	0.01082	0.01180	0.00910	0.01212	0.01203	0.00752	0.75343	0.01777	0.05626	0.00956	0.00964	0.00679	0.00487	0.00439	0.00122	0.04368	0.00358	0.00390	0.00663
20	0.00793	0.05104	0.02096	0.07678	0.05451	0.02809	0.08153	0.02970	0.00757	0.02959	0.03345	0.04564	0.01830	0.27169	0.06950	0.00248	0.14760	0.00470	0.01493	0.00399
21	0.00724	0.00442	0.00560	0.00531	0.00652	0.00401	0.00403	0.00883	0.01863	0.13330	0.39003	0.14309	0.16289	0.02073	0.00484	0.00137	0.00230	0.04847	0.02434	0.00404
22	0.00849	0.11155	0.59887	0.00998	0.01487	0.00916	0.02734	0.01218	0.00864	0.05479	0.03221	0.01165	0.05612	0.00443	0.00378	0.00123	0.00518	0.02189	0.00209	0.00555
23	0.02792	0.00776	0.02508	0.00808	0.03774	0.02306	0.01776	0.18761	0.18440	0.09381	0.02346	0.08086	0.01225	0.11365	0.06516	0.00201	0.01549	0.06524	0.00347	0.00517
24	0.01152	0.01136	0.07252	0.07080	0.16423	0.13601	0.15034	0.10910	0.07281	0.10241	0.01876	0.01057	0.00719	0.00470	0.02073	0.00133	0.02351	0.00372	0.00268	0.00568
25	0.00547	0.00381	0.00482	0.00537	0.00596	0.00350	0.00379	0.00634	0.00814	0.03857	0.05619	0.53132	0.16896	0.06198	0.00588	0.00169	0.00248	0.07869	0.00367	0.00337
26	0.02411	0.00773	0.00919	0.00809	0.00982	0.06515	0.05615	0.08296	0.14769	0.10044	0.06706	0.07302	0.08060	0.01644	0.00554	0.00145	0.09427	0.14192	0.00347	0.00488
27	0.01127	0.12228	0.13696	0.05978	0.12865	0.18608	0.10844	0.07180	0.02822	0.06584	0.01889	0.01941	0.00663	0.00409	0.00389	0.00116	0.01546	0.00339	0.00233	0.00546
28	0.00603	0.00438	0.00522	0.00510	0.00537	0.00468	0.00331	0.00684	0.04421	0.00860	0.01359	0.03921	0.05490	0.60793	0.12500	0.00377	0.05085	0.00562	0.00249	0.00290
29	0.00565	0.00385	0.00462	0.00484	0.00498	0.00385	0.00303	0.00597	0.00634	0.00847	0.01457	0.16639	0.01676	0.61536	0.05916	0.00346	0.00392	0.06341	0.00269	0.00269
30	0.01126	0.10659	0.10409	0.00994	0.02316	0.21932	0.12041	0.05029	0.06170	0.08568	0.05377	0.04380	0.00883	0.00507	0.00473	0.03093	0.04894	0.00382	0.00259	0.00510

[dist]
# distance from previous block
# <min> <max>
0	1

[block]
# block no. 8 follows, 68 sequences, length 21
# corresponding to MSA columns:
# 257-277
name=unknown_I
#
# <colnr> <probs for GDERKNQSTAVLIFYWHMCP>
#	G	D	E	R	K	N	Q	S	T	A	V	L	I	F	Y	W	H	M	C	P
0	0.04694	0.13650	0.12163	0.01249	0.16729	0.03254	0.12815	0.14158	0.03396	0.02488	0.00936	0.08483	0.01652	0.00473	0.00404	0.00122	0.02122	0.00411	0.00250	0.00552
1	0.00990	0.01459	0.28260	0.05508	0.02522	0.19276	0.11629	0.05081	0.00930	0.02154	0.00820	0.07324	0.00704	0.00526	0.01843	0.00137	0.09727	0.00387	0.00212	0.00510
2	0.18639	0.37158	0.02713	0.00800	0.01087	0.14705	0.05103	0.09059	0.00935	0.01286	0.00638	0.00773	0.00541	0.00394	0.00339	0.00106	0.03542	0.01466	0.00217	0.00499
3	0.00574	0.00388	0.00453	0.00455	0.00474	0.00390	0.00277	0.00608	0.00633	0.00864	0.04801	0.05566	0.04401	0.65536	0.09301	0.00368	0.00418	0.00590	0.03637	0.00268
4	0.00710	0.00582	0.00645	0.00605	0.00750	0.00617	0.00456	0.01234	0.33872	0.01392	0.20363	0.04988	0.20106	0.07018	0.04727	0.00176	0.00300	0.00623	0.00381	0.00455
5	0.00919	0.00878	0.01520	0.03536	0.66067	0.00880	0.06657	0.01148	0.00881	0.01251	0.00861	0.04854	0.00770	0.00571	0.05653	0.00155	0.00509	0.02101	0.00208	0.00582
6	0.00738	0.00571	0.00666	0.00611	0.00757	0.00597	0.00467	0.01256	0.30394	0.03413	0.50006	0.02420	0.05073	0.00711	0.00443	0.00128	0.00236	0.00617	0.00424	0.00470
7	0.01283	0.01105	0.01105	0.04873	0.02748	0.21160	0.03287	0.14613	0.13508	0.15390	0.02561	0.01074	0.00794	0.00488	0.00501	0.00124	0.11070	0.00358	0.00314	0.03645
8	0.00949	0.00718	0.00846	0.00615	0.00959	0.00567	0.00494	0.03882	0.02515	0.09988	0.00821	0.00895	0.00644	0.00325	0.00310	0.00069	0.00303	0.00260	0.00271	0.74568
9	0.00822	0.00705	0.00822	0.00587	0.00940	0.00529	0.00470	0.00998	0.00822	0.01292	0.00705	0.00822	0.00587	0.00294	0.00294	0.00059	0.00294	0.00235	0.00235	0.88490
10	0.00509	0.00392	0.00468	0.00501	0.00583	0.00356	0.00360	0.00639	0.02982	0.01153	0.16705	0.38075	0.31445	0.01062	0.00485	0.00145	0.00218	0.03198	0.00381	0.00345
11	0.00487	0.00379	0.00439	0.00472	0.00554	0.00335	0.00333	0.00581	0.00859	0.01093	0.11504	0.36111	0.40646	0.03674	0.00531	0.00151	0.00217	0.00931	0.00371	0.00331
12	0.00986	0.00852	0.00897	0.00807	0.01031	0.00986	0.00628	0.02107	0.82876	0.01659	0.01614	0.01479	0.01210	0.00538	0.00403	0.00134	0.00314	0.00448	0.00403	0.00628
13	0.07340	0.01041	0.08011	0.08894	0.01329	0.01035	0.00787	0.44543	0.08191	0.11964	0.01029	0.02349	0.00741	0.00472	0.00387	0.00123	0.00423	0.00366	0.00358	0.00618
14	0.10659	0.01163	0.01038	0.00850	0.01118	0.18097	0.00682	0.45547	0.06566	0.03305	0.01092	0.01098	0.06065	0.00489	0.00378	0.00118	0.00455	0.00359	0.00341	0.00579
15	0.01082	0.81897	0.02028	0.00696	0.01029	0.05898	0.00683	0.01208	0.00822	0.00935	0.00554	0.00640	0.00509	0.00343	0.00260	0.00086	0.00439	0.00214	0.00171	0.00506
16	0.00804	0.00389	0.00404	0.00391	0.00496	0.00383	0.00296	0.00987	0.00850	0.06618	0.01310	0.01470	0.01014	0.00464	0.00285	0.00094	0.00194	0.00371	0.82791	0.00389
17	0.00795	0.02051	0.84011	0.01130	0.01716	0.00921	0.01465	0.01256	0.00837	0.01256	0.00712	0.00837	0.00502	0.00377	0.00377	0.00126	0.00586	0.00293	0.00167	0.00586
18	0.81529	0.05781	0.00684	0.00543	0.00793	0.03052	0.00452	0.01177	0.00694	0.01709	0.00554	0.00645	0.00436	0.00367	0.00249	0.00120	0.00324	0.00216	0.00240	0.00435
19	0.14372	0.00746	0.00907	0.00706	0.01005	0.00713	0.00583	0.12513	0.01165	0.61133	0.01336	0.01194	0.00861	0.00471	0.00376	0.00122	0.00346	0.00366	0.00443	0.00639
20	0.81423	0.00822	0.00632	0.00558	0.00806	0.03664	0.00457	0.05414	0.00752	0.01790	0.00575	0.00663	0.00445	0.00375	0.00257	0.00122	0.00327	0.00223	0.00252	0.00443

[dist]
# distance from previous block
# <min> <max>
0	1

[block]
# block no. 9 follows, 68 sequences, length 7
# corresponding to MSA columns:
# 279-285
name=unknown_J
#
# <colnr> <probs for GDERKNQSTAVLIFYWHMCP>
#	G	D	E	R	K	N	Q	S	T	A	V	L	I	F	Y	W	H	M	C	P
0	0.00822	0.07924	0.73469	0.01130	0.01688	0.00971	0.06127	0.01252	0.00841	0.01234	0.00706	0.00837	0.00509	0.00372	0.00373	0.00123	0.00579	0.00298	0.00170	0.00578
1	0.00661	0.00537	0.00773	0.00726	0.00847	0.00534	0.09283	0.04124	0.10537	0.01282	0.13758	0.38889	0.04935	0.00943	0.00484	0.00150	0.00304	0.10461	0.00365	0.00408
2	0.00577	0.00384	0.00432	0.00432	0.00432	0.00384	0.00240	0.00577	0.00577	0.00769	0.01249	0.02595	0.01441	0.86066	0.02018	0.00384	0.00384	0.00577	0.00240	0.00240
3	0.03774	0.01003	0.04683	0.10136	0.16889	0.07768	0.17080	0.09651	0.09527	0.03142	0.03440	0.01162	0.02274	0.00473	0.01711	0.00132	0.02461	0.00394	0.03757	0.00542
4	0.00581	0.00411	0.00499	0.00481	0.00592	0.00366	0.00359	0.00726	0.01016	0.05268	0.45350	0.10873	0.30215	0.00900	0.00468	0.00131	0.00203	0.00780	0.00410	0.00370
5	0.00914	0.04184	0.41069	0.02881	0.15559	0.02527	0.01124	0.06723	0.03420	0.05046	0.03235	0.02899	0.06089	0.00465	0.00408	0.00124	0.02152	0.00380	0.00235	0.00566
6	0.05230	0.06953	0.03585	0.02632	0.06533	0.00960	0.09519	0.26715	0.04448	0.14771	0.00950	0.00993	0.00690	0.00411	0.00371	0.00111	0.00421	0.00342	0.00319	0.14048

[dist]
# distance from previous block
# <min> <max>
5	24

[block]
# block no. 10 follows, 68 sequences, length 77
# corresponding to MSA columns:
# 313-389
name=unknown_K
#
# <colnr> <probs for GDERKNQSTAVLIFYWHMCP>
#	G	D	E	R	K	N	Q	S	T	A	V	L	I	F	Y	W	H	M	C	P
0	0.02336	0.18598	0.04952	0.01010	0.09819	0.11382	0.08086	0.06865	0.02626	0.04131	0.00835	0.03144	0.02165	0.00402	0.00364	0.00101	0.02104	0.00324	0.00236	0.20520
1	0.03164	0.00756	0.00910	0.00735	0.01009	0.00751	0.00594	0.10625	0.22684	0.43898	0.06271	0.01402	0.01145	0.00511	0.00397	0.00123	0.00331	0.00416	0.00440	0.03839
2	0.00703	0.00634	0.00683	0.00669	0.00752	0.12743	0.00506	0.00825	0.00705	0.00920	0.01019	0.01539	0.00967	0.11057	0.62566	0.00525	0.00929	0.00415	0.01483	0.00358
3	0.00483	0.00345	0.00460	0.00552	0.00575	0.00322	0.00368	0.00552	0.00759	0.01012	0.02185	0.85807	0.02622	0.01242	0.00506	0.00161	0.00230	0.01127	0.00368	0.00322
4	0.01028	0.00873	0.00920	0.00815	0.01047	0.01006	0.00638	0.08596	0.76318	0.01727	0.01560	0.01437	0.01167	0.00533	0.00403	0.00133	0.00324	0.00441	0.00403	0.00631
5	0.00561	0.00405	0.00530	0.00499	0.00592	0.00374	0.00374	0.00748	0.01122	0.01590	0.83383	0.02962	0.03741	0.00811	0.00468	0.00125	0.00187	0.00717	0.00436	0.00374
6	0.01507	0.01111	0.01190	0.00912	0.01230	0.01230	0.00754	0.82270	0.01864	0.02499	0.00952	0.00952	0.00674	0.00476	0.00397	0.00119	0.00436	0.00357	0.00397	0.00674
7	0.02425	0.00854	0.00918	0.00800	0.01038	0.00963	0.00629	0.11620	0.62853	0.08912	0.01528	0.03426	0.01149	0.00541	0.00402	0.00132	0.00328	0.00446	0.00407	0.00627
8	0.00936	0.01070	0.02340	0.01671	0.02072	0.01003	0.82152	0.01270	0.00936	0.01270	0.00802	0.01070	0.00602	0.00334	0.00468	0.00134	0.00668	0.00468	0.00201	0.00535
9	0.00488	0.00349	0.00466	0.00558	0.00584	0.00327	0.00377	0.00561	0.00764	0.01018	0.02182	0.83026	0.02611	0.01237	0.00507	0.00162	0.00235	0.03855	0.00368	0.00324
10	0.00871	0.00877	0.01268	0.01071	0.01090	0.01204	0.04711	0.00969	0.00623	0.00969	0.00534	0.00877	0.00524	0.00677	0.01262	0.00172	0.81337	0.00353	0.00175	0.00439
11	0.00483	0.00346	0.00459	0.00549	0.00574	0.00322	0.00367	0.00552	0.00762	0.01013	0.02223	0.84135	0.04270	0.01237	0.00505	0.00160	0.00229	0.01121	0.00368	0.00322
12	0.00795	0.02051	0.84011	0.01130	0.01716	0.00921	0.01465	0.01256	0.00837	0.01256	0.00712	0.00837	0.00502	0.00377	0.00377	0.00126	0.00586	0.00293	0.00167	0.00586
13	0.00745	0.00475	0.00578	0.00526	0.00666	0.00444	0.00403	0.00987	0.07873	0.12240	0.45946	0.02735	0.19339	0.00770	0.00445	0.00126	0.00220	0.00662	0.04394	0.00426
14	0.00500	0.00363	0.00474	0.00554	0.00593	0.00340	0.00386	0.00582	0.00778	0.01025	0.02288	0.67688	0.09487	0.03214	0.02469	0.00177	0.00262	0.08133	0.00361	0.00326
15	0.01397	0.00719	0.00838	0.00696	0.00935	0.04734	0.00564	0.10945	0.05525	0.44026	0.01473	0.04622	0.01102	0.00558	0.00394	0.00123	0.00341	0.06746	0.13682	0.00578
16	0.04361	0.00601	0.00806	0.04863	0.00974	0.03600	0.05687	0.01958	0.00903	0.16170	0.01656	0.25938	0.01678	0.00838	0.00480	0.00148	0.02305	0.21711	0.02628	0.02695
17	0.09976	0.00788	0.00950	0.00738	0.01039	0.00769	0.00608	0.20412	0.02852	0.55679	0.01328	0.01193	0.00863	0.00477	0.00384	0.00122	0.00357	0.00373	0.00444	0.00650
18	0.00510	0.00374	0.00480	0.00554	0.00596	0.00355	0.00381	0.00625	0.03770	0.01052	0.03773	0.70036	0.08361	0.03232	0.00537	0.00164	0.00239	0.04260	0.00367	0.00335
19	0.19521	0.01299	0.01104	0.02197	0.01201	0.33031	0.06811	0.21475	0.01188	0.05355	0.00746	0.00823	0.00565	0.00412	0.00353	0.00113	0.00527	0.00296	0.00274	0.02709
20	0.00841	0.00830	0.01258	0.64668	0.16820	0.06787	0.01098	0.01089	0.00835	0.01060	0.00705	0.01020	0.00545	0.00390	0.00393	0.00127	0.00532	0.00346	0.00182	0.00475
21	0.00777	0.00452	0.00568	0.00515	0.00642	0.00424	0.00394	0.00993	0.04049	0.12925	0.54065	0.02413	0.02769	0.00693	0.00421	0.00119	0.00212	0.00600	0.16544	0.00424
22	0.00671	0.00354	0.00521	0.00521	0.00527	0.00360	0.00350	0.00537	0.00531	0.00714	0.00757	0.01326	0.00763	0.07023	0.08644	0.75254	0.00408	0.00366	0.00180	0.00192
23	0.01092	0.00893	0.00911	0.00798	0.01028	0.04810	0.00626	0.11225	0.61056	0.05642	0.01470	0.01377	0.01094	0.00518	0.00393	0.00128	0.00340	0.00422	0.05565	0.00612
24	0.00509	0.00364	0.00484	0.00569	0.00604	0.00344	0.00400	0.00594	0.00782	0.01038	0.03514	0.69012	0.03855	0.04169	0.00563	0.00171	0.00253	0.12086	0.00364	0.00326
25	0.03322	0.00897	0.01027	0.00852	0.01112	0.00992	0.05431	0.23104	0.45744	0.06528	0.01486	0.01408	0.05231	0.00527	0.00405	0.00129	0.00362	0.00437	0.00389	0.00617
26	0.00822	0.00705	0.00822	0.00587	0.00940	0.00529	0.00470	0.00998	0.00822	0.01292	0.00705	0.00822	0.00587	0.00294	0.00294	0.00059	0.00294	0.00235	0.00235	0.88490
27	0.00897	0.00449	0.00483	0.00445	0.00576	0.00445	0.00343	0.03624	0.03946	0.11723	0.01372	0.01483	0.02323	0.00477	0.00304	0.00099	0.00217	0.00383	0.69985	0.00426
28	0.00577	0.00384	0.00432	0.00432	0.00432	0.00384	0.00240	0.00577	0.00577	0.00769	0.01249	0.02595	0.01441	0.86066	0.02018	0.00384	0.00384	0.00577	0.00240	0.00240
29	0.00749	0.00705	0.01189	0.85113	0.02731	0.00881	0.01101	0.01013	0.00793	0.01013	0.00705	0.01057	0.00529	0.00396	0.00396	0.00132	0.00529	0.00352	0.00176	0.00440
30	0.01772	0.00686	0.00927	0.00711	0.01018	0.00600	0.00587	0.04050	0.01154	0.81723	0.01548	0.01339	0.00973	0.00490	0.00399	0.00123	0.00340	0.00398	0.00488	0.00675
31	0.00795	0.02051	0.84011	0.01130	0.01716	0.00921	0.01465	0.01256	0.00837	0.01256	0.00712	0.00837	0.00502	0.00377	0.00377	0.00126	0.00586	0.00293	0.00167	0.00586
32	0.00986	0.09060	0.31126	0.03978	0.25217	0.07836	0.03147	0.01309	0.03671	0.05642	0.01742	0.00975	0.00650	0.00392	0.00375	0.00118	0.00515	0.01186	0.00212	0.01862
33	0.01507	0.01111	0.01190	0.00912	0.01230	0.01230	0.00754	0.82270	0.01864	0.02499	0.00952	0.00952	0.00674	0.00476	0.00397	0.00119	0.00436	0.00357	0.00397	0.00674
34	0.02451	0.50639	0.01707	0.00880	0.05047	0.23452	0.02865	0.02108	0.00914	0.02905	0.00679	0.00771	0.02176	0.00381	0.00317	0.00096	0.01657	0.00257	0.00196	0.00502
35	0.00986	0.00852	0.00897	0.00807	0.01031	0.00986	0.00628	0.02107	0.82876	0.01659	0.01614	0.01479	0.01210	0.00538	0.00403	0.00134	0.00314	0.00448	0.00403	0.00628
36	0.01330	0.01511	0.01096	0.02373	0.04075	0.52665	0.00746	0.10048	0.12473	0.01262	0.00799	0.00870	0.00635	0.00426	0.00376	0.00107	0.01553	0.00297	0.00253	0.07105
37	0.00749	0.00705	0.01189	0.85113	0.02731	0.00881	0.01101	0.01013	0.00793	0.01013	0.00705	0.01057	0.00529	0.00396	0.00396	0.00132	0.00529	0.00352	0.00176	0.00440
38	0.00867	0.00867	0.01214	0.01041	0.01041	0.01214	0.00867	0.00954	0.00607	0.00954	0.00520	0.00867	0.00520	0.00694	0.01301	0.00173	0.85340	0.00347	0.00173	0.00434
39	0.00483	0.00345	0.00460	0.00552	0.00575	0.00322	0.00368	0.00552	0.00759	0.01012	0.02185	0.85807	0.02622	0.01242	0.00506	0.00161	0.00230	0.01127	0.00368	0.00322
40	0.01395	0.00917	0.01013	0.00800	0.01073	0.00984	0.00655	0.56285	0.01574	0.13674	0.01150	0.04244	0.00867	0.00518	0.00390	0.00119	0.00383	0.02243	0.11099	0.00617
41	0.00795	0.02051	0.84011	0.01130	0.01716	0.00921	0.01465	0.01256	0.00837	0.01256	0.00712	0.00837	0.00502	0.00377	0.00377	0.00126	0.00586	0.00293	0.00167	0.00586
42	0.00577	0.00384	0.00432	0.00432	0.00432	0.00384	0.00240	0.00577	0.00577	0.00769	0.01249	0.02595	0.01441	0.86066	0.02018	0.00384	0.00384	0.00577	0.00240	0.00240
43	0.00689	0.00344	0.00517	0.00517	0.00517	0.00344	0.00344	0.00517	0.00517	0.00689	0.00689	0.01205	0.00689	0.01377	0.01550	0.88464	0.00344	0.00344	0.00172	0.00172
44	0.00639	0.00456	0.00639	0.00730	0.00821	0.00456	0.00639	0.00821	0.00913	0.01187	0.02099	0.04472	0.02282	0.01095	0.00548	0.00183	0.00365	0.80924	0.00365	0.00365
45	0.00521	0.00363	0.00482	0.00558	0.00598	0.00338	0.00386	0.00606	0.00801	0.02593	0.07279	0.72476	0.04515	0.01187	0.00503	0.00159	0.00236	0.05689	0.00374	0.00335
46	0.00795	0.02051	0.84011	0.01130	0.01716	0.00921	0.01465	0.01256	0.00837	0.01256	0.00712	0.00837	0.00502	0.00377	0.00377	0.00126	0.00586	0.00293	0.00167	0.00586
47	0.03923	0.00630	0.00834	0.00670	0.00929	0.00566	0.00547	0.01678	0.03931	0.61965	0.15258	0.01718	0.01484	0.00565	0.00412	0.00126	0.00312	0.03382	0.00467	0.00605
48	0.00795	0.02051	0.84011	0.01130	0.01716	0.00921	0.01465	0.01256	0.00837	0.01256	0.00712	0.00837	0.00502	0.00377	0.00377	0.00126	0.00586	0.00293	0.00167	0.00586
49	0.00599	0.00417	0.00524	0.00559	0.00648	0.00390	0.00429	0.00726	0.02287	0.04547	0.08919	0.25463	0.23701	0.04160	0.00592	0.03456	0.00270	0.21595	0.00366	0.00352
50	0.03583	0.00717	0.00837	0.00669	0.00907	0.00725	0.02549	0.26152	0.01228	0.23873	0.01212	0.01230	0.00863	0.00463	0.00351	0.00109	0.00321	0.00368	0.30603	0.03240
51	0.00610	0.00458	0.00555	0.00543	0.00570	0.02395	0.00366	0.00661	0.00610	0.00831	0.01136	0.02133	0.01229	0.53460	0.27733	0.00445	0.05236	0.00509	0.00227	0.00291
52	0.00585	0.00445	0.00517	0.00495	0.00618	0.00410	0.00371	0.00802	0.07393	0.03257	0.37578	0.08809	0.34336	0.00880	0.00462	0.00131	0.00210	0.00757	0.00401	0.01543
53	0.03983	0.42703	0.14694	0.00962	0.06971	0.09505	0.04647	0.04878	0.05103	0.01171	0.01683	0.00806	0.00600	0.00376	0.00320	0.00103	0.00481	0.00276	0.00204	0.00535
54	0.01158	0.35395	0.04955	0.05644	0.11036	0.14849	0.01826	0.14664	0.02926	0.01280	0.00692	0.00803	0.00569	0.00392	0.00352	0.00105	0.02307	0.00282	0.00222	0.00543
55	0.00604	0.00495	0.00551	0.00554	0.00641	0.05330	0.00402	0.00788	0.04843	0.01340	0.43816	0.28610	0.08679	0.00922	0.00470	0.00136	0.00238	0.00813	0.00395	0.00372
56	0.04509	0.11219	0.17284	0.10749	0.04483	0.05359	0.09330	0.06675	0.06799	0.03151	0.00815	0.03183	0.00663	0.00521	0.02359	0.01169	0.10634	0.00355	0.00225	0.00519
57	0.02014	0.08666	0.17924	0.01264	0.02854	0.00972	0.39475	0.04103	0.02818	0.01296	0.03304	0.03123	0.00731	0.00394	0.00427	0.00122	0.02233	0.00405	0.00217	0.07659
58	0.00491	0.00356	0.00464	0.00534	0.00574	0.00329	0.00364	0.00577	0.00813	0.01086	0.12037	0.69776	0.08787	0.01173	0.00499	0.00155	0.00223	0.01056	0.00376	0.00329
59	0.00858	0.00690	0.00763	0.00729	0.00898	0.00771	0.00573	0.02799	0.51271	0.01504	0.01721	0.10922	0.01523	0.00703	0.00428	0.00142	0.00304	0.14670	0.08204	0.00527
60	0.06734	0.26914	0.03565	0.05241	0.10233	0.09895	0.01993	0.08473	0.09795	0.05981	0.03645	0.03320	0.00822	0.00445	0.00348	0.00112	0.00436	0.01252	0.00262	0.00536
61	0.00566	0.00397	0.00495	0.00492	0.00518	0.00387	0.02314	0.00609	0.00684	0.00921	0.10684	0.17480	0.03046	0.57993	0.01513	0.00306	0.00339	0.00692	0.00286	0.00279
62	0.01003	0.00657	0.00756	0.00657	0.00854	0.00681	0.00515	0.07923	0.28475	0.16606	0.23129	0.01993	0.08510	0.00629	0.00417	0.00126	0.00278	0.00529	0.05728	0.00534
63	0.00817	0.01878	0.71088	0.03191	0.08073	0.00926	0.06048	0.01248	0.00847	0.01254	0.00719	0.00867	0.00518	0.00373	0.00384	0.00126	0.00581	0.00309	0.00172	0.00583
64	0.05686	0.17043	0.04320	0.04678	0.14633	0.11210	0.05631	0.03355	0.04815	0.07453	0.02030	0.13453	0.00975	0.00532	0.00390	0.00121	0.01510	0.01394	0.00260	0.00510
65	0.01964	0.00466	0.00619	0.00690	0.00781	0.00469	0.00583	0.01908	0.02994	0.01184	0.02077	0.09486	0.05279	0.06116	0.00619	0.00188	0.00350	0.63505	0.00358	0.00366
66	0.00508	0.00405	0.00452	0.00459	0.00565	0.00359	0.00336	0.00643	0.02798	0.01173	0.19900	0.15517	0.49208	0.04077	0.00530	0.00146	0.00214	0.01987	0.00378	0.00345
67	0.00890	0.00865	0.01514	0.26477	0.48931	0.00908	0.09068	0.01139	0.00874	0.01202	0.00858	0.01115	0.03613	0.00388	0.00404	0.00124	0.00497	0.00382	0.00197	0.00553
68	0.01023	0.00915	0.06012	0.03770	0.01089	0.05578	0.00734	0.22646	0.03839	0.05257	0.00922	0.02112	0.00780	0.05210	0.19890	0.00263	0.18806	0.00385	0.00271	0.00498
69	0.00707	0.00472	0.00584	0.00546	0.00670	0.00448	0.00415	0.03896	0.05548	0.08378	0.47510	0.12260	0.11904	0.00828	0.00459	0.00131	0.00226	0.02559	0.02046	0.00414
70	0.00790	0.00545	0.00652	0.00595	0.00744	0.00547	0.00455	0.01198	0.21905	0.10432	0.43476	0.06930	0.08635	0.00744	0.00446	0.00130	0.00239	0.00645	0.00425	0.00465
71	0.04291	0.01031	0.08296	0.17062	0.17900	0.05840	0.09930	0.11679	0.08384	0.05807	0.01809	0.02599	0.00728	0.00425	0.00395	0.00124	0.00484	0.00377	0.00259	0.02578
72	0.04175	0.09817	0.09432	0.07642	0.03018	0.02695	0.06592	0.22667	0.10137	0.06056	0.00994	0.01225	0.00790	0.00474	0.00405	0.00122	0.02376	0.05933	0.00296	0.05154
73	0.02667	0.00412	0.00499	0.00536	0.00610	0.00399	0.00380	0.02725	0.02869	0.05535	0.03077	0.54101	0.05219	0.00983	0.00445	0.00142	0.00236	0.01821	0.16974	0.00370
74	0.00708	0.02665	0.00778	0.04464	0.06197	0.00565	0.03192	0.06569	0.00955	0.03460	0.18435	0.23044	0.10849	0.00977	0.05825	0.00170	0.02325	0.06029	0.02378	0.00413
75	0.00993	0.18178	0.27260	0.01098	0.08239	0.05533	0.10691	0.03977	0.04182	0.07319	0.01030	0.03335	0.05577	0.00442	0.00376	0.00118	0.00495	0.00371	0.00234	0.00550
76	0.05314	0.20082	0.13040	0.09109	0.05157	0.19161	0.06162	0.09014	0.05295	0.01262	0.00754	0.02577	0.00614	0.00409	0.00354	0.00113	0.00524	0.00314	0.00222	0.00524

[dist]
# distance from previous block
# <min> <max>
1	21

[block]
# block no. 11 follows, 68 sequences, length 6
# corresponding to MSA columns:
# 411-414,417,418
name=unknown_L
#
# <colnr> <probs for GDERKNQSTAVLIFYWHMCP>
#	G	D	E	R	K	N	Q	S	T	A	V	L	I	F	Y	W	H	M	C	P
0	0.00540	0.03874	0.00580	0.00610	0.03487	0.00420	0.00410	0.00626	0.00763	0.01014	0.04342	0.55619	0.08872	0.07049	0.09647	0.00220	0.00343	0.00915	0.00331	0.00341
1	0.00625	0.04507	0.02503	0.00664	0.03444	0.00502	0.03758	0.00774	0.04216	0.03952	0.02309	0.42865	0.21843	0.03636	0.00534	0.00152	0.02136	0.00856	0.00340	0.00383
2	0.03286	0.13869	0.06330	0.02926	0.09432	0.08591	0.03564	0.11960	0.01016	0.06644	0.00846	0.00935	0.02626	0.00382	0.00341	0.00097	0.00426	0.00301	0.00253	0.26175
3	0.16619	0.02929	0.03011	0.00934	0.07513	0.06559	0.02512	0.25811	0.12001	0.09356	0.01035	0.06198	0.00823	0.00496	0.00394	0.00124	0.02399	0.00386	0.00329	0.00571
