[name]
unknown

[dist]
# distance from previous block
# <min> <max>
0	63

[block]
# block no. 0 follows, 63 sequences, length 17
# corresponding to MSA columns:
# 79-95
name=unknown_A
#
# <colnr> <probs for GDERKNQSTAVLIFYWHMCP>
#	G	D	E	R	K	N	Q	S	T	A	V	L	I	F	Y	W	H	M	C	P
0	0.03647	0.02272	0.08144	0.03379	0.03041	0.04446	0.09166	0.10566	0.03623	0.05010	0.05037	0.07232	0.03525	0.09939	0.06127	0.00200	0.01472	0.06451	0.00304	0.06421
1	0.03202	0.02949	0.19947	0.03566	0.05676	0.10509	0.09120	0.13398	0.05441	0.08173	0.06028	0.03540	0.01962	0.02268	0.00455	0.00135	0.00514	0.00419	0.00296	0.02401
2	0.10552	0.03386	0.00878	0.09358	0.02556	0.02361	0.02154	0.08533	0.04784	0.05547	0.02743	0.09003	0.01083	0.12724	0.04759	0.13845	0.02809	0.00477	0.00283	0.02166
3	0.03734	0.02009	0.07928	0.02761	0.11151	0.03610	0.09256	0.07086	0.14680	0.03240	0.05863	0.09311	0.02859	0.10369	0.00664	0.00170	0.02914	0.01557	0.00309	0.00530
4	0.03789	0.00605	0.03188	0.00688	0.00833	0.00592	0.04942	0.04653	0.03860	0.03833	0.05999	0.06047	0.17432	0.12741	0.26893	0.00345	0.02243	0.00594	0.00306	0.00415
5	0.00681	0.00441	0.00532	0.00541	0.00595	0.00424	0.00355	0.03525	0.00814	0.06111	0.05531	0.32059	0.07352	0.37717	0.01219	0.00266	0.00326	0.00825	0.00344	0.00343
6	0.04105	0.13120	0.01186	0.00884	0.03493	0.09231	0.00691	0.15200	0.33064	0.06912	0.01233	0.01292	0.00963	0.06192	0.00508	0.00145	0.00425	0.00398	0.00353	0.00607
7	0.03510	0.28981	0.14356	0.01324	0.17759	0.01216	0.11273	0.03133	0.03170	0.04875	0.00776	0.00921	0.00623	0.00401	0.00413	0.00119	0.04273	0.00329	0.00221	0.02326
8	0.02988	0.12513	0.35671	0.04046	0.07064	0.08387	0.03565	0.04461	0.07815	0.03753	0.03326	0.01088	0.02641	0.00446	0.00391	0.00126	0.00537	0.00353	0.00241	0.00588
9	0.00858	0.06022	0.07014	0.00702	0.02464	0.07271	0.00560	0.04667	0.04328	0.05335	0.18559	0.05812	0.08138	0.20399	0.04163	0.00215	0.00411	0.00575	0.02069	0.00437
10	0.00779	0.04537	0.00686	0.00585	0.00736	0.05682	0.00443	0.04562	0.07523	0.04813	0.14071	0.11092	0.32144	0.06642	0.00576	0.00154	0.00298	0.00719	0.03530	0.00427
11	0.03992	0.14052	0.14885	0.02202	0.05314	0.09850	0.06483	0.13514	0.04307	0.09534	0.02441	0.02473	0.00781	0.00486	0.00427	0.02939	0.00496	0.00362	0.02877	0.02585
12	0.07217	0.26128	0.12072	0.00984	0.03385	0.27492	0.03469	0.05509	0.02636	0.01245	0.02405	0.00869	0.00649	0.00492	0.02572	0.00127	0.01696	0.00295	0.00223	0.00535
13	0.00702	0.02833	0.00681	0.00636	0.03071	0.00464	0.02967	0.00678	0.00679	0.00913	0.01267	0.12489	0.05708	0.19924	0.01330	0.37240	0.00363	0.00547	0.00244	0.07263
14	0.04533	0.13506	0.19382	0.05247	0.06818	0.09892	0.07134	0.16790	0.02205	0.07121	0.00845	0.00945	0.00632	0.00421	0.00387	0.00121	0.00535	0.00334	0.00266	0.02886
15	0.19517	0.01074	0.10822	0.02745	0.07536	0.03588	0.08409	0.10192	0.15166	0.09882	0.02387	0.04994	0.00898	0.00496	0.00398	0.00134	0.00442	0.00411	0.00321	0.00588
16	0.11112	0.01001	0.08009	0.06592	0.10244	0.06271	0.04161	0.12784	0.09704	0.01506	0.02894	0.06112	0.01011	0.12706	0.02332	0.00184	0.02114	0.00453	0.00288	0.00522

[dist]
# distance from previous block
# <min> <max>
0	1

[block]
# block no. 1 follows, 63 sequences, length 6
# corresponding to MSA columns:
# 97-102
name=unknown_B
#
# <colnr> <probs for GDERKNQSTAVLIFYWHMCP>
#	G	D	E	R	K	N	Q	S	T	A	V	L	I	F	Y	W	H	M	C	P
0	0.06314	0.08247	0.06952	0.08097	0.06240	0.04856	0.10702	0.17031	0.03415	0.03962	0.05255	0.02841	0.07624	0.03413	0.00479	0.00141	0.00471	0.03114	0.00301	0.00546
1	0.05760	0.12578	0.19515	0.03741	0.16950	0.02860	0.08909	0.06317	0.08524	0.03343	0.04521	0.01176	0.03103	0.00450	0.00399	0.00127	0.00496	0.00384	0.00257	0.00592
2	0.00725	0.00718	0.07172	0.02593	0.04173	0.02183	0.06462	0.06410	0.00954	0.01284	0.06950	0.37128	0.09839	0.03613	0.02804	0.00169	0.00376	0.00802	0.00336	0.05309
3	0.00696	0.00487	0.00572	0.00578	0.00687	0.00472	0.00428	0.06957	0.03309	0.03992	0.06289	0.30931	0.22789	0.04308	0.02934	0.00175	0.00294	0.05890	0.07810	0.00403
4	0.05489	0.08991	0.07961	0.00833	0.02773	0.06780	0.00699	0.16778	0.08430	0.05877	0.04603	0.08887	0.07710	0.06818	0.00579	0.00153	0.03635	0.02142	0.00331	0.00531
5	0.01051	0.14173	0.21945	0.07806	0.10819	0.07036	0.16369	0.07198	0.04254	0.01348	0.00793	0.00966	0.00616	0.00412	0.00437	0.00128	0.03488	0.00356	0.00220	0.00585

[dist]
# distance from previous block
# <min> <max>
7	24

[block]
# block no. 2 follows, 63 sequences, length 9
# corresponding to MSA columns:
# 127-135
name=unknown_C
#
# <colnr> <probs for GDERKNQSTAVLIFYWHMCP>
#	G	D	E	R	K	N	Q	S	T	A	V	L	I	F	Y	W	H	M	C	P
0	0.00577	0.00415	0.00491	0.00508	0.00594	0.00373	0.00356	0.00678	0.00917	0.03683	0.17650	0.28550	0.30670	0.11736	0.00714	0.00182	0.00249	0.00909	0.00391	0.00357
1	0.00597	0.00405	0.00478	0.00496	0.00510	0.00399	0.00302	0.00628	0.00690	0.00925	0.06116	0.16407	0.01909	0.63195	0.01719	0.00344	0.00368	0.03935	0.00294	0.00282
2	0.03016	0.00703	0.02473	0.02191	0.00990	0.03531	0.07363	0.01151	0.14033	0.04845	0.03336	0.03457	0.11337	0.05250	0.27217	0.00326	0.03436	0.03096	0.01787	0.00461
3	0.00852	0.08587	0.71922	0.01118	0.01682	0.00997	0.01412	0.01284	0.00869	0.01275	0.00774	0.00979	0.00591	0.05330	0.00490	0.00146	0.00595	0.00321	0.00182	0.00594
4	0.03474	0.00468	0.00560	0.00565	0.00680	0.00440	0.00423	0.00886	0.03653	0.09048	0.13624	0.25962	0.20645	0.04051	0.00545	0.00159	0.00263	0.08116	0.06031	0.00407
5	0.00557	0.00401	0.00488	0.00529	0.00577	0.00377	0.00358	0.00634	0.00822	0.01081	0.10378	0.34800	0.15432	0.25595	0.00994	0.00232	0.00291	0.05769	0.00358	0.00327
6	0.02973	0.03784	0.04089	0.05268	0.02822	0.00643	0.04790	0.05024	0.03158	0.07765	0.04613	0.24744	0.07070	0.01032	0.05605	0.00187	0.00414	0.15210	0.00351	0.00459
7	0.03731	0.00634	0.00749	0.00762	0.05534	0.02652	0.01907	0.11605	0.03953	0.02706	0.07380	0.25585	0.11707	0.10861	0.00679	0.00176	0.01640	0.02727	0.04572	0.00440
8	0.00703	0.00505	0.00605	0.00602	0.00704	0.00510	0.00436	0.04106	0.10798	0.04112	0.10652	0.29302	0.13137	0.09509	0.09226	0.00229	0.00364	0.00798	0.03288	0.00413

[dist]
# distance from previous block
# <min> <max>
3	16

[block]
# block no. 3 follows, 63 sequences, length 12
# corresponding to MSA columns:
# 152-163
name=unknown_D
#
# <colnr> <probs for GDERKNQSTAVLIFYWHMCP>
#	G	D	E	R	K	N	Q	S	T	A	V	L	I	F	Y	W	H	M	C	P
0	0.00708	0.02442	0.00653	0.02012	0.00762	0.00496	0.00467	0.04326	0.02612	0.05526	0.20965	0.23293	0.18288	0.01061	0.04235	0.00169	0.00309	0.07223	0.00394	0.04059
1	0.05717	0.16529	0.21583	0.03659	0.04329	0.14325	0.07596	0.08510	0.04038	0.02396	0.02167	0.00933	0.00658	0.00426	0.00407	0.00121	0.03093	0.00325	0.00235	0.02954
2	0.01126	0.13563	0.05177	0.05232	0.11949	0.06854	0.05727	0.07759	0.06405	0.09764	0.01117	0.04820	0.02468	0.00523	0.00442	0.00126	0.03744	0.04858	0.00290	0.08056
3	0.02984	0.00469	0.00557	0.00550	0.00676	0.00431	0.00411	0.00867	0.03848	0.09545	0.19463	0.24080	0.30103	0.00999	0.00493	0.00147	0.00245	0.03304	0.00416	0.00411
4	0.06162	0.00744	0.00961	0.02507	0.09822	0.00747	0.02469	0.14875	0.04641	0.21240	0.11086	0.10289	0.06513	0.00660	0.00438	0.00135	0.00355	0.02313	0.03476	0.00568
5	0.02392	0.12528	0.06216	0.03752	0.13503	0.04104	0.11334	0.15633	0.05369	0.05322	0.02707	0.03347	0.02177	0.00574	0.03217	0.00145	0.02177	0.01939	0.00285	0.03279
6	0.03234	0.00421	0.00500	0.00529	0.00571	0.00413	0.00348	0.00682	0.02312	0.01081	0.10978	0.30463	0.05883	0.36524	0.01196	0.00264	0.00315	0.03624	0.00338	0.00323
7	0.00539	0.00415	0.00488	0.00523	0.00604	0.00380	0.00367	0.00672	0.03611	0.01174	0.12080	0.38805	0.31766	0.05836	0.00603	0.00168	0.00240	0.00977	0.00392	0.00359
8	0.02418	0.04084	0.10188	0.01152	0.09288	0.19974	0.06653	0.15043	0.09727	0.06637	0.03034	0.01193	0.02295	0.02466	0.03863	0.00154	0.00562	0.00387	0.00297	0.00584
9	0.01083	0.12813	0.15011	0.03037	0.17641	0.01030	0.11193	0.08356	0.05189	0.09013	0.01052	0.09102	0.00893	0.00508	0.00436	0.00131	0.02190	0.00448	0.00275	0.00598
10	0.02192	0.00544	0.00636	0.00604	0.00750	0.02116	0.00457	0.04372	0.03474	0.15657	0.14186	0.26039	0.19814	0.00933	0.00480	0.00145	0.00277	0.03484	0.03388	0.00451
11	0.02409	0.00504	0.00575	0.00550	0.00666	0.00510	0.00414	0.04081	0.03687	0.03756	0.07636	0.11793	0.29612	0.06972	0.06586	0.00196	0.04851	0.00695	0.14108	0.00400

[dist]
# distance from previous block
# <min> <max>
2	13

[block]
# block no. 4 follows, 63 sequences, length 17
# corresponding to MSA columns:
# 177-193
name=unknown_E
#
# <colnr> <probs for GDERKNQSTAVLIFYWHMCP>
#	G	D	E	R	K	N	Q	S	T	A	V	L	I	F	Y	W	H	M	C	P
0	0.03969	0.12328	0.12017	0.04465	0.01439	0.03629	0.12897	0.19361	0.04191	0.10687	0.00951	0.01075	0.00716	0.03468	0.00457	0.00131	0.00498	0.00366	0.00298	0.07059
1	0.02702	0.05899	0.10483	0.07359	0.13877	0.10214	0.00846	0.04013	0.06955	0.03939	0.01418	0.11824	0.07033	0.03372	0.02660	0.00160	0.00476	0.05967	0.00287	0.00515
2	0.00918	0.00766	0.02835	0.05410	0.04396	0.08584	0.01501	0.02356	0.08245	0.10610	0.14966	0.10882	0.15414	0.05709	0.01400	0.00161	0.02662	0.02348	0.00363	0.00473
3	0.26301	0.03151	0.05846	0.00713	0.01004	0.00813	0.00617	0.10834	0.01075	0.30491	0.05081	0.01342	0.00985	0.05951	0.00486	0.00147	0.00374	0.02095	0.00376	0.02317
4	0.00939	0.02246	0.09472	0.25070	0.23355	0.02101	0.03793	0.03352	0.00976	0.06618	0.08534	0.02600	0.04782	0.02441	0.00471	0.00140	0.00481	0.01824	0.00263	0.00544
5	0.00783	0.02833	0.02407	0.00748	0.02724	0.02626	0.04063	0.02647	0.08407	0.05964	0.07107	0.18522	0.19202	0.04570	0.01931	0.00172	0.01617	0.12867	0.00368	0.00444
6	0.00633	0.00434	0.00507	0.00514	0.00536	0.00437	0.00315	0.04066	0.00711	0.00951	0.01502	0.19048	0.01725	0.61735	0.04827	0.00358	0.00404	0.00712	0.00288	0.00296
7	0.00724	0.00485	0.00589	0.00608	0.04154	0.00454	0.00424	0.02522	0.03243	0.06901	0.22471	0.14877	0.23507	0.04108	0.00525	0.00146	0.00249	0.00744	0.12851	0.00418
8	0.01328	0.05489	0.02594	0.01005	0.01295	0.07574	0.14805	0.20979	0.01269	0.20546	0.03761	0.08158	0.01113	0.00588	0.00471	0.00136	0.02872	0.05061	0.00364	0.00594
9	0.00743	0.00494	0.00615	0.00591	0.00717	0.00467	0.00448	0.03458	0.05257	0.08995	0.35842	0.19704	0.14421	0.00943	0.00497	0.00145	0.00251	0.05545	0.00435	0.00432
10	0.00875	0.00581	0.00685	0.00637	0.00775	0.00582	0.00474	0.12847	0.05987	0.09794	0.08694	0.23441	0.13280	0.13699	0.03103	0.00202	0.00340	0.03163	0.00391	0.00451
11	0.01406	0.09286	0.03018	0.01031	0.01309	0.34634	0.07591	0.22727	0.01326	0.04932	0.04338	0.02810	0.00812	0.00486	0.00424	0.00120	0.02528	0.00365	0.00293	0.00564
12	0.02124	0.00779	0.02246	0.00753	0.00971	0.00799	0.01938	0.25749	0.09128	0.11975	0.13905	0.06399	0.01528	0.05932	0.06676	0.00187	0.00413	0.00519	0.07424	0.00554
13	0.00632	0.00438	0.00528	0.00525	0.00570	0.00446	0.00348	0.03208	0.00756	0.01040	0.07683	0.09941	0.05781	0.46179	0.15989	0.00377	0.00486	0.00644	0.04109	0.00320
14	0.04021	0.00928	0.05286	0.00792	0.04906	0.06906	0.00625	0.04677	0.03868	0.05117	0.02462	0.01005	0.00746	0.00379	0.00341	0.00087	0.00371	0.00299	0.05207	0.51976
15	0.04201	0.08057	0.10275	0.04599	0.07493	0.02676	0.02413	0.06070	0.05454	0.02641	0.09864	0.08718	0.01964	0.02999	0.03379	0.03794	0.00430	0.02414	0.00289	0.12269
16	0.02624	0.04113	0.10743	0.02531	0.12940	0.13230	0.02182	0.19916	0.05802	0.03255	0.04218	0.04881	0.05664	0.00551	0.00474	0.00131	0.05431	0.00433	0.00301	0.00579

[dist]
# distance from previous block
# <min> <max>
2	9

[block]
# block no. 5 follows, 63 sequences, length 9
# corresponding to MSA columns:
# 203-211
name=unknown_F
#
# <colnr> <probs for GDERKNQSTAVLIFYWHMCP>
#	G	D	E	R	K	N	Q	S	T	A	V	L	I	F	Y	W	H	M	C	P
0	0.00638	0.00485	0.00604	0.00617	0.00710	0.00477	0.02014	0.03184	0.09159	0.01286	0.12173	0.40214	0.12937	0.06045	0.00602	0.00171	0.00275	0.05309	0.02702	0.00397
1	0.05257	0.00840	0.04370	0.03799	0.04685	0.05557	0.11005	0.08921	0.03815	0.03592	0.11032	0.12849	0.14239	0.00853	0.05050	0.00169	0.02534	0.00617	0.00329	0.00486
2	0.03745	0.17317	0.12975	0.05210	0.09938	0.04833	0.06639	0.07363	0.07472	0.13022	0.01150	0.02789	0.04799	0.00477	0.00394	0.00125	0.00476	0.00393	0.00290	0.00593
3	0.00522	0.00375	0.00480	0.00560	0.00590	0.00350	0.00370	0.00589	0.00795	0.01050	0.02351	0.70186	0.08433	0.10371	0.00707	0.00194	0.00259	0.01110	0.00376	0.00333
4	0.00652	0.00437	0.00541	0.00566	0.00661	0.00403	0.00413	0.00792	0.03223	0.05908	0.10446	0.39145	0.18617	0.01078	0.00528	0.02476	0.00254	0.06237	0.05406	0.02216
5	0.08359	0.00890	0.01375	0.13747	0.22765	0.00946	0.12021	0.09421	0.05019	0.05734	0.05135	0.05338	0.02445	0.00510	0.00472	0.00137	0.04379	0.00455	0.00283	0.00568
6	0.03544	0.04195	0.06757	0.04491	0.08792	0.03617	0.02782	0.13179	0.04538	0.08827	0.03724	0.17136	0.08264	0.02115	0.00464	0.00141	0.00394	0.01783	0.04730	0.00527
7	0.00656	0.00476	0.00554	0.00584	0.00671	0.02444	0.00417	0.00827	0.05797	0.04859	0.11672	0.44772	0.15275	0.02876	0.00536	0.00159	0.00262	0.02943	0.03831	0.00391
8	0.01063	0.08524	0.05371	0.02656	0.16759	0.08969	0.00821	0.11800	0.06887	0.01433	0.03281	0.01184	0.00849	0.05635	0.04929	0.00163	0.05132	0.00368	0.01881	0.12295

[dist]
# distance from previous block
# <min> <max>
2	7

[block]
# block no. 6 follows, 63 sequences, length 10
# corresponding to MSA columns:
# 219-228
name=unknown_G
#
# <colnr> <probs for GDERKNQSTAVLIFYWHMCP>
#	G	D	E	R	K	N	Q	S	T	A	V	L	I	F	Y	W	H	M	C	P
0	0.03400	0.10443	0.05957	0.02920	0.04387	0.03890	0.02260	0.15084	0.07490	0.08992	0.01261	0.04362	0.05446	0.04683	0.01894	0.00142	0.00428	0.02824	0.00318	0.13818
1	0.01110	0.11028	0.33944	0.05348	0.07243	0.01132	0.05424	0.19628	0.02865	0.04394	0.00846	0.00961	0.00625	0.00435	0.00430	0.00129	0.03236	0.00343	0.00255	0.00625
2	0.00755	0.04014	0.03293	0.00650	0.00780	0.00624	0.00497	0.02855	0.19154	0.02868	0.08537	0.23611	0.07776	0.16130	0.00809	0.02762	0.00324	0.03765	0.00362	0.00434
3	0.00745	0.00591	0.02701	0.04177	0.10057	0.00575	0.00572	0.07037	0.00910	0.01271	0.01737	0.18084	0.09815	0.14050	0.08923	0.00235	0.00423	0.05455	0.12222	0.00420
4	0.05287	0.00770	0.01021	0.05515	0.15457	0.00787	0.00738	0.07459	0.14437	0.22807	0.06243	0.08623	0.04597	0.00624	0.00438	0.00138	0.00372	0.03702	0.00388	0.00595
5	0.00849	0.02523	0.04410	0.06635	0.06407	0.02402	0.10130	0.06473	0.00890	0.04842	0.01279	0.12518	0.03125	0.15475	0.18180	0.00298	0.02277	0.00559	0.00273	0.00454
6	0.00860	0.00719	0.00868	0.02838	0.00941	0.04188	0.00628	0.14575	0.01009	0.01366	0.08804	0.10796	0.07097	0.04146	0.20336	0.00285	0.15856	0.03928	0.00309	0.00449
7	0.00757	0.00630	0.00677	0.03978	0.00840	0.08627	0.01837	0.03607	0.02245	0.04042	0.07559	0.30850	0.21009	0.01014	0.00581	0.07281	0.00331	0.02069	0.00354	0.01709
8	0.09365	0.29900	0.13324	0.00910	0.06015	0.04587	0.00812	0.10258	0.02949	0.03411	0.03346	0.07158	0.04166	0.00515	0.00376	0.00120	0.01583	0.00391	0.00264	0.00549
9	0.03682	0.14734	0.01286	0.07734	0.06760	0.01078	0.02499	0.22458	0.10180	0.04169	0.03500	0.04774	0.00953	0.04161	0.02413	0.00149	0.03158	0.00413	0.00313	0.05586

[dist]
# distance from previous block
# <min> <max>
13	19

[block]
# block no. 7 follows, 63 sequences, length 18
# corresponding to MSA columns:
# 248-265
name=unknown_H
#
# <colnr> <probs for GDERKNQSTAVLIFYWHMCP>
#	G	D	E	R	K	N	Q	S	T	A	V	L	I	F	Y	W	H	M	C	P
0	0.01958	0.03200	0.05019	0.11904	0.21353	0.07054	0.00989	0.06815	0.11277	0.05975	0.00937	0.01168	0.00758	0.00519	0.00605	0.00141	0.17079	0.02406	0.00264	0.00579
1	0.00963	0.09635	0.03355	0.14475	0.04916	0.01886	0.01792	0.13405	0.04141	0.05365	0.02995	0.10382	0.08754	0.00882	0.07330	0.04145	0.03067	0.00514	0.01499	0.00500
2	0.00805	0.00618	0.00768	0.03955	0.08176	0.05288	0.00578	0.00925	0.00911	0.09687	0.04880	0.39009	0.13963	0.00970	0.00551	0.00153	0.06078	0.01891	0.00358	0.00435
3	0.00823	0.00749	0.01177	0.32780	0.25456	0.00822	0.00966	0.01132	0.07777	0.01269	0.07329	0.10352	0.06441	0.00589	0.00443	0.00139	0.00440	0.00532	0.00269	0.00516
4	0.01084	0.32286	0.07449	0.05560	0.10699	0.08415	0.00842	0.06009	0.10273	0.01320	0.05901	0.01053	0.00870	0.00435	0.00358	0.00110	0.00463	0.00333	0.00251	0.06289
5	0.01079	0.03681	0.20793	0.06055	0.02730	0.16575	0.03526	0.15904	0.03200	0.01446	0.01218	0.08595	0.07275	0.00624	0.01952	0.00143	0.03928	0.00457	0.00275	0.00545
6	0.03779	0.06010	0.04697	0.07089	0.17146	0.02238	0.02268	0.02908	0.00867	0.01218	0.05882	0.07806	0.06218	0.20813	0.03204	0.00210	0.00431	0.00530	0.06238	0.00448
7	0.00631	0.00470	0.00640	0.00635	0.00705	0.00528	0.00470	0.00819	0.06232	0.01015	0.03309	0.03949	0.01286	0.20477	0.56268	0.00555	0.00872	0.00513	0.00255	0.00369
8	0.10325	0.01113	0.18898	0.04891	0.04339	0.00927	0.02978	0.09284	0.20739	0.01568	0.01427	0.06967	0.07575	0.00603	0.00459	0.00142	0.03721	0.03170	0.00313	0.00562
9	0.00760	0.06500	0.01327	0.00981	0.01206	0.00720	0.29113	0.02415	0.00968	0.01279	0.13535	0.17305	0.15723	0.05529	0.00580	0.00157	0.00425	0.00716	0.00316	0.00448
10	0.00980	0.04635	0.08690	0.09355	0.39829	0.01976	0.09730	0.01321	0.07252	0.01347	0.03448	0.01122	0.00783	0.00419	0.00449	0.00128	0.03365	0.00389	0.00229	0.04553
11	0.01059	0.01023	0.01493	0.16340	0.50883	0.06820	0.01147	0.04759	0.09702	0.01393	0.00882	0.01090	0.00707	0.00413	0.00416	0.00128	0.00509	0.00378	0.00238	0.00621
12	0.00681	0.00546	0.00661	0.00632	0.00702	0.04277	0.00457	0.00774	0.00687	0.00948	0.01125	0.01924	0.01149	0.32367	0.41201	0.00491	0.04587	0.00483	0.00235	0.06073
13	0.01513	0.07567	0.01254	0.01033	0.01273	0.64668	0.00796	0.10001	0.05811	0.01237	0.00743	0.00824	0.00601	0.00443	0.00379	0.00111	0.00682	0.00290	0.00247	0.00525
14	0.00714	0.00528	0.00636	0.00655	0.00746	0.00536	0.00469	0.12788	0.06541	0.01376	0.04542	0.62072	0.04501	0.01124	0.00509	0.00160	0.00281	0.01002	0.00400	0.00422
15	0.00526	0.00375	0.00485	0.00564	0.00591	0.00354	0.00372	0.00593	0.00784	0.01041	0.02249	0.69379	0.05963	0.12102	0.02337	0.00210	0.00281	0.01093	0.00370	0.00332
16	0.06945	0.00719	0.00937	0.07886	0.01060	0.00883	0.00686	0.07291	0.01656	0.03316	0.06763	0.12611	0.01257	0.08113	0.04952	0.00206	0.30413	0.01319	0.02545	0.00444
17	0.00849	0.02136	0.80068	0.01219	0.01833	0.00979	0.04495	0.01332	0.00891	0.01332	0.00758	0.00897	0.00536	0.00398	0.00403	0.00133	0.00625	0.00317	0.00179	0.00619

[dist]
# distance from previous block
# <min> <max>
0	1

[block]
# block no. 8 follows, 63 sequences, length 15
# corresponding to MSA columns:
# 267-281
name=unknown_I
#
# <colnr> <probs for GDERKNQSTAVLIFYWHMCP>
#	G	D	E	R	K	N	Q	S	T	A	V	L	I	F	Y	W	H	M	C	P
0	0.01264	0.00960	0.01029	0.00812	0.01102	0.03730	0.00653	0.41827	0.05984	0.05315	0.05074	0.01367	0.04861	0.04257	0.03175	0.00145	0.00427	0.00412	0.00373	0.17233
1	0.00805	0.02813	0.38750	0.00891	0.01269	0.00796	0.00979	0.04297	0.10454	0.01480	0.19275	0.04549	0.08598	0.00611	0.00434	0.00133	0.00429	0.00509	0.00307	0.02621
2	0.81138	0.00805	0.00647	0.00569	0.00834	0.00916	0.00469	0.01302	0.00755	0.08510	0.00673	0.00744	0.00503	0.00401	0.00273	0.00130	0.00328	0.00244	0.00281	0.00477
3	0.00611	0.00430	0.00585	0.00585	0.00627	0.00472	0.00412	0.00687	0.00644	0.00901	0.01184	0.02061	0.01221	0.34985	0.47910	0.04813	0.00810	0.00509	0.00235	0.00319
4	0.05247	0.01044	0.01148	0.00890	0.01213	0.01122	0.00733	0.57760	0.04365	0.18284	0.01221	0.01171	0.02790	0.00519	0.00416	0.00128	0.00426	0.00396	0.00433	0.00694
5	0.00993	0.01219	0.14415	0.07350	0.32702	0.03202	0.25798	0.03842	0.00988	0.01363	0.00916	0.01140	0.03278	0.00403	0.00440	0.00132	0.00583	0.00416	0.00216	0.00602
6	0.00527	0.00379	0.00483	0.00555	0.00588	0.00357	0.00368	0.00595	0.00788	0.01039	0.02318	0.63703	0.09722	0.13333	0.02979	0.00215	0.00288	0.01064	0.00366	0.00331
7	0.00735	0.00519	0.00601	0.00574	0.00715	0.00503	0.00438	0.02355	0.12190	0.06637	0.23485	0.10674	0.26374	0.02376	0.00507	0.00146	0.00254	0.05072	0.05407	0.00439
8	0.03642	0.00877	0.00899	0.00795	0.01004	0.09712	0.01934	0.12811	0.22123	0.08712	0.16415	0.05976	0.05151	0.00693	0.00451	0.00139	0.00376	0.07337	0.00403	0.00548
9	0.00705	0.01065	0.30366	0.00834	0.01103	0.00617	0.02517	0.00965	0.02404	0.03607	0.05596	0.36594	0.04006	0.04687	0.00551	0.00164	0.00403	0.03040	0.00312	0.00465
10	0.00544	0.00399	0.00497	0.00550	0.00606	0.00372	0.00384	0.00635	0.00850	0.01114	0.09183	0.44034	0.17622	0.12542	0.02326	0.00205	0.00284	0.07136	0.00375	0.00341
11	0.00797	0.03152	0.00857	0.00757	0.00858	0.05692	0.03161	0.04299	0.04606	0.02464	0.05168	0.17119	0.05186	0.10209	0.19039	0.02442	0.11780	0.01709	0.00293	0.00414
12	0.02482	0.03495	0.05716	0.00777	0.01007	0.09647	0.00650	0.13213	0.09488	0.13185	0.16971	0.04996	0.06974	0.03083	0.01746	0.00150	0.01417	0.04086	0.00383	0.00536
13	0.05434	0.00613	0.00738	0.00638	0.00853	0.02076	0.00508	0.02535	0.01051	0.37052	0.04876	0.07502	0.22920	0.02288	0.05018	0.00173	0.00359	0.04412	0.00429	0.00527
14	0.00719	0.00470	0.00622	0.00611	0.00682	0.00491	0.00442	0.02044	0.00782	0.07802	0.05509	0.15743	0.03661	0.25508	0.28213	0.00397	0.02888	0.02737	0.00307	0.00372

[dist]
# distance from previous block
# <min> <max>
1	8

[block]
# block no. 9 follows, 63 sequences, length 42
# corresponding to MSA columns:
# 290-331
name=unknown_J
#
# <colnr> <probs for GDERKNQSTAVLIFYWHMCP>
#	G	D	E	R	K	N	Q	S	T	A	V	L	I	F	Y	W	H	M	C	P
0	0.04808	0.44472	0.05064	0.01672	0.01193	0.07361	0.05313	0.10151	0.04983	0.04798	0.00870	0.00964	0.02565	0.01604	0.02444	0.00127	0.00492	0.00313	0.00248	0.00557
1	0.07368	0.11263	0.10143	0.05731	0.03742	0.11074	0.02779	0.07164	0.01005	0.04260	0.02921	0.01945	0.01762	0.00414	0.00356	0.00104	0.00456	0.00319	0.00255	0.26939
2	0.02290	0.41017	0.05973	0.00836	0.01131	0.11148	0.00763	0.08134	0.08797	0.02424	0.03607	0.01978	0.00795	0.00557	0.03323	0.00133	0.05977	0.00322	0.00248	0.00548
3	0.06369	0.07058	0.01219	0.13011	0.09680	0.16192	0.00825	0.13736	0.15196	0.08688	0.01018	0.01089	0.00766	0.00462	0.00390	0.00125	0.00486	0.00359	0.02743	0.00587
4	0.00892	0.04893	0.16183	0.02264	0.04504	0.03024	0.04164	0.06794	0.01882	0.05993	0.03606	0.16544	0.04473	0.11439	0.00715	0.00177	0.04867	0.05682	0.00300	0.01604
5	0.02294	0.03029	0.07324	0.01083	0.07882	0.03659	0.14942	0.10905	0.01015	0.08579	0.01156	0.05053	0.01981	0.09192	0.14904	0.00252	0.00604	0.01929	0.03698	0.00519
6	0.00982	0.03841	0.03774	0.08372	0.29679	0.00958	0.14467	0.10885	0.01051	0.01445	0.04421	0.11986	0.01079	0.00556	0.00481	0.00137	0.03524	0.01527	0.00267	0.00569
7	0.00764	0.00510	0.00687	0.00612	0.00767	0.00459	0.05135	0.02211	0.01070	0.11982	0.31072	0.13691	0.26609	0.00897	0.00488	0.00140	0.00264	0.00785	0.01422	0.00433
8	0.02745	0.31444	0.07513	0.03864	0.13494	0.03685	0.02924	0.08658	0.05265	0.06594	0.00823	0.00921	0.00655	0.00404	0.00364	0.00110	0.01491	0.00311	0.00251	0.08484
9	0.00803	0.03529	0.02697	0.01857	0.00841	0.02243	0.00545	0.08930	0.01733	0.04779	0.04438	0.02982	0.10557	0.12209	0.35883	0.01888	0.01876	0.01496	0.00290	0.00423
10	0.01003	0.00557	0.00753	0.00687	0.00840	0.00573	0.00537	0.01235	0.08136	0.23850	0.04214	0.04839	0.01315	0.07387	0.35691	0.01987	0.00673	0.03796	0.01445	0.00485
11	0.00824	0.00594	0.00668	0.00626	0.00746	0.03588	0.00462	0.08065	0.07475	0.05727	0.11141	0.15307	0.16504	0.07352	0.03635	0.12928	0.01690	0.00668	0.01590	0.00409
12	0.01141	0.10129	0.04631	0.10155	0.10049	0.12140	0.18668	0.11571	0.01074	0.03286	0.00795	0.00992	0.00628	0.00494	0.02516	0.00140	0.06738	0.00367	0.00239	0.04249
13	0.00898	0.04622	0.17548	0.01060	0.04121	0.04262	0.17653	0.07007	0.02649	0.02761	0.17889	0.01953	0.12017	0.00606	0.00455	0.00134	0.00466	0.03066	0.00308	0.00524
14	0.00698	0.00467	0.00574	0.00575	0.00694	0.00431	0.00439	0.00874	0.04064	0.08738	0.20899	0.19391	0.25275	0.03386	0.00553	0.00159	0.00263	0.11698	0.00416	0.00408
15	0.00901	0.04751	0.27756	0.03960	0.04403	0.08754	0.11749	0.03126	0.00938	0.01277	0.05709	0.04733	0.02425	0.00844	0.11248	0.00202	0.02683	0.00431	0.03589	0.00522
16	0.00983	0.00912	0.03173	0.12344	0.14924	0.07857	0.04402	0.12091	0.02588	0.01373	0.01114	0.03592	0.03691	0.11274	0.04501	0.00192	0.05590	0.01427	0.07469	0.00503
17	0.00532	0.00425	0.00499	0.00526	0.00616	0.00396	0.00383	0.00633	0.00891	0.01128	0.07023	0.30480	0.42987	0.02550	0.04077	0.00180	0.03160	0.02780	0.00378	0.00356
18	0.00683	0.00484	0.00558	0.00553	0.00701	0.00439	0.00443	0.02113	0.03035	0.07296	0.08876	0.03792	0.48377	0.01001	0.00504	0.00151	0.00268	0.18432	0.01889	0.00406
19	0.75027	0.05827	0.00758	0.00598	0.00866	0.04420	0.00497	0.02519	0.00780	0.04737	0.00633	0.00718	0.00489	0.00397	0.00274	0.00127	0.00354	0.00239	0.00266	0.00475
20	0.00928	0.00945	0.04365	0.06529	0.33338	0.01066	0.02228	0.01117	0.00796	0.01171	0.00724	0.01051	0.00645	0.00788	0.08725	0.00202	0.34267	0.00378	0.00198	0.00541
21	0.00604	0.00435	0.00596	0.00596	0.00644	0.00482	0.00427	0.00700	0.00652	0.00917	0.01199	0.02053	0.01225	0.33138	0.53814	0.00578	0.00864	0.00509	0.00236	0.00331
22	0.01333	0.10844	0.01522	0.07380	0.05053	0.10210	0.11925	0.35060	0.03848	0.04199	0.00918	0.02175	0.00703	0.00467	0.00433	0.00126	0.02496	0.00380	0.00312	0.00616
23	0.00512	0.00366	0.00488	0.00585	0.00610	0.00341	0.00390	0.00585	0.00805	0.01073	0.02317	0.84952	0.02780	0.01317	0.00537	0.00171	0.00244	0.01195	0.00390	0.00341
24	0.01131	0.74825	0.04244	0.00856	0.05886	0.05065	0.00778	0.01280	0.00875	0.01022	0.00604	0.00705	0.00547	0.00365	0.00286	0.00094	0.00470	0.00238	0.00183	0.00547
25	0.00953	0.00818	0.00916	0.00698	0.01021	0.03660	0.02505	0.12379	0.03454	0.01513	0.01280	0.03498	0.10663	0.00470	0.00366	0.00090	0.00345	0.00383	0.00297	0.54690
26	0.04686	0.00976	0.00808	0.00755	0.00925	0.23125	0.00579	0.08729	0.06286	0.02761	0.09573	0.11818	0.16290	0.02850	0.00494	0.00144	0.00423	0.07971	0.00348	0.00458
27	0.00872	0.00804	0.01317	0.69004	0.12891	0.00964	0.01161	0.05798	0.00922	0.01204	0.00768	0.01104	0.00583	0.00419	0.00420	0.00137	0.00547	0.00374	0.00203	0.00507
28	0.00985	0.00590	0.00668	0.00587	0.00754	0.00602	0.00458	0.12162	0.08636	0.10227	0.22647	0.01889	0.01801	0.00599	0.00390	0.00118	0.00263	0.00498	0.35629	0.00496
29	0.00527	0.00381	0.00486	0.00565	0.00601	0.00355	0.00381	0.00601	0.00808	0.01062	0.02414	0.65720	0.10679	0.09336	0.00688	0.00191	0.00262	0.04229	0.00377	0.00336
30	0.01086	0.62258	0.06105	0.00760	0.01085	0.06254	0.00733	0.04899	0.00929	0.01108	0.02387	0.09115	0.00837	0.00477	0.00321	0.00104	0.00452	0.00346	0.00219	0.00526
31	0.00557	0.00424	0.00495	0.00504	0.00610	0.00378	0.00368	0.00699	0.02276	0.02522	0.25091	0.23262	0.39191	0.01053	0.00504	0.00146	0.00221	0.00913	0.00413	0.00373
32	0.00600	0.00430	0.00496	0.00513	0.00606	0.00391	0.00364	0.00710	0.02451	0.04556	0.05909	0.25676	0.36442	0.15033	0.00778	0.00195	0.00268	0.03846	0.00377	0.00359
33	0.00608	0.00399	0.00511	0.00569	0.00618	0.00370	0.00385	0.00681	0.00816	0.05841	0.02280	0.61461	0.08226	0.12797	0.00748	0.00199	0.00273	0.02484	0.00379	0.00353
34	0.04051	0.28459	0.13577	0.08648	0.01392	0.09353	0.05511	0.04320	0.06600	0.01261	0.04122	0.03251	0.03930	0.00492	0.00389	0.00121	0.01595	0.02155	0.00244	0.00532
35	0.00616	0.00439	0.00524	0.00512	0.00626	0.00396	0.00379	0.00779	0.02530	0.04826	0.36476	0.14309	0.30990	0.02367	0.00521	0.00145	0.00222	0.00834	0.02119	0.00391
36	0.01047	0.00743	0.00829	0.00713	0.00882	0.00792	0.00543	0.34642	0.01261	0.03266	0.01468	0.07359	0.05753	0.26554	0.05153	0.00247	0.00438	0.05188	0.02635	0.00486
37	0.04040	0.02067	0.02132	0.00862	0.03107	0.03182	0.00689	0.39119	0.04418	0.19566	0.01545	0.04322	0.09908	0.00586	0.00423	0.00129	0.00402	0.00464	0.01480	0.01559
38	0.06021	0.01090	0.11122	0.03974	0.03311	0.13872	0.05099	0.04367	0.07317	0.06321	0.07834	0.04624	0.08030	0.06062	0.02608	0.00167	0.05360	0.02017	0.00300	0.00502
39	0.00967	0.02885	0.02519	0.00805	0.00941	0.14487	0.00633	0.11367	0.02707	0.02123	0.03504	0.02779	0.01058	0.14948	0.25743	0.00341	0.10041	0.01437	0.00266	0.00447
40	0.00580	0.00440	0.00517	0.00531	0.00623	0.00411	0.00381	0.03996	0.00947	0.01230	0.14878	0.27463	0.31530	0.08750	0.04163	0.00196	0.00290	0.02325	0.00383	0.00365
41	0.00800	0.02518	0.08548	0.00718	0.00909	0.00689	0.00611	0.01257	0.22322	0.04271	0.26628	0.08350	0.05844	0.04413	0.04013	0.00173	0.02898	0.02552	0.00381	0.02104

[dist]
# distance from previous block
# <min> <max>
0	14

[block]
# block no. 10 follows, 63 sequences, length 19
# corresponding to MSA columns:
# 346-364
name=unknown_K
#
# <colnr> <probs for GDERKNQSTAVLIFYWHMCP>
#	G	D	E	R	K	N	Q	S	T	A	V	L	I	F	Y	W	H	M	C	P
0	0.09233	0.07837	0.12490	0.01077	0.09006	0.12992	0.04556	0.08863	0.05871	0.03922	0.01003	0.02807	0.03697	0.00600	0.04082	0.00149	0.05235	0.00372	0.01934	0.04274
1	0.06300	0.03663	0.03976	0.03498	0.08180	0.32637	0.03328	0.06998	0.04564	0.01269	0.00716	0.00894	0.00597	0.00505	0.00626	0.00134	0.21032	0.00327	0.00231	0.00525
2	0.00780	0.00769	0.09296	0.00805	0.00958	0.00733	0.02432	0.05656	0.05023	0.01221	0.06073	0.03798	0.01114	0.02821	0.33085	0.06725	0.12472	0.00452	0.03295	0.02492
3	0.02120	0.06245	0.23078	0.08281	0.21592	0.02302	0.04823	0.06845	0.02635	0.03271	0.01793	0.04063	0.00739	0.00459	0.00462	0.00129	0.05469	0.00382	0.00234	0.05078
4	0.00688	0.03262	0.02441	0.00549	0.00613	0.00525	0.00376	0.03868	0.05040	0.01048	0.04971	0.11508	0.01672	0.55053	0.02843	0.00321	0.00391	0.02153	0.02345	0.00335
5	0.00709	0.00454	0.00542	0.00545	0.00652	0.00423	0.00407	0.02603	0.00949	0.07541	0.11078	0.19361	0.22649	0.09980	0.00659	0.00175	0.00273	0.09941	0.10669	0.00390
6	0.00537	0.00415	0.00491	0.00516	0.00608	0.00374	0.00370	0.00676	0.02618	0.01258	0.22172	0.32444	0.33812	0.01095	0.00509	0.00150	0.00223	0.00958	0.00408	0.00366
7	0.01029	0.06745	0.26734	0.10079	0.08297	0.04376	0.12560	0.05775	0.00996	0.08969	0.01016	0.09690	0.00853	0.00504	0.00425	0.00134	0.00539	0.00448	0.00256	0.00575
8	0.00577	0.00403	0.00502	0.00537	0.00569	0.00392	0.00355	0.00646	0.00779	0.01049	0.11713	0.30425	0.04212	0.36392	0.04654	0.00287	0.00351	0.05506	0.00335	0.00316
9	0.00520	0.00374	0.00487	0.00570	0.00601	0.00351	0.00381	0.00592	0.00799	0.01058	0.02341	0.72910	0.07407	0.06587	0.02715	0.00196	0.00274	0.01122	0.00378	0.00338
10	0.01062	0.01037	0.01673	0.18363	0.43826	0.07393	0.14256	0.01320	0.00969	0.04854	0.00819	0.01067	0.00647	0.00391	0.00427	0.00130	0.00560	0.00388	0.00219	0.00599
11	0.01125	0.00972	0.03075	0.07454	0.23973	0.04910	0.12888	0.07196	0.01037	0.12191	0.03885	0.04164	0.02802	0.00516	0.00543	0.00137	0.10040	0.00447	0.02064	0.00581
12	0.01396	0.01051	0.01132	0.00911	0.01200	0.01166	0.00736	0.59444	0.16104	0.02340	0.01259	0.09105	0.01013	0.00594	0.00433	0.00133	0.00419	0.00474	0.00419	0.00670
13	0.01020	0.22934	0.02695	0.13734	0.04301	0.05419	0.10067	0.06251	0.03905	0.02548	0.01008	0.03210	0.05093	0.00446	0.00376	0.00111	0.00470	0.00374	0.00246	0.15793
14	0.00730	0.00416	0.00575	0.00565	0.00602	0.00425	0.00387	0.00699	0.00642	0.05679	0.01095	0.05238	0.01116	0.24042	0.19523	0.36721	0.00537	0.00487	0.00240	0.00282
15	0.00714	0.00395	0.00556	0.00549	0.00577	0.00393	0.00376	0.00636	0.03653	0.00882	0.08473	0.01639	0.06368	0.01347	0.01418	0.70782	0.00339	0.00439	0.00231	0.00231
16	0.00957	0.00894	0.04577	0.03480	0.03067	0.04044	0.03521	0.07415	0.00978	0.01456	0.00806	0.00941	0.00649	0.00352	0.00338	0.00081	0.00375	0.00287	0.05416	0.60364
17	0.06215	0.02201	0.09230	0.07771	0.06709	0.04677	0.10539	0.13222	0.04516	0.07300	0.02288	0.11028	0.04812	0.00597	0.00506	0.00140	0.06897	0.00500	0.00302	0.00550
18	0.08828	0.05856	0.09292	0.02369	0.10379	0.10738	0.06237	0.07560	0.09270	0.01480	0.10432	0.04831	0.07835	0.00628	0.02351	0.00142	0.00466	0.00473	0.00300	0.00532

[dist]
# distance from previous block
# <min> <max>
5	43

[block]
# block no. 11 follows, 63 sequences, length 10
# corresponding to MSA columns:
# 414-423
name=unknown_L
#
# <colnr> <probs for GDERKNQSTAVLIFYWHMCP>
#	G	D	E	R	K	N	Q	S	T	A	V	L	I	F	Y	W	H	M	C	P
0	0.01469	0.00843	0.00995	0.00817	0.01093	0.00868	0.00659	0.22678	0.19657	0.34162	0.01572	0.08417	0.01197	0.00613	0.00438	0.00137	0.00371	0.02892	0.00458	0.00663
1	0.01031	0.01137	0.05794	0.13510	0.20589	0.13322	0.17229	0.05100	0.03973	0.01322	0.03524	0.03675	0.04076	0.02015	0.00482	0.00137	0.01847	0.00444	0.00245	0.00550
2	0.00641	0.00446	0.00538	0.00549	0.00643	0.00415	0.00394	0.04403	0.00980	0.04469	0.18140	0.36689	0.21688	0.04413	0.00565	0.00160	0.00247	0.00920	0.03316	0.00385
3	0.00525	0.00405	0.00484	0.00514	0.00602	0.00364	0.00368	0.00638	0.00936	0.01212	0.18422	0.33758	0.34918	0.01194	0.03518	0.00170	0.00255	0.00961	0.00398	0.00359
4	0.20324	0.03866	0.00940	0.00799	0.05247	0.00825	0.01960	0.13379	0.05171	0.22492	0.07971	0.04854	0.07290	0.00576	0.00395	0.00131	0.00350	0.00460	0.02402	0.00569
5	0.00711	0.00702	0.08091	0.00682	0.00790	0.05481	0.00547	0.03766	0.00835	0.01103	0.03941	0.24504	0.01795	0.26736	0.08127	0.00279	0.01927	0.09305	0.00305	0.00375
6	0.00886	0.00882	0.03350	0.13674	0.28742	0.05869	0.00955	0.01103	0.03190	0.01176	0.01037	0.13576	0.01008	0.02383	0.08641	0.00200	0.12076	0.00502	0.00237	0.00513
7	0.00592	0.00470	0.00514	0.00572	0.00627	0.04726	0.00392	0.00673	0.00837	0.01079	0.02384	0.53760	0.14714	0.09915	0.00680	0.00185	0.00286	0.03377	0.03872	0.00346
8	0.01229	0.06561	0.01163	0.07343	0.06804	0.30395	0.02163	0.08927	0.04997	0.07070	0.07043	0.08798	0.02499	0.00582	0.00419	0.00126	0.00523	0.02529	0.00303	0.00524
9	0.05449	0.05994	0.11355	0.07645	0.14355	0.09083	0.05453	0.15181	0.02681	0.04947	0.01046	0.04392	0.03994	0.00594	0.03472	0.00150	0.02954	0.00407	0.00273	0.00573

[dist]
# distance from previous block
# <min> <max>
2	30

[block]
# block no. 12 follows, 63 sequences, length 30
# corresponding to MSA columns:
# 454-483
name=unknown_M
#
# <colnr> <probs for GDERKNQSTAVLIFYWHMCP>
#	G	D	E	R	K	N	Q	S	T	A	V	L	I	F	Y	W	H	M	C	P
0	0.00862	0.02925	0.02074	0.00806	0.06234	0.04808	0.02854	0.07456	0.02065	0.05765	0.11159	0.24728	0.05936	0.09971	0.00638	0.00164	0.00354	0.01392	0.01540	0.08270
1	0.02833	0.16105	0.04808	0.03542	0.03020	0.04998	0.00690	0.12293	0.05520	0.02438	0.08512	0.01142	0.00976	0.00525	0.02896	0.00119	0.01959	0.00344	0.00284	0.26993
2	0.03436	0.12948	0.26531	0.00870	0.01217	0.02873	0.02349	0.04438	0.05621	0.05335	0.07767	0.06729	0.05095	0.00627	0.02424	0.00141	0.02826	0.01641	0.02303	0.04831
3	0.06688	0.02552	0.06078	0.06943	0.12915	0.10920	0.03943	0.07413	0.22926	0.04426	0.01085	0.02640	0.00847	0.00484	0.00432	0.00130	0.03150	0.00391	0.02719	0.03319
4	0.00669	0.00591	0.05981	0.00650	0.00755	0.00552	0.00513	0.01844	0.07975	0.01106	0.04910	0.09273	0.01466	0.24596	0.33049	0.00421	0.00664	0.01898	0.02698	0.00387
5	0.00817	0.00597	0.00875	0.01095	0.21632	0.00577	0.00651	0.00957	0.00881	0.08071	0.04160	0.18120	0.09852	0.07908	0.09078	0.03096	0.00430	0.05194	0.02818	0.03190
6	0.00975	0.35536	0.01461	0.00848	0.06296	0.02487	0.06556	0.01137	0.00928	0.06376	0.05224	0.06535	0.09988	0.02009	0.00409	0.00123	0.00396	0.04598	0.07622	0.00496
7	0.00676	0.00449	0.00598	0.00655	0.00735	0.00433	0.00509	0.00820	0.01978	0.05793	0.07490	0.32507	0.05115	0.07738	0.00668	0.00192	0.00318	0.32553	0.00391	0.00382
8	0.00675	0.00458	0.00533	0.00512	0.00626	0.00441	0.00383	0.02290	0.04756	0.02824	0.32192	0.06422	0.18390	0.03313	0.04562	0.00163	0.00268	0.00677	0.20114	0.00403
9	0.04232	0.00649	0.00753	0.00633	0.00853	0.00646	0.00505	0.08367	0.10691	0.30247	0.05458	0.01519	0.01180	0.00526	0.00375	0.00120	0.00296	0.00424	0.31957	0.00568
10	0.00589	0.00459	0.00542	0.00535	0.00642	0.00435	0.01543	0.00765	0.04906	0.01276	0.17780	0.19592	0.35658	0.03935	0.00569	0.00153	0.02633	0.00839	0.06768	0.00380
11	0.00521	0.00371	0.00494	0.00588	0.00614	0.00349	0.00396	0.00596	0.00804	0.01071	0.02281	0.79383	0.02726	0.04097	0.00591	0.00179	0.00254	0.03957	0.00386	0.00340
12	0.00519	0.00426	0.00458	0.00460	0.00588	0.00365	0.00345	0.00642	0.00991	0.01228	0.17175	0.07394	0.63688	0.01044	0.00501	0.00143	0.00217	0.03053	0.00402	0.00362
13	0.01009	0.00998	0.01646	0.09845	0.60080	0.03750	0.07218	0.01253	0.00942	0.01308	0.00884	0.01134	0.03218	0.00418	0.00469	0.00130	0.04475	0.00396	0.00211	0.00615
14	0.03487	0.01453	0.36878	0.03351	0.01406	0.07845	0.01040	0.05844	0.02484	0.13717	0.03040	0.01277	0.05271	0.00709	0.07160	0.00176	0.02514	0.00386	0.01387	0.00575
15	0.73972	0.00928	0.03372	0.00770	0.07813	0.04792	0.00578	0.01264	0.00764	0.01785	0.00611	0.00723	0.00480	0.00391	0.00283	0.00129	0.00370	0.00245	0.00251	0.00480
16	0.00651	0.00421	0.00490	0.00494	0.00530	0.00406	0.00308	0.00684	0.00711	0.04914	0.01801	0.13313	0.10255	0.59286	0.01637	0.00330	0.00363	0.02800	0.00303	0.00302
17	0.00613	0.00429	0.00529	0.00523	0.00629	0.00384	0.00385	0.00758	0.01045	0.05382	0.39847	0.20392	0.25534	0.00996	0.00501	0.00143	0.00220	0.00870	0.00430	0.00389
18	0.01411	0.09760	0.07769	0.01087	0.07461	0.10387	0.00882	0.48302	0.01557	0.02038	0.00886	0.00950	0.00663	0.00470	0.00421	0.00122	0.02717	0.00346	0.02124	0.00648
19	0.03753	0.00441	0.00507	0.00497	0.00535	0.00437	0.00306	0.00701	0.00670	0.03609	0.02589	0.09333	0.01567	0.65292	0.04998	0.00364	0.00411	0.00624	0.00277	0.03089
20	0.24472	0.08298	0.03398	0.00791	0.01039	0.01958	0.05690	0.14552	0.01794	0.07868	0.05059	0.10096	0.01999	0.00750	0.05820	0.00170	0.03963	0.01449	0.00317	0.00518
21	0.01354	0.07604	0.01211	0.00884	0.01169	0.02552	0.03208	0.44236	0.06117	0.09653	0.05077	0.06977	0.03659	0.00586	0.00449	0.00129	0.02633	0.00466	0.00392	0.01644
22	0.00564	0.00429	0.00480	0.00480	0.00605	0.00371	0.00357	0.00687	0.00992	0.03793	0.18904	0.13266	0.54327	0.01039	0.00500	0.00144	0.00221	0.02059	0.00408	0.00373
23	0.00635	0.00410	0.00573	0.00579	0.00611	0.00439	0.00404	0.00648	0.00631	0.00871	0.01133	0.06821	0.01181	0.22968	0.34741	0.25651	0.00675	0.00511	0.00230	0.00288
24	0.01109	0.22930	0.11489	0.01214	0.15811	0.11446	0.02837	0.07260	0.01000	0.02401	0.01846	0.00988	0.02798	0.00471	0.01332	0.00122	0.07356	0.00329	0.00228	0.07034
25	0.03611	0.01154	0.00962	0.00885	0.03165	0.30003	0.00658	0.14429	0.01104	0.04229	0.00958	0.01281	0.00833	0.10411	0.17382	0.00262	0.02399	0.00379	0.05413	0.00482
26	0.00559	0.00396	0.00502	0.00560	0.00613	0.00367	0.00388	0.00648	0.00854	0.02431	0.09302	0.52970	0.13197	0.09765	0.00692	0.00188	0.00263	0.05573	0.00385	0.00348
27	0.22351	0.03493	0.03460	0.06619	0.07254	0.02382	0.06286	0.17411	0.06999	0.06993	0.02090	0.06260	0.00862	0.00498	0.00383	0.00130	0.00420	0.00404	0.03045	0.02659
28	0.00891	0.04742	0.00948	0.03122	0.01057	0.00641	0.00535	0.02528	0.02278	0.01368	0.00788	0.02325	0.00667	0.00342	0.00320	0.00070	0.00327	0.00274	0.00253	0.76525
29	0.04525	0.25631	0.07412	0.00902	0.02470	0.09697	0.04537	0.09648	0.09592	0.04032	0.00978	0.06390	0.00845	0.00723	0.07504	0.00167	0.02548	0.00386	0.00270	0.01745

[dist]
# distance from previous block
# <min> <max>
3	19

[block]
# block no. 13 follows, 63 sequences, length 12
# corresponding to MSA columns:
# 504-515
name=unknown_N
#
# <colnr> <probs for GDERKNQSTAVLIFYWHMCP>
#	G	D	E	R	K	N	Q	S	T	A	V	L	I	F	Y	W	H	M	C	P
0	0.01131	0.05695	0.17068	0.03233	0.28828	0.02667	0.04324	0.10684	0.04530	0.09447	0.01995	0.01196	0.02407	0.00450	0.00412	0.00126	0.00493	0.01809	0.00276	0.03229
1	0.00637	0.00511	0.02478	0.00649	0.00728	0.00488	0.03990	0.03724	0.02446	0.01086	0.01775	0.34296	0.04809	0.24542	0.13260	0.00306	0.00462	0.03136	0.00318	0.00361
2	0.04011	0.00974	0.20871	0.00942	0.08453	0.00701	0.00804	0.01097	0.07676	0.04062	0.09318	0.12473	0.06301	0.07204	0.11337	0.00230	0.02196	0.00565	0.00296	0.00490
3	0.03253	0.28285	0.21945	0.02964	0.07883	0.05586	0.03524	0.08479	0.03716	0.09399	0.00840	0.00920	0.00639	0.00412	0.00364	0.00117	0.00509	0.00314	0.00250	0.00601
4	0.00994	0.13455	0.18148	0.05532	0.11996	0.07188	0.09812	0.01241	0.00941	0.06991	0.02163	0.09079	0.04445	0.02419	0.00453	0.00136	0.00503	0.02103	0.01861	0.00540
5	0.00653	0.00546	0.03130	0.02791	0.04180	0.00566	0.00553	0.00808	0.03147	0.01022	0.03117	0.04827	0.05439	0.15443	0.44810	0.04193	0.03630	0.00517	0.00249	0.00379
6	0.00931	0.07936	0.13132	0.04429	0.26083	0.04239	0.06244	0.01169	0.00888	0.04220	0.00997	0.05442	0.00898	0.03392	0.15208	0.00235	0.00626	0.03159	0.00232	0.00541
7	0.01115	0.06726	0.12597	0.06205	0.31358	0.03732	0.02546	0.05224	0.09281	0.09453	0.00998	0.01185	0.00781	0.00453	0.00434	0.00129	0.02703	0.02379	0.02079	0.00622
8	0.02992	0.21345	0.23540	0.03548	0.15054	0.05028	0.02315	0.01307	0.03646	0.04252	0.00893	0.01214	0.00759	0.00565	0.03520	0.00147	0.03001	0.06080	0.00226	0.00568
9	0.00569	0.00475	0.03503	0.00628	0.00703	0.00415	0.00473	0.00727	0.04338	0.01165	0.05879	0.59872	0.07982	0.01196	0.00528	0.00167	0.00274	0.10344	0.00387	0.00374
