[name]
unknown

[dist]
# distance from previous block
# <min> <max>
0	44

[block]
# block no. 0 follows, 63 sequences, length 6
# corresponding to MSA columns:
# 45-50
name=unknown_A
#
# <colnr> <probs for GDERKNQSTAVLIFYWHMCP>
#	G	D	E	R	K	N	Q	S	T	A	V	L	I	F	Y	W	H	M	C	P
0	0.05337	0.00584	0.00641	0.02447	0.00766	0.05094	0.00470	0.04105	0.00912	0.02699	0.11595	0.10080	0.22085	0.07310	0.16338	0.04267	0.02222	0.02336	0.00327	0.00387
1	0.03887	0.04544	0.01290	0.01070	0.03095	0.34456	0.09710	0.08334	0.07888	0.05548	0.03463	0.01231	0.00868	0.00507	0.00462	0.00126	0.05173	0.04735	0.00283	0.03330
2	0.05642	0.00691	0.00896	0.03196	0.09064	0.00625	0.03850	0.04216	0.00888	0.01317	0.05243	0.01623	0.08764	0.13310	0.00707	0.04769	0.00363	0.00427	0.00271	0.34136
3	0.00543	0.00412	0.00483	0.00493	0.00581	0.00371	0.00349	0.00656	0.00951	0.01244	0.26294	0.20608	0.32887	0.11378	0.00706	0.00178	0.00239	0.00881	0.00395	0.00352
4	0.01074	0.17621	0.11664	0.06342	0.05470	0.03978	0.33099	0.05272	0.00988	0.04740	0.00797	0.00992	0.00616	0.00404	0.00470	0.00130	0.05165	0.00385	0.00222	0.00572
5	0.05300	0.11984	0.05094	0.02363	0.04520	0.07651	0.05457	0.15608	0.08854	0.10741	0.03864	0.07874	0.01007	0.00543	0.00444	0.00128	0.04110	0.00434	0.00324	0.03700

[dist]
# distance from previous block
# <min> <max>
0	1

[block]
# block no. 1 follows, 63 sequences, length 110
# corresponding to MSA columns:
# 52-86,97-143,149-176
name=unknown_B
#
# <colnr> <probs for GDERKNQSTAVLIFYWHMCP>
#	G	D	E	R	K	N	Q	S	T	A	V	L	I	F	Y	W	H	M	C	P
0	0.18583	0.00719	0.01003	0.06607	0.12806	0.00746	0.07860	0.03944	0.01918	0.07968	0.08298	0.11403	0.01309	0.10533	0.03067	0.01510	0.00421	0.00522	0.00303	0.00481
1	0.00520	0.00416	0.00467	0.00492	0.00600	0.00363	0.00363	0.00633	0.00946	0.01182	0.11369	0.22757	0.51855	0.01108	0.00511	0.00151	0.00228	0.05285	0.00397	0.00358
2	0.09385	0.05461	0.02174	0.04986	0.01190	0.07727	0.07764	0.12346	0.07141	0.12147	0.02360	0.19042	0.02342	0.00662	0.00460	0.00139	0.03244	0.00555	0.00342	0.00534
3	0.10772	0.02237	0.08786	0.03173	0.05806	0.05834	0.11219	0.05138	0.01791	0.11603	0.02739	0.07199	0.02613	0.04014	0.10919	0.01707	0.01814	0.00459	0.00288	0.01887
4	0.00567	0.00394	0.00499	0.00547	0.00601	0.00364	0.00378	0.00634	0.00840	0.02136	0.09863	0.45959	0.16333	0.08070	0.00750	0.07596	0.00264	0.03501	0.00370	0.00335
5	0.01451	0.00918	0.01032	0.00826	0.01105	0.00971	0.00669	0.45105	0.06230	0.19362	0.01375	0.08424	0.02146	0.00588	0.00422	0.00130	0.00388	0.00472	0.07739	0.00648
6	0.08632	0.14379	0.25368	0.00982	0.04356	0.03486	0.04750	0.07083	0.04053	0.10737	0.06070	0.02664	0.02324	0.00519	0.01743	0.00134	0.00485	0.00380	0.00282	0.01575
7	0.02141	0.00873	0.02925	0.06926	0.09947	0.04318	0.01937	0.16112	0.11260	0.10486	0.07499	0.08601	0.06640	0.00727	0.03159	0.00156	0.02630	0.02740	0.00359	0.00563
8	0.01028	0.00757	0.00847	0.00732	0.00929	0.00819	0.00571	0.25231	0.17476	0.04682	0.06274	0.04525	0.10938	0.08612	0.11481	0.00230	0.00454	0.00538	0.03342	0.00535
9	0.76511	0.02346	0.00714	0.00619	0.00870	0.08797	0.00504	0.01273	0.00761	0.01770	0.00591	0.00695	0.00467	0.00402	0.00297	0.00129	0.02307	0.00235	0.00253	0.00460
10	0.00526	0.00403	0.00486	0.00538	0.00618	0.00363	0.00389	0.00631	0.00902	0.01153	0.08202	0.42121	0.32805	0.01179	0.00523	0.00159	0.00242	0.08010	0.00395	0.00354
11	0.01101	0.66656	0.08104	0.00760	0.01138	0.02523	0.00764	0.04222	0.00904	0.01115	0.00630	0.00723	0.00554	0.00364	0.00291	0.00092	0.00453	0.00240	0.00196	0.09170
12	0.04009	0.09785	0.39350	0.00977	0.01426	0.06399	0.02285	0.03554	0.04008	0.11555	0.02562	0.02800	0.00755	0.00442	0.00384	0.00121	0.00512	0.00344	0.00259	0.08473
13	0.08654	0.06358	0.03501	0.00667	0.00884	0.00709	0.00540	0.07256	0.04114	0.27197	0.11659	0.05582	0.01482	0.18658	0.00779	0.00189	0.00362	0.00506	0.00383	0.00520
14	0.01116	0.00982	0.01038	0.00885	0.01124	0.09730	0.05327	0.22187	0.25726	0.01732	0.02782	0.10943	0.06939	0.00662	0.00444	0.00137	0.00415	0.03605	0.00376	0.03849
15	0.00575	0.00404	0.00507	0.00557	0.00607	0.00387	0.00382	0.00706	0.03460	0.01198	0.14611	0.50365	0.04725	0.11193	0.00702	0.00187	0.00258	0.02711	0.06107	0.00355
16	0.00981	0.00938	0.01598	0.22351	0.63300	0.00983	0.01260	0.01238	0.00929	0.01301	0.00780	0.01060	0.00640	0.00386	0.00417	0.00129	0.00514	0.00374	0.00203	0.00618
17	0.00562	0.00432	0.00529	0.00553	0.00636	0.00422	0.00397	0.00712	0.04538	0.01118	0.06911	0.28832	0.26923	0.08090	0.17077	0.00277	0.00423	0.00851	0.00353	0.00363
18	0.01191	0.00541	0.00728	0.00658	0.00831	0.00481	0.00497	0.01310	0.01009	0.41051	0.05473	0.37486	0.01936	0.04055	0.00539	0.00158	0.00304	0.00777	0.00452	0.00523
19	0.00602	0.00482	0.00536	0.00549	0.00667	0.00458	0.00403	0.03146	0.09458	0.01239	0.05141	0.27854	0.41748	0.02542	0.00531	0.00156	0.00251	0.03450	0.00394	0.00394
20	0.00798	0.00420	0.00422	0.00417	0.00523	0.00428	0.00314	0.01048	0.05317	0.01578	0.01390	0.01567	0.01089	0.00494	0.00301	0.00100	0.00203	0.00396	0.82787	0.00407
21	0.00688	0.00513	0.00619	0.00650	0.00735	0.00528	0.00460	0.03693	0.17524	0.02647	0.04691	0.57824	0.02365	0.04255	0.00567	0.00170	0.00276	0.00970	0.00398	0.00426
22	0.00577	0.00393	0.00492	0.00536	0.00567	0.00374	0.00347	0.00639	0.00783	0.02455	0.09349	0.46270	0.03821	0.30159	0.01082	0.00248	0.00298	0.00935	0.00352	0.00323
23	0.21374	0.00573	0.00629	0.00628	0.00769	0.00592	0.00473	0.04291	0.04611	0.09452	0.01830	0.41508	0.04898	0.00933	0.00452	0.00154	0.00295	0.05724	0.00375	0.00439
24	0.01598	0.01177	0.01262	0.00967	0.01304	0.01304	0.00799	0.81202	0.01976	0.02649	0.01009	0.01009	0.00715	0.00505	0.00421	0.00126	0.00463	0.00378	0.00421	0.00715
25	0.00610	0.00414	0.00494	0.00494	0.00506	0.00427	0.00298	0.00634	0.00622	0.00841	0.01292	0.02573	0.01451	0.71960	0.15300	0.00451	0.00524	0.00585	0.00250	0.00274
26	0.00869	0.00728	0.00847	0.00620	0.00959	0.00569	0.00489	0.03664	0.00904	0.01389	0.03827	0.01078	0.00807	0.05645	0.00436	0.00089	0.00318	0.00295	0.00263	0.76203
27	0.00654	0.00448	0.00527	0.00535	0.00576	0.00443	0.00343	0.05664	0.00794	0.02181	0.03749	0.28929	0.04889	0.46791	0.01396	0.00294	0.00346	0.00794	0.00322	0.00325
28	0.05942	0.02584	0.01150	0.00964	0.01223	0.41534	0.00755	0.30935	0.03035	0.01715	0.00841	0.00909	0.00647	0.00462	0.00383	0.00116	0.00582	0.00319	0.05336	0.00568
29	0.06183	0.00619	0.00783	0.00647	0.00889	0.00557	0.00517	0.01514	0.02329	0.48332	0.09086	0.05133	0.15734	0.02154	0.02135	0.01475	0.00328	0.00556	0.00456	0.00572
30	0.02053	0.00424	0.00478	0.00483	0.00594	0.00376	0.00354	0.00666	0.00990	0.01290	0.26192	0.16256	0.44593	0.02700	0.00531	0.00149	0.00219	0.00882	0.00406	0.00365
31	0.00555	0.00386	0.00483	0.00541	0.00558	0.00373	0.00344	0.00603	0.00729	0.00973	0.01903	0.49915	0.02249	0.34090	0.02945	0.00274	0.00329	0.02107	0.00334	0.00309
32	0.01003	0.00954	0.01618	0.05488	0.74517	0.00959	0.01230	0.01251	0.00967	0.01382	0.05889	0.01175	0.00868	0.00407	0.00421	0.00126	0.00483	0.00399	0.00223	0.00642
33	0.00809	0.00763	0.01289	0.79114	0.07877	0.00938	0.01175	0.01088	0.00848	0.01093	0.00750	0.01116	0.00567	0.00417	0.00420	0.00139	0.00557	0.00374	0.00188	0.00479
34	0.00510	0.00382	0.00472	0.00543	0.00597	0.00346	0.00370	0.00590	0.00840	0.01084	0.02784	0.63285	0.22636	0.02760	0.00555	0.00168	0.00239	0.01108	0.00388	0.00343
35	0.00872	0.00747	0.00872	0.00623	0.00996	0.00560	0.00498	0.01058	0.00872	0.01370	0.00747	0.00872	0.00623	0.00311	0.00311	0.00062	0.00311	0.00249	0.00249	0.87796
36	0.01091	0.71695	0.06542	0.00754	0.01101	0.05304	0.00749	0.01240	0.00868	0.01015	0.00705	0.05957	0.00679	0.00425	0.00299	0.00098	0.00460	0.00292	0.00195	0.00529
37	0.02693	0.06910	0.05903	0.07014	0.16374	0.19378	0.12964	0.05428	0.06750	0.02264	0.00807	0.00986	0.00646	0.00449	0.00512	0.00131	0.09632	0.00361	0.00234	0.00564
38	0.01075	0.06050	0.02644	0.23922	0.23422	0.19974	0.03249	0.04169	0.00984	0.01198	0.00775	0.01033	0.00637	0.00668	0.08290	0.00176	0.00638	0.00351	0.00212	0.00534
39	0.00637	0.00518	0.01775	0.04584	0.04613	0.00519	0.01648	0.00821	0.02533	0.02246	0.18324	0.10375	0.15424	0.01740	0.31916	0.00344	0.00604	0.00651	0.00322	0.00407
40	0.07751	0.01099	0.03481	0.12158	0.09234	0.15471	0.00817	0.06729	0.27694	0.02449	0.01212	0.01305	0.03910	0.02856	0.00470	0.00140	0.01945	0.00403	0.00307	0.00567
41	0.00587	0.00421	0.00542	0.00603	0.00651	0.00411	0.00417	0.04395	0.01915	0.01158	0.04578	0.66068	0.03875	0.05123	0.03735	0.01736	0.00299	0.02747	0.00378	0.00361
42	0.01020	0.00978	0.01669	0.09329	0.76014	0.00993	0.01280	0.01272	0.00948	0.01349	0.00787	0.01047	0.00657	0.00378	0.00417	0.00126	0.00504	0.00374	0.00206	0.00649
43	0.01166	0.03662	0.00894	0.00774	0.00947	0.39039	0.03577	0.01326	0.01029	0.01292	0.00994	0.01149	0.00796	0.00455	0.00340	0.00104	0.00483	0.00335	0.41191	0.00447
44	0.01959	0.00438	0.00552	0.00557	0.00637	0.00431	0.00401	0.01952	0.02462	0.03089	0.14625	0.21702	0.14717	0.05969	0.12088	0.12792	0.00386	0.00731	0.04158	0.00354
45	0.00602	0.00443	0.00640	0.00639	0.00704	0.00504	0.00482	0.00732	0.00683	0.00975	0.03768	0.01860	0.01215	0.15094	0.68970	0.00619	0.00991	0.00484	0.00237	0.00358
46	0.00660	0.00616	0.00535	0.00517	0.00660	0.10495	0.00388	0.00785	0.01012	0.01225	0.14034	0.03359	0.56569	0.00922	0.00469	0.00134	0.00276	0.00762	0.06203	0.00379
47	0.00539	0.00433	0.00482	0.00476	0.00599	0.00381	0.00355	0.00693	0.02622	0.01313	0.28110	0.08922	0.51571	0.01008	0.00498	0.00141	0.00213	0.00860	0.00413	0.00373
48	0.19114	0.00810	0.00865	0.00713	0.00961	0.00856	0.00571	0.27440	0.02719	0.17711	0.05349	0.06018	0.04031	0.05768	0.00500	0.00147	0.00360	0.00455	0.05046	0.00566
49	0.00655	0.00459	0.00571	0.00541	0.00662	0.00421	0.00414	0.01877	0.02101	0.05265	0.54815	0.04709	0.20027	0.00902	0.00496	0.00138	0.00224	0.04871	0.00444	0.00408
50	0.01601	0.01117	0.01214	0.00933	0.01263	0.01221	0.00770	0.72324	0.01882	0.09500	0.01074	0.01060	0.00752	0.00506	0.00417	0.00126	0.00447	0.00383	0.02703	0.00707
51	0.03477	0.00712	0.00860	0.00740	0.00965	0.00713	0.00596	0.14729	0.09266	0.30152	0.03254	0.07221	0.02389	0.06382	0.00562	0.00160	0.00360	0.12511	0.04376	0.00574
52	0.00593	0.00407	0.00466	0.00472	0.00492	0.00397	0.00282	0.00622	0.00698	0.00927	0.07780	0.09568	0.08222	0.65344	0.01755	0.00346	0.00363	0.00692	0.00292	0.00280
53	0.00601	0.00450	0.00676	0.00676	0.00751	0.00525	0.00525	0.00751	0.00676	0.00976	0.01126	0.01651	0.01051	0.03153	0.83560	0.00676	0.01126	0.00450	0.00225	0.00375
54	0.00520	0.00395	0.00479	0.00524	0.00599	0.00354	0.00368	0.00623	0.00915	0.01188	0.15281	0.45726	0.29183	0.01163	0.00517	0.00155	0.00227	0.01027	0.00401	0.00354
55	0.00638	0.00413	0.00484	0.00489	0.00508	0.00404	0.00293	0.00662	0.00685	0.03549	0.05202	0.14571	0.01805	0.66518	0.01778	0.00352	0.00373	0.00696	0.00292	0.00289
56	0.62255	0.00701	0.00595	0.00543	0.00754	0.00783	0.00431	0.01115	0.00804	0.03473	0.12498	0.04070	0.03743	0.04105	0.00394	0.00143	0.00302	0.00381	0.02474	0.00435
57	0.00527	0.00425	0.00470	0.00463	0.00588	0.00367	0.00345	0.00661	0.01024	0.01302	0.28126	0.06436	0.55770	0.01010	0.00498	0.00140	0.00209	0.00858	0.00413	0.00367
58	0.00565	0.00381	0.00484	0.00560	0.00599	0.00362	0.00385	0.00658	0.00816	0.01135	0.02159	0.61566	0.04107	0.06798	0.00613	0.00178	0.00257	0.06000	0.12032	0.00346
59	0.01320	0.13229	0.15631	0.06285	0.04092	0.41383	0.00965	0.09970	0.01146	0.01263	0.00708	0.00828	0.00563	0.00422	0.00376	0.00115	0.00640	0.00293	0.00224	0.00547
60	0.00605	0.00465	0.00541	0.00588	0.00659	0.02143	0.00411	0.05655	0.00912	0.01178	0.02538	0.59015	0.17665	0.03657	0.00566	0.00168	0.00269	0.02211	0.00385	0.00369
61	0.03755	0.00546	0.00770	0.10114	0.04738	0.00591	0.01467	0.01958	0.02477	0.02474	0.03308	0.08140	0.03307	0.14756	0.26674	0.09117	0.01607	0.00516	0.00257	0.03428
62	0.06367	0.16772	0.04108	0.02397	0.03261	0.02424	0.03749	0.34881	0.11528	0.04262	0.00981	0.01048	0.00748	0.01536	0.01605	0.02568	0.00460	0.00358	0.00331	0.00618
63	0.82783	0.00836	0.00658	0.00579	0.00844	0.00966	0.00477	0.06234	0.00794	0.01934	0.00612	0.00703	0.00471	0.00397	0.00270	0.00130	0.00334	0.00237	0.00270	0.00471
64	0.00595	0.00414	0.00483	0.00502	0.00530	0.00406	0.00312	0.00668	0.03097	0.00985	0.06484	0.22561	0.06653	0.51502	0.01485	0.00307	0.00339	0.00769	0.01603	0.00304
65	0.07419	0.00709	0.01108	0.31712	0.06624	0.00777	0.08937	0.02865	0.01946	0.04292	0.06735	0.06827	0.03986	0.09737	0.01893	0.01405	0.00471	0.01830	0.00267	0.00460
66	0.00980	0.00829	0.00885	0.00793	0.01015	0.00933	0.00617	0.05014	0.63580	0.01741	0.10812	0.01867	0.06623	0.00627	0.00438	0.00140	0.00315	0.00526	0.00427	0.01839
67	0.00512	0.00367	0.00486	0.00581	0.00609	0.00342	0.00388	0.00586	0.00809	0.01075	0.02365	0.82940	0.04761	0.01311	0.00536	0.00170	0.00243	0.01187	0.00390	0.00342
68	0.00559	0.00391	0.00491	0.00543	0.00571	0.00374	0.00356	0.00624	0.00784	0.01052	0.09350	0.45720	0.03673	0.29204	0.01068	0.00247	0.00299	0.04024	0.00352	0.00320
69	0.04265	0.00472	0.00539	0.00605	0.05711	0.00432	0.00399	0.00696	0.01795	0.01173	0.06398	0.17284	0.49240	0.08351	0.00631	0.00168	0.00259	0.00846	0.00365	0.00373
70	0.01581	0.01298	0.01230	0.00976	0.01286	0.15569	0.00791	0.64329	0.01804	0.04064	0.00983	0.02380	0.00726	0.00506	0.00415	0.00124	0.00508	0.00374	0.00387	0.00669
71	0.01449	0.00967	0.01077	0.00874	0.01170	0.01049	0.00706	0.32741	0.32742	0.20421	0.01428	0.01321	0.01009	0.00534	0.00424	0.00133	0.00389	0.00426	0.00446	0.00696
72	0.02559	0.00529	0.00640	0.00675	0.00776	0.00546	0.00515	0.04375	0.13531	0.01340	0.04667	0.36981	0.04076	0.03520	0.00557	0.00172	0.00306	0.20626	0.03189	0.00423
73	0.26086	0.00536	0.00528	0.00501	0.00597	0.00566	0.00338	0.00848	0.00714	0.03610	0.07484	0.03329	0.03041	0.48668	0.01360	0.00289	0.00360	0.00520	0.00285	0.00341
74	0.01058	0.00864	0.00909	0.00810	0.01038	0.00989	0.00632	0.08272	0.66030	0.01806	0.01616	0.01524	0.01214	0.00556	0.00411	0.00136	0.00327	0.00458	0.10713	0.00637
75	0.00602	0.00443	0.00640	0.00640	0.00703	0.00506	0.00481	0.00728	0.00665	0.00949	0.01159	0.01832	0.01129	0.16658	0.70162	0.00631	0.01008	0.00477	0.00230	0.00355
76	0.03904	0.00465	0.00544	0.00548	0.00620	0.00462	0.00374	0.00837	0.07494	0.03335	0.16984	0.24502	0.07085	0.27028	0.01015	0.01724	0.00299	0.00773	0.01642	0.00364
77	0.00550	0.00436	0.00472	0.00485	0.00603	0.00390	0.00355	0.02042	0.03059	0.01207	0.07088	0.21834	0.54199	0.01065	0.00494	0.00146	0.00226	0.00910	0.04071	0.00370
78	0.01169	0.00927	0.00993	0.00861	0.01117	0.01051	0.00679	0.14461	0.63625	0.06324	0.03015	0.01502	0.01229	0.00562	0.00428	0.00139	0.00352	0.00462	0.00432	0.00671
79	0.00849	0.00802	0.01351	0.65946	0.19694	0.00949	0.01187	0.01134	0.01878	0.01146	0.00768	0.01109	0.00592	0.00413	0.00420	0.00137	0.00545	0.00375	0.00194	0.00511
80	0.00618	0.00428	0.00583	0.00583	0.00627	0.00470	0.00413	0.00696	0.00651	0.00921	0.01178	0.02013	0.01200	0.31900	0.47299	0.06007	0.00798	0.00500	0.02793	0.00321
81	0.00576	0.00423	0.00598	0.00632	0.00697	0.00445	0.00475	0.00710	0.00807	0.01118	0.11525	0.28296	0.03783	0.02098	0.39177	0.00402	0.00659	0.06888	0.00322	0.00368
82	0.00994	0.00903	0.01422	0.38095	0.26927	0.03855	0.03840	0.02086	0.00907	0.06297	0.00799	0.01080	0.00625	0.00447	0.00527	0.00138	0.09912	0.00377	0.00218	0.00549
83	0.01450	0.01104	0.01178	0.00937	0.01247	0.01234	0.00763	0.60031	0.23389	0.02411	0.01197	0.01159	0.00867	0.00522	0.00422	0.00131	0.00428	0.00404	0.00422	0.00702
84	0.01103	0.10118	0.02370	0.23502	0.19273	0.06886	0.02226	0.14449	0.02148	0.02666	0.00803	0.00990	0.00630	0.00408	0.00389	0.00118	0.00501	0.00340	0.00247	0.10834
85	0.00803	0.00573	0.00706	0.00682	0.02988	0.00591	0.02149	0.14756	0.00926	0.02666	0.01463	0.20881	0.01588	0.40658	0.06452	0.00303	0.00433	0.00680	0.00315	0.00388
86	0.00677	0.00484	0.00677	0.00774	0.00871	0.00484	0.00677	0.00871	0.00968	0.01258	0.02226	0.04742	0.02419	0.01161	0.00581	0.00194	0.00387	0.79775	0.00387	0.00387
87	0.00872	0.00747	0.00872	0.00623	0.00996	0.00560	0.00498	0.01058	0.00872	0.01370	0.00747	0.00872	0.00623	0.00311	0.00311	0.00062	0.00311	0.00249	0.00249	0.87796
88	0.00700	0.00453	0.00651	0.00633	0.00652	0.00513	0.00456	0.00659	0.00603	0.00841	0.00909	0.03006	0.00922	0.11451	0.22742	0.44006	0.09892	0.00431	0.00206	0.00274
89	0.00561	0.00426	0.00513	0.00514	0.00611	0.00388	0.00374	0.00723	0.02659	0.01386	0.40592	0.18507	0.26446	0.03711	0.00555	0.00151	0.00220	0.00867	0.00421	0.00375
90	0.01508	0.01903	0.01151	0.01048	0.01257	0.78251	0.00786	0.01622	0.01191	0.01071	0.05848	0.00910	0.00759	0.00460	0.00386	0.00110	0.00722	0.00302	0.00232	0.00482
91	0.00597	0.00402	0.00463	0.00477	0.00480	0.00398	0.00274	0.00608	0.00639	0.00852	0.01467	0.14547	0.01708	0.73185	0.01910	0.00374	0.00384	0.00695	0.00274	0.00267
92	0.02452	0.00469	0.00580	0.00561	0.00670	0.00441	0.00410	0.00901	0.04140	0.09611	0.34013	0.20871	0.11461	0.09622	0.00661	0.00171	0.00258	0.01883	0.00417	0.00409
93	0.02511	0.00422	0.00489	0.00487	0.00518	0.00415	0.00300	0.00676	0.00736	0.02442	0.14173	0.09558	0.03126	0.60528	0.01655	0.00330	0.00356	0.00675	0.00305	0.00298
94	0.00544	0.00398	0.00511	0.00545	0.00613	0.00365	0.00385	0.00672	0.00979	0.01330	0.35220	0.42685	0.11990	0.01103	0.00516	0.00152	0.00222	0.00984	0.00420	0.00365
95	0.00674	0.00483	0.00672	0.00767	0.00865	0.00481	0.00670	0.00865	0.00968	0.01255	0.02269	0.04727	0.04118	0.01159	0.00579	0.00192	0.00383	0.78099	0.00387	0.00386
96	0.53504	0.00758	0.00679	0.00610	0.00835	0.00845	0.00485	0.08498	0.05632	0.04415	0.03724	0.11094	0.05087	0.01773	0.00369	0.00140	0.00321	0.00433	0.00321	0.00476
97	0.00909	0.00912	0.01168	0.01020	0.01039	0.06298	0.00831	0.01001	0.00699	0.01022	0.02733	0.05332	0.00809	0.05019	0.03054	0.00199	0.66877	0.00427	0.00208	0.00442
98	0.00526	0.00376	0.00504	0.00602	0.00632	0.00354	0.00415	0.00610	0.00819	0.01089	0.02309	0.78059	0.02749	0.01304	0.00540	0.00173	0.00256	0.07947	0.00390	0.00345
99	0.01598	0.00681	0.00880	0.00707	0.00979	0.00623	0.00575	0.05975	0.04200	0.58856	0.01628	0.05390	0.01147	0.00567	0.00413	0.00129	0.00335	0.02055	0.12619	0.00644
100	0.00596	0.00441	0.00565	0.00583	0.00675	0.00434	0.00441	0.02092	0.00885	0.02068	0.11065	0.19417	0.23556	0.03686	0.22105	0.01792	0.00484	0.08397	0.00350	0.00370
101	0.01497	0.01702	0.01202	0.01052	0.01275	0.56857	0.00812	0.17178	0.04932	0.01377	0.00760	0.00857	0.00610	0.00479	0.00473	0.00120	0.07709	0.00309	0.00263	0.00537
102	0.00960	0.00987	0.01282	0.01102	0.01116	0.06428	0.00913	0.01053	0.00678	0.01013	0.00558	0.00910	0.00551	0.00717	0.01317	0.00179	0.79226	0.00362	0.00186	0.00462
103	0.00571	0.00429	0.00498	0.00517	0.00600	0.00397	0.00365	0.02739	0.00909	0.01171	0.12335	0.25053	0.31240	0.16490	0.00810	0.00199	0.00270	0.04683	0.00375	0.00349
104	0.05877	0.02148	0.01189	0.08305	0.07992	0.06578	0.03843	0.09291	0.00890	0.01272	0.00807	0.02542	0.00719	0.01114	0.18217	0.00261	0.27844	0.00390	0.00230	0.00491
105	0.01393	0.00837	0.05027	0.03912	0.01118	0.05838	0.01563	0.06580	0.04699	0.41952	0.05069	0.13499	0.03480	0.00662	0.00445	0.00137	0.00387	0.02372	0.00430	0.00599
106	0.00950	0.01076	0.03667	0.01624	0.02007	0.01011	0.68825	0.01299	0.02558	0.01312	0.00889	0.01187	0.00689	0.00645	0.08813	0.00196	0.01998	0.00486	0.00217	0.00549
107	0.02345	0.00416	0.00468	0.00474	0.00484	0.00416	0.00276	0.00628	0.00637	0.00864	0.01426	0.06899	0.02837	0.76099	0.01961	0.00381	0.00394	0.02462	0.00267	0.00268
108	0.00738	0.02644	0.00631	0.00575	0.00635	0.03637	0.00387	0.04974	0.02946	0.02229	0.02235	0.07403	0.01418	0.50519	0.14132	0.03195	0.00517	0.00576	0.00273	0.00336
109	0.03073	0.02703	0.01107	0.03492	0.03981	0.18384	0.07022	0.07685	0.04913	0.13529	0.13507	0.01550	0.06515	0.00544	0.00428	0.00121	0.01394	0.00447	0.00338	0.09268

[dist]
# distance from previous block
# <min> <max>
2	10

[block]
# block no. 2 follows, 63 sequences, length 29
# corresponding to MSA columns:
# 187-215
name=unknown_C
#
# <colnr> <probs for GDERKNQSTAVLIFYWHMCP>
#	G	D	E	R	K	N	Q	S	T	A	V	L	I	F	Y	W	H	M	C	P
0	0.03603	0.00910	0.06985	0.01413	0.29351	0.00837	0.04317	0.05985	0.11744	0.04817	0.18328	0.01752	0.07017	0.00564	0.00438	0.00132	0.00399	0.00502	0.00328	0.00579
1	0.00527	0.00421	0.00463	0.00464	0.00577	0.00366	0.00338	0.00644	0.00974	0.01230	0.20935	0.10512	0.53494	0.06445	0.00605	0.00159	0.00225	0.00867	0.00397	0.00356
2	0.01124	0.85479	0.02203	0.00719	0.01079	0.01663	0.00719	0.01259	0.00854	0.00989	0.00584	0.00674	0.00539	0.00360	0.00270	0.00090	0.00450	0.00225	0.00180	0.00539
3	0.00537	0.00456	0.00461	0.00455	0.00597	0.00401	0.00339	0.00708	0.06137	0.01162	0.03970	0.03831	0.73765	0.04630	0.00563	0.00153	0.00229	0.00849	0.00387	0.00371
4	0.01060	0.00904	0.00955	0.00855	0.01092	0.01042	0.00666	0.05910	0.76317	0.01785	0.01691	0.03366	0.01289	0.00584	0.00430	0.00142	0.00337	0.00486	0.00427	0.00661
5	0.70616	0.00847	0.00724	0.00618	0.00892	0.00956	0.00509	0.10543	0.00904	0.09087	0.00729	0.00786	0.00537	0.00415	0.00293	0.00130	0.00344	0.00262	0.00302	0.00508
6	0.01755	0.00764	0.00982	0.00759	0.01074	0.00700	0.00625	0.13418	0.01299	0.66025	0.01731	0.01538	0.06220	0.00553	0.00427	0.00130	0.00364	0.00446	0.00498	0.00692
7	0.00975	0.01100	0.02352	0.01698	0.02085	0.01059	0.73828	0.01305	0.00965	0.01318	0.00869	0.03304	0.00688	0.00404	0.00554	0.00145	0.06074	0.00506	0.00215	0.00554
8	0.00677	0.00484	0.00677	0.00774	0.00871	0.00484	0.00677	0.00871	0.00968	0.01258	0.02226	0.04742	0.02419	0.01161	0.00581	0.00194	0.00387	0.79775	0.00387	0.00387
9	0.00576	0.00429	0.00535	0.00508	0.00616	0.00388	0.00381	0.00756	0.01144	0.01577	0.66894	0.03320	0.19523	0.00900	0.00496	0.00134	0.00201	0.00785	0.00448	0.00388
10	0.00529	0.00378	0.00507	0.00605	0.00636	0.00356	0.00420	0.00615	0.00821	0.01092	0.02308	0.76756	0.02743	0.01301	0.00541	0.00173	0.00259	0.09224	0.00390	0.00346
11	0.00771	0.00462	0.00598	0.00544	0.00671	0.00424	0.00415	0.00964	0.01164	0.11689	0.65309	0.02791	0.03352	0.00785	0.00469	0.00129	0.00218	0.00686	0.08124	0.00436
12	0.00654	0.00474	0.00646	0.00733	0.00833	0.00467	0.00633	0.00835	0.00962	0.01240	0.02433	0.07065	0.10496	0.01156	0.00571	0.00188	0.00365	0.69477	0.00388	0.00382
13	0.01040	0.00999	0.01706	0.02580	0.82604	0.00999	0.01290	0.01290	0.00957	0.01373	0.00791	0.01040	0.00666	0.00375	0.00416	0.00125	0.00499	0.00375	0.00208	0.00666
14	0.00512	0.00366	0.00488	0.00585	0.00610	0.00341	0.00390	0.00585	0.00805	0.01073	0.02317	0.84952	0.02780	0.01317	0.00537	0.00171	0.00244	0.01195	0.00390	0.00341
15	0.01301	0.01025	0.01089	0.00899	0.01182	0.01154	0.00722	0.40703	0.40848	0.02177	0.01433	0.01358	0.03060	0.00551	0.00426	0.00135	0.00393	0.00438	0.00423	0.00682
16	0.07870	0.00938	0.01083	0.00836	0.01162	0.00960	0.00691	0.38865	0.01529	0.39770	0.01280	0.01181	0.00847	0.00504	0.00410	0.00128	0.00404	0.00388	0.00455	0.00697
17	0.00611	0.00410	0.00470	0.00470	0.00474	0.00414	0.00269	0.00619	0.00615	0.00823	0.01314	0.02694	0.01504	0.80978	0.06354	0.00421	0.00445	0.00603	0.00253	0.00261
18	0.41343	0.00760	0.00812	0.00659	0.00954	0.00767	0.00544	0.01677	0.00980	0.45862	0.01168	0.01089	0.00773	0.00461	0.00348	0.00130	0.00343	0.00334	0.00401	0.00596
19	0.00732	0.00366	0.00543	0.00543	0.00546	0.00366	0.00363	0.00561	0.00558	0.00757	0.00751	0.01287	0.00741	0.01429	0.01600	0.84969	0.00360	0.00366	0.02973	0.00189
20	0.01589	0.01447	0.01239	0.01005	0.01302	0.28184	0.00803	0.55208	0.01720	0.02120	0.00892	0.00927	0.00658	0.00481	0.00407	0.00120	0.00559	0.00343	0.00354	0.00641
21	0.00584	0.00440	0.00601	0.00589	0.00682	0.00457	0.00452	0.00744	0.00894	0.01244	0.29656	0.02507	0.13655	0.02063	0.43015	0.00412	0.00675	0.00620	0.00331	0.00380
22	0.02246	0.00692	0.00997	0.04381	0.01011	0.00876	0.03580	0.02940	0.00703	0.01039	0.00861	0.01381	0.00832	0.10172	0.28751	0.04108	0.34383	0.00423	0.00213	0.00409
23	0.01124	0.85479	0.02203	0.00719	0.01079	0.01663	0.00719	0.01259	0.00854	0.00989	0.00584	0.00674	0.00539	0.00360	0.00270	0.00090	0.00450	0.00225	0.00180	0.00539
24	0.78894	0.00813	0.00663	0.00579	0.00846	0.00924	0.00477	0.03167	0.00786	0.08741	0.00686	0.00754	0.00511	0.00404	0.00278	0.00130	0.00331	0.00248	0.00286	0.00483
25	0.01015	0.00892	0.01286	0.13695	0.25736	0.02003	0.05226	0.08421	0.21188	0.02733	0.02472	0.04923	0.01060	0.00557	0.00461	0.01628	0.00452	0.05358	0.00305	0.00591
26	0.00933	0.04160	0.02338	0.04401	0.04975	0.03822	0.22786	0.07890	0.00992	0.04546	0.03047	0.14122	0.03772	0.02174	0.10147	0.00207	0.03793	0.02505	0.02891	0.00497
27	0.01031	0.02065	0.00928	0.02958	0.03257	0.02468	0.02008	0.05363	0.09092	0.14308	0.03286	0.12429	0.01168	0.00796	0.07973	0.00163	0.00421	0.00475	0.00336	0.29474
28	0.03683	0.10679	0.06901	0.06608	0.26936	0.04316	0.03599	0.11482	0.02885	0.04677	0.03591	0.04842	0.00855	0.00491	0.00474	0.00130	0.06596	0.00403	0.00263	0.00589

[dist]
# distance from previous block
# <min> <max>
0	8

[block]
# block no. 3 follows, 63 sequences, length 56
# corresponding to MSA columns:
# 238-293
name=unknown_D
#
# <colnr> <probs for GDERKNQSTAVLIFYWHMCP>
#	G	D	E	R	K	N	Q	S	T	A	V	L	I	F	Y	W	H	M	C	P
0	0.01095	0.12062	0.20369	0.01188	0.08588	0.04673	0.11068	0.11072	0.06503	0.06318	0.00969	0.04858	0.00784	0.00560	0.03106	0.00146	0.03574	0.00399	0.00267	0.02402
1	0.00526	0.00378	0.00498	0.00583	0.00616	0.00350	0.00389	0.00600	0.00801	0.01074	0.02241	0.80002	0.02679	0.03830	0.00579	0.00175	0.00251	0.01150	0.00382	0.02897
2	0.01369	0.01211	0.01121	0.00939	0.01213	0.16035	0.00745	0.35849	0.31861	0.02006	0.02522	0.01209	0.00950	0.00522	0.00417	0.00129	0.00463	0.00402	0.00387	0.00650
3	0.01067	0.11561	0.25016	0.01033	0.05965	0.02120	0.03713	0.13148	0.09578	0.04934	0.06162	0.01132	0.00904	0.00449	0.00390	0.00118	0.00468	0.00363	0.00285	0.11597
4	0.00634	0.00464	0.00637	0.00625	0.00690	0.00519	0.00465	0.00744	0.00695	0.02644	0.01430	0.02073	0.08232	0.21455	0.52518	0.00535	0.04508	0.00521	0.00251	0.00357
5	0.03696	0.01135	0.02029	0.01541	0.04295	0.08226	0.56436	0.01448	0.08580	0.03795	0.00980	0.04103	0.00773	0.00422	0.00469	0.00139	0.00633	0.00485	0.00250	0.00565
6	0.00975	0.00927	0.01614	0.18632	0.54840	0.00955	0.07973	0.01230	0.00935	0.02531	0.00894	0.04086	0.01664	0.00426	0.00429	0.00131	0.00515	0.00420	0.00218	0.00604
7	0.01369	0.15047	0.03727	0.00882	0.01186	0.02450	0.01903	0.37917	0.07798	0.12038	0.01137	0.06661	0.00903	0.00596	0.02144	0.00138	0.02682	0.00420	0.00368	0.00635
8	0.00842	0.00807	0.01378	0.65636	0.13772	0.00964	0.04770	0.01113	0.00855	0.01125	0.00749	0.01102	0.00578	0.00425	0.00465	0.00140	0.04211	0.00379	0.00191	0.00499
9	0.01645	0.00723	0.00939	0.00738	0.01030	0.00660	0.00605	0.10824	0.01276	0.60825	0.09901	0.01720	0.04578	0.00586	0.00436	0.00131	0.00348	0.01876	0.00496	0.00663
10	0.00529	0.00423	0.00474	0.00470	0.00590	0.00367	0.00349	0.00662	0.01021	0.01306	0.28926	0.09661	0.51704	0.01018	0.00499	0.00141	0.00211	0.00869	0.00413	0.00367
11	0.00900	0.02166	0.02940	0.10564	0.33932	0.01700	0.01926	0.04475	0.05032	0.01337	0.04279	0.13291	0.01140	0.00758	0.06627	0.00172	0.01612	0.00507	0.00265	0.06377
12	0.03034	0.02476	0.12486	0.06736	0.35157	0.02895	0.11856	0.06659	0.05463	0.01426	0.00906	0.01102	0.02400	0.00433	0.00474	0.00133	0.05130	0.00391	0.00233	0.00609
13	0.00890	0.00876	0.01233	0.01064	0.01078	0.01199	0.02190	0.01005	0.02141	0.01031	0.00698	0.05616	0.00713	0.01846	0.03149	0.00195	0.73997	0.00422	0.00202	0.00454
14	0.00872	0.00747	0.00872	0.00623	0.00996	0.00560	0.00498	0.01058	0.00872	0.01370	0.00747	0.00872	0.00623	0.00311	0.00311	0.00062	0.00311	0.00249	0.00249	0.87796
15	0.04876	0.03840	0.01223	0.02297	0.05183	0.20556	0.00780	0.42230	0.01509	0.01949	0.00849	0.00914	0.00643	0.00448	0.00387	0.00114	0.00512	0.00327	0.00325	0.11040
16	0.00528	0.00392	0.00472	0.00521	0.00578	0.00358	0.00352	0.00607	0.00841	0.01090	0.07676	0.46420	0.23798	0.13445	0.00757	0.00195	0.00257	0.01001	0.00375	0.00336
17	0.00534	0.00391	0.00498	0.00572	0.00619	0.00363	0.00390	0.02113	0.00859	0.01133	0.05583	0.70890	0.11990	0.01255	0.00528	0.00165	0.00243	0.01127	0.00394	0.00352
18	0.01133	0.09909	0.10953	0.03471	0.12506	0.05769	0.05540	0.20544	0.01165	0.01590	0.00805	0.00944	0.00634	0.00467	0.02261	0.00123	0.02321	0.00328	0.00262	0.19276
19	0.00607	0.00424	0.00544	0.00544	0.00574	0.00454	0.00362	0.00666	0.00637	0.00879	0.01246	0.02316	0.01340	0.52765	0.34343	0.00514	0.00692	0.00548	0.00243	0.00302
20	0.00565	0.00407	0.00530	0.00603	0.00663	0.00384	0.00447	0.00666	0.00863	0.01125	0.04714	0.45253	0.13662	0.04451	0.00638	0.02978	0.00285	0.21037	0.00380	0.00348
21	0.36361	0.00798	0.00851	0.00691	0.00986	0.00820	0.00568	0.07354	0.05518	0.40295	0.01186	0.01109	0.00797	0.00470	0.00358	0.00130	0.00351	0.00344	0.00404	0.00608
22	0.00602	0.00444	0.00645	0.00645	0.00710	0.00509	0.00487	0.00731	0.00667	0.00953	0.01154	0.01806	0.01118	0.14709	0.72096	0.00638	0.01025	0.00473	0.00229	0.00358
23	0.01087	0.00618	0.00767	0.00659	0.00855	0.00602	0.00517	0.05142	0.13739	0.25014	0.39184	0.03413	0.02450	0.00695	0.00455	0.00132	0.00278	0.00596	0.03252	0.00544
24	0.00609	0.00409	0.00469	0.00471	0.00475	0.00412	0.00270	0.00618	0.00618	0.00827	0.01332	0.04084	0.01526	0.79858	0.06034	0.00416	0.00439	0.00613	0.00256	0.00262
25	0.00611	0.00410	0.00469	0.00469	0.00473	0.00413	0.00268	0.00618	0.00614	0.00823	0.01315	0.02698	0.01505	0.81270	0.06064	0.00420	0.00442	0.00604	0.00253	0.00261
26	0.00603	0.00442	0.00633	0.00633	0.00694	0.00502	0.00473	0.00724	0.00663	0.00945	0.01165	0.01866	0.01144	0.19148	0.67693	0.00623	0.00986	0.00482	0.00231	0.00352
27	0.03136	0.00756	0.00910	0.00669	0.01025	0.00613	0.00542	0.04410	0.01003	0.24172	0.01008	0.01029	0.00739	0.00379	0.00345	0.00085	0.00330	0.00302	0.00332	0.58213
28	0.01467	0.01112	0.01188	0.00941	0.01254	0.01243	0.00767	0.62503	0.20889	0.02438	0.01175	0.01142	0.00849	0.00520	0.00422	0.00130	0.00432	0.00401	0.00422	0.00703
29	0.00513	0.00373	0.00484	0.00569	0.00606	0.00344	0.00384	0.00593	0.00830	0.01097	0.04864	0.75124	0.10108	0.01280	0.00532	0.00167	0.00240	0.01154	0.00392	0.00344
30	0.00528	0.00376	0.00492	0.00571	0.00602	0.00353	0.00383	0.00606	0.00820	0.01096	0.07516	0.70301	0.04252	0.08008	0.00662	0.00187	0.00256	0.02269	0.00384	0.00339
31	0.01021	0.00877	0.00929	0.00837	0.01067	0.01010	0.00651	0.02154	0.77389	0.01754	0.06167	0.01655	0.01431	0.00586	0.00432	0.00142	0.00325	0.00491	0.00430	0.00651
32	0.88196	0.00813	0.00618	0.00553	0.00813	0.00943	0.00455	0.01236	0.00715	0.01886	0.00585	0.00683	0.00455	0.00390	0.00260	0.00130	0.00325	0.00228	0.00260	0.00455
33	0.00872	0.00747	0.00872	0.00623	0.00996	0.00560	0.00498	0.01058	0.00872	0.01370	0.00747	0.00872	0.00623	0.00311	0.00311	0.00062	0.00311	0.00249	0.00249	0.87796
34	0.01682	0.01043	0.01178	0.00903	0.01236	0.01104	0.00746	0.58145	0.01751	0.26025	0.01198	0.01132	0.00810	0.00509	0.00421	0.00127	0.00432	0.00391	0.00450	0.00715
35	0.00607	0.00410	0.00468	0.00468	0.00476	0.00412	0.00270	0.00618	0.00625	0.00832	0.01403	0.02737	0.03931	0.78746	0.06015	0.00413	0.00436	0.00612	0.00257	0.00264
36	0.01103	0.78621	0.06349	0.00756	0.01118	0.01617	0.00768	0.01255	0.00850	0.01007	0.00592	0.00693	0.00539	0.00373	0.00310	0.00095	0.02999	0.00234	0.00180	0.00541
37	0.00603	0.00440	0.00621	0.00621	0.00677	0.00496	0.00457	0.00716	0.00659	0.00935	0.01176	0.01928	0.01171	0.23769	0.63108	0.00608	0.00946	0.00491	0.00233	0.00345
38	0.01500	0.00743	0.00907	0.02247	0.01031	0.03159	0.00597	0.10587	0.02439	0.49733	0.09714	0.01889	0.11324	0.00623	0.00439	0.00132	0.00352	0.01489	0.00469	0.00624
39	0.01086	0.74364	0.12990	0.00783	0.01178	0.01572	0.00831	0.01268	0.00859	0.01035	0.00607	0.00703	0.00539	0.00365	0.00287	0.00096	0.00472	0.00236	0.00180	0.00550
40	0.00606	0.00429	0.00568	0.00568	0.00605	0.00467	0.00391	0.00681	0.00644	0.00896	0.01225	0.02199	0.01288	0.43995	0.43043	0.00542	0.00768	0.00530	0.00240	0.00315
41	0.01005	0.38404	0.28223	0.05616	0.01544	0.01272	0.10612	0.01288	0.00887	0.03327	0.00768	0.00903	0.01906	0.00399	0.00378	0.00117	0.02277	0.00312	0.00196	0.00565
42	0.01196	0.03614	0.01400	0.21927	0.21499	0.09365	0.02656	0.26146	0.01252	0.01629	0.00834	0.01047	0.00654	0.02247	0.00474	0.00134	0.02697	0.00368	0.00269	0.00594
43	0.00683	0.00382	0.00512	0.00512	0.00512	0.00382	0.00321	0.00573	0.00573	0.00764	0.00968	0.01867	0.01050	0.34984	0.01842	0.52807	0.00382	0.00464	0.00211	0.00211
44	0.00505	0.00393	0.00460	0.00514	0.00591	0.00347	0.00358	0.00593	0.00874	0.01101	0.03188	0.48673	0.38497	0.01204	0.00519	0.00158	0.00230	0.01057	0.00390	0.00347
45	0.01160	0.15437	0.01317	0.03219	0.03634	0.31442	0.00796	0.01341	0.05939	0.01079	0.00854	0.09256	0.00817	0.00590	0.00628	0.00134	0.21238	0.00398	0.00232	0.00491
46	0.13543	0.00813	0.00791	0.00683	0.00888	0.04532	0.00535	0.23797	0.11172	0.03002	0.01214	0.05331	0.00994	0.05208	0.00461	0.00138	0.00348	0.00421	0.25604	0.00525
47	0.01074	0.08323	0.31633	0.02393	0.05773	0.06193	0.01060	0.13893	0.19823	0.01580	0.01103	0.01146	0.03220	0.00473	0.00402	0.00129	0.00505	0.00372	0.00284	0.00623
48	0.00572	0.00422	0.00547	0.00614	0.00691	0.00397	0.00474	0.00703	0.00923	0.01202	0.09976	0.35862	0.17338	0.01177	0.00540	0.00170	0.00282	0.27351	0.00396	0.00364
49	0.00611	0.00409	0.00466	0.00466	0.00469	0.00412	0.00265	0.00616	0.00614	0.00821	0.01317	0.02711	0.01511	0.82228	0.05114	0.00417	0.00434	0.00605	0.00254	0.00259
50	0.01088	0.38026	0.02752	0.16851	0.07501	0.05587	0.02582	0.08816	0.03584	0.01249	0.02806	0.00941	0.00684	0.00432	0.00412	0.00116	0.05484	0.00318	0.00224	0.00546
51	0.01060	0.74021	0.04615	0.00715	0.01056	0.01510	0.00713	0.01213	0.00890	0.01072	0.09051	0.00936	0.00894	0.00413	0.00297	0.00096	0.00429	0.00283	0.00209	0.00527
52	0.00590	0.00520	0.05103	0.00608	0.00710	0.00437	0.00472	0.00790	0.04863	0.01352	0.32611	0.40161	0.05526	0.01104	0.02997	0.00167	0.00277	0.00914	0.00403	0.00395
53	0.00894	0.00755	0.00872	0.00632	0.00993	0.00592	0.00506	0.05464	0.00937	0.01429	0.00931	0.01032	0.04571	0.00358	0.00326	0.00070	0.00315	0.00287	0.00265	0.78771
54	0.01004	0.22982	0.38922	0.01014	0.03160	0.05090	0.02080	0.02333	0.07822	0.03890	0.02346	0.02831	0.00737	0.00435	0.00372	0.00120	0.00520	0.00335	0.00229	0.03777
55	0.01376	0.18945	0.07287	0.00906	0.01247	0.02913	0.03204	0.34809	0.08766	0.11968	0.01061	0.02476	0.00799	0.01871	0.00420	0.00126	0.00455	0.00374	0.00352	0.00644

[dist]
# distance from previous block
# <min> <max>
1	14

[block]
# block no. 4 follows, 63 sequences, length 39
# corresponding to MSA columns:
# 308-346
name=unknown_E
#
# <colnr> <probs for GDERKNQSTAVLIFYWHMCP>
#	G	D	E	R	K	N	Q	S	T	A	V	L	I	F	Y	W	H	M	C	P
0	0.00917	0.00867	0.01459	0.28957	0.44221	0.00932	0.03621	0.01205	0.04107	0.01264	0.00916	0.06335	0.00794	0.00508	0.02007	0.00144	0.00515	0.00435	0.00222	0.00572
1	0.00887	0.00767	0.01258	0.70799	0.07506	0.00923	0.01121	0.01194	0.04077	0.06222	0.00845	0.01153	0.00625	0.00430	0.00420	0.00139	0.00535	0.00381	0.00218	0.00502
2	0.01000	0.00982	0.01567	0.23417	0.09439	0.08978	0.25907	0.03052	0.02510	0.04843	0.00989	0.02832	0.00826	0.00642	0.05638	0.00173	0.00623	0.05812	0.00244	0.00525
3	0.00609	0.00504	0.00496	0.00479	0.00630	0.03269	0.00362	0.00751	0.03053	0.04419	0.08838	0.03709	0.69410	0.00996	0.00488	0.00140	0.00240	0.00829	0.00395	0.00384
4	0.00872	0.00747	0.00872	0.00623	0.00996	0.00560	0.00498	0.01058	0.00872	0.01370	0.00747	0.00872	0.00623	0.00311	0.00311	0.00062	0.00311	0.00249	0.00249	0.87796
5	0.00953	0.00912	0.01536	0.28953	0.51681	0.00996	0.01227	0.01203	0.00900	0.01254	0.00762	0.01059	0.00625	0.00412	0.00478	0.00133	0.05755	0.00374	0.00200	0.00589
6	0.01479	0.01342	0.01121	0.00928	0.01193	0.28095	0.00735	0.44360	0.01572	0.01973	0.00940	0.01002	0.00707	0.00479	0.00390	0.00117	0.00523	0.00345	0.12102	0.00597
7	0.72119	0.05883	0.00737	0.00579	0.00834	0.00945	0.00480	0.02971	0.00761	0.05056	0.00647	0.00757	0.00507	0.00463	0.00357	0.05593	0.00339	0.00247	0.00265	0.00460
8	0.08976	0.00761	0.01151	0.28937	0.24884	0.00843	0.00938	0.02108	0.03263	0.01304	0.04262	0.07183	0.03312	0.00574	0.00484	0.03402	0.02209	0.02434	0.02474	0.00502
9	0.00658	0.00556	0.01940	0.00758	0.00900	0.00499	0.12411	0.00826	0.00953	0.02243	0.24617	0.33120	0.04598	0.03895	0.01902	0.00165	0.00335	0.03965	0.00368	0.05290
10	0.01592	0.00725	0.00934	0.00737	0.01020	0.00673	0.00601	0.11929	0.02880	0.55885	0.16655	0.01699	0.01550	0.00583	0.00436	0.00130	0.00341	0.00481	0.00495	0.00655
11	0.02334	0.00454	0.00553	0.00580	0.00644	0.00444	0.00394	0.02791	0.04736	0.05775	0.04786	0.47879	0.04700	0.20866	0.00890	0.00219	0.00298	0.00916	0.00368	0.00372
12	0.04371	0.00610	0.00913	0.10010	0.15443	0.00641	0.01920	0.04124	0.00810	0.04148	0.04897	0.05522	0.01049	0.07246	0.10041	0.26662	0.00490	0.00454	0.00247	0.00402
13	0.00971	0.00928	0.01581	0.25539	0.60187	0.00981	0.01256	0.01229	0.00924	0.01289	0.00778	0.01063	0.00636	0.00387	0.00417	0.00129	0.00517	0.00374	0.00202	0.00610
14	0.00749	0.00505	0.00626	0.00591	0.00714	0.00486	0.00442	0.04039	0.07076	0.07961	0.44343	0.16995	0.08416	0.03534	0.00542	0.00149	0.00249	0.01708	0.00438	0.00437
15	0.00703	0.00459	0.00553	0.00558	0.00662	0.00428	0.00404	0.03006	0.02643	0.08418	0.10580	0.32889	0.21987	0.08110	0.00634	0.00172	0.00266	0.03281	0.03852	0.00396
16	0.00976	0.01075	0.04029	0.01698	0.08340	0.00995	0.63435	0.01297	0.00975	0.03059	0.00974	0.05701	0.00810	0.00441	0.00504	0.00144	0.01958	0.02795	0.00232	0.00560
17	0.82884	0.00807	0.00640	0.00565	0.00829	0.00923	0.00465	0.01286	0.00745	0.06872	0.00651	0.00729	0.00491	0.00398	0.00270	0.00130	0.00327	0.00240	0.00276	0.00471
18	0.00628	0.00423	0.00504	0.00516	0.00603	0.00382	0.00361	0.00724	0.00900	0.06398	0.13691	0.29023	0.26838	0.14669	0.00766	0.00191	0.00261	0.00884	0.01875	0.00364
19	0.11996	0.00524	0.00588	0.00547	0.00655	0.00523	0.00384	0.02698	0.00828	0.13374	0.07469	0.07020	0.03382	0.40756	0.01231	0.00266	0.00353	0.03662	0.03356	0.00387
20	0.00721	0.00368	0.00541	0.00541	0.00541	0.00368	0.00356	0.00553	0.00553	0.00737	0.00777	0.01394	0.00793	0.08071	0.01682	0.80875	0.00368	0.00385	0.00188	0.00188
21	0.00963	0.00513	0.00643	0.00600	0.00771	0.00451	0.00469	0.01093	0.01013	0.27123	0.04494	0.18797	0.30715	0.00947	0.00490	0.00149	0.00284	0.09581	0.00433	0.00471
22	0.11338	0.00562	0.00658	0.00599	0.00746	0.00556	0.00446	0.04232	0.03718	0.16903	0.22638	0.15119	0.03418	0.15104	0.01959	0.00192	0.00315	0.00648	0.00395	0.00452
23	0.00545	0.00384	0.00500	0.00576	0.00620	0.00356	0.00396	0.00628	0.00839	0.02247	0.06023	0.67788	0.09179	0.03024	0.00579	0.01227	0.00251	0.04102	0.00390	0.00348
24	0.01066	0.00751	0.00862	0.02501	0.00939	0.03755	0.00580	0.25718	0.03274	0.06578	0.01213	0.14041	0.01151	0.09453	0.05474	0.17558	0.03769	0.00528	0.00326	0.00463
25	0.12740	0.00619	0.00769	0.00682	0.00841	0.00629	0.06979	0.04036	0.08648	0.05356	0.10481	0.09276	0.12950	0.18479	0.00804	0.00199	0.00349	0.05384	0.00348	0.00431
26	0.02799	0.00700	0.03158	0.01069	0.14812	0.01737	0.08777	0.01039	0.02812	0.07468	0.14515	0.11927	0.11607	0.01948	0.09905	0.02066	0.00460	0.02394	0.00328	0.00478
27	0.10126	0.00746	0.00838	0.00721	0.00937	0.00770	0.00567	0.27250	0.01279	0.15788	0.05507	0.23111	0.08139	0.00775	0.00446	0.00141	0.00340	0.01560	0.00413	0.00544
28	0.09026	0.05383	0.01121	0.01013	0.13270	0.02746	0.02992	0.09493	0.06511	0.01531	0.00939	0.04866	0.00813	0.00443	0.00364	0.00104	0.00386	0.02692	0.00279	0.36029
29	0.03154	0.09334	0.05523	0.05523	0.28548	0.16070	0.02064	0.04614	0.11513	0.02888	0.00943	0.01065	0.02187	0.00430	0.00391	0.00120	0.00510	0.00354	0.00253	0.04517
30	0.00620	0.00467	0.00671	0.00707	0.04165	0.00515	0.00500	0.00745	0.00729	0.01030	0.07473	0.06185	0.03653	0.14601	0.52795	0.01765	0.02209	0.00542	0.00259	0.00368
31	0.00560	0.00423	0.00492	0.00480	0.00576	0.00382	0.00343	0.00686	0.00994	0.01315	0.37402	0.05253	0.32559	0.15780	0.00786	0.00185	0.00242	0.00791	0.00398	0.00355
32	0.01303	0.04118	0.02663	0.00996	0.02747	0.13840	0.05712	0.32135	0.18348	0.01860	0.01050	0.01094	0.00797	0.00568	0.03391	0.00141	0.00510	0.00374	0.00340	0.08013
33	0.00778	0.00696	0.05909	0.01792	0.05702	0.01912	0.02905	0.01063	0.09565	0.05320	0.20338	0.20631	0.06577	0.04154	0.00536	0.00150	0.00329	0.04299	0.00367	0.06976
34	0.04547	0.28216	0.26478	0.03120	0.09593	0.03085	0.01041	0.13815	0.02315	0.01450	0.00750	0.00859	0.00588	0.00403	0.00357	0.00116	0.00509	0.00299	0.00229	0.02231
35	0.00743	0.04921	0.02278	0.00816	0.05907	0.01788	0.00599	0.04360	0.03602	0.01088	0.01087	0.01629	0.01025	0.13378	0.51468	0.00500	0.03708	0.00446	0.00239	0.00419
