[name]
unknown

[dist]
# distance from previous block
# <min> <max>
0	56

[block]
# block no. 0 follows, 71 sequences, length 6
# corresponding to MSA columns:
# 59-64
name=unknown_A
#
# <colnr> <probs for GDERKNQSTAVLIFYWHMCP>
#	G	D	E	R	K	N	Q	S	T	A	V	L	I	F	Y	W	H	M	C	P
0	0.00481	0.00354	0.00445	0.00496	0.00546	0.00324	0.00340	0.00567	0.00805	0.01065	0.15192	0.55514	0.16344	0.04974	0.00544	0.00156	0.00218	0.00956	0.00361	0.00318
1	0.01031	0.55800	0.16518	0.00759	0.01118	0.01300	0.00788	0.06509	0.07294	0.04665	0.00707	0.00762	0.00573	0.00364	0.00293	0.00096	0.00427	0.00253	0.00209	0.00531
2	0.00492	0.00390	0.00443	0.00430	0.00542	0.00340	0.00322	0.00626	0.00967	0.01256	0.38950	0.03328	0.48775	0.00889	0.00453	0.00126	0.00188	0.00758	0.00385	0.00340
3	0.00832	0.00663	0.00780	0.00578	0.00889	0.00524	0.00460	0.01048	0.05011	0.05781	0.07772	0.01029	0.00875	0.00348	0.00309	0.00069	0.00279	0.00285	0.00265	0.72203
4	0.00502	0.00376	0.00464	0.00512	0.00573	0.00352	0.00362	0.00625	0.03587	0.01065	0.10346	0.48208	0.19739	0.05436	0.00552	0.00158	0.00231	0.06227	0.00357	0.00328
5	0.18710	0.05351	0.06592	0.08150	0.26945	0.06436	0.04146	0.10072	0.00926	0.01402	0.02736	0.05398	0.00717	0.00420	0.00352	0.00117	0.00434	0.00350	0.00231	0.00515

[dist]
# distance from previous block
# <min> <max>
1	4

[block]
# block no. 1 follows, 71 sequences, length 6
# corresponding to MSA columns:
# 69-74
name=unknown_B
#
# <colnr> <probs for GDERKNQSTAVLIFYWHMCP>
#	G	D	E	R	K	N	Q	S	T	A	V	L	I	F	Y	W	H	M	C	P
0	0.00824	0.12101	0.59793	0.01133	0.01639	0.00981	0.15884	0.01209	0.00823	0.01179	0.00685	0.00826	0.00504	0.00353	0.00366	0.00118	0.00562	0.00304	0.00168	0.00549
1	0.00605	0.00565	0.09286	0.00544	0.00696	0.00414	0.00468	0.00778	0.00963	0.06127	0.41772	0.14011	0.20671	0.00820	0.00444	0.00127	0.00238	0.00712	0.00374	0.00385
2	0.00536	0.00387	0.00506	0.00487	0.00571	0.00357	0.00361	0.00706	0.01054	0.01487	0.76562	0.10377	0.03520	0.00821	0.00456	0.00124	0.00185	0.00729	0.00416	0.00357
3	0.04960	0.00970	0.01056	0.00854	0.01113	0.05819	0.05792	0.39771	0.24369	0.01923	0.08395	0.01216	0.01035	0.00489	0.00387	0.00120	0.00392	0.00396	0.00360	0.00583
4	0.00461	0.00382	0.00405	0.00414	0.00527	0.00325	0.00305	0.00561	0.00871	0.01065	0.09409	0.14112	0.67869	0.00987	0.00458	0.00132	0.00197	0.00837	0.00361	0.00325
5	0.01112	0.68567	0.01812	0.00727	0.01027	0.19393	0.00674	0.01230	0.00845	0.00910	0.00546	0.00631	0.00492	0.00342	0.00267	0.00086	0.00470	0.00214	0.00171	0.00482

[dist]
# distance from previous block
# <min> <max>
6	11

[block]
# block no. 2 follows, 71 sequences, length 42
# corresponding to MSA columns:
# 86-127
name=unknown_C
#
# <colnr> <probs for GDERKNQSTAVLIFYWHMCP>
#	G	D	E	R	K	N	Q	S	T	A	V	L	I	F	Y	W	H	M	C	P
0	0.02754	0.01190	0.11787	0.00941	0.01243	0.14703	0.08554	0.26199	0.09520	0.12666	0.02100	0.03112	0.00769	0.00458	0.00401	0.00119	0.02236	0.00366	0.00312	0.00569
1	0.00909	0.43814	0.36500	0.00891	0.01317	0.01207	0.04994	0.01214	0.03955	0.01075	0.00649	0.00748	0.00520	0.00350	0.00311	0.00103	0.00483	0.00259	0.00173	0.00529
2	0.00470	0.00343	0.00436	0.00507	0.00543	0.00316	0.00340	0.00537	0.00744	0.00974	0.02311	0.70205	0.13838	0.05799	0.00564	0.00164	0.00227	0.01022	0.00349	0.00309
3	0.00685	0.00580	0.03880	0.08772	0.11372	0.00549	0.00556	0.00960	0.09644	0.01275	0.09718	0.05219	0.20841	0.00617	0.00380	0.00117	0.00279	0.00526	0.23610	0.00421
4	0.04288	0.02548	0.01074	0.00868	0.01103	0.06442	0.11733	0.17307	0.31005	0.02801	0.09412	0.06408	0.01237	0.00536	0.00400	0.00125	0.00384	0.01450	0.00341	0.00539
5	0.00498	0.00347	0.00436	0.00494	0.00509	0.00332	0.00313	0.00542	0.00673	0.00898	0.01802	0.57470	0.02143	0.30542	0.00992	0.00230	0.00274	0.00907	0.00313	0.00284
6	0.00470	0.00335	0.00444	0.00530	0.00551	0.00314	0.00351	0.00535	0.00728	0.00970	0.02080	0.83240	0.02495	0.04293	0.00542	0.00164	0.00228	0.01071	0.00351	0.00309
7	0.00775	0.01097	0.27489	0.00904	0.01221	0.02407	0.13631	0.03047	0.10497	0.03054	0.23306	0.01706	0.08116	0.00542	0.00412	0.00123	0.00410	0.00482	0.00291	0.00491
8	0.04846	0.11633	0.30439	0.00926	0.01287	0.25455	0.00935	0.08492	0.03860	0.07591	0.00749	0.00814	0.00560	0.00391	0.00344	0.00110	0.00533	0.00279	0.00227	0.00531
9	0.00808	0.01875	0.73263	0.01109	0.01638	0.03945	0.06317	0.01258	0.04023	0.01220	0.00724	0.00843	0.00518	0.00369	0.00370	0.00121	0.00566	0.00298	0.00174	0.00561
10	0.05325	0.02960	0.10711	0.03094	0.14416	0.26356	0.11463	0.15756	0.01075	0.01355	0.00700	0.00838	0.00547	0.00391	0.00398	0.00114	0.03435	0.00312	0.00224	0.00528
11	0.01230	0.00687	0.00782	0.00638	0.00857	0.00704	0.00514	0.28139	0.03830	0.24246	0.01254	0.04303	0.00927	0.00488	0.00350	0.00109	0.00304	0.00390	0.29707	0.00541
12	0.13533	0.27090	0.09987	0.04883	0.01128	0.06389	0.02023	0.09148	0.00906	0.05387	0.00755	0.00834	0.02571	0.00372	0.00305	0.00098	0.00410	0.00268	0.00228	0.13688
13	0.00921	0.00799	0.01302	0.10041	0.48416	0.00798	0.04327	0.03286	0.02100	0.06257	0.08246	0.04147	0.00960	0.00424	0.00388	0.00115	0.00414	0.00400	0.00242	0.06416
14	0.00894	0.07121	0.28309	0.01417	0.21651	0.00953	0.16848	0.05591	0.00886	0.02252	0.00834	0.03071	0.02798	0.00409	0.00434	0.00122	0.05296	0.00366	0.00201	0.00547
15	0.00672	0.00538	0.00784	0.00724	0.00783	0.00658	0.02148	0.00787	0.00635	0.04090	0.00968	0.05530	0.00936	0.07172	0.49113	0.00433	0.23012	0.00433	0.00215	0.00369
16	0.00666	0.00333	0.00500	0.00500	0.00500	0.00333	0.00333	0.00500	0.00500	0.00666	0.00666	0.01166	0.00666	0.01332	0.01499	0.88844	0.00333	0.00333	0.00167	0.00167
17	0.00473	0.00357	0.00434	0.00487	0.00546	0.00323	0.00338	0.00556	0.00792	0.01021	0.06845	0.51993	0.27318	0.04105	0.00529	0.00154	0.00220	0.02838	0.00355	0.00316
18	0.00951	0.00771	0.02829	0.01518	0.00919	0.04221	0.00567	0.19170	0.24146	0.06632	0.03825	0.14876	0.14111	0.00692	0.00417	0.00130	0.00324	0.03027	0.00367	0.00507
19	0.00619	0.00414	0.00478	0.00451	0.00577	0.00363	0.00341	0.00746	0.00943	0.09268	0.26998	0.03099	0.44435	0.04383	0.00503	0.00135	0.00213	0.02183	0.03485	0.00365
20	0.08075	0.00665	0.00860	0.00673	0.00956	0.00603	0.00552	0.03670	0.03103	0.72330	0.01443	0.03350	0.00948	0.00485	0.00377	0.00120	0.00323	0.00390	0.00450	0.00626
21	0.00980	0.00784	0.01096	0.07598	0.09707	0.03968	0.13123	0.15563	0.05088	0.09924	0.05281	0.05551	0.14445	0.00555	0.00407	0.00122	0.00393	0.00492	0.04422	0.00503
22	0.05745	0.00702	0.00841	0.00668	0.00930	0.05157	0.00543	0.04752	0.01091	0.62193	0.09025	0.01373	0.01136	0.00492	0.00378	0.00117	0.00330	0.00396	0.03539	0.00593
23	0.00549	0.00406	0.00591	0.00591	0.00650	0.00465	0.00448	0.00668	0.00609	0.00871	0.01050	0.01635	0.01014	0.13622	0.74335	0.00585	0.00943	0.00430	0.00209	0.00328
24	0.03415	0.00645	0.00770	0.00627	0.00848	0.00636	0.00505	0.17436	0.04063	0.33983	0.15083	0.01500	0.01337	0.00517	0.00371	0.00113	0.00292	0.00421	0.16897	0.00541
25	0.01143	0.01247	0.01384	0.07617	0.13867	0.32366	0.18380	0.08001	0.04434	0.02871	0.00796	0.03899	0.00653	0.00414	0.00395	0.00115	0.01324	0.00361	0.00228	0.00506
26	0.00951	0.02437	0.02968	0.07897	0.17259	0.06970	0.14156	0.08381	0.02299	0.07182	0.02767	0.15699	0.02096	0.00554	0.00457	0.00127	0.05312	0.00496	0.01497	0.00497
27	0.67013	0.00943	0.03054	0.00652	0.02884	0.12751	0.00521	0.02646	0.04162	0.01591	0.00600	0.00684	0.00468	0.00370	0.00269	0.00116	0.00366	0.00230	0.00237	0.00440
28	0.00911	0.00884	0.01401	0.04846	0.45456	0.06528	0.12550	0.02590	0.00897	0.02243	0.00988	0.08368	0.00929	0.00496	0.00413	0.00126	0.00468	0.09151	0.00229	0.00526
29	0.00582	0.00417	0.00505	0.00508	0.00607	0.00387	0.00369	0.00737	0.05575	0.04902	0.15805	0.31254	0.24468	0.02690	0.03998	0.02324	0.00258	0.00792	0.00356	0.03464
30	0.02924	0.25840	0.09002	0.01094	0.16013	0.09744	0.04405	0.08332	0.04969	0.08879	0.02517	0.01715	0.01369	0.00397	0.00340	0.00106	0.00448	0.00315	0.00242	0.01347
31	0.06099	0.15659	0.48236	0.01029	0.02500	0.05847	0.09152	0.01248	0.00835	0.05019	0.00695	0.00807	0.00515	0.00360	0.00346	0.00114	0.00528	0.00286	0.00187	0.00538
32	0.25190	0.00754	0.00832	0.00662	0.00934	0.00771	0.00545	0.19553	0.01118	0.39621	0.01104	0.01043	0.00741	0.00438	0.00339	0.00116	0.00332	0.00327	0.05007	0.00573
33	0.00687	0.00555	0.04123	0.00623	0.00784	0.00478	0.06179	0.00905	0.07151	0.08993	0.12734	0.13521	0.29870	0.03087	0.00490	0.00141	0.00284	0.08636	0.00355	0.00403
34	0.02417	0.01300	0.29366	0.06635	0.19359	0.07405	0.05446	0.06015	0.04423	0.06455	0.00805	0.00983	0.00621	0.03681	0.00464	0.00130	0.03396	0.00333	0.00219	0.00546
35	0.00497	0.00370	0.00455	0.00480	0.00550	0.00337	0.00341	0.00605	0.00870	0.01155	0.27731	0.33107	0.22684	0.06212	0.00559	0.00152	0.00215	0.02985	0.00369	0.00326
36	0.00591	0.00424	0.00476	0.00460	0.00591	0.00375	0.00349	0.00744	0.04070	0.07638	0.16596	0.09195	0.53163	0.00903	0.00450	0.00130	0.00213	0.02888	0.00377	0.00366
37	0.00954	0.07007	0.22679	0.07656	0.20483	0.09675	0.09913	0.04019	0.11526	0.01247	0.00804	0.00940	0.00621	0.00380	0.00373	0.00117	0.00509	0.00332	0.00213	0.00550
38	0.00940	0.00848	0.05122	0.07842	0.08746	0.09298	0.05645	0.05905	0.10386	0.09395	0.02348	0.12544	0.02064	0.00648	0.00436	0.00135	0.01448	0.15462	0.00305	0.00483
39	0.17906	0.00678	0.00835	0.00653	0.00939	0.00631	0.00539	0.03377	0.01029	0.67436	0.01320	0.01171	0.00844	0.00452	0.00358	0.00119	0.00323	0.00352	0.00429	0.00609
40	0.00519	0.00363	0.00474	0.00541	0.00583	0.00342	0.00373	0.02224	0.00785	0.02560	0.05510	0.72433	0.05599	0.02165	0.00501	0.00155	0.00232	0.03954	0.00360	0.00328
41	0.04548	0.15450	0.20143	0.01276	0.20622	0.06154	0.08937	0.08359	0.00943	0.06761	0.00776	0.02973	0.00618	0.00387	0.00357	0.00112	0.00482	0.00327	0.00222	0.00552

[dist]
# distance from previous block
# <min> <max>
4	21

[block]
# block no. 3 follows, 71 sequences, length 21
# corresponding to MSA columns:
# 151-171
name=unknown_D
#
# <colnr> <probs for GDERKNQSTAVLIFYWHMCP>
#	G	D	E	R	K	N	Q	S	T	A	V	L	I	F	Y	W	H	M	C	P
0	0.03096	0.11903	0.16973	0.00878	0.04261	0.13093	0.00791	0.16569	0.06060	0.06317	0.01580	0.02270	0.02677	0.00444	0.01200	0.00110	0.00452	0.00319	0.00262	0.10743
1	0.03550	0.38780	0.18094	0.00833	0.01175	0.01106	0.09802	0.04444	0.02615	0.03052	0.10589	0.02670	0.00940	0.00419	0.00333	0.00105	0.00429	0.00338	0.00224	0.00501
2	0.00905	0.00792	0.01139	0.18847	0.18853	0.03246	0.06929	0.12718	0.08584	0.03222	0.05330	0.05868	0.06021	0.00593	0.03188	0.00141	0.00441	0.02404	0.00274	0.00505
3	0.04675	0.07512	0.01051	0.00904	0.10897	0.02598	0.02363	0.17042	0.01111	0.27999	0.05068	0.07409	0.04125	0.00527	0.00382	0.00117	0.00360	0.02269	0.00352	0.03238
4	0.01040	0.02210	0.06247	0.00886	0.03615	0.00863	0.06669	0.23010	0.11842	0.08063	0.01119	0.10487	0.00961	0.00551	0.00466	0.00850	0.06785	0.03087	0.00314	0.10934
5	0.00509	0.00355	0.00433	0.00475	0.00501	0.00338	0.00304	0.00562	0.00699	0.00936	0.06394	0.43317	0.07556	0.32688	0.01021	0.00230	0.00272	0.00836	0.02285	0.00287
6	0.00810	0.03780	0.10371	0.03117	0.05273	0.04806	0.03421	0.00962	0.00682	0.00981	0.00709	0.05509	0.00678	0.00900	0.12082	0.00211	0.44712	0.00376	0.00185	0.00436
7	0.06393	0.00925	0.00909	0.00767	0.00996	0.08042	0.00607	0.29722	0.29967	0.03678	0.07442	0.01286	0.01072	0.03369	0.00428	0.00127	0.00367	0.00394	0.02948	0.00560
8	0.00636	0.00423	0.00484	0.00470	0.00514	0.00431	0.00301	0.03428	0.05116	0.02538	0.06231	0.07655	0.01510	0.57563	0.03993	0.00302	0.00353	0.00563	0.07187	0.00300
9	0.00601	0.00400	0.00506	0.00542	0.00608	0.00378	0.00378	0.04877	0.00833	0.06263	0.05551	0.62978	0.09598	0.03908	0.00521	0.00155	0.00240	0.00949	0.00363	0.00351
10	0.05220	0.00691	0.00803	0.00711	0.03634	0.00708	0.00540	0.10528	0.23153	0.25744	0.06440	0.01693	0.11050	0.04995	0.00470	0.00135	0.00309	0.00461	0.02173	0.00544
11	0.00708	0.00373	0.00534	0.00520	0.00536	0.00379	0.00354	0.04917	0.00569	0.00760	0.00680	0.01152	0.00665	0.01285	0.01439	0.84085	0.00338	0.00334	0.00178	0.00193
12	0.02292	0.00454	0.00587	0.00571	0.00691	0.00419	0.00420	0.01005	0.03623	0.25112	0.05758	0.47901	0.03731	0.00896	0.00439	0.00138	0.00252	0.00792	0.04494	0.00426
13	0.00751	0.00634	0.00827	0.03581	0.00876	0.04234	0.00607	0.05061	0.00711	0.03513	0.00919	0.05130	0.00876	0.06170	0.40203	0.00379	0.24505	0.00415	0.00219	0.00389
14	0.00478	0.00349	0.00436	0.00496	0.00535	0.00322	0.00332	0.00548	0.00752	0.00987	0.06002	0.60104	0.15340	0.10646	0.00645	0.00174	0.00233	0.00968	0.00345	0.00307
15	0.00959	0.03887	0.05742	0.10254	0.35989	0.05265	0.03336	0.05496	0.04978	0.06092	0.02229	0.06479	0.00877	0.00475	0.00408	0.00122	0.02048	0.04584	0.00244	0.00537
16	0.00731	0.00747	0.05351	0.05689	0.18315	0.04801	0.11121	0.00896	0.00780	0.01048	0.01203	0.23750	0.01264	0.10878	0.06582	0.00196	0.02621	0.03362	0.00243	0.00422
17	0.01199	0.02699	0.02072	0.00660	0.00884	0.00628	0.01614	0.13306	0.02731	0.36151	0.22377	0.01692	0.02748	0.02414	0.04798	0.00148	0.00344	0.00464	0.02538	0.00534
18	0.05856	0.03398	0.03046	0.13823	0.26712	0.03670	0.00861	0.17146	0.05456	0.06007	0.03108	0.01084	0.00751	0.03068	0.04254	0.00147	0.00458	0.00353	0.00261	0.00542
19	0.02693	0.01715	0.12575	0.06604	0.12584	0.03362	0.06062	0.14586	0.06403	0.07029	0.04660	0.14681	0.01091	0.00554	0.00411	0.00125	0.01501	0.01199	0.00288	0.01877
20	0.27294	0.02927	0.03634	0.00772	0.02194	0.06081	0.07456	0.09248	0.11523	0.10412	0.02946	0.01111	0.01550	0.05820	0.01649	0.00142	0.02405	0.00344	0.02000	0.00493

[dist]
# distance from previous block
# <min> <max>
0	16

[block]
# block no. 4 follows, 71 sequences, length 13
# corresponding to MSA columns:
# 189-201
name=unknown_E
#
# <colnr> <probs for GDERKNQSTAVLIFYWHMCP>
#	G	D	E	R	K	N	Q	S	T	A	V	L	I	F	Y	W	H	M	C	P
0	0.03608	0.14681	0.17861	0.02483	0.07408	0.07531	0.03247	0.13808	0.03433	0.08366	0.04085	0.07405	0.00893	0.02010	0.00393	0.00120	0.00440	0.01434	0.00266	0.00526
1	0.02505	0.12281	0.17344	0.02536	0.07202	0.05853	0.11889	0.02536	0.06669	0.06047	0.03113	0.06459	0.04662	0.02354	0.01958	0.00135	0.05308	0.00411	0.00240	0.00498
2	0.01000	0.00970	0.06601	0.00795	0.00975	0.16305	0.01886	0.16754	0.03325	0.05022	0.06121	0.05260	0.01006	0.06253	0.14648	0.00219	0.08664	0.00409	0.03327	0.00461
3	0.00506	0.00386	0.00542	0.00584	0.00623	0.00384	0.02743	0.00589	0.00740	0.00998	0.05355	0.68122	0.04098	0.02995	0.05240	0.00184	0.04288	0.00965	0.00334	0.00325
4	0.00996	0.09161	0.11527	0.04938	0.10253	0.08951	0.04345	0.09596	0.12495	0.06755	0.08933	0.02758	0.03166	0.02113	0.00411	0.00122	0.00425	0.02248	0.00284	0.00522
5	0.00876	0.01887	0.05705	0.02998	0.14898	0.08296	0.16819	0.05572	0.00912	0.05556	0.01277	0.23753	0.03511	0.00694	0.02660	0.00143	0.00455	0.03250	0.00269	0.00471
6	0.01704	0.00678	0.00906	0.00694	0.00991	0.00601	0.00573	0.06743	0.01140	0.79464	0.01477	0.01282	0.00931	0.00474	0.00385	0.00118	0.00332	0.00383	0.00469	0.00652
7	0.04117	0.01360	0.34286	0.02317	0.03544	0.09311	0.00953	0.10825	0.12815	0.07044	0.03570	0.04622	0.00857	0.00471	0.00378	0.00122	0.00464	0.02130	0.00269	0.00548
8	0.00979	0.03694	0.14060	0.01087	0.09826	0.09741	0.10666	0.05951	0.12541	0.06730	0.04587	0.02703	0.02024	0.02435	0.03317	0.00146	0.06094	0.02637	0.00264	0.00519
9	0.03776	0.02274	0.24596	0.00915	0.01163	0.06609	0.03211	0.09075	0.00855	0.04571	0.00871	0.04170	0.03004	0.03102	0.05729	0.00169	0.23263	0.00368	0.01798	0.00481
10	0.03343	0.00435	0.00533	0.00593	0.04064	0.00417	0.00399	0.02449	0.04621	0.03476	0.07436	0.45777	0.19854	0.04131	0.00511	0.00150	0.00242	0.00860	0.00350	0.00360
11	0.01133	0.01155	0.05357	0.03541	0.33003	0.20587	0.08326	0.09119	0.01028	0.07938	0.00917	0.01039	0.04307	0.00405	0.00382	0.00114	0.00510	0.00351	0.00239	0.00550
12	0.01008	0.12242	0.18033	0.03178	0.14281	0.09806	0.06017	0.08354	0.09920	0.04327	0.00916	0.04126	0.02159	0.00439	0.00399	0.00117	0.03541	0.00357	0.00239	0.00540

[dist]
# distance from previous block
# <min> <max>
1	13

[block]
# block no. 5 follows, 71 sequences, length 16
# corresponding to MSA columns:
# 215-230
name=unknown_F
#
# <colnr> <probs for GDERKNQSTAVLIFYWHMCP>
#	G	D	E	R	K	N	Q	S	T	A	V	L	I	F	Y	W	H	M	C	P
0	0.01006	0.07178	0.01010	0.03202	0.06049	0.02069	0.00605	0.18424	0.05494	0.05993	0.03296	0.03180	0.02644	0.00415	0.00353	0.00092	0.01733	0.00331	0.00284	0.36642
1	0.08170	0.03048	0.03535	0.00860	0.01091	0.14223	0.06283	0.20423	0.16966	0.04539	0.02033	0.01159	0.03851	0.04294	0.00515	0.00133	0.07689	0.00369	0.00297	0.00522
2	0.03982	0.03666	0.03526	0.03693	0.00962	0.11721	0.00593	0.26807	0.03537	0.01391	0.00922	0.09028	0.00842	0.04573	0.02220	0.21011	0.00425	0.00401	0.00270	0.00430
3	0.00667	0.03971	0.07885	0.00589	0.00787	0.00561	0.00509	0.03933	0.10190	0.01317	0.24289	0.04808	0.22226	0.00776	0.03523	0.00136	0.00298	0.02885	0.00335	0.10315
4	0.14715	0.00817	0.00831	0.00709	0.00914	0.09927	0.04023	0.20772	0.01064	0.05278	0.04254	0.18996	0.04188	0.00659	0.02279	0.00130	0.00375	0.00499	0.02348	0.07225
5	0.01284	0.01405	0.00966	0.00866	0.01058	0.55190	0.00655	0.03403	0.10130	0.08109	0.09013	0.01112	0.00952	0.03692	0.00426	0.00117	0.00550	0.00337	0.00270	0.00469
6	0.08221	0.00490	0.00653	0.04938	0.00819	0.00503	0.04114	0.00803	0.03693	0.03788	0.07977	0.34146	0.09759	0.02257	0.00505	0.00150	0.03435	0.13048	0.00330	0.00370
7	0.00517	0.00375	0.00480	0.00542	0.00589	0.00356	0.00376	0.04060	0.00811	0.01076	0.06141	0.70265	0.08094	0.01129	0.00482	0.00151	0.00231	0.03633	0.00360	0.00331
8	0.06503	0.00713	0.00881	0.00689	0.00970	0.00678	0.00566	0.14158	0.04260	0.59385	0.01436	0.01290	0.03479	0.00482	0.00376	0.00118	0.00330	0.00384	0.02680	0.00620
9	0.00921	0.03647	0.05658	0.24890	0.06423	0.05663	0.20465	0.06749	0.16544	0.01281	0.00919	0.01147	0.00715	0.00416	0.00398	0.00125	0.00500	0.02784	0.00239	0.00515
10	0.26277	0.00646	0.00725	0.00595	0.00839	0.00633	0.00484	0.05013	0.00975	0.41598	0.08225	0.02860	0.08511	0.00523	0.00357	0.00120	0.00296	0.00409	0.00386	0.00526
11	0.00735	0.14119	0.08779	0.00611	0.00818	0.00656	0.02478	0.00984	0.07231	0.06211	0.31322	0.04895	0.16441	0.00662	0.00400	0.00117	0.00286	0.00560	0.02262	0.00433
12	0.00508	0.00370	0.00478	0.00533	0.00583	0.00354	0.00375	0.00627	0.03824	0.01064	0.11441	0.57292	0.09554	0.01162	0.03262	0.03265	0.00254	0.04376	0.00353	0.00327
13	0.00917	0.04492	0.00860	0.00716	0.00859	0.03775	0.00567	0.17044	0.05295	0.08113	0.01126	0.11548	0.01039	0.05586	0.27572	0.00297	0.08993	0.00464	0.00286	0.00451
14	0.03487	0.00420	0.00538	0.00559	0.00634	0.00424	0.00407	0.03706	0.00769	0.05717	0.01820	0.41038	0.08668	0.06993	0.20080	0.00270	0.00435	0.03366	0.00317	0.00351
15	0.02725	0.00834	0.08432	0.01003	0.05801	0.00784	0.17584	0.06092	0.12675	0.01274	0.07155	0.08796	0.01138	0.04378	0.13003	0.00213	0.06899	0.00480	0.00264	0.00471

[dist]
# distance from previous block
# <min> <max>
1	8

[block]
# block no. 6 follows, 71 sequences, length 16
# corresponding to MSA columns:
# 239-254
name=unknown_G
#
# <colnr> <probs for GDERKNQSTAVLIFYWHMCP>
#	G	D	E	R	K	N	Q	S	T	A	V	L	I	F	Y	W	H	M	C	P
0	0.30095	0.16487	0.04486	0.07338	0.08469	0.04726	0.04317	0.06238	0.07606	0.05866	0.00741	0.00830	0.00572	0.00378	0.00311	0.00113	0.00401	0.00281	0.00242	0.00502
1	0.00931	0.01118	0.12949	0.11431	0.11652	0.13112	0.13670	0.05182	0.00888	0.02095	0.00843	0.05109	0.00749	0.01604	0.00536	0.00133	0.11907	0.05387	0.00214	0.00485
2	0.00735	0.13375	0.00830	0.00603	0.00724	0.02529	0.01568	0.00857	0.01885	0.07282	0.02536	0.05073	0.03146	0.17768	0.38974	0.00388	0.00667	0.00445	0.00241	0.00375
3	0.00993	0.58754	0.24599	0.00777	0.01169	0.01293	0.00860	0.01206	0.00805	0.05579	0.00629	0.00706	0.00515	0.00346	0.00286	0.00095	0.00448	0.00236	0.00181	0.00521
4	0.00902	0.11072	0.12295	0.06998	0.34672	0.00953	0.10512	0.05378	0.00882	0.01220	0.00819	0.04360	0.02122	0.00435	0.01530	0.00122	0.02405	0.00367	0.00203	0.02754
5	0.01591	0.00837	0.10502	0.00744	0.01073	0.00648	0.00674	0.07882	0.01117	0.68696	0.01374	0.01219	0.00874	0.00461	0.00383	0.00119	0.00361	0.00371	0.00432	0.00643
6	0.00632	0.00463	0.00560	0.00583	0.00662	0.00464	0.00417	0.11763	0.04613	0.01199	0.02018	0.59566	0.08751	0.01053	0.00504	0.03232	0.00257	0.02541	0.00355	0.00368
7	0.00885	0.13093	0.33673	0.17298	0.04758	0.00992	0.11869	0.05652	0.04170	0.02991	0.00743	0.00900	0.00555	0.00371	0.00366	0.00118	0.00517	0.00320	0.00197	0.00533
8	0.00827	0.00677	0.02881	0.00627	0.00817	0.04306	0.00498	0.01258	0.27096	0.09635	0.03684	0.07846	0.24496	0.02122	0.03468	0.00146	0.00318	0.02200	0.00351	0.06746
9	0.00768	0.00500	0.00582	0.00540	0.00626	0.00515	0.00374	0.09038	0.07234	0.08007	0.02962	0.10908	0.02716	0.43482	0.07100	0.00283	0.00385	0.00559	0.03062	0.00362
10	0.01024	0.57738	0.17908	0.00805	0.01181	0.01282	0.06155	0.01225	0.00819	0.07784	0.00659	0.00736	0.00534	0.00347	0.00294	0.00096	0.00449	0.00251	0.00191	0.00521
11	0.03881	0.02375	0.02798	0.14983	0.11688	0.05653	0.06717	0.05359	0.00894	0.05301	0.04234	0.22136	0.11081	0.00663	0.00414	0.00129	0.00383	0.00588	0.00280	0.00442
12	0.00511	0.00374	0.00443	0.00463	0.00520	0.00348	0.00317	0.00591	0.00785	0.01028	0.16469	0.22161	0.22784	0.26411	0.00910	0.00208	0.00259	0.04785	0.00331	0.00302
13	0.00550	0.00416	0.00544	0.00632	0.05184	0.00400	0.00417	0.02108	0.04756	0.01102	0.10069	0.53853	0.11794	0.01043	0.00505	0.03230	0.00242	0.02457	0.00349	0.00350
14	0.05794	0.00850	0.01434	0.13743	0.54809	0.00870	0.07525	0.01170	0.00866	0.05372	0.03398	0.01027	0.00694	0.00367	0.00381	0.00118	0.00455	0.00356	0.00212	0.00559
15	0.09068	0.00835	0.06134	0.15651	0.14206	0.04697	0.05102	0.07195	0.02330	0.10470	0.01331	0.09090	0.11210	0.00537	0.00389	0.00124	0.00405	0.00460	0.00275	0.00489

[dist]
# distance from previous block
# <min> <max>
1	15

[block]
# block no. 7 follows, 71 sequences, length 17
# corresponding to MSA columns:
# 270-286
name=unknown_H
#
# <colnr> <probs for GDERKNQSTAVLIFYWHMCP>
#	G	D	E	R	K	N	Q	S	T	A	V	L	I	F	Y	W	H	M	C	P
0	0.00980	0.02311	0.03843	0.07250	0.20219	0.07310	0.05865	0.12090	0.02890	0.03030	0.05874	0.01021	0.00783	0.00388	0.00374	0.00102	0.01814	0.00333	0.00248	0.23276
1	0.01064	0.00927	0.01014	0.04734	0.10255	0.13336	0.02900	0.15796	0.07086	0.07159	0.01022	0.07569	0.02376	0.02896	0.00425	0.00114	0.01617	0.00389	0.00284	0.19036
2	0.01393	0.01757	0.01069	0.00962	0.01168	0.79789	0.00723	0.01496	0.01069	0.00958	0.00598	0.00698	0.00498	0.00388	0.00342	0.00096	0.00666	0.00246	0.00199	0.05884
3	0.00781	0.00495	0.00548	0.00496	0.00633	0.00494	0.00382	0.10490	0.05374	0.04393	0.18532	0.05785	0.09054	0.00600	0.00358	0.00108	0.00226	0.00501	0.37512	0.03239
4	0.00544	0.00382	0.00494	0.00528	0.00562	0.00387	0.00370	0.00619	0.00683	0.00921	0.05009	0.22009	0.01807	0.35188	0.15582	0.00322	0.00439	0.13578	0.00284	0.00294
5	0.03916	0.00559	0.00718	0.00586	0.00779	0.00506	0.00445	0.01396	0.00899	0.53210	0.01379	0.01698	0.01086	0.30030	0.00919	0.00206	0.00341	0.00439	0.00384	0.00501
6	0.00570	0.00467	0.00607	0.00614	0.00695	0.02781	0.05451	0.02793	0.03657	0.01074	0.04184	0.56853	0.12640	0.02500	0.00498	0.00151	0.00272	0.03501	0.00343	0.00350
7	0.00518	0.00377	0.00481	0.00548	0.00591	0.00365	0.00384	0.00641	0.04703	0.01008	0.02068	0.59514	0.06221	0.09947	0.00639	0.00178	0.00256	0.10894	0.00344	0.00323
8	0.45711	0.00655	0.00601	0.00572	0.00748	0.03063	0.00456	0.02740	0.05869	0.03668	0.07719	0.13744	0.02284	0.00620	0.00348	0.00131	0.00297	0.10060	0.00302	0.00411
9	0.00862	0.00819	0.01390	0.31348	0.53521	0.00878	0.01123	0.01098	0.00836	0.01155	0.00742	0.01063	0.00616	0.00375	0.00385	0.00120	0.00472	0.02473	0.00187	0.00537
10	0.06421	0.00657	0.00872	0.00673	0.00966	0.00579	0.00556	0.01829	0.01074	0.79958	0.01460	0.01268	0.00920	0.00468	0.00378	0.00119	0.00325	0.00376	0.00462	0.00640
11	0.00930	0.00948	0.01594	0.11449	0.48834	0.05047	0.16792	0.01163	0.00856	0.01177	0.00705	0.00953	0.00578	0.00370	0.00458	0.00122	0.06931	0.00358	0.00187	0.00547
12	0.00589	0.00423	0.00502	0.00510	0.00605	0.00397	0.00368	0.04140	0.04110	0.04612	0.14690	0.36318	0.26912	0.03376	0.00501	0.00144	0.00228	0.00846	0.00370	0.00360
13	0.00567	0.00408	0.00509	0.00543	0.00599	0.00409	0.00381	0.00731	0.07959	0.02411	0.05455	0.40647	0.06372	0.18133	0.07492	0.00231	0.00330	0.06163	0.00327	0.00335
14	0.00526	0.00378	0.00518	0.00545	0.00583	0.00403	0.00384	0.00609	0.00638	0.00882	0.01397	0.27276	0.01537	0.22176	0.39885	0.00420	0.00630	0.00650	0.00257	0.00307
15	0.00975	0.00988	0.01330	0.08309	0.03600	0.15111	0.22387	0.09754	0.00941	0.02954	0.00973	0.01177	0.06506	0.00735	0.09799	0.00181	0.13187	0.00396	0.00227	0.00469
16	0.00910	0.00884	0.01445	0.22280	0.62080	0.03438	0.01137	0.01140	0.00854	0.01178	0.00708	0.00959	0.00581	0.00353	0.00379	0.00117	0.00476	0.00339	0.00185	0.00559

[dist]
# distance from previous block
# <min> <max>
0	1

[block]
# block no. 8 follows, 71 sequences, length 54
# corresponding to MSA columns:
# 288-341
name=unknown_I
#
# <colnr> <probs for GDERKNQSTAVLIFYWHMCP>
#	G	D	E	R	K	N	Q	S	T	A	V	L	I	F	Y	W	H	M	C	P
0	0.09287	0.00989	0.06518	0.03474	0.57224	0.02531	0.12047	0.01184	0.00855	0.01280	0.00706	0.00918	0.00575	0.00344	0.00374	0.00117	0.00478	0.00338	0.00193	0.00568
1	0.01375	0.01661	0.01153	0.01088	0.06810	0.69741	0.03253	0.03816	0.01073	0.03256	0.00639	0.00746	0.00521	0.00401	0.00379	0.00104	0.03037	0.00269	0.00209	0.00469
2	0.00545	0.00410	0.00607	0.00607	0.00676	0.00473	0.00470	0.00679	0.00622	0.00892	0.01105	0.01580	0.03153	0.04174	0.81439	0.00599	0.00995	0.00424	0.00210	0.00340
3	0.03509	0.00767	0.00930	0.05828	0.08394	0.04995	0.02283	0.14813	0.11658	0.13291	0.05122	0.11506	0.01208	0.01911	0.03067	0.00145	0.01407	0.05523	0.00332	0.03314
4	0.19437	0.00875	0.03095	0.00741	0.00988	0.10106	0.03971	0.10198	0.02665	0.27765	0.07261	0.04751	0.00979	0.00490	0.00393	0.00119	0.03535	0.00379	0.00339	0.01913
5	0.03616	0.00799	0.00967	0.00744	0.01041	0.00788	0.00615	0.30434	0.01332	0.52475	0.01278	0.01155	0.00832	0.00466	0.00380	0.00117	0.00357	0.00367	0.01591	0.00643
6	0.00467	0.00335	0.00443	0.00529	0.00555	0.00312	0.00354	0.00534	0.00738	0.00981	0.02168	0.83706	0.05069	0.01194	0.00488	0.00155	0.00222	0.01081	0.00356	0.00312
7	0.00874	0.00891	0.04884	0.26825	0.54191	0.00895	0.03646	0.01122	0.00840	0.01170	0.00710	0.00967	0.00573	0.00354	0.00382	0.00119	0.00482	0.00342	0.00183	0.00549
8	0.00554	0.00386	0.00485	0.00526	0.00590	0.00361	0.00368	0.02535	0.02471	0.04209	0.10574	0.58942	0.13234	0.02237	0.00493	0.00149	0.00227	0.00949	0.00367	0.00344
9	0.00553	0.00388	0.00500	0.00500	0.00529	0.00416	0.00335	0.00610	0.00582	0.00804	0.01133	0.02093	0.01213	0.51799	0.36430	0.00473	0.00644	0.00497	0.00221	0.00278
10	0.00905	0.01034	0.02262	0.01616	0.02004	0.00970	0.82741	0.01228	0.00905	0.01228	0.00776	0.01034	0.00582	0.00323	0.00452	0.00129	0.00646	0.00452	0.00194	0.00517
11	0.00943	0.01415	0.35614	0.04059	0.09610	0.05784	0.23395	0.03654	0.04656	0.05985	0.00803	0.00944	0.00587	0.00369	0.00392	0.00122	0.00553	0.00349	0.00210	0.00555
12	0.00590	0.00385	0.00493	0.00503	0.00584	0.00351	0.00363	0.00713	0.00910	0.07060	0.33226	0.36961	0.11660	0.00943	0.00457	0.00135	0.00209	0.00836	0.03264	0.00357
13	0.00466	0.00337	0.00442	0.00526	0.00554	0.00312	0.00353	0.00535	0.00741	0.00982	0.02207	0.81915	0.06836	0.01189	0.00487	0.00154	0.00221	0.01075	0.00356	0.00312
14	0.00630	0.00477	0.00621	0.05506	0.00782	0.00463	0.02693	0.04446	0.04408	0.03754	0.39743	0.10822	0.20356	0.00802	0.00447	0.00128	0.00245	0.02912	0.00377	0.00388
15	0.00646	0.00542	0.02827	0.00631	0.00731	0.03315	0.02967	0.06298	0.01700	0.03515	0.02061	0.51882	0.12916	0.00993	0.00490	0.00146	0.02942	0.04686	0.00340	0.00372
16	0.01352	0.07277	0.01181	0.05773	0.01276	0.72568	0.02915	0.01467	0.01044	0.00946	0.00599	0.00714	0.00497	0.00388	0.00344	0.00100	0.00662	0.00255	0.00194	0.00448
17	0.00801	0.03073	0.00829	0.00570	0.00911	0.00539	0.00460	0.00971	0.00795	0.01240	0.00677	0.00790	0.00566	0.00285	0.00283	0.00057	0.00287	0.00227	0.00225	0.86414
18	0.00704	0.03038	0.00647	0.00599	0.00713	0.05430	0.00452	0.04406	0.10675	0.03567	0.26629	0.28321	0.06776	0.00851	0.00444	0.00134	0.00270	0.05574	0.00369	0.00401
19	0.00559	0.00390	0.00501	0.00560	0.00620	0.00372	0.00412	0.00677	0.02880	0.03569	0.02166	0.46751	0.10655	0.08425	0.00615	0.00175	0.00268	0.19722	0.00349	0.00334
20	0.00903	0.01929	0.01357	0.10621	0.34762	0.05793	0.12965	0.03350	0.05494	0.02493	0.06288	0.01299	0.05242	0.02942	0.01430	0.00133	0.01837	0.00411	0.00234	0.00518
21	0.00795	0.00681	0.00795	0.00568	0.00909	0.00511	0.00454	0.00965	0.00795	0.01249	0.00681	0.00795	0.00568	0.00284	0.00284	0.00057	0.00284	0.00227	0.00227	0.88869
22	0.01025	0.86756	0.02009	0.00656	0.00984	0.01517	0.00656	0.01148	0.00779	0.00902	0.00533	0.00615	0.00492	0.00328	0.00246	0.00082	0.00410	0.00205	0.00164	0.00492
23	0.00839	0.00708	0.00819	0.00589	0.00927	0.00556	0.00473	0.06393	0.00862	0.01327	0.00697	0.00803	0.00573	0.00296	0.00291	0.00061	0.00293	0.00235	0.00238	0.83022
24	0.00724	0.00681	0.01150	0.85604	0.02641	0.00852	0.01065	0.00980	0.00767	0.00980	0.00681	0.01022	0.00511	0.00383	0.00383	0.00128	0.00511	0.00341	0.00170	0.00426
25	0.00457	0.00379	0.00401	0.00416	0.00526	0.00322	0.00304	0.00551	0.00853	0.01035	0.05041	0.18232	0.68147	0.01008	0.00460	0.00134	0.00199	0.00857	0.00357	0.00322
26	0.89233	0.00741	0.00564	0.00504	0.00741	0.00860	0.00415	0.01127	0.00653	0.01720	0.00534	0.00623	0.00415	0.00356	0.00237	0.00119	0.00297	0.00208	0.00237	0.00415
27	0.00470	0.00387	0.00390	0.00390	0.00516	0.00327	0.00292	0.00573	0.00876	0.01071	0.06109	0.03546	0.77223	0.00938	0.00443	0.00127	0.00193	0.00782	0.05020	0.00327
28	0.89233	0.00741	0.00564	0.00504	0.00741	0.00860	0.00415	0.01127	0.00653	0.01720	0.00534	0.00623	0.00415	0.00356	0.00237	0.00119	0.00297	0.00208	0.00237	0.00415
29	0.00537	0.00369	0.00493	0.00568	0.00619	0.00348	0.00416	0.00631	0.00784	0.03553	0.02164	0.61959	0.06402	0.01137	0.00493	0.00158	0.00252	0.18426	0.00359	0.00331
30	0.00740	0.00408	0.00383	0.00379	0.00472	0.03299	0.00284	0.00916	0.00814	0.01412	0.01228	0.01404	0.00966	0.00445	0.00271	0.00090	0.00197	0.00354	0.85579	0.00360
31	0.00615	0.00405	0.00478	0.00465	0.00493	0.00416	0.00290	0.03173	0.00623	0.02747	0.01182	0.02266	0.01290	0.68113	0.13323	0.00385	0.00458	0.00522	0.02485	0.00273
32	0.00663	0.00335	0.00503	0.00503	0.00505	0.00337	0.00337	0.00505	0.00503	0.00672	0.00676	0.01175	0.00674	0.01375	0.03833	0.86378	0.00352	0.00335	0.00168	0.00171
33	0.03281	0.00767	0.01317	0.04654	0.07648	0.02454	0.29061	0.00984	0.00758	0.03240	0.00920	0.02355	0.00875	0.23131	0.02390	0.00206	0.11774	0.03548	0.00216	0.00420
34	0.00467	0.00334	0.00445	0.00534	0.00556	0.00311	0.00356	0.00534	0.00734	0.00979	0.02113	0.86275	0.02536	0.01201	0.00489	0.00156	0.00222	0.01090	0.00356	0.00311
35	0.11044	0.09954	0.02645	0.04526	0.46278	0.16957	0.00953	0.01229	0.00874	0.01200	0.00654	0.00829	0.00547	0.00354	0.00343	0.00109	0.00481	0.00293	0.00193	0.00536
36	0.01031	0.65743	0.03097	0.08151	0.01180	0.06318	0.02991	0.01174	0.00804	0.03333	0.00586	0.00696	0.00510	0.00351	0.00303	0.00092	0.02740	0.00236	0.00176	0.00488
37	0.00792	0.05003	0.07201	0.10989	0.26045	0.00806	0.02727	0.02709	0.04045	0.01107	0.00860	0.03441	0.00768	0.05498	0.18940	0.00241	0.05268	0.00380	0.00206	0.02974
38	0.02580	0.09798	0.14764	0.02286	0.28885	0.03113	0.07172	0.07998	0.05518	0.02562	0.00793	0.02428	0.00645	0.00452	0.02504	0.00126	0.02937	0.00337	0.00220	0.04882
39	0.00594	0.02914	0.00626	0.00662	0.00739	0.00459	0.00552	0.00737	0.00834	0.01089	0.02015	0.24341	0.04555	0.01059	0.00532	0.00167	0.02930	0.54506	0.00343	0.00348
40	0.01720	0.00653	0.00890	0.00682	0.00979	0.00564	0.00564	0.01869	0.01097	0.84399	0.01513	0.01305	0.00949	0.00475	0.00386	0.00119	0.00326	0.00386	0.00475	0.00653
41	0.00653	0.00654	0.04121	0.02154	0.03004	0.07859	0.04228	0.03304	0.03785	0.01161	0.12664	0.20113	0.33164	0.00832	0.00440	0.00130	0.00301	0.00718	0.00329	0.00385
42	0.01094	0.01015	0.03743	0.10616	0.19969	0.11598	0.19307	0.06931	0.05510	0.12348	0.00920	0.03619	0.00712	0.00411	0.00397	0.00120	0.00503	0.00387	0.00256	0.00545
43	0.01622	0.00809	0.00987	0.00757	0.01057	0.00796	0.00625	0.32030	0.01360	0.53866	0.01292	0.01162	0.00838	0.00469	0.00385	0.00117	0.00362	0.00371	0.00441	0.00652
44	0.00666	0.00333	0.00500	0.00500	0.00500	0.00333	0.00333	0.00500	0.00500	0.00666	0.00666	0.01166	0.00666	0.01332	0.01499	0.88844	0.00333	0.00333	0.00167	0.00167
45	0.00871	0.01465	0.41890	0.03728	0.25526	0.04154	0.06230	0.02319	0.02093	0.01212	0.00703	0.00878	0.00542	0.00382	0.00436	0.00122	0.06394	0.00317	0.00180	0.00559
46	0.00828	0.00849	0.01141	0.73213	0.02428	0.13172	0.01017	0.01060	0.00814	0.00974	0.00668	0.00974	0.00509	0.00385	0.00378	0.00124	0.00538	0.00327	0.00174	0.00429
47	0.01490	0.00814	0.00964	0.00748	0.01028	0.00823	0.00614	0.37986	0.01404	0.39408	0.07106	0.01248	0.01007	0.00489	0.00386	0.00116	0.00354	0.00389	0.03002	0.00623
48	0.00552	0.02703	0.00542	0.00582	0.02496	0.00389	0.00396	0.00647	0.01950	0.04092	0.04286	0.68553	0.08088	0.01087	0.00481	0.00148	0.01338	0.00974	0.00351	0.00343
49	0.00910	0.03872	0.44368	0.01269	0.07333	0.00909	0.23451	0.01276	0.02114	0.08197	0.00789	0.00926	0.00570	0.00367	0.00404	0.00123	0.02016	0.00343	0.00202	0.00559
50	0.00491	0.00364	0.00460	0.00504	0.00567	0.00333	0.00360	0.00596	0.00850	0.01127	0.21110	0.46697	0.18303	0.01054	0.00476	0.00144	0.00215	0.05653	0.00371	0.00328
51	0.01215	0.35334	0.01431	0.00819	0.01067	0.34942	0.00690	0.07238	0.01898	0.03859	0.01587	0.00763	0.00578	0.00470	0.02983	0.00114	0.04063	0.00258	0.00211	0.00482
52	0.04214	0.00752	0.00856	0.00659	0.03021	0.03755	0.01744	0.03698	0.00839	0.02477	0.00692	0.00804	0.00568	0.00306	0.00306	0.00067	0.01369	0.00241	0.00233	0.73398
53	0.05679	0.10826	0.24982	0.01163	0.14242	0.14546	0.04918	0.07129	0.08230	0.02630	0.01722	0.00886	0.00623	0.00386	0.00353	0.00113	0.00500	0.00306	0.00222	0.00543

[dist]
# distance from previous block
# <min> <max>
0	2

[block]
# block no. 9 follows, 71 sequences, length 16
# corresponding to MSA columns:
# 344-359
name=unknown_J
#
# <colnr> <probs for GDERKNQSTAVLIFYWHMCP>
#	G	D	E	R	K	N	Q	S	T	A	V	L	I	F	Y	W	H	M	C	P
0	0.04205	0.00735	0.06217	0.03371	0.07616	0.03144	0.02675	0.09651	0.08492	0.05747	0.07162	0.18916	0.08842	0.09062	0.00561	0.00151	0.00344	0.00581	0.00313	0.02214
1	0.02739	0.04159	0.06495	0.01156	0.19419	0.17982	0.02800	0.05138	0.12514	0.10862	0.05542	0.01162	0.03478	0.00440	0.00370	0.00112	0.00442	0.00361	0.00279	0.04548
2	0.01340	0.00643	0.00818	0.00660	0.00900	0.00606	0.00532	0.10163	0.07109	0.49011	0.18990	0.03386	0.02964	0.00565	0.00403	0.00120	0.00299	0.00472	0.00443	0.00575
3	0.01087	0.01054	0.03073	0.11930	0.39090	0.13328	0.04309	0.12471	0.04205	0.04595	0.00790	0.00949	0.00616	0.00383	0.00379	0.00115	0.00492	0.00337	0.00234	0.00565
4	0.00542	0.00446	0.00486	0.00488	0.00609	0.00422	0.00366	0.00789	0.13034	0.01152	0.09182	0.16430	0.49704	0.00931	0.00452	0.00135	0.00220	0.03879	0.00366	0.00367
5	0.00480	0.00341	0.00452	0.00527	0.00550	0.00326	0.00351	0.00544	0.00711	0.00952	0.01970	0.73850	0.02344	0.09319	0.05157	0.00201	0.00280	0.01004	0.00336	0.00306
6	0.00488	0.00359	0.00442	0.00483	0.00547	0.00326	0.00339	0.00589	0.00841	0.01122	0.19051	0.46892	0.21846	0.01035	0.00465	0.00140	0.00206	0.00917	0.03586	0.00326
7	0.10963	0.00795	0.00705	0.00672	0.00815	0.16284	0.00509	0.11244	0.05774	0.02997	0.02607	0.30563	0.02887	0.00743	0.00401	0.00130	0.00354	0.05422	0.05715	0.00421
8	0.00477	0.00347	0.00447	0.00519	0.00557	0.00322	0.00355	0.00554	0.00763	0.01005	0.05421	0.68372	0.11323	0.03844	0.00532	0.00159	0.00228	0.04106	0.00354	0.00314
9	0.25951	0.00748	0.00805	0.00667	0.00906	0.00800	0.00540	0.21166	0.06539	0.22899	0.01047	0.03530	0.00781	0.00676	0.07030	0.02831	0.00389	0.00350	0.01815	0.00529
10	0.00949	0.08934	0.12909	0.01486	0.35848	0.07927	0.03338	0.03452	0.00860	0.03771	0.00784	0.04215	0.00678	0.00604	0.05811	0.04169	0.03187	0.00350	0.00204	0.00523
11	0.00557	0.00381	0.00455	0.00469	0.00488	0.00383	0.00300	0.00592	0.00616	0.00818	0.01404	0.06341	0.03712	0.65190	0.06972	0.00349	0.00400	0.10061	0.00253	0.00259
12	0.00921	0.29309	0.03877	0.05114	0.01113	0.05614	0.02058	0.02285	0.00717	0.00954	0.00566	0.00800	0.00523	0.00611	0.04562	0.00151	0.39908	0.00292	0.00173	0.00451
13	0.01144	0.07312	0.15709	0.04071	0.11390	0.18899	0.00866	0.11803	0.05348	0.11232	0.00961	0.02164	0.02999	0.00478	0.01624	0.00122	0.01763	0.01312	0.00262	0.00540
14	0.01226	0.00719	0.00809	0.00671	0.00898	0.03045	0.00536	0.16850	0.15608	0.29776	0.05475	0.03774	0.06702	0.00542	0.00381	0.00118	0.00313	0.00441	0.11560	0.00556
15	0.00511	0.00358	0.00432	0.00468	0.00491	0.00342	0.00295	0.00554	0.00679	0.00900	0.05533	0.38349	0.07775	0.40231	0.01155	0.00251	0.00287	0.00809	0.00302	0.00278

[dist]
# distance from previous block
# <min> <max>
3	4

[block]
# block no. 10 follows, 71 sequences, length 22
# corresponding to MSA columns:
# 364-385
name=unknown_K
#
# <colnr> <probs for GDERKNQSTAVLIFYWHMCP>
#	G	D	E	R	K	N	Q	S	T	A	V	L	I	F	Y	W	H	M	C	P
0	0.04023	0.13103	0.03449	0.00882	0.01143	0.28225	0.03535	0.26585	0.08175	0.01486	0.00797	0.00870	0.00624	0.00542	0.04792	0.00134	0.00537	0.00303	0.00267	0.00528
1	0.01035	0.76209	0.01873	0.00669	0.00982	0.01439	0.00649	0.07599	0.00858	0.01025	0.00632	0.04361	0.00594	0.00376	0.00267	0.00088	0.00403	0.00255	0.00190	0.00497
2	0.00904	0.17094	0.42638	0.01085	0.07564	0.02538	0.07068	0.01304	0.08848	0.04195	0.00781	0.00876	0.00588	0.00371	0.00351	0.00113	0.00497	0.00302	0.00202	0.02679
3	0.00960	0.16636	0.25397	0.02869	0.01409	0.05913	0.16304	0.10204	0.02045	0.03351	0.02619	0.03076	0.00744	0.00466	0.01539	0.00125	0.01656	0.03942	0.00225	0.00521
4	0.00558	0.00372	0.00418	0.00418	0.00418	0.00372	0.00232	0.00558	0.00558	0.00743	0.01208	0.02509	0.01394	0.86525	0.01952	0.00372	0.00372	0.00558	0.00232	0.00232
5	0.00822	0.00730	0.05872	0.03944	0.24405	0.00658	0.04311	0.03463	0.05956	0.08095	0.15252	0.10939	0.11215	0.02075	0.00443	0.00129	0.00348	0.00551	0.00306	0.00487
6	0.01979	0.07838	0.27295	0.04168	0.07275	0.09751	0.05895	0.08046	0.08432	0.06113	0.02594	0.07203	0.00817	0.00459	0.00375	0.00119	0.00477	0.00381	0.00248	0.00534
7	0.04852	0.05093	0.02353	0.01083	0.12725	0.29130	0.06124	0.12797	0.03855	0.03499	0.00897	0.08763	0.00805	0.04255	0.01991	0.00134	0.00512	0.00388	0.00252	0.00492
8	0.00550	0.00403	0.00577	0.00577	0.00632	0.00458	0.00430	0.00659	0.00605	0.00861	0.01063	0.01706	0.01045	0.19516	0.68483	0.00568	0.00897	0.00440	0.00211	0.00320
9	0.01001	0.00847	0.03675	0.05873	0.17757	0.00878	0.02132	0.12394	0.31302	0.07175	0.04633	0.01428	0.05829	0.00504	0.00407	0.00124	0.01608	0.01532	0.00328	0.00571
10	0.01072	0.06150	0.19300	0.01219	0.19365	0.09537	0.03711	0.10103	0.09720	0.09703	0.00945	0.04297	0.00742	0.00431	0.00372	0.00116	0.00461	0.00359	0.01830	0.00565
11	0.03795	0.00630	0.00757	0.00620	0.00843	0.01711	0.00499	0.11154	0.02950	0.41701	0.07847	0.04357	0.02747	0.00564	0.01807	0.00123	0.00309	0.00427	0.16619	0.00542
12	0.00476	0.00352	0.00447	0.00517	0.00565	0.00323	0.00361	0.00557	0.00777	0.01012	0.04101	0.63931	0.17743	0.01141	0.00484	0.00151	0.00225	0.06164	0.00357	0.00317
13	0.05152	0.07178	0.08227	0.01122	0.13030	0.13375	0.11235	0.10632	0.11316	0.02333	0.03228	0.05995	0.03472	0.00477	0.00381	0.00118	0.00459	0.01486	0.00263	0.00521
14	0.00900	0.26497	0.11829	0.00909	0.04232	0.06848	0.12858	0.03677	0.00825	0.02700	0.00856	0.04122	0.00798	0.12297	0.06610	0.00181	0.00516	0.02677	0.00209	0.00458
15	0.00585	0.00412	0.00517	0.00555	0.00622	0.00402	0.00392	0.00777	0.09606	0.04428	0.10893	0.55722	0.05321	0.04749	0.00534	0.00157	0.00240	0.03361	0.00366	0.00360
16	0.06596	0.09905	0.02493	0.02917	0.16965	0.14632	0.14617	0.12241	0.03529	0.08212	0.00797	0.00916	0.00614	0.00434	0.01990	0.00123	0.01904	0.00330	0.00247	0.00539
17	0.04381	0.06894	0.07049	0.01069	0.13015	0.11595	0.04755	0.13389	0.12643	0.14333	0.01000	0.01045	0.01708	0.00513	0.03300	0.00133	0.01979	0.00345	0.00292	0.00562
18	0.00701	0.00521	0.00616	0.00582	0.00701	0.03847	0.03281	0.07042	0.00923	0.06801	0.10292	0.30100	0.21972	0.02648	0.04799	0.00162	0.00310	0.00750	0.03571	0.00383
19	0.00608	0.00500	0.00723	0.00689	0.02201	0.01697	0.05814	0.00723	0.00678	0.00938	0.02865	0.10103	0.04784	0.17982	0.36729	0.00387	0.06624	0.03617	0.00238	0.02099
20	0.01055	0.00887	0.03781	0.03530	0.23512	0.01993	0.10873	0.15517	0.09022	0.10700	0.02910	0.06461	0.02246	0.02254	0.00463	0.00129	0.03383	0.00433	0.00292	0.00558
