[name]
unknown

[dist]
# distance from previous block
# <min> <max>
0	4

[block]
# block no. 0 follows, 73 sequences, length 22
# corresponding to MSA columns:
# 4-25
name=unknown_A
#
# <colnr> <probs for GDERKNQSTAVLIFYWHMCP>
#	G	D	E	R	K	N	Q	S	T	A	V	L	I	F	Y	W	H	M	C	P
0	0.06399	0.05548	0.07828	0.00811	0.01098	0.00983	0.01897	0.47888	0.02350	0.07694	0.03550	0.01322	0.00886	0.00505	0.00377	0.00119	0.00397	0.09443	0.00339	0.00566
1	0.06105	0.28498	0.39838	0.00868	0.01282	0.01085	0.02385	0.09135	0.03708	0.01254	0.02228	0.00794	0.00571	0.00366	0.00318	0.00106	0.00462	0.00270	0.00197	0.00528
2	0.00534	0.00391	0.00490	0.00478	0.00576	0.00349	0.00351	0.00669	0.00927	0.02651	0.44606	0.23347	0.15847	0.00860	0.00440	0.00124	0.00198	0.00758	0.00375	0.06030
3	0.00971	0.06726	0.17175	0.01133	0.14304	0.19968	0.05281	0.04787	0.03394	0.02289	0.04476	0.01052	0.03933	0.00560	0.04866	0.00140	0.07902	0.00339	0.00214	0.00491
4	0.00447	0.00379	0.00386	0.00387	0.00510	0.00318	0.00289	0.00544	0.00859	0.01031	0.06796	0.05787	0.79092	0.00949	0.00444	0.00127	0.00190	0.00795	0.00351	0.00318
5	0.01080	0.66969	0.01772	0.00764	0.04014	0.15828	0.00676	0.03429	0.00845	0.00942	0.00549	0.00635	0.00490	0.00336	0.00266	0.00085	0.00450	0.00216	0.00173	0.00482
6	0.02023	0.00704	0.07837	0.03777	0.00893	0.00606	0.02246	0.09996	0.05738	0.14821	0.02723	0.04635	0.01060	0.30693	0.00906	0.00199	0.00366	0.00438	0.00290	0.10049
7	0.06276	0.09893	0.10951	0.01054	0.11571	0.09671	0.11913	0.09319	0.04331	0.08436	0.03699	0.01119	0.06060	0.00420	0.00359	0.00110	0.00442	0.00355	0.00254	0.03767
8	0.01044	0.00593	0.00777	0.00761	0.07694	0.00576	0.00537	0.06466	0.11228	0.29774	0.13288	0.21556	0.02723	0.00675	0.00411	0.00126	0.00287	0.00587	0.00389	0.00506
9	0.00545	0.00360	0.00412	0.00419	0.00429	0.00357	0.00246	0.00568	0.00595	0.00816	0.04268	0.10648	0.01529	0.70378	0.01622	0.00318	0.00332	0.00590	0.05321	0.00246
10	0.02346	0.00895	0.06167	0.09999	0.26394	0.04791	0.12314	0.02548	0.00796	0.01105	0.00882	0.01140	0.05390	0.02655	0.07650	0.00171	0.13708	0.00375	0.00196	0.00477
11	0.00972	0.06099	0.11302	0.10790	0.42075	0.06250	0.01027	0.06605	0.06574	0.03612	0.00770	0.00925	0.00606	0.00367	0.00361	0.00112	0.00461	0.00321	0.00213	0.00558
12	0.00709	0.00667	0.01125	0.85913	0.02584	0.00834	0.01042	0.00959	0.00750	0.00959	0.00667	0.01000	0.00500	0.00375	0.00375	0.00125	0.00500	0.00333	0.00167	0.00417
13	0.00475	0.00344	0.00441	0.00494	0.00536	0.00318	0.00337	0.00559	0.00783	0.01049	0.17246	0.59081	0.09702	0.06104	0.00553	0.00156	0.00216	0.00941	0.00353	0.00310
14	0.06705	0.00887	0.11441	0.00780	0.01013	0.02173	0.04268	0.18877	0.08644	0.09903	0.12121	0.11206	0.01272	0.01879	0.00477	0.00129	0.06937	0.00469	0.00321	0.00499
15	0.00829	0.01817	0.00904	0.03024	0.20466	0.00649	0.02246	0.10243	0.03477	0.08343	0.06533	0.18756	0.16339	0.00718	0.01824	0.00133	0.02332	0.00592	0.00311	0.00465
16	0.00458	0.00341	0.00424	0.00487	0.00533	0.00310	0.00331	0.00531	0.00753	0.00978	0.04496	0.63992	0.20597	0.03261	0.00506	0.00151	0.00214	0.00983	0.00347	0.00307
17	0.06030	0.00877	0.01600	0.06233	0.01520	0.00980	0.40628	0.01050	0.00741	0.01095	0.00660	0.00946	0.00548	0.00569	0.05114	0.00164	0.30229	0.00381	0.00183	0.00453
18	0.04667	0.06588	0.02756	0.05832	0.38608	0.04006	0.02164	0.20372	0.01982	0.08267	0.00798	0.00915	0.00612	0.00378	0.00359	0.00111	0.00433	0.00323	0.00254	0.00576
19	0.01092	0.01267	0.13054	0.06590	0.16341	0.24706	0.08074	0.10372	0.04546	0.05245	0.00804	0.02941	0.00643	0.02197	0.00402	0.00118	0.00523	0.00337	0.00231	0.00517
20	0.00492	0.00361	0.00464	0.00502	0.00548	0.00358	0.00350	0.00568	0.00685	0.00908	0.01931	0.37050	0.14697	0.17052	0.20270	0.00291	0.00424	0.02457	0.00292	0.00300
21	0.04168	0.01996	0.04089	0.04811	0.05527	0.05976	0.06522	0.25489	0.05163	0.11586	0.07455	0.01127	0.00894	0.02583	0.00417	0.00116	0.01714	0.00359	0.00307	0.09701

[dist]
# distance from previous block
# <min> <max>
1	11

[block]
# block no. 1 follows, 73 sequences, length 13
# corresponding to MSA columns:
# 37-49
name=unknown_B
#
# <colnr> <probs for GDERKNQSTAVLIFYWHMCP>
#	G	D	E	R	K	N	Q	S	T	A	V	L	I	F	Y	W	H	M	C	P
0	0.16212	0.12452	0.10578	0.03687	0.04584	0.20164	0.07766	0.07793	0.04266	0.02841	0.00698	0.00815	0.00551	0.00484	0.04319	0.00131	0.00509	0.00282	0.00218	0.01650
1	0.24608	0.06843	0.07538	0.02859	0.08179	0.14167	0.00709	0.20920	0.03484	0.04119	0.02808	0.00838	0.00619	0.00396	0.00323	0.00110	0.00424	0.00285	0.00260	0.00511
2	0.00854	0.00597	0.00707	0.00579	0.00789	0.03823	0.02811	0.01024	0.03583	0.15936	0.13513	0.05362	0.13036	0.06170	0.01844	0.00125	0.00298	0.00471	0.01365	0.27114
3	0.07586	0.12552	0.06806	0.00884	0.04807	0.22480	0.03024	0.17764	0.05220	0.04402	0.00739	0.00805	0.00573	0.00378	0.00328	0.00100	0.00462	0.00277	0.00248	0.10565
4	0.09933	0.00903	0.01149	0.00884	0.01159	0.03199	0.16429	0.37704	0.04288	0.07999	0.00934	0.00997	0.00679	0.00414	0.00359	0.00113	0.00409	0.00350	0.11553	0.00546
5	0.06128	0.00395	0.00488	0.00512	0.00594	0.00372	0.00370	0.00703	0.00827	0.07305	0.18403	0.46549	0.11123	0.00961	0.00446	0.00139	0.00223	0.03749	0.00362	0.00348
6	0.00468	0.00338	0.00439	0.00504	0.00539	0.00314	0.00340	0.00546	0.00759	0.01015	0.11725	0.68712	0.07201	0.04554	0.00530	0.00155	0.00217	0.00985	0.00351	0.00308
7	0.00525	0.00384	0.00441	0.00438	0.00497	0.00365	0.00293	0.00630	0.03571	0.01025	0.21711	0.09120	0.21264	0.36905	0.01058	0.00226	0.00265	0.00670	0.00314	0.00297
8	0.00619	0.00424	0.00527	0.00502	0.00621	0.00381	0.00380	0.00778	0.02853	0.07690	0.35518	0.17884	0.18455	0.00828	0.00436	0.00125	0.00216	0.05045	0.00376	0.06343
9	0.00599	0.00441	0.00535	0.00524	0.00623	0.00432	0.00386	0.02118	0.12048	0.03360	0.38334	0.24631	0.11249	0.02400	0.00468	0.00133	0.00216	0.00743	0.00382	0.00378
10	0.89465	0.00726	0.00551	0.00493	0.00726	0.00842	0.00406	0.01103	0.00638	0.01683	0.00522	0.00609	0.00406	0.00348	0.00232	0.00116	0.00290	0.00203	0.00232	0.00406
11	0.03294	0.00882	0.01079	0.00991	0.11938	0.00932	0.02737	0.40321	0.10220	0.17070	0.05838	0.01132	0.00900	0.00457	0.00378	0.00115	0.00377	0.00373	0.00362	0.00603
12	0.08674	0.03519	0.01027	0.23695	0.01439	0.05452	0.00733	0.32591	0.06947	0.05471	0.04201	0.01045	0.00749	0.02370	0.00395	0.00121	0.00417	0.00342	0.00293	0.00519

[dist]
# distance from previous block
# <min> <max>
0	3

[block]
# block no. 2 follows, 73 sequences, length 48
# corresponding to MSA columns:
# 53-100
name=unknown_C
#
# <colnr> <probs for GDERKNQSTAVLIFYWHMCP>
#	G	D	E	R	K	N	Q	S	T	A	V	L	I	F	Y	W	H	M	C	P
0	0.00893	0.24803	0.49048	0.00910	0.01349	0.02785	0.01065	0.07514	0.01935	0.02300	0.00681	0.00785	0.00521	0.00445	0.03342	0.00125	0.00514	0.00268	0.00185	0.00533
1	0.01251	0.08036	0.01086	0.05637	0.01174	0.57651	0.00703	0.06122	0.06701	0.02066	0.00760	0.05701	0.00659	0.00439	0.00347	0.00103	0.00574	0.00311	0.00225	0.00455
2	0.00802	0.00705	0.00874	0.00663	0.00964	0.00609	0.06122	0.01154	0.17429	0.01280	0.00943	0.02962	0.02448	0.00361	0.00318	0.00078	0.00303	0.00309	0.00258	0.61417
3	0.06618	0.00422	0.00588	0.00584	0.00659	0.00488	0.00451	0.00692	0.00602	0.00918	0.00982	0.01471	0.00926	0.07479	0.74708	0.00556	0.00919	0.00397	0.00205	0.00334
4	0.00870	0.00924	0.01848	0.04627	0.29313	0.00891	0.48567	0.01140	0.00866	0.01190	0.00864	0.03046	0.03262	0.00364	0.00418	0.00122	0.00542	0.00428	0.00196	0.00522
5	0.00910	0.00853	0.01452	0.02179	0.78731	0.00853	0.01095	0.01106	0.00829	0.01186	0.00702	0.00943	0.00598	0.00401	0.00446	0.06196	0.00438	0.00334	0.00184	0.00565
6	0.04475	0.00922	0.00973	0.00802	0.01058	0.01042	0.00645	0.41583	0.40681	0.01961	0.01184	0.01127	0.00870	0.00474	0.00373	0.00120	0.00353	0.00374	0.00373	0.00608
7	0.01006	0.00813	0.00868	0.00760	0.00979	0.00922	0.00596	0.14280	0.64182	0.04282	0.01492	0.04384	0.02676	0.00531	0.00385	0.00126	0.00310	0.00439	0.00382	0.00586
8	0.00533	0.00405	0.00468	0.00460	0.00573	0.00365	0.00351	0.01931	0.02472	0.02933	0.29564	0.08034	0.43227	0.00884	0.00447	0.00128	0.00206	0.06298	0.00373	0.00347
9	0.00512	0.00352	0.00457	0.00523	0.00561	0.00331	0.00355	0.00601	0.02446	0.03613	0.03014	0.73317	0.05132	0.05211	0.00541	0.00160	0.00230	0.01977	0.00348	0.00319
10	0.00833	0.00869	0.01485	0.01167	0.01297	0.01051	0.28906	0.00992	0.00680	0.00998	0.00609	0.00947	0.00551	0.03754	0.00987	0.00159	0.53728	0.00376	0.00175	0.00436
11	0.01091	0.05595	0.01036	0.00927	0.05839	0.41246	0.03773	0.02590	0.17715	0.01107	0.01149	0.05658	0.07884	0.00543	0.02116	0.00120	0.00508	0.00385	0.00253	0.00465
12	0.00648	0.00329	0.00493	0.00493	0.00495	0.00331	0.00331	0.00495	0.00493	0.00659	0.00664	0.01152	0.00662	0.01357	0.04442	0.85944	0.00350	0.00329	0.00164	0.00169
13	0.00456	0.00330	0.00432	0.00514	0.00542	0.00305	0.00345	0.00523	0.00726	0.00961	0.02169	0.81732	0.07254	0.01162	0.00477	0.00151	0.00216	0.01051	0.00348	0.00305
14	0.00468	0.00335	0.00437	0.00515	0.00542	0.00314	0.00347	0.00534	0.00717	0.00950	0.02070	0.74802	0.05482	0.07021	0.00577	0.00167	0.00231	0.03852	0.00340	0.00301
15	0.79479	0.00766	0.00605	0.00533	0.00768	0.02278	0.00437	0.06002	0.03814	0.01707	0.00583	0.00657	0.00449	0.00361	0.00248	0.00116	0.00304	0.00220	0.00246	0.00427
16	0.00536	0.00402	0.00603	0.00603	0.00670	0.00469	0.00469	0.00670	0.00603	0.00871	0.01005	0.01474	0.00938	0.02814	0.85328	0.00603	0.01005	0.00402	0.00201	0.00335
17	0.00754	0.01854	0.79120	0.01034	0.01574	0.00846	0.01322	0.01171	0.00791	0.01190	0.00673	0.00791	0.00481	0.00351	0.00351	0.00114	0.00536	0.00273	0.00163	0.06610
18	0.00545	0.00365	0.00417	0.00417	0.00419	0.00368	0.00236	0.00550	0.00548	0.00733	0.01175	0.02418	0.01348	0.83645	0.05058	0.00373	0.00388	0.00540	0.00226	0.00231
19	0.00893	0.00642	0.00782	0.01517	0.00889	0.00521	0.01406	0.04099	0.00877	0.12799	0.08689	0.01134	0.01934	0.03096	0.00367	0.00084	0.00287	0.00312	0.00280	0.59393
20	0.01431	0.00817	0.00990	0.00791	0.01019	0.06560	0.01813	0.12364	0.03333	0.48440	0.01142	0.01098	0.00776	0.00494	0.00541	0.00124	0.16967	0.00356	0.00370	0.00577
21	0.00933	0.00806	0.00848	0.00764	0.00976	0.00933	0.00594	0.01994	0.83797	0.01569	0.01527	0.01400	0.01145	0.00509	0.00382	0.00127	0.00297	0.00424	0.00382	0.00594
22	0.04171	0.00474	0.00612	0.00572	0.00714	0.00433	0.00431	0.02419	0.00887	0.31439	0.05270	0.40968	0.06877	0.00842	0.00428	0.00135	0.00259	0.02240	0.00389	0.00439
23	0.00477	0.00379	0.00415	0.00432	0.00538	0.00329	0.00323	0.00574	0.00835	0.01990	0.04667	0.15788	0.61327	0.02972	0.00488	0.00139	0.00212	0.07447	0.00348	0.00320
24	0.00890	0.00483	0.00631	0.00578	0.00703	0.00475	0.00432	0.02021	0.06481	0.25129	0.06332	0.18421	0.01477	0.16037	0.17881	0.00266	0.00437	0.00568	0.00337	0.00420
25	0.00482	0.00372	0.00417	0.00421	0.00504	0.00332	0.00296	0.00573	0.00824	0.01054	0.19533	0.12812	0.42867	0.17000	0.00722	0.00172	0.00223	0.00754	0.00339	0.00306
26	0.00858	0.02345	0.00800	0.00704	0.00863	0.02766	0.00543	0.08552	0.43956	0.01426	0.09137	0.10444	0.01430	0.07809	0.00571	0.00149	0.05244	0.01560	0.00346	0.00495
27	0.02077	0.01874	0.01205	0.03221	0.27431	0.02906	0.08843	0.06409	0.02166	0.04620	0.00757	0.01720	0.00611	0.00337	0.00340	0.00092	0.00393	0.00307	0.00228	0.34465
28	0.07201	0.26404	0.11928	0.01169	0.20005	0.04230	0.06481	0.07734	0.06621	0.02223	0.00711	0.00822	0.00571	0.00364	0.00342	0.00106	0.02057	0.00289	0.00210	0.00531
29	0.03359	0.00864	0.01414	0.09390	0.62411	0.00888	0.03841	0.07807	0.00910	0.01297	0.00763	0.03966	0.00651	0.00377	0.00374	0.00115	0.00442	0.00361	0.00207	0.00564
30	0.03053	0.00413	0.00460	0.00444	0.00551	0.00401	0.00334	0.00838	0.06798	0.02563	0.30265	0.06496	0.17169	0.00684	0.00377	0.00112	0.00194	0.00581	0.27900	0.00366
31	0.00577	0.00432	0.00503	0.00476	0.00596	0.00407	0.00361	0.00795	0.08582	0.04400	0.34339	0.02853	0.35690	0.02378	0.05791	0.00157	0.00254	0.00670	0.00369	0.00368
32	0.00499	0.00376	0.00417	0.00413	0.00486	0.00342	0.00283	0.00576	0.00783	0.01004	0.17772	0.03059	0.38364	0.31545	0.00967	0.00210	0.00252	0.02042	0.00317	0.00292
33	0.00465	0.00371	0.00417	0.00427	0.00526	0.00323	0.00312	0.00573	0.00875	0.01111	0.21236	0.18830	0.51307	0.00952	0.00450	0.00130	0.00192	0.00818	0.00363	0.00323
34	0.00933	0.00806	0.00848	0.00764	0.00976	0.00933	0.00594	0.01994	0.83797	0.01569	0.01527	0.01400	0.01145	0.00509	0.00382	0.00127	0.00297	0.00424	0.00382	0.00594
35	0.08155	0.01077	0.01078	0.00842	0.01130	0.06969	0.00690	0.71282	0.01629	0.02212	0.00850	0.00863	0.00610	0.00438	0.00362	0.00112	0.00422	0.00321	0.00352	0.00606
36	0.03011	0.00958	0.18306	0.00757	0.01069	0.02259	0.01781	0.14159	0.01079	0.33110	0.09103	0.04327	0.04101	0.00499	0.00378	0.00115	0.00369	0.00407	0.00351	0.03860
37	0.38857	0.00795	0.00811	0.00739	0.06591	0.03652	0.00553	0.16700	0.00996	0.18835	0.05628	0.00955	0.00756	0.00414	0.00315	0.00113	0.00336	0.00302	0.00313	0.02336
38	0.00926	0.00900	0.01570	0.02253	0.78832	0.00895	0.06756	0.01155	0.00856	0.01224	0.00709	0.00934	0.00593	0.00333	0.00376	0.00112	0.00458	0.00342	0.00186	0.00588
39	0.04728	0.00661	0.00860	0.00671	0.00951	0.00601	0.00551	0.04627	0.05760	0.72924	0.01438	0.02556	0.00936	0.00473	0.00374	0.00117	0.00319	0.00383	0.00447	0.00623
40	0.00900	0.00852	0.01412	0.08492	0.69592	0.00873	0.01078	0.01183	0.06821	0.01239	0.03399	0.01027	0.00720	0.00364	0.00375	0.00114	0.00431	0.00352	0.00206	0.00573
41	0.00714	0.00664	0.00940	0.00837	0.00862	0.00893	0.00684	0.00813	0.00588	0.00891	0.00725	0.01107	0.01860	0.02503	0.30227	0.00317	0.54449	0.00363	0.00180	0.00381
42	0.00458	0.00330	0.00434	0.00514	0.00543	0.00306	0.00345	0.00527	0.00732	0.00971	0.03739	0.80857	0.06544	0.01156	0.00476	0.00150	0.00216	0.01046	0.00350	0.00306
43	0.02659	0.11849	0.14685	0.02067	0.19703	0.07985	0.08078	0.05813	0.08007	0.03448	0.00879	0.07572	0.00760	0.00448	0.00397	0.00116	0.03688	0.01099	0.00228	0.00519
44	0.20663	0.01824	0.04999	0.00984	0.16669	0.01572	0.03673	0.01800	0.00750	0.05070	0.00702	0.00931	0.00597	0.06949	0.00533	0.00125	0.10068	0.00294	0.00219	0.21578
45	0.04251	0.00444	0.00556	0.00547	0.00660	0.00414	0.00402	0.03664	0.00855	0.19359	0.04920	0.48387	0.11370	0.00939	0.01264	0.00142	0.00252	0.00806	0.00371	0.00396
46	0.01763	0.00780	0.09048	0.01134	0.25239	0.00673	0.02240	0.01116	0.13627	0.03958	0.18095	0.06810	0.08506	0.00556	0.00394	0.00117	0.00333	0.00492	0.00294	0.04825
47	0.03159	0.16979	0.15964	0.00935	0.06211	0.16162	0.00821	0.22513	0.03828	0.07887	0.00777	0.00826	0.00584	0.00391	0.00337	0.00105	0.00470	0.00286	0.00256	0.01511

[dist]
# distance from previous block
# <min> <max>
1	19

[block]
# block no. 3 follows, 73 sequences, length 7
# corresponding to MSA columns:
# 120-126
name=unknown_D
#
# <colnr> <probs for GDERKNQSTAVLIFYWHMCP>
#	G	D	E	R	K	N	Q	S	T	A	V	L	I	F	Y	W	H	M	C	P
0	0.02930	0.03546	0.06365	0.01189	0.22319	0.15614	0.00805	0.16790	0.11775	0.01424	0.00880	0.02788	0.00719	0.00421	0.00356	0.00108	0.00437	0.02187	0.01957	0.07388
1	0.00528	0.00374	0.00465	0.00477	0.00555	0.00341	0.00345	0.00643	0.00878	0.03664	0.31746	0.27432	0.20866	0.06035	0.00541	0.00147	0.00214	0.04049	0.00368	0.00332
2	0.00803	0.05603	0.51788	0.01052	0.06145	0.04406	0.06006	0.04199	0.02764	0.01213	0.04287	0.04547	0.04681	0.00438	0.00370	0.00118	0.00493	0.00364	0.00204	0.00520
3	0.00470	0.00364	0.00421	0.00441	0.00521	0.00323	0.00313	0.00565	0.00831	0.01067	0.17763	0.28093	0.39646	0.06770	0.00553	0.00149	0.00208	0.00836	0.00352	0.00314
4	0.00599	0.00344	0.00491	0.03656	0.00572	0.00343	0.00348	0.00519	0.00563	0.00744	0.01105	0.17693	0.04858	0.07377	0.01222	0.58330	0.00308	0.00505	0.00212	0.00211
5	0.00961	0.00844	0.05153	0.01051	0.09896	0.00785	0.19119	0.08247	0.18141	0.10985	0.03649	0.01434	0.10717	0.00473	0.00394	0.00117	0.00395	0.00435	0.00302	0.06903
6	0.00768	0.00699	0.01125	0.78805	0.02465	0.00861	0.01014	0.07834	0.00835	0.01076	0.00686	0.00992	0.00512	0.00381	0.00375	0.00124	0.00493	0.00334	0.00184	0.00435

[dist]
# distance from previous block
# <min> <max>
3	6

[block]
# block no. 4 follows, 73 sequences, length 13
# corresponding to MSA columns:
# 133-145
name=unknown_E
#
# <colnr> <probs for GDERKNQSTAVLIFYWHMCP>
#	G	D	E	R	K	N	Q	S	T	A	V	L	I	F	Y	W	H	M	C	P
0	0.07694	0.00974	0.11994	0.03371	0.08139	0.03800	0.05612	0.00994	0.00669	0.01038	0.00601	0.00912	0.00546	0.04789	0.02282	0.00162	0.45477	0.00328	0.00177	0.00441
1	0.08233	0.01555	0.01047	0.00919	0.01135	0.64144	0.02650	0.09419	0.01095	0.05509	0.00658	0.00733	0.00518	0.00392	0.00338	0.00101	0.00601	0.00260	0.00228	0.00465
2	0.00938	0.03703	0.05372	0.09970	0.43578	0.02793	0.02586	0.04004	0.03470	0.07881	0.03306	0.06636	0.01949	0.00440	0.00391	0.00117	0.01696	0.00397	0.00236	0.00538
3	0.05423	0.01100	0.16562	0.01527	0.35893	0.05705	0.10758	0.05980	0.00910	0.04553	0.00971	0.01102	0.07038	0.00399	0.00374	0.00115	0.00466	0.00362	0.00219	0.00541
4	0.00556	0.00388	0.00542	0.00567	0.00630	0.00363	0.03662	0.00668	0.02742	0.05404	0.08387	0.66065	0.05055	0.02458	0.00489	0.00149	0.00240	0.00943	0.00352	0.00340
5	0.00553	0.00371	0.00442	0.00449	0.00461	0.00376	0.00279	0.00571	0.00573	0.00767	0.01213	0.02473	0.01369	0.70829	0.08232	0.03322	0.00411	0.06837	0.00232	0.00243
6	0.00880	0.11658	0.24286	0.05632	0.19417	0.05516	0.04321	0.03311	0.07545	0.02643	0.08333	0.01122	0.02901	0.00416	0.00362	0.00113	0.00448	0.00352	0.00225	0.00521
7	0.00962	0.38532	0.10756	0.04151	0.27513	0.06451	0.04543	0.01161	0.00819	0.01043	0.00615	0.00762	0.00521	0.00335	0.00314	0.00099	0.00463	0.00269	0.00172	0.00521
8	0.00526	0.00362	0.00465	0.00505	0.00553	0.00339	0.00353	0.00614	0.00784	0.03163	0.17298	0.45269	0.06978	0.13894	0.00685	0.00177	0.00243	0.07132	0.00345	0.00315
9	0.00618	0.00411	0.00499	0.00507	0.02397	0.00364	0.00365	0.00730	0.00884	0.10409	0.18345	0.19415	0.37713	0.03141	0.00481	0.00136	0.00221	0.02636	0.00367	0.00362
10	0.03568	0.18274	0.18877	0.03932	0.15038	0.04460	0.03457	0.05995	0.02835	0.12039	0.02977	0.00916	0.00667	0.00376	0.00337	0.00105	0.00435	0.00302	0.00236	0.05174
11	0.00766	0.03252	0.20547	0.02686	0.03826	0.01520	0.12416	0.02398	0.03123	0.07599	0.14109	0.20885	0.04004	0.00632	0.00413	0.00126	0.00384	0.00572	0.00286	0.00456
12	0.00587	0.00385	0.00490	0.00522	0.00598	0.00355	0.00385	0.00685	0.00810	0.07517	0.09165	0.37756	0.17396	0.07638	0.00578	0.00162	0.00249	0.14030	0.00353	0.00338

[dist]
# distance from previous block
# <min> <max>
2	10

[block]
# block no. 5 follows, 73 sequences, length 24
# corresponding to MSA columns:
# 156-179
name=unknown_F
#
# <colnr> <probs for GDERKNQSTAVLIFYWHMCP>
#	G	D	E	R	K	N	Q	S	T	A	V	L	I	F	Y	W	H	M	C	P
0	0.00981	0.04507	0.06627	0.05647	0.22489	0.05684	0.00803	0.13805	0.15338	0.03416	0.04493	0.01143	0.03863	0.00427	0.00362	0.00109	0.00396	0.00357	0.00271	0.09282
1	0.00508	0.00376	0.00479	0.00478	0.00552	0.00359	0.00348	0.00633	0.00864	0.01181	0.39287	0.14363	0.16378	0.08855	0.13424	0.00220	0.00327	0.00698	0.00344	0.00327
2	0.85832	0.00722	0.00565	0.00501	0.00735	0.00830	0.00412	0.01133	0.00657	0.05121	0.00562	0.00637	0.00428	0.00353	0.00238	0.00116	0.00291	0.00210	0.00242	0.00416
3	0.00735	0.00578	0.00715	0.05065	0.04057	0.00616	0.00533	0.05825	0.19255	0.03961	0.24120	0.05468	0.13794	0.00747	0.02190	0.00139	0.03933	0.07478	0.00352	0.00439
4	0.00600	0.00438	0.00520	0.00481	0.00613	0.00374	0.00350	0.00709	0.00811	0.04724	0.14093	0.22730	0.20742	0.10018	0.00568	0.00141	0.00238	0.00668	0.01881	0.19302
5	0.00828	0.05121	0.07114	0.00655	0.01757	0.00613	0.01442	0.03152	0.14530	0.11605	0.15326	0.16375	0.06286	0.00629	0.00388	0.00115	0.00290	0.00540	0.00334	0.12900
6	0.00961	0.08636	0.01467	0.01928	0.64618	0.07190	0.01023	0.03012	0.00893	0.01212	0.04986	0.00976	0.00729	0.00362	0.00361	0.00108	0.00444	0.00333	0.00200	0.00561
7	0.05573	0.78954	0.01855	0.00648	0.00959	0.05034	0.00633	0.01138	0.00769	0.00925	0.00524	0.00605	0.00478	0.00325	0.00244	0.00083	0.00407	0.00202	0.00166	0.00476
8	0.00952	0.00901	0.03769	0.02596	0.35591	0.01860	0.12282	0.14663	0.10271	0.01452	0.07609	0.03111	0.02349	0.00436	0.00392	0.00117	0.00425	0.00409	0.00263	0.00553
9	0.00641	0.00413	0.00576	0.00558	0.00628	0.00448	0.00414	0.00743	0.00640	0.08344	0.02853	0.01729	0.01098	0.23504	0.55142	0.00490	0.00766	0.00441	0.00236	0.00336
10	0.00858	0.09103	0.19075	0.08138	0.07848	0.00910	0.28965	0.02864	0.06439	0.03089	0.08243	0.01110	0.00851	0.00391	0.00388	0.00118	0.00495	0.00385	0.00221	0.00511
11	0.81596	0.00755	0.00603	0.00526	0.00765	0.00870	0.00434	0.08443	0.00739	0.01744	0.00556	0.00635	0.00427	0.00357	0.00245	0.00116	0.00301	0.00215	0.00245	0.00427
12	0.00916	0.00838	0.01307	0.01841	0.61241	0.02559	0.00968	0.03868	0.03222	0.02987	0.00867	0.08585	0.00781	0.00417	0.00373	0.00111	0.00408	0.00392	0.00221	0.08097
13	0.00526	0.00366	0.00412	0.00413	0.00438	0.00354	0.00248	0.00553	0.00629	0.00826	0.06613	0.06128	0.13642	0.65553	0.01548	0.00306	0.00321	0.00611	0.00261	0.00251
14	0.00612	0.00413	0.00513	0.00505	0.00622	0.00379	0.00399	0.00748	0.00905	0.08627	0.23236	0.05570	0.33269	0.01024	0.06907	0.00169	0.00289	0.15089	0.00363	0.00361
15	0.01084	0.30997	0.07744	0.00871	0.05268	0.09331	0.06964	0.01336	0.08706	0.15727	0.02386	0.05574	0.00797	0.00431	0.00344	0.00106	0.01218	0.00344	0.00256	0.00516
16	0.00884	0.08182	0.61543	0.01043	0.01535	0.00891	0.09160	0.01253	0.00829	0.10132	0.00757	0.00851	0.00533	0.00361	0.00358	0.00116	0.00525	0.00298	0.00194	0.00553
17	0.00648	0.00327	0.00486	0.00486	0.00486	0.00327	0.00322	0.00491	0.00491	0.00654	0.00671	0.01187	0.00677	0.04360	0.01482	0.85913	0.00327	0.00334	0.00165	0.00165
18	0.01059	0.02113	0.06812	0.05588	0.19060	0.28927	0.04432	0.05996	0.13967	0.01203	0.00891	0.06655	0.00758	0.00445	0.00370	0.00113	0.00500	0.00366	0.00238	0.00507
19	0.02977	0.07304	0.22425	0.00880	0.06804	0.00729	0.05157	0.01170	0.00829	0.12987	0.00796	0.02001	0.00608	0.00347	0.00326	0.00092	0.00393	0.00287	0.00233	0.33656
20	0.00755	0.00747	0.13264	0.00724	0.05239	0.03356	0.00607	0.00926	0.00886	0.11907	0.19404	0.13229	0.19732	0.00717	0.00477	0.00127	0.06561	0.00597	0.00321	0.00425
21	0.00731	0.00533	0.04963	0.08203	0.00833	0.00502	0.00498	0.09556	0.00746	0.02888	0.05937	0.10636	0.01051	0.04662	0.04718	0.42191	0.00373	0.00442	0.00233	0.00305
22	0.03563	0.22018	0.33056	0.00997	0.08701	0.09099	0.00963	0.08152	0.01959	0.03113	0.00714	0.02723	0.00575	0.00437	0.02304	0.00118	0.00494	0.00288	0.00200	0.00524
23	0.05046	0.15191	0.20226	0.00923	0.09591	0.00891	0.00814	0.08037	0.06943	0.19967	0.05208	0.01031	0.00809	0.00409	0.00343	0.00109	0.00395	0.00324	0.00282	0.03461

[dist]
# distance from previous block
# <min> <max>
1	13

[block]
# block no. 6 follows, 73 sequences, length 17
# corresponding to MSA columns:
# 193-209
name=unknown_G
#
# <colnr> <probs for GDERKNQSTAVLIFYWHMCP>
#	G	D	E	R	K	N	Q	S	T	A	V	L	I	F	Y	W	H	M	C	P
0	0.24888	0.14031	0.18004	0.00883	0.08665	0.05480	0.00773	0.10289	0.02599	0.08408	0.02319	0.00824	0.00597	0.00379	0.00312	0.00110	0.00409	0.00275	0.00242	0.00514
1	0.00611	0.00394	0.00498	0.00509	0.00579	0.00364	0.00350	0.00681	0.00716	0.08084	0.01748	0.43137	0.06219	0.21924	0.04513	0.00213	0.00301	0.02299	0.00313	0.06547
2	0.00954	0.09551	0.27109	0.02808	0.16396	0.12583	0.06918	0.05078	0.09588	0.01225	0.02081	0.00903	0.00634	0.00376	0.00355	0.00111	0.00497	0.00312	0.00210	0.02314
3	0.02297	0.00671	0.07281	0.00738	0.05346	0.00592	0.03293	0.07981	0.08718	0.05848	0.13808	0.15581	0.06599	0.08082	0.07818	0.00184	0.00375	0.00560	0.00311	0.03915
4	0.00624	0.00512	0.03136	0.00577	0.03525	0.02807	0.00429	0.03371	0.01000	0.04242	0.50318	0.10366	0.15085	0.01775	0.00451	0.00124	0.00232	0.00672	0.00374	0.00378
5	0.01028	0.76739	0.04825	0.00685	0.01003	0.08628	0.00675	0.01158	0.00789	0.00897	0.00532	0.00615	0.00481	0.00328	0.00253	0.00083	0.00430	0.00207	0.00163	0.00480
6	0.00752	0.00427	0.00525	0.00478	0.00612	0.00381	0.00365	0.00891	0.00956	0.18117	0.32652	0.07608	0.23586	0.02306	0.00442	0.00124	0.00215	0.00638	0.08530	0.00396
7	0.02973	0.00870	0.02841	0.00769	0.01057	0.00880	0.00642	0.38362	0.11078	0.33306	0.02545	0.01125	0.00847	0.00464	0.00375	0.00116	0.00361	0.00365	0.00403	0.00622
8	0.03322	0.00523	0.00666	0.00707	0.07846	0.01803	0.00475	0.03062	0.03944	0.12022	0.15306	0.36082	0.04654	0.00790	0.00419	0.00127	0.00264	0.00699	0.00347	0.06943
9	0.48818	0.03071	0.00677	0.00564	0.00776	0.00739	0.02017	0.03035	0.06462	0.08606	0.02495	0.11293	0.00867	0.03613	0.00360	0.00126	0.00297	0.00368	0.00280	0.05536
10	0.00472	0.00347	0.00431	0.00480	0.00528	0.00318	0.00327	0.00551	0.00774	0.01019	0.12949	0.53061	0.17798	0.08401	0.00590	0.00161	0.00220	0.00921	0.00346	0.00307
11	0.01407	0.08374	0.01181	0.00831	0.01133	0.01150	0.00696	0.70830	0.01633	0.07677	0.00907	0.00900	0.00644	0.00440	0.00364	0.00110	0.00406	0.00329	0.00363	0.00625
12	0.02196	0.01105	0.18737	0.07692	0.24852	0.03036	0.11051	0.08918	0.05166	0.06210	0.00870	0.02000	0.02246	0.00403	0.00412	0.00120	0.03856	0.00356	0.00228	0.00546
13	0.00890	0.00565	0.00664	0.00590	0.00747	0.00571	0.00455	0.13597	0.11740	0.13916	0.22171	0.16225	0.06380	0.00688	0.00403	0.00121	0.00257	0.00589	0.08970	0.00460
14	0.00560	0.00409	0.03269	0.00548	0.00599	0.00364	0.00409	0.00608	0.02720	0.00922	0.04148	0.38032	0.05053	0.02470	0.00800	0.27453	0.00280	0.10787	0.00286	0.00282
15	0.03467	0.01517	0.53144	0.04198	0.04848	0.03600	0.05099	0.01309	0.00856	0.17221	0.00826	0.00900	0.00571	0.00376	0.00362	0.00118	0.00503	0.00306	0.00223	0.00557
16	0.01968	0.02035	0.00768	0.00764	0.07916	0.08393	0.01815	0.05659	0.05442	0.03668	0.21254	0.15155	0.10994	0.02599	0.02557	0.00140	0.03513	0.02128	0.00319	0.02915

[dist]
# distance from previous block
# <min> <max>
0	1

[block]
# block no. 7 follows, 73 sequences, length 18
# corresponding to MSA columns:
# 211-228
name=unknown_H
#
# <colnr> <probs for GDERKNQSTAVLIFYWHMCP>
#	G	D	E	R	K	N	Q	S	T	A	V	L	I	F	Y	W	H	M	C	P
0	0.00943	0.00925	0.01492	0.04561	0.78541	0.04603	0.01130	0.01161	0.00861	0.01205	0.00699	0.00919	0.00587	0.00338	0.00370	0.00111	0.00457	0.00330	0.00186	0.00582
1	0.01000	0.83827	0.01924	0.00646	0.00963	0.01464	0.00640	0.01156	0.03857	0.00908	0.00559	0.00632	0.00506	0.00328	0.00246	0.00082	0.00397	0.00209	0.00169	0.00486
2	0.01201	0.18602	0.29771	0.01023	0.03492	0.02146	0.02141	0.14469	0.03608	0.07363	0.02004	0.02237	0.02147	0.00547	0.00434	0.00146	0.00510	0.01589	0.00313	0.06257
3	0.00899	0.13929	0.26153	0.02754	0.15406	0.07208	0.09907	0.01195	0.04628	0.03842	0.00870	0.01001	0.04259	0.00485	0.03656	0.00132	0.02630	0.00331	0.00200	0.00516
4	0.00752	0.01941	0.84871	0.01069	0.01624	0.00871	0.01386	0.01188	0.00792	0.01188	0.00673	0.00792	0.00475	0.00356	0.00356	0.00119	0.00554	0.00277	0.00158	0.00554
5	0.00641	0.00590	0.00964	0.02179	0.05561	0.02135	0.20909	0.00806	0.02878	0.01042	0.04975	0.26378	0.12023	0.14853	0.00686	0.00172	0.00369	0.02188	0.00278	0.00374
6	0.10381	0.09079	0.06302	0.08714	0.14278	0.09417	0.00765	0.07361	0.02079	0.26705	0.00912	0.00948	0.00649	0.00395	0.00343	0.00111	0.00418	0.00310	0.00287	0.00546
7	0.00795	0.00640	0.00661	0.03225	0.03661	0.12098	0.00473	0.02711	0.04932	0.08135	0.01400	0.26364	0.02613	0.17904	0.08015	0.00215	0.00411	0.01982	0.03389	0.00376
8	0.00548	0.00437	0.00503	0.00531	0.00622	0.00432	0.00384	0.00814	0.16515	0.01096	0.02482	0.42874	0.26746	0.00977	0.00451	0.00141	0.00229	0.03500	0.00355	0.00364
9	0.01015	0.00937	0.01264	0.22317	0.26051	0.10176	0.06135	0.13733	0.05352	0.04490	0.00819	0.03102	0.00651	0.00407	0.00392	0.00117	0.01927	0.00356	0.00236	0.00525
10	0.00767	0.00501	0.00602	0.00556	0.00704	0.00486	0.00435	0.01077	0.15865	0.14200	0.29991	0.04729	0.19802	0.00748	0.00429	0.00127	0.00239	0.07916	0.00394	0.00431
11	0.01598	0.00775	0.00955	0.00732	0.01026	0.00754	0.00605	0.28791	0.01302	0.57449	0.01288	0.01152	0.00832	0.00460	0.00377	0.00115	0.00350	0.00364	0.00435	0.00638
12	0.11115	0.00907	0.00996	0.00771	0.01061	0.00967	0.00637	0.52823	0.01459	0.23973	0.01012	0.00968	0.00689	0.00443	0.00360	0.00114	0.00375	0.00333	0.00383	0.00613
13	0.00962	0.00923	0.01378	0.15117	0.58602	0.07759	0.01059	0.02775	0.03458	0.03301	0.00738	0.00942	0.00597	0.00356	0.00370	0.00113	0.00465	0.00331	0.00200	0.00556
14	0.23663	0.00721	0.00775	0.00632	0.00877	0.00752	0.00515	0.19315	0.06023	0.29166	0.01177	0.02641	0.03473	0.00461	0.00334	0.00114	0.00312	0.00351	0.08162	0.00535
15	0.01332	0.00977	0.01044	0.00816	0.01092	0.01082	0.00669	0.70606	0.07936	0.02228	0.00974	0.00978	0.00702	0.00454	0.00367	0.00112	0.00385	0.00345	0.07288	0.00612
16	0.00921	0.42359	0.01318	0.00640	0.00876	0.04755	0.00566	0.05014	0.11516	0.03306	0.22056	0.01367	0.01396	0.00485	0.00329	0.00101	0.00340	0.01909	0.00276	0.00470
17	0.03760	0.00877	0.03536	0.02234	0.18543	0.12808	0.06027	0.03290	0.08775	0.10770	0.14386	0.04583	0.04904	0.03324	0.00437	0.00124	0.00396	0.00444	0.00293	0.00489

[dist]
# distance from previous block
# <min> <max>
0	1

[block]
# block no. 8 follows, 73 sequences, length 36
# corresponding to MSA columns:
# 230-265
name=unknown_I
#
# <colnr> <probs for GDERKNQSTAVLIFYWHMCP>
#	G	D	E	R	K	N	Q	S	T	A	V	L	I	F	Y	W	H	M	C	P
0	0.00562	0.00393	0.00513	0.00569	0.00617	0.00389	0.00438	0.00662	0.00741	0.00975	0.03257	0.15791	0.01970	0.29326	0.00970	0.00232	0.00329	0.41656	0.00308	0.00301
1	0.00633	0.00478	0.00614	0.00665	0.00769	0.00491	0.00558	0.00931	0.13754	0.01184	0.04215	0.09582	0.07220	0.00952	0.00487	0.00160	0.00315	0.56260	0.00353	0.00380
2	0.01053	0.31757	0.08326	0.01031	0.10255	0.14786	0.08625	0.08819	0.07915	0.01183	0.01806	0.00829	0.00612	0.00372	0.00334	0.00102	0.01177	0.00290	0.00213	0.00516
3	0.00769	0.05204	0.00730	0.00622	0.00746	0.02491	0.00469	0.10634	0.16908	0.02842	0.04242	0.18557	0.01381	0.15777	0.16657	0.00257	0.00450	0.00551	0.00301	0.00413
4	0.00514	0.00354	0.00438	0.00474	0.00490	0.00350	0.00302	0.00553	0.00628	0.00839	0.01544	0.34635	0.01801	0.46065	0.05769	0.00288	0.00341	0.04072	0.00277	0.00268
5	0.01162	0.00887	0.05454	0.00797	0.01059	0.02836	0.04452	0.26134	0.23161	0.16661	0.12141	0.01345	0.01192	0.00497	0.00387	0.00118	0.00358	0.00412	0.00373	0.00574
6	0.01101	0.49400	0.04957	0.00917	0.08197	0.25941	0.02610	0.01240	0.00862	0.00942	0.00566	0.00668	0.00493	0.00343	0.00290	0.00090	0.00497	0.00233	0.00173	0.00481
7	0.00830	0.17591	0.59012	0.01071	0.05071	0.00986	0.06725	0.01186	0.00800	0.02472	0.00665	0.00785	0.00495	0.00348	0.00342	0.00112	0.00523	0.00278	0.00167	0.00541
8	0.00557	0.00404	0.00545	0.00618	0.00696	0.00392	0.00512	0.00701	0.00843	0.01096	0.05695	0.20022	0.10600	0.01043	0.00500	0.00162	0.00298	0.54634	0.00349	0.00335
9	0.00690	0.00520	0.00613	0.00579	0.00704	0.00529	0.00454	0.11675	0.09649	0.01404	0.28364	0.06021	0.13904	0.07235	0.00553	0.00150	0.00270	0.15922	0.00366	0.00398
10	0.04376	0.00945	0.07166	0.15407	0.12973	0.10820	0.00788	0.06995	0.19813	0.03583	0.07910	0.04110	0.02556	0.00477	0.00375	0.00119	0.00410	0.00398	0.00276	0.00504
11	0.00927	0.00506	0.00592	0.00516	0.00692	0.02408	0.00404	0.01065	0.02021	0.30288	0.14422	0.05453	0.34669	0.00725	0.00412	0.00121	0.00246	0.00608	0.03485	0.00441
12	0.00526	0.00385	0.00471	0.00452	0.00553	0.00345	0.00338	0.00673	0.00984	0.03105	0.54934	0.07485	0.26698	0.00835	0.00443	0.00122	0.00186	0.00725	0.00392	0.00347
13	0.01005	0.80599	0.05560	0.00671	0.00998	0.04135	0.00677	0.01138	0.00773	0.00897	0.00530	0.00613	0.00481	0.00325	0.00249	0.00082	0.00417	0.00205	0.00161	0.00483
14	0.00879	0.09891	0.59827	0.01087	0.05941	0.07136	0.03986	0.01232	0.00828	0.04838	0.00692	0.00802	0.00506	0.00358	0.00349	0.00113	0.00535	0.00280	0.00177	0.00543
15	0.06960	0.18053	0.63237	0.00948	0.01436	0.00986	0.01176	0.01170	0.00776	0.01164	0.00634	0.00743	0.00472	0.00349	0.00326	0.00111	0.00507	0.00258	0.00164	0.00530
16	0.00705	0.00651	0.05362	0.12757	0.18369	0.00613	0.02164	0.00958	0.08856	0.04056	0.05030	0.33185	0.04315	0.00716	0.00419	0.00132	0.00338	0.00647	0.00287	0.00440
17	0.00959	0.02961	0.01409	0.12632	0.59247	0.11273	0.01059	0.01181	0.02365	0.01148	0.00693	0.00906	0.00575	0.00353	0.00377	0.00112	0.01696	0.00321	0.00187	0.00547
18	0.00556	0.00458	0.00494	0.00478	0.00605	0.00441	0.00359	0.00841	0.16329	0.01189	0.16807	0.06256	0.48004	0.03869	0.00486	0.00135	0.00217	0.01745	0.00361	0.00371
19	0.01075	0.00878	0.00943	0.00827	0.02908	0.00998	0.00641	0.25294	0.58381	0.01790	0.01329	0.01246	0.00987	0.00488	0.00380	0.00123	0.00334	0.00397	0.00375	0.00607
20	0.01275	0.04495	0.01111	0.00959	0.01119	0.66139	0.00741	0.01370	0.00958	0.00914	0.00561	0.00702	0.00485	0.00437	0.00508	0.00109	0.17242	0.00257	0.00187	0.00432
21	0.01331	0.00822	0.02304	0.00732	0.00983	0.04737	0.00600	0.33031	0.01307	0.31545	0.11521	0.05129	0.01183	0.00576	0.02314	0.00127	0.00369	0.00423	0.00395	0.00570
22	0.02918	0.14809	0.04430	0.04788	0.38085	0.02531	0.15833	0.01230	0.02882	0.07848	0.00759	0.00917	0.00598	0.00347	0.00360	0.00110	0.00465	0.00331	0.00209	0.00549
23	0.00496	0.00376	0.00527	0.00553	0.00601	0.00352	0.04757	0.00573	0.00726	0.00962	0.04886	0.59898	0.08121	0.13552	0.00682	0.00179	0.00259	0.01869	0.00324	0.00307
24	0.01341	0.00942	0.01032	0.00808	0.01085	0.01028	0.00662	0.61796	0.09899	0.10049	0.06608	0.01114	0.00911	0.00479	0.00381	0.00115	0.00376	0.00373	0.00387	0.00615
25	0.00928	0.57027	0.21997	0.00775	0.01142	0.04109	0.03444	0.01129	0.00788	0.00974	0.00709	0.00793	0.04083	0.00359	0.00287	0.00094	0.00446	0.00254	0.00170	0.00491
26	0.02208	0.00980	0.01531	0.13919	0.46705	0.10380	0.16501	0.01172	0.00866	0.01155	0.00693	0.00922	0.00561	0.00343	0.00380	0.00115	0.00512	0.00342	0.00185	0.00532
27	0.00462	0.00373	0.00412	0.00419	0.00523	0.00322	0.00308	0.00568	0.00874	0.01099	0.18915	0.15892	0.56622	0.00949	0.00449	0.00129	0.00192	0.00811	0.00361	0.00322
28	0.00802	0.09263	0.72138	0.01045	0.01565	0.00920	0.04812	0.01198	0.00800	0.03133	0.00683	0.00796	0.00491	0.00354	0.00351	0.00116	0.00539	0.00280	0.00167	0.00548
29	0.05342	0.22624	0.01912	0.02108	0.05117	0.29606	0.00680	0.05772	0.06531	0.12512	0.00807	0.02766	0.00644	0.00409	0.00337	0.00103	0.01692	0.00292	0.00248	0.00500
30	0.00891	0.00878	0.04240	0.06560	0.68604	0.00852	0.01083	0.03275	0.00870	0.01234	0.02751	0.04684	0.00753	0.00394	0.00379	0.00115	0.00434	0.01235	0.00203	0.00564
31	0.00452	0.00371	0.00399	0.00416	0.00521	0.00318	0.00306	0.00546	0.00837	0.01022	0.06166	0.19010	0.64580	0.00988	0.00452	0.00132	0.00198	0.02616	0.00350	0.00316
32	0.00954	0.68519	0.16761	0.00755	0.01120	0.01354	0.03982	0.01138	0.00772	0.00950	0.00558	0.00652	0.00484	0.00327	0.00269	0.00089	0.00438	0.00224	0.00161	0.00495
33	0.01095	0.52976	0.04632	0.00798	0.03870	0.18365	0.00702	0.08050	0.02720	0.01052	0.00630	0.02415	0.00553	0.00368	0.00288	0.00091	0.00459	0.00250	0.00194	0.00490
34	0.02842	0.07984	0.08030	0.00847	0.01124	0.22305	0.04237	0.17585	0.12284	0.08623	0.04075	0.01608	0.00779	0.00425	0.00353	0.00107	0.00455	0.00326	0.00284	0.05726
35	0.04370	0.00857	0.01361	0.08837	0.63102	0.01726	0.01034	0.07127	0.00899	0.01288	0.00781	0.05491	0.00682	0.00392	0.00372	0.00115	0.00432	0.00368	0.00209	0.00559

[dist]
# distance from previous block
# <min> <max>
7	19

[block]
# block no. 9 follows, 73 sequences, length 21
# corresponding to MSA columns:
# 285-305
name=unknown_J
#
# <colnr> <probs for GDERKNQSTAVLIFYWHMCP>
#	G	D	E	R	K	N	Q	S	T	A	V	L	I	F	Y	W	H	M	C	P
0	0.42237	0.06741	0.01973	0.00666	0.03683	0.10489	0.00525	0.10207	0.00876	0.02943	0.03144	0.02169	0.09154	0.00492	0.01379	0.00120	0.00361	0.02141	0.00260	0.00439
1	0.02361	0.03083	0.10547	0.02372	0.19899	0.06198	0.02946	0.11091	0.02052	0.07202	0.00941	0.05344	0.02949	0.06437	0.02759	0.00149	0.10674	0.00386	0.00243	0.02370
2	0.02889	0.33194	0.08833	0.01326	0.30339	0.10077	0.03752	0.02233	0.00844	0.01085	0.00621	0.00762	0.00525	0.00337	0.00316	0.00099	0.00463	0.00269	0.00179	0.01856
3	0.00557	0.00386	0.00448	0.00436	0.00468	0.00373	0.00263	0.00583	0.00591	0.00807	0.03307	0.08572	0.01427	0.69229	0.03797	0.00324	0.00358	0.00558	0.00240	0.07277
4	0.01072	0.63229	0.04151	0.00729	0.01023	0.15556	0.00685	0.04190	0.02082	0.00962	0.00564	0.00649	0.00498	0.00351	0.00297	0.00088	0.02994	0.00222	0.00177	0.00481
5	0.00728	0.00550	0.00689	0.00578	0.00769	0.00490	0.03802	0.06257	0.02269	0.06702	0.13682	0.15148	0.18625	0.02411	0.00435	0.00114	0.01497	0.00576	0.00322	0.24356
6	0.07397	0.18781	0.20648	0.00859	0.01167	0.30291	0.00824	0.04565	0.03382	0.03525	0.00722	0.00907	0.00597	0.00404	0.00328	0.00106	0.00517	0.04288	0.00209	0.00484
7	0.00719	0.06560	0.00928	0.00750	0.00882	0.09535	0.13533	0.02925	0.02875	0.01014	0.03352	0.33469	0.01500	0.12406	0.07624	0.00200	0.00435	0.00653	0.00269	0.00372
8	0.00471	0.00340	0.00445	0.00505	0.00545	0.00315	0.00346	0.00559	0.00791	0.01066	0.17939	0.66134	0.06982	0.01085	0.00470	0.00144	0.00208	0.00978	0.00361	0.00315
9	0.00924	0.60350	0.27968	0.00776	0.01170	0.01292	0.00875	0.01144	0.00772	0.00978	0.00569	0.00662	0.00480	0.00332	0.00277	0.00092	0.00449	0.00225	0.00160	0.00504
10	0.00634	0.00335	0.00490	0.00490	0.00495	0.00339	0.00328	0.00507	0.00502	0.00674	0.00722	0.01274	0.00732	0.08523	0.07636	0.75238	0.00379	0.00350	0.00171	0.00181
11	0.02999	0.00546	0.00589	0.00524	0.00685	0.00574	0.00410	0.05851	0.20740	0.12998	0.01297	0.01336	0.00970	0.00457	0.00312	0.00103	0.00240	0.00367	0.48536	0.00465
12	0.00536	0.00402	0.00603	0.00603	0.00670	0.00469	0.00469	0.00670	0.00603	0.00871	0.01005	0.01474	0.00938	0.02814	0.85328	0.00603	0.01005	0.00402	0.00201	0.00335
13	0.01242	0.00978	0.01118	0.05820	0.05619	0.02842	0.03102	0.55019	0.14346	0.01999	0.00996	0.01083	0.00747	0.00461	0.00381	0.00117	0.00411	0.02773	0.00344	0.00599
14	0.00778	0.00667	0.00778	0.00556	0.00889	0.00500	0.00445	0.00945	0.00778	0.01223	0.00667	0.00778	0.00556	0.00278	0.00278	0.00056	0.00278	0.00222	0.00222	0.89108
15	0.00450	0.00380	0.00389	0.00387	0.00511	0.00320	0.00290	0.00551	0.00871	0.01051	0.09894	0.03549	0.78206	0.00936	0.00443	0.00126	0.00189	0.00783	0.00353	0.00320
16	0.00470	0.00379	0.00419	0.00413	0.00524	0.00328	0.00308	0.00589	0.00913	0.01160	0.28102	0.06380	0.56892	0.00903	0.00444	0.00125	0.00187	0.00767	0.00368	0.00328
17	0.00872	0.01043	0.06256	0.01534	0.01914	0.00932	0.76997	0.01190	0.00880	0.01199	0.00786	0.01082	0.00605	0.00336	0.00440	0.00127	0.00621	0.02487	0.00192	0.00504
18	0.01425	0.01078	0.01124	0.00867	0.01163	0.04248	0.00714	0.80228	0.01738	0.02311	0.00889	0.00893	0.00632	0.00448	0.00374	0.00112	0.00423	0.00334	0.00369	0.00631
19	0.69726	0.00883	0.06401	0.04800	0.00922	0.06267	0.00540	0.03125	0.00708	0.01568	0.00552	0.00656	0.00428	0.00360	0.00275	0.00116	0.01803	0.00223	0.00224	0.00425
20	0.46908	0.03199	0.04978	0.00775	0.06449	0.08618	0.02151	0.09135	0.03039	0.07244	0.00682	0.00755	0.00516	0.00377	0.00311	0.00113	0.02183	0.00257	0.00251	0.02059

[dist]
# distance from previous block
# <min> <max>
0	1

[block]
# block no. 10 follows, 73 sequences, length 16
# corresponding to MSA columns:
# 307-322
name=unknown_K
#
# <colnr> <probs for GDERKNQSTAVLIFYWHMCP>
#	G	D	E	R	K	N	Q	S	T	A	V	L	I	F	Y	W	H	M	C	P
0	0.01022	0.15905	0.12337	0.01510	0.38044	0.12727	0.02559	0.05297	0.03429	0.02727	0.00702	0.00841	0.00569	0.00355	0.00344	0.00106	0.00479	0.00297	0.00199	0.00549
1	0.00540	0.00385	0.00518	0.00518	0.00555	0.00423	0.00363	0.00615	0.00578	0.00808	0.01083	0.01906	0.01125	0.39767	0.48631	0.00498	0.00723	0.00465	0.00213	0.00288
2	0.00978	0.69711	0.15542	0.00725	0.01079	0.04685	0.00767	0.01149	0.00779	0.00934	0.00549	0.00636	0.00481	0.00329	0.00264	0.00087	0.00437	0.00215	0.00161	0.00492
3	0.00457	0.00326	0.00435	0.00522	0.00544	0.00305	0.00348	0.00522	0.00718	0.00958	0.02068	0.86570	0.02481	0.01175	0.00479	0.00152	0.00218	0.01067	0.00348	0.00305
4	0.00906	0.00837	0.01367	0.27550	0.52208	0.00898	0.01079	0.08396	0.00904	0.01246	0.00711	0.00948	0.00570	0.00357	0.00373	0.00116	0.00459	0.00334	0.00197	0.00544
5	0.00733	0.00549	0.00648	0.00533	0.00720	0.00484	0.00402	0.08132	0.00913	0.03872	0.23641	0.05518	0.04262	0.14780	0.00618	0.00137	0.00273	0.00470	0.00306	0.33010
6	0.01389	0.08703	0.01201	0.00844	0.01146	0.01192	0.00707	0.75918	0.01675	0.02233	0.00867	0.00874	0.00624	0.00439	0.00363	0.00110	0.00412	0.00326	0.00356	0.00624
7	0.01538	0.00606	0.00824	0.00643	0.00908	0.00527	0.00527	0.01687	0.01072	0.74265	0.11895	0.01469	0.01257	0.00502	0.00385	0.00116	0.00301	0.00415	0.00458	0.00603
8	0.00823	0.00911	0.16249	0.22873	0.08969	0.00751	0.10359	0.03809	0.03042	0.07938	0.08977	0.06856	0.03710	0.00495	0.00407	0.00124	0.01435	0.01544	0.00250	0.00480
