[name]
unknown

[dist]
# distance from previous block
# <min> <max>
0	9

[block]
# block no. 0 follows, 71 sequences, length 15
# corresponding to MSA columns:
# 9-23
name=unknown_A
#
# <colnr> <probs for GDERKNQSTAVLIFYWHMCP>
#	G	D	E	R	K	N	Q	S	T	A	V	L	I	F	Y	W	H	M	C	P
0	0.00740	0.12628	0.22155	0.00748	0.01000	0.01705	0.03357	0.04605	0.00850	0.04016	0.01566	0.30517	0.09326	0.00744	0.00412	0.00131	0.00371	0.04411	0.00279	0.00440
1	0.02734	0.07231	0.16851	0.03531	0.01658	0.05426	0.39126	0.10831	0.01970	0.05748	0.00791	0.00943	0.00583	0.00363	0.00398	0.00120	0.00560	0.00369	0.00226	0.00540
2	0.00851	0.00926	0.01907	0.25961	0.02159	0.00942	0.56604	0.01147	0.00855	0.01147	0.00740	0.01025	0.00559	0.00351	0.00456	0.00130	0.03149	0.00417	0.00186	0.00488
3	0.00473	0.00398	0.00413	0.00420	0.00540	0.00345	0.00311	0.00603	0.03888	0.01050	0.03590	0.13339	0.71342	0.00982	0.00455	0.00133	0.00202	0.00829	0.00357	0.00333
4	0.00822	0.00913	0.05452	0.12743	0.09082	0.04135	0.34868	0.02306	0.03108	0.01160	0.01214	0.07539	0.10301	0.00498	0.00462	0.00129	0.04075	0.00492	0.00227	0.00475
5	0.00917	0.02895	0.16062	0.03090	0.05058	0.06584	0.55962	0.01233	0.00890	0.01192	0.00736	0.00959	0.00556	0.00342	0.00434	0.00125	0.01860	0.00397	0.00187	0.00521
6	0.01395	0.00577	0.00782	0.00632	0.00868	0.00505	0.00508	0.01543	0.01065	0.61922	0.17134	0.08547	0.01583	0.00592	0.00407	0.00122	0.00290	0.00501	0.00455	0.00570
7	0.00520	0.00391	0.00481	0.00459	0.00559	0.00352	0.00344	0.00680	0.01032	0.01411	0.63677	0.03073	0.23951	0.00831	0.00452	0.00123	0.00184	0.00723	0.00405	0.00352
8	0.04538	0.19838	0.27870	0.00909	0.01286	0.07894	0.06376	0.09673	0.05043	0.10004	0.02586	0.00904	0.00658	0.00394	0.00346	0.00111	0.00477	0.00305	0.00243	0.00547
9	0.00570	0.00409	0.00456	0.00442	0.00573	0.00356	0.00334	0.00679	0.00884	0.07877	0.09370	0.07795	0.61404	0.01052	0.05908	0.00161	0.00259	0.00756	0.00361	0.00354
10	0.01545	0.00611	0.00831	0.00657	0.00919	0.00531	0.00534	0.01691	0.01074	0.72394	0.08290	0.06759	0.01267	0.00545	0.00398	0.00121	0.00308	0.00455	0.00463	0.00607
11	0.01058	0.01207	0.03526	0.00792	0.00954	0.44557	0.00608	0.03323	0.00974	0.03917	0.01338	0.20482	0.08990	0.00732	0.03336	0.00135	0.00513	0.01529	0.01616	0.00413
12	0.04561	0.14226	0.01295	0.00886	0.01176	0.16707	0.04592	0.46961	0.03019	0.01815	0.00792	0.00836	0.00597	0.00419	0.00354	0.00108	0.00474	0.00307	0.00302	0.00573
13	0.29762	0.00769	0.00804	0.03953	0.00978	0.00763	0.00523	0.15669	0.00951	0.08182	0.00742	0.00811	0.00561	0.00358	0.00298	0.00095	0.00325	0.00259	0.00276	0.33922
14	0.01030	0.04177	0.00976	0.07719	0.01150	0.00922	0.02402	0.10391	0.50435	0.08602	0.04291	0.01436	0.01123	0.00514	0.00391	0.00127	0.00344	0.03028	0.00365	0.00577

[dist]
# distance from previous block
# <min> <max>
0	1

[block]
# block no. 1 follows, 71 sequences, length 18
# corresponding to MSA columns:
# 25-42
name=unknown_B
#
# <colnr> <probs for GDERKNQSTAVLIFYWHMCP>
#	G	D	E	R	K	N	Q	S	T	A	V	L	I	F	Y	W	H	M	C	P
0	0.07622	0.00988	0.02411	0.00792	0.01068	0.11676	0.00648	0.27027	0.12796	0.29318	0.01134	0.01068	0.00784	0.00456	0.00370	0.00117	0.00402	0.00348	0.00377	0.00601
1	0.03398	0.68605	0.04045	0.00734	0.01060	0.05323	0.03923	0.07184	0.00871	0.01058	0.00578	0.00663	0.00505	0.00342	0.00272	0.00089	0.00434	0.00229	0.00185	0.00503
2	0.03921	0.02324	0.07816	0.00804	0.01091	0.08477	0.10920	0.02011	0.00898	0.14886	0.06695	0.03700	0.02871	0.01680	0.02319	0.00118	0.03073	0.00372	0.00275	0.25750
3	0.03018	0.09333	0.10415	0.03569	0.04973	0.08283	0.07003	0.10778	0.03308	0.22233	0.09102	0.02502	0.02856	0.00470	0.00377	0.00115	0.00421	0.00389	0.00314	0.00542
4	0.00604	0.00454	0.00553	0.00590	0.00661	0.00462	0.00416	0.06369	0.12247	0.01180	0.04333	0.66297	0.02250	0.01044	0.00467	0.00148	0.00246	0.00937	0.00364	0.00377
5	0.00932	0.00924	0.01539	0.08147	0.64738	0.04215	0.08678	0.01161	0.00872	0.01210	0.00763	0.03673	0.00655	0.00372	0.00389	0.00117	0.00479	0.00372	0.00194	0.00570
6	0.01019	0.01152	0.06210	0.07651	0.28427	0.18237	0.18702	0.05546	0.02988	0.01229	0.02365	0.03227	0.00690	0.00395	0.00393	0.00117	0.00539	0.00372	0.00213	0.00529
7	0.00928	0.01163	0.08867	0.01532	0.01922	0.06460	0.70772	0.01247	0.00909	0.01208	0.00757	0.00994	0.00568	0.00331	0.00438	0.00127	0.00643	0.00425	0.00192	0.00516
8	0.01643	0.00635	0.00865	0.00669	0.00952	0.00550	0.00550	0.01794	0.01097	0.78978	0.06905	0.01407	0.01124	0.00495	0.00390	0.00119	0.00317	0.00406	0.00471	0.00633
9	0.00487	0.00359	0.00451	0.00500	0.00549	0.00337	0.00345	0.00567	0.00759	0.00996	0.07060	0.48904	0.18253	0.10207	0.06200	0.00202	0.00286	0.02888	0.00337	0.00311
10	0.01002	0.33239	0.27091	0.02478	0.01346	0.12495	0.08508	0.02558	0.02608	0.02875	0.00662	0.00772	0.00526	0.00364	0.00344	0.00105	0.02050	0.00273	0.00186	0.00517
11	0.00553	0.00378	0.00455	0.00458	0.00471	0.00390	0.00281	0.00580	0.00573	0.00777	0.01200	0.04670	0.01346	0.68760	0.17177	0.00411	0.00488	0.00546	0.00231	0.00255
12	0.00494	0.00359	0.00432	0.00473	0.00537	0.00326	0.00330	0.00590	0.00819	0.01095	0.13615	0.44756	0.24155	0.03385	0.00500	0.00145	0.00210	0.00895	0.06561	0.00323
13	0.02531	0.04794	0.14950	0.01068	0.05405	0.43624	0.05892	0.06973	0.07693	0.01182	0.00722	0.00818	0.00568	0.00399	0.00372	0.00109	0.01886	0.00291	0.00218	0.00505
14	0.06235	0.07902	0.23838	0.01252	0.05933	0.10303	0.30111	0.05934	0.00919	0.01260	0.00699	0.00865	0.00533	0.00360	0.00397	0.00119	0.02282	0.00337	0.00196	0.00525
15	0.00668	0.00427	0.00524	0.00517	0.00631	0.00389	0.00386	0.00822	0.04168	0.12063	0.19169	0.27502	0.26216	0.00922	0.00455	0.00136	0.00228	0.04010	0.00386	0.00383
16	0.00940	0.00902	0.01540	0.05741	0.80817	0.00909	0.01172	0.01169	0.00869	0.01242	0.00720	0.00952	0.00603	0.00343	0.00380	0.00114	0.00458	0.00342	0.00189	0.00600
17	0.04326	0.03190	0.01119	0.00954	0.07461	0.06345	0.02888	0.37706	0.16238	0.14235	0.01062	0.01043	0.00763	0.00449	0.00376	0.00117	0.00407	0.00355	0.00356	0.00612

[dist]
# distance from previous block
# <min> <max>
2	5

[block]
# block no. 2 follows, 71 sequences, length 12
# corresponding to MSA columns:
# 49-60
name=unknown_C
#
# <colnr> <probs for GDERKNQSTAVLIFYWHMCP>
#	G	D	E	R	K	N	Q	S	T	A	V	L	I	F	Y	W	H	M	C	P
0	0.06220	0.17632	0.19827	0.00908	0.01233	0.20303	0.05994	0.09002	0.07575	0.03103	0.00801	0.04305	0.00655	0.00419	0.00345	0.00111	0.00501	0.00319	0.00231	0.00515
1	0.43902	0.00706	0.00714	0.00601	0.00843	0.00744	0.00488	0.09492	0.00916	0.27829	0.01040	0.09450	0.00820	0.00489	0.00324	0.00122	0.00311	0.00366	0.00339	0.00504
2	0.00785	0.00460	0.00613	0.00566	0.00682	0.00448	0.00425	0.00901	0.05033	0.14490	0.08950	0.08383	0.08121	0.02839	0.20533	0.19782	0.00457	0.00495	0.00296	0.05740
3	0.00979	0.03647	0.17185	0.04761	0.17685	0.11720	0.33200	0.01264	0.00902	0.03890	0.00739	0.00929	0.00564	0.00351	0.00398	0.00119	0.00578	0.00360	0.00195	0.00535
4	0.00814	0.00581	0.00701	0.00626	0.00772	0.00603	0.00493	0.10583	0.10039	0.08821	0.27607	0.08849	0.13239	0.00743	0.00497	0.00130	0.06863	0.05133	0.00376	0.02530
5	0.00712	0.00407	0.00457	0.00439	0.00502	0.00408	0.00295	0.03450	0.00728	0.06133	0.01250	0.04261	0.01207	0.41535	0.04542	0.00250	0.00323	0.00476	0.32303	0.00323
6	0.02878	0.00508	0.00609	0.00569	0.00699	0.00496	0.00426	0.11007	0.02890	0.12533	0.18507	0.30428	0.11060	0.02939	0.00473	0.00138	0.00256	0.00726	0.02438	0.00419
7	0.04988	0.14848	0.06388	0.00889	0.04473	0.09987	0.03841	0.28759	0.05477	0.06317	0.00947	0.08400	0.00793	0.00478	0.00361	0.00113	0.00431	0.00377	0.00294	0.01838
8	0.00483	0.00362	0.00461	0.00522	0.00578	0.00340	0.00373	0.00572	0.00767	0.00997	0.02414	0.52916	0.21123	0.01292	0.08302	0.00194	0.00301	0.07341	0.00342	0.00320
9	0.00510	0.00358	0.00475	0.00535	0.00576	0.00344	0.00371	0.00590	0.00739	0.02531	0.04170	0.61426	0.06691	0.06127	0.10097	0.00217	0.00325	0.03262	0.00336	0.00320
10	0.04863	0.00818	0.02181	0.01066	0.14631	0.04471	0.09962	0.08693	0.18656	0.04093	0.07878	0.09749	0.07984	0.00575	0.00427	0.00126	0.02504	0.00504	0.00310	0.00510
11	0.07066	0.34569	0.06933	0.02440	0.12229	0.05319	0.05633	0.09651	0.02755	0.02407	0.00760	0.05366	0.00665	0.00459	0.02127	0.00116	0.00449	0.00322	0.00219	0.00514

[dist]
# distance from previous block
# <min> <max>
0	28

[block]
# block no. 3 follows, 71 sequences, length 19
# corresponding to MSA columns:
# 89-107
name=unknown_D
#
# <colnr> <probs for GDERKNQSTAVLIFYWHMCP>
#	G	D	E	R	K	N	Q	S	T	A	V	L	I	F	Y	W	H	M	C	P
0	0.00910	0.02410	0.03692	0.08111	0.01038	0.07162	0.00604	0.20380	0.09393	0.03801	0.05102	0.18101	0.12194	0.00762	0.03476	0.00144	0.00380	0.00567	0.01304	0.00469
1	0.01276	0.20010	0.01262	0.00832	0.01100	0.30735	0.00682	0.24692	0.04203	0.02926	0.00795	0.00843	0.02171	0.00408	0.00335	0.00099	0.00495	0.00285	0.00261	0.06591
2	0.01017	0.47617	0.09030	0.00789	0.02101	0.08099	0.04784	0.05050	0.00867	0.03083	0.00670	0.02431	0.00579	0.00438	0.02928	0.00108	0.00461	0.00267	0.00198	0.09486
3	0.08870	0.02165	0.11398	0.02431	0.01009	0.05577	0.10290	0.01841	0.00862	0.04690	0.10029	0.19588	0.13919	0.00682	0.00426	0.00127	0.02048	0.00591	0.00290	0.03168
4	0.06346	0.00628	0.00700	0.00648	0.00798	0.02360	0.00494	0.11452	0.18869	0.07883	0.07142	0.23584	0.01547	0.03307	0.08250	0.00183	0.00363	0.01726	0.03260	0.00460
5	0.00850	0.00807	0.01361	0.26305	0.54827	0.00853	0.01086	0.01076	0.00837	0.01157	0.00863	0.04103	0.03393	0.00405	0.00387	0.00120	0.00455	0.00383	0.00196	0.00535
6	0.00557	0.00374	0.00431	0.00431	0.00435	0.00379	0.00248	0.00566	0.00561	0.00753	0.01197	0.02446	0.01366	0.81244	0.07195	0.00387	0.00413	0.00548	0.00231	0.00239
7	0.00545	0.00380	0.00459	0.00451	0.00491	0.00371	0.00293	0.00616	0.00745	0.01018	0.26923	0.04624	0.06260	0.48544	0.06448	0.00292	0.00340	0.00616	0.00299	0.00286
8	0.07909	0.00619	0.00732	0.00603	0.00830	0.00585	0.00485	0.11978	0.01083	0.37939	0.06683	0.05927	0.21725	0.00639	0.00400	0.00123	0.00291	0.00523	0.00406	0.00520
9	0.00491	0.00355	0.00455	0.00509	0.00543	0.00343	0.00342	0.00557	0.00702	0.00932	0.01993	0.53545	0.09895	0.16696	0.10551	0.00245	0.00340	0.00889	0.00316	0.00302
10	0.00939	0.01037	0.02195	0.01571	0.01954	0.00983	0.77733	0.06212	0.00960	0.01301	0.00785	0.01027	0.00586	0.00332	0.00448	0.00128	0.00633	0.00446	0.00206	0.00525
11	0.07533	0.00474	0.00569	0.00522	0.00655	0.00457	0.00400	0.00945	0.06037	0.11131	0.49959	0.05487	0.09575	0.02477	0.00457	0.00129	0.00224	0.02162	0.00399	0.00407
12	0.00474	0.00358	0.00434	0.00481	0.00542	0.00322	0.00333	0.00559	0.00808	0.01047	0.11164	0.49826	0.27331	0.03813	0.00521	0.00151	0.00214	0.00946	0.00359	0.00318
13	0.04201	0.27652	0.10070	0.00735	0.01023	0.08000	0.02152	0.14971	0.05393	0.04904	0.01013	0.01061	0.05730	0.00431	0.00322	0.00103	0.00402	0.00320	0.11010	0.00507
14	0.00930	0.39071	0.39297	0.00862	0.01286	0.03935	0.00992	0.02785	0.00834	0.03099	0.00741	0.00824	0.03096	0.00373	0.00315	0.00103	0.00482	0.00268	0.00182	0.00526
15	0.00873	0.00817	0.00883	0.05817	0.07505	0.17488	0.04111	0.04861	0.00897	0.05593	0.01455	0.28635	0.06840	0.00844	0.04374	0.00155	0.04647	0.03500	0.00285	0.00420
16	0.00669	0.00426	0.00514	0.00502	0.00622	0.00387	0.00382	0.00823	0.03252	0.11302	0.20219	0.17430	0.29765	0.00876	0.00445	0.00132	0.00226	0.06567	0.05077	0.00382
17	0.13682	0.07071	0.08026	0.00726	0.01942	0.04184	0.03514	0.07747	0.10820	0.04119	0.04295	0.11179	0.04790	0.00526	0.00356	0.00112	0.00351	0.01287	0.00286	0.14989
18	0.02480	0.05405	0.10254	0.03609	0.13384	0.14355	0.06271	0.07813	0.09584	0.04255	0.01183	0.02345	0.07950	0.06208	0.00487	0.00135	0.00458	0.03066	0.00258	0.00500

[dist]
# distance from previous block
# <min> <max>
0	16

[block]
# block no. 4 follows, 71 sequences, length 20
# corresponding to MSA columns:
# 124-143
name=unknown_E
#
# <colnr> <probs for GDERKNQSTAVLIFYWHMCP>
#	G	D	E	R	K	N	Q	S	T	A	V	L	I	F	Y	W	H	M	C	P
0	0.09534	0.16581	0.01242	0.02026	0.01138	0.26003	0.04674	0.19295	0.10372	0.02743	0.00783	0.00838	0.00610	0.00403	0.00336	0.00106	0.00483	0.00291	0.00262	0.02280
1	0.09012	0.01964	0.07565	0.06883	0.05053	0.14141	0.14169	0.08706	0.02150	0.01281	0.01046	0.06107	0.06622	0.00541	0.02642	0.00130	0.01837	0.01813	0.00241	0.08099
2	0.02895	0.12381	0.36503	0.00983	0.01383	0.14912	0.08324	0.03597	0.02991	0.07011	0.02654	0.00882	0.00623	0.00383	0.00354	0.00111	0.00525	0.00301	0.00214	0.02972
3	0.03262	0.11183	0.11797	0.07960	0.06241	0.01002	0.36911	0.07804	0.04265	0.01296	0.00821	0.00997	0.01833	0.00367	0.00390	0.00119	0.00528	0.00375	0.02326	0.00523
4	0.00584	0.00464	0.00593	0.00672	0.05576	0.02999	0.02493	0.03487	0.00819	0.01092	0.04142	0.59973	0.09180	0.01009	0.00459	0.00143	0.00263	0.00907	0.04791	0.00355
5	0.04479	0.03897	0.05060	0.00758	0.00938	0.09000	0.09556	0.05626	0.01860	0.06826	0.05633	0.10144	0.09608	0.10786	0.10850	0.00213	0.03562	0.00510	0.00275	0.00419
6	0.00793	0.01993	0.08054	0.00754	0.03674	0.01508	0.06405	0.05259	0.06487	0.08308	0.02598	0.13088	0.03980	0.24189	0.09726	0.00246	0.01703	0.00539	0.00280	0.00415
7	0.00477	0.00361	0.00441	0.00488	0.00553	0.00325	0.00344	0.00570	0.00826	0.01072	0.13149	0.48323	0.27303	0.01074	0.00475	0.00144	0.00212	0.03175	0.00364	0.00323
8	0.00986	0.02871	0.01384	0.14580	0.49252	0.15223	0.03376	0.01194	0.00889	0.01158	0.00717	0.00936	0.00589	0.00362	0.00368	0.00112	0.00495	0.00326	0.04648	0.00534
9	0.03534	0.18771	0.06553	0.02820	0.03326	0.15417	0.20858	0.08509	0.09593	0.03462	0.00805	0.00940	0.00636	0.02658	0.00403	0.00118	0.00512	0.00334	0.00233	0.00517
10	0.01058	0.02582	0.06983	0.00861	0.04041	0.07337	0.04309	0.15065	0.21610	0.10479	0.08777	0.01379	0.02715	0.03134	0.04828	0.00153	0.02115	0.00412	0.01626	0.00538
11	0.02088	0.00461	0.00560	0.00546	0.00662	0.00444	0.00412	0.05626	0.03549	0.11194	0.14530	0.30375	0.12084	0.00858	0.00434	0.00133	0.00244	0.05925	0.09474	0.00399
12	0.00554	0.00404	0.00477	0.00494	0.00552	0.00393	0.00340	0.01849	0.04574	0.01033	0.11411	0.22263	0.15672	0.30746	0.00985	0.00222	0.00282	0.07113	0.00322	0.00314
13	0.06199	0.08717	0.17856	0.06874	0.13130	0.06731	0.09084	0.10759	0.07597	0.05668	0.00851	0.01021	0.00660	0.00406	0.00368	0.00118	0.00477	0.02696	0.00242	0.00545
14	0.00592	0.00420	0.00550	0.00554	0.00618	0.00441	0.00406	0.02743	0.01710	0.02613	0.07623	0.20036	0.08420	0.14465	0.26953	0.02669	0.02758	0.03514	0.02581	0.00334
15	0.00475	0.00343	0.00446	0.00518	0.00552	0.00318	0.00350	0.00551	0.00768	0.01023	0.08926	0.72398	0.07645	0.03094	0.00517	0.00156	0.00221	0.01028	0.00359	0.00315
16	0.01026	0.02637	0.01262	0.30414	0.09111	0.10878	0.10553	0.12669	0.05005	0.06377	0.00875	0.01137	0.00682	0.00425	0.00389	0.00122	0.00496	0.03731	0.01706	0.00507
17	0.04815	0.16808	0.10266	0.02388	0.04628	0.05227	0.06968	0.11543	0.07358	0.08326	0.00897	0.02313	0.00737	0.04725	0.02124	0.00139	0.06749	0.01950	0.01525	0.00514
18	0.03791	0.02550	0.03667	0.03666	0.23423	0.04265	0.06489	0.02918	0.00845	0.03530	0.03939	0.15157	0.05899	0.05086	0.06563	0.00171	0.00438	0.02879	0.00256	0.04466
19	0.03251	0.00501	0.00539	0.00513	0.00641	0.02467	0.00386	0.07211	0.03788	0.03068	0.22173	0.15623	0.35448	0.00890	0.01641	0.00136	0.00247	0.00729	0.00368	0.00379

[dist]
# distance from previous block
# <min> <max>
1	51

[block]
# block no. 5 follows, 71 sequences, length 24
# corresponding to MSA columns:
# 195-218
name=unknown_F
#
# <colnr> <probs for GDERKNQSTAVLIFYWHMCP>
#	G	D	E	R	K	N	Q	S	T	A	V	L	I	F	Y	W	H	M	C	P
0	0.02623	0.00720	0.02731	0.01037	0.17683	0.01874	0.06077	0.09215	0.06772	0.06963	0.09733	0.14202	0.11572	0.00654	0.00456	0.02357	0.01792	0.00554	0.00312	0.02672
1	0.04447	0.08507	0.01991	0.06468	0.10361	0.13915	0.08774	0.09018	0.03992	0.04181	0.06135	0.03431	0.09673	0.00605	0.04163	0.00138	0.01912	0.00416	0.00262	0.01612
2	0.04108	0.43662	0.16846	0.00785	0.01118	0.04469	0.02723	0.02286	0.05984	0.06034	0.00751	0.03256	0.00630	0.00436	0.01655	0.00111	0.03137	0.00287	0.00211	0.01511
3	0.00961	0.00770	0.03635	0.00690	0.01025	0.01863	0.06154	0.04488	0.00898	0.12855	0.02876	0.00938	0.00697	0.00337	0.00321	0.00077	0.00333	0.00283	0.00268	0.60529
4	0.00857	0.06309	0.31779	0.00780	0.01116	0.00743	0.00825	0.05489	0.07431	0.09208	0.18125	0.01525	0.05877	0.02793	0.00423	0.00122	0.00385	0.00421	0.00291	0.05502
5	0.00582	0.00445	0.00614	0.00596	0.00636	0.00520	0.00440	0.00670	0.00595	0.00848	0.01027	0.01749	0.01046	0.28927	0.49876	0.00491	0.09962	0.00449	0.00210	0.00316
6	0.00512	0.00377	0.00473	0.00512	0.00575	0.00351	0.00366	0.02148	0.00850	0.01128	0.18533	0.45197	0.16399	0.04635	0.00538	0.00154	0.00228	0.06329	0.00364	0.00329
7	0.00790	0.00753	0.01298	0.53619	0.25666	0.00854	0.05423	0.01036	0.00807	0.01075	0.00761	0.02513	0.00625	0.00401	0.00392	0.00126	0.00493	0.02704	0.00185	0.00478
8	0.01405	0.01731	0.01099	0.01020	0.03797	0.75568	0.00750	0.05866	0.03373	0.01045	0.00641	0.00732	0.00524	0.00400	0.00350	0.00101	0.00659	0.00260	0.00212	0.00465
9	0.05798	0.00878	0.01441	0.02099	0.71940	0.00876	0.01079	0.01238	0.00882	0.08957	0.00784	0.00964	0.00629	0.00355	0.00372	0.00115	0.00435	0.00338	0.00219	0.00601
10	0.00535	0.00391	0.00463	0.00487	0.00552	0.00369	0.00334	0.00662	0.05196	0.02332	0.10386	0.36270	0.21394	0.17935	0.00760	0.00187	0.00247	0.00834	0.00342	0.00325
11	0.03596	0.00774	0.00936	0.00732	0.01016	0.00766	0.00600	0.23841	0.07993	0.50692	0.02615	0.01221	0.00916	0.00476	0.00381	0.00118	0.00345	0.00379	0.01970	0.00633
12	0.02756	0.07759	0.42473	0.01317	0.15289	0.00947	0.14644	0.03349	0.01988	0.04835	0.00747	0.00884	0.00554	0.00360	0.00372	0.00118	0.00527	0.00322	0.00196	0.00563
13	0.00696	0.00509	0.00592	0.00575	0.00692	0.00516	0.00428	0.04849	0.17939	0.04778	0.12614	0.22661	0.16848	0.06095	0.00580	0.03763	0.00263	0.04836	0.00362	0.00403
14	0.00607	0.00409	0.00508	0.00519	0.00574	0.00403	0.00362	0.00704	0.02781	0.05487	0.10403	0.26799	0.08257	0.30269	0.01001	0.00223	0.02729	0.07319	0.00322	0.00323
15	0.25051	0.00776	0.00838	0.00685	0.00951	0.00818	0.00558	0.14224	0.17531	0.32965	0.01168	0.01087	0.00804	0.00450	0.00346	0.00120	0.00329	0.00341	0.00380	0.00580
16	0.02728	0.00898	0.01100	0.19258	0.18918	0.10729	0.00839	0.04549	0.05566	0.03702	0.01195	0.15399	0.02527	0.02856	0.04286	0.00176	0.03946	0.00514	0.00288	0.00526
17	0.00518	0.00390	0.00520	0.00561	0.00619	0.00370	0.02453	0.02068	0.03163	0.01084	0.09258	0.64609	0.09320	0.01089	0.00478	0.00149	0.00235	0.02421	0.00359	0.00337
18	0.00558	0.00372	0.00418	0.00418	0.00418	0.00372	0.00232	0.00558	0.00558	0.00743	0.01208	0.02509	0.01394	0.86525	0.01952	0.00372	0.00372	0.00558	0.00232	0.00232
19	0.00615	0.00404	0.00501	0.00500	0.00588	0.00425	0.00383	0.00808	0.04339	0.01206	0.11156	0.04563	0.07890	0.01428	0.30167	0.00288	0.00491	0.02822	0.31068	0.00359
20	0.00892	0.00718	0.00883	0.08657	0.03398	0.05927	0.03878	0.11439	0.08588	0.05759	0.05136	0.08419	0.01128	0.06646	0.11174	0.00205	0.07076	0.02353	0.07275	0.00450
21	0.00828	0.00590	0.00692	0.00666	0.00812	0.02962	0.00540	0.04770	0.18144	0.09080	0.19385	0.05030	0.03978	0.00774	0.00449	0.00141	0.00304	0.27677	0.02728	0.00449
22	0.00588	0.00451	0.00641	0.00632	0.00715	0.00526	0.00492	0.00817	0.08729	0.00960	0.01079	0.01499	0.00979	0.02645	0.76717	0.00569	0.00956	0.00413	0.00223	0.00368
23	0.24885	0.00668	0.02741	0.00626	0.00813	0.00677	0.02731	0.11346	0.07916	0.03224	0.03497	0.22481	0.10630	0.00692	0.00383	0.00130	0.00298	0.02860	0.00321	0.03083

[dist]
# distance from previous block
# <min> <max>
1	6

[block]
# block no. 6 follows, 71 sequences, length 13
# corresponding to MSA columns:
# 225-237
name=unknown_G
#
# <colnr> <probs for GDERKNQSTAVLIFYWHMCP>
#	G	D	E	R	K	N	Q	S	T	A	V	L	I	F	Y	W	H	M	C	P
0	0.00668	0.00545	0.00756	0.03021	0.00854	0.00543	0.09753	0.06632	0.05073	0.01246	0.07964	0.16662	0.24555	0.02416	0.00489	0.00138	0.02778	0.06713	0.08800	0.00393
1	0.00766	0.05873	0.00707	0.00608	0.00677	0.12715	0.00449	0.00742	0.00650	0.00804	0.03404	0.01202	0.00798	0.01501	0.21975	0.45763	0.00557	0.00344	0.00189	0.00277
2	0.01066	0.04450	0.01029	0.00757	0.01054	0.11734	0.05924	0.14736	0.04171	0.07862	0.04218	0.01011	0.02278	0.00389	0.00340	0.00089	0.00387	0.00313	0.00280	0.37911
3	0.01171	0.20884	0.05119	0.00864	0.01141	0.15865	0.05408	0.18233	0.16866	0.05012	0.00899	0.00935	0.00691	0.00424	0.00371	0.00110	0.02827	0.00318	0.02316	0.00545
4	0.00558	0.00383	0.00438	0.00440	0.00454	0.00385	0.00260	0.00597	0.02607	0.00793	0.01349	0.06976	0.04228	0.73555	0.05154	0.00356	0.00383	0.00586	0.00246	0.00253
5	0.00515	0.00365	0.00431	0.00460	0.00491	0.00350	0.00294	0.00558	0.00672	0.00875	0.01932	0.28154	0.15098	0.42907	0.02956	0.00267	0.00311	0.02796	0.00292	0.00276
6	0.02733	0.04645	0.05489	0.03855	0.39067	0.04886	0.11180	0.04636	0.07483	0.02615	0.05610	0.01085	0.00814	0.00445	0.02222	0.00126	0.00470	0.00368	0.00232	0.02039
7	0.01038	0.64195	0.06639	0.00798	0.03616	0.06619	0.03359	0.03561	0.05186	0.01024	0.00624	0.00706	0.00538	0.00348	0.00281	0.00091	0.00440	0.00240	0.00186	0.00508
8	0.00496	0.00352	0.00450	0.00512	0.00545	0.00331	0.00347	0.00559	0.00735	0.00971	0.05210	0.57270	0.08960	0.13378	0.00727	0.02883	0.00250	0.05388	0.00335	0.00301
9	0.00621	0.00476	0.03611	0.00580	0.00676	0.00419	0.01620	0.00751	0.03116	0.07860	0.05262	0.47612	0.15944	0.03711	0.00539	0.00152	0.03101	0.03232	0.00349	0.00366
10	0.01903	0.01949	0.12763	0.02931	0.06295	0.06983	0.19153	0.15657	0.04846	0.07700	0.04361	0.07725	0.02720	0.00486	0.00413	0.00122	0.01542	0.00438	0.00278	0.01735
11	0.00572	0.00427	0.00530	0.00554	0.00629	0.00422	0.00401	0.00746	0.07714	0.02919	0.07858	0.44307	0.13718	0.05244	0.03279	0.00171	0.02843	0.04844	0.00346	0.02477
12	0.00705	0.00539	0.00623	0.00627	0.03212	0.00550	0.00447	0.06511	0.19403	0.03839	0.07459	0.26975	0.21287	0.04219	0.00497	0.00144	0.00260	0.00726	0.01553	0.00424

[dist]
# distance from previous block
# <min> <max>
1	20

[block]
# block no. 7 follows, 71 sequences, length 25
# corresponding to MSA columns:
# 258-282
name=unknown_H
#
# <colnr> <probs for GDERKNQSTAVLIFYWHMCP>
#	G	D	E	R	K	N	Q	S	T	A	V	L	I	F	Y	W	H	M	C	P
0	0.04234	0.07521	0.01109	0.00876	0.02195	0.34365	0.00689	0.27635	0.04190	0.04644	0.00905	0.00947	0.04031	0.00446	0.00374	0.00108	0.02465	0.00314	0.01251	0.01702
1	0.00876	0.04870	0.14808	0.00810	0.01879	0.00681	0.08993	0.04609	0.01853	0.11863	0.03996	0.13831	0.01999	0.03558	0.06858	0.00161	0.02060	0.00465	0.00275	0.15554
2	0.00581	0.00430	0.00549	0.03590	0.00703	0.00417	0.00419	0.03552	0.02341	0.03067	0.09292	0.39967	0.15841	0.01179	0.09656	0.00191	0.00330	0.03342	0.00337	0.04216
3	0.34352	0.00738	0.00841	0.03565	0.07250	0.00760	0.00581	0.08397	0.00959	0.36028	0.01047	0.01020	0.02043	0.00424	0.00330	0.00118	0.00337	0.00318	0.00344	0.00547
4	0.00598	0.00434	0.00531	0.00551	0.00641	0.00423	0.00404	0.02055	0.09598	0.04157	0.14553	0.39932	0.15844	0.01027	0.02671	0.00155	0.00255	0.05426	0.00370	0.00373
5	0.01042	0.71021	0.04066	0.00690	0.01010	0.01415	0.00676	0.10017	0.00883	0.01075	0.00603	0.00696	0.00532	0.00465	0.04324	0.00112	0.00445	0.00232	0.00190	0.00504
6	0.00562	0.00418	0.00595	0.00590	0.00673	0.00437	0.02768	0.00682	0.00706	0.02905	0.01728	0.14555	0.15115	0.06754	0.45215	0.00406	0.00672	0.04611	0.00268	0.00341
7	0.00549	0.00392	0.00528	0.00531	0.00569	0.00429	0.00372	0.00627	0.00595	0.00832	0.01138	0.04676	0.01192	0.37864	0.47472	0.00499	0.00726	0.00494	0.00222	0.00295
8	0.00675	0.00534	0.00586	0.00610	0.00693	0.05500	0.00438	0.06018	0.09446	0.02899	0.04396	0.56843	0.03184	0.02017	0.00476	0.00147	0.00277	0.03405	0.01475	0.00381
9	0.00793	0.04859	0.01289	0.61455	0.22218	0.00898	0.01072	0.01035	0.00793	0.01042	0.00684	0.00985	0.00533	0.00371	0.00376	0.00122	0.00493	0.00334	0.00175	0.00473
10	0.00686	0.00544	0.00583	0.00571	0.00703	0.00487	0.00415	0.00843	0.08498	0.01334	0.19130	0.11186	0.51387	0.01006	0.00517	0.00159	0.00263	0.00820	0.00423	0.00442
11	0.00673	0.00437	0.00521	0.00534	0.00624	0.00442	0.00396	0.00911	0.10711	0.05347	0.06759	0.33972	0.05656	0.00830	0.00428	0.00131	0.01965	0.05636	0.23642	0.00384
12	0.05583	0.00480	0.00554	0.00572	0.02114	0.03428	0.02312	0.00737	0.00831	0.06703	0.04391	0.38326	0.28591	0.00952	0.00449	0.00139	0.00258	0.02874	0.00346	0.00361
13	0.03509	0.03838	0.01070	0.00812	0.01054	0.02461	0.12109	0.19323	0.01129	0.23861	0.11055	0.01542	0.01199	0.07157	0.04571	0.00163	0.00423	0.03851	0.00349	0.00523
14	0.00465	0.00389	0.00405	0.00401	0.00525	0.00329	0.00301	0.00573	0.00902	0.01103	0.14571	0.03580	0.73249	0.00946	0.00453	0.00128	0.00192	0.00794	0.00365	0.00329
15	0.01107	0.01285	0.01135	0.00998	0.01087	0.38986	0.00795	0.01197	0.00812	0.00930	0.00544	0.00772	0.00499	0.00547	0.00847	0.00137	0.47416	0.00296	0.00181	0.00431
16	0.01154	0.00984	0.05811	0.03951	0.01253	0.01005	0.09288	0.41050	0.18038	0.03525	0.01056	0.01173	0.00804	0.03902	0.04001	0.00152	0.00453	0.01484	0.00333	0.00583
17	0.00774	0.01762	0.71052	0.01043	0.01536	0.00857	0.01296	0.03451	0.00840	0.01234	0.00836	0.01196	0.00678	0.00450	0.00404	0.00128	0.02602	0.09128	0.00189	0.00542
18	0.00457	0.00389	0.00394	0.00393	0.00520	0.00325	0.00294	0.00558	0.00883	0.01058	0.07393	0.03654	0.80455	0.00963	0.00453	0.00129	0.00194	0.00804	0.00359	0.00325
19	0.58407	0.00726	0.00688	0.00574	0.00833	0.00779	0.00474	0.04445	0.00836	0.27740	0.00856	0.00849	0.00592	0.00397	0.00289	0.00119	0.00311	0.00269	0.00317	0.00499
20	0.00990	0.75141	0.13317	0.00716	0.01077	0.01431	0.00760	0.01157	0.00783	0.00945	0.00554	0.00642	0.00491	0.00333	0.00262	0.00087	0.00431	0.00216	0.00164	0.00502
21	0.00957	0.01046	0.01888	0.01724	0.24901	0.07405	0.47909	0.01256	0.03857	0.01216	0.00765	0.00992	0.00601	0.00353	0.00448	0.00124	0.03419	0.00401	0.00199	0.00537
22	0.00768	0.00575	0.00684	0.00665	0.00783	0.00624	0.00508	0.07217	0.23999	0.04192	0.01628	0.24573	0.01632	0.09675	0.06591	0.00202	0.02426	0.12481	0.00344	0.00435
23	0.00500	0.00383	0.00430	0.00434	0.00508	0.00358	0.00299	0.00569	0.00732	0.00920	0.02569	0.06985	0.42764	0.28988	0.11648	0.00271	0.00359	0.00691	0.00297	0.00296
24	0.00932	0.00739	0.00764	0.00668	0.00844	0.09790	0.01888	0.17048	0.06524	0.08282	0.24417	0.07871	0.14157	0.00695	0.00423	0.00124	0.00323	0.03678	0.00371	0.00460

[dist]
# distance from previous block
# <min> <max>
2	36

[block]
# block no. 8 follows, 71 sequences, length 34
# corresponding to MSA columns:
# 321-354
name=unknown_I
#
# <colnr> <probs for GDERKNQSTAVLIFYWHMCP>
#	G	D	E	R	K	N	Q	S	T	A	V	L	I	F	Y	W	H	M	C	P
0	0.00877	0.03280	0.04991	0.21501	0.37740	0.00890	0.13062	0.03283	0.00864	0.01198	0.00749	0.02979	0.00617	0.00369	0.00384	0.00116	0.00483	0.00362	0.00195	0.06060
1	0.00960	0.17977	0.30784	0.02154	0.01258	0.03298	0.05249	0.04068	0.01951	0.11225	0.03722	0.04596	0.00798	0.03805	0.00435	0.00122	0.02254	0.00351	0.00237	0.04759
2	0.02410	0.00610	0.01912	0.00607	0.00767	0.03452	0.01658	0.07657	0.10370	0.10609	0.10783	0.13019	0.25124	0.00801	0.00499	0.05089	0.01365	0.02484	0.00357	0.00427
3	0.00908	0.00874	0.01606	0.01208	0.01489	0.03161	0.46956	0.02950	0.06250	0.07058	0.08359	0.06971	0.03929	0.00499	0.00483	0.00131	0.04803	0.01605	0.00267	0.00492
4	0.00860	0.16581	0.26859	0.06538	0.06466	0.04749	0.04719	0.04614	0.02121	0.03128	0.07247	0.09107	0.02571	0.00504	0.00374	0.00118	0.00448	0.02266	0.00234	0.00496
5	0.00769	0.00717	0.01182	0.47350	0.25902	0.00823	0.00994	0.00985	0.00778	0.01042	0.00844	0.01190	0.03668	0.05216	0.03420	0.00156	0.03944	0.00372	0.00187	0.00461
6	0.01401	0.01728	0.01095	0.00982	0.01176	0.75310	0.00745	0.06426	0.01103	0.01027	0.00608	0.00713	0.00504	0.00414	0.00398	0.00104	0.05345	0.00258	0.00207	0.00456
7	0.01421	0.01636	0.01066	0.00950	0.01161	0.68498	0.00724	0.09164	0.03214	0.05764	0.00730	0.00844	0.00588	0.00423	0.00357	0.00104	0.00629	0.02013	0.00239	0.00478
8	0.02871	0.08943	0.06603	0.00803	0.03074	0.15451	0.02211	0.10939	0.05598	0.08835	0.03720	0.21091	0.02133	0.01608	0.02770	0.00139	0.01924	0.00513	0.00297	0.00474
9	0.00468	0.00342	0.00441	0.00515	0.00552	0.00315	0.00349	0.00542	0.00762	0.01005	0.05134	0.73942	0.11903	0.01160	0.00484	0.00151	0.00218	0.01044	0.00358	0.00315
10	0.00949	0.00911	0.01556	0.02353	0.84133	0.00911	0.01177	0.01177	0.00873	0.01253	0.00721	0.00949	0.00607	0.00342	0.00380	0.00114	0.00456	0.00342	0.00190	0.00607
11	0.01025	0.86756	0.02009	0.00656	0.00984	0.01517	0.00656	0.01148	0.00779	0.00902	0.00533	0.00615	0.00492	0.00328	0.00246	0.00082	0.00410	0.00205	0.00164	0.00492
12	0.02868	0.01757	0.01941	0.00787	0.03267	0.01927	0.05209	0.12538	0.14209	0.23612	0.01387	0.08649	0.04528	0.04264	0.06780	0.01806	0.01944	0.00466	0.01534	0.00525
13	0.00522	0.00408	0.00486	0.00522	0.00630	0.00371	0.00425	0.00654	0.00883	0.01101	0.06834	0.06409	0.45701	0.01004	0.00484	0.00148	0.00257	0.32467	0.00358	0.00337
14	0.00724	0.00681	0.01150	0.85604	0.02641	0.00852	0.01065	0.00980	0.00767	0.00980	0.00681	0.01022	0.00511	0.00383	0.00383	0.00128	0.00511	0.00341	0.00170	0.00426
15	0.00843	0.07946	0.05861	0.00607	0.00796	0.01769	0.00513	0.05582	0.05704	0.14603	0.15763	0.17560	0.18133	0.00749	0.00418	0.00126	0.00288	0.01933	0.00359	0.00447
16	0.02185	0.03643	0.02577	0.17863	0.06224	0.34460	0.14624	0.06072	0.02430	0.01124	0.00710	0.02498	0.00578	0.00404	0.00402	0.00115	0.03075	0.00332	0.00207	0.00477
17	0.01064	0.80038	0.01932	0.00675	0.00995	0.06161	0.00659	0.01186	0.00804	0.02815	0.00559	0.00635	0.00503	0.00335	0.00255	0.00084	0.00424	0.00211	0.00173	0.00493
18	0.00597	0.00443	0.00575	0.00599	0.00700	0.00434	0.00492	0.00828	0.06330	0.01319	0.33845	0.03520	0.09274	0.00910	0.00484	0.00148	0.00270	0.38478	0.00382	0.00371
19	0.02112	0.02209	0.07530	0.01003	0.04641	0.20280	0.14771	0.06500	0.08253	0.07941	0.05836	0.03353	0.03352	0.00465	0.00397	0.00114	0.01542	0.01883	0.00271	0.07545
20	0.00966	0.15066	0.01879	0.05016	0.04553	0.08702	0.06498	0.02566	0.13634	0.11192	0.05428	0.14466	0.05962	0.00584	0.00385	0.00119	0.00379	0.00497	0.01621	0.00485
21	0.00476	0.00342	0.00454	0.00540	0.00570	0.00320	0.00370	0.00550	0.00747	0.00991	0.02158	0.78869	0.04825	0.01186	0.00491	0.00156	0.00230	0.06054	0.00356	0.00314
22	0.00949	0.00633	0.00739	0.00640	0.00826	0.00654	0.00502	0.09774	0.25583	0.15378	0.32550	0.02028	0.06846	0.00632	0.00416	0.00123	0.00267	0.00536	0.00413	0.00511
23	0.01101	0.06052	0.07853	0.01908	0.03109	0.18500	0.01903	0.15517	0.19439	0.05964	0.02475	0.10250	0.02133	0.00534	0.00393	0.00119	0.01489	0.00427	0.00305	0.00528
24	0.01008	0.00814	0.00817	0.00694	0.00894	0.07348	0.00546	0.39130	0.01322	0.01705	0.08248	0.13626	0.20833	0.00705	0.00417	0.00123	0.00342	0.00578	0.00362	0.00488
25	0.00658	0.00333	0.00497	0.00501	0.00502	0.00332	0.00334	0.00501	0.00509	0.00679	0.00727	0.04754	0.00745	0.01326	0.01456	0.85105	0.00328	0.00365	0.00174	0.00173
26	0.01624	0.00625	0.00924	0.04160	0.28043	0.01647	0.02517	0.03451	0.00795	0.03055	0.01325	0.14032	0.06932	0.19747	0.07542	0.00220	0.00432	0.02249	0.00252	0.00425
27	0.02461	0.04238	0.06792	0.04598	0.24435	0.28611	0.06857	0.07872	0.03373	0.03306	0.00723	0.00865	0.00575	0.00389	0.00396	0.00112	0.03337	0.00312	0.00218	0.00529
28	0.04266	0.00506	0.00542	0.00510	0.00660	0.00491	0.00392	0.05331	0.11327	0.05885	0.07846	0.09510	0.44690	0.00826	0.00428	0.00129	0.00237	0.02713	0.03311	0.00402
29	0.00467	0.00334	0.00445	0.00534	0.00556	0.00311	0.00356	0.00534	0.00734	0.00979	0.02113	0.86275	0.02536	0.01201	0.00489	0.00156	0.00222	0.01090	0.00356	0.00311
30	0.03040	0.00893	0.08284	0.03193	0.22177	0.00808	0.13650	0.06145	0.12269	0.08548	0.02339	0.06607	0.05482	0.00501	0.00403	0.00125	0.00418	0.02708	0.01873	0.00539
31	0.01047	0.10719	0.05418	0.02993	0.03446	0.16346	0.01799	0.16492	0.05161	0.04756	0.03601	0.09558	0.03242	0.02698	0.04572	0.00149	0.06822	0.00421	0.00273	0.00486
32	0.05656	0.03115	0.02147	0.00560	0.00694	0.00557	0.00432	0.08393	0.02611	0.03342	0.07297	0.10263	0.10798	0.18357	0.12922	0.00242	0.01277	0.02173	0.03205	0.05960
33	0.08196	0.05666	0.07807	0.04944	0.11023	0.04483	0.08547	0.18244	0.06591	0.03109	0.01928	0.01309	0.08474	0.00587	0.04262	0.00143	0.01478	0.02418	0.00272	0.00519

[dist]
# distance from previous block
# <min> <max>
1	16

[block]
# block no. 9 follows, 71 sequences, length 24
# corresponding to MSA columns:
# 371-394
name=unknown_J
#
# <colnr> <probs for GDERKNQSTAVLIFYWHMCP>
#	G	D	E	R	K	N	Q	S	T	A	V	L	I	F	Y	W	H	M	C	P
0	0.05152	0.12597	0.10074	0.04935	0.01276	0.11214	0.11305	0.11030	0.10550	0.05308	0.00860	0.01841	0.00676	0.02275	0.02099	0.00125	0.00476	0.00331	0.00252	0.07623
1	0.04101	0.19046	0.36700	0.00946	0.04376	0.00983	0.04859	0.02360	0.09772	0.01232	0.05387	0.01104	0.04953	0.00431	0.00370	0.00115	0.02178	0.00341	0.00219	0.00524
2	0.00577	0.00447	0.00487	0.00490	0.00599	0.02159	0.00359	0.03520	0.02991	0.03929	0.11084	0.27385	0.42646	0.00961	0.00455	0.00135	0.00227	0.00828	0.00365	0.00356
3	0.00860	0.00495	0.00661	0.00611	0.00752	0.00459	0.03195	0.03911	0.03677	0.22355	0.08989	0.37570	0.11447	0.00873	0.00448	0.00138	0.00269	0.02468	0.00388	0.00434
4	0.04921	0.11365	0.05956	0.02419	0.07503	0.31208	0.00713	0.04524	0.04356	0.01162	0.08767	0.01267	0.09317	0.00495	0.00400	0.00111	0.04445	0.00366	0.00243	0.00462
5	0.03169	0.01155	0.02383	0.00896	0.05170	0.39806	0.03199	0.04136	0.01981	0.01069	0.01215	0.28406	0.02975	0.00677	0.00402	0.00123	0.00484	0.02072	0.00264	0.00419
6	0.01087	0.02093	0.00863	0.00717	0.00942	0.00811	0.01703	0.12899	0.39411	0.16672	0.05086	0.01585	0.07771	0.02479	0.00425	0.00128	0.00313	0.00450	0.03998	0.00567
7	0.00475	0.00345	0.00450	0.00526	0.00562	0.00319	0.00360	0.00554	0.00768	0.01018	0.06533	0.72843	0.08716	0.01157	0.00486	0.00153	0.00223	0.03835	0.00359	0.00316
8	0.01090	0.02088	0.03323	0.08114	0.18159	0.03208	0.15002	0.25052	0.06575	0.06123	0.01069	0.02269	0.05260	0.00443	0.00397	0.00120	0.00457	0.00400	0.00285	0.00566
9	0.00752	0.00550	0.00530	0.00497	0.00617	0.08716	0.00375	0.03105	0.00965	0.05222	0.26348	0.04963	0.14543	0.00650	0.00375	0.00110	0.00247	0.00542	0.30511	0.00382
10	0.00476	0.00387	0.00423	0.00420	0.00534	0.00333	0.00312	0.00593	0.00920	0.01160	0.24020	0.07650	0.59562	0.00935	0.00455	0.00129	0.00192	0.00794	0.00373	0.00333
11	0.82801	0.00755	0.00600	0.00527	0.00769	0.00867	0.00434	0.04947	0.00718	0.03974	0.00578	0.00655	0.00441	0.00364	0.00248	0.00118	0.00303	0.00219	0.00250	0.00433
12	0.14671	0.03285	0.02261	0.00867	0.01143	0.05028	0.10611	0.39369	0.01269	0.05732	0.00861	0.00956	0.00645	0.00654	0.08564	0.00164	0.00493	0.00336	0.02545	0.00547
13	0.00566	0.00393	0.00565	0.00565	0.00612	0.00440	0.00415	0.00636	0.00589	0.00833	0.01008	0.01634	0.00994	0.17302	0.58695	0.13010	0.00814	0.00426	0.00205	0.00298
14	0.00538	0.00424	0.00474	0.00449	0.00573	0.00382	0.00340	0.04771	0.01001	0.01296	0.34091	0.03237	0.49296	0.00874	0.00449	0.00125	0.00201	0.00742	0.00382	0.00355
15	0.02449	0.10773	0.02195	0.00835	0.01121	0.11264	0.00697	0.55463	0.01504	0.03147	0.01003	0.02057	0.04844	0.00470	0.00366	0.00111	0.00438	0.00348	0.00331	0.00584
16	0.00666	0.00333	0.00500	0.00500	0.00500	0.00333	0.00333	0.00500	0.00500	0.00666	0.00666	0.01166	0.00666	0.01332	0.01499	0.88844	0.00333	0.00333	0.00167	0.00167
17	0.00547	0.00413	0.00478	0.00496	0.00617	0.00368	0.00400	0.00673	0.00894	0.03808	0.07128	0.03759	0.53337	0.00972	0.00473	0.00143	0.00245	0.24543	0.00362	0.00345
18	0.02419	0.38257	0.45943	0.00893	0.01344	0.02981	0.01059	0.01191	0.00800	0.01083	0.00617	0.00720	0.00487	0.00349	0.00311	0.00104	0.00498	0.00248	0.00165	0.00529
19	0.00469	0.00385	0.00406	0.00408	0.00521	0.00329	0.00299	0.00568	0.00871	0.01069	0.11904	0.08353	0.66731	0.05330	0.00532	0.00142	0.00204	0.00801	0.00357	0.00322
20	0.12491	0.01273	0.01011	0.00868	0.01105	0.34873	0.02542	0.19221	0.18100	0.03545	0.00882	0.00907	0.00670	0.00430	0.00353	0.00112	0.00493	0.00310	0.00289	0.00526
21	0.00470	0.00336	0.00450	0.00536	0.00560	0.00317	0.00360	0.00538	0.00730	0.00976	0.02080	0.83681	0.02488	0.01252	0.03076	0.00170	0.00247	0.01069	0.00351	0.00312
22	0.00488	0.00384	0.00403	0.00402	0.00491	0.00340	0.00277	0.00561	0.00791	0.00975	0.07094	0.03301	0.55671	0.26130	0.00894	0.00200	0.00246	0.00729	0.00323	0.00299
23	0.00545	0.00397	0.00478	0.00472	0.00578	0.00354	0.00357	0.00682	0.00961	0.03970	0.38176	0.10728	0.33933	0.00900	0.00459	0.00131	0.00205	0.05933	0.00388	0.00352

[dist]
# distance from previous block
# <min> <max>
0	2

[block]
# block no. 10 follows, 71 sequences, length 14
# corresponding to MSA columns:
# 397-410
name=unknown_K
#
# <colnr> <probs for GDERKNQSTAVLIFYWHMCP>
#	G	D	E	R	K	N	Q	S	T	A	V	L	I	F	Y	W	H	M	C	P
0	0.02938	0.09841	0.11102	0.00959	0.01245	0.34139	0.09031	0.11723	0.06605	0.01272	0.03409	0.02539	0.00706	0.00419	0.00359	0.00108	0.00542	0.00322	0.00238	0.02502
1	0.02857	0.04673	0.16688	0.03610	0.05891	0.11101	0.06659	0.05351	0.00893	0.01251	0.00684	0.00813	0.00543	0.00334	0.00330	0.00090	0.00442	0.00271	0.00211	0.37309
2	0.08159	0.15173	0.29640	0.00945	0.01306	0.14708	0.09365	0.04543	0.02818	0.01222	0.04248	0.02000	0.01735	0.00451	0.02016	0.00122	0.00520	0.00319	0.00209	0.00502
3	0.00652	0.00442	0.00583	0.00563	0.00637	0.00484	0.00417	0.05621	0.00708	0.03500	0.01131	0.04345	0.01092	0.21681	0.48183	0.00454	0.00719	0.00457	0.07986	0.00345
4	0.00475	0.00370	0.00434	0.00469	0.00551	0.00328	0.00339	0.00573	0.00842	0.01070	0.11334	0.35488	0.40539	0.01045	0.00471	0.00141	0.00211	0.04633	0.00363	0.00324
5	0.08955	0.05969	0.08317	0.05385	0.01271	0.27282	0.05258	0.19231	0.06300	0.05352	0.00785	0.00855	0.00592	0.00404	0.00352	0.00110	0.00509	0.00300	0.00261	0.02510
6	0.00685	0.00517	0.00596	0.00586	0.00692	0.01996	0.00430	0.04353	0.15657	0.04739	0.16144	0.35348	0.11306	0.03171	0.00501	0.00144	0.01587	0.00772	0.00371	0.00405
7	0.00467	0.00381	0.00406	0.00414	0.00521	0.00328	0.00301	0.00561	0.00856	0.01050	0.09406	0.13104	0.64045	0.05775	0.00541	0.00145	0.00206	0.00819	0.00354	0.00320
8	0.00590	0.00464	0.00532	0.00535	0.00584	0.05140	0.00372	0.00666	0.00664	0.00885	0.04159	0.11610	0.05020	0.33534	0.31822	0.00398	0.00594	0.00560	0.01566	0.00304
9	0.14675	0.05968	0.09378	0.01110	0.05443	0.20960	0.21630	0.11489	0.01010	0.03811	0.00710	0.00835	0.00542	0.00372	0.00360	0.00114	0.00536	0.00315	0.00228	0.00513
10	0.02413	0.00502	0.00540	0.00536	0.00592	0.06336	0.00371	0.00708	0.02426	0.00878	0.01350	0.07219	0.07210	0.38679	0.28195	0.00390	0.00579	0.00530	0.00241	0.00306
11	0.00483	0.00343	0.00452	0.00533	0.00557	0.00324	0.00360	0.00550	0.00727	0.00968	0.02031	0.74536	0.02419	0.08559	0.00618	0.00176	0.00243	0.05470	0.00345	0.00307
12	0.04766	0.21062	0.05771	0.02462	0.13379	0.13485	0.05039	0.10763	0.07100	0.05052	0.05455	0.02418	0.00810	0.00420	0.00348	0.00108	0.00450	0.00334	0.00251	0.00527
13	0.00983	0.00898	0.01003	0.07762	0.10617	0.13288	0.03508	0.18300	0.07957	0.01336	0.02832	0.04611	0.00928	0.13573	0.08247	0.00202	0.02801	0.00415	0.00266	0.00473

[dist]
# distance from previous block
# <min> <max>
0	12

[block]
# block no. 11 follows, 71 sequences, length 39
# corresponding to MSA columns:
# 423-461
name=unknown_L
#
# <colnr> <probs for GDERKNQSTAVLIFYWHMCP>
#	G	D	E	R	K	N	Q	S	T	A	V	L	I	F	Y	W	H	M	C	P
0	0.00868	0.00888	0.07288	0.03103	0.01248	0.02169	0.19819	0.09356	0.24035	0.01368	0.01276	0.19755	0.01167	0.00609	0.00471	0.00135	0.05091	0.00551	0.00299	0.00505
1	0.00829	0.00777	0.01290	0.38612	0.30252	0.00856	0.05858	0.03102	0.05604	0.01202	0.07149	0.01160	0.00828	0.00406	0.00392	0.00122	0.00461	0.00380	0.00216	0.00505
2	0.00753	0.00751	0.00631	0.02358	0.02569	0.19441	0.00458	0.01822	0.02729	0.03308	0.06785	0.08115	0.46497	0.00793	0.00425	0.00123	0.00330	0.01412	0.00320	0.00379
3	0.04041	0.02269	0.05316	0.00882	0.04320	0.00804	0.08045	0.09765	0.18580	0.31178	0.07217	0.01296	0.01052	0.00480	0.00414	0.00123	0.02859	0.00403	0.00370	0.00586
4	0.00925	0.00562	0.00622	0.00562	0.00722	0.00591	0.00435	0.02753	0.27491	0.13071	0.06067	0.05015	0.01246	0.00525	0.00345	0.00111	0.00246	0.00435	0.37794	0.00482
5	0.03529	0.00497	0.00574	0.00507	0.00663	0.00487	0.00397	0.07340	0.00936	0.21673	0.01412	0.07649	0.03910	0.00642	0.04399	0.00131	0.00281	0.00431	0.44092	0.00448
6	0.03840	0.10951	0.11873	0.01033	0.02637	0.19740	0.18973	0.11020	0.02315	0.02662	0.02315	0.05377	0.03321	0.00453	0.00379	0.00116	0.00520	0.01737	0.00239	0.00501
7	0.00909	0.00631	0.00666	0.00603	0.00774	0.00696	0.00468	0.04914	0.41773	0.05265	0.01402	0.01403	0.01060	0.00485	0.00339	0.00112	0.00257	0.00396	0.37339	0.00506
8	0.00480	0.00349	0.00434	0.00493	0.00530	0.00323	0.00328	0.00544	0.00738	0.00966	0.04035	0.59284	0.15193	0.13585	0.00696	0.00182	0.00239	0.00960	0.00339	0.00303
