[name]
unknown

[dist]
# distance from previous block
# <min> <max>
0	4

[block]
# block no. 0 follows, 69 sequences, length 11
# corresponding to MSA columns:
# 4-14
name=unknown_A
#
# <colnr> <probs for GDERKNQSTAVLIFYWHMCP>
#	G	D	E	R	K	N	Q	S	T	A	V	L	I	F	Y	W	H	M	C	P
0	0.00987	0.60155	0.21546	0.00792	0.01172	0.04515	0.00858	0.01192	0.00820	0.01008	0.00638	0.00810	0.00562	0.00373	0.00294	0.00097	0.00466	0.03024	0.00175	0.00515
1	0.00786	0.02028	0.84191	0.01117	0.01697	0.00910	0.01448	0.01242	0.00828	0.01242	0.00704	0.00828	0.00497	0.00372	0.00372	0.00124	0.00579	0.00290	0.00166	0.00579
2	0.02580	0.00895	0.07630	0.08336	0.01427	0.02706	0.25893	0.11405	0.01049	0.06837	0.14891	0.08586	0.04886	0.00552	0.00433	0.00129	0.00451	0.00523	0.00298	0.00495
3	0.00621	0.00410	0.00518	0.00503	0.00606	0.00369	0.00372	0.00764	0.00999	0.08148	0.45763	0.19599	0.18052	0.00896	0.00465	0.00132	0.00208	0.00786	0.00410	0.00377
4	0.00531	0.00387	0.00438	0.00446	0.00513	0.00366	0.00304	0.00605	0.00746	0.00979	0.04938	0.10611	0.31974	0.30199	0.09471	0.00267	0.00348	0.00692	0.05884	0.00303
5	0.00565	0.00401	0.00536	0.00536	0.00573	0.00439	0.00372	0.00639	0.00602	0.00840	0.01136	0.02018	0.01188	0.41789	0.46104	0.00513	0.00738	0.00490	0.00223	0.00298
6	0.02752	0.00860	0.00817	0.00735	0.00912	0.12277	0.00570	0.06943	0.32639	0.03027	0.07532	0.05434	0.16713	0.00652	0.00471	0.00130	0.06170	0.00518	0.00349	0.00500
7	0.07778	0.00886	0.00961	0.00796	0.01057	0.03007	0.03221	0.20101	0.38367	0.09458	0.01247	0.01197	0.00916	0.00474	0.00375	0.00121	0.00355	0.00381	0.03132	0.06171
8	0.14138	0.01277	0.23974	0.04345	0.01329	0.11719	0.08225	0.07426	0.06215	0.05945	0.02337	0.02829	0.02359	0.00449	0.00407	0.00124	0.04121	0.00351	0.01910	0.00519
9	0.36314	0.00883	0.00780	0.00682	0.00900	0.11408	0.01871	0.09532	0.11618	0.04694	0.02818	0.03779	0.02327	0.04009	0.04893	0.00158	0.00411	0.00350	0.00290	0.02283
10	0.07168	0.20743	0.01193	0.00779	0.02956	0.05571	0.00634	0.14391	0.19535	0.09898	0.03256	0.01090	0.00851	0.03135	0.00418	0.00120	0.02460	0.00339	0.00308	0.05155

[dist]
# distance from previous block
# <min> <max>
0	17

[block]
# block no. 1 follows, 69 sequences, length 13
# corresponding to MSA columns:
# 32-44
name=unknown_B
#
# <colnr> <probs for GDERKNQSTAVLIFYWHMCP>
#	G	D	E	R	K	N	Q	S	T	A	V	L	I	F	Y	W	H	M	C	P
0	0.29881	0.00689	0.00722	0.00601	0.00838	0.00714	0.00488	0.10910	0.03440	0.26834	0.06496	0.01266	0.03762	0.00480	0.00337	0.00118	0.00302	0.00363	0.11240	0.00519
1	0.06556	0.00648	0.00738	0.00667	0.00820	0.00715	0.00515	0.11517	0.21388	0.05467	0.06691	0.07200	0.04805	0.10955	0.13244	0.00236	0.03302	0.02594	0.01476	0.00466
2	0.00829	0.00498	0.00616	0.00557	0.00705	0.00465	0.00427	0.05896	0.03096	0.17508	0.32486	0.13698	0.18107	0.00855	0.02318	0.00141	0.00259	0.00690	0.00412	0.00437
3	0.05702	0.00835	0.00968	0.00773	0.01041	0.00877	0.02965	0.30961	0.15408	0.23697	0.04832	0.01328	0.03797	0.00507	0.00388	0.00121	0.00355	0.00407	0.04433	0.00605
4	0.01329	0.02897	0.01195	0.00921	0.01200	0.10742	0.06910	0.54413	0.05475	0.01993	0.01001	0.01107	0.02583	0.05833	0.00492	0.00134	0.00466	0.00375	0.00341	0.00592
5	0.00534	0.00405	0.00480	0.00501	0.00585	0.00373	0.00360	0.03834	0.00901	0.01174	0.16985	0.35142	0.29714	0.04405	0.00537	0.00152	0.00228	0.02974	0.00372	0.00343
6	0.00903	0.00938	0.01251	0.04517	0.03343	0.08079	0.05377	0.01016	0.00677	0.00973	0.00563	0.00883	0.00532	0.00675	0.03057	0.00171	0.66084	0.00344	0.00177	0.00440
7	0.08108	0.01032	0.01063	0.00882	0.03714	0.05959	0.00693	0.48749	0.13823	0.04922	0.00989	0.00989	0.00722	0.00453	0.00373	0.00116	0.00408	0.00343	0.00357	0.06306
8	0.05937	0.00891	0.01070	0.02646	0.01135	0.06133	0.09977	0.26281	0.08227	0.11348	0.03408	0.06524	0.00977	0.07257	0.01651	0.00149	0.01616	0.00435	0.00332	0.04006
9	0.05895	0.03129	0.15516	0.04885	0.22801	0.03481	0.12491	0.05893	0.12140	0.03637	0.00856	0.00996	0.00659	0.00410	0.00439	0.00125	0.05489	0.00355	0.00237	0.00567
10	0.00894	0.00925	0.01759	0.01318	0.01602	0.00938	0.50785	0.05953	0.06644	0.01293	0.02578	0.09265	0.02707	0.00505	0.00558	0.00139	0.10873	0.00515	0.00244	0.00504
11	0.06661	0.00780	0.00848	0.00745	0.00902	0.06544	0.00588	0.11393	0.15821	0.08441	0.02996	0.03882	0.06181	0.05734	0.14268	0.00228	0.12763	0.00438	0.00307	0.00481
12	0.04559	0.08112	0.01987	0.00830	0.01063	0.18580	0.05883	0.13110	0.05455	0.14366	0.09007	0.04025	0.04983	0.00571	0.01928	0.00128	0.04167	0.00414	0.00316	0.00515

[dist]
# distance from previous block
# <min> <max>
17	24

[block]
# block no. 2 follows, 69 sequences, length 7
# corresponding to MSA columns:
# 77-83
name=unknown_C
#
# <colnr> <probs for GDERKNQSTAVLIFYWHMCP>
#	G	D	E	R	K	N	Q	S	T	A	V	L	I	F	Y	W	H	M	C	P
0	0.00776	0.00712	0.01109	0.36596	0.12650	0.00868	0.00908	0.03319	0.00766	0.01053	0.00825	0.07094	0.00757	0.03104	0.09366	0.00198	0.18841	0.00415	0.00201	0.00443
1	0.00542	0.00381	0.00467	0.00498	0.00571	0.00343	0.00349	0.00637	0.00851	0.04487	0.14914	0.43349	0.24967	0.05081	0.00551	0.00155	0.00225	0.00919	0.00373	0.00340
2	0.00536	0.00379	0.00424	0.00435	0.00467	0.00362	0.00266	0.00566	0.00663	0.00855	0.01946	0.12946	0.19533	0.57282	0.01479	0.00299	0.00322	0.00692	0.00281	0.00268
3	0.00746	0.00543	0.00633	0.00575	0.00720	0.00549	0.00441	0.06451	0.17468	0.05026	0.43969	0.04785	0.11595	0.00732	0.00436	0.00126	0.00235	0.00630	0.03893	0.00446
4	0.01479	0.00707	0.00875	0.00693	0.00958	0.00680	0.00565	0.16027	0.06364	0.50653	0.06847	0.01391	0.01115	0.00504	0.00387	0.00119	0.00324	0.00408	0.09291	0.00614
5	0.07637	0.06471	0.01296	0.00938	0.01186	0.00810	0.27917	0.11468	0.00981	0.05407	0.05611	0.07313	0.01037	0.06546	0.00503	0.00139	0.00424	0.00463	0.13379	0.00475
6	0.02788	0.00954	0.07622	0.09814	0.18701	0.03262	0.04200	0.12654	0.02736	0.15005	0.00897	0.00992	0.00661	0.00388	0.00369	0.00109	0.00428	0.00331	0.00278	0.17813

[dist]
# distance from previous block
# <min> <max>
0	1

[block]
# block no. 3 follows, 69 sequences, length 9
# corresponding to MSA columns:
# 85-93
name=unknown_D
#
# <colnr> <probs for GDERKNQSTAVLIFYWHMCP>
#	G	D	E	R	K	N	Q	S	T	A	V	L	I	F	Y	W	H	M	C	P
0	0.01017	0.00985	0.01514	0.07044	0.69318	0.06124	0.01143	0.05787	0.00953	0.01312	0.00738	0.00957	0.00611	0.00362	0.00386	0.00116	0.00482	0.00343	0.00205	0.00602
1	0.01654	0.00693	0.00914	0.00697	0.01005	0.00605	0.00574	0.06057	0.01130	0.71772	0.01433	0.01263	0.00917	0.00466	0.00384	0.00115	0.00335	0.00376	0.00456	0.09155
2	0.00503	0.00376	0.00471	0.00535	0.00586	0.00355	0.00367	0.00632	0.04846	0.01064	0.05694	0.66657	0.14175	0.01143	0.00489	0.00153	0.00226	0.01024	0.00368	0.00337
3	0.00478	0.00385	0.00428	0.00452	0.00553	0.00334	0.00331	0.00578	0.00870	0.01079	0.08235	0.24918	0.55125	0.01045	0.00476	0.00140	0.00211	0.03664	0.00368	0.00331
4	0.01106	0.01236	0.02636	0.00978	0.01130	0.32161	0.05286	0.05191	0.11078	0.01120	0.00778	0.01007	0.00672	0.05405	0.03182	0.00160	0.25835	0.00343	0.00228	0.00469
5	0.00666	0.00490	0.00597	0.00550	0.00668	0.00485	0.00417	0.07859	0.07508	0.01604	0.61031	0.07764	0.05005	0.00774	0.00449	0.00125	0.00219	0.00677	0.02701	0.00411
6	0.00568	0.00415	0.00622	0.00622	0.00688	0.00480	0.00480	0.00688	0.00622	0.00895	0.01026	0.01518	0.00961	0.02838	0.79287	0.06325	0.01004	0.00415	0.00207	0.00338
7	0.01039	0.05054	0.01020	0.04143	0.10394	0.09705	0.00681	0.27975	0.05242	0.01573	0.05545	0.21602	0.03050	0.00654	0.00412	0.00126	0.00394	0.00552	0.00325	0.00514
8	0.00670	0.00456	0.02981	0.00563	0.00633	0.00429	0.00427	0.00677	0.00685	0.05252	0.03540	0.09567	0.14858	0.05162	0.11017	0.35178	0.04308	0.03045	0.00257	0.00296

[dist]
# distance from previous block
# <min> <max>
1	31

[block]
# block no. 4 follows, 69 sequences, length 21
# corresponding to MSA columns:
# 125-133,137-148
name=unknown_E
#
# <colnr> <probs for GDERKNQSTAVLIFYWHMCP>
#	G	D	E	R	K	N	Q	S	T	A	V	L	I	F	Y	W	H	M	C	P
0	0.00752	0.03718	0.63241	0.01020	0.03382	0.00842	0.01215	0.01127	0.00847	0.01232	0.07173	0.01259	0.08513	0.00472	0.00418	0.00125	0.03551	0.00373	0.00205	0.00534
1	0.12131	0.01011	0.01012	0.00802	0.01089	0.07239	0.00651	0.48188	0.02790	0.08575	0.00948	0.03961	0.00719	0.00465	0.00366	0.00113	0.00406	0.00349	0.00351	0.08834
2	0.00680	0.00515	0.00613	0.00517	0.00708	0.00435	0.00400	0.02780	0.00986	0.04502	0.35160	0.03581	0.19796	0.00675	0.00407	0.00106	0.00232	0.00576	0.00357	0.26976
3	0.00883	0.28201	0.38704	0.00879	0.01275	0.01068	0.00990	0.07173	0.00881	0.01194	0.00919	0.08844	0.03686	0.00481	0.00381	0.00116	0.03226	0.00367	0.00209	0.00524
4	0.00925	0.01058	0.02313	0.01652	0.02049	0.00991	0.82353	0.01256	0.00925	0.01256	0.00793	0.01058	0.00595	0.00330	0.00463	0.00132	0.00661	0.00463	0.00198	0.00529
5	0.00780	0.00733	0.01220	0.63287	0.18419	0.00864	0.01069	0.01048	0.02643	0.01070	0.00811	0.01116	0.02558	0.00457	0.02252	0.00139	0.00511	0.00364	0.00188	0.00472
6	0.00491	0.00378	0.00443	0.00487	0.00562	0.00340	0.00349	0.00578	0.00815	0.01025	0.02893	0.36654	0.38455	0.07010	0.00591	0.00164	0.00237	0.07851	0.00355	0.00322
7	0.00930	0.00690	0.00819	0.00602	0.00930	0.00545	0.00482	0.01144	0.04611	0.11684	0.03682	0.00980	0.00764	0.00343	0.00314	0.00072	0.00293	0.00279	0.00278	0.70557
8	0.00554	0.00424	0.00515	0.00533	0.00617	0.00409	0.00384	0.00779	0.09943	0.01260	0.28044	0.37402	0.15699	0.00980	0.00471	0.00141	0.00219	0.00867	0.00389	0.00370
9	0.00785	0.00664	0.00783	0.00581	0.00898	0.00508	0.00465	0.00961	0.00839	0.01295	0.06934	0.01135	0.00889	0.00365	0.00315	0.00069	0.00286	0.03955	0.00253	0.78022
10	0.00786	0.02028	0.84191	0.01117	0.01697	0.00910	0.01448	0.01242	0.00828	0.01242	0.00704	0.00828	0.00497	0.00372	0.00372	0.00124	0.00579	0.00290	0.00166	0.00579
11	0.00871	0.00928	0.14104	0.03788	0.04518	0.02358	0.11635	0.03229	0.03545	0.08225	0.09580	0.03608	0.09432	0.00499	0.00392	0.00111	0.00396	0.01195	0.00282	0.21303
12	0.00537	0.00381	0.00498	0.00554	0.00616	0.00355	0.00407	0.00649	0.00859	0.02522	0.16451	0.48157	0.10894	0.01094	0.00495	0.00153	0.00241	0.14418	0.00377	0.00342
13	0.01155	0.01093	0.09213	0.00989	0.06769	0.08045	0.03926	0.23184	0.28745	0.06318	0.01229	0.01217	0.03523	0.00480	0.00392	0.00123	0.00421	0.00391	0.02190	0.00599
14	0.01002	0.00692	0.00747	0.00634	0.00809	0.08443	0.06532	0.10629	0.05094	0.08599	0.01179	0.01290	0.00895	0.00450	0.00326	0.00103	0.00316	0.00367	0.51434	0.00459
15	0.00490	0.00356	0.00454	0.00527	0.00564	0.00331	0.00359	0.00562	0.00762	0.00998	0.02310	0.66005	0.12412	0.07525	0.00609	0.00173	0.00241	0.04654	0.00354	0.00316
16	0.01009	0.03078	0.23079	0.00802	0.01104	0.04295	0.00787	0.08063	0.10204	0.16534	0.09787	0.04844	0.10495	0.00578	0.00435	0.00126	0.03452	0.00465	0.00328	0.00535
17	0.00589	0.00433	0.00514	0.00512	0.00608	0.00414	0.00374	0.04258	0.05312	0.01298	0.27226	0.25022	0.22193	0.00937	0.00498	0.03568	0.00223	0.00785	0.04869	0.00365
18	0.00729	0.00453	0.00555	0.00517	0.00639	0.00427	0.00391	0.03662	0.02582	0.10674	0.34001	0.11489	0.14873	0.02793	0.04343	0.00154	0.00263	0.00663	0.10391	0.00402
19	0.04076	0.05453	0.14795	0.03376	0.25337	0.06483	0.05686	0.03052	0.01703	0.01223	0.00741	0.02888	0.00627	0.00499	0.03471	0.00134	0.08561	0.00334	0.00204	0.11356
20	0.07617	0.15161	0.04461	0.00933	0.03023	0.25245	0.04575	0.02198	0.01829	0.01094	0.00790	0.00999	0.03803	0.00496	0.00569	0.00123	0.21144	0.02254	0.03225	0.00461

[dist]
# distance from previous block
# <min> <max>
4	32

[block]
# block no. 5 follows, 69 sequences, length 24
# corresponding to MSA columns:
# 181-204
name=unknown_F
#
# <colnr> <probs for GDERKNQSTAVLIFYWHMCP>
#	G	D	E	R	K	N	Q	S	T	A	V	L	I	F	Y	W	H	M	C	P
0	0.08301	0.00495	0.00612	0.00567	0.00721	0.00457	0.00430	0.01076	0.00912	0.28540	0.08436	0.32787	0.10637	0.00827	0.00430	0.00136	0.00261	0.00715	0.03212	0.00449
1	0.41923	0.00678	0.00689	0.00585	0.00818	0.00709	0.00473	0.05657	0.00920	0.26092	0.09519	0.05866	0.01073	0.00501	0.00333	0.00123	0.00299	0.00379	0.02866	0.00496
2	0.46142	0.00878	0.00921	0.00934	0.14061	0.00971	0.00646	0.23738	0.02224	0.05074	0.00740	0.00813	0.00555	0.00398	0.00315	0.00120	0.00366	0.00283	0.00288	0.00535
3	0.12817	0.00842	0.00885	0.00736	0.00996	0.00907	0.00587	0.21869	0.32277	0.03927	0.01177	0.05465	0.00929	0.00490	0.00364	0.00117	0.00333	0.00390	0.00350	0.14544
4	0.11352	0.05859	0.09098	0.01084	0.19831	0.03203	0.00761	0.02955	0.09355	0.08360	0.05700	0.02083	0.04250	0.00439	0.00356	0.00110	0.00377	0.00360	0.00274	0.14193
5	0.04178	0.00946	0.01087	0.09612	0.05871	0.01056	0.00749	0.48195	0.14806	0.02025	0.05448	0.02346	0.00918	0.00491	0.00393	0.00122	0.00403	0.00392	0.00357	0.00604
6	0.75037	0.00771	0.00625	0.00560	0.00800	0.00895	0.00456	0.01300	0.13732	0.01740	0.00712	0.00768	0.00547	0.00391	0.00267	0.00123	0.00304	0.00249	0.00267	0.00456
7	0.05560	0.00767	0.01230	0.19190	0.45163	0.00810	0.00976	0.01071	0.03182	0.01212	0.00997	0.14530	0.00953	0.00519	0.00402	0.00128	0.00424	0.02139	0.00229	0.00518
8	0.00485	0.00366	0.00451	0.00511	0.00572	0.00332	0.00360	0.00574	0.00815	0.01051	0.06132	0.54558	0.25630	0.01135	0.00491	0.00151	0.00225	0.05468	0.00367	0.00327
9	0.00558	0.00415	0.00609	0.00612	0.00676	0.00476	0.00467	0.00685	0.00630	0.00902	0.01100	0.04346	0.01065	0.09038	0.75839	0.00596	0.00974	0.00454	0.00217	0.00341
10	0.00541	0.00411	0.00475	0.00460	0.00575	0.00368	0.00347	0.00702	0.02690	0.02463	0.38972	0.04809	0.40902	0.00887	0.00459	0.00129	0.00200	0.02190	0.02060	0.00360
11	0.00662	0.00353	0.00530	0.00530	0.00541	0.00364	0.00364	0.00541	0.00530	0.00717	0.00739	0.01247	0.00728	0.01612	0.14713	0.74647	0.00453	0.00353	0.00177	0.00199
12	0.00889	0.21511	0.57537	0.01026	0.01525	0.03384	0.04373	0.03349	0.00859	0.01192	0.00674	0.00790	0.00507	0.00366	0.00348	0.00114	0.00545	0.00278	0.00174	0.00559
13	0.00516	0.00368	0.00475	0.00539	0.00593	0.00340	0.00382	0.00608	0.00816	0.02432	0.08065	0.59782	0.14197	0.01140	0.00494	0.00154	0.00234	0.08161	0.00370	0.00333
14	0.04759	0.02477	0.05503	0.00915	0.04179	0.24025	0.00728	0.22523	0.06933	0.16821	0.01044	0.05409	0.00815	0.00491	0.00381	0.00118	0.00474	0.01516	0.00327	0.00564
15	0.01435	0.01057	0.01137	0.00882	0.01180	0.01166	0.00724	0.77972	0.01783	0.02390	0.01008	0.05609	0.00772	0.00512	0.00398	0.00120	0.00420	0.00395	0.00391	0.00648
16	0.88991	0.00758	0.00576	0.00516	0.00758	0.00879	0.00425	0.01152	0.00667	0.01759	0.00546	0.00637	0.00425	0.00364	0.00243	0.00121	0.00303	0.00212	0.00243	0.00425
17	0.01030	0.06795	0.02635	0.02624	0.03736	0.22841	0.05073	0.14538	0.01066	0.02843	0.02118	0.15892	0.09359	0.01949	0.03117	0.00140	0.00471	0.00510	0.02800	0.00463
18	0.00478	0.00341	0.00455	0.00546	0.00569	0.00318	0.00364	0.00546	0.00751	0.01001	0.02161	0.85966	0.02593	0.01228	0.00500	0.00159	0.00227	0.01114	0.00364	0.00318
19	0.00484	0.00356	0.00447	0.00510	0.00559	0.00324	0.00349	0.00557	0.00791	0.01030	0.06194	0.61828	0.20185	0.01162	0.00521	0.02788	0.00223	0.01011	0.00361	0.00319
20	0.03465	0.01065	0.00965	0.02135	0.06270	0.25940	0.03945	0.11850	0.11554	0.04940	0.01016	0.02737	0.00832	0.06918	0.00484	0.00132	0.00456	0.00369	0.14436	0.00492
21	0.00800	0.00542	0.00641	0.00578	0.00715	0.02703	0.00439	0.01115	0.14077	0.12038	0.53524	0.02415	0.02749	0.05291	0.00523	0.00138	0.00248	0.00607	0.00417	0.00443
22	0.00871	0.00831	0.01397	0.08727	0.55143	0.00853	0.05408	0.01090	0.00889	0.01250	0.08397	0.01343	0.06577	0.00455	0.00452	0.00123	0.05000	0.00420	0.00224	0.00548
23	0.01026	0.12487	0.20554	0.00918	0.01306	0.03048	0.13127	0.03317	0.00913	0.13800	0.00866	0.01882	0.00664	0.00383	0.00357	0.00104	0.00452	0.01758	0.00248	0.22790

[dist]
# distance from previous block
# <min> <max>
0	3

[block]
# block no. 6 follows, 69 sequences, length 12
# corresponding to MSA columns:
# 208-219
name=unknown_G
#
# <colnr> <probs for GDERKNQSTAVLIFYWHMCP>
#	G	D	E	R	K	N	Q	S	T	A	V	L	I	F	Y	W	H	M	C	P
0	0.01421	0.00636	0.00829	0.00662	0.00916	0.00571	0.00535	0.07711	0.01133	0.55944	0.12533	0.06916	0.04201	0.00584	0.00409	0.00122	0.00308	0.00488	0.00451	0.03631
1	0.00858	0.00858	0.01201	0.01029	0.01029	0.01201	0.00858	0.00943	0.00600	0.00943	0.00515	0.00858	0.00515	0.00686	0.01287	0.00172	0.85505	0.00343	0.00172	0.00429
2	0.00560	0.00420	0.00630	0.00630	0.00700	0.00490	0.00490	0.00700	0.00630	0.00910	0.01050	0.01540	0.00980	0.02940	0.84669	0.00630	0.01050	0.00420	0.00210	0.00350
3	0.00950	0.01086	0.02142	0.01559	0.01926	0.07065	0.72332	0.01256	0.00938	0.01230	0.00843	0.01200	0.00671	0.00373	0.00459	0.00132	0.00649	0.04466	0.00207	0.00515
4	0.16944	0.00896	0.05483	0.03302	0.06314	0.03192	0.02837	0.15535	0.02630	0.19380	0.00962	0.01072	0.00715	0.00424	0.00353	0.00112	0.00385	0.03053	0.00315	0.16096
5	0.00536	0.00413	0.00464	0.00453	0.00579	0.00355	0.00341	0.00658	0.00933	0.03455	0.20622	0.09420	0.53092	0.00934	0.00460	0.00131	0.00209	0.03222	0.00377	0.03343
6	0.03813	0.01079	0.05094	0.00836	0.01087	0.14442	0.00684	0.15951	0.41209	0.05402	0.03491	0.01279	0.02882	0.00503	0.00387	0.00124	0.00404	0.00396	0.00354	0.00583
7	0.06437	0.00750	0.01033	0.06223	0.29846	0.03065	0.00774	0.03486	0.06078	0.04005	0.13756	0.01495	0.04165	0.00512	0.00443	0.00122	0.05926	0.01815	0.09566	0.00503
8	0.00485	0.00390	0.00427	0.00447	0.00548	0.00340	0.00327	0.00581	0.00856	0.01054	0.06097	0.18036	0.56847	0.06404	0.00571	0.00155	0.00224	0.05526	0.00358	0.00326
9	0.01016	0.04388	0.06089	0.04471	0.46777	0.03729	0.11678	0.01255	0.00929	0.09131	0.06027	0.01112	0.00826	0.00392	0.00396	0.00118	0.00475	0.00379	0.00234	0.00579
10	0.03611	0.00623	0.00714	0.00618	0.00764	0.00653	0.00462	0.21859	0.03710	0.09566	0.11624	0.05492	0.01439	0.26770	0.07505	0.00240	0.00399	0.00505	0.03005	0.00441
11	0.01034	0.00778	0.00862	0.00734	0.00946	0.00836	0.00594	0.40545	0.07773	0.01813	0.05553	0.04649	0.15399	0.02153	0.05124	0.00163	0.00389	0.09760	0.00373	0.00521

[dist]
# distance from previous block
# <min> <max>
0	2

[block]
# block no. 7 follows, 69 sequences, length 23
# corresponding to MSA columns:
# 222-244
name=unknown_H
#
# <colnr> <probs for GDERKNQSTAVLIFYWHMCP>
#	G	D	E	R	K	N	Q	S	T	A	V	L	I	F	Y	W	H	M	C	P
0	0.51627	0.02525	0.04778	0.03971	0.11862	0.05000	0.00655	0.10832	0.00876	0.01667	0.00651	0.00764	0.00505	0.00380	0.00297	0.00118	0.00380	0.00261	0.02362	0.00488
1	0.13892	0.05190	0.01180	0.04267	0.22088	0.15015	0.03020	0.08819	0.18283	0.01456	0.00888	0.00977	0.00696	0.00413	0.00357	0.00117	0.00446	0.00330	0.02017	0.00549
2	0.00573	0.00411	0.00548	0.00553	0.00593	0.00446	0.00395	0.00656	0.00643	0.00890	0.03490	0.04768	0.01387	0.37910	0.36275	0.00450	0.02342	0.07120	0.00244	0.00304
3	0.00521	0.00376	0.00469	0.00500	0.00570	0.00341	0.00353	0.00628	0.00882	0.02656	0.24898	0.42392	0.19995	0.02904	0.00513	0.00148	0.00215	0.00917	0.00382	0.00340
4	0.00612	0.00425	0.00501	0.00474	0.00598	0.00378	0.00357	0.00766	0.02496	0.07668	0.36237	0.07037	0.37882	0.02220	0.00482	0.00133	0.00210	0.00748	0.00400	0.00376
5	0.01156	0.00917	0.00977	0.00828	0.01080	0.01039	0.00658	0.27057	0.55692	0.04047	0.01391	0.01297	0.01026	0.00512	0.00397	0.00128	0.00349	0.00414	0.00399	0.00636
6	0.40658	0.00758	0.00765	0.00649	0.00892	0.00823	0.00536	0.18025	0.01025	0.16549	0.04001	0.01261	0.00869	0.00604	0.04298	0.00149	0.00371	0.06929	0.00332	0.00507
7	0.55072	0.00968	0.00897	0.00756	0.01034	0.01051	0.00603	0.26316	0.01161	0.06879	0.00887	0.00993	0.00683	0.00509	0.00369	0.00149	0.00400	0.00321	0.00356	0.00596
8	0.02575	0.15471	0.10909	0.01217	0.21688	0.13632	0.00871	0.05414	0.00950	0.11166	0.00897	0.06693	0.00771	0.02063	0.00425	0.00120	0.03192	0.01157	0.00247	0.00539
9	0.01048	0.86458	0.02054	0.00671	0.01006	0.01551	0.00671	0.01174	0.00797	0.00922	0.00545	0.00629	0.00503	0.00335	0.00252	0.00084	0.00419	0.00210	0.00168	0.00503
10	0.14686	0.00908	0.00998	0.00779	0.01076	0.00963	0.00642	0.43591	0.03315	0.27490	0.01084	0.01029	0.00736	0.00461	0.00371	0.00120	0.00379	0.00347	0.00399	0.00629
11	0.00752	0.00708	0.01196	0.81251	0.06642	0.00874	0.01094	0.01011	0.00789	0.01015	0.00699	0.01042	0.00527	0.00390	0.00392	0.00130	0.00520	0.00348	0.00175	0.00445
12	0.00553	0.00383	0.00443	0.00446	0.00528	0.00353	0.00319	0.00677	0.00890	0.01245	0.27818	0.14632	0.23130	0.10979	0.00617	0.00156	0.00217	0.00721	0.15557	0.00336
13	0.00720	0.00552	0.00589	0.00580	0.00700	0.06460	0.00446	0.03111	0.04075	0.06288	0.20172	0.17452	0.20104	0.00875	0.00455	0.00137	0.00278	0.12102	0.04510	0.00393
14	0.00549	0.00400	0.00478	0.00468	0.00571	0.00356	0.00345	0.00681	0.00971	0.03765	0.39580	0.13026	0.32893	0.03526	0.00512	0.00139	0.00205	0.00787	0.00394	0.00354
15	0.00683	0.00387	0.00571	0.00558	0.00563	0.00418	0.00389	0.00559	0.00528	0.00720	0.00707	0.01220	0.00706	0.03207	0.07562	0.73537	0.06956	0.00351	0.00175	0.00205
16	0.01005	0.05298	0.05481	0.17671	0.20450	0.06083	0.21452	0.11442	0.04813	0.01348	0.00790	0.00986	0.00609	0.00380	0.00399	0.00122	0.00532	0.00367	0.00223	0.00550
17	0.00723	0.00592	0.00654	0.00637	0.00769	0.00640	0.00469	0.01291	0.40101	0.01316	0.04844	0.26362	0.12055	0.07021	0.00554	0.00158	0.00273	0.00704	0.00374	0.00460
18	0.03532	0.00641	0.00704	0.04609	0.00860	0.07612	0.00510	0.05350	0.03727	0.13893	0.14361	0.20414	0.07300	0.06986	0.00571	0.00153	0.02367	0.05625	0.00355	0.00429
19	0.01044	0.68976	0.08420	0.00727	0.01072	0.01440	0.00732	0.05252	0.07191	0.01079	0.00658	0.00724	0.00564	0.00360	0.00279	0.00092	0.00424	0.00241	0.00196	0.00526
20	0.00480	0.00346	0.00450	0.00531	0.00561	0.00322	0.00355	0.00548	0.00754	0.00996	0.02250	0.77350	0.08039	0.04319	0.00553	0.00165	0.00231	0.01075	0.00359	0.00316
21	0.00519	0.00389	0.00470	0.00469	0.00553	0.00352	0.00337	0.00646	0.00945	0.01269	0.41670	0.16035	0.24961	0.08889	0.00612	0.00155	0.00213	0.00791	0.00385	0.00339
22	0.04223	0.01043	0.01944	0.00938	0.03664	0.12763	0.07039	0.31632	0.13335	0.06546	0.01186	0.04236	0.03418	0.00523	0.00399	0.00123	0.00441	0.04143	0.01838	0.00567

[dist]
# distance from previous block
# <min> <max>
1	19

[block]
# block no. 8 follows, 69 sequences, length 12
# corresponding to MSA columns:
# 264-275
name=unknown_I
#
# <colnr> <probs for GDERKNQSTAVLIFYWHMCP>
#	G	D	E	R	K	N	Q	S	T	A	V	L	I	F	Y	W	H	M	C	P
0	0.01000	0.15407	0.16892	0.04969	0.09256	0.09656	0.02286	0.11798	0.03250	0.03428	0.04818	0.06603	0.02364	0.00502	0.00393	0.00118	0.01942	0.03201	0.00254	0.01863
1	0.02239	0.05750	0.00797	0.00597	0.00813	0.00581	0.03299	0.01031	0.07586	0.07358	0.19469	0.04533	0.12075	0.02399	0.00424	0.00111	0.01377	0.00491	0.04463	0.24605
2	0.01048	0.00938	0.01458	0.06059	0.65191	0.04831	0.01097	0.01312	0.04876	0.08140	0.00838	0.01015	0.00668	0.00374	0.00388	0.00118	0.00461	0.00353	0.00228	0.00608
3	0.00897	0.00723	0.00851	0.00619	0.00952	0.00587	0.00499	0.05569	0.00878	0.05218	0.00744	0.00846	0.00601	0.00323	0.00335	0.00068	0.03231	0.00250	0.00251	0.76556
4	0.00712	0.00459	0.00608	0.00569	0.00664	0.00469	0.00429	0.00835	0.00847	0.11489	0.23831	0.08002	0.10346	0.12562	0.20963	0.00285	0.05616	0.00600	0.00332	0.00381
5	0.03791	0.00536	0.00707	0.00626	0.00754	0.00552	0.01785	0.03355	0.03061	0.22011	0.01237	0.07950	0.02030	0.07344	0.09834	0.15926	0.06420	0.01491	0.10175	0.00416
6	0.00857	0.00643	0.00781	0.00669	0.00858	0.00651	0.04763	0.15403	0.14328	0.06808	0.20836	0.06282	0.22810	0.00728	0.00439	0.00129	0.00291	0.01857	0.00389	0.00477
7	0.00567	0.00388	0.00453	0.00469	0.00534	0.00356	0.00315	0.00631	0.00767	0.04963	0.05226	0.27871	0.26678	0.27885	0.00954	0.00218	0.00270	0.00807	0.00332	0.00315
8	0.01129	0.00957	0.01059	0.00937	0.03719	0.07270	0.00735	0.21284	0.25922	0.05739	0.01098	0.01276	0.00881	0.00567	0.00615	0.00138	0.20915	0.04874	0.00323	0.00561
9	0.01033	0.71812	0.12559	0.00743	0.01104	0.05207	0.00775	0.01200	0.00815	0.00965	0.00568	0.00658	0.00502	0.00343	0.00272	0.00090	0.00453	0.00222	0.00169	0.00511
10	0.00978	0.01057	0.01183	0.01025	0.01065	0.17693	0.00838	0.01066	0.00701	0.00947	0.00533	0.00828	0.00513	0.00630	0.01102	0.00158	0.68746	0.00325	0.00178	0.00434
11	0.01104	0.00913	0.01056	0.00919	0.03604	0.02610	0.06053	0.15408	0.56192	0.05599	0.01386	0.01313	0.01027	0.00498	0.00401	0.00129	0.00367	0.00421	0.00379	0.00621

[dist]
# distance from previous block
# <min> <max>
0	1

[block]
# block no. 9 follows, 69 sequences, length 10
# corresponding to MSA columns:
# 277-286
name=unknown_J
#
# <colnr> <probs for GDERKNQSTAVLIFYWHMCP>
#	G	D	E	R	K	N	Q	S	T	A	V	L	I	F	Y	W	H	M	C	P
0	0.00488	0.00349	0.00464	0.00539	0.00571	0.00325	0.00365	0.00572	0.00799	0.01078	0.13195	0.74712	0.02743	0.01170	0.00495	0.00154	0.00222	0.01060	0.00373	0.00325
1	0.18044	0.00792	0.04697	0.00639	0.00962	0.00674	0.00543	0.05070	0.04941	0.15600	0.00869	0.00907	0.00648	0.00362	0.00313	0.00091	0.00321	0.00275	0.00290	0.43962
2	0.00515	0.00396	0.00470	0.00458	0.00563	0.00352	0.00341	0.00660	0.01007	0.01341	0.48020	0.07263	0.35402	0.00898	0.00465	0.00129	0.00192	0.00776	0.00401	0.00352
3	0.01002	0.00896	0.00992	0.01027	0.12244	0.05078	0.00712	0.04960	0.60936	0.01568	0.01428	0.01477	0.01114	0.00524	0.00402	0.00131	0.00358	0.04191	0.00359	0.00602
4	0.07371	0.66393	0.01785	0.03443	0.01056	0.01410	0.00666	0.05939	0.04703	0.03223	0.00648	0.00718	0.00552	0.00360	0.00274	0.00093	0.00408	0.00238	0.00205	0.00514
5	0.00523	0.00379	0.00459	0.00474	0.00531	0.00352	0.00322	0.00614	0.00839	0.01124	0.27195	0.25023	0.16512	0.22869	0.00866	0.00200	0.00249	0.00801	0.00352	0.00316
6	0.00945	0.00761	0.08680	0.00717	0.00934	0.03864	0.07960	0.05259	0.03998	0.16129	0.14074	0.03588	0.07912	0.06943	0.01583	0.01775	0.00359	0.00491	0.13561	0.00466
7	0.00539	0.00389	0.00479	0.00493	0.00557	0.00365	0.00345	0.00651	0.02551	0.01156	0.28271	0.24572	0.15966	0.14584	0.00772	0.04662	0.00244	0.02724	0.00356	0.00324
8	0.04102	0.13588	0.01178	0.00827	0.01090	0.16445	0.00677	0.35134	0.11332	0.03453	0.05432	0.03199	0.00891	0.00480	0.00367	0.00113	0.00441	0.00360	0.00324	0.00565
9	0.06611	0.09228	0.07618	0.02625	0.14587	0.16354	0.03612	0.08389	0.03791	0.06465	0.00943	0.05815	0.00817	0.00555	0.03083	0.00133	0.00487	0.04339	0.01825	0.02724

[dist]
# distance from previous block
# <min> <max>
0	10

[block]
# block no. 10 follows, 69 sequences, length 19
# corresponding to MSA columns:
# 298-303,311-323
name=unknown_K
#
# <colnr> <probs for GDERKNQSTAVLIFYWHMCP>
#	G	D	E	R	K	N	Q	S	T	A	V	L	I	F	Y	W	H	M	C	P
0	0.10932	0.03905	0.00764	0.00637	0.00826	0.00718	0.00503	0.17979	0.09995	0.08326	0.08432	0.17709	0.13033	0.00720	0.00409	0.00130	0.00298	0.02551	0.01654	0.00479
1	0.00876	0.00838	0.02970	0.12109	0.52545	0.00847	0.01023	0.03811	0.00912	0.01275	0.07489	0.03647	0.05777	0.00470	0.00436	0.00123	0.03651	0.00426	0.00230	0.00546
2	0.00489	0.00357	0.00453	0.00514	0.00558	0.00329	0.00349	0.00569	0.00798	0.01055	0.10765	0.61695	0.13750	0.05669	0.00571	0.00164	0.00227	0.01004	0.00364	0.00321
3	0.00587	0.00401	0.00540	0.00544	0.00593	0.00424	0.00385	0.00668	0.00666	0.03210	0.05355	0.12717	0.02904	0.28491	0.38139	0.02586	0.00641	0.00574	0.00258	0.00316
4	0.01147	0.00928	0.00983	0.00833	0.01085	0.01055	0.00662	0.28890	0.55982	0.01917	0.01377	0.01289	0.01020	0.00511	0.00397	0.00128	0.00351	0.00413	0.00397	0.00636
5	0.02454	0.00644	0.00752	0.00638	0.00839	0.00655	0.00505	0.12351	0.16845	0.21165	0.24219	0.01840	0.04791	0.00594	0.00401	0.00121	0.00280	0.00495	0.09885	0.00527
6	0.12646	0.01055	0.01100	0.00853	0.01157	0.01173	0.00704	0.72102	0.01693	0.02380	0.00891	0.00902	0.00636	0.00457	0.00373	0.00118	0.00415	0.00335	0.00373	0.00636
7	0.00816	0.10999	0.10706	0.11714	0.19013	0.00889	0.10622	0.01080	0.05076	0.01140	0.01075	0.17445	0.02357	0.00560	0.00448	0.00129	0.04704	0.00500	0.00231	0.00495
8	0.01048	0.86458	0.02054	0.00671	0.01006	0.01551	0.00671	0.01174	0.00797	0.00922	0.00545	0.00629	0.00503	0.00335	0.00252	0.00084	0.00419	0.00210	0.00168	0.00503
9	0.27809	0.00821	0.00911	0.00765	0.01008	0.02526	0.06171	0.24707	0.02604	0.08164	0.01082	0.01540	0.00918	0.00539	0.00373	0.00130	0.00380	0.14821	0.04221	0.00511
10	0.01023	0.00955	0.04024	0.00827	0.01066	0.05433	0.00666	0.06544	0.71076	0.01636	0.01473	0.01369	0.01104	0.00516	0.00395	0.00130	0.00348	0.00422	0.00379	0.00613
11	0.00533	0.00387	0.00494	0.00501	0.00582	0.00356	0.00369	0.00679	0.00983	0.01355	0.49407	0.22922	0.12810	0.00931	0.00471	0.00135	0.00204	0.04234	0.02295	0.00352
12	0.00745	0.00661	0.01083	0.72333	0.04489	0.00808	0.00988	0.00996	0.00792	0.01067	0.00772	0.01096	0.00587	0.00399	0.00377	0.00125	0.00478	0.00351	0.11423	0.00431
13	0.00668	0.00421	0.00450	0.00440	0.00535	0.01806	0.00334	0.00832	0.00882	0.01378	0.16609	0.03797	0.13980	0.00636	0.00386	0.00110	0.03384	0.02194	0.50793	0.00364
14	0.00566	0.00415	0.00618	0.00618	0.00683	0.00480	0.00475	0.00688	0.00623	0.00895	0.01040	0.01557	0.00981	0.05507	0.78392	0.04495	0.00998	0.00421	0.00209	0.00339
15	0.04500	0.38882	0.07922	0.00874	0.01179	0.23743	0.05014	0.08861	0.00977	0.01151	0.00622	0.00724	0.00521	0.00381	0.00345	0.00101	0.03235	0.00258	0.00202	0.00507
16	0.00572	0.00392	0.00476	0.00496	0.00565	0.00362	0.00343	0.00666	0.02397	0.04704	0.12409	0.34757	0.21635	0.14174	0.00750	0.03531	0.00249	0.00838	0.00352	0.00331
17	0.01049	0.03063	0.00872	0.02414	0.00965	0.13937	0.01740	0.14177	0.08921	0.11593	0.11330	0.04326	0.13520	0.00707	0.02264	0.00137	0.00394	0.07747	0.00354	0.00490
18	0.01083	0.02726	0.04095	0.00829	0.03442	0.05114	0.00660	0.25593	0.17616	0.07318	0.06925	0.11122	0.02156	0.01648	0.00450	0.00132	0.02078	0.04958	0.00360	0.01696

[dist]
# distance from previous block
# <min> <max>
0	35

[block]
# block no. 11 follows, 69 sequences, length 10
# corresponding to MSA columns:
# 359-368
name=unknown_L
#
# <colnr> <probs for GDERKNQSTAVLIFYWHMCP>
#	G	D	E	R	K	N	Q	S	T	A	V	L	I	F	Y	W	H	M	C	P
0	0.07739	0.00674	0.00889	0.09516	0.13869	0.00643	0.00627	0.04753	0.00868	0.08546	0.03067	0.10884	0.03069	0.07218	0.00492	0.00128	0.00348	0.00434	0.00274	0.25961
1	0.00918	0.00884	0.05590	0.08869	0.21017	0.00852	0.18086	0.07150	0.08253	0.03834	0.08214	0.01311	0.02685	0.00514	0.02583	0.00137	0.02675	0.00424	0.05472	0.00532
2	0.00543	0.00401	0.00554	0.00592	0.00648	0.00380	0.03963	0.03298	0.00803	0.01086	0.02080	0.72331	0.05203	0.01117	0.00483	0.00152	0.00250	0.01013	0.04763	0.00342
3	0.00603	0.00454	0.00674	0.02407	0.00780	0.00422	0.07946	0.00733	0.00872	0.05070	0.15094	0.41948	0.15129	0.00981	0.00480	0.00146	0.00275	0.05256	0.00361	0.00369
4	0.01243	0.00844	0.00952	0.00826	0.03270	0.02273	0.00641	0.16897	0.38548	0.21017	0.02749	0.01318	0.01034	0.00508	0.00416	0.00126	0.02676	0.00408	0.03635	0.00619
5	0.00996	0.00860	0.00953	0.00926	0.07378	0.00982	0.00670	0.05410	0.73333	0.01647	0.01502	0.01403	0.01130	0.00515	0.00398	0.00131	0.00327	0.00432	0.00383	0.00623
6	0.00556	0.00381	0.00436	0.00442	0.00456	0.00378	0.00261	0.00574	0.00608	0.00803	0.01484	0.07539	0.07565	0.71063	0.05585	0.00360	0.00388	0.00614	0.00253	0.00254
7	0.00777	0.00618	0.00690	0.00619	0.00784	0.00649	0.00479	0.10457	0.26776	0.01608	0.34953	0.02387	0.16187	0.00712	0.00435	0.00127	0.00255	0.00605	0.00405	0.00475
8	0.00753	0.00511	0.00566	0.00550	0.00629	0.03545	0.00377	0.04707	0.05466	0.08621	0.04160	0.26151	0.04496	0.33589	0.01038	0.00231	0.00324	0.00687	0.03239	0.00361
9	0.06103	0.00827	0.00917	0.00716	0.01011	0.03565	0.02972	0.17364	0.11732	0.03677	0.00962	0.05964	0.00796	0.00427	0.00344	0.00095	0.00344	0.00346	0.00299	0.41540

[dist]
# distance from previous block
# <min> <max>
0	1

[block]
# block no. 12 follows, 69 sequences, length 20
# corresponding to MSA columns:
# 370,373-391
name=unknown_M
#
# <colnr> <probs for GDERKNQSTAVLIFYWHMCP>
#	G	D	E	R	K	N	Q	S	T	A	V	L	I	F	Y	W	H	M	C	P
0	0.05571	0.07026	0.05719	0.00960	0.03266	0.06145	0.15842	0.12009	0.02197	0.03535	0.03691	0.04589	0.00889	0.08243	0.09096	0.02268	0.07818	0.00415	0.00250	0.00471
1	0.05595	0.00769	0.00982	0.04045	0.04603	0.00701	0.03751	0.11882	0.02184	0.25384	0.00985	0.01006	0.00705	0.00385	0.00347	0.00096	0.00353	0.00315	0.00324	0.35587
2	0.00568	0.00412	0.00503	0.00484	0.00595	0.00365	0.00360	0.00710	0.00984	0.04002	0.43186	0.15214	0.25670	0.00886	0.00459	0.00128	0.00204	0.00771	0.00396	0.04102
3	0.00950	0.03723	0.23934	0.02804	0.05398	0.10685	0.02520	0.08789	0.11243	0.03039	0.03541	0.10079	0.00961	0.00631	0.03712	0.00147	0.06633	0.00428	0.00260	0.00522
4	0.01153	0.04093	0.01055	0.00793	0.01040	0.00846	0.11061	0.30044	0.05051	0.10418	0.01106	0.01181	0.00818	0.00498	0.02091	0.00122	0.00381	0.00375	0.27330	0.00542
5	0.00507	0.00385	0.00452	0.00475	0.00553	0.00348	0.00339	0.00606	0.00856	0.01105	0.17480	0.23978	0.33548	0.12069	0.00676	0.00172	0.00236	0.05530	0.00360	0.00325
6	0.01208	0.09172	0.03547	0.00778	0.04172	0.00831	0.00626	0.12323	0.19369	0.26562	0.08505	0.01505	0.06334	0.00529	0.00387	0.00120	0.00337	0.00430	0.02684	0.00582
7	0.00617	0.00449	0.00624	0.08449	0.06442	0.00437	0.00487	0.00752	0.00879	0.04861	0.20091	0.37136	0.12214	0.00907	0.00457	0.00138	0.00261	0.00808	0.03613	0.00380
8	0.01048	0.86458	0.02054	0.00671	0.01006	0.01551	0.00671	0.01174	0.00797	0.00922	0.00545	0.00629	0.00503	0.00335	0.00252	0.00084	0.00419	0.00210	0.00168	0.00503
9	0.00942	0.02303	0.00956	0.00703	0.01000	0.00717	0.02264	0.08919	0.03159	0.05527	0.00765	0.00877	0.00616	0.00375	0.00434	0.00085	0.10851	0.00276	0.00256	0.58976
10	0.01637	0.00659	0.00879	0.00689	0.00969	0.00585	0.00563	0.05703	0.01125	0.72562	0.01548	0.06636	0.01059	0.00530	0.00397	0.00123	0.00327	0.00437	0.02936	0.00637
11	0.18388	0.29855	0.08554	0.00729	0.01005	0.08930	0.04420	0.02033	0.00824	0.03708	0.00975	0.06148	0.05913	0.02530	0.03481	0.00136	0.00443	0.01237	0.00229	0.00462
12	0.00787	0.00722	0.01176	0.79979	0.02607	0.00893	0.01067	0.06120	0.00850	0.01094	0.00712	0.01039	0.00532	0.00397	0.00392	0.00130	0.00517	0.00349	0.00188	0.00450
13	0.01326	0.00668	0.00816	0.00671	0.00892	0.02959	0.01519	0.08233	0.06207	0.43606	0.02553	0.01617	0.01096	0.11589	0.02527	0.00166	0.00362	0.03838	0.08806	0.00548
14	0.00647	0.00399	0.00488	0.00502	0.00592	0.00367	0.00366	0.00763	0.00861	0.08614	0.11420	0.33063	0.17895	0.03872	0.01838	0.00152	0.00244	0.04022	0.13530	0.00364
15	0.00548	0.00415	0.00602	0.00606	0.00680	0.00469	0.00468	0.00682	0.00658	0.00927	0.01356	0.04999	0.08477	0.02699	0.73845	0.00567	0.00942	0.00483	0.00230	0.00347
16	0.00772	0.00440	0.00561	0.00528	0.00649	0.00405	0.00397	0.00932	0.02168	0.16252	0.33976	0.19431	0.09494	0.00865	0.02599	0.00141	0.00245	0.00700	0.09033	0.00412
17	0.72071	0.00696	0.00576	0.00516	0.00735	0.00787	0.00419	0.01102	0.00752	0.03743	0.14450	0.01037	0.00985	0.00440	0.00283	0.00122	0.00284	0.00300	0.00280	0.00421
18	0.05917	0.00545	0.00668	0.00660	0.00768	0.00574	0.03913	0.02926	0.22056	0.01246	0.01794	0.49980	0.01925	0.04482	0.00517	0.00157	0.00283	0.00819	0.00354	0.00417
19	0.01234	0.04668	0.07174	0.05008	0.11712	0.17563	0.02944	0.14792	0.06855	0.15250	0.01999	0.04612	0.00805	0.00459	0.00382	0.00116	0.00470	0.00371	0.00299	0.03289

[dist]
# distance from previous block
# <min> <max>
0	22

[block]
# block no. 13 follows, 69 sequences, length 13
# corresponding to MSA columns:
# 414-426
name=unknown_N
#
# <colnr> <probs for GDERKNQSTAVLIFYWHMCP>
#	G	D	E	R	K	N	Q	S	T	A	V	L	I	F	Y	W	H	M	C	P
0	0.43442	0.05992	0.09697	0.00809	0.03824	0.03062	0.07932	0.07420	0.02207	0.06207	0.02023	0.02811	0.00641	0.02008	0.00349	0.00125	0.00396	0.00308	0.00257	0.00491
1	0.39183	0.00915	0.08763	0.00789	0.03213	0.04188	0.06978	0.04996	0.10699	0.01550	0.04278	0.09717	0.00941	0.00506	0.00346	0.00128	0.00373	0.01688	0.00277	0.00475
2	0.00607	0.00417	0.00477	0.00460	0.00579	0.00378	0.00345	0.00773	0.03344	0.05532	0.27746	0.08761	0.36374	0.00843	0.00436	0.00126	0.00205	0.00719	0.11506	0.00372
3	0.00660	0.00543	0.00831	0.35038	0.04477	0.00628	0.00691	0.00789	0.00700	0.00925	0.01099	0.06685	0.05245	0.17034	0.11974	0.08658	0.02984	0.00470	0.00213	0.00356
4	0.02836	0.01000	0.09243	0.03510	0.01421	0.04181	0.25587	0.10801	0.10754	0.12942	0.02450	0.05006	0.02028	0.00531	0.01536	0.00137	0.00487	0.04701	0.00303	0.00547
5	0.00501	0.00380	0.00463	0.00490	0.00570	0.00342	0.00355	0.00617	0.00905	0.01189	0.25863	0.32735	0.28988	0.01026	0.00479	0.00141	0.00211	0.04024	0.00383	0.00339
6	0.00978	0.04402	0.03193	0.02602	0.01106	0.14000	0.04995	0.06025	0.00931	0.02625	0.00746	0.02891	0.00623	0.00354	0.00325	0.00080	0.00402	0.00282	0.00237	0.53205
7	0.00546	0.00392	0.00527	0.00572	0.00623	0.00372	0.02366	0.00652	0.02663	0.02639	0.05143	0.60292	0.05845	0.09589	0.00643	0.00178	0.00263	0.06006	0.00353	0.00334
8	0.00550	0.00404	0.00546	0.00550	0.00605	0.00438	0.00399	0.00646	0.00644	0.00888	0.01423	0.05440	0.09023	0.25065	0.51045	0.00497	0.00756	0.00527	0.00238	0.00317
9	0.00747	0.00686	0.05395	0.02115	0.11153	0.01682	0.08984	0.02045	0.03154	0.04687	0.03258	0.01444	0.03169	0.01835	0.47347	0.00406	0.00796	0.00423	0.00234	0.00442
10	0.02791	0.00788	0.01008	0.03091	0.15796	0.05668	0.04932	0.08303	0.05828	0.07177	0.15088	0.01598	0.07949	0.03655	0.00473	0.00124	0.02323	0.00447	0.00305	0.12657
11	0.00886	0.00947	0.00769	0.00745	0.00868	0.30803	0.02668	0.03355	0.00958	0.01082	0.06283	0.34174	0.09152	0.00832	0.00440	0.00133	0.00420	0.04791	0.00306	0.00389
12	0.17791	0.06705	0.04551	0.02300	0.09715	0.08190	0.03186	0.14870	0.03294	0.03333	0.02299	0.00878	0.00637	0.00391	0.00357	0.00106	0.02713	0.00294	0.00258	0.18131

[dist]
# distance from previous block
# <min> <max>
1	13

[block]
# block no. 14 follows, 69 sequences, length 7
# corresponding to MSA columns:
# 441-447
name=unknown_O
#
# <colnr> <probs for GDERKNQSTAVLIFYWHMCP>
#	G	D	E	R	K	N	Q	S	T	A	V	L	I	F	Y	W	H	M	C	P
0	0.32143	0.04343	0.01041	0.04067	0.03938	0.15183	0.07703	0.11807	0.06282	0.04518	0.00797	0.02946	0.00635	0.00482	0.02448	0.00131	0.00456	0.00318	0.00265	0.00497
1	0.03575	0.00940	0.05079	0.08681	0.50807	0.00915	0.08457	0.01296	0.09955	0.03166	0.00876	0.01111	0.00709	0.00393	0.00395	0.00123	0.00466	0.02245	0.00226	0.00585
2	0.00510	0.00413	0.00457	0.00466	0.00579	0.00369	0.00349	0.00665	0.04495	0.01154	0.14625	0.14540	0.53616	0.00982	0.00470	0.00137	0.00214	0.05234	0.00375	0.00349
3	0.00725	0.00466	0.00564	0.00517	0.00654	0.00425	0.00394	0.05189	0.01051	0.12056	0.36591	0.10756	0.27422	0.00842	0.00454	0.00129	0.00226	0.00724	0.00409	0.00407
4	0.01272	0.05637	0.01086	0.00905	0.01133	0.40863	0.00703	0.11183	0.30454	0.01377	0.00996	0.01000	0.00771	0.00454	0.00369	0.00114	0.00519	0.00330	0.00293	0.00541
5	0.00577	0.00381	0.00488	0.00527	0.00596	0.00346	0.00370	0.00672	0.00849	0.06944	0.13992	0.56206	0.14418	0.01081	0.00482	0.00148	0.00225	0.00964	0.00382	0.00352
6	0.00811	0.11101	0.04167	0.00768	0.03648	0.02328	0.04141	0.03057	0.11115	0.05355	0.04170	0.30077	0.05459	0.00738	0.00457	0.00130	0.04605	0.00633	0.00311	0.06928

[dist]
# distance from previous block
# <min> <max>
3	12

[block]
# block no. 15 follows, 69 sequences, length 11
# corresponding to MSA columns:
# 460-470
name=unknown_P
#
# <colnr> <probs for GDERKNQSTAVLIFYWHMCP>
#	G	D	E	R	K	N	Q	S	T	A	V	L	I	F	Y	W	H	M	C	P
0	0.13377	0.10956	0.13668	0.00907	0.01207	0.23054	0.07104	0.07757	0.03702	0.04449	0.04615	0.00913	0.00705	0.00418	0.00380	0.00113	0.03451	0.00308	0.00241	0.02673
1	0.00902	0.00762	0.01022	0.10184	0.19213	0.06129	0.03565	0.10189	0.00977	0.05748	0.02730	0.21196	0.04528	0.00705	0.02259	0.00140	0.00411	0.04349	0.00291	0.04698
2	0.04940	0.00620	0.00793	0.04989	0.06610	0.04128	0.06438	0.00942	0.06708	0.05391	0.05755	0.18899	0.27520	0.00792	0.00455	0.00135	0.01812	0.02327	0.00326	0.00419
3	0.00796	0.02638	0.07443	0.00711	0.00852	0.09918	0.02006	0.02865	0.02627	0.04959	0.01149	0.04713	0.03661	0.16907	0.29882	0.02333	0.03968	0.01938	0.00242	0.00392
4	0.01278	0.01025	0.01011	0.00841	0.01101	0.10057	0.00671	0.32928	0.33783	0.08804	0.01298	0.01233	0.03162	0.00503	0.00393	0.00123	0.00399	0.00394	0.00381	0.00616
5	0.00580	0.00394	0.00471	0.00522	0.03810	0.00378	0.00329	0.00666	0.00753	0.01065	0.07343	0.21633	0.12900	0.29558	0.00948	0.00213	0.00273	0.00691	0.17156	0.00317
6	0.04973	0.00588	0.00658	0.00601	0.00759	0.00616	0.00462	0.04483	0.26577	0.04081	0.34051	0.06017	0.13133	0.00718	0.00429	0.00129	0.00248	0.00612	0.00400	0.00464
7	0.00860	0.06483	0.22431	0.00927	0.02506	0.03628	0.05724	0.05501	0.02692	0.02947	0.02234	0.09469	0.02851	0.02419	0.03010	0.00149	0.17156	0.00424	0.03082	0.05506
8	0.00916	0.02805	0.14104	0.04436	0.01198	0.03292	0.05646	0.12538	0.02346	0.03021	0.03000	0.08119	0.03531	0.02259	0.00719	0.00145	0.27929	0.00434	0.03078	0.00483
