[name]
unknown

[dist]
# distance from previous block
# <min> <max>
0	28

[block]
# block no. 0 follows, 67 sequences, length 39
# corresponding to MSA columns:
# 28-66
name=unknown_A
#
# <colnr> <probs for GDERKNQSTAVLIFYWHMCP>
#	G	D	E	R	K	N	Q	S	T	A	V	L	I	F	Y	W	H	M	C	P
0	0.00646	0.00462	0.00646	0.00739	0.00831	0.00462	0.00646	0.00831	0.00923	0.01200	0.02123	0.04524	0.02308	0.01108	0.00554	0.00185	0.00369	0.80704	0.00369	0.00369
1	0.00748	0.00374	0.00374	0.00374	0.00467	0.00374	0.00280	0.00934	0.00841	0.01495	0.01308	0.01495	0.01028	0.00467	0.00280	0.00093	0.00187	0.00374	0.88132	0.00374
2	0.00757	0.00713	0.01203	0.84942	0.02762	0.00891	0.01114	0.01025	0.00802	0.01025	0.00713	0.01069	0.00535	0.00401	0.00401	0.00134	0.00535	0.00356	0.00178	0.00446
3	0.00583	0.00389	0.00437	0.00437	0.00437	0.00389	0.00243	0.00583	0.00583	0.00778	0.01264	0.02624	0.01458	0.85906	0.02041	0.00389	0.00389	0.00583	0.00243	0.00243
4	0.00530	0.00379	0.00513	0.00606	0.00648	0.00362	0.00445	0.00631	0.00809	0.01070	0.02187	0.64167	0.02561	0.01217	0.00523	0.00169	0.00269	0.22205	0.00371	0.00337
5	0.00474	0.00406	0.00406	0.00406	0.00542	0.00339	0.00305	0.00576	0.00914	0.01083	0.04063	0.03860	0.83241	0.01016	0.00474	0.00135	0.00203	0.00846	0.00372	0.00339
6	0.00579	0.00405	0.00521	0.00521	0.00550	0.00434	0.00347	0.00637	0.00608	0.00839	0.01187	0.02202	0.01275	0.52512	0.35184	0.00492	0.00665	0.00521	0.00232	0.00289
7	0.00993	0.00953	0.01628	0.02462	0.83404	0.00953	0.01231	0.01231	0.00913	0.01310	0.00754	0.00993	0.00635	0.00357	0.00397	0.00119	0.00476	0.00357	0.00199	0.00635
8	0.88738	0.00776	0.00589	0.00527	0.00776	0.00900	0.00434	0.01179	0.00683	0.01799	0.00558	0.00651	0.00434	0.00372	0.00248	0.00124	0.00310	0.00217	0.00248	0.00434
9	0.01000	0.00917	0.04039	0.20657	0.42155	0.00941	0.01069	0.05325	0.13165	0.05382	0.00926	0.01097	0.00716	0.00409	0.00400	0.00125	0.00461	0.00372	0.00249	0.00596
10	0.00948	0.11819	0.65897	0.04152	0.03759	0.01065	0.03614	0.01324	0.00913	0.01323	0.00809	0.00985	0.00616	0.00445	0.00415	0.00142	0.00603	0.00330	0.00208	0.00630
11	0.00893	0.02422	0.04375	0.03637	0.01092	0.00656	0.01897	0.07542	0.02365	0.01393	0.00748	0.00863	0.00605	0.00325	0.00317	0.00073	0.00338	0.00261	0.00247	0.69950
12	0.00545	0.00429	0.00503	0.00535	0.00650	0.00391	0.00429	0.00694	0.02261	0.01156	0.07524	0.08179	0.46989	0.01040	0.00501	0.00152	0.00260	0.27029	0.00376	0.00355
13	0.00680	0.00583	0.00909	0.30970	0.09623	0.00639	0.01973	0.00903	0.03527	0.01190	0.15775	0.24115	0.01799	0.00739	0.00452	0.00141	0.00374	0.04886	0.00296	0.00424
14	0.00489	0.00349	0.00465	0.00558	0.00582	0.00326	0.00372	0.00558	0.00768	0.01024	0.02210	0.85644	0.02653	0.01256	0.00512	0.00163	0.00233	0.01140	0.00372	0.00326
15	0.01539	0.01092	0.04452	0.00899	0.01229	0.01128	0.00764	0.66221	0.01728	0.15269	0.01051	0.01022	0.00724	0.00480	0.00401	0.00121	0.00432	0.00365	0.00407	0.00679
16	0.01065	0.25550	0.01462	0.00939	0.01086	0.15811	0.00800	0.04090	0.00809	0.01019	0.00568	0.00786	0.00527	0.00541	0.00812	0.00135	0.43041	0.00296	0.00188	0.00474
17	0.00489	0.00349	0.00465	0.00558	0.00582	0.00326	0.00372	0.00558	0.00768	0.01024	0.02210	0.85644	0.02653	0.01256	0.00512	0.00163	0.00233	0.01140	0.00372	0.00326
18	0.00489	0.00349	0.00465	0.00558	0.00582	0.00326	0.00372	0.00558	0.00768	0.01024	0.02210	0.85644	0.02653	0.01256	0.00512	0.00163	0.00233	0.01140	0.00372	0.00326
19	0.00998	0.00862	0.00907	0.00816	0.01043	0.00998	0.00635	0.02131	0.82679	0.01678	0.01632	0.01496	0.01224	0.00544	0.00408	0.00136	0.00317	0.00453	0.00408	0.00635
20	0.00862	0.00819	0.01331	0.56212	0.27219	0.02504	0.01134	0.03078	0.00869	0.01147	0.00730	0.01037	0.00568	0.00390	0.00399	0.00128	0.00518	0.00355	0.00190	0.00509
21	0.00832	0.00713	0.00832	0.00594	0.00950	0.00535	0.00475	0.01010	0.00832	0.01307	0.00713	0.00832	0.00594	0.00297	0.00297	0.00059	0.00297	0.00238	0.00238	0.88357
22	0.01680	0.00811	0.07489	0.00795	0.01132	0.00637	0.04632	0.01868	0.01114	0.73208	0.01477	0.01311	0.00936	0.00480	0.00405	0.00125	0.00377	0.00398	0.00456	0.00669
23	0.00877	0.00877	0.01228	0.01053	0.01053	0.01228	0.00877	0.00965	0.00614	0.00965	0.00526	0.00877	0.00526	0.00702	0.01316	0.00175	0.85172	0.00351	0.00175	0.00439
24	0.01525	0.01123	0.01204	0.00923	0.01244	0.01244	0.00762	0.82067	0.01886	0.02528	0.00963	0.00963	0.00682	0.00481	0.00401	0.00120	0.00441	0.00361	0.00401	0.00682
25	0.00474	0.00406	0.00406	0.00406	0.00542	0.00339	0.00305	0.00576	0.00914	0.01083	0.04063	0.03860	0.83241	0.01016	0.00474	0.00135	0.00203	0.00846	0.00372	0.00339
26	0.00474	0.00406	0.00406	0.00406	0.00542	0.00339	0.00305	0.00576	0.00914	0.01083	0.04063	0.03860	0.83241	0.01016	0.00474	0.00135	0.00203	0.00846	0.00372	0.00339
27	0.01427	0.01777	0.01205	0.01233	0.12753	0.72617	0.00839	0.01550	0.01105	0.01028	0.00639	0.00761	0.00533	0.00405	0.00367	0.00106	0.00689	0.00272	0.00206	0.00489
28	0.00947	0.01082	0.02366	0.01690	0.02096	0.01014	0.81947	0.01285	0.00947	0.01285	0.00811	0.01082	0.00609	0.00338	0.00473	0.00135	0.00676	0.00473	0.00203	0.00541
29	0.01488	0.01096	0.01178	0.00910	0.01220	0.01211	0.00749	0.79197	0.01846	0.02475	0.01007	0.03945	0.00751	0.00509	0.00405	0.00122	0.00434	0.00389	0.00400	0.00669
30	0.00582	0.00394	0.00461	0.00461	0.00470	0.00402	0.00273	0.00599	0.00590	0.00795	0.01242	0.02504	0.01406	0.76347	0.11528	0.00418	0.00468	0.00566	0.00240	0.00256
31	0.01072	0.86147	0.02102	0.00686	0.01029	0.01587	0.00686	0.01201	0.00815	0.00944	0.00558	0.00643	0.00515	0.00343	0.00257	0.00086	0.00429	0.00214	0.00172	0.00515
32	0.01501	0.01101	0.01179	0.00906	0.01220	0.01217	0.00748	0.79617	0.01854	0.02496	0.00973	0.00979	0.00692	0.00481	0.00398	0.00120	0.00434	0.00361	0.03050	0.00673
33	0.00757	0.00713	0.01203	0.84942	0.02762	0.00891	0.01114	0.01025	0.00802	0.01025	0.00713	0.01069	0.00535	0.00401	0.00401	0.00134	0.00535	0.00356	0.00178	0.00446
34	0.00489	0.00349	0.00465	0.00558	0.00582	0.00326	0.00372	0.00558	0.00768	0.01024	0.02210	0.85644	0.02653	0.01256	0.00512	0.00163	0.00233	0.01140	0.00372	0.00326
35	0.00757	0.00713	0.01203	0.84942	0.02762	0.00891	0.01114	0.01025	0.00802	0.01025	0.00713	0.01069	0.00535	0.00401	0.00401	0.00134	0.00535	0.00356	0.00178	0.00446
36	0.00492	0.00364	0.00460	0.00527	0.00576	0.00332	0.00361	0.00577	0.00823	0.01081	0.08943	0.64540	0.17099	0.01179	0.00502	0.00155	0.00224	0.01055	0.00378	0.00332
37	0.01072	0.86147	0.02102	0.00686	0.01029	0.01587	0.00686	0.01201	0.00815	0.00944	0.00558	0.00643	0.00515	0.00343	0.00257	0.00086	0.00429	0.00214	0.00172	0.00515
38	0.00795	0.00648	0.00909	0.27732	0.02936	0.02406	0.00807	0.01114	0.10821	0.04236	0.01486	0.04369	0.01442	0.00753	0.00500	0.00157	0.03268	0.34870	0.00305	0.00446

[dist]
# distance from previous block
# <min> <max>
0	1

[block]
# block no. 1 follows, 67 sequences, length 15
# corresponding to MSA columns:
# 68-82
name=unknown_B
#
# <colnr> <probs for GDERKNQSTAVLIFYWHMCP>
#	G	D	E	R	K	N	Q	S	T	A	V	L	I	F	Y	W	H	M	C	P
0	0.00985	0.01053	0.01184	0.50501	0.02138	0.22588	0.03320	0.01316	0.10827	0.01100	0.00803	0.01031	0.00616	0.00420	0.00394	0.00126	0.00561	0.00346	0.00214	0.00476
1	0.00832	0.00713	0.00832	0.00594	0.00950	0.00535	0.00475	0.01010	0.00832	0.01307	0.00713	0.00832	0.00594	0.00297	0.00297	0.00059	0.00297	0.00238	0.00238	0.88357
2	0.00520	0.00417	0.00470	0.00482	0.00603	0.00367	0.00378	0.00651	0.00952	0.01191	0.16847	0.03834	0.55680	0.01000	0.00488	0.00143	0.00230	0.15013	0.00383	0.00351
3	0.01498	0.01911	0.01137	0.01033	0.01240	0.84295	0.00775	0.01601	0.01137	0.00982	0.00620	0.00723	0.00517	0.00413	0.00362	0.00103	0.00723	0.00258	0.00207	0.00465
4	0.88738	0.00776	0.00589	0.00527	0.00776	0.00900	0.00434	0.01179	0.00683	0.01799	0.00558	0.00651	0.00434	0.00372	0.00248	0.00124	0.00310	0.00217	0.00248	0.00434
5	0.01072	0.86147	0.02102	0.00686	0.01029	0.01587	0.00686	0.01201	0.00815	0.00944	0.00558	0.00643	0.00515	0.00343	0.00257	0.00086	0.00429	0.00214	0.00172	0.00515
6	0.88738	0.00776	0.00589	0.00527	0.00776	0.00900	0.00434	0.01179	0.00683	0.01799	0.00558	0.00651	0.00434	0.00372	0.00248	0.00124	0.00310	0.00217	0.00248	0.00434
7	0.00583	0.00389	0.00437	0.00437	0.00437	0.00389	0.00243	0.00583	0.00583	0.00778	0.01264	0.02624	0.01458	0.85906	0.02041	0.00389	0.00389	0.00583	0.00243	0.00243
8	0.88738	0.00776	0.00589	0.00527	0.00776	0.00900	0.00434	0.01179	0.00683	0.01799	0.00558	0.00651	0.00434	0.00372	0.00248	0.00124	0.00310	0.00217	0.00248	0.00434
9	0.00547	0.00396	0.00516	0.00513	0.00593	0.00365	0.00375	0.00706	0.01045	0.01459	0.62344	0.21599	0.06188	0.00925	0.00482	0.00135	0.00199	0.00823	0.00424	0.00365
10	0.51698	0.00736	0.00735	0.00607	0.00881	0.00768	0.00500	0.01509	0.00881	0.36685	0.00995	0.00955	0.00672	0.00425	0.00314	0.00124	0.00323	0.00296	0.00354	0.00540
11	0.09361	0.00464	0.00639	0.00633	0.00722	0.00541	0.00495	0.00762	0.00648	0.01018	0.01023	0.01483	0.00946	0.02745	0.75936	0.00593	0.00998	0.00409	0.00218	0.00366
12	0.00623	0.08974	0.00790	0.00649	0.00747	0.00610	0.00520	0.00764	0.00662	0.00932	0.01023	0.01483	0.00954	0.02742	0.75937	0.00589	0.01010	0.00408	0.00211	0.00374
13	0.01080	0.01008	0.09294	0.03548	0.01232	0.00904	0.03681	0.23601	0.19660	0.03557	0.01013	0.01048	0.00760	0.00421	0.00371	0.00107	0.00393	0.00342	0.00317	0.27662
14	0.00797	0.03151	0.20287	0.00784	0.01034	0.02801	0.03934	0.02365	0.08270	0.05609	0.02659	0.21795	0.03482	0.09237	0.02272	0.00169	0.00408	0.03595	0.01788	0.05563

[dist]
# distance from previous block
# <min> <max>
0	55

[block]
# block no. 2 follows, 67 sequences, length 111
# corresponding to MSA columns:
# 138-248
name=unknown_C
#
# <colnr> <probs for GDERKNQSTAVLIFYWHMCP>
#	G	D	E	R	K	N	Q	S	T	A	V	L	I	F	Y	W	H	M	C	P
0	0.06512	0.39291	0.01550	0.02668	0.04118	0.12752	0.03404	0.06242	0.00952	0.06982	0.04830	0.02448	0.00765	0.00437	0.00384	0.00108	0.05496	0.00310	0.00238	0.00514
1	0.56247	0.02827	0.12098	0.00769	0.02611	0.00948	0.05214	0.04499	0.02042	0.04304	0.00662	0.00768	0.00504	0.00398	0.00349	0.00127	0.04631	0.00267	0.00245	0.00489
2	0.00852	0.00712	0.00834	0.00597	0.00952	0.00536	0.00478	0.01030	0.00838	0.03080	0.00732	0.00843	0.00603	0.00301	0.00299	0.00061	0.00298	0.00241	0.00243	0.86470
3	0.00786	0.00411	0.00415	0.00401	0.00506	0.00417	0.00304	0.04979	0.00893	0.01547	0.01291	0.01469	0.01011	0.00468	0.00286	0.00095	0.00200	0.00373	0.83758	0.00389
4	0.00523	0.00404	0.00478	0.00495	0.00588	0.00367	0.00360	0.00670	0.03243	0.01237	0.26394	0.27364	0.33315	0.01017	0.00484	0.00141	0.00213	0.01958	0.00393	0.00355
5	0.00581	0.00396	0.00476	0.00476	0.00490	0.00410	0.00291	0.00608	0.00595	0.00806	0.01228	0.02428	0.01373	0.70401	0.17430	0.00437	0.00517	0.00555	0.00238	0.00265
6	0.00945	0.00857	0.01393	0.15013	0.56822	0.00894	0.01079	0.03295	0.04343	0.01331	0.00846	0.01076	0.00685	0.00386	0.00386	0.00120	0.00449	0.00363	0.09136	0.00580
7	0.01788	0.00701	0.00942	0.00722	0.01033	0.00617	0.00597	0.05315	0.01179	0.80278	0.01556	0.01348	0.00980	0.00496	0.00403	0.00124	0.00345	0.00402	0.00492	0.00682
8	0.00517	0.00441	0.00448	0.00440	0.00582	0.00390	0.00332	0.00700	0.07220	0.01143	0.05920	0.03655	0.74869	0.00974	0.00469	0.00135	0.00212	0.00813	0.00377	0.00362
9	0.00998	0.00862	0.00907	0.00816	0.01043	0.00998	0.00635	0.02131	0.82679	0.01678	0.01632	0.01496	0.01224	0.00544	0.00408	0.00136	0.00317	0.00453	0.00408	0.00635
10	0.00832	0.00713	0.00832	0.00594	0.00950	0.00535	0.00475	0.01010	0.00832	0.01307	0.00713	0.00832	0.00594	0.00297	0.00297	0.00059	0.00297	0.00238	0.00238	0.88357
11	0.01799	0.00683	0.00931	0.00714	0.01024	0.00589	0.00589	0.01954	0.01148	0.83682	0.01582	0.01365	0.00993	0.00496	0.00403	0.00124	0.00341	0.00403	0.00496	0.00683
12	0.00697	0.00348	0.00522	0.00522	0.00522	0.00348	0.00348	0.00522	0.00522	0.00697	0.00697	0.01219	0.00697	0.01393	0.01567	0.88332	0.00348	0.00348	0.00174	0.00174
13	0.01498	0.01911	0.01137	0.01033	0.01240	0.84295	0.00775	0.01601	0.01137	0.00982	0.00620	0.00723	0.00517	0.00413	0.00362	0.00103	0.00723	0.00258	0.00207	0.00465
14	0.01498	0.01911	0.01137	0.01033	0.01240	0.84295	0.00775	0.01601	0.01137	0.00982	0.00620	0.00723	0.00517	0.00413	0.00362	0.00103	0.00723	0.00258	0.00207	0.00465
15	0.00750	0.00807	0.06724	0.01037	0.01290	0.00695	0.32737	0.03093	0.03299	0.01341	0.20156	0.14634	0.09401	0.00672	0.00470	0.00137	0.00428	0.01559	0.00309	0.00460
16	0.01498	0.01911	0.01137	0.01033	0.01240	0.84295	0.00775	0.01601	0.01137	0.00982	0.00620	0.00723	0.00517	0.00413	0.00362	0.00103	0.00723	0.00258	0.00207	0.00465
17	0.00489	0.00349	0.00465	0.00558	0.00582	0.00326	0.00372	0.00558	0.00768	0.01024	0.02210	0.85644	0.02653	0.01256	0.00512	0.00163	0.00233	0.01140	0.00372	0.00326
18	0.02456	0.04733	0.27344	0.05261	0.02811	0.22827	0.07168	0.12295	0.03201	0.06984	0.00808	0.00903	0.00595	0.00411	0.00383	0.00119	0.00574	0.00320	0.00244	0.00563
19	0.01024	0.00984	0.01029	0.24949	0.02800	0.15619	0.00788	0.10625	0.25213	0.01425	0.06342	0.01381	0.05081	0.00511	0.00404	0.00127	0.00454	0.00416	0.00303	0.00525
20	0.00488	0.00352	0.00462	0.00550	0.00579	0.00326	0.00369	0.00559	0.00776	0.01027	0.02313	0.81111	0.07119	0.01243	0.00510	0.00161	0.00231	0.01124	0.00372	0.00326
21	0.01741	0.00775	0.00988	0.00758	0.01070	0.00727	0.00626	0.18844	0.01303	0.66573	0.01452	0.01280	0.00927	0.00493	0.00403	0.00123	0.00362	0.00394	0.00476	0.00682
22	0.00955	0.09577	0.53094	0.02695	0.01568	0.07671	0.04008	0.07353	0.00954	0.02808	0.00790	0.01003	0.00611	0.00423	0.00392	0.00124	0.01544	0.03656	0.00206	0.00568
23	0.00931	0.00808	0.01306	0.07441	0.57621	0.00822	0.00998	0.02628	0.00907	0.01356	0.00882	0.01112	0.00719	0.00388	0.00371	0.00114	0.00414	0.00361	0.20260	0.00564
24	0.00998	0.00862	0.00907	0.00816	0.01043	0.00998	0.00635	0.02131	0.82679	0.01678	0.01632	0.01496	0.01224	0.00544	0.00408	0.00136	0.00317	0.00453	0.00408	0.00635
25	0.00918	0.01166	0.19939	0.08317	0.54627	0.00924	0.02210	0.01208	0.00891	0.01275	0.00802	0.01115	0.00669	0.00397	0.00401	0.00125	0.00505	0.03715	0.00198	0.00599
26	0.01499	0.01100	0.01181	0.00913	0.01228	0.01217	0.00752	0.75929	0.06526	0.04031	0.01013	0.01001	0.00719	0.00485	0.00402	0.00121	0.00432	0.00367	0.00403	0.00679
27	0.03866	0.21148	0.06343	0.12115	0.16522	0.12304	0.00902	0.12711	0.01035	0.05200	0.00739	0.00874	0.00584	0.00401	0.00377	0.00113	0.02643	0.00303	0.00233	0.01587
28	0.00497	0.00355	0.00475	0.00568	0.00595	0.00333	0.00386	0.00573	0.00776	0.01033	0.02206	0.81437	0.02635	0.01249	0.00514	0.00164	0.00240	0.05267	0.00372	0.00328
29	0.00621	0.00434	0.00550	0.00519	0.00631	0.00400	0.00397	0.00818	0.02907	0.04966	0.63923	0.03079	0.13573	0.00839	0.00473	0.00130	0.00209	0.04708	0.00431	0.00391
30	0.00583	0.00388	0.00437	0.00440	0.00442	0.00387	0.00247	0.00587	0.00592	0.00793	0.01290	0.04906	0.01486	0.82492	0.01977	0.00379	0.00382	0.00596	0.01350	0.00247
31	0.11935	0.00693	0.00891	0.00692	0.00995	0.00626	0.00571	0.01864	0.01094	0.74136	0.01463	0.01282	0.00928	0.00482	0.00385	0.00124	0.00338	0.00382	0.00467	0.00654
32	0.00877	0.00877	0.01228	0.01053	0.01053	0.01228	0.00877	0.00965	0.00614	0.00965	0.00526	0.00877	0.00526	0.00702	0.01316	0.00175	0.85172	0.00351	0.00175	0.00439
33	0.00564	0.00410	0.00531	0.00500	0.00597	0.00377	0.00375	0.00749	0.01126	0.01586	0.79873	0.03032	0.07117	0.00828	0.00473	0.00127	0.00190	0.00730	0.00439	0.00377
34	0.00757	0.00713	0.01203	0.84942	0.02762	0.00891	0.01114	0.01025	0.00802	0.01025	0.00713	0.01069	0.00535	0.00401	0.00401	0.00134	0.00535	0.00356	0.00178	0.00446
35	0.01799	0.00683	0.00931	0.00714	0.01024	0.00589	0.00589	0.01954	0.01148	0.83682	0.01582	0.01365	0.00993	0.00496	0.00403	0.00124	0.00341	0.00403	0.00496	0.00683
36	0.01525	0.01123	0.01204	0.00923	0.01244	0.01244	0.00762	0.82067	0.01886	0.02528	0.00963	0.00963	0.00682	0.00481	0.00401	0.00120	0.00441	0.00361	0.00401	0.00682
37	0.00998	0.00862	0.00907	0.00816	0.01043	0.00998	0.00635	0.02131	0.82679	0.01678	0.01632	0.01496	0.01224	0.00544	0.00408	0.00136	0.00317	0.00453	0.00408	0.00635
38	0.00844	0.00673	0.01118	0.00918	0.01107	0.00710	0.19115	0.09364	0.00878	0.06621	0.01032	0.01374	0.00872	0.01900	0.48508	0.00425	0.02079	0.00429	0.01577	0.00456
39	0.88738	0.00776	0.00589	0.00527	0.00776	0.00900	0.00434	0.01179	0.00683	0.01799	0.00558	0.00651	0.00434	0.00372	0.00248	0.00124	0.00310	0.00217	0.00248	0.00434
40	0.00735	0.00472	0.00602	0.00546	0.00676	0.00443	0.00417	0.00981	0.06642	0.11080	0.65191	0.02739	0.06353	0.00771	0.00461	0.00127	0.00216	0.00674	0.00443	0.00429
41	0.00489	0.00349	0.00465	0.00558	0.00582	0.00326	0.00372	0.00558	0.00768	0.01024	0.02210	0.85644	0.02653	0.01256	0.00512	0.00163	0.00233	0.01140	0.00372	0.00326
42	0.01553	0.01043	0.01150	0.00885	0.01200	0.01128	0.00730	0.68341	0.01754	0.15247	0.01078	0.02219	0.00759	0.00495	0.00403	0.00122	0.00423	0.00379	0.00416	0.00677
43	0.00835	0.02033	0.80787	0.01132	0.01714	0.00933	0.01453	0.03030	0.00874	0.02542	0.00738	0.00857	0.00519	0.00385	0.00382	0.00127	0.00586	0.00299	0.00179	0.00596
44	0.01009	0.00867	0.00913	0.00818	0.01047	0.01003	0.00638	0.03862	0.80930	0.01696	0.01618	0.01485	0.01213	0.00543	0.00408	0.00136	0.00320	0.00451	0.00408	0.00636
45	0.01498	0.01911	0.01137	0.01033	0.01240	0.84295	0.00775	0.01601	0.01137	0.00982	0.00620	0.00723	0.00517	0.00413	0.00362	0.00103	0.00723	0.00258	0.00207	0.00465
46	0.00748	0.00374	0.00374	0.00374	0.00467	0.00374	0.00280	0.00934	0.00841	0.01495	0.01308	0.01495	0.01028	0.00467	0.00280	0.00093	0.00187	0.00374	0.88132	0.00374
47	0.00877	0.00877	0.01228	0.01053	0.01053	0.01228	0.00877	0.00965	0.00614	0.00965	0.00526	0.00877	0.00526	0.00702	0.01316	0.00175	0.85172	0.00351	0.00175	0.00439
48	0.00832	0.00713	0.00832	0.00594	0.00950	0.00535	0.00475	0.01010	0.00832	0.01307	0.00713	0.00832	0.00594	0.00297	0.00297	0.00059	0.00297	0.00238	0.00238	0.88357
49	0.00583	0.00389	0.00437	0.00437	0.00437	0.00389	0.00243	0.00583	0.00583	0.00778	0.01264	0.02624	0.01458	0.85906	0.02041	0.00389	0.00389	0.00583	0.00243	0.00243
50	0.01175	0.00983	0.01003	0.00852	0.01096	0.08759	0.02406	0.22305	0.42046	0.05477	0.07159	0.02640	0.01200	0.00540	0.00409	0.00128	0.00385	0.00439	0.00389	0.00608
51	0.00573	0.00424	0.00619	0.00621	0.00684	0.00486	0.00471	0.00699	0.00640	0.00916	0.01114	0.03088	0.01080	0.11998	0.73970	0.00609	0.00986	0.00458	0.00221	0.00345
52	0.24794	0.00869	0.01062	0.00941	0.02805	0.02515	0.00763	0.01040	0.00648	0.01200	0.00542	0.00816	0.00504	0.00600	0.00989	0.00159	0.58803	0.00313	0.00196	0.00442
53	0.01210	0.02069	0.01263	0.12287	0.17717	0.19650	0.02930	0.22986	0.11208	0.01563	0.00911	0.01071	0.00714	0.00447	0.00396	0.00121	0.00513	0.02089	0.00281	0.00575
54	0.00488	0.00378	0.00439	0.00483	0.00557	0.00336	0.00336	0.00571	0.00831	0.01049	0.04540	0.43333	0.38654	0.05378	0.00571	0.00161	0.00226	0.00973	0.00367	0.00328
55	0.00760	0.00552	0.00665	0.00689	0.00816	0.00587	0.00570	0.02436	0.21267	0.01386	0.01841	0.06137	0.01798	0.00849	0.00465	0.00155	0.00320	0.42298	0.15970	0.00439
56	0.00583	0.00389	0.00437	0.00437	0.00437	0.00389	0.00243	0.00583	0.00583	0.00778	0.01264	0.02624	0.01458	0.85906	0.02041	0.00389	0.00389	0.00583	0.00243	0.00243
57	0.00646	0.00462	0.00646	0.00739	0.00831	0.00462	0.00646	0.00831	0.00923	0.01200	0.02123	0.04524	0.02308	0.01108	0.00554	0.00185	0.00369	0.80704	0.00369	0.00369
58	0.00877	0.00877	0.01228	0.01053	0.01053	0.01228	0.00877	0.00965	0.00614	0.00965	0.00526	0.00877	0.00526	0.00702	0.01316	0.00175	0.85172	0.00351	0.00175	0.00439
59	0.01498	0.01911	0.01137	0.01033	0.01240	0.84295	0.00775	0.01601	0.01137	0.00982	0.00620	0.00723	0.00517	0.00413	0.00362	0.00103	0.00723	0.00258	0.00207	0.00465
60	0.88738	0.00776	0.00589	0.00527	0.00776	0.00900	0.00434	0.01179	0.00683	0.01799	0.00558	0.00651	0.00434	0.00372	0.00248	0.00124	0.00310	0.00217	0.00248	0.00434
61	0.74142	0.00845	0.00714	0.00617	0.00866	0.05417	0.03285	0.01245	0.00741	0.06397	0.00628	0.00716	0.00479	0.00387	0.00294	0.00124	0.02150	0.00242	0.00257	0.00454
62	0.00494	0.00405	0.00435	0.00431	0.00555	0.00346	0.00322	0.00612	0.00955	0.01189	0.20203	0.06006	0.64691	0.00982	0.00475	0.00134	0.00201	0.00830	0.00387	0.00346
63	0.08574	0.00926	0.01027	0.00806	0.01100	0.00977	0.00659	0.47874	0.02478	0.21351	0.01154	0.06421	0.00864	0.00520	0.00393	0.00122	0.00388	0.00406	0.00404	0.03555
64	0.07050	0.01481	0.03189	0.00930	0.01155	0.52008	0.03742	0.05883	0.01093	0.08324	0.00849	0.05071	0.00705	0.00504	0.01705	0.00120	0.00596	0.00335	0.04772	0.00486
65	0.00583	0.00389	0.00437	0.00437	0.00437	0.00389	0.00243	0.00583	0.00583	0.00778	0.01264	0.02624	0.01458	0.85906	0.02041	0.00389	0.00389	0.00583	0.00243	0.00243
66	0.07384	0.06215	0.04208	0.07437	0.18023	0.13349	0.01811	0.14030	0.01902	0.04447	0.00776	0.01725	0.00626	0.00473	0.01477	0.00127	0.09797	0.00329	0.01382	0.04481
67	0.02511	0.00856	0.01396	0.14161	0.48014	0.00917	0.03582	0.04465	0.00892	0.01266	0.00884	0.09703	0.00816	0.00493	0.00493	0.00132	0.08208	0.00438	0.00221	0.00553
68	0.00490	0.00407	0.00428	0.00432	0.00557	0.00347	0.00325	0.00600	0.00924	0.01125	0.10487	0.06375	0.69859	0.02219	0.00500	0.00141	0.00212	0.03854	0.00376	0.00341
69	0.00979	0.00946	0.01638	0.06541	0.75973	0.00952	0.04611	0.01223	0.00909	0.01295	0.00755	0.01000	0.00629	0.00359	0.00400	0.00121	0.00488	0.00362	0.00198	0.00622
70	0.00824	0.00776	0.01296	0.57739	0.25097	0.00899	0.01116	0.01103	0.03158	0.01123	0.00784	0.02934	0.00629	0.00412	0.00403	0.00130	0.00506	0.00377	0.00195	0.00501
71	0.00869	0.00822	0.01364	0.40012	0.38537	0.00920	0.01121	0.01146	0.03927	0.01181	0.01674	0.02360	0.00673	0.00415	0.00432	0.00129	0.03308	0.00376	0.00202	0.00534
72	0.00501	0.00360	0.00460	0.00530	0.00562	0.00336	0.00352	0.00569	0.00771	0.01020	0.04949	0.66422	0.09278	0.11058	0.00685	0.00186	0.00247	0.01037	0.00360	0.00319
73	0.00617	0.00404	0.00498	0.00521	0.00609	0.00364	0.00374	0.00723	0.00885	0.07887	0.12800	0.39994	0.23309	0.03372	0.00524	0.00152	0.00235	0.03060	0.03307	0.00365
74	0.01390	0.06011	0.01139	0.03328	0.01215	0.50107	0.01979	0.08966	0.03076	0.10100	0.00917	0.03224	0.00769	0.00492	0.00384	0.00115	0.00590	0.05420	0.00272	0.00506
75	0.00824	0.00872	0.06056	0.04775	0.02888	0.01069	0.00859	0.00959	0.01617	0.00994	0.00685	0.03426	0.00671	0.04088	0.08049	0.00215	0.60936	0.00387	0.00190	0.00437
76	0.00487	0.00388	0.00439	0.00478	0.00570	0.00340	0.00346	0.00581	0.00861	0.01067	0.03292	0.33875	0.49891	0.01108	0.00492	0.00148	0.00222	0.04708	0.00372	0.00335
77	0.04007	0.36854	0.21193	0.02962	0.17815	0.05153	0.00992	0.04629	0.00898	0.01194	0.00659	0.00788	0.00542	0.00366	0.00328	0.00107	0.00490	0.00274	0.00190	0.00558
78	0.01051	0.72324	0.12782	0.00758	0.01129	0.04252	0.00793	0.01223	0.00830	0.00988	0.00581	0.00673	0.00514	0.00350	0.00277	0.00092	0.00460	0.00227	0.00172	0.00523
79	0.00840	0.02699	0.58151	0.04419	0.14969	0.00920	0.04940	0.01236	0.00864	0.01271	0.01973	0.00918	0.00587	0.00379	0.00385	0.00123	0.00555	0.00319	0.00183	0.04269
80	0.00575	0.00416	0.00580	0.00580	0.00632	0.00463	0.00423	0.00673	0.00633	0.00890	0.01204	0.01918	0.03464	0.25340	0.58163	0.02165	0.00851	0.00482	0.00226	0.00323
81	0.00558	0.00378	0.00445	0.00469	0.00475	0.00372	0.00277	0.00577	0.00632	0.00843	0.01513	0.24510	0.01773	0.63590	0.01638	0.00329	0.00348	0.00730	0.00277	0.00265
82	0.00977	0.01068	0.00799	0.00789	0.00910	0.36607	0.00576	0.03190	0.04397	0.01078	0.01465	0.40592	0.01609	0.00838	0.00441	0.00136	0.00458	0.03358	0.00303	0.00409
83	0.00688	0.00547	0.00736	0.00678	0.00763	0.00600	0.04365	0.05786	0.03109	0.01111	0.03878	0.13319	0.09334	0.20440	0.16219	0.00294	0.10741	0.04521	0.02497	0.00374
84	0.00492	0.00402	0.00440	0.00445	0.00561	0.00349	0.00330	0.00604	0.00918	0.01143	0.14539	0.12437	0.60536	0.01093	0.03754	0.00157	0.00238	0.00845	0.00376	0.00343
85	0.00946	0.01099	0.04619	0.01740	0.08926	0.01007	0.72870	0.01280	0.00941	0.01286	0.00804	0.01068	0.00608	0.00341	0.00464	0.00134	0.00657	0.00459	0.00202	0.00550
86	0.85294	0.00761	0.00587	0.00527	0.00769	0.00879	0.00432	0.01162	0.00700	0.01792	0.03787	0.00743	0.00565	0.00390	0.00257	0.00124	0.00306	0.00237	0.00256	0.00432
87	0.10279	0.01046	0.01107	0.00860	0.01164	0.01154	0.00709	0.68158	0.01711	0.05038	0.04155	0.01024	0.00788	0.00484	0.00389	0.00121	0.00415	0.00362	0.00390	0.00645
88	0.00996	0.00870	0.00964	0.00850	0.01084	0.00998	0.03812	0.02098	0.79486	0.01662	0.01600	0.01480	0.01200	0.00536	0.00411	0.00136	0.00331	0.00454	0.00400	0.00631
89	0.01049	0.82797	0.02035	0.00675	0.01010	0.01538	0.00671	0.01176	0.00819	0.00949	0.00695	0.00769	0.03747	0.00369	0.00266	0.00088	0.00420	0.00239	0.00179	0.00508
90	0.01484	0.01093	0.01175	0.00909	0.01218	0.01208	0.00747	0.78882	0.01842	0.02469	0.01012	0.04271	0.00759	0.00512	0.00406	0.00122	0.00433	0.00392	0.00400	0.00668
91	0.00831	0.02068	0.80597	0.01139	0.01716	0.04188	0.01454	0.01283	0.00858	0.01259	0.00716	0.00842	0.00508	0.00382	0.00380	0.00126	0.00598	0.00295	0.00171	0.00588
92	0.00721	0.00377	0.00419	0.00420	0.00499	0.00376	0.00312	0.00856	0.00809	0.01361	0.05808	0.01659	0.01184	0.01836	0.02318	0.12118	0.00237	0.03066	0.65279	0.00345
93	0.03511	0.00595	0.00718	0.03873	0.00865	0.00579	0.00489	0.09360	0.01066	0.34153	0.03079	0.01384	0.01004	0.00483	0.00349	0.00111	0.00290	0.00387	0.37172	0.00531
94	0.00592	0.00388	0.00434	0.00434	0.00439	0.00388	0.00245	0.00601	0.00597	0.00815	0.01266	0.02566	0.01436	0.81491	0.01950	0.00374	0.00378	0.00572	0.04785	0.00250
95	0.01747	0.00684	0.00923	0.00711	0.01014	0.00599	0.00586	0.03980	0.01166	0.78551	0.04582	0.01415	0.01088	0.00508	0.00406	0.00124	0.00338	0.00414	0.00492	0.00671
96	0.00489	0.00349	0.00465	0.00558	0.00582	0.00326	0.00372	0.00558	0.00768	0.01024	0.02210	0.85644	0.02653	0.01256	0.00512	0.00163	0.00233	0.01140	0.00372	0.00326
97	0.00580	0.00390	0.00451	0.00455	0.00463	0.00390	0.00266	0.00597	0.00619	0.00832	0.04740	0.05656	0.01597	0.75687	0.04313	0.00374	0.00395	0.01680	0.00257	0.00257
98	0.00495	0.00355	0.00470	0.00552	0.00583	0.00330	0.00372	0.00575	0.00801	0.01074	0.09100	0.77397	0.03974	0.01216	0.00508	0.00159	0.00229	0.01101	0.00378	0.00330
99	0.01059	0.71658	0.05413	0.00752	0.01069	0.04637	0.00740	0.01197	0.00810	0.00961	0.00564	0.00676	0.00516	0.00380	0.00363	0.00096	0.08194	0.00232	0.00173	0.00509
100	0.00929	0.00749	0.00787	0.00713	0.00911	0.00844	0.00553	0.04447	0.59090	0.01638	0.04227	0.01666	0.06142	0.00566	0.00393	0.00128	0.00289	0.00469	0.14892	0.00568
101	0.00489	0.00349	0.00465	0.00558	0.00582	0.00326	0.00372	0.00558	0.00768	0.01024	0.02210	0.85644	0.02653	0.01256	0.00512	0.00163	0.00233	0.01140	0.00372	0.00326
102	0.00916	0.25447	0.12334	0.02846	0.04539	0.04323	0.01619	0.03147	0.00788	0.02022	0.00750	0.03135	0.00691	0.04406	0.11651	0.00205	0.20160	0.00344	0.00199	0.00479
103	0.00984	0.02741	0.01578	0.13824	0.61551	0.00980	0.04281	0.05228	0.00940	0.01316	0.00753	0.00996	0.00618	0.00375	0.00416	0.00122	0.02133	0.00359	0.00205	0.00601
104	0.00653	0.00550	0.01827	0.00696	0.00778	0.06549	0.00562	0.00792	0.00867	0.01106	0.01959	0.31517	0.02191	0.02330	0.04719	0.00196	0.00388	0.41609	0.00346	0.00363
105	0.86489	0.02967	0.00628	0.00531	0.00782	0.00917	0.00441	0.01179	0.00686	0.01777	0.00558	0.00651	0.00436	0.00372	0.00248	0.00123	0.00313	0.00217	0.00246	0.00436
106	0.00665	0.00497	0.01637	0.00613	0.00689	0.00550	0.00479	0.01658	0.00768	0.02108	0.13556	0.01812	0.02693	0.09794	0.35513	0.00367	0.10805	0.00474	0.14951	0.00372
107	0.01154	0.68035	0.01890	0.00757	0.01071	0.17733	0.00703	0.01297	0.02467	0.00965	0.00591	0.00675	0.00529	0.00361	0.00281	0.00090	0.00484	0.00228	0.00183	0.00507
108	0.00866	0.00717	0.00828	0.00622	0.00948	0.00587	0.00494	0.01162	0.11366	0.03691	0.00948	0.03157	0.02055	0.00371	0.00323	0.00075	0.00298	0.00303	0.00273	0.70917
109	0.06095	0.04735	0.07572	0.04844	0.17389	0.01002	0.02097	0.25688	0.06801	0.16889	0.01003	0.01044	0.00723	0.00442	0.00401	0.00123	0.01842	0.00357	0.00327	0.00625
110	0.03031	0.33838	0.04753	0.12873	0.13279	0.04571	0.06327	0.10259	0.00978	0.03964	0.00715	0.00857	0.00575	0.00377	0.00342	0.00108	0.00479	0.00300	0.00219	0.02154

[dist]
# distance from previous block
# <min> <max>
1	35

[block]
# block no. 3 follows, 67 sequences, length 25
# corresponding to MSA columns:
# 284-308
name=unknown_D
#
# <colnr> <probs for GDERKNQSTAVLIFYWHMCP>
#	G	D	E	R	K	N	Q	S	T	A	V	L	I	F	Y	W	H	M	C	P
0	0.05231	0.14289	0.05395	0.02687	0.19916	0.17172	0.06380	0.03441	0.01992	0.02090	0.04943	0.00966	0.00737	0.00432	0.00463	0.00117	0.09372	0.00330	0.00220	0.03827
1	0.00636	0.00447	0.00519	0.00499	0.00529	0.00466	0.00319	0.04262	0.00698	0.00952	0.05249	0.04984	0.04847	0.62564	0.04280	0.00335	0.04494	0.00585	0.03041	0.00293
2	0.41971	0.05987	0.00874	0.00683	0.02721	0.04528	0.00543	0.10465	0.07214	0.01669	0.00728	0.00801	0.00571	0.00381	0.00297	0.00107	0.00352	0.00261	0.00268	0.19579
3	0.00945	0.06426	0.01219	0.00963	0.01043	0.03651	0.00802	0.05045	0.00740	0.02871	0.00644	0.03547	0.00616	0.00640	0.01047	0.00154	0.61649	0.00357	0.00206	0.07436
4	0.01073	0.05183	0.11890	0.03465	0.16674	0.03712	0.05132	0.07351	0.12257	0.13438	0.12427	0.01375	0.01870	0.00492	0.00420	0.00124	0.01807	0.00420	0.00315	0.00577
5	0.00797	0.00557	0.00695	0.00710	0.06837	0.01849	0.01366	0.01037	0.08474	0.12687	0.24533	0.08332	0.26365	0.00801	0.00456	0.00133	0.00270	0.03257	0.00394	0.00450
6	0.00493	0.00359	0.00465	0.00546	0.00584	0.00332	0.00372	0.00571	0.00794	0.01045	0.03867	0.73395	0.11193	0.01219	0.00508	0.00160	0.00232	0.03162	0.00373	0.00329
7	0.00787	0.00750	0.01288	0.73873	0.10392	0.00902	0.04269	0.01054	0.00818	0.01062	0.00721	0.01062	0.00547	0.00394	0.00403	0.00132	0.00535	0.00361	0.00181	0.00467
8	0.00993	0.03295	0.21969	0.04281	0.25834	0.05346	0.15101	0.03510	0.07596	0.04649	0.00890	0.03164	0.00702	0.00411	0.00405	0.00125	0.00528	0.00383	0.00230	0.00586
9	0.01583	0.00645	0.00846	0.00665	0.00936	0.00577	0.00544	0.05062	0.01136	0.65044	0.05577	0.01447	0.01124	0.00508	0.00390	0.00120	0.00317	0.00414	0.12441	0.00625
10	0.00518	0.00378	0.00493	0.00575	0.00625	0.00354	0.00417	0.00614	0.00816	0.01066	0.02422	0.59724	0.12525	0.01198	0.00515	0.00164	0.00256	0.16632	0.00372	0.00336
11	0.00616	0.00523	0.01895	0.00673	0.02025	0.04574	0.04672	0.00736	0.00877	0.02581	0.15003	0.52926	0.06422	0.01040	0.00490	0.00150	0.00288	0.03779	0.00363	0.00369
12	0.00985	0.07175	0.06660	0.06290	0.29477	0.03446	0.17563	0.04627	0.14262	0.01350	0.00942	0.03779	0.00767	0.00422	0.00406	0.00125	0.00496	0.00405	0.00243	0.00581
13	0.00979	0.00832	0.00879	0.00796	0.01014	0.00959	0.00621	0.02051	0.77384	0.01659	0.01631	0.01570	0.01243	0.00555	0.00406	0.00135	0.00313	0.02397	0.03957	0.00618
14	0.00489	0.00417	0.00421	0.00418	0.00555	0.00355	0.00314	0.00616	0.02819	0.01111	0.06011	0.03783	0.79322	0.01000	0.00472	0.00135	0.00205	0.00834	0.00375	0.00346
15	0.08307	0.11400	0.36343	0.04508	0.01590	0.01010	0.16984	0.05308	0.02861	0.05425	0.00806	0.02294	0.00608	0.00397	0.00379	0.00124	0.00531	0.00343	0.00220	0.00560
16	0.00576	0.00450	0.00634	0.04855	0.03385	0.00484	0.00498	0.00713	0.02680	0.01010	0.01695	0.35678	0.06488	0.05119	0.29918	0.00336	0.03242	0.01586	0.00291	0.00362
17	0.00479	0.00399	0.00419	0.00430	0.00549	0.00338	0.00316	0.00579	0.00902	0.01093	0.06471	0.14746	0.69819	0.01041	0.00479	0.00139	0.00207	0.00882	0.00375	0.00338
18	0.01022	0.00938	0.01503	0.15248	0.61973	0.03208	0.01156	0.04508	0.00950	0.04510	0.00785	0.01011	0.00632	0.00376	0.00397	0.00121	0.00486	0.00356	0.00215	0.00605
19	0.02594	0.30778	0.17721	0.01015	0.03558	0.17673	0.10933	0.01298	0.03087	0.01101	0.00701	0.00847	0.00578	0.00544	0.05833	0.00143	0.00588	0.00296	0.00193	0.00518
20	0.00690	0.00351	0.00523	0.00522	0.00526	0.00350	0.00350	0.00534	0.00552	0.00741	0.04695	0.01305	0.00846	0.01365	0.01514	0.84056	0.00341	0.00367	0.00187	0.00184
21	0.00997	0.00864	0.01247	0.01003	0.01267	0.00916	0.21335	0.04320	0.45565	0.06193	0.08281	0.03782	0.01291	0.00529	0.00433	0.00135	0.00401	0.00494	0.00362	0.00585
22	0.01943	0.00905	0.01282	0.03722	0.36646	0.07658	0.07441	0.01329	0.12992	0.04552	0.07768	0.06356	0.01115	0.00491	0.00409	0.00124	0.00434	0.00451	0.03825	0.00558
23	0.00991	0.05412	0.52759	0.01109	0.01598	0.00940	0.10801	0.05253	0.00941	0.11740	0.00892	0.00985	0.01896	0.00411	0.00414	0.00127	0.02570	0.00340	0.00229	0.00591
24	0.00959	0.00534	0.00670	0.00588	0.00758	0.00499	0.00459	0.05289	0.04610	0.23770	0.34259	0.08788	0.11589	0.00752	0.00446	0.00129	0.00257	0.01904	0.03261	0.00479

[dist]
# distance from previous block
# <min> <max>
1	34

[block]
# block no. 4 follows, 67 sequences, length 42
# corresponding to MSA columns:
# 343-384
name=unknown_E
#
# <colnr> <probs for GDERKNQSTAVLIFYWHMCP>
#	G	D	E	R	K	N	Q	S	T	A	V	L	I	F	Y	W	H	M	C	P
0	0.00821	0.07359	0.78690	0.01114	0.01691	0.00973	0.01432	0.01266	0.00845	0.01250	0.00710	0.00834	0.00508	0.00379	0.00373	0.00124	0.00582	0.00291	0.00169	0.00588
1	0.00832	0.00713	0.00832	0.00594	0.00950	0.00535	0.00475	0.01010	0.00832	0.01307	0.00713	0.00832	0.00594	0.00297	0.00297	0.00059	0.00297	0.00238	0.00238	0.88357
2	0.01523	0.01163	0.01200	0.00928	0.01244	0.05443	0.00763	0.77998	0.01848	0.02449	0.00946	0.00951	0.00674	0.00478	0.00399	0.00119	0.00456	0.00356	0.00391	0.00671
3	0.00496	0.00363	0.00469	0.00551	0.00592	0.00335	0.00380	0.00577	0.00795	0.01042	0.02431	0.70819	0.12443	0.01218	0.00510	0.00161	0.00237	0.05879	0.00372	0.00330
4	0.00497	0.00355	0.00475	0.00568	0.00595	0.00333	0.00387	0.00573	0.00776	0.01033	0.02206	0.81287	0.02634	0.01248	0.00514	0.00164	0.00240	0.05413	0.00372	0.00328
5	0.01498	0.01911	0.01137	0.01033	0.01240	0.84295	0.00775	0.01601	0.01137	0.00982	0.00620	0.00723	0.00517	0.00413	0.00362	0.00103	0.00723	0.00258	0.00207	0.00465
6	0.00580	0.00389	0.00437	0.00437	0.00440	0.00387	0.00245	0.00583	0.00593	0.00786	0.01344	0.02660	0.03795	0.83480	0.01996	0.00382	0.00384	0.00591	0.00247	0.00246
7	0.01799	0.00683	0.00931	0.00714	0.01024	0.00589	0.00589	0.01954	0.01148	0.83682	0.01582	0.01365	0.00993	0.00496	0.00403	0.00124	0.00341	0.00403	0.00496	0.00683
8	0.00647	0.00428	0.00552	0.00513	0.00625	0.00389	0.00387	0.00823	0.01109	0.07454	0.68918	0.04928	0.10049	0.00823	0.00469	0.00128	0.00202	0.00722	0.00438	0.00396
9	0.01024	0.00875	0.00922	0.00822	0.01053	0.01010	0.00641	0.06173	0.78594	0.01721	0.01598	0.01469	0.01197	0.00541	0.00408	0.00135	0.00324	0.00449	0.00408	0.00637
10	0.01072	0.86147	0.02102	0.00686	0.01029	0.01587	0.00686	0.01201	0.00815	0.00944	0.00558	0.00643	0.00515	0.00343	0.00257	0.00086	0.00429	0.00214	0.00172	0.00515
11	0.83117	0.00798	0.00629	0.00553	0.00806	0.00922	0.00455	0.06393	0.00760	0.01846	0.00584	0.00672	0.00450	0.00379	0.00258	0.00124	0.00319	0.00226	0.00258	0.00450
12	0.01090	0.11253	0.36892	0.00964	0.01383	0.01078	0.01038	0.25434	0.06074	0.04540	0.03929	0.00996	0.00743	0.00444	0.00400	0.00122	0.02403	0.00337	0.00275	0.00605
13	0.01322	0.06141	0.01133	0.00854	0.01134	0.04527	0.00698	0.50827	0.19214	0.02104	0.01109	0.02454	0.00834	0.00496	0.00388	0.00120	0.00408	0.00381	0.05227	0.00630
14	0.00536	0.00409	0.00492	0.00471	0.00580	0.00365	0.00353	0.00695	0.01060	0.01429	0.56218	0.03290	0.30870	0.00887	0.00473	0.00129	0.00194	0.00767	0.00418	0.00365
15	0.00557	0.00409	0.00512	0.00486	0.00587	0.00372	0.00365	0.00732	0.01094	0.01523	0.68924	0.03101	0.16302	0.00843	0.00469	0.00127	0.00191	0.00737	0.02297	0.00372
16	0.00589	0.00415	0.00527	0.00495	0.00600	0.00378	0.00373	0.00766	0.01103	0.03507	0.70058	0.03038	0.13510	0.00830	0.00468	0.00127	0.00195	0.00727	0.01914	0.00381
17	0.01463	0.01069	0.01144	0.00885	0.01189	0.01182	0.00729	0.75063	0.03648	0.02442	0.01000	0.01009	0.00716	0.00482	0.00394	0.00119	0.00422	0.00364	0.06018	0.00661
18	0.00757	0.00713	0.01203	0.84942	0.02762	0.00891	0.01114	0.01025	0.00802	0.01025	0.00713	0.01069	0.00535	0.00401	0.00401	0.00134	0.00535	0.00356	0.00178	0.00446
19	0.00573	0.00430	0.00645	0.00645	0.00716	0.00501	0.00501	0.00716	0.00645	0.00931	0.01074	0.01576	0.01003	0.03008	0.84316	0.00645	0.01074	0.00430	0.00215	0.00358
20	0.00503	0.00407	0.00446	0.00436	0.00559	0.00351	0.00327	0.00631	0.00982	0.01244	0.28221	0.03596	0.58983	0.00956	0.00474	0.00133	0.00199	0.00809	0.00394	0.00351
21	0.01112	0.00895	0.00954	0.00829	0.01073	0.01020	0.00653	0.14579	0.66824	0.05096	0.01526	0.01408	0.01130	0.00532	0.00407	0.00133	0.00338	0.00437	0.00411	0.00644
22	0.01525	0.01123	0.01204	0.00923	0.01244	0.01244	0.00762	0.82067	0.01886	0.02528	0.00963	0.00963	0.00682	0.00481	0.00401	0.00120	0.00441	0.00361	0.00401	0.00682
23	0.00991	0.00922	0.02597	0.14601	0.62163	0.00938	0.01158	0.05667	0.00951	0.03096	0.00809	0.02847	0.00673	0.00394	0.00400	0.00123	0.00477	0.00375	0.00216	0.00603
24	0.00962	0.00830	0.00919	0.00889	0.05943	0.00944	0.00649	0.01964	0.71038	0.01650	0.08321	0.01590	0.01401	0.00556	0.00413	0.00134	0.00316	0.00470	0.00398	0.00614
25	0.01001	0.67148	0.13626	0.00771	0.01135	0.01416	0.02624	0.01184	0.00812	0.00997	0.00617	0.00738	0.00545	0.00508	0.05318	0.00126	0.00496	0.00245	0.00175	0.00517
26	0.00927	0.02018	0.75582	0.01216	0.01790	0.00972	0.06304	0.01348	0.00916	0.03687	0.00835	0.00992	0.00609	0.00438	0.00424	0.00143	0.00617	0.00338	0.00210	0.00635
27	0.07010	0.00688	0.00910	0.00702	0.01009	0.00608	0.00580	0.01908	0.01120	0.78774	0.01521	0.01322	0.00959	0.00489	0.00394	0.00124	0.00339	0.00392	0.00482	0.00668
28	0.01682	0.00686	0.00919	0.00699	0.01015	0.00583	0.00576	0.01840	0.01110	0.73717	0.01477	0.01301	0.00945	0.00472	0.00390	0.00116	0.00336	0.00383	0.00465	0.11288
29	0.01525	0.01123	0.01204	0.00923	0.01244	0.01244	0.00762	0.82067	0.01886	0.02528	0.00963	0.00963	0.00682	0.00481	0.00401	0.00120	0.00441	0.00361	0.00401	0.00682
30	0.00489	0.00349	0.00465	0.00558	0.00582	0.00326	0.00372	0.00558	0.00768	0.01024	0.02210	0.85644	0.02653	0.01256	0.00512	0.00163	0.00233	0.01140	0.00372	0.00326
31	0.00814	0.00785	0.01108	0.00968	0.00983	0.01078	0.00800	0.00914	0.00620	0.00958	0.00640	0.01022	0.00625	0.01179	0.18486	0.00273	0.67774	0.00367	0.00184	0.00422
32	0.00583	0.00392	0.00451	0.00451	0.00456	0.00396	0.00260	0.00592	0.00587	0.00788	0.01251	0.02554	0.01428	0.80372	0.07533	0.00406	0.00435	0.00573	0.00241	0.00251
33	0.01525	0.01123	0.01204	0.00923	0.01244	0.01244	0.00762	0.82067	0.01886	0.02528	0.00963	0.00963	0.00682	0.00481	0.00401	0.00120	0.00441	0.00361	0.00401	0.00682
34	0.00938	0.00657	0.00684	0.00615	0.00789	0.00725	0.00479	0.10747	0.33944	0.01687	0.01399	0.01434	0.01067	0.00500	0.00346	0.00114	0.00269	0.00404	0.42689	0.00514
35	0.88738	0.00776	0.00589	0.00527	0.00776	0.00900	0.00434	0.01179	0.00683	0.01799	0.00558	0.00651	0.00434	0.00372	0.00248	0.00124	0.00310	0.00217	0.00248	0.00434
36	0.01471	0.01097	0.01173	0.00912	0.01223	0.01218	0.00749	0.73881	0.10160	0.02440	0.01031	0.01017	0.00738	0.00488	0.00402	0.00122	0.00429	0.00371	0.00402	0.00677
37	0.01163	0.06073	0.01355	0.26334	0.16764	0.02394	0.02834	0.33197	0.01269	0.03540	0.00831	0.00989	0.00622	0.00422	0.00393	0.00122	0.00483	0.00352	0.00278	0.00586
38	0.00583	0.00389	0.00437	0.00437	0.00437	0.00389	0.00243	0.00583	0.00583	0.00778	0.01264	0.02624	0.01458	0.85906	0.02041	0.00389	0.00389	0.00583	0.00243	0.00243
39	0.00570	0.00419	0.00541	0.00563	0.03422	0.00400	0.00379	0.00698	0.00921	0.01271	0.42576	0.10707	0.09827	0.19744	0.06016	0.00220	0.00303	0.00713	0.00363	0.00348
40	0.00841	0.02023	0.80783	0.01127	0.01710	0.00919	0.01449	0.01295	0.00858	0.04297	0.00751	0.00866	0.00526	0.00385	0.00382	0.00127	0.00583	0.00300	0.00181	0.00596
41	0.00766	0.00589	0.00775	0.05748	0.00936	0.00673	0.00577	0.12947	0.08808	0.01288	0.06560	0.01561	0.01142	0.03686	0.51542	0.00447	0.00803	0.00440	0.00275	0.00437

[dist]
# distance from previous block
# <min> <max>
0	7

[block]
# block no. 5 follows, 67 sequences, length 43
# corresponding to MSA columns:
# 392-434
name=unknown_F
#
# <colnr> <probs for GDERKNQSTAVLIFYWHMCP>
#	G	D	E	R	K	N	Q	S	T	A	V	L	I	F	Y	W	H	M	C	P
0	0.02251	0.01207	0.25162	0.01162	0.12960	0.00853	0.05841	0.12378	0.01091	0.27197	0.01036	0.01076	0.00720	0.01385	0.00412	0.00125	0.00465	0.00358	0.00313	0.04006
1	0.00867	0.00746	0.00977	0.00699	0.01059	0.00581	0.08078	0.01059	0.00850	0.03400	0.00744	0.00869	0.00606	0.00306	0.00316	0.00068	0.00334	0.00264	0.00241	0.77935
2	0.76376	0.00789	0.00647	0.04141	0.00882	0.02312	0.00483	0.03002	0.02390	0.01733	0.00617	0.00730	0.00484	0.00482	0.03497	0.00144	0.00359	0.00240	0.00250	0.00442
3	0.00779	0.01402	0.41966	0.06851	0.04309	0.00833	0.18860	0.01121	0.00853	0.01211	0.01023	0.16974	0.00942	0.00538	0.00428	0.00136	0.00535	0.00501	0.00217	0.00522
