[name]
unknown

[dist]
# distance from previous block
# <min> <max>
47	188

[block]
# block no. 0 follows, 55 sequences, length 9
# corresponding to MSA columns:
# 342-350
name=unknown_A
#
# <colnr> <probs for GDERKNQSTAVLIFYWHMCP>
#	G	D	E	R	K	N	Q	S	T	A	V	L	I	F	Y	W	H	M	C	P
0	0.04171	0.04267	0.05516	0.02265	0.01091	0.04211	0.03036	0.14021	0.05046	0.03664	0.11036	0.11886	0.13176	0.01036	0.06858	0.00198	0.00470	0.03928	0.03585	0.00538
1	0.00908	0.00829	0.05480	0.05022	0.02704	0.06865	0.00647	0.02988	0.08520	0.06398	0.09834	0.16702	0.18768	0.08183	0.00684	0.00185	0.00395	0.03999	0.00396	0.00495
2	0.04866	0.02761	0.17327	0.00984	0.06160	0.00789	0.02079	0.04749	0.06046	0.08589	0.04661	0.12433	0.15961	0.00966	0.05111	0.00191	0.00474	0.04921	0.00366	0.00566
3	0.02860	0.00601	0.00818	0.00851	0.05380	0.00640	0.02639	0.03918	0.04033	0.01284	0.04125	0.20718	0.07800	0.13199	0.25785	0.00386	0.03445	0.00744	0.00332	0.00444
4	0.05692	0.04814	0.21931	0.01019	0.03973	0.00993	0.00962	0.09300	0.16163	0.15928	0.06137	0.04366	0.05482	0.00614	0.00459	0.00147	0.00462	0.00498	0.00388	0.00673
5	0.04721	0.00539	0.00659	0.00614	0.00769	0.00486	0.03761	0.00862	0.01047	0.04364	0.16202	0.17191	0.34336	0.05193	0.00617	0.00169	0.00289	0.00882	0.03260	0.04039
6	0.01086	0.00694	0.03858	0.00710	0.00908	0.00609	0.00559	0.07374	0.04370	0.21067	0.04678	0.22645	0.18590	0.09791	0.00720	0.00191	0.00351	0.00815	0.00449	0.00534
7	0.00812	0.00575	0.00659	0.00655	0.00771	0.03109	0.00477	0.03991	0.01045	0.08104	0.07823	0.34462	0.21882	0.05501	0.03419	0.00201	0.02535	0.00957	0.02578	0.00444
8	0.01018	0.01136	0.08456	0.05815	0.01800	0.02279	0.33617	0.05358	0.05135	0.01476	0.04225	0.04938	0.01054	0.04767	0.05921	0.00212	0.09805	0.00542	0.01873	0.00574

[dist]
# distance from previous block
# <min> <max>
0	6

[block]
# block no. 1 follows, 55 sequences, length 9
# corresponding to MSA columns:
# 357-365
name=unknown_B
#
# <colnr> <probs for GDERKNQSTAVLIFYWHMCP>
#	G	D	E	R	K	N	Q	S	T	A	V	L	I	F	Y	W	H	M	C	P
0	0.03402	0.12485	0.06432	0.04158	0.01381	0.09609	0.02310	0.23112	0.14710	0.05850	0.01382	0.01417	0.06183	0.00718	0.04672	0.00170	0.00550	0.00439	0.00363	0.00656
1	0.01069	0.00823	0.00995	0.04175	0.07986	0.05815	0.02495	0.09758	0.06874	0.09273	0.07167	0.15988	0.09487	0.05369	0.01830	0.00185	0.00437	0.09323	0.00404	0.00548
2	0.01582	0.01187	0.01324	0.04273	0.04543	0.01303	0.00870	0.61661	0.05668	0.02614	0.01192	0.04376	0.00910	0.00581	0.00463	0.00140	0.00488	0.00455	0.02959	0.03413
3	0.00780	0.03199	0.03304	0.00813	0.04070	0.00624	0.03687	0.02786	0.00904	0.03048	0.06221	0.15379	0.06352	0.19632	0.22884	0.00378	0.00632	0.00693	0.00321	0.04293
4	0.00937	0.04980	0.01096	0.09921	0.04841	0.02685	0.05615	0.07327	0.09931	0.01535	0.06961	0.07855	0.18675	0.01794	0.00532	0.01815	0.00409	0.02116	0.03712	0.07261
5	0.01424	0.03132	0.01118	0.00990	0.01205	0.44602	0.00750	0.04650	0.06638	0.07082	0.06475	0.08558	0.03950	0.02852	0.04375	0.00172	0.00654	0.00498	0.00331	0.00544
6	0.01077	0.00920	0.01489	0.20866	0.40674	0.00968	0.01190	0.01397	0.05032	0.06416	0.04733	0.01818	0.01164	0.00574	0.00488	0.00153	0.00520	0.09587	0.00295	0.00639
7	0.00849	0.00758	0.01268	0.01022	0.01263	0.00716	0.23836	0.03419	0.01099	0.04612	0.07541	0.10332	0.30352	0.00966	0.02629	0.00178	0.03001	0.05287	0.00373	0.00498
8	0.01053	0.01067	0.06440	0.06202	0.17530	0.03826	0.18021	0.06911	0.02277	0.04385	0.01599	0.13493	0.09800	0.00690	0.00558	0.00156	0.04452	0.00633	0.00312	0.00595

[dist]
# distance from previous block
# <min> <max>
0	2

[block]
# block no. 2 follows, 55 sequences, length 7
# corresponding to MSA columns:
# 368-374
name=unknown_C
#
# <colnr> <probs for GDERKNQSTAVLIFYWHMCP>
#	G	D	E	R	K	N	Q	S	T	A	V	L	I	F	Y	W	H	M	C	P
0	0.01239	0.05715	0.05377	0.18349	0.14583	0.07649	0.08904	0.14512	0.03360	0.05574	0.02703	0.01363	0.00890	0.00592	0.02687	0.00160	0.00597	0.02804	0.02308	0.00634
1	0.00928	0.00823	0.04618	0.00976	0.04971	0.02367	0.06380	0.07369	0.04774	0.03311	0.03200	0.13467	0.13169	0.01210	0.09509	0.08810	0.09128	0.00655	0.03838	0.00497
2	0.08704	0.02561	0.02644	0.09180	0.11760	0.11440	0.05249	0.04368	0.03338	0.05047	0.01070	0.06128	0.00922	0.03411	0.02889	0.00158	0.00527	0.00437	0.05010	0.15159
3	0.14546	0.05321	0.02190	0.01009	0.09171	0.06408	0.02364	0.05531	0.04343	0.04815	0.09540	0.13792	0.04539	0.04680	0.02195	0.00174	0.04959	0.00591	0.00345	0.03487
4	0.00776	0.00643	0.00851	0.00797	0.00909	0.00684	0.04856	0.04438	0.07474	0.01368	0.06652	0.28384	0.15607	0.09228	0.00858	0.00204	0.10495	0.04935	0.00387	0.00455
5	0.01068	0.14225	0.06325	0.04606	0.30758	0.01139	0.05472	0.03826	0.04455	0.01437	0.01217	0.06253	0.05942	0.00561	0.00515	0.00140	0.05807	0.00479	0.00267	0.05509
6	0.02907	0.06712	0.02644	0.01023	0.07375	0.07336	0.02997	0.10044	0.04696	0.08900	0.04191	0.12540	0.06435	0.04878	0.04374	0.00190	0.05216	0.02077	0.01590	0.03875

[dist]
# distance from previous block
# <min> <max>
15	61

[block]
# block no. 3 follows, 55 sequences, length 24
# corresponding to MSA columns:
# 438-461
name=unknown_D
#
# <colnr> <probs for GDERKNQSTAVLIFYWHMCP>
#	G	D	E	R	K	N	Q	S	T	A	V	L	I	F	Y	W	H	M	C	P
0	0.07330	0.06407	0.02792	0.05614	0.06975	0.03708	0.02748	0.11226	0.09477	0.08748	0.03748	0.06186	0.09635	0.04658	0.00568	0.00167	0.00445	0.08605	0.00378	0.00584
1	0.01083	0.09722	0.30664	0.19488	0.13732	0.01136	0.03827	0.04811	0.02594	0.05510	0.02585	0.01153	0.00756	0.00463	0.00444	0.00143	0.00598	0.00390	0.00248	0.00652
2	0.00616	0.00436	0.00578	0.03496	0.00770	0.00420	0.00472	0.00721	0.00919	0.01241	0.04443	0.61607	0.06227	0.03091	0.00634	0.01700	0.00294	0.06703	0.05246	0.00387
3	0.00646	0.00478	0.00613	0.00638	0.00718	0.00484	0.00463	0.02431	0.00896	0.01202	0.03832	0.25694	0.17414	0.11058	0.27244	0.00391	0.00608	0.02524	0.02272	0.00395
4	0.00863	0.03609	0.04909	0.00722	0.02068	0.00674	0.00581	0.06182	0.09614	0.04988	0.11532	0.13007	0.24124	0.01116	0.06869	0.00198	0.00392	0.00753	0.07291	0.00509
5	0.01082	0.04030	0.13190	0.02580	0.01458	0.04597	0.16514	0.06468	0.02114	0.08650	0.06374	0.10573	0.07845	0.02159	0.00597	0.00160	0.05726	0.02227	0.03083	0.00575
6	0.01969	0.00513	0.00613	0.00623	0.00731	0.00492	0.00460	0.03303	0.02564	0.03402	0.13198	0.21630	0.23440	0.12131	0.04746	0.00235	0.00356	0.08759	0.00417	0.00417
7	0.04648	0.00613	0.00729	0.00716	0.00848	0.00618	0.00531	0.09198	0.05510	0.09035	0.02156	0.35987	0.06052	0.10535	0.02031	0.00214	0.00364	0.07770	0.01963	0.00482
8	0.03960	0.08872	0.22937	0.01154	0.05269	0.02364	0.04438	0.25750	0.01401	0.10355	0.01271	0.04133	0.04922	0.00559	0.00451	0.00142	0.00537	0.00448	0.00348	0.00689
9	0.00847	0.00615	0.00746	0.00704	0.00832	0.00630	0.00526	0.08887	0.06626	0.04944	0.26352	0.25205	0.10855	0.05017	0.00682	0.00177	0.04541	0.00879	0.00450	0.00484
10	0.36475	0.21924	0.04180	0.00899	0.02738	0.10006	0.04036	0.05710	0.03014	0.01671	0.00784	0.02945	0.00661	0.00476	0.00382	0.00134	0.02808	0.00323	0.00270	0.00566
11	0.04344	0.00536	0.00585	0.00561	0.00703	0.00533	0.00430	0.05650	0.01062	0.08126	0.01842	0.12057	0.05922	0.02249	0.00443	0.00139	0.00277	0.04543	0.49525	0.00474
12	0.03083	0.22522	0.10021	0.04210	0.08523	0.11288	0.00957	0.09613	0.16738	0.01580	0.02023	0.03216	0.00907	0.00522	0.00430	0.00134	0.01782	0.00398	0.01411	0.00644
13	0.01033	0.04340	0.00930	0.00704	0.00983	0.00707	0.00558	0.06875	0.06397	0.09032	0.14302	0.02127	0.09549	0.07000	0.00589	0.00143	0.00349	0.02961	0.00386	0.31034
14	0.01036	0.08934	0.09048	0.06257	0.20694	0.02030	0.04270	0.04635	0.06029	0.04203	0.03854	0.06737	0.04457	0.08810	0.04254	0.00202	0.02356	0.01306	0.00298	0.00590
15	0.01101	0.33756	0.09010	0.03658	0.03663	0.03036	0.07763	0.02486	0.08016	0.01299	0.02612	0.03155	0.00869	0.00656	0.02635	0.05007	0.08344	0.00395	0.01962	0.00576
16	0.00688	0.00474	0.00595	0.00631	0.00710	0.00449	0.00446	0.00836	0.03496	0.04749	0.13396	0.40435	0.12174	0.11722	0.02420	0.00222	0.00319	0.05403	0.00428	0.00409
17	0.00968	0.00961	0.06353	0.15382	0.16187	0.03680	0.05616	0.09981	0.01138	0.01515	0.05771	0.19148	0.07381	0.03144	0.00559	0.00164	0.00488	0.00681	0.00326	0.00557
18	0.02502	0.03848	0.02961	0.06000	0.19336	0.15257	0.11136	0.04473	0.03630	0.05964	0.01279	0.05639	0.05430	0.02578	0.06547	0.00195	0.01836	0.00500	0.00291	0.00597
19	0.00682	0.00478	0.00642	0.00738	0.04184	0.00454	0.00501	0.00806	0.00962	0.04452	0.07846	0.49293	0.11583	0.01450	0.07475	0.00225	0.00369	0.04602	0.02836	0.00423
20	0.00701	0.00642	0.04904	0.00774	0.00903	0.00610	0.02860	0.00900	0.02619	0.01273	0.10949	0.12210	0.12188	0.05530	0.30222	0.00393	0.05316	0.06230	0.00338	0.00438
21	0.02827	0.06166	0.11242	0.04537	0.08097	0.10194	0.02510	0.11784	0.09310	0.06715	0.04768	0.05824	0.04789	0.00642	0.00543	0.00149	0.06534	0.02407	0.00339	0.00623
22	0.02000	0.09040	0.09623	0.08043	0.08090	0.09145	0.04126	0.04696	0.01042	0.04173	0.01082	0.01318	0.04841	0.04717	0.00617	0.00145	0.08105	0.00402	0.02132	0.16663
23	0.00960	0.00657	0.02574	0.00782	0.03451	0.00602	0.02169	0.07292	0.02822	0.11974	0.11255	0.27688	0.08729	0.08108	0.01796	0.00190	0.00356	0.00827	0.04841	0.02926

[dist]
# distance from previous block
# <min> <max>
9	27

[block]
# block no. 4 follows, 55 sequences, length 10
# corresponding to MSA columns:
# 489-498
name=unknown_E
#
# <colnr> <probs for GDERKNQSTAVLIFYWHMCP>
#	G	D	E	R	K	N	Q	S	T	A	V	L	I	F	Y	W	H	M	C	P
0	0.10176	0.00976	0.07207	0.02447	0.09974	0.02288	0.10546	0.06280	0.03062	0.15130	0.01772	0.12826	0.10776	0.03778	0.00553	0.00164	0.00463	0.00620	0.00368	0.00594
1	0.03128	0.01005	0.05991	0.01004	0.08654	0.11057	0.00734	0.07590	0.08760	0.04012	0.05966	0.16642	0.18118	0.00970	0.04093	0.00179	0.00465	0.00709	0.00377	0.00544
2	0.03803	0.00926	0.06082	0.05759	0.01348	0.00882	0.12308	0.13676	0.03151	0.08242	0.01467	0.13392	0.03241	0.13839	0.02562	0.00216	0.04395	0.00621	0.03542	0.00550
3	0.01007	0.03971	0.05146	0.03991	0.06411	0.02830	0.00752	0.12617	0.10397	0.03591	0.04661	0.20975	0.08215	0.05721	0.00657	0.00178	0.03471	0.04474	0.00383	0.00553
4	0.01326	0.01215	0.07235	0.08014	0.12441	0.08542	0.02604	0.24402	0.07037	0.06538	0.03099	0.05121	0.04462	0.00597	0.00483	0.00144	0.01741	0.00490	0.03850	0.00660
5	0.01138	0.34304	0.05700	0.00936	0.01211	0.09453	0.03203	0.06348	0.00995	0.01242	0.00862	0.01156	0.00779	0.04223	0.18435	0.00274	0.08590	0.00365	0.00236	0.00549
6	0.01087	0.00920	0.01305	0.01073	0.05961	0.00840	0.13840	0.10393	0.06329	0.04809	0.01403	0.06194	0.06961	0.02665	0.00495	0.00128	0.00444	0.00495	0.00334	0.34323
7	0.03072	0.00929	0.01298	0.07841	0.10442	0.00985	0.08820	0.24990	0.03768	0.04672	0.01371	0.16566	0.01251	0.00884	0.05265	0.02541	0.00525	0.00606	0.03565	0.00610
8	0.01318	0.05972	0.01323	0.01035	0.01262	0.10477	0.04455	0.23766	0.03556	0.05761	0.01187	0.10253	0.01062	0.00812	0.04045	0.00178	0.16499	0.01817	0.02626	0.02595
9	0.00987	0.07049	0.01660	0.04223	0.01536	0.00976	0.30161	0.04152	0.05172	0.02976	0.02855	0.04289	0.03374	0.18177	0.06474	0.00256	0.04297	0.00573	0.00286	0.00526

[dist]
# distance from previous block
# <min> <max>
0	1

[block]
# block no. 5 follows, 55 sequences, length 6
# corresponding to MSA columns:
# 500-505
name=unknown_F
#
# <colnr> <probs for GDERKNQSTAVLIFYWHMCP>
#	G	D	E	R	K	N	Q	S	T	A	V	L	I	F	Y	W	H	M	C	P
0	0.00773	0.00672	0.04751	0.00726	0.00812	0.00673	0.00557	0.03603	0.03323	0.01223	0.10997	0.05843	0.01759	0.35544	0.16791	0.00395	0.10213	0.00629	0.00309	0.00409
1	0.00708	0.05370	0.00737	0.00663	0.00752	0.00566	0.00491	0.00827	0.00972	0.03461	0.16006	0.35549	0.11629	0.08405	0.03902	0.00217	0.05203	0.03723	0.00403	0.00417
2	0.00935	0.00857	0.05796	0.00931	0.01161	0.00789	0.10161	0.10014	0.08480	0.03344	0.09239	0.20818	0.07796	0.04147	0.05241	0.00202	0.03378	0.00739	0.00379	0.05593
3	0.00682	0.00487	0.00579	0.00599	0.00654	0.00487	0.00403	0.00812	0.06105	0.01108	0.02153	0.18129	0.12741	0.37012	0.06214	0.05378	0.00425	0.05330	0.00345	0.00357
4	0.01298	0.14825	0.23066	0.01278	0.08073	0.22310	0.03345	0.09298	0.06188	0.01494	0.00942	0.04118	0.00776	0.00503	0.00428	0.00134	0.00635	0.00385	0.00265	0.00638
5	0.01497	0.10676	0.01660	0.01524	0.18287	0.32959	0.06231	0.15294	0.04704	0.01587	0.00879	0.01010	0.00704	0.00471	0.00434	0.00129	0.00660	0.00366	0.00283	0.00646

[dist]
# distance from previous block
# <min> <max>
10	18

[block]
# block no. 6 follows, 55 sequences, length 17
# corresponding to MSA columns:
# 533-549
name=unknown_G
#
# <colnr> <probs for GDERKNQSTAVLIFYWHMCP>
#	G	D	E	R	K	N	Q	S	T	A	V	L	I	F	Y	W	H	M	C	P
0	0.04327	0.03305	0.05898	0.11298	0.12857	0.13421	0.00951	0.13157	0.04225	0.04192	0.01202	0.06267	0.03263	0.03191	0.02153	0.00163	0.02485	0.02295	0.00311	0.05041
1	0.08042	0.06195	0.05334	0.01583	0.29074	0.07360	0.00996	0.06875	0.06427	0.01548	0.01162	0.06013	0.03832	0.04730	0.00613	0.00159	0.06387	0.00468	0.00286	0.02916
2	0.16583	0.02464	0.04847	0.07251	0.09252	0.11469	0.05413	0.13551	0.04350	0.05058	0.04290	0.01230	0.00910	0.00502	0.00416	0.00136	0.00506	0.00398	0.09488	0.01889
3	0.02271	0.00549	0.00603	0.00609	0.00670	0.03797	0.00410	0.00802	0.00840	0.02973	0.03623	0.20154	0.11859	0.36166	0.09264	0.00343	0.02189	0.00803	0.01707	0.00366
4	0.01334	0.01022	0.01091	0.00930	0.01213	0.01150	0.00738	0.22509	0.49270	0.05698	0.01655	0.01566	0.01224	0.00602	0.00458	0.00148	0.00394	0.00487	0.07783	0.00727
5	0.00613	0.00491	0.00541	0.00566	0.00661	0.02319	0.00398	0.00719	0.00992	0.01257	0.12143	0.27616	0.35426	0.10801	0.03128	0.00216	0.00312	0.01002	0.00414	0.00385
6	0.01034	0.02360	0.04847	0.03365	0.01837	0.01081	0.41708	0.06086	0.02545	0.01512	0.05013	0.06020	0.01068	0.00754	0.05896	0.00198	0.10447	0.00560	0.03087	0.00581
7	0.04446	0.00704	0.00795	0.00733	0.00892	0.00735	0.00551	0.17519	0.06932	0.04747	0.04616	0.18264	0.09891	0.18007	0.03559	0.00242	0.00412	0.06048	0.00407	0.00501
8	0.00868	0.00556	0.00714	0.00715	0.02724	0.03188	0.00485	0.04283	0.03275	0.01048	0.04077	0.01682	0.02635	0.07665	0.08510	0.56062	0.00492	0.00462	0.00251	0.00307
9	0.00696	0.00500	0.00575	0.00570	0.00674	0.00469	0.00399	0.00872	0.05694	0.04305	0.16885	0.16043	0.28315	0.20771	0.00982	0.00230	0.00303	0.00891	0.00418	0.00408
10	0.01113	0.01475	0.24101	0.03667	0.32399	0.04902	0.04243	0.09702	0.01175	0.01616	0.02811	0.01462	0.06934	0.00525	0.00469	0.00144	0.00577	0.01740	0.00270	0.00673
11	0.00616	0.00441	0.00524	0.00557	0.00603	0.00415	0.00360	0.00685	0.00876	0.01153	0.10130	0.30812	0.15371	0.33866	0.01284	0.00283	0.00331	0.00964	0.00380	0.00348
12	0.01436	0.05016	0.03342	0.01081	0.01298	0.46831	0.00849	0.08632	0.03124	0.01355	0.03448	0.11491	0.01068	0.00656	0.00551	0.00140	0.08372	0.00472	0.00292	0.00547
13	0.03125	0.12341	0.01456	0.08675	0.03435	0.30840	0.02808	0.14716	0.03935	0.01530	0.02632	0.01146	0.02853	0.00607	0.02828	0.00149	0.03806	0.00378	0.00288	0.02452
14	0.04005	0.00693	0.00907	0.02543	0.01011	0.00688	0.06262	0.07123	0.06934	0.03555	0.26938	0.11176	0.12632	0.04942	0.00628	0.00165	0.02346	0.00737	0.00418	0.06296
15	0.01109	0.06301	0.06695	0.03988	0.06531	0.05268	0.00808	0.06697	0.29252	0.03635	0.03504	0.09534	0.04818	0.00662	0.00458	0.00144	0.00427	0.00552	0.04753	0.04862
16	0.01422	0.04129	0.04453	0.01059	0.03201	0.05207	0.02305	0.42988	0.06489	0.02203	0.01272	0.05147	0.03332	0.02420	0.00565	0.00149	0.05213	0.02093	0.00391	0.05963

[dist]
# distance from previous block
# <min> <max>
38	76

[block]
# block no. 7 follows, 55 sequences, length 11
# corresponding to MSA columns:
# 649-659
name=unknown_H
#
# <colnr> <probs for GDERKNQSTAVLIFYWHMCP>
#	G	D	E	R	K	N	Q	S	T	A	V	L	I	F	Y	W	H	M	C	P
0	0.18257	0.17924	0.06907	0.01046	0.01381	0.13829	0.13993	0.03910	0.02754	0.03817	0.00984	0.07606	0.00862	0.00590	0.02164	0.00150	0.00571	0.00428	0.02257	0.00570
1	0.13576	0.04842	0.04454	0.05423	0.13958	0.03522	0.03341	0.03170	0.12488	0.03268	0.13329	0.03269	0.10245	0.00640	0.00454	0.00144	0.00422	0.00537	0.00352	0.02566
2	0.00768	0.00641	0.04477	0.00747	0.02713	0.00582	0.00561	0.05196	0.00960	0.03142	0.06153	0.24000	0.11347	0.13420	0.15820	0.01957	0.02389	0.00793	0.00354	0.03981
3	0.00745	0.00590	0.00769	0.00750	0.00858	0.02546	0.00577	0.02564	0.06956	0.01223	0.05111	0.02037	0.05174	0.06213	0.60978	0.00606	0.01025	0.00541	0.00293	0.00445
4	0.04949	0.01138	0.01338	0.01154	0.03625	0.10545	0.07111	0.17514	0.03027	0.01643	0.02836	0.05136	0.00976	0.04038	0.00895	0.00176	0.27902	0.01757	0.03670	0.00571
5	0.00592	0.00453	0.00524	0.00554	0.00645	0.00407	0.00391	0.00699	0.00991	0.01266	0.12619	0.26538	0.35931	0.12472	0.00813	0.00207	0.00280	0.03816	0.00421	0.00380
6	0.05329	0.00828	0.00937	0.00807	0.01061	0.00866	0.00637	0.09322	0.29031	0.19459	0.15101	0.04765	0.08396	0.00728	0.00485	0.00151	0.00349	0.00606	0.00488	0.00653
7	0.00637	0.00444	0.00553	0.00606	0.00673	0.00408	0.00418	0.00734	0.00953	0.03804	0.09350	0.48823	0.17136	0.10329	0.00773	0.00207	0.00287	0.03046	0.00427	0.00390
8	0.01067	0.01048	0.04668	0.03262	0.01130	0.14411	0.00698	0.01644	0.28028	0.03698	0.17715	0.08621	0.05504	0.00742	0.00482	0.00148	0.00417	0.00618	0.05528	0.00573
9	0.00701	0.00580	0.00698	0.00680	0.00768	0.03109	0.00512	0.00829	0.00927	0.01229	0.13126	0.07444	0.20995	0.13398	0.22163	0.00359	0.08117	0.03611	0.00347	0.00405
10	0.03598	0.38805	0.09014	0.01197	0.07716	0.13091	0.08749	0.06925	0.02743	0.03038	0.00804	0.00927	0.00658	0.00435	0.00385	0.00122	0.00589	0.00330	0.00245	0.00629

[dist]
# distance from previous block
# <min> <max>
2	12

[block]
# block no. 8 follows, 55 sequences, length 20
# corresponding to MSA columns:
# 672-691
name=unknown_I
#
# <colnr> <probs for GDERKNQSTAVLIFYWHMCP>
#	G	D	E	R	K	N	Q	S	T	A	V	L	I	F	Y	W	H	M	C	P
0	0.01304	0.10479	0.09704	0.07859	0.18829	0.15306	0.04575	0.10808	0.05908	0.04515	0.04163	0.01185	0.00880	0.00495	0.00462	0.00137	0.02049	0.00401	0.00290	0.00652
1	0.00678	0.00474	0.00589	0.00610	0.00700	0.00443	0.00436	0.00831	0.03385	0.03988	0.22560	0.31264	0.17254	0.07948	0.00752	0.02911	0.00283	0.04046	0.00439	0.00409
2	0.01434	0.04250	0.05455	0.01070	0.04354	0.14415	0.00858	0.32354	0.15949	0.03442	0.03088	0.01540	0.08517	0.00609	0.00462	0.00141	0.00515	0.00472	0.00397	0.00681
3	0.00578	0.00409	0.00537	0.00634	0.00658	0.00385	0.00417	0.00651	0.00869	0.01159	0.02455	0.75369	0.02939	0.09623	0.00770	0.00215	0.00288	0.01258	0.00417	0.00368
4	0.00723	0.00566	0.00684	0.00678	0.00729	0.04152	0.00478	0.00813	0.00749	0.01015	0.01350	0.05641	0.01419	0.36081	0.40070	0.00560	0.03061	0.00594	0.00269	0.00367
5	0.00680	0.00554	0.00614	0.00586	0.00723	0.02823	0.00440	0.00923	0.05771	0.01631	0.46560	0.05052	0.29912	0.01005	0.00542	0.00151	0.00252	0.00864	0.00473	0.00442
6	0.01376	0.54449	0.06660	0.00949	0.01315	0.26023	0.00881	0.01538	0.01060	0.01130	0.00680	0.00788	0.00597	0.00425	0.00343	0.00108	0.00612	0.00270	0.00211	0.00585
7	0.77625	0.00916	0.00714	0.00647	0.00912	0.03430	0.00525	0.01338	0.00811	0.01987	0.00750	0.05134	0.00646	0.00497	0.00340	0.00147	0.02479	0.00314	0.00292	0.00498
8	0.01089	0.17478	0.21735	0.00985	0.01354	0.09604	0.04694	0.04951	0.04723	0.03167	0.10615	0.01547	0.05059	0.00730	0.05141	0.00168	0.00569	0.00449	0.05355	0.00586
9	0.00792	0.00703	0.05008	0.02851	0.02060	0.02625	0.00601	0.04884	0.00899	0.01235	0.01538	0.14913	0.03036	0.22427	0.22151	0.00384	0.02104	0.04114	0.01861	0.05814
10	0.03569	0.00645	0.00703	0.00634	0.00818	0.01592	0.00496	0.10940	0.01260	0.05758	0.20367	0.03402	0.40544	0.00969	0.00549	0.00153	0.02407	0.02864	0.01847	0.00485
11	0.01204	0.07881	0.30467	0.01338	0.01792	0.19294	0.18319	0.04464	0.01117	0.01432	0.00858	0.01039	0.00658	0.00458	0.00479	0.00139	0.03285	0.00382	0.04777	0.00619
12	0.01373	0.01156	0.03433	0.01254	0.09284	0.01225	0.07172	0.34016	0.25979	0.02227	0.01331	0.01366	0.00996	0.00650	0.03240	0.00166	0.00512	0.00463	0.03428	0.00728
13	0.00591	0.00504	0.02378	0.00554	0.00681	0.00419	0.00419	0.00724	0.01048	0.01333	0.16594	0.19732	0.45005	0.05543	0.00654	0.00178	0.00265	0.02546	0.00432	0.00399
14	0.01223	0.01025	0.01109	0.06909	0.01329	0.10004	0.02988	0.13952	0.12478	0.07250	0.05834	0.05905	0.01229	0.04115	0.03195	0.00162	0.00490	0.00482	0.00366	0.19956
15	0.00642	0.00434	0.00510	0.00567	0.00648	0.00403	0.00405	0.00771	0.00961	0.01342	0.02829	0.41309	0.21169	0.01168	0.00523	0.00164	0.00258	0.05070	0.20430	0.00397
16	0.00890	0.00657	0.00775	0.00673	0.00877	0.00592	0.00501	0.07431	0.01049	0.05550	0.04999	0.21599	0.11970	0.12024	0.00754	0.00176	0.02160	0.00719	0.00373	0.26230
17	0.08302	0.11328	0.17606	0.02698	0.03182	0.09539	0.06589	0.11461	0.02694	0.01573	0.01275	0.03901	0.07823	0.02063	0.05186	0.00180	0.02337	0.00452	0.00287	0.01525
18	0.08371	0.06780	0.08097	0.00992	0.05739	0.08294	0.00794	0.06196	0.04952	0.05630	0.04050	0.18817	0.04004	0.00750	0.00558	0.00150	0.08258	0.00598	0.00335	0.06633
19	0.03680	0.00940	0.03029	0.00920	0.02874	0.02342	0.02119	0.16479	0.16143	0.06420	0.03061	0.05304	0.05529	0.10446	0.04491	0.00209	0.06791	0.00534	0.00378	0.08311

[dist]
# distance from previous block
# <min> <max>
13	127

[block]
# block no. 9 follows, 55 sequences, length 24
# corresponding to MSA columns:
# 827-850
name=unknown_J
#
# <colnr> <probs for GDERKNQSTAVLIFYWHMCP>
#	G	D	E	R	K	N	Q	S	T	A	V	L	I	F	Y	W	H	M	C	P
0	0.04354	0.10710	0.01036	0.04178	0.01041	0.05258	0.00614	0.21945	0.01294	0.01877	0.02427	0.05775	0.01100	0.03731	0.00464	0.00137	0.00396	0.00456	0.32655	0.00551
1	0.05412	0.05182	0.17218	0.01105	0.05610	0.04234	0.00975	0.34540	0.03078	0.02038	0.01164	0.04326	0.02635	0.05905	0.04365	0.00189	0.00566	0.00451	0.00346	0.00661
2	0.00641	0.00439	0.00523	0.00556	0.00581	0.00423	0.00347	0.00669	0.00779	0.01023	0.02081	0.26292	0.09733	0.46065	0.01619	0.04929	0.00375	0.02268	0.00338	0.00319
3	0.01098	0.02814	0.03159	0.07149	0.33389	0.02833	0.01003	0.11635	0.01213	0.04652	0.07287	0.10948	0.09477	0.00680	0.00487	0.00147	0.00466	0.00601	0.00336	0.00625
4	0.00596	0.00441	0.00558	0.00607	0.00682	0.00403	0.00431	0.00726	0.01045	0.01395	0.24584	0.44763	0.16881	0.01262	0.00575	0.00172	0.00255	0.03770	0.00454	0.00399
5	0.00948	0.00666	0.00939	0.14941	0.07213	0.00718	0.00702	0.06173	0.00948	0.09067	0.01410	0.03311	0.04208	0.24760	0.21597	0.00386	0.00677	0.00551	0.00306	0.00480
6	0.01275	0.08317	0.03274	0.20384	0.20691	0.19648	0.04752	0.08757	0.03911	0.01469	0.00883	0.01098	0.00701	0.00463	0.00440	0.00136	0.00625	0.00383	0.02173	0.00621
7	0.00712	0.00460	0.00550	0.00576	0.00637	0.00435	0.00385	0.00785	0.00867	0.05384	0.02342	0.29031	0.13194	0.33203	0.01257	0.00281	0.00346	0.04346	0.04839	0.00370
8	0.01000	0.00774	0.00970	0.01978	0.03974	0.03761	0.05636	0.06710	0.16696	0.04461	0.04229	0.11786	0.03168	0.09073	0.05703	0.08941	0.00470	0.03543	0.06615	0.00514
9	0.00643	0.00470	0.00557	0.00563	0.00677	0.00420	0.00412	0.00782	0.01087	0.03740	0.25595	0.19027	0.34447	0.05955	0.00665	0.00179	0.00262	0.03659	0.00450	0.00410
10	0.00684	0.00455	0.00587	0.00617	0.00660	0.00452	0.00423	0.00724	0.02601	0.01102	0.03838	0.29337	0.11435	0.13138	0.03280	0.22913	0.02391	0.02523	0.02503	0.00336
11	0.01483	0.19263	0.06952	0.01311	0.12034	0.27997	0.00998	0.18628	0.02778	0.01610	0.00839	0.00951	0.00674	0.00477	0.00433	0.00126	0.02182	0.00339	0.00280	0.00646
12	0.11561	0.11288	0.13131	0.00884	0.02168	0.10873	0.00800	0.05312	0.08825	0.03182	0.11229	0.02987	0.04666	0.00704	0.03513	0.00159	0.00494	0.00460	0.07194	0.00569
13	0.01150	0.02282	0.02276	0.00827	0.03761	0.05305	0.02369	0.08904	0.02191	0.14541	0.15488	0.08412	0.09317	0.00715	0.00464	0.00134	0.00371	0.00602	0.09807	0.11082
14	0.00641	0.00524	0.00822	0.00809	0.00906	0.00487	0.10367	0.00770	0.00939	0.01241	0.02529	0.63025	0.09035	0.01292	0.00587	0.00183	0.00339	0.04683	0.00407	0.00413
15	0.01314	0.02986	0.01165	0.04709	0.01302	0.06820	0.00746	0.26271	0.08914	0.05691	0.01158	0.04157	0.00945	0.03789	0.04427	0.00166	0.02563	0.00428	0.00365	0.22084
16	0.03659	0.03184	0.20981	0.01018	0.04201	0.06242	0.00941	0.05441	0.02875	0.05859	0.04862	0.01492	0.04107	0.02911	0.13338	0.03230	0.06820	0.00438	0.02452	0.05952
17	0.01125	0.01753	0.39569	0.01229	0.01726	0.06112	0.09879	0.08409	0.09322	0.04499	0.01063	0.02782	0.00813	0.01956	0.02219	0.00161	0.00627	0.00418	0.00282	0.06057
18	0.02992	0.04553	0.02526	0.00792	0.00949	0.00707	0.05476	0.09921	0.02161	0.04697	0.07506	0.09943	0.02889	0.01290	0.07595	0.30243	0.00481	0.01910	0.02937	0.00432
19	0.00729	0.04389	0.00653	0.00564	0.00726	0.00495	0.00437	0.00871	0.01108	0.07470	0.17646	0.10668	0.47485	0.01083	0.00539	0.00156	0.00267	0.03826	0.00446	0.00441
20	0.01186	0.01193	0.08937	0.05846	0.18397	0.10110	0.07784	0.07200	0.04601	0.08226	0.01265	0.12728	0.01146	0.05095	0.01690	0.00175	0.02936	0.00558	0.00315	0.00612
21	0.00820	0.00656	0.00717	0.00724	0.00838	0.04382	0.00527	0.07152	0.11023	0.01474	0.07990	0.39172	0.08072	0.06330	0.02497	0.00200	0.00360	0.04015	0.02584	0.00467
22	0.00921	0.04602	0.00993	0.00887	0.04014	0.00789	0.04776	0.14550	0.08735	0.01577	0.02151	0.33992	0.10875	0.05125	0.03622	0.00199	0.00411	0.00863	0.00399	0.00520
23	0.01004	0.02713	0.01043	0.04697	0.01126	0.08582	0.03156	0.08179	0.02614	0.04227	0.01169	0.03412	0.01086	0.13668	0.32160	0.00425	0.09467	0.00497	0.00285	0.00487

[dist]
# distance from previous block
# <min> <max>
39	169

[block]
# block no. 10 follows, 55 sequences, length 36
# corresponding to MSA columns:
# 1063-1098
name=unknown_K
#
# <colnr> <probs for GDERKNQSTAVLIFYWHMCP>
#	G	D	E	R	K	N	Q	S	T	A	V	L	I	F	Y	W	H	M	C	P
0	0.05042	0.01032	0.05398	0.04509	0.02725	0.06449	0.06339	0.12622	0.10544	0.04297	0.02695	0.09628	0.02844	0.07639	0.02851	0.00185	0.02147	0.01768	0.01753	0.09532
1	0.09576	0.04204	0.08650	0.04902	0.04371	0.02914	0.10878	0.12993	0.03362	0.06578	0.10268	0.03257	0.08188	0.00615	0.00497	0.00145	0.03169	0.00517	0.01218	0.03696
2	0.03573	0.04595	0.01140	0.02265	0.02394	0.09771	0.05153	0.17770	0.08335	0.04541	0.09536	0.06338	0.11483	0.02516	0.03240	0.00173	0.00484	0.04077	0.00390	0.02224
3	0.42382	0.01095	0.02424	0.02311	0.04562	0.10812	0.00687	0.11615	0.01111	0.03443	0.04157	0.01222	0.02614	0.00587	0.02279	0.00153	0.00471	0.02640	0.00320	0.05116
4	0.01315	0.04800	0.03412	0.04318	0.36882	0.13823	0.04506	0.11174	0.01244	0.05352	0.01111	0.01350	0.03862	0.00505	0.00458	0.00137	0.00578	0.02698	0.00289	0.02184
5	0.00729	0.00463	0.00513	0.00518	0.00633	0.00432	0.00388	0.00896	0.01036	0.02643	0.13271	0.07041	0.24951	0.06068	0.00587	0.00161	0.00258	0.06537	0.32458	0.00415
6	0.00722	0.00562	0.00688	0.00722	0.02057	0.02737	0.00516	0.03450	0.03271	0.01251	0.05438	0.25362	0.09384	0.13777	0.22588	0.00368	0.00593	0.05739	0.00358	0.00416
7	0.00777	0.00536	0.00708	0.00680	0.00783	0.00566	0.00513	0.02308	0.00890	0.05176	0.07369	0.06061	0.07714	0.15494	0.35637	0.00455	0.03412	0.02901	0.05129	0.02893
8	0.00858	0.00724	0.00919	0.00877	0.02597	0.04473	0.00663	0.04348	0.00836	0.01187	0.01120	0.01738	0.01073	0.13995	0.40554	0.00491	0.18185	0.00487	0.04430	0.00446
9	0.01195	0.02829	0.03630	0.08474	0.31315	0.11166	0.15094	0.06550	0.02557	0.01502	0.00949	0.01299	0.00794	0.02938	0.00546	0.00151	0.02160	0.02641	0.00257	0.03955
10	0.05636	0.01076	0.03377	0.04949	0.01385	0.03975	0.05721	0.27112	0.09191	0.07133	0.01213	0.04777	0.00947	0.00542	0.00436	0.00131	0.00462	0.00442	0.06668	0.14826
11	0.01432	0.01181	0.05754	0.05735	0.05065	0.07118	0.02288	0.28920	0.06744	0.12200	0.04972	0.01475	0.02335	0.05610	0.00642	0.00163	0.05260	0.00462	0.00390	0.02252
12	0.01500	0.13156	0.01482	0.04570	0.01442	0.22382	0.02296	0.27108	0.05468	0.03154	0.00934	0.01020	0.00725	0.00499	0.00458	0.00126	0.03555	0.00357	0.00326	0.09441
13	0.00622	0.00485	0.00559	0.00591	0.00699	0.00447	0.00428	0.02328	0.03962	0.01325	0.08365	0.33678	0.36845	0.03428	0.00614	0.00178	0.00272	0.04329	0.00435	0.00409
14	0.00880	0.03110	0.00954	0.00854	0.02278	0.02611	0.00654	0.05016	0.04301	0.02953	0.19366	0.18924	0.04469	0.01187	0.08902	0.00223	0.18017	0.00716	0.00368	0.04218
15	0.16828	0.07054	0.07974	0.03485	0.03902	0.01179	0.06406	0.22360	0.02829	0.13848	0.01028	0.01099	0.00747	0.00509	0.00490	0.00142	0.05759	0.00383	0.00354	0.03623
16	0.04756	0.00770	0.00900	0.00823	0.03541	0.03644	0.02792	0.09249	0.04976	0.17586	0.04757	0.08807	0.12591	0.00761	0.00489	0.00147	0.02064	0.04434	0.16347	0.00569
17	0.00640	0.00442	0.00532	0.00569	0.00598	0.00427	0.00363	0.00686	0.00809	0.01070	0.04800	0.27792	0.07842	0.44163	0.01539	0.02080	0.00370	0.04596	0.00352	0.00330
18	0.00871	0.02235	0.16171	0.02444	0.01209	0.04571	0.04185	0.02222	0.02132	0.03373	0.02906	0.09634	0.06527	0.03573	0.25911	0.02828	0.06285	0.02139	0.00286	0.00499
19	0.05607	0.01128	0.01144	0.00935	0.01240	0.07524	0.00752	0.35224	0.16131	0.13100	0.05862	0.01481	0.02683	0.00595	0.00455	0.00141	0.00453	0.00463	0.04377	0.00704
20	0.02895	0.00468	0.00545	0.00565	0.00671	0.00427	0.00412	0.00739	0.01034	0.01364	0.19717	0.21499	0.34370	0.04759	0.00691	0.03920	0.00269	0.04837	0.00428	0.00391
21	0.41272	0.09466	0.03217	0.00832	0.01113	0.27115	0.00683	0.01521	0.00999	0.03142	0.00757	0.00894	0.00614	0.01995	0.00379	0.00136	0.00532	0.00290	0.04515	0.00527
22	0.32628	0.00731	0.00721	0.00640	0.00861	0.00775	0.00503	0.06495	0.03250	0.11743	0.08236	0.05282	0.06906	0.06007	0.01965	0.00173	0.00353	0.00502	0.11709	0.00522
23	0.03662	0.00692	0.00770	0.00708	0.00878	0.02286	0.00531	0.10565	0.07587	0.09045	0.06448	0.18186	0.14635	0.13698	0.02362	0.00214	0.00380	0.03776	0.00417	0.03159
24	0.03898	0.10641	0.09168	0.15665	0.05071	0.04037	0.08795	0.15212	0.01189	0.01635	0.00975	0.02557	0.01858	0.00583	0.03078	0.00153	0.02312	0.00405	0.02609	0.10161
25	0.00720	0.00610	0.02137	0.04626	0.02276	0.00609	0.03517	0.00932	0.07039	0.01260	0.04550	0.30711	0.14753	0.10693	0.02153	0.02631	0.05178	0.04802	0.00372	0.00432
26	0.00705	0.00488	0.00598	0.00605	0.00720	0.00440	0.00435	0.00855	0.02527	0.06231	0.19447	0.34872	0.21732	0.04086	0.00617	0.00174	0.00270	0.01008	0.00447	0.03744
27	0.00593	0.00436	0.00547	0.00620	0.00680	0.00403	0.00434	0.00691	0.00937	0.01221	0.05713	0.51849	0.17605	0.08037	0.00732	0.00205	0.00291	0.08203	0.00422	0.00380
28	0.01017	0.03256	0.10999	0.12683	0.10519	0.03942	0.00968	0.06310	0.05634	0.03222	0.01295	0.04209	0.04728	0.03814	0.08242	0.00218	0.09114	0.01958	0.07308	0.00565
29	0.00917	0.00834	0.03722	0.08535	0.03718	0.09876	0.02809	0.02280	0.02653	0.06279	0.03243	0.33823	0.08923	0.05172	0.00626	0.00181	0.00433	0.05123	0.00373	0.00478
30	0.00631	0.00465	0.00545	0.00580	0.00686	0.00415	0.00424	0.00745	0.01005	0.03546	0.07042	0.28877	0.38658	0.06211	0.00679	0.00189	0.00281	0.08192	0.00430	0.00398
31	0.02490	0.01733	0.44636	0.02432	0.03063	0.02368	0.09282	0.02893	0.04437	0.02892	0.01184	0.02530	0.05733	0.02025	0.02804	0.01774	0.06408	0.00446	0.00249	0.00621
32	0.04441	0.12159	0.06811	0.03605	0.08614	0.04063	0.02166	0.14687	0.10339	0.04344	0.06900	0.02832	0.02664	0.00640	0.02090	0.00153	0.05826	0.00455	0.06589	0.00624
33	0.01413	0.03464	0.06291	0.00848	0.01157	0.00970	0.00732	0.32257	0.02909	0.15900	0.06518	0.02923	0.07861	0.00637	0.00452	0.00138	0.00409	0.00508	0.13954	0.00660
34	0.02810	0.05165	0.09196	0.04734	0.02918	0.04952	0.06034	0.24310	0.10812	0.04309	0.03739	0.07807	0.04036	0.00624	0.00462	0.00143	0.00489	0.00519	0.04545	0.02394
35	0.01384	0.22500	0.10886	0.03637	0.09897	0.17547	0.03652	0.12408	0.07479	0.04998	0.00938	0.01033	0.00732	0.00471	0.00414	0.00129	0.00595	0.00357	0.00287	0.00656

[dist]
# distance from previous block
# <min> <max>
0	10

[block]
# block no. 11 follows, 55 sequences, length 15
# corresponding to MSA columns:
# 1109-1123
name=unknown_L
#
# <colnr> <probs for GDERKNQSTAVLIFYWHMCP>
#	G	D	E	R	K	N	Q	S	T	A	V	L	I	F	Y	W	H	M	C	P
0	0.00911	0.16911	0.05247	0.00873	0.04209	0.02293	0.02459	0.07059	0.01049	0.01362	0.03663	0.18581	0.10567	0.04503	0.06324	0.02179	0.00479	0.08466	0.00335	0.02530
1	0.03269	0.19755	0.21913	0.02925	0.08079	0.06928	0.01101	0.20790	0.05919	0.01755	0.00931	0.01059	0.00726	0.02359	0.00459	0.00140	0.00568	0.00362	0.00290	0.00673
2	0.00968	0.14698	0.07110	0.00980	0.05634	0.02361	0.05523	0.06595	0.07077	0.02879	0.06002	0.15229	0.12001	0.02788	0.02377	0.00173	0.00453	0.06254	0.00353	0.00546
3	0.00650	0.00491	0.00601	0.00644	0.00711	0.00485	0.00449	0.02184	0.04675	0.01263	0.06080	0.47311	0.15476	0.11376	0.00825	0.00213	0.02934	0.02819	0.00412	0.00401
4	0.00725	0.00655	0.03709	0.05184	0.01077	0.00652	0.08214	0.00893	0.00832	0.01146	0.03352	0.07591	0.07475	0.17483	0.35776	0.00468	0.03439	0.00624	0.00281	0.00425
5	0.09132	0.07840	0.14285	0.05768	0.09215	0.09601	0.08015	0.02626	0.04513	0.07253	0.01236	0.07717	0.04055	0.02111	0.03198	0.00171	0.01896	0.00484	0.00292	0.00594
6	0.01121	0.00805	0.00952	0.05528	0.01129	0.03512	0.00680	0.18031	0.04434	0.09228	0.04635	0.15172	0.04410	0.04602	0.11639	0.00249	0.05331	0.02913	0.05080	0.00551
7	0.00686	0.00526	0.00638	0.00661	0.00766	0.00518	0.00485	0.00989	0.12087	0.01491	0.23190	0.32916	0.13972	0.02651	0.00595	0.00176	0.00280	0.06471	0.00456	0.00448
8	0.01213	0.05510	0.25086	0.01132	0.04495	0.08859	0.02717	0.21556	0.03920	0.01805	0.06466	0.05363	0.01118	0.04625	0.00548	0.00154	0.00556	0.00463	0.00322	0.04091
9	0.00813	0.00773	0.02783	0.00906	0.00963	0.02698	0.00721	0.00950	0.02726	0.01199	0.03241	0.29721	0.08953	0.03701	0.01024	0.00197	0.34598	0.03255	0.00325	0.00453
10	0.00622	0.00442	0.00563	0.00639	0.00679	0.00425	0.00434	0.00729	0.03381	0.01170	0.02405	0.56745	0.06420	0.13927	0.00908	0.03536	0.00314	0.05887	0.00401	0.00372
11	0.00635	0.00459	0.00553	0.00595	0.00648	0.00440	0.00400	0.00749	0.03326	0.01186	0.07993	0.34749	0.12730	0.28022	0.01159	0.00267	0.00332	0.05001	0.00390	0.00367
12	0.01096	0.01186	0.11453	0.01347	0.16911	0.06417	0.05601	0.08892	0.14854	0.03392	0.02943	0.01925	0.14938	0.03466	0.03367	0.00178	0.00524	0.00544	0.00341	0.00626
13	0.00704	0.00516	0.00653	0.00733	0.03945	0.00505	0.00505	0.03861	0.03749	0.01402	0.07341	0.42774	0.12630	0.01299	0.04878	0.00201	0.00342	0.05107	0.08420	0.00436
14	0.00623	0.00453	0.00584	0.00663	0.00723	0.00432	0.00472	0.00767	0.04106	0.01260	0.05672	0.57351	0.10299	0.01364	0.00636	0.03505	0.00292	0.09976	0.00427	0.00395

[dist]
# distance from previous block
# <min> <max>
0	1

[block]
# block no. 12 follows, 55 sequences, length 26
# corresponding to MSA columns:
# 1125-1150
name=unknown_M
#
# <colnr> <probs for GDERKNQSTAVLIFYWHMCP>
#	G	D	E	R	K	N	Q	S	T	A	V	L	I	F	Y	W	H	M	C	P
0	0.01271	0.03060	0.06739	0.20593	0.12916	0.16386	0.11357	0.13533	0.04469	0.01579	0.00908	0.01123	0.00700	0.00479	0.00492	0.00144	0.02945	0.00407	0.00270	0.00630
1	0.01355	0.07919	0.04739	0.00959	0.01189	0.35241	0.00779	0.09846	0.01230	0.01471	0.03909	0.01247	0.00925	0.03490	0.02697	0.00154	0.05580	0.00380	0.16352	0.00540
2	0.02569	0.01983	0.00908	0.02437	0.01005	0.02786	0.00585	0.09186	0.10111	0.01428	0.01087	0.01363	0.02574	0.01118	0.08181	0.27927	0.00483	0.00399	0.00292	0.23578
3	0.03118	0.05681	0.07776	0.21705	0.08741	0.01038	0.07143	0.11108	0.04879	0.03578	0.04123	0.04208	0.03338	0.02291	0.06661	0.00199	0.01774	0.00487	0.01563	0.00590
4	0.00651	0.00515	0.00589	0.00639	0.00727	0.02709	0.00463	0.02566	0.00985	0.01250	0.02993	0.41061	0.25364	0.05653	0.03399	0.00212	0.00340	0.09073	0.00413	0.00398
5	0.01088	0.05766	0.12871	0.28613	0.09314	0.06560	0.01099	0.06853	0.01098	0.06430	0.02898	0.08568	0.02510	0.00628	0.01693	0.00156	0.00563	0.00493	0.02214	0.00585
6	0.02461	0.01211	0.05982	0.05558	0.22568	0.13197	0.04946	0.08043	0.01139	0.03506	0.02079	0.05646	0.04120	0.00752	0.03912	0.00177	0.08332	0.05476	0.00291	0.00601
7	0.00912	0.03766	0.30274	0.02995	0.01396	0.02791	0.05635	0.03425	0.00951	0.01335	0.03931	0.03686	0.04434	0.04040	0.03855	0.14757	0.03866	0.02947	0.04491	0.00512
8	0.00680	0.00461	0.00543	0.00549	0.00565	0.00465	0.00338	0.00712	0.00728	0.00976	0.03896	0.03131	0.01807	0.70363	0.07275	0.00445	0.00493	0.05970	0.00297	0.00305
9	0.00953	0.03283	0.52377	0.05406	0.06828	0.02800	0.06690	0.01424	0.03649	0.01448	0.02689	0.02764	0.02140	0.00617	0.03597	0.00172	0.00664	0.01622	0.00233	0.00645
10	0.02306	0.04659	0.14115	0.10178	0.19426	0.16767	0.01130	0.09290	0.06940	0.01545	0.02421	0.01259	0.03126	0.00636	0.04087	0.00166	0.00631	0.00409	0.00277	0.00635
11	0.01017	0.16492	0.14701	0.03283	0.13362	0.05962	0.02619	0.04718	0.03844	0.01376	0.03469	0.04945	0.12919	0.08605	0.00632	0.00168	0.00505	0.00527	0.00288	0.00569
12	0.03255	0.06756	0.01082	0.00900	0.03242	0.17270	0.04895	0.05880	0.01038	0.01298	0.05729	0.01995	0.07505	0.20401	0.12840	0.00298	0.02371	0.00525	0.02251	0.00470
13	0.74993	0.06609	0.00851	0.00662	0.00959	0.04112	0.00552	0.04083	0.00870	0.02014	0.00667	0.00771	0.00524	0.00436	0.00300	0.00140	0.00392	0.00259	0.00286	0.00521
14	0.00734	0.00596	0.00726	0.00713	0.00782	0.05003	0.00524	0.00849	0.00770	0.01043	0.01389	0.02178	0.04318	0.24898	0.49881	0.00591	0.03802	0.00551	0.00263	0.00388
15	0.10809	0.09738	0.09303	0.01023	0.04703	0.07650	0.05723	0.10855	0.08867	0.01695	0.01172	0.05266	0.03637	0.00531	0.00413	0.00129	0.00484	0.00425	0.03063	0.14512
16	0.00681	0.00539	0.00603	0.00635	0.00722	0.02635	0.00448	0.00883	0.07915	0.01276	0.07832	0.33854	0.19264	0.15129	0.00868	0.00220	0.00323	0.05354	0.00410	0.00408
17	0.00571	0.00411	0.00535	0.00632	0.00665	0.00382	0.00421	0.00650	0.00890	0.01179	0.02633	0.75479	0.07253	0.05081	0.00670	0.00199	0.00276	0.01275	0.00425	0.00374
18	0.16486	0.01088	0.01138	0.00947	0.03187	0.06935	0.00748	0.27256	0.04602	0.28871	0.01311	0.03320	0.00931	0.00559	0.00436	0.00142	0.00460	0.00425	0.00449	0.00709
19	0.00866	0.00714	0.00918	0.00853	0.00960	0.00844	0.00668	0.03867	0.13346	0.02990	0.05914	0.14516	0.08916	0.01592	0.21418	0.00322	0.19779	0.00668	0.00347	0.00502
20	0.00670	0.00522	0.00598	0.00619	0.00729	0.00503	0.00446	0.02590	0.09205	0.01359	0.08456	0.31257	0.29615	0.07719	0.00702	0.00192	0.00290	0.03668	0.00430	0.00428
21	0.00578	0.00418	0.00540	0.00633	0.00673	0.00389	0.00429	0.00663	0.00901	0.01187	0.02691	0.69497	0.09716	0.05626	0.00682	0.00200	0.00282	0.04095	0.00424	0.00376
22	0.02482	0.02720	0.03171	0.08389	0.22879	0.00969	0.00945	0.09144	0.16086	0.03601	0.06033	0.08116	0.04614	0.01924	0.00519	0.00159	0.00450	0.06812	0.00362	0.00627
23	0.02895	0.01025	0.04403	0.11774	0.15088	0.06429	0.07719	0.05849	0.11007	0.07268	0.05009	0.11512	0.01337	0.02137	0.02923	0.00175	0.00532	0.01972	0.00340	0.00606
24	0.07665	0.03750	0.09728	0.05663	0.32560	0.03109	0.03774	0.02868	0.00997	0.01457	0.01201	0.03543	0.05763	0.02023	0.11904	0.00231	0.00630	0.00465	0.02066	0.00602
25	0.00957	0.00771	0.01034	0.06357	0.18414	0.02814	0.00761	0.03520	0.07295	0.05872	0.26734	0.05444	0.11069	0.00745	0.00496	0.00144	0.00372	0.00652	0.02676	0.03874

[dist]
# distance from previous block
# <min> <max>
6	42

[block]
# block no. 13 follows, 55 sequences, length 11
# corresponding to MSA columns:
# 1196-1206
name=unknown_N
#
# <colnr> <probs for GDERKNQSTAVLIFYWHMCP>
#	G	D	E	R	K	N	Q	S	T	A	V	L	I	F	Y	W	H	M	C	P
0	0.00721	0.05643	0.00736	0.00690	0.00786	0.03669	0.00506	0.01997	0.04598	0.01291	0.07028	0.49024	0.09402	0.04563	0.00631	0.00186	0.00328	0.07365	0.00411	0.00425
1	0.01371	0.17151	0.08066	0.02555	0.06916	0.26749	0.04768	0.07405	0.02452	0.06230	0.00945	0.02536	0.00779	0.00805	0.09117	0.00194	0.00710	0.00378	0.00273	0.00601
2	0.04020	0.05719	0.12817	0.03206	0.01052	0.00710	0.00709	0.05608	0.03415	0.01467	0.09247	0.38107	0.06846	0.01011	0.00516	0.00164	0.00372	0.02297	0.02227	0.00490
3	0.00672	0.07823	0.00686	0.00563	0.00647	0.00543	0.00389	0.00746	0.00882	0.01135	0.08311	0.21751	0.19301	0.33092	0.01242	0.00272	0.00349	0.00867	0.00359	0.00368
4	0.00766	0.07960	0.02719	0.00814	0.03932	0.00668	0.02437	0.03863	0.05604	0.01326	0.02244	0.47265	0.07906	0.04725	0.00618	0.00183	0.00349	0.04504	0.01655	0.00461
5	0.04070	0.07178	0.29978	0.08521	0.10175	0.05025	0.05395	0.06070	0.05516	0.05556	0.04501	0.01259	0.02275	0.00503	0.00466	0.00144	0.02031	0.00412	0.00277	0.00650
6	0.00780	0.00640	0.00823	0.00764	0.00832	0.03451	0.04107	0.00870	0.00813	0.02637	0.01714	0.14433	0.08531	0.30933	0.14390	0.00367	0.12507	0.00709	0.00303	0.00395
7	0.02533	0.00672	0.00731	0.00656	0.00824	0.00704	0.00497	0.14288	0.10198	0.05049	0.09394	0.07007	0.04302	0.10047	0.00647	0.00170	0.00324	0.00580	0.30854	0.00522
8	0.60349	0.00862	0.00785	0.07881	0.01123	0.00987	0.00592	0.01484	0.07846	0.06798	0.00909	0.01006	0.00684	0.00469	0.00334	0.00144	0.00375	0.00317	0.06518	0.00538
