[name]
unknown

[dist]
# distance from previous block
# <min> <max>
26	120

[block]
# block no. 0 follows, 67 sequences, length 8
# corresponding to MSA columns:
# 148-155
name=unknown_A
#
# <colnr> <probs for GDERKNQSTAVLIFYWHMCP>
#	G	D	E	R	K	N	Q	S	T	A	V	L	I	F	Y	W	H	M	C	P
0	0.01375	0.01068	0.01234	0.03806	0.06219	0.08170	0.06610	0.43501	0.01456	0.11172	0.00943	0.00986	0.00680	0.00436	0.00391	0.00114	0.00460	0.00351	0.00343	0.10687
1	0.01107	0.00978	0.01282	0.01104	0.07170	0.10207	0.18632	0.25089	0.01187	0.04327	0.01113	0.10992	0.01025	0.10546	0.00622	0.00160	0.00491	0.03145	0.00301	0.00521
2	0.02802	0.00801	0.01118	0.03751	0.04494	0.03477	0.14810	0.12894	0.13813	0.04667	0.10613	0.05758	0.05451	0.00813	0.07638	0.00178	0.00469	0.05610	0.00330	0.00512
3	0.07191	0.02763	0.01038	0.15716	0.12672	0.10299	0.05633	0.03584	0.03621	0.01230	0.03086	0.12051	0.12292	0.00646	0.00423	0.00134	0.00427	0.06462	0.00275	0.00458
4	0.10811	0.00579	0.00698	0.00772	0.07818	0.00596	0.00514	0.14049	0.00959	0.01386	0.01763	0.51615	0.05003	0.00942	0.00452	0.00147	0.00296	0.00828	0.00348	0.00424
5	0.09582	0.07949	0.04481	0.03178	0.19298	0.09063	0.09904	0.13876	0.01075	0.09420	0.03124	0.02708	0.00752	0.00430	0.00393	0.00119	0.01679	0.00362	0.00272	0.02336
6	0.03382	0.08733	0.01197	0.12319	0.01387	0.35500	0.00779	0.16948	0.07455	0.07322	0.00838	0.00913	0.00637	0.00434	0.00369	0.00114	0.00550	0.00312	0.00274	0.00536
7	0.58479	0.14303	0.00847	0.00575	0.00822	0.06964	0.00484	0.01144	0.00763	0.01523	0.00964	0.01023	0.09940	0.00444	0.00284	0.00118	0.00347	0.00292	0.00247	0.00438

[dist]
# distance from previous block
# <min> <max>
0	1

[block]
# block no. 1 follows, 67 sequences, length 9
# corresponding to MSA columns:
# 157-165
name=unknown_B
#
# <colnr> <probs for GDERKNQSTAVLIFYWHMCP>
#	G	D	E	R	K	N	Q	S	T	A	V	L	I	F	Y	W	H	M	C	P
0	0.04089	0.00863	0.01002	0.00832	0.03199	0.03253	0.00657	0.23625	0.13669	0.38523	0.01319	0.01236	0.00904	0.00604	0.04209	0.00148	0.00412	0.00390	0.00421	0.00646
1	0.00786	0.00750	0.01291	0.74221	0.09537	0.00902	0.04775	0.01054	0.00818	0.01061	0.00721	0.01063	0.00546	0.00394	0.00404	0.00132	0.00536	0.00362	0.00181	0.00466
2	0.00776	0.01266	0.36577	0.01026	0.03693	0.00750	0.14001	0.01117	0.03176	0.03913	0.12849	0.04211	0.13774	0.00566	0.00429	0.00131	0.00461	0.00504	0.00268	0.00513
3	0.00524	0.00408	0.00485	0.00525	0.00625	0.00368	0.00407	0.00644	0.00896	0.01125	0.06992	0.21039	0.42473	0.01079	0.00502	0.00153	0.00250	0.20782	0.00375	0.00345
4	0.00721	0.02976	0.03014	0.00636	0.00720	0.04234	0.00485	0.03208	0.00725	0.03310	0.03479	0.04048	0.02434	0.29811	0.30523	0.01782	0.06807	0.00487	0.00244	0.00357
5	0.00519	0.00405	0.00471	0.00460	0.00571	0.00357	0.00343	0.00660	0.01011	0.01328	0.41342	0.07543	0.41683	0.00935	0.00475	0.00132	0.00198	0.00804	0.00405	0.00357
6	0.00905	0.00792	0.00939	0.00729	0.03816	0.02673	0.02528	0.06635	0.00912	0.01374	0.00727	0.00851	0.00598	0.00326	0.00339	0.00072	0.02493	0.00259	0.00244	0.72786
7	0.00806	0.04793	0.14542	0.03669	0.12299	0.04558	0.00803	0.05666	0.00834	0.01174	0.00926	0.01238	0.00795	0.01577	0.38299	0.00354	0.00755	0.00370	0.06073	0.00469
8	0.30221	0.10798	0.06918	0.02816	0.29345	0.02527	0.02131	0.01205	0.02428	0.01414	0.02545	0.00896	0.00632	0.00456	0.02655	0.00134	0.01831	0.00302	0.00219	0.00527

[dist]
# distance from previous block
# <min> <max>
2	35

[block]
# block no. 2 follows, 67 sequences, length 25
# corresponding to MSA columns:
# 201-225
name=unknown_C
#
# <colnr> <probs for GDERKNQSTAVLIFYWHMCP>
#	G	D	E	R	K	N	Q	S	T	A	V	L	I	F	Y	W	H	M	C	P
0	0.05682	0.02101	0.05072	0.06016	0.08439	0.05335	0.09782	0.07351	0.16333	0.01378	0.05513	0.08252	0.06453	0.07570	0.00573	0.00153	0.02700	0.00502	0.00295	0.00498
1	0.00907	0.00768	0.01106	0.04621	0.35210	0.00786	0.00822	0.06709	0.13195	0.04476	0.07093	0.08320	0.13078	0.00598	0.00425	0.00129	0.00369	0.00531	0.00309	0.00548
2	0.00903	0.05562	0.03476	0.41974	0.22662	0.00956	0.03001	0.06336	0.04233	0.01243	0.00771	0.01019	0.00601	0.00390	0.00388	0.00122	0.00491	0.00348	0.00210	0.05315
3	0.00534	0.00411	0.00487	0.00476	0.00585	0.00367	0.00360	0.00684	0.01025	0.01359	0.45379	0.03420	0.35992	0.02370	0.00504	0.00137	0.00208	0.04936	0.00406	0.00359
4	0.00668	0.05971	0.00713	0.00681	0.07013	0.00536	0.00466	0.00829	0.04196	0.04650	0.14470	0.15920	0.25238	0.08218	0.07416	0.00197	0.01385	0.00700	0.00337	0.00398
5	0.00483	0.00402	0.00422	0.00426	0.00549	0.00341	0.00316	0.00590	0.00922	0.01123	0.10604	0.09761	0.70650	0.01017	0.00477	0.00137	0.00204	0.00858	0.00378	0.00341
6	0.01760	0.03217	0.01152	0.04823	0.16963	0.01666	0.04543	0.07321	0.04048	0.01384	0.02040	0.00947	0.00673	0.00366	0.00382	0.00093	0.03626	0.00306	0.00244	0.44446
7	0.00881	0.00749	0.01016	0.04664	0.19547	0.00661	0.00683	0.02485	0.02767	0.03512	0.00833	0.03135	0.00707	0.00528	0.05721	0.00121	0.00400	0.00317	0.00242	0.51033
8	0.00888	0.00761	0.00948	0.06800	0.11421	0.00769	0.00671	0.02403	0.30507	0.02352	0.05764	0.01516	0.04804	0.00499	0.00387	0.00113	0.00338	0.03561	0.00317	0.25180
9	0.01222	0.19431	0.10340	0.01119	0.11221	0.38503	0.00874	0.04543	0.01011	0.01116	0.00656	0.00782	0.00547	0.00432	0.01660	0.00113	0.02155	0.00273	0.00203	0.03797
10	0.03274	0.16123	0.06064	0.00993	0.10564	0.10022	0.04656	0.06421	0.00929	0.04400	0.00900	0.05246	0.00802	0.00797	0.11793	0.00180	0.00540	0.02998	0.00241	0.13057
11	0.01035	0.63011	0.09903	0.00718	0.01061	0.01345	0.00729	0.01238	0.03985	0.05344	0.04175	0.00967	0.04235	0.00411	0.00301	0.00098	0.00417	0.00289	0.00217	0.00523
12	0.00779	0.00701	0.01123	0.16757	0.13411	0.00727	0.12231	0.04143	0.07773	0.01326	0.15196	0.11326	0.08007	0.00647	0.00448	0.00136	0.00399	0.04092	0.00302	0.00475
13	0.00564	0.00416	0.00563	0.00563	0.00624	0.00453	0.00411	0.00665	0.00661	0.00910	0.01477	0.02117	0.10870	0.24133	0.53175	0.00518	0.00794	0.00519	0.00241	0.00326
14	0.01084	0.14842	0.46829	0.01001	0.01477	0.00994	0.04585	0.06565	0.00969	0.16667	0.00875	0.00929	0.00615	0.00401	0.00371	0.00120	0.00514	0.00315	0.00247	0.00601
15	0.01223	0.00772	0.01072	0.09062	0.03240	0.00891	0.00759	0.06672	0.00952	0.31292	0.06270	0.01229	0.00926	0.00617	0.02021	0.00152	0.31582	0.00397	0.00326	0.00544
16	0.01054	0.63564	0.01865	0.00783	0.01046	0.06017	0.00731	0.01173	0.00790	0.00950	0.00554	0.00697	0.00517	0.00423	0.00486	0.00106	0.18327	0.00246	0.00174	0.00496
17	0.01025	0.01011	0.01495	0.20175	0.48078	0.08960	0.05185	0.06892	0.00980	0.01300	0.00750	0.00986	0.00604	0.00380	0.00399	0.00122	0.00520	0.00354	0.00209	0.00576
18	0.05173	0.00464	0.00624	0.13951	0.00931	0.00509	0.00487	0.00714	0.00693	0.00975	0.01429	0.18422	0.05831	0.25097	0.22605	0.00342	0.00545	0.00612	0.00258	0.00336
19	0.00594	0.00500	0.03242	0.01681	0.05867	0.00447	0.00483	0.05087	0.00889	0.01185	0.08602	0.54980	0.12803	0.01055	0.00485	0.00150	0.00267	0.00942	0.00360	0.00380
20	0.00582	0.00395	0.00471	0.00471	0.00482	0.00407	0.00285	0.00605	0.00593	0.00802	0.01233	0.02455	0.01385	0.72543	0.15304	0.00430	0.00499	0.00558	0.00238	0.00262
21	0.00882	0.00822	0.01365	0.04676	0.63348	0.00822	0.01037	0.01084	0.00879	0.01233	0.01116	0.11052	0.05202	0.04155	0.00485	0.00137	0.00432	0.00483	0.00229	0.00561
22	0.01139	0.18939	0.01444	0.04618	0.16864	0.26243	0.06016	0.04207	0.00973	0.03547	0.02031	0.00954	0.00671	0.00687	0.09836	0.00169	0.00614	0.00320	0.00217	0.00513
23	0.00635	0.00466	0.00583	0.00596	0.04884	0.00439	0.00376	0.00718	0.00750	0.02015	0.13194	0.07395	0.05996	0.42061	0.07331	0.00285	0.00384	0.00584	0.00284	0.11025
24	0.11056	0.10472	0.17598	0.00749	0.01024	0.00798	0.01980	0.06728	0.01699	0.06220	0.05854	0.05290	0.12239	0.00814	0.06993	0.00171	0.01853	0.07695	0.00289	0.00479

[dist]
# distance from previous block
# <min> <max>
4	19

[block]
# block no. 3 follows, 67 sequences, length 17
# corresponding to MSA columns:
# 245-261
name=unknown_D
#
# <colnr> <probs for GDERKNQSTAVLIFYWHMCP>
#	G	D	E	R	K	N	Q	S	T	A	V	L	I	F	Y	W	H	M	C	P
0	0.09366	0.06789	0.02246	0.08031	0.07125	0.07490	0.06549	0.34690	0.01263	0.01728	0.00854	0.02259	0.00694	0.06313	0.00523	0.02410	0.00470	0.00363	0.00289	0.00548
1	0.04189	0.01020	0.01328	0.11174	0.11529	0.13205	0.16602	0.12209	0.03179	0.02816	0.03384	0.01301	0.08595	0.00476	0.00439	0.00124	0.03344	0.00415	0.00262	0.04409
2	0.09105	0.00644	0.00623	0.00596	0.00738	0.10333	0.00449	0.00969	0.00934	0.12610	0.12144	0.22676	0.20525	0.00858	0.00465	0.02053	0.00307	0.03198	0.00362	0.00409
3	0.00581	0.00434	0.00580	0.00555	0.00615	0.00415	0.05316	0.00657	0.00756	0.01004	0.11410	0.15385	0.11200	0.43164	0.01263	0.00267	0.00337	0.05447	0.00306	0.00308
4	0.01069	0.05500	0.04386	0.04689	0.04073	0.29202	0.05712	0.08599	0.00972	0.01141	0.00812	0.01108	0.00710	0.05876	0.20307	0.00256	0.04551	0.00351	0.00222	0.00463
5	0.03960	0.00938	0.01093	0.01032	0.11882	0.01015	0.00734	0.51535	0.01485	0.02030	0.03929	0.02818	0.00988	0.09144	0.00575	0.00152	0.00420	0.05328	0.00353	0.00588
6	0.00967	0.06779	0.01574	0.21704	0.45715	0.05709	0.07530	0.01225	0.02731	0.01205	0.00748	0.00990	0.00608	0.00373	0.00393	0.00121	0.00513	0.00353	0.00197	0.00565
7	0.00675	0.05297	0.00584	0.00485	0.00526	0.00515	0.00304	0.06185	0.00685	0.00907	0.01203	0.02399	0.01352	0.75222	0.01828	0.00353	0.00395	0.00547	0.00250	0.00288
8	0.00518	0.00361	0.00464	0.00531	0.00554	0.00342	0.00349	0.00570	0.00735	0.00977	0.03291	0.61076	0.04839	0.17942	0.00850	0.03366	0.00268	0.02318	0.00341	0.00306
9	0.01185	0.01335	0.07786	0.10528	0.15628	0.32034	0.03730	0.08474	0.01042	0.03936	0.00761	0.00980	0.00617	0.00487	0.00486	0.05525	0.02878	0.01850	0.00226	0.00511
10	0.00945	0.01025	0.02108	0.07565	0.21839	0.00991	0.56870	0.01254	0.00929	0.01273	0.00791	0.01059	0.00610	0.00347	0.00450	0.00131	0.00618	0.00437	0.00200	0.00557
11	0.00527	0.00377	0.00475	0.00538	0.00575	0.00357	0.00369	0.00598	0.00759	0.00995	0.02167	0.49669	0.10111	0.20149	0.00855	0.00213	0.00281	0.10330	0.00343	0.00314
12	0.02856	0.00964	0.00926	0.05936	0.01091	0.15008	0.00637	0.28199	0.06017	0.04751	0.05351	0.04056	0.05459	0.11168	0.02087	0.00167	0.00451	0.04041	0.00331	0.00505
13	0.00842	0.00478	0.00568	0.00505	0.00676	0.00412	0.00393	0.00977	0.01019	0.22525	0.19808	0.02983	0.43636	0.00829	0.00451	0.00130	0.00236	0.00696	0.02400	0.00436
14	0.00485	0.00391	0.00432	0.00460	0.00561	0.00338	0.00333	0.00581	0.00878	0.01085	0.05954	0.27843	0.55547	0.01082	0.00487	0.00144	0.00215	0.02472	0.00374	0.00337
15	0.00800	0.00468	0.00620	0.00581	0.00638	0.00486	0.00412	0.11667	0.00750	0.02114	0.02051	0.03011	0.01978	0.07294	0.05714	0.59162	0.00396	0.01352	0.00229	0.00275
16	0.01080	0.00917	0.01335	0.27185	0.24849	0.07497	0.06933	0.06250	0.02664	0.12107	0.03431	0.01119	0.00752	0.00417	0.00403	0.00124	0.00494	0.00376	0.00257	0.01810

[dist]
# distance from previous block
# <min> <max>
0	1

[block]
# block no. 4 follows, 67 sequences, length 13
# corresponding to MSA columns:
# 263-275
name=unknown_E
#
# <colnr> <probs for GDERKNQSTAVLIFYWHMCP>
#	G	D	E	R	K	N	Q	S	T	A	V	L	I	F	Y	W	H	M	C	P
0	0.00483	0.00406	0.00414	0.00412	0.00540	0.00343	0.00305	0.00584	0.00910	0.01094	0.07519	0.03766	0.76067	0.04723	0.00543	0.00146	0.00211	0.00829	0.00370	0.00336
1	0.00508	0.00367	0.00486	0.00574	0.00612	0.00344	0.00405	0.00595	0.00796	0.01050	0.02293	0.70919	0.06678	0.01225	0.00515	0.00164	0.00249	0.11516	0.00372	0.00332
2	0.00499	0.00400	0.00446	0.00451	0.00561	0.00347	0.00332	0.00618	0.00950	0.01206	0.23437	0.14507	0.52837	0.00999	0.00479	0.00137	0.00204	0.00855	0.00390	0.00347
3	0.00825	0.00713	0.00864	0.07923	0.01108	0.00566	0.00531	0.01011	0.00829	0.01282	0.00713	0.00852	0.00589	0.00306	0.00306	0.00066	0.00318	0.00248	0.00232	0.80719
4	0.01058	0.00981	0.01383	0.19764	0.41631	0.06247	0.01058	0.13987	0.07318	0.01448	0.00837	0.01026	0.00659	0.00404	0.00397	0.00123	0.00487	0.00359	0.00243	0.00591
5	0.00557	0.00387	0.00478	0.00491	0.00537	0.00367	0.00330	0.00629	0.00813	0.01098	0.25029	0.20685	0.09510	0.29220	0.01068	0.05370	0.00279	0.02508	0.00337	0.00307
6	0.00856	0.00744	0.00800	0.03073	0.02089	0.12016	0.04073	0.02169	0.13863	0.04749	0.02511	0.12653	0.01328	0.22445	0.11403	0.01561	0.00501	0.02458	0.00292	0.00414
7	0.03165	0.31998	0.01456	0.00809	0.01065	0.02876	0.00710	0.29764	0.01166	0.01570	0.00754	0.00861	0.00613	0.00462	0.00486	0.00115	0.14339	0.00302	0.06941	0.00548
8	0.00940	0.00903	0.01537	0.14566	0.58907	0.00909	0.06043	0.01183	0.00891	0.01266	0.00748	0.00995	0.00615	0.00357	0.00393	0.00117	0.00481	0.00353	0.00199	0.08597
9	0.01352	0.01664	0.04677	0.00959	0.01192	0.63010	0.00752	0.01566	0.08183	0.03366	0.00902	0.00963	0.04394	0.00447	0.00370	0.00107	0.00626	0.00307	0.00240	0.04925
10	0.01426	0.00964	0.01068	0.00847	0.01138	0.01044	0.00690	0.48349	0.18303	0.16558	0.04503	0.01224	0.00972	0.00510	0.00406	0.00124	0.00388	0.00402	0.00421	0.00660
11	0.00964	0.00593	0.00717	0.00650	0.00815	0.00593	0.00504	0.11675	0.08418	0.18168	0.04462	0.16115	0.13378	0.07407	0.06777	0.00196	0.00370	0.07338	0.00385	0.00476
12	0.00504	0.00367	0.00458	0.00522	0.00568	0.00337	0.00356	0.00570	0.00782	0.01013	0.02477	0.57726	0.19248	0.07142	0.00647	0.03067	0.00245	0.03294	0.00357	0.00319

[dist]
# distance from previous block
# <min> <max>
0	7

[block]
# block no. 5 follows, 67 sequences, length 77
# corresponding to MSA columns:
# 283-359
name=unknown_F
#
# <colnr> <probs for GDERKNQSTAVLIFYWHMCP>
#	G	D	E	R	K	N	Q	S	T	A	V	L	I	F	Y	W	H	M	C	P
0	0.00489	0.00349	0.00465	0.00558	0.00582	0.00326	0.00372	0.00558	0.00768	0.01024	0.02210	0.85644	0.02653	0.01256	0.00512	0.00163	0.00233	0.01140	0.00372	0.00326
1	0.00529	0.00423	0.00468	0.00459	0.00575	0.00379	0.00339	0.00691	0.04239	0.01243	0.26951	0.06367	0.49406	0.05480	0.00556	0.00147	0.00215	0.00792	0.00387	0.00357
2	0.04656	0.00434	0.00550	0.00591	0.00665	0.00422	0.00442	0.00771	0.00814	0.06843	0.04233	0.33661	0.03997	0.16595	0.00782	0.00204	0.00309	0.23324	0.00353	0.00354
3	0.00765	0.00720	0.01216	0.82382	0.05264	0.00893	0.01117	0.01031	0.00805	0.01034	0.00714	0.01067	0.00538	0.00400	0.00401	0.00133	0.00533	0.00356	0.00179	0.00451
4	0.00998	0.00862	0.00907	0.00816	0.01043	0.00998	0.00635	0.02131	0.82679	0.01678	0.01632	0.01496	0.01224	0.00544	0.00408	0.00136	0.00317	0.00453	0.00408	0.00635
5	0.00687	0.00373	0.00548	0.00545	0.00562	0.00387	0.00377	0.00595	0.02576	0.00765	0.00782	0.01281	0.00758	0.01592	0.13408	0.72436	0.00450	0.00363	0.01301	0.00214
6	0.00492	0.00353	0.00468	0.00558	0.00586	0.00329	0.00376	0.00564	0.00775	0.01029	0.02255	0.81923	0.04663	0.01247	0.00512	0.00163	0.00235	0.02775	0.00372	0.00327
7	0.01476	0.01099	0.01176	0.00913	0.01225	0.01221	0.00751	0.74751	0.09280	0.02450	0.01024	0.01012	0.00732	0.00487	0.00402	0.00122	0.00430	0.00370	0.00402	0.00678
8	0.00489	0.00349	0.00465	0.00558	0.00582	0.00326	0.00372	0.00558	0.00768	0.01024	0.02210	0.85644	0.02653	0.01256	0.00512	0.00163	0.00233	0.01140	0.00372	0.00326
9	0.02728	0.00404	0.00519	0.00608	0.03888	0.00391	0.00389	0.00629	0.00746	0.01018	0.04194	0.49529	0.03984	0.23415	0.00903	0.00219	0.00291	0.05493	0.00330	0.00323
10	0.00548	0.00409	0.00509	0.00484	0.00587	0.00370	0.00363	0.00719	0.01090	0.01500	0.66886	0.03174	0.20158	0.00860	0.00473	0.00128	0.00192	0.00750	0.00427	0.00370
11	0.01640	0.00718	0.00926	0.00734	0.01028	0.00671	0.00598	0.01990	0.17370	0.67366	0.01592	0.01391	0.01039	0.00506	0.00404	0.00126	0.00337	0.00413	0.00479	0.00673
12	0.00929	0.00910	0.01478	0.31414	0.49636	0.04279	0.03243	0.01175	0.00884	0.01196	0.00736	0.01011	0.00594	0.00374	0.00399	0.00124	0.00512	0.00356	0.00192	0.00559
13	0.00489	0.00349	0.00465	0.00558	0.00582	0.00326	0.00372	0.00558	0.00768	0.01024	0.02210	0.85644	0.02653	0.01256	0.00512	0.00163	0.00233	0.01140	0.00372	0.00326
14	0.01072	0.86147	0.02102	0.00686	0.01029	0.01587	0.00686	0.01201	0.00815	0.00944	0.00558	0.00643	0.00515	0.00343	0.00257	0.00086	0.00429	0.00214	0.00172	0.00515
15	0.86548	0.00773	0.00598	0.00532	0.00782	0.00892	0.00438	0.01198	0.00694	0.03863	0.00584	0.00669	0.00448	0.00375	0.00252	0.00124	0.00311	0.00222	0.00254	0.00441
16	0.00942	0.01018	0.02057	0.10935	0.02022	0.01027	0.60752	0.04207	0.02995	0.01283	0.00802	0.01069	0.00611	0.00387	0.00535	0.00138	0.08036	0.00445	0.00210	0.00529
17	0.00474	0.00405	0.00408	0.00410	0.00543	0.00338	0.00306	0.00575	0.00911	0.01082	0.04018	0.05831	0.81299	0.01021	0.00475	0.00136	0.00204	0.00853	0.00372	0.00338
18	0.00591	0.00435	0.00556	0.00522	0.00624	0.00412	0.00392	0.00832	0.05612	0.01612	0.78715	0.02913	0.03644	0.00805	0.00469	0.00127	0.00196	0.00710	0.00440	0.00392
19	0.00925	0.00884	0.01507	0.26000	0.60390	0.00935	0.01197	0.01172	0.00881	0.01229	0.00743	0.01014	0.00607	0.00370	0.00398	0.00123	0.00493	0.00357	0.00193	0.00581
20	0.01171	0.61695	0.01826	0.00788	0.01083	0.22219	0.00716	0.01291	0.00887	0.00954	0.00572	0.00673	0.00516	0.00375	0.00326	0.00094	0.03905	0.00231	0.00180	0.00499
21	0.00487	0.00380	0.00443	0.00490	0.00569	0.00336	0.00347	0.00577	0.00848	0.01068	0.04675	0.43441	0.40649	0.01131	0.00494	0.00150	0.00221	0.02985	0.00374	0.00334
22	0.00488	0.00409	0.00425	0.00429	0.00560	0.00347	0.00327	0.00598	0.00925	0.01114	0.07554	0.03857	0.75185	0.01012	0.00478	0.00138	0.00212	0.05225	0.00375	0.00342
23	0.25381	0.00842	0.00919	0.00727	0.01022	0.00875	0.00600	0.25726	0.02255	0.36073	0.01119	0.01052	0.00751	0.00459	0.00360	0.00123	0.00362	0.00341	0.00399	0.00614
24	0.42025	0.00698	0.00699	0.03935	0.00887	0.02845	0.00498	0.01252	0.00821	0.22080	0.01099	0.13206	0.00958	0.05235	0.00453	0.00145	0.01945	0.00426	0.00323	0.00472
25	0.01129	0.08424	0.01438	0.21639	0.17846	0.32634	0.07948	0.01321	0.00962	0.01080	0.00679	0.00886	0.00552	0.00390	0.00390	0.00116	0.01550	0.00317	0.00195	0.00504
26	0.60899	0.00737	0.00683	0.04654	0.04771	0.00820	0.00499	0.03513	0.00758	0.01633	0.03311	0.02076	0.02641	0.05983	0.00403	0.00138	0.00330	0.00302	0.00257	0.05591
27	0.00918	0.00860	0.01421	0.35492	0.45610	0.00940	0.01149	0.04186	0.03223	0.01251	0.00770	0.01037	0.00613	0.00385	0.00399	0.00125	0.00494	0.00360	0.00204	0.00561
28	0.05231	0.00968	0.04678	0.11023	0.47584	0.03883	0.01057	0.09480	0.00985	0.03090	0.00825	0.01096	0.00680	0.00546	0.05000	0.00151	0.00512	0.02400	0.00230	0.00581
29	0.00583	0.00389	0.00437	0.00437	0.00437	0.00389	0.00243	0.00583	0.00583	0.00778	0.01264	0.02624	0.01458	0.85906	0.02041	0.00389	0.00389	0.00583	0.00243	0.00243
30	0.00784	0.00516	0.00630	0.00616	0.00741	0.00502	0.00468	0.09739	0.04293	0.10103	0.10001	0.35453	0.14324	0.00969	0.00479	0.00148	0.00276	0.09135	0.00396	0.00427
31	0.01926	0.00668	0.01030	0.42254	0.07859	0.02859	0.04092	0.00955	0.00848	0.02731	0.08384	0.07606	0.07161	0.01974	0.01873	0.04353	0.00452	0.02303	0.00246	0.00427
32	0.09873	0.68390	0.01841	0.00687	0.01017	0.01451	0.00662	0.06331	0.00884	0.04891	0.00630	0.00697	0.00539	0.00362	0.00272	0.00094	0.00414	0.00233	0.00208	0.00525
33	0.00504	0.00374	0.00473	0.00541	0.00597	0.00343	0.00384	0.00596	0.00829	0.01079	0.06264	0.57652	0.19177	0.01174	0.00506	0.00158	0.00237	0.08402	0.00375	0.00335
34	0.07975	0.00500	0.00571	0.00526	0.00687	0.00462	0.00406	0.02012	0.02315	0.16312	0.18704	0.10217	0.34414	0.00839	0.00446	0.00134	0.00245	0.02409	0.00399	0.00426
35	0.00647	0.00517	0.03909	0.00592	0.00696	0.02607	0.00480	0.00810	0.00751	0.01121	0.02884	0.03940	0.04846	0.03036	0.45140	0.00401	0.00703	0.04101	0.22448	0.00372
36	0.00694	0.00349	0.00520	0.00520	0.00520	0.00349	0.00345	0.00524	0.00524	0.00699	0.00712	0.01257	0.00717	0.03680	0.01580	0.85952	0.00349	0.00355	0.00176	0.00176
37	0.00552	0.00378	0.00444	0.00470	0.00482	0.00369	0.00282	0.00576	0.00649	0.00859	0.01645	0.25852	0.05224	0.58712	0.01549	0.00315	0.00337	0.00750	0.00285	0.00270
38	0.00629	0.00393	0.00517	0.00571	0.00627	0.00364	0.00393	0.01679	0.00815	0.08952	0.02144	0.72514	0.04021	0.03642	0.00544	0.00165	0.00250	0.01038	0.00381	0.00362
39	0.00502	0.00398	0.00439	0.00460	0.00557	0.00351	0.00333	0.00595	0.00858	0.01059	0.05260	0.17778	0.52935	0.10648	0.00663	0.00172	0.00240	0.06065	0.00359	0.00329
40	0.05753	0.00687	0.00915	0.00705	0.01012	0.00604	0.00582	0.01919	0.01127	0.79958	0.01536	0.01333	0.00967	0.00491	0.00396	0.00124	0.00340	0.00395	0.00485	0.00671
41	0.00556	0.00394	0.00463	0.00462	0.00509	0.00374	0.00300	0.00629	0.00800	0.01075	0.24905	0.09459	0.13580	0.43346	0.01259	0.00261	0.00294	0.00704	0.00327	0.00301
42	0.00832	0.00713	0.00832	0.00594	0.00950	0.00535	0.00475	0.01010	0.00832	0.01307	0.00713	0.00832	0.00594	0.00297	0.00297	0.00059	0.00297	0.00238	0.00238	0.88357
43	0.01789	0.00699	0.00941	0.00721	0.01032	0.00614	0.00596	0.04994	0.01176	0.80603	0.01559	0.01350	0.00981	0.00496	0.00403	0.00124	0.00345	0.00402	0.00493	0.00683
44	0.01525	0.01123	0.01204	0.00923	0.01244	0.01244	0.00762	0.82067	0.01886	0.02528	0.00963	0.00963	0.00682	0.00481	0.00401	0.00120	0.00441	0.00361	0.00401	0.00682
45	0.00573	0.00429	0.00639	0.00639	0.00709	0.00498	0.00495	0.00713	0.00643	0.00927	0.01079	0.01602	0.01014	0.05123	0.82217	0.00638	0.01057	0.00434	0.00216	0.00355
46	0.00937	0.00795	0.00836	0.00758	0.00969	0.00905	0.00588	0.01928	0.70916	0.01623	0.03668	0.01709	0.07469	0.00583	0.00409	0.00134	0.00300	0.00486	0.04395	0.00595
47	0.01498	0.01911	0.01137	0.01033	0.01240	0.84295	0.00775	0.01601	0.01137	0.00982	0.00620	0.00723	0.00517	0.00413	0.00362	0.00103	0.00723	0.00258	0.00207	0.00465
48	0.05562	0.00947	0.01073	0.00829	0.01140	0.00993	0.00684	0.48339	0.03571	0.30922	0.01178	0.01103	0.00793	0.00483	0.00395	0.00122	0.00397	0.00372	0.00428	0.00670
49	0.08699	0.00683	0.00858	0.00698	0.00966	0.00639	0.00578	0.08555	0.01136	0.54523	0.03674	0.01791	0.05330	0.00588	0.00412	0.00131	0.00340	0.09351	0.00446	0.00602
50	0.00474	0.00406	0.00406	0.00406	0.00542	0.00339	0.00305	0.00576	0.00914	0.01083	0.04063	0.03860	0.83241	0.01016	0.00474	0.00135	0.00203	0.00846	0.00372	0.00339
51	0.00962	0.00925	0.01591	0.12972	0.71250	0.00946	0.03063	0.01206	0.00900	0.01273	0.00750	0.01004	0.00622	0.00362	0.00399	0.00121	0.00488	0.00360	0.00196	0.00609
52	0.00568	0.00407	0.00554	0.00563	0.00605	0.00444	0.00398	0.00654	0.00635	0.00887	0.01255	0.10394	0.01328	0.31855	0.47086	0.00507	0.00750	0.00555	0.00241	0.00315
53	0.00493	0.00356	0.00466	0.00546	0.00580	0.00330	0.00369	0.00572	0.00799	0.01063	0.07325	0.75787	0.07400	0.01215	0.00507	0.00159	0.00228	0.01097	0.00377	0.00330
54	0.00941	0.07132	0.14101	0.01208	0.01568	0.01003	0.35054	0.03969	0.22263	0.01420	0.06364	0.01244	0.00956	0.00434	0.00425	0.00130	0.00514	0.00436	0.00271	0.00565
55	0.01059	0.02065	0.01260	0.34174	0.17855	0.07831	0.03254	0.09132	0.02031	0.10391	0.02010	0.03783	0.00740	0.00450	0.00421	0.00127	0.02240	0.00387	0.00255	0.00535
56	0.00895	0.00851	0.01435	0.36593	0.48133	0.00928	0.01169	0.01166	0.02717	0.01200	0.00757	0.01036	0.00607	0.00380	0.00399	0.00126	0.00497	0.00359	0.00195	0.00557
57	0.00489	0.00359	0.00459	0.00535	0.00576	0.00329	0.00363	0.00567	0.00799	0.01049	0.04772	0.71577	0.14236	0.01210	0.00505	0.00158	0.00227	0.01086	0.00374	0.00329
58	0.01613	0.00981	0.01116	0.00855	0.01173	0.01033	0.00707	0.56276	0.01648	0.28654	0.01162	0.01092	0.00782	0.00486	0.00402	0.00122	0.00409	0.00375	0.00432	0.00682
59	0.00528	0.00385	0.00489	0.00557	0.00603	0.00363	0.00381	0.03655	0.00829	0.01095	0.03438	0.73401	0.10389	0.01198	0.00503	0.00158	0.00237	0.01077	0.00374	0.00341
60	0.10863	0.01532	0.06743	0.03018	0.01247	0.45666	0.00779	0.17010	0.01204	0.07218	0.00756	0.00824	0.00573	0.00425	0.00362	0.00113	0.00584	0.00289	0.00266	0.00527
61	0.00583	0.00389	0.00437	0.00437	0.00437	0.00389	0.00243	0.00583	0.00583	0.00778	0.01264	0.02624	0.01458	0.85906	0.02041	0.00389	0.00389	0.00583	0.00243	0.00243
62	0.00762	0.00717	0.01211	0.83372	0.04297	0.00892	0.01116	0.01029	0.00804	0.01030	0.00714	0.01068	0.00537	0.00400	0.00401	0.00133	0.00534	0.00356	0.00179	0.00449
63	0.00910	0.00749	0.00808	0.00727	0.00927	0.00832	0.00564	0.05853	0.55189	0.02914	0.14355	0.03307	0.09859	0.00641	0.00426	0.00134	0.00292	0.00540	0.00410	0.00564
64	0.01315	0.01609	0.01137	0.11535	0.05815	0.63655	0.00823	0.01449	0.01049	0.01001	0.00670	0.00839	0.00559	0.00587	0.06146	0.00145	0.00711	0.00288	0.00203	0.00464
65	0.00492	0.00351	0.00468	0.00556	0.00582	0.00328	0.00373	0.00566	0.00782	0.01047	0.05359	0.82430	0.02697	0.01239	0.00510	0.00161	0.00231	0.01124	0.00375	0.00328
66	0.00811	0.00681	0.00739	0.00691	0.00869	0.00746	0.00536	0.01546	0.49991	0.01507	0.11785	0.05377	0.16531	0.00724	0.00441	0.00139	0.00282	0.05681	0.00402	0.00522
67	0.00757	0.00713	0.01203	0.84942	0.02762	0.00891	0.01114	0.01025	0.00802	0.01025	0.00713	0.01069	0.00535	0.00401	0.00401	0.00134	0.00535	0.00356	0.00178	0.00446
68	0.00573	0.00430	0.00645	0.00645	0.00716	0.00501	0.00501	0.00716	0.00645	0.00931	0.01074	0.01576	0.01003	0.03008	0.84316	0.00645	0.01074	0.00430	0.00215	0.00358
69	0.00549	0.00406	0.00426	0.00419	0.00544	0.00353	0.00315	0.00677	0.00935	0.02419	0.14011	0.03333	0.58489	0.00895	0.00442	0.00127	0.00201	0.00749	0.14356	0.00354
70	0.00877	0.00877	0.01228	0.01053	0.01053	0.01228	0.00877	0.00965	0.00614	0.00965	0.00526	0.00877	0.00526	0.00702	0.01316	0.00175	0.85172	0.00351	0.00175	0.00439
71	0.01072	0.86147	0.02102	0.00686	0.01029	0.01587	0.00686	0.01201	0.00815	0.00944	0.00558	0.00643	0.00515	0.00343	0.00257	0.00086	0.00429	0.00214	0.00172	0.00515
72	0.00572	0.00416	0.00557	0.00641	0.00712	0.00400	0.00514	0.00707	0.00866	0.01125	0.02347	0.33666	0.10468	0.01152	0.00531	0.00172	0.00304	0.44127	0.00371	0.00351
73	0.00573	0.00430	0.00645	0.00645	0.00716	0.00501	0.00501	0.00716	0.00645	0.00931	0.01074	0.01576	0.01003	0.03008	0.84316	0.00645	0.01074	0.00430	0.00215	0.00358
74	0.00521	0.00376	0.00498	0.00579	0.00626	0.00354	0.00419	0.00619	0.00823	0.01087	0.05998	0.61439	0.07944	0.01193	0.00515	0.00163	0.00254	0.15877	0.00375	0.00337
75	0.04623	0.76719	0.01974	0.00702	0.01034	0.05311	0.00682	0.03281	0.00852	0.01020	0.00571	0.00655	0.00516	0.00351	0.00265	0.00089	0.00438	0.00220	0.00182	0.00513
76	0.01111	0.10602	0.03069	0.01486	0.33424	0.05942	0.03554	0.15307	0.01068	0.03509	0.00768	0.00913	0.00618	0.00387	0.00400	0.00108	0.03434	0.00322	0.00243	0.13733

[dist]
# distance from previous block
# <min> <max>
0	5

[block]
# block no. 6 follows, 67 sequences, length 10
# corresponding to MSA columns:
# 365-374
name=unknown_G
#
# <colnr> <probs for GDERKNQSTAVLIFYWHMCP>
#	G	D	E	R	K	N	Q	S	T	A	V	L	I	F	Y	W	H	M	C	P
0	0.00885	0.03839	0.01152	0.35874	0.05673	0.05647	0.03554	0.05248	0.13618	0.01270	0.08064	0.01413	0.03028	0.00513	0.00471	0.00133	0.06159	0.02705	0.00261	0.00491
1	0.00664	0.00457	0.00672	0.00695	0.00784	0.00435	0.05287	0.00794	0.00851	0.06655	0.02013	0.42369	0.02245	0.04779	0.00584	0.00176	0.00322	0.29478	0.00364	0.00374
2	0.03235	0.00744	0.03405	0.00691	0.00936	0.03067	0.00568	0.06888	0.13421	0.29999	0.22811	0.01758	0.03680	0.00578	0.00411	0.00122	0.00316	0.00480	0.00418	0.06474
3	0.00577	0.00414	0.00566	0.00566	0.00611	0.00459	0.00404	0.00666	0.00621	0.00873	0.01146	0.01971	0.01174	0.34278	0.53281	0.00548	0.00816	0.00488	0.00225	0.00315
4	0.00573	0.00430	0.00645	0.00645	0.00716	0.00501	0.00501	0.00716	0.00645	0.00931	0.01074	0.01576	0.01003	0.03008	0.84316	0.00645	0.01074	0.00430	0.00215	0.00358
5	0.00993	0.00953	0.01628	0.02462	0.83404	0.00953	0.01231	0.01231	0.00913	0.01310	0.00754	0.00993	0.00635	0.00357	0.00397	0.00119	0.00476	0.00357	0.00199	0.00635
6	0.00555	0.00424	0.00505	0.00534	0.00621	0.00398	0.00385	0.03358	0.04199	0.01202	0.13636	0.41300	0.26706	0.01067	0.00489	0.00148	0.00233	0.03493	0.00384	0.00362
7	0.11331	0.05904	0.01107	0.00843	0.01105	0.04331	0.11037	0.15824	0.09586	0.08775	0.01351	0.05716	0.06594	0.00570	0.00402	0.00127	0.00402	0.08226	0.00328	0.06441
8	0.00706	0.03629	0.00642	0.00591	0.00644	0.11146	0.00404	0.00761	0.00733	0.00919	0.04890	0.20858	0.01606	0.40210	0.06917	0.00288	0.03825	0.00640	0.00269	0.00321
9	0.05556	0.28114	0.01256	0.00766	0.00995	0.31494	0.00629	0.04436	0.00977	0.01090	0.01211	0.09471	0.11396	0.00552	0.00354	0.00110	0.00483	0.00409	0.00243	0.00458

[dist]
# distance from previous block
# <min> <max>
1	32

[block]
# block no. 7 follows, 67 sequences, length 161
# corresponding to MSA columns:
# 407-567
name=unknown_H
#
# <colnr> <probs for GDERKNQSTAVLIFYWHMCP>
#	G	D	E	R	K	N	Q	S	T	A	V	L	I	F	Y	W	H	M	C	P
0	0.03293	0.00489	0.00533	0.00506	0.00638	0.00467	0.00382	0.06721	0.00939	0.01218	0.07734	0.10825	0.49762	0.05295	0.04367	0.00171	0.02908	0.00748	0.00352	0.02653
1	0.01091	0.02360	0.12439	0.04391	0.26847	0.05089	0.11594	0.03961	0.09932	0.13078	0.01815	0.03857	0.00817	0.00440	0.00408	0.00126	0.00483	0.00404	0.00274	0.00596
2	0.06661	0.09856	0.01166	0.00922	0.01136	0.48514	0.03245	0.05965	0.03564	0.01139	0.00729	0.00880	0.00613	0.00773	0.12030	0.00182	0.01634	0.00295	0.00224	0.00473
3	0.00668	0.00443	0.00491	0.00458	0.00606	0.00379	0.00346	0.00779	0.00947	0.12291	0.10694	0.03374	0.60298	0.05761	0.00554	0.00147	0.00231	0.00761	0.00388	0.00383
4	0.01097	0.81331	0.02048	0.00703	0.01041	0.04139	0.00691	0.03313	0.00853	0.00986	0.00570	0.00654	0.00519	0.00349	0.00264	0.00087	0.00438	0.00220	0.00179	0.00517
5	0.01165	0.01408	0.01837	0.01406	0.01719	0.34403	0.46804	0.01401	0.01012	0.01153	0.00725	0.00932	0.00569	0.00380	0.00456	0.00124	0.03412	0.00383	0.00203	0.00507
6	0.00898	0.00662	0.00812	0.00719	0.00868	0.00741	0.00564	0.28614	0.01069	0.01468	0.01088	0.04090	0.00984	0.09407	0.45631	0.00427	0.00770	0.00442	0.00286	0.00458
7	0.00483	0.00399	0.00424	0.00435	0.00551	0.00340	0.00319	0.00586	0.00910	0.01113	0.09540	0.15163	0.66283	0.01035	0.00479	0.00139	0.00206	0.00878	0.00377	0.00340
8	0.01078	0.00849	0.00912	0.00805	0.01041	0.00961	0.00630	0.05110	0.71299	0.08746	0.01642	0.01503	0.02512	0.00545	0.00408	0.00134	0.00322	0.00452	0.00415	0.00636
9	0.01311	0.10857	0.15337	0.02478	0.01318	0.38681	0.02972	0.07040	0.05518	0.09613	0.00813	0.00875	0.00616	0.00418	0.00367	0.00112	0.00584	0.00300	0.00250	0.00540
10	0.01072	0.86147	0.02102	0.00686	0.01029	0.01587	0.00686	0.01201	0.00815	0.00944	0.00558	0.00643	0.00515	0.00343	0.00257	0.00086	0.00429	0.00214	0.00172	0.00515
11	0.00521	0.00398	0.00478	0.00479	0.00576	0.00355	0.00351	0.00659	0.00994	0.01322	0.41322	0.17641	0.31520	0.00964	0.00480	0.00136	0.00202	0.00840	0.00405	0.00355
12	0.01119	0.02429	0.01098	0.01124	0.16955	0.07809	0.03684	0.04547	0.31211	0.13894	0.01571	0.01531	0.10184	0.00530	0.00408	0.00127	0.00392	0.00448	0.00348	0.00591
13	0.00957	0.00950	0.01529	0.22953	0.53160	0.05442	0.05552	0.01198	0.00895	0.01215	0.00736	0.01000	0.00601	0.00375	0.00414	0.00124	0.01776	0.00358	0.00194	0.00571
14	0.00583	0.00389	0.00437	0.00437	0.00437	0.00389	0.00243	0.00583	0.00583	0.00778	0.01264	0.02624	0.01458	0.85906	0.02041	0.00389	0.00389	0.00583	0.00243	0.00243
15	0.00893	0.00527	0.00547	0.00497	0.00638	0.00555	0.00385	0.11595	0.09504	0.03116	0.01302	0.01424	0.01003	0.00478	0.00312	0.00102	0.00236	0.00381	0.66059	0.00446
16	0.01127	0.58427	0.06437	0.00808	0.01140	0.09793	0.03428	0.08853	0.02247	0.01139	0.00658	0.01840	0.00573	0.00386	0.00317	0.00098	0.01734	0.00264	0.00204	0.00529
17	0.01564	0.00909	0.01072	0.00872	0.03647	0.00940	0.00692	0.38047	0.10309	0.35707	0.01283	0.01187	0.00867	0.00491	0.00403	0.00124	0.00388	0.00388	0.00435	0.00676
18	0.00752	0.00495	0.00587	0.00568	0.00699	0.00472	0.00421	0.02524	0.11042	0.12237	0.11046	0.29552	0.24621	0.02460	0.00495	0.00146	0.00252	0.00807	0.00399	0.00426
19	0.01129	0.00646	0.00727	0.00627	0.00827	0.00671	0.00498	0.10395	0.20792	0.20219	0.01432	0.01486	0.01063	0.00511	0.00359	0.00116	0.00286	0.02485	0.35190	0.00540
20	0.11168	0.02698	0.01143	0.00927	0.03750	0.11773	0.00732	0.54958	0.01571	0.06116	0.00890	0.00912	0.00644	0.00455	0.00377	0.00118	0.00459	0.00331	0.00354	0.00622
21	0.00515	0.00372	0.00488	0.00543	0.00592	0.00345	0.00379	0.00623	0.00882	0.01196	0.25135	0.56802	0.06080	0.01120	0.00501	0.00152	0.00223	0.03318	0.00392	0.00342
22	0.00582	0.00395	0.00466	0.00466	0.00477	0.00404	0.00279	0.00603	0.00599	0.00809	0.02328	0.02489	0.01428	0.73712	0.12999	0.00419	0.00478	0.00565	0.00242	0.00260
23	0.01526	0.00919	0.01053	0.00828	0.01125	0.00963	0.00677	0.42747	0.11168	0.30231	0.01291	0.03619	0.00910	0.00516	0.00406	0.00125	0.00386	0.00409	0.00434	0.00666
24	0.01452	0.07915	0.01213	0.00974	0.01217	0.56257	0.00760	0.19510	0.04643	0.01352	0.00733	0.00803	0.00582	0.00429	0.00365	0.00107	0.00622	0.00286	0.00256	0.00524
25	0.00565	0.00442	0.00523	0.00547	0.00658	0.00414	0.00429	0.00760	0.05999	0.01222	0.15411	0.13843	0.36096	0.01009	0.00494	0.00149	0.00252	0.20432	0.00384	0.00369
26	0.58906	0.00744	0.00707	0.00591	0.00861	0.00793	0.00488	0.01445	0.00842	0.29897	0.00910	0.00896	0.00626	0.00415	0.00301	0.00124	0.00321	0.00281	0.00333	0.00519
27	0.00993	0.00953	0.01628	0.02462	0.83404	0.00953	0.01231	0.01231	0.00913	0.01310	0.00754	0.00993	0.00635	0.00357	0.00397	0.00119	0.00476	0.00357	0.00199	0.00635
28	0.00832	0.00713	0.00832	0.00594	0.00950	0.00535	0.00475	0.01010	0.00832	0.01307	0.00713	0.00832	0.00594	0.00297	0.00297	0.00059	0.00297	0.00238	0.00238	0.88357
29	0.00721	0.00483	0.00592	0.00574	0.00672	0.00480	0.00424	0.00962	0.10992	0.07574	0.25877	0.08947	0.04804	0.23197	0.00886	0.00207	0.00297	0.11545	0.00372	0.00391
30	0.00524	0.00417	0.00476	0.00486	0.00606	0.00369	0.00382	0.00658	0.00960	0.01209	0.19434	0.03809	0.52712	0.00994	0.00488	0.00143	0.00231	0.15367	0.00386	0.00352
31	0.01072	0.86147	0.02102	0.00686	0.01029	0.01587	0.00686	0.01201	0.00815	0.00944	0.00558	0.00643	0.00515	0.00343	0.00257	0.00086	0.00429	0.00214	0.00172	0.00515
32	0.00497	0.00354	0.00461	0.00542	0.00567	0.00332	0.00358	0.00561	0.00756	0.01003	0.02183	0.75438	0.05128	0.08981	0.00650	0.00183	0.00246	0.01080	0.00360	0.00319
33	0.00518	0.00405	0.00465	0.00462	0.00573	0.00356	0.00346	0.00653	0.00985	0.01281	0.33038	0.09163	0.45025	0.00956	0.00476	0.00135	0.00205	0.03166	0.01437	0.00354
34	0.00572	0.00391	0.00437	0.00436	0.00453	0.00383	0.00253	0.00588	0.00634	0.00835	0.04113	0.02761	0.09815	0.74643	0.01833	0.00355	0.00364	0.00614	0.00262	0.00257
35	0.00583	0.00389	0.00437	0.00437	0.00437	0.00389	0.00243	0.00583	0.00583	0.00778	0.01264	0.02624	0.01458	0.85906	0.02041	0.00389	0.00389	0.00583	0.00243	0.00243
36	0.01619	0.00969	0.01081	0.00839	0.01148	0.04396	0.00689	0.43716	0.04028	0.35445	0.01221	0.01133	0.00818	0.00487	0.00401	0.00122	0.00408	0.00377	0.00432	0.00672
37	0.00581	0.00430	0.00523	0.00499	0.00591	0.00411	0.00364	0.03230	0.00966	0.01311	0.41039	0.02908	0.20071	0.15755	0.09363	0.00227	0.00326	0.00685	0.00368	0.00354
38	0.00635	0.00536	0.00925	0.00813	0.00939	0.00584	0.13916	0.00808	0.00693	0.00987	0.01034	0.01511	0.00945	0.03905	0.69176	0.00557	0.00998	0.00439	0.00213	0.00386
39	0.00489	0.00349	0.00465	0.00558	0.00582	0.00326	0.00372	0.00558	0.00768	0.01024	0.02210	0.85644	0.02653	0.01256	0.00512	0.00163	0.00233	0.01140	0.00372	0.00326
40	0.00873	0.00750	0.01192	0.73563	0.02548	0.00912	0.01059	0.08687	0.00918	0.04576	0.00772	0.01071	0.00567	0.00412	0.00401	0.00132	0.00518	0.00359	0.00212	0.00478
41	0.01069	0.72141	0.01978	0.03301	0.06191	0.04928	0.00742	0.01207	0.00827	0.00971	0.00576	0.00688	0.00523	0.00360	0.00309	0.00093	0.03172	0.00234	0.00175	0.00516
42	0.01475	0.01783	0.01131	0.01012	0.01230	0.72212	0.00766	0.09153	0.05433	0.01162	0.00704	0.00786	0.00569	0.00426	0.00368	0.00107	0.00676	0.00278	0.00235	0.00494
43	0.00487	0.00356	0.00458	0.00539	0.00577	0.00327	0.00364	0.00561	0.00786	0.01031	0.02444	0.75314	0.12832	0.01226	0.00507	0.00159	0.00229	0.01103	0.00372	0.00327
44	0.88738	0.00776	0.00589	0.00527	0.00776	0.00900	0.00434	0.01179	0.00683	0.01799	0.00558	0.00651	0.00434	0.00372	0.00248	0.00124	0.00310	0.00217	0.00248	0.00434
45	0.03871	0.00956	0.00967	0.00819	0.01080	0.05352	0.00648	0.19591	0.49744	0.01795	0.01305	0.01244	0.00979	0.00493	0.00388	0.00123	0.00364	0.00394	0.00374	0.09515
46	0.18788	0.00514	0.00578	0.00552	0.00687	0.00509	0.00413	0.00962	0.00861	0.15032	0.13493	0.22762	0.07629	0.11397	0.00624	0.00170	0.00283	0.03976	0.00361	0.00407
47	0.55424	0.00740	0.00720	0.00599	0.00871	0.00781	0.00494	0.01476	0.00861	0.33176	0.00951	0.00925	0.00648	0.00420	0.00308	0.00124	0.00322	0.00288	0.00343	0.00529
48	0.00503	0.00397	0.00453	0.00461	0.00565	0.00347	0.00338	0.00623	0.00949	0.01218	0.25659	0.18634	0.46420	0.01006	0.00481	0.00138	0.00205	0.00867	0.00392	0.00347
49	0.07357	0.00577	0.00672	0.00604	0.00775	0.00571	0.00468	0.05519	0.11008	0.17244	0.22881	0.11122	0.13043	0.03389	0.00487	0.00141	0.00274	0.02988	0.00407	0.00473
50	0.85101	0.00761	0.00587	0.00526	0.00768	0.00878	0.00432	0.01161	0.00701	0.01791	0.03967	0.00748	0.00573	0.00391	0.00257	0.00124	0.00305	0.00238	0.00256	0.00432
51	0.00475	0.00403	0.00410	0.00415	0.00544	0.00338	0.00309	0.00575	0.00905	0.01080	0.03953	0.08714	0.78457	0.01030	0.00476	0.00137	0.00205	0.00864	0.00372	0.00338
52	0.01593	0.00388	0.00443	0.00456	0.00464	0.00385	0.00265	0.00586	0.00616	0.00830	0.01429	0.14939	0.02582	0.71351	0.01775	0.00349	0.00363	0.00665	0.00264	0.00259
53	0.01087	0.00586	0.00736	0.00647	0.00829	0.00561	0.00506	0.08706	0.05547	0.29301	0.15499	0.14341	0.06825	0.06098	0.00550	0.00152	0.00305	0.06800	0.00422	0.00504
54	0.01476	0.01867	0.01114	0.01014	0.01217	0.81862	0.00761	0.01582	0.01128	0.00996	0.00640	0.00746	0.00531	0.00415	0.00359	0.00103	0.00708	0.00262	0.02756	0.00462
55	0.00573	0.00430	0.00645	0.00645	0.00716	0.00501	0.00501	0.00716	0.00645	0.00931	0.01074	0.01576	0.01003	0.03008	0.84316	0.00645	0.01074	0.00430	0.00215	0.00358
56	0.06123	0.00414	0.00449	0.00449	0.00470	0.00421	0.00267	0.00640	0.00610	0.00884	0.01253	0.03648	0.01411	0.73987	0.01802	0.00352	0.00373	0.02307	0.03874	0.00264
57	0.02153	0.00456	0.00555	0.00547	0.00667	0.00419	0.00403	0.02168	0.03305	0.13734	0.11652	0.36070	0.24375	0.00979	0.00472	0.00143	0.00243	0.00854	0.00398	0.00406
58	0.01011	0.00868	0.00914	0.00819	0.01048	0.01004	0.00638	0.04172	0.80617	0.01699	0.01615	0.01483	0.01210	0.00543	0.00408	0.00136	0.00321	0.00451	0.00408	0.00636
59	0.46590	0.00717	0.00731	0.00603	0.00872	0.00740	0.00496	0.01510	0.00895	0.37887	0.01042	0.01003	0.00706	0.00431	0.00318	0.00123	0.00319	0.00306	0.04171	0.00541
60	0.00608	0.00398	0.00554	0.00561	0.00613	0.00414	0.00408	0.00644	0.00677	0.01823	0.04795	0.08573	0.09169	0.09173	0.31808	0.25095	0.00590	0.03548	0.00252	0.00297
61	0.00535	0.00406	0.00469	0.00493	0.00569	0.00376	0.00349	0.00648	0.02900	0.01074	0.09535	0.22356	0.32134	0.19053	0.00820	0.00199	0.00264	0.07141	0.00351	0.00329
62	0.00489	0.00349	0.00465	0.00558	0.00582	0.00326	0.00372	0.00558	0.00768	0.01024	0.02210	0.85644	0.02653	0.01256	0.00512	0.00163	0.00233	0.01140	0.00372	0.00326
63	0.00906	0.00865	0.01472	0.32651	0.53887	0.00930	0.01188	0.01155	0.00872	0.01206	0.00739	0.01021	0.00598	0.00373	0.00398	0.00124	0.00498	0.00357	0.00191	0.00566
64	0.02028	0.00804	0.01212	0.40335	0.19205	0.05570	0.04525	0.02001	0.00881	0.05147	0.00998	0.06499	0.02556	0.01413	0.00429	0.00134	0.00486	0.03490	0.01799	0.00489
65	0.00902	0.00667	0.00810	0.04844	0.07326	0.08653	0.00601	0.01019	0.00817	0.13237	0.01276	0.05651	0.03676	0.10407	0.23988	0.05461	0.03059	0.06908	0.00277	0.00420
66	0.01285	0.00895	0.00990	0.00826	0.01092	0.00983	0.00662	0.24326	0.44003	0.16913	0.01444	0.01371	0.01048	0.00527	0.00408	0.00130	0.00357	0.01666	0.00422	0.00653
67	0.00832	0.00713	0.00832	0.00594	0.00950	0.00535	0.00475	0.01010	0.00832	0.01307	0.00713	0.00832	0.00594	0.00297	0.00297	0.00059	0.00297	0.00238	0.00238	0.88357
68	0.01228	0.03591	0.01035	0.01939	0.05580	0.12219	0.00637	0.13298	0.01094	0.17344	0.00903	0.00945	0.00672	0.00385	0.00347	0.00092	0.00403	0.00298	0.00303	0.37687
69	0.00551	0.00375	0.00447	0.00479	0.00487	0.00367	0.00287	0.00575	0.00647	0.00862	0.01589	0.31112	0.01868	0.56859	0.01516	0.00311	0.00335	0.00774	0.00287	0.00271
70	0.68563	0.00924	0.00726	0.00628	0.00884	0.08135	0.00511	0.12956	0.00896	0.01835	0.00622	0.00703	0.00477	0.00392	0.00280	0.00122	0.00365	0.00242	0.00267	0.00473
71	0.00948	0.00906	0.02385	0.11655	0.65539	0.00918	0.01154	0.02693	0.02387	0.01303	0.02437	0.03570	0.00770	0.00411	0.00404	0.00123	0.00467	0.01119	0.00215	0.00598
72	0.00498	0.00363	0.00470	0.00551	0.00591	0.00337	0.00380	0.00578	0.00790	0.01037	0.02388	0.70512	0.11249	0.02587	0.00535	0.00165	0.00240	0.06030	0.00370	0.00328
73	0.01147	0.00704	0.00863	0.00771	0.04300	0.00718	0.00575	0.22844	0.07541	0.19231	0.15102	0.08114	0.03081	0.00734	0.00580	0.11942	0.00336	0.00507	0.00387	0.00523
