[name]
unknown

[dist]
# distance from previous block
# <min> <max>
0	14

[block]
# block no. 0 follows, 69 sequences, length 17
# corresponding to MSA columns:
# 14-30
name=unknown_A
#
# <colnr> <probs for GDERKNQSTAVLIFYWHMCP>
#	G	D	E	R	K	N	Q	S	T	A	V	L	I	F	Y	W	H	M	C	P
0	0.06697	0.33991	0.17173	0.00792	0.01118	0.02841	0.04003	0.04937	0.06748	0.02763	0.00872	0.03069	0.01659	0.04780	0.02545	0.00135	0.00451	0.02765	0.00226	0.02435
1	0.00565	0.00381	0.00426	0.00426	0.00432	0.00378	0.00240	0.00570	0.00585	0.00774	0.01364	0.02622	0.05295	0.82210	0.01923	0.00368	0.00372	0.00582	0.00244	0.00242
2	0.01218	0.05932	0.01115	0.02330	0.03902	0.33157	0.03696	0.22137	0.04505	0.01464	0.07447	0.01227	0.06556	0.00491	0.00379	0.00111	0.00500	0.00375	0.02949	0.00508
3	0.00481	0.00350	0.00454	0.00530	0.00566	0.00323	0.00359	0.00559	0.00785	0.01041	0.07308	0.73950	0.09484	0.01182	0.00495	0.00155	0.00222	0.01065	0.00368	0.00323
4	0.03044	0.00993	0.01099	0.02868	0.01184	0.03487	0.01869	0.48402	0.12568	0.12634	0.01056	0.01047	0.00754	0.00480	0.00433	0.00122	0.04665	0.00363	0.00374	0.02558
5	0.01981	0.06184	0.49873	0.03965	0.03299	0.00972	0.06912	0.11074	0.05203	0.05672	0.00818	0.00914	0.00588	0.00393	0.00377	0.00122	0.00525	0.00321	0.00226	0.00583
6	0.00870	0.00689	0.00970	0.00823	0.00985	0.02867	0.10883	0.13479	0.05465	0.05465	0.05127	0.07360	0.01100	0.02763	0.30702	0.04275	0.04982	0.00469	0.00279	0.00448
7	0.00512	0.00377	0.00480	0.00530	0.00576	0.00367	0.00364	0.00615	0.02775	0.01005	0.05006	0.50565	0.12043	0.11128	0.11515	0.00240	0.00348	0.00897	0.00333	0.00324
8	0.01176	0.01070	0.01088	0.03528	0.05322	0.18728	0.06006	0.08383	0.37703	0.09331	0.01250	0.01227	0.02452	0.00477	0.00393	0.00123	0.00442	0.00392	0.00334	0.00576
9	0.01143	0.02706	0.12714	0.14536	0.11037	0.05225	0.00862	0.12552	0.02794	0.21145	0.05065	0.01309	0.06222	0.00478	0.00393	0.00121	0.00432	0.00394	0.00310	0.00561
10	0.00563	0.00383	0.00457	0.00462	0.00473	0.00392	0.00280	0.00587	0.00589	0.00795	0.01262	0.07149	0.01430	0.69833	0.13399	0.00402	0.00465	0.00580	0.00241	0.00258
11	0.00923	0.17748	0.03242	0.02942	0.07253	0.00995	0.40697	0.03829	0.00918	0.03261	0.01099	0.04978	0.06977	0.00455	0.00413	0.00123	0.00517	0.02893	0.00229	0.00508
12	0.00988	0.14232	0.07634	0.00809	0.01069	0.05960	0.06046	0.09129	0.22085	0.05707	0.15890	0.01508	0.04938	0.00530	0.00402	0.00119	0.01662	0.00436	0.00324	0.00530
13	0.04773	0.19617	0.05262	0.00842	0.03052	0.10459	0.03479	0.08706	0.19276	0.15923	0.01098	0.01084	0.02414	0.00443	0.00354	0.00113	0.00418	0.00342	0.01780	0.00565
14	0.01042	0.32953	0.12086	0.01005	0.13861	0.06735	0.00809	0.04438	0.00898	0.06896	0.00809	0.00936	0.02669	0.03207	0.00378	0.00107	0.00440	0.00293	0.00219	0.10221
15	0.01014	0.14590	0.06962	0.03120	0.41086	0.02730	0.05723	0.06606	0.00933	0.05398	0.00799	0.02188	0.00661	0.00545	0.05850	0.00147	0.00509	0.00346	0.00219	0.00571
16	0.06420	0.14969	0.08193	0.10399	0.03095	0.01720	0.05714	0.17442	0.01875	0.04223	0.00832	0.01056	0.00680	0.03786	0.15202	0.00216	0.03089	0.00342	0.00244	0.00503

[dist]
# distance from previous block
# <min> <max>
3	13

[block]
# block no. 1 follows, 69 sequences, length 21
# corresponding to MSA columns:
# 44-64
name=unknown_B
#
# <colnr> <probs for GDERKNQSTAVLIFYWHMCP>
#	G	D	E	R	K	N	Q	S	T	A	V	L	I	F	Y	W	H	M	C	P
0	0.04036	0.43513	0.01552	0.03917	0.01139	0.29437	0.00707	0.04639	0.04332	0.02564	0.00649	0.00731	0.00546	0.00378	0.00305	0.00097	0.00511	0.00248	0.00206	0.00496
1	0.00940	0.00603	0.00727	0.00584	0.00820	0.00521	0.00457	0.06434	0.00956	0.18168	0.09043	0.05083	0.12187	0.06243	0.04318	0.00142	0.00324	0.00462	0.00335	0.31655
2	0.06469	0.14608	0.13144	0.02347	0.02063	0.09960	0.03967	0.17851	0.04217	0.03946	0.02879	0.06764	0.01554	0.00585	0.03622	0.00138	0.04722	0.00378	0.00265	0.00521
3	0.08114	0.10184	0.04511	0.06471	0.02798	0.12339	0.05938	0.20789	0.08353	0.03122	0.06311	0.01064	0.00844	0.00537	0.03188	0.00135	0.04144	0.00351	0.00281	0.00528
4	0.00949	0.07760	0.21147	0.02771	0.25744	0.00833	0.00955	0.02715	0.05204	0.11162	0.02510	0.12930	0.00997	0.02081	0.00421	0.00128	0.00426	0.00452	0.00263	0.00551
5	0.00509	0.00373	0.00475	0.00541	0.00583	0.00355	0.00367	0.00632	0.04524	0.01064	0.07985	0.68486	0.06968	0.04477	0.00550	0.00163	0.00233	0.01018	0.00365	0.00333
6	0.08742	0.09758	0.17308	0.00896	0.01178	0.38672	0.00815	0.03694	0.03599	0.01156	0.00711	0.00837	0.00576	0.00600	0.07130	0.00149	0.00611	0.00278	0.02808	0.00481
7	0.01034	0.06975	0.19196	0.04064	0.02155	0.03979	0.08249	0.15467	0.09888	0.07925	0.04141	0.04546	0.03595	0.00504	0.00457	0.00126	0.06460	0.00407	0.00285	0.00550
8	0.00575	0.00406	0.00493	0.00487	0.00587	0.00367	0.00357	0.00718	0.02170	0.05130	0.36504	0.19269	0.27564	0.02960	0.00503	0.00139	0.00211	0.00802	0.00395	0.00362
9	0.00841	0.00740	0.03997	0.00681	0.00888	0.00751	0.00551	0.04597	0.46033	0.03908	0.08599	0.02145	0.23300	0.00666	0.00420	0.00131	0.00286	0.00556	0.00385	0.00525
10	0.05505	0.49758	0.13615	0.00819	0.01167	0.11236	0.04657	0.01291	0.03499	0.04304	0.00660	0.00742	0.00543	0.00362	0.00301	0.00099	0.00475	0.00253	0.00197	0.00516
11	0.01140	0.03705	0.06908	0.16701	0.04150	0.02318	0.04725	0.18334	0.04819	0.18812	0.11156	0.01301	0.01075	0.00500	0.00425	0.02231	0.00417	0.00403	0.00328	0.00550
12	0.00487	0.00348	0.00463	0.00540	0.00571	0.00324	0.00365	0.00569	0.00792	0.01067	0.11661	0.76276	0.02722	0.01178	0.00496	0.00155	0.00222	0.01067	0.00372	0.00324
13	0.09019	0.00763	0.00897	0.00711	0.00996	0.03881	0.00581	0.08659	0.06907	0.59078	0.01440	0.01289	0.02993	0.00487	0.00382	0.00121	0.00348	0.00384	0.00437	0.00627
14	0.04198	0.01938	0.00764	0.00685	0.00803	0.10454	0.03610	0.00958	0.06502	0.02510	0.29105	0.18499	0.07933	0.00775	0.00526	0.00134	0.09216	0.00646	0.00338	0.00405
15	0.01400	0.06939	0.01208	0.04915	0.03121	0.22087	0.00761	0.40858	0.01403	0.08383	0.00844	0.00895	0.00625	0.00449	0.00414	0.00115	0.04370	0.00321	0.00312	0.00580
16	0.04465	0.00796	0.00893	0.00676	0.00987	0.00737	0.00544	0.22650	0.05326	0.04283	0.00852	0.02212	0.00676	0.00406	0.00364	0.02694	0.00331	0.00296	0.00292	0.50521
17	0.03542	0.13549	0.55428	0.00999	0.01488	0.00987	0.03253	0.06035	0.00908	0.09171	0.00773	0.00855	0.00553	0.00382	0.00357	0.00118	0.00519	0.00294	0.00213	0.00576
18	0.06218	0.04350	0.05854	0.00891	0.01180	0.02119	0.12446	0.21130	0.03788	0.22268	0.01135	0.05773	0.00879	0.00632	0.05101	0.00152	0.01363	0.02175	0.01980	0.00566
19	0.00514	0.00509	0.05165	0.05304	0.00756	0.00407	0.01978	0.00647	0.00876	0.01092	0.08093	0.15841	0.55539	0.00936	0.00460	0.00135	0.00251	0.00800	0.00343	0.00355
20	0.08185	0.16022	0.02919	0.00658	0.00845	0.13836	0.00538	0.04557	0.02591	0.05949	0.06615	0.09000	0.09370	0.09070	0.01762	0.00149	0.02901	0.00464	0.04140	0.00431

[dist]
# distance from previous block
# <min> <max>
0	2

[block]
# block no. 2 follows, 69 sequences, length 16
# corresponding to MSA columns:
# 69-84
name=unknown_C
#
# <colnr> <probs for GDERKNQSTAVLIFYWHMCP>
#	G	D	E	R	K	N	Q	S	T	A	V	L	I	F	Y	W	H	M	C	P
0	0.04266	0.13152	0.21190	0.00903	0.01252	0.15873	0.05629	0.10240	0.04471	0.01304	0.00745	0.00888	0.00598	0.03593	0.00415	0.00115	0.01432	0.00296	0.00225	0.13416
1	0.01062	0.24599	0.33841	0.01017	0.04966	0.12312	0.03012	0.10658	0.00986	0.03119	0.00698	0.00794	0.00538	0.00378	0.00343	0.00109	0.00528	0.00280	0.00206	0.00555
2	0.00754	0.06474	0.00744	0.00630	0.00775	0.07679	0.00480	0.02333	0.21968	0.01250	0.11867	0.19945	0.16963	0.02604	0.03616	0.00155	0.00328	0.00658	0.00346	0.00433
3	0.00559	0.00360	0.00460	0.00492	0.00502	0.00354	0.00310	0.00554	0.00623	0.00833	0.01442	0.31231	0.01671	0.37378	0.04080	0.17576	0.00341	0.00709	0.00267	0.00256
4	0.00883	0.22835	0.48707	0.00984	0.01442	0.04250	0.05134	0.01260	0.05492	0.01168	0.00838	0.00931	0.03657	0.00395	0.00351	0.00114	0.00519	0.00306	0.00190	0.00546
5	0.04463	0.19628	0.05199	0.04426	0.01100	0.01000	0.00665	0.14547	0.19416	0.08570	0.02438	0.04492	0.02310	0.00470	0.00352	0.00111	0.00368	0.00369	0.00308	0.09767
6	0.00643	0.00439	0.00535	0.00561	0.00641	0.00432	0.00398	0.03175	0.09089	0.05050	0.08555	0.52290	0.06239	0.02626	0.00488	0.00148	0.00241	0.00877	0.07190	0.00382
7	0.00649	0.00689	0.11621	0.00724	0.03558	0.00511	0.05877	0.00848	0.02368	0.04241	0.15407	0.11130	0.25746	0.05646	0.00544	0.00151	0.00322	0.09232	0.00330	0.00406
8	0.01918	0.34848	0.20099	0.04091	0.01350	0.06040	0.11017	0.03455	0.03945	0.02567	0.00751	0.00940	0.00619	0.00497	0.04020	0.00132	0.00525	0.02463	0.00201	0.00518
9	0.00492	0.00357	0.00468	0.00552	0.00591	0.00333	0.00386	0.00575	0.00779	0.01024	0.02307	0.70431	0.09484	0.01193	0.00502	0.00159	0.00239	0.09440	0.00364	0.00324
10	0.00938	0.00551	0.00681	0.00609	0.00760	0.00553	0.00471	0.05066	0.09901	0.20256	0.21952	0.15841	0.05273	0.00718	0.00462	0.00129	0.04464	0.00607	0.10295	0.00471
11	0.05107	0.00717	0.00976	0.00867	0.00917	0.03122	0.04677	0.00863	0.00666	0.01001	0.00958	0.18480	0.01028	0.04271	0.10333	0.00222	0.44662	0.00516	0.00224	0.00395
12	0.34994	0.07166	0.00876	0.00665	0.00913	0.12247	0.00544	0.11826	0.02119	0.15347	0.01959	0.00913	0.00667	0.00417	0.00311	0.00113	0.00376	0.00289	0.07755	0.00503
13	0.00646	0.00432	0.00550	0.00533	0.00593	0.00453	0.00372	0.03353	0.00685	0.05008	0.01354	0.04572	0.05898	0.40906	0.32493	0.00431	0.00614	0.00529	0.00255	0.00322
14	0.00947	0.00791	0.00955	0.08385	0.02643	0.03192	0.02959	0.15863	0.06585	0.03189	0.01894	0.08146	0.02295	0.01872	0.00430	0.00107	0.04078	0.00391	0.00283	0.34993
15	0.03517	0.04755	0.09722	0.04371	0.10283	0.04285	0.13649	0.09190	0.10179	0.01312	0.02390	0.01127	0.00756	0.06326	0.02264	0.00157	0.14583	0.00380	0.00238	0.00514

[dist]
# distance from previous block
# <min> <max>
0	5

[block]
# block no. 3 follows, 69 sequences, length 23
# corresponding to MSA columns:
# 90-112
name=unknown_D
#
# <colnr> <probs for GDERKNQSTAVLIFYWHMCP>
#	G	D	E	R	K	N	Q	S	T	A	V	L	I	F	Y	W	H	M	C	P
0	0.00782	0.05690	0.04379	0.00918	0.02950	0.00791	0.15507	0.06128	0.00837	0.01168	0.04139	0.19574	0.02765	0.06469	0.04655	0.00176	0.15881	0.00560	0.02973	0.03658
1	0.00879	0.00921	0.01838	0.16878	0.18660	0.00915	0.45870	0.01163	0.00884	0.01211	0.00828	0.04199	0.00672	0.00382	0.00431	0.00129	0.00567	0.00440	0.02613	0.00518
2	0.05983	0.06238	0.03581	0.07552	0.16508	0.01625	0.07652	0.03054	0.11748	0.08471	0.02208	0.08190	0.04928	0.00639	0.04364	0.00151	0.04715	0.00449	0.01429	0.00515
3	0.00934	0.03208	0.05851	0.03985	0.11224	0.00976	0.52478	0.04860	0.06677	0.01313	0.00886	0.04156	0.00707	0.00390	0.00436	0.00129	0.00574	0.00449	0.00223	0.00543
4	0.00546	0.00379	0.00487	0.00539	0.00596	0.00354	0.00374	0.00664	0.03172	0.04130	0.11731	0.63347	0.09990	0.01110	0.00486	0.00150	0.00226	0.00996	0.00377	0.00347
5	0.04184	0.00719	0.00798	0.00672	0.00891	0.02067	0.00534	0.19557	0.14166	0.20228	0.10924	0.05688	0.13537	0.00628	0.00407	0.00125	0.00310	0.00516	0.03513	0.00538
6	0.00778	0.18240	0.01050	0.00723	0.00875	0.10009	0.04544	0.00915	0.00729	0.00929	0.00892	0.01275	0.00827	0.05047	0.50935	0.00426	0.00839	0.00366	0.00201	0.00398
7	0.00629	0.00449	0.00524	0.00572	0.00634	0.04081	0.00397	0.02118	0.00819	0.06822	0.02138	0.68129	0.07815	0.02253	0.00502	0.00154	0.00260	0.00986	0.00364	0.00355
8	0.00515	0.00393	0.00475	0.00482	0.00577	0.00353	0.00360	0.00651	0.00963	0.01277	0.37764	0.17128	0.30986	0.00955	0.00474	0.00136	0.00207	0.05566	0.00393	0.00347
9	0.05672	0.00872	0.00988	0.00887	0.06791	0.04580	0.03664	0.28562	0.14365	0.10100	0.03824	0.03835	0.06868	0.02138	0.00421	0.00126	0.00375	0.00435	0.04935	0.00562
10	0.01398	0.01052	0.01125	0.00883	0.01181	0.01173	0.00723	0.68075	0.16388	0.02322	0.01058	0.01035	0.00762	0.00482	0.00393	0.00120	0.00410	0.00369	0.00393	0.00658
11	0.11316	0.00924	0.00958	0.00764	0.01027	0.01019	0.00623	0.55311	0.05530	0.02146	0.01104	0.01143	0.04381	0.02053	0.00395	0.00121	0.00373	0.00368	0.09862	0.00582
12	0.00561	0.00394	0.00486	0.00519	0.00573	0.00376	0.00360	0.01748	0.01937	0.02282	0.11842	0.37606	0.10609	0.20274	0.00824	0.00201	0.00269	0.07053	0.01760	0.00326
13	0.08134	0.03602	0.01105	0.09592	0.09241	0.26305	0.00769	0.16855	0.02611	0.02520	0.07273	0.02299	0.00846	0.00473	0.00437	0.00118	0.06706	0.00347	0.00263	0.00504
14	0.04533	0.01265	0.03112	0.00881	0.01094	0.35803	0.00701	0.09261	0.13173	0.10809	0.00971	0.01033	0.02042	0.00648	0.06446	0.00154	0.06940	0.00334	0.00283	0.00514
15	0.00770	0.00570	0.00885	0.00749	0.00899	0.00548	0.14785	0.03226	0.00882	0.10784	0.09695	0.21748	0.14039	0.11725	0.02283	0.00179	0.03887	0.01606	0.00329	0.00408
16	0.08851	0.00751	0.00858	0.00693	0.00945	0.00768	0.00562	0.24843	0.06370	0.32340	0.02516	0.05108	0.00971	0.00509	0.00371	0.00119	0.00331	0.00404	0.12108	0.00583
17	0.00959	0.05310	0.14196	0.06314	0.09710	0.06239	0.18955	0.08388	0.02492	0.02220	0.00864	0.03144	0.03024	0.01309	0.00568	0.00133	0.15047	0.00389	0.00219	0.00519
18	0.03397	0.09244	0.12391	0.00996	0.01291	0.18076	0.14851	0.14177	0.04151	0.02985	0.01986	0.08516	0.03052	0.00498	0.00412	0.00121	0.02670	0.00414	0.00258	0.00515
19	0.02300	0.00544	0.00602	0.00552	0.00701	0.00546	0.00415	0.04504	0.17329	0.09692	0.06686	0.06063	0.27612	0.11684	0.03259	0.00176	0.00296	0.00607	0.06003	0.00431
20	0.09202	0.05599	0.03581	0.03388	0.07126	0.17806	0.07349	0.10003	0.01007	0.09797	0.01936	0.07700	0.06338	0.00527	0.00437	0.00122	0.05806	0.00417	0.01363	0.00498
21	0.04455	0.03801	0.06594	0.05384	0.03483	0.11600	0.08407	0.20282	0.08199	0.06914	0.03209	0.05719	0.04160	0.00538	0.00402	0.00125	0.00452	0.05437	0.00308	0.00532
22	0.02296	0.00775	0.00811	0.00706	0.00890	0.10407	0.03825	0.13560	0.08620	0.10367	0.10020	0.08552	0.16213	0.06663	0.00536	0.00146	0.00360	0.04430	0.00355	0.00467

[dist]
# distance from previous block
# <min> <max>
2	22

[block]
# block no. 4 follows, 69 sequences, length 30
# corresponding to MSA columns:
# 135-164
name=unknown_E
#
# <colnr> <probs for GDERKNQSTAVLIFYWHMCP>
#	G	D	E	R	K	N	Q	S	T	A	V	L	I	F	Y	W	H	M	C	P
0	0.02745	0.38771	0.20578	0.00793	0.01144	0.03571	0.00821	0.09332	0.03028	0.04614	0.02272	0.04072	0.03435	0.00455	0.00334	0.00108	0.00437	0.02732	0.00235	0.00525
1	0.02183	0.00666	0.00759	0.03630	0.00899	0.06265	0.02588	0.12109	0.07634	0.06893	0.08664	0.27055	0.04847	0.02246	0.02500	0.01548	0.00354	0.07372	0.01350	0.00440
2	0.00600	0.00562	0.08022	0.00590	0.00696	0.00455	0.01919	0.00712	0.00770	0.03742	0.08498	0.28392	0.14216	0.21305	0.04056	0.00218	0.03845	0.00742	0.00309	0.00350
3	0.04126	0.13952	0.03430	0.00876	0.08436	0.00837	0.06232	0.11185	0.00971	0.04380	0.04112	0.05606	0.03703	0.00434	0.00346	0.00097	0.00368	0.00363	0.00264	0.30283
4	0.00976	0.07138	0.02504	0.02486	0.01346	0.08457	0.28347	0.09215	0.10130	0.03706	0.03760	0.09038	0.02035	0.03460	0.03959	0.00156	0.02036	0.00479	0.00272	0.00501
5	0.00654	0.00491	0.00776	0.00698	0.00781	0.00505	0.10283	0.00708	0.00715	0.00977	0.06688	0.11953	0.08255	0.04191	0.09639	0.27396	0.06647	0.05567	0.02762	0.00315
6	0.00926	0.00892	0.01539	0.17644	0.66124	0.00922	0.03884	0.01168	0.00874	0.01229	0.00732	0.00987	0.00602	0.00357	0.00391	0.00120	0.00483	0.00353	0.00191	0.00584
7	0.01064	0.00886	0.04116	0.13700	0.11677	0.01807	0.12189	0.19038	0.06777	0.10863	0.01279	0.05472	0.07604	0.00511	0.00414	0.00127	0.00440	0.01179	0.00305	0.00551
8	0.12315	0.00800	0.04811	0.03122	0.01057	0.04869	0.10429	0.02864	0.07741	0.01242	0.03636	0.14841	0.02261	0.00876	0.08980	0.00190	0.14087	0.03299	0.02142	0.00438
9	0.00485	0.00354	0.00458	0.00535	0.00575	0.00327	0.00368	0.00565	0.00785	0.01035	0.05437	0.70894	0.11243	0.01181	0.00497	0.00156	0.00228	0.04187	0.00366	0.00323
10	0.00827	0.01911	0.74139	0.01152	0.01705	0.00930	0.07971	0.04591	0.00877	0.01293	0.00721	0.00851	0.00512	0.00373	0.00381	0.00125	0.00580	0.00306	0.00178	0.00579
11	0.00787	0.00913	0.17562	0.12988	0.18856	0.00702	0.04322	0.01024	0.00852	0.05844	0.04356	0.18428	0.02717	0.00691	0.02698	0.00148	0.00442	0.05925	0.00260	0.00485
12	0.00600	0.00475	0.00610	0.00614	0.00680	0.03936	0.00459	0.00732	0.02550	0.00921	0.01222	0.10330	0.02598	0.11220	0.59029	0.02105	0.00837	0.00506	0.00235	0.00342
13	0.69644	0.00763	0.00655	0.00565	0.00816	0.00857	0.00464	0.05723	0.03531	0.11455	0.00731	0.00776	0.00537	0.00391	0.00274	0.00121	0.00312	0.00251	0.01660	0.00472
14	0.00555	0.00405	0.00573	0.00581	0.00632	0.00452	0.00427	0.00659	0.00628	0.00887	0.01188	0.09305	0.01216	0.19952	0.60099	0.00536	0.00838	0.00513	0.00229	0.00324
15	0.00529	0.00383	0.00540	0.00596	0.00644	0.00360	0.03235	0.00617	0.00773	0.02310	0.02104	0.70278	0.04037	0.03716	0.00545	0.00166	0.00260	0.08218	0.00356	0.00333
16	0.00834	0.00546	0.00678	0.00622	0.00783	0.00530	0.02201	0.04476	0.12192	0.14657	0.17231	0.11113	0.20718	0.00813	0.00454	0.00137	0.00276	0.10887	0.00398	0.00452
17	0.00799	0.00763	0.01111	0.00943	0.01014	0.02253	0.09964	0.00967	0.05351	0.00995	0.00826	0.01360	0.00807	0.13856	0.10084	0.00244	0.45011	0.03030	0.00208	0.00412
18	0.02000	0.00413	0.00515	0.00488	0.00581	0.00392	0.00362	0.00782	0.03348	0.03975	0.45434	0.02424	0.11074	0.00859	0.00624	0.15770	0.00224	0.00594	0.09794	0.00348
19	0.00540	0.00390	0.00479	0.00529	0.00587	0.00379	0.00372	0.00682	0.04794	0.01115	0.05892	0.55632	0.13044	0.01050	0.00482	0.00146	0.01970	0.01945	0.09628	0.00345
20	0.00518	0.00361	0.00469	0.00538	0.00580	0.00334	0.00369	0.00596	0.00783	0.02938	0.05191	0.68533	0.09090	0.04131	0.00547	0.00163	0.00236	0.03930	0.00365	0.00328
21	0.00993	0.04420	0.00965	0.00893	0.08974	0.01880	0.00644	0.16902	0.25218	0.04520	0.04760	0.01608	0.05443	0.05333	0.04810	0.00166	0.04026	0.03758	0.04152	0.00534
22	0.00815	0.00686	0.00712	0.03584	0.00796	0.13755	0.02673	0.00895	0.00740	0.07025	0.01162	0.06163	0.02461	0.36740	0.17135	0.00327	0.03236	0.00493	0.00248	0.00351
23	0.00621	0.00437	0.00541	0.00576	0.00648	0.00427	0.00409	0.05368	0.05594	0.04027	0.05039	0.57747	0.07501	0.05123	0.00554	0.00162	0.00257	0.04232	0.00368	0.00368
24	0.22220	0.02000	0.15136	0.00989	0.02355	0.00886	0.19706	0.07460	0.02778	0.09594	0.00838	0.00984	0.00631	0.00663	0.09294	0.00179	0.03173	0.00345	0.00251	0.00517
25	0.00896	0.11452	0.11397	0.06881	0.16908	0.05361	0.12318	0.02385	0.06052	0.02461	0.02384	0.11371	0.02133	0.00523	0.00433	0.00126	0.03691	0.02482	0.00238	0.00510
26	0.00973	0.20549	0.34434	0.01081	0.04580	0.01838	0.13052	0.08215	0.02121	0.04691	0.00839	0.01005	0.01948	0.00402	0.00368	0.00117	0.00514	0.02499	0.00217	0.00557
27	0.00750	0.19284	0.07003	0.00621	0.00827	0.06240	0.00548	0.02308	0.04307	0.01177	0.16804	0.09328	0.23865	0.00708	0.00412	0.00120	0.01446	0.01872	0.00306	0.02075
28	0.01005	0.00720	0.00894	0.00757	0.00905	0.02130	0.02785	0.16368	0.02123	0.14245	0.01521	0.05875	0.13228	0.11312	0.02747	0.00181	0.19525	0.02892	0.00319	0.00469
29	0.04350	0.02161	0.01085	0.04523	0.07370	0.08414	0.05376	0.21073	0.12486	0.10809	0.01208	0.02481	0.06273	0.00475	0.00381	0.00115	0.00409	0.00389	0.00322	0.10300

[dist]
# distance from previous block
# <min> <max>
1	28

[block]
# block no. 5 follows, 69 sequences, length 8
# corresponding to MSA columns:
# 193-200
name=unknown_F
#
# <colnr> <probs for GDERKNQSTAVLIFYWHMCP>
#	G	D	E	R	K	N	Q	S	T	A	V	L	I	F	Y	W	H	M	C	P
0	0.06667	0.08685	0.07668	0.08692	0.15942	0.10721	0.04035	0.12612	0.06140	0.04045	0.00816	0.00983	0.00651	0.04098	0.00429	0.00123	0.00466	0.00326	0.00246	0.06656
1	0.02852	0.06955	0.16509	0.06198	0.10344	0.03997	0.15394	0.06992	0.02146	0.12738	0.04011	0.02934	0.00805	0.02295	0.00435	0.00126	0.01516	0.00382	0.00259	0.03112
2	0.05957	0.11146	0.03421	0.00946	0.08545	0.13329	0.03649	0.12926	0.08796	0.12957	0.04394	0.02992	0.00888	0.02611	0.03748	0.00140	0.00460	0.00367	0.00298	0.02430
3	0.00972	0.00744	0.01029	0.01092	0.18289	0.03495	0.06037	0.07872	0.07019	0.12687	0.11642	0.13353	0.05707	0.00625	0.00439	0.00127	0.01939	0.02400	0.00333	0.04199
4	0.07711	0.03933	0.25100	0.04008	0.04305	0.09165	0.07963	0.04648	0.03315	0.09123	0.06170	0.05411	0.00904	0.00511	0.02149	0.00130	0.00484	0.00383	0.00257	0.04328
5	0.02489	0.03602	0.04213	0.02789	0.12126	0.03707	0.02439	0.03858	0.04119	0.15230	0.04877	0.17358	0.06532	0.03129	0.00508	0.00136	0.05229	0.02318	0.00315	0.05029
6	0.00671	0.00435	0.00534	0.00526	0.00583	0.00441	0.00357	0.00798	0.10218	0.04424	0.05703	0.13055	0.06971	0.28912	0.04539	0.20305	0.00345	0.00586	0.00285	0.00313
7	0.05519	0.03514	0.05533	0.04379	0.54267	0.08848	0.03174	0.01247	0.04442	0.01262	0.00855	0.01033	0.03440	0.00387	0.00378	0.00117	0.00475	0.00349	0.00209	0.00572

[dist]
# distance from previous block
# <min> <max>
5	8

[block]
# block no. 6 follows, 69 sequences, length 11
# corresponding to MSA columns:
# 209-219
name=unknown_G
#
# <colnr> <probs for GDERKNQSTAVLIFYWHMCP>
#	G	D	E	R	K	N	Q	S	T	A	V	L	I	F	Y	W	H	M	C	P
0	0.08047	0.00490	0.00557	0.00534	0.00662	0.00474	0.00394	0.02420	0.05364	0.13972	0.03502	0.23412	0.20339	0.11995	0.00633	0.00168	0.00272	0.02524	0.03843	0.00400
1	0.04120	0.00385	0.00486	0.00550	0.00607	0.00369	0.00395	0.00674	0.00796	0.03271	0.04708	0.58869	0.04496	0.01075	0.00472	0.00152	0.00244	0.10586	0.07401	0.00343
2	0.02409	0.13926	0.34234	0.00865	0.01250	0.07253	0.00926	0.05344	0.04928	0.06416	0.05067	0.04432	0.02090	0.00447	0.00358	0.00112	0.00458	0.00348	0.00243	0.08894
3	0.04406	0.00718	0.00827	0.00673	0.00911	0.02320	0.00541	0.19419	0.05190	0.33106	0.09039	0.04822	0.02461	0.00539	0.00382	0.00118	0.00320	0.00437	0.11634	0.02138
4	0.00604	0.00463	0.00519	0.00497	0.00627	0.00436	0.00377	0.02775	0.08346	0.03579	0.21069	0.05069	0.44311	0.04032	0.02610	0.00153	0.00249	0.03525	0.00378	0.00381
5	0.02797	0.00603	0.03007	0.00681	0.05295	0.00581	0.00502	0.03889	0.14871	0.07901	0.08801	0.13769	0.21597	0.00734	0.00437	0.00129	0.02528	0.00619	0.10808	0.00452
6	0.01027	0.06957	0.01171	0.06750	0.24217	0.06263	0.00802	0.06393	0.20205	0.07527	0.05307	0.01404	0.04252	0.00488	0.00390	0.00120	0.00401	0.03313	0.00299	0.02715
7	0.00568	0.00392	0.00483	0.00489	0.00576	0.00359	0.00358	0.00703	0.00941	0.03488	0.35707	0.22547	0.18276	0.03087	0.00497	0.00139	0.00212	0.03560	0.07265	0.00354
8	0.00573	0.00391	0.00526	0.00554	0.00601	0.00375	0.02312	0.00653	0.00756	0.03738	0.07977	0.46729	0.02199	0.21157	0.03743	0.00223	0.00308	0.04900	0.01960	0.00324
9	0.06825	0.12952	0.14937	0.09078	0.16487	0.13204	0.06582	0.10783	0.00996	0.03581	0.00720	0.00860	0.00559	0.00381	0.00358	0.00114	0.00514	0.00307	0.00220	0.00544
10	0.00562	0.00454	0.00601	0.00590	0.00697	0.00423	0.05459	0.03631	0.02657	0.01149	0.07537	0.37565	0.30095	0.01015	0.00480	0.00145	0.00260	0.05961	0.00359	0.00361

[dist]
# distance from previous block
# <min> <max>
0	1

[block]
# block no. 7 follows, 69 sequences, length 18
# corresponding to MSA columns:
# 221-238
name=unknown_H
#
# <colnr> <probs for GDERKNQSTAVLIFYWHMCP>
#	G	D	E	R	K	N	Q	S	T	A	V	L	I	F	Y	W	H	M	C	P
0	0.06197	0.19624	0.04884	0.01004	0.03789	0.34553	0.10364	0.02828	0.02270	0.01110	0.00643	0.00770	0.00533	0.00386	0.00383	0.00105	0.04633	0.00278	0.00202	0.05444
1	0.00480	0.00345	0.00452	0.00535	0.00562	0.00321	0.00357	0.00547	0.00750	0.00994	0.02202	0.79514	0.05900	0.04331	0.00554	0.00166	0.00232	0.01083	0.00359	0.00316
2	0.05850	0.03746	0.07486	0.06125	0.01237	0.07724	0.00739	0.40437	0.02733	0.03325	0.00848	0.00957	0.00646	0.03807	0.00425	0.00119	0.00438	0.00322	0.00305	0.12733
3	0.00936	0.00758	0.01241	0.30417	0.36278	0.00807	0.00994	0.01166	0.02174	0.11084	0.00979	0.09676	0.00838	0.00472	0.00402	0.00127	0.00443	0.00434	0.00243	0.00532
4	0.00498	0.00383	0.00458	0.00493	0.00577	0.00343	0.00362	0.00607	0.00878	0.01128	0.15383	0.32475	0.35610	0.01054	0.00483	0.00145	0.00221	0.08193	0.00374	0.00335
5	0.00565	0.00379	0.00436	0.00441	0.00444	0.00380	0.00253	0.00573	0.00582	0.00779	0.01282	0.07299	0.01478	0.78733	0.04523	0.00375	0.00393	0.00596	0.00244	0.00246
6	0.08712	0.05816	0.04607	0.01057	0.02793	0.03490	0.27054	0.02392	0.03134	0.01466	0.19613	0.04077	0.04480	0.00574	0.00453	0.00139	0.00461	0.00510	0.00313	0.08860
7	0.00947	0.00817	0.00859	0.00776	0.00992	0.00939	0.00603	0.01999	0.78514	0.01608	0.01727	0.01591	0.05765	0.00557	0.00402	0.00133	0.00304	0.00465	0.00397	0.00604
8	0.00987	0.03630	0.00983	0.10333	0.02748	0.00977	0.00688	0.11269	0.55950	0.01604	0.01396	0.05537	0.01095	0.00534	0.00397	0.00130	0.00351	0.00446	0.00360	0.00586
9	0.00855	0.00706	0.00901	0.04033	0.01042	0.00636	0.05650	0.04710	0.12845	0.04088	0.08638	0.06773	0.01107	0.00455	0.00359	0.00094	0.00319	0.00395	0.00294	0.46101
10	0.00819	0.10037	0.73063	0.01062	0.01604	0.00974	0.01342	0.01268	0.04073	0.01227	0.00724	0.00834	0.00525	0.00375	0.00362	0.00121	0.00553	0.00288	0.00175	0.00574
11	0.00808	0.00778	0.01220	0.52866	0.20429	0.03937	0.01040	0.01033	0.00806	0.01058	0.00788	0.06630	0.00680	0.00457	0.00453	0.00131	0.05828	0.00396	0.00192	0.00469
12	0.01129	0.61242	0.01796	0.00840	0.05678	0.16494	0.00717	0.03607	0.03492	0.01016	0.00611	0.00697	0.00537	0.00359	0.00286	0.00091	0.00471	0.00237	0.00189	0.00509
13	0.02057	0.00628	0.05362	0.02156	0.00896	0.00564	0.05035	0.03613	0.12162	0.11619	0.09630	0.39072	0.01944	0.00848	0.00452	0.00142	0.00307	0.02696	0.00366	0.00450
14	0.00560	0.00382	0.00449	0.00455	0.00467	0.00386	0.00273	0.00581	0.00597	0.00800	0.01354	0.08173	0.03705	0.69727	0.10171	0.00383	0.00432	0.00599	0.00247	0.00257
15	0.00649	0.00417	0.00509	0.00496	0.00612	0.00369	0.00368	0.00772	0.00950	0.11143	0.26443	0.22748	0.31188	0.00932	0.00464	0.00135	0.00218	0.00809	0.00398	0.00380
16	0.31025	0.08235	0.16243	0.00767	0.01093	0.04011	0.02186	0.18994	0.01027	0.06834	0.00926	0.00971	0.05292	0.00431	0.00330	0.00118	0.00409	0.00310	0.00275	0.00525
17	0.00571	0.00404	0.00521	0.00585	0.00640	0.00392	0.00417	0.02796	0.04601	0.02919	0.02125	0.67438	0.04389	0.01139	0.00494	0.00158	0.00252	0.09437	0.00369	0.00354

[dist]
# distance from previous block
# <min> <max>
0	1

[block]
# block no. 8 follows, 69 sequences, length 18
# corresponding to MSA columns:
# 240-257
name=unknown_I
#
# <colnr> <probs for GDERKNQSTAVLIFYWHMCP>
#	G	D	E	R	K	N	Q	S	T	A	V	L	I	F	Y	W	H	M	C	P
0	0.00558	0.00388	0.00456	0.00456	0.00479	0.00392	0.00282	0.00589	0.00610	0.00811	0.01467	0.02524	0.09164	0.65448	0.14437	0.00395	0.00465	0.00572	0.00245	0.00264
1	0.00819	0.00650	0.00706	0.00667	0.00828	0.01727	0.00513	0.06325	0.36694	0.03317	0.03556	0.18058	0.13524	0.00763	0.00431	0.00137	0.00286	0.05982	0.04528	0.00489
2	0.00878	0.00825	0.01296	0.49710	0.28137	0.02914	0.01083	0.05424	0.03725	0.01189	0.00751	0.01022	0.00584	0.00388	0.00390	0.00125	0.00497	0.00350	0.00200	0.00513
3	0.00941	0.00734	0.00939	0.00678	0.01023	0.00587	0.06046	0.04248	0.00891	0.09596	0.00798	0.00887	0.00624	0.00320	0.00316	0.00072	0.00325	0.00269	0.00261	0.70447
4	0.00639	0.00429	0.00512	0.00505	0.00611	0.00390	0.00369	0.03441	0.00924	0.08282	0.17632	0.25739	0.30132	0.06748	0.00570	0.00154	0.00238	0.01938	0.00379	0.00369
5	0.00678	0.00590	0.00613	0.00605	0.00673	0.11041	0.00440	0.00771	0.00716	0.00915	0.04414	0.02077	0.03925	0.29334	0.35923	0.00418	0.00685	0.05611	0.00241	0.00328
6	0.00953	0.00795	0.00899	0.09719	0.01106	0.09253	0.02382	0.16576	0.05194	0.06020	0.18145	0.13699	0.03901	0.00675	0.00499	0.00132	0.07432	0.01813	0.00336	0.00471
7	0.00553	0.00372	0.00471	0.00518	0.00569	0.00343	0.00352	0.00628	0.00787	0.04927	0.07718	0.56968	0.11679	0.11379	0.00669	0.00179	0.00245	0.00955	0.00359	0.00330
8	0.00557	0.00414	0.00533	0.00592	0.00676	0.00395	0.00472	0.00708	0.02345	0.01143	0.08643	0.25310	0.19592	0.01071	0.00506	0.00160	0.00278	0.35890	0.00368	0.00349
9	0.00796	0.01962	0.78633	0.01154	0.01721	0.00916	0.06941	0.01243	0.00834	0.01243	0.00710	0.00843	0.00503	0.00370	0.00379	0.00125	0.00585	0.00301	0.00168	0.00576
10	0.00998	0.00879	0.00887	0.00772	0.00950	0.13504	0.03142	0.17986	0.13965	0.03037	0.10186	0.06458	0.06585	0.03924	0.06227	0.00169	0.04203	0.02272	0.03370	0.00484
11	0.00832	0.04357	0.60970	0.01017	0.03269	0.00856	0.01203	0.02649	0.00848	0.02611	0.00716	0.00832	0.00526	0.00359	0.00354	0.00110	0.00510	0.00280	0.00188	0.17513
12	0.00958	0.08686	0.19028	0.01029	0.01395	0.02478	0.23725	0.04234	0.00912	0.09169	0.01051	0.01164	0.07061	0.00448	0.00442	0.02888	0.02369	0.00380	0.00239	0.12343
13	0.00683	0.00589	0.00803	0.35403	0.01490	0.03842	0.00680	0.02622	0.00893	0.02908	0.14938	0.16155	0.16047	0.00709	0.00433	0.00133	0.00362	0.00618	0.00294	0.00397
14	0.04860	0.00473	0.00582	0.00578	0.00709	0.00454	0.00465	0.00896	0.03730	0.10354	0.15818	0.08304	0.22209	0.01010	0.05243	0.00172	0.00315	0.23056	0.00374	0.00397
15	0.00960	0.00921	0.01573	0.06091	0.80172	0.00929	0.01198	0.01194	0.00888	0.01268	0.00736	0.00974	0.00617	0.00351	0.00388	0.00117	0.00468	0.00349	0.00193	0.00613
16	0.00785	0.07691	0.05210	0.00685	0.00845	0.14950	0.01831	0.02231	0.04624	0.01236	0.25193	0.18050	0.08283	0.00763	0.00431	0.00128	0.00352	0.05974	0.00329	0.00411
17	0.01050	0.03551	0.02057	0.00791	0.02878	0.11222	0.03738	0.09749	0.08843	0.12120	0.13591	0.06647	0.03511	0.00544	0.00417	0.00113	0.03068	0.00446	0.00329	0.15335

[dist]
# distance from previous block
# <min> <max>
0	1

[block]
# block no. 9 follows, 69 sequences, length 12
# corresponding to MSA columns:
# 259-270
name=unknown_J
#
# <colnr> <probs for GDERKNQSTAVLIFYWHMCP>
#	G	D	E	R	K	N	Q	S	T	A	V	L	I	F	Y	W	H	M	C	P
0	0.07558	0.04422	0.04569	0.00831	0.01105	0.05874	0.04061	0.27946	0.06763	0.14451	0.01025	0.04893	0.00795	0.00587	0.03965	0.00140	0.04228	0.00375	0.00330	0.06084
1	0.00505	0.00387	0.00465	0.00500	0.00578	0.00354	0.00357	0.00637	0.03295	0.01143	0.17016	0.40700	0.28741	0.01054	0.00480	0.00144	0.00216	0.02711	0.00377	0.00341
2	0.00951	0.00925	0.01418	0.18158	0.55855	0.05140	0.01101	0.01269	0.08957	0.01246	0.00807	0.01020	0.00653	0.00378	0.00388	0.00120	0.00474	0.00353	0.00211	0.00577
3	0.04917	0.04443	0.02928	0.04208	0.00845	0.00601	0.00548	0.02724	0.07492	0.02597	0.07067	0.22503	0.07873	0.05936	0.00589	0.00162	0.04604	0.19239	0.00328	0.00397
4	0.00689	0.00500	0.02287	0.00609	0.00683	0.00498	0.00455	0.04851	0.00804	0.06621	0.06412	0.32436	0.03306	0.18917	0.08079	0.00240	0.06869	0.05060	0.00319	0.00364
5	0.00619	0.00462	0.00528	0.00532	0.00656	0.00437	0.00415	0.02671	0.07377	0.03981	0.06471	0.10674	0.41149	0.03627	0.00516	0.00150	0.00256	0.16530	0.02573	0.00377
6	0.00657	0.00564	0.00874	0.00733	0.00861	0.00551	0.17742	0.00840	0.06901	0.01007	0.01657	0.05478	0.14397	0.38537	0.04864	0.00266	0.00429	0.03019	0.00269	0.00355
7	0.00910	0.06724	0.05841	0.36233	0.26663	0.02802	0.03907	0.06529	0.00895	0.01196	0.00709	0.00961	0.00561	0.00390	0.00420	0.00123	0.04080	0.00338	0.00195	0.00522
8	0.00754	0.04309	0.00637	0.00536	0.00687	0.06442	0.00418	0.02836	0.03093	0.08188	0.27653	0.02706	0.31488	0.00767	0.00428	0.00123	0.00263	0.02615	0.05655	0.00405
9	0.00473	0.00378	0.00418	0.00448	0.00538	0.00329	0.00317	0.00557	0.00832	0.01027	0.03255	0.31029	0.53237	0.04661	0.00540	0.00152	0.00216	0.00912	0.00359	0.00323
10	0.09355	0.00624	0.00717	0.00591	0.00813	0.00613	0.00477	0.10678	0.03639	0.35178	0.01414	0.01379	0.04643	0.00488	0.00346	0.00112	0.00288	0.00385	0.27725	0.00534
11	0.00696	0.00509	0.00607	0.02317	0.00759	0.02466	0.00485	0.02502	0.08397	0.06221	0.09793	0.23180	0.15707	0.03553	0.00523	0.00156	0.00292	0.21074	0.00369	0.00395

[dist]
# distance from previous block
# <min> <max>
0	1

[block]
# block no. 10 follows, 69 sequences, length 57
# corresponding to MSA columns:
# 272-328
name=unknown_K
#
# <colnr> <probs for GDERKNQSTAVLIFYWHMCP>
#	G	D	E	R	K	N	Q	S	T	A	V	L	I	F	Y	W	H	M	C	P
0	0.12845	0.00696	0.00817	0.00672	0.00914	0.00691	0.00540	0.13681	0.05588	0.40553	0.02664	0.08703	0.01090	0.03859	0.00445	0.00135	0.00328	0.01734	0.03480	0.00566
1	0.00530	0.00400	0.00489	0.00467	0.00570	0.00359	0.00350	0.00691	0.01050	0.01430	0.61584	0.03162	0.25773	0.00854	0.00463	0.00126	0.00189	0.00742	0.00413	0.00359
2	0.00954	0.00907	0.01488	0.05053	0.63915	0.00929	0.04662	0.01318	0.12822	0.01327	0.02238	0.01081	0.00751	0.00384	0.00394	0.00120	0.00449	0.00374	0.00227	0.00606
3	0.00953	0.03438	0.00960	0.12896	0.08667	0.23743	0.00678	0.06197	0.00903	0.01071	0.00978	0.10569	0.00977	0.17256	0.02760	0.00181	0.01606	0.01641	0.00237	0.04290
4	0.00911	0.04257	0.01432	0.01128	0.01228	0.06210	0.16268	0.01045	0.00702	0.01003	0.00589	0.01673	0.00548	0.00593	0.01027	0.00156	0.60233	0.00362	0.00180	0.00451
5	0.44068	0.01121	0.00899	0.00829	0.05261	0.25205	0.02622	0.08512	0.00944	0.06336	0.00672	0.00752	0.00515	0.00390	0.00310	0.00115	0.00451	0.00260	0.00255	0.00481
6	0.00885	0.01040	0.08088	0.01366	0.01643	0.01018	0.47103	0.02522	0.00834	0.01176	0.00776	0.03699	0.00660	0.00482	0.00696	0.00144	0.25189	0.01984	0.00200	0.00496
7	0.14858	0.00885	0.03701	0.00897	0.07300	0.03865	0.02687	0.22616	0.02502	0.20512	0.01968	0.07979	0.02188	0.00566	0.01899	0.00134	0.04132	0.00413	0.00341	0.00559
8	0.01187	0.01015	0.04129	0.01733	0.01169	0.08857	0.07404	0.35106	0.04894	0.06568	0.08903	0.02208	0.02588	0.01902	0.00418	0.00117	0.00425	0.00398	0.00335	0.10645
9	0.05070	0.00780	0.00878	0.00743	0.00945	0.05513	0.04147	0.24570	0.03903	0.10723	0.08786	0.07040	0.07474	0.05535	0.00521	0.00143	0.01778	0.07832	0.03119	0.00497
10	0.00888	0.00504	0.00625	0.00559	0.00725	0.00462	0.00437	0.01105	0.07075	0.23723	0.28212	0.06269	0.22870	0.00775	0.00445	0.00130	0.00247	0.04072	0.00421	0.00456
11	0.00829	0.01146	0.19253	0.04784	0.02659	0.00894	0.46822	0.01137	0.00861	0.01196	0.00930	0.11744	0.00821	0.00473	0.00484	0.00136	0.04621	0.00497	0.00210	0.00505
12	0.03805	0.03800	0.01081	0.00922	0.01117	0.45540	0.00717	0.13041	0.07915	0.02955	0.00831	0.05701	0.00713	0.00500	0.00466	0.00117	0.09685	0.00342	0.00258	0.00493
13	0.02379	0.00772	0.00970	0.00793	0.01033	0.00787	0.05267	0.28169	0.06358	0.25706	0.01404	0.13748	0.01190	0.03929	0.00482	0.00141	0.00371	0.05540	0.00395	0.00567
14	0.00485	0.00387	0.00435	0.00450	0.00552	0.00337	0.00330	0.00593	0.00900	0.01135	0.16965	0.20980	0.51674	0.01012	0.00472	0.00137	0.00205	0.02240	0.00375	0.00335
15	0.00590	0.00457	0.00546	0.00574	0.00676	0.00446	0.00441	0.02680	0.09696	0.01200	0.08632	0.27920	0.24994	0.01007	0.00483	0.00150	0.00259	0.18502	0.00373	0.00376
16	0.01036	0.01082	0.08040	0.01311	0.01673	0.00998	0.46379	0.12929	0.16264	0.04695	0.00985	0.01109	0.00724	0.00397	0.00431	0.00129	0.00545	0.00428	0.00271	0.00574
17	0.01195	0.01204	0.00997	0.00874	0.01045	0.33209	0.00681	0.18102	0.05830	0.02573	0.00970	0.07924	0.02200	0.00552	0.00518	0.00122	0.13745	0.00390	0.07384	0.00487
18	0.00477	0.00345	0.00451	0.00535	0.00566	0.00319	0.00359	0.00547	0.00761	0.01005	0.02298	0.79736	0.08734	0.01210	0.00498	0.00157	0.00225	0.01093	0.00364	0.00319
19	0.01028	0.00860	0.00845	0.00763	0.00970	0.08653	0.00591	0.01835	0.57938	0.07765	0.01571	0.05182	0.03213	0.00560	0.00395	0.00128	0.00336	0.01381	0.05414	0.00571
20	0.00582	0.04195	0.00689	0.00628	0.00708	0.00535	0.00493	0.00718	0.00636	0.00908	0.01031	0.01519	0.00967	0.04359	0.79442	0.00601	0.01010	0.00414	0.00209	0.00355
21	0.00609	0.00460	0.00632	0.00593	0.00647	0.00501	0.03992	0.00728	0.04230	0.00883	0.01139	0.02010	0.01182	0.44601	0.32968	0.00446	0.03338	0.00496	0.00230	0.00316
22	0.02394	0.04436	0.13690	0.00837	0.01131	0.00733	0.11139	0.08816	0.04522	0.11976	0.05639	0.11542	0.06421	0.02137	0.00432	0.00126	0.00391	0.02378	0.00308	0.10952
23	0.00848	0.00844	0.01184	0.01007	0.01026	0.02369	0.03956	0.00936	0.00618	0.00942	0.00581	0.00993	0.00587	0.07152	0.01295	0.00185	0.74518	0.00364	0.00178	0.00419
24	0.00594	0.00432	0.00535	0.00578	0.00641	0.00423	0.00404	0.10007	0.00885	0.01174	0.02123	0.71450	0.07002	0.01127	0.00486	0.00153	0.00249	0.01010	0.00367	0.00359
25	0.01183	0.00905	0.00941	0.00745	0.01026	0.07085	0.00597	0.28526	0.10335	0.10986	0.01224	0.01236	0.07025	0.02047	0.00407	0.00109	0.01183	0.00368	0.00340	0.23732
26	0.05322	0.01355	0.15631	0.00945	0.01243	0.28048	0.08192	0.04122	0.08929	0.03443	0.04812	0.01020	0.00777	0.02401	0.00425	0.00117	0.02371	0.00331	0.00245	0.10270
27	0.00620	0.00476	0.00560	0.00539	0.00614	0.02529	0.00379	0.00756	0.05075	0.00987	0.08747	0.04116	0.05339	0.36185	0.23833	0.00363	0.00530	0.01936	0.00266	0.06150
28	0.00791	0.02064	0.00712	0.00697	0.00818	0.17064	0.00553	0.03372	0.03395	0.01132	0.05743	0.09588	0.12778	0.04766	0.06914	0.00192	0.00443	0.28278	0.00316	0.00385
29	0.02955	0.00635	0.00849	0.00662	0.00939	0.00551	0.00541	0.01702	0.01100	0.68131	0.12399	0.01512	0.01307	0.00517	0.00396	0.00119	0.00311	0.00426	0.00463	0.04484
30	0.02582	0.05523	0.68861	0.01088	0.03883	0.03561	0.01308	0.01227	0.00841	0.02127	0.00807	0.00991	0.02175	0.00407	0.00372	0.00123	0.00551	0.02831	0.00183	0.00559
31	0.00494	0.00349	0.00450	0.00523	0.00545	0.00330	0.00342	0.00553	0.00728	0.00969	0.03097	0.69536	0.03797	0.15430	0.00749	0.00195	0.00252	0.01013	0.00344	0.00306
32	0.00480	0.00346	0.00455	0.00541	0.00571	0.00322	0.00365	0.00552	0.00762	0.01007	0.02263	0.79701	0.07218	0.01212	0.00499	0.00158	0.00228	0.02636	0.00364	0.00320
33	0.01045	0.04610	0.02847	0.03804	0.15141	0.10627	0.12170	0.02875	0.07762	0.09570	0.07339	0.01170	0.00911	0.01744	0.00589	0.00133	0.16493	0.00390	0.00259	0.00521
34	0.00696	0.00568	0.00699	0.00771	0.08345	0.02723	0.00529	0.01707	0.14926	0.02419	0.16372	0.17819	0.12550	0.02422	0.07428	0.00183	0.00352	0.08719	0.00349	0.00425
35	0.00480	0.00354	0.00450	0.00519	0.00564	0.00324	0.00354	0.00561	0.00796	0.01047	0.07679	0.67815	0.15292	0.01164	0.00492	0.00153	0.00220	0.01044	0.00368	0.00324
36	0.01182	0.09318	0.01112	0.00929	0.05781	0.30021	0.00695	0.15323	0.09597	0.03712	0.00886	0.01036	0.00727	0.02689	0.15069	0.00205	0.00619	0.00331	0.00262	0.00506
37	0.01013	0.34967	0.20309	0.04760	0.05685	0.08016	0.00895	0.05813	0.11658	0.01208	0.01805	0.00873	0.00649	0.00392	0.00331	0.00107	0.00470	0.00290	0.00218	0.00542
38	0.00947	0.16516	0.20418	0.05356	0.15255	0.04733	0.20336	0.03554	0.02642	0.01209	0.02007	0.00926	0.00614	0.00378	0.00409	0.00119	0.03502	0.00341	0.00196	0.00543
39	0.00585	0.00506	0.04586	0.00624	0.00699	0.00514	0.00494	0.00705	0.00627	0.00895	0.01069	0.03038	0.01061	0.21193	0.57300	0.00523	0.04572	0.00455	0.00215	0.00339
40	0.02104	0.64729	0.05928	0.00754	0.01078	0.15364	0.00723	0.03595	0.00879	0.00999	0.00575	0.00661	0.00507	0.00353	0.00279	0.00090	0.00474	0.00225	0.00181	0.00503
41	0.00672	0.00631	0.04718	0.00721	0.00800	0.02736	0.00587	0.00825	0.03026	0.00944	0.00953	0.01472	0.00912	0.13004	0.46512	0.00441	0.18691	0.00413	0.01569	0.00374
42	0.02337	0.00763	0.00897	0.05530	0.01070	0.02626	0.02935	0.15180	0.05212	0.03206	0.01209	0.01466	0.08328	0.01979	0.00408	0.00105	0.01762	0.06404	0.00290	0.38292
43	0.02025	0.02725	0.01669	0.04947	0.03007	0.03770	0.45063	0.02471	0.03418	0.12619	0.04814	0.03629	0.00916	0.03837	0.02133	0.00148	0.00544	0.01486	0.00265	0.00516
44	0.00481	0.00345	0.00457	0.00541	0.00569	0.00321	0.00363	0.00555	0.00770	0.01029	0.06070	0.80510	0.04127	0.01204	0.00498	0.00157	0.00225	0.01090	0.00367	0.00321
45	0.01048	0.00828	0.00888	0.00780	0.01002	0.00938	0.00607	0.09343	0.65790	0.06824	0.01512	0.01470	0.01147	0.05421	0.00489	0.00145	0.00327	0.00439	0.00394	0.00606
46	0.00834	0.17555	0.69086	0.01035	0.01570	0.01028	0.01305	0.01229	0.00822	0.01183	0.00674	0.00791	0.00498	0.00366	0.00350	0.00117	0.00550	0.00275	0.00166	0.00565
47	0.00974	0.37522	0.33996	0.02568	0.03724	0.02064	0.01003	0.07769	0.04816	0.01218	0.00698	0.00790	0.00551	0.00372	0.00325	0.00107	0.00484	0.00271	0.00197	0.00553
48	0.00547	0.00405	0.00487	0.00483	0.00590	0.00362	0.00367	0.00688	0.00980	0.03198	0.37415	0.09847	0.34772	0.00926	0.00471	0.00134	0.00211	0.07364	0.00395	0.00357
49	0.00477	0.00344	0.00452	0.00539	0.00567	0.00319	0.00361	0.00547	0.00757	0.01004	0.02247	0.82053	0.06451	0.01217	0.00499	0.00158	0.00226	0.01101	0.00364	0.00319
50	0.00805	0.00767	0.01230	0.52717	0.24826	0.03267	0.01054	0.01040	0.00824	0.01081	0.00829	0.06582	0.00720	0.00449	0.00400	0.00129	0.00490	0.02114	0.00197	0.00478
51	0.01031	0.21947	0.44030	0.00955	0.01406	0.04310	0.01084	0.15699	0.01021	0.03996	0.00731	0.00812	0.00544	0.00386	0.00347	0.00112	0.00512	0.00284	0.00218	0.00575
52	0.00481	0.00392	0.00426	0.00431	0.00544	0.00337	0.00318	0.00593	0.00917	0.01146	0.18222	0.12491	0.60369	0.00984	0.00467	0.00134	0.00199	0.00837	0.00376	0.00337
53	0.01478	0.01056	0.01143	0.00883	0.01191	0.01161	0.00727	0.72772	0.06440	0.07590	0.01017	0.00996	0.00716	0.00475	0.00393	0.00119	0.00418	0.00361	0.00398	0.00664
