[name]
unknown

[dist]
# distance from previous block
# <min> <max>
0	11

[block]
# block no. 0 follows, 70 sequences, length 38
# corresponding to MSA columns:
# 11-48
name=unknown_A
#
# <colnr> <probs for GDERKNQSTAVLIFYWHMCP>
#	G	D	E	R	K	N	Q	S	T	A	V	L	I	F	Y	W	H	M	C	P
0	0.02636	0.00692	0.00862	0.05328	0.01028	0.01607	0.03866	0.04053	0.00858	0.08669	0.00880	0.01166	0.00745	0.06847	0.00450	0.00104	0.00337	0.03759	0.01614	0.54497
1	0.00844	0.00599	0.04586	0.00618	0.02408	0.00519	0.00495	0.05200	0.06942	0.16065	0.39937	0.02379	0.15155	0.00695	0.00429	0.00122	0.00257	0.00595	0.00402	0.01753
2	0.00462	0.00393	0.00397	0.00396	0.00526	0.00329	0.00297	0.00563	0.00892	0.01066	0.06911	0.03700	0.80805	0.00975	0.00458	0.00131	0.00196	0.00814	0.00363	0.00329
3	0.02938	0.00903	0.05420	0.06336	0.16558	0.05056	0.00767	0.04801	0.36893	0.02657	0.06886	0.04133	0.02569	0.00507	0.00392	0.00124	0.00374	0.00431	0.00316	0.01938
4	0.01461	0.01080	0.01156	0.00889	0.01197	0.01196	0.00734	0.80674	0.03833	0.02423	0.00947	0.00944	0.00672	0.00467	0.00388	0.00117	0.00424	0.00351	0.00388	0.00658
5	0.00495	0.00349	0.00442	0.00506	0.00526	0.00331	0.00327	0.00546	0.00701	0.00931	0.01955	0.62913	0.04469	0.22587	0.00865	0.00212	0.00262	0.00959	0.00329	0.00295
6	0.00472	0.00337	0.00450	0.00540	0.00562	0.00315	0.00360	0.00540	0.00742	0.00990	0.02137	0.86122	0.02564	0.01215	0.00495	0.00157	0.00225	0.01102	0.00360	0.00315
7	0.01036	0.86609	0.02032	0.00663	0.00995	0.01534	0.00663	0.01161	0.00788	0.00912	0.00539	0.00622	0.00498	0.00332	0.00249	0.00083	0.00415	0.00207	0.00166	0.00498
8	0.00964	0.00833	0.00877	0.00789	0.01008	0.00964	0.00614	0.02060	0.83257	0.01622	0.01578	0.01446	0.01183	0.00526	0.00394	0.00131	0.00307	0.00438	0.00394	0.00614
9	0.01036	0.86609	0.02032	0.00663	0.00995	0.01534	0.00663	0.01161	0.00788	0.00912	0.00539	0.00622	0.00498	0.00332	0.00249	0.00083	0.00415	0.00207	0.00166	0.00498
10	0.00520	0.00372	0.00504	0.00588	0.00633	0.00355	0.00437	0.00625	0.00802	0.01065	0.05800	0.58664	0.02517	0.01154	0.00505	0.00162	0.00261	0.24346	0.00362	0.00329
11	0.00554	0.00415	0.00623	0.00623	0.00692	0.00485	0.00485	0.00692	0.00623	0.00900	0.01038	0.01523	0.00969	0.02908	0.84839	0.00623	0.01038	0.00415	0.00208	0.00346
12	0.00960	0.00921	0.01574	0.02380	0.83957	0.00921	0.01190	0.01190	0.00883	0.01267	0.00729	0.00960	0.00614	0.00345	0.00384	0.00115	0.00461	0.00345	0.00192	0.00614
13	0.00473	0.00359	0.00432	0.00485	0.00545	0.00323	0.00334	0.00552	0.00795	0.01018	0.05107	0.52996	0.30255	0.03774	0.00527	0.00154	0.00219	0.00977	0.00358	0.00318
14	0.00954	0.00793	0.00843	0.00752	0.00950	0.00907	0.00577	0.08928	0.64866	0.01578	0.01470	0.01533	0.01161	0.10815	0.01983	0.00168	0.00338	0.00445	0.00372	0.00568
15	0.00625	0.00446	0.00625	0.00714	0.00803	0.00446	0.00625	0.00803	0.00892	0.01160	0.02053	0.04373	0.02231	0.01071	0.00535	0.00178	0.00357	0.81348	0.00357	0.00357
16	0.00863	0.00906	0.01571	0.01230	0.01376	0.01089	0.30705	0.01038	0.00712	0.01045	0.00627	0.00942	0.00553	0.00622	0.03694	0.00170	0.51833	0.00385	0.00181	0.00458
17	0.01709	0.00651	0.00884	0.00680	0.00974	0.00564	0.00561	0.01860	0.01101	0.81741	0.01522	0.01323	0.00961	0.00479	0.00386	0.00119	0.00325	0.00389	0.03122	0.00651
18	0.01708	0.00653	0.00890	0.00684	0.00979	0.00564	0.00564	0.01859	0.01109	0.82031	0.03712	0.01361	0.01031	0.00488	0.00392	0.00120	0.00326	0.00398	0.00478	0.00652
19	0.00536	0.00396	0.00501	0.00475	0.00572	0.00361	0.00356	0.00708	0.01069	0.01486	0.72964	0.03009	0.14489	0.00818	0.00457	0.00123	0.00185	0.00717	0.00418	0.00361
20	0.00706	0.00639	0.00735	0.00688	0.00730	0.08246	0.00516	0.00789	0.00702	0.00949	0.09227	0.09976	0.01343	0.23230	0.17205	0.00297	0.22922	0.00514	0.00241	0.00346
21	0.02190	0.06155	0.02850	0.06253	0.25922	0.00886	0.13763	0.03598	0.16080	0.04406	0.03717	0.04189	0.05322	0.00481	0.00401	0.00124	0.00424	0.02428	0.00269	0.00542
22	0.01149	0.01351	0.01152	0.01027	0.02548	0.44406	0.03535	0.01251	0.00870	0.00951	0.00600	0.00843	0.00544	0.03220	0.02141	0.00145	0.33335	0.00305	0.00189	0.00437
23	0.00561	0.00380	0.00449	0.00456	0.00466	0.00386	0.00276	0.00583	0.00587	0.00788	0.01265	0.05625	0.01438	0.72530	0.09701	0.00385	0.00432	0.03199	0.00241	0.00252
24	0.00840	0.00709	0.00897	0.06910	0.08047	0.00591	0.00573	0.03331	0.00842	0.02906	0.00757	0.03246	0.00639	0.00334	0.00313	0.00073	0.00322	0.00279	0.00235	0.68155
25	0.02472	0.41884	0.11107	0.00903	0.04590	0.14878	0.04619	0.04832	0.07532	0.02845	0.00707	0.00785	0.00577	0.00372	0.00315	0.00100	0.00480	0.00269	0.00209	0.00523
26	0.01123	0.00600	0.00746	0.00622	0.00829	0.00572	0.00495	0.08510	0.08883	0.33634	0.29820	0.02049	0.09174	0.00634	0.00419	0.00122	0.00274	0.00535	0.00435	0.00526
27	0.00887	0.07029	0.20176	0.01860	0.07060	0.09289	0.06834	0.02322	0.05883	0.01224	0.04731	0.02735	0.02584	0.02022	0.00396	0.00108	0.01409	0.00343	0.00228	0.22880
28	0.00680	0.00437	0.00559	0.00512	0.00628	0.00409	0.00389	0.00899	0.04691	0.08919	0.67700	0.02636	0.04420	0.00740	0.00440	0.00121	0.00202	0.00648	0.04569	0.00402
29	0.00860	0.00895	0.13713	0.00914	0.10594	0.00752	0.00724	0.16263	0.13075	0.01603	0.26077	0.03117	0.06862	0.00588	0.00410	0.00122	0.00340	0.00499	0.02080	0.00514
30	0.00555	0.00411	0.00599	0.00599	0.00660	0.00472	0.00455	0.00677	0.00616	0.00882	0.01060	0.01645	0.01022	0.12958	0.74861	0.00593	0.00959	0.00433	0.00211	0.00333
31	0.07025	0.00874	0.03868	0.12225	0.48944	0.02662	0.00996	0.03909	0.00902	0.05135	0.04852	0.05231	0.00843	0.00428	0.00383	0.00120	0.00433	0.00389	0.00232	0.00550
32	0.00554	0.00403	0.00568	0.00570	0.00621	0.00452	0.00418	0.00656	0.00611	0.00865	0.01116	0.04185	0.01126	0.23920	0.61532	0.00547	0.00848	0.00472	0.00219	0.00317
33	0.00993	0.00918	0.00975	0.01004	0.11715	0.07704	0.00693	0.01878	0.64464	0.01511	0.01434	0.01366	0.02605	0.00501	0.00391	0.00127	0.00356	0.00418	0.00352	0.00595
34	0.01448	0.01848	0.01099	0.00999	0.01199	0.84819	0.00749	0.01548	0.01099	0.00949	0.00599	0.00699	0.00499	0.00400	0.00350	0.00100	0.00699	0.00250	0.00200	0.00449
35	0.00732	0.00689	0.01163	0.85444	0.02670	0.00861	0.01077	0.00991	0.00775	0.00991	0.00689	0.01034	0.00517	0.00388	0.00388	0.00129	0.00517	0.00345	0.00172	0.00431
36	0.01180	0.00940	0.00998	0.00833	0.01090	0.01065	0.00666	0.36262	0.48703	0.01970	0.01303	0.01228	0.00961	0.00500	0.00392	0.00125	0.00358	0.00400	0.00392	0.00633
37	0.02485	0.00761	0.02904	0.02080	0.04519	0.00649	0.00557	0.13546	0.00979	0.08787	0.00979	0.01102	0.04554	0.04744	0.00412	0.00098	0.00331	0.00315	0.00279	0.49920

[dist]
# distance from previous block
# <min> <max>
0	1

[block]
# block no. 1 follows, 70 sequences, length 48
# corresponding to MSA columns:
# 50-97
name=unknown_B
#
# <colnr> <probs for GDERKNQSTAVLIFYWHMCP>
#	G	D	E	R	K	N	Q	S	T	A	V	L	I	F	Y	W	H	M	C	P
0	0.03263	0.10353	0.09350	0.01173	0.01510	0.06323	0.35625	0.12745	0.02366	0.05034	0.00857	0.04850	0.00689	0.00448	0.01501	0.00129	0.02608	0.00403	0.00241	0.00530
1	0.00671	0.00546	0.00779	0.01008	0.18423	0.02377	0.00650	0.00817	0.00827	0.01099	0.01675	0.23226	0.01841	0.07775	0.02110	0.00182	0.00368	0.34927	0.00307	0.00394
2	0.01948	0.00844	0.02397	0.04510	0.34709	0.00882	0.03353	0.10093	0.17095	0.01462	0.10054	0.02703	0.02436	0.00525	0.01872	0.00132	0.03719	0.00425	0.00283	0.00558
3	0.00521	0.00358	0.00435	0.00477	0.00487	0.00348	0.00293	0.00553	0.00646	0.00862	0.01645	0.41214	0.01944	0.46969	0.01289	0.00275	0.00306	0.00813	0.00293	0.00272
4	0.01397	0.01670	0.01080	0.00966	0.01178	0.68351	0.00733	0.08570	0.10261	0.01152	0.00736	0.00802	0.00589	0.00419	0.00358	0.00105	0.00632	0.00279	0.00237	0.00486
5	0.01917	0.02327	0.11959	0.11312	0.30867	0.02814	0.08450	0.03907	0.00889	0.06604	0.00967	0.09774	0.02165	0.00474	0.00422	0.00124	0.02865	0.00429	0.00232	0.01502
6	0.01026	0.12599	0.39810	0.02535	0.07168	0.02271	0.03339	0.01347	0.02916	0.17197	0.00899	0.00957	0.01613	0.00391	0.00359	0.00114	0.00477	0.00313	0.00240	0.04431
7	0.03562	0.00704	0.00919	0.00706	0.01006	0.00639	0.00583	0.09915	0.01171	0.74339	0.01449	0.01266	0.00918	0.00476	0.00386	0.00120	0.00339	0.00382	0.00466	0.00655
8	0.00490	0.00392	0.00443	0.00439	0.00548	0.00347	0.00327	0.00611	0.00914	0.01168	0.25070	0.07138	0.52469	0.02464	0.05298	0.00162	0.00245	0.00773	0.00367	0.00337
9	0.01063	0.28175	0.24703	0.00886	0.02699	0.07507	0.03397	0.06406	0.02271	0.11201	0.02945	0.03618	0.01617	0.00428	0.00355	0.00110	0.01515	0.00327	0.00240	0.00538
10	0.00670	0.00339	0.00509	0.00509	0.00511	0.00341	0.00341	0.00511	0.00509	0.00680	0.00684	0.01189	0.00682	0.01393	0.03985	0.86109	0.00358	0.00339	0.00170	0.00174
11	0.00475	0.00346	0.00447	0.00522	0.00559	0.00319	0.00353	0.00551	0.00774	0.01023	0.06303	0.73365	0.11197	0.01169	0.00489	0.00153	0.00220	0.01053	0.00363	0.00319
12	0.00903	0.00992	0.09640	0.11252	0.49498	0.00900	0.11799	0.02558	0.01875	0.01250	0.00764	0.00997	0.00614	0.00417	0.02365	0.00131	0.00506	0.00358	0.02614	0.00565
13	0.03119	0.10076	0.23298	0.02129	0.12008	0.02601	0.07452	0.08150	0.06259	0.05428	0.00899	0.03363	0.01446	0.04352	0.01491	0.00135	0.03014	0.00360	0.00984	0.03435
14	0.00900	0.01153	0.11442	0.01575	0.01987	0.00971	0.73502	0.01240	0.00904	0.01240	0.00774	0.01020	0.00577	0.00331	0.00448	0.00130	0.00645	0.00438	0.00192	0.00528
15	0.00494	0.00385	0.00420	0.00423	0.00511	0.00342	0.00296	0.00579	0.00830	0.01042	0.13367	0.09701	0.49174	0.19798	0.00795	0.00186	0.00236	0.00769	0.00341	0.00311
16	0.03051	0.07709	0.09693	0.07334	0.11487	0.11164	0.05406	0.17842	0.04150	0.06517	0.00917	0.07189	0.00762	0.00472	0.00407	0.00119	0.03376	0.00383	0.01483	0.00538
17	0.00938	0.00684	0.02222	0.00840	0.06082	0.00716	0.02241	0.16575	0.05106	0.11552	0.03336	0.27303	0.01410	0.01824	0.07230	0.00180	0.09202	0.01745	0.00333	0.00480
18	0.00480	0.00342	0.00456	0.00544	0.00568	0.00321	0.00367	0.00551	0.00744	0.00991	0.02112	0.81021	0.02524	0.03201	0.00531	0.00163	0.00234	0.04178	0.00357	0.00315
19	0.51823	0.00906	0.08911	0.02712	0.04852	0.00873	0.00628	0.10928	0.00889	0.13160	0.00751	0.00804	0.00541	0.00390	0.00301	0.00120	0.00358	0.00268	0.00279	0.00506
20	0.01122	0.21558	0.16704	0.00954	0.02660	0.20876	0.05941	0.10387	0.07163	0.03701	0.00793	0.03121	0.00643	0.00419	0.00370	0.00110	0.02402	0.00315	0.00232	0.00529
21	0.00471	0.00342	0.00445	0.00527	0.00559	0.00316	0.00354	0.00541	0.00755	0.00995	0.02295	0.78834	0.09750	0.01194	0.00492	0.00155	0.00222	0.01077	0.00360	0.00316
22	0.00821	0.00758	0.01219	0.61745	0.14505	0.00896	0.02232	0.05055	0.06772	0.01151	0.00772	0.01047	0.00587	0.00394	0.00389	0.00127	0.00491	0.00353	0.00202	0.00483
23	0.00559	0.00378	0.00437	0.00439	0.00448	0.00379	0.00257	0.00576	0.00596	0.00800	0.04325	0.04868	0.02578	0.75355	0.06165	0.00370	0.00397	0.00580	0.00246	0.00249
24	0.02287	0.00914	0.02465	0.00845	0.02283	0.01005	0.01529	0.27289	0.48083	0.03591	0.01329	0.03312	0.01007	0.00547	0.01604	0.00134	0.00364	0.00418	0.00379	0.00614
25	0.03886	0.10342	0.14261	0.01025	0.09662	0.06044	0.05982	0.09620	0.10670	0.08906	0.00926	0.02886	0.00730	0.00430	0.00389	0.00113	0.02991	0.01520	0.00266	0.09351
26	0.00933	0.38914	0.41602	0.00913	0.02505	0.02663	0.01041	0.02430	0.02513	0.02302	0.00659	0.00754	0.00519	0.00359	0.00317	0.00105	0.00493	0.00258	0.00178	0.00542
27	0.00795	0.07634	0.78889	0.01076	0.01632	0.00943	0.01381	0.01223	0.00816	0.01207	0.00685	0.00805	0.00492	0.00366	0.00360	0.00120	0.00562	0.00281	0.00164	0.00568
28	0.00470	0.00388	0.00413	0.00419	0.00534	0.00331	0.00310	0.00576	0.00895	0.01102	0.13231	0.11864	0.66162	0.00983	0.00462	0.00132	0.00198	0.00833	0.00368	0.00331
29	0.03758	0.10744	0.29874	0.03511	0.05373	0.04468	0.06817	0.09781	0.00992	0.16195	0.02217	0.01903	0.01827	0.00416	0.00368	0.00117	0.00477	0.00338	0.00261	0.00564
30	0.00555	0.00410	0.00595	0.00595	0.00654	0.00469	0.00449	0.00674	0.00615	0.00879	0.01064	0.01666	0.01031	0.14689	0.73143	0.00588	0.00945	0.00436	0.00212	0.00330
31	0.00477	0.00342	0.00453	0.00538	0.00567	0.00319	0.00364	0.00550	0.00756	0.01006	0.03743	0.80431	0.04867	0.01197	0.00494	0.00156	0.00226	0.02835	0.00361	0.00317
32	0.00929	0.00870	0.02537	0.22480	0.43079	0.00907	0.09343	0.02945	0.02278	0.04665	0.00787	0.02233	0.00635	0.00393	0.00433	0.00124	0.04233	0.00370	0.00208	0.00549
33	0.00988	0.01172	0.14750	0.10237	0.28887	0.09712	0.06118	0.06507	0.15204	0.01333	0.00869	0.01005	0.00672	0.00397	0.00385	0.00120	0.00493	0.00349	0.00234	0.00568
34	0.01109	0.01100	0.22315	0.00935	0.05262	0.03552	0.03574	0.03587	0.20240	0.23416	0.07396	0.01307	0.02137	0.00481	0.00406	0.00124	0.01748	0.00397	0.00333	0.00583
35	0.00492	0.00381	0.00452	0.00464	0.00555	0.00341	0.00338	0.00610	0.00906	0.01181	0.27405	0.22886	0.37783	0.01043	0.03238	0.00151	0.00227	0.00837	0.00375	0.00337
36	0.07603	0.00742	0.00853	0.00670	0.04005	0.00629	0.00514	0.09342	0.00905	0.02887	0.00719	0.00818	0.00579	0.00316	0.00299	0.00071	0.00309	0.00247	0.00250	0.68239
37	0.00643	0.00547	0.00934	0.00797	0.00918	0.00575	0.17625	0.00792	0.00684	0.00960	0.01054	0.01726	0.01020	0.20350	0.42867	0.00431	0.02460	0.03235	0.02019	0.00361
38	0.00488	0.00348	0.00456	0.00534	0.00560	0.00329	0.00359	0.00555	0.00730	0.00972	0.02047	0.71932	0.03576	0.09658	0.02324	0.00189	0.00261	0.04029	0.00344	0.00309
39	0.03246	0.00707	0.00816	0.00594	0.00926	0.00566	0.00476	0.03303	0.02265	0.01310	0.00704	0.00815	0.00582	0.00306	0.00309	0.00064	0.01928	0.00238	0.00236	0.80610
40	0.02202	0.13324	0.18932	0.02242	0.16211	0.04240	0.08562	0.05388	0.00943	0.15922	0.02014	0.02171	0.00700	0.00450	0.02153	0.00124	0.00479	0.00340	0.00251	0.03352
41	0.01138	0.18135	0.27693	0.03484	0.07732	0.07469	0.03043	0.06675	0.04606	0.11665	0.02796	0.01039	0.00749	0.00446	0.00385	0.00125	0.00502	0.00336	0.00267	0.01716
42	0.00563	0.00424	0.00623	0.00619	0.00681	0.00496	0.00476	0.00689	0.00618	0.00890	0.01038	0.01581	0.00990	0.09168	0.76274	0.00592	0.03307	0.00425	0.00209	0.00340
43	0.00501	0.00359	0.00438	0.00484	0.00520	0.00338	0.00317	0.00552	0.00711	0.00927	0.02145	0.45820	0.16219	0.23944	0.02771	0.02185	0.00281	0.00877	0.00319	0.00293
44	0.02857	0.14084	0.33957	0.01166	0.11959	0.05375	0.07817	0.02714	0.07467	0.03445	0.03522	0.00951	0.00691	0.00395	0.00378	0.00117	0.02017	0.00324	0.00213	0.00551
45	0.00632	0.01837	0.00630	0.00591	0.00654	0.00512	0.00439	0.03356	0.00658	0.02724	0.01076	0.03568	0.01068	0.22867	0.51005	0.03972	0.03396	0.00455	0.00226	0.00333
46	0.00469	0.00359	0.00432	0.00489	0.00552	0.00321	0.00340	0.00550	0.00796	0.01013	0.02785	0.55073	0.32011	0.01128	0.00482	0.00148	0.00216	0.02156	0.00360	0.00320
47	0.04041	0.01079	0.12101	0.08001	0.21233	0.02812	0.05788	0.26839	0.01184	0.09800	0.01801	0.00990	0.00667	0.00410	0.00382	0.00119	0.00461	0.00348	0.01353	0.00592

[dist]
# distance from previous block
# <min> <max>
0	2

[block]
# block no. 2 follows, 70 sequences, length 13
# corresponding to MSA columns:
# 100-112
name=unknown_C
#
# <colnr> <probs for GDERKNQSTAVLIFYWHMCP>
#	G	D	E	R	K	N	Q	S	T	A	V	L	I	F	Y	W	H	M	C	P
0	0.09522	0.18582	0.14746	0.03099	0.03434	0.07717	0.10403	0.02700	0.21812	0.03009	0.00897	0.00958	0.00690	0.00401	0.00349	0.00116	0.00455	0.00325	0.00248	0.00538
1	0.00577	0.00389	0.00451	0.00444	0.00475	0.00380	0.00273	0.00619	0.00645	0.00900	0.07876	0.07300	0.01582	0.62693	0.04400	0.00320	0.00358	0.00575	0.05763	0.03981
2	0.00978	0.00944	0.04641	0.08509	0.46395	0.00927	0.11453	0.09929	0.03466	0.02542	0.00828	0.02652	0.00672	0.00392	0.00406	0.00120	0.01684	0.00376	0.02508	0.00577
3	0.00513	0.00359	0.00467	0.00533	0.00578	0.00333	0.00370	0.00596	0.00786	0.02745	0.07464	0.65612	0.09034	0.03726	0.00534	0.00160	0.00234	0.05266	0.00363	0.00326
4	0.01020	0.27525	0.02812	0.09027	0.14374	0.14073	0.00773	0.07033	0.03681	0.01159	0.02841	0.01036	0.03450	0.02954	0.00410	0.00114	0.02974	0.00321	0.03927	0.00495
5	0.00804	0.00689	0.00804	0.00574	0.00919	0.00517	0.00459	0.00976	0.00804	0.01263	0.00689	0.00804	0.00574	0.00287	0.00287	0.00057	0.00287	0.00230	0.00230	0.88745
6	0.02965	0.16602	0.20784	0.02879	0.11799	0.07239	0.04099	0.12351	0.02212	0.09581	0.00811	0.00896	0.00609	0.00387	0.00349	0.00110	0.00469	0.00306	0.03181	0.02370
7	0.01015	0.11976	0.37025	0.01103	0.08973	0.07435	0.02355	0.12937	0.07063	0.03133	0.00785	0.00876	0.00591	0.00399	0.00384	0.00116	0.02731	0.00306	0.00226	0.00571
8	0.00885	0.03665	0.19809	0.01454	0.01858	0.00992	0.57622	0.01217	0.00870	0.01210	0.00741	0.00972	0.00560	0.00358	0.00484	0.00130	0.06053	0.00406	0.00187	0.00527
9	0.00495	0.00390	0.00442	0.00437	0.00543	0.00342	0.00323	0.00618	0.00942	0.01217	0.32400	0.08732	0.47342	0.03432	0.00505	0.00137	0.00199	0.00787	0.00380	0.00338
10	0.00963	0.03071	0.11291	0.05182	0.25706	0.06050	0.08813	0.09187	0.08303	0.03479	0.03736	0.02389	0.03490	0.04081	0.02451	0.00142	0.00478	0.00398	0.00250	0.00541
11	0.00524	0.00378	0.00478	0.00499	0.00543	0.00377	0.00340	0.00598	0.00702	0.00943	0.08129	0.24442	0.11295	0.29152	0.19524	0.00325	0.00446	0.00713	0.00291	0.00301
12	0.03554	0.02367	0.09777	0.00856	0.04361	0.03261	0.02611	0.27198	0.14741	0.01630	0.04448	0.08155	0.05840	0.04104	0.05195	0.00162	0.00426	0.00464	0.00321	0.00529

[dist]
# distance from previous block
# <min> <max>
2	17

[block]
# block no. 3 follows, 70 sequences, length 46
# corresponding to MSA columns:
# 130-175
name=unknown_D
#
# <colnr> <probs for GDERKNQSTAVLIFYWHMCP>
#	G	D	E	R	K	N	Q	S	T	A	V	L	I	F	Y	W	H	M	C	P
0	0.11218	0.06101	0.13414	0.00743	0.00945	0.02768	0.07154	0.00917	0.00708	0.02325	0.01969	0.02956	0.00892	0.15337	0.29742	0.00335	0.01462	0.00398	0.00215	0.00402
1	0.02444	0.30257	0.21099	0.00917	0.03076	0.14733	0.00888	0.05051	0.04225	0.02812	0.00667	0.00777	0.00544	0.00410	0.00432	0.00111	0.10570	0.00271	0.00199	0.00516
2	0.00503	0.00360	0.00435	0.00478	0.00512	0.00338	0.00310	0.00557	0.00719	0.00942	0.05070	0.43451	0.14677	0.28707	0.00966	0.00223	0.00268	0.00870	0.00322	0.00293
3	0.15776	0.18623	0.12528	0.02021	0.07282	0.10549	0.03581	0.05712	0.07736	0.02304	0.03777	0.00941	0.01687	0.00457	0.01721	0.00122	0.04137	0.00307	0.00232	0.00506
4	0.00495	0.00372	0.00435	0.00476	0.00557	0.00328	0.00338	0.00581	0.00820	0.02782	0.02976	0.43712	0.41234	0.01086	0.00476	0.00144	0.00216	0.02281	0.00362	0.00329
5	0.00834	0.01148	0.27023	0.01036	0.09010	0.04251	0.05752	0.04540	0.12576	0.02903	0.04168	0.14624	0.03266	0.02256	0.01979	0.00143	0.03221	0.00494	0.00266	0.00510
6	0.00583	0.00420	0.00487	0.00468	0.00593	0.00374	0.00359	0.00740	0.02648	0.05726	0.32208	0.03257	0.43160	0.00875	0.00454	0.00129	0.00210	0.05220	0.01721	0.00367
7	0.00987	0.01022	0.13710	0.06169	0.22302	0.03865	0.04736	0.10968	0.04458	0.07004	0.05779	0.02243	0.01719	0.00490	0.01467	0.00129	0.07020	0.00382	0.05005	0.00543
8	0.89114	0.00750	0.00570	0.00510	0.00750	0.00870	0.00420	0.01140	0.00660	0.01739	0.00540	0.00630	0.00420	0.00360	0.00240	0.00120	0.00300	0.00210	0.00240	0.00420
9	0.00824	0.06972	0.01032	0.01137	0.23954	0.03633	0.02105	0.07224	0.07011	0.01230	0.01316	0.31538	0.01375	0.03615	0.00464	0.00135	0.00357	0.00615	0.01223	0.04240
10	0.00673	0.00337	0.00505	0.00505	0.00505	0.00337	0.00337	0.00505	0.00505	0.00673	0.00673	0.01178	0.00673	0.01347	0.01515	0.88721	0.00337	0.00337	0.00168	0.00168
11	0.00887	0.04473	0.10557	0.05197	0.23026	0.03911	0.07927	0.07313	0.02427	0.04175	0.10429	0.03897	0.07535	0.02356	0.04069	0.00147	0.00454	0.00449	0.00262	0.00509
12	0.02703	0.43260	0.20024	0.00844	0.03946	0.02604	0.04415	0.01152	0.03229	0.01137	0.12374	0.01042	0.00969	0.00413	0.00324	0.00103	0.00429	0.00318	0.00213	0.00502
13	0.00918	0.00783	0.00837	0.00758	0.00962	0.00897	0.00589	0.01908	0.73802	0.01608	0.09764	0.01636	0.01446	0.00561	0.00403	0.00131	0.00295	0.01719	0.00397	0.00585
14	0.00508	0.00435	0.00442	0.00435	0.00574	0.00389	0.00330	0.00701	0.08598	0.01103	0.03676	0.03528	0.74710	0.00941	0.00454	0.00132	0.00209	0.02118	0.00363	0.00355
15	0.00527	0.00369	0.00480	0.00535	0.00587	0.00335	0.00365	0.00595	0.00750	0.02689	0.02056	0.70805	0.06263	0.02482	0.00536	0.03156	0.00236	0.00984	0.00346	0.05904
16	0.00554	0.00415	0.00623	0.00623	0.00692	0.00485	0.00485	0.00692	0.00623	0.00900	0.01038	0.01523	0.00969	0.02908	0.84839	0.00623	0.01038	0.00415	0.00208	0.00346
17	0.00778	0.02005	0.84367	0.01105	0.01678	0.00900	0.01432	0.01228	0.00818	0.01228	0.00696	0.00818	0.00491	0.00368	0.00368	0.00123	0.00573	0.00286	0.00164	0.00573
18	0.00458	0.00393	0.00393	0.00393	0.00524	0.00327	0.00295	0.00556	0.00884	0.01047	0.03927	0.03731	0.83800	0.00982	0.00458	0.00131	0.00196	0.00818	0.00360	0.00327
19	0.00786	0.00675	0.00806	0.00597	0.00905	0.00543	0.00478	0.00952	0.00781	0.01221	0.00708	0.00862	0.00602	0.00508	0.06919	0.00106	0.04043	0.00249	0.00225	0.78031
20	0.00484	0.00372	0.00445	0.00482	0.00559	0.00333	0.00346	0.00585	0.00856	0.01103	0.14912	0.38269	0.34500	0.01055	0.00477	0.00143	0.00213	0.04168	0.00370	0.00329
21	0.00472	0.00337	0.00450	0.00540	0.00562	0.00315	0.00360	0.00540	0.00742	0.00990	0.02137	0.86122	0.02564	0.01215	0.00495	0.00157	0.00225	0.01102	0.00360	0.00315
22	0.01668	0.00775	0.00971	0.00744	0.01047	0.00741	0.00615	0.23719	0.01302	0.62123	0.01368	0.01214	0.00878	0.00476	0.00389	0.00119	0.00356	0.00379	0.00455	0.00660
23	0.00471	0.00342	0.00445	0.00527	0.00559	0.00316	0.00354	0.00541	0.00754	0.00995	0.02291	0.79043	0.09544	0.01195	0.00492	0.00155	0.00222	0.01078	0.00360	0.00316
24	0.00509	0.00389	0.00468	0.00461	0.00558	0.00347	0.00341	0.00651	0.00986	0.01319	0.47462	0.12089	0.31208	0.00903	0.00462	0.00129	0.00192	0.00784	0.00397	0.00347
25	0.01474	0.01086	0.01163	0.00892	0.01202	0.01202	0.00737	0.82664	0.01823	0.02443	0.00931	0.00931	0.00659	0.00465	0.00388	0.00116	0.00427	0.00349	0.00388	0.00659
26	0.00815	0.01934	0.79383	0.01104	0.01663	0.00891	0.03441	0.01251	0.00831	0.04132	0.00727	0.00842	0.00510	0.00371	0.00371	0.00123	0.00566	0.00294	0.00176	0.00575
27	0.03184	0.00659	0.00874	0.00676	0.00964	0.00585	0.00557	0.04474	0.01109	0.75667	0.01479	0.01302	0.00942	0.00476	0.00381	0.00118	0.00325	0.00384	0.05208	0.00640
28	0.00554	0.00414	0.00617	0.00617	0.00685	0.00481	0.00477	0.00689	0.00621	0.00896	0.01044	0.01552	0.00982	0.05316	0.82448	0.00616	0.01019	0.00420	0.00208	0.00343
29	0.00564	0.00376	0.00423	0.00423	0.00423	0.00376	0.00235	0.00564	0.00564	0.00752	0.01222	0.02537	0.01409	0.86375	0.01973	0.00376	0.00376	0.00564	0.00235	0.00235
30	0.00919	0.00880	0.01500	0.17160	0.69493	0.00910	0.01170	0.01154	0.00864	0.01217	0.00722	0.00973	0.00597	0.00353	0.00384	0.00118	0.00471	0.00345	0.00188	0.00581
31	0.00563	0.00377	0.00429	0.00429	0.00430	0.00379	0.00242	0.00567	0.00565	0.00756	0.01216	0.02508	0.01397	0.84011	0.04321	0.00383	0.00395	0.00560	0.00234	0.00238
32	0.00551	0.00405	0.00517	0.00490	0.00587	0.00376	0.00370	0.00744	0.02645	0.01508	0.74237	0.02963	0.09985	0.00808	0.00458	0.00124	0.00190	0.02255	0.00419	0.00367
33	0.01017	0.80160	0.08307	0.00697	0.01047	0.01486	0.00722	0.01166	0.00790	0.00936	0.00551	0.00637	0.00497	0.00334	0.00258	0.00086	0.00427	0.00213	0.00166	0.00503
34	0.00945	0.02598	0.00928	0.00876	0.06463	0.00945	0.00640	0.01920	0.72337	0.01571	0.03750	0.01480	0.02769	0.00526	0.00394	0.00129	0.00314	0.00442	0.00377	0.00599
35	0.01065	0.63712	0.05258	0.00869	0.07220	0.11187	0.02353	0.01228	0.02242	0.00974	0.00589	0.00686	0.00520	0.00345	0.00282	0.00091	0.00461	0.00235	0.00176	0.00506
36	0.00673	0.00337	0.00505	0.00505	0.00505	0.00337	0.00337	0.00505	0.00505	0.00673	0.00673	0.01178	0.00673	0.01347	0.01515	0.88721	0.00337	0.00337	0.00168	0.00168
37	0.01198	0.23303	0.01324	0.00933	0.06614	0.25563	0.00718	0.15110	0.16630	0.01355	0.03105	0.00936	0.00749	0.00424	0.00344	0.00106	0.00476	0.00310	0.00265	0.00537
38	0.00587	0.00461	0.00606	0.00610	0.00679	0.02858	0.00462	0.02158	0.00693	0.00955	0.01363	0.14708	0.05679	0.06131	0.55874	0.00469	0.02407	0.01651	0.01302	0.00346
39	0.00985	0.53929	0.26434	0.00813	0.01207	0.04774	0.00893	0.01236	0.03405	0.02283	0.00636	0.00720	0.00524	0.00354	0.00295	0.00098	0.00469	0.00243	0.00179	0.00524
40	0.69795	0.00946	0.02316	0.01729	0.00867	0.14394	0.00506	0.01195	0.00735	0.01572	0.00575	0.01764	0.00464	0.00382	0.00279	0.00118	0.01471	0.00233	0.00232	0.00426
41	0.00917	0.01039	0.02249	0.01674	0.06432	0.00977	0.78174	0.01239	0.00913	0.01243	0.00781	0.01041	0.00590	0.00328	0.00454	0.00130	0.00643	0.00451	0.00196	0.00528
42	0.00681	0.01981	0.12460	0.03818	0.04046	0.00537	0.00606	0.01864	0.01928	0.06006	0.20241	0.14879	0.08109	0.06569	0.12639	0.00217	0.00424	0.02276	0.00309	0.00411
43	0.00916	0.07880	0.65538	0.01129	0.04355	0.00959	0.02416	0.02329	0.00912	0.03761	0.05268	0.01059	0.00766	0.00449	0.00405	0.00135	0.00556	0.00340	0.00222	0.00604
44	0.02348	0.00830	0.01180	0.09532	0.13797	0.11041	0.17257	0.01917	0.00889	0.06903	0.01337	0.24174	0.05838	0.00635	0.00427	0.00131	0.00444	0.00589	0.00270	0.00460
45	0.01557	0.00649	0.00854	0.00667	0.00943	0.00577	0.00547	0.06464	0.01133	0.68278	0.06272	0.01574	0.07596	0.00536	0.00399	0.00121	0.00317	0.00438	0.00462	0.00617

[dist]
# distance from previous block
# <min> <max>
0	1

[block]
# block no. 4 follows, 70 sequences, length 39
# corresponding to MSA columns:
# 195-233
name=unknown_E
#
# <colnr> <probs for GDERKNQSTAVLIFYWHMCP>
#	G	D	E	R	K	N	Q	S	T	A	V	L	I	F	Y	W	H	M	C	P
0	0.03038	0.14123	0.14404	0.03949	0.06661	0.02392	0.16436	0.06626	0.04616	0.08497	0.00917	0.04795	0.02186	0.00458	0.00469	0.00124	0.09159	0.00382	0.00240	0.00528
1	0.00954	0.00952	0.03927	0.02343	0.81618	0.00921	0.01197	0.01191	0.00881	0.01265	0.00728	0.00956	0.00611	0.00346	0.00383	0.00115	0.00464	0.00344	0.00191	0.00613
2	0.07710	0.00659	0.00772	0.00634	0.00873	0.02989	0.00511	0.01624	0.10832	0.48285	0.06256	0.01380	0.01099	0.00489	0.00364	0.00116	0.00304	0.00393	0.14144	0.00567
3	0.00877	0.03136	0.12895	0.10934	0.25726	0.00796	0.05513	0.03917	0.04592	0.06690	0.02708	0.14370	0.02970	0.00538	0.00413	0.00126	0.01440	0.00483	0.01356	0.00520
4	0.00970	0.02501	0.21484	0.05052	0.24504	0.00946	0.18950	0.01339	0.10352	0.02829	0.01010	0.04329	0.00837	0.00478	0.00440	0.00141	0.00528	0.02455	0.00253	0.00600
5	0.00472	0.00337	0.00450	0.00540	0.00562	0.00315	0.00360	0.00540	0.00742	0.00990	0.02137	0.86122	0.02564	0.01215	0.00495	0.00157	0.00225	0.01102	0.00360	0.00315
6	0.00530	0.00407	0.00460	0.00486	0.00537	0.01955	0.00329	0.00594	0.00748	0.00959	0.05738	0.29345	0.23214	0.27622	0.00956	0.00217	0.01685	0.03600	0.00318	0.00301
7	0.04347	0.19165	0.22400	0.03655	0.08457	0.04733	0.08694	0.08391	0.04481	0.07998	0.00783	0.00884	0.00594	0.00391	0.00384	0.00115	0.03435	0.00311	0.00230	0.00552
8	0.05556	0.01436	0.01065	0.00931	0.01123	0.53504	0.02289	0.01479	0.01001	0.14139	0.00746	0.00852	0.00587	0.01944	0.00502	0.00119	0.11719	0.00291	0.00242	0.00476
9	0.36397	0.07372	0.11197	0.01016	0.12123	0.18361	0.06053	0.01250	0.00826	0.01358	0.00612	0.00737	0.00487	0.00363	0.00312	0.00114	0.00468	0.00261	0.00208	0.00483
10	0.00612	0.00374	0.00396	0.00402	0.00499	0.00348	0.00296	0.00749	0.00838	0.02364	0.05171	0.12109	0.28508	0.02023	0.00392	0.00117	0.00196	0.00613	0.43645	0.00347
11	0.01169	0.00844	0.00947	0.01749	0.05077	0.09132	0.01678	0.15168	0.07004	0.20967	0.11559	0.03604	0.04831	0.00541	0.00454	0.00118	0.06340	0.00430	0.00351	0.08038
12	0.00564	0.00376	0.00423	0.00423	0.00423	0.00376	0.00235	0.00564	0.00564	0.00752	0.01222	0.02537	0.01409	0.86375	0.01973	0.00376	0.00376	0.00564	0.00235	0.00235
13	0.01451	0.01051	0.01132	0.00873	0.01177	0.01158	0.00719	0.76266	0.03826	0.05229	0.01025	0.01011	0.02278	0.00477	0.00389	0.00117	0.00416	0.00362	0.00391	0.00652
14	0.00792	0.06596	0.79899	0.01081	0.01641	0.00935	0.01391	0.01224	0.00817	0.01211	0.00687	0.00808	0.00491	0.00366	0.00362	0.00121	0.00564	0.00282	0.00164	0.00569
15	0.00564	0.00376	0.00423	0.00423	0.00423	0.00376	0.00235	0.00564	0.00564	0.00752	0.01222	0.02537	0.01409	0.86375	0.01973	0.00376	0.00376	0.00564	0.00235	0.00235
16	0.89114	0.00750	0.00570	0.00510	0.00750	0.00870	0.00420	0.01140	0.00660	0.01739	0.00540	0.00630	0.00420	0.00360	0.00240	0.00120	0.00300	0.00210	0.00240	0.00420
17	0.01037	0.00855	0.00907	0.00797	0.01028	0.00979	0.00625	0.10425	0.72687	0.03833	0.01509	0.01390	0.01123	0.00518	0.00394	0.00130	0.00320	0.00428	0.00396	0.00620
18	0.00732	0.00689	0.01163	0.85444	0.02670	0.00861	0.01077	0.00991	0.00775	0.00991	0.00689	0.01034	0.00517	0.00388	0.00388	0.00129	0.00517	0.00345	0.00172	0.00431
19	0.00732	0.00689	0.01163	0.85444	0.02670	0.00861	0.01077	0.00991	0.00775	0.00991	0.00689	0.01034	0.00517	0.00388	0.00388	0.00129	0.00517	0.00345	0.00172	0.00431
20	0.00732	0.00689	0.01163	0.85444	0.02670	0.00861	0.01077	0.00991	0.00775	0.00991	0.00689	0.01034	0.00517	0.00388	0.00388	0.00129	0.00517	0.00345	0.00172	0.00431
21	0.00732	0.00689	0.01163	0.85444	0.02670	0.00861	0.01077	0.00991	0.00775	0.00991	0.00689	0.01034	0.00517	0.00388	0.00388	0.00129	0.00517	0.00345	0.00172	0.00431
22	0.01422	0.07027	0.01209	0.00869	0.01174	0.01207	0.00724	0.75277	0.01728	0.02306	0.00929	0.02684	0.00688	0.00472	0.00380	0.00115	0.00422	0.00355	0.00372	0.00641
23	0.02463	0.00462	0.00571	0.04578	0.03288	0.01551	0.00397	0.01995	0.02237	0.01861	0.02790	0.16798	0.01461	0.43823	0.11598	0.00317	0.01490	0.00601	0.01402	0.00315
24	0.00864	0.01310	0.33619	0.06301	0.33361	0.01833	0.02740	0.01163	0.00832	0.02384	0.01836	0.03062	0.00644	0.00416	0.00461	0.00125	0.07954	0.00347	0.00189	0.00558
25	0.01108	0.00735	0.00836	0.00719	0.00944	0.00786	0.00568	0.06296	0.45897	0.21385	0.11941	0.01649	0.04274	0.00561	0.00403	0.00127	0.00300	0.00468	0.00417	0.00586
26	0.00902	0.01006	0.02067	0.01511	0.01824	0.01022	0.66182	0.01180	0.00851	0.01180	0.00729	0.01006	0.00572	0.00397	0.00621	0.00139	0.17684	0.00434	0.00191	0.00503
27	0.00966	0.48990	0.20857	0.05760	0.06810	0.04693	0.03688	0.01199	0.01938	0.01035	0.00621	0.00742	0.00517	0.00349	0.00306	0.00100	0.00478	0.00256	0.00173	0.00519
28	0.00530	0.00412	0.00480	0.00514	0.00597	0.00390	0.00367	0.02160	0.07038	0.01092	0.04134	0.43827	0.30695	0.03196	0.00510	0.00151	0.00231	0.02967	0.00361	0.00348
29	0.00534	0.00396	0.00498	0.00472	0.00570	0.00360	0.00354	0.00703	0.01063	0.01473	0.70895	0.03030	0.16567	0.00823	0.00457	0.00123	0.00185	0.00720	0.00416	0.00360
30	0.00537	0.00404	0.00508	0.00546	0.00638	0.00375	0.00434	0.00676	0.00910	0.01183	0.19487	0.15740	0.27037	0.01008	0.00490	0.00149	0.00254	0.28909	0.00373	0.00344
31	0.04456	0.02270	0.11819	0.05949	0.25641	0.02343	0.31346	0.03375	0.03702	0.02887	0.00777	0.00977	0.00599	0.00362	0.00415	0.00124	0.01822	0.00375	0.00208	0.00553
32	0.60959	0.00786	0.00702	0.00596	0.00850	0.02171	0.00488	0.08749	0.04649	0.15693	0.00791	0.00812	0.00569	0.00398	0.00288	0.00120	0.00323	0.00264	0.00300	0.00492
33	0.00466	0.00379	0.00414	0.00441	0.00541	0.00327	0.00321	0.00558	0.00844	0.01034	0.03383	0.26736	0.59198	0.01049	0.00470	0.00139	0.00208	0.02807	0.00360	0.00325
34	0.00708	0.00510	0.00675	0.00771	0.09324	0.00508	0.00538	0.03889	0.04690	0.04205	0.10777	0.17892	0.09974	0.00837	0.00459	0.00140	0.01489	0.21548	0.10656	0.00409
35	0.01005	0.23935	0.18304	0.03808	0.23359	0.03824	0.09729	0.02580	0.00877	0.06499	0.00723	0.00865	0.00570	0.00364	0.00368	0.00111	0.02016	0.00309	0.00201	0.00555
36	0.05380	0.00596	0.00756	0.00631	0.00839	0.00571	0.00498	0.03766	0.06729	0.43718	0.10174	0.03768	0.01313	0.08500	0.08788	0.00193	0.00381	0.00453	0.02419	0.00529
37	0.01062	0.03308	0.00960	0.05260	0.02274	0.00649	0.08491	0.06167	0.06794	0.27013	0.24743	0.03450	0.05310	0.02207	0.00446	0.00127	0.00331	0.00513	0.00383	0.00513
38	0.03540	0.07428	0.14137	0.08747	0.22227	0.10130	0.07502	0.03529	0.02085	0.06311	0.02312	0.02418	0.02655	0.00419	0.00395	0.00117	0.02623	0.00355	0.02541	0.00529

[dist]
# distance from previous block
# <min> <max>
2	24

[block]
# block no. 5 follows, 70 sequences, length 36
# corresponding to MSA columns:
# 268-303
name=unknown_F
#
# <colnr> <probs for GDERKNQSTAVLIFYWHMCP>
#	G	D	E	R	K	N	Q	S	T	A	V	L	I	F	Y	W	H	M	C	P
0	0.10686	0.03924	0.03912	0.03109	0.39432	0.04957	0.04277	0.07867	0.03179	0.03836	0.00742	0.00907	0.00597	0.00390	0.00426	0.00117	0.06660	0.00323	0.00226	0.04436
1	0.02600	0.00422	0.00559	0.00619	0.03558	0.00429	0.01546	0.00676	0.01667	0.01040	0.01784	0.44360	0.06500	0.09382	0.09918	0.00220	0.03325	0.03236	0.07818	0.00340
2	0.00531	0.00368	0.00436	0.00458	0.00479	0.00356	0.00283	0.00571	0.00676	0.00900	0.08458	0.25017	0.07118	0.51103	0.01356	0.00281	0.00308	0.00735	0.00292	0.00273
3	0.00775	0.00465	0.00594	0.02534	0.00733	0.00443	0.00436	0.04064	0.04911	0.16346	0.05084	0.50516	0.09630	0.00961	0.00459	0.00143	0.00259	0.00852	0.00383	0.00412
4	0.89114	0.00750	0.00570	0.00510	0.00750	0.00870	0.00420	0.01140	0.00660	0.01739	0.00540	0.00630	0.00420	0.00360	0.00240	0.00120	0.00300	0.00210	0.00240	0.00420
5	0.01017	0.00859	0.00906	0.00800	0.01028	0.00989	0.00626	0.10451	0.74779	0.01707	0.01511	0.01393	0.01129	0.00520	0.00394	0.00130	0.00319	0.00429	0.00394	0.00618
6	0.01474	0.01086	0.01163	0.00892	0.01202	0.01202	0.00737	0.82664	0.01823	0.02443	0.00931	0.00931	0.00659	0.00465	0.00388	0.00116	0.00427	0.00349	0.00388	0.00659
7	0.01448	0.01848	0.01099	0.00999	0.01199	0.84819	0.00749	0.01548	0.01099	0.00949	0.00599	0.00699	0.00499	0.00400	0.00350	0.00100	0.00699	0.00250	0.00200	0.00449
8	0.00540	0.00396	0.00506	0.00479	0.00574	0.00362	0.00359	0.00715	0.01077	0.01506	0.76077	0.02976	0.11364	0.00811	0.00457	0.00123	0.00184	0.00712	0.00420	0.00362
9	0.00559	0.00410	0.00566	0.00598	0.00639	0.00441	0.00436	0.00650	0.00695	0.02474	0.01610	0.43564	0.01813	0.08446	0.25677	0.00314	0.06448	0.04033	0.00294	0.00333
10	0.00543	0.00371	0.00448	0.00475	0.00488	0.00369	0.00295	0.00575	0.00626	0.00836	0.01478	0.23407	0.01713	0.57339	0.05493	0.00324	0.00369	0.04315	0.00270	0.00266
11	0.01729	0.00677	0.00910	0.00698	0.00998	0.00595	0.00576	0.05111	0.01138	0.80964	0.01506	0.01304	0.00948	0.00479	0.00390	0.00120	0.00334	0.00388	0.00476	0.00660
12	0.00893	0.00839	0.01438	0.10252	0.61589	0.00853	0.04625	0.01115	0.00866	0.01213	0.00869	0.01343	0.00779	0.00450	0.00430	0.02166	0.00460	0.09059	0.00207	0.00554
13	0.00989	0.01128	0.08884	0.03614	0.51428	0.11568	0.08937	0.01265	0.04132	0.01226	0.00778	0.01022	0.00644	0.00377	0.00389	0.00118	0.00512	0.02214	0.00202	0.00571
14	0.00578	0.00446	0.00600	0.00599	0.00655	0.02419	0.00446	0.00686	0.00628	0.00878	0.01098	0.05219	0.01098	0.18103	0.62562	0.00538	0.02434	0.00466	0.00218	0.00328
15	0.49540	0.13693	0.00949	0.00675	0.00922	0.21990	0.00555	0.05581	0.00850	0.01457	0.00575	0.00662	0.00464	0.00371	0.00277	0.00109	0.00423	0.00227	0.00227	0.00451
16	0.00520	0.00381	0.00487	0.00506	0.00575	0.00354	0.00363	0.00661	0.02079	0.01277	0.42022	0.33981	0.10064	0.02742	0.00503	0.00142	0.00209	0.02399	0.00390	0.00344
17	0.01015	0.02111	0.01326	0.07885	0.45885	0.05561	0.03008	0.01302	0.07992	0.08544	0.00901	0.01120	0.00727	0.00397	0.00380	0.00114	0.00439	0.02988	0.00242	0.08063
18	0.00859	0.00687	0.00810	0.00581	0.00923	0.00520	0.00466	0.01030	0.00822	0.06146	0.00739	0.00834	0.00597	0.00298	0.00293	0.00061	0.00290	0.00239	0.00244	0.83561
19	0.00554	0.00461	0.00485	0.00466	0.00607	0.00427	0.00356	0.02898	0.09941	0.01204	0.12203	0.03331	0.62124	0.00900	0.00451	0.00131	0.00217	0.02503	0.00372	0.00372
20	0.89114	0.00750	0.00570	0.00510	0.00750	0.00870	0.00420	0.01140	0.00660	0.01739	0.00540	0.00630	0.00420	0.00360	0.00240	0.00120	0.00300	0.00210	0.00240	0.00420
21	0.00964	0.00833	0.00877	0.00789	0.01008	0.00964	0.00614	0.02060	0.83257	0.01622	0.01578	0.01446	0.01183	0.00526	0.00394	0.00131	0.00307	0.00438	0.00394	0.00614
22	0.00541	0.00396	0.00508	0.00480	0.00575	0.00363	0.00360	0.00717	0.01079	0.01512	0.77068	0.02966	0.10369	0.00808	0.00457	0.00123	0.00184	0.00711	0.00421	0.00363
23	0.07756	0.00666	0.00877	0.00677	0.00973	0.00590	0.00559	0.01838	0.01079	0.78545	0.01461	0.01272	0.00922	0.00472	0.00380	0.00120	0.00328	0.00377	0.00463	0.00643
24	0.00848	0.00848	0.01187	0.01018	0.01018	0.01187	0.00848	0.00933	0.00594	0.00933	0.00509	0.00848	0.00509	0.00679	0.01272	0.00170	0.85666	0.00339	0.00170	0.00424
25	0.00778	0.02005	0.84367	0.01105	0.01678	0.00900	0.01432	0.01228	0.00818	0.01228	0.00696	0.00818	0.00491	0.00368	0.00368	0.00123	0.00573	0.00286	0.00164	0.00573
26	0.00673	0.00337	0.00505	0.00505	0.00505	0.00337	0.00337	0.00505	0.00505	0.00673	0.00673	0.01178	0.00673	0.01347	0.01515	0.88721	0.00337	0.00337	0.00168	0.00168
27	0.00581	0.00420	0.00542	0.00573	0.00644	0.00422	0.00447	0.00715	0.02177	0.01053	0.09492	0.03271	0.10447	0.23404	0.11903	0.00277	0.00417	0.32576	0.00313	0.00326
28	0.00625	0.00446	0.00625	0.00714	0.00803	0.00446	0.00625	0.00803	0.00892	0.01160	0.02053	0.04373	0.02231	0.01071	0.00535	0.00178	0.00357	0.81348	0.00357	0.00357
29	0.87141	0.00748	0.00577	0.00514	0.00755	0.00863	0.00423	0.01157	0.00670	0.03602	0.00562	0.00645	0.00432	0.00363	0.00243	0.00120	0.00301	0.00214	0.00245	0.00425
30	0.00490	0.00402	0.00432	0.00423	0.00546	0.00349	0.00318	0.00628	0.02603	0.01177	0.22516	0.03490	0.63414	0.00928	0.00457	0.00129	0.00195	0.00783	0.00376	0.00342
31	0.08004	0.00666	0.00876	0.00677	0.00972	0.00591	0.00559	0.01836	0.01077	0.78311	0.01459	0.01270	0.00921	0.00471	0.00379	0.00120	0.00328	0.00377	0.00463	0.00643
32	0.01566	0.00938	0.01072	0.00822	0.01129	0.00983	0.00679	0.54680	0.01576	0.30776	0.01138	0.01065	0.00763	0.00470	0.00389	0.00118	0.00393	0.00363	0.00420	0.00659
33	0.00528	0.00408	0.00448	0.00444	0.00564	0.00357	0.00331	0.02142	0.00913	0.03460	0.13667	0.12686	0.58983	0.01000	0.02182	0.00142	0.00223	0.00806	0.00369	0.00347
34	0.01016	0.00873	0.00995	0.00891	0.03721	0.01000	0.03558	0.11154	0.64953	0.01662	0.01404	0.01333	0.01056	0.00513	0.00432	0.00131	0.03910	0.00422	0.00371	0.00608
35	0.13021	0.08513	0.04841	0.01210	0.05934	0.18217	0.32514	0.04140	0.00933	0.01260	0.00761	0.01048	0.00630	0.00395	0.00382	0.00120	0.00556	0.04817	0.00214	0.00494

[dist]
# distance from previous block
# <min> <max>
0	13

[block]
# block no. 6 follows, 70 sequences, length 17
# corresponding to MSA columns:
# 317-333
name=unknown_G
#
# <colnr> <probs for GDERKNQSTAVLIFYWHMCP>
#	G	D	E	R	K	N	Q	S	T	A	V	L	I	F	Y	W	H	M	C	P
0	0.01116	0.74611	0.01885	0.00687	0.01008	0.06827	0.00662	0.01241	0.00832	0.07250	0.00618	0.00680	0.00533	0.00347	0.00266	0.00087	0.00426	0.00224	0.00192	0.00507
1	0.00554	0.00413	0.00613	0.00613	0.00679	0.00479	0.00472	0.00686	0.00620	0.00893	0.01047	0.01573	0.00991	0.06991	0.80785	0.00611	0.01006	0.00423	0.00209	0.00341
2	0.00690	0.00570	0.00734	0.05547	0.09782	0.00579	0.00544	0.03499	0.15800	0.01342	0.22843	0.17966	0.13443	0.00748	0.00432	0.00128	0.00276	0.00657	0.00350	0.04069
3	0.01259	0.01517	0.07251	0.00967	0.01176	0.49896	0.00789	0.04343	0.12392	0.03727	0.00770	0.00859	0.00615	0.00458	0.00487	0.00117	0.12352	0.00299	0.00235	0.00492
4	0.03195	0.00693	0.00906	0.00701	0.00995	0.00628	0.00577	0.07898	0.03126	0.73240	0.02921	0.01309	0.00981	0.00483	0.00388	0.00120	0.00333	0.00390	0.00466	0.00649
5	0.01448	0.01848	0.01099	0.00999	0.01199	0.84819	0.00749	0.01548	0.01099	0.00949	0.00599	0.00699	0.00499	0.00400	0.00350	0.00100	0.00699	0.00250	0.00200	0.00449
6	0.00850	0.00868	0.05806	0.14011	0.49263	0.00846	0.03665	0.01069	0.00831	0.01172	0.03954	0.03765	0.00822	0.06794	0.00552	0.00142	0.04462	0.00398	0.00204	0.00527
7	0.00854	0.07651	0.00908	0.06041	0.03925	0.21704	0.03687	0.01924	0.01929	0.02589	0.04065	0.28713	0.12990	0.00748	0.00416	0.00127	0.00402	0.00637	0.00285	0.00406
8	0.04274	0.00739	0.00937	0.00721	0.01021	0.00692	0.00595	0.16399	0.01225	0.67075	0.01393	0.01229	0.00890	0.00474	0.00385	0.00119	0.00346	0.00377	0.00456	0.00653
9	0.00598	0.00430	0.00592	0.00677	0.00760	0.00424	0.00576	0.00759	0.00873	0.01134	0.02151	0.14502	0.06076	0.01085	0.00527	0.00174	0.00333	0.67621	0.00357	0.00350
10	0.00960	0.46304	0.24364	0.01076	0.13519	0.03103	0.03524	0.01194	0.00821	0.01062	0.00619	0.00740	0.00516	0.00345	0.00310	0.00100	0.00478	0.00258	0.00171	0.00535
11	0.00625	0.00514	0.00826	0.02232	0.04779	0.00554	0.09387	0.00792	0.01963	0.00993	0.01196	0.05259	0.04862	0.07514	0.51304	0.00442	0.01799	0.00471	0.04113	0.00376
12	0.00664	0.00343	0.00514	0.00514	0.00519	0.00348	0.00348	0.00519	0.00514	0.00691	0.00701	0.01205	0.00696	0.01465	0.07851	0.82021	0.00390	0.00343	0.00171	0.00182
13	0.00522	0.00416	0.00480	0.03691	0.00644	0.00385	0.00364	0.00689	0.04745	0.01187	0.21105	0.15174	0.44948	0.00915	0.00452	0.00132	0.00214	0.00785	0.02800	0.00352
