[name]
unknown

[dist]
# distance from previous block
# <min> <max>
0	31

[block]
# block no. 0 follows, 55 sequences, length 20
# corresponding to MSA columns:
# 38-57
name=unknown_A
#
# <colnr> <probs for GDERKNQSTAVLIFYWHMCP>
#	G	D	E	R	K	N	Q	S	T	A	V	L	I	F	Y	W	H	M	C	P
0	0.01302	0.03910	0.01410	0.03304	0.05286	0.01082	0.11870	0.29772	0.06731	0.07559	0.06837	0.06468	0.07902	0.00677	0.00512	0.00150	0.01752	0.02415	0.00407	0.00654
1	0.01177	0.02261	0.15675	0.08484	0.04588	0.03847	0.03968	0.17307	0.07175	0.08138	0.06563	0.09871	0.04572	0.02505	0.00528	0.00158	0.00500	0.01691	0.00367	0.00626
2	0.01142	0.00662	0.04091	0.00730	0.00939	0.00543	0.02247	0.01303	0.01123	0.29519	0.11546	0.25815	0.13977	0.03414	0.00583	0.00169	0.00337	0.00838	0.00474	0.00549
3	0.00700	0.03880	0.00587	0.00519	0.00536	0.00508	0.00303	0.00706	0.00688	0.00910	0.01432	0.02950	0.01646	0.80230	0.02283	0.00437	0.00453	0.00659	0.00278	0.00295
4	0.06089	0.05220	0.09125	0.10999	0.14247	0.09616	0.21558	0.06257	0.02519	0.03674	0.00944	0.03527	0.00759	0.00483	0.00496	0.00146	0.03008	0.00444	0.00262	0.00625
5	0.04365	0.04221	0.22755	0.14427	0.17873	0.03145	0.04102	0.04113	0.02149	0.07979	0.02371	0.05987	0.00916	0.00613	0.02865	0.00164	0.00588	0.00454	0.00276	0.00637
6	0.00593	0.00460	0.00540	0.00546	0.00662	0.00407	0.00400	0.00742	0.01123	0.01468	0.32267	0.18792	0.38039	0.01146	0.00558	0.00159	0.00236	0.00993	0.00462	0.00407
7	0.01042	0.01001	0.01725	0.34340	0.47173	0.01080	0.04250	0.01335	0.01010	0.01388	0.00858	0.01190	0.00690	0.00434	0.00466	0.00146	0.00588	0.00419	0.00221	0.00646
8	0.00985	0.00904	0.03342	0.00844	0.03109	0.00695	0.05626	0.03444	0.01021	0.01557	0.02667	0.01118	0.02378	0.00388	0.00375	0.00084	0.00387	0.00329	0.00284	0.70463
9	0.00874	0.00643	0.00830	0.00848	0.06777	0.00652	0.00579	0.05039	0.02371	0.06310	0.05683	0.13552	0.13817	0.15337	0.11706	0.00283	0.05942	0.00699	0.01535	0.06525
10	0.00867	0.00434	0.00434	0.00434	0.00542	0.00434	0.00325	0.01084	0.00976	0.01734	0.01518	0.01734	0.01192	0.00542	0.00325	0.00108	0.00217	0.00434	0.86233	0.00434
11	0.00644	0.00492	0.00593	0.00565	0.00694	0.00450	0.00425	0.00872	0.03953	0.01693	0.55969	0.03704	0.26221	0.01005	0.00546	0.00150	0.00229	0.00871	0.00488	0.00436
12	0.02776	0.07024	0.32166	0.02671	0.06607	0.06141	0.06820	0.02932	0.03193	0.21116	0.01150	0.03464	0.00841	0.00505	0.00450	0.00143	0.00582	0.00418	0.00318	0.00685
13	0.00577	0.00412	0.00549	0.00641	0.00677	0.00384	0.00433	0.00673	0.00937	0.01261	0.10987	0.74715	0.03219	0.01403	0.00589	0.00184	0.00264	0.01271	0.00441	0.00384
14	0.01740	0.01257	0.01357	0.01050	0.01414	0.01386	0.00864	0.70093	0.07674	0.06567	0.01206	0.01183	0.00853	0.00564	0.00466	0.00141	0.00496	0.00429	0.00471	0.00787
15	0.02530	0.01266	0.08402	0.20271	0.13833	0.06356	0.31130	0.03312	0.03226	0.03757	0.00933	0.01199	0.00705	0.00438	0.00489	0.00150	0.00673	0.00455	0.00248	0.00627
16	0.00826	0.00798	0.07250	0.00881	0.02919	0.02148	0.08840	0.02931	0.02786	0.05141	0.10024	0.17192	0.23175	0.06277	0.03247	0.00198	0.01469	0.03032	0.00382	0.00486
17	0.01710	0.00883	0.01078	0.00871	0.01186	0.00876	0.00703	0.14486	0.17417	0.45069	0.05150	0.05718	0.01384	0.00645	0.00478	0.00148	0.00395	0.00531	0.00527	0.00744
18	0.00713	0.00519	0.00586	0.00605	0.00646	0.02148	0.00390	0.03455	0.02747	0.01134	0.03748	0.27567	0.03967	0.45855	0.01542	0.00326	0.00393	0.02953	0.00351	0.00355
19	0.01047	0.00698	0.02293	0.05069	0.01132	0.00659	0.05401	0.08652	0.02689	0.16123	0.06409	0.40036	0.02164	0.01000	0.00536	0.00166	0.00377	0.02474	0.00435	0.02640

[dist]
# distance from previous block
# <min> <max>
5	16

[block]
# block no. 1 follows, 55 sequences, length 18
# corresponding to MSA columns:
# 74-91
name=unknown_B
#
# <colnr> <probs for GDERKNQSTAVLIFYWHMCP>
#	G	D	E	R	K	N	Q	S	T	A	V	L	I	F	Y	W	H	M	C	P
0	0.01133	0.02884	0.01192	0.03509	0.10523	0.09608	0.04358	0.11670	0.05152	0.04909	0.03658	0.14318	0.09366	0.00712	0.00499	0.00140	0.02434	0.00603	0.00353	0.12981
1	0.03248	0.05433	0.14460	0.08549	0.19235	0.01104	0.24392	0.02545	0.06060	0.01513	0.03072	0.03027	0.02185	0.00479	0.00476	0.00146	0.00604	0.00474	0.00259	0.02740
2	0.00607	0.00451	0.00588	0.02891	0.00761	0.00431	0.00460	0.00757	0.03332	0.01329	0.15786	0.59710	0.08558	0.01301	0.00576	0.00178	0.00272	0.01169	0.00440	0.00404
3	0.00902	0.00655	0.00865	0.02569	0.06453	0.00649	0.02513	0.07650	0.07531	0.07387	0.17023	0.30705	0.11208	0.01006	0.00538	0.00162	0.00333	0.00891	0.00440	0.00519
4	0.03107	0.12666	0.08873	0.05183	0.05439	0.18790	0.06947	0.19714	0.04929	0.05243	0.01009	0.01109	0.02070	0.00503	0.00459	0.00135	0.02478	0.00386	0.00309	0.00651
5	0.05285	0.03324	0.01032	0.00831	0.01089	0.00853	0.00664	0.15940	0.05640	0.32757	0.01723	0.19858	0.01468	0.00771	0.00521	0.00154	0.03659	0.00635	0.03140	0.00654
6	0.00582	0.00419	0.00555	0.00655	0.00694	0.00391	0.00452	0.00679	0.00924	0.01228	0.05375	0.72646	0.05501	0.01419	0.00594	0.00188	0.00278	0.06603	0.00434	0.00384
7	0.02649	0.01144	0.07558	0.13926	0.28866	0.06390	0.02621	0.08392	0.05289	0.01599	0.07597	0.01617	0.07772	0.00567	0.00490	0.00145	0.01962	0.00489	0.00299	0.00628
8	0.03772	0.10758	0.09989	0.03746	0.08036	0.09100	0.09254	0.24094	0.03402	0.07984	0.01075	0.04807	0.00850	0.00528	0.00449	0.00139	0.00568	0.00436	0.00336	0.00676
9	0.00589	0.00433	0.00554	0.00616	0.00681	0.00398	0.00432	0.00709	0.01010	0.01346	0.19183	0.52772	0.14545	0.01306	0.00580	0.00176	0.00259	0.03568	0.00449	0.00394
10	0.01065	0.12199	0.30456	0.04819	0.04023	0.10455	0.02999	0.06664	0.01086	0.01423	0.04140	0.03801	0.03732	0.02539	0.08440	0.00204	0.00667	0.00435	0.00257	0.00594
11	0.02891	0.12731	0.09119	0.03714	0.07446	0.04199	0.08695	0.14573	0.11233	0.04814	0.03352	0.04374	0.05545	0.02545	0.00527	0.00151	0.02631	0.00489	0.00334	0.00638
12	0.01188	0.01231	0.14990	0.02593	0.12292	0.04824	0.05656	0.05400	0.10900	0.11700	0.06248	0.01638	0.07239	0.00614	0.00589	0.00152	0.09440	0.00495	0.02170	0.00643
13	0.00587	0.00410	0.00538	0.00631	0.00654	0.00387	0.00414	0.00650	0.00857	0.01143	0.02381	0.71527	0.02844	0.10734	0.00835	0.03126	0.00295	0.01219	0.00407	0.00361
14	0.01246	0.10764	0.13108	0.06792	0.13503	0.06783	0.09685	0.10799	0.05802	0.07401	0.01129	0.01270	0.02912	0.00624	0.04085	0.00166	0.00604	0.00422	0.02252	0.00653
15	0.02420	0.09194	0.08771	0.03978	0.15665	0.04184	0.12806	0.13732	0.07273	0.04306	0.01146	0.02658	0.03145	0.01686	0.00541	0.00149	0.04983	0.00452	0.02257	0.00654
16	0.00872	0.00672	0.01843	0.00773	0.00871	0.00742	0.00599	0.05504	0.03076	0.04965	0.09444	0.16364	0.08022	0.11363	0.09118	0.00261	0.17598	0.00705	0.06742	0.00464
17	0.02683	0.07008	0.09317	0.04670	0.04583	0.05310	0.05524	0.01213	0.02955	0.04916	0.10401	0.04959	0.13855	0.00845	0.04586	0.00176	0.07928	0.00569	0.05446	0.03055

[dist]
# distance from previous block
# <min> <max>
1	15

[block]
# block no. 2 follows, 55 sequences, length 20
# corresponding to MSA columns:
# 107-126
name=unknown_C
#
# <colnr> <probs for GDERKNQSTAVLIFYWHMCP>
#	G	D	E	R	K	N	Q	S	T	A	V	L	I	F	Y	W	H	M	C	P
0	0.02481	0.04881	0.07556	0.08360	0.03588	0.03051	0.12487	0.19792	0.07165	0.03961	0.02888	0.03425	0.08797	0.05741	0.03603	0.00188	0.00554	0.00528	0.00342	0.00611
1	0.00644	0.03820	0.00691	0.00749	0.05537	0.00496	0.00489	0.00744	0.00925	0.01207	0.04028	0.50216	0.16147	0.08915	0.00731	0.00201	0.00311	0.03346	0.00398	0.00405
2	0.01486	0.01189	0.01198	0.00959	0.01295	0.09247	0.00768	0.36132	0.14386	0.07129	0.01243	0.04118	0.00958	0.00554	0.00443	0.00129	0.00473	0.00432	0.00413	0.17450
3	0.06153	0.06003	0.07082	0.00878	0.02433	0.00886	0.04190	0.04982	0.14763	0.05254	0.07277	0.04543	0.04831	0.00558	0.00424	0.00122	0.00400	0.00464	0.00350	0.28405
4	0.01428	0.01411	0.01616	0.04173	0.27624	0.24991	0.09340	0.06307	0.05850	0.08730	0.00994	0.01138	0.00769	0.00467	0.00456	0.00135	0.00630	0.00402	0.00294	0.03242
5	0.00595	0.00433	0.00529	0.00589	0.00638	0.00402	0.00393	0.00674	0.00897	0.01173	0.06048	0.46990	0.16604	0.18925	0.00964	0.00238	0.00304	0.02836	0.00403	0.00364
6	0.11401	0.00827	0.01023	0.00803	0.01143	0.00770	0.00658	0.05519	0.05435	0.56526	0.04769	0.01516	0.01179	0.00563	0.00444	0.00140	0.00385	0.00448	0.00512	0.05939
7	0.01225	0.67772	0.13828	0.00894	0.01326	0.05951	0.00936	0.01429	0.00970	0.01152	0.00678	0.00785	0.00596	0.00409	0.00326	0.00108	0.00543	0.00265	0.00201	0.00607
8	0.00665	0.00497	0.00739	0.00739	0.00819	0.00577	0.00571	0.00825	0.00745	0.01074	0.01254	0.01871	0.01182	0.06327	0.78995	0.00737	0.01218	0.00505	0.00250	0.00411
9	0.00610	0.00474	0.00555	0.00535	0.00665	0.00418	0.00401	0.00785	0.01203	0.01596	0.46924	0.03919	0.38137	0.01052	0.00549	0.00151	0.00227	0.00904	0.00477	0.00418
10	0.00681	0.00461	0.00543	0.00551	0.00565	0.00467	0.00339	0.00709	0.00711	0.00951	0.01523	0.03115	0.01724	0.71552	0.08229	0.00456	0.00509	0.06320	0.00290	0.00303
11	0.00656	0.00480	0.00595	0.00581	0.00674	0.00455	0.00416	0.00845	0.03442	0.01554	0.47013	0.10987	0.12080	0.14706	0.03280	0.00220	0.00299	0.00856	0.00449	0.00410
12	0.00965	0.00827	0.00965	0.00689	0.01102	0.00620	0.00551	0.01171	0.00965	0.01516	0.00827	0.00965	0.00689	0.00345	0.00345	0.00069	0.00345	0.00276	0.00276	0.86494
13	0.00559	0.00454	0.00496	0.00523	0.00644	0.00391	0.00378	0.00673	0.01029	0.01268	0.07790	0.24902	0.56794	0.01240	0.00561	0.00165	0.00244	0.01064	0.00436	0.00391
14	0.05266	0.01131	0.01199	0.00957	0.01287	0.06016	0.00777	0.38400	0.10912	0.22613	0.05597	0.01403	0.01126	0.00582	0.00461	0.00142	0.00463	0.00452	0.00476	0.00739
15	0.06218	0.04231	0.01280	0.04686	0.01326	0.13326	0.02803	0.21504	0.01273	0.08203	0.00993	0.01248	0.00812	0.05827	0.06661	0.00212	0.16633	0.00412	0.01760	0.00594
16	0.00576	0.00424	0.00543	0.00630	0.00683	0.00390	0.00436	0.00674	0.00938	0.01229	0.05223	0.65063	0.14821	0.01391	0.00588	0.00184	0.00271	0.05117	0.00434	0.00385
17	0.00578	0.00409	0.00537	0.00634	0.00658	0.00385	0.00417	0.00651	0.00870	0.01159	0.02456	0.75438	0.02940	0.09553	0.00769	0.00215	0.00288	0.01259	0.00417	0.00368
18	0.01195	0.01219	0.01894	0.09168	0.53755	0.09247	0.11899	0.03317	0.01107	0.01484	0.00870	0.01141	0.00710	0.00426	0.00469	0.00140	0.00618	0.00421	0.00236	0.00685
19	0.01126	0.01083	0.01979	0.09086	0.10764	0.01110	0.37825	0.06264	0.06962	0.04460	0.01058	0.01412	0.00851	0.07317	0.00736	0.00181	0.06382	0.00509	0.00278	0.00617

[dist]
# distance from previous block
# <min> <max>
4	22

[block]
# block no. 3 follows, 55 sequences, length 21
# corresponding to MSA columns:
# 155-175
name=unknown_D
#
# <colnr> <probs for GDERKNQSTAVLIFYWHMCP>
#	G	D	E	R	K	N	Q	S	T	A	V	L	I	F	Y	W	H	M	C	P
0	0.02264	0.47418	0.09446	0.04348	0.02592	0.03232	0.03635	0.07784	0.06695	0.01419	0.04329	0.01091	0.02008	0.00471	0.00374	0.00120	0.00511	0.00349	0.00262	0.01652
1	0.01241	0.01034	0.06411	0.07189	0.01436	0.00965	0.05307	0.20835	0.12299	0.09777	0.05693	0.04246	0.07259	0.00610	0.00467	0.00138	0.00446	0.00513	0.00397	0.13736
2	0.01028	0.01118	0.10646	0.01254	0.01610	0.03082	0.31194	0.04103	0.02989	0.07501	0.05799	0.05242	0.19248	0.00682	0.00545	0.00155	0.02242	0.00648	0.00336	0.00578
3	0.00988	0.00767	0.00842	0.00775	0.00981	0.00818	0.00593	0.06442	0.36662	0.05812	0.07755	0.14805	0.19055	0.00890	0.00513	0.00160	0.00325	0.00758	0.00465	0.00594
4	0.02624	0.01748	0.41107	0.05228	0.05165	0.03322	0.11818	0.06575	0.09872	0.01633	0.04218	0.01237	0.00881	0.00487	0.00462	0.00148	0.00616	0.00422	0.01773	0.00664
5	0.00910	0.00853	0.08135	0.00952	0.02945	0.02689	0.03412	0.03645	0.00947	0.07067	0.03849	0.18799	0.03734	0.02903	0.23088	0.00335	0.12766	0.02148	0.00323	0.00501
6	0.00650	0.00477	0.00584	0.00582	0.00694	0.00435	0.00427	0.00838	0.02916	0.03077	0.41487	0.20311	0.23601	0.01101	0.00555	0.00158	0.00241	0.00964	0.00475	0.00428
7	0.00585	0.00415	0.00532	0.00617	0.00644	0.00391	0.00403	0.00653	0.00859	0.01141	0.02447	0.66770	0.05467	0.15675	0.00899	0.00233	0.00300	0.01199	0.00406	0.00362
8	0.09754	0.01042	0.03565	0.09731	0.15755	0.06504	0.06380	0.13671	0.01181	0.05341	0.01264	0.17673	0.01190	0.00734	0.02069	0.00165	0.02473	0.00585	0.00327	0.00596
9	0.00658	0.00519	0.00559	0.00542	0.00699	0.00465	0.00408	0.02935	0.04407	0.03155	0.14984	0.09108	0.57675	0.01111	0.00545	0.00157	0.00252	0.00938	0.00449	0.00432
10	0.00588	0.00471	0.00524	0.00558	0.00669	0.00423	0.00400	0.00739	0.04139	0.01251	0.03727	0.30612	0.47313	0.04144	0.00627	0.00179	0.00264	0.02545	0.00428	0.00398
11	0.18869	0.07666	0.01152	0.06908	0.01279	0.05512	0.00735	0.12235	0.09882	0.17517	0.01172	0.01260	0.00877	0.02804	0.03269	0.00171	0.04289	0.00395	0.03383	0.00625
12	0.00856	0.00811	0.03983	0.08464	0.01277	0.00874	0.08856	0.02179	0.05707	0.01231	0.02729	0.09562	0.03664	0.21577	0.04938	0.00272	0.18572	0.03691	0.00291	0.00466
13	0.00569	0.00415	0.00536	0.00627	0.00671	0.00382	0.00424	0.00659	0.00926	0.01222	0.05948	0.71785	0.11311	0.01407	0.00587	0.00184	0.00264	0.01267	0.00435	0.00382
14	0.00660	0.00507	0.00583	0.00595	0.00701	0.00479	0.00423	0.03546	0.05275	0.01390	0.15231	0.28672	0.29359	0.09521	0.00740	0.00195	0.00282	0.00992	0.00433	0.00416
15	0.01076	0.08358	0.11292	0.32668	0.16966	0.03786	0.02855	0.09634	0.01121	0.01473	0.01082	0.01316	0.05410	0.00498	0.00452	0.00143	0.00581	0.00424	0.00252	0.00611
16	0.00792	0.00678	0.00817	0.04017	0.00955	0.05189	0.00621	0.03459	0.01856	0.01260	0.04142	0.30551	0.07898	0.03831	0.14396	0.00281	0.12519	0.03930	0.02368	0.00439
17	0.01139	0.00691	0.00743	0.00648	0.00834	0.00731	0.00507	0.19425	0.05949	0.05885	0.01449	0.01639	0.01129	0.03995	0.03850	0.00161	0.00356	0.00450	0.49873	0.00546
18	0.00863	0.00512	0.00648	0.00641	0.00656	0.05244	0.00433	0.00681	0.00648	0.00828	0.00803	0.01380	0.00796	0.01549	0.01735	0.81329	0.00430	0.00398	0.00204	0.00222
19	0.05401	0.01023	0.01245	0.04833	0.04952	0.01122	0.04059	0.37788	0.05337	0.06873	0.03059	0.04213	0.01019	0.03335	0.01681	0.05298	0.04544	0.00474	0.03094	0.00649
20	0.02692	0.01077	0.06337	0.03300	0.07296	0.05780	0.03136	0.18510	0.05577	0.07524	0.01389	0.08620	0.04354	0.09376	0.02321	0.00192	0.07010	0.00539	0.00351	0.04619

[dist]
# distance from previous block
# <min> <max>
1	19

[block]
# block no. 4 follows, 55 sequences, length 22
# corresponding to MSA columns:
# 195-216
name=unknown_E
#
# <colnr> <probs for GDERKNQSTAVLIFYWHMCP>
#	G	D	E	R	K	N	Q	S	T	A	V	L	I	F	Y	W	H	M	C	P
0	0.00779	0.04044	0.00692	0.00626	0.00723	0.04665	0.00438	0.00875	0.00958	0.04893	0.14010	0.27680	0.09888	0.24055	0.01042	0.00240	0.00356	0.00872	0.00385	0.02777
1	0.04119	0.12493	0.01367	0.01027	0.06222	0.14183	0.02284	0.14210	0.01240	0.05565	0.01004	0.03839	0.00858	0.00511	0.00423	0.00117	0.01662	0.03587	0.00313	0.24977
2	0.00995	0.08588	0.05722	0.03545	0.14366	0.05034	0.04864	0.07270	0.01092	0.02949	0.07405	0.15343	0.05503	0.04623	0.07981	0.00217	0.01513	0.02120	0.00323	0.00547
3	0.01210	0.04694	0.21016	0.01169	0.07318	0.05959	0.04766	0.14119	0.06148	0.07516	0.06843	0.01517	0.06555	0.00556	0.00455	0.00136	0.00518	0.00458	0.00338	0.08709
4	0.00681	0.00526	0.00710	0.00867	0.07200	0.00520	0.00561	0.00904	0.08438	0.01299	0.02358	0.64180	0.02706	0.01284	0.00575	0.00183	0.00312	0.05834	0.00419	0.00444
5	0.04723	0.00705	0.00893	0.04925	0.01088	0.00671	0.00609	0.05238	0.03432	0.39301	0.01989	0.09467	0.08413	0.10664	0.00707	0.00187	0.00387	0.02689	0.03304	0.00609
6	0.01225	0.23937	0.04079	0.07356	0.12509	0.07359	0.14005	0.05428	0.05785	0.05522	0.03845	0.01349	0.02715	0.00502	0.00439	0.00135	0.00564	0.02336	0.00284	0.00627
7	0.01113	0.05492	0.02584	0.01895	0.06871	0.03395	0.66414	0.01471	0.01093	0.01456	0.01010	0.01291	0.02683	0.00416	0.00527	0.00152	0.00744	0.00530	0.00238	0.00624
8	0.00596	0.00420	0.00554	0.00643	0.00675	0.00404	0.00435	0.00681	0.00870	0.01170	0.02359	0.66098	0.02785	0.10187	0.04937	0.00245	0.00345	0.04383	0.01840	0.00373
9	0.00667	0.00467	0.00573	0.00597	0.00635	0.00467	0.00389	0.02996	0.00837	0.01125	0.05171	0.29610	0.04439	0.39856	0.09768	0.00364	0.00459	0.00881	0.00348	0.00352
10	0.01028	0.00829	0.00961	0.00731	0.01093	0.00693	0.00584	0.06532	0.06195	0.03518	0.03339	0.03688	0.01007	0.00469	0.00387	0.00093	0.00353	0.02913	0.02201	0.63387
11	0.00570	0.00420	0.00535	0.00617	0.00669	0.00384	0.00420	0.00666	0.00945	0.01243	0.08076	0.65978	0.15010	0.01381	0.00584	0.00181	0.00261	0.01238	0.00437	0.00384
12	0.00804	0.00575	0.00663	0.00638	0.00784	0.00554	0.00476	0.08084	0.05895	0.05053	0.18088	0.24574	0.26285	0.01066	0.00536	0.00159	0.00281	0.00921	0.04092	0.00474
13	0.01033	0.00854	0.00877	0.00813	0.01013	0.06041	0.00617	0.04551	0.35587	0.05045	0.08300	0.18907	0.08307	0.00848	0.00499	0.00156	0.00358	0.00723	0.02746	0.02725
14	0.00668	0.00467	0.00586	0.00584	0.00620	0.00489	0.00384	0.00733	0.00742	0.01015	0.05284	0.02736	0.04221	0.52263	0.26749	0.00518	0.00678	0.00639	0.00288	0.00334
15	0.00567	0.00405	0.00540	0.00648	0.00675	0.00378	0.00432	0.00648	0.00891	0.01188	0.02564	0.83347	0.03077	0.01457	0.00594	0.00189	0.00270	0.01323	0.00432	0.00378
16	0.00847	0.00636	0.00684	0.00619	0.00813	0.00614	0.00479	0.10144	0.09364	0.05004	0.14047	0.03437	0.46310	0.00968	0.00520	0.00151	0.00285	0.00807	0.03771	0.00499
17	0.28019	0.05887	0.02556	0.01007	0.05244	0.04760	0.04023	0.28923	0.04545	0.04925	0.00977	0.01117	0.00757	0.04755	0.00500	0.00155	0.00482	0.00375	0.00354	0.00640
18	0.34116	0.05440	0.04231	0.00885	0.02611	0.12783	0.02868	0.10552	0.03427	0.03967	0.00954	0.01062	0.02972	0.01904	0.00405	0.00135	0.00480	0.00338	0.00307	0.10563
19	0.02710	0.35712	0.05107	0.01061	0.08340	0.11707	0.00854	0.10410	0.03431	0.01445	0.01039	0.07178	0.03007	0.00535	0.00390	0.00121	0.00517	0.00404	0.00276	0.05754
20	0.03435	0.02999	0.01310	0.05483	0.20884	0.09323	0.03277	0.05814	0.04744	0.03704	0.04943	0.08684	0.01130	0.00549	0.00439	0.00126	0.00478	0.00474	0.00308	0.21895
21	0.12613	0.08898	0.16882	0.02441	0.05053	0.19141	0.02811	0.09024	0.01163	0.01582	0.04339	0.04662	0.02405	0.00557	0.00438	0.00138	0.01548	0.02638	0.00284	0.03381

[dist]
# distance from previous block
# <min> <max>
0	23

[block]
# block no. 5 follows, 55 sequences, length 21
# corresponding to MSA columns:
# 242-262
name=unknown_F
#
# <colnr> <probs for GDERKNQSTAVLIFYWHMCP>
#	G	D	E	R	K	N	Q	S	T	A	V	L	I	F	Y	W	H	M	C	P
0	0.01074	0.11943	0.36513	0.02757	0.04122	0.01196	0.10667	0.08458	0.05198	0.01571	0.03791	0.01156	0.00823	0.00547	0.02152	0.00155	0.04600	0.00399	0.00256	0.02622
1	0.00819	0.02279	0.00732	0.00666	0.00745	0.00674	0.00458	0.05340	0.12198	0.01245	0.04001	0.09628	0.01708	0.46604	0.07656	0.00365	0.03465	0.00671	0.00333	0.00413
2	0.01008	0.00972	0.01693	0.12555	0.45357	0.00979	0.11855	0.01277	0.01047	0.01444	0.05322	0.03068	0.07775	0.02986	0.00544	0.00155	0.00541	0.00527	0.00265	0.00629
3	0.00996	0.03843	0.03608	0.03789	0.05769	0.04560	0.07899	0.08461	0.01111	0.07066	0.01887	0.28564	0.06747	0.01051	0.03584	0.02795	0.00476	0.06904	0.00369	0.00521
4	0.01650	0.01052	0.02918	0.00891	0.01207	0.10222	0.00729	0.13095	0.10540	0.37376	0.08167	0.01707	0.04964	0.00618	0.00469	0.00141	0.00444	0.00495	0.00481	0.02833
5	0.35473	0.03532	0.00967	0.00772	0.01073	0.03924	0.00630	0.11015	0.09441	0.20701	0.04147	0.01239	0.00965	0.00526	0.00387	0.00141	0.00398	0.00382	0.03655	0.00630
6	0.00828	0.00547	0.00628	0.00589	0.00742	0.00517	0.00446	0.05229	0.04170	0.07043	0.25272	0.10437	0.25850	0.00939	0.00504	0.00147	0.00262	0.00800	0.14578	0.00473
7	0.02530	0.10751	0.05707	0.02852	0.11908	0.11074	0.06044	0.05675	0.06880	0.06825	0.04212	0.09903	0.05007	0.00852	0.06231	0.00186	0.00568	0.01876	0.00326	0.00593
8	0.01095	0.00619	0.00736	0.00665	0.00852	0.00605	0.00512	0.01467	0.14432	0.19662	0.18202	0.10543	0.08155	0.00790	0.00473	0.00144	0.00290	0.00673	0.19526	0.00558
9	0.00600	0.00443	0.00559	0.00642	0.00695	0.00419	0.00442	0.00734	0.03900	0.01220	0.02723	0.64373	0.11554	0.05131	0.00667	0.00197	0.00285	0.04597	0.00426	0.00391
10	0.03819	0.02308	0.05245	0.06359	0.10530	0.11649	0.08753	0.14537	0.05792	0.03649	0.01090	0.04057	0.00924	0.06115	0.06844	0.00212	0.05288	0.00464	0.01764	0.00602
11	0.03577	0.03025	0.14571	0.06753	0.07126	0.03734	0.14801	0.18490	0.04136	0.10413	0.05257	0.01369	0.02398	0.00561	0.01588	0.00154	0.00577	0.00459	0.00341	0.00671
12	0.00598	0.00429	0.00536	0.00597	0.00637	0.00405	0.00394	0.00674	0.00878	0.01163	0.06790	0.50125	0.10684	0.20397	0.03254	0.00259	0.00333	0.01089	0.00397	0.00362
13	0.00729	0.00507	0.00612	0.00609	0.00685	0.00502	0.00420	0.02337	0.04699	0.03371	0.13939	0.15431	0.10361	0.32134	0.06921	0.01875	0.00416	0.03685	0.00377	0.00390
14	0.02693	0.03200	0.02447	0.09353	0.15748	0.10129	0.06296	0.11206	0.08218	0.03186	0.03451	0.04565	0.09042	0.00740	0.03884	0.00172	0.04223	0.00518	0.00322	0.00606
15	0.14742	0.01033	0.01115	0.00899	0.01210	0.01127	0.00734	0.33949	0.12186	0.17168	0.01379	0.01345	0.03026	0.00577	0.00476	0.00145	0.03515	0.00432	0.04240	0.00703
16	0.00756	0.00505	0.00622	0.00647	0.00748	0.00474	0.00464	0.05369	0.01056	0.06705	0.08178	0.48223	0.16190	0.03284	0.00607	0.00180	0.00290	0.03012	0.02256	0.00437
17	0.05176	0.08289	0.06337	0.09155	0.06292	0.09074	0.03968	0.12829	0.04067	0.14830	0.02320	0.06686	0.00986	0.00554	0.00441	0.00136	0.00513	0.00452	0.00348	0.07547
18	0.01163	0.02477	0.03225	0.07444	0.09487	0.19213	0.04497	0.06226	0.05014	0.04594	0.12082	0.03331	0.05898	0.06759	0.00644	0.00168	0.02194	0.04695	0.00336	0.00552
19	0.03666	0.09544	0.07659	0.03292	0.04975	0.01208	0.46504	0.07673	0.02553	0.01563	0.00940	0.01212	0.00733	0.02201	0.02789	0.00169	0.00695	0.00475	0.00254	0.01894
20	0.05404	0.07246	0.04734	0.05718	0.17512	0.05327	0.02101	0.10101	0.03526	0.01519	0.01066	0.03730	0.00923	0.01359	0.23761	0.00311	0.00735	0.00440	0.02446	0.02041

[dist]
# distance from previous block
# <min> <max>
3	28

[block]
# block no. 6 follows, 55 sequences, length 18
# corresponding to MSA columns:
# 291-306,309,310
name=unknown_G
#
# <colnr> <probs for GDERKNQSTAVLIFYWHMCP>
#	G	D	E	R	K	N	Q	S	T	A	V	L	I	F	Y	W	H	M	C	P
0	0.03174	0.01253	0.11042	0.12858	0.42733	0.04443	0.02113	0.05351	0.02317	0.03508	0.00895	0.01130	0.00710	0.00453	0.00485	0.00141	0.03237	0.00397	0.00250	0.03511
1	0.01146	0.01127	0.01161	0.21853	0.01704	0.19430	0.02812	0.07361	0.11829	0.02289	0.01346	0.09156	0.02166	0.04290	0.02563	0.00179	0.00580	0.06075	0.00320	0.02614
2	0.00623	0.00446	0.00586	0.00674	0.00721	0.00426	0.00469	0.03226	0.00964	0.01288	0.05848	0.71692	0.03031	0.01394	0.00591	0.00187	0.00287	0.06714	0.00436	0.00397
3	0.01070	0.00900	0.01087	0.00851	0.01157	0.02060	0.04325	0.15274	0.04090	0.01729	0.06276	0.07516	0.03557	0.02582	0.00550	0.00125	0.06092	0.00478	0.00341	0.39937
4	0.01217	0.00851	0.00977	0.00836	0.01048	0.03186	0.01757	0.18329	0.10378	0.12493	0.04244	0.10640	0.04186	0.13733	0.00864	0.02544	0.03843	0.03431	0.00410	0.05032
5	0.00651	0.00473	0.00594	0.00653	0.00718	0.00453	0.00458	0.04734	0.00997	0.01320	0.07468	0.56656	0.10147	0.06703	0.00699	0.00199	0.00298	0.05949	0.00429	0.00401
6	0.49523	0.00973	0.00921	0.00766	0.01080	0.01078	0.00628	0.17640	0.07151	0.14690	0.01026	0.01035	0.00734	0.00496	0.00367	0.00144	0.00398	0.00341	0.00384	0.00626
7	0.01176	0.09651	0.01443	0.05259	0.03263	0.13848	0.00936	0.04137	0.00923	0.03363	0.00780	0.02212	0.00726	0.04303	0.03213	0.00197	0.43398	0.00403	0.00237	0.00533
8	0.03391	0.00894	0.01013	0.00868	0.01119	0.00951	0.00699	0.30881	0.11018	0.11237	0.07454	0.11575	0.01664	0.00778	0.00494	0.00155	0.00400	0.08897	0.05872	0.00642
9	0.00727	0.00567	0.00620	0.00588	0.00740	0.02395	0.00444	0.02579	0.05403	0.04175	0.31616	0.07469	0.38897	0.01031	0.00540	0.00153	0.00264	0.00878	0.00464	0.00452
10	0.01331	0.01083	0.01230	0.01063	0.03612	0.01208	0.04041	0.25517	0.46880	0.03343	0.01690	0.01608	0.04027	0.00612	0.00476	0.00151	0.00430	0.00507	0.00454	0.00737
11	0.00618	0.00501	0.00565	0.00563	0.00685	0.00465	0.00414	0.00796	0.04435	0.01373	0.18456	0.15395	0.45809	0.04568	0.00657	0.00173	0.02721	0.00955	0.00436	0.00413
12	0.02404	0.00514	0.00599	0.00646	0.00725	0.02651	0.00451	0.02616	0.00983	0.04997	0.05964	0.56564	0.08929	0.03286	0.00595	0.00180	0.00294	0.01090	0.06094	0.00419
13	0.00566	0.00408	0.00537	0.00640	0.00673	0.00379	0.00428	0.00649	0.00898	0.01191	0.02660	0.79827	0.06535	0.01445	0.00592	0.00188	0.00268	0.01307	0.00432	0.00379
14	0.02449	0.38035	0.10943	0.01024	0.04390	0.10400	0.00928	0.06394	0.10230	0.04295	0.00964	0.01122	0.00798	0.00539	0.01663	0.00136	0.02186	0.02599	0.00275	0.00631
15	0.00648	0.00509	0.00558	0.00555	0.00685	0.00464	0.00407	0.05030	0.01086	0.01365	0.10749	0.14580	0.48521	0.09237	0.00732	0.00190	0.00282	0.03567	0.00426	0.00407
16	0.00774	0.00520	0.00634	0.00656	0.00767	0.00492	0.00479	0.05230	0.02563	0.07131	0.05108	0.44218	0.19110	0.02979	0.00600	0.00180	0.00298	0.05666	0.02151	0.00445
17	0.07779	0.01180	0.15927	0.04253	0.07981	0.05133	0.08623	0.02715	0.08061	0.07092	0.09025	0.15518	0.01521	0.00697	0.00507	0.00155	0.02296	0.00607	0.00340	0.00589

[dist]
# distance from previous block
# <min> <max>
6	14

[block]
# block no. 7 follows, 55 sequences, length 13
# corresponding to MSA columns:
# 325-331,333-338
name=unknown_H
#
# <colnr> <probs for GDERKNQSTAVLIFYWHMCP>
#	G	D	E	R	K	N	Q	S	T	A	V	L	I	F	Y	W	H	M	C	P
0	0.02634	0.00966	0.05034	0.01404	0.07913	0.00868	0.34115	0.03908	0.01124	0.01555	0.15007	0.14615	0.07306	0.00719	0.00536	0.00157	0.00529	0.00720	0.00334	0.00555
1	0.00799	0.02581	0.07064	0.00855	0.05205	0.06237	0.00639	0.01014	0.04690	0.03091	0.14855	0.39573	0.07893	0.02597	0.00570	0.00170	0.00363	0.00934	0.00399	0.00472
2	0.01201	0.07868	0.11640	0.07956	0.10535	0.02521	0.14460	0.06726	0.03509	0.12258	0.03300	0.03210	0.05859	0.00565	0.00506	0.00147	0.03236	0.01401	0.02468	0.00635
3	0.01365	0.00772	0.00901	0.00752	0.01002	0.00769	0.00599	0.18718	0.06532	0.24719	0.09613	0.06434	0.10182	0.00720	0.00468	0.00142	0.00349	0.00594	0.14742	0.00628
4	0.00659	0.00466	0.00560	0.00606	0.00682	0.00441	0.00422	0.04286	0.00998	0.01354	0.06813	0.50137	0.15727	0.05407	0.00641	0.00184	0.00276	0.01079	0.08860	0.00403
5	0.03456	0.16490	0.26440	0.12572	0.07599	0.04519	0.04353	0.05787	0.01998	0.03674	0.02873	0.01254	0.00823	0.00503	0.00461	0.00142	0.02702	0.03477	0.00253	0.00626
6	0.03406	0.00765	0.00893	0.00784	0.01017	0.00777	0.00610	0.09421	0.20274	0.22971	0.06674	0.17548	0.09313	0.00831	0.00498	0.00156	0.00346	0.00705	0.02384	0.00626
7	0.00577	0.00428	0.00541	0.00622	0.00682	0.00392	0.00434	0.00678	0.00951	0.01239	0.06132	0.60634	0.18096	0.01374	0.00586	0.00182	0.00270	0.05361	0.00435	0.00386
8	0.04846	0.12912	0.09014	0.11548	0.03882	0.08196	0.09803	0.14724	0.05459	0.02825	0.00991	0.03796	0.00806	0.00627	0.03340	0.00164	0.04700	0.00423	0.01326	0.00617
9	0.00971	0.02366	0.04368	0.05355	0.05779	0.09817	0.03270	0.06958	0.06150	0.02734	0.13530	0.08199	0.16699	0.04837	0.02598	0.00181	0.00461	0.04833	0.00373	0.00520
10	0.00644	0.00468	0.00593	0.00658	0.00716	0.00452	0.00452	0.03897	0.03346	0.01329	0.08895	0.65808	0.05483	0.04110	0.00640	0.00190	0.00283	0.01190	0.00436	0.00408
11	0.00690	0.00514	0.00723	0.04031	0.04142	0.00552	0.00541	0.00831	0.00842	0.01185	0.10032	0.09265	0.03784	0.19305	0.38187	0.00488	0.00773	0.00647	0.03062	0.00404
12	0.01160	0.04748	0.02627	0.12997	0.08951	0.03334	0.09036	0.19007	0.03298	0.03677	0.08131	0.02886	0.03964	0.06097	0.03395	0.00188	0.05062	0.00512	0.00331	0.00598

[dist]
# distance from previous block
# <min> <max>
3	8

[block]
# block no. 8 follows, 55 sequences, length 21
# corresponding to MSA columns:
# 349-369
name=unknown_I
#
# <colnr> <probs for GDERKNQSTAVLIFYWHMCP>
#	G	D	E	R	K	N	Q	S	T	A	V	L	I	F	Y	W	H	M	C	P
0	0.49726	0.01017	0.00912	0.00760	0.01071	0.04648	0.00619	0.14244	0.04326	0.06716	0.00867	0.00935	0.00653	0.00469	0.00371	0.00136	0.02027	0.00311	0.00336	0.09856
1	0.01134	0.14683	0.55902	0.01197	0.01780	0.05187	0.01430	0.06705	0.01091	0.05507	0.00870	0.00978	0.00633	0.00452	0.00422	0.00138	0.00640	0.00338	0.00236	0.00679
2	0.00848	0.00795	0.01330	0.01206	0.07882	0.00782	0.21328	0.01139	0.05747	0.01430	0.08814	0.07231	0.19078	0.03822	0.00667	0.00178	0.04530	0.12323	0.00355	0.00514
3	0.00706	0.00574	0.00823	0.00853	0.04247	0.00552	0.06807	0.03593	0.04972	0.01348	0.04157	0.54646	0.12481	0.01209	0.00568	0.00176	0.00331	0.01097	0.00412	0.00449
4	0.01704	0.01226	0.01324	0.01027	0.01376	0.01348	0.00840	0.68760	0.05251	0.06269	0.01198	0.01258	0.00877	0.04666	0.00560	0.00156	0.00498	0.00438	0.00462	0.00764
5	0.00874	0.00785	0.04965	0.00930	0.04896	0.03691	0.03469	0.01066	0.04194	0.04723	0.01491	0.08519	0.03845	0.22507	0.19139	0.00370	0.09283	0.04490	0.00301	0.00460
6	0.00592	0.00472	0.00526	0.00519	0.00653	0.00412	0.00387	0.00738	0.01122	0.01431	0.27617	0.05644	0.51328	0.04071	0.00617	0.00166	0.00243	0.02606	0.00451	0.00403
7	0.00600	0.00421	0.00538	0.00610	0.00636	0.00400	0.00396	0.00671	0.00869	0.01166	0.07735	0.58380	0.02834	0.21275	0.01019	0.00249	0.00310	0.01133	0.00401	0.00359
8	0.00965	0.00827	0.00965	0.00689	0.01102	0.00620	0.00551	0.01171	0.00965	0.01516	0.00827	0.00965	0.00689	0.00345	0.00345	0.00069	0.00345	0.00276	0.00276	0.86494
9	0.83318	0.00908	0.00735	0.00706	0.04268	0.01046	0.00543	0.01370	0.00803	0.02063	0.00657	0.00772	0.00514	0.00431	0.00295	0.00144	0.00368	0.00259	0.00285	0.00514
10	0.01235	0.01334	0.00998	0.00908	0.01112	0.34931	0.00690	0.06279	0.10987	0.01486	0.12481	0.03972	0.16226	0.00729	0.00495	0.00139	0.02223	0.00565	0.02677	0.00531
11	0.00727	0.00547	0.00665	0.00623	0.00760	0.00526	0.00474	0.04883	0.05902	0.01803	0.56502	0.05434	0.15378	0.00968	0.00544	0.00151	0.00252	0.02904	0.00491	0.00465
12	0.01768	0.01303	0.01396	0.01070	0.01443	0.01443	0.00884	0.79197	0.02187	0.02932	0.01117	0.01117	0.00791	0.00558	0.00465	0.00140	0.00512	0.00419	0.00465	0.00791
13	0.04888	0.00902	0.01090	0.05059	0.04023	0.00973	0.02332	0.14050	0.23661	0.14270	0.11580	0.01936	0.08238	0.00676	0.00526	0.00152	0.03994	0.00552	0.00443	0.00654
14	0.00613	0.00452	0.00523	0.00543	0.00614	0.00417	0.00366	0.00699	0.00932	0.01208	0.13048	0.21098	0.26589	0.28077	0.01153	0.00259	0.00315	0.02339	0.00393	0.00360
15	0.01327	0.00925	0.00990	0.00837	0.01100	0.04888	0.00663	0.17469	0.21994	0.16947	0.14028	0.02149	0.11639	0.00715	0.00486	0.00147	0.00384	0.00586	0.02073	0.00654
16	0.01289	0.01228	0.01688	0.07260	0.55266	0.12483	0.01262	0.03491	0.03952	0.06220	0.00950	0.01158	0.00761	0.00448	0.00456	0.00138	0.00580	0.00405	0.00265	0.00700
17	0.00622	0.00450	0.00530	0.00546	0.00608	0.00420	0.00362	0.00710	0.00935	0.01236	0.18558	0.20832	0.19228	0.31482	0.01227	0.00270	0.00319	0.00915	0.00393	0.00358
18	0.03880	0.00549	0.00650	0.00641	0.00772	0.00525	0.00469	0.04370	0.04599	0.08269	0.16152	0.33228	0.19067	0.03888	0.00604	0.00175	0.00289	0.00961	0.00451	0.00462
19	0.02956	0.00963	0.01077	0.00993	0.05821	0.04716	0.00738	0.19387	0.20186	0.15563	0.08388	0.08243	0.01553	0.00692	0.00479	0.00149	0.00413	0.02974	0.04041	0.00668
20	0.02269	0.04434	0.01480	0.06992	0.22322	0.03056	0.06204	0.21538	0.07422	0.04528	0.02283	0.09285	0.03453	0.00622	0.00479	0.00148	0.00502	0.01966	0.00352	0.00663

[dist]
# distance from previous block
# <min> <max>
0	12

[block]
# block no. 9 follows, 55 sequences, length 31
# corresponding to MSA columns:
# 382-386,394-419
name=unknown_J
#
# <colnr> <probs for GDERKNQSTAVLIFYWHMCP>
#	G	D	E	R	K	N	Q	S	T	A	V	L	I	F	Y	W	H	M	C	P
0	0.03888	0.01240	0.01360	0.05010	0.20724	0.15987	0.03185	0.10485	0.23584	0.01730	0.03873	0.03468	0.02292	0.00562	0.00462	0.00144	0.00529	0.00470	0.00346	0.00662
1	0.00782	0.00642	0.00709	0.00669	0.00828	0.02912	0.00498	0.03081	0.13515	0.01581	0.25486	0.18887	0.17621	0.03064	0.00570	0.00159	0.00297	0.00838	0.00441	0.07420
2	0.01341	0.01521	0.01419	0.03306	0.06093	0.34533	0.02344	0.03699	0.01044	0.01221	0.00702	0.00963	0.00622	0.00618	0.00904	0.00158	0.36263	0.00363	0.00230	0.02658
3	0.01017	0.00716	0.00919	0.00811	0.00979	0.02431	0.02538	0.14537	0.01086	0.07869	0.05080	0.01811	0.01257	0.10148	0.40809	0.03488	0.00850	0.00504	0.00327	0.02824
4	0.01272	0.06720	0.03614	0.07784	0.28040	0.06264	0.07174	0.12895	0.14840	0.03738	0.01113	0.01291	0.00873	0.00497	0.00460	0.00142	0.00550	0.01726	0.00315	0.00693
5	0.00752	0.00509	0.00645	0.00607	0.00737	0.00471	0.00456	0.00985	0.04005	0.07036	0.58151	0.10010	0.11895	0.00980	0.00545	0.00151	0.00242	0.00860	0.00500	0.00463
6	0.00721	0.00520	0.00633	0.00623	0.00750	0.00493	0.00476	0.02046	0.03061	0.04739	0.27549	0.12380	0.26903	0.03377	0.03095	0.00188	0.01870	0.08492	0.01641	0.00440
7	0.00905	0.00708	0.06022	0.00638	0.00839	0.00607	0.00537	0.09244	0.03945	0.05478	0.13062	0.06769	0.22996	0.00815	0.00464	0.00140	0.00301	0.00679	0.25348	0.00503
8	0.05507	0.06351	0.11308	0.09440	0.18613	0.03594	0.10480	0.14071	0.01225	0.08697	0.01035	0.04584	0.00822	0.00509	0.00472	0.00144	0.01740	0.00444	0.00302	0.00666
9	0.02805	0.00724	0.00806	0.00717	0.00928	0.00740	0.00557	0.10226	0.19082	0.10625	0.15525	0.07682	0.20578	0.00841	0.00497	0.00151	0.00316	0.00706	0.05923	0.00572
10	0.00587	0.00425	0.00543	0.00625	0.00670	0.00396	0.00426	0.00676	0.00913	0.01203	0.05414	0.61416	0.11101	0.08645	0.00746	0.00208	0.00288	0.04920	0.00421	0.00376
11	0.06810	0.13580	0.10659	0.15935	0.18000	0.06529	0.05310	0.05845	0.02707	0.01481	0.02916	0.01190	0.00796	0.00490	0.00481	0.00142	0.04373	0.01890	0.00251	0.00616
12	0.00649	0.00491	0.00593	0.00640	0.00726	0.00476	0.00452	0.00894	0.09870	0.01376	0.11740	0.50102	0.15596	0.01238	0.00561	0.00173	0.00268	0.01100	0.02625	0.00429
13	0.00625	0.00445	0.00577	0.00650	0.00690	0.00434	0.00447	0.00738	0.02532	0.01187	0.04892	0.52691	0.02700	0.16943	0.04676	0.00264	0.00364	0.08370	0.00398	0.00376
14	0.19812	0.01101	0.05524	0.11114	0.05290	0.01127	0.04859	0.20985	0.12643	0.11357	0.01141	0.01200	0.00823	0.00511	0.00431	0.00147	0.00483	0.00406	0.00372	0.00671
15	0.03833	0.11344	0.06644	0.01180	0.12396	0.01063	0.03752	0.11654	0.12062	0.07341	0.05305	0.05891	0.05470	0.03893	0.02241	0.00170	0.02035	0.02739	0.00357	0.00627
16	0.00613	0.00436	0.00547	0.00614	0.00681	0.00397	0.00425	0.00711	0.00953	0.03194	0.06283	0.56983	0.19207	0.03906	0.00636	0.00188	0.00273	0.03127	0.00434	0.00392
17	0.00593	0.00450	0.00549	0.00610	0.00685	0.00416	0.00425	0.00742	0.03980	0.01291	0.09694	0.53974	0.22258	0.01314	0.00575	0.00176	0.00261	0.01167	0.00440	0.00400
18	0.01048	0.00773	0.00961	0.04748	0.04123	0.02718	0.04723	0.13041	0.07767	0.05709	0.19787	0.04652	0.07968	0.00721	0.00474	0.00142	0.00367	0.02203	0.17520	0.00555
19	0.00913	0.00763	0.00938	0.04999	0.08947	0.05860	0.02918	0.06534	0.05021	0.03668	0.05680	0.25678	0.10530	0.09241	0.00717	0.00193	0.00415	0.06109	0.00380	0.00495
20	0.00812	0.00605	0.00727	0.00654	0.00808	0.00596	0.00502	0.10659	0.05430	0.01949	0.60067	0.03180	0.10383	0.00906	0.00535	0.00147	0.00265	0.00785	0.00497	0.00494
21	0.00670	0.00474	0.00630	0.00633	0.00685	0.00515	0.00445	0.00769	0.00740	0.01040	0.01469	0.04849	0.03437	0.34621	0.43473	0.00578	0.00845	0.00603	0.03162	0.00362
22	0.05339	0.23960	0.01619	0.03817	0.04665	0.32360	0.00875	0.17688	0.01344	0.01569	0.00804	0.00911	0.00651	0.00470	0.00392	0.00121	0.00627	0.00319	0.01859	0.00611
23	0.01244	0.83930	0.02438	0.00796	0.01194	0.01841	0.00796	0.01393	0.00945	0.01095	0.00647	0.00746	0.00597	0.00398	0.00299	0.00100	0.00498	0.00249	0.00199	0.00597
24	0.01170	0.02672	0.06900	0.04516	0.11219	0.07655	0.00832	0.11342	0.08825	0.08383	0.03721	0.03543	0.04359	0.16143	0.03746	0.00224	0.02041	0.01785	0.00344	0.00581
25	0.04758	0.31997	0.12168	0.01008	0.03024	0.05607	0.04135	0.14915	0.05177	0.04962	0.05932	0.01192	0.02246	0.00504	0.00401	0.00127	0.00518	0.00381	0.00305	0.00642
26	0.00570	0.00410	0.00536	0.00635	0.00667	0.00381	0.00423	0.00650	0.00892	0.01181	0.02629	0.76973	0.06678	0.04168	0.00651	0.00196	0.00274	0.01285	0.00427	0.00375
27	0.25272	0.08901	0.09945	0.02643	0.07971	0.16446	0.04674	0.03035	0.00981	0.01519	0.00721	0.00911	0.00594	0.00501	0.00567	0.00146	0.14031	0.00330	0.00242	0.00571
28	0.01114	0.00681	0.00840	0.03430	0.01009	0.00669	0.00589	0.01495	0.15111	0.21955	0.22837	0.04067	0.17256	0.00825	0.00535	0.00152	0.02404	0.02186	0.00480	0.02365
29	0.01153	0.03455	0.15462	0.04577	0.09025	0.05084	0.17730	0.09204	0.10405	0.04904	0.04636	0.01526	0.04016	0.04812	0.00594	0.00163	0.01814	0.00490	0.00312	0.00638
30	0.00881	0.03115	0.10517	0.05644	0.04516	0.01826	0.01981	0.03551	0.04787	0.06104	0.09165	0.25374	0.10524	0.03068	0.02167	0.01698	0.00415	0.00775	0.00372	0.03519

[dist]
# distance from previous block
# <min> <max>
12	56

[block]
# block no. 10 follows, 55 sequences, length 27
# corresponding to MSA columns:
# 485-511
name=unknown_K
#
# <colnr> <probs for GDERKNQSTAVLIFYWHMCP>
#	G	D	E	R	K	N	Q	S	T	A	V	L	I	F	Y	W	H	M	C	P
0	0.03146	0.04326	0.07057	0.03614	0.08623	0.13190	0.08513	0.14915	0.14888	0.01736	0.01106	0.03114	0.00889	0.02541	0.00492	0.00142	0.00552	0.00428	0.00323	0.10407
1	0.14019	0.01270	0.13519	0.06725	0.14097	0.08066	0.09655	0.03499	0.02360	0.03711	0.02189	0.03458	0.00848	0.04925	0.00534	0.00153	0.00551	0.00418	0.00271	0.09732
2	0.08873	0.01218	0.06243	0.04543	0.24470	0.11903	0.03997	0.05073	0.08808	0.01553	0.01302	0.01471	0.08105	0.02350	0.00551	0.00151	0.05315	0.00452	0.01562	0.02061
3	0.03884	0.10006	0.03933	0.03747	0.10787	0.09734	0.06095	0.06112	0.06848	0.01531	0.09788	0.07464	0.03030	0.00690	0.02336	0.00153	0.04698	0.01339	0.00315	0.07510
4	0.01050	0.01127	0.04965	0.01325	0.06188	0.04331	0.05472	0.01207	0.00810	0.01213	0.00677	0.01027	0.00629	0.00699	0.01223	0.00181	0.59854	0.00398	0.00214	0.07413
5	0.00854	0.00791	0.01292	0.71340	0.02873	0.00970	0.01181	0.01174	0.03459	0.01216	0.01137	0.06419	0.04279	0.00562	0.00477	0.00157	0.00574	0.00497	0.00239	0.00510
6	0.01351	0.22641	0.01498	0.00950	0.01270	0.14060	0.00788	0.13512	0.30649	0.01720	0.01205	0.01199	0.00939	0.00519	0.00411	0.00129	0.00496	0.00387	0.00352	0.05923
7	0.02251	0.03528	0.07856	0.01251	0.11934	0.13281	0.03404	0.06100	0.25644	0.03096	0.01495	0.05731	0.03375	0.03756	0.00545	0.00161	0.00514	0.05091	0.00353	0.00634
8	0.06667	0.01236	0.06750	0.03606	0.19699	0.03793	0.02276	0.36077	0.01557	0.05133	0.02052	0.02893	0.00935	0.00563	0.00465	0.00145	0.00525	0.04557	0.00367	0.00705
9	0.00808	0.00404	0.00606	0.00606	0.00606	0.00404	0.00404	0.00606	0.00606	0.00808	0.00808	0.01414	0.00808	0.01616	0.01818	0.86465	0.00404	0.00404	0.00202	0.00202
10	0.00596	0.00444	0.00596	0.00682	0.00709	0.00443	0.00468	0.00682	0.00889	0.01198	0.04135	0.76579	0.02955	0.01407	0.00650	0.00189	0.05317	0.01256	0.00420	0.00387
11	0.01019	0.01104	0.08341	0.14696	0.38435	0.04484	0.02446	0.01331	0.04336	0.01419	0.03508	0.07307	0.03533	0.02538	0.00543	0.00156	0.02054	0.01859	0.00267	0.00622
12	0.17510	0.00908	0.04896	0.00879	0.03496	0.00816	0.00725	0.04102	0.04158	0.51755	0.01497	0.01393	0.00994	0.00667	0.03977	0.00171	0.00447	0.00423	0.00473	0.00714
13	0.01212	0.01076	0.01079	0.00965	0.01231	0.05484	0.00751	0.05387	0.72715	0.01941	0.01801	0.01664	0.01352	0.00620	0.00470	0.00155	0.00399	0.00510	0.00461	0.00728
14	0.01535	0.01129	0.01272	0.02827	0.04404	0.01233	0.00845	0.56803	0.05550	0.04764	0.06477	0.05585	0.01245	0.00653	0.00484	0.00147	0.00472	0.03398	0.00454	0.00723
15	0.11478	0.05574	0.06278	0.01436	0.22645	0.03329	0.02050	0.20104	0.02299	0.09522	0.04092	0.02515	0.02243	0.02443	0.01877	0.00157	0.00507	0.00434	0.00345	0.00672
16	0.01119	0.01274	0.02577	0.06266	0.04929	0.05061	0.68637	0.01490	0.01098	0.01458	0.00922	0.01231	0.00697	0.00401	0.00535	0.00154	0.00771	0.00525	0.00234	0.00621
17	0.00591	0.00443	0.00537	0.00574	0.00655	0.00401	0.00401	0.00709	0.01025	0.01347	0.21330	0.36870	0.25471	0.06610	0.00686	0.00187	0.00260	0.01070	0.00441	0.00390
18	0.03463	0.03527	0.02904	0.11238	0.47240	0.06962	0.02551	0.01343	0.01016	0.01402	0.00976	0.07922	0.00893	0.00570	0.01516	0.00153	0.04968	0.00474	0.00244	0.00639
19	0.00773	0.00671	0.00989	0.14508	0.18693	0.00686	0.00793	0.01001	0.04343	0.01331	0.04621	0.27851	0.18753	0.00953	0.00528	0.00163	0.00387	0.02098	0.00355	0.00500
20	0.01728	0.00852	0.01062	0.00846	0.01154	0.00822	0.00684	0.19248	0.04035	0.46938	0.09353	0.06696	0.01522	0.02195	0.00518	0.00152	0.00397	0.00551	0.00527	0.00721
21	0.00590	0.00415	0.00533	0.00618	0.00639	0.00394	0.00400	0.00654	0.00845	0.01126	0.02328	0.66071	0.02779	0.19140	0.00975	0.00245	0.00309	0.01184	0.00400	0.00357
22	0.03622	0.03608	0.20298	0.02586	0.13446	0.09605	0.07242	0.01566	0.11426	0.05765	0.03860	0.05017	0.04077	0.00570	0.00463	0.00144	0.00549	0.01916	0.00306	0.03935
