[name]
unknown

[dist]
# distance from previous block
# <min> <max>
0	46

[block]
# block no. 0 follows, 71 sequences, length 12
# corresponding to MSA columns:
# 53-64
name=unknown_A
#
# <colnr> <probs for GDERKNQSTAVLIFYWHMCP>
#	G	D	E	R	K	N	Q	S	T	A	V	L	I	F	Y	W	H	M	C	P
0	0.00959	0.00661	0.05418	0.00723	0.03099	0.02263	0.02685	0.09710	0.00952	0.20918	0.01539	0.29989	0.01518	0.07840	0.00555	0.00154	0.00336	0.06545	0.02178	0.01956
1	0.02771	0.21444	0.02913	0.00812	0.06695	0.00975	0.00645	0.11642	0.12118	0.02650	0.06986	0.01162	0.04888	0.00459	0.00408	0.00105	0.07079	0.00346	0.00270	0.15632
2	0.00880	0.00886	0.04062	0.24797	0.47211	0.02564	0.02872	0.01147	0.03643	0.01182	0.00734	0.00967	0.00591	0.00356	0.00375	0.00115	0.00466	0.00335	0.00193	0.06624
3	0.01720	0.00653	0.00890	0.00682	0.00979	0.00564	0.00564	0.01869	0.01097	0.84399	0.01513	0.01305	0.00949	0.00475	0.00386	0.00119	0.00326	0.00386	0.00475	0.00653
4	0.00859	0.00754	0.00942	0.06805	0.12370	0.00827	0.02975	0.04551	0.44874	0.01436	0.04466	0.03951	0.12396	0.00567	0.00403	0.00127	0.00331	0.00489	0.00337	0.00539
5	0.00532	0.00361	0.00426	0.00451	0.00458	0.00354	0.00268	0.00551	0.00608	0.00811	0.01468	0.26525	0.01721	0.62063	0.01532	0.00310	0.00329	0.00710	0.00268	0.00255
6	0.01041	0.00954	0.09794	0.00918	0.03668	0.02452	0.08525	0.12756	0.29638	0.09320	0.03489	0.01223	0.00934	0.00475	0.00433	0.00123	0.05385	0.00392	0.07918	0.00562
7	0.00455	0.00381	0.00396	0.00408	0.00523	0.00322	0.00300	0.00548	0.00855	0.01028	0.03648	0.14691	0.73129	0.01002	0.00458	0.00133	0.00198	0.00847	0.00356	0.00322
8	0.00839	0.00900	0.06205	0.15819	0.31692	0.02885	0.17005	0.01073	0.00810	0.01116	0.00768	0.01101	0.00650	0.05503	0.08471	0.00183	0.03916	0.00376	0.00189	0.00499
9	0.10497	0.14934	0.01178	0.00882	0.01108	0.60464	0.00693	0.04107	0.01017	0.01063	0.00588	0.00680	0.00491	0.00383	0.00320	0.00099	0.00598	0.00240	0.00203	0.00456
10	0.75986	0.00842	0.00648	0.00568	0.00809	0.06522	0.00463	0.08013	0.00778	0.01726	0.00570	0.00652	0.00440	0.00367	0.00257	0.00117	0.00334	0.00222	0.00247	0.00437
11	0.00877	0.00730	0.00839	0.00607	0.00943	0.00595	0.00488	0.11110	0.00920	0.01394	0.00711	0.00811	0.00578	0.00306	0.00296	0.00064	0.00301	0.00242	0.00247	0.77940

[dist]
# distance from previous block
# <min> <max>
0	9

[block]
# block no. 1 follows, 71 sequences, length 11
# corresponding to MSA columns:
# 74-84
name=unknown_B
#
# <colnr> <probs for GDERKNQSTAVLIFYWHMCP>
#	G	D	E	R	K	N	Q	S	T	A	V	L	I	F	Y	W	H	M	C	P
0	0.00958	0.00780	0.04492	0.00745	0.03360	0.00775	0.00594	0.28050	0.15038	0.03804	0.29985	0.01849	0.06713	0.00605	0.00412	0.00121	0.00310	0.00506	0.00383	0.00519
1	0.00568	0.00405	0.00501	0.00496	0.00509	0.00437	0.00320	0.00602	0.00579	0.00793	0.01178	0.06438	0.01318	0.61861	0.16872	0.00393	0.05688	0.00544	0.00230	0.00268
2	0.01018	0.07948	0.35684	0.01075	0.05213	0.15237	0.05783	0.13295	0.02723	0.01313	0.00747	0.02981	0.00590	0.00416	0.00405	0.00117	0.04383	0.00319	0.00214	0.00540
3	0.84633	0.00737	0.00581	0.00514	0.00754	0.00845	0.00423	0.01166	0.00676	0.06067	0.00585	0.00659	0.00443	0.00362	0.00245	0.00119	0.00298	0.00217	0.00250	0.00428
4	0.00582	0.00470	0.00661	0.05488	0.06537	0.00506	0.00512	0.00760	0.04333	0.01002	0.04539	0.04858	0.17742	0.04749	0.45044	0.00393	0.00680	0.00521	0.00254	0.00369
5	0.01458	0.01074	0.01151	0.00882	0.01189	0.01189	0.00729	0.82855	0.01803	0.02416	0.00921	0.00921	0.00652	0.00460	0.00384	0.00115	0.00422	0.00345	0.00384	0.00652
6	0.00557	0.00373	0.00423	0.00422	0.00427	0.00371	0.00239	0.00567	0.00587	0.00787	0.05744	0.02529	0.01516	0.81824	0.01869	0.00358	0.00361	0.00565	0.00243	0.00239
7	0.89233	0.00741	0.00564	0.00504	0.00741	0.00860	0.00415	0.01127	0.00653	0.01720	0.00534	0.00623	0.00415	0.00356	0.00237	0.00119	0.00297	0.00208	0.00237	0.00415
8	0.01667	0.00717	0.00944	0.00744	0.01023	0.00655	0.00605	0.06951	0.01138	0.71332	0.01472	0.01358	0.00972	0.00648	0.04944	0.00158	0.03146	0.00403	0.00463	0.00659
9	0.01170	0.12190	0.07060	0.01000	0.04537	0.42686	0.08394	0.03214	0.00975	0.01074	0.00635	0.00753	0.00521	0.00360	0.00337	0.00096	0.00565	0.00266	0.00199	0.13966
10	0.00958	0.00860	0.01257	0.07369	0.39670	0.05610	0.05463	0.07385	0.06247	0.04739	0.15345	0.01321	0.01172	0.00449	0.00396	0.00117	0.00418	0.00412	0.00269	0.00543

[dist]
# distance from previous block
# <min> <max>
0	2

[block]
# block no. 2 follows, 71 sequences, length 122
# corresponding to MSA columns:
# 87-208
name=unknown_C
#
# <colnr> <probs for GDERKNQSTAVLIFYWHMCP>
#	G	D	E	R	K	N	Q	S	T	A	V	L	I	F	Y	W	H	M	C	P
0	0.01367	0.01367	0.01079	0.00913	0.01140	0.40319	0.00717	0.32365	0.03652	0.03937	0.02429	0.00926	0.02292	0.00460	0.00418	0.00111	0.05373	0.00318	0.00287	0.00529
1	0.00620	0.00438	0.00536	0.00492	0.00620	0.00400	0.01980	0.00815	0.04767	0.06502	0.41895	0.02872	0.30466	0.00790	0.00436	0.00122	0.00209	0.00680	0.04979	0.00381
2	0.05131	0.00956	0.01047	0.00813	0.01105	0.02754	0.00669	0.55916	0.01537	0.22093	0.01044	0.01013	0.00719	0.00526	0.02762	0.00130	0.00416	0.00349	0.00391	0.00629
3	0.89233	0.00741	0.00564	0.00504	0.00741	0.00860	0.00415	0.01127	0.00653	0.01720	0.00534	0.00623	0.00415	0.00356	0.00237	0.00119	0.00297	0.00208	0.00237	0.00415
4	0.00769	0.01983	0.84538	0.01093	0.01659	0.00890	0.01417	0.01214	0.00810	0.01214	0.00688	0.00810	0.00486	0.00364	0.00364	0.00121	0.00567	0.00283	0.00162	0.00567
5	0.01436	0.00620	0.00818	0.00654	0.00906	0.00561	0.00530	0.01673	0.08359	0.61859	0.16672	0.01603	0.01459	0.00535	0.00398	0.00120	0.00298	0.00446	0.00457	0.00595
6	0.00543	0.00392	0.00513	0.00482	0.00573	0.00362	0.00362	0.00724	0.01085	0.01538	0.83931	0.02864	0.03618	0.00784	0.00452	0.00121	0.00181	0.00693	0.00422	0.00362
7	0.00558	0.00372	0.00418	0.00418	0.00418	0.00372	0.00232	0.00558	0.00558	0.00743	0.01208	0.02509	0.01394	0.86525	0.01952	0.00372	0.00372	0.00558	0.00232	0.00232
8	0.00982	0.00838	0.00883	0.00786	0.01008	0.00967	0.00614	0.06607	0.78825	0.01650	0.01524	0.01402	0.01141	0.00517	0.00390	0.00129	0.00310	0.00428	0.00390	0.00609
9	0.00954	0.00824	0.00867	0.00780	0.00997	0.00954	0.00607	0.02037	0.83441	0.01604	0.01561	0.01431	0.01170	0.00520	0.00390	0.00130	0.00303	0.00433	0.00390	0.00607
10	0.04604	0.01053	0.01124	0.00865	0.01169	0.01164	0.00714	0.78249	0.01747	0.04094	0.00919	0.00918	0.00650	0.00457	0.00378	0.00115	0.00415	0.00341	0.00380	0.00644
11	0.00472	0.00338	0.00450	0.00538	0.00564	0.00316	0.00364	0.00543	0.00741	0.00986	0.02132	0.82326	0.03527	0.01193	0.00490	0.00156	0.00227	0.03966	0.00356	0.00313
12	0.00543	0.00392	0.00513	0.00482	0.00573	0.00362	0.00362	0.00724	0.01085	0.01538	0.83931	0.02864	0.03618	0.00784	0.00452	0.00121	0.00181	0.00693	0.00422	0.00362
13	0.89233	0.00741	0.00564	0.00504	0.00741	0.00860	0.00415	0.01127	0.00653	0.01720	0.00534	0.00623	0.00415	0.00356	0.00237	0.00119	0.00297	0.00208	0.00237	0.00415
14	0.00548	0.00411	0.00616	0.00616	0.00685	0.00479	0.00479	0.00685	0.00616	0.00890	0.01027	0.01506	0.00959	0.02876	0.85006	0.00616	0.01027	0.00411	0.00205	0.00342
15	0.00803	0.00689	0.00799	0.00579	0.00913	0.00534	0.00462	0.01022	0.05152	0.01268	0.00728	0.00829	0.00600	0.00296	0.00290	0.00061	0.00285	0.00238	0.00236	0.84216
16	0.00780	0.05495	0.81119	0.01075	0.01632	0.00916	0.01385	0.01212	0.00808	0.01201	0.00682	0.00801	0.00486	0.00363	0.00359	0.00120	0.00560	0.00280	0.00162	0.00564
17	0.01458	0.01074	0.01151	0.00882	0.01189	0.01189	0.00729	0.82855	0.01803	0.02416	0.00921	0.00921	0.00652	0.00460	0.00384	0.00115	0.00422	0.00345	0.00384	0.00652
18	0.00613	0.00440	0.00611	0.00697	0.00787	0.00438	0.00609	0.00788	0.00882	0.01144	0.02082	0.04307	0.04478	0.01057	0.00527	0.00175	0.00349	0.79310	0.00353	0.00352
19	0.01007	0.00850	0.00897	0.00791	0.01017	0.00978	0.00620	0.10541	0.74851	0.01689	0.01493	0.01377	0.01116	0.00514	0.00389	0.00128	0.00316	0.00424	0.00389	0.00612
20	0.01025	0.86756	0.02009	0.00656	0.00984	0.01517	0.00656	0.01148	0.00779	0.00902	0.00533	0.00615	0.00492	0.00328	0.00246	0.00082	0.00410	0.00205	0.00164	0.00492
21	0.00795	0.00681	0.00795	0.00568	0.00909	0.00511	0.00454	0.00965	0.00795	0.01249	0.00681	0.00795	0.00568	0.00284	0.00284	0.00057	0.00284	0.00227	0.00227	0.88869
22	0.01458	0.01074	0.01151	0.00882	0.01189	0.01189	0.00729	0.82855	0.01803	0.02416	0.00921	0.00921	0.00652	0.00460	0.00384	0.00115	0.00422	0.00345	0.00384	0.00652
23	0.00548	0.00411	0.00616	0.00616	0.00685	0.00479	0.00479	0.00685	0.00616	0.00890	0.01027	0.01506	0.00959	0.02876	0.85006	0.00616	0.01027	0.00411	0.00205	0.00342
24	0.00864	0.00800	0.01337	0.26075	0.49661	0.00851	0.02854	0.01122	0.03118	0.01198	0.00778	0.01025	0.00626	0.00367	0.00373	0.00117	0.00449	0.00348	0.07507	0.00532
25	0.87400	0.00748	0.00576	0.00512	0.00751	0.00867	0.00422	0.02834	0.00677	0.01735	0.00542	0.00629	0.00420	0.00358	0.00240	0.00119	0.00299	0.00210	0.00240	0.00420
26	0.00905	0.01034	0.02262	0.01616	0.02004	0.00970	0.82741	0.01228	0.00905	0.01228	0.00776	0.01034	0.00582	0.00323	0.00452	0.00129	0.00646	0.00452	0.00194	0.00517
27	0.00457	0.00390	0.00394	0.00396	0.00525	0.00327	0.00299	0.00556	0.00874	0.01038	0.03839	0.03705	0.81990	0.00973	0.00455	0.00131	0.00198	0.02772	0.00356	0.00324
28	0.00465	0.00342	0.00436	0.00511	0.00550	0.00313	0.00346	0.00537	0.00757	0.00988	0.02398	0.73017	0.15610	0.01164	0.00484	0.00152	0.00218	0.01045	0.00356	0.00313
29	0.00617	0.00386	0.00471	0.00447	0.00541	0.00364	0.00336	0.00797	0.00998	0.02996	0.56762	0.02390	0.02751	0.00674	0.00394	0.00111	0.00183	0.00583	0.27832	0.00366
30	0.00558	0.00372	0.00418	0.00418	0.00418	0.00372	0.00232	0.00558	0.00558	0.00743	0.01208	0.02509	0.01394	0.86525	0.01952	0.00372	0.00372	0.00558	0.00232	0.00232
31	0.00954	0.00824	0.00867	0.00780	0.00997	0.00954	0.00607	0.02037	0.83441	0.01604	0.01561	0.01431	0.01170	0.00520	0.00390	0.00130	0.00303	0.00433	0.00390	0.00607
32	0.00905	0.01034	0.02262	0.01616	0.02004	0.00970	0.82741	0.01228	0.00905	0.01228	0.00776	0.01034	0.00582	0.00323	0.00452	0.00129	0.00646	0.00452	0.00194	0.00517
33	0.00795	0.00681	0.00795	0.00568	0.00909	0.00511	0.00454	0.00965	0.00795	0.01249	0.00681	0.00795	0.00568	0.00284	0.00284	0.00057	0.00284	0.00227	0.00227	0.88869
34	0.00467	0.00334	0.00445	0.00534	0.00556	0.00311	0.00356	0.00534	0.00734	0.00979	0.02113	0.86275	0.02536	0.01201	0.00489	0.00156	0.00222	0.01090	0.00356	0.00311
35	0.00456	0.00388	0.00392	0.00393	0.00520	0.00324	0.00294	0.00554	0.00877	0.01047	0.05852	0.05006	0.80655	0.00970	0.00454	0.00130	0.00194	0.00811	0.00358	0.00324
36	0.89233	0.00741	0.00564	0.00504	0.00741	0.00860	0.00415	0.01127	0.00653	0.01720	0.00534	0.00623	0.00415	0.00356	0.00237	0.00119	0.00297	0.00208	0.00237	0.00415
37	0.01432	0.01827	0.01087	0.00988	0.01185	0.84986	0.00741	0.01531	0.01087	0.00938	0.00593	0.00691	0.00494	0.00395	0.00346	0.00099	0.00691	0.00247	0.00198	0.00444
38	0.00548	0.00411	0.00616	0.00616	0.00685	0.00479	0.00479	0.00685	0.00616	0.00890	0.01027	0.01506	0.00959	0.02876	0.85006	0.00616	0.01027	0.00411	0.00205	0.00342
39	0.89233	0.00741	0.00564	0.00504	0.00741	0.00860	0.00415	0.01127	0.00653	0.01720	0.00534	0.00623	0.00415	0.00356	0.00237	0.00119	0.00297	0.00208	0.00237	0.00415
40	0.00543	0.00392	0.00513	0.00482	0.00573	0.00362	0.00362	0.00724	0.01085	0.01538	0.83931	0.02864	0.03618	0.00784	0.00452	0.00121	0.00181	0.00693	0.00422	0.00362
41	0.00795	0.00681	0.00795	0.00568	0.00909	0.00511	0.00454	0.00965	0.00795	0.01249	0.00681	0.00795	0.00568	0.00284	0.00284	0.00057	0.00284	0.00227	0.00227	0.88869
42	0.01413	0.09828	0.01238	0.00859	0.01168	0.01223	0.00721	0.74507	0.01698	0.02262	0.00881	0.00889	0.00636	0.00447	0.00370	0.00112	0.00421	0.00331	0.00361	0.00636
43	0.46097	0.09902	0.02606	0.00653	0.00922	0.01006	0.00559	0.21983	0.06996	0.01773	0.00739	0.00828	0.00574	0.00402	0.00295	0.00115	0.00347	0.01669	0.00278	0.02254
44	0.01000	0.06277	0.25100	0.00990	0.05917	0.03355	0.02528	0.14975	0.32821	0.01539	0.01054	0.01065	0.00786	0.00437	0.00373	0.00120	0.00431	0.00352	0.00290	0.00590
45	0.01140	0.00882	0.17722	0.00786	0.03814	0.00623	0.01645	0.03086	0.05052	0.36735	0.15951	0.04140	0.05615	0.00550	0.00400	0.00122	0.00348	0.00463	0.00374	0.00552
46	0.00778	0.00731	0.01224	0.57579	0.24696	0.00846	0.01055	0.01034	0.02380	0.01066	0.00772	0.04758	0.00639	0.00411	0.00387	0.00125	0.00479	0.00376	0.00188	0.00474
47	0.01025	0.86756	0.02009	0.00656	0.00984	0.01517	0.00656	0.01148	0.00779	0.00902	0.00533	0.00615	0.00492	0.00328	0.00246	0.00082	0.00410	0.00205	0.00164	0.00492
48	0.00816	0.04049	0.60862	0.01187	0.03007	0.02112	0.16721	0.01208	0.00827	0.01200	0.00696	0.00848	0.00508	0.00360	0.00395	0.00121	0.02356	0.00314	0.00170	0.02245
49	0.00556	0.00387	0.00483	0.00482	0.00502	0.00410	0.00310	0.00597	0.00578	0.00791	0.01170	0.04095	0.01289	0.60548	0.24746	0.00432	0.01604	0.00526	0.00227	0.00267
50	0.15372	0.04276	0.01030	0.00896	0.01106	0.66641	0.00684	0.02538	0.02255	0.01091	0.00600	0.00692	0.00494	0.00390	0.00327	0.00102	0.00611	0.00243	0.00208	0.00447
51	0.00467	0.00334	0.00445	0.00534	0.00556	0.00311	0.00356	0.00534	0.00734	0.00979	0.02113	0.86275	0.02536	0.01201	0.00489	0.00156	0.00222	0.01090	0.00356	0.00311
52	0.00495	0.00357	0.00463	0.00538	0.00572	0.00337	0.00364	0.02854	0.00770	0.01022	0.02149	0.80648	0.05660	0.01171	0.00485	0.00154	0.00227	0.01058	0.00357	0.00322
53	0.00931	0.00893	0.01524	0.09029	0.77598	0.00906	0.01168	0.01161	0.00865	0.01231	0.00718	0.00955	0.00600	0.00345	0.00380	0.00115	0.00460	0.00342	0.00188	0.00593
54	0.00564	0.00429	0.00626	0.00617	0.00675	0.00505	0.00474	0.00685	0.00609	0.00878	0.01018	0.01569	0.00977	0.10853	0.72667	0.00570	0.05323	0.00421	0.00206	0.00336
55	0.00571	0.00394	0.00496	0.00532	0.00569	0.00393	0.00384	0.00645	0.00701	0.00930	0.04322	0.09478	0.01824	0.46012	0.03167	0.00286	0.00362	0.28359	0.00289	0.00287
56	0.00769	0.01983	0.84538	0.01093	0.01659	0.00890	0.01417	0.01214	0.00810	0.01214	0.00688	0.00810	0.00486	0.00364	0.00364	0.00121	0.00567	0.00283	0.00162	0.00567
57	0.01458	0.01074	0.01151	0.00882	0.01189	0.01189	0.00729	0.82855	0.01803	0.02416	0.00921	0.00921	0.00652	0.00460	0.00384	0.00115	0.00422	0.00345	0.00384	0.00652
58	0.02548	0.00719	0.00826	0.00602	0.00934	0.00587	0.00484	0.08153	0.02577	0.04115	0.00745	0.00833	0.00597	0.00312	0.00297	0.00067	0.00298	0.00247	0.00252	0.74806
59	0.00947	0.00918	0.01234	0.07394	0.12924	0.06413	0.04680	0.10184	0.03501	0.01179	0.00702	0.03844	0.00630	0.00560	0.00822	0.00144	0.42863	0.00367	0.00212	0.00481
60	0.00662	0.00435	0.00518	0.00477	0.00618	0.00376	0.00362	0.00794	0.00955	0.11752	0.29061	0.09272	0.36808	0.00828	0.00438	0.00123	0.00214	0.00708	0.00385	0.05214
61	0.00904	0.01008	0.03424	0.01342	0.01578	0.04124	0.45976	0.02181	0.00801	0.01117	0.00666	0.00942	0.00548	0.00460	0.00752	0.00142	0.32973	0.00396	0.00186	0.00480
62	0.00639	0.00377	0.00428	0.00412	0.00507	0.00361	0.00310	0.00816	0.00920	0.01459	0.34859	0.02064	0.04350	0.00595	0.00348	0.00103	0.00182	0.00504	0.48973	0.01791
63	0.00646	0.00523	0.00675	0.05147	0.12293	0.00501	0.00504	0.05233	0.02034	0.02710	0.20931	0.04436	0.39192	0.00761	0.00429	0.00124	0.00260	0.00651	0.02545	0.00405
64	0.76606	0.00729	0.00611	0.00530	0.00776	0.00817	0.00437	0.01234	0.00717	0.13650	0.00675	0.00721	0.00492	0.00373	0.00259	0.00119	0.00301	0.00233	0.00272	0.00449
65	0.00453	0.00388	0.00388	0.00388	0.00518	0.00324	0.00291	0.00550	0.00874	0.01036	0.03884	0.03690	0.83978	0.00971	0.00453	0.00129	0.00194	0.00809	0.00356	0.00324
66	0.00541	0.00394	0.00495	0.00468	0.00568	0.00357	0.00352	0.00707	0.01048	0.02464	0.68688	0.02992	0.17873	0.00813	0.00452	0.00122	0.00185	0.00710	0.00411	0.00359
67	0.00540	0.00392	0.00509	0.00480	0.00571	0.00361	0.00360	0.00719	0.01079	0.01523	0.81676	0.02887	0.05882	0.00789	0.00452	0.00121	0.00181	0.00697	0.00420	0.00361
68	0.04388	0.00769	0.00948	0.00731	0.01027	0.00743	0.00603	0.23178	0.02506	0.58966	0.01327	0.01184	0.00857	0.00468	0.00380	0.00118	0.00350	0.00370	0.00442	0.00644
69	0.00944	0.50630	0.33705	0.00838	0.01252	0.04744	0.00952	0.01189	0.00804	0.01024	0.00595	0.00693	0.00490	0.00345	0.00296	0.00098	0.00482	0.00237	0.00165	0.00519
70	0.00687	0.00445	0.00640	0.04767	0.00778	0.00470	0.00480	0.00845	0.00827	0.10500	0.27477	0.01892	0.01783	0.01816	0.44376	0.00378	0.00653	0.00495	0.00303	0.00388
71	0.01648	0.00674	0.00886	0.00683	0.00971	0.00607	0.00563	0.08745	0.01143	0.73302	0.01449	0.01278	0.00925	0.00472	0.00380	0.00117	0.00327	0.00381	0.04810	0.00638
72	0.00588	0.00381	0.00564	0.00586	0.00630	0.00380	0.02686	0.00615	0.00669	0.02337	0.01446	0.35435	0.01604	0.01469	0.14852	0.26698	0.00415	0.08086	0.00272	0.00289
73	0.05192	0.02258	0.34520	0.11277	0.20024	0.00912	0.18010	0.01177	0.00830	0.01220	0.00703	0.00900	0.00532	0.00352	0.00381	0.00122	0.00537	0.00333	0.00179	0.00541
74	0.00581	0.00449	0.00649	0.00638	0.00709	0.00531	0.00496	0.00759	0.04693	0.00924	0.01034	0.01494	0.00958	0.04398	0.75373	0.00567	0.04765	0.00412	0.00213	0.00357
75	0.01458	0.01074	0.01151	0.00882	0.01189	0.01189	0.00729	0.82855	0.01803	0.02416	0.00921	0.00921	0.00652	0.00460	0.00384	0.00115	0.00422	0.00345	0.00384	0.00652
76	0.00839	0.00839	0.01174	0.01007	0.01007	0.01174	0.00839	0.00923	0.00587	0.00923	0.00503	0.00839	0.00503	0.00671	0.01258	0.00168	0.85823	0.00336	0.00168	0.00419
77	0.00669	0.00350	0.00532	0.04691	0.00605	0.00359	0.00369	0.00523	0.00513	0.00681	0.00667	0.01158	0.00658	0.01285	0.01444	0.84475	0.00342	0.00333	0.00167	0.00179
78	0.01010	0.00864	0.00888	0.00790	0.01012	0.03605	0.00616	0.05998	0.75024	0.03433	0.01497	0.01379	0.01119	0.00512	0.00388	0.00128	0.00322	0.00422	0.00386	0.00605
79	0.01707	0.00673	0.00903	0.00692	0.00989	0.00594	0.00572	0.05857	0.01132	0.80361	0.01483	0.01286	0.00934	0.00474	0.00385	0.00118	0.00331	0.00384	0.00470	0.00652
80	0.00604	0.00455	0.00594	0.00601	0.05335	0.00431	0.00421	0.04781	0.01092	0.01526	0.68939	0.02724	0.09513	0.00757	0.00445	0.00121	0.00209	0.00665	0.00402	0.00387
81	0.00838	0.01691	0.59014	0.01219	0.01726	0.00926	0.22552	0.05239	0.00883	0.01277	0.00722	0.00873	0.00519	0.00358	0.00388	0.00123	0.00580	0.00330	0.00181	0.00558
82	0.01425	0.01055	0.01133	0.00867	0.01175	0.01156	0.00715	0.78821	0.01753	0.02359	0.00909	0.00914	0.00648	0.00452	0.00379	0.00112	0.00415	0.00339	0.00376	0.04997
83	0.00467	0.00334	0.00445	0.00534	0.00556	0.00311	0.00356	0.00534	0.00734	0.00979	0.02113	0.86275	0.02536	0.01201	0.00489	0.00156	0.00222	0.01090	0.00356	0.00311
84	0.18185	0.00916	0.02759	0.00952	0.01268	0.00915	0.21426	0.25629	0.01168	0.21610	0.00947	0.00982	0.00657	0.00407	0.00373	0.00120	0.00434	0.00355	0.00325	0.00571
85	0.01033	0.11944	0.23242	0.01167	0.01555	0.12338	0.29123	0.08321	0.02326	0.04240	0.00750	0.00885	0.00563	0.00365	0.00380	0.00116	0.00566	0.00338	0.00212	0.00535
86	0.00679	0.04591	0.00571	0.00504	0.00520	0.00393	0.00345	0.00534	0.00516	0.00681	0.00682	0.01193	0.00687	0.04753	0.01455	0.80868	0.00338	0.00336	0.00169	0.00185
87	0.00706	0.00359	0.00365	0.00364	0.00453	0.00358	0.00273	0.00885	0.00818	0.01435	0.05323	0.01500	0.01113	0.00463	0.00277	0.00091	0.00179	0.00374	0.84308	0.00358
88	0.00885	0.00996	0.09936	0.04810	0.35098	0.00874	0.25094	0.05152	0.00932	0.01298	0.06500	0.01216	0.04606	0.00405	0.00408	0.00121	0.00493	0.00414	0.00220	0.00543
89	0.00792	0.00727	0.01209	0.59693	0.21205	0.00845	0.01044	0.02646	0.00831	0.02003	0.04805	0.01097	0.00694	0.00396	0.00386	0.00124	0.00478	0.00359	0.00195	0.00471
90	0.00943	0.01726	0.58858	0.05207	0.01586	0.05688	0.01222	0.17738	0.01024	0.01430	0.00729	0.00836	0.00521	0.00386	0.00368	0.00119	0.00542	0.00297	0.00209	0.00570
91	0.70734	0.03049	0.04859	0.00652	0.02517	0.07589	0.03497	0.01169	0.00712	0.01586	0.00559	0.00659	0.00437	0.00357	0.00263	0.00117	0.00360	0.00226	0.00226	0.00434
92	0.00540	0.00391	0.00501	0.00474	0.00567	0.00359	0.00355	0.00716	0.01066	0.01502	0.76956	0.02889	0.08842	0.00789	0.00448	0.00121	0.00182	0.00694	0.02250	0.00359
93	0.01615	0.00662	0.00879	0.00684	0.00971	0.00590	0.00561	0.01839	0.07653	0.74233	0.02980	0.01330	0.01005	0.00479	0.00385	0.00118	0.00321	0.00391	0.00461	0.02844
94	0.02801	0.00646	0.00875	0.00674	0.00964	0.00562	0.00556	0.01827	0.01091	0.81011	0.03823	0.01340	0.01018	0.00482	0.00386	0.00119	0.00322	0.00392	0.00470	0.00641
95	0.00461	0.00389	0.00400	0.00397	0.00523	0.00327	0.00298	0.00566	0.00893	0.01081	0.11110	0.03615	0.76723	0.00954	0.00453	0.00129	0.00193	0.00799	0.00362	0.00327
96	0.18505	0.00831	0.00840	0.00735	0.00968	0.00951	0.00582	0.11089	0.55438	0.04020	0.01283	0.01209	0.00956	0.00480	0.00359	0.00126	0.00316	0.00377	0.00361	0.00575
97	0.83737	0.06101	0.00654	0.00514	0.00757	0.00901	0.00430	0.01128	0.00660	0.01669	0.00534	0.00622	0.00420	0.00354	0.00238	0.00116	0.00304	0.00207	0.00233	0.00420
98	0.00535	0.00392	0.00502	0.00474	0.00568	0.00359	0.00356	0.00709	0.01067	0.01495	0.77145	0.02934	0.10430	0.00800	0.00452	0.00121	0.00182	0.00703	0.00416	0.00359
99	0.01025	0.86756	0.02009	0.00656	0.00984	0.01517	0.00656	0.01148	0.00779	0.00902	0.00533	0.00615	0.00492	0.00328	0.00246	0.00082	0.00410	0.00205	0.00164	0.00492
100	0.00954	0.00824	0.00867	0.00780	0.00997	0.00954	0.00607	0.02037	0.83441	0.01604	0.01561	0.01431	0.01170	0.00520	0.00390	0.00130	0.00303	0.00433	0.00390	0.00607
101	0.00724	0.00681	0.01150	0.85604	0.02641	0.00852	0.01065	0.00980	0.00767	0.00980	0.00681	0.01022	0.00511	0.00383	0.00383	0.00128	0.00511	0.00341	0.00170	0.00426
102	0.01156	0.01157	0.23530	0.01044	0.01421	0.00847	0.21021	0.15105	0.01063	0.23235	0.00991	0.01089	0.00702	0.03575	0.02180	0.00141	0.00501	0.00375	0.00293	0.00575
103	0.00487	0.00370	0.00448	0.00471	0.00549	0.00331	0.00337	0.00599	0.00890	0.01174	0.28542	0.33469	0.28953	0.00996	0.00466	0.00136	0.00200	0.00875	0.00377	0.00331
104	0.00541	0.00392	0.00511	0.00481	0.00572	0.00361	0.00361	0.00721	0.01082	0.01530	0.82663	0.02877	0.04890	0.00787	0.00452	0.00121	0.00181	0.00695	0.00421	0.00361
105	0.01053	0.00996	0.01672	0.01245	0.01575	0.01020	0.43878	0.21580	0.19817	0.01607	0.00989	0.01096	0.00732	0.00402	0.00421	0.00126	0.00513	0.00422	0.00285	0.00571
106	0.00556	0.00426	0.00613	0.00607	0.00669	0.00493	0.00466	0.00677	0.00626	0.00890	0.01185	0.03331	0.05311	0.08740	0.68870	0.00542	0.04991	0.00452	0.00216	0.00336
107	0.00467	0.00334	0.00445	0.00534	0.00556	0.00311	0.00356	0.00534	0.00734	0.00979	0.02113	0.86275	0.02536	0.01201	0.00489	0.00156	0.00222	0.01090	0.00356	0.00311
108	0.00724	0.00681	0.01150	0.85604	0.02641	0.00852	0.01065	0.00980	0.00767	0.00980	0.00681	0.01022	0.00511	0.00383	0.00383	0.00128	0.00511	0.00341	0.00170	0.00426
109	0.00824	0.17251	0.68582	0.01013	0.01532	0.02102	0.01271	0.01206	0.00808	0.01154	0.00659	0.00773	0.00487	0.00358	0.00343	0.00114	0.00540	0.00269	0.00163	0.00552
110	0.00893	0.00988	0.04825	0.04332	0.17842	0.00914	0.54078	0.02852	0.00916	0.01268	0.04765	0.01103	0.00737	0.00358	0.00428	0.00124	0.00565	0.00429	0.02057	0.00525
111	0.89233	0.00741	0.00564	0.00504	0.00741	0.00860	0.00415	0.01127	0.00653	0.01720	0.00534	0.00623	0.00415	0.00356	0.00237	0.00119	0.00297	0.00208	0.00237	0.00415
112	0.01458	0.01074	0.01151	0.00882	0.01189	0.01189	0.00729	0.82855	0.01803	0.02416	0.00921	0.00921	0.00652	0.00460	0.00384	0.00115	0.00422	0.00345	0.00384	0.00652
113	0.01398	0.01044	0.01117	0.00870	0.01166	0.01161	0.00714	0.73334	0.11421	0.02321	0.00996	0.00981	0.00713	0.00467	0.00384	0.00117	0.00408	0.00356	0.00384	0.00647
114	0.00498	0.00368	0.00502	0.00562	0.00609	0.00339	0.01798	0.00579	0.00746	0.01004	0.02012	0.76965	0.02386	0.01133	0.00480	0.00151	0.00238	0.04368	0.00346	0.04916
115	0.52503	0.00725	0.00713	0.00589	0.00851	0.00766	0.00485	0.05355	0.00873	0.32444	0.00916	0.00890	0.00625	0.00405	0.00299	0.00118	0.00314	0.00280	0.00332	0.00515
116	0.00795	0.00760	0.03530	0.50777	0.23435	0.00836	0.01019	0.01086	0.05092	0.01124	0.00781	0.01050	0.00606	0.00384	0.00373	0.00121	0.00462	0.00345	0.06945	0.00481
117	0.00461	0.00384	0.00402	0.00408	0.00525	0.00325	0.00302	0.00561	0.00876	0.01066	0.09296	0.11115	0.71005	0.00979	0.00456	0.00131	0.00196	0.00827	0.00361	0.00325
118	0.00942	0.04351	0.02633	0.00732	0.00954	0.00871	0.01669	0.14576	0.44601	0.02829	0.09916	0.03144	0.09962	0.00582	0.00398	0.00125	0.00312	0.00483	0.00373	0.00549
119	0.00526	0.00422	0.00474	0.00458	0.00576	0.00386	0.00344	0.00730	0.07258	0.01270	0.34317	0.05006	0.45105	0.00870	0.00449	0.00127	0.00198	0.00742	0.00384	0.00360
120	0.49713	0.11291	0.12688	0.00740	0.01044	0.08083	0.07264	0.01201	0.00757	0.03355	0.00603	0.00703	0.00467	0.00357	0.00286	0.00114	0.00410	0.00245	0.00217	0.00462
121	0.16619	0.16570	0.39685	0.00868	0.01274	0.11736	0.00964	0.01214	0.00811	0.01216	0.00621	0.00726	0.00480	0.00356	0.00314	0.00107	0.00491	0.00248	0.00184	0.05515

[dist]
# distance from previous block
# <min> <max>
3	13

[block]
# block no. 3 follows, 71 sequences, length 25
# corresponding to MSA columns:
# 222-246
name=unknown_D
#
# <colnr> <probs for GDERKNQSTAVLIFYWHMCP>
#	G	D	E	R	K	N	Q	S	T	A	V	L	I	F	Y	W	H	M	C	P
0	0.01203	0.11681	0.16401	0.02725	0.10078	0.02927	0.02210	0.03860	0.00951	0.31030	0.00973	0.00985	0.00684	0.00389	0.00350	0.00106	0.00410	0.00314	0.00294	0.12427
1	0.00676	0.00477	0.00634	0.00694	0.08881	0.00496	0.00427	0.04691	0.00689	0.03440	0.02826	0.01962	0.01184	0.46363	0.21963	0.03011	0.00536	0.00481	0.00238	0.00330
2	0.00657	0.04090	0.14587	0.00645	0.00855	0.00576	0.01395	0.01962	0.05788	0.01254	0.27135	0.03692	0.07801	0.05273	0.13642	0.00205	0.00422	0.00504	0.00295	0.09222
3	0.01015	0.66744	0.03505	0.00682	0.00978	0.10831	0.00650	0.01145	0.00838	0.00959	0.06114	0.00880	0.03550	0.00388	0.00280	0.00089	0.00423	0.00264	0.00191	0.00474
4	0.00862	0.00742	0.00896	0.00790	0.09222	0.00645	0.00560	0.04544	0.13183	0.01351	0.00827	0.00910	0.00665	0.00332	0.00313	0.00076	0.00310	0.00274	0.00254	0.63242
5	0.33613	0.00700	0.02737	0.00655	0.00864	0.00719	0.00565	0.12276	0.00924	0.04356	0.01184	0.02065	0.01137	0.00628	0.00376	0.00135	0.00341	0.30161	0.00306	0.06257
6	0.02773	0.01010	0.13925	0.01131	0.16637	0.03197	0.04605	0.17070	0.03099	0.22041	0.01109	0.09772	0.00886	0.00494	0.00391	0.00122	0.00419	0.00423	0.00317	0.00578
7	0.00789	0.02959	0.11270	0.00717	0.00943	0.02145	0.04214	0.06766	0.22312	0.02681	0.28546	0.02008	0.11815	0.00621	0.00413	0.00123	0.00316	0.00530	0.00351	0.00482
8	0.01230	0.10020	0.01182	0.02507	0.01139	0.55383	0.00749	0.01330	0.00936	0.00933	0.00607	0.02855	0.00547	0.00466	0.00532	0.00114	0.18554	0.00284	0.00191	0.00440
9	0.00474	0.00338	0.00452	0.00541	0.00566	0.00317	0.00367	0.00545	0.00740	0.00986	0.02110	0.82754	0.02522	0.01195	0.00491	0.00157	0.00228	0.04546	0.00356	0.00313
10	0.00543	0.00392	0.00513	0.00482	0.00573	0.00362	0.00362	0.00724	0.01085	0.01538	0.83931	0.02864	0.03618	0.00784	0.00452	0.00121	0.00181	0.00693	0.00422	0.00362
11	0.01251	0.00904	0.07116	0.03409	0.11245	0.00874	0.08132	0.11895	0.01013	0.31641	0.00994	0.01053	0.00704	0.00472	0.00562	0.00129	0.17355	0.00363	0.00312	0.00576
12	0.00860	0.00948	0.07745	0.06043	0.35064	0.00860	0.24492	0.01179	0.06287	0.01257	0.06039	0.01265	0.05351	0.00413	0.00409	0.00122	0.00481	0.00422	0.00224	0.00538
13	0.00539	0.00392	0.00507	0.00478	0.00570	0.00360	0.00359	0.00716	0.01076	0.01516	0.80540	0.02899	0.07022	0.00792	0.00452	0.00121	0.00181	0.00698	0.00419	0.00360
14	0.01323	0.00945	0.01029	0.00826	0.01103	0.01042	0.00670	0.47414	0.28292	0.11403	0.01196	0.01130	0.00854	0.00481	0.00386	0.00120	0.00373	0.00378	0.00396	0.00637
15	0.00954	0.00824	0.00867	0.00780	0.00997	0.00954	0.00607	0.02037	0.83441	0.01604	0.01561	0.01431	0.01170	0.00520	0.00390	0.00130	0.00303	0.00433	0.00390	0.00607
16	0.00954	0.00939	0.01562	0.04986	0.72106	0.03592	0.06390	0.01199	0.02284	0.01238	0.00734	0.00957	0.00608	0.00347	0.00383	0.00115	0.00475	0.00347	0.00193	0.00590
17	0.01118	0.01044	0.15231	0.01347	0.18090	0.00828	0.23452	0.06257	0.00994	0.22600	0.04471	0.01120	0.00798	0.00400	0.00402	0.00121	0.00480	0.00389	0.00281	0.00580
18	0.00789	0.00673	0.00784	0.00573	0.00896	0.00522	0.00456	0.00998	0.04238	0.01278	0.04763	0.00922	0.00741	0.00318	0.00297	0.00063	0.00280	0.00258	0.00243	0.80906
19	0.00546	0.00382	0.00490	0.00498	0.00525	0.00404	0.00331	0.00600	0.00594	0.00816	0.01226	0.09701	0.01343	0.49329	0.31120	0.00439	0.00589	0.00554	0.00234	0.00278
20	0.00703	0.00631	0.00881	0.00793	0.00815	0.00830	0.00632	0.00791	0.00592	0.00885	0.00778	0.01304	0.00783	0.14233	0.28345	0.00343	0.45711	0.00393	0.00190	0.00367
21	0.00499	0.00388	0.00447	0.00436	0.00539	0.00343	0.00322	0.00628	0.00949	0.01245	0.39618	0.05744	0.41460	0.05051	0.00527	0.00138	0.00198	0.00753	0.00380	0.00336
22	0.01101	0.00855	0.02794	0.04081	0.26194	0.00799	0.00784	0.18195	0.01068	0.12639	0.00855	0.00944	0.00645	0.00369	0.00352	0.00098	0.00384	0.00313	0.00278	0.27253
23	0.09256	0.00694	0.00783	0.00640	0.00868	0.03244	0.00518	0.16611	0.01103	0.34791	0.04746	0.01256	0.00953	0.00621	0.05789	0.00144	0.00364	0.00367	0.16715	0.00538
24	0.05432	0.00711	0.00870	0.00881	0.13317	0.04179	0.01614	0.04281	0.03050	0.08099	0.01212	0.17025	0.05356	0.00544	0.00377	0.00104	0.01518	0.00464	0.00281	0.30686

[dist]
# distance from previous block
# <min> <max>
0	5

[block]
# block no. 4 follows, 71 sequences, length 59
# corresponding to MSA columns:
# 252-310
name=unknown_E
#
# <colnr> <probs for GDERKNQSTAVLIFYWHMCP>
#	G	D	E	R	K	N	Q	S	T	A	V	L	I	F	Y	W	H	M	C	P
0	0.10897	0.01010	0.03899	0.01156	0.16635	0.04995	0.00790	0.07157	0.04200	0.20596	0.03117	0.01329	0.00963	0.00600	0.02093	0.00158	0.02383	0.00397	0.00372	0.17253
1	0.13189	0.05577	0.02248	0.04284	0.13745	0.10229	0.01648	0.06984	0.13722	0.03975	0.10103	0.01139	0.00988	0.00433	0.00349	0.00109	0.00384	0.00348	0.00278	0.10268
2	0.00902	0.00516	0.00700	0.00682	0.05297	0.00513	0.00493	0.02193	0.01949	0.23301	0.08306	0.07471	0.09796	0.06528	0.22564	0.00268	0.03033	0.00514	0.04531	0.00441
3	0.01151	0.05109	0.01159	0.00977	0.01096	0.43762	0.00776	0.01267	0.02713	0.00945	0.00574	0.00767	0.00513	0.00512	0.00731	0.00128	0.36905	0.00287	0.00188	0.00440
4	0.00506	0.00388	0.00463	0.00449	0.00551	0.00346	0.00335	0.00651	0.00992	0.01327	0.50650	0.06260	0.33953	0.00870	0.00454	0.00125	0.00187	0.00752	0.00395	0.00346
5	0.01541	0.00609	0.00829	0.00665	0.00923	0.00530	0.00540	0.01681	0.01048	0.72234	0.01598	0.11528	0.01172	0.00577	0.00402	0.00125	0.00315	0.02621	0.00457	0.00604
6	0.00505	0.00363	0.00478	0.00508	0.00564	0.00336	0.00359	0.00628	0.00908	0.01256	0.42710	0.44888	0.03073	0.00994	0.00471	0.00138	0.00202	0.00893	0.00389	0.00336
7	0.00475	0.00374	0.00429	0.00447	0.00539	0.00328	0.00323	0.00580	0.00877	0.01120	0.19280	0.26201	0.45673	0.00997	0.00463	0.00135	0.00199	0.00863	0.00369	0.00328
8	0.01025	0.86756	0.02009	0.00656	0.00984	0.01517	0.00656	0.01148	0.00779	0.00902	0.00533	0.00615	0.00492	0.00328	0.00246	0.00082	0.00410	0.00205	0.00164	0.00492
9	0.00715	0.00357	0.00357	0.00357	0.00447	0.00357	0.00268	0.00893	0.00804	0.01429	0.01251	0.01429	0.00983	0.00447	0.00268	0.00089	0.00179	0.00357	0.88654	0.00357
10	0.89233	0.00741	0.00564	0.00504	0.00741	0.00860	0.00415	0.01127	0.00653	0.01720	0.00534	0.00623	0.00415	0.00356	0.00237	0.00119	0.00297	0.00208	0.00237	0.00415
11	0.00841	0.00482	0.00618	0.00540	0.00685	0.00448	0.00419	0.05467	0.01114	0.18708	0.58341	0.02397	0.03946	0.00693	0.00428	0.00119	0.00224	0.00601	0.03490	0.00437
12	0.00949	0.00911	0.01556	0.02353	0.84133	0.00911	0.01177	0.01177	0.00873	0.01253	0.00721	0.00949	0.00607	0.00342	0.00380	0.00114	0.00456	0.00342	0.00190	0.00607
13	0.00761	0.01925	0.81459	0.01070	0.01620	0.00871	0.01378	0.01196	0.00820	0.01226	0.03739	0.00885	0.00600	0.00380	0.00367	0.00121	0.00553	0.00298	0.00171	0.00559
14	0.01432	0.01827	0.01087	0.00988	0.01185	0.84986	0.00741	0.01531	0.01087	0.00938	0.00593	0.00691	0.00494	0.00395	0.00346	0.00099	0.00691	0.00247	0.00198	0.00444
15	0.00453	0.00388	0.00388	0.00388	0.00518	0.00324	0.00291	0.00550	0.00874	0.01036	0.03884	0.03690	0.83978	0.00971	0.00453	0.00129	0.00194	0.00809	0.00356	0.00324
16	0.00485	0.00363	0.00450	0.00485	0.00552	0.00328	0.00342	0.00591	0.00865	0.01148	0.25317	0.43552	0.22061	0.01031	0.00470	0.00140	0.00204	0.00913	0.00374	0.00328
17	0.00724	0.00681	0.01150	0.85604	0.02641	0.00852	0.01065	0.00980	0.00767	0.00980	0.00681	0.01022	0.00511	0.00383	0.00383	0.00128	0.00511	0.00341	0.00170	0.00426
18	0.00921	0.00556	0.00578	0.00503	0.00653	0.00588	0.00396	0.23653	0.01081	0.01704	0.01159	0.01288	0.00891	0.00450	0.00300	0.00096	0.00246	0.00354	0.64142	0.00439
19	0.00467	0.00334	0.00445	0.00534	0.00556	0.00311	0.00356	0.00534	0.00734	0.00979	0.02113	0.86275	0.02536	0.01201	0.00489	0.00156	0.00222	0.01090	0.00356	0.00311
20	0.00750	0.00448	0.00585	0.00527	0.00654	0.00414	0.00404	0.00954	0.03935	0.15232	0.65272	0.04767	0.03063	0.00735	0.00440	0.00122	0.00210	0.00644	0.00428	0.00417
21	0.01234	0.01112	0.15557	0.02187	0.03572	0.00969	0.06025	0.42196	0.03524	0.12313	0.04493	0.01126	0.02975	0.00461	0.00390	0.00119	0.00432	0.00375	0.00337	0.00602
22	0.00724	0.00681	0.01150	0.85604	0.02641	0.00852	0.01065	0.00980	0.00767	0.00980	0.00681	0.01022	0.00511	0.00383	0.00383	0.00128	0.00511	0.00341	0.00170	0.00426
23	0.86188	0.00779	0.00582	0.00521	0.00757	0.03778	0.00427	0.01141	0.00668	0.01693	0.00536	0.00625	0.00418	0.00357	0.00241	0.00118	0.00310	0.00209	0.00236	0.00416
24	0.01660	0.00656	0.00882	0.00680	0.00968	0.00576	0.00560	0.04627	0.01121	0.77921	0.05107	0.01360	0.01056	0.00488	0.00388	0.00119	0.00323	0.00398	0.00469	0.00640
25	0.01423	0.07137	0.01167	0.00917	0.01168	0.44967	0.00726	0.32729	0.01341	0.03797	0.00740	0.00791	0.00567	0.00418	0.00355	0.00104	0.00559	0.00286	0.00274	0.00533
26	0.00536	0.00385	0.00492	0.00485	0.00570	0.00351	0.00356	0.00686	0.00997	0.02598	0.58861	0.18472	0.12024	0.00877	0.00458	0.00128	0.00192	0.00775	0.00403	0.00353
27	0.00934	0.00802	0.00850	0.00766	0.00976	0.00925	0.00595	0.01973	0.79406	0.01601	0.05596	0.01501	0.01290	0.00533	0.00393	0.00130	0.00297	0.00446	0.00392	0.00595
28	0.00539	0.00392	0.00508	0.00479	0.00571	0.00360	0.00359	0.00717	0.01078	0.01519	0.80997	0.02894	0.06563	0.00791	0.00452	0.00121	0.00181	0.00698	0.00420	0.00360
29	0.00539	0.00367	0.00436	0.00449	0.00465	0.00359	0.00273	0.00575	0.00661	0.00893	0.12331	0.18394	0.01904	0.59041	0.01477	0.00298	0.00318	0.00676	0.00281	0.00264
30	0.00795	0.00681	0.00795	0.00568	0.00909	0.00511	0.00454	0.00965	0.00795	0.01249	0.00681	0.00795	0.00568	0.00284	0.00284	0.00057	0.00284	0.00227	0.00227	0.88869
31	0.00603	0.00482	0.00697	0.00668	0.00722	0.00592	0.00524	0.00725	0.00613	0.00903	0.00951	0.01436	0.00901	0.06410	0.64287	0.00513	0.15700	0.00403	0.02519	0.00351
32	0.01155	0.59730	0.01716	0.00762	0.01048	0.28078	0.00683	0.01270	0.00877	0.00914	0.00552	0.00639	0.00493	0.00349	0.00278	0.00087	0.00500	0.00218	0.00175	0.00477
33	0.00600	0.00426	0.00618	0.00609	0.00684	0.00485	0.00469	0.00749	0.02407	0.03956	0.01068	0.01565	0.00992	0.08352	0.74515	0.00571	0.00942	0.00420	0.00221	0.00352
34	0.00827	0.07845	0.01060	0.13035	0.13522	0.00703	0.00666	0.01014	0.00801	0.01182	0.00675	0.00836	0.00559	0.00310	0.00309	0.00078	0.00352	0.00259	0.00208	0.55759
35	0.00459	0.00387	0.00398	0.00399	0.00522	0.00326	0.00298	0.00560	0.00882	0.01063	0.08557	0.06547	0.76359	0.00968	0.00454	0.00130	0.00194	0.00812	0.00360	0.00326
36	0.00894	0.10603	0.01779	0.01237	0.01501	0.02106	0.45128	0.01157	0.03917	0.01148	0.00767	0.02007	0.00628	0.00425	0.00584	0.00129	0.18691	0.00397	0.06418	0.00482
37	0.01041	0.28706	0.09913	0.01358	0.30896	0.04938	0.00930	0.11508	0.04960	0.01285	0.00717	0.00836	0.00586	0.00366	0.00335	0.00105	0.00451	0.00292	0.00213	0.00564
38	0.00514	0.00400	0.00466	0.00446	0.00558	0.00358	0.00336	0.01803	0.00990	0.01308	0.44415	0.03199	0.40787	0.00897	0.01713	0.00132	0.00203	0.00738	0.00388	0.00348
39	0.01685	0.00653	0.00885	0.00681	0.00972	0.00569	0.00561	0.03290	0.01110	0.80764	0.03656	0.01339	0.01014	0.00482	0.00387	0.00119	0.00324	0.00393	0.00472	0.00645
40	0.04399	0.13951	0.01276	0.02512	0.06722	0.25844	0.05238	0.06300	0.05411	0.08107	0.00775	0.02979	0.00640	0.00456	0.00489	0.00117	0.13729	0.00321	0.00237	0.00497
41	0.00983	0.03312	0.05054	0.05347	0.26152	0.08373	0.27612	0.06566	0.00921	0.01234	0.00708	0.00929	0.00568	0.00388	0.00495	0.00124	0.10140	0.00363	0.00199	0.00533
42	0.00557	0.00374	0.00429	0.00429	0.00433	0.00378	0.00246	0.00565	0.00561	0.00751	0.01198	0.02454	0.01370	0.81938	0.06506	0.00385	0.00408	0.00550	0.00231	0.00238
43	0.01025	0.86756	0.02009	0.00656	0.00984	0.01517	0.00656	0.01148	0.00779	0.00902	0.00533	0.00615	0.00492	0.00328	0.00246	0.00082	0.00410	0.00205	0.00164	0.00492
44	0.89233	0.00741	0.00564	0.00504	0.00741	0.00860	0.00415	0.01127	0.00653	0.01720	0.00534	0.00623	0.00415	0.00356	0.00237	0.00119	0.00297	0.00208	0.00237	0.00415
45	0.00489	0.00387	0.00440	0.00433	0.00542	0.00338	0.00323	0.00618	0.00950	0.01231	0.35379	0.07847	0.47842	0.00910	0.00455	0.00127	0.00190	0.00779	0.00382	0.00338
46	0.00558	0.00372	0.00418	0.00418	0.00418	0.00372	0.00232	0.00558	0.00558	0.00743	0.01208	0.02509	0.01394	0.86525	0.01952	0.00372	0.00372	0.00558	0.00232	0.00232
47	0.00459	0.00379	0.00402	0.00416	0.00526	0.00323	0.00304	0.00554	0.00858	0.01044	0.06407	0.17325	0.67676	0.01003	0.00459	0.00134	0.00198	0.00852	0.00358	0.00323
48	0.01458	0.01074	0.01151	0.00882	0.01189	0.01189	0.00729	0.82855	0.01803	0.02416	0.00921	0.00921	0.00652	0.00460	0.00384	0.00115	0.00422	0.00345	0.00384	0.00652
49	0.01432	0.01827	0.01087	0.00988	0.01185	0.84986	0.00741	0.01531	0.01087	0.00938	0.00593	0.00691	0.00494	0.00395	0.00346	0.00099	0.00691	0.00247	0.00198	0.00444
50	0.89233	0.00741	0.00564	0.00504	0.00741	0.00860	0.00415	0.01127	0.00653	0.01720	0.00534	0.00623	0.00415	0.00356	0.00237	0.00119	0.00297	0.00208	0.00237	0.00415
51	0.00795	0.00681	0.00795	0.00568	0.00909	0.00511	0.00454	0.00965	0.00795	0.01249	0.00681	0.00795	0.00568	0.00284	0.00284	0.00057	0.00284	0.00227	0.00227	0.88869
52	0.89233	0.00741	0.00564	0.00504	0.00741	0.00860	0.00415	0.01127	0.00653	0.01720	0.00534	0.00623	0.00415	0.00356	0.00237	0.00119	0.00297	0.00208	0.00237	0.00415
53	0.01119	0.67124	0.01796	0.00733	0.01031	0.20811	0.00676	0.01237	0.00850	0.00910	0.00547	0.00633	0.00492	0.00344	0.00269	0.00086	0.00475	0.00215	0.00172	0.00481
54	0.00795	0.00681	0.00795	0.00568	0.00909	0.00511	0.00454	0.00965	0.00795	0.01249	0.00681	0.00795	0.00568	0.00284	0.00284	0.00057	0.00284	0.00227	0.00227	0.88869
55	0.00935	0.00919	0.11860	0.02872	0.10531	0.00827	0.02510	0.05581	0.36847	0.07656	0.06912	0.02751	0.07052	0.00526	0.00396	0.00125	0.00358	0.00448	0.00334	0.00560
56	0.00798	0.00719	0.00988	0.00868	0.00927	0.00908	0.03762	0.06356	0.04819	0.01083	0.02020	0.07635	0.01012	0.09469	0.03558	0.00194	0.45603	0.08635	0.00237	0.00411
57	0.00726	0.00398	0.00388	0.00385	0.00477	0.02581	0.00290	0.00901	0.00803	0.01393	0.01224	0.01413	0.00969	0.00552	0.03986	0.00113	0.00229	0.00357	0.82456	0.00359
58	0.06095	0.03182	0.05497	0.04636	0.03010	0.00966	0.09080	0.33797	0.08085	0.07320	0.03201	0.05307	0.00897	0.00507	0.00423	0.00125	0.03544	0.03447	0.00322	0.00558

[dist]
# distance from previous block
# <min> <max>
0	1

[block]
# block no. 5 follows, 71 sequences, length 11
# corresponding to MSA columns:
# 312-322
name=unknown_F
#
# <colnr> <probs for GDERKNQSTAVLIFYWHMCP>
#	G	D	E	R	K	N	Q	S	T	A	V	L	I	F	Y	W	H	M	C	P
0	0.01177	0.02852	0.10964	0.00949	0.04798	0.02471	0.08771	0.28219	0.08540	0.14862	0.07396	0.01235	0.03180	0.00469	0.00390	0.00118	0.00414	0.00394	0.00336	0.02468
1	0.00954	0.00824	0.00867	0.00780	0.00997	0.00954	0.00607	0.02037	0.83441	0.01604	0.01561	0.01431	0.01170	0.00520	0.00390	0.00130	0.00303	0.00433	0.00390	0.00607
2	0.00565	0.00434	0.00513	0.00481	0.00597	0.00406	0.00364	0.03243	0.05278	0.01416	0.52930	0.02981	0.27731	0.00817	0.00447	0.00124	0.00199	0.00704	0.00399	0.00372
3	0.02384	0.06781	0.33223	0.00929	0.01281	0.07612	0.05785	0.04938	0.00869	0.08888	0.00832	0.04322	0.00669	0.00635	0.07441	0.00159	0.06672	0.00340	0.00223	0.06016
4	0.01271	0.01600	0.06269	0.00968	0.01162	0.60380	0.00778	0.05425	0.01038	0.01055	0.04536	0.00832	0.00650	0.00452	0.00476	0.00111	0.12044	0.00287	0.00211	0.00455
5	0.00470	0.00339	0.00446	0.00525	0.00555	0.00314	0.00353	0.00544	0.00757	0.01008	0.06095	0.78508	0.06325	0.01171	0.00486	0.00153	0.00219	0.01058	0.00359	0.00314
6	0.03099	0.00917	0.03695	0.18695	0.47495	0.03516	0.07028	0.02820	0.00877	0.05235	0.00745	0.00964	0.00590	0.00367	0.00400	0.00119	0.02337	0.00344	0.00204	0.00553
