[name]
unknown

[dist]
# distance from previous block
# <min> <max>
0	341

[block]
# block no. 0 follows, 58 sequences, length 22
# corresponding to MSA columns:
# 443-464
name=unknown_A
#
# <colnr> <probs for GDERKNQSTAVLIFYWHMCP>
#	G	D	E	R	K	N	Q	S	T	A	V	L	I	F	Y	W	H	M	C	P
0	0.01077	0.17422	0.17251	0.01091	0.04984	0.08956	0.06700	0.04839	0.04772	0.04001	0.01329	0.08169	0.08502	0.00615	0.00528	0.00140	0.08297	0.00484	0.00275	0.00571
1	0.03937	0.19878	0.09213	0.02312	0.05124	0.14310	0.00830	0.11431	0.08751	0.03001	0.04854	0.02996	0.00994	0.06618	0.00533	0.00146	0.00511	0.00397	0.00294	0.03868
2	0.04198	0.24284	0.18355	0.04429	0.04794	0.13952	0.00999	0.10901	0.03188	0.09626	0.00887	0.00963	0.00673	0.00450	0.00387	0.00124	0.00559	0.00327	0.00275	0.00628
3	0.04115	0.02265	0.11550	0.00918	0.02392	0.09247	0.03767	0.08605	0.15480	0.05003	0.04872	0.04090	0.01107	0.00546	0.00438	0.00130	0.02523	0.00437	0.14752	0.07762
4	0.01092	0.03092	0.07667	0.10665	0.06308	0.05210	0.02286	0.09479	0.23419	0.01569	0.02840	0.01283	0.00935	0.00678	0.04072	0.00172	0.14325	0.00422	0.00309	0.04177
5	0.00720	0.00495	0.00557	0.00542	0.00578	0.00501	0.00336	0.06452	0.00792	0.01049	0.01584	0.05997	0.04919	0.68974	0.01954	0.00383	0.00422	0.03126	0.00300	0.00319
6	0.00756	0.00526	0.00736	0.06654	0.04583	0.00508	0.00605	0.00905	0.00961	0.07129	0.04953	0.40804	0.05936	0.01116	0.00545	0.00172	0.00339	0.18383	0.00397	0.03993
7	0.01613	0.01203	0.01295	0.00994	0.01351	0.01310	0.00818	0.70411	0.04888	0.02668	0.01078	0.01083	0.00775	0.00522	0.00438	0.00129	0.00473	0.00395	0.00432	0.08126
8	0.00651	0.00434	0.00488	0.00488	0.00488	0.00434	0.00271	0.00651	0.00651	0.00867	0.01409	0.02927	0.01626	0.84279	0.02277	0.00434	0.00434	0.00651	0.00271	0.00271
9	0.01129	0.20120	0.48493	0.01127	0.01645	0.14544	0.01295	0.01488	0.01002	0.04176	0.00780	0.00893	0.00589	0.00426	0.00392	0.00127	0.00635	0.00308	0.00209	0.00622
10	0.00929	0.11167	0.73390	0.01220	0.01851	0.01118	0.01557	0.01408	0.00941	0.01377	0.00783	0.00920	0.00567	0.00420	0.00410	0.00137	0.00641	0.00321	0.00189	0.00652
11	0.00777	0.00389	0.00583	0.00583	0.00583	0.00389	0.00389	0.00583	0.00583	0.00777	0.00777	0.01360	0.00777	0.01554	0.01748	0.86985	0.00389	0.00389	0.00194	0.00194
12	0.01101	0.01102	0.01774	0.14102	0.59453	0.06171	0.07054	0.01370	0.01019	0.01391	0.00830	0.01108	0.00682	0.00408	0.00447	0.00135	0.00574	0.00401	0.00219	0.00659
13	0.01036	0.01096	0.08916	0.14724	0.44496	0.01012	0.05082	0.07022	0.01080	0.01502	0.04127	0.03022	0.03926	0.00486	0.00456	0.00139	0.00532	0.00453	0.00254	0.00639
14	0.07332	0.03718	0.07797	0.02554	0.08415	0.00865	0.15515	0.03967	0.01047	0.10739	0.08967	0.11297	0.09360	0.00683	0.00536	0.00149	0.05568	0.00601	0.00334	0.00555
15	0.01187	0.01224	0.01708	0.05796	0.65341	0.14197	0.01285	0.01430	0.01054	0.01389	0.00815	0.01062	0.00683	0.00411	0.00437	0.00131	0.00579	0.00381	0.00222	0.00669
16	0.05988	0.00808	0.12533	0.00746	0.00942	0.01701	0.02586	0.03130	0.02504	0.04555	0.07250	0.37758	0.13619	0.03098	0.00552	0.00167	0.00353	0.00876	0.00375	0.00459
17	0.06058	0.17140	0.09745	0.08363	0.08440	0.10353	0.05371	0.08886	0.01097	0.02640	0.05560	0.08053	0.03346	0.00627	0.02337	0.00146	0.00534	0.00461	0.00279	0.00563
18	0.02765	0.12744	0.27840	0.01462	0.10118	0.07035	0.20195	0.05534	0.02756	0.01436	0.00825	0.01004	0.00637	0.00429	0.00465	0.00136	0.03388	0.00378	0.00226	0.00627
19	0.01252	0.21188	0.12462	0.01106	0.07237	0.14337	0.02902	0.12010	0.07460	0.04491	0.01115	0.02331	0.04714	0.02651	0.00482	0.00136	0.02839	0.00393	0.00285	0.00608
20	0.07132	0.01100	0.07491	0.02934	0.09282	0.07053	0.09640	0.14694	0.03705	0.03940	0.04224	0.06901	0.03647	0.06680	0.00605	0.00159	0.02741	0.00493	0.00315	0.07262
21	0.03626	0.02765	0.09519	0.04816	0.09382	0.10062	0.07986	0.13476	0.02902	0.06498	0.03813	0.10169	0.05598	0.00663	0.01514	0.00148	0.00516	0.02514	0.00326	0.03708

[dist]
# distance from previous block
# <min> <max>
32	93

[block]
# block no. 1 follows, 58 sequences, length 50
# corresponding to MSA columns:
# 590-639
name=unknown_B
#
# <colnr> <probs for GDERKNQSTAVLIFYWHMCP>
#	G	D	E	R	K	N	Q	S	T	A	V	L	I	F	Y	W	H	M	C	P
0	0.02588	0.10520	0.59903	0.01245	0.06661	0.01067	0.01418	0.01385	0.00955	0.03205	0.02853	0.02542	0.00725	0.00450	0.00413	0.00135	0.00595	0.00354	0.00215	0.02770
1	0.03084	0.22140	0.07345	0.00846	0.01219	0.01001	0.06162	0.04263	0.02892	0.06081	0.01003	0.06382	0.00883	0.00480	0.00378	0.00107	0.00430	0.02804	0.00281	0.32219
2	0.03094	0.07265	0.44395	0.01226	0.03561	0.03010	0.12839	0.01380	0.00985	0.05879	0.01155	0.03100	0.06398	0.00491	0.00436	0.00138	0.00589	0.00421	0.00242	0.03395
3	0.73358	0.04143	0.05767	0.02708	0.00990	0.01013	0.00584	0.01300	0.00801	0.01904	0.03659	0.00849	0.00636	0.00434	0.00300	0.00137	0.00372	0.00273	0.00274	0.00497
4	0.01088	0.01086	0.04266	0.06475	0.72816	0.01060	0.01355	0.01394	0.03450	0.01457	0.00868	0.01123	0.00719	0.00408	0.00443	0.00134	0.00533	0.00400	0.00226	0.00697
5	0.00720	0.00538	0.00636	0.00615	0.00749	0.00518	0.00453	0.01030	0.13021	0.03990	0.28080	0.21293	0.18212	0.04075	0.00582	0.00162	0.00265	0.00856	0.00439	0.03765
6	0.00650	0.00495	0.00739	0.00733	0.00810	0.00584	0.00572	0.00807	0.00718	0.01040	0.01179	0.01733	0.01102	0.03275	0.79981	0.00703	0.03762	0.00477	0.00238	0.00402
7	0.01134	0.01118	0.01760	0.02458	0.66051	0.05963	0.04829	0.03029	0.01043	0.01446	0.00872	0.02179	0.00750	0.00444	0.00490	0.00137	0.03871	0.01520	0.00231	0.00676
8	0.03807	0.49709	0.05243	0.04280	0.10898	0.05507	0.04468	0.03120	0.00953	0.01209	0.00686	0.00845	0.00598	0.00426	0.00424	0.00117	0.06620	0.00298	0.00207	0.00584
9	0.01010	0.00964	0.01640	0.32538	0.52456	0.01037	0.01324	0.01288	0.00973	0.01343	0.00824	0.01139	0.00667	0.00417	0.00444	0.00139	0.00555	0.00398	0.00213	0.00630
10	0.00650	0.00437	0.00504	0.00504	0.00509	0.00442	0.00291	0.00661	0.00655	0.00879	0.01395	0.02847	0.01591	0.78708	0.07800	0.00453	0.00486	0.00639	0.00269	0.00280
11	0.01671	0.02132	0.01268	0.01152	0.01383	0.82483	0.00864	0.01786	0.01268	0.01095	0.00691	0.00807	0.00576	0.00461	0.00403	0.00115	0.00807	0.00288	0.00230	0.00519
12	0.00642	0.00466	0.00651	0.00651	0.00708	0.00523	0.00475	0.00755	0.00699	0.00988	0.01260	0.02099	0.01267	0.26988	0.59076	0.00636	0.00975	0.00529	0.00249	0.00362
13	0.02007	0.00761	0.01038	0.00796	0.01142	0.00657	0.00657	0.02180	0.01280	0.81799	0.01765	0.01523	0.01107	0.00554	0.00450	0.00138	0.00381	0.00450	0.00554	0.00761
14	0.01700	0.01253	0.01342	0.01029	0.01387	0.01387	0.00850	0.79997	0.02103	0.02819	0.01074	0.01074	0.00761	0.00537	0.00447	0.00134	0.00492	0.00403	0.00447	0.00761
15	0.02619	0.00473	0.00580	0.00591	0.00670	0.00449	0.00407	0.02659	0.00948	0.07013	0.15539	0.36459	0.08435	0.19976	0.00929	0.00224	0.00304	0.00927	0.00403	0.00394
16	0.03953	0.81873	0.02290	0.00760	0.01139	0.01745	0.00756	0.01339	0.00904	0.01083	0.00622	0.00718	0.00571	0.00384	0.00287	0.00097	0.00474	0.00239	0.00194	0.00571
17	0.00834	0.00417	0.00417	0.00417	0.00521	0.00417	0.00313	0.01042	0.00938	0.01668	0.01459	0.01668	0.01147	0.00521	0.00313	0.00104	0.00208	0.00417	0.86763	0.00417
18	0.06859	0.00767	0.01016	0.00784	0.01126	0.00677	0.00648	0.02131	0.01251	0.77267	0.01700	0.01477	0.01072	0.00546	0.00440	0.00138	0.00379	0.00438	0.00538	0.00746
19	0.02007	0.00761	0.01038	0.00796	0.01142	0.00657	0.00657	0.02180	0.01280	0.81799	0.01765	0.01523	0.01107	0.00554	0.00450	0.00138	0.00381	0.00450	0.00554	0.00761
20	0.01145	0.00977	0.01030	0.00917	0.01176	0.01128	0.00716	0.06702	0.76303	0.01924	0.01779	0.01636	0.01332	0.00603	0.00455	0.00151	0.00362	0.00500	0.00455	0.00711
21	0.00549	0.00455	0.00481	0.00477	0.00620	0.00387	0.00359	0.00679	0.01060	0.01305	0.16877	0.04161	0.67620	0.01099	0.00530	0.00150	0.00227	0.02152	0.00428	0.00385
22	0.00629	0.00462	0.00593	0.00576	0.00686	0.00426	0.00442	0.00828	0.01214	0.01679	0.64355	0.03624	0.13200	0.00972	0.00537	0.00148	0.00233	0.08505	0.00475	0.00416
23	0.01137	0.01143	0.07252	0.02539	0.71462	0.01056	0.01356	0.03300	0.01048	0.04152	0.00875	0.01109	0.00713	0.00409	0.00442	0.00134	0.00534	0.00396	0.00236	0.00708
24	0.01252	0.01015	0.01079	0.00932	0.01208	0.01157	0.00735	0.17955	0.63041	0.03939	0.01669	0.01546	0.01238	0.00592	0.00453	0.00148	0.00382	0.00484	0.00456	0.00720
25	0.01671	0.02132	0.01268	0.01152	0.01383	0.82483	0.00864	0.01786	0.01268	0.01095	0.00691	0.00807	0.00576	0.00461	0.00403	0.00115	0.00807	0.00288	0.00230	0.00519
26	0.01598	0.01149	0.01315	0.03214	0.09567	0.03671	0.00866	0.50439	0.04065	0.13093	0.01131	0.01142	0.00804	0.00511	0.00440	0.00131	0.00480	0.00400	0.00416	0.05568
27	0.00978	0.13660	0.54690	0.01310	0.05867	0.03088	0.07678	0.01390	0.00951	0.01347	0.00806	0.02323	0.00625	0.00442	0.00447	0.00137	0.03076	0.00353	0.00199	0.00633
28	0.01963	0.00751	0.01024	0.00788	0.01127	0.00650	0.00650	0.02137	0.01280	0.79226	0.04320	0.01581	0.01207	0.00565	0.00452	0.00138	0.00375	0.00461	0.00552	0.00750
29	0.01174	0.01056	0.01653	0.03811	0.42917	0.01082	0.10227	0.19362	0.01268	0.01742	0.02547	0.01411	0.07382	0.00504	0.00478	0.00138	0.01821	0.00466	0.00293	0.00668
30	0.74466	0.00918	0.00752	0.00691	0.03154	0.02739	0.00542	0.07575	0.00890	0.02030	0.00685	0.00788	0.00529	0.00428	0.00298	0.00137	0.00369	0.00264	0.02232	0.00512
31	0.01970	0.00781	0.01047	0.00802	0.01149	0.00684	0.00662	0.05136	0.01303	0.76860	0.01715	0.01491	0.01083	0.00548	0.00447	0.00137	0.00384	0.00444	0.00543	0.02815
32	0.05808	0.01212	0.01148	0.00962	0.01234	0.13688	0.00766	0.36830	0.16890	0.02089	0.02430	0.05763	0.02201	0.00611	0.00481	0.00140	0.03555	0.01756	0.00392	0.02043
33	0.01830	0.01076	0.01210	0.00934	0.01282	0.04080	0.00768	0.43896	0.01721	0.36455	0.01355	0.01255	0.00902	0.00541	0.00447	0.00135	0.00456	0.00419	0.00485	0.00752
34	0.00548	0.00466	0.00473	0.00469	0.00621	0.00398	0.00353	0.00694	0.03008	0.01251	0.07891	0.04197	0.75881	0.01110	0.00527	0.00151	0.00229	0.00927	0.00420	0.00388
35	0.00545	0.00389	0.00519	0.00623	0.00649	0.00363	0.00415	0.00623	0.00856	0.01142	0.02465	0.83987	0.02959	0.01401	0.00571	0.00182	0.00260	0.01272	0.00415	0.00363
36	0.00931	0.00897	0.01061	0.02959	0.13141	0.11012	0.03347	0.02857	0.04758	0.01354	0.16290	0.02139	0.12366	0.08818	0.05347	0.00206	0.11136	0.00571	0.00317	0.00493
37	0.00932	0.04789	0.77644	0.01248	0.01893	0.01052	0.01602	0.01432	0.00951	0.03279	0.00820	0.00951	0.00579	0.00427	0.00421	0.00140	0.00649	0.00331	0.00197	0.00661
38	0.01596	0.01976	0.01220	0.01103	0.01331	0.73274	0.00830	0.04966	0.01296	0.01202	0.04586	0.01021	0.02703	0.00502	0.00414	0.00118	0.00752	0.00333	0.00256	0.00521
39	0.01107	0.01063	0.01816	0.02746	0.81489	0.01063	0.01373	0.01373	0.01019	0.01461	0.00841	0.01107	0.00709	0.00399	0.00443	0.00133	0.00531	0.00399	0.00221	0.00709
40	0.01189	0.82693	0.04141	0.00777	0.01166	0.01753	0.00785	0.01341	0.00910	0.01061	0.00626	0.00723	0.00574	0.00384	0.00290	0.00097	0.00483	0.00241	0.00191	0.00576
41	0.01432	0.01168	0.01543	0.01667	0.29935	0.01247	0.04055	0.44752	0.05968	0.02231	0.01025	0.01123	0.00772	0.00485	0.00449	0.00135	0.00509	0.00412	0.00359	0.00733
42	0.00719	0.00538	0.00766	0.00742	0.00843	0.00622	0.00581	0.06795	0.00824	0.01173	0.01189	0.01706	0.01091	0.03142	0.76294	0.00675	0.01145	0.00473	0.00255	0.00427
43	0.00552	0.00394	0.00527	0.00630	0.00659	0.00369	0.00427	0.00634	0.00863	0.01149	0.02462	0.81063	0.02944	0.01395	0.00573	0.00183	0.00265	0.04132	0.00415	0.00365
44	0.00545	0.00389	0.00519	0.00623	0.00649	0.00363	0.00415	0.00623	0.00856	0.01142	0.02465	0.83987	0.02959	0.01401	0.00571	0.00182	0.00260	0.01272	0.00415	0.00363
45	0.01580	0.01955	0.01216	0.01106	0.01331	0.71411	0.00829	0.01809	0.09401	0.01167	0.00831	0.00965	0.00692	0.03252	0.00471	0.00130	0.00748	0.00322	0.00255	0.00530
46	0.00964	0.01196	0.18160	0.01258	0.15008	0.00818	0.08323	0.01257	0.00959	0.01447	0.00815	0.00988	0.00652	0.00367	0.00388	0.00101	0.00474	0.00326	0.00238	0.46262
47	0.00834	0.00417	0.00417	0.00417	0.00521	0.00417	0.00313	0.01042	0.00938	0.01668	0.01459	0.01668	0.01147	0.00521	0.00313	0.00104	0.00208	0.00417	0.86763	0.00417
48	0.01577	0.07932	0.01391	0.03535	0.03248	0.04024	0.00844	0.61497	0.01861	0.04221	0.04695	0.01154	0.00899	0.00534	0.00437	0.00131	0.00490	0.00405	0.00411	0.00713
49	0.01473	0.00742	0.00928	0.00753	0.01023	0.00704	0.00606	0.11378	0.07008	0.41573	0.20984	0.02107	0.07356	0.00682	0.00474	0.00140	0.00341	0.00568	0.00509	0.00649

[dist]
# distance from previous block
# <min> <max>
0	1

[block]
# block no. 2 follows, 58 sequences, length 42
# corresponding to MSA columns:
# 641-682
name=unknown_C
#
# <colnr> <probs for GDERKNQSTAVLIFYWHMCP>
#	G	D	E	R	K	N	Q	S	T	A	V	L	I	F	Y	W	H	M	C	P
0	0.03023	0.06396	0.01241	0.00977	0.07577	0.02352	0.03507	0.17524	0.01246	0.13429	0.03912	0.01136	0.00870	0.00441	0.00393	0.00106	0.00416	0.00358	0.00343	0.34752
1	0.01513	0.01798	0.01394	0.01234	0.03732	0.57004	0.08798	0.07377	0.05232	0.01309	0.00888	0.01055	0.01915	0.00497	0.00459	0.00127	0.03055	0.01796	0.00262	0.00555
2	0.01086	0.01065	0.01900	0.02553	0.67036	0.01054	0.12951	0.01366	0.01024	0.01453	0.00903	0.01257	0.00768	0.00424	0.00461	0.00138	0.00560	0.03088	0.00229	0.00683
3	0.00666	0.00468	0.00563	0.00553	0.00563	0.00498	0.00344	0.00691	0.00661	0.00900	0.01340	0.02679	0.01508	0.69775	0.12309	0.00457	0.04848	0.00616	0.00263	0.00299
4	0.00669	0.00466	0.00595	0.00558	0.00671	0.00426	0.00417	0.00862	0.01221	0.04311	0.68685	0.03354	0.11046	0.04043	0.00591	0.00153	0.00226	0.00804	0.00479	0.00423
5	0.00601	0.00456	0.00553	0.00529	0.00649	0.00408	0.00397	0.00782	0.01190	0.01614	0.57643	0.03638	0.27943	0.00982	0.00528	0.00144	0.00216	0.00851	0.00469	0.00408
6	0.00553	0.00464	0.00483	0.00479	0.00626	0.00398	0.00362	0.00698	0.02440	0.01282	0.12200	0.04175	0.70655	0.01103	0.00529	0.00151	0.00231	0.02359	0.00424	0.00389
7	0.00897	0.02314	0.81962	0.01275	0.01936	0.01039	0.01653	0.01417	0.00944	0.01417	0.00803	0.00944	0.00567	0.00425	0.00425	0.00142	0.00661	0.00331	0.00189	0.00661
8	0.00551	0.00394	0.00526	0.00630	0.00658	0.00369	0.00426	0.00633	0.00862	0.01149	0.02462	0.81287	0.02945	0.01396	0.00573	0.00182	0.00265	0.03912	0.00415	0.00365
9	0.00834	0.00417	0.00417	0.00417	0.00521	0.00417	0.00313	0.01042	0.00938	0.01668	0.01459	0.01668	0.01147	0.00521	0.00313	0.00104	0.00208	0.00417	0.86763	0.00417
10	0.01004	0.01567	0.28430	0.01687	0.02207	0.01101	0.54435	0.01428	0.01020	0.01428	0.00872	0.01121	0.00642	0.00393	0.00494	0.00148	0.00724	0.00464	0.00214	0.00622
11	0.01196	0.84548	0.02344	0.00765	0.01148	0.01770	0.00765	0.01339	0.00909	0.01052	0.00622	0.00718	0.00574	0.00383	0.00287	0.00096	0.00478	0.00239	0.00191	0.00574
12	0.00531	0.00453	0.00457	0.00456	0.00606	0.00379	0.00342	0.00647	0.01026	0.01223	0.06407	0.04281	0.79423	0.01128	0.00529	0.00151	0.00226	0.00941	0.00417	0.00379
13	0.00545	0.00389	0.00519	0.00623	0.00649	0.00363	0.00415	0.00623	0.00856	0.01142	0.02465	0.83987	0.02959	0.01401	0.00571	0.00182	0.00260	0.01272	0.00415	0.00363
14	0.00628	0.00457	0.00590	0.00557	0.00665	0.00420	0.00418	0.00833	0.01253	0.01762	0.77136	0.03393	0.08357	0.00926	0.00528	0.00141	0.00212	0.00816	0.00488	0.00420
15	0.02593	0.33600	0.41608	0.01043	0.01555	0.03017	0.01207	0.06772	0.02359	0.01385	0.00764	0.00872	0.00595	0.00420	0.00371	0.00123	0.00572	0.00301	0.00214	0.00629
16	0.01135	0.03204	0.38323	0.01244	0.01719	0.03370	0.11374	0.17324	0.10486	0.01721	0.00972	0.01083	0.00715	0.00481	0.00497	0.00144	0.04875	0.00391	0.00278	0.00665
17	0.00589	0.00452	0.00540	0.00526	0.00643	0.00402	0.00391	0.00756	0.01151	0.01539	0.48207	0.08505	0.32629	0.01024	0.00531	0.00147	0.00220	0.00886	0.00459	0.00402
18	0.00967	0.00788	0.10818	0.00729	0.00954	0.00602	0.00646	0.05130	0.01224	0.16297	0.43280	0.08290	0.05325	0.00808	0.00517	0.00144	0.01812	0.00693	0.00450	0.00526
19	0.00596	0.00459	0.00555	0.00600	0.00710	0.00418	0.00470	0.00738	0.01014	0.01286	0.10411	0.19253	0.37327	0.01193	0.00562	0.00172	0.00284	0.23142	0.00421	0.00389
20	0.38330	0.00805	0.00876	0.00708	0.01024	0.00805	0.00584	0.01812	0.01060	0.47874	0.01279	0.01184	0.00842	0.00495	0.00376	0.00138	0.00366	0.00362	0.00436	0.00644
21	0.01672	0.02113	0.01269	0.01150	0.01383	0.80713	0.00864	0.03494	0.01286	0.01132	0.00700	0.00813	0.00580	0.00463	0.00404	0.00116	0.00800	0.00291	0.00235	0.00524
22	0.00645	0.00455	0.00594	0.00594	0.00630	0.00491	0.00403	0.00719	0.00682	0.00946	0.01313	0.02391	0.01393	0.47160	0.39077	0.00565	0.00784	0.00572	0.00257	0.00330
23	0.00897	0.02314	0.81962	0.01275	0.01936	0.01039	0.01653	0.01417	0.00944	0.01417	0.00803	0.00944	0.00567	0.00425	0.00425	0.00142	0.00661	0.00331	0.00189	0.00661
24	0.00644	0.00434	0.00504	0.00509	0.00515	0.00437	0.00296	0.00658	0.00666	0.00892	0.01453	0.07194	0.01667	0.74955	0.07033	0.00437	0.00471	0.00673	0.00277	0.00284
25	0.00650	0.00435	0.00495	0.00495	0.00498	0.00438	0.00280	0.00655	0.00653	0.00873	0.01403	0.02890	0.01610	0.81699	0.04835	0.00443	0.00458	0.00645	0.00270	0.00275
26	0.01665	0.01226	0.01317	0.01017	0.01364	0.01355	0.00837	0.77535	0.02065	0.02767	0.01117	0.03646	0.00829	0.00564	0.00451	0.00136	0.00485	0.00430	0.00446	0.00748
27	0.01712	0.01234	0.01331	0.01020	0.01378	0.01359	0.00843	0.77001	0.02072	0.05860	0.01101	0.01091	0.00774	0.00538	0.00448	0.00134	0.00488	0.00405	0.00452	0.00761
28	0.06361	0.00836	0.00892	0.00851	0.01057	0.02995	0.00684	0.03036	0.45703	0.01707	0.04465	0.02637	0.03951	0.00788	0.00492	0.00164	0.00375	0.21989	0.00426	0.00590
29	0.00650	0.00435	0.00497	0.00497	0.00500	0.00439	0.00282	0.00656	0.00653	0.00874	0.01401	0.02881	0.01606	0.81104	0.05425	0.00445	0.00464	0.00644	0.00270	0.00276
30	0.01094	0.01143	0.05819	0.11684	0.55257	0.03662	0.07098	0.03682	0.01033	0.01437	0.00833	0.01102	0.00680	0.00422	0.00479	0.00138	0.03150	0.00401	0.00224	0.00663
31	0.01158	0.20597	0.03606	0.12460	0.24835	0.07259	0.01037	0.05686	0.13725	0.01420	0.00932	0.01085	0.00752	0.00459	0.00439	0.00130	0.03161	0.00369	0.00260	0.00629
32	0.00566	0.00439	0.00508	0.00522	0.00625	0.00389	0.00375	0.00691	0.01028	0.01328	0.23855	0.22063	0.39454	0.05345	0.00626	0.00170	0.00240	0.00968	0.00428	0.00381
33	0.00891	0.00848	0.01452	0.68632	0.14861	0.01008	0.03641	0.01186	0.00918	0.01200	0.00805	0.01180	0.00616	0.00438	0.00449	0.00147	0.00591	0.00402	0.00203	0.00532
34	0.00609	0.00439	0.00505	0.00507	0.00566	0.00412	0.00331	0.00685	0.00881	0.01160	0.18383	0.10595	0.21105	0.40351	0.01357	0.00285	0.00324	0.00808	0.00363	0.00335
35	0.01630	0.01187	0.01286	0.01004	0.01341	0.01307	0.00827	0.72964	0.02006	0.04097	0.01182	0.03971	0.00909	0.00593	0.00458	0.00139	0.00479	0.03438	0.00447	0.00734
36	0.00730	0.00479	0.00629	0.00579	0.00702	0.00439	0.00439	0.00938	0.01267	0.07421	0.75662	0.03213	0.04002	0.00889	0.00522	0.00141	0.00223	0.00784	0.00497	0.00446
37	0.01715	0.01204	0.01309	0.01006	0.01361	0.01318	0.00830	0.71603	0.03648	0.09698	0.01150	0.01125	0.00803	0.00540	0.00448	0.00135	0.00480	0.00409	0.00457	0.00760
38	0.03743	0.65777	0.12347	0.00849	0.01257	0.05028	0.00877	0.03616	0.00958	0.01179	0.00661	0.00761	0.00576	0.00397	0.00314	0.00105	0.00512	0.00258	0.00203	0.00585
39	0.00902	0.00832	0.01348	0.63163	0.05022	0.00992	0.04851	0.04933	0.05829	0.01301	0.02272	0.03764	0.01902	0.00502	0.00458	0.00149	0.00561	0.00451	0.00242	0.00527
40	0.00644	0.00441	0.00528	0.00530	0.00547	0.00453	0.00325	0.00675	0.00674	0.00910	0.01461	0.04257	0.03317	0.66923	0.16078	0.00472	0.00558	0.00639	0.00271	0.00297
41	0.00928	0.00795	0.00928	0.00663	0.01060	0.00596	0.00530	0.01126	0.00928	0.01458	0.00795	0.00928	0.00663	0.00331	0.00331	0.00066	0.00331	0.00265	0.00265	0.87014

[dist]
# distance from previous block
# <min> <max>
1	45

[block]
# block no. 3 follows, 58 sequences, length 74
# corresponding to MSA columns:
# 728-751,753-802
name=unknown_D
#
# <colnr> <probs for GDERKNQSTAVLIFYWHMCP>
#	G	D	E	R	K	N	Q	S	T	A	V	L	I	F	Y	W	H	M	C	P
0	0.07313	0.04052	0.01329	0.01092	0.01376	0.44587	0.06168	0.15625	0.08421	0.01566	0.00872	0.00954	0.00683	0.00472	0.00410	0.00124	0.00650	0.00339	0.00292	0.03677
1	0.55020	0.02501	0.12262	0.00897	0.04562	0.09017	0.03580	0.04024	0.00911	0.02721	0.00702	0.00819	0.00539	0.00424	0.00334	0.00136	0.00465	0.00284	0.00263	0.00540
2	0.00775	0.00392	0.00587	0.00590	0.00593	0.00392	0.00398	0.00593	0.00596	0.00794	0.00825	0.01471	0.00831	0.01544	0.01714	0.84378	0.00389	0.02735	0.00201	0.00201
3	0.01036	0.01015	0.03452	0.14072	0.49699	0.02609	0.01202	0.01412	0.09882	0.01444	0.03071	0.01428	0.02459	0.00495	0.00472	0.00141	0.01983	0.03219	0.00260	0.00645
4	0.00689	0.00689	0.09042	0.00650	0.00832	0.00532	0.00565	0.02416	0.05027	0.01675	0.53692	0.03161	0.15856	0.00884	0.00514	0.00144	0.00277	0.02452	0.00444	0.00460
5	0.00544	0.00395	0.00514	0.00609	0.00645	0.00365	0.00409	0.00624	0.00870	0.01147	0.02636	0.77406	0.09430	0.01379	0.00567	0.00179	0.00257	0.01245	0.00415	0.00365
6	0.84168	0.02304	0.00694	0.00596	0.00876	0.01009	0.00493	0.01333	0.00775	0.03659	0.00647	0.00743	0.00499	0.00418	0.00281	0.00138	0.00349	0.00247	0.00281	0.00492
7	0.00976	0.07382	0.61868	0.01270	0.01850	0.06154	0.08552	0.01438	0.02140	0.01389	0.02465	0.01005	0.00665	0.00433	0.00427	0.00138	0.00653	0.00352	0.00205	0.00637
8	0.00649	0.00436	0.00501	0.00500	0.00508	0.00437	0.00289	0.00666	0.00685	0.00921	0.05566	0.02910	0.01745	0.77225	0.04869	0.00428	0.00448	0.00653	0.00282	0.00283
9	0.01049	0.16918	0.30495	0.01175	0.03874	0.05990	0.09858	0.01579	0.16813	0.01416	0.01126	0.01296	0.02903	0.00495	0.00425	0.00137	0.00562	0.02999	0.00263	0.00625
10	0.08870	0.00763	0.00996	0.00772	0.01108	0.00681	0.00637	0.02089	0.01232	0.73881	0.01667	0.01461	0.01058	0.00542	0.00433	0.00138	0.00375	0.00432	0.02132	0.00733
11	0.03371	0.05354	0.36443	0.02757	0.11098	0.09828	0.08258	0.05309	0.02114	0.03534	0.02889	0.03829	0.00798	0.00482	0.00452	0.00139	0.02078	0.00400	0.00244	0.00624
12	0.01617	0.11635	0.01394	0.01104	0.01356	0.71035	0.00853	0.03778	0.01248	0.01135	0.00693	0.00803	0.00581	0.00454	0.00391	0.00113	0.00761	0.00285	0.00232	0.00531
13	0.00995	0.00804	0.00841	0.00733	0.00950	0.02847	0.00574	0.21378	0.17738	0.01848	0.15316	0.03998	0.28510	0.00824	0.00490	0.00145	0.00333	0.00682	0.00440	0.00554
14	0.00843	0.00787	0.01321	0.75995	0.05765	0.00967	0.01212	0.01132	0.00902	0.01160	0.00882	0.03365	0.00714	0.00491	0.00455	0.00151	0.00580	0.02568	0.00211	0.00499
15	0.01329	0.44941	0.08181	0.01031	0.04193	0.25958	0.02867	0.04607	0.01075	0.01188	0.00690	0.00802	0.00589	0.00416	0.00351	0.00109	0.00601	0.00280	0.00215	0.00577
16	0.00611	0.00489	0.01886	0.00597	0.00687	0.00445	0.00430	0.00803	0.06423	0.01307	0.17111	0.39513	0.18914	0.07830	0.00681	0.00185	0.00271	0.01003	0.00417	0.00398
17	0.01053	0.01199	0.02597	0.01862	0.02299	0.01139	0.77226	0.01421	0.01043	0.01421	0.00894	0.01199	0.00676	0.00391	0.00559	0.00152	0.03520	0.00523	0.00225	0.00600
18	0.01110	0.01070	0.05086	0.06731	0.22883	0.04849	0.04356	0.10970	0.22674	0.01740	0.12511	0.01559	0.01368	0.00551	0.00460	0.00141	0.00466	0.00483	0.00348	0.00645
19	0.00651	0.00434	0.00488	0.00488	0.00488	0.00434	0.00271	0.00651	0.00651	0.00867	0.01409	0.02927	0.01626	0.84279	0.02277	0.00434	0.00434	0.00651	0.00271	0.00271
20	0.03479	0.10622	0.05734	0.01361	0.17935	0.15978	0.04260	0.10146	0.07406	0.06314	0.02074	0.01189	0.00832	0.00487	0.00445	0.00129	0.02706	0.02618	0.00294	0.05991
21	0.00531	0.00453	0.00457	0.00456	0.00606	0.00379	0.00342	0.00647	0.01025	0.01222	0.06360	0.04282	0.79470	0.01128	0.00529	0.00151	0.00226	0.00941	0.00417	0.00379
22	0.01146	0.03983	0.23485	0.03372	0.15079	0.01062	0.09594	0.10200	0.07034	0.07148	0.00977	0.01107	0.00732	0.00455	0.00476	0.00134	0.03997	0.00387	0.00280	0.09353
23	0.01605	0.04282	0.01312	0.01207	0.05510	0.71948	0.00877	0.03833	0.01267	0.01175	0.02589	0.00886	0.00673	0.00468	0.00406	0.00117	0.00761	0.00308	0.00241	0.00534
24	0.00943	0.00804	0.00936	0.00670	0.01067	0.00612	0.00536	0.02699	0.00951	0.01485	0.00801	0.00931	0.00665	0.00335	0.00334	0.00068	0.00334	0.00268	0.00269	0.85294
25	0.00740	0.00654	0.01135	0.01087	0.06772	0.00623	0.19068	0.00919	0.00937	0.01251	0.01977	0.37346	0.04920	0.06310	0.00667	0.00190	0.00430	0.14180	0.00348	0.00447
26	0.00529	0.00451	0.00455	0.00458	0.00605	0.00377	0.00342	0.00641	0.01015	0.01207	0.04475	0.06498	0.79151	0.01140	0.00530	0.00152	0.00227	0.00953	0.00415	0.00377
27	0.00777	0.00389	0.00583	0.00583	0.00583	0.00389	0.00389	0.00583	0.00583	0.00777	0.00777	0.01360	0.00777	0.01554	0.01748	0.86985	0.00389	0.00389	0.00194	0.00194
28	0.02007	0.00761	0.01038	0.00796	0.01142	0.00657	0.00657	0.02180	0.01280	0.81799	0.01765	0.01523	0.01107	0.00554	0.00450	0.00138	0.00381	0.00450	0.00554	0.00761
29	0.00925	0.00859	0.01422	0.66229	0.16217	0.01022	0.01248	0.04467	0.00966	0.01266	0.00814	0.01173	0.00622	0.00443	0.00447	0.00146	0.00581	0.00398	0.00213	0.00544
30	0.00640	0.00476	0.00701	0.00701	0.00775	0.00550	0.00537	0.00787	0.00714	0.01025	0.01214	0.01847	0.01157	0.09567	0.76348	0.00697	0.01139	0.00492	0.00242	0.00390
31	0.00597	0.00407	0.00534	0.00612	0.00649	0.00380	0.00409	0.00678	0.00873	0.03239	0.06801	0.70235	0.02866	0.08582	0.00714	0.00200	0.00275	0.01170	0.00411	0.00369
32	0.00954	0.00907	0.01539	0.49636	0.35793	0.01023	0.01297	0.01239	0.00946	0.01276	0.00814	0.01157	0.00643	0.00427	0.00445	0.00142	0.00569	0.00398	0.00208	0.00585
33	0.00576	0.00437	0.00531	0.00545	0.00643	0.00392	0.00394	0.00720	0.01076	0.01430	0.35407	0.25899	0.28091	0.01117	0.00540	0.00155	0.00229	0.00979	0.00447	0.00392
34	0.00908	0.05217	0.79151	0.01257	0.01908	0.01065	0.01621	0.01414	0.00943	0.01404	0.00796	0.00936	0.00567	0.00423	0.00420	0.00140	0.00655	0.00327	0.00189	0.00658
35	0.00585	0.00466	0.00516	0.00506	0.00632	0.00418	0.00372	0.00748	0.03339	0.01346	0.23974	0.05431	0.49060	0.08197	0.02282	0.00184	0.00264	0.00869	0.00421	0.00390
36	0.00573	0.00427	0.00565	0.00638	0.00689	0.00402	0.01625	0.00700	0.03550	0.01191	0.04442	0.72495	0.08369	0.01329	0.00562	0.00177	0.00267	0.01201	0.00416	0.00381
37	0.01602	0.02750	0.07114	0.01028	0.01401	0.01331	0.00892	0.65646	0.07369	0.04667	0.01116	0.01111	0.00794	0.00531	0.00444	0.00135	0.00492	0.00403	0.00428	0.00747
38	0.00947	0.00931	0.01303	0.01125	0.01131	0.01291	0.00931	0.01046	0.00686	0.01068	0.00650	0.01085	0.00651	0.03355	0.06680	0.00236	0.75800	0.00405	0.00201	0.00477
39	0.00671	0.00505	0.00734	0.00720	0.00782	0.00594	0.00550	0.00792	0.00703	0.01010	0.01157	0.01805	0.01117	0.11480	0.64528	0.04921	0.06825	0.00486	0.00238	0.00382
40	0.70377	0.13193	0.03067	0.00646	0.00948	0.03153	0.00566	0.01333	0.00800	0.01829	0.00629	0.00733	0.00502	0.00412	0.00285	0.00132	0.00385	0.00245	0.00261	0.00503
41	0.02888	0.27884	0.03121	0.01073	0.03847	0.30648	0.02925	0.11794	0.02707	0.01362	0.00744	0.00865	0.00621	0.00469	0.00462	0.00121	0.07332	0.00310	0.00248	0.00579
42	0.00917	0.02271	0.77644	0.01295	0.01940	0.02537	0.04435	0.01424	0.00954	0.01411	0.00804	0.00951	0.00571	0.00424	0.00428	0.00142	0.00667	0.00337	0.00191	0.00656
43	0.00648	0.00444	0.00541	0.00541	0.00559	0.00462	0.00337	0.00684	0.00666	0.00906	0.01361	0.02660	0.01510	0.65770	0.20628	0.00499	0.00609	0.00611	0.00264	0.00300
44	0.00639	0.00478	0.00710	0.00710	0.00787	0.00554	0.00548	0.00793	0.00716	0.01032	0.01206	0.01801	0.01137	0.06373	0.79514	0.00708	0.01170	0.00486	0.00241	0.00395
45	0.00834	0.00417	0.00417	0.00417	0.00521	0.00417	0.00313	0.01042	0.00938	0.01668	0.01459	0.01668	0.01147	0.00521	0.00313	0.00104	0.00208	0.00417	0.86763	0.00417
46	0.00928	0.00795	0.00928	0.00663	0.01060	0.00596	0.00530	0.01126	0.00928	0.01458	0.00795	0.00928	0.00663	0.00331	0.00331	0.00066	0.00331	0.00265	0.00265	0.87014
47	0.00542	0.00445	0.00477	0.00487	0.00617	0.00381	0.00358	0.00661	0.01025	0.01262	0.12399	0.14453	0.63056	0.01144	0.00534	0.00154	0.00229	0.00972	0.00424	0.00381
48	0.01671	0.01238	0.01326	0.01023	0.01376	0.01373	0.00843	0.76053	0.06097	0.02771	0.01112	0.01104	0.00791	0.00541	0.00448	0.00135	0.00485	0.00408	0.00448	0.00758
49	0.00665	0.00491	0.00599	0.00606	0.00710	0.00469	0.00440	0.02590	0.06896	0.02865	0.30676	0.32823	0.16294	0.01092	0.00535	0.00158	0.00251	0.00964	0.00449	0.00427
50	0.00592	0.00451	0.00544	0.00531	0.00646	0.00403	0.00394	0.00761	0.01154	0.01552	0.50050	0.09641	0.29608	0.01023	0.00531	0.00147	0.00220	0.00888	0.00461	0.00403
51	0.00872	0.00841	0.01477	0.73366	0.05081	0.01009	0.08703	0.01176	0.00913	0.01179	0.00807	0.01192	0.00607	0.00439	0.00455	0.00149	0.00610	0.00410	0.00202	0.00513
52	0.00819	0.00511	0.00666	0.00603	0.00743	0.00474	0.00461	0.01059	0.03831	0.11728	0.68821	0.03062	0.03742	0.00860	0.00516	0.00141	0.00237	0.00755	0.00499	0.00473
53	0.00954	0.00942	0.01322	0.01141	0.01147	0.01310	0.00948	0.01056	0.00688	0.01074	0.00632	0.01036	0.00626	0.00972	0.07440	0.00234	0.77398	0.00398	0.00199	0.00483
54	0.87439	0.00865	0.00657	0.00588	0.00865	0.01003	0.00484	0.01315	0.00761	0.02007	0.00623	0.00727	0.00484	0.00415	0.00277	0.00138	0.00346	0.00242	0.00277	0.00484
55	0.01060	0.01002	0.01630	0.08140	0.63551	0.01028	0.01243	0.01423	0.09214	0.01468	0.01127	0.01334	0.04864	0.00461	0.00449	0.00137	0.00502	0.00437	0.00254	0.00677
56	0.01198	0.00970	0.01035	0.00913	0.01177	0.01108	0.00715	0.07592	0.71356	0.05997	0.01768	0.01621	0.01312	0.00599	0.00454	0.00150	0.00365	0.00496	0.00460	0.00714
57	0.00721	0.00515	0.00721	0.00824	0.00927	0.00515	0.00721	0.00927	0.01030	0.01339	0.02368	0.05046	0.02574	0.01236	0.00618	0.00206	0.00412	0.78478	0.00412	0.00412
58	0.00676	0.00500	0.00658	0.00737	0.00851	0.00483	0.00631	0.00860	0.01027	0.01308	0.02876	0.04872	0.21060	0.01212	0.00597	0.00193	0.00368	0.60274	0.00413	0.00404
59	0.01074	0.47915	0.32116	0.01035	0.01527	0.01452	0.06701	0.01375	0.00933	0.01215	0.00710	0.00837	0.00579	0.00398	0.00356	0.00117	0.00566	0.00294	0.00193	0.00609
60	0.00949	0.10262	0.64417	0.01354	0.06987	0.01118	0.06049	0.01407	0.00952	0.01385	0.00793	0.00948	0.00583	0.00416	0.00418	0.00137	0.00640	0.00337	0.00193	0.00652
61	0.00645	0.00439	0.00534	0.00538	0.00558	0.00448	0.00335	0.00682	0.00706	0.00959	0.05974	0.06999	0.01745	0.60541	0.14651	0.02470	0.00531	0.00659	0.00285	0.00303
62	0.01107	0.01063	0.01816	0.02746	0.81489	0.01063	0.01373	0.01373	0.01019	0.01461	0.00841	0.01107	0.00709	0.00399	0.00443	0.00133	0.00531	0.00399	0.00221	0.00709
63	0.02592	0.02262	0.19042	0.02904	0.02682	0.00715	0.07312	0.03109	0.00987	0.02986	0.01796	0.22997	0.03904	0.01993	0.00548	0.00174	0.00460	0.22706	0.00335	0.00496
64	0.05582	0.24980	0.31984	0.01010	0.01467	0.01252	0.02379	0.09685	0.04919	0.07494	0.02544	0.01016	0.00741	0.00461	0.00415	0.00130	0.02696	0.00340	0.00268	0.00637
65	0.05367	0.02888	0.42686	0.01260	0.03182	0.13195	0.11496	0.02866	0.01873	0.04332	0.04925	0.01100	0.00798	0.00461	0.00447	0.00139	0.01752	0.00378	0.00241	0.00615
66	0.07425	0.01136	0.16918	0.02671	0.06170	0.02429	0.08250	0.08843	0.06127	0.07277	0.04792	0.09952	0.10212	0.00644	0.00456	0.00142	0.00459	0.00554	0.00334	0.05208
67	0.04183	0.09738	0.17894	0.02955	0.10343	0.16519	0.06103	0.03453	0.02514	0.04856	0.03115	0.05347	0.04895	0.00546	0.00476	0.00136	0.04483	0.00434	0.00266	0.01743
68	0.05332	0.04615	0.20960	0.01166	0.05848	0.11868	0.09009	0.11150	0.04013	0.06461	0.07882	0.03487	0.02816	0.00613	0.02700	0.00153	0.00569	0.00446	0.00306	0.00606
69	0.05455	0.07137	0.09907	0.04441	0.11702	0.06200	0.09614	0.06856	0.03297	0.05179	0.01438	0.05081	0.10639	0.01575	0.02752	0.00158	0.02912	0.01523	0.00293	0.03841
70	0.04263	0.10127	0.12652	0.03081	0.05385	0.01966	0.13140	0.13021	0.01123	0.02885	0.05073	0.02511	0.07244	0.03331	0.08583	0.00201	0.01520	0.00471	0.00290	0.03133
71	0.05503	0.10405	0.11786	0.05146	0.06699	0.07992	0.08673	0.08477	0.04817	0.06377	0.10527	0.02662	0.05101	0.00571	0.00454	0.00137	0.01552	0.02219	0.00316	0.00583
72	0.06310	0.09907	0.12950	0.01071	0.07209	0.05745	0.06983	0.02943	0.08559	0.06406	0.12000	0.09017	0.02953	0.00622	0.00476	0.00139	0.03235	0.00521	0.00323	0.02632
73	0.08210	0.04575	0.23741	0.02784	0.06392	0.03517	0.08178	0.12272	0.04561	0.06344	0.01288	0.08260	0.05648	0.00572	0.00441	0.00141	0.00515	0.00481	0.00305	0.01774

[dist]
# distance from previous block
# <min> <max>
18	181

[block]
# block no. 4 follows, 58 sequences, length 15
# corresponding to MSA columns:
# 1016-1030
name=unknown_E
#
# <colnr> <probs for GDERKNQSTAVLIFYWHMCP>
#	G	D	E	R	K	N	Q	S	T	A	V	L	I	F	Y	W	H	M	C	P
0	0.04926	0.00747	0.00920	0.00757	0.00994	0.00743	0.03546	0.17669	0.03960	0.18785	0.29614	0.02250	0.08407	0.00710	0.00473	0.00139	0.00337	0.00599	0.03845	0.00579
1	0.01169	0.00970	0.03508	0.04413	0.17151	0.05637	0.03135	0.12780	0.10978	0.10762	0.10648	0.07143	0.08443	0.00656	0.00471	0.00142	0.00435	0.00565	0.00380	0.00614
2	0.00698	0.00574	0.00692	0.00691	0.00795	0.04011	0.03434	0.02544	0.02481	0.01213	0.02189	0.49900	0.08312	0.09563	0.00707	0.00190	0.00335	0.03361	0.00374	0.07936
3	0.00977	0.08277	0.08578	0.07815	0.09066	0.00883	0.07889	0.01292	0.05615	0.02620	0.03715	0.01227	0.02071	0.00430	0.00397	0.00108	0.00450	0.01620	0.00267	0.36703
4	0.00885	0.00757	0.01078	0.00898	0.01046	0.00835	0.07565	0.04010	0.00831	0.02702	0.01016	0.03689	0.00988	0.17335	0.16375	0.00308	0.22621	0.00471	0.00256	0.16332
5	0.00608	0.00415	0.00525	0.00596	0.00652	0.00392	0.00422	0.00724	0.00916	0.01271	0.08135	0.52552	0.07375	0.04019	0.00594	0.00178	0.00268	0.08315	0.11668	0.00377
6	0.06690	0.02969	0.13928	0.12771	0.17845	0.06162	0.10670	0.06253	0.05594	0.04317	0.02422	0.03355	0.00819	0.00471	0.00437	0.00137	0.00553	0.00417	0.00268	0.03922
7	0.00636	0.00456	0.00547	0.00561	0.00619	0.00425	0.00367	0.00698	0.00791	0.01066	0.03399	0.29206	0.06710	0.40036	0.01347	0.00288	0.00351	0.04288	0.00336	0.07872
8	0.04938	0.37780	0.15701	0.00904	0.01271	0.11778	0.00894	0.05964	0.03972	0.01311	0.01072	0.01147	0.07642	0.00498	0.00404	0.00121	0.03439	0.00348	0.00244	0.00574
9	0.01107	0.11116	0.39527	0.01307	0.01812	0.10467	0.18499	0.03680	0.04036	0.03072	0.00858	0.01004	0.00640	0.00427	0.00432	0.00136	0.00656	0.00370	0.00227	0.00629
10	0.00678	0.00485	0.00614	0.00707	0.07572	0.00484	0.00392	0.00715	0.00708	0.00956	0.01473	0.11945	0.01682	0.65060	0.04395	0.00388	0.00446	0.00694	0.00282	0.00324
11	0.00633	0.00463	0.00563	0.00600	0.00654	0.00461	0.00403	0.00806	0.07781	0.01169	0.07095	0.40828	0.07056	0.24596	0.04574	0.00269	0.00352	0.00949	0.00376	0.00374
12	0.01063	0.04212	0.04268	0.13005	0.38116	0.07630	0.03690	0.02972	0.03580	0.03026	0.01137	0.10706	0.02145	0.00563	0.00456	0.00141	0.00525	0.01893	0.00264	0.00607
13	0.08436	0.18584	0.17765	0.01171	0.09351	0.05655	0.07437	0.02971	0.06365	0.08425	0.03463	0.01139	0.00840	0.00643	0.05760	0.00168	0.00572	0.00373	0.00273	0.00609
14	0.00851	0.00689	0.00842	0.09118	0.01074	0.03073	0.01620	0.04524	0.10092	0.04368	0.05561	0.12717	0.14231	0.14939	0.06686	0.00243	0.07891	0.00676	0.00344	0.00460

[dist]
# distance from previous block
# <min> <max>
10	72

[block]
# block no. 5 follows, 58 sequences, length 82
# corresponding to MSA columns:
# 1119-1200
name=unknown_F
#
# <colnr> <probs for GDERKNQSTAVLIFYWHMCP>
#	G	D	E	R	K	N	Q	S	T	A	V	L	I	F	Y	W	H	M	C	P
0	0.03981	0.03602	0.04453	0.01017	0.03043	0.09093	0.05449	0.26384	0.10540	0.03472	0.06614	0.04380	0.01141	0.00578	0.00480	0.00134	0.03632	0.02548	0.00361	0.09098
1	0.02562	0.00966	0.02063	0.00900	0.02958	0.03886	0.01617	0.24189	0.16030	0.11088	0.06077	0.05922	0.04726	0.00710	0.03382	0.00154	0.00434	0.00500	0.00409	0.11429
2	0.04305	0.00956	0.02341	0.00894	0.01168	0.05696	0.06630	0.17590	0.14238	0.11464	0.05269	0.06211	0.09505	0.03229	0.00519	0.00150	0.00425	0.03123	0.00401	0.05883
3	0.03702	0.04002	0.05491	0.00950	0.01295	0.00969	0.09136	0.16880	0.16192	0.06269	0.03696	0.03050	0.02514	0.00534	0.00431	0.00127	0.00434	0.03114	0.00360	0.20854
4	0.03602	0.01221	0.14840	0.00954	0.03502	0.06358	0.00843	0.16862	0.14205	0.05904	0.03758	0.03319	0.07469	0.00563	0.00430	0.00129	0.00449	0.00450	0.00353	0.14789
5	0.04897	0.00877	0.01085	0.00982	0.08263	0.00870	0.03648	0.18467	0.07925	0.06308	0.06615	0.05392	0.07142	0.02945	0.00508	0.00134	0.02264	0.00493	0.00364	0.20819
6	0.06308	0.01049	0.01123	0.00978	0.03607	0.05363	0.02942	0.24929	0.30991	0.04526	0.01484	0.05646	0.03529	0.00641	0.01666	0.00150	0.00439	0.00488	0.00407	0.03735
7	0.01160	0.00907	0.00988	0.00855	0.01133	0.00983	0.00670	0.02152	0.60675	0.09571	0.01759	0.01633	0.03437	0.00581	0.00441	0.00140	0.00350	0.00482	0.00440	0.11643
8	0.00982	0.01722	0.39548	0.01601	0.02151	0.01088	0.43472	0.01425	0.01004	0.01425	0.00857	0.01085	0.00627	0.00399	0.00480	0.00147	0.00711	0.00436	0.00209	0.00630
9	0.00925	0.09831	0.74684	0.01228	0.01864	0.01106	0.01572	0.01410	0.00941	0.01383	0.00786	0.00924	0.00567	0.00421	0.00412	0.00137	0.00644	0.00322	0.00189	0.00653
10	0.01700	0.01253	0.01342	0.01029	0.01387	0.01387	0.00850	0.79997	0.02103	0.02819	0.01074	0.01074	0.00761	0.00537	0.00447	0.00134	0.00492	0.00403	0.00447	0.00761
11	0.00532	0.00452	0.00459	0.00460	0.00607	0.00379	0.00344	0.00647	0.01023	0.01224	0.06748	0.06189	0.77149	0.01133	0.00530	0.00151	0.00227	0.00948	0.00418	0.00379
12	0.00642	0.00454	0.00597	0.00600	0.00638	0.00490	0.00410	0.00719	0.00688	0.00955	0.01342	0.04759	0.01428	0.44071	0.39680	0.00559	0.00785	0.00589	0.00261	0.00334
13	0.01082	0.01055	0.01854	0.08870	0.68270	0.01064	0.08478	0.01361	0.01012	0.01434	0.00844	0.01123	0.00697	0.00400	0.00451	0.00136	0.00557	0.00410	0.00220	0.00683
14	0.01565	0.01893	0.01220	0.01104	0.01341	0.65572	0.00834	0.03232	0.16438	0.01272	0.00913	0.00976	0.00730	0.00490	0.00414	0.00123	0.00715	0.00332	0.00277	0.00559
15	0.00535	0.00454	0.00459	0.00461	0.00608	0.00381	0.00346	0.00647	0.01012	0.01204	0.04425	0.04290	0.78159	0.02879	0.00567	0.00158	0.00234	0.02392	0.00412	0.00376
16	0.00663	0.00492	0.00640	0.00697	0.00811	0.00469	0.00586	0.00848	0.01065	0.01381	0.15389	0.04605	0.20969	0.01161	0.00583	0.00183	0.00337	0.48292	0.00425	0.00406
17	0.01124	0.01094	0.01800	0.02699	0.79139	0.03451	0.01358	0.01385	0.01026	0.01451	0.00837	0.01098	0.00705	0.00400	0.00442	0.00132	0.00539	0.00395	0.00222	0.00703
18	0.00845	0.00795	0.01342	0.83204	0.03081	0.00994	0.01242	0.01143	0.00894	0.01143	0.00795	0.01193	0.00596	0.00447	0.00447	0.00149	0.00596	0.00398	0.00199	0.00497
19	0.00542	0.00402	0.00506	0.00590	0.00640	0.00366	0.00401	0.00627	0.00888	0.01155	0.02868	0.68445	0.18241	0.01349	0.00563	0.00176	0.00253	0.01208	0.00415	0.00366
20	0.03451	0.01190	0.01188	0.00971	0.01273	0.08571	0.00779	0.46871	0.18290	0.05610	0.01299	0.06252	0.01013	0.00595	0.00449	0.00139	0.00470	0.00465	0.00428	0.00697
21	0.05372	0.00610	0.00820	0.00808	0.02663	0.00606	0.05778	0.06169	0.06462	0.06444	0.02139	0.49656	0.05755	0.01077	0.00526	0.00168	0.00336	0.03736	0.00405	0.00470
22	0.00545	0.00389	0.00519	0.00623	0.00649	0.00363	0.00415	0.00623	0.00856	0.01142	0.02465	0.83987	0.02959	0.01401	0.00571	0.00182	0.00260	0.01272	0.00415	0.00363
23	0.00897	0.02314	0.81962	0.01275	0.01936	0.01039	0.01653	0.01417	0.00944	0.01417	0.00803	0.00944	0.00567	0.00425	0.00425	0.00142	0.00661	0.00331	0.00189	0.00661
24	0.01544	0.01183	0.01259	0.01044	0.03679	0.04692	0.00823	0.52486	0.17222	0.06046	0.02972	0.01247	0.00957	0.00557	0.00469	0.00138	0.02094	0.00429	0.00434	0.00726
25	0.01671	0.02132	0.01268	0.01152	0.01383	0.82483	0.00864	0.01786	0.01268	0.01095	0.00691	0.00807	0.00576	0.00461	0.00403	0.00115	0.00807	0.00288	0.00230	0.00519
26	0.03430	0.00865	0.01083	0.00844	0.01182	0.00827	0.00696	0.17208	0.05771	0.59201	0.01625	0.01494	0.01070	0.00563	0.00450	0.00140	0.00401	0.01884	0.00520	0.00747
27	0.01225	0.01053	0.01072	0.00938	0.01206	0.04498	0.00736	0.14104	0.65521	0.01983	0.01661	0.01543	0.01242	0.00590	0.00452	0.00148	0.00394	0.00481	0.00445	0.00708
28	0.00554	0.00396	0.00530	0.00633	0.00663	0.00371	0.00431	0.00639	0.00866	0.01152	0.02460	0.79837	0.02938	0.01393	0.00573	0.00183	0.00268	0.05331	0.00415	0.00366
29	0.01602	0.01204	0.01287	0.01009	0.01350	0.01341	0.00826	0.67006	0.15255	0.02661	0.01199	0.01174	0.00862	0.00549	0.00449	0.00137	0.00469	0.00420	0.00449	0.00752
30	0.00617	0.00433	0.00552	0.00598	0.00673	0.00397	0.00427	0.00737	0.00984	0.03674	0.18930	0.45709	0.15298	0.03310	0.00598	0.00175	0.00262	0.05804	0.00431	0.00390
31	0.00692	0.00558	0.00853	0.08551	0.01090	0.00558	0.08206	0.05167	0.00953	0.01269	0.02077	0.61358	0.02383	0.01160	0.00550	0.00174	0.00356	0.03245	0.00378	0.00423
32	0.00639	0.00479	0.00719	0.00719	0.00799	0.00559	0.00559	0.00799	0.00719	0.01038	0.01198	0.01757	0.01118	0.03355	0.82507	0.00719	0.01198	0.00479	0.00240	0.00399
