[name]
unknown

[dist]
# distance from previous block
# <min> <max>
3	325

[block]
# block no. 0 follows, 74 sequences, length 24
# corresponding to MSA columns:
# 482-505
name=unknown_A
#
# <colnr> <probs for GDERKNQSTAVLIFYWHMCP>
#	G	D	E	R	K	N	Q	S	T	A	V	L	I	F	Y	W	H	M	C	P
0	0.06115	0.01838	0.02941	0.08975	0.12299	0.20809	0.06180	0.10866	0.02192	0.02620	0.00952	0.14637	0.00894	0.00646	0.05197	0.00144	0.00491	0.01501	0.00244	0.00458
1	0.18607	0.02413	0.11678	0.11064	0.17131	0.09497	0.08466	0.06362	0.03316	0.01299	0.00687	0.00848	0.00538	0.00433	0.03045	0.00127	0.00475	0.00297	0.00207	0.03507
2	0.05507	0.04692	0.06498	0.06520	0.10681	0.08520	0.06940	0.07531	0.05336	0.06776	0.09611	0.01352	0.06868	0.00645	0.06408	0.00150	0.04132	0.01098	0.00262	0.00473
3	0.02783	0.03738	0.10664	0.16195	0.09208	0.00723	0.11185	0.03864	0.04515	0.04415	0.15825	0.06634	0.06808	0.00528	0.00394	0.00121	0.00391	0.01291	0.00265	0.00456
4	0.04261	0.18930	0.02796	0.03611	0.01199	0.36840	0.09749	0.08669	0.04610	0.01147	0.04358	0.00844	0.00661	0.00387	0.00334	0.00101	0.00526	0.00290	0.00218	0.00469
5	0.04638	0.07316	0.00816	0.00729	0.08078	0.05622	0.03413	0.05158	0.04542	0.01316	0.33181	0.07617	0.14819	0.00658	0.00397	0.00116	0.00288	0.00564	0.00324	0.00409
6	0.05674	0.50609	0.01600	0.03718	0.04720	0.22297	0.03541	0.02274	0.00843	0.00970	0.00556	0.00660	0.00483	0.00339	0.00281	0.00090	0.00472	0.00229	0.00176	0.00467
7	0.01022	0.07664	0.16698	0.01058	0.01385	0.09732	0.23202	0.22331	0.01076	0.01416	0.03579	0.00942	0.00662	0.00496	0.04104	0.00135	0.03400	0.00345	0.00235	0.00518
8	0.00567	0.00431	0.00507	0.02011	0.02101	0.00401	0.00381	0.03456	0.00879	0.04744	0.11395	0.14884	0.48940	0.00890	0.00461	0.00130	0.02578	0.04549	0.00346	0.00351
9	0.00505	0.00379	0.00469	0.00446	0.00542	0.00342	0.00335	0.00662	0.01004	0.01377	0.65932	0.02956	0.22084	0.00800	0.00438	0.00119	0.00178	0.00697	0.00394	0.00342
10	0.00694	0.00651	0.01073	0.69401	0.09911	0.00777	0.00963	0.00923	0.00763	0.00978	0.00987	0.01252	0.09263	0.00427	0.00378	0.00123	0.00458	0.00377	0.00185	0.00418
11	0.01068	0.10680	0.13011	0.01098	0.03970	0.18393	0.23782	0.11991	0.03255	0.04949	0.00792	0.03891	0.00631	0.00393	0.00369	0.00111	0.00528	0.00350	0.00228	0.00511
12	0.00800	0.00789	0.01117	0.01014	0.05332	0.01079	0.00801	0.00888	0.00583	0.00904	0.00535	0.00885	0.00532	0.03071	0.04154	0.00180	0.76428	0.00334	0.00167	0.00408
13	0.00530	0.00398	0.00597	0.00597	0.00663	0.00464	0.00464	0.00663	0.00597	0.00862	0.00994	0.01458	0.00928	0.02784	0.85484	0.00597	0.00994	0.00398	0.00199	0.00331
14	0.01387	0.01769	0.01052	0.00956	0.01148	0.85465	0.00717	0.01482	0.01052	0.00908	0.00574	0.00669	0.00478	0.00383	0.00335	0.00096	0.00669	0.00239	0.00191	0.00430
15	0.00913	0.01222	0.26474	0.01282	0.05936	0.00887	0.38235	0.07419	0.03850	0.05896	0.03641	0.01012	0.00681	0.00366	0.00398	0.00120	0.00533	0.00380	0.00221	0.00534
16	0.00745	0.00674	0.01158	0.70447	0.02325	0.00796	0.08173	0.00986	0.00773	0.04681	0.00864	0.01137	0.04876	0.00399	0.00381	0.00124	0.00482	0.00365	0.00189	0.00425
17	0.00992	0.00752	0.00830	0.00707	0.00948	0.00800	0.00556	0.01771	0.58838	0.12219	0.01357	0.01262	0.01004	0.00458	0.00359	0.00112	0.00293	0.00379	0.00361	0.16000
18	0.00737	0.05530	0.11257	0.05186	0.01000	0.08272	0.06695	0.00872	0.00701	0.00922	0.03057	0.01483	0.04982	0.21186	0.09709	0.03253	0.13447	0.01137	0.00201	0.00371
19	0.00679	0.03660	0.05405	0.04600	0.01090	0.04338	0.20178	0.00851	0.00815	0.01057	0.07601	0.11797	0.22430	0.03228	0.00541	0.00136	0.08402	0.02538	0.00261	0.00393
20	0.12969	0.00841	0.00937	0.00733	0.01013	0.00883	0.00603	0.39812	0.05229	0.31586	0.01075	0.01009	0.00727	0.00440	0.00354	0.00114	0.00354	0.00335	0.00385	0.00599
21	0.01883	0.00813	0.01153	0.25430	0.35888	0.08034	0.00917	0.01971	0.04465	0.01144	0.06291	0.03949	0.03710	0.00446	0.00378	0.00117	0.00432	0.02275	0.00219	0.00484
22	0.04071	0.00800	0.01147	0.29559	0.13288	0.08213	0.09150	0.01786	0.02213	0.05449	0.04504	0.04329	0.00811	0.02485	0.01837	0.00136	0.07442	0.02112	0.00218	0.00449
23	0.00952	0.01138	0.23274	0.07722	0.06023	0.02166	0.16788	0.14865	0.03847	0.07045	0.05147	0.01039	0.00746	0.00469	0.02492	0.00132	0.05023	0.00361	0.00244	0.00527

[dist]
# distance from previous block
# <min> <max>
0	2

[block]
# block no. 1 follows, 74 sequences, length 22
# corresponding to MSA columns:
# 508-529
name=unknown_B
#
# <colnr> <probs for GDERKNQSTAVLIFYWHMCP>
#	G	D	E	R	K	N	Q	S	T	A	V	L	I	F	Y	W	H	M	C	P
0	0.00701	0.00660	0.01113	0.86063	0.02556	0.00825	0.01031	0.00948	0.00742	0.00948	0.00660	0.00990	0.00495	0.00371	0.00371	0.00124	0.00495	0.00330	0.00165	0.00412
1	0.00966	0.04223	0.09483	0.08747	0.09570	0.19960	0.04176	0.02831	0.17324	0.02487	0.04112	0.01077	0.02639	0.00498	0.02276	0.00127	0.08431	0.00346	0.00237	0.00489
2	0.00792	0.04456	0.12332	0.02020	0.16373	0.05534	0.12340	0.04296	0.01834	0.02662	0.01133	0.22978	0.01137	0.02094	0.05120	0.00155	0.00456	0.03590	0.00243	0.00455
3	0.01315	0.00968	0.01046	0.00820	0.01090	0.01066	0.00669	0.75128	0.01642	0.02200	0.01006	0.09459	0.00813	0.00517	0.00382	0.00115	0.00389	0.00406	0.00369	0.00598
4	0.00883	0.00741	0.00880	0.00743	0.07422	0.00652	0.00543	0.12358	0.08111	0.01395	0.00768	0.00851	0.00614	0.00322	0.00304	0.00073	0.00308	0.00261	0.00252	0.62518
5	0.00487	0.00418	0.00422	0.00414	0.00548	0.00374	0.00313	0.00676	0.09144	0.01058	0.03536	0.03354	0.76168	0.00896	0.00433	0.00125	0.00199	0.00747	0.00348	0.00341
6	0.00479	0.00376	0.00440	0.00444	0.00529	0.00359	0.00323	0.00567	0.00725	0.00918	0.02542	0.06939	0.45405	0.15462	0.22533	0.00286	0.00425	0.00658	0.00288	0.00303
7	0.06516	0.00844	0.01381	0.03614	0.72499	0.00857	0.01047	0.01131	0.02965	0.01235	0.00757	0.04121	0.00658	0.00368	0.00363	0.00113	0.00420	0.00352	0.00197	0.00562
8	0.00466	0.00333	0.00445	0.00524	0.00553	0.00312	0.00360	0.00544	0.00741	0.00992	0.07262	0.76411	0.02502	0.01129	0.00474	0.00150	0.00220	0.05927	0.00348	0.00307
9	0.00723	0.00682	0.01153	0.77576	0.10871	0.00830	0.01042	0.00968	0.00753	0.00975	0.00664	0.00982	0.00504	0.00367	0.00371	0.00122	0.00489	0.00330	0.00167	0.00430
10	0.01326	0.01525	0.01069	0.00933	0.01144	0.61235	0.02983	0.16253	0.04580	0.01199	0.00690	0.00778	0.00552	0.00487	0.03531	0.00119	0.00618	0.00275	0.00232	0.00471
11	0.00539	0.00364	0.00424	0.00424	0.00431	0.00370	0.00249	0.00552	0.00545	0.00734	0.01152	0.02332	0.01307	0.78553	0.10234	0.00383	0.00423	0.00526	0.00222	0.00236
12	0.01387	0.01769	0.01052	0.00956	0.01148	0.85465	0.00717	0.01482	0.01052	0.00908	0.00574	0.00669	0.00478	0.00383	0.00335	0.00096	0.00669	0.00239	0.00191	0.00430
13	0.01387	0.01769	0.01052	0.00956	0.01148	0.85465	0.00717	0.01482	0.01052	0.00908	0.00574	0.00669	0.00478	0.00383	0.00335	0.00096	0.00669	0.00239	0.00191	0.00430
14	0.01149	0.00513	0.00651	0.00543	0.00725	0.00465	0.00421	0.01288	0.03469	0.44469	0.04746	0.01720	0.09001	0.12801	0.00626	0.03827	0.00285	0.00443	0.12386	0.00474
15	0.00449	0.00374	0.00392	0.00392	0.00509	0.00317	0.00292	0.00552	0.00865	0.01057	0.13129	0.06524	0.72018	0.00927	0.00440	0.00125	0.00188	0.00780	0.00352	0.00317
16	0.00919	0.00882	0.01507	0.02278	0.84640	0.00882	0.01139	0.01139	0.00845	0.01213	0.00698	0.00919	0.00588	0.00331	0.00367	0.00110	0.00441	0.00331	0.00184	0.00588
17	0.00690	0.00504	0.00669	0.00629	0.00725	0.01926	0.00490	0.09346	0.00739	0.04479	0.00995	0.01423	0.00905	0.07564	0.64589	0.00493	0.02838	0.00395	0.00228	0.00372
18	0.00530	0.00399	0.00506	0.00551	0.00645	0.00374	0.00453	0.00671	0.00866	0.01112	0.12396	0.09055	0.28115	0.00975	0.00478	0.00149	0.00266	0.41777	0.00351	0.00331
19	0.00457	0.00326	0.00436	0.00522	0.00545	0.00305	0.00352	0.00524	0.00715	0.00952	0.02043	0.84237	0.02445	0.01159	0.00475	0.00151	0.00219	0.03488	0.00344	0.00303
20	0.00457	0.00365	0.00397	0.00410	0.00502	0.00318	0.00292	0.00542	0.00805	0.00997	0.08580	0.18350	0.56037	0.09555	0.00590	0.00153	0.00209	0.00800	0.00337	0.00305
21	0.28856	0.24569	0.03531	0.00788	0.05838	0.14640	0.02263	0.07106	0.00835	0.01271	0.00623	0.03066	0.00536	0.00425	0.01878	0.00113	0.02735	0.00261	0.00210	0.00456

[dist]
# distance from previous block
# <min> <max>
0	1

[block]
# block no. 2 follows, 74 sequences, length 7
# corresponding to MSA columns:
# 531-537
name=unknown_C
#
# <colnr> <probs for GDERKNQSTAVLIFYWHMCP>
#	G	D	E	R	K	N	Q	S	T	A	V	L	I	F	Y	W	H	M	C	P
0	0.01102	0.01206	0.04506	0.05954	0.27374	0.30425	0.06768	0.06067	0.03974	0.04168	0.00779	0.01007	0.00640	0.00399	0.00368	0.00111	0.00525	0.03899	0.00219	0.00509
1	0.00650	0.00480	0.00572	0.00543	0.00595	0.03351	0.00383	0.06537	0.00702	0.00950	0.08835	0.03537	0.01267	0.33391	0.21379	0.11837	0.03990	0.00467	0.00237	0.00299
2	0.04623	0.00659	0.00777	0.00727	0.05684	0.00687	0.00531	0.13474	0.20861	0.16479	0.13738	0.07622	0.03388	0.04065	0.00442	0.00128	0.00294	0.00477	0.04840	0.00505
3	0.10410	0.00890	0.06114	0.08393	0.40311	0.03286	0.06720	0.01111	0.00801	0.04222	0.00713	0.00941	0.00587	0.03926	0.00430	0.00120	0.02307	0.00319	0.00200	0.08200
4	0.02212	0.00733	0.02843	0.11370	0.05868	0.02468	0.04384	0.01092	0.07319	0.07815	0.00826	0.01039	0.00678	0.06611	0.02752	0.00128	0.06891	0.00315	0.00235	0.34422
5	0.38502	0.05929	0.02934	0.04910	0.04419	0.14027	0.03208	0.05217	0.00837	0.01407	0.03922	0.00919	0.00671	0.00600	0.06371	0.00158	0.04970	0.00294	0.00241	0.00463
6	0.05832	0.17656	0.01112	0.05191	0.01048	0.11261	0.05356	0.06196	0.03619	0.13312	0.00928	0.02866	0.00790	0.00521	0.00430	0.07124	0.00403	0.08113	0.00259	0.07981

[dist]
# distance from previous block
# <min> <max>
0	9

[block]
# block no. 3 follows, 74 sequences, length 44
# corresponding to MSA columns:
# 547-590
name=unknown_D
#
# <colnr> <probs for GDERKNQSTAVLIFYWHMCP>
#	G	D	E	R	K	N	Q	S	T	A	V	L	I	F	Y	W	H	M	C	P
0	0.00764	0.00648	0.00748	0.13516	0.01021	0.06138	0.00553	0.10875	0.11011	0.01461	0.43567	0.01962	0.03774	0.00610	0.00417	0.00118	0.01528	0.00518	0.00345	0.00427
1	0.00573	0.00393	0.00497	0.00470	0.00564	0.00362	0.00348	0.00735	0.02255	0.05276	0.61397	0.07169	0.11715	0.05970	0.00523	0.00134	0.00198	0.00678	0.00389	0.00353
2	0.00453	0.00327	0.00429	0.00508	0.00537	0.00303	0.00341	0.00522	0.00726	0.00964	0.04150	0.80238	0.06846	0.01141	0.00471	0.00149	0.00213	0.01031	0.00346	0.00303
3	0.00899	0.55053	0.33252	0.00794	0.01199	0.01240	0.00913	0.01136	0.00765	0.00987	0.00573	0.00666	0.00474	0.00331	0.00281	0.00094	0.00454	0.00227	0.00158	0.00504
4	0.00468	0.00338	0.00445	0.00524	0.00558	0.00317	0.00366	0.00545	0.00732	0.00965	0.02133	0.71150	0.07675	0.02568	0.00499	0.00155	0.00230	0.09686	0.00342	0.00305
5	0.56808	0.00618	0.00539	0.00477	0.00680	0.00679	0.00387	0.01131	0.00723	0.12534	0.00807	0.00876	0.00601	0.00381	0.00256	0.00108	0.00264	0.00258	0.21455	0.00419
6	0.00692	0.00346	0.00346	0.00346	0.00432	0.00346	0.00259	0.00865	0.00778	0.01384	0.01211	0.01384	0.00951	0.00432	0.00259	0.00086	0.00173	0.00346	0.89016	0.00346
7	0.89577	0.00718	0.00546	0.00488	0.00718	0.00833	0.00402	0.01091	0.00632	0.01665	0.00517	0.00603	0.00402	0.00345	0.00230	0.00115	0.00287	0.00201	0.00230	0.00402
8	0.00919	0.00882	0.01507	0.02278	0.84640	0.00882	0.01139	0.01139	0.00845	0.01213	0.00698	0.00919	0.00588	0.00331	0.00367	0.00110	0.00441	0.00331	0.00184	0.00588
9	0.89577	0.00718	0.00546	0.00488	0.00718	0.00833	0.00402	0.01091	0.00632	0.01665	0.00517	0.00603	0.00402	0.00345	0.00230	0.00115	0.00287	0.00201	0.00230	0.00402
10	0.89577	0.00718	0.00546	0.00488	0.00718	0.00833	0.00402	0.01091	0.00632	0.01665	0.00517	0.00603	0.00402	0.00345	0.00230	0.00115	0.00287	0.00201	0.00230	0.00402
11	0.00992	0.87178	0.01945	0.00635	0.00953	0.01469	0.00635	0.01111	0.00754	0.00873	0.00516	0.00595	0.00476	0.00318	0.00238	0.00079	0.00397	0.00198	0.00159	0.00476
12	0.00461	0.00334	0.00438	0.00518	0.00552	0.00311	0.00358	0.00535	0.00730	0.00963	0.02163	0.75064	0.08314	0.01137	0.00474	0.00150	0.00222	0.06625	0.00344	0.00305
13	0.00958	0.00957	0.00992	0.26412	0.02571	0.26634	0.05262	0.01112	0.00862	0.07996	0.01054	0.09052	0.06161	0.03033	0.02993	0.00139	0.02747	0.00416	0.00230	0.00419
14	0.00919	0.00882	0.01507	0.02278	0.84640	0.00882	0.01139	0.01139	0.00845	0.01213	0.00698	0.00919	0.00588	0.00331	0.00367	0.00110	0.00441	0.00331	0.00184	0.00588
15	0.00625	0.00364	0.00511	0.00508	0.00558	0.00388	0.00375	0.00657	0.00609	0.02416	0.02428	0.01385	0.00892	0.01684	0.33966	0.33356	0.00554	0.01641	0.16807	0.00277
16	0.35146	0.07281	0.25332	0.00791	0.01122	0.03292	0.06549	0.04496	0.00783	0.05914	0.00693	0.03478	0.00546	0.00389	0.00332	0.00116	0.02761	0.00285	0.00219	0.00476
17	0.00948	0.00717	0.00925	0.08538	0.09069	0.06951	0.06794	0.10563	0.02017	0.13629	0.02284	0.06531	0.03119	0.21155	0.00752	0.00178	0.00405	0.04703	0.00283	0.00439
18	0.01075	0.00642	0.03729	0.00610	0.00819	0.04827	0.02598	0.03475	0.01847	0.35371	0.14896	0.04468	0.15821	0.00598	0.00388	0.00115	0.00294	0.00501	0.07444	0.00482
19	0.37653	0.03959	0.03900	0.05254	0.13734	0.18252	0.02520	0.05345	0.00825	0.01356	0.00591	0.00721	0.00474	0.00367	0.00333	0.00111	0.03682	0.00254	0.00210	0.00458
20	0.00544	0.00427	0.00464	0.00446	0.00572	0.00396	0.00337	0.00768	0.10362	0.02702	0.20797	0.04523	0.51491	0.00828	0.00425	0.00122	0.00200	0.00699	0.03539	0.00359
21	0.03618	0.23368	0.06183	0.07380	0.03066	0.01155	0.00747	0.43955	0.01280	0.04697	0.00769	0.00822	0.00574	0.00396	0.00332	0.00105	0.00414	0.00293	0.00283	0.00562
22	0.09083	0.03230	0.07971	0.03489	0.01631	0.03565	0.51542	0.04274	0.03159	0.01243	0.00764	0.03495	0.00607	0.00372	0.00430	0.00123	0.03933	0.00398	0.00204	0.00488
23	0.00534	0.00373	0.00508	0.00516	0.00551	0.00404	0.00362	0.00596	0.00580	0.00806	0.01126	0.09336	0.01191	0.31658	0.43614	0.06184	0.00662	0.00500	0.00218	0.00281
24	0.00468	0.00387	0.00412	0.00407	0.00525	0.00336	0.00305	0.00602	0.03152	0.01105	0.18318	0.05734	0.65151	0.00902	0.00438	0.00125	0.00189	0.00761	0.00357	0.00327
25	0.89577	0.00718	0.00546	0.00488	0.00718	0.00833	0.00402	0.01091	0.00632	0.01665	0.00517	0.00603	0.00402	0.00345	0.00230	0.00115	0.00287	0.00201	0.00230	0.00402
26	0.00456	0.00372	0.00401	0.00402	0.00511	0.00320	0.00297	0.00560	0.00865	0.01076	0.17333	0.09416	0.63113	0.02636	0.00470	0.00130	0.00191	0.00779	0.00353	0.00317
27	0.00992	0.87178	0.01945	0.00635	0.00953	0.01469	0.00635	0.01111	0.00754	0.00873	0.00516	0.00595	0.00476	0.00318	0.00238	0.00079	0.00397	0.00198	0.00159	0.00476
28	0.00445	0.00370	0.00389	0.00397	0.00509	0.00314	0.00293	0.00541	0.00844	0.01026	0.08459	0.12680	0.70549	0.00954	0.00443	0.00128	0.00190	0.00807	0.00349	0.00314
29	0.01460	0.00961	0.01065	0.00817	0.01112	0.01035	0.00675	0.67712	0.01614	0.18214	0.01001	0.00963	0.00687	0.00448	0.00372	0.00112	0.00391	0.00342	0.00388	0.00631
30	0.01109	0.48460	0.09682	0.00788	0.01086	0.29010	0.00735	0.03515	0.00882	0.00955	0.00560	0.00646	0.00481	0.00346	0.00285	0.00089	0.00502	0.00223	0.00175	0.00472
31	0.01086	0.05426	0.06503	0.00721	0.00962	0.00591	0.09635	0.01252	0.00921	0.37534	0.09119	0.11299	0.06905	0.03331	0.02864	0.00141	0.00357	0.00503	0.00353	0.00497
32	0.01411	0.01040	0.01114	0.00854	0.01151	0.01151	0.00706	0.83402	0.01745	0.02339	0.00891	0.00891	0.00631	0.00446	0.00371	0.00111	0.00408	0.00334	0.00371	0.00631
33	0.00460	0.00377	0.00406	0.00399	0.00515	0.00323	0.00299	0.00575	0.00897	0.01125	0.23999	0.03372	0.64174	0.00895	0.00438	0.00123	0.00185	0.00755	0.00361	0.00323
34	0.00837	0.00846	0.04767	0.16433	0.24515	0.02902	0.15854	0.06495	0.05511	0.01269	0.11156	0.02199	0.03506	0.00443	0.00394	0.00119	0.00440	0.01582	0.00240	0.00494
35	0.00761	0.01782	0.73060	0.01112	0.01624	0.00879	0.10552	0.01168	0.00787	0.01168	0.00670	0.00809	0.00481	0.00358	0.00390	0.00120	0.03285	0.00294	0.00160	0.00539
36	0.01665	0.00632	0.00861	0.00660	0.00948	0.00546	0.00546	0.01809	0.01062	0.84897	0.01464	0.01263	0.00919	0.00459	0.00373	0.00115	0.00316	0.00373	0.00459	0.00632
37	0.00686	0.00608	0.00918	0.00912	0.11890	0.00638	0.10747	0.04167	0.02843	0.01071	0.05945	0.04278	0.17595	0.16096	0.08456	0.00212	0.10690	0.01604	0.00253	0.00392
38	0.00918	0.04631	0.10520	0.20167	0.27423	0.02002	0.04432	0.12513	0.04253	0.01274	0.00721	0.00912	0.00567	0.00391	0.00436	0.00118	0.07662	0.00326	0.00208	0.00525
39	0.00701	0.00660	0.01113	0.86063	0.02556	0.00825	0.01031	0.00948	0.00742	0.00948	0.00660	0.00990	0.00495	0.00371	0.00371	0.00124	0.00495	0.00330	0.00165	0.00412
40	0.00532	0.00391	0.00563	0.00563	0.00617	0.00446	0.00422	0.00641	0.00587	0.00837	0.01025	0.01630	0.01002	0.17635	0.70735	0.00555	0.00882	0.00423	0.00203	0.00313
41	0.01004	0.03958	0.02466	0.19345	0.10800	0.04297	0.04967	0.24739	0.05471	0.04089	0.00913	0.08829	0.00773	0.00484	0.00434	0.00121	0.06133	0.00400	0.00265	0.00510
42	0.03580	0.00978	0.01220	0.09791	0.14468	0.12083	0.11453	0.21849	0.08096	0.02541	0.03007	0.01028	0.00717	0.02915	0.01809	0.00130	0.03205	0.00353	0.00258	0.00518
43	0.02172	0.00781	0.00880	0.03054	0.02302	0.15318	0.08257	0.09092	0.00969	0.01209	0.04438	0.08573	0.03810	0.00750	0.00443	0.00140	0.00417	0.36693	0.00298	0.00404

[dist]
# distance from previous block
# <min> <max>
1	19

[block]
# block no. 4 follows, 74 sequences, length 24
# corresponding to MSA columns:
# 610-633
name=unknown_E
#
# <colnr> <probs for GDERKNQSTAVLIFYWHMCP>
#	G	D	E	R	K	N	Q	S	T	A	V	L	I	F	Y	W	H	M	C	P
0	0.00701	0.00511	0.00739	0.12173	0.08363	0.00534	0.00570	0.04586	0.00786	0.07408	0.04731	0.25300	0.02511	0.03055	0.22434	0.00253	0.00494	0.00575	0.00274	0.04003
1	0.05647	0.16894	0.03484	0.14073	0.07246	0.18284	0.02058	0.11923	0.04334	0.03272	0.00717	0.00837	0.00565	0.00381	0.00342	0.00104	0.02252	0.00283	0.04021	0.03284
2	0.00538	0.00369	0.00450	0.00450	0.00466	0.00384	0.00281	0.00569	0.00553	0.00753	0.01128	0.02199	0.01250	0.67046	0.21662	0.00416	0.00510	0.00506	0.00219	0.00250
3	0.03313	0.02115	0.20063	0.04605	0.01451	0.00811	0.32338	0.04531	0.00802	0.01157	0.00733	0.00972	0.00578	0.00562	0.03998	0.10144	0.04520	0.00354	0.04943	0.02011
4	0.02547	0.00578	0.00735	0.00606	0.00813	0.00546	0.00485	0.06122	0.08127	0.41215	0.31796	0.01794	0.01858	0.00570	0.00395	0.00116	0.00267	0.00481	0.00425	0.00521
5	0.00710	0.07035	0.07250	0.00528	0.00706	0.00565	0.00456	0.04437	0.09736	0.04708	0.11924	0.02132	0.26392	0.05024	0.00446	0.00124	0.00262	0.00519	0.16639	0.00406
6	0.00514	0.00349	0.00412	0.00438	0.00444	0.00343	0.00260	0.00533	0.00590	0.00786	0.01426	0.27131	0.01673	0.61812	0.01474	0.00299	0.00318	0.00691	0.00260	0.00247
7	0.03750	0.00506	0.00620	0.03231	0.00744	0.00485	0.00428	0.02401	0.02532	0.26440	0.11287	0.04773	0.25616	0.07609	0.00549	0.00140	0.03755	0.00551	0.04156	0.00428
8	0.00927	0.00752	0.00896	0.00772	0.00985	0.00832	0.06371	0.01759	0.62724	0.07415	0.10996	0.01509	0.01350	0.00516	0.00389	0.00124	0.00305	0.00447	0.00374	0.00557
9	0.77425	0.00706	0.00589	0.00512	0.00750	0.00793	0.00422	0.01190	0.00691	0.13170	0.00648	0.00694	0.00473	0.00360	0.00250	0.00115	0.00291	0.00225	0.00261	0.00434
10	0.01013	0.82604	0.01897	0.00652	0.00963	0.05967	0.00640	0.01131	0.00770	0.00875	0.00519	0.00599	0.00476	0.00321	0.00243	0.00080	0.00412	0.00201	0.00161	0.00474
11	0.01014	0.00472	0.00567	0.00483	0.00657	0.00425	0.00379	0.01170	0.00870	0.29631	0.01295	0.06538	0.00994	0.00471	0.00313	0.00097	0.00234	0.00387	0.45002	0.09003
12	0.00540	0.00360	0.00405	0.00405	0.00405	0.00360	0.00225	0.00540	0.00540	0.00720	0.01170	0.02429	0.01349	0.86955	0.01889	0.00360	0.00360	0.00540	0.00225	0.00225
13	0.46059	0.00910	0.06944	0.00832	0.10313	0.06336	0.01601	0.06822	0.10615	0.01526	0.00763	0.04458	0.00625	0.00406	0.00301	0.00116	0.00358	0.00298	0.00248	0.00470
14	0.00804	0.04740	0.20858	0.00950	0.02277	0.03479	0.16200	0.02728	0.20535	0.01240	0.05964	0.05447	0.04139	0.00643	0.06338	0.00155	0.02325	0.00427	0.00254	0.00493
15	0.01128	0.00892	0.02170	0.04475	0.05564	0.03552	0.00652	0.40677	0.04894	0.04987	0.00872	0.00987	0.00673	0.04918	0.01928	0.00121	0.00393	0.00321	0.00303	0.20493
16	0.00466	0.00349	0.00433	0.00472	0.00533	0.00316	0.00331	0.00563	0.00821	0.01085	0.21461	0.47714	0.22068	0.01017	0.00457	0.00137	0.00200	0.00902	0.00359	0.00316
17	0.25007	0.00827	0.10515	0.00635	0.00953	0.00652	0.04058	0.01042	0.02647	0.03135	0.00788	0.00874	0.03932	0.00341	0.00290	0.00087	0.00323	0.00261	0.00228	0.43405
18	0.00838	0.24932	0.20038	0.00820	0.05561	0.01780	0.02485	0.01074	0.03229	0.04293	0.12044	0.01116	0.01918	0.01728	0.02180	0.00115	0.04050	0.00329	0.00224	0.11247
19	0.00690	0.00429	0.00501	0.00469	0.00610	0.00378	0.00357	0.00820	0.02846	0.16613	0.09395	0.12015	0.48465	0.00920	0.03651	0.00143	0.00247	0.00705	0.00366	0.00381
20	0.00478	0.00351	0.00448	0.00479	0.00539	0.00321	0.00338	0.00588	0.00856	0.01158	0.33134	0.44169	0.13807	0.00982	0.00456	0.00135	0.00197	0.00875	0.00369	0.00321
21	0.00920	0.05012	0.38131	0.02558	0.07868	0.06074	0.07980	0.01247	0.04558	0.09595	0.00813	0.00987	0.00621	0.00402	0.00413	0.00117	0.05669	0.02935	0.00213	0.03889
22	0.14526	0.09912	0.00917	0.03858	0.02201	0.08010	0.00519	0.03337	0.00799	0.01240	0.00622	0.00731	0.00514	0.00309	0.00277	0.00075	0.00338	0.00225	0.00214	0.51376
23	0.00784	0.07772	0.03492	0.07748	0.00913	0.18583	0.03927	0.00872	0.00733	0.00860	0.01101	0.07629	0.05475	0.35630	0.01000	0.00213	0.02247	0.00463	0.00217	0.00340

[dist]
# distance from previous block
# <min> <max>
0	7

[block]
# block no. 5 follows, 74 sequences, length 57
# corresponding to MSA columns:
# 641-697
name=unknown_F
#
# <colnr> <probs for GDERKNQSTAVLIFYWHMCP>
#	G	D	E	R	K	N	Q	S	T	A	V	L	I	F	Y	W	H	M	C	P
0	0.00901	0.06397	0.04385	0.30094	0.03033	0.02446	0.05476	0.03083	0.03569	0.15399	0.03980	0.12989	0.00998	0.00529	0.00417	0.00124	0.03702	0.01754	0.00265	0.00460
1	0.00529	0.00358	0.00423	0.00437	0.00446	0.00358	0.00263	0.00549	0.00575	0.00769	0.01307	0.14230	0.01507	0.68613	0.05531	0.00336	0.00369	0.02912	0.00244	0.00244
2	0.00781	0.02550	0.02576	0.00632	0.00969	0.00554	0.06222	0.00961	0.00777	0.01200	0.00663	0.00782	0.00548	0.00280	0.00287	0.00062	0.00307	0.00236	0.00215	0.79397
3	0.00584	0.00365	0.00434	0.00426	0.00498	0.00352	0.00309	0.00729	0.00867	0.01311	0.38966	0.04443	0.02247	0.13662	0.00600	0.00146	0.00209	0.03365	0.30159	0.00328
4	0.00999	0.85724	0.01930	0.00641	0.00956	0.02899	0.00637	0.01118	0.00759	0.00874	0.00517	0.00597	0.00476	0.00319	0.00240	0.00080	0.00402	0.00199	0.00159	0.00476
5	0.00716	0.00471	0.00537	0.00504	0.00630	0.02440	0.00386	0.00940	0.08272	0.10803	0.30057	0.07768	0.17908	0.00719	0.00403	0.00119	0.00225	0.03966	0.12742	0.00394
6	0.00526	0.00378	0.00487	0.00460	0.00549	0.00349	0.00345	0.00698	0.01034	0.01465	0.78694	0.02767	0.06840	0.00757	0.00433	0.00116	0.00176	0.00667	0.02911	0.00349
7	0.01399	0.01034	0.01107	0.00852	0.01146	0.01145	0.00702	0.81326	0.03841	0.02319	0.00907	0.00904	0.00644	0.00447	0.00371	0.00112	0.00406	0.00336	0.00371	0.00630
8	0.00820	0.00552	0.00643	0.00618	0.00766	0.01988	0.00503	0.06451	0.14098	0.11262	0.04286	0.07035	0.13429	0.00760	0.00425	0.00135	0.00292	0.27097	0.08411	0.00430
9	0.00876	0.01001	0.02190	0.01564	0.01940	0.00939	0.83292	0.01189	0.00876	0.01189	0.00751	0.01001	0.00563	0.00313	0.00438	0.00125	0.00626	0.00438	0.00188	0.00501
10	0.00540	0.00360	0.00405	0.00405	0.00405	0.00360	0.00225	0.00540	0.00540	0.00720	0.01170	0.02429	0.01349	0.86955	0.01889	0.00360	0.00360	0.00540	0.00225	0.00225
11	0.01065	0.00528	0.00602	0.00508	0.00681	0.00521	0.00404	0.13550	0.01001	0.24238	0.01232	0.01277	0.00894	0.00442	0.00307	0.00098	0.00247	0.00352	0.51586	0.00467
12	0.00504	0.00357	0.00477	0.00554	0.00592	0.00344	0.00406	0.00593	0.00735	0.00971	0.01930	0.53718	0.02245	0.10177	0.00635	0.00179	0.00268	0.24681	0.00331	0.00305
13	0.00812	0.00812	0.01137	0.00975	0.00975	0.01137	0.00812	0.00893	0.00568	0.00893	0.00487	0.00812	0.00487	0.00650	0.01218	0.00162	0.86276	0.00325	0.00162	0.00406
14	0.00530	0.00398	0.00597	0.00597	0.00663	0.00464	0.00464	0.00663	0.00597	0.00862	0.00994	0.01458	0.00928	0.02784	0.85484	0.00597	0.00994	0.00398	0.00199	0.00331
15	0.06242	0.00667	0.00864	0.00666	0.00951	0.00607	0.00550	0.08003	0.01092	0.74240	0.01371	0.01200	0.00870	0.00452	0.00366	0.00115	0.00321	0.00361	0.00441	0.00620
16	0.00546	0.00358	0.00409	0.00409	0.00409	0.00358	0.00230	0.00537	0.00537	0.00716	0.01141	0.02358	0.01311	0.82282	0.01865	0.05206	0.00358	0.00528	0.00221	0.00221
17	0.00813	0.06972	0.72088	0.03414	0.01555	0.00891	0.01267	0.03148	0.00815	0.04704	0.00696	0.00801	0.00494	0.00358	0.00348	0.00115	0.00525	0.00277	0.00175	0.00546
18	0.01167	0.00926	0.00972	0.00804	0.01055	0.02556	0.00644	0.39962	0.43178	0.02832	0.01204	0.01140	0.00885	0.00474	0.00374	0.00118	0.00354	0.00376	0.00372	0.00606
19	0.00744	0.01920	0.85032	0.01058	0.01607	0.00862	0.01371	0.01176	0.00784	0.01176	0.00666	0.00784	0.00470	0.00353	0.00353	0.00118	0.00549	0.00274	0.00157	0.00549
20	0.00919	0.06784	0.51796	0.01827	0.01436	0.02811	0.07620	0.04686	0.00872	0.11954	0.00869	0.02392	0.01838	0.00402	0.00362	0.00117	0.00497	0.02060	0.00218	0.00538
21	0.00882	0.00827	0.01346	0.07623	0.62144	0.00849	0.02546	0.03116	0.08312	0.01235	0.00917	0.04654	0.03082	0.00404	0.00377	0.00115	0.00417	0.00384	0.00216	0.00556
22	0.01130	0.00513	0.00681	0.00565	0.00761	0.00451	0.00449	0.01277	0.01028	0.46351	0.30200	0.04785	0.08948	0.00626	0.00404	0.00118	0.00253	0.00533	0.00428	0.00497
23	0.00725	0.00723	0.03116	0.77164	0.03747	0.02604	0.01024	0.00966	0.00744	0.00955	0.00651	0.00969	0.00495	0.00383	0.00407	0.00124	0.04293	0.00326	0.00165	0.00418
24	0.00916	0.00827	0.01141	0.28831	0.05531	0.05058	0.10286	0.12056	0.19343	0.02326	0.00968	0.01200	0.00758	0.00440	0.00398	0.00122	0.02154	0.03970	0.03178	0.00496
25	0.00796	0.00501	0.00632	0.00628	0.00756	0.00500	0.00497	0.01097	0.16492	0.15584	0.06171	0.24190	0.04993	0.00848	0.00447	0.00143	0.00281	0.24643	0.00373	0.00427
26	0.00455	0.00336	0.00427	0.00498	0.00540	0.00308	0.00343	0.00529	0.00740	0.00963	0.02349	0.68843	0.17110	0.01118	0.00469	0.00147	0.00215	0.03960	0.00344	0.00305
27	0.00845	0.00950	0.17987	0.00817	0.03028	0.05504	0.03085	0.07724	0.19388	0.06020	0.02380	0.22823	0.02816	0.00650	0.00403	0.00129	0.00370	0.04293	0.00306	0.00483
28	0.01387	0.01769	0.01052	0.00956	0.01148	0.85465	0.00717	0.01482	0.01052	0.00908	0.00574	0.00669	0.00478	0.00383	0.00335	0.00096	0.00669	0.00239	0.00191	0.00430
29	0.00509	0.00379	0.00474	0.00450	0.00545	0.00343	0.00338	0.00670	0.01013	0.01399	0.69560	0.02920	0.18442	0.00792	0.00438	0.00118	0.00177	0.00692	0.00397	0.00343
30	0.01282	0.00911	0.00994	0.00797	0.01064	0.01002	0.00647	0.48274	0.26499	0.11680	0.02205	0.01107	0.00853	0.00469	0.00374	0.00116	0.00360	0.00369	0.00384	0.00615
31	0.00883	0.00872	0.01358	0.26021	0.54096	0.06126	0.01074	0.01100	0.00822	0.01111	0.00675	0.00921	0.00552	0.00353	0.00387	0.00114	0.02508	0.00325	0.00178	0.00524
32	0.01361	0.00983	0.01059	0.00818	0.01100	0.01081	0.00674	0.75720	0.01671	0.04189	0.03661	0.00980	0.00744	0.00456	0.00369	0.00111	0.00390	0.00347	0.03676	0.00611
33	0.00452	0.00323	0.00431	0.00517	0.00538	0.00301	0.00345	0.00517	0.00711	0.00948	0.02046	0.86713	0.02455	0.01163	0.00474	0.00151	0.00215	0.01055	0.00345	0.00301
34	0.00838	0.00767	0.01288	0.32815	0.48603	0.00826	0.01041	0.01065	0.00807	0.02449	0.00725	0.00976	0.00579	0.00353	0.00363	0.00114	0.00444	0.00332	0.05104	0.00511
35	0.00687	0.00541	0.00704	0.14299	0.02200	0.00516	0.01512	0.03608	0.03760	0.05142	0.22553	0.02080	0.21823	0.00605	0.00388	0.00109	0.00278	0.01334	0.00311	0.17549
36	0.82953	0.07183	0.00650	0.00499	0.00735	0.00880	0.00419	0.01093	0.00641	0.01606	0.00517	0.00602	0.00408	0.00343	0.00230	0.00112	0.00295	0.00201	0.00224	0.00408
37	0.89577	0.00718	0.00546	0.00488	0.00718	0.00833	0.00402	0.01091	0.00632	0.01665	0.00517	0.00603	0.00402	0.00345	0.00230	0.00115	0.00287	0.00201	0.00230	0.00402
38	0.00734	0.00626	0.00870	0.06288	0.12001	0.01720	0.02746	0.01064	0.16945	0.02239	0.05982	0.01673	0.02899	0.05178	0.21014	0.00253	0.07945	0.07726	0.01663	0.00433
39	0.00537	0.00359	0.00406	0.00408	0.00409	0.00358	0.00229	0.00539	0.00545	0.00727	0.01198	0.05133	0.01385	0.84203	0.01844	0.00353	0.00355	0.00556	0.00229	0.00227
40	0.00474	0.00370	0.00397	0.00401	0.00484	0.00329	0.00278	0.00548	0.00772	0.00959	0.08477	0.07736	0.51620	0.23729	0.00826	0.00189	0.00236	0.01568	0.00317	0.00292
41	0.89577	0.00718	0.00546	0.00488	0.00718	0.00833	0.00402	0.01091	0.00632	0.01665	0.00517	0.00603	0.00402	0.00345	0.00230	0.00115	0.00287	0.00201	0.00230	0.00402
42	0.00923	0.00797	0.00839	0.00755	0.00965	0.00923	0.00588	0.01972	0.83969	0.01553	0.01511	0.01385	0.01133	0.00504	0.00378	0.00126	0.00294	0.00420	0.00378	0.00588
43	0.00439	0.00375	0.00377	0.00379	0.00502	0.00313	0.00283	0.00532	0.00844	0.01002	0.03729	0.05075	0.83006	0.00944	0.00439	0.00126	0.00189	0.00788	0.00345	0.00313
44	0.00770	0.00660	0.00770	0.00550	0.00880	0.00495	0.00440	0.00935	0.00770	0.01210	0.00660	0.00770	0.00550	0.00275	0.00275	0.00055	0.00275	0.00220	0.00220	0.89224
45	0.01246	0.34399	0.01427	0.00782	0.01074	0.11954	0.00680	0.41244	0.01275	0.01592	0.00706	0.00749	0.00552	0.00388	0.00315	0.00097	0.00437	0.00270	0.00266	0.00546
46	0.01421	0.01023	0.01104	0.00846	0.01143	0.01126	0.00699	0.80067	0.01717	0.05713	0.00915	0.00906	0.00643	0.00446	0.00371	0.00112	0.00405	0.00336	0.00375	0.00631
47	0.00891	0.52193	0.36039	0.00809	0.01221	0.01220	0.00937	0.01138	0.00766	0.00997	0.00578	0.00673	0.00474	0.00332	0.00285	0.00095	0.00459	0.00230	0.00158	0.00506
48	0.00587	0.00409	0.00521	0.00529	0.04017	0.00404	0.03002	0.00615	0.00592	0.02307	0.04178	0.02310	0.01362	0.75753	0.01697	0.00328	0.00364	0.00529	0.00233	0.00261
49	0.00444	0.00373	0.00386	0.00395	0.00511	0.00315	0.00295	0.00537	0.00835	0.01001	0.03578	0.10344	0.75845	0.00960	0.00443	0.00128	0.00194	0.02759	0.00345	0.00313
50	0.02216	0.00720	0.01078	0.40153	0.23330	0.04399	0.00891	0.01025	0.02031	0.05571	0.03779	0.04848	0.07491	0.00459	0.00379	0.00119	0.00426	0.00406	0.00221	0.00458
51	0.00826	0.18018	0.07609	0.03559	0.03891	0.02189	0.03351	0.07926	0.02776	0.04164	0.00827	0.01123	0.00725	0.05544	0.26309	0.08239	0.01957	0.00336	0.00211	0.00420
52	0.04655	0.00898	0.01439	0.03843	0.69205	0.03674	0.03340	0.01131	0.00825	0.01196	0.00674	0.00894	0.00568	0.00353	0.00415	0.00114	0.05709	0.00325	0.00184	0.00558
53	0.00458	0.00355	0.00415	0.00455	0.00528	0.00316	0.00323	0.00544	0.00789	0.00998	0.06763	0.39625	0.39261	0.03539	0.00499	0.00145	0.00210	0.04125	0.00344	0.00309
54	0.01900	0.01039	0.03474	0.06597	0.18659	0.26331	0.02282	0.04601	0.02180	0.08905	0.16337	0.02638	0.02520	0.00471	0.00374	0.00110	0.00447	0.00389	0.00267	0.00477
55	0.04652	0.09827	0.04869	0.04178	0.50743	0.06996	0.02063	0.01127	0.01817	0.01153	0.02267	0.03706	0.00671	0.00386	0.00387	0.00111	0.03992	0.00335	0.00193	0.00528
56	0.07284	0.00554	0.02130	0.03591	0.17432	0.01980	0.00531	0.00770	0.02286	0.01046	0.02313	0.24213	0.13703	0.17131	0.00687	0.00173	0.00315	0.02361	0.01130	0.00370

[dist]
# distance from previous block
# <min> <max>
2	86

[block]
# block no. 6 follows, 74 sequences, length 13
# corresponding to MSA columns:
# 784-796
name=unknown_G
#
# <colnr> <probs for GDERKNQSTAVLIFYWHMCP>
#	G	D	E	R	K	N	Q	S	T	A	V	L	I	F	Y	W	H	M	C	P
0	0.08730	0.00905	0.03489	0.03802	0.37114	0.00926	0.03299	0.22728	0.06890	0.04645	0.00827	0.00946	0.00637	0.00453	0.02891	0.00128	0.00430	0.00332	0.00260	0.00569
1	0.00602	0.00338	0.00452	0.00452	0.00452	0.00338	0.00283	0.00506	0.00506	0.00675	0.00857	0.01654	0.00929	0.35897	0.01628	0.53310	0.00338	0.00410	0.00187	0.00187
2	0.85167	0.00778	0.04740	0.00516	0.00762	0.00834	0.00450	0.01095	0.00639	0.01641	0.00524	0.00612	0.00405	0.00345	0.00236	0.00115	0.00300	0.00205	0.00226	0.00409
3	0.01387	0.01769	0.01052	0.00956	0.01148	0.85465	0.00717	0.01482	0.01052	0.00908	0.00574	0.00669	0.00478	0.00383	0.00335	0.00096	0.00669	0.00239	0.00191	0.00430
4	0.07306	0.07131	0.08217	0.00873	0.03352	0.02356	0.02827	0.54469	0.01413	0.05338	0.00825	0.00854	0.00596	0.00411	0.00350	0.00109	0.00415	0.00311	0.00317	0.02531
5	0.00460	0.00362	0.00417	0.00444	0.00530	0.00319	0.00323	0.00558	0.00830	0.01051	0.13343	0.29585	0.45306	0.00990	0.00452	0.00134	0.00201	0.04027	0.00353	0.00315
6	0.00530	0.00398	0.00597	0.00597	0.00663	0.00464	0.00464	0.00663	0.00597	0.00862	0.00994	0.01458	0.00928	0.02784	0.85484	0.00597	0.00994	0.00398	0.00199	0.00331
7	0.01099	0.00920	0.01277	0.14068	0.27443	0.01010	0.03949	0.37877	0.01218	0.01659	0.00769	0.00914	0.00587	0.00405	0.00419	0.00116	0.05103	0.00336	0.00264	0.00568
8	0.00557	0.00388	0.00499	0.00466	0.00564	0.00354	0.00351	0.00724	0.01035	0.04242	0.75370	0.02785	0.09736	0.00763	0.00436	0.00117	0.00181	0.00670	0.00405	0.00357
9	0.00931	0.02967	0.12554	0.06367	0.18094	0.02843	0.00839	0.05658	0.39578	0.03224	0.02407	0.01144	0.00870	0.00433	0.00368	0.00119	0.00386	0.00366	0.00288	0.00565
10	0.00545	0.00358	0.00409	0.00409	0.00409	0.00358	0.00230	0.00537	0.00537	0.00716	0.01143	0.02364	0.01314	0.82694	0.01867	0.04779	0.00358	0.00529	0.00222	0.00222
11	0.00921	0.15012	0.38319	0.00953	0.02636	0.03457	0.06837	0.05458	0.00846	0.07585	0.00715	0.00830	0.00541	0.00439	0.02698	0.00123	0.06314	0.00288	0.00200	0.05829
12	0.01140	0.05400	0.09019	0.02794	0.18850	0.35372	0.05192	0.09963	0.04649	0.01189	0.00689	0.00810	0.00550	0.00380	0.00371	0.00107	0.02513	0.00292	0.00211	0.00507

[dist]
# distance from previous block
# <min> <max>
2	6

[block]
# block no. 7 follows, 74 sequences, length 6
# corresponding to MSA columns:
# 804-809
name=unknown_H
#
# <colnr> <probs for GDERKNQSTAVLIFYWHMCP>
#	G	D	E	R	K	N	Q	S	T	A	V	L	I	F	Y	W	H	M	C	P
0	0.01110	0.03635	0.11742	0.07477	0.13217	0.34182	0.02691	0.03892	0.00960	0.07383	0.04639	0.00905	0.00680	0.00386	0.00350	0.00103	0.00519	0.00299	0.00221	0.05608
1	0.11242	0.44306	0.07800	0.00774	0.04095	0.13662	0.00692	0.04153	0.05633	0.03675	0.00642	0.00710	0.00529	0.00353	0.00282	0.00095	0.00430	0.00238	0.00202	0.00487
2	0.44630	0.00777	0.00751	0.00728	0.06328	0.09954	0.03385	0.01082	0.00719	0.05358	0.00705	0.00871	0.00575	0.00804	0.15699	0.00200	0.02556	0.00275	0.04186	0.00417
3	0.00842	0.05569	0.37654	0.00909	0.06306	0.04189	0.00915	0.05014	0.05692	0.07234	0.11094	0.01358	0.08487	0.00534	0.02497	0.00127	0.00435	0.00387	0.00253	0.00504
4	0.00552	0.00355	0.00414	0.00414	0.00414	0.00355	0.00236	0.00533	0.00533	0.00711	0.01108	0.02276	0.01267	0.76897	0.01838	0.10790	0.00355	0.00514	0.00217	0.00217
5	0.03293	0.08711	0.14348	0.19787	0.03457	0.03638	0.00789	0.08272	0.05646	0.05275	0.07838	0.01093	0.02465	0.00410	0.00344	0.00105	0.00401	0.00332	0.00243	0.13554

[dist]
# distance from previous block
# <min> <max>
0	1

[block]
# block no. 8 follows, 74 sequences, length 33
# corresponding to MSA columns:
# 811-843
name=unknown_I
#
# <colnr> <probs for GDERKNQSTAVLIFYWHMCP>
#	G	D	E	R	K	N	Q	S	T	A	V	L	I	F	Y	W	H	M	C	P
0	0.01032	0.02353	0.02314	0.00784	0.03739	0.08927	0.02869	0.24183	0.07741	0.01518	0.00786	0.00852	0.00612	0.00356	0.00324	0.00085	0.00373	0.00280	0.00268	0.40605
1	0.00813	0.00625	0.00734	0.00555	0.00842	0.00497	0.00439	0.02099	0.03691	0.08109	0.01079	0.06212	0.07125	0.00404	0.00312	0.00074	0.00271	0.00334	0.00264	0.65519
2	0.00548	0.00369	0.00478	0.00478	0.00501	0.00391	0.00316	0.00575	0.00553	0.00760	0.01053	0.01959	0.01130	0.49171	0.30126	0.10090	0.00570	0.00468	0.00209	0.00254
3	0.89577	0.00718	0.00546	0.00488	0.00718	0.00833	0.00402	0.01091	0.00632	0.01665	0.00517	0.00603	0.00402	0.00345	0.00230	0.00115	0.00287	0.00201	0.00230	0.00402
4	0.01175	0.01442	0.01417	0.01149	0.01380	0.51338	0.26625	0.01337	0.00953	0.00995	0.00622	0.00786	0.00506	0.00385	0.00447	0.00111	0.08387	0.00309	0.00188	0.00450
5	0.04262	0.00585	0.00879	0.13465	0.22018	0.00612	0.00735	0.00912	0.03718	0.01183	0.11527	0.08792	0.02527	0.00687	0.00427	0.00136	0.00353	0.26476	0.00282	0.00422
6	0.00530	0.00398	0.00597	0.00597	0.00663	0.00464	0.00464	0.00663	0.00597	0.00862	0.00994	0.01458	0.00928	0.02784	0.85484	0.00597	0.00994	0.00398	0.00199	0.00331
7	0.00955	0.06130	0.00924	0.05507	0.01044	0.15603	0.00625	0.04910	0.43165	0.01319	0.03154	0.03795	0.01066	0.00628	0.04503	0.00143	0.00413	0.05300	0.00309	0.00505
8	0.00533	0.00387	0.00540	0.00540	0.00587	0.00433	0.00393	0.00626	0.00580	0.00820	0.01046	0.01745	0.01053	0.27670	0.60768	0.00527	0.00807	0.00440	0.00207	0.00300
9	0.00643	0.00425	0.00566	0.00541	0.00575	0.00467	0.00382	0.05608	0.00609	0.00837	0.00886	0.01549	0.00906	0.26183	0.22031	0.31254	0.05668	0.00404	0.00202	0.00264
10	0.00452	0.00323	0.00431	0.00517	0.00538	0.00301	0.00345	0.00517	0.00711	0.00948	0.02046	0.86713	0.02455	0.01163	0.00474	0.00151	0.00215	0.01055	0.00345	0.00301
11	0.00858	0.01169	0.28272	0.02559	0.36971	0.00835	0.04542	0.02493	0.07231	0.03668	0.07072	0.01064	0.00819	0.00388	0.00372	0.00115	0.00449	0.00351	0.00218	0.00553
12	0.00970	0.79636	0.09296	0.00673	0.01011	0.01415	0.00700	0.01117	0.00757	0.00900	0.00529	0.00612	0.00476	0.00321	0.00248	0.00083	0.00410	0.00205	0.00159	0.00483
13	0.01653	0.00651	0.00874	0.00670	0.00957	0.00575	0.00553	0.05768	0.01096	0.80891	0.01437	0.01245	0.00905	0.00459	0.00373	0.00115	0.00320	0.00371	0.00455	0.00632
14	0.00482	0.00378	0.00436	0.00422	0.00528	0.00332	0.00316	0.00617	0.00949	0.01246	0.44201	0.03171	0.43896	0.00849	0.00438	0.00121	0.00182	0.00727	0.00377	0.00332
15	0.04882	0.66070	0.13496	0.00708	0.01046	0.06597	0.00733	0.01143	0.00772	0.00953	0.00541	0.00627	0.00472	0.00328	0.00260	0.00087	0.00430	0.00212	0.00164	0.00480
16	0.01299	0.22147	0.01262	0.00871	0.01096	0.62149	0.00693	0.02635	0.00991	0.02868	0.00585	0.00669	0.00490	0.00370	0.00313	0.00092	0.00592	0.00234	0.00192	0.00449
17	0.00574	0.00391	0.00504	0.00469	0.00569	0.00357	0.00354	0.00741	0.01035	0.05498	0.74027	0.02763	0.09791	0.00759	0.00435	0.00117	0.00183	0.00666	0.00406	0.00361
18	0.00770	0.00660	0.00770	0.00550	0.00880	0.00495	0.00440	0.00935	0.00770	0.01210	0.00660	0.00770	0.00550	0.00275	0.00275	0.00055	0.00275	0.00220	0.00220	0.89224
19	0.00744	0.01920	0.85032	0.01058	0.01607	0.00862	0.01371	0.01176	0.00784	0.01176	0.00666	0.00784	0.00470	0.00353	0.00353	0.00118	0.00549	0.00274	0.00157	0.00549
20	0.00531	0.00393	0.00575	0.00575	0.00634	0.00452	0.00437	0.00649	0.00590	0.00846	0.01014	0.01568	0.00976	0.12315	0.76018	0.00570	0.00922	0.00414	0.00202	0.00319
21	0.00521	0.00379	0.00490	0.00462	0.00552	0.00348	0.00347	0.00692	0.01040	0.01463	0.80241	0.02814	0.07721	0.00768	0.00438	0.00117	0.00176	0.00677	0.00405	0.00348
22	0.00505	0.00379	0.00467	0.00445	0.00542	0.00341	0.00334	0.00660	0.01002	0.01372	0.65065	0.02965	0.22954	0.00802	0.00438	0.00119	0.00178	0.00698	0.00393	0.00341
23	0.00773	0.00669	0.00809	0.00578	0.00909	0.00507	0.02735	0.00942	0.00773	0.01209	0.00662	0.00776	0.00550	0.00276	0.00279	0.00057	0.00285	0.00226	0.00219	0.86766
24	0.00540	0.00360	0.00405	0.00405	0.00405	0.00360	0.00225	0.00540	0.00540	0.00720	0.01170	0.02429	0.01349	0.86955	0.01889	0.00360	0.00360	0.00540	0.00225	0.00225
25	0.00779	0.06816	0.77540	0.01030	0.01554	0.03633	0.01308	0.01182	0.00791	0.01149	0.00655	0.00769	0.00471	0.00352	0.00345	0.00115	0.00544	0.00269	0.00158	0.00541
26	0.06361	0.03112	0.00844	0.00728	0.03637	0.00792	0.00559	0.11765	0.34143	0.15389	0.08628	0.01433	0.04568	0.00611	0.04238	0.00140	0.00334	0.00414	0.01764	0.00539
27	0.00493	0.00340	0.00419	0.00465	0.00476	0.00329	0.00289	0.00528	0.00631	0.00842	0.01639	0.47535	0.01941	0.41042	0.01132	0.00248	0.00283	0.00816	0.00289	0.00266
28	0.00700	0.00653	0.01094	0.77231	0.06049	0.00799	0.00995	0.00942	0.00765	0.00992	0.05697	0.01094	0.00680	0.00393	0.00375	0.00123	0.00473	0.00350	0.00180	0.00416
29	0.06531	0.00880	0.01021	0.02325	0.09761	0.04061	0.00679	0.37110	0.03341	0.26895	0.01048	0.02989	0.00747	0.00446	0.00364	0.00113	0.00381	0.00353	0.00359	0.00594
30	0.00459	0.00340	0.00431	0.00501	0.00547	0.00312	0.00349	0.00537	0.00746	0.00969	0.02369	0.65291	0.18147	0.01111	0.00470	0.00147	0.00219	0.06404	0.00344	0.00306
31	0.01230	0.00504	0.00631	0.00520	0.00717	0.00456	0.00418	0.01387	0.00935	0.47537	0.01351	0.01317	0.00933	0.00447	0.00322	0.00102	0.00252	0.00361	0.40076	0.00504
32	0.00857	0.32861	0.42136	0.00903	0.01321	0.01073	0.05954	0.04223	0.00815	0.01103	0.00695	0.02902	0.00579	0.00380	0.00324	0.00106	0.00479	0.02600	0.00177	0.00511

[dist]
# distance from previous block
# <min> <max>
0	1

[block]
# block no. 9 follows, 74 sequences, length 27
# corresponding to MSA columns:
# 845-871
name=unknown_J
#
# <colnr> <probs for GDERKNQSTAVLIFYWHMCP>
#	G	D	E	R	K	N	Q	S	T	A	V	L	I	F	Y	W	H	M	C	P
