[name]
unknown

[dist]
# distance from previous block
# <min> <max>
0	338

[block]
# block no. 0 follows, 71 sequences, length 13
# corresponding to MSA columns:
# 390-402
name=unknown_A
#
# <colnr> <probs for GDERKNQSTAVLIFYWHMCP>
#	G	D	E	R	K	N	Q	S	T	A	V	L	I	F	Y	W	H	M	C	P
0	0.05200	0.00458	0.00545	0.00615	0.07528	0.00423	0.00426	0.00693	0.00897	0.01185	0.15947	0.03254	0.48923	0.00868	0.00446	0.00132	0.00240	0.11511	0.00346	0.00362
1	0.00852	0.10598	0.59579	0.01166	0.07241	0.00978	0.07884	0.05150	0.00866	0.01244	0.00693	0.00822	0.00511	0.00360	0.00361	0.00117	0.00542	0.00296	0.00177	0.00562
2	0.03387	0.45840	0.16242	0.00768	0.01104	0.11799	0.00773	0.02609	0.00879	0.07840	0.05009	0.00838	0.00692	0.00382	0.00304	0.00098	0.00452	0.00267	0.00212	0.00506
3	0.00828	0.00507	0.00556	0.00527	0.00657	0.00530	0.00411	0.09010	0.11958	0.04715	0.01419	0.08716	0.01224	0.00582	0.00344	0.00113	0.00246	0.08448	0.48782	0.00427
4	0.67553	0.00865	0.07471	0.07512	0.01008	0.00889	0.00575	0.07918	0.00770	0.01677	0.00591	0.00695	0.00448	0.00368	0.00272	0.00119	0.00346	0.00236	0.00238	0.00448
5	0.00648	0.00481	0.00568	0.00545	0.00586	0.00525	0.00367	0.05041	0.07544	0.00956	0.01277	0.13346	0.01396	0.52441	0.05500	0.00305	0.07311	0.00582	0.00263	0.00317
6	0.08298	0.41996	0.21385	0.00853	0.01228	0.02832	0.07507	0.07823	0.02760	0.01210	0.00646	0.00741	0.00520	0.00355	0.00307	0.00102	0.00461	0.00261	0.00196	0.00520
7	0.08414	0.00776	0.07761	0.00678	0.00955	0.00666	0.00596	0.10470	0.05053	0.43694	0.03695	0.01288	0.02869	0.00474	0.00361	0.00116	0.00329	0.00376	0.10857	0.00573
8	0.02762	0.03276	0.20301	0.07903	0.05368	0.06396	0.13762	0.14189	0.07024	0.08019	0.02934	0.01072	0.01599	0.00425	0.00406	0.00121	0.02436	0.01201	0.00260	0.00547
9	0.00543	0.00410	0.00501	0.00515	0.00597	0.00393	0.00375	0.00739	0.07612	0.01229	0.30636	0.28246	0.16225	0.05310	0.00539	0.00149	0.00224	0.05027	0.00375	0.00353
10	0.13831	0.02895	0.03031	0.08180	0.00908	0.02211	0.03007	0.01981	0.02553	0.08538	0.09994	0.10663	0.15368	0.09607	0.01487	0.00157	0.00326	0.02237	0.02627	0.00400
11	0.03054	0.07995	0.05109	0.06138	0.03349	0.03669	0.07922	0.30176	0.03879	0.04545	0.05001	0.01358	0.01933	0.00489	0.00384	0.00117	0.00423	0.07882	0.00303	0.06273
12	0.10297	0.04417	0.08863	0.00804	0.02563	0.02337	0.02814	0.24247	0.05412	0.04551	0.03334	0.04610	0.02159	0.01745	0.00416	0.00126	0.01652	0.11666	0.00307	0.07681

[dist]
# distance from previous block
# <min> <max>
0	52

[block]
# block no. 1 follows, 71 sequences, length 14
# corresponding to MSA columns:
# 455-468
name=unknown_B
#
# <colnr> <probs for GDERKNQSTAVLIFYWHMCP>
#	G	D	E	R	K	N	Q	S	T	A	V	L	I	F	Y	W	H	M	C	P
0	0.06134	0.02147	0.11729	0.04806	0.01007	0.02193	0.04504	0.04581	0.08618	0.05111	0.10473	0.11652	0.15808	0.01985	0.00463	0.00135	0.02909	0.04992	0.00310	0.00442
1	0.01961	0.01859	0.11443	0.14536	0.31805	0.00798	0.02522	0.03220	0.06010	0.02325	0.07955	0.06175	0.02528	0.01673	0.03426	0.00143	0.00445	0.00427	0.00238	0.00513
2	0.00899	0.01908	0.08252	0.12148	0.08873	0.07950	0.08070	0.04240	0.25842	0.01308	0.05460	0.02287	0.04220	0.00555	0.02902	0.00139	0.03747	0.00412	0.00273	0.00516
3	0.03923	0.00607	0.00691	0.00625	0.00793	0.00634	0.00481	0.05540	0.28631	0.11058	0.23416	0.11731	0.08899	0.00692	0.00417	0.00128	0.00261	0.00592	0.00396	0.00485
4	0.00957	0.03391	0.04798	0.03391	0.10636	0.05042	0.05109	0.09769	0.27130	0.03951	0.07129	0.03070	0.04065	0.00536	0.01564	0.00127	0.02330	0.00424	0.04480	0.02103
5	0.00488	0.00352	0.00447	0.00503	0.00537	0.00333	0.00336	0.00554	0.00726	0.00962	0.05138	0.56911	0.10296	0.15163	0.05198	0.00211	0.00285	0.00925	0.00330	0.00303
6	0.04708	0.00960	0.06547	0.12350	0.30665	0.04999	0.05178	0.10282	0.04454	0.05559	0.02859	0.01102	0.03717	0.00427	0.00422	0.00121	0.04498	0.00365	0.00243	0.00543
7	0.00483	0.00376	0.00438	0.00451	0.00543	0.00332	0.00328	0.00597	0.00902	0.01168	0.26813	0.23469	0.40786	0.00972	0.00462	0.00133	0.00197	0.00843	0.00375	0.00332
8	0.02450	0.01848	0.00674	0.02590	0.04513	0.01511	0.01843	0.05376	0.05586	0.01118	0.07995	0.15725	0.07278	0.20352	0.15223	0.00267	0.01829	0.00587	0.02866	0.00369
9	0.64285	0.02848	0.02130	0.03170	0.05141	0.03414	0.00533	0.04050	0.05405	0.05054	0.00664	0.00740	0.00506	0.00374	0.00274	0.00118	0.00336	0.00246	0.00252	0.00459
10	0.00754	0.06395	0.00763	0.00709	0.03665	0.00575	0.00564	0.07868	0.00938	0.05114	0.06422	0.12225	0.04962	0.05954	0.00552	0.00161	0.00334	0.39065	0.00337	0.02642
11	0.03510	0.11444	0.01009	0.00749	0.00972	0.09101	0.00601	0.11356	0.38917	0.04838	0.04044	0.02692	0.04831	0.02515	0.00418	0.00125	0.01595	0.00406	0.00334	0.00542
12	0.00904	0.11765	0.07113	0.00591	0.00782	0.07077	0.00518	0.09451	0.00908	0.03585	0.00990	0.01151	0.00789	0.00636	0.06670	0.03578	0.00377	0.00324	0.40849	0.01943
13	0.22558	0.13633	0.04831	0.02789	0.03496	0.07443	0.04992	0.12505	0.04674	0.11867	0.03186	0.00977	0.02029	0.00488	0.02877	0.00128	0.00423	0.00314	0.00278	0.00513

[dist]
# distance from previous block
# <min> <max>
18	54

[block]
# block no. 2 follows, 71 sequences, length 14
# corresponding to MSA columns:
# 524-537
name=unknown_C
#
# <colnr> <probs for GDERKNQSTAVLIFYWHMCP>
#	G	D	E	R	K	N	Q	S	T	A	V	L	I	F	Y	W	H	M	C	P
0	0.00641	0.04209	0.00766	0.00678	0.05103	0.00521	0.05976	0.03010	0.03879	0.01381	0.46866	0.06815	0.12374	0.03064	0.00474	0.00127	0.00259	0.00637	0.00359	0.02860
1	0.01234	0.09785	0.01104	0.00790	0.01041	0.06078	0.01934	0.42435	0.03349	0.09335	0.06617	0.04895	0.03196	0.02796	0.00446	0.00123	0.02649	0.01290	0.00346	0.00556
2	0.00698	0.09617	0.00781	0.00634	0.00748	0.05028	0.03905	0.03003	0.05357	0.03159	0.10628	0.45796	0.02018	0.02395	0.00461	0.00139	0.00297	0.02290	0.02663	0.00386
3	0.10568	0.08073	0.14280	0.00767	0.02501	0.00734	0.07128	0.05507	0.03784	0.10014	0.12399	0.08457	0.12083	0.00590	0.00387	0.00122	0.00356	0.01471	0.00304	0.00473
4	0.00952	0.04351	0.02469	0.04777	0.01041	0.08155	0.00625	0.10154	0.42563	0.01475	0.05895	0.06746	0.03136	0.02794	0.00435	0.00132	0.00358	0.03074	0.00342	0.00528
5	0.05449	0.08153	0.36193	0.04322	0.01351	0.05979	0.05313	0.04394	0.00848	0.07690	0.00805	0.02669	0.00633	0.00714	0.10934	0.00181	0.03325	0.00327	0.00213	0.00509
6	0.00897	0.03155	0.29754	0.02970	0.01277	0.03296	0.06732	0.10555	0.12501	0.04552	0.05747	0.03563	0.05412	0.00516	0.00393	0.00124	0.00436	0.04846	0.02748	0.00525
7	0.04184	0.00524	0.00677	0.00585	0.00772	0.00471	0.00458	0.01276	0.00964	0.43344	0.10537	0.17657	0.06801	0.03079	0.00453	0.00133	0.00277	0.02531	0.04781	0.00495
8	0.01057	0.00959	0.06773	0.05493	0.09753	0.07468	0.00749	0.18654	0.21699	0.07170	0.07659	0.06824	0.01120	0.00527	0.00412	0.00123	0.02249	0.00434	0.00326	0.00552
9	0.00507	0.00388	0.00459	0.00450	0.00549	0.00347	0.00334	0.00642	0.00961	0.01274	0.43505	0.06663	0.35266	0.04397	0.00517	0.00137	0.00200	0.02681	0.00384	0.00339
10	0.03179	0.02765	0.15510	0.08224	0.10822	0.01813	0.10413	0.06224	0.17979	0.03003	0.05844	0.01242	0.03850	0.00462	0.00433	0.00124	0.04961	0.00394	0.02228	0.00529
11	0.00617	0.00506	0.00721	0.00682	0.00726	0.00628	0.00532	0.00724	0.00602	0.00879	0.00928	0.01477	0.00907	0.12854	0.55090	0.00481	0.20688	0.00412	0.00200	0.00346
12	0.02054	0.41711	0.06779	0.02710	0.05730	0.17401	0.00729	0.04645	0.03269	0.04482	0.00727	0.03084	0.00624	0.01334	0.00325	0.00101	0.00459	0.00281	0.03060	0.00496
13	0.02138	0.02823	0.08824	0.03744	0.03442	0.01723	0.15541	0.15152	0.06493	0.06712	0.01102	0.02109	0.06574	0.00439	0.00398	0.00111	0.02758	0.00381	0.03124	0.16412

[dist]
# distance from previous block
# <min> <max>
1	3

[block]
# block no. 3 follows, 71 sequences, length 10
# corresponding to MSA columns:
# 541-550
name=unknown_D
#
# <colnr> <probs for GDERKNQSTAVLIFYWHMCP>
#	G	D	E	R	K	N	Q	S	T	A	V	L	I	F	Y	W	H	M	C	P
0	0.00601	0.00457	0.00534	0.00509	0.00637	0.00430	0.02025	0.00839	0.11007	0.04486	0.17675	0.14472	0.40041	0.00862	0.00441	0.00130	0.00223	0.00741	0.03508	0.00382
1	0.47183	0.04639	0.00807	0.00678	0.02703	0.08382	0.00533	0.09523	0.11020	0.06596	0.00829	0.04175	0.00662	0.00429	0.00303	0.00118	0.00353	0.00301	0.00282	0.00483
2	0.00753	0.00577	0.00650	0.00598	0.03553	0.02318	0.00443	0.03321	0.08704	0.08187	0.11042	0.04716	0.33623	0.00692	0.00404	0.00113	0.00261	0.01965	0.00343	0.17735
3	0.00838	0.07760	0.11219	0.50749	0.02132	0.03000	0.07157	0.05525	0.05811	0.01134	0.00741	0.00976	0.00559	0.00385	0.00375	0.00122	0.00507	0.00335	0.00196	0.00478
4	0.04192	0.23512	0.09377	0.02933	0.06775	0.03824	0.13728	0.06118	0.09555	0.06605	0.01060	0.03927	0.05896	0.00443	0.00358	0.00113	0.00437	0.00376	0.00249	0.00520
5	0.00474	0.00371	0.00423	0.00455	0.00537	0.00329	0.00325	0.00562	0.00818	0.01026	0.06658	0.30999	0.45201	0.06307	0.00560	0.00154	0.00220	0.03913	0.00351	0.00317
6	0.00763	0.00611	0.03644	0.06193	0.15483	0.00556	0.02692	0.00963	0.03897	0.10444	0.14376	0.10352	0.21325	0.02849	0.00467	0.00134	0.00315	0.04166	0.00326	0.00443
7	0.00964	0.13609	0.36099	0.05373	0.01444	0.06143	0.07517	0.05106	0.04043	0.07775	0.00782	0.00901	0.00586	0.00491	0.03780	0.00137	0.04192	0.00310	0.00213	0.00534
8	0.00949	0.02944	0.03338	0.07137	0.11122	0.03113	0.02280	0.03033	0.16891	0.14677	0.07486	0.05618	0.09656	0.04002	0.00488	0.00134	0.03373	0.00479	0.02779	0.00502
9	0.00475	0.00382	0.00407	0.00411	0.00521	0.00329	0.00301	0.00577	0.00869	0.01082	0.11895	0.10795	0.62835	0.04378	0.00511	0.00139	0.00202	0.00800	0.02766	0.00324

[dist]
# distance from previous block
# <min> <max>
0	1

[block]
# block no. 4 follows, 71 sequences, length 9
# corresponding to MSA columns:
# 552-560
name=unknown_E
#
# <colnr> <probs for GDERKNQSTAVLIFYWHMCP>
#	G	D	E	R	K	N	Q	S	T	A	V	L	I	F	Y	W	H	M	C	P
0	0.03296	0.07080	0.42507	0.01042	0.03373	0.08578	0.08280	0.11793	0.00990	0.03243	0.05659	0.00952	0.00714	0.00400	0.00368	0.00116	0.00518	0.00324	0.00222	0.00544
1	0.05313	0.27992	0.15903	0.04817	0.01198	0.15998	0.00794	0.06819	0.04907	0.06895	0.03866	0.00890	0.00689	0.00442	0.01857	0.00114	0.00479	0.00288	0.00231	0.00510
2	0.00717	0.00457	0.00532	0.00532	0.00623	0.00470	0.00389	0.03101	0.11915	0.05514	0.01562	0.24615	0.01549	0.13190	0.03840	0.00181	0.00292	0.05513	0.24625	0.00383
3	0.70616	0.09158	0.00771	0.05154	0.00895	0.00943	0.00493	0.05968	0.00739	0.01642	0.00565	0.00661	0.00442	0.00361	0.00255	0.00115	0.00327	0.00223	0.00235	0.00437
4	0.00546	0.00380	0.00471	0.00476	0.00518	0.00387	0.00321	0.00619	0.00676	0.00935	0.09430	0.09415	0.08328	0.39594	0.21273	0.00353	0.00472	0.00591	0.04924	0.00292
5	0.03224	0.34785	0.21852	0.01075	0.11744	0.04372	0.06617	0.04732	0.04160	0.01161	0.00671	0.00788	0.00544	0.00363	0.00345	0.00106	0.02461	0.00278	0.00191	0.00533
6	0.03302	0.00620	0.00763	0.00634	0.00846	0.00598	0.00508	0.10425	0.07244	0.33127	0.20728	0.01827	0.01621	0.04837	0.00476	0.00132	0.00298	0.04853	0.03020	0.04142
7	0.00787	0.00638	0.02968	0.02947	0.02804	0.01601	0.01514	0.08457	0.18379	0.05210	0.20516	0.09701	0.11731	0.08611	0.00566	0.00150	0.00299	0.02317	0.00357	0.00448
8	0.00670	0.00472	0.00584	0.00535	0.00673	0.00424	0.00399	0.02950	0.00891	0.07100	0.21767	0.24334	0.12902	0.03729	0.03318	0.00145	0.01634	0.00678	0.00346	0.16450

[dist]
# distance from previous block
# <min> <max>
5	150

[block]
# block no. 5 follows, 71 sequences, length 41
# corresponding to MSA columns:
# 733-773
name=unknown_F
#
# <colnr> <probs for GDERKNQSTAVLIFYWHMCP>
#	G	D	E	R	K	N	Q	S	T	A	V	L	I	F	Y	W	H	M	C	P
0	0.01230	0.03394	0.09750	0.03566	0.01189	0.04053	0.04279	0.20668	0.18026	0.22292	0.02735	0.01236	0.02742	0.00479	0.00398	0.00121	0.01582	0.01318	0.00353	0.00589
1	0.01227	0.01949	0.05004	0.00830	0.01104	0.03565	0.05776	0.19070	0.26208	0.22645	0.03078	0.03540	0.02263	0.00506	0.00394	0.00123	0.00376	0.01372	0.00377	0.00594
2	0.00905	0.01034	0.02262	0.01616	0.02004	0.00970	0.82741	0.01228	0.00905	0.01228	0.00776	0.01034	0.00582	0.00323	0.00452	0.00129	0.00646	0.00452	0.00194	0.00517
3	0.00519	0.00366	0.00463	0.00510	0.00573	0.00333	0.00360	0.00613	0.00823	0.03747	0.12842	0.54086	0.18447	0.01075	0.00476	0.00146	0.00219	0.03704	0.00368	0.00333
4	0.00991	0.07190	0.13373	0.14360	0.26482	0.06365	0.08404	0.05710	0.00918	0.07459	0.00806	0.03672	0.00646	0.00401	0.00389	0.00118	0.01604	0.00355	0.00219	0.00541
5	0.00826	0.00605	0.00788	0.04751	0.00932	0.01884	0.05683	0.15843	0.04009	0.07805	0.01775	0.39532	0.07624	0.00853	0.00448	0.00140	0.00323	0.05393	0.00350	0.00435
6	0.00467	0.00335	0.00443	0.00529	0.00555	0.00312	0.00354	0.00534	0.00738	0.00981	0.02167	0.83759	0.05017	0.01194	0.00488	0.00155	0.00222	0.01081	0.00356	0.00312
7	0.01389	0.02916	0.01073	0.00836	0.01106	0.10656	0.03695	0.38073	0.06126	0.22183	0.01137	0.07151	0.00866	0.00505	0.00387	0.00118	0.00416	0.00403	0.00371	0.00592
8	0.02475	0.00813	0.01370	0.36766	0.48885	0.00886	0.01116	0.01094	0.00825	0.01148	0.00701	0.00973	0.00564	0.00359	0.00379	0.00120	0.00476	0.00339	0.00183	0.00529
9	0.02072	0.03180	0.02721	0.00571	0.00730	0.00557	0.00455	0.01089	0.19538	0.07606	0.31054	0.06295	0.18820	0.00763	0.01583	0.01282	0.00256	0.00613	0.00379	0.00436
10	0.00912	0.03341	0.10801	0.13277	0.50973	0.00910	0.05857	0.03326	0.00872	0.02477	0.00736	0.00960	0.00593	0.00426	0.02813	0.00131	0.00499	0.00340	0.00193	0.00564
11	0.00855	0.22704	0.58963	0.01000	0.01495	0.01055	0.04318	0.03354	0.00832	0.01170	0.00660	0.00773	0.00495	0.00356	0.00339	0.00112	0.00527	0.00272	0.00169	0.00549
12	0.00487	0.00408	0.00426	0.00421	0.00548	0.00358	0.00316	0.00640	0.04875	0.01115	0.12191	0.05702	0.69307	0.00936	0.00451	0.00129	0.00199	0.00786	0.00365	0.00341
13	0.00997	0.00919	0.05596	0.08309	0.12743	0.05340	0.24225	0.06167	0.00939	0.12623	0.02032	0.06540	0.03487	0.02292	0.02737	0.00144	0.03696	0.00444	0.00258	0.00512
14	0.00625	0.00478	0.00638	0.02904	0.03903	0.01464	0.02216	0.03816	0.00684	0.00932	0.02363	0.04330	0.02962	0.38225	0.29421	0.00397	0.01478	0.02602	0.00236	0.00325
15	0.00663	0.00337	0.00500	0.00500	0.00505	0.00339	0.00337	0.00517	0.00512	0.00695	0.00695	0.01185	0.00686	0.01368	0.04656	0.83131	0.00355	0.00337	0.02504	0.00178
16	0.00872	0.00810	0.01367	0.39970	0.41901	0.00887	0.02940	0.03227	0.00853	0.02481	0.00722	0.00989	0.00570	0.00365	0.00383	0.00121	0.00482	0.00345	0.00191	0.00525
17	0.02107	0.04053	0.01129	0.13985	0.08911	0.16224	0.02487	0.19793	0.03625	0.02921	0.00858	0.04554	0.00738	0.02741	0.02304	0.01535	0.08840	0.02448	0.00254	0.00494
18	0.03437	0.07788	0.01078	0.05698	0.01158	0.33734	0.03310	0.10015	0.12933	0.03354	0.02361	0.02454	0.06396	0.00493	0.00383	0.00114	0.01834	0.02706	0.00269	0.00485
19	0.01857	0.00430	0.00491	0.00463	0.00549	0.00425	0.00323	0.02076	0.03930	0.10931	0.06135	0.07896	0.01387	0.31792	0.00926	0.00204	0.00279	0.00506	0.29043	0.00358
20	0.00628	0.00419	0.00492	0.00487	0.00589	0.00387	0.00353	0.00760	0.04734	0.08549	0.08146	0.19714	0.33560	0.11265	0.02309	0.02985	0.00261	0.02453	0.01555	0.00352
21	0.02996	0.00808	0.01347	0.06149	0.30420	0.02132	0.18328	0.02850	0.04557	0.01192	0.02410	0.01326	0.09252	0.00610	0.03936	0.06443	0.04111	0.00420	0.00223	0.00489
22	0.02305	0.00764	0.00861	0.00702	0.00941	0.02328	0.00567	0.28475	0.09127	0.27680	0.01287	0.05075	0.00960	0.00512	0.00371	0.00116	0.00334	0.02090	0.14934	0.00571
23	0.12073	0.00468	0.00512	0.00509	0.00607	0.00482	0.00369	0.06056	0.03299	0.03525	0.04264	0.30863	0.03520	0.07142	0.00549	0.04377	0.00254	0.00630	0.20136	0.00364
24	0.02045	0.00459	0.00537	0.00527	0.01578	0.00437	0.00384	0.03580	0.05539	0.09926	0.09635	0.20182	0.25078	0.05754	0.00532	0.01869	0.00245	0.01872	0.09436	0.00386
25	0.06430	0.00452	0.00511	0.00492	0.00584	0.00446	0.00348	0.04483	0.01651	0.07503	0.08164	0.16360	0.12354	0.27457	0.02094	0.00211	0.00295	0.02158	0.07658	0.00349
26	0.45274	0.00699	0.00708	0.00603	0.00846	0.00738	0.00500	0.06952	0.00900	0.27371	0.02106	0.01252	0.00819	0.00475	0.00325	0.00124	0.00317	0.08160	0.01334	0.00498
27	0.02996	0.00423	0.00496	0.00482	0.00592	0.00387	0.00353	0.00768	0.02744	0.09334	0.22240	0.18740	0.29570	0.08434	0.00578	0.00152	0.00230	0.00746	0.00370	0.00364
28	0.00705	0.00581	0.00678	0.00558	0.00783	0.00495	0.00428	0.02217	0.07902	0.01251	0.09997	0.13069	0.09112	0.02855	0.02049	0.00110	0.00277	0.00480	0.00293	0.46162
29	0.00661	0.00487	0.00566	0.00548	0.00671	0.01312	0.00427	0.03675	0.10344	0.03691	0.29493	0.07482	0.20041	0.00812	0.00442	0.00131	0.00242	0.12489	0.06090	0.00396
30	0.00580	0.00398	0.00500	0.00541	0.00610	0.00380	0.00411	0.00687	0.00799	0.03208	0.06208	0.20073	0.14227	0.18142	0.00777	0.00197	0.00291	0.27751	0.03898	0.00325
31	0.05766	0.00480	0.00546	0.00525	0.00635	0.00475	0.00383	0.05868	0.06116	0.06273	0.14427	0.22571	0.17162	0.13820	0.00662	0.00169	0.00263	0.01745	0.01739	0.00377
32	0.00508	0.00359	0.00469	0.02295	0.00609	0.00337	0.00375	0.00590	0.00766	0.02628	0.04170	0.67223	0.10009	0.02996	0.00512	0.00156	0.00234	0.03985	0.01456	0.00323
33	0.10183	0.02289	0.01826	0.00680	0.00815	0.05030	0.00550	0.10602	0.03091	0.01238	0.03964	0.01388	0.00949	0.01693	0.42556	0.00369	0.05808	0.03472	0.03086	0.00411
34	0.00757	0.00684	0.00939	0.01069	0.16353	0.04238	0.00740	0.00901	0.00794	0.01085	0.05059	0.05454	0.03516	0.04081	0.02480	0.00171	0.23677	0.27325	0.00261	0.00416
35	0.09490	0.00489	0.00533	0.00517	0.00625	0.00502	0.00376	0.02858	0.12698	0.01259	0.16532	0.15753	0.16265	0.11924	0.00664	0.04480	0.00257	0.00635	0.03775	0.00368
36	0.02907	0.01540	0.08340	0.00662	0.02146	0.00507	0.06499	0.00762	0.00832	0.02924	0.12218	0.16252	0.27358	0.06515	0.00595	0.01998	0.03568	0.03693	0.00310	0.00374
37	0.02046	0.03619	0.04411	0.01818	0.04158	0.07639	0.01642	0.01035	0.00803	0.01184	0.00661	0.00803	0.00555	0.00366	0.01432	0.00084	0.07080	0.00250	0.00213	0.60203
38	0.03017	0.00540	0.01845	0.07114	0.05460	0.00542	0.01456	0.00922	0.08105	0.03505	0.01752	0.14271	0.07023	0.04031	0.03763	0.01618	0.00367	0.32610	0.00316	0.01746
39	0.04642	0.01471	0.07364	0.00616	0.02504	0.00500	0.00485	0.03564	0.01904	0.04523	0.06832	0.22857	0.10552	0.11519	0.04534	0.07980	0.01345	0.01784	0.00293	0.04729
40	0.08547	0.03554	0.02481	0.04865	0.01985	0.00575	0.00442	0.06487	0.02345	0.06448	0.05737	0.06303	0.13489	0.28908	0.01776	0.00207	0.00337	0.00520	0.00288	0.04705

[dist]
# distance from previous block
# <min> <max>
5	55

[block]
# block no. 6 follows, 71 sequences, length 22
# corresponding to MSA columns:
# 831-852
name=unknown_G
#
# <colnr> <probs for GDERKNQSTAVLIFYWHMCP>
#	G	D	E	R	K	N	Q	S	T	A	V	L	I	F	Y	W	H	M	C	P
0	0.03031	0.00500	0.00633	0.03301	0.03702	0.00453	0.02546	0.00767	0.00800	0.05461	0.04365	0.19976	0.25103	0.10665	0.00601	0.00149	0.01438	0.00650	0.00306	0.15553
1	0.02815	0.00422	0.00503	0.00519	0.02238	0.00413	0.00358	0.02204	0.02446	0.01065	0.13004	0.12600	0.23963	0.22390	0.09727	0.01500	0.00348	0.02848	0.00310	0.00325
2	0.00895	0.02486	0.01006	0.07678	0.09706	0.05346	0.01557	0.02835	0.03509	0.05409	0.00811	0.01077	0.01722	0.08462	0.00661	0.00130	0.16704	0.00328	0.00228	0.29450
3	0.80982	0.00749	0.00642	0.03639	0.05628	0.00863	0.00482	0.01125	0.00669	0.01667	0.00550	0.00656	0.00430	0.00356	0.00251	0.00119	0.00313	0.00220	0.00232	0.00427
4	0.00472	0.00347	0.00437	0.00503	0.00544	0.00318	0.00340	0.00545	0.00762	0.00998	0.05398	0.65797	0.15845	0.05093	0.00550	0.00160	0.00223	0.01005	0.00353	0.00312
5	0.00653	0.00478	0.00614	0.00583	0.00652	0.00534	0.00426	0.08352	0.02822	0.00999	0.01084	0.01792	0.01081	0.32245	0.43733	0.00461	0.02460	0.00456	0.00236	0.00341
6	0.00538	0.00374	0.00516	0.00543	0.00591	0.00382	0.00393	0.00611	0.00708	0.00967	0.10554	0.26879	0.05739	0.06731	0.27142	0.12000	0.00497	0.04245	0.00284	0.00305
7	0.00739	0.11401	0.13069	0.32093	0.01582	0.00808	0.00828	0.02178	0.05463	0.01198	0.20477	0.01492	0.04379	0.00497	0.00381	0.00118	0.00400	0.00419	0.00251	0.02226
8	0.01104	0.38942	0.05334	0.00798	0.01097	0.10421	0.03613	0.16534	0.13094	0.01322	0.00896	0.00931	0.03559	0.00412	0.00324	0.00102	0.00436	0.00303	0.00249	0.00532
9	0.00491	0.00372	0.00443	0.00466	0.00541	0.00336	0.00331	0.00592	0.00853	0.01112	0.21466	0.29055	0.31365	0.08071	0.00590	0.00157	0.00219	0.02859	0.00361	0.00322
10	0.00516	0.00384	0.00436	0.00446	0.00541	0.00337	0.00320	0.00613	0.00857	0.03657	0.14597	0.22019	0.45689	0.07139	0.00567	0.00151	0.00216	0.00825	0.00360	0.00330
11	0.40098	0.01069	0.16081	0.00907	0.01240	0.02762	0.19725	0.07198	0.00848	0.03494	0.00689	0.00812	0.00513	0.00364	0.00327	0.00120	0.00442	0.00297	0.02526	0.00488
12	0.01868	0.00374	0.00460	0.00498	0.00534	0.00363	0.00331	0.00610	0.02289	0.02022	0.03215	0.41105	0.07136	0.28258	0.01000	0.04964	0.00283	0.04091	0.00308	0.00294
13	0.02973	0.00479	0.00571	0.00520	0.00665	0.00447	0.00401	0.03731	0.03614	0.14670	0.28196	0.07003	0.22660	0.03417	0.00473	0.00132	0.00239	0.03762	0.04436	0.01613
14	0.00511	0.00370	0.00462	0.00506	0.00573	0.00333	0.00355	0.00600	0.00803	0.02719	0.09186	0.54506	0.19580	0.02236	0.00491	0.00147	0.00222	0.03070	0.00358	0.02970
15	0.05449	0.00739	0.00876	0.00713	0.00976	0.00749	0.00576	0.09867	0.25968	0.44244	0.03008	0.01306	0.01014	0.00487	0.00379	0.00121	0.00322	0.00393	0.02196	0.00616
16	0.03633	0.00854	0.00908	0.00765	0.01001	0.00955	0.00610	0.31234	0.39848	0.03345	0.04121	0.03235	0.04174	0.00532	0.00386	0.00123	0.00333	0.00429	0.02926	0.00586
17	0.02531	0.00468	0.00652	0.00616	0.00715	0.00518	0.00481	0.00733	0.00647	0.00961	0.02638	0.01459	0.02075	0.04709	0.64310	0.00497	0.05102	0.00397	0.00214	0.10276
18	0.00512	0.00392	0.00462	0.00459	0.00554	0.00353	0.00335	0.01949	0.00943	0.01245	0.36329	0.16250	0.34024	0.03836	0.00508	0.00138	0.00203	0.00790	0.00379	0.00340
19	0.00843	0.00965	0.04361	0.01445	0.01782	0.00888	0.67636	0.01132	0.00870	0.01186	0.00921	0.10476	0.00802	0.00487	0.02392	0.00144	0.02456	0.00515	0.00211	0.00490
20	0.00634	0.00410	0.00480	0.00474	0.00512	0.00409	0.00300	0.00713	0.04536	0.05707	0.02423	0.09780	0.03563	0.62203	0.03949	0.00320	0.00364	0.02659	0.00272	0.00292
21	0.19547	0.00655	0.00743	0.06948	0.06866	0.03418	0.00549	0.04145	0.09960	0.01293	0.09665	0.01474	0.08133	0.03129	0.07003	0.10999	0.03479	0.00407	0.01182	0.00406

[dist]
# distance from previous block
# <min> <max>
0	1

[block]
# block no. 7 follows, 71 sequences, length 7
# corresponding to MSA columns:
# 854-860
name=unknown_H
#
# <colnr> <probs for GDERKNQSTAVLIFYWHMCP>
#	G	D	E	R	K	N	Q	S	T	A	V	L	I	F	Y	W	H	M	C	P
0	0.00589	0.00398	0.00507	0.00530	0.00604	0.00372	0.00377	0.03859	0.00892	0.05624	0.21784	0.50858	0.10124	0.01013	0.00468	0.00141	0.00223	0.00903	0.00379	0.00356
1	0.78895	0.00731	0.00602	0.00525	0.00770	0.00825	0.00433	0.01215	0.00705	0.11487	0.00650	0.00703	0.00478	0.00370	0.00255	0.00119	0.00300	0.00229	0.00265	0.00443
2	0.02474	0.00755	0.02349	0.24876	0.13260	0.03098	0.02945	0.09214	0.00950	0.14849	0.05488	0.03434	0.04668	0.03707	0.02008	0.01894	0.02853	0.00414	0.00276	0.00491
3	0.00754	0.00671	0.00984	0.17688	0.16274	0.02130	0.02377	0.03221	0.04032	0.01151	0.11474	0.01460	0.03215	0.05924	0.14835	0.00220	0.07776	0.00420	0.00238	0.05156
4	0.00557	0.00376	0.00438	0.00438	0.00444	0.00382	0.00257	0.00570	0.00563	0.00758	0.01190	0.02411	0.01351	0.78332	0.10086	0.00396	0.00436	0.00543	0.00230	0.00243
5	0.00608	0.00495	0.00624	0.00609	0.00685	0.05616	0.02641	0.00709	0.00678	0.00911	0.01326	0.10172	0.07595	0.09399	0.48241	0.05610	0.00732	0.00508	0.02513	0.00329
6	0.02577	0.00693	0.01063	0.16839	0.31303	0.00722	0.02780	0.01035	0.07826	0.01212	0.07472	0.03635	0.15623	0.00565	0.00409	0.00126	0.00378	0.04997	0.00263	0.00480

[dist]
# distance from previous block
# <min> <max>
0	1

[block]
# block no. 8 follows, 71 sequences, length 8
# corresponding to MSA columns:
# 862-869
name=unknown_I
#
# <colnr> <probs for GDERKNQSTAVLIFYWHMCP>
#	G	D	E	R	K	N	Q	S	T	A	V	L	I	F	Y	W	H	M	C	P
0	0.11506	0.00573	0.00648	0.00568	0.00724	0.00581	0.00427	0.07629	0.06169	0.22765	0.01281	0.05111	0.01130	0.26636	0.00843	0.00197	0.00326	0.03818	0.08630	0.00440
1	0.02583	0.00501	0.00673	0.03121	0.07773	0.00521	0.00484	0.05597	0.04216	0.03283	0.04352	0.05893	0.10610	0.09304	0.17133	0.22409	0.00462	0.00479	0.00255	0.00349
2	0.06672	0.00920	0.01191	0.04454	0.28312	0.10411	0.06450	0.10828	0.02042	0.09316	0.03791	0.05180	0.01903	0.02819	0.02150	0.00135	0.02237	0.00397	0.00265	0.00528
3	0.03737	0.00753	0.00838	0.00676	0.00884	0.00792	0.00528	0.38340	0.01247	0.16967	0.01117	0.01422	0.00912	0.21992	0.00763	0.00178	0.00368	0.00403	0.07568	0.00516
4	0.00498	0.00370	0.00456	0.00497	0.00563	0.00342	0.00358	0.00587	0.00800	0.01037	0.10129	0.36490	0.25977	0.06892	0.03310	0.02282	0.00261	0.08491	0.00344	0.00316
5	0.00843	0.00770	0.01251	0.37994	0.35351	0.00849	0.01027	0.06418	0.00880	0.01190	0.00851	0.06614	0.00747	0.00447	0.00394	0.00125	0.00459	0.03076	0.00210	0.00504
6	0.00958	0.00974	0.01130	0.09496	0.06838	0.15881	0.00828	0.03237	0.00768	0.03230	0.00686	0.05979	0.00647	0.00592	0.00857	0.00144	0.46744	0.00368	0.00200	0.00443
7	0.48210	0.00768	0.00819	0.09933	0.16008	0.04598	0.00626	0.01078	0.00720	0.01417	0.00666	0.00898	0.00560	0.05312	0.04794	0.00157	0.00405	0.00282	0.02310	0.00437

[dist]
# distance from previous block
# <min> <max>
0	2

[block]
# block no. 9 follows, 71 sequences, length 30
# corresponding to MSA columns:
# 872-901
name=unknown_J
#
# <colnr> <probs for GDERKNQSTAVLIFYWHMCP>
#	G	D	E	R	K	N	Q	S	T	A	V	L	I	F	Y	W	H	M	C	P
0	0.09823	0.01033	0.01003	0.04002	0.01133	0.12111	0.00674	0.40367	0.12960	0.06700	0.00980	0.02927	0.00741	0.00517	0.02103	0.00128	0.01541	0.00352	0.00336	0.00570
1	0.59309	0.00713	0.00670	0.00559	0.00819	0.00756	0.00461	0.01337	0.00790	0.25928	0.00828	0.00831	0.00579	0.00387	0.00283	0.00116	0.00305	0.00261	0.00306	0.04763
2	0.01116	0.00990	0.00953	0.00826	0.01059	0.10462	0.00648	0.19321	0.56656	0.01703	0.01314	0.01238	0.00983	0.00493	0.00384	0.00123	0.00373	0.00394	0.00367	0.00598
3	0.00618	0.00441	0.00618	0.00706	0.00794	0.00441	0.00618	0.00794	0.00883	0.01147	0.02030	0.04325	0.02207	0.01059	0.00530	0.00177	0.00353	0.81553	0.00353	0.00353
4	0.01025	0.86756	0.02009	0.00656	0.00984	0.01517	0.00656	0.01148	0.00779	0.00902	0.00533	0.00615	0.00492	0.00328	0.00246	0.00082	0.00410	0.00205	0.00164	0.00492
5	0.00753	0.00612	0.00689	0.00645	0.00793	0.00665	0.00489	0.02994	0.42114	0.01493	0.27086	0.14976	0.03673	0.00714	0.00426	0.00131	0.00253	0.00620	0.00394	0.00481
6	0.00478	0.00340	0.00442	0.00517	0.00541	0.00319	0.00341	0.00541	0.00725	0.00966	0.03765	0.73831	0.03934	0.10529	0.00648	0.00178	0.00237	0.01018	0.00344	0.00304
7	0.00515	0.00391	0.00474	0.00453	0.00556	0.00350	0.00340	0.00670	0.01020	0.01382	0.59040	0.03121	0.28607	0.00842	0.00453	0.00123	0.00185	0.00729	0.00402	0.00350
8	0.04350	0.00473	0.00509	0.00470	0.00598	0.00480	0.00360	0.07776	0.03892	0.07864	0.06937	0.07570	0.02958	0.01955	0.00350	0.00109	0.00226	0.00443	0.52270	0.00410
9	0.00506	0.00404	0.00455	0.00469	0.00569	0.00370	0.00342	0.00671	0.06295	0.01123	0.13982	0.24083	0.44642	0.02481	0.00485	0.00140	0.00212	0.02063	0.00365	0.00343
10	0.01464	0.01063	0.01144	0.00877	0.01184	0.01173	0.00724	0.80749	0.01784	0.04548	0.00936	0.00931	0.00660	0.00461	0.00384	0.00115	0.00419	0.00346	0.00386	0.00652
11	0.00989	0.00859	0.00882	0.00785	0.01005	0.03323	0.00612	0.07128	0.74295	0.01626	0.01539	0.01422	0.02763	0.00522	0.00390	0.00128	0.00320	0.00430	0.00384	0.00600
12	0.04265	0.00738	0.00795	0.00717	0.00896	0.03091	0.00567	0.23434	0.21295	0.02988	0.04423	0.14051	0.03758	0.04611	0.00491	0.00146	0.00338	0.12540	0.00361	0.00494
13	0.00720	0.00479	0.00521	0.00484	0.00615	0.00473	0.00371	0.08680	0.06301	0.03743	0.13669	0.04702	0.24194	0.02912	0.00422	0.00122	0.00229	0.02214	0.28754	0.00397
14	0.01477	0.00774	0.00934	0.00732	0.01008	0.00769	0.00599	0.27783	0.06346	0.45206	0.07633	0.01351	0.02569	0.00505	0.00391	0.00119	0.00342	0.00407	0.00434	0.00622
15	0.00550	0.00402	0.00573	0.00573	0.00626	0.00456	0.00425	0.00657	0.00603	0.00858	0.01067	0.01726	0.01054	0.21226	0.66786	0.00563	0.00883	0.00443	0.00211	0.00318
16	0.03399	0.00509	0.00595	0.00566	0.00694	0.00510	0.00422	0.02607	0.15153	0.11810	0.08383	0.20255	0.15361	0.09425	0.02936	0.01979	0.00291	0.03181	0.01512	0.00414
17	0.00556	0.00379	0.00453	0.00453	0.00466	0.00391	0.00276	0.00580	0.00568	0.00770	0.01176	0.02330	0.01316	0.71611	0.16760	0.00415	0.00489	0.00531	0.00228	0.00252
18	0.01458	0.01074	0.01151	0.00882	0.01189	0.01189	0.00729	0.82855	0.01803	0.02416	0.00921	0.00921	0.00652	0.00460	0.00384	0.00115	0.00422	0.00345	0.00384	0.00652
19	0.00557	0.00407	0.00477	0.00476	0.00574	0.00376	0.00348	0.02986	0.02614	0.02499	0.27442	0.22292	0.29612	0.02347	0.00472	0.00134	0.00210	0.00784	0.05041	0.00353
20	0.01978	0.00419	0.00523	0.00520	0.00588	0.00435	0.00370	0.00732	0.04704	0.03540	0.06366	0.11383	0.10634	0.26398	0.27537	0.00354	0.00521	0.00585	0.02084	0.00330
21	0.01362	0.00976	0.01059	0.00831	0.01116	0.01070	0.00680	0.62065	0.12672	0.08251	0.02613	0.01138	0.03380	0.00491	0.00388	0.00118	0.00388	0.00381	0.00391	0.00631
22	0.00525	0.00414	0.00485	0.00515	0.00621	0.00382	0.00405	0.00686	0.04306	0.01111	0.07674	0.14312	0.43368	0.00995	0.00476	0.00145	0.00245	0.22632	0.00360	0.00344
23	0.03670	0.00437	0.00523	0.00515	0.00617	0.00416	0.00374	0.02391	0.04297	0.09164	0.19469	0.29977	0.15539	0.06861	0.00545	0.00150	0.00237	0.00757	0.03686	0.00375
24	0.02146	0.01969	0.02264	0.06250	0.02609	0.13539	0.00589	0.04190	0.02445	0.02786	0.08333	0.18664	0.04485	0.02669	0.10821	0.00194	0.10026	0.01366	0.04254	0.00402
25	0.08792	0.01187	0.00975	0.00817	0.01059	0.29843	0.00646	0.29013	0.03532	0.11453	0.02620	0.00985	0.01984	0.00446	0.00355	0.00110	0.00469	0.00322	0.04860	0.00533
26	0.00501	0.00387	0.00450	0.00450	0.00550	0.00343	0.00335	0.00620	0.00920	0.01194	0.31293	0.09173	0.42119	0.03432	0.00527	0.02171	0.00208	0.04626	0.00371	0.00331
27	0.01968	0.00446	0.00556	0.00548	0.01898	0.02380	0.00387	0.00754	0.02048	0.09296	0.07866	0.07708	0.16368	0.07108	0.05359	0.32155	0.00337	0.02228	0.00281	0.00310
28	0.03613	0.01818	0.01072	0.02202	0.18535	0.11619	0.02667	0.13711	0.11865	0.01350	0.01119	0.07508	0.05042	0.01951	0.03277	0.01533	0.08582	0.01762	0.00270	0.00502
29	0.29042	0.06431	0.01990	0.05141	0.16660	0.09685	0.04285	0.07704	0.00902	0.07281	0.01700	0.00839	0.00581	0.00373	0.00321	0.00110	0.00413	0.00285	0.00243	0.06012

[dist]
# distance from previous block
# <min> <max>
1	14

[block]
# block no. 10 follows, 71 sequences, length 50
# corresponding to MSA columns:
# 916-965
name=unknown_K
#
# <colnr> <probs for GDERKNQSTAVLIFYWHMCP>
#	G	D	E	R	K	N	Q	S	T	A	V	L	I	F	Y	W	H	M	C	P
0	0.00713	0.02967	0.01552	0.11785	0.03833	0.00587	0.01689	0.02464	0.02467	0.02641	0.01300	0.26265	0.02173	0.00716	0.01621	0.00128	0.03618	0.08527	0.00275	0.24678
1	0.00875	0.00720	0.00873	0.00629	0.00968	0.00576	0.03250	0.06800	0.00880	0.03977	0.00728	0.00828	0.00586	0.00304	0.00300	0.00065	0.00307	0.00248	0.00245	0.76841
2	0.01066	0.01106	0.04123	0.03792	0.17599	0.22117	0.04360	0.10335	0.07097	0.02952	0.02126	0.02341	0.01582	0.00508	0.00458	0.00123	0.06841	0.09131	0.00256	0.02088
3	0.00610	0.00473	0.00569	0.00537	0.00652	0.00474	0.00405	0.00950	0.16981	0.01452	0.53318	0.06079	0.11526	0.00840	0.03291	0.00142	0.00236	0.00662	0.00399	0.00402
4	0.00518	0.00402	0.00503	0.00536	0.00597	0.02066	0.02021	0.00614	0.00820	0.01081	0.16518	0.49018	0.13753	0.06028	0.00561	0.00158	0.00243	0.03884	0.00354	0.00326
5	0.00558	0.00367	0.00424	0.00429	0.00431	0.00366	0.00245	0.00553	0.00565	0.00753	0.01232	0.07316	0.01421	0.76972	0.01842	0.05118	0.00361	0.00577	0.00236	0.00233
6	0.02750	0.58607	0.23425	0.00776	0.01162	0.01319	0.00850	0.03650	0.02497	0.01060	0.00606	0.00692	0.00507	0.00346	0.00284	0.00095	0.00447	0.00234	0.00176	0.00517
7	0.01016	0.00793	0.00860	0.00768	0.00988	0.00897	0.00603	0.01975	0.72402	0.09629	0.01573	0.01525	0.01187	0.00536	0.00395	0.00131	0.00307	0.03416	0.00397	0.00602
8	0.03100	0.00925	0.02039	0.00790	0.01065	0.02328	0.00650	0.49886	0.07754	0.13533	0.02791	0.04443	0.00881	0.00497	0.00380	0.00116	0.00376	0.01147	0.03444	0.03856
9	0.00948	0.00564	0.00681	0.00594	0.00771	0.00557	0.00464	0.02304	0.20244	0.22396	0.33041	0.02102	0.08037	0.00637	0.00411	0.00121	0.00250	0.00543	0.04841	0.00493
10	0.00609	0.00435	0.00608	0.00696	0.00780	0.00434	0.00602	0.00779	0.00874	0.01137	0.02035	0.09227	0.02226	0.01068	0.00527	0.00175	0.00345	0.76740	0.00353	0.00351
11	0.00465	0.00342	0.00436	0.00512	0.00550	0.00313	0.00346	0.00536	0.00755	0.00987	0.02377	0.73975	0.14666	0.01167	0.00484	0.00152	0.00218	0.01048	0.00356	0.00313
12	0.00507	0.00380	0.00428	0.00438	0.00506	0.00348	0.00300	0.00581	0.00779	0.00996	0.12311	0.11894	0.34894	0.29639	0.00962	0.00214	0.00261	0.03943	0.00322	0.00298
13	0.07857	0.00672	0.00722	0.00626	0.00817	0.03978	0.00487	0.11222	0.11743	0.22688	0.01573	0.10127	0.08704	0.07429	0.00506	0.00142	0.00315	0.01628	0.08273	0.00492
14	0.00597	0.00384	0.00448	0.00441	0.00456	0.00386	0.00261	0.00612	0.00580	0.03656	0.01206	0.02398	0.01348	0.77764	0.07631	0.00380	0.00415	0.00541	0.00239	0.00255
15	0.00490	0.00397	0.00436	0.00425	0.00544	0.00347	0.00319	0.00631	0.02451	0.01201	0.28567	0.03394	0.57640	0.00905	0.00452	0.00127	0.00192	0.00767	0.00377	0.00341
16	0.01289	0.00947	0.01020	0.00810	0.01073	0.01044	0.00658	0.64535	0.07619	0.02187	0.04109	0.05705	0.00921	0.00516	0.00385	0.00117	0.00379	0.00406	0.05676	0.00602
17	0.02286	0.00370	0.00444	0.00474	0.00521	0.00351	0.00317	0.00584	0.00754	0.01017	0.13837	0.35938	0.14628	0.24293	0.02261	0.00212	0.00267	0.00817	0.00327	0.00302
18	0.89233	0.00741	0.00564	0.00504	0.00741	0.00860	0.00415	0.01127	0.00653	0.01720	0.00534	0.00623	0.00415	0.00356	0.00237	0.00119	0.00297	0.00208	0.00237	0.00415
19	0.00949	0.00911	0.01556	0.02353	0.84133	0.00911	0.01177	0.01177	0.00873	0.01253	0.00721	0.00949	0.00607	0.00342	0.00380	0.00114	0.00456	0.00342	0.00190	0.00607
20	0.00552	0.00361	0.00508	0.00540	0.00571	0.00375	0.00378	0.00580	0.00628	0.00865	0.01340	0.31394	0.01477	0.08113	0.27325	0.21867	0.00512	0.00642	0.01693	0.00281
21	0.00480	0.00345	0.00452	0.00528	0.00560	0.00322	0.00360	0.00556	0.00758	0.01009	0.06382	0.72135	0.06126	0.04124	0.00538	0.00161	0.00229	0.04268	0.00355	0.00313
22	0.00769	0.01983	0.84538	0.01093	0.01659	0.00890	0.01417	0.01214	0.00810	0.01214	0.00688	0.00810	0.00486	0.00364	0.00364	0.00121	0.00567	0.00283	0.00162	0.00567
23	0.04438	0.01576	0.01093	0.00955	0.01175	0.60207	0.02390	0.15535	0.05688	0.01262	0.00703	0.00778	0.00557	0.00414	0.00365	0.00106	0.01752	0.00278	0.00241	0.00489
24	0.00863	0.00814	0.01365	0.25275	0.54375	0.00865	0.01090	0.01116	0.03121	0.01176	0.00812	0.03524	0.00699	0.00404	0.00389	0.00121	0.00457	0.02793	0.00200	0.00541
25	0.01720	0.00653	0.00890	0.00682	0.00979	0.00564	0.00564	0.01869	0.01097	0.84399	0.01513	0.01305	0.00949	0.00475	0.00386	0.00119	0.00326	0.00386	0.00475	0.00653
26	0.00912	0.00874	0.01490	0.15901	0.70872	0.00901	0.01159	0.01145	0.00856	0.01208	0.00715	0.00961	0.00592	0.00348	0.00380	0.00116	0.00465	0.00341	0.00187	0.00578
27	0.37707	0.00862	0.00862	0.00691	0.00967	0.00943	0.00570	0.34838	0.01204	0.16614	0.00866	0.00866	0.00607	0.00420	0.00324	0.00117	0.00353	0.00296	0.00339	0.00554
28	0.01046	0.00986	0.10726	0.19090	0.10982	0.03836	0.17890	0.05709	0.00927	0.16732	0.00871	0.01047	0.00640	0.02155	0.00478	0.00130	0.05610	0.00367	0.00247	0.00532
29	0.00979	0.00811	0.00866	0.00777	0.00994	0.00928	0.00609	0.04101	0.75603	0.04285	0.01560	0.01520	0.01188	0.00537	0.00395	0.00131	0.00309	0.03417	0.00391	0.00600
30	0.01442	0.01088	0.01111	0.00870	0.01160	0.07533	0.00710	0.68883	0.03066	0.07036	0.00965	0.02670	0.00704	0.00472	0.00383	0.00115	0.00431	0.00357	0.00374	0.00629
31	0.02626	0.08621	0.01028	0.00818	0.03871	0.02277	0.03625	0.12169	0.43288	0.04554	0.02909	0.01369	0.01040	0.09466	0.00539	0.00147	0.00358	0.00408	0.00336	0.00551
32	0.01552	0.00713	0.00906	0.00705	0.00984	0.00673	0.00578	0.17381	0.02625	0.59826	0.08728	0.01372	0.01133	0.00500	0.00391	0.00118	0.00331	0.00406	0.00451	0.00626
33	0.00472	0.00337	0.00451	0.00540	0.00564	0.00316	0.00365	0.00543	0.00739	0.00985	0.02110	0.83461	0.02525	0.01196	0.00491	0.00156	0.00227	0.03853	0.00356	0.00313
34	0.01423	0.01016	0.01121	0.00902	0.03578	0.01111	0.00721	0.70483	0.04183	0.07943	0.01002	0.02001	0.00728	0.00476	0.00387	0.00117	0.00410	0.01373	0.00384	0.00642
35	0.00965	0.01015	0.04493	0.19101	0.46571	0.10047	0.05320	0.04386	0.00906	0.01200	0.00705	0.00932	0.00570	0.00366	0.00394	0.00117	0.01840	0.00335	0.00193	0.00545
36	0.00483	0.00348	0.00453	0.00531	0.00565	0.00326	0.00366	0.00557	0.00747	0.00984	0.02186	0.69719	0.08217	0.05523	0.00565	0.00167	0.00238	0.07366	0.00349	0.00312
37	0.00499	0.00384	0.00462	0.00501	0.00589	0.00348	0.00381	0.00612	0.00859	0.01093	0.11089	0.26310	0.37406	0.01033	0.00478	0.00145	0.00232	0.16890	0.00362	0.00330
38	0.01349	0.01082	0.03886	0.00948	0.01259	0.04479	0.09183	0.56670	0.08715	0.07032	0.00976	0.00987	0.00696	0.00447	0.00389	0.00118	0.00445	0.00360	0.00355	0.00623
39	0.00538	0.00386	0.00501	0.00569	0.00614	0.00374	0.00400	0.05352	0.00809	0.01077	0.02037	0.74168	0.02398	0.01146	0.00487	0.00155	0.00245	0.08052	0.00357	0.00335
40	0.01172	0.00837	0.00933	0.00789	0.01031	0.02636	0.02103	0.14829	0.48099	0.17519	0.01415	0.03030	0.01044	0.00557	0.02098	0.00135	0.00354	0.00420	0.00393	0.00606
41	0.00835	0.00705	0.00816	0.00587	0.00925	0.00552	0.00471	0.05863	0.00855	0.01319	0.00696	0.00803	0.00573	0.00294	0.00290	0.00060	0.00292	0.00234	0.00237	0.83593
42	0.03862	0.02731	0.03846	0.00817	0.01105	0.02361	0.00682	0.46892	0.22210	0.01985	0.01100	0.01081	0.02642	0.00465	0.00372	0.00115	0.00383	0.00359	0.00355	0.06639
43	0.01058	0.04348	0.01833	0.00837	0.02825	0.11927	0.02350	0.22131	0.25614	0.01616	0.10721	0.01628	0.02124	0.00561	0.00400	0.00123	0.00392	0.08635	0.00343	0.00533
44	0.00933	0.00421	0.00473	0.00428	0.00562	0.00402	0.00332	0.01105	0.00868	0.19425	0.01308	0.01402	0.00975	0.00453	0.00294	0.00096	0.00211	0.00363	0.69528	0.00421
45	0.00816	0.03924	0.02473	0.00683	0.00856	0.00755	0.01557	0.05471	0.42242	0.01429	0.09877	0.13090	0.04154	0.06259	0.00506	0.00145	0.00297	0.01638	0.03335	0.00493
46	0.00459	0.00380	0.00403	0.00415	0.00526	0.00324	0.00304	0.00556	0.00863	0.01050	0.07280	0.16028	0.68098	0.00997	0.00459	0.00133	0.00198	0.00846	0.00359	0.00324
47	0.00535	0.00423	0.00569	0.06454	0.03619	0.00418	0.00441	0.00675	0.00860	0.01153	0.26532	0.15925	0.23416	0.01235	0.15770	0.00219	0.00377	0.00699	0.00330	0.00353
48	0.02150	0.09767	0.32931	0.00979	0.05574	0.07965	0.04132	0.09386	0.05529	0.06073	0.03581	0.03108	0.06264	0.00458	0.00370	0.00117	0.00468	0.00368	0.00247	0.00535
49	0.03508	0.25177	0.09830	0.00842	0.02137	0.23046	0.00750	0.17540	0.01084	0.06028	0.00761	0.00818	0.01912	0.00393	0.00326	0.00100	0.00485	0.00275	0.00242	0.04746

[dist]
# distance from previous block
# <min> <max>
1	73

[block]
# block no. 11 follows, 71 sequences, length 130
# corresponding to MSA columns:
# 1047-1176
name=unknown_L
#
# <colnr> <probs for GDERKNQSTAVLIFYWHMCP>
#	G	D	E	R	K	N	Q	S	T	A	V	L	I	F	Y	W	H	M	C	P
0	0.03310	0.00964	0.12104	0.05705	0.03703	0.06076	0.06656	0.08573	0.12889	0.11146	0.07059	0.06029	0.03529	0.00494	0.00383	0.00116	0.00399	0.00420	0.00302	0.10143
1	0.00963	0.03502	0.07875	0.02800	0.01136	0.00885	0.07314	0.11467	0.35453	0.05178	0.02863	0.06528	0.01960	0.02133	0.00441	0.00128	0.02611	0.00438	0.00326	0.06000
2	0.00963	0.00839	0.02752	0.30785	0.21122	0.00867	0.04740	0.05688	0.06640	0.03884	0.02838	0.03378	0.05094	0.02908	0.00492	0.00154	0.00474	0.03934	0.01898	0.00551
3	0.00885	0.04755	0.43035	0.01033	0.02875	0.06353	0.08365	0.04791	0.16277	0.01322	0.04691	0.01073	0.01994	0.00422	0.00378	0.00120	0.00496	0.00351	0.00234	0.00550
4	0.00464	0.00388	0.00404	0.00402	0.00525	0.00328	0.00301	0.00570	0.00895	0.01092	0.12922	0.05150	0.73338	0.00954	0.00454	0.00129	0.00193	0.00801	0.00364	0.00328
5	0.09767	0.02455	0.05249	0.00704	0.01011	0.05011	0.02083	0.18843	0.02657	0.06467	0.04022	0.00956	0.00730	0.01956	0.00356	0.00096	0.00360	0.00296	0.00281	0.36700
6	0.00710	0.00573	0.00612	0.00552	0.00714	0.02216	0.00426	0.08441	0.16314	0.02746	0.24085	0.02624	0.34589	0.00753	0.00427	0.00123	0.00246	0.00633	0.00378	0.02837
7	0.02527	0.41086	0.33139	0.00892	0.02783	0.05669	0.02081	0.04592	0.02033	0.01120	0.00632	0.00729	0.00508	0.00354	0.00309	0.00102	0.00485	0.00252	0.00180	0.00527
8	0.00494	0.00355	0.00475	0.00543	0.00577	0.00347	0.00378	0.00573	0.00719	0.00962	0.01948	0.60960	0.04718	0.07594	0.12201	0.00235	0.00351	0.05931	0.00326	0.00313
