[name]
unknown

[dist]
# distance from previous block
# <min> <max>
3	40

[block]
# block no. 0 follows, 73 sequences, length 11
# corresponding to MSA columns:
# 40-50
name=unknown_A
#
# <colnr> <probs for GDERKNQSTAVLIFYWHMCP>
#	G	D	E	R	K	N	Q	S	T	A	V	L	I	F	Y	W	H	M	C	P
0	0.09517	0.05590	0.04443	0.00828	0.07147	0.04352	0.01641	0.06353	0.32209	0.08239	0.08723	0.05178	0.03171	0.00513	0.00367	0.00119	0.00336	0.00422	0.00328	0.00525
1	0.00853	0.01768	0.03544	0.00729	0.00921	0.00670	0.07015	0.01353	0.31187	0.11448	0.16846	0.10065	0.03221	0.00726	0.04103	0.00148	0.00337	0.04217	0.00359	0.00489
2	0.09589	0.60874	0.01624	0.00679	0.00966	0.12010	0.00626	0.01240	0.07547	0.01020	0.00611	0.00677	0.00528	0.00347	0.00264	0.00090	0.00417	0.00224	0.00190	0.00477
3	0.00629	0.00413	0.00556	0.00553	0.00649	0.00372	0.02051	0.00738	0.00826	0.09168	0.15690	0.48078	0.04822	0.02546	0.00474	0.00139	0.00241	0.04543	0.00355	0.07156
4	0.01334	0.01453	0.00982	0.00873	0.01073	0.60659	0.00664	0.05134	0.04090	0.10585	0.08812	0.00986	0.00860	0.00439	0.00356	0.00103	0.00562	0.00310	0.00260	0.00465
5	0.02873	0.21458	0.07507	0.00803	0.05313	0.00944	0.02343	0.10333	0.18807	0.09932	0.08515	0.06226	0.02400	0.00494	0.00355	0.00112	0.00354	0.00403	0.00303	0.00525
6	0.00828	0.03610	0.04877	0.05647	0.01432	0.02769	0.38485	0.01069	0.00895	0.05824	0.15727	0.07508	0.01243	0.00470	0.00412	0.00118	0.00458	0.00483	0.00256	0.07891
7	0.00650	0.00407	0.00538	0.00516	0.00578	0.00423	0.00365	0.00732	0.00661	0.08958	0.07904	0.01981	0.01330	0.38235	0.34650	0.00414	0.00598	0.00483	0.00255	0.00320
8	0.01077	0.40904	0.08908	0.00768	0.01079	0.02987	0.08729	0.01248	0.00864	0.19686	0.03946	0.05045	0.02397	0.00426	0.00326	0.00102	0.00405	0.00341	0.00253	0.00508
9	0.07447	0.00668	0.05466	0.04870	0.19192	0.00602	0.01916	0.03343	0.00817	0.08964	0.01302	0.32081	0.01341	0.02762	0.00437	0.00133	0.00336	0.02637	0.00284	0.05401
10	0.13344	0.00661	0.00817	0.00642	0.00908	0.00621	0.00525	0.07457	0.01043	0.61920	0.03654	0.01252	0.00930	0.03994	0.00422	0.00126	0.00320	0.00367	0.00416	0.00582

[dist]
# distance from previous block
# <min> <max>
0	4

[block]
# block no. 1 follows, 73 sequences, length 15
# corresponding to MSA columns:
# 55-69
name=unknown_B
#
# <colnr> <probs for GDERKNQSTAVLIFYWHMCP>
#	G	D	E	R	K	N	Q	S	T	A	V	L	I	F	Y	W	H	M	C	P
0	0.02657	0.36357	0.01490	0.00858	0.01100	0.37189	0.04967	0.02659	0.00897	0.00955	0.00563	0.00678	0.00489	0.00378	0.00374	0.00098	0.07407	0.00243	0.00181	0.00459
1	0.00742	0.00533	0.00776	0.00756	0.00893	0.00539	0.07199	0.01024	0.10970	0.07798	0.01745	0.07504	0.01764	0.00968	0.04882	0.00180	0.00388	0.50589	0.00339	0.00409
2	0.02999	0.00498	0.00625	0.00552	0.00701	0.00478	0.00428	0.02819	0.08842	0.19349	0.51163	0.06089	0.02568	0.00680	0.00418	0.00120	0.00228	0.00589	0.00413	0.00443
3	0.00640	0.00330	0.00480	0.00480	0.00480	0.00330	0.00315	0.00495	0.00495	0.00660	0.00711	0.01289	0.00732	0.10945	0.01516	0.79081	0.00330	0.00351	0.00170	0.00170
4	0.00521	0.00379	0.00470	0.00473	0.00562	0.00343	0.00352	0.00655	0.00934	0.02887	0.42605	0.19446	0.23311	0.00899	0.00452	0.00129	0.00199	0.04660	0.00382	0.00340
5	0.49027	0.00609	0.00597	0.00573	0.00758	0.00663	0.00481	0.01055	0.00765	0.09932	0.03086	0.03487	0.01120	0.00600	0.00346	0.00134	0.00306	0.25755	0.00298	0.00408
6	0.00728	0.00508	0.00607	0.00558	0.00700	0.00507	0.00433	0.01097	0.20288	0.09455	0.42368	0.02507	0.13114	0.00715	0.00426	0.00124	0.00229	0.04803	0.00399	0.00432
7	0.04609	0.00810	0.00921	0.00719	0.00986	0.00841	0.00590	0.42187	0.01365	0.30242	0.01125	0.01081	0.00769	0.00450	0.00357	0.00111	0.00347	0.00348	0.11549	0.00593
8	0.29138	0.00741	0.00813	0.00649	0.00921	0.00759	0.00535	0.15484	0.03708	0.41983	0.01083	0.01007	0.00722	0.00427	0.00332	0.00116	0.00325	0.00317	0.00374	0.00564
9	0.01173	0.00571	0.00735	0.00603	0.00814	0.00524	0.00485	0.07475	0.02279	0.41894	0.27959	0.01876	0.03983	0.00585	0.00398	0.00116	0.00273	0.02820	0.02712	0.02725
10	0.18897	0.00420	0.00472	0.00526	0.00595	0.00429	0.00377	0.00665	0.00707	0.01112	0.01703	0.58237	0.01977	0.04678	0.00493	0.00156	0.00250	0.07663	0.00319	0.00326
11	0.00517	0.00383	0.00482	0.00457	0.00552	0.00348	0.00343	0.00681	0.01029	0.01426	0.71432	0.02931	0.16433	0.00796	0.00443	0.00119	0.00179	0.00697	0.00403	0.00348
12	0.00627	0.00340	0.00485	0.00494	0.00501	0.00339	0.00334	0.00521	0.00533	0.00708	0.00873	0.03750	0.00925	0.13976	0.01431	0.66521	0.00330	0.06926	0.00192	0.00191
13	0.00493	0.00387	0.00464	0.00487	0.00582	0.00344	0.00358	0.00590	0.00782	0.01009	0.02565	0.36593	0.33932	0.01090	0.04854	0.00160	0.00263	0.07278	0.00330	0.07439
14	0.00579	0.00422	0.00570	0.00639	0.00730	0.00413	0.00549	0.00742	0.00873	0.01128	0.06477	0.04076	0.13085	0.01011	0.00504	0.00164	0.00316	0.67029	0.00349	0.00342

[dist]
# distance from previous block
# <min> <max>
0	1

[block]
# block no. 2 follows, 73 sequences, length 48
# corresponding to MSA columns:
# 71-118
name=unknown_C
#
# <colnr> <probs for GDERKNQSTAVLIFYWHMCP>
#	G	D	E	R	K	N	Q	S	T	A	V	L	I	F	Y	W	H	M	C	P
0	0.00498	0.00381	0.00443	0.00428	0.00533	0.00338	0.00321	0.00639	0.00962	0.01286	0.46329	0.03112	0.38890	0.00837	0.00437	0.00121	0.00183	0.00718	0.03208	0.00338
1	0.00778	0.00667	0.00778	0.00556	0.00889	0.00500	0.00445	0.00945	0.00778	0.01223	0.00667	0.00778	0.00556	0.00278	0.00278	0.00056	0.00278	0.00222	0.00222	0.89108
2	0.89465	0.00726	0.00551	0.00493	0.00726	0.00842	0.00406	0.01103	0.00638	0.01683	0.00522	0.00609	0.00406	0.00348	0.00232	0.00116	0.00290	0.00203	0.00232	0.00406
3	0.00548	0.00392	0.00456	0.00441	0.00555	0.00343	0.00330	0.00672	0.00928	0.06151	0.31327	0.09996	0.44746	0.00876	0.00442	0.00125	0.00195	0.00751	0.00378	0.00348
4	0.89465	0.00726	0.00551	0.00493	0.00726	0.00842	0.00406	0.01103	0.00638	0.01683	0.00522	0.00609	0.00406	0.00348	0.00232	0.00116	0.00290	0.00203	0.00232	0.00406
5	0.00472	0.00336	0.00447	0.00530	0.00555	0.00317	0.00362	0.00542	0.00721	0.00959	0.02021	0.76642	0.02406	0.05101	0.00548	0.00164	0.00234	0.06999	0.00343	0.00304
6	0.00473	0.00333	0.00431	0.00502	0.00520	0.00315	0.00327	0.00526	0.00688	0.00917	0.01911	0.71713	0.02284	0.16301	0.00732	0.00190	0.00243	0.00975	0.00327	0.00291
7	0.00536	0.00402	0.00603	0.00603	0.00670	0.00469	0.00469	0.00670	0.00603	0.00871	0.01005	0.01474	0.00938	0.02814	0.85328	0.00603	0.01005	0.00402	0.00201	0.00335
8	0.01486	0.00955	0.01067	0.00818	0.01116	0.01021	0.00675	0.64274	0.01603	0.21540	0.01036	0.00988	0.00706	0.00454	0.00376	0.00113	0.00391	0.00347	0.00396	0.00638
9	0.89465	0.00726	0.00551	0.00493	0.00726	0.00842	0.00406	0.01103	0.00638	0.01683	0.00522	0.00609	0.00406	0.00348	0.00232	0.00116	0.00290	0.00203	0.00232	0.00406
10	0.00539	0.00500	0.05428	0.00663	0.00765	0.00416	0.07241	0.00671	0.00781	0.01039	0.03864	0.51506	0.07305	0.01008	0.00474	0.00150	0.00293	0.16688	0.00325	0.00345
11	0.08694	0.00947	0.01031	0.00796	0.01089	0.01023	0.00658	0.61289	0.01543	0.17690	0.00978	0.00947	0.00673	0.00445	0.00364	0.00114	0.00385	0.00334	0.00380	0.00619
12	0.00727	0.00685	0.01158	0.79057	0.09300	0.00838	0.01051	0.00974	0.00759	0.00980	0.00670	0.00994	0.00508	0.00372	0.00375	0.00124	0.00496	0.00333	0.00168	0.00431
13	0.00875	0.00837	0.01426	0.22654	0.64542	0.00877	0.01125	0.01104	0.00829	0.01161	0.00696	0.00946	0.00571	0.00344	0.00372	0.00115	0.00459	0.00334	0.00181	0.00551
14	0.00910	0.00869	0.01439	0.07979	0.68922	0.00898	0.02091	0.01202	0.07643	0.01227	0.00766	0.00971	0.00630	0.00359	0.00394	0.00115	0.02467	0.00343	0.00200	0.00576
15	0.00905	0.00853	0.01146	0.00968	0.01010	0.01151	0.00806	0.12349	0.00740	0.01106	0.00549	0.00832	0.00513	0.00628	0.01112	0.00157	0.74210	0.00330	0.00194	0.00442
16	0.08858	0.00684	0.00869	0.00672	0.00958	0.00633	0.00555	0.09430	0.01103	0.70171	0.01347	0.01187	0.00859	0.00454	0.00365	0.00116	0.00326	0.00359	0.00437	0.00619
17	0.00565	0.00361	0.00478	0.00537	0.00589	0.00333	0.00376	0.00645	0.00763	0.07840	0.02105	0.70566	0.06590	0.01097	0.00471	0.00149	0.00232	0.05609	0.00358	0.00335
18	0.01409	0.00993	0.01080	0.00837	0.01129	0.01089	0.00689	0.69131	0.08428	0.09819	0.01005	0.00976	0.00706	0.00456	0.00376	0.00114	0.00395	0.00348	0.00384	0.00634
19	0.00551	0.00400	0.00509	0.00564	0.00622	0.00389	0.00409	0.06887	0.00827	0.01092	0.02066	0.63642	0.06963	0.01087	0.00474	0.00151	0.00249	0.12432	0.00350	0.00337
20	0.00471	0.00339	0.00447	0.00528	0.00560	0.00318	0.00365	0.00546	0.00733	0.00969	0.02121	0.73600	0.06244	0.03113	0.00513	0.00158	0.00231	0.08091	0.00345	0.00307
21	0.00646	0.00328	0.00484	0.00484	0.00484	0.00328	0.00320	0.00492	0.00492	0.00656	0.00682	0.01216	0.00692	0.06200	0.01492	0.84004	0.00328	0.00338	0.00167	0.00167
22	0.01402	0.00729	0.00895	0.00716	0.00963	0.07527	0.05242	0.05813	0.02792	0.53028	0.01358	0.07732	0.00983	0.00502	0.00375	0.00115	0.00350	0.00419	0.08498	0.00561
23	0.01387	0.00960	0.01042	0.00805	0.01087	0.01047	0.00663	0.69891	0.01628	0.08944	0.00974	0.00972	0.00688	0.00450	0.00366	0.00111	0.00386	0.00342	0.07642	0.00614
24	0.00487	0.00365	0.00458	0.00519	0.00584	0.00336	0.00386	0.00586	0.00795	0.01022	0.04689	0.44791	0.24249	0.01075	0.00477	0.00149	0.00236	0.18130	0.00349	0.00318
25	0.00699	0.00452	0.00612	0.00661	0.00771	0.00442	0.00570	0.00879	0.02327	0.08770	0.02052	0.03816	0.08058	0.00958	0.00493	0.00162	0.00328	0.65642	0.01934	0.00375
26	0.05683	0.00595	0.00754	0.00610	0.00845	0.00548	0.00493	0.02572	0.06514	0.53757	0.13586	0.01607	0.06051	0.00532	0.00379	0.00116	0.00284	0.00438	0.04083	0.00552
27	0.00924	0.00526	0.00647	0.00574	0.00730	0.00508	0.00446	0.10693	0.04128	0.21069	0.22402	0.15217	0.07458	0.00722	0.00439	0.02539	0.00259	0.03062	0.07207	0.00447
28	0.16889	0.00683	0.00698	0.00584	0.00788	0.00737	0.00471	0.26065	0.06013	0.09243	0.01041	0.01096	0.00772	0.00432	0.00309	0.00105	0.00288	0.00327	0.32973	0.00488
29	0.00495	0.00360	0.00467	0.00488	0.00551	0.00332	0.00348	0.00622	0.00908	0.01251	0.45752	0.37426	0.07710	0.00946	0.00458	0.00133	0.00195	0.00845	0.00383	0.00332
30	0.03738	0.00504	0.00565	0.00520	0.00659	0.00509	0.00399	0.02614	0.18441	0.04929	0.34961	0.02351	0.18332	0.00683	0.00401	0.00118	0.00219	0.00579	0.09061	0.00416
31	0.06226	0.00794	0.00878	0.00702	0.00954	0.00826	0.00568	0.38737	0.06023	0.17510	0.01385	0.03693	0.10062	0.03491	0.00427	0.00123	0.00342	0.01286	0.00367	0.05606
32	0.00528	0.00363	0.00407	0.00412	0.00429	0.00355	0.00241	0.00543	0.00593	0.00775	0.01545	0.07588	0.11270	0.71544	0.01651	0.00323	0.00334	0.00606	0.00249	0.00243
33	0.00872	0.01014	0.04102	0.01529	0.01895	0.00942	0.76899	0.01181	0.00868	0.01185	0.00755	0.01012	0.00573	0.00385	0.02432	0.00138	0.03094	0.00435	0.00189	0.00500
34	0.00652	0.00326	0.00489	0.00489	0.00489	0.00326	0.00326	0.00489	0.00489	0.00652	0.00652	0.01140	0.00652	0.01303	0.01466	0.89084	0.00326	0.00326	0.00163	0.00163
35	0.00547	0.00368	0.00439	0.00439	0.00448	0.00378	0.00264	0.00562	0.00552	0.00746	0.01142	0.02280	0.01284	0.72540	0.13767	0.02808	0.00454	0.00519	0.00222	0.00241
36	0.00619	0.00372	0.00449	0.00443	0.00464	0.00365	0.00269	0.00612	0.00586	0.05727	0.01230	0.08420	0.02469	0.62788	0.01634	0.12167	0.00343	0.00548	0.00243	0.00250
37	0.00634	0.00327	0.00483	0.00489	0.00493	0.00324	0.00327	0.00492	0.00513	0.00681	0.00818	0.07172	0.02576	0.01287	0.01375	0.80951	0.00315	0.00388	0.00180	0.00176
38	0.89465	0.00726	0.00551	0.00493	0.00726	0.00842	0.00406	0.01103	0.00638	0.01683	0.00522	0.00609	0.00406	0.00348	0.00232	0.00116	0.00290	0.00203	0.00232	0.00406
39	0.00536	0.00401	0.00597	0.00597	0.00662	0.00466	0.00461	0.00666	0.00601	0.00866	0.01011	0.01505	0.00952	0.05494	0.82667	0.00595	0.00984	0.00407	0.00202	0.00332
40	0.01378	0.01027	0.01099	0.00854	0.01145	0.01141	0.00702	0.75352	0.09713	0.02287	0.00961	0.00949	0.00687	0.00456	0.00376	0.00114	0.00402	0.00346	0.00376	0.00634
41	0.00457	0.00326	0.00435	0.00522	0.00544	0.00305	0.00348	0.00522	0.00718	0.00958	0.02068	0.86570	0.02481	0.01175	0.00479	0.00152	0.00218	0.01067	0.00348	0.00305
42	0.00988	0.00537	0.00679	0.00581	0.00757	0.00513	0.00457	0.02208	0.13119	0.29257	0.41786	0.02036	0.02229	0.00617	0.00407	0.00118	0.00244	0.00530	0.02451	0.00487
43	0.00544	0.00369	0.00436	0.00436	0.00445	0.00378	0.00261	0.00563	0.00554	0.00747	0.01157	0.02319	0.01305	0.75135	0.13508	0.00397	0.00453	0.00526	0.00224	0.00242
44	0.09324	0.00940	0.01021	0.00792	0.01082	0.01016	0.00653	0.58825	0.03596	0.17488	0.00990	0.00957	0.00684	0.00445	0.00363	0.00114	0.00382	0.00335	0.00379	0.00616
45	0.00880	0.03152	0.02041	0.02540	0.04689	0.01033	0.01874	0.01925	0.02371	0.05770	0.01504	0.00881	0.00575	0.00573	0.00966	0.00144	0.60554	0.00326	0.00197	0.08006
46	0.04769	0.09688	0.07541	0.01642	0.03071	0.22717	0.00740	0.09895	0.18788	0.05794	0.00858	0.00913	0.00666	0.00445	0.00450	0.00116	0.10826	0.00309	0.00259	0.00514
47	0.13192	0.02954	0.00866	0.00707	0.00933	0.01944	0.00569	0.17763	0.31328	0.12193	0.10359	0.01289	0.01140	0.00496	0.00383	0.00120	0.02470	0.00389	0.00361	0.00547

[dist]
# distance from previous block
# <min> <max>
1	3

[block]
# block no. 3 follows, 73 sequences, length 8
# corresponding to MSA columns:
# 122-129
name=unknown_D
#
# <colnr> <probs for GDERKNQSTAVLIFYWHMCP>
#	G	D	E	R	K	N	Q	S	T	A	V	L	I	F	Y	W	H	M	C	P
0	0.32012	0.00792	0.04608	0.04429	0.08907	0.04635	0.07423	0.02496	0.00826	0.01426	0.18132	0.01201	0.01132	0.00450	0.00374	0.00115	0.04221	0.00358	0.02509	0.03953
1	0.00540	0.00370	0.00424	0.00429	0.00445	0.00368	0.00260	0.00561	0.00586	0.00774	0.01407	0.02585	0.07512	0.72856	0.05217	0.00347	0.00377	0.04457	0.00241	0.00244
2	0.00458	0.00345	0.00417	0.00473	0.00525	0.00312	0.00322	0.00529	0.00750	0.00962	0.02544	0.56809	0.27203	0.05830	0.00547	0.00156	0.00217	0.00955	0.00342	0.00304
3	0.89465	0.00726	0.00551	0.00493	0.00726	0.00842	0.00406	0.01103	0.00638	0.01683	0.00522	0.00609	0.00406	0.00348	0.00232	0.00116	0.00290	0.00203	0.00232	0.00406
4	0.01144	0.04223	0.01025	0.00889	0.04578	0.18517	0.00673	0.20232	0.41497	0.01575	0.01117	0.01087	0.00845	0.00456	0.00366	0.00115	0.00412	0.00355	0.00325	0.00567
5	0.00488	0.00348	0.00470	0.00557	0.00593	0.00331	0.00401	0.00575	0.00748	0.00992	0.02051	0.69482	0.02415	0.01147	0.00487	0.00157	0.00244	0.17853	0.00348	0.00313
6	0.00953	0.20106	0.17022	0.01184	0.12381	0.04366	0.18388	0.05402	0.07185	0.03398	0.00761	0.00895	0.00597	0.00435	0.02746	0.00125	0.02998	0.00324	0.00208	0.00528
7	0.00985	0.01108	0.03437	0.00766	0.00896	0.39463	0.02281	0.01075	0.00830	0.02791	0.00899	0.04927	0.00896	0.24303	0.08653	0.00225	0.03800	0.02079	0.00217	0.00371

[dist]
# distance from previous block
# <min> <max>
0	2

[block]
# block no. 4 follows, 73 sequences, length 12
# corresponding to MSA columns:
# 132-143
name=unknown_E
#
# <colnr> <probs for GDERKNQSTAVLIFYWHMCP>
#	G	D	E	R	K	N	Q	S	T	A	V	L	I	F	Y	W	H	M	C	P
0	0.05182	0.00427	0.00505	0.00473	0.00541	0.00426	0.00316	0.00772	0.00648	0.12814	0.01295	0.02127	0.05187	0.55507	0.11947	0.00334	0.00425	0.00498	0.00264	0.00313
1	0.36573	0.00656	0.00698	0.00687	0.07565	0.00729	0.00500	0.05173	0.00793	0.10814	0.00844	0.00951	0.00645	0.00417	0.00368	0.00113	0.08306	0.00290	0.23433	0.00445
2	0.00668	0.00611	0.00578	0.00620	0.00683	0.15233	0.00452	0.00752	0.00784	0.00952	0.01656	0.40895	0.01893	0.13897	0.00678	0.00179	0.00348	0.18492	0.00302	0.00325
3	0.00726	0.06912	0.01013	0.14250	0.21917	0.00688	0.00802	0.00916	0.00818	0.01088	0.01288	0.02452	0.01305	0.00831	0.06361	0.00173	0.00444	0.37333	0.00254	0.00428
4	0.10486	0.10204	0.03957	0.01050	0.07628	0.28193	0.11500	0.01188	0.00835	0.01065	0.00663	0.05082	0.00597	0.00448	0.00497	0.00117	0.15519	0.00325	0.00195	0.00451
5	0.00567	0.04512	0.00573	0.00486	0.00576	0.00431	0.00363	0.00742	0.03346	0.01347	0.63345	0.02554	0.02926	0.12193	0.04283	0.00170	0.00251	0.00619	0.00366	0.00349
6	0.00502	0.00335	0.00447	0.00506	0.00531	0.00317	0.00341	0.00531	0.00689	0.00918	0.05124	0.58801	0.04887	0.06219	0.00734	0.15743	0.00245	0.02540	0.00311	0.00279
7	0.61041	0.14771	0.00853	0.00561	0.00818	0.00949	0.00481	0.07831	0.00784	0.08137	0.00628	0.00684	0.00478	0.00361	0.00257	0.00110	0.00320	0.00227	0.00250	0.00456
8	0.01274	0.03751	0.04228	0.12137	0.11741	0.05246	0.07472	0.01461	0.00953	0.42658	0.01130	0.04525	0.00808	0.00440	0.00378	0.00117	0.00411	0.00382	0.00327	0.00560
9	0.00938	0.03544	0.00865	0.00629	0.00937	0.08288	0.00504	0.03948	0.06927	0.07079	0.00782	0.00848	0.00619	0.00325	0.00300	0.00071	0.00327	0.00253	0.00251	0.62566
10	0.05542	0.03756	0.07130	0.00782	0.01066	0.06259	0.00675	0.44866	0.01345	0.07010	0.07015	0.01053	0.00847	0.02029	0.02674	0.00125	0.00416	0.00341	0.00324	0.06744
11	0.11548	0.00600	0.00752	0.06921	0.06722	0.00606	0.00535	0.08899	0.02367	0.16388	0.25660	0.01741	0.08397	0.00599	0.00433	0.04344	0.00293	0.00464	0.00341	0.02388

[dist]
# distance from previous block
# <min> <max>
0	3

[block]
# block no. 5 follows, 73 sequences, length 57
# corresponding to MSA columns:
# 147-203
name=unknown_F
#
# <colnr> <probs for GDERKNQSTAVLIFYWHMCP>
#	G	D	E	R	K	N	Q	S	T	A	V	L	I	F	Y	W	H	M	C	P
0	0.03344	0.00809	0.00902	0.00753	0.00988	0.00888	0.00604	0.29095	0.31242	0.14229	0.02279	0.02752	0.00958	0.00715	0.08528	0.00166	0.00404	0.00395	0.00371	0.00578
1	0.00528	0.00373	0.00482	0.00489	0.00565	0.00343	0.00357	0.00665	0.00940	0.03047	0.49822	0.27234	0.09902	0.00901	0.00454	0.00130	0.00197	0.02840	0.00388	0.00342
2	0.00778	0.00667	0.00778	0.00556	0.00889	0.00500	0.00445	0.00945	0.00778	0.01223	0.00667	0.00778	0.00556	0.00278	0.00278	0.00056	0.00278	0.00222	0.00222	0.89108
3	0.00974	0.67691	0.11346	0.00782	0.04355	0.01347	0.02615	0.01175	0.04012	0.01879	0.00601	0.00684	0.00518	0.00334	0.00271	0.00089	0.00421	0.00231	0.00174	0.00501
4	0.00562	0.00412	0.00443	0.00421	0.00559	0.00355	0.00321	0.00693	0.03010	0.07641	0.11523	0.03291	0.67668	0.00883	0.00437	0.00125	0.00202	0.00739	0.00365	0.00353
5	0.00545	0.01927	0.00507	0.00528	0.00585	0.00366	0.00370	0.00669	0.03440	0.04353	0.18846	0.61829	0.02559	0.01027	0.00460	0.00142	0.00219	0.00924	0.00364	0.00340
6	0.00587	0.07174	0.00583	0.00469	0.00508	0.00472	0.01533	0.00615	0.00574	0.00763	0.01096	0.02153	0.01222	0.67528	0.11735	0.01563	0.00447	0.00497	0.00218	0.00263
7	0.01131	0.00547	0.00664	0.00560	0.00748	0.00524	0.00451	0.10688	0.01038	0.32814	0.09335	0.01595	0.01230	0.00515	0.00351	0.00109	0.00267	0.05114	0.31828	0.00492
8	0.01784	0.00411	0.00492	0.00490	0.00541	0.00408	0.00331	0.06216	0.00787	0.01078	0.18602	0.22553	0.02887	0.35946	0.01074	0.02889	0.00289	0.02609	0.00307	0.00304
9	0.00543	0.00374	0.00460	0.00460	0.00478	0.00391	0.00291	0.00578	0.00561	0.00765	0.01136	0.02197	0.01252	0.64744	0.23827	0.00427	0.00532	0.00508	0.00220	0.00256
10	0.00886	0.01012	0.02214	0.01581	0.01961	0.00949	0.83112	0.01202	0.00886	0.01202	0.00759	0.01012	0.00569	0.00316	0.00443	0.00127	0.00633	0.00443	0.00190	0.00506
11	0.76348	0.00668	0.00530	0.00488	0.00693	0.00765	0.00393	0.01037	0.00654	0.01601	0.00703	0.08551	0.00628	0.00429	0.00257	0.00118	0.00277	0.00291	0.05177	0.00394
12	0.00624	0.00471	0.00714	0.00752	0.00858	0.00467	0.06224	0.00806	0.00865	0.01128	0.01903	0.04013	0.02051	0.00987	0.00513	0.00170	0.00365	0.76398	0.00335	0.00356
13	0.00546	0.00364	0.00409	0.00409	0.00409	0.00364	0.00227	0.00546	0.00546	0.00727	0.01182	0.02455	0.01364	0.86815	0.01910	0.00364	0.00364	0.00546	0.00227	0.00227
14	0.01629	0.00622	0.00842	0.00650	0.00929	0.00540	0.00535	0.01775	0.01058	0.80097	0.01466	0.01284	0.00931	0.00463	0.00371	0.00114	0.00311	0.00376	0.05386	0.00622
15	0.04202	0.00522	0.00648	0.00587	0.00764	0.00493	0.00486	0.04759	0.00954	0.30758	0.01758	0.02321	0.10051	0.00664	0.00396	0.00127	0.00289	0.22906	0.16854	0.00462
16	0.00559	0.00489	0.05192	0.00503	0.00628	0.00406	0.00411	0.00783	0.04970	0.01427	0.62640	0.02664	0.12865	0.00741	0.00428	0.00118	0.00205	0.00644	0.03956	0.00372
17	0.01038	0.00796	0.00862	0.00756	0.00981	0.00899	0.00594	0.05178	0.71094	0.11119	0.01497	0.01366	0.01100	0.00502	0.00381	0.00125	0.00304	0.00415	0.00391	0.00601
18	0.51118	0.00654	0.00625	0.00536	0.00761	0.00697	0.00436	0.02131	0.02787	0.21188	0.10039	0.01193	0.05559	0.00459	0.00306	0.00117	0.00281	0.00335	0.00318	0.00457
19	0.00721	0.00449	0.00532	0.00506	0.00642	0.00419	0.00402	0.01971	0.04962	0.12459	0.17371	0.02823	0.29610	0.00772	0.00419	0.00126	0.00236	0.13502	0.11686	0.00393
20	0.00454	0.00340	0.00421	0.00486	0.00535	0.00308	0.00332	0.00527	0.00753	0.00972	0.02512	0.65329	0.23436	0.01118	0.00470	0.00146	0.00211	0.00996	0.00348	0.00308
21	0.00643	0.00435	0.00606	0.00677	0.00769	0.00429	0.00584	0.00809	0.00869	0.04778	0.03432	0.08355	0.02147	0.01014	0.00509	0.00168	0.00335	0.72734	0.00352	0.00356
22	0.00537	0.00375	0.00467	0.00476	0.00560	0.00340	0.00347	0.00662	0.00906	0.04163	0.36156	0.27491	0.20495	0.00914	0.00448	0.00130	0.00200	0.02509	0.02483	0.00341
23	0.89465	0.00726	0.00551	0.00493	0.00726	0.00842	0.00406	0.01103	0.00638	0.01683	0.00522	0.00609	0.00406	0.00348	0.00232	0.00116	0.00290	0.00203	0.00232	0.00406
24	0.73817	0.00710	0.00608	0.00524	0.00767	0.00790	0.00432	0.01232	0.00716	0.16488	0.00693	0.00728	0.00499	0.00369	0.00258	0.00116	0.00295	0.00234	0.00274	0.00448
25	0.21889	0.00696	0.00809	0.00640	0.00906	0.00684	0.00524	0.11266	0.01034	0.52387	0.01178	0.01126	0.00791	0.03916	0.00405	0.00126	0.00325	0.00339	0.00391	0.00568
26	0.12436	0.00485	0.00490	0.00453	0.00565	0.02407	0.00345	0.00965	0.00759	0.08497	0.01092	0.01355	0.00894	0.10245	0.00513	0.00130	0.05211	0.00351	0.52434	0.00374
27	0.07709	0.01845	0.78259	0.01024	0.01553	0.00869	0.01309	0.01181	0.00780	0.01227	0.00661	0.00778	0.00470	0.00356	0.00347	0.00119	0.00534	0.00271	0.00164	0.00543
28	0.00720	0.00686	0.01169	0.79277	0.02497	0.00850	0.04270	0.00966	0.00749	0.00966	0.00664	0.00994	0.00503	0.00384	0.00411	0.00127	0.03843	0.00338	0.00168	0.00420
29	0.01629	0.00622	0.00842	0.00650	0.00929	0.00540	0.00535	0.01775	0.01058	0.80097	0.01466	0.01284	0.00931	0.00463	0.00371	0.00114	0.00311	0.00376	0.05386	0.00622
30	0.00734	0.00666	0.01119	0.83690	0.02542	0.00826	0.01029	0.00981	0.00759	0.03144	0.00688	0.01007	0.00511	0.00377	0.00375	0.00125	0.00495	0.00335	0.00174	0.00423
31	0.00478	0.00346	0.00452	0.00530	0.00559	0.00331	0.00356	0.00582	0.04064	0.00978	0.02030	0.81659	0.02408	0.02653	0.00500	0.00155	0.00223	0.01032	0.00347	0.00315
32	0.40174	0.00531	0.00509	0.00499	0.00625	0.00575	0.00372	0.00850	0.00680	0.03737	0.04477	0.18235	0.01288	0.19368	0.00678	0.00181	0.00292	0.06303	0.00276	0.00348
33	0.00778	0.00667	0.00778	0.00556	0.00889	0.00500	0.00445	0.00945	0.00778	0.01223	0.00667	0.00778	0.00556	0.00278	0.00278	0.00056	0.00278	0.00222	0.00222	0.89108
34	0.00630	0.00455	0.00609	0.00673	0.00766	0.00456	0.00574	0.05332	0.00900	0.01172	0.02007	0.11586	0.05416	0.01013	0.00504	0.00166	0.00331	0.66706	0.00348	0.00357
35	0.00582	0.00420	0.00576	0.00657	0.00741	0.00414	0.00563	0.00741	0.00852	0.01102	0.02116	0.10646	0.07781	0.01041	0.00510	0.00168	0.00325	0.70079	0.00346	0.00340
36	0.00507	0.00378	0.00470	0.00457	0.00546	0.00342	0.00338	0.00655	0.00983	0.01346	0.59535	0.10242	0.20047	0.01914	0.00464	0.00126	0.00186	0.00734	0.00392	0.00340
37	0.00545	0.00367	0.00428	0.00428	0.00434	0.00374	0.00250	0.00557	0.00551	0.00741	0.01165	0.02361	0.01323	0.78772	0.09897	0.00387	0.00425	0.00532	0.00225	0.00238
38	0.00588	0.00365	0.00482	0.00528	0.00587	0.00336	0.00370	0.00675	0.00786	0.09049	0.07652	0.65967	0.05258	0.01052	0.00462	0.00145	0.00226	0.02871	0.02259	0.00342
39	0.00546	0.00364	0.00409	0.00409	0.00409	0.00364	0.00227	0.00546	0.00546	0.00727	0.01182	0.02455	0.01364	0.86815	0.01910	0.00364	0.00364	0.00546	0.00227	0.00227
40	0.00511	0.00359	0.00406	0.00425	0.00508	0.00325	0.00306	0.00597	0.00787	0.01055	0.06135	0.21956	0.39876	0.00976	0.02319	0.07111	0.00221	0.00731	0.15085	0.00309
41	0.02550	0.00336	0.00488	0.00486	0.00491	0.00338	0.00325	0.00504	0.00494	0.00676	0.00665	0.01168	0.00668	0.03841	0.01453	0.84526	0.00326	0.00330	0.00166	0.00170
42	0.00586	0.00393	0.00505	0.00541	0.00628	0.00367	0.00422	0.00712	0.00853	0.05767	0.12891	0.27971	0.17278	0.00971	0.00465	0.00145	0.00249	0.24980	0.03931	0.00346
43	0.00933	0.00806	0.00848	0.00764	0.00976	0.00933	0.00594	0.01994	0.83797	0.01569	0.01527	0.01400	0.01145	0.00509	0.00382	0.00127	0.00297	0.00424	0.00382	0.00594
44	0.00498	0.00379	0.00445	0.00442	0.00538	0.00340	0.00326	0.00639	0.01916	0.01243	0.39064	0.13290	0.34968	0.00875	0.00441	0.00125	0.00188	0.00757	0.03188	0.00336
45	0.00531	0.00383	0.00501	0.00472	0.00560	0.00354	0.00354	0.00708	0.01062	0.01504	0.84277	0.02802	0.03540	0.00767	0.00442	0.00118	0.00177	0.00678	0.00413	0.00354
46	0.00536	0.00402	0.00603	0.00603	0.00670	0.00469	0.00469	0.00670	0.00603	0.00871	0.01005	0.01474	0.00938	0.02814	0.85328	0.00603	0.01005	0.00402	0.00201	0.00335
47	0.00769	0.00393	0.00405	0.00385	0.00490	0.00396	0.00294	0.04848	0.00844	0.04390	0.01217	0.01371	0.00945	0.00439	0.00272	0.00090	0.00191	0.00350	0.81537	0.00374
48	0.00770	0.00658	0.00769	0.00553	0.00879	0.00495	0.00442	0.00937	0.00787	0.01231	0.03320	0.00842	0.00650	0.00293	0.00283	0.00058	0.00275	0.00237	0.00228	0.86291
49	0.00494	0.00380	0.00402	0.00397	0.00515	0.00328	0.00298	0.00607	0.00878	0.02238	0.14549	0.05179	0.63165	0.00880	0.00428	0.00123	0.00189	0.00739	0.07881	0.00329
50	0.01683	0.00638	0.00871	0.00668	0.00958	0.00551	0.00551	0.01828	0.01074	0.84734	0.01480	0.01277	0.00929	0.00464	0.00377	0.00116	0.00319	0.00377	0.00464	0.00638
51	0.00700	0.00457	0.03494	0.00485	0.00588	0.00442	0.00395	0.02292	0.00763	0.03420	0.01175	0.01544	0.00993	0.03885	0.17880	0.00212	0.03110	0.04574	0.53227	0.00364
52	0.00652	0.00326	0.00489	0.00489	0.00489	0.00326	0.00326	0.00489	0.00489	0.00652	0.00652	0.01140	0.00652	0.01303	0.01466	0.89084	0.00326	0.00326	0.00163	0.00163
53	0.00921	0.00769	0.00832	0.00745	0.00946	0.00883	0.00582	0.06257	0.68522	0.02499	0.03665	0.01416	0.01160	0.00724	0.08188	0.00170	0.00365	0.00424	0.00367	0.00567
54	0.00652	0.00326	0.00489	0.00489	0.00489	0.00326	0.00326	0.00489	0.00489	0.00652	0.00652	0.01140	0.00652	0.01303	0.01466	0.89084	0.00326	0.00326	0.00163	0.00163
55	0.16281	0.01590	0.00978	0.00884	0.01087	0.68920	0.00671	0.03488	0.01009	0.01084	0.00578	0.00671	0.00474	0.00382	0.00321	0.00100	0.00605	0.00238	0.00204	0.00435
56	0.17065	0.00718	0.00825	0.00653	0.02133	0.00675	0.00523	0.10775	0.03398	0.32432	0.00995	0.00967	0.00695	0.00387	0.00322	0.00098	0.00314	0.00297	0.00336	0.26393

[dist]
# distance from previous block
# <min> <max>
0	6

[block]
# block no. 6 follows, 73 sequences, length 14
# corresponding to MSA columns:
# 210-223
name=unknown_G
#
# <colnr> <probs for GDERKNQSTAVLIFYWHMCP>
#	G	D	E	R	K	N	Q	S	T	A	V	L	I	F	Y	W	H	M	C	P
0	0.01038	0.15519	0.28004	0.00928	0.01269	0.26274	0.03301	0.04480	0.09503	0.01138	0.00717	0.00800	0.00560	0.00381	0.00352	0.00106	0.02081	0.00276	0.00203	0.03070
1	0.89465	0.00726	0.00551	0.00493	0.00726	0.00842	0.00406	0.01103	0.00638	0.01683	0.00522	0.00609	0.00406	0.00348	0.00232	0.00116	0.00290	0.00203	0.00232	0.00406
2	0.00652	0.00326	0.00489	0.00489	0.00489	0.00326	0.00326	0.00489	0.00489	0.00652	0.00652	0.01140	0.00652	0.01303	0.01466	0.89084	0.00326	0.00326	0.00163	0.00163
3	0.00457	0.00326	0.00435	0.00522	0.00544	0.00305	0.00348	0.00522	0.00718	0.00958	0.02068	0.86570	0.02481	0.01175	0.00479	0.00152	0.00218	0.01067	0.00348	0.00305
4	0.01261	0.00609	0.02974	0.00606	0.00819	0.02585	0.00491	0.01398	0.00959	0.51392	0.10251	0.01623	0.02869	0.11675	0.03762	0.00165	0.00340	0.00433	0.05275	0.00514
5	0.00957	0.04685	0.04315	0.06456	0.19951	0.13855	0.02442	0.07111	0.13271	0.03256	0.09934	0.04730	0.03120	0.00500	0.00413	0.01381	0.02449	0.00407	0.00267	0.00499
6	0.00481	0.00349	0.00465	0.00541	0.00566	0.00340	0.00373	0.00551	0.00716	0.00956	0.01976	0.74548	0.02351	0.05246	0.00571	0.00164	0.02620	0.06540	0.00337	0.00307
7	0.89465	0.00726	0.00551	0.00493	0.00726	0.00842	0.00406	0.01103	0.00638	0.01683	0.00522	0.00609	0.00406	0.00348	0.00232	0.00116	0.00290	0.00203	0.00232	0.00406
8	0.09384	0.02543	0.05168	0.00663	0.00942	0.00651	0.00573	0.09417	0.01063	0.54427	0.05508	0.01227	0.00957	0.00458	0.00357	0.00114	0.00324	0.00363	0.05283	0.00579
9	0.00463	0.00335	0.00448	0.00524	0.00554	0.00319	0.00356	0.00535	0.00713	0.00952	0.02038	0.76490	0.05176	0.01307	0.07673	0.00190	0.00283	0.01001	0.00336	0.00308
10	0.01003	0.87041	0.01966	0.00642	0.00963	0.01485	0.00642	0.01123	0.00762	0.00883	0.00522	0.00602	0.00481	0.00321	0.00241	0.00080	0.00401	0.00201	0.00160	0.00481
11	0.00541	0.00381	0.00495	0.00495	0.00525	0.00411	0.00335	0.00601	0.00571	0.00791	0.01103	0.02019	0.01175	0.49472	0.38993	0.00470	0.00649	0.00482	0.00216	0.00275
12	0.01683	0.00638	0.00871	0.00668	0.00958	0.00551	0.00551	0.01828	0.01074	0.84734	0.01480	0.01277	0.00929	0.00464	0.00377	0.00116	0.00319	0.00377	0.00464	0.00638
13	0.89465	0.00726	0.00551	0.00493	0.00726	0.00842	0.00406	0.01103	0.00638	0.01683	0.00522	0.00609	0.00406	0.00348	0.00232	0.00116	0.00290	0.00203	0.00232	0.00406

[dist]
# distance from previous block
# <min> <max>
0	1

[block]
# block no. 7 follows, 73 sequences, length 26
# corresponding to MSA columns:
# 225-250
name=unknown_H
#
# <colnr> <probs for GDERKNQSTAVLIFYWHMCP>
#	G	D	E	R	K	N	Q	S	T	A	V	L	I	F	Y	W	H	M	C	P
0	0.76578	0.00728	0.00592	0.00526	0.00751	0.00835	0.00428	0.07913	0.00737	0.01695	0.00650	0.05990	0.00555	0.00408	0.00259	0.00118	0.00296	0.00268	0.00251	0.00419
1	0.00738	0.00593	0.00702	0.00541	0.00809	0.00461	0.00422	0.00892	0.00791	0.02971	0.05224	0.12323	0.00991	0.00433	0.00315	0.00074	0.00261	0.00367	0.03909	0.67181
2	0.00519	0.00383	0.00485	0.00460	0.00553	0.00349	0.00345	0.00685	0.01034	0.01439	0.73579	0.02910	0.14279	0.00791	0.00443	0.00119	0.00179	0.00694	0.00404	0.00349
3	0.00821	0.00821	0.01149	0.00985	0.00985	0.01149	0.00821	0.00903	0.00575	0.00903	0.00492	0.00821	0.00492	0.00657	0.01231	0.00164	0.86128	0.00328	0.00164	0.00410
4	0.00641	0.00880	0.20137	0.00860	0.01123	0.00603	0.18123	0.00884	0.02016	0.01113	0.01955	0.10655	0.25323	0.00710	0.00438	0.00135	0.00396	0.13321	0.00271	0.00418
5	0.01246	0.00970	0.00904	0.00769	0.00999	0.17335	0.00606	0.15741	0.30085	0.18671	0.01201	0.01147	0.00870	0.00460	0.00362	0.00113	0.00386	0.00358	0.07217	0.00561
6	0.08789	0.00987	0.01055	0.00815	0.01108	0.01082	0.00673	0.69070	0.01608	0.09702	0.00921	0.00910	0.00645	0.00443	0.00364	0.00113	0.00394	0.00330	0.00371	0.00619
7	0.89465	0.00726	0.00551	0.00493	0.00726	0.00842	0.00406	0.01103	0.00638	0.01683	0.00522	0.00609	0.00406	0.00348	0.00232	0.00116	0.00290	0.00203	0.00232	0.00406
8	0.00758	0.00589	0.00793	0.00698	0.00745	0.00718	0.00546	0.00842	0.00714	0.08015	0.17807	0.01692	0.03430	0.18710	0.02613	0.02692	0.37550	0.00462	0.00258	0.00369
9	0.53544	0.00749	0.00718	0.00592	0.00850	0.00810	0.00489	0.12996	0.00915	0.23898	0.00831	0.00829	0.00578	0.00394	0.00291	0.00116	0.00315	0.00269	0.00314	0.00501
10	0.09533	0.00681	0.00863	0.00668	0.00954	0.00628	0.00552	0.08550	0.01092	0.70420	0.01346	0.01186	0.00858	0.00453	0.00364	0.00116	0.00324	0.00358	0.00436	0.00618
11	0.00457	0.00326	0.00435	0.00522	0.00544	0.00305	0.00348	0.00522	0.00718	0.00958	0.02068	0.86570	0.02481	0.01175	0.00479	0.00152	0.00218	0.01067	0.00348	0.00305
12	0.01050	0.00506	0.00650	0.00559	0.00752	0.00443	0.00452	0.01189	0.00990	0.40029	0.15076	0.02462	0.24719	0.00704	0.00420	0.00125	0.00264	0.08724	0.00412	0.00475
13	0.00533	0.00400	0.00587	0.00587	0.00653	0.00459	0.00452	0.00660	0.00609	0.00869	0.01104	0.01587	0.03660	0.06541	0.78815	0.00577	0.00950	0.00421	0.00207	0.00330
14	0.01624	0.00734	0.00930	0.00713	0.01005	0.00693	0.00589	0.20716	0.01234	0.65621	0.01346	0.01190	0.00861	0.00461	0.00377	0.00115	0.00341	0.00368	0.00444	0.00638
15	0.00473	0.00335	0.00442	0.00520	0.00543	0.00317	0.00350	0.00538	0.00709	0.00944	0.01980	0.74419	0.02360	0.09244	0.00616	0.00173	0.00238	0.05162	0.00337	0.00300
16	0.00558	0.00379	0.00445	0.00440	0.00535	0.00336	0.00320	0.00629	0.00824	0.05216	0.15950	0.11814	0.42611	0.03366	0.00624	0.12564	0.00221	0.00701	0.02152	0.00314
17	0.00489	0.00330	0.00424	0.00500	0.00530	0.00311	0.00337	0.00568	0.00727	0.01015	0.01958	0.75482	0.02284	0.01079	0.00451	0.00144	0.00212	0.00973	0.11876	0.00311
18	0.85629	0.04469	0.00613	0.00500	0.00736	0.00870	0.00417	0.01104	0.00644	0.01649	0.00522	0.00609	0.00410	0.00347	0.00233	0.00115	0.00295	0.00203	0.00229	0.00410
19	0.00917	0.00855	0.01410	0.20032	0.61088	0.00898	0.01097	0.06944	0.00897	0.01250	0.00711	0.00942	0.00577	0.00351	0.00372	0.00114	0.00455	0.00334	0.00195	0.00560
20	0.00709	0.00667	0.01125	0.85913	0.02584	0.00834	0.01042	0.00959	0.00750	0.00959	0.00667	0.01000	0.00500	0.00375	0.00375	0.00125	0.00500	0.00333	0.00167	0.00417
21	0.01026	0.16042	0.01214	0.10814	0.04802	0.30589	0.00753	0.02162	0.00847	0.00952	0.00819	0.00975	0.06992	0.00477	0.00538	0.00116	0.19941	0.00313	0.00192	0.00436
22	0.07243	0.62122	0.05445	0.04936	0.04408	0.01273	0.00683	0.01103	0.00759	0.00999	0.00555	0.00659	0.00487	0.00324	0.00260	0.00086	0.00397	0.00218	0.00172	0.07870
23	0.00813	0.00764	0.05007	0.06697	0.01069	0.00634	0.00574	0.04352	0.07729	0.01262	0.00740	0.00853	0.00597	0.00332	0.00344	0.00077	0.04185	0.00259	0.00232	0.63479
24	0.00663	0.00553	0.03472	0.13954	0.12244	0.00523	0.00609	0.00848	0.02088	0.05469	0.29498	0.19784	0.07376	0.00713	0.00423	0.00126	0.00294	0.00636	0.00320	0.00408
25	0.01261	0.04790	0.00930	0.00749	0.00985	0.15413	0.00595	0.01762	0.33982	0.30138	0.04486	0.01250	0.01018	0.00474	0.00369	0.00116	0.00370	0.00376	0.00369	0.00567

[dist]
# distance from previous block
# <min> <max>
0	2

[block]
# block no. 8 follows, 73 sequences, length 26
# corresponding to MSA columns:
# 253-278
name=unknown_I
#
# <colnr> <probs for GDERKNQSTAVLIFYWHMCP>
#	G	D	E	R	K	N	Q	S	T	A	V	L	I	F	Y	W	H	M	C	P
0	0.24783	0.03083	0.04342	0.06563	0.31576	0.04086	0.00822	0.10525	0.04055	0.04871	0.00728	0.00852	0.00566	0.00368	0.00329	0.00113	0.00403	0.00294	0.00236	0.01405
1	0.37674	0.01740	0.01026	0.06409	0.35915	0.02751	0.00768	0.03169	0.00785	0.01408	0.00774	0.00918	0.04479	0.00376	0.00315	0.00114	0.00376	0.00298	0.00216	0.00489
2	0.00551	0.00411	0.00528	0.00540	0.00636	0.00382	0.00421	0.00717	0.02709	0.01244	0.33797	0.19399	0.09702	0.00895	0.00457	0.00136	0.00237	0.21185	0.00366	0.05687
3	0.00783	0.00698	0.00927	0.05785	0.01087	0.00560	0.07863	0.00968	0.00786	0.01205	0.00675	0.00812	0.00554	0.00287	0.00298	0.00066	0.00323	0.00249	0.00216	0.75857
4	0.00857	0.00910	0.07871	0.11440	0.59838	0.00856	0.01088	0.01089	0.00837	0.01189	0.04719	0.01067	0.02481	0.00387	0.00409	0.00116	0.03748	0.00356	0.00195	0.00547
5	0.00614	0.00524	0.00633	0.00624	0.00699	0.08040	0.00478	0.00737	0.00641	0.00867	0.00977	0.01460	0.00922	0.07476	0.72893	0.00544	0.00938	0.00396	0.00202	0.00338
6	0.00876	0.00838	0.01406	0.15675	0.62634	0.00891	0.01094	0.01091	0.00816	0.01155	0.00715	0.01015	0.00611	0.00384	0.00443	0.00119	0.07114	0.02393	0.00185	0.00545
7	0.00848	0.00665	0.00785	0.00564	0.00894	0.00504	0.00453	0.01013	0.00801	0.07715	0.00730	0.00817	0.00585	0.00292	0.00286	0.00060	0.00281	0.00234	0.00241	0.82230
8	0.05048	0.00825	0.01120	0.00957	0.00980	0.01135	0.00797	0.04088	0.00623	0.00996	0.00510	0.00814	0.00494	0.00634	0.01151	0.00160	0.78750	0.00323	0.00176	0.00419
9	0.01424	0.01117	0.01120	0.00872	0.01163	0.08678	0.00714	0.75925	0.01701	0.02235	0.00872	0.00881	0.00624	0.00445	0.00372	0.00111	0.00436	0.00329	0.00359	0.00620
10	0.00626	0.00465	0.00569	0.00508	0.00634	0.00436	0.00388	0.08080	0.01069	0.01496	0.61062	0.02538	0.08475	0.03486	0.00472	0.00122	0.00215	0.01704	0.00384	0.07273
11	0.00960	0.00772	0.00846	0.00739	0.00948	0.00864	0.01481	0.14219	0.55050	0.03970	0.07951	0.05532	0.03875	0.00562	0.00393	0.00125	0.00303	0.00471	0.00381	0.00560
12	0.01150	0.00871	0.00941	0.00789	0.01012	0.03527	0.00641	0.54148	0.04097	0.01908	0.01222	0.13092	0.01116	0.00666	0.01701	0.00134	0.00390	0.11696	0.00359	0.00540
13	0.00527	0.00382	0.00473	0.00467	0.00560	0.00351	0.00356	0.00681	0.00968	0.01336	0.51045	0.06977	0.19896	0.00827	0.00440	0.00124	0.00197	0.07957	0.06094	0.00343
14	0.00570	0.00391	0.00513	0.00483	0.00568	0.00370	0.00358	0.00727	0.00981	0.04064	0.67717	0.02619	0.03059	0.08601	0.07171	0.00178	0.00263	0.00635	0.00382	0.00350
15	0.00464	0.00341	0.00430	0.00499	0.00539	0.00314	0.00341	0.00535	0.00738	0.00962	0.02313	0.66059	0.16090	0.05136	0.00541	0.00159	0.00224	0.03669	0.00343	0.00304
16	0.89465	0.00726	0.00551	0.00493	0.00726	0.00842	0.00406	0.01103	0.00638	0.01683	0.00522	0.00609	0.00406	0.00348	0.00232	0.00116	0.00290	0.00203	0.00232	0.00406
17	0.00905	0.00782	0.00822	0.00742	0.00949	0.00898	0.00576	0.01911	0.79064	0.01538	0.01657	0.01526	0.05891	0.00534	0.00385	0.00127	0.00291	0.00445	0.00380	0.00578
18	0.00544	0.00386	0.00464	0.00443	0.00541	0.00356	0.00333	0.00721	0.02436	0.01398	0.56162	0.02740	0.18511	0.00752	0.00417	0.00116	0.00181	0.00651	0.12499	0.00351
19	0.00540	0.00361	0.00411	0.00417	0.00418	0.00360	0.00235	0.00544	0.00557	0.00743	0.01242	0.08100	0.01439	0.81068	0.01814	0.00350	0.00354	0.00581	0.00235	0.00233
20	0.00485	0.00373	0.00449	0.00501	0.00566	0.00348	0.00353	0.00619	0.05411	0.01014	0.02540	0.54562	0.26271	0.01067	0.00465	0.00144	0.00219	0.03938	0.00350	0.00326
21	0.00653	0.00342	0.00494	0.00492	0.00498	0.00345	0.00328	0.00534	0.02830	0.00682	0.00707	0.01224	0.00707	0.06224	0.01461	0.81460	0.00327	0.00341	0.00173	0.00179
22	0.00580	0.00378	0.00442	0.00443	0.00463	0.00376	0.00274	0.00603	0.00595	0.03166	0.01320	0.02565	0.03676	0.73068	0.03962	0.00342	0.00374	0.06873	0.00246	0.00254
23	0.78520	0.00715	0.00591	0.00515	0.00755	0.00805	0.00424	0.01193	0.00693	0.12039	0.00642	0.00693	0.00471	0.00363	0.00250	0.00116	0.00294	0.00225	0.00261	0.00435
24	0.00652	0.00326	0.00489	0.00489	0.00489	0.00326	0.00326	0.00489	0.00489	0.00652	0.00652	0.01140	0.00652	0.01303	0.01466	0.89084	0.00326	0.00326	0.00163	0.00163
25	0.00562	0.00419	0.00562	0.00516	0.00562	0.00410	0.06860	0.00606	0.00612	0.00809	0.01406	0.04694	0.08531	0.65323	0.04974	0.00325	0.00392	0.01933	0.00239	0.00266

[dist]
# distance from previous block
# <min> <max>
0	1

[block]
# block no. 9 follows, 73 sequences, length 40
# corresponding to MSA columns:
# 280-319
name=unknown_J
#
# <colnr> <probs for GDERKNQSTAVLIFYWHMCP>
#	G	D	E	R	K	N	Q	S	T	A	V	L	I	F	Y	W	H	M	C	P
0	0.71844	0.00654	0.00523	0.00477	0.00663	0.00747	0.00371	0.00992	0.00620	0.01494	0.00653	0.00975	0.00596	0.17484	0.00565	0.00165	0.00305	0.00271	0.00231	0.00371
1	0.00546	0.00364	0.00409	0.00409	0.00409	0.00364	0.00227	0.00546	0.00546	0.00727	0.01182	0.02455	0.01364	0.86815	0.01910	0.00364	0.00364	0.00546	0.00227	0.00227
2	0.01401	0.01788	0.01063	0.00967	0.01160	0.85309	0.00725	0.01498	0.01063	0.00918	0.00580	0.00677	0.00483	0.00387	0.00338	0.00097	0.00677	0.00242	0.00193	0.00435
3	0.62187	0.00728	0.02140	0.00530	0.00794	0.00747	0.00443	0.01121	0.00703	0.07443	0.00625	0.00697	0.00477	0.00341	0.00255	0.00103	0.00294	0.00221	0.00245	0.19907
4	0.86264	0.00717	0.00552	0.00493	0.00723	0.00827	0.00406	0.01110	0.00648	0.03005	0.00552	0.00636	0.00426	0.00352	0.00235	0.00116	0.00288	0.00209	0.02032	0.00409
5	0.01384	0.01030	0.01102	0.00855	0.01147	0.01144	0.00703	0.76248	0.08809	0.02296	0.00955	0.00944	0.00682	0.00455	0.00376	0.00114	0.00403	0.00345	0.00376	0.00634
6	0.01368	0.00732	0.00879	0.00719	0.00978	0.00744	0.00579	0.07246	0.34059	0.46203	0.01461	0.01301	0.00996	0.00481	0.00379	0.00120	0.00317	0.00393	0.00426	0.00621
7	0.83385	0.00698	0.00543	0.00495	0.00713	0.00805	0.00402	0.01063	0.00644	0.01634	0.00628	0.06482	0.00548	0.00405	0.00249	0.00119	0.00285	0.00262	0.00240	0.00399
8	0.01371	0.06884	0.01110	0.00921	0.01135	0.67215	0.00709	0.08522	0.04109	0.03695	0.00667	0.00736	0.00534	0.00395	0.00338	0.00099	0.00612	0.00258	0.00222	0.00467
9	0.04433	0.00700	0.00884	0.00679	0.00971	0.00643	0.00559	0.12140	0.02838	0.62584	0.01306	0.01167	0.00847	0.00444	0.00364	0.00111	0.00326	0.00354	0.00423	0.08228
10	0.01093	0.00899	0.00952	0.00829	0.02760	0.02341	0.00644	0.27127	0.55366	0.01798	0.01301	0.01224	0.00966	0.00485	0.00379	0.00122	0.00342	0.00393	0.00373	0.00605
11	0.00577	0.00407	0.00461	0.00451	0.00580	0.00353	0.00350	0.00693	0.00896	0.08271	0.12918	0.05417	0.57167	0.00901	0.00446	0.00130	0.00216	0.09048	0.00366	0.00351
12	0.00704	0.00658	0.01106	0.79594	0.04900	0.00811	0.01014	0.00945	0.00752	0.00966	0.00731	0.04866	0.00592	0.00410	0.00380	0.00126	0.00486	0.00367	0.00175	0.00417
