[name]
unknown

[dist]
# distance from previous block
# <min> <max>
0	95

[block]
# block no. 0 follows, 72 sequences, length 30
# corresponding to MSA columns:
# 95-124
name=unknown_A
#
# <colnr> <probs for GDERKNQSTAVLIFYWHMCP>
#	G	D	E	R	K	N	Q	S	T	A	V	L	I	F	Y	W	H	M	C	P
0	0.01119	0.37859	0.03384	0.00784	0.02853	0.06401	0.03015	0.15341	0.04028	0.09231	0.00840	0.01971	0.00695	0.00469	0.02297	0.00112	0.00428	0.03653	0.00255	0.05264
1	0.02875	0.16610	0.01557	0.01844	0.59092	0.05391	0.01011	0.05075	0.00897	0.01224	0.00678	0.00857	0.00572	0.00344	0.00347	0.00106	0.00450	0.00306	0.00194	0.00570
2	0.00842	0.00644	0.03379	0.04667	0.26137	0.00638	0.00739	0.01012	0.00763	0.12842	0.00965	0.01265	0.00812	0.02881	0.38746	0.01902	0.00690	0.00377	0.00233	0.00466
3	0.01299	0.01937	0.08857	0.02746	0.01095	0.01644	0.00686	0.26760	0.06797	0.31420	0.01259	0.08980	0.00968	0.00530	0.00389	0.00121	0.00373	0.02291	0.00377	0.01472
4	0.00777	0.00639	0.01038	0.34648	0.16595	0.00694	0.04271	0.03103	0.00823	0.06765	0.01154	0.25545	0.01134	0.00610	0.00412	0.00131	0.00404	0.00558	0.00252	0.00446
5	0.00573	0.00419	0.00573	0.00602	0.04022	0.00459	0.00401	0.00644	0.00591	0.00827	0.01059	0.01875	0.01103	0.39304	0.40942	0.02792	0.02840	0.00463	0.00212	0.00299
6	0.00522	0.00387	0.00486	0.00461	0.00557	0.00351	0.00346	0.00686	0.01038	0.01436	0.70374	0.02973	0.17363	0.00807	0.00447	0.00121	0.00181	0.00705	0.00406	0.00351
7	0.00835	0.00673	0.00791	0.00568	0.00902	0.00508	0.00455	0.01003	0.00802	0.05699	0.00718	0.00813	0.00582	0.00291	0.00286	0.00059	0.00283	0.00233	0.00238	0.84258
8	0.01017	0.00947	0.02660	0.01524	0.38728	0.04386	0.02986	0.12594	0.25932	0.01479	0.00999	0.02046	0.00788	0.00424	0.00394	0.00119	0.01740	0.00372	0.00275	0.00591
9	0.05241	0.04546	0.07611	0.00852	0.01144	0.02912	0.01880	0.47581	0.13116	0.05294	0.00950	0.00962	0.00693	0.00452	0.00402	0.00117	0.04014	0.00338	0.01299	0.00596
10	0.85657	0.00730	0.00571	0.00506	0.00743	0.00838	0.00417	0.01146	0.00664	0.05194	0.00569	0.00645	0.00433	0.00357	0.00241	0.00117	0.00295	0.00213	0.00245	0.00421
11	0.00826	0.00637	0.00719	0.00631	0.00791	0.00681	0.00487	0.16978	0.24428	0.01646	0.37842	0.02053	0.03569	0.06386	0.00516	0.00138	0.00272	0.00540	0.00388	0.00472
12	0.00546	0.00390	0.00527	0.00527	0.00566	0.00429	0.00371	0.00624	0.00585	0.00819	0.01092	0.01909	0.01130	0.38281	0.49981	0.00507	0.00742	0.00468	0.00214	0.00293
13	0.00786	0.00674	0.00786	0.00562	0.00899	0.00506	0.00449	0.00955	0.00786	0.01236	0.00674	0.00786	0.00562	0.00281	0.00281	0.00056	0.00281	0.00225	0.00225	0.88990
14	0.00878	0.00824	0.01439	0.05746	0.56871	0.00817	0.11172	0.01094	0.00856	0.03346	0.00997	0.09118	0.04235	0.00447	0.00398	0.00120	0.00441	0.00441	0.00217	0.00544
15	0.83195	0.00746	0.01828	0.00553	0.02999	0.00839	0.00442	0.01111	0.00658	0.01674	0.00555	0.00650	0.00432	0.00354	0.00241	0.00116	0.00298	0.00214	0.02679	0.00417
16	0.00546	0.00378	0.00474	0.00476	0.00497	0.00398	0.00307	0.00589	0.00574	0.00786	0.01165	0.04500	0.01279	0.58881	0.27140	0.00435	0.00560	0.00522	0.00225	0.00265
17	0.00920	0.01038	0.16077	0.08533	0.38314	0.01824	0.06723	0.04202	0.05329	0.05822	0.03262	0.03233	0.02192	0.00410	0.00385	0.00119	0.00456	0.00378	0.00228	0.00556
18	0.00612	0.00419	0.00539	0.00498	0.00604	0.00392	0.00377	0.00826	0.04549	0.05804	0.74770	0.02710	0.04935	0.00752	0.00441	0.00120	0.00192	0.00662	0.00418	0.00382
19	0.62718	0.00729	0.00669	0.00563	0.00816	0.00795	0.00464	0.05686	0.00816	0.22466	0.00791	0.00801	0.00555	0.00387	0.00279	0.00117	0.00307	0.00257	0.00301	0.00482
20	0.25795	0.00853	0.00892	0.00711	0.00984	0.00923	0.00585	0.37649	0.04208	0.19796	0.00960	0.00944	0.00671	0.00460	0.01355	0.00122	0.00362	0.00316	0.01845	0.00570
21	0.00594	0.00481	0.00588	0.02277	0.04131	0.00471	0.01728	0.00829	0.11619	0.02498	0.10372	0.12128	0.37901	0.05016	0.04629	0.01266	0.01116	0.01644	0.00335	0.00377
22	0.01348	0.00756	0.00995	0.00815	0.02182	0.00827	0.00661	0.14121	0.01023	0.42771	0.01088	0.01123	0.00771	0.02403	0.02612	0.00147	0.25078	0.00364	0.00353	0.00562
23	0.01101	0.00769	0.00829	0.00690	0.00906	0.00841	0.00552	0.33588	0.22639	0.06235	0.05640	0.01285	0.01029	0.00485	0.00357	0.00112	0.00311	0.00387	0.21695	0.00548
24	0.80529	0.00773	0.00641	0.00562	0.00787	0.03082	0.02362	0.01117	0.00659	0.01630	0.00534	0.00638	0.00421	0.00368	0.00293	0.00120	0.04622	0.00218	0.00229	0.00414
25	0.00525	0.00387	0.00491	0.00465	0.00559	0.00353	0.00349	0.00693	0.01046	0.01455	0.73482	0.02941	0.14244	0.00800	0.00447	0.00120	0.00181	0.00701	0.00409	0.00353
26	0.00939	0.00901	0.01539	0.02328	0.84306	0.00901	0.01164	0.01164	0.00864	0.01239	0.00713	0.00939	0.00601	0.00338	0.00375	0.00113	0.00451	0.00338	0.00188	0.00601
27	0.00934	0.00895	0.01519	0.02280	0.82023	0.00890	0.01144	0.01158	0.00861	0.01239	0.00712	0.00934	0.00600	0.00336	0.00373	0.00111	0.00446	0.00335	0.00189	0.03020
28	0.01272	0.24435	0.01312	0.00873	0.01105	0.53966	0.00704	0.04390	0.03361	0.00996	0.00609	0.00698	0.00514	0.00383	0.00338	0.00096	0.02563	0.00244	0.00199	0.01941
29	0.50838	0.06213	0.01985	0.00658	0.02794	0.12060	0.00528	0.05657	0.00817	0.06182	0.00631	0.00705	0.00488	0.00361	0.00275	0.00106	0.00367	0.00234	0.00243	0.08857

[dist]
# distance from previous block
# <min> <max>
0	2

[block]
# block no. 1 follows, 72 sequences, length 12
# corresponding to MSA columns:
# 127-138
name=unknown_B
#
# <colnr> <probs for GDERKNQSTAVLIFYWHMCP>
#	G	D	E	R	K	N	Q	S	T	A	V	L	I	F	Y	W	H	M	C	P
0	0.00516	0.00385	0.00521	0.02733	0.03350	0.00362	0.00403	0.00602	0.00746	0.01011	0.05634	0.65985	0.02261	0.05412	0.00539	0.00156	0.00248	0.03149	0.00331	0.05656
1	0.01014	0.86900	0.01987	0.00649	0.00973	0.01501	0.00649	0.01136	0.00771	0.00892	0.00527	0.00608	0.00487	0.00324	0.00243	0.00081	0.00406	0.00203	0.00162	0.00487
2	0.00462	0.00330	0.00440	0.00528	0.00550	0.00308	0.00352	0.00528	0.00726	0.00968	0.02090	0.86424	0.02508	0.01188	0.00484	0.00154	0.00220	0.01078	0.00352	0.00308
3	0.33276	0.00721	0.00785	0.00636	0.00902	0.00735	0.00527	0.11540	0.01005	0.41452	0.01093	0.01111	0.00758	0.00447	0.00333	0.00119	0.00325	0.03316	0.00369	0.00550
4	0.00552	0.00395	0.00472	0.00481	0.00585	0.00352	0.00365	0.00673	0.00899	0.05336	0.21161	0.17840	0.38341	0.00944	0.00460	0.00135	0.00219	0.10073	0.00372	0.00346
5	0.00458	0.00360	0.00414	0.00452	0.00531	0.00316	0.00320	0.00545	0.00812	0.01021	0.06575	0.40311	0.44433	0.01053	0.00464	0.00139	0.00204	0.00919	0.00355	0.00316
6	0.00762	0.00648	0.00951	0.10459	0.09298	0.01882	0.06953	0.04681	0.05487	0.03927	0.19489	0.13062	0.03694	0.02465	0.04069	0.00156	0.10746	0.00547	0.00291	0.00434
7	0.01428	0.01480	0.01103	0.00931	0.01174	0.48191	0.00728	0.37395	0.01387	0.01572	0.00729	0.00784	0.00557	0.00419	0.00358	0.00105	0.00567	0.00287	0.00276	0.00530
8	0.00922	0.13114	0.13275	0.02760	0.01088	0.00927	0.02345	0.07340	0.35399	0.04506	0.09406	0.01394	0.04914	0.00498	0.00371	0.00118	0.00357	0.00408	0.00316	0.00541
9	0.00993	0.01039	0.00976	0.05424	0.08936	0.26803	0.00695	0.06369	0.09082	0.01123	0.03690	0.04389	0.05097	0.07865	0.02442	0.00153	0.13836	0.00399	0.00243	0.00446
10	0.18818	0.02787	0.04764	0.02794	0.14806	0.00757	0.03207	0.03746	0.06960	0.02962	0.00739	0.00846	0.00585	0.00339	0.00310	0.00094	0.00350	0.00273	0.00236	0.34629
11	0.02953	0.01999	0.01024	0.03991	0.13506	0.06217	0.02308	0.22610	0.02951	0.19454	0.01013	0.01064	0.00736	0.00427	0.00371	0.00110	0.02135	0.00342	0.14212	0.02577

[dist]
# distance from previous block
# <min> <max>
1	9

[block]
# block no. 2 follows, 72 sequences, length 24
# corresponding to MSA columns:
# 148-171
name=unknown_C
#
# <colnr> <probs for GDERKNQSTAVLIFYWHMCP>
#	G	D	E	R	K	N	Q	S	T	A	V	L	I	F	Y	W	H	M	C	P
0	0.04481	0.00655	0.00868	0.00672	0.00957	0.00582	0.00553	0.04572	0.01086	0.77004	0.01460	0.03380	0.00951	0.00483	0.00379	0.00118	0.00322	0.00392	0.00456	0.00629
1	0.01670	0.00695	0.00911	0.00698	0.00993	0.00632	0.00577	0.11583	0.01169	0.74715	0.01426	0.01245	0.00904	0.00468	0.00381	0.00117	0.00334	0.00377	0.00459	0.00645
2	0.20456	0.00674	0.00817	0.00642	0.00923	0.00635	0.00530	0.03619	0.01008	0.64880	0.01275	0.01137	0.00819	0.00444	0.00350	0.00117	0.00319	0.00343	0.00417	0.00595
3	0.00562	0.00392	0.00513	0.00488	0.00579	0.00363	0.00369	0.00737	0.01053	0.02961	0.76029	0.04852	0.03404	0.00783	0.00446	0.00122	0.00189	0.03660	0.02138	0.00361
4	0.00552	0.00368	0.00414	0.00414	0.00414	0.00368	0.00230	0.00552	0.00552	0.00735	0.01195	0.02482	0.01379	0.86672	0.01930	0.00368	0.00368	0.00552	0.00230	0.00230
5	0.00943	0.00815	0.00858	0.00772	0.00986	0.00943	0.00600	0.02015	0.83621	0.01586	0.01544	0.01415	0.01158	0.00515	0.00386	0.00129	0.00300	0.00429	0.00386	0.00600
6	0.00927	0.00816	0.01005	0.00933	0.06401	0.00909	0.07650	0.04403	0.62570	0.01531	0.03257	0.02690	0.01166	0.00520	0.00398	0.00129	0.00340	0.03423	0.00355	0.00575
7	0.01417	0.01808	0.01075	0.00977	0.01172	0.85149	0.00733	0.01514	0.01075	0.00928	0.00586	0.00684	0.00489	0.00391	0.00342	0.00098	0.00684	0.00244	0.00195	0.00440
8	0.00912	0.00822	0.01381	0.16801	0.61699	0.00846	0.01072	0.01134	0.00862	0.05050	0.03356	0.01085	0.02539	0.00378	0.00380	0.00116	0.00440	0.00361	0.00208	0.00558
9	0.00551	0.00369	0.00419	0.00419	0.00421	0.00371	0.00237	0.00555	0.00553	0.00740	0.01190	0.02453	0.01366	0.84245	0.04340	0.00375	0.00386	0.00547	0.00229	0.00233
10	0.00934	0.00914	0.01612	0.02252	0.75714	0.00907	0.09698	0.01169	0.00867	0.01236	0.00719	0.00947	0.00598	0.00336	0.00383	0.00114	0.00470	0.00349	0.00188	0.00591
11	0.01702	0.00645	0.00880	0.00675	0.00968	0.00557	0.00557	0.01848	0.01085	0.84568	0.01496	0.01291	0.00939	0.00469	0.00381	0.00117	0.00323	0.00381	0.00469	0.00645
12	0.01702	0.00645	0.00880	0.00675	0.00968	0.00557	0.00557	0.01848	0.01085	0.84568	0.01496	0.01291	0.00939	0.00469	0.00381	0.00117	0.00323	0.00381	0.00469	0.00645
13	0.00786	0.00674	0.00786	0.00562	0.00899	0.00506	0.00449	0.00955	0.00786	0.01236	0.00674	0.00786	0.00562	0.00281	0.00281	0.00056	0.00281	0.00225	0.00225	0.88990
14	0.00533	0.00388	0.00502	0.00474	0.00565	0.00356	0.00355	0.00709	0.01066	0.01502	0.81066	0.02864	0.06630	0.00782	0.00447	0.00120	0.00179	0.00690	0.00415	0.00356
15	0.00663	0.00635	0.01178	0.00963	0.02537	0.00597	0.32565	0.00877	0.02849	0.01186	0.16215	0.29050	0.07560	0.00730	0.00457	0.00135	0.00380	0.00715	0.00299	0.00409
16	0.00660	0.00456	0.00599	0.00619	0.05728	0.00433	0.00424	0.00864	0.05797	0.07616	0.49457	0.11693	0.07648	0.05671	0.00523	0.00138	0.00229	0.00669	0.00384	0.00393
17	0.01372	0.09592	0.01194	0.00831	0.01129	0.01178	0.00697	0.71860	0.01646	0.02205	0.00884	0.00899	0.00641	0.00442	0.00362	0.00110	0.00407	0.00328	0.03604	0.00618
18	0.00955	0.00870	0.01494	0.17157	0.42579	0.00902	0.14412	0.07319	0.00923	0.05072	0.00785	0.01040	0.00626	0.00378	0.00410	0.00120	0.02308	0.01885	0.00215	0.00550
19	0.02003	0.03803	0.15050	0.07047	0.27735	0.05807	0.13529	0.04429	0.00894	0.07636	0.00819	0.01928	0.01931	0.00397	0.00429	0.00119	0.05336	0.00353	0.00215	0.00540
20	0.00556	0.00463	0.00514	0.03027	0.00646	0.03665	0.00377	0.00732	0.03820	0.01289	0.44239	0.05738	0.31899	0.00819	0.00441	0.00123	0.00219	0.00703	0.00375	0.00356
21	0.00462	0.00339	0.00434	0.00508	0.00545	0.00311	0.00344	0.00535	0.00753	0.00989	0.04327	0.73355	0.13411	0.01148	0.00478	0.00150	0.00215	0.01032	0.00354	0.00311
22	0.00942	0.16670	0.30404	0.01367	0.24978	0.03827	0.07137	0.03803	0.02696	0.03689	0.00716	0.00850	0.00557	0.00355	0.00351	0.00111	0.00494	0.00302	0.00193	0.00557
23	0.01972	0.05400	0.24074	0.01039	0.07388	0.02135	0.10602	0.14297	0.05431	0.09804	0.06197	0.04428	0.02541	0.00464	0.00404	0.00120	0.02492	0.00395	0.00273	0.00544

[dist]
# distance from previous block
# <min> <max>
2	4

[block]
# block no. 3 follows, 72 sequences, length 32
# corresponding to MSA columns:
# 176-207
name=unknown_D
#
# <colnr> <probs for GDERKNQSTAVLIFYWHMCP>
#	G	D	E	R	K	N	Q	S	T	A	V	L	I	F	Y	W	H	M	C	P
0	0.58180	0.10037	0.01996	0.00651	0.03441	0.11626	0.00522	0.01194	0.02268	0.03635	0.02001	0.00718	0.00524	0.00401	0.01411	0.00118	0.00372	0.00235	0.00231	0.00438
1	0.00480	0.00384	0.00421	0.00412	0.00521	0.00334	0.00304	0.00593	0.00904	0.01147	0.26391	0.03345	0.56123	0.06319	0.00542	0.00141	0.00199	0.00752	0.00363	0.00325
2	0.01215	0.14999	0.01264	0.04042	0.03016	0.47168	0.04516	0.07101	0.03643	0.01070	0.00751	0.00853	0.03381	0.00418	0.00389	0.00105	0.05099	0.00289	0.00212	0.00467
3	0.07194	0.00796	0.00943	0.00733	0.01022	0.00797	0.00604	0.28410	0.05214	0.48388	0.01245	0.01129	0.00819	0.00459	0.00372	0.00117	0.00351	0.00359	0.00421	0.00628
4	0.00477	0.00395	0.00416	0.00423	0.00537	0.00346	0.00313	0.00605	0.03671	0.01049	0.06323	0.11115	0.66156	0.03878	0.00502	0.00139	0.00208	0.02769	0.00351	0.00328
5	0.00521	0.00387	0.00485	0.00460	0.00557	0.00351	0.00345	0.00685	0.01036	0.01431	0.69520	0.02981	0.18221	0.00809	0.00447	0.00121	0.00181	0.00707	0.00406	0.00351
6	0.00557	0.00398	0.00478	0.00452	0.00565	0.00353	0.00341	0.00704	0.00996	0.05154	0.50349	0.03067	0.33531	0.00830	0.00445	0.00122	0.00190	0.00715	0.00395	0.00357
7	0.01417	0.01808	0.01075	0.00977	0.01172	0.85149	0.00733	0.01514	0.01075	0.00928	0.00586	0.00684	0.00489	0.00391	0.00342	0.00098	0.00684	0.00244	0.00195	0.00440
8	0.01442	0.01062	0.01138	0.00873	0.01176	0.01176	0.00721	0.83041	0.01783	0.02390	0.00911	0.00911	0.00645	0.00455	0.00379	0.00114	0.00417	0.00341	0.00379	0.00645
9	0.89350	0.00733	0.00557	0.00499	0.00733	0.00851	0.00411	0.01115	0.00645	0.01702	0.00528	0.00616	0.00411	0.00352	0.00235	0.00117	0.00293	0.00205	0.00235	0.00411
10	0.00863	0.00673	0.00512	0.00491	0.00603	0.19001	0.00368	0.01022	0.00857	0.01307	0.01094	0.01253	0.00866	0.00431	0.00282	0.00090	0.00288	0.00329	0.69297	0.00372
11	0.01702	0.00645	0.00880	0.00675	0.00968	0.00557	0.00557	0.01848	0.01085	0.84568	0.01496	0.01291	0.00939	0.00469	0.00381	0.00117	0.00323	0.00381	0.00469	0.00645
12	0.01417	0.01808	0.01075	0.00977	0.01172	0.85149	0.00733	0.01514	0.01075	0.00928	0.00586	0.00684	0.00489	0.00391	0.00342	0.00098	0.00684	0.00244	0.00195	0.00440
13	0.01633	0.00756	0.00948	0.00727	0.01023	0.00721	0.00601	0.23338	0.01270	0.62818	0.01341	0.01190	0.00861	0.00466	0.00381	0.00116	0.00348	0.00371	0.00446	0.00645
14	0.00542	0.00391	0.00514	0.00492	0.00581	0.00363	0.00374	0.00720	0.01060	0.01496	0.78760	0.02927	0.03488	0.00793	0.00452	0.00123	0.00190	0.05964	0.00413	0.00357
15	0.00943	0.00815	0.00858	0.00772	0.00986	0.00943	0.00600	0.02015	0.83621	0.01586	0.01544	0.01415	0.01158	0.00515	0.00386	0.00129	0.00300	0.00429	0.00386	0.00600
16	0.89350	0.00733	0.00557	0.00499	0.00733	0.00851	0.00411	0.01115	0.00645	0.01702	0.00528	0.00616	0.00411	0.00352	0.00235	0.00117	0.00293	0.00205	0.00235	0.00411
17	0.00972	0.12739	0.40287	0.01043	0.06957	0.02700	0.05142	0.06423	0.08337	0.09232	0.02130	0.00934	0.00657	0.00389	0.00357	0.00114	0.00478	0.00315	0.00232	0.00562
18	0.22706	0.02279	0.00996	0.00881	0.07305	0.01861	0.17284	0.00975	0.00855	0.03506	0.22345	0.12460	0.02543	0.00576	0.00399	0.00124	0.01675	0.00515	0.00289	0.00426
19	0.89350	0.00733	0.00557	0.00499	0.00733	0.00851	0.00411	0.01115	0.00645	0.01702	0.00528	0.00616	0.00411	0.00352	0.00235	0.00117	0.00293	0.00205	0.00235	0.00411
20	0.00559	0.00441	0.00578	0.00625	0.00703	0.02559	0.03272	0.00681	0.00817	0.01049	0.02201	0.38030	0.12859	0.01053	0.00490	0.00156	0.00294	0.32954	0.00341	0.00336
21	0.00989	0.01077	0.16498	0.07372	0.28958	0.00891	0.18181	0.05351	0.02160	0.10591	0.00819	0.00978	0.00612	0.00376	0.00419	0.00121	0.03462	0.00357	0.00226	0.00563
22	0.01042	0.81037	0.01924	0.00672	0.00987	0.07263	0.00655	0.01162	0.00792	0.00895	0.00531	0.00614	0.00487	0.00329	0.00250	0.00082	0.00425	0.00206	0.00165	0.00483
23	0.03997	0.00652	0.00871	0.00672	0.00962	0.00575	0.00555	0.01833	0.03088	0.80356	0.01472	0.01276	0.00930	0.00467	0.00378	0.00118	0.00321	0.00378	0.00461	0.00638
24	0.02851	0.01202	0.20850	0.09752	0.17276	0.11160	0.17956	0.01170	0.03050	0.01139	0.00760	0.02974	0.00618	0.00517	0.04155	0.02966	0.00557	0.00355	0.00191	0.00499
25	0.01062	0.17178	0.15429	0.01215	0.20735	0.03558	0.06463	0.09754	0.04754	0.11518	0.01868	0.02259	0.01743	0.00402	0.00357	0.00111	0.00445	0.00338	0.00250	0.00561
26	0.00588	0.00435	0.00570	0.00624	0.00719	0.00428	0.00523	0.00788	0.04707	0.01180	0.12374	0.08489	0.13065	0.00986	0.00496	0.00158	0.00298	0.52858	0.00360	0.00356
27	0.00743	0.00465	0.00565	0.00513	0.00649	0.00435	0.00396	0.04673	0.03865	0.12576	0.41553	0.04794	0.18093	0.00742	0.00424	0.00121	0.00221	0.02602	0.06159	0.00409
28	0.08826	0.15765	0.14898	0.02415	0.08178	0.07813	0.09447	0.05854	0.04933	0.08100	0.00947	0.06656	0.02510	0.00450	0.00355	0.00115	0.00445	0.01541	0.00244	0.00509
29	0.00752	0.00591	0.02026	0.00810	0.05612	0.00585	0.08857	0.02045	0.09927	0.08503	0.18040	0.25664	0.03769	0.00826	0.03147	0.00150	0.05127	0.02802	0.00336	0.00433
30	0.00720	0.00509	0.00613	0.00561	0.00696	0.00512	0.00429	0.01105	0.21027	0.08029	0.51035	0.05067	0.06753	0.00710	0.00428	0.00123	0.00222	0.00618	0.00409	0.00436
31	0.03985	0.47269	0.04331	0.00786	0.01068	0.32050	0.00699	0.04069	0.00913	0.00993	0.00567	0.00653	0.00490	0.00355	0.00288	0.00091	0.00509	0.00225	0.00184	0.00475

[dist]
# distance from previous block
# <min> <max>
0	13

[block]
# block no. 4 follows, 72 sequences, length 27
# corresponding to MSA columns:
# 221-247
name=unknown_E
#
# <colnr> <probs for GDERKNQSTAVLIFYWHMCP>
#	G	D	E	R	K	N	Q	S	T	A	V	L	I	F	Y	W	H	M	C	P
0	0.03767	0.12348	0.03168	0.03932	0.01156	0.36501	0.03361	0.08377	0.02330	0.05535	0.00750	0.00931	0.00620	0.00476	0.02583	0.00116	0.02730	0.03364	0.00231	0.07724
1	0.02628	0.00966	0.01154	0.00975	0.07464	0.01033	0.04750	0.56427	0.04721	0.11076	0.00992	0.02762	0.00724	0.00454	0.00381	0.00115	0.00407	0.00365	0.00360	0.02246
2	0.01048	0.00843	0.00899	0.00782	0.01013	0.00960	0.00616	0.13675	0.68203	0.05355	0.01450	0.01337	0.01074	0.00504	0.00385	0.00126	0.00318	0.00414	0.00389	0.00609
3	0.00463	0.00334	0.00436	0.00518	0.00545	0.00310	0.00346	0.00529	0.00729	0.00966	0.02162	0.80024	0.06804	0.03231	0.00517	0.00158	0.00222	0.01051	0.00349	0.00307
4	0.00565	0.00405	0.00507	0.00487	0.00582	0.00382	0.00364	0.00769	0.04645	0.01430	0.59427	0.10474	0.06268	0.00776	0.00431	0.00120	0.00194	0.02089	0.07740	0.02345
5	0.00611	0.00437	0.00611	0.00698	0.00786	0.00437	0.00611	0.00786	0.00873	0.01135	0.02008	0.04278	0.02183	0.01048	0.00524	0.00175	0.00349	0.81753	0.00349	0.00349
6	0.01413	0.01041	0.01118	0.00862	0.01158	0.01151	0.00710	0.80621	0.01752	0.02348	0.00945	0.03418	0.00700	0.00477	0.00382	0.00115	0.00412	0.00363	0.00379	0.00635
7	0.00943	0.00815	0.00858	0.00772	0.00986	0.00943	0.00600	0.02015	0.83621	0.01586	0.01544	0.01415	0.01158	0.00515	0.00386	0.00129	0.00300	0.00429	0.00386	0.00600
8	0.89350	0.00733	0.00557	0.00499	0.00733	0.00851	0.00411	0.01115	0.00645	0.01702	0.00528	0.00616	0.00411	0.00352	0.00235	0.00117	0.00293	0.00205	0.00235	0.00411
9	0.00537	0.00388	0.00507	0.00477	0.00567	0.00358	0.00358	0.00716	0.01074	0.01521	0.84106	0.02833	0.03578	0.00775	0.00447	0.00119	0.00179	0.00686	0.00417	0.00358
10	0.00448	0.00384	0.00384	0.00384	0.00512	0.00320	0.00288	0.00544	0.00864	0.01025	0.03842	0.03650	0.84152	0.00960	0.00448	0.00128	0.00192	0.00800	0.00352	0.00320
11	0.89350	0.00733	0.00557	0.00499	0.00733	0.00851	0.00411	0.01115	0.00645	0.01702	0.00528	0.00616	0.00411	0.00352	0.00235	0.00117	0.00293	0.00205	0.00235	0.00411
12	0.00986	0.01160	0.02034	0.01490	0.01840	0.15691	0.68545	0.01267	0.00927	0.01165	0.00736	0.00964	0.00560	0.00332	0.00429	0.00123	0.00647	0.00412	0.00192	0.00499
13	0.00812	0.00812	0.01134	0.52749	0.11043	0.09757	0.02224	0.01034	0.01940	0.01011	0.00766	0.06587	0.00657	0.00443	0.00426	0.00124	0.05060	0.00376	0.00190	0.02854
14	0.00462	0.00330	0.00440	0.00528	0.00550	0.00308	0.00352	0.00528	0.00726	0.00968	0.02090	0.86424	0.02508	0.01188	0.00484	0.00154	0.00220	0.01078	0.00352	0.00308
15	0.00935	0.02451	0.01464	0.01088	0.04150	0.02259	0.33041	0.11678	0.00961	0.01358	0.00735	0.00897	0.00575	0.00332	0.00384	0.00097	0.02372	0.00334	0.00228	0.34662
16	0.00542	0.00409	0.00517	0.00569	0.00665	0.00384	0.00470	0.00682	0.00870	0.01107	0.07138	0.10025	0.29645	0.01014	0.00491	0.00155	0.00278	0.44347	0.00354	0.00337
17	0.06253	0.55578	0.09059	0.00752	0.01068	0.11933	0.01991	0.04561	0.00847	0.02105	0.00579	0.00668	0.00496	0.00353	0.00300	0.00093	0.02459	0.00230	0.00184	0.00490
18	0.00992	0.01003	0.01468	0.02130	0.72696	0.10826	0.01098	0.01201	0.00887	0.01202	0.00698	0.00905	0.00587	0.00343	0.00369	0.00110	0.00474	0.00324	0.00189	0.02497
19	0.00451	0.00382	0.00390	0.00393	0.00515	0.00321	0.00293	0.00548	0.00863	0.01034	0.05695	0.07305	0.78589	0.00966	0.00450	0.00129	0.00193	0.00810	0.00354	0.00321
20	0.00839	0.00738	0.07363	0.03398	0.06166	0.00680	0.01967	0.20711	0.06477	0.03707	0.09550	0.33642	0.01662	0.00750	0.00426	0.00132	0.00328	0.00659	0.00337	0.00467
21	0.08705	0.02328	0.02987	0.04163	0.17969	0.13679	0.02689	0.11631	0.05764	0.09097	0.00807	0.00898	0.00619	0.00387	0.00372	0.00106	0.03143	0.00304	0.00258	0.14091
22	0.73662	0.00765	0.00662	0.00567	0.00812	0.02992	0.02691	0.02672	0.00731	0.10612	0.00647	0.00707	0.00478	0.00367	0.00262	0.00117	0.00318	0.00234	0.00260	0.00444
23	0.00455	0.00380	0.00397	0.00403	0.00519	0.00322	0.00298	0.00555	0.00867	0.01053	0.09129	0.10649	0.71736	0.00967	0.00451	0.00130	0.00194	0.00816	0.00357	0.00322
24	0.02797	0.20913	0.05931	0.00835	0.07188	0.07097	0.02618	0.08573	0.05238	0.01264	0.00703	0.00796	0.00573	0.00338	0.00306	0.00085	0.00390	0.00259	0.00224	0.33874
25	0.00979	0.06530	0.12691	0.04061	0.33701	0.05826	0.07183	0.05462	0.10308	0.04767	0.04205	0.01037	0.00766	0.00392	0.00373	0.00115	0.00457	0.00351	0.00236	0.00561
26	0.02867	0.00420	0.00551	0.00562	0.00647	0.00397	0.03900	0.02124	0.00805	0.03097	0.03799	0.49005	0.22967	0.01018	0.00477	0.00144	0.01702	0.04835	0.00343	0.00342

[dist]
# distance from previous block
# <min> <max>
0	7

[block]
# block no. 5 follows, 72 sequences, length 32
# corresponding to MSA columns:
# 255-286
name=unknown_F
#
# <colnr> <probs for GDERKNQSTAVLIFYWHMCP>
#	G	D	E	R	K	N	Q	S	T	A	V	L	I	F	Y	W	H	M	C	P
0	0.03594	0.03196	0.03589	0.04680	0.17573	0.12954	0.10003	0.06400	0.02673	0.14945	0.04559	0.01933	0.00777	0.00447	0.00483	0.00121	0.10931	0.00360	0.00260	0.00524
1	0.02776	0.00365	0.00438	0.00475	0.00503	0.00355	0.00306	0.00569	0.00669	0.00912	0.04787	0.38401	0.05384	0.37892	0.02424	0.00250	0.00298	0.02618	0.00297	0.00281
2	0.72162	0.04172	0.00731	0.03324	0.06346	0.00898	0.00508	0.05840	0.00734	0.01656	0.00567	0.00666	0.00443	0.00357	0.00257	0.00116	0.00322	0.00226	0.00235	0.00440
3	0.03228	0.18874	0.04656	0.00888	0.03269	0.13768	0.03489	0.35136	0.05796	0.06128	0.00822	0.00856	0.00618	0.00409	0.00344	0.00106	0.00455	0.00303	0.00289	0.00565
4	0.02862	0.47225	0.01549	0.00744	0.01032	0.04178	0.02260	0.15109	0.15406	0.03045	0.00795	0.00830	0.00640	0.00394	0.00325	0.00100	0.02448	0.00279	0.00248	0.00532
5	0.00704	0.00624	0.00836	0.00745	0.00748	0.00811	0.00573	0.00757	0.00571	0.00841	0.00801	0.01520	0.00871	0.34890	0.05905	0.00269	0.47580	0.00423	0.00193	0.00337
6	0.01997	0.15893	0.36645	0.01032	0.03113	0.09786	0.11332	0.05292	0.03057	0.05962	0.00735	0.00834	0.00549	0.00365	0.00350	0.00111	0.00520	0.00297	0.00205	0.01924
7	0.03613	0.15421	0.01235	0.00830	0.01060	0.03131	0.00705	0.34836	0.01187	0.12682	0.00808	0.00878	0.00613	0.00480	0.00557	0.00121	0.20680	0.00315	0.00296	0.00553
8	0.00659	0.00329	0.00494	0.00494	0.00494	0.00329	0.00329	0.00494	0.00494	0.00659	0.00659	0.01153	0.00659	0.01318	0.01482	0.88966	0.00329	0.00329	0.00165	0.00165
9	0.00480	0.00350	0.00454	0.00528	0.00567	0.00329	0.00364	0.00577	0.02473	0.01010	0.04782	0.72365	0.08592	0.01138	0.00480	0.00151	0.00224	0.04463	0.00355	0.00318
10	0.03299	0.12479	0.01254	0.03210	0.08677	0.42793	0.03985	0.08652	0.06102	0.05038	0.00728	0.00810	0.00576	0.00390	0.00343	0.00104	0.00548	0.00283	0.00231	0.00500
11	0.01939	0.00387	0.00431	0.00451	0.00534	0.00380	0.00330	0.00811	0.04780	0.02488	0.04182	0.25492	0.09412	0.01872	0.00388	0.00121	0.00210	0.03918	0.41521	0.00353
12	0.01662	0.00684	0.00901	0.00694	0.00986	0.00618	0.00572	0.08619	0.03119	0.75733	0.01449	0.01262	0.00920	0.00469	0.00381	0.00117	0.00330	0.00379	0.00460	0.00644
13	0.00946	0.00951	0.03819	0.05566	0.59688	0.03588	0.06437	0.02717	0.10108	0.01274	0.00806	0.00988	0.00651	0.00363	0.00380	0.00116	0.00458	0.00351	0.00212	0.00582
14	0.23094	0.00800	0.00877	0.00692	0.00970	0.00832	0.00571	0.28671	0.01204	0.35383	0.01059	0.01001	0.00712	0.00435	0.00343	0.00116	0.00344	0.00324	0.01988	0.00582
15	0.00457	0.00386	0.00397	0.00400	0.00525	0.00326	0.00303	0.00559	0.00871	0.01044	0.06290	0.03649	0.78384	0.00958	0.00451	0.00130	0.00198	0.03995	0.00354	0.00322
16	0.00758	0.00491	0.00507	0.00510	0.00618	0.04234	0.00408	0.04646	0.04334	0.01373	0.01401	0.02083	0.01250	0.00596	0.00344	0.00113	0.00259	0.20946	0.54749	0.00380
17	0.00943	0.00815	0.00858	0.00772	0.00986	0.00943	0.00600	0.02015	0.83621	0.01586	0.01544	0.01415	0.01158	0.00515	0.00386	0.00129	0.00300	0.00429	0.00386	0.00600
18	0.00943	0.00815	0.00858	0.00772	0.00986	0.00943	0.00600	0.02015	0.83621	0.01586	0.01544	0.01415	0.01158	0.00515	0.00386	0.00129	0.00300	0.00429	0.00386	0.00600
19	0.01014	0.86900	0.01987	0.00649	0.00973	0.01501	0.00649	0.01136	0.00771	0.00892	0.00527	0.00608	0.00487	0.00324	0.00243	0.00081	0.00406	0.00203	0.00162	0.00487
20	0.00963	0.00824	0.00869	0.00776	0.00994	0.00952	0.00605	0.05210	0.80394	0.01618	0.01519	0.01395	0.01137	0.00512	0.00386	0.00128	0.00305	0.00425	0.00386	0.00602
21	0.00552	0.00368	0.00414	0.00414	0.00414	0.00368	0.00230	0.00552	0.00552	0.00735	0.01195	0.02482	0.01379	0.86672	0.01930	0.00368	0.00368	0.00552	0.00230	0.00230
22	0.00786	0.00674	0.00786	0.00562	0.00899	0.00506	0.00449	0.00955	0.00786	0.01236	0.00674	0.00786	0.00562	0.00281	0.00281	0.00056	0.00281	0.00225	0.00225	0.88990
23	0.00939	0.00901	0.01539	0.02328	0.84306	0.00901	0.01164	0.01164	0.00864	0.01239	0.00713	0.00939	0.00601	0.00338	0.00375	0.00113	0.00451	0.00338	0.00188	0.00601
24	0.00467	0.00338	0.00443	0.00526	0.00557	0.00314	0.00358	0.00539	0.00741	0.00978	0.02199	0.77888	0.07720	0.01168	0.00483	0.00153	0.00223	0.04242	0.00352	0.00310
25	0.00527	0.00411	0.00482	0.00469	0.00579	0.00378	0.00356	0.00720	0.05507	0.01302	0.42834	0.04875	0.34563	0.00854	0.00449	0.00127	0.00200	0.04627	0.00386	0.00355
26	0.01323	0.01003	0.01071	0.00849	0.01131	0.01120	0.00692	0.63676	0.21343	0.02198	0.01062	0.01031	0.00768	0.00469	0.00381	0.00117	0.00389	0.00362	0.00381	0.00634
27	0.02985	0.00953	0.02991	0.09367	0.37102	0.00989	0.02804	0.32285	0.01206	0.04433	0.00807	0.00939	0.00613	0.00391	0.00376	0.00115	0.00442	0.00339	0.00269	0.00596
28	0.03772	0.01090	0.09565	0.08770	0.18075	0.06162	0.26871	0.14789	0.03551	0.01398	0.00786	0.02014	0.00608	0.00377	0.00393	0.00120	0.00522	0.00370	0.00227	0.00541
29	0.00547	0.00370	0.00419	0.00418	0.00427	0.00368	0.00240	0.00557	0.00576	0.00766	0.02855	0.02515	0.04893	0.79521	0.03762	0.00359	0.00372	0.00561	0.00238	0.00239
30	0.00992	0.02550	0.17014	0.01246	0.22643	0.02541	0.02363	0.12732	0.24046	0.04415	0.03267	0.02732	0.00863	0.00441	0.00379	0.00119	0.00416	0.00376	0.00283	0.00582
31	0.00498	0.00367	0.00451	0.00492	0.00557	0.00336	0.00346	0.00585	0.00803	0.02887	0.09666	0.51357	0.26685	0.01060	0.00481	0.00143	0.01670	0.00934	0.00357	0.00325

[dist]
# distance from previous block
# <min> <max>
0	2

[block]
# block no. 6 follows, 72 sequences, length 75
# corresponding to MSA columns:
# 289-363
name=unknown_G
#
# <colnr> <probs for GDERKNQSTAVLIFYWHMCP>
#	G	D	E	R	K	N	Q	S	T	A	V	L	I	F	Y	W	H	M	C	P
0	0.15971	0.19611	0.02392	0.00809	0.01053	0.41113	0.00662	0.07145	0.05914	0.01196	0.00645	0.00718	0.00526	0.00382	0.00309	0.00101	0.00516	0.00247	0.00219	0.00471
1	0.70938	0.06134	0.02828	0.00596	0.01956	0.06888	0.00495	0.04255	0.00734	0.01604	0.00553	0.00641	0.00434	0.00357	0.00253	0.00114	0.00342	0.00217	0.00230	0.00433
2	0.00881	0.07803	0.03537	0.03080	0.08673	0.07327	0.08434	0.01309	0.23976	0.03232	0.11177	0.01519	0.09166	0.00533	0.00460	0.00122	0.07547	0.00441	0.00289	0.00494
3	0.00916	0.01193	0.26594	0.01031	0.08129	0.03479	0.05469	0.05945	0.31965	0.03565	0.05318	0.02799	0.00967	0.00460	0.00384	0.00123	0.00422	0.00391	0.00287	0.00564
4	0.00542	0.00406	0.00606	0.00606	0.00673	0.00472	0.00470	0.00675	0.00608	0.00878	0.01019	0.01508	0.00956	0.04337	0.83687	0.00605	0.01004	0.00409	0.00204	0.00337
5	0.01036	0.00922	0.00957	0.07687	0.04246	0.08747	0.00681	0.11873	0.54042	0.02692	0.02218	0.01249	0.00984	0.00481	0.00381	0.00123	0.00371	0.00392	0.00344	0.00574
6	0.00467	0.00349	0.00436	0.00499	0.00551	0.00317	0.00347	0.00548	0.00776	0.01007	0.05454	0.61313	0.21356	0.01116	0.00476	0.00148	0.00217	0.03956	0.00354	0.00314
7	0.01291	0.00694	0.00840	0.00696	0.00939	0.00698	0.00557	0.03887	0.32198	0.42727	0.09915	0.01485	0.01283	0.00517	0.00390	0.00122	0.00302	0.00429	0.00430	0.00599
8	0.89350	0.00733	0.00557	0.00499	0.00733	0.00851	0.00411	0.01115	0.00645	0.01702	0.00528	0.00616	0.00411	0.00352	0.00235	0.00117	0.00293	0.00205	0.00235	0.00411
9	0.00497	0.00373	0.00467	0.00523	0.00590	0.00346	0.00387	0.00611	0.01872	0.01058	0.08130	0.44216	0.22736	0.01069	0.00479	0.00149	0.00235	0.15582	0.00356	0.00326
10	0.01496	0.00685	0.00862	0.00675	0.00941	0.00647	0.00553	0.15546	0.03562	0.57267	0.05552	0.01318	0.01031	0.00482	0.00375	0.00115	0.00319	0.00389	0.07579	0.00606
11	0.00939	0.00901	0.01539	0.02328	0.84306	0.00901	0.01164	0.01164	0.00864	0.01239	0.00713	0.00939	0.00601	0.00338	0.00375	0.00113	0.00451	0.00338	0.00188	0.00601
12	0.89350	0.00733	0.00557	0.00499	0.00733	0.00851	0.00411	0.01115	0.00645	0.01702	0.00528	0.00616	0.00411	0.00352	0.00235	0.00117	0.00293	0.00205	0.00235	0.00411
13	0.01702	0.00645	0.00880	0.00675	0.00968	0.00557	0.00557	0.01848	0.01085	0.84568	0.01496	0.01291	0.00939	0.00469	0.00381	0.00117	0.00323	0.00381	0.00469	0.00645
14	0.89350	0.00733	0.00557	0.00499	0.00733	0.00851	0.00411	0.01115	0.00645	0.01702	0.00528	0.00616	0.00411	0.00352	0.00235	0.00117	0.00293	0.00205	0.00235	0.00411
15	0.00611	0.00437	0.00611	0.00698	0.00786	0.00437	0.00611	0.00786	0.00873	0.01135	0.02008	0.04278	0.02183	0.01048	0.00524	0.00175	0.00349	0.81753	0.00349	0.00349
16	0.00448	0.00384	0.00384	0.00384	0.00512	0.00320	0.00288	0.00544	0.00864	0.01025	0.03842	0.03650	0.84152	0.00960	0.00448	0.00128	0.00192	0.00800	0.00352	0.00320
17	0.00747	0.00435	0.00477	0.00448	0.00533	0.00478	0.00348	0.03670	0.00803	0.01387	0.01138	0.01327	0.00904	0.00469	0.00386	0.00099	0.10462	0.00350	0.75169	0.00371
18	0.00786	0.00674	0.00786	0.00562	0.00899	0.00506	0.00449	0.00955	0.00786	0.01236	0.00674	0.00786	0.00562	0.00281	0.00281	0.00056	0.00281	0.00225	0.00225	0.88990
19	0.01396	0.01775	0.01077	0.03424	0.01214	0.82716	0.00742	0.01499	0.01066	0.00929	0.00589	0.00693	0.00489	0.00390	0.00343	0.00099	0.00679	0.00247	0.00195	0.00439
20	0.00611	0.00437	0.00611	0.00698	0.00786	0.00437	0.00611	0.00786	0.00873	0.01135	0.02008	0.04278	0.02183	0.01048	0.00524	0.00175	0.00349	0.81753	0.00349	0.00349
21	0.01702	0.00645	0.00880	0.00675	0.00968	0.00557	0.00557	0.01848	0.01085	0.84568	0.01496	0.01291	0.00939	0.00469	0.00381	0.00117	0.00323	0.00381	0.00469	0.00645
22	0.00943	0.00815	0.00858	0.00772	0.00986	0.00943	0.00600	0.02015	0.83621	0.01586	0.01544	0.01415	0.01158	0.00515	0.00386	0.00129	0.00300	0.00429	0.00386	0.00600
23	0.00474	0.00338	0.00453	0.00541	0.00568	0.00318	0.00372	0.00548	0.00738	0.00981	0.02084	0.80036	0.02483	0.01177	0.00487	0.00156	0.00230	0.07352	0.00352	0.00311
24	0.00462	0.00330	0.00440	0.00528	0.00550	0.00308	0.00352	0.00528	0.00726	0.00968	0.02090	0.86424	0.02508	0.01188	0.00484	0.00154	0.00220	0.01078	0.00352	0.00308
25	0.84928	0.00750	0.00587	0.00518	0.00756	0.00867	0.00426	0.05236	0.00703	0.01736	0.00547	0.00631	0.00423	0.00357	0.00242	0.00117	0.00300	0.00212	0.00242	0.00423
26	0.02321	0.00377	0.00440	0.00442	0.00460	0.00385	0.00270	0.00587	0.00586	0.00816	0.02943	0.06560	0.01406	0.67539	0.10806	0.00366	0.00420	0.00553	0.02468	0.00255
27	0.00502	0.00372	0.00408	0.00414	0.00471	0.00343	0.00269	0.00553	0.00712	0.00901	0.05492	0.10331	0.34653	0.41627	0.01154	0.00244	0.00277	0.00702	0.00297	0.00278
28	0.05744	0.00421	0.00513	0.00480	0.00591	0.00394	0.00362	0.00789	0.00995	0.07107	0.57599	0.06240	0.12229	0.02475	0.00458	0.00126	0.00202	0.00657	0.02245	0.00371
29	0.00936	0.00801	0.00842	0.00759	0.00970	0.00926	0.00590	0.01981	0.81143	0.01581	0.01534	0.01415	0.01152	0.00512	0.00382	0.00127	0.00296	0.00427	0.03030	0.00593
30	0.01014	0.86900	0.01987	0.00649	0.00973	0.01501	0.00649	0.01136	0.00771	0.00892	0.00527	0.00608	0.00487	0.00324	0.00243	0.00081	0.00406	0.00203	0.00162	0.00487
31	0.01140	0.00502	0.00681	0.00608	0.00779	0.00444	0.00464	0.01250	0.00923	0.46661	0.01766	0.39894	0.01651	0.00795	0.00428	0.00134	0.00276	0.00697	0.00416	0.00492
32	0.00815	0.00685	0.00807	0.00598	0.02267	0.00526	0.00468	0.02530	0.00811	0.02531	0.00692	0.00799	0.00570	0.00288	0.00286	0.00059	0.00287	0.00231	0.00231	0.84520
33	0.00484	0.00383	0.00435	0.00428	0.00536	0.00334	0.00319	0.00610	0.00939	0.01216	0.35149	0.07705	0.48316	0.00900	0.00450	0.00126	0.00188	0.00770	0.00378	0.00334
34	0.01169	0.01138	0.18413	0.01017	0.08823	0.02085	0.01822	0.28750	0.17359	0.12037	0.01026	0.01033	0.00737	0.00440	0.00396	0.00119	0.02360	0.00350	0.00319	0.00605
35	0.01229	0.00837	0.00965	0.01888	0.01059	0.01899	0.01603	0.31374	0.05524	0.18529	0.00973	0.00971	0.00698	0.00399	0.00347	0.00096	0.00353	0.00314	0.00338	0.30604
36	0.07287	0.03617	0.01135	0.03414	0.11707	0.07991	0.03797	0.37345	0.05906	0.04496	0.00944	0.02140	0.02736	0.01368	0.00380	0.00114	0.00421	0.00348	0.00304	0.04549
37	0.06881	0.00667	0.00852	0.00673	0.00950	0.00619	0.00551	0.01807	0.11108	0.68185	0.02716	0.01289	0.00974	0.00473	0.00374	0.00119	0.00316	0.00381	0.00444	0.00621
38	0.00496	0.00341	0.00450	0.00525	0.00560	0.00316	0.00355	0.00565	0.00743	0.03283	0.02157	0.80157	0.06324	0.01158	0.00480	0.00152	0.00222	0.01046	0.00355	0.00318
39	0.06158	0.04067	0.01745	0.04204	0.14187	0.07976	0.43490	0.06693	0.03223	0.01286	0.00763	0.02002	0.00601	0.00362	0.00410	0.00121	0.01599	0.00386	0.00212	0.00517
40	0.01136	0.01033	0.01341	0.05186	0.23100	0.10494	0.12061	0.29092	0.03938	0.02551	0.03233	0.02150	0.00729	0.00414	0.00386	0.00115	0.00474	0.00365	0.00273	0.01929
41	0.00613	0.00433	0.00514	0.00524	0.00648	0.00395	0.00422	0.02990	0.00902	0.06812	0.04094	0.09051	0.44601	0.00952	0.00467	0.00143	0.00257	0.25460	0.00361	0.00360
42	0.00466	0.00333	0.00444	0.00525	0.00551	0.00311	0.00352	0.00538	0.00745	0.00998	0.06508	0.81921	0.02566	0.01166	0.00482	0.00152	0.00218	0.01057	0.00356	0.00311
43	0.00983	0.00875	0.01306	0.14974	0.36760	0.00942	0.04953	0.16345	0.13426	0.01450	0.00897	0.02808	0.00715	0.00413	0.00394	0.00120	0.01444	0.00373	0.00253	0.00568
44	0.06369	0.00604	0.02425	0.00711	0.02832	0.00682	0.00546	0.07143	0.00718	0.05090	0.00925	0.01429	0.00875	0.18783	0.32834	0.00362	0.16660	0.00399	0.00229	0.00385
45	0.01652	0.00725	0.00930	0.00713	0.01008	0.00676	0.00589	0.17434	0.01219	0.68794	0.01384	0.01218	0.00882	0.00467	0.00381	0.00117	0.00341	0.00374	0.00452	0.00645
46	0.06086	0.00558	0.00641	0.00583	0.00731	0.00585	0.00449	0.01214	0.27497	0.05762	0.48421	0.02167	0.02478	0.00651	0.00411	0.00122	0.00232	0.00559	0.00399	0.00453
47	0.01070	0.54575	0.09745	0.00766	0.01088	0.11889	0.01808	0.05649	0.06627	0.02697	0.00663	0.00727	0.00551	0.00359	0.00290	0.00093	0.00450	0.00245	0.00200	0.00508
48	0.00736	0.00695	0.01167	0.77025	0.08316	0.00857	0.01054	0.00981	0.00760	0.00986	0.00671	0.01000	0.00512	0.00386	0.00408	0.00127	0.03379	0.00337	0.00170	0.00434
49	0.01442	0.01062	0.01138	0.00873	0.01176	0.01176	0.00721	0.83041	0.01783	0.02390	0.00911	0.00911	0.00645	0.00455	0.00379	0.00114	0.00417	0.00341	0.00379	0.00645
50	0.00552	0.00368	0.00414	0.00414	0.00414	0.00368	0.00230	0.00552	0.00552	0.00735	0.01195	0.02482	0.01379	0.86672	0.01930	0.00368	0.00368	0.00552	0.00230	0.00230
51	0.01417	0.01808	0.01075	0.00977	0.01172	0.85149	0.00733	0.01514	0.01075	0.00928	0.00586	0.00684	0.00489	0.00391	0.00342	0.00098	0.00684	0.00244	0.00195	0.00440
52	0.00955	0.00559	0.00591	0.00509	0.00666	0.00585	0.00402	0.22957	0.01075	0.05959	0.01163	0.01273	0.00883	0.00447	0.00302	0.00097	0.00249	0.00352	0.60532	0.00447
53	0.00448	0.00384	0.00384	0.00384	0.00512	0.00320	0.00288	0.00544	0.00864	0.01025	0.03842	0.03650	0.84152	0.00960	0.00448	0.00128	0.00192	0.00800	0.00352	0.00320
54	0.01400	0.01042	0.01115	0.00864	0.01160	0.01157	0.00711	0.76315	0.08577	0.02323	0.00963	0.00952	0.00688	0.00460	0.00380	0.00115	0.00408	0.00349	0.00380	0.00641
55	0.00537	0.00388	0.00507	0.00477	0.00567	0.00358	0.00358	0.00716	0.01074	0.01521	0.84106	0.02833	0.03578	0.00775	0.00447	0.00119	0.00179	0.00686	0.00417	0.00358
56	0.01014	0.86900	0.01987	0.00649	0.00973	0.01501	0.00649	0.01136	0.00771	0.00892	0.00527	0.00608	0.00487	0.00324	0.00243	0.00081	0.00406	0.00203	0.00162	0.00487
57	0.87598	0.00735	0.00563	0.00504	0.00738	0.00853	0.00414	0.01133	0.02290	0.01699	0.00548	0.00632	0.00426	0.00355	0.00238	0.00118	0.00294	0.00210	0.00238	0.00414
58	0.01014	0.86900	0.01987	0.00649	0.00973	0.01501	0.00649	0.01136	0.00771	0.00892	0.00527	0.00608	0.00487	0.00324	0.00243	0.00081	0.00406	0.00203	0.00162	0.00487
59	0.00645	0.00471	0.00630	0.00699	0.00798	0.00483	0.00603	0.00905	0.08764	0.01184	0.01949	0.03949	0.02061	0.00985	0.00506	0.00169	0.00341	0.72403	0.02083	0.00373
60	0.01442	0.01062	0.01138	0.00873	0.01176	0.01176	0.00721	0.83041	0.01783	0.02390	0.00911	0.00911	0.00645	0.00455	0.00379	0.00114	0.00417	0.00341	0.00379	0.00645
61	0.00943	0.00815	0.00858	0.00772	0.00986	0.00943	0.00600	0.02015	0.83621	0.01586	0.01544	0.01415	0.01158	0.00515	0.00386	0.00129	0.00300	0.00429	0.00386	0.00600
62	0.01417	0.01808	0.01075	0.00977	0.01172	0.85149	0.00733	0.01514	0.01075	0.00928	0.00586	0.00684	0.00489	0.00391	0.00342	0.00098	0.00684	0.00244	0.00195	0.00440
63	0.01014	0.86900	0.01987	0.00649	0.00973	0.01501	0.00649	0.01136	0.00771	0.00892	0.00527	0.00608	0.00487	0.00324	0.00243	0.00081	0.00406	0.00203	0.00162	0.00487
64	0.00943	0.00815	0.00858	0.00772	0.00986	0.00943	0.00600	0.02015	0.83621	0.01586	0.01544	0.01415	0.01158	0.00515	0.00386	0.00129	0.00300	0.00429	0.00386	0.00600
65	0.00452	0.00382	0.00391	0.00394	0.00516	0.00321	0.00293	0.00549	0.00864	0.01037	0.06158	0.07647	0.77775	0.00966	0.00450	0.00129	0.00193	0.00810	0.00354	0.00321
66	0.00868	0.00532	0.00605	0.00546	0.00684	0.02565	0.00421	0.10409	0.03815	0.11944	0.18059	0.10006	0.02593	0.00784	0.07047	0.00151	0.00310	0.00503	0.27728	0.00429
67	0.01134	0.00555	0.00745	0.00683	0.00870	0.00522	0.00576	0.05409	0.01007	0.38077	0.01706	0.04775	0.01528	0.00748	0.00445	0.00143	0.00333	0.37293	0.02956	0.00494
68	0.00472	0.00360	0.00436	0.00488	0.00556	0.00325	0.00350	0.00562	0.00801	0.01025	0.06186	0.47083	0.31482	0.01079	0.00473	0.00145	0.00219	0.07286	0.00355	0.00318
69	0.01670	0.00695	0.00911	0.00698	0.00993	0.00631	0.00577	0.11564	0.01169	0.74735	0.01426	0.01245	0.00904	0.00468	0.00381	0.00117	0.00334	0.00377	0.00459	0.00645
70	0.01417	0.01787	0.01077	0.00974	0.01173	0.82804	0.00732	0.03791	0.01095	0.00969	0.00595	0.00690	0.00493	0.00393	0.00343	0.00098	0.00676	0.00247	0.00201	0.00445
71	0.89350	0.00733	0.00557	0.00499	0.00733	0.00851	0.00411	0.01115	0.00645	0.01702	0.00528	0.00616	0.00411	0.00352	0.00235	0.00117	0.00293	0.00205	0.00235	0.00411
72	0.01623	0.00699	0.04062	0.00709	0.01011	0.00576	0.02627	0.01786	0.01070	0.77718	0.03085	0.01296	0.00965	0.00468	0.00384	0.00118	0.00337	0.00385	0.00450	0.00633
73	0.01163	0.00565	0.00719	0.00590	0.00801	0.00512	0.00473	0.07481	0.01102	0.42191	0.25535	0.02052	0.13916	0.00628	0.00410	0.00119	0.00269	0.00527	0.00430	0.00515
74	0.45598	0.21412	0.14699	0.00675	0.01956	0.04415	0.00652	0.01148	0.00730	0.02725	0.00613	0.02824	0.00507	0.00371	0.00272	0.00109	0.00380	0.00245	0.00210	0.00458

[dist]
# distance from previous block
# <min> <max>
1	5

[block]
# block no. 7 follows, 72 sequences, length 6
# corresponding to MSA columns:
# 369-374
name=unknown_H
#
# <colnr> <probs for GDERKNQSTAVLIFYWHMCP>
#	G	D	E	R	K	N	Q	S	T	A	V	L	I	F	Y	W	H	M	C	P
0	0.01106	0.12055	0.21508	0.01031	0.06720	0.02807	0.06526	0.05140	0.05000	0.08720	0.00956	0.01125	0.00765	0.02639	0.00442	0.00133	0.00476	0.00348	0.00284	0.22218
