[name]
unknown

[dist]
# distance from previous block
# <min> <max>
17	266

[block]
# block no. 0 follows, 69 sequences, length 19
# corresponding to MSA columns:
# 337-355
name=unknown_A
#
# <colnr> <probs for GDERKNQSTAVLIFYWHMCP>
#	G	D	E	R	K	N	Q	S	T	A	V	L	I	F	Y	W	H	M	C	P
0	0.00777	0.00734	0.01251	0.47154	0.18428	0.00836	0.07273	0.01002	0.00796	0.01060	0.00889	0.01216	0.04501	0.02557	0.04683	0.02211	0.03591	0.00388	0.00192	0.00459
1	0.00898	0.18339	0.01299	0.45958	0.01912	0.11000	0.02214	0.02911	0.00854	0.01029	0.04779	0.01019	0.00687	0.00454	0.00423	0.04764	0.00497	0.00328	0.00194	0.00441
2	0.00868	0.07843	0.00885	0.08014	0.02010	0.04808	0.00580	0.15722	0.05855	0.02928	0.22563	0.10580	0.06951	0.03026	0.00466	0.00134	0.00339	0.05628	0.00344	0.00456
3	0.02422	0.09329	0.32922	0.02655	0.03748	0.05796	0.18987	0.07210	0.09659	0.01332	0.00811	0.00933	0.00609	0.00389	0.00394	0.00122	0.01563	0.00341	0.00218	0.00559
4	0.01036	0.46755	0.05992	0.02444	0.10649	0.06316	0.00771	0.03656	0.12421	0.01147	0.00749	0.00826	0.00623	0.00373	0.00309	0.00098	0.00431	0.00273	0.00215	0.04916
5	0.23702	0.11221	0.02797	0.04717	0.01092	0.03237	0.00655	0.35051	0.01211	0.01811	0.00899	0.06453	0.00770	0.00497	0.00350	0.00120	0.00395	0.04187	0.00304	0.00530
6	0.00863	0.00731	0.00823	0.00840	0.07662	0.10272	0.00586	0.10094	0.04732	0.03641	0.01087	0.08086	0.01028	0.10954	0.32026	0.02430	0.03007	0.00455	0.00259	0.00425
7	0.00548	0.00383	0.00462	0.00466	0.00503	0.00370	0.00301	0.00617	0.00761	0.01036	0.24335	0.13773	0.06205	0.44681	0.03673	0.00275	0.00316	0.00689	0.00314	0.00293
8	0.05658	0.05147	0.01004	0.02716	0.07515	0.35307	0.03400	0.02630	0.00933	0.01092	0.01075	0.24331	0.01110	0.00630	0.00413	0.00122	0.02712	0.00511	0.03262	0.00433
9	0.04911	0.00527	0.04958	0.00576	0.00713	0.00437	0.00458	0.00904	0.00912	0.15851	0.24339	0.30702	0.07200	0.00886	0.00499	0.04344	0.00260	0.00736	0.00379	0.00407
10	0.02176	0.17150	0.08184	0.04607	0.08800	0.02261	0.00748	0.14784	0.17852	0.05396	0.06811	0.01290	0.03239	0.04501	0.00445	0.00128	0.00396	0.00385	0.00298	0.00548
11	0.09947	0.00970	0.01507	0.01113	0.01448	0.02984	0.34189	0.19073	0.01090	0.06054	0.00814	0.00951	0.00607	0.00377	0.00410	0.00115	0.02581	0.00363	0.00266	0.15139
12	0.00563	0.00409	0.00482	0.00506	0.00563	0.00392	0.00344	0.04874	0.00795	0.01036	0.03768	0.36032	0.17889	0.26309	0.00931	0.00217	0.00282	0.03960	0.00329	0.00318
13	0.00610	0.00496	0.04897	0.00553	0.00651	0.00417	0.00422	0.04737	0.00866	0.03611	0.11515	0.42870	0.12471	0.09103	0.00608	0.00164	0.00263	0.00842	0.04542	0.00362
14	0.01828	0.03271	0.08541	0.14440	0.17156	0.04008	0.05114	0.05478	0.00891	0.01261	0.00782	0.04940	0.00665	0.00392	0.00368	0.00103	0.01303	0.00340	0.00220	0.28898
15	0.00577	0.00413	0.00521	0.00534	0.00611	0.00392	0.00385	0.00680	0.00857	0.05025	0.18335	0.41258	0.19012	0.02988	0.00550	0.00149	0.04474	0.00875	0.00368	0.01993
16	0.01967	0.00450	0.00583	0.00580	0.00689	0.00414	0.00423	0.03106	0.00894	0.18742	0.07913	0.52137	0.06068	0.00982	0.00465	0.00145	0.00255	0.02235	0.00392	0.01560
17	0.15667	0.00839	0.07162	0.02958	0.12273	0.01962	0.10508	0.05237	0.02051	0.14097	0.07416	0.04022	0.13099	0.00536	0.00392	0.00125	0.00385	0.00461	0.00305	0.00507
18	0.00843	0.00697	0.01888	0.06181	0.10400	0.03525	0.08241	0.06640	0.06249	0.07150	0.14321	0.21909	0.02873	0.01651	0.04199	0.00158	0.01670	0.00619	0.00322	0.00466

[dist]
# distance from previous block
# <min> <max>
6	93

[block]
# block no. 1 follows, 69 sequences, length 38
# corresponding to MSA columns:
# 465-502
name=unknown_B
#
# <colnr> <probs for GDERKNQSTAVLIFYWHMCP>
#	G	D	E	R	K	N	Q	S	T	A	V	L	I	F	Y	W	H	M	C	P
0	0.15665	0.06961	0.00826	0.00690	0.02957	0.06828	0.00533	0.02102	0.03927	0.01340	0.25920	0.06190	0.10045	0.00662	0.00526	0.00129	0.13467	0.00508	0.00305	0.00417
1	0.13465	0.23769	0.25571	0.00920	0.04877	0.08847	0.02227	0.05049	0.03562	0.07279	0.00735	0.00810	0.00561	0.00381	0.00326	0.00111	0.00473	0.00275	0.00223	0.00539
2	0.02508	0.00890	0.03600	0.07380	0.02264	0.12122	0.00658	0.06690	0.25564	0.01377	0.09994	0.03721	0.02882	0.00830	0.10123	0.00182	0.01859	0.02692	0.00309	0.04356
3	0.15725	0.41270	0.05998	0.02121	0.01938	0.04551	0.01403	0.06017	0.02634	0.03161	0.01438	0.01084	0.03493	0.00435	0.00310	0.00106	0.00406	0.05496	0.00230	0.02185
4	0.02276	0.13669	0.13965	0.07131	0.12637	0.03267	0.06823	0.07698	0.00951	0.09070	0.05883	0.05757	0.00933	0.01325	0.03652	0.00141	0.01654	0.01139	0.00255	0.01773
5	0.00961	0.07360	0.04629	0.02118	0.03954	0.10591	0.09757	0.15542	0.01026	0.04216	0.03411	0.14996	0.04504	0.05072	0.09895	0.00193	0.00511	0.00512	0.00282	0.00471
6	0.30322	0.08554	0.05906	0.15322	0.04712	0.04118	0.17509	0.02962	0.00811	0.01351	0.00673	0.00867	0.00529	0.00482	0.04244	0.00144	0.00499	0.00311	0.00209	0.00474
7	0.33647	0.08783	0.11377	0.03500	0.03203	0.07001	0.02933	0.07490	0.05456	0.05391	0.05558	0.00992	0.02326	0.00425	0.00326	0.00118	0.00402	0.00312	0.00263	0.00497
8	0.06185	0.00830	0.08225	0.08099	0.25570	0.00774	0.00820	0.01205	0.17785	0.01306	0.04358	0.10669	0.08957	0.00639	0.02753	0.00143	0.00393	0.00499	0.00279	0.00513
9	0.00677	0.00343	0.00515	0.00515	0.00518	0.00346	0.00346	0.00518	0.00515	0.00689	0.00694	0.01204	0.00692	0.01420	0.04579	0.85370	0.00366	0.00343	0.00172	0.00177
10	0.00492	0.00407	0.00432	0.00429	0.00553	0.00354	0.00321	0.00630	0.03182	0.01149	0.15788	0.07381	0.65590	0.00962	0.00463	0.00132	0.00201	0.00812	0.00375	0.00344
11	0.02662	0.00893	0.03257	0.00757	0.01058	0.00876	0.00625	0.26843	0.23016	0.01753	0.01045	0.01116	0.00809	0.00435	0.00359	0.00103	0.00350	0.02401	0.00328	0.31313
12	0.09764	0.03115	0.07029	0.11726	0.07168	0.03973	0.01689	0.01958	0.00770	0.02346	0.03149	0.13241	0.03748	0.07863	0.19290	0.00261	0.01765	0.00490	0.00243	0.00413
13	0.03625	0.36815	0.23557	0.02534	0.03272	0.05786	0.05418	0.07078	0.02426	0.03487	0.02251	0.00826	0.00605	0.00377	0.00327	0.00106	0.00483	0.00282	0.00208	0.00537
14	0.00921	0.02967	0.01367	0.21438	0.47588	0.04022	0.01055	0.02811	0.06057	0.01231	0.00915	0.01202	0.03009	0.00419	0.00393	0.00122	0.00465	0.03249	0.00217	0.00552
15	0.08383	0.00678	0.00835	0.00675	0.00937	0.00649	0.00551	0.05519	0.10192	0.53746	0.04786	0.01428	0.01085	0.00507	0.00381	0.00122	0.00318	0.02464	0.06142	0.00603
16	0.00710	0.00610	0.04424	0.05872	0.04158	0.02736	0.04922	0.00844	0.00866	0.05337	0.24624	0.12368	0.08255	0.07173	0.02719	0.08023	0.05064	0.00602	0.00308	0.00385
17	0.02707	0.08142	0.34294	0.04353	0.05296	0.03221	0.15142	0.08812	0.02106	0.08848	0.00808	0.00926	0.00589	0.00392	0.00405	0.00122	0.02708	0.00335	0.00229	0.00567
18	0.00486	0.00356	0.00456	0.00523	0.00566	0.00328	0.00358	0.00570	0.00800	0.01058	0.09589	0.65410	0.13140	0.02547	0.00517	0.00156	0.00224	0.02224	0.00368	0.00324
19	0.00976	0.00538	0.00663	0.00605	0.00756	0.00521	0.00464	0.09647	0.04042	0.22188	0.04199	0.23306	0.08000	0.03205	0.00533	0.05043	0.00289	0.05431	0.09140	0.00454
20	0.00933	0.15585	0.09461	0.02933	0.22992	0.04436	0.12110	0.04719	0.00913	0.03379	0.03647	0.12103	0.00975	0.00508	0.00410	0.00122	0.02092	0.01925	0.00236	0.00521
21	0.00778	0.03964	0.06522	0.06984	0.17746	0.00733	0.12381	0.05070	0.02475	0.01266	0.09782	0.17501	0.05929	0.00660	0.00437	0.00134	0.00403	0.06481	0.00282	0.00473
22	0.03034	0.00401	0.00497	0.00533	0.00575	0.01342	0.00363	0.00644	0.00701	0.02464	0.03079	0.41960	0.01886	0.22657	0.15763	0.00293	0.00419	0.00784	0.02288	0.00317
23	0.20846	0.19464	0.03635	0.05877	0.06119	0.18427	0.03462	0.12681	0.00985	0.01383	0.00661	0.01550	0.00540	0.00397	0.00344	0.00111	0.02511	0.00278	0.00228	0.00501
24	0.00547	0.00428	0.02350	0.00484	0.00589	0.00361	0.00367	0.00648	0.00880	0.03298	0.19156	0.18687	0.38588	0.03345	0.00583	0.06208	0.00232	0.02553	0.00359	0.00338
25	0.08391	0.08134	0.02386	0.00817	0.02479	0.00738	0.11688	0.03061	0.02340	0.03399	0.01093	0.14818	0.01068	0.04457	0.28380	0.00306	0.05284	0.00497	0.00246	0.00420
26	0.08306	0.38884	0.19809	0.01703	0.01227	0.03393	0.07016	0.01182	0.00801	0.02951	0.00652	0.01506	0.00545	0.00442	0.02389	0.00120	0.05845	0.00275	0.00188	0.02765
27	0.00819	0.07951	0.07999	0.00661	0.02675	0.00574	0.00546	0.02171	0.01948	0.14938	0.06782	0.26581	0.13066	0.04199	0.03714	0.00161	0.00336	0.02349	0.00338	0.02193
28	0.00625	0.00441	0.00523	0.00526	0.00588	0.00442	0.00357	0.02280	0.08756	0.03133	0.10953	0.24509	0.06418	0.33866	0.03316	0.00248	0.00319	0.02034	0.00326	0.00340
29	0.05458	0.04188	0.07732	0.04957	0.34668	0.04138	0.17879	0.03060	0.02218	0.06010	0.00822	0.02400	0.00665	0.00397	0.00416	0.00123	0.02664	0.01420	0.00223	0.00561
30	0.06568	0.15984	0.08743	0.02229	0.11736	0.03671	0.03736	0.07608	0.02745	0.09177	0.02655	0.00921	0.00679	0.00374	0.00334	0.00099	0.00406	0.00298	0.00252	0.21784
31	0.02601	0.07379	0.06053	0.02655	0.01827	0.01578	0.01974	0.00805	0.00841	0.05841	0.13102	0.40797	0.07711	0.04383	0.00508	0.00148	0.00295	0.00780	0.00332	0.00389
32	0.05113	0.00518	0.03780	0.00525	0.00583	0.03251	0.00365	0.00697	0.02680	0.00935	0.01471	0.22963	0.03190	0.48503	0.01309	0.00277	0.00352	0.02913	0.00275	0.00302
33	0.08708	0.17588	0.09645	0.00778	0.01017	0.11760	0.04893	0.05880	0.03192	0.02011	0.01166	0.24031	0.02714	0.00629	0.00387	0.00122	0.01317	0.01180	0.00263	0.02716
34	0.04999	0.03143	0.05106	0.02352	0.07193	0.04928	0.03498	0.08182	0.11495	0.03757	0.10545	0.03054	0.09771	0.11473	0.04983	0.00181	0.00407	0.01907	0.00303	0.02723
35	0.03852	0.30945	0.10982	0.00840	0.04306	0.12467	0.02604	0.06762	0.00929	0.05311	0.02465	0.04038	0.04053	0.03653	0.02755	0.00129	0.00470	0.00341	0.00233	0.02863
36	0.07888	0.00961	0.13718	0.00863	0.05302	0.06162	0.04566	0.08852	0.02500	0.04632	0.23645	0.03238	0.03005	0.00549	0.00433	0.00120	0.04041	0.01496	0.00304	0.07725
37	0.08109	0.15376	0.07057	0.04694	0.06764	0.05806	0.00757	0.06545	0.04711	0.09548	0.06322	0.01095	0.02842	0.00488	0.00514	0.00122	0.15453	0.00345	0.00260	0.03194

[dist]
# distance from previous block
# <min> <max>
17	200

[block]
# block no. 2 follows, 69 sequences, length 7
# corresponding to MSA columns:
# 786-792
name=unknown_C
#
# <colnr> <probs for GDERKNQSTAVLIFYWHMCP>
#	G	D	E	R	K	N	Q	S	T	A	V	L	I	F	Y	W	H	M	C	P
0	0.03178	0.00860	0.03002	0.07380	0.04145	0.06301	0.09557	0.09774	0.05313	0.03053	0.03650	0.06299	0.00971	0.00504	0.00421	0.00114	0.03689	0.06965	0.00273	0.24550
1	0.00826	0.04379	0.01214	0.15449	0.10148	0.03015	0.13634	0.01056	0.04874	0.03243	0.02175	0.03229	0.00878	0.09561	0.11462	0.00218	0.07722	0.02388	0.00226	0.04303
2	0.01362	0.00759	0.00902	0.00727	0.01003	0.00755	0.00587	0.10577	0.26366	0.39069	0.01407	0.01287	0.00972	0.00479	0.00381	0.00117	0.00327	0.00389	0.03669	0.08863
3	0.00724	0.03597	0.02009	0.02287	0.12018	0.00593	0.05443	0.04354	0.03796	0.03283	0.04827	0.38175	0.02821	0.05914	0.03024	0.00164	0.00351	0.00717	0.00307	0.05597
4	0.01064	0.05867	0.09488	0.01117	0.17294	0.05759	0.04042	0.07408	0.00970	0.12342	0.03038	0.02373	0.00744	0.00403	0.00391	0.00103	0.03399	0.00332	0.00262	0.23604
5	0.04462	0.00668	0.00767	0.00586	0.00877	0.00556	0.00463	0.04700	0.03295	0.06719	0.03425	0.04552	0.05721	0.03495	0.00388	0.00091	0.00293	0.00350	0.00280	0.58312
6	0.00824	0.07749	0.00825	0.02863	0.02864	0.00673	0.00511	0.16589	0.03039	0.03030	0.08607	0.28290	0.07794	0.03507	0.00465	0.00133	0.00304	0.00647	0.02662	0.08624

[dist]
# distance from previous block
# <min> <max>
1	12

[block]
# block no. 3 follows, 69 sequences, length 16
# corresponding to MSA columns:
# 807-822
name=unknown_D
#
# <colnr> <probs for GDERKNQSTAVLIFYWHMCP>
#	G	D	E	R	K	N	Q	S	T	A	V	L	I	F	Y	W	H	M	C	P
0	0.02638	0.08980	0.20322	0.03098	0.01190	0.13645	0.07321	0.02417	0.03139	0.02308	0.06271	0.14664	0.08217	0.00604	0.00430	0.00126	0.03409	0.00501	0.00255	0.00465
1	0.00820	0.05549	0.05298	0.17675	0.04666	0.05100	0.04659	0.00987	0.00847	0.09059	0.09288	0.09949	0.06883	0.12697	0.04681	0.00186	0.00437	0.00520	0.00274	0.00426
2	0.01929	0.06510	0.28100	0.00891	0.01209	0.13445	0.03797	0.07544	0.02425	0.05245	0.09495	0.09782	0.02347	0.00567	0.00400	0.00125	0.00468	0.04949	0.00271	0.00501
3	0.01037	0.08742	0.12769	0.04218	0.31025	0.03528	0.08989	0.02342	0.02860	0.10346	0.00804	0.00963	0.00626	0.00409	0.00477	0.00123	0.09602	0.00343	0.00225	0.00570
4	0.00929	0.00640	0.00734	0.00650	0.00819	0.00652	0.00501	0.28713	0.01209	0.08036	0.09213	0.29390	0.15228	0.00834	0.00446	0.00134	0.00297	0.00715	0.00389	0.00471
5	0.00890	0.01222	0.25538	0.11793	0.50383	0.00918	0.01261	0.01191	0.00861	0.01237	0.00723	0.00938	0.00573	0.00361	0.00384	0.00120	0.00505	0.00332	0.00183	0.00587
6	0.05039	0.09296	0.12761	0.02882	0.01096	0.01808	0.05641	0.08180	0.08333	0.08951	0.11479	0.12710	0.01408	0.00620	0.00433	0.00130	0.02986	0.05437	0.00313	0.00497
7	0.00674	0.00502	0.00705	0.02975	0.15378	0.00483	0.00516	0.00799	0.00858	0.05752	0.18121	0.18369	0.14882	0.14998	0.03080	0.00187	0.00319	0.00684	0.00324	0.00394
8	0.00508	0.00376	0.00465	0.00512	0.00568	0.00352	0.00361	0.00593	0.00786	0.01023	0.06799	0.40469	0.20878	0.12890	0.04356	0.00204	0.00287	0.07912	0.00343	0.00318
9	0.17952	0.00916	0.01286	0.01011	0.01292	0.00987	0.24353	0.14358	0.25414	0.01649	0.01046	0.01194	0.00810	0.00455	0.00414	0.00131	0.02597	0.03283	0.00302	0.00549
10	0.00947	0.08653	0.19670	0.14970	0.07597	0.01012	0.16171	0.10145	0.00942	0.03620	0.00790	0.01061	0.00628	0.00433	0.00480	0.00128	0.08672	0.03330	0.00217	0.00532
11	0.00495	0.00384	0.00450	0.00464	0.00556	0.00339	0.00336	0.00612	0.00922	0.01199	0.27475	0.24443	0.38930	0.00995	0.00472	0.00136	0.00202	0.00865	0.00384	0.00339
12	0.00547	0.00372	0.00439	0.00459	0.00469	0.00365	0.00275	0.00573	0.00640	0.00858	0.05492	0.22727	0.01819	0.61510	0.01559	0.00314	0.00334	0.00708	0.00278	0.00264
13	0.05042	0.00615	0.00800	0.01016	0.21006	0.04067	0.00591	0.03120	0.02087	0.01131	0.03898	0.28861	0.01606	0.19080	0.00771	0.00190	0.00355	0.05074	0.00286	0.00404
14	0.04096	0.04228	0.05128	0.06301	0.08977	0.06969	0.00718	0.20818	0.03561	0.01526	0.00836	0.04740	0.00694	0.00413	0.00349	0.00099	0.00404	0.00329	0.00267	0.29547
15	0.02956	0.34776	0.11674	0.00874	0.05327	0.15753	0.01979	0.01249	0.03371	0.04132	0.00820	0.00993	0.02728	0.02027	0.02481	0.00119	0.00487	0.02454	0.00212	0.05586

[dist]
# distance from previous block
# <min> <max>
6	76

[block]
# block no. 4 follows, 69 sequences, length 25
# corresponding to MSA columns:
# 906-930
name=unknown_E
#
# <colnr> <probs for GDERKNQSTAVLIFYWHMCP>
#	G	D	E	R	K	N	Q	S	T	A	V	L	I	F	Y	W	H	M	C	P
0	0.01927	0.03278	0.06557	0.02150	0.03937	0.11519	0.02793	0.04696	0.12465	0.04784	0.15743	0.09001	0.03439	0.02140	0.04137	0.00143	0.00407	0.00483	0.00309	0.10092
1	0.10365	0.08142	0.13483	0.05071	0.08811	0.07304	0.03326	0.09263	0.03605	0.06443	0.02620	0.02773	0.03523	0.00453	0.00386	0.00115	0.02857	0.02064	0.00257	0.09139
2	0.00692	0.02734	0.02970	0.00583	0.00707	0.01665	0.00449	0.05597	0.05392	0.06387	0.10664	0.37860	0.18339	0.00949	0.00474	0.01407	0.00266	0.02101	0.00366	0.00398
3	0.01075	0.06420	0.02740	0.00879	0.04117	0.41617	0.03180	0.01204	0.00994	0.02588	0.06277	0.07423	0.13396	0.00586	0.00402	0.00115	0.01793	0.02042	0.02718	0.00435
4	0.00588	0.00446	0.00554	0.00608	0.03912	0.00436	0.00409	0.03036	0.07254	0.01131	0.09617	0.38030	0.17576	0.07436	0.02637	0.04526	0.00276	0.00823	0.00344	0.00358
5	0.01138	0.68206	0.01851	0.00744	0.01051	0.19481	0.00690	0.01258	0.00864	0.00930	0.00558	0.00646	0.00504	0.00350	0.00274	0.00088	0.00481	0.00219	0.00175	0.00493
6	0.00559	0.00466	0.03551	0.00487	0.00619	0.00382	0.00388	0.00706	0.00963	0.04063	0.33778	0.07002	0.39994	0.00977	0.04173	0.00151	0.00251	0.00743	0.00380	0.00367
7	0.00922	0.00765	0.00931	0.00721	0.04125	0.00637	0.02847	0.11026	0.00951	0.02848	0.00746	0.00851	0.00600	0.00319	0.00313	0.00071	0.00326	0.00261	0.00254	0.70487
8	0.00508	0.00383	0.00444	0.00467	0.00553	0.00339	0.00331	0.00605	0.00864	0.02488	0.14373	0.30824	0.39870	0.05440	0.00554	0.00153	0.00218	0.00885	0.00369	0.00333
9	0.01048	0.86458	0.02054	0.00671	0.01006	0.01551	0.00671	0.01174	0.00797	0.00922	0.00545	0.00629	0.00503	0.00335	0.00252	0.00084	0.00419	0.00210	0.00168	0.00503
10	0.00930	0.24736	0.35405	0.00966	0.01391	0.01058	0.10305	0.07487	0.00916	0.03004	0.00880	0.02677	0.04245	0.00409	0.00355	0.00112	0.00493	0.00333	0.00210	0.04089
11	0.00869	0.00849	0.02784	0.05523	0.10022	0.09414	0.02351	0.08190	0.00853	0.01137	0.01046	0.18982	0.01086	0.06256	0.03476	0.00175	0.24159	0.02138	0.00247	0.00440
12	0.84042	0.00793	0.00647	0.00565	0.00812	0.02748	0.03224	0.01165	0.00686	0.01724	0.00556	0.00653	0.00432	0.00364	0.00253	0.00121	0.00324	0.00222	0.00240	0.00429
13	0.01139	0.01331	0.01495	0.01386	0.14165	0.35190	0.20710	0.01314	0.00933	0.01078	0.00654	0.00862	0.00547	0.00432	0.00566	0.00125	0.17049	0.00336	0.00194	0.00493
14	0.01029	0.00880	0.00897	0.00803	0.01027	0.04649	0.00625	0.02053	0.76094	0.04988	0.01550	0.01424	0.01157	0.00524	0.00397	0.00131	0.00329	0.00433	0.00394	0.00615
15	0.01503	0.00717	0.00912	0.00693	0.01005	0.00633	0.00568	0.08926	0.03453	0.56071	0.01306	0.01187	0.00863	0.00442	0.00371	0.00107	0.00332	0.00356	0.00418	0.20135
16	0.00478	0.00341	0.00455	0.00546	0.00569	0.00318	0.00364	0.00546	0.00751	0.01001	0.02161	0.85966	0.02593	0.01228	0.00500	0.00159	0.00227	0.01114	0.00364	0.00318
17	0.00858	0.00858	0.01201	0.01029	0.01029	0.01201	0.00858	0.00943	0.00600	0.00943	0.00515	0.00858	0.00515	0.00686	0.01287	0.00172	0.85505	0.00343	0.00172	0.00429
18	0.00631	0.00355	0.00498	0.00505	0.00512	0.00358	0.00332	0.00541	0.00552	0.00742	0.00949	0.08517	0.01019	0.19381	0.07918	0.55922	0.00394	0.00459	0.00204	0.00210
19	0.01268	0.00566	0.00754	0.00646	0.00848	0.00510	0.00504	0.04959	0.01033	0.49151	0.06178	0.28730	0.01629	0.00742	0.00432	0.00133	0.00296	0.00642	0.00439	0.00538
20	0.01382	0.00746	0.00870	0.00698	0.00951	0.00757	0.00566	0.24388	0.10496	0.34724	0.01326	0.01265	0.00918	0.00480	0.00369	0.00115	0.00327	0.00382	0.18639	0.00599
21	0.01261	0.00907	0.00992	0.00817	0.01080	0.01001	0.00656	0.33920	0.38018	0.12044	0.04124	0.01290	0.01044	0.00511	0.00398	0.00125	0.00357	0.00410	0.00408	0.00636
22	0.00491	0.00370	0.00456	0.00512	0.00570	0.00339	0.00354	0.00598	0.02500	0.01077	0.09665	0.57854	0.21535	0.01122	0.00486	0.00149	0.00219	0.00999	0.00371	0.00332
23	0.23194	0.00690	0.00828	0.00653	0.00941	0.00651	0.00539	0.01724	0.01010	0.63828	0.01301	0.01163	0.00836	0.00455	0.00357	0.00121	0.00326	0.00350	0.00426	0.00608
24	0.01214	0.03240	0.01182	0.21269	0.08490	0.28366	0.00852	0.24501	0.01210	0.01450	0.02384	0.00934	0.00638	0.00423	0.00375	0.00114	0.00536	0.00323	0.01976	0.00522

[dist]
# distance from previous block
# <min> <max>
0	1

[block]
# block no. 5 follows, 69 sequences, length 8
# corresponding to MSA columns:
# 932-939
name=unknown_F
#
# <colnr> <probs for GDERKNQSTAVLIFYWHMCP>
#	G	D	E	R	K	N	Q	S	T	A	V	L	I	F	Y	W	H	M	C	P
0	0.03607	0.17607	0.06865	0.10160	0.03693	0.16086	0.02202	0.12666	0.05270	0.07633	0.03160	0.00960	0.00710	0.00481	0.02665	0.00123	0.00489	0.00314	0.00257	0.05054
1	0.00497	0.00359	0.00474	0.00553	0.00592	0.00336	0.00388	0.00585	0.00794	0.01053	0.06740	0.68477	0.07132	0.01177	0.00500	0.00158	0.00237	0.09256	0.00367	0.00326
2	0.00610	0.00461	0.00562	0.00530	0.00641	0.00447	0.00398	0.03398	0.09075	0.01510	0.58567	0.09219	0.11445	0.00817	0.00457	0.00128	0.00210	0.00715	0.00415	0.00396
3	0.04234	0.02597	0.02844	0.15540	0.37225	0.03382	0.07441	0.13252	0.02482	0.04325	0.00822	0.02640	0.00656	0.00400	0.00389	0.00121	0.00476	0.00365	0.00239	0.00571
4	0.03072	0.21761	0.14943	0.03719	0.02548	0.03863	0.11248	0.11307	0.00994	0.10528	0.00911	0.01000	0.02410	0.00410	0.00365	0.00112	0.01836	0.00331	0.08106	0.00536
5	0.00522	0.00378	0.00490	0.00544	0.00566	0.00376	0.00366	0.00585	0.00727	0.00978	0.05660	0.58040	0.02293	0.19465	0.00855	0.00206	0.03939	0.03368	0.00331	0.00309
6	0.00507	0.00399	0.00458	0.00443	0.00557	0.00350	0.00332	0.00648	0.00997	0.01306	0.42219	0.03367	0.45217	0.00901	0.00463	0.00128	0.00192	0.00770	0.00396	0.00350
7	0.08239	0.03505	0.18372	0.11526	0.23345	0.02465	0.03722	0.05584	0.02208	0.04145	0.05395	0.01257	0.00857	0.00453	0.00403	0.00126	0.02069	0.05560	0.00237	0.00534

[dist]
# distance from previous block
# <min> <max>
2	3

[block]
# block no. 6 follows, 69 sequences, length 25
# corresponding to MSA columns:
# 961-985
name=unknown_G
#
# <colnr> <probs for GDERKNQSTAVLIFYWHMCP>
#	G	D	E	R	K	N	Q	S	T	A	V	L	I	F	Y	W	H	M	C	P
0	0.01475	0.00842	0.00898	0.00725	0.00982	0.10166	0.00584	0.16213	0.04971	0.43210	0.03557	0.01259	0.00953	0.00481	0.00376	0.00115	0.00369	0.00378	0.11854	0.00594
1	0.01309	0.21384	0.02336	0.00867	0.01136	0.32706	0.00719	0.25820	0.03827	0.01442	0.01930	0.00906	0.03112	0.00435	0.00348	0.00105	0.00520	0.00302	0.00265	0.00532
2	0.00758	0.00670	0.00963	0.43514	0.01788	0.00698	0.00773	0.03411	0.00854	0.01180	0.06533	0.01260	0.05859	0.00425	0.00367	0.00106	0.00400	0.00364	0.00229	0.29848
3	0.00580	0.00464	0.00591	0.08827	0.04648	0.00463	0.00457	0.00761	0.06799	0.01095	0.06588	0.28067	0.25380	0.10096	0.00619	0.00165	0.00278	0.00770	0.02988	0.00365
4	0.00649	0.00579	0.00899	0.51783	0.01866	0.00666	0.00798	0.00847	0.00804	0.01036	0.04187	0.14764	0.13692	0.00683	0.02326	0.00144	0.00421	0.00551	0.00244	0.03060
5	0.80872	0.00763	0.00616	0.00539	0.00787	0.00871	0.00444	0.03756	0.00732	0.06845	0.00620	0.00689	0.00466	0.00375	0.00257	0.00121	0.00309	0.00228	0.00262	0.00447
6	0.01223	0.44541	0.01575	0.00822	0.01095	0.35005	0.00704	0.03506	0.06327	0.01024	0.00649	0.00723	0.00553	0.00379	0.00306	0.00095	0.00528	0.00246	0.00202	0.00495
7	0.01078	0.07808	0.01181	0.02989	0.21389	0.28628	0.00793	0.05076	0.04737	0.02062	0.03989	0.02582	0.04618	0.00689	0.07806	0.00159	0.02035	0.01647	0.00239	0.00497
8	0.01166	0.13775	0.06679	0.01009	0.09717	0.09160	0.04461	0.17410	0.07414	0.12181	0.01136	0.04666	0.02873	0.00511	0.00386	0.00120	0.00440	0.06033	0.00305	0.00558
9	0.88991	0.00758	0.00576	0.00516	0.00758	0.00879	0.00425	0.01152	0.00667	0.01759	0.00546	0.00637	0.00425	0.00364	0.00243	0.00121	0.00303	0.00212	0.00243	0.00425
10	0.00810	0.01832	0.68525	0.03148	0.03647	0.00922	0.13173	0.01237	0.00842	0.01239	0.00717	0.00869	0.00514	0.00366	0.00386	0.00125	0.00587	0.00317	0.00171	0.00570
11	0.01275	0.01001	0.01048	0.00854	0.01126	0.02765	0.00689	0.48015	0.33637	0.02098	0.01197	0.01150	0.00877	0.00493	0.00392	0.00123	0.00385	0.00387	0.01848	0.00639
12	0.03463	0.00650	0.00796	0.00605	0.00898	0.00541	0.00488	0.02511	0.00956	0.32311	0.05383	0.01170	0.00922	0.00408	0.00337	0.00090	0.00294	0.00330	0.07746	0.40100
13	0.00477	0.00344	0.00452	0.00538	0.00567	0.00319	0.00361	0.00547	0.00758	0.01004	0.02252	0.81812	0.06688	0.01216	0.00499	0.00158	0.00226	0.01100	0.00364	0.00319
14	0.00546	0.00422	0.00492	0.00471	0.00587	0.00381	0.00358	0.03152	0.01032	0.01364	0.44011	0.03280	0.38287	0.00883	0.00463	0.00129	0.00204	0.03177	0.00399	0.00362
15	0.05177	0.00872	0.01271	0.24602	0.30359	0.00952	0.00973	0.19193	0.01075	0.08388	0.00824	0.00997	0.00621	0.00408	0.00406	0.00123	0.02581	0.00347	0.00258	0.00570
16	0.02916	0.00704	0.00878	0.00696	0.00968	0.00672	0.00570	0.12801	0.07006	0.55447	0.02882	0.01365	0.01007	0.00497	0.00384	0.00120	0.00329	0.01611	0.08524	0.00622
17	0.00535	0.00411	0.00491	0.00469	0.00578	0.00372	0.00352	0.00715	0.03166	0.01400	0.54524	0.03176	0.30659	0.00859	0.00461	0.00127	0.00193	0.00742	0.00408	0.00363
18	0.00848	0.00783	0.01302	0.01494	0.32197	0.00802	0.14028	0.06755	0.02518	0.01263	0.01183	0.24617	0.01203	0.00642	0.00502	0.00137	0.06732	0.02226	0.00262	0.00506
19	0.00919	0.00628	0.00749	0.00637	0.00800	0.00655	0.00503	0.21699	0.03383	0.07885	0.44861	0.02070	0.02328	0.00658	0.00463	0.00122	0.04228	0.00548	0.06387	0.00476
20	0.00811	0.00674	0.00742	0.00677	0.00852	0.00743	0.00522	0.01564	0.51909	0.01588	0.28727	0.02062	0.06187	0.00644	0.00423	0.00130	0.00263	0.00550	0.00408	0.00523
21	0.01464	0.01868	0.01111	0.01010	0.01212	0.84648	0.00757	0.01565	0.01111	0.00959	0.00606	0.00707	0.00505	0.00404	0.00353	0.00101	0.00707	0.00252	0.00202	0.00454
22	0.03191	0.01323	0.01001	0.00863	0.01088	0.42962	0.00670	0.16752	0.02623	0.13822	0.00897	0.00952	0.00675	0.00552	0.04279	0.00132	0.00561	0.00311	0.06828	0.00517
23	0.00638	0.00469	0.00640	0.00666	0.01966	0.00507	0.00512	0.05406	0.00778	0.01063	0.01424	0.08820	0.01487	0.14291	0.36063	0.00392	0.01684	0.22557	0.00277	0.00357
24	0.00925	0.45546	0.34762	0.00895	0.03548	0.01227	0.00986	0.01212	0.02961	0.01098	0.03167	0.00809	0.00619	0.00370	0.00314	0.00103	0.00475	0.00267	0.00182	0.00536

[dist]
# distance from previous block
# <min> <max>
0	35

[block]
# block no. 7 follows, 69 sequences, length 8
# corresponding to MSA columns:
# 1021-1028
name=unknown_H
#
# <colnr> <probs for GDERKNQSTAVLIFYWHMCP>
#	G	D	E	R	K	N	Q	S	T	A	V	L	I	F	Y	W	H	M	C	P
0	0.05423	0.00978	0.01338	0.03906	0.23741	0.09010	0.13833	0.14807	0.05018	0.04139	0.00951	0.06358	0.00818	0.02255	0.00467	0.00131	0.03493	0.02526	0.00265	0.00544
1	0.53187	0.00899	0.02627	0.00684	0.00946	0.05673	0.04576	0.11331	0.07876	0.01727	0.00730	0.00805	0.00558	0.00392	0.00297	0.00118	0.00362	0.00271	0.02778	0.04164
2	0.01106	0.01095	0.00915	0.00859	0.04445	0.26677	0.00630	0.10211	0.28905	0.01406	0.01296	0.01361	0.06351	0.04744	0.00456	0.00129	0.00437	0.00396	0.08068	0.00514
3	0.00569	0.00383	0.00444	0.00444	0.00450	0.00389	0.00258	0.00581	0.00575	0.00773	0.01220	0.02481	0.01388	0.79328	0.08839	0.00401	0.00436	0.00558	0.00235	0.00247
4	0.01052	0.10231	0.16639	0.00880	0.03237	0.03828	0.03865	0.18724	0.05774	0.06484	0.08567	0.01100	0.00922	0.00437	0.00382	0.00108	0.02062	0.00347	0.00286	0.15074
5	0.00957	0.04804	0.29040	0.01368	0.15772	0.04719	0.18916	0.04414	0.09834	0.03503	0.00905	0.01029	0.02138	0.00394	0.00395	0.00123	0.00529	0.00365	0.00225	0.00572
6	0.00501	0.00365	0.00477	0.00558	0.00604	0.00342	0.00401	0.00591	0.00791	0.01036	0.02349	0.63401	0.11579	0.01178	0.00503	0.00160	0.00246	0.14226	0.00363	0.00327
7	0.00476	0.00346	0.00450	0.00533	0.00565	0.00319	0.00358	0.00547	0.00763	0.01006	0.02315	0.78973	0.09487	0.01208	0.00497	0.00157	0.00225	0.01090	0.00364	0.00319

[dist]
# distance from previous block
# <min> <max>
0	1

[block]
# block no. 8 follows, 69 sequences, length 26
# corresponding to MSA columns:
# 1030-1055
name=unknown_I
#
# <colnr> <probs for GDERKNQSTAVLIFYWHMCP>
#	G	D	E	R	K	N	Q	S	T	A	V	L	I	F	Y	W	H	M	C	P
0	0.01171	0.38262	0.02731	0.00909	0.04405	0.31469	0.03014	0.03071	0.03757	0.01048	0.03872	0.00817	0.00663	0.00399	0.00348	0.00100	0.02994	0.00273	0.00205	0.00492
1	0.00687	0.00438	0.00629	0.00646	0.03476	0.00466	0.00453	0.02290	0.00669	0.04630	0.02137	0.11501	0.04053	0.04114	0.27486	0.31607	0.03680	0.00489	0.00237	0.00312
2	0.00489	0.00351	0.00461	0.00541	0.00572	0.00328	0.00367	0.00564	0.00768	0.01021	0.05090	0.73617	0.05716	0.04372	0.00555	0.00166	0.00236	0.04106	0.00361	0.00319
3	0.00641	0.00436	0.00639	0.00622	0.00681	0.00498	0.00473	0.00717	0.00623	0.03918	0.00984	0.01485	0.00924	0.06487	0.58536	0.16174	0.05212	0.00408	0.00212	0.00328
4	0.00841	0.00724	0.00881	0.00631	0.00980	0.00564	0.03483	0.03897	0.00854	0.01319	0.00709	0.00826	0.00584	0.00298	0.00300	0.00063	0.00309	0.00245	0.00237	0.82253
5	0.03626	0.12399	0.00912	0.00646	0.00850	0.18769	0.00522	0.08475	0.01012	0.13631	0.01025	0.01099	0.00778	0.00432	0.00316	0.00100	0.00375	0.00319	0.34238	0.00476
6	0.00481	0.00372	0.00441	0.00493	0.00566	0.00332	0.00351	0.00569	0.00821	0.01036	0.02930	0.46051	0.37230	0.01119	0.00487	0.00149	0.00223	0.05661	0.00364	0.00326
7	0.00649	0.00446	0.00558	0.01758	0.00643	0.00428	0.00382	0.00745	0.08156	0.01006	0.08410	0.07655	0.16494	0.05624	0.02368	0.34461	0.00303	0.00526	0.00272	0.09116
8	0.00547	0.00455	0.03316	0.00604	0.02610	0.00396	0.00433	0.03672	0.00855	0.01142	0.11064	0.58479	0.11261	0.01076	0.00482	0.00149	0.00247	0.02496	0.00362	0.00355
9	0.00606	0.00504	0.04905	0.00611	0.03005	0.00432	0.00449	0.00753	0.03823	0.04018	0.12094	0.32559	0.10039	0.16531	0.04531	0.00209	0.00321	0.03919	0.00333	0.00360
10	0.01048	0.86458	0.02054	0.00671	0.01006	0.01551	0.00671	0.01174	0.00797	0.00922	0.00545	0.00629	0.00503	0.00335	0.00252	0.00084	0.00419	0.00210	0.00168	0.00503
11	0.01150	0.06404	0.08854	0.05606	0.14230	0.27739	0.00907	0.11180	0.02672	0.02039	0.00701	0.00861	0.00572	0.00489	0.02090	0.00129	0.13329	0.00308	0.00219	0.00519
12	0.04111	0.00936	0.03735	0.04898	0.27930	0.05682	0.11834	0.11277	0.01000	0.02543	0.01026	0.02508	0.01727	0.01407	0.00477	0.00135	0.04461	0.13530	0.00254	0.00528
13	0.22129	0.06814	0.02516	0.09048	0.12326	0.23826	0.03963	0.02759	0.00876	0.02866	0.00649	0.00813	0.00528	0.00452	0.02034	0.00128	0.07296	0.00286	0.00212	0.00480
14	0.00774	0.00702	0.01143	0.59441	0.06653	0.03040	0.05510	0.00972	0.00771	0.01002	0.00720	0.01067	0.00569	0.00520	0.00545	0.12119	0.00496	0.00352	0.03190	0.00413
15	0.01194	0.00951	0.01009	0.00842	0.01103	0.01077	0.00673	0.36162	0.48634	0.01992	0.01318	0.01242	0.00972	0.00506	0.00396	0.00126	0.00362	0.00405	0.00396	0.00640
16	0.00523	0.00395	0.00461	0.00449	0.00539	0.00356	0.00322	0.00644	0.00936	0.01243	0.39797	0.04981	0.32011	0.14791	0.00713	0.00169	0.00223	0.00738	0.00374	0.00333
17	0.00495	0.00350	0.00457	0.00536	0.00558	0.00331	0.00356	0.00558	0.00732	0.00975	0.02037	0.72282	0.02429	0.12352	0.00698	0.00189	0.00252	0.03756	0.00347	0.00309
18	0.00858	0.00858	0.01201	0.01029	0.01029	0.01201	0.00858	0.00943	0.00600	0.00943	0.00515	0.00858	0.00515	0.00686	0.01287	0.00172	0.85505	0.00343	0.00172	0.00429
19	0.00815	0.00797	0.01134	0.00978	0.00996	0.01089	0.02299	0.00915	0.00626	0.00965	0.03142	0.01004	0.00668	0.00944	0.10896	0.00222	0.71540	0.00365	0.00185	0.00420
20	0.00469	0.00375	0.00420	0.00456	0.00545	0.00326	0.00324	0.00556	0.00837	0.01036	0.03252	0.36424	0.51431	0.01086	0.00478	0.00143	0.00210	0.00941	0.00364	0.00326
21	0.01154	0.00605	0.00751	0.00628	0.00843	0.00573	0.00500	0.04605	0.12909	0.36730	0.23911	0.02062	0.11750	0.00638	0.00422	0.00125	0.00278	0.00537	0.00440	0.00540
22	0.00725	0.00522	0.00603	0.00587	0.00690	0.02741	0.00431	0.09141	0.00919	0.07243	0.04817	0.37175	0.18834	0.06522	0.03847	0.00177	0.03488	0.00797	0.00352	0.00388
23	0.00968	0.03767	0.01305	0.01014	0.01277	0.00939	0.23664	0.06035	0.42576	0.03887	0.01350	0.09228	0.01099	0.00529	0.00421	0.00132	0.00412	0.00498	0.00333	0.00566
24	0.01405	0.00816	0.00942	0.00740	0.01014	0.00828	0.00604	0.38675	0.01398	0.30377	0.01462	0.04246	0.07901	0.00541	0.00394	0.00119	0.00354	0.00431	0.05102	0.02650
25	0.54428	0.07978	0.00842	0.00657	0.02793	0.02922	0.00528	0.10665	0.06606	0.05862	0.03049	0.00838	0.00639	0.00405	0.00291	0.00118	0.00340	0.00272	0.00280	0.00489

[dist]
# distance from previous block
# <min> <max>
1	4

[block]
# block no. 9 follows, 69 sequences, length 18
# corresponding to MSA columns:
# 1060-1077
name=unknown_J
#
# <colnr> <probs for GDERKNQSTAVLIFYWHMCP>
#	G	D	E	R	K	N	Q	S	T	A	V	L	I	F	Y	W	H	M	C	P
0	0.01189	0.00971	0.00921	0.00772	0.01000	0.15977	0.00605	0.28278	0.05951	0.10026	0.01256	0.08516	0.05647	0.04426	0.05164	0.00155	0.00454	0.00440	0.00333	0.07919
1	0.02305	0.27854	0.15629	0.00995	0.11401	0.01050	0.02805	0.09770	0.03060	0.11223	0.02760	0.04260	0.04371	0.00453	0.00353	0.00112	0.00423	0.00362	0.00261	0.00553
2	0.01557	0.00849	0.01008	0.00779	0.01073	0.00858	0.00641	0.39008	0.01454	0.41088	0.06555	0.01256	0.01006	0.00499	0.00398	0.00120	0.00369	0.00395	0.00439	0.00648
3	0.01251	0.00809	0.00924	0.00753	0.00988	0.00868	0.00605	0.39869	0.07560	0.16109	0.01183	0.03730	0.00915	0.04601	0.11411	0.00197	0.00459	0.00408	0.06788	0.00571
4	0.00904	0.00853	0.01378	0.19262	0.55188	0.02278	0.01076	0.03575	0.00915	0.01262	0.05620	0.01200	0.03947	0.00413	0.00396	0.00120	0.00454	0.00387	0.00216	0.00556
5	0.00636	0.00433	0.00598	0.00581	0.00639	0.00481	0.00425	0.00730	0.00636	0.05286	0.01119	0.01834	0.01107	0.29117	0.51559	0.00510	0.03277	0.00464	0.00232	0.00334
6	0.00560	0.00420	0.00630	0.00630	0.00700	0.00490	0.00490	0.00700	0.00630	0.00910	0.01050	0.01540	0.00980	0.02940	0.84669	0.00630	0.01050	0.00420	0.00210	0.00350
7	0.00633	0.00476	0.00568	0.00598	0.00677	0.00488	0.00425	0.05532	0.14641	0.01199	0.01996	0.56302	0.05027	0.04847	0.00538	0.00160	0.00261	0.02787	0.02457	0.00388
8	0.03755	0.21842	0.20009	0.02669	0.04980	0.05577	0.03602	0.15503	0.14419	0.01447	0.02085	0.00941	0.00697	0.00412	0.00352	0.00113	0.00460	0.00318	0.00254	0.00566
9	0.00930	0.00763	0.01129	0.01377	0.34123	0.00766	0.05118	0.08074	0.09089	0.06166	0.05726	0.02514	0.13851	0.00534	0.00404	0.00121	0.00369	0.01482	0.06924	0.00539
10	0.00499	0.00386	0.00456	0.00505	0.00575	0.00357	0.00352	0.00629	0.04930	0.01049	0.02740	0.51830	0.30446	0.02686	0.00510	0.00153	0.00224	0.00972	0.00363	0.00336
11	0.00530	0.00376	0.00485	0.00554	0.00609	0.00355	0.00408	0.00637	0.00815	0.01093	0.06334	0.49048	0.10400	0.03264	0.00529	0.00161	0.00253	0.18391	0.05427	0.00332
12	0.19991	0.06098	0.51541	0.00982	0.04529	0.00934	0.01104	0.05273	0.00842	0.01392	0.00723	0.03629	0.00565	0.00401	0.00344	0.00122	0.00487	0.00302	0.00201	0.00539
13	0.00646	0.00385	0.00571	0.00565	0.00587	0.00419	0.00403	0.00587	0.00553	0.00764	0.00805	0.01324	0.00788	0.03933	0.27718	0.55570	0.03589	0.00371	0.00184	0.00238
14	0.00535	0.00412	0.00469	0.00467	0.00583	0.00367	0.00352	0.00684	0.02901	0.02827	0.24955	0.10267	0.47849	0.00945	0.00467	0.00134	0.00211	0.04835	0.00385	0.00355
15	0.00572	0.03698	0.00571	0.00503	0.00606	0.00430	0.00379	0.02552	0.00998	0.01359	0.49370	0.10530	0.17597	0.03595	0.05346	0.00164	0.00262	0.00720	0.00383	0.00365
16	0.03788	0.00982	0.01406	0.07861	0.24723	0.07323	0.15236	0.16936	0.04217	0.05109	0.00915	0.06005	0.00754	0.00450	0.00424	0.00124	0.02515	0.00409	0.00264	0.00560
17	0.03785	0.04285	0.04527	0.13669	0.16304	0.24016	0.06158	0.12644	0.02950	0.01303	0.00762	0.00926	0.01414	0.00451	0.01698	0.00125	0.03907	0.00327	0.00227	0.00522

[dist]
# distance from previous block
# <min> <max>
2	32

[block]
# block no. 10 follows, 69 sequences, length 14
# corresponding to MSA columns:
# 1110-1123
name=unknown_K
#
# <colnr> <probs for GDERKNQSTAVLIFYWHMCP>
#	G	D	E	R	K	N	Q	S	T	A	V	L	I	F	Y	W	H	M	C	P
0	0.00486	0.00346	0.00460	0.00548	0.00572	0.00325	0.00369	0.00556	0.00750	0.00998	0.02126	0.80361	0.02542	0.04137	0.00553	0.00168	0.00237	0.03791	0.00359	0.00317
1	0.11418	0.00834	0.03441	0.08024	0.28369	0.02795	0.03850	0.04732	0.10885	0.04043	0.02798	0.07450	0.00934	0.04860	0.03766	0.00157	0.00437	0.00425	0.00261	0.00520
2	0.00924	0.12069	0.02880	0.18567	0.08411	0.08004	0.00714	0.02464	0.06300	0.05457	0.00837	0.01086	0.02149	0.00706	0.00722	0.27316	0.00433	0.00336	0.00215	0.00411
3	0.00536	0.00377	0.00449	0.00473	0.00505	0.00361	0.00305	0.00590	0.00718	0.00951	0.10085	0.24071	0.10802	0.43473	0.01239	0.00264	0.00301	0.03907	0.00308	0.00286
4	0.00658	0.00504	0.00637	0.06702	0.04907	0.00494	0.02094	0.05818	0.00943	0.01270	0.06770	0.04245	0.34263	0.00789	0.00431	0.00131	0.00281	0.13334	0.15338	0.00390
5	0.01182	0.03096	0.14155	0.04393	0.08506	0.16383	0.08224	0.16795	0.07817	0.10247	0.01008	0.02856	0.02659	0.00449	0.00390	0.00119	0.00502	0.00370	0.00283	0.00566
6	0.01002	0.12764	0.18898	0.02560	0.17023	0.20112	0.03821	0.01241	0.02800	0.01122	0.02566	0.04824	0.00723	0.00475	0.01423	0.00123	0.06427	0.00346	0.01236	0.00513
7	0.00524	0.00398	0.00487	0.00509	0.00603	0.00362	0.00390	0.00659	0.00939	0.01230	0.28210	0.17329	0.30908	0.00988	0.00483	0.00142	0.00228	0.14881	0.00385	0.00346
8	0.00512	0.00372	0.00468	0.00498	0.00565	0.00341	0.00353	0.00631	0.00906	0.01233	0.32131	0.40285	0.15468	0.01012	0.00474	0.00140	0.00206	0.00898	0.03167	0.00341
9	0.01422	0.01793	0.01092	0.00982	0.01194	0.79207	0.00739	0.01528	0.01092	0.00980	0.00612	0.00714	0.00510	0.00397	0.00349	0.00098	0.00680	0.00251	0.00204	0.06157
10	0.07035	0.00623	0.00810	0.02305	0.02971	0.00576	0.00543	0.04316	0.01050	0.51211	0.08733	0.08106	0.06932	0.00644	0.02201	0.00136	0.00327	0.00492	0.00425	0.00563
11	0.00903	0.00939	0.01839	0.12168	0.09793	0.00913	0.50149	0.03216	0.02869	0.01270	0.00823	0.01100	0.00640	0.00361	0.00426	0.00124	0.00564	0.01766	0.02235	0.07903
12	0.01002	0.71547	0.16561	0.00750	0.01128	0.01438	0.00808	0.01186	0.00802	0.00979	0.00573	0.00664	0.00502	0.00342	0.00273	0.00091	0.00448	0.00224	0.00167	0.00517
13	0.00987	0.08197	0.13614	0.10139	0.14888	0.02859	0.00880	0.16715	0.09297	0.03779	0.05104	0.02240	0.06471	0.00543	0.02485	0.00133	0.00445	0.00398	0.00277	0.00549

[dist]
# distance from previous block
# <min> <max>
0	1

[block]
# block no. 11 follows, 69 sequences, length 51
# corresponding to MSA columns:
# 1125-1157,1159-1176
name=unknown_L
#
# <colnr> <probs for GDERKNQSTAVLIFYWHMCP>
#	G	D	E	R	K	N	Q	S	T	A	V	L	I	F	Y	W	H	M	C	P
0	0.01264	0.08088	0.04271	0.01006	0.04368	0.48264	0.02815	0.06693	0.03371	0.03382	0.00722	0.00854	0.00593	0.00626	0.07274	0.00151	0.05256	0.00294	0.00222	0.00486
1	0.88991	0.00758	0.00576	0.00516	0.00758	0.00879	0.00425	0.01152	0.00667	0.01759	0.00546	0.00637	0.00425	0.00364	0.00243	0.00121	0.00303	0.00212	0.00243	0.00425
2	0.01211	0.47514	0.01604	0.00817	0.01087	0.36863	0.00706	0.01328	0.00934	0.00947	0.00624	0.00793	0.00564	0.00390	0.00305	0.00094	0.00540	0.03013	0.00189	0.00478
3	0.00990	0.00850	0.00895	0.00801	0.01025	0.00982	0.00624	0.04413	0.80714	0.01664	0.01577	0.01448	0.01181	0.00530	0.00399	0.00133	0.00314	0.00441	0.00399	0.00622
4	0.01139	0.00536	0.00634	0.00532	0.00721	0.00507	0.00423	0.07398	0.01013	0.30078	0.04469	0.01416	0.01058	0.00476	0.00332	0.00104	0.00257	0.00384	0.45474	0.03050
5	0.00481	0.00343	0.00458	0.00544	0.00569	0.00320	0.00364	0.00553	0.00764	0.01023	0.05312	0.82752	0.02636	0.01212	0.00499	0.00158	0.00226	0.01099	0.00367	0.00320
6	0.01208	0.01441	0.01149	0.01018	0.01135	0.49320	0.00800	0.01302	0.00895	0.00953	0.00567	0.00771	0.00509	0.00523	0.00749	0.00131	0.36607	0.00291	0.00189	0.00444
7	0.00512	0.00393	0.00441	0.00455	0.00561	0.00346	0.00332	0.00608	0.00850	0.03307	0.04713	0.21602	0.55454	0.02767	0.05681	0.00173	0.00264	0.00847	0.00357	0.00337
8	0.01753	0.00677	0.00916	0.00702	0.01006	0.00591	0.00580	0.03750	0.01139	0.82186	0.01533	0.01325	0.00964	0.00485	0.00394	0.00121	0.00336	0.00393	0.00483	0.00667
9	0.08024	0.00681	0.00822	0.00658	0.00919	0.00647	0.00536	0.11766	0.04131	0.48004	0.06057	0.01679	0.13203	0.00567	0.00396	0.00123	0.00315	0.00457	0.00431	0.00582
10	0.00748	0.01241	0.36275	0.39214	0.04908	0.00844	0.01186	0.01077	0.00811	0.01119	0.00878	0.04206	0.02868	0.00447	0.00393	0.00130	0.00521	0.02453	0.00188	0.00494
11	0.00783	0.00643	0.00838	0.03860	0.16013	0.05382	0.02401	0.04004	0.02552	0.06113	0.10527	0.24031	0.12621	0.03176	0.02368	0.00152	0.00353	0.03424	0.00323	0.00437
12	0.56582	0.07567	0.25149	0.00703	0.01051	0.00939	0.00743	0.01180	0.00724	0.01545	0.00592	0.00692	0.00452	0.00364	0.00281	0.00119	0.00393	0.00235	0.00214	0.00476
13	0.01333	0.05612	0.01087	0.00903	0.01118	0.48154	0.00697	0.21020	0.01228	0.02975	0.00897	0.11438	0.00814	0.00521	0.00377	0.00112	0.00559	0.00385	0.00272	0.00495
14	0.00876	0.00804	0.01235	0.13490	0.45422	0.03100	0.00946	0.05437	0.00983	0.01356	0.19145	0.01467	0.03099	0.00477	0.00406	0.00120	0.00411	0.00437	0.00258	0.00531
15	0.01934	0.00667	0.00873	0.00729	0.00887	0.01903	0.04717	0.19206	0.03027	0.15829	0.00924	0.01148	0.00736	0.00942	0.03984	0.37598	0.03827	0.00362	0.00285	0.00422
16	0.00512	0.00390	0.00438	0.00455	0.00530	0.00357	0.00318	0.00588	0.00782	0.00982	0.04754	0.13369	0.40410	0.25597	0.03214	0.00223	0.00288	0.06162	0.00325	0.00306
17	0.00616	0.00434	0.00537	0.00501	0.00618	0.00403	0.00380	0.00821	0.04704	0.05704	0.55832	0.02914	0.20442	0.00887	0.03336	0.00143	0.00231	0.00696	0.00411	0.00387
18	0.00944	0.14581	0.13906	0.04220	0.18946	0.06012	0.16832	0.04165	0.03982	0.01194	0.00778	0.01003	0.00640	0.03048	0.06656	0.00162	0.01848	0.00350	0.00203	0.00530
19	0.00906	0.00671	0.01113	0.00887	0.01112	0.00631	0.23716	0.02672	0.07000	0.16656	0.12026	0.16738	0.12760	0.00684	0.00451	0.00134	0.00371	0.00642	0.00351	0.00480
20	0.00483	0.00343	0.00453	0.00539	0.00561	0.00322	0.00357	0.00547	0.00740	0.00987	0.02108	0.81226	0.02527	0.06060	0.00585	0.00172	0.00236	0.01084	0.00357	0.00314
21	0.00503	0.00367	0.00476	0.00542	0.00591	0.00341	0.00385	0.00600	0.00824	0.01093	0.12320	0.57634	0.10993	0.02064	0.00513	0.00157	0.00235	0.09661	0.00371	0.00330
