[name]
unknown

[dist]
# distance from previous block
# <min> <max>
0	61

[block]
# block no. 0 follows, 74 sequences, length 31
# corresponding to MSA columns:
# 61-91
name=unknown_A
#
# <colnr> <probs for GDERKNQSTAVLIFYWHMCP>
#	G	D	E	R	K	N	Q	S	T	A	V	L	I	F	Y	W	H	M	C	P
0	0.07630	0.03996	0.01176	0.03970	0.13381	0.05796	0.08432	0.23015	0.18546	0.03100	0.00934	0.01047	0.00723	0.00463	0.01613	0.00124	0.03235	0.01991	0.00284	0.00545
1	0.40376	0.02755	0.00812	0.00702	0.00924	0.35576	0.00549	0.01290	0.05461	0.01301	0.00606	0.00686	0.00486	0.00363	0.00284	0.00103	0.00446	0.00230	0.00220	0.06830
2	0.00645	0.00322	0.00484	0.00484	0.00484	0.00322	0.00322	0.00484	0.00484	0.00645	0.00645	0.01128	0.00645	0.01289	0.01451	0.89201	0.00322	0.00322	0.00161	0.00161
3	0.00483	0.00375	0.00439	0.00429	0.00530	0.00331	0.00319	0.00616	0.00942	0.01245	0.44331	0.07302	0.39603	0.00860	0.00440	0.00122	0.00183	0.00740	0.00377	0.00331
4	0.00507	0.00379	0.00470	0.00448	0.00543	0.00342	0.00336	0.00665	0.01007	0.01385	0.67185	0.02944	0.20826	0.00798	0.00438	0.00119	0.00178	0.00695	0.00395	0.00342
5	0.00876	0.01001	0.02190	0.01564	0.01940	0.00939	0.83292	0.01189	0.00876	0.01189	0.00751	0.01001	0.00563	0.00313	0.00438	0.00125	0.00626	0.00438	0.00188	0.00501
6	0.00919	0.00882	0.01507	0.02278	0.84640	0.00882	0.01139	0.01139	0.00845	0.01213	0.00698	0.00919	0.00588	0.00331	0.00367	0.00110	0.00441	0.00331	0.00184	0.00588
7	0.00539	0.00363	0.00419	0.00419	0.00423	0.00367	0.00242	0.00549	0.00544	0.00730	0.01157	0.02360	0.01319	0.80941	0.07862	0.00377	0.00405	0.00530	0.00223	0.00233
8	0.89577	0.00718	0.00546	0.00488	0.00718	0.00833	0.00402	0.01091	0.00632	0.01665	0.00517	0.00603	0.00402	0.00345	0.00230	0.00115	0.00287	0.00201	0.00230	0.00402
9	0.89577	0.00718	0.00546	0.00488	0.00718	0.00833	0.00402	0.01091	0.00632	0.01665	0.00517	0.00603	0.00402	0.00345	0.00230	0.00115	0.00287	0.00201	0.00230	0.00402
10	0.00923	0.00797	0.00839	0.00755	0.00965	0.00923	0.00588	0.01972	0.83969	0.01553	0.01511	0.01385	0.01133	0.00504	0.00378	0.00126	0.00294	0.00420	0.00378	0.00588
11	0.01411	0.01040	0.01114	0.00854	0.01151	0.01151	0.00706	0.83402	0.01745	0.02339	0.00891	0.00891	0.00631	0.00446	0.00371	0.00111	0.00408	0.00334	0.00371	0.00631
12	0.00510	0.00379	0.00475	0.00451	0.00545	0.00344	0.00338	0.00671	0.01015	0.01403	0.70177	0.02914	0.17822	0.00791	0.00438	0.00118	0.00177	0.00691	0.00397	0.00344
13	0.89577	0.00718	0.00546	0.00488	0.00718	0.00833	0.00402	0.01091	0.00632	0.01665	0.00517	0.00603	0.00402	0.00345	0.00230	0.00115	0.00287	0.00201	0.00230	0.00402
14	0.00919	0.00882	0.01507	0.02278	0.84640	0.00882	0.01139	0.01139	0.00845	0.01213	0.00698	0.00919	0.00588	0.00331	0.00367	0.00110	0.00441	0.00331	0.00184	0.00588
15	0.00566	0.00381	0.00429	0.00424	0.00434	0.00384	0.00245	0.03305	0.00586	0.00782	0.01191	0.05377	0.01365	0.81015	0.01788	0.00344	0.00356	0.00551	0.00234	0.00241
16	0.01003	0.00713	0.00849	0.00630	0.00931	0.00623	0.00511	0.11938	0.00936	0.15050	0.00813	0.00869	0.00618	0.00347	0.00352	0.00078	0.04719	0.00265	0.00276	0.58479
17	0.00754	0.09413	0.40439	0.05442	0.06447	0.00808	0.02040	0.02380	0.06008	0.02191	0.07351	0.06821	0.05722	0.02121	0.00395	0.00121	0.00430	0.00403	0.00224	0.00490
18	0.05215	0.04607	0.13427	0.02449	0.14862	0.25996	0.24094	0.01242	0.00889	0.01110	0.00681	0.02467	0.00553	0.00361	0.00366	0.00111	0.00564	0.00328	0.00187	0.00490
19	0.00439	0.00376	0.00376	0.00376	0.00501	0.00313	0.00282	0.00533	0.00846	0.01003	0.03760	0.03572	0.84489	0.00940	0.00439	0.00125	0.00188	0.00783	0.00345	0.00313
20	0.00723	0.00433	0.00556	0.00501	0.00623	0.00404	0.00384	0.00931	0.04690	0.13845	0.63134	0.02398	0.02851	0.00682	0.00414	0.00115	0.00201	0.00595	0.06118	0.00402
21	0.01004	0.56867	0.12322	0.02687	0.01092	0.15634	0.00742	0.01162	0.00813	0.00931	0.01971	0.02147	0.00560	0.00356	0.00280	0.00090	0.00458	0.00241	0.00172	0.00471
22	0.01004	0.49132	0.20080	0.00818	0.02290	0.15372	0.00824	0.02482	0.00822	0.00974	0.00566	0.00664	0.00480	0.00348	0.00311	0.00094	0.02855	0.00229	0.00168	0.00487
23	0.00449	0.00376	0.00390	0.00387	0.00508	0.00318	0.00290	0.00552	0.00870	0.01059	0.13131	0.03479	0.75083	0.00919	0.00439	0.00124	0.00187	0.00770	0.00352	0.00318
24	0.00528	0.00385	0.00465	0.00441	0.00547	0.00343	0.00332	0.00674	0.00980	0.03702	0.53905	0.03009	0.31703	0.00814	0.00436	0.00120	0.00184	0.00702	0.00388	0.00345
25	0.00942	0.00903	0.01470	0.08012	0.68943	0.03067	0.04097	0.05842	0.00896	0.01250	0.00705	0.00919	0.00580	0.00341	0.00370	0.00111	0.00455	0.00332	0.00193	0.00571
26	0.00724	0.03147	0.05338	0.00684	0.04414	0.03413	0.04868	0.00911	0.02527	0.08586	0.43447	0.04453	0.04365	0.07206	0.03232	0.00150	0.01241	0.00554	0.00336	0.00403
27	0.00563	0.00425	0.00565	0.00561	0.00616	0.02383	0.00414	0.00672	0.02128	0.00836	0.01021	0.01644	0.01006	0.21397	0.60482	0.03537	0.00810	0.00424	0.00207	0.00309
28	0.01247	0.03218	0.01017	0.00805	0.01054	0.10553	0.00648	0.49944	0.12909	0.04667	0.03483	0.06859	0.00898	0.00502	0.00374	0.00114	0.00399	0.00392	0.00349	0.00568
29	0.00945	0.03229	0.15560	0.01450	0.26272	0.06574	0.19955	0.03866	0.09074	0.04237	0.00817	0.00962	0.00629	0.00398	0.01523	0.00122	0.01598	0.00348	0.01900	0.00540
30	0.02267	0.18542	0.06143	0.02129	0.03995	0.03965	0.10018	0.16475	0.16978	0.01391	0.02413	0.02264	0.00736	0.00416	0.00383	0.00108	0.04290	0.00335	0.00258	0.06894

[dist]
# distance from previous block
# <min> <max>
0	7

[block]
# block no. 1 follows, 74 sequences, length 32
# corresponding to MSA columns:
# 99-130
name=unknown_B
#
# <colnr> <probs for GDERKNQSTAVLIFYWHMCP>
#	G	D	E	R	K	N	Q	S	T	A	V	L	I	F	Y	W	H	M	C	P
0	0.04031	0.01377	0.01092	0.01151	0.16000	0.52432	0.00772	0.02462	0.00933	0.01003	0.00622	0.00786	0.00532	0.00575	0.06720	0.00142	0.08452	0.00275	0.00192	0.00451
1	0.01015	0.08521	0.01329	0.26922	0.17925	0.25331	0.07418	0.05224	0.00913	0.01069	0.00649	0.00846	0.00519	0.00361	0.00354	0.00109	0.00532	0.00301	0.00188	0.00475
2	0.00559	0.00387	0.00504	0.00470	0.00565	0.00355	0.00354	0.00730	0.01044	0.04160	0.78825	0.02753	0.06373	0.00756	0.00436	0.00117	0.00180	0.00666	0.00408	0.00358
3	0.01434	0.00601	0.00805	0.00649	0.00898	0.00537	0.00535	0.02829	0.03623	0.65692	0.07899	0.01681	0.02566	0.00543	0.00392	0.00121	0.00306	0.07874	0.00439	0.00577
4	0.00560	0.00388	0.00502	0.00469	0.00565	0.00355	0.00353	0.00730	0.01040	0.04346	0.77287	0.02763	0.07718	0.00758	0.00436	0.00117	0.00181	0.00667	0.00407	0.00358
5	0.00525	0.00379	0.00496	0.00467	0.00555	0.00350	0.00350	0.00700	0.01051	0.01488	0.84444	0.02773	0.03502	0.00759	0.00438	0.00117	0.00175	0.00671	0.00409	0.00350
6	0.00692	0.00346	0.00346	0.00346	0.00432	0.00346	0.00259	0.00865	0.00778	0.01384	0.01211	0.01384	0.00951	0.00432	0.00259	0.00086	0.00173	0.00346	0.89016	0.00346
7	0.01411	0.01040	0.01114	0.00854	0.01151	0.01151	0.00706	0.83402	0.01745	0.02339	0.00891	0.00891	0.00631	0.00446	0.00371	0.00111	0.00408	0.00334	0.00371	0.00631
8	0.01665	0.00632	0.00861	0.00660	0.00948	0.00546	0.00546	0.01809	0.01062	0.84897	0.01464	0.01263	0.00919	0.00459	0.00373	0.00115	0.00316	0.00373	0.00459	0.00632
9	0.00701	0.00660	0.01113	0.86063	0.02556	0.00825	0.01031	0.00948	0.00742	0.00948	0.00660	0.00990	0.00495	0.00371	0.00371	0.00124	0.00495	0.00330	0.00165	0.00412
10	0.01411	0.01040	0.01114	0.00854	0.01151	0.01151	0.00706	0.83402	0.01745	0.02339	0.00891	0.00891	0.00631	0.00446	0.00371	0.00111	0.00408	0.00334	0.00371	0.00631
11	0.01251	0.00960	0.01024	0.00822	0.01090	0.01076	0.00667	0.56713	0.28695	0.02082	0.01094	0.01053	0.00796	0.00465	0.00373	0.00116	0.00371	0.00362	0.00373	0.00617
12	0.03972	0.12230	0.01159	0.00896	0.04502	0.13227	0.10403	0.04679	0.02760	0.01038	0.00759	0.01019	0.00666	0.01215	0.29331	0.00278	0.10909	0.00332	0.00199	0.00427
13	0.00913	0.00824	0.00801	0.00727	0.00920	0.08558	0.00561	0.01733	0.63693	0.02637	0.05291	0.03314	0.07307	0.00549	0.00383	0.00123	0.00314	0.00454	0.00360	0.00537
14	0.00919	0.00882	0.01507	0.02278	0.84640	0.00882	0.01139	0.01139	0.00845	0.01213	0.00698	0.00919	0.00588	0.00331	0.00367	0.00110	0.00441	0.00331	0.00184	0.00588
15	0.01355	0.00944	0.08667	0.00795	0.01098	0.00877	0.01727	0.40847	0.05259	0.28446	0.02705	0.02652	0.01938	0.00468	0.00375	0.00115	0.00378	0.00372	0.00378	0.00605
16	0.00749	0.01895	0.83014	0.01087	0.03613	0.00863	0.01366	0.01175	0.00785	0.01176	0.00667	0.00787	0.00473	0.00352	0.00353	0.00117	0.00546	0.00276	0.00157	0.00550
17	0.89577	0.00718	0.00546	0.00488	0.00718	0.00833	0.00402	0.01091	0.00632	0.01665	0.00517	0.00603	0.00402	0.00345	0.00230	0.00115	0.00287	0.00201	0.00230	0.00402
18	0.00923	0.00797	0.00839	0.00755	0.00965	0.00923	0.00588	0.01972	0.83969	0.01553	0.01511	0.01385	0.01133	0.00504	0.00378	0.00126	0.00294	0.00420	0.00378	0.00588
19	0.00923	0.00797	0.00839	0.00755	0.00965	0.00923	0.00588	0.01972	0.83969	0.01553	0.01511	0.01385	0.01133	0.00504	0.00378	0.00126	0.00294	0.00420	0.00378	0.00588
20	0.01322	0.00995	0.01064	0.00836	0.01117	0.01109	0.00684	0.68509	0.16783	0.02195	0.01004	0.00981	0.00723	0.00456	0.00372	0.00114	0.00387	0.00350	0.00372	0.00623
21	0.00701	0.00660	0.01113	0.86063	0.02556	0.00825	0.01031	0.00948	0.00742	0.00948	0.00660	0.00990	0.00495	0.00371	0.00371	0.00124	0.00495	0.00330	0.00165	0.00412
22	0.00451	0.00328	0.00426	0.00504	0.00535	0.00303	0.00339	0.00518	0.00723	0.00953	0.02202	0.79117	0.09950	0.01143	0.00471	0.00148	0.00213	0.01030	0.00345	0.00303
23	0.00455	0.00333	0.00429	0.00504	0.00541	0.00307	0.00345	0.00527	0.00733	0.00960	0.02266	0.73113	0.13098	0.01129	0.00471	0.00148	0.00216	0.03774	0.00344	0.00304
24	0.00879	0.00871	0.07662	0.24935	0.27976	0.06370	0.02274	0.03800	0.00854	0.06933	0.00928	0.12034	0.00831	0.00476	0.00382	0.00120	0.00442	0.01519	0.00225	0.00489
25	0.01309	0.00601	0.00750	0.00604	0.00832	0.00564	0.00489	0.10623	0.03443	0.48879	0.06207	0.02962	0.03913	0.00500	0.00360	0.00111	0.00285	0.00409	0.16615	0.00545
26	0.01200	0.00557	0.00668	0.00551	0.00752	0.00534	0.00443	0.08322	0.05503	0.38753	0.01313	0.01288	0.00920	0.00449	0.00326	0.00103	0.00263	0.00361	0.37182	0.00511
27	0.00961	0.67918	0.17542	0.00727	0.01083	0.04522	0.00777	0.01137	0.00771	0.00931	0.00546	0.00634	0.00475	0.00327	0.00263	0.00087	0.00436	0.00214	0.00160	0.00488
28	0.00562	0.00410	0.00582	0.01695	0.03039	0.00401	0.03275	0.02309	0.00769	0.03226	0.06136	0.56892	0.03674	0.03157	0.04294	0.00169	0.01444	0.05413	0.02213	0.00340
29	0.01397	0.00597	0.00778	0.00616	0.00864	0.00530	0.00502	0.05792	0.01067	0.62331	0.08751	0.01637	0.10619	0.00538	0.00384	0.00115	0.00291	0.00443	0.02184	0.00566
30	0.02193	0.00779	0.04904	0.00765	0.01004	0.00741	0.08128	0.27528	0.04125	0.18009	0.01378	0.14986	0.06062	0.00607	0.01466	0.00126	0.00360	0.00495	0.05827	0.00517
31	0.02149	0.19318	0.12165	0.01114	0.07318	0.17058	0.22380	0.05756	0.00917	0.03830	0.00767	0.02594	0.02248	0.00376	0.00353	0.00107	0.00520	0.00330	0.00204	0.00497

[dist]
# distance from previous block
# <min> <max>
6	16

[block]
# block no. 2 follows, 74 sequences, length 14
# corresponding to MSA columns:
# 147-160
name=unknown_C
#
# <colnr> <probs for GDERKNQSTAVLIFYWHMCP>
#	G	D	E	R	K	N	Q	S	T	A	V	L	I	F	Y	W	H	M	C	P
0	0.00545	0.00418	0.00481	0.00478	0.00576	0.00393	0.00350	0.06028	0.02930	0.01188	0.21343	0.22822	0.33258	0.05424	0.00518	0.00142	0.00220	0.02188	0.00355	0.00342
1	0.00460	0.00344	0.00428	0.00476	0.00532	0.00312	0.00331	0.00549	0.00795	0.01043	0.15007	0.54126	0.22151	0.01048	0.00460	0.00140	0.00203	0.00932	0.00354	0.00312
2	0.02341	0.20957	0.30273	0.06441	0.09168	0.07877	0.11530	0.03468	0.00837	0.01112	0.00669	0.02490	0.00539	0.00360	0.00340	0.00108	0.00506	0.00300	0.00178	0.00507
3	0.00777	0.00578	0.02858	0.03890	0.12960	0.00546	0.00568	0.02718	0.09634	0.11892	0.19528	0.21133	0.08839	0.00712	0.00416	0.00126	0.00282	0.01756	0.00342	0.00444
4	0.00464	0.00377	0.00411	0.00402	0.00517	0.00324	0.00302	0.00581	0.00906	0.01144	0.27213	0.03340	0.60948	0.00887	0.00438	0.00123	0.00184	0.00751	0.00363	0.00324
5	0.00760	0.01045	0.24413	0.38919	0.14083	0.00831	0.02544	0.02544	0.04897	0.01109	0.00781	0.05038	0.00630	0.00405	0.00372	0.00121	0.00479	0.00356	0.00189	0.00485
6	0.00926	0.23605	0.17930	0.02160	0.08931	0.05345	0.14569	0.04153	0.06307	0.04146	0.04100	0.02931	0.02512	0.00400	0.00349	0.00108	0.00458	0.00345	0.00218	0.00508
7	0.01020	0.81543	0.01891	0.00649	0.00966	0.01448	0.00640	0.06495	0.00819	0.00969	0.00541	0.00615	0.00486	0.00326	0.00247	0.00081	0.00398	0.00207	0.00173	0.00486
8	0.00812	0.00812	0.01137	0.00975	0.00975	0.01137	0.00812	0.00893	0.00568	0.00893	0.00487	0.00812	0.00487	0.00650	0.01218	0.00162	0.86276	0.00325	0.00162	0.00406
9	0.00515	0.00384	0.00458	0.00455	0.00548	0.00348	0.00333	0.00661	0.03133	0.02758	0.36469	0.18027	0.30338	0.03290	0.00482	0.00133	0.00198	0.00762	0.00371	0.00337
10	0.01148	0.14712	0.13362	0.02362	0.07429	0.12078	0.07066	0.09658	0.06995	0.17711	0.00899	0.02269	0.00672	0.00405	0.00362	0.00109	0.01632	0.00324	0.00266	0.00540
11	0.01348	0.01508	0.00981	0.00877	0.01072	0.67560	0.00664	0.01457	0.01053	0.11502	0.07823	0.00923	0.00791	0.00424	0.00348	0.00100	0.00583	0.00293	0.00243	0.00449
12	0.01589	0.00633	0.00840	0.00649	0.00924	0.00562	0.00535	0.05759	0.01077	0.75342	0.01420	0.01253	0.00907	0.00457	0.00366	0.00113	0.00311	0.00370	0.06282	0.00613
13	0.04199	0.03754	0.22117	0.15686	0.26782	0.04632	0.02708	0.03727	0.03165	0.01177	0.00734	0.00999	0.00599	0.00396	0.00403	0.00119	0.04643	0.03458	0.00192	0.00512

[dist]
# distance from previous block
# <min> <max>
1	3

[block]
# block no. 3 follows, 74 sequences, length 75
# corresponding to MSA columns:
# 164-238
name=unknown_D
#
# <colnr> <probs for GDERKNQSTAVLIFYWHMCP>
#	G	D	E	R	K	N	Q	S	T	A	V	L	I	F	Y	W	H	M	C	P
0	0.00453	0.00376	0.00396	0.00393	0.00511	0.00319	0.00294	0.00560	0.00877	0.01081	0.16858	0.04665	0.70110	0.00914	0.00439	0.00124	0.00186	0.00769	0.00355	0.00319
1	0.02274	0.01010	0.06458	0.01529	0.33302	0.05530	0.17164	0.14857	0.04104	0.01385	0.01534	0.02372	0.01429	0.00385	0.00396	0.00114	0.02300	0.00361	0.00229	0.03266
2	0.01159	0.45055	0.01507	0.00786	0.02249	0.26455	0.00671	0.13382	0.01873	0.01114	0.00632	0.02387	0.00548	0.00375	0.00295	0.00091	0.00476	0.00252	0.00206	0.00485
3	0.00858	0.05646	0.13322	0.01831	0.10556	0.00693	0.05558	0.04118	0.04172	0.09668	0.08544	0.07063	0.06007	0.00483	0.00374	0.00106	0.01569	0.00415	0.01302	0.17716
4	0.02024	0.07710	0.28243	0.00983	0.09431	0.05047	0.03198	0.06501	0.08438	0.13094	0.08116	0.01109	0.00896	0.01836	0.00383	0.00116	0.00427	0.00345	0.00263	0.01841
5	0.00450	0.00344	0.00411	0.00463	0.00523	0.00308	0.00320	0.00526	0.00764	0.00974	0.04076	0.53511	0.32637	0.02272	0.00480	0.00144	0.00207	0.00941	0.00344	0.00306
6	0.00765	0.00791	0.01568	0.19018	0.08663	0.00789	0.43023	0.01016	0.00838	0.01133	0.07026	0.11686	0.01000	0.00464	0.00423	0.00126	0.00500	0.00500	0.00218	0.00454
7	0.01017	0.06903	0.19528	0.01180	0.16495	0.06347	0.10331	0.05711	0.12319	0.11910	0.02216	0.02797	0.00748	0.00406	0.00367	0.00114	0.00451	0.00354	0.00256	0.00550
8	0.00918	0.08631	0.14671	0.09264	0.21909	0.05426	0.22029	0.01196	0.03082	0.05127	0.00783	0.00952	0.01875	0.00362	0.00389	0.00115	0.02212	0.00344	0.00197	0.00519
9	0.00452	0.00323	0.00431	0.00517	0.00538	0.00301	0.00345	0.00517	0.00711	0.00948	0.02046	0.86713	0.02455	0.01163	0.00474	0.00151	0.00215	0.01055	0.00345	0.00301
10	0.00530	0.00624	0.11690	0.00513	0.00686	0.02957	0.00463	0.00688	0.00886	0.01130	0.20842	0.04855	0.49539	0.00812	0.00426	0.00123	0.00251	0.02299	0.00329	0.00357
11	0.00994	0.11069	0.28344	0.06904	0.11688	0.05543	0.05790	0.04359	0.03318	0.13716	0.04188	0.00973	0.00708	0.00387	0.00355	0.00112	0.00463	0.00321	0.00235	0.00535
12	0.00990	0.57546	0.08977	0.00862	0.05889	0.05067	0.07852	0.03063	0.00823	0.03041	0.02491	0.00741	0.00573	0.00340	0.00288	0.00092	0.00438	0.00253	0.00182	0.00494
13	0.00885	0.00741	0.00778	0.00689	0.00893	0.00826	0.00539	0.12128	0.56131	0.01539	0.01899	0.01776	0.18398	0.00587	0.00390	0.00124	0.00287	0.00484	0.00370	0.00536
14	0.00927	0.01118	0.10533	0.04845	0.17318	0.25491	0.02075	0.03025	0.02554	0.01905	0.08683	0.03352	0.12242	0.00513	0.00403	0.00114	0.02997	0.01208	0.00239	0.00457
15	0.03678	0.10428	0.06233	0.11646	0.19049	0.04089	0.04736	0.08602	0.02090	0.12780	0.00856	0.03666	0.00696	0.04291	0.01605	0.00131	0.04322	0.00350	0.00243	0.00509
16	0.00750	0.01882	0.81570	0.01079	0.01620	0.00865	0.04795	0.01176	0.00788	0.01176	0.00670	0.00793	0.00474	0.00351	0.00356	0.00118	0.00552	0.00281	0.00158	0.00547
17	0.00509	0.00354	0.00405	0.00432	0.00504	0.00325	0.00307	0.00611	0.00788	0.01084	0.09835	0.29640	0.27600	0.06833	0.00518	0.00142	0.00208	0.02468	0.17125	0.00314
18	0.01027	0.35412	0.13974	0.02093	0.12616	0.13640	0.02461	0.02377	0.02969	0.05730	0.00681	0.00791	0.00555	0.01357	0.00336	0.00101	0.01395	0.00266	0.01716	0.00503
19	0.00753	0.00843	0.10980	0.09205	0.08304	0.02707	0.11154	0.05611	0.03444	0.01141	0.04374	0.18129	0.04187	0.00680	0.02907	0.00146	0.12458	0.02296	0.00244	0.00440
20	0.05795	0.00438	0.00544	0.00496	0.00625	0.00404	0.00379	0.00883	0.00979	0.15953	0.49763	0.09304	0.11526	0.00735	0.00418	0.00120	0.00211	0.00636	0.00395	0.00394
21	0.02600	0.07698	0.23077	0.15939	0.09864	0.04005	0.01848	0.02169	0.03149	0.05041	0.05072	0.08341	0.05356	0.00493	0.00401	0.00119	0.03722	0.00407	0.00226	0.00473
22	0.00915	0.01122	0.19776	0.17221	0.37955	0.05215	0.02412	0.06819	0.00891	0.03148	0.00709	0.00897	0.00549	0.00356	0.00365	0.00114	0.00484	0.00316	0.00194	0.00541
23	0.00485	0.00361	0.00485	0.00522	0.00574	0.00368	0.00375	0.00576	0.00677	0.00911	0.01836	0.38174	0.13219	0.06172	0.33085	0.00329	0.00517	0.00739	0.00283	0.00311
24	0.00458	0.00329	0.00423	0.00497	0.00532	0.00304	0.00336	0.00528	0.00727	0.00966	0.02201	0.75642	0.10979	0.01119	0.00464	0.00146	0.00211	0.01007	0.02828	0.00304
25	0.01027	0.14949	0.09615	0.02811	0.05116	0.19385	0.09631	0.06204	0.02187	0.03593	0.00650	0.00813	0.00536	0.00475	0.02260	0.00127	0.19648	0.00299	0.00197	0.00477
26	0.01665	0.00632	0.00861	0.00660	0.00948	0.00546	0.00546	0.01809	0.01062	0.84897	0.01464	0.01263	0.00919	0.00459	0.00373	0.00115	0.00316	0.00373	0.00459	0.00632
27	0.01270	0.00835	0.00908	0.00715	0.00962	0.00900	0.00585	0.55615	0.01448	0.10741	0.01026	0.01045	0.00736	0.00444	0.00345	0.00106	0.00344	0.00341	0.21069	0.00565
28	0.00799	0.00839	0.04087	0.05927	0.13625	0.00784	0.43128	0.01071	0.02471	0.01175	0.00991	0.07927	0.00885	0.00461	0.00417	0.00126	0.00493	0.07649	0.06673	0.00471
29	0.00489	0.00383	0.00443	0.00427	0.00534	0.00340	0.00320	0.00635	0.01979	0.01255	0.44552	0.03141	0.42484	0.00843	0.00437	0.00121	0.00183	0.00722	0.00377	0.00335
30	0.00445	0.00353	0.00400	0.00438	0.00518	0.00308	0.00310	0.00526	0.00786	0.00978	0.03003	0.40296	0.48254	0.01038	0.00454	0.00137	0.00200	0.00903	0.00345	0.00308
31	0.70745	0.10298	0.02692	0.00549	0.00799	0.03142	0.00475	0.05518	0.00719	0.01583	0.00542	0.00624	0.00426	0.00348	0.00244	0.00110	0.00322	0.00211	0.00227	0.00427
32	0.00744	0.01920	0.85032	0.01058	0.01607	0.00862	0.01371	0.01176	0.00784	0.01176	0.00666	0.00784	0.00470	0.00353	0.00353	0.00118	0.00549	0.00274	0.00157	0.00549
33	0.00482	0.00377	0.00437	0.00424	0.00529	0.00332	0.00317	0.00616	0.00946	0.01245	0.44097	0.04804	0.42357	0.00854	0.00439	0.00122	0.00182	0.00733	0.00377	0.00332
34	0.01388	0.01025	0.01099	0.00847	0.01139	0.01135	0.00698	0.80664	0.03313	0.02305	0.00919	0.02113	0.00667	0.00457	0.00373	0.00112	0.00404	0.00346	0.00371	0.00626
35	0.01050	0.00837	0.00862	0.00714	0.02701	0.09422	0.00552	0.14796	0.15260	0.10810	0.01066	0.02646	0.03424	0.00417	0.00336	0.00093	0.00342	0.00331	0.02788	0.31550
36	0.00734	0.00693	0.01172	0.73491	0.14873	0.00833	0.01047	0.00977	0.00758	0.00988	0.00666	0.00979	0.00509	0.00365	0.00371	0.00122	0.00487	0.00330	0.00168	0.00439
37	0.01000	0.00836	0.00883	0.00771	0.00995	0.00959	0.00606	0.14816	0.71000	0.01677	0.01413	0.01307	0.01054	0.00494	0.00377	0.00124	0.00312	0.00406	0.00377	0.00594
38	0.00599	0.00502	0.00631	0.03143	0.08448	0.05283	0.00523	0.00726	0.01664	0.01033	0.03920	0.44258	0.05371	0.00958	0.00460	0.00146	0.00301	0.21365	0.00317	0.00353
39	0.00992	0.87178	0.01945	0.00635	0.00953	0.01469	0.00635	0.01111	0.00754	0.00873	0.00516	0.00595	0.00476	0.00318	0.00238	0.00079	0.00397	0.00198	0.00159	0.00476
40	0.00899	0.00708	0.00746	0.00677	0.00827	0.05888	0.00515	0.31041	0.06297	0.01521	0.04197	0.38119	0.02862	0.00778	0.00416	0.00129	0.00317	0.01467	0.02146	0.00451
41	0.00480	0.00373	0.00436	0.00429	0.00529	0.00329	0.00318	0.00609	0.00930	0.01223	0.40868	0.09799	0.40598	0.00874	0.00441	0.00123	0.00184	0.00753	0.00374	0.00329
42	0.00571	0.00412	0.00564	0.00641	0.00722	0.00405	0.00545	0.00726	0.00845	0.01098	0.04401	0.12326	0.07638	0.01026	0.00502	0.00164	0.00314	0.66418	0.00344	0.00336
43	0.07230	0.00930	0.01015	0.00784	0.01071	0.01003	0.00647	0.61451	0.01528	0.17266	0.00977	0.00950	0.00675	0.00441	0.00360	0.00112	0.00379	0.00333	0.02239	0.00610
44	0.02136	0.00394	0.00468	0.00452	0.00557	0.00367	0.00340	0.00827	0.00885	0.10144	0.25675	0.14459	0.12306	0.00709	0.00381	0.00115	0.00202	0.02225	0.26991	0.00368
45	0.89577	0.00718	0.00546	0.00488	0.00718	0.00833	0.00402	0.01091	0.00632	0.01665	0.00517	0.00603	0.00402	0.00345	0.00230	0.00115	0.00287	0.00201	0.00230	0.00402
46	0.00744	0.01920	0.85032	0.01058	0.01607	0.00862	0.01371	0.01176	0.00784	0.01176	0.00666	0.00784	0.00470	0.00353	0.00353	0.00118	0.00549	0.00274	0.00157	0.00549
47	0.00919	0.00882	0.01507	0.02278	0.84640	0.00882	0.01139	0.01139	0.00845	0.01213	0.00698	0.00919	0.00588	0.00331	0.00367	0.00110	0.00441	0.00331	0.00184	0.00588
48	0.00452	0.00323	0.00431	0.00517	0.00538	0.00301	0.00345	0.00517	0.00711	0.00948	0.02046	0.86713	0.02455	0.01163	0.00474	0.00151	0.00215	0.01055	0.00345	0.00301
49	0.01411	0.01040	0.01114	0.00854	0.01151	0.01151	0.00706	0.83402	0.01745	0.02339	0.00891	0.00891	0.00631	0.00446	0.00371	0.00111	0.00408	0.00334	0.00371	0.00631
50	0.00692	0.00346	0.00346	0.00346	0.00432	0.00346	0.00259	0.00865	0.00778	0.01384	0.01211	0.01384	0.00951	0.00432	0.00259	0.00086	0.00173	0.00346	0.89016	0.00346
51	0.00485	0.00364	0.00507	0.09028	0.00752	0.00361	0.00427	0.00575	0.00726	0.00959	0.01946	0.71110	0.04284	0.01070	0.00465	0.00149	0.00250	0.05898	0.00327	0.00315
52	0.00539	0.00365	0.00429	0.00429	0.00437	0.00373	0.00255	0.00555	0.00547	0.00738	0.01148	0.02307	0.01297	0.76409	0.12363	0.00390	0.00439	0.00522	0.00222	0.00238
53	0.00556	0.00411	0.00539	0.00599	0.00693	0.00395	0.00509	0.00707	0.00860	0.01103	0.06590	0.05246	0.21141	0.00994	0.00491	0.00157	0.00296	0.58030	0.00346	0.00335
54	0.01297	0.00770	0.00892	0.00733	0.00988	0.00809	0.00590	0.14910	0.37840	0.34852	0.01393	0.01258	0.00968	0.00477	0.00375	0.00119	0.00321	0.00388	0.00409	0.00612
55	0.03548	0.00633	0.00825	0.00648	0.00910	0.00579	0.00532	0.07872	0.01060	0.66078	0.01450	0.01323	0.04078	0.00619	0.05698	0.00144	0.00356	0.00383	0.02676	0.00588
56	0.00489	0.00365	0.00509	0.00635	0.06339	0.00344	0.00400	0.00571	0.00741	0.00999	0.06954	0.75701	0.02390	0.01081	0.00464	0.00146	0.00228	0.00982	0.00337	0.00324
57	0.00590	0.00364	0.00437	0.00481	0.00551	0.00355	0.00370	0.00726	0.00778	0.01161	0.01751	0.23070	0.06133	0.03784	0.00445	0.00136	0.00236	0.22324	0.35980	0.00328
58	0.01114	0.01330	0.04609	0.09024	0.16116	0.40038	0.13115	0.03236	0.05828	0.01089	0.00696	0.00843	0.00553	0.00369	0.00363	0.00108	0.00574	0.00307	0.00201	0.00485
59	0.01015	0.81140	0.03440	0.00650	0.00971	0.01428	0.00649	0.03648	0.00792	0.02688	0.00550	0.00622	0.00490	0.00325	0.00247	0.00082	0.00398	0.00208	0.00172	0.00486
60	0.00827	0.00811	0.02923	0.35388	0.01601	0.08829	0.00837	0.02428	0.03306	0.03528	0.04571	0.01041	0.00698	0.00623	0.05777	0.00159	0.24318	0.00343	0.01569	0.00422
61	0.81420	0.05024	0.00641	0.00530	0.01674	0.03550	0.00432	0.01105	0.00653	0.01597	0.00521	0.00608	0.00410	0.00344	0.00235	0.00112	0.00306	0.00204	0.00224	0.00409
62	0.00516	0.00374	0.00465	0.03080	0.00596	0.00352	0.00352	0.00660	0.02234	0.01213	0.32953	0.28136	0.17121	0.00865	0.00428	0.00126	0.00201	0.00760	0.09233	0.00334
63	0.01029	0.09277	0.01268	0.02348	0.30083	0.15689	0.04478	0.02804	0.03146	0.06745	0.00749	0.00902	0.00608	0.00353	0.00337	0.00096	0.00439	0.01480	0.00219	0.17951
64	0.02968	0.00712	0.00893	0.00690	0.00971	0.00676	0.00569	0.18350	0.03061	0.62579	0.01327	0.01183	0.00858	0.00455	0.00368	0.00114	0.00330	0.00363	0.02916	0.00619
65	0.00794	0.00984	0.17998	0.08992	0.20598	0.00778	0.18208	0.01089	0.03371	0.03233	0.17297	0.01302	0.01150	0.00434	0.00410	0.00119	0.02098	0.00413	0.00234	0.00496
66	0.00531	0.00396	0.00589	0.00589	0.00653	0.00460	0.00454	0.00658	0.00594	0.00856	0.01001	0.01497	0.00945	0.06139	0.82152	0.00587	0.00969	0.00403	0.00200	0.00327
67	0.00499	0.00378	0.00454	0.00437	0.00532	0.00340	0.00325	0.00638	0.00954	0.01284	0.52529	0.03036	0.29790	0.05388	0.00516	0.00133	0.00191	0.01867	0.00377	0.00331
68	0.01037	0.73948	0.01791	0.00671	0.00966	0.12499	0.00637	0.01155	0.00794	0.00890	0.00540	0.00623	0.00487	0.00329	0.00251	0.00082	0.00428	0.00207	0.02198	0.00467
69	0.00465	0.00329	0.00430	0.00506	0.00526	0.00310	0.00335	0.00523	0.00693	0.00924	0.01943	0.75628	0.02322	0.11130	0.00639	0.00175	0.00234	0.02263	0.00331	0.00293
70	0.01328	0.06405	0.01170	0.00848	0.01138	0.01135	0.03152	0.69949	0.05612	0.02136	0.00888	0.00905	0.00644	0.00456	0.00390	0.02151	0.00407	0.00333	0.00348	0.00605
71	0.03080	0.15874	0.03688	0.05823	0.01103	0.17367	0.01479	0.12931	0.04459	0.04492	0.00753	0.02355	0.00652	0.05016	0.00594	0.00130	0.17866	0.01643	0.00229	0.00465
72	0.00503	0.00377	0.00434	0.00432	0.00536	0.00329	0.00319	0.00617	0.00891	0.03657	0.26722	0.15943	0.46094	0.00907	0.00442	0.00126	0.00192	0.00780	0.00367	0.00332
73	0.00499	0.00390	0.00453	0.03051	0.00600	0.00348	0.00346	0.00623	0.00897	0.02501	0.25788	0.07223	0.50424	0.00879	0.00440	0.00126	0.00204	0.04516	0.00359	0.00333
74	0.02367	0.00806	0.02772	0.00679	0.00993	0.02275	0.00543	0.05838	0.07648	0.06895	0.00919	0.02680	0.00752	0.00405	0.00346	0.00092	0.00335	0.00305	0.00292	0.63061

[dist]
# distance from previous block
# <min> <max>
3	25

[block]
# block no. 4 follows, 74 sequences, length 19
# corresponding to MSA columns:
# 264-282
name=unknown_E
#
# <colnr> <probs for GDERKNQSTAVLIFYWHMCP>
#	G	D	E	R	K	N	Q	S	T	A	V	L	I	F	Y	W	H	M	C	P
0	0.40083	0.06117	0.00814	0.00624	0.00862	0.03917	0.01697	0.13349	0.09637	0.07424	0.07471	0.01797	0.00831	0.00422	0.00304	0.00111	0.00323	0.00307	0.00291	0.03618
1	0.00485	0.00397	0.03527	0.00493	0.00538	0.00339	0.00344	0.00549	0.00680	0.00900	0.01924	0.53084	0.09886	0.24083	0.00845	0.00203	0.00264	0.00863	0.00306	0.00291
2	0.01088	0.66659	0.01733	0.00708	0.01000	0.18171	0.00654	0.04551	0.00854	0.00940	0.00543	0.00622	0.00483	0.00336	0.00263	0.00084	0.00452	0.00212	0.00174	0.00474
3	0.01122	0.16280	0.05234	0.00874	0.02948	0.20203	0.09856	0.04897	0.06938	0.13730	0.00847	0.00950	0.00660	0.03516	0.03049	0.00125	0.00481	0.00309	0.00249	0.07731
4	0.03533	0.09274	0.11531	0.00917	0.06834	0.04796	0.01740	0.32488	0.07495	0.05083	0.00894	0.04043	0.00721	0.04319	0.00464	0.00125	0.04568	0.00350	0.00284	0.00542
5	0.00582	0.00393	0.00439	0.00427	0.00441	0.00398	0.00248	0.04546	0.00598	0.00798	0.01156	0.02355	0.01315	0.82773	0.01816	0.00348	0.00362	0.00530	0.00232	0.00245
6	0.00530	0.00398	0.00597	0.00597	0.00663	0.00464	0.00464	0.00663	0.00597	0.00862	0.00994	0.01458	0.00928	0.02784	0.85484	0.00597	0.00994	0.00398	0.00199	0.00331
7	0.01005	0.09220	0.04374	0.05911	0.29707	0.02154	0.05195	0.08328	0.15318	0.09057	0.01785	0.02300	0.00793	0.00420	0.00367	0.00114	0.00408	0.02726	0.00264	0.00554
8	0.00744	0.03802	0.02096	0.00598	0.00697	0.07779	0.02430	0.07023	0.05255	0.02720	0.04302	0.08685	0.02492	0.38372	0.09639	0.00272	0.01988	0.00502	0.00256	0.00348
9	0.00458	0.00332	0.00434	0.00510	0.00544	0.00308	0.00349	0.00532	0.00736	0.00974	0.04742	0.75155	0.08552	0.01129	0.00471	0.00148	0.00216	0.03755	0.00346	0.00305
10	0.08605	0.00665	0.00783	0.00687	0.03993	0.00677	0.00526	0.22113	0.03751	0.20040	0.26258	0.01712	0.04562	0.01957	0.00409	0.00120	0.00295	0.01967	0.00379	0.00501
11	0.01856	0.08766	0.06638	0.09158	0.17289	0.02658	0.14572	0.06912	0.12444	0.03116	0.06461	0.02813	0.02560	0.00442	0.00378	0.00117	0.00428	0.02631	0.00251	0.00510
12	0.01047	0.00945	0.15986	0.16294	0.11486	0.02414	0.06466	0.05885	0.02639	0.23852	0.05479	0.04076	0.00871	0.00438	0.00379	0.00118	0.00426	0.00383	0.00283	0.00532
13	0.00482	0.00351	0.00422	0.00467	0.00509	0.00327	0.00315	0.00542	0.00703	0.00909	0.02178	0.41035	0.19906	0.24063	0.00847	0.00202	0.00256	0.05887	0.00312	0.00286
14	0.22004	0.00736	0.00990	0.09546	0.20990	0.00765	0.02186	0.06494	0.00903	0.24547	0.03861	0.02406	0.00761	0.00415	0.00357	0.00116	0.01771	0.00338	0.00291	0.00524
15	0.00902	0.13396	0.32880	0.06287	0.10803	0.04726	0.02950	0.07409	0.00863	0.05205	0.00773	0.03274	0.00640	0.06642	0.00469	0.00129	0.01614	0.00326	0.00204	0.00506
16	0.00795	0.01008	0.21976	0.20287	0.29039	0.00775	0.01023	0.01073	0.02808	0.04651	0.01069	0.04679	0.08331	0.00445	0.00376	0.00119	0.00438	0.00392	0.00210	0.00504
17	0.00536	0.00379	0.00458	0.00472	0.00561	0.00341	0.00343	0.01853	0.00861	0.05039	0.19364	0.34376	0.30923	0.00958	0.00449	0.00133	0.00207	0.02048	0.00363	0.00336
18	0.00978	0.00962	0.05280	0.06915	0.07541	0.12084	0.20768	0.09993	0.04012	0.07922	0.01847	0.12469	0.02333	0.00511	0.00431	0.00123	0.03707	0.01378	0.00260	0.00485

[dist]
# distance from previous block
# <min> <max>
2	19

[block]
# block no. 5 follows, 74 sequences, length 130
# corresponding to MSA columns:
# 302-431
name=unknown_F
#
# <colnr> <probs for GDERKNQSTAVLIFYWHMCP>
#	G	D	E	R	K	N	Q	S	T	A	V	L	I	F	Y	W	H	M	C	P
0	0.08344	0.09649	0.31211	0.02235	0.11081	0.08156	0.07196	0.05080	0.02754	0.02287	0.00732	0.01758	0.01529	0.00366	0.00337	0.00108	0.00474	0.00296	0.00199	0.06210
1	0.19935	0.20653	0.02752	0.13952	0.08951	0.07605	0.00678	0.03111	0.03085	0.01168	0.00651	0.00850	0.00553	0.04797	0.01750	0.00123	0.01585	0.00270	0.00200	0.07330
2	0.00706	0.00563	0.03008	0.00836	0.16043	0.00511	0.00545	0.01758	0.05593	0.07807	0.30531	0.03226	0.21085	0.02611	0.00449	0.00126	0.00268	0.03568	0.00340	0.00425
3	0.00503	0.00384	0.00462	0.00442	0.00543	0.00347	0.00332	0.00665	0.02202	0.01333	0.57176	0.03010	0.29616	0.00814	0.00437	0.00120	0.00181	0.00704	0.00388	0.00342
4	0.00770	0.00660	0.00770	0.00550	0.00880	0.00495	0.00440	0.00935	0.00770	0.01210	0.00660	0.00770	0.00550	0.00275	0.00275	0.00055	0.00275	0.00220	0.00220	0.89224
5	0.00508	0.00378	0.00472	0.00451	0.00544	0.00342	0.00337	0.00666	0.01006	0.01387	0.67751	0.04495	0.18689	0.00800	0.00439	0.00119	0.00178	0.00700	0.00395	0.00342
6	0.00469	0.00361	0.00410	0.00434	0.00507	0.00324	0.00304	0.00549	0.00776	0.00981	0.08657	0.25587	0.41009	0.14773	0.00683	0.00170	0.00226	0.03151	0.00330	0.00299
7	0.00923	0.00797	0.00839	0.00755	0.00965	0.00923	0.00588	0.01972	0.83969	0.01553	0.01511	0.01385	0.01133	0.00504	0.00378	0.00126	0.00294	0.00420	0.00378	0.00588
8	0.89577	0.00718	0.00546	0.00488	0.00718	0.00833	0.00402	0.01091	0.00632	0.01665	0.00517	0.00603	0.00402	0.00345	0.00230	0.00115	0.00287	0.00201	0.00230	0.00402
9	0.00536	0.00377	0.00491	0.00491	0.00520	0.00406	0.00332	0.00595	0.00565	0.00783	0.01091	0.01995	0.01161	0.49300	0.39286	0.00466	0.00644	0.00476	0.00213	0.00273
10	0.00540	0.00360	0.00405	0.00405	0.00405	0.00360	0.00225	0.00540	0.00540	0.00720	0.01170	0.02429	0.01349	0.86955	0.01889	0.00360	0.00360	0.00540	0.00225	0.00225
11	0.89577	0.00718	0.00546	0.00488	0.00718	0.00833	0.00402	0.01091	0.00632	0.01665	0.00517	0.00603	0.00402	0.00345	0.00230	0.00115	0.00287	0.00201	0.00230	0.00402
12	0.00570	0.00447	0.00544	0.00527	0.00631	0.00424	0.02204	0.02588	0.08744	0.01122	0.12140	0.32466	0.17967	0.09330	0.00572	0.00150	0.00244	0.00742	0.01357	0.07233
13	0.00507	0.00372	0.00475	0.00463	0.00547	0.00340	0.00342	0.00660	0.00988	0.01371	0.65828	0.12604	0.12468	0.00826	0.00442	0.00122	0.00181	0.00728	0.00394	0.00340
14	0.00788	0.00667	0.00798	0.00615	0.03948	0.00510	0.00467	0.00955	0.00777	0.02438	0.00673	0.00782	0.00557	0.00280	0.00280	0.00058	0.00282	0.00226	0.00222	0.84677
15	0.52226	0.00722	0.00614	0.00595	0.00777	0.07959	0.00493	0.01055	0.03454	0.01426	0.00980	0.01684	0.00942	0.00580	0.01374	0.00136	0.00345	0.23982	0.00263	0.00392
16	0.87179	0.00727	0.00561	0.00498	0.00730	0.00841	0.00410	0.03330	0.00662	0.01684	0.00527	0.00611	0.00408	0.00347	0.00234	0.00115	0.00290	0.00205	0.00234	0.00408
17	0.00452	0.00323	0.00431	0.00517	0.00538	0.00301	0.00345	0.00517	0.00711	0.00948	0.02046	0.86713	0.02455	0.01163	0.00474	0.00151	0.00215	0.01055	0.00345	0.00301
18	0.00451	0.00328	0.00426	0.00504	0.00535	0.00303	0.00339	0.00518	0.00723	0.00952	0.02196	0.79416	0.09654	0.01143	0.00471	0.00149	0.00213	0.01031	0.00345	0.00303
19	0.01311	0.01621	0.04626	0.02212	0.01237	0.65393	0.06269	0.09580	0.02381	0.01091	0.00637	0.00734	0.00509	0.00385	0.00347	0.00101	0.00627	0.00267	0.00210	0.00462
20	0.57318	0.00787	0.00763	0.05727	0.00967	0.02750	0.03541	0.12359	0.03174	0.08560	0.00692	0.00758	0.00509	0.00374	0.00283	0.00115	0.00340	0.00257	0.00266	0.00462
21	0.00509	0.00376	0.00476	0.00458	0.00546	0.00342	0.00341	0.00667	0.01003	0.01391	0.68748	0.07899	0.14248	0.00807	0.00440	0.00120	0.00179	0.00709	0.00396	0.00342
22	0.89577	0.00718	0.00546	0.00488	0.00718	0.00833	0.00402	0.01091	0.00632	0.01665	0.00517	0.00603	0.00402	0.00345	0.00230	0.00115	0.00287	0.00201	0.00230	0.00402
23	0.00701	0.00660	0.01113	0.86063	0.02556	0.00825	0.01031	0.00948	0.00742	0.00948	0.00660	0.00990	0.00495	0.00371	0.00371	0.00124	0.00495	0.00330	0.00165	0.00412
24	0.89577	0.00718	0.00546	0.00488	0.00718	0.00833	0.00402	0.01091	0.00632	0.01665	0.00517	0.00603	0.00402	0.00345	0.00230	0.00115	0.00287	0.00201	0.00230	0.00402
25	0.00530	0.00398	0.00597	0.00597	0.00663	0.00464	0.00464	0.00663	0.00597	0.00862	0.00994	0.01458	0.00928	0.02784	0.85484	0.00597	0.00994	0.00398	0.00199	0.00331
26	0.00923	0.00797	0.00839	0.00755	0.00965	0.00923	0.00588	0.01972	0.83969	0.01553	0.01511	0.01385	0.01133	0.00504	0.00378	0.00126	0.00294	0.00420	0.00378	0.00588
27	0.00992	0.87178	0.01945	0.00635	0.00953	0.01469	0.00635	0.01111	0.00754	0.00873	0.00516	0.00595	0.00476	0.00318	0.00238	0.00079	0.00397	0.00198	0.00159	0.00476
28	0.00451	0.00326	0.00427	0.00508	0.00536	0.00302	0.00341	0.00518	0.00719	0.00951	0.02148	0.81741	0.07361	0.01150	0.00472	0.00149	0.00214	0.01039	0.00345	0.00302
29	0.00757	0.00365	0.00380	0.00367	0.00467	0.00359	0.00279	0.00928	0.00797	0.06970	0.01228	0.01376	0.00949	0.00434	0.00267	0.00088	0.00183	0.00348	0.83092	0.00365
30	0.01665	0.00632	0.00861	0.00660	0.00948	0.00546	0.00546	0.01809	0.01062	0.84897	0.01464	0.01263	0.00919	0.00459	0.00373	0.00115	0.00316	0.00373	0.00459	0.00632
31	0.06922	0.00637	0.00843	0.00650	0.00934	0.00563	0.00537	0.01766	0.01037	0.79920	0.01408	0.01224	0.00888	0.00453	0.00365	0.00115	0.00314	0.00363	0.00446	0.00618
32	0.00453	0.00325	0.00431	0.00514	0.00538	0.00302	0.00344	0.00520	0.00718	0.00957	0.03340	0.84192	0.03684	0.01153	0.00473	0.00150	0.00214	0.01045	0.00346	0.00302
33	0.01588	0.00426	0.00500	0.00463	0.00594	0.00386	0.00353	0.00821	0.04402	0.10859	0.35158	0.03952	0.34879	0.00777	0.00421	0.00120	0.00203	0.00661	0.03059	0.00378
34	0.01659	0.00642	0.00868	0.00666	0.00953	0.00561	0.00550	0.03957	0.01080	0.82724	0.01449	0.01254	0.00911	0.00459	0.00373	0.00115	0.00318	0.00372	0.00457	0.00632
35	0.00544	0.00397	0.00505	0.00471	0.00567	0.00370	0.00355	0.02939	0.01056	0.01479	0.76774	0.02775	0.08841	0.00762	0.00436	0.00117	0.00182	0.00670	0.00403	0.00355
36	0.54999	0.00680	0.00664	0.00553	0.00802	0.00717	0.00455	0.01356	0.00801	0.33090	0.02178	0.00886	0.00645	0.00394	0.00287	0.00115	0.00296	0.00273	0.00319	0.00488
37	0.00499	0.00364	0.00459	0.00499	0.00560	0.00340	0.00353	0.00627	0.03534	0.02086	0.19766	0.51067	0.14624	0.01012	0.00458	0.00139	0.00209	0.02717	0.00361	0.00328
38	0.02420	0.08053	0.03241	0.04410	0.01359	0.45949	0.19242	0.05466	0.00996	0.03559	0.00661	0.00790	0.00522	0.00391	0.01264	0.00110	0.00604	0.00295	0.00204	0.00466
39	0.01640	0.00672	0.00886	0.00680	0.00968	0.00605	0.00561	0.09856	0.01130	0.76755	0.01408	0.01227	0.00890	0.00458	0.00373	0.00115	0.00325	0.00369	0.00451	0.00632
40	0.00961	0.61321	0.19203	0.00799	0.04165	0.03847	0.00811	0.03376	0.00800	0.00990	0.00566	0.00657	0.00483	0.00331	0.00273	0.00090	0.00439	0.00224	0.00166	0.00498
41	0.00744	0.01920	0.85032	0.01058	0.01607	0.00862	0.01371	0.01176	0.00784	0.01176	0.00666	0.00784	0.00470	0.00353	0.00353	0.00118	0.00549	0.00274	0.00157	0.00549
42	0.00454	0.00325	0.00433	0.00519	0.00542	0.00303	0.00348	0.00521	0.00713	0.00950	0.02045	0.85503	0.02450	0.01161	0.00474	0.00151	0.00217	0.02244	0.00345	0.00302
43	0.00874	0.00995	0.02158	0.01546	0.01910	0.00945	0.80774	0.01180	0.00867	0.01180	0.00743	0.00995	0.00561	0.00323	0.00462	0.00126	0.03240	0.00435	0.00187	0.00498
44	0.00481	0.00378	0.00435	0.00421	0.00528	0.00332	0.00316	0.00615	0.00947	0.01242	0.43564	0.03178	0.44536	0.00851	0.00438	0.00121	0.00182	0.00728	0.00376	0.00332
45	0.00645	0.00322	0.00484	0.00484	0.00484	0.00322	0.00322	0.00484	0.00484	0.00645	0.00645	0.01128	0.00645	0.01289	0.01451	0.89201	0.00322	0.00322	0.00161	0.00161
46	0.00919	0.00882	0.01507	0.02278	0.84640	0.00882	0.01139	0.01139	0.00845	0.01213	0.00698	0.00919	0.00588	0.00331	0.00367	0.00110	0.00441	0.00331	0.00184	0.00588
47	0.00744	0.01920	0.85032	0.01058	0.01607	0.00862	0.01371	0.01176	0.00784	0.01176	0.00666	0.00784	0.00470	0.00353	0.00353	0.00118	0.00549	0.00274	0.00157	0.00549
48	0.00525	0.00379	0.00496	0.00467	0.00555	0.00350	0.00350	0.00700	0.01051	0.01488	0.84444	0.02773	0.03502	0.00759	0.00438	0.00117	0.00175	0.00671	0.00409	0.00350
49	0.00992	0.87178	0.01945	0.00635	0.00953	0.01469	0.00635	0.01111	0.00754	0.00873	0.00516	0.00595	0.00476	0.00318	0.00238	0.00079	0.00397	0.00198	0.00159	0.00476
50	0.89577	0.00718	0.00546	0.00488	0.00718	0.00833	0.00402	0.01091	0.00632	0.01665	0.00517	0.00603	0.00402	0.00345	0.00230	0.00115	0.00287	0.00201	0.00230	0.00402
51	0.00442	0.00376	0.00380	0.00379	0.00503	0.00315	0.00285	0.00539	0.00854	0.01021	0.06715	0.03543	0.81523	0.00933	0.00439	0.00125	0.00188	0.00779	0.00347	0.00315
52	0.00540	0.00360	0.00405	0.00405	0.00405	0.00360	0.00225	0.00540	0.00540	0.00720	0.01170	0.02429	0.01349	0.86955	0.01889	0.00360	0.00360	0.00540	0.00225	0.00225
53	0.00943	0.00807	0.00850	0.00759	0.00973	0.00932	0.00592	0.05209	0.80701	0.01584	0.01486	0.01365	0.01113	0.00501	0.00377	0.00125	0.00298	0.00416	0.00377	0.00589
54	0.01665	0.00632	0.00861	0.00660	0.00948	0.00546	0.00546	0.01809	0.01062	0.84897	0.01464	0.01263	0.00919	0.00459	0.00373	0.00115	0.00316	0.00373	0.00459	0.00632
55	0.00992	0.87178	0.01945	0.00635	0.00953	0.01469	0.00635	0.01111	0.00754	0.00873	0.00516	0.00595	0.00476	0.00318	0.00238	0.00079	0.00397	0.00198	0.00159	0.00476
56	0.00770	0.00660	0.00770	0.00550	0.00880	0.00495	0.00440	0.00935	0.00770	0.01210	0.00660	0.00770	0.00550	0.00275	0.00275	0.00055	0.00275	0.00220	0.00220	0.89224
57	0.00701	0.00660	0.01113	0.86063	0.02556	0.00825	0.01031	0.00948	0.00742	0.00948	0.00660	0.00990	0.00495	0.00371	0.00371	0.00124	0.00495	0.00330	0.00165	0.00412
58	0.00919	0.00882	0.01507	0.02278	0.84640	0.00882	0.01139	0.01139	0.00845	0.01213	0.00698	0.00919	0.00588	0.00331	0.00367	0.00110	0.00441	0.00331	0.00184	0.00588
59	0.00525	0.00379	0.00496	0.00467	0.00555	0.00350	0.00350	0.00700	0.01051	0.01488	0.84444	0.02773	0.03502	0.00759	0.00438	0.00117	0.00175	0.00671	0.00409	0.00350
60	0.00844	0.00731	0.00966	0.00873	0.13224	0.00617	0.04529	0.05159	0.02886	0.02297	0.00712	0.00830	0.00579	0.00301	0.00305	0.00072	0.00324	0.00259	0.00227	0.64264
61	0.01063	0.04348	0.05354	0.02295	0.07521	0.26401	0.20871	0.03762	0.20237	0.02226	0.00866	0.00957	0.00669	0.00391	0.00381	0.00113	0.01453	0.00343	0.00238	0.00511
62	0.01665	0.00632	0.00861	0.00660	0.00948	0.00546	0.00546	0.01809	0.01062	0.84897	0.01464	0.01263	0.00919	0.00459	0.00373	0.00115	0.00316	0.00373	0.00459	0.00632
63	0.00714	0.00683	0.01183	0.79937	0.03570	0.00832	0.05951	0.00965	0.00752	0.00966	0.00666	0.00989	0.00500	0.00367	0.00375	0.00124	0.00502	0.00336	0.00167	0.00420
64	0.00456	0.00328	0.00441	0.01749	0.00567	0.00309	0.00354	0.00523	0.00711	0.00948	0.02026	0.85478	0.02427	0.01151	0.00472	0.00150	0.00219	0.01045	0.00342	0.00303
