[name]
unknown

[dist]
# distance from previous block
# <min> <max>
0	31

[block]
# block no. 0 follows, 69 sequences, length 15
# corresponding to MSA columns:
# 31-45
name=unknown_A
#
# <colnr> <probs for GDERKNQSTAVLIFYWHMCP>
#	G	D	E	R	K	N	Q	S	T	A	V	L	I	F	Y	W	H	M	C	P
0	0.00610	0.00438	0.00605	0.00692	0.00777	0.00433	0.00592	0.00775	0.00886	0.01151	0.02146	0.13237	0.04911	0.01096	0.00535	0.00177	0.00341	0.69883	0.00361	0.00355
1	0.00555	0.00401	0.00524	0.00493	0.00586	0.00370	0.00370	0.00740	0.01110	0.01572	0.83570	0.02928	0.03699	0.00801	0.00462	0.00123	0.00185	0.00709	0.00432	0.00370
2	0.88991	0.00758	0.00576	0.00516	0.00758	0.00879	0.00425	0.01152	0.00667	0.01759	0.00546	0.00637	0.00425	0.00364	0.00243	0.00121	0.00303	0.00212	0.00243	0.00425
3	0.00478	0.00341	0.00455	0.00546	0.00569	0.00318	0.00364	0.00546	0.00751	0.01001	0.02161	0.85966	0.02593	0.01228	0.00500	0.00159	0.00227	0.01114	0.00364	0.00318
4	0.00813	0.00697	0.00813	0.00581	0.00929	0.00523	0.00465	0.00987	0.00813	0.01277	0.00697	0.00813	0.00581	0.00290	0.00290	0.00058	0.00290	0.00232	0.00232	0.88619
5	0.01648	0.00634	0.00851	0.00662	0.00942	0.00553	0.00543	0.01803	0.01090	0.75100	0.01518	0.01348	0.00974	0.00482	0.00381	0.00118	0.00317	0.00391	0.10011	0.00634
6	0.00759	0.00708	0.01153	0.78633	0.02568	0.00879	0.01052	0.01087	0.07258	0.01052	0.00768	0.01078	0.00576	0.00403	0.00392	0.00131	0.00506	0.00356	0.00192	0.00450
7	0.88991	0.00758	0.00576	0.00516	0.00758	0.00879	0.00425	0.01152	0.00667	0.01759	0.00546	0.00637	0.00425	0.00364	0.00243	0.00121	0.00303	0.00212	0.00243	0.00425
8	0.00970	0.00931	0.01591	0.02406	0.83777	0.00931	0.01203	0.01203	0.00893	0.01281	0.00737	0.00970	0.00621	0.00349	0.00388	0.00116	0.00466	0.00349	0.00194	0.00621
9	0.01390	0.01048	0.01120	0.00882	0.01177	0.01169	0.00721	0.66801	0.17675	0.02309	0.01069	0.01043	0.00770	0.00483	0.00393	0.00121	0.00408	0.00371	0.00393	0.00658
10	0.00540	0.00372	0.00457	0.00494	0.00510	0.00366	0.00314	0.00580	0.00655	0.00875	0.01603	0.32559	0.01869	0.47688	0.04933	0.00301	0.00353	0.04966	0.00288	0.00278
11	0.00484	0.00401	0.00427	0.00437	0.00560	0.00344	0.00335	0.00594	0.00900	0.01090	0.07158	0.06055	0.70159	0.01000	0.00472	0.00137	0.00214	0.08532	0.00367	0.00335
12	0.01590	0.00938	0.01077	0.00826	0.01136	0.00978	0.00682	0.52557	0.01575	0.32761	0.01166	0.01087	0.00779	0.00476	0.00393	0.00119	0.00395	0.00368	0.00427	0.00667
13	0.00989	0.01142	0.02072	0.03556	0.01909	0.11649	0.66113	0.01302	0.02923	0.01214	0.00780	0.01018	0.00594	0.00355	0.00465	0.00129	0.02642	0.00430	0.00202	0.00517
14	0.00970	0.00931	0.01591	0.02406	0.83777	0.00931	0.01203	0.01203	0.00893	0.01281	0.00737	0.00970	0.00621	0.00349	0.00388	0.00116	0.00466	0.00349	0.00194	0.00621

[dist]
# distance from previous block
# <min> <max>
0	21

[block]
# block no. 1 follows, 69 sequences, length 24
# corresponding to MSA columns:
# 67-90
name=unknown_B
#
# <colnr> <probs for GDERKNQSTAVLIFYWHMCP>
#	G	D	E	R	K	N	Q	S	T	A	V	L	I	F	Y	W	H	M	C	P
0	0.00467	0.00392	0.00405	0.00413	0.00535	0.00331	0.00306	0.00565	0.00885	0.01065	0.05572	0.11601	0.74101	0.01011	0.00467	0.00135	0.00201	0.00852	0.00366	0.00331
1	0.00599	0.00470	0.00677	0.00695	0.07079	0.00439	0.03896	0.00785	0.01056	0.01478	0.64008	0.05009	0.07592	0.00779	0.00461	0.00127	0.00235	0.03828	0.00395	0.00392
2	0.06930	0.00718	0.01099	0.69275	0.02364	0.00884	0.00986	0.01141	0.10600	0.01131	0.00794	0.01067	0.00596	0.00407	0.00382	0.00130	0.00482	0.00350	0.00206	0.00457
3	0.00561	0.00418	0.00620	0.00620	0.00686	0.00484	0.00477	0.00693	0.00627	0.00902	0.01060	0.01593	0.01003	0.07226	0.80414	0.00617	0.01016	0.00428	0.00211	0.00344
4	0.00505	0.00362	0.00475	0.00556	0.00586	0.00343	0.00374	0.02773	0.00780	0.01041	0.02128	0.83655	0.02541	0.01208	0.00497	0.00158	0.00233	0.01094	0.00365	0.00328
5	0.01358	0.01045	0.01164	0.04545	0.06803	0.02481	0.00772	0.63677	0.08697	0.02203	0.00993	0.02721	0.00740	0.00479	0.00394	0.00120	0.00427	0.00374	0.00367	0.00639
6	0.00681	0.00340	0.00511	0.00511	0.00511	0.00340	0.00340	0.00511	0.00511	0.00681	0.00681	0.01192	0.00681	0.01362	0.01532	0.88594	0.00340	0.00340	0.00170	0.00170
7	0.00500	0.00365	0.00490	0.02945	0.00648	0.00348	0.00404	0.00588	0.00783	0.01036	0.04699	0.69810	0.06709	0.01167	0.00498	0.00158	0.00244	0.07919	0.00360	0.00328
8	0.01366	0.01005	0.01096	0.00873	0.01154	0.01106	0.00724	0.70991	0.01708	0.02285	0.01102	0.03151	0.00897	0.00560	0.00412	0.00126	0.00419	0.10014	0.00388	0.00623
9	0.00474	0.00397	0.00410	0.00407	0.00532	0.00336	0.00303	0.00579	0.00906	0.01099	0.11281	0.03665	0.74198	0.03063	0.00501	0.00138	0.00202	0.00810	0.00367	0.00332
10	0.01114	0.01120	0.01286	0.06765	0.35596	0.22007	0.02351	0.05692	0.02774	0.04217	0.00756	0.00910	0.00607	0.00373	0.00368	0.00106	0.00499	0.00314	0.00226	0.12920
11	0.01391	0.00759	0.00893	0.00718	0.00977	0.00772	0.00582	0.22196	0.14981	0.36538	0.04381	0.01330	0.01036	0.00497	0.00382	0.00119	0.00331	0.00400	0.11104	0.00612
12	0.00942	0.00960	0.04811	0.09240	0.70363	0.00928	0.04623	0.01190	0.00882	0.01255	0.00735	0.00975	0.00607	0.00353	0.00391	0.00119	0.00483	0.00352	0.00191	0.00600
13	0.00926	0.00579	0.00614	0.00532	0.00695	0.00599	0.00419	0.23098	0.01133	0.04029	0.06188	0.01668	0.10671	0.00543	0.00342	0.00106	0.00257	0.00436	0.46712	0.00452
14	0.00570	0.00380	0.00428	0.00428	0.00428	0.00380	0.00238	0.00570	0.00570	0.00760	0.01235	0.02566	0.01425	0.86222	0.01995	0.00380	0.00380	0.00570	0.00238	0.00238
15	0.01433	0.01723	0.01102	0.00985	0.01199	0.70851	0.00747	0.09316	0.06903	0.01151	0.00707	0.00782	0.00569	0.00419	0.00360	0.00105	0.00653	0.00275	0.00234	0.00486
16	0.00553	0.00396	0.00487	0.00465	0.00557	0.00364	0.00343	0.00712	0.01020	0.01428	0.60029	0.02938	0.15799	0.06773	0.00557	0.00141	0.00201	0.00695	0.06187	0.00354
17	0.72405	0.00793	0.00672	0.00575	0.00830	0.00899	0.00474	0.10959	0.00840	0.07590	0.00663	0.00722	0.00492	0.00385	0.00271	0.00121	0.00321	0.00242	0.00277	0.00471
18	0.03402	0.13841	0.03117	0.00942	0.01204	0.26291	0.06735	0.22563	0.09598	0.01465	0.00820	0.02190	0.00655	0.00445	0.00411	0.00114	0.05076	0.00325	0.00268	0.00538
19	0.00641	0.00527	0.00657	0.00644	0.00722	0.06026	0.00492	0.02553	0.00683	0.00935	0.01034	0.01559	0.00980	0.09752	0.70286	0.00563	0.00957	0.00420	0.00216	0.00354
20	0.00723	0.00673	0.01128	0.79713	0.02560	0.00835	0.01041	0.00972	0.00782	0.01002	0.00793	0.06624	0.00659	0.00447	0.00399	0.00133	0.00503	0.00399	0.00187	0.00428
21	0.00739	0.00777	0.06615	0.77501	0.02581	0.00863	0.01096	0.01009	0.00783	0.01015	0.00707	0.01044	0.00533	0.00458	0.02630	0.00143	0.00540	0.00346	0.00175	0.00443
22	0.02821	0.05462	0.12257	0.04947	0.33339	0.01694	0.21074	0.01185	0.01650	0.02931	0.03364	0.05851	0.00802	0.00418	0.00403	0.00123	0.00501	0.00415	0.00215	0.00550
23	0.06124	0.01611	0.10613	0.00787	0.02263	0.02498	0.08791	0.01752	0.04839	0.12788	0.04483	0.20332	0.08813	0.00734	0.02265	0.00143	0.02474	0.01760	0.06468	0.00462

[dist]
# distance from previous block
# <min> <max>
3	69

[block]
# block no. 2 follows, 69 sequences, length 9
# corresponding to MSA columns:
# 160-168
name=unknown_C
#
# <colnr> <probs for GDERKNQSTAVLIFYWHMCP>
#	G	D	E	R	K	N	Q	S	T	A	V	L	I	F	Y	W	H	M	C	P
0	0.00844	0.00734	0.00765	0.00605	0.00878	0.07764	0.00476	0.01044	0.04457	0.04510	0.09630	0.01481	0.10291	0.00467	0.00347	0.00085	0.00309	0.02165	0.00285	0.52863
1	0.01210	0.24608	0.01349	0.00888	0.05023	0.10747	0.00712	0.17736	0.15839	0.08565	0.00917	0.00948	0.00709	0.00443	0.00412	0.00112	0.06538	0.00318	0.00289	0.02636
2	0.01534	0.08084	0.01000	0.00700	0.00979	0.00708	0.00582	0.07779	0.01086	0.59909	0.01338	0.01282	0.00908	0.04188	0.04050	0.00150	0.02136	0.00379	0.00416	0.02793
3	0.04075	0.31257	0.28195	0.00957	0.04871	0.01108	0.06274	0.05157	0.04091	0.03114	0.00820	0.06930	0.00705	0.00430	0.00344	0.00113	0.00465	0.00344	0.00214	0.00535
4	0.00575	0.00494	0.06447	0.00490	0.00534	0.00411	0.00339	0.00616	0.00609	0.00821	0.01300	0.11690	0.01488	0.70630	0.01713	0.00337	0.00377	0.00610	0.00246	0.00271
5	0.00569	0.00383	0.00444	0.00444	0.00450	0.00389	0.00258	0.00581	0.00575	0.00773	0.01220	0.02481	0.01388	0.79340	0.08827	0.00401	0.00435	0.00558	0.00235	0.00247
6	0.01168	0.46479	0.05029	0.08082	0.01243	0.18646	0.00760	0.08858	0.00973	0.04567	0.00656	0.00748	0.00540	0.00375	0.00309	0.00098	0.00492	0.00255	0.00209	0.00512
7	0.00914	0.01828	0.01922	0.00783	0.08835	0.01822	0.00543	0.11311	0.00929	0.07897	0.02757	0.03146	0.02904	0.21349	0.01843	0.00173	0.00369	0.03240	0.00282	0.27153
8	0.02507	0.14780	0.15153	0.03283	0.04269	0.21226	0.06644	0.14510	0.04531	0.04981	0.00766	0.00860	0.00589	0.00411	0.00396	0.00114	0.03891	0.00306	0.00240	0.00543

[dist]
# distance from previous block
# <min> <max>
3	12

[block]
# block no. 3 follows, 69 sequences, length 23
# corresponding to MSA columns:
# 181-203
name=unknown_D
#
# <colnr> <probs for GDERKNQSTAVLIFYWHMCP>
#	G	D	E	R	K	N	Q	S	T	A	V	L	I	F	Y	W	H	M	C	P
0	0.42767	0.06702	0.05539	0.00667	0.00933	0.08337	0.00577	0.06088	0.00880	0.17029	0.00835	0.03113	0.00638	0.00523	0.03752	0.00139	0.00404	0.00295	0.00286	0.00495
1	0.06632	0.07558	0.04523	0.00697	0.04879	0.00579	0.01581	0.00806	0.00757	0.03159	0.05493	0.23392	0.02856	0.13569	0.13411	0.01397	0.00442	0.07611	0.00282	0.00377
2	0.02515	0.02522	0.14070	0.09020	0.34409	0.06455	0.03461	0.03205	0.00909	0.03938	0.05703	0.04759	0.02946	0.00461	0.00429	0.00123	0.03909	0.00399	0.00228	0.00539
3	0.00558	0.05289	0.00628	0.00563	0.02482	0.00467	0.02461	0.00708	0.03535	0.01114	0.11635	0.18594	0.40702	0.01092	0.07253	0.00174	0.00307	0.01732	0.00341	0.00365
4	0.00725	0.00748	0.05812	0.74801	0.02499	0.00836	0.01060	0.00984	0.00784	0.01015	0.00796	0.06776	0.00661	0.00447	0.00398	0.00132	0.00506	0.00397	0.00187	0.00436
5	0.03881	0.01308	0.28618	0.12473	0.08311	0.09406	0.15770	0.01211	0.00882	0.05199	0.02266	0.07277	0.00760	0.00445	0.00398	0.00126	0.00536	0.00401	0.00216	0.00518
6	0.00863	0.01157	0.19006	0.05133	0.16509	0.05773	0.26641	0.01146	0.00893	0.01219	0.06163	0.07136	0.00950	0.00473	0.00450	0.00130	0.03100	0.02523	0.00220	0.00515
7	0.01612	0.00697	0.00900	0.00703	0.00992	0.00639	0.00577	0.08139	0.06707	0.67421	0.01640	0.01450	0.05626	0.00516	0.00398	0.00122	0.00332	0.00419	0.00465	0.00645
8	0.00905	0.00709	0.07550	0.06381	0.00973	0.04749	0.00593	0.01144	0.06630	0.18864	0.21464	0.11582	0.06672	0.02396	0.06080	0.00167	0.00376	0.01943	0.00359	0.00464
9	0.00966	0.16532	0.21078	0.01096	0.08878	0.08449	0.11479	0.04466	0.10957	0.02591	0.03245	0.02166	0.05525	0.00444	0.00376	0.00117	0.00483	0.00375	0.00239	0.00539
10	0.00980	0.07139	0.05329	0.03488	0.04102	0.12629	0.16434	0.06880	0.01914	0.07622	0.01324	0.14055	0.06646	0.01770	0.00462	0.00133	0.02314	0.06019	0.00279	0.00479
11	0.01663	0.00688	0.00907	0.00710	0.01003	0.00625	0.00582	0.01932	0.11106	0.74008	0.01553	0.01350	0.00998	0.00491	0.00395	0.00123	0.00331	0.00400	0.00475	0.00661
12	0.00564	0.00417	0.00507	0.00526	0.00611	0.00396	0.00384	0.00743	0.06480	0.02507	0.21608	0.30153	0.20501	0.06099	0.00567	0.00157	0.00237	0.06808	0.00376	0.00358
13	0.00989	0.07618	0.26578	0.03583	0.25019	0.05918	0.03791	0.02887	0.04303	0.08062	0.01719	0.01700	0.02239	0.00466	0.02265	0.00130	0.01592	0.00347	0.00227	0.00567
14	0.01054	0.63843	0.05170	0.00855	0.01205	0.03274	0.12909	0.05712	0.00882	0.01071	0.00612	0.00720	0.00526	0.00345	0.00298	0.00095	0.00469	0.00259	0.00185	0.00518
15	0.00574	0.00427	0.00555	0.00619	0.00714	0.00407	0.00517	0.00725	0.00893	0.01141	0.04903	0.11197	0.22777	0.01065	0.00516	0.00165	0.00304	0.51788	0.00364	0.00350
16	0.00601	0.00507	0.03091	0.05392	0.00823	0.01634	0.00533	0.00780	0.03878	0.01133	0.09073	0.21250	0.12770	0.06840	0.00594	0.00171	0.00316	0.29909	0.00342	0.00362
17	0.02071	0.09138	0.09468	0.09254	0.29361	0.14843	0.06472	0.07002	0.03367	0.04259	0.00761	0.00916	0.00598	0.00381	0.00373	0.00115	0.00517	0.00325	0.00220	0.00558
18	0.00677	0.00342	0.00508	0.00508	0.00508	0.00342	0.00337	0.00513	0.00513	0.00684	0.00699	0.01238	0.00706	0.04195	0.01548	0.85648	0.00342	0.00348	0.00172	0.00172
19	0.00574	0.00388	0.00457	0.00464	0.00476	0.00393	0.00285	0.00598	0.00600	0.00802	0.01286	0.02635	0.01457	0.73848	0.07727	0.00383	0.00426	0.06700	0.00245	0.00255
20	0.08512	0.10106	0.14144	0.00898	0.01189	0.17209	0.08357	0.07311	0.09273	0.05801	0.03989	0.06381	0.00900	0.01717	0.01494	0.00129	0.00485	0.01328	0.00266	0.00510
21	0.00973	0.22159	0.28783	0.02600	0.10646	0.08036	0.03156	0.06435	0.02501	0.02822	0.00831	0.07818	0.00722	0.00445	0.00359	0.00114	0.00491	0.00356	0.00215	0.00538
22	0.02780	0.05779	0.55588	0.01041	0.04738	0.05017	0.01172	0.05239	0.00913	0.02656	0.06318	0.00969	0.00738	0.00403	0.00367	0.00117	0.00514	0.00315	0.00208	0.05129

[dist]
# distance from previous block
# <min> <max>
0	10

[block]
# block no. 4 follows, 69 sequences, length 60
# corresponding to MSA columns:
# 214-273
name=unknown_E
#
# <colnr> <probs for GDERKNQSTAVLIFYWHMCP>
#	G	D	E	R	K	N	Q	S	T	A	V	L	I	F	Y	W	H	M	C	P
0	0.72508	0.00899	0.06478	0.00582	0.00838	0.06308	0.00510	0.01173	0.00715	0.01655	0.00599	0.00698	0.00465	0.00372	0.00261	0.00119	0.00343	0.00228	0.04814	0.00434
1	0.11496	0.00585	0.00647	0.05652	0.02729	0.04077	0.00479	0.03715	0.06499	0.01509	0.40285	0.04426	0.05345	0.00662	0.00405	0.00123	0.00270	0.02476	0.08206	0.00413
2	0.00551	0.00401	0.00518	0.00489	0.00583	0.00368	0.00367	0.00732	0.01100	0.01548	0.79895	0.02967	0.07389	0.00810	0.00462	0.00124	0.00186	0.00714	0.00428	0.00368
3	0.34417	0.00701	0.00785	0.00629	0.00910	0.00690	0.00519	0.01627	0.00952	0.53241	0.01172	0.01073	0.00766	0.00440	0.00337	0.00121	0.00322	0.00326	0.00394	0.00576
4	0.00486	0.00398	0.00428	0.00421	0.00543	0.00340	0.00315	0.00606	0.00946	0.01185	0.23455	0.03566	0.64055	0.00946	0.00463	0.00130	0.00195	0.00798	0.00381	0.00340
5	0.00493	0.00355	0.00464	0.00532	0.00564	0.00338	0.00358	0.00565	0.00742	0.00989	0.03977	0.65897	0.06898	0.08844	0.06825	0.00211	0.00299	0.00990	0.00343	0.00315
6	0.01048	0.86458	0.02054	0.00671	0.01006	0.01551	0.00671	0.01174	0.00797	0.00922	0.00545	0.00629	0.00503	0.00335	0.00252	0.00084	0.00419	0.00210	0.00168	0.00503
7	0.27736	0.04668	0.00871	0.00648	0.00935	0.00731	0.00540	0.04096	0.00993	0.53190	0.01184	0.01082	0.00777	0.00442	0.00342	0.00119	0.00331	0.00330	0.00395	0.00587
8	0.01016	0.00852	0.00899	0.00791	0.01020	0.00973	0.00620	0.12476	0.68219	0.01718	0.01634	0.01515	0.05409	0.00548	0.00401	0.00131	0.00320	0.00451	0.00396	0.00612
9	0.01452	0.01713	0.01104	0.00978	0.01195	0.69624	0.00744	0.14234	0.01219	0.01208	0.00674	0.00761	0.00542	0.00416	0.00358	0.00103	0.00652	0.00271	0.02267	0.00486
10	0.01182	0.00850	0.00926	0.00757	0.01002	0.00916	0.00612	0.44596	0.13191	0.06915	0.05592	0.03598	0.11336	0.00593	0.00407	0.00124	0.00350	0.02393	0.04086	0.00576
11	0.00975	0.00842	0.00886	0.00798	0.01019	0.00975	0.00621	0.02083	0.83069	0.01640	0.01596	0.01463	0.01197	0.00532	0.00399	0.00133	0.00310	0.00443	0.00399	0.00621
12	0.00858	0.00816	0.02074	0.52219	0.18962	0.04372	0.01030	0.05964	0.00895	0.01181	0.03841	0.01082	0.00680	0.00408	0.00399	0.00124	0.01499	0.00357	0.02024	0.01215
13	0.00905	0.03119	0.45104	0.03012	0.09579	0.04749	0.08825	0.05976	0.00947	0.04416	0.06628	0.01111	0.03030	0.00424	0.00390	0.00122	0.00522	0.00361	0.00223	0.00555
14	0.00780	0.00808	0.05534	0.62872	0.10856	0.00916	0.01093	0.01028	0.00777	0.01036	0.00681	0.01005	0.00531	0.00420	0.00491	0.00133	0.10057	0.00345	0.00176	0.00461
15	0.00740	0.00697	0.01176	0.85280	0.02700	0.00871	0.01089	0.01002	0.00784	0.01002	0.00697	0.01045	0.00523	0.00392	0.00392	0.00131	0.00523	0.00348	0.00174	0.00436
16	0.01106	0.21307	0.12709	0.07413	0.17359	0.09337	0.06657	0.08163	0.02674	0.08547	0.00782	0.00896	0.00602	0.00382	0.00357	0.00111	0.00494	0.00313	0.00230	0.00559
17	0.03157	0.00587	0.00823	0.10786	0.04885	0.03134	0.04814	0.06525	0.04510	0.01775	0.00836	0.03887	0.00769	0.00970	0.01017	0.48161	0.00397	0.02426	0.00216	0.00327
18	0.00485	0.00382	0.00439	0.00459	0.00552	0.00335	0.00331	0.00592	0.00894	0.01141	0.18853	0.27582	0.44514	0.01024	0.00474	0.00138	0.00204	0.00888	0.00377	0.00335
19	0.00663	0.00490	0.00584	0.01944	0.04675	0.04766	0.00443	0.00768	0.00841	0.06837	0.07208	0.50066	0.10911	0.01030	0.02472	0.00154	0.00287	0.00862	0.04626	0.00374
20	0.00938	0.05826	0.24239	0.12748	0.29152	0.04251	0.10114	0.05840	0.00922	0.01266	0.00725	0.00921	0.00563	0.00368	0.00384	0.00120	0.00531	0.00334	0.00194	0.00565
21	0.00619	0.00563	0.02424	0.06654	0.05216	0.02455	0.04165	0.00816	0.06704	0.01110	0.06236	0.31286	0.22260	0.04831	0.00542	0.00152	0.01531	0.01727	0.00324	0.00386
22	0.00626	0.00359	0.00412	0.00452	0.00516	0.00350	0.00324	0.00763	0.00797	0.01267	0.01662	0.35171	0.01687	0.00789	0.00375	0.00122	0.00208	0.03928	0.49847	0.00347
23	0.00856	0.00918	0.08970	0.49241	0.12909	0.02824	0.10196	0.02877	0.00859	0.03793	0.00773	0.02672	0.00599	0.00399	0.00399	0.00128	0.00526	0.00370	0.00198	0.00494
24	0.00901	0.05810	0.41252	0.04776	0.14356	0.03561	0.05451	0.05440	0.02871	0.03544	0.00876	0.05964	0.00725	0.00445	0.00387	0.00124	0.00513	0.02229	0.00216	0.00557
25	0.01187	0.01409	0.02585	0.02662	0.04295	0.50438	0.02542	0.01306	0.00954	0.02603	0.00786	0.08513	0.00735	0.00645	0.04751	0.00146	0.13413	0.00366	0.00216	0.00447
26	0.10959	0.04363	0.05479	0.03250	0.09617	0.16236	0.07155	0.12750	0.01003	0.06884	0.00849	0.05190	0.00713	0.01482	0.04809	0.00151	0.07150	0.00364	0.01087	0.00509
27	0.00474	0.00396	0.00408	0.00408	0.00530	0.00335	0.00302	0.00575	0.00894	0.01083	0.09446	0.05154	0.73390	0.04228	0.00522	0.00142	0.00205	0.00814	0.00364	0.00330
28	0.00853	0.01670	0.54876	0.01181	0.03513	0.05257	0.13583	0.01225	0.00861	0.02378	0.03891	0.01009	0.00674	0.00416	0.00446	0.00128	0.05603	0.01698	0.00191	0.00547
29	0.00828	0.00710	0.00820	0.00600	0.00937	0.00563	0.00479	0.01086	0.08217	0.01310	0.00778	0.00871	0.00636	0.00312	0.00300	0.00065	0.00292	0.00251	0.00247	0.80698
30	0.00572	0.00423	0.00550	0.00610	0.00702	0.00404	0.00505	0.00720	0.00895	0.01153	0.08508	0.12668	0.20376	0.02364	0.00536	0.00166	0.00298	0.47836	0.00365	0.00349
31	0.00570	0.00380	0.00428	0.00428	0.00428	0.00380	0.00238	0.00570	0.00570	0.00760	0.01235	0.02566	0.01425	0.86222	0.01995	0.00380	0.00380	0.00570	0.00238	0.00238
32	0.00491	0.00361	0.00460	0.00514	0.00566	0.00330	0.00355	0.00586	0.00842	0.01121	0.18412	0.57679	0.14620	0.01110	0.00488	0.00148	0.00215	0.00993	0.00377	0.00330
33	0.00786	0.02028	0.84191	0.01117	0.01697	0.00910	0.01448	0.01242	0.00828	0.01242	0.00704	0.00828	0.00497	0.00372	0.00372	0.00124	0.00579	0.00290	0.00166	0.00579
34	0.01482	0.01094	0.01148	0.00891	0.01196	0.04348	0.00732	0.71835	0.05184	0.06616	0.00987	0.00975	0.00699	0.00471	0.00391	0.00118	0.00432	0.00355	0.00390	0.00657
35	0.00677	0.00389	0.00534	0.00523	0.00552	0.00399	0.00357	0.02662	0.00599	0.02595	0.00970	0.01601	0.03144	0.19329	0.14565	0.49783	0.00458	0.00416	0.00208	0.00240
36	0.00863	0.00499	0.00516	0.00466	0.00597	0.00519	0.00362	0.15637	0.01014	0.01647	0.03455	0.01407	0.01017	0.00469	0.00301	0.00097	0.00228	0.00372	0.70115	0.00420
37	0.01106	0.63658	0.08523	0.00770	0.01101	0.16261	0.00750	0.02143	0.00866	0.00972	0.00573	0.00662	0.00505	0.00352	0.00281	0.00091	0.00483	0.00225	0.00176	0.00502
38	0.01073	0.73641	0.01885	0.00699	0.01011	0.10878	0.00666	0.01195	0.00836	0.00932	0.00682	0.00757	0.03667	0.00368	0.00271	0.00088	0.00443	0.00238	0.00179	0.00491
39	0.01863	0.12235	0.22408	0.01267	0.12911	0.06785	0.17401	0.06902	0.01711	0.03519	0.00763	0.00938	0.00598	0.00451	0.02688	0.00131	0.02649	0.01075	0.00212	0.03493
40	0.01007	0.39921	0.28036	0.00998	0.08874	0.01225	0.00971	0.08422	0.03516	0.02685	0.00699	0.00790	0.00557	0.00369	0.00322	0.00105	0.00471	0.00271	0.00202	0.00559
41	0.00538	0.00408	0.00487	0.00525	0.00598	0.00386	0.00375	0.02125	0.04701	0.01101	0.07517	0.41323	0.24032	0.07628	0.00599	0.00166	0.00246	0.06542	0.00360	0.00342
42	0.00503	0.00475	0.04489	0.00463	0.00602	0.00368	0.00375	0.00640	0.00940	0.01197	0.24195	0.06860	0.55657	0.00924	0.00460	0.00131	0.00215	0.00783	0.00372	0.00352
43	0.00735	0.00795	0.09810	0.09256	0.06428	0.05113	0.07916	0.04287	0.00889	0.01169	0.02980	0.27680	0.02904	0.01593	0.00474	0.00148	0.00408	0.16699	0.00291	0.00426
44	0.01003	0.00930	0.02958	0.15969	0.11535	0.06903	0.11599	0.14792	0.08908	0.03318	0.00978	0.07023	0.00815	0.00523	0.01627	0.00134	0.05704	0.00422	0.04333	0.00523
45	0.01438	0.01824	0.01096	0.01001	0.01199	0.81985	0.00754	0.01542	0.01104	0.00966	0.00652	0.00824	0.00560	0.00425	0.00359	0.00104	0.00696	0.02811	0.00207	0.00452
46	0.00543	0.00416	0.00456	0.00447	0.00575	0.00361	0.00339	0.01784	0.00945	0.03976	0.16975	0.06977	0.60377	0.00949	0.00464	0.00133	0.00210	0.03339	0.00380	0.00354
47	0.00964	0.00810	0.04108	0.01054	0.16516	0.08417	0.02492	0.05802	0.05929	0.12267	0.04835	0.17229	0.05906	0.00701	0.00435	0.00135	0.00385	0.11192	0.00328	0.00495
48	0.01044	0.70019	0.13951	0.00737	0.01106	0.01411	0.00779	0.01219	0.00817	0.04993	0.00617	0.00692	0.00525	0.00348	0.00276	0.00092	0.00438	0.00230	0.00183	0.00522
49	0.00540	0.00412	0.00499	0.00498	0.00598	0.00381	0.00374	0.00720	0.04104	0.01323	0.41340	0.13409	0.26348	0.01667	0.00484	0.00137	0.00212	0.06195	0.00396	0.00360
50	0.08055	0.05413	0.01321	0.07660	0.37691	0.12311	0.05341	0.02568	0.00926	0.04359	0.04108	0.01185	0.06541	0.00429	0.00377	0.00117	0.00463	0.00373	0.00232	0.00530
51	0.01105	0.00926	0.03361	0.05005	0.15750	0.02394	0.01463	0.18567	0.34299	0.06993	0.01281	0.01330	0.02838	0.00493	0.00399	0.00126	0.00390	0.02330	0.00343	0.00607
52	0.01098	0.00956	0.01003	0.02460	0.06619	0.06784	0.00695	0.18513	0.51140	0.01727	0.03847	0.01308	0.01066	0.00504	0.00395	0.00126	0.00373	0.00412	0.00367	0.00608
53	0.01490	0.01098	0.01177	0.00902	0.01216	0.01216	0.00745	0.82470	0.01843	0.02471	0.00941	0.00941	0.00667	0.00471	0.00392	0.00118	0.00431	0.00353	0.00392	0.00667
54	0.00800	0.00686	0.00795	0.00576	0.00912	0.00522	0.00460	0.00988	0.02388	0.01274	0.00865	0.00962	0.04426	0.00327	0.00300	0.00063	0.00286	0.00264	0.00242	0.82862
55	0.01022	0.78175	0.10113	0.00715	0.01074	0.01488	0.00747	0.01181	0.00800	0.00954	0.00561	0.00648	0.00502	0.00339	0.00263	0.00088	0.00435	0.00217	0.00167	0.00511
56	0.00639	0.00466	0.00709	0.00758	0.06553	0.00525	0.00544	0.00786	0.00669	0.04422	0.01049	0.01491	0.00954	0.02655	0.75210	0.00573	0.00979	0.00414	0.00220	0.00382
57	0.00974	0.03041	0.15669	0.01295	0.23352	0.04353	0.06780	0.06873	0.09266	0.07525	0.11313	0.02135	0.04721	0.00483	0.00401	0.00122	0.00432	0.00425	0.00283	0.00557
58	0.40877	0.21003	0.03979	0.00798	0.06438	0.09113	0.00645	0.04596	0.01481	0.01411	0.00593	0.00705	0.00489	0.00388	0.00347	0.00114	0.06087	0.00244	0.00218	0.00476
59	0.00728	0.02671	0.00888	0.03281	0.13828	0.04106	0.06136	0.02260	0.02487	0.01190	0.14516	0.10479	0.07586	0.14065	0.00684	0.00172	0.00363	0.11076	0.03074	0.00409

[dist]
# distance from previous block
# <min> <max>
0	24

[block]
# block no. 5 follows, 69 sequences, length 19
# corresponding to MSA columns:
# 298-316
name=unknown_F
#
# <colnr> <probs for GDERKNQSTAVLIFYWHMCP>
#	G	D	E	R	K	N	Q	S	T	A	V	L	I	F	Y	W	H	M	C	P
0	0.01055	0.10492	0.09294	0.08130	0.19699	0.10335	0.09735	0.06521	0.03363	0.08058	0.03624	0.03534	0.00813	0.00442	0.00397	0.00119	0.01521	0.02080	0.00247	0.00542
1	0.01041	0.66193	0.01799	0.00770	0.05309	0.06318	0.00671	0.04024	0.00851	0.01005	0.02818	0.00847	0.00659	0.05829	0.00386	0.00108	0.00430	0.00261	0.00190	0.00492
2	0.00554	0.00384	0.00457	0.00464	0.00492	0.00379	0.00294	0.00601	0.00681	0.00914	0.11085	0.10712	0.06581	0.55858	0.06817	0.00326	0.00374	0.02469	0.00281	0.00276
3	0.00631	0.00578	0.06009	0.02812	0.07648	0.00507	0.02290	0.03638	0.01912	0.01116	0.01761	0.41828	0.04707	0.01120	0.06356	0.03123	0.00374	0.12890	0.00313	0.00388
4	0.02052	0.02913	0.26249	0.02351	0.23717	0.12052	0.09255	0.01257	0.03681	0.02981	0.00891	0.05551	0.00765	0.00451	0.00395	0.00124	0.00524	0.04032	0.00217	0.00544
5	0.00853	0.00834	0.01307	0.54105	0.28807	0.05274	0.01108	0.01096	0.00836	0.01090	0.00705	0.01003	0.00553	0.00379	0.00389	0.00125	0.00514	0.00344	0.00182	0.00496
6	0.00467	0.00395	0.00404	0.00406	0.00533	0.00332	0.00303	0.00568	0.00896	0.01076	0.06824	0.06866	0.77605	0.00995	0.00465	0.00133	0.00199	0.00834	0.00367	0.00332
7	0.02068	0.05975	0.14671	0.07608	0.17642	0.09941	0.09314	0.09733	0.01977	0.12766	0.00903	0.04084	0.00702	0.00425	0.00386	0.00119	0.00498	0.00367	0.00258	0.00564
8	0.00920	0.01005	0.04735	0.02830	0.24468	0.20184	0.04319	0.01092	0.00861	0.01083	0.02946	0.02319	0.03209	0.05814	0.19230	0.00245	0.01887	0.00390	0.02000	0.00465
9	0.00561	0.00417	0.00615	0.00615	0.00680	0.00482	0.00472	0.00691	0.00626	0.00899	0.01063	0.01614	0.01012	0.08971	0.78682	0.00612	0.01002	0.00431	0.00212	0.00342
10	0.00825	0.01579	0.53104	0.05028	0.14201	0.01924	0.04417	0.04046	0.00887	0.01273	0.03080	0.03097	0.03952	0.00429	0.00389	0.00124	0.00525	0.00362	0.00200	0.00557
11	0.01020	0.05669	0.09467	0.06951	0.36533	0.04329	0.11734	0.06107	0.03652	0.06323	0.03853	0.01052	0.00744	0.00391	0.00392	0.00119	0.00488	0.00366	0.00234	0.00576
12	0.01959	0.02755	0.00703	0.00608	0.00748	0.09574	0.00465	0.06782	0.04635	0.05981	0.35553	0.04461	0.12349	0.06412	0.03443	0.00157	0.02052	0.00585	0.00361	0.00417
13	0.00560	0.00420	0.00630	0.00630	0.00700	0.00490	0.00490	0.00700	0.00630	0.00910	0.01050	0.01540	0.00980	0.02940	0.84669	0.00630	0.01050	0.00420	0.00210	0.00350
14	0.00829	0.01781	0.64182	0.04007	0.01783	0.00932	0.16351	0.03328	0.00870	0.01268	0.00726	0.00880	0.00520	0.00368	0.00390	0.00126	0.00589	0.00325	0.00178	0.00568
15	0.01026	0.00828	0.00912	0.00728	0.01020	0.00830	0.00581	0.16596	0.33198	0.03669	0.01115	0.01104	0.00847	0.00423	0.00354	0.00100	0.00325	0.00341	0.00333	0.35671
16	0.00524	0.00378	0.00503	0.00585	0.00635	0.00360	0.00436	0.00626	0.00801	0.01051	0.02239	0.54735	0.07930	0.02889	0.00540	0.00168	0.00268	0.24642	0.00361	0.00330
17	0.02993	0.44106	0.05663	0.00810	0.01118	0.16913	0.02011	0.11795	0.08966	0.01236	0.00721	0.00781	0.00591	0.00387	0.00312	0.00100	0.00473	0.00267	0.00227	0.00529
18	0.00898	0.05155	0.19660	0.03618	0.03984	0.00783	0.05360	0.11066	0.06593	0.07397	0.08742	0.10795	0.05047	0.05070	0.00501	0.00141	0.01162	0.02183	0.00299	0.01548

[dist]
# distance from previous block
# <min> <max>
0	4

[block]
# block no. 6 follows, 69 sequences, length 9
# corresponding to MSA columns:
# 321-329
name=unknown_G
#
# <colnr> <probs for GDERKNQSTAVLIFYWHMCP>
#	G	D	E	R	K	N	Q	S	T	A	V	L	I	F	Y	W	H	M	C	P
0	0.11934	0.01033	0.11148	0.11380	0.23635	0.04018	0.05729	0.12229	0.03083	0.04961	0.00952	0.01081	0.04855	0.00419	0.00375	0.00121	0.00456	0.00356	0.00249	0.01985
1	0.01045	0.50722	0.09200	0.00761	0.01065	0.07751	0.00739	0.06607	0.00920	0.03458	0.04984	0.01088	0.00815	0.00446	0.00349	0.00104	0.03228	0.05993	0.00221	0.00503
2	0.00520	0.00393	0.00538	0.00647	0.05114	0.00377	0.00428	0.00616	0.00778	0.01038	0.04680	0.59296	0.09993	0.01302	0.08545	0.00199	0.00321	0.04529	0.00342	0.00343
3	0.01068	0.00889	0.00939	0.00817	0.01055	0.01019	0.00643	0.16647	0.68353	0.01790	0.01477	0.01368	0.01101	0.00521	0.00398	0.00130	0.00332	0.00427	0.00398	0.00629
4	0.00567	0.00391	0.00482	0.00482	0.00501	0.00410	0.00306	0.00605	0.00586	0.00801	0.01185	0.02288	0.01305	0.63718	0.24335	0.00448	0.00561	0.00530	0.00230	0.00268
5	0.00599	0.00409	0.00502	0.00484	0.00592	0.00369	0.00365	0.00752	0.01010	0.05613	0.46881	0.08912	0.23656	0.00856	0.00455	0.00128	0.00204	0.03131	0.04711	0.00371
6	0.00929	0.00889	0.01516	0.17386	0.69122	0.00921	0.01182	0.01167	0.00873	0.01230	0.00730	0.00984	0.00603	0.00357	0.00389	0.00119	0.00476	0.00349	0.00190	0.00587
7	0.00491	0.00361	0.00464	0.00540	0.00587	0.00334	0.00380	0.00575	0.00789	0.01027	0.02438	0.64743	0.15370	0.01176	0.00499	0.00157	0.00236	0.09143	0.00364	0.00325
8	0.00534	0.00452	0.00473	0.00471	0.00592	0.03143	0.00361	0.00662	0.00955	0.01193	0.23299	0.03522	0.53808	0.00934	0.00467	0.00133	0.00227	0.08052	0.00375	0.00347

[dist]
# distance from previous block
# <min> <max>
0	3

[block]
# block no. 7 follows, 69 sequences, length 29
# corresponding to MSA columns:
# 333-361
name=unknown_H
#
# <colnr> <probs for GDERKNQSTAVLIFYWHMCP>
#	G	D	E	R	K	N	Q	S	T	A	V	L	I	F	Y	W	H	M	C	P
0	0.01437	0.07623	0.01179	0.00981	0.01198	0.74462	0.00751	0.05895	0.01129	0.01038	0.00620	0.00714	0.00514	0.00403	0.00349	0.00101	0.00672	0.00255	0.00210	0.00469
1	0.16440	0.00508	0.00529	0.00493	0.00624	0.02480	0.00372	0.00829	0.00947	0.04573	0.41240	0.02550	0.19115	0.07031	0.00531	0.00143	0.00241	0.00611	0.00366	0.00375
2	0.10073	0.01025	0.02413	0.00791	0.01026	0.17468	0.00637	0.24553	0.02171	0.17590	0.03482	0.08398	0.04251	0.00552	0.00419	0.00122	0.03729	0.00421	0.00343	0.00538
3	0.01117	0.05542	0.21002	0.01182	0.05932	0.00998	0.21462	0.18116	0.06852	0.11153	0.00927	0.01011	0.00668	0.00408	0.00413	0.00123	0.01856	0.00369	0.00276	0.00594
4	0.00934	0.01296	0.24504	0.01442	0.01877	0.00949	0.54355	0.01284	0.00905	0.05935	0.00807	0.01007	0.00588	0.00357	0.00448	0.00130	0.02019	0.00410	0.00205	0.00549
5	0.00688	0.00453	0.00543	0.00494	0.00633	0.00408	0.00379	0.03612	0.01056	0.10705	0.41754	0.02996	0.33143	0.00826	0.00453	0.00126	0.00215	0.00706	0.00411	0.00399
6	0.00488	0.00395	0.00433	0.00430	0.00546	0.00340	0.00320	0.00607	0.00942	0.01188	0.24388	0.07981	0.58658	0.00956	0.00465	0.00131	0.00197	0.00812	0.00381	0.00340
7	0.00478	0.00390	0.00423	0.00431	0.00543	0.00335	0.00317	0.00586	0.00905	0.01125	0.15146	0.14911	0.61050	0.00998	0.00468	0.00135	0.00201	0.00850	0.00374	0.00335
8	0.01464	0.01868	0.01111	0.01010	0.01212	0.84648	0.00757	0.01565	0.01111	0.00959	0.00606	0.00707	0.00505	0.00404	0.00353	0.00101	0.00707	0.00252	0.00202	0.00454
9	0.00890	0.00851	0.01439	0.29677	0.53792	0.00922	0.01152	0.01127	0.00845	0.01175	0.00715	0.00991	0.00584	0.00377	0.00425	0.00123	0.03827	0.00349	0.00187	0.00552
10	0.00480	0.00398	0.00421	0.00415	0.00540	0.00338	0.00311	0.00595	0.00933	0.01154	0.18654	0.03617	0.68876	0.00958	0.00463	0.00131	0.00196	0.00806	0.00377	0.00338
11	0.02595	0.05863	0.31661	0.08754	0.07137	0.00952	0.29172	0.02794	0.00880	0.02352	0.00760	0.00952	0.00567	0.00362	0.00395	0.00124	0.00561	0.00358	0.03219	0.00540
12	0.01236	0.01002	0.01031	0.00855	0.01119	0.04341	0.00684	0.39757	0.41795	0.02003	0.01250	0.01189	0.00921	0.00498	0.00394	0.00125	0.00382	0.00393	0.00388	0.00636
13	0.00560	0.00420	0.00630	0.00630	0.00700	0.00490	0.00490	0.00700	0.00630	0.00910	0.01050	0.01540	0.00980	0.02940	0.84669	0.00630	0.01050	0.00420	0.00210	0.00350
14	0.00512	0.00366	0.00482	0.00563	0.00597	0.00348	0.00386	0.02768	0.00787	0.01048	0.02124	0.80120	0.02526	0.01201	0.00499	0.00159	0.00239	0.04580	0.00365	0.00330
15	0.00832	0.01718	0.58465	0.01315	0.05020	0.00934	0.23651	0.01244	0.00857	0.01247	0.00729	0.00896	0.00528	0.00360	0.00398	0.00126	0.00597	0.00340	0.00176	0.00567
16	0.01448	0.01075	0.01177	0.05680	0.01300	0.01196	0.00765	0.77857	0.01783	0.02388	0.00927	0.00947	0.00659	0.00466	0.00392	0.00118	0.00437	0.00353	0.00380	0.00654
17	0.00777	0.00736	0.01235	0.70501	0.13951	0.00892	0.01096	0.01028	0.00792	0.01038	0.00696	0.01028	0.00536	0.00397	0.00426	0.00130	0.03757	0.00348	0.00177	0.00461
18	0.00469	0.00397	0.00405	0.00403	0.00533	0.00333	0.00302	0.00573	0.00907	0.01090	0.08829	0.03721	0.78741	0.00981	0.00463	0.00132	0.00198	0.00820	0.00368	0.00333
19	0.00716	0.00436	0.00567	0.00516	0.00640	0.00395	0.00393	0.00886	0.01083	0.13217	0.63149	0.05305	0.09600	0.00785	0.00454	0.00125	0.00208	0.00686	0.00432	0.00407
20	0.00566	0.00398	0.00519	0.00519	0.00550	0.00429	0.00351	0.00628	0.00597	0.00827	0.01152	0.02105	0.01225	0.48825	0.39119	0.00492	0.00681	0.00503	0.00225	0.00288
21	0.00561	0.00416	0.00610	0.00610	0.00673	0.00479	0.00465	0.00687	0.00624	0.00895	0.01069	0.01643	0.01025	0.11303	0.76368	0.00605	0.00983	0.00435	0.00213	0.00339
22	0.00533	0.00394	0.00497	0.00485	0.00575	0.00358	0.00358	0.00692	0.01037	0.01431	0.62539	0.12319	0.15572	0.00878	0.00467	0.00129	0.00192	0.00772	0.00414	0.00358
23	0.00618	0.00450	0.00610	0.00690	0.00781	0.00448	0.00589	0.00811	0.03230	0.01165	0.02177	0.11492	0.06863	0.01075	0.00529	0.00175	0.00339	0.67235	0.00363	0.00363
24	0.01464	0.01868	0.01111	0.01010	0.01212	0.84648	0.00757	0.01565	0.01111	0.00959	0.00606	0.00707	0.00505	0.00404	0.00353	0.00101	0.00707	0.00252	0.00202	0.00454
25	0.00476	0.00347	0.00449	0.00531	0.00565	0.00320	0.00357	0.00548	0.00765	0.01007	0.02344	0.77660	0.10782	0.01204	0.00497	0.00157	0.00225	0.01085	0.00364	0.00320
26	0.00912	0.05549	0.01300	0.09558	0.01270	0.08326	0.05477	0.01033	0.00692	0.00967	0.00558	0.00863	0.00519	0.00593	0.01014	0.00154	0.60263	0.00335	0.00176	0.00441
27	0.00573	0.00426	0.00486	0.00468	0.00602	0.00374	0.00354	0.00687	0.00878	0.05786	0.09067	0.09825	0.53329	0.01148	0.09686	0.00184	0.00305	0.00743	0.00352	0.04728
28	0.00888	0.00838	0.01416	0.12380	0.64697	0.00857	0.01097	0.01106	0.00864	0.01216	0.00888	0.10299	0.00825	0.00451	0.00401	0.00123	0.00447	0.00433	0.00210	0.00565

[dist]
# distance from previous block
# <min> <max>
0	2

[block]
# block no. 8 follows, 69 sequences, length 46
# corresponding to MSA columns:
# 364-409
name=unknown_I
#
# <colnr> <probs for GDERKNQSTAVLIFYWHMCP>
#	G	D	E	R	K	N	Q	S	T	A	V	L	I	F	Y	W	H	M	C	P
0	0.00876	0.00760	0.00866	0.02116	0.00991	0.02564	0.00520	0.06203	0.03009	0.01337	0.00726	0.00841	0.00597	0.00328	0.00342	0.00071	0.03654	0.00252	0.00243	0.73704
1	0.00782	0.00739	0.01250	0.70443	0.17215	0.00882	0.01109	0.01038	0.00803	0.01052	0.00704	0.01032	0.00540	0.00384	0.00391	0.00128	0.00512	0.00349	0.00178	0.00469
2	0.00853	0.00557	0.00668	0.03823	0.00799	0.00601	0.00481	0.14904	0.05094	0.04910	0.10453	0.01537	0.01234	0.01125	0.21555	0.00240	0.00469	0.00420	0.29836	0.00441
3	0.00467	0.00395	0.00404	0.00407	0.00533	0.00332	0.00303	0.00569	0.00897	0.01077	0.07023	0.06885	0.77384	0.00994	0.00465	0.00133	0.00199	0.00834	0.00367	0.00332
4	0.00671	0.00347	0.00520	0.00520	0.00526	0.00353	0.00353	0.00526	0.00520	0.00700	0.00711	0.01220	0.00705	0.01490	0.08273	0.81462	0.00398	0.00347	0.00173	0.00185
5	0.00478	0.00341	0.00455	0.00546	0.00569	0.00318	0.00364	0.00546	0.00751	0.01001	0.02161	0.85966	0.02593	0.01228	0.00500	0.00159	0.00227	0.01114	0.00364	0.00318
6	0.01447	0.01066	0.01146	0.00887	0.01188	0.01177	0.00729	0.78973	0.01797	0.02408	0.00993	0.04570	0.00749	0.00503	0.00397	0.00119	0.00423	0.00385	0.00391	0.00652
7	0.00740	0.00697	0.01176	0.85280	0.02700	0.00871	0.01089	0.01002	0.00784	0.01002	0.00697	0.01045	0.00523	0.00392	0.00392	0.00131	0.00523	0.00348	0.00174	0.00436
8	0.00858	0.00858	0.01201	0.01029	0.01029	0.01201	0.00858	0.00943	0.00600	0.00943	0.00515	0.00858	0.00515	0.00686	0.01287	0.00172	0.85505	0.00343	0.00172	0.00429
9	0.88991	0.00758	0.00576	0.00516	0.00758	0.00879	0.00425	0.01152	0.00667	0.01759	0.00546	0.00637	0.00425	0.00364	0.00243	0.00121	0.00303	0.00212	0.00243	0.00425
10	0.00786	0.02028	0.84191	0.01117	0.01697	0.00910	0.01448	0.01242	0.00828	0.01242	0.00704	0.00828	0.00497	0.00372	0.00372	0.00124	0.00579	0.00290	0.00166	0.00579
11	0.01490	0.01098	0.01177	0.00902	0.01216	0.01216	0.00745	0.82470	0.01843	0.02471	0.00941	0.00941	0.00667	0.00471	0.00392	0.00118	0.00431	0.00353	0.00392	0.00667
12	0.00695	0.00894	0.20631	0.00803	0.01068	0.00596	0.10882	0.02573	0.00932	0.04102	0.13059	0.06860	0.24787	0.00731	0.00448	0.00135	0.00374	0.09677	0.00310	0.00441
13	0.00561	0.00416	0.00608	0.00608	0.00670	0.00478	0.00462	0.00686	0.00623	0.00893	0.01071	0.01654	0.01029	0.12184	0.75493	0.00602	0.00976	0.00437	0.00213	0.00338
14	0.01464	0.01868	0.01111	0.01010	0.01212	0.84648	0.00757	0.01565	0.01111	0.00959	0.00606	0.00707	0.00505	0.00404	0.00353	0.00101	0.00707	0.00252	0.00202	0.00454
15	0.00504	0.00367	0.00475	0.00515	0.00572	0.00338	0.00361	0.00616	0.00889	0.01208	0.31166	0.49881	0.09540	0.01058	0.00484	0.00144	0.00210	0.00948	0.00388	0.00338
16	0.03151	0.01626	0.55803	0.01001	0.01460	0.00927	0.01163	0.08719	0.16227	0.01431	0.00943	0.04210	0.00721	0.00444	0.00381	0.00126	0.00495	0.00354	0.00239	0.00581
17	0.47619	0.00852	0.01123	0.01331	0.31832	0.00910	0.08677	0.01181	0.00776	0.01532	0.00641	0.00802	0.00514	0.00355	0.00318	0.00121	0.00399	0.00288	0.00220	0.00508
18	0.00941	0.00939	0.01721	0.02154	0.60939	0.00922	0.20686	0.01191	0.00895	0.01264	0.00805	0.04244	0.00690	0.00378	0.00410	0.00122	0.00504	0.00406	0.00202	0.00587
19	0.00465	0.00391	0.00403	0.00413	0.00534	0.00330	0.00305	0.00561	0.00879	0.01053	0.03782	0.12391	0.75122	0.01018	0.00467	0.00135	0.00202	0.00857	0.00364	0.00330
20	0.88991	0.00758	0.00576	0.00516	0.00758	0.00879	0.00425	0.01152	0.00667	0.01759	0.00546	0.00637	0.00425	0.00364	0.00243	0.00121	0.00303	0.00212	0.00243	0.00425
21	0.88991	0.00758	0.00576	0.00516	0.00758	0.00879	0.00425	0.01152	0.00667	0.01759	0.00546	0.00637	0.00425	0.00364	0.00243	0.00121	0.00303	0.00212	0.00243	0.00425
22	0.01096	0.76680	0.01945	0.00710	0.01030	0.11157	0.00681	0.01219	0.00833	0.00927	0.00552	0.00638	0.00503	0.00343	0.00263	0.00086	0.00453	0.00215	0.00172	0.00497
23	0.01554	0.00946	0.01073	0.00825	0.01129	0.00995	0.00681	0.55385	0.01593	0.27730	0.01138	0.01077	0.00770	0.00475	0.00390	0.00118	0.00395	0.00366	0.02703	0.00659
24	0.02181	0.23731	0.01273	0.06161	0.01128	0.17808	0.00688	0.20074	0.01081	0.01328	0.00903	0.09599	0.02212	0.00529	0.00431	0.01425	0.06082	0.00379	0.02498	0.00491
25	0.00478	0.00341	0.00455	0.00546	0.00569	0.00318	0.00364	0.00546	0.00751	0.01001	0.02161	0.85966	0.02593	0.01228	0.00500	0.00159	0.00227	0.01114	0.00364	0.00318
26	0.01490	0.01098	0.01177	0.00902	0.01216	0.01216	0.00745	0.82470	0.01843	0.02471	0.00941	0.00941	0.00667	0.00471	0.00392	0.00118	0.00431	0.00353	0.00392	0.00667
27	0.00829	0.01602	0.57053	0.01001	0.03105	0.00810	0.02245	0.01219	0.02947	0.03747	0.01842	0.00889	0.00593	0.00366	0.00358	0.00109	0.00494	0.00293	0.00201	0.20296
28	0.02798	0.00707	0.01190	0.81261	0.02639	0.00874	0.03062	0.01011	0.00785	0.01025	0.00696	0.01036	0.00522	0.00390	0.00390	0.00130	0.00521	0.00348	0.00176	0.00438
29	0.88991	0.00758	0.00576	0.00516	0.00758	0.00879	0.00425	0.01152	0.00667	0.01759	0.00546	0.00637	0.00425	0.00364	0.00243	0.00121	0.00303	0.00212	0.00243	0.00425
30	0.00612	0.00525	0.05584	0.04656	0.00822	0.00455	0.05919	0.00686	0.00715	0.00963	0.04747	0.28343	0.01646	0.15785	0.02292	0.17813	0.00363	0.07485	0.00272	0.00316
31	0.00854	0.00853	0.06035	0.13777	0.27749	0.00795	0.18408	0.01095	0.00873	0.04645	0.01086	0.12107	0.01018	0.00541	0.00433	0.00134	0.00476	0.08367	0.00240	0.00510
32	0.00560	0.00420	0.00630	0.00630	0.00700	0.00490	0.00490	0.00700	0.00630	0.00910	0.01050	0.01540	0.00980	0.02940	0.84669	0.00630	0.01050	0.00420	0.00210	0.00350
33	0.01725	0.00722	0.00944	0.00724	0.01028	0.00658	0.00598	0.12213	0.01214	0.73616	0.01469	0.01284	0.00932	0.00483	0.00394	0.00121	0.00346	0.00389	0.00473	0.00667
34	0.00946	0.01052	0.13721	0.14519	0.39756	0.00913	0.09754	0.05901	0.00923	0.04241	0.00785	0.01003	0.00614	0.00468	0.03600	0.00141	0.00527	0.00357	0.00210	0.00571
35	0.00966	0.00942	0.01585	0.06815	0.74835	0.02632	0.04064	0.01202	0.00892	0.01258	0.00735	0.00972	0.00612	0.00352	0.00390	0.00117	0.00481	0.00351	0.00193	0.00604
36	0.00477	0.00343	0.00453	0.00541	0.00567	0.00319	0.00362	0.00546	0.00755	0.01003	0.02215	0.83504	0.05021	0.01221	0.00499	0.00158	0.00227	0.01106	0.00364	0.00319
37	0.00825	0.00771	0.04049	0.02227	0.11768	0.00593	0.00606	0.01019	0.00830	0.01279	0.02626	0.00887	0.00654	0.00315	0.00312	0.00071	0.00325	0.00263	0.00228	0.70352
38	0.02212	0.09684	0.47823	0.01129	0.04026	0.01023	0.11037	0.12954	0.00985	0.03037	0.00746	0.00865	0.00546	0.00385	0.00389	0.00121	0.01934	0.00316	0.00211	0.00577
39	0.00489	0.00360	0.00456	0.00527	0.00574	0.00332	0.00366	0.00568	0.00781	0.01015	0.02448	0.62792	0.17042	0.04063	0.00547	0.00163	0.00237	0.06560	0.00359	0.00321
40	0.00540	0.00395	0.00507	0.00490	0.00579	0.00362	0.00363	0.00707	0.01059	0.01477	0.69455	0.10419	0.10470	0.00856	0.00466	0.00127	0.00190	0.00755	0.00420	0.00362
41	0.00913	0.02336	0.06360	0.16943	0.31119	0.02726	0.03030	0.02777	0.02181	0.08748	0.01098	0.17945	0.01025	0.00552	0.00410	0.00128	0.00430	0.00502	0.00256	0.00521
42	0.03233	0.08458	0.29390	0.05057	0.19654	0.07452	0.12626	0.02375	0.01852	0.03585	0.00762	0.00961	0.00595	0.00381	0.00379	0.00120	0.00537	0.01830	0.00200	0.00555
