[name]
unknown

[dist]
# distance from previous block
# <min> <max>
0	70

[block]
# block no. 0 follows, 74 sequences, length 26
# corresponding to MSA columns:
# 70-95
name=unknown_A
#
# <colnr> <probs for GDERKNQSTAVLIFYWHMCP>
#	G	D	E	R	K	N	Q	S	T	A	V	L	I	F	Y	W	H	M	C	P
0	0.03573	0.03925	0.06159	0.03746	0.05274	0.08997	0.07366	0.14470	0.02395	0.04007	0.01703	0.01004	0.00666	0.00446	0.01973	0.00110	0.05885	0.03565	0.00243	0.24491
1	0.04285	0.03431	0.06170	0.08879	0.05576	0.06928	0.02126	0.02925	0.07031	0.01131	0.04096	0.19709	0.10709	0.00640	0.00433	0.01028	0.04550	0.00529	0.01611	0.08217
2	0.02138	0.03566	0.02258	0.06636	0.15902	0.03362	0.02962	0.11017	0.31909	0.04763	0.01123	0.05465	0.00904	0.00473	0.00386	0.00119	0.01960	0.01243	0.01331	0.02482
3	0.00785	0.01707	0.02060	0.07835	0.05958	0.04801	0.06145	0.03779	0.18752	0.01196	0.07865	0.05497	0.14853	0.00607	0.00551	0.00129	0.16269	0.00484	0.00277	0.00449
4	0.00464	0.00378	0.00393	0.00392	0.00513	0.00318	0.00293	0.00561	0.00853	0.02427	0.07534	0.07447	0.75283	0.00934	0.00439	0.00126	0.00191	0.00784	0.00350	0.00320
5	0.06671	0.03836	0.06890	0.07008	0.05606	0.02334	0.13922	0.17319	0.13312	0.09550	0.05391	0.01107	0.00843	0.00421	0.00366	0.00115	0.00409	0.00366	0.04003	0.00530
6	0.00903	0.02971	0.04334	0.04909	0.06767	0.00571	0.01411	0.03539	0.00826	0.19261	0.03958	0.04363	0.04391	0.14012	0.09241	0.00192	0.00405	0.00410	0.01309	0.16228
7	0.17545	0.29534	0.02623	0.00755	0.00989	0.31604	0.00641	0.03295	0.00850	0.01076	0.00560	0.00669	0.00479	0.00433	0.02545	0.00111	0.05428	0.00231	0.00190	0.00443
8	0.01000	0.07466	0.05403	0.01272	0.06073	0.08406	0.42349	0.06100	0.06666	0.06275	0.00826	0.02264	0.00638	0.00375	0.00419	0.00118	0.03223	0.00384	0.00226	0.00515
9	0.00716	0.00657	0.00904	0.02545	0.00862	0.02059	0.00656	0.00805	0.00591	0.00885	0.00719	0.03393	0.00712	0.05819	0.21922	0.02828	0.50603	0.00373	0.02583	0.00367
10	0.00674	0.00404	0.00499	0.00462	0.00578	0.00366	0.00351	0.00827	0.00967	0.11891	0.45830	0.05885	0.16534	0.00724	0.00407	0.00115	0.00196	0.00624	0.12287	0.00377
11	0.00474	0.00354	0.00434	0.00479	0.00539	0.00324	0.00340	0.00562	0.00784	0.01019	0.11461	0.42900	0.24721	0.06825	0.00559	0.00156	0.00223	0.07196	0.00343	0.00308
12	0.00471	0.00366	0.00430	0.00443	0.00531	0.00324	0.00324	0.00584	0.00876	0.01138	0.27679	0.22980	0.39050	0.00940	0.00448	0.00130	0.00194	0.02408	0.00364	0.00322
13	0.00782	0.00760	0.02507	0.46375	0.18420	0.00845	0.08293	0.01131	0.11422	0.01099	0.00798	0.01043	0.00618	0.00471	0.03777	0.00140	0.00491	0.00353	0.00199	0.00476
14	0.00460	0.00329	0.00440	0.00526	0.00551	0.00308	0.00359	0.00531	0.00719	0.00957	0.02041	0.82117	0.02437	0.01155	0.00476	0.00152	0.00222	0.05571	0.00344	0.00304
15	0.00770	0.00660	0.00770	0.00550	0.00880	0.00495	0.00440	0.00935	0.00770	0.01210	0.00660	0.00770	0.00550	0.00275	0.00275	0.00055	0.00275	0.00220	0.00220	0.89224
16	0.01409	0.01105	0.01108	0.00863	0.01151	0.08649	0.00707	0.76117	0.01684	0.02212	0.00863	0.00871	0.00618	0.00440	0.00368	0.00110	0.00432	0.00326	0.00355	0.00613
17	0.18172	0.18523	0.28997	0.00902	0.05534	0.10516	0.03089	0.03780	0.00829	0.05587	0.00649	0.00739	0.00496	0.00354	0.00309	0.00106	0.00461	0.00255	0.00200	0.00500
18	0.26586	0.01104	0.00852	0.00795	0.03860	0.34335	0.02265	0.03498	0.03519	0.08449	0.00851	0.10724	0.00754	0.00471	0.00330	0.00112	0.00449	0.00350	0.00254	0.00442
19	0.01774	0.00461	0.00551	0.02303	0.00656	0.01852	0.00409	0.05220	0.05131	0.01093	0.06028	0.36308	0.07961	0.08067	0.05828	0.03308	0.03742	0.02585	0.06380	0.00342
20	0.00885	0.00848	0.01446	0.15198	0.71982	0.00873	0.01122	0.01110	0.00829	0.01172	0.00692	0.00930	0.00574	0.00337	0.00368	0.00112	0.00449	0.00331	0.00181	0.00561
21	0.00467	0.00375	0.00417	0.00422	0.00529	0.00326	0.00317	0.00580	0.00882	0.01112	0.21480	0.09724	0.56352	0.00921	0.00445	0.00128	0.00195	0.04650	0.00359	0.00322
22	0.00632	0.00408	0.00516	0.00481	0.00585	0.00390	0.00365	0.00818	0.03574	0.07401	0.52057	0.02409	0.08374	0.03223	0.08015	0.00164	0.00268	0.00589	0.09361	0.00370
23	0.00789	0.02708	0.39861	0.01210	0.13648	0.03017	0.09096	0.01077	0.00772	0.01114	0.02979	0.04180	0.00678	0.01557	0.02494	0.00138	0.13648	0.00351	0.00181	0.00500
24	0.00506	0.00380	0.00474	0.00528	0.00581	0.00370	0.00366	0.00682	0.09248	0.01059	0.09148	0.65452	0.07711	0.01047	0.00459	0.00144	0.00218	0.00940	0.00353	0.00336
25	0.08907	0.00808	0.03473	0.26122	0.32086	0.00840	0.05992	0.04401	0.04634	0.03861	0.00821	0.01039	0.02428	0.02568	0.00401	0.00123	0.00437	0.00345	0.00212	0.00502

[dist]
# distance from previous block
# <min> <max>
0	1

[block]
# block no. 1 follows, 74 sequences, length 37
# corresponding to MSA columns:
# 97-133
name=unknown_B
#
# <colnr> <probs for GDERKNQSTAVLIFYWHMCP>
#	G	D	E	R	K	N	Q	S	T	A	V	L	I	F	Y	W	H	M	C	P
0	0.22271	0.20414	0.03454	0.02729	0.01033	0.22995	0.01743	0.07809	0.08786	0.01268	0.00665	0.00743	0.00536	0.00384	0.00332	0.00105	0.03788	0.00255	0.00222	0.00468
1	0.44305	0.00916	0.06611	0.03534	0.02252	0.04006	0.02735	0.17482	0.09261	0.04588	0.00749	0.00804	0.00556	0.00386	0.00302	0.00115	0.00363	0.00274	0.00270	0.00491
2	0.00831	0.07360	0.02551	0.02351	0.03605	0.02174	0.00533	0.17010	0.11303	0.03418	0.23023	0.07299	0.13401	0.00667	0.01693	0.00124	0.00304	0.00530	0.01369	0.00456
3	0.00461	0.00375	0.00408	0.00403	0.00516	0.00322	0.00301	0.00574	0.00894	0.01123	0.23988	0.05742	0.61798	0.00901	0.00439	0.00124	0.00186	0.00763	0.00361	0.00322
4	0.08063	0.01066	0.01066	0.00903	0.04908	0.12593	0.00702	0.50095	0.01367	0.03296	0.00774	0.00835	0.00579	0.00438	0.00433	0.00113	0.08664	0.00307	0.00304	0.03493
5	0.00456	0.00327	0.00434	0.00518	0.00544	0.00305	0.00350	0.00524	0.00718	0.00953	0.02088	0.82288	0.04563	0.01153	0.00474	0.00151	0.00218	0.03287	0.00344	0.00303
6	0.89577	0.00718	0.00546	0.00488	0.00718	0.00833	0.00402	0.01091	0.00632	0.01665	0.00517	0.00603	0.00402	0.00345	0.00230	0.00115	0.00287	0.00201	0.00230	0.00402
7	0.00919	0.00882	0.01507	0.02278	0.84640	0.00882	0.01139	0.01139	0.00845	0.01213	0.00698	0.00919	0.00588	0.00331	0.00367	0.00110	0.00441	0.00331	0.00184	0.00588
8	0.00539	0.00362	0.00418	0.00418	0.00423	0.00367	0.00241	0.00548	0.00544	0.00729	0.01157	0.02362	0.01320	0.81159	0.07646	0.00376	0.00404	0.00530	0.00223	0.00232
9	0.89577	0.00718	0.00546	0.00488	0.00718	0.00833	0.00402	0.01091	0.00632	0.01665	0.00517	0.00603	0.00402	0.00345	0.00230	0.00115	0.00287	0.00201	0.00230	0.00402
10	0.01348	0.00793	0.00954	0.00756	0.01015	0.00826	0.02614	0.28796	0.15561	0.33756	0.03180	0.01182	0.00902	0.00470	0.00396	0.00116	0.02734	0.00375	0.03630	0.00597
11	0.00548	0.00359	0.00402	0.00402	0.00406	0.00359	0.00227	0.00556	0.00552	0.00753	0.01172	0.02376	0.01329	0.82558	0.01806	0.00346	0.00350	0.00530	0.04738	0.00231
12	0.00855	0.09598	0.13068	0.11668	0.08639	0.10376	0.06745	0.04328	0.00822	0.03498	0.00873	0.05999	0.01991	0.01747	0.14767	0.00198	0.02480	0.00371	0.01525	0.00452
13	0.00735	0.00472	0.00592	0.00530	0.00660	0.00453	0.00407	0.06447	0.05240	0.11436	0.58944	0.05934	0.05243	0.00712	0.00424	0.00118	0.00216	0.00620	0.00406	0.00411
14	0.01199	0.24865	0.06642	0.00969	0.08624	0.33724	0.00767	0.13776	0.02307	0.02930	0.00656	0.00736	0.00529	0.00371	0.00319	0.00097	0.00514	0.00258	0.00215	0.00502
15	0.16457	0.46843	0.05119	0.00731	0.01027	0.07771	0.05563	0.06431	0.01905	0.02520	0.00593	0.00679	0.00494	0.00348	0.00294	0.00096	0.02217	0.00237	0.00197	0.00477
16	0.00471	0.00388	0.00416	0.00407	0.00526	0.00338	0.00306	0.00610	0.03204	0.01126	0.21581	0.03334	0.64219	0.00888	0.00437	0.00123	0.00188	0.00748	0.00360	0.00329
17	0.00462	0.00354	0.00418	0.00449	0.00521	0.00316	0.00316	0.00552	0.00808	0.01041	0.15123	0.37840	0.34709	0.04699	0.00515	0.00145	0.00205	0.00869	0.00349	0.00310
18	0.87140	0.00747	0.00560	0.00501	0.00730	0.03171	0.00411	0.01102	0.00643	0.01644	0.00518	0.00605	0.00404	0.00346	0.00233	0.00114	0.00298	0.00202	0.00229	0.00403
19	0.00601	0.02823	0.00745	0.00692	0.02661	0.00596	0.02245	0.00714	0.00605	0.00868	0.00933	0.03603	0.00910	0.10068	0.55964	0.01411	0.13610	0.00410	0.00198	0.00343
20	0.00868	0.00709	0.00851	0.02659	0.04091	0.01780	0.01501	0.05389	0.02287	0.05755	0.00731	0.00825	0.00583	0.00304	0.00296	0.00068	0.00306	0.00247	0.00240	0.70510
21	0.00508	0.00361	0.00479	0.00507	0.00536	0.00377	0.00345	0.00575	0.00614	0.00842	0.01391	0.29208	0.01560	0.30466	0.30128	0.00374	0.00531	0.00657	0.00254	0.00286
22	0.89577	0.00718	0.00546	0.00488	0.00718	0.00833	0.00402	0.01091	0.00632	0.01665	0.00517	0.00603	0.00402	0.00345	0.00230	0.00115	0.00287	0.00201	0.00230	0.00402
23	0.00874	0.00843	0.03551	0.00987	0.01238	0.00861	0.26157	0.06995	0.37951	0.01380	0.01195	0.05898	0.00969	0.02965	0.06249	0.00164	0.00457	0.00452	0.00294	0.00520
24	0.01052	0.00823	0.00947	0.03436	0.05159	0.00916	0.01834	0.22332	0.45104	0.06327	0.06986	0.01309	0.01103	0.00489	0.00380	0.00120	0.00334	0.00406	0.00364	0.00578
25	0.00539	0.00364	0.00424	0.00424	0.00431	0.00371	0.00249	0.00552	0.00546	0.00734	0.01152	0.02329	0.01306	0.78324	0.10461	0.00384	0.00425	0.00525	0.00222	0.00236
26	0.00774	0.11043	0.74420	0.01023	0.01543	0.00929	0.02976	0.01169	0.00782	0.01143	0.00652	0.00768	0.00473	0.00348	0.00342	0.00114	0.00534	0.00270	0.00158	0.00540
27	0.00442	0.00376	0.00381	0.00380	0.00504	0.00315	0.00285	0.00540	0.00855	0.01023	0.07137	0.03539	0.81100	0.00932	0.00439	0.00125	0.00187	0.00779	0.00347	0.00315
28	0.03121	0.05795	0.05012	0.01531	0.02725	0.02817	0.04471	0.03139	0.01879	0.02642	0.12783	0.21786	0.09162	0.02796	0.09375	0.03462	0.03562	0.00592	0.02974	0.00376
29	0.02489	0.16793	0.22190	0.00744	0.01003	0.03602	0.00744	0.03225	0.03039	0.04137	0.00830	0.01063	0.00702	0.01379	0.36099	0.00311	0.00688	0.00319	0.00200	0.00444
30	0.07439	0.51192	0.17318	0.02164	0.01139	0.10559	0.03506	0.01163	0.00788	0.01003	0.00561	0.00659	0.00473	0.00334	0.00278	0.00093	0.00457	0.00227	0.00168	0.00479
31	0.14536	0.05311	0.09313	0.04752	0.20154	0.18310	0.07981	0.03499	0.00863	0.01202	0.02221	0.04037	0.01775	0.00418	0.00363	0.00113	0.01927	0.02539	0.00209	0.00476
32	0.00930	0.04221	0.06187	0.03491	0.28156	0.09395	0.06832	0.05594	0.06849	0.04693	0.07635	0.05027	0.03520	0.00461	0.00393	0.00114	0.02407	0.00403	0.03185	0.00506
33	0.00770	0.04207	0.10594	0.00664	0.02967	0.04348	0.00559	0.03908	0.05489	0.09294	0.36540	0.12992	0.03033	0.02438	0.00436	0.00124	0.00294	0.00572	0.00342	0.00429
34	0.02448	0.10313	0.13088	0.20011	0.12375	0.00909	0.03711	0.10352	0.10101	0.04342	0.04314	0.01096	0.03383	0.00414	0.00358	0.00114	0.00422	0.00348	0.00241	0.01662
35	0.01886	0.04507	0.17809	0.02519	0.03823	0.00653	0.00680	0.02708	0.05918	0.10482	0.05455	0.03476	0.06181	0.00427	0.00337	0.00095	0.00341	0.00350	0.00263	0.32093
36	0.00657	0.04773	0.05258	0.00555	0.01750	0.02573	0.00452	0.02667	0.10574	0.03663	0.25024	0.02483	0.31977	0.03960	0.00462	0.00127	0.00258	0.00595	0.00338	0.01853

[dist]
# distance from previous block
# <min> <max>
8	82

[block]
# block no. 2 follows, 74 sequences, length 11
# corresponding to MSA columns:
# 216-226
name=unknown_C
#
# <colnr> <probs for GDERKNQSTAVLIFYWHMCP>
#	G	D	E	R	K	N	Q	S	T	A	V	L	I	F	Y	W	H	M	C	P
0	0.02425	0.02807	0.01950	0.02616	0.03638	0.03419	0.06668	0.03831	0.09412	0.12797	0.03503	0.14751	0.02839	0.03207	0.01992	0.00142	0.01533	0.14239	0.00312	0.07922
1	0.10696	0.03505	0.17165	0.00787	0.03244	0.12223	0.03005	0.05546	0.07363	0.04158	0.02657	0.10977	0.02198	0.11438	0.00552	0.00147	0.00413	0.01546	0.00252	0.02128
2	0.00871	0.00839	0.11679	0.00735	0.03659	0.08163	0.01594	0.10825	0.01837	0.09669	0.15036	0.10467	0.09766	0.02277	0.02473	0.03485	0.00366	0.02334	0.00308	0.03616
3	0.09182	0.06164	0.24090	0.01069	0.15571	0.15080	0.00875	0.01224	0.08132	0.03000	0.04156	0.03115	0.00791	0.03949	0.00409	0.00123	0.00455	0.01905	0.00221	0.00492
4	0.01249	0.04363	0.05609	0.00903	0.01196	0.12442	0.08987	0.46920	0.01361	0.04751	0.00832	0.00932	0.00628	0.04227	0.00430	0.00119	0.00462	0.00330	0.00300	0.03959
5	0.04474	0.04004	0.04252	0.03525	0.01115	0.00953	0.00674	0.49225	0.01413	0.20504	0.05375	0.01051	0.00822	0.00451	0.00365	0.00112	0.00379	0.00349	0.00365	0.00593
6	0.05506	0.04000	0.43321	0.00955	0.07317	0.00739	0.00986	0.01132	0.00820	0.11093	0.03930	0.06157	0.00928	0.00556	0.02671	0.00135	0.00454	0.08558	0.00238	0.00504
7	0.01170	0.08901	0.01064	0.00837	0.01059	0.31263	0.00662	0.14624	0.31947	0.01372	0.00965	0.00967	0.00746	0.00438	0.00368	0.00109	0.02378	0.00320	0.00286	0.00524
8	0.10233	0.01664	0.01001	0.00909	0.01104	0.76975	0.00686	0.01443	0.01010	0.00984	0.00568	0.00663	0.00470	0.00379	0.00324	0.00098	0.00631	0.00235	0.00195	0.00427
9	0.00808	0.00887	0.05959	0.17529	0.17133	0.00870	0.32030	0.01061	0.00816	0.01127	0.04482	0.01193	0.00753	0.00419	0.00490	0.00127	0.09120	0.04520	0.00196	0.00478
10	0.04114	0.16551	0.08108	0.00995	0.09470	0.33211	0.03503	0.01253	0.04070	0.02619	0.00778	0.06060	0.00704	0.00447	0.00371	0.00108	0.03576	0.03393	0.00209	0.00463

[dist]
# distance from previous block
# <min> <max>
2	6

[block]
# block no. 3 follows, 74 sequences, length 18
# corresponding to MSA columns:
# 233-250
name=unknown_D
#
# <colnr> <probs for GDERKNQSTAVLIFYWHMCP>
#	G	D	E	R	K	N	Q	S	T	A	V	L	I	F	Y	W	H	M	C	P
0	0.76610	0.06298	0.00660	0.00512	0.00751	0.00858	0.00428	0.01139	0.02646	0.04919	0.00581	0.00651	0.00448	0.00350	0.00240	0.00112	0.00295	0.00213	0.00238	0.02052
1	0.03212	0.01110	0.03802	0.00848	0.01111	0.17202	0.02034	0.39294	0.05617	0.09862	0.00861	0.00890	0.00631	0.00432	0.00408	0.00109	0.05669	0.00313	0.00310	0.06287
2	0.06991	0.07904	0.15747	0.01456	0.38122	0.02931	0.02214	0.07591	0.00899	0.05331	0.03005	0.04687	0.00722	0.00399	0.00353	0.00112	0.00428	0.00344	0.00222	0.00541
3	0.00667	0.00462	0.00529	0.00486	0.00629	0.00427	0.00377	0.05470	0.04972	0.09434	0.25025	0.02898	0.42380	0.00799	0.00428	0.00123	0.00221	0.03911	0.00376	0.00387
4	0.00876	0.01001	0.02190	0.01564	0.01940	0.00939	0.83292	0.01189	0.00876	0.01189	0.00751	0.01001	0.00563	0.00313	0.00438	0.00125	0.00626	0.00438	0.00188	0.00501
5	0.05667	0.01011	0.11236	0.01791	0.53653	0.02109	0.06544	0.05021	0.03746	0.04574	0.00754	0.00916	0.00595	0.00350	0.00363	0.00113	0.00450	0.00328	0.00210	0.00569
6	0.00471	0.00339	0.00451	0.00533	0.00568	0.00319	0.00376	0.00551	0.00736	0.00972	0.02111	0.71913	0.06054	0.01134	0.00477	0.00152	0.00231	0.11958	0.00344	0.00307
7	0.01065	0.09746	0.02930	0.00828	0.03786	0.01041	0.00662	0.25057	0.47406	0.01688	0.01187	0.01134	0.00890	0.00459	0.00361	0.00116	0.00348	0.00366	0.00342	0.00588
8	0.00995	0.00841	0.00951	0.03166	0.05127	0.09053	0.03467	0.22855	0.10405	0.04002	0.04201	0.01852	0.04198	0.00604	0.00457	0.00128	0.05623	0.18999	0.00313	0.02762
9	0.02397	0.11723	0.35149	0.01124	0.11774	0.03207	0.08422	0.05648	0.02501	0.10016	0.01912	0.00887	0.00604	0.00375	0.00373	0.00113	0.02707	0.00308	0.00216	0.00542
10	0.00830	0.25944	0.51777	0.00998	0.01461	0.01043	0.10791	0.01159	0.00786	0.01092	0.00634	0.00756	0.00483	0.00338	0.00330	0.00108	0.00515	0.00272	0.00161	0.00522
11	0.00448	0.00376	0.00389	0.00386	0.00507	0.00317	0.00289	0.00551	0.00868	0.01055	0.12377	0.03487	0.75840	0.00921	0.00439	0.00124	0.00187	0.00771	0.00352	0.00317
12	0.00806	0.17394	0.65378	0.00976	0.01457	0.02931	0.01205	0.01162	0.00778	0.01106	0.00631	0.00748	0.00472	0.00356	0.00358	0.00111	0.03181	0.00261	0.00158	0.00528
13	0.00903	0.03864	0.31637	0.05583	0.12314	0.03348	0.07697	0.01243	0.07556	0.11701	0.00981	0.09795	0.00810	0.00457	0.00376	0.00119	0.00453	0.00399	0.00240	0.00525
14	0.00499	0.00356	0.00477	0.00557	0.00598	0.00341	0.00411	0.00591	0.00747	0.00985	0.02013	0.56905	0.03959	0.05380	0.00555	0.00166	0.00259	0.24554	0.00338	0.00310
15	0.00919	0.00882	0.01507	0.02278	0.84640	0.00882	0.01139	0.01139	0.00845	0.01213	0.00698	0.00919	0.00588	0.00331	0.00367	0.00110	0.00441	0.00331	0.00184	0.00588
16	0.00892	0.00943	0.06368	0.07036	0.46438	0.04074	0.13608	0.04409	0.03457	0.01224	0.02420	0.05881	0.00749	0.00400	0.00384	0.00116	0.00464	0.00391	0.00209	0.00536
17	0.01033	0.08089	0.13211	0.01140	0.05499	0.04665	0.26322	0.21878	0.08917	0.02681	0.00851	0.02520	0.00652	0.00392	0.00379	0.00115	0.00491	0.00365	0.00252	0.00546

[dist]
# distance from previous block
# <min> <max>
2	6

[block]
# block no. 4 follows, 74 sequences, length 53
# corresponding to MSA columns:
# 257-309
name=unknown_E
#
# <colnr> <probs for GDERKNQSTAVLIFYWHMCP>
#	G	D	E	R	K	N	Q	S	T	A	V	L	I	F	Y	W	H	M	C	P
0	0.66033	0.00757	0.00660	0.00565	0.00806	0.00857	0.00463	0.11516	0.06398	0.07940	0.00701	0.00741	0.00518	0.00376	0.00268	0.00115	0.00305	0.00245	0.00274	0.00460
1	0.01103	0.10018	0.20733	0.06512	0.11777	0.06725	0.24294	0.06417	0.01808	0.05130	0.00879	0.01086	0.00692	0.00449	0.00433	0.00140	0.00572	0.00380	0.00253	0.00600
2	0.02507	0.11657	0.26053	0.01860	0.16021	0.00861	0.08907	0.03031	0.02192	0.12663	0.00951	0.05531	0.02338	0.00434	0.00371	0.00116	0.01241	0.02501	0.00234	0.00528
3	0.00440	0.00371	0.00381	0.00388	0.00505	0.00312	0.00288	0.00531	0.00834	0.00998	0.03609	0.10885	0.77273	0.00960	0.00442	0.00128	0.00190	0.00807	0.00345	0.00312
4	0.00444	0.00376	0.00384	0.00382	0.00505	0.00316	0.00286	0.00544	0.00859	0.01034	0.09037	0.03520	0.79192	0.00928	0.00439	0.00125	0.00187	0.00776	0.00349	0.00316
5	0.01142	0.13355	0.24790	0.00985	0.06856	0.09097	0.04857	0.16060	0.02194	0.15931	0.00834	0.00877	0.00601	0.00385	0.00347	0.00109	0.00466	0.00302	0.00258	0.00557
6	0.00946	0.00958	0.01457	0.03999	0.58505	0.08818	0.08753	0.01205	0.05523	0.01183	0.00745	0.00968	0.00620	0.00364	0.00402	0.00114	0.03337	0.01356	0.00196	0.00552
7	0.00509	0.00391	0.00476	0.00506	0.00604	0.00358	0.00406	0.00642	0.00876	0.01121	0.17101	0.09044	0.36902	0.00952	0.00466	0.00141	0.00240	0.28581	0.00355	0.00329
8	0.00449	0.00378	0.00391	0.00393	0.00516	0.00320	0.00299	0.00550	0.00854	0.01026	0.06732	0.03570	0.77694	0.00937	0.00442	0.00127	0.00194	0.04465	0.00347	0.00316
9	0.01866	0.02229	0.33393	0.01182	0.14541	0.00834	0.09996	0.05734	0.06496	0.18713	0.00912	0.00971	0.00645	0.00382	0.00369	0.00116	0.00463	0.00333	0.00254	0.00572
10	0.27349	0.01008	0.00916	0.00743	0.01005	0.12579	0.00603	0.40582	0.01261	0.09408	0.00789	0.00810	0.00569	0.00408	0.00325	0.00111	0.00400	0.00286	0.00313	0.00536
11	0.00853	0.00881	0.01131	0.00973	0.00987	0.07196	0.00805	0.00936	0.00603	0.00894	0.00493	0.00802	0.00487	0.00630	0.01155	0.00158	0.80125	0.00319	0.00164	0.00408
12	0.29142	0.07204	0.19139	0.00863	0.09247	0.03681	0.00750	0.07671	0.02339	0.09848	0.06215	0.00920	0.00729	0.00394	0.00316	0.00112	0.00385	0.00293	0.00252	0.00499
13	0.18036	0.01060	0.06391	0.00765	0.01041	0.16484	0.00650	0.24122	0.03997	0.22560	0.00912	0.00899	0.00639	0.00414	0.00337	0.00111	0.00416	0.00300	0.00320	0.00544
14	0.00540	0.00360	0.00405	0.00405	0.00405	0.00360	0.00225	0.00540	0.00540	0.00720	0.01170	0.02429	0.01349	0.86955	0.01889	0.00360	0.00360	0.00540	0.00225	0.00225
15	0.04231	0.28114	0.07758	0.00887	0.02363	0.17179	0.02962	0.02335	0.00767	0.00974	0.00544	0.00715	0.00483	0.00444	0.00596	0.00116	0.28643	0.00264	0.00173	0.00452
16	0.00854	0.00841	0.01440	0.01798	0.51615	0.02622	0.14807	0.01056	0.00815	0.01140	0.00854	0.09880	0.00802	0.02340	0.00484	0.00126	0.06468	0.01339	0.00202	0.00517
17	0.00919	0.00882	0.01507	0.02278	0.84640	0.00882	0.01139	0.01139	0.00845	0.01213	0.00698	0.00919	0.00588	0.00331	0.00367	0.00110	0.00441	0.00331	0.00184	0.00588
18	0.00940	0.00806	0.00849	0.00759	0.00972	0.00931	0.00592	0.04809	0.81105	0.01580	0.01489	0.01368	0.01116	0.00502	0.00377	0.00125	0.00298	0.00417	0.00377	0.00589
19	0.00733	0.00596	0.04577	0.00873	0.16121	0.00519	0.02521	0.01926	0.03148	0.09986	0.28460	0.10229	0.17443	0.00682	0.00415	0.00121	0.00278	0.00601	0.00337	0.00434
20	0.00635	0.00549	0.00863	0.00742	0.00820	0.00621	0.12554	0.00740	0.00613	0.00868	0.00925	0.01600	0.00936	0.30307	0.29642	0.00369	0.16245	0.00438	0.00199	0.00334
21	0.01411	0.01040	0.01114	0.00854	0.01151	0.01151	0.00706	0.83402	0.01745	0.02339	0.00891	0.00891	0.00631	0.00446	0.00371	0.00111	0.00408	0.00334	0.00371	0.00631
22	0.00879	0.00992	0.02136	0.01621	0.08447	0.00934	0.76827	0.01185	0.00874	0.01191	0.00747	0.00995	0.00565	0.00314	0.00432	0.00124	0.00611	0.00430	0.00187	0.00507
23	0.00763	0.01677	0.64986	0.01147	0.01642	0.00860	0.18503	0.01157	0.00801	0.01171	0.00728	0.03560	0.00553	0.00370	0.00374	0.00120	0.00554	0.00333	0.00169	0.00531
24	0.00919	0.00882	0.01507	0.02278	0.84640	0.00882	0.01139	0.01139	0.00845	0.01213	0.00698	0.00919	0.00588	0.00331	0.00367	0.00110	0.00441	0.00331	0.00184	0.00588
25	0.00530	0.00398	0.00597	0.00597	0.00663	0.00464	0.00464	0.00663	0.00597	0.00862	0.00994	0.01458	0.00928	0.02784	0.85484	0.00597	0.00994	0.00398	0.00199	0.00331
26	0.00472	0.00349	0.00470	0.00572	0.03471	0.00326	0.00373	0.00549	0.00735	0.00978	0.04492	0.75405	0.06791	0.01108	0.00468	0.00147	0.00223	0.02416	0.00341	0.00314
27	0.00885	0.02706	0.01288	0.14885	0.46019	0.07682	0.03759	0.02552	0.04622	0.01183	0.06473	0.01163	0.04354	0.00405	0.00373	0.00113	0.00437	0.00370	0.00215	0.00516
28	0.00701	0.00660	0.01113	0.86063	0.02556	0.00825	0.01031	0.00948	0.00742	0.00948	0.00660	0.00990	0.00495	0.00371	0.00371	0.00124	0.00495	0.00330	0.00165	0.00412
29	0.00919	0.00882	0.01507	0.02278	0.84640	0.00882	0.01139	0.01139	0.00845	0.01213	0.00698	0.00919	0.00588	0.00331	0.00367	0.00110	0.00441	0.00331	0.00184	0.00588
30	0.00878	0.00936	0.06678	0.01646	0.32333	0.00850	0.35596	0.01124	0.00827	0.04003	0.00784	0.01096	0.00651	0.08454	0.00557	0.00142	0.02343	0.00393	0.00197	0.00512
31	0.00884	0.00988	0.04705	0.07598	0.11724	0.00924	0.60405	0.04740	0.00897	0.01223	0.00756	0.01017	0.00580	0.00335	0.00420	0.00123	0.00579	0.01396	0.00194	0.00510
32	0.00919	0.00882	0.01507	0.02278	0.84640	0.00882	0.01139	0.01139	0.00845	0.01213	0.00698	0.00919	0.00588	0.00331	0.00367	0.00110	0.00441	0.00331	0.00184	0.00588
33	0.00539	0.00362	0.00414	0.00414	0.00418	0.00365	0.00237	0.00546	0.00543	0.00727	0.01161	0.02380	0.01328	0.82735	0.06080	0.00372	0.00392	0.00533	0.00224	0.00230
34	0.00970	0.03137	0.00715	0.00623	0.00776	0.01611	0.00477	0.12376	0.03666	0.24660	0.01641	0.42964	0.01641	0.00808	0.00420	0.00132	0.00286	0.02267	0.00374	0.00456
35	0.00830	0.00799	0.01381	0.35503	0.48312	0.00862	0.04818	0.01066	0.00806	0.01107	0.00685	0.00951	0.00550	0.00346	0.00372	0.00116	0.00471	0.00335	0.00176	0.00514
36	0.00682	0.00667	0.05972	0.43935	0.03314	0.00693	0.05519	0.00904	0.02175	0.01006	0.02355	0.01318	0.02243	0.12096	0.06084	0.00182	0.01566	0.00382	0.08514	0.00393
37	0.00540	0.00360	0.00405	0.00405	0.00405	0.00360	0.00225	0.00540	0.00540	0.00720	0.01170	0.02429	0.01349	0.86955	0.01889	0.00360	0.00360	0.00540	0.00225	0.00225
38	0.00914	0.00807	0.00981	0.03845	0.08907	0.00905	0.05276	0.04537	0.63254	0.01489	0.01413	0.01359	0.03660	0.00484	0.00382	0.00124	0.00334	0.00418	0.00340	0.00569
39	0.00628	0.00447	0.00551	0.00490	0.00632	0.00397	0.00376	0.00817	0.03806	0.06291	0.51498	0.03340	0.14418	0.00698	0.00411	0.00111	0.00206	0.01680	0.00373	0.12830
40	0.00848	0.20611	0.41736	0.00922	0.01309	0.08536	0.06552	0.01129	0.00794	0.01065	0.00741	0.00873	0.02758	0.00483	0.04214	0.00130	0.03253	0.00289	0.03265	0.00491
41	0.00706	0.00523	0.00742	0.08682	0.03579	0.00578	0.00562	0.08506	0.00759	0.04848	0.00961	0.02556	0.00848	0.01981	0.56613	0.00430	0.00790	0.00381	0.00227	0.05728
42	0.00516	0.00355	0.00448	0.00500	0.00559	0.00329	0.00359	0.00614	0.00774	0.02452	0.06762	0.52898	0.12521	0.01008	0.00447	0.00140	0.00221	0.09064	0.08658	0.01376
43	0.40647	0.03104	0.00827	0.00657	0.00908	0.00966	0.00541	0.32904	0.10149	0.01883	0.00793	0.00825	0.00590	0.00403	0.00302	0.00113	0.00334	0.00281	0.03263	0.00511
44	0.11394	0.00884	0.00955	0.00738	0.01025	0.00929	0.00606	0.50511	0.01373	0.12140	0.00909	0.02651	0.00666	0.00426	0.00344	0.00105	0.00360	0.00322	0.00344	0.13318
45	0.01286	0.01032	0.02244	0.03608	0.01233	0.06744	0.08437	0.56122	0.05964	0.05117	0.00913	0.00946	0.00657	0.00429	0.00371	0.00112	0.00433	0.00343	0.03424	0.00585
46	0.12632	0.01201	0.22939	0.02051	0.01304	0.13623	0.18506	0.02466	0.00852	0.08866	0.00868	0.07572	0.00730	0.03140	0.00414	0.00126	0.00490	0.01514	0.00229	0.00476
47	0.00466	0.00340	0.00442	0.00515	0.00555	0.00315	0.00360	0.00547	0.00750	0.00987	0.05287	0.67981	0.10832	0.01113	0.00472	0.00149	0.00222	0.08012	0.00347	0.00308
48	0.00456	0.00332	0.00431	0.00507	0.00542	0.00307	0.00347	0.00527	0.00730	0.00959	0.02226	0.75016	0.11207	0.01134	0.00471	0.00149	0.00217	0.03793	0.00344	0.00304
49	0.00903	0.12182	0.14934	0.04782	0.14432	0.05866	0.34396	0.02169	0.00843	0.01125	0.00675	0.00873	0.00531	0.00346	0.00414	0.00116	0.04385	0.00343	0.00179	0.00508
50	0.00532	0.00384	0.00533	0.00533	0.00583	0.00426	0.00389	0.00619	0.00589	0.00824	0.01154	0.01797	0.04815	0.24621	0.57185	0.03285	0.00771	0.00450	0.00211	0.00297
51	0.00524	0.00398	0.00521	0.00556	0.00602	0.02282	0.00399	0.01652	0.00671	0.00911	0.01491	0.41618	0.01664	0.08097	0.36393	0.00352	0.00567	0.00713	0.00271	0.00316
52	0.00570	0.00509	0.02199	0.02592	0.00724	0.03971	0.03312	0.02886	0.02281	0.01036	0.03440	0.26570	0.29381	0.02587	0.08389	0.00183	0.00345	0.08370	0.00311	0.00345

[dist]
# distance from previous block
# <min> <max>
3	4

[block]
# block no. 5 follows, 74 sequences, length 47
# corresponding to MSA columns:
# 314-360
name=unknown_F
#
# <colnr> <probs for GDERKNQSTAVLIFYWHMCP>
#	G	D	E	R	K	N	Q	S	T	A	V	L	I	F	Y	W	H	M	C	P
0	0.00764	0.00555	0.00664	0.00582	0.00754	0.01385	0.01232	0.05374	0.07359	0.09006	0.11558	0.12870	0.13399	0.04099	0.02473	0.00135	0.02271	0.06436	0.00326	0.18761
1	0.07254	0.00790	0.01197	0.00966	0.03136	0.02726	0.25263	0.13178	0.07057	0.06535	0.04645	0.07393	0.04767	0.02418	0.02765	0.00142	0.02413	0.04790	0.00285	0.02279
2	0.00762	0.00722	0.01223	0.62603	0.25540	0.00841	0.01061	0.01002	0.00771	0.01022	0.00671	0.00970	0.00521	0.00360	0.00370	0.00120	0.00480	0.00330	0.00170	0.00462
3	0.00583	0.00398	0.00483	0.00456	0.00571	0.00353	0.00348	0.00725	0.00967	0.07731	0.45573	0.04481	0.32108	0.00815	0.00436	0.00122	0.00196	0.02910	0.00387	0.00358
4	0.00597	0.00510	0.00615	0.01800	0.00736	0.07057	0.02729	0.00705	0.00775	0.00992	0.01783	0.46812	0.02981	0.01054	0.02965	0.00164	0.03689	0.23386	0.00314	0.00335
5	0.03424	0.71242	0.06986	0.00689	0.01006	0.09562	0.00683	0.01151	0.00782	0.00917	0.00531	0.00615	0.00474	0.00327	0.00254	0.00084	0.00430	0.00207	0.00164	0.00474
6	0.00514	0.00373	0.00497	0.00575	0.00634	0.00357	0.00448	0.00627	0.00786	0.01023	0.02184	0.42800	0.10568	0.01081	0.00487	0.00157	0.00267	0.35959	0.00343	0.00320
7	0.01362	0.01006	0.01100	0.04937	0.01208	0.01118	0.00714	0.75150	0.04782	0.03487	0.00912	0.00920	0.00648	0.00444	0.00372	0.00113	0.00407	0.00338	0.00363	0.00619
8	0.00734	0.02436	0.43759	0.00950	0.01329	0.01841	0.12317	0.03989	0.00858	0.01207	0.07533	0.06595	0.07353	0.00506	0.00389	0.00121	0.00459	0.04343	0.00225	0.03055
9	0.00752	0.04531	0.82487	0.01045	0.01586	0.00881	0.01349	0.01174	0.00783	0.01166	0.00662	0.00778	0.00470	0.00352	0.00349	0.00116	0.00544	0.00272	0.00157	0.00546
10	0.01195	0.00923	0.00990	0.00810	0.01066	0.01035	0.00657	0.49746	0.31956	0.01995	0.01167	0.01220	0.00883	0.00493	0.00380	0.00119	0.00363	0.04026	0.00372	0.00602
11	0.00482	0.00348	0.00461	0.00537	0.00579	0.00327	0.00387	0.00573	0.00761	0.01007	0.06214	0.62856	0.07102	0.01105	0.00477	0.00151	0.00235	0.15738	0.00347	0.00312
12	0.76487	0.00705	0.00593	0.00514	0.00752	0.00790	0.00423	0.01198	0.00696	0.14058	0.00658	0.00701	0.00479	0.00362	0.00251	0.00115	0.00291	0.00227	0.00264	0.00436
13	0.00536	0.00385	0.00509	0.00580	0.00635	0.00375	0.00438	0.03840	0.00800	0.01055	0.02017	0.55093	0.04307	0.01086	0.00481	0.00155	0.00262	0.26773	0.00345	0.00327
14	0.00620	0.00432	0.00613	0.00615	0.00720	0.00401	0.05494	0.00744	0.00820	0.07998	0.02238	0.32858	0.18581	0.00966	0.00468	0.00147	0.00281	0.25302	0.00344	0.00356
15	0.00485	0.00349	0.00467	0.00550	0.00590	0.00331	0.00401	0.00576	0.00749	0.00987	0.02094	0.64415	0.05590	0.01122	0.00481	0.00154	0.00243	0.19759	0.00344	0.00311
16	0.01339	0.01359	0.01050	0.00891	0.01126	0.41485	0.00696	0.34057	0.11641	0.01556	0.00816	0.00846	0.00620	0.00423	0.00355	0.00106	0.00519	0.00299	0.00286	0.00530
17	0.00503	0.00375	0.00522	0.00566	0.00605	0.00397	0.00412	0.00596	0.00684	0.00938	0.03872	0.49509	0.01907	0.03415	0.25286	0.00286	0.04452	0.05066	0.00293	0.00317
18	0.23499	0.00699	0.00803	0.00640	0.00906	0.00692	0.00525	0.11858	0.02209	0.50455	0.01172	0.03230	0.00796	0.00448	0.00340	0.00115	0.00317	0.00343	0.00387	0.00565
19	0.01361	0.07284	0.01110	0.00936	0.01135	0.80041	0.00712	0.01458	0.01033	0.00906	0.00570	0.00665	0.00478	0.00378	0.00328	0.00095	0.00652	0.00236	0.00189	0.00433
20	0.00476	0.00377	0.00427	0.00415	0.00524	0.00329	0.00311	0.00604	0.00934	0.01211	0.38284	0.03230	0.49836	0.00863	0.00438	0.00122	0.00182	0.00735	0.00372	0.00329
21	0.00760	0.00747	0.01310	0.53047	0.06851	0.01941	0.17662	0.02149	0.00797	0.01040	0.00815	0.01208	0.02395	0.00414	0.00416	0.00126	0.02857	0.04842	0.00187	0.00437
22	0.00971	0.00793	0.01995	0.01832	0.01006	0.00706	0.01516	0.25558	0.01065	0.02445	0.00739	0.00817	0.00576	0.00331	0.00309	0.00075	0.00326	0.00260	0.00266	0.58415
23	0.57798	0.03383	0.02633	0.00638	0.00863	0.23326	0.00521	0.02577	0.00771	0.01430	0.00553	0.00645	0.00440	0.00361	0.00274	0.00109	0.01308	0.00219	0.01734	0.00418
24	0.89577	0.00718	0.00546	0.00488	0.00718	0.00833	0.00402	0.01091	0.00632	0.01665	0.00517	0.00603	0.00402	0.00345	0.00230	0.00115	0.00287	0.00201	0.00230	0.00402
25	0.01023	0.01111	0.02347	0.11562	0.24451	0.25695	0.03091	0.01396	0.19609	0.01153	0.00832	0.00955	0.00661	0.00403	0.00398	0.00114	0.04137	0.00326	0.00226	0.00510
26	0.00531	0.00397	0.00591	0.00591	0.00655	0.00461	0.00457	0.00659	0.00595	0.00857	0.01000	0.01488	0.00941	0.05362	0.82924	0.00589	0.00975	0.00402	0.00200	0.00328
27	0.00454	0.00327	0.00427	0.00507	0.00533	0.00304	0.00338	0.00518	0.00713	0.00944	0.02107	0.80494	0.06445	0.03337	0.00508	0.00155	0.00218	0.01029	0.00342	0.00300
28	0.00556	0.00361	0.00433	0.00432	0.00513	0.00339	0.00318	0.00707	0.00906	0.01340	0.41818	0.14617	0.09339	0.00738	0.00392	0.00114	0.00181	0.00643	0.25915	0.00339
29	0.00511	0.00388	0.00478	0.00489	0.00587	0.00355	0.00386	0.00655	0.00927	0.01221	0.35554	0.05356	0.30645	0.00893	0.00457	0.00133	0.00220	0.20040	0.00370	0.00335
30	0.00992	0.87178	0.01945	0.00635	0.00953	0.01469	0.00635	0.01111	0.00754	0.00873	0.00516	0.00595	0.00476	0.00318	0.00238	0.00079	0.00397	0.00198	0.00159	0.00476
31	0.05947	0.08293	0.73823	0.00993	0.01505	0.00906	0.01259	0.01166	0.00773	0.01181	0.00646	0.00759	0.00467	0.00350	0.00337	0.00115	0.00522	0.00264	0.00161	0.00535
32	0.00893	0.00744	0.00791	0.00712	0.00909	0.00848	0.00553	0.03199	0.70905	0.02503	0.06739	0.01521	0.03530	0.00527	0.00378	0.00123	0.00281	0.00440	0.03846	0.00557
33	0.68401	0.00741	0.00633	0.00547	0.00781	0.00838	0.00447	0.11463	0.02747	0.03536	0.00672	0.04045	0.00544	0.00394	0.00265	0.00114	0.00300	0.00261	0.00260	0.03012
34	0.85345	0.00733	0.00573	0.00506	0.00739	0.00848	0.00417	0.05042	0.00685	0.01698	0.00535	0.00617	0.00413	0.00349	0.00237	0.00115	0.00293	0.00207	0.00237	0.00413
35	0.00482	0.00347	0.00449	0.00487	0.00534	0.00322	0.00336	0.00582	0.00823	0.01121	0.30307	0.49158	0.06334	0.06258	0.00546	0.00151	0.00209	0.00880	0.00359	0.00314
36	0.00464	0.00350	0.00430	0.00467	0.00532	0.00315	0.00328	0.00561	0.00821	0.01079	0.20151	0.45774	0.25351	0.01015	0.00456	0.00136	0.00199	0.00898	0.00358	0.00315
37	0.00599	0.00417	0.00519	0.00502	0.00602	0.00396	0.00372	0.00815	0.07981	0.06063	0.46905	0.19574	0.12183	0.00822	0.00436	0.00125	0.00203	0.00723	0.00389	0.00372
38	0.02723	0.00469	0.00628	0.00602	0.00700	0.02412	0.00471	0.03090	0.00684	0.07431	0.01018	0.01386	0.00898	0.02316	0.68572	0.00499	0.00863	0.00383	0.04487	0.00367
39	0.02767	0.00643	0.00823	0.00649	0.00899	0.00596	0.00521	0.08107	0.05470	0.63043	0.01374	0.01365	0.00949	0.10392	0.00545	0.00143	0.00327	0.00389	0.00418	0.00579
40	0.00544	0.00392	0.00532	0.00603	0.00674	0.00381	0.00492	0.00682	0.00831	0.01090	0.08524	0.26171	0.07283	0.01036	0.00492	0.00159	0.00286	0.49151	0.00348	0.00330
41	0.00507	0.00362	0.00494	0.00579	0.00625	0.00349	0.00440	0.00612	0.00765	0.01009	0.02016	0.55714	0.02335	0.01111	0.00488	0.00158	0.00263	0.31514	0.00344	0.00317
42	0.00750	0.03845	0.83156	0.01048	0.01592	0.00876	0.01355	0.01174	0.00783	0.01169	0.00663	0.00779	0.00470	0.00352	0.00350	0.00117	0.00545	0.00273	0.00157	0.00547
43	0.00701	0.00660	0.01113	0.86063	0.02556	0.00825	0.01031	0.00948	0.00742	0.00948	0.00660	0.00990	0.00495	0.00371	0.00371	0.00124	0.00495	0.00330	0.00165	0.00412
44	0.00587	0.00421	0.00584	0.00667	0.00750	0.00418	0.00577	0.00750	0.00847	0.01100	0.02021	0.08130	0.04539	0.01030	0.00509	0.00169	0.00331	0.75890	0.00342	0.00339
45	0.17662	0.01826	0.03070	0.06958	0.05827	0.11570	0.10046	0.00965	0.00719	0.03024	0.00832	0.01348	0.00792	0.27595	0.06106	0.00220	0.00475	0.00374	0.00212	0.00379
46	0.62702	0.00717	0.00579	0.00516	0.00728	0.05595	0.00414	0.01095	0.00702	0.05918	0.00708	0.04101	0.00579	0.00418	0.01242	0.00115	0.00305	0.00263	0.08635	0.04669

[dist]
# distance from previous block
# <min> <max>
0	12

[block]
# block no. 6 follows, 74 sequences, length 26
# corresponding to MSA columns:
# 373-398
name=unknown_G
#
# <colnr> <probs for GDERKNQSTAVLIFYWHMCP>
#	G	D	E	R	K	N	Q	S	T	A	V	L	I	F	Y	W	H	M	C	P
0	0.02434	0.02557	0.33972	0.05507	0.09813	0.06465	0.10138	0.07424	0.05387	0.02604	0.02259	0.05927	0.00718	0.00418	0.00369	0.00116	0.00484	0.00361	0.00217	0.02829
1	0.89577	0.00718	0.00546	0.00488	0.00718	0.00833	0.00402	0.01091	0.00632	0.01665	0.00517	0.00603	0.00402	0.00345	0.00230	0.00115	0.00287	0.00201	0.00230	0.00402
2	0.00845	0.00843	0.08178	0.03486	0.13189	0.00802	0.07319	0.07876	0.30808	0.01398	0.06518	0.08284	0.02688	0.00551	0.00399	0.00126	0.00366	0.05502	0.00305	0.00518
3	0.00449	0.00371	0.00393	0.00399	0.00510	0.00316	0.00295	0.00548	0.00854	0.01047	0.11753	0.11484	0.68414	0.00943	0.00442	0.00127	0.00189	0.00798	0.00351	0.00316
4	0.00607	0.00473	0.00564	0.00540	0.00655	0.00479	0.00412	0.00966	0.19887	0.01396	0.47096	0.08297	0.10748	0.00762	0.00431	0.00125	0.00216	0.05562	0.00387	0.00397
5	0.00563	0.00402	0.00507	0.00503	0.00577	0.00386	0.00362	0.06124	0.00933	0.01283	0.42113	0.29657	0.05481	0.05528	0.00559	0.03344	0.00219	0.00757	0.00365	0.00338
6	0.02731	0.00419	0.00525	0.00501	0.00620	0.00378	0.00374	0.00839	0.00903	0.17567	0.25808	0.27068	0.19139	0.00846	0.00431	0.00128	0.00220	0.00737	0.00383	0.00385
7	0.00829	0.00829	0.01118	0.00962	0.00977	0.02719	0.00798	0.00966	0.05303	0.00931	0.00547	0.00842	0.00524	0.00636	0.01154	0.00159	0.79786	0.00329	0.00175	0.00417
8	0.00769	0.10217	0.76947	0.01017	0.01543	0.00921	0.01300	0.01169	0.00781	0.01146	0.00652	0.00765	0.00471	0.00349	0.00342	0.00114	0.00534	0.00267	0.00157	0.00542
9	0.01336	0.07074	0.01097	0.00922	0.01125	0.73487	0.00704	0.03333	0.05746	0.00975	0.00630	0.00710	0.00519	0.00387	0.00332	0.00097	0.00625	0.00249	0.00204	0.00447
10	0.06370	0.13353	0.68498	0.00965	0.01462	0.00942	0.01211	0.01162	0.00770	0.01166	0.00636	0.00747	0.00467	0.00347	0.00329	0.00112	0.00512	0.00259	0.00162	0.00530
11	0.00846	0.00878	0.01245	0.01038	0.01105	0.06382	0.11928	0.00964	0.00655	0.00946	0.00606	0.01007	0.00584	0.00607	0.01020	0.00154	0.64794	0.04648	0.00177	0.00417
12	0.00957	0.00618	0.00755	0.00563	0.00853	0.00489	0.00452	0.01118	0.00867	0.21147	0.08983	0.01096	0.00934	0.00370	0.00314	0.00076	0.00272	0.00303	0.02486	0.57347
13	0.01329	0.01632	0.01148	0.01069	0.06449	0.71001	0.05421	0.05671	0.01065	0.01017	0.00608	0.00715	0.00498	0.00379	0.00344	0.00099	0.00639	0.00261	0.00200	0.00455
14	0.00551	0.00438	0.00571	0.00593	0.00635	0.00476	0.00433	0.02117	0.03727	0.01016	0.06096	0.53631	0.07437	0.02981	0.01866	0.00159	0.13237	0.03382	0.00317	0.00337
15	0.00932	0.37847	0.05699	0.00657	0.00906	0.05028	0.00604	0.11279	0.00910	0.04242	0.02670	0.01347	0.17774	0.00531	0.00409	0.03306	0.04798	0.00366	0.00240	0.00453
16	0.06469	0.00485	0.00603	0.00555	0.00705	0.00447	0.00423	0.03087	0.00881	0.25412	0.08983	0.33169	0.07213	0.00776	0.00408	0.00127	0.00254	0.02948	0.01948	0.05107
17	0.00460	0.00329	0.00440	0.00526	0.00551	0.00308	0.00358	0.00530	0.00718	0.00956	0.02042	0.82283	0.02438	0.01156	0.00476	0.00152	0.00222	0.05407	0.00344	0.00304
18	0.00921	0.02220	0.03076	0.23249	0.44551	0.07819	0.07250	0.02511	0.00856	0.03011	0.00699	0.00922	0.00558	0.00349	0.00369	0.00113	0.00485	0.00329	0.00188	0.00523
19	0.00663	0.02006	0.00770	0.00740	0.05052	0.04987	0.03479	0.02178	0.00655	0.00895	0.00972	0.05987	0.00984	0.21376	0.36626	0.00380	0.11252	0.00441	0.00209	0.00347
20	0.01184	0.00825	0.00917	0.00755	0.00987	0.00893	0.00614	0.50796	0.07727	0.08315	0.01217	0.10865	0.01037	0.00579	0.00390	0.00121	0.00354	0.07292	0.04578	0.00553
21	0.14246	0.17799	0.01125	0.05187	0.01092	0.45562	0.00651	0.03806	0.00930	0.01076	0.02131	0.00770	0.02348	0.00383	0.00307	0.00098	0.00520	0.00253	0.00202	0.01513
22	0.00519	0.00385	0.00542	0.00552	0.00610	0.00424	0.00413	0.00627	0.00624	0.00868	0.01337	0.09929	0.07225	0.12553	0.59367	0.00482	0.00771	0.02225	0.00230	0.00315
23	0.04212	0.07838	0.02585	0.00717	0.01007	0.00920	0.00601	0.38126	0.08954	0.02528	0.05157	0.00970	0.00784	0.00407	0.00334	0.00096	0.00347	0.00313	0.00309	0.23796
24	0.00824	0.13771	0.47599	0.00992	0.05648	0.02468	0.04725	0.02993	0.02567	0.02964	0.00839	0.05397	0.02730	0.00407	0.00347	0.00111	0.00474	0.00331	0.00194	0.04621
25	0.00922	0.08261	0.45240	0.01117	0.12394	0.03403	0.03032	0.07969	0.00914	0.07558	0.05153	0.00938	0.00696	0.00384	0.00355	0.00112	0.00479	0.00312	0.00216	0.00546

[dist]
# distance from previous block
# <min> <max>
0	4

[block]
# block no. 7 follows, 74 sequences, length 20
# corresponding to MSA columns:
# 403-422
name=unknown_H
#
# <colnr> <probs for GDERKNQSTAVLIFYWHMCP>
#	G	D	E	R	K	N	Q	S	T	A	V	L	I	F	Y	W	H	M	C	P
0	0.00559	0.00545	0.04867	0.03479	0.00805	0.00454	0.07939	0.03825	0.00872	0.01118	0.09806	0.15420	0.44099	0.00819	0.00432	0.00126	0.00272	0.01806	0.00319	0.02438
1	0.03211	0.13606	0.14997	0.05077	0.14728	0.15075	0.11295	0.08337	0.04005	0.04225	0.00718	0.00841	0.00557	0.00365	0.00357	0.00109	0.01465	0.00303	0.00211	0.00519
2	0.02560	0.05057	0.09007	0.13830	0.33459	0.01927	0.08436	0.10927	0.01897	0.04913	0.00745	0.00911	0.00576	0.00356	0.00361	0.00111	0.00456	0.00325	0.00216	0.03929
3	0.00713	0.00605	0.00832	0.07317	0.02889	0.00726	0.00666	0.00937	0.08620	0.02215	0.07848	0.02285	0.02898	0.04117	0.02036	0.00167	0.26938	0.27523	0.00273	0.00395
4	0.00497	0.00376	0.00459	0.00443	0.00538	0.00337	0.00330	0.00644	0.00976	0.01324	0.57451	0.06782	0.26827	0.00829	0.00440	0.00121	0.00181	0.00721	0.00387	0.00337
5	0.00875	0.02162	0.01359	0.06358	0.61677	0.00843	0.02925	0.04122	0.02103	0.01234	0.05249	0.03375	0.03503	0.00410	0.00394	0.00114	0.02156	0.00384	0.00213	0.00544
6	0.00925	0.00803	0.00829	0.00712	0.00938	0.05817	0.00560	0.09084	0.44986	0.01456	0.01193	0.01242	0.00934	0.00611	0.06185	0.00141	0.00369	0.02244	0.02393	0.18578
7	0.00463	0.00369	0.00414	0.00420	0.00520	0.00321	0.00308	0.00573	0.00878	0.01118	0.23935	0.15476	0.52042	0.00927	0.00444	0.00127	0.00189	0.00795	0.00361	0.00321
8	0.01388	0.03877	0.01112	0.00892	0.01144	0.37460	0.00708	0.45723	0.01418	0.01680	0.00744	0.00787	0.00561	0.00415	0.00352	0.00104	0.00520	0.00289	0.00288	0.00540
9	0.00542	0.00345	0.00456	0.00470	0.00509	0.00328	0.00323	0.00543	0.00686	0.00913	0.15111	0.20710	0.13656	0.07790	0.03420	0.32767	0.00278	0.00626	0.00274	0.00255
10	0.00471	0.00331	0.00443	0.00523	0.00548	0.00313	0.00357	0.00534	0.00708	0.00942	0.01970	0.75626	0.02343	0.04249	0.00555	0.02652	0.00232	0.06572	0.00335	0.00298
11	0.00894	0.24262	0.20649	0.01213	0.04734	0.03441	0.37361	0.01172	0.00827	0.01095	0.00662	0.00831	0.00518	0.00326	0.00360	0.00110	0.00541	0.00328	0.00173	0.00506
12	0.00527	0.00365	0.00440	0.00446	0.00466	0.00371	0.00279	0.00562	0.00585	0.00788	0.02918	0.08384	0.05025	0.60982	0.15988	0.00370	0.00447	0.00566	0.00238	0.00255
13	0.00562	0.00390	0.00455	0.00467	0.00505	0.00386	0.00299	0.00672	0.06824	0.02705	0.04043	0.25619	0.06828	0.47200	0.01222	0.00258	0.00298	0.00688	0.00287	0.00291
14	0.00769	0.07726	0.64113	0.02659	0.07198	0.00907	0.01233	0.01130	0.00766	0.01125	0.00659	0.00809	0.00497	0.00453	0.03463	0.00134	0.05389	0.00281	0.00161	0.00528
