[name]
unknown

[dist]
# distance from previous block
# <min> <max>
4	135

[block]
# block no. 0 follows, 56 sequences, length 6
# corresponding to MSA columns:
# 179-184
name=unknown_A
#
# <colnr> <probs for GDERKNQSTAVLIFYWHMCP>
#	G	D	E	R	K	N	Q	S	T	A	V	L	I	F	Y	W	H	M	C	P
0	0.06571	0.06912	0.04549	0.03544	0.16482	0.02908	0.04016	0.12422	0.06789	0.01638	0.03379	0.10118	0.01218	0.02991	0.05811	0.00189	0.00520	0.03873	0.00320	0.05750
1	0.11161	0.12142	0.03314	0.06986	0.09948	0.07535	0.08454	0.04575	0.03818	0.08432	0.04809	0.06044	0.03265	0.00653	0.03082	0.00158	0.02312	0.00465	0.00307	0.02542
2	0.07191	0.05429	0.05183	0.06100	0.05017	0.07427	0.04264	0.10723	0.05461	0.07053	0.05554	0.03318	0.11705	0.02433	0.02720	0.00165	0.05551	0.00508	0.00338	0.03861
3	0.06990	0.08611	0.03911	0.06130	0.08703	0.06944	0.00794	0.05657	0.02951	0.09718	0.04787	0.05991	0.04059	0.03973	0.02438	0.00164	0.04573	0.03892	0.00325	0.09389
4	0.10195	0.08621	0.11084	0.03246	0.04582	0.15010	0.07070	0.05608	0.01063	0.04846	0.00986	0.03376	0.02465	0.02733	0.03810	0.00162	0.03644	0.00392	0.00271	0.10834
5	0.05199	0.31378	0.09999	0.00947	0.01306	0.09727	0.05999	0.07082	0.01080	0.04107	0.03944	0.03350	0.00884	0.00701	0.06537	0.00166	0.00585	0.00372	0.00266	0.06373

[dist]
# distance from previous block
# <min> <max>
0	5

[block]
# block no. 1 follows, 56 sequences, length 7
# corresponding to MSA columns:
# 190-196
name=unknown_B
#
# <colnr> <probs for GDERKNQSTAVLIFYWHMCP>
#	G	D	E	R	K	N	Q	S	T	A	V	L	I	F	Y	W	H	M	C	P
0	0.00676	0.00664	0.07320	0.00641	0.00805	0.00520	0.00524	0.06684	0.01052	0.01345	0.03211	0.30577	0.38430	0.04637	0.00618	0.00176	0.00311	0.00975	0.00403	0.00432
1	0.00981	0.10186	0.36768	0.01279	0.01761	0.01055	0.20740	0.01366	0.01017	0.03908	0.08415	0.01332	0.01028	0.00722	0.07269	0.00192	0.00676	0.00443	0.00249	0.00612
2	0.05211	0.32233	0.13329	0.05471	0.01491	0.09721	0.04636	0.08832	0.05989	0.01462	0.00829	0.00942	0.00665	0.00437	0.00377	0.00120	0.00549	0.00322	0.00254	0.07131
3	0.01118	0.07890	0.31312	0.01350	0.01818	0.07910	0.21849	0.08578	0.01117	0.01508	0.00916	0.04553	0.00740	0.00491	0.00507	0.00144	0.04500	0.00431	0.00244	0.03024
4	0.07195	0.00493	0.00575	0.00600	0.00706	0.00460	0.00428	0.00802	0.00942	0.04127	0.08018	0.41044	0.18515	0.07360	0.00669	0.00187	0.00288	0.03098	0.00408	0.04084
5	0.01010	0.01046	0.09646	0.02909	0.16483	0.05947	0.04526	0.02463	0.06034	0.05357	0.05883	0.06533	0.11187	0.01957	0.00604	0.03389	0.04304	0.03391	0.00320	0.07012
6	0.05141	0.01218	0.01539	0.01268	0.05188	0.13975	0.19310	0.18615	0.01324	0.13059	0.01123	0.01433	0.00895	0.06765	0.00655	0.00168	0.04012	0.03345	0.00342	0.00626

[dist]
# distance from previous block
# <min> <max>
10	13

[block]
# block no. 2 follows, 56 sequences, length 18
# corresponding to MSA columns:
# 210-227
name=unknown_C
#
# <colnr> <probs for GDERKNQSTAVLIFYWHMCP>
#	G	D	E	R	K	N	Q	S	T	A	V	L	I	F	Y	W	H	M	C	P
0	0.00580	0.00465	0.00517	0.00508	0.00644	0.00403	0.00380	0.00729	0.01128	0.01443	0.30508	0.06202	0.52690	0.01094	0.00543	0.00152	0.00228	0.00931	0.00453	0.00403
1	0.01635	0.10048	0.01457	0.01001	0.01374	0.01409	0.00841	0.65737	0.01945	0.02604	0.01033	0.01053	0.00753	0.00520	0.00433	0.00129	0.00492	0.00386	0.00418	0.06731
2	0.00587	0.00467	0.00489	0.00495	0.00641	0.00394	0.00367	0.00701	0.01035	0.03469	0.04333	0.13244	0.69839	0.01177	0.00545	0.00158	0.00241	0.00993	0.00430	0.00397
3	0.07408	0.08063	0.01364	0.01145	0.03512	0.59880	0.00866	0.09996	0.01323	0.01381	0.00745	0.00853	0.00609	0.00471	0.00402	0.00121	0.00729	0.00304	0.00260	0.00566
4	0.01004	0.01004	0.01406	0.01205	0.01205	0.01406	0.01004	0.01105	0.00703	0.01105	0.00603	0.01004	0.00603	0.00804	0.01507	0.00201	0.83025	0.00402	0.00201	0.00502
5	0.00559	0.00400	0.00533	0.00639	0.00666	0.00373	0.00426	0.00639	0.00879	0.01172	0.02530	0.83566	0.03036	0.01438	0.00586	0.00186	0.00266	0.01305	0.00426	0.00373
6	0.00573	0.00413	0.00541	0.00634	0.00674	0.00385	0.00434	0.00664	0.00908	0.01203	0.05426	0.70449	0.07637	0.03227	0.00623	0.00190	0.00274	0.04944	0.00426	0.00376
7	0.01117	0.38892	0.21550	0.01086	0.01500	0.06933	0.09439	0.01381	0.00956	0.01217	0.00759	0.00944	0.00639	0.00645	0.06119	0.00168	0.05527	0.00330	0.00206	0.00593
8	0.00648	0.00442	0.00528	0.00543	0.00560	0.00440	0.00331	0.00686	0.00750	0.01013	0.07125	0.16144	0.02047	0.59854	0.06644	0.00399	0.00446	0.00773	0.00316	0.00312
9	0.01162	0.01274	0.07460	0.01538	0.01964	0.03307	0.46316	0.12452	0.05019	0.01672	0.00994	0.02542	0.00767	0.00448	0.00516	0.00144	0.02323	0.00485	0.00280	0.09337
10	0.00922	0.00682	0.00806	0.00751	0.00902	0.00701	0.00558	0.20840	0.03714	0.01673	0.07149	0.39134	0.02145	0.06369	0.06156	0.00217	0.00408	0.00865	0.00411	0.05597
11	0.06727	0.03348	0.09282	0.00782	0.01124	0.00765	0.00696	0.06233	0.00966	0.01500	0.00923	0.01159	0.00780	0.01157	0.21042	0.00256	0.00616	0.00342	0.00268	0.42034
12	0.01091	0.06906	0.43202	0.16294	0.09876	0.01086	0.01405	0.04759	0.01047	0.08769	0.00917	0.01078	0.00661	0.00452	0.00437	0.00142	0.00608	0.00367	0.00245	0.00661
13	0.00990	0.19921	0.08448	0.12709	0.01437	0.01115	0.00860	0.06452	0.03726	0.01411	0.08584	0.01626	0.10536	0.00613	0.00558	0.00136	0.10881	0.00460	0.00288	0.09252
14	0.01269	0.08140	0.17538	0.09606	0.05630	0.04014	0.04491	0.18905	0.02862	0.09721	0.01103	0.06816	0.00889	0.00554	0.00483	0.00141	0.03324	0.00449	0.00322	0.03742
15	0.01144	0.13149	0.10190	0.16468	0.09027	0.04347	0.06361	0.07548	0.03216	0.06350	0.03812	0.03283	0.00890	0.00489	0.00444	0.00131	0.01703	0.00410	0.00281	0.10757
16	0.03497	0.05209	0.30268	0.04741	0.01545	0.04243	0.07535	0.05421	0.05049	0.02385	0.07024	0.02767	0.01080	0.04205	0.03130	0.00174	0.03425	0.00444	0.06261	0.01595
17	0.07577	0.01016	0.06299	0.08871	0.05952	0.09424	0.01776	0.03336	0.07234	0.02289	0.03022	0.02639	0.01919	0.02265	0.21863	0.00298	0.04678	0.00433	0.00278	0.08833

[dist]
# distance from previous block
# <min> <max>
6	26

[block]
# block no. 3 follows, 56 sequences, length 29
# corresponding to MSA columns:
# 263-289,292,293
name=unknown_D
#
# <colnr> <probs for GDERKNQSTAVLIFYWHMCP>
#	G	D	E	R	K	N	Q	S	T	A	V	L	I	F	Y	W	H	M	C	P
0	0.01111	0.01104	0.01594	0.27587	0.26535	0.08733	0.07401	0.05142	0.03103	0.01410	0.00856	0.01137	0.00684	0.00464	0.00524	0.00142	0.06174	0.00403	0.00239	0.05655
1	0.01145	0.09960	0.08644	0.24436	0.10223	0.09456	0.03450	0.12033	0.01142	0.01471	0.00948	0.01193	0.02776	0.02202	0.01966	0.00153	0.03174	0.00392	0.00255	0.04981
2	0.06905	0.04503	0.03996	0.10082	0.09851	0.15340	0.08166	0.10132	0.02619	0.06977	0.03557	0.02459	0.00886	0.00690	0.05969	0.00174	0.00613	0.00412	0.00298	0.06372
3	0.08351	0.12493	0.05965	0.06518	0.05105	0.13861	0.08654	0.13871	0.02606	0.03032	0.02157	0.04105	0.02592	0.03142	0.01596	0.00156	0.04490	0.00427	0.00290	0.00588
4	0.01143	0.11794	0.13837	0.15359	0.05681	0.05119	0.06991	0.12932	0.04442	0.02859	0.03003	0.03548	0.00863	0.00590	0.02496	0.00155	0.04902	0.00422	0.00278	0.03588
5	0.01158	0.14334	0.22531	0.02390	0.02757	0.08446	0.03958	0.11870	0.03932	0.03575	0.04797	0.01286	0.03640	0.00716	0.05807	0.00174	0.04521	0.00405	0.00284	0.03418
6	0.04078	0.00978	0.01398	0.12113	0.20014	0.02952	0.01051	0.04728	0.00907	0.01328	0.02038	0.03266	0.00801	0.02305	0.04656	0.00201	0.35959	0.00436	0.00237	0.00556
7	0.00700	0.00509	0.00634	0.00605	0.00748	0.00459	0.02175	0.00889	0.02867	0.05803	0.31217	0.12034	0.33406	0.01056	0.00546	0.00157	0.00264	0.05035	0.00459	0.00438
8	0.01048	0.01049	0.01342	0.04046	0.01308	0.09606	0.06983	0.04928	0.00888	0.01224	0.00842	0.03774	0.00802	0.04770	0.09703	0.00247	0.43675	0.00448	0.00237	0.03079
9	0.00559	0.00400	0.00533	0.00639	0.00666	0.00373	0.00426	0.00639	0.00879	0.01172	0.02530	0.83566	0.03036	0.01438	0.00586	0.00186	0.00266	0.01305	0.00426	0.00373
10	0.01107	0.01013	0.01456	0.08631	0.07253	0.01245	0.07310	0.09553	0.10410	0.02957	0.04255	0.01259	0.00900	0.00664	0.00965	0.00173	0.39530	0.00448	0.00284	0.00587
11	0.84538	0.00927	0.00694	0.00621	0.00904	0.03468	0.00509	0.01364	0.00797	0.02032	0.00641	0.00748	0.00500	0.00428	0.00288	0.00141	0.00369	0.00250	0.00283	0.00498
12	0.01054	0.35456	0.13588	0.06206	0.03147	0.01205	0.02509	0.01296	0.00996	0.05009	0.01252	0.02122	0.01204	0.00661	0.00439	0.00145	0.00509	0.22358	0.00280	0.00563
13	0.04119	0.01185	0.04823	0.07047	0.08037	0.01219	0.04751	0.43332	0.04581	0.12739	0.01139	0.01185	0.00809	0.00527	0.00480	0.00143	0.02332	0.00421	0.00403	0.00728
14	0.00696	0.00504	0.00567	0.00563	0.00585	0.02810	0.00349	0.00729	0.00699	0.00929	0.01386	0.02724	0.01543	0.66870	0.16754	0.00489	0.00599	0.00625	0.00271	0.00309
15	0.00576	0.00466	0.00512	0.00501	0.00641	0.00402	0.00375	0.00724	0.01126	0.01430	0.28687	0.04106	0.56661	0.01092	0.00542	0.00152	0.00228	0.00925	0.00451	0.00402
16	0.01715	0.02188	0.01301	0.01183	0.01419	0.82022	0.00887	0.01833	0.01301	0.01124	0.00710	0.00828	0.00591	0.00473	0.00414	0.00118	0.00828	0.00296	0.00237	0.00532
17	0.01290	0.00609	0.00817	0.00688	0.00907	0.00541	0.00543	0.01484	0.01294	0.38034	0.42450	0.04973	0.02837	0.00785	0.00506	0.00145	0.00297	0.00677	0.00532	0.00590
18	0.01663	0.02055	0.01295	0.01167	0.01401	0.72341	0.00883	0.04573	0.05177	0.01224	0.00776	0.00887	0.00638	0.00495	0.00457	0.00124	0.03725	0.00315	0.00254	0.00549
19	0.00699	0.00514	0.00724	0.00712	0.00791	0.00585	0.00537	0.03761	0.00780	0.01106	0.01260	0.01971	0.01218	0.16309	0.66109	0.00668	0.01076	0.00517	0.00259	0.00403
20	0.01042	0.00995	0.01694	0.30739	0.53816	0.01066	0.01362	0.01327	0.01001	0.01386	0.00847	0.01167	0.00687	0.00426	0.00456	0.00142	0.00569	0.00409	0.00219	0.00651
21	0.00644	0.00440	0.00515	0.00536	0.00552	0.00431	0.00324	0.00675	0.00751	0.00999	0.04601	0.18464	0.04452	0.60861	0.01847	0.00371	0.00396	0.02510	0.00322	0.00308
22	0.00590	0.00436	0.00548	0.00585	0.00661	0.00398	0.00412	0.00721	0.01045	0.01404	0.29458	0.40677	0.16842	0.03284	0.00607	0.00173	0.00248	0.01070	0.00449	0.00394
23	0.00738	0.00488	0.00637	0.00591	0.00716	0.00447	0.00446	0.00946	0.01285	0.07060	0.71700	0.04835	0.06490	0.00930	0.00537	0.00145	0.00230	0.00819	0.00506	0.00454
24	0.01232	0.70544	0.03915	0.00909	0.04825	0.05496	0.00829	0.03087	0.00981	0.01151	0.00721	0.03176	0.00671	0.00432	0.00323	0.00105	0.00507	0.00292	0.00212	0.00593
25	0.06926	0.28961	0.03577	0.00909	0.03609	0.10044	0.00764	0.04941	0.02239	0.01299	0.00872	0.01113	0.00768	0.01213	0.21083	0.00275	0.05344	0.00347	0.02141	0.03575
26	0.03243	0.00995	0.03461	0.61367	0.07128	0.06332	0.02856	0.04361	0.03409	0.01315	0.00853	0.01185	0.00646	0.00463	0.00453	0.00149	0.00609	0.00401	0.00228	0.00547
27	0.20458	0.01911	0.00933	0.03045	0.10382	0.05245	0.00660	0.03373	0.00920	0.04900	0.06370	0.07063	0.01283	0.15268	0.11521	0.00276	0.05096	0.00509	0.00302	0.00487
28	0.01297	0.44203	0.08614	0.00940	0.01324	0.06018	0.02270	0.15557	0.07856	0.01534	0.00856	0.00933	0.00697	0.00457	0.00394	0.00118	0.02617	0.00320	0.00272	0.03722

[dist]
# distance from previous block
# <min> <max>
0	3

[block]
# block no. 4 follows, 56 sequences, length 22
# corresponding to MSA columns:
# 300-321
name=unknown_E
#
# <colnr> <probs for GDERKNQSTAVLIFYWHMCP>
#	G	D	E	R	K	N	Q	S	T	A	V	L	I	F	Y	W	H	M	C	P
0	0.01110	0.01240	0.02656	0.01900	0.02361	0.01171	0.76225	0.04561	0.01126	0.01527	0.00936	0.01233	0.00700	0.00394	0.00539	0.00154	0.00763	0.00537	0.00241	0.00626
1	0.02613	0.04828	0.07619	0.04274	0.04829	0.03591	0.15823	0.23523	0.06366	0.06414	0.01327	0.04240	0.04967	0.00655	0.03226	0.00163	0.00557	0.00490	0.03849	0.00645
2	0.00931	0.00817	0.00827	0.00798	0.00925	0.14897	0.03672	0.01055	0.01025	0.07151	0.04575	0.39415	0.11307	0.01047	0.00569	0.00163	0.04041	0.02477	0.03854	0.00453
3	0.01308	0.70586	0.02223	0.00851	0.01218	0.15083	0.00802	0.01451	0.00994	0.01087	0.00650	0.00752	0.00590	0.00406	0.00314	0.00102	0.00547	0.00254	0.00203	0.00580
4	0.01004	0.00814	0.00957	0.00686	0.01092	0.00615	0.00550	0.01206	0.00969	0.05208	0.00862	0.00980	0.00701	0.00351	0.00346	0.00071	0.00342	0.00281	0.00286	0.82678
5	0.01715	0.02188	0.01301	0.01183	0.01419	0.82022	0.00887	0.01833	0.01301	0.01124	0.00710	0.00828	0.00591	0.00473	0.00414	0.00118	0.00828	0.00296	0.00237	0.00532
6	0.00743	0.00524	0.00669	0.00689	0.04738	0.00481	0.00480	0.02300	0.01190	0.06084	0.43664	0.11341	0.20840	0.02143	0.00558	0.00154	0.00260	0.00851	0.01835	0.00455
7	0.00908	0.00757	0.00878	0.00673	0.01008	0.00602	0.00526	0.04692	0.01002	0.01493	0.01331	0.10464	0.07194	0.02216	0.00429	0.00099	0.00333	0.00456	0.00310	0.64629
8	0.00605	0.00457	0.00554	0.00563	0.00664	0.00411	0.00407	0.00747	0.01079	0.01439	0.32641	0.23385	0.25571	0.05628	0.00649	0.00174	0.00252	0.02416	0.00445	0.01913
9	0.01161	0.27943	0.10399	0.00899	0.03956	0.01152	0.00816	0.08256	0.02578	0.04640	0.00846	0.00942	0.00682	0.00403	0.00358	0.00099	0.00450	0.00300	0.00269	0.33850
10	0.04450	0.13623	0.02460	0.12370	0.04612	0.05050	0.03413	0.02803	0.16075	0.06119	0.05447	0.04593	0.02287	0.00576	0.00516	0.00139	0.07211	0.00455	0.00318	0.07484
11	0.01155	0.13702	0.47411	0.01209	0.03411	0.04829	0.03100	0.09467	0.05023	0.05172	0.00920	0.01016	0.00675	0.00457	0.00423	0.00137	0.00612	0.00352	0.00255	0.00676
12	0.01321	0.15664	0.01703	0.04126	0.24251	0.13007	0.05280	0.16685	0.01259	0.03006	0.00940	0.04676	0.00802	0.00563	0.02054	0.00145	0.03176	0.00414	0.00282	0.00645
13	0.00577	0.00488	0.00502	0.00494	0.00650	0.00424	0.00372	0.00753	0.04556	0.01315	0.10239	0.04225	0.71573	0.01122	0.00539	0.00154	0.00237	0.00939	0.00434	0.00406
14	0.00644	0.00499	0.00672	0.08905	0.02678	0.00486	0.00527	0.00809	0.01069	0.01438	0.32149	0.25032	0.15613	0.04333	0.00617	0.00172	0.00295	0.03222	0.00423	0.00417
15	0.03165	0.00868	0.01439	0.71393	0.02964	0.01050	0.05916	0.05401	0.00991	0.01306	0.00834	0.01206	0.00623	0.00459	0.00459	0.00152	0.00609	0.00412	0.00221	0.00531
16	0.00610	0.00468	0.00558	0.00536	0.00661	0.00416	0.00402	0.00789	0.01205	0.01618	0.52466	0.03797	0.32765	0.01022	0.00542	0.00148	0.00223	0.00882	0.00476	0.00416
17	0.00639	0.00679	0.09137	0.00621	0.00808	0.00496	0.00538	0.00865	0.03369	0.01487	0.30642	0.09791	0.37210	0.01013	0.00532	0.00153	0.00281	0.00867	0.00430	0.00443
18	0.00931	0.00536	0.00685	0.00614	0.00782	0.00478	0.00476	0.01121	0.01252	0.18561	0.48771	0.03247	0.17344	0.00907	0.00527	0.00147	0.00261	0.02358	0.00503	0.00499
19	0.00999	0.00832	0.00957	0.00727	0.01075	0.02404	0.00577	0.02839	0.04171	0.04199	0.04688	0.05115	0.01005	0.00465	0.00421	0.00091	0.03611	0.00373	0.00308	0.65144
20	0.01051	0.00998	0.01667	0.26084	0.53288	0.01055	0.01321	0.01359	0.03157	0.01416	0.00875	0.01171	0.00710	0.00427	0.00452	0.00139	0.00553	0.00407	0.00229	0.03639
21	0.71404	0.05295	0.00834	0.00670	0.00960	0.07396	0.00552	0.01436	0.00858	0.06193	0.00708	0.00796	0.00544	0.00436	0.00304	0.00138	0.00401	0.00264	0.00291	0.00520

[dist]
# distance from previous block
# <min> <max>
0	6

[block]
# block no. 5 follows, 56 sequences, length 16
# corresponding to MSA columns:
# 328-343
name=unknown_F
#
# <colnr> <probs for GDERKNQSTAVLIFYWHMCP>
#	G	D	E	R	K	N	Q	S	T	A	V	L	I	F	Y	W	H	M	C	P
0	0.01596	0.01341	0.01436	0.01147	0.01462	0.21915	0.12464	0.23658	0.03512	0.17710	0.01180	0.04045	0.00892	0.00637	0.02990	0.00158	0.02373	0.00448	0.00377	0.00660
1	0.00856	0.00428	0.00428	0.00428	0.00535	0.00428	0.00321	0.01070	0.00963	0.01712	0.01498	0.01712	0.01177	0.00535	0.00321	0.00107	0.00214	0.00428	0.86414	0.00428
2	0.01028	0.00861	0.00993	0.00716	0.01120	0.00690	0.00576	0.08705	0.01068	0.01631	0.00844	0.00966	0.00690	0.00360	0.00351	0.00075	0.00356	0.00286	0.00290	0.78393
3	0.00543	0.00465	0.00465	0.00465	0.00620	0.00388	0.00349	0.00659	0.01046	0.01240	0.04651	0.04418	0.80815	0.01163	0.00543	0.00155	0.00233	0.00969	0.00426	0.00388
4	0.00856	0.00428	0.00428	0.00428	0.00535	0.00428	0.00321	0.01070	0.00963	0.01712	0.01498	0.01712	0.01177	0.00535	0.00321	0.00107	0.00214	0.00428	0.86414	0.00428
5	0.00559	0.00400	0.00533	0.00639	0.00666	0.00373	0.00426	0.00639	0.00879	0.01172	0.02530	0.83566	0.03036	0.01438	0.00586	0.00186	0.00266	0.01305	0.00426	0.00373
6	0.03862	0.01124	0.03138	0.00944	0.01253	0.03582	0.00774	0.36197	0.27523	0.06973	0.01399	0.01363	0.01022	0.00566	0.00443	0.00141	0.00436	0.00442	0.08105	0.00714
7	0.01072	0.35744	0.46635	0.01087	0.01639	0.01384	0.01298	0.03901	0.00992	0.01347	0.00757	0.00878	0.00591	0.00422	0.00379	0.00126	0.00596	0.00303	0.00203	0.00645
8	0.01095	0.40516	0.34090	0.01007	0.01490	0.05740	0.01136	0.01422	0.02749	0.01274	0.02691	0.01028	0.03082	0.00455	0.00375	0.00122	0.00568	0.00327	0.00217	0.00616
9	0.00730	0.00587	0.00697	0.00620	0.00827	0.00485	0.00466	0.00878	0.00969	0.01357	0.08467	0.22035	0.16542	0.05638	0.00583	0.00148	0.00303	0.04755	0.00365	0.33551
10	0.00685	0.00493	0.00602	0.00569	0.00701	0.00450	0.00429	0.00904	0.03606	0.04516	0.54099	0.05471	0.23790	0.00985	0.00538	0.00148	0.00233	0.00855	0.00484	0.00441
11	0.01991	0.00809	0.01074	0.00827	0.01175	0.00723	0.00682	0.07982	0.01377	0.72920	0.04263	0.01587	0.01211	0.00579	0.00464	0.00142	0.00394	0.00470	0.00558	0.00770
12	0.00952	0.00816	0.00952	0.00680	0.01088	0.00612	0.00544	0.01156	0.00952	0.01496	0.00816	0.00952	0.00680	0.00340	0.00340	0.00068	0.00340	0.00272	0.00272	0.86672
13	0.00878	0.00821	0.01382	0.74355	0.02970	0.01017	0.03442	0.01175	0.00916	0.01198	0.00836	0.01234	0.00634	0.00473	0.00497	0.00153	0.03772	0.00412	0.03324	0.00510
14	0.00740	0.00528	0.00740	0.00845	0.00951	0.00528	0.00740	0.00951	0.01057	0.01374	0.02431	0.05179	0.02642	0.01268	0.00634	0.00211	0.00423	0.77912	0.00423	0.00423
15	0.00750	0.00531	0.00635	0.00595	0.00742	0.00496	0.00450	0.01026	0.08111	0.06781	0.44494	0.06319	0.25389	0.00968	0.00532	0.00150	0.00247	0.00835	0.00481	0.00466

[dist]
# distance from previous block
# <min> <max>
0	1

[block]
# block no. 6 follows, 56 sequences, length 22
# corresponding to MSA columns:
# 345-366
name=unknown_G
#
# <colnr> <probs for GDERKNQSTAVLIFYWHMCP>
#	G	D	E	R	K	N	Q	S	T	A	V	L	I	F	Y	W	H	M	C	P
0	0.01406	0.01057	0.01188	0.07591	0.04110	0.03313	0.00810	0.36323	0.15078	0.08854	0.04349	0.01602	0.07714	0.00607	0.00465	0.00141	0.00451	0.00487	0.00427	0.04028
1	0.00856	0.00428	0.00428	0.00428	0.00535	0.00428	0.00321	0.01070	0.00963	0.01712	0.01498	0.01712	0.01177	0.00535	0.00321	0.00107	0.00214	0.00428	0.86414	0.00428
2	0.87108	0.00888	0.00675	0.00604	0.00888	0.01030	0.00497	0.01350	0.00781	0.02060	0.00639	0.00746	0.00497	0.00426	0.00284	0.00142	0.00355	0.00249	0.00284	0.00497
3	0.01004	0.01004	0.01406	0.01205	0.01205	0.01406	0.01004	0.01105	0.00703	0.01105	0.00603	0.01004	0.00603	0.00804	0.01507	0.00201	0.83025	0.00402	0.00201	0.00502
4	0.00584	0.00455	0.00516	0.00524	0.00645	0.00402	0.00385	0.00722	0.01065	0.01377	0.21251	0.16461	0.46322	0.01198	0.02835	0.00172	0.00262	0.00958	0.03470	0.00398
5	0.00633	0.00436	0.00508	0.00532	0.00552	0.00424	0.00321	0.00665	0.00759	0.01003	0.03669	0.22043	0.07808	0.56669	0.01756	0.00357	0.00383	0.00843	0.00329	0.00312
6	0.00856	0.00428	0.00428	0.00428	0.00535	0.00428	0.00321	0.01070	0.00963	0.01712	0.01498	0.01712	0.01177	0.00535	0.00321	0.00107	0.00214	0.00428	0.86414	0.00428
7	0.02510	0.00583	0.00863	0.02228	0.00952	0.00628	0.05915	0.00888	0.00874	0.03634	0.01842	0.38598	0.02033	0.03847	0.14067	0.00282	0.09911	0.08067	0.01848	0.00431
8	0.01296	0.01034	0.01229	0.02933	0.12889	0.01126	0.00851	0.19211	0.39458	0.06131	0.02923	0.01462	0.01147	0.00559	0.00457	0.00143	0.00424	0.00465	0.00419	0.05845
9	0.00856	0.00428	0.00428	0.00428	0.00535	0.00428	0.00321	0.01070	0.00963	0.01712	0.01498	0.01712	0.01177	0.00535	0.00321	0.00107	0.00214	0.00428	0.86414	0.00428
10	0.00596	0.00430	0.00564	0.00646	0.00698	0.00404	0.00460	0.00708	0.00950	0.01264	0.10824	0.57052	0.07700	0.04156	0.00645	0.00192	0.00286	0.11613	0.00429	0.00384
11	0.00566	0.00462	0.02622	0.00627	0.00692	0.00393	0.00446	0.00664	0.00910	0.01191	0.02849	0.67863	0.16298	0.01365	0.00575	0.00180	0.00271	0.01222	0.00420	0.00383
12	0.01392	0.01310	0.03332	0.15173	0.01831	0.13126	0.11825	0.32944	0.06287	0.01950	0.01023	0.02827	0.00785	0.00530	0.00505	0.00144	0.03594	0.00436	0.00336	0.00651
13	0.00618	0.00426	0.00524	0.00572	0.00587	0.00417	0.00356	0.00660	0.00766	0.01025	0.01932	0.39610	0.02273	0.43534	0.04350	0.00338	0.00391	0.00951	0.00344	0.00326
14	0.00637	0.00435	0.00526	0.00567	0.00582	0.00427	0.00355	0.00676	0.00760	0.01012	0.01860	0.29371	0.02174	0.51958	0.01662	0.00347	0.00386	0.05614	0.00335	0.00318
15	0.03158	0.14026	0.22374	0.01138	0.05024	0.01155	0.05704	0.16157	0.03154	0.22018	0.01128	0.01146	0.00792	0.00485	0.00430	0.00136	0.00530	0.00387	0.00351	0.00706
16	0.01478	0.01085	0.01139	0.00922	0.01213	0.10044	0.03102	0.31181	0.04739	0.17268	0.07418	0.01873	0.13691	0.00672	0.00495	0.00142	0.01907	0.00534	0.00442	0.00655
17	0.06970	0.13159	0.48342	0.01202	0.06040	0.04003	0.01313	0.01488	0.02655	0.06191	0.02216	0.01062	0.00721	0.02219	0.00451	0.00144	0.00592	0.00349	0.00239	0.00646
18	0.02216	0.12244	0.20571	0.00912	0.01271	0.08633	0.02150	0.02968	0.05427	0.01497	0.16477	0.03385	0.03948	0.00650	0.02106	0.00141	0.00491	0.01894	0.00309	0.12710
19	0.03830	0.07230	0.06520	0.00862	0.02421	0.02492	0.03954	0.01422	0.16992	0.03108	0.09695	0.05046	0.05814	0.00614	0.00436	0.00127	0.00394	0.03983	0.00349	0.24710
20	0.00933	0.10084	0.07873	0.05373	0.07511	0.02330	0.10987	0.04145	0.06169	0.01526	0.17482	0.02119	0.14791	0.00656	0.00472	0.00137	0.00444	0.00576	0.00336	0.06055
21	0.05169	0.03784	0.12548	0.01472	0.24049	0.02530	0.01033	0.09893	0.06619	0.14288	0.02298	0.02633	0.00914	0.02358	0.00502	0.00143	0.02329	0.00419	0.00331	0.06688

[dist]
# distance from previous block
# <min> <max>
1	22

[block]
# block no. 7 follows, 56 sequences, length 16
# corresponding to MSA columns:
# 399-414
name=unknown_H
#
# <colnr> <probs for GDERKNQSTAVLIFYWHMCP>
#	G	D	E	R	K	N	Q	S	T	A	V	L	I	F	Y	W	H	M	C	P
0	0.00914	0.00825	0.01327	0.19872	0.31260	0.00846	0.02517	0.01165	0.01035	0.01456	0.16450	0.05019	0.01513	0.00716	0.04720	0.00169	0.00505	0.00521	0.00290	0.08880
1	0.01122	0.01397	0.17272	0.14003	0.36566	0.06363	0.09173	0.05924	0.01097	0.01496	0.00859	0.01105	0.00673	0.00432	0.00458	0.00141	0.00620	0.00401	0.00232	0.00665
2	0.05581	0.03667	0.03394	0.10083	0.58917	0.01096	0.05848	0.01381	0.01015	0.01482	0.00842	0.01110	0.00694	0.00412	0.00443	0.00137	0.00551	0.00399	0.00228	0.02721
3	0.00809	0.00661	0.00949	0.08042	0.06170	0.00753	0.00716	0.05227	0.00868	0.01231	0.01196	0.08332	0.01158	0.06770	0.41349	0.00462	0.09039	0.00530	0.00266	0.05473
4	0.01042	0.01008	0.01586	0.18905	0.50838	0.04216	0.01240	0.01299	0.01032	0.01409	0.05210	0.01438	0.05276	0.00503	0.00495	0.00142	0.03022	0.00457	0.00247	0.00634
5	0.00992	0.15188	0.60445	0.01387	0.10311	0.01188	0.01521	0.01437	0.00972	0.01400	0.00799	0.00950	0.00598	0.00426	0.00416	0.00137	0.00635	0.00332	0.00198	0.00670
6	0.00856	0.00428	0.00428	0.00428	0.00535	0.00428	0.00321	0.01070	0.00963	0.01712	0.01498	0.01712	0.01177	0.00535	0.00321	0.00107	0.00214	0.00428	0.86414	0.00428
7	0.00952	0.00816	0.00952	0.00680	0.01088	0.00612	0.00544	0.01156	0.00952	0.01496	0.00816	0.00952	0.00680	0.00340	0.00340	0.00068	0.00340	0.00272	0.00272	0.86672
8	0.00559	0.00400	0.00533	0.00639	0.00666	0.00373	0.00426	0.00639	0.00879	0.01172	0.02530	0.83566	0.03036	0.01438	0.00586	0.00186	0.00266	0.01305	0.00426	0.00373
9	0.00856	0.00428	0.00428	0.00428	0.00535	0.00428	0.00321	0.01070	0.00963	0.01712	0.01498	0.01712	0.01177	0.00535	0.00321	0.00107	0.00214	0.00428	0.86414	0.00428
10	0.30685	0.01033	0.01015	0.00826	0.01127	0.03858	0.00667	0.32067	0.01411	0.13881	0.01086	0.02741	0.00834	0.06215	0.00529	0.00161	0.00440	0.00395	0.00395	0.00634
11	0.01411	0.03323	0.12425	0.01013	0.01371	0.05724	0.00907	0.43906	0.11103	0.02247	0.04189	0.01430	0.04203	0.04010	0.00534	0.00153	0.00506	0.00453	0.00397	0.00692
12	0.00740	0.08290	0.00786	0.05481	0.00872	0.02489	0.00488	0.04061	0.01025	0.01268	0.08529	0.03317	0.40005	0.15731	0.02479	0.00212	0.00366	0.03076	0.00364	0.00418
13	0.00579	0.00466	0.00518	0.00516	0.00651	0.00404	0.00388	0.00725	0.01109	0.01405	0.25192	0.07408	0.54141	0.01117	0.00547	0.00155	0.00236	0.03594	0.00448	0.00401
14	0.03368	0.00955	0.01451	0.53021	0.20436	0.04016	0.01232	0.04363	0.04199	0.01366	0.00872	0.01192	0.00672	0.00458	0.00452	0.00147	0.00584	0.00404	0.00233	0.00579
15	0.01071	0.01215	0.13875	0.06460	0.31721	0.00993	0.05592	0.06081	0.05491	0.01573	0.00948	0.02560	0.00767	0.00438	0.00435	0.00127	0.00520	0.00398	0.00262	0.19473

[dist]
# distance from previous block
# <min> <max>
1	3

[block]
# block no. 8 follows, 56 sequences, length 12
# corresponding to MSA columns:
# 418-427,429,430
name=unknown_I
#
# <colnr> <probs for GDERKNQSTAVLIFYWHMCP>
#	G	D	E	R	K	N	Q	S	T	A	V	L	I	F	Y	W	H	M	C	P
0	0.01180	0.09115	0.16374	0.17063	0.16097	0.18886	0.02740	0.02741	0.06952	0.01357	0.00909	0.01156	0.00731	0.00474	0.00435	0.00137	0.00627	0.02171	0.00242	0.00613
1	0.00953	0.00585	0.00713	0.00648	0.00808	0.00566	0.00491	0.06017	0.05909	0.13540	0.30369	0.11720	0.10877	0.05481	0.02728	0.00179	0.00315	0.00751	0.06847	0.00503
2	0.01003	0.00868	0.01407	0.06293	0.48714	0.00863	0.01078	0.01235	0.01057	0.05111	0.08323	0.09767	0.07362	0.00661	0.00490	0.00148	0.00457	0.04233	0.00309	0.00619
3	0.01092	0.06065	0.02952	0.00778	0.01184	0.03267	0.03746	0.01302	0.00998	0.08262	0.00891	0.00999	0.00709	0.00371	0.00360	0.00083	0.00394	0.00300	0.00288	0.65959
4	0.00861	0.00516	0.00681	0.00613	0.00759	0.00469	0.00469	0.01072	0.01302	0.13771	0.68909	0.03149	0.03852	0.00883	0.00529	0.00144	0.00243	0.00775	0.00515	0.00485
5	0.00713	0.00621	0.00823	0.02845	0.05622	0.03614	0.05703	0.00912	0.05204	0.01307	0.07869	0.43942	0.16797	0.01121	0.00548	0.00168	0.00341	0.01007	0.00397	0.00445
6	0.00654	0.00458	0.00542	0.00553	0.00618	0.00440	0.00371	0.00726	0.00843	0.03018	0.05002	0.15336	0.21424	0.36715	0.09640	0.00343	0.00437	0.02176	0.00351	0.00353
7	0.01215	0.09571	0.21662	0.02777	0.01448	0.11939	0.04341	0.05492	0.11815	0.10392	0.09513	0.05409	0.01284	0.00582	0.00451	0.00140	0.00531	0.00474	0.00337	0.00626
8	0.02494	0.25540	0.21293	0.01137	0.04657	0.13265	0.04601	0.03420	0.08220	0.01359	0.00878	0.02024	0.00720	0.00537	0.02187	0.00142	0.04379	0.00351	0.00243	0.02552
9	0.04337	0.12096	0.05487	0.03463	0.01101	0.06545	0.00665	0.01344	0.05641	0.12980	0.13871	0.06521	0.12853	0.00688	0.00445	0.00132	0.00393	0.00561	0.00374	0.10504
10	0.01212	0.35177	0.03425	0.04270	0.02859	0.13150	0.03923	0.07296	0.01069	0.03161	0.02827	0.01252	0.02826	0.06804	0.06077	0.00186	0.03294	0.00379	0.00256	0.00556
11	0.03479	0.11603	0.34413	0.01088	0.03449	0.01135	0.01139	0.14380	0.02903	0.06071	0.02233	0.02347	0.02261	0.02579	0.00511	0.00144	0.03826	0.00390	0.00288	0.05763

[dist]
# distance from previous block
# <min> <max>
0	16

[block]
# block no. 9 follows, 56 sequences, length 31
# corresponding to MSA columns:
# 447-477
name=unknown_J
#
# <colnr> <probs for GDERKNQSTAVLIFYWHMCP>
#	G	D	E	R	K	N	Q	S	T	A	V	L	I	F	Y	W	H	M	C	P
0	0.02942	0.09549	0.03371	0.00759	0.02878	0.03194	0.02338	0.04371	0.02018	0.05906	0.02674	0.12222	0.05831	0.35215	0.01269	0.00271	0.02751	0.01682	0.00320	0.00441
1	0.02231	0.03225	0.49428	0.03544	0.07103	0.08352	0.08892	0.01489	0.04116	0.01444	0.03076	0.01092	0.00740	0.00464	0.00475	0.00145	0.02934	0.00381	0.00225	0.00645
2	0.00824	0.00736	0.02917	0.06025	0.13941	0.00714	0.02939	0.03129	0.11426	0.01554	0.22029	0.13057	0.14812	0.03149	0.00564	0.00161	0.00362	0.00745	0.00392	0.00524
3	0.00964	0.00796	0.00934	0.00681	0.01072	0.00604	0.00547	0.01165	0.00968	0.03702	0.01007	0.01188	0.03280	0.00396	0.00357	0.00077	0.00340	0.02305	0.00289	0.79326
4	0.01120	0.01233	0.13124	0.03246	0.34320	0.01051	0.13636	0.08965	0.04643	0.03478	0.06444	0.03501	0.01074	0.00511	0.00479	0.00145	0.00555	0.01513	0.00290	0.00673
5	0.00826	0.00596	0.00711	0.00606	0.00819	0.00513	0.00469	0.03703	0.01191	0.07078	0.36159	0.02902	0.21676	0.00819	0.00488	0.00129	0.00270	0.00698	0.00436	0.19908
6	0.59851	0.04812	0.00959	0.04432	0.04683	0.09895	0.00661	0.04068	0.00907	0.01839	0.00679	0.00816	0.00541	0.00450	0.00370	0.00140	0.03821	0.00280	0.00272	0.00526
7	0.01168	0.26929	0.09616	0.01425	0.15233	0.01329	0.13820	0.08095	0.01081	0.03520	0.00978	0.02534	0.02772	0.00506	0.00515	0.00137	0.07536	0.01923	0.00254	0.00629
8	0.01064	0.16681	0.36482	0.01148	0.04919	0.06226	0.03649	0.03294	0.03903	0.03509	0.06302	0.03252	0.01916	0.00533	0.00449	0.01564	0.00565	0.01225	0.00260	0.03060
9	0.02372	0.03606	0.03056	0.00696	0.00895	0.00682	0.00568	0.08177	0.08437	0.08838	0.41762	0.02788	0.09743	0.00820	0.00501	0.00145	0.00304	0.03130	0.02952	0.00530
10	0.00928	0.03623	0.11246	0.03071	0.03890	0.04298	0.02561	0.03926	0.16772	0.03113	0.24640	0.04401	0.13012	0.00753	0.00505	0.00147	0.01520	0.00637	0.00396	0.00559
11	0.00600	0.00423	0.00536	0.00610	0.00640	0.00403	0.00405	0.00669	0.00840	0.01113	0.02307	0.53982	0.05313	0.23415	0.01055	0.00256	0.00324	0.06370	0.00386	0.00352
12	0.01095	0.02819	0.09283	0.03038	0.14052	0.01111	0.25742	0.06001	0.22565	0.01649	0.02523	0.03736	0.01021	0.00586	0.02550	0.00165	0.00582	0.00506	0.00313	0.00662
13	0.00559	0.00400	0.00533	0.00639	0.00666	0.00373	0.00426	0.00639	0.00879	0.01172	0.02530	0.83566	0.03036	0.01438	0.00586	0.00186	0.00266	0.01305	0.00426	0.00373
14	0.00711	0.00514	0.00702	0.00792	0.00898	0.00505	0.00679	0.00909	0.01060	0.01378	0.06603	0.08835	0.08823	0.01251	0.00620	0.00202	0.00390	0.64282	0.00427	0.00418
15	0.01071	0.00595	0.00702	0.00673	0.03117	0.00604	0.00503	0.06250	0.05673	0.12770	0.03666	0.01881	0.01307	0.03325	0.07610	0.00189	0.00381	0.03872	0.45294	0.00519
16	0.00949	0.00900	0.01525	0.58376	0.26906	0.01042	0.01316	0.01245	0.00957	0.01273	0.00831	0.01197	0.00647	0.00444	0.00458	0.00148	0.00592	0.00408	0.00211	0.00576
17	0.01035	0.04533	0.01153	0.02586	0.02668	0.00750	0.04574	0.04880	0.01024	0.03409	0.00851	0.00988	0.00692	0.00364	0.00361	0.00082	0.00387	0.00301	0.00280	0.69084
18	0.01088	0.00926	0.01316	0.07131	0.02464	0.01134	0.05556	0.07928	0.02836	0.07500	0.02872	0.06247	0.04083	0.00762	0.01000	0.00176	0.41514	0.02800	0.00297	0.02369
19	0.31856	0.16485	0.07182	0.00870	0.01190	0.07262	0.00780	0.12411	0.04901	0.05151	0.00829	0.00919	0.00646	0.00488	0.00448	0.00137	0.07239	0.00316	0.00296	0.00593
20	0.01451	0.01233	0.01491	0.10567	0.17323	0.07634	0.03831	0.42101	0.01614	0.02132	0.00983	0.01158	0.00754	0.02913	0.00539	0.00149	0.02673	0.00414	0.00347	0.00693
21	0.00695	0.00505	0.00615	0.00639	0.00762	0.00469	0.00500	0.03158	0.01088	0.03699	0.13606	0.17175	0.30538	0.03112	0.00611	0.00180	0.00304	0.21487	0.00437	0.00421
22	0.00580	0.00414	0.00536	0.00613	0.00649	0.00388	0.00408	0.00667	0.00904	0.01213	0.10611	0.64092	0.05295	0.10407	0.00772	0.00209	0.00280	0.01176	0.00418	0.00369
23	0.07041	0.00848	0.01002	0.00750	0.01128	0.00730	0.00609	0.07269	0.02787	0.26437	0.01156	0.01155	0.00832	0.00438	0.00385	0.00103	0.00369	0.00345	0.00383	0.46233
24	0.00617	0.00441	0.00613	0.00676	0.00733	0.00409	0.02674	0.00718	0.00923	0.03072	0.05996	0.71265	0.05573	0.01353	0.00580	0.00182	0.00284	0.03070	0.00427	0.00394
25	0.00952	0.00816	0.00952	0.00680	0.01088	0.00612	0.00544	0.01156	0.00952	0.01496	0.00816	0.00952	0.00680	0.00340	0.00340	0.00068	0.00340	0.00272	0.00272	0.86672
26	0.00939	0.00682	0.00962	0.06167	0.11233	0.00687	0.01995	0.07334	0.01225	0.08208	0.38795	0.02508	0.05159	0.05894	0.04758	0.00193	0.01670	0.00652	0.00414	0.00524
27	0.03993	0.03096	0.07641	0.06112	0.03558	0.10750	0.10670	0.11728	0.04122	0.09936	0.04284	0.06426	0.01093	0.00636	0.00588	0.02151	0.07559	0.03135	0.00329	0.02194
28	0.00598	0.00441	0.00581	0.00666	0.00713	0.00428	0.00475	0.00698	0.00901	0.01192	0.02576	0.61256	0.09019	0.03382	0.02705	0.00207	0.02536	0.10834	0.00412	0.00382
29	0.13982	0.10245	0.08963	0.02787	0.10009	0.21327	0.02755	0.03157	0.01043	0.06050	0.00907	0.03225	0.00779	0.03085	0.02848	0.00164	0.06030	0.01809	0.00265	0.00571
30	0.00789	0.02882	0.07825	0.02810	0.00977	0.04489	0.02273	0.02819	0.02287	0.03240	0.16830	0.23778	0.18538	0.03952	0.00602	0.00166	0.01855	0.00832	0.00387	0.02671

[dist]
# distance from previous block
# <min> <max>
4	11

[block]
# block no. 10 follows, 56 sequences, length 7
# corresponding to MSA columns:
# 493-499
name=unknown_K
#
# <colnr> <probs for GDERKNQSTAVLIFYWHMCP>
#	G	D	E	R	K	N	Q	S	T	A	V	L	I	F	Y	W	H	M	C	P
0	0.05240	0.25289	0.07527	0.00966	0.01279	0.24523	0.00852	0.05005	0.03322	0.01334	0.02446	0.02584	0.00754	0.00497	0.00473	0.00122	0.07820	0.00332	0.00250	0.09385
1	0.00747	0.00499	0.00571	0.00547	0.00610	0.00492	0.00352	0.03779	0.00823	0.04521	0.01983	0.03022	0.15155	0.56846	0.07837	0.00392	0.00467	0.00687	0.00321	0.00348
2	0.00924	0.00784	0.00921	0.00671	0.01051	0.00596	0.00534	0.01129	0.00984	0.01528	0.08171	0.01180	0.01016	0.00395	0.00359	0.00075	0.00329	0.00323	0.00293	0.78738
3	0.01151	0.15120	0.01186	0.00774	0.01032	0.03463	0.00627	0.15382	0.03698	0.03515	0.00926	0.01207	0.00795	0.00801	0.00803	0.25849	0.00433	0.02110	0.00288	0.20841
4	0.00924	0.00593	0.00782	0.06811	0.00999	0.00597	0.00572	0.01165	0.05712	0.14947	0.27196	0.08510	0.13519	0.03331	0.09232	0.00223	0.03240	0.00717	0.00430	0.00500
5	0.03016	0.08671	0.10077	0.05148	0.05096	0.16717	0.03509	0.10338	0.04721	0.12578	0.01144	0.01474	0.00933	0.03450	0.01800	0.00159	0.02346	0.06183	0.00324	0.02315
6	0.01025	0.09503	0.04543	0.03309	0.08726	0.00958	0.18409	0.10018	0.01124	0.03420	0.01549	0.12026	0.05798	0.05721	0.00608	0.00171	0.00508	0.09215	0.02813	0.00556

[dist]
# distance from previous block
# <min> <max>
1	20

[block]
# block no. 11 follows, 56 sequences, length 40
# corresponding to MSA columns:
# 520-559
name=unknown_L
#
# <colnr> <probs for GDERKNQSTAVLIFYWHMCP>
#	G	D	E	R	K	N	Q	S	T	A	V	L	I	F	Y	W	H	M	C	P
0	0.05078	0.19948	0.41759	0.03746	0.01677	0.04665	0.03735	0.03432	0.02566	0.02819	0.00852	0.02778	0.00673	0.00461	0.00420	0.00134	0.01820	0.00349	0.00228	0.02859
1	0.00715	0.00500	0.00594	0.00630	0.00706	0.02896	0.00441	0.00818	0.00933	0.05865	0.07110	0.45837	0.10953	0.08934	0.07135	0.00240	0.00374	0.01003	0.03914	0.00403
2	0.03770	0.04802	0.02693	0.00880	0.03148	0.03381	0.00698	0.14034	0.07569	0.31173	0.05291	0.06557	0.03318	0.04445	0.05957	0.00195	0.00472	0.00525	0.00442	0.00652
3	0.01089	0.05123	0.05959	0.01284	0.07216	0.00991	0.23196	0.10810	0.01144	0.01624	0.03122	0.04232	0.00877	0.00461	0.00468	0.00122	0.02628	0.00436	0.00283	0.28936
4	0.00699	0.00514	0.00722	0.00710	0.00789	0.00584	0.00535	0.03752	0.00779	0.01105	0.01262	0.01980	0.01222	0.16915	0.65517	0.00666	0.01070	0.00519	0.00259	0.00402
5	0.03265	0.00951	0.01082	0.00868	0.01167	0.00991	0.00703	0.37471	0.04860	0.24558	0.01490	0.08285	0.01136	0.00630	0.00452	0.00140	0.00411	0.00505	0.10335	0.00698
6	0.00897	0.00851	0.01411	0.70311	0.07983	0.01059	0.01259	0.01182	0.00907	0.01188	0.00800	0.01199	0.00619	0.00487	0.00553	0.00156	0.08004	0.00408	0.00205	0.00523
7	0.00576	0.00464	0.00504	0.00519	0.00646	0.00405	0.00387	0.00693	0.01018	0.01251	0.08054	0.10457	0.58113	0.07566	0.00692	0.00184	0.00267	0.07402	0.00419	0.00383
8	0.00692	0.00495	0.00648	0.02110	0.00809	0.00489	0.00556	0.00839	0.00970	0.01277	0.10861	0.08364	0.07129	0.22715	0.01056	0.00259	0.00390	0.39566	0.00391	0.00383
9	0.01140	0.01056	0.01793	0.07452	0.62768	0.01068	0.06201	0.01472	0.05245	0.04192	0.00982	0.01275	0.00807	0.00445	0.00465	0.00141	0.00546	0.01995	0.00254	0.00703
10	0.28005	0.00658	0.00621	0.00560	0.00760	0.00705	0.00443	0.04947	0.03392	0.08481	0.01248	0.01369	0.00949	0.00507	0.00332	0.00124	0.00291	0.00377	0.45729	0.00504
11	0.19062	0.41762	0.01724	0.00848	0.01193	0.12466	0.00755	0.14746	0.01161	0.01597	0.00727	0.00813	0.00603	0.00438	0.00337	0.00117	0.00511	0.00282	0.00265	0.00595
12	0.01024	0.04518	0.00923	0.02705	0.03707	0.03076	0.00604	0.08013	0.05116	0.11058	0.07534	0.25450	0.04905	0.05140	0.02825	0.04208	0.01785	0.00728	0.00389	0.06294
13	0.05348	0.06628	0.09302	0.05474	0.05433	0.08840	0.14325	0.17591	0.02874	0.07190	0.02674	0.03647	0.00866	0.00553	0.01426	0.00148	0.04067	0.00436	0.00314	0.02864
14	0.00794	0.03135	0.00907	0.00828	0.02662	0.01876	0.03437	0.02698	0.00810	0.03228	0.01237	0.04236	0.01198	0.15486	0.50488	0.00556	0.05200	0.00526	0.00265	0.00433
15	0.02987	0.00748	0.02780	0.00823	0.01063	0.00685	0.05070	0.08824	0.04120	0.27626	0.09661	0.21618	0.07868	0.00863	0.00511	0.00157	0.00371	0.03170	0.00466	0.00590
16	0.00702	0.00647	0.03312	0.03774	0.02941	0.04300	0.00549	0.02153	0.03517	0.01325	0.10232	0.31319	0.26667	0.02840	0.00580	0.00170	0.00328	0.03810	0.00402	0.00433
17	0.02658	0.16488	0.19030	0.10700	0.12209	0.04444	0.08399	0.07135	0.01998	0.06375	0.00876	0.01050	0.00675	0.00465	0.00490	0.00139	0.05604	0.00374	0.00253	0.00639
18	0.00740	0.00563	0.00740	0.00760	0.00852	0.02934	0.04506	0.02889	0.00964	0.01301	0.02079	0.35501	0.02301	0.08762	0.04677	0.00231	0.00415	0.21310	0.08064	0.00412
19	0.00648	0.00476	0.00663	0.00678	0.00731	0.00527	0.00492	0.00760	0.00747	0.01047	0.01495	0.16566	0.01585	0.20480	0.48686	0.00566	0.02518	0.00673	0.00284	0.00377
20	0.01067	0.03336	0.34077	0.02646	0.11884	0.03999	0.23954	0.01459	0.01045	0.05343	0.02382	0.03355	0.00831	0.00477	0.00477	0.00147	0.00652	0.01978	0.00245	0.00646
21	0.01146	0.04670	0.06317	0.12271	0.27706	0.06312	0.14271	0.02506	0.02347	0.07263	0.02442	0.03037	0.02099	0.01755	0.00501	0.00149	0.00579	0.03725	0.00275	0.00628
22	0.01085	0.46168	0.39132	0.01028	0.01554	0.01468	0.01208	0.01411	0.00950	0.01254	0.00724	0.00845	0.00586	0.00413	0.00360	0.00120	0.00578	0.00289	0.00195	0.00631
23	0.00805	0.00708	0.00944	0.03883	0.22109	0.04021	0.00725	0.00970	0.01029	0.02921	0.05590	0.21504	0.28282	0.00958	0.00523	0.00157	0.00370	0.03641	0.00364	0.00495
24	0.02163	0.15887	0.16880	0.03215	0.07406	0.11858	0.09013	0.04297	0.05269	0.06540	0.03259	0.07766	0.03375	0.00564	0.00441	0.00138	0.00561	0.00472	0.00289	0.00608
25	0.04469	0.20375	0.02974	0.01126	0.01505	0.04414	0.19221	0.10857	0.05893	0.22101	0.01140	0.01177	0.00822	0.00478	0.00445	0.00135	0.01431	0.00412	0.00352	0.00671
26	0.00553	0.00458	0.00485	0.00500	0.00636	0.00390	0.00371	0.00669	0.01032	0.01252	0.06545	0.14724	0.66587	0.01195	0.00550	0.00160	0.00241	0.02835	0.00429	0.00388
27	0.01003	0.01118	0.07947	0.05529	0.18671	0.07673	0.18100	0.03071	0.04495	0.01422	0.03900	0.12425	0.05180	0.01940	0.02757	0.00172	0.00575	0.03152	0.00293	0.00576
28	0.04312	0.04919	0.11041	0.03869	0.06179	0.10069	0.03167	0.04018	0.19589	0.14478	0.02959	0.06058	0.02308	0.02035	0.00484	0.00150	0.00489	0.01478	0.01757	0.00638
29	0.01240	0.01140	0.02046	0.01521	0.01892	0.06084	0.48218	0.04471	0.02798	0.13142	0.02553	0.07828	0.01017	0.00536	0.00552	0.00154	0.03304	0.00570	0.00314	0.00619
30	0.00802	0.02623	0.00937	0.03530	0.04691	0.03265	0.03216	0.00951	0.00821	0.03245	0.01324	0.12497	0.01322	0.09812	0.40420	0.00468	0.07065	0.00590	0.01978	0.00443
31	0.01033	0.07962	0.60814	0.01227	0.01808	0.04264	0.03828	0.03972	0.01031	0.04584	0.00937	0.04829	0.00729	0.00489	0.00437	0.00143	0.00638	0.00389	0.00231	0.00658
32	0.00756	0.01099	0.23069	0.00846	0.01127	0.04296	0.03096	0.01045	0.04007	0.01387	0.12439	0.21348	0.21829	0.00923	0.00514	0.00157	0.00409	0.00795	0.00359	0.00497
33	0.01160	0.66220	0.19739	0.00900	0.01356	0.01652	0.00985	0.01392	0.00941	0.01162	0.00679	0.00787	0.00587	0.00402	0.00326	0.00109	0.00532	0.00266	0.00196	0.00609
34	0.01091	0.01052	0.01811	0.18826	0.52278	0.01106	0.08621	0.03872	0.01046	0.01461	0.00858	0.01157	0.00698	0.00437	0.00504	0.00144	0.03723	0.00421	0.00229	0.00666
35	0.01346	0.00949	0.13926	0.00852	0.01152	0.00697	0.00774	0.03857	0.03742	0.36674	0.05442	0.21969	0.03419	0.00799	0.00514	0.00155	0.01971	0.00679	0.00453	0.00632
36	0.00670	0.00509	0.00589	0.00657	0.00724	0.04194	0.00459	0.00768	0.00950	0.03832	0.04998	0.63240	0.11238	0.01314	0.00570	0.00178	0.00297	0.03989	0.00424	0.00399
37	0.00657	0.00489	0.00722	0.00722	0.00799	0.00565	0.00554	0.00810	0.00733	0.01054	0.01244	0.01883	0.01182	0.08767	0.76770	0.00718	0.01178	0.00504	0.00248	0.00401
38	0.19489	0.07808	0.01337	0.01074	0.01341	0.50742	0.05341	0.03159	0.01153	0.01370	0.00707	0.00838	0.00582	0.00463	0.00417	0.00127	0.02967	0.00302	0.00247	0.00538
39	0.02884	0.57137	0.13186	0.00864	0.01271	0.01520	0.02398	0.04412	0.01013	0.02743	0.03933	0.01102	0.04940	0.00470	0.00351	0.00114	0.00495	0.00335	0.00239	0.00595

[dist]
# distance from previous block
# <min> <max>
2	6

[block]
# block no. 12 follows, 56 sequences, length 20
# corresponding to MSA columns:
