[name]
unknown

[dist]
# distance from previous block
# <min> <max>
0	95

[block]
# block no. 0 follows, 68 sequences, length 50
# corresponding to MSA columns:
# 100-135,142-155
name=unknown_A
#
# <colnr> <probs for GDERKNQSTAVLIFYWHMCP>
#	G	D	E	R	K	N	Q	S	T	A	V	L	I	F	Y	W	H	M	C	P
0	0.00622	0.00454	0.00608	0.00673	0.00773	0.00439	0.00571	0.00783	0.00886	0.01155	0.02174	0.08390	0.09300	0.04623	0.00589	0.00180	0.00341	0.62777	0.00354	0.04307
1	0.00900	0.04647	0.01260	0.14534	0.28576	0.00921	0.03948	0.03061	0.20411	0.01343	0.08356	0.01296	0.01036	0.00570	0.03963	0.00148	0.03805	0.00409	0.00267	0.00549
2	0.00887	0.01127	0.24887	0.01763	0.08425	0.00825	0.09258	0.04423	0.14461	0.05893	0.17596	0.01499	0.02928	0.00518	0.00449	0.00129	0.03643	0.00448	0.00297	0.00545
3	0.00487	0.00347	0.00459	0.00547	0.00569	0.00325	0.00363	0.00553	0.00751	0.01002	0.02146	0.82316	0.02573	0.04800	0.00569	0.00170	0.00237	0.01104	0.00363	0.00319
4	0.01063	0.83363	0.03428	0.00692	0.01033	0.03065	0.00693	0.01196	0.00812	0.00939	0.00555	0.00641	0.00509	0.00341	0.00258	0.00086	0.00432	0.00214	0.00170	0.00509
5	0.00821	0.00775	0.01298	0.59573	0.25204	0.00901	0.01119	0.01102	0.03266	0.01111	0.00743	0.01049	0.00577	0.00389	0.00396	0.00128	0.00506	0.00355	0.00189	0.00498
6	0.01453	0.03726	0.03358	0.00913	0.01228	0.05928	0.02038	0.63811	0.05694	0.06401	0.00975	0.00974	0.00696	0.00467	0.00391	0.00118	0.00448	0.00353	0.00375	0.00650
7	0.00624	0.00451	0.00609	0.00644	0.05619	0.00444	0.03778	0.01500	0.00683	0.02159	0.02975	0.19958	0.01631	0.54743	0.02259	0.00301	0.00372	0.00671	0.00272	0.00308
8	0.00577	0.00384	0.00432	0.00432	0.00432	0.00384	0.00240	0.00577	0.00577	0.00769	0.01249	0.02595	0.01441	0.86066	0.02018	0.00384	0.00384	0.00577	0.00240	0.00240
9	0.04295	0.00783	0.02704	0.09066	0.08475	0.00841	0.07978	0.09484	0.13445	0.02105	0.16876	0.02937	0.06192	0.00636	0.02384	0.00145	0.10367	0.00483	0.00307	0.00499
10	0.00923	0.00806	0.01240	0.10948	0.40902	0.00843	0.02285	0.02077	0.16263	0.04583	0.10632	0.04597	0.01180	0.00486	0.00410	0.00125	0.00403	0.00447	0.00281	0.00566
11	0.01018	0.13690	0.12684	0.07161	0.26142	0.02246	0.05282	0.11203	0.11599	0.01395	0.00842	0.00974	0.00661	0.00406	0.00403	0.00120	0.03011	0.00341	0.00238	0.00584
12	0.00546	0.00396	0.00472	0.00469	0.00551	0.00361	0.00331	0.00657	0.00910	0.02512	0.33179	0.14316	0.25880	0.16759	0.00760	0.00180	0.00236	0.00776	0.00372	0.00336
13	0.00985	0.06462	0.04722	0.00727	0.01776	0.10100	0.01510	0.07054	0.03373	0.02797	0.00746	0.00841	0.00602	0.00338	0.00317	0.00077	0.00380	0.00260	0.00245	0.56686
14	0.00521	0.00377	0.00492	0.00547	0.00597	0.00355	0.00385	0.00640	0.02247	0.01161	0.20708	0.56028	0.05219	0.03323	0.00536	0.00159	0.00233	0.05753	0.00381	0.00340
15	0.00666	0.00435	0.00570	0.00550	0.00648	0.00415	0.02211	0.00840	0.04610	0.05292	0.33964	0.17146	0.06557	0.00877	0.00541	0.07742	0.00241	0.04704	0.11617	0.00374
16	0.02925	0.00616	0.03459	0.03179	0.02353	0.00558	0.02148	0.05034	0.04234	0.22330	0.33210	0.03993	0.05579	0.00661	0.00428	0.00126	0.00291	0.03683	0.04704	0.00489
17	0.01010	0.00500	0.00664	0.00580	0.00747	0.00445	0.00450	0.01165	0.01071	0.32738	0.38557	0.13189	0.05726	0.00753	0.00447	0.00129	0.00250	0.00654	0.00445	0.00480
18	0.00847	0.00719	0.01767	0.05094	0.22917	0.00776	0.01684	0.09114	0.03764	0.02584	0.02709	0.08186	0.04456	0.05271	0.16286	0.00239	0.09383	0.00472	0.03249	0.00482
19	0.00561	0.00381	0.00434	0.00445	0.00454	0.00375	0.00258	0.00573	0.00613	0.00811	0.01484	0.12482	0.05258	0.72228	0.01770	0.00347	0.00358	0.00653	0.00261	0.00254
20	0.02746	0.07220	0.02907	0.02314	0.06779	0.03461	0.03781	0.06478	0.01554	0.01342	0.00718	0.00840	0.00587	0.00326	0.00317	0.00078	0.00365	0.00264	0.00235	0.57691
21	0.01027	0.41006	0.19106	0.01020	0.03955	0.11049	0.12079	0.01251	0.00863	0.01064	0.00631	0.00767	0.00525	0.00369	0.00367	0.00107	0.03835	0.00279	0.00178	0.00524
22	0.00912	0.00689	0.00818	0.00595	0.00930	0.00528	0.00474	0.01080	0.00848	0.09896	0.00826	0.01899	0.00674	0.02572	0.00352	0.00075	0.00300	0.00271	0.00263	0.75998
23	0.03638	0.00895	0.01489	0.17724	0.47007	0.00930	0.08680	0.05683	0.02702	0.06220	0.00816	0.01025	0.00637	0.00379	0.00397	0.00123	0.00482	0.00365	0.00227	0.00583
24	0.00983	0.03571	0.04737	0.00983	0.08380	0.26905	0.03831	0.03213	0.00893	0.02409	0.01052	0.10814	0.03395	0.08570	0.12312	0.00219	0.06607	0.00453	0.00236	0.00438
25	0.00483	0.00390	0.00432	0.00456	0.00559	0.00338	0.00334	0.00584	0.00881	0.01089	0.07658	0.23511	0.56703	0.01055	0.00481	0.00142	0.00213	0.03986	0.00372	0.00335
26	0.41801	0.00937	0.00908	0.00730	0.01014	0.04001	0.03002	0.31294	0.01166	0.04908	0.00756	0.00810	0.00558	0.00408	0.00321	0.00117	0.00381	0.00284	0.00307	0.06297
27	0.00868	0.07055	0.05831	0.05574	0.10724	0.04750	0.20664	0.01928	0.02668	0.05219	0.12135	0.10137	0.05923	0.00664	0.03953	0.00148	0.00474	0.00525	0.00274	0.00486
28	0.00572	0.00385	0.00443	0.00446	0.00450	0.00387	0.00257	0.00582	0.00586	0.00785	0.01277	0.05790	0.01467	0.79035	0.05658	0.00387	0.00409	0.00591	0.00244	0.00249
29	0.04323	0.00614	0.00715	0.04397	0.00870	0.00630	0.00502	0.14339	0.09296	0.10072	0.25245	0.07668	0.13654	0.00698	0.00423	0.00127	0.00281	0.00588	0.05084	0.00475
30	0.01030	0.00972	0.01484	0.11652	0.61723	0.05565	0.01128	0.06393	0.02361	0.02763	0.00776	0.00988	0.00629	0.00375	0.00392	0.00119	0.00484	0.00350	0.00216	0.00601
31	0.02417	0.04544	0.11208	0.05043	0.16203	0.13407	0.12299	0.12576	0.01805	0.06460	0.01011	0.05568	0.03861	0.00464	0.00397	0.00121	0.00507	0.00404	0.01158	0.00548
32	0.00688	0.00442	0.00529	0.00506	0.00552	0.00486	0.00357	0.00779	0.00685	0.02828	0.01171	0.01884	0.01136	0.36461	0.10751	0.00286	0.09553	0.00460	0.30117	0.00327
33	0.00998	0.00920	0.01498	0.10653	0.52749	0.02675	0.07738	0.03856	0.00932	0.04630	0.00779	0.00989	0.00625	0.00361	0.00389	0.00115	0.00475	0.00351	0.00217	0.09049
34	0.06164	0.20951	0.06978	0.01301	0.16081	0.09361	0.21123	0.05203	0.00941	0.03069	0.00714	0.00867	0.00571	0.00359	0.00362	0.00111	0.00518	0.00323	0.00211	0.04795
35	0.00969	0.58320	0.13533	0.00728	0.01060	0.01283	0.00751	0.02569	0.00824	0.02194	0.02505	0.00862	0.00658	0.01480	0.07886	0.00146	0.00490	0.00268	0.02974	0.00501
36	0.00546	0.00420	0.00475	0.00476	0.00590	0.00377	0.00354	0.00702	0.04089	0.03032	0.20250	0.14311	0.47019	0.02329	0.00497	0.00141	0.00217	0.03430	0.00384	0.00360
37	0.00493	0.00351	0.00459	0.00538	0.00564	0.00329	0.00357	0.00562	0.00762	0.01017	0.05281	0.74705	0.04242	0.07562	0.00617	0.00176	0.00239	0.01064	0.00361	0.00318
38	0.02852	0.04185	0.01222	0.27022	0.11144	0.10200	0.09187	0.04722	0.00890	0.03293	0.00921	0.07959	0.00817	0.00816	0.11758	0.00196	0.00585	0.01535	0.00227	0.00471
39	0.03210	0.00454	0.00578	0.00592	0.02163	0.00441	0.02104	0.00801	0.06322	0.01312	0.28899	0.25768	0.13581	0.00972	0.02976	0.00154	0.00263	0.04966	0.04065	0.00379
40	0.00844	0.00809	0.04500	0.09733	0.08003	0.00677	0.03990	0.02338	0.00838	0.01265	0.00708	0.00875	0.00580	0.00335	0.00370	0.00083	0.04177	0.00276	0.00221	0.59376
41	0.14313	0.00900	0.01103	0.35203	0.08214	0.07222	0.00875	0.14616	0.04694	0.04777	0.00788	0.00969	0.00593	0.00424	0.00405	0.00126	0.03686	0.00331	0.00250	0.00511
42	0.00502	0.00396	0.00454	0.00462	0.00567	0.00348	0.00343	0.00625	0.00945	0.01213	0.26087	0.15540	0.46525	0.00987	0.00476	0.00137	0.00207	0.03454	0.00387	0.00345
43	0.02821	0.00862	0.01105	0.09528	0.20194	0.02654	0.00766	0.15982	0.04474	0.01507	0.00802	0.00938	0.00635	0.00368	0.00350	0.00097	0.00393	0.00307	0.01643	0.34574
44	0.00931	0.00976	0.01051	0.10334	0.01166	0.18403	0.00758	0.01030	0.00737	0.00944	0.00688	0.01135	0.00672	0.13788	0.02666	0.00192	0.41260	0.00362	0.00193	0.02715
45	0.00541	0.00405	0.00479	0.00465	0.00575	0.00358	0.00347	0.00683	0.01009	0.02898	0.43551	0.08315	0.37112	0.00912	0.00469	0.00131	0.00198	0.00786	0.00405	0.00360
46	0.00598	0.00481	0.00566	0.00531	0.00645	0.03137	0.02173	0.00777	0.03170	0.02045	0.48718	0.04679	0.23879	0.04128	0.00525	0.00139	0.00236	0.02807	0.00395	0.00373
47	0.00963	0.02780	0.01408	0.10469	0.50738	0.00898	0.02753	0.04304	0.05443	0.02621	0.00809	0.01008	0.00657	0.00421	0.02123	0.00123	0.00458	0.00345	0.00223	0.11457
48	0.00556	0.00417	0.00513	0.00541	0.00619	0.00396	0.00390	0.02775	0.02647	0.01132	0.10544	0.39593	0.18115	0.07096	0.05129	0.00190	0.00293	0.06045	0.00356	0.02654
49	0.06837	0.22317	0.17551	0.02268	0.02655	0.13894	0.01622	0.07177	0.04143	0.03288	0.01603	0.00953	0.00662	0.00412	0.00345	0.00108	0.01421	0.02396	0.03922	0.06427

[dist]
# distance from previous block
# <min> <max>
3	32

[block]
# block no. 1 follows, 68 sequences, length 11
# corresponding to MSA columns:
# 189-199
name=unknown_B
#
# <colnr> <probs for GDERKNQSTAVLIFYWHMCP>
#	G	D	E	R	K	N	Q	S	T	A	V	L	I	F	Y	W	H	M	C	P
0	0.48401	0.00840	0.07504	0.00643	0.00921	0.00796	0.00568	0.06140	0.00881	0.22642	0.00956	0.06551	0.00737	0.00465	0.00322	0.00125	0.00340	0.00337	0.00319	0.00512
1	0.00536	0.00397	0.00500	0.00489	0.00581	0.00361	0.00361	0.00694	0.01041	0.01433	0.60252	0.13326	0.16767	0.00896	0.00473	0.00131	0.00195	0.00787	0.00417	0.00361
2	0.00531	0.00366	0.00476	0.00539	0.00587	0.00336	0.00369	0.00616	0.00816	0.03796	0.09321	0.68316	0.10136	0.01158	0.00496	0.00154	0.00227	0.01041	0.00378	0.00339
3	0.00528	0.00388	0.00494	0.00568	0.00606	0.00379	0.00384	0.00680	0.07451	0.01054	0.02098	0.75295	0.02456	0.04886	0.00564	0.00169	0.00244	0.01048	0.00365	0.00343
4	0.01024	0.04058	0.01277	0.22652	0.22645	0.13660	0.02358	0.05394	0.18232	0.01288	0.00897	0.01050	0.00703	0.00425	0.00410	0.00123	0.02656	0.00355	0.00244	0.00546
5	0.01030	0.33566	0.17537	0.00969	0.02733	0.08037	0.06991	0.04654	0.00868	0.02932	0.00647	0.00792	0.00538	0.00420	0.00491	0.00115	0.14760	0.00286	0.00194	0.02440
6	0.03276	0.29830	0.06328	0.11432	0.07288	0.04025	0.04836	0.22350	0.03030	0.01461	0.00750	0.00866	0.00591	0.00395	0.00344	0.00110	0.00465	0.00304	0.01765	0.00555
7	0.00499	0.00397	0.00454	0.00465	0.00570	0.00352	0.00345	0.00616	0.00912	0.01159	0.18980	0.15952	0.49168	0.01102	0.04615	0.00162	0.00250	0.03286	0.00374	0.00342
8	0.02974	0.11119	0.04582	0.04374	0.23138	0.09018	0.06652	0.09107	0.11654	0.01356	0.02845	0.01068	0.02418	0.00447	0.00455	0.00122	0.07509	0.00361	0.00247	0.00555
9	0.01137	0.26229	0.03034	0.02406	0.06871	0.05677	0.03830	0.24345	0.09350	0.02451	0.01036	0.03129	0.04200	0.00475	0.00374	0.00113	0.01524	0.01789	0.01470	0.00559
10	0.00667	0.04140	0.02681	0.00636	0.03346	0.00549	0.00476	0.00957	0.13029	0.01312	0.24363	0.17446	0.13474	0.03650	0.00486	0.00135	0.00265	0.02033	0.00355	0.10001

[dist]
# distance from previous block
# <min> <max>
1	11

[block]
# block no. 2 follows, 68 sequences, length 12
# corresponding to MSA columns:
# 219-230
name=unknown_C
#
# <colnr> <probs for GDERKNQSTAVLIFYWHMCP>
#	G	D	E	R	K	N	Q	S	T	A	V	L	I	F	Y	W	H	M	C	P
0	0.04511	0.10195	0.06319	0.02596	0.22784	0.03344	0.16917	0.03479	0.00922	0.03708	0.05869	0.03832	0.05856	0.02787	0.01748	0.00138	0.00471	0.03763	0.00246	0.00515
1	0.00506	0.00359	0.00471	0.00544	0.00583	0.00335	0.00375	0.00598	0.00814	0.01103	0.11824	0.68029	0.04859	0.01156	0.00496	0.00155	0.00228	0.04310	0.02924	0.00332
2	0.01427	0.01061	0.01155	0.00887	0.01202	0.04796	0.03120	0.59623	0.03389	0.08652	0.00969	0.00974	0.00691	0.00452	0.00386	0.00113	0.00430	0.00348	0.00373	0.09952
3	0.01026	0.03309	0.17113	0.01010	0.08501	0.00799	0.08283	0.07968	0.05912	0.11725	0.00930	0.02871	0.00713	0.00395	0.00366	0.00104	0.00420	0.00341	0.00272	0.27940
4	0.02963	0.14267	0.37311	0.03082	0.08989	0.05145	0.01052	0.05278	0.05797	0.02907	0.03434	0.03174	0.02702	0.00449	0.00370	0.00120	0.00487	0.01695	0.00227	0.00551
5	0.05057	0.00685	0.00807	0.00681	0.00913	0.00691	0.00540	0.03704	0.26221	0.36585	0.03914	0.04978	0.04048	0.03177	0.00444	0.00134	0.00310	0.00463	0.06066	0.00582
6	0.00750	0.00606	0.01024	0.08155	0.09182	0.00594	0.15560	0.00919	0.01850	0.06681	0.05845	0.30690	0.04136	0.06390	0.01967	0.02420	0.00394	0.02114	0.00300	0.00424
7	0.00983	0.08383	0.36443	0.03354	0.04399	0.04796	0.09495	0.03386	0.04960	0.09914	0.00938	0.03458	0.01919	0.00496	0.02303	0.00136	0.03479	0.00364	0.00236	0.00558
8	0.00705	0.04345	0.00841	0.02206	0.20031	0.00611	0.00567	0.00850	0.04494	0.00997	0.01276	0.06509	0.04582	0.37593	0.10238	0.00293	0.00463	0.02767	0.00246	0.00388
9	0.00500	0.00381	0.00456	0.00503	0.00575	0.00344	0.00361	0.00593	0.00835	0.01067	0.07192	0.40131	0.32143	0.05459	0.00571	0.00162	0.00236	0.07794	0.00365	0.00329
10	0.03501	0.18105	0.07362	0.04699	0.34306	0.06966	0.07912	0.01323	0.05715	0.05314	0.00785	0.00932	0.00627	0.00374	0.00365	0.00114	0.00486	0.00328	0.00217	0.00571
11	0.01008	0.09290	0.46672	0.01109	0.05804	0.03291	0.05201	0.06009	0.04432	0.09840	0.00836	0.00922	0.00605	0.00404	0.00401	0.00122	0.02920	0.00319	0.00229	0.00587

[dist]
# distance from previous block
# <min> <max>
0	4

[block]
# block no. 3 follows, 68 sequences, length 28
# corresponding to MSA columns:
# 240-267
name=unknown_D
#
# <colnr> <probs for GDERKNQSTAVLIFYWHMCP>
#	G	D	E	R	K	N	Q	S	T	A	V	L	I	F	Y	W	H	M	C	P
0	0.17842	0.00588	0.00662	0.00569	0.00773	0.00575	0.00454	0.03073	0.02383	0.28550	0.10920	0.03680	0.17602	0.00683	0.02471	0.00137	0.01362	0.00499	0.06690	0.00486
1	0.00916	0.08044	0.29298	0.02904	0.05406	0.01947	0.06629	0.04682	0.14112	0.05925	0.06729	0.03903	0.05257	0.00494	0.00394	0.00124	0.00447	0.00418	0.00273	0.02100
2	0.00556	0.00388	0.00465	0.00485	0.00556	0.00354	0.00335	0.00645	0.00838	0.03884	0.15191	0.32512	0.24068	0.15324	0.00736	0.00183	0.00244	0.00854	0.02050	0.00333
3	0.00812	0.00870	0.10053	0.15685	0.20080	0.00770	0.11736	0.02911	0.03477	0.02801	0.03796	0.14245	0.02852	0.03794	0.00492	0.00144	0.00452	0.04284	0.00254	0.00493
4	0.02781	0.07038	0.02955	0.00805	0.07510	0.09233	0.00603	0.02951	0.00886	0.03557	0.00757	0.03312	0.00644	0.00354	0.00318	0.00079	0.00370	0.00279	0.00237	0.55331
5	0.00621	0.00509	0.00758	0.00712	0.00780	0.00610	0.02924	0.00751	0.00647	0.00933	0.01074	0.01560	0.03540	0.06515	0.62660	0.00523	0.13870	0.00435	0.00212	0.00365
6	0.00885	0.06480	0.29679	0.03556	0.02545	0.05149	0.03465	0.06695	0.17797	0.01386	0.08336	0.07371	0.03889	0.00536	0.00399	0.00126	0.00442	0.00446	0.00280	0.00538
7	0.00572	0.00423	0.00596	0.00681	0.05579	0.00439	0.00466	0.00690	0.00734	0.01025	0.02633	0.30540	0.05421	0.06628	0.32217	0.00346	0.00569	0.04898	0.05186	0.00354
8	0.00844	0.05568	0.10148	0.02321	0.08845	0.00852	0.02430	0.02198	0.18718	0.03590	0.21142	0.02864	0.04394	0.00600	0.00551	0.00133	0.13508	0.00479	0.00310	0.00507
9	0.00493	0.00356	0.00468	0.00554	0.00589	0.00332	0.00382	0.00571	0.00779	0.01028	0.02306	0.74661	0.08202	0.01216	0.00506	0.00161	0.00237	0.06466	0.00368	0.00326
10	0.04944	0.74883	0.03177	0.00698	0.01028	0.05513	0.00682	0.01231	0.03026	0.00996	0.00585	0.00666	0.00524	0.00350	0.00265	0.00089	0.00432	0.00222	0.00181	0.00507
11	0.00566	0.00425	0.00637	0.00637	0.00708	0.00496	0.00496	0.00708	0.00637	0.00920	0.01062	0.01558	0.00991	0.02974	0.84494	0.00637	0.01062	0.00425	0.00212	0.00354
12	0.01192	0.42520	0.07015	0.00867	0.04126	0.11413	0.00767	0.22003	0.01111	0.01364	0.00684	0.00773	0.00562	0.00423	0.00363	0.03298	0.00472	0.00270	0.00233	0.00542
13	0.00575	0.00391	0.00465	0.00465	0.00476	0.00402	0.00281	0.00598	0.00586	0.00793	0.01219	0.02429	0.01370	0.72810	0.15175	0.00425	0.00492	0.00552	0.00236	0.00258
14	0.00679	0.00351	0.00526	0.00526	0.00532	0.00356	0.00356	0.00532	0.00526	0.00707	0.00718	0.01233	0.00712	0.01503	0.08067	0.81564	0.00401	0.00351	0.00175	0.00186
15	0.00957	0.00907	0.01517	0.16645	0.61936	0.00954	0.02474	0.04447	0.00912	0.01282	0.00740	0.00991	0.00608	0.00378	0.00427	0.00123	0.03557	0.00355	0.00200	0.00589
16	0.02655	0.00764	0.00915	0.00735	0.01007	0.00761	0.00595	0.15347	0.18757	0.40119	0.08987	0.01426	0.01209	0.00518	0.00399	0.00122	0.00333	0.00422	0.00436	0.04493
17	0.00916	0.40567	0.46556	0.00924	0.01397	0.01217	0.01105	0.01224	0.00823	0.01108	0.00638	0.00745	0.00505	0.00360	0.00321	0.00107	0.00512	0.00256	0.00168	0.00551
18	0.00858	0.18514	0.61781	0.01082	0.01606	0.01054	0.07386	0.01243	0.00838	0.01193	0.00687	0.00815	0.00511	0.00366	0.00360	0.00118	0.00560	0.00290	0.00170	0.00567
19	0.00474	0.00402	0.00409	0.00407	0.00539	0.00337	0.00305	0.00579	0.00916	0.01100	0.08403	0.03769	0.79027	0.00993	0.00469	0.00133	0.00200	0.00830	0.00372	0.00337
20	0.00499	0.00352	0.00455	0.00531	0.00551	0.00333	0.00346	0.00556	0.00728	0.00970	0.02024	0.71490	0.02419	0.15837	0.00766	0.00199	0.00257	0.01032	0.00346	0.00308
21	0.06826	0.00921	0.02369	0.36639	0.15606	0.12068	0.05608	0.01174	0.00865	0.04465	0.00771	0.01017	0.00600	0.00478	0.03051	0.00139	0.01507	0.00341	0.05071	0.00484
22	0.01663	0.00805	0.01029	0.00856	0.05633	0.00773	0.00663	0.23090	0.01314	0.57834	0.01357	0.01224	0.00881	0.00479	0.00398	0.00121	0.00371	0.00385	0.00450	0.00672
23	0.00524	0.00418	0.00472	0.00462	0.00578	0.00374	0.00345	0.00695	0.04204	0.01283	0.33232	0.07939	0.46197	0.00927	0.00468	0.00132	0.00202	0.00793	0.00395	0.00360
24	0.00483	0.00347	0.00458	0.00547	0.00574	0.00323	0.00366	0.00553	0.00764	0.01014	0.02252	0.82839	0.05547	0.01234	0.00505	0.00160	0.00229	0.01117	0.00368	0.00323
25	0.00822	0.00705	0.00822	0.00587	0.00940	0.00529	0.00470	0.00998	0.00822	0.01292	0.00705	0.00822	0.00587	0.00294	0.00294	0.00059	0.00294	0.00235	0.00235	0.88490
26	0.00840	0.06048	0.54705	0.01055	0.06157	0.00873	0.01169	0.03060	0.03099	0.03232	0.06710	0.02162	0.02243	0.00430	0.00377	0.00119	0.00494	0.00347	0.00218	0.06661
27	0.06873	0.16883	0.30337	0.00997	0.01362	0.13661	0.08365	0.02507	0.03479	0.01211	0.03675	0.00892	0.00653	0.00417	0.00427	0.00119	0.07109	0.00309	0.00203	0.00521

[dist]
# distance from previous block
# <min> <max>
0	3

[block]
# block no. 4 follows, 68 sequences, length 38
# corresponding to MSA columns:
# 279-316
name=unknown_E
#
# <colnr> <probs for GDERKNQSTAVLIFYWHMCP>
#	G	D	E	R	K	N	Q	S	T	A	V	L	I	F	Y	W	H	M	C	P
0	0.00669	0.03495	0.06919	0.00737	0.05172	0.03793	0.01682	0.00831	0.03594	0.03333	0.04147	0.51346	0.05422	0.00943	0.00467	0.00144	0.01560	0.00835	0.04513	0.00398
1	0.07574	0.36375	0.25151	0.00855	0.01227	0.07771	0.00900	0.05420	0.02509	0.04076	0.00677	0.00768	0.00541	0.00390	0.00359	0.00109	0.04297	0.00263	0.00205	0.00534
2	0.00905	0.14822	0.61381	0.01063	0.01573	0.06685	0.03563	0.03445	0.00882	0.01221	0.00689	0.00808	0.00511	0.00375	0.00360	0.00118	0.00568	0.00285	0.00177	0.00567
3	0.00545	0.00442	0.00485	0.00459	0.00596	0.00390	0.00347	0.02638	0.02907	0.01267	0.25122	0.04417	0.53576	0.00902	0.00458	0.00128	0.00210	0.00763	0.00383	0.03963
4	0.00825	0.00715	0.00866	0.00619	0.00972	0.00542	0.02827	0.01006	0.00825	0.01291	0.00708	0.00829	0.00588	0.00295	0.00299	0.00061	0.00304	0.00242	0.00234	0.85952
5	0.02654	0.00994	0.01055	0.00850	0.01128	0.01112	0.00689	0.53168	0.26271	0.02188	0.01161	0.01130	0.00848	0.00492	0.00391	0.00123	0.00386	0.00383	0.04334	0.00643
6	0.80378	0.00800	0.00642	0.00559	0.00812	0.00923	0.00461	0.09046	0.00790	0.01849	0.00591	0.00674	0.00453	0.00379	0.00260	0.00122	0.00319	0.00229	0.00260	0.00453
7	0.00576	0.00388	0.00451	0.00451	0.00457	0.00394	0.00263	0.00588	0.00582	0.00783	0.01232	0.02501	0.01401	0.78549	0.09479	0.00407	0.00446	0.00563	0.00238	0.00251
8	0.01189	0.00871	0.00951	0.00811	0.01063	0.00971	0.00643	0.15956	0.57248	0.13478	0.01492	0.01370	0.01085	0.00520	0.00402	0.00130	0.00338	0.00425	0.00415	0.00642
9	0.00907	0.00719	0.01210	0.06708	0.06567	0.00692	0.22791	0.03327	0.04349	0.13015	0.14475	0.02086	0.15149	0.00608	0.00449	0.00132	0.00406	0.05590	0.00329	0.00492
10	0.01123	0.00729	0.00832	0.00723	0.00945	0.00780	0.00568	0.01840	0.48257	0.22433	0.11632	0.01629	0.01454	0.00556	0.00404	0.00128	0.00298	0.00465	0.04609	0.00596
11	0.88866	0.00767	0.00583	0.00521	0.00767	0.00889	0.00429	0.01166	0.00675	0.01779	0.00552	0.00644	0.00429	0.00368	0.00245	0.00123	0.00307	0.00215	0.00245	0.00429
12	0.00867	0.00867	0.01214	0.01041	0.01041	0.01214	0.00867	0.00954	0.00607	0.00954	0.00520	0.00867	0.00520	0.00694	0.01301	0.00173	0.85340	0.00347	0.00173	0.00434
13	0.00504	0.00394	0.00457	0.00460	0.00562	0.00347	0.00338	0.00631	0.00961	0.01250	0.32538	0.16133	0.42066	0.00971	0.00474	0.00135	0.00200	0.00838	0.00393	0.00347
14	0.01779	0.00675	0.00920	0.00705	0.01012	0.00583	0.00583	0.01932	0.01135	0.83867	0.01564	0.01350	0.00981	0.00491	0.00399	0.00123	0.00337	0.00399	0.00491	0.00675
15	0.00867	0.00867	0.01214	0.01041	0.01041	0.01214	0.00867	0.00954	0.00607	0.00954	0.00520	0.00867	0.00520	0.00694	0.01301	0.00173	0.85340	0.00347	0.00173	0.00434
16	0.00519	0.00380	0.00483	0.00539	0.00597	0.00354	0.00389	0.00619	0.00835	0.01100	0.12248	0.45572	0.15291	0.06900	0.00604	0.00171	0.00250	0.12450	0.00367	0.00331
17	0.01481	0.01890	0.01124	0.01021	0.01226	0.84474	0.00766	0.01583	0.01124	0.00970	0.00613	0.00715	0.00511	0.00409	0.00358	0.00102	0.00715	0.00255	0.00204	0.00460
18	0.00482	0.00348	0.00457	0.00545	0.00573	0.00323	0.00365	0.00553	0.00766	0.01015	0.02267	0.82133	0.06243	0.01232	0.00504	0.00160	0.00229	0.01114	0.00368	0.00323
19	0.00796	0.00753	0.01275	0.68229	0.19244	0.00893	0.01125	0.01055	0.00815	0.01071	0.00713	0.01042	0.00549	0.00388	0.00396	0.00129	0.00517	0.00353	0.00180	0.00479
20	0.01152	0.25923	0.19437	0.01077	0.09887	0.19056	0.02041	0.10502	0.02886	0.03515	0.00720	0.00813	0.00569	0.00388	0.00344	0.00108	0.00526	0.00284	0.00220	0.00554
21	0.00814	0.04807	0.75677	0.01152	0.01717	0.00948	0.06960	0.01254	0.00843	0.01246	0.00712	0.00846	0.00509	0.00373	0.00379	0.00125	0.00586	0.00302	0.00170	0.00580
22	0.00573	0.00398	0.00513	0.00515	0.00542	0.00424	0.00343	0.00624	0.00603	0.00831	0.01190	0.04411	0.01284	0.50280	0.33119	0.02672	0.00635	0.00528	0.00231	0.00284
23	0.00914	0.00861	0.01453	0.02178	0.72304	0.00858	0.01101	0.01126	0.00883	0.01257	0.00942	0.12516	0.00899	0.00474	0.00408	0.00124	0.00438	0.00459	0.00220	0.00586
24	0.00836	0.02880	0.02595	0.00696	0.05208	0.00584	0.00534	0.01020	0.00826	0.01282	0.00703	0.00826	0.00586	0.00300	0.00299	0.00064	0.00312	0.00242	0.00230	0.79978
25	0.00572	0.00414	0.00598	0.00599	0.00655	0.00469	0.00448	0.00676	0.00624	0.00888	0.01092	0.03154	0.01073	0.15388	0.66669	0.04768	0.00911	0.00456	0.00217	0.00328
26	0.48936	0.18422	0.01103	0.00906	0.15187	0.01037	0.00635	0.03971	0.00801	0.04990	0.00642	0.00741	0.00512	0.00368	0.00284	0.00114	0.00365	0.00251	0.00237	0.00499
27	0.02735	0.01109	0.12293	0.07885	0.24190	0.05817	0.01800	0.17046	0.02892	0.10334	0.00864	0.00977	0.00646	0.00413	0.00413	0.00118	0.03353	0.00338	0.00269	0.06508
28	0.00493	0.00365	0.00460	0.00525	0.00576	0.00335	0.00364	0.00578	0.00808	0.01055	0.06612	0.60115	0.18234	0.03244	0.00536	0.00160	0.00232	0.04613	0.00368	0.00327
29	0.00469	0.00399	0.00404	0.00409	0.00537	0.00334	0.00304	0.00568	0.00897	0.01068	0.03929	0.07716	0.79588	0.01015	0.00470	0.00135	0.00202	0.00851	0.00368	0.00334
30	0.88866	0.00767	0.00583	0.00521	0.00767	0.00889	0.00429	0.01166	0.00675	0.01779	0.00552	0.00644	0.00429	0.00368	0.00245	0.00123	0.00307	0.00215	0.00245	0.00429
31	0.00931	0.01106	0.05944	0.01618	0.02021	0.00998	0.75811	0.01297	0.03677	0.01282	0.00825	0.01073	0.00618	0.00343	0.00462	0.00133	0.00653	0.00459	0.00206	0.00540
32	0.00557	0.00405	0.00525	0.00495	0.00590	0.00372	0.00371	0.00741	0.01113	0.01569	0.80114	0.02997	0.07024	0.00819	0.00468	0.00125	0.00188	0.00722	0.00434	0.00372
33	0.00503	0.00423	0.00439	0.00433	0.00565	0.00369	0.00325	0.00660	0.04822	0.01149	0.11676	0.04865	0.70461	0.00967	0.00466	0.00133	0.00205	0.00811	0.00377	0.00352
34	0.00494	0.00355	0.00472	0.00561	0.00593	0.00333	0.00387	0.00573	0.00775	0.01027	0.02231	0.77319	0.04885	0.01224	0.00508	0.00162	0.00239	0.07169	0.00368	0.00326
35	0.01065	0.81773	0.04239	0.00697	0.01042	0.01542	0.00701	0.03363	0.00835	0.00983	0.00566	0.00650	0.00513	0.00344	0.00261	0.00087	0.00429	0.00218	0.00176	0.00515
36	0.00981	0.00942	0.01609	0.02434	0.83592	0.00942	0.01217	0.01217	0.00903	0.01295	0.00746	0.00981	0.00628	0.00353	0.00393	0.00118	0.00471	0.00353	0.00196	0.00628
37	0.01461	0.01847	0.01114	0.01013	0.01218	0.81062	0.00760	0.01605	0.04465	0.00999	0.00654	0.00746	0.00539	0.00414	0.00359	0.00103	0.00699	0.00263	0.00212	0.00467

[dist]
# distance from previous block
# <min> <max>
0	1

[block]
# block no. 5 follows, 68 sequences, length 28
# corresponding to MSA columns:
# 318-345
name=unknown_F
#
# <colnr> <probs for GDERKNQSTAVLIFYWHMCP>
#	G	D	E	R	K	N	Q	S	T	A	V	L	I	F	Y	W	H	M	C	P
0	0.02346	0.00945	0.01006	0.04605	0.04497	0.10307	0.01772	0.16433	0.07556	0.03710	0.00834	0.00919	0.00651	0.00380	0.00358	0.00092	0.01714	0.00296	0.00276	0.41303
1	0.01156	0.00988	0.01411	0.04594	0.38148	0.04469	0.06828	0.20585	0.06743	0.06706	0.00905	0.01039	0.00696	0.00463	0.02059	0.00132	0.01821	0.00369	0.00276	0.00613
2	0.00494	0.00403	0.00437	0.00429	0.00551	0.00346	0.00321	0.00619	0.00964	0.01214	0.25949	0.03580	0.61409	0.00951	0.00468	0.00131	0.00197	0.00804	0.00387	0.00346
3	0.00846	0.03486	0.33887	0.12350	0.24839	0.00909	0.06698	0.01202	0.04119	0.01229	0.00851	0.06264	0.00709	0.00429	0.00396	0.00126	0.00514	0.00386	0.00201	0.00559
4	0.00929	0.00764	0.00807	0.00738	0.00935	0.00873	0.00569	0.01876	0.68167	0.01602	0.01602	0.05792	0.01258	0.00564	0.00393	0.00130	0.00293	0.00473	0.11656	0.00579
5	0.00561	0.00405	0.00530	0.00499	0.00592	0.00374	0.00374	0.00748	0.01122	0.01590	0.83383	0.02962	0.03741	0.00811	0.00468	0.00125	0.00187	0.00717	0.00436	0.00374
6	0.00561	0.00405	0.00530	0.00499	0.00592	0.00374	0.00374	0.00748	0.01122	0.01590	0.83383	0.02962	0.03741	0.00811	0.00468	0.00125	0.00187	0.00717	0.00436	0.00374
7	0.01090	0.77438	0.01971	0.00708	0.01034	0.07835	0.00684	0.01244	0.03202	0.00957	0.00587	0.00666	0.00529	0.00350	0.00267	0.00088	0.00443	0.00222	0.00179	0.00509
8	0.00981	0.00942	0.01609	0.02434	0.83592	0.00942	0.01217	0.01217	0.00903	0.01295	0.00746	0.00981	0.00628	0.00353	0.00393	0.00118	0.00471	0.00353	0.00196	0.00628
9	0.00684	0.00489	0.00670	0.00688	0.05862	0.00469	0.02057	0.00921	0.07043	0.06418	0.50001	0.18574	0.02917	0.00817	0.00461	0.00132	0.00241	0.00730	0.00404	0.00420
10	0.05618	0.54939	0.03196	0.00763	0.01081	0.11804	0.00704	0.15522	0.01026	0.01262	0.00632	0.00706	0.00534	0.00374	0.00294	0.00096	0.00459	0.00245	0.00218	0.00529
11	0.01351	0.01001	0.01079	0.00866	0.01152	0.01114	0.00703	0.51467	0.28480	0.06706	0.01203	0.01147	0.00868	0.00497	0.00399	0.00124	0.00391	0.00389	0.00404	0.00659
12	0.00469	0.00402	0.00402	0.00402	0.00536	0.00335	0.00301	0.00569	0.00904	0.01071	0.04017	0.03816	0.83432	0.01004	0.00469	0.00134	0.00201	0.00837	0.00368	0.00335
13	0.03555	0.22480	0.05719	0.00820	0.03821	0.05229	0.00706	0.05700	0.01023	0.40598	0.01071	0.01032	0.00745	0.00445	0.00407	0.00115	0.05270	0.00327	0.00339	0.00596
14	0.01174	0.01082	0.00977	0.00858	0.01093	0.17538	0.00668	0.11539	0.54151	0.04527	0.01335	0.01261	0.01000	0.00503	0.00393	0.00126	0.00409	0.00397	0.00366	0.00602
15	0.00907	0.00971	0.08369	0.01853	0.50297	0.00877	0.09524	0.01243	0.08086	0.01359	0.11515	0.01278	0.01068	0.00429	0.00410	0.00122	0.00451	0.00416	0.00243	0.00582
16	0.00575	0.00389	0.00458	0.00458	0.00467	0.00398	0.00272	0.00593	0.00584	0.00788	0.01226	0.02466	0.01385	0.75720	0.12287	0.00416	0.00469	0.00558	0.00237	0.00254
17	0.00749	0.00705	0.01189	0.85113	0.02731	0.00881	0.01101	0.01013	0.00793	0.01013	0.00705	0.01057	0.00529	0.00396	0.00396	0.00132	0.00529	0.00352	0.00176	0.00440
18	0.00971	0.00835	0.00883	0.00796	0.01015	0.00964	0.00618	0.02057	0.79868	0.01656	0.04623	0.01534	0.01303	0.00548	0.00406	0.00134	0.00309	0.00458	0.00405	0.00618
19	0.00577	0.00384	0.00432	0.00432	0.00432	0.00384	0.00240	0.00577	0.00577	0.00769	0.01249	0.02595	0.01441	0.86066	0.02018	0.00384	0.00384	0.00577	0.00240	0.00240
20	0.00935	0.11524	0.06513	0.02570	0.21180	0.00878	0.10508	0.02814	0.00876	0.02998	0.00734	0.00896	0.00597	0.00347	0.00374	0.00097	0.02921	0.00305	0.01480	0.31453
21	0.00619	0.00444	0.00615	0.00703	0.00789	0.00440	0.00603	0.00788	0.00898	0.01167	0.02171	0.11917	0.05018	0.01106	0.00541	0.00179	0.00347	0.70930	0.00365	0.00360
22	0.00991	0.03127	0.23019	0.01809	0.42269	0.11118	0.09499	0.01276	0.00914	0.01235	0.00722	0.00913	0.00576	0.00364	0.00389	0.00119	0.00550	0.00335	0.00190	0.00585
23	0.00529	0.00393	0.00494	0.00493	0.00579	0.00357	0.00360	0.00678	0.01012	0.01384	0.53329	0.19756	0.17311	0.00931	0.00476	0.00134	0.00198	0.00820	0.00411	0.00357
24	0.00478	0.00365	0.00439	0.00499	0.00561	0.00327	0.00344	0.00558	0.00810	0.01033	0.02831	0.56899	0.31113	0.01158	0.00493	0.00151	0.00220	0.01025	0.00368	0.00327
25	0.01779	0.00675	0.00920	0.00705	0.01012	0.00583	0.00583	0.01932	0.01135	0.83867	0.01564	0.01350	0.00981	0.00491	0.00399	0.00123	0.00337	0.00399	0.00491	0.00675
26	0.84359	0.00746	0.00572	0.00514	0.00751	0.00863	0.00422	0.01153	0.00683	0.01764	0.00590	0.00687	0.00459	0.00373	0.00247	0.00121	0.00300	0.00223	0.04747	0.00426
27	0.00900	0.09069	0.35066	0.10432	0.25157	0.03541	0.01192	0.01273	0.06151	0.01232	0.00769	0.00931	0.00595	0.00381	0.00372	0.00120	0.00513	0.00319	0.01416	0.00571

[dist]
# distance from previous block
# <min> <max>
2	14

[block]
# block no. 6 follows, 68 sequences, length 34
# corresponding to MSA columns:
# 368-401
name=unknown_G
#
# <colnr> <probs for GDERKNQSTAVLIFYWHMCP>
#	G	D	E	R	K	N	Q	S	T	A	V	L	I	F	Y	W	H	M	C	P
0	0.00547	0.00386	0.00488	0.00534	0.00562	0.00385	0.00357	0.00629	0.02576	0.00942	0.01727	0.40263	0.01994	0.32593	0.08114	0.00284	0.00368	0.06637	0.00309	0.00305
1	0.00619	0.02210	0.06076	0.00608	0.00751	0.05520	0.02570	0.00777	0.00954	0.01238	0.27407	0.17699	0.23823	0.00888	0.00465	0.00136	0.00288	0.07233	0.00358	0.00379
2	0.00585	0.00430	0.00550	0.00516	0.00617	0.00408	0.00388	0.00824	0.05653	0.01594	0.78852	0.02880	0.03601	0.00795	0.00464	0.00125	0.00194	0.00702	0.00435	0.00388
3	0.00841	0.01825	0.67911	0.01100	0.03171	0.00937	0.01316	0.02806	0.13757	0.01342	0.00858	0.00943	0.00619	0.00403	0.00382	0.00127	0.00538	0.00320	0.00209	0.00595
4	0.00901	0.01009	0.02123	0.01542	0.01888	0.00980	0.69999	0.01199	0.00901	0.01229	0.00928	0.03318	0.03623	0.00413	0.00542	0.00138	0.08056	0.00487	0.00208	0.00513
5	0.01005	0.00926	0.01273	0.22987	0.26756	0.05938	0.00977	0.15293	0.03372	0.01367	0.00830	0.05103	0.00704	0.00481	0.00513	0.00130	0.11181	0.00387	0.00238	0.00539
6	0.00795	0.02051	0.84011	0.01130	0.01716	0.00921	0.01465	0.01256	0.00837	0.01256	0.00712	0.00837	0.00502	0.00377	0.00377	0.00126	0.00586	0.00293	0.00167	0.00586
7	0.01485	0.01135	0.01231	0.00945	0.01261	0.04017	0.03834	0.76495	0.01804	0.02401	0.00935	0.00948	0.00666	0.00468	0.00398	0.00119	0.00454	0.00358	0.00383	0.00662
8	0.33511	0.17116	0.01118	0.00821	0.03785	0.35550	0.00641	0.01344	0.00892	0.01272	0.00584	0.00683	0.00484	0.00379	0.00298	0.00107	0.00503	0.00236	0.00213	0.00463
9	0.00739	0.00370	0.00370	0.00370	0.00462	0.00370	0.00277	0.00924	0.00831	0.01478	0.01293	0.01478	0.01016	0.00462	0.00277	0.00092	0.00185	0.00370	0.88267	0.00370
10	0.00834	0.00722	0.01022	0.19191	0.21842	0.00774	0.00794	0.05998	0.14874	0.02492	0.07382	0.04941	0.14783	0.02084	0.00446	0.00133	0.00377	0.00510	0.00296	0.00506
11	0.00577	0.00384	0.00432	0.00432	0.00432	0.00384	0.00240	0.00577	0.00577	0.00769	0.01249	0.02595	0.01441	0.86066	0.02018	0.00384	0.00384	0.00577	0.00240	0.00240
12	0.00948	0.00937	0.01418	0.24035	0.29244	0.06093	0.10945	0.02426	0.14583	0.01262	0.00874	0.01075	0.00685	0.00410	0.00433	0.00127	0.03349	0.00377	0.00228	0.00550
13	0.00577	0.00384	0.00432	0.00432	0.00432	0.00384	0.00240	0.00577	0.00577	0.00769	0.01249	0.02595	0.01441	0.86066	0.02018	0.00384	0.00384	0.00577	0.00240	0.00240
14	0.01095	0.79259	0.01998	0.00707	0.01035	0.08488	0.00686	0.01220	0.00832	0.00936	0.00556	0.00643	0.00509	0.00345	0.00263	0.00086	0.00448	0.00216	0.00173	0.00505
15	0.00577	0.00384	0.00432	0.00432	0.00432	0.00384	0.00240	0.00577	0.00577	0.00769	0.01249	0.02595	0.01441	0.86066	0.02018	0.00384	0.00384	0.00577	0.00240	0.00240
16	0.01408	0.01143	0.06899	0.05238	0.01362	0.01169	0.03435	0.68126	0.01693	0.04164	0.00932	0.00962	0.00660	0.00461	0.00398	0.00121	0.00456	0.00357	0.00366	0.00652
17	0.01054	0.00994	0.01549	0.02226	0.72116	0.03974	0.01153	0.09610	0.01010	0.01408	0.00762	0.00969	0.00629	0.00368	0.00392	0.00117	0.00476	0.00350	0.00217	0.00627
18	0.00585	0.00430	0.00550	0.00516	0.00617	0.00408	0.00388	0.00824	0.05653	0.01594	0.78852	0.02880	0.03601	0.00795	0.00464	0.00125	0.00194	0.00702	0.00435	0.00388
19	0.00567	0.00423	0.00626	0.00626	0.00693	0.00489	0.00481	0.00701	0.00634	0.00912	0.01072	0.01615	0.01016	0.07578	0.79924	0.00623	0.01024	0.00433	0.00214	0.00348
20	0.00689	0.00344	0.00517	0.00517	0.00517	0.00344	0.00344	0.00517	0.00517	0.00689	0.00689	0.01205	0.00689	0.01377	0.01550	0.88464	0.00344	0.00344	0.00172	0.00172
21	0.01481	0.01890	0.01124	0.01021	0.01226	0.84474	0.00766	0.01583	0.01124	0.00970	0.00613	0.00715	0.00511	0.00409	0.00358	0.00102	0.00715	0.00255	0.00204	0.00460
22	0.01480	0.01090	0.01170	0.00903	0.01212	0.01205	0.00743	0.80073	0.01834	0.02459	0.00985	0.03233	0.00727	0.00497	0.00400	0.00120	0.00431	0.00378	0.00396	0.00665
23	0.00749	0.00705	0.01189	0.85113	0.02731	0.00881	0.01101	0.01013	0.00793	0.01013	0.00705	0.01057	0.00529	0.00396	0.00396	0.00132	0.00529	0.00352	0.00176	0.00440
24	0.00483	0.00345	0.00460	0.00552	0.00575	0.00322	0.00368	0.00552	0.00759	0.01012	0.02185	0.85807	0.02622	0.01242	0.00506	0.00161	0.00230	0.01127	0.00368	0.00322
25	0.01138	0.01001	0.01236	0.01012	0.01151	0.05322	0.03892	0.27928	0.01076	0.03866	0.00709	0.00909	0.00587	0.00588	0.00898	0.00149	0.47402	0.00352	0.00259	0.00525
26	0.01026	0.00849	0.00915	0.03234	0.01086	0.00976	0.00644	0.04648	0.74813	0.04778	0.01564	0.01445	0.01165	0.00530	0.00403	0.00133	0.00325	0.00441	0.00400	0.00625
27	0.00795	0.02051	0.84011	0.01130	0.01716	0.00921	0.01465	0.01256	0.00837	0.01256	0.00712	0.00837	0.00502	0.00377	0.00377	0.00126	0.00586	0.00293	0.00167	0.00586
28	0.00867	0.00867	0.01214	0.01041	0.01041	0.01214	0.00867	0.00954	0.00607	0.00954	0.00520	0.00867	0.00520	0.00694	0.01301	0.00173	0.85340	0.00347	0.00173	0.00434
29	0.04697	0.32234	0.38555	0.00976	0.04477	0.06283	0.02176	0.01271	0.00851	0.04184	0.00675	0.00777	0.00526	0.00368	0.00329	0.00109	0.00511	0.00267	0.00187	0.00548
30	0.00749	0.00705	0.01189	0.85113	0.02731	0.00881	0.01101	0.01013	0.00793	0.01013	0.00705	0.01057	0.00529	0.00396	0.00396	0.00132	0.00529	0.00352	0.00176	0.00440
31	0.00482	0.00350	0.00455	0.00540	0.00572	0.00323	0.00363	0.00553	0.00771	0.01017	0.02333	0.79187	0.09146	0.01223	0.00503	0.00159	0.00228	0.01104	0.00368	0.00323
32	0.00517	0.00404	0.00469	0.00453	0.00565	0.00355	0.00339	0.00663	0.01018	0.01343	0.45628	0.03368	0.41650	0.00903	0.00468	0.00129	0.00194	0.00774	0.00404	0.00355
33	0.06662	0.07522	0.05137	0.04973	0.06867	0.13671	0.09370	0.21226	0.10474	0.07356	0.00914	0.00986	0.00684	0.00469	0.01859	0.00128	0.00498	0.00345	0.00290	0.00570

[dist]
# distance from previous block
# <min> <max>
5	37

[block]
# block no. 7 follows, 68 sequences, length 48
# corresponding to MSA columns:
# 443-490
name=unknown_H
#
# <colnr> <probs for GDERKNQSTAVLIFYWHMCP>
#	G	D	E	R	K	N	Q	S	T	A	V	L	I	F	Y	W	H	M	C	P
0	0.03057	0.10494	0.40135	0.01219	0.01683	0.01025	0.27415	0.02971	0.05858	0.01289	0.00780	0.00928	0.00580	0.00371	0.00392	0.00124	0.00569	0.00350	0.00199	0.00562
1	0.00870	0.00485	0.00615	0.00556	0.00699	0.00450	0.00425	0.04068	0.02228	0.19728	0.36819	0.15257	0.07385	0.00773	0.00439	0.00128	0.00239	0.00671	0.07722	0.00445
2	0.00550	0.00405	0.00515	0.00487	0.00586	0.00369	0.00365	0.00727	0.01096	0.01528	0.73835	0.03064	0.13328	0.00834	0.00468	0.00126	0.00189	0.00731	0.00428	0.00369
3	0.35065	0.00547	0.00499	0.00462	0.00626	0.00587	0.00362	0.01073	0.00785	0.07864	0.01057	0.04236	0.00854	0.02453	0.00323	0.00116	0.00250	0.00344	0.42085	0.00411
4	0.01060	0.86304	0.02078	0.00678	0.01018	0.01569	0.00678	0.01187	0.00806	0.00933	0.00551	0.00636	0.00509	0.00339	0.00254	0.00085	0.00424	0.00212	0.00170	0.00509
5	0.00615	0.00426	0.00555	0.00510	0.00621	0.00388	0.00385	0.00801	0.01112	0.04570	0.77300	0.02823	0.03522	0.00780	0.00459	0.00122	0.00197	0.00687	0.00431	0.03698
6	0.00597	0.00407	0.00499	0.00528	0.00557	0.00407	0.00368	0.00655	0.00684	0.00902	0.01521	0.03196	0.01710	0.58877	0.01548	0.00320	0.00378	0.26286	0.00280	0.00280
7	0.10185	0.00684	0.00888	0.00688	0.00988	0.00612	0.00568	0.01858	0.01090	0.75944	0.01467	0.01281	0.00928	0.00479	0.00384	0.00123	0.00334	0.00381	0.00467	0.00651
8	0.88866	0.00767	0.00583	0.00521	0.00767	0.00889	0.00429	0.01166	0.00675	0.01779	0.00552	0.00644	0.00429	0.00368	0.00245	0.00123	0.00307	0.00215	0.00245	0.00429
9	0.00561	0.00405	0.00530	0.00499	0.00592	0.00374	0.00374	0.00748	0.01122	0.01590	0.83383	0.02962	0.03741	0.00811	0.00468	0.00125	0.00187	0.00717	0.00436	0.00374
10	0.88866	0.00767	0.00583	0.00521	0.00767	0.00889	0.00429	0.01166	0.00675	0.01779	0.00552	0.00644	0.00429	0.00368	0.00245	0.00123	0.00307	0.00215	0.00245	0.00429
11	0.00822	0.00705	0.00822	0.00587	0.00940	0.00529	0.00470	0.00998	0.00822	0.01292	0.00705	0.00822	0.00587	0.00294	0.00294	0.00059	0.00294	0.00235	0.00235	0.88490
12	0.00577	0.00384	0.00432	0.00432	0.00432	0.00384	0.00240	0.00577	0.00577	0.00769	0.01249	0.02595	0.01441	0.86066	0.02018	0.00384	0.00384	0.00577	0.00240	0.00240
13	0.01666	0.00734	0.00943	0.00733	0.01029	0.00683	0.00602	0.13538	0.04206	0.66146	0.03172	0.02598	0.01027	0.00508	0.00402	0.00123	0.00346	0.00412	0.00471	0.00661
14	0.00533	0.00401	0.00493	0.00476	0.00577	0.00361	0.00355	0.00692	0.01048	0.01428	0.58943	0.07148	0.24325	0.00881	0.00470	0.00129	0.00193	0.00768	0.00416	0.00361
15	0.00822	0.00705	0.00822	0.00587	0.00940	0.00529	0.00470	0.00998	0.00822	0.01292	0.00705	0.00822	0.00587	0.00294	0.00294	0.00059	0.00294	0.00235	0.00235	0.88490
16	0.06122	0.00734	0.00937	0.00722	0.01027	0.00680	0.00597	0.12024	0.01204	0.69481	0.01436	0.01264	0.00915	0.00483	0.00391	0.00122	0.00348	0.00384	0.00467	0.00662
17	0.71928	0.00772	0.00662	0.00568	0.00826	0.00864	0.00468	0.05506	0.00802	0.13487	0.00717	0.00760	0.00521	0.00391	0.00275	0.00122	0.00318	0.00248	0.00288	0.00477
18	0.00958	0.00918	0.01567	0.10784	0.75425	0.00936	0.01205	0.01196	0.00892	0.01267	0.00742	0.00989	0.00618	0.00358	0.00393	0.00119	0.00477	0.00353	0.00194	0.00609
19	0.00982	0.00951	0.01557	0.06424	0.75289	0.02991	0.01184	0.01241	0.03187	0.01284	0.00765	0.00992	0.00636	0.00362	0.00392	0.00119	0.00475	0.00353	0.00201	0.00615
20	0.10037	0.09073	0.18086	0.03960	0.17018	0.17900	0.07834	0.03522	0.00914	0.01243	0.00705	0.02593	0.00581	0.00402	0.00394	0.00118	0.03504	0.00318	0.00203	0.01595
21	0.00660	0.01705	0.00568	0.00514	0.00624	0.00439	0.00390	0.02775	0.04421	0.03670	0.59292	0.06917	0.03016	0.00751	0.00434	0.00122	0.00207	0.00656	0.12442	0.00398
22	0.00541	0.00394	0.00452	0.00466	0.00548	0.00356	0.00326	0.00626	0.00830	0.03201	0.10370	0.21432	0.36845	0.18841	0.00801	0.00192	0.00252	0.02850	0.00351	0.00325
23	0.00610	0.00440	0.00559	0.00521	0.00625	0.00419	0.00395	0.03745	0.02833	0.01616	0.75539	0.02846	0.03491	0.00789	0.00461	0.00125	0.00201	0.01912	0.02482	0.00390
24	0.00513	0.00364	0.00464	0.00532	0.00562	0.00345	0.00358	0.00578	0.00741	0.00978	0.02088	0.58247	0.06817	0.18594	0.00817	0.00207	0.00270	0.06873	0.00342	0.00309
25	0.01744	0.00730	0.00954	0.00732	0.01040	0.00665	0.00604	0.12133	0.01227	0.73536	0.01486	0.01299	0.00942	0.00489	0.00398	0.00122	0.00350	0.00393	0.00479	0.00675
26	0.01482	0.01860	0.01126	0.01017	0.01226	0.81344	0.00766	0.04617	0.01151	0.01028	0.00626	0.00724	0.00517	0.00411	0.00359	0.00103	0.00705	0.00259	0.00212	0.00468
27	0.01060	0.86304	0.02078	0.00678	0.01018	0.01569	0.00678	0.01187	0.00806	0.00933	0.00551	0.00636	0.00509	0.00339	0.00254	0.00085	0.00424	0.00212	0.00170	0.00509
28	0.00483	0.00345	0.00460	0.00552	0.00575	0.00322	0.00368	0.00552	0.00759	0.01012	0.02185	0.85807	0.02622	0.01242	0.00506	0.00161	0.00230	0.01127	0.00368	0.00322
29	0.01481	0.01890	0.01124	0.01021	0.01226	0.84474	0.00766	0.01583	0.01124	0.00970	0.00613	0.00715	0.00511	0.00409	0.00358	0.00102	0.00715	0.00255	0.00204	0.00460
30	0.00826	0.00711	0.00843	0.00635	0.03076	0.00539	0.00489	0.01004	0.00824	0.01292	0.00706	0.00826	0.00588	0.00295	0.00296	0.00060	0.00298	0.00238	0.00234	0.86218
31	0.00818	0.10305	0.63883	0.01031	0.01515	0.02371	0.01259	0.01191	0.00810	0.01172	0.00721	0.00914	0.00560	0.03723	0.04132	0.00155	0.04417	0.00303	0.00173	0.00546
