[name]
unknown

[dist]
# distance from previous block
# <min> <max>
0	36

[block]
# block no. 0 follows, 73 sequences, length 24
# corresponding to MSA columns:
# 39-62
name=unknown_A
#
# <colnr> <probs for GDERKNQSTAVLIFYWHMCP>
#	G	D	E	R	K	N	Q	S	T	A	V	L	I	F	Y	W	H	M	C	P
0	0.02553	0.03982	0.15806	0.00781	0.02803	0.05720	0.02883	0.06114	0.09826	0.14073	0.13135	0.09001	0.04438	0.00577	0.00391	0.00120	0.00365	0.04378	0.00318	0.02734
1	0.03964	0.09257	0.21462	0.01927	0.05525	0.05025	0.09669	0.11936	0.16362	0.03367	0.01874	0.01083	0.03762	0.01687	0.00384	0.00118	0.00444	0.00351	0.00256	0.01547
2	0.00903	0.13174	0.23223	0.04471	0.04598	0.03439	0.10374	0.03775	0.00864	0.08739	0.04265	0.04459	0.04173	0.00463	0.00416	0.00116	0.05370	0.02434	0.00233	0.04512
3	0.04426	0.11932	0.09648	0.02591	0.05869	0.03338	0.06616	0.10101	0.18112	0.03318	0.02080	0.09504	0.00909	0.00523	0.02068	0.00122	0.00400	0.00401	0.00272	0.07770
4	0.00763	0.01527	0.00686	0.00619	0.00760	0.07133	0.02046	0.05456	0.12889	0.05226	0.20039	0.25235	0.06571	0.02939	0.00453	0.00129	0.00287	0.00646	0.00346	0.06249
5	0.00592	0.00452	0.00524	0.00502	0.00602	0.02892	0.00377	0.02989	0.02449	0.02642	0.51072	0.08369	0.15714	0.04703	0.00508	0.00135	0.00224	0.04519	0.00380	0.00358
6	0.03305	0.35235	0.16384	0.00996	0.09858	0.10507	0.05432	0.04573	0.04977	0.03241	0.00677	0.00773	0.00546	0.00360	0.00327	0.00101	0.01726	0.00269	0.00197	0.00515
7	0.03175	0.11501	0.34885	0.05526	0.16464	0.02794	0.06402	0.04470	0.02736	0.05980	0.00789	0.00906	0.01996	0.00371	0.00352	0.00113	0.00484	0.00310	0.00203	0.00541
8	0.00469	0.00375	0.00416	0.00438	0.00531	0.00332	0.00316	0.00576	0.02330	0.01024	0.07187	0.25370	0.51534	0.04666	0.00516	0.00144	0.00210	0.02902	0.00347	0.00317
9	0.00696	0.03035	0.18811	0.00888	0.10454	0.01900	0.02835	0.02147	0.07535	0.01134	0.07683	0.12876	0.10525	0.11881	0.00622	0.00158	0.02538	0.03585	0.00265	0.00430
10	0.03983	0.15148	0.09382	0.01018	0.04711	0.06204	0.19215	0.09435	0.06247	0.08090	0.00893	0.06809	0.00744	0.01267	0.00429	0.00119	0.05165	0.00383	0.00247	0.00510
11	0.02994	0.01965	0.00735	0.03151	0.00834	0.07606	0.00495	0.18336	0.05477	0.07294	0.11543	0.21776	0.04860	0.10518	0.00578	0.00152	0.00332	0.00588	0.00334	0.00431
12	0.00521	0.00347	0.00413	0.00450	0.00475	0.00335	0.00286	0.00572	0.00660	0.00915	0.01675	0.38866	0.05099	0.36478	0.01044	0.00231	0.00272	0.00759	0.10325	0.00278
13	0.09765	0.00943	0.05636	0.06339	0.19980	0.07403	0.09734	0.06979	0.11643	0.08585	0.04927	0.01106	0.02229	0.00423	0.00391	0.00118	0.02644	0.00363	0.00264	0.00527
14	0.00684	0.07235	0.13225	0.00798	0.00995	0.02098	0.13537	0.04989	0.00805	0.01083	0.02458	0.37729	0.01480	0.06598	0.04373	0.00169	0.00408	0.00667	0.00266	0.00402
15	0.00471	0.00357	0.00434	0.00466	0.00537	0.00320	0.00330	0.00572	0.00843	0.01106	0.22352	0.40791	0.28045	0.01008	0.00459	0.00136	0.00199	0.00888	0.00364	0.00320
16	0.03295	0.06828	0.11639	0.02941	0.03302	0.04270	0.10330	0.24274	0.03242	0.08441	0.09457	0.01210	0.04284	0.00469	0.00415	0.00117	0.04285	0.00384	0.00292	0.00528
17	0.00972	0.00893	0.03548	0.06839	0.66320	0.00874	0.03162	0.03160	0.02710	0.06741	0.00778	0.00964	0.00620	0.00352	0.00374	0.00113	0.00444	0.00340	0.00211	0.00585
18	0.02959	0.00796	0.00916	0.00739	0.01000	0.00833	0.00599	0.25661	0.24293	0.31994	0.05212	0.01261	0.01017	0.00485	0.00378	0.00118	0.00333	0.00390	0.00409	0.00608
19	0.02690	0.00744	0.00893	0.00756	0.02647	0.02444	0.02707	0.12271	0.24871	0.32276	0.09738	0.03976	0.01231	0.00518	0.00386	0.00120	0.00325	0.00432	0.00398	0.00574
20	0.06540	0.03654	0.04264	0.00783	0.02643	0.03412	0.03805	0.15998	0.27922	0.09252	0.08436	0.05296	0.04481	0.00530	0.00386	0.00120	0.01165	0.00436	0.00343	0.00534
21	0.03806	0.01040	0.02705	0.00992	0.10560	0.14698	0.00716	0.23286	0.28587	0.01584	0.01059	0.04942	0.00846	0.00480	0.00396	0.00118	0.02941	0.00378	0.00310	0.00555
22	0.00594	0.00417	0.00502	0.00510	0.00553	0.00423	0.00341	0.07820	0.00736	0.00988	0.03571	0.30378	0.01718	0.40159	0.07252	0.00277	0.00360	0.02812	0.00287	0.00303
23	0.00994	0.83883	0.05042	0.00658	0.00987	0.01462	0.00670	0.01126	0.00763	0.00894	0.00527	0.00609	0.00481	0.00322	0.00245	0.00082	0.00407	0.00203	0.00160	0.00484

[dist]
# distance from previous block
# <min> <max>
0	3

[block]
# block no. 1 follows, 73 sequences, length 14
# corresponding to MSA columns:
# 66-79
name=unknown_B
#
# <colnr> <probs for GDERKNQSTAVLIFYWHMCP>
#	G	D	E	R	K	N	Q	S	T	A	V	L	I	F	Y	W	H	M	C	P
0	0.00563	0.00441	0.00508	0.00481	0.00599	0.00418	0.00363	0.03294	0.08796	0.01344	0.42532	0.05912	0.31725	0.00812	0.00436	0.00123	0.00202	0.00698	0.00384	0.00370
1	0.00721	0.00482	0.00621	0.00589	0.00656	0.00520	0.00432	0.10704	0.06283	0.01053	0.05163	0.12021	0.01167	0.06511	0.09696	0.36031	0.03815	0.02969	0.00252	0.00314
2	0.00898	0.00855	0.01454	0.18491	0.63993	0.00889	0.03414	0.03339	0.00860	0.01204	0.00705	0.00944	0.00576	0.00345	0.00374	0.00115	0.00461	0.00337	0.00187	0.00558
3	0.06424	0.00582	0.00686	0.00587	0.00764	0.00579	0.00462	0.14671	0.05064	0.17840	0.35670	0.06656	0.07167	0.00651	0.00405	0.00119	0.00260	0.00550	0.00397	0.00466
4	0.00554	0.00380	0.00474	0.00511	0.00547	0.00374	0.00339	0.00649	0.04364	0.03935	0.01791	0.52038	0.04282	0.25301	0.00888	0.00209	0.01892	0.00845	0.00316	0.00310
5	0.00741	0.00690	0.01157	0.60568	0.19806	0.00806	0.01017	0.00974	0.00777	0.01024	0.00795	0.04204	0.00679	0.00430	0.00386	0.00126	0.00470	0.04715	0.00187	0.00447
6	0.15028	0.26284	0.25954	0.00986	0.07654	0.01029	0.11480	0.01122	0.00772	0.01171	0.00688	0.04996	0.00587	0.00378	0.00321	0.00109	0.00453	0.00308	0.00186	0.00494
7	0.00507	0.00366	0.00466	0.00519	0.00563	0.00347	0.00355	0.03848	0.00794	0.01062	0.10387	0.66760	0.06519	0.04961	0.00534	0.00156	0.00227	0.00961	0.00350	0.00320
8	0.28463	0.01081	0.05472	0.02061	0.01158	0.06091	0.00698	0.24001	0.04835	0.05910	0.05001	0.01291	0.00960	0.00574	0.00426	0.00153	0.00444	0.01814	0.00371	0.09196
9	0.05413	0.00946	0.08775	0.02371	0.05027	0.05667	0.02139	0.23273	0.07528	0.11713	0.08784	0.02914	0.00972	0.00452	0.00362	0.00108	0.00377	0.00365	0.00315	0.12499
10	0.00469	0.00341	0.00434	0.00493	0.00535	0.00314	0.00335	0.00542	0.00759	0.01003	0.10050	0.62368	0.13895	0.03991	0.00540	0.02104	0.00217	0.00958	0.00346	0.00305
11	0.00748	0.00688	0.01125	0.81223	0.02506	0.00852	0.01024	0.05495	0.00806	0.01036	0.00680	0.00995	0.00508	0.00379	0.00375	0.00124	0.00495	0.00334	0.00178	0.00429
12	0.02761	0.00826	0.01110	0.21080	0.25497	0.06421	0.00842	0.06898	0.05042	0.02759	0.02282	0.04906	0.00728	0.00416	0.00389	0.00110	0.03283	0.00353	0.00227	0.14070
13	0.00969	0.04904	0.14973	0.10099	0.23035	0.05661	0.11997	0.15032	0.02235	0.01337	0.00765	0.03270	0.00616	0.00397	0.00401	0.00117	0.03085	0.00350	0.00218	0.00538

[dist]
# distance from previous block
# <min> <max>
4	7

[block]
# block no. 2 follows, 73 sequences, length 13
# corresponding to MSA columns:
# 90-102
name=unknown_C
#
# <colnr> <probs for GDERKNQSTAVLIFYWHMCP>
#	G	D	E	R	K	N	Q	S	T	A	V	L	I	F	Y	W	H	M	C	P
0	0.00985	0.06975	0.00878	0.00740	0.05028	0.11814	0.00552	0.11893	0.11279	0.10190	0.21507	0.05395	0.06394	0.00574	0.00382	0.00113	0.00335	0.00472	0.04016	0.00478
1	0.00478	0.00344	0.00454	0.00533	0.00563	0.00327	0.00364	0.00570	0.02454	0.00985	0.03690	0.77106	0.02435	0.02879	0.00507	0.00156	0.00228	0.05265	0.00348	0.00312
2	0.02369	0.00703	0.00843	0.02909	0.02250	0.00712	0.02123	0.22325	0.10528	0.15221	0.07075	0.09488	0.07343	0.00623	0.02631	0.00127	0.00335	0.00469	0.01758	0.10168
3	0.00877	0.05019	0.04193	0.03014	0.07729	0.00708	0.07152	0.06750	0.10800	0.12046	0.08009	0.02744	0.19071	0.03046	0.04101	0.00148	0.03315	0.00492	0.00311	0.00475
4	0.00555	0.00396	0.00480	0.00492	0.00570	0.00372	0.00349	0.00712	0.05951	0.04227	0.22243	0.33655	0.18821	0.08710	0.00583	0.00155	0.00224	0.00805	0.00359	0.00342
5	0.00531	0.00388	0.00450	0.00438	0.00549	0.00339	0.00327	0.00654	0.00926	0.04897	0.32091	0.10637	0.44648	0.00884	0.00443	0.00125	0.00194	0.00758	0.00376	0.00343
6	0.03292	0.09011	0.08491	0.00941	0.06869	0.32028	0.00748	0.08101	0.04982	0.07665	0.05402	0.00960	0.00761	0.00545	0.04636	0.00132	0.04391	0.00310	0.00244	0.00490
7	0.00891	0.00834	0.03277	0.03512	0.13970	0.12577	0.05210	0.07349	0.06501	0.06127	0.06878	0.15249	0.11165	0.00638	0.00409	0.00124	0.00384	0.04149	0.00297	0.00460
8	0.00734	0.00584	0.00713	0.02214	0.03016	0.02427	0.02436	0.08132	0.18516	0.03058	0.08213	0.29456	0.04060	0.03240	0.11214	0.00198	0.00384	0.00650	0.00329	0.00426
9	0.00560	0.00409	0.00568	0.00570	0.00639	0.00459	0.00432	0.00732	0.04803	0.00967	0.04501	0.09167	0.01216	0.07018	0.59542	0.00470	0.00773	0.00478	0.06355	0.00341
10	0.04127	0.08106	0.00919	0.00651	0.04267	0.02638	0.00504	0.02923	0.00812	0.03392	0.00675	0.00776	0.00555	0.00298	0.00283	0.00066	0.00309	0.00231	0.00225	0.68242
11	0.06649	0.25918	0.05770	0.00902	0.05289	0.14948	0.08511	0.08768	0.00962	0.11829	0.03863	0.00882	0.00678	0.00387	0.00342	0.00103	0.01821	0.00296	0.00243	0.01841
12	0.07092	0.22689	0.15502	0.00792	0.01118	0.08863	0.04048	0.13097	0.03303	0.04050	0.00844	0.00907	0.04397	0.00392	0.00331	0.00100	0.01537	0.00291	0.00232	0.10414

[dist]
# distance from previous block
# <min> <max>
2	5

[block]
# block no. 3 follows, 73 sequences, length 9
# corresponding to MSA columns:
# 108-116
name=unknown_D
#
# <colnr> <probs for GDERKNQSTAVLIFYWHMCP>
#	G	D	E	R	K	N	Q	S	T	A	V	L	I	F	Y	W	H	M	C	P
0	0.01086	0.00929	0.08697	0.01056	0.12318	0.03982	0.10763	0.18758	0.05233	0.15976	0.07853	0.03220	0.06088	0.00494	0.00395	0.00119	0.00407	0.01765	0.00317	0.00544
1	0.07736	0.04418	0.02868	0.00642	0.00822	0.06996	0.00522	0.07288	0.04571	0.03092	0.04357	0.03505	0.04033	0.01386	0.33645	0.00297	0.00609	0.00376	0.00248	0.12586
2	0.00463	0.00334	0.00429	0.00502	0.00531	0.00310	0.00334	0.00525	0.00716	0.00944	0.02136	0.73382	0.08902	0.07869	0.00588	0.00167	0.00227	0.01004	0.00339	0.00300
3	0.00538	0.00402	0.00567	0.00617	0.03987	0.00373	0.03699	0.00642	0.00802	0.03048	0.14496	0.51686	0.11003	0.04000	0.00512	0.00149	0.00245	0.02552	0.00344	0.00339
4	0.02745	0.13186	0.10755	0.09908	0.25754	0.02430	0.03177	0.07070	0.02241	0.16296	0.00859	0.02505	0.00656	0.00390	0.00354	0.00111	0.00432	0.00331	0.00248	0.00553
5	0.00732	0.00530	0.00687	0.00649	0.02489	0.03146	0.03578	0.00936	0.07552	0.09893	0.13358	0.13614	0.06086	0.08071	0.22035	0.00264	0.00477	0.01645	0.00306	0.03951
6	0.00605	0.00410	0.00495	0.00493	0.00591	0.00377	0.00358	0.02887	0.02702	0.07701	0.20446	0.30921	0.25611	0.04020	0.00500	0.00141	0.00221	0.00798	0.00369	0.00357
7	0.30494	0.05002	0.03616	0.03436	0.04812	0.20394	0.00612	0.03511	0.06480	0.03433	0.04041	0.00845	0.00654	0.00389	0.00323	0.00106	0.02122	0.00271	0.00238	0.09222
8	0.05898	0.05087	0.08283	0.00946	0.11014	0.07516	0.04270	0.09528	0.03957	0.16614	0.07452	0.03177	0.00926	0.00512	0.03031	0.00124	0.01537	0.00360	0.00288	0.09480

[dist]
# distance from previous block
# <min> <max>
6	46

[block]
# block no. 4 follows, 73 sequences, length 36
# corresponding to MSA columns:
# 166-201
name=unknown_E
#
# <colnr> <probs for GDERKNQSTAVLIFYWHMCP>
#	G	D	E	R	K	N	Q	S	T	A	V	L	I	F	Y	W	H	M	C	P
0	0.07182	0.08432	0.06398	0.02029	0.16645	0.11842	0.02741	0.10789	0.11680	0.05941	0.04726	0.07014	0.00918	0.01580	0.00380	0.00117	0.00414	0.00385	0.00271	0.00516
1	0.03562	0.01936	0.08309	0.03765	0.11753	0.10102	0.04560	0.14455	0.17317	0.04666	0.07193	0.01259	0.04621	0.01770	0.00396	0.00118	0.00409	0.00384	0.00290	0.03132
2	0.05622	0.02535	0.06706	0.00679	0.00882	0.05295	0.06530	0.07851	0.08075	0.04821	0.13720	0.07375	0.21567	0.03555	0.00459	0.00129	0.01278	0.00546	0.00316	0.02061
3	0.00912	0.17687	0.29591	0.00871	0.04071	0.02922	0.03337	0.04807	0.04341	0.09466	0.05825	0.09047	0.01984	0.00476	0.00356	0.00112	0.00420	0.00390	0.00248	0.03138
4	0.00562	0.00443	0.02037	0.00487	0.00606	0.00382	0.00371	0.00730	0.02944	0.02563	0.46193	0.11371	0.16671	0.04771	0.00496	0.00129	0.00213	0.00675	0.00366	0.07992
5	0.00891	0.00634	0.00765	0.03513	0.04931	0.00660	0.00541	0.21139	0.10932	0.08737	0.04464	0.30860	0.08846	0.00755	0.00420	0.00130	0.00300	0.00654	0.00357	0.00471
6	0.02258	0.00718	0.00880	0.00648	0.00967	0.02254	0.03916	0.05462	0.00907	0.20831	0.00870	0.00907	0.00644	0.00335	0.00314	0.00077	0.00317	0.00274	0.00285	0.57136
7	0.00757	0.05894	0.79007	0.01036	0.01568	0.00887	0.01327	0.01170	0.00789	0.01168	0.00699	0.02791	0.00523	0.00374	0.00354	0.00118	0.00539	0.00292	0.00163	0.00545
8	0.00540	0.00407	0.00478	0.00469	0.00574	0.00375	0.00348	0.02085	0.04576	0.02760	0.34537	0.16752	0.32956	0.00880	0.00444	0.00127	0.00200	0.00762	0.00377	0.00353
9	0.01076	0.31130	0.11478	0.00822	0.01092	0.33844	0.01762	0.02193	0.02265	0.00997	0.04229	0.06041	0.00747	0.00427	0.00322	0.00099	0.00507	0.00307	0.00202	0.00460
10	0.01774	0.00595	0.00686	0.00626	0.00777	0.00614	0.00483	0.20019	0.09528	0.08953	0.05655	0.23642	0.09713	0.05895	0.00512	0.00146	0.00295	0.07319	0.02323	0.00446
11	0.00577	0.00383	0.00493	0.00492	0.00527	0.00401	0.00329	0.00632	0.00598	0.03857	0.01206	0.08934	0.01298	0.48787	0.29451	0.00417	0.00563	0.00534	0.00237	0.00284
12	0.00543	0.00412	0.00484	0.00474	0.00580	0.00383	0.00354	0.00740	0.06985	0.02657	0.35831	0.12121	0.31603	0.02441	0.00470	0.00131	0.00205	0.02853	0.00377	0.00355
13	0.04488	0.00784	0.01067	0.00921	0.00943	0.01071	0.00761	0.03365	0.00616	0.00975	0.00575	0.02460	0.00571	0.02766	0.05153	0.00186	0.72364	0.00346	0.00180	0.00407
14	0.00474	0.00334	0.00448	0.00519	0.00545	0.00317	0.00350	0.00539	0.00721	0.00970	0.06791	0.73043	0.02387	0.03120	0.04155	0.03417	0.00256	0.00977	0.00336	0.00302
15	0.00461	0.00332	0.00436	0.00519	0.00546	0.00309	0.00350	0.00529	0.00725	0.00961	0.02127	0.79953	0.05940	0.02396	0.00499	0.00155	0.00222	0.02890	0.00346	0.00305
16	0.00568	0.00406	0.00504	0.00477	0.00574	0.00380	0.00354	0.00758	0.04756	0.03670	0.59544	0.06135	0.13596	0.05985	0.00528	0.00136	0.00201	0.00681	0.00391	0.00358
17	0.00853	0.00954	0.02036	0.01474	0.01812	0.00910	0.73319	0.01144	0.00872	0.01190	0.03785	0.04532	0.00750	0.00382	0.00478	0.00129	0.04221	0.00472	0.00203	0.00488
18	0.00544	0.00391	0.00486	0.01760	0.00603	0.00367	0.00364	0.02373	0.02861	0.03646	0.19476	0.43296	0.18465	0.02957	0.00488	0.00142	0.00220	0.00858	0.00361	0.00341
19	0.00584	0.00415	0.00572	0.00567	0.00619	0.01525	0.00419	0.00663	0.00602	0.02515	0.01043	0.05211	0.01038	0.17385	0.54740	0.08788	0.02348	0.00445	0.00213	0.00307
20	0.00457	0.00326	0.00435	0.00522	0.00544	0.00305	0.00348	0.00522	0.00718	0.00958	0.02068	0.86570	0.02481	0.01175	0.00479	0.00152	0.00218	0.01067	0.00348	0.00305
21	0.00529	0.00412	0.00555	0.00594	0.00612	0.00449	0.00423	0.00590	0.00682	0.00932	0.01726	0.64291	0.02045	0.05983	0.00707	0.02135	0.14320	0.02392	0.00307	0.00315
22	0.01001	0.75362	0.01868	0.00744	0.04508	0.04020	0.00677	0.01122	0.00764	0.00900	0.00529	0.00632	0.00487	0.00345	0.00311	0.00087	0.05785	0.00216	0.00163	0.00480
23	0.01120	0.00980	0.03686	0.05119	0.08122	0.05350	0.08096	0.30567	0.20135	0.04566	0.01031	0.02193	0.01812	0.00460	0.00428	0.00121	0.04961	0.00376	0.00310	0.00568
24	0.14055	0.08968	0.05936	0.01133	0.14717	0.26316	0.08680	0.04830	0.00897	0.02684	0.00644	0.00788	0.00524	0.00436	0.02362	0.00122	0.05939	0.00285	0.00204	0.00483
25	0.00845	0.08068	0.24940	0.10402	0.15542	0.02079	0.21152	0.02355	0.00842	0.02044	0.03451	0.03220	0.00682	0.00387	0.00398	0.00118	0.02405	0.00364	0.00192	0.00513
26	0.00495	0.00373	0.00456	0.00489	0.00557	0.00344	0.00343	0.00603	0.02794	0.01033	0.10634	0.44714	0.21363	0.06026	0.02333	0.01342	0.00240	0.02317	0.00339	0.03205
27	0.03037	0.16940	0.17891	0.01172	0.17280	0.03737	0.11395	0.05803	0.02724	0.07236	0.03614	0.01038	0.04093	0.00394	0.00354	0.00109	0.00450	0.00339	0.00227	0.02165
28	0.00946	0.04995	0.24359	0.04893	0.22213	0.00813	0.06714	0.03330	0.01663	0.13225	0.00961	0.06159	0.02568	0.00430	0.00384	0.00116	0.01619	0.00377	0.00238	0.03999
29	0.00573	0.00377	0.00489	0.00542	0.00590	0.00357	0.00372	0.04103	0.00778	0.05921	0.01955	0.75204	0.02276	0.03890	0.00515	0.00155	0.00237	0.00978	0.00352	0.00336
30	0.01082	0.24785	0.09735	0.03497	0.05737	0.26364	0.04277	0.07363	0.02204	0.02598	0.02554	0.00864	0.01632	0.00492	0.04049	0.00123	0.01665	0.00287	0.00207	0.00484
31	0.01055	0.02837	0.15258	0.03071	0.13179	0.09860	0.06544	0.14058	0.08828	0.10079	0.03126	0.04701	0.02927	0.00460	0.00397	0.00117	0.02304	0.00384	0.00275	0.00540
32	0.00523	0.00354	0.00416	0.00438	0.00444	0.00349	0.00258	0.00540	0.00590	0.00786	0.01409	0.24011	0.01650	0.64868	0.01543	0.00310	0.00326	0.00679	0.00258	0.00247
33	0.04157	0.01550	0.01025	0.00905	0.01114	0.64327	0.00691	0.12433	0.01144	0.04710	0.04048	0.00816	0.00644	0.00413	0.00346	0.00101	0.00594	0.00277	0.00239	0.00467
34	0.04518	0.08207	0.12621	0.07385	0.12204	0.01844	0.06919	0.05397	0.06995	0.05801	0.04681	0.08346	0.04453	0.00489	0.00386	0.00116	0.02100	0.01052	0.00254	0.06233
35	0.00945	0.01006	0.06778	0.01340	0.23871	0.09215	0.10910	0.09396	0.05323	0.01223	0.00829	0.02747	0.01980	0.05333	0.01912	0.00145	0.15953	0.00373	0.00219	0.00502

[dist]
# distance from previous block
# <min> <max>
3	5

[block]
# block no. 5 follows, 73 sequences, length 7
# corresponding to MSA columns:
# 207-213
name=unknown_F
#
# <colnr> <probs for GDERKNQSTAVLIFYWHMCP>
#	G	D	E	R	K	N	Q	S	T	A	V	L	I	F	Y	W	H	M	C	P
0	0.00597	0.00429	0.00589	0.02286	0.02464	0.00415	0.02898	0.00727	0.02979	0.05570	0.20826	0.36797	0.12599	0.02882	0.00541	0.03324	0.02598	0.00782	0.00344	0.00353
1	0.00517	0.00377	0.00474	0.00532	0.00575	0.00368	0.00372	0.00646	0.05657	0.00981	0.01973	0.53364	0.06443	0.14881	0.00706	0.00186	0.00260	0.11040	0.00330	0.00315
2	0.00978	0.05133	0.05354	0.09454	0.29571	0.11943	0.08187	0.02816	0.00877	0.07741	0.00854	0.06590	0.00728	0.00507	0.03319	0.00132	0.02394	0.00377	0.02538	0.00507
3	0.02574	0.00819	0.00955	0.00943	0.11882	0.07089	0.02328	0.22898	0.07979	0.06944	0.04155	0.04853	0.00997	0.11696	0.06980	0.00187	0.04136	0.01797	0.00296	0.00492
4	0.00713	0.00681	0.00808	0.00739	0.00831	0.12944	0.05440	0.00837	0.00680	0.00890	0.00889	0.01338	0.00836	0.08540	0.52727	0.00437	0.09730	0.00384	0.00197	0.00359
5	0.01306	0.10856	0.01284	0.00989	0.01222	0.62715	0.09271	0.06085	0.01052	0.01026	0.00611	0.00716	0.00501	0.00376	0.00341	0.00099	0.00627	0.00264	0.00200	0.00459
6	0.00911	0.00986	0.06837	0.38314	0.06722	0.13708	0.06431	0.10574	0.00924	0.01159	0.00765	0.05382	0.00634	0.00477	0.02142	0.00130	0.02870	0.00363	0.00207	0.00463

[dist]
# distance from previous block
# <min> <max>
0	4

[block]
# block no. 6 follows, 73 sequences, length 20
# corresponding to MSA columns:
# 218-237
name=unknown_G
#
# <colnr> <probs for GDERKNQSTAVLIFYWHMCP>
#	G	D	E	R	K	N	Q	S	T	A	V	L	I	F	Y	W	H	M	C	P
0	0.01138	0.06030	0.01020	0.00789	0.01031	0.03229	0.00637	0.38023	0.33225	0.01809	0.01183	0.03550	0.02013	0.02621	0.00425	0.00124	0.01830	0.00392	0.00352	0.00579
1	0.00485	0.00341	0.00442	0.00519	0.00550	0.00325	0.00350	0.00585	0.03062	0.01001	0.02002	0.79115	0.02354	0.01113	0.00463	0.00148	0.00217	0.01006	0.05606	0.00316
2	0.01026	0.82207	0.01915	0.00660	0.00974	0.06237	0.00647	0.01145	0.00779	0.00885	0.00525	0.00606	0.00482	0.00325	0.00246	0.00081	0.00417	0.00203	0.00162	0.00479
3	0.00576	0.00423	0.00539	0.00557	0.00599	0.02621	0.01851	0.00645	0.00678	0.03754	0.01557	0.43586	0.01771	0.22333	0.13900	0.00271	0.02981	0.00758	0.00288	0.00312
4	0.00477	0.00377	0.00408	0.00416	0.00526	0.00322	0.00306	0.00574	0.00853	0.02709	0.09637	0.17078	0.63080	0.00963	0.00448	0.00130	0.00196	0.00820	0.00356	0.00324
5	0.01237	0.01234	0.01274	0.01020	0.01279	0.32789	0.19089	0.17745	0.06068	0.08265	0.04156	0.00987	0.00739	0.00455	0.01863	0.00120	0.00548	0.00348	0.00271	0.00513
6	0.03252	0.00702	0.00899	0.00692	0.00980	0.00652	0.00571	0.14981	0.01177	0.68331	0.02877	0.01231	0.00919	0.00465	0.00375	0.00116	0.00331	0.00373	0.00445	0.00629
7	0.00916	0.00879	0.01500	0.07092	0.79784	0.00888	0.01145	0.01140	0.00848	0.01210	0.00703	0.00933	0.00589	0.00337	0.00372	0.00112	0.00449	0.00334	0.00185	0.00584
8	0.00545	0.00380	0.00464	0.00484	0.00574	0.00340	0.00357	0.00652	0.00854	0.05878	0.16120	0.32477	0.31597	0.00978	0.00457	0.00137	0.00216	0.06782	0.00365	0.00339
9	0.00652	0.00326	0.00489	0.00489	0.00489	0.00326	0.00326	0.00489	0.00489	0.00652	0.00652	0.01140	0.00652	0.01303	0.01466	0.89084	0.00326	0.00326	0.00163	0.00163
10	0.00545	0.00366	0.00418	0.00418	0.00421	0.00369	0.00239	0.00551	0.00548	0.00734	0.01174	0.02410	0.01344	0.82918	0.05779	0.00375	0.00393	0.00539	0.00226	0.00232
11	0.00536	0.00401	0.00597	0.00597	0.00662	0.00466	0.00462	0.00666	0.00601	0.00867	0.01010	0.01504	0.00951	0.05405	0.82754	0.00596	0.00985	0.00406	0.00202	0.00332
12	0.00481	0.00380	0.00430	0.00425	0.00533	0.00339	0.00319	0.00601	0.00881	0.01136	0.23923	0.06307	0.51820	0.01043	0.07071	0.00162	0.00251	0.00730	0.02841	0.00328
13	0.01060	0.00633	0.00820	0.00670	0.00864	0.02791	0.06785	0.13158	0.01041	0.25368	0.14434	0.03840	0.03376	0.07263	0.05458	0.00161	0.00364	0.00460	0.10974	0.00478
14	0.00631	0.00567	0.00903	0.57957	0.01922	0.00670	0.00818	0.00829	0.00755	0.00965	0.01280	0.14892	0.10199	0.00665	0.03307	0.00147	0.00435	0.02455	0.00221	0.00383
15	0.12749	0.00678	0.00766	0.00632	0.00868	0.00690	0.00510	0.10956	0.15822	0.34862	0.02541	0.01336	0.05682	0.00485	0.00352	0.00115	0.00298	0.00383	0.09727	0.00547
16	0.00977	0.15399	0.03816	0.07670	0.30919	0.07349	0.03209	0.04959	0.02301	0.04345	0.00706	0.00889	0.00583	0.00476	0.03305	0.00130	0.10969	0.00311	0.01170	0.00516
17	0.00752	0.01941	0.84871	0.01069	0.01624	0.00871	0.01386	0.01188	0.00792	0.01188	0.00673	0.00792	0.00475	0.00356	0.00356	0.00119	0.00554	0.00277	0.00158	0.00554
18	0.00629	0.00484	0.00706	0.07625	0.07980	0.00483	0.03725	0.02820	0.04057	0.04341	0.04897	0.52035	0.05612	0.00906	0.00447	0.00140	0.00287	0.02121	0.00322	0.00382
19	0.02201	0.00553	0.00691	0.08464	0.00911	0.03413	0.02470	0.04762	0.07632	0.12053	0.07182	0.38002	0.06956	0.00817	0.00430	0.00135	0.00297	0.02275	0.00344	0.00413

[dist]
# distance from previous block
# <min> <max>
3	17

[block]
# block no. 7 follows, 73 sequences, length 54
# corresponding to MSA columns:
# 265-318
name=unknown_H
#
# <colnr> <probs for GDERKNQSTAVLIFYWHMCP>
#	G	D	E	R	K	N	Q	S	T	A	V	L	I	F	Y	W	H	M	C	P
0	0.00752	0.03541	0.08749	0.00652	0.00833	0.02844	0.00562	0.04259	0.09481	0.06714	0.11122	0.09939	0.11254	0.01104	0.18263	0.00221	0.03628	0.00508	0.00295	0.05280
1	0.02378	0.05570	0.11329	0.02010	0.01093	0.04759	0.00713	0.29518	0.13386	0.08513	0.05010	0.01182	0.04873	0.00492	0.00415	0.01693	0.03249	0.00367	0.00317	0.03133
2	0.00492	0.00396	0.00441	0.00446	0.00551	0.00358	0.00328	0.00654	0.05771	0.01131	0.18900	0.17978	0.49354	0.00929	0.00446	0.00130	0.00199	0.00797	0.00363	0.00338
3	0.00704	0.00628	0.01017	0.70366	0.02228	0.00758	0.00921	0.02208	0.00790	0.02673	0.03768	0.04385	0.07103	0.00464	0.00386	0.00126	0.00450	0.00408	0.00205	0.00411
4	0.01856	0.00876	0.07284	0.00693	0.00987	0.04658	0.00593	0.19978	0.04141	0.08527	0.03465	0.01105	0.00793	0.05704	0.00431	0.00107	0.00357	0.02037	0.00287	0.36122
5	0.00881	0.07707	0.37913	0.00924	0.04652	0.00825	0.02308	0.03673	0.04637	0.09876	0.04864	0.05445	0.02341	0.00458	0.00413	0.00116	0.05574	0.00364	0.00239	0.06793
6	0.00517	0.00369	0.00504	0.00590	0.00638	0.00356	0.00452	0.00625	0.00777	0.01024	0.02035	0.53335	0.02351	0.01119	0.00495	0.00161	0.00269	0.33714	0.00347	0.00321
7	0.00531	0.00408	0.00534	0.00565	0.00644	0.00388	0.02687	0.01845	0.03842	0.01075	0.06580	0.42125	0.18477	0.02231	0.00492	0.00150	0.00254	0.16488	0.00347	0.00337
8	0.02825	0.05949	0.01149	0.02410	0.30990	0.05253	0.03768	0.06036	0.01846	0.12768	0.01092	0.13305	0.02153	0.00693	0.06947	0.00155	0.00444	0.01440	0.00266	0.00510
9	0.06796	0.00611	0.00740	0.00619	0.00783	0.00629	0.00477	0.13137	0.00929	0.29233	0.03777	0.01551	0.01034	0.25289	0.07420	0.00227	0.05542	0.00417	0.00329	0.00460
10	0.00467	0.00332	0.00439	0.00518	0.00541	0.00312	0.00347	0.00533	0.00717	0.00957	0.03410	0.78218	0.02424	0.06398	0.00567	0.00165	0.00229	0.02785	0.00342	0.00302
11	0.03720	0.00758	0.01265	0.49712	0.35224	0.00857	0.01065	0.01040	0.00788	0.01089	0.00678	0.00959	0.00535	0.00358	0.00369	0.00119	0.00471	0.00329	0.00176	0.00487
12	0.00907	0.00751	0.00801	0.00712	0.00909	0.00844	0.00553	0.11936	0.57163	0.01580	0.06410	0.04888	0.07849	0.02440	0.00426	0.00131	0.00295	0.00484	0.00375	0.00545
13	0.01632	0.00696	0.00903	0.00695	0.00985	0.00640	0.00573	0.12383	0.03155	0.72056	0.01406	0.01231	0.00896	0.00464	0.00377	0.00116	0.00331	0.00373	0.00451	0.00637
14	0.01060	0.00833	0.00896	0.00764	0.00993	0.00937	0.00606	0.23493	0.52769	0.04667	0.07695	0.01370	0.01186	0.00512	0.00385	0.00122	0.00319	0.00419	0.00385	0.00589
15	0.00456	0.00330	0.00432	0.00513	0.00542	0.00306	0.00344	0.00523	0.00727	0.00961	0.02180	0.81192	0.07787	0.01161	0.00477	0.00151	0.00216	0.01049	0.00348	0.00306
16	0.00822	0.00783	0.01331	0.42664	0.44944	0.00863	0.01099	0.01058	0.00804	0.01097	0.00687	0.00963	0.00549	0.00354	0.00373	0.00118	0.00472	0.00334	0.00177	0.00509
17	0.00797	0.00787	0.01108	0.02728	0.00995	0.01092	0.00800	0.00887	0.00580	0.00902	0.00534	0.00873	0.00525	0.00810	0.07407	0.00196	0.78073	0.00334	0.00167	0.00405
18	0.01005	0.79996	0.01961	0.00705	0.01027	0.03303	0.05593	0.01136	0.00776	0.00903	0.00537	0.00628	0.00487	0.00322	0.00255	0.00083	0.00421	0.00216	0.00163	0.00482
19	0.01116	0.09288	0.01016	0.00807	0.02358	0.33383	0.00624	0.04447	0.19617	0.05349	0.03102	0.01150	0.06866	0.00460	0.00363	0.00104	0.01922	0.00341	0.00271	0.07415
20	0.02932	0.01911	0.82800	0.01055	0.01602	0.00871	0.01362	0.01186	0.00788	0.01200	0.00670	0.00788	0.00474	0.00356	0.00353	0.00119	0.00548	0.00275	0.00160	0.00551
21	0.00946	0.00812	0.00855	0.00766	0.00980	0.00939	0.00597	0.04064	0.81706	0.01590	0.01511	0.01387	0.01132	0.00508	0.00382	0.00127	0.00300	0.00422	0.00382	0.00595
22	0.00870	0.00834	0.02863	0.28321	0.18908	0.00886	0.16289	0.05064	0.13377	0.02561	0.02333	0.01077	0.00703	0.00395	0.00409	0.00122	0.02626	0.00374	0.01476	0.00511
23	0.12207	0.00629	0.00804	0.00631	0.00899	0.00571	0.00519	0.01655	0.01020	0.68321	0.07704	0.01313	0.01066	0.00473	0.00365	0.00116	0.00305	0.00379	0.00432	0.00589
24	0.01023	0.00739	0.00857	0.00762	0.00959	0.00796	0.00638	0.36761	0.08739	0.04407	0.03946	0.02372	0.01401	0.01574	0.00451	0.00141	0.00365	0.33201	0.00366	0.00504
25	0.00510	0.00380	0.00460	0.00503	0.00571	0.00356	0.00353	0.00656	0.06321	0.02406	0.07173	0.54154	0.22685	0.01040	0.00460	0.00142	0.00215	0.00922	0.00356	0.00335
26	0.00465	0.00394	0.00404	0.00399	0.00526	0.00339	0.00300	0.00597	0.03499	0.01067	0.09620	0.03481	0.75772	0.00923	0.00441	0.00126	0.00192	0.00772	0.00354	0.00328
27	0.00938	0.00848	0.00799	0.00726	0.00919	0.10113	0.00560	0.01757	0.62399	0.01454	0.01501	0.01426	0.05021	0.00509	0.00368	0.00120	0.00321	0.00414	0.09268	0.00539
28	0.07334	0.00398	0.00475	0.00523	0.00578	0.00395	0.00361	0.04779	0.00762	0.01087	0.02589	0.66179	0.03585	0.06321	0.00537	0.00158	0.00240	0.00906	0.02466	0.00326
29	0.00451	0.00355	0.00408	0.00449	0.00525	0.00312	0.00316	0.00533	0.00793	0.00994	0.04138	0.42883	0.44406	0.01054	0.00460	0.00139	0.00203	0.00920	0.00349	0.00312
30	0.00463	0.00333	0.00441	0.00524	0.00553	0.00311	0.00357	0.00534	0.00730	0.00967	0.02131	0.79664	0.05635	0.01160	0.00479	0.00152	0.00222	0.04685	0.00348	0.00307
31	0.00709	0.00667	0.01125	0.85913	0.02584	0.00834	0.01042	0.00959	0.00750	0.00959	0.00667	0.01000	0.00500	0.00375	0.00375	0.00125	0.00500	0.00333	0.00167	0.00417
32	0.01326	0.10093	0.04075	0.00893	0.01133	0.46852	0.01931	0.16685	0.01131	0.07612	0.00720	0.00807	0.00566	0.02243	0.00393	0.00108	0.02417	0.00278	0.00244	0.00493
33	0.00539	0.00389	0.00544	0.00546	0.00595	0.00435	0.00400	0.00637	0.00594	0.00845	0.01082	0.03896	0.01088	0.24551	0.60037	0.00520	0.00804	0.00455	0.01734	0.00306
34	0.00473	0.00346	0.00442	0.00510	0.00550	0.00321	0.00347	0.01839	0.00762	0.01004	0.04958	0.72859	0.11954	0.01124	0.00472	0.00148	0.00216	0.01010	0.00351	0.00313
35	0.00799	0.00631	0.00839	0.05079	0.02257	0.06523	0.09320	0.06444	0.00890	0.09883	0.06066	0.41584	0.03777	0.00806	0.00461	0.00135	0.03056	0.00720	0.00320	0.00409
36	0.04646	0.02964	0.00905	0.08693	0.01095	0.04051	0.00618	0.24030	0.22055	0.10158	0.03847	0.09599	0.01052	0.00531	0.00374	0.00120	0.00350	0.00434	0.03947	0.00531
37	0.43507	0.00940	0.00917	0.00838	0.05170	0.14462	0.04867	0.01139	0.00723	0.02833	0.00563	0.00720	0.00467	0.00428	0.00508	0.00125	0.20890	0.00261	0.00209	0.00431
38	0.00943	0.42433	0.33016	0.00895	0.04024	0.03939	0.02585	0.01189	0.00799	0.04579	0.00632	0.00728	0.00504	0.00349	0.00320	0.00100	0.02026	0.00250	0.00175	0.00517
39	0.00486	0.00382	0.00441	0.00430	0.00534	0.00342	0.00321	0.00612	0.00909	0.01183	0.34359	0.03133	0.45577	0.03822	0.05663	0.00160	0.00240	0.00717	0.00360	0.00329
40	0.01049	0.13253	0.22632	0.00903	0.01224	0.18464	0.05092	0.16043	0.06193	0.02556	0.00889	0.07421	0.01762	0.00454	0.00357	0.00111	0.00487	0.00356	0.00242	0.00514
41	0.01033	0.00911	0.01575	0.01198	0.03137	0.00911	0.41856	0.16837	0.10834	0.08746	0.01060	0.05153	0.02543	0.00437	0.00431	0.00125	0.01945	0.00448	0.00282	0.00540
42	0.01677	0.00649	0.00877	0.00672	0.00963	0.00567	0.00555	0.03881	0.01091	0.82658	0.01466	0.01267	0.00921	0.00464	0.00377	0.00116	0.00322	0.00376	0.00462	0.00638
43	0.01348	0.02037	0.00959	0.00750	0.01002	0.00847	0.00615	0.38206	0.03422	0.30057	0.01227	0.03593	0.02954	0.01693	0.05378	0.00149	0.03117	0.01681	0.00382	0.00583
44	0.04107	0.37376	0.07877	0.00842	0.01124	0.38312	0.03342	0.01295	0.00897	0.00959	0.00566	0.00663	0.00482	0.00353	0.00299	0.00093	0.00538	0.00232	0.00178	0.00465
45	0.00508	0.00350	0.00418	0.00453	0.00465	0.00339	0.00277	0.00536	0.00623	0.00827	0.01616	0.35402	0.04569	0.50445	0.01301	0.00273	0.00301	0.00758	0.00279	0.00261
46	0.00511	0.00382	0.00454	0.00439	0.00540	0.00343	0.00331	0.00659	0.00972	0.01321	0.50326	0.03042	0.31359	0.00819	0.00435	0.00121	0.00185	0.02495	0.04926	0.00341
47	0.04513	0.02295	0.31337	0.02125	0.01295	0.08160	0.00926	0.32174	0.02992	0.06566	0.00854	0.03578	0.00640	0.00430	0.00362	0.00115	0.00469	0.00328	0.00275	0.00565
48	0.00929	0.00891	0.01523	0.02303	0.84475	0.00891	0.01151	0.01151	0.00854	0.01226	0.00706	0.00929	0.00594	0.00334	0.00371	0.00111	0.00446	0.00334	0.00186	0.00594
49	0.00681	0.00513	0.00599	0.00550	0.00685	0.00519	0.00420	0.04197	0.20217	0.04106	0.45660	0.05392	0.13525	0.00724	0.00425	0.00122	0.00222	0.00626	0.00395	0.00423
50	0.00829	0.12996	0.57296	0.00973	0.01427	0.05238	0.04096	0.03896	0.00859	0.01198	0.07163	0.00929	0.00724	0.00387	0.00351	0.00113	0.00509	0.00304	0.00189	0.00524
51	0.00548	0.00372	0.00436	0.00434	0.00448	0.00373	0.00259	0.00563	0.00560	0.00757	0.01176	0.04996	0.01334	0.73583	0.09151	0.01698	0.00413	0.00539	0.00228	0.02132
52	0.00776	0.00664	0.00773	0.00562	0.00885	0.00510	0.00447	0.00970	0.03491	0.01228	0.00725	0.02626	0.00616	0.00305	0.00286	0.00060	0.00277	0.00247	0.00230	0.84323
53	0.05731	0.03863	0.29746	0.00936	0.06277	0.03552	0.00892	0.12813	0.13751	0.05857	0.00941	0.02199	0.02109	0.00422	0.00372	0.00114	0.02443	0.00328	0.01251	0.06402

[dist]
# distance from previous block
# <min> <max>
1	3

[block]
# block no. 8 follows, 73 sequences, length 40
# corresponding to MSA columns:
# 322-361
name=unknown_I
#
# <colnr> <probs for GDERKNQSTAVLIFYWHMCP>
#	G	D	E	R	K	N	Q	S	T	A	V	L	I	F	Y	W	H	M	C	P
0	0.01094	0.00509	0.00674	0.00561	0.00753	0.00449	0.00446	0.01248	0.01050	0.42677	0.36401	0.02116	0.09149	0.00633	0.00410	0.00118	0.00249	0.00539	0.00433	0.00492
1	0.21382	0.00951	0.00965	0.00761	0.01041	0.03069	0.00626	0.53465	0.02680	0.10193	0.00873	0.00874	0.00618	0.00428	0.00342	0.00114	0.00381	0.00310	0.00347	0.00580
2	0.01332	0.01372	0.01049	0.00897	0.01131	0.42454	0.00699	0.29642	0.14994	0.01523	0.00847	0.00873	0.00646	0.00429	0.00358	0.00107	0.00523	0.00305	0.00287	0.00531
3	0.02389	0.00836	0.00939	0.00713	0.01016	0.03499	0.00583	0.31308	0.01232	0.26031	0.00985	0.00963	0.00691	0.00400	0.00344	0.00096	0.00352	0.00310	0.00348	0.26964
4	0.00463	0.00337	0.00437	0.00506	0.00543	0.00311	0.00344	0.00542	0.00764	0.01017	0.10480	0.71307	0.09333	0.01116	0.00472	0.00147	0.00211	0.01005	0.00355	0.00311
5	0.02918	0.01169	0.40682	0.00788	0.01125	0.00647	0.00877	0.01082	0.02624	0.09767	0.25836	0.01633	0.04203	0.00589	0.02532	0.00132	0.00401	0.02229	0.00283	0.00483
6	0.01640	0.00667	0.00884	0.00682	0.00970	0.00599	0.00562	0.06242	0.04299	0.77070	0.01451	0.01261	0.00921	0.00465	0.00377	0.00116	0.00323	0.00377	0.00456	0.00637
7	0.00709	0.00667	0.01125	0.85913	0.02584	0.00834	0.01042	0.00959	0.00750	0.00959	0.00667	0.01000	0.00500	0.00375	0.00375	0.00125	0.00500	0.00333	0.00167	0.00417
8	0.00541	0.00407	0.00604	0.00601	0.00664	0.00476	0.00465	0.00669	0.00600	0.00865	0.01004	0.01505	0.00949	0.06407	0.80292	0.00585	0.02426	0.00407	0.00201	0.00332
9	0.00543	0.00397	0.00559	0.00569	0.00624	0.00441	0.00424	0.01735	0.00632	0.00886	0.01188	0.11166	0.01222	0.16434	0.57736	0.00490	0.00778	0.03627	0.00230	0.00318
10	0.00540	0.00387	0.00525	0.00525	0.00565	0.00427	0.00372	0.00620	0.00580	0.00813	0.01076	0.01869	0.01110	0.36653	0.51723	0.00507	0.00747	0.00460	0.00212	0.00292
11	0.00536	0.00402	0.00603	0.00603	0.00670	0.00469	0.00469	0.00670	0.00603	0.00871	0.01005	0.01474	0.00938	0.02814	0.85328	0.00603	0.01005	0.00402	0.00201	0.00335
12	0.00481	0.00351	0.00485	0.00551	0.00589	0.00329	0.01844	0.00567	0.00755	0.01010	0.07295	0.73140	0.02489	0.01123	0.00479	0.00151	0.00233	0.07464	0.00349	0.00315
13	0.06461	0.00813	0.00958	0.00738	0.01029	0.00819	0.00610	0.35231	0.01333	0.46271	0.01189	0.01085	0.00780	0.00452	0.00368	0.00115	0.00356	0.00351	0.00415	0.00625
14	0.00830	0.00791	0.01345	0.39702	0.47844	0.00866	0.01102	0.01065	0.00808	0.01106	0.00688	0.00961	0.00552	0.00353	0.00373	0.00118	0.00470	0.00334	0.00177	0.00515
15	0.00450	0.00378	0.00392	0.00397	0.00515	0.00319	0.00296	0.00548	0.00856	0.01034	0.07336	0.08712	0.74479	0.00957	0.00447	0.00128	0.00193	0.01892	0.00351	0.00318
16	0.01101	0.01216	0.01115	0.05388	0.03319	0.37357	0.07046	0.08782	0.02102	0.01084	0.00707	0.00987	0.00621	0.06443	0.02589	0.00147	0.16814	0.01581	0.01160	0.00441
17	0.01567	0.00697	0.00891	0.00697	0.00979	0.00655	0.00571	0.09287	0.11414	0.66875	0.01433	0.01258	0.00929	0.00469	0.00378	0.00117	0.00325	0.00380	0.00446	0.00633
18	0.00454	0.00380	0.00395	0.00391	0.00513	0.00321	0.00293	0.00559	0.00880	0.01073	0.13552	0.03513	0.74534	0.00928	0.00443	0.00126	0.00188	0.00778	0.00356	0.00321
19	0.00880	0.01048	0.05385	0.01562	0.01948	0.00946	0.79977	0.01201	0.00882	0.01201	0.00756	0.01004	0.00566	0.00318	0.00439	0.00126	0.00630	0.00436	0.00189	0.00508
20	0.00457	0.00326	0.00435	0.00522	0.00544	0.00305	0.00348	0.00522	0.00718	0.00958	0.02068	0.86570	0.02481	0.01175	0.00479	0.00152	0.00218	0.01067	0.00348	0.00305
21	0.01096	0.66480	0.03585	0.00710	0.01012	0.16316	0.00669	0.01220	0.00829	0.04342	0.00575	0.00647	0.00500	0.00339	0.00266	0.00085	0.00450	0.00217	0.00179	0.00481
22	0.00536	0.00402	0.00603	0.00603	0.00670	0.00469	0.00469	0.00670	0.00603	0.00871	0.01005	0.01474	0.00938	0.02814	0.85328	0.00603	0.01005	0.00402	0.00201	0.00335
23	0.01327	0.01086	0.06850	0.00867	0.01175	0.01119	0.00747	0.68938	0.10432	0.02199	0.00952	0.00946	0.00681	0.00450	0.00375	0.00115	0.00410	0.00343	0.00361	0.00628
24	0.01156	0.08255	0.01044	0.02011	0.01047	0.00921	0.03745	0.22236	0.29979	0.16454	0.03085	0.05440	0.01020	0.00505	0.00377	0.00119	0.00349	0.01317	0.00364	0.00575
25	0.01666	0.00666	0.00888	0.00681	0.00971	0.00592	0.00562	0.07266	0.01120	0.79231	0.01441	0.01252	0.00909	0.00463	0.00377	0.00116	0.00325	0.00375	0.00458	0.00638
26	0.02445	0.01263	0.01049	0.00930	0.01039	0.41811	0.00729	0.04060	0.00860	0.00972	0.00636	0.04646	0.00601	0.02508	0.00736	0.00133	0.34640	0.00323	0.00196	0.00421
27	0.00883	0.18008	0.59786	0.00965	0.01439	0.07171	0.01165	0.01223	0.00817	0.04315	0.00669	0.00766	0.00494	0.00356	0.00334	0.00110	0.00525	0.00264	0.00173	0.00535
28	0.00649	0.00505	0.03343	0.00617	0.02065	0.00524	0.02353	0.04158	0.00704	0.01069	0.01024	0.01462	0.00925	0.10881	0.42007	0.00376	0.05095	0.00394	0.21488	0.00359
29	0.00631	0.00408	0.00496	0.00461	0.00583	0.00362	0.00350	0.00774	0.00979	0.10493	0.44166	0.05018	0.30132	0.00797	0.00432	0.00121	0.00198	0.00685	0.02542	0.00372
30	0.00543	0.00447	0.00487	0.00473	0.00600	0.00424	0.00358	0.00808	0.13966	0.01202	0.19749	0.06499	0.49299	0.00855	0.00437	0.00127	0.00209	0.02782	0.00367	0.00368
31	0.08503	0.00738	0.00865	0.00702	0.00966	0.00751	0.00569	0.10415	0.25201	0.45132	0.01356	0.01219	0.00919	0.00467	0.00367	0.00119	0.00320	0.00373	0.00412	0.00607
32	0.01664	0.00669	0.00889	0.00682	0.00973	0.00596	0.00563	0.07801	0.01124	0.78690	0.01438	0.01249	0.00907	0.00463	0.00377	0.00116	0.00326	0.00374	0.00458	0.00638
33	0.01638	0.00390	0.00398	0.00401	0.00525	0.00334	0.00303	0.00573	0.01800	0.01041	0.05391	0.05892	0.75829	0.00942	0.00443	0.00128	0.00198	0.03105	0.00349	0.00322
34	0.00721	0.00680	0.01148	0.81049	0.07348	0.00837	0.01048	0.00970	0.00756	0.00974	0.00669	0.00996	0.00506	0.00373	0.00375	0.00124	0.00497	0.00333	0.00168	0.00427
35	0.00929	0.00891	0.01523	0.02303	0.84475	0.00891	0.01151	0.01151	0.00854	0.01226	0.00706	0.00929	0.00594	0.00334	0.00371	0.00111	0.00446	0.00334	0.00186	0.00594
36	0.01544	0.00634	0.00833	0.00651	0.00919	0.00572	0.00534	0.04931	0.04456	0.70047	0.03334	0.01311	0.00988	0.00471	0.00370	0.00114	0.00308	0.00383	0.06992	0.00609
37	0.00778	0.00667	0.00778	0.00556	0.00889	0.00500	0.00445	0.00945	0.00778	0.01223	0.00667	0.00778	0.00556	0.00278	0.00278	0.00056	0.00278	0.00222	0.00222	0.89108
38	0.00955	0.01065	0.01721	0.01301	0.01577	0.13934	0.49874	0.04175	0.03972	0.01164	0.00803	0.05536	0.00673	0.00427	0.00520	0.00127	0.11059	0.00427	0.00210	0.00481
39	0.01077	0.00955	0.00938	0.00813	0.01033	0.09481	0.00640	0.18537	0.55563	0.01642	0.01265	0.01203	0.00950	0.00490	0.00408	0.00123	0.03565	0.00385	0.00353	0.00580

[dist]
# distance from previous block
# <min> <max>
0	1

[block]
# block no. 9 follows, 73 sequences, length 32
# corresponding to MSA columns:
# 363-394
name=unknown_J
#
# <colnr> <probs for GDERKNQSTAVLIFYWHMCP>
#	G	D	E	R	K	N	Q	S	T	A	V	L	I	F	Y	W	H	M	C	P
0	0.00990	0.02515	0.10676	0.02413	0.23657	0.03461	0.10526	0.12636	0.07652	0.05425	0.03874	0.01011	0.00738	0.00398	0.00409	0.00112	0.04274	0.00347	0.00249	0.08638
1	0.06240	0.02294	0.00982	0.01057	0.17995	0.16723	0.03671	0.12356	0.00957	0.03193	0.01108	0.24069	0.01121	0.04126	0.02296	0.00141	0.00426	0.00520	0.00268	0.00456
2	0.01453	0.00806	0.00948	0.00740	0.01015	0.00823	0.00607	0.36468	0.06646	0.38622	0.04118	0.01182	0.00911	0.00471	0.00375	0.00114	0.00348	0.00373	0.03364	0.00616
3	0.03141	0.00650	0.00731	0.04623	0.10248	0.09344	0.00542	0.03557	0.05582	0.06231	0.08261	0.30189	0.11290	0.02057	0.01701	0.00139	0.00330	0.00660	0.00314	0.00411
4	0.89465	0.00726	0.00551	0.00493	0.00726	0.00842	0.00406	0.01103	0.00638	0.01683	0.00522	0.00609	0.00406	0.00348	0.00232	0.00116	0.00290	0.00203	0.00232	0.00406
5	0.00546	0.00364	0.00409	0.00409	0.00409	0.00364	0.00227	0.00546	0.00546	0.00727	0.01182	0.02455	0.01364	0.86815	0.01910	0.00364	0.00364	0.00546	0.00227	0.00227
6	0.00494	0.00373	0.00514	0.00555	0.00609	0.00348	0.03382	0.01783	0.00777	0.01030	0.07180	0.67451	0.09698	0.01085	0.00472	0.00147	0.00234	0.03198	0.00347	0.00322
7	0.00871	0.00985	0.02119	0.01521	0.01888	0.00926	0.78381	0.01196	0.02733	0.01203	0.00882	0.01111	0.03506	0.00343	0.00441	0.00127	0.00610	0.00455	0.00200	0.00501
8	0.01141	0.00871	0.03302	0.01001	0.01303	0.00834	0.27806	0.20579	0.07011	0.20084	0.04788	0.01341	0.07200	0.00463	0.00406	0.00120	0.00433	0.00435	0.00329	0.00553
9	0.01631	0.00677	0.00890	0.00684	0.00971	0.00613	0.00565	0.10584	0.01148	0.74058	0.03199	0.01269	0.00954	0.00469	0.00378	0.00116	0.00326	0.00380	0.00454	0.00632
10	0.01043	0.01106	0.00947	0.00887	0.03926	0.30847	0.01847	0.02673	0.33369	0.01199	0.01022	0.01111	0.00822	0.01883	0.11621	0.00183	0.04405	0.00350	0.00269	0.00490
11	0.00923	0.00886	0.01513	0.04365	0.82455	0.00890	0.01149	0.01147	0.00852	0.01219	0.00705	0.00930	0.00592	0.00335	0.00372	0.00112	0.00447	0.00334	0.00185	0.00590
12	0.00457	0.00328	0.00434	0.00519	0.00543	0.00305	0.00347	0.00523	0.00721	0.00959	0.02108	0.84664	0.04362	0.01170	0.00478	0.00152	0.00217	0.01060	0.00348	0.00305
