[name]
unknown

[dist]
# distance from previous block
# <min> <max>
0	403

[block]
# block no. 0 follows, 68 sequences, length 54
# corresponding to MSA columns:
# 404-457
name=unknown_A
#
# <colnr> <probs for GDERKNQSTAVLIFYWHMCP>
#	G	D	E	R	K	N	Q	S	T	A	V	L	I	F	Y	W	H	M	C	P
0	0.00926	0.01090	0.19991	0.04369	0.05696	0.00880	0.09854	0.01505	0.29229	0.06739	0.02055	0.05029	0.03251	0.00513	0.00446	0.00132	0.03961	0.01268	0.00297	0.02769
1	0.00897	0.00758	0.00820	0.00742	0.00939	0.00858	0.00574	0.01822	0.65716	0.01644	0.18777	0.01790	0.01742	0.00595	0.00417	0.00132	0.00287	0.00505	0.00410	0.00574
2	0.00618	0.00645	0.09529	0.00574	0.00747	0.01548	0.00500	0.02796	0.06273	0.01404	0.40654	0.04109	0.27497	0.00799	0.00452	0.00128	0.00256	0.00683	0.00379	0.00409
3	0.00507	0.00415	0.00448	0.00438	0.00564	0.00363	0.00329	0.00658	0.03244	0.01220	0.24184	0.03533	0.60824	0.00942	0.00467	0.00132	0.00200	0.00795	0.00387	0.00353
4	0.02367	0.52362	0.26094	0.00836	0.01236	0.07862	0.00912	0.01249	0.00842	0.02201	0.00617	0.00712	0.00512	0.00358	0.00300	0.00099	0.00492	0.00242	0.00177	0.00529
5	0.02247	0.31787	0.01368	0.01734	0.01062	0.27187	0.02170	0.05814	0.00964	0.02554	0.00847	0.11720	0.00816	0.01371	0.00356	0.00106	0.00484	0.00367	0.00232	0.06815
6	0.00524	0.00370	0.00447	0.00485	0.00514	0.00352	0.00310	0.00575	0.00720	0.00952	0.06570	0.39103	0.10385	0.35581	0.01113	0.00247	0.00287	0.00851	0.00320	0.00293
7	0.01479	0.06504	0.01246	0.00897	0.01216	0.01251	0.00749	0.77137	0.01797	0.02400	0.00927	0.00932	0.00664	0.00467	0.00388	0.00117	0.00436	0.00348	0.00382	0.00664
8	0.00859	0.00720	0.00854	0.00612	0.00964	0.00554	0.01559	0.03156	0.00857	0.02824	0.00728	0.00838	0.00597	0.00303	0.00301	0.00062	0.00303	0.00244	0.00243	0.83423
9	0.09833	0.01118	0.04461	0.08515	0.02875	0.18868	0.04169	0.02138	0.01709	0.02121	0.00613	0.00852	0.00530	0.00533	0.00793	0.00143	0.39750	0.00319	0.00198	0.00461
10	0.00751	0.00840	0.11597	0.00840	0.00953	0.02313	0.03618	0.00900	0.00719	0.01064	0.06141	0.08967	0.01101	0.11848	0.06315	0.00211	0.33959	0.00473	0.06983	0.00409
11	0.01481	0.01890	0.01124	0.01021	0.01226	0.84474	0.00766	0.01583	0.01124	0.00970	0.00613	0.00715	0.00511	0.00409	0.00358	0.00102	0.00715	0.00255	0.00204	0.00460
12	0.00564	0.00410	0.00509	0.00481	0.00588	0.00369	0.00362	0.00731	0.01075	0.03011	0.64487	0.03119	0.21131	0.00847	0.00467	0.00127	0.00193	0.00737	0.00423	0.00371
13	0.00533	0.00405	0.00491	0.00471	0.00578	0.00363	0.00355	0.00692	0.01050	0.01419	0.57007	0.03255	0.29043	0.00876	0.00469	0.00128	0.00194	0.01896	0.00414	0.00361
14	0.00523	0.00404	0.00477	0.00459	0.00569	0.00358	0.00344	0.00674	0.01032	0.01376	0.50600	0.03314	0.36658	0.00891	0.00468	0.00128	0.00193	0.00767	0.00408	0.00358
15	0.88866	0.00767	0.00583	0.00521	0.00767	0.00889	0.00429	0.01166	0.00675	0.01779	0.00552	0.00644	0.00429	0.00368	0.00245	0.00123	0.00307	0.00215	0.00245	0.00429
16	0.07347	0.00838	0.01102	0.42889	0.01903	0.00975	0.00876	0.30339	0.01168	0.02862	0.00842	0.02587	0.00651	0.03418	0.00444	0.00136	0.00466	0.00367	0.00271	0.00519
17	0.01481	0.01890	0.01124	0.01021	0.01226	0.84474	0.00766	0.01583	0.01124	0.00970	0.00613	0.00715	0.00511	0.00409	0.00358	0.00102	0.00715	0.00255	0.00204	0.00460
18	0.88866	0.00767	0.00583	0.00521	0.00767	0.00889	0.00429	0.01166	0.00675	0.01779	0.00552	0.00644	0.00429	0.00368	0.00245	0.00123	0.00307	0.00215	0.00245	0.00429
19	0.01488	0.01096	0.01176	0.00905	0.01217	0.01213	0.00746	0.80733	0.01843	0.02471	0.00975	0.02548	0.00711	0.00490	0.00399	0.00120	0.00432	0.00371	0.00396	0.00668
20	0.88866	0.00767	0.00583	0.00521	0.00767	0.00889	0.00429	0.01166	0.00675	0.01779	0.00552	0.00644	0.00429	0.00368	0.00245	0.00123	0.00307	0.00215	0.00245	0.00429
21	0.00981	0.00942	0.01609	0.02434	0.83592	0.00942	0.01217	0.01217	0.00903	0.01295	0.00746	0.00981	0.00628	0.00353	0.00393	0.00118	0.00471	0.00353	0.00196	0.00628
22	0.01462	0.01088	0.01164	0.00903	0.01212	0.01208	0.00743	0.75285	0.08923	0.02426	0.01010	0.00998	0.00721	0.00481	0.00397	0.00120	0.00426	0.00365	0.00397	0.00670
23	0.01481	0.01890	0.01124	0.01021	0.01226	0.84474	0.00766	0.01583	0.01124	0.00970	0.00613	0.00715	0.00511	0.00409	0.00358	0.00102	0.00715	0.00255	0.00204	0.00460
24	0.00551	0.00374	0.00440	0.00465	0.00471	0.00367	0.00275	0.00570	0.00626	0.00835	0.01504	0.25215	0.01762	0.63008	0.01607	0.00324	0.00342	0.00726	0.00275	0.00262
25	0.00577	0.00384	0.00432	0.00432	0.00432	0.00384	0.00240	0.00577	0.00577	0.00769	0.01249	0.02595	0.01441	0.86066	0.02018	0.00384	0.00384	0.00577	0.00240	0.00240
26	0.01721	0.00697	0.00928	0.00719	0.01020	0.00623	0.00594	0.06383	0.02617	0.75808	0.01544	0.01408	0.01001	0.00506	0.00402	0.00124	0.00343	0.02414	0.00481	0.00666
27	0.01772	0.00686	0.00927	0.00711	0.01018	0.00600	0.00587	0.04045	0.01154	0.81728	0.01548	0.01339	0.00973	0.00490	0.00399	0.00123	0.00340	0.00398	0.00488	0.00675
28	0.00483	0.00397	0.00425	0.00430	0.00547	0.00339	0.00318	0.00593	0.00921	0.01140	0.15183	0.11407	0.64444	0.00999	0.00472	0.00135	0.00202	0.00847	0.00378	0.00339
29	0.00796	0.00786	0.01287	0.74345	0.02611	0.04368	0.08150	0.01059	0.00819	0.01034	0.00709	0.01044	0.00534	0.00391	0.00401	0.00131	0.00548	0.00358	0.00179	0.00449
30	0.00577	0.00384	0.00432	0.00432	0.00432	0.00384	0.00240	0.00577	0.00577	0.00769	0.01249	0.02595	0.01441	0.86066	0.02018	0.00384	0.00384	0.00577	0.00240	0.00240
31	0.00818	0.00566	0.00694	0.00648	0.00767	0.00506	0.00474	0.00948	0.01242	0.05187	0.77688	0.03104	0.03718	0.00916	0.00548	0.00161	0.00267	0.00757	0.00500	0.00492
32	0.00526	0.00392	0.00496	0.00568	0.00613	0.00380	0.00388	0.00688	0.07920	0.01071	0.02212	0.75049	0.05860	0.01171	0.00496	0.00158	0.00236	0.01056	0.00371	0.00349
33	0.01491	0.01103	0.01181	0.00909	0.01223	0.01222	0.00750	0.79804	0.04357	0.02473	0.00972	0.00968	0.00691	0.00478	0.00397	0.00119	0.00433	0.00360	0.00397	0.00673
34	0.02139	0.67680	0.15809	0.00766	0.01140	0.04759	0.00811	0.01214	0.00822	0.00999	0.00581	0.00673	0.00507	0.00349	0.00279	0.00093	0.00461	0.00227	0.00172	0.00519
35	0.01353	0.32112	0.04757	0.00911	0.08288	0.01048	0.03561	0.06635	0.01890	0.34171	0.01024	0.01003	0.00729	0.00413	0.00347	0.00109	0.00408	0.00323	0.00318	0.00601
36	0.00639	0.00519	0.00674	0.00662	0.00750	0.03858	0.00512	0.00861	0.07821	0.00983	0.01097	0.01542	0.01002	0.04617	0.71895	0.00566	0.00967	0.00424	0.00229	0.00379
37	0.01156	0.01023	0.00993	0.00888	0.03594	0.13254	0.00670	0.20360	0.37254	0.03403	0.01209	0.01299	0.00952	0.07957	0.00573	0.00149	0.03948	0.00402	0.00344	0.00573
38	0.03935	0.01466	0.01160	0.03954	0.01219	0.50388	0.02241	0.01340	0.00927	0.00997	0.00587	0.00781	0.00514	0.00499	0.00665	0.00128	0.28263	0.00291	0.00194	0.00451
39	0.00545	0.00394	0.00529	0.00615	0.00672	0.00377	0.00473	0.00662	0.00830	0.01086	0.02266	0.47747	0.07601	0.01168	0.00521	0.00168	0.00283	0.33357	0.00367	0.00340
40	0.01153	0.00991	0.02503	0.09803	0.23676	0.02542	0.00896	0.30380	0.20692	0.01777	0.01018	0.01090	0.00769	0.00447	0.00396	0.00123	0.00433	0.00374	0.00315	0.00622
41	0.00811	0.00768	0.01258	0.61005	0.08727	0.00913	0.06176	0.01185	0.11373	0.01133	0.00828	0.01103	0.00629	0.00413	0.00418	0.00132	0.02064	0.00372	0.00208	0.00485
42	0.00834	0.09183	0.75203	0.01087	0.01646	0.00983	0.01382	0.03062	0.00857	0.01256	0.00703	0.00823	0.00507	0.00376	0.00367	0.00122	0.00569	0.00288	0.00173	0.00581
43	0.00827	0.10976	0.73484	0.01094	0.01650	0.00991	0.03186	0.01249	0.00836	0.01222	0.00697	0.00821	0.00505	0.00372	0.00366	0.00121	0.00571	0.00288	0.00168	0.00577
44	0.00763	0.00720	0.01216	0.79879	0.07850	0.00885	0.01108	0.01026	0.00800	0.01031	0.00707	0.01052	0.00535	0.00394	0.00396	0.00131	0.00525	0.00352	0.00177	0.00452
45	0.00912	0.00979	0.01836	0.05885	0.05729	0.06179	0.53039	0.01175	0.00912	0.02677	0.02248	0.11978	0.00906	0.00481	0.00483	0.00135	0.03190	0.00527	0.00229	0.00499
46	0.49744	0.00853	0.00817	0.00670	0.00939	0.00950	0.00553	0.24072	0.01073	0.13609	0.00807	0.00836	0.00579	0.00424	0.00336	0.00123	0.02477	0.00284	0.00321	0.00533
47	0.00494	0.00354	0.00474	0.00555	0.00581	0.00340	0.00374	0.00567	0.00741	0.00995	0.02050	0.75174	0.02434	0.04749	0.07884	0.00211	0.00309	0.01044	0.00349	0.00322
48	0.00470	0.00395	0.00409	0.00419	0.00540	0.00333	0.00309	0.00567	0.00887	0.01064	0.03801	0.13447	0.73939	0.01032	0.00473	0.00137	0.00204	0.00871	0.00368	0.00333
49	0.00801	0.00770	0.01087	0.00952	0.00967	0.01055	0.00785	0.00900	0.00614	0.00947	0.00640	0.01020	0.00625	0.01198	0.19705	0.00276	0.66696	0.00364	0.00182	0.00416
50	0.00883	0.06952	0.37864	0.01372	0.01850	0.01003	0.41825	0.01258	0.00885	0.01242	0.00747	0.00941	0.00552	0.00353	0.00415	0.00127	0.00617	0.00375	0.00184	0.00555
51	0.81046	0.00753	0.00595	0.00530	0.00768	0.00866	0.00434	0.03209	0.00733	0.01785	0.05806	0.00799	0.00645	0.00399	0.00263	0.00123	0.00302	0.00250	0.00261	0.00432
52	0.01458	0.00979	0.01073	0.00850	0.01144	0.02322	0.00693	0.48101	0.18044	0.19280	0.01208	0.01138	0.00844	0.00491	0.00398	0.00123	0.00395	0.00383	0.00415	0.00662
53	0.74932	0.00796	0.00731	0.00618	0.00873	0.00902	0.05622	0.06289	0.00781	0.01786	0.03259	0.00765	0.00562	0.00387	0.00276	0.00123	0.00334	0.00256	0.00258	0.00450

[dist]
# distance from previous block
# <min> <max>
1	4

[block]
# block no. 1 follows, 68 sequences, length 13
# corresponding to MSA columns:
# 462-474
name=unknown_B
#
# <colnr> <probs for GDERKNQSTAVLIFYWHMCP>
#	G	D	E	R	K	N	Q	S	T	A	V	L	I	F	Y	W	H	M	C	P
0	0.00590	0.00445	0.00557	0.00508	0.00632	0.00402	0.00384	0.00795	0.03332	0.01525	0.67482	0.02789	0.09451	0.00770	0.00450	0.00120	0.00201	0.00674	0.00412	0.08480
1	0.00654	0.00506	0.00781	0.00800	0.00917	0.00497	0.08112	0.00843	0.00907	0.01183	0.02035	0.07921	0.04295	0.01030	0.00536	0.00176	0.00382	0.67695	0.00350	0.00378
2	0.01505	0.01182	0.01184	0.00922	0.01229	0.08883	0.00755	0.74852	0.01796	0.02358	0.00921	0.00930	0.00659	0.00470	0.00393	0.00117	0.00462	0.00348	0.00379	0.00655
3	0.09840	0.00633	0.00797	0.00632	0.00898	0.00576	0.00518	0.01692	0.01041	0.62430	0.01424	0.01304	0.00935	0.00474	0.00364	0.00118	0.00309	0.00376	0.15038	0.00601
4	0.00716	0.00516	0.00645	0.00602	0.00685	0.00567	0.00439	0.13292	0.00804	0.01108	0.01116	0.01856	0.01112	0.33974	0.40313	0.00461	0.00709	0.00472	0.00251	0.00361
5	0.00561	0.00405	0.00530	0.00499	0.00592	0.00374	0.00374	0.00748	0.01122	0.01590	0.83383	0.02962	0.03741	0.00811	0.00468	0.00125	0.00187	0.00717	0.00436	0.00374
6	0.00795	0.02051	0.84011	0.01130	0.01716	0.00921	0.01465	0.01256	0.00837	0.01256	0.00712	0.00837	0.00502	0.00377	0.00377	0.00126	0.00586	0.00293	0.00167	0.00586
7	0.00474	0.00398	0.00411	0.00417	0.00541	0.00335	0.00309	0.00575	0.00902	0.01088	0.07214	0.09996	0.73955	0.01014	0.00471	0.00136	0.00202	0.00854	0.00371	0.00335
8	0.00599	0.00702	0.14608	0.00621	0.00815	0.00480	0.03140	0.00818	0.01004	0.01400	0.46236	0.02643	0.19311	0.00793	0.02098	0.00136	0.00289	0.00645	0.03254	0.00406
9	0.00566	0.00380	0.00436	0.00447	0.00449	0.00377	0.00255	0.00574	0.00598	0.00798	0.01360	0.12426	0.01581	0.76044	0.01839	0.00358	0.00366	0.00642	0.00255	0.00250
10	0.00995	0.50442	0.06192	0.02460	0.01128	0.05417	0.03423	0.01140	0.00775	0.00969	0.00583	0.00757	0.00530	0.00513	0.03198	0.00129	0.20419	0.00268	0.00175	0.00488
11	0.05459	0.27440	0.01377	0.00883	0.01132	0.51344	0.00717	0.01468	0.04908	0.01030	0.00639	0.00724	0.00540	0.00392	0.00323	0.00099	0.00588	0.00249	0.00205	0.00481
12	0.14470	0.03598	0.00906	0.00690	0.00964	0.00816	0.01867	0.18069	0.11795	0.08194	0.08535	0.01202	0.01009	0.03231	0.00404	0.00115	0.00335	0.00356	0.00328	0.23115

[dist]
# distance from previous block
# <min> <max>
0	22

[block]
# block no. 2 follows, 68 sequences, length 36
# corresponding to MSA columns:
# 497-532
name=unknown_C
#
# <colnr> <probs for GDERKNQSTAVLIFYWHMCP>
#	G	D	E	R	K	N	Q	S	T	A	V	L	I	F	Y	W	H	M	C	P
0	0.00559	0.00423	0.00516	0.00490	0.00596	0.00392	0.00367	0.00765	0.04593	0.01465	0.61054	0.03079	0.21103	0.02256	0.00491	0.00131	0.00199	0.00729	0.00417	0.00374
1	0.00960	0.00760	0.01013	0.16221	0.12520	0.00840	0.00752	0.16696	0.11643	0.05315	0.11940	0.03247	0.03620	0.05367	0.01633	0.00150	0.04879	0.00459	0.01467	0.00518
2	0.00485	0.00398	0.00428	0.00430	0.00548	0.00340	0.00319	0.00598	0.00929	0.01153	0.17193	0.10246	0.63575	0.00991	0.00471	0.00135	0.00201	0.00840	0.00380	0.00340
3	0.00749	0.00705	0.01189	0.85113	0.02731	0.00881	0.01101	0.01013	0.00793	0.01013	0.00705	0.01057	0.00529	0.00396	0.00396	0.00132	0.00529	0.00352	0.00176	0.00440
4	0.00749	0.00705	0.01189	0.85113	0.02731	0.00881	0.01101	0.01013	0.00793	0.01013	0.00705	0.01057	0.00529	0.00396	0.00396	0.00132	0.00529	0.00352	0.00176	0.00440
5	0.00986	0.00852	0.00897	0.00807	0.01031	0.00986	0.00628	0.02107	0.82876	0.01659	0.01614	0.01479	0.01210	0.00538	0.00403	0.00134	0.00314	0.00448	0.00403	0.00628
6	0.00500	0.00400	0.00449	0.00454	0.00566	0.00349	0.00340	0.00623	0.00945	0.01198	0.23316	0.11276	0.52718	0.00983	0.00475	0.00136	0.00207	0.04335	0.00385	0.00345
7	0.88866	0.00767	0.00583	0.00521	0.00767	0.00889	0.00429	0.01166	0.00675	0.01779	0.00552	0.00644	0.00429	0.00368	0.00245	0.00123	0.00307	0.00215	0.00245	0.00429
8	0.00529	0.00385	0.00503	0.00571	0.00622	0.00359	0.00400	0.02096	0.00798	0.01067	0.02132	0.72070	0.04298	0.01169	0.00497	0.00157	0.00247	0.07549	0.00363	0.04187
9	0.00966	0.00926	0.01581	0.07962	0.78185	0.00938	0.01209	0.01203	0.00895	0.01276	0.00743	0.00986	0.00621	0.00356	0.00393	0.00119	0.00475	0.00353	0.00195	0.00615
10	0.00981	0.00942	0.01609	0.02434	0.83592	0.00942	0.01217	0.01217	0.00903	0.01295	0.00746	0.00981	0.00628	0.00353	0.00393	0.00118	0.00471	0.00353	0.00196	0.00628
11	0.01060	0.86304	0.02078	0.00678	0.01018	0.01569	0.00678	0.01187	0.00806	0.00933	0.00551	0.00636	0.00509	0.00339	0.00254	0.00085	0.00424	0.00212	0.00170	0.00509
12	0.00935	0.46673	0.40618	0.00891	0.01346	0.01264	0.01048	0.01219	0.00820	0.01085	0.00627	0.00731	0.00506	0.00357	0.00312	0.00104	0.00500	0.00250	0.00169	0.00545
13	0.00582	0.00439	0.00633	0.00625	0.00682	0.00512	0.00474	0.00700	0.00627	0.00899	0.01065	0.01682	0.01037	0.15407	0.68213	0.00578	0.04846	0.00444	0.00215	0.00341
14	0.01259	0.00989	0.01293	0.01005	0.01301	0.01057	0.15456	0.47171	0.10992	0.04592	0.01123	0.01375	0.00883	0.02446	0.00460	0.00135	0.00454	0.07044	0.00359	0.00608
15	0.00508	0.00378	0.00475	0.00512	0.00580	0.00344	0.00365	0.00622	0.00901	0.01202	0.26774	0.42504	0.18799	0.01062	0.00489	0.00146	0.00216	0.03394	0.00388	0.00341
16	0.01256	0.47112	0.01635	0.00838	0.01114	0.40060	0.00719	0.01371	0.00953	0.00950	0.00580	0.00673	0.00510	0.00371	0.00302	0.00093	0.00559	0.00232	0.00186	0.00486
17	0.45407	0.17872	0.01048	0.01869	0.02462	0.07765	0.02213	0.05532	0.00814	0.02775	0.00636	0.00770	0.00524	0.01580	0.04137	0.00142	0.03502	0.00256	0.00232	0.00465
18	0.00897	0.00856	0.01457	0.32383	0.54301	0.00920	0.01175	0.01143	0.00863	0.01193	0.00731	0.01009	0.00592	0.00369	0.00394	0.00123	0.00492	0.00353	0.00189	0.00560
19	0.03282	0.01123	0.00970	0.00824	0.01054	0.22950	0.00647	0.31565	0.10856	0.03022	0.08923	0.03724	0.08221	0.00561	0.00399	0.00119	0.00442	0.00435	0.00345	0.00539
20	0.01225	0.00699	0.00923	0.00920	0.13346	0.00683	0.00629	0.14443	0.03093	0.29865	0.18137	0.01579	0.01455	0.00531	0.00398	0.00119	0.00324	0.00448	0.10613	0.00569
21	0.05947	0.00874	0.00968	0.00838	0.01053	0.01021	0.01780	0.10503	0.56350	0.04256	0.01344	0.01295	0.01014	0.00536	0.00499	0.00136	0.10208	0.00412	0.00367	0.00599
22	0.00894	0.00842	0.01410	0.39152	0.45177	0.00923	0.01152	0.03547	0.00883	0.01206	0.00734	0.01014	0.00585	0.00376	0.00394	0.00124	0.00496	0.00353	0.00193	0.00546
23	0.09068	0.01091	0.01142	0.00900	0.01195	0.09580	0.05672	0.47779	0.07868	0.06093	0.02145	0.00993	0.00730	0.00455	0.00382	0.00118	0.00445	0.00351	0.00352	0.03641
24	0.01012	0.71056	0.16906	0.00760	0.01144	0.01452	0.00821	0.01200	0.00811	0.00991	0.00580	0.00672	0.00508	0.00346	0.00277	0.00092	0.00453	0.00227	0.00169	0.00523
25	0.00523	0.00405	0.00488	0.00479	0.00585	0.00370	0.00362	0.00667	0.00972	0.01288	0.38820	0.05687	0.36118	0.01111	0.08303	0.00179	0.00280	0.02628	0.00384	0.00354
26	0.00775	0.00616	0.00905	0.02511	0.14869	0.00623	0.04488	0.03071	0.08697	0.03405	0.13998	0.05480	0.03127	0.03337	0.00523	0.00157	0.00363	0.32259	0.00340	0.00455
27	0.04997	0.01312	0.01173	0.32958	0.01806	0.41182	0.03849	0.05030	0.00999	0.01103	0.00666	0.00868	0.00525	0.00406	0.00385	0.00117	0.01652	0.00304	0.00204	0.00463
28	0.00740	0.00542	0.00654	0.00709	0.00789	0.00497	0.00516	0.00820	0.02995	0.01290	0.07435	0.44079	0.12660	0.03905	0.00632	0.00201	0.00333	0.20331	0.00429	0.00445
29	0.00495	0.00351	0.00461	0.00545	0.00567	0.00330	0.00362	0.00560	0.00746	0.00993	0.02098	0.76626	0.02508	0.08957	0.00644	0.00182	0.00247	0.02656	0.00356	0.00315
30	0.00771	0.01855	0.72694	0.01086	0.01621	0.00870	0.04838	0.01192	0.00848	0.01239	0.01024	0.01125	0.08236	0.00433	0.00389	0.00127	0.00554	0.00351	0.00188	0.00560
31	0.01461	0.01095	0.01138	0.00894	0.01195	0.05196	0.00730	0.64812	0.11049	0.06774	0.01045	0.01022	0.00744	0.00481	0.00396	0.00120	0.00430	0.00365	0.00393	0.00659
32	0.02545	0.00618	0.00802	0.00663	0.00895	0.00567	0.00528	0.05236	0.04849	0.51455	0.12604	0.13105	0.03059	0.00645	0.00422	0.00129	0.00303	0.00546	0.00453	0.00575
33	0.88866	0.00767	0.00583	0.00521	0.00767	0.00889	0.00429	0.01166	0.00675	0.01779	0.00552	0.00644	0.00429	0.00368	0.00245	0.00123	0.00307	0.00215	0.00245	0.00429
34	0.00568	0.00381	0.00435	0.00444	0.00446	0.00379	0.00252	0.00574	0.00594	0.00791	0.01337	0.10351	0.01552	0.78159	0.01877	0.00364	0.00370	0.00628	0.00252	0.00248
35	0.01359	0.01032	0.01091	0.00858	0.01142	0.03965	0.00698	0.66235	0.01676	0.02240	0.04607	0.06021	0.00919	0.00568	0.01827	0.00127	0.00427	0.00410	0.00380	0.04417

[dist]
# distance from previous block
# <min> <max>
0	3

[block]
# block no. 3 follows, 68 sequences, length 152
# corresponding to MSA columns:
# 536-687
name=unknown_D
#
# <colnr> <probs for GDERKNQSTAVLIFYWHMCP>
#	G	D	E	R	K	N	Q	S	T	A	V	L	I	F	Y	W	H	M	C	P
0	0.03294	0.00786	0.01098	0.33229	0.11691	0.00886	0.00893	0.16648	0.08424	0.03006	0.01096	0.01580	0.02087	0.00526	0.00414	0.00134	0.00444	0.11750	0.00279	0.01734
1	0.03051	0.01118	0.01118	0.00885	0.01174	0.09288	0.00719	0.63423	0.03659	0.05647	0.02552	0.03718	0.00800	0.00500	0.00395	0.00119	0.00443	0.00380	0.00379	0.00631
2	0.01482	0.01875	0.01125	0.01019	0.01226	0.82951	0.00766	0.03060	0.01137	0.00998	0.00619	0.00719	0.00514	0.00410	0.00358	0.00102	0.00710	0.00257	0.00208	0.00464
3	0.00856	0.06524	0.00915	0.00605	0.00953	0.02838	0.00492	0.01027	0.00829	0.01259	0.00692	0.00807	0.00580	0.00300	0.00293	0.00062	0.00314	0.00234	0.00230	0.80193
4	0.00566	0.00425	0.00637	0.00637	0.00708	0.00496	0.00496	0.00708	0.00637	0.00920	0.01062	0.01558	0.00991	0.02974	0.84494	0.00637	0.01062	0.00425	0.00212	0.00354
5	0.00882	0.00927	0.00833	0.00788	0.00897	0.27626	0.00608	0.01007	0.00792	0.00939	0.00881	0.01239	0.00804	0.01992	0.51736	0.00433	0.06649	0.00365	0.00207	0.00393
6	0.00469	0.00402	0.00402	0.00402	0.00536	0.00335	0.00301	0.00569	0.00904	0.01071	0.04017	0.03816	0.83432	0.01004	0.00469	0.00134	0.00201	0.00837	0.00368	0.00335
7	0.00561	0.00405	0.00530	0.00499	0.00592	0.00374	0.00374	0.00748	0.01122	0.01590	0.83383	0.02962	0.03741	0.00811	0.00468	0.00125	0.00187	0.00717	0.00436	0.00374
8	0.00822	0.00705	0.00822	0.00587	0.00940	0.00529	0.00470	0.00998	0.00822	0.01292	0.00705	0.00822	0.00587	0.00294	0.00294	0.00059	0.00294	0.00235	0.00235	0.88490
9	0.00936	0.01070	0.02340	0.01671	0.02072	0.01003	0.82152	0.01270	0.00936	0.01270	0.00802	0.01070	0.00602	0.00334	0.00468	0.00134	0.00668	0.00468	0.00201	0.00535
10	0.88866	0.00767	0.00583	0.00521	0.00767	0.00889	0.00429	0.01166	0.00675	0.01779	0.00552	0.00644	0.00429	0.00368	0.00245	0.00123	0.00307	0.00215	0.00245	0.00429
11	0.00787	0.00743	0.01257	0.71692	0.15856	0.00891	0.01120	0.01046	0.00811	0.01059	0.00711	0.01045	0.00545	0.00389	0.00396	0.00130	0.00519	0.00353	0.00179	0.00471
12	0.00471	0.00402	0.00404	0.00404	0.00537	0.00336	0.00303	0.00573	0.00909	0.01083	0.05763	0.03797	0.81678	0.01000	0.00469	0.00134	0.00201	0.00834	0.00370	0.00336
13	0.00970	0.00796	0.00856	0.00789	0.00982	0.00848	0.00598	0.01698	0.52998	0.01691	0.18940	0.02304	0.11385	0.00751	0.00488	0.00159	0.00326	0.02364	0.00450	0.00606
14	0.09086	0.00884	0.01014	0.00786	0.01090	0.00910	0.00648	0.38424	0.02816	0.38430	0.01200	0.01111	0.00798	0.00474	0.00385	0.00121	0.00379	0.00365	0.00425	0.00653
15	0.00490	0.00352	0.00465	0.00544	0.00576	0.00327	0.00367	0.00571	0.00797	0.01068	0.09929	0.76183	0.04466	0.01196	0.00502	0.00157	0.00225	0.01082	0.00375	0.00327
16	0.01035	0.00841	0.00898	0.00801	0.01030	0.00961	0.00625	0.02096	0.77818	0.06746	0.01611	0.01471	0.01196	0.00535	0.00403	0.00134	0.00315	0.00445	0.00409	0.00630
17	0.01444	0.01807	0.01131	0.01020	0.01214	0.77257	0.00772	0.03546	0.01110	0.01007	0.00616	0.00730	0.00515	0.00428	0.00417	0.00107	0.05945	0.00264	0.00207	0.00463
18	0.01713	0.00781	0.00986	0.00756	0.01065	0.00740	0.00624	0.21472	0.01312	0.64077	0.01415	0.01253	0.00907	0.00487	0.00398	0.00122	0.00361	0.00389	0.00468	0.00675
19	0.01012	0.00975	0.02785	0.02278	0.73233	0.00964	0.04789	0.06700	0.00968	0.01375	0.00762	0.00981	0.00628	0.00361	0.00396	0.00119	0.00479	0.00358	0.00210	0.00626
20	0.01101	0.68229	0.02848	0.00726	0.01050	0.13056	0.00687	0.01232	0.00851	0.00964	0.00571	0.00661	0.00514	0.00347	0.00273	0.00086	0.00458	0.00220	0.00178	0.05948
21	0.03042	0.00994	0.10543	0.07303	0.16263	0.02123	0.02102	0.15851	0.02247	0.17041	0.04999	0.02177	0.00848	0.00485	0.00506	0.00128	0.10856	0.00379	0.00299	0.01813
22	0.00822	0.08732	0.74841	0.01084	0.01639	0.00975	0.01376	0.01277	0.03437	0.01243	0.00727	0.00841	0.00525	0.00379	0.00368	0.00123	0.00564	0.00291	0.00175	0.00581
23	0.00732	0.00682	0.01144	0.79880	0.02597	0.00846	0.01056	0.00985	0.00791	0.01013	0.00796	0.06302	0.00658	0.00449	0.00403	0.00134	0.00510	0.00400	0.00188	0.00433
24	0.00482	0.00349	0.00456	0.00543	0.00573	0.00323	0.00364	0.00553	0.00768	0.01016	0.02299	0.80733	0.07623	0.01227	0.00504	0.00159	0.00228	0.01109	0.00368	0.00323
25	0.01212	0.06369	0.05074	0.04762	0.05062	0.14038	0.19915	0.06540	0.06462	0.18307	0.00998	0.03769	0.00760	0.00452	0.00444	0.00124	0.04475	0.00394	0.00286	0.00556
26	0.00494	0.00358	0.00464	0.00544	0.00579	0.00333	0.00367	0.01484	0.00783	0.01034	0.02317	0.78326	0.09021	0.01215	0.00502	0.00158	0.00230	0.01095	0.00368	0.00327
27	0.00482	0.00349	0.00456	0.00543	0.00573	0.00323	0.00364	0.00553	0.00768	0.01016	0.02299	0.80733	0.07623	0.01227	0.00504	0.00159	0.00228	0.01109	0.00368	0.00323
28	0.00916	0.01294	0.28174	0.03832	0.55409	0.00934	0.01294	0.01225	0.00879	0.01276	0.00734	0.00936	0.00585	0.00362	0.00388	0.00121	0.00509	0.00334	0.00187	0.00610
29	0.00889	0.32009	0.54878	0.00969	0.01468	0.01151	0.01185	0.01231	0.00826	0.01141	0.00655	0.00766	0.00505	0.00363	0.00333	0.00111	0.00528	0.00264	0.00168	0.00559
30	0.00637	0.00422	0.00554	0.00512	0.00618	0.00387	0.00387	0.00821	0.01123	0.06682	0.78320	0.02862	0.03570	0.00791	0.00463	0.00125	0.00196	0.00697	0.00440	0.00393
31	0.01216	0.00734	0.00866	0.00707	0.00940	0.00748	0.00568	0.24948	0.10488	0.24432	0.25411	0.01794	0.04184	0.00601	0.00421	0.00124	0.00315	0.00498	0.00434	0.00571
32	0.88866	0.00767	0.00583	0.00521	0.00767	0.00889	0.00429	0.01166	0.00675	0.01779	0.00552	0.00644	0.00429	0.00368	0.00245	0.00123	0.00307	0.00215	0.00245	0.00429
33	0.01698	0.00693	0.00918	0.00716	0.01014	0.00624	0.00587	0.01950	0.09495	0.75459	0.01569	0.01363	0.01005	0.00496	0.00399	0.00124	0.00335	0.00404	0.00482	0.00670
34	0.01027	0.01043	0.01484	0.09025	0.48639	0.11429	0.07937	0.02275	0.10751	0.01286	0.00837	0.01021	0.00673	0.00386	0.00396	0.00120	0.00504	0.00362	0.00223	0.00583
35	0.01038	0.00815	0.00860	0.00753	0.00932	0.06403	0.00577	0.26312	0.02261	0.01875	0.40796	0.07472	0.05075	0.00784	0.00490	0.00146	0.00351	0.02091	0.00436	0.00533
36	0.00575	0.00391	0.00466	0.00466	0.00478	0.00403	0.00282	0.00598	0.00587	0.00794	0.01219	0.02424	0.01368	0.72425	0.15558	0.00426	0.00496	0.00552	0.00236	0.00259
37	0.00818	0.09262	0.76999	0.01091	0.01656	0.00976	0.01398	0.01250	0.00834	0.01228	0.00698	0.00820	0.00503	0.00373	0.00366	0.00122	0.00572	0.00286	0.00168	0.00579
38	0.00998	0.00935	0.03307	0.04975	0.07743	0.13367	0.11651	0.04941	0.12594	0.08815	0.11870	0.06313	0.09601	0.00579	0.00423	0.00126	0.00427	0.00508	0.00319	0.00507
39	0.00946	0.00906	0.01545	0.15086	0.71218	0.00933	0.01199	0.01186	0.00886	0.01252	0.00740	0.00993	0.00613	0.00360	0.00393	0.00120	0.00480	0.00353	0.00193	0.00599
40	0.00541	0.00419	0.00606	0.09317	0.05933	0.00418	0.00496	0.00640	0.00771	0.01030	0.01945	0.71890	0.02285	0.01101	0.00488	0.00155	0.00275	0.01000	0.00338	0.00353
41	0.03167	0.01086	0.12127	0.15724	0.45492	0.04520	0.02263	0.05589	0.01908	0.03268	0.00766	0.00970	0.00603	0.00378	0.00388	0.00121	0.00498	0.00342	0.00211	0.00582
42	0.00988	0.13117	0.52434	0.01140	0.09248	0.00964	0.02346	0.01337	0.00882	0.12747	0.00813	0.00898	0.00583	0.00385	0.00366	0.00119	0.00520	0.00305	0.00216	0.00591
43	0.01526	0.01081	0.01172	0.00898	0.01215	0.01186	0.00742	0.76838	0.01815	0.08001	0.00993	0.00979	0.00695	0.00477	0.00397	0.00119	0.00430	0.00360	0.00403	0.00674
44	0.00671	0.00571	0.03339	0.00703	0.00823	0.02031	0.05504	0.03799	0.07460	0.02778	0.07599	0.42650	0.05418	0.00982	0.00485	0.00153	0.00311	0.13961	0.00359	0.00401
45	0.01020	0.01004	0.01575	0.06243	0.68153	0.07260	0.04987	0.01250	0.00920	0.02715	0.00751	0.00975	0.00619	0.00361	0.00394	0.00118	0.00499	0.00352	0.00201	0.00603
46	0.00861	0.09381	0.34543	0.02257	0.24500	0.03906	0.02132	0.01158	0.00878	0.01223	0.04879	0.05756	0.00921	0.00479	0.00392	0.00124	0.00491	0.05359	0.00214	0.00546
47	0.00627	0.00449	0.00624	0.00714	0.00802	0.00446	0.00617	0.00801	0.00903	0.01174	0.02136	0.09495	0.03620	0.01103	0.00544	0.00180	0.00354	0.74685	0.00365	0.00362
48	0.02469	0.16172	0.21109	0.06131	0.04149	0.14051	0.00886	0.02227	0.07681	0.14470	0.02185	0.01124	0.03355	0.00447	0.00365	0.00116	0.00480	0.01772	0.00264	0.00546
49	0.01069	0.03070	0.34606	0.02335	0.03450	0.15508	0.09065	0.03773	0.05101	0.10603	0.01783	0.01057	0.03410	0.00436	0.00416	0.00123	0.03046	0.00350	0.00243	0.00556
50	0.01226	0.01003	0.01018	0.00855	0.01115	0.05940	0.00681	0.31382	0.46425	0.03994	0.01312	0.01239	0.00968	0.00507	0.00398	0.00127	0.00383	0.00402	0.00392	0.00636
51	0.03012	0.09876	0.24249	0.05019	0.10610	0.26771	0.03984	0.02726	0.04361	0.01168	0.00726	0.02056	0.00586	0.00409	0.00391	0.00116	0.02901	0.00309	0.00202	0.00527
52	0.03030	0.00757	0.01069	0.09113	0.17643	0.06838	0.09527	0.01036	0.01865	0.06272	0.06147	0.09135	0.12482	0.05249	0.05306	0.00172	0.01971	0.01650	0.00275	0.00461
53	0.01001	0.11180	0.01662	0.05974	0.61735	0.04961	0.05426	0.01224	0.00898	0.01222	0.00717	0.00936	0.00602	0.00355	0.00379	0.00115	0.00490	0.00338	0.00193	0.00592
54	0.00753	0.00683	0.01118	0.56288	0.09786	0.00795	0.02766	0.02107	0.00845	0.01100	0.01116	0.01701	0.05718	0.00528	0.00422	0.00137	0.00478	0.11772	0.01444	0.00445
55	0.03378	0.12619	0.18167	0.01149	0.10956	0.03261	0.14377	0.02648	0.05924	0.12970	0.01975	0.06376	0.01705	0.00471	0.00392	0.00123	0.00471	0.02216	0.00266	0.00555
56	0.00872	0.00973	0.09010	0.29792	0.33512	0.00921	0.14160	0.01165	0.02194	0.01195	0.00773	0.02257	0.00618	0.00383	0.00406	0.00127	0.00526	0.00379	0.00194	0.00542
57	0.00564	0.00425	0.00451	0.00434	0.00576	0.00362	0.00329	0.00688	0.01997	0.06245	0.10383	0.03562	0.70690	0.00950	0.00463	0.00132	0.00210	0.00795	0.00382	0.00363
58	0.01092	0.48729	0.04900	0.03650	0.04166	0.09440	0.05777	0.05672	0.01958	0.04620	0.02705	0.02766	0.00713	0.00411	0.00324	0.00102	0.00464	0.01773	0.00219	0.00518
59	0.01013	0.04306	0.43702	0.01171	0.11484	0.01992	0.01981	0.15258	0.01987	0.07112	0.02118	0.01075	0.03389	0.00433	0.00387	0.00123	0.00503	0.01122	0.00249	0.00595
60	0.00898	0.01224	0.36916	0.00888	0.01236	0.00737	0.00955	0.03655	0.09321	0.12186	0.01352	0.10837	0.02243	0.00687	0.02419	0.00151	0.00454	0.13011	0.00297	0.00533
61	0.00515	0.00368	0.00497	0.00589	0.00625	0.00350	0.00423	0.00607	0.00791	0.01048	0.02168	0.69172	0.02553	0.01212	0.00515	0.00165	0.00258	0.17448	0.00367	0.00331
62	0.01964	0.13732	0.13769	0.03187	0.09338	0.02866	0.11803	0.13016	0.06863	0.08131	0.06094	0.01163	0.02868	0.00451	0.00413	0.00121	0.03003	0.00380	0.00275	0.00563
63	0.00906	0.11226	0.37137	0.02768	0.04869	0.03931	0.00984	0.12049	0.00931	0.01275	0.00830	0.01163	0.00712	0.14799	0.04620	0.00186	0.00534	0.00348	0.00216	0.00514
64	0.00483	0.00374	0.00441	0.00483	0.00559	0.00332	0.00340	0.00575	0.00851	0.01084	0.09518	0.43916	0.37417	0.01105	0.00487	0.00146	0.00214	0.00969	0.00374	0.00332
65	0.00981	0.12991	0.34986	0.05312	0.12409	0.15724	0.06823	0.01287	0.01874	0.01169	0.02473	0.00888	0.00608	0.00383	0.00369	0.00116	0.00563	0.00310	0.00189	0.00544
66	0.07609	0.12040	0.28198	0.01029	0.08629	0.04992	0.00954	0.08540	0.17001	0.04346	0.00915	0.00989	0.00697	0.01929	0.00389	0.00124	0.00462	0.00325	0.00257	0.00575
67	0.00820	0.00777	0.01318	0.59838	0.27450	0.00900	0.01136	0.01075	0.00826	0.01099	0.00717	0.01034	0.00559	0.00383	0.00395	0.00128	0.00511	0.00353	0.00182	0.00498
68	0.00481	0.00354	0.00451	0.00529	0.00569	0.00324	0.00358	0.00555	0.00781	0.01021	0.02468	0.73155	0.15092	0.01205	0.00500	0.00157	0.00226	0.01082	0.00368	0.00324
69	0.05811	0.11062	0.11117	0.02308	0.09354	0.16368	0.03938	0.27006	0.01232	0.06953	0.00805	0.00878	0.00603	0.00413	0.00365	0.00114	0.00504	0.00313	0.00276	0.00580
70	0.00946	0.50048	0.37336	0.00873	0.01318	0.01290	0.01017	0.01217	0.00819	0.01072	0.00620	0.00723	0.00506	0.00355	0.00307	0.00102	0.00494	0.00247	0.00169	0.00542
71	0.00507	0.00362	0.00488	0.00580	0.00613	0.00343	0.00410	0.00594	0.00783	0.01039	0.02172	0.73134	0.02569	0.01219	0.00513	0.00164	0.00251	0.13561	0.00368	0.00329
72	0.01083	0.22453	0.24052	0.01071	0.01461	0.14536	0.16693	0.08820	0.00997	0.03024	0.00734	0.00885	0.00576	0.00386	0.00366	0.00113	0.00560	0.01434	0.00211	0.00544
73	0.00791	0.02268	0.33873	0.00907	0.02255	0.00758	0.05811	0.05443	0.09131	0.02836	0.04060	0.06399	0.15062	0.00634	0.00442	0.01568	0.00430	0.06544	0.00280	0.00506
74	0.00795	0.02051	0.84011	0.01130	0.01716	0.00921	0.01465	0.01256	0.00837	0.01256	0.00712	0.00837	0.00502	0.00377	0.00377	0.00126	0.00586	0.00293	0.00167	0.00586
75	0.01012	0.00904	0.01410	0.24165	0.42620	0.00972	0.02822	0.17008	0.01060	0.01450	0.00803	0.02541	0.00646	0.00405	0.00398	0.00123	0.00479	0.00370	0.00233	0.00579
76	0.01077	0.13746	0.10225	0.06695	0.26032	0.09036	0.07469	0.02075	0.04984	0.10084	0.00904	0.02382	0.01877	0.00413	0.00387	0.00117	0.01339	0.00355	0.00238	0.00565
77	0.00917	0.33064	0.43001	0.00979	0.01419	0.02704	0.04698	0.01217	0.00820	0.01111	0.00642	0.00773	0.00510	0.00383	0.00398	0.00114	0.06263	0.00274	0.00171	0.00543
78	0.00487	0.00347	0.00459	0.00547	0.00569	0.00325	0.00363	0.00553	0.00752	0.01002	0.02147	0.82445	0.02575	0.04669	0.00567	0.00170	0.00236	0.01105	0.00363	0.00319
79	0.00850	0.01244	0.28948	0.03671	0.37167	0.03483	0.01142	0.01139	0.00888	0.01243	0.03287	0.03418	0.07370	0.00482	0.00404	0.00126	0.00479	0.03886	0.00218	0.00555
80	0.00971	0.06393	0.25244	0.03967	0.28160	0.07016	0.12077	0.04318	0.04758	0.01293	0.01660	0.00958	0.00632	0.00380	0.00389	0.00120	0.00535	0.00344	0.00207	0.00578
81	0.00572	0.00403	0.00540	0.00547	0.00590	0.00439	0.00386	0.00660	0.00632	0.00897	0.01215	0.07620	0.01263	0.32332	0.45714	0.00491	0.00726	0.00524	0.04137	0.00312
82	0.01012	0.01315	0.11594	0.07447	0.01790	0.20020	0.41823	0.01284	0.00936	0.01159	0.00772	0.03639	0.00624	0.00406	0.00466	0.00128	0.04473	0.00406	0.00200	0.00506
83	0.04009	0.14783	0.11071	0.01297	0.18481	0.07349	0.12510	0.12271	0.03322	0.06448	0.00840	0.03184	0.00671	0.00414	0.00389	0.00118	0.01674	0.00355	0.00247	0.00570
84	0.00537	0.00410	0.00568	0.00676	0.04635	0.00413	0.00445	0.00617	0.00755	0.01020	0.01980	0.72390	0.02347	0.02564	0.01777	0.00171	0.05526	0.02483	0.00343	0.00344
85	0.00968	0.21477	0.47847	0.01001	0.02835	0.05362	0.01135	0.07347	0.02779	0.02793	0.00754	0.00899	0.00583	0.00398	0.00354	0.00116	0.00526	0.02058	0.00203	0.00567
86	0.03073	0.00982	0.01314	0.33596	0.32949	0.12414	0.01051	0.04746	0.03843	0.01220	0.00747	0.00982	0.00592	0.00390	0.00386	0.00122	0.00515	0.00340	0.00207	0.00531
87	0.01095	0.19320	0.09583	0.05508	0.19089	0.14850	0.08084	0.11186	0.02487	0.01289	0.00769	0.03578	0.00644	0.00409	0.00367	0.00113	0.00518	0.00338	0.00222	0.00549
88	0.00888	0.00847	0.01441	0.35574	0.51181	0.00918	0.01170	0.01135	0.00859	0.01182	0.00729	0.01012	0.00588	0.00371	0.00394	0.00124	0.00494	0.00353	0.00188	0.00553
89	0.00946	0.00917	0.01596	0.13992	0.67197	0.00937	0.06209	0.01192	0.00889	0.01254	0.00744	0.00997	0.00612	0.00358	0.00398	0.00121	0.00491	0.00360	0.00194	0.00596
90	0.00769	0.00477	0.00574	0.00536	0.00675	0.00444	0.00415	0.04653	0.02540	0.12547	0.26704	0.09897	0.22931	0.00820	0.00445	0.00131	0.00241	0.06237	0.08548	0.00418
91	0.00606	0.00390	0.00506	0.00544	0.00586	0.00383	0.00369	0.00676	0.00732	0.06094	0.01785	0.50573	0.02028	0.19865	0.08237	0.00247	0.01649	0.00860	0.03538	0.00332
92	0.00872	0.08165	0.43611	0.02357	0.01819	0.01004	0.34025	0.01253	0.00874	0.01233	0.00736	0.00918	0.00543	0.00357	0.00404	0.00126	0.00606	0.00358	0.00181	0.00557
93	0.00573	0.00400	0.00510	0.00510	0.00537	0.00427	0.00337	0.00626	0.00600	0.00826	0.01178	0.02201	0.01271	0.54545	0.33305	0.00480	0.00641	0.00519	0.00230	0.00283
94	0.01088	0.01018	0.00896	0.00846	0.04681	0.24220	0.00621	0.04756	0.21912	0.08270	0.12577	0.03729	0.08496	0.00584	0.00423	0.00122	0.02236	0.00465	0.02552	0.00508
95	0.00479	0.00359	0.00445	0.00514	0.00565	0.00325	0.00351	0.00556	0.00796	0.01027	0.02652	0.64919	0.23210	0.01182	0.00497	0.00154	0.00223	0.01053	0.00368	0.00325
96	0.00608	0.00476	0.00674	0.00641	0.00686	0.00542	0.03032	0.00696	0.00635	0.00895	0.01163	0.10110	0.01233	0.29720	0.36806	0.00437	0.10548	0.00536	0.00232	0.00329
97	0.01036	0.78517	0.09650	0.00720	0.01082	0.01509	0.00751	0.01194	0.00809	0.00963	0.00566	0.00655	0.00508	0.00343	0.00266	0.00089	0.00439	0.00219	0.00169	0.00516
98	0.00816	0.00804	0.01212	0.71842	0.07603	0.06547	0.01079	0.01063	0.00817	0.01026	0.00696	0.01024	0.00533	0.00403	0.00420	0.00130	0.03007	0.00346	0.00179	0.00453
99	0.00802	0.03192	0.74943	0.01087	0.01624	0.03130	0.01369	0.01226	0.00831	0.01221	0.00730	0.00880	0.00536	0.00553	0.06062	0.00159	0.00619	0.00300	0.00171	0.00566
100	0.00500	0.00358	0.00471	0.00549	0.00578	0.00340	0.00372	0.00572	0.00749	0.00997	0.02103	0.69802	0.04527	0.08423	0.04176	0.00200	0.00283	0.04330	0.00351	0.00319
101	0.01352	0.02399	0.02392	0.01099	0.08908	0.48191	0.01797	0.12062	0.11254	0.04277	0.00879	0.00937	0.01834	0.00437	0.00375	0.00112	0.00580	0.00318	0.00265	0.00533
102	0.03929	0.16640	0.38423	0.00968	0.01389	0.12307	0.02490	0.08930	0.04502	0.05749	0.00773	0.00849	0.00576	0.00396	0.00354	0.00115	0.00528	0.00293	0.00225	0.00564
103	0.00500	0.00380	0.00460	0.00488	0.00567	0.00341	0.00348	0.00612	0.00907	0.01192	0.25328	0.35851	0.29502	0.01044	0.00483	0.00142	0.00209	0.00918	0.00387	0.00341
104	0.01170	0.02881	0.03619	0.00863	0.01088	0.37913	0.01588	0.10621	0.18221	0.01315	0.01428	0.02635	0.13889	0.00547	0.00391	0.00117	0.00501	0.00415	0.00294	0.00503
105	0.02178	0.10204	0.14433	0.02798	0.05024	0.25496	0.00841	0.10403	0.13094	0.06058	0.01750	0.04321	0.00778	0.00461	0.00371	0.00116	0.00509	0.00350	0.00270	0.00546
106	0.01130	0.01129	0.11027	0.01227	0.02624	0.04132	0.33324	0.17464	0.06047	0.10416	0.00997	0.02974	0.00759	0.00445	0.00450	0.00130	0.02639	0.02224	0.00286	0.00576
107	0.02866	0.00438	0.00461	0.00486	0.01504	0.02168	0.00351	0.00627	0.00885	0.01113	0.08481	0.21479	0.54165	0.01008	0.00469	0.00139	0.00226	0.02425	0.00364	0.00344
108	0.00945	0.14801	0.52022	0.01004	0.01476	0.03274	0.02080	0.11418	0.04147	0.01380	0.03372	0.00912	0.00656	0.00404	0.00365	0.00118	0.00523	0.00309	0.00215	0.00576
109	0.02128	0.06226	0.26414	0.04638	0.13637	0.09644	0.03907	0.10377	0.10336	0.06790	0.00881	0.00969	0.00657	0.00413	0.00388	0.00121	0.01304	0.00333	0.00252	0.00584
110	0.00516	0.00412	0.00480	0.02064	0.00623	0.02604	0.00377	0.00600	0.00810	0.01031	0.03689	0.56032	0.23691	0.02652	0.01465	0.00161	0.00254	0.01850	0.00357	0.00331
111	0.00998	0.28855	0.36753	0.00985	0.01420	0.06414	0.07215	0.09136	0.00954	0.01253	0.00743	0.00847	0.02011	0.00384	0.00347	0.00111	0.00527	0.00294	0.00199	0.00554
112	0.12896	0.24497	0.25183	0.00827	0.01194	0.03816	0.00865	0.14290	0.01003	0.02898	0.04212	0.01042	0.02001	0.00437	0.00340	0.00114	0.00450	0.03156	0.00244	0.00535
113	0.02112	0.13433	0.27988	0.04935	0.14236	0.10526	0.08249	0.02984	0.01635	0.02016	0.01668	0.02566	0.00678	0.00424	0.00397	0.00120	0.02404	0.02886	0.00204	0.00540
114	0.00792	0.03353	0.00928	0.04903	0.00999	0.01741	0.02901	0.02394	0.00764	0.01092	0.01058	0.01527	0.00974	0.02318	0.59550	0.00510	0.11775	0.00438	0.01536	0.00448
115	0.02053	0.10401	0.12972	0.01078	0.03143	0.25241	0.15329	0.08013	0.07581	0.06992	0.00914	0.00993	0.02686	0.00418	0.00381	0.00116	0.00555	0.00344	0.00250	0.00542
116	0.03923	0.06280	0.13013	0.03084	0.01324	0.15921	0.09651	0.13592	0.09956	0.06019	0.03689	0.01020	0.00756	0.00463	0.00481	0.00125	0.09540	0.00352	0.00269	0.00544
117	0.08585	0.00713	0.00737	0.00671	0.00842	0.06451	0.01651	0.08002	0.18206	0.07069	0.12040	0.13544	0.11277	0.03726	0.01708	0.00149	0.00332	0.03463	0.00364	0.00469
118	0.00757	0.00490	0.00626	0.00641	0.03661	0.00463	0.00459	0.05825	0.02148	0.11583	0.18482	0.30683	0.14381	0.02159	0.00492	0.00145	0.00264	0.05933	0.00391	0.00417
119	0.06832	0.11181	0.16457	0.00991	0.02416	0.04390	0.13428	0.10451	0.04916	0.05360	0.04743	0.02621	0.00826	0.02822	0.03147	0.00148	0.08115	0.00376	0.00253	0.00525
120	0.04577	0.08191	0.13612	0.01072	0.04351	0.12057	0.12928	0.28371	0.02206	0.04717	0.00866	0.03706	0.00674	0.00438	0.00385	0.00119	0.00513	0.00361	0.00279	0.00576
121	0.01330	0.01078	0.01075	0.03544	0.01186	0.10574	0.00710	0.52803	0.10248	0.03195	0.01088	0.07787	0.00882	0.02114	0.00432	0.00127	0.00439	0.00421	0.00365	0.00601
122	0.02859	0.09286	0.29303	0.02758	0.10977	0.08441	0.11043	0.07344	0.03657	0.03921	0.00785	0.02086	0.00611	0.00413	0.00426	0.00123	0.04850	0.00338	0.00218	0.00560
123	0.02070	0.12073	0.14357	0.02465	0.13778	0.05918	0.19188	0.09590	0.01022	0.06690	0.06411	0.02941	0.00859	0.00427	0.00394	0.00120	0.00504	0.00389	0.00250	0.00554
124	0.00776	0.18958	0.01001	0.07422	0.00942	0.03854	0.00565	0.06349	0.00793	0.01031	0.01047	0.10669	0.01047	0.11963	0.31497	0.00340	0.00652	0.00459	0.00233	0.00402
125	0.00636	0.00453	0.00572	0.00628	0.05749	0.00414	0.00427	0.02243	0.00921	0.06768	0.14740	0.26205	0.31390	0.03071	0.00510	0.00146	0.00249	0.04123	0.00373	0.00383
126	0.05142	0.02424	0.19083	0.01146	0.04760	0.06783	0.22617	0.10527	0.04788	0.09306	0.02556	0.03081	0.04035	0.00456	0.00408	0.00126	0.00511	0.01425	0.00271	0.00555
127	0.00880	0.08922	0.48505	0.01123	0.07417	0.07024	0.05340	0.01226	0.02015	0.03026	0.02862	0.06236	0.02803	0.00456	0.00384	0.00123	0.00527	0.00376	0.00208	0.00545
128	0.00502	0.00363	0.00473	0.00542	0.00582	0.00341	0.00374	0.00587	0.00794	0.01057	0.08652	0.63623	0.08345	0.05199	0.02564	0.00179	0.00258	0.04876	0.00364	0.00326
129	0.00987	0.19278	0.41817	0.00940	0.01359	0.07854	0.01048	0.07211	0.02329	0.05339	0.00843	0.06102	0.00693	0.00490	0.01951	0.00127	0.00522	0.00340	0.00221	0.00550
130	0.01011	0.01153	0.17122	0.03948	0.50698	0.01929	0.06492	0.04076	0.02140	0.06432	0.00811	0.00988	0.00631	0.00374	0.00395	0.00121	0.00498	0.00353	0.00219	0.00612
131	0.02060	0.00784	0.01245	0.62740	0.02361	0.04455	0.08606	0.03205	0.00836	0.01080	0.00761	0.03062	0.00607	0.00531	0.04064	0.00154	0.02430	0.00379	0.00193	0.00449
132	0.00877	0.08586	0.72432	0.01068	0.01618	0.00951	0.01349	0.01292	0.00853	0.06343	0.00752	0.00853	0.00532	0.00381	0.00368	0.00122	0.00558	0.00293	0.00188	0.00585
133	0.03773	0.04557	0.09645	0.02686	0.18807	0.06642	0.03774	0.07330	0.12858	0.15709	0.03455	0.05061	0.02972	0.00488	0.00393	0.00123	0.00427	0.00414	0.00308	0.00578
134	0.00658	0.00515	0.00681	0.00736	0.05846	0.02456	0.03236	0.02323	0.04899	0.03549	0.15999	0.41167	0.07850	0.00965	0.00478	0.00147	0.00284	0.07452	0.00365	0.00396
135	0.00657	0.00428	0.00475	0.00455	0.00584	0.00386	0.00344	0.01928	0.01981	0.07400	0.15780	0.08034	0.40922	0.00828	0.00425	0.00125	0.00212	0.00698	0.17957	0.00381
