[name]
unknown

[dist]
# distance from previous block
# <min> <max>
0	44

[block]
# block no. 0 follows, 65 sequences, length 13
# corresponding to MSA columns:
# 80-92
name=unknown_A
#
# <colnr> <probs for GDERKNQSTAVLIFYWHMCP>
#	G	D	E	R	K	N	Q	S	T	A	V	L	I	F	Y	W	H	M	C	P
0	0.01425	0.01029	0.01113	0.00878	0.01169	0.01131	0.00716	0.65280	0.06410	0.04628	0.01147	0.06728	0.00893	0.00550	0.00412	0.00126	0.00414	0.00431	0.04867	0.00655
1	0.01073	0.05334	0.07768	0.08283	0.36281	0.03577	0.04423	0.07845	0.02781	0.08304	0.06409	0.02101	0.00918	0.00443	0.00405	0.00123	0.00468	0.00396	0.02473	0.00595
2	0.00658	0.00461	0.00566	0.00547	0.00592	0.00492	0.00366	0.06090	0.00706	0.00965	0.01213	0.02239	0.01295	0.54313	0.27318	0.00461	0.00619	0.00533	0.00251	0.00315
3	0.06920	0.00890	0.01117	0.03000	0.20512	0.00987	0.01827	0.06644	0.42870	0.03026	0.03773	0.01336	0.01056	0.00543	0.01797	0.00142	0.02179	0.00422	0.00342	0.00618
4	0.03359	0.00421	0.00598	0.00575	0.00617	0.00431	0.03050	0.00638	0.00628	0.00878	0.03713	0.04459	0.03421	0.18663	0.15417	0.41687	0.00487	0.00473	0.00224	0.00262
5	0.01082	0.02487	0.04302	0.22385	0.28453	0.05623	0.05181	0.11583	0.03745	0.06692	0.00918	0.04093	0.00734	0.00445	0.00412	0.00128	0.00503	0.00397	0.00257	0.00581
6	0.01090	0.42264	0.08899	0.00946	0.01229	0.14018	0.06334	0.01253	0.00854	0.01029	0.00606	0.00770	0.00536	0.00442	0.00532	0.00117	0.18106	0.00281	0.00184	0.00512
7	0.00517	0.00368	0.00471	0.00543	0.00571	0.00346	0.00358	0.00583	0.00777	0.01032	0.04785	0.66020	0.06649	0.14025	0.00758	0.00199	0.00259	0.01052	0.00363	0.00323
8	0.00730	0.05036	0.06105	0.07612	0.02715	0.00615	0.00600	0.00896	0.02891	0.06358	0.07156	0.24023	0.13383	0.06674	0.04645	0.01563	0.05480	0.02785	0.00318	0.00416
9	0.01117	0.34014	0.03948	0.00941	0.02949	0.06246	0.12927	0.08703	0.02739	0.07845	0.01074	0.05384	0.03524	0.00502	0.00377	0.00118	0.00468	0.05033	0.01552	0.00539
10	0.00497	0.00369	0.00464	0.00540	0.00587	0.00336	0.00367	0.00575	0.00816	0.01060	0.02645	0.68877	0.18897	0.01236	0.00516	0.00161	0.00232	0.01106	0.00381	0.00336
11	0.03384	0.03933	0.05397	0.03824	0.06714	0.57318	0.03493	0.07654	0.02399	0.01203	0.00698	0.00815	0.00562	0.00419	0.00377	0.00112	0.00663	0.00292	0.00226	0.00516
12	0.03795	0.22772	0.01412	0.02253	0.05144	0.20817	0.00761	0.29980	0.03034	0.01629	0.00843	0.00909	0.01866	0.00439	0.00357	0.00110	0.00503	0.00312	0.02490	0.00575

[dist]
# distance from previous block
# <min> <max>
0	2

[block]
# block no. 1 follows, 65 sequences, length 70
# corresponding to MSA columns:
# 104-173
name=unknown_B
#
# <colnr> <probs for GDERKNQSTAVLIFYWHMCP>
#	G	D	E	R	K	N	Q	S	T	A	V	L	I	F	Y	W	H	M	C	P
0	0.00936	0.04267	0.08742	0.08713	0.34495	0.02276	0.04017	0.02803	0.05244	0.04425	0.03473	0.07677	0.02100	0.00665	0.05903	0.00163	0.00499	0.00449	0.02592	0.00559
1	0.01650	0.00909	0.01072	0.00831	0.01143	0.00926	0.00683	0.39870	0.03719	0.40482	0.01336	0.03447	0.00917	0.00523	0.00415	0.00127	0.00394	0.00414	0.00456	0.00687
2	0.00668	0.00553	0.02864	0.00693	0.00765	0.00617	0.00545	0.00831	0.04961	0.00983	0.01055	0.01615	0.01005	0.13320	0.48919	0.06171	0.11480	0.00441	0.02141	0.00371
3	0.00947	0.07366	0.05029	0.01921	0.09521	0.08701	0.05501	0.08328	0.04856	0.05387	0.01405	0.30265	0.01439	0.02957	0.00498	0.00145	0.01822	0.01970	0.01451	0.00489
4	0.01452	0.01100	0.01154	0.00912	0.01207	0.04102	0.00741	0.69897	0.03246	0.02373	0.01103	0.08774	0.00888	0.00565	0.00420	0.00127	0.00440	0.00441	0.00401	0.00656
5	0.02369	0.00831	0.02595	0.01801	0.05104	0.03418	0.02910	0.02721	0.00892	0.02215	0.00743	0.00872	0.00609	0.00323	0.00322	0.00073	0.00352	0.00264	0.00243	0.71344
6	0.00511	0.00365	0.00489	0.00584	0.00613	0.00343	0.00401	0.00591	0.00797	0.01060	0.02256	0.79663	0.02690	0.01275	0.00527	0.00168	0.00248	0.06699	0.00381	0.00337
7	0.01646	0.00912	0.01086	0.03790	0.01208	0.00934	0.00702	0.40525	0.01522	0.39674	0.01275	0.01190	0.00846	0.00497	0.00409	0.00125	0.00403	0.00390	0.02182	0.00683
8	0.00772	0.00501	0.00594	0.00553	0.00673	0.00483	0.02555	0.01007	0.06068	0.01637	0.35636	0.02303	0.04084	0.00688	0.00418	0.00127	0.00240	0.00574	0.40646	0.00441
9	0.00503	0.00410	0.00446	0.00457	0.00575	0.00353	0.00339	0.00615	0.00941	0.01165	0.12741	0.14724	0.61042	0.01052	0.00492	0.00143	0.00215	0.03048	0.00389	0.00350
10	0.10962	0.00671	0.00844	0.00669	0.00947	0.00615	0.00547	0.02977	0.01104	0.61265	0.05554	0.01409	0.01097	0.00508	0.00387	0.00124	0.00324	0.00405	0.08964	0.00625
11	0.00828	0.00802	0.01117	0.00985	0.00989	0.01093	0.00803	0.00914	0.00653	0.00994	0.00830	0.14552	0.00907	0.02319	0.01227	0.00181	0.69670	0.00494	0.00213	0.00427
12	0.00504	0.00412	0.00445	0.00445	0.00568	0.00353	0.00331	0.00622	0.00967	0.01204	0.18585	0.09469	0.62630	0.01020	0.00488	0.00139	0.00207	0.00864	0.00394	0.00353
13	0.01097	0.85821	0.02151	0.00702	0.01054	0.01624	0.00702	0.01229	0.00834	0.00966	0.00571	0.00658	0.00527	0.00351	0.00263	0.00088	0.00439	0.00219	0.00176	0.00527
14	0.00639	0.00436	0.00585	0.00599	0.00694	0.00406	0.01434	0.00791	0.00993	0.05662	0.32173	0.26177	0.09357	0.01017	0.00509	0.00153	0.00260	0.17319	0.00411	0.00386
15	0.01474	0.13297	0.01297	0.01009	0.01240	0.72797	0.00781	0.01584	0.01119	0.00999	0.00626	0.00729	0.00528	0.00413	0.00356	0.00103	0.00700	0.00258	0.00207	0.00483
16	0.01804	0.00702	0.00944	0.00727	0.01038	0.00616	0.00599	0.04175	0.01187	0.78791	0.01594	0.01389	0.01008	0.00507	0.00409	0.00126	0.00348	0.00411	0.02935	0.00690
17	0.00597	0.00400	0.00456	0.00456	0.00459	0.00402	0.00259	0.00602	0.00599	0.00802	0.01286	0.02644	0.01474	0.82326	0.05312	0.00408	0.00426	0.00591	0.00248	0.00253
18	0.00594	0.00409	0.00503	0.00503	0.00522	0.00428	0.00317	0.00632	0.00613	0.00837	0.01243	0.02408	0.01371	0.64167	0.23331	0.00466	0.00580	0.00556	0.00241	0.00279
19	0.01829	0.00719	0.00965	0.00740	0.01058	0.00634	0.00611	0.05670	0.01210	0.79578	0.01590	0.01378	0.01001	0.00507	0.00413	0.00127	0.00354	0.00411	0.00504	0.00699
20	0.00969	0.01107	0.02422	0.01730	0.02145	0.01038	0.81522	0.01315	0.00969	0.01315	0.00830	0.01107	0.00623	0.00346	0.00484	0.00138	0.00692	0.00484	0.00208	0.00554
21	0.00741	0.00443	0.00568	0.00523	0.00641	0.00414	0.00398	0.00929	0.01095	0.10046	0.57986	0.02588	0.03008	0.00835	0.03730	0.00144	0.00245	0.00638	0.14610	0.00418
22	0.00841	0.07544	0.78182	0.01140	0.01730	0.00997	0.01464	0.01295	0.00865	0.01278	0.00726	0.00853	0.00520	0.00387	0.00382	0.00127	0.00596	0.00298	0.00173	0.00601
23	0.00988	0.01060	0.02223	0.01607	0.01997	0.01006	0.71368	0.01378	0.06317	0.03623	0.00939	0.01213	0.00713	0.00380	0.00477	0.00138	0.00646	0.01918	0.01452	0.00558
24	0.00544	0.00425	0.00504	0.01890	0.00636	0.00385	0.00378	0.00702	0.02145	0.01338	0.36666	0.10883	0.37879	0.00964	0.00488	0.00139	0.00217	0.03040	0.00408	0.00369
25	0.00775	0.00730	0.01231	0.84587	0.02827	0.00912	0.01140	0.01049	0.00821	0.01049	0.00730	0.01094	0.00547	0.00410	0.00410	0.00137	0.00547	0.00365	0.00182	0.00456
26	0.00615	0.00379	0.00465	0.01602	0.00593	0.00374	0.00368	0.00742	0.00810	0.01231	0.01809	0.45004	0.01929	0.01076	0.05835	0.00171	0.00282	0.02187	0.34172	0.00357
27	0.69087	0.01977	0.00782	0.00692	0.02295	0.11088	0.02391	0.01253	0.00764	0.01667	0.00587	0.00703	0.00468	0.00401	0.00329	0.00127	0.04450	0.00242	0.00242	0.00456
28	0.00564	0.00421	0.00598	0.02318	0.03944	0.00437	0.00464	0.00665	0.00733	0.01005	0.01694	0.44723	0.01911	0.09157	0.28973	0.00352	0.00560	0.00823	0.00304	0.00352
29	0.06020	0.06909	0.01126	0.00875	0.02953	0.01958	0.00695	0.34649	0.29585	0.01977	0.01170	0.02648	0.00893	0.00497	0.00389	0.00123	0.00390	0.00389	0.00370	0.06385
30	0.00964	0.09513	0.03756	0.13962	0.23325	0.02495	0.00866	0.06916	0.05104	0.04009	0.06487	0.02976	0.06169	0.00481	0.00392	0.00117	0.00420	0.00411	0.00268	0.11368
31	0.05451	0.46469	0.16181	0.00960	0.04929	0.04259	0.06887	0.02781	0.06439	0.01193	0.00713	0.00813	0.00587	0.00379	0.00325	0.00107	0.00486	0.00282	0.00205	0.00554
32	0.01085	0.71073	0.03623	0.00712	0.01046	0.01470	0.00696	0.01296	0.06213	0.03895	0.05023	0.00873	0.00768	0.00397	0.00293	0.00096	0.00419	0.00272	0.00217	0.00535
33	0.00883	0.00729	0.00854	0.00612	0.00975	0.00549	0.00490	0.01064	0.00862	0.03952	0.00758	0.00869	0.00621	0.00311	0.00307	0.00063	0.00305	0.00249	0.00252	0.85296
34	0.00573	0.00416	0.00541	0.00517	0.00611	0.00383	0.00385	0.00757	0.01133	0.01595	0.75735	0.08139	0.05929	0.00872	0.00487	0.00132	0.00197	0.00772	0.00446	0.00383
35	0.00687	0.00443	0.00581	0.00533	0.00649	0.00405	0.00405	0.00876	0.01159	0.08630	0.74510	0.02938	0.04969	0.00814	0.00478	0.00129	0.00207	0.00716	0.00455	0.00413
36	0.00870	0.00448	0.00466	0.00436	0.00558	0.00451	0.00335	0.06234	0.00946	0.05654	0.01330	0.01488	0.01027	0.00481	0.00301	0.00099	0.00216	0.00383	0.77857	0.00419
37	0.00771	0.00530	0.00797	0.09031	0.00995	0.00511	0.06942	0.00973	0.01077	0.10278	0.50646	0.07303	0.02770	0.00730	0.00462	0.00131	0.00288	0.00656	0.04672	0.00437
38	0.00969	0.01107	0.02422	0.01730	0.02145	0.01038	0.81522	0.01315	0.00969	0.01315	0.00830	0.01107	0.00623	0.00346	0.00484	0.00138	0.00692	0.00484	0.00208	0.00554
39	0.00713	0.00357	0.00535	0.00535	0.00535	0.00357	0.00357	0.00535	0.00535	0.00713	0.00713	0.01248	0.00713	0.01426	0.01604	0.88057	0.00357	0.00357	0.00178	0.00178
40	0.03648	0.05590	0.01441	0.01157	0.05152	0.26842	0.16024	0.24109	0.06061	0.01583	0.00864	0.02469	0.00683	0.00462	0.00424	0.01707	0.00571	0.00367	0.00281	0.00565
41	0.13298	0.01076	0.01125	0.00878	0.01192	0.01194	0.00724	0.64806	0.05320	0.04901	0.00979	0.00979	0.00698	0.00481	0.00390	0.00125	0.00425	0.00355	0.00393	0.00662
42	0.00499	0.00389	0.00454	0.00495	0.00578	0.00344	0.00349	0.00595	0.00884	0.01122	0.09278	0.41243	0.40033	0.01137	0.00503	0.00151	0.00221	0.00995	0.00387	0.00344
43	0.00491	0.00413	0.00425	0.00429	0.00559	0.00348	0.00319	0.00597	0.00939	0.01133	0.07971	0.07942	0.74949	0.01042	0.00487	0.00140	0.00209	0.00875	0.00385	0.00348
44	0.01842	0.00699	0.00953	0.00730	0.01048	0.00603	0.00603	0.02000	0.01175	0.83298	0.01619	0.01397	0.01016	0.00508	0.00413	0.00127	0.00349	0.00413	0.00508	0.00699
45	0.00569	0.00419	0.00533	0.00504	0.00606	0.00382	0.00378	0.00752	0.01135	0.01581	0.73337	0.03173	0.13373	0.00863	0.00484	0.00130	0.00195	0.00757	0.00443	0.00382
46	0.07873	0.01152	0.01184	0.00919	0.01238	0.04168	0.00756	0.72975	0.01813	0.02477	0.00943	0.00954	0.00674	0.00482	0.00398	0.00123	0.00452	0.00355	0.00392	0.00672
47	0.00586	0.00440	0.00660	0.00660	0.00733	0.00513	0.00513	0.00733	0.00660	0.00953	0.01100	0.01613	0.01026	0.03079	0.83947	0.00660	0.01100	0.00440	0.00220	0.00367
48	0.03689	0.00749	0.02513	0.00793	0.03674	0.00644	0.00638	0.03988	0.01159	0.72405	0.01505	0.01329	0.00960	0.00491	0.00405	0.00125	0.00359	0.00398	0.00475	0.03700
49	0.01791	0.00694	0.00934	0.00720	0.01028	0.00607	0.00594	0.03491	0.01176	0.78340	0.01596	0.01395	0.01011	0.00507	0.00408	0.00126	0.00345	0.00411	0.04142	0.00685
50	0.00787	0.00742	0.01253	0.80429	0.06890	0.00915	0.01146	0.01059	0.00827	0.01064	0.00732	0.01090	0.00552	0.00408	0.00410	0.00136	0.00544	0.00365	0.00183	0.00466
51	0.01081	0.01047	0.05671	0.02240	0.66834	0.03172	0.04591	0.02282	0.00967	0.06945	0.00830	0.01031	0.00665	0.00379	0.00408	0.00123	0.00499	0.00368	0.00225	0.00643
52	0.00657	0.00495	0.00679	0.00653	0.00718	0.00572	0.00492	0.04789	0.00708	0.01002	0.01102	0.01777	0.01083	0.21295	0.56186	0.00544	0.06187	0.00466	0.00233	0.00362
53	0.78934	0.03982	0.00701	0.00584	0.00838	0.07010	0.00479	0.01239	0.00737	0.01749	0.00576	0.00672	0.00454	0.00383	0.00263	0.00124	0.00353	0.00225	0.00248	0.00450
54	0.00490	0.00416	0.00423	0.00421	0.00558	0.00349	0.00316	0.00599	0.00948	0.01139	0.08508	0.03902	0.78478	0.01029	0.00485	0.00138	0.00207	0.00859	0.00385	0.00349
55	0.14385	0.03384	0.01067	0.00881	0.02257	0.12221	0.00697	0.31600	0.25897	0.01940	0.01070	0.01062	0.00800	0.00481	0.00380	0.00125	0.00432	0.00358	0.00354	0.00611
56	0.00775	0.00730	0.01231	0.84587	0.02827	0.00912	0.01140	0.01049	0.00821	0.01049	0.00730	0.01094	0.00547	0.00410	0.00410	0.00137	0.00547	0.00365	0.00182	0.00456
57	0.00695	0.00548	0.00721	0.00781	0.00861	0.02818	0.00663	0.00859	0.00901	0.01179	0.01964	0.12040	0.02150	0.01085	0.00642	0.00184	0.09492	0.61682	0.00352	0.00384
58	0.01049	0.66984	0.12590	0.00782	0.01144	0.03762	0.00812	0.01227	0.00850	0.01024	0.00674	0.00891	0.00618	0.00403	0.00315	0.00100	0.01800	0.04260	0.00187	0.00527
59	0.01174	0.01009	0.01034	0.05085	0.01219	0.06592	0.00712	0.22133	0.50251	0.01845	0.01356	0.01300	0.01011	0.00518	0.00409	0.00131	0.00395	0.00416	0.00386	0.03023
60	0.00619	0.00423	0.00504	0.00503	0.00614	0.00374	0.00368	0.00738	0.00960	0.07585	0.21728	0.23870	0.35879	0.03272	0.00532	0.00149	0.00228	0.00870	0.00404	0.00377
61	0.03258	0.02464	0.14788	0.01185	0.06648	0.00851	0.24081	0.01328	0.05172	0.13594	0.01116	0.02882	0.02231	0.06743	0.00589	0.00153	0.03981	0.03705	0.00275	0.04954
62	0.01293	0.20522	0.14724	0.00964	0.01339	0.04764	0.05275	0.37808	0.04152	0.04045	0.00869	0.00918	0.00647	0.00436	0.00377	0.00117	0.00492	0.00331	0.00302	0.00626
63	0.01805	0.00688	0.00933	0.00719	0.01029	0.00596	0.00593	0.01965	0.01164	0.80532	0.01610	0.01402	0.01017	0.00507	0.00409	0.00126	0.00344	0.00412	0.03462	0.00688
64	0.00771	0.00694	0.01159	0.18444	0.25638	0.00719	0.07275	0.00969	0.00865	0.01168	0.01371	0.21069	0.02807	0.04625	0.00540	0.00158	0.00436	0.10554	0.00267	0.00472
65	0.01054	0.02845	0.19402	0.01723	0.39884	0.00934	0.04885	0.07018	0.02522	0.08842	0.00966	0.06359	0.00797	0.00454	0.00412	0.00127	0.00488	0.00412	0.00254	0.00621
66	0.00990	0.00944	0.01606	0.02422	0.78867	0.00943	0.01216	0.01225	0.00927	0.01326	0.00847	0.05257	0.00754	0.00412	0.00412	0.00124	0.00475	0.00406	0.00212	0.00634
67	0.00833	0.00455	0.00463	0.00438	0.00556	0.00469	0.00335	0.07188	0.03207	0.01617	0.01321	0.01489	0.01031	0.00482	0.00300	0.00099	0.00215	0.00384	0.78705	0.00414
68	0.02289	0.16549	0.06613	0.00838	0.05738	0.02503	0.03964	0.04027	0.00907	0.02843	0.00729	0.00847	0.00597	0.00338	0.00322	0.00082	0.00390	0.00267	0.00233	0.49925
69	0.14830	0.11339	0.01299	0.01162	0.12532	0.31949	0.00814	0.06100	0.04125	0.01411	0.02226	0.01050	0.01981	0.00511	0.00457	0.00136	0.05858	0.00339	0.01315	0.00567

[dist]
# distance from previous block
# <min> <max>
0	1

[block]
# block no. 2 follows, 65 sequences, length 20
# corresponding to MSA columns:
# 175-194
name=unknown_C
#
# <colnr> <probs for GDERKNQSTAVLIFYWHMCP>
#	G	D	E	R	K	N	Q	S	T	A	V	L	I	F	Y	W	H	M	C	P
0	0.00511	0.00378	0.00478	0.00535	0.00591	0.00345	0.00370	0.00609	0.00875	0.01159	0.16049	0.57117	0.17146	0.01168	0.00510	0.00155	0.00225	0.01043	0.00393	0.00345
1	0.00589	0.00484	0.00625	0.00728	0.10803	0.00441	0.00467	0.00741	0.01004	0.01321	0.30493	0.08099	0.39069	0.00904	0.00479	0.00136	0.00243	0.02593	0.00383	0.00398
2	0.03783	0.00536	0.00634	0.00554	0.00743	0.00462	0.00422	0.00913	0.00907	0.06356	0.14959	0.15468	0.08384	0.04144	0.00470	0.00124	0.00266	0.03611	0.08694	0.28568
3	0.11147	0.00590	0.00707	0.00590	0.00818	0.00541	0.00473	0.01371	0.01050	0.39937	0.13795	0.02106	0.18735	0.00653	0.00413	0.00128	0.00284	0.00533	0.05597	0.00531
4	0.00898	0.00898	0.01257	0.01078	0.01078	0.01257	0.00898	0.00988	0.00629	0.00988	0.00539	0.00898	0.00539	0.00718	0.01347	0.00180	0.84823	0.00359	0.00180	0.00449
5	0.01280	0.00760	0.00894	0.00760	0.01008	0.00792	0.00602	0.01953	0.42508	0.32440	0.10868	0.01655	0.01461	0.00571	0.00423	0.00133	0.00319	0.00476	0.00456	0.00638
6	0.09074	0.00707	0.00923	0.00714	0.01027	0.00630	0.00590	0.01934	0.01135	0.76498	0.01532	0.01336	0.00968	0.00497	0.00400	0.00127	0.00347	0.00397	0.00487	0.00677
7	0.00733	0.00543	0.00657	0.00601	0.00737	0.00548	0.00459	0.04155	0.16959	0.03694	0.60212	0.04374	0.03148	0.00772	0.00467	0.00132	0.00234	0.00675	0.00444	0.00457
8	0.00601	0.00403	0.00489	0.00489	0.00502	0.00416	0.00301	0.00618	0.00605	0.00819	0.01230	0.02424	0.01371	0.66791	0.16475	0.04883	0.00519	0.00557	0.00240	0.00266
9	0.00950	0.00908	0.01555	0.17514	0.63084	0.00939	0.03019	0.01194	0.00908	0.01275	0.00826	0.04462	0.00715	0.00411	0.00414	0.00127	0.00493	0.00401	0.00207	0.00599
10	0.00970	0.00992	0.05725	0.07425	0.69780	0.00943	0.01229	0.01224	0.00925	0.01313	0.00873	0.01185	0.02120	0.00407	0.00413	0.00126	0.00489	0.03032	0.00209	0.00622
11	0.83344	0.00862	0.00636	0.00570	0.00822	0.05818	0.00465	0.01232	0.00726	0.01792	0.00575	0.00671	0.00450	0.00384	0.00261	0.00126	0.00342	0.00225	0.00252	0.00446
12	0.00942	0.19192	0.56879	0.01070	0.01581	0.04673	0.02894	0.04265	0.00909	0.01260	0.00705	0.00828	0.00531	0.00393	0.00386	0.00121	0.02309	0.00292	0.00185	0.00584
13	0.01247	0.29502	0.02620	0.05179	0.04227	0.09289	0.00742	0.17632	0.05613	0.10139	0.03722	0.02030	0.00806	0.00445	0.00356	0.00109	0.00447	0.00333	0.00292	0.05272
14	0.00861	0.04254	0.03747	0.00831	0.04989	0.09017	0.00617	0.00950	0.00752	0.04317	0.03226	0.01772	0.01089	0.29571	0.07819	0.03063	0.19007	0.03485	0.00238	0.00393
15	0.00713	0.00357	0.00535	0.00535	0.00535	0.00357	0.00357	0.00535	0.00535	0.00713	0.00713	0.01248	0.00713	0.01426	0.01604	0.88057	0.00357	0.00357	0.00178	0.00178
16	0.01120	0.05361	0.09519	0.03065	0.09962	0.00991	0.23433	0.14477	0.09847	0.09898	0.01131	0.03293	0.03005	0.02459	0.00467	0.00137	0.00502	0.00440	0.00298	0.00596
17	0.00665	0.00497	0.00706	0.00683	0.00777	0.00575	0.00535	0.07278	0.00762	0.01085	0.01090	0.01562	0.01000	0.02869	0.77190	0.00616	0.01047	0.00434	0.00235	0.00393
18	0.00830	0.00809	0.06072	0.03787	0.07013	0.00879	0.00769	0.01103	0.10283	0.04049	0.10155	0.07673	0.08016	0.00843	0.05245	0.00180	0.31014	0.00517	0.00283	0.00478
19	0.01027	0.43785	0.15330	0.03348	0.05383	0.02557	0.00849	0.01233	0.00858	0.04241	0.00679	0.00793	0.00565	0.00372	0.00347	0.00099	0.03369	0.00262	0.00201	0.14703

[dist]
# distance from previous block
# <min> <max>
0	11

[block]
# block no. 3 follows, 65 sequences, length 54
# corresponding to MSA columns:
# 206-259
name=unknown_D
#
# <colnr> <probs for GDERKNQSTAVLIFYWHMCP>
#	G	D	E	R	K	N	Q	S	T	A	V	L	I	F	Y	W	H	M	C	P
0	0.00915	0.03238	0.01336	0.05800	0.11131	0.10617	0.20935	0.02807	0.00913	0.02868	0.01190	0.21163	0.01204	0.07452	0.00612	0.00158	0.03319	0.01658	0.00262	0.02420
1	0.00706	0.00581	0.00693	0.00582	0.00815	0.00460	0.00438	0.00845	0.00835	0.01223	0.01492	0.29731	0.07130	0.00689	0.00391	0.00102	0.00275	0.00601	0.00300	0.52108
2	0.02626	0.23903	0.02808	0.03932	0.01214	0.06267	0.00737	0.30500	0.09968	0.03116	0.00885	0.00931	0.00683	0.00436	0.00371	0.00110	0.01740	0.00317	0.00303	0.09155
3	0.01013	0.00759	0.01043	0.01835	0.02999	0.00657	0.09982	0.06475	0.02653	0.13336	0.06373	0.01396	0.07983	0.00456	0.00381	0.00099	0.00358	0.00398	0.00315	0.41489
4	0.04055	0.07019	0.21497	0.00920	0.04094	0.05294	0.03064	0.06301	0.06477	0.20092	0.07027	0.02498	0.03147	0.04841	0.00487	0.00140	0.00445	0.01709	0.00322	0.00570
5	0.00975	0.20724	0.07500	0.00979	0.07943	0.13308	0.05030	0.01281	0.11953	0.01188	0.03446	0.04990	0.12051	0.01332	0.01705	0.00133	0.04243	0.00446	0.00263	0.00509
6	0.00807	0.00763	0.01018	0.00906	0.00933	0.03753	0.00731	0.00905	0.00652	0.00962	0.00763	0.01249	0.00757	0.08938	0.24051	0.00328	0.51477	0.00399	0.00198	0.00409
7	0.01016	0.00975	0.01666	0.02520	0.83013	0.00975	0.01260	0.01260	0.00935	0.01341	0.00772	0.01016	0.00650	0.00366	0.00406	0.00122	0.00488	0.00366	0.00203	0.00650
8	0.00575	0.00419	0.00540	0.00510	0.00610	0.00385	0.00383	0.00763	0.01148	0.01612	0.77844	0.03122	0.08847	0.00852	0.00484	0.00130	0.00195	0.00750	0.00447	0.00385
9	0.01570	0.01063	0.01168	0.00900	0.01218	0.01152	0.00741	0.68155	0.01791	0.13584	0.01096	0.02220	0.00776	0.00506	0.00410	0.00124	0.00430	0.00387	0.02021	0.00687
10	0.00500	0.00357	0.00476	0.00572	0.00595	0.00333	0.00381	0.00572	0.00786	0.01048	0.02262	0.85306	0.02715	0.01286	0.00524	0.00167	0.00238	0.01167	0.00381	0.00333
11	0.01078	0.70970	0.13217	0.00781	0.01161	0.04885	0.00817	0.01256	0.00852	0.01013	0.00596	0.00690	0.00526	0.00359	0.00285	0.00094	0.00474	0.00233	0.00177	0.00536
12	0.00878	0.00772	0.00863	0.00630	0.00985	0.03042	0.00502	0.01094	0.03871	0.01342	0.00762	0.00873	0.00629	0.00317	0.00310	0.00065	0.00318	0.00252	0.00249	0.82248
13	0.00586	0.00440	0.00660	0.00660	0.00733	0.00513	0.00513	0.00733	0.00660	0.00953	0.01100	0.01613	0.01026	0.03079	0.83947	0.00660	0.01100	0.00440	0.00220	0.00367
14	0.00775	0.00730	0.01231	0.84587	0.02827	0.00912	0.01140	0.01049	0.00821	0.01049	0.00730	0.01094	0.00547	0.00410	0.00410	0.00137	0.00547	0.00365	0.00182	0.00456
15	0.00792	0.00754	0.01295	0.78282	0.05730	0.00919	0.04352	0.01067	0.00831	0.01070	0.00735	0.01092	0.00554	0.00406	0.00413	0.00136	0.00551	0.00370	0.00184	0.00467
16	0.00872	0.02010	0.75667	0.01183	0.01768	0.00944	0.05912	0.01329	0.00885	0.04573	0.00777	0.00901	0.00545	0.00392	0.00396	0.00130	0.00601	0.00318	0.00189	0.00607
17	0.15308	0.01073	0.01112	0.00871	0.01179	0.01192	0.00717	0.66765	0.01705	0.02428	0.00953	0.03151	0.00711	0.00496	0.00389	0.00125	0.00425	0.00367	0.00385	0.00648
18	0.00796	0.00760	0.01315	0.76723	0.05989	0.00922	0.05597	0.01072	0.00834	0.01075	0.00737	0.01092	0.00555	0.00405	0.00414	0.00136	0.00553	0.00371	0.00185	0.00469
19	0.00981	0.00934	0.01588	0.04672	0.76240	0.00938	0.01208	0.01216	0.00923	0.01317	0.00853	0.05687	0.00762	0.00418	0.00413	0.00125	0.00475	0.00410	0.00212	0.00627
20	0.00558	0.00421	0.00478	0.00483	0.00599	0.00369	0.00362	0.00676	0.00951	0.03599	0.16593	0.13293	0.49746	0.04115	0.00551	0.00153	0.00231	0.06068	0.00391	0.00361
21	0.00583	0.00414	0.00505	0.00544	0.00606	0.00392	0.00384	0.02145	0.00828	0.02360	0.04371	0.35377	0.17688	0.20738	0.00880	0.00215	0.00292	0.10987	0.00354	0.00336
22	0.03046	0.00997	0.01473	0.23593	0.47461	0.07471	0.02348	0.06334	0.00981	0.01329	0.00760	0.01006	0.00612	0.00390	0.00403	0.00125	0.00520	0.00356	0.00213	0.00583
23	0.00505	0.00411	0.00446	0.00453	0.00571	0.00354	0.00335	0.00618	0.00946	0.01175	0.15039	0.12450	0.60305	0.02496	0.00518	0.00146	0.00215	0.02278	0.00389	0.00350
24	0.00570	0.00401	0.00463	0.00475	0.00511	0.00385	0.00302	0.00617	0.00729	0.00956	0.07973	0.12573	0.14528	0.52709	0.01473	0.00302	0.00334	0.04105	0.00305	0.00290
25	0.02512	0.00980	0.01636	0.07855	0.35774	0.02980	0.19809	0.06428	0.04531	0.01365	0.00831	0.01076	0.00672	0.00558	0.05116	0.00161	0.06516	0.00397	0.00226	0.00579
26	0.02573	0.14104	0.22859	0.06186	0.15199	0.04546	0.08195	0.15401	0.02561	0.01468	0.00813	0.02815	0.00647	0.00420	0.00387	0.00122	0.00525	0.00352	0.00236	0.00591
27	0.02023	0.00860	0.11200	0.06587	0.05259	0.03776	0.00737	0.07883	0.00833	0.03550	0.00978	0.03084	0.02196	0.12129	0.15756	0.11933	0.10132	0.00420	0.00235	0.00429
28	0.00817	0.00450	0.00486	0.00459	0.00566	0.00458	0.00342	0.05339	0.02218	0.04464	0.03526	0.01679	0.01162	0.10696	0.05012	0.00166	0.00287	0.00422	0.61052	0.00399
29	0.05957	0.68046	0.01904	0.02651	0.01094	0.03769	0.00697	0.06238	0.00902	0.01129	0.00613	0.00708	0.00541	0.00393	0.01198	0.00099	0.00447	0.00237	0.00198	0.03179
30	0.00681	0.00536	0.00697	0.01998	0.08186	0.01643	0.00527	0.07783	0.00958	0.01284	0.11550	0.47682	0.06987	0.02344	0.00535	0.00156	0.01926	0.03756	0.00365	0.00407
31	0.00673	0.00452	0.00583	0.00537	0.00654	0.00420	0.00407	0.00892	0.03655	0.06908	0.72887	0.02935	0.05783	0.00815	0.00478	0.00130	0.00208	0.00716	0.00452	0.00414
32	0.00838	0.03851	0.76540	0.01196	0.01785	0.00973	0.06601	0.01299	0.00872	0.01294	0.00739	0.00878	0.00527	0.00386	0.00393	0.00130	0.00609	0.00313	0.00176	0.00602
33	0.00963	0.00916	0.01547	0.04740	0.72744	0.00922	0.01176	0.01197	0.00916	0.01302	0.00927	0.01171	0.04016	0.00545	0.05037	0.00153	0.00512	0.00390	0.00211	0.00616
34	0.11865	0.00699	0.00897	0.00700	0.01002	0.00632	0.00577	0.01863	0.01119	0.70846	0.04464	0.01373	0.01054	0.00505	0.00397	0.00127	0.00340	0.00403	0.00476	0.00658
35	0.06374	0.01130	0.01197	0.00922	0.01246	0.01253	0.00762	0.77189	0.01862	0.02546	0.00963	0.00968	0.00684	0.00487	0.00402	0.00123	0.00444	0.00361	0.00402	0.00684
36	0.00586	0.00433	0.00544	0.00520	0.00623	0.00400	0.00391	0.02504	0.01122	0.01551	0.64114	0.07729	0.14567	0.00890	0.00487	0.00134	0.00207	0.02378	0.00436	0.00385
37	0.01097	0.85821	0.02151	0.00702	0.01054	0.01624	0.00702	0.01229	0.00834	0.00966	0.00571	0.00658	0.00527	0.00351	0.00263	0.00088	0.00439	0.00219	0.00176	0.00527
38	0.00823	0.02123	0.83447	0.01170	0.01777	0.00953	0.01517	0.01300	0.00867	0.01300	0.00737	0.00867	0.00520	0.00390	0.00390	0.00130	0.00607	0.00303	0.00173	0.00607
39	0.04655	0.00653	0.00751	0.00631	0.00829	0.00662	0.00502	0.19447	0.03127	0.16235	0.27309	0.01839	0.01847	0.00600	0.00402	0.00120	0.00287	0.00495	0.19091	0.00520
40	0.00594	0.00410	0.00511	0.00511	0.00532	0.00432	0.00327	0.00637	0.00616	0.00843	0.01236	0.02368	0.01354	0.61087	0.26387	0.00476	0.00606	0.00550	0.00240	0.00284
41	0.00522	0.00385	0.00492	0.00561	0.00618	0.00355	0.00401	0.00621	0.00858	0.01125	0.08929	0.56271	0.16281	0.01193	0.00519	0.00161	0.00245	0.09732	0.00386	0.00345
42	0.01091	0.83751	0.04161	0.00714	0.01071	0.01608	0.00723	0.01231	0.00835	0.00974	0.00575	0.00664	0.00527	0.00352	0.00267	0.00089	0.00443	0.00222	0.00176	0.00529
43	0.00525	0.00373	0.00479	0.00554	0.00583	0.00353	0.00371	0.00592	0.00769	0.01017	0.02172	0.63378	0.05852	0.15628	0.00791	0.00206	0.00272	0.05405	0.00358	0.00322
44	0.76318	0.00833	0.00685	0.00591	0.00856	0.00955	0.00487	0.10625	0.00853	0.03808	0.00644	0.00721	0.00487	0.00397	0.00276	0.00127	0.00334	0.00244	0.00278	0.00480
45	0.00805	0.00786	0.03086	0.64341	0.07168	0.02724	0.01069	0.01065	0.00847	0.01103	0.00830	0.01303	0.00681	0.00450	0.00412	0.00133	0.00521	0.05857	0.00202	0.06616
46	0.00700	0.00634	0.04331	0.04134	0.06550	0.04871	0.01998	0.00857	0.02384	0.03859	0.05639	0.45349	0.08187	0.00964	0.00479	0.00149	0.00327	0.04296	0.01279	0.03014
47	0.00630	0.00414	0.00496	0.00475	0.00581	0.00383	0.00356	0.00806	0.01048	0.03034	0.48379	0.04849	0.15252	0.00791	0.00438	0.00124	0.00199	0.00682	0.20676	0.00384
48	0.00581	0.00413	0.00528	0.00538	0.00569	0.00435	0.00360	0.00641	0.00652	0.00891	0.01435	0.13339	0.03881	0.44697	0.27721	0.00440	0.01687	0.00628	0.00260	0.00303
49	0.04265	0.02284	0.13962	0.04183	0.16116	0.08933	0.17430	0.10497	0.02083	0.05709	0.00876	0.02158	0.00688	0.00627	0.06950	0.00169	0.01868	0.00384	0.00247	0.00570
50	0.03457	0.04517	0.08348	0.14892	0.30017	0.00914	0.04965	0.03964	0.06356	0.02425	0.03007	0.06707	0.02092	0.00510	0.00430	0.00132	0.01830	0.03479	0.01405	0.00553
51	0.00741	0.00431	0.00563	0.00590	0.00683	0.00390	0.00427	0.00840	0.00886	0.15322	0.03692	0.55422	0.11896	0.01107	0.00502	0.00157	0.00261	0.05288	0.00404	0.00402
52	0.00575	0.00411	0.00527	0.02319	0.00685	0.00397	0.00441	0.00710	0.02338	0.01155	0.05685	0.43356	0.10771	0.04701	0.00572	0.00170	0.00274	0.17575	0.06983	0.00355
53	0.06026	0.03652	0.22188	0.00911	0.05138	0.01984	0.06138	0.04120	0.02055	0.06812	0.02072	0.10331	0.05725	0.17124	0.00745	0.00187	0.00445	0.03594	0.00276	0.00478

[dist]
# distance from previous block
# <min> <max>
0	15

[block]
# block no. 4 follows, 65 sequences, length 8
# corresponding to MSA columns:
# 275-282
name=unknown_E
#
# <colnr> <probs for GDERKNQSTAVLIFYWHMCP>
#	G	D	E	R	K	N	Q	S	T	A	V	L	I	F	Y	W	H	M	C	P
0	0.08695	0.08799	0.08708	0.03026	0.04542	0.02102	0.04917	0.05352	0.03994	0.09704	0.01506	0.18006	0.05176	0.01961	0.02062	0.00165	0.03086	0.07337	0.00333	0.00528
1	0.02745	0.00492	0.02527	0.00582	0.03164	0.00465	0.00380	0.03511	0.00729	0.00992	0.01608	0.15492	0.07409	0.51500	0.04319	0.00315	0.00391	0.02776	0.00284	0.00318
2	0.04859	0.03118	0.04198	0.04017	0.11502	0.05752	0.10620	0.07013	0.02364	0.03438	0.03938	0.01012	0.00749	0.00379	0.00366	0.00099	0.00432	0.00330	0.00256	0.35559
3	0.02493	0.08515	0.19205	0.00972	0.04064	0.04685	0.09132	0.07575	0.05883	0.07710	0.04244	0.06051	0.04882	0.05339	0.02177	0.00153	0.00476	0.02617	0.00285	0.03543
4	0.00509	0.00384	0.00473	0.00535	0.00600	0.00348	0.00378	0.00601	0.00854	0.01099	0.05849	0.53419	0.26240	0.01188	0.00514	0.00158	0.00236	0.05891	0.00384	0.00342
5	0.03272	0.04491	0.03395	0.36857	0.07647	0.05669	0.17621	0.03540	0.02296	0.06367	0.00880	0.04573	0.00701	0.00439	0.00417	0.00132	0.00543	0.00411	0.00231	0.00517
6	0.03178	0.22166	0.21409	0.06478	0.03925	0.07901	0.05518	0.05195	0.03151	0.05190	0.03265	0.02238	0.03256	0.00454	0.00371	0.00118	0.00493	0.01762	0.01899	0.02032
7	0.04178	0.02401	0.03116	0.04492	0.05511	0.04390	0.09153	0.03654	0.03968	0.04618	0.06586	0.21527	0.08313	0.00801	0.00464	0.00145	0.00383	0.12816	0.01720	0.01763

[dist]
# distance from previous block
# <min> <max>
1	12

[block]
# block no. 5 follows, 65 sequences, length 8
# corresponding to MSA columns:
# 295-302
name=unknown_F
#
# <colnr> <probs for GDERKNQSTAVLIFYWHMCP>
#	G	D	E	R	K	N	Q	S	T	A	V	L	I	F	Y	W	H	M	C	P
0	0.03860	0.32092	0.10267	0.00874	0.03487	0.06769	0.00790	0.14596	0.06788	0.06825	0.00919	0.04703	0.00770	0.00470	0.00370	0.00114	0.01946	0.01711	0.00273	0.02376
1	0.00862	0.00759	0.00840	0.03565	0.05619	0.10108	0.00586	0.04257	0.03326	0.02690	0.03711	0.04270	0.02492	0.13676	0.19415	0.00278	0.04485	0.01836	0.02029	0.15198
2	0.00517	0.00369	0.00495	0.00590	0.00622	0.00348	0.00410	0.00600	0.00802	0.01066	0.02253	0.77023	0.02679	0.01270	0.00528	0.00169	0.00253	0.09287	0.00381	0.00338
3	0.00851	0.00730	0.00851	0.00608	0.00973	0.00547	0.00486	0.01034	0.00851	0.01338	0.00730	0.00851	0.00608	0.00304	0.00304	0.00061	0.00304	0.00243	0.00243	0.88083
4	0.02954	0.06144	0.11064	0.00842	0.02485	0.04672	0.03402	0.14979	0.03834	0.04202	0.04042	0.12150	0.01141	0.00575	0.00400	0.00118	0.00406	0.05662	0.00305	0.20623
5	0.00562	0.00440	0.00515	0.00499	0.00620	0.00381	0.00362	0.00684	0.00928	0.01236	0.22737	0.20810	0.30968	0.06483	0.00577	0.00150	0.00235	0.00810	0.00374	0.10631
6	0.00916	0.00921	0.07847	0.00698	0.01062	0.04619	0.00604	0.06339	0.00936	0.01390	0.00795	0.03749	0.00675	0.00363	0.00329	0.00076	0.00358	0.00289	0.00251	0.67784
7	0.03943	0.20676	0.13507	0.07342	0.15227	0.03751	0.02821	0.09575	0.04247	0.03668	0.01043	0.03129	0.05993	0.00460	0.00373	0.00118	0.00462	0.00371	0.00249	0.03044

[dist]
# distance from previous block
# <min> <max>
17	96

[block]
# block no. 6 follows, 65 sequences, length 61
# corresponding to MSA columns:
# 418-478
name=unknown_G
#
# <colnr> <probs for GDERKNQSTAVLIFYWHMCP>
#	G	D	E	R	K	N	Q	S	T	A	V	L	I	F	Y	W	H	M	C	P
0	0.00847	0.00775	0.06336	0.04874	0.03771	0.03171	0.04312	0.07059	0.08902	0.05507	0.13489	0.16145	0.10674	0.00759	0.01588	0.00140	0.00363	0.02833	0.00347	0.08108
1	0.00568	0.00419	0.00477	0.00474	0.00580	0.00376	0.00342	0.00673	0.00906	0.03990	0.15396	0.11267	0.45401	0.12134	0.04986	0.00200	0.00284	0.00803	0.00371	0.00352
2	0.02441	0.03766	0.19408	0.06793	0.09487	0.08069	0.12311	0.08465	0.08886	0.03794	0.03806	0.03737	0.00878	0.02673	0.00452	0.00134	0.00510	0.00409	0.03421	0.00559
3	0.01116	0.82486	0.02115	0.00712	0.01062	0.01610	0.00705	0.04396	0.00877	0.01030	0.00587	0.00671	0.00534	0.00357	0.00269	0.00089	0.00439	0.00225	0.00185	0.00534
4	0.00713	0.00357	0.00535	0.00535	0.00535	0.00357	0.00357	0.00535	0.00535	0.00713	0.00713	0.01248	0.00713	0.01426	0.01604	0.88057	0.00357	0.00357	0.00178	0.00178
5	0.01103	0.78883	0.02041	0.00703	0.01040	0.03397	0.00690	0.02851	0.00865	0.01022	0.00611	0.00701	0.00551	0.00361	0.00270	0.00089	0.00436	0.00230	0.03634	0.00523
6	0.01087	0.82746	0.05138	0.00720	0.01080	0.01600	0.00732	0.01232	0.00835	0.00978	0.00577	0.00666	0.00527	0.00353	0.00268	0.00089	0.00445	0.00223	0.00176	0.00530
7	0.00548	0.00411	0.00506	0.00503	0.00598	0.00372	0.00371	0.00697	0.01035	0.01399	0.48017	0.14908	0.23604	0.02620	0.00523	0.00144	0.00212	0.02747	0.00418	0.00366
8	0.00611	0.00407	0.00465	0.00476	0.00567	0.00377	0.00340	0.00746	0.02014	0.03212	0.14063	0.22342	0.25546	0.07693	0.00578	0.00155	0.00230	0.00779	0.19039	0.00362
9	0.00596	0.00433	0.00522	0.00557	0.00620	0.00420	0.00403	0.01812	0.02774	0.01066	0.03643	0.20058	0.16385	0.29027	0.01040	0.00241	0.00323	0.19410	0.00339	0.00332
10	0.00842	0.00458	0.00580	0.00574	0.00691	0.00426	0.00434	0.02127	0.00938	0.16682	0.07686	0.31001	0.08096	0.00918	0.00480	0.02089	0.00265	0.08818	0.16471	0.00422
11	0.00503	0.00387	0.00456	0.00499	0.00576	0.00345	0.00349	0.00595	0.00871	0.01111	0.08987	0.43105	0.36074	0.03493	0.00548	0.00159	0.00227	0.00995	0.00383	0.00341
12	0.64043	0.00767	0.00702	0.00594	0.00865	0.00831	0.00489	0.01431	0.00833	0.24813	0.00867	0.00873	0.00606	0.00417	0.00299	0.00127	0.00326	0.00276	0.00326	0.00516
13	0.03178	0.01111	0.01201	0.00922	0.01248	0.01219	0.00762	0.74542	0.01854	0.08272	0.01023	0.01009	0.00716	0.00492	0.00408	0.00124	0.00442	0.00370	0.00415	0.00693
14	0.00913	0.02096	0.02605	0.08525	0.10375	0.08188	0.29644	0.03087	0.02875	0.01267	0.04099	0.04942	0.09235	0.00571	0.00482	0.00139	0.02568	0.07627	0.00261	0.00502
15	0.00611	0.00579	0.04710	0.01698	0.01712	0.01491	0.00483	0.03692	0.02763	0.01186	0.06750	0.23285	0.39175	0.02114	0.02395	0.00161	0.04567	0.01884	0.00354	0.00389
16	0.05156	0.00669	0.00755	0.00697	0.00879	0.00709	0.00540	0.05495	0.30932	0.11553	0.07818	0.17702	0.07285	0.00762	0.00444	0.00143	0.00300	0.05266	0.02368	0.00527
17	0.02124	0.09654	0.01151	0.03845	0.09848	0.09365	0.08715	0.03716	0.00868	0.01128	0.02160	0.20155	0.01219	0.04187	0.15451	0.02356	0.02799	0.00556	0.00255	0.00445
18	0.05919	0.10469	0.24535	0.06038	0.20406	0.04923	0.07721	0.04047	0.04261	0.03307	0.00829	0.02013	0.00663	0.00419	0.00397	0.00125	0.01398	0.01729	0.00222	0.00578
19	0.00544	0.00415	0.00476	0.00493	0.00603	0.00364	0.00368	0.00661	0.00943	0.02957	0.14587	0.20218	0.47994	0.01057	0.00497	0.00146	0.00227	0.06697	0.00394	0.00360
20	0.00775	0.00730	0.01231	0.84587	0.02827	0.00912	0.01140	0.01049	0.00821	0.01049	0.00730	0.01094	0.00547	0.00410	0.00410	0.00137	0.00547	0.00365	0.00182	0.00456
21	0.02661	0.12800	0.07071	0.05435	0.17191	0.10316	0.16490	0.04242	0.06916	0.05917	0.00908	0.03579	0.00733	0.00432	0.00409	0.00123	0.01688	0.00385	0.02139	0.00565
22	0.00962	0.12760	0.11299	0.04698	0.09012	0.01902	0.17314	0.03279	0.08437	0.05453	0.04086	0.06268	0.03507	0.00542	0.01548	0.00136	0.04140	0.00451	0.03664	0.00541
23	0.00514	0.00412	0.00459	0.00458	0.00575	0.00357	0.00339	0.00640	0.00987	0.01256	0.26320	0.10585	0.53648	0.01004	0.00488	0.00138	0.00206	0.00857	0.00401	0.00357
24	0.00806	0.05765	0.15060	0.07654	0.11638	0.00833	0.06041	0.03804	0.00811	0.01131	0.00978	0.04252	0.01796	0.15421	0.15310	0.00271	0.07303	0.00439	0.00219	0.00468
25	0.01083	0.27368	0.14259	0.02682	0.16718	0.05578	0.03125	0.05776	0.04412	0.06367	0.00830	0.01001	0.00679	0.03848	0.03340	0.00144	0.01665	0.00328	0.00232	0.00567
26	0.00964	0.02582	0.36521	0.02765	0.05889	0.06515	0.03728	0.07754	0.06511	0.05509	0.09597	0.04206	0.03690	0.00522	0.00416	0.00130	0.00493	0.01367	0.00276	0.00566
27	0.00552	0.00406	0.00520	0.00596	0.00643	0.00395	0.00414	0.00712	0.06803	0.01112	0.03293	0.69172	0.04404	0.03084	0.00552	0.00170	0.00256	0.06175	0.00382	0.00359
28	0.63618	0.03123	0.00898	0.00865	0.10711	0.02188	0.03334	0.08513	0.00858	0.01796	0.00643	0.00753	0.00502	0.00388	0.00296	0.00125	0.00372	0.00262	0.00258	0.00498
29	0.00587	0.00438	0.00649	0.00649	0.00719	0.00508	0.00500	0.00726	0.00657	0.00945	0.01109	0.01665	0.01049	0.07078	0.79978	0.00647	0.01065	0.00447	0.00221	0.00361
30	0.00988	0.00837	0.00884	0.00797	0.01006	0.00961	0.00610	0.03773	0.71865	0.01639	0.01616	0.01641	0.01266	0.09537	0.00594	0.00166	0.00335	0.00476	0.00400	0.00608
31	0.00974	0.00806	0.00849	0.00774	0.00983	0.00924	0.00598	0.01985	0.70050	0.01673	0.01652	0.04325	0.01278	0.00572	0.00406	0.00135	0.00306	0.00478	0.10625	0.00608
32	0.01560	0.01150	0.01232	0.00944	0.01273	0.01273	0.00780	0.81645	0.01930	0.02587	0.00986	0.00986	0.00698	0.00493	0.00411	0.00123	0.00452	0.00370	0.00411	0.00698
33	0.15791	0.00531	0.00567	0.00503	0.00677	0.00528	0.00394	0.01243	0.00904	0.22089	0.01301	0.03399	0.00991	0.02526	0.00362	0.00118	0.00258	0.00387	0.46964	0.00468
34	0.88473	0.00794	0.00603	0.00540	0.00794	0.00921	0.00445	0.01207	0.00699	0.01842	0.00572	0.00667	0.00445	0.00381	0.00254	0.00127	0.00318	0.00222	0.00254	0.00445
35	0.00519	0.00406	0.00470	0.00479	0.00581	0.00357	0.00350	0.00645	0.00979	0.01269	0.28943	0.19619	0.41871	0.01024	0.00492	0.00141	0.00209	0.00886	0.00404	0.00357
36	0.15840	0.00834	0.00970	0.00756	0.01066	0.00833	0.00625	0.23039	0.01298	0.48614	0.01281	0.01169	0.00839	0.00483	0.00386	0.00126	0.00371	0.00370	0.00441	0.00657
37	0.00905	0.00882	0.01233	0.58603	0.03476	0.08771	0.03824	0.05564	0.02106	0.01169	0.00801	0.01176	0.00637	0.00445	0.00432	0.00133	0.02418	0.03286	0.00212	0.03928
38	0.01098	0.01075	0.00898	0.00809	0.01005	0.24194	0.00620	0.06579	0.33044	0.01542	0.15646	0.01546	0.01461	0.00558	0.00404	0.00123	0.00415	0.00444	0.08004	0.00534
39	0.00972	0.00931	0.01587	0.17374	0.68500	0.00964	0.01238	0.01222	0.00914	0.01288	0.00764	0.01030	0.00632	0.00374	0.00407	0.00125	0.00498	0.00366	0.00199	0.00615
40	0.01050	0.00930	0.00965	0.01976	0.01078	0.09393	0.03611	0.16243	0.34096	0.01654	0.07102	0.07569	0.05185	0.02157	0.01667	0.00146	0.00400	0.02278	0.00373	0.02129
41	0.00558	0.00420	0.00520	0.00533	0.00624	0.00389	0.00394	0.00731	0.03418	0.01359	0.38708	0.24193	0.19932	0.01004	0.00497	0.00144	0.00223	0.05567	0.00414	0.00372
42	0.04610	0.00760	0.00917	0.00720	0.01002	0.00740	0.00590	0.20946	0.01290	0.48028	0.01386	0.01294	0.00926	0.00495	0.00387	0.00121	0.00348	0.00391	0.14413	0.00639
43	0.01016	0.00975	0.01666	0.02520	0.83013	0.00975	0.01260	0.01260	0.00935	0.01341	0.00772	0.01016	0.00650	0.00366	0.00406	0.00122	0.00488	0.00366	0.00203	0.00650
44	0.00500	0.00365	0.00471	0.00553	0.00591	0.00336	0.00373	0.00577	0.00809	0.01066	0.03936	0.74741	0.11671	0.01250	0.00519	0.00163	0.00234	0.01126	0.00382	0.00336
45	0.19050	0.00725	0.00874	0.00689	0.00986	0.00686	0.00568	0.04971	0.01099	0.61026	0.01376	0.01240	0.00891	0.00481	0.00377	0.00126	0.00342	0.00372	0.03486	0.00637
46	0.18743	0.01062	0.01097	0.00856	0.01170	0.01178	0.00707	0.62709	0.01658	0.05523	0.00928	0.00938	0.00660	0.00471	0.00380	0.00124	0.00421	0.00342	0.00383	0.00648
47	0.34087	0.14307	0.01087	0.00771	0.01035	0.28818	0.00629	0.04164	0.00965	0.09751	0.00713	0.00775	0.00552	0.00407	0.00316	0.00114	0.00486	0.00260	0.00259	0.00502
48	0.00623	0.00454	0.00590	0.03396	0.00645	0.00480	0.02605	0.00668	0.00635	0.00860	0.01253	0.04618	0.01395	0.63581	0.11262	0.00393	0.03812	0.02193	0.00245	0.00290
49	0.00954	0.00941	0.01354	0.10279	0.48205	0.07735	0.01035	0.01196	0.04120	0.01243	0.01146	0.05366	0.07559	0.00513	0.00475	0.00131	0.05561	0.01392	0.00234	0.00560
50	0.01016	0.00975	0.01666	0.02520	0.83013	0.00975	0.01260	0.01260	0.00935	0.01341	0.00772	0.01016	0.00650	0.00366	0.00406	0.00122	0.00488	0.00366	0.00203	0.00650
51	0.00851	0.00730	0.00851	0.00608	0.00973	0.00547	0.00486	0.01034	0.00851	0.01338	0.00730	0.00851	0.00608	0.00304	0.00304	0.00061	0.00304	0.00243	0.00243	0.88083
52	0.01292	0.51723	0.01739	0.00826	0.01128	0.29060	0.00728	0.02574	0.00979	0.05694	0.00658	0.00733	0.00558	0.00386	0.00310	0.00097	0.00535	0.00248	0.00210	0.00522
53	0.01479	0.04632	0.03045	0.00936	0.05548	0.27705	0.00713	0.01698	0.07073	0.33879	0.01194	0.01300	0.00891	0.04981	0.00486	0.00135	0.00495	0.02883	0.00349	0.00577
54	0.00969	0.01107	0.02422	0.01730	0.02145	0.01038	0.81522	0.01315	0.00969	0.01315	0.00830	0.01107	0.00623	0.00346	0.00484	0.00138	0.00692	0.00484	0.00208	0.00554
55	0.00996	0.00847	0.00897	0.00807	0.01030	0.00971	0.00627	0.03665	0.73674	0.01719	0.06233	0.01639	0.02494	0.00577	0.00420	0.00138	0.00316	0.00482	0.01841	0.00628
56	0.00523	0.00431	0.00461	0.00456	0.00586	0.00378	0.00341	0.00681	0.03977	0.01227	0.18340	0.06904	0.62266	0.00995	0.00484	0.00138	0.00211	0.00841	0.00395	0.00365
57	0.00524	0.00415	0.00472	0.00463	0.00580	0.00362	0.00345	0.00662	0.01019	0.01320	0.35396	0.07371	0.47672	0.00971	0.00487	0.00136	0.00204	0.00831	0.00409	0.00362
58	0.00766	0.00686	0.01100	0.55610	0.10292	0.00802	0.00956	0.01006	0.02453	0.01084	0.00947	0.08001	0.00854	0.09095	0.00584	0.00162	0.00483	0.00452	0.02327	0.02341
59	0.01399	0.03574	0.04401	0.03842	0.01300	0.60070	0.00807	0.04181	0.04706	0.03404	0.00727	0.00828	0.00585	0.00434	0.00405	0.00110	0.03579	0.00287	0.00233	0.05130
60	0.06962	0.08708	0.01217	0.14858	0.15305	0.08253	0.02486	0.13235	0.03021	0.03828	0.01886	0.01067	0.00725	0.00440	0.00398	0.00119	0.03308	0.00347	0.13302	0.00534

[dist]
# distance from previous block
# <min> <max>
0	1

[block]
