[name]
unknown

[dist]
# distance from previous block
# <min> <max>
0	76

[block]
# block no. 0 follows, 71 sequences, length 7
# corresponding to MSA columns:
# 76-82
name=unknown_A
#
# <colnr> <probs for GDERKNQSTAVLIFYWHMCP>
#	G	D	E	R	K	N	Q	S	T	A	V	L	I	F	Y	W	H	M	C	P
0	0.00571	0.00544	0.05699	0.00530	0.00674	0.00459	0.00434	0.00832	0.12033	0.01185	0.15505	0.09287	0.38962	0.06367	0.00542	0.00148	0.00252	0.05246	0.00351	0.00378
1	0.01137	0.00873	0.01034	0.03589	0.11218	0.00960	0.00725	0.26581	0.35210	0.07793	0.01258	0.01356	0.00965	0.00503	0.00394	0.00125	0.00369	0.04943	0.00361	0.00604
2	0.03713	0.03160	0.01036	0.00870	0.06167	0.00897	0.00669	0.25099	0.11237	0.27568	0.03965	0.01143	0.00880	0.00484	0.00459	0.00120	0.08444	0.00368	0.00367	0.03353
3	0.02745	0.19151	0.29538	0.01100	0.07597	0.05217	0.10963	0.06947	0.00903	0.06004	0.00714	0.00836	0.00546	0.00383	0.00406	0.00115	0.05788	0.00302	0.00205	0.00541
4	0.03174	0.16331	0.09553	0.01204	0.10310	0.04849	0.27355	0.03359	0.02724	0.02736	0.00729	0.00905	0.00583	0.01731	0.00404	0.00112	0.02122	0.00332	0.00205	0.11282
5	0.00530	0.00440	0.00562	0.00675	0.10718	0.00398	0.00424	0.00649	0.00874	0.01125	0.15166	0.21964	0.43237	0.00918	0.00452	0.00132	0.00230	0.00798	0.00346	0.00361
6	0.00486	0.00356	0.00467	0.00529	0.00572	0.00341	0.00369	0.00570	0.00746	0.00991	0.04797	0.59009	0.10985	0.04028	0.10824	0.00215	0.00325	0.03736	0.00336	0.00317

[dist]
# distance from previous block
# <min> <max>
10	17

[block]
# block no. 1 follows, 71 sequences, length 46
# corresponding to MSA columns:
# 103-148
name=unknown_B
#
# <colnr> <probs for GDERKNQSTAVLIFYWHMCP>
#	G	D	E	R	K	N	Q	S	T	A	V	L	I	F	Y	W	H	M	C	P
0	0.02362	0.01966	0.00950	0.00731	0.01014	0.00727	0.06338	0.09249	0.20540	0.09969	0.06941	0.01225	0.00999	0.00429	0.00356	0.00099	0.00328	0.01657	0.00319	0.33802
1	0.02688	0.08363	0.09615	0.06927	0.27590	0.18175	0.09205	0.01220	0.02211	0.02299	0.00824	0.02488	0.02960	0.00478	0.03232	0.00130	0.00535	0.00344	0.00202	0.00514
2	0.00704	0.02094	0.05207	0.00844	0.01041	0.00625	0.21158	0.00953	0.05398	0.03614	0.24696	0.08703	0.08953	0.03014	0.08725	0.00182	0.02778	0.00583	0.00303	0.00424
3	0.05290	0.20447	0.16400	0.03266	0.14697	0.04349	0.03117	0.07785	0.15536	0.03215	0.00839	0.00917	0.00652	0.00394	0.00354	0.00112	0.01527	0.00311	0.00238	0.00553
4	0.00469	0.00388	0.00415	0.00415	0.00532	0.00336	0.00309	0.00574	0.00870	0.01070	0.11385	0.06026	0.67666	0.02586	0.05097	0.00160	0.00242	0.00780	0.00352	0.00326
5	0.00947	0.00863	0.06974	0.00963	0.01210	0.07079	0.24550	0.01212	0.07373	0.15761	0.01428	0.24205	0.04420	0.00636	0.00432	0.00132	0.00429	0.00598	0.00307	0.00483
6	0.01025	0.86756	0.02009	0.00656	0.00984	0.01517	0.00656	0.01148	0.00779	0.00902	0.00533	0.00615	0.00492	0.00328	0.00246	0.00082	0.00410	0.00205	0.00164	0.00492
7	0.00506	0.00413	0.02624	0.00606	0.03422	0.00366	0.00414	0.00620	0.02981	0.01031	0.04537	0.71701	0.07123	0.01107	0.00477	0.00150	0.00238	0.00999	0.00348	0.00338
8	0.00832	0.12084	0.71831	0.01027	0.01556	0.00954	0.01297	0.01228	0.00816	0.03991	0.00697	0.00803	0.00502	0.00364	0.00351	0.00117	0.00540	0.00277	0.00173	0.00561
9	0.00775	0.03996	0.82579	0.01082	0.01643	0.00905	0.01399	0.01213	0.00809	0.01207	0.00684	0.00805	0.00486	0.00363	0.00361	0.00120	0.00563	0.00281	0.00162	0.00565
10	0.00467	0.00334	0.00445	0.00534	0.00556	0.00311	0.00356	0.00534	0.00734	0.00979	0.02113	0.86275	0.02536	0.01201	0.00489	0.00156	0.00222	0.01090	0.00356	0.00311
11	0.00891	0.00903	0.02982	0.25166	0.21067	0.06183	0.13924	0.03397	0.00838	0.02452	0.00743	0.03135	0.00619	0.00512	0.03326	0.00145	0.12658	0.00373	0.00197	0.00490
12	0.00976	0.18720	0.34013	0.00948	0.01345	0.01045	0.07685	0.19513	0.01029	0.02273	0.02068	0.02291	0.00651	0.01497	0.04196	0.00138	0.00513	0.00325	0.00228	0.00546
13	0.00629	0.00462	0.00626	0.00604	0.00656	0.01785	0.02009	0.00703	0.00664	0.02972	0.05704	0.09676	0.01344	0.22854	0.29013	0.07849	0.07400	0.04487	0.00245	0.00318
14	0.00905	0.01034	0.02262	0.01616	0.02004	0.00970	0.82741	0.01228	0.00905	0.01228	0.00776	0.01034	0.00582	0.00323	0.00452	0.00129	0.00646	0.00452	0.00194	0.00517
15	0.17578	0.01758	0.01050	0.31038	0.01583	0.00764	0.13278	0.00942	0.00749	0.01152	0.01005	0.15919	0.02863	0.00671	0.05034	0.00159	0.03346	0.00476	0.00225	0.00411
16	0.00861	0.00743	0.01164	0.46389	0.14806	0.00856	0.03257	0.02073	0.12941	0.06224	0.02178	0.02824	0.00741	0.00432	0.00414	0.00127	0.02858	0.00381	0.00235	0.00496
17	0.00921	0.00894	0.01543	0.02170	0.72007	0.00888	0.07598	0.01166	0.02411	0.01247	0.00895	0.01098	0.04664	0.00374	0.00389	0.00116	0.00455	0.00375	0.00202	0.00586
18	0.00724	0.00681	0.01150	0.85604	0.02641	0.00852	0.01065	0.00980	0.00767	0.00980	0.00681	0.01022	0.00511	0.00383	0.00383	0.00128	0.00511	0.00341	0.00170	0.00426
19	0.00977	0.00877	0.03541	0.16345	0.18786	0.00929	0.06475	0.08280	0.33147	0.04951	0.01094	0.01165	0.00823	0.00434	0.00390	0.00124	0.00414	0.00385	0.00292	0.00573
20	0.02492	0.04286	0.72021	0.01048	0.01575	0.00939	0.01305	0.09632	0.00908	0.01339	0.00705	0.00812	0.00502	0.00373	0.00361	0.00120	0.00542	0.00286	0.00186	0.00571
21	0.00555	0.00393	0.00537	0.00537	0.00578	0.00434	0.00381	0.00630	0.00590	0.00827	0.01083	0.01874	0.01113	0.34464	0.50765	0.03509	0.00756	0.00464	0.00214	0.00295
22	0.00769	0.01983	0.84538	0.01093	0.01659	0.00890	0.01417	0.01214	0.00810	0.01214	0.00688	0.00810	0.00486	0.00364	0.00364	0.00121	0.00567	0.00283	0.00162	0.00567
23	0.09957	0.11468	0.08741	0.01159	0.06353	0.17122	0.25731	0.05861	0.07675	0.01280	0.00748	0.00878	0.00583	0.00369	0.00365	0.00114	0.00533	0.00330	0.00219	0.00514
24	0.01118	0.00650	0.01049	0.00828	0.01049	0.00630	0.15612	0.01298	0.00942	0.35524	0.14099	0.01503	0.01271	0.00911	0.14693	0.00207	0.06147	0.00446	0.01512	0.00511
25	0.00468	0.00340	0.00441	0.00520	0.00553	0.00314	0.00350	0.00540	0.00755	0.00997	0.04135	0.76936	0.09897	0.01171	0.00485	0.00153	0.00219	0.01056	0.00357	0.00314
26	0.00987	0.01053	0.01343	0.25423	0.29511	0.19627	0.07268	0.01244	0.05393	0.01114	0.00725	0.00942	0.00581	0.00383	0.00403	0.00118	0.02848	0.00334	0.00197	0.00508
27	0.00746	0.00680	0.01120	0.47522	0.22576	0.00770	0.00951	0.00971	0.00827	0.01112	0.11332	0.01401	0.01019	0.04626	0.00471	0.00137	0.00444	0.02629	0.00215	0.00452
28	0.01334	0.01641	0.01182	0.01266	0.18091	0.67850	0.00830	0.01459	0.01043	0.01002	0.00619	0.00744	0.00517	0.00384	0.00353	0.00102	0.00643	0.00266	0.00196	0.00478
29	0.00750	0.00695	0.01154	0.77515	0.06022	0.00854	0.01045	0.03289	0.00797	0.01030	0.00699	0.01029	0.00531	0.00447	0.02528	0.00139	0.00519	0.00343	0.00178	0.00438
30	0.00582	0.00456	0.00644	0.00646	0.00705	0.00465	0.05315	0.05520	0.00790	0.01064	0.01808	0.66206	0.02112	0.05141	0.00604	0.00163	0.06170	0.00930	0.00329	0.00348
31	0.01182	0.48575	0.01621	0.00880	0.05603	0.34403	0.00718	0.01301	0.00905	0.00936	0.00567	0.00663	0.00499	0.00355	0.00293	0.00090	0.00524	0.00229	0.00179	0.00480
32	0.00547	0.00415	0.00501	0.00513	0.00589	0.00412	0.00372	0.00710	0.06601	0.01043	0.10162	0.16333	0.21655	0.18470	0.13604	0.00259	0.00379	0.06784	0.00317	0.00332
33	0.49556	0.04993	0.00928	0.14356	0.13640	0.04032	0.00674	0.05589	0.00789	0.01502	0.00609	0.00754	0.00479	0.00364	0.00294	0.00117	0.00382	0.00258	0.00222	0.00464
34	0.00902	0.01054	0.03964	0.01605	0.01997	0.00968	0.81059	0.01228	0.00903	0.01228	0.00774	0.01030	0.00580	0.00324	0.00451	0.00129	0.00645	0.00449	0.00193	0.00518
35	0.00658	0.00337	0.00504	0.00504	0.00507	0.00341	0.00338	0.00509	0.00506	0.00678	0.00692	0.01204	0.00692	0.02798	0.05561	0.83116	0.00367	0.00340	0.00169	0.00176
36	0.00587	0.00442	0.00572	0.00620	0.01888	0.00440	0.00482	0.00737	0.03059	0.02895	0.06327	0.24819	0.20916	0.01004	0.00529	0.00154	0.04940	0.28883	0.00349	0.00357
37	0.00734	0.00701	0.01211	0.81019	0.02606	0.00858	0.05523	0.00993	0.00774	0.00993	0.00687	0.01023	0.00515	0.00380	0.00387	0.00128	0.00519	0.00347	0.00172	0.00431
38	0.00548	0.00411	0.00616	0.00616	0.00685	0.00479	0.00479	0.00685	0.00616	0.00890	0.01027	0.01506	0.00959	0.02876	0.85006	0.00616	0.01027	0.00411	0.00205	0.00342
39	0.06318	0.00657	0.00873	0.00673	0.00966	0.00579	0.00556	0.01830	0.01074	0.80055	0.01461	0.01269	0.00921	0.00468	0.00378	0.00119	0.00325	0.00376	0.00462	0.00640
40	0.00943	0.03633	0.07373	0.10092	0.25375	0.06717	0.27933	0.02154	0.03168	0.03659	0.02002	0.02866	0.01515	0.00386	0.00401	0.00121	0.00527	0.00393	0.00212	0.00531
41	0.00600	0.00359	0.00464	0.00464	0.00468	0.00363	0.00289	0.00542	0.00538	0.00722	0.00979	0.01905	0.01074	0.46961	0.07094	0.35906	0.00398	0.00458	0.00204	0.00213
42	0.00769	0.01983	0.84538	0.01093	0.01659	0.00890	0.01417	0.01214	0.00810	0.01214	0.00688	0.00810	0.00486	0.00364	0.00364	0.00121	0.00567	0.00283	0.00162	0.00567
43	0.00534	0.00384	0.00470	0.00475	0.00557	0.00352	0.00342	0.01726	0.00881	0.02040	0.28612	0.21960	0.27249	0.03331	0.01943	0.07456	0.00230	0.00773	0.00357	0.00326
44	0.00895	0.30133	0.38206	0.01025	0.03124	0.04256	0.12133	0.01188	0.00825	0.01098	0.00690	0.01900	0.00564	0.00372	0.00341	0.00110	0.00519	0.01924	0.00175	0.00524
45	0.00920	0.01034	0.01778	0.01337	0.01608	0.11125	0.52564	0.01152	0.00854	0.01112	0.00800	0.05177	0.00695	0.04746	0.00635	0.00145	0.13199	0.00447	0.00200	0.00470

[dist]
# distance from previous block
# <min> <max>
0	1

[block]
# block no. 2 follows, 71 sequences, length 18
# corresponding to MSA columns:
# 150-167
name=unknown_C
#
# <colnr> <probs for GDERKNQSTAVLIFYWHMCP>
#	G	D	E	R	K	N	Q	S	T	A	V	L	I	F	Y	W	H	M	C	P
0	0.00885	0.00895	0.01274	0.18410	0.19660	0.07327	0.04217	0.01047	0.00741	0.01030	0.00620	0.00909	0.00540	0.00501	0.00767	0.00140	0.38280	0.00336	0.01954	0.00467
1	0.01009	0.65029	0.13795	0.00786	0.01142	0.06803	0.04673	0.01186	0.00809	0.00965	0.00571	0.00668	0.00496	0.00337	0.00279	0.00091	0.00462	0.00231	0.00167	0.00501
2	0.00535	0.00386	0.00476	0.00497	0.00548	0.00382	0.00351	0.00604	0.00689	0.00902	0.01896	0.12153	0.17698	0.33510	0.15463	0.01982	0.00429	0.10925	0.00280	0.00292
3	0.00994	0.04253	0.08699	0.36976	0.08652	0.01893	0.02000	0.01239	0.02098	0.19370	0.02672	0.01066	0.00694	0.00398	0.00371	0.00116	0.00443	0.00340	0.00252	0.07475
4	0.00724	0.00681	0.01150	0.85604	0.02641	0.00852	0.01065	0.00980	0.00767	0.00980	0.00681	0.01022	0.00511	0.00383	0.00383	0.00128	0.00511	0.00341	0.00170	0.00426
5	0.05504	0.00656	0.00876	0.00674	0.00969	0.00576	0.00557	0.01837	0.01078	0.80824	0.01470	0.01276	0.00926	0.00469	0.00379	0.00119	0.00325	0.00378	0.00464	0.00642
6	0.00732	0.00697	0.01199	0.81917	0.02613	0.00857	0.04650	0.00991	0.00773	0.00991	0.00686	0.01023	0.00514	0.00381	0.00386	0.00128	0.00517	0.00346	0.00171	0.00430
7	0.01458	0.01074	0.01151	0.00882	0.01189	0.01189	0.00729	0.82855	0.01803	0.02416	0.00921	0.00921	0.00652	0.00460	0.00384	0.00115	0.00422	0.00345	0.00384	0.00652
8	0.00485	0.00390	0.00433	0.00422	0.00537	0.00337	0.00316	0.00612	0.00949	0.01215	0.32443	0.03395	0.55307	0.00904	0.00453	0.00126	0.00189	0.00768	0.00380	0.00337
9	0.00555	0.00380	0.00463	0.00477	0.00496	0.00387	0.00307	0.00593	0.00606	0.00815	0.01322	0.08815	0.01491	0.61855	0.12655	0.00371	0.00445	0.07456	0.00248	0.00263
10	0.00769	0.01983	0.84538	0.01093	0.01659	0.00890	0.01417	0.01214	0.00810	0.01214	0.00688	0.00810	0.00486	0.00364	0.00364	0.00121	0.00567	0.00283	0.00162	0.00567
11	0.00724	0.00681	0.01150	0.85604	0.02641	0.00852	0.01065	0.00980	0.00767	0.00980	0.00681	0.01022	0.00511	0.00383	0.00383	0.00128	0.00511	0.00341	0.00170	0.00426
12	0.01655	0.00633	0.00855	0.00661	0.00944	0.00550	0.00544	0.01805	0.01078	0.79008	0.01496	0.01313	0.00951	0.00473	0.00378	0.00117	0.00317	0.00384	0.06204	0.00633
13	0.00470	0.00340	0.00446	0.00530	0.00560	0.00316	0.00359	0.00542	0.00746	0.00987	0.02218	0.79121	0.07463	0.01184	0.00488	0.00155	0.00224	0.03183	0.00356	0.00313
14	0.02153	0.10137	0.24928	0.03660	0.01170	0.04105	0.06142	0.04698	0.00886	0.07232	0.07384	0.23363	0.01306	0.00622	0.00397	0.00125	0.00411	0.00538	0.00270	0.00472
15	0.00529	0.00391	0.00500	0.00478	0.00571	0.00361	0.00358	0.00694	0.01026	0.01427	0.67501	0.05393	0.13545	0.00919	0.04473	0.00146	0.00224	0.00706	0.00402	0.00355
16	0.01193	0.37847	0.01469	0.02190	0.01094	0.36214	0.00708	0.02578	0.00922	0.03408	0.00635	0.00797	0.00557	0.00407	0.00373	0.00100	0.06342	0.02501	0.00196	0.00470
17	0.04164	0.00926	0.00972	0.00818	0.02331	0.14865	0.04512	0.16764	0.01058	0.05048	0.10771	0.01326	0.07339	0.00598	0.03201	0.00130	0.12140	0.00392	0.00285	0.12359

[dist]
# distance from previous block
# <min> <max>
0	1

[block]
# block no. 3 follows, 71 sequences, length 70
# corresponding to MSA columns:
# 169-199,204-226,229-244
name=unknown_D
#
# <colnr> <probs for GDERKNQSTAVLIFYWHMCP>
#	G	D	E	R	K	N	Q	S	T	A	V	L	I	F	Y	W	H	M	C	P
0	0.07433	0.02868	0.08354	0.01067	0.07309	0.03817	0.14036	0.21122	0.11783	0.07183	0.00916	0.01010	0.00689	0.00544	0.04377	0.00146	0.06150	0.00357	0.00283	0.00557
1	0.00883	0.09099	0.02408	0.00876	0.00985	0.14560	0.04645	0.01020	0.02985	0.00940	0.00717	0.01078	0.00678	0.08362	0.15459	0.00240	0.34112	0.00348	0.00192	0.00413
2	0.00509	0.00391	0.00466	0.00448	0.00552	0.00348	0.00336	0.00659	0.01007	0.01351	0.54239	0.03170	0.33426	0.00853	0.00453	0.00124	0.00186	0.00736	0.00398	0.00348
3	0.00841	0.00695	0.00841	0.03801	0.03788	0.00566	0.00514	0.03433	0.03085	0.03758	0.03288	0.00908	0.00691	0.00322	0.00305	0.00069	0.00301	0.00263	0.00246	0.72285
4	0.00517	0.00370	0.00465	0.00515	0.00551	0.00358	0.00347	0.00617	0.03413	0.00996	0.07924	0.50492	0.05037	0.21219	0.00829	0.00203	0.00263	0.05243	0.00333	0.00309
5	0.00669	0.00349	0.00530	0.04461	0.00599	0.00357	0.00367	0.00522	0.00512	0.00681	0.00667	0.01159	0.00659	0.01288	0.01447	0.84714	0.00341	0.00333	0.00167	0.00179
6	0.00546	0.00434	0.00480	0.00476	0.00594	0.00403	0.00353	0.00766	0.10264	0.02366	0.17497	0.15728	0.46864	0.00914	0.00450	0.00132	0.00210	0.00782	0.00373	0.00365
7	0.00829	0.00782	0.01332	0.57158	0.06534	0.02427	0.13549	0.01954	0.00811	0.04140	0.00718	0.01011	0.00544	0.00396	0.00452	0.00129	0.06229	0.00358	0.00189	0.00460
8	0.00548	0.00411	0.00616	0.00616	0.00685	0.00479	0.00479	0.00685	0.00616	0.00890	0.01027	0.01506	0.00959	0.02876	0.85006	0.00616	0.01027	0.00411	0.00205	0.00342
9	0.00513	0.00411	0.00431	0.00420	0.00551	0.00354	0.00316	0.02821	0.00914	0.02798	0.09645	0.06571	0.71034	0.00942	0.00451	0.00129	0.00203	0.00790	0.00364	0.00342
10	0.00972	0.36063	0.08431	0.06415	0.04784	0.07135	0.27747	0.01208	0.01849	0.01064	0.00658	0.00822	0.00535	0.00340	0.00346	0.00107	0.00527	0.00312	0.00180	0.00505
11	0.01781	0.00668	0.00736	0.00644	0.00810	0.01671	0.00493	0.23491	0.13247	0.08397	0.04401	0.13276	0.02150	0.11353	0.00602	0.01613	0.00319	0.01811	0.12063	0.00475
12	0.00769	0.01983	0.84538	0.01093	0.01659	0.00890	0.01417	0.01214	0.00810	0.01214	0.00688	0.00810	0.00486	0.00364	0.00364	0.00121	0.00567	0.00283	0.00162	0.00567
13	0.00465	0.00347	0.00433	0.00499	0.00548	0.00315	0.00341	0.00541	0.00772	0.01001	0.03876	0.65721	0.21464	0.01141	0.00480	0.00149	0.00215	0.01018	0.00357	0.00315
14	0.00992	0.00880	0.01367	0.05843	0.54147	0.00908	0.02744	0.15784	0.01027	0.02263	0.00954	0.05021	0.04091	0.00437	0.00404	0.00119	0.01803	0.00399	0.00241	0.00577
15	0.11438	0.00893	0.03806	0.00794	0.00941	0.11647	0.00650	0.05890	0.04833	0.12911	0.01783	0.06872	0.00814	0.03551	0.02160	0.04621	0.25293	0.00384	0.00264	0.00454
16	0.07633	0.00915	0.06090	0.17418	0.52942	0.02419	0.01071	0.01133	0.00832	0.01232	0.00710	0.00939	0.00577	0.00360	0.00374	0.00117	0.01405	0.00327	0.02965	0.00544
17	0.01321	0.03095	0.01028	0.00915	0.01101	0.70192	0.00690	0.03974	0.01050	0.00994	0.00672	0.00830	0.00573	0.03308	0.05070	0.00136	0.00666	0.00273	0.03678	0.00436
18	0.00501	0.00393	0.00435	0.00424	0.00543	0.00339	0.00318	0.00624	0.00939	0.02557	0.27897	0.04795	0.57063	0.00910	0.00452	0.00127	0.00193	0.00772	0.00378	0.00340
19	0.01421	0.01767	0.01071	0.00971	0.01169	0.80774	0.00730	0.01533	0.02069	0.02928	0.01821	0.00746	0.00558	0.00404	0.00349	0.00100	0.00671	0.00259	0.00210	0.00450
20	0.00839	0.00839	0.01174	0.01007	0.01007	0.01174	0.00839	0.00923	0.00587	0.00923	0.00503	0.00839	0.00503	0.00671	0.01258	0.00168	0.85823	0.00336	0.00168	0.00419
21	0.01716	0.00659	0.00894	0.00685	0.00982	0.00573	0.00566	0.03119	0.01108	0.83133	0.01504	0.01299	0.00945	0.00474	0.00386	0.00119	0.00328	0.00385	0.00473	0.00653
22	0.00725	0.00681	0.01148	0.82283	0.04534	0.00845	0.01056	0.00977	0.00769	0.00986	0.00705	0.02375	0.00546	0.00395	0.00385	0.00128	0.00505	0.00353	0.00174	0.00428
23	0.01432	0.01827	0.01087	0.00988	0.01185	0.84986	0.00741	0.01531	0.01087	0.00938	0.00593	0.00691	0.00494	0.00395	0.00346	0.00099	0.00691	0.00247	0.00198	0.00444
24	0.00470	0.00343	0.00443	0.00516	0.00553	0.00316	0.00350	0.00547	0.00770	0.01019	0.07356	0.72747	0.10854	0.01152	0.00483	0.00151	0.00217	0.01037	0.00360	0.00316
25	0.00486	0.00345	0.00456	0.00537	0.00562	0.00326	0.00365	0.00555	0.00731	0.00972	0.02033	0.73322	0.02418	0.08205	0.00613	0.00175	0.00244	0.07002	0.00346	0.00308
26	0.00953	0.38714	0.33550	0.00868	0.01254	0.10993	0.00954	0.01197	0.00831	0.01048	0.03333	0.00779	0.00593	0.00375	0.00342	0.00103	0.03168	0.00260	0.00176	0.00509
27	0.00732	0.00696	0.01197	0.79491	0.03598	0.00851	0.04859	0.00988	0.00774	0.00995	0.00706	0.02189	0.00543	0.00391	0.00388	0.00128	0.00513	0.00356	0.00174	0.00431
28	0.07756	0.00675	0.00854	0.00667	0.00943	0.00626	0.00548	0.09281	0.01120	0.64032	0.05187	0.01298	0.01008	0.00478	0.00374	0.00117	0.00321	0.00382	0.03720	0.00611
29	0.00688	0.00562	0.00629	0.00586	0.00732	0.00590	0.00447	0.01211	0.33986	0.01452	0.33357	0.05537	0.17234	0.00728	0.00429	0.00127	0.00234	0.00625	0.00395	0.00451
30	0.02185	0.00983	0.02235	0.02225	0.12052	0.15052	0.00707	0.07523	0.34941	0.07977	0.05047	0.01271	0.02172	0.00559	0.03242	0.00136	0.00423	0.00390	0.00324	0.00556
31	0.00657	0.00517	0.00601	0.00606	0.01747	0.00535	0.00441	0.01036	0.24482	0.03399	0.09651	0.31639	0.19581	0.00878	0.00462	0.00138	0.02080	0.00762	0.00369	0.00418
32	0.00481	0.00356	0.00502	0.00568	0.00602	0.00332	0.02942	0.00556	0.00739	0.00987	0.02071	0.83600	0.02475	0.01174	0.00488	0.00155	0.00236	0.01070	0.00351	0.00318
33	0.00795	0.00681	0.00795	0.00568	0.00909	0.00511	0.00454	0.00965	0.00795	0.01249	0.00681	0.00795	0.00568	0.00284	0.00284	0.00057	0.00284	0.00227	0.00227	0.88869
34	0.00791	0.00757	0.01153	0.60404	0.13507	0.04862	0.01011	0.01068	0.04649	0.01052	0.00802	0.01201	0.00652	0.00457	0.01616	0.00134	0.00501	0.04733	0.00195	0.00455
35	0.00574	0.00498	0.05141	0.00515	0.00645	0.00408	0.00420	0.00785	0.03937	0.02830	0.60916	0.04004	0.16308	0.00783	0.00445	0.00123	0.00212	0.00681	0.00396	0.00380
36	0.02103	0.60271	0.06965	0.00733	0.01048	0.10290	0.00708	0.04481	0.00864	0.05396	0.00626	0.00706	0.00531	0.00408	0.02011	0.00102	0.01827	0.00236	0.00194	0.00501
37	0.00949	0.00909	0.01541	0.02320	0.82347	0.00912	0.01164	0.01195	0.02647	0.01260	0.00739	0.00959	0.00619	0.00345	0.00380	0.00114	0.00452	0.00344	0.00194	0.00607
38	0.00490	0.00350	0.00445	0.00507	0.00537	0.00327	0.00333	0.00548	0.00710	0.00945	0.02004	0.65645	0.06081	0.16412	0.00745	0.00191	0.00249	0.00963	0.00331	0.02185
39	0.00663	0.00347	0.00524	0.03175	0.00574	0.00355	0.00361	0.00521	0.00512	0.00684	0.00680	0.01174	0.00672	0.01360	0.04564	0.82785	0.00364	0.00336	0.00168	0.00181
40	0.00546	0.00387	0.00514	0.00521	0.00555	0.00418	0.00359	0.00616	0.00598	0.00831	0.01189	0.08224	0.01271	0.40464	0.41315	0.00472	0.00672	0.00527	0.00229	0.00290
41	0.00804	0.00866	0.08153	0.05240	0.32276	0.04547	0.07951	0.01056	0.04947	0.01167	0.01188	0.20296	0.01191	0.00613	0.00422	0.00132	0.00426	0.07984	0.00249	0.00491
42	0.00548	0.00411	0.00616	0.00616	0.00685	0.00479	0.00479	0.00685	0.00616	0.00890	0.01027	0.01506	0.00959	0.02876	0.85006	0.00616	0.01027	0.00411	0.00205	0.00342
43	0.00565	0.00388	0.00501	0.00496	0.00581	0.00354	0.00363	0.00709	0.00980	0.04781	0.53277	0.23779	0.09998	0.00891	0.00459	0.00130	0.00198	0.00790	0.00402	0.00358
44	0.02145	0.00765	0.01229	0.01007	0.03988	0.03008	0.28822	0.07466	0.07912	0.03130	0.02363	0.09947	0.12641	0.08278	0.04044	0.00171	0.00459	0.01890	0.00280	0.00454
45	0.00662	0.00531	0.00606	0.00581	0.00709	0.00553	0.00439	0.01114	0.28701	0.01371	0.27773	0.12394	0.14814	0.03968	0.00495	0.00141	0.00243	0.04093	0.00383	0.00427
46	0.00757	0.01918	0.81214	0.01071	0.01616	0.00868	0.01375	0.01187	0.00807	0.01205	0.00744	0.04188	0.00567	0.00397	0.00369	0.00123	0.00553	0.00315	0.00170	0.00557
47	0.00769	0.01983	0.84538	0.01093	0.01659	0.00890	0.01417	0.01214	0.00810	0.01214	0.00688	0.00810	0.00486	0.00364	0.00364	0.00121	0.00567	0.00283	0.00162	0.00567
48	0.01196	0.00926	0.00985	0.00873	0.04913	0.06415	0.00673	0.36983	0.19660	0.07793	0.01368	0.01545	0.06207	0.00554	0.00401	0.00124	0.00387	0.08054	0.00366	0.00577
49	0.00469	0.00338	0.00442	0.00523	0.00552	0.00314	0.00350	0.00538	0.00745	0.00987	0.03392	0.78790	0.07577	0.02370	0.00507	0.00157	0.00222	0.01059	0.00355	0.00312
50	0.49886	0.00914	0.03416	0.02093	0.13690	0.07031	0.10561	0.02278	0.00785	0.04233	0.00658	0.01751	0.00519	0.00368	0.00308	0.00118	0.00404	0.00282	0.00230	0.00473
51	0.01333	0.06703	0.04005	0.00994	0.01206	0.69498	0.03453	0.01452	0.01023	0.00954	0.00593	0.00711	0.00497	0.00404	0.00399	0.00104	0.05768	0.00258	0.00192	0.00452
52	0.00558	0.00445	0.01348	0.00520	0.00616	0.01221	0.01380	0.00710	0.04417	0.01105	0.22342	0.04564	0.24486	0.10114	0.19837	0.04647	0.00424	0.00617	0.00312	0.00338
53	0.04812	0.15167	0.09762	0.02662	0.01983	0.11402	0.09775	0.06505	0.02143	0.03857	0.09050	0.04365	0.05998	0.02311	0.00405	0.00115	0.01353	0.00396	0.00253	0.07686
54	0.24245	0.00648	0.00649	0.00675	0.06128	0.06555	0.00487	0.02144	0.00852	0.07749	0.06017	0.10900	0.19262	0.02542	0.00422	0.00135	0.00311	0.09561	0.00313	0.00407
55	0.00646	0.00458	0.00551	0.00514	0.00626	0.00457	0.00389	0.00968	0.13981	0.02529	0.58299	0.02417	0.02828	0.00691	0.00416	0.00118	0.00202	0.00601	0.12908	0.00403
56	0.00746	0.00705	0.01138	0.76997	0.05549	0.02232	0.01033	0.02177	0.00795	0.01012	0.00793	0.01103	0.03338	0.00403	0.00385	0.00127	0.00500	0.00355	0.00181	0.00433
57	0.10114	0.03692	0.15411	0.03942	0.05323	0.07859	0.12104	0.16999	0.02643	0.10734	0.01751	0.01890	0.02842	0.00429	0.00393	0.00119	0.02591	0.00352	0.00270	0.00541
58	0.00487	0.00375	0.00446	0.00469	0.00552	0.00337	0.00336	0.00608	0.01954	0.01151	0.23611	0.32983	0.33305	0.01000	0.00465	0.00137	0.00202	0.00875	0.00373	0.00333
59	0.00556	0.00377	0.00446	0.00446	0.00456	0.00387	0.00267	0.00576	0.00566	0.00764	0.01182	0.02367	0.01332	0.74647	0.13745	0.00406	0.00465	0.00537	0.00229	0.00248
60	0.01843	0.02640	0.35046	0.04602	0.07990	0.08182	0.03209	0.10198	0.13091	0.03113	0.02309	0.03325	0.01878	0.00438	0.00376	0.00120	0.00483	0.00357	0.00246	0.00553
61	0.00882	0.00866	0.01317	0.43033	0.36828	0.06813	0.01083	0.02599	0.00853	0.01118	0.00696	0.00966	0.00553	0.00368	0.00379	0.00120	0.00499	0.00335	0.00184	0.00508
62	0.00666	0.00333	0.00500	0.00500	0.00500	0.00333	0.00333	0.00500	0.00500	0.00666	0.00666	0.01166	0.00666	0.01332	0.01499	0.88844	0.00333	0.00333	0.00167	0.00167
63	0.00616	0.00384	0.00458	0.00490	0.00571	0.00363	0.00361	0.00754	0.02510	0.05030	0.03162	0.36011	0.14618	0.00893	0.00420	0.00133	0.00224	0.08146	0.24504	0.00352
64	0.01159	0.02700	0.04682	0.04446	0.13570	0.07655	0.08069	0.30601	0.13559	0.03625	0.00932	0.01981	0.00711	0.00443	0.00422	0.00120	0.04084	0.00363	0.00296	0.00581
65	0.00585	0.00340	0.00482	0.00513	0.00524	0.00336	0.00343	0.00525	0.00590	0.00790	0.01214	0.30499	0.01367	0.06372	0.05694	0.48415	0.00335	0.00610	0.00238	0.00230
66	0.02775	0.05812	0.28363	0.08880	0.18881	0.06967	0.06706	0.01200	0.00828	0.05015	0.00699	0.00877	0.00543	0.00399	0.00470	0.00122	0.10426	0.00315	0.00190	0.00530
67	0.00802	0.00688	0.00798	0.00578	0.00913	0.00532	0.00461	0.01015	0.04643	0.01266	0.00722	0.00825	0.00596	0.00295	0.00289	0.00060	0.00285	0.00237	0.00235	0.84760
68	0.23972	0.12095	0.06562	0.00799	0.05039	0.11114	0.00657	0.10149	0.03051	0.07391	0.02131	0.03101	0.00658	0.00418	0.00354	0.00109	0.03944	0.00296	0.00255	0.07905
69	0.02166	0.00887	0.07120	0.05222	0.11928	0.06479	0.01449	0.06462	0.08024	0.08252	0.06161	0.02429	0.02996	0.00513	0.03227	0.00119	0.01201	0.00358	0.00273	0.24734

[dist]
# distance from previous block
# <min> <max>
0	1

[block]
# block no. 4 follows, 71 sequences, length 16
# corresponding to MSA columns:
# 260-275
name=unknown_E
#
# <colnr> <probs for GDERKNQSTAVLIFYWHMCP>
#	G	D	E	R	K	N	Q	S	T	A	V	L	I	F	Y	W	H	M	C	P
0	0.04958	0.09867	0.06706	0.01072	0.14893	0.19483	0.00783	0.11331	0.03276	0.05222	0.02092	0.02503	0.00738	0.00589	0.05494	0.00142	0.03937	0.02942	0.00245	0.03729
1	0.01212	0.00561	0.00728	0.00591	0.00817	0.00491	0.00474	0.01386	0.02848	0.47032	0.21138	0.01880	0.09632	0.00584	0.00398	0.00116	0.00271	0.00490	0.03280	0.06072
2	0.00641	0.00351	0.00510	0.00516	0.00528	0.00358	0.00355	0.00542	0.00541	0.00726	0.00840	0.01529	0.00863	0.09846	0.09599	0.66006	0.00406	0.05454	0.00188	0.00202
3	0.03093	0.42555	0.04068	0.01857	0.03827	0.06083	0.00622	0.01089	0.06291	0.02536	0.01145	0.16924	0.05409	0.00565	0.00337	0.00109	0.00376	0.02417	0.00240	0.00457
4	0.01462	0.00952	0.01050	0.02899	0.01124	0.09090	0.00689	0.33015	0.01301	0.32709	0.01055	0.01035	0.00727	0.00482	0.00484	0.00121	0.10487	0.00349	0.00369	0.00599
5	0.00558	0.00395	0.00552	0.00552	0.00597	0.00439	0.00399	0.00637	0.00592	0.00834	0.01056	0.01772	0.01065	0.26748	0.55972	0.06077	0.00796	0.00448	0.00211	0.00300
6	0.00493	0.00401	0.00438	0.00430	0.00548	0.00353	0.00322	0.00642	0.03481	0.01186	0.25207	0.05582	0.57738	0.00913	0.00452	0.00128	0.00195	0.00774	0.00375	0.00342
7	0.03984	0.26346	0.19476	0.10861	0.01366	0.15570	0.02768	0.04149	0.00884	0.05738	0.00713	0.02294	0.00575	0.00469	0.03177	0.00124	0.00520	0.00289	0.00203	0.00497
8	0.00559	0.00380	0.00451	0.00465	0.00479	0.00382	0.00292	0.00589	0.00603	0.00805	0.01327	0.06413	0.01509	0.69119	0.06137	0.00354	0.00398	0.09234	0.00249	0.00255
9	0.00733	0.01706	0.69241	0.01064	0.04828	0.00809	0.01256	0.01116	0.00801	0.01182	0.00892	0.12962	0.00782	0.00482	0.00383	0.00126	0.00513	0.00400	0.00191	0.00532
10	0.00857	0.00857	0.07900	0.02383	0.14786	0.08851	0.01936	0.03969	0.11981	0.04933	0.07625	0.04617	0.17435	0.00605	0.00401	0.00122	0.00364	0.04059	0.05842	0.00477
11	0.00746	0.00704	0.01190	0.77512	0.10562	0.00858	0.01076	0.00999	0.00777	0.01006	0.00685	0.01015	0.00520	0.00379	0.00383	0.00126	0.00506	0.00341	0.00172	0.00444
12	0.00688	0.00627	0.00981	0.02262	0.00995	0.04427	0.15290	0.00856	0.00697	0.00981	0.00919	0.01313	0.00823	0.01960	0.53368	0.00434	0.08543	0.00401	0.04047	0.00387
13	0.19092	0.09994	0.17270	0.04604	0.20821	0.07554	0.07094	0.04479	0.00854	0.01307	0.00698	0.03321	0.00577	0.00382	0.00340	0.00115	0.00466	0.00312	0.00204	0.00514
14	0.00931	0.11065	0.47422	0.03699	0.05075	0.15530	0.04835	0.02404	0.00875	0.01147	0.00691	0.00852	0.00533	0.00376	0.00354	0.00114	0.00557	0.01433	0.01579	0.00527
15	0.00580	0.00410	0.00545	0.00563	0.02030	0.00430	0.00387	0.00655	0.03344	0.00922	0.07375	0.15623	0.06968	0.20483	0.20195	0.15126	0.03222	0.00585	0.00260	0.00299

[dist]
# distance from previous block
# <min> <max>
0	19

[block]
# block no. 5 follows, 71 sequences, length 15
# corresponding to MSA columns:
# 295-309
name=unknown_F
#
# <colnr> <probs for GDERKNQSTAVLIFYWHMCP>
#	G	D	E	R	K	N	Q	S	T	A	V	L	I	F	Y	W	H	M	C	P
0	0.05342	0.27189	0.34888	0.00892	0.01289	0.05109	0.04277	0.02823	0.00844	0.08537	0.00717	0.00813	0.00548	0.00448	0.02940	0.00124	0.02211	0.00276	0.00203	0.00528
1	0.03994	0.04607	0.04399	0.08219	0.11451	0.49654	0.02443	0.01354	0.00962	0.02634	0.00648	0.00801	0.00532	0.00474	0.03161	0.00124	0.03595	0.00280	0.00197	0.00470
2	0.01081	0.00608	0.05544	0.00605	0.00816	0.00496	0.00510	0.01286	0.03747	0.37331	0.31041	0.03921	0.05908	0.00619	0.00408	0.00120	0.00272	0.00527	0.04656	0.00504
3	0.00731	0.00692	0.01152	0.80170	0.02536	0.00873	0.01050	0.00976	0.00755	0.00976	0.00670	0.01010	0.00511	0.00402	0.00440	0.00130	0.05991	0.00340	0.00170	0.00426
4	0.03166	0.08332	0.12924	0.03081	0.12009	0.11411	0.05170	0.03680	0.02390	0.09867	0.06401	0.17644	0.01173	0.00567	0.00389	0.00121	0.00425	0.00487	0.00272	0.00490
5	0.05947	0.00413	0.00440	0.00442	0.00557	0.00376	0.00328	0.00647	0.02670	0.01173	0.17930	0.14956	0.50935	0.00922	0.00443	0.00131	0.00204	0.00783	0.00361	0.00341
6	0.00550	0.00384	0.00488	0.00492	0.00517	0.00407	0.00324	0.00601	0.00586	0.00805	0.01184	0.05734	0.01291	0.53685	0.30880	0.00448	0.00594	0.00529	0.00228	0.00274
7	0.04417	0.02708	0.22371	0.06112	0.05938	0.03958	0.07781	0.15541	0.02286	0.09032	0.07159	0.07325	0.02696	0.00495	0.00389	0.00122	0.00442	0.00421	0.00279	0.00529
8	0.00922	0.00802	0.01330	0.41186	0.26666	0.00880	0.07177	0.07543	0.00912	0.06330	0.00792	0.01064	0.00611	0.00389	0.00390	0.00123	0.00484	0.01665	0.00216	0.00517
9	0.00548	0.00390	0.00546	0.00559	0.00611	0.00431	0.00411	0.00657	0.00636	0.00914	0.01226	0.13960	0.01254	0.15031	0.55060	0.00480	0.00760	0.00528	0.05676	0.00322
10	0.00664	0.00425	0.00534	0.00501	0.00613	0.00396	0.00377	0.00860	0.04348	0.09043	0.53133	0.10223	0.10192	0.00778	0.00435	0.00123	0.00204	0.00679	0.06081	0.00390
11	0.00755	0.00660	0.03459	0.01674	0.03441	0.01673	0.14078	0.06263	0.05344	0.05091	0.14886	0.22058	0.08642	0.00812	0.02871	0.00149	0.02036	0.05349	0.00326	0.00433
12	0.00927	0.00864	0.16882	0.00765	0.03516	0.03357	0.02432	0.03625	0.03349	0.19539	0.28114	0.04638	0.06261	0.00647	0.01880	0.00131	0.00353	0.01878	0.00351	0.00490
13	0.00688	0.00592	0.00812	0.02758	0.02299	0.00724	0.01988	0.02124	0.00650	0.00920	0.01083	0.01822	0.05266	0.27555	0.13018	0.00289	0.31402	0.05441	0.00219	0.00351
14	0.05796	0.02453	0.00813	0.00585	0.00902	0.03080	0.00470	0.05382	0.00850	0.01331	0.00708	0.00816	0.00580	0.00309	0.00287	0.00067	0.00302	0.00239	0.04513	0.70517

[dist]
# distance from previous block
# <min> <max>
1	2

[block]
# block no. 6 follows, 71 sequences, length 15
# corresponding to MSA columns:
# 312-326
name=unknown_G
#
# <colnr> <probs for GDERKNQSTAVLIFYWHMCP>
#	G	D	E	R	K	N	Q	S	T	A	V	L	I	F	Y	W	H	M	C	P
0	0.17691	0.00620	0.00685	0.00586	0.00778	0.00628	0.00458	0.10684	0.04704	0.15800	0.13150	0.04885	0.05701	0.09436	0.03424	0.01586	0.00325	0.01511	0.00338	0.07011
1	0.03090	0.18587	0.35451	0.03889	0.06506	0.03437	0.04724	0.05749	0.03349	0.04223	0.00756	0.02319	0.00593	0.00431	0.02042	0.00121	0.00496	0.00304	0.00206	0.03727
2	0.00902	0.00776	0.00797	0.00725	0.00911	0.06073	0.00565	0.05163	0.49957	0.03091	0.07853	0.01755	0.07932	0.00795	0.08011	0.00172	0.00382	0.03252	0.00361	0.00526
3	0.00647	0.00338	0.00490	0.00490	0.00501	0.00332	0.00329	0.00504	0.00533	0.00699	0.00955	0.01393	0.08158	0.01300	0.01404	0.80866	0.00321	0.00376	0.00184	0.00181
4	0.00667	0.03589	0.08229	0.02540	0.03735	0.04743	0.02315	0.04862	0.00837	0.01106	0.03908	0.39951	0.07495	0.03560	0.02577	0.02013	0.00345	0.04378	0.02769	0.00382
5	0.00939	0.03878	0.02729	0.13490	0.52829	0.05353	0.05788	0.02207	0.02388	0.02128	0.00764	0.02557	0.00639	0.00425	0.02162	0.00127	0.00490	0.00355	0.00199	0.00554
6	0.00655	0.00340	0.00510	0.00510	0.00516	0.00346	0.00346	0.00516	0.00510	0.00686	0.00698	0.01196	0.00692	0.01471	0.09008	0.80910	0.00395	0.00340	0.00170	0.00182
7	0.00761	0.00464	0.00548	0.00503	0.00650	0.00418	0.00382	0.00938	0.05930	0.18038	0.17823	0.10060	0.37392	0.03737	0.00490	0.00136	0.00234	0.00695	0.00390	0.00410
8	0.02389	0.12740	0.07787	0.06864	0.18993	0.09891	0.05047	0.04994	0.01861	0.04014	0.03954	0.07078	0.08309	0.00506	0.00411	0.00117	0.03894	0.00420	0.00239	0.00493
9	0.00554	0.00377	0.00445	0.00451	0.00465	0.00381	0.00276	0.00578	0.00589	0.00788	0.01312	0.05444	0.03148	0.70601	0.09452	0.00374	0.00422	0.03848	0.00242	0.00252
10	0.00769	0.01983	0.84538	0.01093	0.01659	0.00890	0.01417	0.01214	0.00810	0.01214	0.00688	0.00810	0.00486	0.00364	0.00364	0.00121	0.00567	0.00283	0.00162	0.00567
11	0.00881	0.04761	0.02347	0.05443	0.26072	0.04831	0.04123	0.08444	0.09498	0.01310	0.05678	0.11606	0.03397	0.00589	0.00421	0.00127	0.01589	0.08103	0.00278	0.00503
12	0.04446	0.03009	0.13656	0.06304	0.21680	0.04414	0.05852	0.03690	0.10262	0.02310	0.07683	0.03511	0.02290	0.01699	0.01888	0.00136	0.02039	0.04368	0.00252	0.00512
13	0.02760	0.02995	0.05033	0.00843	0.00977	0.18591	0.03492	0.03234	0.00807	0.03790	0.02477	0.05897	0.04202	0.04299	0.14695	0.00223	0.23551	0.01492	0.00226	0.00419
14	0.58417	0.00782	0.00642	0.02855	0.00830	0.07861	0.00464	0.02254	0.00755	0.01545	0.05120	0.04334	0.00744	0.00427	0.00285	0.00114	0.00326	0.01826	0.02023	0.08396

[dist]
# distance from previous block
# <min> <max>
0	10

[block]
# block no. 7 follows, 71 sequences, length 15
# corresponding to MSA columns:
# 338-352
name=unknown_H
#
# <colnr> <probs for GDERKNQSTAVLIFYWHMCP>
#	G	D	E	R	K	N	Q	S	T	A	V	L	I	F	Y	W	H	M	C	P
0	0.14357	0.11999	0.11000	0.00855	0.05189	0.05547	0.07107	0.05799	0.05398	0.12177	0.05629	0.02870	0.05344	0.00453	0.00350	0.00113	0.00398	0.00366	0.00277	0.04771
1	0.01067	0.04002	0.00999	0.07018	0.03121	0.25193	0.00683	0.10736	0.20045	0.02301	0.01136	0.06252	0.04806	0.02765	0.01826	0.00135	0.06743	0.00405	0.00279	0.00490
2	0.00592	0.00454	0.00517	0.00487	0.00617	0.00429	0.00370	0.00854	0.11735	0.03754	0.36618	0.02984	0.37516	0.00820	0.00443	0.00126	0.00207	0.00700	0.00391	0.00386
3	0.04148	0.00724	0.03803	0.74336	0.02433	0.00835	0.01020	0.01048	0.00784	0.06231	0.00728	0.01018	0.00534	0.00387	0.00377	0.00127	0.00493	0.00337	0.00192	0.00444
4	0.07163	0.04192	0.08408	0.03266	0.09138	0.25653	0.10663	0.03435	0.07032	0.09034	0.02286	0.02710	0.00725	0.00454	0.01282	0.00121	0.02482	0.01197	0.00247	0.00508
5	0.00581	0.00413	0.00517	0.00490	0.00594	0.00382	0.00368	0.00776	0.04115	0.04279	0.61622	0.08088	0.14694	0.00816	0.00450	0.00124	0.00195	0.00714	0.00409	0.00372
6	0.00545	0.00389	0.00524	0.00532	0.00570	0.00423	0.00372	0.00622	0.00604	0.00841	0.01192	0.09278	0.01266	0.35338	0.45271	0.00481	0.00702	0.00527	0.00229	0.00297
7	0.01083	0.04224	0.22848	0.02572	0.13150	0.06220	0.02112	0.24866	0.07871	0.04730	0.02763	0.01044	0.02624	0.00430	0.00374	0.00116	0.00458	0.00346	0.01590	0.00577
8	0.02176	0.00538	0.00616	0.00614	0.00710	0.05327	0.01852	0.07440	0.02029	0.08087	0.02771	0.54429	0.03786	0.03624	0.00498	0.00149	0.00289	0.02398	0.02282	0.00385
9	0.19784	0.00704	0.00821	0.00650	0.00925	0.00683	0.00535	0.11075	0.01073	0.52459	0.01389	0.01268	0.05994	0.00479	0.00359	0.00119	0.00323	0.00370	0.00407	0.00583
10	0.00555	0.00399	0.00475	0.00479	0.00574	0.00363	0.00350	0.02559	0.00912	0.03715	0.24735	0.24700	0.30646	0.03626	0.00504	0.00141	0.00216	0.02576	0.02129	0.00347
11	0.01019	0.61024	0.10814	0.00786	0.04214	0.05360	0.00749	0.03726	0.00839	0.02797	0.00649	0.03531	0.00580	0.00371	0.00285	0.00092	0.00432	0.00259	0.00188	0.02285
12	0.01143	0.03793	0.00972	0.00794	0.01023	0.08788	0.00630	0.20953	0.40452	0.07461	0.04178	0.01282	0.01028	0.03483	0.00453	0.00130	0.02105	0.00396	0.00360	0.00576
13	0.00531	0.00372	0.00473	0.00528	0.00577	0.00353	0.00368	0.00649	0.03414	0.02436	0.09270	0.57919	0.06964	0.06260	0.00563	0.00162	0.00236	0.05299	0.03295	0.00331
14	0.02082	0.03654	0.00940	0.05068	0.03613	0.02648	0.08171	0.06835	0.10411	0.10995	0.05758	0.17637	0.07624	0.04472	0.00522	0.00143	0.03596	0.05044	0.00325	0.00461

[dist]
# distance from previous block
# <min> <max>
0	24

[block]
# block no. 8 follows, 71 sequences, length 15
# corresponding to MSA columns:
# 377-391
name=unknown_I
#
# <colnr> <probs for GDERKNQSTAVLIFYWHMCP>
#	G	D	E	R	K	N	Q	S	T	A	V	L	I	F	Y	W	H	M	C	P
0	0.00744	0.19121	0.00874	0.00560	0.00726	0.01960	0.00449	0.08562	0.04930	0.01183	0.07250	0.17718	0.21331	0.07092	0.00504	0.00136	0.00294	0.00604	0.03248	0.02713
1	0.03826	0.01035	0.22414	0.00798	0.01142	0.00721	0.04807	0.11756	0.02425	0.17819	0.03863	0.01379	0.09503	0.01781	0.00398	0.00116	0.00391	0.01577	0.00302	0.13946
2	0.03460	0.04568	0.13660	0.06745	0.15146	0.03456	0.11783	0.11068	0.08136	0.05385	0.02866	0.01224	0.04680	0.00439	0.00384	0.00119	0.00451	0.02492	0.00258	0.03679
3	0.00489	0.00384	0.00481	0.00500	0.00576	0.00347	0.02940	0.00572	0.00783	0.00995	0.04032	0.38893	0.34464	0.10659	0.00638	0.00169	0.00243	0.02181	0.00338	0.00315
4	0.00546	0.00387	0.00454	0.00462	0.00556	0.00343	0.00332	0.00646	0.00864	0.05419	0.17424	0.25953	0.37578	0.06579	0.00558	0.00150	0.00218	0.00827	0.00366	0.00338
5	0.05086	0.00661	0.03076	0.03326	0.02184	0.05833	0.02045	0.05327	0.06292	0.11058	0.10766	0.10975	0.27126	0.00766	0.02140	0.00136	0.00317	0.00603	0.01851	0.00432
6	0.03238	0.02083	0.06383	0.05114	0.08514	0.05159	0.04392	0.33757	0.02290	0.11097	0.01870	0.05794	0.00780	0.00491	0.00454	0.00123	0.07197	0.00387	0.00311	0.00567
7	0.00613	0.00355	0.00476	0.00476	0.00481	0.00360	0.00304	0.00537	0.00532	0.00715	0.00911	0.01731	0.00981	0.35596	0.08210	0.46487	0.00403	0.00429	0.00196	0.00207
8	0.01294	0.00620	0.00768	0.00628	0.00862	0.00579	0.00505	0.09358	0.05994	0.46820	0.03565	0.06084	0.13971	0.00595	0.00395	0.00121	0.00295	0.00491	0.06502	0.00555
9	0.01041	0.16562	0.10699	0.08443	0.12708	0.10662	0.09083	0.12573	0.02051	0.04217	0.00803	0.04758	0.00667	0.00467	0.02006	0.00123	0.02034	0.00349	0.00229	0.00525
10	0.00644	0.00343	0.00497	0.00497	0.00501	0.00348	0.00330	0.00520	0.00515	0.00691	0.00762	0.01365	0.00781	0.12608	0.07228	0.71253	0.00385	0.00368	0.00178	0.00187
11	0.00777	0.01927	0.79675	0.01124	0.01680	0.00895	0.06223	0.01215	0.00815	0.01215	0.00693	0.00823	0.00491	0.00362	0.00369	0.00122	0.00571	0.00293	0.00164	0.00564
12	0.05010	0.00604	0.00749	0.00636	0.00833	0.00593	0.00507	0.07296	0.06657	0.34980	0.10869	0.06184	0.08880	0.03856	0.05486	0.00164	0.02780	0.03018	0.00392	0.00509
13	0.03037	0.03216	0.02252	0.04395	0.07478	0.02628	0.06217	0.43363	0.11300	0.07971	0.01005	0.02559	0.00752	0.01570	0.00404	0.00122	0.00422	0.00373	0.00338	0.00600
14	0.00851	0.00872	0.06462	0.01128	0.05058	0.03745	0.33832	0.03972	0.00920	0.03917	0.10279	0.09150	0.01195	0.00525	0.00465	0.00127	0.04866	0.03169	0.09001	0.00468

[dist]
# distance from previous block
# <min> <max>
0	4

[block]
# block no. 9 follows, 71 sequences, length 17
# corresponding to MSA columns:
# 396-412
name=unknown_J
#
# <colnr> <probs for GDERKNQSTAVLIFYWHMCP>
#	G	D	E	R	K	N	Q	S	T	A	V	L	I	F	Y	W	H	M	C	P
0	0.10936	0.08175	0.02816	0.06469	0.26085	0.07716	0.19310	0.01214	0.03884	0.02765	0.00802	0.02061	0.00674	0.00400	0.00384	0.00120	0.01450	0.04009	0.00215	0.00515
1	0.00872	0.05297	0.62403	0.01088	0.03335	0.09956	0.04090	0.03548	0.00865	0.01197	0.00693	0.00826	0.00513	0.00449	0.03141	0.00134	0.00585	0.00289	0.00175	0.00545
2	0.00732	0.00501	0.00651	0.00627	0.01983	0.01429	0.01538	0.04240	0.06698	0.07785	0.06050	0.13569	0.05966	0.12342	0.23415	0.09171	0.02096	0.00548	0.00288	0.00372
3	0.02515	0.19477	0.48192	0.00994	0.02882	0.01017	0.05886	0.02521	0.06922	0.03687	0.00800	0.00887	0.01834	0.00379	0.00347	0.00114	0.00497	0.00300	0.00199	0.00549
4	0.00821	0.00821	0.05184	0.63233	0.09873	0.03784	0.05298	0.01077	0.00810	0.04436	0.00721	0.01006	0.00540	0.00380	0.00384	0.00125	0.00514	0.00342	0.00186	0.00464
5	0.01352	0.00666	0.00824	0.00658	0.00902	0.00637	0.00534	0.16997	0.03152	0.45027	0.14238	0.01573	0.04358	0.00537	0.00390	0.00117	0.00306	0.00440	0.06721	0.00573
6	0.00935	0.03997	0.01223	0.43177	0.14407	0.05742	0.02738	0.12078	0.05671	0.02716	0.00838	0.02347	0.01655	0.00414	0.00380	0.00121	0.00477	0.00357	0.00227	0.00500
7	0.01275	0.00979	0.16088	0.01038	0.11551	0.00757	0.05750	0.08635	0.05807	0.37790	0.02276	0.03190	0.00880	0.00461	0.00391	0.00121	0.00408	0.01651	0.00348	0.00604
8	0.00466	0.00366	0.00422	0.00457	0.00538	0.00322	0.00324	0.00558	0.00834	0.01054	0.09814	0.37842	0.43541	0.01051	0.00468	0.00140	0.00205	0.00916	0.00361	0.00322
9	0.00546	0.00402	0.00548	0.05799	0.00691	0.00435	0.00407	0.00632	0.00636	0.00867	0.01364	0.14229	0.05392	0.30126	0.35774	0.00414	0.00620	0.00573	0.00241	0.00306
10	0.01992	0.06519	0.09419	0.11998	0.25993	0.07202	0.09934	0.05251	0.10219	0.02513	0.02113	0.02302	0.00708	0.00403	0.00392	0.00118	0.01796	0.00359	0.00227	0.00541
11	0.00547	0.00409	0.00498	0.00508	0.00564	0.00411	0.00353	0.00670	0.05343	0.01017	0.11897	0.26287	0.16287	0.21805	0.05503	0.03136	0.03394	0.00738	0.00315	0.00318
12	0.25687	0.00641	0.00699	0.00608	0.00816	0.00656	0.00483	0.10324	0.02583	0.26733	0.01370	0.18693	0.03536	0.00616	0.00367	0.00127	0.00299	0.02191	0.03079	0.00490
