[name]
unknown

[dist]
# distance from previous block
# <min> <max>
0	46

[block]
# block no. 0 follows, 72 sequences, length 30
# corresponding to MSA columns:
# 46-75
name=unknown_A
#
# <colnr> <probs for GDERKNQSTAVLIFYWHMCP>
#	G	D	E	R	K	N	Q	S	T	A	V	L	I	F	Y	W	H	M	C	P
0	0.04264	0.04821	0.11325	0.01010	0.08212	0.05273	0.05489	0.30730	0.12493	0.06972	0.00988	0.01127	0.00757	0.00451	0.00376	0.00118	0.00434	0.04275	0.00307	0.00577
1	0.00641	0.00457	0.00555	0.00528	0.00645	0.00434	0.00393	0.02986	0.08843	0.05825	0.36040	0.22154	0.14083	0.00830	0.00439	0.00127	0.00220	0.00727	0.00385	0.03690
2	0.00958	0.00924	0.01491	0.03516	0.74116	0.03848	0.02383	0.03650	0.00898	0.01256	0.00749	0.01018	0.00637	0.00362	0.00379	0.00114	0.00459	0.02457	0.00198	0.00586
3	0.06821	0.02201	0.07139	0.04877	0.17104	0.03952	0.27189	0.11065	0.06730	0.05822	0.01869	0.00995	0.00660	0.00381	0.00398	0.00120	0.01518	0.00369	0.00244	0.00545
4	0.00597	0.00443	0.00596	0.00602	0.00668	0.01509	0.02568	0.02622	0.01867	0.03035	0.01614	0.43184	0.03806	0.03659	0.22597	0.00271	0.04169	0.00741	0.05104	0.00348
5	0.00473	0.00340	0.00451	0.00536	0.00566	0.00318	0.00369	0.00548	0.00742	0.00983	0.02149	0.77169	0.05526	0.01169	0.00486	0.00155	0.00229	0.07128	0.00352	0.00312
6	0.00939	0.00862	0.01459	0.02177	0.77072	0.00858	0.01101	0.01153	0.00864	0.04006	0.00813	0.05494	0.00713	0.00387	0.00381	0.00115	0.00434	0.00379	0.00206	0.00587
7	0.05954	0.09694	0.25138	0.05408	0.01282	0.09594	0.03431	0.08000	0.03714	0.17405	0.00942	0.06181	0.00732	0.00444	0.00358	0.00116	0.00455	0.00352	0.00267	0.00533
8	0.01664	0.00634	0.00860	0.00663	0.00948	0.00550	0.00546	0.01812	0.01075	0.81427	0.01486	0.01296	0.00940	0.00468	0.00377	0.00116	0.00317	0.00380	0.03806	0.00634
9	0.00910	0.00872	0.01487	0.13142	0.73717	0.00894	0.01150	0.01139	0.00850	0.01204	0.00708	0.00948	0.00588	0.00343	0.00376	0.00114	0.00458	0.00338	0.00185	0.00577
10	0.05422	0.08470	0.06718	0.05591	0.11157	0.07491	0.12003	0.12225	0.03411	0.09078	0.04187	0.06919	0.04719	0.00479	0.00378	0.00117	0.00435	0.00415	0.00271	0.00512
11	0.01350	0.07254	0.14310	0.00735	0.01047	0.00724	0.00690	0.09710	0.01037	0.47439	0.01195	0.01181	0.00821	0.03757	0.04215	0.00145	0.00405	0.00355	0.03049	0.00582
12	0.00472	0.00350	0.00432	0.00491	0.00538	0.00320	0.00336	0.00545	0.00755	0.00977	0.03795	0.57042	0.21150	0.07749	0.00589	0.00165	0.00228	0.03417	0.00344	0.00307
13	0.02276	0.09279	0.18203	0.00927	0.05566	0.00872	0.07221	0.16982	0.03825	0.17658	0.08513	0.01267	0.03506	0.00464	0.00377	0.00116	0.00411	0.01677	0.00307	0.00555
14	0.03403	0.11665	0.03344	0.16049	0.12549	0.04366	0.08243	0.22268	0.01089	0.08894	0.00850	0.04106	0.00668	0.00419	0.00366	0.00114	0.00451	0.00355	0.00263	0.00539
15	0.21320	0.06117	0.15765	0.02754	0.12312	0.20604	0.08183	0.03009	0.00876	0.04799	0.00666	0.00786	0.00515	0.00364	0.00332	0.00112	0.00498	0.00280	0.00210	0.00497
16	0.01074	0.68813	0.01800	0.03916	0.01070	0.11551	0.00678	0.05528	0.00861	0.00979	0.00560	0.00649	0.00496	0.00341	0.00268	0.00087	0.00444	0.00220	0.00178	0.00487
17	0.00687	0.00497	0.00630	0.00541	0.00696	0.00451	0.00403	0.00781	0.00674	0.03926	0.00925	0.02479	0.00881	0.17454	0.24995	0.08618	0.00511	0.00367	0.01665	0.32820
18	0.01799	0.17613	0.48488	0.00967	0.01412	0.02595	0.06730	0.04236	0.02307	0.02330	0.01878	0.02002	0.00612	0.00384	0.00347	0.00112	0.00500	0.01621	0.00192	0.03876
19	0.07041	0.16950	0.18272	0.00795	0.01082	0.03712	0.04625	0.10199	0.05446	0.04741	0.02255	0.09577	0.00873	0.00802	0.11822	0.00182	0.00502	0.00390	0.00247	0.00487
20	0.04287	0.00612	0.00759	0.00615	0.00849	0.00579	0.00498	0.05244	0.08482	0.49899	0.07336	0.01395	0.01123	0.00486	0.00361	0.00113	0.00288	0.00395	0.16118	0.00561
21	0.00519	0.00412	0.00481	0.04442	0.00652	0.00384	0.00369	0.02060	0.00859	0.02160	0.10516	0.21777	0.48758	0.00937	0.00467	0.00133	0.02295	0.00799	0.01642	0.00338
22	0.02055	0.07401	0.50965	0.02188	0.04357	0.03753	0.02816	0.05742	0.00856	0.03618	0.01928	0.00943	0.01352	0.00648	0.09606	0.00170	0.00574	0.00309	0.00195	0.00526
23	0.00774	0.00603	0.01872	0.00665	0.02067	0.03211	0.00506	0.05510	0.06466	0.06979	0.01575	0.14123	0.14172	0.07176	0.08620	0.06480	0.13982	0.00546	0.04282	0.00391
24	0.01113	0.00634	0.00730	0.00606	0.00803	0.00643	0.00483	0.24844	0.02189	0.20753	0.10396	0.05968	0.03254	0.00542	0.00362	0.00111	0.00284	0.00443	0.25337	0.00505
25	0.02091	0.16606	0.20540	0.01312	0.23147	0.12715	0.08602	0.01167	0.00851	0.01106	0.00772	0.07952	0.00692	0.00417	0.00358	0.00112	0.00497	0.00358	0.00193	0.00513
26	0.00973	0.24527	0.20006	0.03345	0.11180	0.05422	0.07068	0.11605	0.00941	0.02562	0.00804	0.00931	0.03139	0.00524	0.05283	0.00136	0.00509	0.00311	0.00210	0.00523
27	0.00902	0.00479	0.00611	0.00535	0.00697	0.00430	0.00416	0.01076	0.03478	0.27974	0.36662	0.06885	0.16861	0.00724	0.00427	0.00122	0.00233	0.00622	0.00418	0.00448
28	0.00468	0.00337	0.00436	0.00511	0.00541	0.00313	0.00341	0.00535	0.00734	0.00972	0.03994	0.74332	0.08159	0.05706	0.00558	0.00163	0.00225	0.01022	0.00347	0.00306
29	0.00941	0.09621	0.32760	0.03448	0.27651	0.06870	0.02089	0.05852	0.00893	0.02966	0.00712	0.00872	0.00558	0.01372	0.01713	0.00123	0.00511	0.00303	0.00193	0.00553

[dist]
# distance from previous block
# <min> <max>
0	1

[block]
# block no. 1 follows, 72 sequences, length 21
# corresponding to MSA columns:
# 77-97
name=unknown_B
#
# <colnr> <probs for GDERKNQSTAVLIFYWHMCP>
#	G	D	E	R	K	N	Q	S	T	A	V	L	I	F	Y	W	H	M	C	P
0	0.00601	0.00646	0.11548	0.00679	0.01792	0.00483	0.06338	0.00780	0.02909	0.03689	0.07562	0.32304	0.20582	0.02820	0.02777	0.00155	0.01242	0.02395	0.00314	0.00384
1	0.00987	0.78025	0.10630	0.00694	0.01043	0.01436	0.00728	0.01142	0.00774	0.00925	0.00543	0.00628	0.00486	0.00328	0.00256	0.00085	0.00422	0.00211	0.00162	0.00494
2	0.01003	0.02217	0.04067	0.01306	0.28297	0.12163	0.06618	0.03905	0.01989	0.05633	0.00742	0.00876	0.00592	0.00339	0.00344	0.00094	0.00434	0.00296	0.00223	0.28859
3	0.01081	0.10388	0.14106	0.04267	0.19083	0.19587	0.04049	0.06111	0.07409	0.05987	0.01913	0.00911	0.00645	0.00394	0.00377	0.00111	0.02508	0.00313	0.00227	0.00534
4	0.01338	0.01516	0.01000	0.00887	0.01087	0.61603	0.00676	0.14647	0.01157	0.01222	0.00715	0.00806	0.00571	0.00407	0.00339	0.00099	0.00581	0.00273	0.10613	0.00463
5	0.00540	0.00398	0.00575	0.00579	0.00635	0.00453	0.00435	0.00654	0.00606	0.00863	0.01081	0.04786	0.01067	0.14711	0.70179	0.00558	0.00894	0.00452	0.00212	0.00322
6	0.00630	0.00509	0.00568	0.00545	0.00595	0.06028	0.03144	0.00724	0.04637	0.00855	0.01279	0.09860	0.02695	0.53960	0.10458	0.00329	0.00448	0.02197	0.00246	0.00294
7	0.05376	0.00640	0.00849	0.00657	0.00941	0.00563	0.00542	0.01786	0.01058	0.78383	0.01447	0.01266	0.00918	0.00464	0.00371	0.00116	0.00317	0.00373	0.03307	0.00626
8	0.00680	0.00606	0.00772	0.00730	0.00794	0.05621	0.02161	0.00819	0.03504	0.00949	0.01175	0.11722	0.03251	0.05367	0.30238	0.01924	0.20992	0.08096	0.00236	0.00364
9	0.00492	0.00372	0.00454	0.00463	0.00546	0.00334	0.00336	0.00617	0.00923	0.01233	0.39509	0.24674	0.26793	0.00936	0.00457	0.00131	0.00193	0.00821	0.00382	0.00334
10	0.00530	0.00359	0.00420	0.00441	0.00446	0.00353	0.00259	0.00546	0.00593	0.00791	0.01409	0.22540	0.01649	0.66245	0.01585	0.00317	0.00332	0.00677	0.00259	0.00248
11	0.00687	0.00576	0.00927	0.03513	0.16699	0.00556	0.10956	0.00867	0.03887	0.04662	0.01773	0.39086	0.11038	0.00809	0.00444	0.00137	0.00332	0.02328	0.00302	0.00420
12	0.79877	0.00739	0.00602	0.00525	0.00766	0.00842	0.00433	0.04177	0.00719	0.07630	0.00611	0.00675	0.00457	0.00364	0.00250	0.00117	0.00300	0.00223	0.00257	0.00436
13	0.00911	0.00868	0.01472	0.06270	0.76806	0.00876	0.01119	0.01129	0.00845	0.01205	0.00732	0.01008	0.00629	0.04004	0.00442	0.00124	0.00450	0.00347	0.00189	0.00576
14	0.01418	0.00715	0.00842	0.00668	0.00918	0.02536	0.00544	0.22098	0.01199	0.44750	0.01292	0.02934	0.00893	0.00474	0.00360	0.00111	0.00325	0.00377	0.16964	0.00579
15	0.00692	0.00672	0.04285	0.00697	0.00807	0.10053	0.04846	0.03504	0.00744	0.00979	0.01166	0.18437	0.01199	0.11048	0.35493	0.00354	0.02298	0.00531	0.01836	0.00362
16	0.01067	0.01087	0.09818	0.01076	0.03302	0.07649	0.21013	0.22593	0.07653	0.05135	0.01008	0.01111	0.04676	0.00533	0.03355	0.00140	0.07591	0.00386	0.00271	0.00537
17	0.06597	0.00546	0.00612	0.00595	0.00722	0.02185	0.00459	0.12660	0.03056	0.07118	0.01716	0.32053	0.06331	0.00820	0.00417	0.00135	0.00282	0.11949	0.11341	0.00409
18	0.00602	0.00571	0.04132	0.03400	0.06574	0.04416	0.02956	0.00757	0.03279	0.01057	0.04014	0.44948	0.12034	0.00935	0.00456	0.00143	0.00304	0.08735	0.00317	0.00370
19	0.11025	0.12967	0.09180	0.05509	0.19114	0.12067	0.09192	0.10483	0.01898	0.01317	0.00681	0.00820	0.00540	0.00360	0.00341	0.00108	0.00478	0.00295	0.00213	0.03410
20	0.05936	0.18757	0.13076	0.09845	0.20971	0.08290	0.06609	0.06559	0.02338	0.02187	0.00685	0.00834	0.00545	0.00358	0.00340	0.00108	0.00478	0.00295	0.00200	0.01589

[dist]
# distance from previous block
# <min> <max>
1	10

[block]
# block no. 2 follows, 72 sequences, length 30
# corresponding to MSA columns:
# 110-139
name=unknown_C
#
# <colnr> <probs for GDERKNQSTAVLIFYWHMCP>
#	G	D	E	R	K	N	Q	S	T	A	V	L	I	F	Y	W	H	M	C	P
0	0.05012	0.11482	0.14389	0.06082	0.18008	0.06073	0.01774	0.04582	0.07829	0.08024	0.02976	0.03893	0.00764	0.00449	0.01385	0.00118	0.01695	0.00342	0.00242	0.04882
1	0.01848	0.13060	0.16447	0.02550	0.26861	0.10251	0.06955	0.02177	0.00872	0.06323	0.00793	0.04914	0.00671	0.02051	0.00388	0.00115	0.00478	0.00344	0.00210	0.02693
2	0.01630	0.00760	0.00951	0.00729	0.01025	0.00728	0.00602	0.24199	0.01278	0.61946	0.01335	0.01186	0.00858	0.00466	0.00381	0.00116	0.00349	0.00370	0.00445	0.00645
3	0.00694	0.00626	0.03676	0.02661	0.17803	0.01868	0.02021	0.03501	0.07166	0.01225	0.09918	0.17723	0.17220	0.03113	0.00455	0.00132	0.00305	0.02011	0.07457	0.00427
4	0.01062	0.04334	0.16376	0.04216	0.30195	0.06261	0.03608	0.07518	0.02743	0.12721	0.02082	0.00969	0.00665	0.00401	0.00418	0.00117	0.05173	0.00333	0.00242	0.00566
5	0.01188	0.00769	0.00962	0.00797	0.00971	0.04075	0.01664	0.15829	0.01016	0.28250	0.04774	0.03514	0.00937	0.00790	0.08960	0.00179	0.22474	0.02004	0.00327	0.00518
6	0.00540	0.00395	0.00564	0.00568	0.00620	0.00446	0.00421	0.00646	0.00603	0.00856	0.01099	0.05499	0.01102	0.19070	0.65179	0.00542	0.00854	0.00465	0.00215	0.00316
7	0.00836	0.07862	0.15498	0.04012	0.17708	0.03005	0.12463	0.05347	0.03706	0.02352	0.05103	0.13334	0.03894	0.00581	0.02501	0.00133	0.00451	0.00475	0.00242	0.00495
8	0.00883	0.00877	0.09449	0.13578	0.34499	0.00797	0.03726	0.03237	0.08251	0.06201	0.02195	0.04852	0.04961	0.01675	0.00406	0.00123	0.00418	0.00410	0.02932	0.00529
9	0.03617	0.00729	0.00877	0.00687	0.00966	0.06051	0.00562	0.04945	0.01092	0.71237	0.01384	0.01226	0.00887	0.00460	0.00371	0.00115	0.00344	0.00366	0.03467	0.00617
10	0.00714	0.00555	0.00605	0.00562	0.00713	0.00577	0.00432	0.01145	0.28498	0.05651	0.05986	0.06529	0.36573	0.00747	0.00446	0.00128	0.03582	0.00619	0.05501	0.00437
11	0.02022	0.15229	0.24489	0.02223	0.15949	0.05126	0.06834	0.08995	0.04507	0.08127	0.00794	0.00896	0.00601	0.00424	0.02082	0.00121	0.00489	0.00311	0.00227	0.00555
12	0.00509	0.00430	0.02489	0.00523	0.02188	0.00369	0.00378	0.03017	0.00834	0.01068	0.06686	0.38546	0.36414	0.03051	0.00494	0.00144	0.00230	0.01948	0.00345	0.00336
13	0.00919	0.29639	0.28814	0.00978	0.06841	0.06462	0.06354	0.03105	0.00854	0.03110	0.03073	0.05423	0.02052	0.00416	0.00339	0.00108	0.00472	0.00333	0.00200	0.00509
14	0.00896	0.01984	0.04903	0.00683	0.02852	0.03743	0.00558	0.09158	0.02504	0.02768	0.00730	0.00844	0.00593	0.01626	0.00340	0.00077	0.01478	0.00255	0.00241	0.63768
15	0.03845	0.30641	0.22528	0.02867	0.01197	0.10884	0.01827	0.04641	0.07571	0.02581	0.00789	0.02668	0.00664	0.00472	0.02435	0.00119	0.00479	0.03077	0.00212	0.00503
16	0.01277	0.04691	0.07659	0.00966	0.01206	0.57793	0.04841	0.07887	0.02197	0.02507	0.00720	0.04236	0.00608	0.00449	0.01247	0.00110	0.00614	0.00304	0.00220	0.00470
17	0.00632	0.00526	0.03488	0.02633	0.00773	0.01399	0.02514	0.03610	0.03973	0.03783	0.09356	0.39163	0.11346	0.00898	0.00446	0.00136	0.00276	0.08203	0.00338	0.06506
18	0.00541	0.00423	0.00501	0.00548	0.00608	0.02479	0.00380	0.00696	0.07211	0.01047	0.06034	0.63151	0.06043	0.04008	0.00514	0.00152	0.00243	0.01963	0.00346	0.03110
19	0.26940	0.00667	0.00774	0.00614	0.00888	0.00636	0.00506	0.01585	0.00942	0.55924	0.01180	0.01079	0.00772	0.00428	0.00333	0.00114	0.00310	0.00324	0.01966	0.04019
20	0.00639	0.00338	0.00504	0.00508	0.00516	0.00344	0.00346	0.00515	0.00515	0.00694	0.00752	0.04515	0.00761	0.01473	0.10268	0.76183	0.00398	0.00367	0.00176	0.00189
21	0.00916	0.00884	0.01518	0.04981	0.76469	0.00885	0.03961	0.01142	0.00861	0.01223	0.00800	0.01019	0.02907	0.00356	0.00380	0.00114	0.00452	0.00354	0.00192	0.00584
22	0.89350	0.00733	0.00557	0.00499	0.00733	0.00851	0.00411	0.01115	0.00645	0.01702	0.00528	0.00616	0.00411	0.00352	0.00235	0.00117	0.00293	0.00205	0.00235	0.00411
23	0.00535	0.00455	0.03536	0.00647	0.03138	0.00410	0.03624	0.00643	0.00724	0.00982	0.01787	0.47477	0.06915	0.04729	0.15594	0.01780	0.00407	0.04459	0.01821	0.00337
24	0.00538	0.00375	0.00485	0.00492	0.00518	0.00368	0.02345	0.00569	0.00631	0.00845	0.03630	0.25334	0.04343	0.45525	0.06396	0.06032	0.00360	0.00682	0.00265	0.00267
25	0.00816	0.00835	0.09466	0.00947	0.02496	0.03588	0.21890	0.08822	0.01917	0.05117	0.09317	0.23719	0.03750	0.00675	0.00437	0.00132	0.00409	0.04914	0.00298	0.00454
26	0.00557	0.00400	0.00490	0.00505	0.00585	0.00375	0.00362	0.02934	0.03340	0.03488	0.24056	0.39347	0.17861	0.03272	0.00498	0.00143	0.00219	0.00849	0.00371	0.00349
27	0.01508	0.00456	0.00582	0.00560	0.01858	0.00445	0.01599	0.03908	0.03014	0.10799	0.18735	0.19830	0.01934	0.26650	0.03808	0.00217	0.00314	0.00641	0.02778	0.00365
28	0.02403	0.01068	0.10799	0.20396	0.32986	0.13535	0.02096	0.02925	0.00889	0.01172	0.05037	0.02449	0.00737	0.00399	0.00372	0.00115	0.00488	0.00347	0.01276	0.00508
29	0.06860	0.13221	0.17403	0.00887	0.05096	0.12674	0.00794	0.16102	0.08733	0.04469	0.04933	0.02533	0.02448	0.00451	0.00351	0.00112	0.00439	0.01702	0.00266	0.00525

[dist]
# distance from previous block
# <min> <max>
1	19

[block]
# block no. 3 follows, 72 sequences, length 19
# corresponding to MSA columns:
# 166-184
name=unknown_D
#
# <colnr> <probs for GDERKNQSTAVLIFYWHMCP>
#	G	D	E	R	K	N	Q	S	T	A	V	L	I	F	Y	W	H	M	C	P
0	0.03635	0.16128	0.07899	0.00825	0.09375	0.04784	0.01694	0.05927	0.04589	0.04432	0.14506	0.08475	0.03731	0.00557	0.01396	0.00115	0.00354	0.00438	0.07300	0.03839
1	0.02630	0.37101	0.05256	0.03994	0.03093	0.07631	0.00704	0.18036	0.07794	0.01336	0.02435	0.00833	0.00645	0.00383	0.00311	0.00097	0.00417	0.00276	0.00239	0.06789
2	0.03699	0.00418	0.00550	0.00541	0.00590	0.00463	0.00391	0.00664	0.00640	0.00935	0.08831	0.04347	0.01327	0.27774	0.39615	0.02259	0.04266	0.00483	0.01898	0.00309
3	0.02280	0.25277	0.20668	0.03159	0.18580	0.03815	0.00930	0.05040	0.00853	0.02769	0.01909	0.02669	0.00618	0.00391	0.00379	0.00107	0.05216	0.00298	0.00197	0.04846
4	0.00828	0.07953	0.18939	0.02740	0.09422	0.00790	0.04503	0.10287	0.04935	0.03392	0.04053	0.19709	0.01214	0.00688	0.03097	0.00143	0.01717	0.04836	0.00270	0.00485
5	0.00587	0.00458	0.00518	0.00518	0.00557	0.05122	0.00350	0.00648	0.00630	0.00833	0.03010	0.08592	0.02799	0.44634	0.28702	0.00405	0.00577	0.00535	0.00235	0.00287
6	0.00534	0.00364	0.00415	0.00427	0.00437	0.00357	0.00249	0.00548	0.00592	0.00782	0.01459	0.13463	0.06140	0.70778	0.01660	0.00327	0.00339	0.00634	0.00253	0.00245
7	0.04301	0.19516	0.17195	0.03296	0.10442	0.05116	0.14115	0.04701	0.04683	0.10543	0.00817	0.02230	0.00630	0.00381	0.00352	0.00112	0.00473	0.00327	0.00231	0.00537
8	0.00696	0.00473	0.00579	0.02407	0.00685	0.00471	0.00408	0.05438	0.08286	0.07430	0.26948	0.20662	0.07632	0.12125	0.02384	0.00170	0.00273	0.00678	0.01868	0.00387
9	0.00617	0.00385	0.00468	0.00488	0.00561	0.00377	0.00355	0.01592	0.02781	0.03845	0.10763	0.31540	0.04956	0.04710	0.05194	0.00164	0.00266	0.04521	0.26068	0.00349
10	0.11936	0.03397	0.03834	0.00838	0.06795	0.07283	0.00638	0.07405	0.23044	0.11526	0.05329	0.01271	0.03881	0.02583	0.03153	0.00142	0.05736	0.00379	0.00311	0.00518
11	0.18738	0.08176	0.10773	0.04303	0.14661	0.04935	0.10508	0.10705	0.02225	0.05995	0.00849	0.02930	0.02803	0.00404	0.00347	0.00115	0.00438	0.00336	0.00241	0.00517
12	0.00519	0.00380	0.00527	0.00551	0.00601	0.00404	0.00402	0.00621	0.00670	0.00926	0.05319	0.24917	0.04353	0.12698	0.43120	0.00407	0.00637	0.02366	0.00265	0.00317
13	0.00936	0.00495	0.00632	0.00567	0.00727	0.00462	0.00445	0.03488	0.02888	0.27909	0.13830	0.12514	0.15097	0.00934	0.08429	0.00172	0.00329	0.04606	0.05092	0.00449
14	0.02031	0.06411	0.21576	0.09376	0.23187	0.02649	0.10959	0.01170	0.07112	0.01187	0.02194	0.04171	0.04323	0.00428	0.00391	0.00120	0.01601	0.00384	0.00210	0.00521
15	0.00740	0.00491	0.00667	0.00700	0.08069	0.00465	0.02390	0.02600	0.01757	0.11394	0.23473	0.17805	0.14678	0.00760	0.00434	0.00126	0.01373	0.03131	0.08538	0.00411
16	0.00621	0.02365	0.02493	0.00741	0.03503	0.02703	0.10505	0.00751	0.00760	0.02338	0.01577	0.49183	0.01740	0.01130	0.10707	0.00195	0.00396	0.00772	0.07151	0.00367
17	0.00794	0.02097	0.02967	0.01733	0.04095	0.00594	0.13695	0.03393	0.06078	0.10791	0.11285	0.12532	0.19537	0.01740	0.00454	0.00130	0.01450	0.02740	0.03456	0.00440
18	0.04219	0.09576	0.21578	0.01928	0.05067	0.11047	0.09438	0.10133	0.03359	0.12731	0.00828	0.00917	0.00614	0.00488	0.03591	0.00133	0.03249	0.00318	0.00246	0.00538

[dist]
# distance from previous block
# <min> <max>
0	3

[block]
# block no. 4 follows, 72 sequences, length 6
# corresponding to MSA columns:
# 188-193
name=unknown_E
#
# <colnr> <probs for GDERKNQSTAVLIFYWHMCP>
#	G	D	E	R	K	N	Q	S	T	A	V	L	I	F	Y	W	H	M	C	P
0	0.20675	0.06402	0.12280	0.01002	0.06872	0.06408	0.17856	0.08014	0.03764	0.01371	0.01029	0.03714	0.08153	0.00441	0.00357	0.00118	0.00443	0.00377	0.00237	0.00486
1	0.04187	0.05924	0.12529	0.00807	0.01005	0.07413	0.06966	0.00975	0.03654	0.01190	0.06261	0.25130	0.11382	0.02386	0.00518	0.00153	0.03922	0.04838	0.00309	0.00452
2	0.12419	0.01038	0.03692	0.05926	0.06619	0.08138	0.00728	0.27905	0.09230	0.04232	0.00929	0.01022	0.00716	0.00458	0.00381	0.00122	0.00430	0.00334	0.00320	0.15363
3	0.00740	0.00529	0.00775	0.00682	0.00825	0.00512	0.11315	0.04833	0.03928	0.09455	0.01840	0.25851	0.14231	0.05464	0.08212	0.00188	0.00375	0.03086	0.06759	0.00401
4	0.08289	0.00812	0.00872	0.00721	0.00944	0.12415	0.06005	0.05836	0.09583	0.21039	0.19258	0.01560	0.05741	0.00526	0.00382	0.00114	0.00355	0.00436	0.00351	0.04762
5	0.03487	0.21821	0.35359	0.04189	0.01377	0.13301	0.03766	0.06024	0.00877	0.01149	0.00633	0.00756	0.00496	0.00377	0.00377	0.00110	0.04938	0.00269	0.00182	0.00512

[dist]
# distance from previous block
# <min> <max>
0	10

[block]
# block no. 5 follows, 72 sequences, length 11
# corresponding to MSA columns:
# 204-214
name=unknown_F
#
# <colnr> <probs for GDERKNQSTAVLIFYWHMCP>
#	G	D	E	R	K	N	Q	S	T	A	V	L	I	F	Y	W	H	M	C	P
0	0.00675	0.00469	0.00592	0.00582	0.00686	0.00467	0.01638	0.03216	0.10994	0.07769	0.09799	0.34720	0.11199	0.04772	0.07883	0.00190	0.00322	0.03285	0.00352	0.00390
1	0.00647	0.00476	0.00513	0.00497	0.00612	0.03570	0.00367	0.02705	0.04136	0.06866	0.17544	0.18629	0.32665	0.04536	0.00498	0.00138	0.00239	0.00727	0.04266	0.00368
2	0.02621	0.08205	0.04894	0.10367	0.28141	0.17799	0.04166	0.03383	0.05255	0.01144	0.00836	0.00994	0.04187	0.00413	0.00418	0.00114	0.06016	0.00332	0.00206	0.00508
3	0.00957	0.31847	0.13364	0.00821	0.03664	0.05394	0.03091	0.12012	0.05813	0.01211	0.00864	0.04212	0.00773	0.05519	0.03977	0.00142	0.00456	0.03507	0.01885	0.00491
4	0.00628	0.00484	0.04213	0.00521	0.00654	0.00397	0.00420	0.00778	0.02914	0.09277	0.13580	0.18831	0.35098	0.02800	0.00482	0.00140	0.00245	0.07802	0.00362	0.00373
5	0.00812	0.02657	0.04208	0.46312	0.17206	0.04662	0.00966	0.03828	0.04034	0.01091	0.00873	0.01132	0.04277	0.01952	0.02967	0.00140	0.01863	0.00358	0.00199	0.00466
6	0.01037	0.12497	0.03696	0.00903	0.09941	0.22263	0.00664	0.04191	0.05313	0.09488	0.07765	0.08386	0.07466	0.00561	0.00377	0.00114	0.00421	0.04162	0.00282	0.00473
7	0.00545	0.00388	0.00526	0.00533	0.00583	0.00414	0.00387	0.00625	0.00638	0.00876	0.03950	0.06247	0.06526	0.24488	0.41928	0.05503	0.00654	0.04654	0.00239	0.00298
8	0.00657	0.00554	0.00862	0.11499	0.19150	0.00567	0.03732	0.00840	0.02808	0.01129	0.09656	0.26282	0.04642	0.02775	0.04202	0.00159	0.00363	0.05637	0.04075	0.00410
9	0.02580	0.11031	0.05342	0.07116	0.25314	0.10921	0.02703	0.11559	0.04079	0.03206	0.01020	0.02618	0.07492	0.00447	0.00389	0.00113	0.02948	0.00364	0.00238	0.00522
10	0.00976	0.04665	0.02782	0.05836	0.32095	0.05029	0.02235	0.04372	0.06060	0.08855	0.02570	0.02879	0.00811	0.05318	0.01593	0.00142	0.11270	0.01752	0.00242	0.00519

[dist]
# distance from previous block
# <min> <max>
2	8

[block]
# block no. 6 follows, 72 sequences, length 13
# corresponding to MSA columns:
# 223-235
name=unknown_G
#
# <colnr> <probs for GDERKNQSTAVLIFYWHMCP>
#	G	D	E	R	K	N	Q	S	T	A	V	L	I	F	Y	W	H	M	C	P
0	0.05052	0.31772	0.20218	0.00881	0.02279	0.08828	0.10008	0.01191	0.01811	0.04438	0.02470	0.00932	0.04270	0.00383	0.00325	0.00103	0.00464	0.00300	0.00203	0.04074
1	0.00736	0.03304	0.00627	0.00560	0.00667	0.00547	0.00418	0.12268	0.04499	0.03634	0.06522	0.29804	0.06935	0.09935	0.00594	0.00154	0.02775	0.01941	0.13694	0.00389
2	0.00794	0.03493	0.18562	0.03117	0.11192	0.02028	0.13528	0.04879	0.01939	0.01193	0.01053	0.04649	0.05521	0.02051	0.09644	0.00178	0.05519	0.01163	0.09028	0.00471
3	0.00752	0.04470	0.40546	0.04021	0.05605	0.00766	0.00958	0.07647	0.02641	0.01253	0.05762	0.08989	0.11918	0.00601	0.02307	0.00133	0.00441	0.00455	0.00242	0.00492
4	0.01046	0.02160	0.14994	0.00797	0.03332	0.00704	0.01664	0.13211	0.05063	0.22075	0.02931	0.06244	0.02037	0.03650	0.12061	0.00196	0.00470	0.03916	0.00318	0.03132
5	0.00536	0.00386	0.00515	0.00524	0.00570	0.00411	0.00373	0.00623	0.00644	0.00887	0.05433	0.08959	0.05564	0.30022	0.39759	0.00431	0.00634	0.03184	0.00247	0.00301
6	0.00514	0.00385	0.00527	0.00619	0.03727	0.00385	0.00413	0.00641	0.04306	0.00991	0.01840	0.65726	0.02125	0.01396	0.14245	0.00225	0.00362	0.00913	0.00323	0.00337
7	0.00898	0.05175	0.07703	0.32858	0.20660	0.05138	0.05735	0.08969	0.02145	0.01188	0.00727	0.00983	0.00579	0.02734	0.00444	0.02547	0.00489	0.00335	0.00200	0.00494
8	0.01064	0.00969	0.02948	0.02782	0.07454	0.09193	0.10426	0.25297	0.02952	0.03914	0.00871	0.04741	0.00745	0.05910	0.04141	0.00162	0.15269	0.00392	0.00264	0.00506
9	0.00595	0.00468	0.00623	0.00601	0.00712	0.00455	0.06386	0.00814	0.09053	0.01132	0.05680	0.20395	0.21386	0.07682	0.00566	0.00157	0.00281	0.15155	0.07497	0.00362
10	0.00599	0.00511	0.00696	0.16591	0.05933	0.00530	0.01674	0.00840	0.10069	0.01098	0.05554	0.26911	0.24649	0.00817	0.00436	0.00135	0.00294	0.01962	0.00312	0.00388
11	0.00867	0.00724	0.00829	0.00605	0.00934	0.00599	0.00486	0.10339	0.04044	0.01381	0.00734	0.00824	0.00594	0.00310	0.00296	0.00065	0.00297	0.00246	0.00248	0.75579
12	0.59258	0.12504	0.02817	0.00555	0.00787	0.02930	0.00471	0.03488	0.02947	0.01481	0.00638	0.00837	0.00548	0.08947	0.00419	0.00137	0.00336	0.00252	0.00230	0.00419

[dist]
# distance from previous block
# <min> <max>
1	4

[block]
# block no. 7 follows, 72 sequences, length 11
# corresponding to MSA columns:
# 241-251
name=unknown_H
#
# <colnr> <probs for GDERKNQSTAVLIFYWHMCP>
#	G	D	E	R	K	N	Q	S	T	A	V	L	I	F	Y	W	H	M	C	P
0	0.00867	0.03382	0.16289	0.05358	0.14104	0.03996	0.00793	0.06484	0.07582	0.02770	0.03211	0.05390	0.00840	0.05803	0.00451	0.00119	0.00400	0.00362	0.00241	0.21557
1	0.00546	0.00385	0.00488	0.00536	0.00591	0.00367	0.00374	0.00674	0.04942	0.03199	0.05719	0.56925	0.06427	0.09209	0.00609	0.00169	0.00247	0.06266	0.00346	0.01980
2	0.37681	0.00664	0.00762	0.02753	0.00877	0.00714	0.05510	0.03900	0.00774	0.18445	0.00895	0.01147	0.00727	0.12730	0.08333	0.00200	0.02832	0.00335	0.00278	0.00441
3	0.02436	0.22528	0.35982	0.03276	0.04465	0.07945	0.11561	0.05486	0.00878	0.01171	0.00657	0.00786	0.00507	0.00353	0.00341	0.00109	0.00525	0.00285	0.00182	0.00526
4	0.00724	0.00525	0.01622	0.04776	0.02921	0.00521	0.03510	0.00964	0.10795	0.10222	0.06774	0.32021	0.07593	0.03486	0.05696	0.00175	0.01887	0.05042	0.00336	0.00411
5	0.00630	0.00470	0.00523	0.00536	0.00638	0.03471	0.00403	0.00819	0.07362	0.05009	0.10772	0.27255	0.23545	0.00905	0.00443	0.00136	0.00249	0.10216	0.06251	0.00368
6	0.53591	0.04324	0.07076	0.00690	0.03805	0.06474	0.00578	0.06637	0.00791	0.03384	0.00645	0.03013	0.00524	0.00391	0.00305	0.00114	0.02606	0.00259	0.00238	0.04555
7	0.19676	0.03064	0.04993	0.22793	0.03595	0.07516	0.01925	0.14493	0.04047	0.01403	0.00714	0.00882	0.00555	0.00476	0.02749	0.00133	0.06666	0.00301	0.01869	0.02149
8	0.04249	0.02140	0.03696	0.11964	0.01122	0.04155	0.02941	0.04274	0.00811	0.09541	0.04466	0.16689	0.03355	0.00787	0.05757	0.00164	0.18994	0.01879	0.00266	0.02748
9	0.00498	0.00376	0.00448	0.00483	0.00550	0.00350	0.00340	0.00612	0.03323	0.01034	0.09662	0.37183	0.26954	0.11217	0.00641	0.00169	0.00235	0.05261	0.00344	0.00318
10	0.16362	0.03153	0.11544	0.00696	0.04065	0.00613	0.03099	0.01955	0.00804	0.02314	0.04531	0.06289	0.19677	0.02110	0.05957	0.00159	0.00373	0.08961	0.00273	0.07064

[dist]
# distance from previous block
# <min> <max>
4	7

[block]
# block no. 8 follows, 72 sequences, length 7
# corresponding to MSA columns:
# 260-266
name=unknown_I
#
# <colnr> <probs for GDERKNQSTAVLIFYWHMCP>
#	G	D	E	R	K	N	Q	S	T	A	V	L	I	F	Y	W	H	M	C	P
0	0.01217	0.00872	0.00888	0.00743	0.00966	0.11500	0.00590	0.17837	0.17646	0.22381	0.08369	0.03500	0.03818	0.00528	0.00412	0.00118	0.03329	0.00417	0.02516	0.02354
1	0.00473	0.00348	0.00444	0.00502	0.00546	0.00326	0.00344	0.00551	0.00749	0.00988	0.06452	0.59643	0.15183	0.05580	0.05817	0.00187	0.00271	0.00946	0.00340	0.00310
2	0.00871	0.02042	0.07590	0.10229	0.19416	0.04170	0.14238	0.03016	0.08419	0.04617	0.01150	0.06655	0.05770	0.00534	0.01773	0.00132	0.02903	0.03253	0.02721	0.00499
3	0.08754	0.04076	0.08090	0.07740	0.38606	0.05219	0.06828	0.04084	0.03250	0.03413	0.00815	0.05967	0.00695	0.00408	0.00368	0.00117	0.00451	0.00367	0.00218	0.00534
4	0.00575	0.00389	0.00506	0.00552	0.00609	0.00375	0.00386	0.04552	0.00791	0.05125	0.01999	0.68036	0.05787	0.01235	0.06969	0.00184	0.00294	0.00945	0.00348	0.00344
5	0.00487	0.00387	0.00441	0.00467	0.00556	0.00352	0.00335	0.00630	0.05235	0.01072	0.09437	0.35146	0.42073	0.01009	0.00459	0.00137	0.00207	0.00878	0.00359	0.00333
6	0.04647	0.26914	0.05930	0.04648	0.21600	0.08598	0.04853	0.04868	0.08706	0.04708	0.00758	0.00862	0.00606	0.00369	0.00331	0.00105	0.00448	0.00296	0.00220	0.00534

[dist]
# distance from previous block
# <min> <max>
0	1

[block]
# block no. 9 follows, 72 sequences, length 12
# corresponding to MSA columns:
# 268-279
name=unknown_J
#
# <colnr> <probs for GDERKNQSTAVLIFYWHMCP>
#	G	D	E	R	K	N	Q	S	T	A	V	L	I	F	Y	W	H	M	C	P
0	0.00548	0.00416	0.00517	0.00573	0.04471	0.00397	0.00385	0.00658	0.02633	0.02700	0.06120	0.27937	0.28435	0.13798	0.03743	0.00190	0.01886	0.03935	0.00323	0.00334
1	0.00656	0.00670	0.09033	0.00881	0.13762	0.00557	0.01760	0.03823	0.06624	0.01250	0.18867	0.24650	0.12118	0.00818	0.02655	0.00142	0.00317	0.00670	0.00318	0.00426
2	0.02554	0.02753	0.11211	0.08752	0.14064	0.07468	0.08518	0.10916	0.02328	0.06839	0.02847	0.11983	0.03817	0.01536	0.00422	0.00125	0.01759	0.00454	0.01155	0.00499
3	0.01128	0.05470	0.06367	0.07451	0.20342	0.16488	0.00852	0.12568	0.10042	0.08838	0.00877	0.02189	0.00681	0.00419	0.00387	0.00113	0.02768	0.00333	0.00261	0.02428
4	0.00968	0.03227	0.08548	0.21627	0.20356	0.04360	0.15037	0.09559	0.03816	0.05869	0.00854	0.01026	0.02253	0.00386	0.00385	0.00119	0.00493	0.00359	0.00226	0.00531
5	0.00779	0.03388	0.58203	0.01076	0.04471	0.03055	0.07779	0.01178	0.04402	0.01210	0.05066	0.04410	0.02454	0.00429	0.00377	0.00121	0.00511	0.00362	0.00199	0.00530
6	0.01019	0.07182	0.18024	0.01278	0.17625	0.14886	0.13553	0.07390	0.03784	0.04593	0.02358	0.05041	0.00729	0.00417	0.00376	0.00115	0.00508	0.00366	0.00227	0.00531
7	0.03325	0.09814	0.09926	0.06431	0.19386	0.03464	0.14718	0.09007	0.08527	0.02443	0.04541	0.02350	0.01845	0.00423	0.00378	0.00117	0.00456	0.02078	0.00241	0.00530
8	0.00905	0.04843	0.25692	0.04078	0.10534	0.00840	0.11087	0.04989	0.07764	0.09060	0.03268	0.07199	0.02729	0.00522	0.02101	0.00133	0.03064	0.00414	0.00251	0.00528
9	0.00573	0.00427	0.00543	0.02542	0.05478	0.00391	0.00405	0.00715	0.00936	0.04227	0.33831	0.10376	0.32513	0.00832	0.00440	0.00126	0.00220	0.02520	0.02542	0.00365
10	0.04536	0.02275	0.01026	0.05725	0.07757	0.02696	0.03736	0.29478	0.08178	0.14541	0.08196	0.03096	0.04114	0.02417	0.00419	0.00123	0.00376	0.00415	0.00345	0.00551
11	0.01030	0.02358	0.01323	0.10938	0.34927	0.07219	0.06520	0.09478	0.11576	0.05899	0.02444	0.01039	0.00726	0.00402	0.00400	0.00117	0.02438	0.00357	0.00250	0.00559

[dist]
# distance from previous block
# <min> <max>
7	19

[block]
# block no. 10 follows, 72 sequences, length 10
# corresponding to MSA columns:
# 299-308
name=unknown_K
#
# <colnr> <probs for GDERKNQSTAVLIFYWHMCP>
#	G	D	E	R	K	N	Q	S	T	A	V	L	I	F	Y	W	H	M	C	P
0	0.04518	0.04454	0.16927	0.04826	0.04864	0.07020	0.02598	0.03879	0.01784	0.20307	0.02401	0.12983	0.05146	0.05032	0.00465	0.00135	0.00402	0.01476	0.00294	0.00490
1	0.04460	0.03955	0.01186	0.03384	0.31722	0.00795	0.05544	0.02391	0.07115	0.13509	0.04604	0.06359	0.01013	0.00573	0.03021	0.00139	0.04450	0.04976	0.00276	0.00528
2	0.00630	0.04331	0.03931	0.00573	0.00701	0.00463	0.00462	0.00760	0.00786	0.05977	0.08210	0.26343	0.11394	0.03083	0.16833	0.00228	0.00414	0.07531	0.00307	0.07044
3	0.01173	0.21533	0.01373	0.04177	0.08484	0.38331	0.04621	0.07100	0.00995	0.01089	0.03910	0.00823	0.00636	0.00397	0.00370	0.00102	0.03915	0.00284	0.00206	0.00478
4	0.02746	0.01202	0.19685	0.01194	0.16364	0.07973	0.06332	0.20483	0.03500	0.13449	0.00910	0.02901	0.00678	0.00417	0.00376	0.00116	0.00468	0.00349	0.00278	0.00579
5	0.00743	0.00521	0.00645	0.00668	0.07247	0.00501	0.00458	0.07527	0.03264	0.10238	0.12702	0.15849	0.30886	0.04644	0.00516	0.00139	0.02007	0.00680	0.00354	0.00412
6	0.01042	0.00729	0.05863	0.08233	0.09476	0.00652	0.05117	0.05486	0.06594	0.27121	0.05287	0.09043	0.12528	0.00581	0.00404	0.00124	0.00352	0.00504	0.00343	0.00519
7	0.00630	0.00345	0.00491	0.00493	0.00514	0.00351	0.00339	0.00565	0.00572	0.00806	0.04443	0.04998	0.00959	0.05204	0.11693	0.58615	0.00392	0.00398	0.07970	0.00220
8	0.01057	0.14287	0.22992	0.01084	0.10915	0.06044	0.06012	0.18517	0.05564	0.04502	0.00786	0.00868	0.00594	0.00380	0.00351	0.00108	0.00470	0.00305	0.00241	0.04921
9	0.00579	0.00421	0.00523	0.00510	0.00601	0.00410	0.00387	0.00698	0.00861	0.04733	0.25212	0.08069	0.27524	0.09433	0.06523	0.00190	0.04842	0.07797	0.00343	0.00344

[dist]
# distance from previous block
# <min> <max>
0	1

[block]
# block no. 11 follows, 72 sequences, length 20
# corresponding to MSA columns:
# 310-329
name=unknown_L
#
# <colnr> <probs for GDERKNQSTAVLIFYWHMCP>
#	G	D	E	R	K	N	Q	S	T	A	V	L	I	F	Y	W	H	M	C	P
0	0.00573	0.00447	0.00656	0.07881	0.00831	0.00525	0.00515	0.00707	0.00648	0.00924	0.03001	0.06974	0.02878	0.05550	0.57434	0.00463	0.06232	0.00458	0.02958	0.00345
1	0.01012	0.01150	0.18253	0.04269	0.29504	0.02867	0.10123	0.20105	0.01067	0.03009	0.00828	0.04574	0.00666	0.00409	0.00385	0.00118	0.00481	0.00370	0.00239	0.00572
2	0.03200	0.22516	0.10869	0.01135	0.16068	0.12929	0.07279	0.07453	0.06624	0.01233	0.03787	0.00899	0.00686	0.00382	0.00347	0.00105	0.01213	0.00306	0.00218	0.02750
3	0.05572	0.00975	0.01057	0.00829	0.01101	0.02525	0.02295	0.63499	0.03981	0.04437	0.00936	0.01017	0.00700	0.04196	0.04988	0.00152	0.00444	0.00351	0.00352	0.00592
4	0.03193	0.18586	0.24743	0.01803	0.07190	0.06100	0.03501	0.04435	0.03583	0.01195	0.01598	0.01041	0.01471	0.00407	0.00359	0.00106	0.02598	0.04741	0.01716	0.11633
5	0.00484	0.00357	0.00447	0.00490	0.00551	0.00326	0.00346	0.00586	0.00835	0.01113	0.20404	0.47922	0.18974	0.01035	0.00466	0.00141	0.00208	0.03073	0.01921	0.00323
6	0.07656	0.22473	0.11187	0.00695	0.01010	0.02290	0.00652	0.14168	0.00952	0.04447	0.02499	0.06022	0.02422	0.00422	0.00317	0.00095	0.00369	0.00321	0.00249	0.21753
7	0.00983	0.10985	0.19373	0.05536	0.09560	0.09167	0.10611	0.09958	0.00938	0.04581	0.00804	0.01975	0.02055	0.02283	0.01665	0.00125	0.04271	0.00333	0.00218	0.04580
8	0.00492	0.01635	0.00504	0.03334	0.00639	0.00370	0.00391	0.00578	0.00728	0.00961	0.02066	0.58741	0.11629	0.02680	0.11655	0.00213	0.00339	0.02404	0.00322	0.00319
9	0.00546	0.00400	0.00569	0.00571	0.00632	0.00450	0.00432	0.00664	0.00621	0.00885	0.01160	0.01756	0.03721	0.14187	0.66877	0.00537	0.00863	0.02264	0.02543	0.00324
10	0.00998	0.11375	0.23137	0.03357	0.07044	0.11706	0.14732	0.08615	0.00965	0.04974	0.06334	0.00985	0.00751	0.00402	0.00395	0.00114	0.03032	0.00339	0.00223	0.00521
11	0.00827	0.03128	0.14622	0.09787	0.07430	0.01860	0.27030	0.02933	0.00873	0.04708	0.01138	0.08662	0.03633	0.00533	0.00424	0.00131	0.00488	0.11074	0.00239	0.00479
12	0.00499	0.00349	0.00441	0.00491	0.00519	0.00336	0.00324	0.00551	0.00680	0.00909	0.01866	0.49824	0.08008	0.21941	0.06691	0.03008	0.00311	0.00846	0.02116	0.00289
13	0.00474	0.00367	0.00433	0.00462	0.00544	0.00326	0.00333	0.00575	0.00851	0.01093	0.16959	0.33460	0.38232	0.01014	0.00463	0.00137	0.00205	0.03387	0.00363	0.00323
14	0.04968	0.09935	0.06997	0.00924	0.01163	0.57686	0.00760	0.08765	0.01058	0.01107	0.00611	0.00707	0.00499	0.00394	0.00358	0.00102	0.03039	0.00252	0.00207	0.00469
15	0.00560	0.00420	0.00478	0.00468	0.00574	0.00403	0.00348	0.02385	0.06423	0.01168	0.16121	0.09290	0.36873	0.03478	0.07764	0.03599	0.00283	0.00669	0.08347	0.00347
16	0.02331	0.00624	0.05157	0.00581	0.00745	0.00593	0.01614	0.10743	0.15616	0.01468	0.07199	0.12273	0.08653	0.00611	0.00363	0.00115	0.00263	0.00513	0.30098	0.00438
17	0.00982	0.38816	0.07618	0.05199	0.02597	0.13241	0.07234	0.02218	0.05275	0.02051	0.00854	0.03914	0.04198	0.00435	0.01185	0.00106	0.00462	0.00318	0.00205	0.03091
18	0.01045	0.61534	0.08685	0.00739	0.01062	0.10775	0.02036	0.04682	0.00859	0.01933	0.00681	0.00755	0.03113	0.00362	0.00281	0.00090	0.00446	0.00244	0.00185	0.00491
19	0.00999	0.66904	0.14531	0.00767	0.02805	0.04084	0.00779	0.03574	0.00817	0.00992	0.00568	0.00656	0.00493	0.00336	0.00271	0.00089	0.00439	0.00223	0.00170	0.00503

[dist]
# distance from previous block
# <min> <max>
0	6

[block]
# block no. 12 follows, 72 sequences, length 22
# corresponding to MSA columns:
# 338-359
name=unknown_M
#
# <colnr> <probs for GDERKNQSTAVLIFYWHMCP>
#	G	D	E	R	K	N	Q	S	T	A	V	L	I	F	Y	W	H	M	C	P
0	0.00736	0.03597	0.18062	0.03491	0.15365	0.00702	0.07587	0.02783	0.04877	0.02364	0.02594	0.29090	0.01291	0.00754	0.04131	0.00152	0.01115	0.00588	0.00257	0.00465
1	0.00727	0.00695	0.01205	0.80628	0.02574	0.00850	0.06046	0.00984	0.00767	0.00984	0.00680	0.01012	0.00510	0.00376	0.00383	0.00126	0.00514	0.00344	0.00170	0.00427
2	0.01741	0.00748	0.03451	0.39716	0.12839	0.02502	0.03136	0.05923	0.01908	0.06056	0.00911	0.01245	0.03117	0.09130	0.04600	0.00170	0.01753	0.00378	0.00219	0.00455
3	0.02175	0.09247	0.13038	0.03145	0.37678	0.02640	0.07767	0.03584	0.03931	0.06112	0.00890	0.03628	0.02700	0.00399	0.00369	0.00114	0.00452	0.00361	0.00221	0.01551
4	0.00591	0.00471	0.00583	0.00592	0.00675	0.02258	0.00444	0.00831	0.11957	0.01038	0.04644	0.21293	0.08756	0.05331	0.34928	0.00341	0.00572	0.04041	0.00290	0.00364
5	0.00805	0.04498	0.69012	0.01134	0.03213	0.03406	0.08822	0.01204	0.00814	0.01180	0.00678	0.00815	0.00492	0.00361	0.00380	0.00120	0.02059	0.00294	0.00165	0.00548
6	0.04084	0.07308	0.30058	0.00959	0.03691	0.07873	0.04069	0.12475	0.04840	0.06637	0.01939	0.01937	0.04225	0.00451	0.00437	0.00120	0.07787	0.00340	0.00242	0.00530
7	0.00866	0.11199	0.25071	0.03891	0.21748	0.05410	0.09640	0.02589	0.00849	0.02097	0.00878	0.11483	0.00800	0.00462	0.00377	0.00118	0.00479	0.01323	0.00206	0.00515
8	0.00616	0.00452	0.02402	0.02185	0.00658	0.01986	0.00427	0.04132	0.00686	0.00929	0.01279	0.32009	0.01397	0.03971	0.16980	0.25755	0.01267	0.00619	0.01952	0.00297
9	0.00474	0.00339	0.00442	0.00512	0.00540	0.00317	0.00342	0.00545	0.00743	0.00995	0.08545	0.71785	0.04191	0.07589	0.00589	0.00167	0.00227	0.01002	0.00348	0.00306
10	0.00939	0.08064	0.26922	0.04086	0.25788	0.06171	0.05530	0.08726	0.00918	0.01255	0.00752	0.00937	0.01780	0.00394	0.00412	0.00117	0.05069	0.01394	0.00198	0.00546
11	0.00577	0.00448	0.00668	0.00639	0.00704	0.00520	0.02984	0.00700	0.00619	0.00897	0.01026	0.04002	0.00992	0.10700	0.63357	0.00510	0.07083	0.00434	0.02800	0.00338
12	0.00781	0.00747	0.01307	0.41923	0.27020	0.00818	0.09886	0.01018	0.00814	0.01095	0.02644	0.06075	0.00778	0.00437	0.00398	0.00125	0.00475	0.02986	0.00199	0.00475
13	0.00551	0.00408	0.00551	0.00560	0.00629	0.00433	0.00419	0.00656	0.00698	0.03376	0.01817	0.23232	0.17091	0.04287	0.39301	0.00363	0.04365	0.00650	0.00276	0.00337
14	0.03740	0.10953	0.34454	0.03839	0.20105	0.08184	0.04803	0.03782	0.02555	0.02334	0.00710	0.01612	0.00555	0.00367	0.00352	0.00113	0.00506	0.00302	0.00191	0.00542
15	0.00565	0.00439	0.00627	0.00745	0.10402	0.00418	0.01469	0.00699	0.00867	0.01182	0.26310	0.33279	0.07155	0.03780	0.00511	0.00147	0.00259	0.10439	0.00346	0.00363
16	0.00487	0.00337	0.00439	0.00516	0.00548	0.00317	0.00352	0.00568	0.00746	0.01021	0.03750	0.73856	0.03986	0.01112	0.00467	0.00148	0.00219	0.03471	0.07346	0.00314
17	0.00962	0.00848	0.02894	0.06296	0.47568	0.00851	0.02288	0.13511	0.00985	0.04704	0.01036	0.07182	0.05094	0.01846	0.00432	0.00123	0.02161	0.00421	0.00247	0.00552
18	0.00946	0.00672	0.00747	0.00672	0.03582	0.03941	0.00508	0.22832	0.03647	0.08946	0.20757	0.03051	0.12841	0.00735	0.05038	0.00142	0.00336	0.00502	0.09635	0.00471
19	0.01025	0.00561	0.00714	0.00661	0.01938	0.00550	0.00527	0.09635	0.04052	0.26145	0.03852	0.08901	0.03258	0.04445	0.03315	0.00159	0.00337	0.21025	0.08425	0.00472
20	0.00862	0.00686	0.00804	0.00579	0.00912	0.00531	0.00465	0.03807	0.00838	0.06092	0.00730	0.00820	0.00586	0.00298	0.00290	0.00062	0.00288	0.00238	0.00244	0.80870
21	0.00997	0.11896	0.12351	0.01820	0.07505	0.07696	0.03083	0.06914	0.08991	0.09238	0.02889	0.04932	0.01637	0.01924	0.00375	0.00107	0.00404	0.00352	0.00263	0.16626

[dist]
# distance from previous block
# <min> <max>
6	15

[block]
# block no. 13 follows, 72 sequences, length 17
# corresponding to MSA columns:
# 379-392,394-396
name=unknown_N
#
# <colnr> <probs for GDERKNQSTAVLIFYWHMCP>
#	G	D	E	R	K	N	Q	S	T	A	V	L	I	F	Y	W	H	M	C	P
0	0.03118	0.12910	0.23250	0.04911	0.28199	0.05498	0.08816	0.02087	0.00853	0.01176	0.02184	0.00992	0.01759	0.00379	0.00361	0.00113	0.00491	0.02181	0.00190	0.00532
1	0.00490	0.00384	0.00445	0.00440	0.00544	0.00338	0.00330	0.00621	0.00944	0.01231	0.37166	0.08029	0.43703	0.00899	0.00452	0.00127	0.00192	0.02949	0.00379	0.00336
2	0.00816	0.00780	0.03977	0.14002	0.42320	0.00769	0.04404	0.04048	0.00826	0.01143	0.00922	0.08677	0.00880	0.11452	0.00603	0.01238	0.00435	0.02007	0.00214	0.00488
3	0.02944	0.23038	0.25956	0.04202	0.02339	0.08227	0.09919	0.01258	0.08792	0.02686	0.06507	0.00980	0.00782	0.00395	0.00346	0.00110	0.00475	0.00321	0.00215	0.00509
4	0.00720	0.00533	0.00689	0.00700	0.00815	0.04116	0.03712	0.02987	0.02610	0.06676	0.01889	0.17978	0.06010	0.01026	0.04233	0.00176	0.00373	0.44033	0.00340	0.00383
5	0.00682	0.00422	0.00522	0.00493	0.00611	0.00389	0.00379	0.00856	0.02863	0.10786	0.40071	0.07364	0.16846	0.00771	0.00425	0.00123	0.00213	0.05727	0.10070	0.00386
6	0.00939	0.23369	0.38983	0.00888	0.01289	0.01075	0.00988	0.15056	0.04875	0.01318	0.00775	0.00879	0.01705	0.01685	0.02321	0.00126	0.02683	0.00293	0.00213	0.00541
7	0.36165	0.37957	0.02956	0.00648	0.00922	0.13998	0.00582	0.01187	0.00768	0.01226	0.00540	0.00627	0.00457	0.00346	0.00257	0.00099	0.00407	0.00212	0.00196	0.00451
8	0.00616	0.00428	0.00576	0.00641	0.00725	0.00419	0.00530	0.02420	0.00860	0.03525	0.02082	0.22172	0.06935	0.02417	0.00526	0.00168	0.00313	0.53945	0.00352	0.00351
9	0.00542	0.00393	0.00484	0.00467	0.00570	0.00354	0.00354	0.00693	0.00995	0.03391	0.53507	0.05890	0.25781	0.00845	0.00450	0.00125	0.00195	0.04215	0.00396	0.00352
10	0.00582	0.00399	0.00499	0.00523	0.00598	0.00377	0.00371	0.00742	0.06247	0.05975	0.18737	0.47513	0.11538	0.03429	0.00502	0.00146	0.00224	0.00870	0.00371	0.00356
