[name]
unknown

[dist]
# distance from previous block
# <min> <max>
0	435

[block]
# block no. 0 follows, 68 sequences, length 23
# corresponding to MSA columns:
# 763-785
name=unknown_A
#
# <colnr> <probs for GDERKNQSTAVLIFYWHMCP>
#	G	D	E	R	K	N	Q	S	T	A	V	L	I	F	Y	W	H	M	C	P
0	0.00884	0.17477	0.21047	0.01924	0.02674	0.04422	0.02146	0.02850	0.01875	0.03920	0.03688	0.01559	0.03723	0.03139	0.02052	0.01772	0.02953	0.11164	0.00242	0.10492
1	0.10913	0.28617	0.17246	0.00840	0.01180	0.06039	0.04524	0.12023	0.02179	0.01335	0.00714	0.00860	0.00586	0.02853	0.04237	0.00139	0.01794	0.00288	0.00221	0.03411
2	0.01013	0.27201	0.26389	0.00974	0.06857	0.06868	0.00935	0.09639	0.05936	0.02253	0.06133	0.01003	0.00807	0.01923	0.00378	0.00115	0.00474	0.00320	0.00233	0.00550
3	0.00584	0.00526	0.05929	0.00526	0.00662	0.00421	0.00432	0.03430	0.01013	0.01387	0.40184	0.11840	0.25065	0.00852	0.00453	0.00129	0.00230	0.00736	0.05220	0.00381
4	0.01087	0.00887	0.00962	0.00727	0.01054	0.03113	0.00587	0.28944	0.07239	0.01724	0.00854	0.00912	0.00661	0.00377	0.00339	0.00086	0.00356	0.00293	0.00302	0.49497
5	0.00918	0.02065	0.11974	0.03330	0.03370	0.02559	0.05669	0.13070	0.01009	0.08721	0.03778	0.20762	0.03152	0.00795	0.05571	0.00158	0.00432	0.02635	0.00308	0.09724
6	0.00909	0.11779	0.55510	0.01141	0.01645	0.03628	0.13679	0.02705	0.00884	0.03482	0.00731	0.00861	0.00535	0.00372	0.00377	0.00121	0.00574	0.00313	0.00187	0.00569
7	0.00587	0.00525	0.02878	0.00660	0.07946	0.00460	0.00459	0.00805	0.06305	0.01307	0.29851	0.03048	0.42025	0.00835	0.00455	0.00129	0.00238	0.00714	0.00372	0.00400
8	0.00836	0.00846	0.01105	0.11524	0.20312	0.13504	0.08765	0.01014	0.00920	0.01163	0.10089	0.19272	0.07689	0.00651	0.00433	0.00130	0.00433	0.00588	0.00270	0.00456
9	0.00937	0.09626	0.41336	0.01101	0.01542	0.00998	0.15227	0.10936	0.00968	0.02827	0.00815	0.04648	0.00647	0.00426	0.00417	0.00123	0.03358	0.00362	0.00218	0.03487
10	0.00847	0.12060	0.71838	0.01073	0.01619	0.03453	0.01351	0.01257	0.00842	0.01209	0.00690	0.00810	0.00503	0.00373	0.00362	0.00120	0.00571	0.00282	0.00169	0.00573
11	0.00571	0.00429	0.00547	0.00610	0.00708	0.00406	0.00507	0.00717	0.00896	0.01134	0.02715	0.11664	0.28021	0.01080	0.00519	0.00165	0.00301	0.48293	0.00366	0.00352
12	0.02178	0.08476	0.23483	0.04783	0.04066	0.03387	0.19010	0.07209	0.03169	0.02528	0.00967	0.01152	0.05372	0.02734	0.02801	0.00148	0.07407	0.00384	0.00222	0.00524
13	0.00979	0.08480	0.13017	0.08253	0.23421	0.06424	0.14787	0.03386	0.06793	0.03079	0.00847	0.03797	0.00693	0.00422	0.00430	0.00124	0.03914	0.00379	0.00221	0.00554
14	0.00485	0.00359	0.00453	0.00521	0.00568	0.00327	0.00356	0.00566	0.00806	0.01054	0.06882	0.65797	0.18031	0.01174	0.00497	0.00154	0.00222	0.01050	0.00372	0.00327
15	0.00819	0.00932	0.13692	0.00786	0.01006	0.10302	0.06179	0.05000	0.03628	0.03099	0.04389	0.04485	0.12134	0.01215	0.22667	0.00258	0.00597	0.00470	0.07897	0.00445
16	0.00945	0.06113	0.23191	0.02426	0.10579	0.09426	0.09806	0.05184	0.10480	0.01305	0.03770	0.05733	0.01743	0.00481	0.00438	0.00125	0.04677	0.00403	0.02638	0.00537
17	0.01187	0.16116	0.06849	0.02675	0.08027	0.08448	0.00763	0.20585	0.11195	0.08318	0.00966	0.01018	0.00732	0.00440	0.00378	0.00113	0.02541	0.00333	0.08744	0.00570
18	0.00559	0.00391	0.00457	0.00452	0.00491	0.00375	0.00287	0.00622	0.00765	0.01032	0.24105	0.05617	0.10194	0.51417	0.01389	0.00281	0.00307	0.00659	0.00311	0.00289
19	0.00840	0.00752	0.03215	0.00686	0.03730	0.00561	0.02172	0.01029	0.00838	0.02631	0.02204	0.00880	0.00649	0.00311	0.00308	0.00066	0.00314	0.00256	0.00239	0.78318
20	0.25986	0.05529	0.11406	0.02548	0.01049	0.07271	0.04254	0.02135	0.05438	0.09633	0.06122	0.02885	0.08745	0.00542	0.01912	0.00130	0.00400	0.00386	0.00284	0.03344
21	0.00486	0.00357	0.00456	0.00527	0.00571	0.00327	0.00359	0.00567	0.00803	0.01058	0.07723	0.68907	0.14041	0.01181	0.00498	0.00155	0.00223	0.01060	0.00373	0.00327
22	0.03959	0.12356	0.08426	0.06807	0.09461	0.02285	0.07183	0.20673	0.05489	0.11154	0.06490	0.01408	0.01074	0.00586	0.00475	0.00158	0.00514	0.00439	0.00374	0.00689

[dist]
# distance from previous block
# <min> <max>
0	1

[block]
# block no. 1 follows, 68 sequences, length 25
# corresponding to MSA columns:
# 787-811
name=unknown_B
#
# <colnr> <probs for GDERKNQSTAVLIFYWHMCP>
#	G	D	E	R	K	N	Q	S	T	A	V	L	I	F	Y	W	H	M	C	P
0	0.01103	0.04927	0.11967	0.02158	0.10508	0.09487	0.06816	0.18424	0.13690	0.04056	0.02730	0.01119	0.02232	0.00519	0.02358	0.00135	0.04600	0.00372	0.02229	0.00570
1	0.07944	0.16876	0.04941	0.21495	0.13306	0.08542	0.03680	0.10481	0.00948	0.01280	0.00681	0.00871	0.00547	0.00405	0.00419	0.00119	0.06428	0.00308	0.00211	0.00517
2	0.00567	0.00424	0.00631	0.00631	0.00700	0.00492	0.00488	0.00704	0.00636	0.00916	0.01067	0.01587	0.01004	0.05311	0.82175	0.00630	0.01043	0.00429	0.00213	0.00351
3	0.00874	0.02295	0.11531	0.33596	0.20041	0.02863	0.03351	0.01169	0.04040	0.05205	0.08215	0.01233	0.01961	0.00441	0.00411	0.00126	0.01513	0.00389	0.00231	0.00516
4	0.00481	0.00355	0.00450	0.00526	0.00568	0.00324	0.00356	0.00555	0.00785	0.01023	0.02507	0.71393	0.16828	0.01200	0.00499	0.00156	0.00225	0.01076	0.00368	0.00324
5	0.00498	0.00380	0.00430	0.00465	0.00543	0.00340	0.00326	0.00580	0.00814	0.01031	0.02934	0.32883	0.41258	0.10468	0.00649	0.00171	0.00235	0.02764	0.02911	0.00321
6	0.01065	0.67665	0.05099	0.03315	0.07609	0.07552	0.00770	0.01216	0.00837	0.00979	0.00582	0.00689	0.00519	0.00349	0.00282	0.00092	0.00458	0.00234	0.00174	0.00516
7	0.00976	0.00956	0.01531	0.07951	0.68368	0.04175	0.01164	0.01196	0.00880	0.01237	0.00720	0.00967	0.00608	0.00385	0.00463	0.00123	0.07164	0.00349	0.00193	0.00593
8	0.00473	0.00402	0.00408	0.00406	0.00538	0.00337	0.00305	0.00578	0.00914	0.01096	0.07865	0.03774	0.79567	0.00995	0.00469	0.00133	0.00200	0.00831	0.00371	0.00337
9	0.88866	0.00767	0.00583	0.00521	0.00767	0.00889	0.00429	0.01166	0.00675	0.01779	0.00552	0.00644	0.00429	0.00368	0.00245	0.00123	0.00307	0.00215	0.00245	0.00429
10	0.00795	0.02051	0.84011	0.01130	0.01716	0.00921	0.01465	0.01256	0.00837	0.01256	0.00712	0.00837	0.00502	0.00377	0.00377	0.00126	0.00586	0.00293	0.00167	0.00586
11	0.88866	0.00767	0.00583	0.00521	0.00767	0.00889	0.00429	0.01166	0.00675	0.01779	0.00552	0.00644	0.00429	0.00368	0.00245	0.00123	0.00307	0.00215	0.00245	0.00429
12	0.00986	0.00852	0.00897	0.00807	0.01031	0.00986	0.00628	0.02107	0.82876	0.01659	0.01614	0.01479	0.01210	0.00538	0.00403	0.00134	0.00314	0.00448	0.00403	0.00628
13	0.00577	0.00384	0.00432	0.00432	0.00432	0.00384	0.00240	0.00577	0.00577	0.00769	0.01249	0.02595	0.01441	0.86066	0.02018	0.00384	0.00384	0.00577	0.00240	0.00240
14	0.01507	0.01111	0.01190	0.00912	0.01230	0.01230	0.00754	0.82270	0.01864	0.02499	0.00952	0.00952	0.00674	0.00476	0.00397	0.00119	0.00436	0.00357	0.00397	0.00674
15	0.01170	0.00950	0.01075	0.03627	0.08246	0.01069	0.00739	0.31520	0.43429	0.01917	0.01267	0.01229	0.00942	0.00495	0.00400	0.00127	0.00379	0.00403	0.00376	0.00639
16	0.00561	0.00405	0.00530	0.00499	0.00592	0.00374	0.00374	0.00748	0.01122	0.01590	0.83383	0.02962	0.03741	0.00811	0.00468	0.00125	0.00187	0.00717	0.00436	0.00374
17	0.00567	0.00424	0.00631	0.00631	0.00700	0.00492	0.00488	0.00704	0.00635	0.00916	0.01068	0.01589	0.01005	0.05520	0.81967	0.00629	0.01041	0.00429	0.00213	0.00351
18	0.00945	0.00898	0.01525	0.02296	0.77507	0.00897	0.01155	0.01168	0.00892	0.01275	0.00851	0.07200	0.00774	0.00418	0.00401	0.00121	0.00453	0.00410	0.00209	0.00606
19	0.08163	0.00682	0.00895	0.00692	0.00994	0.00605	0.00572	0.01876	0.01101	0.77849	0.01490	0.01298	0.00941	0.00482	0.00387	0.00123	0.00335	0.00385	0.00473	0.00657
20	0.00852	0.01355	0.35020	0.05579	0.18970	0.00904	0.14785	0.01271	0.08504	0.01275	0.00991	0.01143	0.04781	0.00469	0.02262	0.00138	0.00539	0.00383	0.00213	0.00565
21	0.01148	0.48583	0.01653	0.00860	0.07072	0.01267	0.00717	0.05209	0.02206	0.13378	0.00765	0.00842	0.00619	0.00415	0.00419	0.00105	0.10359	0.00280	0.01782	0.02320
22	0.00528	0.00406	0.00518	0.01752	0.03069	0.00380	0.00405	0.00659	0.02739	0.01145	0.15100	0.45024	0.21550	0.01060	0.00486	0.00148	0.00235	0.04073	0.00372	0.00352
23	0.08588	0.04298	0.01376	0.07105	0.20625	0.15226	0.08005	0.05195	0.21933	0.01525	0.01074	0.01226	0.00862	0.00512	0.00440	0.00147	0.00523	0.00400	0.00310	0.00630
24	0.55492	0.12230	0.05732	0.02609	0.03721	0.05043	0.05045	0.03885	0.00787	0.01561	0.00601	0.00711	0.00474	0.00369	0.00285	0.00117	0.00392	0.00247	0.00228	0.00471

[dist]
# distance from previous block
# <min> <max>
9	114

[block]
# block no. 2 follows, 68 sequences, length 30
# corresponding to MSA columns:
# 934-963
name=unknown_C
#
# <colnr> <probs for GDERKNQSTAVLIFYWHMCP>
#	G	D	E	R	K	N	Q	S	T	A	V	L	I	F	Y	W	H	M	C	P
0	0.04552	0.02872	0.12938	0.06225	0.12490	0.18342	0.01814	0.15336	0.04985	0.02693	0.04579	0.01091	0.03172	0.00507	0.02056	0.00130	0.04069	0.00353	0.00259	0.01536
1	0.00960	0.00893	0.01134	0.21175	0.20453	0.09803	0.00841	0.03622	0.02577	0.03967	0.02590	0.01008	0.00682	0.01451	0.00397	0.00107	0.01731	0.00322	0.00229	0.26056
2	0.00551	0.00429	0.00576	0.04705	0.00733	0.00453	0.00450	0.00669	0.00745	0.00994	0.04781	0.14044	0.20252	0.09238	0.34132	0.00363	0.02383	0.03876	0.00284	0.00342
3	0.00561	0.00405	0.00530	0.00499	0.00592	0.00374	0.00374	0.00748	0.01122	0.01590	0.83383	0.02962	0.03741	0.00811	0.00468	0.00125	0.00187	0.00717	0.00436	0.00374
4	0.01779	0.00675	0.00920	0.00705	0.01012	0.00583	0.00583	0.01932	0.01135	0.83867	0.01564	0.01350	0.00981	0.00491	0.00399	0.00123	0.00337	0.00399	0.00491	0.00675
5	0.00488	0.00362	0.00457	0.00529	0.00579	0.00331	0.00367	0.00569	0.00797	0.01033	0.02567	0.64528	0.19645	0.01185	0.00500	0.00156	0.00231	0.04981	0.00368	0.00327
6	0.00981	0.00942	0.01609	0.02434	0.83592	0.00942	0.01217	0.01217	0.00903	0.01295	0.00746	0.00981	0.00628	0.00353	0.00393	0.00118	0.00471	0.00353	0.00196	0.00628
7	0.00790	0.00756	0.01371	0.32466	0.17434	0.00803	0.19160	0.01010	0.00820	0.01099	0.00947	0.11801	0.00879	0.04751	0.00552	0.03702	0.00497	0.00487	0.00213	0.00462
8	0.00469	0.00402	0.00402	0.00402	0.00536	0.00335	0.00301	0.00569	0.00904	0.01071	0.04017	0.03816	0.83432	0.01004	0.00469	0.00134	0.00201	0.00837	0.00368	0.00335
9	0.00727	0.00682	0.00722	0.00705	0.00799	0.15219	0.00543	0.00861	0.00722	0.00929	0.00983	0.01410	0.00907	0.02524	0.69743	0.00543	0.01001	0.00395	0.00211	0.00373
10	0.00561	0.00405	0.00530	0.00499	0.00592	0.00374	0.00374	0.00748	0.01122	0.01590	0.83383	0.02962	0.03741	0.00811	0.00468	0.00125	0.00187	0.00717	0.00436	0.00374
11	0.00986	0.00852	0.00897	0.00807	0.01031	0.00986	0.00628	0.02107	0.82876	0.01659	0.01614	0.01479	0.01210	0.00538	0.00403	0.00134	0.00314	0.00448	0.00403	0.00628
12	0.01492	0.01077	0.01163	0.00896	0.01206	0.01185	0.00738	0.77463	0.01812	0.05343	0.01003	0.03006	0.00732	0.00495	0.00399	0.00120	0.00428	0.00377	0.00399	0.00666
13	0.01507	0.01111	0.01190	0.00912	0.01230	0.01230	0.00754	0.82270	0.01864	0.02499	0.00952	0.00952	0.00674	0.00476	0.00397	0.00119	0.00436	0.00357	0.00397	0.00674
14	0.00963	0.00742	0.00866	0.00628	0.00974	0.00602	0.00506	0.09071	0.00949	0.07759	0.00795	0.00875	0.00626	0.00327	0.00312	0.00070	0.00311	0.00260	0.00270	0.73093
15	0.01153	0.01298	0.01632	0.01255	0.01564	0.28395	0.36707	0.07804	0.05635	0.01287	0.00785	0.00944	0.00609	0.00385	0.00424	0.00117	0.02121	0.00368	0.00231	0.07287
16	0.00749	0.00705	0.01189	0.85113	0.02731	0.00881	0.01101	0.01013	0.00793	0.01013	0.00705	0.01057	0.00529	0.00396	0.00396	0.00132	0.00529	0.00352	0.00176	0.00440
17	0.00469	0.00402	0.00402	0.00402	0.00536	0.00335	0.00301	0.00569	0.00904	0.01071	0.04017	0.03816	0.83432	0.01004	0.00469	0.00134	0.00201	0.00837	0.00368	0.00335
18	0.00596	0.00539	0.05388	0.00649	0.00719	0.00537	0.00513	0.00708	0.00657	0.00930	0.01239	0.17703	0.01316	0.18882	0.38759	0.00420	0.09283	0.00574	0.00241	0.00347
19	0.01481	0.01890	0.01124	0.01021	0.01226	0.84474	0.00766	0.01583	0.01124	0.00970	0.00613	0.00715	0.00511	0.00409	0.00358	0.00102	0.00715	0.00255	0.00204	0.00460
20	0.00795	0.02051	0.84011	0.01130	0.01716	0.00921	0.01465	0.01256	0.00837	0.01256	0.00712	0.00837	0.00502	0.00377	0.00377	0.00126	0.00586	0.00293	0.00167	0.00586
21	0.00483	0.00345	0.00460	0.00552	0.00575	0.00322	0.00368	0.00552	0.00759	0.01012	0.02185	0.85807	0.02622	0.01242	0.00506	0.00161	0.00230	0.01127	0.00368	0.00322
22	0.01337	0.01626	0.01338	0.01246	0.09551	0.59557	0.11589	0.03854	0.01079	0.01087	0.00658	0.00801	0.00540	0.00406	0.00412	0.00111	0.03810	0.00300	0.00208	0.00492
23	0.00481	0.00355	0.00450	0.00526	0.00568	0.00324	0.00356	0.00555	0.00784	0.01022	0.02506	0.71432	0.16790	0.01200	0.00500	0.00156	0.00225	0.01076	0.00368	0.00324
24	0.00497	0.00356	0.00472	0.00543	0.00578	0.00331	0.00369	0.00586	0.00823	0.01113	0.16421	0.71282	0.02819	0.01167	0.00499	0.00155	0.00222	0.01055	0.00380	0.00331
25	0.00695	0.00679	0.05573	0.00923	0.11234	0.04759	0.00663	0.00854	0.00701	0.00983	0.00959	0.01417	0.00890	0.06663	0.55716	0.00476	0.05798	0.00403	0.00207	0.00406
26	0.02424	0.00836	0.00779	0.02078	0.02386	0.17477	0.00609	0.10887	0.03281	0.01303	0.03778	0.07520	0.16491	0.00815	0.00458	0.00143	0.00404	0.27570	0.00332	0.00428
27	0.00490	0.00352	0.00461	0.00546	0.00576	0.00328	0.00368	0.00561	0.00765	0.01012	0.02244	0.76941	0.06567	0.03844	0.00552	0.00167	0.00237	0.03302	0.00364	0.00321
28	0.02600	0.00954	0.00983	0.02144	0.01084	0.05046	0.00654	0.41256	0.23147	0.03270	0.05925	0.01247	0.01016	0.00505	0.00388	0.00121	0.00378	0.00397	0.08287	0.00599
29	0.68156	0.01003	0.02075	0.00668	0.02558	0.16203	0.00529	0.02621	0.00784	0.01625	0.00577	0.00672	0.00454	0.00377	0.00274	0.00119	0.00392	0.00229	0.00238	0.00446

[dist]
# distance from previous block
# <min> <max>
0	1

[block]
# block no. 3 follows, 68 sequences, length 93
# corresponding to MSA columns:
# 965-1057
name=unknown_D
#
# <colnr> <probs for GDERKNQSTAVLIFYWHMCP>
#	G	D	E	R	K	N	Q	S	T	A	V	L	I	F	Y	W	H	M	C	P
0	0.01261	0.01153	0.01001	0.00846	0.01045	0.25341	0.00671	0.31787	0.01279	0.01651	0.00872	0.00983	0.00680	0.00480	0.00470	0.00115	0.10768	0.00329	0.18750	0.00519
1	0.01121	0.03498	0.01069	0.03909	0.02460	0.08102	0.01916	0.23029	0.13648	0.04127	0.02304	0.01044	0.01645	0.00450	0.00436	0.00108	0.06988	0.00339	0.00304	0.23503
2	0.01033	0.01111	0.01177	0.33061	0.07522	0.25952	0.00927	0.04643	0.02602	0.01084	0.00694	0.00943	0.00566	0.00540	0.03514	0.00146	0.13486	0.00327	0.00201	0.00469
3	0.00551	0.00405	0.00516	0.00488	0.00586	0.00370	0.00366	0.00728	0.01098	0.01532	0.74577	0.03056	0.12583	0.00832	0.00468	0.00126	0.00189	0.00730	0.00429	0.00370
4	0.01779	0.00675	0.00920	0.00705	0.01012	0.00583	0.00583	0.01932	0.01135	0.83867	0.01564	0.01350	0.00981	0.00491	0.00399	0.00123	0.00337	0.00399	0.00491	0.00675
5	0.00827	0.00693	0.00812	0.00588	0.00929	0.00523	0.00468	0.00999	0.00825	0.02591	0.00765	0.03534	0.00658	0.00327	0.00302	0.00063	0.00292	0.00266	0.00243	0.84293
6	0.00483	0.00346	0.00459	0.00549	0.00574	0.00322	0.00367	0.00552	0.00762	0.01013	0.02223	0.84118	0.04287	0.01237	0.00505	0.00160	0.00229	0.01121	0.00368	0.00322
7	0.00592	0.00371	0.00441	0.00475	0.00543	0.00364	0.00341	0.00719	0.00788	0.01189	0.01895	0.33269	0.10609	0.01129	0.10991	0.00191	0.00314	0.00711	0.34722	0.00346
8	0.01046	0.81888	0.06373	0.00702	0.01054	0.01535	0.00720	0.01191	0.00807	0.00950	0.00560	0.00647	0.00508	0.00341	0.00261	0.00087	0.00433	0.00216	0.00169	0.00513
9	0.01310	0.00572	0.00763	0.00620	0.00849	0.00501	0.00498	0.01470	0.01115	0.52569	0.27187	0.02021	0.07517	0.00626	0.00425	0.00124	0.00281	0.00528	0.00465	0.00558
10	0.00565	0.00435	0.00554	0.00637	0.04042	0.00419	0.00434	0.01810	0.06474	0.01141	0.06800	0.52141	0.15378	0.01075	0.00488	0.00152	0.00251	0.06469	0.00367	0.00368
11	0.00749	0.00705	0.01189	0.85113	0.02731	0.00881	0.01101	0.01013	0.00793	0.01013	0.00705	0.01057	0.00529	0.00396	0.00396	0.00132	0.00529	0.00352	0.00176	0.00440
12	0.00672	0.00555	0.00781	0.00719	0.00775	0.00667	0.02315	0.02447	0.00711	0.01023	0.08145	0.04099	0.02340	0.14255	0.33641	0.00377	0.22178	0.02472	0.01460	0.00369
13	0.00913	0.03068	0.17269	0.13508	0.10541	0.05038	0.36781	0.01221	0.00882	0.01194	0.00735	0.00977	0.00564	0.00376	0.00468	0.00130	0.05230	0.00384	0.00188	0.00531
14	0.01060	0.86304	0.02078	0.00678	0.01018	0.01569	0.00678	0.01187	0.00806	0.00933	0.00551	0.00636	0.00509	0.00339	0.00254	0.00085	0.00424	0.00212	0.00170	0.00509
15	0.00936	0.01070	0.02340	0.01671	0.02072	0.01003	0.82152	0.01270	0.00936	0.01270	0.00802	0.01070	0.00602	0.00334	0.00468	0.00134	0.00668	0.00468	0.00201	0.00535
16	0.00524	0.00404	0.00478	0.00459	0.00569	0.00358	0.00345	0.00675	0.01034	0.01379	0.51154	0.03309	0.36102	0.00889	0.00468	0.00128	0.00193	0.00766	0.00409	0.00358
17	0.00633	0.00423	0.00498	0.00484	0.00609	0.00370	0.00363	0.00754	0.00955	0.09916	0.21179	0.15998	0.43153	0.00945	0.00468	0.00136	0.00219	0.02123	0.00396	0.00378
18	0.01604	0.00640	0.00873	0.00699	0.00973	0.00560	0.00579	0.01762	0.01111	0.71443	0.05300	0.01752	0.01243	0.00569	0.00418	0.00129	0.00334	0.08909	0.00475	0.00629
19	0.00533	0.00404	0.00491	0.00469	0.00575	0.00362	0.00352	0.00693	0.01055	0.01431	0.59096	0.03223	0.28128	0.00870	0.00468	0.00128	0.00191	0.00754	0.00416	0.00362
20	0.00482	0.00351	0.00454	0.00536	0.00571	0.00323	0.00361	0.00554	0.00774	0.01018	0.02379	0.77156	0.11149	0.01217	0.00502	0.00158	0.00227	0.01097	0.00368	0.00323
21	0.00822	0.00705	0.00822	0.00587	0.00940	0.00529	0.00470	0.00998	0.00822	0.01292	0.00705	0.00822	0.00587	0.00294	0.00294	0.00059	0.00294	0.00235	0.00235	0.88490
22	0.00594	0.00402	0.00583	0.00583	0.00629	0.00448	0.00428	0.00649	0.00603	0.00850	0.01010	0.01629	0.00991	0.14278	0.55453	0.19118	0.00816	0.00429	0.00208	0.00300
23	0.00577	0.00432	0.00641	0.00638	0.00708	0.00506	0.00497	0.00718	0.00642	0.00935	0.01058	0.01543	0.00983	0.02866	0.80748	0.00614	0.02627	0.00422	0.02490	0.00356
24	0.00945	0.00896	0.03078	0.12037	0.05394	0.04272	0.15275	0.03549	0.00867	0.05517	0.00742	0.00939	0.00591	0.00405	0.00521	0.00112	0.14362	0.00330	0.00225	0.29942
25	0.00932	0.00975	0.01205	0.01039	0.01060	0.09999	0.00857	0.01021	0.00662	0.00956	0.00530	0.00851	0.00519	0.00664	0.01202	0.00166	0.76411	0.00337	0.00177	0.00436
26	0.01144	0.11404	0.34147	0.00874	0.01275	0.00896	0.00944	0.09806	0.03134	0.22837	0.01068	0.01088	0.02501	0.00525	0.03355	0.00137	0.00474	0.00341	0.03461	0.00589
27	0.00929	0.44467	0.42763	0.00903	0.01364	0.01247	0.01069	0.01221	0.00821	0.01093	0.00631	0.00736	0.00506	0.00358	0.00315	0.00105	0.00504	0.00252	0.00169	0.00547
28	0.00577	0.00384	0.00432	0.00432	0.00432	0.00384	0.00240	0.00577	0.00577	0.00769	0.01249	0.02595	0.01441	0.86066	0.02018	0.00384	0.00384	0.00577	0.00240	0.00240
29	0.00749	0.00705	0.01189	0.85113	0.02731	0.00881	0.01101	0.01013	0.00793	0.01013	0.00705	0.01057	0.00529	0.00396	0.00396	0.00132	0.00529	0.00352	0.00176	0.00440
30	0.01092	0.38597	0.11898	0.00842	0.01137	0.23070	0.00787	0.01325	0.06857	0.01060	0.03354	0.03032	0.00718	0.00431	0.00368	0.00105	0.04319	0.00297	0.00209	0.00502
31	0.00578	0.00390	0.00462	0.00462	0.00474	0.00401	0.00278	0.00602	0.00590	0.00803	0.01222	0.02424	0.01368	0.72417	0.14143	0.00417	0.00481	0.00551	0.01681	0.00259
32	0.00572	0.00424	0.00611	0.00609	0.00667	0.00487	0.00458	0.00690	0.00627	0.00896	0.01086	0.01720	0.01059	0.16657	0.69783	0.00589	0.02064	0.00449	0.00216	0.00336
33	0.00773	0.00730	0.01234	0.76389	0.11263	0.00887	0.01113	0.01035	0.00804	0.01043	0.00709	0.01049	0.00539	0.00392	0.00396	0.00131	0.00522	0.00352	0.00178	0.00460
34	0.00995	0.75486	0.01887	0.00663	0.00971	0.01426	0.00647	0.01123	0.00803	0.00950	0.02393	0.00853	0.03248	0.00564	0.06474	0.00128	0.00459	0.00258	0.00185	0.00489
35	0.00494	0.00355	0.00471	0.00560	0.00591	0.00332	0.00385	0.00572	0.00775	0.01027	0.02242	0.77236	0.05367	0.01224	0.00508	0.00162	0.00239	0.06770	0.00368	0.00326
36	0.00822	0.00705	0.00822	0.00587	0.00940	0.00529	0.00470	0.00998	0.00822	0.01292	0.00705	0.00822	0.00587	0.00294	0.00294	0.00059	0.00294	0.00235	0.00235	0.88490
37	0.00483	0.00389	0.00430	0.00447	0.00551	0.00336	0.00325	0.00586	0.00896	0.01117	0.12729	0.22358	0.55894	0.01036	0.00477	0.00139	0.00206	0.00889	0.00376	0.00336
38	0.01077	0.04929	0.04574	0.01917	0.55106	0.08451	0.03651	0.07003	0.00988	0.04389	0.00786	0.00969	0.00636	0.00414	0.01669	0.00123	0.00498	0.00343	0.01879	0.00599
39	0.88866	0.00767	0.00583	0.00521	0.00767	0.00889	0.00429	0.01166	0.00675	0.01779	0.00552	0.00644	0.00429	0.00368	0.00245	0.00123	0.00307	0.00215	0.00245	0.00429
40	0.00475	0.00403	0.00411	0.00411	0.00542	0.00338	0.00310	0.00580	0.00913	0.01095	0.07315	0.03790	0.78823	0.00997	0.00470	0.00134	0.00203	0.02082	0.00371	0.00337
41	0.00981	0.00942	0.01609	0.02434	0.83592	0.00942	0.01217	0.01217	0.00903	0.01295	0.00746	0.00981	0.00628	0.00353	0.00393	0.00118	0.00471	0.00353	0.00196	0.00628
42	0.00903	0.00812	0.01161	0.01578	0.43972	0.04805	0.00881	0.02908	0.06184	0.03378	0.05240	0.01903	0.12320	0.00572	0.00421	0.00128	0.00400	0.09791	0.02109	0.00534
43	0.00577	0.00421	0.00620	0.00620	0.00693	0.00488	0.00482	0.00722	0.00649	0.00956	0.01077	0.01553	0.00993	0.02815	0.79191	0.00603	0.01007	0.00421	0.05757	0.00355
44	0.00589	0.00435	0.00568	0.00635	0.00723	0.00423	0.00520	0.00761	0.03206	0.01154	0.04833	0.19920	0.15047	0.02280	0.00541	0.00171	0.00307	0.47161	0.00368	0.00358
45	0.00871	0.00540	0.00692	0.00623	0.00696	0.00585	0.00453	0.11727	0.02484	0.07134	0.00932	0.01472	0.00880	0.19242	0.05494	0.37560	0.07631	0.00406	0.00247	0.00332
46	0.00810	0.01947	0.75394	0.01187	0.01754	0.00929	0.09978	0.01257	0.00848	0.01257	0.00721	0.00862	0.00513	0.00372	0.00386	0.00126	0.00595	0.00311	0.00171	0.00581
47	0.00500	0.00357	0.00479	0.00571	0.00601	0.00336	0.00397	0.00581	0.00775	0.01031	0.02176	0.77144	0.02586	0.01227	0.00511	0.00163	0.00244	0.09626	0.00368	0.00327
48	0.00517	0.00359	0.00450	0.00508	0.00523	0.00345	0.00321	0.00561	0.00692	0.00923	0.01843	0.55338	0.02190	0.32301	0.01060	0.00243	0.00287	0.00926	0.00321	0.00292
49	0.00970	0.01111	0.09561	0.03813	0.15259	0.03564	0.36730	0.07468	0.05787	0.01342	0.00851	0.03379	0.00683	0.00422	0.00499	0.00132	0.07229	0.00422	0.00226	0.00552
50	0.10814	0.00691	0.00889	0.00689	0.00990	0.00624	0.00569	0.03051	0.01098	0.74133	0.01450	0.01270	0.00920	0.00478	0.00383	0.00123	0.00336	0.00379	0.00464	0.00649
51	0.00483	0.00345	0.00460	0.00552	0.00575	0.00322	0.00368	0.00552	0.00759	0.01012	0.02185	0.85807	0.02622	0.01242	0.00506	0.00161	0.00230	0.01127	0.00368	0.00322
52	0.02395	0.13914	0.12903	0.01214	0.18396	0.11824	0.00919	0.23054	0.01184	0.09297	0.00825	0.00898	0.00621	0.00408	0.00365	0.00113	0.00487	0.00315	0.00271	0.00597
53	0.00574	0.00396	0.00489	0.00489	0.00509	0.00415	0.00311	0.00613	0.00593	0.00811	0.01197	0.02306	0.01316	0.62956	0.24956	0.00455	0.00573	0.00534	0.00233	0.00272
54	0.00540	0.00401	0.00503	0.00489	0.00584	0.00364	0.00365	0.00702	0.01052	0.01444	0.61329	0.09251	0.18419	0.00883	0.00472	0.00130	0.00196	0.02097	0.00418	0.00363
55	0.00867	0.00867	0.01214	0.01041	0.01041	0.01214	0.00867	0.00954	0.00607	0.00954	0.00520	0.00867	0.00520	0.00694	0.01301	0.00173	0.85340	0.00347	0.00173	0.00434
56	0.04557	0.09374	0.16887	0.00915	0.01277	0.03559	0.00864	0.51100	0.03254	0.03154	0.00867	0.00899	0.00628	0.00440	0.00373	0.00117	0.00463	0.00326	0.00322	0.00626
57	0.00941	0.00902	0.01539	0.08408	0.69025	0.00924	0.03591	0.01169	0.00873	0.01242	0.00758	0.01043	0.00646	0.02952	0.01754	0.00137	0.02947	0.00364	0.00196	0.00590
58	0.62457	0.00835	0.02617	0.07687	0.10738	0.03209	0.00615	0.01171	0.00732	0.02952	0.00622	0.00776	0.00494	0.01992	0.00333	0.00128	0.01692	0.00257	0.00234	0.00459
59	0.00491	0.00403	0.00432	0.00425	0.00549	0.00344	0.00319	0.00612	0.00956	0.01196	0.23066	0.03611	0.64305	0.00958	0.00468	0.00132	0.00198	0.00808	0.00385	0.00344
60	0.00494	0.00408	0.00438	0.00454	0.00578	0.00352	0.00352	0.00605	0.00901	0.01086	0.03681	0.06434	0.69129	0.01025	0.00481	0.00142	0.00226	0.12507	0.00368	0.00339
61	0.00867	0.00867	0.01214	0.01041	0.01041	0.01214	0.00867	0.00954	0.00607	0.00954	0.00520	0.00867	0.00520	0.00694	0.01301	0.00173	0.85340	0.00347	0.00173	0.00434
62	0.00749	0.00705	0.01189	0.85113	0.02731	0.00881	0.01101	0.01013	0.00793	0.01013	0.00705	0.01057	0.00529	0.00396	0.00396	0.00132	0.00529	0.00352	0.00176	0.00440
63	0.01060	0.86304	0.02078	0.00678	0.01018	0.01569	0.00678	0.01187	0.00806	0.00933	0.00551	0.00636	0.00509	0.00339	0.00254	0.00085	0.00424	0.00212	0.00170	0.00509
64	0.00495	0.00389	0.00447	0.00462	0.00559	0.00341	0.00335	0.00609	0.00922	0.01184	0.22954	0.23497	0.44368	0.01015	0.00477	0.00138	0.00205	0.00878	0.00385	0.00341
65	0.00981	0.00942	0.01609	0.02434	0.83592	0.00942	0.01217	0.01217	0.00903	0.01295	0.00746	0.00981	0.00628	0.00353	0.00393	0.00118	0.00471	0.00353	0.00196	0.00628
66	0.00840	0.00715	0.00832	0.00596	0.00947	0.00547	0.00477	0.03101	0.00849	0.01323	0.00711	0.00826	0.00590	0.00298	0.00296	0.00060	0.00297	0.00238	0.00239	0.86217
67	0.01038	0.00961	0.00920	0.00830	0.01052	0.09795	0.00642	0.02052	0.74250	0.01586	0.01508	0.01399	0.01137	0.00524	0.00399	0.00131	0.00356	0.00428	0.00382	0.00610
68	0.01481	0.01890	0.01124	0.01021	0.01226	0.84474	0.00766	0.01583	0.01124	0.00970	0.00613	0.00715	0.00511	0.00409	0.00358	0.00102	0.00715	0.00255	0.00204	0.00460
69	0.00577	0.00384	0.00432	0.00432	0.00432	0.00384	0.00240	0.00577	0.00577	0.00769	0.01249	0.02595	0.01441	0.86066	0.02018	0.00384	0.00384	0.00577	0.00240	0.00240
70	0.00483	0.00345	0.00460	0.00552	0.00575	0.00322	0.00368	0.00552	0.00759	0.01012	0.02185	0.85807	0.02622	0.01242	0.00506	0.00161	0.00230	0.01127	0.00368	0.00322
71	0.00568	0.00417	0.00600	0.00600	0.00657	0.00475	0.00449	0.00684	0.00626	0.00893	0.01096	0.01748	0.01074	0.18215	0.69366	0.00591	0.00938	0.00453	0.00218	0.00333
72	0.01267	0.44877	0.01611	0.00844	0.01120	0.40345	0.00721	0.03217	0.00978	0.00986	0.00589	0.00680	0.00513	0.00375	0.00306	0.00094	0.00560	0.00236	0.00191	0.00490
73	0.00782	0.00659	0.00775	0.00579	0.00886	0.00512	0.00458	0.00976	0.02538	0.01331	0.11626	0.03435	0.01070	0.00392	0.00325	0.00072	0.00278	0.00327	0.00268	0.72711
74	0.00723	0.02172	0.14422	0.09181	0.02808	0.00657	0.09132	0.05111	0.00787	0.01060	0.01249	0.03141	0.06962	0.38403	0.01126	0.00243	0.00451	0.01743	0.00237	0.00392
75	0.00922	0.00794	0.01144	0.05037	0.33736	0.00778	0.02529	0.01141	0.09558	0.01358	0.01801	0.25199	0.11517	0.01777	0.00523	0.00167	0.00412	0.00694	0.00342	0.00572
76	0.69080	0.00774	0.00757	0.12087	0.08494	0.00893	0.00591	0.01150	0.00711	0.01632	0.00590	0.00730	0.00461	0.00371	0.00279	0.00124	0.00351	0.00246	0.00232	0.00449
77	0.00855	0.00808	0.01374	0.44833	0.38864	0.00898	0.02316	0.01106	0.00845	0.01154	0.00739	0.01034	0.00586	0.00378	0.00393	0.00125	0.00497	0.00355	0.02317	0.00524
78	0.88866	0.00767	0.00583	0.00521	0.00767	0.00889	0.00429	0.01166	0.00675	0.01779	0.00552	0.00644	0.00429	0.00368	0.00245	0.00123	0.00307	0.00215	0.00245	0.00429
79	0.00559	0.00407	0.00527	0.00501	0.00597	0.00375	0.00379	0.00742	0.01105	0.01553	0.77090	0.03049	0.07504	0.00829	0.00470	0.00127	0.00193	0.03190	0.00431	0.00372
80	0.00483	0.00345	0.00460	0.00552	0.00575	0.00322	0.00368	0.00552	0.00759	0.01012	0.02185	0.85807	0.02622	0.01242	0.00506	0.00161	0.00230	0.01127	0.00368	0.00322
81	0.00561	0.00405	0.00530	0.00499	0.00592	0.00374	0.00374	0.00748	0.01122	0.01590	0.83383	0.02962	0.03741	0.00811	0.00468	0.00125	0.00187	0.00717	0.00436	0.00374
82	0.01060	0.86304	0.02078	0.00678	0.01018	0.01569	0.00678	0.01187	0.00806	0.00933	0.00551	0.00636	0.00509	0.00339	0.00254	0.00085	0.00424	0.00212	0.00170	0.00509
83	0.00577	0.00384	0.00432	0.00432	0.00432	0.00384	0.00240	0.00577	0.00577	0.00769	0.01249	0.02595	0.01441	0.86066	0.02018	0.00384	0.00384	0.00577	0.00240	0.00240
84	0.88866	0.00767	0.00583	0.00521	0.00767	0.00889	0.00429	0.01166	0.00675	0.01779	0.00552	0.00644	0.00429	0.00368	0.00245	0.00123	0.00307	0.00215	0.00245	0.00429
85	0.00483	0.00345	0.00460	0.00552	0.00575	0.00322	0.00368	0.00552	0.00759	0.01012	0.02185	0.85807	0.02622	0.01242	0.00506	0.00161	0.00230	0.01127	0.00368	0.00322
86	0.01779	0.00675	0.00920	0.00705	0.01012	0.00583	0.00583	0.01932	0.01135	0.83867	0.01564	0.01350	0.00981	0.00491	0.00399	0.00123	0.00337	0.00399	0.00491	0.00675
87	0.00795	0.02051	0.84011	0.01130	0.01716	0.00921	0.01465	0.01256	0.00837	0.01256	0.00712	0.00837	0.00502	0.00377	0.00377	0.00126	0.00586	0.00293	0.00167	0.00586
88	0.00820	0.00811	0.05960	0.12549	0.29286	0.00762	0.07338	0.01100	0.05722	0.02349	0.03296	0.11500	0.02276	0.00600	0.00435	0.00136	0.00432	0.11948	0.00262	0.02419
89	0.00825	0.02864	0.47054	0.01142	0.01577	0.04615	0.17937	0.01184	0.00885	0.01236	0.04218	0.02573	0.00896	0.01684	0.00441	0.00136	0.00558	0.09436	0.00213	0.00527
90	0.00968	0.00997	0.05372	0.00975	0.06753	0.14417	0.09166	0.06653	0.03123	0.03397	0.05832	0.05569	0.04296	0.03249	0.01480	0.00130	0.06709	0.02611	0.00265	0.18040
91	0.03833	0.20531	0.16953	0.00892	0.02233	0.07117	0.06669	0.11728	0.06144	0.03542	0.01945	0.02984	0.03046	0.00427	0.00352	0.00108	0.00454	0.00338	0.00250	0.10453
92	0.07397	0.00730	0.02586	0.07891	0.03518	0.01820	0.02481	0.16811	0.04083	0.05678	0.01396	0.06627	0.10321	0.02086	0.14144	0.00209	0.00481	0.01716	0.03102	0.06920

[dist]
# distance from previous block
# <min> <max>
1	44

[block]
# block no. 4 follows, 68 sequences, length 10
# corresponding to MSA columns:
# 1102-1111
name=unknown_E
#
# <colnr> <probs for GDERKNQSTAVLIFYWHMCP>
#	G	D	E	R	K	N	Q	S	T	A	V	L	I	F	Y	W	H	M	C	P
0	0.00955	0.01350	0.35224	0.00982	0.03045	0.04399	0.04096	0.13767	0.07449	0.05009	0.04201	0.05571	0.03680	0.00631	0.04794	0.00153	0.02066	0.00411	0.00270	0.01946
1	0.03502	0.05435	0.01337	0.01156	0.08949	0.24117	0.13373	0.09091	0.08091	0.02977	0.00874	0.05569	0.00747	0.00544	0.02415	0.00137	0.10537	0.00386	0.00249	0.00515
2	0.03642	0.00634	0.00747	0.00721	0.04807	0.05732	0.02209	0.05342	0.03600	0.09400	0.13292	0.02028	0.08896	0.15034	0.18386	0.00275	0.00504	0.02688	0.00311	0.01753
3	0.00739	0.00370	0.00370	0.00370	0.00462	0.00370	0.00277	0.00924	0.00831	0.01478	0.01293	0.01478	0.01016	0.00462	0.00277	0.00092	0.00185	0.00370	0.88267	0.00370
4	0.00988	0.00800	0.00936	0.00686	0.01029	0.03448	0.03651	0.09733	0.00969	0.07149	0.00791	0.00879	0.00622	0.00332	0.00321	0.00074	0.00340	0.00269	0.00268	0.66716
5	0.00739	0.00370	0.00370	0.00370	0.00462	0.00370	0.00277	0.00924	0.00831	0.01478	0.01293	0.01478	0.01016	0.00462	0.00277	0.00092	0.00185	0.00370	0.88267	0.00370
6	0.05408	0.02203	0.02418	0.02265	0.11761	0.04552	0.00582	0.06517	0.05953	0.03356	0.10599	0.15932	0.12642	0.06904	0.06973	0.00187	0.00392	0.00601	0.00314	0.00441
7	0.03429	0.00977	0.01119	0.03643	0.06727	0.11490	0.08098	0.25879	0.07553	0.06782	0.05450	0.07368	0.03534	0.00559	0.00413	0.00126	0.00439	0.04052	0.00332	0.02032
8	0.19864	0.03554	0.04528	0.13938	0.20458	0.06944	0.00825	0.03697	0.04644	0.01357	0.03202	0.00976	0.00684	0.00516	0.04155	0.00141	0.02749	0.00319	0.00228	0.07222
9	0.16393	0.15623	0.20457	0.03255	0.03757	0.08414	0.02950	0.04829	0.00865	0.04548	0.00771	0.00996	0.00634	0.00670	0.08685	0.00170	0.03237	0.03022	0.00221	0.00502

[dist]
# distance from previous block
# <min> <max>
3	57

[block]
# block no. 5 follows, 68 sequences, length 99
# corresponding to MSA columns:
# 1189-1287
name=unknown_F
#
# <colnr> <probs for GDERKNQSTAVLIFYWHMCP>
#	G	D	E	R	K	N	Q	S	T	A	V	L	I	F	Y	W	H	M	C	P
0	0.14636	0.00783	0.00893	0.23247	0.05243	0.08867	0.00699	0.06090	0.02112	0.04375	0.01109	0.10429	0.05170	0.01827	0.07963	0.00174	0.00477	0.00438	0.00258	0.05208
1	0.00748	0.00528	0.01972	0.04870	0.00886	0.00495	0.05198	0.02546	0.04526	0.11130	0.18903	0.35609	0.05195	0.00893	0.00470	0.00143	0.00293	0.04799	0.00377	0.00420
2	0.03709	0.28688	0.13843	0.00766	0.01038	0.20910	0.00716	0.01137	0.00867	0.01020	0.01105	0.03032	0.10276	0.08364	0.02850	0.00146	0.00499	0.00366	0.00215	0.00453
3	0.00635	0.00515	0.00648	0.00610	0.00734	0.02247	0.03989	0.04794	0.02161	0.01260	0.18309	0.39457	0.11347	0.00916	0.00458	0.00134	0.00267	0.00816	0.00358	0.10345
4	0.01046	0.00898	0.01217	0.03105	0.26732	0.00966	0.04887	0.13202	0.34245	0.03403	0.02373	0.02552	0.02600	0.00481	0.00406	0.00127	0.00398	0.00425	0.00324	0.00613
5	0.13924	0.02691	0.01350	0.03893	0.52134	0.04546	0.01996	0.01301	0.00905	0.11286	0.01845	0.00986	0.00670	0.00381	0.00369	0.00118	0.00441	0.00337	0.00241	0.00586
6	0.56040	0.00762	0.00719	0.00600	0.00864	0.00824	0.00494	0.08301	0.00903	0.23708	0.00874	0.00879	0.00612	0.00412	0.00300	0.00122	0.00323	0.00280	0.02469	0.00514
7	0.00579	0.00435	0.00632	0.00636	0.00711	0.00497	0.00497	0.00741	0.02553	0.00955	0.01220	0.01829	0.03102	0.04945	0.72825	0.00577	0.00960	0.05718	0.00231	0.00358
8	0.00760	0.00641	0.00766	0.02526	0.00916	0.00500	0.00466	0.00919	0.00810	0.01236	0.00968	0.15929	0.00948	0.00465	0.00334	0.00079	0.00288	0.00396	0.00257	0.70796
9	0.00971	0.00935	0.01574	0.02308	0.76168	0.00967	0.01185	0.01193	0.00876	0.01265	0.00726	0.00971	0.00618	0.00384	0.00474	0.00123	0.08104	0.00353	0.00194	0.00611
10	0.01130	0.20269	0.03147	0.00931	0.01159	0.31180	0.07483	0.06044	0.02054	0.01111	0.03893	0.02164	0.00737	0.00684	0.08234	0.00161	0.08599	0.00327	0.00219	0.00477
11	0.00942	0.48781	0.38568	0.00880	0.01329	0.01280	0.01029	0.01218	0.00820	0.01077	0.00623	0.00726	0.00506	0.00356	0.00309	0.00103	0.00496	0.00248	0.00169	0.00543
12	0.01051	0.01007	0.01364	0.02618	0.03942	0.08198	0.23588	0.06512	0.37981	0.03360	0.01170	0.01208	0.00880	0.00444	0.00411	0.00126	0.00464	0.00415	0.00312	0.04948
13	0.00749	0.00705	0.01189	0.85113	0.02731	0.00881	0.01101	0.01013	0.00793	0.01013	0.00705	0.01057	0.00529	0.00396	0.00396	0.00132	0.00529	0.00352	0.00176	0.00440
14	0.02879	0.00732	0.00982	0.32731	0.01638	0.00738	0.00749	0.09343	0.00921	0.01314	0.00818	0.01160	0.00681	0.00406	0.00359	0.00102	0.00402	0.05582	0.00238	0.38225
15	0.15625	0.00859	0.00875	0.00710	0.00973	0.08499	0.02822	0.12564	0.06399	0.07807	0.05678	0.01296	0.06608	0.00477	0.00373	0.00107	0.01990	0.02073	0.00308	0.23957
16	0.00791	0.00740	0.01243	0.54093	0.25437	0.00848	0.01068	0.01029	0.00821	0.01093	0.00850	0.08658	0.00745	0.00460	0.00405	0.00131	0.00485	0.00422	0.00199	0.00483
17	0.00749	0.00705	0.01189	0.85113	0.02731	0.00881	0.01101	0.01013	0.00793	0.01013	0.00705	0.01057	0.00529	0.00396	0.00396	0.00132	0.00529	0.00352	0.00176	0.00440
18	0.01669	0.00651	0.00885	0.00687	0.00974	0.00564	0.00564	0.01826	0.01134	0.76467	0.08923	0.01495	0.01230	0.00520	0.00405	0.00123	0.00324	0.00427	0.00486	0.00648
19	0.01483	0.01820	0.01130	0.01012	0.01226	0.76987	0.00765	0.08840	0.01190	0.01108	0.00643	0.00736	0.00525	0.00415	0.00361	0.00104	0.00690	0.00265	0.00222	0.00479
20	0.00749	0.00705	0.01189	0.85113	0.02731	0.00881	0.01101	0.01013	0.00793	0.01013	0.00705	0.01057	0.00529	0.00396	0.00396	0.00132	0.00529	0.00352	0.00176	0.00440
21	0.01779	0.00675	0.00920	0.00705	0.01012	0.00583	0.00583	0.01932	0.01135	0.83867	0.01564	0.01350	0.00981	0.00491	0.00399	0.00123	0.00337	0.00399	0.00491	0.00675
22	0.88866	0.00767	0.00583	0.00521	0.00767	0.00889	0.00429	0.01166	0.00675	0.01779	0.00552	0.00644	0.00429	0.00368	0.00245	0.00123	0.00307	0.00215	0.00245	0.00429
23	0.00986	0.00852	0.00897	0.00807	0.01031	0.00986	0.00628	0.02107	0.82876	0.01659	0.01614	0.01479	0.01210	0.00538	0.00403	0.00134	0.00314	0.00448	0.00403	0.00628
24	0.00749	0.00705	0.01189	0.85113	0.02731	0.00881	0.01101	0.01013	0.00793	0.01013	0.00705	0.01057	0.00529	0.00396	0.00396	0.00132	0.00529	0.00352	0.00176	0.00440
25	0.88866	0.00767	0.00583	0.00521	0.00767	0.00889	0.00429	0.01166	0.00675	0.01779	0.00552	0.00644	0.00429	0.00368	0.00245	0.00123	0.00307	0.00215	0.00245	0.00429
26	0.00577	0.00384	0.00432	0.00432	0.00432	0.00384	0.00240	0.00577	0.00577	0.00769	0.01249	0.02595	0.01441	0.86066	0.02018	0.00384	0.00384	0.00577	0.00240	0.00240
27	0.00749	0.00705	0.01189	0.85113	0.02731	0.00881	0.01101	0.01013	0.00793	0.01013	0.00705	0.01057	0.00529	0.00396	0.00396	0.00132	0.00529	0.00352	0.00176	0.00440
28	0.01779	0.00675	0.00920	0.00705	0.01012	0.00583	0.00583	0.01932	0.01135	0.83867	0.01564	0.01350	0.00981	0.00491	0.00399	0.00123	0.00337	0.00399	0.00491	0.00675
29	0.00822	0.00705	0.00822	0.00587	0.00940	0.00529	0.00470	0.00998	0.00822	0.01292	0.00705	0.00822	0.00587	0.00294	0.00294	0.00059	0.00294	0.00235	0.00235	0.88490
30	0.00795	0.02051	0.84011	0.01130	0.01716	0.00921	0.01465	0.01256	0.00837	0.01256	0.00712	0.00837	0.00502	0.00377	0.00377	0.00126	0.00586	0.00293	0.00167	0.00586
31	0.00561	0.00405	0.00530	0.00499	0.00592	0.00374	0.00374	0.00748	0.01122	0.01590	0.83383	0.02962	0.03741	0.00811	0.00468	0.00125	0.00187	0.00717	0.00436	0.00374
32	0.00483	0.00345	0.00460	0.00552	0.00575	0.00322	0.00368	0.00552	0.00759	0.01012	0.02185	0.85807	0.02622	0.01242	0.00506	0.00161	0.00230	0.01127	0.00368	0.00322
33	0.00573	0.00398	0.00505	0.00556	0.00591	0.00392	0.00398	0.00648	0.00728	0.00961	0.01749	0.23600	0.01998	0.38264	0.01180	0.00265	0.00340	0.26240	0.00311	0.00300
34	0.01019	0.01020	0.01553	0.04875	0.73673	0.08453	0.01173	0.01243	0.00919	0.01257	0.00733	0.00960	0.00614	0.00360	0.00389	0.00117	0.00495	0.00344	0.00196	0.00607
35	0.00739	0.00370	0.00370	0.00370	0.00462	0.00370	0.00277	0.00924	0.00831	0.01478	0.01293	0.01478	0.01016	0.00462	0.00277	0.00092	0.00185	0.00370	0.88267	0.00370
36	0.15702	0.00843	0.00854	0.00706	0.00967	0.02605	0.00565	0.19420	0.25856	0.03237	0.01075	0.01086	0.00813	0.00441	0.00343	0.00111	0.00333	0.00339	0.08245	0.16459
37	0.01364	0.01441	0.01150	0.03096	0.01237	0.47826	0.05242	0.14486	0.01161	0.07445	0.00786	0.00943	0.00632	0.04523	0.02254	0.00137	0.05199	0.00320	0.00256	0.00500
38	0.00936	0.01070	0.02340	0.01671	0.02072	0.01003	0.82152	0.01270	0.00936	0.01270	0.00802	0.01070	0.00602	0.00334	0.00468	0.00134	0.00668	0.00468	0.00201	0.00535
39	0.02384	0.00958	0.00964	0.00836	0.01078	0.05478	0.00658	0.18303	0.60931	0.01794	0.01411	0.01320	0.01053	0.00516	0.00397	0.00129	0.00360	0.00416	0.00389	0.00625
40	0.00910	0.00768	0.00904	0.03248	0.02746	0.00861	0.04444	0.01759	0.58196	0.01570	0.06825	0.01683	0.01350	0.00559	0.00406	0.00132	0.00323	0.04467	0.08286	0.00565
41	0.00979	0.00938	0.01609	0.02327	0.76411	0.00937	0.04832	0.02880	0.00921	0.01313	0.00784	0.02833	0.00671	0.00374	0.00398	0.00119	0.00474	0.00375	0.00204	0.00618
42	0.00477	0.00396	0.00417	0.00424	0.00544	0.00336	0.00314	0.00580	0.00904	0.01103	0.09581	0.12337	0.69193	0.01015	0.00472	0.00136	0.00203	0.00859	0.00373	0.00336
43	0.01060	0.86304	0.02078	0.00678	0.01018	0.01569	0.00678	0.01187	0.00806	0.00933	0.00551	0.00636	0.00509	0.00339	0.00254	0.00085	0.00424	0.00212	0.00170	0.00509
44	0.00481	0.00403	0.00419	0.00419	0.00548	0.00341	0.00316	0.00592	0.00924	0.01122	0.11279	0.03754	0.74051	0.00989	0.00471	0.00134	0.00204	0.02840	0.00374	0.00339
45	0.00689	0.00344	0.00517	0.00517	0.00517	0.00344	0.00344	0.00517	0.00517	0.00689	0.00689	0.01205	0.00689	0.01377	0.01550	0.88464	0.00344	0.00344	0.00172	0.00172
46	0.01516	0.01097	0.01182	0.00906	0.01223	0.01209	0.00748	0.79775	0.01842	0.05026	0.00971	0.00964	0.00684	0.00476	0.00397	0.00119	0.00433	0.00358	0.00400	0.00674
47	0.01109	0.00522	0.00691	0.00581	0.00769	0.00466	0.00460	0.01281	0.01108	0.37815	0.41890	0.02153	0.02345	0.00647	0.00425	0.00122	0.00253	0.00554	0.06305	0.00506
48	0.88866	0.00767	0.00583	0.00521	0.00767	0.00889	0.00429	0.01166	0.00675	0.01779	0.00552	0.00644	0.00429	0.00368	0.00245	0.00123	0.00307	0.00215	0.00245	0.00429
49	0.00544	0.00411	0.00502	0.00478	0.00584	0.00373	0.00359	0.00722	0.02340	0.01455	0.61318	0.03162	0.24577	0.00857	0.00467	0.00127	0.00193	0.00744	0.00418	0.00368
50	0.00496	0.00410	0.00440	0.00452	0.00579	0.00354	0.00353	0.00612	0.00913	0.01106	0.06532	0.03880	0.68925	0.01010	0.00480	0.00141	0.00224	0.12382	0.00370	0.00340
51	0.17725	0.00446	0.00509	0.00552	0.00636	0.00448	0.00391	0.00756	0.00766	0.05958	0.01819	0.63166	0.02078	0.01018	0.00446	0.00150	0.00250	0.00897	0.01623	0.00364
52	0.00494	0.00350	0.00457	0.00538	0.00558	0.00330	0.00353	0.00555	0.00737	0.00983	0.02072	0.75760	0.02480	0.11484	0.00689	0.00188	0.00249	0.01061	0.00353	0.00312
53	0.01284	0.00954	0.01015	0.00816	0.01083	0.01059	0.00662	0.53772	0.19293	0.02169	0.01200	0.01188	0.02605	0.00499	0.00386	0.00120	0.00376	0.00389	0.10510	0.00622
54	0.00518	0.00365	0.00449	0.00502	0.00526	0.00347	0.00323	0.00567	0.00708	0.00933	0.01986	0.49049	0.08069	0.31213	0.01039	0.00238	0.00285	0.02267	0.00323	0.00295
