[name]
unknown

[dist]
# distance from previous block
# <min> <max>
0	53

[block]
# block no. 0 follows, 74 sequences, length 13
# corresponding to MSA columns:
# 53-65
name=unknown_A
#
# <colnr> <probs for GDERKNQSTAVLIFYWHMCP>
#	G	D	E	R	K	N	Q	S	T	A	V	L	I	F	Y	W	H	M	C	P
0	0.05569	0.03649	0.00994	0.03664	0.11919	0.17053	0.00668	0.10581	0.05388	0.22038	0.00983	0.01091	0.00741	0.00424	0.00347	0.00107	0.00407	0.03400	0.04725	0.06252
1	0.00976	0.18435	0.19104	0.01014	0.07460	0.10013	0.08037	0.12380	0.02767	0.01227	0.00730	0.04493	0.00616	0.00416	0.00412	0.00110	0.07423	0.00321	0.00211	0.03857
2	0.00536	0.00389	0.00521	0.00524	0.00557	0.00429	0.00367	0.00607	0.00583	0.00813	0.01144	0.09512	0.01223	0.36847	0.41023	0.00446	0.03459	0.00512	0.00221	0.00288
3	0.00469	0.00347	0.00439	0.00483	0.00536	0.00321	0.00336	0.00559	0.00783	0.01040	0.16596	0.51017	0.16916	0.04031	0.04170	0.00167	0.00242	0.00895	0.00345	0.00311
4	0.00519	0.00373	0.00515	0.00537	0.00599	0.00344	0.03473	0.00613	0.00785	0.03667	0.14657	0.57908	0.09456	0.04080	0.00511	0.00149	0.00231	0.00910	0.00348	0.00325
5	0.00480	0.00355	0.00442	0.00487	0.00538	0.00331	0.00335	0.00588	0.03001	0.01043	0.15125	0.53375	0.15152	0.06265	0.00546	0.00154	0.00216	0.00905	0.00348	0.00314
6	0.01426	0.01016	0.01099	0.00843	0.01139	0.01116	0.00696	0.78730	0.01706	0.07067	0.00924	0.00912	0.00648	0.00446	0.00371	0.00112	0.00403	0.00336	0.00376	0.00631
7	0.00457	0.00326	0.00435	0.00514	0.00539	0.00304	0.00345	0.00528	0.00731	0.00980	0.07057	0.81608	0.02519	0.01138	0.00472	0.00149	0.00213	0.01032	0.00348	0.00304
8	0.00770	0.00660	0.00770	0.00550	0.00880	0.00495	0.00440	0.00935	0.00770	0.01210	0.00660	0.00770	0.00550	0.00275	0.00275	0.00055	0.00275	0.00220	0.00220	0.89224
9	0.03501	0.01001	0.14034	0.02257	0.08493	0.00833	0.27484	0.12756	0.04120	0.05285	0.02568	0.07499	0.00836	0.00445	0.00394	0.00120	0.00464	0.02703	0.00251	0.04954
10	0.01310	0.06161	0.01138	0.00951	0.05838	0.31766	0.00720	0.37506	0.08275	0.01607	0.00796	0.00837	0.00606	0.00414	0.00351	0.00105	0.00495	0.00299	0.00284	0.00543
11	0.01261	0.00643	0.00843	0.00675	0.00914	0.00611	0.03798	0.08246	0.11288	0.45788	0.15268	0.01624	0.06270	0.00536	0.00391	0.00117	0.00302	0.00452	0.00416	0.00556
12	0.04085	0.03301	0.04186	0.05783	0.15111	0.16181	0.08599	0.10855	0.10512	0.12695	0.00885	0.00964	0.00662	0.00439	0.01707	0.00121	0.02783	0.00332	0.00265	0.00533

[dist]
# distance from previous block
# <min> <max>
0	10

[block]
# block no. 1 follows, 74 sequences, length 12
# corresponding to MSA columns:
# 76-87
name=unknown_B
#
# <colnr> <probs for GDERKNQSTAVLIFYWHMCP>
#	G	D	E	R	K	N	Q	S	T	A	V	L	I	F	Y	W	H	M	C	P
0	0.00893	0.00532	0.00650	0.00593	0.00744	0.00522	0.00451	0.07653	0.12554	0.21254	0.13834	0.29150	0.08079	0.00771	0.00420	0.00129	0.00258	0.00670	0.00388	0.00454
1	0.03290	0.19449	0.12842	0.07063	0.06043	0.09129	0.05230	0.08118	0.09013	0.02330	0.04553	0.01005	0.00750	0.03881	0.01929	0.00128	0.04212	0.00322	0.00225	0.00488
2	0.01005	0.08662	0.12454	0.05779	0.04582	0.02400	0.07781	0.24520	0.12780	0.02908	0.00934	0.05295	0.00760	0.02945	0.00434	0.00122	0.02965	0.00372	0.00272	0.03029
3	0.04679	0.00398	0.00574	0.00539	0.00578	0.00409	0.04079	0.00619	0.04017	0.00771	0.00756	0.01276	0.00745	0.11328	0.04840	0.63266	0.00366	0.00355	0.00184	0.00220
4	0.00462	0.00332	0.00435	0.00506	0.00533	0.00315	0.00339	0.00527	0.00697	0.00928	0.01999	0.72132	0.05897	0.07903	0.04947	0.00189	0.00265	0.00969	0.00328	0.00298
5	0.00862	0.01295	0.37127	0.02566	0.09381	0.02247	0.14238	0.05907	0.03036	0.05556	0.07619	0.02635	0.00832	0.00422	0.00421	0.00120	0.04619	0.00368	0.00223	0.00523
6	0.00932	0.05824	0.21234	0.14870	0.11163	0.08942	0.11866	0.06469	0.10993	0.02963	0.00797	0.00930	0.00601	0.00375	0.00365	0.00115	0.00496	0.00327	0.00215	0.00521
7	0.05585	0.09930	0.09458	0.02147	0.01212	0.18616	0.10163	0.17578	0.09015	0.01348	0.00783	0.03323	0.00635	0.00434	0.00428	0.00114	0.08159	0.00328	0.00241	0.00502
8	0.00478	0.00350	0.00451	0.00505	0.00554	0.00320	0.00348	0.00561	0.00755	0.01013	0.10078	0.64434	0.08385	0.03336	0.00498	0.00148	0.00219	0.03192	0.00342	0.04032
9	0.07464	0.04810	0.00794	0.00724	0.04140	0.27436	0.00529	0.03995	0.00909	0.04987	0.06733	0.14192	0.11011	0.00729	0.05244	0.00140	0.00430	0.00478	0.04852	0.00405
10	0.35433	0.06764	0.01988	0.03160	0.00892	0.12075	0.02727	0.06429	0.02177	0.01359	0.03609	0.11898	0.05137	0.00502	0.00318	0.00113	0.00354	0.00384	0.00253	0.04427
11	0.65812	0.00695	0.00618	0.00575	0.03402	0.00772	0.00443	0.05287	0.00735	0.04910	0.02819	0.07155	0.00679	0.00422	0.00273	0.00115	0.00291	0.00295	0.00257	0.04444

[dist]
# distance from previous block
# <min> <max>
0	3

[block]
# block no. 2 follows, 74 sequences, length 51
# corresponding to MSA columns:
# 91-141
name=unknown_C
#
# <colnr> <probs for GDERKNQSTAVLIFYWHMCP>
#	G	D	E	R	K	N	Q	S	T	A	V	L	I	F	Y	W	H	M	C	P
0	0.04068	0.03581	0.00971	0.04459	0.01030	0.00731	0.10828	0.12855	0.09954	0.14334	0.12049	0.02444	0.01144	0.00474	0.00386	0.00112	0.02825	0.00404	0.13334	0.04017
1	0.03342	0.09334	0.06309	0.00631	0.00835	0.02454	0.02489	0.09168	0.03602	0.01160	0.04443	0.05137	0.02726	0.16765	0.13062	0.00218	0.00448	0.00397	0.00243	0.17236
2	0.00586	0.00427	0.00537	0.00510	0.00619	0.00398	0.01279	0.00793	0.07130	0.04461	0.42872	0.20129	0.13355	0.00810	0.00431	0.00123	0.00209	0.00714	0.00376	0.04241
3	0.01146	0.03333	0.00939	0.02197	0.00989	0.05789	0.02086	0.34126	0.09564	0.12704	0.05673	0.01295	0.02992	0.06133	0.07728	0.00169	0.00430	0.00388	0.01793	0.00525
4	0.01050	0.12379	0.16921	0.01113	0.13540	0.24404	0.06435	0.04992	0.02708	0.03293	0.00680	0.00791	0.00538	0.00353	0.00335	0.00100	0.00507	0.00277	0.00201	0.09383
5	0.00519	0.00358	0.00423	0.00434	0.00455	0.00351	0.00268	0.00556	0.00634	0.00851	0.09558	0.16190	0.05805	0.57491	0.04309	0.00299	0.00332	0.00644	0.00267	0.00258
6	0.01004	0.05059	0.07208	0.02027	0.21067	0.14003	0.12412	0.06432	0.06244	0.06030	0.02959	0.03878	0.02502	0.00423	0.00397	0.00112	0.03270	0.00367	0.00238	0.04370
7	0.00463	0.00361	0.00417	0.00435	0.00520	0.00319	0.00312	0.00563	0.00841	0.01078	0.19593	0.26636	0.42611	0.03528	0.00492	0.00138	0.00198	0.00829	0.00354	0.00315
8	0.00770	0.00660	0.00770	0.00550	0.00880	0.00495	0.00440	0.00935	0.00770	0.01210	0.00660	0.00770	0.00550	0.00275	0.00275	0.00055	0.00275	0.00220	0.00220	0.89224
9	0.02793	0.25770	0.31065	0.00958	0.03094	0.01106	0.03960	0.09614	0.05757	0.01343	0.02410	0.01143	0.05425	0.00489	0.00412	0.00131	0.03352	0.00351	0.00253	0.00575
10	0.00540	0.00360	0.00405	0.00405	0.00405	0.00360	0.00225	0.00540	0.00540	0.00720	0.01170	0.02429	0.01349	0.86955	0.01889	0.00360	0.00360	0.00540	0.00225	0.00225
11	0.00899	0.00892	0.01607	0.03809	0.62294	0.00876	0.17970	0.01136	0.00846	0.01202	0.00707	0.00931	0.00579	0.00325	0.00378	0.00111	0.00473	0.00348	0.00186	0.04431
12	0.00548	0.00442	0.00467	0.00439	0.00574	0.00402	0.00335	0.08866	0.00962	0.01202	0.14384	0.04676	0.63635	0.00870	0.00432	0.00123	0.00209	0.00728	0.00356	0.00350
13	0.85209	0.00726	0.00593	0.00576	0.04852	0.00835	0.00438	0.01093	0.00642	0.01643	0.00526	0.00619	0.00411	0.00344	0.00236	0.00115	0.00295	0.00207	0.00227	0.00411
14	0.01153	0.00888	0.00952	0.00791	0.01040	0.00999	0.00634	0.34995	0.47002	0.05506	0.01257	0.01179	0.00920	0.00478	0.00375	0.00120	0.00341	0.00383	0.00379	0.00607
15	0.00452	0.00323	0.00431	0.00517	0.00538	0.00301	0.00345	0.00517	0.00711	0.00948	0.02046	0.86713	0.02455	0.01163	0.00474	0.00151	0.00215	0.01055	0.00345	0.00301
16	0.00982	0.83476	0.05553	0.00653	0.00981	0.01442	0.00667	0.01114	0.00755	0.00886	0.00523	0.00604	0.00476	0.00319	0.00243	0.00081	0.00404	0.00202	0.00159	0.00479
17	0.01234	0.04638	0.05655	0.00892	0.01182	0.09160	0.06695	0.43709	0.17004	0.04614	0.00959	0.00965	0.00701	0.00431	0.00367	0.00113	0.00432	0.00341	0.00325	0.00583
18	0.00452	0.00323	0.00431	0.00517	0.00538	0.00301	0.00345	0.00517	0.00711	0.00948	0.02046	0.86713	0.02455	0.01163	0.00474	0.00151	0.00215	0.01055	0.00345	0.00301
19	0.00514	0.00380	0.00481	0.00462	0.00554	0.00347	0.00349	0.00675	0.01008	0.01395	0.68279	0.04145	0.15539	0.00801	0.00441	0.00120	0.00184	0.03587	0.00396	0.00344
20	0.00711	0.00732	0.03021	0.01000	0.01212	0.02696	0.35819	0.00965	0.05313	0.01188	0.16923	0.21613	0.03359	0.00633	0.00462	0.00130	0.02900	0.00622	0.00279	0.00423
21	0.00804	0.06911	0.29493	0.01242	0.01643	0.00894	0.43505	0.01124	0.00829	0.01150	0.01821	0.05887	0.02138	0.00391	0.00399	0.00121	0.00549	0.00412	0.00190	0.00498
22	0.01372	0.01015	0.01089	0.00841	0.01130	0.01124	0.00693	0.78525	0.04649	0.02291	0.02919	0.00954	0.00718	0.00455	0.00373	0.00112	0.00399	0.00345	0.00372	0.00623
23	0.00762	0.07939	0.79166	0.01028	0.01560	0.00905	0.01319	0.01171	0.00782	0.01154	0.00656	0.00770	0.00471	0.00350	0.00345	0.00115	0.00538	0.00269	0.00157	0.00543
24	0.00779	0.13756	0.73498	0.00999	0.01516	0.00946	0.01269	0.01167	0.00780	0.01134	0.00645	0.00758	0.00471	0.00348	0.00337	0.00112	0.00528	0.00264	0.00157	0.00539
25	0.00452	0.00332	0.00425	0.00495	0.00533	0.00305	0.00335	0.00525	0.00741	0.00971	0.04688	0.72006	0.14594	0.01118	0.00468	0.00146	0.00210	0.01004	0.00346	0.00305
26	0.11178	0.00841	0.00959	0.00769	0.01954	0.05926	0.03398	0.22913	0.04639	0.38860	0.01945	0.01054	0.00769	0.00442	0.00379	0.00115	0.02570	0.00341	0.00371	0.00579
27	0.00899	0.00862	0.01472	0.09716	0.77353	0.00877	0.01130	0.01122	0.00836	0.01189	0.00695	0.00925	0.00580	0.00334	0.00368	0.00111	0.00446	0.00331	0.00182	0.00572
28	0.00551	0.00421	0.00468	0.00474	0.00571	0.02066	0.00346	0.00677	0.03700	0.04504	0.09735	0.23914	0.39901	0.05781	0.02532	0.00155	0.01042	0.02484	0.00341	0.00336
29	0.00992	0.87178	0.01945	0.00635	0.00953	0.01469	0.00635	0.01111	0.00754	0.00873	0.00516	0.00595	0.00476	0.00318	0.00238	0.00079	0.00397	0.00198	0.00159	0.00476
30	0.10465	0.01119	0.06629	0.00927	0.01186	0.18569	0.13052	0.14955	0.16085	0.05335	0.02873	0.00972	0.00720	0.00425	0.00406	0.00117	0.05044	0.00337	0.00272	0.00513
31	0.00987	0.00987	0.01867	0.01360	0.01702	0.04979	0.62437	0.05519	0.05038	0.08207	0.00907	0.01072	0.02302	0.00357	0.00421	0.00122	0.00566	0.00424	0.00232	0.00515
32	0.00554	0.00393	0.00474	0.00500	0.00574	0.00373	0.00352	0.00706	0.06984	0.04687	0.08212	0.42829	0.20212	0.08946	0.00584	0.00159	0.00233	0.02547	0.00346	0.00337
33	0.24940	0.04619	0.13731	0.00805	0.01073	0.05375	0.08981	0.10397	0.02031	0.07855	0.00758	0.00940	0.00603	0.06087	0.04379	0.00155	0.06253	0.00309	0.00239	0.00471
34	0.23809	0.00907	0.01032	0.00821	0.01084	0.08949	0.12439	0.16615	0.09765	0.17069	0.02283	0.00963	0.00700	0.00411	0.00354	0.00116	0.01526	0.00328	0.00306	0.00523
35	0.01278	0.00874	0.00961	0.00754	0.01016	0.00935	0.00616	0.57830	0.03253	0.12463	0.05485	0.01334	0.09276	0.01680	0.00402	0.00117	0.00360	0.00406	0.00380	0.00579
36	0.00495	0.00370	0.00458	0.00452	0.00537	0.00335	0.00331	0.00633	0.00946	0.01286	0.52719	0.14775	0.21995	0.02420	0.00469	0.00128	0.00187	0.00749	0.00382	0.00333
37	0.20089	0.00928	0.01051	0.00852	0.02766	0.09779	0.11181	0.22203	0.05269	0.18734	0.03005	0.00969	0.00713	0.00412	0.00348	0.00114	0.00408	0.00330	0.00314	0.00535
38	0.00911	0.00874	0.01493	0.05082	0.81893	0.00880	0.01136	0.01133	0.00842	0.01204	0.00697	0.00921	0.00585	0.00332	0.00368	0.00111	0.00443	0.00331	0.00183	0.00582
39	0.00544	0.00402	0.00463	0.00441	0.00559	0.00359	0.00333	0.00705	0.03718	0.04877	0.36546	0.04485	0.43547	0.00834	0.00434	0.00122	0.00192	0.00712	0.00377	0.00351
40	0.00671	0.00547	0.04142	0.00571	0.00705	0.02238	0.02107	0.04363	0.03396	0.07089	0.37415	0.15660	0.15591	0.00773	0.00451	0.00124	0.02739	0.00667	0.00363	0.00390
41	0.00851	0.38701	0.49188	0.00876	0.01324	0.01124	0.01054	0.01148	0.00771	0.01045	0.00601	0.00702	0.00473	0.00338	0.00303	0.00101	0.00483	0.00242	0.00158	0.00517
42	0.00563	0.00405	0.00451	0.00432	0.00560	0.00354	0.00326	0.00699	0.03113	0.07572	0.18136	0.07643	0.56665	0.00870	0.00434	0.00124	0.00200	0.00736	0.00366	0.00351
43	0.00514	0.00371	0.00461	0.00504	0.00566	0.00347	0.00355	0.03472	0.00791	0.02572	0.05198	0.57230	0.19326	0.02153	0.02518	0.00156	0.00240	0.02557	0.00345	0.00324
44	0.11170	0.04764	0.01178	0.01010	0.09326	0.14915	0.10358	0.18406	0.04524	0.13851	0.00872	0.00993	0.00663	0.00420	0.00386	0.00114	0.03549	0.02691	0.00281	0.00528
45	0.14006	0.00955	0.00908	0.00755	0.00999	0.12740	0.00609	0.30452	0.12829	0.14522	0.03155	0.01137	0.00830	0.00466	0.00355	0.00115	0.00388	0.03895	0.00340	0.00544
46	0.00511	0.00382	0.00473	0.00493	0.00564	0.00362	0.00355	0.00672	0.05305	0.01172	0.30900	0.33410	0.14484	0.05198	0.00523	0.00145	0.00214	0.04141	0.00363	0.00333
47	0.03863	0.06603	0.08110	0.00785	0.00968	0.17368	0.02389	0.04770	0.13585	0.01117	0.03060	0.02176	0.00827	0.05006	0.19089	0.00233	0.09026	0.00353	0.00232	0.00440
48	0.06872	0.24545	0.41096	0.00874	0.01296	0.01024	0.04176	0.07864	0.00847	0.01226	0.00637	0.00737	0.00490	0.00343	0.00313	0.00103	0.00463	0.00256	0.00185	0.06653
49	0.10599	0.01045	0.08142	0.03671	0.02656	0.11667	0.02345	0.25497	0.09644	0.13638	0.00919	0.00962	0.00670	0.00451	0.01360	0.00119	0.02238	0.00989	0.00304	0.03085
50	0.10278	0.04197	0.02184	0.06267	0.17874	0.16703	0.11146	0.17842	0.03561	0.02470	0.00726	0.00849	0.00562	0.00370	0.00349	0.00109	0.00475	0.00308	0.00237	0.03493

[dist]
# distance from previous block
# <min> <max>
1	26

[block]
# block no. 3 follows, 74 sequences, length 12
# corresponding to MSA columns:
# 168-179
name=unknown_D
#
# <colnr> <probs for GDERKNQSTAVLIFYWHMCP>
#	G	D	E	R	K	N	Q	S	T	A	V	L	I	F	Y	W	H	M	C	P
0	0.00653	0.00496	0.03075	0.00507	0.00673	0.00399	0.00403	0.00806	0.00918	0.08168	0.36449	0.11039	0.15836	0.00697	0.00401	0.00109	0.00224	0.00603	0.00350	0.18192
1	0.02732	0.04356	0.08624	0.00657	0.00901	0.00628	0.03637	0.05760	0.08998	0.08749	0.04542	0.06551	0.09293	0.05638	0.02083	0.02330	0.00338	0.03102	0.00286	0.20798
2	0.00939	0.29561	0.30887	0.02266	0.03360	0.04973	0.06276	0.04896	0.02479	0.05554	0.00731	0.03472	0.00591	0.00396	0.00348	0.01798	0.00468	0.00297	0.00198	0.00509
3	0.00597	0.00412	0.00575	0.00556	0.00629	0.00446	0.00415	0.00702	0.00614	0.04879	0.01041	0.01632	0.01004	0.20964	0.59555	0.00499	0.00793	0.00420	0.00218	0.04051
4	0.00539	0.00390	0.00487	0.00496	0.00579	0.00353	0.00351	0.00658	0.02445	0.03121	0.20394	0.43095	0.10685	0.06045	0.00524	0.00143	0.00222	0.00807	0.00344	0.08320
5	0.00902	0.04152	0.43353	0.05414	0.05387	0.04381	0.07263	0.08887	0.06568	0.05298	0.02202	0.03061	0.00666	0.00401	0.00365	0.00117	0.00491	0.00335	0.00221	0.00538
6	0.01238	0.07187	0.01197	0.03081	0.05535	0.28871	0.05123	0.18593	0.03681	0.09970	0.00765	0.00851	0.00588	0.00430	0.00460	0.00112	0.11248	0.00304	0.00256	0.00510
7	0.00540	0.00360	0.00405	0.00405	0.00405	0.00360	0.00225	0.00540	0.00540	0.00720	0.01170	0.02429	0.01349	0.86955	0.01889	0.00360	0.00360	0.00540	0.00225	0.00225
8	0.00915	0.00925	0.02882	0.15187	0.13449	0.03482	0.27986	0.08755	0.11010	0.01263	0.00799	0.00991	0.00619	0.00399	0.00482	0.00125	0.09629	0.00373	0.00220	0.00510
9	0.00645	0.00322	0.00484	0.00484	0.00484	0.00322	0.00322	0.00484	0.00484	0.00645	0.00645	0.01128	0.00645	0.01289	0.01451	0.89201	0.00322	0.00322	0.00161	0.00161
10	0.01144	0.18390	0.03913	0.01075	0.08140	0.42378	0.11450	0.01319	0.03201	0.00991	0.00643	0.00799	0.00541	0.00376	0.00361	0.00102	0.03010	0.01510	0.00189	0.00467
11	0.01107	0.00903	0.00966	0.03512	0.01091	0.06480	0.02970	0.24887	0.41717	0.06353	0.02597	0.01193	0.00933	0.00540	0.02926	0.00133	0.00387	0.00382	0.00351	0.00572

[dist]
# distance from previous block
# <min> <max>
5	7

[block]
# block no. 4 follows, 74 sequences, length 59
# corresponding to MSA columns:
# 187-245
name=unknown_E
#
# <colnr> <probs for GDERKNQSTAVLIFYWHMCP>
#	G	D	E	R	K	N	Q	S	T	A	V	L	I	F	Y	W	H	M	C	P
0	0.00866	0.02125	0.01383	0.12385	0.66268	0.01719	0.01056	0.01078	0.00832	0.01167	0.02969	0.05002	0.00739	0.00386	0.00372	0.00113	0.00432	0.00371	0.00195	0.00543
1	0.01148	0.01843	0.00966	0.00714	0.01025	0.00849	0.00585	0.43826	0.01290	0.05727	0.00816	0.00854	0.00609	0.00373	0.00329	0.00087	0.00348	0.00286	0.00309	0.38016
2	0.00452	0.00373	0.00397	0.00402	0.00514	0.00318	0.00299	0.00554	0.00860	0.01058	0.13250	0.10135	0.67299	0.00937	0.00442	0.00127	0.00190	0.01725	0.00352	0.00317
3	0.05007	0.00993	0.09136	0.08808	0.28009	0.06194	0.09211	0.08426	0.04867	0.09006	0.00805	0.00933	0.00609	0.00365	0.00361	0.00111	0.00450	0.00326	0.00236	0.06149
4	0.00853	0.17780	0.44334	0.01099	0.02780	0.02281	0.20625	0.01179	0.00812	0.03030	0.00706	0.00839	0.01342	0.00345	0.00353	0.00112	0.00530	0.00306	0.00174	0.00522
5	0.00452	0.00323	0.00431	0.00517	0.00538	0.00301	0.00345	0.00517	0.00711	0.00948	0.02046	0.86713	0.02455	0.01163	0.00474	0.00151	0.00215	0.01055	0.00345	0.00301
6	0.00616	0.00444	0.00500	0.00475	0.00602	0.01446	0.00363	0.03683	0.02688	0.07454	0.23276	0.09232	0.42960	0.00845	0.00434	0.00125	0.00219	0.03905	0.00369	0.00365
7	0.02186	0.15056	0.10835	0.01102	0.15043	0.11303	0.05181	0.15822	0.04672	0.10886	0.00800	0.00872	0.00605	0.00391	0.00377	0.00109	0.03660	0.00305	0.00251	0.00545
8	0.00749	0.13697	0.10745	0.00653	0.00834	0.07869	0.00570	0.00954	0.07151	0.05322	0.03671	0.35792	0.07516	0.00759	0.00397	0.00125	0.00331	0.02165	0.00292	0.00409
9	0.00445	0.00367	0.00386	0.00400	0.00503	0.00313	0.00290	0.00530	0.00811	0.00981	0.03368	0.16987	0.67515	0.04791	0.00509	0.00140	0.00200	0.00817	0.00339	0.00308
10	0.02803	0.00993	0.01061	0.00883	0.04803	0.05651	0.00689	0.55817	0.09443	0.12560	0.00991	0.00970	0.00702	0.00443	0.00368	0.00112	0.00400	0.00340	0.00363	0.00610
11	0.05482	0.09373	0.03878	0.07039	0.05165	0.22856	0.02967	0.18545	0.09400	0.01345	0.00877	0.03550	0.03000	0.00446	0.00389	0.00111	0.04500	0.00333	0.00251	0.00495
12	0.00810	0.24338	0.63185	0.00947	0.01435	0.01022	0.01178	0.01159	0.00776	0.01096	0.00627	0.00734	0.00472	0.00343	0.00323	0.00108	0.00509	0.00254	0.00157	0.00530
13	0.05575	0.00687	0.00804	0.00650	0.00885	0.00690	0.00526	0.20416	0.09161	0.34873	0.10371	0.01437	0.05058	0.00508	0.00368	0.00114	0.00302	0.00410	0.06613	0.00551
14	0.00730	0.00490	0.00644	0.00577	0.00686	0.00475	0.05596	0.07553	0.02690	0.10070	0.07667	0.21692	0.10593	0.27808	0.00888	0.00202	0.00309	0.00651	0.00317	0.00364
15	0.01090	0.02898	0.05306	0.01178	0.01503	0.09877	0.39423	0.16865	0.09261	0.07502	0.00877	0.00984	0.00643	0.00377	0.00396	0.00117	0.00526	0.00379	0.00259	0.00538
16	0.00502	0.00338	0.00451	0.00519	0.00554	0.00314	0.00352	0.00577	0.00748	0.04038	0.07896	0.77625	0.02474	0.01109	0.00468	0.00147	0.00216	0.01003	0.00353	0.00317
17	0.00984	0.84183	0.04864	0.00650	0.00976	0.01447	0.00661	0.01114	0.00755	0.00884	0.00521	0.00602	0.00476	0.00319	0.00242	0.00081	0.00402	0.00201	0.00159	0.00479
18	0.04714	0.01124	0.00972	0.00827	0.01058	0.29372	0.02817	0.14731	0.20543	0.16049	0.01044	0.03393	0.00788	0.00453	0.00360	0.00112	0.00449	0.00347	0.00316	0.00532
19	0.00947	0.75528	0.08596	0.00667	0.00990	0.01365	0.00685	0.01092	0.00748	0.00897	0.00554	0.00658	0.00501	0.00455	0.04913	0.00111	0.00442	0.00216	0.00161	0.00474
20	0.00502	0.00363	0.00474	0.00480	0.00548	0.00335	0.00347	0.00642	0.00945	0.01316	0.58003	0.27849	0.05040	0.00884	0.00449	0.00127	0.00187	0.00788	0.00388	0.00335
21	0.00754	0.00714	0.01210	0.65551	0.22652	0.00839	0.01057	0.00995	0.00767	0.01013	0.00669	0.00972	0.00518	0.00361	0.00370	0.00120	0.00482	0.00330	0.00170	0.00455
22	0.01394	0.00874	0.04788	0.00833	0.01129	0.04209	0.09189	0.19587	0.08663	0.42445	0.01205	0.02184	0.00820	0.00446	0.00379	0.00116	0.00390	0.00374	0.00379	0.00598
23	0.01035	0.00762	0.00893	0.03903	0.04714	0.02473	0.02105	0.15338	0.34839	0.13155	0.07378	0.09395	0.01245	0.00550	0.00389	0.00122	0.00327	0.00467	0.00364	0.00546
24	0.00808	0.00514	0.00663	0.00609	0.00725	0.02042	0.00467	0.06098	0.04667	0.14958	0.01125	0.02893	0.00994	0.14086	0.47149	0.00414	0.00703	0.00419	0.00267	0.00398
25	0.01166	0.00916	0.01336	0.01022	0.01316	0.04643	0.27112	0.16394	0.22091	0.18336	0.01104	0.01116	0.00787	0.00418	0.00393	0.00119	0.00442	0.00393	0.00324	0.00570
26	0.01322	0.02077	0.05871	0.00925	0.02108	0.39544	0.04988	0.19988	0.04357	0.12410	0.00872	0.00904	0.02126	0.00415	0.00358	0.00106	0.00526	0.00308	0.00275	0.00519
27	0.00546	0.00421	0.00627	0.00618	0.00681	0.00502	0.00484	0.00676	0.00595	0.00863	0.00965	0.01421	0.00903	0.02662	0.80689	0.00572	0.05848	0.00394	0.00197	0.00336
28	0.01219	0.01256	0.01265	0.01024	0.01277	0.36333	0.19611	0.13175	0.08114	0.07938	0.00899	0.01031	0.01947	0.00419	0.00377	0.00111	0.00545	0.02697	0.00260	0.00500
29	0.02273	0.01055	0.00988	0.00835	0.01055	0.26104	0.06496	0.11684	0.20334	0.12851	0.08989	0.03652	0.01059	0.00482	0.00374	0.00113	0.00433	0.00390	0.00319	0.00513
30	0.01656	0.00646	0.00870	0.00667	0.00955	0.00567	0.00551	0.04738	0.01087	0.81933	0.01444	0.01250	0.00909	0.00459	0.00373	0.00115	0.00319	0.00372	0.00456	0.00632
31	0.00902	0.00848	0.01434	0.03541	0.78503	0.00850	0.01087	0.01120	0.00840	0.01218	0.00727	0.00946	0.00607	0.00337	0.00361	0.00109	0.00427	0.00332	0.05239	0.00571
32	0.05148	0.01008	0.01116	0.00886	0.01159	0.06457	0.08338	0.46524	0.22114	0.01914	0.00996	0.00998	0.00730	0.00439	0.00370	0.00115	0.00411	0.00353	0.00338	0.00585
33	0.01372	0.01480	0.01123	0.00959	0.01185	0.60527	0.08360	0.02843	0.03242	0.14312	0.00762	0.00817	0.00576	0.00392	0.00352	0.00102	0.00595	0.00285	0.00241	0.00476
34	0.00468	0.00330	0.00426	0.00496	0.00514	0.00312	0.00323	0.00521	0.00679	0.00906	0.01884	0.71183	0.02251	0.16971	0.00735	0.00189	0.00242	0.00960	0.00323	0.00287
35	0.03688	0.00614	0.00898	0.00727	0.00948	0.00572	0.10888	0.03772	0.05425	0.38946	0.09844	0.15699	0.04145	0.00609	0.00404	0.00124	0.00321	0.01484	0.00382	0.00509
36	0.01498	0.00696	0.00972	0.00745	0.01028	0.00642	0.06974	0.09710	0.04527	0.63186	0.05035	0.01279	0.00986	0.00462	0.00381	0.00116	0.00342	0.00390	0.00424	0.00607
37	0.01343	0.00586	0.00770	0.00621	0.00855	0.00530	0.00501	0.03157	0.05847	0.58417	0.15252	0.04667	0.03060	0.00546	0.00387	0.00117	0.00284	0.00457	0.02045	0.00559
38	0.00870	0.24792	0.50038	0.00976	0.01429	0.02803	0.08891	0.01188	0.00800	0.04031	0.00660	0.00768	0.00497	0.00344	0.00330	0.00107	0.00509	0.00272	0.00172	0.00525
39	0.00701	0.00660	0.01113	0.86063	0.02556	0.00825	0.01031	0.00948	0.00742	0.00948	0.00660	0.00990	0.00495	0.00371	0.00371	0.00124	0.00495	0.00330	0.00165	0.00412
40	0.00896	0.00861	0.01456	0.08544	0.73668	0.00892	0.01112	0.01111	0.00822	0.01174	0.00683	0.00918	0.00575	0.00352	0.00416	0.00114	0.05330	0.00330	0.00181	0.00564
41	0.00876	0.01074	0.14007	0.10621	0.39884	0.03859	0.21947	0.01149	0.00840	0.01163	0.00698	0.00918	0.00551	0.00335	0.00382	0.00116	0.00517	0.00346	0.00179	0.00536
42	0.01121	0.01138	0.00994	0.00860	0.01081	0.27955	0.04524	0.12713	0.40081	0.01420	0.01157	0.01135	0.03236	0.00461	0.00368	0.00114	0.00442	0.00362	0.00307	0.00531
43	0.89577	0.00718	0.00546	0.00488	0.00718	0.00833	0.00402	0.01091	0.00632	0.01665	0.00517	0.00603	0.00402	0.00345	0.00230	0.00115	0.00287	0.00201	0.00230	0.00402
44	0.01061	0.72251	0.01789	0.00691	0.00987	0.16150	0.00649	0.01176	0.00806	0.00879	0.00526	0.00608	0.00477	0.00329	0.00255	0.00082	0.00445	0.00206	0.00164	0.00468
45	0.00452	0.00323	0.00431	0.00517	0.00538	0.00301	0.00345	0.00517	0.00711	0.00948	0.02046	0.86713	0.02455	0.01163	0.00474	0.00151	0.00215	0.01055	0.00345	0.00301
46	0.01351	0.01010	0.01080	0.00842	0.01128	0.01123	0.00691	0.73371	0.11874	0.02242	0.00967	0.00952	0.00693	0.00453	0.00372	0.00113	0.00394	0.00345	0.00372	0.00626
47	0.00538	0.00410	0.00498	0.00470	0.00575	0.00386	0.00354	0.00763	0.07301	0.01394	0.61690	0.02830	0.19846	0.00776	0.00433	0.00119	0.00187	0.00675	0.00393	0.00361
48	0.00812	0.00768	0.01297	0.45865	0.40822	0.00856	0.01077	0.02121	0.00803	0.01090	0.00681	0.00955	0.00540	0.00353	0.00369	0.00117	0.00469	0.00330	0.00176	0.00497
49	0.01425	0.01016	0.01100	0.00843	0.01140	0.01117	0.00696	0.78759	0.01706	0.07038	0.00924	0.00912	0.00648	0.00446	0.00371	0.00112	0.00403	0.00336	0.00376	0.00631
50	0.00452	0.00323	0.00431	0.00517	0.00538	0.00301	0.00345	0.00517	0.00711	0.00948	0.02046	0.86713	0.02455	0.01163	0.00474	0.00151	0.00215	0.01055	0.00345	0.00301
51	0.00784	0.03900	0.01099	0.00915	0.00935	0.01065	0.00762	0.00873	0.00579	0.00889	0.00551	0.00885	0.00542	0.00904	0.11682	0.00213	0.72528	0.00329	0.00167	0.00399
52	0.02605	0.60510	0.12997	0.03830	0.01119	0.07855	0.00754	0.04792	0.00823	0.00999	0.00563	0.00654	0.00482	0.00335	0.00272	0.00089	0.00441	0.00223	0.00172	0.00486
53	0.00452	0.00372	0.00397	0.00401	0.00512	0.00317	0.00297	0.00554	0.00861	0.01064	0.14574	0.11116	0.65926	0.00936	0.00442	0.00127	0.00189	0.00793	0.00353	0.00317
54	0.00518	0.00377	0.00488	0.00465	0.00551	0.00346	0.00347	0.00684	0.01026	0.01442	0.76996	0.06533	0.07263	0.00785	0.00439	0.00119	0.00178	0.00694	0.00403	0.00346
55	0.07695	0.03490	0.01265	0.13856	0.43432	0.00919	0.00932	0.12297	0.07814	0.03593	0.00787	0.00939	0.00617	0.00370	0.00355	0.00113	0.00416	0.00326	0.00232	0.00552
56	0.00952	0.00842	0.10082	0.02590	0.18155	0.00636	0.00716	0.02121	0.00846	0.15079	0.00804	0.00889	0.00610	0.00329	0.00322	0.00085	0.00351	0.00277	0.00246	0.44067
57	0.00927	0.18277	0.45673	0.04038	0.01425	0.02038	0.03530	0.16195	0.02251	0.01324	0.00692	0.00789	0.00515	0.00365	0.00337	0.00109	0.00491	0.00279	0.00201	0.00542
58	0.00961	0.54013	0.01719	0.00814	0.01059	0.06817	0.08659	0.01090	0.00745	0.00910	0.00547	0.00701	0.00496	0.00440	0.02243	0.00112	0.17796	0.00254	0.00165	0.00458

[dist]
# distance from previous block
# <min> <max>
0	1

[block]
# block no. 5 follows, 74 sequences, length 74
# corresponding to MSA columns:
# 247-320
name=unknown_F
#
# <colnr> <probs for GDERKNQSTAVLIFYWHMCP>
#	G	D	E	R	K	N	Q	S	T	A	V	L	I	F	Y	W	H	M	C	P
0	0.00505	0.00379	0.00468	0.00445	0.00542	0.00341	0.00334	0.00661	0.01002	0.01373	0.65277	0.02963	0.22742	0.00802	0.00438	0.00119	0.00178	0.00698	0.00393	0.00341
1	0.00513	0.00397	0.00542	0.00574	0.00634	0.00384	0.03921	0.00678	0.07749	0.01039	0.06199	0.68303	0.05558	0.01042	0.00461	0.00145	0.00236	0.00945	0.00344	0.00337
2	0.16044	0.48310	0.02685	0.00702	0.00971	0.21023	0.00630	0.02309	0.00813	0.01040	0.00536	0.00625	0.00466	0.00347	0.00284	0.00092	0.02271	0.00214	0.00181	0.00455
3	0.01395	0.01032	0.01105	0.00851	0.01145	0.01143	0.00702	0.80667	0.04506	0.02313	0.00912	0.00908	0.00648	0.00448	0.00372	0.00112	0.00405	0.00337	0.00372	0.00630
4	0.00799	0.20541	0.66886	0.00966	0.01464	0.00995	0.01211	0.01162	0.00777	0.01109	0.00633	0.00743	0.00472	0.00345	0.00328	0.00109	0.00515	0.00258	0.00157	0.00533
5	0.00719	0.00679	0.00921	0.00825	0.00857	0.03565	0.00672	0.00821	0.00595	0.00881	0.00690	0.01063	0.00661	0.01484	0.34487	0.00332	0.49843	0.00351	0.00178	0.00377
6	0.00452	0.00323	0.00431	0.00517	0.00538	0.00301	0.00345	0.00517	0.00711	0.00948	0.02046	0.86713	0.02455	0.01163	0.00474	0.00151	0.00215	0.01055	0.00345	0.00301
7	0.00877	0.00816	0.02766	0.00918	0.02558	0.00854	0.17845	0.03919	0.49980	0.02282	0.08017	0.01481	0.04988	0.00496	0.00397	0.00124	0.00360	0.00453	0.00332	0.00539
8	0.00956	0.00814	0.00858	0.00762	0.00978	0.00939	0.00596	0.07496	0.78392	0.01606	0.01469	0.01351	0.01099	0.00500	0.00377	0.00125	0.00302	0.00414	0.00377	0.00590
9	0.00616	0.00422	0.00516	0.00489	0.00601	0.00393	0.00367	0.01819	0.05584	0.07576	0.45058	0.13195	0.20331	0.00807	0.00433	0.00123	0.00203	0.00703	0.00389	0.00374
10	0.00462	0.00333	0.00441	0.00517	0.00548	0.00308	0.00347	0.00531	0.00717	0.00963	0.03161	0.83106	0.02416	0.01132	0.00468	0.00148	0.00216	0.01026	0.00342	0.02817
11	0.00490	0.00372	0.00451	0.00443	0.00536	0.00333	0.00328	0.00627	0.00949	0.01276	0.49910	0.12064	0.29149	0.00860	0.00442	0.00123	0.00184	0.00748	0.00381	0.00333
12	0.01391	0.00571	0.00774	0.00614	0.00853	0.00499	0.00499	0.01542	0.01060	0.64841	0.21417	0.01626	0.01540	0.00531	0.00389	0.00115	0.00282	0.00445	0.00447	0.00564
13	0.00519	0.00379	0.00487	0.00460	0.00550	0.00347	0.00345	0.00688	0.01035	0.01451	0.78282	0.02834	0.09688	0.00773	0.00438	0.00117	0.00176	0.00680	0.00404	0.00347
14	0.00792	0.00673	0.00781	0.00560	0.00889	0.00517	0.00449	0.03759	0.00803	0.01248	0.00668	0.00774	0.00553	0.00281	0.00278	0.00057	0.00279	0.00224	0.00225	0.86190
15	0.00976	0.00960	0.01341	0.02862	0.54104	0.12989	0.04639	0.02560	0.00889	0.04036	0.03582	0.05094	0.00767	0.00409	0.00401	0.00113	0.03163	0.00370	0.00212	0.00534
16	0.01403	0.01210	0.01048	0.00858	0.01115	0.27908	0.00683	0.42896	0.06422	0.11446	0.00894	0.00894	0.00646	0.00431	0.00360	0.00108	0.00474	0.00314	0.00325	0.00565
17	0.00544	0.00429	0.00643	0.03961	0.00768	0.00417	0.07661	0.04073	0.00777	0.01036	0.03018	0.67363	0.03361	0.02070	0.00479	0.00148	0.00273	0.02318	0.00324	0.00338
18	0.00796	0.02542	0.07197	0.08473	0.27147	0.01996	0.14491	0.02333	0.03914	0.01219	0.15107	0.03410	0.04212	0.00474	0.00438	0.00120	0.04974	0.00436	0.00238	0.00485
19	0.05589	0.10831	0.06043	0.01170	0.19515	0.06824	0.05533	0.24352	0.01079	0.05345	0.00735	0.00841	0.00570	0.00391	0.00401	0.00109	0.06109	0.00304	0.00248	0.04011
20	0.00965	0.45514	0.17511	0.00915	0.02252	0.04832	0.14255	0.05912	0.02700	0.01087	0.00631	0.00739	0.00514	0.00338	0.00309	0.00098	0.00473	0.00268	0.00182	0.00505
21	0.00543	0.00360	0.00411	0.00411	0.00413	0.00361	0.00233	0.00541	0.00539	0.00721	0.01151	0.02371	0.01321	0.82734	0.03657	0.02884	0.00372	0.00531	0.00223	0.00225
22	0.00656	0.02023	0.32166	0.00945	0.08960	0.01489	0.05032	0.00894	0.00771	0.01090	0.03973	0.29856	0.02952	0.00758	0.04179	0.00149	0.01436	0.00580	0.01652	0.00439
23	0.02535	0.03565	0.04362	0.06387	0.28396	0.32742	0.03560	0.06694	0.00977	0.05401	0.00691	0.00828	0.00549	0.00370	0.00361	0.00106	0.01460	0.00294	0.00211	0.00511
24	0.02926	0.00997	0.03820	0.00854	0.03074	0.09028	0.01856	0.35469	0.20088	0.04984	0.01052	0.01064	0.02580	0.00467	0.00420	0.00116	0.06150	0.00353	0.04143	0.00558
25	0.00530	0.00398	0.00597	0.00597	0.00663	0.00464	0.00464	0.00663	0.00597	0.00862	0.00994	0.01458	0.00928	0.02784	0.85484	0.00597	0.00994	0.00398	0.00199	0.00331
26	0.00744	0.01920	0.85032	0.01058	0.01607	0.00862	0.01371	0.01176	0.00784	0.01176	0.00666	0.00784	0.00470	0.00353	0.00353	0.00118	0.00549	0.00274	0.00157	0.00549
27	0.01061	0.00863	0.00955	0.03013	0.05172	0.00978	0.00658	0.24493	0.54024	0.02687	0.01277	0.01214	0.00948	0.00475	0.00375	0.00121	0.00338	0.00389	0.00362	0.00596
28	0.00467	0.00334	0.00445	0.00518	0.00550	0.00313	0.00356	0.00549	0.00757	0.01018	0.11748	0.73364	0.02565	0.01110	0.00471	0.00148	0.00216	0.04411	0.00352	0.00309
29	0.01138	0.00757	0.00841	0.00706	0.00930	0.02622	0.00562	0.17427	0.33275	0.21074	0.12985	0.01440	0.01300	0.00513	0.00380	0.00118	0.00309	0.00422	0.02637	0.00563
30	0.00861	0.06771	0.24491	0.01223	0.18554	0.00827	0.13839	0.03504	0.00839	0.03192	0.00717	0.01901	0.00568	0.00337	0.00346	0.00100	0.00452	0.00308	0.00198	0.20974
31	0.00848	0.00860	0.00726	0.00736	0.04067	0.27501	0.00520	0.00923	0.00778	0.00884	0.01077	0.02048	0.01141	0.32389	0.02468	0.02156	0.03822	0.16490	0.00231	0.00335
32	0.00531	0.00388	0.00499	0.00470	0.00561	0.00361	0.00353	0.00722	0.02809	0.01472	0.79785	0.02772	0.06356	0.00760	0.00437	0.00117	0.00178	0.00670	0.00406	0.00354
33	0.00505	0.00379	0.00469	0.00446	0.00542	0.00342	0.00335	0.00662	0.01004	0.01377	0.65879	0.02957	0.22137	0.00801	0.00438	0.00119	0.00178	0.00697	0.00394	0.00342
34	0.00770	0.00660	0.00770	0.00550	0.00880	0.00495	0.00440	0.00935	0.00770	0.01210	0.00660	0.00770	0.00550	0.00275	0.00275	0.00055	0.00275	0.00220	0.00220	0.89224
35	0.17212	0.00691	0.01979	0.54453	0.04777	0.00806	0.01812	0.04463	0.00778	0.02639	0.00697	0.00941	0.00525	0.00373	0.00338	0.00118	0.00428	0.00309	0.06233	0.00428
36	0.01398	0.01027	0.01100	0.00845	0.01138	0.01137	0.00698	0.81932	0.01728	0.02322	0.00897	0.00900	0.00637	0.00445	0.00369	0.00111	0.00404	0.00334	0.01950	0.00626
37	0.04339	0.00640	0.00848	0.00654	0.00935	0.00567	0.00539	0.04080	0.01062	0.78159	0.01413	0.01235	0.00896	0.00455	0.00366	0.00114	0.00314	0.00366	0.02399	0.00618
38	0.07992	0.02714	0.10782	0.05522	0.17466	0.03539	0.08236	0.17879	0.07757	0.05542	0.00936	0.02481	0.03462	0.00426	0.00395	0.00117	0.03602	0.00356	0.00258	0.00535
39	0.00649	0.00645	0.09574	0.02096	0.03601	0.01682	0.04534	0.04772	0.00948	0.04140	0.32515	0.14911	0.16989	0.00736	0.00424	0.00123	0.00282	0.00646	0.00336	0.00398
40	0.00444	0.00360	0.00394	0.00420	0.00513	0.00310	0.00302	0.00531	0.00809	0.00994	0.04602	0.28570	0.58448	0.01004	0.00449	0.00133	0.00196	0.00863	0.00346	0.00310
41	0.01288	0.02704	0.03402	0.01002	0.16379	0.01693	0.00698	0.15613	0.10230	0.35768	0.04010	0.01199	0.00906	0.02894	0.00414	0.00121	0.00361	0.00371	0.00358	0.00590
42	0.00997	0.02065	0.16559	0.06398	0.16250	0.03310	0.16355	0.14027	0.08070	0.06980	0.00849	0.00989	0.00640	0.02086	0.00430	0.00123	0.02734	0.00351	0.00243	0.00546
43	0.00992	0.87178	0.01945	0.00635	0.00953	0.01469	0.00635	0.01111	0.00754	0.00873	0.00516	0.00595	0.00476	0.00318	0.00238	0.00079	0.00397	0.00198	0.00159	0.00476
44	0.02281	0.15793	0.02168	0.00972	0.08107	0.05267	0.07598	0.39899	0.02430	0.08760	0.00858	0.02713	0.00654	0.00415	0.00352	0.00108	0.00427	0.00332	0.00298	0.00569
45	0.00783	0.15147	0.72142	0.00992	0.01505	0.00956	0.01257	0.01166	0.00779	0.01129	0.00643	0.00754	0.00471	0.00347	0.00335	0.00112	0.00525	0.00263	0.00157	0.00537
46	0.00534	0.00385	0.00530	0.00530	0.00573	0.00428	0.00381	0.00620	0.00577	0.00813	0.01055	0.01794	0.01074	0.31935	0.56533	0.00515	0.00775	0.00447	0.00208	0.00295
47	0.00737	0.00554	0.00693	0.00636	0.02395	0.01521	0.03435	0.04996	0.14014	0.07843	0.22524	0.06771	0.18652	0.02013	0.09286	0.00175	0.02410	0.00577	0.00344	0.00422
48	0.00452	0.00323	0.00431	0.00517	0.00538	0.00301	0.00345	0.00517	0.00711	0.00948	0.02046	0.86713	0.02455	0.01163	0.00474	0.00151	0.00215	0.01055	0.00345	0.00301
49	0.00557	0.00425	0.00553	0.00550	0.00601	0.02843	0.00401	0.00650	0.00593	0.00821	0.01034	0.01722	0.01039	0.27486	0.58469	0.00513	0.00798	0.00435	0.00206	0.00303
50	0.06114	0.01264	0.00990	0.00844	0.01078	0.38141	0.00660	0.22539	0.12767	0.10691	0.00881	0.00888	0.00653	0.00422	0.00349	0.00107	0.00491	0.00301	0.00295	0.00524
51	0.00546	0.00401	0.00514	0.00482	0.00576	0.00380	0.00363	0.00768	0.05423	0.01492	0.80071	0.02699	0.03377	0.00745	0.00435	0.00117	0.00181	0.00658	0.00407	0.00363
52	0.00885	0.00785	0.00942	0.00824	0.00950	0.00975	0.00664	0.03995	0.42231	0.03099	0.01201	0.01253	0.05169	0.00581	0.00714	0.00140	0.34399	0.00397	0.00292	0.00504
53	0.00550	0.00394	0.00504	0.00570	0.00609	0.00361	0.00387	0.00610	0.00813	0.01104	0.13464	0.72889	0.02648	0.01149	0.00503	0.00161	0.00241	0.02310	0.00379	0.00353
54	0.00540	0.00360	0.00405	0.00405	0.00405	0.00360	0.00225	0.00540	0.00540	0.00720	0.01170	0.02429	0.01349	0.86955	0.01889	0.00360	0.00360	0.00540	0.00225	0.00225
55	0.00903	0.00857	0.01436	0.12329	0.71074	0.00882	0.01105	0.02945	0.02659	0.01213	0.00715	0.00937	0.00590	0.00342	0.00368	0.00112	0.00444	0.00333	0.00190	0.00568
56	0.00905	0.00868	0.01482	0.07572	0.79454	0.00878	0.01132	0.01127	0.00839	0.01196	0.00696	0.00923	0.00582	0.00333	0.00368	0.00111	0.00444	0.00331	0.00183	0.00577
57	0.00844	0.00684	0.00744	0.00665	0.00796	0.07866	0.00513	0.23326	0.00945	0.01251	0.01006	0.01418	0.02360	0.14407	0.41048	0.00378	0.00698	0.00395	0.00252	0.00406
58	0.00776	0.00603	0.04003	0.00757	0.00949	0.00518	0.18304	0.00965	0.00946	0.14657	0.33699	0.13515	0.07383	0.00666	0.00429	0.00123	0.00315	0.00618	0.00347	0.00426
59	0.01032	0.03985	0.01349	0.00998	0.01283	0.17339	0.25065	0.08495	0.00940	0.05222	0.00710	0.00851	0.00557	0.00362	0.00422	0.00101	0.07333	0.00313	0.00223	0.23418
60	0.00925	0.17382	0.44813	0.01096	0.09977	0.00964	0.06561	0.04344	0.00852	0.08672	0.00727	0.00824	0.00536	0.00354	0.00341	0.00110	0.00488	0.00288	0.00197	0.00547
61	0.00540	0.00361	0.00408	0.00408	0.00410	0.00362	0.00229	0.00542	0.00541	0.00722	0.01166	0.02411	0.01342	0.85373	0.03461	0.00364	0.00372	0.00537	0.00224	0.00227
62	0.00644	0.00536	0.00661	0.00603	0.00736	0.04080	0.06671	0.01601	0.09982	0.04284	0.19931	0.18896	0.25403	0.00844	0.02243	0.00137	0.00282	0.01737	0.00345	0.00383
63	0.02275	0.01009	0.01071	0.00875	0.01105	0.19552	0.09319	0.16924	0.10171	0.19893	0.01077	0.06183	0.01925	0.00490	0.00435	0.00118	0.06351	0.00389	0.00314	0.00526
64	0.03160	0.00832	0.01007	0.02423	0.12819	0.11743	0.02976	0.03668	0.01842	0.50975	0.02133	0.01969	0.00841	0.00440	0.00370	0.00113	0.00391	0.01361	0.00362	0.00577
65	0.01215	0.00545	0.00669	0.00554	0.00753	0.00512	0.00443	0.07232	0.02792	0.42455	0.01358	0.05291	0.00987	0.00482	0.00336	0.00106	0.00265	0.00393	0.33102	0.00510
66	0.00701	0.00660	0.01113	0.86063	0.02556	0.00825	0.01031	0.00948	0.00742	0.00948	0.00660	0.00990	0.00495	0.00371	0.00371	0.00124	0.00495	0.00330	0.00165	0.00412
67	0.00763	0.06657	0.77603	0.01051	0.01581	0.00899	0.04081	0.01172	0.00785	0.01159	0.00661	0.00780	0.00474	0.00349	0.00349	0.00116	0.00543	0.00276	0.00158	0.00543
68	0.00968	0.00894	0.01288	0.22312	0.19416	0.09190	0.10421	0.05587	0.00860	0.08004	0.00743	0.02402	0.00596	0.00429	0.00522	0.00124	0.15195	0.00349	0.00212	0.00489
69	0.04367	0.00862	0.01445	0.07239	0.76435	0.00877	0.01104	0.01126	0.00831	0.01214	0.00689	0.00911	0.00575	0.00334	0.00362	0.00111	0.00438	0.00326	0.00184	0.00570
70	0.00594	0.00347	0.00465	0.00465	0.00477	0.00355	0.00303	0.00542	0.00530	0.00729	0.00902	0.01650	0.00948	0.32323	0.12612	0.42056	0.00418	0.00412	0.03658	0.00214
71	0.00609	0.00531	0.00659	0.00595	0.00700	0.00581	0.02079	0.01764	0.09682	0.01173	0.22263	0.02456	0.34472	0.00809	0.02282	0.00140	0.17903	0.00604	0.00321	0.00378
72	0.00767	0.00666	0.00758	0.00553	0.00867	0.01871	0.00440	0.00943	0.02172	0.01208	0.02092	0.00906	0.03479	0.00311	0.00286	0.00060	0.00277	0.00250	0.00229	0.81865
73	0.00701	0.00660	0.01113	0.86063	0.02556	0.00825	0.01031	0.00948	0.00742	0.00948	0.00660	0.00990	0.00495	0.00371	0.00371	0.00124	0.00495	0.00330	0.00165	0.00412

[dist]
# distance from previous block
# <min> <max>
0	1

[block]
# block no. 6 follows, 74 sequences, length 75
# corresponding to MSA columns:
# 322-396
name=unknown_G
#
# <colnr> <probs for GDERKNQSTAVLIFYWHMCP>
#	G	D	E	R	K	N	Q	S	T	A	V	L	I	F	Y	W	H	M	C	P
0	0.00874	0.46500	0.41588	0.00837	0.01265	0.01179	0.00986	0.01142	0.00768	0.01017	0.00588	0.00685	0.00473	0.00334	0.00293	0.00098	0.00469	0.00235	0.00158	0.00511
1	0.00535	0.00359	0.00413	0.00418	0.00421	0.00360	0.00240	0.00543	0.00551	0.00737	0.01210	0.06918	0.01394	0.79404	0.04740	0.00357	0.00374	0.00562	0.00230	0.00233
2	0.00995	0.12859	0.10759	0.03854	0.05937	0.23946	0.00729	0.03890	0.12862	0.03508	0.12098	0.01212	0.04018	0.00461	0.00362	0.00108	0.01313	0.00357	0.00256	0.00478
3	0.00534	0.00393	0.00583	0.00583	0.00644	0.00454	0.00447	0.00651	0.00590	0.00848	0.00993	0.01501	0.00942	0.07257	0.78515	0.03202	0.00940	0.00403	0.00199	0.00321
4	0.01353	0.06607	0.01145	0.00839	0.01124	0.06680	0.00693	0.68840	0.04501	0.02106	0.00883	0.01964	0.00652	0.00444	0.00362	0.00109	0.00418	0.00331	0.00346	0.00602
5	0.00771	0.08601	0.63760	0.00957	0.01451	0.00857	0.02921	0.01134	0.00781	0.01157	0.00655	0.00771	0.00485	0.00337	0.00333	0.00105	0.00496	0.00263	0.00167	0.13996
6	0.03491	0.20049	0.52772	0.00969	0.02134	0.07694	0.04224	0.02631	0.00815	0.01126	0.00630	0.00740	0.00478	0.00347	0.00327	0.00108	0.00517	0.00261	0.00167	0.00519
7	0.00761	0.00549	0.00636	0.02979	0.01660	0.03587	0.00465	0.08063	0.09487	0.09012	0.10931	0.31767	0.09137	0.04227	0.00488	0.00142	0.00282	0.05071	0.00351	0.00407
8	0.00569	0.00386	0.00458	0.00459	0.00564	0.00339	0.00339	0.00675	0.00866	0.08515	0.17280	0.24902	0.40154	0.00925	0.00443	0.00130	0.00207	0.02079	0.00366	0.00345
9	0.01127	0.16996	0.15392	0.08531	0.04721	0.30643	0.04026	0.02588	0.02381	0.09233	0.00707	0.00801	0.00543	0.00371	0.00334	0.00103	0.00528	0.00275	0.00209	0.00492
10	0.01046	0.13335	0.11495	0.04095	0.06014	0.13593	0.23967	0.07642	0.03243	0.08234	0.00805	0.03435	0.00633	0.00385	0.00367	0.00111	0.00512	0.00350	0.00226	0.00512
11	0.00613	0.00508	0.05870	0.00627	0.00728	0.00425	0.03030	0.04454	0.00804	0.05558	0.01817	0.58455	0.02055	0.01728	0.00472	0.00149	0.00281	0.11730	0.00334	0.00361
12	0.00823	0.05414	0.01325	0.37536	0.34801	0.00907	0.02777	0.01083	0.04688	0.01079	0.00699	0.00949	0.00562	0.00373	0.00413	0.00118	0.05445	0.00329	0.00182	0.00495
