[name]
unknown

[dist]
# distance from previous block
# <min> <max>
0	31

[block]
# block no. 0 follows, 63 sequences, length 17
# corresponding to MSA columns:
# 31-47
name=unknown_A
#
# <colnr> <probs for GDERKNQSTAVLIFYWHMCP>
#	G	D	E	R	K	N	Q	S	T	A	V	L	I	F	Y	W	H	M	C	P
0	0.02714	0.00893	0.01058	0.12641	0.10416	0.10550	0.02094	0.13944	0.02628	0.02632	0.06526	0.04416	0.01421	0.00759	0.02448	0.00160	0.01341	0.22528	0.00321	0.00508
1	0.01351	0.00939	0.01070	0.02425	0.01178	0.02521	0.02409	0.30053	0.20302	0.16797	0.04750	0.01349	0.01055	0.03099	0.00469	0.00134	0.00398	0.00421	0.00408	0.08871
2	0.01036	0.07484	0.54466	0.01108	0.01629	0.01088	0.03250	0.20142	0.01146	0.01615	0.00885	0.00979	0.02433	0.00435	0.00400	0.00129	0.00565	0.00338	0.00241	0.00630
3	0.00749	0.00673	0.01103	0.64499	0.02363	0.00827	0.00991	0.00985	0.00796	0.01036	0.00855	0.01347	0.00720	0.08638	0.12509	0.00242	0.00627	0.00407	0.00199	0.00434
4	0.00983	0.00849	0.01261	0.64588	0.02520	0.01021	0.01081	0.19967	0.01108	0.01445	0.00809	0.01094	0.00597	0.00440	0.00420	0.00137	0.00537	0.00375	0.00242	0.00525
5	0.01201	0.00825	0.03107	0.02081	0.15727	0.00703	0.02237	0.03188	0.03480	0.24737	0.04979	0.01204	0.00930	0.00425	0.00384	0.00104	0.00375	0.00363	0.00336	0.33615
6	0.01536	0.01145	0.01265	0.01048	0.05889	0.01259	0.00815	0.74418	0.01886	0.02533	0.01034	0.03362	0.00770	0.00520	0.00424	0.00127	0.00459	0.00401	0.00408	0.00702
7	0.00864	0.00606	0.00756	0.00740	0.00893	0.00616	0.00619	0.12928	0.05183	0.05450	0.17106	0.03531	0.06954	0.00942	0.00521	0.00164	0.00349	0.40899	0.00415	0.00465
8	0.01647	0.00662	0.00899	0.00707	0.00991	0.00577	0.00577	0.01816	0.01201	0.67855	0.16608	0.01747	0.01582	0.00583	0.00436	0.00130	0.00328	0.00485	0.00510	0.00656
9	0.00939	0.01911	0.63796	0.01173	0.01722	0.01017	0.05346	0.08787	0.08594	0.01494	0.00872	0.00975	0.00625	0.00423	0.00409	0.00134	0.00584	0.00342	0.00225	0.00631
10	0.00817	0.00770	0.01302	0.76682	0.10251	0.00940	0.01179	0.01094	0.00851	0.01102	0.00751	0.01113	0.00570	0.00416	0.00420	0.00139	0.00555	0.00374	0.00189	0.00485
11	0.00828	0.00766	0.01261	0.80648	0.02827	0.00950	0.01152	0.04509	0.00889	0.01142	0.00758	0.01116	0.00567	0.00424	0.00420	0.00139	0.00556	0.00374	0.00197	0.00478
12	0.21513	0.00796	0.00832	0.00646	0.00964	0.01894	0.00518	0.07813	0.02047	0.01575	0.00801	0.03098	0.00674	0.00500	0.03881	0.00114	0.00367	0.00292	0.00271	0.51404
13	0.01545	0.01154	0.01265	0.00970	0.01306	0.01267	0.02467	0.74469	0.04566	0.02554	0.01021	0.01026	0.00729	0.00498	0.00419	0.00125	0.00459	0.00380	0.00411	0.03367
14	0.00826	0.00633	0.00755	0.00679	0.00834	0.02437	0.03926	0.05832	0.15280	0.05712	0.20694	0.06897	0.15551	0.12673	0.00711	0.00179	0.00325	0.05206	0.00392	0.00458
15	0.00851	0.00618	0.00731	0.00662	0.00812	0.00631	0.00506	0.16895	0.07331	0.03476	0.32094	0.15311	0.04856	0.06082	0.01986	0.00166	0.00311	0.04128	0.00415	0.02138
16	0.04448	0.02762	0.02662	0.01898	0.02855	0.07558	0.04576	0.13252	0.02831	0.04301	0.01924	0.02476	0.04342	0.01080	0.19096	0.00237	0.00588	0.01733	0.00287	0.21094

[dist]
# distance from previous block
# <min> <max>
10	75

[block]
# block no. 1 follows, 63 sequences, length 59
# corresponding to MSA columns:
# 131-189
name=unknown_B
#
# <colnr> <probs for GDERKNQSTAVLIFYWHMCP>
#	G	D	E	R	K	N	Q	S	T	A	V	L	I	F	Y	W	H	M	C	P
0	0.01092	0.01315	0.14607	0.01677	0.29364	0.11156	0.11547	0.04849	0.08262	0.02481	0.00856	0.01033	0.00677	0.00444	0.00515	0.00134	0.08772	0.00377	0.00236	0.00607
1	0.00700	0.00409	0.00469	0.00457	0.00551	0.00399	0.00340	0.00888	0.00981	0.01563	0.31882	0.02203	0.02180	0.03594	0.03696	0.00144	0.00240	0.00540	0.48374	0.00388
2	0.01124	0.85479	0.02203	0.00719	0.01079	0.01663	0.00719	0.01259	0.00854	0.00989	0.00584	0.00674	0.00539	0.00360	0.00270	0.00090	0.00450	0.00225	0.00180	0.00539
3	0.00586	0.00429	0.00550	0.00520	0.00623	0.00393	0.00390	0.00777	0.01170	0.01637	0.75513	0.03220	0.10866	0.00877	0.00496	0.00133	0.00200	0.00771	0.00456	0.00393
4	0.00544	0.00390	0.00519	0.00580	0.00629	0.00364	0.00408	0.00658	0.00919	0.01251	0.24260	0.58081	0.03085	0.01183	0.00528	0.00161	0.00239	0.05430	0.00410	0.00359
5	0.00502	0.00422	0.00436	0.00441	0.00573	0.00356	0.00327	0.00611	0.00959	0.01156	0.07633	0.09249	0.73755	0.01072	0.00499	0.00143	0.00214	0.00901	0.00394	0.00356
6	0.00933	0.00505	0.00627	0.00579	0.00731	0.00470	0.00453	0.03621	0.01069	0.19013	0.21658	0.10866	0.10857	0.00795	0.00448	0.00135	0.00264	0.08059	0.18453	0.00463
7	0.88196	0.00813	0.00618	0.00553	0.00813	0.00943	0.00455	0.01236	0.00715	0.01886	0.00585	0.00683	0.00455	0.00390	0.00260	0.00130	0.00325	0.00228	0.00260	0.00455
8	0.01061	0.00911	0.00959	0.00859	0.01099	0.01053	0.00669	0.04495	0.79558	0.01784	0.01691	0.01552	0.01267	0.00568	0.00428	0.00142	0.00336	0.00473	0.00428	0.00667
9	0.85570	0.00824	0.00637	0.00565	0.00828	0.00954	0.00466	0.03660	0.00754	0.01909	0.00598	0.00693	0.00463	0.00394	0.00265	0.00130	0.00329	0.00232	0.00265	0.00463
10	0.00532	0.00388	0.00506	0.00593	0.00640	0.00362	0.00420	0.00625	0.00843	0.01104	0.02512	0.65808	0.11228	0.01270	0.00538	0.00171	0.00259	0.11463	0.00390	0.00349
11	0.00705	0.00565	0.00836	0.00702	0.00869	0.00526	0.10435	0.02790	0.03466	0.02989	0.57235	0.02751	0.09493	0.00769	0.00484	0.00132	0.00280	0.00695	0.00417	0.03861
12	0.00847	0.02150	0.81174	0.01212	0.01828	0.00978	0.03403	0.01332	0.00890	0.01332	0.00757	0.00893	0.00535	0.00398	0.00402	0.00133	0.00623	0.00315	0.00178	0.00620
13	0.04501	0.01150	0.01225	0.00946	0.01274	0.01273	0.00780	0.76989	0.01912	0.02594	0.01020	0.02575	0.00745	0.00516	0.00417	0.00127	0.00454	0.00389	0.00415	0.00699
14	0.00523	0.00426	0.00463	0.00461	0.00589	0.00366	0.00346	0.00650	0.01004	0.01258	0.21425	0.06650	0.60645	0.01030	0.00500	0.00142	0.00214	0.02536	0.00406	0.00364
15	0.00512	0.00366	0.00488	0.00585	0.00610	0.00341	0.00390	0.00585	0.00805	0.01073	0.02317	0.84952	0.02780	0.01317	0.00537	0.00171	0.00244	0.01195	0.00390	0.00341
16	0.01872	0.00739	0.00990	0.00759	0.01085	0.00652	0.00627	0.06028	0.01242	0.78861	0.01626	0.01410	0.01024	0.00520	0.00423	0.00130	0.00363	0.00421	0.00515	0.00715
17	0.01876	0.00731	0.00985	0.00755	0.01081	0.00642	0.00624	0.04778	0.01230	0.80128	0.01636	0.01416	0.01029	0.00520	0.00423	0.00130	0.00361	0.00421	0.00517	0.00715
18	0.01860	0.00757	0.01001	0.00768	0.01094	0.00679	0.00634	0.09161	0.01273	0.75684	0.01600	0.01393	0.01011	0.00519	0.00423	0.00130	0.00367	0.00419	0.00511	0.00715
19	0.00512	0.00366	0.00488	0.00585	0.00610	0.00341	0.00390	0.00585	0.00805	0.01073	0.02317	0.84952	0.02780	0.01317	0.00537	0.00171	0.00244	0.01195	0.00390	0.00341
20	0.01765	0.00909	0.01096	0.00840	0.01170	0.00906	0.00694	0.35283	0.01528	0.49202	0.01386	0.01254	0.00904	0.00514	0.00422	0.00128	0.00402	0.00404	0.00478	0.00715
21	0.00730	0.00365	0.00548	0.00548	0.00548	0.00365	0.00365	0.00548	0.00548	0.00730	0.00730	0.01278	0.00730	0.01460	0.01643	0.87769	0.00365	0.00365	0.00183	0.00183
22	0.00992	0.01134	0.02481	0.01772	0.02197	0.01063	0.81077	0.01347	0.00992	0.01347	0.00850	0.01134	0.00638	0.00354	0.00496	0.00142	0.00709	0.00496	0.00213	0.00567
23	0.85569	0.00849	0.00635	0.00569	0.00828	0.03447	0.00466	0.01249	0.00730	0.01860	0.00587	0.00685	0.00458	0.00392	0.00264	0.00129	0.00338	0.00229	0.00259	0.00456
24	0.01338	0.01006	0.01092	0.00876	0.01156	0.01109	0.00710	0.54628	0.15172	0.02331	0.13465	0.02694	0.01333	0.00582	0.00435	0.00130	0.00398	0.00465	0.00428	0.00653
25	0.01342	0.03055	0.09363	0.02178	0.04498	0.24083	0.09728	0.24527	0.12146	0.03536	0.00956	0.01022	0.00717	0.00458	0.00413	0.00125	0.00570	0.00366	0.00305	0.00611
26	0.00592	0.00430	0.00557	0.00525	0.00626	0.00395	0.00394	0.00787	0.01182	0.01668	0.79829	0.03170	0.06531	0.00866	0.00496	0.00133	0.00199	0.00764	0.00460	0.00395
27	0.00574	0.00383	0.00511	0.00591	0.00630	0.00355	0.00400	0.00655	0.00834	0.04604	0.04830	0.78770	0.02743	0.01268	0.00530	0.00168	0.00247	0.01148	0.00398	0.00359
28	0.00927	0.00940	0.01403	0.01168	0.01209	0.01266	0.08660	0.01044	0.00677	0.01044	0.00581	0.00940	0.00560	0.00699	0.01294	0.00180	0.76370	0.00380	0.00187	0.00470
29	0.00511	0.00424	0.00448	0.00447	0.00578	0.00360	0.00333	0.00629	0.00984	0.01211	0.15240	0.07390	0.67901	0.01046	0.00498	0.00142	0.00212	0.00882	0.00401	0.00360
30	0.01124	0.85479	0.02203	0.00719	0.01079	0.01663	0.00719	0.01259	0.00854	0.00989	0.00584	0.00674	0.00539	0.00360	0.00270	0.00090	0.00450	0.00225	0.00180	0.00539
31	0.01374	0.01079	0.01240	0.10391	0.11391	0.12439	0.03796	0.24950	0.04027	0.15595	0.01034	0.01106	0.00751	0.00465	0.00422	0.00124	0.01688	0.00374	0.04364	0.03389
32	0.04232	0.01808	0.01230	0.03743	0.09775	0.68652	0.00863	0.01596	0.01133	0.01093	0.00664	0.00798	0.00552	0.00430	0.00395	0.00113	0.01918	0.00285	0.00216	0.00504
33	0.01267	0.17977	0.01364	0.00885	0.01193	0.17376	0.03502	0.18557	0.06184	0.04263	0.00838	0.00913	0.00663	0.00428	0.00400	0.00106	0.03873	0.00310	0.00282	0.19620
34	0.00637	0.00501	0.00722	0.00701	0.00768	0.00599	0.00548	0.00774	0.00686	0.00992	0.01206	0.01710	0.04505	0.05850	0.65804	0.00575	0.10679	0.00465	0.01901	0.00380
35	0.00601	0.00450	0.00676	0.00676	0.00751	0.00525	0.00525	0.00751	0.00676	0.00976	0.01126	0.01651	0.01051	0.03153	0.83560	0.00676	0.01126	0.00450	0.00225	0.00375
36	0.88196	0.00813	0.00618	0.00553	0.00813	0.00943	0.00455	0.01236	0.00715	0.01886	0.00585	0.00683	0.00455	0.00390	0.00260	0.00130	0.00325	0.00228	0.00260	0.00455
37	0.01124	0.85479	0.02203	0.00719	0.01079	0.01663	0.00719	0.01259	0.00854	0.00989	0.00584	0.00674	0.00539	0.00360	0.00270	0.00090	0.00450	0.00225	0.00180	0.00539
38	0.02678	0.01056	0.01066	0.00900	0.01157	0.07218	0.00715	0.33470	0.35169	0.01992	0.01312	0.04256	0.01020	0.00662	0.03699	0.00156	0.02000	0.00440	0.00393	0.00642
39	0.01432	0.01075	0.01090	0.00877	0.01153	0.07622	0.00707	0.51364	0.09501	0.06171	0.01103	0.01133	0.00809	0.00553	0.00467	0.04530	0.00437	0.00382	0.08959	0.00634
40	0.01765	0.00873	0.01070	0.00820	0.01150	0.00850	0.00677	0.28914	0.01458	0.53778	0.01417	0.01275	0.00920	0.00510	0.00419	0.00127	0.00392	0.00404	0.00480	0.02701
41	0.00971	0.00818	0.00862	0.00783	0.00999	0.00929	0.00607	0.01979	0.67686	0.01699	0.05333	0.01812	0.07143	0.00613	0.00427	0.00139	0.00310	0.00512	0.05762	0.00615
42	0.00531	0.00379	0.00509	0.00606	0.00639	0.00357	0.00422	0.00617	0.00823	0.01094	0.02307	0.75983	0.02740	0.01300	0.00541	0.00173	0.00260	0.09982	0.00390	0.00347
43	0.01125	0.01070	0.00987	0.00890	0.01124	0.13572	0.00688	0.02149	0.69598	0.01648	0.01550	0.01445	0.01171	0.00550	0.00420	0.00137	0.00397	0.00444	0.00396	0.00638
44	0.00542	0.00445	0.00481	0.00479	0.00611	0.00393	0.00362	0.00707	0.04160	0.01251	0.16682	0.07301	0.60056	0.01026	0.00499	0.00144	0.00223	0.03860	0.00403	0.00374
45	0.01052	0.62020	0.21837	0.00906	0.04355	0.01471	0.00944	0.01278	0.00866	0.01087	0.00634	0.00740	0.00543	0.00370	0.00307	0.00102	0.00493	0.00251	0.00180	0.00564
46	0.00999	0.01253	0.11508	0.01676	0.02119	0.01063	0.68972	0.04475	0.01019	0.01396	0.00846	0.01101	0.00629	0.00365	0.00482	0.00140	0.00689	0.00471	0.00217	0.00579
47	0.00532	0.00394	0.00481	0.00537	0.00608	0.00354	0.00375	0.00624	0.00877	0.02269	0.05978	0.53450	0.28352	0.01205	0.00521	0.00160	0.00236	0.02297	0.00395	0.00354
48	0.01045	0.01016	0.01717	0.02391	0.70630	0.02265	0.07400	0.02282	0.00972	0.01382	0.00794	0.01036	0.00661	0.00373	0.00417	0.00123	0.00511	0.00377	0.00213	0.04396
49	0.01130	0.02890	0.01496	0.15905	0.25006	0.15518	0.10613	0.07189	0.05325	0.03469	0.03594	0.01110	0.00773	0.00444	0.00457	0.00130	0.03743	0.00387	0.00249	0.00574
50	0.00730	0.00365	0.00548	0.00548	0.00548	0.00365	0.00365	0.00548	0.00548	0.00730	0.00730	0.01278	0.00730	0.01460	0.01643	0.87769	0.00365	0.00365	0.00183	0.00183
51	0.00677	0.00438	0.00519	0.00500	0.00599	0.00426	0.00371	0.00912	0.05107	0.01594	0.45502	0.05634	0.02741	0.03920	0.00489	0.00133	0.00214	0.00635	0.29187	0.00401
52	0.03035	0.10068	0.09238	0.01027	0.04090	0.19620	0.11048	0.02432	0.03315	0.07494	0.10160	0.04315	0.04291	0.00577	0.00441	0.00130	0.01780	0.06128	0.00292	0.00520
53	0.02063	0.20789	0.28066	0.04990	0.05341	0.10000	0.09344	0.02337	0.06687	0.03857	0.00840	0.02394	0.00663	0.00422	0.00383	0.00123	0.00557	0.00342	0.00224	0.00578
54	0.00684	0.00510	0.00607	0.00560	0.00684	0.02185	0.00425	0.03891	0.03496	0.03500	0.64669	0.03028	0.12465	0.00844	0.00487	0.00133	0.00229	0.00734	0.00448	0.00421
55	0.01538	0.01871	0.01200	0.01122	0.04347	0.73819	0.00822	0.01676	0.02855	0.04166	0.00713	0.00815	0.00581	0.00444	0.00404	0.00112	0.02492	0.00287	0.00232	0.00506
56	0.02801	0.08585	0.08925	0.02499	0.05445	0.15391	0.20334	0.12528	0.01099	0.02723	0.00937	0.06771	0.00812	0.00614	0.04027	0.00155	0.03600	0.01949	0.00257	0.00549
57	0.50589	0.03358	0.08977	0.00864	0.05285	0.09099	0.03101	0.04836	0.01976	0.01654	0.00696	0.02539	0.00566	0.00436	0.00370	0.00131	0.04478	0.00293	0.00250	0.00503
58	0.02950	0.03075	0.06855	0.05153	0.28168	0.04568	0.07347	0.13470	0.07714	0.05796	0.01884	0.03881	0.00841	0.00471	0.00429	0.00129	0.01448	0.01500	0.00285	0.04037

[dist]
# distance from previous block
# <min> <max>
0	8

[block]
# block no. 2 follows, 63 sequences, length 12
# corresponding to MSA columns:
# 198-209
name=unknown_C
#
# <colnr> <probs for GDERKNQSTAVLIFYWHMCP>
#	G	D	E	R	K	N	Q	S	T	A	V	L	I	F	Y	W	H	M	C	P
0	0.07051	0.02286	0.01327	0.08027	0.23838	0.05917	0.09498	0.05247	0.00999	0.07363	0.02641	0.01311	0.07834	0.00471	0.00439	0.00123	0.03373	0.00408	0.00269	0.11576
1	0.16214	0.00795	0.00835	0.00741	0.00876	0.06885	0.01852	0.04314	0.07055	0.01451	0.05884	0.04830	0.01061	0.04497	0.01809	0.00156	0.19660	0.00421	0.18853	0.01812
2	0.00646	0.00497	0.00602	0.00596	0.00646	0.03971	0.00419	0.00732	0.00685	0.00931	0.03609	0.02124	0.01318	0.37721	0.43106	0.00522	0.00779	0.00520	0.00244	0.00330
3	0.02349	0.03156	0.19639	0.01457	0.18959	0.04319	0.12943	0.17721	0.03484	0.02798	0.00926	0.01172	0.00732	0.00460	0.00454	0.00133	0.03187	0.03721	0.01774	0.00616
4	0.01375	0.30641	0.01550	0.01000	0.04202	0.46714	0.00791	0.03513	0.04570	0.01099	0.00687	0.00781	0.00582	0.00413	0.00346	0.00104	0.00617	0.00270	0.00218	0.00525
5	0.01722	0.00681	0.00911	0.00710	0.01013	0.00587	0.00583	0.01878	0.01174	0.73223	0.01966	0.01740	0.10669	0.00585	0.00432	0.00131	0.00341	0.00478	0.00505	0.00673
6	0.00991	0.00985	0.01818	0.05183	0.41263	0.00971	0.28070	0.04692	0.01002	0.01392	0.02603	0.07247	0.00877	0.00454	0.00454	0.00135	0.00546	0.00483	0.00236	0.00598
7	0.00518	0.00380	0.00478	0.00551	0.00595	0.00349	0.00371	0.00595	0.00829	0.01086	0.04795	0.64992	0.15574	0.06016	0.00620	0.00178	0.00247	0.01100	0.00385	0.00340
8	0.00701	0.10569	0.00961	0.00749	0.00861	0.00742	0.02853	0.00850	0.00703	0.00991	0.01004	0.01457	0.00935	0.02532	0.64187	0.00548	0.08315	0.00418	0.00216	0.00408
9	0.00553	0.00448	0.00544	0.00523	0.00651	0.00395	0.02625	0.00699	0.01028	0.01322	0.29012	0.06916	0.47311	0.00994	0.00503	0.00143	0.00233	0.05316	0.00408	0.00375
10	0.01246	0.01070	0.01066	0.00820	0.01156	0.10684	0.00659	0.32715	0.03942	0.01846	0.00870	0.00935	0.00671	0.00410	0.00366	0.00095	0.00424	0.00310	0.00318	0.40396
11	0.28122	0.05985	0.05952	0.21215	0.06986	0.02928	0.00842	0.12481	0.08939	0.01643	0.00820	0.00959	0.00624	0.00430	0.00360	0.00130	0.00449	0.00324	0.00267	0.00545

[dist]
# distance from previous block
# <min> <max>
0	7

[block]
# block no. 3 follows, 63 sequences, length 56
# corresponding to MSA columns:
# 217-264,267-274
name=unknown_D
#
# <colnr> <probs for GDERKNQSTAVLIFYWHMCP>
#	G	D	E	R	K	N	Q	S	T	A	V	L	I	F	Y	W	H	M	C	P
0	0.01045	0.02903	0.07893	0.04477	0.27905	0.02021	0.11320	0.06211	0.01771	0.06684	0.02914	0.04327	0.00830	0.00439	0.00427	0.00120	0.01954	0.00404	0.00261	0.16095
1	0.00579	0.00421	0.00555	0.00581	0.00634	0.00437	0.00415	0.00672	0.00732	0.00987	0.01809	0.19633	0.09897	0.23850	0.31712	0.00418	0.00619	0.05422	0.00294	0.00335
2	0.01177	0.08684	0.05276	0.03789	0.14525	0.16276	0.03384	0.11202	0.04118	0.08254	0.12071	0.01431	0.05164	0.00529	0.00435	0.00124	0.02262	0.00428	0.00308	0.00564
3	0.01565	0.01161	0.01243	0.00961	0.01291	0.01288	0.00791	0.76493	0.06739	0.02596	0.01051	0.01043	0.00749	0.00509	0.00421	0.00127	0.00455	0.00384	0.00421	0.00712
4	0.00911	0.00860	0.01423	0.45387	0.35430	0.00968	0.01185	0.01238	0.06125	0.01241	0.00827	0.01117	0.00650	0.00411	0.00419	0.00134	0.00521	0.00381	0.00211	0.00561
5	0.01113	0.59334	0.05988	0.05914	0.07663	0.08385	0.00848	0.01279	0.00883	0.01046	0.00623	0.00757	0.00551	0.00387	0.00349	0.00103	0.03789	0.00259	0.00186	0.00542
6	0.00605	0.00433	0.00589	0.00589	0.00634	0.00478	0.00417	0.00695	0.00650	0.00912	0.01205	0.02091	0.01242	0.35930	0.51044	0.00569	0.00839	0.00515	0.00237	0.00327
7	0.70097	0.00748	0.00611	0.00561	0.00779	0.00852	0.00443	0.03462	0.00753	0.01744	0.00827	0.09186	0.00777	0.07166	0.00440	0.00156	0.00328	0.00358	0.00277	0.00436
8	0.00515	0.00424	0.00453	0.00450	0.00580	0.00362	0.00336	0.00637	0.00995	0.01234	0.18486	0.06795	0.65203	0.01036	0.00498	0.00141	0.00211	0.00875	0.00404	0.00362
9	0.01124	0.85479	0.02203	0.00719	0.01079	0.01663	0.00719	0.01259	0.00854	0.00989	0.00584	0.00674	0.00539	0.00360	0.00270	0.00090	0.00450	0.00225	0.00180	0.00539
10	0.00512	0.00367	0.00487	0.00582	0.00609	0.00342	0.00389	0.00586	0.00808	0.01074	0.02352	0.83486	0.04224	0.01312	0.00536	0.00170	0.00243	0.01189	0.00390	0.00342
11	0.01419	0.01030	0.01100	0.00898	0.01191	0.03195	0.00723	0.37859	0.33112	0.12828	0.01360	0.01277	0.00976	0.00531	0.00423	0.00133	0.00405	0.00419	0.00431	0.00690
12	0.00875	0.00751	0.00902	0.00650	0.01016	0.00576	0.02536	0.01082	0.02129	0.01380	0.00780	0.00906	0.00644	0.00321	0.00317	0.00066	0.00319	0.00262	0.02393	0.82094
13	0.01004	0.00964	0.01628	0.12256	0.68210	0.01008	0.01253	0.01248	0.00925	0.01316	0.00771	0.01043	0.00646	0.00402	0.00474	0.00130	0.05513	0.00374	0.00204	0.00630
14	0.00518	0.00422	0.00456	0.00458	0.00581	0.00362	0.00338	0.00637	0.00985	0.01228	0.18544	0.10196	0.60595	0.02150	0.00521	0.00146	0.00215	0.00884	0.00402	0.00360
15	0.00564	0.00406	0.00546	0.00639	0.00691	0.00387	0.00479	0.00677	0.00863	0.01135	0.02364	0.56194	0.05789	0.01257	0.00549	0.00177	0.00288	0.26247	0.00389	0.00357
16	0.00611	0.00408	0.00458	0.00458	0.00458	0.00408	0.00255	0.00611	0.00611	0.00815	0.01325	0.02751	0.01528	0.85226	0.02140	0.00408	0.00408	0.00611	0.00255	0.00255
17	0.01644	0.00682	0.00882	0.00698	0.00980	0.00620	0.00570	0.03957	0.05528	0.62448	0.01595	0.01451	0.01051	0.00517	0.00401	0.00125	0.00331	0.00419	0.15443	0.00657
18	0.01032	0.01059	0.01924	0.04267	0.53769	0.02988	0.26050	0.01312	0.00971	0.01350	0.00805	0.01065	0.00652	0.00371	0.00440	0.00130	0.00572	0.00410	0.00209	0.00626
19	0.01509	0.01111	0.01198	0.00936	0.01247	0.01225	0.00765	0.74572	0.01880	0.02520	0.01117	0.07913	0.00885	0.00571	0.00430	0.00130	0.00445	0.00446	0.00418	0.00684
20	0.01127	0.80765	0.04608	0.00743	0.01107	0.03809	0.00747	0.01272	0.00864	0.01000	0.00591	0.00683	0.00539	0.00363	0.00277	0.00092	0.00463	0.00229	0.00181	0.00541
21	0.00530	0.00378	0.00504	0.00598	0.00629	0.00356	0.00412	0.00612	0.00814	0.01082	0.02279	0.75305	0.02710	0.03827	0.00589	0.00180	0.00262	0.08206	0.00386	0.00343
22	0.00512	0.00366	0.00488	0.00585	0.00610	0.00341	0.00390	0.00585	0.00805	0.01073	0.02317	0.84952	0.02780	0.01317	0.00537	0.00171	0.00244	0.01195	0.00390	0.00341
23	0.01521	0.08639	0.01293	0.00911	0.01242	0.03630	0.03131	0.46902	0.06137	0.16479	0.01097	0.01075	0.00777	0.00482	0.00403	0.00121	0.00444	0.00372	0.00396	0.04946
24	0.00515	0.00392	0.00474	0.00526	0.00597	0.00351	0.00367	0.00610	0.00892	0.01150	0.10279	0.50138	0.29814	0.01190	0.00519	0.00157	0.00229	0.01051	0.00397	0.00351
25	0.00512	0.00366	0.00488	0.00585	0.00610	0.00341	0.00390	0.00585	0.00805	0.01073	0.02317	0.84952	0.02780	0.01317	0.00537	0.00171	0.00244	0.01195	0.00390	0.00341
26	0.00540	0.00426	0.00487	0.00491	0.00602	0.00378	0.00361	0.00689	0.02448	0.01308	0.28212	0.16441	0.44051	0.01032	0.00502	0.00143	0.00215	0.00889	0.00414	0.00371
27	0.01055	0.01027	0.01650	0.08542	0.67077	0.04307	0.03770	0.03244	0.02745	0.01376	0.00809	0.01049	0.00667	0.00387	0.00418	0.00126	0.00516	0.00376	0.00217	0.00642
28	0.01534	0.01115	0.01205	0.00938	0.01254	0.01227	0.00769	0.74267	0.01884	0.04295	0.01108	0.06445	0.00856	0.00557	0.00428	0.00129	0.00446	0.00432	0.00421	0.00691
29	0.00810	0.00763	0.01290	0.78939	0.08048	0.00938	0.01175	0.01088	0.00848	0.01093	0.00750	0.01116	0.00567	0.00417	0.00420	0.00139	0.00556	0.00374	0.00188	0.00480
30	0.00595	0.00430	0.00562	0.00529	0.00628	0.00397	0.00397	0.00793	0.01190	0.01686	0.82382	0.03140	0.03966	0.00859	0.00496	0.00132	0.00198	0.00760	0.00463	0.00397
31	0.00794	0.00707	0.00908	0.00830	0.00891	0.04860	0.00658	0.04026	0.00736	0.01042	0.00925	0.01434	0.00888	0.09089	0.42121	0.00441	0.28593	0.00425	0.00221	0.00412
32	0.00987	0.01022	0.01754	0.20581	0.26954	0.05066	0.25353	0.01294	0.04102	0.01269	0.00810	0.01085	0.00643	0.00416	0.00512	0.00138	0.06826	0.00410	0.00212	0.00567
33	0.00601	0.00450	0.00676	0.00676	0.00751	0.00525	0.00525	0.00751	0.00676	0.00976	0.01126	0.01651	0.01051	0.03153	0.83560	0.00676	0.01126	0.00450	0.00225	0.00375
34	0.00518	0.00370	0.00493	0.00582	0.00611	0.00345	0.00391	0.00599	0.00830	0.01113	0.07493	0.79663	0.02857	0.01287	0.00534	0.00168	0.00241	0.01167	0.00395	0.00345
35	0.00843	0.02174	0.83048	0.01198	0.01819	0.00976	0.01553	0.01331	0.00888	0.01331	0.00754	0.00888	0.00533	0.00399	0.00399	0.00133	0.00621	0.00311	0.00178	0.00621
36	0.00606	0.00408	0.00457	0.00457	0.00464	0.00405	0.00258	0.00611	0.00628	0.00831	0.01468	0.02814	0.05487	0.81108	0.02059	0.00395	0.00398	0.00625	0.00261	0.00260
37	0.00967	0.01058	0.02211	0.05762	0.14036	0.01012	0.61560	0.01288	0.00971	0.01324	0.00908	0.05191	0.00742	0.00407	0.00483	0.00141	0.00648	0.00506	0.00219	0.00566
38	0.01457	0.01069	0.01169	0.00886	0.01230	0.01121	0.00729	0.61314	0.01715	0.05529	0.00980	0.00997	0.00708	0.00465	0.00398	0.00113	0.00427	0.00353	0.00389	0.18952
39	0.00516	0.00374	0.00488	0.00570	0.00608	0.00346	0.00385	0.00600	0.00841	0.01117	0.07635	0.73748	0.08680	0.01269	0.00531	0.00166	0.00239	0.01144	0.00395	0.00346
40	0.10120	0.01112	0.01169	0.00914	0.01235	0.01236	0.00752	0.65770	0.08128	0.03831	0.01033	0.01028	0.00739	0.00499	0.00405	0.00128	0.00437	0.00372	0.00407	0.00685
41	0.01461	0.05339	0.01326	0.01073	0.01339	0.48363	0.07604	0.14871	0.09597	0.03793	0.00862	0.00931	0.00669	0.00452	0.00397	0.00117	0.00636	0.00331	0.00279	0.00559
42	0.00611	0.00409	0.00463	0.00463	0.00465	0.00410	0.00261	0.00614	0.00613	0.00819	0.01320	0.02726	0.01518	0.83397	0.03954	0.00414	0.00424	0.00608	0.00254	0.00257
43	0.00920	0.00920	0.01288	0.01104	0.01104	0.01288	0.00920	0.01012	0.00644	0.01012	0.00552	0.00920	0.00552	0.00736	0.01380	0.00184	0.84457	0.00368	0.00184	0.00460
44	0.00897	0.00745	0.00819	0.00755	0.00942	0.00831	0.00584	0.01739	0.54514	0.01653	0.18366	0.02202	0.03494	0.04789	0.00536	0.00157	0.00310	0.05675	0.00423	0.00566
45	0.00607	0.00426	0.00550	0.00550	0.00582	0.00457	0.00369	0.00670	0.00638	0.00883	0.01241	0.02288	0.01327	0.50642	0.36448	0.00520	0.00710	0.00544	0.00242	0.00306
46	0.00862	0.02055	0.74263	0.01300	0.05795	0.00983	0.06283	0.01330	0.00897	0.01334	0.00762	0.00910	0.00545	0.00395	0.00406	0.00133	0.00621	0.00325	0.00181	0.00620
47	0.01499	0.06642	0.01253	0.06020	0.01382	0.73990	0.00828	0.01619	0.01151	0.01029	0.00652	0.00775	0.00543	0.00428	0.00375	0.00109	0.00729	0.00274	0.00213	0.00489
48	0.01133	0.80729	0.02161	0.00785	0.03537	0.03810	0.00739	0.01271	0.00866	0.01002	0.00592	0.00688	0.00543	0.00362	0.00277	0.00091	0.00459	0.00231	0.00182	0.00542
49	0.01433	0.13073	0.01305	0.00923	0.01195	0.21564	0.00758	0.34481	0.03777	0.05751	0.00904	0.00963	0.00690	0.00484	0.00444	0.00119	0.05939	0.00335	0.05264	0.00598
50	0.00611	0.00408	0.00458	0.00458	0.00458	0.00408	0.00255	0.00611	0.00611	0.00815	0.01325	0.02751	0.01528	0.85226	0.02140	0.00408	0.00408	0.00611	0.00255	0.00255
51	0.11034	0.01703	0.49862	0.01191	0.06553	0.05941	0.06901	0.02330	0.00912	0.02963	0.00859	0.06329	0.00697	0.00459	0.00400	0.00134	0.00562	0.00376	0.00217	0.00578
52	0.01019	0.00949	0.01627	0.10301	0.56171	0.00963	0.09185	0.04823	0.00990	0.02960	0.00918	0.06488	0.00799	0.00447	0.00433	0.00131	0.00505	0.00441	0.00234	0.00619
53	0.00708	0.00599	0.00846	0.03097	0.19983	0.03078	0.00664	0.00864	0.00943	0.01273	0.16128	0.35408	0.04350	0.00942	0.00497	0.00152	0.00334	0.09343	0.00350	0.00440
54	0.00939	0.00774	0.00864	0.00744	0.00961	0.03507	0.02966	0.10605	0.26104	0.03430	0.14406	0.09079	0.10551	0.02325	0.00474	0.00136	0.00331	0.00584	0.00389	0.10830
55	0.14310	0.01436	0.01081	0.00934	0.01191	0.37683	0.00729	0.20035	0.13253	0.04078	0.00910	0.00945	0.00694	0.00466	0.00380	0.00121	0.00551	0.00324	0.00310	0.00568

[dist]
# distance from previous block
# <min> <max>
0	3

[block]
# block no. 4 follows, 63 sequences, length 31
# corresponding to MSA columns:
# 278-308
name=unknown_E
#
# <colnr> <probs for GDERKNQSTAVLIFYWHMCP>
#	G	D	E	R	K	N	Q	S	T	A	V	L	I	F	Y	W	H	M	C	P
0	0.01345	0.01085	0.01117	0.00921	0.01208	0.04424	0.00739	0.42082	0.38345	0.02180	0.01315	0.01254	0.00967	0.00532	0.00422	0.00133	0.00415	0.00418	0.00416	0.00683
1	0.01038	0.01005	0.01741	0.02544	0.79008	0.01002	0.04858	0.01293	0.00959	0.01372	0.00793	0.01045	0.00665	0.00374	0.00420	0.00126	0.00509	0.00380	0.00208	0.00661
2	0.00939	0.01487	0.30265	0.01555	0.02035	0.01040	0.51330	0.01332	0.00946	0.01332	0.00809	0.01043	0.00599	0.00381	0.00488	0.00140	0.03070	0.00428	0.00200	0.00583
3	0.00984	0.38127	0.37388	0.01068	0.02805	0.01288	0.09059	0.01295	0.00881	0.01180	0.00687	0.00823	0.00548	0.00383	0.00369	0.00116	0.01942	0.00294	0.00183	0.00578
4	0.00497	0.00426	0.00426	0.00426	0.00568	0.00355	0.00319	0.00603	0.00958	0.01136	0.04259	0.04046	0.82433	0.01065	0.00497	0.00142	0.00213	0.00887	0.00390	0.00355
5	0.00611	0.00408	0.00458	0.00458	0.00458	0.00408	0.00255	0.00611	0.00611	0.00815	0.01325	0.02751	0.01528	0.85226	0.02140	0.00408	0.00408	0.00611	0.00255	0.00255
6	0.01025	0.00866	0.00919	0.00827	0.01058	0.00991	0.00643	0.02123	0.74716	0.03150	0.05066	0.01705	0.03842	0.00596	0.00433	0.00142	0.00324	0.00498	0.00430	0.00646
7	0.01240	0.64143	0.01951	0.00802	0.01135	0.15762	0.00742	0.07904	0.01005	0.01132	0.00631	0.00716	0.00554	0.00384	0.00301	0.00096	0.00504	0.00245	0.00206	0.00545
8	0.01007	0.01189	0.07423	0.01696	0.13467	0.05282	0.52101	0.01325	0.00978	0.01335	0.00815	0.01058	0.00628	0.00360	0.00453	0.00129	0.00635	0.00430	0.00214	0.09474
9	0.01383	0.01175	0.01325	0.01124	0.06253	0.09180	0.08421	0.45620	0.15227	0.02100	0.01099	0.03260	0.00837	0.00508	0.00428	0.00130	0.00489	0.00416	0.00369	0.00658
10	0.00525	0.00375	0.00502	0.00600	0.00630	0.00352	0.00412	0.00607	0.00817	0.01087	0.02310	0.78851	0.02753	0.01305	0.00540	0.00172	0.00255	0.07172	0.00390	0.00345
11	0.01282	0.03711	0.01117	0.00833	0.01158	0.03782	0.00681	0.45190	0.01490	0.02034	0.00993	0.04801	0.00813	0.00491	0.00390	0.00108	0.00413	0.02492	0.00350	0.27870
12	0.00588	0.00402	0.00530	0.00591	0.00648	0.00366	0.00405	0.00676	0.00841	0.04337	0.05793	0.73779	0.02656	0.01215	0.00519	0.00162	0.00250	0.01098	0.00391	0.04754
13	0.00802	0.00578	0.00789	0.00843	0.06780	0.00567	0.02679	0.03678	0.06680	0.07324	0.12086	0.14142	0.12073	0.00945	0.00512	0.00160	0.00337	0.28174	0.00393	0.00457
14	0.01051	0.00857	0.00921	0.00823	0.01054	0.00969	0.00645	0.06836	0.64469	0.04496	0.05837	0.01808	0.04606	0.00618	0.00438	0.00142	0.00332	0.03033	0.00429	0.00635
15	0.01040	0.00999	0.01706	0.02580	0.82604	0.00999	0.01290	0.01290	0.00957	0.01373	0.00791	0.01040	0.00666	0.00375	0.00416	0.00125	0.00499	0.00375	0.00208	0.00666
16	0.00805	0.00759	0.01281	0.80438	0.06584	0.00937	0.01173	0.01084	0.00846	0.01088	0.00749	0.01117	0.00565	0.00418	0.00420	0.00139	0.00558	0.00374	0.00188	0.00476
17	0.01312	0.01388	0.01256	0.04985	0.06685	0.37537	0.07359	0.16766	0.01225	0.02874	0.00944	0.01101	0.03377	0.00784	0.10363	0.00186	0.00690	0.00366	0.00266	0.00535
18	0.00512	0.00367	0.00486	0.00581	0.00609	0.00342	0.00388	0.00586	0.00809	0.01075	0.02365	0.82937	0.04764	0.01311	0.00536	0.00170	0.00243	0.01187	0.00390	0.00342
19	0.00677	0.00484	0.00677	0.00774	0.00871	0.00484	0.00677	0.00871	0.00968	0.01258	0.02226	0.04742	0.02419	0.01161	0.00581	0.00194	0.00387	0.79775	0.00387	0.00387
20	0.00993	0.00950	0.01620	0.18405	0.67153	0.00986	0.01266	0.01248	0.00935	0.01315	0.00782	0.01056	0.00645	0.00383	0.00417	0.00128	0.00511	0.00374	0.00204	0.00627
21	0.00608	0.00406	0.00459	0.00462	0.00463	0.00405	0.00259	0.00611	0.00617	0.00823	0.01356	0.05334	0.01568	0.82590	0.02089	0.00400	0.00402	0.00630	0.00259	0.00257
22	0.00519	0.00401	0.00477	0.00533	0.00613	0.00359	0.00383	0.00616	0.00883	0.01115	0.03136	0.44056	0.36657	0.01197	0.00523	0.00160	0.00242	0.07389	0.00390	0.00351
23	0.01040	0.00999	0.01706	0.02580	0.82604	0.00999	0.01290	0.01290	0.00957	0.01373	0.00791	0.01040	0.00666	0.00375	0.00416	0.00125	0.00499	0.00375	0.00208	0.00666
24	0.00611	0.00408	0.00458	0.00458	0.00458	0.00408	0.00255	0.00611	0.00611	0.00815	0.01325	0.02751	0.01528	0.85226	0.02140	0.00408	0.00408	0.00611	0.00255	0.00255
25	0.00638	0.00468	0.00565	0.00535	0.00657	0.00436	0.00402	0.02126	0.05177	0.03632	0.50884	0.07568	0.23519	0.00907	0.00492	0.00137	0.00220	0.00786	0.00440	0.00410
26	0.00583	0.00396	0.00503	0.00556	0.00608	0.00366	0.00377	0.00665	0.00846	0.04323	0.09092	0.56912	0.10917	0.10928	0.00710	0.00190	0.00260	0.01029	0.00386	0.00352
27	0.03976	0.21997	0.20993	0.01031	0.02271	0.13912	0.12115	0.01305	0.02007	0.03766	0.02159	0.08560	0.03165	0.00502	0.00391	0.00123	0.00538	0.00416	0.00236	0.00535
28	0.00875	0.29403	0.03487	0.00642	0.00793	0.03134	0.00535	0.00859	0.00691	0.00864	0.00738	0.01156	0.00721	0.05979	0.06242	0.42555	0.00462	0.00333	0.00189	0.00341
29	0.01146	0.16105	0.34831	0.01121	0.05901	0.18667	0.01113	0.10481	0.02166	0.01368	0.00747	0.00855	0.00576	0.00410	0.00374	0.00117	0.00584	0.00299	0.00221	0.02918
30	0.01210	0.05044	0.12338	0.05442	0.12086	0.18374	0.10722	0.09040	0.02840	0.09554	0.01027	0.01143	0.03895	0.00540	0.03207	0.00143	0.00582	0.00380	0.00269	0.02163

[dist]
# distance from previous block
# <min> <max>
8	25

[block]
# block no. 5 follows, 63 sequences, length 13
# corresponding to MSA columns:
# 343-355
name=unknown_F
#
# <colnr> <probs for GDERKNQSTAVLIFYWHMCP>
#	G	D	E	R	K	N	Q	S	T	A	V	L	I	F	Y	W	H	M	C	P
0	0.05246	0.29499	0.09188	0.01226	0.19396	0.07728	0.00909	0.01339	0.04358	0.05136	0.05380	0.01015	0.00814	0.00446	0.00431	0.00119	0.06637	0.00331	0.00236	0.00567
1	0.00960	0.00877	0.04260	0.16241	0.29361	0.00880	0.03907	0.05487	0.11436	0.04215	0.10652	0.06139	0.01251	0.00532	0.00435	0.00134	0.00439	0.00484	0.01735	0.00575
2	0.01010	0.00838	0.00966	0.00755	0.03429	0.00735	0.00584	0.14278	0.07754	0.01611	0.00871	0.00957	0.00694	0.00366	0.00342	0.00081	0.00343	0.00293	0.00291	0.63802
3	0.00593	0.00428	0.00500	0.00516	0.00625	0.00378	0.00381	0.00706	0.00949	0.05073	0.12530	0.24191	0.42180	0.03435	0.00554	0.00158	0.00242	0.05787	0.00401	0.00373
4	0.05738	0.05011	0.12093	0.02636	0.09163	0.00878	0.10104	0.06339	0.10010	0.12277	0.03684	0.07552	0.04731	0.00643	0.02897	0.00152	0.01549	0.01891	0.02083	0.00570
5	0.00994	0.20645	0.33562	0.01156	0.04517	0.02205	0.14014	0.06094	0.03845	0.02421	0.02163	0.03099	0.02588	0.00442	0.00396	0.00125	0.00545	0.00376	0.00228	0.00586
6	0.00600	0.00407	0.00472	0.00479	0.00489	0.00408	0.00282	0.00617	0.00638	0.00852	0.01462	0.08873	0.03657	0.72155	0.06588	0.00398	0.00431	0.00653	0.00267	0.00271
7	0.00546	0.00403	0.00517	0.00597	0.00648	0.00382	0.00421	0.00675	0.03798	0.01122	0.02483	0.65978	0.10761	0.01249	0.00533	0.00169	0.00258	0.08709	0.00391	0.00359
8	0.00954	0.00919	0.06901	0.13671	0.07950	0.04947	0.08122	0.07568	0.10005	0.05373	0.21655	0.03167	0.03494	0.01716	0.00483	0.00138	0.01556	0.00516	0.00331	0.00532
9	0.01036	0.10346	0.40479	0.03185	0.15000	0.05134	0.06554	0.04666	0.03301	0.05231	0.00825	0.00956	0.00616	0.00405	0.00397	0.00127	0.00567	0.00337	0.00221	0.00616
10	0.01110	0.01271	0.11259	0.04156	0.36649	0.13002	0.09061	0.04716	0.08335	0.02921	0.02888	0.01098	0.00772	0.00423	0.00420	0.00127	0.00547	0.00384	0.00246	0.00615
11	0.00610	0.00412	0.00483	0.00483	0.00492	0.00421	0.00286	0.00627	0.00619	0.00833	0.01302	0.02625	0.01474	0.75837	0.11455	0.00438	0.00490	0.00593	0.00251	0.00269
12	0.03076	0.01180	0.01504	0.04842	0.48372	0.17638	0.03419	0.01414	0.06913	0.01311	0.00811	0.01013	0.00670	0.00424	0.00467	0.00128	0.05630	0.00361	0.00225	0.00603

[dist]
# distance from previous block
# <min> <max>
0	1

[block]
# block no. 6 follows, 63 sequences, length 12
# corresponding to MSA columns:
# 357-368
name=unknown_G
#
# <colnr> <probs for GDERKNQSTAVLIFYWHMCP>
#	G	D	E	R	K	N	Q	S	T	A	V	L	I	F	Y	W	H	M	C	P
0	0.00520	0.00377	0.00494	0.00585	0.00621	0.00350	0.00401	0.00603	0.00825	0.01088	0.02451	0.74637	0.08472	0.01290	0.00536	0.00170	0.00250	0.05594	0.00390	0.00345
1	0.01002	0.18473	0.46856	0.01095	0.05293	0.01051	0.03469	0.01351	0.00912	0.08048	0.00799	0.00903	0.00593	0.00391	0.00371	0.00118	0.00535	0.00306	0.00215	0.08219
2	0.07303	0.12217	0.14024	0.06871	0.19065	0.03397	0.04023	0.10525	0.05696	0.01484	0.00851	0.03060	0.00692	0.00426	0.00380	0.00120	0.00481	0.00351	0.00248	0.08786
3	0.01212	0.00935	0.02563	0.01120	0.14232	0.06133	0.07612	0.03331	0.04103	0.20235	0.01010	0.01073	0.00748	0.00397	0.00383	0.00104	0.00425	0.00345	0.00310	0.33730
4	0.00948	0.01045	0.02195	0.01593	0.01948	0.01009	0.67631	0.01249	0.00931	0.01270	0.00881	0.01288	0.00725	0.09196	0.00723	0.00172	0.05953	0.00500	0.00215	0.00528
5	0.00748	0.00603	0.00601	0.00557	0.00714	0.06407	0.00424	0.04911	0.02641	0.06268	0.22350	0.05528	0.44868	0.00907	0.00480	0.00137	0.00273	0.00760	0.00405	0.00420
6	0.01128	0.13380	0.02599	0.00863	0.03288	0.27908	0.00662	0.09076	0.04257	0.01240	0.08004	0.01425	0.01095	0.14553	0.07395	0.01412	0.00576	0.00400	0.00267	0.00473
7	0.00843	0.02174	0.83048	0.01198	0.01819	0.00976	0.01553	0.01331	0.00888	0.01331	0.00754	0.00888	0.00533	0.00399	0.00399	0.00133	0.00621	0.00311	0.00178	0.00621
8	0.00517	0.00373	0.00481	0.00564	0.00597	0.00346	0.00376	0.00588	0.00807	0.01064	0.02429	0.73142	0.09657	0.06145	0.00626	0.00182	0.00251	0.01134	0.00382	0.00338
9	0.08227	0.00485	0.00549	0.00530	0.00672	0.00448	0.00412	0.00785	0.01014	0.01430	0.32248	0.05312	0.30526	0.00902	0.00475	0.00139	0.00243	0.09558	0.00397	0.05646
10	0.00665	0.00514	0.00700	0.00641	0.00705	0.00552	0.03489	0.00749	0.00686	0.00967	0.04358	0.02112	0.01313	0.42310	0.25506	0.00424	0.07947	0.00523	0.00246	0.05595
11	0.01523	0.01062	0.01161	0.00916	0.01231	0.01162	0.00748	0.54843	0.18152	0.12876	0.01236	0.01178	0.00873	0.00520	0.00422	0.00130	0.00423	0.00404	0.00435	0.00705

[dist]
# distance from previous block
# <min> <max>
0	13

[block]
# block no. 7 follows, 63 sequences, length 58
# corresponding to MSA columns:
# 383-440
name=unknown_H
#
# <colnr> <probs for GDERKNQSTAVLIFYWHMCP>
#	G	D	E	R	K	N	Q	S	T	A	V	L	I	F	Y	W	H	M	C	P
0	0.19913	0.00747	0.00911	0.00722	0.01016	0.00721	0.00596	0.03012	0.01089	0.59802	0.02780	0.01276	0.00943	0.00508	0.00431	0.00132	0.03926	0.00385	0.00449	0.00644
1	0.00577	0.00387	0.00511	0.00587	0.00630	0.00358	0.00400	0.00658	0.00835	0.04568	0.04333	0.74503	0.04801	0.02721	0.00558	0.00172	0.00252	0.02395	0.00395	0.00358
2	0.01199	0.00931	0.03208	0.01133	0.01435	0.00910	0.28060	0.09994	0.05580	0.21034	0.01497	0.02653	0.10423	0.00560	0.00557	0.00142	0.09256	0.00503	0.00340	0.00586
3	0.00857	0.00763	0.01280	0.75021	0.08331	0.00925	0.01153	0.01130	0.00864	0.04574	0.00789	0.01128	0.00588	0.00421	0.00420	0.00139	0.00548	0.00376	0.00202	0.00491
4	0.00530	0.00446	0.00490	0.04027	0.00700	0.00394	0.00395	0.00655	0.00959	0.01156	0.05407	0.03977	0.69039	0.01043	0.00502	0.00147	0.00246	0.09141	0.00383	0.00364
5	0.04611	0.00855	0.01402	0.44749	0.32596	0.00981	0.01167	0.01158	0.00866	0.01217	0.00744	0.01059	0.00595	0.00422	0.00473	0.00137	0.05861	0.00367	0.00198	0.00541
6	0.00794	0.00747	0.01261	0.84216	0.02895	0.00934	0.01167	0.01074	0.00841	0.01074	0.00747	0.01121	0.00560	0.00420	0.00420	0.00140	0.00560	0.00374	0.00187	0.00467
7	0.00604	0.00437	0.00609	0.00609	0.00662	0.00490	0.00443	0.00708	0.00656	0.00927	0.01187	0.01987	0.01196	0.28169	0.58743	0.00594	0.00907	0.00499	0.00234	0.00339
8	0.00511	0.00371	0.00483	0.00572	0.00606	0.00343	0.00384	0.00587	0.00818	0.01078	0.02480	0.78160	0.09467	0.01296	0.00533	0.00168	0.00241	0.01169	0.00390	0.00343
9	0.02126	0.00732	0.00816	0.00717	0.00914	0.00779	0.00560	0.18731	0.23390	0.04327	0.23473	0.08449	0.10735	0.00747	0.00460	0.00138	0.00307	0.01629	0.00429	0.00542
10	0.01598	0.01177	0.01262	0.00967	0.01304	0.01304	0.00799	0.81202	0.01976	0.02649	0.01009	0.01009	0.00715	0.00505	0.00421	0.00126	0.00463	0.00378	0.00421	0.00715
11	0.00589	0.00401	0.00479	0.00505	0.00516	0.00398	0.00308	0.00617	0.00668	0.00893	0.01572	0.22297	0.01826	0.60002	0.05098	0.00358	0.00398	0.02504	0.00289	0.00283
12	0.06687	0.61727	0.09888	0.00800	0.01161	0.11573	0.00795	0.01316	0.00890	0.01084	0.00609	0.00706	0.00534	0.00374	0.00295	0.00099	0.00496	0.00239	0.00189	0.00536
13	0.00610	0.00451	0.00561	0.00529	0.00640	0.00423	0.00398	0.00845	0.04985	0.01624	0.67737	0.03128	0.12585	0.00859	0.00488	0.00133	0.00206	0.00752	0.02641	0.00405
14	0.00601	0.00450	0.00676	0.00676	0.00751	0.00525	0.00525	0.00751	0.00676	0.00976	0.01126	0.01651	0.01051	0.03153	0.83560	0.00676	0.01126	0.00450	0.00225	0.00375
15	0.88196	0.00813	0.00618	0.00553	0.00813	0.00943	0.00455	0.01236	0.00715	0.01886	0.00585	0.00683	0.00455	0.00390	0.00260	0.00130	0.00325	0.00228	0.00260	0.00455
16	0.01213	0.01167	0.01173	0.01171	0.16595	0.21825	0.00781	0.10342	0.01102	0.05287	0.00797	0.00918	0.00638	0.00400	0.00400	0.00100	0.03184	0.00305	0.00263	0.32338
17	0.00611	0.00408	0.00458	0.00458	0.00458	0.00408	0.00255	0.00611	0.00611	0.00815	0.01325	0.02751	0.01528	0.85226	0.02140	0.00408	0.00408	0.00611	0.00255	0.00255
18	0.00899	0.00764	0.00887	0.00636	0.01008	0.00589	0.00510	0.04114	0.00914	0.01419	0.00757	0.00877	0.00626	0.00319	0.00315	0.00065	0.00317	0.00254	0.00256	0.84476
19	0.00787	0.00498	0.00620	0.00562	0.00696	0.00476	0.00430	0.03896	0.04676	0.08863	0.59301	0.02659	0.03135	0.00761	0.00460	0.00128	0.00227	0.00661	0.10716	0.00447
20	0.00576	0.00412	0.00559	0.00648	0.00703	0.00395	0.00492	0.00700	0.00888	0.01180	0.07772	0.51173	0.02735	0.01231	0.00549	0.00176	0.00291	0.28764	0.00394	0.00361
21	0.00615	0.00455	0.00639	0.00631	0.00717	0.00497	0.00487	0.00802	0.02857	0.01191	0.21250	0.02151	0.03114	0.03962	0.53992	0.00488	0.00808	0.02520	0.02436	0.00386
22	0.01450	0.01070	0.01159	0.00911	0.01210	0.01176	0.00743	0.69054	0.03474	0.02464	0.06285	0.06808	0.01072	0.00583	0.00433	0.00130	0.00428	0.00460	0.00421	0.00669
23	0.00967	0.00898	0.01508	0.05737	0.64976	0.00906	0.01178	0.01208	0.00954	0.01341	0.01039	0.01689	0.00967	0.00514	0.00445	0.00137	0.00482	0.14207	0.00238	0.00609
24	0.00603	0.00441	0.00629	0.00629	0.00688	0.00500	0.00467	0.00721	0.00662	0.00941	0.01169	0.01888	0.01154	0.20818	0.66035	0.00618	0.00971	0.00485	0.00232	0.00349
25	0.88196	0.00813	0.00618	0.00553	0.00813	0.00943	0.00455	0.01236	0.00715	0.01886	0.00585	0.00683	0.00455	0.00390	0.00260	0.00130	0.00325	0.00228	0.00260	0.00455
26	0.73109	0.00876	0.00730	0.00625	0.00898	0.01006	0.00515	0.15167	0.00935	0.02019	0.00659	0.00740	0.00500	0.00410	0.00288	0.00129	0.00349	0.00254	0.00288	0.00500
27	0.03912	0.00750	0.00893	0.00654	0.01012	0.00598	0.00528	0.02649	0.00958	0.19251	0.00946	0.00990	0.00710	0.00363	0.00336	0.00080	0.00325	0.00289	0.00312	0.64444
28	0.84085	0.00830	0.00648	0.00572	0.00836	0.00960	0.00472	0.05032	0.00775	0.01922	0.00605	0.00698	0.00468	0.00396	0.00268	0.00130	0.00332	0.00235	0.00268	0.00468
29	0.00843	0.02174	0.83048	0.01198	0.01819	0.00976	0.01553	0.01331	0.00888	0.01331	0.00754	0.00888	0.00533	0.00399	0.00399	0.00133	0.00621	0.00311	0.00178	0.00621
30	0.00515	0.00392	0.00474	0.00526	0.00598	0.00351	0.00367	0.00612	0.00894	0.01154	0.10870	0.49848	0.29506	0.01188	0.00519	0.00157	0.00229	0.01049	0.00397	0.00351
31	0.01570	0.01072	0.01181	0.00912	0.01232	0.01160	0.00751	0.66158	0.01829	0.12657	0.06264	0.01198	0.00962	0.00529	0.00426	0.00127	0.00433	0.00408	0.00436	0.00695
32	0.00992	0.01134	0.02481	0.01772	0.02197	0.01063	0.81077	0.01347	0.00992	0.01347	0.00850	0.01134	0.00638	0.00354	0.00496	0.00142	0.00709	0.00496	0.00213	0.00567
