[name]
unknown

[dist]
# distance from previous block
# <min> <max>
18	333

[block]
# block no. 0 follows, 72 sequences, length 52
# corresponding to MSA columns:
# 512-563
name=unknown_A
#
# <colnr> <probs for GDERKNQSTAVLIFYWHMCP>
#	G	D	E	R	K	N	Q	S	T	A	V	L	I	F	Y	W	H	M	C	P
0	0.02157	0.04696	0.08439	0.04594	0.05925	0.07857	0.05742	0.08448	0.08886	0.07503	0.05429	0.05985	0.04653	0.03335	0.05233	0.00153	0.02993	0.01844	0.00277	0.05851
1	0.01951	0.07514	0.05130	0.07994	0.03613	0.05919	0.07570	0.03494	0.08691	0.10345	0.03019	0.04741	0.05865	0.02789	0.03457	0.01489	0.05008	0.00401	0.00266	0.10746
2	0.01952	0.13216	0.03388	0.01882	0.08412	0.10382	0.05258	0.10501	0.06560	0.04386	0.08791	0.03695	0.06740	0.01515	0.03206	0.00130	0.03860	0.00402	0.00270	0.05451
3	0.07826	0.05751	0.07047	0.03278	0.04933	0.08750	0.02995	0.19274	0.03305	0.09888	0.00956	0.01069	0.03795	0.02831	0.05742	0.00149	0.04957	0.00337	0.00274	0.06842
4	0.09185	0.05084	0.05935	0.04649	0.06641	0.05915	0.07439	0.12585	0.08516	0.04670	0.05067	0.01186	0.05508	0.00559	0.04297	0.00136	0.03473	0.00365	0.00269	0.08519
5	0.07689	0.01704	0.02642	0.03098	0.06983	0.02021	0.10348	0.15268	0.02117	0.11067	0.03613	0.02415	0.11990	0.01705	0.05004	0.00144	0.00411	0.01714	0.00297	0.09771
6	0.02193	0.05360	0.10876	0.05973	0.16230	0.10865	0.04482	0.05951	0.04833	0.06076	0.00965	0.03393	0.04870	0.00493	0.02262	0.00123	0.05277	0.00357	0.00236	0.09183
7	0.01238	0.06446	0.04004	0.00931	0.04955	0.14202	0.05063	0.32890	0.07457	0.08857	0.00955	0.03579	0.00748	0.01581	0.01370	0.00121	0.00455	0.01313	0.00309	0.03526
8	0.08393	0.04480	0.06296	0.01782	0.04534	0.02272	0.01506	0.13925	0.05577	0.08543	0.04148	0.09078	0.09149	0.01698	0.00426	0.00124	0.02670	0.07105	0.00308	0.07984
9	0.04595	0.00779	0.02493	0.00803	0.05767	0.06717	0.03296	0.19865	0.05266	0.01441	0.09029	0.14067	0.08253	0.03318	0.05001	0.00156	0.02645	0.01901	0.00309	0.04300
10	0.03308	0.03343	0.02259	0.00682	0.02187	0.00635	0.05711	0.15033	0.04144	0.04768	0.10806	0.16168	0.19844	0.02930	0.02767	0.00145	0.01280	0.01590	0.00333	0.02069
11	0.03214	0.02319	0.00854	0.08822	0.03292	0.01618	0.04767	0.09617	0.07564	0.02837	0.03998	0.22268	0.06161	0.00671	0.01495	0.01764	0.00336	0.00545	0.00293	0.17566
12	0.05190	0.00794	0.04334	0.01782	0.05591	0.06683	0.04794	0.08859	0.02963	0.03427	0.03205	0.06426	0.04383	0.00821	0.12481	0.00177	0.02126	0.02352	0.01992	0.21620
13	0.08964	0.00703	0.00814	0.02376	0.03174	0.09024	0.06983	0.07917	0.03143	0.02483	0.03574	0.27641	0.04164	0.04753	0.05150	0.00168	0.01999	0.04217	0.00292	0.02461
14	0.08796	0.11611	0.12821	0.02641	0.02310	0.14898	0.04157	0.11963	0.06184	0.06159	0.00922	0.02653	0.03675	0.01996	0.02519	0.00129	0.03428	0.00333	0.00250	0.02555
15	0.08116	0.11108	0.08054	0.03727	0.03842	0.02740	0.06202	0.02958	0.00829	0.09577	0.05731	0.11970	0.05834	0.03961	0.03617	0.00149	0.06165	0.01942	0.00266	0.03211
16	0.02416	0.00697	0.01075	0.61162	0.08518	0.02881	0.00941	0.02321	0.02391	0.04001	0.04518	0.05831	0.00789	0.00445	0.00384	0.00125	0.00460	0.00392	0.00211	0.00441
17	0.01244	0.11275	0.01173	0.03741	0.02622	0.11243	0.02346	0.40516	0.04229	0.06492	0.02038	0.05705	0.00775	0.00465	0.00363	0.00109	0.00426	0.00361	0.00314	0.04562
18	0.00534	0.00417	0.00498	0.00522	0.00600	0.00401	0.00374	0.03262	0.03871	0.01055	0.02435	0.46789	0.26552	0.03458	0.00529	0.00148	0.03148	0.02352	0.00341	0.02714
19	0.02759	0.27148	0.18274	0.04752	0.06145	0.10462	0.02574	0.13075	0.00956	0.03295	0.00693	0.00843	0.00563	0.03770	0.00417	0.00116	0.03147	0.00285	0.00211	0.00514
20	0.05466	0.49443	0.13869	0.04844	0.04949	0.04446	0.00790	0.03233	0.03265	0.04265	0.00667	0.00789	0.00556	0.00363	0.00294	0.00098	0.00433	0.01530	0.00195	0.00505
21	0.00579	0.00367	0.00470	0.00489	0.00517	0.00368	0.00325	0.00616	0.03881	0.00877	0.03190	0.24093	0.02811	0.23917	0.06109	0.25034	0.00336	0.00611	0.05146	0.00264
22	0.00983	0.09778	0.14474	0.03967	0.17540	0.08787	0.07112	0.09339	0.16693	0.01337	0.03159	0.01040	0.01791	0.00415	0.00383	0.00115	0.01946	0.00348	0.00246	0.00546
23	0.00469	0.00344	0.00441	0.00505	0.00548	0.00316	0.00345	0.00553	0.00785	0.01042	0.12238	0.66295	0.12503	0.01111	0.00475	0.00147	0.00212	0.00997	0.00360	0.00316
24	0.01210	0.04035	0.01038	0.00814	0.01065	0.04784	0.04655	0.29384	0.23498	0.14836	0.02716	0.06891	0.01014	0.00523	0.00389	0.00121	0.00375	0.01705	0.00368	0.00579
25	0.03107	0.42357	0.05499	0.02824	0.02425	0.26569	0.04962	0.04944	0.00914	0.01032	0.00590	0.00693	0.00500	0.00353	0.00301	0.00094	0.00508	0.00243	0.00187	0.01898
26	0.00507	0.00397	0.00467	0.00491	0.00569	0.00379	0.00352	0.00647	0.05313	0.01042	0.07655	0.32812	0.33467	0.07008	0.03349	0.00171	0.01777	0.02926	0.00341	0.00330
27	0.00506	0.00360	0.00449	0.00490	0.00552	0.00326	0.00341	0.00597	0.00815	0.03348	0.14797	0.51126	0.20774	0.03040	0.00501	0.00147	0.00214	0.00926	0.00362	0.00326
28	0.00461	0.00349	0.00427	0.00488	0.00544	0.00314	0.00338	0.00538	0.00771	0.00989	0.02623	0.59430	0.27417	0.01116	0.00474	0.00147	0.00214	0.02696	0.00352	0.00313
29	0.00990	0.00491	0.00654	0.02353	0.00764	0.00440	0.00446	0.01142	0.01028	0.34325	0.37112	0.09360	0.07922	0.00694	0.00423	0.00122	0.00247	0.00599	0.00423	0.00466
30	0.01295	0.00901	0.00990	0.00794	0.01066	0.00977	0.00643	0.42336	0.26348	0.14270	0.01185	0.01123	0.00846	0.00469	0.00376	0.00116	0.00359	0.00370	0.01802	0.03732
31	0.01018	0.74989	0.01839	0.00669	0.00980	0.01430	0.00645	0.03459	0.10017	0.01010	0.00651	0.00706	0.00566	0.00349	0.00263	0.00087	0.00394	0.00232	0.00193	0.00504
32	0.00489	0.00395	0.00437	0.00442	0.00550	0.00353	0.00325	0.00638	0.04605	0.01129	0.17716	0.17272	0.52410	0.00946	0.00451	0.00131	0.00199	0.00810	0.00365	0.00337
33	0.00918	0.28883	0.46154	0.00985	0.04830	0.09950	0.01082	0.01212	0.00823	0.01076	0.00623	0.00733	0.00488	0.00351	0.00322	0.00105	0.00520	0.00254	0.00166	0.00526
34	0.87163	0.02867	0.00593	0.00502	0.00739	0.00867	0.00417	0.01115	0.00649	0.01682	0.00528	0.00616	0.00413	0.00351	0.00235	0.00116	0.00296	0.00205	0.00233	0.00413
35	0.42659	0.01117	0.00832	0.00723	0.00954	0.26934	0.00573	0.13968	0.02967	0.03978	0.00658	0.00725	0.00506	0.00392	0.00312	0.00112	0.01619	0.00251	0.00255	0.00467
36	0.00462	0.00343	0.00432	0.00498	0.00543	0.00312	0.00340	0.00538	0.00766	0.00999	0.05429	0.67270	0.18426	0.01129	0.00476	0.00148	0.00213	0.01010	0.00354	0.00312
37	0.00827	0.00832	0.01138	0.00977	0.00999	0.03963	0.02776	0.00921	0.00608	0.00918	0.00551	0.00885	0.00538	0.00831	0.08303	0.00200	0.73813	0.00338	0.00171	0.00412
38	0.21803	0.00673	0.00802	0.00633	0.00909	0.00641	0.00522	0.04420	0.01001	0.60735	0.01248	0.01126	0.00808	0.00441	0.00345	0.00117	0.00316	0.00339	0.02536	0.00584
39	0.00508	0.00383	0.00505	0.07635	0.00719	0.00369	0.00400	0.00627	0.00844	0.01136	0.24026	0.42046	0.15066	0.00955	0.00454	0.00137	0.00228	0.00849	0.02778	0.00334
40	0.02042	0.24008	0.15431	0.04192	0.02699	0.34262	0.00843	0.06823	0.00956	0.01078	0.00610	0.00721	0.00499	0.00382	0.00360	0.00103	0.04057	0.00254	0.00191	0.00487
41	0.00724	0.00682	0.01151	0.82920	0.05393	0.00845	0.01057	0.00976	0.00762	0.00978	0.00675	0.01009	0.00509	0.00378	0.00379	0.00126	0.00504	0.00337	0.00169	0.00427
42	0.02076	0.12977	0.12379	0.04866	0.10058	0.16592	0.04678	0.09563	0.05138	0.04528	0.04328	0.00990	0.00740	0.00604	0.07243	0.00151	0.02027	0.00325	0.00233	0.00507
43	0.01103	0.05709	0.02118	0.00822	0.01056	0.17110	0.00655	0.12943	0.51053	0.01528	0.01207	0.01154	0.00914	0.00470	0.00369	0.00118	0.00399	0.00367	0.00333	0.00569
44	0.89350	0.00733	0.00557	0.00499	0.00733	0.00851	0.00411	0.01115	0.00645	0.01702	0.00528	0.00616	0.00411	0.00352	0.00235	0.00117	0.00293	0.00205	0.00235	0.00411
45	0.02020	0.01364	0.37826	0.02063	0.09205	0.05549	0.10077	0.04094	0.04109	0.10896	0.00893	0.05590	0.00699	0.00433	0.00411	0.00122	0.03505	0.00367	0.00232	0.00544
46	0.00580	0.00549	0.05943	0.03978	0.04368	0.01879	0.00494	0.03955	0.00864	0.01141	0.13985	0.36940	0.18710	0.02596	0.00477	0.00141	0.00273	0.02431	0.00331	0.00366
47	0.00530	0.00427	0.00609	0.01469	0.02131	0.00408	0.05943	0.00637	0.00793	0.01049	0.11269	0.40770	0.17645	0.07256	0.01728	0.00165	0.02340	0.04166	0.00328	0.00335
48	0.00659	0.00329	0.00494	0.00494	0.00494	0.00329	0.00329	0.00494	0.00494	0.00659	0.00659	0.01153	0.00659	0.01318	0.01482	0.88966	0.00329	0.00329	0.00165	0.00165
49	0.01286	0.01039	0.03330	0.00853	0.01137	0.03406	0.00707	0.56358	0.24185	0.02097	0.01069	0.01040	0.00777	0.00467	0.00380	0.00118	0.00396	0.00361	0.00370	0.00625
50	0.00508	0.00418	0.00469	0.00525	0.02157	0.03056	0.00358	0.00608	0.02103	0.01015	0.05259	0.46460	0.31922	0.02701	0.00490	0.00145	0.00232	0.00904	0.00344	0.00327
51	0.00851	0.15137	0.09319	0.03024	0.01016	0.07937	0.02136	0.03391	0.06349	0.01168	0.05342	0.05888	0.02249	0.03878	0.02438	0.00116	0.00391	0.00353	0.01170	0.27848

[dist]
# distance from previous block
# <min> <max>
1	5

[block]
# block no. 1 follows, 72 sequences, length 11
# corresponding to MSA columns:
# 569-579
name=unknown_B
#
# <colnr> <probs for GDERKNQSTAVLIFYWHMCP>
#	G	D	E	R	K	N	Q	S	T	A	V	L	I	F	Y	W	H	M	C	P
0	0.06630	0.02932	0.29604	0.05203	0.03059	0.02077	0.09271	0.05553	0.06261	0.07527	0.03087	0.00983	0.00686	0.00491	0.03586	0.00135	0.04402	0.00328	0.00234	0.07950
1	0.00853	0.00678	0.00768	0.00576	0.00870	0.00576	0.00460	0.09861	0.04513	0.01400	0.00815	0.00913	0.00653	0.00332	0.00294	0.00070	0.00282	0.00264	0.12376	0.63444
2	0.00594	0.04459	0.08279	0.00595	0.00713	0.00475	0.00483	0.03391	0.03917	0.02924	0.05727	0.57056	0.07988	0.00973	0.00448	0.00141	0.00267	0.00864	0.00334	0.00372
3	0.00506	0.00379	0.00484	0.00486	0.00568	0.00357	0.00359	0.00642	0.00905	0.01233	0.41666	0.17868	0.19380	0.01171	0.12057	0.00194	0.00304	0.00741	0.00363	0.00339
4	0.01042	0.07598	0.10880	0.07859	0.14553	0.10952	0.08556	0.15580	0.05123	0.02823	0.00757	0.00907	0.00594	0.00461	0.02123	0.00128	0.08978	0.00327	0.00229	0.00531
5	0.00636	0.00558	0.00548	0.00511	0.00642	0.07554	0.00388	0.05095	0.04235	0.01303	0.34476	0.02851	0.38197	0.00797	0.00433	0.00121	0.00245	0.00670	0.00367	0.00373
6	0.01049	0.00889	0.08594	0.04345	0.04686	0.00835	0.10991	0.19499	0.08145	0.13892	0.05105	0.04646	0.00953	0.02493	0.07478	0.00169	0.04974	0.00418	0.00306	0.00532
7	0.04508	0.07000	0.28338	0.03513	0.04734	0.15167	0.03388	0.06657	0.10861	0.03340	0.00796	0.00894	0.00608	0.00469	0.02888	0.00128	0.03155	0.00303	0.00224	0.03028
8	0.00948	0.11642	0.08168	0.00868	0.06654	0.12114	0.03521	0.07433	0.03605	0.01230	0.03142	0.03419	0.00719	0.01635	0.00385	0.00097	0.03638	0.00308	0.00228	0.30247
9	0.00969	0.00984	0.10995	0.03120	0.07199	0.07937	0.03133	0.11350	0.21661	0.05585	0.05992	0.01392	0.05028	0.03334	0.01396	0.00130	0.00403	0.02029	0.00301	0.07061
10	0.04874	0.09033	0.04434	0.14911	0.12316	0.08318	0.04543	0.13731	0.05060	0.03782	0.02268	0.02538	0.00761	0.02790	0.03606	0.00141	0.01975	0.02756	0.01666	0.00497

[dist]
# distance from previous block
# <min> <max>
0	103

[block]
# block no. 2 follows, 72 sequences, length 43
# corresponding to MSA columns:
# 683-725
name=unknown_C
#
# <colnr> <probs for GDERKNQSTAVLIFYWHMCP>
#	G	D	E	R	K	N	Q	S	T	A	V	L	I	F	Y	W	H	M	C	P
0	0.02926	0.13983	0.15283	0.03627	0.09927	0.02185	0.11677	0.09138	0.02915	0.03268	0.05856	0.09333	0.04462	0.00495	0.00387	0.00117	0.01544	0.00430	0.00247	0.02199
1	0.04161	0.15442	0.06833	0.00836	0.03489	0.06035	0.06194	0.15132	0.16806	0.03904	0.02085	0.03834	0.05917	0.03576	0.00429	0.00123	0.01809	0.00390	0.02492	0.00514
2	0.01158	0.11913	0.07532	0.01029	0.08396	0.38685	0.03503	0.07990	0.00989	0.02058	0.00698	0.02701	0.00598	0.02165	0.03296	0.00127	0.04239	0.00299	0.00210	0.02415
3	0.00650	0.02234	0.35715	0.00738	0.01047	0.00619	0.00804	0.02517	0.03423	0.01222	0.14405	0.07742	0.21401	0.00646	0.00405	0.00123	0.00363	0.02559	0.00277	0.03110
4	0.00758	0.00619	0.00687	0.00666	0.02624	0.00664	0.00492	0.03223	0.41578	0.02980	0.07318	0.17066	0.18294	0.00735	0.00419	0.00132	0.00263	0.00631	0.00372	0.00478
5	0.00579	0.00332	0.00466	0.00501	0.00512	0.00323	0.00333	0.00519	0.00595	0.00802	0.01255	0.34608	0.01420	0.04629	0.01079	0.48453	0.00284	0.00632	0.02452	0.00228
6	0.00581	0.00403	0.00458	0.00457	0.00565	0.00358	0.00341	0.00675	0.00831	0.07401	0.05204	0.09216	0.48353	0.14043	0.00680	0.00170	0.00247	0.09337	0.00344	0.00335
7	0.00530	0.00398	0.00492	0.00470	0.00569	0.00367	0.00352	0.00717	0.03565	0.01410	0.63598	0.05627	0.18863	0.00816	0.00447	0.00122	0.00186	0.00712	0.00402	0.00357
8	0.00761	0.01962	0.84707	0.01081	0.01641	0.00881	0.01401	0.01201	0.00801	0.01201	0.00681	0.00801	0.00480	0.00360	0.00360	0.00120	0.00560	0.00280	0.00160	0.00560
9	0.00786	0.00674	0.00786	0.00562	0.00899	0.00506	0.00449	0.00955	0.00786	0.01236	0.00674	0.00786	0.00562	0.00281	0.00281	0.00056	0.00281	0.00225	0.00225	0.88990
10	0.00613	0.03090	0.00617	0.00564	0.00632	0.00504	0.00420	0.03327	0.00682	0.02125	0.05041	0.07461	0.01241	0.21747	0.43643	0.00426	0.03248	0.00486	0.03797	0.00334
11	0.49762	0.09916	0.10742	0.01994	0.04992	0.06324	0.08115	0.01171	0.00744	0.02404	0.00593	0.00707	0.00463	0.00351	0.00287	0.00114	0.00403	0.00248	0.00212	0.00459
12	0.03886	0.65305	0.20190	0.00739	0.01113	0.01342	0.00807	0.01149	0.00773	0.00987	0.00561	0.00651	0.00483	0.00333	0.00269	0.00091	0.00436	0.00220	0.00164	0.00500
13	0.89350	0.00733	0.00557	0.00499	0.00733	0.00851	0.00411	0.01115	0.00645	0.01702	0.00528	0.00616	0.00411	0.00352	0.00235	0.00117	0.00293	0.00205	0.00235	0.00411
14	0.03976	0.01160	0.01011	0.05268	0.03489	0.28066	0.00693	0.21018	0.17851	0.08390	0.02806	0.01008	0.00770	0.00441	0.00364	0.00111	0.00465	0.00332	0.00306	0.02475
15	0.00464	0.00353	0.00428	0.00477	0.00539	0.00316	0.00332	0.00550	0.00802	0.01036	0.10061	0.52307	0.28808	0.01078	0.00469	0.00143	0.00207	0.00954	0.00358	0.00316
16	0.00563	0.00432	0.00591	0.00589	0.00650	0.02350	0.00444	0.00678	0.00611	0.00860	0.01032	0.01616	0.01001	0.14996	0.71153	0.00563	0.00914	0.00424	0.00207	0.00325
17	0.00622	0.00444	0.00633	0.00603	0.00676	0.00496	0.02338	0.02518	0.00655	0.03436	0.01064	0.01662	0.01018	0.18591	0.55869	0.00487	0.03145	0.01379	0.04022	0.00340
18	0.00597	0.00381	0.00442	0.00434	0.00449	0.00380	0.00255	0.00609	0.00576	0.04066	0.01198	0.02386	0.01340	0.79146	0.05949	0.00370	0.00398	0.00538	0.00238	0.00252
19	0.01172	0.07215	0.01047	0.00854	0.01065	0.34425	0.00671	0.09459	0.29973	0.02167	0.02438	0.01103	0.00843	0.00470	0.00390	0.00114	0.03219	0.02572	0.00287	0.00516
20	0.05302	0.00648	0.00856	0.00780	0.07698	0.01514	0.06273	0.01062	0.06812	0.09185	0.09945	0.06465	0.09934	0.00591	0.02918	0.00118	0.00330	0.01516	0.00296	0.27758
21	0.00784	0.03256	0.13842	0.07858	0.08828	0.02287	0.06734	0.06728	0.03134	0.01107	0.00972	0.02624	0.02915	0.17808	0.08637	0.00220	0.09095	0.02514	0.00219	0.00436
22	0.09307	0.06987	0.03609	0.02830	0.01248	0.04681	0.26942	0.07588	0.08624	0.02208	0.00987	0.02664	0.02582	0.11383	0.04818	0.00176	0.00496	0.02163	0.00243	0.00462
23	0.89350	0.00733	0.00557	0.00499	0.00733	0.00851	0.00411	0.01115	0.00645	0.01702	0.00528	0.00616	0.00411	0.00352	0.00235	0.00117	0.00293	0.00205	0.00235	0.00411
24	0.00469	0.00338	0.00446	0.00527	0.00558	0.00315	0.00360	0.00544	0.00747	0.00992	0.04474	0.77640	0.05763	0.01162	0.00483	0.00153	0.00223	0.04141	0.00354	0.00312
25	0.00993	0.01264	0.12071	0.05547	0.01705	0.17555	0.42973	0.04656	0.03009	0.01187	0.00728	0.00924	0.00557	0.00369	0.00447	0.00122	0.04821	0.00371	0.00199	0.00502
26	0.00900	0.00896	0.03301	0.14335	0.64805	0.00896	0.05491	0.01154	0.02328	0.01204	0.00725	0.00959	0.00593	0.00347	0.00380	0.00116	0.00468	0.00344	0.00188	0.00569
27	0.00468	0.00342	0.00429	0.00495	0.00532	0.00315	0.00331	0.00533	0.00733	0.00956	0.02293	0.65557	0.15583	0.08798	0.00608	0.00169	0.00229	0.00986	0.00341	0.00303
28	0.00812	0.00689	0.00800	0.00574	0.00909	0.00531	0.00460	0.04103	0.00825	0.01280	0.00683	0.00791	0.00565	0.00288	0.00285	0.00058	0.00286	0.00229	0.00231	0.85602
29	0.03586	0.00527	0.00608	0.00564	0.00712	0.00528	0.00435	0.02908	0.18611	0.09655	0.26150	0.10219	0.19008	0.00756	0.00426	0.00128	0.00242	0.04116	0.00387	0.00434
30	0.01331	0.01070	0.01072	0.00859	0.01134	0.08058	0.00696	0.58685	0.19527	0.02095	0.01021	0.01002	0.00744	0.00463	0.00378	0.00116	0.00414	0.00352	0.00366	0.00618
31	0.00466	0.00386	0.00409	0.00405	0.00526	0.00329	0.00306	0.00577	0.00899	0.01109	0.17171	0.03525	0.69277	0.00931	0.00449	0.00127	0.00193	0.02224	0.00363	0.00327
32	0.00988	0.00959	0.03828	0.09229	0.54168	0.03629	0.07207	0.09205	0.00949	0.02939	0.00738	0.00941	0.00592	0.00365	0.00402	0.00116	0.02620	0.00342	0.00210	0.00573
33	0.02313	0.14395	0.06880	0.01258	0.07152	0.07369	0.32911	0.04684	0.01723	0.01151	0.00669	0.00872	0.00544	0.00400	0.00535	0.00123	0.15983	0.00347	0.00191	0.00499
34	0.00467	0.00332	0.00439	0.00522	0.00543	0.00311	0.00346	0.00529	0.00717	0.00956	0.02045	0.82177	0.02451	0.05513	0.00557	0.00165	0.00228	0.01052	0.00346	0.00304
35	0.00572	0.00407	0.00502	0.00471	0.00580	0.00370	0.00356	0.00751	0.02845	0.04704	0.61173	0.02922	0.21330	0.00799	0.00444	0.00121	0.00190	0.00694	0.00404	0.00366
36	0.00889	0.10840	0.06019	0.00788	0.04589	0.04968	0.02941	0.08665	0.00929	0.10676	0.01439	0.26168	0.01475	0.02066	0.00443	0.00137	0.00365	0.15845	0.00312	0.00446
37	0.03667	0.01155	0.20962	0.02997	0.09230	0.05137	0.12427	0.14699	0.09328	0.07567	0.02573	0.06783	0.00830	0.00457	0.00387	0.00121	0.00461	0.00401	0.00271	0.00547
38	0.01463	0.01028	0.01117	0.00856	0.01159	0.01125	0.00707	0.76322	0.01725	0.09191	0.00959	0.00942	0.00669	0.00456	0.00380	0.00114	0.00410	0.00345	0.00387	0.00645
39	0.00786	0.00674	0.00786	0.00562	0.00899	0.00506	0.00449	0.00955	0.00786	0.01236	0.00674	0.00786	0.00562	0.00281	0.00281	0.00056	0.00281	0.00225	0.00225	0.88990
40	0.00542	0.00378	0.00455	0.00481	0.00515	0.00369	0.00326	0.00598	0.00678	0.00890	0.04352	0.12995	0.09100	0.49743	0.01310	0.00276	0.00325	0.16107	0.00284	0.00274
41	0.01232	0.13242	0.01232	0.00867	0.02564	0.03885	0.03648	0.29789	0.03819	0.15195	0.02675	0.00977	0.00719	0.00477	0.00524	0.00120	0.16483	0.00337	0.01661	0.00555
42	0.00479	0.00349	0.00449	0.00522	0.00563	0.00325	0.00365	0.00556	0.00750	0.00981	0.02257	0.64665	0.12365	0.04815	0.00546	0.00162	0.00236	0.08959	0.00347	0.00310

[dist]
# distance from previous block
# <min> <max>
1	15

[block]
# block no. 3 follows, 72 sequences, length 29
# corresponding to MSA columns:
# 741-769
name=unknown_D
#
# <colnr> <probs for GDERKNQSTAVLIFYWHMCP>
#	G	D	E	R	K	N	Q	S	T	A	V	L	I	F	Y	W	H	M	C	P
0	0.09713	0.27969	0.39365	0.00952	0.04548	0.06071	0.04215	0.01190	0.00798	0.01141	0.00617	0.00730	0.00484	0.00348	0.00315	0.00106	0.00492	0.00256	0.00173	0.00515
1	0.00857	0.00797	0.01326	0.07165	0.63612	0.00815	0.01005	0.01052	0.00812	0.01152	0.02395	0.01172	0.00751	0.10086	0.03866	0.00162	0.01878	0.00371	0.00196	0.00530
2	0.00496	0.00406	0.00440	0.00431	0.00553	0.00360	0.00327	0.00657	0.04695	0.01168	0.22244	0.03375	0.59632	0.00900	0.00447	0.00127	0.00198	0.02832	0.00369	0.00342
3	0.00542	0.00405	0.00604	0.00604	0.00670	0.00471	0.00468	0.00674	0.00608	0.00877	0.01021	0.01516	0.00960	0.05074	0.82955	0.00603	0.00999	0.00410	0.00204	0.00336
4	0.00955	0.00773	0.00825	0.00738	0.00951	0.00874	0.00575	0.01899	0.72502	0.06738	0.01706	0.01568	0.07116	0.00544	0.00390	0.00128	0.00294	0.00453	0.00389	0.00583
5	0.85964	0.00746	0.00580	0.00513	0.00750	0.00863	0.00423	0.04271	0.00689	0.01728	0.00543	0.00627	0.00420	0.00356	0.00240	0.00117	0.00298	0.00211	0.00240	0.00420
6	0.01223	0.00829	0.00951	0.02776	0.01043	0.00899	0.00630	0.40049	0.12719	0.15550	0.08541	0.05544	0.02099	0.00573	0.01507	0.00128	0.03549	0.00433	0.00382	0.00575
7	0.00741	0.00693	0.01157	0.68120	0.12269	0.00837	0.01034	0.00980	0.00771	0.01009	0.00748	0.01180	0.00611	0.00421	0.00416	0.00129	0.03347	0.04916	0.00181	0.00439
8	0.00930	0.00921	0.05984	0.15204	0.32619	0.00920	0.09285	0.13428	0.03988	0.01346	0.00922	0.01140	0.04385	0.00427	0.00439	0.00122	0.05351	0.01821	0.00229	0.00539
9	0.02861	0.00901	0.00956	0.00802	0.01051	0.01020	0.00640	0.31894	0.50306	0.03395	0.01289	0.01211	0.00950	0.00489	0.00380	0.00123	0.00344	0.00391	0.00382	0.00614
10	0.11027	0.03234	0.00858	0.00680	0.00915	0.00800	0.00552	0.26013	0.10564	0.19741	0.10553	0.04353	0.06599	0.00553	0.00379	0.00120	0.00320	0.01822	0.00378	0.00540
11	0.00507	0.00371	0.00483	0.00541	0.00603	0.00348	0.00405	0.00620	0.00832	0.01099	0.14755	0.43248	0.13550	0.01062	0.00483	0.00150	0.00241	0.20014	0.00361	0.00327
12	0.00537	0.00399	0.00564	0.00563	0.00626	0.00444	0.00424	0.00654	0.00640	0.00901	0.05248	0.01824	0.06383	0.13866	0.64553	0.00523	0.00836	0.00464	0.00227	0.00324
13	0.01083	0.03897	0.04384	0.03358	0.14289	0.07903	0.00761	0.19357	0.31836	0.03893	0.04530	0.01162	0.00930	0.00457	0.00376	0.00118	0.00396	0.00374	0.00319	0.00578
14	0.00461	0.00377	0.00403	0.00411	0.00518	0.00324	0.00300	0.00557	0.00852	0.01048	0.10260	0.13837	0.63954	0.04359	0.00511	0.00140	0.00201	0.00816	0.00353	0.00318
15	0.01132	0.52339	0.04415	0.03655	0.01119	0.29772	0.00716	0.01260	0.00874	0.00917	0.00557	0.00654	0.00488	0.00350	0.00285	0.00090	0.00508	0.00224	0.00174	0.00471
16	0.00954	0.00524	0.00659	0.00611	0.02580	0.00483	0.00463	0.05752	0.03210	0.28272	0.08619	0.18097	0.22290	0.00779	0.00430	0.00130	0.00269	0.05025	0.00394	0.00460
17	0.00849	0.02793	0.01993	0.16812	0.10022	0.04318	0.05944	0.12238	0.06732	0.01238	0.02546	0.12935	0.02247	0.05395	0.05912	0.00171	0.06665	0.00475	0.00255	0.00459
18	0.01072	0.03866	0.00985	0.00856	0.03809	0.08986	0.00653	0.15246	0.56762	0.01621	0.01287	0.01219	0.00969	0.00481	0.00375	0.00121	0.00364	0.00386	0.00353	0.00589
19	0.89350	0.00733	0.00557	0.00499	0.00733	0.00851	0.00411	0.01115	0.00645	0.01702	0.00528	0.00616	0.00411	0.00352	0.00235	0.00117	0.00293	0.00205	0.00235	0.00411
20	0.00909	0.12776	0.40466	0.07261	0.10296	0.00948	0.08973	0.01247	0.03110	0.08288	0.00763	0.00885	0.00563	0.00368	0.00370	0.00116	0.01605	0.00310	0.00200	0.00547
21	0.00482	0.00393	0.00445	0.00465	0.02604	0.00342	0.00331	0.00598	0.00901	0.01139	0.22036	0.10036	0.57048	0.00921	0.00449	0.00128	0.00198	0.00785	0.00363	0.00335
22	0.00534	0.00431	0.00563	0.01582	0.09180	0.00402	0.00430	0.00666	0.02654	0.01099	0.13254	0.33893	0.29125	0.02470	0.00479	0.00140	0.00239	0.02164	0.00340	0.00356
23	0.08496	0.04810	0.04917	0.02936	0.06305	0.04113	0.02154	0.52145	0.01422	0.06120	0.00842	0.00884	0.00611	0.00428	0.00377	0.00114	0.02090	0.00321	0.00322	0.00593
24	0.01211	0.02552	0.05300	0.00841	0.04253	0.02440	0.03745	0.23113	0.11847	0.23725	0.12706	0.01406	0.01210	0.00509	0.00403	0.00119	0.01477	0.02198	0.00372	0.00572
25	0.00547	0.00387	0.00512	0.00512	0.00546	0.00421	0.00352	0.00615	0.00581	0.00808	0.01105	0.01984	0.01163	0.44584	0.43723	0.00489	0.00693	0.00479	0.00216	0.00284
26	0.89350	0.00733	0.00557	0.00499	0.00733	0.00851	0.00411	0.01115	0.00645	0.01702	0.00528	0.00616	0.00411	0.00352	0.00235	0.00117	0.00293	0.00205	0.00235	0.00411
27	0.05944	0.04062	0.03120	0.00711	0.00964	0.09567	0.04838	0.13573	0.03882	0.03521	0.00995	0.08392	0.03089	0.07574	0.00474	0.00119	0.00377	0.00383	0.00267	0.28148
28	0.42585	0.11933	0.06158	0.01496	0.00967	0.04001	0.04566	0.08755	0.03842	0.02666	0.00781	0.00857	0.03809	0.00397	0.00314	0.00112	0.02378	0.00276	0.01239	0.02869

[dist]
# distance from previous block
# <min> <max>
8	82

[block]
# block no. 4 follows, 72 sequences, length 20
# corresponding to MSA columns:
# 855-874
name=unknown_E
#
# <colnr> <probs for GDERKNQSTAVLIFYWHMCP>
#	G	D	E	R	K	N	Q	S	T	A	V	L	I	F	Y	W	H	M	C	P
0	0.08587	0.12075	0.10096	0.00860	0.04160	0.16508	0.04053	0.12724	0.02485	0.03670	0.02701	0.05425	0.03940	0.01609	0.01361	0.00118	0.02906	0.00354	0.00248	0.06124
1	0.07506	0.10384	0.12116	0.03232	0.05056	0.17565	0.00751	0.10561	0.03082	0.06957	0.04838	0.03389	0.01823	0.00494	0.02108	0.00120	0.04197	0.00332	0.00251	0.05237
2	0.02132	0.05385	0.08709	0.08666	0.05670	0.04170	0.10456	0.09940	0.00922	0.04987	0.01831	0.03263	0.00778	0.01561	0.01365	0.00120	0.04532	0.01284	0.21048	0.03182
3	0.10135	0.14775	0.20360	0.00857	0.02708	0.03577	0.04556	0.21835	0.04283	0.03211	0.02323	0.01033	0.05838	0.00427	0.00344	0.00111	0.00427	0.00329	0.00259	0.02612
4	0.07826	0.16877	0.04447	0.00880	0.06727	0.28056	0.02347	0.03713	0.02845	0.01097	0.00685	0.00903	0.00605	0.08474	0.00487	0.00122	0.02545	0.00282	0.00206	0.10876
5	0.00858	0.00738	0.00740	0.00663	0.00826	0.09674	0.00513	0.05644	0.23314	0.05347	0.16031	0.05328	0.14413	0.03348	0.00498	0.00131	0.04936	0.02359	0.00344	0.04299
6	0.00495	0.00372	0.00427	0.00436	0.00516	0.00335	0.00307	0.00594	0.00843	0.01104	0.22358	0.18189	0.35571	0.13265	0.00662	0.00164	0.00219	0.00774	0.03056	0.00315
7	0.00647	0.00514	0.00637	0.00688	0.04297	0.03173	0.00516	0.02812	0.07962	0.01263	0.23841	0.16799	0.04368	0.00962	0.04078	0.00163	0.00319	0.26223	0.00354	0.00386
8	0.00468	0.00368	0.00423	0.00450	0.00538	0.00324	0.00325	0.00566	0.00846	0.01071	0.13337	0.30388	0.45569	0.01013	0.00462	0.00136	0.00203	0.02830	0.00360	0.00322
9	0.74935	0.00769	0.00632	0.00553	0.00792	0.00887	0.00453	0.08623	0.06782	0.01756	0.00637	0.00701	0.00486	0.00373	0.00259	0.00118	0.00305	0.00234	0.00259	0.00446
10	0.00863	0.00831	0.01429	0.25290	0.56129	0.00873	0.04599	0.01097	0.00836	0.01158	0.00783	0.01030	0.02671	0.00364	0.00381	0.00117	0.00467	0.00354	0.00187	0.00540
11	0.00964	0.00814	0.00863	0.00766	0.00981	0.00934	0.00598	0.08508	0.73021	0.01648	0.05472	0.01443	0.01233	0.00522	0.00388	0.00127	0.00304	0.00434	0.00387	0.00592
12	0.00820	0.04662	0.03558	0.01629	0.00915	0.04642	0.02209	0.02441	0.44727	0.01366	0.06805	0.01936	0.21490	0.00613	0.00397	0.00124	0.00308	0.00510	0.00347	0.00501
13	0.00543	0.00403	0.00592	0.00592	0.00654	0.00465	0.00452	0.00666	0.00604	0.00868	0.01032	0.01578	0.00986	0.10252	0.77813	0.00588	0.00959	0.00419	0.00206	0.00329
14	0.00843	0.13860	0.44502	0.06689	0.05058	0.04630	0.11543	0.01167	0.00820	0.01132	0.03021	0.00874	0.00589	0.00374	0.00388	0.00116	0.03391	0.00308	0.00175	0.00520
15	0.00461	0.00334	0.00436	0.00518	0.00547	0.00309	0.00347	0.00529	0.00736	0.00972	0.02218	0.80405	0.08445	0.01172	0.00481	0.00152	0.00218	0.01058	0.00352	0.00309
16	0.14646	0.03016	0.10305	0.07040	0.02279	0.00947	0.08058	0.22181	0.17954	0.02539	0.01752	0.01078	0.02428	0.01499	0.02540	0.00135	0.00423	0.00354	0.00289	0.00536
17	0.00488	0.00416	0.00424	0.00416	0.00549	0.00367	0.00314	0.00658	0.06891	0.01085	0.06886	0.03455	0.74893	0.00921	0.00444	0.00128	0.00199	0.00769	0.00357	0.00342
18	0.00790	0.00782	0.01097	0.00941	0.00990	0.04415	0.06331	0.00900	0.00628	0.00924	0.00646	0.01011	0.00617	0.02669	0.19507	0.00261	0.56553	0.00356	0.00178	0.00402
19	0.08001	0.00994	0.01011	0.02524	0.01102	0.06287	0.00668	0.52558	0.11214	0.01986	0.01063	0.01077	0.04702	0.00526	0.02049	0.00127	0.02835	0.00358	0.00343	0.00576

[dist]
# distance from previous block
# <min> <max>
0	4

[block]
# block no. 5 follows, 72 sequences, length 29
# corresponding to MSA columns:
# 879-907
name=unknown_F
#
# <colnr> <probs for GDERKNQSTAVLIFYWHMCP>
#	G	D	E	R	K	N	Q	S	T	A	V	L	I	F	Y	W	H	M	C	P
0	0.01000	0.07741	0.01350	0.04367	0.35642	0.14678	0.07121	0.02615	0.02630	0.05038	0.00902	0.07138	0.02472	0.00495	0.02190	0.00125	0.03368	0.00389	0.00222	0.00517
1	0.02522	0.24878	0.15133	0.00881	0.01197	0.16105	0.06680	0.10521	0.07785	0.02026	0.00764	0.03096	0.00626	0.00403	0.00352	0.00105	0.02296	0.00304	0.00225	0.04102
2	0.34081	0.02444	0.06562	0.00802	0.01057	0.25632	0.06060	0.10988	0.00950	0.02822	0.01468	0.04222	0.00601	0.00413	0.00321	0.00113	0.00462	0.00297	0.00242	0.00464
3	0.00891	0.00669	0.00797	0.01892	0.08143	0.01924	0.00562	0.07843	0.25020	0.09974	0.10568	0.12057	0.11393	0.00647	0.00407	0.00124	0.00298	0.01831	0.00358	0.04602
4	0.00900	0.01813	0.02178	0.00761	0.05512	0.02320	0.01230	0.19949	0.07711	0.06670	0.24438	0.09462	0.06511	0.01411	0.02873	0.00140	0.02636	0.02654	0.00357	0.00476
5	0.00595	0.00370	0.00552	0.00552	0.00587	0.00405	0.00402	0.00590	0.00555	0.00775	0.00858	0.01362	0.00827	0.04363	0.44783	0.40919	0.00685	0.00375	0.00186	0.00256
6	0.01362	0.04197	0.01115	0.04970	0.03097	0.76891	0.00755	0.01470	0.01046	0.00936	0.00591	0.00703	0.00492	0.00387	0.00342	0.00099	0.00662	0.00250	0.00193	0.00444
7	0.00501	0.00382	0.00460	0.00450	0.00547	0.00341	0.00334	0.00643	0.00975	0.01309	0.50471	0.09765	0.30702	0.00871	0.00451	0.00125	0.00187	0.00756	0.00390	0.00341
8	0.00981	0.00843	0.02104	0.02050	0.02241	0.00948	0.00636	0.12155	0.65775	0.01635	0.01402	0.01333	0.01056	0.00609	0.04356	0.00149	0.00357	0.00412	0.00367	0.00590
9	0.00543	0.00402	0.00587	0.00587	0.00646	0.00462	0.00446	0.00663	0.00603	0.00863	0.01037	0.01606	0.00998	0.12646	0.75435	0.00581	0.00940	0.00423	0.00206	0.00326
10	0.09833	0.00889	0.00949	0.00764	0.01030	0.02241	0.00621	0.39097	0.19006	0.16408	0.03319	0.01111	0.00863	0.00468	0.00367	0.00117	0.00358	0.00362	0.01598	0.00598
11	0.01036	0.00823	0.01171	0.06004	0.01258	0.02605	0.17720	0.10657	0.23872	0.12550	0.07250	0.02019	0.01035	0.00483	0.00455	0.00125	0.06173	0.00422	0.03805	0.00536
12	0.00654	0.00332	0.00498	0.00498	0.00501	0.00335	0.00335	0.00501	0.00498	0.00667	0.00672	0.01165	0.00670	0.01375	0.04617	0.85656	0.00355	0.00332	0.00166	0.00171
13	0.28922	0.05246	0.01476	0.01090	0.03539	0.00909	0.38966	0.04499	0.00863	0.05322	0.05100	0.00974	0.00697	0.00367	0.00362	0.00120	0.00465	0.00361	0.00236	0.00484
14	0.00856	0.00850	0.05464	0.03384	0.01249	0.00784	0.19600	0.06598	0.01953	0.02603	0.04120	0.02240	0.00728	0.00461	0.02258	0.00117	0.13835	0.00347	0.00229	0.32324
15	0.01385	0.08607	0.01148	0.00951	0.01157	0.78465	0.00726	0.01484	0.01050	0.00925	0.00582	0.00678	0.00488	0.00386	0.00334	0.00096	0.00662	0.00241	0.00193	0.00443
16	0.01321	0.01319	0.01025	0.00879	0.01106	0.39954	0.00683	0.26570	0.12392	0.04598	0.02626	0.00965	0.00732	0.01867	0.02171	0.00123	0.00528	0.00322	0.00293	0.00525
17	0.00643	0.00435	0.00547	0.05922	0.00745	0.00412	0.00421	0.04053	0.00866	0.09308	0.05126	0.37669	0.27652	0.00947	0.00452	0.00139	0.00251	0.03689	0.00355	0.00369
18	0.01019	0.66881	0.01812	0.00736	0.01027	0.09592	0.04836	0.01149	0.00812	0.00940	0.04190	0.00743	0.00627	0.00364	0.00314	0.00090	0.03968	0.00246	0.00178	0.00475
19	0.01094	0.01052	0.02692	0.00872	0.05071	0.25483	0.03242	0.16042	0.07774	0.07031	0.07914	0.08811	0.08379	0.00576	0.00394	0.00118	0.00434	0.02225	0.00310	0.00486
20	0.01004	0.35172	0.01426	0.02385	0.05445	0.06477	0.00702	0.09177	0.00855	0.03296	0.00673	0.00901	0.00603	0.03324	0.02653	0.00130	0.18439	0.01970	0.00207	0.05160
21	0.00519	0.00411	0.00476	0.00549	0.00582	0.04630	0.00373	0.00588	0.00743	0.00962	0.01998	0.74033	0.03710	0.05163	0.00546	0.00161	0.00254	0.03651	0.00338	0.00313
22	0.02553	0.00593	0.00728	0.00617	0.02049	0.01884	0.00483	0.06007	0.01038	0.39393	0.13058	0.05285	0.17871	0.00629	0.00401	0.00118	0.00284	0.01596	0.00403	0.05009
23	0.01032	0.02718	0.03269	0.08034	0.01184	0.11843	0.07320	0.22528	0.04563	0.05998	0.02104	0.08487	0.02149	0.06315	0.01913	0.00149	0.00449	0.09165	0.00299	0.00481
24	0.03428	0.03272	0.08787	0.02297	0.10249	0.02368	0.49092	0.01191	0.05321	0.01201	0.00849	0.04163	0.00703	0.04761	0.00492	0.00137	0.00549	0.00431	0.00207	0.00502
25	0.01136	0.01283	0.01063	0.00931	0.01092	0.44271	0.04876	0.08707	0.00967	0.01065	0.00694	0.00899	0.00597	0.00906	0.16804	0.00209	0.13543	0.00308	0.00209	0.00439
26	0.06407	0.04581	0.02776	0.05018	0.09486	0.04116	0.06307	0.09430	0.18504	0.01369	0.05634	0.12355	0.03584	0.00678	0.03815	0.00146	0.00397	0.04616	0.00297	0.00484
27	0.00759	0.04328	0.07549	0.09199	0.10898	0.03270	0.12519	0.02032	0.04170	0.01831	0.08590	0.10183	0.04455	0.05045	0.05990	0.05140	0.02885	0.00486	0.00242	0.00430
28	0.01208	0.00903	0.01024	0.00835	0.05293	0.00917	0.00644	0.48044	0.02875	0.05608	0.00875	0.00935	0.00656	0.02232	0.00384	0.00103	0.00372	0.00315	0.00325	0.26451

[dist]
# distance from previous block
# <min> <max>
0	3

[block]
# block no. 6 follows, 72 sequences, length 9
# corresponding to MSA columns:
# 911-919
name=unknown_G
#
# <colnr> <probs for GDERKNQSTAVLIFYWHMCP>
#	G	D	E	R	K	N	Q	S	T	A	V	L	I	F	Y	W	H	M	C	P
0	0.01019	0.70180	0.01807	0.07681	0.01124	0.07983	0.00687	0.01182	0.03639	0.00925	0.00579	0.00675	0.00511	0.00341	0.00267	0.00088	0.00432	0.00225	0.00173	0.00482
1	0.33671	0.15416	0.01122	0.02539	0.13388	0.14884	0.02228	0.05543	0.00863	0.06282	0.00650	0.00745	0.00513	0.00364	0.00298	0.00108	0.00419	0.00256	0.00228	0.00485
2	0.00599	0.00514	0.00538	0.00553	0.00651	0.06544	0.00414	0.00791	0.07616	0.01157	0.18438	0.26341	0.23301	0.00920	0.00454	0.00137	0.00260	0.10057	0.00356	0.00359
3	0.00663	0.07262	0.00808	0.00654	0.00755	0.00615	0.05333	0.05261	0.00718	0.01002	0.01106	0.12424	0.01116	0.14253	0.37241	0.00370	0.05072	0.00491	0.04495	0.00362
4	0.00489	0.00380	0.00439	0.00439	0.00530	0.00345	0.00318	0.00595	0.00848	0.01094	0.22181	0.09968	0.42670	0.10581	0.07255	0.00192	0.00275	0.00738	0.00342	0.00320
5	0.02432	0.00648	0.02407	0.00671	0.00892	0.00611	0.03439	0.05180	0.16228	0.31900	0.05729	0.06887	0.13779	0.00628	0.00406	0.00126	0.00304	0.04716	0.02494	0.00522
6	0.00881	0.00701	0.00807	0.00596	0.00912	0.00580	0.00478	0.08855	0.04303	0.05282	0.00935	0.00996	0.04939	0.00351	0.00308	0.00071	0.00292	0.00281	0.00264	0.68168
7	0.00606	0.00490	0.00489	0.00493	0.00537	0.07336	0.00325	0.00657	0.00711	0.00902	0.09511	0.11626	0.09070	0.49311	0.01284	0.00266	0.00343	0.05486	0.00276	0.00283
8	0.02880	0.04746	0.01126	0.16297	0.10552	0.04431	0.00807	0.15726	0.03439	0.01260	0.00768	0.03530	0.00663	0.00747	0.09570	0.00181	0.22216	0.00356	0.00226	0.00477

[dist]
# distance from previous block
# <min> <max>
0	5

[block]
# block no. 7 follows, 72 sequences, length 9
# corresponding to MSA columns:
# 925-933
name=unknown_H
#
# <colnr> <probs for GDERKNQSTAVLIFYWHMCP>
#	G	D	E	R	K	N	Q	S	T	A	V	L	I	F	Y	W	H	M	C	P
0	0.04293	0.61242	0.09977	0.00707	0.01019	0.10143	0.00699	0.01147	0.00788	0.00948	0.00588	0.00745	0.00536	0.05377	0.00364	0.00105	0.00444	0.00235	0.00172	0.00471
1	0.16510	0.01038	0.01092	0.10196	0.26721	0.21865	0.00814	0.06095	0.00912	0.03529	0.00705	0.00875	0.00568	0.00517	0.05291	0.00140	0.00510	0.00297	0.01834	0.00492
2	0.01184	0.00889	0.00967	0.00788	0.01029	0.00978	0.00632	0.55100	0.13852	0.02034	0.06677	0.11838	0.01150	0.00577	0.00398	0.00121	0.00359	0.00470	0.00379	0.00577
3	0.00485	0.00360	0.00455	0.00506	0.00566	0.00330	0.00364	0.00586	0.00825	0.01086	0.16063	0.48601	0.18981	0.01061	0.00474	0.00145	0.00219	0.08207	0.00363	0.00322
4	0.00491	0.00358	0.00465	0.00519	0.00572	0.00332	0.00372	0.00595	0.00830	0.01109	0.19968	0.51908	0.11141	0.01062	0.00476	0.00146	0.00221	0.08744	0.00366	0.00324
5	0.20389	0.00664	0.00811	0.00637	0.00918	0.00620	0.00526	0.01692	0.00992	0.66900	0.01290	0.01147	0.00826	0.00444	0.00350	0.00117	0.00316	0.00344	0.00419	0.00595
6	0.00621	0.00434	0.00540	0.02963	0.00690	0.00408	0.00422	0.02623	0.02550	0.06739	0.22143	0.17157	0.26706	0.00899	0.00457	0.00137	0.00243	0.13530	0.00371	0.00369
7	0.01123	0.54208	0.06137	0.00753	0.01050	0.18025	0.00703	0.01286	0.03309	0.06978	0.00647	0.00713	0.00540	0.00365	0.00311	0.00093	0.02830	0.00238	0.00198	0.00494
8	0.02881	0.00807	0.01044	0.03298	0.08426	0.03428	0.09086	0.18722	0.15079	0.06283	0.03700	0.13705	0.03195	0.00556	0.00407	0.00121	0.01551	0.00485	0.00317	0.06910

[dist]
# distance from previous block
# <min> <max>
0	9

[block]
# block no. 8 follows, 72 sequences, length 9
# corresponding to MSA columns:
# 943-951
name=unknown_I
#
# <colnr> <probs for GDERKNQSTAVLIFYWHMCP>
#	G	D	E	R	K	N	Q	S	T	A	V	L	I	F	Y	W	H	M	C	P
0	0.04758	0.31366	0.12623	0.07655	0.03257	0.08288	0.00747	0.03231	0.02526	0.03547	0.03468	0.09118	0.00837	0.00595	0.05051	0.00136	0.01755	0.00358	0.00217	0.00467
1	0.08462	0.00711	0.00753	0.03199	0.09320	0.10024	0.00549	0.08556	0.04513	0.02469	0.01460	0.18421	0.09658	0.10280	0.07008	0.00190	0.00411	0.03322	0.00284	0.00410
2	0.22781	0.05444	0.01174	0.08952	0.23426	0.10285	0.06098	0.03297	0.02006	0.01272	0.00665	0.00853	0.00547	0.00509	0.05014	0.00142	0.05226	0.00298	0.00205	0.01806
3	0.00889	0.05541	0.06478	0.07507	0.01058	0.01871	0.00633	0.10785	0.21297	0.06008	0.04144	0.04316	0.09626	0.04631	0.02385	0.00143	0.01938	0.04162	0.00311	0.06277
4	0.01012	0.00600	0.00774	0.05327	0.00937	0.00536	0.00514	0.01186	0.02414	0.27808	0.13264	0.01605	0.05640	0.02447	0.00436	0.00110	0.03472	0.03794	0.00340	0.27786
5	0.00878	0.00784	0.01277	0.19936	0.42992	0.00832	0.03420	0.04027	0.00880	0.04680	0.05336	0.01250	0.06474	0.00440	0.00435	0.00121	0.05102	0.00393	0.00225	0.00521
6	0.00659	0.00329	0.00494	0.00494	0.00494	0.00329	0.00329	0.00494	0.00494	0.00659	0.00659	0.01153	0.00659	0.01318	0.01482	0.88966	0.00329	0.00329	0.00165	0.00165
7	0.00639	0.00533	0.05148	0.04082	0.00756	0.00449	0.00463	0.05087	0.00987	0.05927	0.32853	0.07647	0.28742	0.00798	0.00438	0.00127	0.00248	0.04321	0.00366	0.00387
8	0.05911	0.00942	0.05372	0.05504	0.01146	0.00983	0.00689	0.43408	0.18193	0.03727	0.04113	0.01108	0.00856	0.00464	0.00367	0.00117	0.00374	0.00363	0.05787	0.00578

[dist]
# distance from previous block
# <min> <max>
2	7

[block]
# block no. 9 follows, 72 sequences, length 13
# corresponding to MSA columns:
# 959-971
name=unknown_J
#
# <colnr> <probs for GDERKNQSTAVLIFYWHMCP>
#	G	D	E	R	K	N	Q	S	T	A	V	L	I	F	Y	W	H	M	C	P
0	0.00894	0.00787	0.04117	0.00683	0.01023	0.00629	0.05239	0.09589	0.03134	0.04080	0.00754	0.00847	0.00596	0.00317	0.00310	0.00073	0.00328	0.00262	0.00249	0.66091
1	0.29226	0.00914	0.00860	0.00710	0.00950	0.09792	0.01909	0.29472	0.01131	0.09860	0.00851	0.02114	0.00657	0.03940	0.03353	0.00141	0.00410	0.00315	0.02887	0.00506
2	0.00659	0.00561	0.04273	0.00547	0.00701	0.02132	0.00436	0.00914	0.12321	0.06086	0.08501	0.18540	0.32532	0.01930	0.00446	0.00131	0.00255	0.02422	0.02022	0.04593
3	0.01009	0.00534	0.00646	0.00545	0.00752	0.00473	0.00432	0.01208	0.07079	0.34530	0.09909	0.02341	0.33715	0.00684	0.00409	0.00120	0.00255	0.00570	0.00402	0.04387
4	0.00726	0.00709	0.00623	0.00588	0.00705	0.19141	0.00441	0.00889	0.02720	0.01293	0.48026	0.06422	0.13319	0.00734	0.00426	0.00118	0.00300	0.02091	0.00355	0.00373
5	0.10636	0.03079	0.01036	0.00866	0.01103	0.44297	0.02379	0.14149	0.05118	0.12644	0.00803	0.00835	0.00600	0.00411	0.00344	0.00107	0.00528	0.00286	0.00274	0.00507
6	0.00533	0.00404	0.00488	0.00468	0.00567	0.00375	0.00347	0.00723	0.04902	0.01354	0.54718	0.05952	0.22779	0.04104	0.00503	0.00133	0.00197	0.00710	0.00391	0.00354
7	0.00551	0.00370	0.00424	0.00424	0.00427	0.00373	0.00242	0.00558	0.00554	0.00743	0.01186	0.02432	0.01357	0.82448	0.06124	0.00380	0.00400	0.00544	0.00228	0.00235
8	0.01001	0.82437	0.06334	0.00672	0.01008	0.01468	0.00688	0.01139	0.00772	0.00909	0.00535	0.00618	0.00486	0.00326	0.00249	0.00083	0.00414	0.00207	0.00162	0.00491
9	0.00503	0.00384	0.00461	0.00446	0.00547	0.00343	0.00333	0.00648	0.00987	0.01325	0.52645	0.06294	0.31995	0.00856	0.00449	0.00124	0.00185	0.00741	0.00392	0.00343
10	0.00530	0.00365	0.00448	0.00465	0.00483	0.00368	0.00292	0.00570	0.00621	0.00841	0.05402	0.20315	0.01674	0.53866	0.11830	0.00340	0.00407	0.00653	0.00262	0.00266
11	0.00894	0.00819	0.05213	0.07340	0.06226	0.07216	0.05409	0.11836	0.06519	0.05749	0.10959	0.08258	0.04163	0.04008	0.06828	0.01078	0.05222	0.01513	0.00289	0.00462
12	0.01041	0.49252	0.06391	0.03287	0.02300	0.13781	0.00716	0.04863	0.02849	0.01036	0.00605	0.00703	0.00519	0.00357	0.00319	0.00091	0.03506	0.00237	0.00188	0.07957

[dist]
# distance from previous block
# <min> <max>
1	17

[block]
# block no. 10 follows, 72 sequences, length 16
# corresponding to MSA columns:
# 989-1004
name=unknown_K
#
# <colnr> <probs for GDERKNQSTAVLIFYWHMCP>
#	G	D	E	R	K	N	Q	S	T	A	V	L	I	F	Y	W	H	M	C	P
0	0.26264	0.06922	0.06750	0.01714	0.03557	0.24283	0.02533	0.13542	0.01709	0.03312	0.02981	0.00825	0.00610	0.00468	0.02925	0.00125	0.00481	0.00278	0.00243	0.00481
1	0.03973	0.10815	0.44589	0.01050	0.03988	0.05531	0.08991	0.06147	0.04224	0.01256	0.00708	0.00824	0.00533	0.00368	0.00368	0.00114	0.02176	0.00294	0.00194	0.03857
2	0.00926	0.00913	0.00908	0.03409	0.12076	0.21782	0.00655	0.09174	0.02883	0.01138	0.02935	0.12415	0.01042	0.07520	0.13682	0.00215	0.04834	0.01546	0.01518	0.00430
3	0.00523	0.00389	0.00455	0.00449	0.00550	0.00346	0.00334	0.00646	0.00919	0.03079	0.32955	0.08534	0.39139	0.06054	0.00541	0.00143	0.00209	0.04028	0.00371	0.00336
