[name]
unknown

[dist]
# distance from previous block
# <min> <max>
0	34

[block]
# block no. 0 follows, 73 sequences, length 23
# corresponding to MSA columns:
# 41-63
name=unknown_A
#
# <colnr> <probs for GDERKNQSTAVLIFYWHMCP>
#	G	D	E	R	K	N	Q	S	T	A	V	L	I	F	Y	W	H	M	C	P
0	0.00819	0.01190	0.30940	0.05838	0.07034	0.04197	0.12907	0.02823	0.05350	0.04234	0.04398	0.07925	0.03473	0.00496	0.00406	0.00124	0.01652	0.03850	0.00234	0.02110
1	0.07003	0.22913	0.11946	0.06185	0.09883	0.08259	0.09141	0.09096	0.02436	0.05753	0.02409	0.00860	0.00611	0.00374	0.00346	0.00107	0.01646	0.00299	0.00220	0.00514
2	0.02821	0.06536	0.17744	0.04298	0.07586	0.07336	0.07080	0.06116	0.07949	0.05726	0.04558	0.03319	0.01718	0.07254	0.01243	0.00138	0.03297	0.00373	0.00243	0.04666
3	0.02331	0.00358	0.00449	0.00500	0.00556	0.00334	0.00348	0.00583	0.00770	0.02591	0.09158	0.58507	0.16311	0.01142	0.04056	0.00163	0.00246	0.00929	0.00347	0.00321
4	0.00649	0.00513	0.00626	0.01484	0.03266	0.03533	0.02209	0.01976	0.08136	0.04090	0.33555	0.23326	0.10834	0.00803	0.00434	0.00127	0.00250	0.01604	0.00362	0.02225
5	0.00886	0.02473	0.10590	0.01996	0.04062	0.06567	0.08133	0.05690	0.04399	0.04973	0.01814	0.05536	0.04285	0.00463	0.01410	0.00106	0.05406	0.00359	0.00243	0.30609
6	0.01002	0.07804	0.37557	0.02755	0.04281	0.10504	0.05109	0.06191	0.03927	0.11166	0.00831	0.02065	0.00621	0.00494	0.03956	0.00134	0.00525	0.00316	0.00227	0.00535
7	0.00533	0.00380	0.00470	0.00499	0.00575	0.00352	0.00357	0.00669	0.04078	0.04142	0.17407	0.45454	0.20427	0.00998	0.00458	0.00139	0.00213	0.02146	0.00366	0.00340
8	0.00900	0.00879	0.05392	0.05432	0.01074	0.10766	0.06493	0.17032	0.05144	0.02075	0.01161	0.16063	0.04046	0.06414	0.06974	0.00179	0.08763	0.00496	0.00270	0.00445
9	0.00889	0.15247	0.01907	0.03141	0.04305	0.01075	0.47995	0.01120	0.00797	0.01083	0.00661	0.00901	0.00538	0.00389	0.00568	0.00126	0.18221	0.00373	0.00179	0.00483
10	0.00631	0.00338	0.00501	0.00501	0.00511	0.00347	0.00342	0.00516	0.00507	0.00685	0.00721	0.01238	0.00719	0.04879	0.13094	0.73341	0.00421	0.00345	0.00171	0.00189
11	0.10351	0.00785	0.00904	0.00706	0.00983	0.00799	0.00581	0.31116	0.02853	0.40799	0.01162	0.01082	0.00777	0.00447	0.00356	0.00114	0.00342	0.00345	0.04897	0.00599
12	0.00459	0.00331	0.00431	0.00511	0.00537	0.00307	0.00340	0.00524	0.00720	0.00953	0.02132	0.79017	0.06952	0.04198	0.00528	0.00158	0.00221	0.01033	0.00344	0.00303
13	0.16342	0.00815	0.00872	0.00708	0.00962	0.00881	0.00575	0.31261	0.16822	0.18886	0.03625	0.01101	0.00856	0.00456	0.00350	0.00116	0.00334	0.00350	0.04121	0.00569
14	0.01327	0.01627	0.01124	0.01038	0.04675	0.70770	0.03524	0.01436	0.01012	0.02779	0.00604	0.00722	0.00501	0.00404	0.00411	0.00104	0.07036	0.00262	0.00197	0.00447
15	0.89465	0.00726	0.00551	0.00493	0.00726	0.00842	0.00406	0.01103	0.00638	0.01683	0.00522	0.00609	0.00406	0.00348	0.00232	0.00116	0.00290	0.00203	0.00232	0.00406
16	0.02829	0.00341	0.00438	0.00514	0.00548	0.00321	0.00347	0.00545	0.00733	0.00997	0.04791	0.78048	0.05905	0.01131	0.00470	0.00149	0.00217	0.01019	0.00347	0.00310
17	0.00771	0.02596	0.00634	0.00551	0.00697	0.00514	0.00429	0.02393	0.14966	0.12202	0.37814	0.05806	0.11332	0.00700	0.00414	0.00121	0.00233	0.03251	0.04143	0.00432
18	0.00567	0.00413	0.00556	0.00625	0.00711	0.00402	0.00528	0.00721	0.00860	0.01113	0.06373	0.11399	0.12728	0.01024	0.00501	0.00162	0.00306	0.60321	0.00349	0.00339
19	0.00599	0.00434	0.00660	0.07100	0.00831	0.00486	0.02102	0.00734	0.00655	0.04802	0.01141	0.12681	0.01111	0.04211	0.60105	0.00470	0.00808	0.00488	0.00231	0.00352
20	0.00892	0.09211	0.01015	0.00794	0.09771	0.00703	0.01601	0.06732	0.03805	0.04092	0.00757	0.02388	0.00627	0.00331	0.00304	0.00075	0.00322	0.00270	0.00239	0.56071
21	0.00840	0.08581	0.03721	0.01757	0.06498	0.00691	0.02698	0.05764	0.05346	0.02250	0.04879	0.01045	0.04281	0.00367	0.00316	0.00080	0.00322	0.00302	0.00245	0.50019
22	0.11324	0.15456	0.08410	0.00874	0.04082	0.32938	0.02224	0.01359	0.08723	0.05189	0.00777	0.04542	0.00651	0.00419	0.00338	0.00106	0.01584	0.00302	0.00226	0.00476

[dist]
# distance from previous block
# <min> <max>
2	7

[block]
# block no. 1 follows, 73 sequences, length 38
# corresponding to MSA columns:
# 71-108
name=unknown_B
#
# <colnr> <probs for GDERKNQSTAVLIFYWHMCP>
#	G	D	E	R	K	N	Q	S	T	A	V	L	I	F	Y	W	H	M	C	P
0	0.01915	0.02471	0.10905	0.04128	0.04299	0.05820	0.27623	0.17975	0.08102	0.05643	0.02315	0.02899	0.00721	0.00416	0.00419	0.00121	0.03044	0.00387	0.00260	0.00537
1	0.05014	0.00682	0.00829	0.00656	0.00924	0.00644	0.00532	0.07185	0.14032	0.45298	0.04747	0.01241	0.00980	0.00452	0.00358	0.00109	0.00305	0.00365	0.02863	0.12783
2	0.03008	0.02308	0.03396	0.02128	0.00989	0.19019	0.03086	0.11834	0.10771	0.13419	0.17628	0.05790	0.01383	0.00539	0.00382	0.00115	0.00390	0.01246	0.02080	0.00489
3	0.00812	0.00666	0.00714	0.00646	0.00773	0.10289	0.00503	0.01836	0.04896	0.09444	0.24842	0.09218	0.09749	0.00795	0.04428	0.00146	0.11293	0.03532	0.00325	0.05094
4	0.01493	0.00623	0.00825	0.00651	0.00911	0.00557	0.00530	0.04352	0.03973	0.68208	0.07591	0.03991	0.03486	0.00522	0.00387	0.00118	0.00305	0.00432	0.00448	0.00597
5	0.00822	0.00704	0.00791	0.00579	0.00902	0.02884	0.00462	0.01029	0.04740	0.03045	0.00723	0.00816	0.00590	0.00296	0.00287	0.00061	0.00291	0.00236	0.00234	0.80508
6	0.00594	0.00475	0.00543	0.00531	0.00651	0.00474	0.00405	0.00929	0.19354	0.01274	0.25348	0.10433	0.27514	0.02228	0.00463	0.00135	0.00229	0.07662	0.00372	0.00389
7	0.00951	0.00815	0.00858	0.00767	0.00982	0.00941	0.00598	0.04929	0.80832	0.01598	0.01504	0.01382	0.01127	0.00507	0.00382	0.00127	0.00301	0.00421	0.00382	0.00595
8	0.00518	0.00374	0.00475	0.00526	0.00581	0.00357	0.00369	0.00659	0.05501	0.02322	0.11835	0.59673	0.08619	0.02528	0.00491	0.00149	0.00224	0.04109	0.00357	0.00333
9	0.00559	0.00409	0.00544	0.03517	0.00616	0.00456	0.00379	0.00626	0.00577	0.00801	0.01063	0.01936	0.01124	0.46018	0.35704	0.00444	0.04259	0.00471	0.00212	0.00285
10	0.00778	0.00667	0.00778	0.00556	0.00889	0.00500	0.00445	0.00945	0.00778	0.01223	0.00667	0.00778	0.00556	0.00278	0.00278	0.00056	0.00278	0.00222	0.00222	0.89108
11	0.00972	0.00825	0.00870	0.00771	0.00990	0.00951	0.00603	0.08321	0.77407	0.01631	0.01478	0.01361	0.01106	0.00504	0.00381	0.00126	0.00306	0.00417	0.00381	0.00597
12	0.00756	0.00650	0.00771	0.00608	0.03795	0.00503	0.00459	0.00929	0.01840	0.01207	0.00912	0.03101	0.05908	0.00348	0.00298	0.00065	0.00277	0.00286	0.00234	0.77053
13	0.00510	0.00366	0.00424	0.00439	0.00480	0.00349	0.00286	0.00560	0.00681	0.00884	0.05919	0.16059	0.20183	0.44599	0.03195	0.00264	0.00307	0.03935	0.00286	0.00273
14	0.00835	0.00678	0.00798	0.02305	0.00932	0.00537	0.00472	0.05021	0.00836	0.04310	0.00737	0.02584	0.00612	0.00314	0.00292	0.00064	0.00289	0.00253	0.00240	0.77890
15	0.00846	0.00789	0.02190	0.44695	0.33108	0.01802	0.02086	0.03000	0.00826	0.03529	0.00744	0.01001	0.01529	0.00375	0.00390	0.00120	0.01945	0.00340	0.00190	0.00497
16	0.03654	0.10488	0.09989	0.02970	0.22474	0.06442	0.05301	0.16960	0.06749	0.07337	0.02695	0.00952	0.00689	0.00395	0.00365	0.00111	0.01287	0.00327	0.00256	0.00558
17	0.03847	0.02507	0.02986	0.00788	0.01044	0.04099	0.09016	0.26746	0.01188	0.22906	0.04294	0.06295	0.00966	0.00494	0.00373	0.00115	0.00375	0.01822	0.09601	0.00539
18	0.00543	0.00368	0.00433	0.00436	0.00446	0.00372	0.00262	0.00564	0.00575	0.00773	0.03273	0.04926	0.01431	0.73318	0.08892	0.00368	0.00409	0.02133	0.00236	0.00244
19	0.00865	0.16806	0.43538	0.01044	0.04493	0.05716	0.10638	0.01190	0.03003	0.02736	0.00766	0.03271	0.01376	0.01781	0.00383	0.00117	0.01253	0.00321	0.00186	0.00517
20	0.02128	0.12920	0.10531	0.10579	0.18375	0.08973	0.09757	0.07079	0.04712	0.07720	0.00770	0.00901	0.00591	0.00379	0.00382	0.00112	0.03021	0.00318	0.00222	0.00529
21	0.05029	0.00672	0.00872	0.00673	0.00957	0.00612	0.00555	0.09023	0.01118	0.72115	0.03448	0.01256	0.00947	0.00466	0.00373	0.00116	0.00323	0.00375	0.00446	0.00622
22	0.00544	0.00480	0.01891	0.00669	0.06115	0.00425	0.07019	0.00687	0.00879	0.01153	0.21873	0.17112	0.34606	0.00871	0.01447	0.00135	0.00263	0.03138	0.00336	0.00361
23	0.03855	0.20612	0.13139	0.06186	0.04395	0.06177	0.02919	0.11958	0.03434	0.16390	0.02319	0.04138	0.00815	0.00476	0.00374	0.00122	0.00446	0.01386	0.00293	0.00565
24	0.00549	0.00394	0.00490	0.00474	0.00569	0.00360	0.00352	0.02286	0.00988	0.03325	0.53637	0.14846	0.18636	0.00847	0.00445	0.00124	0.00193	0.00742	0.00392	0.00352
25	0.00936	0.01011	0.03532	0.01509	0.01885	0.00934	0.75514	0.03469	0.00917	0.05233	0.00796	0.01018	0.00587	0.00328	0.00436	0.00125	0.00610	0.00434	0.00207	0.00517
26	0.00844	0.00866	0.07648	0.06359	0.30579	0.00808	0.07346	0.02254	0.20141	0.01294	0.03655	0.07181	0.00942	0.00452	0.00380	0.00117	0.00395	0.00416	0.02890	0.05432
27	0.05644	0.03631	0.03185	0.00728	0.03966	0.00640	0.04725	0.07548	0.06963	0.16259	0.09634	0.17483	0.06376	0.00658	0.01775	0.00127	0.01705	0.00532	0.00332	0.08089
28	0.00541	0.00382	0.00504	0.00504	0.00537	0.00415	0.00345	0.00606	0.00574	0.00798	0.01095	0.01975	0.01156	0.45737	0.42703	0.00481	0.00677	0.00475	0.00214	0.00280
29	0.03535	0.01746	0.01052	0.00955	0.01146	0.81846	0.00719	0.01479	0.01045	0.00937	0.00577	0.00677	0.00482	0.00390	0.00351	0.00098	0.02096	0.00242	0.00194	0.00434
30	0.01733	0.01565	0.55009	0.02161	0.14805	0.00889	0.04481	0.06610	0.04315	0.03829	0.00755	0.00870	0.00550	0.00367	0.00364	0.00118	0.00510	0.00306	0.00198	0.00566
31	0.00458	0.00329	0.00436	0.00519	0.00544	0.00306	0.00347	0.00526	0.00727	0.00969	0.03720	0.83475	0.03925	0.01163	0.00478	0.00151	0.00216	0.01054	0.00350	0.00306
32	0.00536	0.00402	0.00603	0.00603	0.00670	0.00469	0.00469	0.00670	0.00603	0.00871	0.01005	0.01474	0.00938	0.02814	0.85328	0.00603	0.01005	0.00402	0.00201	0.00335
33	0.04376	0.00632	0.00809	0.00682	0.03808	0.00583	0.00528	0.08201	0.01994	0.54171	0.05335	0.01593	0.10847	0.03094	0.00427	0.00124	0.00308	0.00434	0.01493	0.00562
34	0.04103	0.04170	0.02619	0.12780	0.23189	0.25825	0.04994	0.08298	0.04173	0.01207	0.02174	0.00889	0.00609	0.00389	0.00384	0.00111	0.03060	0.00312	0.00213	0.00502
35	0.00513	0.00387	0.00442	0.00428	0.00541	0.00337	0.00321	0.00639	0.00932	0.03682	0.33291	0.06630	0.48758	0.00877	0.00443	0.00124	0.00190	0.00749	0.00376	0.00340
36	0.01102	0.00657	0.00774	0.00639	0.00850	0.00654	0.00510	0.24087	0.05147	0.24622	0.18931	0.06214	0.12926	0.00629	0.00405	0.00119	0.00292	0.00524	0.00403	0.00516
37	0.01010	0.04147	0.01319	0.06917	0.03162	0.03295	0.23934	0.20297	0.12823	0.05319	0.01130	0.06929	0.03925	0.00474	0.00395	0.00120	0.00438	0.00440	0.03404	0.00522

[dist]
# distance from previous block
# <min> <max>
1	7

[block]
# block no. 2 follows, 73 sequences, length 10
# corresponding to MSA columns:
# 116-125
name=unknown_C
#
# <colnr> <probs for GDERKNQSTAVLIFYWHMCP>
#	G	D	E	R	K	N	Q	S	T	A	V	L	I	F	Y	W	H	M	C	P
0	0.10708	0.08538	0.18585	0.01090	0.14795	0.13330	0.03114	0.09740	0.03082	0.04768	0.01986	0.02247	0.00626	0.00397	0.00366	0.00111	0.03052	0.00304	0.00227	0.02934
1	0.00630	0.00336	0.00485	0.00485	0.00489	0.00340	0.00321	0.00508	0.00504	0.00675	0.00746	0.01341	0.00767	0.13142	0.06620	0.71523	0.00372	0.00361	0.00174	0.00182
2	0.00461	0.00331	0.00431	0.00509	0.00535	0.00309	0.00338	0.00525	0.00715	0.00947	0.02102	0.77718	0.06414	0.06053	0.00559	0.00163	0.00225	0.01023	0.00341	0.00301
3	0.03870	0.07085	0.05126	0.01809	0.00929	0.02327	0.00599	0.24865	0.08261	0.04159	0.07125	0.14410	0.06161	0.02313	0.03673	0.00146	0.04143	0.02200	0.00319	0.00479
4	0.10663	0.12859	0.16207	0.05765	0.18267	0.06090	0.04790	0.10816	0.03650	0.03980	0.00719	0.00837	0.00556	0.00370	0.00349	0.00110	0.01636	0.00294	0.00220	0.01823
5	0.00670	0.00927	0.24215	0.04457	0.02507	0.02138	0.00718	0.03787	0.04585	0.02307	0.14191	0.05884	0.27142	0.00664	0.00442	0.00124	0.03974	0.00548	0.00287	0.00432
6	0.00679	0.00520	0.00586	0.00566	0.00696	0.00525	0.00428	0.09894	0.15195	0.03158	0.05942	0.26207	0.28203	0.00868	0.00438	0.00134	0.00251	0.04939	0.00362	0.00407
7	0.04395	0.10340	0.29330	0.01186	0.18373	0.03632	0.02742	0.12181	0.05480	0.06177	0.02220	0.00904	0.00637	0.00382	0.00350	0.00112	0.00458	0.00309	0.00232	0.00559
8	0.02870	0.15810	0.22013	0.01257	0.23226	0.03746	0.04554	0.10657	0.02329	0.05874	0.00817	0.02397	0.02055	0.00388	0.00349	0.00110	0.00456	0.00321	0.00222	0.00550
9	0.00510	0.00353	0.00454	0.00514	0.00552	0.00333	0.00346	0.00599	0.02636	0.03154	0.04922	0.68347	0.06062	0.08601	0.00596	0.00167	0.00232	0.00962	0.00344	0.00316

[dist]
# distance from previous block
# <min> <max>
3	5

[block]
# block no. 3 follows, 73 sequences, length 13
# corresponding to MSA columns:
# 131-143
name=unknown_D
#
# <colnr> <probs for GDERKNQSTAVLIFYWHMCP>
#	G	D	E	R	K	N	Q	S	T	A	V	L	I	F	Y	W	H	M	C	P
0	0.07091	0.47017	0.20923	0.00767	0.01116	0.05107	0.00805	0.04187	0.03721	0.01096	0.00610	0.00699	0.00506	0.00355	0.00312	0.00097	0.03058	0.00238	0.00183	0.02112
1	0.00546	0.00364	0.00409	0.00409	0.00409	0.00364	0.00227	0.00546	0.00546	0.00727	0.01182	0.02455	0.01364	0.86815	0.01910	0.00364	0.00364	0.00546	0.00227	0.00227
2	0.00932	0.00792	0.00844	0.00763	0.00970	0.00910	0.00599	0.05204	0.75095	0.01573	0.01531	0.01563	0.01190	0.00541	0.00390	0.00130	0.00305	0.05709	0.00379	0.00580
3	0.76028	0.00748	0.00639	0.00589	0.03640	0.00849	0.00460	0.06470	0.00742	0.06147	0.00604	0.00675	0.00456	0.00361	0.00254	0.00116	0.00305	0.00226	0.00252	0.00440
4	0.00881	0.06474	0.04533	0.18873	0.54231	0.00921	0.03853	0.01140	0.03362	0.01158	0.00712	0.00934	0.00580	0.00347	0.00366	0.00113	0.00459	0.00330	0.00185	0.00547
5	0.00457	0.00326	0.00435	0.00522	0.00544	0.00305	0.00348	0.00522	0.00718	0.00958	0.02068	0.86570	0.02481	0.01175	0.00479	0.00152	0.00218	0.01067	0.00348	0.00305
6	0.00585	0.00355	0.00488	0.00490	0.00512	0.00366	0.00332	0.00546	0.00553	0.00745	0.01060	0.03714	0.05399	0.22253	0.20029	0.41231	0.00475	0.00438	0.00201	0.00228
7	0.04052	0.17389	0.26011	0.01133	0.12033	0.14452	0.05356	0.05915	0.04735	0.04201	0.00766	0.00884	0.00601	0.00400	0.00360	0.00117	0.00515	0.00302	0.00223	0.00555
8	0.00617	0.00453	0.00534	0.00547	0.00644	0.00449	0.00406	0.05394	0.10607	0.02755	0.08338	0.37984	0.17008	0.00922	0.00442	0.00137	0.00239	0.07147	0.04999	0.00375
9	0.00619	0.00480	0.00739	0.00683	0.00765	0.00556	0.04885	0.00752	0.00628	0.03626	0.00968	0.01431	0.00897	0.06639	0.65882	0.00508	0.08977	0.00404	0.00207	0.00356
10	0.00716	0.00701	0.03249	0.04151	0.21282	0.03964	0.14022	0.00908	0.02565	0.01119	0.04950	0.33376	0.03040	0.00690	0.00423	0.00129	0.00375	0.00649	0.03257	0.00433
11	0.00920	0.04095	0.16042	0.15288	0.37991	0.02123	0.04188	0.02489	0.02194	0.07338	0.00801	0.03455	0.00641	0.00383	0.00371	0.00116	0.00464	0.00348	0.00209	0.00544
12	0.01199	0.00622	0.00781	0.02864	0.00896	0.00606	0.00522	0.13621	0.05942	0.38263	0.12460	0.08362	0.04425	0.02053	0.02614	0.00136	0.00319	0.00486	0.03299	0.00530

[dist]
# distance from previous block
# <min> <max>
1	10

[block]
# block no. 4 follows, 73 sequences, length 18
# corresponding to MSA columns:
# 154-171
name=unknown_E
#
# <colnr> <probs for GDERKNQSTAVLIFYWHMCP>
#	G	D	E	R	K	N	Q	S	T	A	V	L	I	F	Y	W	H	M	C	P
0	0.00667	0.00569	0.00741	0.01996	0.11501	0.01629	0.04273	0.08135	0.02023	0.01228	0.09571	0.10686	0.36446	0.00773	0.01476	0.00128	0.00293	0.02345	0.01875	0.03642
1	0.00845	0.00677	0.00895	0.01006	0.21001	0.00671	0.00627	0.10694	0.11241	0.03798	0.17046	0.06435	0.05945	0.02055	0.00408	0.00114	0.00308	0.00469	0.03276	0.12491
2	0.00886	0.01012	0.02214	0.01581	0.01961	0.00949	0.83112	0.01202	0.00886	0.01202	0.00759	0.01012	0.00569	0.00316	0.00443	0.00127	0.00633	0.00443	0.00190	0.00506
3	0.00999	0.09348	0.02291	0.05953	0.15678	0.12561	0.00708	0.04816	0.05724	0.06002	0.00751	0.00857	0.00599	0.00353	0.00339	0.00091	0.01979	0.00277	0.00231	0.30442
4	0.00509	0.00388	0.00522	0.00628	0.06807	0.00363	0.00402	0.00607	0.00798	0.01067	0.15131	0.51160	0.13267	0.04094	0.00513	0.00149	0.00233	0.02687	0.00342	0.00334
5	0.07142	0.00997	0.07887	0.09235	0.08055	0.02819	0.02748	0.34140	0.13191	0.08622	0.00946	0.00985	0.00684	0.00424	0.00366	0.00117	0.00414	0.00339	0.00312	0.00577
6	0.04540	0.00351	0.00452	0.00528	0.00564	0.00339	0.00363	0.00565	0.00724	0.01006	0.03659	0.75994	0.02362	0.01161	0.02371	0.00161	0.00242	0.03963	0.00341	0.00313
7	0.82740	0.00719	0.00576	0.00507	0.00743	0.00819	0.00417	0.01158	0.00672	0.08046	0.00596	0.00661	0.00446	0.00357	0.00243	0.00116	0.00292	0.00216	0.00250	0.00424
8	0.00472	0.00359	0.00434	0.00462	0.00536	0.00322	0.00329	0.00577	0.00854	0.01121	0.24329	0.36891	0.29972	0.00993	0.00457	0.00135	0.00198	0.00873	0.00365	0.00322
9	0.00565	0.00380	0.00433	0.00429	0.00440	0.00384	0.00251	0.00605	0.03765	0.00786	0.04341	0.02368	0.01406	0.76299	0.01775	0.04406	0.00352	0.00536	0.00237	0.00243
10	0.00709	0.00667	0.01125	0.85913	0.02584	0.00834	0.01042	0.00959	0.00750	0.00959	0.00667	0.01000	0.00500	0.00375	0.00375	0.00125	0.00500	0.00333	0.00167	0.00417
11	0.01423	0.01141	0.01118	0.00876	0.01163	0.11425	0.00715	0.73257	0.01679	0.02188	0.00862	0.00873	0.00619	0.00443	0.00371	0.00111	0.00445	0.00326	0.00353	0.00613
12	0.01003	0.87041	0.01966	0.00642	0.00963	0.01485	0.00642	0.01123	0.00762	0.00883	0.00522	0.00602	0.00481	0.00321	0.00241	0.00080	0.00401	0.00201	0.00160	0.00481
13	0.00537	0.00397	0.00579	0.00579	0.00638	0.00456	0.00439	0.00655	0.00596	0.00853	0.01027	0.01594	0.00990	0.13057	0.75156	0.00574	0.00927	0.00419	0.00204	0.00322
14	0.00519	0.00375	0.00500	0.00578	0.00634	0.00359	0.00446	0.00629	0.00785	0.01024	0.02148	0.44272	0.08668	0.03140	0.00526	0.00164	0.00272	0.34297	0.00344	0.00321
15	0.00484	0.00368	0.00458	0.00475	0.00553	0.00342	0.00345	0.00599	0.00846	0.01123	0.26401	0.27297	0.27054	0.01184	0.10525	0.00188	0.00291	0.00793	0.00350	0.00326
16	0.01035	0.54541	0.01634	0.00763	0.01001	0.15622	0.00688	0.01169	0.02893	0.00910	0.00552	0.00675	0.00501	0.00399	0.00443	0.00100	0.16203	0.00237	0.00172	0.00463
17	0.08287	0.03705	0.17860	0.01206	0.17988	0.05331	0.09839	0.10052	0.03408	0.07681	0.02512	0.02636	0.02171	0.00422	0.00413	0.00118	0.05247	0.00350	0.00241	0.00532

[dist]
# distance from previous block
# <min> <max>
0	10

[block]
# block no. 5 follows, 73 sequences, length 34
# corresponding to MSA columns:
# 182-215
name=unknown_F
#
# <colnr> <probs for GDERKNQSTAVLIFYWHMCP>
#	G	D	E	R	K	N	Q	S	T	A	V	L	I	F	Y	W	H	M	C	P
0	0.04802	0.07900	0.05157	0.03825	0.03119	0.23751	0.02913	0.05364	0.02808	0.05003	0.01990	0.08280	0.00784	0.00533	0.02905	0.00120	0.05397	0.00354	0.03554	0.11441
1	0.03837	0.03767	0.19205	0.02189	0.03958	0.00899	0.26455	0.15915	0.03808	0.05157	0.00899	0.05140	0.00719	0.00516	0.03782	0.00140	0.00512	0.01333	0.01242	0.00526
2	0.00535	0.00397	0.00438	0.00425	0.00552	0.00338	0.00319	0.00642	0.00879	0.05877	0.13610	0.10992	0.59801	0.00904	0.00439	0.00126	0.00200	0.00766	0.00360	0.02400
3	0.00916	0.00878	0.01499	0.07232	0.79647	0.00888	0.01145	0.01140	0.00848	0.01210	0.00703	0.00933	0.00589	0.00337	0.00372	0.00112	0.00449	0.00334	0.00185	0.00584
4	0.00875	0.01087	0.08849	0.01540	0.01934	0.00943	0.76552	0.01201	0.00878	0.01201	0.00752	0.00994	0.00562	0.00319	0.00436	0.00126	0.00626	0.00429	0.00187	0.00510
5	0.00508	0.00383	0.00469	0.00448	0.00546	0.00344	0.00336	0.00663	0.01007	0.01374	0.62918	0.03017	0.24980	0.00816	0.00443	0.00120	0.00180	0.00709	0.00396	0.00344
6	0.00752	0.01941	0.84871	0.01069	0.01624	0.00871	0.01386	0.01188	0.00792	0.01188	0.00673	0.00792	0.00475	0.00356	0.00356	0.00119	0.00554	0.00277	0.00158	0.00554
7	0.00540	0.00362	0.00415	0.00420	0.00422	0.00362	0.00239	0.00547	0.00557	0.00744	0.01231	0.07394	0.01421	0.80093	0.03487	0.00356	0.00368	0.00573	0.00234	0.00234
8	0.01401	0.01788	0.01063	0.00967	0.01160	0.85309	0.00725	0.01498	0.01063	0.00918	0.00580	0.00677	0.00483	0.00387	0.00338	0.00097	0.00677	0.00242	0.00193	0.00435
9	0.00933	0.00806	0.00848	0.00764	0.00976	0.00933	0.00594	0.01994	0.83797	0.01569	0.01527	0.01400	0.01145	0.00509	0.00382	0.00127	0.00297	0.00424	0.00382	0.00594
10	0.00507	0.00383	0.00468	0.00447	0.00546	0.00344	0.00335	0.00662	0.01005	0.01370	0.62231	0.03024	0.25669	0.00817	0.00443	0.00120	0.00181	0.00710	0.00395	0.00344
11	0.01426	0.01051	0.01126	0.00863	0.01163	0.01163	0.00713	0.83224	0.01764	0.02364	0.00901	0.00901	0.00638	0.00450	0.00375	0.00113	0.00413	0.00338	0.00375	0.00638
12	0.00593	0.00398	0.00515	0.00477	0.00580	0.00363	0.00361	0.00763	0.01049	0.06378	0.74024	0.02766	0.08778	0.00761	0.00439	0.00118	0.00186	0.00668	0.00412	0.00368
13	0.01426	0.01051	0.01126	0.00863	0.01163	0.01163	0.00713	0.83224	0.01764	0.02364	0.00901	0.00901	0.00638	0.00450	0.00375	0.00113	0.00413	0.00338	0.00375	0.00638
14	0.00546	0.00364	0.00409	0.00409	0.00409	0.00364	0.00227	0.00546	0.00546	0.00727	0.01182	0.02455	0.01364	0.86815	0.01910	0.00364	0.00364	0.00546	0.00227	0.00227
15	0.71834	0.00710	0.00607	0.00525	0.00762	0.00794	0.00431	0.03560	0.00741	0.12925	0.02344	0.00765	0.00555	0.00377	0.00261	0.00116	0.00294	0.00242	0.01716	0.00442
16	0.77023	0.00713	0.00597	0.00518	0.00758	0.00801	0.00427	0.01206	0.00700	0.13455	0.00658	0.00704	0.00480	0.00365	0.00253	0.00116	0.00294	0.00228	0.00265	0.00439
17	0.00490	0.00349	0.00452	0.00523	0.00551	0.00332	0.00349	0.02750	0.00734	0.00979	0.01972	0.78118	0.02350	0.07413	0.00581	0.00167	0.00234	0.01009	0.00340	0.00308
18	0.01415	0.01026	0.01105	0.00852	0.01148	0.01132	0.00702	0.76969	0.05151	0.05243	0.00947	0.00935	0.00669	0.00453	0.00376	0.00113	0.00405	0.00343	0.00379	0.00636
19	0.06274	0.00954	0.03308	0.00788	0.01046	0.04966	0.00644	0.30538	0.38320	0.01789	0.01127	0.01094	0.00839	0.00486	0.01430	0.00122	0.00371	0.00357	0.00345	0.05202
20	0.00890	0.00849	0.01444	0.09742	0.73767	0.00863	0.01110	0.01109	0.00839	0.01191	0.00757	0.04355	0.00661	0.00372	0.00376	0.00114	0.00441	0.00363	0.00190	0.00567
21	0.00616	0.00414	0.00521	0.00481	0.00594	0.00379	0.00365	0.00803	0.03260	0.07742	0.64036	0.02767	0.15061	0.00764	0.00436	0.00119	0.00193	0.00665	0.00407	0.00377
22	0.47332	0.03577	0.00765	0.00597	0.00855	0.01766	0.00494	0.13711	0.00923	0.19987	0.00813	0.00826	0.00579	0.00388	0.00290	0.00111	0.00320	0.00266	0.02363	0.04036
23	0.00961	0.12032	0.27194	0.04898	0.06431	0.00953	0.25871	0.04512	0.00884	0.10189	0.00775	0.00909	0.00568	0.00359	0.00387	0.00116	0.01874	0.00338	0.00212	0.00537
24	0.00574	0.00360	0.00476	0.00528	0.00581	0.00336	0.00372	0.00665	0.00781	0.07130	0.07945	0.64957	0.02339	0.01043	0.00458	0.00144	0.00226	0.05167	0.05581	0.00337
25	0.00824	0.00829	0.01196	0.01011	0.01028	0.01140	0.04419	0.00916	0.00588	0.00916	0.00504	0.00829	0.00496	0.00642	0.01197	0.00163	0.82390	0.00333	0.00165	0.00415
26	0.01094	0.02626	0.07200	0.15756	0.10059	0.18952	0.10151	0.16203	0.06690	0.04661	0.00791	0.00920	0.00598	0.00397	0.00389	0.00115	0.02308	0.00329	0.00241	0.00521
27	0.00558	0.00408	0.00543	0.00537	0.00579	0.00455	0.00381	0.00662	0.02980	0.00833	0.01081	0.01861	0.01109	0.37361	0.46411	0.00480	0.02785	0.00460	0.00216	0.00300
28	0.00457	0.00326	0.00435	0.00522	0.00544	0.00305	0.00348	0.00522	0.00718	0.00958	0.02068	0.86570	0.02481	0.01175	0.00479	0.00152	0.00218	0.01067	0.00348	0.00305
29	0.04819	0.03985	0.01052	0.05928	0.02312	0.61872	0.00712	0.05635	0.01027	0.02972	0.00692	0.00817	0.02062	0.02390	0.00392	0.00108	0.02298	0.00273	0.00211	0.00444
30	0.05146	0.16495	0.12708	0.04709	0.20958	0.08015	0.05108	0.08998	0.00924	0.06139	0.01742	0.02058	0.00634	0.00395	0.00376	0.00111	0.03487	0.01253	0.00220	0.00525
31	0.02142	0.00888	0.00994	0.02271	0.09590	0.05846	0.00676	0.35118	0.11762	0.09531	0.03523	0.04113	0.05650	0.01760	0.01213	0.00126	0.02516	0.01387	0.00339	0.00555
32	0.76449	0.04150	0.00646	0.00532	0.00762	0.03623	0.00439	0.04002	0.00696	0.01618	0.00557	0.00656	0.00441	0.00451	0.03639	0.00133	0.00340	0.00217	0.00232	0.00416
33	0.00950	0.02765	0.01050	0.07507	0.18422	0.03206	0.06689	0.04495	0.02245	0.16913	0.02318	0.13341	0.01065	0.05248	0.08429	0.00181	0.02248	0.02167	0.00281	0.00480

[dist]
# distance from previous block
# <min> <max>
4	15

[block]
# block no. 6 follows, 73 sequences, length 25
# corresponding to MSA columns:
# 231-255
name=unknown_G
#
# <colnr> <probs for GDERKNQSTAVLIFYWHMCP>
#	G	D	E	R	K	N	Q	S	T	A	V	L	I	F	Y	W	H	M	C	P
0	0.08653	0.16839	0.14173	0.07019	0.07700	0.04297	0.10260	0.05061	0.01956	0.04002	0.00943	0.08661	0.03907	0.00539	0.03230	0.00131	0.01542	0.00386	0.00223	0.00478
1	0.00885	0.19052	0.50224	0.00958	0.02501	0.05678	0.02192	0.05553	0.01561	0.02311	0.01891	0.01994	0.00578	0.00410	0.01406	0.00117	0.01688	0.00287	0.00186	0.00528
2	0.00494	0.00392	0.00484	0.00486	0.00586	0.00348	0.02140	0.00611	0.00866	0.01122	0.20446	0.23622	0.37588	0.00941	0.00453	0.00132	0.00216	0.06194	0.00356	0.02521
3	0.00810	0.00671	0.00796	0.00600	0.02182	0.00534	0.00470	0.02989	0.00814	0.03489	0.02554	0.00901	0.02379	0.00323	0.00317	0.00065	0.02597	0.00256	0.00237	0.77017
4	0.00607	0.05073	0.00610	0.04710	0.00702	0.03550	0.00406	0.00758	0.00972	0.03717	0.48456	0.04494	0.23040	0.00755	0.00424	0.00118	0.00232	0.00648	0.00363	0.00365
5	0.01397	0.01121	0.01105	0.00863	0.01152	0.10885	0.00704	0.70411	0.01643	0.02150	0.00854	0.00870	0.00617	0.00436	0.00367	0.00108	0.00438	0.00322	0.00348	0.04210
6	0.00982	0.18493	0.22734	0.00929	0.06330	0.09085	0.03434	0.03866	0.13802	0.06377	0.00846	0.00942	0.00661	0.03295	0.00388	0.00114	0.00446	0.00303	0.00232	0.06742
7	0.01412	0.00991	0.01082	0.00827	0.01129	0.01069	0.00683	0.70965	0.01643	0.09870	0.00940	0.00928	0.00660	0.00442	0.00370	0.00110	0.00396	0.00335	0.00375	0.05774
8	0.04737	0.03849	0.00719	0.00582	0.00770	0.00585	0.00461	0.11905	0.04229	0.23846	0.12254	0.14017	0.17648	0.00688	0.00400	0.00122	0.00273	0.00576	0.01870	0.00470
9	0.00971	0.08512	0.11931	0.04443	0.07058	0.07350	0.13337	0.07609	0.01819	0.11463	0.11774	0.03743	0.01982	0.03979	0.02270	0.00135	0.00449	0.00412	0.00270	0.00492
10	0.10945	0.08695	0.15101	0.00940	0.13272	0.03977	0.01766	0.05998	0.05245	0.02142	0.01064	0.19920	0.01049	0.06346	0.00467	0.00137	0.00382	0.00477	0.01618	0.00459
11	0.00468	0.00347	0.00432	0.00495	0.00543	0.00319	0.00343	0.00543	0.00748	0.00967	0.02396	0.58105	0.20564	0.06088	0.00557	0.00160	0.00228	0.06050	0.00341	0.00305
12	0.01505	0.00699	0.00885	0.00688	0.00970	0.00652	0.00564	0.11910	0.08101	0.60378	0.03598	0.01253	0.00959	0.00464	0.00373	0.00113	0.00323	0.00375	0.00431	0.05759
13	0.00971	0.19310	0.06899	0.13729	0.30149	0.07162	0.04763	0.06607	0.01842	0.02293	0.00697	0.01755	0.00572	0.00366	0.00355	0.00108	0.01393	0.00310	0.00197	0.00525
14	0.63573	0.00792	0.00684	0.00579	0.00826	0.03893	0.00475	0.11234	0.00850	0.13064	0.00701	0.00738	0.00509	0.00378	0.00273	0.00115	0.00323	0.00245	0.00280	0.00467
15	0.00471	0.00344	0.00441	0.00514	0.00554	0.00319	0.00357	0.00547	0.00741	0.00969	0.02248	0.65527	0.12942	0.04615	0.00536	0.00159	0.00231	0.07835	0.00343	0.00307
16	0.03518	0.00716	0.03741	0.00834	0.08496	0.01792	0.00632	0.04635	0.02052	0.56045	0.01249	0.01201	0.00845	0.00690	0.08615	0.01663	0.01954	0.00364	0.00379	0.00581
17	0.00968	0.19611	0.13117	0.02852	0.11210	0.06980	0.05349	0.04646	0.04495	0.09867	0.07838	0.05368	0.03738	0.00503	0.01770	0.00118	0.00426	0.00386	0.00255	0.00503
18	0.30435	0.00659	0.00756	0.00611	0.00875	0.00642	0.00506	0.01550	0.00923	0.54263	0.01186	0.01172	0.00805	0.00448	0.00335	0.00118	0.00311	0.03471	0.00384	0.00551
19	0.00783	0.03054	0.00745	0.00649	0.00750	0.13122	0.00501	0.00916	0.02283	0.05866	0.29253	0.08611	0.09667	0.06106	0.00653	0.00141	0.15659	0.00550	0.00309	0.00384
20	0.01967	0.08769	0.09386	0.05107	0.14703	0.06137	0.09565	0.06867	0.05653	0.08613	0.00915	0.04346	0.00766	0.04890	0.09582	0.00179	0.01441	0.00376	0.00240	0.00498
21	0.04297	0.00730	0.03095	0.03060	0.17518	0.01730	0.06039	0.05618	0.03860	0.09076	0.02449	0.03584	0.00881	0.07012	0.17200	0.00237	0.10705	0.02199	0.00246	0.00465
22	0.00533	0.00392	0.00565	0.00570	0.00624	0.00444	0.00426	0.00643	0.00600	0.00854	0.01088	0.06157	0.01084	0.15331	0.68289	0.00543	0.00867	0.00459	0.00213	0.00317
23	0.03201	0.11304	0.11330	0.01159	0.14401	0.25972	0.10021	0.03847	0.00936	0.05584	0.03699	0.00918	0.01806	0.00391	0.00373	0.00107	0.02652	0.00313	0.00214	0.01773
24	0.07498	0.06472	0.06017	0.02333	0.07990	0.04158	0.00693	0.12857	0.11895	0.13317	0.10283	0.07667	0.01246	0.00573	0.00410	0.00133	0.00386	0.00448	0.00353	0.05270

[dist]
# distance from previous block
# <min> <max>
1	27

[block]
# block no. 7 follows, 73 sequences, length 26
# corresponding to MSA columns:
# 283-308
name=unknown_H
#
# <colnr> <probs for GDERKNQSTAVLIFYWHMCP>
#	G	D	E	R	K	N	Q	S	T	A	V	L	I	F	Y	W	H	M	C	P
0	0.03292	0.19673	0.05565	0.03231	0.27667	0.14026	0.01918	0.07513	0.01790	0.02312	0.00734	0.00872	0.02595	0.00393	0.00402	0.00108	0.06891	0.00299	0.00204	0.00517
1	0.01008	0.00794	0.00903	0.02006	0.05064	0.00840	0.00607	0.15442	0.41126	0.06439	0.01233	0.04866	0.00961	0.00473	0.00365	0.00111	0.00321	0.00392	0.00342	0.16706
2	0.00611	0.00416	0.00488	0.00460	0.00583	0.00372	0.00348	0.02863	0.00962	0.08330	0.32537	0.08813	0.38805	0.00838	0.00435	0.00123	0.00204	0.00716	0.01730	0.00366
3	0.00518	0.00383	0.00484	0.00459	0.00553	0.00349	0.00344	0.00683	0.01032	0.01433	0.72608	0.02920	0.15253	0.00794	0.00443	0.00119	0.00179	0.00695	0.00404	0.00349
4	0.00927	0.00448	0.00604	0.00575	0.00702	0.00401	0.00426	0.01028	0.00871	0.32796	0.06199	0.49748	0.01948	0.00884	0.00438	0.00137	0.00254	0.00784	0.00396	0.00434
5	0.00611	0.00417	0.02294	0.00456	0.00495	0.00387	0.00298	0.00651	0.00633	0.05199	0.07401	0.02475	0.01525	0.69589	0.01615	0.00317	0.00351	0.04754	0.00258	0.00271
6	0.00481	0.00380	0.00433	0.00423	0.00531	0.00332	0.00316	0.00611	0.00941	0.01223	0.38336	0.05110	0.47795	0.00876	0.00444	0.00124	0.00185	0.00749	0.00376	0.00332
7	0.00545	0.00404	0.00510	0.00480	0.00577	0.00380	0.00361	0.00760	0.05176	0.01472	0.74216	0.02792	0.09373	0.00768	0.00440	0.00119	0.00184	0.00674	0.00407	0.00363
8	0.00868	0.01132	0.12855	0.01515	0.01917	0.00939	0.72591	0.01200	0.00873	0.01200	0.00748	0.00984	0.00557	0.00321	0.00432	0.00126	0.00622	0.00421	0.00186	0.00512
9	0.00879	0.06145	0.12890	0.10825	0.11389	0.11197	0.03311	0.01091	0.00819	0.01122	0.00652	0.00809	0.00528	0.00333	0.00344	0.00090	0.02410	0.00267	0.00193	0.34706
10	0.38449	0.04279	0.00909	0.03427	0.05542	0.32141	0.00621	0.03642	0.00853	0.02679	0.00584	0.00692	0.00470	0.00379	0.00331	0.00109	0.03997	0.00240	0.00216	0.00441
11	0.00752	0.01941	0.84871	0.01069	0.01624	0.00871	0.01386	0.01188	0.00792	0.01188	0.00673	0.00792	0.00475	0.00356	0.00356	0.00119	0.00554	0.00277	0.00158	0.00554
12	0.00717	0.00660	0.01063	0.68376	0.05660	0.00801	0.00952	0.01019	0.07489	0.01035	0.03205	0.05841	0.00753	0.00440	0.00383	0.00126	0.00456	0.00391	0.00202	0.00430
13	0.01401	0.01788	0.01063	0.00967	0.01160	0.85309	0.00725	0.01498	0.01063	0.00918	0.00580	0.00677	0.00483	0.00387	0.00338	0.00097	0.00677	0.00242	0.00193	0.00435
14	0.00801	0.00457	0.00577	0.00515	0.00648	0.00426	0.00396	0.05010	0.01043	0.16949	0.48715	0.07233	0.04880	0.00689	0.00410	0.00116	0.00218	0.00596	0.09903	0.00416
15	0.00540	0.00367	0.00421	0.00425	0.00436	0.00365	0.00252	0.00557	0.00583	0.00776	0.03113	0.04710	0.04868	0.74682	0.04219	0.00346	0.00367	0.02491	0.00241	0.00242
16	0.01003	0.87041	0.01966	0.00642	0.00963	0.01485	0.00642	0.01123	0.00762	0.00883	0.00522	0.00602	0.00481	0.00321	0.00241	0.00080	0.00401	0.00201	0.00160	0.00481
17	0.00886	0.01012	0.02214	0.01581	0.01961	0.00949	0.83112	0.01202	0.00886	0.01202	0.00759	0.01012	0.00569	0.00316	0.00443	0.00127	0.00633	0.00443	0.00190	0.00506
18	0.00801	0.00736	0.01198	0.64423	0.17505	0.00868	0.01038	0.06943	0.00843	0.01109	0.00691	0.00980	0.00527	0.00373	0.00374	0.00122	0.00484	0.00334	0.00185	0.00465
19	0.00746	0.00539	0.00690	0.00630	0.00720	0.00600	0.00493	0.02195	0.03232	0.11035	0.08731	0.18521	0.20512	0.00806	0.00659	0.01707	0.23010	0.00618	0.04163	0.00393
20	0.00460	0.00355	0.00421	0.00460	0.00531	0.00315	0.00324	0.00551	0.00813	0.01044	0.12394	0.43664	0.35247	0.01038	0.00460	0.00138	0.00202	0.00911	0.00356	0.00315
21	0.00812	0.01859	0.78804	0.01046	0.01582	0.00867	0.01331	0.03712	0.00833	0.04723	0.00714	0.00816	0.00499	0.00364	0.00358	0.00119	0.00540	0.00283	0.00178	0.00561
22	0.00584	0.02457	0.00616	0.00580	0.00652	0.02193	0.00439	0.02987	0.00653	0.00901	0.01141	0.05423	0.03579	0.14792	0.60687	0.00497	0.00814	0.00455	0.00220	0.00331
23	0.01223	0.02524	0.14987	0.02186	0.03575	0.31823	0.04217	0.16638	0.01096	0.10435	0.00816	0.00893	0.01660	0.00481	0.02776	0.00124	0.03471	0.00307	0.00251	0.00518
24	0.00457	0.00326	0.00435	0.00522	0.00544	0.00305	0.00348	0.00522	0.00718	0.00958	0.02068	0.86570	0.02481	0.01175	0.00479	0.00152	0.00218	0.01067	0.00348	0.00305
25	0.00523	0.00360	0.00476	0.00506	0.00544	0.00342	0.01903	0.00568	0.00685	0.02198	0.03772	0.46666	0.08678	0.20150	0.03197	0.07738	0.00287	0.00816	0.00302	0.00288

[dist]
# distance from previous block
# <min> <max>
0	1

[block]
# block no. 8 follows, 73 sequences, length 19
# corresponding to MSA columns:
# 310-328
name=unknown_I
#
# <colnr> <probs for GDERKNQSTAVLIFYWHMCP>
#	G	D	E	R	K	N	Q	S	T	A	V	L	I	F	Y	W	H	M	C	P
0	0.01024	0.06468	0.08378	0.08905	0.21044	0.23470	0.06053	0.03619	0.00904	0.04418	0.00795	0.07767	0.00700	0.00443	0.00406	0.00114	0.04426	0.00364	0.00211	0.00491
1	0.00686	0.00604	0.00855	0.02293	0.00832	0.00772	0.02094	0.02396	0.00613	0.00899	0.00801	0.01319	0.00793	0.14816	0.31676	0.00351	0.37256	0.00391	0.00192	0.00361
2	0.60706	0.03648	0.00826	0.00793	0.09780	0.13084	0.02597	0.02632	0.00753	0.01499	0.00563	0.00668	0.00448	0.00352	0.00270	0.00112	0.00377	0.00231	0.00221	0.00440
3	0.00556	0.00449	0.00483	0.00473	0.00596	0.00397	0.00349	0.00702	0.05325	0.01209	0.21189	0.07259	0.57719	0.00934	0.00468	0.00138	0.00218	0.00777	0.00385	0.00373
4	0.00820	0.00786	0.01270	0.18375	0.44950	0.03379	0.05476	0.01034	0.00857	0.01177	0.10103	0.05058	0.02535	0.00439	0.00387	0.00116	0.00426	0.00415	0.00219	0.02178
5	0.01324	0.00968	0.01041	0.00817	0.01093	0.01070	0.00669	0.66512	0.11235	0.04175	0.03057	0.01035	0.00788	0.00465	0.00373	0.00114	0.00382	0.00358	0.03911	0.00614
6	0.00618	0.00512	0.00744	0.05203	0.17139	0.00522	0.00561	0.00775	0.00851	0.01182	0.28222	0.04729	0.14362	0.04359	0.13260	0.00203	0.03409	0.00556	0.02402	0.00391
7	0.00709	0.00667	0.01125	0.85913	0.02584	0.00834	0.01042	0.00959	0.00750	0.00959	0.00667	0.01000	0.00500	0.00375	0.00375	0.00125	0.00500	0.00333	0.00167	0.00417
8	0.00561	0.00380	0.00482	0.00510	0.00582	0.00351	0.00367	0.01707	0.00840	0.05590	0.17846	0.42848	0.15165	0.04762	0.00525	0.00150	0.00229	0.06407	0.00362	0.00338
9	0.00968	0.02992	0.05550	0.03730	0.01098	0.02173	0.02096	0.12489	0.55266	0.01562	0.01342	0.01351	0.02359	0.00504	0.00402	0.00125	0.02413	0.02666	0.00343	0.00569
10	0.00480	0.00352	0.00436	0.00494	0.00539	0.00327	0.00342	0.00552	0.00734	0.00951	0.02274	0.50765	0.18364	0.13329	0.00679	0.00179	0.00245	0.08327	0.00331	0.00300
11	0.03466	0.21085	0.26178	0.00878	0.01210	0.01009	0.06020	0.05341	0.00813	0.05271	0.00698	0.02993	0.00573	0.00416	0.00465	0.00112	0.13778	0.00299	0.00201	0.09194
12	0.02491	0.24942	0.47213	0.01039	0.05492	0.01054	0.07948	0.03677	0.00822	0.01153	0.00645	0.00765	0.00494	0.00345	0.00331	0.00108	0.00505	0.00273	0.00171	0.00532
13	0.00568	0.00396	0.00479	0.00452	0.00565	0.00352	0.00341	0.00711	0.00981	0.06352	0.48708	0.04852	0.32209	0.00823	0.00440	0.00122	0.00191	0.00709	0.00392	0.00357
14	0.03413	0.05374	0.10873	0.02522	0.08066	0.05025	0.04426	0.08494	0.07904	0.05435	0.02294	0.09825	0.02915	0.00525	0.00502	0.00121	0.13722	0.00409	0.00254	0.07903
15	0.03108	0.08615	0.22478	0.03605	0.09130	0.03655	0.02866	0.15110	0.14771	0.05719	0.00967	0.02984	0.02268	0.00436	0.00382	0.00117	0.02629	0.00348	0.00263	0.00550
16	0.00860	0.02241	0.09863	0.06395	0.28068	0.01625	0.02325	0.08803	0.02103	0.03216	0.03916	0.10070	0.00963	0.05672	0.00558	0.00138	0.08726	0.01593	0.02373	0.00492
17	0.02762	0.00605	0.00659	0.00619	0.00769	0.00659	0.00468	0.01344	0.44495	0.01390	0.16097	0.12819	0.11689	0.03346	0.00456	0.00136	0.00255	0.00593	0.00371	0.00467
18	0.00856	0.03885	0.12563	0.14280	0.10977	0.03790	0.00814	0.04849	0.21583	0.02909	0.06877	0.01287	0.02172	0.05056	0.02936	0.00147	0.03875	0.00386	0.00261	0.00499

[dist]
# distance from previous block
# <min> <max>
10	17

[block]
# block no. 9 follows, 73 sequences, length 20
# corresponding to MSA columns:
# 351-370
name=unknown_J
#
# <colnr> <probs for GDERKNQSTAVLIFYWHMCP>
#	G	D	E	R	K	N	Q	S	T	A	V	L	I	F	Y	W	H	M	C	P
0	0.51555	0.12440	0.02315	0.00641	0.02974	0.07370	0.00532	0.02378	0.00747	0.01416	0.00771	0.02340	0.00712	0.00459	0.00294	0.00118	0.00352	0.11929	0.00237	0.00420
1	0.00944	0.24806	0.17300	0.03824	0.10859	0.01040	0.22093	0.04095	0.01953	0.05473	0.00733	0.00878	0.00570	0.00392	0.01903	0.00118	0.00500	0.00320	0.01680	0.00522
2	0.00743	0.01753	0.73367	0.01008	0.01505	0.00833	0.01262	0.01159	0.02711	0.01202	0.04501	0.02696	0.00674	0.00400	0.00379	0.00119	0.02231	0.00315	0.00181	0.02963
3	0.00542	0.00394	0.00456	0.00434	0.00552	0.00344	0.00328	0.00675	0.00954	0.05374	0.38073	0.03150	0.45670	0.00848	0.00440	0.00122	0.00191	0.00723	0.00382	0.00349
4	0.16096	0.00900	0.00971	0.00756	0.01043	0.00967	0.00624	0.50520	0.01415	0.21556	0.00974	0.00941	0.00668	0.00437	0.00352	0.00114	0.00371	0.00325	0.00372	0.00600
5	0.00517	0.00374	0.00488	0.00477	0.00556	0.00345	0.00351	0.00674	0.01002	0.01404	0.68997	0.15979	0.05755	0.00837	0.00448	0.00124	0.00184	0.00743	0.00401	0.00345
6	0.00523	0.00383	0.00491	0.00464	0.00556	0.00351	0.00348	0.00693	0.01044	0.01461	0.77136	0.02874	0.10707	0.00783	0.00443	0.00119	0.00178	0.00689	0.00407	0.00351
7	0.00538	0.00398	0.00595	0.00597	0.00661	0.00460	0.00461	0.00660	0.00602	0.00866	0.01022	0.03703	0.00970	0.02723	0.80450	0.03381	0.00963	0.00417	0.00204	0.00329
8	0.00540	0.00385	0.00517	0.00517	0.00554	0.00422	0.00362	0.00615	0.00578	0.00807	0.01083	0.01909	0.01127	0.40046	0.48354	0.00497	0.00721	0.00466	0.00213	0.00287
9	0.00709	0.00667	0.01125	0.85913	0.02584	0.00834	0.01042	0.00959	0.00750	0.00959	0.00667	0.01000	0.00500	0.00375	0.00375	0.00125	0.00500	0.00333	0.00167	0.00417
10	0.01350	0.00945	0.04432	0.00808	0.01097	0.00969	0.00680	0.44790	0.19046	0.20140	0.01151	0.01085	0.00803	0.00462	0.00376	0.00117	0.00373	0.00362	0.00387	0.00625
11	0.64979	0.00671	0.00585	0.00508	0.00735	0.00740	0.00416	0.01203	0.00729	0.15898	0.00761	0.00808	0.00555	0.00378	0.00260	0.00113	0.00283	0.00249	0.09691	0.00440
12	0.00536	0.00402	0.00603	0.00603	0.00670	0.00469	0.00469	0.00670	0.00603	0.00871	0.01005	0.01474	0.00938	0.02814	0.85328	0.00603	0.01005	0.00402	0.00201	0.00335
13	0.12309	0.07467	0.00997	0.00727	0.01002	0.00934	0.00602	0.29003	0.16243	0.25257	0.01102	0.01038	0.00771	0.00442	0.00349	0.00114	0.00349	0.00337	0.00367	0.00589
14	0.00774	0.00690	0.02870	0.00580	0.00888	0.00538	0.00472	0.01024	0.08272	0.01255	0.04902	0.00975	0.00774	0.02396	0.00336	0.00074	0.00284	0.00272	0.00245	0.72381
15	0.04849	0.07608	0.01183	0.05121	0.03487	0.10730	0.08554	0.25383	0.15273	0.09564	0.00966	0.01977	0.00726	0.00483	0.02322	0.00125	0.00446	0.00349	0.00304	0.00550
16	0.00961	0.71745	0.13402	0.00715	0.01055	0.01386	0.00752	0.01123	0.00759	0.00926	0.00541	0.00637	0.00481	0.00340	0.00297	0.00089	0.03925	0.00216	0.00160	0.00489
17	0.00541	0.00383	0.00508	0.00508	0.00543	0.00418	0.00351	0.00609	0.00575	0.00801	0.01091	0.01952	0.01146	0.43783	0.44643	0.00486	0.00692	0.00472	0.00214	0.00282
18	0.00916	0.10592	0.08676	0.00994	0.14463	0.01763	0.04406	0.05055	0.12404	0.08757	0.10053	0.05307	0.03092	0.00539	0.02378	0.00123	0.02530	0.00410	0.00280	0.07263
19	0.01087	0.02226	0.03703	0.00851	0.05138	0.13312	0.00659	0.29836	0.17193	0.01623	0.03981	0.04245	0.04604	0.01979	0.00404	0.00121	0.00397	0.03858	0.04261	0.00525

[dist]
# distance from previous block
# <min> <max>
2	4

[block]
# block no. 10 follows, 73 sequences, length 45
# corresponding to MSA columns:
# 375-419
name=unknown_K
#
# <colnr> <probs for GDERKNQSTAVLIFYWHMCP>
#	G	D	E	R	K	N	Q	S	T	A	V	L	I	F	Y	W	H	M	C	P
0	0.01018	0.29208	0.07813	0.00746	0.01010	0.03931	0.00678	0.08058	0.24119	0.06573	0.00999	0.01017	0.02275	0.00439	0.00387	0.00109	0.06418	0.00320	0.04358	0.00526
1	0.00652	0.00326	0.00489	0.00489	0.00489	0.00326	0.00326	0.00489	0.00489	0.00652	0.00652	0.01140	0.00652	0.01303	0.01466	0.89084	0.00326	0.00326	0.00163	0.00163
