[name]
unknown

[dist]
# distance from previous block
# <min> <max>
0	53

[block]
# block no. 0 follows, 71 sequences, length 22
# corresponding to MSA columns:
# 55-76
name=unknown_A
#
# <colnr> <probs for GDERKNQSTAVLIFYWHMCP>
#	G	D	E	R	K	N	Q	S	T	A	V	L	I	F	Y	W	H	M	C	P
0	0.00857	0.23029	0.35035	0.05601	0.03001	0.01030	0.09622	0.03540	0.02942	0.01126	0.00737	0.02066	0.00614	0.06335	0.00482	0.00132	0.02832	0.00322	0.00187	0.00509
1	0.00550	0.00400	0.00564	0.00564	0.00614	0.00451	0.00414	0.00651	0.00601	0.00851	0.01075	0.01773	0.01074	0.25121	0.62919	0.00551	0.00853	0.00450	0.00213	0.00313
2	0.00847	0.08214	0.28133	0.04543	0.09594	0.00954	0.30761	0.01178	0.02353	0.01193	0.03449	0.01030	0.02238	0.00383	0.00425	0.00122	0.03490	0.00374	0.00193	0.00526
3	0.00863	0.03120	0.03865	0.00587	0.00790	0.00529	0.00483	0.05463	0.03012	0.15915	0.38745	0.05906	0.04327	0.00624	0.00402	0.00111	0.00262	0.00535	0.00376	0.14085
4	0.00498	0.00465	0.06289	0.00581	0.00656	0.00365	0.01832	0.00601	0.00764	0.01024	0.05276	0.71042	0.06961	0.01099	0.00477	0.00150	0.00250	0.00992	0.00342	0.00335
5	0.00806	0.11856	0.71656	0.01091	0.04791	0.00965	0.01318	0.01205	0.00808	0.01179	0.00671	0.00792	0.00491	0.00359	0.00351	0.00117	0.00544	0.00276	0.00163	0.00560
6	0.00643	0.00971	0.28449	0.00822	0.06722	0.00594	0.00769	0.00936	0.05390	0.01257	0.21991	0.13033	0.15513	0.00686	0.00420	0.00127	0.00342	0.00590	0.00298	0.00447
7	0.00453	0.00388	0.00388	0.00388	0.00518	0.00324	0.00291	0.00550	0.00874	0.01036	0.03884	0.03690	0.83978	0.00971	0.00453	0.00129	0.00194	0.00809	0.00356	0.00324
8	0.89233	0.00741	0.00564	0.00504	0.00741	0.00860	0.00415	0.01127	0.00653	0.01720	0.00534	0.00623	0.00415	0.00356	0.00237	0.00119	0.00297	0.00208	0.00237	0.00415
9	0.00868	0.00785	0.01247	0.55282	0.21885	0.00908	0.01050	0.11154	0.00920	0.01222	0.00721	0.00992	0.00551	0.00383	0.00382	0.00123	0.00487	0.00342	0.00201	0.00497
10	0.89233	0.00741	0.00564	0.00504	0.00741	0.00860	0.00415	0.01127	0.00653	0.01720	0.00534	0.00623	0.00415	0.00356	0.00237	0.00119	0.00297	0.00208	0.00237	0.00415
11	0.01429	0.01060	0.01135	0.00876	0.01178	0.01176	0.00722	0.78277	0.06427	0.02370	0.00957	0.00949	0.00681	0.00464	0.00384	0.00116	0.00415	0.00350	0.00384	0.00649
12	0.00557	0.00374	0.00432	0.00432	0.00436	0.00379	0.00249	0.00566	0.00562	0.00753	0.01196	0.02441	0.01364	0.80802	0.07634	0.00388	0.00417	0.00548	0.00230	0.00240
13	0.89233	0.00741	0.00564	0.00504	0.00741	0.00860	0.00415	0.01127	0.00653	0.01720	0.00534	0.00623	0.00415	0.00356	0.00237	0.00119	0.00297	0.00208	0.00237	0.00415
14	0.01107	0.00906	0.01019	0.00835	0.01069	0.07758	0.08755	0.26890	0.23428	0.04717	0.01222	0.03730	0.02829	0.02133	0.01643	0.00130	0.00400	0.00412	0.10473	0.00546
15	0.00529	0.00391	0.00494	0.00468	0.00564	0.00356	0.00351	0.00697	0.01053	0.01461	0.71768	0.02990	0.15828	0.00812	0.00452	0.00122	0.00183	0.00711	0.00412	0.00356
16	0.00731	0.00664	0.01089	0.64410	0.06712	0.00813	0.00965	0.00966	0.02940	0.00983	0.00723	0.01064	0.00574	0.00626	0.06336	0.05609	0.03848	0.00347	0.00179	0.00419
17	0.00932	0.00900	0.01556	0.07947	0.75525	0.00909	0.04253	0.01165	0.00867	0.01233	0.00721	0.00957	0.00600	0.00344	0.00383	0.00115	0.00466	0.00346	0.00189	0.00592
18	0.00536	0.00390	0.00504	0.00478	0.00569	0.00359	0.00358	0.00710	0.01066	0.01498	0.77712	0.04798	0.07977	0.00804	0.00453	0.00122	0.00183	0.00709	0.00417	0.00359
19	0.00641	0.00617	0.03592	0.34224	0.06238	0.00632	0.05436	0.00838	0.00817	0.01071	0.08523	0.13074	0.15716	0.00767	0.05037	0.00158	0.00422	0.01542	0.00255	0.00402
20	0.00863	0.11486	0.02950	0.21479	0.03101	0.04307	0.06783	0.03368	0.00745	0.01011	0.00636	0.01948	0.00560	0.00607	0.04415	0.00158	0.34618	0.00338	0.00181	0.00447
21	0.00730	0.00728	0.05699	0.10099	0.31942	0.01872	0.00822	0.00937	0.01996	0.01163	0.08470	0.12395	0.09940	0.00750	0.05033	0.00155	0.00413	0.06130	0.00259	0.00464

[dist]
# distance from previous block
# <min> <max>
0	28

[block]
# block no. 1 follows, 71 sequences, length 47
# corresponding to MSA columns:
# 105-151
name=unknown_B
#
# <colnr> <probs for GDERKNQSTAVLIFYWHMCP>
#	G	D	E	R	K	N	Q	S	T	A	V	L	I	F	Y	W	H	M	C	P
0	0.01078	0.38411	0.01415	0.00751	0.01027	0.05906	0.00652	0.12242	0.32058	0.01367	0.00974	0.00967	0.00769	0.00422	0.00324	0.00105	0.00387	0.00312	0.00280	0.00554
1	0.47135	0.02541	0.00895	0.02510	0.10815	0.14410	0.01476	0.08280	0.00860	0.01528	0.00610	0.00722	0.00485	0.00373	0.00313	0.00113	0.02228	0.00250	0.00233	0.04223
2	0.00893	0.00939	0.07459	0.11847	0.40347	0.02000	0.07396	0.03891	0.09459	0.01260	0.01888	0.05637	0.00780	0.00436	0.00429	0.00123	0.04046	0.00399	0.00224	0.00548
3	0.00520	0.00404	0.00476	0.00488	0.00582	0.00379	0.00358	0.00679	0.05848	0.01124	0.17011	0.21861	0.36044	0.01106	0.06168	0.03489	0.00269	0.02500	0.00352	0.00341
4	0.00559	0.00380	0.00496	0.00548	0.00590	0.00370	0.00394	0.00641	0.00737	0.02753	0.04097	0.37628	0.02102	0.23971	0.03388	0.00230	0.00318	0.20166	0.00322	0.00310
5	0.02337	0.00409	0.00528	0.00490	0.00592	0.00379	0.00371	0.00775	0.01077	0.04715	0.79129	0.02760	0.03452	0.00764	0.00445	0.00120	0.00189	0.00672	0.00420	0.00374
6	0.00724	0.00672	0.01127	0.83080	0.02576	0.00837	0.01041	0.00977	0.00768	0.00993	0.00698	0.01034	0.00525	0.00385	0.00380	0.00127	0.00501	0.00341	0.02790	0.00424
7	0.00949	0.00911	0.01556	0.02353	0.84133	0.00911	0.01177	0.01177	0.00873	0.01253	0.00721	0.00949	0.00607	0.00342	0.00380	0.00114	0.00456	0.00342	0.00190	0.00607
8	0.00797	0.11401	0.75370	0.01044	0.01584	0.00960	0.01332	0.01207	0.00806	0.01180	0.00671	0.00788	0.00486	0.00360	0.00351	0.00117	0.00549	0.00275	0.00162	0.00558
9	0.00463	0.00390	0.00402	0.00403	0.00529	0.00329	0.00304	0.00567	0.00886	0.01068	0.08418	0.03660	0.77085	0.00963	0.00455	0.00130	0.00198	0.03063	0.00360	0.00327
10	0.01061	0.03061	0.22908	0.04448	0.24858	0.01005	0.05185	0.28427	0.01161	0.01612	0.00776	0.00901	0.00583	0.00386	0.00376	0.00116	0.00481	0.00328	0.00247	0.02080
11	0.00548	0.00409	0.00608	0.00608	0.00673	0.00475	0.00469	0.00679	0.00614	0.00884	0.01035	0.01549	0.00977	0.06475	0.81432	0.00606	0.00999	0.00417	0.00207	0.00338
12	0.30278	0.03973	0.00936	0.02932	0.13740	0.08565	0.02932	0.01318	0.16758	0.03467	0.02595	0.03637	0.01605	0.00458	0.00337	0.00120	0.00372	0.03380	0.02110	0.00488
13	0.04703	0.00911	0.01118	0.08874	0.04323	0.03470	0.00786	0.27751	0.03525	0.08746	0.00787	0.00932	0.00611	0.00521	0.00690	0.00135	0.30974	0.00339	0.00276	0.00529
14	0.00611	0.00439	0.00609	0.00693	0.00783	0.00437	0.00605	0.00785	0.00882	0.01143	0.02105	0.04299	0.05512	0.01056	0.00527	0.00175	0.00347	0.78289	0.00353	0.00352
15	0.01390	0.04706	0.01118	0.00942	0.01166	0.60551	0.00727	0.16870	0.06713	0.01260	0.00717	0.00781	0.00569	0.00413	0.00352	0.00103	0.00605	0.00276	0.00244	0.00496
16	0.03029	0.02320	0.01050	0.03565	0.04472	0.06892	0.04857	0.28712	0.04050	0.13246	0.02090	0.06832	0.02393	0.00497	0.00388	0.00113	0.01272	0.02207	0.00328	0.11686
17	0.00917	0.00912	0.01630	0.08349	0.57278	0.00935	0.16133	0.01154	0.00851	0.01205	0.00713	0.00963	0.00588	0.00364	0.00453	0.00121	0.06320	0.00362	0.00188	0.00564
18	0.00769	0.01983	0.84538	0.01093	0.01659	0.00890	0.01417	0.01214	0.00810	0.01214	0.00688	0.00810	0.00486	0.00364	0.00364	0.00121	0.00567	0.00283	0.00162	0.00567
19	0.00793	0.00808	0.07220	0.57500	0.18154	0.00837	0.01067	0.01047	0.00805	0.03749	0.00836	0.01102	0.03667	0.00399	0.00384	0.00124	0.00487	0.00356	0.00190	0.00475
20	0.01087	0.01209	0.03619	0.01350	0.07553	0.20307	0.39144	0.11020	0.05723	0.01327	0.02297	0.00984	0.00657	0.00382	0.00419	0.00120	0.01665	0.00382	0.00231	0.00525
21	0.00898	0.01014	0.02149	0.01553	0.01900	0.00991	0.74232	0.01196	0.00872	0.01196	0.00747	0.01014	0.00574	0.00359	0.00536	0.00133	0.09496	0.00440	0.00191	0.00507
22	0.00468	0.00344	0.00439	0.00511	0.00551	0.00315	0.00347	0.00543	0.00768	0.01008	0.05435	0.71101	0.14461	0.01152	0.00483	0.00151	0.00217	0.01034	0.00358	0.00315
23	0.00607	0.00472	0.00521	0.00518	0.03303	0.00429	0.00375	0.05971	0.03401	0.04557	0.09871	0.04913	0.61916	0.00874	0.00442	0.00127	0.00225	0.00732	0.00364	0.00378
24	0.04282	0.02459	0.01073	0.00816	0.01110	0.02981	0.04129	0.38023	0.05770	0.32562	0.01155	0.02104	0.00795	0.00465	0.00381	0.00117	0.00390	0.00369	0.00396	0.00624
25	0.00769	0.01983	0.84538	0.01093	0.01659	0.00890	0.01417	0.01214	0.00810	0.01214	0.00688	0.00810	0.00486	0.00364	0.00364	0.00121	0.00567	0.00283	0.00162	0.00567
26	0.00587	0.00357	0.00402	0.00426	0.00470	0.00348	0.00281	0.00675	0.00708	0.01072	0.01568	0.25004	0.04556	0.28321	0.00876	0.00200	0.00253	0.00638	0.32954	0.00303
27	0.00924	0.00833	0.07156	0.46229	0.11072	0.00852	0.00969	0.08672	0.05891	0.09510	0.00948	0.01129	0.03316	0.00421	0.00384	0.00124	0.00460	0.00362	0.00241	0.00507
28	0.00453	0.00388	0.00388	0.00388	0.00518	0.00324	0.00291	0.00550	0.00874	0.01036	0.03884	0.03690	0.83978	0.00971	0.00453	0.00129	0.00194	0.00809	0.00356	0.00324
29	0.00469	0.00335	0.00446	0.00533	0.00556	0.00313	0.00356	0.00538	0.00742	0.00991	0.03888	0.84465	0.02559	0.01192	0.00489	0.00155	0.00222	0.01081	0.00357	0.00313
30	0.02730	0.00891	0.01291	0.25892	0.19295	0.00973	0.06836	0.29469	0.01176	0.06478	0.00826	0.00982	0.00610	0.00402	0.00385	0.00120	0.00463	0.00351	0.00269	0.00563
31	0.06557	0.05462	0.31209	0.04160	0.01531	0.04913	0.18557	0.13707	0.03982	0.02389	0.00756	0.00885	0.00560	0.00387	0.00403	0.00121	0.03327	0.00329	0.00222	0.00543
32	0.00470	0.00336	0.00447	0.00532	0.00557	0.00313	0.00356	0.00541	0.00747	0.00999	0.05088	0.83242	0.02575	0.01186	0.00488	0.00154	0.00221	0.01076	0.00358	0.00313
33	0.01095	0.09882	0.01383	0.08306	0.31970	0.19609	0.03001	0.07280	0.02336	0.03888	0.01781	0.00901	0.00618	0.00398	0.00418	0.00113	0.05957	0.00317	0.00216	0.00532
34	0.00848	0.00858	0.01202	0.01019	0.01040	0.02940	0.04292	0.00941	0.00611	0.00932	0.00532	0.00881	0.00526	0.02546	0.01220	0.00169	0.78509	0.00344	0.00171	0.00420
35	0.00847	0.07995	0.21290	0.01737	0.03734	0.02812	0.02373	0.02868	0.02774	0.01236	0.00698	0.00811	0.00557	0.00323	0.00314	0.00083	0.00391	0.00256	0.00210	0.48693
36	0.01357	0.01703	0.01101	0.00991	0.01171	0.74858	0.01760	0.01457	0.01031	0.00940	0.00594	0.00723	0.00504	0.00462	0.01867	0.00114	0.08472	0.00260	0.00195	0.00441
37	0.00457	0.00389	0.00393	0.00392	0.00520	0.00325	0.00294	0.00557	0.00882	0.01056	0.07050	0.03657	0.80799	0.00964	0.00453	0.00129	0.00194	0.00805	0.00359	0.00325
38	0.00543	0.00392	0.00513	0.00482	0.00573	0.00362	0.00362	0.00724	0.01085	0.01538	0.83931	0.02864	0.03618	0.00784	0.00452	0.00121	0.00181	0.00693	0.00422	0.00362
39	0.02974	0.03201	0.28520	0.08586	0.22839	0.04503	0.19156	0.03483	0.00878	0.01234	0.00711	0.00902	0.00544	0.00354	0.00383	0.00120	0.00543	0.00337	0.00186	0.00546
40	0.00551	0.00395	0.00536	0.00533	0.00578	0.00431	0.00379	0.00641	0.00628	0.00883	0.07088	0.01975	0.01312	0.33644	0.48193	0.00490	0.00724	0.00485	0.00231	0.00303
41	0.00547	0.00406	0.00551	0.00557	0.00618	0.00441	0.00416	0.00659	0.00692	0.00970	0.06642	0.13836	0.09514	0.11191	0.42442	0.00400	0.03742	0.01950	0.04097	0.00329
42	0.03822	0.04476	0.05512	0.14318	0.08356	0.09872	0.01906	0.16661	0.01970	0.01306	0.00699	0.00904	0.00571	0.00559	0.03670	0.00146	0.22607	0.00323	0.01828	0.00493
43	0.00736	0.02043	0.00869	0.00759	0.00777	0.00799	0.00600	0.00744	0.00587	0.00845	0.00880	0.01263	0.07524	0.04631	0.03947	0.27017	0.45082	0.00384	0.00187	0.00326
44	0.05191	0.60258	0.22308	0.00757	0.01139	0.01315	0.00831	0.01176	0.00786	0.02420	0.00588	0.00675	0.00494	0.00341	0.00277	0.00094	0.00442	0.00228	0.00172	0.00509
45	0.00823	0.00740	0.01009	0.02710	0.06929	0.00941	0.00713	0.08334	0.00726	0.01053	0.00794	0.03613	0.01704	0.16298	0.04795	0.00214	0.47575	0.00407	0.00210	0.00413
46	0.00772	0.23660	0.02805	0.00587	0.00775	0.09956	0.00492	0.02143	0.00876	0.02611	0.06781	0.16415	0.28126	0.00725	0.00386	0.00116	0.00326	0.00593	0.00288	0.01569

[dist]
# distance from previous block
# <min> <max>
0	13

[block]
# block no. 2 follows, 71 sequences, length 25
# corresponding to MSA columns:
# 165-189
name=unknown_C
#
# <colnr> <probs for GDERKNQSTAVLIFYWHMCP>
#	G	D	E	R	K	N	Q	S	T	A	V	L	I	F	Y	W	H	M	C	P
0	0.05904	0.02462	0.08404	0.03791	0.30726	0.03962	0.12633	0.09279	0.06717	0.01361	0.00959	0.04329	0.03219	0.00444	0.00406	0.00122	0.02154	0.02346	0.00238	0.00542
1	0.00939	0.07328	0.13635	0.05292	0.34030	0.06641	0.09367	0.02786	0.00844	0.01158	0.00668	0.00881	0.00552	0.00401	0.00510	0.00122	0.13797	0.00327	0.00184	0.00537
2	0.00765	0.00635	0.06137	0.00645	0.00812	0.00570	0.01780	0.06586	0.13349	0.06159	0.25050	0.05438	0.08212	0.04742	0.00505	0.00143	0.00295	0.13569	0.04170	0.00438
3	0.00487	0.00367	0.00451	0.00478	0.00551	0.00331	0.00340	0.00598	0.00883	0.01171	0.28426	0.37227	0.25283	0.01006	0.00468	0.00137	0.00202	0.00888	0.00377	0.00331
4	0.00756	0.00725	0.00907	0.00820	0.00865	0.07777	0.00658	0.00860	0.00639	0.00904	0.00755	0.01168	0.00726	0.04915	0.35873	0.00356	0.40357	0.00368	0.00188	0.00382
5	0.00468	0.00358	0.00420	0.00467	0.00531	0.00320	0.00321	0.00542	0.00779	0.00986	0.02767	0.47276	0.35349	0.06860	0.00573	0.00160	0.00221	0.00941	0.00348	0.00311
6	0.00548	0.00409	0.00609	0.00609	0.00675	0.00475	0.00470	0.00680	0.00614	0.00885	0.01034	0.01544	0.00975	0.06027	0.81876	0.00607	0.01002	0.00416	0.00206	0.00338
7	0.00638	0.00483	0.00734	0.00770	0.00880	0.00479	0.06404	0.00825	0.00884	0.01153	0.01942	0.04093	0.02092	0.01007	0.00524	0.00173	0.00374	0.75838	0.00342	0.00365
8	0.00778	0.04985	0.81616	0.01077	0.01636	0.00913	0.01390	0.01212	0.00808	0.01203	0.00683	0.00803	0.00486	0.00363	0.00360	0.00120	0.00561	0.00281	0.00162	0.00564
9	0.00548	0.00409	0.00605	0.00605	0.00669	0.00473	0.00465	0.00677	0.00613	0.00882	0.01038	0.01565	0.00984	0.07759	0.80158	0.00602	0.00989	0.00419	0.00207	0.00336
10	0.00715	0.00357	0.00357	0.00357	0.00447	0.00357	0.00268	0.00893	0.00804	0.01429	0.01251	0.01429	0.00983	0.00447	0.00268	0.00089	0.00179	0.00357	0.88654	0.00357
11	0.10731	0.39963	0.05121	0.00747	0.01064	0.02578	0.00689	0.30313	0.02957	0.01560	0.00702	0.00753	0.00555	0.00385	0.00304	0.00101	0.00411	0.00264	0.00256	0.00546
12	0.58453	0.00870	0.00787	0.06615	0.06715	0.09912	0.02541	0.04220	0.00775	0.01547	0.00610	0.00736	0.00480	0.00401	0.01433	0.00123	0.00385	0.00248	0.02708	0.00441
13	0.89233	0.00741	0.00564	0.00504	0.00741	0.00860	0.00415	0.01127	0.00653	0.01720	0.00534	0.00623	0.00415	0.00356	0.00237	0.00119	0.00297	0.00208	0.00237	0.00415
14	0.01025	0.86756	0.02009	0.00656	0.00984	0.01517	0.00656	0.01148	0.00779	0.00902	0.00533	0.00615	0.00492	0.00328	0.00246	0.00082	0.00410	0.00205	0.00164	0.00492
15	0.00472	0.00339	0.00449	0.00533	0.00561	0.00316	0.00361	0.00544	0.00748	0.00996	0.03901	0.80716	0.04428	0.01184	0.00489	0.00155	0.00224	0.02914	0.00357	0.00314
16	0.11533	0.00891	0.01038	0.00799	0.01098	0.00930	0.03804	0.42817	0.01397	0.30198	0.01072	0.01022	0.00723	0.00448	0.00370	0.00117	0.00384	0.00347	0.00391	0.00620
17	0.06351	0.00994	0.03592	0.02613	0.20299	0.04034	0.37807	0.07906	0.01862	0.03238	0.02051	0.02044	0.00669	0.01422	0.00454	0.00127	0.03383	0.00398	0.00224	0.00532
18	0.00552	0.00401	0.00523	0.00564	0.00635	0.00386	0.00432	0.02469	0.00881	0.01179	0.20730	0.30620	0.09412	0.04058	0.02639	0.00169	0.00277	0.23370	0.00363	0.00341
19	0.00456	0.00389	0.00392	0.00391	0.00520	0.00325	0.00293	0.00555	0.00880	0.01051	0.06298	0.03665	0.81555	0.00965	0.00453	0.00129	0.00194	0.00806	0.00358	0.00325
20	0.02932	0.00932	0.02614	0.10734	0.35778	0.04636	0.08964	0.13381	0.03404	0.08940	0.00879	0.03538	0.00695	0.00408	0.00387	0.00119	0.00461	0.00374	0.00254	0.00569
21	0.01040	0.02622	0.04110	0.04160	0.07567	0.19538	0.08725	0.06507	0.10148	0.04489	0.00835	0.02011	0.00695	0.03204	0.05437	0.00162	0.17667	0.00357	0.00236	0.00489
22	0.00615	0.00423	0.00546	0.00535	0.00584	0.00466	0.00382	0.00724	0.02687	0.02580	0.01155	0.04796	0.01161	0.33214	0.34097	0.00407	0.04635	0.00479	0.10195	0.00319
23	0.00918	0.00875	0.01488	0.18848	0.62566	0.00910	0.03994	0.03581	0.00881	0.01232	0.00721	0.00966	0.00589	0.00353	0.00383	0.00117	0.00472	0.00345	0.00192	0.00569
24	0.03837	0.04283	0.16064	0.10767	0.17216	0.12481	0.13231	0.05026	0.04277	0.04225	0.00779	0.02383	0.00613	0.00396	0.00401	0.00119	0.02818	0.00344	0.00215	0.00527

[dist]
# distance from previous block
# <min> <max>
0	9

[block]
# block no. 3 follows, 71 sequences, length 37
# corresponding to MSA columns:
# 199-235
name=unknown_D
#
# <colnr> <probs for GDERKNQSTAVLIFYWHMCP>
#	G	D	E	R	K	N	Q	S	T	A	V	L	I	F	Y	W	H	M	C	P
0	0.01093	0.08094	0.19851	0.09613	0.03275	0.18650	0.08676	0.12593	0.04817	0.05903	0.00823	0.00994	0.00635	0.00413	0.00372	0.00116	0.00528	0.02788	0.00238	0.00529
1	0.14186	0.02644	0.01271	0.19842	0.23468	0.06871	0.09885	0.01104	0.00792	0.01185	0.00677	0.00921	0.00555	0.00497	0.04020	0.00144	0.09329	0.00327	0.01803	0.00480
2	0.00947	0.05353	0.28071	0.02562	0.39309	0.03058	0.04078	0.04085	0.03735	0.04086	0.00763	0.00913	0.00591	0.00364	0.00371	0.00116	0.00492	0.00323	0.00203	0.00583
3	0.00723	0.00625	0.01969	0.07229	0.00926	0.05716	0.01975	0.06827	0.02597	0.01056	0.01026	0.04593	0.00967	0.10512	0.40749	0.00385	0.05767	0.02065	0.03910	0.00383
4	0.00498	0.00394	0.00449	0.00443	0.00553	0.00349	0.00332	0.00641	0.02169	0.01233	0.33920	0.07499	0.46877	0.00907	0.00455	0.00128	0.00195	0.02234	0.00381	0.00342
5	0.00837	0.03076	0.00862	0.00623	0.02654	0.00580	0.00488	0.04942	0.00845	0.01296	0.00690	0.00799	0.00571	0.00295	0.00290	0.00061	0.00298	0.00235	0.00232	0.80326
6	0.00769	0.01983	0.84538	0.01093	0.01659	0.00890	0.01417	0.01214	0.00810	0.01214	0.00688	0.00810	0.00486	0.00364	0.00364	0.00121	0.00567	0.00283	0.00162	0.00567
7	0.08702	0.03351	0.27567	0.08319	0.20103	0.00888	0.05807	0.03718	0.06814	0.02659	0.02593	0.02871	0.02425	0.00418	0.00387	0.00122	0.02146	0.00355	0.00220	0.00535
8	0.00619	0.04581	0.03488	0.00660	0.06784	0.03415	0.00456	0.00751	0.03680	0.01013	0.05957	0.18547	0.23269	0.20441	0.01879	0.00192	0.01388	0.02231	0.00294	0.00355
9	0.00490	0.00390	0.00440	0.00427	0.00541	0.00340	0.00321	0.00622	0.00962	0.01244	0.37172	0.03347	0.50560	0.00893	0.00453	0.00126	0.00189	0.00761	0.00384	0.00340
10	0.00666	0.00333	0.00500	0.00500	0.00500	0.00333	0.00333	0.00500	0.00500	0.00666	0.00666	0.01166	0.00666	0.01332	0.01499	0.88844	0.00333	0.00333	0.00167	0.00167
11	0.11884	0.01874	0.05712	0.19945	0.05132	0.03053	0.20027	0.17951	0.01022	0.02967	0.01710	0.03842	0.00659	0.00411	0.00380	0.00122	0.00481	0.00373	0.00245	0.02212
12	0.00485	0.00390	0.00433	0.00422	0.00537	0.00337	0.00316	0.00612	0.00949	0.01214	0.32382	0.03396	0.55368	0.00904	0.00453	0.00126	0.00189	0.00768	0.00380	0.00337
13	0.00583	0.00398	0.00506	0.00549	0.00597	0.00390	0.00391	0.00701	0.03967	0.03535	0.05210	0.36761	0.02093	0.24928	0.00897	0.00217	0.00295	0.17331	0.00329	0.00322
14	0.00911	0.00585	0.00699	0.00619	0.00792	0.00594	0.00481	0.01375	0.28180	0.18298	0.34488	0.04976	0.05071	0.00655	0.00420	0.00125	0.00253	0.00563	0.00418	0.00498
15	0.00915	0.01028	0.02200	0.01578	0.01951	0.00982	0.78058	0.03074	0.00914	0.01245	0.00770	0.01025	0.00581	0.00338	0.00479	0.00130	0.03572	0.00446	0.00197	0.00517
16	0.00564	0.00441	0.00522	0.00535	0.00637	0.00428	0.00404	0.00815	0.11991	0.01229	0.21712	0.23104	0.24897	0.00932	0.00462	0.00139	0.00231	0.10209	0.00376	0.00371
17	0.00506	0.00357	0.00462	0.00527	0.00566	0.00337	0.00360	0.02359	0.00795	0.01081	0.09453	0.71697	0.04135	0.01111	0.00474	0.00148	0.00221	0.01002	0.04087	0.00326
18	0.00644	0.00490	0.00585	0.00617	0.00698	0.02122	0.00457	0.07823	0.08168	0.01184	0.01892	0.50843	0.03577	0.02071	0.03396	0.00169	0.00304	0.12956	0.01629	0.00377
19	0.03853	0.00655	0.00882	0.00678	0.00973	0.00571	0.00560	0.01851	0.01087	0.82384	0.01489	0.01288	0.00936	0.00472	0.00382	0.00119	0.00326	0.00381	0.00469	0.00647
20	0.00467	0.00334	0.00445	0.00534	0.00556	0.00311	0.00356	0.00534	0.00734	0.00979	0.02113	0.86275	0.02536	0.01201	0.00489	0.00156	0.00222	0.01090	0.00356	0.00311
21	0.00629	0.00512	0.00741	0.00699	0.00743	0.00640	0.00551	0.00728	0.00599	0.00878	0.00879	0.01356	0.00842	0.05498	0.55359	0.06136	0.22275	0.00393	0.00195	0.00346
22	0.00781	0.00737	0.01246	0.59538	0.25805	0.00854	0.01077	0.01024	0.00796	0.01057	0.00732	0.03350	0.00594	0.00394	0.00385	0.00125	0.00487	0.00362	0.00181	0.00474
23	0.00715	0.00357	0.00357	0.00357	0.00447	0.00357	0.00268	0.00893	0.00804	0.01429	0.01251	0.01429	0.00983	0.00447	0.00268	0.00089	0.00179	0.00357	0.88654	0.00357
24	0.00839	0.00839	0.01174	0.01007	0.01007	0.01174	0.00839	0.00923	0.00587	0.00923	0.00503	0.00839	0.00503	0.00671	0.01258	0.00168	0.85823	0.00336	0.00168	0.00419
25	0.00604	0.00484	0.00644	0.00635	0.00717	0.03266	0.00491	0.00801	0.06229	0.00937	0.01053	0.01495	0.00967	0.04359	0.74813	0.00561	0.00954	0.00410	0.00218	0.00361
26	0.68777	0.02429	0.00676	0.00577	0.00811	0.09718	0.00469	0.06685	0.00785	0.01658	0.00596	0.00684	0.00465	0.00370	0.00260	0.00114	0.00344	0.00227	0.03923	0.00433
27	0.00836	0.03535	0.11368	0.07637	0.06832	0.03757	0.03107	0.06103	0.13251	0.04913	0.09927	0.01787	0.14237	0.05173	0.00477	0.00134	0.00368	0.01588	0.04495	0.00475
28	0.01059	0.62181	0.08462	0.00741	0.01060	0.14325	0.00722	0.02792	0.00859	0.00984	0.03392	0.00725	0.00601	0.00359	0.00281	0.00090	0.00459	0.00237	0.00182	0.00489
29	0.00932	0.00508	0.00633	0.00558	0.00732	0.00446	0.00424	0.03331	0.00904	0.25877	0.03497	0.26519	0.11547	0.03488	0.00454	0.00128	0.00265	0.00631	0.06528	0.12601
30	0.04810	0.01888	0.15429	0.00987	0.14160	0.00722	0.02392	0.05501	0.03754	0.07657	0.02939	0.02015	0.01482	0.00374	0.00339	0.00095	0.00376	0.00312	0.00250	0.34519
31	0.01086	0.00943	0.01231	0.02999	0.23727	0.07560	0.07311	0.06297	0.04632	0.07181	0.00949	0.04296	0.00791	0.00444	0.00396	0.00115	0.00439	0.00371	0.00280	0.28952
32	0.00589	0.00430	0.00538	0.00530	0.00623	0.00404	0.00385	0.06083	0.00962	0.01337	0.36618	0.36447	0.04779	0.00900	0.00449	0.00130	0.00220	0.00800	0.02176	0.05602
33	0.10927	0.11792	0.12820	0.01030	0.11679	0.16092	0.04005	0.05473	0.12294	0.03452	0.05258	0.01016	0.01732	0.00418	0.00348	0.00112	0.00454	0.00327	0.00249	0.00520
34	0.00883	0.11949	0.07884	0.00745	0.00956	0.07140	0.00630	0.06674	0.31729	0.01313	0.01393	0.24490	0.01317	0.00656	0.00393	0.00127	0.00354	0.00552	0.00318	0.00498
35	0.04245	0.00461	0.00467	0.00470	0.00554	0.03525	0.00327	0.00678	0.03577	0.01022	0.07851	0.13853	0.32313	0.26162	0.00886	0.00203	0.00279	0.02495	0.00314	0.00316
36	0.07588	0.00630	0.03392	0.02617	0.03683	0.03070	0.00527	0.07849	0.02432	0.04380	0.01065	0.01564	0.03025	0.20874	0.32600	0.00365	0.03289	0.00417	0.00243	0.00390

[dist]
# distance from previous block
# <min> <max>
6	17

[block]
# block no. 4 follows, 71 sequences, length 17
# corresponding to MSA columns:
# 253-269
name=unknown_E
#
# <colnr> <probs for GDERKNQSTAVLIFYWHMCP>
#	G	D	E	R	K	N	Q	S	T	A	V	L	I	F	Y	W	H	M	C	P
0	0.21952	0.05396	0.01055	0.03226	0.10210	0.10248	0.03907	0.18950	0.01019	0.03089	0.00727	0.00850	0.00574	0.00538	0.05882	0.00139	0.00458	0.00289	0.00253	0.11238
1	0.10510	0.05479	0.13745	0.04426	0.11573	0.03186	0.03796	0.14008	0.11052	0.05531	0.02360	0.05895	0.00914	0.00525	0.00419	0.00136	0.01947	0.02439	0.00302	0.01757
2	0.01182	0.01302	0.02803	0.05182	0.06911	0.37274	0.07062	0.08384	0.15101	0.02925	0.00841	0.00943	0.00661	0.00499	0.02880	0.00130	0.04837	0.00327	0.00248	0.00508
3	0.00653	0.00485	0.00611	0.00548	0.00679	0.00463	0.03201	0.06476	0.04841	0.04143	0.43676	0.06966	0.21058	0.03874	0.00499	0.00134	0.00236	0.00680	0.00387	0.00392
4	0.00514	0.00391	0.00473	0.00452	0.00555	0.00350	0.00339	0.00668	0.01018	0.01378	0.58412	0.03127	0.29236	0.00844	0.00453	0.00123	0.00185	0.00730	0.00401	0.00350
5	0.00455	0.00381	0.00396	0.00409	0.00523	0.00322	0.00300	0.00548	0.00854	0.01028	0.03633	0.15392	0.72438	0.01004	0.00458	0.00133	0.00198	0.00849	0.00356	0.00322
6	0.00839	0.00839	0.01174	0.01007	0.01007	0.01174	0.00839	0.00923	0.00587	0.00923	0.00503	0.00839	0.00503	0.00671	0.01258	0.00168	0.85823	0.00336	0.00168	0.00419
7	0.00724	0.00681	0.01150	0.85604	0.02641	0.00852	0.01065	0.00980	0.00767	0.00980	0.00681	0.01022	0.00511	0.00383	0.00383	0.00128	0.00511	0.00341	0.00170	0.00426
8	0.01025	0.86756	0.02009	0.00656	0.00984	0.01517	0.00656	0.01148	0.00779	0.00902	0.00533	0.00615	0.00492	0.00328	0.00246	0.00082	0.00410	0.00205	0.00164	0.00492
9	0.00464	0.00371	0.00416	0.00451	0.00541	0.00323	0.00325	0.00553	0.00825	0.01019	0.03196	0.32863	0.52429	0.01055	0.00469	0.00140	0.00210	0.03674	0.00356	0.00320
10	0.00949	0.00911	0.01556	0.02353	0.84133	0.00911	0.01177	0.01177	0.00873	0.01253	0.00721	0.00949	0.00607	0.00342	0.00380	0.00114	0.00456	0.00342	0.00190	0.00607
11	0.00795	0.00681	0.00795	0.00568	0.00909	0.00511	0.00454	0.00965	0.00795	0.01249	0.00681	0.00795	0.00568	0.00284	0.00284	0.00057	0.00284	0.00227	0.00227	0.88869
12	0.38397	0.39193	0.12191	0.00649	0.00970	0.01157	0.00653	0.01148	0.00729	0.01290	0.00554	0.00644	0.00459	0.00345	0.00258	0.00103	0.00382	0.00216	0.00195	0.00469
13	0.01432	0.01827	0.01087	0.00988	0.01185	0.84986	0.00741	0.01531	0.01087	0.00938	0.00593	0.00691	0.00494	0.00395	0.00346	0.00099	0.00691	0.00247	0.00198	0.00444
14	0.00471	0.00389	0.00414	0.00408	0.00529	0.00331	0.00306	0.00585	0.00917	0.01138	0.20158	0.03522	0.67640	0.00933	0.00453	0.00128	0.00192	0.00786	0.00369	0.00331
15	0.00558	0.00372	0.00418	0.00418	0.00418	0.00372	0.00232	0.00558	0.00558	0.00743	0.01208	0.02509	0.01394	0.86525	0.01952	0.00372	0.00372	0.00558	0.00232	0.00232
16	0.00491	0.00354	0.00461	0.00531	0.00570	0.00332	0.00371	0.00574	0.00771	0.01023	0.07544	0.62523	0.08005	0.05874	0.00570	0.00166	0.00239	0.08932	0.00353	0.00315

[dist]
# distance from previous block
# <min> <max>
2	75

[block]
# block no. 5 follows, 71 sequences, length 15
# corresponding to MSA columns:
# 347-361
name=unknown_F
#
# <colnr> <probs for GDERKNQSTAVLIFYWHMCP>
#	G	D	E	R	K	N	Q	S	T	A	V	L	I	F	Y	W	H	M	C	P
0	0.00900	0.04412	0.04165	0.00684	0.02519	0.02021	0.00547	0.16418	0.15980	0.05719	0.18685	0.06200	0.08789	0.03134	0.01740	0.00134	0.00316	0.00513	0.06638	0.00485
1	0.00554	0.00396	0.00482	0.00461	0.00562	0.00356	0.00341	0.00695	0.00981	0.04130	0.50080	0.06872	0.26448	0.05302	0.00530	0.00138	0.00201	0.00727	0.00392	0.00352
2	0.00949	0.00911	0.01556	0.02353	0.84133	0.00911	0.01177	0.01177	0.00873	0.01253	0.00721	0.00949	0.00607	0.00342	0.00380	0.00114	0.00456	0.00342	0.00190	0.00607
3	0.00475	0.00340	0.00452	0.00529	0.00558	0.00317	0.00357	0.00553	0.00770	0.01035	0.10368	0.77860	0.02645	0.01159	0.00486	0.00152	0.00218	0.01050	0.00363	0.00317
4	0.89233	0.00741	0.00564	0.00504	0.00741	0.00860	0.00415	0.01127	0.00653	0.01720	0.00534	0.00623	0.00415	0.00356	0.00237	0.00119	0.00297	0.00208	0.00237	0.00415
5	0.01025	0.86756	0.02009	0.00656	0.00984	0.01517	0.00656	0.01148	0.00779	0.00902	0.00533	0.00615	0.00492	0.00328	0.00246	0.00082	0.00410	0.00205	0.00164	0.00492
6	0.00558	0.00372	0.00418	0.00418	0.00418	0.00372	0.00232	0.00558	0.00558	0.00743	0.01208	0.02509	0.01394	0.86525	0.01952	0.00372	0.00372	0.00558	0.00232	0.00232
7	0.89233	0.00741	0.00564	0.00504	0.00741	0.00860	0.00415	0.01127	0.00653	0.01720	0.00534	0.00623	0.00415	0.00356	0.00237	0.00119	0.00297	0.00208	0.00237	0.00415
8	0.00467	0.00334	0.00445	0.00534	0.00556	0.00311	0.00356	0.00534	0.00734	0.00979	0.02113	0.86275	0.02536	0.01201	0.00489	0.00156	0.00222	0.01090	0.00356	0.00311
9	0.01707	0.00674	0.00903	0.00692	0.00989	0.00595	0.00572	0.05948	0.01133	0.80269	0.01483	0.01286	0.00934	0.00474	0.00385	0.00118	0.00331	0.00384	0.00470	0.00652
10	0.00949	0.00911	0.01556	0.02353	0.84133	0.00911	0.01177	0.01177	0.00873	0.01253	0.00721	0.00949	0.00607	0.00342	0.00380	0.00114	0.00456	0.00342	0.00190	0.00607
11	0.00959	0.02217	0.00812	0.00724	0.00900	0.00724	0.00601	0.28995	0.04729	0.04888	0.01588	0.08988	0.04180	0.00780	0.00463	0.01817	0.00351	0.31397	0.04412	0.00473
12	0.00467	0.00334	0.00445	0.00534	0.00556	0.00311	0.00356	0.00534	0.00734	0.00979	0.02113	0.86275	0.02536	0.01201	0.00489	0.00156	0.00222	0.01090	0.00356	0.00311
13	0.15005	0.13601	0.12427	0.01053	0.11648	0.03517	0.09327	0.05237	0.18775	0.04504	0.00882	0.00947	0.00675	0.00394	0.00345	0.00116	0.00426	0.00323	0.00254	0.00544
14	0.02943	0.00964	0.01088	0.02447	0.01150	0.07453	0.05661	0.30888	0.14483	0.10312	0.00985	0.01019	0.00727	0.00460	0.00458	0.00118	0.08704	0.00349	0.01941	0.07851

[dist]
# distance from previous block
# <min> <max>
1	3

[block]
# block no. 6 follows, 71 sequences, length 47
# corresponding to MSA columns:
# 365-411
name=unknown_G
#
# <colnr> <probs for GDERKNQSTAVLIFYWHMCP>
#	G	D	E	R	K	N	Q	S	T	A	V	L	I	F	Y	W	H	M	C	P
0	0.00893	0.24424	0.27387	0.00967	0.01318	0.01066	0.12121	0.06337	0.00852	0.01161	0.00751	0.01063	0.00647	0.03058	0.00493	0.00126	0.09168	0.05240	0.00197	0.02731
1	0.00551	0.00371	0.00430	0.00443	0.00450	0.00369	0.00263	0.00566	0.00591	0.00787	0.01341	0.11420	0.01551	0.73649	0.01733	0.00340	0.00355	0.04294	0.00251	0.00246
2	0.01646	0.00669	0.00888	0.00692	0.00981	0.00601	0.00568	0.01885	0.09072	0.76380	0.01517	0.01317	0.00971	0.00479	0.00386	0.00120	0.00324	0.00390	0.00466	0.00648
3	0.01019	0.00997	0.01261	0.01401	0.28185	0.10739	0.08766	0.04210	0.36359	0.01402	0.01078	0.01133	0.00835	0.00426	0.00387	0.00121	0.00435	0.00381	0.00283	0.00581
4	0.00954	0.00824	0.00867	0.00780	0.00997	0.00954	0.00607	0.02037	0.83441	0.01604	0.01561	0.01431	0.01170	0.00520	0.00390	0.00130	0.00303	0.00433	0.00390	0.00607
5	0.00552	0.00408	0.00601	0.00601	0.00667	0.00471	0.00463	0.00684	0.00618	0.00896	0.01041	0.01550	0.00979	0.06618	0.79178	0.00592	0.00977	0.00416	0.02351	0.00338
6	0.00543	0.00392	0.00513	0.00482	0.00573	0.00362	0.00362	0.00724	0.01085	0.01538	0.83931	0.02864	0.03618	0.00784	0.00452	0.00121	0.00181	0.00693	0.00422	0.00362
7	0.89233	0.00741	0.00564	0.00504	0.00741	0.00860	0.00415	0.01127	0.00653	0.01720	0.00534	0.00623	0.00415	0.00356	0.00237	0.00119	0.00297	0.00208	0.00237	0.00415
8	0.00954	0.00824	0.00867	0.00780	0.00997	0.00954	0.00607	0.02037	0.83441	0.01604	0.01561	0.01431	0.01170	0.00520	0.00390	0.00130	0.00303	0.00433	0.00390	0.00607
9	0.00795	0.00681	0.00795	0.00568	0.00909	0.00511	0.00454	0.00965	0.00795	0.01249	0.00681	0.00795	0.00568	0.00284	0.00284	0.00057	0.00284	0.00227	0.00227	0.88869
10	0.00548	0.00411	0.00616	0.00616	0.00685	0.00479	0.00479	0.00685	0.00616	0.00890	0.01027	0.01506	0.00959	0.02876	0.85006	0.00616	0.01027	0.00411	0.00205	0.00342
11	0.00548	0.00411	0.00616	0.00616	0.00685	0.00479	0.00479	0.00685	0.00616	0.00890	0.01027	0.01506	0.00959	0.02876	0.85006	0.00616	0.01027	0.00411	0.00205	0.00342
12	0.00618	0.00441	0.00618	0.00706	0.00794	0.00441	0.00618	0.00794	0.00883	0.01147	0.02030	0.04325	0.02207	0.01059	0.00530	0.00177	0.00353	0.81553	0.00353	0.00353
13	0.01393	0.01036	0.01116	0.00852	0.01162	0.01123	0.00702	0.74924	0.01705	0.02303	0.00897	0.00908	0.00644	0.00443	0.00374	0.00109	0.00409	0.00334	0.00368	0.09196
14	0.00795	0.00681	0.00795	0.00568	0.00909	0.00511	0.00454	0.00965	0.00795	0.01249	0.00681	0.00795	0.00568	0.00284	0.00284	0.00057	0.00284	0.00227	0.00227	0.88869
15	0.00777	0.04573	0.82018	0.01079	0.01639	0.00910	0.01393	0.01212	0.00809	0.01205	0.00683	0.00804	0.00486	0.00363	0.00361	0.00120	0.00562	0.00281	0.00162	0.00564
16	0.00535	0.00388	0.00505	0.00484	0.00570	0.00357	0.00360	0.00706	0.01055	0.01485	0.76111	0.08878	0.05488	0.00818	0.00455	0.00123	0.00184	0.00725	0.00416	0.00357
17	0.00470	0.00339	0.00445	0.00524	0.00555	0.00314	0.00353	0.00544	0.00758	0.01009	0.06191	0.78236	0.06502	0.01170	0.00486	0.00153	0.00219	0.01057	0.00359	0.00314
18	0.00750	0.00554	0.00732	0.05403	0.05362	0.01561	0.00617	0.08804	0.03600	0.04371	0.04657	0.19211	0.03128	0.00895	0.00476	0.00153	0.00342	0.38628	0.00344	0.00412
19	0.01032	0.71964	0.09930	0.00724	0.01065	0.07925	0.00736	0.01184	0.00806	0.00935	0.00553	0.00640	0.00492	0.00337	0.00265	0.00087	0.00447	0.00216	0.00166	0.00496
20	0.01000	0.06924	0.05323	0.05345	0.13790	0.12628	0.42067	0.03098	0.00922	0.02203	0.00724	0.00932	0.00564	0.00353	0.00422	0.00120	0.02495	0.00373	0.00197	0.00519
21	0.00814	0.00751	0.04886	0.00605	0.00944	0.00555	0.00510	0.04901	0.00857	0.01317	0.04476	0.00896	0.00707	0.00319	0.00300	0.00066	0.00300	0.00257	0.00240	0.76299
22	0.00612	0.00458	0.00654	0.00635	0.00720	0.00529	0.00497	0.06488	0.00700	0.00998	0.01019	0.01465	0.00937	0.02705	0.79029	0.00581	0.00984	0.00406	0.00218	0.00364
23	0.01355	0.04884	0.01137	0.00866	0.01149	0.09281	0.00707	0.58432	0.14765	0.02076	0.00974	0.00967	0.00713	0.00458	0.00375	0.00114	0.00429	0.00344	0.00357	0.00618
24	0.00865	0.00689	0.00806	0.00589	0.00919	0.00544	0.00471	0.01094	0.06293	0.06589	0.00793	0.00870	0.00632	0.00312	0.00297	0.00066	0.00288	0.00251	0.00254	0.77378
25	0.00608	0.00418	0.00610	0.00593	0.00680	0.00386	0.05399	0.00734	0.00888	0.07073	0.29437	0.47091	0.02668	0.00956	0.00467	0.00140	0.00242	0.00868	0.00377	0.00365
26	0.01102	0.00731	0.00771	0.00631	0.00834	0.00791	0.00508	0.43623	0.01325	0.01944	0.01079	0.01164	0.00810	0.00454	0.00328	0.00103	0.00305	0.00351	0.42635	0.00511
27	0.01025	0.86756	0.02009	0.00656	0.00984	0.01517	0.00656	0.01148	0.00779	0.00902	0.00533	0.00615	0.00492	0.00328	0.00246	0.00082	0.00410	0.00205	0.00164	0.00492
28	0.00471	0.00389	0.00413	0.00407	0.00529	0.00331	0.00305	0.00584	0.00915	0.01134	0.19585	0.03528	0.68216	0.00934	0.00453	0.00128	0.00192	0.00786	0.00369	0.00331
29	0.00666	0.00333	0.00500	0.00500	0.00500	0.00333	0.00333	0.00500	0.00500	0.00666	0.00666	0.01166	0.00666	0.01332	0.01499	0.88844	0.00333	0.00333	0.00167	0.00167
30	0.01458	0.01074	0.01151	0.00882	0.01189	0.01189	0.00729	0.82855	0.01803	0.02416	0.00921	0.00921	0.00652	0.00460	0.00384	0.00115	0.00422	0.00345	0.00384	0.00652
31	0.00471	0.00335	0.00444	0.00529	0.00550	0.00314	0.00351	0.00535	0.00727	0.00969	0.02074	0.82681	0.02487	0.04862	0.00552	0.00165	0.00229	0.01067	0.00351	0.00308
32	0.89233	0.00741	0.00564	0.00504	0.00741	0.00860	0.00415	0.01127	0.00653	0.01720	0.00534	0.00623	0.00415	0.00356	0.00237	0.00119	0.00297	0.00208	0.00237	0.00415
33	0.00715	0.00357	0.00357	0.00357	0.00447	0.00357	0.00268	0.00893	0.00804	0.01429	0.01251	0.01429	0.00983	0.00447	0.00268	0.00089	0.00179	0.00357	0.88654	0.00357
34	0.00537	0.00392	0.00504	0.00476	0.00569	0.00359	0.00357	0.00712	0.01071	0.01504	0.78543	0.02920	0.09027	0.00796	0.00452	0.00121	0.00182	0.00701	0.00418	0.00359
35	0.00503	0.00386	0.00467	0.00508	0.00595	0.00350	0.00388	0.00618	0.00861	0.01100	0.11787	0.26145	0.35195	0.01032	0.00480	0.00146	0.00235	0.18511	0.00363	0.00331
36	0.00549	0.00405	0.00586	0.00586	0.00644	0.00463	0.00442	0.00665	0.00607	0.00868	0.01055	0.01659	0.01025	0.15649	0.72323	0.00579	0.00927	0.00433	0.00210	0.00326
37	0.00769	0.01983	0.84538	0.01093	0.01659	0.00890	0.01417	0.01214	0.00810	0.01214	0.00688	0.00810	0.00486	0.00364	0.00364	0.00121	0.00567	0.00283	0.00162	0.00567
38	0.00527	0.00379	0.00512	0.00597	0.00650	0.00364	0.00458	0.00639	0.00799	0.01049	0.02154	0.49970	0.05813	0.01135	0.00504	0.00163	0.00274	0.33330	0.00355	0.00329
39	0.00715	0.00357	0.00357	0.00357	0.00447	0.00357	0.00268	0.00893	0.00804	0.01429	0.01251	0.01429	0.00983	0.00447	0.00268	0.00089	0.00179	0.00357	0.88654	0.00357
40	0.01365	0.00949	0.01042	0.00872	0.03630	0.10378	0.04379	0.23814	0.17806	0.26665	0.01190	0.01138	0.00835	0.00459	0.00380	0.00117	0.00402	0.00369	0.03608	0.00601
41	0.00512	0.00378	0.00522	0.00577	0.00619	0.00359	0.02815	0.03193	0.00773	0.01032	0.02035	0.81007	0.02417	0.01151	0.00485	0.00154	0.00241	0.01047	0.00352	0.00328
42	0.00849	0.00903	0.05788	0.19892	0.06514	0.03535	0.13740	0.01102	0.06225	0.02119	0.01753	0.01047	0.00646	0.03905	0.00758	0.00149	0.30043	0.00370	0.00199	0.00463
43	0.00771	0.00654	0.00768	0.00560	0.00877	0.00497	0.00446	0.00943	0.00823	0.01277	0.08567	0.00991	0.00857	0.00331	0.00300	0.00063	0.00274	0.00271	0.00246	0.80486
44	0.00795	0.00681	0.00795	0.00568	0.00909	0.00511	0.00454	0.00965	0.00795	0.01249	0.00681	0.00795	0.00568	0.00284	0.00284	0.00057	0.00284	0.00227	0.00227	0.88869
45	0.00558	0.00372	0.00418	0.00418	0.00418	0.00372	0.00232	0.00558	0.00558	0.00743	0.01208	0.02509	0.01394	0.86525	0.01952	0.00372	0.00372	0.00558	0.00232	0.00232
46	0.00890	0.00990	0.04531	0.04514	0.07363	0.00939	0.54898	0.01275	0.10119	0.01248	0.00855	0.02054	0.00663	0.00373	0.00461	0.00127	0.03949	0.00427	0.00216	0.04110

[dist]
# distance from previous block
# <min> <max>
0	1

[block]
# block no. 7 follows, 71 sequences, length 17
# corresponding to MSA columns:
# 413-429
name=unknown_H
#
# <colnr> <probs for GDERKNQSTAVLIFYWHMCP>
#	G	D	E	R	K	N	Q	S	T	A	V	L	I	F	Y	W	H	M	C	P
0	0.05151	0.00661	0.00876	0.00678	0.00970	0.00586	0.00559	0.01844	0.03350	0.78854	0.01475	0.01282	0.00934	0.00471	0.00380	0.00119	0.00324	0.00380	0.00463	0.00642
1	0.00951	0.00896	0.01486	0.09024	0.71662	0.00919	0.01132	0.04419	0.03439	0.01287	0.00752	0.00969	0.00619	0.00355	0.00380	0.00116	0.00454	0.00345	0.00202	0.00594
2	0.01160	0.01159	0.00968	0.00856	0.01077	0.26471	0.00662	0.11706	0.48539	0.01501	0.01189	0.01144	0.00902	0.00475	0.00376	0.00119	0.00436	0.00366	0.00331	0.00563
3	0.00688	0.00606	0.00841	0.00762	0.00784	0.00787	0.00600	0.00772	0.00591	0.00876	0.00815	0.01390	0.00830	0.18508	0.28752	0.00355	0.41089	0.00404	0.00193	0.00357
4	0.00656	0.00489	0.00581	0.00590	0.00691	0.00494	0.00441	0.07608	0.11584	0.02537	0.07188	0.37195	0.13325	0.04400	0.00523	0.00154	0.00266	0.10526	0.00363	0.00390
5	0.00924	0.12600	0.34739	0.01211	0.01651	0.03165	0.31818	0.05675	0.00908	0.02667	0.00725	0.00880	0.00540	0.00352	0.00383	0.00118	0.00567	0.00341	0.00193	0.00541
6	0.00467	0.00334	0.00445	0.00534	0.00556	0.00311	0.00356	0.00534	0.00734	0.00979	0.02113	0.86275	0.02536	0.01201	0.00489	0.00156	0.00222	0.01090	0.00356	0.00311
7	0.00939	0.01074	0.08987	0.01435	0.01808	0.00949	0.62236	0.04119	0.05115	0.04555	0.00841	0.01047	0.00626	0.00404	0.02060	0.00138	0.02493	0.00427	0.00219	0.00530
8	0.03149	0.03080	0.12510	0.16508	0.05218	0.15863	0.12877	0.07745	0.06667	0.10330	0.00862	0.01007	0.00642	0.00404	0.00380	0.00119	0.00517	0.01348	0.00247	0.00525
9	0.00868	0.00819	0.01387	0.24125	0.57124	0.00864	0.01110	0.01099	0.00846	0.01174	0.00799	0.01195	0.00689	0.00401	0.00391	0.00122	0.00463	0.05788	0.00196	0.00543
10	0.00460	0.00389	0.00398	0.00396	0.00522	0.00327	0.00297	0.00563	0.00890	0.01074	0.09945	0.03627	0.77894	0.00957	0.00453	0.00129	0.00193	0.00800	0.00361	0.00327
11	0.00886	0.00875	0.01567	0.07534	0.56229	0.00869	0.16472	0.01125	0.00877	0.01224	0.02888	0.01182	0.05733	0.00390	0.00400	0.00119	0.00473	0.00399	0.00205	0.00555
12	0.01093	0.04593	0.13173	0.14967	0.07224	0.09275	0.03505	0.10817	0.05101	0.16328	0.01034	0.06214	0.00830	0.00482	0.00386	0.00122	0.00456	0.03584	0.00283	0.00533
13	0.79476	0.00732	0.00600	0.00524	0.00768	0.00827	0.00432	0.01210	0.00702	0.10939	0.00643	0.00699	0.00475	0.00369	0.00254	0.00119	0.00300	0.00227	0.00264	0.00442
14	0.01828	0.08489	0.05157	0.08441	0.18843	0.03962	0.00750	0.07924	0.07857	0.02203	0.15482	0.02660	0.07932	0.00630	0.03657	0.00138	0.00400	0.02877	0.00282	0.00488
15	0.00540	0.00385	0.00465	0.00461	0.00512	0.00385	0.00312	0.00611	0.00690	0.00932	0.10538	0.02508	0.16249	0.41352	0.19671	0.00347	0.00458	0.00579	0.02714	0.00290
16	0.00990	0.15105	0.21860	0.00941	0.03397	0.06857	0.10174	0.02686	0.00870	0.09127	0.00741	0.00846	0.00568	0.00362	0.00376	0.00101	0.04013	0.00289	0.00218	0.20480

[dist]
# distance from previous block
# <min> <max>
3	5

[block]
# block no. 8 follows, 71 sequences, length 65
# corresponding to MSA columns:
# 436-500
name=unknown_I
#
# <colnr> <probs for GDERKNQSTAVLIFYWHMCP>
#	G	D	E	R	K	N	Q	S	T	A	V	L	I	F	Y	W	H	M	C	P
0	0.04294	0.34102	0.17048	0.00842	0.01196	0.07482	0.04845	0.14363	0.00986	0.04866	0.00690	0.00769	0.00542	0.00371	0.00329	0.00101	0.01629	0.00268	0.00222	0.05053
1	0.08849	0.00585	0.00689	0.05243	0.00818	0.04034	0.00512	0.00863	0.03973	0.02151	0.07711	0.03075	0.11731	0.07500	0.23483	0.00280	0.13202	0.00463	0.04463	0.00375
2	0.00548	0.00409	0.00608	0.00608	0.00673	0.00475	0.00469	0.00679	0.00614	0.00884	0.01035	0.01549	0.00977	0.06398	0.81509	0.00606	0.00999	0.00417	0.00207	0.00338
3	0.01458	0.01074	0.01151	0.00882	0.01189	0.01189	0.00729	0.82855	0.01803	0.02416	0.00921	0.00921	0.00652	0.00460	0.00384	0.00115	0.00422	0.00345	0.00384	0.00652
