[name]
unknown

[dist]
# distance from previous block
# <min> <max>
0	15

[block]
# block no. 0 follows, 71 sequences, length 47
# corresponding to MSA columns:
# 15-61
name=unknown_A
#
# <colnr> <probs for GDERKNQSTAVLIFYWHMCP>
#	G	D	E	R	K	N	Q	S	T	A	V	L	I	F	Y	W	H	M	C	P
0	0.00855	0.00666	0.00815	0.00662	0.00931	0.00581	0.02079	0.07322	0.05431	0.05028	0.01116	0.01730	0.01025	0.00509	0.00365	0.00099	0.00321	0.20146	0.00289	0.50029
1	0.00555	0.00383	0.00474	0.00474	0.00493	0.00402	0.00302	0.00593	0.00574	0.00785	0.01157	0.02226	0.01271	0.62936	0.25373	0.00441	0.00557	0.00516	0.00225	0.00263
2	0.72018	0.00724	0.00628	0.00539	0.00788	0.00802	0.00444	0.01273	0.00740	0.17984	0.00726	0.00757	0.00520	0.00379	0.00266	0.00119	0.00302	0.00243	0.00284	0.00462
3	0.00905	0.01034	0.02262	0.01616	0.02004	0.00970	0.82741	0.01228	0.00905	0.01228	0.00776	0.01034	0.00582	0.00323	0.00452	0.00129	0.00646	0.00452	0.00194	0.00517
4	0.00480	0.00385	0.00429	0.00428	0.00537	0.00334	0.00317	0.00599	0.00923	0.01175	0.26757	0.10604	0.53809	0.00937	0.00456	0.00129	0.00193	0.00800	0.00375	0.00334
5	0.00530	0.00391	0.00494	0.00469	0.00565	0.00356	0.00351	0.00698	0.01054	0.01464	0.72188	0.02985	0.15407	0.00811	0.00452	0.00122	0.00183	0.00710	0.00412	0.00356
6	0.00458	0.00389	0.00395	0.00393	0.00521	0.00326	0.00295	0.00559	0.00885	0.01061	0.07894	0.03649	0.79952	0.00962	0.00453	0.00129	0.00194	0.00803	0.00359	0.00326
7	0.89233	0.00741	0.00564	0.00504	0.00741	0.00860	0.00415	0.01127	0.00653	0.01720	0.00534	0.00623	0.00415	0.00356	0.00237	0.00119	0.00297	0.00208	0.00237	0.00415
8	0.00797	0.00687	0.00807	0.00582	0.00912	0.00533	0.00467	0.00964	0.00788	0.01239	0.00676	0.00797	0.00566	0.00297	0.00316	0.00060	0.03077	0.00231	0.00225	0.85981
9	0.00795	0.00681	0.00795	0.00568	0.00909	0.00511	0.00454	0.00965	0.00795	0.01249	0.00681	0.00795	0.00568	0.00284	0.00284	0.00057	0.00284	0.00227	0.00227	0.88869
10	0.89233	0.00741	0.00564	0.00504	0.00741	0.00860	0.00415	0.01127	0.00653	0.01720	0.00534	0.00623	0.00415	0.00356	0.00237	0.00119	0.00297	0.00208	0.00237	0.00415
11	0.01469	0.00993	0.01089	0.00838	0.01136	0.01077	0.00691	0.69163	0.01674	0.13535	0.01012	0.00989	0.00703	0.00462	0.00380	0.00115	0.00401	0.00351	0.03278	0.00642
12	0.89233	0.00741	0.00564	0.00504	0.00741	0.00860	0.00415	0.01127	0.00653	0.01720	0.00534	0.00623	0.00415	0.00356	0.00237	0.00119	0.00297	0.00208	0.00237	0.00415
13	0.00949	0.00911	0.01556	0.02353	0.84133	0.00911	0.01177	0.01177	0.00873	0.01253	0.00721	0.00949	0.00607	0.00342	0.00380	0.00114	0.00456	0.00342	0.00190	0.00607
14	0.01458	0.01074	0.01151	0.00882	0.01189	0.01189	0.00729	0.82855	0.01803	0.02416	0.00921	0.00921	0.00652	0.00460	0.00384	0.00115	0.00422	0.00345	0.00384	0.00652
15	0.00954	0.00824	0.00867	0.00780	0.00997	0.00954	0.00607	0.02037	0.83441	0.01604	0.01561	0.01431	0.01170	0.00520	0.00390	0.00130	0.00303	0.00433	0.00390	0.00607
16	0.00548	0.00408	0.00604	0.00604	0.00668	0.00473	0.00464	0.00677	0.00613	0.00881	0.01038	0.01569	0.00986	0.08121	0.79797	0.00601	0.00986	0.00420	0.00207	0.00335
17	0.00784	0.00401	0.00413	0.00393	0.00499	0.00403	0.00300	0.04717	0.00860	0.04353	0.01245	0.01402	0.00966	0.00448	0.00277	0.00092	0.00195	0.00358	0.81514	0.00381
18	0.01107	0.03867	0.01059	0.00903	0.01036	0.36446	0.00712	0.09221	0.00929	0.01068	0.00693	0.02283	0.00628	0.03444	0.10706	0.00190	0.24737	0.00323	0.00211	0.00439
19	0.89233	0.00741	0.00564	0.00504	0.00741	0.00860	0.00415	0.01127	0.00653	0.01720	0.00534	0.00623	0.00415	0.00356	0.00237	0.00119	0.00297	0.00208	0.00237	0.00415
20	0.01903	0.00412	0.00511	0.00558	0.00646	0.00412	0.00461	0.00831	0.02050	0.01270	0.05613	0.08679	0.01820	0.00820	0.00424	0.00140	0.00273	0.41074	0.31746	0.00357
21	0.00979	0.00943	0.01012	0.00855	0.01035	0.18828	0.09813	0.18143	0.01994	0.01319	0.06665	0.06120	0.04864	0.03749	0.17297	0.00227	0.04991	0.00443	0.00271	0.00451
22	0.00898	0.01082	0.06384	0.01590	0.01987	0.00966	0.78667	0.01227	0.00900	0.01227	0.00771	0.01023	0.00577	0.00325	0.00448	0.00129	0.00642	0.00444	0.00192	0.00520
23	0.00558	0.00372	0.00418	0.00418	0.00418	0.00372	0.00232	0.00558	0.00558	0.00743	0.01208	0.02509	0.01394	0.86525	0.01952	0.00372	0.00372	0.00558	0.00232	0.00232
24	0.00524	0.00365	0.00466	0.00512	0.00535	0.00362	0.00342	0.00581	0.00667	0.00893	0.01648	0.38190	0.01910	0.34733	0.09099	0.00286	0.00369	0.07937	0.00293	0.00287
25	0.02945	0.03423	0.01123	0.05175	0.01247	0.48769	0.00745	0.29264	0.01301	0.01458	0.00707	0.00783	0.00547	0.00415	0.00356	0.00106	0.00577	0.00284	0.00260	0.00515
26	0.01669	0.00735	0.00941	0.00721	0.01020	0.00686	0.00596	0.17706	0.01235	0.68367	0.01397	0.01230	0.00891	0.00472	0.00385	0.00118	0.00345	0.00378	0.00457	0.00652
27	0.00455	0.00387	0.00392	0.00394	0.00520	0.00324	0.00294	0.00553	0.00874	0.01043	0.05246	0.06007	0.80261	0.00974	0.00454	0.00130	0.00195	0.00815	0.00357	0.00324
28	0.89233	0.00741	0.00564	0.00504	0.00741	0.00860	0.00415	0.01127	0.00653	0.01720	0.00534	0.00623	0.00415	0.00356	0.00237	0.00119	0.00297	0.00208	0.00237	0.00415
29	0.00724	0.00681	0.01150	0.85604	0.02641	0.00852	0.01065	0.00980	0.00767	0.00980	0.00681	0.01022	0.00511	0.00383	0.00383	0.00128	0.00511	0.00341	0.00170	0.00426
30	0.00908	0.00911	0.01297	0.03433	0.29524	0.07109	0.04214	0.02245	0.00769	0.01079	0.00694	0.02305	0.00642	0.00594	0.03039	0.00153	0.37403	0.03001	0.00192	0.00487
31	0.05317	0.00757	0.00827	0.00675	0.00902	0.02504	0.00542	0.31196	0.05163	0.17170	0.09879	0.04213	0.01148	0.00512	0.00366	0.00112	0.00322	0.00410	0.15155	0.02832
32	0.00952	0.00738	0.01175	0.03068	0.03063	0.00740	0.25058	0.15832	0.02599	0.06431	0.01124	0.06263	0.00937	0.03290	0.00437	0.00126	0.00404	0.03654	0.23626	0.00481
33	0.00493	0.00389	0.00444	0.00433	0.00543	0.00340	0.00324	0.00625	0.00963	0.01253	0.38747	0.05255	0.47038	0.00895	0.00454	0.00126	0.00189	0.00765	0.00385	0.00340
34	0.00495	0.00390	0.00447	0.00433	0.00544	0.00342	0.00324	0.00632	0.00973	0.01272	0.41557	0.03301	0.46157	0.00883	0.00453	0.00125	0.00188	0.00755	0.00387	0.00342
35	0.01432	0.01827	0.01087	0.00988	0.01185	0.84986	0.00741	0.01531	0.01087	0.00938	0.00593	0.00691	0.00494	0.00395	0.00346	0.00099	0.00691	0.00247	0.00198	0.00444
36	0.00537	0.00383	0.00523	0.00609	0.00661	0.00372	0.00472	0.00652	0.00798	0.01050	0.02057	0.47432	0.02363	0.02900	0.00538	0.00170	0.00285	0.37518	0.00352	0.00329
37	0.01025	0.86756	0.02009	0.00656	0.00984	0.01517	0.00656	0.01148	0.00779	0.00902	0.00533	0.00615	0.00492	0.00328	0.00246	0.00082	0.00410	0.00205	0.00164	0.00492
38	0.00795	0.00681	0.00795	0.00568	0.00909	0.00511	0.00454	0.00965	0.00795	0.01249	0.00681	0.00795	0.00568	0.00284	0.00284	0.00057	0.00284	0.00227	0.00227	0.88869
39	0.01720	0.00653	0.00890	0.00682	0.00979	0.00564	0.00564	0.01869	0.01097	0.84399	0.01513	0.01305	0.00949	0.00475	0.00386	0.00119	0.00326	0.00386	0.00475	0.00653
40	0.01432	0.01827	0.01087	0.00988	0.01185	0.84986	0.00741	0.01531	0.01087	0.00938	0.00593	0.00691	0.00494	0.00395	0.00346	0.00099	0.00691	0.00247	0.00198	0.00444
41	0.01016	0.76971	0.06979	0.00695	0.01026	0.01449	0.00707	0.01158	0.00780	0.02513	0.00560	0.00648	0.00501	0.00345	0.00291	0.00088	0.03387	0.00218	0.00170	0.00497
42	0.00887	0.02432	0.01145	0.48943	0.04693	0.02485	0.02938	0.09084	0.00886	0.06392	0.00841	0.05177	0.00696	0.00479	0.00480	0.00131	0.09213	0.02409	0.00225	0.00464
43	0.00516	0.00395	0.00556	0.00595	0.00644	0.00384	0.03822	0.00641	0.04025	0.01047	0.06991	0.72653	0.02428	0.01102	0.00496	0.00152	0.01866	0.00999	0.00351	0.00337
44	0.00906	0.00785	0.00914	0.00669	0.01001	0.04880	0.04779	0.06755	0.00895	0.03661	0.00722	0.00825	0.00582	0.00309	0.00306	0.00069	0.00334	0.00253	0.00242	0.71114
45	0.00548	0.00411	0.00616	0.00616	0.00685	0.00479	0.00479	0.00685	0.00616	0.00890	0.01027	0.01506	0.00959	0.02876	0.85006	0.00616	0.01027	0.00411	0.00205	0.00342
46	0.00905	0.19122	0.06522	0.02613	0.01064	0.00836	0.02670	0.06855	0.02482	0.02248	0.00694	0.00797	0.00567	0.00327	0.00312	0.00078	0.01618	0.00250	0.00224	0.49817

[dist]
# distance from previous block
# <min> <max>
1	3

[block]
# block no. 1 follows, 71 sequences, length 17
# corresponding to MSA columns:
# 67-83
name=unknown_B
#
# <colnr> <probs for GDERKNQSTAVLIFYWHMCP>
#	G	D	E	R	K	N	Q	S	T	A	V	L	I	F	Y	W	H	M	C	P
0	0.02826	0.09610	0.08597	0.00756	0.01072	0.02354	0.00678	0.13323	0.07556	0.47402	0.01226	0.01123	0.00819	0.00448	0.00367	0.00115	0.00375	0.00351	0.00386	0.00617
1	0.00494	0.00358	0.00456	0.00497	0.00546	0.00331	0.00341	0.00589	0.00827	0.01116	0.24388	0.49107	0.10074	0.08299	0.00600	0.00162	0.00221	0.00912	0.00363	0.00319
2	0.01025	0.86756	0.02009	0.00656	0.00984	0.01517	0.00656	0.01148	0.00779	0.00902	0.00533	0.00615	0.00492	0.00328	0.00246	0.00082	0.00410	0.00205	0.00164	0.00492
3	0.00460	0.00389	0.00398	0.00396	0.00522	0.00327	0.00297	0.00564	0.00891	0.01076	0.10327	0.03624	0.77510	0.00956	0.00453	0.00129	0.00193	0.00800	0.00361	0.00327
4	0.00724	0.00681	0.01150	0.85604	0.02641	0.00852	0.01065	0.00980	0.00767	0.00980	0.00681	0.01022	0.00511	0.00383	0.00383	0.00128	0.00511	0.00341	0.00170	0.00426
5	0.01036	0.76426	0.01880	0.00679	0.00993	0.04827	0.00656	0.01235	0.07444	0.00960	0.00618	0.00684	0.00547	0.00346	0.00262	0.00087	0.00413	0.00225	0.00184	0.00499
6	0.00574	0.00413	0.00513	0.00506	0.00549	0.00440	0.00342	0.00693	0.05567	0.00876	0.03720	0.02159	0.03771	0.48585	0.29242	0.00423	0.00573	0.00513	0.00242	0.00298
7	0.00488	0.00394	0.00437	0.00447	0.00555	0.00348	0.00332	0.00622	0.03106	0.01122	0.15619	0.16609	0.53888	0.00970	0.00460	0.00134	0.00205	0.03562	0.00367	0.00336
8	0.01009	0.05266	0.02881	0.00938	0.07747	0.01005	0.02584	0.11133	0.59526	0.01616	0.01330	0.01269	0.01003	0.00481	0.00382	0.00124	0.00348	0.00402	0.00352	0.00603
9	0.00471	0.00354	0.00438	0.00492	0.00548	0.00320	0.00340	0.00558	0.00806	0.01051	0.11030	0.56632	0.23369	0.01099	0.00476	0.00145	0.00211	0.00978	0.00363	0.00320
10	0.00801	0.12468	0.74331	0.01039	0.01576	0.00968	0.01323	0.01206	0.00806	0.01176	0.00669	0.00785	0.00486	0.00360	0.00350	0.00117	0.00547	0.00274	0.00162	0.00557
11	0.00838	0.22010	0.60058	0.01021	0.01520	0.01044	0.06108	0.01199	0.00808	0.01141	0.00657	0.00777	0.00493	0.00353	0.00342	0.00113	0.00534	0.00275	0.00164	0.00546
12	0.00485	0.00390	0.00433	0.00422	0.00538	0.00337	0.00317	0.00612	0.00950	0.01215	0.32534	0.03394	0.55216	0.00904	0.00453	0.00126	0.00189	0.00768	0.00380	0.00337
13	0.00618	0.00441	0.00618	0.00706	0.00794	0.00441	0.00618	0.00794	0.00883	0.01147	0.02030	0.04325	0.02207	0.01059	0.00530	0.00177	0.00353	0.81553	0.00353	0.00353
14	0.01022	0.14306	0.29285	0.02026	0.03604	0.11980	0.09410	0.07182	0.07804	0.05761	0.02535	0.00965	0.00680	0.00401	0.00362	0.00114	0.00508	0.01284	0.00230	0.00541
15	0.00857	0.14519	0.50987	0.01117	0.08500	0.00994	0.04940	0.03230	0.07494	0.01237	0.02207	0.00891	0.00615	0.00377	0.00356	0.00116	0.00506	0.00305	0.00194	0.00558
16	0.00807	0.01099	0.19400	0.01195	0.05267	0.04682	0.29830	0.01083	0.03068	0.01135	0.00999	0.16996	0.00950	0.02290	0.00544	0.00139	0.09307	0.00511	0.00221	0.00477

[dist]
# distance from previous block
# <min> <max>
0	2

[block]
# block no. 2 follows, 71 sequences, length 17
# corresponding to MSA columns:
# 86-102
name=unknown_C
#
# <colnr> <probs for GDERKNQSTAVLIFYWHMCP>
#	G	D	E	R	K	N	Q	S	T	A	V	L	I	F	Y	W	H	M	C	P
0	0.11665	0.05166	0.07092	0.05935	0.08498	0.24075	0.17015	0.09312	0.00974	0.01281	0.00669	0.00827	0.00528	0.00387	0.00407	0.00116	0.05032	0.00311	0.00212	0.00498
1	0.00475	0.00340	0.00454	0.00543	0.00569	0.00319	0.00370	0.00548	0.00742	0.00988	0.02109	0.81744	0.02518	0.01193	0.00492	0.00157	0.00230	0.05539	0.00356	0.00314
2	0.89233	0.00741	0.00564	0.00504	0.00741	0.00860	0.00415	0.01127	0.00653	0.01720	0.00534	0.00623	0.00415	0.00356	0.00237	0.00119	0.00297	0.00208	0.00237	0.00415
3	0.00795	0.00681	0.00795	0.00568	0.00909	0.00511	0.00454	0.00965	0.00795	0.01249	0.00681	0.00795	0.00568	0.00284	0.00284	0.00057	0.00284	0.00227	0.00227	0.88869
4	0.01432	0.01827	0.01087	0.00988	0.01185	0.84986	0.00741	0.01531	0.01087	0.00938	0.00593	0.00691	0.00494	0.00395	0.00346	0.00099	0.00691	0.00247	0.00198	0.00444
5	0.89233	0.00741	0.00564	0.00504	0.00741	0.00860	0.00415	0.01127	0.00653	0.01720	0.00534	0.00623	0.00415	0.00356	0.00237	0.00119	0.00297	0.00208	0.00237	0.00415
6	0.78462	0.00761	0.00622	0.00540	0.00786	0.00869	0.00445	0.07034	0.00758	0.05992	0.00612	0.00679	0.00460	0.00369	0.00255	0.00118	0.00307	0.00227	0.00260	0.00444
7	0.00473	0.00345	0.00447	0.00523	0.00561	0.00319	0.00358	0.00550	0.00764	0.01006	0.04536	0.72344	0.11281	0.01160	0.00486	0.00153	0.00223	0.03801	0.00358	0.00316
8	0.00584	0.00426	0.00571	0.00627	0.00720	0.00413	0.00531	0.00752	0.00919	0.01205	0.17194	0.03981	0.12408	0.00998	0.00506	0.00161	0.00302	0.56985	0.00366	0.00351
9	0.00582	0.00461	0.00661	0.06820	0.00806	0.00542	0.00505	0.00700	0.00630	0.00885	0.01142	0.01687	0.05543	0.15225	0.54091	0.00477	0.08250	0.00444	0.00212	0.00337
10	0.01585	0.00660	0.00856	0.00665	0.00940	0.00600	0.00547	0.09397	0.01132	0.67528	0.01428	0.01282	0.00925	0.00470	0.00372	0.00115	0.00319	0.00379	0.10181	0.00620
11	0.00521	0.00375	0.00484	0.00542	0.00594	0.00357	0.00398	0.00618	0.00789	0.01040	0.08867	0.40207	0.10090	0.12635	0.00690	0.00185	0.00269	0.20680	0.00344	0.00316
12	0.00794	0.05555	0.73651	0.01085	0.01618	0.00924	0.05117	0.01247	0.04277	0.01218	0.00722	0.00838	0.00519	0.00367	0.00364	0.00120	0.00553	0.00294	0.00173	0.00563
13	0.01138	0.01065	0.11634	0.00830	0.01120	0.04473	0.02296	0.46589	0.05232	0.01902	0.08458	0.03057	0.07930	0.00531	0.00393	0.00118	0.00402	0.00424	0.01845	0.00563
14	0.00510	0.00364	0.00467	0.00518	0.00560	0.00344	0.00362	0.00595	0.00779	0.01041	0.13785	0.46330	0.06948	0.15545	0.00734	0.00188	0.00255	0.10020	0.00344	0.00311
15	0.02713	0.23162	0.25424	0.00986	0.06811	0.13524	0.04041	0.06699	0.02590	0.01170	0.00794	0.02607	0.02605	0.00526	0.04662	0.00134	0.00528	0.00310	0.00203	0.00511
16	0.00997	0.07706	0.33341	0.02262	0.12694	0.05402	0.06907	0.10862	0.02961	0.06123	0.00797	0.00957	0.00609	0.00408	0.00414	0.00120	0.04685	0.01973	0.00224	0.00559

[dist]
# distance from previous block
# <min> <max>
0	8

[block]
# block no. 3 follows, 71 sequences, length 13
# corresponding to MSA columns:
# 111-123
name=unknown_D
#
# <colnr> <probs for GDERKNQSTAVLIFYWHMCP>
#	G	D	E	R	K	N	Q	S	T	A	V	L	I	F	Y	W	H	M	C	P
0	0.19021	0.02707	0.02938	0.00846	0.03447	0.05770	0.02922	0.38823	0.05109	0.06368	0.00908	0.05080	0.00713	0.00470	0.00384	0.00119	0.03143	0.00353	0.00320	0.00556
1	0.00490	0.00377	0.00437	0.00465	0.00549	0.00338	0.00333	0.00590	0.02492	0.01050	0.09357	0.31251	0.42504	0.01046	0.00522	0.04983	0.00215	0.02330	0.00352	0.00320
2	0.01006	0.53735	0.18524	0.00892	0.05057	0.05737	0.04340	0.04824	0.00857	0.01064	0.00604	0.00705	0.00507	0.00345	0.00296	0.00096	0.00469	0.00246	0.00178	0.00518
3	0.05674	0.03084	0.10792	0.00670	0.00838	0.02516	0.02349	0.07263	0.00868	0.05068	0.04869	0.34487	0.08944	0.04116	0.02808	0.00158	0.02535	0.02245	0.00310	0.00408
4	0.00534	0.00369	0.00418	0.00430	0.00447	0.00359	0.00255	0.00554	0.00615	0.00806	0.01619	0.13596	0.10565	0.66017	0.01597	0.00317	0.00333	0.00655	0.00262	0.00253
5	0.00614	0.00424	0.00515	0.00509	0.00626	0.00392	0.00392	0.00767	0.03258	0.08022	0.17012	0.12736	0.35859	0.01080	0.07555	0.00176	0.00295	0.09034	0.00365	0.00369
6	0.06521	0.08739	0.11579	0.01211	0.23480	0.03452	0.05668	0.05188	0.02740	0.03978	0.01095	0.22514	0.01079	0.00577	0.00388	0.00124	0.00405	0.00510	0.00253	0.00498
7	0.00934	0.04664	0.13511	0.05233	0.38951	0.00918	0.21561	0.01208	0.00874	0.05086	0.00791	0.01043	0.00632	0.00366	0.00394	0.00120	0.00511	0.02440	0.00202	0.00562
8	0.00490	0.00386	0.00425	0.00418	0.00527	0.00335	0.00308	0.00589	0.00893	0.01126	0.22858	0.03312	0.57167	0.04015	0.00564	0.04958	0.00205	0.00746	0.00357	0.00321
9	0.00891	0.04349	0.15371	0.09229	0.39622	0.02932	0.06891	0.03433	0.04464	0.01257	0.05384	0.01104	0.02576	0.00398	0.00383	0.00117	0.00468	0.00366	0.00213	0.00551
10	0.04071	0.12699	0.18064	0.03599	0.17230	0.01881	0.13795	0.12758	0.03084	0.06534	0.00811	0.02357	0.00628	0.00388	0.00368	0.00115	0.00479	0.00342	0.00236	0.00560
11	0.00469	0.00346	0.00439	0.00507	0.00551	0.00316	0.00346	0.00547	0.00777	0.01019	0.06898	0.67980	0.16122	0.01140	0.00481	0.00149	0.00215	0.01022	0.00360	0.00316
12	0.14802	0.00573	0.00640	0.00605	0.03391	0.00575	0.00453	0.11830	0.01024	0.08538	0.22718	0.09016	0.20739	0.00717	0.00406	0.00126	0.00264	0.02792	0.00362	0.00429

[dist]
# distance from previous block
# <min> <max>
0	10

[block]
# block no. 4 follows, 71 sequences, length 29
# corresponding to MSA columns:
# 134-162
name=unknown_E
#
# <colnr> <probs for GDERKNQSTAVLIFYWHMCP>
#	G	D	E	R	K	N	Q	S	T	A	V	L	I	F	Y	W	H	M	C	P
0	0.08874	0.02156	0.01215	0.07656	0.18920	0.16496	0.05033	0.22336	0.04448	0.03540	0.00816	0.00931	0.01685	0.00417	0.00400	0.00116	0.03832	0.00328	0.00260	0.00542
1	0.01263	0.04494	0.07201	0.00785	0.01052	0.16617	0.00667	0.09514	0.16849	0.24736	0.01126	0.01106	0.00811	0.00540	0.03722	0.00131	0.00440	0.00343	0.04670	0.03932
2	0.00548	0.00411	0.00616	0.00616	0.00685	0.00479	0.00479	0.00685	0.00616	0.00890	0.01027	0.01506	0.00959	0.02876	0.85006	0.00616	0.01027	0.00411	0.00205	0.00342
3	0.00484	0.00353	0.00452	0.00503	0.00551	0.00325	0.00346	0.00577	0.00819	0.01097	0.19665	0.56782	0.11771	0.03738	0.00523	0.00152	0.00215	0.00958	0.00366	0.00321
4	0.00482	0.00375	0.00438	0.00453	0.00544	0.00331	0.00328	0.00595	0.00897	0.01163	0.26071	0.25285	0.39707	0.00979	0.00462	0.00134	0.00198	0.00851	0.00375	0.00331
5	0.00544	0.00372	0.00416	0.00420	0.00433	0.00365	0.00243	0.00556	0.00595	0.00781	0.01499	0.05998	0.09306	0.74937	0.01750	0.00340	0.00349	0.00603	0.00249	0.00244
6	0.01025	0.86756	0.02009	0.00656	0.00984	0.01517	0.00656	0.01148	0.00779	0.00902	0.00533	0.00615	0.00492	0.00328	0.00246	0.00082	0.00410	0.00205	0.00164	0.00492
7	0.00769	0.00410	0.00416	0.00396	0.00501	0.00419	0.00302	0.06922	0.00878	0.01502	0.01226	0.01392	0.00958	0.00448	0.00277	0.00091	0.00197	0.00356	0.82161	0.00379
8	0.00795	0.00681	0.00795	0.00568	0.00909	0.00511	0.00454	0.00965	0.00795	0.01249	0.00681	0.00795	0.00568	0.00284	0.00284	0.00057	0.00284	0.00227	0.00227	0.88869
9	0.89233	0.00741	0.00564	0.00504	0.00741	0.00860	0.00415	0.01127	0.00653	0.01720	0.00534	0.00623	0.00415	0.00356	0.00237	0.00119	0.00297	0.00208	0.00237	0.00415
10	0.00905	0.01034	0.02262	0.01616	0.02004	0.00970	0.82741	0.01228	0.00905	0.01228	0.00776	0.01034	0.00582	0.00323	0.00452	0.00129	0.00646	0.00452	0.00194	0.00517
11	0.00595	0.00453	0.00555	0.00519	0.00630	0.00443	0.00392	0.00899	0.12716	0.01517	0.67548	0.02710	0.08027	0.00758	0.00444	0.00122	0.00199	0.00664	0.00414	0.00394
12	0.00769	0.01983	0.84538	0.01093	0.01659	0.00890	0.01417	0.01214	0.00810	0.01214	0.00688	0.00810	0.00486	0.00364	0.00364	0.00121	0.00567	0.00283	0.00162	0.00567
13	0.00471	0.00338	0.00448	0.00534	0.00561	0.00315	0.00361	0.00541	0.00742	0.00985	0.02162	0.81826	0.04883	0.01191	0.00489	0.00155	0.00225	0.03104	0.00356	0.00313
14	0.00557	0.00376	0.00438	0.00438	0.00444	0.00382	0.00257	0.00570	0.00563	0.00758	0.01190	0.02410	0.01351	0.78297	0.10121	0.00396	0.00436	0.00543	0.00230	0.00243
15	0.00954	0.00824	0.00867	0.00780	0.00997	0.00954	0.00607	0.02037	0.83441	0.01604	0.01561	0.01431	0.01170	0.00520	0.00390	0.00130	0.00303	0.00433	0.00390	0.00607
16	0.00993	0.01012	0.01149	0.00984	0.01051	0.13984	0.00806	0.08919	0.03468	0.01091	0.00591	0.00843	0.00538	0.00604	0.01007	0.00151	0.61832	0.00326	0.00200	0.00452
17	0.01036	0.02629	0.03138	0.00999	0.01109	0.20070	0.03355	0.08540	0.03516	0.01100	0.00609	0.00834	0.00538	0.00561	0.00881	0.00142	0.49962	0.00320	0.00202	0.00460
18	0.07941	0.06421	0.01093	0.00854	0.03009	0.17433	0.02181	0.30271	0.02119	0.01583	0.00773	0.03475	0.00633	0.00453	0.00424	0.01491	0.06241	0.00315	0.00273	0.13018
19	0.02393	0.00775	0.00886	0.00708	0.00958	0.00795	0.00575	0.35896	0.05153	0.24004	0.11944	0.01631	0.11428	0.00569	0.00400	0.00119	0.00331	0.00460	0.00408	0.00570
20	0.00498	0.00352	0.00454	0.00518	0.00546	0.00336	0.00349	0.00565	0.00724	0.00966	0.05291	0.58374	0.03926	0.18082	0.01845	0.00204	0.00268	0.06069	0.00332	0.00301
21	0.00860	0.00762	0.00873	0.05697	0.08194	0.11289	0.03326	0.08064	0.00816	0.03085	0.00933	0.01540	0.00912	0.31906	0.09977	0.00262	0.06606	0.00415	0.00231	0.04253
22	0.00968	0.00950	0.03523	0.18278	0.31391	0.07912	0.07571	0.05429	0.03284	0.04550	0.00794	0.03613	0.00656	0.00430	0.00474	0.00124	0.08942	0.00368	0.00217	0.00526
23	0.00457	0.00383	0.00398	0.00406	0.00523	0.00324	0.00300	0.00554	0.00867	0.01045	0.06140	0.11750	0.73565	0.00988	0.00457	0.00132	0.00197	0.00833	0.00358	0.00324
24	0.00553	0.00372	0.00429	0.00432	0.00438	0.00373	0.00250	0.00566	0.00580	0.00778	0.03260	0.05805	0.01477	0.77746	0.05126	0.00367	0.00387	0.00576	0.00241	0.00243
25	0.00953	0.02934	0.03850	0.06781	0.47939	0.03840	0.09298	0.04220	0.05758	0.03555	0.00886	0.06648	0.00761	0.00420	0.00391	0.00119	0.00459	0.00401	0.00226	0.00561
26	0.00867	0.00786	0.01222	0.28456	0.28944	0.02938	0.05133	0.02125	0.07665	0.04582	0.02977	0.04603	0.05269	0.00462	0.00414	0.00124	0.02274	0.00417	0.00235	0.00506
27	0.00476	0.00343	0.00454	0.00539	0.00570	0.00320	0.00370	0.00551	0.00749	0.00992	0.02178	0.77710	0.05749	0.01183	0.00491	0.00156	0.00230	0.06268	0.00356	0.00315
28	0.00861	0.01265	0.35041	0.01002	0.04016	0.00835	0.09962	0.09284	0.13280	0.03305	0.08486	0.01413	0.06960	0.00489	0.00398	0.00124	0.00448	0.02022	0.00270	0.00539

[dist]
# distance from previous block
# <min> <max>
0	3

[block]
# block no. 5 follows, 71 sequences, length 54
# corresponding to MSA columns:
# 166-219
name=unknown_F
#
# <colnr> <probs for GDERKNQSTAVLIFYWHMCP>
#	G	D	E	R	K	N	Q	S	T	A	V	L	I	F	Y	W	H	M	C	P
0	0.02137	0.06701	0.02085	0.00682	0.05163	0.00516	0.02139	0.00740	0.04339	0.01025	0.01694	0.50630	0.02701	0.09140	0.02928	0.00178	0.01112	0.04428	0.01299	0.00360
1	0.05428	0.65551	0.03225	0.05343	0.05945	0.03544	0.00716	0.03608	0.00815	0.01020	0.00568	0.00674	0.00501	0.00344	0.00282	0.00091	0.01446	0.00229	0.00177	0.00495
2	0.00638	0.00411	0.00528	0.00551	0.00621	0.00398	0.00404	0.00748	0.02450	0.08038	0.03632	0.28718	0.08277	0.20269	0.07401	0.00237	0.00350	0.15660	0.00328	0.00341
3	0.00724	0.00681	0.01150	0.85604	0.02641	0.00852	0.01065	0.00980	0.00767	0.00980	0.00681	0.01022	0.00511	0.00383	0.00383	0.00128	0.00511	0.00341	0.00170	0.00426
4	0.00495	0.00348	0.00447	0.00513	0.00535	0.00331	0.00338	0.00554	0.00709	0.00947	0.03953	0.62581	0.02298	0.20089	0.00814	0.00203	0.00259	0.03958	0.00330	0.00297
5	0.00685	0.00372	0.00396	0.00389	0.00480	0.00368	0.00292	0.00880	0.02234	0.01453	0.17278	0.01707	0.01496	0.00513	0.00306	0.00096	0.00181	0.00424	0.70087	0.00362
6	0.00554	0.00399	0.00515	0.00485	0.00577	0.00372	0.00364	0.00750	0.02512	0.01536	0.80667	0.02807	0.03517	0.00772	0.00447	0.00120	0.00183	0.00681	0.02375	0.00366
7	0.00536	0.00392	0.00503	0.00475	0.00569	0.00359	0.00356	0.00710	0.01069	0.01498	0.77658	0.02929	0.09916	0.00799	0.00452	0.00121	0.00182	0.00702	0.00417	0.00359
8	0.01412	0.01469	0.01104	0.00937	0.01172	0.47089	0.00731	0.35001	0.01364	0.01548	0.00752	0.02289	0.00595	0.00442	0.00384	0.00108	0.02495	0.00304	0.00276	0.00527
9	0.00470	0.00336	0.00448	0.00537	0.00561	0.00314	0.00361	0.00539	0.00737	0.00982	0.02112	0.84688	0.02530	0.01198	0.00490	0.00156	0.00225	0.02648	0.00356	0.00312
10	0.00518	0.00409	0.00470	0.00455	0.00569	0.00370	0.00344	0.00696	0.04339	0.01290	0.40144	0.03238	0.42013	0.00870	0.00452	0.00127	0.00197	0.02758	0.00387	0.00353
11	0.01025	0.86756	0.02009	0.00656	0.00984	0.01517	0.00656	0.01148	0.00779	0.00902	0.00533	0.00615	0.00492	0.00328	0.00246	0.00082	0.00410	0.00205	0.00164	0.00492
12	0.01269	0.00896	0.00957	0.00756	0.01008	0.00983	0.00617	0.62604	0.01555	0.02163	0.01020	0.02778	0.00765	0.00472	0.00360	0.00110	0.00363	0.00363	0.20384	0.00578
13	0.00534	0.00440	0.00492	0.00484	0.00578	0.02609	0.00359	0.00642	0.00840	0.01076	0.18066	0.05563	0.40569	0.10020	0.11758	0.00219	0.02791	0.02302	0.00326	0.00330
14	0.00747	0.00727	0.00755	0.00722	0.00810	0.17352	0.00560	0.00872	0.00707	0.00902	0.00898	0.01290	0.00829	0.02205	0.61426	0.00477	0.07777	0.00372	0.00201	0.00369
15	0.00468	0.00365	0.00426	0.00469	0.00546	0.00323	0.00334	0.00557	0.00819	0.01033	0.06255	0.41555	0.40856	0.01072	0.00472	0.00143	0.00212	0.03416	0.00359	0.00321
16	0.00881	0.00747	0.00817	0.00771	0.02807	0.00843	0.00588	0.03473	0.63518	0.01529	0.05241	0.04036	0.06217	0.00608	0.00408	0.00133	0.00299	0.06149	0.00381	0.00555
17	0.01269	0.01053	0.04852	0.00984	0.08846	0.04251	0.00757	0.58444	0.03249	0.02061	0.04421	0.01169	0.05903	0.00488	0.00388	0.00116	0.00416	0.00383	0.00349	0.00603
18	0.00847	0.00666	0.00789	0.00572	0.00898	0.00508	0.00458	0.01017	0.00829	0.06972	0.04477	0.00923	0.00731	0.00319	0.00298	0.00064	0.00282	0.00259	0.00253	0.78837
19	0.01433	0.01053	0.01131	0.00873	0.01175	0.01166	0.00719	0.77036	0.06433	0.03610	0.00966	0.00955	0.00686	0.00464	0.00384	0.00116	0.00414	0.00351	0.00385	0.00649
20	0.00947	0.01003	0.01888	0.01448	0.05849	0.04336	0.57481	0.09060	0.00968	0.01298	0.00849	0.05837	0.00701	0.00458	0.02226	0.00139	0.04322	0.00458	0.00220	0.00512
21	0.00553	0.00407	0.00611	0.00611	0.00677	0.00473	0.00473	0.00677	0.00611	0.00880	0.01011	0.01491	0.00946	0.02808	0.81357	0.04471	0.00997	0.00407	0.00204	0.00335
22	0.00478	0.00389	0.00424	0.00415	0.00533	0.00334	0.00311	0.00599	0.00934	0.01178	0.26533	0.03456	0.61240	0.00918	0.00453	0.00127	0.00190	0.00776	0.00375	0.00334
23	0.01458	0.01074	0.01151	0.00882	0.01189	0.01189	0.00729	0.82855	0.01803	0.02416	0.00921	0.00921	0.00652	0.00460	0.00384	0.00115	0.00422	0.00345	0.00384	0.00652
24	0.00618	0.00481	0.00534	0.00491	0.00630	0.00452	0.00379	0.11438	0.01065	0.01383	0.29495	0.03070	0.45183	0.00845	0.00445	0.00126	0.00223	0.02382	0.00381	0.00380
25	0.00487	0.00352	0.00463	0.00536	0.00570	0.00334	0.00363	0.00593	0.03045	0.01047	0.09559	0.76331	0.02597	0.01144	0.00483	0.00152	0.00221	0.01036	0.00363	0.00324
26	0.00486	0.00352	0.00461	0.00543	0.00573	0.00336	0.00366	0.00591	0.03894	0.01003	0.02092	0.83034	0.02484	0.01175	0.00486	0.00155	0.00226	0.01065	0.00357	0.00323
27	0.00467	0.00334	0.00445	0.00534	0.00556	0.00311	0.00356	0.00534	0.00734	0.00979	0.02113	0.86275	0.02536	0.01201	0.00489	0.00156	0.00222	0.01090	0.00356	0.00311
28	0.01490	0.00835	0.00980	0.00772	0.01058	0.00858	0.00631	0.31096	0.15955	0.40159	0.01308	0.01189	0.00881	0.00478	0.00386	0.00119	0.00357	0.00380	0.00427	0.00644
29	0.00467	0.00334	0.00445	0.00534	0.00556	0.00311	0.00356	0.00534	0.00734	0.00979	0.02113	0.86275	0.02536	0.01201	0.00489	0.00156	0.00222	0.01090	0.00356	0.00311
30	0.00724	0.00681	0.01150	0.85604	0.02641	0.00852	0.01065	0.00980	0.00767	0.00980	0.00681	0.01022	0.00511	0.00383	0.00383	0.00128	0.00511	0.00341	0.00170	0.00426
31	0.01439	0.01038	0.01120	0.00866	0.01167	0.01144	0.00713	0.73890	0.06801	0.06398	0.00989	0.00971	0.00699	0.00465	0.00384	0.00116	0.00410	0.00353	0.00388	0.00649
32	0.00618	0.00441	0.00618	0.00706	0.00794	0.00441	0.00618	0.00794	0.00883	0.01147	0.02030	0.04325	0.02207	0.01059	0.00530	0.00177	0.00353	0.81553	0.00353	0.00353
33	0.00470	0.00336	0.00448	0.00537	0.00561	0.00314	0.00361	0.00539	0.00737	0.00982	0.02112	0.84761	0.02530	0.01199	0.00490	0.00156	0.00225	0.02576	0.00356	0.00312
34	0.00791	0.00804	0.01627	0.01263	0.01534	0.00764	0.51211	0.01056	0.00893	0.01193	0.01259	0.04148	0.01213	0.00609	0.00481	0.00147	0.00531	0.29766	0.00255	0.00453
35	0.00541	0.00385	0.00522	0.00605	0.00656	0.00374	0.00467	0.00654	0.00791	0.01041	0.02022	0.44079	0.02318	0.06217	0.00595	0.00178	0.00291	0.37591	0.00347	0.00326
36	0.03466	0.70874	0.06279	0.00702	0.01028	0.07040	0.00694	0.01211	0.03956	0.00971	0.00585	0.00662	0.00516	0.00343	0.00264	0.00088	0.00430	0.00221	0.00177	0.00495
37	0.00484	0.00344	0.00456	0.00539	0.00565	0.00325	0.00367	0.00554	0.00734	0.00976	0.02051	0.75146	0.02441	0.06518	0.00584	0.00171	0.00241	0.06849	0.00348	0.00309
38	0.00795	0.00681	0.00795	0.00568	0.00909	0.00511	0.00454	0.00965	0.00795	0.01249	0.00681	0.00795	0.00568	0.00284	0.00284	0.00057	0.00284	0.00227	0.00227	0.88869
39	0.00849	0.00901	0.01672	0.01272	0.01474	0.01002	0.42717	0.01055	0.00768	0.01095	0.03862	0.01091	0.00702	0.04352	0.00846	0.00155	0.35115	0.00419	0.00194	0.00459
40	0.00494	0.00388	0.00447	0.00437	0.00544	0.00340	0.00326	0.00628	0.00963	0.01259	0.39885	0.07026	0.44099	0.00897	0.00454	0.00127	0.00189	0.00770	0.00386	0.00340
41	0.01432	0.01827	0.01087	0.00988	0.01185	0.84986	0.00741	0.01531	0.01087	0.00938	0.00593	0.00691	0.00494	0.00395	0.00346	0.00099	0.00691	0.00247	0.00198	0.00444
42	0.00535	0.00392	0.00502	0.00474	0.00568	0.00358	0.00356	0.00708	0.01067	0.01494	0.76969	0.02936	0.10607	0.00800	0.00452	0.00121	0.00182	0.00703	0.00416	0.00358
43	0.00498	0.00369	0.00417	0.00438	0.00491	0.00340	0.00287	0.00553	0.00725	0.00924	0.04338	0.23740	0.30827	0.33154	0.01025	0.00227	0.00268	0.00782	0.00311	0.00287
44	0.01418	0.01054	0.01128	0.00874	0.01174	0.01171	0.00719	0.76510	0.08212	0.02353	0.00971	0.00961	0.00693	0.00465	0.00384	0.00116	0.00413	0.00352	0.00384	0.00649
45	0.00949	0.00911	0.01556	0.02353	0.84133	0.00911	0.01177	0.01177	0.00873	0.01253	0.00721	0.00949	0.00607	0.00342	0.00380	0.00114	0.00456	0.00342	0.00190	0.00607
46	0.00458	0.00389	0.00395	0.00396	0.00524	0.00326	0.00298	0.00558	0.00878	0.01046	0.05211	0.03687	0.81143	0.00969	0.00455	0.00130	0.00197	0.02258	0.00357	0.00325
47	0.01025	0.86756	0.02009	0.00656	0.00984	0.01517	0.00656	0.01148	0.00779	0.00902	0.00533	0.00615	0.00492	0.00328	0.00246	0.00082	0.00410	0.00205	0.00164	0.00492
48	0.00585	0.00443	0.00641	0.00808	0.09816	0.00433	0.00559	0.00717	0.00814	0.01082	0.01925	0.41477	0.02182	0.01046	0.00495	0.00160	0.00304	0.35814	0.00336	0.00362
49	0.00474	0.00349	0.00443	0.00504	0.00552	0.00319	0.00346	0.00558	0.00798	0.01053	0.11837	0.62945	0.16188	0.01115	0.00479	0.00147	0.00213	0.00998	0.00364	0.00319
50	0.01051	0.00943	0.01381	0.03600	0.49758	0.04671	0.02130	0.13477	0.00991	0.04742	0.00774	0.02387	0.00640	0.00424	0.00493	0.00122	0.11257	0.00353	0.00231	0.00575
51	0.19532	0.01170	0.03406	0.02302	0.01200	0.19581	0.08860	0.32786	0.03697	0.01729	0.00798	0.00867	0.01584	0.00415	0.00352	0.00115	0.00477	0.00312	0.00283	0.00532
52	0.00546	0.00408	0.00607	0.00609	0.00675	0.00473	0.00470	0.00678	0.00617	0.00888	0.01054	0.03266	0.01002	0.05041	0.81093	0.00600	0.00993	0.00429	0.00209	0.00339
53	0.66471	0.00683	0.00573	0.04317	0.00793	0.01838	0.00430	0.01026	0.00726	0.01585	0.08249	0.01179	0.09981	0.00464	0.00288	0.00120	0.00290	0.00324	0.00263	0.00401

[dist]
# distance from previous block
# <min> <max>
1	41

[block]
# block no. 6 follows, 71 sequences, length 25
# corresponding to MSA columns:
# 261-285
name=unknown_G
#
# <colnr> <probs for GDERKNQSTAVLIFYWHMCP>
#	G	D	E	R	K	N	Q	S	T	A	V	L	I	F	Y	W	H	M	C	P
0	0.00467	0.00334	0.00445	0.00534	0.00556	0.00311	0.00356	0.00534	0.00734	0.00979	0.02113	0.86275	0.02536	0.01201	0.00489	0.00156	0.00222	0.01090	0.00356	0.00311
1	0.00859	0.09253	0.00920	0.00582	0.00919	0.00614	0.00479	0.01024	0.00807	0.04891	0.00703	0.00800	0.00577	0.00297	0.00285	0.00062	0.00298	0.00232	0.00232	0.76168
2	0.00566	0.00383	0.00454	0.00472	0.00488	0.00383	0.00304	0.00599	0.00619	0.00821	0.01375	0.04737	0.01564	0.69396	0.01666	0.00332	0.00365	0.14964	0.00257	0.00256
3	0.00902	0.08053	0.01234	0.48937	0.11207	0.12953	0.00948	0.03212	0.02432	0.01060	0.00684	0.00926	0.00537	0.00375	0.00361	0.00114	0.00504	0.00312	0.00189	0.05059
4	0.00467	0.00334	0.00445	0.00534	0.00556	0.00311	0.00356	0.00534	0.00734	0.00979	0.02113	0.86275	0.02536	0.01201	0.00489	0.00156	0.00222	0.01090	0.00356	0.00311
5	0.00997	0.63446	0.12463	0.00826	0.01185	0.04880	0.09373	0.01181	0.00809	0.00977	0.00581	0.00687	0.00501	0.00335	0.00287	0.00093	0.00467	0.00243	0.00168	0.00502
6	0.00549	0.00405	0.00588	0.00588	0.00646	0.00464	0.00444	0.00666	0.00608	0.00869	0.01053	0.01651	0.01021	0.14960	0.73007	0.00581	0.00932	0.00432	0.00209	0.00326
7	0.00548	0.00410	0.00610	0.00610	0.00677	0.00476	0.00472	0.00681	0.00615	0.00886	0.01032	0.01535	0.00971	0.05308	0.82591	0.00609	0.01008	0.00415	0.00206	0.00339
8	0.00998	0.00814	0.00868	0.00775	0.00996	0.00931	0.00604	0.02028	0.78662	0.06409	0.01558	0.01423	0.01158	0.00518	0.00390	0.00129	0.00305	0.00431	0.00395	0.00610
9	0.00851	0.09934	0.67561	0.01060	0.01580	0.00938	0.06015	0.01243	0.00827	0.05507	0.00721	0.00830	0.00516	0.00364	0.00359	0.00118	0.00544	0.00291	0.00180	0.00561
10	0.00744	0.00437	0.00577	0.00517	0.00642	0.00396	0.00396	0.00919	0.01087	0.15711	0.69833	0.02597	0.03161	0.00731	0.00441	0.00120	0.00206	0.00641	0.00431	0.00412
11	0.00895	0.03181	0.09110	0.01532	0.01922	0.00982	0.71617	0.01216	0.00885	0.01210	0.00755	0.01000	0.00569	0.00337	0.00463	0.00129	0.03061	0.00429	0.00190	0.00518
12	0.00995	0.66700	0.14446	0.00781	0.01143	0.04417	0.04782	0.01176	0.00801	0.00966	0.00570	0.00668	0.00496	0.00336	0.00278	0.00091	0.00455	0.00230	0.00166	0.00503
13	0.00467	0.00336	0.00443	0.00529	0.00555	0.00312	0.00354	0.00534	0.00739	0.00981	0.02178	0.83244	0.05525	0.01193	0.00488	0.00155	0.00221	0.01080	0.00356	0.00312
14	0.03318	0.11768	0.24970	0.01141	0.08769	0.06045	0.10543	0.14901	0.00977	0.02294	0.00698	0.00841	0.00543	0.00410	0.00472	0.00120	0.11122	0.00313	0.00214	0.00541
15	0.00598	0.00471	0.00724	0.08327	0.00899	0.00552	0.03134	0.00747	0.00646	0.00935	0.00980	0.01439	0.00898	0.04574	0.64101	0.00502	0.04918	0.00403	0.04796	0.00357
16	0.00473	0.00340	0.00450	0.00536	0.00565	0.00317	0.00364	0.00545	0.00744	0.00987	0.02162	0.80572	0.04923	0.01189	0.00490	0.00156	0.00227	0.04291	0.00356	0.00313
17	0.05220	0.05269	0.06219	0.02061	0.04597	0.03208	0.15897	0.02872	0.16165	0.01220	0.01418	0.13375	0.08978	0.04809	0.06077	0.00172	0.00442	0.01265	0.00275	0.00460
18	0.00855	0.00774	0.00917	0.00701	0.03267	0.04700	0.04771	0.03397	0.00847	0.01267	0.00690	0.00810	0.00569	0.00298	0.00301	0.00066	0.00331	0.00246	0.00228	0.74964
19	0.00678	0.00642	0.02795	0.00728	0.00804	0.07203	0.04796	0.00782	0.00690	0.00926	0.01166	0.19733	0.01248	0.14153	0.24013	0.01363	0.14975	0.02715	0.00237	0.00353
20	0.04828	0.00390	0.00450	0.00465	0.00556	0.00357	0.00337	0.00623	0.00880	0.01195	0.25952	0.28621	0.32059	0.00958	0.00453	0.00134	0.00204	0.00833	0.00369	0.00335
21	0.00812	0.08529	0.56590	0.03822	0.04482	0.02825	0.10038	0.01179	0.00829	0.01172	0.00797	0.01024	0.02079	0.00397	0.00373	0.00121	0.00544	0.03669	0.00179	0.00536
22	0.00939	0.05168	0.06559	0.04963	0.33292	0.04322	0.14780	0.02830	0.09570	0.03898	0.03921	0.01192	0.04828	0.00419	0.00403	0.00119	0.01621	0.00393	0.00237	0.00547
23	0.00805	0.01953	0.78686	0.01115	0.03394	0.05006	0.01378	0.01229	0.00824	0.01202	0.00684	0.00807	0.00489	0.00365	0.00364	0.00120	0.00570	0.00283	0.00164	0.00562
24	0.12304	0.01170	0.10997	0.02374	0.01235	0.08809	0.04787	0.44585	0.01351	0.03445	0.00839	0.00962	0.00631	0.00443	0.00383	0.00118	0.01980	0.02711	0.00306	0.00570

[dist]
# distance from previous block
# <min> <max>
0	13

[block]
# block no. 7 follows, 71 sequences, length 51
# corresponding to MSA columns:
# 299-349
name=unknown_H
#
# <colnr> <probs for GDERKNQSTAVLIFYWHMCP>
#	G	D	E	R	K	N	Q	S	T	A	V	L	I	F	Y	W	H	M	C	P
0	0.51417	0.00844	0.01597	0.03349	0.08706	0.08360	0.00575	0.03353	0.00807	0.09881	0.02069	0.02293	0.01763	0.00420	0.00315	0.00119	0.01591	0.01816	0.00262	0.00463
1	0.00936	0.03806	0.08108	0.07088	0.47553	0.02242	0.08866	0.03495	0.04943	0.02157	0.00776	0.01963	0.00634	0.00380	0.00414	0.00118	0.03701	0.00353	0.00206	0.02261
2	0.01003	0.01064	0.01343	0.23429	0.44010	0.20340	0.01047	0.01208	0.00895	0.01110	0.00681	0.00908	0.00556	0.00365	0.00373	0.00114	0.00524	0.00320	0.00187	0.00523
3	0.00545	0.00403	0.00570	0.00578	0.00626	0.00453	0.00426	0.00646	0.00622	0.00877	0.01199	0.13522	0.01246	0.17549	0.56404	0.00498	0.02754	0.00530	0.00230	0.00320
4	0.01067	0.00847	0.04457	0.03953	0.04913	0.04127	0.06665	0.26878	0.02629	0.11148	0.22240	0.03463	0.01484	0.00630	0.03621	0.00138	0.00404	0.00461	0.00349	0.00525
5	0.05195	0.00814	0.01329	0.32963	0.45907	0.00890	0.01073	0.02908	0.00839	0.01198	0.00705	0.00963	0.00566	0.00366	0.00386	0.00120	0.01730	0.00335	0.01188	0.00526
6	0.00467	0.00334	0.00445	0.00534	0.00556	0.00311	0.00356	0.00534	0.00734	0.00979	0.02113	0.86275	0.02536	0.01201	0.00489	0.00156	0.00222	0.01090	0.00356	0.00311
7	0.01022	0.00904	0.00903	0.00801	0.01024	0.06030	0.00625	0.08382	0.72044	0.01628	0.01452	0.01346	0.01089	0.00508	0.00387	0.00127	0.00336	0.00415	0.00378	0.00601
8	0.01825	0.03631	0.57058	0.02768	0.08189	0.02593	0.09037	0.02591	0.04261	0.03402	0.00753	0.00877	0.00548	0.00369	0.00372	0.00120	0.00541	0.00312	0.00190	0.00562
9	0.01010	0.00621	0.00770	0.00701	0.00867	0.00652	0.00557	0.06427	0.19924	0.22495	0.02562	0.18832	0.01491	0.00779	0.02169	0.00149	0.05290	0.12444	0.01757	0.00502
10	0.00458	0.00384	0.00399	0.00404	0.00523	0.00325	0.00300	0.00557	0.00873	0.01055	0.07481	0.09987	0.73983	0.00980	0.00456	0.00131	0.00196	0.00825	0.00359	0.00325
11	0.30535	0.00800	0.00857	0.00696	0.01911	0.00839	0.00565	0.24551	0.01148	0.31388	0.02497	0.00995	0.00733	0.00435	0.00337	0.00118	0.00342	0.00320	0.00366	0.00568
12	0.00822	0.16151	0.63946	0.01005	0.01493	0.01011	0.01234	0.01217	0.03581	0.01161	0.00683	0.00799	0.00511	0.00378	0.00387	0.00117	0.04507	0.00278	0.00170	0.00549
13	0.00494	0.00363	0.00468	0.00531	0.00585	0.00337	0.00383	0.00593	0.00813	0.01073	0.11618	0.54233	0.13883	0.01103	0.00486	0.00151	0.00232	0.11967	0.00363	0.00325
14	0.00511	0.00391	0.00469	0.00450	0.00554	0.00348	0.00337	0.00663	0.01012	0.01362	0.56001	0.03152	0.31657	0.00849	0.00453	0.00124	0.00186	0.00734	0.00399	0.00348
15	0.00977	0.01560	0.51229	0.00999	0.01447	0.00934	0.02473	0.20178	0.06924	0.04934	0.00892	0.01041	0.00661	0.00429	0.00379	0.00123	0.00498	0.03489	0.00250	0.00584
16	0.00996	0.76158	0.10741	0.00721	0.01075	0.01440	0.02300	0.01157	0.00785	0.00941	0.00554	0.00644	0.00493	0.00332	0.00262	0.00087	0.00431	0.00218	0.00164	0.00500
17	0.00556	0.00377	0.00444	0.00444	0.00452	0.00386	0.00264	0.00574	0.00565	0.00762	0.01185	0.02380	0.01338	0.75787	0.12613	0.00403	0.00456	0.00539	0.00229	0.00246
18	0.24799	0.01370	0.00995	0.00873	0.01075	0.46513	0.03153	0.06559	0.00963	0.01249	0.00595	0.00712	0.00487	0.00413	0.00411	0.00113	0.08797	0.00258	0.00217	0.00450
19	0.00466	0.00336	0.00442	0.00527	0.00554	0.00312	0.00353	0.00535	0.00741	0.00981	0.02196	0.82424	0.06333	0.01190	0.00488	0.00154	0.00221	0.01077	0.00356	0.00312
20	0.00528	0.00386	0.00496	0.00480	0.00567	0.00354	0.00356	0.00690	0.01032	0.01439	0.69054	0.11671	0.09831	0.00842	0.00456	0.00125	0.00186	0.00744	0.00410	0.00354
21	0.02878	0.04425	0.03056	0.00937	0.03916	0.05015	0.04376	0.57376	0.02974	0.09827	0.00932	0.00941	0.00663	0.00441	0.00377	0.00114	0.00435	0.00341	0.00353	0.00622
22	0.00557	0.00376	0.00439	0.00439	0.00447	0.00383	0.00259	0.00571	0.00564	0.00759	0.01189	0.02402	0.01347	0.77594	0.10819	0.00398	0.00442	0.00542	0.00229	0.00244
23	0.00801	0.01904	0.76695	0.01101	0.01643	0.02415	0.04558	0.02545	0.02597	0.01237	0.00712	0.00831	0.00507	0.00368	0.00368	0.00121	0.00564	0.00293	0.00172	0.00565
24	0.00566	0.00397	0.00520	0.00486	0.00581	0.00366	0.00366	0.00746	0.01086	0.03158	0.82319	0.02834	0.03566	0.00778	0.00451	0.00121	0.00184	0.00687	0.00423	0.00367
25	0.00467	0.00334	0.00445	0.00534	0.00556	0.00311	0.00356	0.00534	0.00734	0.00979	0.02113	0.86275	0.02536	0.01201	0.00489	0.00156	0.00222	0.01090	0.00356	0.00311
26	0.01354	0.00752	0.00865	0.00684	0.00931	0.00770	0.00556	0.35056	0.01309	0.29593	0.01201	0.01203	0.00845	0.02494	0.00395	0.00116	0.00333	0.00367	0.20601	0.00575
27	0.00509	0.00391	0.00466	0.00447	0.00552	0.00347	0.00335	0.00658	0.01005	0.01348	0.53662	0.03176	0.34006	0.00855	0.00453	0.00124	0.00186	0.00737	0.00397	0.00347
28	0.00869	0.35118	0.52280	0.00922	0.01395	0.01135	0.01119	0.01188	0.00798	0.01092	0.00627	0.00734	0.00488	0.00350	0.00318	0.00106	0.00505	0.00253	0.00163	0.00537
29	0.01120	0.67001	0.01795	0.00733	0.01031	0.20933	0.00676	0.01237	0.00851	0.00911	0.00547	0.00633	0.00492	0.00344	0.00269	0.00086	0.00475	0.00215	0.00172	0.00481
30	0.00949	0.00911	0.01556	0.02353	0.84133	0.00911	0.01177	0.01177	0.00873	0.01253	0.00721	0.00949	0.00607	0.00342	0.00380	0.00114	0.00456	0.00342	0.00190	0.00607
