[name]
unknown

[dist]
# distance from previous block
# <min> <max>
0	490

[block]
# block no. 0 follows, 66 sequences, length 7
# corresponding to MSA columns:
# 544-550
name=unknown_A
#
# <colnr> <probs for GDERKNQSTAVLIFYWHMCP>
#	G	D	E	R	K	N	Q	S	T	A	V	L	I	F	Y	W	H	M	C	P
0	0.00587	0.00404	0.00499	0.00528	0.00590	0.00378	0.00372	0.00676	0.00829	0.03808	0.12089	0.29684	0.15415	0.22307	0.00896	0.00214	0.00284	0.09749	0.00356	0.00334
1	0.00886	0.00858	0.01512	0.18003	0.44695	0.00878	0.12688	0.01132	0.00914	0.01263	0.05698	0.04400	0.04351	0.00456	0.00426	0.00128	0.00485	0.00450	0.00226	0.00553
2	0.02446	0.07850	0.03847	0.14516	0.09900	0.07358	0.12457	0.12667	0.09199	0.05281	0.02925	0.03295	0.02428	0.00473	0.00438	0.00127	0.03559	0.00406	0.00274	0.00553
3	0.00803	0.00756	0.03761	0.17256	0.10559	0.00822	0.06834	0.02541	0.03236	0.03011	0.02534	0.07461	0.05200	0.03799	0.13234	0.00230	0.15610	0.01650	0.00242	0.00462
4	0.00606	0.00420	0.00524	0.00541	0.00629	0.00389	0.00393	0.00754	0.03241	0.05354	0.24645	0.33389	0.18216	0.04161	0.00551	0.00156	0.00239	0.05023	0.00398	0.00373
5	0.00649	0.00464	0.00601	0.00668	0.03555	0.00453	0.00471	0.00854	0.08265	0.05288	0.06896	0.45148	0.10789	0.01137	0.03758	0.00175	0.00300	0.09755	0.00378	0.00397
6	0.03370	0.07765	0.01250	0.21981	0.11036	0.00940	0.04493	0.17795	0.02659	0.08043	0.00994	0.08797	0.00836	0.00490	0.00394	0.00122	0.00438	0.00420	0.00285	0.07892

[dist]
# distance from previous block
# <min> <max>
8	16

[block]
# block no. 1 follows, 66 sequences, length 19
# corresponding to MSA columns:
# 567-585
name=unknown_B
#
# <colnr> <probs for GDERKNQSTAVLIFYWHMCP>
#	G	D	E	R	K	N	Q	S	T	A	V	L	I	F	Y	W	H	M	C	P
0	0.00827	0.06361	0.03899	0.00706	0.03062	0.04426	0.00550	0.05097	0.02908	0.02536	0.01239	0.18535	0.02538	0.08057	0.05482	0.00165	0.00395	0.03128	0.00281	0.29806
1	0.05995	0.03614	0.02852	0.02174	0.06375	0.02403	0.00643	0.20558	0.03870	0.03130	0.06490	0.01335	0.03285	0.02326	0.16927	0.00223	0.01872	0.00391	0.03197	0.12340
2	0.19154	0.00851	0.03440	0.00735	0.03193	0.09527	0.00554	0.13166	0.02751	0.02984	0.02191	0.03020	0.00957	0.23348	0.10425	0.00256	0.02324	0.00412	0.00273	0.00438
3	0.00504	0.00369	0.00474	0.00538	0.00586	0.00339	0.00369	0.00596	0.00849	0.01130	0.14313	0.63546	0.12538	0.01177	0.00507	0.00156	0.00225	0.01056	0.00387	0.00339
4	0.01968	0.21492	0.11604	0.12242	0.09929	0.04905	0.05393	0.03174	0.04204	0.02344	0.00974	0.04380	0.04017	0.04411	0.01473	0.01907	0.02763	0.00385	0.01931	0.00503
5	0.03556	0.25919	0.23820	0.00923	0.03730	0.06305	0.00916	0.10610	0.00994	0.05721	0.00766	0.00900	0.00609	0.00409	0.00372	0.00109	0.03021	0.01809	0.00233	0.09279
6	0.05834	0.00952	0.10705	0.01162	0.17373	0.00832	0.05084	0.02718	0.14127	0.15512	0.02402	0.01352	0.06704	0.00493	0.00447	0.00126	0.05104	0.00410	0.02703	0.05961
7	0.00879	0.00757	0.04906	0.03776	0.06855	0.01715	0.08441	0.12114	0.00939	0.05710	0.03753	0.01560	0.03568	0.10483	0.30254	0.00343	0.02763	0.00449	0.00267	0.00468
8	0.01033	0.07968	0.10182	0.06896	0.14482	0.05927	0.16084	0.09168	0.03192	0.05457	0.05059	0.03298	0.00910	0.01796	0.00481	0.00133	0.04250	0.02875	0.00258	0.00550
9	0.00840	0.02885	0.51953	0.03602	0.04578	0.00933	0.17112	0.01277	0.04942	0.01284	0.00942	0.03810	0.03129	0.00433	0.00412	0.00131	0.00570	0.00390	0.00204	0.00571
10	0.00523	0.00404	0.00473	0.00473	0.00573	0.00358	0.00345	0.00653	0.00983	0.01290	0.35241	0.14718	0.37835	0.03647	0.00534	0.00145	0.00210	0.00840	0.00400	0.00354
11	0.00776	0.13527	0.16266	0.05208	0.01126	0.02470	0.02224	0.03713	0.00788	0.01084	0.02332	0.01272	0.00841	0.03728	0.39628	0.00375	0.03607	0.00375	0.00210	0.00451
12	0.03838	0.03746	0.01276	0.33679	0.12062	0.08985	0.04560	0.12693	0.07916	0.01386	0.02478	0.01111	0.01993	0.00443	0.00416	0.00128	0.02141	0.00371	0.00249	0.00530
13	0.00550	0.00432	0.00518	0.00556	0.00649	0.00408	0.00422	0.00705	0.04259	0.01142	0.06086	0.29643	0.34490	0.01088	0.00521	0.00155	0.01919	0.15720	0.00376	0.00360
14	0.00556	0.00377	0.00471	0.00531	0.00574	0.00355	0.00361	0.00634	0.00780	0.02404	0.02170	0.54300	0.09294	0.14316	0.00739	0.00193	0.00263	0.04801	0.06554	0.00329
15	0.00933	0.01391	0.34411	0.06025	0.27793	0.02419	0.04962	0.02537	0.03472	0.03993	0.02705	0.01061	0.00704	0.02579	0.00473	0.00135	0.03246	0.00359	0.00214	0.00587
16	0.01050	0.01083	0.01656	0.07572	0.08178	0.10613	0.31373	0.08561	0.03609	0.02360	0.00826	0.03593	0.00681	0.00476	0.00606	0.00139	0.16442	0.00421	0.00232	0.00531
17	0.01257	0.00873	0.00956	0.00801	0.01058	0.00959	0.00640	0.23259	0.41534	0.14684	0.01436	0.01349	0.01039	0.00520	0.00399	0.00128	0.00347	0.00419	0.07702	0.00641
18	0.00511	0.00410	0.00457	0.00450	0.00569	0.00355	0.00336	0.00642	0.00992	0.01269	0.30072	0.07064	0.53499	0.00972	0.00481	0.00135	0.00202	0.00828	0.00400	0.00355

[dist]
# distance from previous block
# <min> <max>
0	24

[block]
# block no. 2 follows, 66 sequences, length 34
# corresponding to MSA columns:
# 610-643
name=unknown_C
#
# <colnr> <probs for GDERKNQSTAVLIFYWHMCP>
#	G	D	E	R	K	N	Q	S	T	A	V	L	I	F	Y	W	H	M	C	P
0	0.00773	0.02194	0.02564	0.10328	0.18426	0.02199	0.02582	0.02929	0.08005	0.01271	0.08884	0.02188	0.27755	0.01965	0.00500	0.00136	0.04317	0.00563	0.01946	0.00474
1	0.00966	0.26069	0.08169	0.01158	0.01497	0.06519	0.35163	0.01198	0.00880	0.01118	0.00818	0.03948	0.00724	0.07427	0.02507	0.00153	0.00578	0.00405	0.00203	0.00502
2	0.13885	0.00920	0.01230	0.12298	0.38453	0.08125	0.00943	0.01167	0.00857	0.01293	0.00804	0.05011	0.00710	0.01739	0.00471	0.00131	0.06744	0.00373	0.04321	0.00525
3	0.05524	0.04167	0.71370	0.03990	0.01733	0.00960	0.04219	0.01270	0.00849	0.01297	0.00718	0.00857	0.00515	0.00383	0.00379	0.00128	0.00581	0.00302	0.00177	0.00582
4	0.30202	0.01024	0.01054	0.03269	0.01178	0.02949	0.03630	0.48204	0.01423	0.02189	0.00819	0.00872	0.00597	0.00441	0.00357	0.00124	0.00420	0.00319	0.00337	0.00590
5	0.01005	0.03931	0.01327	0.04105	0.07610	0.10219	0.04064	0.04936	0.03522	0.01118	0.00638	0.00912	0.00574	0.00598	0.00977	0.00155	0.53269	0.00350	0.00202	0.00487
6	0.01517	0.01124	0.01204	0.00928	0.01249	0.01247	0.00765	0.78129	0.05677	0.02517	0.01006	0.00999	0.00716	0.00490	0.00406	0.00122	0.00441	0.00370	0.00406	0.00688
7	0.02762	0.00553	0.00675	0.00584	0.00770	0.00522	0.00458	0.04546	0.04349	0.30804	0.14583	0.09379	0.05272	0.00639	0.00399	0.00123	0.00268	0.00537	0.22270	0.00509
8	0.00499	0.00387	0.00456	0.00499	0.00580	0.00344	0.00356	0.00596	0.00873	0.01109	0.08642	0.40910	0.38319	0.01128	0.00500	0.00151	0.00224	0.03706	0.00381	0.00340
9	0.00513	0.00385	0.00477	0.00527	0.00596	0.00350	0.00377	0.00618	0.00884	0.01155	0.15320	0.45608	0.24406	0.01127	0.00504	0.00153	0.00229	0.06037	0.00387	0.00344
10	0.00573	0.00434	0.00510	0.00501	0.00610	0.00403	0.00378	0.00765	0.04813	0.01358	0.37218	0.05821	0.30540	0.04901	0.00550	0.00148	0.00226	0.06277	0.03603	0.00372
11	0.83963	0.00803	0.00629	0.00555	0.00810	0.00929	0.00457	0.05495	0.00755	0.01860	0.00587	0.00676	0.00453	0.00383	0.00259	0.00125	0.00321	0.00227	0.00259	0.00453
12	0.00928	0.00735	0.00916	0.00659	0.01018	0.00566	0.03985	0.01113	0.00873	0.08168	0.00799	0.00897	0.00635	0.00319	0.00317	0.00069	0.00321	0.00265	0.00261	0.77158
13	0.00840	0.00774	0.01251	0.69174	0.08684	0.00945	0.01101	0.06296	0.00882	0.01154	0.00732	0.01060	0.00558	0.00422	0.00449	0.00135	0.04505	0.00361	0.00196	0.00480
14	0.25008	0.01237	0.04002	0.00919	0.03861	0.20211	0.02435	0.31518	0.01288	0.04742	0.00787	0.00847	0.00585	0.00431	0.00356	0.00119	0.00484	0.00303	0.00303	0.00564
15	0.05535	0.00976	0.01041	0.01928	0.01111	0.03700	0.00685	0.47147	0.08358	0.06038	0.01103	0.01159	0.02939	0.01892	0.00511	0.02225	0.06313	0.00381	0.06362	0.00597
16	0.55241	0.00648	0.00601	0.00563	0.00741	0.00747	0.00446	0.01004	0.00674	0.01478	0.00793	0.02350	0.00713	0.06883	0.25304	0.00300	0.00548	0.00322	0.00243	0.00402
17	0.01004	0.00964	0.01647	0.02490	0.83211	0.00964	0.01245	0.01245	0.00924	0.01325	0.00763	0.01004	0.00643	0.00361	0.00402	0.00120	0.00482	0.00361	0.00201	0.00643
18	0.01145	0.03647	0.01031	0.00848	0.01105	0.01090	0.00676	0.22091	0.59696	0.01889	0.01447	0.01351	0.01078	0.00528	0.00406	0.00132	0.00356	0.00428	0.00403	0.00650
19	0.02147	0.00737	0.04653	0.00702	0.00901	0.00710	0.00567	0.15989	0.13829	0.15859	0.04018	0.13314	0.01364	0.11955	0.03471	0.00184	0.00372	0.01891	0.06822	0.00517
20	0.00683	0.00451	0.00542	0.00546	0.00662	0.00416	0.00406	0.00859	0.05870	0.09885	0.11011	0.30600	0.28642	0.00996	0.00480	0.00146	0.00244	0.04744	0.02417	0.00400
21	0.00527	0.00399	0.00480	0.00492	0.00580	0.00360	0.00356	0.00653	0.00959	0.01269	0.33081	0.22150	0.29509	0.04998	0.00564	0.00153	0.00219	0.02503	0.00397	0.00351
22	0.01267	0.08138	0.12617	0.01277	0.12986	0.37951	0.07897	0.08144	0.02210	0.02753	0.00733	0.00855	0.00579	0.00403	0.00380	0.00114	0.00615	0.00310	0.00224	0.00547
23	0.02553	0.00931	0.01295	0.06436	0.13629	0.06084	0.10042	0.09815	0.05572	0.05331	0.00925	0.01157	0.02595	0.02098	0.08142	0.00190	0.22033	0.00394	0.00250	0.00524
24	0.01255	0.00892	0.11142	0.00819	0.01073	0.02139	0.01727	0.04053	0.03868	0.36602	0.14345	0.01540	0.03401	0.00586	0.00572	0.00135	0.14449	0.00448	0.00380	0.00573
25	0.00496	0.00362	0.00467	0.00545	0.00585	0.00333	0.00369	0.00576	0.00810	0.01069	0.06066	0.72656	0.11725	0.01224	0.00512	0.00160	0.00230	0.01101	0.00380	0.00333
26	0.01257	0.13594	0.11119	0.07290	0.12675	0.08884	0.00886	0.13373	0.04868	0.18244	0.01024	0.02281	0.01834	0.00449	0.00381	0.00119	0.00469	0.00356	0.00299	0.00597
27	0.00910	0.05725	0.13399	0.07487	0.21566	0.02400	0.04607	0.08789	0.00974	0.03829	0.04519	0.15880	0.02215	0.03340	0.02437	0.00151	0.00460	0.00518	0.00267	0.00525
28	0.00548	0.00373	0.00491	0.00563	0.00608	0.00345	0.00386	0.00631	0.00819	0.04082	0.06111	0.72862	0.06919	0.01207	0.00511	0.00160	0.00238	0.02413	0.00384	0.00347
29	0.02203	0.04573	0.09757	0.19591	0.07750	0.08313	0.09116	0.16137	0.05575	0.05684	0.00903	0.01946	0.00690	0.00535	0.03701	0.00146	0.00539	0.00370	0.01916	0.00555
30	0.03004	0.01196	0.17290	0.07983	0.20014	0.03181	0.10679	0.17490	0.04361	0.06794	0.01954	0.02589	0.00733	0.00433	0.00409	0.00127	0.00506	0.00385	0.00270	0.00602
31	0.05154	0.09214	0.12231	0.04830	0.27678	0.10805	0.06950	0.04095	0.04358	0.02982	0.00923	0.05992	0.02142	0.00451	0.00390	0.00122	0.00502	0.00390	0.00233	0.00560
32	0.00707	0.00559	0.00775	0.00754	0.02954	0.00661	0.00565	0.04573	0.00740	0.02447	0.03031	0.08618	0.02485	0.11650	0.41279	0.00424	0.16635	0.00506	0.00248	0.00390
33	0.10190	0.10052	0.06563	0.02479	0.21718	0.05425	0.01862	0.10898	0.01002	0.05828	0.00792	0.02183	0.00638	0.00399	0.00373	0.00109	0.02259	0.00316	0.00252	0.16662

[dist]
# distance from previous block
# <min> <max>
0	5

[block]
# block no. 3 follows, 66 sequences, length 15
# corresponding to MSA columns:
# 649-663
name=unknown_D
#
# <colnr> <probs for GDERKNQSTAVLIFYWHMCP>
#	G	D	E	R	K	N	Q	S	T	A	V	L	I	F	Y	W	H	M	C	P
0	0.08578	0.18670	0.11434	0.04883	0.10689	0.17417	0.12029	0.05454	0.00955	0.01245	0.00715	0.00920	0.00593	0.04255	0.00437	0.00127	0.00546	0.00319	0.00210	0.00524
1	0.05520	0.13142	0.19616	0.01210	0.01605	0.06391	0.31775	0.05380	0.00969	0.04875	0.00852	0.02462	0.00681	0.00416	0.00406	0.00126	0.00570	0.03229	0.00228	0.00548
2	0.00589	0.00397	0.00461	0.00461	0.00468	0.00404	0.00269	0.00602	0.00596	0.00801	0.01261	0.02559	0.01433	0.78284	0.09466	0.00417	0.00456	0.00576	0.00243	0.00256
3	0.00514	0.00404	0.00453	0.00465	0.00562	0.00361	0.00335	0.00613	0.00876	0.01101	0.11263	0.14717	0.48395	0.11750	0.03667	0.00192	0.00268	0.03370	0.00362	0.00334
4	0.00902	0.00697	0.00802	0.04349	0.00975	0.00757	0.00568	0.04414	0.40503	0.06422	0.17211	0.06981	0.04807	0.02749	0.03133	0.00156	0.00328	0.00553	0.00395	0.03296
5	0.00499	0.00410	0.00439	0.00436	0.00561	0.00350	0.00325	0.00619	0.00966	0.01203	0.20134	0.06020	0.64642	0.00994	0.00480	0.00136	0.00203	0.00840	0.00391	0.00350
6	0.00912	0.00922	0.01248	0.35518	0.23754	0.12009	0.01015	0.01121	0.00861	0.01097	0.00809	0.05403	0.00708	0.00640	0.06109	0.00167	0.06621	0.00393	0.00202	0.00492
7	0.00490	0.00369	0.00454	0.00522	0.00577	0.00333	0.00358	0.00570	0.00818	0.01052	0.02755	0.62877	0.24948	0.01204	0.00507	0.00157	0.00227	0.01071	0.00377	0.00333
8	0.01453	0.04138	0.01201	0.01013	0.01232	0.56985	0.00788	0.18358	0.01252	0.01318	0.00690	0.00794	0.00558	0.00456	0.00457	0.00114	0.08141	0.00290	0.00246	0.00515
9	0.62968	0.00828	0.00742	0.00623	0.00894	0.00923	0.00514	0.14177	0.00948	0.12985	0.00770	0.00807	0.00556	0.00411	0.00297	0.00125	0.00339	0.00268	0.00310	0.00513
10	0.00874	0.01701	0.00754	0.00668	0.00807	0.00695	0.00507	0.24518	0.04069	0.01496	0.03337	0.19865	0.07001	0.13861	0.11075	0.00240	0.01793	0.02022	0.04271	0.00447
11	0.00647	0.00455	0.00541	0.00527	0.00639	0.00429	0.00391	0.00791	0.03465	0.07709	0.15475	0.16619	0.35834	0.06935	0.03599	0.00177	0.03105	0.01903	0.00377	0.00382
12	0.00908	0.00959	0.01650	0.01284	0.01455	0.02930	0.33267	0.01096	0.00767	0.01097	0.00699	0.01067	0.00622	0.04480	0.03271	0.00182	0.43184	0.00415	0.00194	0.00475
13	0.01201	0.09873	0.03743	0.04651	0.01207	0.03821	0.00726	0.32882	0.22978	0.03283	0.03698	0.03654	0.00959	0.00505	0.00391	0.00121	0.00407	0.00398	0.00353	0.05149
14	0.01038	0.51835	0.24659	0.00856	0.01257	0.07687	0.00922	0.01314	0.05085	0.01088	0.00671	0.00759	0.00556	0.00374	0.00311	0.00102	0.00497	0.00256	0.00188	0.00545

[dist]
# distance from previous block
# <min> <max>
0	1

[block]
# block no. 4 follows, 66 sequences, length 18
# corresponding to MSA columns:
# 665-682
name=unknown_E
#
# <colnr> <probs for GDERKNQSTAVLIFYWHMCP>
#	G	D	E	R	K	N	Q	S	T	A	V	L	I	F	Y	W	H	M	C	P
0	0.01086	0.01085	0.01468	0.11359	0.29580	0.14859	0.13392	0.09052	0.02228	0.03139	0.00968	0.03981	0.03779	0.00452	0.00430	0.00126	0.01807	0.00411	0.00242	0.00557
1	0.01120	0.03370	0.05508	0.00937	0.05944	0.02393	0.07271	0.09539	0.13040	0.19740	0.05511	0.04298	0.07764	0.02266	0.01674	0.00146	0.02676	0.05881	0.00361	0.00560
2	0.01820	0.00690	0.00942	0.00722	0.01036	0.00596	0.00596	0.01977	0.01161	0.83492	0.01601	0.01381	0.01004	0.00502	0.00408	0.00126	0.00345	0.00408	0.00502	0.00690
3	0.00505	0.00395	0.00458	0.00479	0.00573	0.00348	0.00345	0.00618	0.00930	0.01195	0.20987	0.27855	0.41755	0.01056	0.00491	0.00143	0.00211	0.00917	0.00392	0.00348
4	0.01043	0.01126	0.01329	0.40261	0.18755	0.23787	0.03962	0.02873	0.00955	0.01124	0.00713	0.00968	0.00562	0.00399	0.00397	0.00124	0.00585	0.00338	0.00198	0.00504
5	0.10659	0.01563	0.43516	0.00990	0.01448	0.01013	0.01098	0.26288	0.01185	0.07254	0.00845	0.00907	0.00593	0.00424	0.00379	0.00126	0.00504	0.00319	0.00275	0.00616
6	0.00490	0.00409	0.00423	0.00423	0.00549	0.00347	0.00313	0.00594	0.00923	0.01118	0.09203	0.06214	0.72368	0.04163	0.00539	0.00147	0.00212	0.00847	0.00377	0.00341
7	0.01723	0.00675	0.00907	0.00707	0.01003	0.00592	0.00580	0.01905	0.03348	0.75971	0.01608	0.03620	0.01057	0.00523	0.00406	0.00126	0.00336	0.00428	0.03818	0.00668
8	0.00867	0.02900	0.06210	0.39679	0.05307	0.00865	0.02671	0.01221	0.11721	0.06635	0.01110	0.03141	0.04317	0.04234	0.03359	0.00164	0.04432	0.00423	0.00250	0.00494
9	0.00958	0.01094	0.02394	0.01710	0.02120	0.01026	0.81737	0.01300	0.00958	0.01300	0.00821	0.01094	0.00616	0.00342	0.00479	0.00137	0.00684	0.00479	0.00205	0.00547
10	0.00509	0.00368	0.00479	0.00561	0.00599	0.00344	0.00387	0.00588	0.00794	0.01045	0.02351	0.69299	0.09379	0.04446	0.00577	0.00173	0.00249	0.07152	0.00371	0.00331
11	0.00971	0.49424	0.35145	0.00912	0.01364	0.01319	0.03492	0.01246	0.00841	0.01099	0.00638	0.00748	0.00521	0.00362	0.00318	0.00105	0.00509	0.00258	0.00174	0.00553
12	0.00868	0.00870	0.09882	0.04914	0.04615	0.05665	0.04501	0.10236	0.06524	0.03032	0.09696	0.08561	0.07218	0.02881	0.09462	0.07291	0.00483	0.02540	0.00299	0.00463
13	0.04184	0.01269	0.18303	0.06965	0.09747	0.10367	0.21151	0.03663	0.03475	0.05003	0.02252	0.01039	0.00681	0.00480	0.02312	0.00142	0.06362	0.00375	0.01684	0.00545
14	0.00644	0.00445	0.00548	0.00574	0.00657	0.00427	0.00407	0.04065	0.05340	0.05583	0.09325	0.52775	0.12982	0.03553	0.00538	0.00159	0.00251	0.00952	0.00389	0.00384
15	0.01166	0.01070	0.07946	0.09765	0.14521	0.07222	0.12607	0.16957	0.03623	0.11781	0.01039	0.03911	0.00827	0.00517	0.01585	0.00137	0.00512	0.03939	0.00295	0.00582
16	0.03778	0.06112	0.06712	0.19435	0.20453	0.09968	0.07650	0.04224	0.05356	0.04233	0.02219	0.03267	0.00745	0.00500	0.02501	0.00138	0.01558	0.00379	0.00234	0.00540
17	0.05050	0.05788	0.00771	0.05200	0.03800	0.01955	0.03798	0.00788	0.00836	0.02258	0.06782	0.31140	0.17920	0.06635	0.02412	0.00169	0.01552	0.00759	0.00319	0.02067

[dist]
# distance from previous block
# <min> <max>
0	46

[block]
# block no. 5 follows, 66 sequences, length 23
# corresponding to MSA columns:
# 729-751
name=unknown_F
#
# <colnr> <probs for GDERKNQSTAVLIFYWHMCP>
#	G	D	E	R	K	N	Q	S	T	A	V	L	I	F	Y	W	H	M	C	P
0	0.04349	0.10276	0.15907	0.04819	0.10649	0.06046	0.00851	0.11199	0.07648	0.05068	0.00988	0.02448	0.02017	0.08148	0.05090	0.00172	0.00498	0.00374	0.00262	0.03190
1	0.07386	0.07535	0.10247	0.03490	0.02828	0.01513	0.02477	0.02715	0.06522	0.13562	0.13112	0.06987	0.09284	0.08167	0.00573	0.00152	0.02115	0.00518	0.00328	0.00486
2	0.07369	0.05745	0.03763	0.06157	0.06583	0.08640	0.06328	0.12761	0.23646	0.04243	0.02977	0.07962	0.01017	0.00528	0.00400	0.00129	0.00431	0.00441	0.00319	0.00563
3	0.00541	0.00396	0.00467	0.00489	0.00543	0.00376	0.00329	0.00609	0.00761	0.00986	0.05923	0.20646	0.23552	0.32574	0.06838	0.00275	0.00348	0.03719	0.00320	0.00308
4	0.01108	0.03932	0.42266	0.01136	0.05626	0.04823	0.03594	0.24899	0.04195	0.03344	0.00847	0.00929	0.00612	0.00422	0.00392	0.00124	0.00537	0.00332	0.00260	0.00622
5	0.02190	0.09217	0.02914	0.14979	0.24424	0.03574	0.20505	0.11058	0.02165	0.03906	0.00808	0.01004	0.00625	0.00387	0.00405	0.00124	0.00532	0.00373	0.00233	0.00576
6	0.31536	0.00810	0.01123	0.21344	0.23754	0.00887	0.04898	0.01137	0.00801	0.01406	0.00736	0.03098	0.00618	0.02641	0.00397	0.00133	0.00432	0.00339	0.00221	0.03689
7	0.04782	0.01152	0.01136	0.00905	0.01203	0.10158	0.00735	0.56223	0.10656	0.07397	0.01036	0.01021	0.00743	0.00483	0.00397	0.00122	0.00452	0.00362	0.00386	0.00651
8	0.00627	0.00480	0.00543	0.00553	0.00665	0.02211	0.00415	0.04765	0.00962	0.03383	0.11194	0.28862	0.32719	0.01027	0.00489	0.00147	0.00258	0.08674	0.00383	0.01644
9	0.01280	0.01138	0.01053	0.00903	0.01142	0.18269	0.00717	0.23809	0.31840	0.05862	0.01220	0.01306	0.00944	0.00537	0.00451	0.00130	0.04426	0.04013	0.00360	0.00601
10	0.00925	0.17633	0.46521	0.03274	0.01483	0.03112	0.02933	0.04890	0.00932	0.03383	0.07845	0.01034	0.00826	0.00435	0.00403	0.00121	0.03141	0.00334	0.00217	0.00559
11	0.00931	0.00720	0.00800	0.00719	0.00915	0.00788	0.00557	0.01714	0.51976	0.07444	0.23488	0.01998	0.04927	0.00639	0.00433	0.00134	0.00284	0.00543	0.00427	0.00565
12	0.00586	0.00402	0.00494	0.00532	0.00557	0.00397	0.00360	0.00640	0.00700	0.00927	0.01648	0.18615	0.01890	0.51400	0.01446	0.00305	0.00359	0.18154	0.00298	0.00289
13	0.02498	0.03645	0.27979	0.01197	0.06428	0.10533	0.14795	0.08455	0.08116	0.11028	0.00931	0.01012	0.00675	0.00416	0.00402	0.00125	0.00546	0.00358	0.00264	0.00596
14	0.04103	0.01298	0.01224	0.12476	0.15626	0.33114	0.02706	0.13166	0.05964	0.01389	0.04512	0.01018	0.00762	0.00440	0.00390	0.00118	0.00558	0.00344	0.00257	0.00537
15	0.00504	0.00401	0.00436	0.00446	0.00547	0.00351	0.00318	0.00600	0.00889	0.01106	0.11601	0.15004	0.54406	0.10768	0.00667	0.00169	0.00230	0.00854	0.00369	0.00334
16	0.00507	0.00367	0.00482	0.00569	0.00607	0.00342	0.00395	0.00590	0.00801	0.01055	0.02372	0.72381	0.08814	0.01240	0.00519	0.00165	0.00245	0.07841	0.00376	0.00334
17	0.03860	0.06253	0.01330	0.20728	0.12295	0.04147	0.06595	0.25583	0.04151	0.03302	0.00932	0.06043	0.00762	0.00479	0.00416	0.00127	0.01745	0.00405	0.00283	0.00564
18	0.00566	0.00421	0.00507	0.00529	0.00618	0.00392	0.00380	0.00740	0.05821	0.02873	0.21475	0.37220	0.24868	0.01043	0.00490	0.00146	0.00224	0.00918	0.00398	0.00371
19	0.00510	0.00365	0.00466	0.00536	0.00566	0.00341	0.00354	0.00577	0.00774	0.01028	0.05377	0.65662	0.07525	0.13019	0.00730	0.00193	0.00254	0.01040	0.00361	0.00321
20	0.03070	0.58835	0.06214	0.00802	0.01145	0.05421	0.04022	0.10234	0.02856	0.01203	0.00669	0.00761	0.00569	0.00433	0.02167	0.00110	0.00478	0.00261	0.00211	0.00540
21	0.09755	0.03844	0.03254	0.10288	0.10588	0.03676	0.06177	0.21479	0.08541	0.05224	0.02237	0.01150	0.02791	0.00617	0.05751	0.00157	0.00487	0.00376	0.00297	0.03311
22	0.01238	0.00990	0.04060	0.05139	0.05369	0.09236	0.01754	0.19496	0.14749	0.15928	0.03725	0.02838	0.00972	0.04028	0.03032	0.00152	0.03210	0.00410	0.00347	0.03329

[dist]
# distance from previous block
# <min> <max>
2	42

[block]
# block no. 6 follows, 66 sequences, length 17
# corresponding to MSA columns:
# 794-810
name=unknown_G
#
# <colnr> <probs for GDERKNQSTAVLIFYWHMCP>
#	G	D	E	R	K	N	Q	S	T	A	V	L	I	F	Y	W	H	M	C	P
0	0.02394	0.03639	0.17901	0.03930	0.03288	0.10044	0.04668	0.08782	0.11368	0.03514	0.01380	0.05593	0.09957	0.00689	0.04508	0.00155	0.02240	0.02759	0.00284	0.02907
1	0.02474	0.02744	0.01224	0.08410	0.22710	0.14100	0.03190	0.07241	0.04543	0.03513	0.03139	0.03497	0.02127	0.02402	0.04178	0.01396	0.08187	0.00392	0.00249	0.04283
2	0.00629	0.00491	0.00607	0.00622	0.03002	0.00484	0.00465	0.00832	0.05999	0.03161	0.22575	0.08752	0.31733	0.00991	0.03041	0.00160	0.04655	0.11026	0.00379	0.00396
3	0.01138	0.00840	0.00963	0.03083	0.01106	0.00804	0.00607	0.20106	0.15081	0.10686	0.01035	0.01053	0.00773	0.00412	0.00359	0.00097	0.00350	0.00328	0.00335	0.40844
4	0.00517	0.00404	0.00468	0.00470	0.00575	0.00356	0.00346	0.00647	0.00986	0.01283	0.32958	0.15335	0.42227	0.00989	0.00485	0.00138	0.00205	0.00854	0.00403	0.00356
5	0.00523	0.00409	0.00474	0.00467	0.00577	0.00360	0.00347	0.00664	0.01015	0.01331	0.39545	0.09339	0.41585	0.00956	0.00482	0.00135	0.00201	0.00822	0.00408	0.00360
6	0.00579	0.00396	0.00447	0.00445	0.00464	0.00388	0.00261	0.00603	0.00661	0.00876	0.07667	0.02790	0.08621	0.72118	0.01810	0.00351	0.00362	0.00624	0.00272	0.00264
7	0.00552	0.00426	0.00474	0.00466	0.00585	0.00381	0.00347	0.03088	0.00994	0.01293	0.24135	0.11685	0.47697	0.00956	0.00471	0.00135	0.00211	0.00815	0.04926	0.00364
8	0.00516	0.00396	0.00437	0.00453	0.00531	0.00355	0.00308	0.00591	0.00822	0.01032	0.07106	0.18583	0.42898	0.23106	0.00899	0.00208	0.00259	0.00835	0.00346	0.00317
9	0.01004	0.61062	0.26345	0.00832	0.01254	0.01408	0.00933	0.01236	0.00834	0.01053	0.00613	0.00712	0.00519	0.00358	0.00298	0.00099	0.00483	0.00242	0.00173	0.00544
10	0.00848	0.08083	0.71513	0.01098	0.01651	0.00995	0.01376	0.01345	0.06993	0.01292	0.00786	0.00891	0.00569	0.00395	0.00378	0.00126	0.00567	0.00306	0.00190	0.00597
11	0.00566	0.00426	0.00465	0.00463	0.00535	0.00404	0.00309	0.00682	0.04998	0.01017	0.07249	0.05527	0.33286	0.39684	0.01202	0.00255	0.00300	0.01993	0.00323	0.00316
12	0.00967	0.48446	0.34900	0.00897	0.01330	0.01322	0.01027	0.01232	0.00828	0.01088	0.00629	0.00744	0.00518	0.00379	0.00358	0.00108	0.04248	0.00256	0.00173	0.00549
13	0.00934	0.00828	0.01209	0.17833	0.24235	0.04646	0.06060	0.01310	0.14032	0.05712	0.16241	0.02817	0.01354	0.00510	0.00424	0.00129	0.00427	0.00464	0.00296	0.00540
14	0.00589	0.00399	0.00471	0.00471	0.00481	0.00409	0.00282	0.00608	0.00598	0.00808	0.01252	0.02510	0.01412	0.74427	0.13293	0.00429	0.00488	0.00569	0.00242	0.00262
15	0.01327	0.00728	0.00875	0.00737	0.00986	0.00739	0.00586	0.01896	0.34921	0.39112	0.07755	0.03932	0.01362	0.00568	0.00415	0.00131	0.00317	0.00474	0.02509	0.00630
16	0.28778	0.01221	0.06939	0.00847	0.01115	0.22355	0.03776	0.13511	0.05347	0.03900	0.02934	0.00967	0.02224	0.00501	0.02074	0.00133	0.02271	0.00318	0.00277	0.00514

[dist]
# distance from previous block
# <min> <max>
0	2

[block]
# block no. 7 follows, 66 sequences, length 17
# corresponding to MSA columns:
# 813-829
name=unknown_H
#
# <colnr> <probs for GDERKNQSTAVLIFYWHMCP>
#	G	D	E	R	K	N	Q	S	T	A	V	L	I	F	Y	W	H	M	C	P
0	0.03707	0.00972	0.01025	0.00881	0.02632	0.17128	0.07837	0.12649	0.07507	0.08059	0.17738	0.05467	0.03879	0.00636	0.01844	0.00134	0.01873	0.02162	0.00342	0.03530
1	0.00862	0.00815	0.01364	0.51721	0.32182	0.00928	0.01153	0.01152	0.03690	0.01165	0.00769	0.01068	0.00602	0.00394	0.00404	0.00130	0.00512	0.00364	0.00196	0.00528
2	0.00958	0.01094	0.02394	0.01710	0.02120	0.01026	0.81737	0.01300	0.00958	0.01300	0.00821	0.01094	0.00616	0.00342	0.00479	0.00137	0.00684	0.00479	0.00205	0.00547
3	0.01099	0.00898	0.00955	0.00836	0.01079	0.01027	0.00656	0.11814	0.70224	0.04302	0.01568	0.01444	0.01165	0.00541	0.00412	0.00135	0.00337	0.00446	0.00415	0.00649
4	0.00503	0.00357	0.00468	0.00554	0.00575	0.00335	0.00365	0.00567	0.00760	0.01014	0.02151	0.78099	0.02576	0.08796	0.00656	0.00185	0.00249	0.01103	0.00365	0.00322
5	0.00494	0.00353	0.00471	0.00565	0.00588	0.00330	0.00377	0.00565	0.00777	0.01036	0.02236	0.85477	0.02683	0.01271	0.00518	0.00165	0.00235	0.01153	0.00377	0.00330
6	0.00580	0.00435	0.00652	0.00652	0.00724	0.00507	0.00507	0.00724	0.00652	0.00942	0.01087	0.01594	0.01014	0.03043	0.84134	0.00652	0.01087	0.00435	0.00217	0.00362
7	0.01494	0.01889	0.01140	0.01036	0.01246	0.80604	0.00778	0.01643	0.04584	0.01023	0.00670	0.00765	0.00553	0.00424	0.00368	0.00106	0.00714	0.00270	0.00218	0.00478
8	0.00494	0.00355	0.00468	0.00559	0.00587	0.00330	0.00374	0.00566	0.00783	0.01038	0.02313	0.82145	0.05966	0.01261	0.00516	0.00164	0.00234	0.01141	0.00377	0.00330
9	0.00563	0.00382	0.00450	0.00477	0.00483	0.00376	0.00282	0.00583	0.00642	0.00856	0.01546	0.25801	0.01813	0.62135	0.01633	0.00329	0.00349	0.00747	0.00282	0.00269
10	0.01069	0.80988	0.06982	0.00722	0.01084	0.01566	0.00742	0.01219	0.00826	0.00974	0.00574	0.00663	0.00520	0.00349	0.00268	0.00089	0.00444	0.00222	0.00173	0.00525
11	0.00552	0.00406	0.00528	0.00592	0.00665	0.00382	0.00455	0.00679	0.00894	0.01170	0.11631	0.36691	0.15998	0.01133	0.00521	0.00163	0.00270	0.26537	0.00384	0.00352
12	0.01217	0.00767	0.00893	0.00729	0.00962	0.00792	0.00585	0.29832	0.08658	0.18841	0.27954	0.01791	0.01837	0.00607	0.00428	0.00125	0.00325	0.00503	0.02578	0.00578
13	0.00911	0.01422	0.28934	0.01529	0.02001	0.00999	0.55526	0.01295	0.00925	0.01295	0.00791	0.01017	0.00582	0.00356	0.00448	0.00134	0.00656	0.00420	0.00194	0.00564
14	0.03085	0.01278	0.04005	0.00985	0.01197	0.24899	0.02491	0.23850	0.06121	0.04115	0.03425	0.00987	0.00735	0.00526	0.00612	0.00132	0.20376	0.00349	0.00285	0.00545
15	0.09347	0.01013	0.01084	0.00842	0.01155	0.03690	0.00693	0.50822	0.01568	0.21907	0.01071	0.01033	0.00736	0.00474	0.00389	0.00121	0.00416	0.00356	0.00405	0.02880
16	0.02851	0.04575	0.04152	0.30172	0.10055	0.01015	0.04608	0.20083	0.04908	0.04004	0.03009	0.01134	0.00745	0.00457	0.00442	0.00129	0.04162	0.01546	0.00268	0.01686

[dist]
# distance from previous block
# <min> <max>
0	9

[block]
# block no. 8 follows, 66 sequences, length 37
# corresponding to MSA columns:
# 839-875
name=unknown_I
#
# <colnr> <probs for GDERKNQSTAVLIFYWHMCP>
#	G	D	E	R	K	N	Q	S	T	A	V	L	I	F	Y	W	H	M	C	P
0	0.00819	0.00627	0.00716	0.00635	0.00809	0.00648	0.00494	0.07581	0.22866	0.05081	0.31491	0.02429	0.17580	0.00730	0.00468	0.00130	0.02416	0.00614	0.00410	0.03454
1	0.03275	0.00779	0.00865	0.00636	0.00983	0.03412	0.00509	0.03847	0.02284	0.06105	0.00789	0.00880	0.00631	0.00329	0.00313	0.00070	0.00323	0.00258	0.00263	0.73449
2	0.00532	0.00412	0.00482	0.00474	0.00581	0.00366	0.00353	0.00674	0.01010	0.01330	0.39997	0.06601	0.38508	0.03806	0.00536	0.00144	0.00212	0.03219	0.00404	0.00358
3	0.01058	0.00592	0.00646	0.00560	0.00736	0.00611	0.00442	0.13751	0.09510	0.13580	0.01344	0.01410	0.01001	0.00487	0.00334	0.00108	0.00265	0.00389	0.52677	0.00499
4	0.00556	0.00434	0.00507	0.00485	0.00603	0.00395	0.00365	0.00756	0.04775	0.01418	0.47789	0.03310	0.35333	0.00896	0.00476	0.00132	0.00203	0.00770	0.00417	0.00379
5	0.00509	0.00394	0.00449	0.00470	0.00556	0.00350	0.00330	0.00604	0.00879	0.01120	0.14420	0.25786	0.41064	0.10403	0.00665	0.00171	0.00232	0.00890	0.00372	0.00334
6	0.80416	0.00749	0.00584	0.00529	0.00766	0.00863	0.00435	0.01167	0.00708	0.01783	0.00659	0.00824	0.00531	0.00404	0.00262	0.00125	0.00307	0.02468	0.05986	0.00434
7	0.00628	0.00454	0.00499	0.00513	0.00597	0.02579	0.00366	0.02492	0.03274	0.01271	0.15607	0.29515	0.15458	0.06988	0.00560	0.00153	0.00245	0.00782	0.17654	0.00365
8	0.01164	0.00949	0.01005	0.00857	0.01114	0.01082	0.00680	0.25324	0.59057	0.01947	0.01454	0.01357	0.01079	0.00532	0.00411	0.00133	0.00358	0.00432	0.00411	0.00656
9	0.01100	0.00912	0.00944	0.00824	0.01063	0.03518	0.00646	0.13920	0.60603	0.03569	0.01503	0.03207	0.01143	0.00544	0.00407	0.00132	0.00347	0.00446	0.02726	0.02445
10	0.00985	0.00961	0.01525	0.12042	0.66007	0.05119	0.01175	0.01220	0.00928	0.01280	0.02868	0.01116	0.00736	0.00395	0.00405	0.00123	0.00492	0.01815	0.00208	0.00600
11	0.00582	0.00449	0.00530	0.00564	0.00654	0.00435	0.00418	0.00791	0.09339	0.01150	0.05480	0.28480	0.26190	0.08957	0.00645	0.00177	0.00272	0.14150	0.00370	0.00367
12	0.06459	0.03598	0.01048	0.00908	0.01137	0.39437	0.00700	0.04469	0.33649	0.02972	0.01062	0.01058	0.00819	0.00471	0.00377	0.00120	0.00518	0.00343	0.00304	0.00550
13	0.02485	0.00571	0.00682	0.00603	0.00787	0.00547	0.00469	0.01286	0.14888	0.23646	0.21873	0.05271	0.19872	0.03332	0.00495	0.00141	0.00271	0.01857	0.00428	0.00496
14	0.01821	0.00652	0.01017	0.34714	0.15120	0.00711	0.00852	0.02208	0.00887	0.03376	0.08472	0.17464	0.02501	0.00647	0.00437	0.00137	0.00411	0.04873	0.00273	0.03426
15	0.00866	0.15899	0.65790	0.01110	0.01658	0.01056	0.05699	0.01274	0.00857	0.01231	0.00706	0.00835	0.00521	0.00377	0.00370	0.00122	0.00577	0.00296	0.00174	0.00584
16	0.00788	0.00651	0.00842	0.00775	0.00887	0.04794	0.06841	0.08110	0.03044	0.02578	0.01469	0.22157	0.01554	0.13785	0.12535	0.00261	0.06527	0.11692	0.00304	0.00407
17	0.00514	0.00363	0.00474	0.00555	0.00579	0.00344	0.00370	0.00580	0.00757	0.01009	0.02100	0.70706	0.02502	0.12954	0.00734	0.00197	0.00263	0.04321	0.00358	0.00320
18	0.00814	0.02099	0.83640	0.01156	0.01756	0.00942	0.01499	0.01285	0.00857	0.01285	0.00728	0.00857	0.00514	0.00385	0.00385	0.00128	0.00600	0.00300	0.00171	0.00600
19	0.01027	0.01012	0.01612	0.03984	0.77249	0.05453	0.01218	0.01261	0.00934	0.01302	0.00755	0.00991	0.00634	0.00365	0.00400	0.00120	0.00497	0.00356	0.00201	0.00630
20	0.00766	0.00721	0.01217	0.84767	0.02794	0.00901	0.01127	0.01037	0.00811	0.01037	0.00721	0.01082	0.00541	0.00406	0.00406	0.00135	0.00541	0.00361	0.00180	0.00451
21	0.00574	0.00415	0.00542	0.00510	0.00606	0.00383	0.00383	0.00766	0.01148	0.01627	0.82997	0.03031	0.03828	0.00829	0.00479	0.00128	0.00191	0.00734	0.00447	0.00383
22	0.01036	0.01020	0.01427	0.26529	0.43338	0.10790	0.01119	0.07535	0.00994	0.01297	0.00751	0.00993	0.00602	0.00391	0.00399	0.00123	0.00526	0.00350	0.00212	0.00569
23	0.01542	0.01136	0.01218	0.00933	0.01258	0.01258	0.00771	0.81858	0.01908	0.02557	0.00974	0.00974	0.00690	0.00487	0.00406	0.00122	0.00446	0.00365	0.00406	0.00690
24	0.00766	0.00721	0.01217	0.84767	0.02794	0.00901	0.01127	0.01037	0.00811	0.01037	0.00721	0.01082	0.00541	0.00406	0.00406	0.00135	0.00541	0.00361	0.00180	0.00451
25	0.00590	0.00393	0.00442	0.00442	0.00442	0.00393	0.00246	0.00590	0.00590	0.00787	0.01278	0.02655	0.01475	0.85742	0.02065	0.00393	0.00393	0.00590	0.00246	0.00246
26	0.01542	0.01136	0.01218	0.00933	0.01258	0.01258	0.00771	0.81858	0.01908	0.02557	0.00974	0.00974	0.00690	0.00487	0.00406	0.00122	0.00446	0.00365	0.00406	0.00690
27	0.00974	0.01116	0.02313	0.01666	0.02055	0.03836	0.76272	0.01299	0.00953	0.01278	0.00805	0.01075	0.00610	0.00357	0.00504	0.00137	0.03537	0.00467	0.00204	0.00541
28	0.00785	0.00745	0.01273	0.77776	0.07477	0.00908	0.03251	0.01056	0.00822	0.01060	0.00726	0.01077	0.00549	0.00401	0.00407	0.00134	0.00541	0.00364	0.00182	0.00464
29	0.00579	0.00457	0.00531	0.00534	0.00651	0.00432	0.00407	0.00814	0.09025	0.01308	0.25174	0.12952	0.35006	0.00964	0.00486	0.00143	0.00235	0.09518	0.00399	0.00385
30	0.00513	0.00447	0.01917	0.00478	0.00599	0.00383	0.00367	0.00626	0.00905	0.01125	0.10015	0.12531	0.58855	0.02875	0.02755	0.00160	0.02104	0.02629	0.00367	0.00350
31	0.00999	0.02453	0.01249	0.03226	0.03247	0.09409	0.17569	0.13511	0.08432	0.03127	0.03792	0.01389	0.00953	0.04108	0.20955	0.00266	0.02312	0.02221	0.00276	0.00505
32	0.00580	0.00434	0.00523	0.00549	0.00630	0.00416	0.00407	0.00745	0.05276	0.01170	0.15386	0.18546	0.20750	0.16259	0.00784	0.00196	0.00282	0.16350	0.00366	0.00351
33	0.00986	0.00947	0.02739	0.02467	0.04527	0.13907	0.00635	0.06388	0.08576	0.02595	0.05950	0.05471	0.01039	0.00490	0.00387	0.00102	0.01670	0.04169	0.00286	0.36667
34	0.01886	0.00962	0.03988	0.15156	0.27812	0.03467	0.15047	0.04873	0.04184	0.01291	0.01729	0.01107	0.00697	0.03466	0.01659	0.00145	0.07050	0.00386	0.00221	0.04874
35	0.00816	0.00681	0.06297	0.00621	0.00851	0.00538	0.02178	0.03846	0.04268	0.09736	0.08525	0.06596	0.21413	0.10442	0.00602	0.00147	0.00314	0.00560	0.00333	0.21233
36	0.02025	0.02920	0.05934	0.07958	0.16425	0.10966	0.03817	0.14813	0.11433	0.04997	0.02643	0.03036	0.00845	0.00479	0.00435	0.00124	0.03704	0.02029	0.00286	0.05131

[dist]
# distance from previous block
# <min> <max>
0	1

[block]
# block no. 9 follows, 66 sequences, length 16
# corresponding to MSA columns:
# 900-915
name=unknown_J
#
# <colnr> <probs for GDERKNQSTAVLIFYWHMCP>
#	G	D	E	R	K	N	Q	S	T	A	V	L	I	F	Y	W	H	M	C	P
0	0.00593	0.00450	0.01852	0.04651	0.00772	0.00429	0.01893	0.00705	0.00800	0.02908	0.06066	0.40442	0.05936	0.12317	0.08660	0.00237	0.00380	0.10222	0.00335	0.00352
1	0.04101	0.26892	0.30649	0.01052	0.03302	0.06941	0.11076	0.02871	0.00902	0.03966	0.00709	0.00832	0.00552	0.00379	0.00367	0.00114	0.01840	0.00297	0.00200	0.02958
2	0.02312	0.22004	0.27265	0.01126	0.04361	0.04636	0.15391	0.09515	0.05719	0.02816	0.00793	0.00905	0.00606	0.00391	0.00374	0.00118	0.00536	0.00329	0.00225	0.00578
3	0.00588	0.00398	0.00467	0.00473	0.00482	0.00402	0.00284	0.00608	0.00613	0.00821	0.01326	0.05284	0.01510	0.73868	0.08075	0.00398	0.00439	0.03449	0.00252	0.00262
4	0.00729	0.00547	0.02192	0.04958	0.06348	0.00526	0.02936	0.04986	0.03056	0.02735	0.12581	0.13590	0.13878	0.00975	0.03120	0.18742	0.00338	0.00604	0.06775	0.00383
5	0.02599	0.15572	0.19146	0.06194	0.07418	0.07521	0.06749	0.10351	0.06214	0.09495	0.00966	0.01045	0.03016	0.00434	0.00391	0.00120	0.01583	0.00347	0.00261	0.00576
6	0.02791	0.02509	0.06079	0.02180	0.02225	0.21558	0.02888	0.04901	0.08552	0.11176	0.09409	0.04981	0.13068	0.00651	0.01706	0.00133	0.00445	0.01900	0.02351	0.00497
7	0.02372	0.00526	0.00611	0.00552	0.00693	0.00517	0.00415	0.04983	0.08884	0.12085	0.25600	0.04969	0.11331	0.11302	0.00626	0.00159	0.00266	0.00596	0.13074	0.00440
8	0.03594	0.00897	0.07103	0.11647	0.33493	0.00840	0.06597	0.05952	0.00950	0.04179	0.03415	0.06442	0.03484	0.00660	0.05357	0.00162	0.00499	0.03933	0.00252	0.00544
9	0.02485	0.05845	0.25449	0.06101	0.07812	0.06104	0.04777	0.13671	0.02298	0.03090	0.03644	0.09177	0.00923	0.00595	0.03084	0.00144	0.01835	0.00426	0.01995	0.00545
10	0.08127	0.02613	0.05005	0.00809	0.01004	0.09887	0.08705	0.07998	0.00976	0.06270	0.02949	0.22339	0.07498	0.04691	0.00529	0.00153	0.01444	0.08234	0.00319	0.00450
11	0.00507	0.00366	0.00476	0.00552	0.00589	0.00340	0.00376	0.00589	0.00810	0.01076	0.07940	0.69093	0.07856	0.04390	0.00572	0.00170	0.00240	0.03349	0.00377	0.00332
12	0.00866	0.00812	0.06803	0.03753	0.06470	0.00769	0.06766	0.12878	0.15301	0.01511	0.09078	0.16477	0.06571	0.00735	0.01803	0.00146	0.01659	0.03022	0.04071	0.00508
13	0.00633	0.00454	0.00561	0.00536	0.00660	0.00409	0.00398	0.00802	0.03222	0.05154	0.33862	0.21692	0.17610	0.00966	0.03111	0.00148	0.00253	0.00775	0.00393	0.08360
14	0.04860	0.27720	0.07559	0.05121	0.05392	0.08683	0.03778	0.09731	0.02241	0.02885	0.00764	0.02458	0.00647	0.00426	0.00392	0.00109	0.04838	0.01708	0.00232	0.10456
15	0.05473	0.11950	0.15413	0.03391	0.08165	0.03986	0.02228	0.10497	0.01001	0.03176	0.06474	0.06139	0.06421	0.02422	0.00415	0.00121	0.00418	0.00418	0.00269	0.11623

[dist]
# distance from previous block
# <min> <max>
5	35

[block]
# block no. 10 follows, 66 sequences, length 6
# corresponding to MSA columns:
# 951-956
name=unknown_K
#
# <colnr> <probs for GDERKNQSTAVLIFYWHMCP>
#	G	D	E	R	K	N	Q	S	T	A	V	L	I	F	Y	W	H	M	C	P
0	0.00997	0.03526	0.10446	0.06887	0.14718	0.05674	0.08497	0.09276	0.10811	0.04973	0.04915	0.07560	0.03214	0.02469	0.00495	0.00137	0.04109	0.00464	0.00284	0.00548
1	0.03129	0.04397	0.12122	0.04692	0.05348	0.03798	0.09209	0.10777	0.03555	0.15097	0.03103	0.08420	0.04412	0.00611	0.02892	0.00142	0.00452	0.00461	0.05360	0.02025
2	0.00673	0.00363	0.00532	0.00537	0.00546	0.00369	0.00362	0.00554	0.00559	0.00752	0.00866	0.06207	0.00897	0.06876	0.09592	0.69071	0.00420	0.00421	0.00196	0.00208
3	0.01387	0.07246	0.01171	0.00990	0.01185	0.68943	0.00755	0.01490	0.01077	0.00993	0.00729	0.06565	0.00672	0.00486	0.00416	0.00111	0.04780	0.00324	0.00217	0.00463
4	0.03652	0.04137	0.14382	0.05220	0.09819	0.07600	0.12700	0.11378	0.07378	0.08288	0.00915	0.02561	0.00708	0.00483	0.00502	0.02745	0.06325	0.00377	0.00265	0.00565
5	0.00826	0.02663	0.02405	0.04451	0.09085	0.03810	0.04099	0.03348	0.04086	0.04392	0.02688	0.09628	0.02518	0.06670	0.19269	0.00272	0.09795	0.05998	0.03551	0.00447

[dist]
# distance from previous block
# <min> <max>
7	28

[block]
# block no. 11 follows, 66 sequences, length 32
# corresponding to MSA columns:
# 993-1024
name=unknown_L
#
# <colnr> <probs for GDERKNQSTAVLIFYWHMCP>
#	G	D	E	R	K	N	Q	S	T	A	V	L	I	F	Y	W	H	M	C	P
0	0.07235	0.03183	0.01114	0.00877	0.02784	0.01126	0.00703	0.56675	0.08993	0.02224	0.01061	0.02845	0.01948	0.00494	0.00388	0.00120	0.00405	0.00378	0.02495	0.04952
1	0.09072	0.09068	0.13854	0.02572	0.07402	0.11874	0.04345	0.06520	0.02087	0.04363	0.00934	0.06946	0.01906	0.00570	0.03340	0.00136	0.02593	0.01627	0.00249	0.10542
2	0.00512	0.00370	0.00472	0.00535	0.00573	0.00346	0.00359	0.00589	0.00795	0.01057	0.08528	0.60242	0.09989	0.10702	0.02763	0.00197	0.00268	0.01013	0.00363	0.00326
3	0.05353	0.00873	0.01088	0.22976	0.10667	0.09011	0.02432	0.10325	0.02817	0.03932	0.00889	0.02056	0.00762	0.10087	0.06647	0.00197	0.07111	0.00389	0.01905	0.00483
4	0.02083	0.04694	0.05981	0.25382	0.30516	0.03132	0.07515	0.04422	0.02259	0.01266	0.00838	0.03361	0.00699	0.00430	0.00417	0.00127	0.01859	0.01770	0.02704	0.00544
5	0.00660	0.00557	0.04095	0.00726	0.05185	0.00491	0.03183	0.00802	0.00899	0.05416	0.13203	0.24990	0.22488	0.03706	0.01433	0.00161	0.03993	0.07256	0.00354	0.00400
6	0.00573	0.00421	0.00521	0.00524	0.00608	0.00400	0.00382	0.00719	0.02098	0.02468	0.35205	0.25551	0.19546	0.02777	0.00542	0.00146	0.02955	0.00838	0.03360	0.00367
7	0.00801	0.03538	0.05536	0.13147	0.23342	0.00765	0.00839	0.04580	0.03570	0.01277	0.10096	0.05060	0.09403	0.02776	0.08101	0.00185	0.01752	0.04468	0.00273	0.00490
8	0.03411	0.00960	0.06940	0.21138	0.09559	0.07505	0.09977	0.04070	0.09216	0.03210	0.03710	0.05293	0.02090	0.01639	0.04464	0.00162	0.03447	0.02445	0.00256	0.00507
9	0.01294	0.03703	0.03700	0.00916	0.01126	0.59158	0.00713	0.01441	0.02839	0.03760	0.07207	0.02810	0.08608	0.00525	0.00388	0.00112	0.00599	0.00378	0.00257	0.00465
10	0.00610	0.02395	0.00627	0.00586	0.00632	0.00520	0.00422	0.00692	0.00629	0.00880	0.01127	0.01977	0.01170	0.37014	0.44382	0.00510	0.04789	0.00490	0.00226	0.00322
11	0.00788	0.05964	0.32485	0.00872	0.01160	0.03599	0.00909	0.01036	0.00775	0.03760	0.00970	0.06822	0.00887	0.07591	0.23940	0.00297	0.07040	0.00418	0.00216	0.00471
12	0.01057	0.00938	0.00937	0.00839	0.01067	0.06081	0.00651	0.06604	0.70887	0.01686	0.01565	0.03546	0.01200	0.00557	0.00412	0.00135	0.00351	0.00459	0.00399	0.00627
13	0.00764	0.00589	0.00685	0.00622	0.00748	0.00620	0.02248	0.05786	0.22422	0.02395	0.13619	0.03563	0.10561	0.28422	0.04987	0.00243	0.00364	0.00588	0.00346	0.00426
14	0.04554	0.00944	0.01429	0.29393	0.43808	0.07082	0.03226	0.01197	0.00895	0.01223	0.00755	0.01055	0.00618	0.00393	0.00399	0.00126	0.00516	0.01637	0.00200	0.00551
15	0.01357	0.33125	0.01547	0.00903	0.03056	0.21128	0.00753	0.29339	0.01286	0.02872	0.00743	0.00802	0.00591	0.00415	0.00342	0.00105	0.00509	0.00285	0.00269	0.00573
16	0.00578	0.00449	0.00569	0.00569	0.00662	0.00443	0.01638	0.00739	0.04964	0.01103	0.06989	0.24690	0.21303	0.08890	0.17165	0.00267	0.01403	0.02411	0.01951	0.03218
17	0.02269	0.04018	0.02594	0.23041	0.16675	0.07104	0.05438	0.02844	0.04402	0.07007	0.08840	0.01239	0.01696	0.00441	0.00394	0.00118	0.00456	0.00386	0.00260	0.10778
