[name]
unknown

[dist]
# distance from previous block
# <min> <max>
1	48

[block]
# block no. 0 follows, 63 sequences, length 42
# corresponding to MSA columns:
# 78-119
name=unknown_A
#
# <colnr> <probs for GDERKNQSTAVLIFYWHMCP>
#	G	D	E	R	K	N	Q	S	T	A	V	L	I	F	Y	W	H	M	C	P
0	0.02600	0.00724	0.02105	0.00696	0.00894	0.04334	0.01816	0.09498	0.07668	0.15276	0.14688	0.06218	0.11107	0.02628	0.01587	0.00146	0.02365	0.03460	0.09308	0.02884
1	0.00911	0.00674	0.00870	0.05764	0.01028	0.02726	0.05227	0.09112	0.10251	0.08456	0.11677	0.24724	0.01828	0.05909	0.02799	0.02178	0.01743	0.00685	0.01761	0.01678
2	0.04325	0.04949	0.00999	0.01873	0.01038	0.04049	0.04603	0.18823	0.08174	0.13547	0.02477	0.10257	0.04556	0.00741	0.04575	0.00156	0.00416	0.01634	0.10998	0.01809
3	0.04140	0.00888	0.04194	0.02701	0.03031	0.08266	0.09274	0.02690	0.08930	0.13309	0.03502	0.08562	0.06033	0.04562	0.02753	0.00152	0.00436	0.00495	0.03578	0.12504
4	0.01099	0.08176	0.11392	0.00905	0.01214	0.04028	0.08594	0.19422	0.05317	0.07864	0.14291	0.03899	0.05534	0.01794	0.00454	0.00132	0.00433	0.01437	0.00345	0.03672
5	0.02938	0.05352	0.07599	0.00843	0.01064	0.21420	0.01970	0.06849	0.10703	0.05208	0.05058	0.10117	0.06814	0.06789	0.03339	0.00169	0.02454	0.00507	0.00310	0.00500
6	0.04258	0.04533	0.02352	0.00669	0.00769	0.06217	0.03131	0.04396	0.00755	0.02850	0.02886	0.03520	0.00864	0.01202	0.05169	0.51574	0.00437	0.00390	0.03714	0.00315
7	0.01068	0.00758	0.00912	0.00699	0.01013	0.00659	0.01697	0.11082	0.03721	0.13022	0.02753	0.06083	0.02829	0.00548	0.02466	0.01316	0.00356	0.00388	0.00328	0.48303
8	0.06142	0.07460	0.04424	0.03154	0.01245	0.12550	0.04982	0.23437	0.09998	0.06464	0.04010	0.03368	0.02463	0.00560	0.02172	0.00134	0.00481	0.00398	0.00330	0.06229
9	0.00702	0.01783	0.00666	0.02464	0.00799	0.04243	0.00495	0.04655	0.07145	0.01274	0.09507	0.44599	0.05540	0.03097	0.01517	0.00168	0.00317	0.07782	0.00377	0.02871
10	0.01519	0.02446	0.01238	0.00960	0.01271	0.09040	0.02765	0.57925	0.06513	0.07141	0.03087	0.01104	0.00833	0.00541	0.01541	0.00133	0.00485	0.00388	0.00397	0.00671
11	0.03523	0.13009	0.11253	0.04632	0.01229	0.05896	0.02689	0.09566	0.07333	0.11387	0.04142	0.04708	0.01895	0.03396	0.02654	0.00145	0.02381	0.00404	0.00303	0.09454
12	0.04331	0.09925	0.09007	0.13016	0.01629	0.06105	0.16545	0.09550	0.15062	0.03210	0.02590	0.03514	0.00886	0.00485	0.00419	0.00133	0.00513	0.02229	0.00283	0.00567
13	0.02849	0.00741	0.04086	0.09715	0.01933	0.02442	0.06698	0.06042	0.05914	0.08027	0.03925	0.21275	0.07941	0.00778	0.00476	0.00145	0.01587	0.07972	0.02740	0.04714
14	0.01057	0.04841	0.11972	0.03315	0.02343	0.02424	0.15690	0.05156	0.11701	0.14323	0.09087	0.07676	0.04209	0.03679	0.00507	0.00146	0.00451	0.00525	0.00337	0.00561
15	0.02516	0.05951	0.00833	0.03740	0.00906	0.06634	0.02706	0.01027	0.08730	0.03128	0.15899	0.11616	0.16546	0.01197	0.14366	0.00228	0.01668	0.01536	0.00338	0.00437
16	0.16286	0.00732	0.00926	0.00730	0.01030	0.00682	0.02323	0.03657	0.01123	0.60407	0.04427	0.03646	0.01081	0.00529	0.00403	0.00131	0.00353	0.00424	0.00462	0.00646
17	0.00645	0.00519	0.00705	0.04825	0.00878	0.00511	0.05023	0.04728	0.03740	0.01244	0.07093	0.32616	0.21803	0.02786	0.05067	0.00189	0.00351	0.06512	0.00365	0.00400
18	0.00748	0.00672	0.01087	0.64092	0.02355	0.00812	0.00984	0.01001	0.03055	0.01083	0.01122	0.13034	0.03897	0.00611	0.00484	0.03291	0.00490	0.00510	0.00229	0.00440
19	0.01530	0.01017	0.01128	0.00887	0.01197	0.01093	0.00725	0.53206	0.10496	0.17480	0.01352	0.02934	0.03872	0.00551	0.00427	0.00130	0.00415	0.00432	0.00438	0.00689
20	0.00972	0.01272	0.13163	0.01696	0.02147	0.01052	0.70533	0.01345	0.00978	0.01345	0.00838	0.01101	0.00624	0.00360	0.00483	0.00141	0.00697	0.00472	0.00208	0.00574
21	0.00794	0.00747	0.01261	0.84216	0.02895	0.00934	0.01167	0.01074	0.00841	0.01074	0.00747	0.01121	0.00560	0.00420	0.00420	0.00140	0.00560	0.00374	0.00187	0.00467
22	0.01116	0.76967	0.02077	0.00733	0.01080	0.01601	0.00714	0.01357	0.09006	0.01066	0.00698	0.00764	0.00614	0.00381	0.00286	0.00095	0.00438	0.00250	0.00205	0.00552
23	0.00592	0.00432	0.00512	0.00510	0.00626	0.00382	0.00381	0.00730	0.01023	0.04454	0.30000	0.15643	0.38036	0.01016	0.00503	0.00145	0.00225	0.03988	0.00419	0.00382
24	0.06096	0.00921	0.02950	0.00878	0.01141	0.00951	0.02804	0.41543	0.01471	0.09512	0.01406	0.08334	0.01261	0.00701	0.00458	0.00146	0.00422	0.18014	0.00400	0.00593
25	0.04560	0.02785	0.03083	0.03395	0.15864	0.05353	0.01826	0.15035	0.03831	0.11881	0.03907	0.08166	0.02290	0.00903	0.09948	0.02377	0.00512	0.03401	0.00326	0.00557
26	0.01317	0.03947	0.10348	0.02868	0.01313	0.49536	0.00843	0.07270	0.02096	0.01221	0.00788	0.03942	0.00670	0.00551	0.03303	0.00131	0.00656	0.00325	0.00238	0.08639
27	0.00676	0.02902	0.02455	0.00641	0.02560	0.02349	0.03071	0.02846	0.02289	0.02599	0.36779	0.05587	0.28716	0.00921	0.02473	0.00149	0.00292	0.01879	0.00396	0.00419
28	0.01137	0.00930	0.01068	0.03986	0.06744	0.00969	0.00712	0.25078	0.26685	0.01852	0.01244	0.01255	0.03507	0.00483	0.00397	0.00116	0.00381	0.00392	0.00355	0.22705
29	0.00517	0.00422	0.00452	0.00456	0.00574	0.00367	0.00333	0.00623	0.00934	0.01150	0.10375	0.09434	0.62149	0.06878	0.03301	0.00179	0.00257	0.00865	0.00382	0.00351
30	0.03359	0.66277	0.01937	0.00753	0.01094	0.03009	0.00713	0.07148	0.08302	0.02949	0.00742	0.00798	0.00628	0.00395	0.00300	0.00100	0.00440	0.00264	0.00230	0.00564
31	0.00985	0.06866	0.05113	0.03914	0.04036	0.01094	0.65935	0.01316	0.00962	0.01303	0.00822	0.01094	0.00630	0.00404	0.01583	0.00145	0.02567	0.00462	0.00208	0.00562
32	0.00610	0.01997	0.00620	0.00594	0.00694	0.01620	0.02586	0.02485	0.03012	0.01316	0.25741	0.36150	0.17929	0.02008	0.00522	0.00152	0.00257	0.00919	0.00400	0.00387
33	0.05864	0.00812	0.02041	0.00701	0.00992	0.02794	0.00564	0.08515	0.14093	0.04267	0.10173	0.01316	0.01147	0.01605	0.04237	0.00130	0.00373	0.00375	0.00324	0.39678
34	0.03673	0.02564	0.06391	0.00727	0.00903	0.04549	0.02318	0.04916	0.11093	0.03994	0.12318	0.18593	0.04103	0.08648	0.08514	0.00216	0.00434	0.02884	0.00343	0.02820
35	0.00770	0.00563	0.00681	0.01605	0.02637	0.00540	0.00472	0.05408	0.07132	0.04910	0.22952	0.09318	0.12192	0.14483	0.00736	0.00178	0.00303	0.05297	0.00376	0.09447
36	0.77198	0.00771	0.00621	0.00570	0.00800	0.00891	0.00460	0.01165	0.00723	0.01782	0.00759	0.09170	0.00692	0.00492	0.00316	0.00136	0.02412	0.00328	0.00271	0.00444
37	0.02794	0.00465	0.00562	0.00536	0.00657	0.00431	0.00400	0.00864	0.03730	0.06816	0.44128	0.12020	0.21045	0.03020	0.00529	0.00146	0.00230	0.00788	0.00431	0.00409
38	0.02430	0.13472	0.06042	0.06025	0.02247	0.27589	0.02801	0.27157	0.01331	0.03621	0.00803	0.00897	0.00619	0.00479	0.01385	0.00124	0.01794	0.00321	0.00281	0.00582
39	0.00557	0.00392	0.00496	0.00555	0.00611	0.00358	0.00380	0.00645	0.00864	0.03335	0.08970	0.60055	0.15674	0.04291	0.00583	0.00171	0.00244	0.01068	0.00395	0.00355
40	0.06208	0.04040	0.01275	0.06098	0.09553	0.28580	0.03932	0.21235	0.10752	0.01608	0.00896	0.01004	0.00699	0.01794	0.00423	0.00127	0.00556	0.00348	0.00291	0.00580
41	0.01160	0.04263	0.02365	0.13558	0.08839	0.05823	0.07996	0.22222	0.13909	0.03424	0.01106	0.02306	0.02837	0.00502	0.00460	0.00132	0.03878	0.01359	0.00310	0.03553

[dist]
# distance from previous block
# <min> <max>
0	1

[block]
# block no. 1 follows, 63 sequences, length 7
# corresponding to MSA columns:
# 121-127
name=unknown_B
#
# <colnr> <probs for GDERKNQSTAVLIFYWHMCP>
#	G	D	E	R	K	N	Q	S	T	A	V	L	I	F	Y	W	H	M	C	P
0	0.00633	0.00420	0.00524	0.00551	0.00627	0.00385	0.00388	0.00731	0.00891	0.06571	0.13167	0.38766	0.17018	0.12698	0.00739	0.00191	0.00269	0.04673	0.00390	0.00366
1	0.06217	0.00573	0.00604	0.00579	0.00666	0.03268	0.00398	0.06716	0.04601	0.01155	0.01552	0.13333	0.06317	0.41374	0.03699	0.02186	0.00398	0.03195	0.00302	0.02867
2	0.05983	0.13000	0.09842	0.06531	0.06920	0.15459	0.04877	0.12314	0.01095	0.05017	0.04033	0.03262	0.00796	0.00470	0.00429	0.00122	0.04302	0.00360	0.00263	0.04925
3	0.16444	0.08681	0.06509	0.03740	0.05422	0.14994	0.03513	0.16295	0.05555	0.01596	0.03423	0.02326	0.01899	0.00579	0.03672	0.00146	0.02340	0.00356	0.00280	0.02231
4	0.09894	0.09141	0.13407	0.03218	0.07404	0.14363	0.01862	0.04627	0.04032	0.04924	0.02132	0.02675	0.03889	0.01902	0.09265	0.03070	0.00566	0.02857	0.00259	0.00513
5	0.26631	0.10161	0.06009	0.02956	0.01114	0.07367	0.03574	0.13153	0.08123	0.04205	0.04771	0.03156	0.00902	0.05640	0.00467	0.00143	0.00429	0.00371	0.00299	0.00528
6	0.00905	0.07204	0.03472	0.00753	0.00929	0.13222	0.00607	0.08486	0.04784	0.01241	0.04591	0.07294	0.06253	0.05191	0.29665	0.00329	0.00689	0.00487	0.00280	0.03616

[dist]
# distance from previous block
# <min> <max>
1	15

[block]
# block no. 2 follows, 63 sequences, length 24
# corresponding to MSA columns:
# 143-166
name=unknown_C
#
# <colnr> <probs for GDERKNQSTAVLIFYWHMCP>
#	G	D	E	R	K	N	Q	S	T	A	V	L	I	F	Y	W	H	M	C	P
0	0.02051	0.35204	0.11999	0.05254	0.03316	0.05788	0.03039	0.05928	0.04075	0.04385	0.02976	0.01164	0.06657	0.00506	0.01625	0.00122	0.01957	0.00351	0.00246	0.03356
1	0.03549	0.00814	0.02384	0.00784	0.01045	0.00808	0.00645	0.25701	0.05217	0.29009	0.03531	0.08330	0.05432	0.00825	0.06227	0.00174	0.00426	0.04060	0.00428	0.00610
2	0.00557	0.00465	0.03469	0.00618	0.00673	0.00415	0.00451	0.00664	0.01947	0.01079	0.02187	0.64091	0.05974	0.07315	0.02684	0.00198	0.02556	0.03938	0.00364	0.00356
3	0.02167	0.10788	0.07037	0.00906	0.02202	0.11609	0.05702	0.14104	0.10356	0.04843	0.05507	0.09897	0.02104	0.04081	0.02521	0.00155	0.00476	0.03405	0.00320	0.01822
4	0.01021	0.04729	0.06219	0.02320	0.04316	0.12412	0.03553	0.08222	0.16864	0.04284	0.07840	0.07640	0.04091	0.00936	0.11041	0.00201	0.00532	0.01680	0.00324	0.01776
5	0.00571	0.00418	0.00506	0.00533	0.00595	0.00394	0.00364	0.02655	0.00884	0.01171	0.15431	0.36457	0.17507	0.17796	0.02580	0.00215	0.00287	0.00915	0.00373	0.00346
6	0.02214	0.04648	0.06689	0.08316	0.07891	0.05602	0.05358	0.16107	0.08207	0.04699	0.01224	0.09923	0.02203	0.00848	0.08348	0.01323	0.00528	0.04009	0.00306	0.01557
7	0.06619	0.14870	0.03865	0.00996	0.03700	0.22691	0.04395	0.18632	0.08930	0.03785	0.02571	0.01089	0.00791	0.00481	0.00408	0.00122	0.02503	0.02685	0.00293	0.00574
8	0.00540	0.00392	0.00512	0.00585	0.00633	0.00372	0.00413	0.00635	0.00840	0.01112	0.06515	0.57591	0.10013	0.05126	0.04679	0.00204	0.00303	0.08808	0.00379	0.00348
9	0.00531	0.00383	0.00507	0.00600	0.00639	0.00359	0.00421	0.00620	0.00832	0.01098	0.02405	0.71259	0.06778	0.01286	0.00540	0.00172	0.00259	0.10573	0.00390	0.00348
10	0.03303	0.17610	0.06430	0.05107	0.11452	0.24092	0.06003	0.08105	0.02966	0.05545	0.02517	0.00966	0.00700	0.00475	0.01778	0.00127	0.01682	0.00332	0.00248	0.00562
11	0.07924	0.00792	0.03288	0.00787	0.00999	0.02404	0.03864	0.15089	0.05094	0.13936	0.20686	0.09112	0.02805	0.00750	0.02259	0.00152	0.05389	0.03748	0.00391	0.00530
12	0.71921	0.00940	0.04381	0.00736	0.04487	0.03356	0.02729	0.04767	0.00810	0.01834	0.00629	0.00736	0.00487	0.00395	0.00290	0.00129	0.00375	0.00253	0.00259	0.00487
13	0.00801	0.00522	0.00631	0.00582	0.00726	0.01649	0.00450	0.02918	0.03097	0.12416	0.39383	0.04520	0.19777	0.02899	0.02653	0.00159	0.00282	0.05664	0.00433	0.00441
14	0.10927	0.03538	0.04190	0.01342	0.01689	0.06025	0.45694	0.05347	0.05760	0.02705	0.02293	0.03139	0.00780	0.02415	0.00501	0.00143	0.02259	0.00452	0.00253	0.00548
15	0.14056	0.00925	0.00929	0.00775	0.01035	0.08265	0.00619	0.19259	0.12061	0.21937	0.09402	0.03591	0.04202	0.00571	0.00408	0.00131	0.00385	0.00448	0.00407	0.00596
16	0.00575	0.00407	0.00497	0.00520	0.00562	0.00396	0.00345	0.00639	0.00769	0.01023	0.09576	0.22571	0.12131	0.35810	0.08581	0.01899	0.00387	0.02677	0.00323	0.00314
17	0.04691	0.00630	0.05704	0.03468	0.02195	0.00553	0.02565	0.02142	0.03779	0.03788	0.28437	0.11100	0.08784	0.02853	0.00531	0.00157	0.00323	0.17485	0.00383	0.00433
18	0.00567	0.00417	0.00509	0.00529	0.00623	0.00375	0.00387	0.00697	0.00987	0.02916	0.27159	0.28451	0.28975	0.01073	0.00511	0.00150	0.00229	0.04658	0.00415	0.00372
19	0.01129	0.75503	0.06005	0.00763	0.01125	0.05439	0.00762	0.01306	0.02862	0.01026	0.00623	0.00710	0.00558	0.00370	0.00285	0.00094	0.00469	0.00237	0.00188	0.00544
20	0.00601	0.00411	0.00520	0.00560	0.00638	0.00373	0.00399	0.00710	0.00924	0.05512	0.15757	0.48612	0.18402	0.01145	0.00518	0.00157	0.00241	0.03736	0.00409	0.00374
21	0.00790	0.02628	0.26683	0.02249	0.03246	0.05073	0.02486	0.02456	0.03310	0.01155	0.00980	0.01352	0.00851	0.05682	0.38733	0.00394	0.00833	0.00398	0.00219	0.00483
22	0.00744	0.00513	0.00748	0.00678	0.00763	0.01816	0.06698	0.02629	0.00733	0.02424	0.04406	0.07684	0.03154	0.11950	0.16082	0.34641	0.00522	0.00506	0.00247	0.03061
23	0.04111	0.16003	0.04478	0.02680	0.04961	0.42446	0.02042	0.09743	0.02833	0.01263	0.00717	0.00837	0.00589	0.00486	0.01967	0.00125	0.03656	0.00295	0.00234	0.00533

[dist]
# distance from previous block
# <min> <max>
1	3

[block]
# block no. 3 follows, 63 sequences, length 8
# corresponding to MSA columns:
# 170-177
name=unknown_D
#
# <colnr> <probs for GDERKNQSTAVLIFYWHMCP>
#	G	D	E	R	K	N	Q	S	T	A	V	L	I	F	Y	W	H	M	C	P
0	0.11756	0.03398	0.05038	0.05856	0.04229	0.20580	0.10215	0.13276	0.01091	0.03872	0.00876	0.03152	0.00734	0.02104	0.06073	0.00172	0.04777	0.02010	0.00264	0.00528
1	0.01087	0.09206	0.10457	0.08816	0.06028	0.19695	0.05436	0.06643	0.07509	0.03157	0.07715	0.01401	0.06152	0.02530	0.02269	0.00143	0.00535	0.00417	0.00275	0.00531
2	0.00667	0.00376	0.00529	0.00544	0.00557	0.00373	0.00362	0.00572	0.00618	0.00821	0.01210	0.14850	0.04522	0.10733	0.05078	0.56793	0.00378	0.00549	0.00234	0.00231
3	0.03782	0.02754	0.01304	0.06123	0.03005	0.04450	0.22627	0.07506	0.06186	0.01460	0.15248	0.06179	0.03446	0.03304	0.03048	0.00166	0.00485	0.08115	0.00317	0.00495
4	0.00528	0.00394	0.00491	0.00536	0.00604	0.00357	0.00375	0.00637	0.00929	0.01228	0.21152	0.47542	0.21385	0.01154	0.00518	0.00155	0.00226	0.01024	0.00407	0.00357
5	0.02923	0.00729	0.05672	0.00822	0.07599	0.00679	0.00626	0.09347	0.04708	0.06986	0.06176	0.04194	0.01243	0.00765	0.06459	0.00164	0.03117	0.05753	0.27415	0.04624
6	0.10025	0.15813	0.03724	0.00872	0.03494	0.27782	0.00703	0.05112	0.01012	0.01305	0.00685	0.00794	0.00568	0.00381	0.00332	0.00096	0.00504	0.00261	0.00232	0.26306
7	0.01207	0.02193	0.01098	0.00913	0.02926	0.00957	0.06203	0.20149	0.31603	0.12143	0.06484	0.03689	0.02963	0.00629	0.02270	0.00147	0.00398	0.00484	0.02915	0.00629

[dist]
# distance from previous block
# <min> <max>
0	29

[block]
# block no. 4 follows, 63 sequences, length 16
# corresponding to MSA columns:
# 213-223,226-230
name=unknown_E
#
# <colnr> <probs for GDERKNQSTAVLIFYWHMCP>
#	G	D	E	R	K	N	Q	S	T	A	V	L	I	F	Y	W	H	M	C	P
0	0.11476	0.08085	0.02398	0.03943	0.02807	0.19169	0.01852	0.17502	0.10157	0.02644	0.03622	0.04442	0.02808	0.00630	0.04077	0.00147	0.00507	0.00392	0.00305	0.03037
1	0.00632	0.00463	0.00559	0.00583	0.00657	0.00459	0.00415	0.00805	0.07348	0.03044	0.06437	0.32965	0.16182	0.17910	0.00862	0.00210	0.02441	0.07288	0.00367	0.00371
2	0.02913	0.04097	0.02551	0.07365	0.01289	0.05311	0.02044	0.23064	0.31738	0.05316	0.01318	0.07067	0.01048	0.00560	0.00419	0.00134	0.00417	0.00457	0.00373	0.02520
3	0.00629	0.03028	0.00588	0.00567	0.00631	0.00479	0.00382	0.00793	0.08193	0.01087	0.05654	0.38446	0.03745	0.29559	0.01050	0.00240	0.00313	0.00842	0.00340	0.03434
4	0.14113	0.09304	0.05942	0.02971	0.05496	0.02470	0.07779	0.18372	0.08172	0.09343	0.04585	0.03019	0.03477	0.00508	0.00420	0.00130	0.02581	0.00408	0.00325	0.00585
5	0.06011	0.25992	0.03845	0.02161	0.03636	0.06470	0.00714	0.13921	0.15375	0.02635	0.01016	0.04980	0.00873	0.04567	0.02440	0.02520	0.01621	0.00383	0.00289	0.00552
6	0.00571	0.00422	0.00503	0.00522	0.00590	0.00397	0.00360	0.00697	0.03166	0.01184	0.20167	0.24912	0.19568	0.21505	0.00907	0.00214	0.00274	0.03321	0.00374	0.00346
7	0.00605	0.00445	0.00543	0.00601	0.00661	0.02345	0.00432	0.00702	0.00854	0.02732	0.05608	0.46628	0.10310	0.09919	0.03215	0.00207	0.00319	0.13145	0.00372	0.00355
8	0.06629	0.08038	0.04190	0.03103	0.02360	0.10896	0.05508	0.22326	0.10408	0.12457	0.03099	0.03749	0.02653	0.00567	0.02044	0.00138	0.00478	0.00411	0.00346	0.00599
9	0.00961	0.00776	0.04131	0.04834	0.03406	0.00766	0.03601	0.03544	0.30933	0.10295	0.15037	0.05468	0.11008	0.00692	0.00480	0.02204	0.00341	0.00575	0.00396	0.00552
10	0.00559	0.00423	0.00502	0.00524	0.00606	0.00391	0.00372	0.00697	0.03228	0.01221	0.20163	0.27334	0.27137	0.11137	0.00706	0.00182	0.00252	0.03819	0.00391	0.00358
11	0.01170	0.07550	0.13072	0.12245	0.08309	0.20774	0.06503	0.13358	0.02752	0.01375	0.00793	0.01004	0.00637	0.03541	0.00516	0.00137	0.05121	0.00349	0.00238	0.00556
12	0.01194	0.09065	0.10920	0.07130	0.03764	0.14572	0.08061	0.19517	0.09839	0.03339	0.03362	0.03755	0.02634	0.00499	0.00412	0.00127	0.00523	0.00408	0.00297	0.00584
13	0.00641	0.00482	0.00641	0.00621	0.00652	0.00554	0.00442	0.00714	0.00642	0.00904	0.01156	0.02087	0.01220	0.41419	0.36291	0.00496	0.09958	0.00517	0.00235	0.00328
14	0.00612	0.00455	0.00530	0.00540	0.00644	0.00422	0.00392	0.03198	0.03836	0.03172	0.14236	0.29131	0.32885	0.05365	0.00589	0.00164	0.00250	0.02797	0.00399	0.00383
15	0.04654	0.10156	0.01154	0.08983	0.03694	0.05614	0.03828	0.16204	0.05554	0.08717	0.09164	0.06154	0.04426	0.03803	0.00508	0.00143	0.02252	0.04121	0.00336	0.00535

[dist]
# distance from previous block
# <min> <max>
0	1

[block]
# block no. 5 follows, 63 sequences, length 7
# corresponding to MSA columns:
# 232-238
name=unknown_F
#
# <colnr> <probs for GDERKNQSTAVLIFYWHMCP>
#	G	D	E	R	K	N	Q	S	T	A	V	L	I	F	Y	W	H	M	C	P
0	0.01298	0.06642	0.01167	0.00908	0.01187	0.09162	0.00731	0.30254	0.40280	0.01955	0.01285	0.01232	0.00960	0.00520	0.00410	0.00130	0.00428	0.00405	0.00389	0.00658
1	0.01377	0.14892	0.04799	0.03637	0.08455	0.37470	0.05097	0.09233	0.01147	0.06799	0.00770	0.00879	0.00608	0.00431	0.00406	0.00116	0.02767	0.00312	0.00247	0.00557
2	0.01153	0.04620	0.01073	0.06532	0.01227	0.17616	0.03970	0.05828	0.24708	0.09333	0.06914	0.01767	0.07089	0.00600	0.00432	0.00134	0.00450	0.05645	0.00355	0.00555
3	0.01334	0.10152	0.03721	0.04884	0.04518	0.40486	0.00821	0.14596	0.03527	0.01350	0.03187	0.00995	0.00738	0.02059	0.04255	0.00147	0.02108	0.00330	0.00257	0.00533
4	0.00590	0.00434	0.00538	0.00576	0.00650	0.00411	0.00414	0.04344	0.00946	0.01252	0.14919	0.44818	0.15898	0.05373	0.00602	0.00172	0.00261	0.07040	0.00396	0.00368
5	0.02993	0.08216	0.10934	0.00946	0.03226	0.10644	0.00820	0.28210	0.03643	0.11505	0.02252	0.01136	0.00807	0.03149	0.07741	0.00180	0.02300	0.00369	0.00326	0.00602
6	0.03517	0.00832	0.00961	0.00915	0.08882	0.10321	0.00651	0.01616	0.03069	0.43231	0.12263	0.07262	0.03394	0.00606	0.00432	0.00131	0.00385	0.00505	0.00426	0.00600

[dist]
# distance from previous block
# <min> <max>
0	1

[block]
# block no. 6 follows, 63 sequences, length 17
# corresponding to MSA columns:
# 240-256
name=unknown_G
#
# <colnr> <probs for GDERKNQSTAVLIFYWHMCP>
#	G	D	E	R	K	N	Q	S	T	A	V	L	I	F	Y	W	H	M	C	P
0	0.01416	0.11217	0.01301	0.07051	0.01371	0.58694	0.00821	0.04993	0.03784	0.01120	0.00704	0.00830	0.00582	0.00480	0.01625	0.00121	0.02872	0.00290	0.00225	0.00505
1	0.00600	0.00456	0.00582	0.00596	0.00690	0.00432	0.02177	0.03325	0.00938	0.01224	0.12213	0.27932	0.23534	0.07760	0.03692	0.00197	0.00314	0.12589	0.00379	0.00370
2	0.00566	0.00423	0.00523	0.00577	0.00650	0.00398	0.00421	0.00706	0.03845	0.01162	0.07855	0.41218	0.20962	0.04515	0.00613	0.01935	0.00267	0.12617	0.00386	0.00360
3	0.00827	0.02936	0.01115	0.03800	0.01131	0.02656	0.14246	0.04437	0.08812	0.01378	0.20871	0.07743	0.03831	0.06945	0.03399	0.00183	0.10341	0.04560	0.00326	0.00464
4	0.00539	0.00397	0.00502	0.00561	0.00622	0.00367	0.00399	0.00642	0.00888	0.01167	0.12616	0.48981	0.17467	0.04803	0.00597	0.00173	0.00253	0.08282	0.00393	0.00351
5	0.00663	0.00461	0.00617	0.00682	0.02798	0.00457	0.00483	0.02841	0.00872	0.04977	0.04185	0.48965	0.05717	0.06130	0.05613	0.00211	0.02629	0.10943	0.00371	0.00385
6	0.00546	0.00388	0.00497	0.00563	0.00593	0.00372	0.00377	0.00616	0.00778	0.01035	0.03741	0.54770	0.05598	0.19684	0.04714	0.00245	0.00324	0.04476	0.00354	0.00328
7	0.01163	0.01316	0.01256	0.31178	0.08827	0.36364	0.02403	0.03174	0.01034	0.01136	0.02903	0.01063	0.02386	0.00459	0.00442	0.00126	0.03701	0.00353	0.00219	0.00496
8	0.00567	0.00432	0.00516	0.00542	0.00626	0.00396	0.00377	0.00702	0.04085	0.01160	0.09824	0.41913	0.21577	0.09747	0.00671	0.00178	0.00256	0.00942	0.00377	0.05111
9	0.01028	0.06969	0.03213	0.14335	0.14133	0.09086	0.03581	0.10109	0.01028	0.02356	0.05552	0.03392	0.03763	0.00606	0.03122	0.00147	0.10742	0.00412	0.00256	0.06171
10	0.04655	0.05345	0.06839	0.00936	0.01236	0.13180	0.04659	0.31010	0.06609	0.03053	0.03629	0.01131	0.00836	0.03798	0.03212	0.00150	0.02480	0.00372	0.00319	0.06550
11	0.07004	0.05068	0.03092	0.02669	0.06792	0.08089	0.00575	0.03349	0.03891	0.05867	0.04219	0.16850	0.24644	0.04073	0.00507	0.00147	0.00356	0.00662	0.00335	0.01811
12	0.10782	0.08097	0.07104	0.05067	0.03163	0.04357	0.02335	0.12129	0.09395	0.06159	0.03698	0.03981	0.02533	0.00712	0.05326	0.03455	0.06154	0.00400	0.00296	0.04857
13	0.01051	0.04859	0.02162	0.00936	0.05377	0.14475	0.03498	0.10316	0.13385	0.03641	0.01304	0.12825	0.03501	0.03328	0.09693	0.00198	0.02717	0.00507	0.00310	0.05919
14	0.04174	0.08228	0.09675	0.05734	0.05920	0.02855	0.03725	0.12376	0.10968	0.07598	0.02971	0.07438	0.05024	0.00596	0.01680	0.00135	0.00435	0.01867	0.00318	0.08283
15	0.07478	0.06479	0.03698	0.02709	0.10839	0.15350	0.04731	0.10568	0.11344	0.03097	0.03199	0.04398	0.03005	0.02333	0.05232	0.00163	0.01764	0.00414	0.00290	0.02909
16	0.04070	0.07477	0.05082	0.02823	0.01210	0.06642	0.04346	0.25515	0.08286	0.07892	0.03921	0.04367	0.04921	0.00561	0.00413	0.00126	0.00436	0.04221	0.00349	0.07343

[dist]
# distance from previous block
# <min> <max>
13	111

[block]
# block no. 7 follows, 63 sequences, length 6
# corresponding to MSA columns:
# 387-392
name=unknown_H
#
# <colnr> <probs for GDERKNQSTAVLIFYWHMCP>
#	G	D	E	R	K	N	Q	S	T	A	V	L	I	F	Y	W	H	M	C	P
0	0.11131	0.08152	0.06040	0.03320	0.01243	0.07728	0.02925	0.29783	0.05643	0.04265	0.03008	0.02408	0.00822	0.00550	0.01923	0.00136	0.04511	0.01882	0.00321	0.04208
1	0.00873	0.03826	0.06007	0.17580	0.12825	0.03464	0.04472	0.04570	0.03133	0.02820	0.01017	0.01547	0.00914	0.10885	0.17791	0.02971	0.00635	0.03952	0.00239	0.00477
2	0.00521	0.00413	0.00468	0.00484	0.00590	0.00361	0.00352	0.00639	0.00971	0.01236	0.20088	0.22409	0.47823	0.01080	0.00506	0.00147	0.00217	0.00931	0.00405	0.00361
3	0.00650	0.00471	0.00627	0.00622	0.00689	0.00512	0.00453	0.05491	0.00783	0.01088	0.05466	0.13775	0.01536	0.21738	0.43623	0.00481	0.00747	0.00605	0.00279	0.00364
4	0.01177	0.00992	0.04662	0.01025	0.07924	0.01036	0.00779	0.24182	0.38643	0.04670	0.01447	0.05513	0.01157	0.00590	0.00436	0.00139	0.00395	0.04186	0.00396	0.00650
5	0.00899	0.00739	0.00923	0.03199	0.03464	0.00627	0.02699	0.04958	0.03553	0.03827	0.04619	0.03643	0.04694	0.00530	0.03308	0.00108	0.00362	0.00368	0.00286	0.57195

[dist]
# distance from previous block
# <min> <max>
3	38

[block]
# block no. 8 follows, 63 sequences, length 25
# corresponding to MSA columns:
# 432-456
name=unknown_I
#
# <colnr> <probs for GDERKNQSTAVLIFYWHMCP>
#	G	D	E	R	K	N	Q	S	T	A	V	L	I	F	Y	W	H	M	C	P
0	0.03356	0.08789	0.01236	0.02519	0.02163	0.07300	0.00751	0.44811	0.08840	0.04689	0.01036	0.01135	0.00793	0.00631	0.04672	0.00151	0.00494	0.02234	0.00359	0.04042
1	0.05036	0.14144	0.03204	0.03522	0.04093	0.13071	0.04303	0.16594	0.09689	0.02873	0.02743	0.02802	0.01687	0.03378	0.05923	0.00164	0.00522	0.00381	0.00291	0.05581
2	0.02300	0.09681	0.10101	0.03005	0.04450	0.10266	0.03235	0.11695	0.11708	0.03605	0.07848	0.05712	0.05682	0.03307	0.02438	0.00148	0.00464	0.00464	0.00311	0.03580
3	0.46578	0.08198	0.06955	0.04999	0.01053	0.02821	0.01628	0.02936	0.06062	0.03656	0.00984	0.06185	0.03922	0.02016	0.00364	0.00136	0.00381	0.00362	0.00276	0.00489
4	0.00671	0.00397	0.00550	0.00560	0.00579	0.00406	0.00383	0.00621	0.00631	0.00851	0.02660	0.04113	0.01216	0.22857	0.12421	0.43656	0.00471	0.06474	0.00233	0.00250
5	0.00857	0.00731	0.00856	0.00618	0.00977	0.00552	0.00493	0.01045	0.00888	0.01386	0.05014	0.00990	0.00797	0.00340	0.00321	0.00066	0.00305	0.00276	0.00260	0.83228
6	0.04235	0.00952	0.00973	0.02087	0.01113	0.04582	0.00666	0.20345	0.44662	0.01849	0.01574	0.05927	0.05158	0.00596	0.00423	0.00136	0.00373	0.00485	0.00398	0.03466
7	0.00674	0.00506	0.00732	0.00707	0.00811	0.00476	0.06995	0.03646	0.01979	0.03231	0.04008	0.55648	0.02241	0.04115	0.00600	0.02673	0.00312	0.04267	0.00362	0.06017
8	0.11655	0.09823	0.12419	0.01087	0.03426	0.15276	0.12837	0.10595	0.02647	0.01443	0.02573	0.01048	0.00717	0.00578	0.04047	0.00153	0.06975	0.01912	0.00247	0.00542
9	0.01046	0.08686	0.08928	0.06288	0.04104	0.09615	0.11208	0.04966	0.12582	0.05169	0.02605	0.01275	0.01975	0.00804	0.10011	0.00196	0.08038	0.01689	0.00269	0.00546
10	0.00593	0.00416	0.00481	0.00486	0.00520	0.00406	0.00303	0.00656	0.02017	0.00990	0.10665	0.11410	0.10711	0.55230	0.03111	0.00325	0.00359	0.00713	0.00309	0.00299
11	0.00535	0.00393	0.00502	0.00580	0.00627	0.00370	0.00399	0.00649	0.03149	0.01114	0.04029	0.68586	0.10960	0.02499	0.00554	0.00171	0.00250	0.03890	0.00391	0.00353
12	0.00603	0.00449	0.00625	0.00619	0.00675	0.00468	0.03381	0.00709	0.02041	0.00975	0.01549	0.20816	0.03908	0.29920	0.30893	0.00429	0.00633	0.00686	0.00280	0.00339
13	0.03906	0.08000	0.12650	0.03208	0.06409	0.12237	0.01745	0.17658	0.10484	0.01558	0.04198	0.04097	0.00941	0.00811	0.10077	0.00190	0.00571	0.00401	0.00291	0.00566
14	0.00907	0.14190	0.14450	0.08462	0.06946	0.03683	0.08838	0.03916	0.00955	0.03576	0.06245	0.11605	0.06171	0.00638	0.00476	0.01862	0.02447	0.03857	0.00269	0.00508
15	0.04096	0.00845	0.03683	0.08077	0.17322	0.04602	0.08717	0.04739	0.00882	0.01235	0.02186	0.05734	0.02558	0.06002	0.21620	0.00290	0.06219	0.00465	0.00240	0.00487
16	0.00989	0.03344	0.01545	0.17044	0.49113	0.02089	0.04834	0.01249	0.02816	0.03320	0.00969	0.02795	0.03725	0.00449	0.00461	0.00132	0.03896	0.00412	0.00226	0.00594
17	0.00811	0.00781	0.01368	0.76981	0.02834	0.00945	0.08180	0.01098	0.00854	0.01098	0.00756	0.01122	0.00567	0.00415	0.00427	0.00140	0.00573	0.00384	0.00189	0.00476
18	0.00637	0.00448	0.00560	0.00552	0.00649	0.00421	0.00404	0.00831	0.04756	0.04313	0.43937	0.19165	0.12419	0.06390	0.00606	0.00160	0.00239	0.02689	0.00425	0.00395
19	0.00614	0.00463	0.00556	0.00571	0.00671	0.00440	0.00428	0.04153	0.03102	0.01317	0.19913	0.23696	0.24619	0.05947	0.00608	0.00169	0.00266	0.11683	0.00400	0.00383
20	0.00827	0.00562	0.00661	0.00573	0.00752	0.00508	0.00430	0.03603	0.05717	0.10609	0.21192	0.04883	0.18673	0.13505	0.00699	0.00165	0.00288	0.00622	0.00381	0.15348
21	0.07175	0.00783	0.00873	0.00763	0.00941	0.06048	0.02460	0.06649	0.11930	0.12948	0.07714	0.02037	0.12294	0.07567	0.04433	0.00188	0.09612	0.04728	0.00356	0.00502
22	0.00749	0.03131	0.12240	0.00670	0.00863	0.02312	0.00596	0.02939	0.02645	0.05524	0.25201	0.06622	0.14024	0.08727	0.11674	0.00231	0.00441	0.00625	0.00346	0.00439
23	0.00741	0.00552	0.00672	0.03020	0.00813	0.02858	0.02300	0.05490	0.03400	0.05400	0.17660	0.25074	0.19608	0.00993	0.00557	0.04799	0.00298	0.04963	0.00387	0.00412
24	0.03065	0.12678	0.09404	0.00998	0.02951	0.17624	0.05430	0.19407	0.11734	0.03304	0.04832	0.01114	0.00879	0.00589	0.04047	0.00146	0.00545	0.00368	0.00300	0.00585

[dist]
# distance from previous block
# <min> <max>
33	66

[block]
# block no. 9 follows, 63 sequences, length 8
# corresponding to MSA columns:
# 545-552
name=unknown_J
#
# <colnr> <probs for GDERKNQSTAVLIFYWHMCP>
#	G	D	E	R	K	N	Q	S	T	A	V	L	I	F	Y	W	H	M	C	P
0	0.07878	0.00985	0.03929	0.02405	0.01119	0.08992	0.02102	0.27456	0.02773	0.12511	0.03406	0.19673	0.01258	0.00680	0.00459	0.00138	0.02744	0.00554	0.00373	0.00563
1	0.02982	0.05936	0.06286	0.03844	0.06854	0.16866	0.06619	0.14262	0.12378	0.07624	0.02165	0.05262	0.00910	0.00663	0.05337	0.00160	0.00548	0.00416	0.00308	0.00578
2	0.02408	0.05281	0.07645	0.03003	0.08248	0.03077	0.04627	0.17901	0.13925	0.04784	0.06359	0.07910	0.07150	0.01831	0.02149	0.00149	0.02134	0.00510	0.00339	0.00571
3	0.05913	0.01099	0.05395	0.03395	0.03581	0.07739	0.10921	0.22376	0.08836	0.03137	0.04621	0.01275	0.04999	0.00532	0.00534	0.00134	0.10486	0.00418	0.00311	0.04297
4	0.00657	0.00413	0.00519	0.00522	0.00553	0.00405	0.00340	0.02984	0.00714	0.00943	0.05045	0.13266	0.09437	0.30170	0.01468	0.31045	0.00344	0.00629	0.00275	0.00271
5	0.00865	0.02520	0.01244	0.50302	0.10148	0.00932	0.02469	0.03305	0.09752	0.01248	0.02908	0.05145	0.00845	0.00488	0.00445	0.00137	0.02549	0.00427	0.00240	0.04030
6	0.00656	0.00481	0.00573	0.00566	0.00623	0.00509	0.00381	0.00862	0.11590	0.01038	0.04766	0.08789	0.03931	0.45507	0.17566	0.00387	0.00511	0.00621	0.00295	0.00349
7	0.04928	0.02479	0.04899	0.03618	0.02777	0.00574	0.00552	0.06179	0.01021	0.09191	0.18537	0.27317	0.12415	0.00941	0.02498	0.00157	0.00322	0.00761	0.00383	0.00452

[dist]
# distance from previous block
# <min> <max>
0	5

[block]
# block no. 10 follows, 63 sequences, length 27
# corresponding to MSA columns:
# 558-584
name=unknown_K
#
# <colnr> <probs for GDERKNQSTAVLIFYWHMCP>
#	G	D	E	R	K	N	Q	S	T	A	V	L	I	F	Y	W	H	M	C	P
0	0.02054	0.07555	0.31664	0.01114	0.04798	0.04977	0.06989	0.16810	0.04266	0.03377	0.00963	0.04517	0.00791	0.03327	0.01825	0.00149	0.02079	0.01887	0.00265	0.00592
1	0.10404	0.15307	0.03241	0.00937	0.05309	0.03940	0.04793	0.15926	0.09621	0.12901	0.02149	0.04414	0.00904	0.00613	0.03320	0.01070	0.02561	0.01675	0.00327	0.00585
2	0.01018	0.06188	0.08959	0.05556	0.05022	0.11451	0.09153	0.05541	0.02277	0.02938	0.03679	0.03395	0.00846	0.05061	0.00478	0.00122	0.00479	0.00372	0.00254	0.27211
3	0.00663	0.00507	0.00536	0.00527	0.00561	0.04970	0.00331	0.00697	0.00671	0.00875	0.01346	0.04797	0.03336	0.63678	0.12571	0.00406	0.00509	0.00587	0.00256	0.02178
4	0.02987	0.03738	0.02548	0.00871	0.01133	0.06800	0.01981	0.16193	0.44936	0.01773	0.02378	0.05788	0.01140	0.00561	0.00415	0.00132	0.00393	0.00457	0.00381	0.05396
5	0.01066	0.04047	0.05192	0.03219	0.03006	0.17730	0.02858	0.06307	0.08324	0.05867	0.04304	0.09780	0.02375	0.00788	0.07549	0.00167	0.00518	0.01714	0.00300	0.14889
6	0.05312	0.23462	0.10182	0.03836	0.06252	0.07998	0.03584	0.12968	0.07805	0.02959	0.04554	0.05658	0.00939	0.02247	0.00415	0.00127	0.00471	0.00393	0.00277	0.00562
7	0.05297	0.23955	0.09353	0.00964	0.02874	0.05967	0.04475	0.25742	0.10382	0.01685	0.00904	0.02279	0.00716	0.00464	0.00405	0.00121	0.03172	0.00346	0.00292	0.00606
8	0.02159	0.00437	0.00517	0.00515	0.00606	0.00417	0.00369	0.00707	0.00856	0.03415	0.12746	0.09700	0.29744	0.20806	0.13269	0.00285	0.00404	0.02351	0.00345	0.00352
9	0.03136	0.01006	0.04223	0.18993	0.10980	0.09804	0.08867	0.09195	0.02542	0.06733	0.01050	0.06813	0.02371	0.01443	0.01863	0.01513	0.05267	0.01843	0.00269	0.02089
10	0.03024	0.07580	0.24990	0.03357	0.05901	0.09589	0.07757	0.11123	0.01076	0.08844	0.00940	0.03041	0.00753	0.00487	0.00454	0.00131	0.04457	0.03792	0.00265	0.02438
11	0.00874	0.00558	0.00785	0.00717	0.00837	0.00603	0.02205	0.04056	0.02270	0.13859	0.04593	0.05994	0.01276	0.09848	0.41002	0.02207	0.05505	0.02070	0.00303	0.00439
12	0.00697	0.00533	0.00631	0.00599	0.00743	0.00514	0.01863	0.04591	0.10504	0.03968	0.19602	0.15236	0.32608	0.00951	0.00493	0.00146	0.00263	0.05214	0.00412	0.00431
13	0.04134	0.04975	0.13833	0.18505	0.04155	0.04367	0.04408	0.11676	0.02092	0.05347	0.01092	0.08148	0.00962	0.02684	0.04979	0.00172	0.00526	0.05148	0.02269	0.00526
14	0.00807	0.00526	0.03069	0.02063	0.00654	0.02174	0.00409	0.03785	0.00905	0.01491	0.01377	0.06133	0.02187	0.00634	0.01877	0.03026	0.01844	0.01900	0.64733	0.00404
15	0.83475	0.00808	0.00637	0.00563	0.00827	0.00925	0.00464	0.01280	0.00742	0.06317	0.00644	0.00724	0.00487	0.00397	0.00269	0.00130	0.00327	0.00238	0.00274	0.00469
16	0.00599	0.00447	0.00617	0.00626	0.00686	0.00494	0.00461	0.00731	0.02266	0.00995	0.02477	0.14337	0.04763	0.16117	0.50359	0.00509	0.02285	0.00608	0.00268	0.00357
17	0.01426	0.01109	0.01184	0.01015	0.05878	0.05002	0.00781	0.59209	0.07271	0.02296	0.01180	0.03485	0.02703	0.00551	0.00425	0.00129	0.00449	0.02643	0.02601	0.00663
18	0.00894	0.00708	0.00838	0.00629	0.00957	0.00558	0.00498	0.01111	0.03847	0.05808	0.07029	0.05348	0.01029	0.00424	0.00347	0.00080	0.00303	0.00353	0.00293	0.68949
19	0.00553	0.00442	0.00486	0.00479	0.00603	0.00391	0.00357	0.02551	0.01011	0.01278	0.20922	0.08317	0.54061	0.04176	0.00561	0.00152	0.00229	0.02661	0.00402	0.00369
20	0.00517	0.00400	0.00458	0.00496	0.00576	0.00356	0.00344	0.00602	0.00870	0.01096	0.05448	0.36412	0.40428	0.09204	0.00670	0.00179	0.00244	0.00981	0.00379	0.00341
21	0.02844	0.06557	0.01214	0.03500	0.01284	0.41742	0.00774	0.17636	0.08264	0.10834	0.00927	0.00960	0.00697	0.00464	0.00389	0.00118	0.00585	0.00327	0.00308	0.00576
22	0.02835	0.03137	0.01166	0.04099	0.02375	0.34460	0.00776	0.16396	0.01212	0.13316	0.00893	0.01046	0.00703	0.05130	0.00606	0.00142	0.10516	0.00347	0.00296	0.00550
23	0.01169	0.03964	0.08979	0.05505	0.07338	0.05584	0.02325	0.22517	0.18522	0.03136	0.01037	0.01099	0.00786	0.00499	0.01734	0.00129	0.01288	0.00366	0.00318	0.13704
24	0.00810	0.02415	0.03226	0.01816	0.01800	0.03800	0.01619	0.07876	0.06923	0.02946	0.04178	0.08717	0.07716	0.12986	0.26480	0.02800	0.00617	0.00550	0.00298	0.02427
25	0.02888	0.14913	0.07226	0.00931	0.02815	0.17001	0.04770	0.12011	0.03839	0.03269	0.02473	0.04269	0.00864	0.01038	0.17823	0.00234	0.00655	0.00385	0.00264	0.02331
26	0.05848	0.04673	0.05595	0.02290	0.06362	0.10523	0.04586	0.17952	0.05188	0.01620	0.08409	0.04641	0.07139	0.00542	0.00404	0.00119	0.00435	0.00443	0.00313	0.12917

[dist]
# distance from previous block
# <min> <max>
6	32

[block]
# block no. 11 follows, 63 sequences, length 17
# corresponding to MSA columns:
# 621-637
name=unknown_L
#
# <colnr> <probs for GDERKNQSTAVLIFYWHMCP>
#	G	D	E	R	K	N	Q	S	T	A	V	L	I	F	Y	W	H	M	C	P
0	0.03585	0.04213	0.05747	0.00849	0.01064	0.10933	0.07817	0.05465	0.08317	0.07126	0.07278	0.08416	0.10368	0.07374	0.03134	0.00175	0.04397	0.02929	0.00323	0.00489
1	0.01223	0.03423	0.06958	0.03026	0.02488	0.11425	0.02385	0.21656	0.04971	0.07773	0.04040	0.02424	0.00848	0.00469	0.00427	0.00113	0.03711	0.00361	0.00315	0.21964
2	0.05326	0.03468	0.03427	0.02064	0.01058	0.08808	0.01689	0.19467	0.05977	0.11409	0.04659	0.12726	0.03553	0.01004	0.11890	0.00209	0.00516	0.01859	0.00354	0.00538
3	0.02351	0.00801	0.00880	0.05107	0.01047	0.05739	0.01903	0.26537	0.05299	0.01668	0.06991	0.27143	0.08530	0.00895	0.02980	0.00159	0.00395	0.00697	0.00376	0.00503
4	0.00703	0.00518	0.00618	0.00603	0.00699	0.00521	0.00431	0.10536	0.03412	0.01312	0.11322	0.30300	0.09626	0.17388	0.08008	0.00244	0.00374	0.00798	0.00360	0.02227
5	0.00730	0.00365	0.00548	0.00548	0.00548	0.00365	0.00365	0.00548	0.00548	0.00730	0.00730	0.01278	0.00730	0.01460	0.01643	0.87769	0.00365	0.00365	0.00183	0.00183
6	0.09859	0.01092	0.01160	0.00898	0.01226	0.01194	0.00740	0.63904	0.03710	0.06790	0.01009	0.01008	0.00717	0.00488	0.00401	0.00124	0.00434	0.00363	0.00403	0.04479
7	0.00725	0.00367	0.00544	0.00544	0.00544	0.00367	0.00360	0.00550	0.00550	0.00734	0.00756	0.01341	0.00765	0.05078	0.01664	0.83996	0.00367	0.00376	0.00186	0.00186
8	0.13620	0.08832	0.02395	0.04111	0.10187	0.08191	0.02532	0.10605	0.01139	0.32731	0.01087	0.01081	0.00756	0.00453	0.00382	0.00124	0.00443	0.00352	0.00356	0.00623
9	0.01089	0.06715	0.06071	0.02215	0.04955	0.09433	0.00694	0.08283	0.03588	0.09753	0.07558	0.02559	0.03759	0.01714	0.03044	0.00129	0.02198	0.00388	0.00304	0.25552
10	0.25443	0.11216	0.04725	0.00938	0.05686	0.21254	0.02202	0.08014	0.05804	0.03676	0.00800	0.02144	0.00658	0.02778	0.00426	0.00130	0.02999	0.00316	0.00262	0.00528
11	0.00934	0.03030	0.26604	0.01366	0.01793	0.00967	0.39215	0.04093	0.02555	0.02961	0.00976	0.07235	0.00806	0.00597	0.04783	0.00167	0.00642	0.00477	0.00233	0.00566
12	0.00903	0.00728	0.00850	0.00631	0.00968	0.00574	0.00499	0.04533	0.00925	0.04257	0.00988	0.05452	0.03152	0.02296	0.00378	0.00083	0.00315	0.00337	0.00278	0.71853
13	0.01034	0.05752	0.02852	0.07973	0.04912	0.12921	0.00712	0.12709	0.08409	0.03474	0.06967	0.05294	0.12527	0.00750	0.04784	0.00156	0.02905	0.00492	0.00317	0.05060
14	0.04018	0.10457	0.10140	0.00862	0.03776	0.03915	0.03154	0.12595	0.07862	0.06197	0.09713	0.08299	0.09833	0.00738	0.03052	0.00150	0.00424	0.03945	0.00338	0.00533
15	0.03115	0.02812	0.02943	0.03904	0.07144	0.06759	0.05598	0.14693	0.11983	0.06588	0.06190	0.03853	0.03984	0.01853	0.04828	0.00159	0.02969	0.00447	0.02648	0.07530
16	0.03575	0.11381	0.14541	0.02723	0.04445	0.14574	0.06014	0.12964	0.08587	0.01456	0.03883	0.06060	0.00926	0.01766	0.02600	0.00146	0.03117	0.00410	0.00274	0.00557

[dist]
# distance from previous block
# <min> <max>
1	124

[block]
# block no. 12 follows, 63 sequences, length 12
# corresponding to MSA columns:
# 762-773
name=unknown_M
#
# <colnr> <probs for GDERKNQSTAVLIFYWHMCP>
#	G	D	E	R	K	N	Q	S	T	A	V	L	I	F	Y	W	H	M	C	P
0	0.06910	0.09422	0.04193	0.02784	0.07784	0.08580	0.00752	0.19240	0.09696	0.06468	0.01168	0.03182	0.03000	0.05149	0.02273	0.00155	0.01574	0.04608	0.00319	0.02740
1	0.10984	0.23822	0.05612	0.01021	0.10046	0.09072	0.00798	0.13669	0.12320	0.01521	0.00863	0.00965	0.00698	0.02248	0.00414	0.00123	0.02458	0.00321	0.00270	0.02774
2	0.11877	0.12113	0.03468	0.05787	0.05303	0.07384	0.04554	0.19801	0.06537	0.10843	0.00993	0.04214	0.00777	0.00474	0.00381	0.00123	0.00455	0.00372	0.00317	0.04229
3	0.06923	0.06299	0.05896	0.00962	0.02897	0.11550	0.12850	0.05824	0.04728	0.02979	0.01348	0.19339	0.04048	0.03012	0.05842	0.00181	0.01683	0.02860	0.00292	0.00486
4	0.00882	0.07250	0.14130	0.02909	0.01114	0.00780	0.04650	0.07913	0.06807	0.06196	0.13157	0.07648	0.07285	0.03772	0.12015	0.00219	0.00503	0.01942	0.00323	0.00504
5	0.01456	0.04527	0.03949	0.03493	0.01100	0.02413	0.00651	0.05906	0.05557	0.47342	0.03652	0.04434	0.06336	0.00715	0.04898	0.00159	0.00414	0.00469	0.00431	0.02098
6	0.00756	0.02779	0.02887	0.05849	0.01981	0.03765	0.00585	0.02948	0.00790	0.03736	0.02517	0.09410	0.01280	0.14375	0.33343	0.04373	0.03183	0.04786	0.00263	0.00393
7	0.07604	0.01052	0.01246	0.31662	0.15606	0.17408	0.03305	0.02718	0.03114	0.03201	0.00829	0.02815	0.00669	0.00451	0.00431	0.00131	0.03301	0.00368	0.03575	0.00517
8	0.00784	0.00392	0.00392	0.00392	0.00490	0.00392	0.00294	0.00980	0.00882	0.01567	0.01371	0.01567	0.01077	0.00490	0.00294	0.00098	0.00196	0.00392	0.87560	0.00392
9	0.10016	0.00641	0.00800	0.00659	0.00902	0.00596	0.00530	0.01563	0.04730	0.44917	0.25130	0.01945	0.04508	0.00626	0.00430	0.00132	0.00302	0.00519	0.00469	0.00583
10	0.01093	0.00680	0.00820	0.00709	0.00904	0.02524	0.01795	0.15095	0.04067	0.20435	0.21356	0.15597	0.07980	0.00845	0.02602	0.00153	0.00342	0.02042	0.00433	0.00527
11	0.00628	0.00457	0.00608	0.00618	0.00696	0.00436	0.03496	0.00769	0.03789	0.03272	0.09654	0.36078	0.10921	0.17305	0.00833	0.00209	0.00307	0.09190	0.00368	0.00366

[dist]
# distance from previous block
# <min> <max>
1	19

[block]
# block no. 13 follows, 63 sequences, length 20
# corresponding to MSA columns:
# 793-812
name=unknown_N
#
# <colnr> <probs for GDERKNQSTAVLIFYWHMCP>
#	G	D	E	R	K	N	Q	S	T	A	V	L	I	F	Y	W	H	M	C	P
0	0.01204	0.04035	0.13676	0.01005	0.04659	0.05730	0.02842	0.29900	0.12333	0.03802	0.01088	0.05386	0.00872	0.01731	0.02787	0.00144	0.00485	0.00411	0.00330	0.07580
1	0.09428	0.15570	0.03512	0.00817	0.02675	0.04776	0.02463	0.17892	0.04357	0.10570	0.02940	0.08775	0.08252	0.01892	0.00443	0.00134	0.01672	0.02945	0.00338	0.00549
2	0.39572	0.02602	0.01993	0.00705	0.02524	0.02838	0.00557	0.09925	0.05468	0.01628	0.00856	0.02608	0.00725	0.02105	0.14749	0.05093	0.00500	0.00334	0.00274	0.04944
3	0.00720	0.00369	0.00540	0.00540	0.00540	0.00369	0.00355	0.00553	0.00553	0.00738	0.00783	0.01410	0.00802	0.08967	0.01687	0.79941	0.00369	0.00387	0.00189	0.00189
4	0.01001	0.02535	0.08313	0.10757	0.18714	0.05546	0.04683	0.04370	0.06489	0.08039	0.08064	0.01635	0.08306	0.02986	0.01777	0.00150	0.04132	0.01662	0.00293	0.00549
5	0.00720	0.00467	0.00594	0.00557	0.00682	0.00429	0.00422	0.00920	0.03288	0.09712	0.54562	0.09450	0.13038	0.00885	0.00492	0.00138	0.00227	0.02540	0.00451	0.00426
6	0.18821	0.07261	0.09252	0.03130	0.01216	0.05292	0.01894	0.19480	0.05570	0.20715	0.01098	0.01092	0.02458	0.00472	0.00377	0.00127	0.00435	0.00353	0.00350	0.00610
