[name]
unknown

[dist]
# distance from previous block
# <min> <max>
15	77

[block]
# block no. 0 follows, 74 sequences, length 11
# corresponding to MSA columns:
# 81-91
name=unknown_A
#
# <colnr> <probs for GDERKNQSTAVLIFYWHMCP>
#	G	D	E	R	K	N	Q	S	T	A	V	L	I	F	Y	W	H	M	C	P
0	0.00869	0.07159	0.12612	0.01252	0.22107	0.04373	0.12147	0.07150	0.01964	0.02310	0.05616	0.05410	0.00978	0.04670	0.00487	0.00132	0.03275	0.06767	0.00233	0.00490
1	0.12149	0.00841	0.04167	0.01104	0.22988	0.03133	0.04472	0.06715	0.02063	0.08310	0.00793	0.00894	0.01778	0.00346	0.00324	0.00095	0.00369	0.00291	0.00241	0.28929
2	0.00543	0.00393	0.00525	0.00527	0.00571	0.00432	0.00373	0.00651	0.03183	0.00834	0.01124	0.05711	0.01161	0.33968	0.47831	0.00473	0.00701	0.00481	0.00221	0.00298
3	0.00882	0.00954	0.08989	0.01116	0.01412	0.02626	0.39112	0.07974	0.12658	0.02665	0.01042	0.01362	0.02613	0.07792	0.00535	0.00144	0.00491	0.04258	0.02885	0.00489
4	0.00695	0.00414	0.00548	0.00500	0.00614	0.00377	0.00380	0.00858	0.01031	0.14191	0.66513	0.07901	0.03041	0.00739	0.00430	0.00119	0.00199	0.00650	0.00412	0.00390
5	0.01014	0.08211	0.00947	0.00739	0.00971	0.07500	0.00588	0.01777	0.58106	0.08086	0.01291	0.01210	0.00969	0.00459	0.00355	0.00114	0.00332	0.00369	0.00340	0.06620
6	0.00852	0.00729	0.00774	0.00701	0.00894	0.00827	0.00543	0.01752	0.70425	0.01504	0.08753	0.01674	0.07832	0.00559	0.00388	0.00125	0.00275	0.00469	0.00378	0.00546
7	0.00530	0.00398	0.00597	0.00597	0.00663	0.00464	0.00464	0.00663	0.00597	0.00862	0.00994	0.01458	0.00928	0.02784	0.85484	0.00597	0.00994	0.00398	0.00199	0.00331
8	0.01560	0.00821	0.00933	0.00731	0.01010	0.07569	0.00597	0.20076	0.04067	0.56726	0.01265	0.01136	0.00826	0.00452	0.00370	0.00113	0.00364	0.00355	0.00415	0.00614
9	0.00751	0.00711	0.01203	0.66906	0.21325	0.00838	0.01056	0.00992	0.00766	0.01009	0.00669	0.00973	0.00516	0.00362	0.00370	0.00121	0.00482	0.00330	0.00169	0.00452
10	0.00816	0.00658	0.00774	0.00556	0.00883	0.00497	0.00445	0.00980	0.00785	0.05578	0.00702	0.00795	0.00569	0.00285	0.00280	0.00058	0.00277	0.00228	0.00232	0.84600

[dist]
# distance from previous block
# <min> <max>
1	2

[block]
# block no. 1 follows, 74 sequences, length 13
# corresponding to MSA columns:
# 94-106
name=unknown_B
#
# <colnr> <probs for GDERKNQSTAVLIFYWHMCP>
#	G	D	E	R	K	N	Q	S	T	A	V	L	I	F	Y	W	H	M	C	P
0	0.00501	0.00393	0.00543	0.00544	0.00623	0.00356	0.04894	0.00602	0.00785	0.01049	0.13571	0.50784	0.15091	0.03790	0.00499	0.00143	0.00236	0.00871	0.00335	0.04391
1	0.00523	0.00370	0.00457	0.00449	0.00535	0.00343	0.00333	0.00673	0.00939	0.01326	0.51506	0.11305	0.15639	0.00857	0.03158	0.00134	0.00207	0.00683	0.10226	0.00338
2	0.00492	0.00362	0.00422	0.00439	0.00496	0.00335	0.00298	0.00564	0.00750	0.00976	0.14231	0.20840	0.26172	0.28146	0.00907	0.00205	0.00251	0.03510	0.00316	0.00289
3	0.00979	0.00963	0.14614	0.00825	0.01101	0.00858	0.04497	0.06470	0.46301	0.10804	0.05834	0.01292	0.01063	0.00479	0.00396	0.00123	0.02096	0.00399	0.00339	0.00568
4	0.00878	0.00798	0.01231	0.37675	0.25881	0.00932	0.00986	0.12303	0.00884	0.01208	0.00677	0.00930	0.00539	0.00410	0.00494	0.00124	0.13031	0.00330	0.00198	0.00492
5	0.81050	0.00709	0.00576	0.00505	0.00740	0.00805	0.00416	0.01161	0.00673	0.09738	0.00609	0.00667	0.00452	0.00356	0.00244	0.00115	0.00290	0.00218	0.00252	0.00424
6	0.00898	0.05736	0.11737	0.03497	0.48432	0.02636	0.07417	0.02791	0.00858	0.02971	0.04406	0.02987	0.00738	0.00386	0.00393	0.00113	0.02903	0.00356	0.00202	0.00543
7	0.58924	0.04499	0.04216	0.00690	0.03954	0.20223	0.00550	0.01187	0.00747	0.01424	0.00543	0.00637	0.00432	0.00352	0.00264	0.00109	0.00395	0.00217	0.00213	0.00424
8	0.01287	0.03239	0.00908	0.00695	0.00942	0.00823	0.00569	0.37956	0.05871	0.24356	0.05624	0.01184	0.00934	0.00464	0.00356	0.00109	0.00330	0.00365	0.13420	0.00567
9	0.00627	0.00535	0.00785	0.05166	0.13287	0.00604	0.00601	0.00784	0.02742	0.00965	0.02424	0.03825	0.11266	0.05332	0.37774	0.00345	0.10540	0.01793	0.00223	0.00381
10	0.00468	0.00339	0.00445	0.00524	0.00562	0.00317	0.00368	0.00547	0.00738	0.00971	0.02182	0.70293	0.09350	0.01128	0.00475	0.00151	0.00227	0.10264	0.00344	0.00307
11	0.00568	0.00387	0.00538	0.00532	0.00567	0.00426	0.00382	0.00595	0.00566	0.00784	0.01052	0.01661	0.04760	0.20819	0.38855	0.22480	0.04134	0.00425	0.00200	0.00268
12	0.05255	0.83018	0.01878	0.00628	0.00941	0.01438	0.00624	0.01110	0.00748	0.00911	0.00516	0.00596	0.00473	0.00319	0.00238	0.00081	0.00392	0.00199	0.00162	0.00473

[dist]
# distance from previous block
# <min> <max>
0	1

[block]
# block no. 2 follows, 74 sequences, length 33
# corresponding to MSA columns:
# 108-140
name=unknown_C
#
# <colnr> <probs for GDERKNQSTAVLIFYWHMCP>
#	G	D	E	R	K	N	Q	S	T	A	V	L	I	F	Y	W	H	M	C	P
0	0.00534	0.00380	0.00467	0.00492	0.00565	0.00351	0.00351	0.03052	0.00837	0.03553	0.16381	0.42672	0.20676	0.04629	0.00515	0.00147	0.00221	0.03493	0.00355	0.00330
1	0.00969	0.06419	0.43367	0.00989	0.01346	0.24918	0.01054	0.03768	0.00860	0.01083	0.00616	0.00748	0.00480	0.00400	0.00452	0.00115	0.11478	0.00268	0.00174	0.00495
2	0.36511	0.11441	0.01021	0.00824	0.05527	0.33057	0.03403	0.01245	0.00825	0.01232	0.00556	0.00661	0.00456	0.00358	0.00298	0.00104	0.01611	0.00232	0.00202	0.00435
3	0.02672	0.00887	0.01304	0.35017	0.37668	0.09654	0.04009	0.01097	0.00819	0.01080	0.00665	0.00916	0.00534	0.00357	0.00379	0.00115	0.01837	0.00322	0.00178	0.00493
4	0.00887	0.01219	0.26498	0.04518	0.34810	0.00905	0.17182	0.07233	0.00896	0.01271	0.00712	0.00895	0.00548	0.00344	0.00377	0.00116	0.00508	0.00335	0.00190	0.00556
5	0.00533	0.00396	0.00582	0.00584	0.00646	0.00455	0.00450	0.00656	0.00600	0.00858	0.01036	0.01613	0.00996	0.09197	0.76570	0.00566	0.00926	0.02808	0.00205	0.00324
6	0.00459	0.00368	0.00410	0.00418	0.00519	0.00319	0.00307	0.00565	0.00867	0.01095	0.20381	0.17003	0.54107	0.00939	0.00444	0.00128	0.00190	0.00804	0.00358	0.00319
7	0.00992	0.87178	0.01945	0.00635	0.00953	0.01469	0.00635	0.01111	0.00754	0.00873	0.00516	0.00595	0.00476	0.00318	0.00238	0.00079	0.00397	0.00198	0.00159	0.00476
8	0.00540	0.00360	0.00405	0.00405	0.00405	0.00360	0.00225	0.00540	0.00540	0.00720	0.01170	0.02429	0.01349	0.86955	0.01889	0.00360	0.00360	0.00540	0.00225	0.00225
9	0.00901	0.00761	0.00811	0.00729	0.00928	0.00871	0.00567	0.05643	0.70727	0.01542	0.04025	0.02869	0.02772	0.00602	0.03179	0.00140	0.00314	0.00439	0.01619	0.00561
10	0.01622	0.00701	0.00904	0.00693	0.00982	0.00648	0.00573	0.15603	0.01178	0.70940	0.01367	0.01200	0.00870	0.00457	0.00373	0.00114	0.00332	0.00367	0.00445	0.00632
11	0.89577	0.00718	0.00546	0.00488	0.00718	0.00833	0.00402	0.01091	0.00632	0.01665	0.00517	0.00603	0.00402	0.00345	0.00230	0.00115	0.00287	0.00201	0.00230	0.00402
12	0.00441	0.00376	0.00379	0.00378	0.00503	0.00314	0.00284	0.00537	0.00851	0.01015	0.05786	0.03552	0.82455	0.00936	0.00439	0.00125	0.00188	0.00781	0.00346	0.00314
13	0.01665	0.00632	0.00861	0.00660	0.00948	0.00546	0.00546	0.01809	0.01062	0.84897	0.01464	0.01263	0.00919	0.00459	0.00373	0.00115	0.00316	0.00373	0.00459	0.00632
14	0.00525	0.00379	0.00496	0.00467	0.00555	0.00350	0.00350	0.00700	0.01051	0.01488	0.84444	0.02773	0.03502	0.00759	0.00438	0.00117	0.00175	0.00671	0.00409	0.00350
15	0.00956	0.00831	0.00840	0.00754	0.00961	0.05486	0.00585	0.01898	0.74299	0.03883	0.04268	0.01390	0.01172	0.00504	0.00377	0.00124	0.00311	0.00417	0.00371	0.00572
16	0.07395	0.00664	0.00769	0.00616	0.00848	0.00664	0.00501	0.21968	0.01134	0.36176	0.03063	0.01188	0.00877	0.00448	0.00337	0.00107	0.00299	0.00352	0.22054	0.00540
17	0.00452	0.00325	0.00429	0.00513	0.00537	0.00302	0.00343	0.00517	0.00715	0.00949	0.02095	0.84304	0.04832	0.01156	0.00473	0.00150	0.00215	0.01047	0.00345	0.00302
18	0.87493	0.00716	0.00559	0.02495	0.00761	0.00832	0.00417	0.01088	0.00634	0.01649	0.00520	0.00612	0.00404	0.00345	0.00233	0.00115	0.00292	0.00204	0.00228	0.00402
19	0.00812	0.00812	0.01137	0.00975	0.00975	0.01137	0.00812	0.00893	0.00568	0.00893	0.00487	0.00812	0.00487	0.00650	0.01218	0.00162	0.86276	0.00325	0.00162	0.00406
20	0.04630	0.00935	0.00998	0.00778	0.01056	0.04717	0.00638	0.54305	0.01474	0.21173	0.01010	0.00979	0.00697	0.00442	0.00360	0.00110	0.00384	0.00335	0.04380	0.00601
21	0.01207	0.13194	0.01171	0.00902	0.01075	0.57004	0.00712	0.01304	0.00915	0.00899	0.00567	0.00712	0.00496	0.00507	0.03625	0.00123	0.14722	0.00254	0.00182	0.00429
22	0.02453	0.04962	0.22653	0.00780	0.04606	0.00694	0.00740	0.05300	0.00845	0.07401	0.00725	0.00811	0.00556	0.00323	0.00309	0.00083	0.00368	0.00254	0.00225	0.45913
23	0.10621	0.03037	0.43922	0.01187	0.15353	0.02712	0.07269	0.02281	0.00815	0.05173	0.00697	0.00820	0.00516	0.00348	0.00344	0.00113	0.00484	0.00289	0.00192	0.03825
24	0.00480	0.00376	0.00435	0.00424	0.00528	0.00330	0.00316	0.00611	0.00938	0.01230	0.41784	0.06207	0.43288	0.00863	0.00440	0.00122	0.00183	0.00740	0.00375	0.00330
25	0.01458	0.00774	0.00916	0.00724	0.00994	0.02120	0.00589	0.22611	0.13974	0.47876	0.01305	0.01202	0.00881	0.02309	0.00405	0.00121	0.00343	0.00372	0.00415	0.00613
26	0.03454	0.03133	0.29255	0.08201	0.33165	0.06085	0.04489	0.01200	0.03837	0.02693	0.00713	0.00874	0.00552	0.00352	0.00357	0.00114	0.00490	0.00308	0.00187	0.00541
27	0.00456	0.00373	0.00403	0.00403	0.00514	0.00320	0.00299	0.00563	0.00875	0.01091	0.18977	0.09228	0.63364	0.00921	0.00441	0.00125	0.00187	0.00781	0.00357	0.00320
28	0.00469	0.00362	0.00433	0.00481	0.00557	0.00326	0.00355	0.00564	0.00796	0.01005	0.04321	0.37817	0.37167	0.01041	0.00464	0.00142	0.00222	0.12821	0.00345	0.00313
29	0.02396	0.00657	0.00855	0.00794	0.07233	0.03189	0.04839	0.13487	0.01869	0.18445	0.01062	0.01308	0.00855	0.09537	0.19621	0.00244	0.01726	0.00379	0.11037	0.00466
30	0.00937	0.33689	0.27239	0.01095	0.14552	0.05554	0.04890	0.01188	0.01905	0.03592	0.00647	0.00762	0.00519	0.00345	0.00328	0.00102	0.01692	0.00266	0.00177	0.00520
31	0.00876	0.01001	0.02190	0.01564	0.01940	0.00939	0.83292	0.01189	0.00876	0.01189	0.00751	0.01001	0.00563	0.00313	0.00438	0.00125	0.00626	0.00438	0.00188	0.00501
32	0.05346	0.00811	0.00947	0.00733	0.01013	0.00827	0.00604	0.39102	0.01356	0.39726	0.04854	0.01131	0.00879	0.00461	0.00369	0.00113	0.00351	0.00361	0.00407	0.00609

[dist]
# distance from previous block
# <min> <max>
0	3

[block]
# block no. 3 follows, 74 sequences, length 30
# corresponding to MSA columns:
# 144-173
name=unknown_D
#
# <colnr> <probs for GDERKNQSTAVLIFYWHMCP>
#	G	D	E	R	K	N	Q	S	T	A	V	L	I	F	Y	W	H	M	C	P
0	0.03941	0.01008	0.05493	0.03029	0.21662	0.12200	0.08405	0.15805	0.09213	0.04854	0.03729	0.06383	0.00862	0.00455	0.00377	0.00116	0.00441	0.01232	0.00268	0.00528
1	0.05260	0.00832	0.01177	0.04473	0.39190	0.00893	0.03199	0.03164	0.33797	0.01380	0.01058	0.01129	0.01967	0.00412	0.00368	0.00118	0.00378	0.00369	0.00268	0.00567
2	0.00460	0.00330	0.00438	0.00517	0.00546	0.00308	0.00352	0.00535	0.00735	0.00982	0.06362	0.78151	0.04035	0.01133	0.00472	0.00149	0.00217	0.03622	0.00348	0.00306
3	0.00500	0.00381	0.00465	0.00479	0.00573	0.00346	0.00370	0.00634	0.00907	0.01191	0.32254	0.11775	0.32101	0.00913	0.00455	0.00133	0.00214	0.15607	0.00367	0.00331
4	0.00812	0.00812	0.01137	0.00975	0.00975	0.01137	0.00812	0.00893	0.00568	0.00893	0.00487	0.00812	0.00487	0.00650	0.01218	0.00162	0.86276	0.00325	0.00162	0.00406
5	0.01140	0.00770	0.00863	0.00695	0.00920	0.00828	0.02802	0.40641	0.10497	0.08416	0.02802	0.01156	0.00857	0.00452	0.00344	0.00107	0.00323	0.00360	0.25492	0.00536
6	0.01411	0.01040	0.01114	0.00854	0.01151	0.01151	0.00706	0.83402	0.01745	0.02339	0.00891	0.00891	0.00631	0.00446	0.00371	0.00111	0.00408	0.00334	0.00371	0.00631
7	0.01387	0.01769	0.01052	0.00956	0.01148	0.85465	0.00717	0.01482	0.01052	0.00908	0.00574	0.00669	0.00478	0.00383	0.00335	0.00096	0.00669	0.00239	0.00191	0.00430
8	0.00452	0.00323	0.00431	0.00517	0.00538	0.00301	0.00345	0.00517	0.00711	0.00948	0.02046	0.86713	0.02455	0.01163	0.00474	0.00151	0.00215	0.01055	0.00345	0.00301
9	0.00530	0.00390	0.00564	0.00565	0.00620	0.00445	0.00425	0.00641	0.00590	0.00841	0.01042	0.03321	0.01024	0.15771	0.70846	0.00551	0.00880	0.00433	0.00206	0.00314
10	0.00660	0.00591	0.00768	0.00715	0.00764	0.05183	0.00565	0.00766	0.00609	0.00864	0.00833	0.01290	0.00802	0.07746	0.50257	0.00425	0.26244	0.00377	0.00189	0.00352
11	0.01345	0.01644	0.01035	0.00933	0.01131	0.73590	0.00705	0.05497	0.08726	0.01037	0.00675	0.00746	0.00546	0.00397	0.00340	0.00099	0.00622	0.00260	0.00217	0.00455
12	0.00791	0.03592	0.11210	0.00876	0.09670	0.00597	0.06549	0.03384	0.01796	0.10855	0.04380	0.29157	0.04631	0.00682	0.00405	0.00124	0.00340	0.03436	0.00295	0.07230
13	0.00714	0.01008	0.30570	0.00785	0.03787	0.00608	0.00775	0.00886	0.00683	0.01014	0.00684	0.00933	0.00579	0.00794	0.08057	0.23040	0.02715	0.00287	0.00178	0.21904
14	0.04384	0.00632	0.00726	0.00613	0.00826	0.00647	0.00489	0.05160	0.26071	0.32343	0.01356	0.01290	0.00960	0.00461	0.00341	0.00111	0.00277	0.00373	0.22402	0.00539
15	0.34957	0.00612	0.00564	0.00550	0.00694	0.05159	0.00412	0.04056	0.02509	0.01305	0.01236	0.38496	0.01342	0.00709	0.00354	0.00126	0.00280	0.00589	0.00286	0.05764
16	0.02610	0.12199	0.42220	0.06823	0.14770	0.01897	0.05797	0.01156	0.02739	0.01147	0.00672	0.00816	0.00515	0.00344	0.00341	0.00109	0.00490	0.00286	0.00174	0.04896
17	0.00452	0.00323	0.00431	0.00517	0.00538	0.00301	0.00345	0.00517	0.00711	0.00948	0.02046	0.86713	0.02455	0.01163	0.00474	0.00151	0.00215	0.01055	0.00345	0.00301
18	0.06667	0.00853	0.00974	0.00758	0.01028	0.00902	0.02957	0.48662	0.01394	0.21314	0.01043	0.02319	0.00738	0.00449	0.00357	0.00111	0.00362	0.00350	0.08178	0.00584
19	0.00978	0.01265	0.21477	0.05375	0.29359	0.16490	0.05946	0.04754	0.00913	0.04504	0.00858	0.00991	0.04660	0.00386	0.00366	0.00112	0.00504	0.00331	0.00205	0.00526
20	0.00964	0.02779	0.03661	0.01788	0.53015	0.06045	0.08892	0.07779	0.02237	0.02708	0.00814	0.06124	0.00705	0.00397	0.00376	0.00113	0.00454	0.00378	0.00216	0.00553
21	0.00449	0.00337	0.00416	0.00480	0.00529	0.00305	0.00328	0.00521	0.00746	0.00962	0.02499	0.64722	0.24153	0.01104	0.00464	0.00144	0.00208	0.00983	0.00345	0.00305
22	0.00512	0.00379	0.00477	0.00453	0.00546	0.00344	0.00339	0.00674	0.01018	0.01411	0.71652	0.02899	0.16342	0.00788	0.00438	0.00118	0.00177	0.00689	0.00398	0.00344
23	0.02616	0.10749	0.42998	0.02150	0.03297	0.03294	0.03958	0.07080	0.09313	0.03553	0.01901	0.01048	0.01630	0.00464	0.00429	0.00134	0.04213	0.00340	0.00247	0.00585
24	0.00967	0.02161	0.04829	0.04386	0.51066	0.04534	0.00952	0.02440	0.07166	0.08822	0.03802	0.02813	0.02563	0.00410	0.00381	0.00113	0.01432	0.00369	0.00239	0.00555
25	0.00923	0.00797	0.00839	0.00755	0.00965	0.00923	0.00588	0.01972	0.83969	0.01553	0.01511	0.01385	0.01133	0.00504	0.00378	0.00126	0.00294	0.00420	0.00378	0.00588
26	0.00785	0.00727	0.01186	0.08301	0.55068	0.00733	0.00912	0.00992	0.02530	0.01161	0.04990	0.12567	0.07430	0.00514	0.00391	0.00118	0.00381	0.00479	0.00230	0.00504
27	0.03926	0.03411	0.25757	0.04729	0.13279	0.03898	0.22496	0.07176	0.01928	0.07617	0.00784	0.01949	0.00588	0.00366	0.00375	0.00117	0.00508	0.00345	0.00216	0.00535
28	0.01018	0.00682	0.00768	0.00651	0.00808	0.02019	0.00493	0.29726	0.04631	0.12350	0.01194	0.11311	0.01114	0.26370	0.02629	0.00202	0.02765	0.00487	0.00324	0.00455
29	0.69052	0.07960	0.04796	0.00630	0.03509	0.04982	0.02259	0.01119	0.00681	0.01516	0.00537	0.00633	0.00424	0.00343	0.00250	0.00111	0.00339	0.00215	0.00216	0.00425

[dist]
# distance from previous block
# <min> <max>
0	2

[block]
# block no. 4 follows, 74 sequences, length 30
# corresponding to MSA columns:
# 176-205
name=unknown_E
#
# <colnr> <probs for GDERKNQSTAVLIFYWHMCP>
#	G	D	E	R	K	N	Q	S	T	A	V	L	I	F	Y	W	H	M	C	P
0	0.00850	0.00798	0.01165	0.01133	0.14647	0.03529	0.09046	0.03968	0.03909	0.02985	0.02371	0.01061	0.00699	0.05148	0.09043	0.00191	0.34826	0.00360	0.00206	0.04064
1	0.03143	0.67156	0.04687	0.00696	0.01004	0.10465	0.00669	0.06669	0.00851	0.01005	0.00553	0.00630	0.00485	0.00335	0.00261	0.00085	0.00430	0.00215	0.00178	0.00483
2	0.01628	0.00698	0.00893	0.00723	0.00987	0.00612	0.00578	0.03311	0.01119	0.68784	0.01566	0.01563	0.01087	0.00568	0.00425	0.00139	0.00351	0.03529	0.10784	0.00656
3	0.01249	0.01000	0.04649	0.03041	0.06057	0.01025	0.12730	0.48825	0.03332	0.09455	0.00896	0.00949	0.00641	0.00425	0.00415	0.00117	0.03934	0.00352	0.00320	0.00591
4	0.00842	0.00780	0.01323	0.43297	0.29044	0.00871	0.07653	0.04405	0.00828	0.03084	0.00701	0.00963	0.00546	0.00369	0.00408	0.00120	0.03748	0.00340	0.00188	0.00490
5	0.00603	0.00414	0.00534	0.00491	0.00593	0.00389	0.00372	0.04105	0.01071	0.04687	0.75799	0.04759	0.03261	0.00745	0.00434	0.00117	0.00191	0.00656	0.00407	0.00371
6	0.00539	0.00362	0.00417	0.00417	0.00421	0.00367	0.00240	0.00548	0.00543	0.00729	0.01158	0.02367	0.01323	0.81579	0.07228	0.00375	0.00400	0.00531	0.00223	0.00232
7	0.00475	0.00341	0.00429	0.00486	0.00518	0.00319	0.00325	0.00539	0.00714	0.00944	0.06290	0.57048	0.09727	0.16769	0.00728	0.00185	0.00241	0.03304	0.00326	0.00292
8	0.03000	0.00425	0.00464	0.00420	0.00551	0.00415	0.00326	0.03214	0.00852	0.16548	0.01232	0.01330	0.00924	0.00436	0.00282	0.00093	0.00208	0.00347	0.68525	0.00407
9	0.01389	0.01694	0.01058	0.00946	0.01148	0.76789	0.00716	0.09912	0.01123	0.01056	0.00606	0.00692	0.00494	0.00389	0.00338	0.00097	0.00643	0.00249	0.00210	0.00451
10	0.01366	0.01017	0.01088	0.00845	0.01134	0.01130	0.00695	0.75830	0.09391	0.02266	0.00949	0.00937	0.00678	0.00451	0.00372	0.00113	0.00398	0.00342	0.00372	0.00627
11	0.89577	0.00718	0.00546	0.00488	0.00718	0.00833	0.00402	0.01091	0.00632	0.01665	0.00517	0.00603	0.00402	0.00345	0.00230	0.00115	0.00287	0.00201	0.00230	0.00402
12	0.00989	0.00809	0.00860	0.00759	0.00978	0.00925	0.00595	0.07962	0.74573	0.04969	0.01463	0.01344	0.01087	0.00498	0.00377	0.00124	0.00303	0.00411	0.00381	0.00593
13	0.00744	0.01920	0.85032	0.01058	0.01607	0.00862	0.01371	0.01176	0.00784	0.01176	0.00666	0.00784	0.00470	0.00353	0.00353	0.00118	0.00549	0.00274	0.00157	0.00549
14	0.01665	0.00632	0.00861	0.00660	0.00948	0.00546	0.00546	0.01809	0.01062	0.84897	0.01464	0.01263	0.00919	0.00459	0.00373	0.00115	0.00316	0.00373	0.00459	0.00632
15	0.01387	0.01769	0.01052	0.00956	0.01148	0.85465	0.00717	0.01482	0.01052	0.00908	0.00574	0.00669	0.00478	0.00383	0.00335	0.00096	0.00669	0.00239	0.00191	0.00430
16	0.00744	0.01920	0.85032	0.01058	0.01607	0.00862	0.01371	0.01176	0.00784	0.01176	0.00666	0.00784	0.00470	0.00353	0.00353	0.00118	0.00549	0.00274	0.00157	0.00549
17	0.01665	0.00632	0.00861	0.00660	0.00948	0.00546	0.00546	0.01809	0.01062	0.84897	0.01464	0.01263	0.00919	0.00459	0.00373	0.00115	0.00316	0.00373	0.00459	0.00632
18	0.01665	0.00632	0.00861	0.00660	0.00948	0.00546	0.00546	0.01809	0.01062	0.84897	0.01464	0.01263	0.00919	0.00459	0.00373	0.00115	0.00316	0.00373	0.00459	0.00632
19	0.00461	0.00336	0.00433	0.00506	0.00544	0.00311	0.00349	0.00534	0.00733	0.00959	0.02241	0.69817	0.12816	0.02816	0.00499	0.00153	0.00222	0.05624	0.00342	0.00304
20	0.00919	0.00882	0.01507	0.02278	0.84640	0.00882	0.01139	0.01139	0.00845	0.01213	0.00698	0.00919	0.00588	0.00331	0.00367	0.00110	0.00441	0.00331	0.00184	0.00588
21	0.00540	0.00360	0.00405	0.00405	0.00405	0.00360	0.00225	0.00540	0.00540	0.00720	0.01170	0.02429	0.01349	0.86955	0.01889	0.00360	0.00360	0.00540	0.00225	0.00225
22	0.01569	0.00637	0.00838	0.00649	0.00920	0.00572	0.00534	0.07446	0.01087	0.72396	0.01404	0.01247	0.00901	0.00456	0.00364	0.00112	0.00311	0.00368	0.07580	0.00609
23	0.00757	0.00712	0.01190	0.51633	0.29384	0.00806	0.01016	0.00985	0.00785	0.01043	0.00865	0.01194	0.04657	0.00406	0.00378	0.00121	0.00457	0.02963	0.00185	0.00463
24	0.00892	0.00855	0.01458	0.12595	0.74533	0.00875	0.01126	0.01116	0.00833	0.01180	0.00693	0.00927	0.00576	0.00336	0.00368	0.00112	0.00448	0.00331	0.00181	0.00566
25	0.00632	0.00529	0.00764	0.04139	0.00814	0.00668	0.00574	0.00746	0.00623	0.00920	0.05965	0.01307	0.00924	0.01778	0.45085	0.04007	0.26952	0.00385	0.02834	0.00352
26	0.71475	0.00738	0.00723	0.00600	0.00849	0.00818	0.07094	0.02905	0.00719	0.10265	0.00642	0.00710	0.00473	0.00356	0.00264	0.00116	0.00320	0.00241	0.00253	0.00439
27	0.00808	0.00815	0.07813	0.01386	0.39187	0.00734	0.00829	0.08663	0.06169	0.01283	0.04324	0.09289	0.16013	0.00554	0.00392	0.00119	0.00362	0.00491	0.00263	0.00505
28	0.00888	0.03475	0.00962	0.06777	0.03330	0.02501	0.07859	0.20980	0.12113	0.03344	0.05570	0.22997	0.03113	0.00659	0.00409	0.00127	0.00354	0.03747	0.00321	0.00473
29	0.00734	0.00659	0.00997	0.01095	0.21897	0.00652	0.11232	0.05733	0.09581	0.01208	0.04998	0.11479	0.20947	0.06488	0.00513	0.00139	0.00346	0.00571	0.00283	0.00448

[dist]
# distance from previous block
# <min> <max>
2	6

[block]
# block no. 5 follows, 74 sequences, length 45
# corresponding to MSA columns:
# 212-256
name=unknown_F
#
# <colnr> <probs for GDERKNQSTAVLIFYWHMCP>
#	G	D	E	R	K	N	Q	S	T	A	V	L	I	F	Y	W	H	M	C	P
0	0.01954	0.25488	0.10176	0.01031	0.15008	0.08352	0.04027	0.11756	0.04336	0.01237	0.04099	0.01078	0.07115	0.00425	0.00356	0.00105	0.02389	0.00334	0.00228	0.00504
1	0.00919	0.00882	0.01507	0.02278	0.84640	0.00882	0.01139	0.01139	0.00845	0.01213	0.00698	0.00919	0.00588	0.00331	0.00367	0.00110	0.00441	0.00331	0.00184	0.00588
2	0.00699	0.00665	0.02221	0.00845	0.01015	0.00694	0.19626	0.01030	0.15709	0.01126	0.07347	0.01675	0.11648	0.05031	0.20499	0.00249	0.08762	0.00477	0.00259	0.00421
3	0.27935	0.02379	0.43974	0.10660	0.03488	0.02267	0.00999	0.01135	0.00742	0.02400	0.00628	0.00758	0.00461	0.00353	0.00316	0.00116	0.00457	0.00259	0.00185	0.00487
4	0.00490	0.00364	0.00404	0.00414	0.00471	0.00335	0.00273	0.00546	0.00710	0.00902	0.06653	0.13029	0.33728	0.37712	0.01064	0.00229	0.00266	0.01836	0.00297	0.00276
5	0.00463	0.00367	0.00416	0.00425	0.00522	0.00320	0.00311	0.00571	0.00871	0.01113	0.23484	0.19161	0.48787	0.00937	0.00445	0.00128	0.00190	0.00807	0.00361	0.00320
6	0.01377	0.00752	0.00880	0.00714	0.00973	0.02443	0.00577	0.11846	0.27320	0.45259	0.01386	0.01246	0.00943	0.00470	0.00372	0.00117	0.00325	0.00380	0.02012	0.00608
7	0.00530	0.00356	0.00408	0.00418	0.00420	0.00353	0.00239	0.00537	0.00559	0.00746	0.01270	0.12104	0.01476	0.77107	0.01727	0.00336	0.00343	0.00599	0.00239	0.00234
8	0.00847	0.01433	0.44952	0.01372	0.23048	0.03108	0.07818	0.01231	0.06268	0.03260	0.00761	0.00900	0.00573	0.00413	0.02313	0.00127	0.00518	0.00316	0.00190	0.00551
9	0.05732	0.01534	0.01064	0.00977	0.04043	0.63753	0.03375	0.04503	0.08358	0.01076	0.00674	0.00759	0.00544	0.00393	0.00352	0.00102	0.01820	0.00267	0.00216	0.00458
10	0.06615	0.00992	0.01063	0.00819	0.01111	0.01090	0.00676	0.72864	0.01632	0.08064	0.00909	0.00900	0.00638	0.00441	0.00363	0.00112	0.00395	0.00329	0.00369	0.00618
11	0.00540	0.00360	0.00405	0.00405	0.00405	0.00360	0.00225	0.00540	0.00540	0.00720	0.01170	0.02429	0.01349	0.86955	0.01889	0.00360	0.00360	0.00540	0.00225	0.00225
12	0.00812	0.00812	0.01137	0.00975	0.00975	0.01137	0.00812	0.00893	0.00568	0.00893	0.00487	0.00812	0.00487	0.00650	0.01218	0.00162	0.86276	0.00325	0.00162	0.00406
13	0.89577	0.00718	0.00546	0.00488	0.00718	0.00833	0.00402	0.01091	0.00632	0.01665	0.00517	0.00603	0.00402	0.00345	0.00230	0.00115	0.00287	0.00201	0.00230	0.00402
14	0.00701	0.00660	0.01113	0.86063	0.02556	0.00825	0.01031	0.00948	0.00742	0.00948	0.00660	0.00990	0.00495	0.00371	0.00371	0.00124	0.00495	0.00330	0.00165	0.00412
15	0.01113	0.00892	0.00946	0.00794	0.01038	0.01012	0.00633	0.33705	0.51927	0.01859	0.01269	0.01192	0.00938	0.00481	0.00375	0.00120	0.00338	0.00386	0.00375	0.00605
16	0.00572	0.00410	0.00568	0.00648	0.00723	0.00408	0.00547	0.00723	0.00820	0.01071	0.01956	0.15598	0.03245	0.02869	0.03045	0.00184	0.00342	0.65603	0.00336	0.00333
17	0.89577	0.00718	0.00546	0.00488	0.00718	0.00833	0.00402	0.01091	0.00632	0.01665	0.00517	0.00603	0.00402	0.00345	0.00230	0.00115	0.00287	0.00201	0.00230	0.00402
18	0.01626	0.00694	0.00900	0.00690	0.00979	0.00639	0.00570	0.14338	0.01167	0.72219	0.01376	0.01206	0.00875	0.00457	0.00373	0.00114	0.00330	0.00367	0.00446	0.00632
19	0.00452	0.00323	0.00431	0.00517	0.00538	0.00301	0.00345	0.00517	0.00711	0.00948	0.02046	0.86713	0.02455	0.01163	0.00474	0.00151	0.00215	0.01055	0.00345	0.00301
20	0.01448	0.00981	0.01078	0.00826	0.01122	0.01064	0.00683	0.71688	0.01647	0.14192	0.00973	0.00945	0.00673	0.00448	0.00372	0.00112	0.00395	0.00340	0.00384	0.00631
21	0.00702	0.00431	0.00559	0.00508	0.00627	0.00399	0.00387	0.00903	0.04437	0.13513	0.64502	0.06114	0.04002	0.00725	0.00428	0.00118	0.00202	0.00636	0.00411	0.00398
22	0.00923	0.00797	0.00839	0.00755	0.00965	0.00923	0.00588	0.01972	0.83969	0.01553	0.01511	0.01385	0.01133	0.00504	0.00378	0.00126	0.00294	0.00420	0.00378	0.00588
23	0.00919	0.00651	0.00777	0.00615	0.00851	0.00608	0.00488	0.17443	0.02296	0.07773	0.00843	0.00998	0.00679	0.00798	0.12218	0.10671	0.00407	0.00298	0.02885	0.37783
24	0.03266	0.01720	0.01054	0.00985	0.03588	0.81167	0.00723	0.01464	0.01037	0.00934	0.00576	0.00675	0.00480	0.00380	0.00333	0.00096	0.00654	0.00241	0.00192	0.00434
25	0.00863	0.00677	0.03017	0.00639	0.03040	0.00545	0.02374	0.05901	0.00836	0.09670	0.00919	0.03303	0.02534	0.10295	0.00493	0.00108	0.00313	0.00322	0.00256	0.53896
26	0.00972	0.00984	0.01454	0.02127	0.75056	0.10591	0.01091	0.01179	0.00869	0.01178	0.00684	0.00890	0.00575	0.00337	0.00364	0.00109	0.00467	0.00320	0.00185	0.00570
27	0.00530	0.00398	0.00597	0.00597	0.00663	0.00464	0.00464	0.00663	0.00597	0.00862	0.00994	0.01458	0.00928	0.02784	0.85484	0.00597	0.00994	0.00398	0.00199	0.00331
28	0.00794	0.00842	0.01688	0.41003	0.02228	0.00885	0.44897	0.01077	0.00814	0.01077	0.00708	0.00996	0.00531	0.00340	0.00407	0.00124	0.00565	0.00388	0.00177	0.00459
29	0.02365	0.00851	0.09124	0.01150	0.22573	0.00756	0.02911	0.05874	0.16761	0.21579	0.02971	0.07958	0.00998	0.00490	0.00382	0.00120	0.00368	0.01891	0.00316	0.00560
30	0.00773	0.00671	0.00816	0.00583	0.00914	0.00509	0.03118	0.00943	0.00773	0.01209	0.00663	0.00777	0.00550	0.00276	0.00280	0.00057	0.00286	0.00227	0.00219	0.86356
31	0.00538	0.00365	0.00432	0.00432	0.00442	0.00375	0.00259	0.00557	0.00548	0.00740	0.01144	0.02289	0.01289	0.74847	0.13914	0.00394	0.00451	0.00519	0.00221	0.00240
32	0.34174	0.00677	0.00723	0.00633	0.02514	0.00707	0.00494	0.11894	0.02297	0.27170	0.02271	0.12997	0.00938	0.00516	0.00335	0.00120	0.00303	0.00404	0.00339	0.00494
33	0.00948	0.25656	0.01170	0.00629	0.00949	0.00893	0.00544	0.15715	0.00939	0.01314	0.00660	0.00741	0.00543	0.00318	0.00282	0.00072	0.00334	0.00234	0.00229	0.47830
34	0.03454	0.00408	0.00516	0.00567	0.00632	0.00402	0.00413	0.03650	0.04194	0.04255	0.01899	0.62265	0.02165	0.01037	0.00460	0.00149	0.00250	0.12590	0.00347	0.00347
35	0.00488	0.00372	0.00449	0.00445	0.00538	0.00333	0.00330	0.00621	0.00935	0.01250	0.45392	0.13588	0.30949	0.00875	0.00444	0.00125	0.00187	0.01971	0.00378	0.00331
36	0.03065	0.00634	0.00747	0.00567	0.00865	0.00497	0.00460	0.00945	0.00784	0.03624	0.00829	0.01172	0.00739	0.00368	0.00304	0.00072	0.00284	0.09628	0.00241	0.74176
37	0.59400	0.07705	0.00792	0.00617	0.00828	0.13244	0.00507	0.01150	0.00708	0.03568	0.00547	0.00648	0.00440	0.00379	0.00339	0.00114	0.08156	0.00222	0.00218	0.00418
38	0.00570	0.00423	0.00519	0.00488	0.00583	0.00412	0.00362	0.00822	0.10041	0.01411	0.64135	0.02598	0.05807	0.08190	0.00554	0.00139	0.00204	0.00631	0.01749	0.00364
39	0.00986	0.10877	0.05989	0.03129	0.27976	0.04245	0.03821	0.13674	0.11343	0.01321	0.00782	0.00929	0.00633	0.01480	0.00480	0.00119	0.11120	0.00326	0.00230	0.00539
40	0.00554	0.00399	0.00478	0.00462	0.00517	0.00399	0.00313	0.00697	0.06215	0.01059	0.29341	0.02460	0.06415	0.41141	0.07763	0.00269	0.00334	0.00578	0.00301	0.00304
41	0.06952	0.00520	0.00650	0.00577	0.00752	0.00480	0.00447	0.04434	0.00918	0.37794	0.01839	0.29642	0.10986	0.00745	0.00406	0.00128	0.00270	0.01603	0.00388	0.00468
42	0.01092	0.19252	0.08581	0.01184	0.20310	0.30039	0.01872	0.04738	0.05749	0.01106	0.02355	0.00818	0.00609	0.00371	0.00331	0.00101	0.00507	0.00280	0.00202	0.00503
43	0.00617	0.00489	0.00570	0.00495	0.00675	0.00416	0.00377	0.00775	0.03833	0.03340	0.08625	0.11695	0.27680	0.02601	0.06262	0.00141	0.00286	0.00560	0.00300	0.30263
44	0.04552	0.02650	0.02089	0.00955	0.02297	0.49405	0.04660	0.04041	0.05721	0.05559	0.00680	0.00789	0.00548	0.00431	0.00480	0.00112	0.14071	0.00282	0.00218	0.00459

[dist]
# distance from previous block
# <min> <max>
0	1

[block]
# block no. 6 follows, 74 sequences, length 7
# corresponding to MSA columns:
# 258-264
name=unknown_G
#
# <colnr> <probs for GDERKNQSTAVLIFYWHMCP>
#	G	D	E	R	K	N	Q	S	T	A	V	L	I	F	Y	W	H	M	C	P
0	0.00686	0.05605	0.18853	0.00708	0.03643	0.00586	0.03057	0.03440	0.00846	0.05066	0.03870	0.14254	0.27278	0.00683	0.00396	0.00119	0.00326	0.03114	0.00282	0.07185
1	0.03196	0.10680	0.16173	0.00835	0.09043	0.02857	0.00690	0.03498	0.00825	0.02684	0.09363	0.28721	0.01492	0.00680	0.00406	0.00123	0.02068	0.03517	0.00268	0.02880
2	0.08721	0.00994	0.06628	0.00829	0.01116	0.04028	0.04575	0.36268	0.20147	0.11336	0.01033	0.01012	0.00739	0.00437	0.00362	0.00116	0.00391	0.00344	0.00341	0.00583
3	0.00703	0.00550	0.00796	0.00989	0.22906	0.00541	0.00585	0.03389	0.04427	0.04677	0.28867	0.18512	0.04831	0.03173	0.03241	0.00145	0.00304	0.00614	0.00322	0.00428
4	0.00791	0.11684	0.10180	0.02718	0.17440	0.00700	0.00685	0.04868	0.00817	0.07180	0.01294	0.27660	0.04047	0.07656	0.00509	0.00141	0.00353	0.00568	0.00265	0.00444
5	0.00955	0.05174	0.18125	0.02522	0.12266	0.04754	0.19953	0.06502	0.02295	0.10872	0.03947	0.06931	0.03110	0.00447	0.00386	0.00117	0.00464	0.00414	0.00249	0.00517
6	0.02992	0.13276	0.02977	0.00631	0.00803	0.03528	0.04001	0.13010	0.00945	0.03023	0.09286	0.26932	0.14252	0.02141	0.00421	0.00125	0.00310	0.00629	0.00308	0.00409

[dist]
# distance from previous block
# <min> <max>
1	8

[block]
# block no. 7 follows, 74 sequences, length 34
# corresponding to MSA columns:
# 274-307
name=unknown_H
#
# <colnr> <probs for GDERKNQSTAVLIFYWHMCP>
#	G	D	E	R	K	N	Q	S	T	A	V	L	I	F	Y	W	H	M	C	P
0	0.00970	0.46699	0.23904	0.00851	0.04505	0.03547	0.01965	0.07129	0.01868	0.02612	0.00628	0.00713	0.00509	0.00342	0.00294	0.00095	0.00445	0.00244	0.00185	0.02496
1	0.00890	0.05471	0.11653	0.04156	0.46530	0.05578	0.05777	0.02269	0.03895	0.01217	0.08254	0.01062	0.00840	0.00382	0.00368	0.00111	0.00447	0.00352	0.00209	0.00538
2	0.00742	0.00626	0.00674	0.00631	0.00790	0.00689	0.00480	0.01415	0.51267	0.01338	0.05184	0.10907	0.17816	0.02961	0.02645	0.00146	0.00280	0.00571	0.00360	0.00478
3	0.01216	0.00500	0.00624	0.00515	0.00710	0.00453	0.00414	0.01373	0.00931	0.46354	0.01347	0.01319	0.00934	0.00447	0.00321	0.00102	0.00250	0.00361	0.41330	0.00500
4	0.64405	0.00693	0.00636	0.00537	0.00784	0.00750	0.00443	0.01297	0.00755	0.25497	0.00788	0.00792	0.00550	0.00377	0.00271	0.00115	0.00295	0.00250	0.00295	0.00468
5	0.00517	0.00361	0.00462	0.00478	0.00546	0.00337	0.00349	0.00655	0.00903	0.01274	0.44217	0.28927	0.06092	0.00875	0.00436	0.00127	0.00196	0.04551	0.08363	0.00333
6	0.00439	0.00376	0.00376	0.00376	0.00501	0.00313	0.00282	0.00533	0.00846	0.01003	0.03760	0.03572	0.84489	0.00940	0.00439	0.00125	0.00188	0.00783	0.00345	0.00313
7	0.00475	0.00373	0.00430	0.00425	0.00526	0.00327	0.00315	0.00599	0.00917	0.01195	0.36339	0.10492	0.44491	0.00886	0.00441	0.00124	0.00185	0.00762	0.00371	0.00327
8	0.00744	0.01920	0.85032	0.01058	0.01607	0.00862	0.01371	0.01176	0.00784	0.01176	0.00666	0.00784	0.00470	0.00353	0.00353	0.00118	0.00549	0.00274	0.00157	0.00549
9	0.00770	0.00660	0.00770	0.00550	0.00880	0.00495	0.00440	0.00935	0.00770	0.01210	0.00660	0.00770	0.00550	0.00275	0.00275	0.00055	0.00275	0.00220	0.00220	0.89224
10	0.00462	0.00375	0.00410	0.00405	0.00517	0.00322	0.00302	0.00576	0.00894	0.01127	0.24732	0.06689	0.60089	0.00902	0.00440	0.00124	0.00186	0.00765	0.00361	0.00322
11	0.00876	0.01001	0.02190	0.01564	0.01940	0.00939	0.83292	0.01189	0.00876	0.01189	0.00751	0.01001	0.00563	0.00313	0.00438	0.00125	0.00626	0.00438	0.00188	0.00501
12	0.89577	0.00718	0.00546	0.00488	0.00718	0.00833	0.00402	0.01091	0.00632	0.01665	0.00517	0.00603	0.00402	0.00345	0.00230	0.00115	0.00287	0.00201	0.00230	0.00402
13	0.00744	0.01920	0.85032	0.01058	0.01607	0.00862	0.01371	0.01176	0.00784	0.01176	0.00666	0.00784	0.00470	0.00353	0.00353	0.00118	0.00549	0.00274	0.00157	0.00549
14	0.89577	0.00718	0.00546	0.00488	0.00718	0.00833	0.00402	0.01091	0.00632	0.01665	0.00517	0.00603	0.00402	0.00345	0.00230	0.00115	0.00287	0.00201	0.00230	0.00402
15	0.89577	0.00718	0.00546	0.00488	0.00718	0.00833	0.00402	0.01091	0.00632	0.01665	0.00517	0.00603	0.00402	0.00345	0.00230	0.00115	0.00287	0.00201	0.00230	0.00402
16	0.00502	0.00379	0.00464	0.00443	0.00540	0.00340	0.00332	0.00656	0.00996	0.01360	0.63071	0.02984	0.24955	0.00807	0.00438	0.00119	0.00179	0.00701	0.00392	0.00340
17	0.00857	0.00894	0.00790	0.12040	0.01013	0.26799	0.00567	0.00986	0.04589	0.00883	0.00965	0.04553	0.02991	0.28223	0.04966	0.00217	0.07685	0.00414	0.00214	0.00355
18	0.00808	0.00668	0.02074	0.02519	0.02666	0.00547	0.00491	0.03889	0.04106	0.04936	0.06298	0.02242	0.02002	0.02652	0.00360	0.00082	0.01205	0.00303	0.00254	0.61897
19	0.03103	0.00408	0.00485	0.00477	0.00592	0.00372	0.00372	0.00728	0.00916	0.06644	0.29911	0.06536	0.32815	0.00841	0.00436	0.00128	0.00217	0.12246	0.02420	0.00353
20	0.00972	0.25524	0.07943	0.00707	0.02064	0.05362	0.00636	0.06996	0.04505	0.06152	0.00712	0.00784	0.00571	0.00343	0.00319	0.00084	0.02805	0.00250	0.00226	0.33046
21	0.02736	0.02668	0.12231	0.00768	0.04595	0.00703	0.00657	0.11754	0.09939	0.24355	0.07753	0.04837	0.03617	0.02554	0.00403	0.00117	0.00341	0.00404	0.00335	0.09233
22	0.03021	0.18795	0.50166	0.01003	0.05621	0.01016	0.02582	0.09624	0.02667	0.01257	0.00677	0.00776	0.00508	0.00356	0.00331	0.00109	0.00488	0.00272	0.00188	0.00541
23	0.00684	0.00548	0.00749	0.00942	0.22311	0.00562	0.00517	0.00875	0.11077	0.00975	0.02753	0.05636	0.01200	0.46196	0.01204	0.02306	0.00362	0.00491	0.00241	0.00369
24	0.00457	0.00327	0.00432	0.00513	0.00538	0.00306	0.00344	0.00522	0.00712	0.00945	0.02065	0.80642	0.04587	0.03587	0.00514	0.00156	0.00221	0.02490	0.00341	0.00300
25	0.03903	0.00580	0.00721	0.00725	0.06524	0.00536	0.03114	0.00942	0.06145	0.06392	0.31919	0.07978	0.27252	0.00825	0.00475	0.00145	0.00282	0.00684	0.00398	0.00460
26	0.26240	0.03584	0.15942	0.00908	0.06900	0.00847	0.09006	0.08863	0.03051	0.18886	0.00837	0.00884	0.00594	0.00382	0.00342	0.00116	0.01519	0.00302	0.00271	0.00527
27	0.00458	0.00330	0.00434	0.00506	0.00538	0.00306	0.00342	0.00532	0.00744	0.00994	0.08808	0.76092	0.06301	0.01120	0.00469	0.00147	0.00211	0.01012	0.00350	0.00306
28	0.04976	0.00810	0.01283	0.33924	0.44459	0.02559	0.01036	0.03149	0.02160	0.01161	0.00691	0.00933	0.00552	0.00353	0.00362	0.00116	0.00456	0.00324	0.00187	0.00511
29	0.00922	0.01060	0.11233	0.09056	0.37841	0.05076	0.22498	0.04410	0.00886	0.02384	0.00717	0.00922	0.00561	0.00341	0.00383	0.00116	0.00514	0.00348	0.00192	0.00540
30	0.00533	0.00419	0.00560	0.04541	0.07872	0.00399	0.00436	0.00658	0.02510	0.02238	0.09211	0.43485	0.23866	0.00939	0.00444	0.00135	0.00240	0.00833	0.00330	0.00349
31	0.00717	0.00371	0.00392	0.00389	0.00482	0.00371	0.00290	0.00911	0.03768	0.04660	0.01307	0.09064	0.01092	0.00502	0.00288	0.00095	0.00187	0.00414	0.74340	0.00362
32	0.01018	0.18526	0.05824	0.01196	0.21168	0.11107	0.08417	0.06596	0.09166	0.05377	0.06365	0.01008	0.00810	0.00397	0.00359	0.00107	0.01463	0.00334	0.00238	0.00523
33	0.00947	0.20144	0.34204	0.01114	0.12555	0.03201	0.06067	0.06426	0.02857	0.05913	0.00716	0.00820	0.00545	0.00363	0.00359	0.00109	0.02632	0.00289	0.00200	0.00539

[dist]
# distance from previous block
# <min> <max>
0	2

[block]
# block no. 8 follows, 74 sequences, length 24
# corresponding to MSA columns:
# 310-333
name=unknown_I
#
# <colnr> <probs for GDERKNQSTAVLIFYWHMCP>
#	G	D	E	R	K	N	Q	S	T	A	V	L	I	F	Y	W	H	M	C	P
0	0.01092	0.01258	0.01025	0.00968	0.05783	0.44259	0.00715	0.02468	0.04143	0.01024	0.09127	0.00995	0.00837	0.01982	0.00604	0.00122	0.22629	0.00324	0.00216	0.00431
1	0.14352	0.52158	0.02994	0.00767	0.05349	0.17104	0.00655	0.01181	0.00797	0.01022	0.00539	0.00631	0.00471	0.00335	0.00264	0.00090	0.00437	0.00215	0.00177	0.00464
2	0.00923	0.00471	0.00604	0.00518	0.00687	0.00414	0.00407	0.01069	0.01012	0.31783	0.37216	0.02391	0.19612	0.00688	0.00414	0.00118	0.00229	0.00586	0.00414	0.00445
3	0.00567	0.00407	0.00504	0.00487	0.00600	0.00357	0.00362	0.00695	0.00885	0.04766	0.31518	0.24363	0.18902	0.00843	0.00429	0.00122	0.00211	0.03580	0.00359	0.10044
4	0.00479	0.00343	0.00455	0.00505	0.00549	0.00320	0.00352	0.00580	0.00820	0.01121	0.27807	0.58475	0.02775	0.01033	0.00463	0.00141	0.00206	0.02892	0.00365	0.00318
5	0.00447	0.00376	0.00387	0.00384	0.00506	0.00317	0.00288	0.00548	0.00865	0.01047	0.11179	0.03499	0.77042	0.00923	0.00439	0.00125	0.00187	0.00773	0.00351	0.00317
6	0.00566	0.00445	0.00645	0.00625	0.00677	0.00537	0.00484	0.00679	0.00588	0.00852	0.00949	0.01471	0.00914	0.10525	0.67193	0.00521	0.11402	0.00402	0.00197	0.00330
7	0.00992	0.87178	0.01945	0.00635	0.00953	0.01469	0.00635	0.01111	0.00754	0.00873	0.00516	0.00595	0.00476	0.00318	0.00238	0.00079	0.00397	0.00198	0.00159	0.00476
8	0.00744	0.01920	0.85032	0.01058	0.01607	0.00862	0.01371	0.01176	0.00784	0.01176	0.00666	0.00784	0.00470	0.00353	0.00353	0.00118	0.00549	0.00274	0.00157	0.00549
9	0.00439	0.00376	0.00376	0.00376	0.00501	0.00313	0.00282	0.00533	0.00846	0.01003	0.03760	0.03572	0.84489	0.00940	0.00439	0.00125	0.00188	0.00783	0.00345	0.00313
10	0.00876	0.01001	0.02190	0.01564	0.01940	0.00939	0.83292	0.01189	0.00876	0.01189	0.00751	0.01001	0.00563	0.00313	0.00438	0.00125	0.00626	0.00438	0.00188	0.00501
11	0.00787	0.00438	0.00448	0.00413	0.00528	0.00453	0.00319	0.11791	0.00906	0.01510	0.01169	0.01319	0.00909	0.00434	0.00274	0.00090	0.00204	0.00344	0.77281	0.00384
12	0.89577	0.00718	0.00546	0.00488	0.00718	0.00833	0.00402	0.01091	0.00632	0.01665	0.00517	0.00603	0.00402	0.00345	0.00230	0.00115	0.00287	0.00201	0.00230	0.00402
13	0.00485	0.00348	0.00465	0.00534	0.00576	0.00328	0.00384	0.00581	0.00781	0.01045	0.12849	0.60946	0.04167	0.01084	0.00475	0.00149	0.00230	0.13906	0.00353	0.00315
14	0.81590	0.00747	0.00597	0.00521	0.00757	0.00862	0.00429	0.08548	0.00733	0.01726	0.00551	0.00629	0.00423	0.00354	0.00243	0.00115	0.00298	0.00213	0.00243	0.00423
15	0.00701	0.00660	0.01113	0.86063	0.02556	0.00825	0.01031	0.00948	0.00742	0.00948	0.00660	0.00990	0.00495	0.00371	0.00371	0.00124	0.00495	0.00330	0.00165	0.00412
16	0.01154	0.00912	0.00969	0.00802	0.01053	0.01031	0.00643	0.40522	0.45044	0.01925	0.01217	0.01151	0.00896	0.00476	0.00375	0.00119	0.00348	0.00379	0.00375	0.00608
17	0.86938	0.00727	0.00563	0.00499	0.00731	0.00842	0.00411	0.03555	0.00665	0.01686	0.00528	0.00612	0.00409	0.00348	0.00234	0.00115	0.00291	0.00205	0.00234	0.00409
18	0.00972	0.02753	0.01363	0.06883	0.53881	0.08650	0.02932	0.06742	0.07407	0.01254	0.00767	0.00945	0.00624	0.00426	0.02712	0.00124	0.00470	0.00331	0.00211	0.00554
19	0.00459	0.00326	0.00429	0.00509	0.00529	0.00306	0.00336	0.00518	0.00698	0.00931	0.01983	0.80630	0.02375	0.07354	0.00576	0.00166	0.00226	0.01018	0.00336	0.00296
20	0.00645	0.00322	0.00484	0.00484	0.00484	0.00322	0.00322	0.00484	0.00484	0.00645	0.00645	0.01128	0.00645	0.01289	0.01451	0.89201	0.00322	0.00322	0.00161	0.00161
21	0.01581	0.00660	0.00866	0.00675	0.00955	0.00601	0.00554	0.03939	0.09773	0.74020	0.01454	0.01266	0.00934	0.00464	0.00374	0.00116	0.00316	0.00377	0.00449	0.00627
22	0.00812	0.00812	0.01137	0.00975	0.00975	0.01137	0.00812	0.00893	0.00568	0.00893	0.00487	0.00812	0.00487	0.00650	0.01218	0.00162	0.86276	0.00325	0.00162	0.00406
23	0.10544	0.02838	0.03346	0.00808	0.02809	0.00902	0.06336	0.39649	0.01276	0.17514	0.00963	0.00979	0.00680	0.00419	0.00347	0.00110	0.00374	0.00331	0.09212	0.00563

[dist]
# distance from previous block
# <min> <max>
1	6

[block]
# block no. 9 follows, 74 sequences, length 79
# corresponding to MSA columns:
# 340-398,400-419
name=unknown_J
#
# <colnr> <probs for GDERKNQSTAVLIFYWHMCP>
#	G	D	E	R	K	N	Q	S	T	A	V	L	I	F	Y	W	H	M	C	P
0	0.03402	0.00633	0.00836	0.00651	0.00924	0.00565	0.00535	0.03201	0.04106	0.74105	0.03800	0.01350	0.03171	0.00479	0.00374	0.00116	0.00309	0.00390	0.00446	0.00609
1	0.00824	0.00836	0.01191	0.01005	0.01027	0.02336	0.05103	0.00917	0.00591	0.00909	0.00502	0.00820	0.00491	0.00628	0.01165	0.00160	0.80591	0.00329	0.00164	0.00411
2	0.00770	0.00660	0.00770	0.00550	0.00880	0.00495	0.00440	0.00935	0.00770	0.01210	0.00660	0.00770	0.00550	0.00275	0.00275	0.00055	0.00275	0.00220	0.00220	0.89224
