[name]
unknown

[dist]
# distance from previous block
# <min> <max>
0	17

[block]
# block no. 0 follows, 69 sequences, length 26
# corresponding to MSA columns:
# 23-48
name=unknown_A
#
# <colnr> <probs for GDERKNQSTAVLIFYWHMCP>
#	G	D	E	R	K	N	Q	S	T	A	V	L	I	F	Y	W	H	M	C	P
0	0.04782	0.00535	0.00675	0.07361	0.04492	0.01325	0.00489	0.01804	0.04249	0.11280	0.05204	0.09643	0.13617	0.15691	0.03765	0.07680	0.00354	0.03015	0.00305	0.03734
1	0.00528	0.00382	0.00453	0.00476	0.00525	0.00360	0.00315	0.00609	0.02309	0.01012	0.12360	0.29181	0.18227	0.28574	0.00990	0.01994	0.00270	0.00803	0.00328	0.00304
2	0.04210	0.00898	0.02642	0.20935	0.42152	0.02825	0.06295	0.06136	0.01846	0.03870	0.00787	0.01046	0.00635	0.03537	0.00447	0.00131	0.00481	0.00359	0.00216	0.00551
3	0.03324	0.00705	0.01053	0.14930	0.20212	0.00733	0.03894	0.06438	0.04905	0.13013	0.04027	0.04650	0.06827	0.02157	0.05832	0.05632	0.00440	0.00444	0.00283	0.00499
4	0.00604	0.00406	0.00480	0.00493	0.00542	0.00394	0.00326	0.03910	0.00763	0.02977	0.05679	0.29173	0.08978	0.36637	0.01103	0.00242	0.00298	0.02104	0.04578	0.00313
5	0.01138	0.00708	0.00900	0.05179	0.08908	0.00725	0.00631	0.07000	0.22803	0.26207	0.10414	0.02866	0.06440	0.00555	0.00403	0.00125	0.00325	0.00468	0.03636	0.00569
6	0.02458	0.08987	0.00820	0.05655	0.04068	0.08713	0.00522	0.01745	0.02739	0.02809	0.06580	0.07486	0.18665	0.02021	0.07461	0.16222	0.01904	0.00509	0.00264	0.00371
7	0.02243	0.00449	0.00549	0.00543	0.00629	0.00439	0.00388	0.05404	0.03448	0.05458	0.21173	0.31418	0.08482	0.11699	0.02528	0.03380	0.00277	0.00768	0.00360	0.00366
8	0.05251	0.00536	0.00645	0.00574	0.00735	0.00515	0.00442	0.05962	0.05580	0.20140	0.28672	0.13055	0.11241	0.02968	0.00470	0.00135	0.00258	0.00634	0.01727	0.00457
9	0.00928	0.00756	0.00815	0.00735	0.00932	0.00846	0.00568	0.07898	0.57162	0.03390	0.06309	0.09166	0.05877	0.02245	0.00444	0.00138	0.00301	0.00533	0.00394	0.00561
10	0.00708	0.00451	0.00549	0.00523	0.00645	0.00415	0.00389	0.02393	0.04088	0.12233	0.26148	0.20869	0.24083	0.04055	0.00515	0.00143	0.00234	0.00765	0.00397	0.00398
11	0.03560	0.00447	0.00519	0.00521	0.00626	0.00426	0.00380	0.02925	0.05718	0.05088	0.16658	0.31734	0.25500	0.03439	0.00504	0.00146	0.00234	0.00823	0.00376	0.00375
12	0.03268	0.00778	0.00925	0.00751	0.01027	0.00792	0.00607	0.11100	0.29244	0.44873	0.01474	0.01319	0.01002	0.00497	0.00392	0.00125	0.00336	0.00403	0.00440	0.00646
13	0.00555	0.00399	0.00464	0.00467	0.00572	0.00350	0.00341	0.00666	0.00912	0.05374	0.20651	0.21467	0.42095	0.03253	0.00509	0.00142	0.00214	0.00836	0.00381	0.00351
14	0.03331	0.00470	0.00564	0.00536	0.00664	0.00437	0.00399	0.05078	0.00957	0.14487	0.16359	0.27170	0.22266	0.03390	0.00495	0.00142	0.00247	0.00765	0.01838	0.00406
15	0.03133	0.00555	0.00646	0.00619	0.00737	0.00571	0.00455	0.15817	0.07180	0.05138	0.06419	0.40293	0.05626	0.08820	0.00597	0.00164	0.00291	0.02153	0.00366	0.00421
16	0.01376	0.01721	0.01164	0.04627	0.01300	0.72317	0.04322	0.01518	0.03073	0.00990	0.00639	0.00761	0.00527	0.00414	0.00395	0.00107	0.03811	0.00274	0.00204	0.00460
17	0.02370	0.00441	0.00501	0.00487	0.00588	0.00415	0.00349	0.04275	0.02284	0.04058	0.18807	0.16045	0.30836	0.15927	0.00728	0.00177	0.00251	0.00749	0.00359	0.00353
18	0.00559	0.00405	0.00563	0.00567	0.00615	0.00450	0.00411	0.00655	0.00618	0.00871	0.01156	0.05814	0.01185	0.26959	0.56781	0.00536	0.00817	0.00496	0.00225	0.00316
19	0.00494	0.00403	0.00438	0.00434	0.00553	0.00351	0.00324	0.00630	0.02432	0.01183	0.21928	0.07943	0.59604	0.00954	0.00464	0.00132	0.00199	0.00809	0.00380	0.00344
20	0.00589	0.00447	0.00625	0.00610	0.00655	0.00522	0.00453	0.00686	0.00611	0.00872	0.01054	0.01759	0.01060	0.25343	0.54990	0.00522	0.08207	0.00454	0.00214	0.00326
21	0.00833	0.00686	0.00736	0.00685	0.00834	0.00773	0.00504	0.01579	0.55719	0.01367	0.01550	0.08527	0.01366	0.22128	0.00808	0.00197	0.00321	0.00529	0.00356	0.00500
22	0.00561	0.00418	0.00620	0.00620	0.00686	0.00485	0.00477	0.00694	0.00627	0.00903	0.01059	0.01591	0.01002	0.07108	0.80532	0.00618	0.01017	0.00428	0.00211	0.00344
23	0.00813	0.00697	0.00813	0.00581	0.00929	0.00523	0.00465	0.00987	0.00813	0.01277	0.00697	0.00813	0.00581	0.00290	0.00290	0.00058	0.00290	0.00232	0.00232	0.88619
24	0.01349	0.20659	0.03266	0.00853	0.01170	0.04292	0.00739	0.55560	0.05119	0.01997	0.00862	0.00882	0.00643	0.00438	0.00358	0.00110	0.00437	0.00319	0.00329	0.00618
25	0.00553	0.00397	0.00466	0.00495	0.00572	0.00365	0.00344	0.00666	0.03825	0.04326	0.02627	0.40864	0.30310	0.11522	0.00663	0.00175	0.00243	0.00895	0.00355	0.00338

[dist]
# distance from previous block
# <min> <max>
0	2

[block]
# block no. 1 follows, 69 sequences, length 11
# corresponding to MSA columns:
# 51,52,54-62
name=unknown_B
#
# <colnr> <probs for GDERKNQSTAVLIFYWHMCP>
#	G	D	E	R	K	N	Q	S	T	A	V	L	I	F	Y	W	H	M	C	P
0	0.01057	0.12763	0.03439	0.00903	0.03394	0.14874	0.03617	0.13032	0.08020	0.02535	0.00874	0.01110	0.01983	0.08218	0.04721	0.00169	0.15913	0.00352	0.00246	0.02781
1	0.01014	0.00746	0.00917	0.00729	0.03188	0.00670	0.03455	0.12022	0.07693	0.11180	0.03312	0.02745	0.00849	0.02563	0.00385	0.00096	0.00329	0.00338	0.02455	0.45312
2	0.08703	0.12202	0.21568	0.04157	0.08903	0.04396	0.10766	0.03808	0.06030	0.03932	0.00816	0.00967	0.00635	0.01891	0.00409	0.00122	0.03013	0.00327	0.06830	0.00525
3	0.02990	0.00977	0.05426	0.17757	0.09481	0.06906	0.31372	0.02864	0.00899	0.02559	0.03012	0.07250	0.02539	0.00462	0.00456	0.00130	0.03754	0.00454	0.00222	0.00492
4	0.00731	0.00365	0.00365	0.00365	0.00457	0.00365	0.00274	0.00913	0.00822	0.01462	0.01279	0.01462	0.01005	0.00457	0.00274	0.00091	0.00183	0.00365	0.88399	0.00365
5	0.01318	0.04172	0.01220	0.01020	0.07069	0.12389	0.04337	0.50614	0.03811	0.01932	0.00937	0.04717	0.00744	0.00561	0.03234	0.00134	0.00489	0.00377	0.00329	0.00595
6	0.00673	0.00343	0.00504	0.00504	0.00504	0.00343	0.00333	0.00515	0.00515	0.00687	0.00723	0.01295	0.00737	0.07724	0.01567	0.81980	0.00343	0.00358	0.00175	0.00175
7	0.00973	0.07267	0.09254	0.10158	0.15910	0.04544	0.03172	0.08444	0.00888	0.05067	0.02647	0.00997	0.00671	0.00631	0.05804	0.00162	0.22331	0.00346	0.00220	0.00514
8	0.08388	0.03265	0.05822	0.02160	0.03211	0.11563	0.09635	0.01110	0.04498	0.01258	0.02905	0.03259	0.00862	0.03258	0.05438	0.00155	0.08112	0.00377	0.24291	0.00436
9	0.01016	0.00935	0.10171	0.01039	0.06074	0.00831	0.17288	0.11058	0.11230	0.11812	0.01060	0.01338	0.00858	0.13637	0.04536	0.00188	0.03536	0.00418	0.00286	0.02688
10	0.04638	0.10684	0.08030	0.03388	0.14070	0.09073	0.04132	0.09172	0.04917	0.05325	0.00928	0.02740	0.02613	0.00700	0.09791	0.00168	0.00518	0.00349	0.00247	0.08518

[dist]
# distance from previous block
# <min> <max>
1	30

[block]
# block no. 2 follows, 69 sequences, length 11
# corresponding to MSA columns:
# 93-103
name=unknown_C
#
# <colnr> <probs for GDERKNQSTAVLIFYWHMCP>
#	G	D	E	R	K	N	Q	S	T	A	V	L	I	F	Y	W	H	M	C	P
0	0.02650	0.00640	0.02965	0.05790	0.07390	0.02891	0.03857	0.05776	0.03798	0.02228	0.02441	0.23519	0.05434	0.05213	0.18680	0.00255	0.02539	0.02039	0.00281	0.01615
1	0.04264	0.02143	0.03055	0.00864	0.04372	0.24485	0.02111	0.08901	0.09214	0.11985	0.06598	0.05492	0.07456	0.00633	0.02723	0.01810	0.02654	0.00431	0.00310	0.00498
2	0.01819	0.00668	0.00927	0.05405	0.17125	0.04441	0.07005	0.02124	0.03478	0.01149	0.13078	0.05191	0.10462	0.22923	0.00850	0.00192	0.01932	0.00545	0.00274	0.00412
3	0.02278	0.02704	0.02331	0.16315	0.01372	0.05301	0.05913	0.07510	0.03429	0.01302	0.00750	0.00911	0.00599	0.00422	0.02854	0.00105	0.00422	0.00291	0.00233	0.44960
4	0.04655	0.00646	0.03421	0.00716	0.00864	0.02588	0.04023	0.13115	0.00862	0.01225	0.03193	0.01481	0.03195	0.05152	0.52524	0.00445	0.00814	0.00419	0.00248	0.00414
5	0.02727	0.00397	0.00491	0.00546	0.02476	0.00385	0.00351	0.02015	0.00750	0.01021	0.07803	0.43347	0.07532	0.25315	0.00932	0.02156	0.00279	0.00841	0.00322	0.00312
6	0.15714	0.06130	0.04512	0.16795	0.08863	0.09592	0.09656	0.06987	0.03671	0.01336	0.03488	0.03171	0.03014	0.01720	0.00400	0.00125	0.01499	0.00368	0.02477	0.00483
7	0.01020	0.64942	0.11204	0.00822	0.04763	0.01372	0.02702	0.01214	0.02638	0.03460	0.00663	0.02462	0.00582	0.00367	0.00289	0.00095	0.00436	0.00260	0.00188	0.00521
8	0.00677	0.02673	0.08252	0.01988	0.03190	0.04900	0.01743	0.03406	0.00961	0.01299	0.30896	0.22336	0.07588	0.00796	0.00456	0.00130	0.01686	0.02897	0.00340	0.03785
9	0.00744	0.01955	0.09428	0.05731	0.17093	0.00686	0.07250	0.04239	0.02243	0.01135	0.02426	0.09581	0.07038	0.09514	0.15138	0.02913	0.00532	0.01667	0.00242	0.00444
10	0.02470	0.07633	0.19808	0.07543	0.09867	0.05528	0.05989	0.10460	0.02176	0.05145	0.00897	0.05016	0.00751	0.00695	0.08708	0.00170	0.01695	0.01896	0.00239	0.03314

[dist]
# distance from previous block
# <min> <max>
1	20

[block]
# block no. 3 follows, 69 sequences, length 85
# corresponding to MSA columns:
# 124-145,148-210
name=unknown_D
#
# <colnr> <probs for GDERKNQSTAVLIFYWHMCP>
#	G	D	E	R	K	N	Q	S	T	A	V	L	I	F	Y	W	H	M	C	P
0	0.08655	0.12299	0.11190	0.05672	0.14929	0.08989	0.08491	0.05053	0.03679	0.10131	0.01606	0.02612	0.00702	0.00448	0.01543	0.00123	0.00480	0.01232	0.00247	0.01920
1	0.00804	0.03733	0.05732	0.00749	0.05321	0.01513	0.02164	0.10278	0.03795	0.01448	0.24371	0.01712	0.07246	0.00725	0.06816	0.00144	0.00371	0.00457	0.00311	0.22310
2	0.02170	0.05759	0.07769	0.13264	0.12989	0.07635	0.03425	0.10072	0.07461	0.06476	0.00915	0.01035	0.02636	0.00446	0.01393	0.00119	0.03350	0.00338	0.00253	0.12494
3	0.01039	0.63196	0.11912	0.00827	0.01186	0.07770	0.07105	0.01218	0.00834	0.00990	0.00588	0.00692	0.00510	0.00345	0.00290	0.00094	0.00479	0.00242	0.00172	0.00511
4	0.00515	0.00418	0.00466	0.00445	0.00577	0.00355	0.00333	0.00640	0.00935	0.01206	0.24425	0.08297	0.51487	0.00903	0.00452	0.00126	0.00204	0.00768	0.00372	0.07076
5	0.00850	0.00842	0.01241	0.30259	0.12614	0.03512	0.00980	0.01016	0.00718	0.01009	0.00610	0.00933	0.00531	0.00532	0.00831	0.00148	0.42397	0.00343	0.00176	0.00457
6	0.00554	0.00401	0.00525	0.00597	0.00661	0.00385	0.00465	0.00670	0.00819	0.01063	0.02243	0.32244	0.11557	0.08972	0.00652	0.00186	0.00298	0.37025	0.00351	0.00332
7	0.00508	0.00365	0.00488	0.00576	0.00616	0.00345	0.00415	0.00599	0.00785	0.01037	0.02203	0.67100	0.05173	0.01192	0.00507	0.00163	0.00253	0.16985	0.00363	0.00327
8	0.01473	0.00626	0.00830	0.00680	0.00929	0.00566	0.00544	0.01692	0.08036	0.62839	0.01656	0.15808	0.01267	0.00616	0.00413	0.00129	0.00313	0.00521	0.00457	0.00604
9	0.00544	0.00377	0.00440	0.00453	0.00476	0.00367	0.00278	0.00578	0.00663	0.00878	0.06350	0.16771	0.09262	0.57205	0.03463	0.00311	0.00342	0.00690	0.00281	0.00270
10	0.86168	0.00755	0.00587	0.00521	0.00766	0.00870	0.00429	0.01177	0.00682	0.04423	0.00578	0.00659	0.00442	0.00368	0.00248	0.00121	0.00304	0.00218	0.00250	0.00432
11	0.01048	0.86458	0.02054	0.00671	0.01006	0.01551	0.00671	0.01174	0.00797	0.00922	0.00545	0.00629	0.00503	0.00335	0.00252	0.00084	0.00419	0.00210	0.00168	0.00503
12	0.00813	0.00697	0.00813	0.00581	0.00929	0.00523	0.00465	0.00987	0.00813	0.01277	0.00697	0.00813	0.00581	0.00290	0.00290	0.00058	0.00290	0.00232	0.00232	0.88619
13	0.00925	0.01058	0.02313	0.01652	0.02049	0.00991	0.82353	0.01256	0.00925	0.01256	0.00793	0.01058	0.00595	0.00330	0.00463	0.00132	0.00661	0.00463	0.00198	0.00529
14	0.00465	0.00392	0.00402	0.00410	0.00533	0.00330	0.00304	0.00561	0.00881	0.01054	0.03809	0.11138	0.76357	0.01014	0.00467	0.00135	0.00201	0.00853	0.00364	0.00330
15	0.02555	0.01285	0.01290	0.07685	0.37995	0.36356	0.00954	0.01313	0.00974	0.01123	0.00816	0.00981	0.04174	0.00404	0.00375	0.00112	0.00558	0.00327	0.00204	0.00521
16	0.88991	0.00758	0.00576	0.00516	0.00758	0.00879	0.00425	0.01152	0.00667	0.01759	0.00546	0.00637	0.00425	0.00364	0.00243	0.00121	0.00303	0.00212	0.00243	0.00425
17	0.01072	0.01233	0.00834	0.00761	0.00940	0.47180	0.00573	0.01185	0.01037	0.03051	0.09312	0.01820	0.24875	0.00609	0.00394	0.00111	0.00486	0.00464	0.00278	0.03786
18	0.00713	0.00408	0.00536	0.00531	0.00540	0.04010	0.00357	0.00558	0.00538	0.00694	0.00687	0.01192	0.00685	0.02669	0.01488	0.83340	0.00357	0.00340	0.00173	0.00184
19	0.00952	0.00796	0.01134	0.04129	0.25477	0.00733	0.02807	0.03876	0.00883	0.07119	0.00769	0.00917	0.00618	0.00354	0.00394	0.00093	0.05172	0.00298	0.00238	0.43242
20	0.02627	0.02560	0.01193	0.01126	0.12194	0.24861	0.02101	0.30360	0.05191	0.01592	0.00852	0.04621	0.00704	0.00484	0.00459	0.00120	0.07758	0.00358	0.00283	0.00554
21	0.00993	0.00851	0.00896	0.00801	0.01026	0.00983	0.00625	0.04818	0.80305	0.01668	0.01573	0.01445	0.01179	0.00530	0.00399	0.00132	0.00314	0.00440	0.00399	0.00622
22	0.00957	0.03635	0.01039	0.00948	0.14661	0.03939	0.00644	0.10536	0.04536	0.01408	0.00763	0.00872	0.00619	0.00337	0.00324	0.00080	0.00357	0.00275	0.00248	0.53822
23	0.00552	0.00413	0.00604	0.00610	0.00676	0.00471	0.00467	0.00682	0.00644	0.00915	0.01219	0.06440	0.03898	0.05960	0.73875	0.00577	0.00949	0.00479	0.00225	0.00343
24	0.00611	0.00509	0.00593	0.07340	0.01771	0.04503	0.01734	0.00734	0.00883	0.03766	0.07357	0.22624	0.38111	0.00933	0.00464	0.00140	0.00282	0.06937	0.00344	0.00364
25	0.01086	0.00928	0.01348	0.05749	0.47034	0.00978	0.00988	0.16925	0.15220	0.04373	0.00950	0.01065	0.00736	0.00411	0.00391	0.00120	0.00431	0.00368	0.00276	0.00622
26	0.04589	0.00703	0.01153	0.74380	0.06791	0.00860	0.01050	0.01012	0.00789	0.01055	0.00739	0.01138	0.00582	0.00412	0.00390	0.00131	0.00505	0.03092	0.00185	0.00442
27	0.00482	0.00344	0.00458	0.00542	0.00567	0.00322	0.00362	0.00555	0.00764	0.01022	0.05691	0.81186	0.02625	0.02398	0.00520	0.00161	0.00228	0.01089	0.00365	0.00320
28	0.01036	0.82418	0.05985	0.00692	0.01039	0.01521	0.00708	0.01177	0.00798	0.00938	0.00553	0.00638	0.00503	0.00337	0.00257	0.00086	0.00427	0.00213	0.00168	0.00507
29	0.00998	0.01070	0.00840	0.00769	0.00950	0.29527	0.00587	0.01446	0.29119	0.01238	0.04599	0.01806	0.21439	0.00616	0.00430	0.00123	0.03172	0.00479	0.00316	0.00477
30	0.00563	0.00397	0.00518	0.00520	0.00552	0.00427	0.00353	0.00627	0.00602	0.00834	0.01182	0.04629	0.01264	0.46943	0.38398	0.00484	0.00671	0.00520	0.00229	0.00290
31	0.81816	0.00744	0.00590	0.00523	0.00766	0.00848	0.00430	0.01180	0.00699	0.06380	0.00690	0.00756	0.02577	0.00387	0.00257	0.00122	0.00302	0.00238	0.00259	0.00436
32	0.01464	0.01868	0.01111	0.01010	0.01212	0.84648	0.00757	0.01565	0.01111	0.00959	0.00606	0.00707	0.00505	0.00404	0.00353	0.00101	0.00707	0.00252	0.00202	0.00454
33	0.01048	0.86458	0.02054	0.00671	0.01006	0.01551	0.00671	0.01174	0.00797	0.00922	0.00545	0.00629	0.00503	0.00335	0.00252	0.00084	0.00419	0.00210	0.00168	0.00503
34	0.00604	0.00470	0.00676	0.00654	0.00710	0.00566	0.00507	0.00727	0.00628	0.00920	0.01006	0.01539	0.00960	0.09710	0.64204	0.00533	0.11605	0.00421	0.03208	0.00351
35	0.00561	0.00415	0.00606	0.00606	0.00668	0.00477	0.00461	0.00685	0.00623	0.00893	0.01072	0.01660	0.01032	0.12637	0.75043	0.00601	0.00972	0.00438	0.00213	0.00337
36	0.00482	0.00346	0.00459	0.00548	0.00575	0.00323	0.00371	0.00554	0.00758	0.01007	0.02197	0.81746	0.04318	0.01219	0.00501	0.00159	0.00231	0.03522	0.00364	0.00320
37	0.83940	0.00755	0.00611	0.05367	0.00869	0.00879	0.00463	0.01144	0.00674	0.01716	0.00555	0.00660	0.00430	0.00366	0.00251	0.00122	0.00316	0.00220	0.00239	0.00425
38	0.00858	0.00858	0.01201	0.01029	0.01029	0.01201	0.00858	0.00943	0.00600	0.00943	0.00515	0.00858	0.00515	0.00686	0.01287	0.00172	0.85505	0.00343	0.00172	0.00429
39	0.00471	0.00397	0.00408	0.00405	0.00534	0.00334	0.00304	0.00578	0.00912	0.01103	0.10733	0.03701	0.76829	0.00977	0.00463	0.00132	0.00197	0.00817	0.00370	0.00334
40	0.00619	0.00419	0.00567	0.00554	0.00620	0.00447	0.00404	0.00721	0.00685	0.05188	0.07119	0.02032	0.05255	0.26666	0.46424	0.00472	0.00717	0.00502	0.00255	0.00334
41	0.03231	0.04544	0.03605	0.18051	0.10023	0.16050	0.10835	0.23522	0.02855	0.02409	0.00782	0.00930	0.00593	0.00404	0.00384	0.00118	0.00528	0.00339	0.00253	0.00545
42	0.00752	0.00614	0.00779	0.03942	0.04088	0.00655	0.02416	0.02608	0.28092	0.01407	0.16860	0.08095	0.05297	0.00774	0.00458	0.00144	0.00314	0.21868	0.00370	0.00466
43	0.00632	0.00451	0.00632	0.00722	0.00812	0.00451	0.00632	0.00812	0.00902	0.01173	0.02076	0.04422	0.02256	0.01083	0.00541	0.00180	0.00361	0.81138	0.00361	0.00361
44	0.00868	0.00851	0.02848	0.06901	0.40620	0.02027	0.15334	0.03107	0.00885	0.01228	0.05439	0.05308	0.00951	0.07098	0.04675	0.00168	0.00504	0.00444	0.00223	0.00520
45	0.04367	0.01087	0.06700	0.21022	0.29742	0.14040	0.07701	0.02088	0.02858	0.03437	0.00744	0.00949	0.00584	0.00381	0.00394	0.00120	0.01631	0.00336	0.00206	0.01613
46	0.00740	0.00697	0.01176	0.85280	0.02700	0.00871	0.01089	0.01002	0.00784	0.01002	0.00697	0.01045	0.00523	0.00392	0.00392	0.00131	0.00523	0.00348	0.00174	0.00436
47	0.00478	0.00341	0.00455	0.00546	0.00569	0.00318	0.00364	0.00546	0.00751	0.01001	0.02161	0.85966	0.02593	0.01228	0.00500	0.00159	0.00227	0.01114	0.00364	0.00318
48	0.01109	0.08514	0.04069	0.09390	0.18413	0.17629	0.09135	0.07492	0.04268	0.06016	0.00801	0.02619	0.00649	0.00433	0.00457	0.00120	0.07774	0.00349	0.00233	0.00533
49	0.00813	0.00697	0.00813	0.00581	0.00929	0.00523	0.00465	0.00987	0.00813	0.01277	0.00697	0.00813	0.00581	0.00290	0.00290	0.00058	0.00290	0.00232	0.00232	0.88619
50	0.01187	0.09616	0.04365	0.00875	0.01165	0.02140	0.04158	0.35504	0.31918	0.01865	0.01145	0.02454	0.00867	0.00481	0.00384	0.00121	0.00400	0.00385	0.00353	0.00616
51	0.00775	0.00728	0.00997	0.00872	0.00880	0.00977	0.00701	0.00850	0.00617	0.00929	0.03068	0.01332	0.02892	0.16701	0.04412	0.00225	0.62051	0.00411	0.00197	0.00386
52	0.02721	0.00446	0.00553	0.00510	0.00620	0.00424	0.00387	0.05014	0.01126	0.01596	0.72982	0.02815	0.07754	0.00784	0.00453	0.00123	0.00201	0.00685	0.00421	0.00385
53	0.01341	0.00645	0.00814	0.00664	0.00909	0.00606	0.00534	0.04078	0.13813	0.49522	0.14627	0.01779	0.07731	0.00580	0.00411	0.00124	0.00299	0.00483	0.00451	0.00588
54	0.02549	0.00430	0.00535	0.00509	0.00616	0.00405	0.00389	0.00785	0.03852	0.01502	0.65403	0.02968	0.11223	0.00811	0.00458	0.00127	0.00205	0.05298	0.00413	0.01524
55	0.00593	0.00424	0.00587	0.00673	0.00747	0.00417	0.00560	0.00748	0.00875	0.01149	0.05210	0.23201	0.02389	0.01106	0.00529	0.00173	0.00323	0.59579	0.00364	0.00352
56	0.88991	0.00758	0.00576	0.00516	0.00758	0.00879	0.00425	0.01152	0.00667	0.01759	0.00546	0.00637	0.00425	0.00364	0.00243	0.00121	0.00303	0.00212	0.00243	0.00425
57	0.01048	0.86458	0.02054	0.00671	0.01006	0.01551	0.00671	0.01174	0.00797	0.00922	0.00545	0.00629	0.00503	0.00335	0.00252	0.00084	0.00419	0.00210	0.00168	0.00503
58	0.00508	0.00388	0.00561	0.00608	0.00650	0.00371	0.04325	0.00589	0.00758	0.01013	0.02083	0.78734	0.03616	0.01169	0.00516	0.00158	0.02209	0.01061	0.00352	0.00331
59	0.00562	0.00381	0.00431	0.00433	0.00443	0.00376	0.00250	0.00577	0.00614	0.00817	0.05118	0.05150	0.05141	0.76074	0.01814	0.00351	0.00359	0.00604	0.00256	0.00250
60	0.01490	0.01098	0.01177	0.00902	0.01216	0.01216	0.00745	0.82470	0.01843	0.02471	0.00941	0.00941	0.00667	0.00471	0.00392	0.00118	0.00431	0.00353	0.00392	0.00667
61	0.01472	0.01084	0.01164	0.00896	0.01204	0.01200	0.00738	0.80995	0.01824	0.02444	0.00963	0.02472	0.00701	0.00484	0.00394	0.00118	0.00428	0.00367	0.00392	0.00660
62	0.00925	0.01058	0.02313	0.01652	0.02049	0.00991	0.82353	0.01256	0.00925	0.01256	0.00793	0.01058	0.00595	0.00330	0.00463	0.00132	0.00661	0.00463	0.00198	0.00529
63	0.00681	0.00340	0.00511	0.00511	0.00511	0.00340	0.00340	0.00511	0.00511	0.00681	0.00681	0.01192	0.00681	0.01362	0.01532	0.88594	0.00340	0.00340	0.00170	0.00170
64	0.00481	0.00408	0.00417	0.00415	0.00546	0.00350	0.00311	0.00611	0.03125	0.01096	0.07341	0.05067	0.76534	0.00976	0.00462	0.00132	0.00201	0.00817	0.00368	0.00340
65	0.34146	0.04476	0.00769	0.00629	0.00841	0.03992	0.00499	0.14899	0.00933	0.04637	0.01027	0.18507	0.00988	0.01646	0.03610	0.00144	0.00360	0.00445	0.00295	0.07156
66	0.01048	0.86458	0.02054	0.00671	0.01006	0.01551	0.00671	0.01174	0.00797	0.00922	0.00545	0.00629	0.00503	0.00335	0.00252	0.00084	0.00419	0.00210	0.00168	0.00503
67	0.02869	0.07556	0.01193	0.02077	0.01175	0.01184	0.00717	0.67841	0.02964	0.02215	0.00922	0.00980	0.00685	0.02559	0.03145	0.00138	0.00446	0.00348	0.00360	0.00626
68	0.00786	0.02028	0.84191	0.01117	0.01697	0.00910	0.01448	0.01242	0.00828	0.01242	0.00704	0.00828	0.00497	0.00372	0.00372	0.00124	0.00579	0.00290	0.00166	0.00579
69	0.00569	0.00386	0.00455	0.00455	0.00465	0.00395	0.00272	0.00588	0.00578	0.00781	0.01210	0.02425	0.01364	0.74824	0.13310	0.00414	0.00472	0.00550	0.00234	0.00253
70	0.00572	0.00418	0.00575	0.00570	0.00613	0.00471	0.00411	0.00661	0.00608	0.00858	0.01100	0.01883	0.01124	0.32248	0.53192	0.00529	0.03165	0.00471	0.00219	0.00313
71	0.01421	0.01793	0.01129	0.04276	0.03942	0.78736	0.00785	0.01532	0.01091	0.00971	0.00614	0.00728	0.00509	0.00402	0.00356	0.00103	0.00692	0.00259	0.00201	0.00459
72	0.00740	0.00697	0.01176	0.85280	0.02700	0.00871	0.01089	0.01002	0.00784	0.01002	0.00697	0.01045	0.00523	0.00392	0.00392	0.00131	0.00523	0.00348	0.00174	0.00436
73	0.01010	0.00846	0.00896	0.00799	0.01025	0.00973	0.00623	0.04626	0.78564	0.03609	0.01574	0.01443	0.01175	0.00529	0.00399	0.00132	0.00315	0.00439	0.00401	0.00623
74	0.00780	0.00695	0.04453	0.26178	0.07019	0.01610	0.01950	0.05067	0.05646	0.03832	0.12906	0.03924	0.01368	0.00916	0.12020	0.00203	0.00500	0.10202	0.00278	0.00452
75	0.00740	0.00697	0.01176	0.85280	0.02700	0.00871	0.01089	0.01002	0.00784	0.01002	0.00697	0.01045	0.00523	0.00392	0.00392	0.00131	0.00523	0.00348	0.00174	0.00436
76	0.00553	0.00407	0.00568	0.00572	0.00630	0.00451	0.00423	0.00659	0.00639	0.00893	0.01306	0.05821	0.05875	0.19442	0.59342	0.00529	0.00829	0.00506	0.00232	0.00325
77	0.00764	0.00556	0.00656	0.00613	0.00761	0.00567	0.00480	0.04668	0.20786	0.06583	0.31454	0.06687	0.12976	0.00781	0.00451	0.00135	0.00259	0.09963	0.00405	0.00453
78	0.01027	0.03427	0.17549	0.10762	0.10405	0.07358	0.04494	0.14356	0.21757	0.01478	0.00957	0.01043	0.00722	0.00435	0.00407	0.00124	0.02500	0.00356	0.00269	0.00574
79	0.00768	0.00742	0.01173	0.82059	0.02643	0.04073	0.01076	0.01023	0.00796	0.01000	0.00693	0.01032	0.00522	0.00392	0.00390	0.00130	0.00530	0.00345	0.00175	0.00436
80	0.00540	0.00404	0.00490	0.00525	0.00598	0.00378	0.00371	0.05259	0.00885	0.01159	0.11078	0.52745	0.21949	0.01084	0.00481	0.00147	0.00228	0.00960	0.00373	0.00347
81	0.00559	0.00381	0.00455	0.00465	0.00476	0.00387	0.00282	0.00583	0.00597	0.00805	0.01313	0.11531	0.01498	0.66739	0.11976	0.00387	0.00446	0.00611	0.00248	0.00260
82	0.10378	0.04683	0.01095	0.00953	0.10351	0.13001	0.05181	0.03136	0.04472	0.01288	0.00703	0.00837	0.00579	0.00368	0.00389	0.00095	0.06300	0.00278	0.00227	0.35685
83	0.09869	0.00747	0.01257	0.64464	0.02389	0.00882	0.11768	0.01048	0.00794	0.01120	0.01672	0.01027	0.00560	0.00386	0.00387	0.00130	0.00514	0.00354	0.00187	0.00446
84	0.02662	0.31315	0.01345	0.03494	0.04657	0.06990	0.00637	0.06228	0.00920	0.08917	0.00746	0.01768	0.00609	0.00362	0.00306	0.00087	0.00393	0.00267	0.00239	0.28059

[dist]
# distance from previous block
# <min> <max>
12	21

[block]
# block no. 4 follows, 69 sequences, length 16
# corresponding to MSA columns:
# 235-250
name=unknown_E
#
# <colnr> <probs for GDERKNQSTAVLIFYWHMCP>
#	G	D	E	R	K	N	Q	S	T	A	V	L	I	F	Y	W	H	M	C	P
0	0.38403	0.02752	0.09045	0.04814	0.22139	0.06087	0.02654	0.01179	0.02217	0.01434	0.00837	0.00963	0.05194	0.00402	0.00326	0.00120	0.00411	0.00307	0.00224	0.00494
1	0.02295	0.02502	0.03872	0.01055	0.03579	0.08401	0.13039	0.01026	0.02606	0.01052	0.00943	0.13964	0.02984	0.00663	0.00827	0.00150	0.39900	0.00479	0.00219	0.00443
2	0.00697	0.06517	0.22921	0.00905	0.05406	0.00729	0.04584	0.00930	0.00727	0.01043	0.02220	0.01266	0.00826	0.03254	0.43824	0.00388	0.02749	0.00376	0.00197	0.00443
3	0.02872	0.20166	0.01487	0.03779	0.29670	0.14311	0.05229	0.01275	0.04526	0.04626	0.00920	0.01044	0.05296	0.00415	0.00383	0.00111	0.02797	0.00339	0.00220	0.00534
4	0.00796	0.00546	0.00647	0.02106	0.00757	0.02895	0.00462	0.06432	0.06268	0.09727	0.25515	0.08391	0.09792	0.01117	0.15501	0.00215	0.00405	0.00579	0.07421	0.00428
5	0.01070	0.64776	0.03692	0.00763	0.03076	0.12380	0.00698	0.01205	0.00837	0.00960	0.00583	0.00687	0.00523	0.00417	0.02663	0.00102	0.00474	0.00228	0.00177	0.04689
6	0.03241	0.00357	0.00509	0.00506	0.00518	0.00359	0.00339	0.00543	0.00547	0.00759	0.04647	0.01324	0.00853	0.05347	0.01466	0.77609	0.00334	0.00365	0.00188	0.00190
7	0.00796	0.02201	0.08100	0.11526	0.04756	0.03177	0.13550	0.04833	0.03501	0.01269	0.13079	0.01943	0.05592	0.00672	0.02571	0.01508	0.04785	0.12751	0.00274	0.03116
8	0.06625	0.05470	0.09862	0.02690	0.16525	0.03357	0.07932	0.15968	0.10340	0.11685	0.00943	0.01024	0.00701	0.00460	0.00433	0.04329	0.00444	0.00351	0.00286	0.00575
9	0.00644	0.00424	0.00580	0.00561	0.00573	0.00473	0.00390	0.00610	0.00560	0.00774	0.00904	0.01656	0.00953	0.28840	0.15862	0.35497	0.09820	0.00428	0.00199	0.00251
10	0.19092	0.00607	0.00752	0.00783	0.08680	0.00618	0.00550	0.03717	0.00869	0.20611	0.01422	0.19717	0.03386	0.03203	0.06620	0.00179	0.01475	0.06918	0.00335	0.00467
11	0.03221	0.37875	0.18540	0.08083	0.02694	0.05529	0.07261	0.02920	0.00857	0.05039	0.00685	0.00817	0.00550	0.00438	0.02654	0.00121	0.01722	0.00282	0.00195	0.00518
12	0.02796	0.18455	0.17037	0.05785	0.10180	0.13125	0.06903	0.03357	0.02728	0.01099	0.00712	0.02297	0.00601	0.00523	0.00516	0.12398	0.00501	0.00315	0.00194	0.00477
13	0.00680	0.00793	0.15582	0.01674	0.05453	0.02721	0.00626	0.00924	0.08673	0.01077	0.05283	0.14202	0.03841	0.27101	0.05863	0.00240	0.00425	0.04172	0.00271	0.00398
14	0.07547	0.01091	0.09925	0.04604	0.18527	0.15577	0.11527	0.01164	0.02508	0.01227	0.07042	0.03602	0.05565	0.00553	0.02735	0.00137	0.03094	0.01853	0.00235	0.01487
15	0.05727	0.04784	0.14220	0.10033	0.10047	0.14808	0.00861	0.01416	0.00951	0.25251	0.02355	0.03008	0.00773	0.00452	0.00397	0.00120	0.02602	0.01365	0.00284	0.00546

[dist]
# distance from previous block
# <min> <max>
7	21

[block]
# block no. 5 follows, 69 sequences, length 8
# corresponding to MSA columns:
# 272-279
name=unknown_F
#
# <colnr> <probs for GDERKNQSTAVLIFYWHMCP>
#	G	D	E	R	K	N	Q	S	T	A	V	L	I	F	Y	W	H	M	C	P
0	0.01068	0.04985	0.30639	0.03587	0.06144	0.16888	0.07184	0.13078	0.01030	0.03781	0.00757	0.00895	0.00576	0.00523	0.04426	0.00143	0.03211	0.00318	0.00222	0.00547
1	0.01164	0.62816	0.01791	0.00766	0.01064	0.24776	0.00695	0.01283	0.00884	0.00933	0.00562	0.00651	0.00504	0.00355	0.00280	0.00089	0.00500	0.00222	0.00177	0.00490
2	0.00667	0.00453	0.00557	0.00517	0.00642	0.00424	0.00392	0.00899	0.07244	0.08303	0.53022	0.05718	0.18043	0.00805	0.00453	0.00127	0.00211	0.00699	0.00419	0.00404
3	0.00666	0.00544	0.00801	0.00800	0.05287	0.02905	0.03861	0.00771	0.00651	0.00918	0.00911	0.01356	0.00848	0.02202	0.55422	0.12344	0.08762	0.00395	0.00200	0.00358
4	0.01171	0.38515	0.01569	0.08050	0.05188	0.07567	0.02954	0.16580	0.06946	0.06804	0.00795	0.00863	0.00624	0.00395	0.00330	0.00104	0.00447	0.00294	0.00253	0.00550
5	0.00681	0.00340	0.00511	0.00511	0.00511	0.00340	0.00340	0.00511	0.00511	0.00681	0.00681	0.01192	0.00681	0.01362	0.01532	0.88594	0.00340	0.00340	0.00170	0.00170
6	0.00977	0.17170	0.02689	0.00718	0.00928	0.10366	0.00591	0.07407	0.22006	0.04126	0.06652	0.01434	0.03973	0.07334	0.10099	0.00192	0.00466	0.00402	0.01976	0.00492
7	0.00969	0.11264	0.04586	0.03124	0.05919	0.09237	0.00667	0.08330	0.04797	0.03715	0.05624	0.03552	0.00885	0.03084	0.03765	0.00130	0.05723	0.00347	0.00255	0.24025

[dist]
# distance from previous block
# <min> <max>
1	12

[block]
# block no. 6 follows, 69 sequences, length 16
# corresponding to MSA columns:
# 292-307
name=unknown_G
#
# <colnr> <probs for GDERKNQSTAVLIFYWHMCP>
#	G	D	E	R	K	N	Q	S	T	A	V	L	I	F	Y	W	H	M	C	P
0	0.04272	0.31651	0.34114	0.00968	0.03684	0.08933	0.03770	0.02588	0.03212	0.01150	0.00663	0.00772	0.00527	0.00371	0.00342	0.00109	0.01884	0.00269	0.00185	0.00535
1	0.01115	0.24434	0.22154	0.00956	0.01321	0.22302	0.07143	0.07129	0.00978	0.03199	0.00680	0.00781	0.00536	0.00372	0.00339	0.00104	0.00542	0.00276	0.00206	0.05433
2	0.00731	0.00554	0.00676	0.00565	0.00756	0.00500	0.00429	0.02360	0.02251	0.02700	0.00963	0.01379	0.00883	0.15692	0.23360	0.00273	0.00507	0.00359	0.06556	0.38507
3	0.00490	0.00350	0.00469	0.00560	0.00588	0.00329	0.00385	0.00567	0.00763	0.01015	0.02154	0.79464	0.02566	0.01217	0.00504	0.00161	0.00238	0.07496	0.00364	0.00322
4	0.00562	0.00380	0.00435	0.00444	0.00452	0.00376	0.00260	0.00575	0.00602	0.00798	0.01402	0.08883	0.03716	0.75056	0.01799	0.00351	0.00363	0.03038	0.00254	0.00250
5	0.00478	0.00394	0.00422	0.00432	0.00549	0.00337	0.00323	0.00584	0.00896	0.01096	0.09653	0.12060	0.66255	0.01006	0.00470	0.00136	0.00207	0.03999	0.00369	0.00334
6	0.01464	0.01868	0.01111	0.01010	0.01212	0.84648	0.00757	0.01565	0.01111	0.00959	0.00606	0.00707	0.00505	0.00404	0.00353	0.00101	0.00707	0.00252	0.00202	0.00454
7	0.00504	0.00382	0.00468	0.00508	0.00586	0.00346	0.00374	0.00615	0.00877	0.01140	0.17060	0.35571	0.28993	0.01061	0.00486	0.00147	0.00226	0.09944	0.00376	0.00336
8	0.01078	0.00893	0.00945	0.00819	0.01059	0.01023	0.00645	0.18175	0.66809	0.01806	0.01465	0.01358	0.01091	0.00520	0.00398	0.00130	0.00335	0.00425	0.00398	0.00630
9	0.88991	0.00758	0.00576	0.00516	0.00758	0.00879	0.00425	0.01152	0.00667	0.01759	0.00546	0.00637	0.00425	0.00364	0.00243	0.00121	0.00303	0.00212	0.00243	0.00425
10	0.01464	0.01868	0.01111	0.01010	0.01212	0.84648	0.00757	0.01565	0.01111	0.00959	0.00606	0.00707	0.00505	0.00404	0.00353	0.00101	0.00707	0.00252	0.00202	0.00454
11	0.00858	0.00858	0.01201	0.01029	0.01029	0.01201	0.00858	0.00943	0.00600	0.00943	0.00515	0.00858	0.00515	0.00686	0.01287	0.00172	0.85505	0.00343	0.00172	0.00429
12	0.01048	0.86458	0.02054	0.00671	0.01006	0.01551	0.00671	0.01174	0.00797	0.00922	0.00545	0.00629	0.00503	0.00335	0.00252	0.00084	0.00419	0.00210	0.00168	0.00503
13	0.00499	0.00397	0.00433	0.00424	0.00544	0.00344	0.00318	0.00626	0.00955	0.01223	0.27233	0.03448	0.57409	0.00919	0.00457	0.00128	0.00194	0.00777	0.03328	0.00344
14	0.88991	0.00758	0.00576	0.00516	0.00758	0.00879	0.00425	0.01152	0.00667	0.01759	0.00546	0.00637	0.00425	0.00364	0.00243	0.00121	0.00303	0.00212	0.00243	0.00425
15	0.00599	0.00483	0.00651	0.00646	0.00722	0.04130	0.00502	0.00737	0.00651	0.00912	0.01031	0.01504	0.00960	0.02831	0.81022	0.00607	0.01035	0.00413	0.00210	0.00355

[dist]
# distance from previous block
# <min> <max>
0	1

[block]
# block no. 7 follows, 69 sequences, length 64
# corresponding to MSA columns:
# 309-354,360-377
name=unknown_H
#
# <colnr> <probs for GDERKNQSTAVLIFYWHMCP>
#	G	D	E	R	K	N	Q	S	T	A	V	L	I	F	Y	W	H	M	C	P
0	0.88991	0.00758	0.00576	0.00516	0.00758	0.00879	0.00425	0.01152	0.00667	0.01759	0.00546	0.00637	0.00425	0.00364	0.00243	0.00121	0.00303	0.00212	0.00243	0.00425
1	0.01048	0.86458	0.02054	0.00671	0.01006	0.01551	0.00671	0.01174	0.00797	0.00922	0.00545	0.00629	0.00503	0.00335	0.00252	0.00084	0.00419	0.00210	0.00168	0.00503
2	0.01328	0.00679	0.00833	0.00693	0.00940	0.00663	0.00561	0.05612	0.20525	0.44461	0.03801	0.01769	0.07873	0.00579	0.00408	0.00127	0.00315	0.05184	0.03055	0.00594
3	0.00990	0.00850	0.00895	0.00801	0.01025	0.00982	0.00624	0.04472	0.80654	0.01665	0.01576	0.01447	0.01181	0.00530	0.00399	0.00133	0.00314	0.00441	0.00399	0.00622
4	0.00599	0.00391	0.00571	0.00571	0.00612	0.00431	0.00416	0.00627	0.00586	0.00822	0.00953	0.01538	0.00933	0.11189	0.49822	0.28288	0.00756	0.00411	0.00200	0.00282
5	0.00918	0.01105	0.06341	0.01626	0.02032	0.00987	0.78373	0.01255	0.00921	0.01255	0.00789	0.01046	0.00590	0.00333	0.00458	0.00132	0.00657	0.00454	0.00197	0.00531
6	0.00847	0.00838	0.01173	0.01014	0.01019	0.01164	0.00847	0.00937	0.00615	0.00955	0.00591	0.01033	0.00600	0.00706	0.01250	0.00172	0.81316	0.04318	0.00181	0.00426
7	0.00606	0.00433	0.00602	0.00690	0.00770	0.00429	0.00585	0.00769	0.00881	0.01152	0.03332	0.17433	0.02332	0.01102	0.00534	0.00176	0.00337	0.67121	0.00363	0.00354
8	0.01569	0.00762	0.00940	0.00739	0.01027	0.00744	0.00605	0.16781	0.12675	0.55027	0.01434	0.01283	0.00947	0.00488	0.00391	0.00121	0.00344	0.00393	0.03080	0.00652
9	0.00740	0.00697	0.01176	0.85280	0.02700	0.00871	0.01089	0.01002	0.00784	0.01002	0.00697	0.01045	0.00523	0.00392	0.00392	0.00131	0.00523	0.00348	0.00174	0.00436
10	0.00585	0.00385	0.00495	0.00495	0.00514	0.00404	0.00322	0.00596	0.00577	0.00788	0.01098	0.02073	0.01188	0.50381	0.24266	0.14308	0.00555	0.00493	0.00220	0.00257
11	0.00964	0.00955	0.02895	0.14410	0.06023	0.10905	0.04959	0.06322	0.08631	0.03485	0.02490	0.01143	0.03223	0.02305	0.03091	0.00157	0.26946	0.00378	0.00236	0.00482
12	0.00875	0.13001	0.15869	0.03689	0.14627	0.00985	0.06779	0.02556	0.06025	0.02699	0.00912	0.10707	0.00839	0.00597	0.02753	0.00144	0.15787	0.00423	0.00223	0.00510
13	0.00497	0.00358	0.00467	0.00545	0.00581	0.00335	0.00378	0.00576	0.00772	0.01020	0.03960	0.67764	0.07612	0.05300	0.00573	0.00169	0.00244	0.08170	0.00359	0.00320
14	0.00568	0.00384	0.00447	0.00452	0.00462	0.00385	0.00270	0.00588	0.00605	0.00812	0.03727	0.05134	0.01532	0.74406	0.05927	0.00372	0.00402	0.03025	0.00250	0.00253
15	0.88991	0.00758	0.00576	0.00516	0.00758	0.00879	0.00425	0.01152	0.00667	0.01759	0.00546	0.00637	0.00425	0.00364	0.00243	0.00121	0.00303	0.00212	0.00243	0.00425
16	0.00978	0.00985	0.04177	0.02143	0.59976	0.00934	0.20011	0.01237	0.00905	0.03698	0.00773	0.00997	0.00621	0.00350	0.00405	0.00120	0.00510	0.00375	0.00203	0.00600
17	0.01123	0.57744	0.08180	0.00778	0.01100	0.18286	0.00744	0.03684	0.00903	0.01857	0.02141	0.00720	0.00572	0.00366	0.00291	0.00093	0.00485	0.00240	0.00189	0.00503
18	0.01465	0.01857	0.01112	0.01008	0.01212	0.83404	0.00757	0.02772	0.01122	0.00982	0.00611	0.00710	0.00507	0.00405	0.00354	0.00101	0.00703	0.00254	0.00205	0.00458
19	0.00563	0.00408	0.00568	0.00568	0.00617	0.00457	0.00413	0.00660	0.00612	0.00864	0.01107	0.01853	0.01116	0.28334	0.59460	0.00554	0.00846	0.00466	0.00218	0.00316
20	0.00632	0.00363	0.00513	0.00503	0.00533	0.00356	0.00347	0.00588	0.00696	0.00957	0.25311	0.01811	0.01636	0.07025	0.03690	0.53762	0.00318	0.00468	0.00253	0.00239
21	0.00469	0.00393	0.00408	0.00413	0.00535	0.00332	0.00306	0.00569	0.00892	0.01078	0.07462	0.10274	0.73522	0.01003	0.00466	0.00134	0.00200	0.00845	0.00367	0.00332
22	0.00887	0.01810	0.59533	0.01063	0.01510	0.13189	0.01235	0.01268	0.03242	0.01183	0.01746	0.00878	0.00574	0.00486	0.02875	0.00139	0.07356	0.00302	0.00183	0.00541
23	0.00561	0.00418	0.00618	0.00618	0.00683	0.00483	0.00474	0.00692	0.00626	0.00901	0.01062	0.01604	0.01008	0.08099	0.79548	0.00615	0.01009	0.00429	0.00212	0.00343
24	0.03539	0.40827	0.06949	0.00898	0.02863	0.30251	0.04771	0.01340	0.00922	0.03521	0.00623	0.00718	0.00522	0.00367	0.00312	0.00098	0.00537	0.00251	0.00193	0.00498
25	0.01040	0.00944	0.03569	0.19650	0.15633	0.12650	0.04537	0.01389	0.14278	0.12094	0.02949	0.07621	0.00938	0.00491	0.00400	0.00125	0.00457	0.00427	0.00280	0.00529
26	0.44236	0.23348	0.05929	0.03271	0.01044	0.07863	0.04638	0.01191	0.00760	0.01374	0.00575	0.00691	0.00470	0.00369	0.00307	0.00112	0.02910	0.00240	0.00209	0.00462
27	0.01008	0.00881	0.02194	0.03442	0.09250	0.00981	0.00712	0.09706	0.62305	0.01651	0.01417	0.02576	0.01079	0.00512	0.00398	0.00130	0.00346	0.00430	0.00368	0.00615
28	0.03563	0.36234	0.09536	0.00838	0.06572	0.03118	0.02090	0.05290	0.02679	0.02467	0.03141	0.00837	0.00653	0.00359	0.00306	0.00091	0.00405	0.00267	0.00217	0.21334
29	0.00922	0.02870	0.13663	0.11100	0.02211	0.08747	0.01793	0.05000	0.00774	0.01076	0.00605	0.00872	0.00526	0.00577	0.01759	0.00153	0.46370	0.00327	0.00185	0.00470
30	0.01157	0.01005	0.17600	0.00775	0.01154	0.00699	0.02098	0.10215	0.01020	0.25371	0.00973	0.00985	0.00686	0.00384	0.00351	0.00097	0.00382	0.00308	0.00309	0.34431
31	0.00661	0.00354	0.00530	0.00530	0.00542	0.00365	0.00365	0.00542	0.00530	0.00719	0.00742	0.01249	0.00730	0.01622	0.15247	0.74082	0.00458	0.00354	0.00177	0.00200
32	0.00740	0.00697	0.01176	0.85280	0.02700	0.00871	0.01089	0.01002	0.00784	0.01002	0.00697	0.01045	0.00523	0.00392	0.00392	0.00131	0.00523	0.00348	0.00174	0.00436
33	0.00468	0.00386	0.00411	0.00428	0.00538	0.00329	0.00312	0.00562	0.00869	0.01056	0.04970	0.19773	0.66474	0.01035	0.00471	0.00137	0.00204	0.00881	0.00365	0.00329
34	0.00549	0.00400	0.00516	0.00487	0.00582	0.00367	0.00365	0.00728	0.01095	0.01538	0.78322	0.02984	0.08968	0.00814	0.00462	0.00124	0.00186	0.00717	0.00427	0.00367
35	0.00658	0.00563	0.00593	0.00561	0.00665	0.09556	0.00425	0.00833	0.01100	0.01486	0.70579	0.02759	0.03281	0.00772	0.00454	0.00124	0.00250	0.04560	0.00403	0.00379
36	0.00480	0.00343	0.00457	0.00544	0.00569	0.00320	0.00364	0.00551	0.00760	0.01016	0.04291	0.83793	0.02622	0.01217	0.00499	0.00158	0.00226	0.01104	0.00366	0.00320
37	0.01363	0.22538	0.01341	0.00927	0.01162	0.64344	0.00736	0.01470	0.01034	0.00950	0.00591	0.00688	0.00505	0.00387	0.00329	0.00097	0.00637	0.00242	0.00194	0.00466
38	0.02897	0.16925	0.01303	0.00840	0.01150	0.01238	0.00713	0.58476	0.06774	0.04515	0.00920	0.00923	0.00675	0.00448	0.00364	0.00113	0.00416	0.00331	0.00351	0.00629
39	0.00518	0.00370	0.00501	0.00588	0.00630	0.00353	0.00431	0.00618	0.00799	0.01061	0.04559	0.63259	0.02542	0.01179	0.00509	0.00163	0.00259	0.20964	0.00365	0.00331
40	0.00890	0.00536	0.00663	0.00640	0.00772	0.00535	0.00476	0.02202	0.18429	0.19457	0.01841	0.40591	0.01842	0.05007	0.00528	0.00156	0.00284	0.04296	0.00392	0.00462
41	0.00483	0.00348	0.00458	0.00539	0.00571	0.00323	0.00365	0.00559	0.00776	0.01033	0.06121	0.77041	0.06465	0.01195	0.00497	0.00157	0.00226	0.02154	0.00367	0.00322
42	0.00865	0.27446	0.59464	0.00983	0.01489	0.01103	0.01214	0.01221	0.00818	0.01145	0.00656	0.00768	0.00499	0.00361	0.00336	0.00112	0.00531	0.00266	0.00166	0.00556
43	0.88991	0.00758	0.00576	0.00516	0.00758	0.00879	0.00425	0.01152	0.00667	0.01759	0.00546	0.00637	0.00425	0.00364	0.00243	0.00121	0.00303	0.00212	0.00243	0.00425
44	0.00813	0.00697	0.00813	0.00581	0.00929	0.00523	0.00465	0.00987	0.00813	0.01277	0.00697	0.00813	0.00581	0.00290	0.00290	0.00058	0.00290	0.00232	0.00232	0.88619
45	0.05425	0.00654	0.03234	0.00654	0.00908	0.00556	0.00542	0.02785	0.00992	0.48795	0.01445	0.10191	0.01132	0.03159	0.00437	0.00128	0.00321	0.04360	0.04736	0.09547
46	0.00505	0.00353	0.00469	0.00552	0.00586	0.00329	0.00378	0.00581	0.00768	0.02360	0.02202	0.78160	0.05006	0.01202	0.00500	0.00159	0.00235	0.04961	0.00366	0.00327
47	0.00885	0.01204	0.17345	0.01468	0.01854	0.00984	0.57697	0.01212	0.00879	0.01229	0.02478	0.01034	0.00634	0.00383	0.00526	0.00134	0.08910	0.00424	0.00194	0.00525
48	0.00931	0.07750	0.16518	0.00850	0.01232	0.07059	0.09089	0.06498	0.00916	0.01296	0.00705	0.00827	0.00561	0.00334	0.00332	0.00087	0.00432	0.00274	0.00220	0.44090
49	0.00794	0.04641	0.67657	0.02892	0.04136	0.00904	0.05891	0.01204	0.00850	0.01247	0.05605	0.00967	0.00696	0.00394	0.00380	0.00123	0.00551	0.00325	0.00184	0.00560
50	0.00544	0.00372	0.00432	0.00453	0.00464	0.00364	0.00269	0.00564	0.00627	0.00829	0.01578	0.21365	0.05731	0.62931	0.01584	0.00318	0.00337	0.00705	0.00272	0.00260
51	0.00612	0.00497	0.00731	0.07448	0.09994	0.00484	0.03933	0.00775	0.00915	0.01252	0.26219	0.21590	0.14150	0.00822	0.00452	0.00134	0.00283	0.04646	0.04674	0.00391
52	0.01118	0.30457	0.14231	0.01039	0.06467	0.21925	0.08071	0.06036	0.05075	0.01158	0.00694	0.00798	0.00562	0.00376	0.00338	0.00105	0.00535	0.00284	0.00205	0.00528
53	0.02114	0.00628	0.02507	0.05811	0.03470	0.02683	0.00589	0.04995	0.09218	0.10531	0.04492	0.01704	0.06830	0.03685	0.36161	0.00347	0.00656	0.02842	0.00290	0.00448
54	0.01001	0.02146	0.00911	0.00801	0.01021	0.05737	0.00624	0.03524	0.73209	0.01604	0.03958	0.01441	0.01212	0.00529	0.00396	0.00130	0.00333	0.00435	0.00385	0.00603
55	0.00683	0.00372	0.02074	0.00522	0.00533	0.00351	0.00361	0.00524	0.00517	0.00691	0.00681	0.01185	0.00678	0.01343	0.01511	0.86941	0.00345	0.00340	0.00170	0.00178
56	0.00991	0.04307	0.41100	0.02622	0.07115	0.00995	0.12271	0.18988	0.02102	0.02706	0.00838	0.00978	0.01473	0.00404	0.00390	0.00123	0.00531	0.01246	0.00234	0.00586
57	0.00570	0.00380	0.00428	0.00428	0.00428	0.00380	0.00238	0.00570	0.00570	0.00760	0.01235	0.02566	0.01425	0.86222	0.01995	0.00380	0.00380	0.00570	0.00238	0.00238
58	0.00486	0.00355	0.00458	0.00523	0.00567	0.00327	0.00358	0.00574	0.00814	0.01084	0.13296	0.65861	0.11563	0.01145	0.00491	0.00151	0.00219	0.01029	0.00373	0.00327
59	0.00822	0.03714	0.26987	0.05683	0.05115	0.08962	0.01892	0.05064	0.02408	0.01138	0.00866	0.02686	0.00735	0.01294	0.29713	0.00298	0.01579	0.00359	0.00206	0.00477
