[name]
unknown

[dist]
# distance from previous block
# <min> <max>
13	127

[block]
# block no. 0 follows, 71 sequences, length 81
# corresponding to MSA columns:
# 147-227
name=unknown_A
#
# <colnr> <probs for GDERKNQSTAVLIFYWHMCP>
#	G	D	E	R	K	N	Q	S	T	A	V	L	I	F	Y	W	H	M	C	P
0	0.04301	0.21936	0.40762	0.00948	0.02559	0.05257	0.03097	0.09117	0.05100	0.01286	0.01873	0.00829	0.00584	0.00378	0.00337	0.00111	0.00493	0.00284	0.00205	0.00544
1	0.05063	0.24944	0.28005	0.00846	0.01204	0.01858	0.04217	0.09933	0.05931	0.01338	0.11104	0.01061	0.00938	0.00429	0.00356	0.00111	0.01572	0.00332	0.00238	0.00520
2	0.03296	0.19936	0.31258	0.03547	0.01311	0.08405	0.00938	0.14500	0.01912	0.07866	0.01797	0.00893	0.01929	0.00400	0.00342	0.00110	0.00479	0.00296	0.00237	0.00546
3	0.07807	0.18974	0.28111	0.02976	0.02824	0.06121	0.05535	0.07829	0.02723	0.07016	0.02138	0.00920	0.02426	0.00392	0.00340	0.00110	0.00467	0.00303	0.00227	0.02761
4	0.03047	0.13966	0.37201	0.01067	0.09690	0.04510	0.05253	0.02082	0.02701	0.08227	0.03441	0.00998	0.01771	0.02492	0.00393	0.00119	0.00481	0.00321	0.00217	0.02021
5	0.06220	0.12672	0.32579	0.02789	0.02663	0.03860	0.07385	0.08810	0.04009	0.05499	0.01769	0.01006	0.04475	0.00406	0.00353	0.00113	0.00468	0.00325	0.00230	0.04366
6	0.03830	0.10356	0.26647	0.01964	0.04222	0.03894	0.09887	0.06613	0.07454	0.05568	0.05222	0.01092	0.03159	0.00460	0.01455	0.00123	0.03883	0.00352	0.00241	0.03577
7	0.05895	0.15115	0.23613	0.02289	0.11007	0.02396	0.05237	0.08697	0.07560	0.02624	0.03827	0.02293	0.00731	0.00410	0.00373	0.00113	0.02613	0.00328	0.00231	0.04647
8	0.02993	0.11677	0.18291	0.02541	0.11043	0.07334	0.08761	0.09413	0.05148	0.04459	0.03536	0.01137	0.05030	0.00443	0.00406	0.00117	0.04040	0.01451	0.00241	0.01939
9	0.06494	0.09874	0.14233	0.01968	0.08394	0.04859	0.03957	0.09100	0.10197	0.05571	0.03236	0.05986	0.00829	0.00468	0.00424	0.00117	0.06698	0.00368	0.00259	0.06966
10	0.12016	0.03259	0.11892	0.02441	0.14121	0.03853	0.12540	0.03052	0.07182	0.10023	0.06601	0.02346	0.01693	0.00442	0.00400	0.00120	0.02999	0.01471	0.00264	0.03286
11	0.06514	0.06780	0.05417	0.09264	0.14339	0.03532	0.07688	0.06899	0.05300	0.03445	0.01690	0.00919	0.00626	0.00390	0.00425	0.00109	0.07847	0.00314	0.00228	0.18272
12	0.02411	0.03765	0.07324	0.09060	0.16797	0.02839	0.09952	0.06978	0.05818	0.09621	0.00836	0.00961	0.00636	0.00379	0.00394	0.00108	0.03570	0.00328	0.00247	0.17976
13	0.03248	0.02370	0.03160	0.08732	0.18136	0.11462	0.01771	0.17583	0.11710	0.05119	0.02757	0.01009	0.00731	0.00434	0.00427	0.00117	0.05931	0.00341	0.00272	0.04691
14	0.03867	0.00916	0.01345	0.05521	0.42425	0.05543	0.07923	0.08264	0.05576	0.03098	0.03036	0.02578	0.00758	0.00399	0.00380	0.00114	0.00444	0.01147	0.00238	0.06426
15	0.06889	0.00784	0.01091	0.08330	0.28263	0.03846	0.02160	0.02847	0.03950	0.08520	0.05428	0.05122	0.03582	0.00527	0.02286	0.00129	0.06754	0.00397	0.00256	0.08839
16	0.04111	0.04584	0.03192	0.07424	0.15391	0.12371	0.17939	0.03464	0.16139	0.04063	0.02175	0.01031	0.00726	0.00398	0.00390	0.00117	0.01580	0.00359	0.00247	0.04300
17	0.03191	0.00891	0.01247	0.13384	0.35928	0.06453	0.02290	0.09343	0.04089	0.08772	0.05052	0.02003	0.00806	0.00429	0.00423	0.00120	0.04410	0.00367	0.00254	0.00549
18	0.09320	0.00888	0.01276	0.01303	0.24430	0.02090	0.12118	0.18532	0.03252	0.12069	0.04820	0.01060	0.00791	0.00411	0.00391	0.00116	0.01754	0.00363	0.00290	0.04726
19	0.04820	0.04109	0.01637	0.04597	0.16730	0.06423	0.33754	0.09033	0.04880	0.08955	0.00849	0.00996	0.00636	0.00371	0.00397	0.00120	0.00519	0.00378	0.00246	0.00550
20	0.00562	0.00433	0.00523	0.00558	0.00633	0.00433	0.00395	0.00826	0.15448	0.01165	0.12390	0.53275	0.09876	0.01007	0.00464	0.00144	0.00229	0.00898	0.00370	0.00371
21	0.05110	0.00964	0.03187	0.00811	0.01088	0.02746	0.00671	0.44423	0.19956	0.11790	0.01177	0.03364	0.01962	0.00494	0.00381	0.00120	0.00380	0.00386	0.00379	0.00612
22	0.01630	0.00722	0.00925	0.00716	0.01006	0.00675	0.00589	0.16204	0.02590	0.66437	0.01423	0.03313	0.00939	0.00491	0.00388	0.00119	0.00340	0.00396	0.00454	0.00643
23	0.00896	0.01027	0.03846	0.03565	0.05360	0.02903	0.65160	0.01188	0.00870	0.01184	0.00752	0.01016	0.00582	0.00427	0.02933	0.00145	0.07022	0.00427	0.00191	0.00506
24	0.01002	0.74259	0.12270	0.00718	0.01073	0.03341	0.00753	0.01165	0.00790	0.00942	0.00554	0.00641	0.00491	0.00334	0.00263	0.00087	0.00436	0.00216	0.00165	0.00500
25	0.00503	0.00392	0.00458	0.00451	0.00559	0.00347	0.00343	0.00642	0.00968	0.01268	0.39996	0.04840	0.41561	0.00895	0.00458	0.00129	0.00198	0.05264	0.00386	0.00342
26	0.00897	0.01010	0.02125	0.01539	0.01878	0.00995	0.72408	0.01190	0.00865	0.01190	0.00741	0.01010	0.00572	0.00367	0.00554	0.00134	0.11392	0.00438	0.00191	0.00505
27	0.00523	0.00402	0.00466	0.00463	0.00573	0.00361	0.00350	0.00676	0.02903	0.02335	0.31312	0.09561	0.42396	0.00911	0.00457	0.00131	0.00205	0.05246	0.00381	0.00349
28	0.01667	0.00641	0.00871	0.00672	0.00960	0.00554	0.00554	0.01815	0.01094	0.80746	0.03862	0.01387	0.02348	0.00491	0.00389	0.00119	0.00320	0.00401	0.00471	0.00639
29	0.00747	0.00703	0.01176	0.77078	0.09138	0.00859	0.01064	0.01019	0.02580	0.01015	0.00704	0.01025	0.00533	0.00383	0.00383	0.00127	0.00502	0.00343	0.00177	0.00444
30	0.00840	0.01885	0.78338	0.01062	0.01609	0.00866	0.01353	0.01263	0.00831	0.07381	0.00749	0.00846	0.00520	0.00372	0.00366	0.00121	0.00549	0.00291	0.00185	0.00573
31	0.01014	0.00810	0.00869	0.00773	0.00996	0.00923	0.00603	0.02024	0.76959	0.08121	0.01557	0.01421	0.01153	0.00517	0.00390	0.00129	0.00305	0.00430	0.00397	0.00610
32	0.01668	0.00662	0.00895	0.00691	0.00976	0.00589	0.00570	0.03768	0.01102	0.78656	0.03200	0.01317	0.00987	0.00485	0.00408	0.00120	0.02412	0.00390	0.00464	0.00641
33	0.00769	0.01983	0.84538	0.01093	0.01659	0.00890	0.01417	0.01214	0.00810	0.01214	0.00688	0.00810	0.00486	0.00364	0.00364	0.00121	0.00567	0.00283	0.00162	0.00567
34	0.00473	0.00338	0.00453	0.00534	0.00560	0.00318	0.00360	0.00547	0.00747	0.01002	0.05888	0.80107	0.02544	0.01227	0.02771	0.00167	0.00242	0.01053	0.00355	0.00315
35	0.00558	0.00372	0.00418	0.00418	0.00418	0.00372	0.00232	0.00558	0.00558	0.00743	0.01208	0.02509	0.01394	0.86525	0.01952	0.00372	0.00372	0.00558	0.00232	0.00232
36	0.00936	0.00902	0.01547	0.02286	0.79911	0.00898	0.03353	0.01163	0.00874	0.01247	0.00799	0.01017	0.02610	0.00356	0.00383	0.00115	0.00454	0.00356	0.00194	0.00598
37	0.01458	0.01074	0.01151	0.00882	0.01189	0.01189	0.00729	0.82855	0.01803	0.02416	0.00921	0.00921	0.00652	0.00460	0.00384	0.00115	0.00422	0.00345	0.00384	0.00652
38	0.01432	0.01827	0.01087	0.00988	0.01185	0.84986	0.00741	0.01531	0.01087	0.00938	0.00593	0.00691	0.00494	0.00395	0.00346	0.00099	0.00691	0.00247	0.00198	0.00444
39	0.00485	0.00395	0.00403	0.00397	0.00530	0.00330	0.00299	0.00586	0.00884	0.03050	0.05503	0.03615	0.80300	0.00955	0.00452	0.00129	0.00197	0.00797	0.00360	0.00332
40	0.00558	0.00372	0.00418	0.00418	0.00418	0.00372	0.00232	0.00558	0.00558	0.00743	0.01208	0.02509	0.01394	0.86525	0.01952	0.00372	0.00372	0.00558	0.00232	0.00232
41	0.00949	0.00911	0.01556	0.02353	0.84133	0.00911	0.01177	0.01177	0.00873	0.01253	0.00721	0.00949	0.00607	0.00342	0.00380	0.00114	0.00456	0.00342	0.00190	0.00607
42	0.00476	0.00340	0.00455	0.00544	0.00570	0.00319	0.00371	0.00549	0.00743	0.00988	0.02109	0.81623	0.02517	0.01193	0.00492	0.00157	0.00230	0.05658	0.00356	0.00314
43	0.00901	0.01072	0.05984	0.01626	0.05807	0.00963	0.75238	0.01225	0.00899	0.01229	0.00769	0.01020	0.00579	0.00326	0.00445	0.00128	0.00634	0.00440	0.00192	0.00524
44	0.00453	0.00388	0.00388	0.00388	0.00518	0.00324	0.00291	0.00550	0.00874	0.01036	0.03884	0.03690	0.83978	0.00971	0.00453	0.00129	0.00194	0.00809	0.00356	0.00324
45	0.01020	0.84906	0.03810	0.00666	0.00999	0.01503	0.00673	0.01150	0.00780	0.00909	0.00536	0.00619	0.00492	0.00329	0.00249	0.00083	0.00413	0.00207	0.00164	0.00494
46	0.00769	0.01983	0.84538	0.01093	0.01659	0.00890	0.01417	0.01214	0.00810	0.01214	0.00688	0.00810	0.00486	0.00364	0.00364	0.00121	0.00567	0.00283	0.00162	0.00567
47	0.00471	0.00336	0.00448	0.00531	0.00557	0.00314	0.00356	0.00543	0.00750	0.01005	0.05917	0.82397	0.02586	0.01182	0.00488	0.00154	0.00221	0.01072	0.00359	0.00314
48	0.00505	0.00385	0.00512	0.00542	0.00614	0.00354	0.02551	0.00617	0.00847	0.01118	0.17752	0.44077	0.18419	0.01041	0.00479	0.00145	0.00234	0.09111	0.00364	0.00333
49	0.00994	0.01143	0.15586	0.03287	0.39550	0.03580	0.16381	0.08257	0.01953	0.04413	0.00778	0.00951	0.00600	0.00362	0.00390	0.00118	0.00509	0.00353	0.00215	0.00581
50	0.00878	0.01566	0.43453	0.01283	0.01741	0.07371	0.33395	0.01266	0.03100	0.01209	0.00739	0.00906	0.00543	0.00355	0.00398	0.00123	0.00601	0.00351	0.00183	0.00539
51	0.00516	0.00382	0.00482	0.00476	0.00561	0.00347	0.00349	0.00665	0.00994	0.01366	0.57747	0.16497	0.16436	0.00882	0.00458	0.00128	0.00190	0.00776	0.00401	0.00347
52	0.00930	0.00918	0.01554	0.12639	0.64595	0.03180	0.08233	0.01166	0.00868	0.01208	0.00718	0.00959	0.00590	0.00347	0.00385	0.00117	0.00485	0.00349	0.00188	0.00572
53	0.00480	0.00355	0.00452	0.00510	0.00562	0.00322	0.00350	0.00562	0.00782	0.01037	0.08569	0.65977	0.14027	0.01112	0.00476	0.00147	0.00217	0.00997	0.00358	0.02709
54	0.01093	0.01069	0.01520	0.03496	0.64705	0.10535	0.02893	0.03473	0.00974	0.01326	0.00799	0.01035	0.00675	0.00408	0.00411	0.00127	0.00508	0.00357	0.00228	0.04368
55	0.00942	0.45448	0.26270	0.00990	0.07602	0.02339	0.06887	0.02184	0.00821	0.01069	0.00619	0.00736	0.00509	0.00341	0.00310	0.00100	0.00479	0.00259	0.00172	0.01925
56	0.03832	0.01017	0.01135	0.01085	0.14453	0.06588	0.00763	0.47812	0.07147	0.06644	0.00972	0.04044	0.00747	0.00468	0.00391	0.00117	0.01472	0.00369	0.00338	0.00606
57	0.00902	0.00912	0.01189	0.03801	0.05829	0.06727	0.00855	0.03786	0.00684	0.00996	0.00542	0.00844	0.00514	0.00617	0.01089	0.00157	0.69607	0.00330	0.00178	0.00440
58	0.00558	0.00563	0.07909	0.00512	0.00659	0.02458	0.00437	0.00721	0.00937	0.01251	0.31320	0.06784	0.35077	0.00817	0.00434	0.00125	0.00239	0.02836	0.05998	0.00364
59	0.00806	0.01669	0.09497	0.00872	0.11351	0.01603	0.00636	0.05113	0.07333	0.10369	0.06241	0.35762	0.05603	0.00782	0.00430	0.00134	0.00320	0.00690	0.00331	0.00460
60	0.00829	0.00767	0.01253	0.15960	0.50650	0.00799	0.00978	0.01088	0.05646	0.01205	0.05001	0.12158	0.01021	0.00492	0.00399	0.00123	0.00412	0.00461	0.00231	0.00526
61	0.00512	0.00392	0.00473	0.00481	0.00579	0.00353	0.00368	0.00650	0.00947	0.01246	0.35520	0.10996	0.33734	0.00929	0.00466	0.00134	0.00212	0.11285	0.00382	0.00342
62	0.00776	0.04345	0.82239	0.01081	0.01641	0.00908	0.01395	0.01212	0.00809	0.01206	0.00684	0.00804	0.00486	0.00363	0.00361	0.00120	0.00562	0.00281	0.00162	0.00565
63	0.00933	0.00895	0.01528	0.08092	0.78516	0.00907	0.01169	0.01163	0.00866	0.01234	0.00718	0.00954	0.00601	0.00345	0.00380	0.00115	0.00459	0.00342	0.00188	0.00595
64	0.00577	0.00388	0.00467	0.00449	0.00499	0.00371	0.00295	0.00658	0.00796	0.03263	0.34299	0.02672	0.05950	0.46292	0.01246	0.00254	0.00287	0.00618	0.00320	0.00299
65	0.00470	0.00335	0.00448	0.00537	0.00560	0.00314	0.00360	0.00538	0.00737	0.00982	0.02112	0.84902	0.02530	0.01199	0.00490	0.00156	0.00225	0.02438	0.00356	0.00312
66	0.00822	0.00815	0.01148	0.03363	0.01038	0.01133	0.00828	0.00913	0.00594	0.00923	0.00533	0.00875	0.00525	0.00766	0.05127	0.00187	0.79486	0.00339	0.00170	0.00416
67	0.00871	0.00809	0.01339	0.34463	0.45041	0.00880	0.01088	0.04881	0.00875	0.01196	0.00773	0.01125	0.00642	0.00395	0.00388	0.00122	0.00471	0.03914	0.00198	0.00528
68	0.00471	0.00335	0.00444	0.00529	0.00551	0.00314	0.00351	0.00535	0.00727	0.00970	0.02079	0.83062	0.02492	0.04474	0.00545	0.00164	0.00228	0.01070	0.00351	0.00308
69	0.00694	0.00631	0.00844	0.00777	0.00826	0.04358	0.00624	0.00809	0.00626	0.00904	0.00814	0.01223	0.00769	0.01950	0.50239	0.00427	0.32542	0.00376	0.00191	0.00375
70	0.04297	0.65370	0.03966	0.00713	0.01019	0.09064	0.00681	0.04070	0.00842	0.03253	0.00582	0.00664	0.00508	0.00356	0.00301	0.00091	0.03319	0.00225	0.00186	0.00494
71	0.00543	0.00399	0.00485	0.00531	0.00603	0.00385	0.00388	0.00717	0.06929	0.01115	0.06825	0.43114	0.16489	0.02642	0.00491	0.00149	0.00237	0.10989	0.06624	0.00345
72	0.00457	0.00383	0.00397	0.00406	0.00523	0.00323	0.00300	0.00552	0.00864	0.01041	0.05521	0.12412	0.73526	0.00991	0.00457	0.00132	0.00197	0.00836	0.00358	0.00323
73	0.02251	0.01064	0.03630	0.03716	0.09037	0.07517	0.49653	0.07413	0.04146	0.02289	0.00813	0.02454	0.00634	0.00379	0.00449	0.00126	0.03269	0.00414	0.00220	0.00525
74	0.04489	0.07139	0.21164	0.02640	0.07544	0.04820	0.28065	0.03412	0.03773	0.03264	0.00894	0.05921	0.00756	0.00436	0.00397	0.00124	0.00520	0.03905	0.00220	0.00516
75	0.00542	0.00455	0.00483	0.00468	0.00577	0.04278	0.00349	0.00679	0.00980	0.01271	0.42260	0.06578	0.37964	0.00864	0.00449	0.00125	0.00212	0.00739	0.00381	0.00347
76	0.00785	0.00677	0.00803	0.00582	0.00911	0.00520	0.01861	0.00974	0.02604	0.01247	0.00851	0.00948	0.04459	0.00322	0.00297	0.00063	0.00286	0.00263	0.00236	0.81311
77	0.00990	0.14468	0.39646	0.00923	0.02317	0.06388	0.02468	0.05317	0.03271	0.09265	0.00776	0.00848	0.00573	0.00370	0.00341	0.00106	0.00480	0.00283	0.00221	0.10949
78	0.00829	0.04518	0.00697	0.00583	0.00692	0.00568	0.00436	0.11429	0.08260	0.05646	0.08444	0.06663	0.06766	0.02114	0.00918	0.40041	0.00316	0.00454	0.00279	0.00348
79	0.10014	0.08455	0.42117	0.01120	0.13032	0.01796	0.01076	0.08331	0.04515	0.03534	0.02134	0.00877	0.00605	0.00383	0.00348	0.00116	0.00475	0.00298	0.00216	0.00557
80	0.04236	0.12418	0.23362	0.02469	0.01293	0.18087	0.05721	0.11046	0.00989	0.02579	0.02431	0.00833	0.00595	0.00375	0.00340	0.00103	0.00500	0.00284	0.00220	0.12118

[dist]
# distance from previous block
# <min> <max>
0	1

[block]
# block no. 1 follows, 71 sequences, length 6
# corresponding to MSA columns:
# 229-234
name=unknown_B
#
# <colnr> <probs for GDERKNQSTAVLIFYWHMCP>
#	G	D	E	R	K	N	Q	S	T	A	V	L	I	F	Y	W	H	M	C	P
0	0.00744	0.00651	0.00989	0.05427	0.25732	0.00685	0.04257	0.02863	0.08403	0.01132	0.01274	0.27105	0.01328	0.10081	0.02565	0.00172	0.05271	0.00607	0.00266	0.00448
1	0.04443	0.04642	0.01017	0.00807	0.01058	0.10144	0.00648	0.32223	0.27481	0.07728	0.01156	0.05046	0.00893	0.00498	0.00375	0.00119	0.00392	0.00389	0.00356	0.00584
2	0.00480	0.00350	0.00443	0.00512	0.00550	0.00325	0.00349	0.00551	0.00745	0.00974	0.02275	0.63584	0.13676	0.08632	0.00614	0.00172	0.00238	0.04878	0.00345	0.00308
3	0.01138	0.10522	0.17187	0.01027	0.07942	0.04867	0.08525	0.11705	0.12961	0.16812	0.01058	0.01076	0.02598	0.00425	0.00372	0.00116	0.00445	0.00354	0.00292	0.00578
4	0.04225	0.22132	0.43565	0.01055	0.03825	0.01049	0.11724	0.01207	0.00813	0.03660	0.00677	0.00805	0.00515	0.00361	0.00369	0.00114	0.02899	0.00290	0.00180	0.00536
5	0.00943	0.00490	0.00632	0.00551	0.00712	0.00449	0.00429	0.01146	0.04810	0.28061	0.41740	0.06117	0.05426	0.00678	0.00418	0.00120	0.00235	0.00584	0.05996	0.00462

[dist]
# distance from previous block
# <min> <max>
0	19

[block]
# block no. 2 follows, 71 sequences, length 6
# corresponding to MSA columns:
# 254-259
name=unknown_C
#
# <colnr> <probs for GDERKNQSTAVLIFYWHMCP>
#	G	D	E	R	K	N	Q	S	T	A	V	L	I	F	Y	W	H	M	C	P
0	0.04393	0.06088	0.57550	0.01000	0.01460	0.03455	0.04151	0.06050	0.03662	0.01289	0.02723	0.02587	0.00648	0.00470	0.02748	0.00133	0.00534	0.00319	0.00199	0.00541
1	0.07587	0.05170	0.06519	0.01012	0.09633	0.09843	0.05037	0.21453	0.09695	0.13789	0.00969	0.03243	0.00735	0.00449	0.00396	0.00118	0.03127	0.00354	0.00305	0.00567
2	0.00631	0.00498	0.00738	0.03759	0.05728	0.00548	0.03375	0.03119	0.00700	0.00972	0.01197	0.16392	0.01250	0.13146	0.32978	0.04056	0.06017	0.04303	0.00241	0.00354
3	0.00627	0.00517	0.00482	0.00477	0.00513	0.08785	0.00296	0.00652	0.00658	0.00810	0.01519	0.06472	0.11514	0.63358	0.01538	0.00304	0.00375	0.00583	0.00250	0.00268
4	0.01064	0.08989	0.05090	0.04988	0.21517	0.24739	0.00846	0.03852	0.03857	0.04021	0.03940	0.05997	0.00807	0.00471	0.00446	0.00116	0.08171	0.00362	0.00227	0.00500
5	0.19606	0.14357	0.01121	0.03236	0.05695	0.13814	0.00657	0.21535	0.01059	0.01519	0.02483	0.02639	0.00640	0.00417	0.00354	0.00107	0.03540	0.00294	0.00255	0.06671

[dist]
# distance from previous block
# <min> <max>
1	4

[block]
# block no. 3 follows, 71 sequences, length 12
# corresponding to MSA columns:
# 264-275
name=unknown_D
#
# <colnr> <probs for GDERKNQSTAVLIFYWHMCP>
#	G	D	E	R	K	N	Q	S	T	A	V	L	I	F	Y	W	H	M	C	P
0	0.00852	0.00778	0.02443	0.02766	0.36148	0.04553	0.00779	0.03281	0.08714	0.04626	0.10496	0.01826	0.20006	0.00562	0.00404	0.00120	0.00360	0.00491	0.00288	0.00508
1	0.00655	0.00470	0.00569	0.00536	0.00656	0.00459	0.00404	0.00959	0.14462	0.05883	0.48113	0.11230	0.12530	0.00789	0.00442	0.00127	0.00215	0.00689	0.00405	0.00408
2	0.01231	0.00783	0.00939	0.04230	0.04933	0.00823	0.00634	0.26902	0.16266	0.22549	0.11813	0.01385	0.01206	0.00507	0.00389	0.00119	0.00341	0.00416	0.03948	0.00584
3	0.00555	0.00404	0.00462	0.00439	0.00563	0.00351	0.00332	0.00686	0.00965	0.05702	0.33547	0.03254	0.49609	0.00875	0.00449	0.00126	0.00196	0.00743	0.00387	0.00356
4	0.00795	0.00681	0.00795	0.00568	0.00909	0.00511	0.00454	0.00965	0.00795	0.01249	0.00681	0.00795	0.00568	0.00284	0.00284	0.00057	0.00284	0.00227	0.00227	0.88869
5	0.00557	0.00374	0.00431	0.00431	0.00435	0.00379	0.00248	0.00566	0.00561	0.00753	0.01196	0.02445	0.01366	0.81155	0.07283	0.00387	0.00414	0.00548	0.00231	0.00239
6	0.01043	0.00815	0.00818	0.00677	0.00911	0.11574	0.00522	0.06509	0.02722	0.10726	0.20454	0.01516	0.01449	0.00523	0.00386	0.00108	0.00346	0.00409	0.08629	0.29862
7	0.01026	0.78156	0.06965	0.00696	0.01033	0.04890	0.00706	0.01168	0.00793	0.00922	0.00545	0.00630	0.00492	0.00333	0.00257	0.00085	0.00431	0.00211	0.00165	0.00495
8	0.00795	0.00681	0.00795	0.00568	0.00909	0.00511	0.00454	0.00965	0.00795	0.01249	0.00681	0.00795	0.00568	0.00284	0.00284	0.00057	0.00284	0.00227	0.00227	0.88869
9	0.00931	0.00893	0.01524	0.09063	0.77566	0.00906	0.01168	0.01161	0.00864	0.01231	0.00718	0.00955	0.00600	0.00345	0.00380	0.00115	0.00460	0.00342	0.00188	0.00593
10	0.00795	0.00681	0.00795	0.00568	0.00909	0.00511	0.00454	0.00965	0.00795	0.01249	0.00681	0.00795	0.00568	0.00284	0.00284	0.00057	0.00284	0.00227	0.00227	0.88869
11	0.01123	0.03913	0.00964	0.00772	0.01008	0.03217	0.04197	0.13596	0.35270	0.17113	0.04553	0.03720	0.04411	0.02555	0.00431	0.00130	0.00346	0.01735	0.00377	0.00568

[dist]
# distance from previous block
# <min> <max>
0	2

[block]
# block no. 4 follows, 71 sequences, length 12
# corresponding to MSA columns:
# 278-289
name=unknown_E
#
# <colnr> <probs for GDERKNQSTAVLIFYWHMCP>
#	G	D	E	R	K	N	Q	S	T	A	V	L	I	F	Y	W	H	M	C	P
0	0.04016	0.04953	0.01184	0.01178	0.18574	0.23149	0.00789	0.20950	0.09263	0.01441	0.00807	0.00950	0.00656	0.03783	0.00486	0.00124	0.06580	0.00324	0.00259	0.00536
1	0.00707	0.00583	0.00689	0.00678	0.04711	0.00592	0.00485	0.01171	0.28796	0.01395	0.25143	0.13196	0.10044	0.00697	0.00416	0.00123	0.00252	0.00606	0.00365	0.09349
2	0.01241	0.05561	0.01334	0.01278	0.16481	0.52947	0.09436	0.01390	0.00997	0.01033	0.00633	0.00777	0.00526	0.00377	0.00374	0.00104	0.02248	0.00285	0.00194	0.02784
3	0.00549	0.00407	0.00595	0.00595	0.00657	0.00468	0.00453	0.00671	0.00610	0.00875	0.01046	0.01612	0.01004	0.11652	0.76291	0.00591	0.00958	0.00426	0.00208	0.00331
4	0.00936	0.00887	0.01402	0.07447	0.58155	0.02305	0.03799	0.02774	0.10550	0.01280	0.00830	0.01038	0.00682	0.02344	0.00415	0.00121	0.00443	0.00355	0.00218	0.04020
5	0.00546	0.00369	0.00427	0.00435	0.00444	0.00364	0.00255	0.00565	0.00611	0.00820	0.06496	0.12110	0.01664	0.71395	0.01690	0.00331	0.00343	0.00627	0.00258	0.00249
6	0.20848	0.07481	0.02669	0.00979	0.04037	0.14369	0.15830	0.24615	0.01119	0.01603	0.00742	0.02679	0.00586	0.00402	0.00349	0.00114	0.00477	0.00323	0.00259	0.00519
7	0.00549	0.00406	0.00594	0.00594	0.00654	0.00467	0.00451	0.00670	0.00610	0.00873	0.01048	0.01620	0.01008	0.12375	0.75574	0.00588	0.00953	0.00427	0.00208	0.00330
8	0.04900	0.03407	0.03846	0.02261	0.24197	0.00633	0.00678	0.02133	0.05588	0.03391	0.03264	0.39299	0.01596	0.00769	0.00423	0.00135	0.00326	0.02410	0.00295	0.00449
9	0.01009	0.00811	0.01151	0.03379	0.24144	0.00800	0.06183	0.05651	0.19866	0.10442	0.03085	0.01119	0.00839	0.00402	0.00369	0.00107	0.00375	0.00359	0.00290	0.19619
10	0.00838	0.00707	0.00818	0.00588	0.00927	0.00555	0.00472	0.06302	0.00861	0.01325	0.00697	0.00803	0.00573	0.00295	0.00290	0.00061	0.00293	0.00235	0.00237	0.83120
11	0.04142	0.27974	0.25628	0.00894	0.03063	0.01105	0.03915	0.15173	0.05033	0.04047	0.00818	0.03180	0.00665	0.00417	0.00339	0.00111	0.00449	0.02266	0.00236	0.00544

[dist]
# distance from previous block
# <min> <max>
0	1

[block]
# block no. 5 follows, 71 sequences, length 15
# corresponding to MSA columns:
# 291-305
name=unknown_F
#
# <colnr> <probs for GDERKNQSTAVLIFYWHMCP>
#	G	D	E	R	K	N	Q	S	T	A	V	L	I	F	Y	W	H	M	C	P
0	0.00541	0.00418	0.00498	0.00484	0.00590	0.00390	0.00364	0.00752	0.06664	0.01345	0.46763	0.08297	0.27648	0.00856	0.00453	0.00128	0.00200	0.02854	0.00394	0.00364
1	0.01426	0.03733	0.01158	0.00879	0.01162	0.08260	0.00724	0.64945	0.01612	0.06702	0.00893	0.00909	0.00643	0.00462	0.00419	0.00115	0.04649	0.00334	0.00355	0.00618
2	0.00476	0.00345	0.00450	0.00516	0.00556	0.00319	0.00352	0.00561	0.00792	0.01058	0.13271	0.69080	0.08549	0.01128	0.00482	0.00149	0.00215	0.01016	0.00365	0.00319
3	0.00497	0.00390	0.00450	0.00435	0.00545	0.00343	0.00326	0.00636	0.00979	0.01284	0.43531	0.03281	0.44176	0.00878	0.00453	0.00125	0.00188	0.00752	0.00389	0.00343
4	0.89233	0.00741	0.00564	0.00504	0.00741	0.00860	0.00415	0.01127	0.00653	0.01720	0.00534	0.00623	0.00415	0.00356	0.00237	0.00119	0.00297	0.00208	0.00237	0.00415
5	0.08891	0.01046	0.01101	0.00850	0.01151	0.01161	0.00702	0.75934	0.01705	0.02357	0.00888	0.00895	0.00632	0.00451	0.00371	0.00115	0.00411	0.00334	0.00371	0.00632
6	0.00556	0.00378	0.00450	0.00450	0.00462	0.00389	0.00273	0.00578	0.00567	0.00767	0.01179	0.02346	0.01323	0.72897	0.15483	0.00412	0.00478	0.00534	0.00228	0.00250
7	0.46515	0.00735	0.00742	0.00604	0.00873	0.00767	0.00498	0.08317	0.00919	0.32354	0.00934	0.00906	0.00638	0.00406	0.00306	0.00116	0.00318	0.00286	0.00337	0.03431
8	0.00479	0.00341	0.00452	0.00536	0.00561	0.00321	0.00362	0.00548	0.00733	0.00975	0.02065	0.78211	0.02464	0.05400	0.00563	0.00167	0.00236	0.04927	0.00350	0.00310
9	0.00949	0.00911	0.01556	0.02353	0.84133	0.00911	0.01177	0.01177	0.00873	0.01253	0.00721	0.00949	0.00607	0.00342	0.00380	0.00114	0.00456	0.00342	0.00190	0.00607
10	0.01093	0.00863	0.00892	0.00779	0.01006	0.05126	0.00615	0.11740	0.56800	0.09381	0.01435	0.01409	0.01079	0.00517	0.00387	0.00126	0.00337	0.02897	0.02922	0.00594
11	0.33014	0.00689	0.00749	0.00610	0.00865	0.00697	0.00498	0.05577	0.03203	0.41867	0.02831	0.01119	0.00820	0.03267	0.00382	0.00126	0.00315	0.00332	0.02500	0.00539
12	0.00518	0.00438	0.00454	0.00445	0.00581	0.00398	0.00338	0.00730	0.09994	0.01130	0.08259	0.03408	0.68207	0.00912	0.00448	0.00130	0.00209	0.02680	0.00364	0.00358
13	0.00894	0.00814	0.01098	0.06761	0.13969	0.10003	0.09646	0.06635	0.03895	0.04745	0.00948	0.05250	0.00831	0.02279	0.26643	0.00279	0.04204	0.00409	0.00235	0.00464
14	0.00932	0.07558	0.05056	0.09712	0.05677	0.00978	0.41579	0.10691	0.02915	0.01308	0.00836	0.05247	0.00683	0.00403	0.00427	0.00123	0.02294	0.00421	0.00223	0.02938

[dist]
# distance from previous block
# <min> <max>
2	6

[block]
# block no. 6 follows, 71 sequences, length 45
# corresponding to MSA columns:
# 312-356
name=unknown_G
#
# <colnr> <probs for GDERKNQSTAVLIFYWHMCP>
#	G	D	E	R	K	N	Q	S	T	A	V	L	I	F	Y	W	H	M	C	P
0	0.03221	0.00940	0.01016	0.00817	0.02101	0.02295	0.00657	0.54993	0.08983	0.08689	0.06908	0.01187	0.02592	0.00492	0.00383	0.00116	0.00378	0.00384	0.01990	0.01859
1	0.00481	0.00390	0.00428	0.00418	0.00535	0.00336	0.00314	0.00605	0.00941	0.01195	0.29224	0.03429	0.58539	0.00912	0.00453	0.00127	0.00190	0.00773	0.00377	0.00336
2	0.01011	0.81977	0.06662	0.00681	0.01022	0.01482	0.00699	0.01152	0.00781	0.00920	0.00542	0.00626	0.00492	0.00330	0.00253	0.00084	0.00419	0.00209	0.00164	0.00496
3	0.00530	0.00401	0.00493	0.00484	0.00583	0.00368	0.00368	0.00703	0.02735	0.01355	0.51776	0.07379	0.23741	0.00867	0.00459	0.00129	0.00202	0.06678	0.00396	0.00354
4	0.01174	0.00736	0.00791	0.00688	0.00878	0.08589	0.00532	0.18133	0.02088	0.27449	0.01505	0.27577	0.02324	0.00695	0.00408	0.00126	0.00339	0.00587	0.04873	0.00507
5	0.00471	0.00342	0.00445	0.00519	0.00554	0.00316	0.00351	0.00549	0.00770	0.01023	0.08029	0.73814	0.09096	0.01153	0.00484	0.00151	0.00217	0.01040	0.00361	0.00316
6	0.00899	0.00884	0.07496	0.00842	0.03575	0.00896	0.02161	0.01811	0.65995	0.01517	0.03325	0.04068	0.03746	0.00539	0.00395	0.00129	0.00327	0.00457	0.00361	0.00579
7	0.00614	0.00440	0.00612	0.00698	0.00787	0.00438	0.00609	0.00788	0.00882	0.01145	0.02078	0.04309	0.04330	0.01057	0.00528	0.00175	0.00349	0.79456	0.00353	0.00352
8	0.02853	0.00701	0.00838	0.00602	0.00941	0.00547	0.02745	0.02766	0.00817	0.01285	0.00686	0.00800	0.00567	0.00291	0.00290	0.00062	0.00297	0.00236	0.00230	0.82447
9	0.02122	0.01191	0.23748	0.02370	0.33966	0.00913	0.03292	0.16098	0.01036	0.07095	0.00869	0.02093	0.01487	0.00406	0.00381	0.00119	0.00467	0.01512	0.00244	0.00591
10	0.01072	0.06846	0.30284	0.01018	0.06109	0.01032	0.02880	0.33226	0.06994	0.01709	0.04511	0.00988	0.00747	0.00427	0.00373	0.00117	0.00460	0.00338	0.00279	0.00590
11	0.00475	0.00346	0.00450	0.00530	0.00567	0.00321	0.00366	0.00552	0.00757	0.00995	0.02285	0.72912	0.10660	0.01169	0.00488	0.00154	0.00228	0.06073	0.00356	0.00315
12	0.00532	0.00370	0.00416	0.00425	0.00448	0.00358	0.00254	0.00554	0.00626	0.00815	0.01731	0.11295	0.14769	0.64034	0.01561	0.00311	0.00328	0.00653	0.00265	0.00255
13	0.00867	0.08056	0.32317	0.01273	0.01698	0.00973	0.38822	0.03881	0.00878	0.01223	0.00770	0.02921	0.00606	0.00381	0.00423	0.00124	0.02631	0.01436	0.00191	0.00529
14	0.00973	0.06132	0.01328	0.01475	0.39133	0.00818	0.05684	0.04866	0.00901	0.06373	0.00758	0.00906	0.00609	0.00335	0.00346	0.00095	0.00401	0.00307	0.00226	0.28335
15	0.00949	0.00911	0.01556	0.02353	0.84133	0.00911	0.01177	0.01177	0.00873	0.01253	0.00721	0.00949	0.00607	0.00342	0.00380	0.00114	0.00456	0.00342	0.00190	0.00607
16	0.01025	0.86756	0.02009	0.00656	0.00984	0.01517	0.00656	0.01148	0.00779	0.00902	0.00533	0.00615	0.00492	0.00328	0.00246	0.00082	0.00410	0.00205	0.00164	0.00492
17	0.00551	0.00396	0.00543	0.00543	0.00586	0.00439	0.00387	0.00637	0.00594	0.00836	0.01094	0.01879	0.01121	0.33995	0.54108	0.00525	0.00783	0.00465	0.00215	0.00301
18	0.00477	0.00341	0.00455	0.00539	0.00567	0.00319	0.00367	0.00553	0.00756	0.01011	0.05828	0.79113	0.02572	0.01176	0.00489	0.00155	0.00226	0.04382	0.00359	0.00315
19	0.01432	0.01827	0.01087	0.00988	0.01185	0.84986	0.00741	0.01531	0.01087	0.00938	0.00593	0.00691	0.00494	0.00395	0.00346	0.00099	0.00691	0.00247	0.00198	0.00444
20	0.00549	0.00397	0.00552	0.00553	0.00600	0.00443	0.00400	0.00643	0.00600	0.00846	0.01102	0.03296	0.01122	0.28875	0.57690	0.00532	0.00809	0.00468	0.00216	0.00308
21	0.00733	0.00691	0.01167	0.82126	0.06045	0.00854	0.01070	0.00988	0.00771	0.00991	0.00683	0.01019	0.00515	0.00382	0.00383	0.00127	0.00509	0.00341	0.00171	0.00434
22	0.03967	0.00507	0.00620	0.00527	0.00715	0.00466	0.00420	0.01262	0.00932	0.37441	0.03973	0.01694	0.12041	0.00685	0.05574	0.00142	0.00301	0.00437	0.27813	0.00482
23	0.00484	0.00353	0.00431	0.00483	0.00523	0.00327	0.00321	0.00547	0.00738	0.00962	0.04743	0.52336	0.17773	0.17229	0.00757	0.00190	0.00244	0.00925	0.00335	0.00300
24	0.00722	0.00667	0.00950	0.00850	0.00877	0.00896	0.00695	0.00827	0.00599	0.00910	0.00713	0.01107	0.00686	0.01556	0.34856	0.00348	0.51805	0.00366	0.00183	0.00389
25	0.00949	0.00911	0.01556	0.02353	0.84133	0.00911	0.01177	0.01177	0.00873	0.01253	0.00721	0.00949	0.00607	0.00342	0.00380	0.00114	0.00456	0.00342	0.00190	0.00607
26	0.00750	0.00717	0.01237	0.75008	0.08800	0.00862	0.05226	0.01007	0.00782	0.01013	0.00689	0.01017	0.00522	0.00377	0.00387	0.00127	0.00514	0.00346	0.00173	0.00444
27	0.01564	0.00904	0.01045	0.00801	0.01104	0.00936	0.00662	0.50115	0.01518	0.35559	0.01160	0.01076	0.00772	0.00466	0.00384	0.00117	0.00383	0.00362	0.00420	0.00652
28	0.00552	0.00380	0.00457	0.00444	0.00481	0.00368	0.00285	0.00625	0.00773	0.01067	0.34932	0.02654	0.02301	0.51570	0.01340	0.00269	0.00294	0.00613	0.00310	0.00285
29	0.00548	0.00411	0.00616	0.00616	0.00685	0.00479	0.00479	0.00685	0.00616	0.00890	0.01027	0.01506	0.00959	0.02876	0.85006	0.00616	0.01027	0.00411	0.00205	0.00342
30	0.00470	0.00345	0.00442	0.00516	0.00556	0.00317	0.00353	0.00546	0.00765	0.01003	0.04194	0.70842	0.14182	0.01156	0.00484	0.00152	0.00220	0.02785	0.00357	0.00315
31	0.11256	0.00688	0.00868	0.00675	0.00965	0.00637	0.00557	0.06173	0.02556	0.69450	0.01375	0.01212	0.00879	0.00462	0.00369	0.00119	0.00328	0.00365	0.00442	0.00626
32	0.00585	0.00440	0.00633	0.00620	0.00688	0.00513	0.00478	0.03224	0.00647	0.00927	0.01023	0.01548	0.00971	0.09354	0.73435	0.00569	0.03370	0.00418	0.00212	0.00345
33	0.00491	0.00349	0.00450	0.00514	0.00543	0.00329	0.00344	0.00561	0.00744	0.00996	0.08888	0.62494	0.04174	0.14031	0.00707	0.00185	0.00245	0.03306	0.00343	0.00305
34	0.03669	0.00741	0.00860	0.00723	0.00971	0.00775	0.00577	0.03347	0.43006	0.35979	0.02680	0.01368	0.01081	0.00498	0.00383	0.00124	0.00311	0.00408	0.01887	0.00614
35	0.00904	0.19835	0.18238	0.00946	0.01174	0.02213	0.04183	0.06620	0.00777	0.01090	0.00612	0.00826	0.00531	0.00603	0.04565	0.00154	0.35759	0.00304	0.00184	0.00482
36	0.03635	0.00935	0.01211	0.03612	0.01156	0.11546	0.11334	0.03012	0.00731	0.01020	0.00651	0.02512	0.00608	0.03693	0.05899	0.00183	0.47281	0.00362	0.00190	0.00428
37	0.00473	0.00341	0.00447	0.00529	0.00560	0.00318	0.00359	0.00544	0.00745	0.00985	0.02206	0.76989	0.07531	0.02493	0.00511	0.00158	0.00228	0.03915	0.00354	0.00312
38	0.00959	0.00864	0.00901	0.03879	0.06046	0.12203	0.03125	0.23254	0.05752	0.01474	0.07423	0.04547	0.22364	0.02212	0.00452	0.00126	0.01798	0.01825	0.00321	0.00475
39	0.00788	0.02210	0.03359	0.02614	0.04676	0.03247	0.00559	0.11037	0.09872	0.01347	0.10710	0.08365	0.21648	0.00660	0.00454	0.00119	0.05588	0.00540	0.00316	0.11892
40	0.03381	0.00473	0.00563	0.00607	0.02574	0.02121	0.00423	0.07449	0.00872	0.04579	0.04240	0.57020	0.10436	0.01011	0.00459	0.00144	0.00259	0.02663	0.00354	0.00370
41	0.00900	0.00600	0.00689	0.00623	0.00763	0.00624	0.00461	0.17232	0.13351	0.10705	0.01600	0.24751	0.05012	0.18485	0.00739	0.00182	0.00315	0.00630	0.01891	0.00447
42	0.03568	0.01962	0.12297	0.05308	0.46717	0.01709	0.04764	0.02879	0.02644	0.08844	0.00801	0.00956	0.00620	0.00362	0.00371	0.00114	0.00454	0.00333	0.00223	0.05074
43	0.00960	0.02796	0.11029	0.08723	0.53891	0.06822	0.03393	0.03720	0.02746	0.01240	0.00728	0.00926	0.00589	0.00358	0.00375	0.00115	0.00489	0.00331	0.00196	0.00573
44	0.01115	0.08389	0.18320	0.00982	0.02254	0.34066	0.03384	0.07761	0.03518	0.01134	0.00687	0.00852	0.00567	0.03104	0.02048	0.00131	0.10700	0.00295	0.00206	0.00488

[dist]
# distance from previous block
# <min> <max>
3	6

[block]
# block no. 7 follows, 71 sequences, length 23
# corresponding to MSA columns:
# 363-385
name=unknown_H
#
# <colnr> <probs for GDERKNQSTAVLIFYWHMCP>
#	G	D	E	R	K	N	Q	S	T	A	V	L	I	F	Y	W	H	M	C	P
0	0.00480	0.00368	0.00436	0.00469	0.00544	0.00329	0.00333	0.00576	0.00837	0.01078	0.14835	0.36521	0.34354	0.04397	0.00528	0.00149	0.00214	0.02869	0.00361	0.00322
1	0.00948	0.04324	0.04193	0.03381	0.36458	0.01829	0.16795	0.07828	0.02240	0.02522	0.02941	0.01120	0.04509	0.00426	0.00478	0.00122	0.08730	0.00387	0.00223	0.00546
2	0.00483	0.00364	0.00438	0.00477	0.00541	0.00330	0.00333	0.00572	0.00814	0.01056	0.13422	0.41204	0.27957	0.07623	0.00586	0.00160	0.00223	0.02746	0.00355	0.00317
3	0.01123	0.02729	0.24312	0.01037	0.07130	0.04818	0.02233	0.33708	0.09792	0.03240	0.00890	0.00955	0.00658	0.00507	0.03114	0.00135	0.02411	0.00334	0.00285	0.00591
4	0.00548	0.00408	0.00602	0.00602	0.00665	0.00471	0.00461	0.00675	0.00612	0.00879	0.01040	0.01580	0.00990	0.08998	0.78927	0.00598	0.00979	0.00422	0.00207	0.00334
5	0.01088	0.13927	0.16966	0.01021	0.08848	0.01043	0.03921	0.20051	0.09843	0.08559	0.00888	0.00961	0.00670	0.00485	0.02360	0.00129	0.07061	0.00330	0.01279	0.00570
6	0.00578	0.00455	0.00631	0.00624	0.00683	0.02126	0.00477	0.00697	0.00623	0.00883	0.01045	0.04500	0.01019	0.10057	0.68645	0.00545	0.05424	0.00440	0.00211	0.00338
7	0.00565	0.00435	0.00582	0.02525	0.03877	0.00462	0.00421	0.00635	0.00704	0.00964	0.08696	0.40451	0.01960	0.25557	0.00983	0.00214	0.09580	0.00775	0.00295	0.00319
8	0.01388	0.04068	0.01118	0.00977	0.01170	0.75923	0.00744	0.03423	0.01067	0.00972	0.00594	0.00703	0.00498	0.00411	0.00396	0.00103	0.05544	0.00253	0.00199	0.00449
9	0.27086	0.31673	0.01273	0.02225	0.02453	0.24671	0.00628	0.04110	0.00865	0.01213	0.00569	0.00662	0.00478	0.00361	0.00281	0.00100	0.00458	0.00227	0.00203	0.00463
10	0.01055	0.80558	0.01942	0.00680	0.00999	0.07608	0.00662	0.01176	0.00802	0.00905	0.00537	0.00621	0.00492	0.00333	0.00253	0.00083	0.00431	0.00208	0.00166	0.00489
11	0.00765	0.00658	0.00786	0.04627	0.07592	0.02863	0.00534	0.05531	0.06505	0.01322	0.14697	0.04715	0.13429	0.00545	0.00373	0.00100	0.00297	0.01382	0.00297	0.32984
12	0.00467	0.00334	0.00445	0.00534	0.00556	0.00311	0.00356	0.00534	0.00734	0.00979	0.02113	0.86275	0.02536	0.01201	0.00489	0.00156	0.00222	0.01090	0.00356	0.00311
13	0.00834	0.00762	0.00899	0.02061	0.02998	0.13598	0.13873	0.02577	0.07533	0.01231	0.01353	0.17584	0.04951	0.00620	0.01443	0.00123	0.00380	0.00523	0.26237	0.00419
14	0.00800	0.00684	0.00791	0.00584	0.00905	0.00546	0.00465	0.01053	0.08235	0.01292	0.03733	0.00926	0.00731	0.00323	0.00300	0.00066	0.00282	0.00262	0.00249	0.77775
15	0.03889	0.00501	0.00575	0.00524	0.00671	0.00483	0.00411	0.08527	0.03271	0.08154	0.30375	0.02698	0.26920	0.00761	0.00426	0.00125	0.00237	0.05743	0.05300	0.00409
16	0.00468	0.00339	0.00442	0.00521	0.00553	0.00314	0.00351	0.00539	0.00753	0.00995	0.04006	0.77672	0.09287	0.01173	0.00486	0.00153	0.00219	0.01058	0.00357	0.00314
17	0.00848	0.00803	0.01170	0.19504	0.32435	0.04115	0.02740	0.02093	0.13396	0.01214	0.03392	0.05609	0.07358	0.00496	0.00423	0.00124	0.03085	0.00438	0.00246	0.00511
18	0.00467	0.00374	0.00417	0.00437	0.00534	0.00325	0.00316	0.00565	0.00860	0.01075	0.12099	0.25502	0.53661	0.01012	0.00463	0.00135	0.00200	0.00871	0.00363	0.00325
19	0.01047	0.05362	0.23461	0.02740	0.10382	0.04532	0.09847	0.26292	0.03158	0.01558	0.02870	0.00979	0.00679	0.01777	0.01943	0.00131	0.02083	0.00344	0.00252	0.00565
20	0.01112	0.00702	0.00760	0.00619	0.00826	0.00737	0.00496	0.36131	0.01249	0.08377	0.01104	0.01203	0.00831	0.02773	0.00373	0.00109	0.00304	0.00354	0.37623	0.04315
21	0.01778	0.07838	0.04137	0.01010	0.19014	0.07009	0.01881	0.07950	0.05480	0.03513	0.05309	0.02872	0.28180	0.00640	0.01624	0.00125	0.00368	0.00506	0.00289	0.00475
22	0.01019	0.03803	0.09454	0.01314	0.26183	0.15436	0.05302	0.02586	0.07050	0.04601	0.01953	0.00931	0.00662	0.00367	0.00355	0.00102	0.00462	0.00312	0.00228	0.17881

[dist]
# distance from previous block
# <min> <max>
1	23

[block]
# block no. 8 follows, 71 sequences, length 41
# corresponding to MSA columns:
# 409-449
name=unknown_I
#
# <colnr> <probs for GDERKNQSTAVLIFYWHMCP>
#	G	D	E	R	K	N	Q	S	T	A	V	L	I	F	Y	W	H	M	C	P
0	0.01922	0.07711	0.14339	0.01021	0.10856	0.08772	0.02910	0.21247	0.02500	0.05602	0.01919	0.00925	0.01608	0.00396	0.00364	0.00104	0.01684	0.00310	0.00261	0.15550
1	0.05853	0.14679	0.17114	0.01037	0.10984	0.10976	0.01663	0.24701	0.01128	0.02562	0.00864	0.00938	0.04204	0.00417	0.00358	0.00111	0.01298	0.00314	0.00250	0.00550
2	0.00922	0.50355	0.29534	0.00840	0.02619	0.01244	0.00918	0.01155	0.00785	0.01027	0.00593	0.00701	0.00495	0.00351	0.00326	0.00098	0.03552	0.00239	0.00166	0.04079
3	0.00517	0.00367	0.00500	0.00543	0.00583	0.00381	0.00383	0.00607	0.00675	0.00940	0.01583	0.42710	0.01772	0.11184	0.31165	0.00343	0.00528	0.00754	0.04149	0.00316
4	0.01158	0.03753	0.00966	0.00842	0.01010	0.50314	0.00645	0.04180	0.03299	0.02151	0.08682	0.04113	0.06871	0.00528	0.00438	0.00111	0.07236	0.00377	0.02891	0.00435
5	0.00564	0.00371	0.00416	0.00416	0.00419	0.00371	0.00234	0.00572	0.00568	0.00773	0.01210	0.02462	0.01376	0.82761	0.01878	0.00359	0.00363	0.00549	0.04099	0.00238
6	0.00837	0.01669	0.06364	0.00764	0.00890	0.05417	0.02118	0.01004	0.03600	0.10526	0.01877	0.01344	0.00871	0.10271	0.31733	0.00337	0.19334	0.00392	0.00236	0.00418
7	0.00971	0.04909	0.01533	0.03431	0.70912	0.00965	0.01112	0.05543	0.00904	0.01280	0.00713	0.00928	0.00598	0.00362	0.00412	0.00115	0.04185	0.00335	0.00198	0.00593
8	0.01007	0.00835	0.00886	0.00784	0.01009	0.00958	0.00613	0.07185	0.75978	0.03927	0.01518	0.01395	0.01131	0.00515	0.00390	0.00129	0.00312	0.00427	0.00392	0.00611
9	0.03524	0.01066	0.01403	0.07047	0.58693	0.17047	0.01056	0.01225	0.00894	0.01180	0.00683	0.00892	0.00572	0.00364	0.00393	0.00113	0.02785	0.00319	0.00191	0.00555
10	0.00607	0.00417	0.00473	0.00461	0.00489	0.00424	0.00282	0.05896	0.00661	0.00880	0.01324	0.06799	0.04271	0.70393	0.04797	0.00344	0.00385	0.00575	0.00252	0.00271
11	0.01296	0.00983	0.02940	0.02513	0.08115	0.02540	0.00743	0.46777	0.16047	0.09949	0.01062	0.01062	0.00768	0.00526	0.02779	0.00132	0.00421	0.00363	0.00360	0.00622
12	0.00457	0.00389	0.00393	0.00392	0.00520	0.00325	0.00294	0.00557	0.00882	0.01056	0.07104	0.03657	0.80745	0.00964	0.00453	0.00129	0.00194	0.00805	0.00359	0.00325
13	0.01185	0.01424	0.01125	0.21169	0.04536	0.55133	0.03015	0.01333	0.00973	0.00965	0.00647	0.00832	0.00529	0.00522	0.04900	0.00135	0.00657	0.00287	0.00191	0.00442
14	0.00470	0.00359	0.00429	0.00475	0.00540	0.00321	0.00330	0.00554	0.00806	0.01035	0.08785	0.48461	0.31816	0.03126	0.00509	0.00149	0.00213	0.00947	0.00358	0.00318
15	0.00520	0.00410	0.00459	0.00476	0.00578	0.00372	0.00350	0.04975	0.00886	0.01110	0.05329	0.29699	0.48370	0.01015	0.00464	0.00139	0.00221	0.03930	0.00359	0.00340
16	0.00621	0.00429	0.00529	0.00480	0.00611	0.00377	0.00366	0.00780	0.01017	0.07243	0.53645	0.02811	0.22203	0.00773	0.00436	0.00118	0.00201	0.00668	0.00397	0.06296
17	0.56656	0.00744	0.00678	0.00580	0.00823	0.00826	0.00474	0.07347	0.08987	0.14520	0.00846	0.00865	0.00615	0.00402	0.00287	0.00118	0.00306	0.00274	0.04166	0.00486
18	0.00604	0.00388	0.00467	0.00465	0.00499	0.00386	0.00294	0.00640	0.00629	0.05288	0.01446	0.10763	0.06135	0.58838	0.11245	0.00351	0.00420	0.00599	0.00262	0.00281
19	0.00777	0.00809	0.09764	0.00641	0.00974	0.00569	0.00568	0.00967	0.00785	0.01218	0.00752	0.05384	0.00662	0.00358	0.00344	0.00074	0.03869	0.00284	0.00225	0.70979
20	0.00640	0.02800	0.16481	0.00715	0.04257	0.00586	0.00604	0.01963	0.00674	0.00943	0.01110	0.05880	0.03189	0.33470	0.21250	0.00336	0.04047	0.00474	0.00218	0.00364
21	0.52754	0.04551	0.02069	0.02974	0.07216	0.15851	0.01545	0.01263	0.06332	0.01472	0.00636	0.00732	0.00503	0.00372	0.00286	0.00114	0.00397	0.00247	0.00231	0.00455
22	0.00615	0.00461	0.00529	0.00512	0.00622	0.01619	0.00380	0.00841	0.09789	0.04503	0.30948	0.12947	0.24821	0.06377	0.01321	0.00150	0.00240	0.02573	0.00376	0.00375
23	0.00558	0.00372	0.00418	0.00418	0.00418	0.00372	0.00232	0.00558	0.00558	0.00743	0.01208	0.02509	0.01394	0.86525	0.01952	0.00372	0.00372	0.00558	0.00232	0.00232
24	0.00928	0.54498	0.33413	0.00822	0.01241	0.01279	0.00945	0.01173	0.00791	0.01021	0.00592	0.00689	0.00490	0.00342	0.00291	0.00097	0.00470	0.00235	0.00163	0.00520
25	0.09796	0.00837	0.00865	0.00700	0.00952	0.07105	0.00562	0.22398	0.06787	0.13463	0.08063	0.01182	0.02266	0.00562	0.04064	0.00128	0.01383	0.00354	0.01583	0.16953
26	0.00935	0.00896	0.01530	0.07661	0.78938	0.00907	0.01170	0.01164	0.00866	0.01235	0.00719	0.00954	0.00601	0.00344	0.00380	0.00115	0.00459	0.00342	0.00189	0.00596
27	0.00949	0.00911	0.01556	0.02353	0.84133	0.00911	0.01177	0.01177	0.00873	0.01253	0.00721	0.00949	0.00607	0.00342	0.00380	0.00114	0.00456	0.00342	0.00190	0.00607
28	0.00467	0.00334	0.00445	0.00534	0.00556	0.00311	0.00356	0.00534	0.00734	0.00979	0.02113	0.86275	0.02536	0.01201	0.00489	0.00156	0.00222	0.01090	0.00356	0.00311
29	0.02862	0.00447	0.00567	0.01717	0.00693	0.00438	0.00429	0.07938	0.00866	0.08872	0.01891	0.64423	0.02131	0.01031	0.00464	0.00148	0.00260	0.04077	0.00364	0.00379
30	0.00778	0.00670	0.00784	0.00571	0.00890	0.00520	0.00456	0.00942	0.00793	0.01229	0.00848	0.00952	0.05041	0.00332	0.00321	0.00064	0.02700	0.00261	0.00232	0.81615
