[name]
unknown

[dist]
# distance from previous block
# <min> <max>
0	21

[block]
# block no. 0 follows, 64 sequences, length 59
# corresponding to MSA columns:
# 21-53,55-80
name=unknown_A
#
# <colnr> <probs for GDERKNQSTAVLIFYWHMCP>
#	G	D	E	R	K	N	Q	S	T	A	V	L	I	F	Y	W	H	M	C	P
0	0.02775	0.00961	0.01430	0.11365	0.44722	0.05640	0.04709	0.06842	0.02005	0.01400	0.03068	0.03548	0.00864	0.00459	0.00418	0.00127	0.00487	0.03963	0.00244	0.04973
1	0.00521	0.00371	0.00489	0.00565	0.00596	0.00347	0.00379	0.00603	0.00827	0.01114	0.11287	0.71275	0.02810	0.05953	0.00614	0.00177	0.00245	0.01100	0.00386	0.00339
2	0.00601	0.00404	0.00457	0.00455	0.00463	0.00401	0.00259	0.00612	0.00637	0.00851	0.05013	0.02763	0.03374	0.79788	0.02006	0.00385	0.00389	0.00617	0.00264	0.00260
3	0.00819	0.00891	0.07170	0.66123	0.04962	0.00943	0.10994	0.01118	0.00855	0.01120	0.00752	0.01091	0.00564	0.00405	0.00423	0.00138	0.00574	0.00380	0.00188	0.00490
4	0.00504	0.00381	0.00466	0.00530	0.00591	0.00343	0.00365	0.00590	0.00852	0.01098	0.05391	0.58366	0.26596	0.01213	0.00517	0.00159	0.00230	0.01077	0.00388	0.00343
5	0.01034	0.46305	0.06080	0.00909	0.02730	0.07766	0.10753	0.03240	0.00929	0.01124	0.03083	0.04858	0.06933	0.00481	0.00373	0.00111	0.02173	0.00379	0.00223	0.00516
6	0.06242	0.00590	0.00687	0.00577	0.00787	0.00568	0.00462	0.05878	0.02581	0.33610	0.02961	0.01445	0.01054	0.00499	0.00352	0.00114	0.00281	0.00398	0.40376	0.00539
7	0.77700	0.04603	0.00707	0.00572	0.00836	0.00953	0.00476	0.01291	0.03513	0.05338	0.00662	0.00736	0.00507	0.00396	0.00270	0.00127	0.00328	0.00242	0.00270	0.00472
8	0.00766	0.00500	0.00672	0.00635	0.00728	0.00542	0.00475	0.02866	0.03571	0.09175	0.04872	0.01911	0.01274	0.22535	0.45823	0.00487	0.02001	0.00493	0.00280	0.00396
9	0.00980	0.01120	0.02451	0.01751	0.02171	0.01050	0.81303	0.01331	0.00980	0.01331	0.00840	0.01120	0.00630	0.00350	0.00490	0.00140	0.00700	0.00490	0.00210	0.00560
10	0.01227	0.01407	0.01771	0.01402	0.03847	0.30653	0.38537	0.06333	0.08142	0.01332	0.00851	0.01015	0.00657	0.00406	0.00436	0.00127	0.00665	0.00399	0.00242	0.00552
11	0.00593	0.00445	0.00668	0.00668	0.00742	0.00519	0.00519	0.00742	0.00668	0.00964	0.01113	0.01632	0.01038	0.03115	0.83756	0.00668	0.01113	0.00445	0.00223	0.00371
12	0.05046	0.73746	0.04801	0.00721	0.01079	0.01525	0.00721	0.01294	0.00860	0.06115	0.00649	0.00720	0.00560	0.00368	0.00280	0.00095	0.00439	0.00237	0.00202	0.00543
13	0.00722	0.00361	0.00541	0.00541	0.00541	0.00361	0.00361	0.00541	0.00541	0.00722	0.00722	0.01263	0.00722	0.01443	0.01623	0.87915	0.00361	0.00361	0.00180	0.00180
14	0.88336	0.00803	0.00611	0.00546	0.00803	0.00932	0.00450	0.01221	0.00707	0.01864	0.00578	0.00675	0.00450	0.00386	0.00257	0.00129	0.00321	0.00225	0.00257	0.00450
15	0.01028	0.00987	0.01686	0.02550	0.82811	0.00987	0.01275	0.01275	0.00946	0.01357	0.00781	0.01028	0.00658	0.00370	0.00411	0.00123	0.00493	0.00370	0.00206	0.00658
16	0.00521	0.00421	0.00476	0.00492	0.00598	0.00376	0.00364	0.00633	0.00937	0.01179	0.13489	0.21025	0.51446	0.01076	0.00520	0.00148	0.01935	0.03618	0.00390	0.00356
17	0.88336	0.00803	0.00611	0.00546	0.00803	0.00932	0.00450	0.01221	0.00707	0.01864	0.00578	0.00675	0.00450	0.00386	0.00257	0.00129	0.00321	0.00225	0.00257	0.00450
18	0.01493	0.01160	0.01342	0.01117	0.07153	0.02921	0.05577	0.67865	0.03317	0.02403	0.00978	0.01012	0.00706	0.00480	0.00419	0.00125	0.00478	0.00380	0.00384	0.00689
19	0.01467	0.01252	0.03961	0.01002	0.03268	0.11644	0.00811	0.54816	0.11475	0.03471	0.01027	0.01035	0.00749	0.00494	0.00423	0.00125	0.01570	0.00370	0.00376	0.00665
20	0.01579	0.01163	0.01247	0.00956	0.01288	0.01288	0.00789	0.81426	0.01953	0.02618	0.00997	0.00997	0.00706	0.00499	0.00416	0.00125	0.00457	0.00374	0.00416	0.00706
21	0.01774	0.00748	0.01000	0.00818	0.03898	0.00679	0.00644	0.05635	0.05828	0.71957	0.01583	0.01389	0.01014	0.00511	0.00418	0.00129	0.00362	0.00417	0.00494	0.00702
22	0.00588	0.00425	0.00555	0.00523	0.00621	0.00392	0.00392	0.00784	0.01176	0.01666	0.82592	0.03103	0.03919	0.00849	0.00490	0.00131	0.00196	0.00751	0.00457	0.00392
23	0.01864	0.00707	0.00964	0.00739	0.01060	0.00611	0.00611	0.02024	0.01189	0.83099	0.01639	0.01414	0.01028	0.00514	0.00418	0.00129	0.00353	0.00418	0.00514	0.00707
24	0.00949	0.01028	0.02109	0.17798	0.13861	0.01017	0.54383	0.01271	0.00947	0.01282	0.00812	0.01105	0.00619	0.00366	0.00464	0.00137	0.00642	0.00450	0.00205	0.00555
25	0.00602	0.00411	0.00497	0.00497	0.00512	0.00427	0.00306	0.00632	0.00617	0.00838	0.01269	0.02496	0.01414	0.68583	0.18802	0.00457	0.00548	0.00572	0.00246	0.00276
26	0.01756	0.00694	0.00933	0.00723	0.01029	0.00605	0.00595	0.03469	0.01195	0.75216	0.05254	0.01566	0.03889	0.00547	0.00423	0.00129	0.00344	0.00447	0.00505	0.00681
27	0.01564	0.00887	0.01154	0.02434	0.10022	0.00916	0.00771	0.23494	0.03290	0.40915	0.01250	0.01207	0.00851	0.00515	0.00509	0.00133	0.08609	0.00396	0.00414	0.00672
28	0.01203	0.01039	0.01196	0.02984	0.08766	0.15187	0.02446	0.06882	0.02091	0.14826	0.00965	0.07865	0.00837	0.00621	0.00762	0.00147	0.30938	0.00428	0.00282	0.00533
29	0.01527	0.01177	0.01269	0.00984	0.01307	0.05943	0.04383	0.65853	0.06736	0.05043	0.01033	0.01036	0.00738	0.00492	0.00417	0.00125	0.00473	0.00380	0.00398	0.00684
30	0.01267	0.56206	0.01828	0.00832	0.01143	0.26804	0.00742	0.04963	0.00996	0.01063	0.00616	0.00707	0.00541	0.00384	0.00306	0.00096	0.00538	0.00243	0.00199	0.00525
31	0.00939	0.00804	0.03556	0.02069	0.10305	0.00628	0.00631	0.02120	0.00903	0.06321	0.00842	0.03157	0.00699	0.00360	0.00338	0.00080	0.00345	0.00301	0.00260	0.65341
32	0.04467	0.12955	0.04069	0.00925	0.02262	0.08941	0.00779	0.46376	0.06198	0.07599	0.00964	0.00974	0.00705	0.00468	0.00385	0.00120	0.00469	0.00344	0.00355	0.00646
33	0.00613	0.00468	0.00551	0.00537	0.00638	0.00454	0.00388	0.00865	0.10478	0.01380	0.37156	0.12725	0.19036	0.12021	0.00700	0.00174	0.00247	0.00775	0.00403	0.00390
34	0.01015	0.01034	0.10510	0.01548	0.32573	0.00943	0.04078	0.07473	0.16126	0.04434	0.07797	0.02918	0.01968	0.01400	0.00485	0.00136	0.04213	0.00442	0.00295	0.00610
35	0.00500	0.00421	0.00433	0.00430	0.00566	0.00354	0.00322	0.00613	0.00967	0.01170	0.11151	0.03918	0.75669	0.01034	0.00491	0.00139	0.00209	0.00866	0.00392	0.00354
36	0.01117	0.43633	0.21078	0.00999	0.04323	0.09487	0.05648	0.05749	0.00963	0.02558	0.00687	0.00795	0.00560	0.00383	0.00336	0.00108	0.00530	0.00279	0.00202	0.00566
37	0.00886	0.06597	0.70907	0.01138	0.01711	0.02136	0.02603	0.03997	0.00916	0.01338	0.00744	0.00871	0.00537	0.00393	0.00386	0.00126	0.00592	0.00305	0.00187	0.03629
38	0.02396	0.22799	0.04210	0.00982	0.06256	0.08464	0.01642	0.30157	0.11287	0.03725	0.00972	0.03614	0.00775	0.00475	0.00376	0.00118	0.00463	0.00361	0.00314	0.00614
39	0.01009	0.01084	0.08864	0.02130	0.58771	0.00996	0.06014	0.01419	0.12856	0.01408	0.00915	0.01097	0.00734	0.00399	0.00416	0.00128	0.00492	0.00386	0.00235	0.00648
40	0.00861	0.00738	0.00861	0.00615	0.00984	0.00554	0.00492	0.01046	0.00861	0.01354	0.00738	0.00861	0.00615	0.00308	0.00308	0.00062	0.00308	0.00246	0.00246	0.87941
41	0.00593	0.00445	0.00668	0.00668	0.00742	0.00519	0.00519	0.00742	0.00668	0.00964	0.01113	0.01632	0.01038	0.03115	0.83756	0.00668	0.01113	0.00445	0.00223	0.00371
42	0.01864	0.00707	0.00964	0.00739	0.01060	0.00611	0.00611	0.02024	0.01189	0.83099	0.01639	0.01414	0.01028	0.00514	0.00418	0.00129	0.00353	0.00418	0.00514	0.00707
43	0.00833	0.02149	0.83250	0.01184	0.01798	0.00965	0.01535	0.01315	0.00877	0.01315	0.00745	0.00877	0.00526	0.00395	0.00395	0.00132	0.00614	0.00307	0.00175	0.00614
44	0.00506	0.00361	0.00482	0.00578	0.00602	0.00337	0.00386	0.00578	0.00795	0.01060	0.02289	0.85131	0.02747	0.01301	0.00530	0.00169	0.00241	0.01181	0.00386	0.00337
45	0.00722	0.00361	0.00541	0.00541	0.00541	0.00361	0.00361	0.00541	0.00541	0.00722	0.00722	0.01263	0.00722	0.01443	0.01623	0.87915	0.00361	0.00361	0.00180	0.00180
46	0.00669	0.00478	0.00669	0.00765	0.00861	0.00478	0.00669	0.00861	0.00956	0.01243	0.02199	0.04685	0.02391	0.01147	0.00574	0.00191	0.00382	0.80015	0.00382	0.00382
47	0.88336	0.00803	0.00611	0.00546	0.00803	0.00932	0.00450	0.01221	0.00707	0.01864	0.00578	0.00675	0.00450	0.00386	0.00257	0.00129	0.00321	0.00225	0.00257	0.00450
48	0.01033	0.00892	0.00939	0.00845	0.01080	0.01033	0.00657	0.02207	0.82061	0.01738	0.01691	0.01550	0.01268	0.00564	0.00423	0.00141	0.00329	0.00470	0.00423	0.00657
49	0.00909	0.00909	0.01272	0.01091	0.01091	0.01272	0.00909	0.01000	0.00636	0.01000	0.00545	0.00909	0.00545	0.00727	0.01363	0.00182	0.84642	0.00364	0.00182	0.00454
50	0.00917	0.00807	0.01022	0.00887	0.06666	0.00801	0.00662	0.06763	0.02244	0.01349	0.00821	0.05846	0.00744	0.00487	0.00587	0.00106	0.20275	0.00350	0.00251	0.48413
51	0.01278	0.01126	0.01455	0.01774	0.42872	0.07337	0.01034	0.31866	0.04070	0.01824	0.00884	0.01013	0.00688	0.00430	0.00410	0.00123	0.00493	0.00367	0.00293	0.00663
52	0.03718	0.00487	0.00637	0.00619	0.03434	0.00458	0.00450	0.00941	0.02163	0.08824	0.66575	0.03953	0.03364	0.00795	0.00474	0.00132	0.00229	0.01870	0.00444	0.00433
53	0.00861	0.00738	0.00861	0.00615	0.00984	0.00554	0.00492	0.01046	0.00861	0.01354	0.00738	0.00861	0.00615	0.00308	0.00308	0.00062	0.00308	0.00246	0.00246	0.87941
54	0.01505	0.01107	0.01183	0.00919	0.01234	0.01226	0.00756	0.72643	0.06465	0.02511	0.01056	0.01058	0.00757	0.00502	0.00409	0.00124	0.00436	0.00380	0.05043	0.00687
55	0.00749	0.00650	0.01017	0.04967	0.20038	0.00668	0.06923	0.00984	0.06021	0.01221	0.08242	0.14926	0.06837	0.07807	0.14147	0.00246	0.01557	0.00610	0.01929	0.00462
56	0.01264	0.05221	0.03211	0.07285	0.06968	0.31514	0.00771	0.03011	0.03849	0.14419	0.07691	0.01352	0.05903	0.00602	0.03051	0.00139	0.02528	0.00398	0.00297	0.00526
57	0.00805	0.00675	0.00968	0.04728	0.12890	0.00751	0.01677	0.02563	0.00902	0.04793	0.15641	0.11723	0.11356	0.00886	0.05070	0.00174	0.20802	0.00596	0.00305	0.02694
58	0.13122	0.38443	0.13140	0.00803	0.01162	0.07586	0.00788	0.06607	0.04606	0.06236	0.00753	0.00817	0.00598	0.00397	0.00319	0.00108	0.00460	0.00272	0.00240	0.03542

[dist]
# distance from previous block
# <min> <max>
1	6

[block]
# block no. 1 follows, 64 sequences, length 13
# corresponding to MSA columns:
# 87-99
name=unknown_B
#
# <colnr> <probs for GDERKNQSTAVLIFYWHMCP>
#	G	D	E	R	K	N	Q	S	T	A	V	L	I	F	Y	W	H	M	C	P
0	0.20325	0.03597	0.05309	0.07791	0.32194	0.10193	0.05715	0.07650	0.00986	0.01494	0.00731	0.00910	0.00583	0.00393	0.00373	0.00124	0.00502	0.00327	0.00231	0.00570
1	0.00968	0.01314	0.27181	0.03497	0.25435	0.03377	0.11659	0.01331	0.04904	0.05842	0.07173	0.01276	0.03259	0.00451	0.00425	0.00130	0.00521	0.00414	0.00248	0.00595
2	0.01164	0.00977	0.01009	0.00906	0.04562	0.08098	0.00682	0.23516	0.30723	0.03831	0.06104	0.05313	0.03245	0.00635	0.02426	0.00141	0.00411	0.00467	0.00381	0.05410
3	0.00506	0.00361	0.00482	0.00578	0.00602	0.00337	0.00386	0.00578	0.00795	0.01060	0.02289	0.85131	0.02747	0.01301	0.00530	0.00169	0.00241	0.01181	0.00386	0.00337
4	0.01005	0.00930	0.01199	0.51623	0.03492	0.09550	0.00998	0.13189	0.02683	0.02581	0.00905	0.01150	0.03058	0.00466	0.00453	0.00134	0.04183	0.00377	0.01516	0.00506
5	0.01105	0.61174	0.11055	0.00910	0.03203	0.05093	0.06861	0.04346	0.00917	0.01115	0.00639	0.00749	0.00549	0.00368	0.00311	0.00100	0.00497	0.00263	0.00191	0.00551
6	0.00524	0.00469	0.04096	0.00541	0.00642	0.00376	0.00411	0.00641	0.00898	0.01165	0.12307	0.42361	0.31825	0.01118	0.00505	0.00152	0.00241	0.00982	0.00385	0.00361
7	0.00517	0.00417	0.00460	0.00460	0.00580	0.00360	0.00341	0.00642	0.00991	0.01253	0.23743	0.10873	0.55862	0.01023	0.00494	0.00140	0.00209	0.00872	0.00404	0.00360
8	0.08459	0.04713	0.07760	0.00931	0.05513	0.04307	0.00765	0.20639	0.13117	0.26075	0.02804	0.01185	0.00896	0.00486	0.00396	0.00127	0.00417	0.00380	0.00385	0.00646
9	0.06281	0.03129	0.13239	0.01233	0.16288	0.03387	0.04853	0.18740	0.03084	0.24073	0.01061	0.01085	0.00745	0.00447	0.00402	0.00126	0.00468	0.00368	0.00339	0.00651
10	0.01204	0.28585	0.10176	0.01041	0.05909	0.29450	0.00883	0.03693	0.00970	0.01098	0.00650	0.00800	0.00559	0.00501	0.02451	0.00128	0.10898	0.00282	0.00200	0.00523
11	0.00969	0.03542	0.00928	0.00642	0.01006	0.00626	0.00520	0.04667	0.00931	0.06926	0.00805	0.00898	0.00644	0.00332	0.00318	0.00070	0.00322	0.00263	0.00269	0.75321
12	0.01167	0.05551	0.19928	0.01250	0.12241	0.02528	0.11299	0.14022	0.06134	0.13167	0.05119	0.01232	0.00907	0.00469	0.00432	0.00130	0.01690	0.01811	0.00304	0.00619

[dist]
# distance from previous block
# <min> <max>
0	1

[block]
# block no. 2 follows, 64 sequences, length 12
# corresponding to MSA columns:
# 101-112
name=unknown_C
#
# <colnr> <probs for GDERKNQSTAVLIFYWHMCP>
#	G	D	E	R	K	N	Q	S	T	A	V	L	I	F	Y	W	H	M	C	P
0	0.00598	0.00439	0.00585	0.00636	0.00694	0.00453	0.00480	0.00732	0.02579	0.01072	0.01946	0.29888	0.05536	0.13358	0.15976	0.00297	0.02227	0.21817	0.00333	0.00353
1	0.00510	0.00368	0.00484	0.00569	0.00602	0.00341	0.00383	0.00591	0.00824	0.01099	0.07142	0.76969	0.06051	0.01264	0.00526	0.00165	0.00237	0.01143	0.00390	0.00341
2	0.61917	0.03131	0.00811	0.00681	0.00910	0.06013	0.00559	0.04901	0.05009	0.01714	0.00655	0.00767	0.00523	0.00442	0.00412	0.00133	0.10424	0.00263	0.00259	0.00477
3	0.01188	0.11207	0.14202	0.01129	0.07726	0.08070	0.10718	0.16440	0.05966	0.07330	0.00897	0.00982	0.00675	0.00413	0.00387	0.00115	0.00504	0.00344	0.00278	0.11428
4	0.17032	0.14890	0.07055	0.00869	0.04237	0.02652	0.00744	0.19884	0.01159	0.20697	0.00945	0.00963	0.00680	0.00451	0.00400	0.00122	0.04091	0.00322	0.00328	0.02480
5	0.00633	0.00578	0.00547	0.00524	0.00656	0.08722	0.00393	0.00773	0.01055	0.01315	0.33139	0.03338	0.44999	0.00914	0.00479	0.00133	0.00259	0.00769	0.00395	0.00379
6	0.00798	0.00602	0.04880	0.00563	0.00753	0.00497	0.00468	0.07006	0.01100	0.11640	0.21526	0.02972	0.40173	0.00837	0.00462	0.00133	0.00264	0.00701	0.04178	0.00447
7	0.03848	0.12562	0.09707	0.03161	0.18298	0.11326	0.07849	0.09802	0.08144	0.05697	0.00866	0.00985	0.00674	0.00434	0.00439	0.00124	0.04886	0.00348	0.00257	0.00593
8	0.01102	0.00998	0.03402	0.04507	0.65135	0.00972	0.05160	0.04823	0.01005	0.07606	0.00857	0.01059	0.00681	0.00387	0.00416	0.00125	0.00496	0.00378	0.00237	0.00653
9	0.00603	0.00408	0.00479	0.00479	0.00488	0.00417	0.00284	0.00621	0.00612	0.00825	0.01285	0.02587	0.01453	0.75467	0.11972	0.00435	0.00488	0.00585	0.00248	0.00266
10	0.43194	0.06101	0.05906	0.00988	0.06667	0.08229	0.10963	0.03329	0.00842	0.01543	0.00648	0.00803	0.00519	0.00417	0.00423	0.00130	0.08270	0.00293	0.00232	0.00502
11	0.01441	0.03891	0.04903	0.00939	0.02929	0.04723	0.00778	0.51961	0.05097	0.09683	0.01078	0.04304	0.00813	0.00509	0.00407	0.00122	0.00446	0.00394	0.00383	0.05197

[dist]
# distance from previous block
# <min> <max>
0	3

[block]
# block no. 3 follows, 64 sequences, length 85
# corresponding to MSA columns:
# 116-200
name=unknown_D
#
# <colnr> <probs for GDERKNQSTAVLIFYWHMCP>
#	G	D	E	R	K	N	Q	S	T	A	V	L	I	F	Y	W	H	M	C	P
0	0.02517	0.07605	0.63059	0.01145	0.01685	0.03472	0.05760	0.03282	0.05227	0.01348	0.00789	0.00907	0.00575	0.00402	0.00390	0.00129	0.00587	0.00319	0.00199	0.00603
1	0.00506	0.00366	0.00479	0.00568	0.00600	0.00339	0.00381	0.00583	0.00811	0.01073	0.03637	0.78756	0.07810	0.01279	0.00527	0.00166	0.00238	0.01155	0.00387	0.00339
2	0.00861	0.00738	0.00861	0.00615	0.00984	0.00554	0.00492	0.01046	0.00861	0.01354	0.00738	0.00861	0.00615	0.00308	0.00308	0.00062	0.00308	0.00246	0.00246	0.87941
3	0.00604	0.00403	0.00453	0.00453	0.00453	0.00403	0.00252	0.00604	0.00604	0.00805	0.01309	0.02718	0.01510	0.85402	0.02114	0.00403	0.00403	0.00604	0.00252	0.00252
4	0.00506	0.00361	0.00482	0.00578	0.00602	0.00337	0.00386	0.00578	0.00795	0.01060	0.02289	0.85131	0.02747	0.01301	0.00530	0.00169	0.00241	0.01181	0.00386	0.00337
5	0.00604	0.00403	0.00453	0.00453	0.00453	0.00403	0.00252	0.00604	0.00604	0.00805	0.01309	0.02718	0.01510	0.85402	0.02114	0.00403	0.00403	0.00604	0.00252	0.00252
6	0.01028	0.00987	0.01686	0.02550	0.82811	0.00987	0.01275	0.01275	0.00946	0.01357	0.00781	0.01028	0.00658	0.00370	0.00411	0.00123	0.00493	0.00370	0.00206	0.00658
7	0.00586	0.00424	0.00552	0.00520	0.00619	0.00391	0.00390	0.00779	0.01170	0.01653	0.80718	0.03124	0.05801	0.00854	0.00490	0.00131	0.00196	0.00754	0.00456	0.00391
8	0.00506	0.00361	0.00482	0.00578	0.00602	0.00337	0.00386	0.00578	0.00795	0.01060	0.02289	0.85131	0.02747	0.01301	0.00530	0.00169	0.00241	0.01181	0.00386	0.00337
9	0.01579	0.01163	0.01247	0.00956	0.01288	0.01288	0.00789	0.81426	0.01953	0.02618	0.00997	0.00997	0.00706	0.00499	0.00416	0.00125	0.00457	0.00374	0.00416	0.00706
10	0.00491	0.00421	0.00421	0.00421	0.00561	0.00351	0.00316	0.00596	0.00947	0.01122	0.04208	0.03997	0.82643	0.01052	0.00491	0.00140	0.00210	0.00877	0.00386	0.00351
11	0.04238	0.01834	0.59562	0.09194	0.05287	0.04859	0.05595	0.01298	0.00885	0.01296	0.00737	0.00905	0.00538	0.00399	0.00409	0.00132	0.01742	0.00321	0.00184	0.00584
12	0.01030	0.02934	0.01697	0.02507	0.80931	0.01002	0.01262	0.01274	0.00943	0.01348	0.00777	0.01020	0.00655	0.00370	0.00408	0.00123	0.00492	0.00367	0.00205	0.00655
13	0.00706	0.00451	0.00593	0.00543	0.00661	0.00412	0.00412	0.00899	0.01177	0.09218	0.75084	0.02946	0.03651	0.00818	0.00483	0.00130	0.00211	0.00720	0.00463	0.00421
14	0.00506	0.00361	0.00482	0.00578	0.00602	0.00337	0.00386	0.00578	0.00795	0.01060	0.02289	0.85131	0.02747	0.01301	0.00530	0.00169	0.00241	0.01181	0.00386	0.00337
15	0.01579	0.01163	0.01247	0.00956	0.01288	0.01288	0.00789	0.81426	0.01953	0.02618	0.00997	0.00997	0.00706	0.00499	0.00416	0.00125	0.00457	0.00374	0.00416	0.00706
16	0.00491	0.00421	0.00421	0.00421	0.00561	0.00351	0.00316	0.00596	0.00947	0.01122	0.04208	0.03997	0.82643	0.01052	0.00491	0.00140	0.00210	0.00877	0.00386	0.00351
17	0.00980	0.01120	0.02451	0.01751	0.02171	0.01050	0.81303	0.01331	0.00980	0.01331	0.00840	0.01120	0.00630	0.00350	0.00490	0.00140	0.00700	0.00490	0.00210	0.00560
18	0.01864	0.00707	0.00964	0.00739	0.01060	0.00611	0.00611	0.02024	0.01189	0.83099	0.01639	0.01414	0.01028	0.00514	0.00418	0.00129	0.00353	0.00418	0.00514	0.00707
19	0.00909	0.00909	0.01272	0.01091	0.01091	0.01272	0.00909	0.01000	0.00636	0.01000	0.00545	0.00909	0.00545	0.00727	0.01363	0.00182	0.84642	0.00364	0.00182	0.00454
20	0.00861	0.00738	0.00861	0.00615	0.00984	0.00554	0.00492	0.01046	0.00861	0.01354	0.00738	0.00861	0.00615	0.00308	0.00308	0.00062	0.00308	0.00246	0.00246	0.87941
21	0.01111	0.85652	0.02177	0.00711	0.01066	0.01644	0.00711	0.01244	0.00844	0.00977	0.00577	0.00666	0.00533	0.00355	0.00267	0.00089	0.00444	0.00222	0.00178	0.00533
22	0.01016	0.00974	0.01658	0.02502	0.80982	0.00973	0.01253	0.01260	0.00946	0.01352	0.00858	0.01094	0.02481	0.00385	0.00413	0.00124	0.00487	0.00381	0.00210	0.00651
23	0.01431	0.01014	0.08876	0.01131	0.14663	0.05288	0.02264	0.10502	0.04249	0.36553	0.01243	0.03812	0.00889	0.00484	0.00410	0.00124	0.00433	0.00403	0.00375	0.05856
24	0.02758	0.00373	0.00485	0.00578	0.00608	0.00353	0.00387	0.00595	0.00793	0.01081	0.02246	0.82965	0.02688	0.01278	0.00523	0.00168	0.00243	0.01156	0.00382	0.00340
25	0.39122	0.00748	0.00812	0.00656	0.00950	0.00749	0.00541	0.01678	0.00981	0.48097	0.01182	0.01095	0.00779	0.00459	0.00348	0.00129	0.00340	0.00335	0.00403	0.00596
26	0.03450	0.00870	0.01395	0.12579	0.46931	0.00869	0.01048	0.01461	0.00995	0.24777	0.01017	0.01140	0.00745	0.00418	0.00410	0.00127	0.00457	0.00380	0.00293	0.00641
27	0.00759	0.00767	0.02346	0.07948	0.09920	0.00718	0.28481	0.00994	0.00976	0.01293	0.13780	0.05262	0.23638	0.00658	0.00476	0.00138	0.00441	0.00635	0.00298	0.00473
28	0.00506	0.00361	0.00482	0.00578	0.00602	0.00337	0.00386	0.00578	0.00795	0.01060	0.02289	0.85131	0.02747	0.01301	0.00530	0.00169	0.00241	0.01181	0.00386	0.00337
29	0.00916	0.00925	0.01265	0.12324	0.01336	0.04245	0.00938	0.01032	0.00682	0.01009	0.00575	0.00930	0.00546	0.00674	0.01199	0.00173	0.70231	0.00361	0.00183	0.00456
30	0.01375	0.00716	0.03379	0.00861	0.05872	0.00626	0.03586	0.03890	0.02524	0.46671	0.02854	0.10764	0.03829	0.05380	0.00539	0.00153	0.00371	0.05588	0.00428	0.00594
31	0.01379	0.02716	0.05719	0.03878	0.01633	0.29946	0.25767	0.07918	0.01187	0.10909	0.02476	0.02621	0.00811	0.00490	0.00457	0.00139	0.00650	0.00418	0.00294	0.00592
32	0.01111	0.85652	0.02177	0.00711	0.01066	0.01644	0.00711	0.01244	0.00844	0.00977	0.00577	0.00666	0.00533	0.00355	0.00267	0.00089	0.00444	0.00222	0.00178	0.00533
33	0.00861	0.00738	0.00861	0.00615	0.00984	0.00554	0.00492	0.01046	0.00861	0.01354	0.00738	0.00861	0.00615	0.00308	0.00308	0.00062	0.00308	0.00246	0.00246	0.87941
34	0.01119	0.01018	0.04019	0.02202	0.63817	0.02212	0.05065	0.03248	0.02934	0.09002	0.00888	0.01072	0.00701	0.00392	0.00415	0.00125	0.00493	0.00379	0.00244	0.00655
35	0.01491	0.01879	0.01186	0.01072	0.01266	0.75960	0.00813	0.01597	0.01126	0.01015	0.00633	0.00764	0.00536	0.00456	0.00468	0.00114	0.08658	0.00277	0.00211	0.00479
36	0.00593	0.00445	0.00668	0.00668	0.00742	0.00519	0.00519	0.00742	0.00668	0.00964	0.01113	0.01632	0.01038	0.03115	0.83756	0.00668	0.01113	0.00445	0.00223	0.00371
37	0.00861	0.00738	0.00861	0.00615	0.00984	0.00554	0.00492	0.01046	0.00861	0.01354	0.00738	0.00861	0.00615	0.00308	0.00308	0.00062	0.00308	0.00246	0.00246	0.87941
38	0.01111	0.85652	0.02177	0.00711	0.01066	0.01644	0.00711	0.01244	0.00844	0.00977	0.00577	0.00666	0.00533	0.00355	0.00267	0.00089	0.00444	0.00222	0.00178	0.00533
39	0.03111	0.74312	0.02024	0.00733	0.01077	0.06043	0.00708	0.03138	0.00897	0.03904	0.00628	0.00705	0.00553	0.00369	0.00281	0.00093	0.00455	0.00235	0.00199	0.00538
40	0.01552	0.01980	0.01177	0.01070	0.01284	0.83735	0.00803	0.01659	0.01177	0.01017	0.00642	0.00749	0.00535	0.00428	0.00375	0.00107	0.00749	0.00268	0.00214	0.00482
41	0.00909	0.00909	0.01272	0.01091	0.01091	0.01272	0.00909	0.01000	0.00636	0.01000	0.00545	0.00909	0.00545	0.00727	0.01363	0.00182	0.84642	0.00364	0.00182	0.00454
42	0.01028	0.00987	0.01686	0.02550	0.82811	0.00987	0.01275	0.01275	0.00946	0.01357	0.00781	0.01028	0.00658	0.00370	0.00411	0.00123	0.00493	0.00370	0.00206	0.00658
43	0.00861	0.00738	0.00861	0.00615	0.00984	0.00554	0.00492	0.01046	0.00861	0.01354	0.00738	0.00861	0.00615	0.00308	0.00308	0.00062	0.00308	0.00246	0.00246	0.87941
44	0.00833	0.02149	0.83250	0.01184	0.01798	0.00965	0.01535	0.01315	0.00877	0.01315	0.00745	0.00877	0.00526	0.00395	0.00395	0.00132	0.00614	0.00307	0.00175	0.00614
45	0.00669	0.00478	0.00669	0.00765	0.00861	0.00478	0.00669	0.00861	0.00956	0.01243	0.02199	0.04685	0.02391	0.01147	0.00574	0.00191	0.00382	0.80015	0.00382	0.00382
46	0.01864	0.00707	0.00964	0.00739	0.01060	0.00611	0.00611	0.02024	0.01189	0.83099	0.01639	0.01414	0.01028	0.00514	0.00418	0.00129	0.00353	0.00418	0.00514	0.00707
47	0.00502	0.00418	0.00438	0.00439	0.00569	0.00354	0.00327	0.00615	0.00963	0.01176	0.12352	0.07952	0.70381	0.01043	0.00493	0.00141	0.00210	0.00879	0.00393	0.00354
48	0.01844	0.00711	0.00963	0.00741	0.01061	0.00620	0.00612	0.02029	0.03057	0.81219	0.01640	0.01417	0.01034	0.00515	0.00418	0.00129	0.00353	0.00419	0.00512	0.00706
49	0.00563	0.00415	0.00526	0.00517	0.00610	0.00379	0.00381	0.00729	0.01091	0.01506	0.60501	0.14878	0.14482	0.00941	0.00496	0.00137	0.00204	0.00829	0.00437	0.00379
50	0.01058	0.00929	0.00952	0.00854	0.01090	0.03482	0.00664	0.03573	0.78272	0.01732	0.01648	0.01516	0.01237	0.00558	0.00421	0.00140	0.00343	0.00462	0.00416	0.00653
51	0.01118	0.65830	0.08986	0.00831	0.04130	0.03911	0.00795	0.02709	0.00891	0.03495	0.00646	0.00735	0.00558	0.00367	0.00295	0.00095	0.00462	0.00246	0.00196	0.03704
52	0.00604	0.00403	0.00453	0.00453	0.00453	0.00403	0.00252	0.00604	0.00604	0.00805	0.01309	0.02718	0.01510	0.85402	0.02114	0.00403	0.00403	0.00604	0.00252	0.00252
53	0.00833	0.02149	0.83250	0.01184	0.01798	0.00965	0.01535	0.01315	0.00877	0.01315	0.00745	0.00877	0.00526	0.00395	0.00395	0.00132	0.00614	0.00307	0.00175	0.00614
54	0.85151	0.00800	0.00624	0.00553	0.00813	0.00920	0.00456	0.01251	0.00725	0.04856	0.00617	0.00702	0.00471	0.00390	0.00263	0.00129	0.00322	0.00232	0.00267	0.00459
55	0.00598	0.00400	0.00455	0.00461	0.00462	0.00399	0.00260	0.00602	0.00616	0.00821	0.01368	0.07689	0.01585	0.80329	0.02019	0.00389	0.00393	0.00639	0.00260	0.00257
56	0.00774	0.00387	0.00387	0.00387	0.00484	0.00387	0.00290	0.00968	0.00871	0.01549	0.01355	0.01549	0.01065	0.00484	0.00290	0.00097	0.00194	0.00387	0.87708	0.00387
57	0.88336	0.00803	0.00611	0.00546	0.00803	0.00932	0.00450	0.01221	0.00707	0.01864	0.00578	0.00675	0.00450	0.00386	0.00257	0.00129	0.00321	0.00225	0.00257	0.00450
58	0.00604	0.00403	0.00453	0.00453	0.00453	0.00403	0.00252	0.00604	0.00604	0.00805	0.01309	0.02718	0.01510	0.85402	0.02114	0.00403	0.00403	0.00604	0.00252	0.00252
59	0.00998	0.00957	0.01632	0.12560	0.73033	0.00979	0.01260	0.01249	0.00932	0.01321	0.00776	0.01038	0.00645	0.00376	0.00412	0.00125	0.00501	0.00370	0.00203	0.00634
60	0.00861	0.00738	0.00861	0.00615	0.00984	0.00554	0.00492	0.01046	0.00861	0.01354	0.00738	0.00861	0.00615	0.00308	0.00308	0.00062	0.00308	0.00246	0.00246	0.87941
61	0.00555	0.00377	0.00503	0.00579	0.00618	0.00350	0.00393	0.00639	0.00836	0.03681	0.08286	0.76357	0.02781	0.01243	0.00524	0.00165	0.00241	0.01125	0.00395	0.00353
62	0.05497	0.20624	0.30919	0.03395	0.04879	0.05050	0.02952	0.05716	0.03951	0.10959	0.01862	0.00953	0.00671	0.00417	0.00367	0.00120	0.00508	0.00319	0.00250	0.00592
63	0.00893	0.01841	0.60076	0.01303	0.01854	0.00981	0.20665	0.01356	0.03112	0.02841	0.00810	0.00964	0.00581	0.00391	0.00419	0.00134	0.00622	0.00357	0.00197	0.00604
64	0.00494	0.00407	0.00435	0.00456	0.00570	0.00348	0.00331	0.00592	0.00913	0.01108	0.03776	0.22244	0.64675	0.01108	0.00500	0.00147	0.00217	0.00945	0.00386	0.00348
65	0.01642	0.02311	0.02785	0.00833	0.03494	0.02268	0.00672	0.10923	0.01220	0.58315	0.03659	0.04642	0.01080	0.00549	0.00454	0.00130	0.03462	0.00440	0.00456	0.00664
66	0.03637	0.37278	0.12668	0.03644	0.06645	0.01208	0.02966	0.03827	0.06141	0.06770	0.00850	0.02091	0.00700	0.00645	0.07336	0.00160	0.02319	0.00324	0.00235	0.00556
67	0.00868	0.01410	0.40719	0.00948	0.01327	0.00879	0.01022	0.05888	0.20869	0.01408	0.01175	0.07280	0.01000	0.09585	0.03647	0.00184	0.00504	0.00449	0.00274	0.00563
68	0.00506	0.00364	0.00480	0.00573	0.00601	0.00338	0.00383	0.00579	0.00801	0.01063	0.02360	0.82160	0.05673	0.01292	0.00529	0.00168	0.00240	0.01170	0.00386	0.00338
69	0.01084	0.03360	0.18620	0.01581	0.19736	0.11617	0.24134	0.06571	0.04498	0.02442	0.01886	0.01031	0.00680	0.00401	0.00424	0.00128	0.00594	0.00385	0.00231	0.00596
70	0.01004	0.00928	0.01166	0.31434	0.13263	0.08271	0.00926	0.03961	0.25704	0.03554	0.02274	0.01322	0.03424	0.00486	0.00417	0.00134	0.00470	0.00413	0.00289	0.00560
71	0.00520	0.00419	0.00460	0.00455	0.00576	0.00362	0.00337	0.00645	0.00992	0.01255	0.24703	0.07261	0.56341	0.03172	0.00534	0.00146	0.00213	0.00850	0.00401	0.00358
72	0.00905	0.00774	0.00927	0.00668	0.01034	0.00613	0.02729	0.05341	0.02061	0.01425	0.00768	0.00885	0.00630	0.00323	0.00320	0.00068	0.00327	0.00263	0.00257	0.79684
73	0.00839	0.02106	0.79877	0.01208	0.01813	0.00968	0.04865	0.01316	0.00881	0.01316	0.00749	0.00887	0.00531	0.00393	0.00399	0.00132	0.00617	0.00315	0.00177	0.00612
74	0.00552	0.00381	0.00468	0.00519	0.00532	0.00368	0.00323	0.00590	0.00705	0.00940	0.01828	0.46330	0.02165	0.40897	0.01276	0.00279	0.00317	0.00909	0.00323	0.00297
75	0.00964	0.00880	0.01230	0.40755	0.14280	0.09153	0.03359	0.01220	0.03600	0.06964	0.02870	0.05606	0.01883	0.00564	0.02650	0.00149	0.02693	0.00429	0.00243	0.00508
76	0.01266	0.12500	0.21570	0.01045	0.02530	0.28089	0.03313	0.11656	0.08062	0.04905	0.00845	0.00913	0.00643	0.00432	0.00381	0.00118	0.00582	0.00317	0.00256	0.00579
77	0.00519	0.00408	0.00469	0.00484	0.00586	0.00358	0.00352	0.00640	0.00969	0.01246	0.23700	0.22924	0.43750	0.01059	0.00500	0.00145	0.00214	0.00917	0.00404	0.00358
78	0.00592	0.00432	0.00519	0.00492	0.00613	0.00384	0.00371	0.00754	0.01092	0.04023	0.51389	0.03377	0.32614	0.00913	0.00488	0.00134	0.00206	0.00787	0.00433	0.00387
79	0.81814	0.00811	0.00640	0.00564	0.00826	0.00931	0.00463	0.03022	0.02611	0.01862	0.00618	0.00708	0.00479	0.00390	0.00266	0.00127	0.00324	0.00234	0.00264	0.03046
80	0.06239	0.26414	0.37082	0.01097	0.04311	0.03442	0.10176	0.01326	0.00891	0.04393	0.00730	0.00853	0.00559	0.00382	0.00360	0.00119	0.00546	0.00303	0.00200	0.00576
81	0.00985	0.16655	0.54280	0.01050	0.02684	0.01051	0.01234	0.04280	0.01991	0.07306	0.00831	0.02396	0.00624	0.00416	0.00375	0.00123	0.00540	0.00320	0.00218	0.02639
82	0.03400	0.00620	0.06907	0.00612	0.00765	0.00523	0.00504	0.02648	0.09774	0.01457	0.32609	0.20223	0.15225	0.00884	0.00472	0.00141	0.00264	0.00768	0.01777	0.00428
83	0.01337	0.00790	0.00952	0.00799	0.03106	0.00799	0.00624	0.25496	0.08245	0.27744	0.22334	0.01765	0.02929	0.00604	0.00437	0.00129	0.00343	0.00501	0.00452	0.00615
84	0.01169	0.10433	0.22177	0.06658	0.13690	0.08364	0.03198	0.09473	0.01064	0.13655	0.01006	0.04123	0.02244	0.00464	0.00398	0.00125	0.00512	0.00379	0.00272	0.00597

[dist]
# distance from previous block
# <min> <max>
4	17

[block]
# block no. 4 follows, 64 sequences, length 45
# corresponding to MSA columns:
# 218-262
name=unknown_E
#
# <colnr> <probs for GDERKNQSTAVLIFYWHMCP>
#	G	D	E	R	K	N	Q	S	T	A	V	L	I	F	Y	W	H	M	C	P
0	0.01203	0.11022	0.16650	0.02156	0.08254	0.03231	0.16631	0.17113	0.01155	0.11876	0.00924	0.01958	0.00687	0.00422	0.00404	0.00122	0.00521	0.00372	0.00282	0.05017
1	0.01045	0.27122	0.37786	0.03789	0.01497	0.04758	0.03697	0.03446	0.00931	0.06958	0.00762	0.00863	0.00577	0.00390	0.00357	0.00114	0.00532	0.00294	0.00213	0.04869
2	0.01088	0.64032	0.04419	0.00811	0.05067	0.01441	0.00735	0.07411	0.00941	0.01169	0.02012	0.00892	0.02795	0.00451	0.01876	0.00108	0.00446	0.00279	0.03487	0.00540
3	0.05372	0.00926	0.11348	0.01203	0.21624	0.00755	0.01595	0.04711	0.03683	0.19099	0.13245	0.03689	0.06045	0.00547	0.00419	0.00127	0.00390	0.00470	0.00341	0.04410
4	0.01238	0.05550	0.18892	0.00987	0.03772	0.16593	0.02519	0.10009	0.08626	0.15564	0.03708	0.03554	0.04470	0.00519	0.00425	0.00127	0.02139	0.00406	0.00315	0.00586
5	0.01497	0.01885	0.01171	0.01056	0.01265	0.76892	0.00797	0.01606	0.01140	0.01027	0.00641	0.00761	0.00538	0.00439	0.00421	0.00109	0.04849	0.00272	0.00214	0.03422
6	0.00867	0.00823	0.01396	0.56526	0.30090	0.00945	0.01195	0.01134	0.00870	0.01162	0.00753	0.01080	0.00589	0.00400	0.00414	0.00133	0.00533	0.00369	0.00192	0.00528
7	0.01108	0.01092	0.10657	0.03883	0.56697	0.00963	0.02312	0.06952	0.01032	0.08807	0.01993	0.01075	0.00722	0.00402	0.00413	0.00125	0.00492	0.00375	0.00248	0.00652
8	0.00670	0.00505	0.04606	0.00628	0.00721	0.00423	0.00473	0.02874	0.00866	0.08200	0.02171	0.65421	0.05881	0.01213	0.03080	0.00176	0.00300	0.01015	0.00382	0.00394
9	0.00505	0.00365	0.00478	0.00569	0.00600	0.00338	0.00381	0.00579	0.00804	0.01064	0.02403	0.80333	0.07472	0.01287	0.00528	0.00167	0.00239	0.01163	0.00386	0.00338
10	0.00982	0.01115	0.02417	0.01786	0.05701	0.01048	0.77799	0.01328	0.00979	0.01332	0.00838	0.01116	0.00631	0.00351	0.00487	0.00139	0.00691	0.00485	0.00210	0.00565
11	0.01308	0.00970	0.03536	0.01612	0.37323	0.02105	0.02471	0.18054	0.01205	0.20619	0.01110	0.05923	0.00868	0.00485	0.00421	0.00128	0.00450	0.00428	0.00331	0.00656
12	0.00557	0.00408	0.00523	0.00527	0.00610	0.00374	0.00383	0.00712	0.01055	0.01456	0.54145	0.24559	0.11173	0.00986	0.00500	0.00141	0.00209	0.00875	0.00432	0.00374
13	0.00604	0.00404	0.00460	0.00460	0.00462	0.00406	0.00260	0.00609	0.00606	0.00811	0.01302	0.02683	0.01495	0.82728	0.04767	0.00411	0.00426	0.00599	0.00251	0.00256
14	0.45836	0.01014	0.04015	0.00774	0.01076	0.02665	0.03124	0.29608	0.03322	0.03859	0.00794	0.00851	0.00585	0.00433	0.00336	0.00128	0.00401	0.00300	0.00318	0.00562
15	0.03865	0.01027	0.01501	0.07724	0.53987	0.08316	0.03118	0.03145	0.01003	0.11052	0.00868	0.01045	0.00678	0.00398	0.00406	0.00124	0.00503	0.00365	0.00248	0.00627
16	0.00548	0.00395	0.00519	0.00547	0.00611	0.00366	0.00388	0.00685	0.00994	0.01374	0.43728	0.41333	0.04834	0.01064	0.00509	0.00149	0.00217	0.00954	0.00423	0.00366
17	0.00669	0.00478	0.00669	0.00765	0.00861	0.00478	0.00669	0.00861	0.00956	0.01243	0.02199	0.04685	0.02391	0.01147	0.00574	0.00191	0.00382	0.80015	0.00382	0.00382
18	0.05661	0.01629	0.01119	0.06598	0.01330	0.57836	0.00788	0.03035	0.13953	0.01202	0.00816	0.00904	0.00651	0.00454	0.00401	0.00117	0.02436	0.00308	0.00250	0.00510
19	0.01566	0.00824	0.00993	0.00801	0.01096	0.00831	0.00649	0.12405	0.26676	0.47093	0.01572	0.01402	0.01062	0.00528	0.00419	0.00132	0.00359	0.00428	0.00473	0.00691
20	0.01250	0.16961	0.06808	0.00885	0.02745	0.07697	0.00764	0.32492	0.04418	0.01761	0.00839	0.00899	0.00649	0.00417	0.00359	0.00104	0.00451	0.00308	0.00298	0.19893
21	0.01038	0.40072	0.22085	0.00952	0.01351	0.04121	0.10864	0.01323	0.03533	0.03738	0.00779	0.00893	0.00621	0.00388	0.00341	0.00110	0.00504	0.00304	0.06431	0.00554
22	0.01159	0.28609	0.23666	0.01002	0.06160	0.04806	0.00961	0.09117	0.08953	0.09458	0.00894	0.00943	0.00677	0.00419	0.00359	0.00115	0.00486	0.00314	0.00261	0.01640
23	0.00860	0.09565	0.10280	0.02538	0.04978	0.00819	0.02866	0.02192	0.22456	0.04254	0.10853	0.12551	0.09464	0.03875	0.00496	0.00145	0.00363	0.00585	0.00341	0.00519
24	0.00513	0.00417	0.00455	0.00454	0.00577	0.00359	0.00337	0.00636	0.00986	0.01237	0.21259	0.09576	0.59694	0.01025	0.00493	0.00140	0.00209	0.00871	0.00401	0.00359
25	0.01265	0.05140	0.08471	0.00959	0.07964	0.05049	0.00763	0.12387	0.14953	0.23196	0.09292	0.01559	0.04880	0.00552	0.00419	0.00129	0.00402	0.01624	0.00384	0.00615
26	0.01046	0.05503	0.19298	0.03027	0.18265	0.00954	0.07064	0.10117	0.09785	0.06990	0.01099	0.05949	0.02484	0.00482	0.00410	0.00126	0.00471	0.00421	0.00281	0.06228
27	0.01169	0.01189	0.03970	0.02456	0.23462	0.23209	0.09570	0.01376	0.02633	0.09230	0.00990	0.06985	0.00866	0.04034	0.00540	0.00140	0.04987	0.01421	0.01228	0.00544
28	0.04357	0.00783	0.00995	0.00769	0.01087	0.00734	0.00634	0.13830	0.03713	0.66270	0.01513	0.01334	0.00970	0.00509	0.00413	0.00128	0.00367	0.00407	0.00489	0.00698
29	0.02730	0.07559	0.11146	0.23679	0.07960	0.00952	0.06082	0.06448	0.07358	0.18873	0.02535	0.01163	0.00789	0.00446	0.00405	0.00130	0.00480	0.00381	0.00296	0.00588
30	0.07725	0.06653	0.02153	0.02638	0.06859	0.05419	0.02488	0.25833	0.01275	0.20984	0.01185	0.10746	0.00965	0.00557	0.00414	0.00128	0.01262	0.00450	0.00365	0.01901
31	0.00512	0.00366	0.00489	0.00585	0.00612	0.00343	0.00396	0.00589	0.00801	0.01067	0.02286	0.82118	0.02734	0.01296	0.00532	0.00170	0.00246	0.04134	0.00385	0.00339
32	0.00651	0.00468	0.00560	0.00523	0.00651	0.00429	0.00396	0.04719	0.01128	0.04571	0.48147	0.06680	0.27722	0.00901	0.00486	0.00135	0.00221	0.00777	0.00432	0.00404
33	0.01031	0.04579	0.27997	0.02703	0.32959	0.00979	0.06665	0.04883	0.00985	0.07451	0.03592	0.01068	0.00745	0.00416	0.00428	0.00128	0.02164	0.00369	0.00235	0.00623
34	0.00858	0.00768	0.01249	0.76144	0.04290	0.00940	0.01123	0.05894	0.00907	0.02798	0.00773	0.01105	0.00574	0.00421	0.00415	0.00137	0.00543	0.00370	0.00205	0.00485
35	0.01598	0.00754	0.00951	0.00757	0.01046	0.00721	0.00616	0.09660	0.13423	0.55824	0.08758	0.01543	0.01289	0.00550	0.00425	0.00130	0.00346	0.00451	0.00486	0.00671
36	0.01032	0.02557	0.21805	0.02316	0.13054	0.04094	0.19022	0.04076	0.04059	0.07691	0.00950	0.01120	0.02687	0.00530	0.02735	0.00151	0.10902	0.00397	0.00240	0.00580
37	0.01174	0.04628	0.16589	0.12859	0.05995	0.12464	0.06276	0.22370	0.10667	0.01618	0.00908	0.01018	0.00679	0.00443	0.00406	0.00127	0.00542	0.00359	0.00278	0.00599
38	0.01210	0.04090	0.25150	0.02961	0.02533	0.14321	0.11960	0.24413	0.01240	0.02736	0.00812	0.00934	0.00604	0.00441	0.00456	0.00128	0.04801	0.00349	0.00261	0.00600
39	0.03869	0.00776	0.00916	0.00730	0.05009	0.00633	0.00549	0.05206	0.02018	0.02884	0.00777	0.00889	0.00633	0.00330	0.00320	0.00072	0.00326	0.00264	0.00260	0.73538
40	0.06670	0.03181	0.31883	0.01130	0.06481	0.02995	0.07819	0.14359	0.02892	0.14321	0.00940	0.01004	0.00665	0.00425	0.00397	0.00126	0.00513	0.00348	0.00286	0.03565
41	0.00926	0.28485	0.01300	0.00788	0.03710	0.00994	0.04552	0.11269	0.06147	0.01372	0.09570	0.18131	0.08140	0.00684	0.00405	0.00125	0.00364	0.00576	0.01965	0.00498
42	0.00601	0.00401	0.00454	0.00457	0.00458	0.00401	0.00256	0.00603	0.00610	0.00813	0.01339	0.05299	0.01549	0.82768	0.02065	0.00395	0.00398	0.00622	0.00256	0.00254
43	0.11461	0.07808	0.01215	0.01072	0.10424	0.26649	0.05560	0.01541	0.09469	0.10932	0.00931	0.01010	0.00718	0.00485	0.02091	0.00128	0.00520	0.00332	0.04564	0.03090
44	0.13862	0.08274	0.03852	0.02563	0.32863	0.05824	0.05263	0.04304	0.00967	0.08666	0.02470	0.03287	0.02096	0.01698	0.00408	0.00127	0.00459	0.00377	0.00260	0.02383

[dist]
# distance from previous block
# <min> <max>
0	18

[block]
# block no. 5 follows, 64 sequences, length 100
# corresponding to MSA columns:
# 281-380
name=unknown_F
#
# <colnr> <probs for GDERKNQSTAVLIFYWHMCP>
#	G	D	E	R	K	N	Q	S	T	A	V	L	I	F	Y	W	H	M	C	P
0	0.06433	0.33117	0.08035	0.12605	0.05753	0.02253	0.00822	0.04898	0.06658	0.07262	0.03148	0.01003	0.00746	0.01573	0.00368	0.00116	0.00445	0.00318	0.00250	0.04197
1	0.00515	0.00376	0.00520	0.00601	0.00632	0.00351	0.01931	0.00593	0.00799	0.01066	0.02262	0.83527	0.02707	0.01283	0.00529	0.00168	0.00250	0.01168	0.00382	0.00342
2	0.01167	0.00726	0.00885	0.00651	0.00998	0.00577	0.00526	0.02555	0.00975	0.25621	0.01026	0.01046	0.00751	0.00377	0.00341	0.00083	0.00320	0.00303	0.02707	0.58364
3	0.02113	0.25186	0.32838	0.01038	0.05829	0.05064	0.03340	0.02394	0.00937	0.11090	0.00950	0.01023	0.04069	0.00432	0.00385	0.00119	0.02047	0.00328	0.00234	0.00582
4	0.00506	0.00361	0.00482	0.00578	0.00602	0.00337	0.00386	0.00578	0.00795	0.01060	0.02289	0.85131	0.02747	0.01301	0.00530	0.00169	0.00241	0.01181	0.00386	0.00337
5	0.00513	0.00410	0.00460	0.00485	0.00587	0.00361	0.00349	0.00633	0.02169	0.01162	0.10746	0.28745	0.49707	0.01102	0.00502	0.00148	0.00220	0.00952	0.00393	0.00355
6	0.00717	0.00679	0.01172	0.01000	0.04581	0.00644	0.25425	0.00921	0.02408	0.02203	0.07157	0.20752	0.25676	0.00822	0.00528	0.00147	0.03642	0.00763	0.00323	0.00442
7	0.00829	0.05243	0.01231	0.67967	0.02482	0.03412	0.01041	0.01130	0.05560	0.01081	0.00814	0.01189	0.00647	0.05146	0.00501	0.00150	0.00532	0.00377	0.00203	0.00466
8	0.00567	0.00379	0.00507	0.00590	0.00629	0.00353	0.00403	0.00647	0.00816	0.04487	0.02260	0.79343	0.02665	0.01264	0.00527	0.00168	0.00250	0.03399	0.00391	0.00354
9	0.01506	0.03037	0.02384	0.01063	0.01280	0.74108	0.00816	0.04944	0.01175	0.01086	0.00653	0.00768	0.00543	0.00444	0.00422	0.00111	0.04673	0.00276	0.00220	0.00492
10	0.03652	0.02793	0.15320	0.06294	0.45435	0.02279	0.01157	0.04439	0.02463	0.09001	0.00940	0.01094	0.02456	0.00415	0.00403	0.00126	0.00492	0.00368	0.00245	0.00628
11	0.00986	0.04646	0.02440	0.01707	0.02125	0.01075	0.77942	0.01327	0.00975	0.01316	0.00829	0.01102	0.00626	0.00350	0.00481	0.00138	0.00690	0.00479	0.00209	0.00559
12	0.00604	0.00403	0.00453	0.00453	0.00453	0.00403	0.00252	0.00604	0.00604	0.00805	0.01309	0.02718	0.01510	0.85402	0.02114	0.00403	0.00403	0.00604	0.00252	0.00252
13	0.00861	0.00777	0.03102	0.00631	0.01006	0.00565	0.00521	0.01053	0.00862	0.01352	0.00738	0.00862	0.00613	0.00310	0.00310	0.00063	0.00316	0.00248	0.00244	0.85567
14	0.05546	0.23298	0.06047	0.04562	0.09521	0.37118	0.00850	0.02681	0.01007	0.01127	0.00698	0.02638	0.00605	0.00475	0.02086	0.00121	0.00599	0.00296	0.00210	0.00516
15	0.01111	0.85652	0.02177	0.00711	0.01066	0.01644	0.00711	0.01244	0.00844	0.00977	0.00577	0.00666	0.00533	0.00355	0.00267	0.00089	0.00444	0.00222	0.00178	0.00533
16	0.00535	0.00423	0.00482	0.00467	0.00588	0.00369	0.00350	0.00681	0.01051	0.01369	0.39763	0.03592	0.46933	0.00960	0.00490	0.00136	0.00204	0.00820	0.00418	0.00369
17	0.88336	0.00803	0.00611	0.00546	0.00803	0.00932	0.00450	0.01221	0.00707	0.01864	0.00578	0.00675	0.00450	0.00386	0.00257	0.00129	0.00321	0.00225	0.00257	0.00450
18	0.00509	0.00364	0.00485	0.00576	0.00603	0.00340	0.00386	0.00587	0.00811	0.01086	0.05638	0.81710	0.02796	0.01282	0.00528	0.00167	0.00239	0.01163	0.00389	0.00340
19	0.00604	0.00404	0.00457	0.00457	0.00459	0.00405	0.00257	0.00607	0.00605	0.00808	0.01305	0.02697	0.01501	0.83803	0.03701	0.00408	0.00416	0.00601	0.00251	0.00254
20	0.00774	0.00387	0.00387	0.00387	0.00484	0.00387	0.00290	0.00968	0.00871	0.01549	0.01355	0.01549	0.01065	0.00484	0.00290	0.00097	0.00194	0.00387	0.87708	0.00387
21	0.88336	0.00803	0.00611	0.00546	0.00803	0.00932	0.00450	0.01221	0.00707	0.01864	0.00578	0.00675	0.00450	0.00386	0.00257	0.00129	0.00321	0.00225	0.00257	0.00450
