[name]
unknown

[dist]
# distance from previous block
# <min> <max>
8	224

[block]
# block no. 0 follows, 60 sequences, length 22
# corresponding to MSA columns:
# 278-299
name=unknown_A
#
# <colnr> <probs for GDERKNQSTAVLIFYWHMCP>
#	G	D	E	R	K	N	Q	S	T	A	V	L	I	F	Y	W	H	M	C	P
0	0.00906	0.02906	0.01130	0.11312	0.20344	0.00789	0.03270	0.10469	0.01039	0.02559	0.01551	0.24440	0.05425	0.05746	0.00579	0.00163	0.00421	0.03485	0.00316	0.03147
1	0.01214	0.08212	0.04799	0.08945	0.16730	0.02125	0.03020	0.09374	0.08909	0.17549	0.03673	0.09937	0.02436	0.00584	0.00440	0.00137	0.00444	0.00503	0.00349	0.00620
2	0.07927	0.02410	0.23733	0.03869	0.10143	0.05316	0.02210	0.06482	0.04293	0.16188	0.02433	0.06046	0.05966	0.00553	0.00427	0.00137	0.00484	0.00453	0.00319	0.00610
3	0.01037	0.00973	0.03821	0.52262	0.10168	0.05995	0.03766	0.06906	0.03748	0.05855	0.00884	0.01151	0.00657	0.00447	0.00435	0.00140	0.00568	0.00390	0.00244	0.00554
4	0.03806	0.05984	0.01562	0.17073	0.07257	0.00942	0.24576	0.03559	0.01940	0.03042	0.01208	0.18550	0.01166	0.00645	0.00521	0.00151	0.04410	0.02814	0.00273	0.00520
5	0.01264	0.06427	0.17605	0.03354	0.14876	0.03478	0.16436	0.13003	0.01174	0.14677	0.01002	0.02086	0.00739	0.00452	0.00449	0.00135	0.01491	0.00406	0.00295	0.00653
6	0.01040	0.01024	0.07287	0.27445	0.46985	0.00990	0.01276	0.01320	0.00966	0.06258	0.00859	0.01119	0.00671	0.00414	0.00432	0.00135	0.00538	0.00387	0.00227	0.00627
7	0.00619	0.00480	0.00549	0.00606	0.00674	0.04002	0.00424	0.00717	0.00925	0.02921	0.09650	0.57478	0.15382	0.01222	0.00538	0.00166	0.00273	0.02591	0.00406	0.00377
8	0.01038	0.06983	0.44582	0.01397	0.12404	0.01013	0.11051	0.01422	0.00970	0.08562	0.00872	0.01008	0.00637	0.00408	0.00417	0.00130	0.00584	0.00356	0.00229	0.05938
9	0.01110	0.08039	0.26248	0.03482	0.04338	0.07297	0.07250	0.03510	0.02244	0.14255	0.01371	0.08129	0.07027	0.00635	0.02238	0.00149	0.00535	0.01259	0.00297	0.00586
10	0.09544	0.00561	0.02822	0.00667	0.02389	0.00549	0.00479	0.02784	0.05591	0.04826	0.00877	0.01312	0.00796	0.03653	0.01349	0.60483	0.00386	0.00381	0.00238	0.00312
11	0.01043	0.00920	0.01513	0.12695	0.48700	0.00943	0.04822	0.01365	0.07236	0.06318	0.01164	0.06964	0.03357	0.00508	0.00449	0.00138	0.00487	0.00480	0.00269	0.00629
12	0.01036	0.00936	0.01624	0.21977	0.34578	0.00956	0.14301	0.02987	0.00999	0.06290	0.01014	0.03561	0.02825	0.00452	0.00448	0.00135	0.00536	0.00444	0.00248	0.04653
13	0.01097	0.01093	0.05166	0.14718	0.52390	0.05518	0.03272	0.04322	0.01030	0.03939	0.00879	0.03028	0.00726	0.00432	0.00435	0.00133	0.00541	0.00404	0.00235	0.00640
14	0.00983	0.00897	0.01524	0.35632	0.41285	0.00970	0.03232	0.01252	0.00964	0.04060	0.04392	0.01226	0.00809	0.00435	0.00440	0.00137	0.00531	0.00411	0.00230	0.00593
15	0.05354	0.00944	0.10041	0.10193	0.09365	0.02706	0.10906	0.06772	0.01017	0.05902	0.01585	0.23467	0.07493	0.00738	0.00474	0.00150	0.00458	0.01597	0.00314	0.00524
16	0.03254	0.01359	0.24584	0.01270	0.08164	0.07593	0.17996	0.04431	0.01048	0.07146	0.02585	0.06459	0.11029	0.00569	0.00457	0.00140	0.00548	0.00511	0.00281	0.00576
17	0.08442	0.04084	0.19265	0.13977	0.19743	0.05008	0.14614	0.02598	0.00977	0.02667	0.02311	0.01126	0.02414	0.00430	0.00425	0.00136	0.00573	0.00391	0.00228	0.00590
18	0.01133	0.20144	0.11840	0.06879	0.08148	0.04908	0.07829	0.09319	0.07190	0.05729	0.02855	0.04110	0.00879	0.02718	0.00503	0.00139	0.04403	0.00408	0.00274	0.00592
19	0.02505	0.04661	0.19878	0.03481	0.11638	0.01996	0.13590	0.09199	0.05287	0.13675	0.06634	0.02519	0.01955	0.00496	0.00442	0.00136	0.00518	0.00443	0.00314	0.00632
20	0.03403	0.11904	0.12557	0.01210	0.10199	0.06374	0.11952	0.10743	0.04710	0.08909	0.02867	0.06342	0.03274	0.00555	0.00466	0.02677	0.00510	0.00452	0.00298	0.00596
21	0.01226	0.06009	0.10487	0.04315	0.13571	0.11635	0.08438	0.15437	0.07759	0.04436	0.00947	0.02075	0.00739	0.00463	0.00452	0.00128	0.03310	0.00381	0.00286	0.07906

[dist]
# distance from previous block
# <min> <max>
33	186

[block]
# block no. 1 follows, 60 sequences, length 23
# corresponding to MSA columns:
# 531-553
name=unknown_B
#
# <colnr> <probs for GDERKNQSTAVLIFYWHMCP>
#	G	D	E	R	K	N	Q	S	T	A	V	L	I	F	Y	W	H	M	C	P
0	0.01110	0.12524	0.12876	0.01006	0.04511	0.10739	0.05377	0.05984	0.11924	0.06324	0.07996	0.03381	0.03010	0.00635	0.02969	0.00146	0.00505	0.03131	0.00312	0.05541
1	0.01100	0.17486	0.16916	0.01007	0.05111	0.09762	0.02837	0.05161	0.06946	0.06368	0.04727	0.05781	0.03491	0.00600	0.01904	0.00138	0.03113	0.01956	0.00286	0.05309
2	0.07158	0.16620	0.19258	0.02699	0.08285	0.07649	0.03131	0.05995	0.01998	0.08097	0.04692	0.04854	0.00905	0.00498	0.00426	0.00127	0.03096	0.00388	0.00272	0.03850
3	0.06748	0.18875	0.23120	0.02909	0.03246	0.07471	0.05073	0.09256	0.03690	0.03962	0.05341	0.02754	0.02451	0.00482	0.00393	0.00125	0.00516	0.00377	0.00268	0.02943
4	0.11157	0.15100	0.31210	0.01035	0.05360	0.02936	0.02225	0.03845	0.04320	0.10450	0.03789	0.01048	0.00782	0.00443	0.00381	0.00126	0.00500	0.00339	0.00270	0.04685
5	0.00997	0.10453	0.31825	0.01031	0.05557	0.04072	0.02278	0.06765	0.02644	0.05468	0.11431	0.01538	0.08223	0.00543	0.00421	0.00128	0.00484	0.00440	0.00289	0.05413
6	0.01104	0.68988	0.06243	0.00788	0.01135	0.01577	0.00782	0.01291	0.03353	0.01076	0.00780	0.03568	0.02181	0.00450	0.00370	0.00107	0.05148	0.00300	0.00206	0.00553
7	0.01167	0.16350	0.13860	0.00831	0.01237	0.00992	0.00792	0.11803	0.05523	0.10013	0.00936	0.00989	0.00712	0.00410	0.00363	0.00102	0.00426	0.00313	0.00297	0.32883
8	0.00612	0.00524	0.04787	0.00662	0.00738	0.00444	0.00491	0.05137	0.00908	0.01219	0.02244	0.75388	0.02644	0.01270	0.00543	0.00173	0.00286	0.01145	0.00395	0.00391
9	0.01116	0.58212	0.23570	0.00893	0.01337	0.01515	0.00981	0.05777	0.00961	0.01217	0.00678	0.00778	0.00568	0.00393	0.00324	0.00107	0.00515	0.00266	0.00200	0.00593
10	0.01228	0.03640	0.07695	0.02360	0.11159	0.00814	0.04197	0.10341	0.05082	0.23735	0.04738	0.12862	0.05872	0.00680	0.00463	0.00143	0.00415	0.03577	0.00391	0.00610
11	0.00622	0.00432	0.00541	0.00547	0.00574	0.00448	0.00354	0.00678	0.00699	0.00956	0.05561	0.09227	0.01697	0.52958	0.22421	0.00458	0.00586	0.00649	0.00279	0.00311
12	0.00619	0.00453	0.00595	0.00673	0.00756	0.00433	0.00537	0.00764	0.00949	0.01227	0.04535	0.27710	0.15451	0.03543	0.00618	0.00190	0.00325	0.39841	0.00401	0.00379
13	0.03650	0.05322	0.15316	0.06205	0.08045	0.16930	0.11870	0.09401	0.05960	0.07671	0.00941	0.02328	0.00723	0.00469	0.00458	0.00134	0.03312	0.00386	0.00274	0.00605
14	0.08631	0.04153	0.06524	0.06439	0.06694	0.09602	0.07797	0.28600	0.07389	0.03130	0.01000	0.04308	0.00791	0.00510	0.00446	0.00135	0.02497	0.00409	0.00322	0.00624
15	0.00536	0.00404	0.00499	0.00571	0.00635	0.00366	0.00400	0.00629	0.00890	0.01143	0.02975	0.56994	0.25451	0.01282	0.00547	0.00170	0.00252	0.05488	0.00405	0.00361
16	0.03123	0.07874	0.20277	0.07321	0.12186	0.10417	0.07143	0.12195	0.06601	0.03063	0.02258	0.01167	0.03524	0.00470	0.00420	0.00132	0.00556	0.00388	0.00269	0.00613
17	0.04919	0.04354	0.14225	0.02449	0.17594	0.10281	0.10441	0.05970	0.09164	0.04659	0.02132	0.02652	0.02332	0.00486	0.00473	0.00135	0.04451	0.00409	0.00272	0.02600
18	0.05347	0.06925	0.08662	0.02563	0.09587	0.09134	0.03448	0.17550	0.08507	0.05826	0.02167	0.07121	0.02786	0.00553	0.00455	0.00132	0.03391	0.00442	0.00319	0.05083
19	0.06203	0.14768	0.25076	0.03066	0.05259	0.05737	0.12920	0.05824	0.02469	0.06639	0.02143	0.02198	0.00732	0.00488	0.01874	0.00138	0.00567	0.00369	0.00252	0.03279
20	0.01165	0.16729	0.09838	0.01081	0.06372	0.11028	0.05360	0.10837	0.09910	0.04461	0.05890	0.04209	0.02053	0.00564	0.00484	0.00134	0.05812	0.03188	0.00301	0.00585
21	0.11579	0.07682	0.05494	0.01180	0.14284	0.04351	0.09217	0.10600	0.03463	0.02841	0.04841	0.05989	0.04571	0.03913	0.00484	0.00140	0.00457	0.00456	0.00294	0.08162
22	0.02994	0.08438	0.09393	0.05316	0.04748	0.10689	0.04696	0.16036	0.09356	0.02917	0.05121	0.09260	0.01227	0.00670	0.00518	0.00160	0.02852	0.00513	0.00363	0.04732

[dist]
# distance from previous block
# <min> <max>
22	100

[block]
# block no. 2 follows, 60 sequences, length 7
# corresponding to MSA columns:
# 658-664
name=unknown_C
#
# <colnr> <probs for GDERKNQSTAVLIFYWHMCP>
#	G	D	E	R	K	N	Q	S	T	A	V	L	I	F	Y	W	H	M	C	P
0	0.06252	0.00502	0.00588	0.00606	0.00694	0.00515	0.00431	0.03740	0.05472	0.01222	0.02148	0.34401	0.13547	0.14146	0.13432	0.00285	0.00434	0.00844	0.00352	0.00389
1	0.01052	0.05561	0.09367	0.04263	0.11039	0.04324	0.02665	0.13891	0.02456	0.07569	0.03862	0.18601	0.03524	0.02928	0.00514	0.00153	0.00444	0.06891	0.00342	0.00553
2	0.01056	0.03666	0.04802	0.21030	0.14592	0.02746	0.07222	0.09509	0.05110	0.07643	0.01274	0.05404	0.05915	0.05964	0.00579	0.00158	0.01986	0.00487	0.00292	0.00565
3	0.00913	0.00770	0.03089	0.06778	0.15798	0.00744	0.05277	0.10789	0.03057	0.05146	0.05058	0.21250	0.14219	0.00818	0.00491	0.00150	0.00396	0.04378	0.00354	0.00525
4	0.01030	0.00665	0.00857	0.05286	0.06316	0.00673	0.00617	0.11984	0.05708	0.15316	0.01861	0.29093	0.05589	0.09498	0.00669	0.00182	0.00366	0.03379	0.00396	0.00515
5	0.01121	0.01111	0.07912	0.06755	0.46536	0.05869	0.04012	0.01431	0.05501	0.08411	0.01042	0.06491	0.00876	0.00484	0.00441	0.00135	0.00516	0.00446	0.00266	0.00643
6	0.01036	0.01066	0.06989	0.04476	0.28129	0.12084	0.00954	0.05563	0.03436	0.03879	0.01401	0.17397	0.03667	0.00696	0.00467	0.00145	0.00485	0.07269	0.00300	0.00560

[dist]
# distance from previous block
# <min> <max>
2	4

[block]
# block no. 3 follows, 60 sequences, length 9
# corresponding to MSA columns:
# 669-677
name=unknown_D
#
# <colnr> <probs for GDERKNQSTAVLIFYWHMCP>
#	G	D	E	R	K	N	Q	S	T	A	V	L	I	F	Y	W	H	M	C	P
0	0.09256	0.01014	0.06781	0.10750	0.36642	0.00973	0.04600	0.08723	0.03105	0.02989	0.01033	0.10280	0.00919	0.00525	0.00434	0.00139	0.00486	0.00473	0.00270	0.00608
1	0.01060	0.01016	0.01734	0.08963	0.75821	0.01031	0.01329	0.01321	0.00984	0.01401	0.00817	0.01086	0.00682	0.00392	0.00432	0.00131	0.00523	0.00389	0.00214	0.00675
2	0.01039	0.08174	0.15639	0.12247	0.19691	0.05183	0.10405	0.07175	0.01059	0.03114	0.05104	0.02865	0.03773	0.02103	0.00469	0.00139	0.00544	0.00435	0.00254	0.00588
3	0.00570	0.00423	0.00532	0.00550	0.00634	0.00384	0.00395	0.00715	0.01057	0.01432	0.41137	0.30875	0.17510	0.01090	0.00529	0.00152	0.00224	0.00965	0.00441	0.00384
4	0.01029	0.03539	0.05219	0.07432	0.26851	0.00941	0.08852	0.05893	0.06156	0.04288	0.02431	0.07678	0.00982	0.00521	0.00469	0.00132	0.03232	0.02010	0.00279	0.12066
5	0.07738	0.05831	0.16549	0.07753	0.09038	0.02364	0.04156	0.03606	0.05433	0.07362	0.04253	0.01464	0.05945	0.02620	0.04620	0.00169	0.03487	0.01723	0.00282	0.05607
6	0.00619	0.00496	0.00608	0.00586	0.00701	0.00473	0.00447	0.00766	0.01027	0.01379	0.30363	0.14372	0.28919	0.01001	0.00582	0.00149	0.06467	0.05168	0.00406	0.05470
7	0.01187	0.34117	0.07664	0.02232	0.10669	0.11244	0.05287	0.04185	0.02431	0.05605	0.00905	0.02225	0.02443	0.00491	0.01637	0.00125	0.02405	0.00344	0.02104	0.02703
8	0.00817	0.00663	0.00884	0.00788	0.00890	0.00775	0.00620	0.03137	0.03213	0.03491	0.03995	0.01687	0.04020	0.11764	0.30267	0.00380	0.22945	0.00470	0.00264	0.08930

[dist]
# distance from previous block
# <min> <max>
1	5

[block]
# block no. 4 follows, 60 sequences, length 14
# corresponding to MSA columns:
# 683-696
name=unknown_E
#
# <colnr> <probs for GDERKNQSTAVLIFYWHMCP>
#	G	D	E	R	K	N	Q	S	T	A	V	L	I	F	Y	W	H	M	C	P
0	0.00635	0.00566	0.05388	0.00700	0.00798	0.00521	0.00552	0.00847	0.06362	0.01140	0.01780	0.37313	0.01933	0.05567	0.29741	0.00370	0.00620	0.04437	0.00328	0.00405
1	0.00905	0.04831	0.41019	0.01215	0.08863	0.00959	0.04253	0.02528	0.04792	0.02490	0.03254	0.06258	0.05525	0.00562	0.00505	0.00141	0.06463	0.01577	0.00250	0.03610
2	0.00986	0.03777	0.05887	0.00873	0.05585	0.00777	0.02663	0.07770	0.03412	0.01527	0.03029	0.01014	0.00762	0.00386	0.00383	0.00089	0.02454	0.00311	0.00273	0.58044
3	0.00618	0.00424	0.00493	0.00499	0.00518	0.00421	0.00301	0.00646	0.00696	0.00927	0.04345	0.09202	0.06649	0.65528	0.06632	0.00393	0.00433	0.00694	0.00289	0.00290
4	0.00994	0.04539	0.03574	0.31282	0.06190	0.09334	0.06733	0.03232	0.09731	0.01345	0.05532	0.01264	0.01870	0.00465	0.00421	0.00128	0.00519	0.00401	0.00260	0.12187
5	0.01037	0.00993	0.01693	0.16245	0.68719	0.01025	0.01317	0.01301	0.00973	0.01373	0.00813	0.01093	0.00673	0.00397	0.00432	0.00132	0.00529	0.00388	0.00212	0.00656
6	0.01198	0.12594	0.01382	0.05859	0.05144	0.22369	0.08879	0.11460	0.03155	0.01463	0.07723	0.01338	0.04387	0.00517	0.00431	0.00123	0.02353	0.00412	0.08674	0.00540
7	0.00613	0.00414	0.00482	0.00503	0.00508	0.00409	0.00293	0.00629	0.00675	0.00901	0.01586	0.19598	0.01852	0.67564	0.01878	0.00372	0.00388	0.00759	0.00293	0.00283
8	0.00618	0.00460	0.00677	0.00683	0.00754	0.00527	0.00522	0.00761	0.00706	0.01010	0.01255	0.06869	0.01227	0.07454	0.73603	0.00654	0.01072	0.00524	0.00246	0.00381
9	0.00984	0.00963	0.01218	0.10400	0.06652	0.12191	0.11405	0.04125	0.07784	0.02452	0.16512	0.02959	0.06988	0.05068	0.00649	0.00157	0.08136	0.00536	0.00313	0.00509
10	0.00915	0.01842	0.56662	0.01241	0.01793	0.00974	0.13332	0.04403	0.00999	0.01462	0.05665	0.01103	0.00797	0.00434	0.00430	0.00134	0.00603	0.00378	0.00222	0.06611
11	0.01093	0.00926	0.01127	0.03214	0.01248	0.03987	0.07284	0.16881	0.03492	0.03382	0.00990	0.06452	0.00837	0.00455	0.00389	0.00100	0.00411	0.00386	0.00308	0.47040
12	0.02742	0.11709	0.26585	0.02047	0.03167	0.08825	0.03888	0.05085	0.02048	0.06058	0.05258	0.01316	0.02910	0.05851	0.05941	0.00181	0.00572	0.00392	0.00262	0.05163
13	0.00981	0.08605	0.48214	0.01061	0.01536	0.01004	0.04184	0.09027	0.02273	0.04223	0.01054	0.01303	0.03878	0.10074	0.00621	0.00167	0.00561	0.00395	0.00244	0.00595

[dist]
# distance from previous block
# <min> <max>
1	9

[block]
# block no. 5 follows, 60 sequences, length 10
# corresponding to MSA columns:
# 706,707,709-716
name=unknown_F
#
# <colnr> <probs for GDERKNQSTAVLIFYWHMCP>
#	G	D	E	R	K	N	Q	S	T	A	V	L	I	F	Y	W	H	M	C	P
0	0.01310	0.09265	0.01215	0.00884	0.01185	0.01166	0.00722	0.35027	0.26818	0.04206	0.01318	0.06449	0.01048	0.00569	0.00423	0.00131	0.00407	0.00454	0.00402	0.07001
1	0.01128	0.21484	0.21403	0.06249	0.03106	0.07195	0.07807	0.05277	0.03936	0.06286	0.00863	0.00980	0.00662	0.00416	0.00382	0.00118	0.00534	0.00332	0.02423	0.09416
2	0.01054	0.21129	0.37075	0.03798	0.07250	0.03581	0.01162	0.03973	0.06608	0.05127	0.02677	0.01095	0.02746	0.00454	0.00393	0.00127	0.00537	0.00352	0.00243	0.00618
3	0.03998	0.18877	0.52051	0.01205	0.04542	0.01156	0.07612	0.01381	0.00927	0.03332	0.00773	0.00908	0.00578	0.00404	0.00391	0.00129	0.00594	0.00322	0.00200	0.00621
4	0.00661	0.00468	0.00580	0.00559	0.00679	0.00429	0.00423	0.00862	0.03264	0.04996	0.49628	0.09352	0.21197	0.00965	0.00516	0.00145	0.00232	0.04170	0.00456	0.00419
5	0.03888	0.12637	0.18674	0.01025	0.05326	0.05417	0.04604	0.07367	0.06569	0.14255	0.03602	0.04324	0.06178	0.00597	0.01911	0.00143	0.02120	0.00442	0.00317	0.00603
6	0.01116	0.15613	0.30169	0.01024	0.03323	0.10983	0.01039	0.04190	0.03046	0.09027	0.01168	0.06426	0.03706	0.00565	0.00440	0.00134	0.02523	0.04650	0.00273	0.00584
7	0.00622	0.00456	0.00563	0.00616	0.00686	0.00437	0.00438	0.05672	0.00938	0.01226	0.02547	0.54398	0.14566	0.06759	0.00657	0.00188	0.00287	0.08168	0.00397	0.00379
8	0.00824	0.00775	0.01308	0.83624	0.03004	0.00969	0.01211	0.01114	0.00872	0.01114	0.00775	0.01163	0.00581	0.00436	0.00436	0.00145	0.00581	0.00388	0.00194	0.00484
9	0.00803	0.00615	0.00903	0.00859	0.03364	0.00604	0.09750	0.05981	0.06963	0.05359	0.07242	0.44111	0.03709	0.04555	0.00594	0.00173	0.00352	0.03214	0.00388	0.00462

[dist]
# distance from previous block
# <min> <max>
0	3

[block]
# block no. 6 follows, 60 sequences, length 6
# corresponding to MSA columns:
# 721-726
name=unknown_G
#
# <colnr> <probs for GDERKNQSTAVLIFYWHMCP>
#	G	D	E	R	K	N	Q	S	T	A	V	L	I	F	Y	W	H	M	C	P
0	0.13663	0.13363	0.01287	0.00977	0.01234	0.56101	0.00767	0.01635	0.01119	0.05166	0.00707	0.00798	0.00574	0.00437	0.00362	0.00114	0.00659	0.00276	0.00241	0.00520
1	0.00606	0.00498	0.00540	0.00526	0.00669	0.00461	0.00395	0.00868	0.10463	0.01377	0.21142	0.07787	0.51069	0.01010	0.00509	0.00147	0.00234	0.00857	0.00426	0.00415
2	0.00948	0.00846	0.01266	0.11672	0.32890	0.00889	0.03828	0.03662	0.14594	0.01414	0.01432	0.01713	0.09050	0.09636	0.00634	0.00168	0.00450	0.00492	0.03842	0.00573
3	0.00666	0.00464	0.00557	0.00522	0.00658	0.00410	0.00396	0.00833	0.01142	0.06851	0.46434	0.03505	0.34050	0.00951	0.00510	0.00141	0.00223	0.00817	0.00455	0.00417
4	0.01058	0.01093	0.05896	0.26681	0.28663	0.09864	0.01132	0.04209	0.03525	0.03256	0.00865	0.01152	0.00699	0.02489	0.03909	0.00167	0.04146	0.00386	0.00232	0.00577
5	0.72399	0.01004	0.00752	0.00663	0.00934	0.09878	0.00537	0.06878	0.00887	0.01916	0.00645	0.00741	0.00501	0.00418	0.00295	0.00132	0.00396	0.00252	0.00277	0.00495

[dist]
# distance from previous block
# <min> <max>
3	8

[block]
# block no. 7 follows, 60 sequences, length 19
# corresponding to MSA columns:
# 745-763
name=unknown_H
#
# <colnr> <probs for GDERKNQSTAVLIFYWHMCP>
#	G	D	E	R	K	N	Q	S	T	A	V	L	I	F	Y	W	H	M	C	P
0	0.02237	0.00952	0.01268	0.38951	0.16643	0.09790	0.01037	0.06015	0.01019	0.02675	0.02047	0.06355	0.00880	0.00522	0.00437	0.00138	0.00534	0.03363	0.00251	0.04888
1	0.00893	0.00763	0.00892	0.00645	0.01021	0.00574	0.00513	0.01083	0.00902	0.01411	0.00827	0.03560	0.00717	0.00356	0.00330	0.00068	0.00321	0.00290	0.00263	0.84572
2	0.00590	0.00450	0.00495	0.00480	0.00611	0.00391	0.00355	0.00718	0.01035	0.03572	0.23378	0.03791	0.54401	0.07044	0.00636	0.00164	0.00236	0.00854	0.00417	0.00382
3	0.00834	0.00646	0.00767	0.00737	0.00873	0.00693	0.01904	0.04304	0.30532	0.01411	0.03349	0.22573	0.06734	0.05032	0.00742	0.11708	0.00336	0.05968	0.00383	0.00476
4	0.01121	0.01134	0.06326	0.17179	0.40977	0.08988	0.01176	0.03927	0.06267	0.05033	0.00946	0.01214	0.00760	0.00451	0.00434	0.00135	0.00541	0.02513	0.00252	0.00628
5	0.00744	0.00384	0.00558	0.00558	0.00558	0.00384	0.00366	0.00575	0.00575	0.00767	0.00825	0.01492	0.00848	0.10571	0.01761	0.77848	0.00384	0.00407	0.00198	0.00198
6	0.05240	0.07022	0.03559	0.00910	0.01230	0.01198	0.00771	0.49808	0.07668	0.07561	0.01108	0.01144	0.00815	0.00723	0.06794	0.00173	0.00506	0.00389	0.02704	0.00674
7	0.00996	0.01089	0.02136	0.01591	0.01884	0.01163	0.53280	0.01272	0.00907	0.01278	0.00791	0.01119	0.00644	0.00564	0.02811	0.00174	0.27070	0.00471	0.00211	0.00548
8	0.00541	0.00384	0.00503	0.00595	0.00618	0.00361	0.00391	0.00610	0.00816	0.01088	0.02305	0.76584	0.02760	0.09340	0.00716	0.00201	0.00269	0.01182	0.00391	0.00346
9	0.67887	0.00800	0.00674	0.00597	0.00855	0.00892	0.00483	0.03737	0.00827	0.05729	0.00838	0.06812	0.00712	0.00484	0.00307	0.00134	0.00332	0.00330	0.03176	0.04393
10	0.00543	0.00390	0.00514	0.00608	0.00642	0.00365	0.00415	0.00626	0.00846	0.01120	0.02454	0.74333	0.06084	0.03603	0.00603	0.00184	0.00265	0.05650	0.00401	0.00355
11	0.01188	0.09838	0.01182	0.00806	0.01153	0.04590	0.00664	0.23213	0.10091	0.01773	0.00967	0.01072	0.00770	0.00435	0.00371	0.00100	0.00406	0.01799	0.00322	0.39259
12	0.03110	0.01037	0.06947	0.00924	0.01235	0.01008	0.03879	0.25056	0.25050	0.11915	0.04140	0.05271	0.01157	0.00644	0.02589	0.00152	0.00436	0.00474	0.00408	0.04567
13	0.02251	0.24162	0.04772	0.00986	0.03917	0.11145	0.06867	0.14283	0.08175	0.01505	0.03335	0.09093	0.01001	0.00536	0.00398	0.00122	0.00487	0.00433	0.00293	0.06237
14	0.00663	0.00540	0.00622	0.00638	0.02993	0.00528	0.00456	0.00991	0.15353	0.01395	0.18737	0.14441	0.34440	0.03246	0.01761	0.00165	0.00275	0.01901	0.00415	0.00440
15	0.00763	0.00574	0.00756	0.06622	0.01032	0.00595	0.00674	0.07318	0.04317	0.01391	0.02266	0.15666	0.08814	0.01086	0.00557	0.00181	0.00382	0.46176	0.00392	0.00437
16	0.03326	0.06336	0.02982	0.03173	0.02389	0.30147	0.00828	0.30337	0.04892	0.05401	0.01814	0.01017	0.00739	0.00576	0.02984	0.00142	0.01628	0.00352	0.00325	0.00612
17	0.00637	0.00457	0.00594	0.00587	0.00683	0.00424	0.01677	0.01898	0.01056	0.03507	0.37729	0.26370	0.14035	0.04842	0.02266	0.00175	0.00270	0.01967	0.00429	0.00398
18	0.00541	0.00434	0.00483	0.00509	0.00623	0.00379	0.00377	0.00654	0.00968	0.01198	0.07875	0.20089	0.54232	0.02937	0.00567	0.00163	0.00245	0.06953	0.00406	0.00368

[dist]
# distance from previous block
# <min> <max>
0	1

[block]
# block no. 8 follows, 60 sequences, length 53
# corresponding to MSA columns:
# 765-784,787-819
name=unknown_I
#
# <colnr> <probs for GDERKNQSTAVLIFYWHMCP>
#	G	D	E	R	K	N	Q	S	T	A	V	L	I	F	Y	W	H	M	C	P
0	0.03350	0.22654	0.17922	0.03460	0.14153	0.19167	0.05303	0.03034	0.01008	0.01253	0.00752	0.02484	0.00632	0.00435	0.00410	0.00122	0.02735	0.00332	0.00213	0.00581
1	0.01091	0.16235	0.21980	0.03406	0.22565	0.03076	0.02930	0.11881	0.03694	0.01531	0.05620	0.01156	0.02053	0.00459	0.00409	0.00127	0.00520	0.00380	0.00257	0.00630
2	0.00560	0.00407	0.00555	0.00623	0.00656	0.00384	0.02327	0.00635	0.00815	0.01087	0.02225	0.69884	0.02647	0.12686	0.00783	0.00210	0.00290	0.02494	0.00381	0.00348
3	0.18464	0.02271	0.04888	0.10474	0.25365	0.06992	0.10281	0.07201	0.01023	0.04736	0.00808	0.01001	0.00630	0.00430	0.00442	0.00136	0.03653	0.00362	0.00252	0.00593
4	0.00647	0.00464	0.00591	0.00582	0.00607	0.00508	0.00389	0.00702	0.00657	0.00909	0.01268	0.02393	0.01376	0.54350	0.28054	0.00500	0.04870	0.00568	0.00251	0.00315
5	0.02035	0.24390	0.16990	0.02503	0.10305	0.02097	0.02299	0.05903	0.06367	0.03110	0.08029	0.08303	0.02384	0.00551	0.00403	0.00126	0.00458	0.00452	0.00280	0.03015
6	0.01317	0.01125	0.05954	0.01429	0.23702	0.04533	0.02032	0.26168	0.11823	0.09219	0.04333	0.01294	0.00974	0.02495	0.01517	0.00147	0.00485	0.00424	0.00354	0.00675
7	0.00854	0.00721	0.00848	0.00647	0.00977	0.00561	0.00505	0.01058	0.02992	0.01386	0.01042	0.13235	0.00994	0.00484	0.00361	0.00083	0.00313	0.00409	0.00285	0.72245
8	0.01204	0.00990	0.01053	0.00909	0.01175	0.01132	0.00718	0.20239	0.60884	0.02016	0.01592	0.01496	0.01190	0.00646	0.02599	0.00158	0.00398	0.00469	0.00437	0.00694
9	0.01220	0.00868	0.01008	0.00743	0.01115	0.00759	0.00603	0.18628	0.01205	0.13297	0.00970	0.01019	0.00729	0.00398	0.00364	0.00089	0.00364	0.00314	0.00338	0.55968
10	0.00520	0.00442	0.00448	0.00447	0.00592	0.00370	0.00335	0.00635	0.01005	0.01204	0.07919	0.04155	0.78257	0.01095	0.00515	0.00147	0.00220	0.00915	0.00408	0.00370
11	0.01029	0.01176	0.02574	0.01838	0.02279	0.01103	0.80368	0.01397	0.01029	0.01397	0.00882	0.01176	0.00662	0.00368	0.00515	0.00147	0.00735	0.00515	0.00221	0.00588
12	0.01580	0.00863	0.01000	0.00789	0.01079	0.00880	0.00645	0.32704	0.03045	0.32329	0.01394	0.01345	0.00960	0.00528	0.00409	0.00127	0.00378	0.00415	0.18861	0.00670
13	0.01010	0.01313	0.12637	0.01763	0.02230	0.01092	0.70440	0.01395	0.01016	0.01395	0.00870	0.01144	0.00648	0.00374	0.00502	0.00146	0.00724	0.00490	0.00216	0.00595
14	0.01885	0.00767	0.01016	0.00789	0.01120	0.00689	0.00649	0.03756	0.07269	0.74571	0.01711	0.01486	0.01092	0.00543	0.00439	0.00136	0.00371	0.00442	0.00530	0.00738
15	0.00529	0.00416	0.00476	0.00520	0.00612	0.00366	0.00369	0.00626	0.00926	0.01158	0.04943	0.38183	0.44430	0.02485	0.00560	0.00165	0.00240	0.02231	0.00404	0.00362
16	0.00904	0.00775	0.00904	0.00646	0.01034	0.00581	0.00517	0.01098	0.00904	0.01421	0.00775	0.00904	0.00646	0.00323	0.00323	0.00065	0.00323	0.00258	0.00258	0.87339
17	0.01642	0.00891	0.00967	0.00789	0.01075	0.11025	0.00632	0.03042	0.08064	0.52500	0.05229	0.01698	0.07605	0.00592	0.00440	0.00134	0.00401	0.00476	0.02142	0.00657
18	0.00525	0.00441	0.00456	0.00455	0.00596	0.00372	0.00340	0.00643	0.01012	0.01228	0.11361	0.05964	0.72932	0.01091	0.00516	0.00147	0.00220	0.00916	0.00412	0.00372
19	0.00678	0.00485	0.00675	0.00775	0.00865	0.00481	0.00660	0.00861	0.00980	0.01278	0.02323	0.16222	0.02563	0.01228	0.00596	0.00197	0.00380	0.67954	0.00402	0.00395
20	0.01596	0.02618	0.01290	0.01011	0.03259	0.01292	0.00814	0.70864	0.03307	0.04508	0.01091	0.02197	0.00794	0.00530	0.00432	0.00130	0.00465	0.00404	0.02675	0.00723
21	0.87753	0.00843	0.00641	0.00574	0.00843	0.00978	0.00472	0.01282	0.00742	0.01957	0.00607	0.00709	0.00472	0.00405	0.00270	0.00135	0.00337	0.00236	0.00270	0.00472
22	0.00923	0.00873	0.01381	0.63431	0.11290	0.02999	0.02677	0.05159	0.00947	0.01231	0.00784	0.01130	0.00602	0.00449	0.00481	0.00144	0.04379	0.00388	0.00210	0.00522
23	0.01166	0.84935	0.02285	0.00746	0.01119	0.01726	0.00746	0.01306	0.00886	0.01026	0.00606	0.00700	0.00560	0.00373	0.00280	0.00093	0.00466	0.00233	0.00187	0.00560
24	0.00593	0.00437	0.00548	0.00546	0.00639	0.00401	0.00401	0.00753	0.01093	0.01492	0.49581	0.14661	0.16569	0.06155	0.00629	0.00165	0.00237	0.04275	0.00441	0.00387
25	0.00521	0.00439	0.00453	0.00463	0.00600	0.00371	0.00346	0.00632	0.00982	0.01176	0.04212	0.10293	0.73793	0.01127	0.00521	0.00151	0.00228	0.02919	0.00405	0.00368
26	0.77287	0.00853	0.00700	0.00609	0.00887	0.00970	0.00501	0.04948	0.00840	0.08124	0.00712	0.00783	0.00531	0.00421	0.00290	0.00135	0.00346	0.00259	0.00298	0.00505
27	0.00542	0.00443	0.00479	0.00470	0.00606	0.00380	0.00353	0.00678	0.01058	0.01329	0.24878	0.03949	0.61220	0.01048	0.00515	0.00145	0.00217	0.00886	0.00425	0.00380
28	0.06609	0.00952	0.01118	0.00862	0.01200	0.00963	0.00712	0.35512	0.01562	0.43863	0.01371	0.01255	0.00902	0.00525	0.00428	0.00133	0.00416	0.00408	0.00481	0.00727
29	0.01086	0.01062	0.01725	0.07053	0.74546	0.04162	0.01313	0.01342	0.00996	0.01394	0.00812	0.01073	0.00680	0.00394	0.00431	0.00130	0.00532	0.00384	0.00215	0.00672
30	0.01085	0.00937	0.00986	0.00888	0.01134	0.01085	0.00690	0.02318	0.81164	0.01824	0.01775	0.01627	0.01331	0.00592	0.00444	0.00148	0.00345	0.00493	0.00444	0.00690
31	0.87753	0.00843	0.00641	0.00574	0.00843	0.00978	0.00472	0.01282	0.00742	0.01957	0.00607	0.00709	0.00472	0.00405	0.00270	0.00135	0.00337	0.00236	0.00270	0.00472
32	0.01658	0.01222	0.01309	0.01003	0.01353	0.01353	0.00829	0.80497	0.02051	0.02749	0.01047	0.01047	0.00742	0.00524	0.00436	0.00131	0.00480	0.00393	0.00436	0.00742
33	0.87753	0.00843	0.00641	0.00574	0.00843	0.00978	0.00472	0.01282	0.00742	0.01957	0.00607	0.00709	0.00472	0.00405	0.00270	0.00135	0.00337	0.00236	0.00270	0.00472
34	0.01079	0.01036	0.01770	0.02677	0.81952	0.01036	0.01339	0.01339	0.00993	0.01425	0.00820	0.01079	0.00691	0.00389	0.00432	0.00130	0.00518	0.00389	0.00216	0.00691
35	0.01085	0.00937	0.00986	0.00888	0.01134	0.01085	0.00690	0.02318	0.81164	0.01824	0.01775	0.01627	0.01331	0.00592	0.00444	0.00148	0.00345	0.00493	0.00444	0.00690
36	0.00559	0.00420	0.00521	0.00568	0.00648	0.00382	0.00412	0.00680	0.00971	0.01271	0.18290	0.39724	0.24660	0.01189	0.00541	0.00163	0.00248	0.07959	0.00419	0.00373
37	0.01695	0.01002	0.01146	0.00888	0.01216	0.01046	0.00730	0.46482	0.04350	0.30026	0.01324	0.01249	0.00899	0.00531	0.00430	0.00131	0.00423	0.00413	0.05300	0.00722
38	0.00630	0.00440	0.00561	0.00561	0.00591	0.00469	0.00371	0.00689	0.00660	0.00909	0.01296	0.02422	0.01398	0.53831	0.32804	0.00528	0.00705	0.00571	0.00253	0.00312
39	0.00583	0.00410	0.00534	0.00582	0.00642	0.00378	0.00405	0.00700	0.00969	0.02708	0.26526	0.52884	0.07465	0.02373	0.00563	0.00166	0.00241	0.01063	0.00428	0.00378
40	0.00530	0.00383	0.00502	0.00598	0.00630	0.00355	0.00401	0.00608	0.00844	0.01117	0.02516	0.79923	0.07277	0.01352	0.00554	0.00175	0.00251	0.01222	0.00405	0.00355
41	0.00946	0.00800	0.00927	0.00666	0.01051	0.00624	0.00534	0.05521	0.00968	0.01495	0.00790	0.00912	0.00651	0.00334	0.00329	0.00068	0.00332	0.00266	0.00268	0.82514
42	0.00592	0.00423	0.00575	0.00676	0.00728	0.00406	0.00509	0.00711	0.00894	0.01181	0.02371	0.56508	0.02753	0.01310	0.00573	0.00185	0.00305	0.28526	0.00404	0.00371
43	0.00563	0.00408	0.00506	0.00565	0.00613	0.00381	0.00384	0.00644	0.00854	0.01120	0.07049	0.47825	0.14712	0.16905	0.00862	0.00218	0.00286	0.05379	0.00383	0.00345
44	0.00862	0.00827	0.01339	0.75755	0.08603	0.03045	0.01211	0.01146	0.00890	0.01135	0.00776	0.01147	0.00589	0.00433	0.00435	0.00143	0.00582	0.00385	0.00196	0.00500
45	0.00989	0.01057	0.01907	0.01465	0.01669	0.01228	0.37603	0.01210	0.00835	0.01210	0.00716	0.01057	0.00614	0.00581	0.01008	0.00171	0.45506	0.00443	0.00205	0.00528
46	0.00536	0.00439	0.00472	0.00471	0.00603	0.00376	0.00351	0.00662	0.01030	0.01282	0.18861	0.08514	0.62731	0.01079	0.00518	0.00147	0.00220	0.00914	0.00419	0.00376
47	0.00975	0.00962	0.01748	0.05824	0.42856	0.00953	0.21424	0.01243	0.00988	0.01366	0.01186	0.03977	0.04746	0.00530	0.00492	0.00145	0.01826	0.07912	0.00248	0.00600
48	0.01497	0.26347	0.06562	0.00911	0.01275	0.01133	0.06737	0.11799	0.01190	0.33135	0.02281	0.01144	0.00845	0.00478	0.00423	0.00125	0.02724	0.00373	0.00364	0.00658
49	0.01035	0.01117	0.02294	0.03912	0.02110	0.03345	0.67299	0.01365	0.01024	0.04113	0.01015	0.07367	0.00836	0.00452	0.00510	0.00148	0.00684	0.00556	0.00245	0.00571
50	0.02901	0.02105	0.03466	0.37921	0.05890	0.02256	0.04358	0.01183	0.00924	0.04778	0.03048	0.02882	0.00771	0.00433	0.00404	0.00120	0.00483	0.00378	0.00244	0.25457
51	0.03366	0.05211	0.01003	0.00779	0.05137	0.01815	0.00585	0.02301	0.02019	0.07885	0.00963	0.03457	0.00834	0.04645	0.00461	0.00106	0.01473	0.02120	0.00287	0.55554
52	0.00682	0.00486	0.00609	0.00646	0.00730	0.00468	0.00454	0.05312	0.04984	0.03573	0.04394	0.65813	0.03960	0.01192	0.00529	0.00165	0.00275	0.01070	0.00408	0.04250

[dist]
# distance from previous block
# <min> <max>
0	11

[block]
# block no. 9 follows, 60 sequences, length 28
# corresponding to MSA columns:
# 831-858
name=unknown_J
#
# <colnr> <probs for GDERKNQSTAVLIFYWHMCP>
#	G	D	E	R	K	N	Q	S	T	A	V	L	I	F	Y	W	H	M	C	P
0	0.01083	0.17511	0.17665	0.00948	0.01320	0.01179	0.02948	0.07037	0.36734	0.01604	0.01210	0.01206	0.00923	0.00485	0.00399	0.00129	0.00446	0.00386	0.00323	0.06463
1	0.77458	0.00875	0.00722	0.00632	0.00893	0.01022	0.00521	0.06578	0.00826	0.01963	0.00635	0.00744	0.00496	0.00432	0.00342	0.00138	0.04703	0.00254	0.00277	0.00491
2	0.00885	0.00753	0.00883	0.00639	0.01008	0.00570	0.00510	0.01080	0.00927	0.01443	0.06199	0.01062	0.00878	0.00361	0.00336	0.00069	0.00315	0.00294	0.00273	0.81514
3	0.00566	0.00449	0.00556	0.06115	0.00801	0.00419	0.00458	0.00690	0.00943	0.01192	0.06948	0.31855	0.37139	0.01151	0.00533	0.00163	0.00274	0.08978	0.00394	0.00377
4	0.54593	0.00820	0.00794	0.00659	0.00956	0.00872	0.00544	0.04202	0.00964	0.30350	0.01015	0.00994	0.00696	0.00456	0.00335	0.00135	0.00354	0.00313	0.00371	0.00577
5	0.00547	0.00396	0.00517	0.00586	0.00633	0.00366	0.00401	0.00649	0.00921	0.01238	0.17607	0.63820	0.08184	0.01259	0.00546	0.00168	0.00242	0.01134	0.00419	0.00366
6	0.00535	0.00436	0.00473	0.00478	0.00605	0.00374	0.00353	0.00659	0.01020	0.01272	0.17771	0.12260	0.60060	0.01094	0.00520	0.00149	0.00222	0.00930	0.00418	0.00374
7	0.00570	0.00412	0.00542	0.00631	0.00682	0.00389	0.00458	0.00673	0.00878	0.01152	0.02519	0.58471	0.09250	0.03783	0.00612	0.00187	0.00287	0.17742	0.00400	0.00363
8	0.01536	0.00903	0.01045	0.00853	0.01152	0.00945	0.00688	0.18142	0.31274	0.33574	0.01595	0.01453	0.01106	0.00555	0.00436	0.00138	0.00379	0.00449	0.03066	0.00713
9	0.00904	0.00775	0.00904	0.00646	0.01034	0.00581	0.00517	0.01098	0.00904	0.01421	0.00775	0.00904	0.00646	0.00323	0.00323	0.00065	0.00323	0.00258	0.00258	0.87339
10	0.01085	0.00937	0.00986	0.00888	0.01134	0.01085	0.00690	0.02318	0.81164	0.01824	0.01775	0.01627	0.01331	0.00592	0.00444	0.00148	0.00345	0.00493	0.00444	0.00690
11	0.00824	0.00775	0.01308	0.83624	0.03004	0.00969	0.01211	0.01114	0.00872	0.01114	0.00775	0.01163	0.00581	0.00436	0.00436	0.00145	0.00581	0.00388	0.00194	0.00484
12	0.00875	0.02256	0.82413	0.01243	0.01888	0.01013	0.01611	0.01381	0.00921	0.01381	0.00783	0.00921	0.00552	0.00414	0.00414	0.00138	0.00645	0.00322	0.00184	0.00645
13	0.00531	0.00380	0.00506	0.00607	0.00633	0.00354	0.00405	0.00607	0.00835	0.01113	0.02404	0.84388	0.02885	0.01366	0.00557	0.00177	0.00253	0.01240	0.00405	0.00354
14	0.01866	0.00732	0.00980	0.00761	0.01083	0.00645	0.00625	0.02075	0.04102	0.75160	0.01707	0.01497	0.01091	0.00540	0.00432	0.00134	0.00361	0.00439	0.05049	0.00723
15	0.00619	0.00440	0.00583	0.00612	0.00691	0.00407	0.01784	0.00746	0.00970	0.03575	0.21634	0.40930	0.11947	0.05059	0.00620	0.00176	0.00271	0.08135	0.00417	0.00385
16	0.01029	0.01176	0.02574	0.01838	0.02279	0.01103	0.80368	0.01397	0.01029	0.01397	0.00882	0.01176	0.00662	0.00368	0.00515	0.00147	0.00735	0.00515	0.00221	0.00588
17	0.00519	0.00442	0.00446	0.00445	0.00591	0.00370	0.00334	0.00632	0.01002	0.01196	0.06863	0.04168	0.79318	0.01098	0.00515	0.00147	0.00220	0.00916	0.00407	0.00370
18	0.00919	0.01019	0.07174	0.01051	0.03812	0.11256	0.09497	0.01070	0.00807	0.01074	0.00924	0.01519	0.00900	0.20308	0.14519	0.00306	0.22723	0.00451	0.00223	0.00449
19	0.01036	0.06727	0.30539	0.09768	0.26886	0.06565	0.07369	0.03596	0.00998	0.01365	0.00791	0.00994	0.00613	0.00408	0.00420	0.00132	0.00600	0.00358	0.00208	0.00627
20	0.00949	0.06379	0.65733	0.01296	0.04245	0.01045	0.08578	0.01404	0.00943	0.04289	0.00817	0.00957	0.00586	0.00412	0.00418	0.00136	0.00630	0.00341	0.00201	0.00640
21	0.00754	0.00528	0.00605	0.00579	0.00717	0.00510	0.00436	0.06251	0.06850	0.04660	0.21126	0.17147	0.24806	0.00933	0.00485	0.00144	0.00256	0.01954	0.10815	0.00444
22	0.01039	0.01000	0.06236	0.05416	0.08061	0.06441	0.10334	0.14585	0.10030	0.02789	0.06516	0.15706	0.03712	0.00677	0.00466	0.00143	0.00456	0.01552	0.04281	0.00560
23	0.01020	0.01023	0.01290	0.04389	0.32804	0.13333	0.02106	0.01221	0.00999	0.01325	0.07726	0.03230	0.04351	0.00655	0.04324	0.00153	0.05439	0.02011	0.00259	0.12341
24	0.00629	0.00421	0.00477	0.00482	0.00484	0.00419	0.00271	0.00633	0.00644	0.00859	0.01427	0.07003	0.01652	0.80433	0.02135	0.00410	0.00414	0.00665	0.00271	0.00269
25	0.00914	0.00746	0.00794	0.00755	0.00927	0.03475	0.00572	0.07327	0.33944	0.03083	0.02204	0.26081	0.11635	0.00889	0.00486	0.00155	0.00328	0.03414	0.01734	0.00537
26	0.05066	0.03624	0.08601	0.04149	0.39755	0.03829	0.02257	0.11668	0.03794	0.08890	0.02339	0.01117	0.00779	0.00440	0.00420	0.00130	0.00502	0.00383	0.00285	0.01973
27	0.08228	0.07153	0.03770	0.04388	0.17192	0.07447	0.01806	0.12112	0.04739	0.20657	0.01099	0.01144	0.01810	0.00471	0.00421	0.00128	0.01913	0.00374	0.00337	0.04810

[dist]
# distance from previous block
# <min> <max>
0	4

[block]
# block no. 10 follows, 60 sequences, length 104
# corresponding to MSA columns:
# 863-886,895-953,956-976
name=unknown_K
#
# <colnr> <probs for GDERKNQSTAVLIFYWHMCP>
#	G	D	E	R	K	N	Q	S	T	A	V	L	I	F	Y	W	H	M	C	P
0	0.00566	0.00463	0.01743	0.00642	0.03799	0.00405	0.00444	0.00683	0.00940	0.01219	0.10776	0.42949	0.29087	0.01176	0.00533	0.00162	0.00258	0.03370	0.00402	0.00383
1	0.01123	0.01028	0.01304	0.39287	0.10183	0.08196	0.01040	0.17036	0.12442	0.01563	0.00963	0.01161	0.00728	0.00476	0.00446	0.00139	0.01623	0.00394	0.00282	0.00587
2	0.11803	0.00926	0.01017	0.00813	0.01100	0.00984	0.00662	0.38178	0.04422	0.17464	0.13751	0.01475	0.01334	0.00572	0.00425	0.00133	0.00385	0.00449	0.03465	0.00645
3	0.00658	0.00444	0.00472	0.00473	0.00592	0.00414	0.00351	0.00854	0.04089	0.01428	0.12316	0.09792	0.33634	0.00866	0.00440	0.00132	0.00220	0.00730	0.31696	0.00399
4	0.00804	0.00408	0.00414	0.00413	0.00514	0.00407	0.00310	0.01008	0.00929	0.01631	0.04983	0.01698	0.01251	0.00525	0.00314	0.00103	0.00203	0.00423	0.83253	0.00407
5	0.00971	0.00456	0.00499	0.00464	0.00600	0.00440	0.00357	0.01170	0.00973	0.13229	0.04040	0.01658	0.01208	0.00525	0.00331	0.00108	0.00227	0.00423	0.71865	0.00455
6	0.00861	0.00678	0.00822	0.00771	0.00929	0.00774	0.00597	0.01486	0.35894	0.03602	0.05310	0.01773	0.01353	0.04039	0.38606	0.00410	0.00721	0.00498	0.00346	0.00528
7	0.87753	0.00843	0.00641	0.00574	0.00843	0.00978	0.00472	0.01282	0.00742	0.01957	0.00607	0.00709	0.00472	0.00405	0.00270	0.00135	0.00337	0.00236	0.00270	0.00472
8	0.87753	0.00843	0.00641	0.00574	0.00843	0.00978	0.00472	0.01282	0.00742	0.01957	0.00607	0.00709	0.00472	0.00405	0.00270	0.00135	0.00337	0.00236	0.00270	0.00472
9	0.05498	0.01143	0.01272	0.00975	0.01321	0.01239	0.02683	0.65091	0.01866	0.12836	0.01110	0.01091	0.00771	0.00517	0.00431	0.00132	0.00466	0.00395	0.00437	0.00726
10	0.01124	0.05992	0.37110	0.01119	0.04664	0.03707	0.02612	0.20936	0.01211	0.01700	0.00838	0.00944	0.00623	0.00423	0.00399	0.00121	0.00541	0.00329	0.00263	0.15344
11	0.00533	0.00418	0.00485	0.00536	0.00626	0.00370	0.00385	0.00634	0.00924	0.01157	0.03405	0.39740	0.42293	0.01226	0.00539	0.00164	0.00246	0.05551	0.00405	0.00364
12	0.02840	0.01401	0.23941	0.04226	0.45108	0.02471	0.02894	0.09216	0.01075	0.01540	0.00826	0.01024	0.00648	0.00411	0.00425	0.00133	0.00556	0.00368	0.00230	0.00668
13	0.03497	0.07970	0.09050	0.04921	0.13224	0.12626	0.17656	0.10042	0.03599	0.01474	0.00923	0.05612	0.00776	0.00467	0.00426	0.00129	0.00570	0.00419	0.00258	0.06360
14	0.01029	0.01176	0.02574	0.01838	0.02279	0.01103	0.80368	0.01397	0.01029	0.01397	0.00882	0.01176	0.00662	0.00368	0.00515	0.00147	0.00735	0.00515	0.00221	0.00588
15	0.00515	0.00442	0.00442	0.00442	0.00589	0.00368	0.00331	0.00626	0.00994	0.01178	0.04418	0.04197	0.81775	0.01105	0.00515	0.00147	0.00221	0.00920	0.00405	0.00368
16	0.01634	0.03413	0.01220	0.03292	0.03311	0.26649	0.00795	0.23171	0.03743	0.23889	0.01108	0.01110	0.00790	0.00554	0.02022	0.00138	0.01777	0.00370	0.00373	0.00643
17	0.01035	0.29109	0.36728	0.01090	0.05685	0.02407	0.02502	0.03978	0.04526	0.03033	0.00975	0.01100	0.04096	0.00453	0.00382	0.00124	0.00537	0.01405	0.00228	0.00608
18	0.00538	0.00402	0.00499	0.00565	0.00626	0.00366	0.00392	0.00632	0.00897	0.01165	0.07354	0.56486	0.22436	0.02874	0.00577	0.00173	0.00249	0.03002	0.00406	0.00360
19	0.01065	0.01021	0.01744	0.07269	0.77473	0.01032	0.01331	0.01326	0.00986	0.01407	0.00818	0.01084	0.00685	0.00391	0.00432	0.00130	0.00522	0.00389	0.00215	0.00679
20	0.00982	0.00928	0.01552	0.36212	0.45934	0.01014	0.01262	0.02464	0.02969	0.01326	0.00829	0.01127	0.00662	0.00415	0.00434	0.00137	0.00539	0.00391	0.00216	0.00606
21	0.80820	0.00854	0.00736	0.03317	0.02867	0.00982	0.02445	0.01281	0.00759	0.01904	0.00624	0.00743	0.00486	0.00405	0.00285	0.00135	0.00359	0.00251	0.00265	0.00481
22	0.00891	0.00560	0.00687	0.00611	0.00778	0.00532	0.00473	0.03796	0.07747	0.13123	0.46188	0.02745	0.10015	0.00790	0.00479	0.00135	0.00256	0.01670	0.05938	0.02587
23	0.00980	0.10988	0.45085	0.01307	0.04536	0.02415	0.13189	0.03484	0.00939	0.01336	0.00758	0.00946	0.00582	0.00450	0.00544	0.00140	0.11160	0.00352	0.00199	0.00608
24	0.00538	0.00436	0.00473	0.00477	0.00600	0.00376	0.00350	0.00658	0.01009	0.01260	0.17476	0.11366	0.58547	0.03771	0.00574	0.00157	0.00228	0.00918	0.00413	0.00371
25	0.00676	0.00458	0.00570	0.00550	0.00671	0.00411	0.00412	0.00839	0.01120	0.07163	0.45099	0.13567	0.23314	0.00986	0.00516	0.00146	0.00231	0.02398	0.00454	0.00416
26	0.00608	0.00445	0.00570	0.00539	0.00646	0.00408	0.00404	0.00805	0.01213	0.01697	0.74739	0.03343	0.11130	0.00911	0.00514	0.00138	0.00207	0.00801	0.00473	0.00408
27	0.18136	0.00720	0.00848	0.00682	0.00967	0.00689	0.00558	0.04308	0.01121	0.50628	0.01436	0.01346	0.00959	0.00508	0.00384	0.00129	0.00340	0.00393	0.15217	0.00634
28	0.01085	0.00937	0.00986	0.00888	0.01134	0.01085	0.00690	0.02318	0.81164	0.01824	0.01775	0.01627	0.01331	0.00592	0.00444	0.00148	0.00345	0.00493	0.00444	0.00690
29	0.00904	0.00775	0.00904	0.00646	0.01034	0.00581	0.00517	0.01098	0.00904	0.01421	0.00775	0.00904	0.00646	0.00323	0.00323	0.00065	0.00323	0.00258	0.00258	0.87339
30	0.87753	0.00843	0.00641	0.00574	0.00843	0.00978	0.00472	0.01282	0.00742	0.01957	0.00607	0.00709	0.00472	0.00405	0.00270	0.00135	0.00337	0.00236	0.00270	0.00472
31	0.00824	0.00775	0.01308	0.83624	0.03004	0.00969	0.01211	0.01114	0.00872	0.01114	0.00775	0.01163	0.00581	0.00436	0.00436	0.00145	0.00581	0.00388	0.00194	0.00484
32	0.00610	0.00431	0.00523	0.00554	0.00600	0.00418	0.00379	0.00684	0.00811	0.01068	0.07722	0.18086	0.11776	0.39452	0.03552	0.00301	0.00370	0.11998	0.00341	0.00327
33	0.00523	0.00444	0.00452	0.00456	0.00602	0.00373	0.00346	0.00637	0.00995	0.01183	0.04335	0.04226	0.78634	0.01109	0.00519	0.00149	0.00228	0.04015	0.00405	0.00370
34	0.01157	0.82461	0.04683	0.00761	0.01142	0.01704	0.00772	0.01308	0.00887	0.01037	0.00612	0.00706	0.00559	0.00374	0.00284	0.00095	0.00472	0.00236	0.00186	0.00562
35	0.00531	0.00382	0.00503	0.00600	0.00631	0.00355	0.00402	0.00608	0.00842	0.01116	0.02490	0.80949	0.06268	0.01355	0.00555	0.00176	0.00252	0.01226	0.00405	0.00355
36	0.00541	0.00387	0.00516	0.00611	0.00642	0.00362	0.00415	0.00627	0.00858	0.01148	0.05917	0.78175	0.02927	0.01340	0.00556	0.00176	0.00256	0.03780	0.00408	0.00358
