[name]
unknown

[dist]
# distance from previous block
# <min> <max>
0	73

[block]
# block no. 0 follows, 71 sequences, length 76
# corresponding to MSA columns:
# 87-162
name=unknown_A
#
# <colnr> <probs for GDERKNQSTAVLIFYWHMCP>
#	G	D	E	R	K	N	Q	S	T	A	V	L	I	F	Y	W	H	M	C	P
0	0.01226	0.33056	0.01435	0.00797	0.01084	0.11274	0.02637	0.31518	0.02333	0.04787	0.02140	0.04534	0.00719	0.00438	0.00335	0.00103	0.00437	0.00324	0.00278	0.00544
1	0.02058	0.01878	0.00727	0.07430	0.10752	0.03312	0.00535	0.02753	0.00951	0.01265	0.30653	0.04292	0.27655	0.00729	0.00454	0.00124	0.03087	0.00618	0.00329	0.00398
2	0.04589	0.02241	0.01439	0.01131	0.01269	0.04440	0.22379	0.03020	0.00735	0.02676	0.00610	0.00883	0.00532	0.00541	0.00914	0.00149	0.51449	0.00357	0.00190	0.00457
3	0.02935	0.00671	0.00781	0.00566	0.00894	0.00515	0.00453	0.00990	0.00810	0.04186	0.02523	0.00897	0.01917	0.00313	0.00293	0.00063	0.00282	0.00251	0.00242	0.80418
4	0.01015	0.06630	0.05720	0.01331	0.28547	0.05965	0.02814	0.10649	0.22399	0.02564	0.04018	0.01140	0.01731	0.00435	0.00385	0.00117	0.01449	0.00369	0.02152	0.00572
5	0.00974	0.00864	0.06782	0.00897	0.06774	0.00856	0.02862	0.18028	0.29530	0.04648	0.05536	0.03410	0.02083	0.02722	0.09429	0.00181	0.01422	0.00427	0.00328	0.02246
6	0.00835	0.00690	0.00815	0.02648	0.00959	0.00537	0.00479	0.02953	0.00827	0.03591	0.00710	0.00818	0.00579	0.00296	0.00292	0.00062	0.00294	0.00237	0.00236	0.82142
7	0.01228	0.00544	0.00732	0.00599	0.00809	0.00479	0.00479	0.01390	0.01092	0.49742	0.35984	0.01957	0.02065	0.00604	0.00413	0.00119	0.00265	0.00514	0.00453	0.00531
8	0.00687	0.00629	0.01030	0.70337	0.02267	0.00762	0.00935	0.00925	0.00814	0.01056	0.11770	0.01392	0.04921	0.00464	0.00396	0.00127	0.00453	0.00410	0.00212	0.00413
9	0.00980	0.00818	0.00868	0.00777	0.00996	0.00940	0.00605	0.02032	0.80633	0.04427	0.01559	0.01426	0.01163	0.00519	0.00390	0.00130	0.00304	0.00432	0.00393	0.00608
10	0.00724	0.00681	0.01150	0.85604	0.02641	0.00852	0.01065	0.00980	0.00767	0.00980	0.00681	0.01022	0.00511	0.00383	0.00383	0.00128	0.00511	0.00341	0.00170	0.00426
11	0.00558	0.00372	0.00418	0.00418	0.00418	0.00372	0.00232	0.00558	0.00558	0.00743	0.01208	0.02509	0.01394	0.86525	0.01952	0.00372	0.00372	0.00558	0.00232	0.00232
12	0.01720	0.00653	0.00890	0.00682	0.00979	0.00564	0.00564	0.01869	0.01097	0.84399	0.01513	0.01305	0.00949	0.00475	0.00386	0.00119	0.00326	0.00386	0.00475	0.00653
13	0.00795	0.00681	0.00795	0.00568	0.00909	0.00511	0.00454	0.00965	0.00795	0.01249	0.00681	0.00795	0.00568	0.00284	0.00284	0.00057	0.00284	0.00227	0.00227	0.88869
14	0.01458	0.01074	0.01151	0.00882	0.01189	0.01189	0.00729	0.82855	0.01803	0.02416	0.00921	0.00921	0.00652	0.00460	0.00384	0.00115	0.00422	0.00345	0.00384	0.00652
15	0.00795	0.00681	0.00795	0.00568	0.00909	0.00511	0.00454	0.00965	0.00795	0.01249	0.00681	0.00795	0.00568	0.00284	0.00284	0.00057	0.00284	0.00227	0.00227	0.88869
16	0.00954	0.00824	0.00867	0.00780	0.00997	0.00954	0.00607	0.02037	0.83441	0.01604	0.01561	0.01431	0.01170	0.00520	0.00390	0.00130	0.00303	0.00433	0.00390	0.00607
17	0.89233	0.00741	0.00564	0.00504	0.00741	0.00860	0.00415	0.01127	0.00653	0.01720	0.00534	0.00623	0.00415	0.00356	0.00237	0.00119	0.00297	0.00208	0.00237	0.00415
18	0.00595	0.00430	0.00546	0.00587	0.03980	0.00446	0.00374	0.03295	0.00667	0.00904	0.01348	0.17906	0.01516	0.48201	0.11090	0.00326	0.02673	0.04557	0.00260	0.00300
19	0.00469	0.00336	0.00446	0.00533	0.00559	0.00313	0.00358	0.00538	0.00739	0.00982	0.02146	0.83573	0.04096	0.01195	0.00489	0.00155	0.00224	0.02179	0.00356	0.00312
20	0.00839	0.00839	0.01174	0.01007	0.01007	0.01174	0.00839	0.00923	0.00587	0.00923	0.00503	0.00839	0.00503	0.00671	0.01258	0.00168	0.85823	0.00336	0.00168	0.00419
21	0.00476	0.00348	0.00450	0.00528	0.00568	0.00322	0.00367	0.00554	0.00762	0.00998	0.02322	0.70412	0.12406	0.01163	0.00488	0.00154	0.00228	0.06780	0.00356	0.00316
22	0.89233	0.00741	0.00564	0.00504	0.00741	0.00860	0.00415	0.01127	0.00653	0.01720	0.00534	0.00623	0.00415	0.00356	0.00237	0.00119	0.00297	0.00208	0.00237	0.00415
23	0.01458	0.01074	0.01151	0.00882	0.01189	0.01189	0.00729	0.82855	0.01803	0.02416	0.00921	0.00921	0.00652	0.00460	0.00384	0.00115	0.00422	0.00345	0.00384	0.00652
24	0.00471	0.00336	0.00449	0.00538	0.00562	0.00315	0.00363	0.00541	0.00738	0.00983	0.02111	0.84174	0.02527	0.01198	0.00490	0.00156	0.00226	0.03152	0.00356	0.00312
25	0.00724	0.00681	0.01150	0.85604	0.02641	0.00852	0.01065	0.00980	0.00767	0.00980	0.00681	0.01022	0.00511	0.00383	0.00383	0.00128	0.00511	0.00341	0.00170	0.00426
26	0.00954	0.00824	0.00867	0.00780	0.00997	0.00954	0.00607	0.02037	0.83441	0.01604	0.01561	0.01431	0.01170	0.00520	0.00390	0.00130	0.00303	0.00433	0.00390	0.00607
27	0.01697	0.00646	0.00878	0.00675	0.00967	0.00559	0.00557	0.01846	0.01091	0.82501	0.01507	0.01308	0.00950	0.00474	0.00383	0.00118	0.00323	0.00385	0.02492	0.00646
28	0.00467	0.00335	0.00443	0.00530	0.00555	0.00312	0.00354	0.00534	0.00738	0.00980	0.02159	0.84158	0.04623	0.01195	0.00488	0.00155	0.00222	0.01083	0.00356	0.00312
29	0.00548	0.00410	0.00611	0.00611	0.00678	0.00477	0.00473	0.00682	0.00615	0.00886	0.01032	0.01531	0.00969	0.04961	0.82935	0.00610	0.01011	0.00414	0.00206	0.00340
30	0.01432	0.01827	0.01087	0.00988	0.01185	0.84986	0.00741	0.01531	0.01087	0.00938	0.00593	0.00691	0.00494	0.00395	0.00346	0.00099	0.00691	0.00247	0.00198	0.00444
31	0.00549	0.00406	0.00594	0.00594	0.00655	0.00467	0.00452	0.00670	0.00610	0.00874	0.01047	0.01619	0.01007	0.12252	0.75696	0.00589	0.00954	0.00427	0.00208	0.00330
32	0.00467	0.00334	0.00445	0.00534	0.00556	0.00311	0.00356	0.00534	0.00734	0.00979	0.02113	0.86275	0.02536	0.01201	0.00489	0.00156	0.00222	0.01090	0.00356	0.00311
33	0.00467	0.00336	0.00443	0.00529	0.00555	0.00312	0.00354	0.00534	0.00739	0.00981	0.02174	0.83459	0.05313	0.01193	0.00488	0.00155	0.00221	0.01080	0.00356	0.00312
34	0.01720	0.00653	0.00890	0.00682	0.00979	0.00564	0.00564	0.01869	0.01097	0.84399	0.01513	0.01305	0.00949	0.00475	0.00386	0.00119	0.00326	0.00386	0.00475	0.00653
35	0.00883	0.00843	0.01436	0.26922	0.60084	0.00894	0.01144	0.01119	0.00842	0.01172	0.00709	0.00971	0.00579	0.00354	0.00381	0.00118	0.00472	0.00341	0.00184	0.00554
36	0.01425	0.01334	0.01132	0.01938	0.05019	0.36254	0.01771	0.34269	0.01353	0.09439	0.00820	0.00864	0.00607	0.00429	0.00380	0.00110	0.01694	0.00309	0.00298	0.00556
37	0.00954	0.00824	0.00867	0.00780	0.00997	0.00954	0.00607	0.02037	0.83441	0.01604	0.01561	0.01431	0.01170	0.00520	0.00390	0.00130	0.00303	0.00433	0.00390	0.00607
38	0.53008	0.02356	0.00853	0.01969	0.11234	0.21168	0.00606	0.02703	0.00809	0.01464	0.00580	0.00690	0.00465	0.00365	0.00286	0.00113	0.00418	0.00238	0.00222	0.00452
39	0.89233	0.00741	0.00564	0.00504	0.00741	0.00860	0.00415	0.01127	0.00653	0.01720	0.00534	0.00623	0.00415	0.00356	0.00237	0.00119	0.00297	0.00208	0.00237	0.00415
40	0.00945	0.02251	0.10014	0.01647	0.22621	0.00973	0.43050	0.07115	0.03790	0.01323	0.00783	0.00987	0.00602	0.00354	0.00428	0.00124	0.01835	0.00394	0.00209	0.00556
41	0.00558	0.00372	0.00418	0.00418	0.00418	0.00372	0.00232	0.00558	0.00558	0.00743	0.01208	0.02509	0.01394	0.86525	0.01952	0.00372	0.00372	0.00558	0.00232	0.00232
42	0.00465	0.00356	0.00426	0.00478	0.00542	0.00318	0.00332	0.00547	0.00799	0.01020	0.05724	0.52518	0.32897	0.01100	0.00475	0.00145	0.00210	0.00971	0.00358	0.00318
43	0.00470	0.00336	0.00448	0.00532	0.00557	0.00314	0.00356	0.00542	0.00749	0.01003	0.05631	0.82689	0.02582	0.01183	0.00488	0.00154	0.00221	0.01073	0.00359	0.00314
44	0.00724	0.00681	0.01150	0.85604	0.02641	0.00852	0.01065	0.00980	0.00767	0.00980	0.00681	0.01022	0.00511	0.00383	0.00383	0.00128	0.00511	0.00341	0.00170	0.00426
45	0.00466	0.00345	0.00436	0.00506	0.00549	0.00315	0.00344	0.00541	0.00768	0.01002	0.04217	0.69094	0.17719	0.01149	0.00482	0.00150	0.00216	0.01029	0.00357	0.00315
46	0.00769	0.01983	0.84538	0.01093	0.01659	0.00890	0.01417	0.01214	0.00810	0.01214	0.00688	0.00810	0.00486	0.00364	0.00364	0.00121	0.00567	0.00283	0.00162	0.00567
47	0.01025	0.86756	0.02009	0.00656	0.00984	0.01517	0.00656	0.01148	0.00779	0.00902	0.00533	0.00615	0.00492	0.00328	0.00246	0.00082	0.00410	0.00205	0.00164	0.00492
48	0.00954	0.00824	0.00867	0.00780	0.00997	0.00954	0.00607	0.02037	0.83441	0.01604	0.01561	0.01431	0.01170	0.00520	0.00390	0.00130	0.00303	0.00433	0.00390	0.00607
49	0.01025	0.86756	0.02009	0.00656	0.00984	0.01517	0.00656	0.01148	0.00779	0.00902	0.00533	0.00615	0.00492	0.00328	0.00246	0.00082	0.00410	0.00205	0.00164	0.00492
50	0.00866	0.00955	0.02008	0.20027	0.03412	0.00943	0.63588	0.01173	0.00874	0.01174	0.00754	0.01030	0.00567	0.00337	0.00436	0.00129	0.00614	0.00426	0.00189	0.00499
51	0.01074	0.01093	0.01211	0.04589	0.34146	0.20577	0.00883	0.05649	0.22675	0.01326	0.02403	0.01051	0.00781	0.00417	0.00376	0.00115	0.00466	0.00350	0.00258	0.00560
52	0.00724	0.00681	0.01150	0.85604	0.02641	0.00852	0.01065	0.00980	0.00767	0.00980	0.00681	0.01022	0.00511	0.00383	0.00383	0.00128	0.00511	0.00341	0.00170	0.00426
53	0.00481	0.00350	0.00474	0.00572	0.02371	0.00330	0.00376	0.00555	0.00743	0.00993	0.03546	0.79264	0.03972	0.01213	0.02635	0.00165	0.00247	0.01044	0.00350	0.00320
54	0.00591	0.00464	0.00636	0.00672	0.07941	0.00456	0.00458	0.00765	0.01024	0.01446	0.66869	0.02625	0.07980	0.00749	0.00494	0.00123	0.05292	0.00648	0.00383	0.00385
55	0.00993	0.05810	0.16570	0.00986	0.08956	0.00794	0.06383	0.06468	0.00943	0.06347	0.00845	0.02189	0.00680	0.00396	0.00366	0.00104	0.00421	0.00318	0.00258	0.40173
56	0.68716	0.09479	0.08785	0.00591	0.00867	0.02854	0.00545	0.01159	0.01821	0.01570	0.00564	0.00653	0.00442	0.00357	0.00255	0.00115	0.00343	0.00219	0.00224	0.00441
57	0.01708	0.00673	0.00902	0.00692	0.00989	0.00593	0.00571	0.05740	0.01131	0.80480	0.01484	0.01287	0.00935	0.00474	0.00385	0.00118	0.00331	0.00384	0.00470	0.00652
58	0.00760	0.01870	0.77913	0.01093	0.03578	0.00862	0.01357	0.01182	0.00813	0.01207	0.00798	0.02270	0.02093	0.00403	0.00372	0.00123	0.00547	0.02031	0.00173	0.00555
59	0.00912	0.12359	0.24032	0.01422	0.13704	0.01022	0.34105	0.04465	0.00890	0.01229	0.00715	0.00900	0.00550	0.00348	0.00400	0.00119	0.01742	0.00353	0.00188	0.00544
60	0.01400	0.06836	0.01146	0.02493	0.01198	0.71308	0.00739	0.07478	0.01115	0.02017	0.00626	0.00717	0.00511	0.00397	0.00344	0.00100	0.00647	0.00255	0.00212	0.00465
61	0.00454	0.00383	0.00394	0.00402	0.00521	0.00323	0.00297	0.00549	0.00861	0.01030	0.03719	0.11399	0.76375	0.00993	0.00457	0.00132	0.00197	0.00835	0.00356	0.00323
62	0.00548	0.00404	0.00586	0.00588	0.00653	0.00460	0.00449	0.00673	0.00627	0.00899	0.01152	0.03790	0.03343	0.08489	0.72711	0.00561	0.00918	0.00448	0.02368	0.00334
63	0.00983	0.43896	0.24489	0.05742	0.03690	0.06827	0.02093	0.04191	0.00851	0.02103	0.00623	0.00735	0.00508	0.00357	0.00319	0.00101	0.01543	0.00254	0.00179	0.00516
64	0.01153	0.02436	0.00957	0.00774	0.01021	0.00986	0.00623	0.37602	0.33946	0.03881	0.03305	0.01305	0.04033	0.00508	0.00381	0.00120	0.00344	0.00405	0.05625	0.00595
65	0.00473	0.00337	0.00448	0.00535	0.00558	0.00316	0.00358	0.00540	0.00733	0.00976	0.02089	0.82494	0.02501	0.03325	0.00527	0.00162	0.00229	0.02739	0.00353	0.00310
66	0.00958	0.08203	0.09806	0.07308	0.52031	0.03024	0.04751	0.05595	0.00904	0.01250	0.00706	0.00906	0.00576	0.00358	0.00386	0.00114	0.02029	0.00327	0.00194	0.00573
67	0.00666	0.00333	0.00500	0.00500	0.00500	0.00333	0.00333	0.00500	0.00500	0.00666	0.00666	0.01166	0.00666	0.01332	0.01499	0.88844	0.00333	0.00333	0.00167	0.00167
68	0.00737	0.00388	0.00442	0.00448	0.00539	0.00377	0.00328	0.00902	0.02798	0.08660	0.01533	0.26192	0.01438	0.00671	0.00346	0.00112	0.00208	0.00576	0.52928	0.00376
69	0.59793	0.02304	0.01933	0.00765	0.07221	0.16030	0.00568	0.03139	0.00777	0.01521	0.00569	0.00675	0.00454	0.00372	0.00299	0.00115	0.02563	0.00232	0.00226	0.00444
70	0.00476	0.00372	0.00432	0.00468	0.00551	0.00330	0.00339	0.00571	0.00830	0.01047	0.08113	0.33923	0.42233	0.02817	0.00502	0.00146	0.00217	0.05953	0.00357	0.00322
71	0.02349	0.08189	0.12370	0.01320	0.20844	0.09005	0.10821	0.07460	0.09321	0.01288	0.01848	0.00996	0.00680	0.00424	0.00462	0.00121	0.09177	0.01448	0.01341	0.00538
72	0.00593	0.00448	0.00561	0.00533	0.00631	0.01922	0.00400	0.00666	0.00722	0.00973	0.08339	0.03076	0.20622	0.04277	0.26911	0.16336	0.02057	0.01409	0.00257	0.09266
73	0.01024	0.85340	0.01990	0.00658	0.00984	0.01508	0.00655	0.01163	0.02141	0.00914	0.00550	0.00628	0.00503	0.00331	0.00248	0.00083	0.00408	0.00209	0.00168	0.00494
74	0.03008	0.01854	0.76878	0.01049	0.01574	0.00869	0.01332	0.01181	0.00804	0.01222	0.02717	0.00874	0.00573	0.00448	0.02710	0.00136	0.01756	0.00296	0.00171	0.00550
75	0.74687	0.00780	0.00645	0.00556	0.00804	0.00892	0.00457	0.10592	0.02807	0.01786	0.00607	0.00681	0.00465	0.00370	0.00259	0.00117	0.00311	0.00230	0.00258	0.02696

[dist]
# distance from previous block
# <min> <max>
1	13

[block]
# block no. 1 follows, 71 sequences, length 6
# corresponding to MSA columns:
# 176-181
name=unknown_B
#
# <colnr> <probs for GDERKNQSTAVLIFYWHMCP>
#	G	D	E	R	K	N	Q	S	T	A	V	L	I	F	Y	W	H	M	C	P
0	0.00533	0.00403	0.00556	0.00554	0.00627	0.00438	0.00420	0.00653	0.00676	0.00933	0.05772	0.02021	0.14408	0.10458	0.59196	0.00489	0.00788	0.00503	0.00243	0.00330
1	0.00758	0.00824	0.08623	0.51815	0.21219	0.00825	0.01061	0.01010	0.00798	0.01066	0.00882	0.04602	0.04047	0.00430	0.00388	0.00125	0.00478	0.00386	0.00189	0.00472
2	0.00905	0.01034	0.02262	0.01616	0.02004	0.00970	0.82741	0.01228	0.00905	0.01228	0.00776	0.01034	0.00582	0.00323	0.00452	0.00129	0.00646	0.00452	0.00194	0.00517
3	0.01412	0.01051	0.01125	0.00873	0.01172	0.01168	0.00718	0.75535	0.09196	0.02343	0.00979	0.00967	0.00699	0.00466	0.00384	0.00116	0.00411	0.00353	0.00384	0.00648
4	0.00876	0.37201	0.38462	0.00926	0.01353	0.01132	0.08301	0.01163	0.00819	0.01102	0.04881	0.00853	0.00657	0.00367	0.00327	0.00106	0.00489	0.00287	0.00179	0.00521
5	0.00724	0.00681	0.01150	0.85604	0.02641	0.00852	0.01065	0.00980	0.00767	0.00980	0.00681	0.01022	0.00511	0.00383	0.00383	0.00128	0.00511	0.00341	0.00170	0.00426

[dist]
# distance from previous block
# <min> <max>
0	4

[block]
# block no. 2 follows, 71 sequences, length 31
# corresponding to MSA columns:
# 186-216
name=unknown_C
#
# <colnr> <probs for GDERKNQSTAVLIFYWHMCP>
#	G	D	E	R	K	N	Q	S	T	A	V	L	I	F	Y	W	H	M	C	P
0	0.00495	0.05256	0.00490	0.00415	0.00554	0.00402	0.00319	0.00610	0.02322	0.01037	0.03601	0.05978	0.75351	0.00934	0.00441	0.00128	0.00209	0.00777	0.00346	0.00338
1	0.00548	0.00411	0.00616	0.00616	0.00685	0.00479	0.00479	0.00685	0.00616	0.00890	0.01027	0.01506	0.00959	0.02876	0.85006	0.00616	0.01027	0.00411	0.00205	0.00342
2	0.01050	0.06623	0.04801	0.09767	0.20462	0.01967	0.20666	0.07335	0.03455	0.13491	0.00920	0.04276	0.00720	0.00416	0.00412	0.00121	0.02319	0.00394	0.00254	0.00551
3	0.02400	0.02540	0.15456	0.09331	0.38467	0.08010	0.08588	0.03888	0.01933	0.03003	0.00812	0.01031	0.00653	0.00420	0.00425	0.00132	0.01727	0.00359	0.00227	0.00598
4	0.00607	0.00496	0.00723	0.00689	0.00741	0.00616	0.00544	0.00729	0.00608	0.00892	0.00927	0.01403	0.00880	0.05078	0.65462	0.00518	0.18133	0.00400	0.00199	0.00354
5	0.01119	0.00619	0.00740	0.00612	0.00830	0.00591	0.00490	0.13760	0.06526	0.31998	0.15052	0.02111	0.22604	0.00651	0.00413	0.00122	0.00283	0.00540	0.00416	0.00519
6	0.02837	0.22493	0.13919	0.01198	0.16788	0.14189	0.07780	0.02176	0.04711	0.04574	0.00712	0.00836	0.00572	0.00382	0.00392	0.00110	0.05303	0.00297	0.00204	0.00528
7	0.01744	0.00938	0.11259	0.04923	0.25743	0.00803	0.20869	0.01108	0.06039	0.01221	0.04460	0.03431	0.12543	0.01413	0.00441	0.00127	0.01731	0.00465	0.00236	0.00508
8	0.00481	0.00348	0.00458	0.00542	0.00577	0.00325	0.00378	0.00560	0.00757	0.00999	0.02213	0.73259	0.07456	0.01173	0.00491	0.00156	0.00233	0.08923	0.00356	0.00316
9	0.00472	0.00352	0.00440	0.00497	0.00550	0.00319	0.00343	0.00558	0.00802	0.01051	0.11251	0.59473	0.20281	0.01107	0.00478	0.00146	0.00212	0.00987	0.00363	0.00319
10	0.01014	0.21235	0.31369	0.01091	0.10524	0.03625	0.05927	0.09693	0.00947	0.07687	0.00783	0.03062	0.00613	0.00392	0.00350	0.00111	0.00484	0.00316	0.00221	0.00556
11	0.03885	0.02068	0.04107	0.02138	0.17002	0.08083	0.02381	0.39060	0.10852	0.02754	0.00939	0.03355	0.00729	0.00448	0.00378	0.00117	0.00437	0.00362	0.00311	0.00594
12	0.84550	0.00762	0.00593	0.03250	0.00812	0.02621	0.00443	0.01131	0.00665	0.01680	0.00540	0.00637	0.00420	0.00358	0.00244	0.00119	0.00312	0.00213	0.00234	0.00416
13	0.01784	0.05781	0.01079	0.02218	0.07009	0.01851	0.03341	0.05381	0.00779	0.07579	0.01003	0.16980	0.01013	0.03289	0.00815	0.00153	0.36308	0.02943	0.00249	0.00444
14	0.04422	0.00655	0.00880	0.00677	0.00971	0.00573	0.00559	0.01846	0.01084	0.81846	0.01482	0.01284	0.00933	0.00471	0.00381	0.00119	0.00325	0.00380	0.00467	0.00645
15	0.00548	0.00411	0.00616	0.00616	0.00685	0.00479	0.00479	0.00685	0.00616	0.00890	0.01027	0.01506	0.00959	0.02876	0.85006	0.00616	0.01027	0.00411	0.00205	0.00342
16	0.00783	0.00738	0.01237	0.53151	0.25987	0.00860	0.01054	0.01017	0.00781	0.01051	0.00706	0.01022	0.00565	0.00529	0.05365	0.00154	0.04005	0.00345	0.00178	0.00473
17	0.00715	0.00357	0.00357	0.00357	0.00447	0.00357	0.00268	0.00893	0.00804	0.01429	0.01251	0.01429	0.00983	0.00447	0.00268	0.00089	0.00179	0.00357	0.88654	0.00357
18	0.00608	0.00434	0.00499	0.00486	0.00516	0.01882	0.00310	0.04062	0.00639	0.00858	0.02556	0.02229	0.01304	0.64309	0.17380	0.00398	0.00499	0.00518	0.00236	0.00276
19	0.00715	0.00357	0.00357	0.00357	0.00447	0.00357	0.00268	0.00893	0.00804	0.01429	0.01251	0.01429	0.00983	0.00447	0.00268	0.00089	0.00179	0.00357	0.88654	0.00357
20	0.01324	0.01048	0.01092	0.00889	0.03298	0.05815	0.00704	0.58850	0.12881	0.02103	0.00967	0.00969	0.00707	0.00448	0.00375	0.00112	0.00411	0.00343	0.00357	0.07309
21	0.00929	0.00895	0.01541	0.09446	0.74862	0.00908	0.03459	0.01161	0.00865	0.01229	0.00719	0.00958	0.00598	0.00345	0.00382	0.00115	0.00466	0.00345	0.00188	0.00589
22	0.03764	0.22609	0.61635	0.00967	0.01464	0.01042	0.01198	0.01195	0.00797	0.01155	0.00645	0.00756	0.00485	0.00355	0.00331	0.00112	0.00520	0.00262	0.00165	0.00543
23	0.00734	0.00691	0.01167	0.82061	0.06108	0.00854	0.01070	0.00988	0.00771	0.00991	0.00683	0.01019	0.00515	0.00382	0.00383	0.00127	0.00509	0.00341	0.00171	0.00434
24	0.00467	0.00334	0.00445	0.00534	0.00556	0.00311	0.00356	0.00534	0.00734	0.00979	0.02113	0.86275	0.02536	0.01201	0.00489	0.00156	0.00222	0.01090	0.00356	0.00311
25	0.02701	0.25719	0.22254	0.00865	0.02040	0.13735	0.00830	0.03102	0.02789	0.02647	0.02189	0.14069	0.04281	0.00578	0.00386	0.00127	0.00474	0.00439	0.00255	0.00519
26	0.20824	0.13696	0.05839	0.00886	0.05148	0.09927	0.06470	0.13669	0.05698	0.06637	0.00771	0.00882	0.00604	0.02822	0.00417	0.00121	0.04521	0.00300	0.00255	0.00512
27	0.00515	0.00370	0.00482	0.00556	0.00593	0.00354	0.00383	0.04047	0.00786	0.01047	0.02059	0.79289	0.02442	0.01164	0.00487	0.00155	0.00236	0.04352	0.00357	0.00328
28	0.00756	0.00674	0.01124	0.69718	0.09204	0.00808	0.01006	0.00992	0.00784	0.03684	0.00817	0.07278	0.00682	0.00443	0.00391	0.00128	0.00479	0.00397	0.00195	0.00440
29	0.00891	0.13668	0.47009	0.03675	0.02315	0.03127	0.07038	0.02086	0.03183	0.06514	0.00848	0.04526	0.01660	0.00416	0.00373	0.00118	0.01471	0.00339	0.00206	0.00537
30	0.02914	0.04712	0.03689	0.00899	0.02958	0.01163	0.00744	0.65376	0.08121	0.02179	0.00927	0.00938	0.00673	0.00457	0.00395	0.00116	0.02413	0.00342	0.00356	0.00628

[dist]
# distance from previous block
# <min> <max>
0	10

[block]
# block no. 3 follows, 71 sequences, length 8
# corresponding to MSA columns:
# 227-234
name=unknown_D
#
# <colnr> <probs for GDERKNQSTAVLIFYWHMCP>
#	G	D	E	R	K	N	Q	S	T	A	V	L	I	F	Y	W	H	M	C	P
0	0.07748	0.00951	0.00996	0.00814	0.01080	0.01072	0.00658	0.45007	0.33847	0.02045	0.01144	0.01099	0.00839	0.00476	0.00375	0.00121	0.00366	0.00370	0.00375	0.00617
1	0.00548	0.00411	0.00616	0.00616	0.00685	0.00479	0.00479	0.00685	0.00616	0.00890	0.01027	0.01506	0.00959	0.02876	0.85006	0.00616	0.01027	0.00411	0.00205	0.00342
2	0.01025	0.86756	0.02009	0.00656	0.00984	0.01517	0.00656	0.01148	0.00779	0.00902	0.00533	0.00615	0.00492	0.00328	0.00246	0.00082	0.00410	0.00205	0.00164	0.00492
3	0.00724	0.00681	0.01150	0.85604	0.02641	0.00852	0.01065	0.00980	0.00767	0.00980	0.00681	0.01022	0.00511	0.00383	0.00383	0.00128	0.00511	0.00341	0.00170	0.00426
4	0.00916	0.00933	0.05038	0.03188	0.28282	0.05215	0.03725	0.02800	0.00777	0.02922	0.00704	0.02813	0.00630	0.02342	0.00769	0.00142	0.35113	0.00358	0.02842	0.00494
5	0.00715	0.00357	0.00357	0.00357	0.00447	0.00357	0.00268	0.00893	0.00804	0.01429	0.01251	0.01429	0.00983	0.00447	0.00268	0.00089	0.00179	0.00357	0.88654	0.00357
6	0.00949	0.00615	0.03984	0.00638	0.00802	0.00569	0.00504	0.13002	0.04870	0.20351	0.01643	0.28543	0.05622	0.09868	0.06032	0.00190	0.00359	0.00643	0.00359	0.00458
7	0.05636	0.03472	0.02957	0.02951	0.07894	0.10446	0.00815	0.08211	0.03562	0.01150	0.00629	0.00882	0.00561	0.02478	0.00872	0.00147	0.46344	0.00324	0.00204	0.00465

[dist]
# distance from previous block
# <min> <max>
4	16

[block]
# block no. 4 follows, 71 sequences, length 30
# corresponding to MSA columns:
# 251-274,280-285
name=unknown_E
#
# <colnr> <probs for GDERKNQSTAVLIFYWHMCP>
#	G	D	E	R	K	N	Q	S	T	A	V	L	I	F	Y	W	H	M	C	P
0	0.03538	0.05069	0.22442	0.02467	0.07128	0.01930	0.04347	0.03054	0.09831	0.04125	0.13522	0.07811	0.08378	0.00583	0.00410	0.00125	0.01454	0.03017	0.00284	0.00486
1	0.02764	0.04138	0.12679	0.05244	0.08049	0.00784	0.02420	0.12511	0.02737	0.02554	0.00740	0.00855	0.00580	0.00347	0.00342	0.00090	0.01676	0.00279	0.00237	0.40973
2	0.00608	0.02253	0.00661	0.01708	0.00685	0.00506	0.03207	0.01799	0.00635	0.00889	0.01041	0.01788	0.01062	0.34656	0.39521	0.00439	0.02287	0.00450	0.00217	0.05586
3	0.00751	0.00624	0.00685	0.00629	0.00794	0.00676	0.00483	0.01407	0.45501	0.01498	0.27469	0.02214	0.14351	0.00670	0.00419	0.00127	0.00249	0.00571	0.00395	0.00488
4	0.00492	0.00386	0.00445	0.00439	0.00544	0.00339	0.00326	0.00623	0.00954	0.01246	0.37920	0.09219	0.43882	0.00908	0.00455	0.00128	0.00191	0.00780	0.00384	0.00339
5	0.00724	0.00681	0.01150	0.85604	0.02641	0.00852	0.01065	0.00980	0.00767	0.00980	0.00681	0.01022	0.00511	0.00383	0.00383	0.00128	0.00511	0.00341	0.00170	0.00426
6	0.00530	0.00363	0.00439	0.00475	0.00488	0.00355	0.00298	0.00564	0.00637	0.00848	0.01567	0.31239	0.01833	0.52225	0.01366	0.00286	0.00320	0.05618	0.00282	0.00267
7	0.00916	0.00875	0.01491	0.10933	0.73954	0.00892	0.01148	0.01143	0.00859	0.01219	0.00746	0.02737	0.00638	0.00364	0.00382	0.00116	0.00456	0.00357	0.00191	0.00582
8	0.01461	0.01000	0.01094	0.00844	0.01143	0.01088	0.00696	0.68732	0.04124	0.12655	0.01020	0.00994	0.00711	0.00464	0.00382	0.00115	0.00402	0.00353	0.02078	0.00645
9	0.00799	0.00685	0.00797	0.00574	0.00911	0.00523	0.00459	0.00995	0.03089	0.01259	0.00706	0.00813	0.00585	0.00291	0.00287	0.00059	0.00284	0.00233	0.00232	0.86419
10	0.00962	0.32067	0.32607	0.00908	0.03620	0.05831	0.01729	0.05772	0.01753	0.03840	0.00779	0.00873	0.03021	0.00454	0.02613	0.00120	0.02043	0.00285	0.00198	0.00526
11	0.00850	0.00835	0.03640	0.09564	0.29336	0.04059	0.06596	0.02954	0.15782	0.01314	0.11821	0.03264	0.07311	0.00503	0.00402	0.00122	0.00399	0.00456	0.00274	0.00518
12	0.00548	0.00409	0.00607	0.00607	0.00672	0.00474	0.00467	0.00679	0.00613	0.00883	0.01036	0.01555	0.00980	0.06916	0.80994	0.00604	0.00995	0.00418	0.00207	0.00337
13	0.00858	0.12134	0.20032	0.00712	0.01100	0.00752	0.00711	0.03852	0.00836	0.02682	0.00686	0.00788	0.00549	0.00317	0.00302	0.00078	0.00370	0.00244	0.00214	0.52784
14	0.01794	0.00864	0.10138	0.02251	0.11692	0.00690	0.02827	0.08979	0.04794	0.07933	0.03349	0.03897	0.07291	0.00443	0.00357	0.00099	0.00356	0.00374	0.00275	0.31597
15	0.00542	0.00376	0.00422	0.00419	0.00444	0.00364	0.00251	0.00570	0.00643	0.00847	0.08136	0.02700	0.12943	0.67945	0.01626	0.00318	0.00332	0.00603	0.00264	0.00255
16	0.00894	0.09999	0.19418	0.02629	0.06548	0.04172	0.05797	0.02378	0.19266	0.03783	0.07174	0.02248	0.02220	0.03041	0.00507	0.00131	0.08632	0.00388	0.00258	0.00518
17	0.01025	0.86756	0.02009	0.00656	0.00984	0.01517	0.00656	0.01148	0.00779	0.00902	0.00533	0.00615	0.00492	0.00328	0.00246	0.00082	0.00410	0.00205	0.00164	0.00492
18	0.00494	0.00447	0.05849	0.00567	0.00633	0.00355	0.00429	0.00594	0.00764	0.01025	0.05648	0.71451	0.05715	0.01116	0.00479	0.00152	0.00245	0.03358	0.00346	0.00332
19	0.00478	0.00352	0.00461	0.02178	0.00601	0.00329	0.00372	0.00560	0.00767	0.01010	0.05100	0.70016	0.11326	0.01141	0.00483	0.00152	0.00228	0.03773	0.00355	0.00318
20	0.00807	0.00796	0.01112	0.00966	0.00968	0.01101	0.00798	0.00890	0.00600	0.00928	0.00640	0.08099	0.00676	0.00716	0.01193	0.00167	0.78549	0.00400	0.00184	0.00410
21	0.87150	0.00767	0.00576	0.00516	0.00752	0.02856	0.00423	0.01137	0.00663	0.01702	0.00535	0.00624	0.00417	0.00357	0.00240	0.00118	0.00306	0.00209	0.00236	0.00416
22	0.00919	0.01264	0.28814	0.06317	0.14913	0.04018	0.06973	0.08667	0.13309	0.02438	0.01902	0.01105	0.04008	0.00432	0.00413	0.00123	0.03226	0.00364	0.00240	0.00555
23	0.00502	0.00385	0.00488	0.00557	0.03405	0.00355	0.00374	0.00618	0.02329	0.01106	0.16048	0.48391	0.21956	0.01036	0.00469	0.00142	0.00218	0.00920	0.00362	0.00338
24	0.01274	0.26355	0.01347	0.02969	0.01154	0.52454	0.00717	0.03560	0.04986	0.01000	0.00633	0.00719	0.00531	0.00383	0.00321	0.00097	0.00580	0.00249	0.00201	0.00471
25	0.00513	0.00409	0.00513	0.00545	0.00602	0.00411	0.00399	0.00600	0.00776	0.01012	0.04932	0.44645	0.25800	0.02834	0.00587	0.00154	0.08702	0.05900	0.00337	0.00328
26	0.00930	0.01073	0.02206	0.01586	0.01964	0.05027	0.78781	0.01243	0.00914	0.01214	0.00767	0.01018	0.00578	0.00327	0.00447	0.00128	0.00649	0.00443	0.00194	0.00514
27	0.00761	0.02402	0.03247	0.00607	0.00908	0.00539	0.02195	0.00960	0.03266	0.01238	0.04460	0.07713	0.02081	0.00412	0.00322	0.00077	0.00294	0.01834	0.00251	0.66433
28	0.00909	0.01014	0.02028	0.09490	0.01972	0.03800	0.66964	0.01267	0.06197	0.01219	0.00811	0.01047	0.00610	0.00344	0.00438	0.00128	0.00613	0.00434	0.00204	0.00512
29	0.00614	0.00512	0.00679	0.02773	0.04846	0.02165	0.02383	0.00847	0.08009	0.01156	0.20609	0.02146	0.16774	0.01547	0.32838	0.00313	0.00561	0.00543	0.00297	0.00388

[dist]
# distance from previous block
# <min> <max>
0	2

[block]
# block no. 5 follows, 71 sequences, length 71
# corresponding to MSA columns:
# 290-360
name=unknown_F
#
# <colnr> <probs for GDERKNQSTAVLIFYWHMCP>
#	G	D	E	R	K	N	Q	S	T	A	V	L	I	F	Y	W	H	M	C	P
0	0.02036	0.12925	0.09097	0.02522	0.07074	0.19230	0.02921	0.07343	0.04839	0.09143	0.01127	0.02624	0.07664	0.03814	0.00451	0.00124	0.03045	0.02154	0.01373	0.00494
1	0.04480	0.69140	0.06975	0.05792	0.02650	0.03620	0.00730	0.01152	0.00785	0.00966	0.00557	0.00660	0.00492	0.00337	0.00266	0.00090	0.00430	0.00222	0.00169	0.00491
2	0.00669	0.00596	0.00934	0.35734	0.09242	0.00657	0.03442	0.00891	0.02268	0.01183	0.23476	0.02997	0.11812	0.00590	0.00434	0.00127	0.02080	0.02176	0.00273	0.00416
3	0.06013	0.00674	0.01084	0.75603	0.02413	0.00834	0.00989	0.00989	0.02270	0.01023	0.00688	0.01012	0.00524	0.00422	0.00419	0.03627	0.00487	0.00334	0.00178	0.00418
4	0.00550	0.00404	0.00581	0.00581	0.00637	0.00460	0.00435	0.00662	0.00606	0.00864	0.01059	0.01686	0.01037	0.17861	0.70127	0.00572	0.00910	0.00437	0.00210	0.00323
5	0.01015	0.83458	0.05220	0.00673	0.01010	0.01493	0.00686	0.01151	0.00780	0.00914	0.00539	0.00623	0.00492	0.00329	0.00251	0.00084	0.00416	0.00208	0.00164	0.00495
6	0.01025	0.86756	0.02009	0.00656	0.00984	0.01517	0.00656	0.01148	0.00779	0.00902	0.00533	0.00615	0.00492	0.00328	0.00246	0.00082	0.00410	0.00205	0.00164	0.00492
7	0.00708	0.00580	0.00688	0.00536	0.00767	0.00466	0.01564	0.00829	0.00735	0.01097	0.00996	0.04992	0.03850	0.22931	0.00738	0.00147	0.00306	0.00374	0.00238	0.57456
8	0.00513	0.00402	0.00466	0.00448	0.00559	0.00360	0.00336	0.00680	0.03178	0.01312	0.45425	0.03201	0.40011	0.00862	0.00451	0.00125	0.00190	0.00739	0.00391	0.00351
9	0.00464	0.00347	0.00432	0.00500	0.00547	0.00314	0.00341	0.00538	0.00767	0.00992	0.02529	0.66899	0.21643	0.01147	0.00481	0.00150	0.00216	0.01024	0.00356	0.00314
10	0.00540	0.00397	0.00510	0.00534	0.00618	0.00372	0.00417	0.00686	0.00934	0.01252	0.35297	0.13676	0.16177	0.03695	0.00527	0.00150	0.00242	0.23256	0.00378	0.00343
11	0.00949	0.00911	0.01556	0.02353	0.84133	0.00911	0.01177	0.01177	0.00873	0.01253	0.00721	0.00949	0.00607	0.00342	0.00380	0.00114	0.00456	0.00342	0.00190	0.00607
12	0.01413	0.01108	0.02294	0.00878	0.01171	0.06998	0.00724	0.71222	0.03071	0.03364	0.00947	0.03340	0.00705	0.00477	0.00384	0.00115	0.00434	0.00361	0.00368	0.00626
13	0.01040	0.83714	0.01979	0.00664	0.00991	0.01505	0.00659	0.04049	0.00815	0.00956	0.00547	0.00626	0.00498	0.00333	0.00251	0.00083	0.00410	0.00210	0.00172	0.00498
14	0.64046	0.00949	0.00793	0.02463	0.06191	0.11425	0.00569	0.03032	0.00821	0.04332	0.00692	0.00823	0.00553	0.00454	0.01291	0.00138	0.00404	0.00265	0.00268	0.00489
15	0.00496	0.00354	0.00474	0.00553	0.00584	0.00340	0.00388	0.00576	0.00736	0.00981	0.01989	0.66286	0.02341	0.06574	0.05026	0.00196	0.00290	0.11163	0.00340	0.00313
16	0.00795	0.00681	0.00795	0.00568	0.00909	0.00511	0.00454	0.00965	0.00795	0.01249	0.00681	0.00795	0.00568	0.00284	0.00284	0.00057	0.00284	0.00227	0.00227	0.88869
17	0.00954	0.00824	0.00867	0.00780	0.00997	0.00954	0.00607	0.02037	0.83441	0.01604	0.01561	0.01431	0.01170	0.00520	0.00390	0.00130	0.00303	0.00433	0.00390	0.00607
18	0.00548	0.00411	0.00616	0.00616	0.00685	0.00479	0.00479	0.00685	0.00616	0.00890	0.01027	0.01506	0.00959	0.02876	0.85006	0.00616	0.01027	0.00411	0.00205	0.00342
19	0.00839	0.00839	0.01174	0.01007	0.01007	0.01174	0.00839	0.00923	0.00587	0.00923	0.00503	0.00839	0.00503	0.00671	0.01258	0.00168	0.85823	0.00336	0.00168	0.00419
20	0.00547	0.00368	0.00427	0.00441	0.00447	0.00365	0.00259	0.00561	0.00590	0.00786	0.01352	0.13846	0.01569	0.72755	0.01717	0.00337	0.00351	0.02782	0.00252	0.00246
21	0.01720	0.00653	0.00890	0.00682	0.00979	0.00564	0.00564	0.01869	0.01097	0.84399	0.01513	0.01305	0.00949	0.00475	0.00386	0.00119	0.00326	0.00386	0.00475	0.00653
22	0.01411	0.01792	0.01090	0.00988	0.01179	0.82010	0.00744	0.01509	0.01069	0.00938	0.00589	0.00697	0.00494	0.00405	0.00378	0.00101	0.03714	0.00250	0.00196	0.00444
23	0.00539	0.00392	0.00507	0.00478	0.00570	0.00360	0.00359	0.00716	0.01076	0.01515	0.80329	0.02901	0.07234	0.00792	0.00452	0.00121	0.00181	0.00699	0.00419	0.00360
24	0.00514	0.00391	0.00473	0.00452	0.00555	0.00350	0.00339	0.00668	0.01018	0.01377	0.58263	0.03129	0.29386	0.00844	0.00453	0.00123	0.00185	0.00731	0.00401	0.00350
25	0.01025	0.86756	0.02009	0.00656	0.00984	0.01517	0.00656	0.01148	0.00779	0.00902	0.00533	0.00615	0.00492	0.00328	0.00246	0.00082	0.00410	0.00205	0.00164	0.00492
26	0.01025	0.86756	0.02009	0.00656	0.00984	0.01517	0.00656	0.01148	0.00779	0.00902	0.00533	0.00615	0.00492	0.00328	0.00246	0.00082	0.00410	0.00205	0.00164	0.00492
27	0.00851	0.00843	0.01174	0.01004	0.01010	0.01175	0.00837	0.02527	0.00611	0.00952	0.00511	0.00840	0.00506	0.00667	0.01241	0.00167	0.84151	0.00336	0.00172	0.00424
28	0.00515	0.01834	0.00553	0.00581	0.00624	0.00391	0.02570	0.01616	0.00745	0.00996	0.01973	0.74611	0.03400	0.02380	0.02590	0.00168	0.02790	0.00999	0.00338	0.00327
29	0.00618	0.00441	0.00618	0.00706	0.00794	0.00441	0.00618	0.00794	0.00883	0.01147	0.02030	0.04325	0.02207	0.01059	0.00530	0.00177	0.00353	0.81553	0.00353	0.00353
30	0.13912	0.03073	0.15116	0.02826	0.47056	0.09247	0.01048	0.01207	0.00848	0.01272	0.00671	0.00846	0.00544	0.00353	0.00350	0.00114	0.00474	0.00300	0.00192	0.00551
31	0.00465	0.00389	0.00405	0.00401	0.00525	0.00329	0.00301	0.00574	0.00903	0.01104	0.14828	0.03577	0.72991	0.00945	0.00453	0.00128	0.00192	0.00793	0.00365	0.00329
32	0.00982	0.00838	0.00883	0.00786	0.01008	0.00967	0.00614	0.06586	0.78846	0.01650	0.01525	0.01402	0.01141	0.00517	0.00390	0.00129	0.00310	0.00429	0.00390	0.00609
33	0.00839	0.00839	0.01174	0.01007	0.01007	0.01174	0.00839	0.00923	0.00587	0.00923	0.00503	0.00839	0.00503	0.00671	0.01258	0.00168	0.85823	0.00336	0.00168	0.00419
34	0.00543	0.00392	0.00513	0.00482	0.00573	0.00362	0.00362	0.00724	0.01085	0.01538	0.83931	0.02864	0.03618	0.00784	0.00452	0.00121	0.00181	0.00693	0.00422	0.00362
35	0.00473	0.00389	0.00415	0.00409	0.00530	0.00332	0.00307	0.00588	0.00920	0.01144	0.21191	0.03511	0.66603	0.00931	0.00453	0.00128	0.00191	0.00784	0.00370	0.00332
36	0.00724	0.00681	0.01150	0.85604	0.02641	0.00852	0.01065	0.00980	0.00767	0.00980	0.00681	0.01022	0.00511	0.00383	0.00383	0.00128	0.00511	0.00341	0.00170	0.00426
37	0.89233	0.00741	0.00564	0.00504	0.00741	0.00860	0.00415	0.01127	0.00653	0.01720	0.00534	0.00623	0.00415	0.00356	0.00237	0.00119	0.00297	0.00208	0.00237	0.00415
38	0.00784	0.05316	0.78340	0.01094	0.01645	0.00918	0.04274	0.01212	0.00812	0.01202	0.00685	0.00810	0.00489	0.00361	0.00363	0.00120	0.00563	0.00286	0.00163	0.00562
39	0.00769	0.01983	0.84538	0.01093	0.01659	0.00890	0.01417	0.01214	0.00810	0.01214	0.00688	0.00810	0.00486	0.00364	0.00364	0.00121	0.00567	0.00283	0.00162	0.00567
40	0.00666	0.00333	0.00500	0.00500	0.00500	0.00333	0.00333	0.00500	0.00500	0.00666	0.00666	0.01166	0.00666	0.01332	0.01499	0.88844	0.00333	0.00333	0.00167	0.00167
41	0.00480	0.00344	0.00457	0.00531	0.00565	0.00321	0.00364	0.00564	0.00781	0.01048	0.11424	0.73030	0.03912	0.01146	0.00486	0.00152	0.00221	0.03492	0.00363	0.00319
42	0.00909	0.00696	0.00812	0.00608	0.00924	0.00575	0.00485	0.02239	0.10753	0.09491	0.00894	0.02221	0.00709	0.00347	0.00311	0.00074	0.00291	0.00282	0.00275	0.67103
43	0.01456	0.01037	0.01124	0.00865	0.01166	0.01138	0.00713	0.76838	0.01744	0.07061	0.00975	0.02398	0.00701	0.00474	0.00385	0.00116	0.00413	0.00360	0.00388	0.00646
44	0.00954	0.00824	0.00867	0.00780	0.00997	0.00954	0.00607	0.02037	0.83441	0.01604	0.01561	0.01431	0.01170	0.00520	0.00390	0.00130	0.00303	0.00433	0.00390	0.00607
45	0.00824	0.00677	0.00838	0.00616	0.00941	0.00524	0.03264	0.00999	0.00816	0.04462	0.00800	0.01041	0.00685	0.00341	0.00309	0.00069	0.00302	0.05273	0.00243	0.76975
46	0.00939	0.00901	0.01538	0.06006	0.80558	0.00908	0.01172	0.01168	0.00868	0.01241	0.00719	0.00952	0.00603	0.00343	0.00380	0.00114	0.00458	0.00342	0.00189	0.00599
47	0.00839	0.00839	0.01174	0.01007	0.01007	0.01174	0.00839	0.00923	0.00587	0.00923	0.00503	0.00839	0.00503	0.00671	0.01258	0.00168	0.85823	0.00336	0.00168	0.00419
48	0.00495	0.00417	0.00480	0.01622	0.02638	0.00368	0.01512	0.00624	0.02212	0.01106	0.12830	0.09993	0.62490	0.00928	0.00452	0.00130	0.00214	0.00789	0.00355	0.00343
49	0.01550	0.00631	0.00855	0.00676	0.00942	0.00565	0.00555	0.04046	0.01072	0.70360	0.04389	0.01421	0.01059	0.00703	0.07705	0.00163	0.00385	0.01869	0.00445	0.00610
50	0.00489	0.00354	0.00467	0.00550	0.00590	0.00332	0.00392	0.00575	0.00767	0.01009	0.02229	0.67638	0.08399	0.01163	0.00493	0.00157	0.00241	0.13480	0.00355	0.00319
51	0.00548	0.00411	0.00616	0.00616	0.00685	0.00479	0.00479	0.00685	0.00616	0.00890	0.01027	0.01506	0.00959	0.02876	0.85006	0.00616	0.01027	0.00411	0.00205	0.00342
52	0.00988	0.10791	0.15534	0.11506	0.17428	0.14907	0.10983	0.02823	0.01929	0.02313	0.00685	0.00867	0.00546	0.00386	0.00430	0.00117	0.06745	0.00316	0.00190	0.00516
53	0.01557	0.00641	0.00857	0.00671	0.00941	0.00572	0.00549	0.05957	0.01117	0.69655	0.08608	0.03030	0.01194	0.00564	0.02131	0.00130	0.00331	0.00424	0.00457	0.00615
54	0.00556	0.00377	0.00446	0.00463	0.00476	0.00376	0.00289	0.00584	0.00610	0.00811	0.01374	0.09908	0.01575	0.68420	0.03002	0.00336	0.00367	0.09521	0.00256	0.00254
55	0.81849	0.01948	0.02671	0.00541	0.00788	0.02932	0.00458	0.02904	0.00693	0.01693	0.00547	0.00635	0.00425	0.00359	0.00246	0.00118	0.00317	0.00213	0.00237	0.00426
56	0.00666	0.00333	0.00500	0.00500	0.00500	0.00333	0.00333	0.00500	0.00500	0.00666	0.00666	0.01166	0.00666	0.01332	0.01499	0.88844	0.00333	0.00333	0.00167	0.00167
57	0.01063	0.08769	0.18468	0.02286	0.12754	0.10474	0.05326	0.09503	0.20067	0.06108	0.00944	0.00996	0.00711	0.00411	0.00368	0.00116	0.00466	0.00337	0.00264	0.00570
58	0.00990	0.00750	0.05139	0.00746	0.06421	0.00587	0.00582	0.03952	0.00899	0.17639	0.02376	0.01089	0.02449	0.00410	0.01360	0.00091	0.01253	0.01835	0.01381	0.50049
59	0.00795	0.00681	0.00795	0.00568	0.00909	0.00511	0.00454	0.00965	0.00795	0.01249	0.00681	0.00795	0.00568	0.00284	0.00284	0.00057	0.00284	0.00227	0.00227	0.88869
60	0.00980	0.03353	0.10897	0.01745	0.39980	0.05066	0.17542	0.07937	0.00939	0.01294	0.00720	0.00920	0.00577	0.00374	0.00444	0.00120	0.05996	0.00349	0.00202	0.00565
61	0.00555	0.00382	0.00468	0.00467	0.00485	0.00398	0.00294	0.00591	0.00580	0.00791	0.02424	0.02271	0.01322	0.64879	0.22123	0.00427	0.00528	0.00524	0.00229	0.00261
62	0.00507	0.00404	0.00457	0.00448	0.00560	0.00362	0.00334	0.00673	0.04300	0.01238	0.32850	0.08408	0.46287	0.00899	0.00452	0.00128	0.00196	0.00769	0.00381	0.00348
63	0.00839	0.00839	0.01174	0.01007	0.01007	0.01174	0.00839	0.00923	0.00587	0.00923	0.00503	0.00839	0.00503	0.00671	0.01258	0.00168	0.85823	0.00336	0.00168	0.00419
64	0.00455	0.00380	0.00397	0.00410	0.00524	0.00322	0.00301	0.00548	0.00853	0.01027	0.03620	0.16010	0.71828	0.01005	0.00459	0.00133	0.00198	0.00851	0.00356	0.00322
65	0.00795	0.00681	0.00795	0.00568	0.00909	0.00511	0.00454	0.00965	0.00795	0.01249	0.00681	0.00795	0.00568	0.00284	0.00284	0.00057	0.00284	0.00227	0.00227	0.88869
66	0.00467	0.00334	0.00445	0.00534	0.00556	0.00311	0.00356	0.00534	0.00734	0.00979	0.02113	0.86275	0.02536	0.01201	0.00489	0.00156	0.00222	0.01090	0.00356	0.00311
67	0.00467	0.00334	0.00445	0.00534	0.00556	0.00311	0.00356	0.00534	0.00734	0.00979	0.02113	0.86275	0.02536	0.01201	0.00489	0.00156	0.00222	0.01090	0.00356	0.00311
68	0.06463	0.00808	0.00850	0.00757	0.00980	0.00924	0.00592	0.01971	0.73371	0.06584	0.01494	0.01373	0.01110	0.00507	0.00380	0.00129	0.00304	0.00417	0.00386	0.00598
69	0.03487	0.01035	0.01063	0.00852	0.01130	0.04610	0.00691	0.57371	0.22041	0.02136	0.01057	0.01030	0.00769	0.00470	0.00380	0.00118	0.00401	0.00360	0.00374	0.00626
70	0.00795	0.00578	0.00667	0.00627	0.00772	0.00602	0.00475	0.08048	0.25038	0.07403	0.13045	0.25958	0.10912	0.00803	0.00436	0.00135	0.00265	0.02595	0.00386	0.00460

[dist]
# distance from previous block
# <min> <max>
1	2

[block]
# block no. 6 follows, 71 sequences, length 18
# corresponding to MSA columns:
# 363-380
name=unknown_G
#
# <colnr> <probs for GDERKNQSTAVLIFYWHMCP>
#	G	D	E	R	K	N	Q	S	T	A	V	L	I	F	Y	W	H	M	C	P
0	0.11741	0.70316	0.03493	0.00661	0.00979	0.03573	0.00646	0.03123	0.00797	0.01045	0.00547	0.00629	0.00486	0.00337	0.00253	0.00088	0.00407	0.00211	0.00179	0.00487
1	0.00956	0.00909	0.01526	0.04041	0.75579	0.00920	0.02759	0.03276	0.03938	0.01289	0.00757	0.00969	0.00627	0.00352	0.00382	0.00115	0.00454	0.00347	0.00202	0.00603
2	0.00949	0.00911	0.01556	0.02353	0.84133	0.00911	0.01177	0.01177	0.00873	0.01253	0.00721	0.00949	0.00607	0.00342	0.00380	0.00114	0.00456	0.00342	0.00190	0.00607
3	0.00467	0.00334	0.00445	0.00534	0.00556	0.00311	0.00356	0.00534	0.00734	0.00979	0.02113	0.86275	0.02536	0.01201	0.00489	0.00156	0.00222	0.01090	0.00356	0.00311
4	0.01458	0.01074	0.01151	0.00882	0.01189	0.01189	0.00729	0.82855	0.01803	0.02416	0.00921	0.00921	0.00652	0.00460	0.00384	0.00115	0.00422	0.00345	0.00384	0.00652
5	0.00949	0.00911	0.01556	0.02353	0.84133	0.00911	0.01177	0.01177	0.00873	0.01253	0.00721	0.00949	0.00607	0.00342	0.00380	0.00114	0.00456	0.00342	0.00190	0.00607
6	0.00724	0.00681	0.01150	0.85604	0.02641	0.00852	0.01065	0.00980	0.00767	0.00980	0.00681	0.01022	0.00511	0.00383	0.00383	0.00128	0.00511	0.00341	0.00170	0.00426
7	0.01047	0.04642	0.01410	0.14827	0.33437	0.03786	0.07065	0.18896	0.04649	0.02616	0.00791	0.00960	0.00617	0.00394	0.00408	0.00118	0.03183	0.00346	0.00240	0.00566
8	0.72438	0.00881	0.00668	0.03399	0.00875	0.10803	0.00488	0.04425	0.00753	0.01631	0.00561	0.00656	0.00437	0.00366	0.00261	0.00116	0.00355	0.00222	0.00236	0.00428
9	0.01012	0.80682	0.01916	0.00651	0.00970	0.01457	0.00642	0.03363	0.00811	0.00949	0.00688	0.00756	0.04097	0.00359	0.00259	0.00085	0.00401	0.00235	0.00178	0.00489
10	0.00950	0.00610	0.00752	0.00648	0.00837	0.00600	0.03755	0.12446	0.09823	0.18480	0.04715	0.07044	0.23324	0.06703	0.00536	0.00147	0.00310	0.07474	0.00375	0.00472
11	0.22954	0.21546	0.01190	0.00754	0.01024	0.19492	0.00633	0.23617	0.01103	0.03480	0.00675	0.00733	0.00528	0.00389	0.00307	0.00105	0.00445	0.00257	0.00257	0.00510
