[name]
unknown

[dist]
# distance from previous block
# <min> <max>
0	293

[block]
# block no. 0 follows, 67 sequences, length 9
# corresponding to MSA columns:
# 455-463
name=unknown_A
#
# <colnr> <probs for GDERKNQSTAVLIFYWHMCP>
#	G	D	E	R	K	N	Q	S	T	A	V	L	I	F	Y	W	H	M	C	P
0	0.03733	0.01053	0.15506	0.48541	0.05822	0.06032	0.02834	0.01147	0.00832	0.03648	0.00721	0.00988	0.00545	0.00418	0.00457	0.00132	0.06570	0.00339	0.00192	0.00489
1	0.00544	0.00404	0.00489	0.00508	0.00593	0.00378	0.00379	0.00630	0.00826	0.01053	0.08393	0.10986	0.36679	0.08815	0.09268	0.08055	0.00344	0.11003	0.00332	0.00323
2	0.06541	0.17969	0.01290	0.07581	0.02425	0.10386	0.05050	0.18538	0.04810	0.07630	0.02150	0.04039	0.02703	0.00549	0.02157	0.00131	0.02243	0.02986	0.00290	0.00534
3	0.13160	0.07234	0.05108	0.05250	0.20926	0.02280	0.02869	0.14338	0.09511	0.08002	0.00938	0.03592	0.00741	0.00444	0.00385	0.00122	0.01736	0.00361	0.00285	0.02717
4	0.00495	0.00361	0.00476	0.00552	0.00590	0.00342	0.00378	0.00574	0.00770	0.01021	0.02275	0.70873	0.09700	0.01391	0.07955	0.00203	0.00305	0.01051	0.00358	0.00330
5	0.00578	0.00441	0.00525	0.04618	0.00706	0.00408	0.00395	0.00748	0.04062	0.03925	0.24819	0.14564	0.40881	0.00931	0.00471	0.00136	0.00229	0.00801	0.00387	0.00375
6	0.06180	0.25030	0.16990	0.01068	0.10683	0.13262	0.03204	0.10339	0.01005	0.04108	0.00774	0.04233	0.00647	0.00421	0.00349	0.00112	0.00499	0.00320	0.00230	0.00549
7	0.12667	0.01457	0.01040	0.00910	0.01134	0.51605	0.03323	0.06280	0.01117	0.07992	0.08054	0.00994	0.00848	0.00453	0.00366	0.00112	0.00573	0.00319	0.00268	0.00486
8	0.00533	0.00405	0.00497	0.00534	0.00616	0.00376	0.00394	0.00681	0.03400	0.01194	0.18443	0.35077	0.25171	0.01066	0.00495	0.00150	0.00234	0.09992	0.00387	0.00354

[dist]
# distance from previous block
# <min> <max>
1	5

[block]
# block no. 1 follows, 67 sequences, length 23
# corresponding to MSA columns:
# 469-491
name=unknown_B
#
# <colnr> <probs for GDERKNQSTAVLIFYWHMCP>
#	G	D	E	R	K	N	Q	S	T	A	V	L	I	F	Y	W	H	M	C	P
0	0.00963	0.02570	0.13813	0.39983	0.03338	0.09607	0.02887	0.02868	0.02935	0.06927	0.00776	0.00999	0.00584	0.00436	0.00480	0.00131	0.08660	0.00341	0.00214	0.01489
1	0.05978	0.24029	0.40951	0.01000	0.02957	0.02472	0.04876	0.01238	0.03097	0.01190	0.00700	0.00865	0.00562	0.02882	0.00450	0.00127	0.05603	0.00295	0.00186	0.00541
2	0.01096	0.76780	0.04911	0.00726	0.01070	0.05677	0.00721	0.03321	0.00860	0.00998	0.00577	0.00663	0.00519	0.00352	0.00271	0.00089	0.00450	0.00223	0.00179	0.00519
3	0.01009	0.00876	0.06381	0.00711	0.01059	0.00719	0.00608	0.12353	0.11156	0.06914	0.00919	0.00968	0.00705	0.00372	0.00338	0.00086	0.00342	0.00296	0.00294	0.53896
4	0.05916	0.00492	0.00638	0.00630	0.00722	0.00558	0.00484	0.00879	0.09236	0.01060	0.01244	0.01856	0.02731	0.12771	0.53820	0.00492	0.00807	0.05035	0.00252	0.00378
5	0.00603	0.00464	0.00537	0.00546	0.00648	0.00447	0.00401	0.05604	0.06335	0.01243	0.12225	0.29728	0.28443	0.05508	0.00565	0.00159	0.00252	0.05538	0.00378	0.00376
6	0.01016	0.00525	0.00694	0.05651	0.00885	0.00478	0.00498	0.01165	0.01022	0.32164	0.18054	0.11778	0.19098	0.00777	0.00451	0.00135	0.00283	0.04423	0.00421	0.00482
7	0.00643	0.00466	0.00676	0.00711	0.00800	0.00452	0.04739	0.02786	0.00885	0.03255	0.02052	0.40403	0.02300	0.01103	0.00523	0.00169	0.00325	0.36971	0.00366	0.00374
8	0.00768	0.01727	0.65369	0.01019	0.01506	0.00839	0.01249	0.01215	0.05539	0.01290	0.05952	0.06730	0.04071	0.00499	0.00400	0.00130	0.00514	0.00408	0.00221	0.00555
9	0.06363	0.00962	0.01018	0.00827	0.01102	0.03186	0.00668	0.41405	0.21162	0.12400	0.01225	0.04386	0.00916	0.00520	0.00396	0.00126	0.00386	0.00408	0.01914	0.00632
10	0.00491	0.00354	0.00466	0.00555	0.00585	0.00329	0.00374	0.00565	0.00778	0.01030	0.02298	0.80100	0.06519	0.01242	0.00511	0.00162	0.00234	0.02708	0.00372	0.00327
11	0.01106	0.01241	0.01443	0.23362	0.07912	0.29682	0.18883	0.04932	0.03289	0.01175	0.00821	0.01019	0.02509	0.00410	0.00405	0.00122	0.00609	0.00363	0.00216	0.00501
12	0.00838	0.04426	0.72902	0.01208	0.05118	0.02327	0.05161	0.01273	0.00858	0.01258	0.00719	0.00856	0.00518	0.00377	0.00382	0.00125	0.00589	0.00304	0.00173	0.00588
13	0.00489	0.00370	0.00445	0.00502	0.00560	0.00334	0.00343	0.00565	0.00805	0.01029	0.02759	0.54283	0.28810	0.06017	0.00587	0.00167	0.00232	0.01013	0.00365	0.00325
14	0.09473	0.01105	0.01100	0.00868	0.01166	0.08918	0.00709	0.56948	0.01607	0.11445	0.00982	0.02181	0.00707	0.00478	0.00385	0.00120	0.00442	0.00354	0.00379	0.00634
15	0.00904	0.07539	0.66211	0.01085	0.01608	0.07578	0.01319	0.03511	0.04296	0.01277	0.00746	0.00854	0.00544	0.00391	0.00373	0.00123	0.00577	0.00296	0.00189	0.00582
16	0.02939	0.04473	0.01263	0.18000	0.05351	0.12183	0.14707	0.07625	0.03951	0.01259	0.04326	0.11165	0.06419	0.00568	0.00457	0.00131	0.03949	0.00496	0.00260	0.00478
17	0.00490	0.00360	0.00460	0.00539	0.00581	0.00331	0.00368	0.00567	0.00794	0.01037	0.02498	0.71107	0.15231	0.01216	0.00507	0.00159	0.00231	0.02824	0.00372	0.00329
18	0.00489	0.00349	0.00465	0.00558	0.00582	0.00326	0.00372	0.00558	0.00768	0.01024	0.02210	0.85644	0.02653	0.01256	0.00512	0.00163	0.00233	0.01140	0.00372	0.00326
19	0.00619	0.00445	0.00611	0.00684	0.00774	0.00437	0.00581	0.00793	0.00939	0.01235	0.12424	0.10040	0.05464	0.01079	0.00538	0.00174	0.00331	0.62089	0.00379	0.00366
20	0.02914	0.00631	0.00761	0.00747	0.00900	0.00663	0.00623	0.18915	0.06426	0.02677	0.01877	0.11729	0.05126	0.00918	0.00494	0.00161	0.00359	0.43243	0.00378	0.00456
21	0.01326	0.08466	0.01273	0.01009	0.01241	0.53669	0.06111	0.05015	0.07536	0.01133	0.00721	0.00825	0.00589	0.00428	0.00418	0.00110	0.05461	0.00293	0.00227	0.04148
22	0.20734	0.03495	0.16336	0.00934	0.01292	0.04090	0.15288	0.08685	0.02806	0.04454	0.00819	0.03962	0.00651	0.00407	0.00358	0.00116	0.00455	0.00341	0.00251	0.14525

[dist]
# distance from previous block
# <min> <max>
1	2

[block]
# block no. 2 follows, 67 sequences, length 20
# corresponding to MSA columns:
# 494-513
name=unknown_C
#
# <colnr> <probs for GDERKNQSTAVLIFYWHMCP>
#	G	D	E	R	K	N	Q	S	T	A	V	L	I	F	Y	W	H	M	C	P
0	0.01115	0.00551	0.00705	0.00612	0.00800	0.00500	0.00478	0.05025	0.01052	0.36254	0.13615	0.13562	0.14093	0.05583	0.00538	0.00149	0.00293	0.04146	0.00429	0.00501
1	0.04714	0.27548	0.39872	0.00878	0.01291	0.01059	0.01001	0.01204	0.05456	0.01187	0.00969	0.08569	0.03715	0.00480	0.00354	0.00118	0.00468	0.00373	0.00213	0.00531
2	0.00805	0.00790	0.04899	0.67024	0.02421	0.00886	0.01046	0.05642	0.03340	0.01147	0.00771	0.01080	0.00586	0.00522	0.04164	0.00153	0.00541	0.00356	0.00201	0.03628
3	0.08305	0.01669	0.01875	0.00699	0.00897	0.05264	0.04342	0.09338	0.06152	0.11703	0.17301	0.09634	0.07465	0.03852	0.01960	0.00147	0.00352	0.04064	0.01347	0.03634
4	0.00530	0.00393	0.00462	0.00479	0.00548	0.00361	0.00333	0.00621	0.00847	0.01106	0.18752	0.20374	0.27051	0.21976	0.00872	0.00204	0.00259	0.04156	0.00354	0.00322
5	0.00947	0.03538	0.00928	0.01975	0.01018	0.02758	0.00539	0.13535	0.00998	0.01459	0.00807	0.04392	0.00688	0.00372	0.00324	0.00076	0.00335	0.00296	0.00265	0.64748
6	0.01013	0.00701	0.01028	0.00872	0.03685	0.00686	0.12789	0.10242	0.06750	0.17034	0.16286	0.09540	0.05139	0.04515	0.00531	0.00144	0.01564	0.04303	0.00371	0.02805
7	0.06988	0.12674	0.24693	0.00931	0.04756	0.12481	0.00883	0.06271	0.00904	0.01225	0.00948	0.02437	0.04316	0.03381	0.10800	0.00193	0.03105	0.02297	0.00221	0.00496
8	0.01027	0.07582	0.10788	0.09293	0.30480	0.07261	0.12573	0.06465	0.03589	0.03354	0.00834	0.03452	0.00680	0.00408	0.00397	0.00122	0.00520	0.00376	0.00225	0.00573
9	0.00495	0.00357	0.00464	0.00542	0.00574	0.00331	0.00363	0.00569	0.00785	0.01043	0.05945	0.73801	0.07215	0.04761	0.00572	0.00169	0.00236	0.01081	0.00370	0.00325
10	0.00961	0.00535	0.00651	0.00596	0.00753	0.00509	0.00457	0.09091	0.02660	0.21442	0.06645	0.26157	0.12963	0.00819	0.00437	0.00135	0.00273	0.03095	0.11354	0.00466
11	0.03827	0.10536	0.09770	0.14138	0.21186	0.06569	0.03485	0.05975	0.05745	0.04859	0.02032	0.02821	0.00714	0.00442	0.00442	0.00124	0.06194	0.00357	0.00235	0.00549
12	0.09663	0.03622	0.12460	0.00961	0.06093	0.15331	0.00808	0.18847	0.02811	0.24068	0.00991	0.00989	0.00694	0.00440	0.00374	0.00119	0.00470	0.00330	0.00329	0.00601
13	0.00498	0.00383	0.00457	0.00501	0.00579	0.00342	0.00358	0.00597	0.00869	0.01112	0.10862	0.41575	0.34616	0.01112	0.00495	0.00149	0.00223	0.04555	0.00379	0.00338
14	0.00678	0.00468	0.00563	0.00526	0.00654	0.00437	0.00402	0.04502	0.03198	0.06460	0.44086	0.06561	0.23211	0.00845	0.00463	0.00131	0.00224	0.03292	0.02895	0.00405
15	0.04570	0.24160	0.04111	0.05664	0.04288	0.12734	0.03360	0.09365	0.05655	0.16035	0.03212	0.00995	0.00755	0.00436	0.00383	0.00114	0.02999	0.00325	0.00283	0.00556
16	0.00540	0.00409	0.00470	0.00463	0.00577	0.00357	0.00344	0.00670	0.00981	0.03263	0.31106	0.11637	0.45827	0.00960	0.00476	0.00135	0.00205	0.00823	0.00399	0.00359
17	0.00544	0.00393	0.00513	0.00588	0.00643	0.00374	0.00439	0.00647	0.00816	0.01064	0.02297	0.45013	0.10849	0.08301	0.00650	0.00186	0.00285	0.25704	0.00361	0.00334
18	0.01144	0.12435	0.09657	0.04610	0.06525	0.17146	0.02251	0.20020	0.08890	0.01526	0.09258	0.01203	0.01001	0.00479	0.00385	0.00117	0.00481	0.02034	0.00288	0.00551
19	0.03839	0.29075	0.07500	0.00882	0.01177	0.29429	0.00780	0.16617	0.01120	0.01315	0.00679	0.00767	0.00553	0.00409	0.00358	0.00105	0.02860	0.00270	0.01739	0.00528

[dist]
# distance from previous block
# <min> <max>
3	6

[block]
# block no. 3 follows, 67 sequences, length 23
# corresponding to MSA columns:
# 520-542
name=unknown_D
#
# <colnr> <probs for GDERKNQSTAVLIFYWHMCP>
#	G	D	E	R	K	N	Q	S	T	A	V	L	I	F	Y	W	H	M	C	P
0	0.00968	0.14937	0.36313	0.01083	0.01461	0.05982	0.08766	0.07230	0.00900	0.01238	0.00678	0.00844	0.00536	0.00442	0.00551	0.00129	0.16892	0.00313	0.00193	0.00545
1	0.00726	0.00522	0.00734	0.00691	0.00813	0.00495	0.06505	0.07957	0.00935	0.06271	0.06586	0.53408	0.02156	0.00985	0.00480	0.00147	0.00298	0.04378	0.00366	0.05546
2	0.00832	0.09383	0.74153	0.01120	0.01685	0.00991	0.03922	0.01264	0.00847	0.01242	0.00708	0.00836	0.00512	0.00376	0.00373	0.00124	0.00581	0.00295	0.00171	0.00584
3	0.00568	0.00406	0.00494	0.00541	0.00606	0.00386	0.00378	0.05358	0.00869	0.01168	0.04008	0.59828	0.15179	0.01106	0.00481	0.00150	0.00236	0.00983	0.06902	0.00353
4	0.01003	0.00973	0.01874	0.01392	0.01712	0.02348	0.54304	0.05954	0.00984	0.07436	0.01016	0.06420	0.00858	0.00486	0.00529	0.00140	0.06608	0.05180	0.00254	0.00528
5	0.00513	0.00371	0.00489	0.00569	0.00614	0.00348	0.00405	0.00606	0.00816	0.01078	0.05947	0.64748	0.08649	0.01199	0.00513	0.00162	0.00247	0.12015	0.00375	0.00335
6	0.00718	0.00593	0.00823	0.00731	0.00884	0.04297	0.10919	0.00927	0.03369	0.04711	0.32633	0.08751	0.12989	0.00826	0.00481	0.00141	0.00323	0.15097	0.00375	0.00412
7	0.09899	0.00770	0.00935	0.00735	0.01033	0.00748	0.00603	0.13277	0.08523	0.57063	0.01402	0.01252	0.00917	0.00487	0.00389	0.00125	0.00350	0.00384	0.00451	0.00655
8	0.04718	0.00490	0.00506	0.00461	0.00596	0.00503	0.00356	0.09623	0.00959	0.06604	0.01255	0.01415	0.00971	0.02021	0.00331	0.00105	0.00232	0.00371	0.68056	0.00426
9	0.00761	0.00726	0.01251	0.77433	0.02658	0.00883	0.06016	0.01028	0.00814	0.01042	0.00815	0.01150	0.02923	0.00415	0.00407	0.00134	0.00534	0.00378	0.00185	0.00448
10	0.00799	0.00505	0.00461	0.00448	0.00560	0.05523	0.00338	0.01048	0.06949	0.01459	0.01415	0.01556	0.04739	0.00495	0.00304	0.00099	0.00230	0.00394	0.72281	0.00397
11	0.00516	0.00373	0.00487	0.00562	0.00605	0.00350	0.00397	0.00607	0.00811	0.01073	0.07006	0.61099	0.08266	0.05033	0.00582	0.00172	0.00252	0.11109	0.00370	0.00331
12	0.00793	0.00660	0.05854	0.00748	0.00898	0.00661	0.02348	0.10532	0.00838	0.05985	0.01044	0.01426	0.00914	0.03834	0.57398	0.00484	0.04487	0.00412	0.00249	0.00435
13	0.01502	0.01799	0.01146	0.01017	0.01240	0.72451	0.00773	0.13077	0.01243	0.01202	0.00669	0.00757	0.00540	0.00423	0.00367	0.00106	0.00683	0.00273	0.00234	0.00496
14	0.00521	0.00371	0.00487	0.01705	0.00604	0.00357	0.00377	0.00600	0.00769	0.01035	0.06969	0.60294	0.03690	0.12580	0.03924	0.00208	0.00291	0.03470	0.01425	0.00323
15	0.00642	0.00407	0.00515	0.00523	0.00577	0.00394	0.00360	0.00700	0.00754	0.06108	0.09138	0.18886	0.08363	0.31753	0.06985	0.06828	0.00366	0.06069	0.00314	0.00318
16	0.00907	0.13642	0.65567	0.01063	0.01591	0.06094	0.01308	0.01297	0.00867	0.03132	0.00711	0.00823	0.00521	0.00380	0.00363	0.00120	0.00572	0.00285	0.00180	0.00576
17	0.00793	0.00463	0.00604	0.00557	0.00693	0.00419	0.00434	0.00962	0.01083	0.16873	0.49784	0.06079	0.10943	0.00821	0.00469	0.00133	0.00237	0.07788	0.00436	0.00429
18	0.01362	0.08617	0.02911	0.00926	0.01157	0.44169	0.00740	0.16119	0.02439	0.06107	0.00851	0.05796	0.00719	0.00489	0.00414	0.00114	0.04407	0.00343	0.01802	0.00516
19	0.00876	0.00844	0.06014	0.00749	0.01078	0.02718	0.07728	0.05984	0.02671	0.02410	0.04507	0.02404	0.03206	0.02221	0.02509	0.00106	0.00382	0.00341	0.00261	0.52989
20	0.02469	0.29045	0.25286	0.00929	0.02114	0.02880	0.05653	0.07702	0.13731	0.01346	0.04569	0.00998	0.00790	0.00420	0.00354	0.00114	0.00468	0.00328	0.00242	0.00563
21	0.00911	0.00660	0.00753	0.00674	0.00833	0.00704	0.00526	0.21703	0.12300	0.03247	0.10887	0.04336	0.05708	0.14445	0.05921	0.00207	0.00385	0.10338	0.04992	0.00470
22	0.00726	0.00518	0.00584	0.00546	0.00700	0.00493	0.00425	0.06917	0.07716	0.07492	0.14857	0.07899	0.40573	0.00878	0.00461	0.00136	0.00251	0.06158	0.02249	0.00422

[dist]
# distance from previous block
# <min> <max>
5	7

[block]
# block no. 4 follows, 67 sequences, length 33
# corresponding to MSA columns:
# 551-583
name=unknown_E
#
# <colnr> <probs for GDERKNQSTAVLIFYWHMCP>
#	G	D	E	R	K	N	Q	S	T	A	V	L	I	F	Y	W	H	M	C	P
0	0.03642	0.01852	0.08212	0.07098	0.05992	0.14055	0.03180	0.09675	0.03085	0.18238	0.04495	0.06896	0.00997	0.00591	0.02615	0.00139	0.02848	0.01523	0.04330	0.00536
1	0.31252	0.17908	0.04589	0.00800	0.01067	0.24981	0.02070	0.07379	0.00937	0.01387	0.00616	0.00719	0.00502	0.00400	0.00347	0.00113	0.03968	0.00252	0.00226	0.00486
2	0.03850	0.00520	0.00657	0.00569	0.00748	0.00467	0.00443	0.01171	0.01040	0.32124	0.27779	0.06096	0.15740	0.05232	0.00525	0.00143	0.00267	0.01721	0.00430	0.00478
3	0.00649	0.00449	0.00526	0.00503	0.00631	0.00407	0.00381	0.03966	0.01018	0.07011	0.27372	0.12197	0.37113	0.00915	0.00468	0.00135	0.00225	0.03067	0.02579	0.00388
4	0.03842	0.05517	0.24659	0.05035	0.07798	0.00864	0.07517	0.02833	0.08317	0.03440	0.04606	0.02880	0.00819	0.00424	0.00395	0.00114	0.02395	0.00357	0.00243	0.17944
5	0.01130	0.03193	0.00764	0.00610	0.00825	0.00592	0.00489	0.06513	0.07970	0.31710	0.16437	0.02111	0.17387	0.00650	0.00415	0.00124	0.00282	0.00539	0.07731	0.00527
6	0.00496	0.00352	0.00464	0.00551	0.00579	0.00328	0.00369	0.00571	0.00779	0.01047	0.03928	0.80818	0.03862	0.01226	0.00505	0.00160	0.00230	0.01110	0.02296	0.00328
7	0.00961	0.00836	0.01249	0.05537	0.11684	0.08471	0.21727	0.01196	0.02113	0.07005	0.07061	0.03401	0.01025	0.00467	0.00419	0.00120	0.02846	0.00433	0.22962	0.00489
8	0.05757	0.12019	0.11316	0.00972	0.03801	0.11589	0.05413	0.16675	0.03088	0.09854	0.00941	0.03868	0.02438	0.00491	0.00480	0.00124	0.09983	0.00363	0.00277	0.00552
9	0.00974	0.00915	0.01524	0.06591	0.64659	0.00928	0.04332	0.05461	0.02130	0.01348	0.00913	0.03699	0.02335	0.00423	0.00409	0.00124	0.00469	0.01942	0.00223	0.00604
10	0.00491	0.00352	0.00466	0.00553	0.00581	0.00328	0.00371	0.00565	0.00782	0.01042	0.04575	0.81261	0.04672	0.01238	0.00510	0.00161	0.00231	0.01121	0.00374	0.00328
11	0.00825	0.00709	0.02283	0.00796	0.00947	0.06218	0.09718	0.04495	0.10888	0.05509	0.05915	0.28264	0.03024	0.07159	0.00605	0.00164	0.02462	0.08275	0.01303	0.00439
12	0.00949	0.13434	0.59882	0.01062	0.01573	0.06774	0.03004	0.03314	0.00902	0.04500	0.00733	0.00839	0.00535	0.00384	0.00366	0.00120	0.00567	0.00292	0.00192	0.00578
13	0.00492	0.00404	0.00435	0.00446	0.00565	0.00347	0.00335	0.00601	0.00917	0.01123	0.09773	0.11882	0.65014	0.01029	0.00482	0.00140	0.00214	0.05082	0.00377	0.00342
14	0.01252	0.02974	0.03587	0.01052	0.05138	0.10395	0.09177	0.34680	0.22388	0.01862	0.02722	0.01118	0.00848	0.00470	0.00404	0.00124	0.00466	0.00387	0.00341	0.00617
15	0.00628	0.06352	0.00715	0.00613	0.00697	0.00567	0.00473	0.01962	0.00670	0.00946	0.01072	0.01662	0.01035	0.15516	0.62457	0.00545	0.00892	0.00436	0.02406	0.00356
16	0.00484	0.00407	0.00420	0.00417	0.00548	0.00343	0.00313	0.00595	0.00938	0.01140	0.12660	0.03766	0.74608	0.00994	0.00474	0.00134	0.00202	0.00833	0.00380	0.00343
17	0.01072	0.86147	0.02102	0.00686	0.01029	0.01587	0.00686	0.01201	0.00815	0.00944	0.00558	0.00643	0.00515	0.00343	0.00257	0.00086	0.00429	0.00214	0.00172	0.00515
18	0.00502	0.00361	0.00468	0.00543	0.00577	0.00337	0.00367	0.00577	0.00784	0.01039	0.05467	0.69016	0.07766	0.07065	0.00615	0.00176	0.00244	0.03406	0.00366	0.00324
19	0.01548	0.00703	0.00900	0.00722	0.01001	0.00663	0.00586	0.01916	0.18639	0.60832	0.06819	0.01498	0.01221	0.00527	0.00409	0.00127	0.00326	0.00435	0.00474	0.00653
20	0.00804	0.02074	0.83828	0.01143	0.01736	0.00931	0.01482	0.01270	0.00847	0.01270	0.00720	0.00847	0.00508	0.00381	0.00381	0.00127	0.00593	0.00296	0.00169	0.00593
21	0.00916	0.01039	0.02241	0.01608	0.01996	0.00971	0.76719	0.01239	0.00945	0.01272	0.01020	0.01260	0.05901	0.00381	0.00473	0.00135	0.00646	0.00497	0.00214	0.00528
22	0.01278	0.00639	0.00776	0.00644	0.00860	0.04927	0.00512	0.02307	0.01131	0.44962	0.29591	0.04034	0.03546	0.00631	0.00427	0.00124	0.00302	0.00532	0.02232	0.00545
23	0.00500	0.00357	0.00478	0.00571	0.00599	0.00335	0.00391	0.00577	0.00779	0.01036	0.02204	0.80042	0.02629	0.01246	0.00515	0.00164	0.00242	0.06635	0.00372	0.00329
24	0.00986	0.01386	0.29722	0.01345	0.01792	0.00978	0.39684	0.06837	0.06221	0.05738	0.00884	0.01036	0.00639	0.00384	0.00429	0.00131	0.00591	0.00401	0.00234	0.00581
25	0.01028	0.00804	0.00847	0.00770	0.00974	0.04298	0.00592	0.01843	0.57242	0.10553	0.01665	0.13790	0.01376	0.00637	0.00419	0.00137	0.00323	0.00539	0.01578	0.00584
26	0.00526	0.00378	0.00493	0.00571	0.00608	0.00359	0.00390	0.03045	0.00816	0.01087	0.03893	0.77924	0.03865	0.01216	0.00508	0.00161	0.00241	0.03206	0.00375	0.00339
27	0.00866	0.04515	0.69408	0.01245	0.09212	0.05354	0.01397	0.01282	0.00867	0.01249	0.00713	0.00847	0.00520	0.00379	0.00378	0.00124	0.00584	0.00297	0.00174	0.00588
28	0.00669	0.00523	0.00740	0.03256	0.14998	0.00514	0.00586	0.00809	0.00847	0.03469	0.04387	0.11279	0.20891	0.09652	0.10159	0.00227	0.00415	0.15867	0.00311	0.00401
29	0.00493	0.00404	0.00437	0.00447	0.00567	0.00348	0.00336	0.00605	0.00922	0.01132	0.11027	0.11226	0.64195	0.01025	0.00482	0.00140	0.00214	0.05279	0.00379	0.00343
30	0.01503	0.01112	0.01191	0.00918	0.01235	0.01234	0.00757	0.78754	0.05234	0.02492	0.00991	0.00985	0.00705	0.00484	0.00401	0.00121	0.00436	0.00365	0.00401	0.00680
31	0.00900	0.05294	0.01321	0.57127	0.17377	0.00955	0.01074	0.06695	0.00908	0.03499	0.00754	0.01034	0.00575	0.00398	0.00393	0.00127	0.00506	0.00351	0.00206	0.00507
32	0.00752	0.22057	0.11244	0.07350	0.02961	0.00832	0.00681	0.02322	0.01769	0.01155	0.13298	0.17957	0.08577	0.02696	0.02677	0.00145	0.02237	0.00570	0.00277	0.00442

[dist]
# distance from previous block
# <min> <max>
0	6

[block]
# block no. 5 follows, 67 sequences, length 11
# corresponding to MSA columns:
# 590-600
name=unknown_F
#
# <colnr> <probs for GDERKNQSTAVLIFYWHMCP>
#	G	D	E	R	K	N	Q	S	T	A	V	L	I	F	Y	W	H	M	C	P
0	0.01117	0.03777	0.01161	0.03063	0.01133	0.04840	0.08358	0.14192	0.04796	0.12368	0.00973	0.03775	0.00783	0.00574	0.00685	0.02523	0.24664	0.00395	0.10310	0.00515
1	0.48386	0.00811	0.00855	0.00764	0.04201	0.00934	0.02174	0.05060	0.02281	0.05541	0.00678	0.00810	0.00539	0.00445	0.00486	0.00129	0.16666	0.00278	0.01715	0.07248
2	0.01032	0.01039	0.04227	0.25724	0.16592	0.14567	0.02199	0.11423	0.07426	0.02430	0.00939	0.07225	0.00793	0.00529	0.02016	0.00136	0.00516	0.00408	0.00252	0.00527
3	0.01071	0.19752	0.19704	0.01056	0.06713	0.01055	0.09854	0.13584	0.01040	0.09103	0.03438	0.05201	0.00847	0.00477	0.00418	0.00122	0.03580	0.02157	0.00264	0.00565
4	0.00512	0.00398	0.00441	0.00446	0.00556	0.00348	0.00329	0.00634	0.00940	0.01216	0.21362	0.14235	0.50266	0.00972	0.00468	0.00135	0.00203	0.00831	0.05360	0.00348
5	0.00517	0.00375	0.00471	0.00529	0.00586	0.00347	0.00373	0.00613	0.00834	0.01106	0.09828	0.51614	0.16969	0.04412	0.00557	0.00163	0.00238	0.06955	0.03178	0.00334
6	0.00964	0.04438	0.13451	0.28972	0.10970	0.03991	0.04597	0.09549	0.02335	0.05394	0.03937	0.02849	0.00792	0.00463	0.00440	0.00129	0.03989	0.01966	0.00241	0.00529
7	0.01210	0.03423	0.03721	0.07664	0.14369	0.08708	0.03784	0.21711	0.04795	0.13210	0.02572	0.05099	0.03529	0.00504	0.00415	0.00123	0.01749	0.00417	0.02418	0.00577
8	0.49220	0.05181	0.00854	0.00703	0.00933	0.21770	0.00564	0.01289	0.03605	0.01465	0.00628	0.00739	0.00511	0.00462	0.02328	0.00129	0.04600	0.00248	0.00235	0.04534
9	0.29078	0.02007	0.07271	0.00716	0.03240	0.07450	0.02238	0.09508	0.04158	0.02711	0.00992	0.01102	0.03364	0.00543	0.03672	0.00136	0.00392	0.00328	0.20620	0.00475
10	0.00506	0.00364	0.00482	0.00561	0.00599	0.00340	0.00389	0.00595	0.00816	0.01090	0.09478	0.70042	0.05430	0.01199	0.00510	0.00160	0.00237	0.06491	0.00378	0.00334

[dist]
# distance from previous block
# <min> <max>
0	1

[block]
# block no. 6 follows, 67 sequences, length 31
# corresponding to MSA columns:
# 602-632
name=unknown_G
#
# <colnr> <probs for GDERKNQSTAVLIFYWHMCP>
#	G	D	E	R	K	N	Q	S	T	A	V	L	I	F	Y	W	H	M	C	P
0	0.05657	0.06064	0.03794	0.00732	0.01003	0.00795	0.01480	0.12350	0.08692	0.36299	0.04086	0.01493	0.08651	0.00543	0.00426	0.00125	0.03528	0.00427	0.03264	0.00590
1	0.00749	0.00413	0.00475	0.00456	0.00559	0.00417	0.00348	0.02406	0.00893	0.04625	0.14716	0.01738	0.01469	0.00878	0.11953	0.00177	0.00321	0.00440	0.56578	0.00390
2	0.00503	0.00366	0.00477	0.00549	0.00590	0.00346	0.00379	0.00585	0.00784	0.01037	0.04411	0.64785	0.10633	0.03975	0.05741	0.00197	0.00290	0.03664	0.00360	0.00329
3	0.00969	0.01008	0.01796	0.03640	0.01719	0.06082	0.50887	0.03351	0.10779	0.03018	0.01157	0.01526	0.04023	0.00471	0.00461	0.00137	0.00574	0.07614	0.00259	0.00528
4	0.00654	0.00543	0.00651	0.00636	0.00697	0.06524	0.00471	0.00756	0.00663	0.00898	0.01068	0.01750	0.01063	0.23474	0.54494	0.00524	0.04122	0.00453	0.00220	0.00340
5	0.00506	0.00368	0.00472	0.00538	0.00579	0.00346	0.00367	0.00585	0.00785	0.01038	0.05919	0.60224	0.11623	0.08202	0.03937	0.00196	0.00277	0.03353	0.00359	0.00325
6	0.01072	0.86147	0.02102	0.00686	0.01029	0.01587	0.00686	0.01201	0.00815	0.00944	0.00558	0.00643	0.00515	0.00343	0.00257	0.00086	0.00429	0.00214	0.00172	0.00515
7	0.00583	0.00389	0.00437	0.00437	0.00437	0.00389	0.00243	0.00583	0.00583	0.00778	0.01264	0.02624	0.01458	0.85906	0.02041	0.00389	0.00389	0.00583	0.00243	0.00243
8	0.00564	0.00381	0.00443	0.00462	0.00467	0.00376	0.00270	0.00578	0.00621	0.00829	0.01460	0.19805	0.01705	0.68388	0.01725	0.00342	0.00357	0.00698	0.00270	0.00260
9	0.01079	0.00853	0.00920	0.00800	0.01047	0.00951	0.00628	0.06432	0.66813	0.08110	0.01535	0.01416	0.01137	0.00522	0.00400	0.00129	0.00325	0.00431	0.00404	0.06068
10	0.00665	0.00536	0.00575	0.00534	0.00690	0.00520	0.00412	0.09494	0.10470	0.01385	0.15125	0.04993	0.49568	0.00883	0.00461	0.00134	0.00244	0.02506	0.00390	0.00416
11	0.00900	0.00913	0.01211	0.01036	0.01057	0.04492	0.00859	0.00992	0.00642	0.00978	0.00537	0.00870	0.00528	0.00676	0.01243	0.00169	0.78882	0.00343	0.00179	0.03493
12	0.03655	0.00713	0.00906	0.00718	0.01001	0.00670	0.00586	0.06914	0.10920	0.60412	0.07903	0.01466	0.01206	0.00523	0.00406	0.00125	0.00332	0.00427	0.00470	0.00647
13	0.00947	0.01082	0.02366	0.01690	0.02096	0.01014	0.81947	0.01285	0.00947	0.01285	0.00811	0.01082	0.00609	0.00338	0.00473	0.00135	0.00676	0.00473	0.00203	0.00541
14	0.00818	0.00752	0.01227	0.75119	0.07190	0.00916	0.01099	0.06050	0.00875	0.01134	0.00731	0.01058	0.00549	0.00403	0.00401	0.00132	0.00526	0.00357	0.00193	0.00471
15	0.00993	0.00927	0.01509	0.06777	0.68004	0.00947	0.01141	0.05977	0.04200	0.01373	0.00914	0.01115	0.03524	0.00397	0.00401	0.00121	0.00462	0.00378	0.00224	0.00617
16	0.01421	0.00616	0.00783	0.00630	0.00865	0.00566	0.00505	0.07063	0.01101	0.51607	0.06343	0.01539	0.01174	0.05792	0.00484	0.00134	0.00311	0.00425	0.18065	0.00575
17	0.00543	0.00411	0.00506	0.00543	0.00616	0.00390	0.00386	0.00721	0.06705	0.01210	0.19939	0.46212	0.16594	0.01067	0.00490	0.00149	0.00227	0.02539	0.00390	0.00362
18	0.02733	0.06253	0.03958	0.02074	0.01131	0.09395	0.05715	0.16239	0.23719	0.08193	0.04974	0.02796	0.07605	0.00608	0.02689	0.00139	0.00429	0.00442	0.00344	0.00561
19	0.00527	0.00439	0.00455	0.00449	0.00584	0.00392	0.00337	0.00714	0.07197	0.01173	0.09421	0.06131	0.67111	0.00962	0.00466	0.00135	0.00212	0.00807	0.02124	0.00364
20	0.00906	0.00505	0.00646	0.00567	0.00725	0.00466	0.00439	0.01134	0.05900	0.22498	0.50150	0.02505	0.07401	0.01976	0.00471	0.00130	0.00239	0.00625	0.02252	0.00467
21	0.01528	0.00782	0.00957	0.00754	0.01034	0.00768	0.00615	0.25961	0.03574	0.46075	0.08543	0.05193	0.01224	0.00556	0.00414	0.00125	0.00353	0.00453	0.00455	0.00638
22	0.01823	0.02058	0.01380	0.01271	0.01498	0.75575	0.00925	0.01817	0.01358	0.01378	0.01054	0.01329	0.00927	0.00798	0.04327	0.00203	0.00857	0.00404	0.00347	0.00671
23	0.01414	0.00815	0.00936	0.00740	0.01005	0.00842	0.00604	0.37122	0.03552	0.27466	0.05530	0.01298	0.01013	0.00503	0.00385	0.00118	0.00351	0.00398	0.15295	0.00613
24	0.00787	0.00454	0.00490	0.00471	0.00576	0.00462	0.00349	0.07374	0.03479	0.03120	0.04939	0.11976	0.01355	0.06492	0.00455	0.00128	0.00234	0.00500	0.55961	0.00398
25	0.01201	0.00901	0.06659	0.06048	0.10678	0.00861	0.03937	0.11525	0.19712	0.22714	0.07075	0.01344	0.01079	0.00498	0.00432	0.00128	0.02610	0.00418	0.01571	0.00608
26	0.01052	0.02899	0.01100	0.27010	0.05923	0.21461	0.00834	0.09244	0.00980	0.04877	0.00826	0.01087	0.00672	0.02517	0.14323	0.00213	0.02852	0.00348	0.01307	0.00477
27	0.00723	0.00473	0.00566	0.00517	0.00668	0.00416	0.00393	0.02857	0.01016	0.11891	0.27691	0.11895	0.32235	0.00857	0.00456	0.00129	0.00231	0.00734	0.00402	0.05847
28	0.03800	0.02228	0.04445	0.12381	0.12170	0.04136	0.02311	0.23005	0.03786	0.01571	0.00935	0.03747	0.02938	0.00464	0.00438	0.00117	0.05676	0.00369	0.00273	0.15211
29	0.01018	0.02327	0.09260	0.02805	0.03423	0.07713	0.03520	0.06376	0.05518	0.16966	0.12774	0.08014	0.11440	0.01711	0.00447	0.00132	0.00381	0.03566	0.00351	0.02258
30	0.01973	0.10955	0.07481	0.05621	0.06768	0.08623	0.04214	0.18965	0.07848	0.13656	0.04281	0.02020	0.02907	0.00500	0.01286	0.00125	0.00454	0.00381	0.01364	0.00577

[dist]
# distance from previous block
# <min> <max>
0	8

[block]
# block no. 7 follows, 67 sequences, length 14
# corresponding to MSA columns:
# 641-654
name=unknown_H
#
# <colnr> <probs for GDERKNQSTAVLIFYWHMCP>
#	G	D	E	R	K	N	Q	S	T	A	V	L	I	F	Y	W	H	M	C	P
0	0.01074	0.35691	0.05258	0.02734	0.07861	0.17245	0.02191	0.04609	0.00909	0.01087	0.00727	0.03280	0.00656	0.00583	0.05137	0.00139	0.07045	0.01361	0.01913	0.00500
1	0.00604	0.00402	0.00478	0.00474	0.00506	0.00398	0.00298	0.00646	0.00676	0.03253	0.07524	0.06518	0.06932	0.59806	0.09527	0.00359	0.00418	0.00617	0.00277	0.00287
2	0.10368	0.16012	0.11455	0.00906	0.04759	0.11442	0.02663	0.15530	0.06219	0.02902	0.01854	0.00883	0.00649	0.00400	0.00341	0.00107	0.00454	0.00297	0.00259	0.12502
3	0.00916	0.05510	0.06557	0.02111	0.11825	0.10309	0.06045	0.03991	0.11392	0.02506	0.03517	0.07304	0.07722	0.03121	0.02985	0.00157	0.04593	0.08662	0.00284	0.00493
4	0.00526	0.00405	0.00481	0.00475	0.00581	0.00360	0.00355	0.00670	0.01011	0.01339	0.42661	0.09874	0.35794	0.00941	0.00479	0.00134	0.00203	0.02946	0.00406	0.00358
5	0.00992	0.03453	0.12414	0.06251	0.24338	0.02146	0.17291	0.08575	0.01009	0.06641	0.04748	0.07126	0.02234	0.00475	0.00420	0.00127	0.00491	0.00450	0.00257	0.00563
6	0.02999	0.25592	0.35258	0.02553	0.05791	0.03582	0.01047	0.05122	0.05169	0.05793	0.00770	0.00862	0.00589	0.00399	0.00374	0.00116	0.02905	0.00293	0.00216	0.00570
7	0.00745	0.02272	0.03049	0.00576	0.00727	0.00465	0.02746	0.02186	0.01012	0.12160	0.34814	0.11886	0.19600	0.05291	0.00542	0.00145	0.00262	0.00711	0.00395	0.00416
8	0.00619	0.00432	0.00505	0.00511	0.00555	0.00429	0.00344	0.04144	0.00749	0.00987	0.04709	0.07567	0.08391	0.54538	0.01473	0.00303	0.00357	0.12795	0.00294	0.00299
9	0.02980	0.06033	0.07448	0.00717	0.01036	0.07518	0.02908	0.02168	0.04987	0.03639	0.04778	0.02514	0.01741	0.00428	0.00379	0.03213	0.00373	0.00316	0.00254	0.46567
10	0.04493	0.00741	0.00766	0.03735	0.05210	0.08934	0.00559	0.07423	0.13143	0.04526	0.04687	0.17360	0.21046	0.00771	0.00436	0.00135	0.00339	0.03535	0.00347	0.01815
11	0.00493	0.00371	0.00452	0.00507	0.00566	0.00335	0.00349	0.00577	0.00827	0.01070	0.07961	0.53689	0.25930	0.04221	0.00554	0.00161	0.00227	0.01008	0.00372	0.00330
12	0.01043	0.01015	0.10371	0.01516	0.29906	0.02343	0.12260	0.07091	0.07313	0.10014	0.04845	0.02996	0.00981	0.02267	0.00455	0.00134	0.00468	0.04115	0.00281	0.00584
13	0.09670	0.07236	0.12639	0.14167	0.01521	0.17062	0.08605	0.05800	0.04848	0.03680	0.00762	0.00897	0.00584	0.00390	0.00361	0.00113	0.00515	0.00309	0.00231	0.10609

[dist]
# distance from previous block
# <min> <max>
4	6

[block]
# block no. 8 follows, 67 sequences, length 22
# corresponding to MSA columns:
# 661-682
name=unknown_I
#
# <colnr> <probs for GDERKNQSTAVLIFYWHMCP>
#	G	D	E	R	K	N	Q	S	T	A	V	L	I	F	Y	W	H	M	C	P
0	0.01161	0.02675	0.04987	0.02801	0.04107	0.07539	0.04671	0.22568	0.29234	0.04368	0.03362	0.01185	0.00918	0.00499	0.00463	0.00128	0.06278	0.00392	0.00337	0.02327
1	0.01084	0.79514	0.04604	0.00717	0.01061	0.05505	0.00715	0.01222	0.00831	0.00956	0.00566	0.00653	0.00515	0.00348	0.00266	0.00088	0.00448	0.00219	0.00173	0.00515
2	0.04246	0.05850	0.05612	0.01120	0.07184	0.04533	0.18238	0.15267	0.01054	0.05608	0.02772	0.00982	0.00687	0.00420	0.00476	0.00116	0.09011	0.00352	0.00259	0.16213
3	0.03951	0.03747	0.04224	0.00970	0.07133	0.14231	0.10684	0.06971	0.07521	0.04832	0.13149	0.03407	0.08445	0.03040	0.00454	0.00127	0.00433	0.00467	0.00302	0.05915
4	0.00630	0.00495	0.03887	0.00505	0.00641	0.00415	0.00405	0.02411	0.02075	0.04163	0.24398	0.11490	0.31347	0.00849	0.00442	0.00129	0.00230	0.01932	0.13170	0.00387
5	0.00624	0.00446	0.00571	0.03286	0.02263	0.00430	0.00430	0.04627	0.00954	0.03271	0.24425	0.35123	0.12229	0.03632	0.00524	0.00150	0.00251	0.03030	0.03356	0.00377
6	0.01971	0.04023	0.37157	0.01143	0.10023	0.05609	0.03664	0.07133	0.13328	0.01399	0.03567	0.07340	0.00908	0.00489	0.00397	0.00127	0.00490	0.00408	0.00253	0.00570
7	0.01066	0.02431	0.01313	0.18229	0.23394	0.16564	0.04976	0.11273	0.01032	0.01311	0.00851	0.01046	0.03164	0.00464	0.01631	0.00127	0.04314	0.00353	0.01747	0.04715
8	0.04998	0.00581	0.00698	0.00619	0.00801	0.00561	0.00489	0.10218	0.02583	0.23608	0.14396	0.13953	0.12141	0.00756	0.00435	0.00134	0.00287	0.06589	0.05664	0.00488
9	0.00626	0.00390	0.00508	0.00526	0.00569	0.00381	0.00361	0.02524	0.02406	0.01011	0.08410	0.27470	0.08370	0.05679	0.00974	0.33867	0.00283	0.00679	0.04678	0.00286
10	0.00946	0.08757	0.00970	0.04885	0.03595	0.27976	0.02513	0.03858	0.00957	0.01076	0.01532	0.30277	0.09566	0.00756	0.00422	0.00129	0.00448	0.00633	0.00282	0.00423
11	0.08468	0.00692	0.00801	0.00662	0.00903	0.00687	0.00530	0.10251	0.13136	0.35013	0.05855	0.01744	0.11853	0.03868	0.00463	0.00136	0.00317	0.00471	0.03584	0.00567
12	0.00514	0.00395	0.00460	0.00475	0.00560	0.00360	0.00339	0.00613	0.00860	0.01104	0.14991	0.20009	0.38261	0.12189	0.05385	0.00202	0.00283	0.02312	0.00357	0.00331
13	0.01040	0.00658	0.00821	0.00710	0.00891	0.00713	0.00569	0.22486	0.03091	0.14241	0.01157	0.01372	0.00924	0.01677	0.39998	0.00366	0.00700	0.00403	0.07681	0.00502
14	0.28644	0.00877	0.00958	0.30333	0.03082	0.08728	0.00761	0.09975	0.00940	0.07193	0.00785	0.02319	0.00600	0.00424	0.00348	0.00125	0.00443	0.00321	0.02660	0.00485
15	0.00628	0.00461	0.00506	0.00483	0.00629	0.00416	0.00371	0.00829	0.07132	0.06700	0.15203	0.03353	0.54934	0.00906	0.00462	0.00134	0.00224	0.03637	0.02600	0.00392
16	0.00746	0.00460	0.00504	0.00466	0.00601	0.00437	0.00358	0.06479	0.01009	0.06200	0.17903	0.02440	0.25863	0.00700	0.00390	0.00116	0.00219	0.00582	0.34123	0.00403
17	0.21755	0.04107	0.13433	0.05730	0.11036	0.03322	0.02958	0.08116	0.00942	0.10123	0.00979	0.02201	0.03388	0.00464	0.00385	0.00125	0.02464	0.03702	0.01263	0.03508
18	0.17892	0.01007	0.01022	0.06201	0.03967	0.11806	0.03311	0.27845	0.03009	0.11349	0.00930	0.00988	0.00677	0.00440	0.00359	0.00119	0.00432	0.00332	0.07755	0.00559
19	0.00581	0.00434	0.00506	0.00539	0.00578	0.02840	0.00368	0.00647	0.00730	0.00955	0.04169	0.27434	0.06641	0.35276	0.07907	0.00290	0.00389	0.09105	0.00305	0.00306
20	0.09586	0.00942	0.03175	0.13938	0.22239	0.08034	0.06923	0.06532	0.03600	0.03605	0.02399	0.03599	0.03772	0.00525	0.02814	0.00137	0.02053	0.00389	0.00247	0.05489
21	0.07301	0.04844	0.03156	0.06468	0.29139	0.12216	0.03818	0.07843	0.04395	0.03055	0.00891	0.06393	0.00777	0.00516	0.02063	0.00133	0.02983	0.01313	0.00245	0.02453

[dist]
# distance from previous block
# <min> <max>
9	21

[block]
# block no. 9 follows, 67 sequences, length 12
# corresponding to MSA columns:
# 705-716
name=unknown_J
#
# <colnr> <probs for GDERKNQSTAVLIFYWHMCP>
#	G	D	E	R	K	N	Q	S	T	A	V	L	I	F	Y	W	H	M	C	P
0	0.03206	0.17222	0.28478	0.03032	0.02827	0.05586	0.04904	0.07386	0.04186	0.01297	0.04487	0.12332	0.00988	0.00523	0.00381	0.00122	0.00469	0.00430	0.00244	0.01900
1	0.00525	0.00392	0.00478	0.00525	0.00582	0.00369	0.00359	0.00652	0.04426	0.01094	0.10076	0.51044	0.17089	0.09652	0.00651	0.00176	0.00243	0.00962	0.00367	0.00338
2	0.00607	0.00435	0.00531	0.00545	0.00633	0.00406	0.00389	0.03916	0.02283	0.03537	0.14061	0.41730	0.16272	0.06957	0.00591	0.00162	0.00251	0.02842	0.00374	0.03479
3	0.00945	0.03372	0.14945	0.10837	0.24791	0.09042	0.07436	0.02699	0.04357	0.03321	0.06481	0.03339	0.04288	0.00476	0.00408	0.00125	0.00492	0.01865	0.00242	0.00540
4	0.00890	0.02818	0.13340	0.27553	0.25829	0.00967	0.08819	0.04069	0.00874	0.01210	0.00741	0.01029	0.00595	0.02594	0.00512	0.00137	0.06933	0.00362	0.00195	0.00536
5	0.00522	0.00390	0.00483	0.00537	0.00605	0.00359	0.00393	0.00624	0.00847	0.01094	0.08086	0.39511	0.24230	0.06268	0.00599	0.00170	0.00254	0.14324	0.00369	0.00335
6	0.02375	0.00486	0.00573	0.00570	0.00681	0.00483	0.00432	0.03359	0.09710	0.04013	0.18773	0.18696	0.13990	0.06527	0.00565	0.00158	0.00264	0.10952	0.06995	0.00400
7	0.04473	0.04957	0.08375	0.02220	0.07928	0.05930	0.24035	0.16264	0.04216	0.08443	0.00976	0.02629	0.02233	0.00512	0.02818	0.00141	0.02606	0.00401	0.00275	0.00568
8	0.00534	0.00400	0.00499	0.00526	0.00600	0.00377	0.00378	0.00675	0.03113	0.01197	0.23739	0.34307	0.19154	0.04535	0.05668	0.00186	0.00279	0.03106	0.00377	0.00351
9	0.00577	0.00431	0.00496	0.00497	0.00603	0.00395	0.00364	0.02092	0.03695	0.03317	0.19078	0.19392	0.37800	0.06634	0.00582	0.00157	0.00234	0.02912	0.00382	0.00363
10	0.01127	0.03031	0.00981	0.03370	0.01066	0.04165	0.02448	0.33309	0.04093	0.06668	0.04855	0.05392	0.07934	0.00702	0.04845	0.02070	0.00417	0.00446	0.03187	0.09896
11	0.03540	0.02662	0.00976	0.01930	0.02362	0.10172	0.02456	0.24669	0.09460	0.04687	0.09680	0.06329	0.09098	0.00591	0.00430	0.00121	0.02769	0.00475	0.00345	0.07247

[dist]
# distance from previous block
# <min> <max>
0	18

[block]
# block no. 10 follows, 67 sequences, length 19
# corresponding to MSA columns:
# 736-754
name=unknown_K
#
# <colnr> <probs for GDERKNQSTAVLIFYWHMCP>
#	G	D	E	R	K	N	Q	S	T	A	V	L	I	F	Y	W	H	M	C	P
0	0.04255	0.00591	0.00661	0.00632	0.00773	0.00624	0.00477	0.07213	0.24166	0.01465	0.16307	0.23773	0.12484	0.01960	0.00473	0.00144	0.00270	0.02886	0.00390	0.00456
1	0.09794	0.07112	0.08743	0.02283	0.10301	0.16587	0.04691	0.25278	0.05112	0.01641	0.00798	0.00886	0.00611	0.00413	0.00366	0.00115	0.00498	0.00316	0.00272	0.04182
2	0.02347	0.01515	0.00733	0.03559	0.00820	0.00592	0.02856	0.09942	0.00881	0.04951	0.05083	0.29459	0.03816	0.16640	0.09690	0.00244	0.05468	0.00695	0.00316	0.00394
3	0.10790	0.13591	0.22584	0.05353	0.05557	0.05536	0.06110	0.10533	0.03051	0.06414	0.00771	0.00886	0.00584	0.00418	0.00422	0.00122	0.06172	0.00313	0.00237	0.00555
4	0.05008	0.06536	0.00991	0.00768	0.01012	0.07941	0.00620	0.23849	0.21703	0.08397	0.08295	0.01585	0.09055	0.00569	0.00399	0.00124	0.00374	0.01835	0.00372	0.00566
5	0.00956	0.00833	0.01117	0.13500	0.22649	0.06865	0.04055	0.06407	0.07074	0.02869	0.04988	0.02553	0.00943	0.00478	0.00432	0.00122	0.04834	0.01595	0.17218	0.00513
6	0.00586	0.00407	0.00533	0.03921	0.00705	0.00376	0.00411	0.00682	0.00825	0.05380	0.06156	0.61185	0.11147	0.01092	0.00486	0.00150	0.00248	0.00978	0.00368	0.04366
7	0.04605	0.00948	0.01356	0.09455	0.41248	0.03952	0.02696	0.13756	0.04945	0.01451	0.00842	0.02688	0.00706	0.03109	0.00511	0.00135	0.06399	0.00378	0.00244	0.00577
8	0.00781	0.00481	0.00576	0.00563	0.00672	0.00473	0.00415	0.07220	0.04336	0.09128	0.10666	0.32352	0.05699	0.05295	0.00520	0.00149	0.00260	0.02988	0.17012	0.00412
9	0.00504	0.00379	0.00453	0.00499	0.00561	0.00347	0.00345	0.00582	0.00799	0.01023	0.03841	0.42230	0.29111	0.12145	0.02774	0.00195	0.00267	0.03270	0.00353	0.00322
10	0.02319	0.29802	0.05524	0.04171	0.21821	0.09592	0.11542	0.05303	0.04102	0.01220	0.00720	0.00869	0.00592	0.00372	0.00354	0.00110	0.00509	0.00314	0.00208	0.00556
11	0.00994	0.00735	0.00791	0.00672	0.00890	0.00765	0.00536	0.29062	0.13284	0.05992	0.03568	0.04113	0.32104	0.00729	0.00434	0.00130	0.00313	0.02327	0.02041	0.00520
12	0.00518	0.00374	0.00483	0.00559	0.00598	0.00353	0.00383	0.02224	0.00801	0.01058	0.02273	0.72668	0.07831	0.03866	0.00557	0.00168	0.00245	0.04338	0.00369	0.00333
13	0.05255	0.00934	0.00974	0.00790	0.01055	0.03412	0.00639	0.44072	0.13843	0.07526	0.04913	0.01528	0.12140	0.00572	0.00407	0.00125	0.00375	0.00450	0.00394	0.00598
14	0.00727	0.00618	0.00905	0.02273	0.00977	0.00608	0.14033	0.05852	0.09870	0.02760	0.13980	0.13488	0.23644	0.00909	0.04837	0.00165	0.00370	0.03193	0.00350	0.00439
15	0.00605	0.00404	0.00497	0.00533	0.00610	0.00376	0.00379	0.01850	0.01986	0.05441	0.07248	0.49125	0.17158	0.02917	0.00512	0.00153	0.00238	0.03035	0.06571	0.00362
16	0.01172	0.00602	0.00759	0.00633	0.00842	0.00563	0.00501	0.08251	0.04691	0.35870	0.27514	0.04832	0.08810	0.02521	0.00470	0.00133	0.00287	0.00569	0.00447	0.00534
17	0.02775	0.02540	0.03033	0.06598	0.10972	0.12823	0.03664	0.25141	0.02195	0.05180	0.03071	0.07516	0.08819	0.00607	0.01748	0.00133	0.00461	0.01873	0.00312	0.00538
18	0.00972	0.00809	0.00854	0.00773	0.02707	0.10623	0.02128	0.12307	0.14059	0.05695	0.23083	0.06508	0.03958	0.00758	0.04060	0.01554	0.03770	0.00525	0.04367	0.00489

[dist]
# distance from previous block
# <min> <max>
0	1

[block]
# block no. 11 follows, 67 sequences, length 8
# corresponding to MSA columns:
# 756-763
name=unknown_L
#
# <colnr> <probs for GDERKNQSTAVLIFYWHMCP>
#	G	D	E	R	K	N	Q	S	T	A	V	L	I	F	Y	W	H	M	C	P
0	0.06283	0.05788	0.09661	0.04527	0.03111	0.02896	0.02613	0.11873	0.01006	0.02516	0.09318	0.05144	0.07611	0.03296	0.00427	0.00117	0.00372	0.00425	0.01703	0.21314
1	0.01057	0.08271	0.16749	0.02852	0.16683	0.08827	0.11111	0.04680	0.06976	0.08441	0.07534	0.01151	0.00913	0.00441	0.00419	0.00122	0.02567	0.00380	0.00260	0.00566
2	0.00522	0.00405	0.00497	0.00529	0.00587	0.00393	0.00372	0.00605	0.00813	0.01060	0.08742	0.43216	0.25832	0.08643	0.00682	0.00173	0.05314	0.00927	0.00354	0.00333
3	0.04281	0.00911	0.01048	0.02500	0.03896	0.00968	0.00692	0.46048	0.03869	0.20303	0.01192	0.04726	0.00894	0.00526	0.00400	0.00124	0.00393	0.02517	0.04079	0.00630
4	0.00930	0.00944	0.09852	0.14879	0.15447	0.07057	0.00862	0.03838	0.05526	0.06976	0.06252	0.09013	0.04934	0.00558	0.00462	0.00128	0.05495	0.00465	0.02408	0.03976
5	0.03105	0.02429	0.11658	0.01019	0.03502	0.07456	0.16858	0.06169	0.10135	0.03627	0.01458	0.13055	0.10215	0.00624	0.00483	0.00136	0.05348	0.01933	0.00287	0.00503
6	0.00595	0.00408	0.00498	0.00524	0.00612	0.00370	0.00383	0.00698	0.00873	0.06040	0.10394	0.31199	0.28031	0.08106	0.00621	0.00169	0.00253	0.09494	0.00375	0.00354
7	0.00510	0.00399	0.00479	0.04126	0.00656	0.00367	0.00374	0.00607	0.00843	0.01069	0.07283	0.33709	0.37269	0.07299	0.00602	0.00165	0.00246	0.03303	0.00358	0.00335

[dist]
# distance from previous block
# <min> <max>
2	4

[block]
# block no. 12 follows, 67 sequences, length 15
# corresponding to MSA columns:
# 768-782
name=unknown_M
#
# <colnr> <probs for GDERKNQSTAVLIFYWHMCP>
#	G	D	E	R	K	N	Q	S	T	A	V	L	I	F	Y	W	H	M	C	P
