[name]
unknown

[dist]
# distance from previous block
# <min> <max>
0	74

[block]
# block no. 0 follows, 58 sequences, length 28
# corresponding to MSA columns:
# 83-110
name=unknown_A
#
# <colnr> <probs for GDERKNQSTAVLIFYWHMCP>
#	G	D	E	R	K	N	Q	S	T	A	V	L	I	F	Y	W	H	M	C	P
0	0.26013	0.04649	0.00997	0.00763	0.01066	0.05065	0.00626	0.14345	0.01221	0.29648	0.03129	0.02690	0.05256	0.00548	0.00396	0.00135	0.00400	0.00410	0.00409	0.02231
1	0.29176	0.01220	0.01060	0.00879	0.01179	0.15886	0.00707	0.30241	0.02912	0.09843	0.00964	0.02369	0.00721	0.00502	0.00387	0.00134	0.00485	0.00352	0.00363	0.00621
2	0.03436	0.00949	0.01123	0.19813	0.01609	0.05906	0.00826	0.13029	0.18800	0.23093	0.01400	0.05816	0.01050	0.00575	0.00450	0.00144	0.00459	0.00473	0.00401	0.00646
3	0.01042	0.00900	0.01342	0.64307	0.02691	0.01084	0.01152	0.19277	0.01172	0.01528	0.00859	0.01165	0.00634	0.00468	0.00447	0.00146	0.00572	0.00399	0.00256	0.00558
4	0.00668	0.00464	0.00530	0.00536	0.00573	0.00458	0.00345	0.02442	0.00769	0.01004	0.01864	0.03291	0.10632	0.63313	0.01845	0.00369	0.00409	0.09870	0.00308	0.00310
5	0.00845	0.00795	0.01342	0.83204	0.03081	0.00994	0.01242	0.01143	0.00894	0.01143	0.00795	0.01193	0.00596	0.00447	0.00447	0.00149	0.00596	0.00398	0.00199	0.00497
6	0.01027	0.01121	0.02165	0.01620	0.01903	0.01221	0.50377	0.01300	0.00917	0.01300	0.00786	0.01121	0.00645	0.00529	0.00879	0.00168	0.31669	0.00477	0.00215	0.00561
7	0.00905	0.00857	0.01451	0.64701	0.21112	0.01010	0.01272	0.01196	0.00923	0.01216	0.00806	0.01173	0.00622	0.00436	0.00446	0.00145	0.00581	0.00398	0.00204	0.00546
8	0.01107	0.01063	0.01816	0.02746	0.81489	0.01063	0.01373	0.01373	0.01019	0.01461	0.00841	0.01107	0.00709	0.00399	0.00443	0.00133	0.00531	0.00399	0.00221	0.00709
9	0.00553	0.00454	0.00486	0.00478	0.00619	0.00388	0.00359	0.00688	0.01076	0.01343	0.22175	0.04083	0.63580	0.01083	0.00528	0.00149	0.00223	0.00913	0.00433	0.00388
10	0.01673	0.01115	0.01238	0.00964	0.01298	0.01200	0.00790	0.61998	0.01886	0.15589	0.01280	0.06691	0.00964	0.00598	0.00456	0.00138	0.00458	0.00469	0.00463	0.00734
11	0.00654	0.00505	0.00602	0.00576	0.00704	0.00481	0.00432	0.00944	0.09510	0.01626	0.50247	0.07763	0.22355	0.00961	0.00523	0.00147	0.00232	0.00835	0.00466	0.00438
12	0.01231	0.01303	0.01679	0.04152	0.61340	0.19785	0.01253	0.01463	0.01073	0.01370	0.00806	0.01040	0.00676	0.00414	0.00434	0.00129	0.00596	0.00373	0.00223	0.00660
13	0.01240	0.01100	0.02201	0.01599	0.02007	0.01045	0.57852	0.01623	0.05784	0.16926	0.01116	0.01289	0.00799	0.00435	0.00534	0.00150	0.02852	0.00508	0.00302	0.00637
14	0.01030	0.00986	0.03188	0.22168	0.28240	0.01038	0.04246	0.03564	0.16601	0.01478	0.01014	0.01216	0.00797	0.00466	0.00486	0.00138	0.04263	0.00411	0.00270	0.08399
15	0.00585	0.00418	0.00565	0.00669	0.00713	0.00398	0.00486	0.00693	0.00896	0.01187	0.02443	0.65833	0.02870	0.01363	0.00582	0.00187	0.00295	0.19027	0.00414	0.00375
16	0.01080	0.01122	0.01766	0.23495	0.06070	0.10167	0.28974	0.03677	0.02975	0.02750	0.02393	0.02720	0.00774	0.00480	0.00554	0.00147	0.07304	0.00455	0.00244	0.02854
17	0.00565	0.00455	0.00503	0.00491	0.00626	0.00393	0.00368	0.00712	0.01105	0.01412	0.31202	0.03970	0.54510	0.01057	0.00528	0.00147	0.00221	0.00897	0.00442	0.00393
18	0.00663	0.00473	0.00666	0.00699	0.00760	0.00511	0.00536	0.00778	0.00788	0.01080	0.01606	0.12185	0.01705	0.13440	0.36762	0.06131	0.02025	0.18524	0.00300	0.00369
19	0.01133	0.01048	0.01564	0.06092	0.50287	0.02938	0.02452	0.08134	0.14093	0.01600	0.01077	0.04498	0.00899	0.00493	0.00466	0.00140	0.01671	0.00451	0.00285	0.00680
20	0.01324	0.01032	0.01594	0.01186	0.01550	0.01014	0.25657	0.24476	0.01349	0.13131	0.02164	0.01231	0.00836	0.00654	0.05935	0.00170	0.02045	0.00438	0.00347	0.13867
21	0.01258	0.01023	0.01100	0.05144	0.07863	0.09540	0.00756	0.29005	0.03707	0.06177	0.11054	0.01831	0.10105	0.05166	0.00584	0.00153	0.02580	0.00517	0.01843	0.00594
22	0.01116	0.47567	0.11180	0.01203	0.03524	0.01479	0.23854	0.01371	0.00954	0.01213	0.00729	0.00899	0.00607	0.00394	0.00400	0.00120	0.02256	0.00340	0.00202	0.00594
23	0.00604	0.00408	0.00521	0.00567	0.00616	0.00379	0.00385	0.00629	0.00836	0.01086	0.05960	0.39895	0.19278	0.05844	0.00923	0.20149	0.00289	0.00944	0.00360	0.00325
24	0.01102	0.00978	0.01481	0.10699	0.41837	0.00985	0.01086	0.07949	0.01064	0.03391	0.00853	0.01076	0.00693	0.00425	0.00474	0.00123	0.04976	0.00369	0.00254	0.20183
25	0.01320	0.36283	0.05214	0.01105	0.08522	0.19711	0.00891	0.08301	0.04600	0.02821	0.00779	0.00889	0.00650	0.00452	0.00425	0.00117	0.05257	0.00307	0.00245	0.02111
26	0.00813	0.00642	0.00891	0.00907	0.06290	0.00638	0.06327	0.13686	0.01098	0.01469	0.03987	0.49547	0.07034	0.03729	0.00590	0.00174	0.00354	0.00967	0.00391	0.00468
27	0.01040	0.45562	0.13414	0.00913	0.05490	0.04457	0.00836	0.01221	0.00879	0.01098	0.00830	0.01205	0.00788	0.14276	0.06142	0.00202	0.00561	0.00346	0.00210	0.00531

[dist]
# distance from previous block
# <min> <max>
3	82

[block]
# block no. 1 follows, 58 sequences, length 7
# corresponding to MSA columns:
# 195-201
name=unknown_B
#
# <colnr> <probs for GDERKNQSTAVLIFYWHMCP>
#	G	D	E	R	K	N	Q	S	T	A	V	L	I	F	Y	W	H	M	C	P
0	0.01030	0.17358	0.02186	0.01452	0.04754	0.01132	0.46123	0.01324	0.01035	0.01399	0.08988	0.01298	0.01017	0.00429	0.00460	0.00131	0.00598	0.00471	0.00250	0.08565
1	0.01057	0.01251	0.07297	0.01621	0.04551	0.05375	0.49553	0.01369	0.00994	0.01366	0.00830	0.01107	0.00653	0.00439	0.00628	0.00146	0.12513	0.00455	0.00223	0.08572
2	0.00896	0.00847	0.01434	0.67497	0.18388	0.01007	0.01268	0.01188	0.00919	0.01205	0.00804	0.01176	0.00618	0.00438	0.00446	0.00146	0.00584	0.00398	0.00203	0.00538
3	0.01041	0.41967	0.43571	0.01029	0.01556	0.01391	0.01225	0.01379	0.00927	0.01241	0.00716	0.00835	0.00570	0.00405	0.00358	0.00119	0.00573	0.00286	0.00190	0.00619
4	0.00623	0.00462	0.00578	0.00597	0.00685	0.00438	0.00435	0.00820	0.04789	0.01453	0.35351	0.27681	0.12599	0.05640	0.00639	0.00175	0.00259	0.05930	0.00441	0.00404
5	0.00866	0.00779	0.01268	0.01061	0.01238	0.03293	0.21435	0.01062	0.00994	0.04776	0.12328	0.23162	0.04739	0.00890	0.00670	0.00167	0.11887	0.08558	0.00345	0.00479
6	0.01321	0.17685	0.19712	0.01163	0.04146	0.01243	0.09914	0.19267	0.01243	0.12721	0.00959	0.01046	0.00705	0.00479	0.00493	0.00135	0.06428	0.00374	0.00304	0.00663

[dist]
# distance from previous block
# <min> <max>
0	1

[block]
# block no. 2 follows, 58 sequences, length 24
# corresponding to MSA columns:
# 203-226
name=unknown_C
#
# <colnr> <probs for GDERKNQSTAVLIFYWHMCP>
#	G	D	E	R	K	N	Q	S	T	A	V	L	I	F	Y	W	H	M	C	P
0	0.00563	0.00453	0.00491	0.00483	0.00612	0.00392	0.00356	0.00692	0.01056	0.01330	0.23275	0.03976	0.56980	0.06595	0.00644	0.00167	0.00236	0.00891	0.00425	0.00382
1	0.00897	0.02314	0.81962	0.01275	0.01936	0.01039	0.01653	0.01417	0.00944	0.01417	0.00803	0.00944	0.00567	0.00425	0.00425	0.00142	0.00661	0.00331	0.00189	0.00661
2	0.01113	0.00961	0.01011	0.00910	0.01163	0.01113	0.00708	0.02377	0.80681	0.01871	0.01821	0.01669	0.01365	0.00607	0.00455	0.00152	0.00354	0.00506	0.00455	0.00708
3	0.87439	0.00865	0.00657	0.00588	0.00865	0.01003	0.00484	0.01315	0.00761	0.02007	0.00623	0.00727	0.00484	0.00415	0.00277	0.00138	0.00346	0.00242	0.00277	0.00484
4	0.00638	0.00460	0.00605	0.00577	0.00682	0.00427	0.00438	0.00849	0.01253	0.01769	0.76975	0.03434	0.04131	0.00932	0.00532	0.00144	0.00222	0.05021	0.00488	0.00422
5	0.00971	0.22512	0.62406	0.01150	0.01743	0.01218	0.01435	0.01398	0.00936	0.01327	0.00758	0.00889	0.00568	0.00415	0.00391	0.00130	0.00616	0.00308	0.00189	0.00640
6	0.01107	0.01063	0.01816	0.02746	0.81489	0.01063	0.01373	0.01373	0.01019	0.01461	0.00841	0.01107	0.00709	0.00399	0.00443	0.00133	0.00531	0.00399	0.00221	0.00709
7	0.18170	0.01649	0.01170	0.01037	0.01252	0.48571	0.00807	0.07373	0.01144	0.01396	0.00691	0.00837	0.00574	0.00506	0.00542	0.00133	0.13068	0.00303	0.00250	0.00526
8	0.00897	0.02314	0.81962	0.01275	0.01936	0.01039	0.01653	0.01417	0.00944	0.01417	0.00803	0.00944	0.00567	0.00425	0.00425	0.00142	0.00661	0.00331	0.00189	0.00661
9	0.00897	0.02314	0.81962	0.01275	0.01936	0.01039	0.01653	0.01417	0.00944	0.01417	0.00803	0.00944	0.00567	0.00425	0.00425	0.00142	0.00661	0.00331	0.00189	0.00661
10	0.03498	0.09666	0.24361	0.07514	0.43538	0.01120	0.01357	0.01365	0.00971	0.01402	0.00799	0.01018	0.00641	0.00408	0.00418	0.00133	0.00562	0.00359	0.00209	0.00661
11	0.00897	0.02314	0.81962	0.01275	0.01936	0.01039	0.01653	0.01417	0.00944	0.01417	0.00803	0.00944	0.00567	0.00425	0.00425	0.00142	0.00661	0.00331	0.00189	0.00661
12	0.00783	0.01284	0.34194	0.00929	0.01251	0.00789	0.00995	0.01108	0.01064	0.01553	0.38504	0.02073	0.02283	0.00697	0.00598	0.00148	0.10326	0.00562	0.00332	0.00529
13	0.00979	0.00979	0.01370	0.01174	0.01174	0.01370	0.00979	0.01077	0.00685	0.01077	0.00587	0.00979	0.00587	0.00783	0.01468	0.00196	0.83461	0.00391	0.00196	0.00489
14	0.00545	0.00389	0.00519	0.00623	0.00649	0.00363	0.00415	0.00623	0.00856	0.01142	0.02465	0.83987	0.02959	0.01401	0.00571	0.00182	0.00260	0.01272	0.00415	0.00363
15	0.01036	0.01087	0.01883	0.01577	0.09113	0.03593	0.33248	0.03004	0.00921	0.01297	0.00817	0.02712	0.00708	0.00690	0.04435	0.00190	0.32442	0.00466	0.00223	0.00557
16	0.01101	0.00988	0.01755	0.24173	0.37099	0.01030	0.15243	0.01382	0.01005	0.08249	0.00912	0.01180	0.00704	0.00432	0.00487	0.00143	0.02817	0.00426	0.00244	0.00631
17	0.00563	0.00454	0.00501	0.00489	0.00625	0.00392	0.00367	0.00708	0.01101	0.01401	0.29716	0.03989	0.56003	0.01061	0.00528	0.00148	0.00221	0.00900	0.00441	0.00392
18	0.00540	0.00410	0.00497	0.00567	0.00634	0.00368	0.00390	0.00629	0.00910	0.01164	0.03144	0.57830	0.28678	0.01313	0.00557	0.00172	0.00249	0.01164	0.00415	0.00368
19	0.01253	0.01472	0.02018	0.01682	0.10112	0.27812	0.42173	0.01548	0.03081	0.01329	0.00885	0.02870	0.00714	0.00435	0.00477	0.00138	0.00728	0.00451	0.00237	0.00584
20	0.01504	0.01039	0.01305	0.02848	0.26931	0.10894	0.00927	0.06688	0.03475	0.31175	0.01330	0.04950	0.01023	0.00552	0.00453	0.00138	0.00487	0.03220	0.00381	0.00679
21	0.17024	0.01195	0.01089	0.00962	0.04286	0.19496	0.00734	0.12255	0.12072	0.24730	0.01197	0.01162	0.00849	0.00507	0.00408	0.00134	0.00488	0.00375	0.00390	0.00647
22	0.08304	0.03082	0.03183	0.02820	0.01742	0.10452	0.34669	0.12010	0.04510	0.11440	0.01006	0.01141	0.00735	0.00453	0.00482	0.00142	0.02462	0.00435	0.00307	0.00624
23	0.02848	0.00850	0.01022	0.03757	0.08749	0.06754	0.02283	0.11876	0.03960	0.20632	0.05913	0.23380	0.04476	0.00786	0.00483	0.00149	0.00408	0.00679	0.00412	0.00582

[dist]
# distance from previous block
# <min> <max>
1	37

[block]
# block no. 3 follows, 58 sequences, length 22
# corresponding to MSA columns:
# 264-276,278-286
name=unknown_D
#
# <colnr> <probs for GDERKNQSTAVLIFYWHMCP>
#	G	D	E	R	K	N	Q	S	T	A	V	L	I	F	Y	W	H	M	C	P
0	0.01344	0.01345	0.12151	0.04664	0.37597	0.04406	0.08139	0.03038	0.07820	0.09323	0.01165	0.01393	0.00925	0.00565	0.00560	0.00171	0.03843	0.00464	0.00329	0.00757
1	0.01084	0.19656	0.10711	0.05843	0.24311	0.02638	0.11101	0.03773	0.00972	0.01322	0.00790	0.02394	0.00674	0.00475	0.00565	0.00138	0.12340	0.00384	0.00217	0.00611
2	0.00866	0.09083	0.23412	0.00942	0.04007	0.02673	0.02664	0.01176	0.04963	0.04635	0.17282	0.22935	0.01981	0.00784	0.00475	0.00147	0.00425	0.00680	0.00339	0.00532
3	0.00640	0.00474	0.00694	0.00694	0.00766	0.00546	0.00529	0.00783	0.00712	0.01020	0.01221	0.01882	0.01172	0.11954	0.73982	0.00689	0.01117	0.00497	0.00243	0.00386
4	0.00529	0.00453	0.00453	0.00453	0.00604	0.00378	0.00340	0.00642	0.01020	0.01208	0.04532	0.04305	0.81307	0.01133	0.00529	0.00151	0.00227	0.00944	0.00415	0.00378
5	0.00928	0.00795	0.00928	0.00663	0.01060	0.00596	0.00530	0.01126	0.00928	0.01458	0.00795	0.00928	0.00663	0.00331	0.00331	0.00066	0.00331	0.00265	0.00265	0.87014
6	0.01113	0.00961	0.01011	0.00910	0.01163	0.01113	0.00708	0.02377	0.80681	0.01871	0.01821	0.01669	0.01365	0.00607	0.00455	0.00152	0.00354	0.00506	0.00455	0.00708
7	0.00928	0.00795	0.00928	0.00663	0.01060	0.00596	0.00530	0.01126	0.00928	0.01458	0.00795	0.00928	0.00663	0.00331	0.00331	0.00066	0.00331	0.00265	0.00265	0.87014
8	0.04727	0.73277	0.02205	0.00871	0.05286	0.01686	0.00789	0.04702	0.00960	0.01188	0.00653	0.00753	0.00585	0.00391	0.00301	0.00101	0.00476	0.00255	0.00207	0.00585
9	0.01932	0.00745	0.01014	0.00783	0.01116	0.00645	0.00645	0.02108	0.01280	0.77459	0.06076	0.01621	0.01276	0.00573	0.00454	0.00139	0.00371	0.00469	0.00550	0.00743
10	0.01619	0.01233	0.01285	0.01009	0.01340	0.04628	0.00823	0.70212	0.04323	0.02630	0.01156	0.05578	0.00890	0.00583	0.00453	0.00137	0.00488	0.00448	0.00437	0.00728
11	0.01067	0.00917	0.01490	0.19995	0.35789	0.00956	0.05189	0.02677	0.03636	0.07407	0.05373	0.02870	0.00991	0.00498	0.00487	0.00139	0.03214	0.01721	0.00276	0.05308
12	0.00891	0.05340	0.02658	0.00967	0.10346	0.04123	0.00672	0.01399	0.24974	0.01572	0.22419	0.10569	0.10705	0.00777	0.00480	0.00145	0.00346	0.00669	0.00400	0.00548
13	0.00777	0.00389	0.00583	0.00583	0.00583	0.00389	0.00389	0.00583	0.00583	0.00777	0.00777	0.01360	0.00777	0.01554	0.01748	0.86985	0.00389	0.00389	0.00194	0.00194
14	0.03568	0.05462	0.02617	0.03186	0.19907	0.08040	0.03336	0.09116	0.10856	0.06168	0.01029	0.02826	0.00822	0.00457	0.00408	0.00119	0.00471	0.00383	0.00305	0.20923
15	0.02745	0.28227	0.45545	0.01094	0.01613	0.03450	0.03537	0.01421	0.00948	0.04337	0.00773	0.00895	0.00592	0.00425	0.00409	0.00128	0.02722	0.00311	0.00208	0.00624
16	0.01036	0.00559	0.00733	0.00659	0.00787	0.00561	0.00483	0.03474	0.00882	0.22346	0.01426	0.02127	0.01301	0.33792	0.27397	0.00438	0.00666	0.00535	0.00341	0.00456
17	0.05449	0.31358	0.13139	0.00971	0.02693	0.08642	0.00911	0.13141	0.03566	0.07487	0.00848	0.00929	0.00666	0.00467	0.00443	0.00124	0.06238	0.00319	0.00274	0.02337
18	0.01134	0.08161	0.08542	0.05796	0.43279	0.11025	0.07969	0.01393	0.01014	0.01341	0.00822	0.02430	0.00695	0.00441	0.00477	0.00134	0.04102	0.00392	0.00219	0.00637
19	0.00639	0.00449	0.00578	0.00586	0.00624	0.00468	0.00397	0.00718	0.00749	0.01031	0.07961	0.08970	0.01813	0.43540	0.26714	0.00471	0.00637	0.03024	0.00295	0.00334
20	0.00687	0.00596	0.03882	0.00905	0.07416	0.00618	0.00667	0.00869	0.00752	0.01087	0.01154	0.01674	0.01064	0.03003	0.72716	0.00649	0.01124	0.00467	0.00236	0.00434
21	0.01054	0.01032	0.02860	0.05561	0.09657	0.05835	0.19692	0.08203	0.16957	0.01577	0.06833	0.05875	0.03543	0.02351	0.03149	0.00170	0.02617	0.00538	0.00324	0.02174

[dist]
# distance from previous block
# <min> <max>
0	1

[block]
# block no. 4 follows, 58 sequences, length 39
# corresponding to MSA columns:
# 288-326
name=unknown_E
#
# <colnr> <probs for GDERKNQSTAVLIFYWHMCP>
#	G	D	E	R	K	N	Q	S	T	A	V	L	I	F	Y	W	H	M	C	P
0	0.54227	0.05016	0.01071	0.01981	0.04317	0.03463	0.08518	0.03226	0.00887	0.03429	0.02663	0.00905	0.00644	0.00436	0.00369	0.00135	0.03017	0.00308	0.00275	0.05114
1	0.03623	0.03760	0.07298	0.08389	0.34332	0.04201	0.03646	0.09821	0.08674	0.01593	0.01011	0.01177	0.02521	0.00458	0.00444	0.00132	0.01674	0.00397	0.00272	0.06576
2	0.00650	0.00435	0.00495	0.00495	0.00498	0.00438	0.00280	0.00655	0.00653	0.00873	0.01403	0.02891	0.01610	0.81759	0.04776	0.00443	0.00457	0.00645	0.00270	0.00275
3	0.00995	0.03120	0.08689	0.03871	0.07390	0.12032	0.14161	0.03495	0.05870	0.01497	0.22551	0.01900	0.07097	0.00630	0.00527	0.00142	0.04619	0.00548	0.00323	0.00542
4	0.01020	0.01701	0.43832	0.01111	0.01567	0.06276	0.03511	0.08070	0.03663	0.02734	0.00974	0.02201	0.00781	0.03237	0.04384	0.00175	0.04065	0.02363	0.02361	0.05973
5	0.00939	0.00806	0.00933	0.00678	0.01067	0.00629	0.00541	0.01206	0.05994	0.01484	0.00860	0.00975	0.00707	0.00349	0.00339	0.00072	0.00333	0.00280	0.00277	0.81531
6	0.05164	0.09712	0.18198	0.02462	0.13760	0.03029	0.07199	0.08630	0.10629	0.11974	0.04165	0.01223	0.00918	0.00481	0.00428	0.00136	0.00513	0.00404	0.00316	0.00660
7	0.02929	0.01136	0.01221	0.00985	0.01276	0.03512	0.00802	0.47021	0.17726	0.06411	0.01305	0.01296	0.03394	0.00589	0.00542	0.00144	0.08150	0.00436	0.00421	0.00702
8	0.00669	0.00527	0.00735	0.00731	0.00816	0.02925	0.00568	0.00827	0.00735	0.01040	0.01184	0.01730	0.01103	0.03271	0.80136	0.00701	0.01187	0.00474	0.00239	0.00403
9	0.00532	0.00453	0.00458	0.00457	0.00607	0.00379	0.00343	0.00649	0.01028	0.01229	0.07288	0.04270	0.78537	0.01125	0.00529	0.00151	0.00226	0.00939	0.00418	0.00379
10	0.00979	0.00972	0.02796	0.15373	0.45350	0.00967	0.12005	0.01252	0.01011	0.01392	0.04055	0.01558	0.08306	0.00501	0.00468	0.00141	0.00533	0.01476	0.00248	0.00614
11	0.00866	0.00603	0.00671	0.00606	0.00682	0.00633	0.00399	0.16954	0.00951	0.01274	0.01334	0.02510	0.01433	0.64547	0.04410	0.00381	0.00470	0.00594	0.00306	0.00376
12	0.01647	0.01227	0.01313	0.01018	0.01367	0.01362	0.00837	0.72974	0.09214	0.02733	0.01142	0.01128	0.00815	0.00543	0.00448	0.00136	0.00480	0.00412	0.00448	0.00756
13	0.01772	0.00699	0.00934	0.00735	0.01035	0.00612	0.00600	0.01952	0.01238	0.66710	0.07197	0.01665	0.01326	0.00575	0.00439	0.00134	0.00348	0.00471	0.10860	0.00697
14	0.01100	0.01015	0.01368	0.01124	0.01420	0.01117	0.18042	0.02170	0.63244	0.01775	0.01620	0.01568	0.01215	0.00557	0.00471	0.00152	0.00442	0.00511	0.00405	0.00685
15	0.00631	0.00459	0.00596	0.00594	0.00686	0.00433	0.00437	0.00845	0.03731	0.01637	0.58834	0.21695	0.03801	0.01023	0.00537	0.00152	0.00232	0.02787	0.00472	0.00418
16	0.00917	0.02309	0.79910	0.01272	0.01922	0.03109	0.01633	0.01426	0.00953	0.01408	0.00800	0.00941	0.00567	0.00426	0.00424	0.00141	0.00665	0.00329	0.00190	0.00657
17	0.01161	0.73951	0.10659	0.00846	0.01259	0.01678	0.02772	0.01350	0.00916	0.01100	0.00648	0.00753	0.00576	0.00387	0.00307	0.00102	0.00504	0.00256	0.00192	0.00584
18	0.00892	0.00587	0.00632	0.00601	0.00747	0.00641	0.00461	0.01410	0.24748	0.01660	0.02956	0.01708	0.01263	0.00873	0.09621	0.00188	0.00364	0.00457	0.49689	0.00502
19	0.00952	0.00606	0.00674	0.00606	0.00761	0.00634	0.00469	0.14958	0.04549	0.03047	0.13877	0.01951	0.04084	0.03480	0.08068	0.00186	0.00367	0.00509	0.39733	0.00489
20	0.85295	0.00875	0.00675	0.00599	0.00878	0.01013	0.00494	0.03283	0.00795	0.02027	0.00634	0.00735	0.00491	0.00418	0.00281	0.00138	0.00350	0.00246	0.00281	0.00491
21	0.01085	0.00695	0.00753	0.00652	0.00858	0.04540	0.00509	0.06323	0.07106	0.15789	0.16561	0.03231	0.10854	0.00714	0.01647	0.00136	0.00324	0.00556	0.20633	0.07035
22	0.01065	0.03797	0.17763	0.04124	0.01296	0.06673	0.00838	0.11681	0.01121	0.05523	0.01254	0.12881	0.03509	0.00590	0.00420	0.00123	0.00453	0.00483	0.04607	0.21799
23	0.00640	0.00477	0.00706	0.00706	0.00782	0.00552	0.00543	0.00791	0.00715	0.01029	0.01210	0.01822	0.01146	0.07806	0.78094	0.00703	0.01156	0.00489	0.00241	0.00392
24	0.01382	0.01614	0.01054	0.00980	0.01167	0.55951	0.00727	0.02811	0.05193	0.01211	0.01091	0.12615	0.01034	0.03217	0.00481	0.00136	0.00639	0.00461	0.07744	0.00494
25	0.00688	0.00495	0.00681	0.00778	0.00874	0.00488	0.00661	0.00873	0.01007	0.01306	0.02494	0.15235	0.06726	0.01252	0.00607	0.00200	0.00383	0.64436	0.00413	0.00404
26	0.01196	0.84548	0.02344	0.00765	0.01148	0.01770	0.00765	0.01339	0.00909	0.01052	0.00622	0.00718	0.00574	0.00383	0.00287	0.00096	0.00478	0.00239	0.00191	0.00574
27	0.00897	0.02314	0.81962	0.01275	0.01936	0.01039	0.01653	0.01417	0.00944	0.01417	0.00803	0.00944	0.00567	0.00425	0.00425	0.00142	0.00661	0.00331	0.00189	0.00661
28	0.00885	0.01198	0.20673	0.18483	0.09008	0.06273	0.03074	0.03650	0.02385	0.01387	0.09664	0.01983	0.18228	0.00635	0.00466	0.00143	0.00499	0.00537	0.00289	0.00539
29	0.01196	0.84548	0.02344	0.00765	0.01148	0.01770	0.00765	0.01339	0.00909	0.01052	0.00622	0.00718	0.00574	0.00383	0.00287	0.00096	0.00478	0.00239	0.00191	0.00574
30	0.00954	0.16515	0.66145	0.01224	0.03821	0.01166	0.01492	0.01402	0.00940	0.01355	0.00772	0.00909	0.00572	0.00417	0.00402	0.00133	0.00626	0.00316	0.00190	0.00647
31	0.01183	0.04709	0.40894	0.03071	0.06552	0.04177	0.03543	0.02892	0.09219	0.08325	0.05127	0.01557	0.05397	0.00603	0.00497	0.00164	0.00591	0.00466	0.00329	0.00704
32	0.00653	0.00437	0.00515	0.00515	0.00523	0.00445	0.00305	0.00664	0.00655	0.00882	0.01367	0.02756	0.01547	0.73276	0.10521	0.03257	0.00511	0.00624	0.00265	0.00282
33	0.00554	0.00396	0.00532	0.00629	0.00660	0.00375	0.00426	0.00640	0.00863	0.01156	0.04162	0.77726	0.02911	0.01461	0.03642	0.00201	0.00296	0.02593	0.00410	0.00367
34	0.01226	0.05448	0.11430	0.02780	0.22698	0.16765	0.06901	0.02817	0.03669	0.09376	0.04479	0.02534	0.05037	0.00519	0.00465	0.00135	0.02382	0.00437	0.00286	0.00616
35	0.04027	0.09046	0.24063	0.01430	0.18150	0.10987	0.04388	0.11310	0.03174	0.02796	0.00989	0.01110	0.03579	0.00462	0.00418	0.00131	0.00572	0.00373	0.00260	0.02736
36	0.00916	0.00889	0.07711	0.02925	0.12922	0.02755	0.02931	0.10520	0.06444	0.01572	0.14080	0.18018	0.01921	0.03122	0.05181	0.00193	0.00462	0.06547	0.00358	0.00535
37	0.01053	0.01095	0.00895	0.00924	0.06455	0.29968	0.00632	0.01180	0.01098	0.03799	0.13728	0.18003	0.12203	0.06251	0.00597	0.00159	0.00479	0.00679	0.00342	0.00460
38	0.08595	0.01445	0.06165	0.02443	0.13710	0.33161	0.04498	0.06417	0.01120	0.01372	0.00977	0.10866	0.00911	0.01698	0.00497	0.02990	0.00600	0.00449	0.00266	0.01821

[dist]
# distance from previous block
# <min> <max>
0	26

[block]
# block no. 5 follows, 58 sequences, length 48
# corresponding to MSA columns:
# 355-402
name=unknown_F
#
# <colnr> <probs for GDERKNQSTAVLIFYWHMCP>
#	G	D	E	R	K	N	Q	S	T	A	V	L	I	F	Y	W	H	M	C	P
0	0.02231	0.12618	0.13159	0.03610	0.09381	0.12594	0.02468	0.09676	0.06688	0.10362	0.02098	0.02686	0.03537	0.00501	0.00414	0.00127	0.00520	0.00396	0.00307	0.06627
1	0.02026	0.01066	0.09618	0.05123	0.37942	0.00898	0.04484	0.01349	0.02353	0.07129	0.01038	0.03478	0.02436	0.01759	0.00456	0.00129	0.00487	0.00414	0.00264	0.17549
2	0.00652	0.00418	0.00483	0.00525	0.00606	0.00390	0.00371	0.00787	0.00924	0.01361	0.05060	0.39400	0.14085	0.01022	0.00470	0.00147	0.00236	0.00894	0.30315	0.01855
3	0.01335	0.01107	0.01142	0.00965	0.01249	0.04358	0.00768	0.29094	0.49154	0.02155	0.01499	0.01419	0.01113	0.00580	0.00468	0.00145	0.01836	0.00460	0.00439	0.00715
4	0.00935	0.12760	0.71848	0.01210	0.01836	0.01132	0.01540	0.01407	0.00940	0.01370	0.00780	0.00916	0.00568	0.00420	0.00407	0.00136	0.00638	0.00319	0.00189	0.00650
5	0.01145	0.51935	0.01784	0.00793	0.01096	0.05475	0.00713	0.08015	0.07298	0.01303	0.03436	0.11965	0.01086	0.00609	0.01491	0.00126	0.00459	0.00434	0.00275	0.00563
6	0.01045	0.02287	0.74266	0.01383	0.02014	0.01125	0.05278	0.01499	0.01029	0.01534	0.00939	0.01147	0.00704	0.00525	0.00520	0.00169	0.03188	0.00387	0.00239	0.00721
7	0.00646	0.00432	0.00489	0.00494	0.00495	0.00431	0.00277	0.00649	0.00660	0.00879	0.01456	0.06492	0.01685	0.80635	0.02202	0.00423	0.00426	0.00678	0.00277	0.00275
8	0.00897	0.02314	0.81962	0.01275	0.01936	0.01039	0.01653	0.01417	0.00944	0.01417	0.00803	0.00944	0.00567	0.00425	0.00425	0.00142	0.00661	0.00331	0.00189	0.00661
9	0.00655	0.00501	0.00594	0.00622	0.00720	0.00488	0.00455	0.02252	0.06838	0.02398	0.04551	0.36096	0.27341	0.05484	0.00659	0.00183	0.02394	0.06953	0.00409	0.00409
10	0.00565	0.00436	0.00519	0.00554	0.00651	0.00389	0.00404	0.00689	0.01008	0.01299	0.17549	0.31741	0.35432	0.01193	0.00549	0.00163	0.00247	0.05800	0.00429	0.00383
11	0.00969	0.00504	0.00577	0.00553	0.00690	0.00492	0.00432	0.03977	0.01021	0.11704	0.01732	0.05819	0.03717	0.04533	0.00482	0.00143	0.00280	0.10600	0.51315	0.00462
12	0.01209	0.09911	0.01493	0.01077	0.01358	0.03988	0.14554	0.21202	0.12228	0.04581	0.01107	0.01279	0.00877	0.01078	0.16900	0.00255	0.05537	0.00434	0.00323	0.00610
13	0.01274	0.01205	0.01234	0.19540	0.11540	0.21688	0.00921	0.16174	0.02352	0.05925	0.01389	0.01498	0.11217	0.00560	0.00445	0.00135	0.00554	0.00447	0.01323	0.00579
14	0.00634	0.00428	0.00498	0.00514	0.00520	0.00426	0.00300	0.00650	0.00684	0.00913	0.01565	0.15230	0.01816	0.69617	0.04054	0.00403	0.00427	0.00741	0.00292	0.00288
15	0.00918	0.08009	0.76447	0.01240	0.01881	0.01089	0.01591	0.01411	0.00942	0.01391	0.00790	0.00929	0.00567	0.00422	0.00415	0.00138	0.00648	0.00324	0.00189	0.00655
16	0.01252	0.01270	0.11850	0.01463	0.22760	0.08322	0.01031	0.17197	0.13710	0.06105	0.04712	0.02358	0.02173	0.00544	0.00462	0.00139	0.01403	0.02243	0.00338	0.00668
17	0.01200	0.00659	0.00808	0.00688	0.00911	0.00626	0.00541	0.04328	0.12030	0.29678	0.25114	0.02541	0.15000	0.03163	0.00538	0.00151	0.00309	0.00645	0.00488	0.00580
18	0.00551	0.00454	0.00484	0.00477	0.00618	0.00387	0.00358	0.00686	0.01073	0.01335	0.21082	0.04097	0.64678	0.01086	0.00528	0.00149	0.00223	0.00915	0.00432	0.00387
19	0.01248	0.08578	0.12420	0.05994	0.12071	0.17148	0.04664	0.10383	0.02589	0.03635	0.00810	0.00996	0.00650	0.00512	0.00619	0.00142	0.16328	0.00362	0.00250	0.00602
20	0.00999	0.12123	0.63141	0.01282	0.06650	0.01123	0.01479	0.02956	0.00978	0.04115	0.00821	0.00949	0.00598	0.00425	0.00411	0.00135	0.00618	0.00329	0.00208	0.00659
21	0.00952	0.00906	0.01505	0.40541	0.33937	0.01037	0.01241	0.01210	0.00922	0.01263	0.00849	0.03891	0.00719	0.00492	0.00549	0.00148	0.08621	0.00426	0.00215	0.00576
22	0.01056	0.01207	0.02640	0.01885	0.02338	0.01131	0.79864	0.01433	0.01056	0.01433	0.00905	0.01207	0.00679	0.00377	0.00528	0.00151	0.00754	0.00528	0.00226	0.00603
23	0.00928	0.00795	0.00928	0.00663	0.01060	0.00596	0.00530	0.01126	0.00928	0.01458	0.00795	0.00928	0.00663	0.00331	0.00331	0.00066	0.00331	0.00265	0.00265	0.87014
24	0.00650	0.00436	0.00501	0.00501	0.00505	0.00441	0.00287	0.00659	0.00654	0.00877	0.01397	0.02861	0.01598	0.79698	0.06818	0.00450	0.00477	0.00641	0.00269	0.00278
25	0.00544	0.00392	0.00517	0.00617	0.00647	0.00364	0.00413	0.00624	0.00862	0.01144	0.02538	0.81177	0.05722	0.01392	0.00569	0.00181	0.00258	0.01260	0.00415	0.00364
26	0.02621	0.01121	0.02985	0.02724	0.03917	0.03856	0.02238	0.40734	0.17289	0.08992	0.06381	0.01433	0.01141	0.00573	0.00454	0.00140	0.00457	0.01817	0.00429	0.00699
27	0.00719	0.00544	0.00689	0.00728	0.00852	0.00544	0.00601	0.01033	0.10397	0.01466	0.17935	0.06775	0.13192	0.01091	0.00568	0.00179	0.00337	0.41476	0.00433	0.00442
28	0.01205	0.71570	0.10019	0.00828	0.01232	0.04279	0.00852	0.01385	0.00934	0.03317	0.00673	0.00765	0.00588	0.00394	0.00309	0.00102	0.00504	0.00255	0.00202	0.00586
29	0.00932	0.00799	0.00930	0.00668	0.01062	0.00608	0.00534	0.01155	0.02775	0.01467	0.00819	0.00945	0.00679	0.00338	0.00334	0.00068	0.00332	0.00271	0.00269	0.85014
30	0.01207	0.08608	0.31032	0.03452	0.01663	0.03661	0.07493	0.23540	0.09652	0.01802	0.00970	0.01063	0.00716	0.00479	0.00458	0.00138	0.02724	0.00380	0.00294	0.00669
31	0.01438	0.01447	0.04223	0.01309	0.03901	0.20202	0.19062	0.30971	0.07005	0.01892	0.00967	0.01077	0.00727	0.00488	0.00488	0.00137	0.03282	0.00409	0.00324	0.00651
32	0.00536	0.00449	0.00467	0.00472	0.00611	0.00379	0.00350	0.00652	0.01022	0.01238	0.08892	0.10297	0.70821	0.01140	0.00532	0.00153	0.00228	0.00961	0.00420	0.00379
33	0.00564	0.00407	0.00543	0.00640	0.00670	0.00389	0.00439	0.00648	0.00860	0.01147	0.02409	0.76250	0.02871	0.03197	0.00624	0.00189	0.01506	0.05872	0.00409	0.00366
34	0.01411	0.08189	0.01326	0.01022	0.05582	0.01219	0.00800	0.43296	0.13754	0.03465	0.01144	0.01227	0.00874	0.00518	0.00424	0.00126	0.00446	0.02418	0.00391	0.12366
35	0.00630	0.00440	0.00561	0.00578	0.00605	0.00459	0.00379	0.00689	0.00704	0.00962	0.01521	0.15866	0.01696	0.47048	0.25446	0.00476	0.00629	0.00702	0.00285	0.00324
36	0.01107	0.14780	0.43784	0.01377	0.11821	0.08987	0.05210	0.01473	0.01001	0.05282	0.00821	0.00958	0.00619	0.00422	0.00410	0.00131	0.00621	0.00336	0.00217	0.00642
37	0.00967	0.14214	0.67725	0.01193	0.01803	0.01157	0.01497	0.04019	0.00978	0.01410	0.00786	0.00916	0.00574	0.00423	0.00406	0.00135	0.00629	0.00320	0.00198	0.00652
38	0.00573	0.00430	0.00493	0.00530	0.00627	0.00384	0.00381	0.00689	0.00969	0.01260	0.08983	0.31569	0.38771	0.02627	0.00561	0.00164	0.00245	0.03621	0.06744	0.00378
39	0.01199	0.01167	0.03835	0.09798	0.46837	0.07232	0.01202	0.13743	0.02662	0.01612	0.02226	0.01125	0.00758	0.00460	0.00487	0.00137	0.04194	0.00398	0.00262	0.00667
40	0.02800	0.07592	0.07009	0.00945	0.06555	0.08730	0.00753	0.10168	0.01115	0.03963	0.03181	0.04682	0.00902	0.00472	0.00386	0.00104	0.00441	0.01976	0.00293	0.37932
41	0.00964	0.00719	0.00835	0.00760	0.00955	0.00782	0.00593	0.04247	0.33513	0.08194	0.09617	0.02204	0.13274	0.01348	0.19626	0.00281	0.00526	0.00585	0.00410	0.00566
42	0.00935	0.00534	0.00655	0.00624	0.00779	0.00482	0.00472	0.03232	0.01042	0.20069	0.02859	0.24207	0.28166	0.07150	0.00654	0.00180	0.00308	0.06746	0.00438	0.00469
43	0.00654	0.03327	0.00761	0.00715	0.00812	0.03442	0.06257	0.00768	0.00922	0.01187	0.05418	0.53548	0.12985	0.04205	0.00608	0.00178	0.00327	0.03106	0.00385	0.00396
44	0.01069	0.07613	0.07630	0.03220	0.34159	0.04764	0.05675	0.07102	0.05546	0.01564	0.13136	0.04182	0.01325	0.00535	0.00451	0.00135	0.00494	0.00481	0.00294	0.00625
45	0.01037	0.01161	0.13330	0.11586	0.10201	0.08455	0.05123	0.06037	0.03124	0.04293	0.08002	0.01523	0.04474	0.06216	0.00562	0.00148	0.00507	0.00445	0.00288	0.13488
46	0.02864	0.50819	0.01708	0.00781	0.02873	0.07856	0.00673	0.02237	0.00941	0.01142	0.03349	0.09241	0.03700	0.07519	0.00511	0.00139	0.00456	0.00428	0.02251	0.00513
47	0.00925	0.00889	0.03979	0.02960	0.28894	0.03248	0.06221	0.04653	0.01022	0.01406	0.06720	0.12165	0.05473	0.05968	0.05552	0.00193	0.00504	0.02171	0.00295	0.06762

[dist]
# distance from previous block
# <min> <max>
7	31

[block]
# block no. 6 follows, 58 sequences, length 7
# corresponding to MSA columns:
# 434-440
name=unknown_G
#
# <colnr> <probs for GDERKNQSTAVLIFYWHMCP>
#	G	D	E	R	K	N	Q	S	T	A	V	L	I	F	Y	W	H	M	C	P
0	0.00544	0.00394	0.00514	0.00609	0.00645	0.00364	0.00409	0.00624	0.00870	0.01147	0.02632	0.77555	0.09283	0.01380	0.00568	0.00179	0.00257	0.01245	0.00415	0.00364
1	0.03253	0.00995	0.08666	0.00865	0.01186	0.05368	0.03687	0.10367	0.03210	0.36881	0.06717	0.04434	0.11076	0.00647	0.00462	0.00141	0.00423	0.00533	0.00444	0.00644
2	0.02783	0.01199	0.07380	0.03440	0.31903	0.08509	0.13273	0.05600	0.02509	0.05684	0.00937	0.01150	0.00739	0.00544	0.03060	0.00156	0.05324	0.00409	0.04769	0.00631
3	0.01043	0.09257	0.52991	0.01360	0.08865	0.01106	0.07026	0.03965	0.03347	0.05641	0.00886	0.01013	0.00646	0.00431	0.00425	0.00137	0.00611	0.00356	0.00230	0.00663
4	0.00618	0.00467	0.00556	0.00592	0.00682	0.00435	0.00420	0.05513	0.01016	0.01319	0.09547	0.48396	0.26335	0.01228	0.00547	0.00166	0.00260	0.01082	0.00424	0.00397
5	0.32551	0.01417	0.01153	0.01044	0.04921	0.33832	0.05754	0.04274	0.01070	0.06205	0.00759	0.00874	0.00593	0.00455	0.00408	0.00131	0.03436	0.00309	0.00272	0.00542
6	0.00753	0.00529	0.00662	0.04915	0.00848	0.00520	0.00491	0.05298	0.01036	0.06017	0.16556	0.14491	0.21783	0.11158	0.09032	0.00245	0.00403	0.04445	0.00392	0.00425

[dist]
# distance from previous block
# <min> <max>
0	14

[block]
# block no. 7 follows, 58 sequences, length 10
# corresponding to MSA columns:
# 455-464
name=unknown_H
#
# <colnr> <probs for GDERKNQSTAVLIFYWHMCP>
#	G	D	E	R	K	N	Q	S	T	A	V	L	I	F	Y	W	H	M	C	P
0	0.03468	0.01253	0.12687	0.03614	0.23287	0.04331	0.13861	0.06717	0.06629	0.01490	0.00945	0.04564	0.00795	0.00530	0.00618	0.00150	0.13742	0.00445	0.00255	0.00621
1	0.00973	0.03613	0.02985	0.05961	0.03801	0.05087	0.01810	0.02622	0.09788	0.02692	0.03527	0.01302	0.02888	0.00838	0.11151	0.00186	0.03473	0.00381	0.00287	0.36633
2	0.00663	0.00472	0.00528	0.00516	0.00566	0.00466	0.00326	0.03647	0.00788	0.01024	0.02045	0.03074	0.18447	0.58286	0.07012	0.00381	0.00441	0.00692	0.00306	0.00320
3	0.00817	0.00684	0.00965	0.06641	0.20591	0.00686	0.00735	0.01131	0.10084	0.03186	0.19616	0.11617	0.18196	0.00820	0.00499	0.00149	0.00347	0.02336	0.00378	0.00521
4	0.01054	0.00933	0.00949	0.00879	0.01096	0.05118	0.00671	0.02080	0.64494	0.01721	0.01862	0.14172	0.01568	0.00721	0.00470	0.00154	0.00363	0.00611	0.00438	0.00646
5	0.00837	0.00883	0.04729	0.01225	0.05843	0.02856	0.28633	0.02660	0.01015	0.01341	0.04141	0.24168	0.13815	0.00831	0.00544	0.00159	0.01837	0.03660	0.00323	0.00499
6	0.00654	0.00422	0.00516	0.00531	0.00539	0.00422	0.00322	0.00642	0.00673	0.00900	0.01457	0.14371	0.01669	0.56324	0.05273	0.13601	0.00433	0.00693	0.00279	0.00278
7	0.01125	0.65097	0.21176	0.00886	0.01334	0.01597	0.00975	0.01358	0.00917	0.01139	0.00665	0.00771	0.00572	0.00393	0.00320	0.00107	0.00522	0.00261	0.00191	0.00595
8	0.04537	0.01061	0.01266	0.03219	0.11148	0.05616	0.04116	0.25761	0.08209	0.15780	0.01261	0.01279	0.03547	0.00507	0.00432	0.00129	0.00464	0.00414	0.00382	0.10872
9	0.01124	0.15290	0.13776	0.03115	0.10196	0.06110	0.04866	0.05917	0.02577	0.07108	0.05280	0.01342	0.06190	0.00507	0.00450	0.00124	0.03517	0.00406	0.00284	0.11822

[dist]
# distance from previous block
# <min> <max>
2	12

[block]
# block no. 8 follows, 58 sequences, length 42
# corresponding to MSA columns:
# 477-518
name=unknown_I
#
# <colnr> <probs for GDERKNQSTAVLIFYWHMCP>
#	G	D	E	R	K	N	Q	S	T	A	V	L	I	F	Y	W	H	M	C	P
0	0.02792	0.04534	0.10121	0.03740	0.15529	0.13302	0.09245	0.06808	0.05096	0.05341	0.03515	0.06846	0.04035	0.02372	0.00505	0.00146	0.01634	0.02182	0.01674	0.00587
1	0.03498	0.09049	0.10721	0.10269	0.11567	0.16973	0.08937	0.10792	0.03575	0.01483	0.00976	0.01177	0.03030	0.00516	0.01668	0.00140	0.00603	0.01639	0.00260	0.03128
2	0.00983	0.01026	0.13274	0.00844	0.01174	0.00815	0.01877	0.06014	0.17326	0.04242	0.09093	0.02890	0.05466	0.00577	0.00464	0.00125	0.03404	0.02134	0.02557	0.25716
3	0.00922	0.00898	0.01383	0.62510	0.15515	0.05566	0.01211	0.01196	0.00934	0.01191	0.00860	0.04291	0.00703	0.00476	0.00449	0.00146	0.00585	0.00425	0.00212	0.00527
4	0.01102	0.02213	0.07741	0.00903	0.04121	0.06280	0.02609	0.12180	0.04463	0.04188	0.01192	0.01272	0.06768	0.00520	0.02055	0.00115	0.00444	0.00373	0.00306	0.41156
5	0.00658	0.00493	0.00600	0.00641	0.00732	0.00476	0.00469	0.05490	0.03991	0.01338	0.07405	0.46125	0.17887	0.02405	0.00578	0.00176	0.00287	0.09418	0.00421	0.00410
6	0.05077	0.00973	0.07594	0.01187	0.15839	0.01775	0.04097	0.07975	0.07168	0.10974	0.09880	0.05790	0.05464	0.00581	0.00442	0.00131	0.00417	0.00501	0.00353	0.13783
7	0.00945	0.05920	0.14897	0.01167	0.13160	0.03481	0.06333	0.01304	0.09116	0.04981	0.17782	0.01988	0.08480	0.05696	0.02679	0.00171	0.00469	0.00544	0.00329	0.00560
8	0.00575	0.00419	0.00568	0.00693	0.03666	0.00395	0.00443	0.00658	0.00861	0.01155	0.04436	0.73889	0.02828	0.06312	0.00667	0.00194	0.00279	0.01190	0.00401	0.00372
9	0.00611	0.00541	0.05393	0.00588	0.00693	0.00433	0.00452	0.00721	0.00927	0.01226	0.16425	0.26079	0.21916	0.14811	0.00892	0.05126	0.00305	0.02110	0.00379	0.00371
10	0.02366	0.09011	0.47360	0.04379	0.11761	0.02817	0.04979	0.08139	0.02417	0.01512	0.00832	0.00983	0.00620	0.00430	0.00421	0.00136	0.00610	0.00350	0.00224	0.00655
11	0.00875	0.00917	0.07764	0.02547	0.31487	0.02703	0.04451	0.02280	0.02075	0.01343	0.02901	0.29280	0.04485	0.02077	0.00536	0.00158	0.01492	0.01778	0.00306	0.00547
12	0.00687	0.00603	0.05509	0.00664	0.00730	0.00584	0.00504	0.00778	0.00693	0.00973	0.01240	0.02271	0.01314	0.46010	0.28691	0.00492	0.07097	0.00555	0.00250	0.00354
13	0.82325	0.00859	0.00680	0.00601	0.00882	0.00983	0.00495	0.01367	0.00792	0.06783	0.00691	0.00774	0.00522	0.00424	0.00287	0.00138	0.00348	0.00255	0.00293	0.00501
14	0.01174	0.03664	0.20531	0.02480	0.15911	0.04029	0.07822	0.10778	0.03884	0.10400	0.04599	0.05088	0.02154	0.01875	0.00478	0.00142	0.00524	0.00460	0.00310	0.03699
15	0.01080	0.04613	0.05661	0.08768	0.23430	0.02037	0.24012	0.03239	0.02385	0.04220	0.02943	0.01173	0.00781	0.00440	0.00514	0.00137	0.05538	0.00427	0.00248	0.08354
16	0.00576	0.00451	0.00521	0.00511	0.00635	0.00396	0.00381	0.00730	0.01118	0.01462	0.38136	0.08651	0.42729	0.01053	0.00531	0.00148	0.00222	0.00904	0.00449	0.00396
17	0.00647	0.00489	0.00725	0.00720	0.00795	0.00572	0.00558	0.00799	0.00716	0.01033	0.01193	0.01784	0.01126	0.06328	0.77727	0.00697	0.02973	0.00484	0.00240	0.00397
18	0.03974	0.26241	0.40994	0.01110	0.02798	0.09762	0.03229	0.01463	0.02193	0.03306	0.00775	0.00891	0.00598	0.00420	0.00381	0.00125	0.00601	0.00308	0.00211	0.00617
19	0.00889	0.00846	0.01198	0.01054	0.01075	0.01155	0.00868	0.01003	0.00694	0.01066	0.00749	0.01185	0.00728	0.01464	0.22936	0.00334	0.61668	0.00415	0.00207	0.00466
20	0.00765	0.00393	0.00574	0.00574	0.00574	0.00393	0.00378	0.00589	0.00589	0.00785	0.00835	0.01503	0.00854	0.09098	0.01796	0.79092	0.00393	0.00412	0.00201	0.00201
21	0.01112	0.01025	0.01728	0.12392	0.68326	0.01048	0.01327	0.02679	0.01029	0.03789	0.00867	0.01129	0.00707	0.00411	0.00444	0.00135	0.00534	0.00400	0.00232	0.00685
22	0.05579	0.03656	0.10277	0.02830	0.13928	0.13440	0.18940	0.05946	0.10326	0.04469	0.01045	0.04637	0.00844	0.00524	0.01471	0.00147	0.00597	0.00444	0.00282	0.00618
23	0.00845	0.00795	0.01342	0.83204	0.03081	0.00994	0.01242	0.01143	0.00894	0.01143	0.00795	0.01193	0.00596	0.00447	0.00447	0.00149	0.00596	0.00398	0.00199	0.00497
24	0.01061	0.01016	0.01732	0.16969	0.67628	0.01051	0.01350	0.01332	0.00997	0.01405	0.00833	0.01122	0.00689	0.00407	0.00444	0.00136	0.00543	0.00398	0.00217	0.00671
25	0.00540	0.00440	0.00479	0.00498	0.00619	0.00378	0.00362	0.00654	0.01004	0.01240	0.10075	0.21347	0.58461	0.01174	0.00538	0.00157	0.00232	0.01004	0.00421	0.00378
26	0.02825	0.02806	0.47854	0.01313	0.09187	0.03178	0.04023	0.06210	0.02373	0.14549	0.00990	0.01071	0.00695	0.00452	0.00431	0.00139	0.00587	0.00366	0.00275	0.00678
27	0.01180	0.00842	0.01224	0.40195	0.06856	0.00939	0.00981	0.14943	0.01215	0.14967	0.09332	0.01454	0.01102	0.00527	0.00453	0.00142	0.00491	0.00450	0.02117	0.00590
28	0.09108	0.01318	0.04635	0.01234	0.11709	0.24947	0.00897	0.03508	0.01027	0.06949	0.02497	0.05329	0.00830	0.00585	0.00663	0.00144	0.20187	0.00400	0.00268	0.03764
29	0.81975	0.00927	0.00698	0.00622	0.00898	0.04476	0.00508	0.03003	0.00811	0.01985	0.00635	0.00737	0.00494	0.00420	0.00286	0.00137	0.00369	0.00248	0.00278	0.00492
30	0.17316	0.09765	0.08669	0.07588	0.20179	0.07430	0.02987	0.03109	0.07275	0.06508	0.00921	0.01063	0.00716	0.00506	0.02179	0.00145	0.00518	0.00355	0.02166	0.00606
31	0.01324	0.06664	0.23320	0.01127	0.02681	0.05496	0.03003	0.19694	0.12155	0.03211	0.01127	0.01235	0.00869	0.00540	0.00464	0.00146	0.00553	0.00400	0.00350	0.15641
32	0.00550	0.00454	0.00483	0.00475	0.00617	0.00387	0.00357	0.00683	0.01070	0.01327	0.20083	0.04110	0.65682	0.01089	0.00528	0.00149	0.00223	0.00917	0.00431	0.00387
33	0.00906	0.00730	0.00965	0.05526	0.04051	0.00793	0.06317	0.07331	0.14157	0.02473	0.02982	0.02183	0.05273	0.35859	0.01301	0.00270	0.06297	0.00568	0.01552	0.00468
34	0.00990	0.00793	0.00934	0.00670	0.01065	0.00600	0.00537	0.01187	0.00948	0.06102	0.00851	0.00962	0.00688	0.00344	0.00338	0.00070	0.00334	0.00276	0.00282	0.82028
35	0.01097	0.02421	0.02851	0.01328	0.01657	0.01055	0.37063	0.08393	0.12086	0.06108	0.01545	0.01659	0.11598	0.00573	0.00590	0.00152	0.08362	0.00545	0.00317	0.00600
36	0.00548	0.00391	0.00521	0.00621	0.00649	0.00365	0.00415	0.00630	0.00869	0.01162	0.04876	0.81520	0.02997	0.01387	0.00570	0.00180	0.00258	0.01258	0.00418	0.00365
37	0.01027	0.00982	0.01672	0.27169	0.57688	0.01042	0.01333	0.01303	0.00981	0.01365	0.00827	0.01133	0.00674	0.00413	0.00444	0.00138	0.00551	0.00398	0.00215	0.00644
38	0.00830	0.00525	0.00606	0.00566	0.00624	0.00531	0.00360	0.07333	0.00824	0.06800	0.01432	0.05115	0.01542	0.66203	0.04571	0.00390	0.00454	0.00629	0.00309	0.00353
39	0.00943	0.02245	0.74591	0.01253	0.01876	0.04832	0.01574	0.01477	0.04521	0.01422	0.00843	0.00970	0.00603	0.00435	0.00425	0.00141	0.00654	0.00336	0.00203	0.00657
40	0.08895	0.25237	0.01663	0.36074	0.17514	0.01234	0.01060	0.01260	0.00911	0.01257	0.00738	0.00995	0.00601	0.00416	0.00384	0.00129	0.00527	0.00337	0.00208	0.00559
41	0.06001	0.01216	0.08431	0.02202	0.01252	0.14929	0.00758	0.06845	0.02694	0.03025	0.00813	0.00942	0.00653	0.00424	0.00441	0.00104	0.06120	0.00303	0.00269	0.42580

[dist]
# distance from previous block
# <min> <max>
1	7

[block]
# block no. 9 follows, 58 sequences, length 81
# corresponding to MSA columns:
# 528-608
name=unknown_J
#
# <colnr> <probs for GDERKNQSTAVLIFYWHMCP>
#	G	D	E	R	K	N	Q	S	T	A	V	L	I	F	Y	W	H	M	C	P
0	0.01131	0.62948	0.21852	0.00895	0.01345	0.01584	0.00984	0.02711	0.00938	0.01172	0.00674	0.00779	0.00575	0.00396	0.00324	0.00108	0.00523	0.00264	0.00195	0.00599
1	0.01508	0.01659	0.01172	0.01025	0.01269	0.50142	0.00787	0.19812	0.02513	0.01578	0.08618	0.01318	0.05557	0.00562	0.00433	0.00125	0.00638	0.00404	0.00319	0.00560
2	0.01261	0.73298	0.02197	0.00818	0.01180	0.12788	0.00779	0.01400	0.00958	0.01058	0.00631	0.00730	0.00574	0.00393	0.00303	0.00098	0.00523	0.00246	0.00197	0.00566
