[name]
unknown

[dist]
# distance from previous block
# <min> <max>
0	141

[block]
# block no. 0 follows, 72 sequences, length 19
# corresponding to MSA columns:
# 155-173
name=unknown_A
#
# <colnr> <probs for GDERKNQSTAVLIFYWHMCP>
#	G	D	E	R	K	N	Q	S	T	A	V	L	I	F	Y	W	H	M	C	P
0	0.02118	0.17213	0.08903	0.07721	0.10247	0.10281	0.09313	0.10350	0.07220	0.04845	0.05391	0.00995	0.00769	0.00400	0.00355	0.00109	0.00460	0.00332	0.00243	0.02735
1	0.06239	0.03783	0.16473	0.05633	0.07270	0.04960	0.07331	0.04045	0.13570	0.05423	0.05488	0.02339	0.05593	0.00543	0.03143	0.00133	0.00432	0.01332	0.02367	0.03905
2	0.09883	0.05902	0.00996	0.00760	0.01029	0.23267	0.00608	0.22925	0.04268	0.01495	0.00753	0.02529	0.00608	0.00393	0.00325	0.00095	0.00432	0.00283	0.00264	0.23185
3	0.00545	0.00369	0.00470	0.00501	0.00571	0.00335	0.00354	0.00645	0.00845	0.05724	0.20465	0.49733	0.15987	0.01020	0.00464	0.00140	0.00212	0.00908	0.00373	0.00340
4	0.00480	0.00357	0.00451	0.00496	0.00555	0.00328	0.00350	0.00578	0.00821	0.01087	0.18114	0.49389	0.19055	0.01104	0.02740	0.00155	0.00231	0.03027	0.00361	0.00322
5	0.08814	0.14527	0.15878	0.03626	0.04130	0.06177	0.14053	0.11007	0.00952	0.09621	0.00754	0.00857	0.00565	0.00381	0.00382	0.00112	0.03905	0.00308	0.00235	0.03716
6	0.03181	0.03132	0.17872	0.00843	0.01039	0.04775	0.02445	0.02138	0.07568	0.03847	0.08279	0.05872	0.03867	0.00798	0.08591	0.00180	0.24460	0.00418	0.00241	0.00454
7	0.00476	0.00331	0.00435	0.00518	0.00544	0.00311	0.00347	0.00548	0.00730	0.00993	0.02043	0.81722	0.02423	0.01147	0.00472	0.00150	0.00218	0.01038	0.05243	0.00311
8	0.00828	0.00888	0.05707	0.36221	0.25492	0.03059	0.15664	0.01098	0.02110	0.01108	0.00744	0.02502	0.00597	0.00416	0.01866	0.00131	0.00522	0.00367	0.00186	0.00495
9	0.01034	0.09862	0.14964	0.04464	0.15029	0.06512	0.07714	0.13800	0.00993	0.08811	0.00901	0.08733	0.00764	0.00466	0.00413	0.00118	0.04250	0.00390	0.00250	0.00533
10	0.00716	0.00674	0.01138	0.85760	0.02612	0.00843	0.01053	0.00969	0.00758	0.00969	0.00674	0.01011	0.00506	0.00379	0.00379	0.00126	0.00506	0.00337	0.00169	0.00421
11	0.59207	0.00868	0.00719	0.00637	0.00835	0.12073	0.01848	0.02865	0.00721	0.01466	0.00590	0.00746	0.00489	0.01946	0.06202	0.00157	0.07745	0.00248	0.00224	0.00414
12	0.00462	0.00332	0.00438	0.00523	0.00549	0.00309	0.00350	0.00529	0.00731	0.00970	0.02157	0.83290	0.05600	0.01180	0.00483	0.00153	0.00219	0.01068	0.00352	0.00309
13	0.00484	0.00375	0.00441	0.00446	0.00540	0.00332	0.00326	0.00605	0.00916	0.01199	0.33520	0.19162	0.38422	0.00935	0.00455	0.00130	0.00193	0.00811	0.00377	0.00332
14	0.01171	0.01178	0.24852	0.00974	0.02736	0.00882	0.10244	0.26265	0.02497	0.18828	0.01013	0.04692	0.00744	0.00446	0.00385	0.00120	0.00450	0.00378	0.01559	0.00586
15	0.02682	0.01038	0.02960	0.01318	0.03652	0.03998	0.48238	0.17657	0.10363	0.01486	0.00865	0.01016	0.00647	0.00379	0.00429	0.00124	0.01948	0.00405	0.00251	0.00545
16	0.00621	0.00463	0.00538	0.00506	0.00625	0.00449	0.00386	0.07449	0.05995	0.01417	0.39240	0.08240	0.23060	0.00794	0.00431	0.00124	0.00216	0.03047	0.06017	0.00383
17	0.01192	0.00895	0.00968	0.00796	0.01048	0.00995	0.00639	0.39750	0.35877	0.06459	0.06310	0.01260	0.01055	0.00500	0.00386	0.00121	0.00349	0.00401	0.00389	0.00609
18	0.02645	0.09615	0.12723	0.01133	0.05499	0.10957	0.23013	0.13447	0.01012	0.07707	0.00840	0.00957	0.02622	0.00404	0.00430	0.00117	0.05764	0.00348	0.00237	0.00529

[dist]
# distance from previous block
# <min> <max>
6	17

[block]
# block no. 1 follows, 72 sequences, length 93
# corresponding to MSA columns:
# 192-284
name=unknown_B
#
# <colnr> <probs for GDERKNQSTAVLIFYWHMCP>
#	G	D	E	R	K	N	Q	S	T	A	V	L	I	F	Y	W	H	M	C	P
0	0.04322	0.08188	0.12066	0.03502	0.25856	0.01930	0.07465	0.16233	0.07721	0.01432	0.01691	0.00942	0.00648	0.00427	0.01404	0.00123	0.04920	0.00334	0.00237	0.00558
1	0.00910	0.00873	0.01329	0.12635	0.53823	0.05311	0.02339	0.02825	0.04525	0.01202	0.02003	0.01119	0.00718	0.04982	0.00460	0.00128	0.00452	0.01720	0.00208	0.02436
2	0.00588	0.00413	0.00496	0.00508	0.00589	0.00392	0.00356	0.00740	0.06967	0.05367	0.06929	0.36819	0.18709	0.13958	0.03093	0.00186	0.00270	0.00795	0.00339	0.02486
3	0.17052	0.00837	0.01119	0.04380	0.38498	0.01915	0.00828	0.07786	0.14011	0.04066	0.00876	0.00988	0.00683	0.00389	0.00346	0.00115	0.00382	0.00329	0.04851	0.00550
4	0.00473	0.00342	0.00442	0.00510	0.00545	0.00318	0.00345	0.00547	0.00753	0.00999	0.07534	0.68723	0.08830	0.05705	0.00557	0.00161	0.00225	0.02333	0.00350	0.00309
5	0.00542	0.00406	0.00610	0.00610	0.00677	0.00474	0.00474	0.00677	0.00610	0.00880	0.01016	0.01490	0.00948	0.02844	0.85169	0.00610	0.01016	0.00406	0.00203	0.00339
6	0.00706	0.00408	0.00430	0.00430	0.00525	0.00420	0.00319	0.02251	0.09181	0.01381	0.01389	0.13924	0.01212	0.00559	0.00311	0.00103	0.00199	0.00468	0.65409	0.00376
7	0.89350	0.00733	0.00557	0.00499	0.00733	0.00851	0.00411	0.01115	0.00645	0.01702	0.00528	0.00616	0.00411	0.00352	0.00235	0.00117	0.00293	0.00205	0.00235	0.00411
8	0.01419	0.00594	0.00792	0.00630	0.00878	0.00524	0.00512	0.01597	0.03647	0.63847	0.15223	0.01675	0.05823	0.00547	0.00396	0.00119	0.00291	0.00455	0.00452	0.00579
9	0.01014	0.86900	0.01987	0.00649	0.00973	0.01501	0.00649	0.01136	0.00771	0.00892	0.00527	0.00608	0.00487	0.00324	0.00243	0.00081	0.00406	0.00203	0.00162	0.00487
10	0.00786	0.00674	0.00786	0.00562	0.00899	0.00506	0.00449	0.00955	0.00786	0.01236	0.00674	0.00786	0.00562	0.00281	0.00281	0.00056	0.00281	0.00225	0.00225	0.88990
11	0.01061	0.00873	0.00924	0.00796	0.01031	0.00998	0.00629	0.21092	0.64353	0.01776	0.01395	0.01296	0.01037	0.00501	0.00384	0.00125	0.00328	0.00408	0.00384	0.00611
12	0.09116	0.00653	0.00853	0.00660	0.00948	0.00582	0.00545	0.01786	0.01048	0.77558	0.01414	0.01234	0.00894	0.00459	0.00369	0.00117	0.00320	0.00366	0.00450	0.00626
13	0.03691	0.00943	0.09887	0.14127	0.35783	0.00853	0.03679	0.09760	0.01734	0.04227	0.00888	0.01047	0.04197	0.00387	0.00369	0.00113	0.00438	0.00345	0.00225	0.07304
14	0.01442	0.01062	0.01138	0.00873	0.01176	0.01176	0.00721	0.83041	0.01783	0.02390	0.00911	0.00911	0.00645	0.00455	0.00379	0.00114	0.00417	0.00341	0.00379	0.00645
15	0.00471	0.00339	0.00448	0.00530	0.00561	0.00316	0.00363	0.00546	0.00746	0.00989	0.03546	0.76718	0.06372	0.01163	0.00484	0.00153	0.00225	0.05366	0.00353	0.00312
16	0.00830	0.00830	0.01162	0.00996	0.00996	0.01162	0.00830	0.00913	0.00581	0.00913	0.00498	0.00830	0.00498	0.00664	0.01245	0.00166	0.85977	0.00332	0.00166	0.00415
17	0.00527	0.00353	0.00459	0.00521	0.00568	0.00323	0.00357	0.00602	0.00765	0.05325	0.03798	0.72377	0.10365	0.01121	0.00475	0.00149	0.00222	0.01008	0.00359	0.00328
18	0.89350	0.00733	0.00557	0.00499	0.00733	0.00851	0.00411	0.01115	0.00645	0.01702	0.00528	0.00616	0.00411	0.00352	0.00235	0.00117	0.00293	0.00205	0.00235	0.00411
19	0.01337	0.01674	0.01087	0.00980	0.01148	0.73683	0.00746	0.01432	0.01007	0.00926	0.00574	0.00704	0.00490	0.00428	0.00465	0.00107	0.12328	0.00256	0.00191	0.00436
20	0.00477	0.00341	0.00456	0.00539	0.00569	0.00320	0.00372	0.00556	0.00752	0.01004	0.05481	0.76649	0.02528	0.01160	0.00486	0.00154	0.00228	0.07262	0.00355	0.00313
21	0.00491	0.00355	0.00464	0.00507	0.00560	0.00329	0.00357	0.00600	0.00856	0.01165	0.30369	0.51499	0.07017	0.01031	0.00471	0.00141	0.00208	0.02880	0.00374	0.00327
22	0.00786	0.00674	0.00786	0.00562	0.00899	0.00506	0.00449	0.00955	0.00786	0.01236	0.00674	0.00786	0.00562	0.00281	0.00281	0.00056	0.00281	0.00225	0.00225	0.88990
23	0.00476	0.00340	0.00452	0.00531	0.00560	0.00319	0.00363	0.00552	0.00748	0.01000	0.06440	0.75320	0.02517	0.03507	0.00524	0.00159	0.00229	0.05301	0.00352	0.00311
24	0.00597	0.00432	0.00590	0.00671	0.00755	0.00430	0.00572	0.00776	0.02631	0.01123	0.02076	0.12656	0.05314	0.01047	0.00514	0.00170	0.00329	0.68616	0.00350	0.00349
25	0.00514	0.00391	0.00474	0.00470	0.00563	0.00358	0.00346	0.00680	0.03537	0.01300	0.46764	0.16684	0.24755	0.00884	0.00452	0.00128	0.00193	0.00772	0.00388	0.00347
26	0.00578	0.00416	0.00530	0.00582	0.00640	0.00410	0.00418	0.08905	0.00849	0.01131	0.01962	0.68585	0.02283	0.01098	0.00478	0.00152	0.00254	0.10026	0.00355	0.00347
27	0.00469	0.00333	0.00438	0.00519	0.00540	0.00313	0.00343	0.00530	0.00713	0.00950	0.02022	0.79981	0.02422	0.07750	0.00595	0.00170	0.00231	0.01038	0.00343	0.00302
28	0.00939	0.01014	0.01168	0.01005	0.01048	0.16613	0.02496	0.01030	0.00678	0.00922	0.00520	0.00807	0.00498	0.00607	0.01062	0.00153	0.68531	0.00318	0.00172	0.00421
29	0.00542	0.00361	0.00418	0.00434	0.00442	0.00357	0.00256	0.00564	0.00594	0.00809	0.01356	0.17535	0.01559	0.66509	0.02518	0.00319	0.00340	0.00636	0.04200	0.00251
30	0.00862	0.00902	0.00828	0.04903	0.06040	0.27432	0.00606	0.00991	0.01721	0.00924	0.01725	0.03015	0.00857	0.10495	0.34943	0.00339	0.02448	0.00378	0.00207	0.00383
31	0.00550	0.00372	0.00477	0.00506	0.00574	0.00340	0.00360	0.00654	0.00848	0.05451	0.22505	0.45650	0.13338	0.03455	0.00507	0.00147	0.00220	0.03336	0.00371	0.00338
32	0.00896	0.03521	0.01142	0.57271	0.05573	0.11200	0.00944	0.03515	0.00843	0.05273	0.00716	0.00970	0.00544	0.00396	0.00399	0.00121	0.03613	0.00324	0.02289	0.00449
33	0.82074	0.00822	0.00600	0.00538	0.00770	0.07827	0.00437	0.01148	0.00681	0.01638	0.00533	0.00622	0.00417	0.00355	0.00244	0.00116	0.00326	0.00209	0.00231	0.00413
34	0.00938	0.00982	0.01138	0.00982	0.01024	0.14088	0.00805	0.04039	0.00702	0.00969	0.00535	0.00821	0.00509	0.00650	0.02441	0.00161	0.68290	0.00320	0.00179	0.00426
35	0.01080	0.46662	0.01509	0.01986	0.01035	0.22021	0.00661	0.03119	0.09521	0.01014	0.00687	0.00777	0.00587	0.00502	0.04834	0.00120	0.01461	0.00254	0.00202	0.01967
36	0.00629	0.00412	0.00504	0.00468	0.00591	0.00365	0.00356	0.00774	0.00996	0.10147	0.46442	0.04984	0.30278	0.00815	0.00442	0.00123	0.00200	0.00702	0.00400	0.00374
37	0.00550	0.00417	0.00507	0.00491	0.00583	0.00406	0.00363	0.00748	0.06847	0.01246	0.39827	0.04357	0.19954	0.10845	0.09258	0.00202	0.00302	0.02393	0.00355	0.00350
38	0.23854	0.00752	0.00827	0.00689	0.00931	0.03547	0.04786	0.05341	0.17689	0.17410	0.01127	0.09646	0.00915	0.00489	0.00346	0.00116	0.00328	0.00395	0.00325	0.10487
39	0.00467	0.00336	0.00442	0.00518	0.00550	0.00312	0.00350	0.00542	0.00756	0.01008	0.07730	0.77102	0.06183	0.01150	0.00480	0.00151	0.00216	0.01039	0.00356	0.00312
40	0.00612	0.00455	0.00548	0.00500	0.00618	0.00434	0.00382	0.09014	0.01107	0.01518	0.61003	0.02788	0.18024	0.00777	0.00441	0.00120	0.00205	0.00672	0.00402	0.00380
41	0.89350	0.00733	0.00557	0.00499	0.00733	0.00851	0.00411	0.01115	0.00645	0.01702	0.00528	0.00616	0.00411	0.00352	0.00235	0.00117	0.00293	0.00205	0.00235	0.00411
42	0.84751	0.00797	0.04927	0.00529	0.00781	0.00852	0.00462	0.01119	0.00653	0.01676	0.00536	0.00626	0.00414	0.00352	0.00241	0.00117	0.00307	0.00209	0.00231	0.00419
43	0.06252	0.00650	0.00863	0.00666	0.00956	0.00573	0.00550	0.01810	0.01063	0.80266	0.01446	0.01256	0.00911	0.00463	0.00374	0.00117	0.00321	0.00372	0.00457	0.00633
44	0.00943	0.00815	0.00858	0.00772	0.00986	0.00943	0.00600	0.02015	0.83621	0.01586	0.01544	0.01415	0.01158	0.00515	0.00386	0.00129	0.00300	0.00429	0.00386	0.00600
45	0.81520	0.00733	0.00588	0.00517	0.00755	0.00838	0.00426	0.03234	0.00702	0.06020	0.01569	0.00685	0.00481	0.00366	0.00248	0.00117	0.00297	0.00224	0.00253	0.00428
46	0.00991	0.00720	0.04959	0.08464	0.16417	0.00646	0.09247	0.01200	0.01866	0.23957	0.08964	0.07368	0.06911	0.00560	0.00410	0.00125	0.00377	0.05070	0.01239	0.00508
47	0.00527	0.00381	0.00497	0.00481	0.00564	0.00352	0.00356	0.00691	0.01031	0.01449	0.73317	0.12175	0.05104	0.00825	0.00451	0.00123	0.00184	0.00732	0.00409	0.00352
48	0.89350	0.00733	0.00557	0.00499	0.00733	0.00851	0.00411	0.01115	0.00645	0.01702	0.00528	0.00616	0.00411	0.00352	0.00235	0.00117	0.00293	0.00205	0.00235	0.00411
49	0.01014	0.86900	0.01987	0.00649	0.00973	0.01501	0.00649	0.01136	0.00771	0.00892	0.00527	0.00608	0.00487	0.00324	0.00243	0.00081	0.00406	0.00203	0.00162	0.00487
50	0.00786	0.00674	0.00786	0.00562	0.00899	0.00506	0.00449	0.00955	0.00786	0.01236	0.00674	0.00786	0.00562	0.00281	0.00281	0.00056	0.00281	0.00225	0.00225	0.88990
51	0.01365	0.01024	0.01095	0.00857	0.01147	0.01140	0.00702	0.70518	0.14432	0.02266	0.01008	0.00989	0.00724	0.00464	0.00380	0.00116	0.00399	0.00355	0.00380	0.00638
52	0.80366	0.00696	0.00543	0.00490	0.00701	0.00802	0.00392	0.01058	0.00636	0.01604	0.00596	0.00805	0.00509	0.09085	0.00406	0.00143	0.00301	0.00240	0.00234	0.00392
53	0.00758	0.00716	0.01212	0.70204	0.17844	0.00854	0.01074	0.01005	0.00778	0.01019	0.00681	0.00998	0.00523	0.00371	0.00378	0.00124	0.00495	0.00337	0.00172	0.00455
54	0.01022	0.01782	0.04129	0.01902	0.20060	0.00927	0.02667	0.22619	0.26952	0.02528	0.03253	0.03479	0.04240	0.00498	0.00390	0.00122	0.00377	0.02158	0.00321	0.00576
55	0.01015	0.02714	0.05431	0.00877	0.04788	0.05036	0.00690	0.11211	0.60404	0.01597	0.01321	0.01251	0.00992	0.00482	0.00378	0.00123	0.00355	0.00393	0.00350	0.00593
56	0.00849	0.01841	0.75628	0.01047	0.01579	0.00878	0.01318	0.05487	0.00868	0.05976	0.00739	0.00834	0.00515	0.00371	0.00362	0.00120	0.00540	0.00289	0.00189	0.00570
57	0.00716	0.00674	0.01138	0.85760	0.02612	0.00843	0.01053	0.00969	0.00758	0.00969	0.00674	0.01011	0.00506	0.00379	0.00379	0.00126	0.00506	0.00337	0.00169	0.00421
58	0.01151	0.14565	0.09138	0.01017	0.10578	0.05484	0.04689	0.19790	0.16786	0.10700	0.01822	0.01007	0.00748	0.00419	0.00359	0.00112	0.00422	0.00338	0.00296	0.00579
59	0.02979	0.01794	0.06896	0.03721	0.14297	0.00739	0.10408	0.03126	0.07665	0.29569	0.05361	0.02242	0.02671	0.01367	0.00423	0.00124	0.01942	0.02845	0.00324	0.01508
60	0.00612	0.00478	0.00654	0.00782	0.09160	0.00470	0.00567	0.00813	0.05161	0.01155	0.07386	0.14004	0.14930	0.00935	0.00480	0.00153	0.00305	0.41236	0.00340	0.00378
61	0.02769	0.16233	0.32363	0.03749	0.05289	0.03589	0.02013	0.09120	0.00953	0.11687	0.06956	0.02020	0.00814	0.00417	0.00352	0.00112	0.00450	0.00329	0.00246	0.00538
62	0.01889	0.19539	0.22178	0.01865	0.05635	0.10995	0.05966	0.05427	0.02696	0.03925	0.03453	0.10532	0.02235	0.00484	0.00370	0.00114	0.01579	0.00394	0.00228	0.00494
63	0.02035	0.23219	0.13857	0.00920	0.05770	0.09619	0.07073	0.08573	0.02427	0.12052	0.03552	0.01959	0.04737	0.00438	0.00368	0.00964	0.01326	0.00340	0.00252	0.00519
64	0.00852	0.00933	0.13700	0.01044	0.09825	0.00787	0.14450	0.02277	0.26353	0.05363	0.08179	0.03965	0.09526	0.00523	0.00405	0.00125	0.00391	0.00474	0.00301	0.00526
65	0.00653	0.00585	0.00954	0.62857	0.02059	0.00702	0.00865	0.00862	0.00771	0.01003	0.06155	0.18761	0.01110	0.00571	0.00405	0.00132	0.00426	0.00512	0.00222	0.00394
66	0.00741	0.04703	0.27510	0.04493	0.05557	0.01783	0.10814	0.01002	0.02395	0.04411	0.02864	0.27823	0.02089	0.00643	0.00412	0.00130	0.00422	0.01493	0.00252	0.00462
67	0.01960	0.27284	0.09616	0.03466	0.01985	0.14502	0.05288	0.09050	0.04346	0.05708	0.00838	0.00995	0.02352	0.05028	0.05899	0.00149	0.00506	0.00312	0.00227	0.00488
68	0.01401	0.01781	0.01077	0.00978	0.01168	0.82835	0.00735	0.01498	0.01061	0.00928	0.00584	0.00688	0.00489	0.00398	0.00367	0.00100	0.03034	0.00247	0.00195	0.00439
69	0.04832	0.00443	0.00537	0.05003	0.00702	0.00435	0.00403	0.00784	0.06305	0.01351	0.45723	0.09325	0.19613	0.00793	0.00434	0.00126	0.00219	0.02233	0.00374	0.00368
70	0.03853	0.14047	0.11961	0.09434	0.08220	0.04031	0.08928	0.17174	0.04489	0.08498	0.03262	0.01998	0.01623	0.00414	0.00361	0.00113	0.00448	0.00345	0.00261	0.00539
71	0.01153	0.00851	0.01147	0.22091	0.18386	0.08780	0.03319	0.07368	0.00978	0.24247	0.01828	0.01111	0.02489	0.00457	0.01480	0.00125	0.03011	0.00359	0.00281	0.00537
72	0.00450	0.00377	0.00392	0.00404	0.00517	0.00319	0.00297	0.00542	0.00846	0.01017	0.03603	0.14950	0.73006	0.00992	0.00453	0.00132	0.00196	0.00838	0.00352	0.00319
73	0.07888	0.00976	0.06220	0.04933	0.05955	0.04034	0.30188	0.12800	0.02384	0.14286	0.03260	0.01891	0.00731	0.00405	0.00412	0.00122	0.02320	0.00386	0.00272	0.00537
74	0.09897	0.02886	0.07231	0.04867	0.18475	0.11168	0.07402	0.06715	0.11978	0.08575	0.00938	0.03759	0.00754	0.02197	0.00399	0.00123	0.00444	0.01401	0.00262	0.00528
75	0.00924	0.01025	0.02179	0.01560	0.01939	0.00971	0.78539	0.05583	0.00943	0.01278	0.00775	0.01017	0.00579	0.00327	0.00444	0.00127	0.00628	0.00442	0.00202	0.00519
76	0.00545	0.00438	0.00664	0.00640	0.00723	0.00413	0.10025	0.00651	0.00762	0.01005	0.04534	0.41835	0.11069	0.13680	0.01569	0.00186	0.00310	0.10307	0.00315	0.00328
77	0.00937	0.01101	0.20204	0.06989	0.15190	0.00883	0.12759	0.17171	0.06234	0.03043	0.04586	0.05297	0.02963	0.00456	0.00395	0.00121	0.00458	0.00411	0.00258	0.00544
78	0.04660	0.05428	0.02570	0.30569	0.07577	0.09098	0.03171	0.06161	0.20751	0.03031	0.01053	0.01243	0.00831	0.00518	0.00444	0.00149	0.01467	0.00393	0.00300	0.00586
79	0.00567	0.00392	0.00436	0.00431	0.00449	0.00396	0.00253	0.00629	0.05003	0.00796	0.01351	0.02486	0.05665	0.77622	0.01771	0.00342	0.00355	0.00558	0.00244	0.00254
80	0.00527	0.00361	0.00420	0.00438	0.00451	0.00353	0.00261	0.00550	0.00617	0.00819	0.03628	0.19990	0.05930	0.62314	0.01516	0.00305	0.00323	0.00677	0.00266	0.00254
81	0.00912	0.08097	0.18742	0.05196	0.17683	0.06047	0.08123	0.07916	0.09069	0.02138	0.01889	0.06556	0.05049	0.00464	0.00379	0.00118	0.00454	0.00403	0.00239	0.00525
82	0.03079	0.01465	0.02758	0.09003	0.03913	0.54644	0.02991	0.04509	0.05643	0.01066	0.00696	0.01712	0.00577	0.00424	0.00403	0.00110	0.05162	0.01172	0.00212	0.00460
83	0.63756	0.00718	0.00658	0.00555	0.00807	0.00781	0.00458	0.03396	0.00792	0.23802	0.00796	0.00803	0.00557	0.00386	0.00277	0.00117	0.00304	0.00256	0.00301	0.00479
84	0.00653	0.00506	0.00717	0.05302	0.02641	0.00495	0.06823	0.03394	0.06344	0.04421	0.23909	0.22302	0.16355	0.00819	0.00477	0.03127	0.00276	0.00703	0.00345	0.00389
85	0.00956	0.03874	0.27513	0.10618	0.19602	0.03868	0.05059	0.01267	0.04337	0.12788	0.03021	0.03005	0.01580	0.00413	0.00376	0.00118	0.00469	0.00358	0.00235	0.00545
86	0.00608	0.00420	0.00604	0.00594	0.00673	0.00468	0.00456	0.01703	0.00661	0.05369	0.01202	0.06007	0.03896	0.06800	0.68101	0.00525	0.00869	0.00460	0.00234	0.00351
87	0.03464	0.00521	0.00718	0.00633	0.00793	0.00525	0.00503	0.02040	0.00833	0.34327	0.03739	0.07552	0.01103	0.01549	0.36332	0.01456	0.02676	0.00444	0.00328	0.00464
88	0.03093	0.01125	0.15009	0.06432	0.39002	0.07935	0.08961	0.03755	0.01872	0.03571	0.00754	0.02275	0.00608	0.00405	0.01314	0.00123	0.02673	0.00343	0.00203	0.00548
89	0.01918	0.04538	0.08005	0.08559	0.11520	0.06444	0.03551	0.33917	0.07788	0.03317	0.00873	0.01921	0.00667	0.00503	0.03024	0.00132	0.02130	0.00344	0.00284	0.00565
90	0.00728	0.00714	0.05481	0.39491	0.15488	0.00735	0.00883	0.05166	0.00831	0.01110	0.02797	0.13817	0.05477	0.00664	0.04862	0.00153	0.00456	0.00480	0.00226	0.00442
91	0.14825	0.03152	0.01901	0.02687	0.07202	0.27631	0.09882	0.03716	0.02633	0.01900	0.04613	0.03284	0.03311	0.04140	0.03937	0.00145	0.02407	0.01086	0.01106	0.00443
92	0.04758	0.01724	0.03536	0.01831	0.14167	0.01565	0.05992	0.03022	0.05316	0.07754	0.05575	0.01489	0.06243	0.09185	0.08594	0.00182	0.01394	0.01233	0.04860	0.11580

[dist]
# distance from previous block
# <min> <max>
2	12

[block]
# block no. 2 follows, 72 sequences, length 45
# corresponding to MSA columns:
# 297-341
name=unknown_C
#
# <colnr> <probs for GDERKNQSTAVLIFYWHMCP>
#	G	D	E	R	K	N	Q	S	T	A	V	L	I	F	Y	W	H	M	C	P
0	0.02364	0.01722	0.07507	0.01781	0.05532	0.03426	0.02544	0.06740	0.06318	0.08982	0.05981	0.05445	0.12984	0.07253	0.02551	0.00143	0.02610	0.00457	0.00292	0.15369
1	0.83734	0.00731	0.00575	0.00512	0.00745	0.00842	0.00420	0.03140	0.00683	0.03185	0.00588	0.02446	0.00470	0.00374	0.00246	0.00118	0.00295	0.00230	0.00245	0.00419
2	0.02554	0.03916	0.15941	0.10216	0.16659	0.07143	0.08181	0.10182	0.09872	0.04043	0.02199	0.02395	0.02331	0.00424	0.00395	0.00119	0.02289	0.00361	0.00242	0.00536
3	0.00783	0.00578	0.00829	0.09583	0.01010	0.00619	0.06400	0.03262	0.05674	0.10985	0.11587	0.10422	0.12221	0.04575	0.09374	0.00191	0.09387	0.00550	0.01551	0.00420
4	0.00894	0.00877	0.09502	0.00968	0.09903	0.03362	0.08963	0.11523	0.14668	0.05266	0.13324	0.02615	0.09247	0.03407	0.01522	0.00137	0.00388	0.02618	0.00312	0.00503
5	0.00819	0.00624	0.00771	0.00739	0.04743	0.01668	0.00547	0.10521	0.10075	0.05781	0.08534	0.12825	0.04368	0.04528	0.10848	0.00196	0.07923	0.05455	0.02164	0.06868
6	0.00723	0.00663	0.07120	0.13353	0.11206	0.00598	0.01675	0.01001	0.07516	0.05670	0.34421	0.08408	0.02035	0.00631	0.00419	0.00125	0.00320	0.03348	0.00324	0.00444
7	0.01371	0.11506	0.01179	0.00940	0.01150	0.75615	0.00723	0.01471	0.01040	0.00924	0.00580	0.00675	0.00488	0.00383	0.00331	0.00096	0.00652	0.00240	0.00192	0.00445
8	0.01417	0.01808	0.01075	0.00977	0.01172	0.85149	0.00733	0.01514	0.01075	0.00928	0.00586	0.00684	0.00489	0.00391	0.00342	0.00098	0.00684	0.00244	0.00195	0.00440
9	0.00792	0.00528	0.02161	0.03839	0.00798	0.01543	0.00505	0.00908	0.00759	0.16990	0.03369	0.16000	0.08062	0.09006	0.24567	0.00291	0.08638	0.00553	0.00293	0.00397
10	0.02126	0.33238	0.15958	0.00847	0.02236	0.11519	0.00807	0.14540	0.07190	0.01262	0.00724	0.02054	0.00593	0.00406	0.00367	0.00105	0.04999	0.00283	0.00222	0.00522
11	0.00659	0.00329	0.00494	0.00494	0.00494	0.00329	0.00329	0.00494	0.00494	0.00659	0.00659	0.01153	0.00659	0.01318	0.01482	0.88966	0.00329	0.00329	0.00165	0.00165
12	0.00643	0.00335	0.00487	0.00491	0.00493	0.00334	0.00326	0.00506	0.00512	0.00682	0.00769	0.03443	0.00800	0.09327	0.01482	0.76806	0.00331	0.01875	0.00179	0.00178
13	0.11442	0.00991	0.09707	0.07030	0.44009	0.01955	0.05039	0.06366	0.00876	0.03122	0.00704	0.00892	0.00562	0.00373	0.00410	0.00119	0.05326	0.00321	0.00207	0.00550
14	0.02630	0.54463	0.02826	0.01834	0.01062	0.16718	0.00690	0.11391	0.00945	0.01105	0.00589	0.00674	0.00506	0.00364	0.00310	0.00092	0.02875	0.00234	0.00197	0.00495
15	0.00520	0.00392	0.00486	0.00489	0.00585	0.00357	0.00378	0.00670	0.00966	0.01294	0.44631	0.07344	0.25830	0.00890	0.00462	0.00132	0.00212	0.13632	0.00385	0.00344
16	0.13428	0.01026	0.01216	0.07669	0.40653	0.16234	0.00905	0.07519	0.03800	0.01321	0.00711	0.00877	0.00576	0.00416	0.01995	0.00122	0.00478	0.00307	0.00216	0.00530
17	0.00542	0.00390	0.00515	0.00586	0.00646	0.00377	0.00458	0.00656	0.00789	0.01028	0.02099	0.31406	0.08882	0.10115	0.00653	0.00184	0.00295	0.39720	0.00338	0.00321
18	0.00465	0.00337	0.00440	0.00516	0.00549	0.00312	0.00348	0.00539	0.00754	0.01002	0.06622	0.76540	0.07874	0.01151	0.00480	0.00150	0.00216	0.01039	0.00356	0.00312
19	0.04737	0.53804	0.16050	0.02528	0.01199	0.01284	0.07929	0.01135	0.00768	0.01011	0.00575	0.00700	0.00491	0.00355	0.00349	0.00100	0.06075	0.00249	0.00168	0.00492
20	0.00552	0.00368	0.00414	0.00414	0.00414	0.00368	0.00230	0.00552	0.00552	0.00735	0.01195	0.02482	0.01379	0.86672	0.01930	0.00368	0.00368	0.00552	0.00230	0.00230
21	0.00470	0.00336	0.00449	0.00537	0.00563	0.00315	0.00366	0.00542	0.00734	0.00977	0.02086	0.81999	0.02491	0.01181	0.00486	0.00155	0.00227	0.05424	0.00352	0.00310
22	0.07147	0.00765	0.00946	0.00740	0.01004	0.00776	0.00612	0.20541	0.01172	0.52372	0.01205	0.01116	0.00796	0.00477	0.00453	0.00121	0.08389	0.00356	0.00405	0.00609
23	0.00969	0.06122	0.12389	0.08395	0.07809	0.07420	0.06925	0.08314	0.27119	0.03422	0.01897	0.02259	0.02656	0.00459	0.00379	0.00120	0.00433	0.02092	0.00279	0.00541
24	0.00537	0.00404	0.00593	0.00593	0.00662	0.00463	0.00458	0.00667	0.00622	0.00885	0.01172	0.01629	0.05440	0.04681	0.78681	0.00578	0.00956	0.00431	0.00212	0.00335
25	0.89350	0.00733	0.00557	0.00499	0.00733	0.00851	0.00411	0.01115	0.00645	0.01702	0.00528	0.00616	0.00411	0.00352	0.00235	0.00117	0.00293	0.00205	0.00235	0.00411
26	0.04189	0.00803	0.01167	0.45772	0.18854	0.03393	0.00952	0.10767	0.00909	0.01241	0.00702	0.00941	0.00542	0.00371	0.00364	0.00115	0.00462	0.00321	0.00205	0.07930
27	0.00832	0.00826	0.01001	0.00881	0.00909	0.08881	0.00707	0.02323	0.00658	0.00924	0.00722	0.05480	0.00755	0.11769	0.02484	0.00191	0.58095	0.01979	0.00194	0.00389
28	0.00465	0.00379	0.00395	0.00399	0.00504	0.00327	0.00287	0.00550	0.00825	0.01001	0.05940	0.07938	0.66967	0.11587	0.00634	0.00159	0.00215	0.00781	0.00339	0.00309
29	0.00751	0.00710	0.01201	0.72645	0.15454	0.00852	0.01071	0.01000	0.00775	0.01011	0.00680	0.01000	0.00521	0.00373	0.00379	0.00124	0.00497	0.00337	0.00172	0.00450
30	0.00502	0.00383	0.00461	0.00448	0.00547	0.00342	0.00334	0.00647	0.00983	0.01321	0.52132	0.07616	0.31183	0.00861	0.00450	0.00124	0.00186	0.00746	0.00392	0.00342
31	0.07957	0.01165	0.01522	0.01274	0.09247	0.20270	0.31881	0.16147	0.03025	0.02738	0.00758	0.00899	0.00577	0.00372	0.00385	0.00116	0.00552	0.00351	0.00239	0.00524
32	0.01181	0.01084	0.09288	0.01097	0.01437	0.05083	0.27963	0.24947	0.05879	0.13501	0.00934	0.01005	0.00666	0.00402	0.00408	0.00119	0.01577	0.00374	0.00294	0.02760
33	0.00597	0.00427	0.00595	0.00682	0.00764	0.00424	0.00587	0.00762	0.00859	0.01119	0.02016	0.11994	0.02213	0.01061	0.00520	0.00173	0.00337	0.74175	0.00349	0.00345
34	0.00471	0.00339	0.00442	0.00521	0.00551	0.00316	0.00353	0.00540	0.00733	0.00968	0.02156	0.74772	0.07392	0.04715	0.00543	0.00162	0.00229	0.04143	0.00347	0.00307
35	0.11959	0.00896	0.01000	0.00779	0.01066	0.04313	0.03086	0.37749	0.01336	0.31172	0.02226	0.01031	0.00754	0.00446	0.00364	0.00115	0.00383	0.00343	0.00381	0.00601
36	0.00744	0.00702	0.01187	0.75422	0.12735	0.00850	0.01067	0.00993	0.00771	0.01002	0.00679	0.01002	0.00517	0.00374	0.00379	0.00125	0.00499	0.00337	0.00171	0.00444
37	0.00976	0.64829	0.19979	0.00752	0.01127	0.01352	0.00816	0.04547	0.00819	0.01022	0.00577	0.00663	0.00492	0.00338	0.00274	0.00091	0.00440	0.00225	0.00171	0.00509
38	0.01442	0.01062	0.01138	0.00873	0.01176	0.01176	0.00721	0.83041	0.01783	0.02390	0.00911	0.00911	0.00645	0.00455	0.00379	0.00114	0.00417	0.00341	0.00379	0.00645
39	0.00506	0.00386	0.00465	0.00445	0.00548	0.00345	0.00334	0.00657	0.01002	0.01350	0.56498	0.03114	0.31293	0.00839	0.00448	0.00122	0.00183	0.00725	0.00395	0.00345
40	0.02968	0.00930	0.01377	0.05067	0.34412	0.00969	0.10209	0.28625	0.03116	0.05356	0.00865	0.02845	0.00675	0.00406	0.00385	0.00117	0.00446	0.00369	0.00273	0.00589
41	0.05839	0.06692	0.01239	0.00922	0.03434	0.05035	0.09345	0.43072	0.01372	0.17880	0.00943	0.00951	0.00663	0.00424	0.00369	0.00113	0.00429	0.00340	0.00341	0.00598
42	0.00716	0.00674	0.01138	0.85760	0.02612	0.00843	0.01053	0.00969	0.00758	0.00969	0.00674	0.01011	0.00506	0.00379	0.00379	0.00126	0.00506	0.00337	0.00169	0.00421
43	0.00465	0.00334	0.00441	0.00526	0.00553	0.00311	0.00355	0.00534	0.00734	0.00974	0.02152	0.81787	0.05451	0.01177	0.00484	0.00153	0.00222	0.02686	0.00352	0.00309
44	0.06243	0.06771	0.24174	0.01099	0.07099	0.15895	0.11615	0.15979	0.02478	0.04058	0.00741	0.00842	0.00555	0.00379	0.00359	0.00113	0.00522	0.00307	0.00230	0.00541

[dist]
# distance from previous block
# <min> <max>
1	11

[block]
# block no. 3 follows, 72 sequences, length 51
# corresponding to MSA columns:
# 353-403
name=unknown_D
#
# <colnr> <probs for GDERKNQSTAVLIFYWHMCP>
#	G	D	E	R	K	N	Q	S	T	A	V	L	I	F	Y	W	H	M	C	P
0	0.17119	0.14533	0.07381	0.00879	0.02273	0.13750	0.10275	0.09538	0.04283	0.08666	0.00805	0.01911	0.00643	0.00419	0.00370	0.00114	0.03496	0.02794	0.00250	0.00501
1	0.71797	0.00799	0.00673	0.00573	0.00822	0.00916	0.00473	0.17474	0.00873	0.01839	0.00604	0.00675	0.00457	0.00373	0.00264	0.00117	0.00318	0.00233	0.00264	0.00457
2	0.00464	0.00356	0.00427	0.00481	0.00548	0.00319	0.00341	0.00548	0.00787	0.00999	0.02763	0.50183	0.34058	0.01093	0.00472	0.00145	0.00216	0.05132	0.00352	0.00315
3	0.75853	0.00775	0.00641	0.00552	0.00797	0.00888	0.00455	0.11963	0.00805	0.03565	0.00599	0.00669	0.00453	0.00368	0.00257	0.00117	0.00310	0.00227	0.00259	0.00447
4	0.00537	0.00372	0.00421	0.00421	0.00442	0.00368	0.00252	0.00558	0.00596	0.00782	0.01534	0.02578	0.12298	0.70414	0.06624	0.00350	0.00383	0.00576	0.00244	0.00248
5	0.01353	0.01688	0.01136	0.01156	0.12165	0.74010	0.00790	0.01468	0.01047	0.00969	0.00603	0.00718	0.00503	0.00384	0.00346	0.00100	0.00653	0.00257	0.00194	0.00461
6	0.00761	0.01962	0.84707	0.01081	0.01641	0.00881	0.01401	0.01201	0.00801	0.01201	0.00681	0.00801	0.00480	0.00360	0.00360	0.00120	0.00560	0.00280	0.00160	0.00560
7	0.00552	0.00368	0.00414	0.00414	0.00414	0.00368	0.00230	0.00552	0.00552	0.00735	0.01195	0.02482	0.01379	0.86672	0.01930	0.00368	0.00368	0.00552	0.00230	0.00230
8	0.00995	0.00786	0.00842	0.00736	0.00938	0.00887	0.00568	0.13988	0.57185	0.04768	0.01401	0.01476	0.01102	0.11896	0.00589	0.00158	0.00328	0.00430	0.00367	0.00560
9	0.00542	0.00406	0.00610	0.00610	0.00677	0.00474	0.00474	0.00677	0.00610	0.00880	0.01016	0.01490	0.00948	0.02844	0.85169	0.00610	0.01016	0.00406	0.00203	0.00339
10	0.00895	0.01023	0.02238	0.01598	0.01982	0.00959	0.82928	0.01215	0.00895	0.01215	0.00767	0.01023	0.00575	0.00320	0.00448	0.00128	0.00639	0.00448	0.00192	0.00512
11	0.00502	0.00391	0.00423	0.00415	0.00537	0.00333	0.00311	0.00613	0.00902	0.03664	0.17436	0.06645	0.64656	0.00923	0.00447	0.00127	0.00195	0.00779	0.00367	0.00336
12	0.00462	0.00330	0.00440	0.00528	0.00550	0.00308	0.00352	0.00528	0.00726	0.00968	0.02090	0.86424	0.02508	0.01188	0.00484	0.00154	0.00220	0.01078	0.00352	0.00308
13	0.00895	0.01023	0.02238	0.01598	0.01982	0.00959	0.82928	0.01215	0.00895	0.01215	0.00767	0.01023	0.00575	0.00320	0.00448	0.00128	0.00639	0.00448	0.00192	0.00512
14	0.13291	0.00657	0.00837	0.00651	0.00937	0.00596	0.00538	0.01751	0.01027	0.73612	0.01368	0.01202	0.00869	0.00454	0.00362	0.00117	0.00319	0.00358	0.00438	0.00614
15	0.00544	0.00398	0.00565	0.00565	0.00618	0.00450	0.00419	0.00649	0.00596	0.00848	0.01056	0.01713	0.01045	0.21738	0.66408	0.00555	0.00870	0.00439	0.00209	0.00314
16	0.01014	0.86900	0.01987	0.00649	0.00973	0.01501	0.00649	0.01136	0.00771	0.00892	0.00527	0.00608	0.00487	0.00324	0.00243	0.00081	0.00406	0.00203	0.00162	0.00487
17	0.00551	0.00369	0.00420	0.00420	0.00422	0.00371	0.00238	0.00556	0.00553	0.00740	0.01189	0.02449	0.01365	0.83925	0.04658	0.00376	0.00389	0.00547	0.00229	0.00233
18	0.00586	0.00398	0.00583	0.00580	0.00619	0.00451	0.00430	0.00621	0.00577	0.00814	0.00948	0.05582	0.00940	0.06519	0.48114	0.26558	0.04778	0.00421	0.00199	0.00284
19	0.00777	0.00770	0.02233	0.00924	0.00945	0.01032	0.00771	0.00876	0.00603	0.00931	0.03134	0.00988	0.00658	0.00985	0.13597	0.00229	0.69611	0.00353	0.00179	0.00404
20	0.00467	0.00334	0.00446	0.00534	0.00558	0.00312	0.00361	0.00537	0.00731	0.00974	0.02088	0.83680	0.02497	0.01183	0.00485	0.00155	0.00224	0.03773	0.00352	0.00309
21	0.00791	0.00780	0.00755	0.00703	0.00795	0.21182	0.03024	0.00890	0.00723	0.00890	0.00910	0.01421	0.00877	0.17688	0.37463	0.02027	0.05296	0.00388	0.03047	0.00349
22	0.00957	0.00958	0.05556	0.07323	0.57176	0.02294	0.07057	0.06070	0.04216	0.02325	0.00773	0.00967	0.00619	0.00358	0.00379	0.00115	0.00464	0.00346	0.01471	0.00578
23	0.00984	0.05583	0.13587	0.00955	0.04670	0.20926	0.02295	0.01405	0.23232	0.01177	0.03662	0.01084	0.01703	0.02616	0.00546	0.00129	0.14357	0.00348	0.00245	0.00499
24	0.00801	0.05177	0.25749	0.05394	0.07324	0.02653	0.06310	0.01027	0.00723	0.01045	0.00705	0.04117	0.00626	0.02234	0.05194	0.00165	0.28822	0.00353	0.01114	0.00469
25	0.36037	0.06861	0.01057	0.00925	0.08494	0.24570	0.05959	0.03846	0.00842	0.01324	0.00587	0.00714	0.00479	0.00383	0.00368	0.00113	0.06518	0.00257	0.00212	0.00455
26	0.00593	0.00398	0.00480	0.00456	0.00552	0.00381	0.00343	0.00808	0.04559	0.01482	0.57637	0.02448	0.05356	0.00688	0.00400	0.00112	0.00184	0.00597	0.22159	0.00366
27	0.01182	0.07873	0.01113	0.01982	0.01112	0.21303	0.05207	0.24855	0.14403	0.05462	0.01125	0.06519	0.04117	0.00505	0.00376	0.00115	0.00449	0.01469	0.00307	0.00527
28	0.12259	0.00432	0.00471	0.00470	0.00588	0.00411	0.00360	0.00701	0.00878	0.02438	0.24325	0.13292	0.34012	0.00859	0.00429	0.00131	0.00220	0.07022	0.00355	0.00348
29	0.00890	0.01060	0.05489	0.01578	0.01969	0.00956	0.79714	0.01214	0.00891	0.01214	0.00764	0.01014	0.00572	0.00321	0.00444	0.00128	0.00636	0.00441	0.00191	0.00513
30	0.00507	0.00383	0.00468	0.00453	0.00550	0.00344	0.00337	0.00655	0.00993	0.01345	0.56081	0.07980	0.26812	0.00853	0.00450	0.00124	0.00185	0.00742	0.00395	0.00344
31	0.89350	0.00733	0.00557	0.00499	0.00733	0.00851	0.00411	0.01115	0.00645	0.01702	0.00528	0.00616	0.00411	0.00352	0.00235	0.00117	0.00293	0.00205	0.00235	0.00411
32	0.89350	0.00733	0.00557	0.00499	0.00733	0.00851	0.00411	0.01115	0.00645	0.01702	0.00528	0.00616	0.00411	0.00352	0.00235	0.00117	0.00293	0.00205	0.00235	0.00411
33	0.06303	0.01708	0.01045	0.00944	0.01145	0.76427	0.00713	0.04240	0.02260	0.01030	0.00608	0.00698	0.00499	0.00393	0.00338	0.00100	0.00648	0.00248	0.00207	0.00447
34	0.01014	0.86900	0.01987	0.00649	0.00973	0.01501	0.00649	0.01136	0.00771	0.00892	0.00527	0.00608	0.00487	0.00324	0.00243	0.00081	0.00406	0.00203	0.00162	0.00487
35	0.00895	0.01023	0.02238	0.01598	0.01982	0.00959	0.82928	0.01215	0.00895	0.01215	0.00767	0.01023	0.00575	0.00320	0.00448	0.00128	0.00639	0.00448	0.00192	0.00512
36	0.00642	0.00341	0.00511	0.00511	0.00521	0.00351	0.00351	0.00521	0.00511	0.00691	0.00711	0.01203	0.00701	0.01543	0.13813	0.75947	0.00431	0.00341	0.00170	0.00190
37	0.89350	0.00733	0.00557	0.00499	0.00733	0.00851	0.00411	0.01115	0.00645	0.01702	0.00528	0.00616	0.00411	0.00352	0.00235	0.00117	0.00293	0.00205	0.00235	0.00411
38	0.01417	0.01808	0.01075	0.00977	0.01172	0.85149	0.00733	0.01514	0.01075	0.00928	0.00586	0.00684	0.00489	0.00391	0.00342	0.00098	0.00684	0.00244	0.00195	0.00440
39	0.00470	0.00391	0.00414	0.00426	0.00548	0.00336	0.00331	0.00576	0.00866	0.01039	0.03599	0.03733	0.73314	0.00972	0.00458	0.00134	0.00213	0.11504	0.00352	0.00324
40	0.00877	0.00748	0.00800	0.00723	0.00919	0.00851	0.00561	0.01807	0.70657	0.01564	0.12590	0.01657	0.03459	0.00560	0.00396	0.00127	0.00281	0.00472	0.00389	0.00561
41	0.01648	0.00691	0.00903	0.00697	0.00988	0.00630	0.00574	0.09388	0.04405	0.73671	0.01444	0.01260	0.00920	0.00470	0.00381	0.00117	0.00331	0.00380	0.00458	0.00644
42	0.89350	0.00733	0.00557	0.00499	0.00733	0.00851	0.00411	0.01115	0.00645	0.01702	0.00528	0.00616	0.00411	0.00352	0.00235	0.00117	0.00293	0.00205	0.00235	0.00411
43	0.00488	0.00397	0.00435	0.00443	0.00551	0.00356	0.00325	0.00640	0.05303	0.01103	0.12863	0.19236	0.54597	0.00958	0.00452	0.00132	0.00202	0.00820	0.00362	0.00337
44	0.00974	0.73562	0.14976	0.00717	0.01078	0.01403	0.00767	0.01146	0.00775	0.00941	0.00551	0.00639	0.00486	0.00330	0.00262	0.00087	0.00430	0.00215	0.00162	0.00498
45	0.00486	0.00341	0.00437	0.00504	0.00522	0.00325	0.00328	0.00538	0.00687	0.00916	0.01875	0.64857	0.02232	0.21624	0.00831	0.00205	0.00258	0.02422	0.00323	0.00290
46	0.00486	0.00403	0.00431	0.00439	0.00563	0.00354	0.00342	0.00623	0.03201	0.01070	0.05991	0.03645	0.68512	0.00954	0.00456	0.00134	0.00216	0.11490	0.00355	0.00333
47	0.08469	0.03553	0.02145	0.13089	0.06481	0.13228	0.02121	0.35667	0.08694	0.01698	0.00827	0.00907	0.00619	0.00417	0.00359	0.00114	0.00455	0.00320	0.00287	0.00549
48	0.00722	0.00680	0.01147	0.83691	0.04638	0.00844	0.01056	0.00974	0.00761	0.00976	0.00675	0.01009	0.00508	0.00378	0.00379	0.00126	0.00504	0.00337	0.00169	0.00426
49	0.00577	0.00459	0.00699	0.00651	0.00762	0.00424	0.11281	0.00715	0.01727	0.03444	0.10540	0.41365	0.17837	0.00940	0.00463	0.00141	0.00277	0.05542	0.01797	0.00358
50	0.12915	0.01844	0.07114	0.06678	0.13220	0.04138	0.12012	0.13081	0.05947	0.07211	0.01865	0.04357	0.01730	0.00447	0.00424	0.00123	0.05739	0.00373	0.00261	0.00521

[dist]
# distance from previous block
# <min> <max>
0	34

[block]
# block no. 4 follows, 72 sequences, length 26
# corresponding to MSA columns:
# 438-463
name=unknown_E
#
# <colnr> <probs for GDERKNQSTAVLIFYWHMCP>
#	G	D	E	R	K	N	Q	S	T	A	V	L	I	F	Y	W	H	M	C	P
0	0.04140	0.12770	0.18307	0.11061	0.08041	0.10146	0.02692	0.07134	0.03305	0.03828	0.01761	0.06062	0.03057	0.00445	0.00368	0.00113	0.01894	0.00355	0.00226	0.04296
1	0.06774	0.03492	0.12432	0.02873	0.02760	0.04483	0.11992	0.08413	0.07424	0.02780	0.02501	0.01867	0.02548	0.00488	0.03558	0.00123	0.02510	0.00335	0.00243	0.22403
2	0.04121	0.00674	0.00884	0.10039	0.04234	0.00628	0.00598	0.06830	0.02014	0.36916	0.07455	0.01235	0.02018	0.00438	0.00359	0.00105	0.00331	0.00360	0.00351	0.20408
3	0.02352	0.00412	0.00507	0.00499	0.00537	0.00442	0.00334	0.02116	0.02677	0.00854	0.01125	0.02055	0.01196	0.52997	0.29878	0.00434	0.00584	0.00489	0.00228	0.00287
4	0.68814	0.00675	0.00559	0.00497	0.00721	0.00748	0.00405	0.01093	0.00715	0.08634	0.01098	0.01120	0.12793	0.00452	0.00279	0.00119	0.00281	0.00308	0.00272	0.00417
5	0.00495	0.00378	0.00460	0.00500	0.00583	0.00343	0.00379	0.00607	0.00849	0.01088	0.12630	0.29227	0.33407	0.01025	0.00474	0.00144	0.00229	0.16496	0.00359	0.00327
6	0.00999	0.00842	0.00889	0.00783	0.01007	0.00969	0.00614	0.11093	0.74452	0.01677	0.01473	0.01358	0.01100	0.00508	0.00385	0.00127	0.00313	0.00419	0.00385	0.00605
7	0.00729	0.00517	0.00620	0.00564	0.00701	0.00525	0.00432	0.01139	0.22782	0.07376	0.53268	0.02328	0.03917	0.00680	0.00422	0.00121	0.00221	0.00590	0.02626	0.00441
8	0.00809	0.00727	0.00907	0.00653	0.00990	0.02421	0.06956	0.00988	0.00801	0.01227	0.00679	0.00803	0.00561	0.00286	0.00295	0.00063	0.00318	0.00243	0.00221	0.80050
9	0.00462	0.00330	0.00440	0.00528	0.00550	0.00308	0.00352	0.00528	0.00726	0.00968	0.02090	0.86424	0.02508	0.01188	0.00484	0.00154	0.00220	0.01078	0.00352	0.00308
10	0.00473	0.00342	0.00449	0.00531	0.00566	0.00319	0.00368	0.00550	0.00748	0.00985	0.02214	0.73787	0.08562	0.01160	0.00485	0.00154	0.00228	0.07416	0.00352	0.00312
11	0.00863	0.00730	0.00801	0.00726	0.00914	0.00821	0.01719	0.04521	0.62082	0.01522	0.07799	0.10056	0.04565	0.00613	0.00403	0.00130	0.00288	0.00524	0.00381	0.00543
12	0.01019	0.16601	0.01098	0.00766	0.01008	0.04039	0.00625	0.09335	0.57997	0.01511	0.01266	0.01195	0.00964	0.00470	0.00358	0.00117	0.00344	0.00373	0.00338	0.00578
13	0.01240	0.00915	0.01067	0.06921	0.07748	0.07139	0.02628	0.32152	0.02242	0.16079	0.00946	0.01029	0.00697	0.00504	0.03359	0.00125	0.00434	0.01492	0.00319	0.12964
14	0.01327	0.02368	0.01057	0.00880	0.04033	0.09582	0.00686	0.40076	0.21613	0.12753	0.01096	0.01057	0.00789	0.00459	0.00375	0.00116	0.00404	0.00356	0.00364	0.00609
15	0.89350	0.00733	0.00557	0.00499	0.00733	0.00851	0.00411	0.01115	0.00645	0.01702	0.00528	0.00616	0.00411	0.00352	0.00235	0.00117	0.00293	0.00205	0.00235	0.00411
16	0.00874	0.01465	0.44655	0.07510	0.11225	0.06795	0.08800	0.01217	0.01919	0.05502	0.05826	0.01002	0.00727	0.00390	0.00377	0.00119	0.00521	0.00336	0.00204	0.00534
17	0.00939	0.00901	0.01539	0.02328	0.84306	0.00901	0.01164	0.01164	0.00864	0.01239	0.00713	0.00939	0.00601	0.00338	0.00375	0.00113	0.00451	0.00338	0.00188	0.00601
18	0.00536	0.00367	0.00418	0.00425	0.00439	0.00362	0.00250	0.00552	0.00593	0.00781	0.01482	0.09172	0.08357	0.70826	0.03643	0.00337	0.00357	0.00610	0.00249	0.00246
19	0.89350	0.00733	0.00557	0.00499	0.00733	0.00851	0.00411	0.01115	0.00645	0.01702	0.00528	0.00616	0.00411	0.00352	0.00235	0.00117	0.00293	0.00205	0.00235	0.00411
20	0.00939	0.00901	0.01539	0.02328	0.84306	0.00901	0.01164	0.01164	0.00864	0.01239	0.00713	0.00939	0.00601	0.00338	0.00375	0.00113	0.00451	0.00338	0.00188	0.00601
21	0.01442	0.01062	0.01138	0.00873	0.01176	0.01176	0.00721	0.83041	0.01783	0.02390	0.00911	0.00911	0.00645	0.00455	0.00379	0.00114	0.00417	0.00341	0.00379	0.00645
22	0.01429	0.00964	0.19841	0.00778	0.01126	0.00672	0.00755	0.03520	0.06870	0.58023	0.01302	0.01180	0.00844	0.00448	0.00377	0.00119	0.00377	0.00361	0.00392	0.00623
23	0.82420	0.00818	0.00598	0.00536	0.00768	0.07495	0.00436	0.01146	0.00679	0.01641	0.00533	0.00621	0.00417	0.00355	0.00243	0.00116	0.00324	0.00208	0.00232	0.00413
24	0.01418	0.01755	0.01079	0.00970	0.01173	0.79214	0.00732	0.07276	0.01125	0.01032	0.00609	0.00700	0.00500	0.00395	0.00345	0.00099	0.00665	0.00251	0.00208	0.00454
25	0.01683	0.00675	0.00898	0.00689	0.00983	0.00601	0.00569	0.07587	0.01135	0.78760	0.01455	0.01264	0.00918	0.00468	0.00381	0.00117	0.00329	0.00379	0.00463	0.00645

[dist]
# distance from previous block
# <min> <max>
0	1

[block]
# block no. 5 follows, 72 sequences, length 43
# corresponding to MSA columns:
# 465-507
name=unknown_F
#
# <colnr> <probs for GDERKNQSTAVLIFYWHMCP>
#	G	D	E	R	K	N	Q	S	T	A	V	L	I	F	Y	W	H	M	C	P
0	0.00504	0.00381	0.00465	0.00455	0.00549	0.00342	0.00337	0.00648	0.00980	0.01325	0.53111	0.11149	0.26629	0.00868	0.00451	0.00125	0.00187	0.00757	0.00392	0.00342
1	0.00560	0.00365	0.00420	0.00420	0.00420	0.00365	0.00238	0.00547	0.00547	0.00729	0.01153	0.02378	0.01323	0.80006	0.01895	0.07287	0.00365	0.00534	0.00225	0.00225
