[name]
unknown

[dist]
# distance from previous block
# <min> <max>
0	325

[block]
# block no. 0 follows, 75 sequences, length 33
# corresponding to MSA columns:
# 351-383
name=unknown_A
#
# <colnr> <probs for GDERKNQSTAVLIFYWHMCP>
#	G	D	E	R	K	N	Q	S	T	A	V	L	I	F	Y	W	H	M	C	P
0	0.04812	0.13020	0.03479	0.01830	0.07955	0.08089	0.08798	0.03114	0.02231	0.08923	0.01938	0.04765	0.02447	0.00467	0.02112	0.00110	0.04020	0.01928	0.01059	0.18905
1	0.02218	0.06021	0.11127	0.09160	0.04914	0.02929	0.07696	0.24012	0.14182	0.01495	0.01839	0.02091	0.00713	0.01322	0.02702	0.00126	0.00436	0.00342	0.00266	0.06410
2	0.00471	0.00368	0.00418	0.00414	0.00510	0.00325	0.00302	0.00582	0.00875	0.01131	0.30669	0.09041	0.45713	0.06902	0.00536	0.00139	0.00196	0.00740	0.00354	0.00315
3	0.00840	0.00791	0.01325	0.35332	0.49671	0.00859	0.01071	0.03686	0.00825	0.01132	0.00682	0.00936	0.00547	0.00347	0.00365	0.00114	0.00456	0.00327	0.00180	0.00515
4	0.00538	0.00354	0.00442	0.00477	0.00514	0.00334	0.00316	0.00594	0.00693	0.04826	0.05756	0.45518	0.06374	0.28351	0.00906	0.00211	0.00263	0.02926	0.00312	0.00293
5	0.00447	0.00320	0.00426	0.00511	0.00533	0.00298	0.00341	0.00511	0.00703	0.00938	0.02024	0.86853	0.02429	0.01151	0.00469	0.00149	0.00213	0.01044	0.00341	0.00298
6	0.00950	0.00807	0.00851	0.00755	0.00969	0.00931	0.00590	0.08181	0.77849	0.01596	0.01448	0.01333	0.01083	0.00494	0.00373	0.00123	0.00299	0.00409	0.00373	0.00585
7	0.00501	0.00343	0.00415	0.00447	0.00456	0.00337	0.00272	0.00528	0.00599	0.00800	0.01478	0.34013	0.01735	0.52910	0.03323	0.00284	0.00317	0.00722	0.00266	0.00253
8	0.01372	0.01750	0.01041	0.00946	0.01135	0.85618	0.00710	0.01467	0.01041	0.00899	0.00568	0.00662	0.00473	0.00378	0.00331	0.00095	0.00662	0.00237	0.00189	0.00426
9	0.00863	0.00687	0.00732	0.00668	0.00847	0.00777	0.00516	0.01685	0.63942	0.03311	0.03746	0.05717	0.01221	0.00527	0.00363	0.00120	0.00267	0.00442	0.13043	0.00527
10	0.00638	0.00319	0.00478	0.00478	0.00478	0.00319	0.00319	0.00478	0.00478	0.00638	0.00638	0.01116	0.00638	0.01276	0.01435	0.89314	0.00319	0.00319	0.00159	0.00159
11	0.89687	0.00710	0.00540	0.00483	0.00710	0.00824	0.00398	0.01080	0.00625	0.01648	0.00511	0.00597	0.00398	0.00341	0.00227	0.00114	0.00284	0.00199	0.00227	0.00398
12	0.00447	0.00322	0.00424	0.00505	0.00531	0.00299	0.00338	0.00512	0.00709	0.00940	0.02104	0.82962	0.06268	0.01140	0.00467	0.00148	0.00212	0.01032	0.00341	0.00299
13	0.00909	0.00873	0.01491	0.02254	0.84801	0.00873	0.01127	0.01127	0.00836	0.01200	0.00691	0.00909	0.00582	0.00327	0.00364	0.00109	0.00436	0.00327	0.00182	0.00582
14	0.00558	0.00412	0.00604	0.00649	0.05358	0.00458	0.00449	0.00644	0.00593	0.00840	0.01024	0.07424	0.01032	0.14842	0.53449	0.08102	0.02596	0.00448	0.00206	0.00312
15	0.00495	0.00373	0.00458	0.00440	0.00534	0.00335	0.00329	0.00643	0.00975	0.01328	0.60586	0.06023	0.24509	0.00812	0.00435	0.00119	0.00178	0.00707	0.00386	0.00335
16	0.01381	0.01006	0.01082	0.00835	0.01125	0.01111	0.00688	0.77417	0.05556	0.04654	0.00927	0.00915	0.00656	0.00444	0.00368	0.00111	0.00396	0.00336	0.00370	0.00623
17	0.00890	0.00847	0.01400	0.06515	0.67981	0.00856	0.03002	0.01173	0.07333	0.01212	0.00751	0.00944	0.00617	0.00340	0.00362	0.00109	0.00424	0.00331	0.00198	0.04715
18	0.00654	0.00603	0.03151	0.00706	0.01976	0.02306	0.02753	0.00726	0.00607	0.00860	0.01897	0.12429	0.01105	0.32313	0.05401	0.00246	0.30059	0.00499	0.01379	0.00328
19	0.00694	0.00653	0.01102	0.86210	0.02530	0.00816	0.01020	0.00938	0.00734	0.00938	0.00653	0.00979	0.00490	0.00367	0.00367	0.00122	0.00490	0.00326	0.00163	0.00408
20	0.00873	0.01076	0.15360	0.09943	0.42040	0.06373	0.09640	0.01137	0.02134	0.01147	0.01939	0.00914	0.00592	0.00352	0.00388	0.00113	0.02803	0.00327	0.00183	0.02665
21	0.00822	0.02736	0.45458	0.01079	0.03431	0.00800	0.19362	0.01148	0.00818	0.07390	0.04278	0.03049	0.00717	0.02432	0.00418	0.00122	0.01607	0.00355	0.00204	0.03775
22	0.00694	0.00653	0.01102	0.86210	0.02530	0.00816	0.01020	0.00938	0.00734	0.00938	0.00653	0.00979	0.00490	0.00367	0.00367	0.00122	0.00490	0.00326	0.00163	0.00408
23	0.00460	0.00333	0.00429	0.00500	0.00535	0.00310	0.00343	0.00529	0.00716	0.00940	0.02151	0.68304	0.11079	0.05978	0.00547	0.00159	0.00226	0.05830	0.00334	0.00298
24	0.00844	0.00849	0.10642	0.32904	0.10264	0.01869	0.04104	0.01180	0.11243	0.07667	0.01946	0.01048	0.00676	0.00413	0.00430	0.00120	0.07403	0.00343	0.05576	0.00478
25	0.03943	0.02458	0.04342	0.00659	0.00938	0.01998	0.00561	0.01664	0.00996	0.72134	0.01331	0.01216	0.00866	0.02708	0.00424	0.02074	0.00330	0.00358	0.00413	0.00588
26	0.00440	0.00368	0.00376	0.00381	0.00493	0.00312	0.00280	0.00527	0.00814	0.00975	0.03497	0.08089	0.75899	0.05288	0.00508	0.00137	0.00196	0.00778	0.00335	0.00305
27	0.11340	0.00640	0.00797	0.00626	0.00890	0.00593	0.00514	0.06975	0.01036	0.63302	0.03705	0.01323	0.05637	0.00476	0.00359	0.00114	0.00304	0.00379	0.00416	0.00574
28	0.00992	0.39640	0.17276	0.03136	0.02257	0.13691	0.02797	0.04442	0.01687	0.03031	0.00635	0.02471	0.00538	0.00379	0.00354	0.00100	0.05643	0.00264	0.00184	0.00482
29	0.00840	0.00854	0.09123	0.28624	0.29122	0.00803	0.07408	0.02545	0.03343	0.05984	0.00849	0.05875	0.00707	0.00414	0.00378	0.00119	0.00451	0.01849	0.00210	0.00499
30	0.00537	0.00391	0.00486	0.00558	0.00598	0.00354	0.00375	0.00581	0.00774	0.01028	0.02268	0.77255	0.10965	0.01175	0.00501	0.00162	0.00242	0.01035	0.00369	0.00346
31	0.09564	0.00725	0.02909	0.09107	0.01108	0.00699	0.00614	0.15762	0.01075	0.49109	0.01151	0.01095	0.00761	0.00484	0.02353	0.00125	0.00362	0.00340	0.02089	0.00568
32	0.33180	0.06351	0.03336	0.04722	0.04573	0.15739	0.04425	0.07020	0.03922	0.05090	0.02548	0.03372	0.00638	0.00433	0.01402	0.00117	0.02146	0.00295	0.00238	0.00452

[dist]
# distance from previous block
# <min> <max>
0	34

[block]
# block no. 1 follows, 75 sequences, length 25
# corresponding to MSA columns:
# 418-442
name=unknown_B
#
# <colnr> <probs for GDERKNQSTAVLIFYWHMCP>
#	G	D	E	R	K	N	Q	S	T	A	V	L	I	F	Y	W	H	M	C	P
0	0.03094	0.35346	0.16974	0.00765	0.01076	0.02114	0.00760	0.18182	0.05203	0.01279	0.00720	0.02570	0.00600	0.01973	0.02160	0.00116	0.04524	0.00284	0.00220	0.02042
1	0.00982	0.45622	0.11230	0.03629	0.04928	0.08658	0.07094	0.04456	0.04468	0.02046	0.00631	0.00735	0.00523	0.00351	0.00327	0.00097	0.03287	0.00258	0.00185	0.00491
2	0.00574	0.00407	0.00590	0.00579	0.00644	0.00465	0.00442	0.00690	0.00601	0.04022	0.01010	0.01532	0.00956	0.12337	0.70929	0.00536	0.02741	0.00407	0.00209	0.00329
3	0.00976	0.84326	0.01897	0.00640	0.00943	0.01442	0.00634	0.01092	0.00740	0.00865	0.00510	0.00597	0.00472	0.00326	0.00269	0.00081	0.03363	0.00201	0.00157	0.00469
4	0.00468	0.00373	0.00418	0.00407	0.00517	0.00324	0.00305	0.00592	0.00916	0.01180	0.35292	0.03226	0.52964	0.00860	0.00434	0.00121	0.00181	0.00732	0.00366	0.00324
5	0.00498	0.00375	0.00461	0.00439	0.00535	0.00337	0.00329	0.00651	0.00988	0.01351	0.64034	0.02945	0.24115	0.00796	0.00433	0.00118	0.00177	0.00692	0.00388	0.00337
6	0.01575	0.00606	0.00821	0.00635	0.00905	0.00526	0.00523	0.01719	0.01040	0.79181	0.03977	0.01300	0.00988	0.00463	0.00367	0.00113	0.00303	0.00377	0.03975	0.00605
7	0.00447	0.00320	0.00426	0.00511	0.00533	0.00298	0.00341	0.00511	0.00703	0.00938	0.02024	0.86853	0.02429	0.01151	0.00469	0.00149	0.00213	0.01044	0.00341	0.00298
8	0.00867	0.00991	0.02167	0.01548	0.01920	0.00929	0.83467	0.01176	0.00867	0.01176	0.00743	0.00991	0.00557	0.00310	0.00433	0.00124	0.00619	0.00433	0.00186	0.00495
9	0.00737	0.01900	0.85189	0.01047	0.01590	0.00853	0.01357	0.01163	0.00775	0.01163	0.00659	0.00775	0.00465	0.00349	0.00349	0.00116	0.00543	0.00271	0.00155	0.00543
10	0.00485	0.00370	0.00430	0.00421	0.00520	0.00328	0.00313	0.00617	0.00923	0.01231	0.41753	0.07643	0.38619	0.00839	0.00429	0.00120	0.00181	0.00721	0.03730	0.00328
11	0.00638	0.00319	0.00478	0.00478	0.00478	0.00319	0.00319	0.00478	0.00478	0.00638	0.00638	0.01116	0.00638	0.01276	0.01435	0.89314	0.00319	0.00319	0.00159	0.00159
12	0.00682	0.00428	0.00472	0.00445	0.00552	0.00437	0.00338	0.03646	0.10751	0.01453	0.27882	0.01793	0.01759	0.00540	0.00331	0.00101	0.00194	0.00453	0.47361	0.00381
13	0.00894	0.09181	0.31497	0.03242	0.22303	0.00882	0.07808	0.03382	0.04710	0.07390	0.02824	0.02805	0.00686	0.00382	0.00357	0.00112	0.00459	0.00335	0.00213	0.00539
14	0.03091	0.07704	0.41256	0.03764	0.02914	0.10254	0.01017	0.21357	0.01037	0.03229	0.00707	0.00791	0.00517	0.00374	0.00342	0.00110	0.00496	0.00280	0.00220	0.00539
15	0.01019	0.79248	0.01841	0.00658	0.00961	0.09387	0.00636	0.01134	0.00774	0.00867	0.00516	0.00596	0.00471	0.00320	0.00245	0.00080	0.00418	0.00200	0.00160	0.00467
16	0.00621	0.00361	0.00543	0.08566	0.00689	0.00382	0.00395	0.00545	0.00527	0.00702	0.00780	0.01254	0.02915	0.04751	0.10514	0.65321	0.00406	0.00348	0.00171	0.00208
17	0.00919	0.34584	0.27471	0.00949	0.06950	0.06256	0.06991	0.01153	0.00809	0.04895	0.02546	0.02675	0.01574	0.00371	0.00318	0.00101	0.00461	0.00292	0.00187	0.00499
18	0.00599	0.02583	0.00740	0.06627	0.00858	0.00566	0.03804	0.02189	0.03693	0.00931	0.01020	0.03615	0.02275	0.04374	0.59744	0.00454	0.03640	0.00409	0.01522	0.00357
19	0.00446	0.00359	0.00392	0.00415	0.00506	0.00312	0.00298	0.00528	0.00788	0.00966	0.03121	0.24977	0.57700	0.05263	0.00516	0.00143	0.00204	0.02428	0.00335	0.00303
20	0.00809	0.17071	0.14241	0.04073	0.09759	0.00808	0.01931	0.07360	0.05431	0.04143	0.18020	0.02498	0.11343	0.00519	0.00363	0.00110	0.00349	0.00432	0.00272	0.00469
21	0.01957	0.07922	0.22998	0.06570	0.10433	0.01876	0.07416	0.08801	0.04850	0.08490	0.00860	0.03659	0.00694	0.00508	0.03192	0.00134	0.06234	0.02661	0.00231	0.00513
22	0.00866	0.00679	0.02235	0.20092	0.21928	0.00696	0.02573	0.03318	0.08398	0.12153	0.14074	0.07216	0.02212	0.00508	0.00388	0.00119	0.00363	0.01413	0.00284	0.00485
23	0.00673	0.00392	0.00416	0.00415	0.00507	0.00402	0.00309	0.00930	0.10293	0.01340	0.05556	0.11968	0.01273	0.00541	0.00305	0.00099	0.00190	0.00453	0.63570	0.00364
24	0.07558	0.00846	0.03273	0.13926	0.19131	0.05003	0.07083	0.10385	0.02873	0.14627	0.04180	0.02882	0.00762	0.00426	0.00413	0.00117	0.05382	0.00358	0.00262	0.00513

[dist]
# distance from previous block
# <min> <max>
0	2

[block]
# block no. 2 follows, 75 sequences, length 60
# corresponding to MSA columns:
# 445-504
name=unknown_C
#
# <colnr> <probs for GDERKNQSTAVLIFYWHMCP>
#	G	D	E	R	K	N	Q	S	T	A	V	L	I	F	Y	W	H	M	C	P
0	0.00796	0.00774	0.03123	0.16858	0.24535	0.06442	0.05892	0.05217	0.00846	0.01860	0.05848	0.08114	0.06289	0.06676	0.02923	0.00149	0.02536	0.00448	0.00229	0.00445
1	0.00541	0.00415	0.00534	0.00539	0.00589	0.02802	0.00391	0.00631	0.00606	0.00831	0.01189	0.09892	0.03433	0.23546	0.51856	0.00463	0.00723	0.00497	0.00221	0.00301
2	0.00758	0.00623	0.00751	0.02886	0.00892	0.00492	0.00453	0.00918	0.00754	0.03530	0.00739	0.03247	0.00634	0.00493	0.06782	0.00101	0.00332	0.00261	0.00225	0.75128
3	0.00647	0.00581	0.00688	0.00659	0.00726	0.09403	0.00511	0.00759	0.00630	0.00852	0.00892	0.01348	0.00847	0.07760	0.61273	0.00472	0.11039	0.00378	0.00193	0.00340
4	0.00828	0.00697	0.01023	0.36550	0.01622	0.02182	0.06105	0.07961	0.08313	0.05322	0.03929	0.02420	0.00777	0.00630	0.07200	0.00160	0.08634	0.00371	0.04831	0.00444
5	0.00737	0.00697	0.01180	0.69352	0.19049	0.00827	0.01042	0.00976	0.00755	0.00991	0.00660	0.00965	0.00508	0.00359	0.00366	0.00120	0.00479	0.00327	0.00167	0.00443
6	0.00563	0.00437	0.00585	0.10899	0.02073	0.01702	0.01642	0.00656	0.00721	0.01857	0.10012	0.11647	0.19602	0.13479	0.14436	0.08123	0.00408	0.00579	0.00264	0.00313
7	0.00558	0.00377	0.00430	0.00423	0.00434	0.00383	0.00248	0.02890	0.00571	0.00764	0.01141	0.02313	0.01294	0.80451	0.05988	0.00361	0.00389	0.00521	0.00225	0.00239
8	0.00816	0.00669	0.00923	0.04252	0.18353	0.01992	0.00682	0.18536	0.00901	0.01247	0.00903	0.03206	0.00798	0.01519	0.40109	0.00337	0.02904	0.01170	0.00233	0.00450
9	0.01433	0.00969	0.01065	0.00817	0.01109	0.01051	0.00675	0.71508	0.01627	0.14524	0.00965	0.00936	0.00667	0.00443	0.00368	0.00111	0.00391	0.00336	0.00380	0.00625
10	0.89687	0.00710	0.00540	0.00483	0.00710	0.00824	0.00398	0.01080	0.00625	0.01648	0.00511	0.00597	0.00398	0.00341	0.00227	0.00114	0.00284	0.00199	0.00227	0.00398
11	0.00467	0.00398	0.00439	0.00478	0.04376	0.00343	0.00338	0.00572	0.00841	0.01016	0.04696	0.03440	0.74470	0.00905	0.00435	0.00126	0.00207	0.05794	0.00335	0.00325
12	0.00453	0.00349	0.00415	0.00449	0.00521	0.00310	0.00318	0.00546	0.00808	0.01042	0.15529	0.41092	0.34846	0.01002	0.00450	0.00134	0.00196	0.00880	0.00351	0.00310
13	0.01196	0.00774	0.00876	0.00732	0.00970	0.00831	0.00584	0.19289	0.39981	0.24512	0.01376	0.05149	0.01017	0.00504	0.00376	0.00120	0.00317	0.00413	0.00393	0.00590
14	0.89687	0.00710	0.00540	0.00483	0.00710	0.00824	0.00398	0.01080	0.00625	0.01648	0.00511	0.00597	0.00398	0.00341	0.00227	0.00114	0.00284	0.00199	0.00227	0.00398
15	0.00793	0.00671	0.00778	0.00559	0.00884	0.00522	0.00448	0.05022	0.00809	0.01252	0.00664	0.00768	0.00548	0.00280	0.00277	0.00057	0.00279	0.00223	0.00225	0.84940
16	0.89687	0.00710	0.00540	0.00483	0.00710	0.00824	0.00398	0.01080	0.00625	0.01648	0.00511	0.00597	0.00398	0.00341	0.00227	0.00114	0.00284	0.00199	0.00227	0.00398
17	0.00447	0.00320	0.00426	0.00511	0.00533	0.00298	0.00341	0.00511	0.00703	0.00938	0.02024	0.86853	0.02429	0.01151	0.00469	0.00149	0.00213	0.01044	0.00341	0.00298
18	0.10525	0.00570	0.00717	0.00590	0.00812	0.00527	0.00479	0.02620	0.00970	0.52855	0.10276	0.06208	0.01256	0.00532	0.00364	0.00116	0.00282	0.03424	0.06355	0.00524
19	0.00491	0.00400	0.00439	0.00434	0.00546	0.00363	0.00323	0.00671	0.07211	0.01135	0.21334	0.11184	0.52397	0.00879	0.00433	0.00125	0.00194	0.00749	0.00358	0.00338
20	0.00450	0.00321	0.00425	0.00508	0.00528	0.00300	0.00337	0.00512	0.00697	0.00930	0.01994	0.83937	0.02391	0.04118	0.00517	0.00156	0.00218	0.01027	0.00337	0.00296
21	0.01323	0.00979	0.01052	0.00823	0.01100	0.01084	0.00674	0.71670	0.10275	0.03343	0.00985	0.03286	0.00730	0.00466	0.00371	0.00113	0.00386	0.00360	0.00369	0.00611
22	0.00861	0.00818	0.01390	0.19326	0.66432	0.00851	0.01089	0.01084	0.00814	0.01150	0.00693	0.00932	0.00570	0.00337	0.00362	0.00111	0.00442	0.00327	0.01869	0.00542
23	0.00501	0.00372	0.00444	0.00433	0.00511	0.00341	0.01558	0.00554	0.00731	0.00927	0.10001	0.04545	0.41530	0.18335	0.05617	0.12109	0.00288	0.00635	0.00288	0.00279
24	0.00783	0.03092	0.00803	0.00554	0.00879	0.00533	0.00447	0.02973	0.00785	0.01215	0.00654	0.00760	0.00544	0.00277	0.00273	0.00056	0.00279	0.00220	0.00220	0.84652
25	0.00445	0.00375	0.00387	0.00390	0.00511	0.00317	0.00297	0.00544	0.00845	0.01014	0.06430	0.03537	0.77753	0.00928	0.00438	0.00126	0.00193	0.04814	0.00343	0.00313
26	0.00854	0.11512	0.32832	0.02804	0.15064	0.01870	0.02532	0.03218	0.03754	0.07086	0.10895	0.01175	0.03992	0.00425	0.00356	0.00111	0.00423	0.00354	0.00232	0.00513
27	0.01155	0.10189	0.18826	0.03499	0.05894	0.02096	0.00860	0.43772	0.01272	0.04786	0.00782	0.00841	0.00572	0.00407	0.00378	0.00110	0.03406	0.00304	0.00278	0.00572
28	0.01025	0.00806	0.00867	0.00747	0.00970	0.00910	0.00590	0.17664	0.59785	0.06004	0.05494	0.01338	0.01130	0.00497	0.00375	0.00121	0.00308	0.00409	0.00378	0.00580
29	0.00680	0.00477	0.00543	0.03629	0.00604	0.02109	0.00340	0.11322	0.00701	0.00926	0.01027	0.01947	0.01104	0.58937	0.03588	0.10706	0.00384	0.00466	0.00231	0.00281
30	0.00465	0.00331	0.00439	0.00510	0.00539	0.00311	0.00348	0.00540	0.00732	0.00981	0.09103	0.71629	0.02453	0.05047	0.00532	0.00157	0.00222	0.05017	0.00341	0.00301
31	0.00572	0.00454	0.00642	0.00625	0.00682	0.00543	0.00483	0.00729	0.04734	0.00888	0.01039	0.07925	0.01017	0.07480	0.59652	0.00468	0.11070	0.00444	0.00214	0.00341
32	0.00789	0.00716	0.01114	0.65750	0.11306	0.03903	0.00969	0.01017	0.00773	0.04832	0.00690	0.00962	0.00521	0.00363	0.00361	0.00116	0.00471	0.00320	0.00182	0.04846
33	0.00533	0.00360	0.00421	0.00421	0.00428	0.00367	0.00248	0.00547	0.00540	0.00727	0.01139	0.02300	0.01290	0.77989	0.10911	0.00381	0.00424	0.00519	0.00220	0.00234
34	0.09705	0.00655	0.00733	0.00545	0.00847	0.00539	0.00435	0.00983	0.04891	0.01269	0.03759	0.00848	0.00665	0.00308	0.00278	0.00066	0.00271	0.00242	0.00233	0.72729
35	0.00446	0.00364	0.00394	0.00404	0.00508	0.00312	0.00296	0.00543	0.00838	0.01036	0.12261	0.16882	0.62549	0.00946	0.00440	0.00127	0.00189	0.00806	0.00348	0.00312
36	0.01372	0.01750	0.01041	0.00946	0.01135	0.85618	0.00710	0.01467	0.01041	0.00899	0.00568	0.00662	0.00473	0.00378	0.00331	0.00095	0.00662	0.00237	0.00189	0.00426
37	0.89687	0.00710	0.00540	0.00483	0.00710	0.00824	0.00398	0.01080	0.00625	0.01648	0.00511	0.00597	0.00398	0.00341	0.00227	0.00114	0.00284	0.00199	0.00227	0.00398
38	0.00690	0.00623	0.01004	0.69565	0.02166	0.00756	0.00902	0.03269	0.02225	0.01047	0.10515	0.02856	0.00900	0.01526	0.00396	0.00125	0.00440	0.00384	0.00205	0.00406
39	0.00784	0.00658	0.00768	0.00550	0.00875	0.00500	0.00441	0.02197	0.00781	0.02455	0.00668	0.00771	0.00551	0.00277	0.00275	0.00056	0.00275	0.00222	0.00223	0.86674
40	0.01294	0.00934	0.01025	0.02456	0.01088	0.01030	0.00659	0.69532	0.03973	0.03509	0.00880	0.00929	0.00643	0.00528	0.00479	0.09404	0.00392	0.00333	0.00343	0.00571
41	0.01635	0.02306	0.00873	0.00653	0.00938	0.00558	0.00542	0.01777	0.01045	0.83423	0.01431	0.01237	0.00901	0.00452	0.00367	0.00113	0.00314	0.00366	0.00449	0.00622
42	0.00526	0.00361	0.00421	0.00414	0.00440	0.00352	0.00255	0.00572	0.00669	0.00908	0.21403	0.02534	0.05396	0.62590	0.01462	0.00288	0.00305	0.00576	0.00271	0.00256
43	0.00620	0.00490	0.00548	0.00525	0.00553	0.04869	0.00356	0.00669	0.03246	0.00792	0.01155	0.05094	0.04957	0.49608	0.07730	0.07917	0.09884	0.00493	0.00221	0.00273
44	0.00704	0.00659	0.01089	0.82294	0.02457	0.00820	0.01000	0.00985	0.04556	0.00966	0.00691	0.00997	0.00519	0.00373	0.00367	0.00122	0.00480	0.00330	0.00173	0.00416
45	0.89687	0.00710	0.00540	0.00483	0.00710	0.00824	0.00398	0.01080	0.00625	0.01648	0.00511	0.00597	0.00398	0.00341	0.00227	0.00114	0.00284	0.00199	0.00227	0.00398
46	0.00982	0.87313	0.01925	0.00628	0.00943	0.01453	0.00628	0.01100	0.00746	0.00864	0.00511	0.00589	0.00471	0.00314	0.00236	0.00079	0.00393	0.00196	0.00157	0.00471
47	0.00622	0.00325	0.00467	0.00467	0.00467	0.00325	0.00304	0.00487	0.00487	0.00649	0.00716	0.01310	0.00743	0.14205	0.01501	0.75912	0.00325	0.00351	0.00169	0.00169
48	0.00523	0.00383	0.00547	0.00553	0.00605	0.00430	0.00412	0.00627	0.00591	0.00837	0.01094	0.06999	0.01104	0.17503	0.64257	0.00515	0.00815	0.01686	0.00212	0.00308
49	0.00538	0.00394	0.00506	0.00475	0.00567	0.00373	0.00357	0.00751	0.04847	0.01476	0.80800	0.02681	0.03358	0.00739	0.00430	0.00116	0.00179	0.00653	0.00403	0.00357
50	0.89687	0.00710	0.00540	0.00483	0.00710	0.00824	0.00398	0.01080	0.00625	0.01648	0.00511	0.00597	0.00398	0.00341	0.00227	0.00114	0.00284	0.00199	0.00227	0.00398
51	0.00909	0.00873	0.01491	0.02254	0.84801	0.00873	0.01127	0.01127	0.00836	0.01200	0.00691	0.00909	0.00582	0.00327	0.00364	0.00109	0.00436	0.00327	0.00182	0.00582
52	0.10796	0.00974	0.01029	0.00796	0.01083	0.01074	0.00658	0.70495	0.01574	0.06605	0.00872	0.00871	0.00615	0.00431	0.00353	0.00111	0.00387	0.00319	0.00357	0.00601
53	0.00525	0.00374	0.00439	0.00428	0.00529	0.00334	0.00319	0.00657	0.00914	0.03517	0.38369	0.10015	0.33862	0.00820	0.00421	0.00119	0.00185	0.00706	0.07131	0.00336
54	0.10384	0.00699	0.00862	0.00667	0.00947	0.00665	0.00551	0.14923	0.01118	0.63383	0.01264	0.01125	0.00812	0.00441	0.00355	0.00113	0.00324	0.00346	0.00418	0.00602
55	0.00641	0.00482	0.00554	0.00497	0.00626	0.00468	0.00381	0.14419	0.01077	0.01445	0.43916	0.02656	0.26898	0.03733	0.00472	0.00125	0.00222	0.00637	0.00373	0.00378
56	0.00965	0.00713	0.00778	0.00689	0.00892	0.00792	0.00539	0.01776	0.62942	0.12186	0.04582	0.01467	0.03550	0.00510	0.00370	0.00120	0.00279	0.00424	0.05869	0.00556
57	0.00583	0.00631	0.11688	0.00655	0.03813	0.00484	0.00540	0.03132	0.07988	0.01138	0.09609	0.32631	0.18269	0.00849	0.00431	0.00133	0.00276	0.06445	0.00320	0.00384
58	0.00463	0.00342	0.00421	0.00475	0.00521	0.00315	0.00326	0.00534	0.00728	0.00942	0.03872	0.52470	0.20823	0.11002	0.00624	0.00168	0.00229	0.05122	0.00328	0.00295
59	0.02032	0.08457	0.16411	0.14264	0.21328	0.04821	0.13424	0.01165	0.02410	0.06935	0.01652	0.00979	0.02643	0.00371	0.00372	0.00113	0.01578	0.00335	0.00202	0.00508

[dist]
# distance from previous block
# <min> <max>
0	17

[block]
# block no. 3 follows, 75 sequences, length 15
# corresponding to MSA columns:
# 522-536
name=unknown_D
#
# <colnr> <probs for GDERKNQSTAVLIFYWHMCP>
#	G	D	E	R	K	N	Q	S	T	A	V	L	I	F	Y	W	H	M	C	P
0	0.03844	0.02010	0.00864	0.19290	0.04053	0.02663	0.02189	0.08913	0.06204	0.06445	0.01146	0.12845	0.03926	0.03323	0.08793	0.00174	0.04183	0.02143	0.02163	0.04829
1	0.00860	0.00834	0.06938	0.04721	0.08944	0.04888	0.05596	0.03377	0.03092	0.05283	0.02988	0.01013	0.00706	0.00354	0.00326	0.00085	0.00363	0.03257	0.00233	0.46140
2	0.00449	0.00355	0.00406	0.00438	0.00522	0.00312	0.00317	0.00539	0.00801	0.01003	0.07524	0.33213	0.47771	0.01002	0.00449	0.00134	0.00201	0.03909	0.00344	0.00309
3	0.01304	0.05007	0.10056	0.00687	0.00970	0.00600	0.03603	0.01487	0.00981	0.54380	0.10419	0.01328	0.01110	0.00462	0.00363	0.00111	0.00329	0.00383	0.05866	0.00556
4	0.00463	0.00360	0.00422	0.00434	0.00521	0.00318	0.00315	0.00574	0.00866	0.01125	0.27970	0.23680	0.39778	0.00929	0.00442	0.00128	0.00189	0.00807	0.00360	0.00318
5	0.00485	0.00345	0.00452	0.00523	0.00557	0.00329	0.00370	0.00561	0.00712	0.00940	0.01958	0.57584	0.05177	0.12267	0.00656	0.00179	0.00254	0.16030	0.00325	0.00296
6	0.01372	0.01750	0.01041	0.00946	0.01135	0.85618	0.00710	0.01467	0.01041	0.00899	0.00568	0.00662	0.00473	0.00378	0.00331	0.00095	0.00662	0.00237	0.00189	0.00426
7	0.01339	0.00949	0.01032	0.00810	0.01088	0.01043	0.00663	0.61901	0.15543	0.10202	0.01040	0.01000	0.00736	0.00452	0.00369	0.00113	0.00376	0.00349	0.00377	0.00617
8	0.00804	0.00804	0.01125	0.00964	0.00964	0.01125	0.00804	0.00884	0.00562	0.00884	0.00482	0.00804	0.00482	0.00643	0.01205	0.00161	0.86420	0.00321	0.00161	0.00402
9	0.00574	0.00410	0.00572	0.00657	0.00733	0.00408	0.00562	0.00731	0.00828	0.01080	0.01954	0.14092	0.02152	0.01031	0.00503	0.00167	0.00323	0.72551	0.00339	0.00333
10	0.00804	0.00804	0.01125	0.00964	0.00964	0.01125	0.00804	0.00884	0.00562	0.00884	0.00482	0.00804	0.00482	0.00643	0.01205	0.00161	0.86420	0.00321	0.00161	0.00402
11	0.07897	0.00631	0.00830	0.00641	0.00921	0.00560	0.00530	0.01739	0.01021	0.79136	0.01382	0.01204	0.00873	0.00447	0.00359	0.00114	0.00311	0.00357	0.00438	0.00609
12	0.00762	0.00653	0.00762	0.00544	0.00870	0.00490	0.00435	0.00925	0.00762	0.01197	0.00653	0.00762	0.00544	0.00272	0.00272	0.00054	0.00272	0.00218	0.00218	0.89338
13	0.00525	0.00394	0.00590	0.00590	0.00656	0.00459	0.00459	0.00656	0.00590	0.00853	0.00984	0.01443	0.00918	0.02755	0.85637	0.00590	0.00984	0.00394	0.00197	0.00328
14	0.27852	0.00728	0.00820	0.00681	0.03242	0.00738	0.00541	0.15799	0.01036	0.43426	0.01049	0.00981	0.00698	0.00415	0.00326	0.00113	0.00323	0.00311	0.00364	0.00556

[dist]
# distance from previous block
# <min> <max>
1	4

[block]
# block no. 4 follows, 75 sequences, length 24
# corresponding to MSA columns:
# 541-564
name=unknown_E
#
# <colnr> <probs for GDERKNQSTAVLIFYWHMCP>
#	G	D	E	R	K	N	Q	S	T	A	V	L	I	F	Y	W	H	M	C	P
0	0.84427	0.00716	0.00574	0.00511	0.00725	0.00842	0.00422	0.01068	0.00621	0.01603	0.00510	0.00609	0.00403	0.00359	0.00285	0.00116	0.05381	0.00206	0.00223	0.00398
1	0.00957	0.64492	0.04270	0.00655	0.00948	0.01267	0.00633	0.08727	0.00822	0.01018	0.00605	0.00720	0.00536	0.00589	0.09453	0.00137	0.00458	0.00233	0.00183	0.03297
2	0.01509	0.02155	0.02762	0.00754	0.01024	0.12329	0.03779	0.04107	0.01033	0.61289	0.01213	0.01110	0.00794	0.00441	0.00398	0.00113	0.03884	0.00346	0.00382	0.00579
3	0.01547	0.00891	0.00939	0.00743	0.01015	0.13705	0.00603	0.20741	0.01207	0.52949	0.01182	0.01075	0.00776	0.00440	0.00363	0.00110	0.00387	0.00340	0.00394	0.00594
4	0.00525	0.00394	0.00590	0.00590	0.00656	0.00459	0.00459	0.00656	0.00590	0.00853	0.00984	0.01443	0.00918	0.02755	0.85637	0.00590	0.00984	0.00394	0.00197	0.00328
5	0.00897	0.02574	0.14057	0.00795	0.04177	0.00744	0.00683	0.17899	0.11002	0.08594	0.04362	0.18814	0.01182	0.00809	0.08361	0.00167	0.03594	0.00497	0.00303	0.00488
6	0.00786	0.00427	0.00449	0.00423	0.00540	0.00439	0.00324	0.01081	0.12853	0.07320	0.01259	0.01361	0.00965	0.00440	0.00282	0.00093	0.00198	0.00355	0.70008	0.00397
7	0.00808	0.00790	0.01094	0.00938	0.00951	0.01089	0.00780	0.03502	0.00614	0.00946	0.03021	0.00877	0.00585	0.00683	0.02876	0.00167	0.79366	0.00333	0.00175	0.00406
8	0.00694	0.00653	0.01102	0.86210	0.02530	0.00816	0.01020	0.00938	0.00734	0.00938	0.00653	0.00979	0.00490	0.00367	0.00367	0.00122	0.00490	0.00326	0.00163	0.00408
9	0.01267	0.00748	0.00874	0.00708	0.00954	0.00775	0.00572	0.23340	0.23032	0.32256	0.10270	0.01345	0.01165	0.00494	0.00377	0.00116	0.00316	0.00403	0.00405	0.00583
10	0.00790	0.00417	0.00444	0.00409	0.00524	0.00419	0.00315	0.07535	0.00882	0.06594	0.06557	0.01411	0.01076	0.00451	0.00284	0.00091	0.00199	0.00364	0.70854	0.00383
11	0.00867	0.00991	0.02167	0.01548	0.01920	0.00929	0.83467	0.01176	0.00867	0.01176	0.00743	0.00991	0.00557	0.00310	0.00433	0.00124	0.00619	0.00433	0.00186	0.00495
12	0.01574	0.00621	0.00838	0.00647	0.00920	0.00545	0.00533	0.03994	0.01069	0.77815	0.06354	0.01328	0.01053	0.00472	0.00373	0.00114	0.00307	0.00386	0.00449	0.00609
13	0.00626	0.00325	0.00483	0.00483	0.00487	0.00330	0.00324	0.00493	0.00488	0.00655	0.00682	0.01191	0.00685	0.04865	0.07100	0.79746	0.00365	0.00333	0.00165	0.00173
14	0.00930	0.64869	0.16276	0.00746	0.01092	0.01306	0.03899	0.01136	0.03381	0.00949	0.00576	0.00665	0.00494	0.00332	0.00286	0.00090	0.02093	0.00228	0.00165	0.00487
15	0.00494	0.00360	0.00415	0.00438	0.00487	0.00338	0.00295	0.00549	0.00684	0.00873	0.02149	0.18640	0.26232	0.37691	0.01059	0.00232	0.00278	0.08226	0.00290	0.00273
16	0.01350	0.00797	0.00914	0.00732	0.00983	0.04037	0.00595	0.31304	0.07579	0.35064	0.01172	0.02464	0.00830	0.00709	0.09555	0.00164	0.00428	0.00367	0.00377	0.00577
17	0.00881	0.00854	0.02456	0.18124	0.47471	0.02234	0.04264	0.05785	0.02241	0.01188	0.02338	0.00952	0.00618	0.00383	0.00448	0.00117	0.08593	0.00337	0.00194	0.00523
18	0.00617	0.00465	0.00601	0.00629	0.00702	0.00421	0.03568	0.00678	0.00846	0.01125	0.07856	0.52458	0.14858	0.03585	0.00556	0.00173	0.00285	0.09820	0.00376	0.00381
19	0.00978	0.00490	0.00632	0.00537	0.00711	0.00438	0.00423	0.03310	0.01022	0.34734	0.34657	0.04866	0.14339	0.00664	0.00407	0.00117	0.00238	0.00566	0.00412	0.00458
20	0.01054	0.01151	0.05013	0.11682	0.23832	0.25367	0.09751	0.05567	0.08019	0.03916	0.00758	0.00898	0.00590	0.00371	0.00363	0.00110	0.00514	0.00319	0.00216	0.00508
21	0.00690	0.01964	0.05042	0.10383	0.04372	0.01770	0.01962	0.02913	0.08787	0.05359	0.04603	0.31248	0.03481	0.05884	0.00509	0.00148	0.00324	0.09862	0.00302	0.00396
22	0.00779	0.00504	0.00648	0.00649	0.00743	0.00489	0.00478	0.02977	0.00828	0.10807	0.01765	0.32788	0.06905	0.03958	0.28521	0.00316	0.00538	0.05540	0.00344	0.00423
23	0.00978	0.00860	0.01338	0.14800	0.28823	0.03558	0.14379	0.13756	0.04707	0.06300	0.04016	0.01116	0.00759	0.00399	0.00382	0.00116	0.00450	0.02488	0.00245	0.00529

[dist]
# distance from previous block
# <min> <max>
0	1

[block]
# block no. 5 follows, 75 sequences, length 24
# corresponding to MSA columns:
# 566-589
name=unknown_F
#
# <colnr> <probs for GDERKNQSTAVLIFYWHMCP>
#	G	D	E	R	K	N	Q	S	T	A	V	L	I	F	Y	W	H	M	C	P
0	0.00946	0.11907	0.15690	0.05709	0.36985	0.00898	0.03913	0.05463	0.00870	0.08722	0.00805	0.05042	0.00664	0.00388	0.00353	0.00110	0.00435	0.00344	0.00215	0.00542
1	0.01336	0.00662	0.00840	0.04137	0.00982	0.00622	0.00553	0.11324	0.05915	0.49272	0.01293	0.01282	0.01823	0.00455	0.00358	0.00108	0.00317	0.03252	0.05013	0.10454
2	0.76717	0.00747	0.00661	0.01712	0.00819	0.02652	0.04950	0.02657	0.02250	0.01594	0.00581	0.02276	0.00466	0.00361	0.00253	0.00115	0.00314	0.00237	0.00231	0.00410
3	0.00677	0.00538	0.00749	0.05367	0.02759	0.03283	0.00569	0.00806	0.00639	0.05646	0.00896	0.01282	0.00809	0.03108	0.57176	0.00441	0.14310	0.00372	0.00204	0.00368
4	0.01358	0.00615	0.00816	0.02610	0.00921	0.00580	0.00539	0.08961	0.01039	0.57309	0.05156	0.11912	0.01164	0.00593	0.01733	0.00127	0.03139	0.00461	0.00410	0.00555
5	0.00582	0.00405	0.00518	0.00480	0.00582	0.00380	0.00363	0.00792	0.04979	0.04866	0.74622	0.02643	0.05911	0.00733	0.00428	0.00116	0.00185	0.00644	0.00403	0.00368
6	0.00492	0.00376	0.00448	0.00437	0.00535	0.00337	0.00330	0.00628	0.00934	0.01243	0.46436	0.03108	0.34129	0.03902	0.00489	0.00130	0.00194	0.05154	0.00370	0.00328
7	0.00666	0.00491	0.00760	0.00648	0.00798	0.00443	0.13822	0.00815	0.00893	0.10529	0.24716	0.20103	0.22280	0.00774	0.00434	0.00126	0.00273	0.00700	0.00346	0.00383
8	0.00558	0.00412	0.00521	0.00491	0.00586	0.00396	0.00368	0.02125	0.06817	0.01462	0.72952	0.07203	0.03199	0.00750	0.00430	0.00118	0.00187	0.00662	0.00398	0.00365
9	0.89687	0.00710	0.00540	0.00483	0.00710	0.00824	0.00398	0.01080	0.00625	0.01648	0.00511	0.00597	0.00398	0.00341	0.00227	0.00114	0.00284	0.00199	0.00227	0.00398
10	0.00982	0.87313	0.01925	0.00628	0.00943	0.01453	0.00628	0.01100	0.00746	0.00864	0.00511	0.00589	0.00471	0.00314	0.00236	0.00079	0.00393	0.00196	0.00157	0.00471
11	0.00460	0.00326	0.00430	0.00509	0.00531	0.00307	0.00341	0.00523	0.00696	0.00927	0.01955	0.77290	0.02334	0.07688	0.00577	0.00166	0.00229	0.04085	0.00332	0.00294
12	0.01372	0.01750	0.01041	0.00946	0.01135	0.85618	0.00710	0.01467	0.01041	0.00899	0.00568	0.00662	0.00473	0.00378	0.00331	0.00095	0.00662	0.00237	0.00189	0.00426
13	0.01370	0.01003	0.01074	0.00826	0.01113	0.01110	0.00682	0.80519	0.01691	0.02280	0.00893	0.00900	0.00636	0.00440	0.00363	0.00109	0.00396	0.00331	0.03648	0.00614
14	0.00777	0.00728	0.01191	0.47728	0.30530	0.00825	0.00998	0.01070	0.07086	0.01093	0.03911	0.01052	0.00682	0.00378	0.00369	0.00118	0.00444	0.00346	0.00195	0.00478
15	0.00785	0.00652	0.00764	0.00547	0.00872	0.00491	0.00438	0.00948	0.00769	0.03425	0.00674	0.00775	0.00554	0.00277	0.00275	0.00056	0.00273	0.00222	0.00224	0.86981
16	0.65812	0.08703	0.04392	0.00569	0.00820	0.06574	0.00496	0.03741	0.00721	0.04609	0.00568	0.00641	0.00438	0.00349	0.00250	0.00109	0.00335	0.00215	0.00228	0.00428
17	0.01318	0.00985	0.01055	0.00826	0.01104	0.01095	0.00677	0.71936	0.11771	0.02192	0.00980	0.02672	0.00722	0.00462	0.00370	0.00113	0.00386	0.00355	0.00368	0.00613
18	0.00447	0.00322	0.00423	0.00504	0.00531	0.00299	0.00338	0.00512	0.00710	0.00940	0.02113	0.82496	0.06728	0.01139	0.00467	0.00148	0.00212	0.01030	0.00341	0.00299
19	0.00778	0.00674	0.00811	0.00610	0.00909	0.00563	0.02861	0.01053	0.11133	0.01230	0.00803	0.00965	0.00671	0.00334	0.00314	0.00071	0.01749	0.03168	0.00239	0.71063
20	0.00674	0.00613	0.00821	0.00748	0.00784	0.03530	0.00597	0.00771	0.00588	0.00856	0.00767	0.01219	0.00749	0.08696	0.39365	0.00369	0.37946	0.00369	0.00183	0.00354
21	0.00922	0.03968	0.03087	0.24802	0.37395	0.07933	0.08660	0.02457	0.01725	0.04527	0.00710	0.00919	0.00559	0.00350	0.00364	0.00112	0.00480	0.00326	0.00192	0.00511
22	0.00466	0.00341	0.00408	0.00452	0.00491	0.00316	0.00297	0.00521	0.00691	0.00893	0.02187	0.46727	0.20685	0.22824	0.00815	0.00196	0.00243	0.00855	0.00311	0.00282
23	0.00493	0.00348	0.00429	0.00476	0.00505	0.00333	0.00318	0.00547	0.00669	0.00878	0.01854	0.40160	0.09392	0.32279	0.00977	0.00224	0.00275	0.09269	0.00298	0.00276

[dist]
# distance from previous block
# <min> <max>
0	1

[block]
# block no. 6 follows, 75 sequences, length 11
# corresponding to MSA columns:
# 591-601
name=unknown_G
#
# <colnr> <probs for GDERKNQSTAVLIFYWHMCP>
#	G	D	E	R	K	N	Q	S	T	A	V	L	I	F	Y	W	H	M	C	P
0	0.00824	0.01880	0.03483	0.10477	0.13775	0.03113	0.16638	0.06560	0.01777	0.05976	0.07667	0.06956	0.10192	0.01624	0.02953	0.00138	0.02752	0.02501	0.00259	0.00456
1	0.00677	0.06194	0.41776	0.08073	0.01294	0.00726	0.02578	0.00993	0.03639	0.01120	0.06126	0.03805	0.14007	0.00539	0.00380	0.00121	0.00421	0.06846	0.00226	0.00458
2	0.24126	0.00715	0.00761	0.00636	0.00874	0.00763	0.00514	0.09605	0.23726	0.27773	0.01149	0.01085	0.00809	0.00434	0.00327	0.00115	0.00300	0.00333	0.05416	0.00538
3	0.49107	0.02687	0.02465	0.06197	0.03055	0.03282	0.01856	0.01148	0.02620	0.12051	0.00840	0.04546	0.00696	0.00435	0.00297	0.00117	0.00326	0.04960	0.02881	0.00434
4	0.00470	0.00347	0.00489	0.00541	0.00576	0.00326	0.03316	0.00542	0.00711	0.00951	0.04623	0.76480	0.02337	0.05740	0.00542	0.00158	0.00234	0.00982	0.00331	0.00303
5	0.13216	0.00822	0.04746	0.00852	0.06925	0.05576	0.08883	0.14735	0.08160	0.05334	0.19094	0.01514	0.05631	0.00510	0.00373	0.00116	0.00356	0.02377	0.00307	0.00475
6	0.00924	0.76278	0.01755	0.00624	0.00906	0.01327	0.00607	0.01043	0.00726	0.00863	0.00571	0.00698	0.00528	0.00624	0.11079	0.00144	0.00468	0.00221	0.00162	0.00453
7	0.01351	0.00988	0.01215	0.00917	0.01220	0.01059	0.11193	0.65861	0.01558	0.09508	0.00914	0.00928	0.00641	0.00425	0.00376	0.00112	0.00423	0.00347	0.00352	0.00608
8	0.00726	0.00412	0.00552	0.00519	0.00556	0.00426	0.00360	0.11033	0.00641	0.00856	0.00708	0.01184	0.00689	0.07672	0.01333	0.71248	0.00333	0.00337	0.00191	0.00223
9	0.00714	0.05189	0.43801	0.00839	0.01182	0.05302	0.03487	0.01031	0.03187	0.01212	0.22863	0.07219	0.01412	0.00513	0.00377	0.00116	0.00418	0.00432	0.00242	0.00464
10	0.00910	0.05761	0.02527	0.00967	0.05896	0.00809	0.21096	0.20093	0.06219	0.04418	0.09902	0.13475	0.05166	0.00554	0.00401	0.00120	0.00389	0.00511	0.00299	0.00487

[dist]
# distance from previous block
# <min> <max>
7	42

[block]
# block no. 7 follows, 75 sequences, length 28
# corresponding to MSA columns:
# 644-671
name=unknown_H
#
# <colnr> <probs for GDERKNQSTAVLIFYWHMCP>
#	G	D	E	R	K	N	Q	S	T	A	V	L	I	F	Y	W	H	M	C	P
0	0.00874	0.12880	0.19456	0.03252	0.07852	0.05310	0.11278	0.01141	0.05164	0.07750	0.04434	0.05664	0.02913	0.00575	0.05113	0.00140	0.04213	0.00380	0.00227	0.01385
1	0.00499	0.00380	0.00427	0.00426	0.00538	0.00326	0.00314	0.00600	0.00840	0.03855	0.13190	0.20004	0.52412	0.00914	0.00433	0.00125	0.00197	0.00783	0.00348	0.03389
2	0.06269	0.00776	0.02530	0.03096	0.14105	0.00751	0.00678	0.19064	0.03189	0.41422	0.01191	0.01137	0.03221	0.00436	0.00362	0.00113	0.00354	0.00355	0.00363	0.00588
3	0.03218	0.00917	0.09467	0.10126	0.20289	0.04092	0.10006	0.09165	0.06137	0.10064	0.03893	0.03715	0.00816	0.00428	0.00383	0.00116	0.01610	0.01717	0.03325	0.00516
4	0.00516	0.00370	0.00503	0.00582	0.00637	0.00357	0.00455	0.00632	0.00782	0.01027	0.04102	0.43743	0.05055	0.01070	0.00485	0.00157	0.00269	0.38599	0.00341	0.00318
5	0.02428	0.13697	0.04878	0.02042	0.04248	0.05515	0.05398	0.37771	0.11623	0.01663	0.00881	0.03549	0.00692	0.00424	0.00347	0.00107	0.00410	0.00336	0.00291	0.03702
6	0.00819	0.00636	0.00750	0.00554	0.00857	0.00495	0.00441	0.01001	0.03175	0.07563	0.00804	0.04446	0.00674	0.00332	0.00290	0.00065	0.00272	0.00272	0.01673	0.74882
7	0.00723	0.01826	0.23489	0.02635	0.04207	0.02227	0.06426	0.04889	0.00827	0.04024	0.04540	0.19548	0.08469	0.00696	0.01593	0.02343	0.04507	0.05239	0.00257	0.01537
8	0.00830	0.33586	0.33599	0.04624	0.03807	0.02640	0.06907	0.01084	0.00770	0.01021	0.00716	0.07513	0.00634	0.00397	0.00323	0.00105	0.00463	0.00319	0.00174	0.00486
9	0.00867	0.00991	0.02167	0.01548	0.01920	0.00929	0.83467	0.01176	0.00867	0.01176	0.00743	0.00991	0.00557	0.00310	0.00433	0.00124	0.00619	0.00433	0.00186	0.00495
10	0.00447	0.00365	0.00395	0.00404	0.00508	0.00313	0.00297	0.00545	0.00842	0.01043	0.13477	0.16002	0.62203	0.00941	0.00439	0.00127	0.00189	0.00802	0.00349	0.00313
11	0.00789	0.04049	0.13718	0.03925	0.18083	0.02103	0.01885	0.05833	0.06390	0.04814	0.04530	0.18496	0.08505	0.00610	0.00420	0.00123	0.03392	0.01599	0.00268	0.00467
12	0.00652	0.00635	0.05384	0.06706	0.15172	0.01840	0.02868	0.01879	0.03372	0.01068	0.09606	0.13978	0.07594	0.02158	0.21172	0.00241	0.04503	0.00519	0.00248	0.00404
13	0.52576	0.00658	0.00649	0.00547	0.00784	0.00691	0.00447	0.01310	0.00786	0.32254	0.00937	0.05443	0.00694	0.00426	0.00292	0.00116	0.00291	0.00307	0.00317	0.00476
14	0.64623	0.00622	0.00512	0.00460	0.00658	0.00699	0.00373	0.01067	0.00681	0.06110	0.00719	0.00808	0.00549	0.00367	0.00242	0.00107	0.00260	0.00241	0.20504	0.00397
15	0.00764	0.00604	0.00669	0.00610	0.00769	0.00655	0.00470	0.01398	0.45889	0.03702	0.28031	0.01955	0.07704	0.00604	0.00391	0.00120	0.00241	0.00515	0.04431	0.00478
16	0.00914	0.00789	0.00830	0.00747	0.00955	0.00914	0.00581	0.01952	0.84138	0.01536	0.01495	0.01370	0.01121	0.00498	0.00374	0.00125	0.00291	0.00415	0.00374	0.00581
17	0.00695	0.00359	0.00365	0.00358	0.00449	0.00361	0.00270	0.02771	0.00802	0.01395	0.04128	0.01406	0.01023	0.00440	0.00266	0.00087	0.00177	0.00353	0.83945	0.00349
18	0.01075	0.66910	0.01714	0.00704	0.00989	0.21523	0.00648	0.01187	0.00817	0.00872	0.00524	0.00607	0.00472	0.00330	0.00258	0.00082	0.00457	0.00206	0.00165	0.00460
19	0.01383	0.01048	0.01093	0.00846	0.01134	0.04109	0.00696	0.78686	0.03721	0.02246	0.00886	0.00886	0.00631	0.00440	0.00366	0.00110	0.00410	0.00329	0.00361	0.00617
20	0.00729	0.00692	0.01005	0.14872	0.03839	0.03679	0.15760	0.01123	0.21355	0.01170	0.05987	0.11484	0.14346	0.01773	0.00426	0.00128	0.00370	0.00539	0.00283	0.00439
21	0.00456	0.00326	0.00431	0.00512	0.00537	0.00306	0.00346	0.00523	0.00706	0.00938	0.02026	0.78592	0.04100	0.04109	0.00518	0.00157	0.00223	0.04558	0.00337	0.00298
22	0.01372	0.01750	0.01041	0.00946	0.01135	0.85618	0.00710	0.01467	0.01041	0.00899	0.00568	0.00662	0.00473	0.00378	0.00331	0.00095	0.00662	0.00237	0.00189	0.00426
23	0.00943	0.00803	0.00847	0.00753	0.00966	0.00927	0.00588	0.06867	0.79175	0.01583	0.01458	0.01341	0.01091	0.00495	0.00373	0.00124	0.00298	0.00410	0.00373	0.00584
24	0.00630	0.00324	0.00486	0.00486	0.00490	0.00328	0.00328	0.00490	0.00486	0.00652	0.00661	0.01138	0.00657	0.01375	0.07067	0.83380	0.00363	0.00324	0.00162	0.00171
25	0.00722	0.00657	0.01096	0.81094	0.02435	0.00820	0.01000	0.00958	0.00736	0.03071	0.00667	0.00980	0.00500	0.00379	0.00396	0.00124	0.03453	0.00327	0.00171	0.00413
26	0.01291	0.00774	0.03760	0.04018	0.05759	0.00715	0.07702	0.16671	0.03133	0.40498	0.03106	0.04788	0.00890	0.00455	0.00375	0.00113	0.00367	0.00390	0.00361	0.04836
27	0.00983	0.17777	0.04614	0.01038	0.12861	0.16064	0.04008	0.08924	0.05048	0.01135	0.00792	0.01122	0.00706	0.00572	0.04607	0.00138	0.11337	0.07583	0.00216	0.00475

[dist]
# distance from previous block
# <min> <max>
0	1

[block]
# block no. 8 follows, 75 sequences, length 15
# corresponding to MSA columns:
# 673-687
name=unknown_I
#
# <colnr> <probs for GDERKNQSTAVLIFYWHMCP>
#	G	D	E	R	K	N	Q	S	T	A	V	L	I	F	Y	W	H	M	C	P
0	0.00694	0.00588	0.00920	0.53878	0.05436	0.00695	0.00808	0.04517	0.00776	0.01058	0.00916	0.11711	0.00815	0.00584	0.04335	0.00142	0.00434	0.00421	0.10873	0.00400
1	0.12314	0.08524	0.08505	0.14143	0.05467	0.01826	0.14371	0.05389	0.00848	0.12516	0.00771	0.01941	0.00582	0.00367	0.00355	0.00109	0.02075	0.00314	0.00232	0.09350
2	0.00689	0.00576	0.00709	0.02944	0.04717	0.00502	0.00470	0.00878	0.04943	0.02377	0.07167	0.10131	0.13008	0.00537	0.00376	0.00093	0.03080	0.02356	0.00270	0.44177
3	0.02042	0.23556	0.11225	0.02670	0.03670	0.04499	0.11462	0.08486	0.09466	0.01133	0.00720	0.00875	0.00589	0.00502	0.00530	0.12212	0.05395	0.00303	0.00205	0.00461
4	0.00819	0.10449	0.58526	0.06997	0.05710	0.00936	0.03112	0.07163	0.00844	0.01203	0.00663	0.00790	0.00487	0.00351	0.00343	0.00112	0.00510	0.00278	0.00173	0.00533
5	0.01648	0.00625	0.00852	0.00653	0.00938	0.00540	0.00540	0.01790	0.01051	0.85056	0.01449	0.01250	0.00909	0.00455	0.00369	0.00114	0.00313	0.00369	0.00455	0.00625
6	0.00788	0.00454	0.00606	0.00654	0.10535	0.00445	0.04170	0.00951	0.00788	0.07419	0.01107	0.01276	0.00863	0.00456	0.00346	0.04668	0.00241	0.00345	0.63498	0.00389
7	0.00694	0.00653	0.01102	0.86210	0.02530	0.00816	0.01020	0.00938	0.00734	0.00938	0.00653	0.00979	0.00490	0.00367	0.00367	0.00122	0.00490	0.00326	0.00163	0.00408
8	0.00447	0.00320	0.00426	0.00511	0.00533	0.00298	0.00341	0.00511	0.00703	0.00938	0.02024	0.86853	0.02429	0.01151	0.00469	0.00149	0.00213	0.01044	0.00341	0.00298
9	0.00982	0.87313	0.01925	0.00628	0.00943	0.01453	0.00628	0.01100	0.00746	0.00864	0.00511	0.00589	0.00471	0.00314	0.00236	0.00079	0.00393	0.00196	0.00157	0.00471
10	0.00534	0.00403	0.00592	0.00587	0.00646	0.00471	0.00452	0.00654	0.00585	0.00843	0.00982	0.01494	0.00936	0.08857	0.77030	0.00561	0.03452	0.00402	0.00198	0.00322
