[name]
unknown

[dist]
# distance from previous block
# <min> <max>
0	142

[block]
# block no. 0 follows, 66 sequences, length 6
# corresponding to MSA columns:
# 496-501
name=unknown_A
#
# <colnr> <probs for GDERKNQSTAVLIFYWHMCP>
#	G	D	E	R	K	N	Q	S	T	A	V	L	I	F	Y	W	H	M	C	P
0	0.09350	0.01089	0.12933	0.06795	0.15336	0.05231	0.06035	0.04351	0.02624	0.07058	0.00841	0.01142	0.00694	0.00502	0.00593	0.00139	0.18463	0.04513	0.00239	0.02072
1	0.00569	0.00417	0.00545	0.00545	0.00601	0.00444	0.00387	0.00657	0.00669	0.00909	0.01580	0.02292	0.12721	0.31805	0.43536	0.00489	0.00719	0.00549	0.00250	0.00319
2	0.04549	0.00961	0.01069	0.00867	0.01111	0.01077	0.00702	0.53257	0.04917	0.05216	0.01146	0.12885	0.00981	0.00618	0.00505	0.00134	0.08547	0.00475	0.00378	0.00604
3	0.06764	0.00802	0.00857	0.00771	0.00982	0.00920	0.00604	0.07192	0.56544	0.01631	0.01562	0.01537	0.04700	0.00906	0.12188	0.00208	0.00432	0.00451	0.00373	0.00579
4	0.02399	0.03320	0.01316	0.03333	0.11733	0.03568	0.14403	0.22264	0.09017	0.02891	0.01057	0.01345	0.02215	0.06925	0.06470	0.01701	0.02815	0.02387	0.00291	0.00549
5	0.01108	0.00771	0.00969	0.11175	0.01217	0.00831	0.02475	0.21314	0.12349	0.14079	0.04077	0.13192	0.01223	0.06256	0.00570	0.00151	0.03775	0.00520	0.00361	0.03586

[dist]
# distance from previous block
# <min> <max>
5	48

[block]
# block no. 1 follows, 66 sequences, length 15
# corresponding to MSA columns:
# 550-564
name=unknown_B
#
# <colnr> <probs for GDERKNQSTAVLIFYWHMCP>
#	G	D	E	R	K	N	Q	S	T	A	V	L	I	F	Y	W	H	M	C	P
0	0.13642	0.07799	0.05327	0.07543	0.02505	0.04178	0.08877	0.01932	0.04178	0.02214	0.08318	0.03411	0.02456	0.14578	0.01623	0.00177	0.07555	0.00433	0.00254	0.03000
1	0.00930	0.04536	0.36871	0.04354	0.17467	0.00938	0.10819	0.02395	0.04611	0.05273	0.03597	0.01102	0.02338	0.00419	0.00414	0.00127	0.01529	0.00371	0.00226	0.01685
2	0.02536	0.06132	0.00903	0.03266	0.12876	0.00665	0.00673	0.08532	0.00958	0.01290	0.01689	0.29547	0.01840	0.00914	0.00479	0.00155	0.00359	0.26413	0.00332	0.00442
3	0.06721	0.16848	0.11042	0.11316	0.05008	0.02613	0.13256	0.13754	0.08345	0.01454	0.00897	0.02130	0.00728	0.00445	0.00385	0.00124	0.00491	0.03634	0.00254	0.00553
4	0.06848	0.00981	0.03008	0.00976	0.01293	0.00990	0.16017	0.37125	0.03213	0.01868	0.00922	0.02279	0.00716	0.00679	0.08338	0.00167	0.00519	0.00378	0.00311	0.13372
5	0.01394	0.01196	0.13172	0.00922	0.01271	0.01105	0.00839	0.58724	0.01648	0.08511	0.06312	0.01122	0.00892	0.00496	0.00408	0.00123	0.00444	0.00383	0.00382	0.00657
6	0.01162	0.02837	0.33823	0.03423	0.07928	0.02875	0.02805	0.21777	0.01172	0.11782	0.00898	0.00967	0.00638	0.00418	0.00390	0.00121	0.00503	0.00334	0.00280	0.05868
7	0.00567	0.00419	0.00533	0.00518	0.00620	0.00385	0.00398	0.00744	0.01092	0.01503	0.62690	0.03320	0.16085	0.00889	0.00487	0.00135	0.00212	0.08600	0.00428	0.00376
8	0.00858	0.00776	0.01068	0.00763	0.01130	0.00612	0.12330	0.01062	0.00858	0.01319	0.00736	0.00878	0.00603	0.00307	0.00326	0.00071	0.00356	0.00275	0.00235	0.75436
9	0.01411	0.01057	0.01230	0.01137	0.13174	0.01153	0.00816	0.56462	0.11697	0.06100	0.01057	0.01064	0.00766	0.00477	0.00406	0.00124	0.00431	0.00378	0.00381	0.00677
10	0.06046	0.01181	0.13117	0.00913	0.01246	0.01121	0.00822	0.42771	0.24861	0.02084	0.01111	0.01095	0.00808	0.00484	0.00396	0.00128	0.00425	0.00375	0.00365	0.00649
11	0.00832	0.00814	0.01457	0.59508	0.15545	0.00930	0.12901	0.01108	0.00851	0.01121	0.00742	0.01071	0.00568	0.00389	0.00416	0.00133	0.00552	0.00378	0.00187	0.00495
12	0.00688	0.00424	0.00520	0.00531	0.00635	0.00376	0.00381	0.00781	0.00881	0.13081	0.04252	0.41526	0.28743	0.04530	0.00552	0.00159	0.00247	0.00916	0.00391	0.00384
13	0.10020	0.01009	0.06014	0.00964	0.01307	0.00958	0.13662	0.30991	0.01338	0.27993	0.01095	0.01085	0.00744	0.00452	0.00402	0.00126	0.00448	0.00379	0.00376	0.00638
14	0.00766	0.00721	0.01217	0.84767	0.02794	0.00901	0.01127	0.01037	0.00811	0.01037	0.00721	0.01082	0.00541	0.00406	0.00406	0.00135	0.00541	0.00361	0.00180	0.00451

[dist]
# distance from previous block
# <min> <max>
0	1

[block]
# block no. 2 follows, 66 sequences, length 26
# corresponding to MSA columns:
# 566-586,608-612
name=unknown_C
#
# <colnr> <probs for GDERKNQSTAVLIFYWHMCP>
#	G	D	E	R	K	N	Q	S	T	A	V	L	I	F	Y	W	H	M	C	P
0	0.00509	0.00374	0.00473	0.00546	0.00593	0.00346	0.00379	0.00590	0.00805	0.01047	0.02502	0.60886	0.16428	0.05636	0.00595	0.00174	0.00249	0.07167	0.00370	0.00331
1	0.00606	0.00586	0.10020	0.00542	0.00615	0.00452	0.00409	0.00670	0.00641	0.00873	0.01311	0.11052	0.01481	0.65409	0.03414	0.00344	0.00415	0.00612	0.00250	0.00298
2	0.00864	0.00850	0.01235	0.01062	0.01095	0.01142	0.05090	0.00978	0.00675	0.01021	0.00733	0.01323	0.00744	0.00738	0.01198	0.00176	0.70854	0.09578	0.00202	0.00441
3	0.00569	0.00430	0.00613	0.00613	0.00690	0.00482	0.00471	0.00701	0.00680	0.00952	0.01444	0.01915	0.10474	0.07099	0.70256	0.00579	0.00949	0.00491	0.00237	0.00354
4	0.78540	0.10585	0.00772	0.00552	0.00814	0.00990	0.00469	0.01195	0.00706	0.01721	0.00565	0.00658	0.00449	0.00373	0.00252	0.00121	0.00328	0.00219	0.00242	0.00449
5	0.05818	0.00965	0.01084	0.00868	0.01127	0.01078	0.02373	0.47051	0.12878	0.04621	0.10466	0.01278	0.01111	0.00544	0.00478	0.00129	0.06716	0.00416	0.00385	0.00614
6	0.00504	0.00362	0.00492	0.00575	0.00604	0.00350	0.00392	0.00583	0.00762	0.01025	0.02104	0.75828	0.02491	0.01475	0.10136	0.00221	0.00333	0.01071	0.00358	0.00333
7	0.01610	0.00646	0.00863	0.00677	0.00960	0.00557	0.00554	0.01762	0.01133	0.70325	0.05556	0.01746	0.10569	0.00577	0.00419	0.00127	0.00322	0.00474	0.00485	0.00637
8	0.01640	0.00775	0.00969	0.00765	0.01065	0.00748	0.00625	0.11199	0.16081	0.59261	0.01538	0.01358	0.01011	0.00509	0.00409	0.00127	0.00352	0.00412	0.00475	0.00682
9	0.55306	0.01075	0.00814	0.00705	0.00961	0.18125	0.00565	0.13906	0.00985	0.03386	0.00662	0.00738	0.00507	0.00405	0.00302	0.00121	0.00421	0.00255	0.00272	0.00490
10	0.00567	0.00419	0.00536	0.00544	0.00640	0.00388	0.00422	0.00733	0.01040	0.01412	0.47988	0.10646	0.16184	0.00955	0.00498	0.00144	0.00232	0.15870	0.00415	0.00370
11	0.83631	0.00805	0.00632	0.00556	0.00812	0.00930	0.00458	0.05804	0.00760	0.01862	0.00588	0.00677	0.00454	0.00383	0.00260	0.00125	0.00321	0.00228	0.00260	0.00454
12	0.00614	0.00409	0.00503	0.00526	0.00602	0.00375	0.00371	0.00705	0.00850	0.06570	0.10610	0.34197	0.20260	0.15630	0.00767	0.00193	0.00267	0.05832	0.00369	0.00350
13	0.27819	0.05182	0.04470	0.00844	0.01118	0.22696	0.00704	0.26896	0.01207	0.01749	0.00717	0.00793	0.00550	0.00432	0.00371	0.00119	0.03230	0.00284	0.00280	0.00537
14	0.01367	0.00604	0.00807	0.00666	0.00903	0.00540	0.00542	0.01564	0.03643	0.52553	0.22031	0.02090	0.03816	0.00643	0.00439	0.00131	0.00305	0.06302	0.00473	0.00581
15	0.01467	0.00607	0.00811	0.00665	0.00913	0.00527	0.00531	0.01604	0.01074	0.61620	0.01951	0.15789	0.09237	0.00683	0.00433	0.00133	0.00313	0.00577	0.00469	0.00596
16	0.04207	0.00943	0.05451	0.16733	0.09033	0.00958	0.04989	0.20204	0.15770	0.11950	0.03100	0.01262	0.00886	0.00479	0.00409	0.00130	0.00440	0.02126	0.00331	0.00597
17	0.02150	0.15572	0.26171	0.01327	0.04517	0.01114	0.33335	0.02999	0.00898	0.01251	0.00729	0.00924	0.00564	0.00385	0.00466	0.00128	0.06358	0.00364	0.00193	0.00556
18	0.65585	0.00863	0.00756	0.00664	0.02472	0.00986	0.00531	0.17565	0.04412	0.01955	0.00698	0.00766	0.00528	0.00406	0.00292	0.00125	0.00344	0.00262	0.00288	0.00503
19	0.00637	0.00409	0.00501	0.00521	0.00600	0.00371	0.00361	0.00719	0.00838	0.09022	0.06125	0.41023	0.22044	0.14015	0.00732	0.00187	0.00261	0.00904	0.00372	0.00357
20	0.02087	0.01117	0.02818	0.13368	0.32529	0.13112	0.03346	0.17391	0.06383	0.02682	0.00847	0.01004	0.00659	0.00415	0.00399	0.00122	0.00513	0.00355	0.00258	0.00595
21	0.00987	0.01053	0.10100	0.17410	0.13484	0.02045	0.20046	0.04901	0.00904	0.06469	0.00779	0.01020	0.00605	0.00455	0.00609	0.00140	0.17851	0.00383	0.00219	0.00541
22	0.00694	0.00454	0.00626	0.00630	0.00731	0.00457	0.00497	0.00865	0.02029	0.08291	0.22094	0.12691	0.03980	0.01568	0.25107	0.00299	0.00514	0.17716	0.00358	0.00398
23	0.10926	0.00789	0.00914	0.00731	0.01009	0.00796	0.00596	0.20737	0.08360	0.38377	0.07626	0.01456	0.04794	0.00538	0.00399	0.00126	0.00346	0.00427	0.00434	0.00620
24	0.04136	0.04805	0.01384	0.19540	0.28622	0.05335	0.04005	0.16013	0.07288	0.02732	0.00868	0.01957	0.00683	0.00423	0.00395	0.00124	0.00484	0.00367	0.00258	0.00582
25	0.62647	0.03796	0.00796	0.05028	0.00979	0.00992	0.00551	0.10301	0.05656	0.01792	0.00682	0.00775	0.00526	0.00413	0.00328	0.00127	0.03598	0.00263	0.00269	0.00483

[dist]
# distance from previous block
# <min> <max>
1	9

[block]
# block no. 3 follows, 66 sequences, length 38
# corresponding to MSA columns:
# 622-631,653,654,663-688
name=unknown_D
#
# <colnr> <probs for GDERKNQSTAVLIFYWHMCP>
#	G	D	E	R	K	N	Q	S	T	A	V	L	I	F	Y	W	H	M	C	P
0	0.01229	0.12220	0.04668	0.00927	0.01216	0.11012	0.04405	0.26923	0.25348	0.01719	0.01042	0.01058	0.00792	0.00474	0.00420	0.00122	0.03695	0.00361	0.00324	0.02042
1	0.04781	0.00474	0.00617	0.05614	0.00795	0.00484	0.00482	0.03300	0.00810	0.05297	0.04985	0.17087	0.04381	0.15337	0.03193	0.13952	0.00364	0.17392	0.00311	0.00346
2	0.13492	0.01013	0.06361	0.10021	0.51878	0.02806	0.04651	0.02726	0.00900	0.01380	0.00732	0.00951	0.00593	0.00372	0.00382	0.00124	0.00484	0.00340	0.00208	0.00585
3	0.07005	0.04193	0.02965	0.01000	0.05922	0.05711	0.02754	0.55209	0.01587	0.07046	0.00949	0.02160	0.00698	0.00470	0.00391	0.00121	0.00455	0.00360	0.00361	0.00643
4	0.00570	0.00391	0.00519	0.00592	0.00640	0.00370	0.00419	0.02049	0.00840	0.03437	0.05809	0.69533	0.02617	0.01200	0.00515	0.00164	0.00255	0.09345	0.00383	0.00353
5	0.00628	0.00429	0.00507	0.00509	0.00612	0.00388	0.00367	0.00757	0.02956	0.07529	0.14877	0.24724	0.32520	0.09385	0.00640	0.00168	0.00246	0.02003	0.00385	0.00371
6	0.00510	0.00365	0.00490	0.00583	0.00613	0.00345	0.00404	0.00592	0.00789	0.01050	0.02208	0.76815	0.02623	0.01289	0.01988	0.00175	0.00263	0.08192	0.00374	0.00334
7	0.01490	0.01125	0.01187	0.00925	0.01238	0.02767	0.00759	0.72564	0.09787	0.02444	0.01034	0.01022	0.00741	0.00492	0.00406	0.00123	0.00439	0.00373	0.00403	0.00681
8	0.05044	0.25622	0.04598	0.00732	0.01091	0.02044	0.04611	0.07128	0.00919	0.01323	0.00691	0.00799	0.00573	0.00338	0.00307	0.00083	0.00387	0.00256	0.00229	0.43225
9	0.04598	0.01018	0.10067	0.11797	0.12775	0.00916	0.09693	0.16187	0.04056	0.21472	0.01025	0.01096	0.00722	0.00431	0.00404	0.00126	0.00468	0.00375	0.00317	0.02456
10	0.01516	0.01934	0.01150	0.01045	0.01254	0.84113	0.00784	0.01620	0.01150	0.00993	0.00627	0.00732	0.00523	0.00418	0.00366	0.00105	0.00732	0.00261	0.00209	0.00470
11	0.00534	0.00433	0.00478	0.00478	0.00599	0.00391	0.00356	0.00715	0.05818	0.01232	0.19395	0.13038	0.51879	0.00989	0.00481	0.00139	0.00216	0.02067	0.00393	0.00367
12	0.00945	0.15213	0.56344	0.01027	0.01528	0.02117	0.01227	0.07443	0.04326	0.03112	0.02606	0.00918	0.00643	0.00407	0.00371	0.00121	0.00537	0.00310	0.00213	0.00591
13	0.00761	0.00680	0.01096	0.66368	0.03362	0.00816	0.00994	0.02770	0.00855	0.02229	0.01136	0.05256	0.07010	0.00530	0.00424	0.00139	0.00488	0.04420	0.00223	0.00444
14	0.00539	0.00415	0.00504	0.00556	0.00652	0.00380	0.00436	0.00662	0.00893	0.01120	0.03031	0.23451	0.37881	0.01115	0.00515	0.00160	0.00267	0.26697	0.00376	0.00349
15	0.10295	0.00693	0.00826	0.00689	0.00935	0.00690	0.00552	0.01716	0.21127	0.39775	0.16622	0.01646	0.01528	0.00562	0.00406	0.00129	0.00308	0.00462	0.00444	0.00596
16	0.01038	0.09762	0.01632	0.13296	0.44111	0.09631	0.08813	0.01275	0.01953	0.02352	0.00748	0.00969	0.00612	0.00380	0.00405	0.00120	0.01777	0.00349	0.00203	0.00575
17	0.01025	0.00968	0.01613	0.02390	0.78062	0.00976	0.01212	0.04356	0.02956	0.01382	0.00793	0.01015	0.00659	0.00371	0.00402	0.00121	0.00477	0.00364	0.00214	0.00644
18	0.00569	0.00387	0.00459	0.00487	0.00497	0.00381	0.00297	0.00595	0.00652	0.00868	0.01555	0.23215	0.01814	0.60943	0.01613	0.00327	0.00353	0.04430	0.00284	0.00272
19	0.01443	0.01075	0.01170	0.09515	0.01379	0.04986	0.00784	0.60218	0.03869	0.08004	0.01023	0.02896	0.00748	0.00496	0.00407	0.00124	0.00454	0.00383	0.00380	0.00646
20	0.00942	0.00955	0.01789	0.18658	0.42415	0.00970	0.25799	0.01220	0.00912	0.01260	0.00772	0.01047	0.00614	0.00364	0.00426	0.00128	0.00555	0.00397	0.00198	0.00575
21	0.00654	0.00467	0.00654	0.00747	0.00841	0.00467	0.00654	0.00841	0.00934	0.01214	0.02148	0.04576	0.02335	0.01121	0.00560	0.00187	0.00374	0.80480	0.00374	0.00374
22	0.00766	0.00721	0.01217	0.84767	0.02794	0.00901	0.01127	0.01037	0.00811	0.01037	0.00721	0.01082	0.00541	0.00406	0.00406	0.00135	0.00541	0.00361	0.00180	0.00451
23	0.88607	0.00785	0.00596	0.00534	0.00785	0.00910	0.00439	0.01193	0.00690	0.01820	0.00565	0.00659	0.00439	0.00377	0.00251	0.00126	0.00314	0.00220	0.00251	0.00439
24	0.01781	0.00682	0.00929	0.00715	0.01022	0.00590	0.00590	0.01939	0.01161	0.80923	0.04155	0.01433	0.01093	0.00512	0.00410	0.00126	0.00340	0.00418	0.00500	0.00681
25	0.01746	0.00674	0.00918	0.00709	0.01010	0.00584	0.00584	0.01905	0.01160	0.78607	0.06457	0.01479	0.01173	0.00522	0.00412	0.00126	0.00336	0.00427	0.00499	0.00672
26	0.00494	0.00353	0.00471	0.00565	0.00588	0.00330	0.00377	0.00565	0.00777	0.01036	0.02236	0.85477	0.02683	0.01271	0.00518	0.00165	0.00235	0.01153	0.00377	0.00330
27	0.01004	0.00964	0.01647	0.02490	0.83211	0.00964	0.01245	0.01245	0.00924	0.01325	0.00763	0.01004	0.00643	0.00361	0.00402	0.00120	0.00482	0.00361	0.00201	0.00643
28	0.00508	0.00399	0.00459	0.00471	0.00572	0.00350	0.00343	0.00627	0.00952	0.01224	0.24627	0.21593	0.44375	0.01028	0.00488	0.00141	0.00208	0.00889	0.00395	0.00350
29	0.84587	0.00780	0.00612	0.00542	0.00796	0.00896	0.00447	0.01229	0.00712	0.05604	0.00613	0.00693	0.00466	0.00382	0.00258	0.00126	0.00315	0.00228	0.00263	0.00451
30	0.00958	0.01094	0.02394	0.01710	0.02120	0.01026	0.81737	0.01300	0.00958	0.01300	0.00821	0.01094	0.00616	0.00342	0.00479	0.00137	0.00684	0.00479	0.00205	0.00547
31	0.00624	0.00464	0.00671	0.00730	0.00823	0.00454	0.03686	0.00788	0.00901	0.01174	0.02205	0.21540	0.06013	0.01119	0.00545	0.00178	0.00349	0.57001	0.00368	0.00369
32	0.00573	0.00411	0.00560	0.00651	0.00712	0.00398	0.00512	0.00702	0.00859	0.01126	0.02251	0.42782	0.05017	0.01189	0.00538	0.00175	0.00303	0.40513	0.00375	0.00352
33	0.01542	0.01136	0.01218	0.00933	0.01258	0.01258	0.00771	0.81858	0.01908	0.02557	0.00974	0.00974	0.00690	0.00487	0.00406	0.00122	0.00446	0.00365	0.00406	0.00690
34	0.00576	0.00394	0.00440	0.00442	0.00457	0.00386	0.00256	0.00589	0.00629	0.00825	0.01594	0.04915	0.09877	0.74874	0.01862	0.00361	0.00370	0.00632	0.00263	0.00258
35	0.00958	0.01094	0.02394	0.01710	0.02120	0.01026	0.81737	0.01300	0.00958	0.01300	0.00821	0.01094	0.00616	0.00342	0.00479	0.00137	0.00684	0.00479	0.00205	0.00547
36	0.01077	0.80921	0.02142	0.00755	0.01106	0.01571	0.05530	0.01220	0.00832	0.00975	0.00579	0.00677	0.00526	0.00347	0.00273	0.00090	0.00449	0.00233	0.00175	0.00522
37	0.01209	0.17747	0.29169	0.00940	0.01352	0.02625	0.02008	0.24909	0.01200	0.11634	0.00911	0.02956	0.00680	0.00443	0.00374	0.00119	0.00486	0.00338	0.00287	0.00612

[dist]
# distance from previous block
# <min> <max>
0	4

[block]
# block no. 4 follows, 66 sequences, length 35
# corresponding to MSA columns:
# 693,694,708-710,732-759,782,783
name=unknown_E
#
# <colnr> <probs for GDERKNQSTAVLIFYWHMCP>
#	G	D	E	R	K	N	Q	S	T	A	V	L	I	F	Y	W	H	M	C	P
0	0.01288	0.01042	0.01291	0.07862	0.25091	0.05563	0.00912	0.38247	0.04792	0.06091	0.00969	0.03303	0.00749	0.00465	0.00406	0.00124	0.00463	0.00386	0.00323	0.00634
1	0.00591	0.00416	0.00508	0.00487	0.00579	0.00380	0.00351	0.00726	0.00994	0.03817	0.47226	0.06721	0.19534	0.15018	0.00742	0.00175	0.00234	0.00744	0.00397	0.00359
2	0.00500	0.00360	0.00470	0.00551	0.00583	0.00334	0.00369	0.00575	0.00795	0.01057	0.05772	0.75234	0.06837	0.03789	0.00561	0.00169	0.00237	0.01103	0.00376	0.00330
3	0.00841	0.00721	0.00841	0.00601	0.00961	0.00541	0.00481	0.01022	0.00841	0.01322	0.00721	0.00841	0.00601	0.00300	0.00300	0.00060	0.00300	0.00240	0.00240	0.88222
4	0.00930	0.00781	0.01147	0.20937	0.23449	0.00752	0.00848	0.01174	0.03202	0.06685	0.02876	0.01051	0.00723	0.00375	0.00367	0.00102	0.00407	0.00331	0.00243	0.33621
5	0.04511	0.06710	0.66231	0.01167	0.01716	0.00988	0.10589	0.01279	0.00859	0.01290	0.00723	0.00864	0.00523	0.00378	0.00383	0.00127	0.00588	0.00312	0.00179	0.00582
6	0.00500	0.00387	0.00457	0.00497	0.00578	0.00344	0.00354	0.00601	0.00885	0.01133	0.12412	0.39955	0.36723	0.01114	0.00498	0.00149	0.00220	0.02466	0.00385	0.00342
7	0.00866	0.00806	0.01452	0.08225	0.01513	0.00839	0.32296	0.11352	0.00945	0.01296	0.00938	0.01276	0.00777	0.01438	0.33685	0.00339	0.00801	0.00437	0.00234	0.00484
8	0.00914	0.08814	0.22615	0.03556	0.01611	0.00968	0.30040	0.04369	0.06309	0.03096	0.06164	0.01330	0.06389	0.00459	0.00435	0.00129	0.01569	0.00439	0.00247	0.00545
9	0.00504	0.00412	0.00447	0.00453	0.00571	0.00358	0.00334	0.00634	0.02422	0.01173	0.14805	0.14857	0.59562	0.01024	0.00483	0.00139	0.00210	0.00872	0.00387	0.00352
10	0.00497	0.00356	0.00469	0.00558	0.00583	0.00332	0.00371	0.00566	0.00774	0.01029	0.02248	0.81183	0.04415	0.03815	0.00564	0.00171	0.00239	0.01130	0.00373	0.00327
11	0.01143	0.00874	0.01053	0.00983	0.08398	0.03085	0.03936	0.38112	0.04491	0.05213	0.01376	0.25857	0.01317	0.00709	0.00442	0.00136	0.00395	0.01548	0.00370	0.00563
12	0.00898	0.00850	0.01254	0.62170	0.11832	0.05499	0.01082	0.07030	0.03241	0.01197	0.00766	0.01058	0.00582	0.00411	0.00403	0.00131	0.00531	0.00358	0.00207	0.00497
13	0.00574	0.00415	0.00542	0.00510	0.00606	0.00383	0.00383	0.00766	0.01148	0.01627	0.82997	0.03031	0.03828	0.00829	0.00479	0.00128	0.00191	0.00734	0.00447	0.00383
14	0.00958	0.01094	0.02394	0.01710	0.02120	0.01026	0.81737	0.01300	0.00958	0.01300	0.00821	0.01094	0.00616	0.00342	0.00479	0.00137	0.00684	0.00479	0.00205	0.00547
15	0.01486	0.07756	0.01217	0.01021	0.01239	0.78398	0.00778	0.01592	0.01127	0.00990	0.00623	0.00726	0.00522	0.00413	0.00359	0.00103	0.00711	0.00258	0.00207	0.00474
16	0.07303	0.01167	0.01288	0.02846	0.01344	0.11797	0.11096	0.49459	0.01531	0.04514	0.00918	0.02180	0.00681	0.00462	0.00400	0.00122	0.00497	0.00369	0.01413	0.00612
17	0.09566	0.00716	0.00921	0.00713	0.01022	0.00650	0.00589	0.04984	0.01148	0.73075	0.01484	0.01301	0.00942	0.00490	0.00394	0.00125	0.00346	0.00390	0.00476	0.00668
18	0.01032	0.07007	0.01203	0.00981	0.01071	0.23565	0.00798	0.01135	0.00782	0.00975	0.00631	0.00919	0.00591	0.00904	0.11586	0.00212	0.45641	0.00330	0.00191	0.00446
19	0.00589	0.00440	0.00635	0.00630	0.00689	0.00508	0.00476	0.00710	0.00642	0.00918	0.01102	0.01741	0.01074	0.15914	0.69144	0.00599	0.03164	0.00457	0.00221	0.00346
20	0.00654	0.00467	0.00654	0.00747	0.00841	0.00467	0.00654	0.00841	0.00934	0.01214	0.02148	0.04576	0.02335	0.01121	0.00560	0.00187	0.00374	0.80480	0.00374	0.00374
21	0.00827	0.00706	0.00826	0.00599	0.00946	0.00532	0.00476	0.01003	0.00839	0.01310	0.00784	0.04375	0.00688	0.00341	0.00310	0.00064	0.00298	0.00278	0.00246	0.84552
22	0.00975	0.00790	0.01299	0.05030	0.02282	0.00708	0.24479	0.02259	0.00921	0.12525	0.02537	0.04388	0.02704	0.04144	0.02274	0.00132	0.01343	0.00420	0.00276	0.30513
23	0.23566	0.02573	0.03564	0.40236	0.04001	0.00966	0.00879	0.13994	0.00972	0.04555	0.00752	0.00949	0.00557	0.00412	0.00362	0.00129	0.00458	0.00322	0.00247	0.00506
24	0.00958	0.01094	0.02394	0.01710	0.02120	0.01026	0.81737	0.01300	0.00958	0.01300	0.00821	0.01094	0.00616	0.00342	0.00479	0.00137	0.00684	0.00479	0.00205	0.00547
25	0.00494	0.00353	0.00471	0.00565	0.00588	0.00330	0.00377	0.00565	0.00777	0.01036	0.02236	0.85477	0.02683	0.01271	0.00518	0.00165	0.00235	0.01153	0.00377	0.00330
26	0.00957	0.25869	0.35328	0.00995	0.01377	0.06750	0.03353	0.01268	0.04339	0.01139	0.00710	0.02105	0.00586	0.00444	0.00495	0.00123	0.13123	0.00306	0.00190	0.00541
27	0.00848	0.00805	0.01365	0.56398	0.30521	0.00923	0.01168	0.01108	0.00850	0.01136	0.00736	0.01055	0.00576	0.00390	0.00404	0.00130	0.00521	0.00361	0.00187	0.00517
28	0.00556	0.00415	0.00519	0.00520	0.00609	0.00386	0.00379	0.00738	0.03892	0.01406	0.48663	0.23317	0.15173	0.00957	0.00486	0.00138	0.00209	0.00845	0.00418	0.00373
29	0.00601	0.00433	0.00592	0.00681	0.00757	0.00423	0.00561	0.00752	0.00890	0.01159	0.02268	0.26782	0.06354	0.01158	0.00545	0.00178	0.00327	0.54804	0.00375	0.00360
30	0.01142	0.00941	0.01121	0.10614	0.13734	0.09211	0.02899	0.15322	0.16361	0.10165	0.11505	0.01428	0.02723	0.00515	0.00415	0.00126	0.00427	0.00434	0.00340	0.00576
31	0.05130	0.11010	0.06194	0.26888	0.13728	0.02786	0.03017	0.02104	0.02718	0.09873	0.00995	0.03508	0.03021	0.06760	0.00509	0.00145	0.00465	0.00394	0.00244	0.00510
32	0.00986	0.18460	0.49936	0.01080	0.01558	0.14218	0.05861	0.01325	0.00902	0.01175	0.00685	0.00810	0.00522	0.00381	0.00363	0.00117	0.00593	0.00288	0.00180	0.00561
33	0.00501	0.00358	0.00466	0.00550	0.00575	0.00335	0.00364	0.00568	0.00767	0.01018	0.02225	0.76070	0.05364	0.07982	0.00640	0.00182	0.00247	0.01098	0.00366	0.00323
34	0.80538	0.02727	0.00675	0.00569	0.00818	0.00950	0.00471	0.04709	0.00745	0.01811	0.00582	0.00679	0.00455	0.00389	0.00286	0.00126	0.02534	0.00230	0.00254	0.00452

[dist]
# distance from previous block
# <min> <max>
6	15

[block]
# block no. 5 follows, 66 sequences, length 23
# corresponding to MSA columns:
# 799-810,825-835
name=unknown_F
#
# <colnr> <probs for GDERKNQSTAVLIFYWHMCP>
#	G	D	E	R	K	N	Q	S	T	A	V	L	I	F	Y	W	H	M	C	P
0	0.00586	0.00392	0.00444	0.00447	0.00448	0.00391	0.00251	0.00589	0.00597	0.00796	0.01314	0.05739	0.01520	0.82596	0.02007	0.00385	0.00387	0.00611	0.00251	0.00249
1	0.04577	0.00938	0.06378	0.01056	0.09882	0.00875	0.07655	0.17538	0.12131	0.27103	0.01320	0.04815	0.02830	0.00510	0.00413	0.00129	0.00412	0.00436	0.00375	0.00628
2	0.01290	0.01097	0.06641	0.05292	0.11631	0.03028	0.00865	0.47644	0.04268	0.04185	0.00952	0.01068	0.00719	0.02773	0.04263	0.00155	0.02798	0.00371	0.00333	0.00626
3	0.00590	0.00393	0.00442	0.00442	0.00442	0.00393	0.00246	0.00590	0.00590	0.00787	0.01278	0.02655	0.01475	0.85742	0.02065	0.00393	0.00393	0.00590	0.00246	0.00246
4	0.03666	0.46680	0.20250	0.00866	0.01244	0.10742	0.03024	0.02671	0.03856	0.01134	0.02155	0.00798	0.00608	0.00383	0.00318	0.00104	0.00500	0.00268	0.00198	0.00536
5	0.01004	0.37019	0.09147	0.05718	0.19569	0.06258	0.02855	0.01203	0.00871	0.01116	0.00723	0.04267	0.00646	0.00395	0.00337	0.00104	0.00471	0.00314	0.00197	0.07786
6	0.00600	0.00478	0.00592	0.02413	0.03955	0.00456	0.00433	0.00842	0.07398	0.01431	0.45711	0.03032	0.27823	0.00883	0.02045	0.00141	0.00242	0.00722	0.00403	0.00402
7	0.00841	0.00721	0.00841	0.00601	0.00961	0.00541	0.00481	0.01022	0.00841	0.01322	0.00721	0.00841	0.00601	0.00300	0.00300	0.00060	0.00300	0.00240	0.00240	0.88222
8	0.00518	0.00413	0.00454	0.00468	0.00577	0.00364	0.00350	0.00625	0.00900	0.01113	0.09052	0.08061	0.55844	0.09566	0.00650	0.00169	0.00244	0.09925	0.00368	0.00338
9	0.01820	0.00690	0.00942	0.00722	0.01036	0.00596	0.00596	0.01977	0.01161	0.83492	0.01601	0.01381	0.01004	0.00502	0.00408	0.00126	0.00345	0.00408	0.00502	0.00690
10	0.01791	0.00737	0.00970	0.00744	0.01059	0.00665	0.00614	0.10280	0.01239	0.75079	0.01535	0.01339	0.00972	0.00501	0.00408	0.00125	0.00356	0.00404	0.00492	0.00690
11	0.01820	0.00690	0.00942	0.00722	0.01036	0.00596	0.00596	0.01977	0.01161	0.83492	0.01601	0.01381	0.01004	0.00502	0.00408	0.00126	0.00345	0.00408	0.00502	0.00690
12	0.01542	0.01136	0.01218	0.00933	0.01258	0.01258	0.00771	0.81858	0.01908	0.02557	0.00974	0.00974	0.00690	0.00487	0.00406	0.00122	0.00446	0.00365	0.00406	0.00690
13	0.00480	0.00411	0.00411	0.00411	0.00548	0.00343	0.00308	0.00582	0.00925	0.01096	0.04110	0.03905	0.83046	0.01028	0.00480	0.00137	0.00206	0.00856	0.00377	0.00343
14	0.79558	0.00821	0.00661	0.00575	0.00834	0.00946	0.00474	0.09577	0.00817	0.01897	0.00607	0.00692	0.00465	0.00388	0.00267	0.00125	0.00328	0.00235	0.00267	0.00465
15	0.00958	0.01094	0.02394	0.01710	0.02120	0.01026	0.81737	0.01300	0.00958	0.01300	0.00821	0.01094	0.00616	0.00342	0.00479	0.00137	0.00684	0.00479	0.00205	0.00547
16	0.00574	0.00415	0.00542	0.00510	0.00606	0.00383	0.00383	0.00766	0.01148	0.01627	0.82997	0.03031	0.03828	0.00829	0.00479	0.00128	0.00191	0.00734	0.00447	0.00383
17	0.00913	0.00929	0.01239	0.01064	0.01073	0.04535	0.00884	0.01002	0.00642	0.00977	0.00536	0.00881	0.00532	0.00698	0.01293	0.00175	0.81651	0.00351	0.00179	0.00445
18	0.03869	0.09344	0.15886	0.06266	0.15159	0.15709	0.00949	0.05785	0.11523	0.08401	0.00910	0.01000	0.00693	0.00479	0.02206	0.00131	0.00520	0.00333	0.00259	0.00575
19	0.01820	0.00690	0.00942	0.00722	0.01036	0.00596	0.00596	0.01977	0.01161	0.83492	0.01601	0.01381	0.01004	0.00502	0.00408	0.00126	0.00345	0.00408	0.00502	0.00690
20	0.00667	0.00630	0.06530	0.02702	0.02791	0.00540	0.02274	0.02720	0.09279	0.01535	0.51608	0.02652	0.12967	0.00755	0.00460	0.00130	0.00267	0.00659	0.00397	0.00437
21	0.00711	0.00531	0.00633	0.00657	0.00758	0.00555	0.00475	0.01123	0.26269	0.04484	0.02027	0.54032	0.02158	0.01013	0.00482	0.00155	0.00270	0.02835	0.00393	0.00442
22	0.00882	0.02128	0.13137	0.05527	0.24305	0.02841	0.00895	0.02284	0.01974	0.03636	0.04547	0.08917	0.04820	0.00516	0.00440	0.00118	0.04519	0.00438	0.00251	0.17825

[dist]
# distance from previous block
# <min> <max>
1	6

[block]
# block no. 6 follows, 66 sequences, length 32
# corresponding to MSA columns:
# 842-844,850-858,866-885
name=unknown_G
#
# <colnr> <probs for GDERKNQSTAVLIFYWHMCP>
#	G	D	E	R	K	N	Q	S	T	A	V	L	I	F	Y	W	H	M	C	P
0	0.48282	0.00630	0.00586	0.01701	0.00753	0.01840	0.00445	0.00948	0.00728	0.01460	0.02279	0.27891	0.01254	0.00892	0.07174	0.00182	0.01722	0.00547	0.00288	0.00398
1	0.00978	0.19776	0.26530	0.01037	0.03542	0.01127	0.09360	0.04139	0.26692	0.01387	0.01003	0.01052	0.00764	0.00427	0.00378	0.00123	0.00476	0.00354	0.00260	0.00594
2	0.00936	0.03594	0.21589	0.05012	0.14449	0.00857	0.07135	0.08959	0.00967	0.01403	0.00779	0.02130	0.00621	0.00372	0.00368	0.00104	0.00460	0.00323	0.00228	0.29713
3	0.00589	0.00412	0.00529	0.00499	0.00595	0.00382	0.00375	0.00781	0.01124	0.01617	0.76200	0.02904	0.03596	0.00800	0.00462	0.00125	0.00191	0.00704	0.07732	0.00382
4	0.00887	0.00484	0.00643	0.00564	0.00714	0.00436	0.00436	0.01070	0.01152	0.22196	0.62545	0.02616	0.03119	0.00747	0.00461	0.00127	0.00230	0.00652	0.00461	0.00460
5	0.00570	0.00414	0.00530	0.00505	0.00603	0.00380	0.00380	0.00752	0.01117	0.01567	0.72848	0.04414	0.09894	0.00851	0.00477	0.00129	0.00196	0.02081	0.01911	0.00379
6	0.01004	0.00964	0.01647	0.02490	0.83211	0.00964	0.01245	0.01245	0.00924	0.01325	0.00763	0.01004	0.00643	0.00361	0.00402	0.00120	0.00482	0.00361	0.00201	0.00643
7	0.00545	0.00414	0.00501	0.00479	0.00588	0.00370	0.00360	0.00709	0.01079	0.01462	0.58425	0.03303	0.28503	0.00891	0.00479	0.00131	0.00196	0.00772	0.00425	0.00370
8	0.00958	0.01094	0.02394	0.01710	0.02120	0.01026	0.81737	0.01300	0.00958	0.01300	0.00821	0.01094	0.00616	0.00342	0.00479	0.00137	0.00684	0.00479	0.00205	0.00547
9	0.00580	0.00435	0.00652	0.00652	0.00724	0.00507	0.00507	0.00724	0.00652	0.00942	0.01087	0.01594	0.01014	0.03043	0.84134	0.00652	0.01087	0.00435	0.00217	0.00362
10	0.00841	0.00721	0.00841	0.00601	0.00961	0.00541	0.00481	0.01022	0.00841	0.01322	0.00721	0.00841	0.00601	0.00300	0.00300	0.00060	0.00300	0.00240	0.00240	0.88222
11	0.88607	0.00785	0.00596	0.00534	0.00785	0.00910	0.00439	0.01193	0.00690	0.01820	0.00565	0.00659	0.00439	0.00377	0.00251	0.00126	0.00314	0.00220	0.00251	0.00439
12	0.00569	0.00414	0.00535	0.00505	0.00603	0.00380	0.00379	0.00755	0.01136	0.01596	0.78437	0.03081	0.08407	0.00841	0.00479	0.00128	0.00192	0.00741	0.00443	0.00380
13	0.01188	0.00754	0.01173	0.07288	0.34527	0.00727	0.00858	0.01390	0.01027	0.29630	0.12793	0.02983	0.02825	0.00508	0.00419	0.00125	0.00388	0.00454	0.00344	0.00598
14	0.01124	0.59524	0.08687	0.00845	0.01197	0.11858	0.05458	0.04064	0.02034	0.01072	0.00629	0.00727	0.00542	0.00366	0.00304	0.00097	0.00498	0.00253	0.00191	0.00530
15	0.01542	0.01136	0.01218	0.00933	0.01258	0.01258	0.00771	0.81858	0.01908	0.02557	0.00974	0.00974	0.00690	0.00487	0.00406	0.00122	0.00446	0.00365	0.00406	0.00690
16	0.00480	0.00411	0.00411	0.00411	0.00548	0.00343	0.00308	0.00582	0.00925	0.01096	0.04110	0.03905	0.83046	0.01028	0.00480	0.00137	0.00206	0.00856	0.00377	0.00343
17	0.01093	0.78160	0.02110	0.00761	0.01111	0.01560	0.05381	0.03995	0.00869	0.01030	0.00593	0.00688	0.00532	0.00352	0.00278	0.00091	0.00449	0.00237	0.00183	0.00528
18	0.01542	0.01136	0.01218	0.00933	0.01258	0.01258	0.00771	0.81858	0.01908	0.02557	0.00974	0.00974	0.00690	0.00487	0.00406	0.00122	0.00446	0.00365	0.00406	0.00690
19	0.01085	0.85986	0.02126	0.00694	0.01041	0.01605	0.00694	0.01215	0.00824	0.00955	0.00564	0.00651	0.00521	0.00347	0.00260	0.00087	0.00434	0.00217	0.00174	0.00521
20	0.00510	0.00364	0.00489	0.00583	0.00613	0.00343	0.00403	0.00592	0.00792	0.01053	0.02228	0.77632	0.02650	0.01256	0.00522	0.00167	0.00249	0.08846	0.00376	0.00334
21	0.01413	0.22198	0.01391	0.00952	0.01203	0.58312	0.00761	0.07191	0.01125	0.01094	0.00636	0.00729	0.00534	0.00406	0.00343	0.00101	0.00640	0.00258	0.00214	0.00498
22	0.01500	0.01854	0.01146	0.01032	0.01248	0.76750	0.00779	0.06129	0.03859	0.01104	0.00680	0.00771	0.00555	0.00426	0.00370	0.00107	0.00702	0.00274	0.00227	0.00488
23	0.00507	0.00379	0.00473	0.00534	0.00594	0.00345	0.00376	0.00603	0.00855	0.01115	0.10229	0.54348	0.21557	0.01165	0.00507	0.00156	0.00232	0.05304	0.00383	0.00340
24	0.00618	0.00435	0.00606	0.00643	0.00712	0.00417	0.03583	0.00772	0.05534	0.05221	0.02110	0.68382	0.02415	0.01146	0.00507	0.00161	0.00271	0.05709	0.00378	0.00377
25	0.00687	0.00504	0.00664	0.00726	0.00831	0.00514	0.00612	0.03639	0.07019	0.01280	0.03604	0.13405	0.04137	0.01067	0.00536	0.00176	0.00349	0.59472	0.00379	0.00399
26	0.00508	0.00365	0.00463	0.00534	0.00565	0.00341	0.00353	0.00574	0.00770	0.01018	0.03954	0.65357	0.09110	0.13188	0.00733	0.00194	0.00254	0.01041	0.00360	0.00320
27	0.00514	0.00367	0.00494	0.00588	0.00620	0.00347	0.00411	0.00600	0.00797	0.01058	0.02225	0.75299	0.02640	0.01252	0.00523	0.00168	0.00253	0.11133	0.00376	0.00335
28	0.05103	0.00922	0.00965	0.00893	0.03752	0.04257	0.00677	0.04735	0.65344	0.01651	0.01444	0.01372	0.01094	0.00538	0.00456	0.00137	0.05240	0.00428	0.00377	0.00616
29	0.01717	0.00678	0.00915	0.00716	0.01009	0.00594	0.00585	0.03981	0.01153	0.75363	0.01630	0.07483	0.01118	0.00558	0.00416	0.00128	0.00340	0.00461	0.00490	0.00664
30	0.01439	0.01066	0.01145	0.00896	0.01192	0.01179	0.00730	0.71404	0.06386	0.02387	0.01067	0.03955	0.00820	0.03833	0.00475	0.00135	0.00430	0.00406	0.00399	0.00658
31	0.01204	0.00996	0.01229	0.33947	0.06253	0.08548	0.02471	0.29158	0.03055	0.07858	0.00892	0.01041	0.00648	0.00442	0.00404	0.00126	0.00505	0.00361	0.00292	0.00570

[dist]
# distance from previous block
# <min> <max>
0	6

[block]
# block no. 7 follows, 66 sequences, length 42
# corresponding to MSA columns:
# 892-933
name=unknown_H
#
# <colnr> <probs for GDERKNQSTAVLIFYWHMCP>
#	G	D	E	R	K	N	Q	S	T	A	V	L	I	F	Y	W	H	M	C	P
0	0.00635	0.00402	0.00527	0.00581	0.00649	0.00370	0.00415	0.00726	0.00838	0.08840	0.02320	0.61096	0.09714	0.02591	0.00534	0.00165	0.00259	0.08585	0.00386	0.00368
1	0.00620	0.00385	0.00515	0.00580	0.00631	0.00355	0.00397	0.00698	0.00813	0.08822	0.02176	0.77536	0.02525	0.01198	0.00507	0.00161	0.00246	0.01083	0.00388	0.00364
2	0.00934	0.00718	0.00851	0.00612	0.00968	0.00546	0.00492	0.01112	0.00872	0.09081	0.00804	0.00892	0.00639	0.00320	0.00311	0.00066	0.00305	0.00256	0.00265	0.79957
3	0.01055	0.00864	0.02639	0.15149	0.35520	0.00849	0.00957	0.03017	0.08644	0.12127	0.00947	0.01086	0.00722	0.00398	0.00388	0.00116	0.00431	0.00357	0.00267	0.14467
4	0.80335	0.00802	0.00695	0.00718	0.08568	0.00915	0.00515	0.01198	0.00712	0.01774	0.00584	0.00692	0.00459	0.00375	0.00265	0.00125	0.00330	0.00233	0.00246	0.00459
5	0.00563	0.00425	0.00605	0.00770	0.08422	0.00407	0.00494	0.00664	0.00811	0.01086	0.02086	0.67234	0.02446	0.01166	0.00512	0.00163	0.00276	0.11146	0.00360	0.00365
6	0.00617	0.00442	0.00530	0.00514	0.00518	0.00480	0.00322	0.00634	0.00597	0.00814	0.01197	0.02426	0.01359	0.72838	0.06833	0.00388	0.08423	0.00559	0.00238	0.00271
7	0.00579	0.00389	0.00514	0.00575	0.00630	0.00354	0.00393	0.00659	0.00799	0.05144	0.02124	0.76808	0.02489	0.01181	0.00501	0.00157	0.00244	0.01068	0.00376	0.05015
8	0.02984	0.61125	0.16577	0.00796	0.01184	0.01439	0.00840	0.08842	0.00929	0.01184	0.00632	0.00718	0.00534	0.00368	0.00296	0.00098	0.00462	0.00246	0.00197	0.00549
9	0.01033	0.01033	0.03703	0.02359	0.75812	0.03956	0.01221	0.03605	0.00959	0.01348	0.00764	0.00990	0.00636	0.00368	0.00400	0.00120	0.00493	0.00356	0.00206	0.00637
10	0.01065	0.00881	0.00929	0.00808	0.01048	0.00996	0.00636	0.17852	0.58760	0.01811	0.01749	0.01632	0.08854	0.00583	0.00418	0.00134	0.00335	0.00478	0.00408	0.00623
11	0.00515	0.00412	0.00461	0.00449	0.00570	0.00358	0.00336	0.00652	0.01009	0.01297	0.33980	0.03574	0.53050	0.00953	0.00479	0.00133	0.00200	0.00810	0.00403	0.00358
12	0.04218	0.08706	0.04032	0.00756	0.01084	0.00723	0.02833	0.01840	0.01100	0.68258	0.01422	0.01265	0.00915	0.00476	0.00391	0.00122	0.00371	0.00383	0.00444	0.00660
13	0.01468	0.01833	0.01128	0.01024	0.01235	0.76266	0.00771	0.01671	0.08829	0.01059	0.00724	0.00805	0.00590	0.00431	0.00370	0.00108	0.00693	0.00280	0.00228	0.00487
14	0.01813	0.00702	0.00949	0.00727	0.01041	0.00613	0.00601	0.04026	0.01180	0.81416	0.01585	0.01370	0.00996	0.00502	0.00408	0.00125	0.00348	0.00407	0.00500	0.00690
15	0.00775	0.00730	0.01233	0.81717	0.05775	0.00904	0.01131	0.01044	0.00815	0.01047	0.00723	0.01079	0.00545	0.00404	0.00405	0.00135	0.00539	0.00361	0.00181	0.00458
16	0.00857	0.00729	0.00915	0.05441	0.12165	0.00796	0.00681	0.01519	0.40403	0.01557	0.22359	0.03067	0.01866	0.00631	0.00438	0.00136	0.00323	0.05194	0.00378	0.00546
17	0.00814	0.02099	0.83640	0.01156	0.01756	0.00942	0.01499	0.01285	0.00857	0.01285	0.00728	0.00857	0.00514	0.00385	0.00385	0.00128	0.00600	0.00300	0.00171	0.00600
18	0.00494	0.00353	0.00471	0.00565	0.00588	0.00330	0.00377	0.00565	0.00777	0.01036	0.02236	0.85477	0.02683	0.01271	0.00518	0.00165	0.00235	0.01153	0.00377	0.00330
19	0.06166	0.00939	0.01554	0.05407	0.73672	0.00951	0.01180	0.01249	0.00911	0.03035	0.00767	0.00994	0.00634	0.00367	0.00393	0.00121	0.00471	0.00354	0.00209	0.00625
20	0.00702	0.00397	0.02642	0.00545	0.00561	0.00367	0.00382	0.00549	0.00543	0.00727	0.00742	0.03247	0.00747	0.01380	0.01529	0.83840	0.00356	0.00370	0.00181	0.00191
21	0.00814	0.02099	0.83640	0.01156	0.01756	0.00942	0.01499	0.01285	0.00857	0.01285	0.00728	0.00857	0.00514	0.00385	0.00385	0.00128	0.00600	0.00300	0.00171	0.00600
22	0.00756	0.00378	0.00378	0.00378	0.00473	0.00378	0.00284	0.00945	0.00851	0.01513	0.01324	0.01513	0.01040	0.00473	0.00284	0.00095	0.00189	0.00378	0.87994	0.00378
23	0.01085	0.85986	0.02126	0.00694	0.01041	0.01605	0.00694	0.01215	0.00824	0.00955	0.00564	0.00651	0.00521	0.00347	0.00260	0.00087	0.00434	0.00217	0.00174	0.00521
24	0.00581	0.00430	0.00631	0.00631	0.00696	0.00495	0.00480	0.00711	0.00646	0.00926	0.01106	0.01703	0.01062	0.11539	0.75702	0.00625	0.01015	0.00451	0.00220	0.00350
25	0.00651	0.00626	0.02123	0.02720	0.06497	0.07558	0.00502	0.00791	0.01991	0.01154	0.11127	0.19861	0.37650	0.00917	0.00494	0.00139	0.02836	0.01628	0.00344	0.00390
26	0.00766	0.00721	0.01217	0.84767	0.02794	0.00901	0.01127	0.01037	0.00811	0.01037	0.00721	0.01082	0.00541	0.00406	0.00406	0.00135	0.00541	0.00361	0.00180	0.00451
27	0.00814	0.02099	0.83640	0.01156	0.01756	0.00942	0.01499	0.01285	0.00857	0.01285	0.00728	0.00857	0.00514	0.00385	0.00385	0.00128	0.00600	0.00300	0.00171	0.00600
28	0.01808	0.00710	0.00953	0.00731	0.01045	0.00625	0.00604	0.05403	0.01193	0.80021	0.01574	0.01363	0.00991	0.00502	0.00408	0.00125	0.00350	0.00406	0.00498	0.00690
29	0.01112	0.03307	0.08895	0.07482	0.07791	0.07263	0.35639	0.07198	0.02644	0.10552	0.00912	0.02361	0.00686	0.00411	0.00445	0.00130	0.01935	0.00415	0.00254	0.00569
30	0.01623	0.01144	0.01023	0.00842	0.01112	0.27472	0.00668	0.14609	0.01261	0.39842	0.01174	0.01114	0.00801	0.00471	0.00388	0.00117	0.00477	0.00353	0.04904	0.00604
31	0.00526	0.00389	0.00497	0.00573	0.00627	0.00366	0.00410	0.00642	0.02792	0.01083	0.02473	0.61459	0.13854	0.01200	0.00515	0.00163	0.00251	0.11458	0.00377	0.00345
32	0.00865	0.04014	0.11949	0.07220	0.22652	0.00807	0.14187	0.01132	0.02205	0.05270	0.09447	0.01746	0.14460	0.00540	0.00431	0.00129	0.00448	0.01703	0.00269	0.00527
33	0.00872	0.00858	0.02809	0.41305	0.34252	0.00945	0.03793	0.01123	0.00854	0.01169	0.02051	0.01066	0.00635	0.00413	0.00469	0.00132	0.06160	0.00369	0.00193	0.00530
34	0.00594	0.00401	0.00471	0.00477	0.00488	0.00406	0.00291	0.00616	0.00617	0.00826	0.01325	0.02715	0.01503	0.74596	0.07348	0.00396	0.00437	0.05979	0.00253	0.00262
35	0.12791	0.01139	0.23337	0.34191	0.06016	0.00919	0.04182	0.03304	0.00865	0.06542	0.00766	0.00973	0.00561	0.00407	0.00403	0.00131	0.02401	0.00333	0.00216	0.00524
36	0.02118	0.15118	0.47424	0.01183	0.08754	0.03046	0.05564	0.03469	0.03506	0.05029	0.00781	0.00892	0.00581	0.00389	0.00372	0.00121	0.00542	0.00311	0.00207	0.00591
37	0.00510	0.00365	0.00477	0.00561	0.00592	0.00343	0.00381	0.00584	0.00780	0.01032	0.02250	0.71377	0.06177	0.06960	0.00623	0.00180	0.00253	0.05860	0.00368	0.00327
38	0.00499	0.00361	0.00472	0.00552	0.00587	0.00334	0.00373	0.00579	0.00811	0.01079	0.07782	0.75097	0.07521	0.01227	0.00513	0.00161	0.00231	0.01108	0.00381	0.00334
39	0.04851	0.01004	0.05957	0.01831	0.45506	0.00942	0.10622	0.07510	0.01018	0.13594	0.00895	0.01043	0.00679	0.00399	0.00425	0.00125	0.02337	0.00373	0.00262	0.00627
40	0.05838	0.68628	0.01926	0.00817	0.05668	0.07502	0.00720	0.03047	0.00871	0.01061	0.00589	0.00684	0.00527	0.00358	0.00279	0.00093	0.00452	0.00232	0.00187	0.00523
41	0.01066	0.75129	0.06167	0.00728	0.01074	0.03670	0.00731	0.01236	0.02655	0.00989	0.00614	0.00710	0.00551	0.00435	0.02737	0.00107	0.00467	0.00234	0.00181	0.00521

[dist]
# distance from previous block
# <min> <max>
0	4

[block]
# block no. 8 follows, 66 sequences, length 31
# corresponding to MSA columns:
# 938-968
name=unknown_I
#
# <colnr> <probs for GDERKNQSTAVLIFYWHMCP>
#	G	D	E	R	K	N	Q	S	T	A	V	L	I	F	Y	W	H	M	C	P
0	0.00945	0.11623	0.05775	0.00675	0.01044	0.00761	0.00593	0.08013	0.00936	0.02583	0.00736	0.00837	0.00599	0.00330	0.00311	0.00074	0.00348	0.00254	0.00246	0.63318
1	0.00801	0.04512	0.02180	0.00593	0.00752	0.01708	0.00474	0.03784	0.07384	0.09702	0.56502	0.02534	0.05997	0.00736	0.00451	0.00126	0.00252	0.00634	0.00425	0.00453
2	0.00580	0.00390	0.00452	0.00462	0.00467	0.00390	0.00268	0.00592	0.00612	0.00818	0.01374	0.11382	0.01589	0.74246	0.04442	0.00377	0.00398	0.00645	0.00259	0.00258
3	0.00845	0.06424	0.22850	0.00993	0.09113	0.00779	0.04255	0.02309	0.05136	0.06147	0.28513	0.01698	0.01737	0.00672	0.04162	0.00150	0.02917	0.00477	0.00305	0.00517
4	0.00620	0.00463	0.00582	0.00544	0.00654	0.00449	0.00410	0.00913	0.09751	0.01634	0.74393	0.02870	0.03554	0.00800	0.00472	0.00129	0.00205	0.00705	0.00443	0.00410
5	0.00841	0.00721	0.00841	0.00601	0.00961	0.00541	0.00481	0.01022	0.00841	0.01322	0.00721	0.00841	0.00601	0.00300	0.00300	0.00060	0.00300	0.00240	0.00240	0.88222
6	0.00887	0.00947	0.07499	0.22062	0.34570	0.00986	0.01110	0.01127	0.02227	0.01166	0.00760	0.03273	0.00659	0.01529	0.00632	0.00142	0.19311	0.00381	0.00197	0.00535
7	0.00601	0.00419	0.00549	0.00518	0.00616	0.00386	0.00388	0.00786	0.01132	0.03598	0.77426	0.06649	0.03708	0.00841	0.00479	0.00129	0.00197	0.00744	0.00445	0.00388
8	0.00580	0.00430	0.00574	0.00576	0.00626	0.00470	0.00416	0.00670	0.00669	0.00919	0.01484	0.07943	0.08310	0.28193	0.41597	0.00470	0.03579	0.01916	0.00252	0.00325
9	0.00956	0.24171	0.12387	0.02114	0.03954	0.02639	0.04176	0.03285	0.00796	0.01106	0.00639	0.01968	0.00572	0.00504	0.00708	0.00131	0.32316	0.00316	0.00192	0.07070
10	0.01066	0.16079	0.37832	0.01134	0.05638	0.14022	0.06553	0.04508	0.00955	0.05011	0.00737	0.00855	0.00560	0.00399	0.00398	0.00119	0.03057	0.00304	0.00206	0.00568
11	0.00654	0.00403	0.00537	0.00581	0.00646	0.00381	0.00415	0.00755	0.00836	0.08917	0.06814	0.56542	0.02362	0.03490	0.05583	0.00192	0.00305	0.05802	0.04412	0.00372
12	0.01173	0.00888	0.00940	0.00789	0.01032	0.00996	0.00630	0.33152	0.36573	0.02001	0.01328	0.01302	0.00989	0.00512	0.00387	0.00124	0.00347	0.00408	0.15813	0.00614
13	0.30854	0.05223	0.00891	0.00735	0.00979	0.05551	0.00587	0.04019	0.43783	0.01687	0.01151	0.01121	0.00876	0.00472	0.00347	0.00129	0.00350	0.00352	0.00334	0.00559
