[name]
unknown

[dist]
# distance from previous block
# <min> <max>
0	149

[block]
# block no. 0 follows, 69 sequences, length 14
# corresponding to MSA columns:
# 164-177
name=unknown_A
#
# <colnr> <probs for GDERKNQSTAVLIFYWHMCP>
#	G	D	E	R	K	N	Q	S	T	A	V	L	I	F	Y	W	H	M	C	P
0	0.04317	0.03751	0.03056	0.09568	0.06825	0.10071	0.03647	0.10165	0.06630	0.07327	0.01148	0.02712	0.02034	0.00594	0.00505	0.00136	0.09515	0.16026	0.01478	0.00495
1	0.03026	0.03726	0.04353	0.10473	0.05526	0.08646	0.00732	0.22614	0.11232	0.06814	0.06234	0.06246	0.01037	0.02199	0.05260	0.00156	0.00458	0.00422	0.00314	0.00533
2	0.00834	0.01045	0.22079	0.00871	0.02251	0.02817	0.07163	0.09523	0.10876	0.03558	0.06825	0.09760	0.14860	0.00676	0.01855	0.00140	0.01944	0.02120	0.00303	0.00499
3	0.00486	0.00371	0.00439	0.00485	0.00553	0.00333	0.00339	0.00569	0.00810	0.01032	0.05544	0.43672	0.33521	0.06695	0.00584	0.00163	0.00229	0.03496	0.00358	0.00321
4	0.02477	0.01501	0.45883	0.04570	0.07515	0.00913	0.04538	0.11796	0.02684	0.07779	0.00818	0.00920	0.00587	0.00394	0.00388	0.00121	0.01599	0.00320	0.00233	0.04964
5	0.02617	0.36582	0.08918	0.05779	0.03343	0.08142	0.03466	0.03234	0.00818	0.01036	0.00738	0.00967	0.02042	0.05255	0.07807	0.00166	0.06657	0.00303	0.00192	0.01937
6	0.00517	0.00417	0.00464	0.00458	0.00577	0.00373	0.00344	0.00687	0.04672	0.01230	0.26210	0.07789	0.51036	0.00933	0.00464	0.00132	0.00205	0.02751	0.00385	0.00355
7	0.00527	0.00363	0.00449	0.00497	0.00512	0.00352	0.00315	0.00567	0.00672	0.00895	0.01726	0.43987	0.02035	0.40890	0.01200	0.00263	0.00304	0.03859	0.00305	0.00282
8	0.12972	0.03749	0.05535	0.11465	0.10746	0.06553	0.17622	0.04343	0.00894	0.06560	0.02635	0.04139	0.00782	0.02358	0.00456	0.00132	0.03937	0.02404	0.02223	0.00495
9	0.00773	0.00448	0.00576	0.00520	0.00653	0.00403	0.00396	0.00929	0.01050	0.17416	0.50831	0.06503	0.13499	0.03627	0.00502	0.00134	0.00224	0.00677	0.00424	0.00416
10	0.06048	0.00950	0.02788	0.00880	0.03073	0.03210	0.03138	0.20781	0.49397	0.01781	0.01282	0.01238	0.00960	0.00538	0.02047	0.00137	0.00383	0.00399	0.00364	0.00607
11	0.03389	0.01705	0.00731	0.02618	0.06006	0.03496	0.01909	0.06315	0.11986	0.01241	0.03120	0.34024	0.11672	0.03649	0.00513	0.02219	0.00307	0.00716	0.01306	0.03076
12	0.03959	0.32941	0.03188	0.02541	0.05601	0.10044	0.02096	0.10702	0.08760	0.02684	0.04945	0.01870	0.02245	0.00436	0.00352	0.00106	0.02297	0.00324	0.02284	0.02625
13	0.07968	0.00846	0.04166	0.02699	0.05367	0.03765	0.05585	0.10223	0.02755	0.11286	0.07828	0.02923	0.00936	0.00436	0.00389	0.00104	0.03300	0.00356	0.00293	0.28776

[dist]
# distance from previous block
# <min> <max>
3	37

[block]
# block no. 1 follows, 69 sequences, length 19
# corresponding to MSA columns:
# 218-236
name=unknown_B
#
# <colnr> <probs for GDERKNQSTAVLIFYWHMCP>
#	G	D	E	R	K	N	Q	S	T	A	V	L	I	F	Y	W	H	M	C	P
0	0.03022	0.07273	0.09717	0.02896	0.06531	0.02842	0.03306	0.03850	0.05526	0.07950	0.04719	0.22876	0.02693	0.04367	0.00467	0.00133	0.00362	0.00554	0.00295	0.10621
1	0.00506	0.00413	0.03280	0.00524	0.00575	0.00353	0.00369	0.00580	0.00742	0.00981	0.03840	0.55823	0.11468	0.17713	0.00782	0.00197	0.00265	0.00940	0.00334	0.00314
2	0.04923	0.17081	0.04730	0.01994	0.01124	0.20912	0.01817	0.19995	0.13166	0.02574	0.00992	0.02514	0.03511	0.00458	0.00353	0.00111	0.00463	0.00339	0.02406	0.00535
3	0.03363	0.03668	0.08473	0.00841	0.09464	0.02671	0.00642	0.05099	0.06811	0.12141	0.16121	0.11160	0.11471	0.00667	0.00416	0.00126	0.00330	0.03358	0.00342	0.02835
4	0.03241	0.44747	0.14622	0.03672	0.01220	0.08098	0.00820	0.15609	0.01014	0.02731	0.00668	0.00748	0.00538	0.00376	0.00311	0.00101	0.00469	0.00259	0.00217	0.00539
5	0.05037	0.15499	0.03143	0.00823	0.01045	0.10115	0.06190	0.16188	0.04326	0.04738	0.03854	0.09033	0.00952	0.02376	0.05029	0.00153	0.07629	0.00414	0.02962	0.00493
6	0.01870	0.00421	0.00497	0.00490	0.00603	0.00377	0.00361	0.00714	0.02445	0.04140	0.26430	0.23726	0.30651	0.00928	0.00458	0.00133	0.00214	0.00806	0.00381	0.04356
7	0.00989	0.67526	0.20472	0.00771	0.01161	0.01408	0.00845	0.01189	0.00804	0.00994	0.00581	0.00673	0.00502	0.00344	0.00279	0.00093	0.00455	0.00228	0.00167	0.00520
8	0.09875	0.06242	0.01131	0.09888	0.01285	0.03007	0.05508	0.24033	0.11243	0.17399	0.01016	0.01036	0.00727	0.00433	0.00367	0.00117	0.00407	0.00346	0.00333	0.05608
9	0.00676	0.00431	0.00506	0.00479	0.00616	0.00374	0.00362	0.00797	0.00954	0.13453	0.19696	0.13202	0.45182	0.00907	0.00457	0.00132	0.00219	0.00774	0.00396	0.00387
10	0.00494	0.00370	0.00432	0.00470	0.00527	0.00337	0.00316	0.00562	0.00773	0.00988	0.05063	0.38591	0.29711	0.18589	0.00794	0.00194	0.00248	0.00894	0.00340	0.00308
11	0.00599	0.03481	0.00584	0.00578	0.00659	0.03730	0.00432	0.00745	0.04552	0.01085	0.07832	0.36181	0.13767	0.08151	0.00606	0.00169	0.00287	0.15866	0.00346	0.00350
12	0.00891	0.03606	0.30424	0.00881	0.01184	0.03023	0.02287	0.04690	0.07521	0.08885	0.00954	0.01184	0.00769	0.05436	0.20212	0.00257	0.06685	0.00363	0.00240	0.00506
13	0.00719	0.00693	0.01262	0.06877	0.01327	0.00668	0.32199	0.00931	0.00893	0.02598	0.06785	0.08032	0.22347	0.00730	0.02188	0.00149	0.02688	0.08203	0.00284	0.00428
14	0.00506	0.00370	0.00479	0.00553	0.00594	0.00351	0.00382	0.00624	0.03673	0.01067	0.07033	0.70817	0.06264	0.01162	0.00495	0.00156	0.00232	0.04540	0.00369	0.00334
15	0.06192	0.00791	0.00828	0.00734	0.00941	0.02008	0.00577	0.13984	0.45216	0.03127	0.04943	0.01715	0.05245	0.04454	0.00471	0.00142	0.00326	0.05072	0.02684	0.00551
16	0.00834	0.07638	0.70000	0.01028	0.01544	0.00908	0.01286	0.01226	0.00823	0.04799	0.00761	0.00939	0.00573	0.05451	0.00461	0.00136	0.00546	0.00305	0.00184	0.00558
17	0.01053	0.05898	0.01025	0.06897	0.05198	0.37969	0.01811	0.03323	0.01973	0.01078	0.06174	0.10539	0.07885	0.02015	0.00457	0.00123	0.04060	0.01834	0.00252	0.00436
18	0.41111	0.00914	0.14434	0.00655	0.00937	0.00772	0.00614	0.03474	0.04969	0.05492	0.04440	0.03356	0.00831	0.05513	0.00416	0.00134	0.00352	0.02427	0.00267	0.08892

[dist]
# distance from previous block
# <min> <max>
3	15

[block]
# block no. 2 follows, 69 sequences, length 22
# corresponding to MSA columns:
# 252-273
name=unknown_C
#
# <colnr> <probs for GDERKNQSTAVLIFYWHMCP>
#	G	D	E	R	K	N	Q	S	T	A	V	L	I	F	Y	W	H	M	C	P
0	0.02088	0.00719	0.00889	0.00690	0.03000	0.00596	0.03133	0.04344	0.04430	0.09698	0.02681	0.03117	0.00769	0.00366	0.00326	0.00079	0.00314	0.00305	0.00277	0.62180
1	0.00543	0.00393	0.00468	0.00494	0.00545	0.00375	0.00340	0.00632	0.02163	0.00997	0.08738	0.21060	0.17163	0.33634	0.01065	0.00238	0.00294	0.10234	0.00321	0.00304
2	0.04307	0.17649	0.12634	0.02382	0.12773	0.04462	0.03912	0.06881	0.05215	0.13282	0.07320	0.04165	0.02076	0.00549	0.00425	0.00140	0.00467	0.00423	0.00324	0.00615
3	0.00564	0.00417	0.00626	0.00626	0.00693	0.00485	0.00485	0.00693	0.00626	0.00902	0.01037	0.01528	0.00970	0.02885	0.81759	0.03708	0.01025	0.00417	0.00209	0.00344
4	0.00477	0.00343	0.00453	0.00540	0.00567	0.00319	0.00361	0.00547	0.00756	0.01003	0.02235	0.82587	0.05925	0.01219	0.00499	0.00158	0.00226	0.01103	0.00364	0.00319
5	0.00861	0.00859	0.00920	0.06413	0.12645	0.18398	0.02066	0.02019	0.02486	0.01028	0.03293	0.05215	0.04891	0.16808	0.12990	0.00246	0.05785	0.02429	0.00236	0.00411
6	0.04013	0.23269	0.10222	0.03124	0.02946	0.16400	0.02996	0.10957	0.05178	0.06743	0.00817	0.03026	0.00661	0.00435	0.00389	0.00111	0.04877	0.00316	0.02994	0.00525
7	0.00869	0.00522	0.00581	0.00519	0.00663	0.00528	0.00402	0.13987	0.03149	0.07233	0.16693	0.05726	0.06039	0.00592	0.00360	0.00110	0.00239	0.00491	0.40859	0.00437
8	0.00615	0.00403	0.00556	0.00548	0.00571	0.00442	0.00381	0.00612	0.00573	0.00793	0.00969	0.01724	0.01006	0.28653	0.28806	0.27870	0.04574	0.00439	0.00205	0.00262
9	0.00974	0.01141	0.13723	0.06313	0.07533	0.10090	0.12238	0.11721	0.06960	0.01335	0.03771	0.06188	0.00847	0.00561	0.02299	0.00142	0.12987	0.00412	0.00246	0.00517
10	0.02066	0.02626	0.03739	0.45556	0.14750	0.06930	0.06254	0.05542	0.00910	0.05666	0.00799	0.01035	0.01637	0.00397	0.00389	0.00124	0.00513	0.00352	0.00212	0.00501
11	0.01195	0.00608	0.00724	0.00613	0.00815	0.02258	0.00485	0.07474	0.05876	0.35851	0.08012	0.08703	0.05228	0.00629	0.01699	0.00127	0.00301	0.00492	0.18386	0.00525
12	0.00904	0.02414	0.04204	0.01102	0.06078	0.08211	0.24945	0.07080	0.01957	0.02863	0.02411	0.07173	0.00968	0.13815	0.07213	0.00207	0.06224	0.01530	0.00242	0.00459
13	0.01989	0.02801	0.04761	0.12080	0.10799	0.05477	0.26766	0.10107	0.06715	0.03728	0.04368	0.06770	0.00898	0.00460	0.00417	0.00127	0.00504	0.00447	0.00258	0.00528
14	0.00948	0.00867	0.07505	0.02386	0.03911	0.06301	0.13331	0.08008	0.07128	0.11254	0.06160	0.12179	0.06911	0.04200	0.06933	0.00177	0.00468	0.00533	0.00310	0.00490
15	0.00891	0.00844	0.01407	0.24807	0.55048	0.00896	0.01116	0.01167	0.04708	0.01212	0.00815	0.03876	0.00688	0.00399	0.00393	0.00123	0.00466	0.00379	0.00204	0.00560
16	0.00769	0.00743	0.01195	0.67274	0.09447	0.03311	0.03708	0.01015	0.00815	0.01037	0.00919	0.01211	0.06077	0.00427	0.00398	0.00129	0.00506	0.00381	0.00190	0.00448
17	0.00812	0.02101	0.00796	0.08053	0.03417	0.04854	0.02136	0.10101	0.13213	0.03496	0.05104	0.18343	0.18148	0.05391	0.00518	0.00147	0.00337	0.02252	0.00335	0.00446
18	0.00783	0.00615	0.00625	0.00603	0.00730	0.09286	0.00450	0.05555	0.02633	0.08366	0.12619	0.28511	0.18837	0.02526	0.00482	0.00140	0.00299	0.04515	0.00363	0.02064
19	0.00978	0.00887	0.01281	0.07615	0.43648	0.03604	0.00933	0.08540	0.02546	0.02514	0.00810	0.03684	0.00683	0.00394	0.00391	0.00108	0.02240	0.00349	0.00232	0.18563
20	0.04859	0.00966	0.01134	0.04661	0.29083	0.15389	0.02214	0.06351	0.05468	0.08015	0.07342	0.05058	0.05095	0.00494	0.00391	0.00118	0.00436	0.00420	0.00279	0.02225
21	0.03870	0.06653	0.01322	0.03143	0.31331	0.14451	0.03563	0.14936	0.07192	0.02871	0.02122	0.05153	0.00785	0.00444	0.00380	0.00117	0.00468	0.00375	0.00260	0.00563

[dist]
# distance from previous block
# <min> <max>
0	26

[block]
# block no. 3 follows, 69 sequences, length 29
# corresponding to MSA columns:
# 301-329
name=unknown_D
#
# <colnr> <probs for GDERKNQSTAVLIFYWHMCP>
#	G	D	E	R	K	N	Q	S	T	A	V	L	I	F	Y	W	H	M	C	P
0	0.00899	0.05777	0.01369	0.01665	0.45751	0.01957	0.07333	0.05202	0.02515	0.01293	0.07386	0.09627	0.02349	0.03726	0.00464	0.00130	0.00423	0.00469	0.00247	0.01418
1	0.02039	0.06858	0.06086	0.00783	0.03098	0.03931	0.07878	0.06427	0.04802	0.03184	0.07603	0.17927	0.13852	0.05230	0.04256	0.00167	0.02638	0.02502	0.00303	0.00434
2	0.06070	0.08543	0.07134	0.00922	0.06179	0.03045	0.07713	0.15724	0.02663	0.20521	0.02276	0.08729	0.03522	0.01599	0.00419	0.00124	0.01612	0.00433	0.00324	0.02450
3	0.00841	0.06687	0.00725	0.00584	0.00732	0.03728	0.00447	0.02245	0.09825	0.13346	0.22712	0.15189	0.11226	0.07783	0.00554	0.00147	0.00284	0.00635	0.01875	0.00434
4	0.00521	0.00381	0.00486	0.00522	0.00572	0.00373	0.00361	0.00625	0.02236	0.01033	0.11364	0.40018	0.11258	0.14673	0.13463	0.00257	0.00369	0.00834	0.00329	0.00323
5	0.01137	0.21686	0.04067	0.00954	0.02116	0.18854	0.14298	0.09114	0.01670	0.07461	0.01791	0.03079	0.00740	0.07410	0.00531	0.00134	0.03859	0.00357	0.00242	0.00499
6	0.02620	0.11039	0.41262	0.03843	0.11203	0.02269	0.08360	0.07913	0.00940	0.05863	0.00759	0.00881	0.00560	0.00377	0.00369	0.00119	0.00525	0.00314	0.00210	0.00574
7	0.00644	0.00453	0.00504	0.00481	0.00618	0.00409	0.00364	0.04291	0.02909	0.07606	0.12359	0.11635	0.50220	0.00903	0.00451	0.00132	0.00224	0.01712	0.03702	0.00383
8	0.00797	0.20975	0.16030	0.02837	0.01088	0.00852	0.06893	0.04533	0.03308	0.02748	0.06989	0.07420	0.19861	0.00623	0.00395	0.00122	0.00384	0.03405	0.00274	0.00466
9	0.00910	0.05666	0.01256	0.45866	0.11044	0.06067	0.04754	0.07035	0.02116	0.03867	0.03374	0.04743	0.00757	0.00442	0.00392	0.00124	0.00489	0.00388	0.00224	0.00485
10	0.00571	0.00413	0.00495	0.00549	0.00595	0.03077	0.00373	0.00646	0.00782	0.04139	0.06300	0.63668	0.05484	0.08744	0.02058	0.00181	0.00271	0.00967	0.00353	0.00332
11	0.00838	0.00584	0.00653	0.00576	0.00744	0.00587	0.00449	0.15882	0.09532	0.06943	0.22047	0.05593	0.23732	0.00726	0.00421	0.00124	0.00258	0.00609	0.09246	0.00456
12	0.00951	0.00647	0.00738	0.00642	0.00823	0.00663	0.00500	0.21566	0.10644	0.09925	0.18771	0.13677	0.11427	0.00712	0.00423	0.00126	0.00285	0.00603	0.05408	0.01468
13	0.33131	0.01082	0.00940	0.06893	0.01151	0.16986	0.00652	0.29544	0.01182	0.03961	0.00732	0.00804	0.00546	0.00414	0.00331	0.00117	0.00442	0.00284	0.00288	0.00522
14	0.00560	0.00420	0.00630	0.00630	0.00700	0.00490	0.00490	0.00700	0.00630	0.00910	0.01050	0.01540	0.00980	0.02940	0.84669	0.00630	0.01050	0.00420	0.00210	0.00350
15	0.52408	0.00777	0.00739	0.00620	0.00882	0.00849	0.00508	0.09135	0.08291	0.21025	0.00911	0.00903	0.00644	0.00417	0.00306	0.00122	0.00323	0.00289	0.00327	0.00522
16	0.02637	0.00600	0.00600	0.00614	0.00698	0.10574	0.00442	0.05431	0.00894	0.02594	0.10115	0.45148	0.03678	0.06565	0.02288	0.00168	0.00327	0.04296	0.01965	0.00367
17	0.00534	0.00407	0.00487	0.00491	0.00589	0.00370	0.00368	0.02157	0.00963	0.01268	0.32917	0.15858	0.31846	0.02976	0.00510	0.00142	0.00219	0.07162	0.00386	0.00350
18	0.04378	0.00542	0.00594	0.00542	0.00689	0.01623	0.00415	0.10517	0.04317	0.10738	0.10125	0.14842	0.09799	0.00670	0.00380	0.00119	0.00254	0.00561	0.28459	0.00438
19	0.00549	0.00375	0.00435	0.00452	0.00474	0.00366	0.00277	0.00585	0.00655	0.00881	0.03651	0.18765	0.08201	0.55644	0.03441	0.00306	0.00340	0.00688	0.03643	0.00271
20	0.00923	0.00997	0.02938	0.01451	0.01798	0.00954	0.63779	0.06146	0.04531	0.01335	0.04033	0.03371	0.00803	0.00464	0.02635	0.00145	0.02465	0.00476	0.00231	0.00523
21	0.00609	0.00481	0.02716	0.00557	0.00694	0.00408	0.03359	0.00761	0.00958	0.05887	0.26643	0.10348	0.33752	0.00899	0.00469	0.00137	0.00250	0.10315	0.00379	0.00377
22	0.02726	0.08373	0.23546	0.00797	0.01187	0.06757	0.02588	0.03281	0.00879	0.03819	0.02521	0.00861	0.00625	0.00349	0.00326	0.00089	0.00420	0.00271	0.00222	0.40360
23	0.09678	0.35005	0.33245	0.00845	0.01254	0.04372	0.00941	0.04171	0.00858	0.04180	0.00669	0.00757	0.00523	0.00367	0.00311	0.00106	0.00474	0.00256	0.01454	0.00533
24	0.00592	0.00415	0.00521	0.00556	0.00603	0.00413	0.00407	0.00704	0.02861	0.01011	0.07732	0.11319	0.01992	0.39678	0.01187	0.00263	0.00342	0.28783	0.00311	0.00308
25	0.00867	0.00536	0.00612	0.00547	0.00656	0.00549	0.00385	0.09455	0.08779	0.11608	0.03867	0.02038	0.02834	0.43728	0.03371	0.00263	0.00362	0.00499	0.08648	0.00394
26	0.07664	0.00615	0.04719	0.00600	0.00759	0.02578	0.02630	0.03876	0.00901	0.02435	0.14015	0.15636	0.22925	0.03571	0.00505	0.00139	0.02893	0.05389	0.02639	0.05511
27	0.15958	0.14817	0.03370	0.00945	0.07464	0.28429	0.00726	0.09150	0.00968	0.01275	0.00645	0.00775	0.00537	0.00499	0.03569	0.00129	0.06599	0.00269	0.00219	0.03657
28	0.32445	0.05037	0.18983	0.00863	0.01180	0.21655	0.04325	0.07450	0.00916	0.01431	0.00635	0.00740	0.00491	0.00387	0.00338	0.00116	0.02033	0.00263	0.00221	0.00492

[dist]
# distance from previous block
# <min> <max>
2	8

[block]
# block no. 4 follows, 69 sequences, length 7
# corresponding to MSA columns:
# 338-344
name=unknown_E
#
# <colnr> <probs for GDERKNQSTAVLIFYWHMCP>
#	G	D	E	R	K	N	Q	S	T	A	V	L	I	F	Y	W	H	M	C	P
0	0.00758	0.00549	0.00666	0.00635	0.00764	0.00581	0.00488	0.09240	0.13287	0.05720	0.01832	0.17280	0.13060	0.05072	0.23080	0.00282	0.00497	0.05450	0.00332	0.00428
1	0.00599	0.00446	0.00521	0.00514	0.00630	0.00415	0.00388	0.03663	0.04794	0.03702	0.24572	0.17393	0.34160	0.00932	0.00467	0.00137	0.00227	0.05675	0.00388	0.00376
2	0.03861	0.15396	0.11278	0.06427	0.19545	0.07342	0.05580	0.10326	0.04445	0.03178	0.03577	0.03489	0.00782	0.02641	0.00409	0.00122	0.00467	0.00359	0.00239	0.00540
3	0.04154	0.10098	0.06484	0.03704	0.02083	0.03267	0.09905	0.03448	0.04839	0.03953	0.05751	0.13184	0.04816	0.02996	0.06386	0.09152	0.02315	0.00496	0.00262	0.02706
4	0.00600	0.00534	0.00505	0.00515	0.00602	0.08909	0.00364	0.00684	0.00841	0.01021	0.08299	0.20580	0.34159	0.16845	0.00748	0.00182	0.00295	0.03659	0.00329	0.00327
5	0.03333	0.04285	0.00608	0.00534	0.00652	0.00493	0.00407	0.00819	0.06008	0.04902	0.22715	0.18145	0.25580	0.00966	0.03786	0.02474	0.02835	0.00718	0.00359	0.00381
6	0.06064	0.06655	0.08428	0.06800	0.02413	0.09683	0.09582	0.11795	0.05979	0.09992	0.01148	0.03225	0.05286	0.05848	0.00506	0.00140	0.02114	0.03550	0.00283	0.00508

[dist]
# distance from previous block
# <min> <max>
3	9

[block]
# block no. 5 follows, 69 sequences, length 35
# corresponding to MSA columns:
# 354-388
name=unknown_F
#
# <colnr> <probs for GDERKNQSTAVLIFYWHMCP>
#	G	D	E	R	K	N	Q	S	T	A	V	L	I	F	Y	W	H	M	C	P
0	0.01100	0.08342	0.01040	0.03018	0.01057	0.08118	0.00648	0.23341	0.26877	0.03219	0.02173	0.07161	0.02818	0.00596	0.00486	0.04893	0.03811	0.00428	0.00332	0.00542
1	0.06609	0.39102	0.07235	0.00772	0.03401	0.03508	0.02051	0.10129	0.04579	0.03816	0.04626	0.01019	0.04599	0.00419	0.00318	0.00101	0.00400	0.00310	0.00245	0.06761
2	0.00566	0.00381	0.00442	0.00452	0.00458	0.00381	0.00267	0.00581	0.00597	0.00797	0.01331	0.08368	0.01532	0.75338	0.03314	0.00361	0.00381	0.03953	0.00251	0.00250
3	0.00494	0.00354	0.00456	0.00526	0.00564	0.00329	0.00359	0.00562	0.00767	0.01009	0.04605	0.65090	0.11969	0.04736	0.00593	0.03132	0.00237	0.03549	0.00354	0.00314
4	0.03054	0.00721	0.00938	0.02996	0.01018	0.02099	0.09932	0.18828	0.08459	0.01538	0.16716	0.06451	0.07395	0.05574	0.05424	0.00169	0.00401	0.03489	0.00334	0.04463
5	0.01101	0.21129	0.09672	0.01228	0.11040	0.03913	0.23754	0.06043	0.00957	0.12482	0.00842	0.02461	0.00653	0.00395	0.00400	0.00116	0.02659	0.00359	0.00240	0.00556
6	0.00496	0.00400	0.00446	0.00469	0.00576	0.00353	0.00353	0.00618	0.02274	0.01092	0.06813	0.19247	0.55235	0.01030	0.00477	0.00142	0.00222	0.09051	0.00367	0.00338
7	0.00544	0.00400	0.00450	0.00449	0.00561	0.00348	0.00331	0.00657	0.00913	0.04596	0.17817	0.15704	0.50229	0.02481	0.00489	0.00138	0.00209	0.00815	0.02521	0.00349
8	0.01036	0.04651	0.03658	0.03802	0.12731	0.17902	0.23159	0.04208	0.04317	0.04537	0.00974	0.06393	0.03144	0.00548	0.03226	0.00140	0.04402	0.00423	0.00237	0.00509
9	0.00817	0.00793	0.03261	0.45044	0.11419	0.04604	0.03266	0.05173	0.02990	0.01176	0.08053	0.05208	0.00968	0.03767	0.00478	0.00138	0.01732	0.00424	0.00229	0.00462
10	0.01598	0.00817	0.02543	0.00759	0.01063	0.00775	0.00635	0.25948	0.03286	0.53334	0.01432	0.01292	0.03649	0.00497	0.00396	0.00121	0.00362	0.00396	0.00445	0.00653
11	0.00662	0.01340	0.03018	0.03060	0.10109	0.02654	0.00527	0.02875	0.02345	0.03183	0.14886	0.02808	0.44501	0.00823	0.01565	0.00136	0.02455	0.02308	0.00336	0.00409
12	0.00848	0.10728	0.40928	0.05582	0.04327	0.01929	0.15105	0.02303	0.00879	0.02852	0.04685	0.02825	0.04428	0.00430	0.00388	0.00122	0.00522	0.00378	0.00208	0.00532
13	0.00986	0.10376	0.43889	0.01097	0.01527	0.19963	0.11057	0.02449	0.00913	0.01159	0.00714	0.02804	0.00563	0.00392	0.00370	0.00117	0.00592	0.00314	0.00186	0.00532
14	0.19234	0.33701	0.27885	0.00826	0.01219	0.02637	0.03610	0.03192	0.00821	0.02815	0.00634	0.00731	0.00501	0.00360	0.00303	0.00108	0.00458	0.00252	0.00196	0.00518
15	0.03773	0.03397	0.07174	0.00794	0.01059	0.02044	0.00676	0.29694	0.24463	0.08173	0.03793	0.03416	0.01011	0.05231	0.01890	0.00145	0.00390	0.00411	0.01884	0.00580
16	0.00625	0.02538	0.02655	0.00613	0.00713	0.00460	0.03176	0.04327	0.03638	0.04084	0.07669	0.56700	0.09239	0.01023	0.00472	0.00147	0.00265	0.00917	0.00360	0.00379
17	0.00614	0.02177	0.02663	0.00595	0.00678	0.00459	0.02493	0.04893	0.02520	0.02106	0.04780	0.45622	0.06404	0.16399	0.00751	0.00191	0.00297	0.05670	0.00334	0.00353
18	0.00922	0.30978	0.48874	0.00943	0.01413	0.01150	0.01118	0.05882	0.03172	0.01213	0.00688	0.00784	0.00528	0.00370	0.00333	0.00110	0.00508	0.00270	0.00186	0.00559
19	0.00532	0.00370	0.00456	0.00487	0.00513	0.00356	0.00313	0.00591	0.00732	0.00988	0.14301	0.33856	0.03649	0.38295	0.01148	0.00250	0.00290	0.02262	0.00319	0.00292
20	0.00667	0.00427	0.00530	0.00549	0.00636	0.00407	0.00397	0.02090	0.05099	0.08581	0.09367	0.44128	0.10481	0.04525	0.00525	0.00153	0.00247	0.04440	0.06371	0.00378
21	0.03316	0.04906	0.18585	0.00967	0.01259	0.51464	0.00866	0.04970	0.02293	0.03173	0.00816	0.00892	0.03984	0.00425	0.00359	0.00109	0.00612	0.00292	0.00219	0.00494
22	0.05830	0.00883	0.00842	0.00730	0.00936	0.16221	0.02623	0.14253	0.04166	0.08570	0.04472	0.12798	0.10517	0.00691	0.02449	0.00132	0.00402	0.03537	0.01111	0.08834
23	0.00529	0.00381	0.00431	0.00441	0.00498	0.00354	0.00290	0.00597	0.00763	0.01003	0.11200	0.15433	0.26321	0.35165	0.01075	0.00233	0.00274	0.00735	0.03979	0.00297
24	0.00631	0.00429	0.00508	0.00508	0.00559	0.00424	0.00337	0.04489	0.02855	0.03401	0.09178	0.22183	0.05903	0.43157	0.01225	0.00261	0.00316	0.03005	0.00313	0.00319
25	0.09717	0.00861	0.02946	0.05189	0.03426	0.09458	0.02800	0.02193	0.07478	0.01331	0.06018	0.02485	0.01815	0.00406	0.00336	0.00093	0.00365	0.01261	0.00257	0.41564
26	0.03690	0.00911	0.04294	0.05193	0.06122	0.05829	0.03006	0.15483	0.14534	0.18273	0.02163	0.01167	0.00839	0.00714	0.08693	0.00174	0.05909	0.00375	0.00325	0.02308
27	0.00484	0.00355	0.00459	0.00532	0.00574	0.00330	0.00366	0.00565	0.00781	0.01028	0.04958	0.68530	0.12922	0.01229	0.02846	0.00168	0.00249	0.02940	0.00362	0.00324
28	0.01054	0.00783	0.00998	0.02298	0.07422	0.00824	0.05010	0.31035	0.04842	0.07231	0.04479	0.11771	0.08494	0.00662	0.00450	0.00132	0.02441	0.07446	0.02098	0.00530
29	0.01022	0.05463	0.08895	0.04447	0.11391	0.04079	0.06544	0.07730	0.06346	0.15026	0.15693	0.05247	0.01362	0.04435	0.00477	0.00134	0.00401	0.00462	0.00319	0.00526
30	0.02881	0.00638	0.03088	0.07755	0.16592	0.00644	0.07120	0.00871	0.00761	0.01084	0.04614	0.09551	0.02575	0.11332	0.21990	0.00288	0.03044	0.03045	0.01712	0.00417
31	0.00579	0.00413	0.00497	0.00519	0.00611	0.00384	0.00379	0.02147	0.03231	0.04582	0.10292	0.37148	0.28312	0.01076	0.02879	0.00157	0.00252	0.04023	0.02157	0.00360
32	0.03871	0.08745	0.01153	0.06251	0.17430	0.04204	0.03821	0.09484	0.07878	0.04404	0.01143	0.09184	0.03887	0.00801	0.09436	0.00179	0.03683	0.02768	0.00269	0.01410
33	0.10022	0.06140	0.05563	0.04395	0.19186	0.07791	0.06832	0.15365	0.05372	0.07642	0.03228	0.01075	0.00762	0.04421	0.00446	0.00130	0.00453	0.00354	0.00272	0.00551
34	0.00770	0.07395	0.10372	0.00707	0.02288	0.01811	0.01675	0.07113	0.02534	0.05439	0.09195	0.18161	0.16633	0.02788	0.00489	0.00140	0.02059	0.08793	0.00325	0.01312

[dist]
# distance from previous block
# <min> <max>
4	31

[block]
# block no. 6 follows, 69 sequences, length 31
# corresponding to MSA columns:
# 420-450
name=unknown_G
#
# <colnr> <probs for GDERKNQSTAVLIFYWHMCP>
#	G	D	E	R	K	N	Q	S	T	A	V	L	I	F	Y	W	H	M	C	P
0	0.00880	0.05001	0.05304	0.03243	0.05002	0.10195	0.07863	0.07130	0.12084	0.02798	0.04448	0.08412	0.17605	0.00756	0.04787	0.00153	0.01751	0.01815	0.00298	0.00474
1	0.00619	0.00471	0.00649	0.00635	0.00714	0.00544	0.00490	0.01678	0.07261	0.01034	0.04537	0.04711	0.01165	0.05507	0.60502	0.00496	0.04202	0.00459	0.03951	0.00374
2	0.02131	0.02463	0.06078	0.02741	0.01093	0.23011	0.04802	0.14660	0.03700	0.02776	0.02014	0.15387	0.05359	0.05036	0.00529	0.00137	0.04771	0.00491	0.00281	0.02538
3	0.06075	0.01060	0.01152	0.06746	0.12285	0.19697	0.06850	0.10267	0.09170	0.11235	0.00971	0.05355	0.00777	0.00458	0.00393	0.00118	0.01568	0.00377	0.00285	0.05162
4	0.03952	0.00461	0.00577	0.00544	0.00668	0.00450	0.00418	0.00885	0.04057	0.10384	0.31098	0.07080	0.16755	0.02213	0.16852	0.00230	0.00389	0.02222	0.00367	0.00399
5	0.00508	0.00368	0.00469	0.00538	0.00574	0.00350	0.00364	0.00607	0.03133	0.01015	0.03761	0.65531	0.07172	0.09943	0.00650	0.00180	0.00248	0.03914	0.00353	0.00322
6	0.05782	0.07925	0.02040	0.06871	0.01126	0.10422	0.00661	0.13951	0.28768	0.03835	0.04790	0.07849	0.01120	0.00550	0.00386	0.00125	0.00391	0.02544	0.00329	0.00535
7	0.00567	0.00404	0.00493	0.00509	0.00596	0.00376	0.00366	0.00720	0.04343	0.04103	0.21938	0.34573	0.22426	0.02492	0.02366	0.00155	0.00237	0.00854	0.02121	0.00359
8	0.00553	0.00380	0.00457	0.00467	0.00490	0.00380	0.00293	0.00580	0.00625	0.00830	0.01543	0.12181	0.08886	0.54783	0.11916	0.04054	0.00427	0.00628	0.00257	0.00267
9	0.00833	0.01546	0.46171	0.03710	0.03561	0.00923	0.32431	0.01219	0.00867	0.01236	0.00837	0.01014	0.03036	0.00375	0.00411	0.00128	0.00595	0.00375	0.00185	0.00549
10	0.00756	0.00554	0.00660	0.00671	0.02606	0.01791	0.00491	0.03824	0.15920	0.07589	0.03848	0.33426	0.11547	0.04192	0.00545	0.00155	0.02846	0.07787	0.00365	0.00428
11	0.00509	0.00359	0.00441	0.00494	0.00516	0.00341	0.00315	0.00556	0.00697	0.00920	0.01957	0.51087	0.07625	0.31131	0.01024	0.00235	0.00279	0.00904	0.00319	0.00291
12	0.00542	0.00398	0.00500	0.00500	0.00585	0.00370	0.00365	0.00716	0.03266	0.01383	0.51814	0.21960	0.12375	0.00906	0.00465	0.00132	0.00200	0.00800	0.02362	0.00361
13	0.03252	0.01198	0.02934	0.00879	0.01150	0.19935	0.00715	0.47046	0.03999	0.07400	0.03863	0.04025	0.00833	0.00493	0.00387	0.00117	0.00468	0.00371	0.00348	0.00587
14	0.00771	0.15320	0.04535	0.00683	0.00853	0.07495	0.05858	0.02700	0.01855	0.01011	0.02978	0.02940	0.18391	0.20734	0.07133	0.00219	0.04195	0.01688	0.00251	0.00390
15	0.00946	0.00911	0.01547	0.02107	0.66414	0.00883	0.07593	0.01179	0.00885	0.01278	0.00737	0.00957	0.00614	0.00340	0.00381	0.00110	0.00458	0.00343	0.00199	0.12117
16	0.07103	0.00732	0.01978	0.00774	0.01064	0.00636	0.13145	0.04092	0.02377	0.13833	0.01057	0.12066	0.00924	0.02307	0.00400	0.00108	0.00358	0.00422	0.00291	0.36333
17	0.00578	0.00422	0.00525	0.00506	0.00606	0.00399	0.00378	0.00766	0.04236	0.03115	0.48530	0.07187	0.18364	0.04172	0.07249	0.00178	0.00277	0.01754	0.00389	0.00369
18	0.04637	0.00663	0.00862	0.00678	0.00958	0.00593	0.00558	0.05543	0.01112	0.64116	0.05680	0.01535	0.03538	0.00525	0.00395	0.00121	0.00325	0.03390	0.00451	0.04322
19	0.06176	0.04468	0.06484	0.00835	0.01151	0.01869	0.08798	0.10326	0.04561	0.46719	0.01264	0.03705	0.00873	0.00471	0.00388	0.00122	0.00395	0.00394	0.00389	0.00612
20	0.00627	0.00583	0.04084	0.00601	0.02494	0.02905	0.01935	0.03628	0.05559	0.01311	0.27767	0.03826	0.35956	0.00882	0.02783	0.00143	0.00284	0.03871	0.00364	0.00396
21	0.00535	0.00378	0.00427	0.00441	0.00471	0.00361	0.00271	0.00567	0.00668	0.00867	0.03056	0.15778	0.17487	0.55373	0.01446	0.00294	0.00319	0.00706	0.00284	0.00270
22	0.01084	0.00856	0.00955	0.00800	0.01034	0.00952	0.00639	0.24039	0.36990	0.04629	0.01244	0.04330	0.00974	0.00629	0.04084	0.00146	0.06241	0.00412	0.00358	0.09604
23	0.00979	0.02800	0.09287	0.02365	0.19769	0.03339	0.34369	0.11460	0.01006	0.01371	0.00860	0.06415	0.00721	0.00427	0.00448	0.00127	0.03045	0.00434	0.00228	0.00551
24	0.00546	0.00420	0.00492	0.00498	0.00599	0.00387	0.00368	0.04077	0.01926	0.01247	0.23909	0.24730	0.34581	0.00980	0.00472	0.00138	0.00219	0.03672	0.00383	0.00356
25	0.11340	0.36016	0.12996	0.00784	0.01877	0.07829	0.01665	0.08578	0.03404	0.02580	0.02428	0.00799	0.00612	0.00376	0.00306	0.00100	0.00436	0.00264	0.00222	0.07387
26	0.44227	0.03380	0.00818	0.01629	0.00942	0.13465	0.00557	0.08398	0.16677	0.01610	0.00814	0.00875	0.00633	0.00519	0.03856	0.00141	0.00413	0.00285	0.00275	0.00487
27	0.00574	0.00379	0.00435	0.00435	0.00436	0.00381	0.00247	0.00570	0.00569	0.00760	0.01210	0.02491	0.01387	0.81200	0.03626	0.03880	0.00392	0.00558	0.00234	0.00237
28	0.00820	0.12635	0.03203	0.00829	0.03541	0.04986	0.08686	0.00943	0.00760	0.04713	0.02397	0.15377	0.01149	0.16215	0.06470	0.00210	0.13407	0.00513	0.02737	0.00410
29	0.04288	0.04059	0.00835	0.00599	0.00901	0.00576	0.00483	0.02432	0.00882	0.17141	0.01875	0.06688	0.03315	0.01123	0.00343	0.00087	0.00299	0.00348	0.00296	0.53431
30	0.04537	0.15113	0.11826	0.00748	0.02306	0.05971	0.00676	0.10014	0.02296	0.02521	0.01076	0.06109	0.07343	0.00568	0.03694	0.00122	0.01477	0.00366	0.00252	0.22987

[dist]
# distance from previous block
# <min> <max>
1	15

[block]
# block no. 7 follows, 69 sequences, length 18
# corresponding to MSA columns:
# 466-473,475-484
name=unknown_H
#
# <colnr> <probs for GDERKNQSTAVLIFYWHMCP>
#	G	D	E	R	K	N	Q	S	T	A	V	L	I	F	Y	W	H	M	C	P
0	0.06706	0.03581	0.04508	0.00911	0.12492	0.01717	0.02898	0.06909	0.11153	0.04700	0.07818	0.20682	0.04762	0.00667	0.00404	0.00128	0.00328	0.01569	0.07591	0.00478
1	0.01097	0.05721	0.09014	0.04351	0.32949	0.16562	0.06879	0.05855	0.03390	0.05404	0.00794	0.01873	0.00634	0.00388	0.00377	0.00113	0.00513	0.00336	0.00226	0.03525
2	0.20421	0.00660	0.00724	0.00575	0.00846	0.00604	0.00465	0.03959	0.00915	0.22423	0.04128	0.01397	0.12086	0.00478	0.00339	0.00103	0.00291	0.00372	0.01796	0.27418
3	0.01113	0.01123	0.00940	0.00847	0.01988	0.33111	0.02507	0.13619	0.01099	0.04049	0.07077	0.16208	0.03229	0.00662	0.01948	0.00130	0.04718	0.00489	0.02592	0.02553
4	0.00901	0.27153	0.14698	0.02305	0.02799	0.03097	0.12433	0.05697	0.03297	0.01169	0.01009	0.06334	0.02424	0.01807	0.03232	0.00142	0.02084	0.08695	0.00230	0.00493
5	0.00553	0.00389	0.00488	0.00496	0.00538	0.00389	0.00337	0.00622	0.00716	0.00971	0.14181	0.11274	0.08478	0.36823	0.16607	0.03283	0.00441	0.02834	0.00287	0.00296
6	0.00786	0.02028	0.84191	0.01117	0.01697	0.00910	0.01448	0.01242	0.00828	0.01242	0.00704	0.00828	0.00497	0.00372	0.00372	0.00124	0.00579	0.00290	0.00166	0.00579
7	0.00852	0.00845	0.03930	0.06385	0.31337	0.04850	0.03582	0.02064	0.08113	0.01211	0.05405	0.09578	0.03595	0.03713	0.03345	0.00155	0.08827	0.00473	0.01237	0.00502
8	0.00923	0.03030	0.03922	0.04879	0.28610	0.09432	0.02949	0.07169	0.05345	0.01302	0.10689	0.03351	0.02776	0.00773	0.10128	0.00179	0.03354	0.00421	0.00255	0.00512
9	0.01105	0.00891	0.00942	0.00805	0.01047	0.01010	0.00638	0.25511	0.54647	0.01862	0.01457	0.01370	0.03188	0.00524	0.00395	0.00127	0.00339	0.00424	0.03100	0.00619
10	0.00492	0.00370	0.00451	0.00505	0.00562	0.00339	0.00347	0.00591	0.02320	0.01051	0.07454	0.55104	0.23019	0.04786	0.00551	0.00159	0.00226	0.00982	0.00363	0.00327
11	0.00486	0.00347	0.00464	0.00555	0.00582	0.00325	0.00378	0.00560	0.00759	0.01010	0.02156	0.81649	0.02575	0.01221	0.00503	0.00160	0.00235	0.05351	0.00364	0.00321
12	0.88991	0.00758	0.00576	0.00516	0.00758	0.00879	0.00425	0.01152	0.00667	0.01759	0.00546	0.00637	0.00425	0.00364	0.00243	0.00121	0.00303	0.00212	0.00243	0.00425
13	0.00849	0.00713	0.00849	0.00679	0.04486	0.00585	0.00511	0.06596	0.02662	0.01391	0.07507	0.01015	0.00856	0.00352	0.00318	0.00072	0.00299	0.00289	0.00261	0.69709
14	0.00494	0.00376	0.00436	0.00471	0.00541	0.00339	0.00327	0.00574	0.00808	0.01028	0.07396	0.33840	0.35392	0.13100	0.00695	0.00178	0.00239	0.03102	0.00350	0.00316
15	0.00503	0.00356	0.00466	0.00531	0.00554	0.00347	0.00351	0.00565	0.00704	0.00946	0.01877	0.61866	0.02215	0.17854	0.08709	0.00246	0.00334	0.00944	0.00325	0.00306
16	0.03912	0.00865	0.01156	0.41266	0.04994	0.03776	0.03618	0.18025	0.14550	0.02628	0.00904	0.01069	0.00672	0.00428	0.00389	0.00126	0.00468	0.00362	0.00265	0.00527
17	0.00544	0.00387	0.00477	0.00517	0.00589	0.00358	0.00365	0.00664	0.03068	0.03857	0.08188	0.50395	0.22206	0.01139	0.03337	0.00163	0.00250	0.00935	0.02213	0.00347

[dist]
# distance from previous block
# <min> <max>
0	3

[block]
# block no. 8 follows, 69 sequences, length 8
# corresponding to MSA columns:
# 488-495
name=unknown_I
#
# <colnr> <probs for GDERKNQSTAVLIFYWHMCP>
#	G	D	E	R	K	N	Q	S	T	A	V	L	I	F	Y	W	H	M	C	P
0	0.01490	0.01098	0.01177	0.00902	0.01216	0.01216	0.00745	0.82470	0.01843	0.02471	0.00941	0.00941	0.00667	0.00471	0.00392	0.00118	0.00431	0.00353	0.00392	0.00667
1	0.00813	0.00687	0.00788	0.00579	0.00901	0.00541	0.00462	0.05665	0.00882	0.01322	0.01076	0.01150	0.09846	0.00379	0.00316	0.00070	0.00288	0.00306	0.00256	0.73672
2	0.00498	0.00359	0.00459	0.00527	0.00563	0.00336	0.00358	0.00573	0.00767	0.01014	0.06014	0.61608	0.09373	0.10660	0.00664	0.00181	0.00247	0.05131	0.00353	0.00315
3	0.01067	0.07053	0.06681	0.00895	0.01117	0.27333	0.08231	0.09690	0.01030	0.04683	0.03091	0.17163	0.05675	0.00610	0.00437	0.00123	0.03881	0.00497	0.00273	0.00469
4	0.02517	0.11107	0.07155	0.03890	0.02924	0.04452	0.00663	0.06774	0.04329	0.10668	0.00949	0.02635	0.02630	0.01720	0.05880	0.00138	0.04479	0.00329	0.00263	0.26497
5	0.01138	0.05019	0.12129	0.01027	0.06002	0.17818	0.07516	0.17597	0.05702	0.06662	0.02529	0.04562	0.05579	0.00501	0.00433	0.00121	0.04447	0.00399	0.00281	0.00539
6	0.00746	0.00590	0.04513	0.00596	0.00755	0.00531	0.00487	0.06360	0.10225	0.07054	0.41126	0.04227	0.13058	0.03159	0.00490	0.00136	0.00261	0.04852	0.00397	0.00437
7	0.08024	0.00739	0.00887	0.00703	0.00974	0.00726	0.00572	0.16988	0.06849	0.48307	0.05251	0.01333	0.01032	0.03047	0.00431	0.00128	0.00339	0.00396	0.02662	0.00611

[dist]
# distance from previous block
# <min> <max>
0	1

[block]
# block no. 9 follows, 69 sequences, length 6
# corresponding to MSA columns:
# 497-502
name=unknown_J
#
# <colnr> <probs for GDERKNQSTAVLIFYWHMCP>
#	G	D	E	R	K	N	Q	S	T	A	V	L	I	F	Y	W	H	M	C	P
0	0.04196	0.03007	0.02866	0.08995	0.16832	0.06305	0.04700	0.07615	0.03800	0.11625	0.04105	0.04454	0.00919	0.04723	0.07123	0.00173	0.03638	0.00404	0.02061	0.02459
1	0.00997	0.01080	0.00842	0.00779	0.00922	0.35666	0.00590	0.05618	0.03244	0.01092	0.06242	0.04722	0.09279	0.04370	0.19857	0.00244	0.03349	0.00435	0.00257	0.00415
2	0.00559	0.00394	0.00514	0.00520	0.00551	0.00421	0.00352	0.00622	0.00608	0.00840	0.01225	0.08165	0.01324	0.45433	0.36282	0.00468	0.00648	0.00547	0.00235	0.00290
3	0.24063	0.13494	0.08309	0.00836	0.05775	0.04433	0.04886	0.07365	0.03388	0.11288	0.02461	0.02985	0.03033	0.02025	0.00364	0.00119	0.00396	0.00335	0.00272	0.04171
4	0.15493	0.14900	0.11117	0.03858	0.01211	0.14893	0.04739	0.11116	0.00992	0.08154	0.00737	0.00817	0.00561	0.00382	0.00330	0.00106	0.00464	0.00279	0.00247	0.09604
5	0.14817	0.06384	0.09543	0.00715	0.00962	0.13322	0.00624	0.10972	0.02656	0.05612	0.05488	0.05140	0.02748	0.05122	0.03101	0.00142	0.00424	0.00376	0.05662	0.06188

[dist]
# distance from previous block
# <min> <max>
2	28

[block]
# block no. 10 follows, 69 sequences, length 29
# corresponding to MSA columns:
# 532-560
name=unknown_K
#
# <colnr> <probs for GDERKNQSTAVLIFYWHMCP>
#	G	D	E	R	K	N	Q	S	T	A	V	L	I	F	Y	W	H	M	C	P
0	0.00903	0.07720	0.01386	0.02762	0.18923	0.04200	0.17886	0.05498	0.01819	0.01253	0.04030	0.01261	0.00851	0.02975	0.08589	0.00167	0.00520	0.04059	0.00232	0.14965
1	0.02718	0.09155	0.01333	0.10090	0.02923	0.04254	0.18615	0.13186	0.10848	0.05721	0.03136	0.05653	0.05015	0.02540	0.00440	0.00130	0.00448	0.01548	0.00287	0.01963
2	0.00997	0.06716	0.21559	0.03612	0.03159	0.04636	0.40950	0.05002	0.00948	0.06487	0.00796	0.00968	0.00586	0.00366	0.00421	0.00125	0.01527	0.00381	0.00215	0.00549
3	0.00590	0.00497	0.00637	0.00662	0.04969	0.00475	0.03996	0.00834	0.10943	0.01187	0.10061	0.23035	0.35703	0.00917	0.00463	0.00139	0.00258	0.03886	0.00358	0.00392
4	0.03075	0.06102	0.07715	0.03077	0.20301	0.27672	0.02570	0.04438	0.02680	0.04211	0.02806	0.03096	0.02327	0.00442	0.00400	0.00113	0.03310	0.01073	0.00232	0.04359
5	0.05812	0.06392	0.03762	0.02510	0.02165	0.08515	0.05191	0.18457	0.06147	0.07112	0.03580	0.04076	0.10032	0.01110	0.00448	0.00128	0.04115	0.07537	0.00314	0.02596
6	0.00741	0.00528	0.00566	0.00539	0.00680	0.04099	0.00405	0.02710	0.06106	0.11936	0.09950	0.20441	0.38014	0.00894	0.00452	0.00134	0.00255	0.00762	0.00381	0.00406
7	0.05915	0.00792	0.00957	0.04151	0.06271	0.08661	0.00700	0.01969	0.02362	0.04694	0.05351	0.01312	0.00912	0.05131	0.17772	0.00253	0.29468	0.02668	0.00231	0.00430
8	0.04600	0.09180	0.41757	0.03815	0.01542	0.04234	0.10125	0.12742	0.05848	0.01414	0.00775	0.00884	0.00572	0.00389	0.00371	0.00120	0.00529	0.00317	0.00220	0.00566
9	0.10435	0.00967	0.01001	0.00802	0.01080	0.03029	0.00653	0.49148	0.13481	0.08178	0.01227	0.01191	0.06052	0.00501	0.00381	0.00121	0.00385	0.00383	0.00378	0.00608
10	0.00574	0.00407	0.00494	0.00533	0.00611	0.00381	0.00385	0.04365	0.00866	0.03096	0.04491	0.49293	0.21766	0.01066	0.00476	0.00148	0.00238	0.06253	0.04207	0.00352
11	0.00938	0.01020	0.05167	0.04739	0.09742	0.03197	0.51759	0.01249	0.03099	0.04434	0.06241	0.01165	0.00819	0.00396	0.00477	0.00130	0.04233	0.00443	0.00226	0.00527
12	0.01216	0.00973	0.00924	0.00802	0.01012	0.17464	0.00626	0.12569	0.24086	0.17412	0.05709	0.09830	0.01193	0.00580	0.00436	0.00126	0.03664	0.00462	0.00365	0.00551
13	0.00833	0.04097	0.66979	0.01064	0.01569	0.06267	0.03304	0.01262	0.04126	0.01232	0.02443	0.00983	0.03312	0.00407	0.00376	0.00122	0.00555	0.00321	0.00190	0.00558
14	0.00750	0.00706	0.01039	0.00903	0.00984	0.02694	0.10164	0.00919	0.04450	0.01008	0.01004	0.12331	0.01016	0.05633	0.19148	0.00273	0.33940	0.02404	0.00227	0.00407
15	0.02933	0.00979	0.01378	0.06858	0.49028	0.10311	0.04120	0.04510	0.00972	0.09765	0.02088	0.01097	0.03397	0.00404	0.00389	0.00117	0.00473	0.00365	0.00242	0.00577
16	0.00755	0.00527	0.00636	0.00594	0.00726	0.00527	0.00458	0.08822	0.09385	0.06667	0.32037	0.11984	0.10358	0.04924	0.01911	0.00155	0.00277	0.08439	0.00394	0.00426
17	0.00538	0.00406	0.00479	0.00483	0.00584	0.00369	0.00354	0.00691	0.03618	0.02811	0.27615	0.21789	0.35226	0.01000	0.02099	0.00145	0.00224	0.00827	0.00385	0.00356
18	0.00641	0.00528	0.00720	0.00649	0.00782	0.00509	0.09276	0.06356	0.06176	0.01223	0.08661	0.27279	0.25501	0.07059	0.00573	0.00156	0.00293	0.01438	0.01790	0.00387
19	0.01100	0.41758	0.14583	0.00873	0.01211	0.18735	0.04555	0.05767	0.04199	0.01109	0.00668	0.00765	0.00553	0.00425	0.02083	0.00111	0.00525	0.00264	0.00198	0.00516
20	0.04148	0.00713	0.01174	0.48245	0.10169	0.00834	0.06698	0.00989	0.00798	0.01096	0.04017	0.05859	0.00859	0.02208	0.00507	0.00141	0.07040	0.03852	0.00210	0.00444
21	0.00516	0.00395	0.00574	0.00605	0.00664	0.00368	0.05616	0.00612	0.00786	0.01050	0.04269	0.68958	0.08132	0.01123	0.00490	0.00154	0.00254	0.02784	0.02315	0.00336
22	0.00618	0.00387	0.00458	0.00455	0.00470	0.00384	0.00271	0.00619	0.00599	0.03973	0.01256	0.07163	0.01411	0.70088	0.03653	0.06735	0.00382	0.00575	0.00249	0.00256
23	0.03321	0.00773	0.05701	0.00661	0.00806	0.08816	0.00520	0.11866	0.02863	0.06580	0.05228	0.01733	0.01147	0.32136	0.15140	0.00300	0.01280	0.00449	0.00275	0.00406
24	0.00473	0.00392	0.00411	0.00416	0.00534	0.00334	0.00307	0.00573	0.00890	0.01082	0.09135	0.10337	0.69890	0.02849	0.00500	0.00139	0.00204	0.00837	0.00366	0.00331
25	0.00705	0.00518	0.00592	0.00550	0.00685	0.00519	0.00420	0.07573	0.12684	0.02828	0.32230	0.07470	0.18655	0.02476	0.00465	0.00132	0.00239	0.02755	0.08083	0.00420
26	0.01133	0.69423	0.01868	0.00734	0.01048	0.14214	0.00688	0.05165	0.00895	0.01003	0.00573	0.00656	0.00511	0.00352	0.00274	0.00088	0.00464	0.00223	0.00184	0.00504
27	0.00980	0.00924	0.01530	0.06250	0.73707	0.00941	0.01159	0.04457	0.03816	0.01327	0.00774	0.00990	0.00638	0.00363	0.00389	0.00118	0.00462	0.00353	0.00208	0.00614
28	0.00483	0.00380	0.00457	0.03459	0.00627	0.00345	0.00361	0.00576	0.00828	0.01047	0.05846	0.43884	0.38142	0.01080	0.00479	0.00145	0.00224	0.00947	0.00360	0.00330

[dist]
# distance from previous block
# <min> <max>
0	1

[block]
# block no. 11 follows, 69 sequences, length 31
# corresponding to MSA columns:
# 562-592
name=unknown_L
#
# <colnr> <probs for GDERKNQSTAVLIFYWHMCP>
#	G	D	E	R	K	N	Q	S	T	A	V	L	I	F	Y	W	H	M	C	P
0	0.00511	0.00396	0.00441	0.00431	0.00537	0.00349	0.00316	0.00633	0.00936	0.01218	0.30157	0.03318	0.47520	0.08041	0.00585	0.00149	0.00209	0.00752	0.03165	0.00337
1	0.03536	0.00699	0.01157	0.82595	0.02639	0.00871	0.01068	0.01006	0.00780	0.01026	0.00692	0.01032	0.00519	0.00391	0.00387	0.00130	0.00516	0.00344	0.00176	0.00435
2	0.46862	0.00784	0.00763	0.00640	0.00879	0.02953	0.00525	0.09004	0.00912	0.21308	0.03373	0.00993	0.02694	0.00454	0.00380	0.00124	0.06224	0.00309	0.00317	0.00502
3	0.19713	0.01027	0.01052	0.00822	0.01120	0.01146	0.00678	0.65535	0.01598	0.02322	0.00859	0.00878	0.00616	0.00448	0.00361	0.00118	0.00405	0.00324	0.00361	0.00616
4	0.02976	0.02743	0.14861	0.00977	0.10419	0.10548	0.02175	0.06727	0.05811	0.04796	0.04930	0.05968	0.00886	0.00442	0.00362	0.00104	0.00420	0.00363	0.00260	0.24234
5	0.00955	0.04399	0.37019	0.03637	0.15178	0.06181	0.11460	0.03960	0.04218	0.04478	0.00780	0.00921	0.00585	0.00385	0.00405	0.00121	0.02638	0.00331	0.00208	0.02141
6	0.01278	0.00962	0.01034	0.00830	0.01109	0.01061	0.00672	0.48423	0.27122	0.04357	0.01162	0.01126	0.00848	0.00481	0.00385	0.00119	0.00376	0.00377	0.03345	0.04933
7	0.00740	0.00697	0.01176	0.85280	0.02700	0.00871	0.01089	0.01002	0.00784	0.01002	0.00697	0.01045	0.00523	0.00392	0.00392	0.00131	0.00523	0.00348	0.00174	0.00436
