[name]
unknown

[dist]
# distance from previous block
# <min> <max>
17	76

[block]
# block no. 0 follows, 62 sequences, length 20
# corresponding to MSA columns:
# 96-115
name=unknown_A
#
# <colnr> <probs for GDERKNQSTAVLIFYWHMCP>
#	G	D	E	R	K	N	Q	S	T	A	V	L	I	F	Y	W	H	M	C	P
0	0.02970	0.04036	0.06730	0.04018	0.01589	0.02890	0.36958	0.01208	0.02977	0.03103	0.04063	0.04504	0.02953	0.10121	0.00693	0.00168	0.04336	0.00500	0.00251	0.05931
1	0.04235	0.11061	0.41391	0.01002	0.01431	0.07427	0.03123	0.04101	0.00949	0.03276	0.00997	0.13270	0.00900	0.00541	0.00403	0.00130	0.00528	0.00438	0.00239	0.04559
2	0.03216	0.02736	0.04027	0.03060	0.11416	0.12808	0.19363	0.05967	0.04229	0.01349	0.01287	0.19165	0.02845	0.00647	0.00459	0.00140	0.00513	0.03491	0.00285	0.02998
3	0.06674	0.04324	0.03845	0.00764	0.02210	0.00680	0.08836	0.07448	0.02862	0.08558	0.07674	0.12452	0.30383	0.00804	0.00463	0.00141	0.00343	0.00692	0.00368	0.00480
4	0.02639	0.44400	0.05780	0.04739	0.07185	0.12197	0.00854	0.15169	0.01113	0.01362	0.00706	0.00811	0.00586	0.00406	0.00338	0.00107	0.00514	0.00283	0.00233	0.00579
5	0.01042	0.17587	0.26265	0.05048	0.06087	0.04038	0.10415	0.08773	0.03555	0.01405	0.00794	0.00932	0.00615	0.00396	0.00384	0.00117	0.00538	0.00329	0.00228	0.11454
6	0.19845	0.17182	0.03204	0.00933	0.03081	0.37951	0.00750	0.07746	0.01090	0.03683	0.00695	0.00784	0.00560	0.00421	0.00343	0.00114	0.00572	0.00272	0.00245	0.00528
7	0.00681	0.00585	0.00792	0.09224	0.01016	0.00622	0.04037	0.02375	0.06018	0.01308	0.18857	0.13152	0.26104	0.00972	0.03661	0.00169	0.08910	0.00735	0.00357	0.00425
8	0.00576	0.00422	0.00486	0.00484	0.00593	0.00378	0.00358	0.00726	0.01035	0.01406	0.33534	0.11850	0.34813	0.00958	0.00483	0.00138	0.00211	0.00824	0.10346	0.00378
9	0.00790	0.00407	0.00437	0.00440	0.00536	0.00403	0.00325	0.00968	0.00883	0.04200	0.01499	0.11096	0.01295	0.02473	0.02693	0.00132	0.00240	0.00497	0.70289	0.00398
10	0.00844	0.00834	0.01523	0.67598	0.02789	0.00971	0.17095	0.01142	0.00881	0.01142	0.00777	0.01137	0.00583	0.00412	0.00441	0.00142	0.00597	0.00403	0.00194	0.00493
11	0.00545	0.00393	0.00514	0.00583	0.00630	0.00367	0.00407	0.00647	0.00889	0.01190	0.14747	0.59191	0.07653	0.04027	0.00591	0.00175	0.00253	0.06442	0.00402	0.00355
12	0.00535	0.00440	0.00488	0.00487	0.00606	0.00393	0.00363	0.00656	0.00989	0.01243	0.18452	0.11973	0.57336	0.01055	0.00533	0.00146	0.02644	0.00890	0.00403	0.00369
13	0.07950	0.10114	0.00624	0.00448	0.00590	0.00589	0.00360	0.01045	0.00875	0.01546	0.01232	0.01410	0.00977	0.00472	0.00292	0.00101	0.00238	0.00364	0.70352	0.00419
14	0.01115	0.00914	0.01021	0.07634	0.01272	0.01015	0.00712	0.12372	0.53074	0.04096	0.01446	0.01392	0.01080	0.00525	0.00418	0.00132	0.00371	0.00432	0.00394	0.10584
15	0.01117	0.01126	0.10340	0.02185	0.01243	0.05028	0.00801	0.08680	0.57906	0.03481	0.01501	0.01453	0.01126	0.00549	0.00428	0.00141	0.00407	0.01440	0.00391	0.00658
16	0.54565	0.00859	0.02780	0.00728	0.03911	0.00938	0.00572	0.05531	0.10064	0.05617	0.03811	0.01057	0.00789	0.04277	0.00435	0.00147	0.02776	0.00325	0.00305	0.00512
17	0.01115	0.11120	0.03982	0.01443	0.03907	0.02164	0.45883	0.14203	0.05424	0.01553	0.02881	0.01129	0.00759	0.00417	0.00469	0.00134	0.02115	0.00443	0.00261	0.00597
18	0.06315	0.03693	0.07408	0.00722	0.03993	0.03822	0.00577	0.03757	0.00911	0.01242	0.06015	0.11426	0.24440	0.05767	0.16832	0.00261	0.00504	0.01577	0.00312	0.00425
19	0.08199	0.02469	0.05011	0.02339	0.09873	0.05486	0.06107	0.10573	0.09505	0.05115	0.00983	0.01069	0.02157	0.00418	0.00377	0.00109	0.00430	0.00345	0.00292	0.29144

[dist]
# distance from previous block
# <min> <max>
6	41

[block]
# block no. 1 follows, 62 sequences, length 10
# corresponding to MSA columns:
# 175-184
name=unknown_B
#
# <colnr> <probs for GDERKNQSTAVLIFYWHMCP>
#	G	D	E	R	K	N	Q	S	T	A	V	L	I	F	Y	W	H	M	C	P
0	0.21625	0.14382	0.03886	0.00650	0.00916	0.00856	0.02869	0.06250	0.02472	0.03919	0.04400	0.03417	0.25660	0.00639	0.00385	0.00125	0.00340	0.00501	0.00316	0.06392
1	0.00959	0.05503	0.01465	0.04351	0.54090	0.00916	0.02598	0.01219	0.03832	0.01368	0.03948	0.06139	0.04899	0.00500	0.00421	0.00128	0.00442	0.00465	0.06160	0.00597
2	0.00970	0.00961	0.03931	0.10583	0.31502	0.04708	0.12565	0.01207	0.00948	0.04175	0.02761	0.03168	0.05701	0.00635	0.03550	0.00161	0.06604	0.05065	0.00249	0.00557
3	0.00889	0.01079	0.20183	0.00958	0.03730	0.00819	0.06413	0.05557	0.21493	0.03199	0.20901	0.07276	0.04373	0.00647	0.00456	0.00140	0.00402	0.00565	0.00358	0.00562
4	0.00739	0.00370	0.00554	0.00554	0.00554	0.00370	0.00370	0.00554	0.00554	0.00739	0.00739	0.01293	0.00739	0.01478	0.01663	0.87620	0.00370	0.00370	0.00185	0.00185
5	0.00925	0.00755	0.00849	0.04300	0.01021	0.02245	0.00609	0.08796	0.32706	0.03720	0.08696	0.06402	0.14543	0.00973	0.08787	0.00198	0.02961	0.00587	0.00387	0.00541
6	0.00604	0.00416	0.00466	0.00464	0.00487	0.00406	0.00274	0.00628	0.00693	0.00912	0.06131	0.02962	0.11296	0.70420	0.01876	0.00365	0.00377	0.00660	0.00286	0.00278
7	0.88052	0.00823	0.00625	0.00560	0.00823	0.00955	0.00461	0.01251	0.00724	0.01909	0.00592	0.00691	0.00461	0.00395	0.00263	0.00132	0.00329	0.00230	0.00263	0.00461
8	0.00804	0.00756	0.01276	0.84023	0.02931	0.00945	0.01182	0.01087	0.00851	0.01087	0.00756	0.01134	0.00567	0.00425	0.00425	0.00142	0.00567	0.00378	0.00189	0.00473
9	0.04878	0.08373	0.01279	0.06021	0.01376	0.56666	0.00820	0.13249	0.01255	0.01316	0.00709	0.00817	0.00571	0.00441	0.00379	0.00114	0.00670	0.00291	0.00246	0.00529

[dist]
# distance from previous block
# <min> <max>
1	3

[block]
# block no. 2 follows, 62 sequences, length 8
# corresponding to MSA columns:
# 188-195
name=unknown_C
#
# <colnr> <probs for GDERKNQSTAVLIFYWHMCP>
#	G	D	E	R	K	N	Q	S	T	A	V	L	I	F	Y	W	H	M	C	P
0	0.04545	0.10033	0.11581	0.01146	0.10818	0.06304	0.07495	0.10600	0.09382	0.12222	0.03808	0.02633	0.04152	0.00547	0.01734	0.00138	0.01525	0.00418	0.00315	0.00605
1	0.01054	0.00703	0.00676	0.00594	0.00765	0.06668	0.00464	0.18135	0.01180	0.05228	0.04108	0.01578	0.05107	0.00538	0.00354	0.00111	0.00305	0.00423	0.51522	0.00486
2	0.01092	0.67870	0.06751	0.03409	0.03710	0.01523	0.00792	0.01317	0.05187	0.01097	0.00701	0.00799	0.00609	0.00385	0.00299	0.00099	0.00455	0.00261	0.03089	0.00554
3	0.00588	0.00426	0.00560	0.00572	0.00626	0.00443	0.00402	0.00685	0.00754	0.01032	0.08797	0.15388	0.08021	0.26483	0.32838	0.00434	0.00632	0.00684	0.00297	0.00339
4	0.00824	0.00738	0.01185	0.01001	0.03769	0.00772	0.17371	0.01091	0.06254	0.03138	0.22815	0.04580	0.04110	0.02770	0.08864	0.00202	0.13564	0.00563	0.00315	0.06074
5	0.00535	0.00389	0.00505	0.00573	0.00615	0.00369	0.00390	0.00621	0.00827	0.01102	0.06836	0.61080	0.09758	0.07017	0.07054	0.00224	0.00322	0.01059	0.00377	0.00347
6	0.26741	0.01033	0.05075	0.03428	0.08783	0.06807	0.00738	0.10799	0.09488	0.07426	0.00898	0.00974	0.00681	0.00440	0.00388	0.00123	0.02948	0.00322	0.00300	0.12606
7	0.01330	0.14472	0.02731	0.00947	0.03095	0.21698	0.03229	0.15343	0.11490	0.09825	0.06398	0.03873	0.01043	0.00520	0.00401	0.00122	0.00495	0.00403	0.02000	0.00584

[dist]
# distance from previous block
# <min> <max>
0	1

[block]
# block no. 3 follows, 62 sequences, length 16
# corresponding to MSA columns:
# 197-212
name=unknown_D
#
# <colnr> <probs for GDERKNQSTAVLIFYWHMCP>
#	G	D	E	R	K	N	Q	S	T	A	V	L	I	F	Y	W	H	M	C	P
0	0.01119	0.00866	0.00944	0.00784	0.01012	0.00949	0.00631	0.36403	0.11901	0.01946	0.05555	0.02006	0.21987	0.00698	0.00516	0.00137	0.06640	0.00546	0.04786	0.00573
1	0.01329	0.01121	0.01152	0.01042	0.07267	0.10778	0.00777	0.33237	0.21208	0.04020	0.01200	0.01343	0.00938	0.00530	0.00422	0.00128	0.00454	0.04809	0.00373	0.07871
2	0.00804	0.00756	0.01276	0.84023	0.02931	0.00945	0.01182	0.01087	0.00851	0.01087	0.00756	0.01134	0.00567	0.00425	0.00425	0.00142	0.00567	0.00378	0.00189	0.00473
3	0.00534	0.00401	0.00485	0.00531	0.00595	0.00369	0.00365	0.00621	0.00855	0.01105	0.07226	0.42739	0.26474	0.10842	0.04641	0.00213	0.00296	0.00989	0.00376	0.00344
4	0.01618	0.01192	0.01277	0.00979	0.01320	0.01320	0.00809	0.80973	0.02001	0.02682	0.01022	0.01022	0.00724	0.00511	0.00426	0.00128	0.00468	0.00383	0.00426	0.00724
5	0.01552	0.01885	0.01250	0.01200	0.07372	0.70635	0.00857	0.08004	0.01252	0.01198	0.00697	0.00809	0.00572	0.00440	0.00390	0.00112	0.00724	0.00291	0.00235	0.00525
6	0.00877	0.00808	0.01326	0.21897	0.40565	0.00864	0.01051	0.01107	0.00947	0.01320	0.12777	0.08321	0.01308	0.00558	0.00489	0.00138	0.04337	0.00504	0.00257	0.00548
7	0.00931	0.00931	0.01303	0.01117	0.01117	0.01303	0.00931	0.01024	0.00652	0.01024	0.00559	0.00931	0.00559	0.00745	0.01396	0.00186	0.84267	0.00372	0.00186	0.00465
8	0.00619	0.00413	0.00464	0.00464	0.00464	0.00413	0.00258	0.00619	0.00619	0.00825	0.01341	0.02785	0.01547	0.85046	0.02166	0.00413	0.00413	0.00619	0.00258	0.00258
9	0.00905	0.01012	0.08403	0.07559	0.30564	0.00899	0.23772	0.01186	0.00955	0.01316	0.02603	0.05250	0.06978	0.00588	0.02574	0.00154	0.00553	0.03922	0.00243	0.00565
10	0.00578	0.00431	0.00476	0.00485	0.00606	0.00372	0.00353	0.00681	0.00946	0.04924	0.06233	0.21300	0.56482	0.03484	0.00555	0.00157	0.00234	0.00931	0.00400	0.00372
11	0.00790	0.00495	0.00654	0.00654	0.00719	0.00513	0.00481	0.06761	0.07492	0.01107	0.01321	0.14259	0.01364	0.01262	0.01132	0.46967	0.00359	0.13061	0.00287	0.00322
12	0.00638	0.00473	0.00639	0.00755	0.06755	0.00468	0.00487	0.03593	0.00847	0.01142	0.03632	0.46534	0.02228	0.16650	0.06205	0.00246	0.00374	0.07612	0.00348	0.00375
13	0.31836	0.01482	0.12349	0.00903	0.01216	0.28601	0.00797	0.15402	0.01134	0.01676	0.00713	0.00803	0.00547	0.00431	0.00352	0.00124	0.00542	0.00283	0.00265	0.00541
14	0.03862	0.04277	0.29271	0.07906	0.04612	0.02356	0.06944	0.02494	0.03442	0.01329	0.06995	0.13649	0.06444	0.02583	0.00478	0.00145	0.00477	0.00543	0.00269	0.01925
15	0.07151	0.30283	0.06193	0.01210	0.16029	0.17134	0.03430	0.04811	0.04750	0.04213	0.00771	0.00878	0.00627	0.00407	0.00355	0.00113	0.00526	0.00303	0.00235	0.00579

[dist]
# distance from previous block
# <min> <max>
0	23

[block]
# block no. 4 follows, 62 sequences, length 55
# corresponding to MSA columns:
# 236-276,283-296
name=unknown_E
#
# <colnr> <probs for GDERKNQSTAVLIFYWHMCP>
#	G	D	E	R	K	N	Q	S	T	A	V	L	I	F	Y	W	H	M	C	P
0	0.01346	0.01474	0.01158	0.10528	0.01433	0.42228	0.00823	0.11591	0.17072	0.01417	0.03443	0.01082	0.00828	0.00497	0.00440	0.00126	0.03314	0.00359	0.00290	0.00551
1	0.00533	0.00386	0.00505	0.00588	0.00625	0.00362	0.00398	0.00636	0.02155	0.01147	0.08510	0.74991	0.05024	0.01278	0.00537	0.00169	0.00244	0.01156	0.00401	0.00356
2	0.00625	0.00416	0.00585	0.00652	0.00699	0.00415	0.00492	0.00690	0.00794	0.01058	0.01844	0.34011	0.02072	0.01529	0.10286	0.18493	0.00418	0.24261	0.00331	0.00330
3	0.00517	0.00403	0.00471	0.00515	0.00599	0.00356	0.00363	0.00616	0.00913	0.01159	0.08904	0.42268	0.39032	0.01184	0.00522	0.00157	0.00229	0.01037	0.00400	0.00356
4	0.00987	0.01019	0.01866	0.22241	0.30138	0.02935	0.29818	0.01306	0.02991	0.01308	0.00831	0.01114	0.00650	0.00390	0.00451	0.00136	0.00599	0.00423	0.00213	0.00584
5	0.01138	0.85302	0.02230	0.00728	0.01092	0.01684	0.00728	0.01274	0.00865	0.01001	0.00592	0.00683	0.00546	0.00364	0.00273	0.00091	0.00455	0.00228	0.00182	0.00546
6	0.00842	0.00715	0.00764	0.00746	0.00901	0.04744	0.00577	0.02969	0.33184	0.01491	0.10359	0.18135	0.08494	0.00878	0.00489	0.00155	0.00329	0.13315	0.00409	0.00505
7	0.01624	0.01181	0.01270	0.00974	0.01314	0.01303	0.00804	0.79132	0.01982	0.04549	0.01037	0.01032	0.00731	0.00511	0.00426	0.00128	0.00466	0.00384	0.00428	0.00724
8	0.01058	0.00914	0.00962	0.00866	0.01106	0.01058	0.00673	0.02261	0.81623	0.01780	0.01732	0.01588	0.01299	0.00577	0.00433	0.00144	0.00337	0.00481	0.00433	0.00673
9	0.01589	0.02028	0.01206	0.01096	0.01315	0.83338	0.00822	0.01699	0.01206	0.01041	0.00658	0.00767	0.00548	0.00438	0.00384	0.00110	0.00767	0.00274	0.00219	0.00493
10	0.88052	0.00823	0.00625	0.00560	0.00823	0.00955	0.00461	0.01251	0.00724	0.01909	0.00592	0.00691	0.00461	0.00395	0.00263	0.00132	0.00329	0.00230	0.00263	0.00461
11	0.01058	0.00914	0.00962	0.00866	0.01106	0.01058	0.00673	0.02261	0.81623	0.01780	0.01732	0.01588	0.01299	0.00577	0.00433	0.00144	0.00337	0.00481	0.00433	0.00673
12	0.00720	0.00452	0.00660	0.00644	0.00663	0.00507	0.00466	0.00652	0.00612	0.00846	0.00946	0.05556	0.02442	0.01718	0.17707	0.54385	0.10110	0.00439	0.00208	0.00267
13	0.00547	0.00394	0.00524	0.02747	0.00678	0.00375	0.00414	0.00650	0.00873	0.01184	0.13041	0.63776	0.06162	0.01260	0.02626	0.00176	0.00269	0.01074	0.02870	0.00359
14	0.01580	0.03738	0.01227	0.01089	0.01311	0.81661	0.00820	0.01690	0.01199	0.01041	0.00656	0.00766	0.00548	0.00437	0.00381	0.00109	0.00761	0.00273	0.00218	0.00494
15	0.59592	0.03818	0.00859	0.00756	0.02651	0.23780	0.00587	0.01377	0.00867	0.01630	0.00615	0.00719	0.00492	0.00406	0.00300	0.00124	0.00458	0.00245	0.00247	0.00477
16	0.02356	0.02492	0.11707	0.01040	0.01342	0.09033	0.11877	0.23883	0.04609	0.03467	0.07403	0.02339	0.03483	0.00554	0.00509	0.00135	0.07078	0.01998	0.04118	0.00578
17	0.00896	0.00872	0.01543	0.51924	0.24978	0.00979	0.10350	0.01180	0.00901	0.01203	0.00781	0.01113	0.00606	0.00405	0.00433	0.00138	0.00567	0.00393	0.00198	0.00540
18	0.00576	0.00416	0.00515	0.00562	0.00640	0.00380	0.00401	0.00697	0.02004	0.03319	0.12247	0.47421	0.23099	0.01174	0.00526	0.00160	0.00245	0.04839	0.00407	0.00372
19	0.00793	0.03610	0.21410	0.02057	0.01124	0.02113	0.03479	0.01090	0.03477	0.03656	0.31403	0.02066	0.09125	0.00632	0.00438	0.00124	0.00374	0.00539	0.00335	0.12153
20	0.01029	0.01000	0.01710	0.04714	0.66998	0.01022	0.06270	0.01277	0.00942	0.01353	0.00784	0.01048	0.00660	0.00404	0.00494	0.00131	0.06578	0.00383	0.00210	0.02993
21	0.41411	0.14868	0.03356	0.00849	0.04795	0.19771	0.00678	0.05155	0.03227	0.01559	0.00674	0.00770	0.00543	0.00410	0.00316	0.00120	0.00472	0.00263	0.00248	0.00515
22	0.01073	0.01001	0.01399	0.15997	0.05408	0.06812	0.17271	0.16623	0.13311	0.01563	0.01169	0.11881	0.01015	0.00575	0.00482	0.00142	0.02886	0.00519	0.00306	0.00566
23	0.04133	0.01849	0.01261	0.01292	0.12640	0.69328	0.00879	0.01631	0.01158	0.01116	0.00676	0.00805	0.00563	0.00429	0.00385	0.00113	0.00717	0.00287	0.00219	0.00518
24	0.00755	0.00690	0.01124	0.00952	0.01108	0.03366	0.18457	0.00949	0.00850	0.01172	0.10414	0.01958	0.01395	0.06155	0.36514	0.00396	0.06243	0.06808	0.00264	0.00429
25	0.00598	0.00492	0.00634	0.00771	0.10010	0.00450	0.00506	0.00730	0.00942	0.01197	0.05569	0.22718	0.40735	0.01065	0.00515	0.00155	0.00280	0.11860	0.00376	0.00398
26	0.00523	0.00377	0.00496	0.00583	0.00617	0.00350	0.00393	0.00607	0.00846	0.01128	0.07516	0.76420	0.05982	0.01294	0.00539	0.00169	0.00243	0.01169	0.00400	0.00350
27	0.06020	0.01182	0.01112	0.00918	0.01207	0.15414	0.00733	0.32343	0.21145	0.13732	0.01205	0.01160	0.00868	0.00511	0.00412	0.00129	0.00466	0.00387	0.00398	0.00658
28	0.01020	0.10797	0.02479	0.01671	0.02094	0.01146	0.71660	0.01353	0.00988	0.01321	0.00830	0.01094	0.00634	0.00359	0.00476	0.00137	0.00687	0.00471	0.00211	0.00571
29	0.88052	0.00823	0.00625	0.00560	0.00823	0.00955	0.00461	0.01251	0.00724	0.01909	0.00592	0.00691	0.00461	0.00395	0.00263	0.00132	0.00329	0.00230	0.00263	0.00461
30	0.01138	0.85302	0.02230	0.00728	0.01092	0.01684	0.00728	0.01274	0.00865	0.01001	0.00592	0.00683	0.00546	0.00364	0.00273	0.00091	0.00455	0.00228	0.00182	0.00546
31	0.00825	0.01998	0.73408	0.01135	0.01703	0.00921	0.01438	0.01285	0.00933	0.01389	0.10097	0.01160	0.00938	0.00458	0.00415	0.00135	0.00580	0.00367	0.00213	0.00603
32	0.00509	0.00431	0.00439	0.00437	0.00578	0.00362	0.00328	0.00622	0.00983	0.01182	0.08790	0.04042	0.77719	0.01066	0.00503	0.00143	0.00215	0.00891	0.00399	0.00362
33	0.11336	0.00956	0.01023	0.00845	0.01131	0.01053	0.00681	0.27841	0.32465	0.14408	0.02948	0.01310	0.01031	0.00533	0.00412	0.00135	0.00380	0.00418	0.00426	0.00668
34	0.00583	0.00434	0.00543	0.00516	0.00624	0.00393	0.00387	0.00766	0.01160	0.01601	0.67398	0.03352	0.18850	0.00909	0.00502	0.00136	0.00204	0.00794	0.00455	0.00393
35	0.88052	0.00823	0.00625	0.00560	0.00823	0.00955	0.00461	0.01251	0.00724	0.01909	0.00592	0.00691	0.00461	0.00395	0.00263	0.00132	0.00329	0.00230	0.00263	0.00461
36	0.00761	0.00631	0.00719	0.03100	0.05759	0.07435	0.00529	0.00924	0.02398	0.04445	0.25596	0.04624	0.19802	0.03590	0.12587	0.03679	0.00443	0.02205	0.00354	0.00418
37	0.85565	0.00812	0.00627	0.00563	0.00821	0.00943	0.00463	0.01237	0.00723	0.01883	0.00608	0.00719	0.00478	0.00475	0.02627	0.00147	0.00352	0.00237	0.00262	0.00459
38	0.00608	0.00457	0.00601	0.02688	0.02748	0.00426	0.00435	0.00802	0.01164	0.01622	0.69560	0.03173	0.12379	0.00869	0.00498	0.00135	0.00219	0.00764	0.00447	0.00406
39	0.01078	0.06269	0.10005	0.02440	0.02421	0.00778	0.03225	0.09886	0.01047	0.12535	0.01087	0.10598	0.00933	0.00499	0.00385	0.00107	0.00394	0.00418	0.00309	0.35586
40	0.01202	0.09183	0.16600	0.03164	0.19936	0.02504	0.12439	0.13605	0.03177	0.11207	0.02323	0.01092	0.00754	0.00432	0.00418	0.00128	0.00527	0.00384	0.00283	0.00641
41	0.01122	0.75653	0.02262	0.00850	0.01222	0.01614	0.09914	0.01284	0.00881	0.01043	0.00622	0.00736	0.00557	0.00363	0.00299	0.00097	0.00485	0.00259	0.00186	0.00549
42	0.00667	0.00496	0.02186	0.00558	0.00687	0.00439	0.00435	0.00894	0.03663	0.05072	0.67291	0.03099	0.11174	0.00857	0.00495	0.00135	0.00222	0.00750	0.00457	0.00424
43	0.00613	0.00429	0.00522	0.01977	0.00662	0.00396	0.00401	0.00760	0.00998	0.03049	0.26238	0.22014	0.24181	0.00991	0.00490	0.00145	0.00235	0.05122	0.10392	0.00384
44	0.01220	0.01148	0.01307	0.28312	0.13934	0.15460	0.00997	0.23126	0.07457	0.01613	0.00893	0.01062	0.00679	0.00456	0.00418	0.00130	0.00548	0.00369	0.00281	0.00590
45	0.00580	0.00403	0.00488	0.00520	0.00540	0.00397	0.00325	0.00620	0.00702	0.00936	0.01782	0.29318	0.05470	0.48390	0.07369	0.00342	0.00402	0.00811	0.00306	0.00299
46	0.00613	0.00593	0.06572	0.00615	0.00779	0.00463	0.03872	0.00817	0.01108	0.01511	0.50832	0.03200	0.24163	0.00875	0.00497	0.00138	0.00261	0.02262	0.00416	0.00414
47	0.00634	0.00478	0.00562	0.00536	0.00652	0.02385	0.00403	0.00806	0.01133	0.03588	0.56421	0.06595	0.21356	0.00920	0.00500	0.00138	0.00226	0.01821	0.00443	0.00400
48	0.00725	0.12239	0.00817	0.00595	0.00677	0.00668	0.00434	0.03202	0.00833	0.01119	0.16085	0.14391	0.01950	0.37110	0.01254	0.00257	0.06319	0.00654	0.00306	0.00366
49	0.02659	0.00426	0.00464	0.00472	0.00541	0.00397	0.00310	0.00637	0.00805	0.01048	0.06695	0.12672	0.32030	0.37604	0.01225	0.00263	0.00307	0.00790	0.00336	0.00318
50	0.04769	0.01470	0.01128	0.00946	0.01229	0.42909	0.02693	0.10180	0.04585	0.04415	0.00807	0.00889	0.00636	0.00422	0.00374	0.00104	0.00576	0.00299	0.00272	0.21298
51	0.02619	0.40346	0.13687	0.01075	0.12157	0.05220	0.00906	0.01426	0.10171	0.03696	0.00909	0.00986	0.02735	0.00423	0.00347	0.00112	0.00475	0.00316	0.00235	0.02161
52	0.13218	0.02521	0.02505	0.10496	0.21547	0.12857	0.00869	0.10394	0.01090	0.06701	0.05293	0.04804	0.02592	0.00500	0.00401	0.00127	0.00475	0.00407	0.00287	0.02913
53	0.02755	0.02287	0.00637	0.00579	0.00642	0.02540	0.00395	0.04041	0.02784	0.01018	0.01335	0.02371	0.03833	0.53306	0.13659	0.00387	0.03058	0.02191	0.00267	0.01913
54	0.03243	0.04824	0.03004	0.07363	0.22796	0.18117	0.04332	0.05934	0.01073	0.06851	0.02587	0.03288	0.03160	0.00557	0.00449	0.00134	0.01985	0.09467	0.00278	0.00556

[dist]
# distance from previous block
# <min> <max>
2	133

[block]
# block no. 5 follows, 62 sequences, length 48
# corresponding to MSA columns:
# 431-478
name=unknown_F
#
# <colnr> <probs for GDERKNQSTAVLIFYWHMCP>
#	G	D	E	R	K	N	Q	S	T	A	V	L	I	F	Y	W	H	M	C	P
0	0.03755	0.02335	0.03321	0.02282	0.06962	0.08591	0.00689	0.18253	0.05727	0.13110	0.04658	0.06232	0.17146	0.00678	0.00442	0.00135	0.00403	0.03261	0.00376	0.01643
1	0.02250	0.04483	0.07454	0.02576	0.20023	0.05755	0.19278	0.05061	0.01787	0.04942	0.01072	0.08438	0.02242	0.00679	0.05643	0.00168	0.02369	0.01315	0.00259	0.04209
2	0.00873	0.20129	0.08497	0.15014	0.07777	0.02137	0.03872	0.03244	0.02252	0.01204	0.02671	0.21397	0.01270	0.01581	0.00441	0.00137	0.00444	0.03216	0.00265	0.03579
3	0.03554	0.04386	0.13980	0.01120	0.09552	0.00934	0.09998	0.08295	0.18671	0.04737	0.01247	0.02620	0.02358	0.13724	0.00701	0.00180	0.00470	0.02600	0.00304	0.00568
4	0.71527	0.14028	0.00885	0.00588	0.00871	0.01055	0.00504	0.01248	0.00751	0.01750	0.00598	0.00696	0.00480	0.00387	0.00267	0.00123	0.00348	0.00231	0.00250	0.03411
5	0.00529	0.00428	0.00447	0.00445	0.00562	0.00371	0.00319	0.00627	0.00934	0.01144	0.10117	0.03816	0.63307	0.14189	0.00763	0.00185	0.00245	0.00844	0.00380	0.00347
6	0.00846	0.00828	0.04418	0.00991	0.01119	0.03477	0.13218	0.00997	0.00763	0.03445	0.01005	0.06676	0.00983	0.13498	0.19383	0.00316	0.26865	0.00496	0.00234	0.00441
7	0.01055	0.03357	0.01489	0.22741	0.46704	0.00954	0.01143	0.02956	0.00975	0.08210	0.00936	0.02592	0.00766	0.00445	0.00423	0.00132	0.00495	0.02539	0.01480	0.00608
8	0.01053	0.58740	0.06452	0.00814	0.02341	0.01445	0.00768	0.01319	0.09356	0.01114	0.00827	0.05126	0.00758	0.00540	0.02703	0.00126	0.05424	0.00326	0.00221	0.00546
9	0.00615	0.00429	0.00549	0.00549	0.00578	0.00459	0.00364	0.00673	0.00644	0.00888	0.01263	0.02354	0.01360	0.53382	0.33574	0.00517	0.00694	0.00556	0.00246	0.00305
10	0.01024	0.04827	0.14635	0.00804	0.01101	0.00907	0.00747	0.29975	0.03207	0.01754	0.04177	0.04452	0.24602	0.02912	0.00504	0.00142	0.01789	0.00558	0.01333	0.00553
11	0.00515	0.00428	0.00450	0.00453	0.00584	0.00363	0.00337	0.00631	0.00986	0.01208	0.12890	0.09080	0.68470	0.01071	0.00505	0.00144	0.00216	0.00903	0.00403	0.00363
12	0.00968	0.00980	0.04130	0.17126	0.34300	0.06338	0.05469	0.04639	0.02463	0.01326	0.01222	0.05752	0.06797	0.00549	0.00459	0.00138	0.01733	0.04799	0.00252	0.00561
13	0.01231	0.60513	0.01961	0.00860	0.02333	0.14218	0.02436	0.06755	0.03061	0.01154	0.00668	0.00760	0.00582	0.00396	0.00326	0.00101	0.01616	0.00262	0.00212	0.00555
14	0.04757	0.01771	0.60021	0.03857	0.01622	0.00908	0.01293	0.04687	0.00984	0.01478	0.13494	0.01259	0.01088	0.00482	0.00415	0.00134	0.00539	0.00387	0.00240	0.00585
15	0.00709	0.00548	0.00633	0.00590	0.00737	0.00544	0.00449	0.01113	0.19276	0.03287	0.43848	0.03001	0.21925	0.00846	0.00485	0.00138	0.00238	0.00728	0.00444	0.00460
16	0.00561	0.00422	0.00520	0.00519	0.00617	0.00381	0.00380	0.00715	0.01074	0.01451	0.47711	0.18031	0.24048	0.01007	0.00510	0.00143	0.00213	0.00882	0.00436	0.00381
17	0.88052	0.00823	0.00625	0.00560	0.00823	0.00955	0.00461	0.01251	0.00724	0.01909	0.00592	0.00691	0.00461	0.00395	0.00263	0.00132	0.00329	0.00230	0.00263	0.00461
18	0.01099	0.01112	0.02119	0.05470	0.14632	0.01098	0.51224	0.13755	0.02299	0.01566	0.00884	0.01119	0.00668	0.00392	0.00473	0.00138	0.00633	0.00459	0.00249	0.00610
19	0.88052	0.00823	0.00625	0.00560	0.00823	0.00955	0.00461	0.01251	0.00724	0.01909	0.00592	0.00691	0.00461	0.00395	0.00263	0.00132	0.00329	0.00230	0.00263	0.00461
20	0.01909	0.00724	0.00987	0.00757	0.01086	0.00625	0.00625	0.02074	0.01218	0.82687	0.01679	0.01448	0.01053	0.00527	0.00428	0.00132	0.00362	0.00428	0.00527	0.00724
21	0.00619	0.00413	0.00464	0.00464	0.00464	0.00413	0.00258	0.00619	0.00619	0.00825	0.01341	0.02785	0.01547	0.85046	0.02166	0.00413	0.00413	0.00619	0.00258	0.00258
22	0.15377	0.00740	0.00931	0.00726	0.01045	0.00677	0.00600	0.01945	0.01141	0.70057	0.01509	0.01330	0.00961	0.00506	0.00402	0.00132	0.00357	0.00397	0.00485	0.00683
23	0.00914	0.00779	0.00829	0.00756	0.00964	0.00867	0.00584	0.01820	0.59041	0.01666	0.11261	0.02187	0.15137	0.00694	0.00452	0.00143	0.00301	0.00583	0.00431	0.00590
24	0.00602	0.00435	0.00569	0.00535	0.00636	0.00401	0.00401	0.00803	0.01204	0.01706	0.82167	0.03178	0.04015	0.00870	0.00502	0.00134	0.00201	0.00770	0.00468	0.00401
25	0.01053	0.01011	0.01727	0.02612	0.82392	0.01011	0.01306	0.01306	0.00969	0.01390	0.00800	0.01053	0.00674	0.00379	0.00421	0.00126	0.00505	0.00379	0.00211	0.00674
26	0.01034	0.00991	0.01692	0.09006	0.76151	0.01006	0.01296	0.01289	0.00960	0.01366	0.00797	0.01060	0.00666	0.00383	0.00422	0.00128	0.00510	0.00379	0.00209	0.00658
27	0.04135	0.00657	0.00847	0.00677	0.00948	0.00592	0.00550	0.01791	0.03146	0.59301	0.05824	0.01546	0.01204	0.00536	0.00403	0.00126	0.00322	0.00436	0.16319	0.00639
28	0.00598	0.00436	0.00521	0.00508	0.00625	0.00386	0.00378	0.00748	0.01071	0.04149	0.40378	0.12077	0.34594	0.00989	0.00504	0.00142	0.00217	0.00855	0.00434	0.00390
29	0.00885	0.02015	0.70160	0.01431	0.14435	0.00992	0.01530	0.01341	0.00909	0.01354	0.00769	0.00923	0.00560	0.00400	0.00407	0.00133	0.00610	0.00325	0.00185	0.00636
30	0.00843	0.00796	0.01347	0.71295	0.15354	0.00956	0.01201	0.01121	0.00869	0.01135	0.00763	0.01122	0.00584	0.00418	0.00425	0.00139	0.00558	0.00378	0.00192	0.00504
31	0.01515	0.01086	0.01264	0.08210	0.10331	0.04970	0.00861	0.45836	0.04245	0.15729	0.01091	0.01113	0.00771	0.00490	0.00424	0.00129	0.00473	0.00388	0.00389	0.00684
32	0.01153	0.00961	0.01015	0.00885	0.01142	0.01103	0.00696	0.15567	0.68163	0.01932	0.01612	0.01492	0.01202	0.00566	0.00432	0.00142	0.00359	0.00465	0.00432	0.00682
33	0.74450	0.00852	0.00798	0.00880	0.13576	0.00963	0.00593	0.01259	0.00762	0.01828	0.00625	0.00748	0.00494	0.00393	0.00288	0.00131	0.00357	0.00254	0.00255	0.00494
34	0.01061	0.13963	0.09988	0.04091	0.50601	0.06889	0.01171	0.01319	0.02019	0.01292	0.00869	0.01060	0.03037	0.00408	0.00397	0.00122	0.00520	0.00359	0.00212	0.00623
35	0.01166	0.01024	0.05557	0.00935	0.01183	0.01113	0.00781	0.15348	0.47767	0.05921	0.01384	0.01351	0.01039	0.00578	0.00571	0.00146	0.12661	0.00437	0.00386	0.00652
36	0.00625	0.00464	0.00651	0.00643	0.00695	0.00532	0.00475	0.00733	0.00665	0.00945	0.01169	0.01941	0.01173	0.25220	0.57911	0.00589	0.04488	0.00496	0.00234	0.00351
37	0.01909	0.00724	0.00987	0.00757	0.01086	0.00625	0.00625	0.02074	0.01218	0.82687	0.01679	0.01448	0.01053	0.00527	0.00428	0.00132	0.00362	0.00428	0.00527	0.00724
38	0.00723	0.00462	0.00607	0.00556	0.00677	0.00422	0.00422	0.00920	0.01206	0.09175	0.74744	0.03019	0.03742	0.00838	0.00495	0.00134	0.00216	0.00738	0.00474	0.00431
39	0.01053	0.01011	0.01727	0.02612	0.82392	0.01011	0.01306	0.01306	0.00969	0.01390	0.00800	0.01053	0.00674	0.00379	0.00421	0.00126	0.00505	0.00379	0.00211	0.00674
40	0.00511	0.00433	0.00443	0.00444	0.00584	0.00364	0.00335	0.00625	0.00981	0.01177	0.07758	0.04069	0.76948	0.01070	0.00505	0.00144	0.00219	0.02630	0.00398	0.00362
41	0.00534	0.00440	0.00475	0.00489	0.00624	0.00381	0.00382	0.00659	0.00978	0.01185	0.06265	0.04178	0.67461	0.01087	0.00516	0.00152	0.00243	0.13188	0.00397	0.00366
42	0.01466	0.05293	0.01360	0.01280	0.13974	0.37317	0.00894	0.26666	0.01381	0.01612	0.00788	0.00896	0.00624	0.00462	0.00442	0.00120	0.04223	0.00327	0.00280	0.00596
43	0.00963	0.00919	0.01564	0.32079	0.53631	0.00987	0.01261	0.01227	0.00926	0.01280	0.00784	0.01083	0.00635	0.00396	0.00423	0.00132	0.00528	0.00379	0.00203	0.00601
44	0.00978	0.01008	0.01358	0.54276	0.19059	0.13840	0.01151	0.01228	0.00931	0.01142	0.00750	0.01060	0.00586	0.00418	0.00418	0.00134	0.00586	0.00362	0.00198	0.00517
45	0.01038	0.00996	0.01700	0.07495	0.77626	0.01007	0.01298	0.01293	0.00962	0.01372	0.00798	0.01058	0.00668	0.00382	0.00421	0.00127	0.00509	0.00379	0.00209	0.00662
46	0.01074	0.00531	0.00707	0.00626	0.00799	0.00473	0.00482	0.01233	0.01125	0.32017	0.33589	0.18636	0.05259	0.00839	0.00482	0.00141	0.00271	0.00732	0.00473	0.00510
47	0.00691	0.13708	0.00847	0.00682	0.00804	0.00621	0.00568	0.00835	0.00923	0.01187	0.05771	0.27335	0.08145	0.01074	0.00515	0.00166	0.00338	0.35026	0.00364	0.00401

[dist]
# distance from previous block
# <min> <max>
2	9

[block]
# block no. 6 follows, 62 sequences, length 107
# corresponding to MSA columns:
# 489-581,587-600
name=unknown_G
#
# <colnr> <probs for GDERKNQSTAVLIFYWHMCP>
#	G	D	E	R	K	N	Q	S	T	A	V	L	I	F	Y	W	H	M	C	P
0	0.01113	0.42367	0.08393	0.00770	0.01085	0.01179	0.00742	0.05960	0.02450	0.10818	0.09829	0.03805	0.01249	0.00558	0.00376	0.00119	0.00418	0.07920	0.00298	0.00551
1	0.66823	0.00824	0.02278	0.00612	0.00891	0.00882	0.00514	0.01411	0.02144	0.17124	0.00899	0.00926	0.02340	0.00438	0.00305	0.00132	0.00339	0.00288	0.00317	0.00515
2	0.00666	0.00446	0.00574	0.00536	0.00634	0.00414	0.00393	0.00838	0.01125	0.05402	0.67384	0.03043	0.03540	0.12299	0.00725	0.00172	0.00237	0.00733	0.00443	0.00397
3	0.01084	0.07757	0.10177	0.01043	0.04735	0.05533	0.09879	0.10366	0.26706	0.04585	0.01507	0.05790	0.07818	0.00573	0.00432	0.00135	0.00453	0.00490	0.00337	0.00601
4	0.00912	0.00886	0.01270	0.72742	0.02711	0.07885	0.01132	0.05291	0.00940	0.01166	0.00762	0.01098	0.00574	0.00431	0.00422	0.00138	0.00579	0.00370	0.00204	0.00487
5	0.00853	0.02201	0.82841	0.01213	0.01842	0.00988	0.01572	0.01348	0.00898	0.01348	0.00764	0.00898	0.00539	0.00404	0.00404	0.00135	0.00629	0.00314	0.00180	0.00629
6	0.00521	0.00382	0.00489	0.00568	0.00612	0.00350	0.00386	0.00606	0.00856	0.01128	0.06823	0.69496	0.13674	0.01274	0.00535	0.00167	0.00240	0.01144	0.00399	0.00350
7	0.12916	0.08441	0.42484	0.01039	0.01515	0.01060	0.05003	0.13257	0.01061	0.06766	0.00854	0.02285	0.00631	0.00436	0.00386	0.00131	0.00531	0.00337	0.00255	0.00612
8	0.00550	0.00436	0.00496	0.00489	0.00614	0.00382	0.00371	0.00697	0.01058	0.01365	0.33447	0.03787	0.48699	0.01005	0.00507	0.00143	0.00219	0.04937	0.00422	0.00377
9	0.00518	0.00370	0.00494	0.00592	0.00617	0.00346	0.00395	0.00592	0.00815	0.01086	0.02345	0.84768	0.02814	0.01333	0.00543	0.00173	0.00247	0.01210	0.00395	0.00346
10	0.02536	0.01157	0.08637	0.36064	0.20782	0.12185	0.09076	0.01273	0.00941	0.01215	0.00759	0.01036	0.00593	0.00412	0.00434	0.00134	0.01652	0.00368	0.00201	0.00545
11	0.01039	0.01065	0.01499	0.25403	0.38020	0.12176	0.05535	0.01334	0.05224	0.01270	0.00907	0.01145	0.02657	0.00427	0.00424	0.00131	0.00554	0.00389	0.00222	0.00579
12	0.00515	0.00382	0.00482	0.00562	0.00609	0.00348	0.00381	0.00596	0.00844	0.01098	0.02716	0.69544	0.17799	0.01285	0.00536	0.00167	0.00241	0.01151	0.00395	0.00348
13	0.01197	0.32895	0.03030	0.01178	0.11071	0.18210	0.05097	0.05469	0.00976	0.01172	0.00664	0.00835	0.00579	0.00457	0.00536	0.00121	0.15452	0.00305	0.00208	0.00548
14	0.00931	0.00931	0.01303	0.01117	0.01117	0.01303	0.00931	0.01024	0.00652	0.01024	0.00559	0.00931	0.00559	0.00745	0.01396	0.00186	0.84267	0.00372	0.00186	0.00465
15	0.00903	0.00867	0.05326	0.02180	0.12147	0.00655	0.00680	0.01118	0.00894	0.01380	0.00763	0.00910	0.00630	0.00330	0.00336	0.00077	0.00361	0.00275	0.00242	0.69925
16	0.17591	0.01103	0.01118	0.40875	0.03026	0.22889	0.00923	0.01270	0.00916	0.01232	0.00724	0.02010	0.00581	0.00496	0.02089	0.00143	0.01990	0.00334	0.00215	0.00475
17	0.00508	0.00431	0.00438	0.00437	0.00578	0.00361	0.00327	0.00621	0.00982	0.01179	0.08448	0.04046	0.78063	0.01067	0.00503	0.00143	0.00215	0.00891	0.00399	0.00361
18	0.00591	0.00426	0.00559	0.00543	0.00633	0.00394	0.00401	0.00774	0.01151	0.01622	0.71314	0.14272	0.03852	0.00933	0.00507	0.00139	0.00207	0.00829	0.00458	0.00394
19	0.01174	0.01067	0.03403	0.31349	0.13198	0.12171	0.03907	0.13943	0.01136	0.08733	0.00925	0.01183	0.00710	0.00534	0.02694	0.00148	0.00570	0.02314	0.00271	0.00569
20	0.00533	0.00381	0.00507	0.00588	0.00624	0.00356	0.00401	0.00626	0.00871	0.01174	0.13197	0.72261	0.02971	0.01267	0.00538	0.00168	0.00243	0.02534	0.00405	0.00354
21	0.01028	0.05488	0.08577	0.05089	0.63930	0.01050	0.04677	0.01298	0.00950	0.01349	0.00783	0.01026	0.00649	0.00387	0.00432	0.00127	0.01933	0.00371	0.00206	0.00649
22	0.31248	0.08919	0.01070	0.00770	0.01037	0.01041	0.00649	0.13966	0.01061	0.23483	0.00946	0.00978	0.00682	0.00493	0.00488	0.00135	0.11785	0.00326	0.00341	0.00581
23	0.00804	0.00562	0.00636	0.00580	0.00650	0.00592	0.00385	0.15626	0.00882	0.01186	0.01263	0.02356	0.01350	0.61917	0.09136	0.00384	0.00488	0.00560	0.00286	0.00356
24	0.00746	0.00552	0.00747	0.00706	0.00812	0.00629	0.00547	0.11655	0.00858	0.01205	0.01140	0.01674	0.01057	0.09521	0.65443	0.00586	0.00989	0.00459	0.00257	0.00417
25	0.00838	0.01952	0.71653	0.01123	0.01667	0.00904	0.01409	0.01240	0.00852	0.01265	0.00760	0.00952	0.00566	0.00550	0.00575	0.12030	0.00594	0.00322	0.00180	0.00568
26	0.01129	0.83221	0.02185	0.00720	0.01077	0.01652	0.00718	0.01267	0.00865	0.01015	0.00611	0.00705	0.00559	0.00367	0.00274	0.00091	0.00449	0.00232	0.02320	0.00542
27	0.01144	0.11576	0.06136	0.02095	0.19226	0.08706	0.02996	0.04220	0.02006	0.14473	0.02514	0.06031	0.07669	0.00606	0.00442	0.00134	0.01381	0.07765	0.00312	0.00568
28	0.01068	0.43442	0.24909	0.00945	0.01370	0.01349	0.05187	0.05524	0.07727	0.02289	0.00814	0.02197	0.00664	0.00418	0.00350	0.00114	0.00504	0.00314	0.00224	0.00590
29	0.01438	0.01579	0.01149	0.01007	0.01223	0.50121	0.00778	0.19101	0.01289	0.01410	0.00805	0.00962	0.00662	0.01822	0.08093	0.00174	0.05057	0.00328	0.02476	0.00527
30	0.00625	0.00479	0.00709	0.00699	0.00768	0.00568	0.00543	0.00769	0.00680	0.00984	0.01116	0.01673	0.01055	0.06028	0.76095	0.00648	0.05498	0.00457	0.00227	0.00380
31	0.00608	0.00455	0.00680	0.00680	0.00755	0.00530	0.00527	0.00757	0.00683	0.00985	0.01143	0.01690	0.01072	0.04576	0.81987	0.00679	0.01127	0.00459	0.00228	0.00378
32	0.00535	0.00401	0.00502	0.00576	0.00640	0.00367	0.00413	0.00633	0.00874	0.01126	0.02828	0.54471	0.22724	0.01249	0.00539	0.00168	0.00257	0.10948	0.00395	0.00355
33	0.00585	0.00425	0.00551	0.00539	0.00630	0.00391	0.00397	0.00763	0.01136	0.01588	0.66677	0.15305	0.07522	0.00948	0.00508	0.00140	0.00208	0.00841	0.00454	0.00391
34	0.00779	0.00570	0.00744	0.00797	0.00923	0.00586	0.00688	0.07675	0.05257	0.01415	0.02167	0.04300	0.03954	0.01086	0.00564	0.00186	0.00392	0.67087	0.00397	0.00434
35	0.00868	0.06584	0.78589	0.01187	0.01802	0.01025	0.01528	0.01344	0.00897	0.01329	0.00755	0.00887	0.00539	0.00402	0.00397	0.00132	0.00620	0.00310	0.00180	0.00624
36	0.00582	0.00402	0.00499	0.00534	0.00551	0.00402	0.00337	0.00625	0.00696	0.00936	0.01678	0.31982	0.01948	0.46218	0.10404	0.00356	0.00432	0.00812	0.00304	0.00302
37	0.00577	0.00434	0.00534	0.00509	0.00620	0.00391	0.00381	0.00754	0.01144	0.01564	0.62252	0.03413	0.24019	0.00923	0.00502	0.00136	0.00205	0.00802	0.00450	0.00391
38	0.01227	0.01129	0.12255	0.00858	0.01253	0.00933	0.00780	0.33617	0.01355	0.05875	0.00910	0.00969	0.00676	0.00417	0.00378	0.00102	0.00423	0.00322	0.00326	0.36194
39	0.88052	0.00823	0.00625	0.00560	0.00823	0.00955	0.00461	0.01251	0.00724	0.01909	0.00592	0.00691	0.00461	0.00395	0.00263	0.00132	0.00329	0.00230	0.00263	0.00461
40	0.88052	0.00823	0.00625	0.00560	0.00823	0.00955	0.00461	0.01251	0.00724	0.01909	0.00592	0.00691	0.00461	0.00395	0.00263	0.00132	0.00329	0.00230	0.00263	0.00461
41	0.01138	0.85302	0.02230	0.00728	0.01092	0.01684	0.00728	0.01274	0.00865	0.01001	0.00592	0.00683	0.00546	0.00364	0.00273	0.00091	0.00455	0.00228	0.00182	0.00546
42	0.00518	0.00370	0.00494	0.00592	0.00617	0.00346	0.00395	0.00592	0.00815	0.01086	0.02345	0.84768	0.02814	0.01333	0.00543	0.00173	0.00247	0.01210	0.00395	0.00346
43	0.00686	0.00490	0.00686	0.00784	0.00882	0.00490	0.00686	0.00882	0.00980	0.01273	0.02253	0.04800	0.02449	0.01175	0.00588	0.00196	0.00392	0.79528	0.00392	0.00392
44	0.05233	0.81321	0.02154	0.00720	0.01079	0.01649	0.00715	0.01273	0.00858	0.01044	0.00592	0.00683	0.00542	0.00365	0.00273	0.00093	0.00449	0.00228	0.00186	0.00542
45	0.00619	0.00413	0.00464	0.00464	0.00464	0.00413	0.00258	0.00619	0.00619	0.00825	0.01341	0.02785	0.01547	0.85046	0.02166	0.00413	0.00413	0.00619	0.00258	0.00258
46	0.00592	0.00435	0.00554	0.00524	0.00629	0.00397	0.00393	0.00783	0.01180	0.01648	0.74014	0.03274	0.12205	0.00892	0.00502	0.00135	0.00202	0.00783	0.00461	0.00397
47	0.15796	0.00815	0.04778	0.00749	0.01073	0.00715	0.00642	0.01896	0.05363	0.60180	0.02731	0.01334	0.00992	0.00508	0.00401	0.00133	0.00365	0.00399	0.00462	0.00669
48	0.03077	0.02914	0.03000	0.01051	0.13208	0.05095	0.00752	0.03995	0.01166	0.55996	0.01401	0.01303	0.00929	0.00490	0.00413	0.00128	0.00410	0.00400	0.03591	0.00682
49	0.01042	0.01131	0.01084	0.00975	0.01061	0.26462	0.00769	0.01150	0.00829	0.01011	0.00767	0.01147	0.00724	0.05215	0.20975	0.00294	0.34337	0.00374	0.00210	0.00444
50	0.88052	0.00823	0.00625	0.00560	0.00823	0.00955	0.00461	0.01251	0.00724	0.01909	0.00592	0.00691	0.00461	0.00395	0.00263	0.00132	0.00329	0.00230	0.00263	0.00461
51	0.01643	0.00858	0.01051	0.02725	0.01169	0.00849	0.00679	0.26335	0.04863	0.45130	0.06949	0.01420	0.01143	0.00540	0.00430	0.00130	0.00386	0.00434	0.00473	0.02793
52	0.00566	0.00434	0.00519	0.00497	0.00614	0.00386	0.00373	0.00733	0.01119	0.01504	0.53883	0.03511	0.32426	0.00945	0.00502	0.00137	0.00206	0.00816	0.00442	0.00386
53	0.66330	0.10461	0.07725	0.00637	0.00949	0.01019	0.00587	0.01252	0.00763	0.01732	0.00615	0.00718	0.00486	0.00388	0.00279	0.00124	0.00368	0.00238	0.00247	0.05083
54	0.00853	0.02201	0.82841	0.01213	0.01842	0.00988	0.01572	0.01348	0.00898	0.01348	0.00764	0.00898	0.00539	0.00404	0.00404	0.00135	0.00629	0.00314	0.00180	0.00629
55	0.01169	0.45347	0.15523	0.01083	0.12281	0.01340	0.00941	0.07128	0.01002	0.08038	0.02100	0.00898	0.00674	0.00405	0.00343	0.00110	0.00480	0.00300	0.00237	0.00603
56	0.01909	0.00724	0.00987	0.00757	0.01086	0.00625	0.00625	0.02074	0.01218	0.82687	0.01679	0.01448	0.01053	0.00527	0.00428	0.00132	0.00362	0.00428	0.00527	0.00724
57	0.41728	0.00871	0.00836	0.00719	0.00991	0.00976	0.00580	0.08712	0.26342	0.12569	0.01132	0.01102	0.00826	0.00480	0.00353	0.00135	0.00348	0.00349	0.00366	0.00586
58	0.00830	0.00792	0.01387	0.44974	0.11012	0.00873	0.14114	0.01986	0.00956	0.01271	0.12038	0.01561	0.05369	0.00505	0.00452	0.00139	0.00516	0.00479	0.00247	0.00498
59	0.00796	0.01794	0.63879	0.01057	0.01564	0.00853	0.01302	0.01222	0.00969	0.01430	0.19526	0.01424	0.01340	0.00512	0.00427	0.00135	0.00530	0.00419	0.00246	0.00576
60	0.00503	0.00431	0.00431	0.00431	0.00575	0.00359	0.00323	0.00611	0.00970	0.01149	0.04310	0.04095	0.82219	0.01078	0.00503	0.00144	0.00216	0.00898	0.00395	0.00359
61	0.01390	0.00862	0.00984	0.00826	0.01101	0.00919	0.00659	0.10351	0.43843	0.28773	0.01629	0.01482	0.01150	0.00551	0.00426	0.00137	0.00354	0.00450	0.03426	0.00686
62	0.00852	0.00777	0.01240	0.48551	0.19747	0.00896	0.01044	0.01161	0.07056	0.01171	0.00920	0.01376	0.00780	0.11933	0.00662	0.00175	0.00515	0.00419	0.00222	0.00503
63	0.01004	0.01148	0.02511	0.01793	0.02224	0.01076	0.80846	0.01363	0.01004	0.01363	0.00861	0.01148	0.00646	0.00359	0.00502	0.00143	0.00717	0.00502	0.00215	0.00574
64	0.00525	0.00432	0.00462	0.00455	0.00589	0.00369	0.00341	0.00654	0.01023	0.01276	0.21977	0.03887	0.64473	0.01030	0.00503	0.00141	0.00212	0.00869	0.00412	0.00369
65	0.00522	0.00373	0.00498	0.00596	0.00623	0.00349	0.00401	0.00598	0.00818	0.01090	0.02343	0.83127	0.02807	0.01330	0.00544	0.00173	0.00250	0.02817	0.00395	0.00347
66	0.00904	0.04243	0.64584	0.01213	0.03290	0.01011	0.05510	0.05519	0.01916	0.01398	0.00849	0.04303	0.00658	0.00453	0.00434	0.00136	0.02391	0.00366	0.00207	0.00615
67	0.36050	0.00763	0.00844	0.00679	0.00982	0.00756	0.00560	0.01748	0.01022	0.50672	0.01248	0.01148	0.00818	0.00474	0.00363	0.00132	0.00349	0.00350	0.00422	0.00620
68	0.00552	0.00431	0.00501	0.00488	0.00606	0.00380	0.00364	0.00705	0.01080	0.01421	0.42521	0.06567	0.40890	0.00985	0.00504	0.00140	0.00209	0.00846	0.00431	0.00380
69	0.01241	0.07572	0.07755	0.03315	0.26958	0.07154	0.12867	0.07632	0.01984	0.14538	0.00975	0.02791	0.00752	0.00445	0.00441	0.00129	0.02142	0.00399	0.00280	0.00629
70	0.00608	0.00456	0.00684	0.00684	0.00760	0.00532	0.00532	0.00760	0.00684	0.00988	0.01140	0.01672	0.01064	0.03191	0.83360	0.00684	0.01140	0.00456	0.00228	0.00380
71	0.00573	0.00432	0.00534	0.00545	0.00648	0.00393	0.00415	0.00729	0.01053	0.01403	0.38098	0.14753	0.26467	0.01034	0.00519	0.00150	0.00236	0.11211	0.00427	0.00380
72	0.00931	0.00931	0.01303	0.01117	0.01117	0.01303	0.00931	0.01024	0.00652	0.01024	0.00559	0.00931	0.00559	0.00745	0.01396	0.00186	0.84267	0.00372	0.00186	0.00465
73	0.01426	0.06976	0.06431	0.03850	0.12091	0.03203	0.05680	0.39419	0.01485	0.12766	0.01022	0.01980	0.00746	0.00474	0.00418	0.00127	0.00491	0.00387	0.00353	0.00672
74	0.00805	0.00744	0.01129	0.04480	0.18508	0.04218	0.09786	0.01000	0.01777	0.01236	0.03050	0.23877	0.05931	0.00855	0.00550	0.00158	0.04784	0.16329	0.00310	0.00473
75	0.66310	0.01086	0.02904	0.00726	0.02938	0.16497	0.00577	0.01336	0.00828	0.01714	0.00624	0.00730	0.00492	0.00404	0.00294	0.00127	0.00422	0.00246	0.01268	0.00476
76	0.00503	0.00431	0.00431	0.00431	0.00575	0.00359	0.00323	0.00611	0.00970	0.01149	0.04310	0.04095	0.82219	0.01078	0.00503	0.00144	0.00216	0.00898	0.00395	0.00359
