[name]
unknown

[dist]
# distance from previous block
# <min> <max>
0	73

[block]
# block no. 0 follows, 70 sequences, length 54
# corresponding to MSA columns:
# 97-150
name=unknown_A
#
# <colnr> <probs for GDERKNQSTAVLIFYWHMCP>
#	G	D	E	R	K	N	Q	S	T	A	V	L	I	F	Y	W	H	M	C	P
0	0.80714	0.00762	0.02194	0.00538	0.00779	0.00851	0.00454	0.01159	0.02423	0.02944	0.00640	0.00810	0.00518	0.00394	0.00260	0.00123	0.00308	0.03452	0.00250	0.00428
1	0.00986	0.00972	0.02681	0.02220	0.72028	0.02924	0.06716	0.04449	0.00927	0.01304	0.00737	0.00956	0.00610	0.00351	0.00388	0.00116	0.00480	0.00350	0.00200	0.00605
2	0.00881	0.00723	0.00800	0.00648	0.00918	0.00690	0.00512	0.05164	0.30748	0.04047	0.01444	0.01416	0.10969	0.00473	0.00355	0.00098	0.00291	0.00388	0.00321	0.39115
3	0.00480	0.00419	0.00473	0.00446	0.00586	0.00355	0.03575	0.00590	0.00893	0.01074	0.06819	0.03592	0.77455	0.00949	0.00458	0.00131	0.00214	0.00799	0.00356	0.00337
4	0.04441	0.01054	0.13911	0.01095	0.12219	0.04045	0.07082	0.03484	0.37668	0.01425	0.01254	0.01291	0.04834	0.01738	0.00435	0.00130	0.02631	0.00403	0.00293	0.00563
5	0.00760	0.00418	0.00470	0.00433	0.00544	0.00420	0.03568	0.04184	0.00857	0.01477	0.01232	0.01409	0.00964	0.00447	0.00283	0.00093	0.00209	0.00365	0.81485	0.00380
6	0.00866	0.00828	0.01190	0.02554	0.43896	0.05933	0.03425	0.01165	0.10775	0.01267	0.08292	0.09172	0.07886	0.00540	0.00408	0.00123	0.00397	0.00492	0.00266	0.00527
7	0.01709	0.00667	0.00899	0.00694	0.00990	0.00586	0.00572	0.01896	0.04383	0.80934	0.01531	0.01325	0.00969	0.00482	0.00390	0.00120	0.00329	0.00392	0.00476	0.00658
8	0.01739	0.00660	0.00900	0.00690	0.00990	0.00570	0.00570	0.01889	0.01110	0.84226	0.01529	0.01320	0.00960	0.00480	0.00390	0.00120	0.00330	0.00390	0.00480	0.00660
9	0.00527	0.00395	0.00489	0.00465	0.00566	0.00357	0.00349	0.00690	0.01047	0.01436	0.65030	0.03092	0.22454	0.00837	0.00457	0.00124	0.00186	0.00729	0.00411	0.00357
10	0.01729	0.00676	0.00910	0.00697	0.00998	0.00593	0.00576	0.04901	0.01136	0.81176	0.01507	0.01305	0.00948	0.00479	0.00390	0.00120	0.00333	0.00388	0.00476	0.00660
11	0.00612	0.00377	0.00565	0.00565	0.00601	0.00412	0.00412	0.00601	0.00565	0.00789	0.00860	0.01354	0.00824	0.02143	0.44024	0.43776	0.00695	0.00377	0.00188	0.00259
12	0.02474	0.03548	0.58565	0.01130	0.08525	0.00900	0.01228	0.06312	0.02398	0.10137	0.00811	0.00894	0.00573	0.00386	0.00369	0.00121	0.00516	0.00306	0.00219	0.00587
13	0.01530	0.00671	0.00893	0.00700	0.02628	0.00566	0.00559	0.01686	0.01042	0.65399	0.01340	0.01206	0.00873	0.00437	0.00368	0.00107	0.00324	0.00356	0.00422	0.18893
14	0.60403	0.00923	0.01823	0.00761	0.07952	0.12372	0.00557	0.01270	0.00782	0.09159	0.00657	0.00733	0.00498	0.00375	0.00283	0.00117	0.00375	0.00244	0.00251	0.00464
15	0.00978	0.00998	0.07408	0.04068	0.65438	0.02419	0.02763	0.01269	0.05369	0.04364	0.00801	0.00988	0.00644	0.00363	0.00384	0.00117	0.00465	0.00348	0.00211	0.00604
16	0.00833	0.11722	0.03635	0.00603	0.00953	0.00659	0.00517	0.01008	0.00802	0.01217	0.00670	0.00781	0.00562	0.00295	0.00285	0.00063	0.00313	0.00229	0.00219	0.74635
17	0.00481	0.00352	0.00487	0.00562	0.00592	0.00328	0.02024	0.00554	0.00746	0.00995	0.02109	0.84399	0.02524	0.01197	0.00494	0.00157	0.00234	0.01089	0.00357	0.00319
18	0.01108	0.00880	0.02031	0.03139	0.02572	0.00963	0.00660	0.32201	0.35371	0.03481	0.12101	0.01412	0.01270	0.00528	0.00399	0.00124	0.00348	0.00432	0.00385	0.00594
19	0.00493	0.00390	0.00443	0.00438	0.00547	0.00341	0.00326	0.00620	0.00952	0.01231	0.33300	0.09385	0.48302	0.00929	0.00460	0.00130	0.00193	0.00795	0.00385	0.00341
20	0.00794	0.05118	0.78015	0.01093	0.01647	0.00927	0.03031	0.01242	0.02418	0.01224	0.00709	0.00828	0.00507	0.00369	0.00366	0.00122	0.00564	0.00290	0.00169	0.00570
21	0.00912	0.21078	0.30454	0.01150	0.13521	0.01068	0.05357	0.01390	0.18917	0.01248	0.00863	0.00944	0.00668	0.00389	0.00353	0.00115	0.00466	0.00319	0.00221	0.00568
22	0.00477	0.00393	0.00419	0.00412	0.00535	0.00335	0.00309	0.00593	0.00928	0.01152	0.20430	0.03558	0.67232	0.00943	0.00458	0.00129	0.00194	0.00794	0.00374	0.00335
23	0.00795	0.01234	0.35595	0.00851	0.01196	0.00814	0.00899	0.01431	0.32438	0.01396	0.10075	0.01554	0.08993	0.00532	0.00396	0.00127	0.00394	0.00439	0.00298	0.00543
24	0.00549	0.00396	0.00518	0.00488	0.00579	0.00366	0.00366	0.00732	0.01097	0.01555	0.83752	0.02896	0.03658	0.00793	0.00457	0.00122	0.00183	0.00701	0.00427	0.00366
25	0.03566	0.37513	0.12852	0.00706	0.01009	0.00993	0.00690	0.01240	0.00858	0.20929	0.01064	0.15077	0.00950	0.00520	0.00340	0.00111	0.00381	0.00411	0.00275	0.00514
26	0.01007	0.00683	0.00825	0.00599	0.00934	0.00528	0.00483	0.01174	0.00870	0.19252	0.00871	0.00916	0.00658	0.00329	0.00309	0.00071	0.00296	0.00264	0.00284	0.69646
27	0.00804	0.00689	0.00804	0.00574	0.00919	0.00517	0.00459	0.00976	0.00804	0.01263	0.00689	0.00804	0.00574	0.00287	0.00287	0.00057	0.00287	0.00230	0.00230	0.88745
28	0.00911	0.00895	0.02837	0.18780	0.65264	0.00910	0.02450	0.01152	0.00861	0.01211	0.00722	0.00973	0.00592	0.00354	0.00385	0.00118	0.00477	0.00346	0.00188	0.00576
29	0.01627	0.00730	0.03249	0.00719	0.01019	0.00641	0.00604	0.04899	0.09125	0.70806	0.01488	0.01303	0.00957	0.00481	0.00390	0.00121	0.00338	0.00390	0.00459	0.00653
30	0.00864	0.07913	0.01257	0.00989	0.01016	0.01216	0.00833	0.00952	0.00610	0.00931	0.00511	0.00830	0.00508	0.00650	0.01188	0.00162	0.78643	0.00328	0.00169	0.00430
31	0.00778	0.02005	0.84367	0.01105	0.01678	0.00900	0.01432	0.01228	0.00818	0.01228	0.00696	0.00818	0.00491	0.00368	0.00368	0.00123	0.00573	0.00286	0.00164	0.00573
32	0.00540	0.00396	0.00506	0.00478	0.00574	0.00362	0.00359	0.00715	0.01077	0.01505	0.75981	0.02977	0.11460	0.00811	0.00457	0.00123	0.00184	0.00713	0.00420	0.00362
33	0.00732	0.00689	0.01163	0.85444	0.02670	0.00861	0.01077	0.00991	0.00775	0.00991	0.00689	0.01034	0.00517	0.00388	0.00388	0.00129	0.00517	0.00345	0.00172	0.00431
34	0.00489	0.00394	0.00434	0.00424	0.00540	0.00341	0.00317	0.00614	0.00949	0.01209	0.30050	0.03439	0.56253	0.02245	0.00481	0.00132	0.00195	0.00776	0.00380	0.00338
35	0.00952	0.00917	0.01569	0.04053	0.79426	0.00926	0.02423	0.01182	0.00875	0.01254	0.00725	0.00960	0.00610	0.00352	0.00402	0.00117	0.02115	0.00347	0.00191	0.00605
36	0.00494	0.00393	0.00444	0.00439	0.00551	0.00343	0.00330	0.00622	0.00952	0.01222	0.31269	0.06890	0.50914	0.00929	0.00461	0.00130	0.00197	0.02698	0.00383	0.00341
37	0.00801	0.07275	0.15729	0.00779	0.04259	0.01589	0.00685	0.01152	0.14692	0.07807	0.12022	0.15297	0.05530	0.00863	0.07972	0.00172	0.00407	0.02180	0.00312	0.00476
38	0.00876	0.05805	0.01016	0.01006	0.12658	0.19045	0.00695	0.01006	0.00766	0.00962	0.00801	0.01153	0.00740	0.04654	0.34478	0.00332	0.13036	0.00352	0.00197	0.00422
39	0.01064	0.00882	0.00933	0.00809	0.01046	0.01011	0.00638	0.17769	0.67386	0.01782	0.01452	0.01346	0.01081	0.00514	0.00393	0.00129	0.00330	0.00421	0.00393	0.00623
40	0.44538	0.00704	0.00738	0.00602	0.00872	0.00717	0.00496	0.01522	0.00889	0.43821	0.01045	0.00982	0.00695	0.00421	0.00316	0.00120	0.00315	0.00302	0.00362	0.00542
41	0.00528	0.00388	0.00495	0.00485	0.00571	0.00355	0.00357	0.00686	0.01025	0.01422	0.63936	0.14558	0.12007	0.00871	0.00463	0.00128	0.00190	0.00769	0.00410	0.00355
42	0.00723	0.00361	0.00361	0.00361	0.00452	0.00361	0.00271	0.00903	0.00813	0.01445	0.01265	0.01445	0.00994	0.00452	0.00271	0.00090	0.00181	0.00361	0.88528	0.00361
43	0.00848	0.00848	0.01187	0.01018	0.01018	0.01187	0.00848	0.00933	0.00594	0.00933	0.00509	0.00848	0.00509	0.00679	0.01272	0.00170	0.85666	0.00339	0.00170	0.00424
44	0.00964	0.00833	0.00877	0.00789	0.01008	0.00964	0.00614	0.02060	0.83257	0.01622	0.01578	0.01446	0.01183	0.00526	0.00394	0.00131	0.00307	0.00438	0.00394	0.00614
45	0.01036	0.86609	0.02032	0.00663	0.00995	0.01534	0.00663	0.01161	0.00788	0.00912	0.00539	0.00622	0.00498	0.00332	0.00249	0.00083	0.00415	0.00207	0.00166	0.00498
46	0.03375	0.00661	0.00894	0.00686	0.00985	0.00575	0.00567	0.01875	0.01101	0.82681	0.01511	0.01307	0.00950	0.00478	0.00387	0.00120	0.00329	0.00386	0.00475	0.00655
47	0.00555	0.00410	0.00598	0.00598	0.00659	0.00471	0.00453	0.00676	0.00616	0.00881	0.01061	0.01650	0.01024	0.13353	0.74469	0.00592	0.00956	0.00434	0.00211	0.00332
48	0.00982	0.00841	0.00886	0.00792	0.01015	0.00972	0.00618	0.04830	0.80458	0.01650	0.01556	0.01429	0.01165	0.00524	0.00394	0.00131	0.00311	0.00435	0.00394	0.00615
49	0.00472	0.00337	0.00450	0.00540	0.00562	0.00315	0.00360	0.00540	0.00742	0.00990	0.02137	0.86122	0.02564	0.01215	0.00495	0.00157	0.00225	0.01102	0.00360	0.00315
50	0.01474	0.01086	0.01163	0.00892	0.01202	0.01202	0.00737	0.82664	0.01823	0.02443	0.00931	0.00931	0.00659	0.00465	0.00388	0.00116	0.00427	0.00349	0.00388	0.00659
51	0.89114	0.00750	0.00570	0.00510	0.00750	0.00870	0.00420	0.01140	0.00660	0.01739	0.00540	0.00630	0.00420	0.00360	0.00240	0.00120	0.00300	0.00210	0.00240	0.00420
52	0.00924	0.04366	0.02624	0.00787	0.06338	0.09114	0.03289	0.07982	0.02163	0.11053	0.40322	0.03985	0.03144	0.00628	0.00418	0.00119	0.00330	0.01586	0.00363	0.00466
53	0.01036	0.86609	0.02032	0.00663	0.00995	0.01534	0.00663	0.01161	0.00788	0.00912	0.00539	0.00622	0.00498	0.00332	0.00249	0.00083	0.00415	0.00207	0.00166	0.00498

[dist]
# distance from previous block
# <min> <max>
1	5

[block]
# block no. 1 follows, 70 sequences, length 75
# corresponding to MSA columns:
# 159-233
name=unknown_B
#
# <colnr> <probs for GDERKNQSTAVLIFYWHMCP>
#	G	D	E	R	K	N	Q	S	T	A	V	L	I	F	Y	W	H	M	C	P
0	0.00855	0.01903	0.75089	0.01081	0.01625	0.00934	0.01355	0.10308	0.00930	0.01363	0.00722	0.00831	0.00510	0.00379	0.00370	0.00122	0.00557	0.00293	0.00189	0.00583
1	0.79293	0.10323	0.00733	0.00527	0.00777	0.00944	0.00447	0.01142	0.00674	0.01647	0.00540	0.00629	0.00429	0.00357	0.00241	0.00116	0.00313	0.00210	0.00232	0.00429
2	0.01185	0.02186	0.08215	0.00675	0.00908	0.00567	0.01728	0.04713	0.00971	0.41556	0.03547	0.16197	0.04824	0.10198	0.00586	0.00155	0.00339	0.00545	0.00384	0.00519
3	0.00608	0.00437	0.00555	0.00644	0.09742	0.00439	0.00346	0.00636	0.00600	0.00812	0.01163	0.02344	0.01313	0.75337	0.03231	0.00351	0.00397	0.00537	0.00230	0.00279
4	0.00804	0.00689	0.00804	0.00574	0.00919	0.00517	0.00459	0.00976	0.00804	0.01263	0.00689	0.00804	0.00574	0.00287	0.00287	0.00057	0.00287	0.00230	0.00230	0.88745
5	0.00855	0.00540	0.00636	0.00552	0.00701	0.00539	0.00431	0.16416	0.01173	0.08082	0.43471	0.02081	0.02292	0.00631	0.00398	0.00114	0.00240	0.00535	0.19870	0.00443
6	0.00485	0.00394	0.00429	0.00421	0.00540	0.00339	0.00315	0.00608	0.00946	0.01196	0.27278	0.03487	0.60356	0.00926	0.00458	0.00128	0.00192	0.00784	0.00380	0.00339
7	0.00482	0.00342	0.00447	0.00527	0.00547	0.00322	0.00346	0.00542	0.00722	0.00963	0.02035	0.76831	0.02436	0.10681	0.00659	0.00182	0.00242	0.01042	0.00346	0.00306
8	0.89114	0.00750	0.00570	0.00510	0.00750	0.00870	0.00420	0.01140	0.00660	0.01739	0.00540	0.00630	0.00420	0.00360	0.00240	0.00120	0.00300	0.00210	0.00240	0.00420
9	0.00848	0.00848	0.01187	0.01018	0.01018	0.01187	0.00848	0.00933	0.00594	0.00933	0.00509	0.00848	0.00509	0.00679	0.01272	0.00170	0.85666	0.00339	0.00170	0.00424
10	0.00778	0.02005	0.84367	0.01105	0.01678	0.00900	0.01432	0.01228	0.00818	0.01228	0.00696	0.00818	0.00491	0.00368	0.00368	0.00123	0.00573	0.00286	0.00164	0.00573
11	0.75764	0.00736	0.00620	0.00537	0.00786	0.00824	0.00443	0.01254	0.00728	0.14342	0.00691	0.00735	0.00502	0.00378	0.00263	0.00120	0.00304	0.00237	0.00277	0.00457
12	0.04650	0.00728	0.00929	0.00715	0.01014	0.00677	0.00590	0.14267	0.01204	0.68882	0.01404	0.01237	0.00895	0.00474	0.00384	0.00119	0.00344	0.00378	0.00458	0.00652
13	0.89114	0.00750	0.00570	0.00510	0.00750	0.00870	0.00420	0.01140	0.00660	0.01739	0.00540	0.00630	0.00420	0.00360	0.00240	0.00120	0.00300	0.00210	0.00240	0.00420
14	0.00492	0.00459	0.03889	0.00446	0.00584	0.00359	0.00359	0.00624	0.00927	0.01169	0.21886	0.04624	0.60985	0.00917	0.00455	0.00129	0.00209	0.00774	0.00367	0.00346
15	0.00543	0.00396	0.00511	0.00482	0.00576	0.00363	0.00361	0.00721	0.01084	0.01524	0.78914	0.02947	0.08515	0.00804	0.00457	0.00122	0.00184	0.00708	0.00423	0.00363
16	0.00778	0.02005	0.84367	0.01105	0.01678	0.00900	0.01432	0.01228	0.00818	0.01228	0.00696	0.00818	0.00491	0.00368	0.00368	0.00123	0.00573	0.00286	0.00164	0.00573
17	0.01474	0.01086	0.01163	0.00892	0.01202	0.01202	0.00737	0.82664	0.01823	0.02443	0.00931	0.00931	0.00659	0.00465	0.00388	0.00116	0.00427	0.00349	0.00388	0.00659
18	0.00535	0.00396	0.00499	0.00473	0.00571	0.00360	0.00355	0.00705	0.01065	0.01477	0.71562	0.03023	0.15897	0.00821	0.00457	0.00123	0.00185	0.00719	0.00417	0.00360
19	0.89114	0.00750	0.00570	0.00510	0.00750	0.00870	0.00420	0.01140	0.00660	0.01739	0.00540	0.00630	0.00420	0.00360	0.00240	0.00120	0.00300	0.00210	0.00240	0.00420
20	0.00833	0.12729	0.57220	0.00948	0.01442	0.00915	0.01145	0.01200	0.02075	0.02499	0.00701	0.00808	0.00524	0.00354	0.00340	0.00107	0.00497	0.00271	0.00183	0.15207
21	0.63662	0.06838	0.06830	0.00670	0.03031	0.10089	0.00570	0.02303	0.00749	0.01557	0.00568	0.00663	0.00447	0.00364	0.00268	0.00115	0.00377	0.00225	0.00226	0.00448
22	0.00549	0.00396	0.00518	0.00488	0.00579	0.00366	0.00366	0.00732	0.01097	0.01555	0.83752	0.02896	0.03658	0.00793	0.00457	0.00122	0.00183	0.00701	0.00427	0.00366
23	0.00960	0.04248	0.04122	0.00792	0.01029	0.00978	0.00644	0.03192	0.74369	0.01582	0.01529	0.01417	0.02373	0.00518	0.00389	0.00129	0.00321	0.00428	0.00376	0.00604
24	0.01360	0.14522	0.01244	0.00904	0.01156	0.43649	0.00724	0.23726	0.06694	0.01397	0.00746	0.00800	0.00588	0.00416	0.00348	0.00104	0.00555	0.00283	0.00259	0.00525
25	0.00541	0.00389	0.00507	0.00491	0.00571	0.00361	0.00360	0.00703	0.01036	0.01458	0.71245	0.12161	0.03443	0.04373	0.00524	0.00136	0.00196	0.00740	0.00411	0.00355
26	0.01047	0.00888	0.01470	0.02125	0.71281	0.00884	0.01097	0.01304	0.04309	0.10531	0.00853	0.01020	0.00676	0.00368	0.00385	0.00116	0.00440	0.00354	0.00232	0.00619
27	0.00709	0.00675	0.08353	0.00586	0.00835	0.00484	0.00509	0.00911	0.00947	0.03509	0.38669	0.01774	0.01986	0.00530	0.00375	0.00095	0.00267	0.00454	0.00320	0.38010
28	0.89114	0.00750	0.00570	0.00510	0.00750	0.00870	0.00420	0.01140	0.00660	0.01739	0.00540	0.00630	0.00420	0.00360	0.00240	0.00120	0.00300	0.00210	0.00240	0.00420
29	0.01036	0.86609	0.02032	0.00663	0.00995	0.01534	0.00663	0.01161	0.00788	0.00912	0.00539	0.00622	0.00498	0.00332	0.00249	0.00083	0.00415	0.00207	0.00166	0.00498
30	0.00980	0.00898	0.01182	0.00991	0.01057	0.01191	0.00825	0.18214	0.00854	0.01252	0.00598	0.00866	0.00541	0.00633	0.01085	0.00158	0.67643	0.00341	0.00216	0.00474
31	0.00549	0.00396	0.00518	0.00488	0.00579	0.00366	0.00366	0.00732	0.01097	0.01555	0.83752	0.02896	0.03658	0.00793	0.00457	0.00122	0.00183	0.00701	0.00427	0.00366
32	0.00487	0.00394	0.00433	0.00423	0.00541	0.00340	0.00317	0.00613	0.00952	0.01210	0.29527	0.03463	0.58098	0.00921	0.00458	0.00128	0.00192	0.00781	0.00381	0.00340
33	0.01257	0.00563	0.00746	0.00624	0.00845	0.00487	0.00489	0.01388	0.00966	0.49627	0.01596	0.24276	0.01356	0.00658	0.00403	0.00122	0.00291	0.00565	0.03957	0.09785
34	0.00472	0.00337	0.00450	0.00540	0.00562	0.00315	0.00360	0.00540	0.00742	0.00990	0.02137	0.86122	0.02564	0.01215	0.00495	0.00157	0.00225	0.01102	0.00360	0.00315
35	0.00554	0.00415	0.00623	0.00623	0.00692	0.00485	0.00485	0.00692	0.00623	0.00900	0.01038	0.01523	0.00969	0.02908	0.84839	0.00623	0.01038	0.00415	0.00208	0.00346
36	0.00964	0.00833	0.00877	0.00789	0.01008	0.00964	0.00614	0.02060	0.83257	0.01622	0.01578	0.01446	0.01183	0.00526	0.00394	0.00131	0.00307	0.00438	0.00394	0.00614
37	0.01425	0.00670	0.00867	0.00651	0.00966	0.00552	0.00533	0.01582	0.01007	0.56303	0.01247	0.01146	0.00830	0.00415	0.00355	0.00099	0.00315	0.00336	0.00396	0.30307
38	0.00778	0.02005	0.84367	0.01105	0.01678	0.00900	0.01432	0.01228	0.00818	0.01228	0.00696	0.00818	0.00491	0.00368	0.00368	0.00123	0.00573	0.00286	0.00164	0.00573
39	0.00723	0.00361	0.00361	0.00361	0.00452	0.00361	0.00271	0.00903	0.00813	0.01445	0.01265	0.01445	0.00994	0.00452	0.00271	0.00090	0.00181	0.00361	0.88528	0.00361
40	0.35813	0.00814	0.01149	0.15403	0.27707	0.00884	0.08398	0.01132	0.00780	0.01403	0.00686	0.00937	0.00560	0.00375	0.00338	0.00122	0.00422	0.02373	0.00212	0.00492
41	0.00818	0.01677	0.60157	0.01402	0.20993	0.00892	0.03682	0.01205	0.00844	0.01247	0.03071	0.00917	0.00613	0.00374	0.00377	0.00121	0.00538	0.00317	0.00179	0.00575
42	0.00723	0.00361	0.00361	0.00361	0.00452	0.00361	0.00271	0.00903	0.00813	0.01445	0.01265	0.01445	0.00994	0.00452	0.00271	0.00090	0.00181	0.00361	0.88528	0.00361
43	0.00981	0.00928	0.01557	0.02318	0.80541	0.00933	0.01171	0.04553	0.00922	0.01315	0.00738	0.00958	0.00616	0.00350	0.00384	0.00115	0.00459	0.00346	0.00200	0.00616
44	0.00567	0.00380	0.00434	0.00438	0.00443	0.00380	0.00256	0.00576	0.00581	0.00773	0.01266	0.02635	0.01453	0.81845	0.01897	0.00365	0.00375	0.04854	0.00241	0.00241
45	0.00723	0.00361	0.00361	0.00361	0.00452	0.00361	0.00271	0.00903	0.00813	0.01445	0.01265	0.01445	0.00994	0.00452	0.00271	0.00090	0.00181	0.00361	0.88528	0.00361
46	0.00834	0.00747	0.01176	0.01670	0.50832	0.00751	0.00889	0.01108	0.09064	0.02295	0.02547	0.19128	0.04878	0.00594	0.00415	0.00128	0.00376	0.01774	0.00265	0.00531
47	0.01425	0.10622	0.01260	0.00866	0.01179	0.01239	0.00729	0.73576	0.01707	0.02273	0.00887	0.00896	0.00641	0.00450	0.00372	0.00113	0.00425	0.00333	0.00363	0.00641
48	0.64396	0.06097	0.00767	0.00610	0.00843	0.11676	0.00500	0.01176	0.00726	0.01527	0.00552	0.00656	0.00446	0.00376	0.00309	0.00115	0.04702	0.00222	0.00226	0.04075
49	0.00937	0.04433	0.01547	0.11571	0.71468	0.00940	0.01155	0.01166	0.00867	0.01221	0.00717	0.00954	0.00598	0.00350	0.00379	0.00115	0.00465	0.00340	0.00189	0.00589
50	0.00964	0.00833	0.00877	0.00789	0.01008	0.00964	0.00614	0.02060	0.83257	0.01622	0.01578	0.01446	0.01183	0.00526	0.00394	0.00131	0.00307	0.00438	0.00394	0.00614
51	0.01448	0.01848	0.01099	0.00999	0.01199	0.84819	0.00749	0.01548	0.01099	0.00949	0.00599	0.00699	0.00499	0.00400	0.00350	0.00100	0.00699	0.00250	0.00200	0.00449
52	0.00472	0.00337	0.00450	0.00540	0.00562	0.00315	0.00360	0.00540	0.00742	0.00990	0.02137	0.86122	0.02564	0.01215	0.00495	0.00157	0.00225	0.01102	0.00360	0.00315
53	0.00723	0.00361	0.00361	0.00361	0.00452	0.00361	0.00271	0.00903	0.00813	0.01445	0.01265	0.01445	0.00994	0.00452	0.00271	0.00090	0.00181	0.00361	0.88528	0.00361
54	0.59054	0.00757	0.00718	0.00607	0.00843	0.00845	0.03988	0.12919	0.00900	0.01776	0.10836	0.01064	0.03452	0.00446	0.00304	0.00120	0.00316	0.00319	0.00286	0.00450
55	0.01293	0.00918	0.01296	0.01536	0.39411	0.00937	0.00910	0.27680	0.01235	0.19438	0.00966	0.01027	0.00703	0.00413	0.00386	0.00117	0.00422	0.00356	0.00317	0.00638
56	0.00518	0.00395	0.00476	0.00456	0.00560	0.00353	0.00342	0.00673	0.01025	0.01384	0.56886	0.03177	0.30631	0.00856	0.00458	0.00125	0.00187	0.00741	0.00404	0.00353
57	0.00732	0.00689	0.01163	0.85444	0.02670	0.00861	0.01077	0.00991	0.00775	0.00991	0.00689	0.01034	0.00517	0.00388	0.00388	0.00129	0.00517	0.00345	0.00172	0.00431
58	0.01539	0.00893	0.10122	0.00770	0.01092	0.02120	0.00690	0.15080	0.02465	0.56571	0.03694	0.01237	0.00932	0.00474	0.00388	0.00120	0.00374	0.00379	0.00422	0.00637
59	0.00964	0.00833	0.00877	0.00789	0.01008	0.00964	0.00614	0.02060	0.83257	0.01622	0.01578	0.01446	0.01183	0.00526	0.00394	0.00131	0.00307	0.00438	0.00394	0.00614
60	0.00915	0.01046	0.02288	0.01634	0.02026	0.00980	0.82549	0.01242	0.00915	0.01242	0.00784	0.01046	0.00588	0.00327	0.00458	0.00131	0.00654	0.00458	0.00196	0.00523
61	0.89114	0.00750	0.00570	0.00510	0.00750	0.00870	0.00420	0.01140	0.00660	0.01739	0.00540	0.00630	0.00420	0.00360	0.00240	0.00120	0.00300	0.00210	0.00240	0.00420
62	0.00932	0.00899	0.01555	0.09289	0.72392	0.00910	0.04752	0.01166	0.00873	0.01239	0.00748	0.02133	0.00631	0.00360	0.00389	0.00118	0.00471	0.00361	0.00193	0.00591
63	0.89114	0.00750	0.00570	0.00510	0.00750	0.00870	0.00420	0.01140	0.00660	0.01739	0.00540	0.00630	0.00420	0.00360	0.00240	0.00120	0.00300	0.00210	0.00240	0.00420
64	0.00536	0.00394	0.00529	0.00516	0.00598	0.00364	0.01696	0.00694	0.01012	0.01416	0.62909	0.21072	0.05037	0.00881	0.00465	0.00130	0.00200	0.00787	0.00407	0.00356
65	0.00616	0.00440	0.00614	0.00703	0.00789	0.00438	0.00609	0.00787	0.00883	0.01150	0.02058	0.09293	0.02251	0.01080	0.00533	0.00177	0.00349	0.76518	0.00357	0.00354
66	0.00804	0.00689	0.00804	0.00574	0.00919	0.00517	0.00459	0.00976	0.00804	0.01263	0.00689	0.00804	0.00574	0.00287	0.00287	0.00057	0.00287	0.00230	0.00230	0.88745
67	0.01036	0.86609	0.02032	0.00663	0.00995	0.01534	0.00663	0.01161	0.00788	0.00912	0.00539	0.00622	0.00498	0.00332	0.00249	0.00083	0.00415	0.00207	0.00166	0.00498
68	0.85889	0.00770	0.02311	0.00520	0.00764	0.00862	0.00439	0.01138	0.00665	0.01724	0.00554	0.00646	0.00430	0.00361	0.00243	0.00120	0.00304	0.00214	0.01623	0.00422
69	0.00964	0.00833	0.00877	0.00789	0.01008	0.00964	0.00614	0.02060	0.83257	0.01622	0.01578	0.01446	0.01183	0.00526	0.00394	0.00131	0.00307	0.00438	0.00394	0.00614
70	0.01229	0.00940	0.01015	0.00816	0.01083	0.01036	0.00660	0.50844	0.23115	0.02101	0.08854	0.01246	0.01075	0.00506	0.00392	0.00119	0.00367	0.00401	0.00387	0.03815
71	0.00732	0.00689	0.01163	0.85444	0.02670	0.00861	0.01077	0.00991	0.00775	0.00991	0.00689	0.01034	0.00517	0.00388	0.00388	0.00129	0.00517	0.00345	0.00172	0.00431
72	0.00564	0.00376	0.00423	0.00423	0.00423	0.00376	0.00235	0.00564	0.00564	0.00752	0.01222	0.02537	0.01409	0.86375	0.01973	0.00376	0.00376	0.00564	0.00235	0.00235
73	0.00914	0.00868	0.01328	0.11190	0.40124	0.00999	0.01004	0.02905	0.10731	0.01211	0.00770	0.00995	0.00644	0.00466	0.00631	0.00134	0.23978	0.00355	0.00212	0.00542
74	0.01097	0.03573	0.00832	0.00748	0.02605	0.37344	0.00560	0.01277	0.04592	0.03384	0.00928	0.01055	0.00741	0.00438	0.00361	0.00101	0.04331	0.00311	0.35292	0.00431

[dist]
# distance from previous block
# <min> <max>
1	3

[block]
# block no. 2 follows, 70 sequences, length 49
# corresponding to MSA columns:
# 237-285
name=unknown_C
#
# <colnr> <probs for GDERKNQSTAVLIFYWHMCP>
#	G	D	E	R	K	N	Q	S	T	A	V	L	I	F	Y	W	H	M	C	P
0	0.89114	0.00750	0.00570	0.00510	0.00750	0.00870	0.00420	0.01140	0.00660	0.01739	0.00540	0.00630	0.00420	0.00360	0.00240	0.00120	0.00300	0.00210	0.00240	0.00420
1	0.00872	0.01429	0.39373	0.01714	0.37125	0.00918	0.10583	0.01213	0.00857	0.01246	0.00720	0.00905	0.00555	0.00354	0.00385	0.00120	0.00534	0.00331	0.00180	0.00585
2	0.00955	0.30665	0.16123	0.00803	0.03960	0.01041	0.00762	0.08951	0.05915	0.01274	0.01812	0.00828	0.00620	0.00357	0.00310	0.00091	0.00401	0.00266	0.00222	0.24641
3	0.00467	0.00357	0.00430	0.00488	0.00549	0.00319	0.00337	0.00546	0.00792	0.01010	0.02762	0.57338	0.30945	0.01133	0.00482	0.00148	0.00215	0.01003	0.00360	0.00319
4	0.00522	0.00383	0.00523	0.00582	0.01809	0.00395	0.00397	0.00600	0.00685	0.00936	0.01671	0.49660	0.01921	0.13730	0.22032	0.00306	0.02408	0.00823	0.00297	0.00318
5	0.00863	0.00854	0.01187	0.01015	0.01022	0.01188	0.00846	0.02822	0.00622	0.00968	0.00519	0.00850	0.00512	0.00674	0.01252	0.00168	0.83696	0.00339	0.00175	0.00430
6	0.00562	0.00382	0.00452	0.00452	0.00462	0.00392	0.00271	0.00582	0.00572	0.00773	0.01195	0.02391	0.01346	0.74347	0.13915	0.00411	0.00471	0.00542	0.00231	0.00251
7	0.00625	0.00446	0.00625	0.00714	0.00803	0.00446	0.00625	0.00803	0.00892	0.01160	0.02053	0.04373	0.02231	0.01071	0.00535	0.00178	0.00357	0.81348	0.00357	0.00357
8	0.89114	0.00750	0.00570	0.00510	0.00750	0.00870	0.00420	0.01140	0.00660	0.01739	0.00540	0.00630	0.00420	0.00360	0.00240	0.00120	0.00300	0.00210	0.00240	0.00420
9	0.00722	0.00372	0.00376	0.00374	0.00467	0.00373	0.00281	0.00920	0.02415	0.01452	0.03966	0.01493	0.01084	0.00464	0.00279	0.00092	0.00183	0.00374	0.83946	0.00366
10	0.01474	0.01086	0.01163	0.00892	0.01202	0.01202	0.00737	0.82664	0.01823	0.02443	0.00931	0.00931	0.00659	0.00465	0.00388	0.00116	0.00427	0.00349	0.00388	0.00659
11	0.01074	0.00888	0.00939	0.00811	0.01050	0.01016	0.00640	0.19487	0.65650	0.01799	0.01438	0.01335	0.01070	0.00513	0.00393	0.00128	0.00333	0.00419	0.00393	0.00624
12	0.00564	0.00376	0.00423	0.00423	0.00423	0.00376	0.00235	0.00564	0.00564	0.00752	0.01222	0.02537	0.01409	0.86375	0.01973	0.00376	0.00376	0.00564	0.00235	0.00235
13	0.01487	0.01065	0.01151	0.00882	0.01192	0.01172	0.00729	0.78742	0.01788	0.06415	0.00960	0.00950	0.00674	0.00466	0.00388	0.00117	0.00422	0.00351	0.00392	0.00659
14	0.00877	0.03917	0.25371	0.02834	0.01907	0.00973	0.55876	0.01231	0.00882	0.01224	0.00750	0.00969	0.00557	0.00340	0.00425	0.00127	0.00621	0.00400	0.00186	0.00535
15	0.00554	0.00415	0.00623	0.00623	0.00692	0.00485	0.00485	0.00692	0.00623	0.00900	0.01038	0.01523	0.00969	0.02908	0.84839	0.00623	0.01038	0.00415	0.00208	0.00346
16	0.00964	0.00833	0.00877	0.00789	0.01008	0.00964	0.00614	0.02060	0.83257	0.01622	0.01578	0.01446	0.01183	0.00526	0.00394	0.00131	0.00307	0.00438	0.00394	0.00614
17	0.00549	0.00396	0.00518	0.00488	0.00579	0.00366	0.00366	0.00732	0.01097	0.01555	0.83752	0.02896	0.03658	0.00793	0.00457	0.00122	0.00183	0.00701	0.00427	0.00366
18	0.00543	0.00392	0.00513	0.00491	0.00578	0.00362	0.00365	0.00718	0.01073	0.01515	0.78039	0.08723	0.03581	0.00822	0.00460	0.00124	0.00186	0.00729	0.00422	0.00362
19	0.01696	0.00710	0.00929	0.00714	0.01014	0.00647	0.00589	0.10885	0.02684	0.73617	0.01464	0.01279	0.00930	0.00479	0.00390	0.00120	0.00340	0.00386	0.00468	0.00659
20	0.01028	0.77069	0.01981	0.00854	0.10231	0.01466	0.00722	0.01164	0.00798	0.00952	0.00560	0.00659	0.00510	0.00333	0.00264	0.00087	0.00420	0.00223	0.00169	0.00510
21	0.00552	0.00445	0.00551	0.00515	0.00610	0.00445	0.00396	0.00696	0.00971	0.01317	0.48043	0.02945	0.29854	0.00843	0.00548	0.00130	0.09704	0.00700	0.00376	0.00360
22	0.01474	0.01086	0.01163	0.00892	0.01202	0.01202	0.00737	0.82664	0.01823	0.02443	0.00931	0.00931	0.00659	0.00465	0.00388	0.00116	0.00427	0.00349	0.00388	0.00659
23	0.00697	0.00424	0.00559	0.00520	0.00631	0.00386	0.00391	0.00859	0.01049	0.12566	0.60845	0.13510	0.04430	0.00808	0.00453	0.00126	0.00208	0.00713	0.00424	0.00398
24	0.00549	0.00396	0.00518	0.00488	0.00579	0.00366	0.00366	0.00732	0.01097	0.01555	0.83752	0.02896	0.03658	0.00793	0.00457	0.00122	0.00183	0.00701	0.00427	0.00366
25	0.01582	0.00716	0.01015	0.00974	0.14642	0.00651	0.00676	0.03223	0.03659	0.66530	0.01389	0.01257	0.00904	0.00459	0.00389	0.00119	0.00352	0.00383	0.00428	0.00651
26	0.00510	0.00394	0.00462	0.00445	0.00552	0.00349	0.00332	0.00652	0.00993	0.01317	0.47294	0.03249	0.38307	0.02839	0.00492	0.00132	0.00193	0.00749	0.00393	0.00346
27	0.01190	0.50583	0.01676	0.00819	0.01107	0.29476	0.04111	0.01331	0.02200	0.03475	0.00616	0.00700	0.00527	0.00362	0.00298	0.00093	0.00516	0.00241	0.00192	0.00489
28	0.00882	0.03520	0.10947	0.01038	0.16937	0.00716	0.03707	0.03473	0.02254	0.02891	0.00735	0.00863	0.00590	0.00324	0.00327	0.00084	0.00376	0.00276	0.00224	0.49835
29	0.01004	0.06408	0.21622	0.01555	0.35593	0.00999	0.03084	0.13291	0.07870	0.02540	0.00819	0.00947	0.00634	0.00389	0.00387	0.00118	0.01575	0.00334	0.00233	0.00600
30	0.01511	0.00606	0.00813	0.00642	0.00889	0.00532	0.00513	0.01643	0.01036	0.68113	0.06374	0.01577	0.01180	0.12024	0.00606	0.00154	0.00327	0.00432	0.00444	0.00585
31	0.05407	0.11261	0.03005	0.00718	0.04616	0.00734	0.02398	0.05351	0.00867	0.04636	0.00714	0.00813	0.00577	0.00319	0.00299	0.00075	0.00335	0.00250	0.00237	0.57388
32	0.00602	0.00472	0.00669	0.02047	0.07203	0.00452	0.03253	0.00732	0.02646	0.01045	0.01691	0.42034	0.01914	0.13744	0.00693	0.00181	0.00312	0.13245	0.00311	0.06754
33	0.00961	0.51409	0.31383	0.00846	0.01264	0.01285	0.02205	0.04697	0.00845	0.01096	0.00616	0.00712	0.00504	0.00350	0.00301	0.00099	0.00475	0.00246	0.00175	0.00532
34	0.01003	0.00872	0.01273	0.24270	0.34007	0.02217	0.00977	0.15181	0.06803	0.03630	0.01879	0.01032	0.00680	0.00398	0.00383	0.00118	0.00449	0.00352	0.00247	0.04230
35	0.01041	0.00668	0.00777	0.00674	0.00880	0.00696	0.00530	0.03129	0.37588	0.22071	0.21016	0.01870	0.06163	0.00601	0.00411	0.00126	0.00280	0.00507	0.00421	0.00552
36	0.00916	0.00441	0.00482	0.00437	0.00570	0.00432	0.00339	0.04723	0.00905	0.14498	0.01291	0.01403	0.00973	0.00457	0.00295	0.00096	0.00215	0.00365	0.70741	0.00422
37	0.00472	0.00337	0.00450	0.00540	0.00562	0.00315	0.00360	0.00540	0.00742	0.00990	0.02137	0.86122	0.02564	0.01215	0.00495	0.00157	0.00225	0.01102	0.00360	0.00315
38	0.00472	0.00337	0.00450	0.00540	0.00562	0.00315	0.00360	0.00540	0.00742	0.00990	0.02137	0.86122	0.02564	0.01215	0.00495	0.00157	0.00225	0.01102	0.00360	0.00315
39	0.87327	0.00748	0.00577	0.00514	0.00755	0.00864	0.00423	0.01155	0.00669	0.03427	0.00560	0.00644	0.00431	0.00362	0.00243	0.00120	0.00301	0.00214	0.00245	0.00425
40	0.00723	0.00361	0.00361	0.00361	0.00452	0.00361	0.00271	0.00903	0.00813	0.01445	0.01265	0.01445	0.00994	0.00452	0.00271	0.00090	0.00181	0.00361	0.88528	0.00361
41	0.89114	0.00750	0.00570	0.00510	0.00750	0.00870	0.00420	0.01140	0.00660	0.01739	0.00540	0.00630	0.00420	0.00360	0.00240	0.00120	0.00300	0.00210	0.00240	0.00420
42	0.00518	0.00395	0.00476	0.00456	0.00560	0.00353	0.00342	0.00673	0.01025	0.01384	0.56897	0.03177	0.30620	0.00856	0.00458	0.00125	0.00187	0.00741	0.00404	0.00353
43	0.01051	0.00814	0.00879	0.00778	0.01006	0.00920	0.00609	0.02041	0.74111	0.10818	0.01573	0.01432	0.01159	0.00521	0.00394	0.00130	0.00309	0.00433	0.00404	0.00619
44	0.00964	0.00833	0.00877	0.00789	0.01008	0.00964	0.00614	0.02060	0.83257	0.01622	0.01578	0.01446	0.01183	0.00526	0.00394	0.00131	0.00307	0.00438	0.00394	0.00614
45	0.89114	0.00750	0.00570	0.00510	0.00750	0.00870	0.00420	0.01140	0.00660	0.01739	0.00540	0.00630	0.00420	0.00360	0.00240	0.00120	0.00300	0.00210	0.00240	0.00420
46	0.00555	0.00410	0.00594	0.00594	0.00654	0.00469	0.00449	0.00674	0.00615	0.00879	0.01065	0.01668	0.01032	0.14833	0.73000	0.00588	0.00944	0.00437	0.00212	0.00330
47	0.89114	0.00750	0.00570	0.00510	0.00750	0.00870	0.00420	0.01140	0.00660	0.01739	0.00540	0.00630	0.00420	0.00360	0.00240	0.00120	0.00300	0.00210	0.00240	0.00420
48	0.01739	0.00660	0.00900	0.00690	0.00990	0.00570	0.00570	0.01889	0.01110	0.84226	0.01529	0.01320	0.00960	0.00480	0.00390	0.00120	0.00330	0.00390	0.00480	0.00660

[dist]
# distance from previous block
# <min> <max>
0	8

[block]
# block no. 3 follows, 70 sequences, length 32
# corresponding to MSA columns:
# 294-325
name=unknown_D
#
# <colnr> <probs for GDERKNQSTAVLIFYWHMCP>
#	G	D	E	R	K	N	Q	S	T	A	V	L	I	F	Y	W	H	M	C	P
0	0.01739	0.00660	0.00900	0.00690	0.00990	0.00570	0.00570	0.01889	0.01110	0.84226	0.01529	0.01320	0.00960	0.00480	0.00390	0.00120	0.00330	0.00390	0.00480	0.00660
1	0.00753	0.00643	0.00780	0.00851	0.12015	0.00676	0.00565	0.01294	0.34703	0.01415	0.19044	0.06486	0.17821	0.00681	0.00424	0.00129	0.00276	0.00589	0.00365	0.00491
2	0.00878	0.00908	0.01076	0.01429	0.39293	0.16290	0.00796	0.01041	0.00932	0.01151	0.05123	0.01850	0.26500	0.00571	0.00404	0.00117	0.00412	0.00489	0.00255	0.00484
3	0.01025	0.00935	0.00953	0.00840	0.01066	0.09033	0.03811	0.01975	0.70454	0.03241	0.01452	0.01356	0.01090	0.00505	0.00393	0.00128	0.00359	0.00420	0.00370	0.00595
4	0.03110	0.00815	0.00911	0.00723	0.01003	0.11959	0.00586	0.01800	0.01100	0.69439	0.03543	0.01266	0.00959	0.00475	0.00384	0.00117	0.00375	0.00376	0.00437	0.00620
5	0.01220	0.12539	0.01481	0.01333	0.18754	0.44971	0.11889	0.01381	0.00988	0.01051	0.00644	0.00791	0.00535	0.00369	0.00358	0.00105	0.00606	0.00292	0.00193	0.00500
6	0.00524	0.00399	0.00484	0.00472	0.00577	0.00359	0.00361	0.00678	0.01011	0.01357	0.51185	0.03282	0.30309	0.00876	0.00463	0.00129	0.00200	0.06582	0.00399	0.00352
7	0.03008	0.02867	0.03894	0.01385	0.05333	0.02365	0.50279	0.10438	0.13655	0.01434	0.00904	0.01061	0.00679	0.00377	0.00423	0.00127	0.00552	0.00419	0.00247	0.00553
8	0.00884	0.01317	0.33218	0.01683	0.42605	0.00878	0.01202	0.02717	0.00868	0.01274	0.00716	0.00889	0.00564	0.00351	0.00368	0.00112	0.00486	0.00311	0.00189	0.09368
9	0.86061	0.00788	0.00588	0.00527	0.00765	0.03793	0.00431	0.01154	0.00675	0.01712	0.00542	0.00632	0.00423	0.00361	0.00244	0.00119	0.00314	0.00211	0.00239	0.00421
10	0.01116	0.67806	0.04635	0.00716	0.01051	0.01435	0.00699	0.14346	0.00964	0.03244	0.00632	0.00696	0.00535	0.00358	0.00279	0.00091	0.00420	0.00237	0.00209	0.00530
11	0.01242	0.01289	0.01051	0.00978	0.05695	0.34873	0.00720	0.14825	0.32369	0.01463	0.01031	0.01034	0.00791	0.00455	0.00375	0.00115	0.00493	0.00343	0.00304	0.00555
12	0.00531	0.00396	0.00493	0.00469	0.00568	0.00358	0.00352	0.00697	0.01055	0.01454	0.67889	0.03062	0.19584	0.00830	0.00457	0.00124	0.00186	0.00724	0.00413	0.00358
13	0.07351	0.00666	0.00878	0.00678	0.00974	0.00589	0.00560	0.01841	0.01081	0.78928	0.01466	0.01275	0.00925	0.00472	0.00380	0.00120	0.00328	0.00378	0.00464	0.00644
14	0.00536	0.00396	0.00501	0.00474	0.00571	0.00360	0.00356	0.00707	0.01068	0.01484	0.72625	0.03012	0.14830	0.00819	0.00457	0.00123	0.00185	0.00717	0.00417	0.00360
15	0.00564	0.00376	0.00423	0.00423	0.00423	0.00376	0.00235	0.00564	0.00564	0.00752	0.01222	0.02537	0.01409	0.86375	0.01973	0.00376	0.00376	0.00564	0.00235	0.00235
16	0.89114	0.00750	0.00570	0.00510	0.00750	0.00870	0.00420	0.01140	0.00660	0.01739	0.00540	0.00630	0.00420	0.00360	0.00240	0.00120	0.00300	0.00210	0.00240	0.00420
17	0.05728	0.00596	0.00777	0.00628	0.00872	0.00531	0.00507	0.01565	0.01040	0.60475	0.08911	0.07658	0.04144	0.00571	0.00394	0.00122	0.00297	0.00474	0.04138	0.00573
18	0.89114	0.00750	0.00570	0.00510	0.00750	0.00870	0.00420	0.01140	0.00660	0.01739	0.00540	0.00630	0.00420	0.00360	0.00240	0.00120	0.00300	0.00210	0.00240	0.00420
19	0.00956	0.00550	0.00603	0.00542	0.00707	0.00570	0.00422	0.01393	0.24651	0.15642	0.01500	0.01509	0.04128	0.00498	0.00334	0.00109	0.00243	0.00405	0.44755	0.00484
20	0.00533	0.00396	0.00496	0.00471	0.00569	0.00359	0.00353	0.00701	0.01060	0.01465	0.69684	0.03043	0.17782	0.00826	0.00457	0.00124	0.00185	0.00722	0.00415	0.00359
21	0.89114	0.00750	0.00570	0.00510	0.00750	0.00870	0.00420	0.01140	0.00660	0.01739	0.00540	0.00630	0.00420	0.00360	0.00240	0.00120	0.00300	0.00210	0.00240	0.00420
22	0.00506	0.00341	0.00438	0.00516	0.00547	0.00321	0.00348	0.00589	0.00752	0.01051	0.02019	0.74675	0.02352	0.01111	0.00465	0.00148	0.00219	0.01002	0.12279	0.00321
23	0.01489	0.01062	0.01149	0.00881	0.01190	0.01167	0.00728	0.78172	0.01783	0.06992	0.00964	0.00952	0.00676	0.00466	0.00388	0.00117	0.00421	0.00351	0.00393	0.00659
24	0.00568	0.00401	0.00522	0.00489	0.00585	0.00369	0.00368	0.00748	0.01092	0.03078	0.80111	0.02889	0.05728	0.00792	0.00456	0.00122	0.00186	0.00698	0.00426	0.00370
25	0.00572	0.00401	0.00493	0.00483	0.00586	0.00359	0.00360	0.00712	0.00981	0.05358	0.43394	0.15287	0.26089	0.00899	0.00461	0.00131	0.00204	0.02470	0.00399	0.00362
26	0.00888	0.01158	0.13335	0.01536	0.01943	0.00954	0.69185	0.01227	0.00901	0.01238	0.00809	0.01112	0.00623	0.00354	0.00448	0.00131	0.00634	0.02803	0.00196	0.00525
27	0.89114	0.00750	0.00570	0.00510	0.00750	0.00870	0.00420	0.01140	0.00660	0.01739	0.00540	0.00630	0.00420	0.00360	0.00240	0.00120	0.00300	0.00210	0.00240	0.00420
28	0.01675	0.00641	0.00866	0.00669	0.00956	0.00557	0.00551	0.01827	0.01091	0.78974	0.01513	0.01328	0.00962	0.00478	0.00382	0.00118	0.00320	0.00388	0.06065	0.00641
29	0.00956	0.00709	0.01126	0.09195	0.31764	0.00721	0.03112	0.01150	0.00934	0.16118	0.18707	0.05862	0.01412	0.00535	0.00466	0.00125	0.05816	0.00471	0.00299	0.00522
30	0.01175	0.01043	0.20557	0.00913	0.01255	0.00762	0.11300	0.10962	0.04504	0.29296	0.09201	0.03476	0.01106	0.00495	0.00406	0.00124	0.00422	0.02085	0.00344	0.00576
31	0.00921	0.00738	0.01222	0.54874	0.21146	0.00836	0.01034	0.01158	0.00845	0.12306	0.00812	0.01055	0.00599	0.00390	0.00387	0.00125	0.00479	0.00351	0.00218	0.00504

[dist]
# distance from previous block
# <min> <max>
0	2

[block]
# block no. 4 follows, 70 sequences, length 30
# corresponding to MSA columns:
# 328-357
name=unknown_E
#
# <colnr> <probs for GDERKNQSTAVLIFYWHMCP>
#	G	D	E	R	K	N	Q	S	T	A	V	L	I	F	Y	W	H	M	C	P
0	0.43929	0.00923	0.04791	0.01332	0.33420	0.03789	0.04249	0.01182	0.00780	0.01483	0.00633	0.00787	0.00509	0.00355	0.00315	0.00118	0.00404	0.00278	0.00214	0.00508
1	0.01591	0.00634	0.00861	0.00708	0.03572	0.00557	0.00556	0.01748	0.01073	0.71852	0.03167	0.01353	0.01007	0.00479	0.00380	0.00117	0.00317	0.00392	0.09014	0.00623
2	0.21629	0.01003	0.01030	0.00901	0.07148	0.05873	0.00683	0.46091	0.01381	0.09354	0.00860	0.00885	0.00618	0.00430	0.00351	0.00116	0.00407	0.00315	0.00337	0.00589
3	0.00912	0.00927	0.04137	0.16303	0.60407	0.00916	0.08395	0.01162	0.00865	0.01217	0.00726	0.00975	0.00592	0.00352	0.00391	0.00119	0.00491	0.00353	0.00188	0.00574
4	0.00462	0.00393	0.00398	0.00397	0.00526	0.00329	0.00298	0.00564	0.00893	0.01070	0.07483	0.03694	0.80230	0.00973	0.00458	0.00131	0.00196	0.00813	0.00363	0.00329
5	0.00464	0.00393	0.00400	0.00400	0.00525	0.00333	0.00298	0.00560	0.00867	0.01034	0.03765	0.03635	0.78983	0.03753	0.02740	0.00152	0.00224	0.00799	0.00352	0.00325
6	0.02167	0.00425	0.00553	0.00524	0.00633	0.00393	0.00399	0.00836	0.01036	0.10004	0.58595	0.12193	0.04942	0.00819	0.00455	0.00129	0.00214	0.04875	0.00416	0.00390
7	0.00520	0.00395	0.00479	0.00458	0.00562	0.00354	0.00343	0.00677	0.01030	0.01396	0.58765	0.03157	0.28744	0.00852	0.00458	0.00125	0.00187	0.00738	0.00406	0.00354
8	0.01028	0.83900	0.04668	0.00677	0.01017	0.01514	0.00688	0.01163	0.00789	0.00922	0.00544	0.00628	0.00497	0.00333	0.00253	0.00084	0.00420	0.00210	0.00166	0.00500
9	0.00525	0.00437	0.00465	0.00459	0.00586	0.00400	0.00343	0.00740	0.09801	0.01170	0.13707	0.09565	0.58564	0.00926	0.00454	0.00132	0.00209	0.00784	0.00372	0.00362
10	0.01427	0.06399	0.01153	0.00975	0.01188	0.75669	0.00744	0.06024	0.01122	0.01030	0.00614	0.00708	0.00508	0.00399	0.00346	0.00100	0.00669	0.00253	0.00208	0.00464
11	0.02474	0.59567	0.03475	0.00762	0.01071	0.18199	0.02081	0.04800	0.00897	0.01018	0.00579	0.00666	0.00507	0.00351	0.00282	0.00089	0.00475	0.00228	0.00185	0.02292
12	0.05857	0.09738	0.05042	0.01547	0.34485	0.08926	0.11192	0.11714	0.01015	0.05750	0.00761	0.00903	0.00597	0.00371	0.00369	0.00113	0.00488	0.00329	0.00232	0.00571
13	0.00960	0.00921	0.01574	0.02380	0.83957	0.00921	0.01190	0.01190	0.00883	0.01267	0.00729	0.00960	0.00614	0.00345	0.00384	0.00115	0.00461	0.00345	0.00192	0.00614
14	0.00911	0.01173	0.22059	0.07473	0.55195	0.00908	0.02997	0.01198	0.00864	0.02509	0.00732	0.00937	0.00582	0.00356	0.00382	0.00118	0.00494	0.00334	0.00188	0.00591
15	0.00965	0.10606	0.40660	0.01170	0.08174	0.03297	0.12212	0.03930	0.06658	0.07476	0.00823	0.00922	0.00604	0.00380	0.00372	0.00119	0.00520	0.00325	0.00219	0.00570
16	0.00654	0.00349	0.00516	0.00517	0.00528	0.00355	0.00354	0.00537	0.00540	0.00728	0.02641	0.01370	0.00831	0.04827	0.09496	0.72927	0.00403	0.02046	0.00185	0.00196
17	0.10763	0.00734	0.00884	0.00697	0.00976	0.00715	0.00576	0.17986	0.01185	0.52429	0.01311	0.01281	0.00889	0.00484	0.00373	0.00120	0.00340	0.03193	0.04452	0.00610
18	0.00846	0.08000	0.11057	0.07717	0.09132	0.02194	0.03919	0.06038	0.11779	0.02076	0.02168	0.05351	0.02231	0.10850	0.03869	0.00178	0.06707	0.05159	0.00254	0.00476
19	0.00948	0.13535	0.19125	0.01674	0.37378	0.01027	0.14728	0.04804	0.00902	0.01255	0.00713	0.00894	0.00569	0.00350	0.00374	0.00115	0.00508	0.00332	0.00192	0.00575
20	0.00561	0.00375	0.00426	0.00428	0.00431	0.00374	0.00242	0.00568	0.00584	0.00781	0.03606	0.04929	0.01507	0.81503	0.01888	0.00362	0.00366	0.00583	0.00244	0.00241
21	0.89114	0.00750	0.00570	0.00510	0.00750	0.00870	0.00420	0.01140	0.00660	0.01739	0.00540	0.00630	0.00420	0.00360	0.00240	0.00120	0.00300	0.00210	0.00240	0.00420
22	0.04085	0.00662	0.00891	0.00685	0.00983	0.00578	0.00566	0.01869	0.01098	0.82011	0.01503	0.01301	0.00945	0.00477	0.00386	0.00120	0.00329	0.00385	0.00473	0.00653
23	0.00964	0.00833	0.00877	0.00789	0.01008	0.00964	0.00614	0.02060	0.83257	0.01622	0.01578	0.01446	0.01183	0.00526	0.00394	0.00131	0.00307	0.00438	0.00394	0.00614
24	0.02394	0.72578	0.05431	0.00740	0.03595	0.01415	0.00706	0.01204	0.00806	0.05866	0.00610	0.00686	0.00527	0.00348	0.00283	0.00090	0.01795	0.00228	0.00186	0.00512
25	0.00564	0.00376	0.00423	0.00423	0.00423	0.00376	0.00235	0.00564	0.00564	0.00752	0.01222	0.02537	0.01409	0.86375	0.01973	0.00376	0.00376	0.00564	0.00235	0.00235
26	0.00522	0.00395	0.00481	0.00459	0.00563	0.00354	0.00345	0.00679	0.01034	0.01404	0.59979	0.03145	0.27526	0.00849	0.00458	0.00125	0.00187	0.00736	0.00407	0.00354
