[name]
unknown

[dist]
# distance from previous block
# <min> <max>
0	9

[block]
# block no. 0 follows, 70 sequences, length 10
# corresponding to MSA columns:
# 9-16,29,30
name=unknown_A
#
# <colnr> <probs for GDERKNQSTAVLIFYWHMCP>
#	G	D	E	R	K	N	Q	S	T	A	V	L	I	F	Y	W	H	M	C	P
0	0.00681	0.15065	0.00840	0.00666	0.00800	0.00627	0.00584	0.00863	0.03148	0.01124	0.04179	0.07572	0.08720	0.00922	0.00472	0.00154	0.00341	0.52530	0.00328	0.00384
1	0.15955	0.63405	0.10187	0.00682	0.01023	0.01357	0.00701	0.01164	0.00769	0.01085	0.00555	0.00643	0.00484	0.00340	0.00259	0.00093	0.00411	0.00216	0.00178	0.00492
2	0.04365	0.01665	0.60750	0.04217	0.01541	0.00911	0.01211	0.01386	0.17686	0.01320	0.00870	0.00948	0.00631	0.00401	0.00369	0.00125	0.00505	0.00317	0.00214	0.00570
3	0.01088	0.26819	0.29432	0.00970	0.03662	0.25807	0.00966	0.05015	0.00940	0.01109	0.00633	0.00735	0.00507	0.00370	0.00329	0.00104	0.00554	0.00257	0.00186	0.00519
4	0.00556	0.00408	0.00585	0.00585	0.00641	0.00464	0.00437	0.00668	0.00612	0.00872	0.01073	0.01714	0.01052	0.18657	0.69203	0.00576	0.00913	0.00443	0.00213	0.00325
5	0.01036	0.86609	0.02032	0.00663	0.00995	0.01534	0.00663	0.01161	0.00788	0.00912	0.00539	0.00622	0.00498	0.00332	0.00249	0.00083	0.00415	0.00207	0.00166	0.00498
6	0.00549	0.00396	0.00518	0.00488	0.00579	0.00366	0.00366	0.00732	0.01097	0.01555	0.83752	0.02896	0.03658	0.00793	0.00457	0.00122	0.00183	0.00701	0.00427	0.00366
7	0.00458	0.00393	0.00393	0.00393	0.00524	0.00327	0.00295	0.00556	0.00884	0.01047	0.03927	0.03731	0.83800	0.00982	0.00458	0.00131	0.00196	0.00818	0.00360	0.00327
8	0.00533	0.00396	0.00497	0.00472	0.00570	0.00359	0.00354	0.00702	0.01061	0.01469	0.70208	0.03038	0.17256	0.00825	0.00457	0.00123	0.00185	0.00721	0.00415	0.00359
9	0.00472	0.00337	0.00450	0.00540	0.00562	0.00315	0.00360	0.00540	0.00742	0.00990	0.02137	0.86122	0.02564	0.01215	0.00495	0.00157	0.00225	0.01102	0.00360	0.00315

[dist]
# distance from previous block
# <min> <max>
0	2

[block]
# block no. 1 follows, 70 sequences, length 13
# corresponding to MSA columns:
# 33-45
name=unknown_B
#
# <colnr> <probs for GDERKNQSTAVLIFYWHMCP>
#	G	D	E	R	K	N	Q	S	T	A	V	L	I	F	Y	W	H	M	C	P
0	0.89114	0.00750	0.00570	0.00510	0.00750	0.00870	0.00420	0.01140	0.00660	0.01739	0.00540	0.00630	0.00420	0.00360	0.00240	0.00120	0.00300	0.00210	0.00240	0.00420
1	0.00469	0.00351	0.00436	0.00505	0.00553	0.00318	0.00344	0.00544	0.00776	0.01003	0.02565	0.66429	0.21981	0.01159	0.00486	0.00151	0.00218	0.01034	0.00360	0.00318
2	0.00964	0.00833	0.00877	0.00789	0.01008	0.00964	0.00614	0.02060	0.83257	0.01622	0.01578	0.01446	0.01183	0.00526	0.00394	0.00131	0.00307	0.00438	0.00394	0.00614
3	0.00778	0.02005	0.84367	0.01105	0.01678	0.00900	0.01432	0.01228	0.00818	0.01228	0.00696	0.00818	0.00491	0.00368	0.00368	0.00123	0.00573	0.00286	0.00164	0.00573
4	0.00723	0.00361	0.00361	0.00361	0.00452	0.00361	0.00271	0.00903	0.00813	0.01445	0.01265	0.01445	0.00994	0.00452	0.00271	0.00090	0.00181	0.00361	0.88528	0.00361
5	0.00472	0.00393	0.00412	0.00407	0.00532	0.00333	0.00305	0.00583	0.00916	0.01125	0.16184	0.03603	0.71494	0.00953	0.00458	0.00130	0.00194	0.00800	0.00370	0.00333
6	0.00472	0.00337	0.00450	0.00540	0.00562	0.00315	0.00360	0.00540	0.00742	0.00990	0.02137	0.86122	0.02564	0.01215	0.00495	0.00157	0.00225	0.01102	0.00360	0.00315
7	0.01474	0.01086	0.01163	0.00892	0.01202	0.01202	0.00737	0.82664	0.01823	0.02443	0.00931	0.00931	0.00659	0.00465	0.00388	0.00116	0.00427	0.00349	0.00388	0.00659
8	0.89114	0.00750	0.00570	0.00510	0.00750	0.00870	0.00420	0.01140	0.00660	0.01739	0.00540	0.00630	0.00420	0.00360	0.00240	0.00120	0.00300	0.00210	0.00240	0.00420
9	0.00475	0.00361	0.00437	0.00487	0.00551	0.00324	0.00339	0.00563	0.00821	0.01060	0.10197	0.51427	0.29360	0.01099	0.00479	0.00145	0.00212	0.00972	0.00366	0.00324
10	0.00483	0.00343	0.00455	0.00541	0.00564	0.00323	0.00364	0.00551	0.00739	0.00984	0.02088	0.78889	0.02494	0.05441	0.00570	0.00169	0.00237	0.04098	0.00354	0.00313
11	0.01474	0.01086	0.01163	0.00892	0.01202	0.01202	0.00737	0.82664	0.01823	0.02443	0.00931	0.00931	0.00659	0.00465	0.00388	0.00116	0.00427	0.00349	0.00388	0.00659
12	0.00610	0.00451	0.00553	0.00507	0.00622	0.00428	0.00386	0.07280	0.01126	0.01556	0.66145	0.02853	0.14425	0.00792	0.00452	0.00123	0.00204	0.00689	0.00414	0.00384

[dist]
# distance from previous block
# <min> <max>
0	1

[block]
# block no. 2 follows, 70 sequences, length 33
# corresponding to MSA columns:
# 47-79
name=unknown_C
#
# <colnr> <probs for GDERKNQSTAVLIFYWHMCP>
#	G	D	E	R	K	N	Q	S	T	A	V	L	I	F	Y	W	H	M	C	P
0	0.00889	0.30046	0.43236	0.01084	0.05707	0.01122	0.10490	0.01205	0.00823	0.01126	0.00655	0.00786	0.00511	0.00350	0.00340	0.00110	0.00524	0.00283	0.00170	0.00544
1	0.74511	0.00881	0.00662	0.00592	0.00815	0.10538	0.00480	0.01176	0.00707	0.01607	0.00545	0.00649	0.00434	0.00381	0.00305	0.00120	0.04721	0.00221	0.00232	0.00423
2	0.00960	0.00921	0.01574	0.02380	0.83957	0.00921	0.01190	0.01190	0.00883	0.01267	0.00729	0.00960	0.00614	0.00345	0.00384	0.00115	0.00461	0.00345	0.00192	0.00614
3	0.00960	0.00921	0.01574	0.02380	0.83957	0.00921	0.01190	0.01190	0.00883	0.01267	0.00729	0.00960	0.00614	0.00345	0.00384	0.00115	0.00461	0.00345	0.00192	0.00614
4	0.00534	0.00396	0.00497	0.00472	0.00570	0.00359	0.00354	0.00702	0.01062	0.01470	0.70483	0.03035	0.16980	0.00824	0.00457	0.00123	0.00185	0.00721	0.00416	0.00359
5	0.00472	0.00337	0.00450	0.00540	0.00562	0.00315	0.00360	0.00540	0.00742	0.00990	0.02137	0.86122	0.02564	0.01215	0.00495	0.00157	0.00225	0.01102	0.00360	0.00315
6	0.00848	0.00848	0.01187	0.01018	0.01018	0.01187	0.00848	0.00933	0.00594	0.00933	0.00509	0.00848	0.00509	0.00679	0.01272	0.00170	0.85666	0.00339	0.00170	0.00424
7	0.00463	0.00393	0.00400	0.00398	0.00527	0.00329	0.00299	0.00566	0.00896	0.01076	0.08442	0.03684	0.79267	0.00971	0.00458	0.00130	0.00196	0.00812	0.00364	0.00329
8	0.01036	0.86609	0.02032	0.00663	0.00995	0.01534	0.00663	0.01161	0.00788	0.00912	0.00539	0.00622	0.00498	0.00332	0.00249	0.00083	0.00415	0.00207	0.00166	0.00498
9	0.00838	0.00797	0.01355	0.46641	0.40643	0.00889	0.01130	0.01084	0.00825	0.01119	0.00708	0.00999	0.00562	0.00368	0.00386	0.00123	0.00491	0.00345	0.00181	0.00516
10	0.00936	0.01078	0.02240	0.01609	0.01993	0.04313	0.79298	0.01254	0.00922	0.01230	0.00777	0.01032	0.00585	0.00330	0.00453	0.00129	0.00655	0.00449	0.00196	0.00520
11	0.01082	0.68457	0.05292	0.00756	0.01081	0.12317	0.03000	0.02411	0.00848	0.00962	0.00566	0.00656	0.00502	0.00344	0.00275	0.00089	0.00465	0.00225	0.00174	0.00497
12	0.00699	0.00613	0.00839	0.00757	0.00773	0.00793	0.00589	0.00772	0.00592	0.00874	0.00835	0.01487	0.00873	0.25673	0.20787	0.00333	0.41744	0.00421	0.00197	0.00352
13	0.00554	0.00415	0.00623	0.00623	0.00692	0.00485	0.00485	0.00692	0.00623	0.00900	0.01038	0.01523	0.00969	0.02908	0.84839	0.00623	0.01038	0.00415	0.00208	0.00346
14	0.89114	0.00750	0.00570	0.00510	0.00750	0.00870	0.00420	0.01140	0.00660	0.01739	0.00540	0.00630	0.00420	0.00360	0.00240	0.00120	0.00300	0.00210	0.00240	0.00420
15	0.86999	0.00748	0.00578	0.00514	0.00756	0.00862	0.00423	0.01158	0.00671	0.03736	0.00564	0.00646	0.00433	0.00363	0.00244	0.00120	0.00301	0.00214	0.00246	0.00426
16	0.00853	0.16023	0.67835	0.01017	0.01541	0.00994	0.01275	0.01239	0.00823	0.04004	0.00698	0.00803	0.00508	0.00366	0.00349	0.00116	0.00538	0.00277	0.00175	0.00563
17	0.04393	0.01005	0.01079	0.00849	0.01141	0.01111	0.00695	0.61339	0.15274	0.07495	0.01063	0.01031	0.00757	0.00473	0.00384	0.00119	0.00396	0.00362	0.00390	0.00644
18	0.01699	0.00690	0.00914	0.00704	0.01002	0.00619	0.00581	0.06463	0.03865	0.76870	0.01497	0.01302	0.00950	0.00481	0.00390	0.00120	0.00335	0.00389	0.00472	0.00658
19	0.01474	0.01086	0.01163	0.00892	0.01202	0.01202	0.00737	0.82664	0.01823	0.02443	0.00931	0.00931	0.00659	0.00465	0.00388	0.00116	0.00427	0.00349	0.00388	0.00659
20	0.00499	0.00371	0.00470	0.00498	0.00566	0.00342	0.00355	0.00615	0.00887	0.01193	0.30710	0.38558	0.18025	0.01092	0.03828	0.00159	0.00237	0.00883	0.00377	0.00336
21	0.01367	0.01467	0.01036	0.00918	0.01138	0.53198	0.00702	0.06999	0.19553	0.08478	0.00922	0.00936	0.00703	0.00439	0.00366	0.00110	0.00561	0.00311	0.00280	0.00518
22	0.00472	0.00339	0.00448	0.00535	0.00561	0.00315	0.00358	0.00540	0.00747	0.00992	0.02196	0.83400	0.05249	0.01207	0.00494	0.00157	0.00224	0.01093	0.00360	0.00315
23	0.01229	0.00961	0.01129	0.01098	0.14884	0.01054	0.00765	0.42747	0.24477	0.03925	0.01120	0.02997	0.00849	0.00480	0.00391	0.00121	0.00392	0.00391	0.00359	0.00631
24	0.00908	0.01101	0.07228	0.01616	0.03566	0.00974	0.76103	0.01240	0.00909	0.01241	0.00778	0.01030	0.00583	0.00330	0.00451	0.00130	0.00645	0.00445	0.00194	0.00528
25	0.00476	0.00344	0.00450	0.00529	0.00561	0.00318	0.00357	0.00551	0.00770	0.01024	0.06790	0.76828	0.07211	0.01178	0.00491	0.00154	0.00221	0.01064	0.00364	0.00318
26	0.00556	0.00407	0.00582	0.00582	0.00637	0.00462	0.00433	0.00666	0.00611	0.00869	0.01076	0.01732	0.01060	0.20100	0.67771	0.00572	0.00902	0.00446	0.00213	0.00323
27	0.04605	0.03743	0.20290	0.01116	0.08631	0.10326	0.09191	0.20414	0.07129	0.08100	0.00869	0.00940	0.00637	0.00412	0.00391	0.00119	0.01904	0.00334	0.00271	0.00577
28	0.00927	0.00891	0.01530	0.13960	0.71064	0.00914	0.02709	0.01163	0.00868	0.01228	0.00725	0.00971	0.00600	0.00351	0.00386	0.00117	0.00472	0.00347	0.00189	0.00587
29	0.00663	0.00547	0.00516	0.00507	0.00536	0.10091	0.00316	0.00686	0.00634	0.00791	0.01157	0.04163	0.01298	0.68207	0.08040	0.00358	0.00460	0.00529	0.00232	0.00270
30	0.07523	0.04404	0.01429	0.12897	0.58198	0.05229	0.01064	0.01189	0.00863	0.02602	0.00709	0.00924	0.00582	0.00356	0.00366	0.00115	0.00464	0.00325	0.00197	0.00563
31	0.00886	0.02813	0.01407	0.01238	0.17441	0.00775	0.23688	0.02343	0.03676	0.01280	0.00754	0.00922	0.00606	0.00321	0.00358	0.00093	0.00430	0.00325	0.00219	0.40424
32	0.12056	0.01209	0.03050	0.00872	0.03369	0.27854	0.00682	0.18241	0.07098	0.01473	0.00748	0.00829	0.00589	0.00412	0.00390	0.00106	0.05292	0.00284	0.00260	0.15185

[dist]
# distance from previous block
# <min> <max>
5	11

[block]
# block no. 3 follows, 70 sequences, length 48
# corresponding to MSA columns:
# 91-138
name=unknown_D
#
# <colnr> <probs for GDERKNQSTAVLIFYWHMCP>
#	G	D	E	R	K	N	Q	S	T	A	V	L	I	F	Y	W	H	M	C	P
0	0.02499	0.03083	0.01273	0.04360	0.39742	0.00809	0.06948	0.08675	0.00950	0.06783	0.01175	0.15120	0.04648	0.01673	0.00427	0.00128	0.00409	0.00499	0.00265	0.00535
1	0.03421	0.00481	0.00644	0.00767	0.12102	0.00493	0.00453	0.00756	0.03789	0.02138	0.01327	0.20518	0.01449	0.37278	0.12419	0.00304	0.00438	0.00614	0.00263	0.00346
2	0.89114	0.00750	0.00570	0.00510	0.00750	0.00870	0.00420	0.01140	0.00660	0.01739	0.00540	0.00630	0.00420	0.00360	0.00240	0.00120	0.00300	0.00210	0.00240	0.00420
3	0.00811	0.00770	0.01306	0.56466	0.31028	0.00882	0.01116	0.01060	0.00813	0.01087	0.00703	0.01008	0.00551	0.00373	0.00386	0.00124	0.00497	0.00345	0.00179	0.00495
4	0.01042	0.77182	0.01900	0.00665	0.00988	0.02791	0.00649	0.01170	0.00799	0.03294	0.00586	0.00671	0.00524	0.00392	0.02119	0.00095	0.00425	0.00219	0.00179	0.04310
5	0.00732	0.00689	0.01163	0.85444	0.02670	0.00861	0.01077	0.00991	0.00775	0.00991	0.00689	0.01034	0.00517	0.00388	0.00388	0.00129	0.00517	0.00345	0.00172	0.00431
6	0.01036	0.86609	0.02032	0.00663	0.00995	0.01534	0.00663	0.01161	0.00788	0.00912	0.00539	0.00622	0.00498	0.00332	0.00249	0.00083	0.00415	0.00207	0.00166	0.00498
7	0.00673	0.00337	0.00505	0.00505	0.00505	0.00337	0.00337	0.00505	0.00505	0.00673	0.00673	0.01178	0.00673	0.01347	0.01515	0.88721	0.00337	0.00337	0.00168	0.00168
8	0.01180	0.01208	0.00830	0.00749	0.00920	0.43998	0.00569	0.10256	0.01072	0.01299	0.00885	0.01004	0.00702	0.00426	0.00324	0.00098	0.00475	0.00302	0.33265	0.00440
9	0.00538	0.00396	0.00503	0.00476	0.00572	0.00361	0.00357	0.00710	0.01071	0.01493	0.73996	0.02998	0.13453	0.00816	0.00457	0.00123	0.00185	0.00715	0.00419	0.00361
10	0.01036	0.86609	0.02032	0.00663	0.00995	0.01534	0.00663	0.01161	0.00788	0.00912	0.00539	0.00622	0.00498	0.00332	0.00249	0.00083	0.00415	0.00207	0.00166	0.00498
11	0.00481	0.00343	0.00459	0.00549	0.00576	0.00322	0.00374	0.00554	0.00751	0.00999	0.02132	0.81614	0.02546	0.01207	0.00497	0.00159	0.00232	0.05528	0.00360	0.00317
12	0.00461	0.00393	0.00396	0.00395	0.00525	0.00328	0.00296	0.00561	0.00889	0.01061	0.06063	0.03709	0.81656	0.00977	0.00458	0.00131	0.00196	0.00815	0.00362	0.00328
13	0.00804	0.00689	0.00804	0.00574	0.00919	0.00517	0.00459	0.00976	0.00804	0.01263	0.00689	0.00804	0.00574	0.00287	0.00287	0.00057	0.00287	0.00230	0.00230	0.88745
14	0.00960	0.00921	0.01574	0.02380	0.83957	0.00921	0.01190	0.01190	0.00883	0.01267	0.00729	0.00960	0.00614	0.00345	0.00384	0.00115	0.00461	0.00345	0.00192	0.00614
15	0.00555	0.00372	0.00425	0.00434	0.00436	0.00370	0.00247	0.00562	0.00580	0.00774	0.01307	0.10363	0.01518	0.78402	0.01835	0.00355	0.00362	0.00614	0.00247	0.00242
16	0.00471	0.00341	0.00446	0.00530	0.00560	0.00316	0.00356	0.00541	0.00752	0.00993	0.02255	0.80679	0.07931	0.01199	0.00492	0.00156	0.00223	0.01083	0.00360	0.00316
17	0.00625	0.00446	0.00625	0.00714	0.00803	0.00446	0.00625	0.00803	0.00892	0.01160	0.02053	0.04373	0.02231	0.01071	0.00535	0.00178	0.00357	0.81348	0.00357	0.00357
18	0.01632	0.00750	0.00947	0.00732	0.01027	0.00713	0.00603	0.18394	0.04815	0.62602	0.02724	0.01271	0.00951	0.00484	0.00391	0.00120	0.00346	0.00389	0.00456	0.00653
19	0.07191	0.10164	0.01165	0.00955	0.02571	0.68333	0.00726	0.02668	0.01046	0.01025	0.00596	0.00695	0.00498	0.00390	0.00333	0.00100	0.00636	0.00246	0.00202	0.00458
20	0.89114	0.00750	0.00570	0.00510	0.00750	0.00870	0.00420	0.01140	0.00660	0.01739	0.00540	0.00630	0.00420	0.00360	0.00240	0.00120	0.00300	0.00210	0.00240	0.00420
21	0.03423	0.01910	0.78279	0.01069	0.01621	0.00885	0.01365	0.01254	0.00826	0.04840	0.00727	0.00835	0.00509	0.00373	0.00365	0.00123	0.00554	0.00289	0.00180	0.00572
22	0.00472	0.00337	0.00450	0.00540	0.00562	0.00315	0.00360	0.00540	0.00742	0.00990	0.02137	0.86122	0.02564	0.01215	0.00495	0.00157	0.00225	0.01102	0.00360	0.00315
23	0.00933	0.00800	0.00841	0.00755	0.00969	0.00912	0.00588	0.04542	0.72895	0.01595	0.01777	0.01644	0.08901	0.00567	0.00400	0.00131	0.00300	0.00471	0.00391	0.00588
24	0.01344	0.05358	0.01223	0.01228	0.15785	0.66413	0.00823	0.01468	0.01047	0.01003	0.00620	0.00742	0.00520	0.00387	0.00351	0.00102	0.00645	0.00265	0.00197	0.00481
25	0.00458	0.00393	0.00393	0.00393	0.00524	0.00327	0.00295	0.00556	0.00884	0.01047	0.03927	0.03731	0.83800	0.00982	0.00458	0.00131	0.00196	0.00818	0.00360	0.00327
26	0.00472	0.00337	0.00450	0.00540	0.00562	0.00315	0.00360	0.00540	0.00742	0.00990	0.02137	0.86122	0.02564	0.01215	0.00495	0.00157	0.00225	0.01102	0.00360	0.00315
27	0.00558	0.00423	0.00517	0.00490	0.00597	0.00397	0.00368	0.00783	0.06479	0.01453	0.61702	0.04327	0.18818	0.00818	0.00454	0.00125	0.00194	0.00713	0.00411	0.00374
28	0.00935	0.00992	0.06676	0.01009	0.01089	0.04695	0.00871	0.09633	0.00760	0.01113	0.00570	0.00849	0.00523	0.00624	0.01080	0.00158	0.67437	0.00333	0.00194	0.00460
29	0.00964	0.00833	0.00877	0.00789	0.01008	0.00964	0.00614	0.02060	0.83257	0.01622	0.01578	0.01446	0.01183	0.00526	0.00394	0.00131	0.00307	0.00438	0.00394	0.00614
30	0.01084	0.59950	0.08510	0.00886	0.08832	0.07366	0.00775	0.01245	0.00843	0.06478	0.00639	0.00721	0.00539	0.00351	0.00288	0.00093	0.00447	0.00242	0.00191	0.00522
31	0.00549	0.00396	0.00518	0.00488	0.00579	0.00366	0.00366	0.00732	0.01097	0.01555	0.83752	0.02896	0.03658	0.00793	0.00457	0.00122	0.00183	0.00701	0.00427	0.00366
32	0.00932	0.00800	0.00848	0.00772	0.00979	0.00921	0.00597	0.01960	0.77805	0.01580	0.01615	0.07041	0.01275	0.00571	0.00401	0.00133	0.00301	0.00482	0.00392	0.00594
33	0.00775	0.00854	0.08969	0.62234	0.10638	0.02168	0.01075	0.01041	0.00797	0.01058	0.00692	0.00986	0.00528	0.00375	0.00378	0.00122	0.00504	0.00330	0.00178	0.06297
34	0.00554	0.00415	0.00623	0.00623	0.00692	0.00485	0.00485	0.00692	0.00623	0.00900	0.01038	0.01523	0.00969	0.02908	0.84839	0.00623	0.01038	0.00415	0.00208	0.00346
35	0.00505	0.00388	0.00465	0.00485	0.00578	0.00349	0.00365	0.00629	0.00915	0.01188	0.25369	0.20386	0.35924	0.00987	0.00474	0.00139	0.00217	0.09919	0.00378	0.00339
36	0.00850	0.24995	0.60633	0.00994	0.01498	0.01074	0.02552	0.01210	0.00812	0.01142	0.00655	0.00769	0.00494	0.00358	0.00337	0.00112	0.00531	0.00268	0.00165	0.00552
37	0.00564	0.00376	0.00423	0.00423	0.00423	0.00376	0.00235	0.00564	0.00564	0.00752	0.01222	0.02537	0.01409	0.86375	0.01973	0.00376	0.00376	0.00564	0.00235	0.00235
38	0.00960	0.00915	0.01528	0.02274	0.78477	0.00924	0.01152	0.01247	0.06325	0.01290	0.00785	0.00992	0.00652	0.00357	0.00385	0.00116	0.00450	0.00352	0.00205	0.00614
39	0.00925	0.01043	0.02245	0.01608	0.01991	0.00989	0.79411	0.02846	0.00927	0.01260	0.00782	0.01040	0.00588	0.00336	0.00471	0.00131	0.02231	0.00453	0.00199	0.00524
40	0.00491	0.00394	0.00438	0.00427	0.00544	0.00341	0.00320	0.00620	0.00961	0.01231	0.32857	0.03428	0.54755	0.00913	0.00458	0.00128	0.00191	0.00776	0.00384	0.00341
41	0.11401	0.04630	0.01041	0.00779	0.01067	0.01009	0.00643	0.44620	0.07846	0.19961	0.01055	0.01036	0.00744	0.01932	0.00393	0.00122	0.00380	0.00347	0.00379	0.00614
42	0.81441	0.00742	0.00599	0.00526	0.00771	0.00843	0.00433	0.01205	0.00699	0.08983	0.00627	0.00690	0.00467	0.00370	0.00253	0.00120	0.00303	0.00226	0.00261	0.00441
43	0.01474	0.01086	0.01163	0.00892	0.01202	0.01202	0.00737	0.82664	0.01823	0.02443	0.00931	0.00931	0.00659	0.00465	0.00388	0.00116	0.00427	0.00349	0.00388	0.00659
44	0.00555	0.00412	0.00606	0.00606	0.00669	0.00475	0.00463	0.00681	0.00618	0.00887	0.01054	0.01610	0.01007	0.10096	0.77702	0.00602	0.00981	0.00428	0.00210	0.00337
45	0.00549	0.00396	0.00518	0.00488	0.00579	0.00366	0.00366	0.00732	0.01097	0.01555	0.83752	0.02896	0.03658	0.00793	0.00457	0.00122	0.00183	0.00701	0.00427	0.00366
46	0.00552	0.00405	0.00579	0.00583	0.00638	0.00458	0.00434	0.00662	0.00618	0.00877	0.01119	0.05372	0.01118	0.17893	0.66233	0.00558	0.00884	0.00472	0.00219	0.00325
47	0.00901	0.00928	0.01181	0.44853	0.14022	0.14862	0.00973	0.02896	0.00854	0.01053	0.00807	0.01062	0.04140	0.00441	0.00476	0.00126	0.09422	0.00349	0.00192	0.00461

[dist]
# distance from previous block
# <min> <max>
0	1

[block]
# block no. 4 follows, 70 sequences, length 108
# corresponding to MSA columns:
# 140-247
name=unknown_E
#
# <colnr> <probs for GDERKNQSTAVLIFYWHMCP>
#	G	D	E	R	K	N	Q	S	T	A	V	L	I	F	Y	W	H	M	C	P
0	0.05462	0.17214	0.01479	0.04244	0.13977	0.24727	0.11138	0.13325	0.01058	0.02876	0.00698	0.00823	0.00557	0.00378	0.00352	0.00108	0.00530	0.00302	0.00226	0.00526
1	0.87176	0.00757	0.00583	0.00518	0.00760	0.00877	0.00427	0.02943	0.00685	0.01755	0.00548	0.00636	0.00425	0.00362	0.00243	0.00120	0.00303	0.00213	0.00243	0.00425
2	0.00878	0.00845	0.01403	0.35195	0.50408	0.02330	0.01138	0.01117	0.00844	0.01152	0.00711	0.00984	0.00574	0.00363	0.00385	0.00120	0.00487	0.00343	0.00184	0.00539
3	0.00470	0.00393	0.00409	0.00405	0.00531	0.00332	0.00304	0.00580	0.00912	0.01114	0.14472	0.03621	0.73213	0.00957	0.00458	0.00130	0.00195	0.00803	0.00369	0.00332
4	0.01222	0.00613	0.00811	0.00684	0.00888	0.01789	0.00552	0.08422	0.00971	0.41494	0.01261	0.01361	0.00931	0.01480	0.35280	0.00327	0.00636	0.00395	0.00355	0.00527
5	0.00960	0.00921	0.01574	0.02380	0.83957	0.00921	0.01190	0.01190	0.00883	0.01267	0.00729	0.00960	0.00614	0.00345	0.00384	0.00115	0.00461	0.00345	0.00192	0.00614
6	0.00543	0.00396	0.00510	0.00482	0.00576	0.00363	0.00361	0.00720	0.01083	0.01522	0.78553	0.02950	0.08878	0.00805	0.00457	0.00123	0.00184	0.00709	0.00422	0.00363
7	0.00804	0.00689	0.00804	0.00574	0.00919	0.00517	0.00459	0.00976	0.00804	0.01263	0.00689	0.00804	0.00574	0.00287	0.00287	0.00057	0.00287	0.00230	0.00230	0.88745
8	0.01612	0.00845	0.01012	0.00778	0.01081	0.00847	0.00642	0.36399	0.02888	0.47807	0.01275	0.01156	0.00835	0.00474	0.00389	0.00119	0.00371	0.00373	0.00439	0.00659
9	0.01299	0.01536	0.01030	0.00934	0.01140	0.59039	0.00707	0.01705	0.26357	0.01156	0.00900	0.00929	0.00710	0.00438	0.00363	0.00110	0.00579	0.00308	0.00260	0.00500
10	0.00892	0.01719	0.64141	0.03785	0.01675	0.00873	0.10095	0.01291	0.00858	0.09901	0.00792	0.00902	0.00551	0.00376	0.00381	0.00124	0.00554	0.00318	0.00201	0.00572
11	0.00689	0.00512	0.00698	0.00781	0.06810	0.00520	0.00593	0.04486	0.04079	0.02824	0.09817	0.05225	0.08238	0.02181	0.09398	0.00208	0.00405	0.41795	0.00340	0.00400
12	0.00778	0.02005	0.84367	0.01105	0.01678	0.00900	0.01432	0.01228	0.00818	0.01228	0.00696	0.00818	0.00491	0.00368	0.00368	0.00123	0.00573	0.00286	0.00164	0.00573
13	0.01739	0.00660	0.00900	0.00690	0.00990	0.00570	0.00570	0.01889	0.01110	0.84226	0.01529	0.01320	0.00960	0.00480	0.00390	0.00120	0.00330	0.00390	0.00480	0.00660
14	0.00477	0.00383	0.00426	0.00438	0.00541	0.00332	0.00320	0.00584	0.00894	0.01125	0.17559	0.19599	0.53975	0.00994	0.00465	0.00134	0.00200	0.00853	0.00372	0.00332
15	0.02429	0.00961	0.01160	0.15730	0.13417	0.05254	0.00830	0.36207	0.08269	0.10427	0.00955	0.01021	0.00693	0.00436	0.00384	0.00119	0.00439	0.00353	0.00321	0.00595
16	0.01474	0.01086	0.01163	0.00892	0.01202	0.01202	0.00737	0.82664	0.01823	0.02443	0.00931	0.00931	0.00659	0.00465	0.00388	0.00116	0.00427	0.00349	0.00388	0.00659
17	0.01124	0.00894	0.00975	0.00730	0.01055	0.02445	0.00594	0.38306	0.02308	0.01801	0.00809	0.00868	0.00619	0.00374	0.00336	0.00086	0.00359	0.00287	0.00303	0.45728
18	0.00475	0.00339	0.00449	0.00536	0.00558	0.00317	0.00356	0.00541	0.00737	0.00982	0.02108	0.83522	0.02528	0.03864	0.00541	0.00164	0.00230	0.01085	0.00356	0.00312
19	0.00604	0.00431	0.00600	0.00690	0.00770	0.00428	0.00588	0.00767	0.00872	0.01136	0.02064	0.15741	0.02277	0.01091	0.00530	0.00176	0.00339	0.70189	0.00357	0.00351
20	0.89114	0.00750	0.00570	0.00510	0.00750	0.00870	0.00420	0.01140	0.00660	0.01739	0.00540	0.00630	0.00420	0.00360	0.00240	0.00120	0.00300	0.00210	0.00240	0.00420
21	0.00482	0.00384	0.00415	0.00430	0.00525	0.00337	0.00307	0.00565	0.00821	0.01008	0.04423	0.15573	0.56550	0.13073	0.00680	0.00171	0.00231	0.03368	0.00343	0.00314
22	0.00564	0.00376	0.00423	0.00423	0.00423	0.00376	0.00235	0.00564	0.00564	0.00752	0.01222	0.02537	0.01409	0.86375	0.01973	0.00376	0.00376	0.00564	0.00235	0.00235
23	0.00778	0.02005	0.84367	0.01105	0.01678	0.00900	0.01432	0.01228	0.00818	0.01228	0.00696	0.00818	0.00491	0.00368	0.00368	0.00123	0.00573	0.00286	0.00164	0.00573
24	0.00960	0.00921	0.01574	0.02380	0.83957	0.00921	0.01190	0.01190	0.00883	0.01267	0.00729	0.00960	0.00614	0.00345	0.00384	0.00115	0.00461	0.00345	0.00192	0.00614
25	0.00793	0.00787	0.01157	0.78298	0.02546	0.07966	0.01049	0.01038	0.00803	0.00987	0.00681	0.01005	0.00515	0.00389	0.00384	0.00127	0.00532	0.00337	0.00175	0.00432
26	0.00732	0.00689	0.01163	0.85444	0.02670	0.00861	0.01077	0.00991	0.00775	0.00991	0.00689	0.01034	0.00517	0.00388	0.00388	0.00129	0.00517	0.00345	0.00172	0.00431
27	0.00642	0.00443	0.00616	0.00685	0.00778	0.00437	0.00588	0.00816	0.00915	0.03395	0.10441	0.06725	0.02355	0.01031	0.00522	0.00170	0.00334	0.68376	0.00368	0.00365
28	0.00957	0.00888	0.01518	0.11857	0.70503	0.00904	0.02637	0.01190	0.00878	0.03857	0.00751	0.00981	0.00613	0.00354	0.00386	0.00117	0.00466	0.00349	0.00199	0.00593
29	0.03342	0.01016	0.01301	0.28908	0.31826	0.15097	0.02085	0.09542	0.00975	0.01256	0.00711	0.00929	0.00562	0.00381	0.00377	0.00118	0.00514	0.00327	0.00208	0.00525
30	0.00564	0.00376	0.00423	0.00423	0.00423	0.00376	0.00235	0.00564	0.00564	0.00752	0.01222	0.02537	0.01409	0.86375	0.01973	0.00376	0.00376	0.00564	0.00235	0.00235
31	0.00485	0.00344	0.00454	0.00537	0.00560	0.00324	0.00360	0.00551	0.00734	0.00977	0.02061	0.76563	0.02461	0.07949	0.00613	0.00175	0.00242	0.03950	0.00350	0.00310
32	0.00800	0.05001	0.73333	0.01141	0.01687	0.00931	0.09338	0.01227	0.00827	0.01218	0.00699	0.00834	0.00501	0.00363	0.00373	0.00122	0.00575	0.00300	0.00167	0.00565
33	0.00613	0.00360	0.00471	0.00471	0.00475	0.00364	0.00295	0.00544	0.00540	0.00724	0.00962	0.01862	0.01050	0.43019	0.06314	0.40676	0.00394	0.00452	0.00203	0.00211
34	0.00483	0.00393	0.00428	0.00425	0.00543	0.00338	0.00319	0.00602	0.00931	0.01168	0.22877	0.05900	0.61017	0.00945	0.00460	0.00130	0.00197	0.02132	0.00376	0.00337
35	0.23955	0.00823	0.01014	0.00795	0.01077	0.00852	0.10213	0.22343	0.03042	0.24029	0.02700	0.01189	0.03809	0.00464	0.00365	0.00122	0.00377	0.01921	0.00351	0.00557
36	0.04049	0.06681	0.07617	0.01156	0.12710	0.26831	0.07740	0.13219	0.04201	0.10912	0.00827	0.00900	0.00622	0.00402	0.00367	0.00112	0.00525	0.00317	0.00262	0.00551
37	0.00554	0.00413	0.00610	0.00610	0.00675	0.00478	0.00469	0.00684	0.00619	0.00891	0.01050	0.01588	0.00997	0.08221	0.79564	0.00607	0.00996	0.00425	0.00209	0.00339
38	0.01040	0.19855	0.02883	0.06215	0.37956	0.15384	0.08970	0.01239	0.00895	0.01117	0.00668	0.00852	0.00559	0.00352	0.00356	0.00108	0.00515	0.00309	0.00186	0.00541
39	0.00811	0.07410	0.66183	0.01056	0.04707	0.00889	0.01246	0.01185	0.00806	0.03543	0.00755	0.00971	0.00587	0.07646	0.00497	0.00141	0.00534	0.00310	0.00180	0.00543
40	0.03131	0.55199	0.20212	0.00829	0.02240	0.07619	0.02822	0.01215	0.00823	0.01981	0.00598	0.00694	0.00503	0.00347	0.00291	0.00096	0.00474	0.00238	0.00174	0.00513
41	0.01001	0.51316	0.18732	0.00833	0.02476	0.10406	0.02571	0.01217	0.02420	0.01036	0.04335	0.00803	0.00655	0.00371	0.00303	0.00097	0.00472	0.00262	0.00186	0.00506
42	0.00841	0.00570	0.00689	0.00605	0.02103	0.01254	0.00457	0.02689	0.05878	0.14142	0.16253	0.15677	0.10651	0.00664	0.00400	0.00111	0.00266	0.01517	0.00353	0.24880
43	0.04611	0.01021	0.01244	0.02250	0.21013	0.03990	0.02951	0.47710	0.01432	0.07570	0.00887	0.00947	0.00650	0.00425	0.00381	0.00116	0.00438	0.00344	0.00326	0.01694
44	0.00976	0.00839	0.00883	0.00791	0.01013	0.00970	0.00617	0.03986	0.81311	0.01641	0.01562	0.01434	0.01171	0.00525	0.00394	0.00131	0.00310	0.00436	0.00394	0.00615
45	0.00835	0.00830	0.01182	0.01008	0.01021	0.01142	0.03076	0.00925	0.00602	0.00936	0.00550	0.00918	0.00548	0.03175	0.03278	0.00185	0.78845	0.00351	0.00173	0.00420
46	0.02604	0.00959	0.01943	0.01553	0.10693	0.00937	0.58443	0.01195	0.00877	0.04042	0.00837	0.04394	0.00680	0.00446	0.02128	0.00142	0.06945	0.00454	0.00211	0.00516
47	0.85955	0.00776	0.00590	0.00526	0.00766	0.02481	0.00432	0.02526	0.00688	0.01736	0.00548	0.00636	0.00425	0.00362	0.00245	0.00120	0.00310	0.00213	0.00242	0.00424
48	0.00500	0.00360	0.00450	0.00510	0.00546	0.00338	0.00344	0.00567	0.00739	0.00970	0.03713	0.52960	0.11677	0.18295	0.00790	0.00199	0.00260	0.06142	0.00336	0.00304
49	0.01163	0.57271	0.01724	0.00823	0.03682	0.27680	0.00707	0.01283	0.00888	0.00935	0.00564	0.00657	0.00502	0.00353	0.00285	0.00089	0.00505	0.00225	0.00177	0.00486
50	0.00496	0.00341	0.00452	0.00526	0.00547	0.00321	0.00348	0.00539	0.00712	0.00947	0.01979	0.71402	0.03778	0.07391	0.00688	0.07667	0.00245	0.00993	0.00335	0.00297
51	0.01008	0.77209	0.11179	0.00712	0.01071	0.01464	0.00749	0.01168	0.00791	0.00947	0.00556	0.00644	0.00497	0.00336	0.00262	0.00087	0.00432	0.00216	0.00166	0.00506
52	0.01017	0.00997	0.01483	0.08500	0.55144	0.08021	0.06365	0.07131	0.05139	0.01320	0.00776	0.00972	0.00627	0.00370	0.00387	0.00117	0.00487	0.00350	0.00216	0.00583
53	0.01384	0.01750	0.02661	0.00975	0.01180	0.76127	0.00747	0.02926	0.02663	0.01001	0.00731	0.00883	0.02157	0.00433	0.00359	0.00104	0.00665	0.02587	0.00214	0.00454
54	0.00987	0.00844	0.00889	0.00794	0.01017	0.00975	0.00619	0.05645	0.79635	0.01658	0.01549	0.01423	0.01160	0.00523	0.00394	0.00131	0.00312	0.00434	0.00394	0.00616
55	0.00663	0.00454	0.00634	0.00713	0.00810	0.00450	0.00623	0.00840	0.00900	0.03991	0.02035	0.04269	0.02188	0.01051	0.00531	0.00176	0.00356	0.78589	0.00361	0.00367
56	0.01108	0.42576	0.15229	0.00821	0.01155	0.17522	0.00801	0.03932	0.08313	0.04198	0.00719	0.00779	0.00581	0.00378	0.00311	0.00100	0.00483	0.00261	0.00211	0.00522
57	0.00791	0.06284	0.80203	0.01083	0.01643	0.00932	0.01393	0.01224	0.00817	0.01212	0.00688	0.00809	0.00491	0.00366	0.00362	0.00121	0.00565	0.00282	0.00164	0.00569
58	0.00530	0.00394	0.00494	0.00471	0.00569	0.00358	0.00352	0.00695	0.01051	0.01450	0.67399	0.04641	0.18489	0.00836	0.00458	0.00124	0.00186	0.00730	0.00413	0.00358
59	0.00554	0.00413	0.00613	0.00613	0.00679	0.00479	0.00472	0.00686	0.00620	0.00892	0.01048	0.01574	0.00991	0.07134	0.80643	0.00611	0.01005	0.00423	0.00209	0.00341
60	0.00807	0.00665	0.00735	0.00696	0.00822	0.09728	0.00538	0.02164	0.15451	0.06390	0.01181	0.06314	0.01044	0.01926	0.49222	0.00413	0.00771	0.00439	0.00269	0.00427
61	0.00896	0.00848	0.01413	0.02025	0.65456	0.00888	0.01066	0.01101	0.00822	0.01188	0.00750	0.01023	0.00651	0.00713	0.11568	0.00187	0.08297	0.00354	0.00192	0.00562
62	0.00562	0.00383	0.00457	0.00457	0.00468	0.00394	0.00277	0.00586	0.00574	0.00777	0.01191	0.02365	0.01335	0.72250	0.15997	0.00418	0.00488	0.00539	0.00230	0.00254
63	0.87706	0.00749	0.00579	0.01863	0.00780	0.00870	0.00430	0.01137	0.00662	0.01727	0.00542	0.00636	0.00421	0.00360	0.00242	0.00120	0.00303	0.00212	0.00239	0.00420
64	0.00472	0.00337	0.00450	0.00540	0.00562	0.00315	0.00360	0.00540	0.00742	0.00990	0.02137	0.86122	0.02564	0.01215	0.00495	0.00157	0.00225	0.01102	0.00360	0.00315
65	0.38532	0.01469	0.48552	0.00851	0.01281	0.00887	0.01000	0.01190	0.00751	0.01446	0.00629	0.00738	0.00461	0.00365	0.00313	0.00122	0.00456	0.00254	0.00196	0.00508
66	0.01254	0.02236	0.01128	0.10084	0.09152	0.33720	0.00783	0.18394	0.06696	0.04760	0.00801	0.00891	0.00616	0.00409	0.00363	0.00107	0.00523	0.00306	0.00262	0.07515
67	0.51657	0.00893	0.00824	0.00673	0.00943	0.01012	0.00555	0.35983	0.01157	0.02040	0.00707	0.00758	0.00522	0.00405	0.00303	0.00118	0.00354	0.00269	0.00303	0.00522
68	0.01007	0.00854	0.00901	0.00798	0.01025	0.00984	0.00624	0.08881	0.76366	0.01691	0.01523	0.01403	0.01139	0.00521	0.00394	0.00130	0.00317	0.00431	0.00394	0.00617
69	0.00928	0.00906	0.01598	0.12137	0.65911	0.00920	0.09541	0.01172	0.00873	0.01231	0.00730	0.00977	0.00600	0.00349	0.00392	0.00118	0.00487	0.00357	0.00190	0.00583
70	0.00988	0.70909	0.17310	0.00745	0.01122	0.01416	0.00806	0.01173	0.00793	0.00971	0.00568	0.00658	0.00496	0.00338	0.00271	0.00090	0.00444	0.00222	0.00165	0.00512
71	0.00564	0.00376	0.00423	0.00423	0.00423	0.00376	0.00235	0.00564	0.00564	0.00752	0.01222	0.02537	0.01409	0.86375	0.01973	0.00376	0.00376	0.00564	0.00235	0.00235
72	0.00463	0.00393	0.00399	0.00397	0.00526	0.00329	0.00298	0.00565	0.00894	0.01073	0.07903	0.03689	0.79808	0.00972	0.00458	0.00130	0.00196	0.00812	0.00363	0.00329
73	0.89114	0.00750	0.00570	0.00510	0.00750	0.00870	0.00420	0.01140	0.00660	0.01739	0.00540	0.00630	0.00420	0.00360	0.00240	0.00120	0.00300	0.00210	0.00240	0.00420
74	0.00848	0.00848	0.01187	0.01018	0.01018	0.01187	0.00848	0.00933	0.00594	0.00933	0.00509	0.00848	0.00509	0.00679	0.01272	0.00170	0.85666	0.00339	0.00170	0.00424
75	0.01693	0.00733	0.00945	0.00725	0.01026	0.00679	0.00599	0.15851	0.01233	0.70090	0.01426	0.01252	0.00908	0.00477	0.00390	0.00119	0.00347	0.00383	0.00464	0.00660
76	0.00625	0.00446	0.00625	0.00714	0.00803	0.00446	0.00625	0.00803	0.00892	0.01160	0.02053	0.04373	0.02231	0.01071	0.00535	0.00178	0.00357	0.81348	0.00357	0.00357
77	0.01739	0.00660	0.00900	0.00690	0.00990	0.00570	0.00570	0.01889	0.01110	0.84226	0.01529	0.01320	0.00960	0.00480	0.00390	0.00120	0.00330	0.00390	0.00480	0.00660
78	0.00472	0.00337	0.00450	0.00540	0.00562	0.00315	0.00360	0.00540	0.00742	0.00990	0.02137	0.86122	0.02564	0.01215	0.00495	0.00157	0.00225	0.01102	0.00360	0.00315
79	0.00668	0.00384	0.00593	0.00570	0.00591	0.00402	0.02726	0.00566	0.00536	0.00730	0.00724	0.01214	0.00708	0.01521	0.13426	0.70909	0.02994	0.00352	0.00175	0.00212
80	0.01099	0.00848	0.00937	0.00774	0.01026	0.00914	0.00617	0.24896	0.35544	0.06353	0.01247	0.05631	0.00977	0.00510	0.00409	0.00118	0.03090	0.00409	0.00363	0.14237
81	0.01276	0.05999	0.01103	0.00970	0.03955	0.54446	0.00722	0.01657	0.23736	0.01143	0.00870	0.00910	0.00692	0.00429	0.00358	0.00108	0.00568	0.00303	0.00251	0.00503
82	0.01033	0.85422	0.03186	0.00670	0.01005	0.01525	0.00674	0.01162	0.00788	0.00917	0.00541	0.00625	0.00497	0.00332	0.00250	0.00083	0.00417	0.00208	0.00166	0.00499
83	0.01055	0.71380	0.07047	0.00711	0.01046	0.03967	0.00711	0.05467	0.00857	0.02195	0.00616	0.02307	0.00552	0.00362	0.00273	0.00090	0.00429	0.00241	0.00187	0.00508
84	0.00554	0.00415	0.00623	0.00623	0.00692	0.00485	0.00485	0.00692	0.00623	0.00900	0.01038	0.01523	0.00969	0.02908	0.84839	0.00623	0.01038	0.00415	0.00208	0.00346
85	0.00489	0.00357	0.00462	0.00537	0.00575	0.00336	0.00367	0.00590	0.02753	0.01036	0.05817	0.73815	0.07737	0.01162	0.00489	0.00154	0.00225	0.02407	0.00364	0.00326
86	0.01062	0.01211	0.05510	0.02377	0.13583	0.20742	0.27307	0.06378	0.10338	0.01275	0.00917	0.01057	0.03245	0.00411	0.00427	0.00121	0.02893	0.00382	0.00233	0.00530
87	0.00841	0.02965	0.31758	0.01389	0.07260	0.00914	0.38930	0.01182	0.00863	0.01214	0.00840	0.05013	0.00691	0.00411	0.00431	0.00129	0.01718	0.02727	0.00195	0.00531
88	0.00761	0.00642	0.00767	0.00594	0.02457	0.00497	0.00456	0.00933	0.00848	0.01299	0.12797	0.02496	0.01996	0.00384	0.00319	0.00070	0.00273	0.00321	0.00261	0.71828
89	0.01595	0.00619	0.00828	0.00647	0.00915	0.00542	0.00528	0.01743	0.01061	0.72871	0.01492	0.01374	0.00978	0.03404	0.00432	0.00126	0.00316	0.00393	0.09523	0.00615
90	0.00748	0.00703	0.01185	0.74843	0.10788	0.00853	0.01069	0.00999	0.00785	0.01018	0.00731	0.03280	0.00581	0.00405	0.00390	0.00129	0.00503	0.00365	0.00179	0.00446
91	0.00825	0.03773	0.32231	0.00845	0.01277	0.00728	0.05819	0.02077	0.00831	0.02051	0.00704	0.00825	0.00546	0.00325	0.00329	0.00088	0.00422	0.00267	0.00205	0.45832
92	0.01066	0.00840	0.00892	0.00771	0.01000	0.00952	0.00609	0.18384	0.57711	0.03760	0.01418	0.01338	0.01055	0.00506	0.00383	0.00125	0.00321	0.00412	0.07853	0.00603
93	0.00536	0.00397	0.00506	0.00501	0.00568	0.00405	0.00360	0.00635	0.00730	0.00985	0.13589	0.02457	0.18774	0.24839	0.32605	0.00381	0.00560	0.00581	0.00278	0.00315
94	0.00863	0.21948	0.61939	0.00997	0.01500	0.04088	0.01226	0.01224	0.00821	0.01143	0.00655	0.00768	0.00493	0.00361	0.00339	0.00113	0.00540	0.00266	0.00166	0.00551
95	0.00740	0.00698	0.01178	0.82411	0.05638	0.00864	0.01081	0.00998	0.00779	0.01001	0.00691	0.01031	0.00520	0.00386	0.00387	0.00129	0.00515	0.00345	0.00173	0.00437
96	0.00465	0.00391	0.00404	0.00405	0.00529	0.00330	0.00302	0.00569	0.00895	0.01083	0.09757	0.06477	0.75118	0.00976	0.00459	0.00131	0.00196	0.00819	0.00365	0.00330
97	0.00557	0.00411	0.00491	0.00511	0.00607	0.00379	0.00380	0.00716	0.04856	0.03780	0.16139	0.29024	0.31659	0.00993	0.00471	0.00142	0.00227	0.07925	0.00376	0.00357
98	0.00476	0.00340	0.00454	0.00544	0.00569	0.00318	0.00367	0.00547	0.00746	0.00994	0.02135	0.83957	0.02555	0.01211	0.00496	0.00158	0.00228	0.03227	0.00360	0.00316
99	0.00554	0.00415	0.00623	0.00623	0.00692	0.00485	0.00485	0.00692	0.00623	0.00900	0.01038	0.01523	0.00969	0.02908	0.84839	0.00623	0.01038	0.00415	0.00208	0.00346
100	0.00762	0.00482	0.00583	0.00550	0.00664	0.00471	0.00409	0.11074	0.01017	0.08494	0.24712	0.28300	0.05222	0.03736	0.00483	0.00137	0.00246	0.00712	0.11540	0.00405
101	0.05959	0.03951	0.01931	0.01403	0.02895	0.03668	0.57509	0.07018	0.05008	0.01338	0.00791	0.00997	0.00604	0.00368	0.00466	0.00128	0.04809	0.00412	0.00220	0.00524
102	0.01474	0.01086	0.01163	0.00892	0.01202	0.01202	0.00737	0.82664	0.01823	0.02443	0.00931	0.00931	0.00659	0.00465	0.00388	0.00116	0.00427	0.00349	0.00388	0.00659
103	0.00555	0.00402	0.00524	0.00511	0.00601	0.00375	0.00392	0.00730	0.01049	0.01464	0.68200	0.03102	0.06319	0.03266	0.00510	0.00137	0.00211	0.10882	0.00410	0.00360
104	0.01695	0.00697	0.00940	0.00761	0.03831	0.00624	0.00602	0.07295	0.01150	0.75901	0.01462	0.01281	0.00928	0.00474	0.00390	0.00120	0.00341	0.00386	0.00464	0.00658
105	0.00811	0.00769	0.01304	0.56804	0.30697	0.00882	0.01116	0.01059	0.00812	0.01086	0.00703	0.01008	0.00550	0.00373	0.00386	0.00124	0.00497	0.00345	0.00179	0.00494
106	0.00562	0.00415	0.00591	0.00587	0.00640	0.00474	0.00438	0.00669	0.00610	0.00869	0.01068	0.01730	0.01056	0.20924	0.65315	0.00561	0.02511	0.00446	0.00213	0.00324
107	0.89114	0.00750	0.00570	0.00510	0.00750	0.00870	0.00420	0.01140	0.00660	0.01739	0.00540	0.00630	0.00420	0.00360	0.00240	0.00120	0.00300	0.00210	0.00240	0.00420

[dist]
# distance from previous block
# <min> <max>
0	2

[block]
# block no. 5 follows, 70 sequences, length 41
# corresponding to MSA columns:
# 250-290
name=unknown_F
#
# <colnr> <probs for GDERKNQSTAVLIFYWHMCP>
#	G	D	E	R	K	N	Q	S	T	A	V	L	I	F	Y	W	H	M	C	P
0	0.00985	0.00926	0.01542	0.03853	0.77686	0.00936	0.01162	0.05859	0.00935	0.01329	0.00740	0.00959	0.00615	0.00353	0.00384	0.00115	0.00460	0.00346	0.00203	0.00613
1	0.01474	0.01086	0.01163	0.00892	0.01202	0.01202	0.00737	0.82664	0.01823	0.02443	0.00931	0.00931	0.00659	0.00465	0.00388	0.00116	0.00427	0.00349	0.00388	0.00659
2	0.00858	0.00687	0.00809	0.00581	0.00923	0.00520	0.00466	0.01029	0.00821	0.06021	0.00737	0.00833	0.00596	0.00298	0.00293	0.00061	0.00290	0.00239	0.00244	0.83694
3	0.00554	0.00413	0.00612	0.00612	0.00677	0.00478	0.00470	0.00685	0.00620	0.00891	0.01049	0.01581	0.00994	0.07694	0.80087	0.00609	0.01000	0.00424	0.00209	0.00340
4	0.00467	0.00367	0.00423	0.00464	0.00543	0.00323	0.00327	0.00553	0.00824	0.01034	0.05253	0.42035	0.43844	0.01085	0.00475	0.00143	0.00209	0.00947	0.00362	0.00323
5	0.00554	0.00415	0.00623	0.00623	0.00692	0.00485	0.00485	0.00692	0.00623	0.00900	0.01038	0.01523	0.00969	0.02908	0.84839	0.00623	0.01038	0.00415	0.00208	0.00346
6	0.00804	0.00689	0.00804	0.00574	0.00919	0.00517	0.00459	0.00976	0.00804	0.01263	0.00689	0.00804	0.00574	0.00287	0.00287	0.00057	0.00287	0.00230	0.00230	0.88745
7	0.00563	0.00369	0.00496	0.00566	0.00613	0.00345	0.00401	0.00650	0.00787	0.05793	0.03780	0.70654	0.02459	0.01148	0.00492	0.00157	0.00244	0.09774	0.00368	0.00340
8	0.00554	0.00415	0.00623	0.00623	0.00692	0.00485	0.00485	0.00692	0.00623	0.00900	0.01038	0.01523	0.00969	0.02908	0.84839	0.00623	0.01038	0.00415	0.00208	0.00346
9	0.89114	0.00750	0.00570	0.00510	0.00750	0.00870	0.00420	0.01140	0.00660	0.01739	0.00540	0.00630	0.00420	0.00360	0.00240	0.00120	0.00300	0.00210	0.00240	0.00420
10	0.00472	0.00337	0.00450	0.00540	0.00562	0.00315	0.00360	0.00540	0.00742	0.00990	0.02137	0.86122	0.02564	0.01215	0.00495	0.00157	0.00225	0.01102	0.00360	0.00315
11	0.89114	0.00750	0.00570	0.00510	0.00750	0.00870	0.00420	0.01140	0.00660	0.01739	0.00540	0.00630	0.00420	0.00360	0.00240	0.00120	0.00300	0.00210	0.00240	0.00420
12	0.00778	0.02005	0.84367	0.01105	0.01678	0.00900	0.01432	0.01228	0.00818	0.01228	0.00696	0.00818	0.00491	0.00368	0.00368	0.00123	0.00573	0.00286	0.00164	0.00573
13	0.00472	0.00337	0.00450	0.00540	0.00562	0.00315	0.00360	0.00540	0.00742	0.00990	0.02137	0.86122	0.02564	0.01215	0.00495	0.00157	0.00225	0.01102	0.00360	0.00315
14	0.00804	0.00689	0.00804	0.00574	0.00919	0.00517	0.00459	0.00976	0.00804	0.01263	0.00689	0.00804	0.00574	0.00287	0.00287	0.00057	0.00287	0.00230	0.00230	0.88745
15	0.00915	0.01046	0.02288	0.01634	0.02026	0.00980	0.82549	0.01242	0.00915	0.01242	0.00784	0.01046	0.00588	0.00327	0.00458	0.00131	0.00654	0.00458	0.00196	0.00523
16	0.70907	0.00755	0.00654	0.00559	0.00812	0.00844	0.00461	0.05928	0.00794	0.14223	0.00712	0.00751	0.00515	0.00384	0.00271	0.00120	0.00312	0.00245	0.00285	0.00470
17	0.00564	0.00376	0.00423	0.00423	0.00423	0.00376	0.00235	0.00564	0.00564	0.00752	0.01222	0.02537	0.01409	0.86375	0.01973	0.00376	0.00376	0.00564	0.00235	0.00235
18	0.01685	0.00672	0.00898	0.00697	0.00991	0.00598	0.00573	0.01901	0.06879	0.78424	0.01533	0.01328	0.00975	0.00483	0.00390	0.00121	0.00328	0.00393	0.00474	0.00657
19	0.00732	0.00689	0.01163	0.85444	0.02670	0.00861	0.01077	0.00991	0.00775	0.00991	0.00689	0.01034	0.00517	0.00388	0.00388	0.00129	0.00517	0.00345	0.00172	0.00431
20	0.00480	0.00343	0.00458	0.00548	0.00574	0.00321	0.00372	0.00552	0.00749	0.00998	0.02133	0.82229	0.02548	0.01208	0.00497	0.00158	0.00231	0.04924	0.00360	0.00317
21	0.01474	0.01086	0.01163	0.00892	0.01202	0.01202	0.00737	0.82664	0.01823	0.02443	0.00931	0.00931	0.00659	0.00465	0.00388	0.00116	0.00427	0.00349	0.00388	0.00659
22	0.01739	0.00660	0.00900	0.00690	0.00990	0.00570	0.00570	0.01889	0.01110	0.84226	0.01529	0.01320	0.00960	0.00480	0.00390	0.00120	0.00330	0.00390	0.00480	0.00660
23	0.00470	0.00388	0.00413	0.00417	0.00534	0.00331	0.00309	0.00576	0.00896	0.01102	0.13175	0.11004	0.67086	0.00980	0.00461	0.00132	0.00197	0.00830	0.00368	0.00331
