[name]
unknown

[dist]
# distance from previous block
# <min> <max>
0	74

[block]
# block no. 0 follows, 73 sequences, length 13
# corresponding to MSA columns:
# 74-86
name=unknown_A
#
# <colnr> <probs for GDERKNQSTAVLIFYWHMCP>
#	G	D	E	R	K	N	Q	S	T	A	V	L	I	F	Y	W	H	M	C	P
0	0.02983	0.13380	0.11991	0.00881	0.08179	0.03946	0.02432	0.04952	0.14884	0.02350	0.03356	0.04588	0.03024	0.00549	0.01599	0.00122	0.00390	0.10516	0.00265	0.09614
1	0.03950	0.10908	0.03176	0.01012	0.09142	0.10667	0.10704	0.16865	0.12134	0.03462	0.00826	0.00903	0.00640	0.00385	0.00364	0.00105	0.02179	0.00315	0.00258	0.12002
2	0.06509	0.00823	0.04400	0.05152	0.13417	0.05338	0.03955	0.10355	0.03807	0.15465	0.02299	0.09288	0.00916	0.03431	0.00419	0.00120	0.00381	0.01590	0.00290	0.12043
3	0.03883	0.07751	0.01481	0.04688	0.52620	0.04401	0.09060	0.01156	0.00849	0.04038	0.00757	0.03930	0.00646	0.00368	0.00364	0.00111	0.00450	0.00350	0.00202	0.02896
4	0.06540	0.00879	0.01193	0.03210	0.39080	0.02149	0.00862	0.22451	0.08333	0.04800	0.00928	0.06253	0.00768	0.00439	0.00371	0.00116	0.00400	0.00381	0.00275	0.00572
5	0.00465	0.00363	0.00415	0.00448	0.00527	0.00322	0.00319	0.00550	0.00796	0.00998	0.05903	0.32232	0.44171	0.06555	0.00553	0.00153	0.00217	0.04360	0.00343	0.00309
6	0.00912	0.04542	0.43857	0.01236	0.07076	0.06331	0.22566	0.01250	0.00856	0.06761	0.00740	0.00877	0.00539	0.00352	0.00376	0.00117	0.00554	0.00326	0.00191	0.00540
7	0.00877	0.21381	0.45047	0.04674	0.03547	0.04995	0.08282	0.01186	0.00810	0.03357	0.00670	0.00800	0.00510	0.00393	0.01849	0.00118	0.00528	0.00281	0.00173	0.00521
8	0.00466	0.00339	0.00442	0.00518	0.00555	0.00315	0.00358	0.00544	0.00748	0.00987	0.04419	0.72175	0.09731	0.01136	0.00477	0.00150	0.00222	0.05758	0.00350	0.00309
9	0.00498	0.00356	0.00463	0.00534	0.00567	0.00340	0.00364	0.03233	0.00750	0.00999	0.01985	0.76728	0.02356	0.05210	0.00545	0.00162	0.00236	0.04018	0.00343	0.00313
10	0.00944	0.01050	0.12588	0.07934	0.51939	0.03483	0.08237	0.04188	0.00889	0.04090	0.00733	0.00926	0.00579	0.00349	0.00375	0.00114	0.00482	0.00335	0.00198	0.00567
11	0.00673	0.00523	0.00814	0.02766	0.08834	0.00514	0.08148	0.03823	0.00846	0.03980	0.01697	0.35263	0.01854	0.00901	0.00469	0.00150	0.00337	0.27701	0.00318	0.00390
12	0.00467	0.00335	0.00437	0.00515	0.00542	0.00313	0.00347	0.00533	0.00718	0.00951	0.02079	0.74894	0.05736	0.06677	0.00571	0.00166	0.00230	0.03847	0.00340	0.00302

[dist]
# distance from previous block
# <min> <max>
0	21

[block]
# block no. 1 follows, 73 sequences, length 26
# corresponding to MSA columns:
# 108-133
name=unknown_B
#
# <colnr> <probs for GDERKNQSTAVLIFYWHMCP>
#	G	D	E	R	K	N	Q	S	T	A	V	L	I	F	Y	W	H	M	C	P
0	0.01019	0.08215	0.21597	0.05582	0.02501	0.00862	0.19337	0.09138	0.00951	0.15346	0.01912	0.02472	0.00673	0.00385	0.00369	0.00111	0.00466	0.00349	0.00251	0.08464
1	0.00994	0.01989	0.17950	0.01010	0.05025	0.01737	0.16036	0.10552	0.04838	0.12153	0.01978	0.04285	0.00737	0.00419	0.00414	0.00112	0.04661	0.00366	0.00262	0.14483
2	0.00885	0.00949	0.03665	0.01361	0.04808	0.00852	0.58450	0.01192	0.03434	0.03218	0.00779	0.00979	0.00592	0.00320	0.00404	0.00112	0.00540	0.00392	0.00207	0.16859
3	0.00877	0.00846	0.07540	0.24990	0.14663	0.00773	0.16058	0.01120	0.00843	0.09292	0.04863	0.01056	0.00724	0.00375	0.00388	0.00112	0.01763	0.00355	0.00222	0.13139
4	0.00918	0.00880	0.01503	0.06398	0.80463	0.00889	0.01146	0.01142	0.00849	0.01213	0.00704	0.00932	0.00590	0.00336	0.00372	0.00112	0.00448	0.00334	0.00185	0.00586
5	0.05346	0.10180	0.20087	0.02945	0.10190	0.02479	0.17221	0.08240	0.05160	0.10121	0.00816	0.00915	0.00603	0.00367	0.00359	0.00112	0.00470	0.00326	0.00237	0.03825
6	0.00621	0.00452	0.00612	0.00700	0.03953	0.00458	0.00549	0.00800	0.04859	0.01066	0.01746	0.05096	0.01882	0.15866	0.00768	0.02235	0.00347	0.57332	0.00316	0.00342
7	0.00962	0.10764	0.29740	0.01448	0.32487	0.09400	0.01090	0.02354	0.02737	0.04551	0.00714	0.00846	0.00557	0.00356	0.00349	0.00110	0.00492	0.00295	0.00193	0.00555
8	0.00915	0.52085	0.34139	0.00813	0.01224	0.01239	0.00933	0.02973	0.00796	0.01034	0.00589	0.00682	0.00483	0.00338	0.00289	0.00096	0.00461	0.00233	0.00164	0.00513
9	0.00583	0.00466	0.00671	0.00644	0.00693	0.00568	0.00500	0.00694	0.00592	0.00861	0.00941	0.01472	0.00911	0.11360	0.62889	0.00507	0.14708	0.00405	0.00198	0.00336
10	0.00861	0.00811	0.01370	0.03908	0.71519	0.00812	0.01042	0.01064	0.00834	0.01184	0.00886	0.12309	0.00843	0.00447	0.00386	0.00117	0.00417	0.00432	0.00207	0.00552
11	0.00546	0.00364	0.00409	0.00409	0.00409	0.00364	0.00227	0.00546	0.00546	0.00727	0.01182	0.02455	0.01364	0.86815	0.01910	0.00364	0.00364	0.00546	0.00227	0.00227
12	0.00652	0.00326	0.00489	0.00489	0.00489	0.00326	0.00326	0.00489	0.00489	0.00652	0.00652	0.01140	0.00652	0.01303	0.01466	0.89084	0.00326	0.00326	0.00163	0.00163
13	0.00949	0.00933	0.01432	0.12203	0.66512	0.06923	0.01096	0.03304	0.00881	0.01202	0.00697	0.00918	0.00576	0.00346	0.00370	0.00112	0.00468	0.00328	0.00189	0.00563
14	0.00959	0.00819	0.00863	0.00769	0.00986	0.00945	0.00600	0.06305	0.79442	0.01612	0.01494	0.01373	0.01118	0.00506	0.00381	0.00126	0.00303	0.00420	0.00381	0.00596
15	0.00886	0.01012	0.02214	0.01581	0.01961	0.00949	0.83112	0.01202	0.00886	0.01202	0.00759	0.01012	0.00569	0.00316	0.00443	0.00127	0.00633	0.00443	0.00190	0.00506
16	0.00782	0.00680	0.00835	0.00596	0.00931	0.00518	0.03700	0.00955	0.00782	0.01222	0.00670	0.00787	0.00556	0.00279	0.00284	0.00058	0.00292	0.00231	0.00221	0.85619
17	0.00531	0.00383	0.00501	0.00472	0.00560	0.00354	0.00354	0.00708	0.01062	0.01504	0.84277	0.02802	0.03540	0.00767	0.00442	0.00118	0.00177	0.00678	0.00413	0.00354
18	0.00961	0.00696	0.00849	0.03448	0.03270	0.00628	0.01463	0.08019	0.11152	0.13471	0.04296	0.03730	0.02145	0.00410	0.00336	0.00089	0.00306	0.00341	0.00300	0.44088
19	0.01104	0.05361	0.01252	0.18421	0.25146	0.03714	0.00882	0.28237	0.02273	0.06081	0.00801	0.00930	0.00605	0.00390	0.00363	0.00111	0.00437	0.00325	0.00262	0.03305
20	0.00522	0.00355	0.00421	0.00444	0.00452	0.00350	0.00266	0.00542	0.00593	0.00793	0.01415	0.24981	0.01653	0.61823	0.03545	0.00313	0.00340	0.00682	0.00259	0.00251
21	0.04551	0.66057	0.09071	0.00705	0.01031	0.07565	0.00704	0.02935	0.02678	0.00991	0.00570	0.00649	0.00496	0.00337	0.00264	0.00088	0.00428	0.00218	0.00175	0.00487
22	0.03650	0.09628	0.74612	0.01012	0.01535	0.00926	0.01287	0.01180	0.00784	0.01176	0.00655	0.00769	0.00474	0.00353	0.00342	0.00115	0.00532	0.00268	0.00161	0.00543
23	0.00971	0.05162	0.10717	0.01495	0.37231	0.01932	0.06341	0.09036	0.08728	0.05263	0.05244	0.01051	0.00798	0.00390	0.00369	0.00111	0.00427	0.00352	0.00245	0.04137
24	0.00509	0.01919	0.00492	0.00474	0.02593	0.00370	0.00341	0.00640	0.00934	0.01226	0.39705	0.03083	0.41249	0.04223	0.00495	0.00131	0.00201	0.00710	0.00365	0.00340
25	0.00973	0.25742	0.19132	0.00959	0.08256	0.04462	0.05527	0.07238	0.10702	0.04949	0.04065	0.00972	0.01804	0.00394	0.00336	0.00105	0.00431	0.00315	0.00235	0.03402

[dist]
# distance from previous block
# <min> <max>
0	5

[block]
# block no. 2 follows, 73 sequences, length 7
# corresponding to MSA columns:
# 139-145
name=unknown_C
#
# <colnr> <probs for GDERKNQSTAVLIFYWHMCP>
#	G	D	E	R	K	N	Q	S	T	A	V	L	I	F	Y	W	H	M	C	P
0	0.01023	0.14162	0.25073	0.01153	0.15452	0.05907	0.05459	0.09392	0.09800	0.07800	0.00832	0.00905	0.00625	0.00381	0.00351	0.00111	0.00465	0.00312	0.00236	0.00560
1	0.00752	0.07314	0.67354	0.01003	0.01481	0.00867	0.04388	0.01124	0.00771	0.01129	0.00710	0.00904	0.00547	0.04357	0.05592	0.00157	0.00566	0.00298	0.00165	0.00520
2	0.89465	0.00726	0.00551	0.00493	0.00726	0.00842	0.00406	0.01103	0.00638	0.01683	0.00522	0.00609	0.00406	0.00348	0.00232	0.00116	0.00290	0.00203	0.00232	0.00406
3	0.00866	0.00717	0.05119	0.00597	0.00917	0.00532	0.00505	0.01079	0.03977	0.10457	0.06157	0.00987	0.00807	0.00343	0.00307	0.00072	0.00291	0.00279	0.00264	0.65727
4	0.00455	0.00379	0.00391	0.00388	0.00505	0.00322	0.00287	0.00551	0.00853	0.01033	0.09494	0.03487	0.73823	0.05736	0.00525	0.00139	0.00199	0.00770	0.00346	0.00314
5	0.00990	0.39466	0.23820	0.00909	0.04776	0.16061	0.00890	0.01192	0.00814	0.00987	0.00578	0.00695	0.00486	0.00367	0.00365	0.00101	0.06601	0.00243	0.00167	0.00493
6	0.08911	0.04331	0.04547	0.04662	0.07006	0.03041	0.04613	0.16806	0.07487	0.08175	0.08918	0.04795	0.00991	0.00491	0.00449	0.00118	0.08793	0.00387	0.00290	0.05191

[dist]
# distance from previous block
# <min> <max>
0	1

[block]
# block no. 3 follows, 73 sequences, length 13
# corresponding to MSA columns:
# 147-159
name=unknown_D
#
# <colnr> <probs for GDERKNQSTAVLIFYWHMCP>
#	G	D	E	R	K	N	Q	S	T	A	V	L	I	F	Y	W	H	M	C	P
0	0.00893	0.00863	0.01508	0.06505	0.68569	0.00866	0.08121	0.01120	0.00849	0.01201	0.00780	0.02716	0.00679	0.00376	0.00385	0.00116	0.00457	0.03240	0.00194	0.00563
1	0.00914	0.00809	0.01023	0.13307	0.16943	0.00918	0.00767	0.04060	0.53826	0.01440	0.01230	0.01239	0.00934	0.00455	0.00379	0.00124	0.00358	0.00392	0.00314	0.00570
2	0.00730	0.00559	0.00672	0.00533	0.00766	0.00455	0.00416	0.02602	0.00897	0.05315	0.25565	0.06157	0.05249	0.00513	0.00351	0.00086	0.00246	0.00437	0.00306	0.48144
3	0.01077	0.16516	0.38605	0.00894	0.01305	0.02577	0.04114	0.06629	0.00925	0.21267	0.00877	0.02151	0.00629	0.00393	0.00347	0.00111	0.00462	0.00309	0.00251	0.00559
4	0.00968	0.59045	0.11800	0.00853	0.04232	0.03835	0.07987	0.01196	0.05132	0.00997	0.00622	0.00717	0.00527	0.00337	0.00287	0.00093	0.00444	0.00249	0.00176	0.00501
5	0.00477	0.00381	0.00427	0.00416	0.00528	0.00331	0.00312	0.00604	0.00935	0.01203	0.34886	0.03298	0.53118	0.00879	0.00443	0.00123	0.00185	0.00748	0.00373	0.00331
6	0.00973	0.03810	0.00978	0.15244	0.01259	0.00777	0.00630	0.23827	0.01053	0.03190	0.00743	0.00854	0.00574	0.00348	0.00322	0.00085	0.00359	0.00276	0.00258	0.44440
7	0.01039	0.34821	0.03845	0.03033	0.14174	0.08956	0.05053	0.03691	0.09862	0.05875	0.00759	0.00840	0.00611	0.00361	0.00316	0.00098	0.00430	0.00283	0.00220	0.05735
8	0.00934	0.07131	0.40672	0.01064	0.08378	0.03894	0.04009	0.11251	0.09988	0.04194	0.02823	0.02474	0.00706	0.00408	0.00362	0.00116	0.00474	0.00332	0.00234	0.00555
9	0.00771	0.00660	0.00780	0.03248	0.00932	0.00517	0.00464	0.00966	0.03164	0.01235	0.03967	0.00882	0.00688	0.00307	0.00290	0.00062	0.00281	0.00249	0.00233	0.80303
10	0.00531	0.00405	0.00565	0.00578	0.00643	0.00407	0.03449	0.01784	0.03995	0.01028	0.08522	0.46866	0.05319	0.05215	0.18584	0.00251	0.00408	0.00801	0.00313	0.00336
11	0.00864	0.00775	0.00894	0.00686	0.03054	0.07067	0.04671	0.01033	0.00817	0.03828	0.00691	0.00801	0.00564	0.00295	0.00296	0.00066	0.00332	0.00243	0.00225	0.72798
12	0.00473	0.00341	0.00452	0.00534	0.00569	0.00320	0.00374	0.00552	0.00742	0.00980	0.02149	0.72780	0.06725	0.01148	0.00482	0.00153	0.00231	0.10336	0.00348	0.00310

[dist]
# distance from previous block
# <min> <max>
0	3

[block]
# block no. 4 follows, 73 sequences, length 13
# corresponding to MSA columns:
# 163-175
name=unknown_E
#
# <colnr> <probs for GDERKNQSTAVLIFYWHMCP>
#	G	D	E	R	K	N	Q	S	T	A	V	L	I	F	Y	W	H	M	C	P
0	0.00508	0.00402	0.00511	0.02504	0.00637	0.00387	0.00388	0.00594	0.00749	0.00996	0.03817	0.54466	0.18776	0.01005	0.00500	0.00139	0.05544	0.00878	0.00325	0.06873
1	0.09948	0.10382	0.08400	0.02811	0.14160	0.06613	0.00747	0.14242	0.02190	0.13520	0.00805	0.00866	0.00601	0.00372	0.00328	0.00102	0.00402	0.00288	0.00264	0.12959
2	0.13527	0.27370	0.33134	0.00831	0.01226	0.01081	0.02596	0.11427	0.00893	0.03803	0.00660	0.00741	0.00503	0.00359	0.00309	0.00106	0.00447	0.00257	0.00206	0.00523
3	0.00545	0.00366	0.00419	0.00419	0.00423	0.00369	0.00240	0.00552	0.00549	0.00735	0.01173	0.02405	0.01342	0.82517	0.06178	0.00376	0.00397	0.00538	0.00226	0.00233
4	0.02690	0.01801	0.74979	0.01047	0.01562	0.00866	0.03614	0.01210	0.04478	0.01209	0.00718	0.00837	0.00517	0.00420	0.02362	0.00131	0.00550	0.00290	0.00172	0.00546
5	0.00652	0.00326	0.00489	0.00489	0.00489	0.00326	0.00326	0.00489	0.00489	0.00652	0.00652	0.01140	0.00652	0.01303	0.01466	0.89084	0.00326	0.00326	0.00163	0.00163
6	0.00980	0.03891	0.00741	0.03065	0.00810	0.00684	0.00480	0.24641	0.04818	0.07838	0.11151	0.01376	0.01154	0.00526	0.01996	0.00113	0.00294	0.00386	0.34584	0.00472
7	0.00998	0.21822	0.02429	0.00751	0.00987	0.10445	0.00626	0.02979	0.45527	0.02633	0.03058	0.01174	0.02657	0.00463	0.00359	0.00112	0.01786	0.00357	0.00301	0.00536
8	0.00494	0.00371	0.00460	0.00482	0.00562	0.00338	0.00358	0.00617	0.00891	0.01181	0.31461	0.26546	0.25164	0.00957	0.00460	0.00135	0.00208	0.08616	0.00371	0.00329
9	0.01080	0.72681	0.01807	0.00686	0.00989	0.12542	0.00650	0.01198	0.00813	0.03876	0.00563	0.00636	0.00498	0.00335	0.00259	0.00084	0.00435	0.00212	0.00176	0.00481
10	0.00488	0.00382	0.00449	0.00461	0.00558	0.00335	0.00339	0.00600	0.00860	0.01119	0.20407	0.25596	0.37348	0.00945	0.00449	0.00131	0.00206	0.04699	0.00356	0.04271
11	0.00970	0.28182	0.23162	0.00845	0.01178	0.12921	0.02447	0.03327	0.18523	0.01158	0.00843	0.03409	0.00687	0.00408	0.00329	0.00106	0.00457	0.00308	0.00223	0.00517
12	0.01133	0.37018	0.04407	0.00905	0.08042	0.23670	0.00727	0.10662	0.03632	0.02451	0.02194	0.00819	0.02092	0.00383	0.00311	0.00096	0.00473	0.00270	0.00216	0.00500

[dist]
# distance from previous block
# <min> <max>
0	2

[block]
# block no. 5 follows, 73 sequences, length 70
# corresponding to MSA columns:
# 178-247
name=unknown_F
#
# <colnr> <probs for GDERKNQSTAVLIFYWHMCP>
#	G	D	E	R	K	N	Q	S	T	A	V	L	I	F	Y	W	H	M	C	P
0	0.01838	0.13435	0.14501	0.01014	0.11992	0.07071	0.05350	0.11108	0.05273	0.04814	0.00784	0.00871	0.01318	0.00361	0.00333	0.00098	0.00428	0.00292	0.00233	0.18887
1	0.03034	0.13575	0.17128	0.03706	0.13154	0.04299	0.09458	0.10675	0.03160	0.08720	0.01705	0.02836	0.00659	0.00412	0.00411	0.00115	0.05849	0.00335	0.00235	0.00534
2	0.00864	0.16527	0.30466	0.01166	0.01572	0.01012	0.32857	0.03565	0.00852	0.01174	0.03141	0.00907	0.00608	0.00359	0.00401	0.00116	0.03369	0.00343	0.00185	0.00515
3	0.00532	0.00382	0.00499	0.02716	0.00640	0.00370	0.00399	0.00634	0.01886	0.03829	0.04332	0.58445	0.13481	0.01057	0.00488	0.00148	0.02504	0.06983	0.00345	0.00332
4	0.00938	0.38440	0.27442	0.00980	0.06934	0.05474	0.07000	0.01226	0.05180	0.02207	0.00668	0.00768	0.00535	0.00348	0.00315	0.00102	0.00476	0.00268	0.00181	0.00519
5	0.00879	0.31178	0.41922	0.00991	0.01430	0.02286	0.13098	0.01180	0.00803	0.02079	0.00642	0.00763	0.00497	0.00340	0.00329	0.00106	0.00512	0.00276	0.00168	0.00521
6	0.00501	0.00366	0.00471	0.00479	0.00551	0.00336	0.00346	0.00638	0.00941	0.01299	0.52734	0.27864	0.10267	0.00905	0.00453	0.00129	0.00190	0.00804	0.00388	0.00336
7	0.00577	0.00474	0.02710	0.00586	0.00633	0.00517	0.00442	0.00663	0.00583	0.00829	0.01005	0.01748	0.01034	0.33708	0.42730	0.00452	0.10353	0.00444	0.00206	0.00309
8	0.00829	0.15448	0.12213	0.04847	0.10951	0.02773	0.06617	0.04293	0.06523	0.03527	0.20933	0.04167	0.04316	0.00509	0.00376	0.00113	0.00378	0.00439	0.00271	0.00478
9	0.00457	0.00326	0.00435	0.00522	0.00544	0.00305	0.00348	0.00522	0.00718	0.00958	0.02068	0.86570	0.02481	0.01175	0.00479	0.00152	0.00218	0.01067	0.00348	0.00305
10	0.00457	0.00326	0.00435	0.00522	0.00544	0.00305	0.00348	0.00522	0.00718	0.00958	0.02068	0.86570	0.02481	0.01175	0.00479	0.00152	0.00218	0.01067	0.00348	0.00305
11	0.00915	0.00992	0.00843	0.00810	0.02900	0.33899	0.00608	0.01034	0.00794	0.00919	0.00795	0.01090	0.00714	0.01539	0.39957	0.00338	0.07944	0.00329	0.03191	0.00387
12	0.02045	0.15426	0.59561	0.00990	0.01456	0.03825	0.03583	0.01196	0.00797	0.03586	0.00663	0.00777	0.00492	0.00365	0.00372	0.00114	0.03776	0.00273	0.00171	0.00532
13	0.01261	0.01554	0.01084	0.00971	0.01117	0.64905	0.00748	0.01354	0.00945	0.00914	0.00559	0.00712	0.00486	0.00452	0.00555	0.00113	0.21394	0.00263	0.00186	0.00429
14	0.00536	0.00402	0.00603	0.00603	0.00670	0.00469	0.00469	0.00670	0.00603	0.00871	0.01005	0.01474	0.00938	0.02814	0.85328	0.00603	0.01005	0.00402	0.00201	0.00335
15	0.00517	0.00383	0.00482	0.00457	0.00552	0.00348	0.00343	0.00681	0.01029	0.01425	0.71310	0.02933	0.16556	0.00797	0.00443	0.00119	0.00179	0.00697	0.00403	0.00348
16	0.00752	0.01941	0.84871	0.01069	0.01624	0.00871	0.01386	0.01188	0.00792	0.01188	0.00673	0.00792	0.00475	0.00356	0.00356	0.00119	0.00554	0.00277	0.00158	0.00554
17	0.00999	0.85105	0.01948	0.00650	0.00963	0.01477	0.00646	0.01118	0.00758	0.00883	0.00521	0.00607	0.00482	0.00329	0.00263	0.00082	0.02326	0.00203	0.00161	0.00480
18	0.00902	0.05545	0.02307	0.10618	0.18401	0.04390	0.21287	0.04786	0.07292	0.04408	0.04275	0.08248	0.01874	0.00466	0.00425	0.00122	0.03473	0.00438	0.00241	0.00500
19	0.02325	0.76479	0.01847	0.00663	0.00972	0.01433	0.00645	0.05760	0.03337	0.00999	0.00573	0.00648	0.00510	0.00342	0.00274	0.00086	0.02221	0.00218	0.00180	0.00491
20	0.01521	0.00884	0.07712	0.00767	0.01082	0.00786	0.00674	0.29610	0.01287	0.49851	0.01217	0.01109	0.00793	0.00451	0.00375	0.00115	0.00370	0.00356	0.00409	0.00632
21	0.02675	0.00865	0.04837	0.00789	0.01025	0.00918	0.02396	0.12193	0.59571	0.02678	0.04319	0.01418	0.01136	0.00512	0.00384	0.00126	0.00328	0.02889	0.00365	0.00577
22	0.00543	0.00365	0.00422	0.00432	0.00438	0.00364	0.00256	0.00557	0.00574	0.00764	0.01283	0.07864	0.01479	0.76588	0.01741	0.00340	0.00353	0.05154	0.00242	0.00239
23	0.00709	0.00667	0.01125	0.85913	0.02584	0.00834	0.01042	0.00959	0.00750	0.00959	0.00667	0.01000	0.00500	0.00375	0.00375	0.00125	0.00500	0.00333	0.00167	0.00417
24	0.00546	0.00364	0.00409	0.00409	0.00409	0.00364	0.00227	0.00546	0.00546	0.00727	0.01182	0.02455	0.01364	0.86815	0.01910	0.00364	0.00364	0.00546	0.00227	0.00227
25	0.01208	0.02509	0.01324	0.01484	0.32954	0.33730	0.07823	0.01378	0.00965	0.11958	0.00759	0.00878	0.00591	0.00370	0.00363	0.00107	0.00534	0.00311	0.00225	0.00529
26	0.00536	0.00402	0.00603	0.00603	0.00670	0.00469	0.00469	0.00670	0.00603	0.00871	0.01005	0.01474	0.00938	0.02814	0.85328	0.00603	0.01005	0.00402	0.00201	0.00335
27	0.01231	0.00952	0.01031	0.00847	0.02864	0.01053	0.00672	0.52308	0.26840	0.02037	0.01076	0.01048	0.00788	0.00457	0.00372	0.00114	0.00371	0.00358	0.00365	0.05214
28	0.00893	0.00794	0.02977	0.23733	0.17372	0.00831	0.07112	0.04140	0.02956	0.07531	0.02535	0.00991	0.00649	0.00408	0.00485	0.00116	0.12299	0.00337	0.00221	0.13617
29	0.00886	0.12393	0.51407	0.07077	0.04189	0.02713	0.03548	0.05072	0.00856	0.05581	0.00708	0.00822	0.00518	0.00360	0.00346	0.00112	0.00508	0.00284	0.00190	0.02432
30	0.00543	0.00363	0.00410	0.00413	0.00413	0.00362	0.00231	0.00545	0.00551	0.00734	0.01208	0.04922	0.01397	0.84303	0.01868	0.00358	0.00359	0.00561	0.00231	0.00230
31	0.00514	0.00350	0.00419	0.00450	0.00457	0.00343	0.00270	0.00537	0.00607	0.00809	0.01497	0.32406	0.01762	0.56321	0.01400	0.00288	0.00312	0.00731	0.00270	0.00255
32	0.02062	0.13198	0.09215	0.08988	0.20351	0.29650	0.06768	0.01248	0.00889	0.01041	0.00627	0.00791	0.00515	0.00364	0.00368	0.00107	0.02861	0.00285	0.00181	0.00491
33	0.00652	0.00326	0.00489	0.00489	0.00489	0.00326	0.00326	0.00489	0.00489	0.00652	0.00652	0.01140	0.00652	0.01303	0.01466	0.89084	0.00326	0.00326	0.00163	0.00163
34	0.04128	0.00699	0.00898	0.00690	0.00980	0.00646	0.00570	0.13338	0.01159	0.70719	0.01371	0.01205	0.00873	0.00459	0.00373	0.00116	0.00332	0.00367	0.00445	0.00632
35	0.00465	0.00332	0.00445	0.00532	0.00557	0.00312	0.00363	0.00537	0.00726	0.00967	0.02063	0.81942	0.02463	0.01168	0.00481	0.00154	0.00225	0.05613	0.00348	0.00307
36	0.00941	0.00885	0.01470	0.05403	0.70006	0.00900	0.03665	0.05778	0.03423	0.01287	0.00764	0.01004	0.00636	0.00359	0.00377	0.00114	0.00446	0.01755	0.00204	0.00583
37	0.04573	0.00680	0.00781	0.00586	0.00885	0.00572	0.00469	0.09537	0.00894	0.07584	0.00839	0.05659	0.00705	0.00367	0.00304	0.00075	0.00289	0.00296	0.02540	0.62365
38	0.00781	0.00670	0.00779	0.00560	0.00891	0.00509	0.00448	0.00967	0.02524	0.01230	0.00685	0.00791	0.00568	0.00283	0.00280	0.00057	0.00278	0.00227	0.00226	0.87247
39	0.82336	0.03283	0.00621	0.03392	0.00803	0.02324	0.00440	0.01105	0.00653	0.01622	0.00528	0.00624	0.00413	0.00349	0.00239	0.00115	0.00307	0.00208	0.00227	0.00409
40	0.00652	0.00362	0.00519	0.00514	0.00533	0.00376	0.00353	0.00594	0.05185	0.00729	0.00754	0.01229	0.00731	0.03936	0.10345	0.72054	0.00398	0.00346	0.00181	0.00207
41	0.00815	0.05627	0.01306	0.34292	0.29005	0.03241	0.05932	0.01040	0.01658	0.01081	0.04358	0.02958	0.00730	0.00475	0.02985	0.00133	0.03327	0.00365	0.00193	0.00478
42	0.01750	0.00882	0.05077	0.08411	0.49282	0.01795	0.04805	0.02028	0.01585	0.05043	0.00815	0.01017	0.02388	0.00369	0.00387	0.00110	0.02585	0.01158	0.00209	0.10304
43	0.00929	0.44858	0.30109	0.00827	0.01218	0.01198	0.02745	0.05813	0.06101	0.01128	0.01560	0.00767	0.00565	0.00357	0.00303	0.00100	0.00450	0.00259	0.00189	0.00521
44	0.00649	0.00328	0.00492	0.00492	0.00493	0.00329	0.00329	0.00493	0.00492	0.00657	0.00661	0.01149	0.00659	0.01341	0.03573	0.86862	0.00343	0.00328	0.00164	0.00167
45	0.00830	0.00837	0.01039	0.00907	0.00954	0.09718	0.03404	0.02666	0.00676	0.00943	0.00733	0.09233	0.00752	0.03453	0.07716	0.00195	0.54941	0.00407	0.00195	0.00399
46	0.00593	0.00411	0.00520	0.00481	0.00592	0.00373	0.00363	0.00771	0.02455	0.05633	0.64946	0.04919	0.12070	0.00762	0.00434	0.00118	0.00192	0.00666	0.00400	0.03299
47	0.86533	0.00713	0.00545	0.00489	0.00716	0.00825	0.00402	0.01095	0.00643	0.01674	0.00546	0.00636	0.00425	0.00351	0.00233	0.00115	0.00286	0.00208	0.03161	0.00404
48	0.00521	0.00383	0.00488	0.00462	0.00554	0.00350	0.00346	0.00689	0.01039	0.01449	0.75198	0.02894	0.12653	0.00788	0.00443	0.00119	0.00178	0.00691	0.00406	0.00350
49	0.00709	0.00667	0.01125	0.85913	0.02584	0.00834	0.01042	0.00959	0.00750	0.00959	0.00667	0.01000	0.00500	0.00375	0.00375	0.00125	0.00500	0.00333	0.00167	0.00417
50	0.00595	0.00417	0.00531	0.00493	0.00597	0.00393	0.00373	0.00818	0.05810	0.04651	0.73376	0.02694	0.06314	0.00747	0.00437	0.00119	0.00190	0.00657	0.00411	0.00377
51	0.00957	0.00854	0.01449	0.14189	0.60562	0.00873	0.05397	0.03663	0.00882	0.06437	0.00757	0.00964	0.00602	0.00351	0.00376	0.00115	0.00454	0.00343	0.00206	0.00568
52	0.08253	0.05805	0.15188	0.00901	0.02270	0.01886	0.09837	0.22543	0.06582	0.21577	0.00970	0.00976	0.00677	0.00410	0.00361	0.00115	0.00424	0.00335	0.00313	0.00577
53	0.01119	0.00897	0.00966	0.03471	0.01100	0.01020	0.00655	0.33751	0.49090	0.01861	0.01255	0.01192	0.00927	0.00482	0.00379	0.00121	0.00349	0.00388	0.00372	0.00606
54	0.61819	0.00859	0.00807	0.05793	0.11153	0.09392	0.03111	0.01143	0.00722	0.01493	0.00566	0.00691	0.00448	0.00351	0.00275	0.00114	0.00371	0.00238	0.00217	0.00436
55	0.00861	0.00819	0.01379	0.28108	0.56536	0.00875	0.01100	0.01118	0.03422	0.01154	0.00719	0.00965	0.00582	0.00352	0.00373	0.00116	0.00458	0.00337	0.00186	0.00539
56	0.00462	0.00330	0.00441	0.00528	0.00552	0.00309	0.00357	0.00531	0.00723	0.00963	0.02065	0.83850	0.02471	0.01171	0.00480	0.00153	0.00222	0.03738	0.00348	0.00306
57	0.00517	0.00383	0.00482	0.00457	0.00552	0.00348	0.00343	0.00681	0.01029	0.01427	0.71548	0.02930	0.16317	0.00796	0.00443	0.00119	0.00179	0.00696	0.00403	0.00348
58	0.10087	0.00654	0.00839	0.00652	0.00934	0.00593	0.00538	0.03891	0.01046	0.73426	0.01369	0.01205	0.00871	0.00452	0.00362	0.00116	0.00317	0.00359	0.01678	0.00612
59	0.00546	0.00364	0.00409	0.00409	0.00409	0.00364	0.00227	0.00546	0.00546	0.00727	0.01182	0.02455	0.01364	0.86815	0.01910	0.00364	0.00364	0.00546	0.00227	0.00227
60	0.00446	0.00380	0.00384	0.00383	0.00508	0.00318	0.00287	0.00544	0.00862	0.01029	0.06323	0.03585	0.81790	0.00944	0.00443	0.00126	0.00190	0.00788	0.00350	0.00318
61	0.02962	0.00946	0.01054	0.00810	0.01106	0.01010	0.00669	0.62128	0.01578	0.22311	0.01035	0.00987	0.00705	0.00452	0.00373	0.00113	0.00388	0.00345	0.00394	0.00634
62	0.21998	0.00659	0.00797	0.00627	0.00904	0.00619	0.00518	0.01660	0.00973	0.65515	0.01258	0.01122	0.00808	0.00437	0.00344	0.00116	0.00313	0.00337	0.00411	0.00585
63	0.00561	0.00447	0.00499	0.00475	0.00603	0.00424	0.00361	0.00827	0.13043	0.02218	0.30714	0.02996	0.42623	0.00819	0.00434	0.00124	0.00205	0.01877	0.00376	0.00374
64	0.00778	0.00667	0.00778	0.00556	0.00889	0.00500	0.00445	0.00945	0.00778	0.01223	0.00667	0.00778	0.00556	0.00278	0.00278	0.00056	0.00278	0.00222	0.00222	0.89108
65	0.00804	0.00521	0.00651	0.00572	0.00730	0.00504	0.02843	0.03147	0.13640	0.15005	0.33533	0.05325	0.15757	0.00687	0.00414	0.00120	0.00241	0.00593	0.04472	0.00440
66	0.00992	0.11298	0.01125	0.05464	0.01147	0.10135	0.06648	0.08204	0.42682	0.01384	0.01183	0.04567	0.01730	0.00479	0.00376	0.00118	0.01233	0.00395	0.00305	0.00535
67	0.00457	0.00334	0.00428	0.00502	0.00536	0.00308	0.00338	0.00525	0.00731	0.00959	0.02262	0.74407	0.12582	0.03081	0.00507	0.00154	0.00218	0.01021	0.00346	0.00304
68	0.07629	0.03224	0.06223	0.23954	0.25996	0.06332	0.07297	0.07032	0.03813	0.03901	0.00738	0.00923	0.00569	0.00368	0.00362	0.00116	0.00471	0.00324	0.00212	0.00515
69	0.00529	0.00373	0.00473	0.00479	0.00559	0.00339	0.00347	0.00657	0.00923	0.03786	0.43415	0.28902	0.15993	0.00914	0.00452	0.00130	0.00196	0.00808	0.00384	0.00341

[dist]
# distance from previous block
# <min> <max>
2	10

[block]
# block no. 6 follows, 73 sequences, length 95
# corresponding to MSA columns:
# 258-352
name=unknown_G
#
# <colnr> <probs for GDERKNQSTAVLIFYWHMCP>
#	G	D	E	R	K	N	Q	S	T	A	V	L	I	F	Y	W	H	M	C	P
0	0.01028	0.05487	0.01344	0.07430	0.46667	0.13950	0.02392	0.02650	0.06020	0.05905	0.00855	0.00999	0.02856	0.00381	0.00364	0.00110	0.00462	0.00335	0.00220	0.00546
1	0.00834	0.09852	0.10918	0.03069	0.10038	0.00767	0.01841	0.06189	0.14893	0.05261	0.08513	0.14694	0.05156	0.01664	0.00401	0.00121	0.00345	0.00496	0.00293	0.04657
2	0.00500	0.00393	0.00449	0.00443	0.00548	0.00354	0.00332	0.00648	0.03125	0.01188	0.31214	0.05142	0.44029	0.05092	0.00518	0.00138	0.00206	0.04980	0.00365	0.00334
3	0.00870	0.08916	0.08274	0.06024	0.37535	0.01847	0.00895	0.01102	0.02650	0.01175	0.00686	0.00854	0.00567	0.00330	0.00344	0.00095	0.01644	0.00286	0.00195	0.25710
4	0.03497	0.00934	0.01018	0.00789	0.01073	0.02025	0.00649	0.60260	0.01544	0.17336	0.01109	0.01072	0.03773	0.00468	0.00371	0.00113	0.00382	0.00358	0.02617	0.00611
5	0.00581	0.00395	0.00518	0.00480	0.00578	0.00363	0.00363	0.00757	0.01063	0.05122	0.80678	0.02736	0.03426	0.00754	0.00440	0.00118	0.00183	0.00665	0.00415	0.00366
6	0.00765	0.06321	0.80604	0.01047	0.01590	0.00903	0.01348	0.01185	0.00791	0.01172	0.00665	0.00782	0.00476	0.00355	0.00350	0.00117	0.00547	0.00273	0.00159	0.00551
7	0.00446	0.00380	0.00384	0.00383	0.00509	0.00318	0.00287	0.00544	0.00862	0.01030	0.06473	0.03584	0.81639	0.00944	0.00443	0.00126	0.00190	0.00788	0.00351	0.00318
8	0.01401	0.01788	0.01063	0.00967	0.01160	0.85309	0.00725	0.01498	0.01063	0.00918	0.00580	0.00677	0.00483	0.00387	0.00338	0.00097	0.00677	0.00242	0.00193	0.00435
9	0.00546	0.00364	0.00409	0.00409	0.00409	0.00364	0.00227	0.00546	0.00546	0.00727	0.01182	0.02455	0.01364	0.86815	0.01910	0.00364	0.00364	0.00546	0.00227	0.00227
10	0.00456	0.00330	0.00432	0.00514	0.00542	0.00305	0.00344	0.00523	0.00727	0.00961	0.02173	0.81538	0.07446	0.01162	0.00477	0.00151	0.00216	0.01050	0.00348	0.00305
11	0.00705	0.00375	0.00367	0.00365	0.00454	0.01783	0.00273	0.00879	0.00802	0.01395	0.04271	0.01438	0.01048	0.00448	0.00270	0.00089	0.00183	0.00360	0.84143	0.00351
12	0.00491	0.00382	0.00446	0.00430	0.00536	0.00337	0.00323	0.00631	0.00968	0.01282	0.47729	0.03169	0.40227	0.00850	0.00443	0.00122	0.00183	0.00730	0.00384	0.00337
13	0.00821	0.00821	0.01149	0.00985	0.00985	0.01149	0.00821	0.00903	0.00575	0.00903	0.00492	0.00821	0.00492	0.00657	0.01231	0.00164	0.86128	0.00328	0.00164	0.00410
14	0.00929	0.00891	0.01523	0.02303	0.84475	0.00891	0.01151	0.01151	0.00854	0.01226	0.00706	0.00929	0.00594	0.00334	0.00371	0.00111	0.00446	0.00334	0.00186	0.00594
15	0.00917	0.00924	0.01709	0.02108	0.62193	0.00907	0.23283	0.01165	0.00863	0.01219	0.00720	0.00951	0.00588	0.00329	0.00391	0.00115	0.00496	0.00364	0.00187	0.00570
16	0.00457	0.00326	0.00435	0.00522	0.00544	0.00305	0.00348	0.00522	0.00718	0.00958	0.02068	0.86570	0.02481	0.01175	0.00479	0.00152	0.00218	0.01067	0.00348	0.00305
17	0.00709	0.00667	0.01125	0.85913	0.02584	0.00834	0.01042	0.00959	0.00750	0.00959	0.00667	0.01000	0.00500	0.00375	0.00375	0.00125	0.00500	0.00333	0.00167	0.00417
18	0.05624	0.02079	0.01064	0.00827	0.01110	0.08920	0.00676	0.58659	0.04144	0.11752	0.00936	0.00922	0.00661	0.00441	0.00364	0.00112	0.00417	0.00328	0.00360	0.00605
19	0.00929	0.00891	0.01523	0.02303	0.84475	0.00891	0.01151	0.01151	0.00854	0.01226	0.00706	0.00929	0.00594	0.00334	0.00371	0.00111	0.00446	0.00334	0.00186	0.00594
20	0.00709	0.00667	0.01125	0.85913	0.02584	0.00834	0.01042	0.00959	0.00750	0.00959	0.00667	0.01000	0.00500	0.00375	0.00375	0.00125	0.00500	0.00333	0.00167	0.00417
21	0.00460	0.00328	0.00439	0.00526	0.00549	0.00307	0.00353	0.00527	0.00721	0.00961	0.02066	0.85028	0.02475	0.01173	0.00480	0.00153	0.00220	0.02581	0.00348	0.00305
22	0.01494	0.00681	0.00865	0.00692	0.00962	0.00648	0.00562	0.01870	0.21962	0.63735	0.01492	0.01308	0.00983	0.00476	0.00378	0.00119	0.00314	0.00389	0.00443	0.00627
23	0.00778	0.00667	0.00778	0.00556	0.00889	0.00500	0.00445	0.00945	0.00778	0.01223	0.00667	0.00778	0.00556	0.00278	0.00278	0.00056	0.00278	0.00222	0.00222	0.89108
24	0.00498	0.00377	0.00460	0.00451	0.00543	0.00338	0.00334	0.00640	0.00967	0.01307	0.52738	0.11776	0.26475	0.00862	0.00447	0.00124	0.00185	0.00751	0.00388	0.00338
25	0.00471	0.00336	0.00451	0.00538	0.00566	0.00317	0.00373	0.00547	0.00732	0.00973	0.02060	0.78769	0.02451	0.01162	0.00483	0.00154	0.00230	0.08729	0.00348	0.00309
26	0.00443	0.00380	0.00380	0.00380	0.00507	0.00317	0.00285	0.00538	0.00855	0.01014	0.03801	0.03611	0.84322	0.00950	0.00443	0.00127	0.00190	0.00792	0.00348	0.00317
27	0.00909	0.00867	0.01477	0.05512	0.78500	0.00874	0.01129	0.01131	0.00851	0.01212	0.00747	0.01041	0.00643	0.00359	0.00376	0.00114	0.00445	0.03045	0.00190	0.00579
28	0.00752	0.01941	0.84871	0.01069	0.01624	0.00871	0.01386	0.01188	0.00792	0.01188	0.00673	0.00792	0.00475	0.00356	0.00356	0.00119	0.00554	0.00277	0.00158	0.00554
29	0.00468	0.00381	0.00414	0.00406	0.00522	0.00327	0.00304	0.00585	0.00912	0.01149	0.26084	0.03387	0.61954	0.00899	0.00443	0.00124	0.00186	0.00760	0.00366	0.00327
30	0.00932	0.00813	0.00894	0.00791	0.01008	0.00934	0.03334	0.01967	0.81043	0.01557	0.01502	0.01387	0.01126	0.00503	0.00384	0.00127	0.00308	0.00425	0.00375	0.00591
31	0.00709	0.00667	0.01125	0.85913	0.02584	0.00834	0.01042	0.00959	0.00750	0.00959	0.00667	0.01000	0.00500	0.00375	0.00375	0.00125	0.00500	0.00333	0.00167	0.00417
32	0.00714	0.00677	0.01159	0.83323	0.02565	0.00837	0.03562	0.00966	0.00754	0.00966	0.00670	0.01001	0.00502	0.00373	0.00377	0.00125	0.00504	0.00337	0.00167	0.00420
33	0.00527	0.00383	0.00496	0.00468	0.00558	0.00352	0.00351	0.00701	0.01053	0.01483	0.80768	0.02838	0.07062	0.00775	0.00443	0.00118	0.00178	0.00683	0.00410	0.00352
34	0.01401	0.01788	0.01063	0.00967	0.01160	0.85309	0.00725	0.01498	0.01063	0.00918	0.00580	0.00677	0.00483	0.00387	0.00338	0.00097	0.00677	0.00242	0.00193	0.00435
35	0.00780	0.00722	0.01208	0.14322	0.50487	0.00740	0.02177	0.00970	0.00806	0.01120	0.01034	0.21891	0.01042	0.00546	0.00399	0.00124	0.00401	0.00515	0.00223	0.00496
36	0.00813	0.02017	0.08135	0.03152	0.06747	0.01673	0.26982	0.01138	0.09587	0.01204	0.01744	0.01122	0.00740	0.00612	0.07403	0.00160	0.10329	0.00382	0.15592	0.00468
37	0.12974	0.50834	0.01515	0.00716	0.00988	0.25623	0.00634	0.01229	0.00833	0.01000	0.00539	0.00624	0.00472	0.00344	0.00268	0.00090	0.00466	0.00213	0.00180	0.00458
38	0.00451	0.00380	0.00390	0.00388	0.00511	0.00320	0.00291	0.00553	0.00872	0.01054	0.10508	0.03543	0.77589	0.00935	0.00443	0.00126	0.00189	0.00782	0.00354	0.00320
39	0.00645	0.00328	0.00484	0.00484	0.00484	0.00328	0.00320	0.00492	0.00492	0.00656	0.00684	0.01220	0.00695	0.06491	0.01493	0.83702	0.00328	0.00339	0.00167	0.00167
40	0.00859	0.00953	0.01971	0.01439	0.01745	0.00954	0.66690	0.01128	0.00823	0.01137	0.00735	0.01030	0.00586	0.02654	0.02451	0.00149	0.13601	0.00427	0.00187	0.00481
41	0.01683	0.00638	0.00871	0.00668	0.00958	0.00551	0.00551	0.01828	0.01074	0.84734	0.01480	0.01277	0.00929	0.00464	0.00377	0.00116	0.00319	0.00377	0.00464	0.00638
42	0.00460	0.00328	0.00438	0.00525	0.00548	0.00307	0.00353	0.00527	0.00721	0.00961	0.02066	0.85167	0.02476	0.01173	0.00480	0.00153	0.00220	0.02445	0.00348	0.00305
43	0.00549	0.00421	0.00627	0.00620	0.00684	0.00499	0.00485	0.00680	0.00602	0.00872	0.00982	0.01445	0.00918	0.02717	0.81566	0.00583	0.04813	0.00399	0.00199	0.00338
44	0.00998	0.00838	0.00885	0.00777	0.01000	0.00963	0.00609	0.12595	0.73090	0.01673	0.01445	0.01335	0.01079	0.00501	0.00381	0.00125	0.00312	0.00413	0.00381	0.00600
45	0.25811	0.00689	0.00792	0.00630	0.00898	0.00677	0.00519	0.08549	0.01012	0.52097	0.03866	0.01111	0.00845	0.00441	0.00339	0.00116	0.00315	0.00336	0.00391	0.00565
46	0.89465	0.00726	0.00551	0.00493	0.00726	0.00842	0.00406	0.01103	0.00638	0.01683	0.00522	0.00609	0.00406	0.00348	0.00232	0.00116	0.00290	0.00203	0.00232	0.00406
47	0.04035	0.00542	0.00669	0.00651	0.05396	0.00538	0.01848	0.04710	0.12889	0.07275	0.36757	0.04008	0.17811	0.00690	0.00415	0.00121	0.00245	0.00594	0.00374	0.00431
48	0.00513	0.00381	0.00478	0.00460	0.00553	0.00346	0.00344	0.00670	0.01007	0.01388	0.65176	0.06559	0.18091	0.00821	0.00445	0.00122	0.00183	0.01720	0.00398	0.00345
49	0.00457	0.00328	0.00433	0.00517	0.00543	0.00305	0.00346	0.00523	0.00723	0.00960	0.02132	0.83477	0.05532	0.01167	0.00478	0.00151	0.00217	0.01056	0.00348	0.00305
50	0.00778	0.00667	0.00778	0.00556	0.00889	0.00500	0.00445	0.00945	0.00778	0.01223	0.00667	0.00778	0.00556	0.00278	0.00278	0.00056	0.00278	0.00222	0.00222	0.89108
51	0.01304	0.00963	0.01077	0.05168	0.03788	0.01067	0.00714	0.58313	0.15709	0.06456	0.01021	0.01012	0.00732	0.00454	0.00376	0.00116	0.00393	0.00354	0.00365	0.00618
52	0.00778	0.00667	0.00778	0.00556	0.00889	0.00500	0.00445	0.00945	0.00778	0.01223	0.00667	0.00778	0.00556	0.00278	0.00278	0.00056	0.00278	0.00222	0.00222	0.89108
53	0.00569	0.00398	0.00497	0.00477	0.00575	0.00365	0.00357	0.00732	0.02511	0.04893	0.53856	0.09321	0.17630	0.03463	0.00489	0.00131	0.00201	0.02791	0.00391	0.00356
54	0.04669	0.00895	0.00999	0.00784	0.01067	0.00956	0.00642	0.47350	0.12672	0.24318	0.01127	0.01059	0.00776	0.00458	0.00371	0.00116	0.00367	0.00355	0.00395	0.00624
55	0.00868	0.00723	0.00819	0.02001	0.03157	0.00809	0.01572	0.04024	0.58328	0.02517	0.18014	0.01641	0.01573	0.00548	0.00392	0.00124	0.00286	0.00467	0.01593	0.00541
56	0.00743	0.00390	0.00397	0.00384	0.00484	0.00396	0.00291	0.03131	0.03873	0.02729	0.01230	0.01384	0.00959	0.00441	0.00271	0.00090	0.00188	0.00353	0.81895	0.00371
57	0.00709	0.00667	0.01125	0.85913	0.02584	0.00834	0.01042	0.00959	0.00750	0.00959	0.00667	0.01000	0.00500	0.00375	0.00375	0.00125	0.00500	0.00333	0.00167	0.00417
58	0.00536	0.00402	0.00603	0.00603	0.00670	0.00469	0.00469	0.00670	0.00603	0.00871	0.01005	0.01474	0.00938	0.02814	0.85328	0.00603	0.01005	0.00402	0.00201	0.00335
59	0.03454	0.00795	0.02051	0.00791	0.01008	0.04823	0.07159	0.02805	0.43232	0.13477	0.01287	0.01321	0.00979	0.03424	0.11485	0.00193	0.00444	0.00402	0.00334	0.00536
60	0.00821	0.00821	0.01149	0.00985	0.00985	0.01149	0.00821	0.00903	0.00575	0.00903	0.00492	0.00821	0.00492	0.00657	0.01231	0.00164	0.86128	0.00328	0.00164	0.00410
61	0.00709	0.00667	0.01125	0.85913	0.02584	0.00834	0.01042	0.00959	0.00750	0.00959	0.00667	0.01000	0.00500	0.00375	0.00375	0.00125	0.00500	0.00333	0.00167	0.00417
62	0.00841	0.00687	0.00798	0.00579	0.00906	0.00544	0.00464	0.04583	0.03380	0.04056	0.00730	0.00819	0.00590	0.00299	0.00289	0.00062	0.00286	0.00239	0.00242	0.79607
63	0.00453	0.00343	0.00418	0.00478	0.00532	0.00308	0.00328	0.00527	0.00761	0.00975	0.02611	0.60572	0.28129	0.01105	0.00468	0.00144	0.00209	0.00980	0.00348	0.00308
64	0.01378	0.06713	0.01115	0.00948	0.01148	0.80466	0.00720	0.01476	0.01046	0.00916	0.00577	0.00672	0.00483	0.00383	0.00333	0.00096	0.00661	0.00239	0.00191	0.00438
65	0.00648	0.00327	0.00486	0.00486	0.00486	0.00327	0.00322	0.00491	0.00491	0.00655	0.00671	0.01189	0.00678	0.04491	0.01483	0.85777	0.00327	0.00334	0.00165	0.00165
66	0.07814	0.04243	0.04213	0.00902	0.08025	0.08313	0.00694	0.34180	0.08111	0.08802	0.03959	0.00981	0.00759	0.00424	0.00351	0.00108	0.00398	0.00326	0.00315	0.07081
67	0.00938	0.00903	0.01471	0.02178	0.77515	0.02516	0.01107	0.01212	0.06182	0.01242	0.00756	0.00954	0.00628	0.00346	0.00371	0.00112	0.00441	0.00338	0.00198	0.00591
68	0.00457	0.00326	0.00435	0.00522	0.00544	0.00305	0.00348	0.00522	0.00718	0.00958	0.02068	0.86570	0.02481	0.01175	0.00479	0.00152	0.00218	0.01067	0.00348	0.00305
69	0.00696	0.00612	0.00813	0.00742	0.00804	0.04041	0.02121	0.03814	0.00667	0.00953	0.00886	0.05089	0.00857	0.05621	0.42338	0.00381	0.26516	0.00407	0.02272	0.00370
70	0.00893	0.45536	0.40915	0.00847	0.01277	0.01191	0.00993	0.02595	0.00794	0.01052	0.00600	0.00696	0.00481	0.00340	0.00297	0.00099	0.00473	0.00239	0.00163	0.00519
71	0.00563	0.00412	0.00517	0.00485	0.00583	0.00393	0.00365	0.00799	0.06839	0.01490	0.72990	0.02676	0.05681	0.00742	0.00432	0.00118	0.00186	0.00652	0.03707	0.00370
72	0.81920	0.03032	0.03367	0.00555	0.01994	0.00861	0.01437	0.01108	0.00653	0.01634	0.00533	0.00625	0.00415	0.00347	0.00241	0.00115	0.00308	0.00210	0.00227	0.00417
73	0.00546	0.00364	0.00409	0.00409	0.00409	0.00364	0.00227	0.00546	0.00546	0.00727	0.01182	0.02455	0.01364	0.86815	0.01910	0.00364	0.00364	0.00546	0.00227	0.00227
74	0.01165	0.00902	0.00968	0.00794	0.01043	0.01009	0.00638	0.45812	0.32582	0.01983	0.06407	0.02905	0.01048	0.00507	0.00384	0.00119	0.00350	0.00406	0.00380	0.00597
75	0.13097	0.12449	0.01049	0.01989	0.00942	0.00940	0.01724	0.08518	0.03709	0.11323	0.02380	0.00978	0.00690	0.02062	0.09299	0.00176	0.23582	0.00318	0.00249	0.04528
76	0.00480	0.00349	0.00456	0.00531	0.00565	0.00333	0.00362	0.00590	0.03795	0.01006	0.05245	0.77153	0.03703	0.01129	0.00474	0.00150	0.00221	0.02787	0.00352	0.00318
77	0.00775	0.00660	0.00770	0.00559	0.00880	0.00502	0.00445	0.02059	0.00789	0.01228	0.00722	0.03938	0.00628	0.00313	0.00287	0.00060	0.00277	0.00255	0.00229	0.84625
78	0.04021	0.05814	0.11884	0.00785	0.02005	0.03001	0.05332	0.05666	0.02847	0.22077	0.00905	0.00976	0.00668	0.00390	0.00379	0.00100	0.04559	0.01527	0.00279	0.26787
79	0.34909	0.12326	0.00992	0.00763	0.02081	0.39344	0.00601	0.01282	0.00849	0.01209	0.00550	0.00648	0.00455	0.00369	0.00305	0.00104	0.02354	0.00225	0.00203	0.00432
80	0.01050	0.00821	0.05683	0.03949	0.14702	0.00753	0.16240	0.08086	0.04088	0.21363	0.09965	0.01434	0.05555	0.00480	0.00423	0.00121	0.02651	0.01793	0.00309	0.00534
81	0.00993	0.00839	0.00907	0.00833	0.04099	0.00960	0.00629	0.11897	0.70684	0.01654	0.01420	0.01321	0.01063	0.00495	0.00381	0.00125	0.00317	0.00410	0.00374	0.00599
82	0.00970	0.01014	0.13011	0.03677	0.57031	0.02802	0.01077	0.01210	0.00869	0.09043	0.02027	0.00961	0.00647	0.00356	0.00367	0.00111	0.00445	0.00329	0.00213	0.03840
83	0.01245	0.00890	0.10116	0.00761	0.01059	0.00781	0.00674	0.14411	0.24026	0.31888	0.01267	0.01228	0.00894	0.00462	0.00372	0.00116	0.00351	0.02140	0.00374	0.06945
84	0.05336	0.05564	0.11688	0.01303	0.05546	0.03014	0.44125	0.14597	0.01006	0.03051	0.00756	0.00920	0.00563	0.00350	0.00394	0.00119	0.00545	0.00370	0.00222	0.00532
85	0.00613	0.00450	0.00654	0.00718	0.00814	0.00448	0.03138	0.00790	0.00864	0.01125	0.01949	0.04133	0.02110	0.01014	0.00516	0.00171	0.00354	0.79446	0.00341	0.00350
86	0.00568	0.00446	0.00546	0.00506	0.00624	0.02226	0.03420	0.00724	0.02204	0.03767	0.41430	0.08909	0.31581	0.00823	0.00440	0.00123	0.00218	0.00715	0.00374	0.00357
87	0.01596	0.00751	0.06592	0.00730	0.02318	0.00608	0.00625	0.05670	0.01084	0.73819	0.01386	0.01221	0.00879	0.00454	0.00376	0.00116	0.00342	0.00368	0.00435	0.00632
88	0.00904	0.00983	0.07152	0.15955	0.44394	0.07373	0.03060	0.02749	0.00835	0.01137	0.00695	0.02506	0.00586	0.00399	0.00464	0.00120	0.09639	0.00339	0.00186	0.00523
89	0.00604	0.00496	0.00627	0.00619	0.00693	0.05821	0.00477	0.00744	0.01743	0.00899	0.01006	0.02662	0.00940	0.04456	0.71822	0.00530	0.01966	0.00402	0.03151	0.00343
90	0.01177	0.00772	0.00946	0.00860	0.06615	0.00821	0.02515	0.08049	0.41205	0.26351	0.01405	0.01313	0.02394	0.00521	0.01724	0.00130	0.01821	0.00402	0.00381	0.00597
91	0.00460	0.00337	0.00432	0.00501	0.00540	0.00309	0.00340	0.00536	0.00757	0.00999	0.07364	0.70508	0.13297	0.01121	0.00472	0.00147	0.00212	0.01007	0.00352	0.00309
