[name]
unknown

[dist]
# distance from previous block
# <min> <max>
0	40

[block]
# block no. 0 follows, 65 sequences, length 39
# corresponding to MSA columns:
# 40-78
name=unknown_A
#
# <colnr> <probs for GDERKNQSTAVLIFYWHMCP>
#	G	D	E	R	K	N	Q	S	T	A	V	L	I	F	Y	W	H	M	C	P
0	0.00677	0.00635	0.08805	0.00797	0.00942	0.00520	0.00746	0.00895	0.00937	0.01235	0.02032	0.04260	0.02181	0.01061	0.00550	0.00183	0.00400	0.72386	0.00358	0.00400
1	0.01221	0.00985	0.01181	0.00943	0.01235	0.01072	0.08640	0.34116	0.33590	0.03178	0.04237	0.01289	0.01027	0.00507	0.00418	0.00128	0.00407	0.00426	0.00388	0.05011
2	0.01480	0.01135	0.01337	0.01017	0.01350	0.01240	0.08718	0.70496	0.05118	0.02426	0.00998	0.01020	0.00713	0.00481	0.00418	0.00125	0.00470	0.00385	0.00391	0.00682
3	0.00769	0.00714	0.01194	0.69274	0.09494	0.00861	0.01076	0.01020	0.00827	0.01074	0.00884	0.09372	0.00769	0.00493	0.00421	0.00138	0.00512	0.00444	0.00204	0.00461
4	0.00629	0.00483	0.00686	0.00677	0.00766	0.00563	0.00527	0.00875	0.08688	0.01028	0.01156	0.01605	0.01049	0.02831	0.75730	0.00609	0.01023	0.00442	0.00239	0.00394
5	0.00783	0.00730	0.01194	0.76326	0.02645	0.00876	0.01076	0.01047	0.00824	0.01077	0.00730	0.01070	0.00553	0.00400	0.00400	0.00129	0.00523	0.00353	0.00188	0.09076
6	0.00616	0.00474	0.00647	0.00705	0.08714	0.00442	0.00467	0.00807	0.01120	0.01571	0.68072	0.02939	0.10240	0.00810	0.00477	0.00129	0.00224	0.00716	0.00421	0.00410
7	0.00830	0.14141	0.63443	0.01028	0.01551	0.00991	0.01280	0.01220	0.00869	0.01233	0.01049	0.01140	0.08620	0.00448	0.00381	0.00125	0.00543	0.00347	0.00194	0.00569
8	0.00637	0.08839	0.00806	0.00664	0.00765	0.00622	0.00532	0.00782	0.00677	0.00954	0.01047	0.01519	0.00977	0.02810	0.75715	0.00603	0.01035	0.00418	0.00216	0.00382
9	0.01424	0.00907	0.01236	0.00977	0.01210	0.06739	0.10586	0.05385	0.01029	0.40076	0.01125	0.01166	0.00791	0.00586	0.02220	0.00151	0.23052	0.00395	0.00353	0.00592
10	0.00500	0.00357	0.00476	0.00572	0.00595	0.00333	0.00381	0.00572	0.00786	0.01048	0.02262	0.85306	0.02715	0.01286	0.00524	0.00167	0.00238	0.01167	0.00381	0.00333
11	0.01016	0.00975	0.01666	0.02520	0.83013	0.00975	0.01260	0.01260	0.00935	0.01341	0.00772	0.01016	0.00650	0.00366	0.00406	0.00122	0.00488	0.00366	0.00203	0.00650
12	0.01243	0.00995	0.06334	0.06229	0.02762	0.00973	0.08244	0.36505	0.05991	0.10870	0.14251	0.01408	0.01248	0.00527	0.00429	0.00128	0.00430	0.00446	0.00377	0.00610
13	0.00898	0.00898	0.01257	0.01078	0.01078	0.01257	0.00898	0.00988	0.00629	0.00988	0.00539	0.00898	0.00539	0.00718	0.01347	0.00180	0.84823	0.00359	0.00180	0.00449
14	0.00797	0.00752	0.01271	0.77071	0.10172	0.00918	0.01151	0.01068	0.00831	0.01076	0.00733	0.01087	0.00557	0.00406	0.00410	0.00135	0.00542	0.00365	0.00184	0.00474
15	0.00893	0.00849	0.01443	0.44598	0.41899	0.00943	0.01198	0.01152	0.00876	0.01191	0.00750	0.01056	0.00597	0.00389	0.00408	0.00130	0.00518	0.00365	0.00193	0.00551
16	0.01097	0.85821	0.02151	0.00702	0.01054	0.01624	0.00702	0.01229	0.00834	0.00966	0.00571	0.00658	0.00527	0.00351	0.00263	0.00088	0.00439	0.00219	0.00176	0.00527
17	0.20793	0.01664	0.55107	0.00994	0.01489	0.00913	0.02617	0.01348	0.00861	0.09485	0.00788	0.00878	0.00554	0.00399	0.00363	0.00129	0.00517	0.00299	0.00225	0.00578
18	0.00581	0.00391	0.00452	0.00468	0.00471	0.00388	0.00270	0.00593	0.00627	0.00836	0.01449	0.15974	0.01689	0.72018	0.01838	0.00361	0.00372	0.00689	0.00270	0.00262
19	0.00491	0.00416	0.00423	0.00422	0.00558	0.00349	0.00316	0.00600	0.00949	0.01140	0.08660	0.03900	0.78326	0.01028	0.00485	0.00138	0.00207	0.00859	0.00385	0.00349
20	0.00893	0.21741	0.61488	0.01080	0.01620	0.01114	0.04158	0.01284	0.00863	0.01222	0.00701	0.00826	0.00525	0.00379	0.00364	0.00120	0.00570	0.00290	0.00175	0.00586
21	0.00713	0.00357	0.00535	0.00535	0.00535	0.00357	0.00357	0.00535	0.00535	0.00713	0.00713	0.01248	0.00713	0.01426	0.01604	0.88057	0.00357	0.00357	0.00178	0.00178
22	0.00504	0.00426	0.00438	0.00438	0.00572	0.00366	0.00327	0.00639	0.03126	0.01147	0.07497	0.07080	0.73973	0.01028	0.00485	0.00139	0.00212	0.00862	0.00385	0.00356
23	0.01016	0.00975	0.01666	0.02520	0.83013	0.00975	0.01260	0.01260	0.00935	0.01341	0.00772	0.01016	0.00650	0.00366	0.00406	0.00122	0.00488	0.00366	0.00203	0.00650
24	0.75278	0.00818	0.00676	0.00588	0.00850	0.00935	0.00483	0.07176	0.03324	0.05771	0.00686	0.00752	0.00515	0.00401	0.00278	0.00127	0.00329	0.00250	0.00283	0.00482
25	0.00515	0.00368	0.00493	0.00586	0.00617	0.00346	0.00405	0.00599	0.00807	0.01075	0.03795	0.76867	0.02707	0.01265	0.00527	0.00168	0.00249	0.07889	0.00382	0.00338
26	0.00500	0.00359	0.00474	0.00567	0.00594	0.00334	0.00379	0.00572	0.00791	0.01050	0.02323	0.82726	0.05256	0.01278	0.00523	0.00166	0.00237	0.01157	0.00381	0.00334
27	0.01796	0.00741	0.00975	0.00751	0.01067	0.00670	0.00619	0.08569	0.03417	0.74453	0.01569	0.01367	0.00996	0.00508	0.00413	0.00127	0.00357	0.00411	0.00498	0.00697
28	0.03366	0.00544	0.00647	0.00585	0.00735	0.00542	0.00450	0.03238	0.14026	0.08306	0.50849	0.02562	0.07913	0.00744	0.00452	0.00130	0.00238	0.00641	0.03569	0.00462
29	0.00851	0.00730	0.00851	0.00608	0.00973	0.00547	0.00486	0.01034	0.00851	0.01338	0.00730	0.00851	0.00608	0.00304	0.00304	0.00061	0.00304	0.00243	0.00243	0.88083
30	0.00597	0.00398	0.00448	0.00448	0.00448	0.00398	0.00249	0.00597	0.00597	0.00796	0.01293	0.02686	0.01492	0.85574	0.02089	0.00398	0.00398	0.00597	0.00249	0.00249
31	0.00593	0.00417	0.00538	0.00508	0.00605	0.00387	0.00381	0.00786	0.01143	0.01639	0.77666	0.02970	0.03695	0.00816	0.00472	0.00127	0.00194	0.00720	0.05957	0.00387
32	0.00500	0.00357	0.00476	0.00572	0.00595	0.00333	0.00381	0.00572	0.00786	0.01048	0.02262	0.85306	0.02715	0.01286	0.00524	0.00167	0.00238	0.01167	0.00381	0.00333
33	0.00857	0.00847	0.01249	0.01063	0.01099	0.01133	0.06527	0.00967	0.00665	0.01012	0.00706	0.06278	0.00715	0.00889	0.06873	0.00209	0.67845	0.00424	0.00197	0.00443
34	0.03572	0.00814	0.01022	0.00796	0.01092	0.00806	0.00657	0.18680	0.03861	0.56783	0.01397	0.01268	0.00914	0.00517	0.00468	0.00130	0.05690	0.00398	0.00459	0.00676
35	0.14612	0.17446	0.02862	0.00625	0.00849	0.00823	0.00535	0.08239	0.01082	0.08427	0.35903	0.01863	0.03977	0.00607	0.00390	0.00120	0.00307	0.00490	0.00359	0.00481
36	0.01100	0.04139	0.01248	0.01085	0.10112	0.04898	0.10777	0.23879	0.09380	0.03735	0.07740	0.02894	0.06148	0.00687	0.05682	0.00157	0.00477	0.00456	0.00328	0.05079
37	0.02290	0.08689	0.15911	0.02042	0.01312	0.12476	0.03610	0.23872	0.02655	0.05773	0.02047	0.01049	0.02167	0.00490	0.00499	0.00126	0.10243	0.01349	0.00282	0.03116
38	0.05053	0.13987	0.06258	0.03195	0.01180	0.20176	0.00755	0.19928	0.03837	0.04824	0.02877	0.06362	0.03941	0.00536	0.00436	0.00122	0.05310	0.00394	0.00291	0.00538

[dist]
# distance from previous block
# <min> <max>
0	28

[block]
# block no. 1 follows, 65 sequences, length 24
# corresponding to MSA columns:
# 107-130
name=unknown_B
#
# <colnr> <probs for GDERKNQSTAVLIFYWHMCP>
#	G	D	E	R	K	N	Q	S	T	A	V	L	I	F	Y	W	H	M	C	P
0	0.01088	0.04320	0.14600	0.02604	0.06769	0.04638	0.24667	0.12107	0.03559	0.09453	0.04314	0.07997	0.00967	0.00497	0.00434	0.00131	0.00522	0.00469	0.00287	0.00574
1	0.00865	0.13511	0.20118	0.17008	0.04601	0.05978	0.00924	0.01189	0.07638	0.02202	0.05260	0.09031	0.06464	0.00574	0.00406	0.00130	0.00461	0.02880	0.00256	0.00505
2	0.01030	0.00529	0.00651	0.00583	0.00753	0.00499	0.00453	0.01274	0.07885	0.26428	0.16316	0.11379	0.07821	0.00705	0.00419	0.00128	0.00262	0.02376	0.20016	0.00494
3	0.00888	0.00846	0.01529	0.41083	0.15264	0.00923	0.20226	0.03439	0.00899	0.02752	0.00818	0.01152	0.00643	0.02433	0.05216	0.00170	0.00594	0.00404	0.00208	0.00512
4	0.01061	0.03065	0.10460	0.19725	0.15409	0.04267	0.17113	0.14938	0.03094	0.03845	0.00874	0.02732	0.00676	0.00425	0.00420	0.00130	0.00544	0.00396	0.00249	0.00577
5	0.00848	0.00849	0.01572	0.55695	0.10641	0.00950	0.21254	0.01136	0.00869	0.01144	0.00759	0.01090	0.00576	0.00390	0.00429	0.00136	0.00577	0.00395	0.00191	0.00500
6	0.00586	0.00440	0.00660	0.00660	0.00733	0.00513	0.00513	0.00733	0.00660	0.00953	0.01100	0.01613	0.01026	0.03079	0.83947	0.00660	0.01100	0.00440	0.00220	0.00367
7	0.03106	0.00676	0.00937	0.09033	0.04392	0.00645	0.01688	0.05587	0.01076	0.47929	0.01566	0.12049	0.03478	0.00694	0.03446	0.00152	0.00389	0.00510	0.02055	0.00592
8	0.00972	0.09615	0.54426	0.06145	0.01714	0.03071	0.06393	0.05897	0.00953	0.05941	0.00788	0.00910	0.00567	0.00398	0.00387	0.00126	0.00573	0.00320	0.00210	0.00594
9	0.00528	0.00434	0.00467	0.00456	0.00588	0.00382	0.00343	0.00694	0.04048	0.01261	0.22959	0.03647	0.60804	0.00973	0.00482	0.00136	0.00209	0.00821	0.00400	0.00368
10	0.00591	0.00397	0.00458	0.00469	0.00474	0.00395	0.00274	0.00603	0.00625	0.00833	0.01409	0.10040	0.01630	0.75254	0.01899	0.00370	0.00383	0.03369	0.00265	0.00261
11	0.03629	0.00902	0.05363	0.08291	0.24966	0.02238	0.05697	0.08435	0.03980	0.04995	0.03685	0.05434	0.02993	0.03416	0.05021	0.00172	0.07246	0.02726	0.00269	0.00540
12	0.01231	0.70536	0.01936	0.00707	0.01053	0.01441	0.00685	0.01368	0.00895	0.15750	0.00759	0.00791	0.00615	0.00379	0.00290	0.00095	0.00423	0.00254	0.00235	0.00558
13	0.00544	0.00415	0.00500	0.00486	0.00592	0.00370	0.00361	0.00700	0.01064	0.01431	0.51653	0.08008	0.30518	0.00932	0.00487	0.00134	0.00201	0.00808	0.00424	0.00370
14	0.00828	0.02092	0.80967	0.01187	0.01788	0.00956	0.03965	0.01300	0.00870	0.01300	0.00740	0.00874	0.00523	0.00389	0.00393	0.00130	0.00609	0.00309	0.00174	0.00605
15	0.05870	0.03975	0.06934	0.11743	0.19178	0.09321	0.08642	0.08748	0.04536	0.04002	0.02299	0.04222	0.00809	0.00512	0.01493	0.00137	0.04593	0.02180	0.00254	0.00551
16	0.00512	0.00366	0.00490	0.00585	0.00614	0.00344	0.00402	0.00592	0.00798	0.01061	0.02256	0.79265	0.02689	0.01275	0.00527	0.00168	0.00249	0.07088	0.00381	0.00337
17	0.00525	0.00417	0.00471	0.00458	0.00579	0.00364	0.00343	0.00666	0.01030	0.01333	0.36900	0.03582	0.49966	0.00956	0.00485	0.00135	0.00202	0.00815	0.00411	0.00364
18	0.02555	0.24081	0.15698	0.02737	0.05987	0.14201	0.11600	0.07417	0.01013	0.05910	0.00826	0.04690	0.00684	0.00433	0.00373	0.00117	0.00539	0.00352	0.00234	0.00554
19	0.01081	0.24285	0.24635	0.01077	0.02676	0.17249	0.08396	0.03605	0.00927	0.01154	0.00664	0.00818	0.00542	0.00424	0.00478	0.00120	0.10837	0.00300	0.00192	0.00539
20	0.01008	0.01039	0.06255	0.03563	0.28531	0.03175	0.21805	0.01463	0.17411	0.04190	0.01003	0.01170	0.00781	0.00546	0.04486	0.00157	0.02147	0.00415	0.00257	0.00598
21	0.00550	0.00452	0.00547	0.11064	0.00854	0.00430	0.00437	0.00686	0.00920	0.01161	0.12175	0.08156	0.50987	0.03258	0.02387	0.00157	0.00278	0.02127	0.03010	0.00364
22	0.00882	0.10429	0.30023	0.00954	0.05051	0.04869	0.02834	0.03725	0.03761	0.04138	0.04629	0.06712	0.04675	0.07673	0.07709	0.00194	0.00534	0.00446	0.00250	0.00512
23	0.00745	0.02443	0.00680	0.00622	0.00738	0.03367	0.01770	0.05967	0.00960	0.05221	0.13243	0.15125	0.17762	0.14072	0.03026	0.00199	0.02255	0.11056	0.00356	0.00393

[dist]
# distance from previous block
# <min> <max>
3	40

[block]
# block no. 2 follows, 65 sequences, length 61
# corresponding to MSA columns:
# 171-231
name=unknown_C
#
# <colnr> <probs for GDERKNQSTAVLIFYWHMCP>
#	G	D	E	R	K	N	Q	S	T	A	V	L	I	F	Y	W	H	M	C	P
0	0.25902	0.06615	0.16011	0.03056	0.01272	0.02382	0.07814	0.12305	0.02199	0.08256	0.02408	0.00969	0.01545	0.00450	0.00435	0.00130	0.07103	0.00331	0.00272	0.00546
1	0.00831	0.00834	0.07562	0.19239	0.13746	0.02139	0.08304	0.01105	0.05399	0.04856	0.08283	0.16442	0.04390	0.01738	0.00496	0.00143	0.03143	0.00575	0.00282	0.00493
2	0.07428	0.01051	0.01127	0.00882	0.01194	0.01153	0.00724	0.59501	0.10363	0.09561	0.01083	0.01057	0.00767	0.00491	0.00399	0.00125	0.00418	0.00372	0.00407	0.01899
3	0.00782	0.00736	0.01243	0.82318	0.05045	0.00914	0.01143	0.01055	0.00824	0.01057	0.00731	0.01092	0.00550	0.00409	0.00410	0.00136	0.00546	0.00365	0.00183	0.00461
4	0.00499	0.00360	0.00474	0.00564	0.00593	0.00334	0.00378	0.00572	0.00793	0.01051	0.02350	0.81536	0.06428	0.01275	0.00522	0.00165	0.00237	0.01153	0.00381	0.00334
5	0.01101	0.13342	0.01413	0.28291	0.14707	0.14339	0.03758	0.02515	0.02576	0.08751	0.03220	0.01052	0.00718	0.00426	0.00405	0.00122	0.02147	0.00349	0.00236	0.00531
6	0.00926	0.00982	0.01834	0.06889	0.11959	0.04104	0.45533	0.02185	0.02708	0.01266	0.01019	0.11100	0.00918	0.00508	0.00507	0.00141	0.04195	0.02466	0.00236	0.00526
7	0.00506	0.00362	0.00483	0.00574	0.00602	0.00338	0.00387	0.00584	0.00801	0.01070	0.04638	0.81083	0.02741	0.01269	0.00524	0.00166	0.00240	0.02914	0.00383	0.00336
8	0.00578	0.00419	0.00544	0.00513	0.00611	0.00386	0.00385	0.00768	0.01154	0.01627	0.80063	0.03097	0.06618	0.00846	0.00484	0.00129	0.00194	0.00747	0.00449	0.00386
9	0.00851	0.00730	0.00851	0.00608	0.00973	0.00547	0.00486	0.01034	0.00851	0.01338	0.00730	0.00851	0.00608	0.00304	0.00304	0.00061	0.00304	0.00243	0.00243	0.88083
10	0.01414	0.01114	0.01246	0.00976	0.01288	0.03336	0.05934	0.58605	0.17850	0.02291	0.01103	0.01096	0.00799	0.00494	0.00416	0.00127	0.00449	0.00393	0.00394	0.00673
11	0.00522	0.00411	0.00471	0.00468	0.00580	0.00360	0.00346	0.00656	0.01004	0.01300	0.32892	0.11711	0.45837	0.00990	0.00489	0.00138	0.00206	0.00851	0.00407	0.00360
12	0.83976	0.00812	0.00636	0.00561	0.00819	0.00939	0.00462	0.05369	0.00762	0.01880	0.00593	0.00683	0.00458	0.00387	0.00262	0.00127	0.00324	0.00230	0.00262	0.00458
13	0.02378	0.00929	0.05115	0.15829	0.07917	0.04138	0.04780	0.07548	0.19732	0.04417	0.02346	0.03389	0.02788	0.00482	0.00420	0.00123	0.02305	0.00407	0.01341	0.13616
14	0.00593	0.00399	0.00447	0.00447	0.00451	0.00396	0.00251	0.00597	0.00608	0.00806	0.01385	0.02727	0.04108	0.82856	0.02038	0.00390	0.00392	0.00606	0.00253	0.00252
15	0.00596	0.00400	0.00457	0.00457	0.00461	0.00403	0.00261	0.00603	0.00600	0.00803	0.01284	0.02637	0.01471	0.81772	0.05862	0.00410	0.00430	0.00590	0.00247	0.00254
16	0.01021	0.00882	0.00928	0.00835	0.01067	0.01021	0.00650	0.02181	0.82272	0.01717	0.01671	0.01532	0.01253	0.00557	0.00418	0.00139	0.00325	0.00464	0.00418	0.00650
17	0.02585	0.01032	0.13746	0.20294	0.20201	0.00859	0.06025	0.02232	0.01786	0.03249	0.00774	0.00982	0.00605	0.00379	0.00404	0.00115	0.02463	0.00333	0.00217	0.21718
18	0.00500	0.00357	0.00476	0.00572	0.00595	0.00333	0.00381	0.00572	0.00786	0.01048	0.02262	0.85306	0.02715	0.01286	0.00524	0.00167	0.00238	0.01167	0.00381	0.00333
19	0.00876	0.00744	0.00864	0.00620	0.00983	0.00572	0.00497	0.03836	0.00889	0.01381	0.00738	0.00856	0.00611	0.00311	0.00308	0.00063	0.00309	0.00248	0.00249	0.85046
20	0.00500	0.00357	0.00476	0.00572	0.00595	0.00333	0.00381	0.00572	0.00786	0.01048	0.02262	0.85306	0.02715	0.01286	0.00524	0.00167	0.00238	0.01167	0.00381	0.00333
21	0.00981	0.01531	0.47277	0.05572	0.06642	0.00888	0.01181	0.05053	0.07894	0.10803	0.07337	0.01183	0.00919	0.00457	0.00405	0.00130	0.00503	0.00374	0.00267	0.00603
22	0.00934	0.07174	0.28446	0.15140	0.25391	0.02109	0.11147	0.01261	0.00898	0.02595	0.00759	0.00969	0.00583	0.00381	0.00401	0.00127	0.00559	0.00349	0.00194	0.00583
23	0.01836	0.00708	0.00958	0.00735	0.01052	0.00617	0.00607	0.03584	0.01190	0.81693	0.01607	0.01389	0.01010	0.00508	0.00413	0.00127	0.00351	0.00412	0.00506	0.00699
24	0.00597	0.00398	0.00448	0.00448	0.00448	0.00398	0.00249	0.00597	0.00597	0.00796	0.01293	0.02686	0.01492	0.85574	0.02089	0.00398	0.00398	0.00597	0.00249	0.00249
25	0.00669	0.05035	0.03819	0.00647	0.00746	0.00514	0.00505	0.00789	0.00776	0.06647	0.01680	0.44307	0.01836	0.01706	0.26790	0.00314	0.01719	0.00792	0.00317	0.00391
26	0.00651	0.00469	0.00603	0.03594	0.00735	0.00455	0.01728	0.03190	0.02202	0.03445	0.15984	0.16414	0.28412	0.01068	0.02189	0.15117	0.02309	0.00730	0.00346	0.00358
27	0.00866	0.04018	0.57917	0.01300	0.01840	0.00985	0.23272	0.01294	0.00898	0.01301	0.02067	0.00962	0.00602	0.00384	0.00414	0.00131	0.00619	0.00357	0.00187	0.00587
28	0.01120	0.76061	0.05381	0.00745	0.01099	0.05155	0.00742	0.03836	0.00885	0.01033	0.00594	0.00681	0.00532	0.00360	0.00278	0.00091	0.00459	0.00230	0.00185	0.00533
29	0.02247	0.13718	0.23164	0.09591	0.07117	0.03881	0.05945	0.12499	0.03361	0.09138	0.00857	0.00974	0.00638	0.00463	0.01596	0.00132	0.03502	0.00338	0.00253	0.00586
30	0.00843	0.00799	0.01366	0.41671	0.29095	0.00887	0.05731	0.01093	0.00877	0.01187	0.04843	0.03011	0.02123	0.00522	0.02816	0.00148	0.01842	0.00418	0.00212	0.00516
31	0.04678	0.00764	0.01259	0.70415	0.12959	0.00920	0.01125	0.01083	0.00830	0.01121	0.00728	0.01066	0.00556	0.00403	0.00403	0.00134	0.00529	0.00359	0.00188	0.00480
32	0.06447	0.00825	0.01039	0.06795	0.01222	0.02291	0.03055	0.18487	0.02219	0.45983	0.01327	0.04127	0.00919	0.00515	0.00420	0.00129	0.01616	0.00415	0.01532	0.00638
33	0.00493	0.00417	0.00428	0.00434	0.00569	0.00352	0.00329	0.00600	0.00933	0.01113	0.04028	0.05791	0.77476	0.01049	0.00490	0.00141	0.00216	0.04411	0.00381	0.00348
34	0.01509	0.01101	0.01177	0.00908	0.01222	0.01216	0.00749	0.76468	0.01861	0.02519	0.01008	0.01020	0.00721	0.00492	0.00403	0.00121	0.00435	0.00370	0.06020	0.00678
35	0.01227	0.04702	0.06029	0.05490	0.25112	0.04252	0.02926	0.09426	0.01081	0.21499	0.04892	0.01287	0.00930	0.02278	0.00470	0.00131	0.03052	0.01882	0.02734	0.00600
36	0.00775	0.00730	0.01231	0.84587	0.02827	0.00912	0.01140	0.01049	0.00821	0.01049	0.00730	0.01094	0.00547	0.00410	0.00410	0.00137	0.00547	0.00365	0.00182	0.00456
37	0.00848	0.00740	0.01161	0.64703	0.04315	0.00891	0.01024	0.02520	0.09522	0.04157	0.05409	0.01257	0.00828	0.00454	0.00415	0.00136	0.00494	0.00398	0.00238	0.00490
38	0.00585	0.00425	0.00582	0.02258	0.00747	0.00424	0.00516	0.00707	0.00838	0.01108	0.02098	0.43253	0.02400	0.05290	0.02283	0.00196	0.01706	0.33867	0.00363	0.00353
39	0.00577	0.00419	0.00543	0.00512	0.00611	0.00385	0.00384	0.00766	0.01152	0.01622	0.79200	0.03107	0.07485	0.00848	0.00484	0.00130	0.00194	0.00748	0.00449	0.00385
40	0.01646	0.00893	0.01051	0.00811	0.01121	0.00906	0.00668	0.39451	0.01512	0.40512	0.01305	0.01211	0.00868	0.00499	0.00404	0.00123	0.00388	0.00391	0.05560	0.00680
41	0.00843	0.00720	0.00841	0.00605	0.00961	0.00542	0.00483	0.01025	0.00861	0.01348	0.03368	0.00922	0.00713	0.00321	0.00310	0.00063	0.00300	0.00259	0.00250	0.85263
42	0.01560	0.01150	0.01232	0.00944	0.01273	0.01273	0.00780	0.81645	0.01930	0.02587	0.00986	0.00986	0.00698	0.00493	0.00411	0.00123	0.00452	0.00370	0.00411	0.00698
43	0.00597	0.00398	0.00448	0.00448	0.00448	0.00398	0.00249	0.00597	0.00597	0.00796	0.01293	0.02686	0.01492	0.85574	0.02089	0.00398	0.00398	0.00597	0.00249	0.00249
44	0.01533	0.01956	0.01163	0.01058	0.01269	0.83926	0.00793	0.01639	0.01163	0.01005	0.00635	0.00740	0.00529	0.00423	0.00370	0.00106	0.00740	0.00264	0.00212	0.00476
45	0.01097	0.85821	0.02151	0.00702	0.01054	0.01624	0.00702	0.01229	0.00834	0.00966	0.00571	0.00658	0.00527	0.00351	0.00263	0.00088	0.00439	0.00219	0.00176	0.00527
46	0.00526	0.00417	0.00473	0.00459	0.00580	0.00364	0.00344	0.00669	0.01033	0.01340	0.37920	0.03571	0.48941	0.00954	0.00485	0.00135	0.00202	0.00813	0.00412	0.00364
47	0.00775	0.00730	0.01231	0.84587	0.02827	0.00912	0.01140	0.01049	0.00821	0.01049	0.00730	0.01094	0.00547	0.00410	0.00410	0.00137	0.00547	0.00365	0.00182	0.00456
48	0.00837	0.00748	0.00980	0.07144	0.02550	0.03965	0.02029	0.05966	0.01812	0.02383	0.05540	0.15896	0.05937	0.00824	0.00801	0.00161	0.31401	0.10300	0.00287	0.00440
49	0.00491	0.00415	0.00424	0.00424	0.00558	0.00348	0.00317	0.00599	0.00945	0.01137	0.08388	0.05456	0.77033	0.01033	0.00486	0.00139	0.00208	0.00865	0.00385	0.00348
50	0.00505	0.00361	0.00482	0.00577	0.00603	0.00337	0.00389	0.00580	0.00790	0.01053	0.02260	0.83007	0.02705	0.01282	0.00525	0.00167	0.00242	0.03420	0.00381	0.00335
51	0.01534	0.01933	0.01165	0.01054	0.01269	0.81486	0.00793	0.04001	0.01186	0.01051	0.00645	0.00747	0.00534	0.00425	0.00371	0.00106	0.00732	0.00267	0.00217	0.00482
52	0.01115	0.00928	0.00971	0.00851	0.01096	0.02524	0.00670	0.13067	0.67008	0.03388	0.01565	0.01486	0.01176	0.00553	0.00418	0.00137	0.00351	0.01633	0.00414	0.00650
53	0.01842	0.00699	0.00953	0.00730	0.01048	0.00603	0.00603	0.02000	0.01175	0.83298	0.01619	0.01397	0.01016	0.00508	0.00413	0.00127	0.00349	0.00413	0.00508	0.00699
54	0.00969	0.01107	0.02422	0.01730	0.02145	0.01038	0.81522	0.01315	0.00969	0.01315	0.00830	0.01107	0.00623	0.00346	0.00484	0.00138	0.00692	0.00484	0.00208	0.00554
55	0.00640	0.00447	0.00510	0.00489	0.00628	0.00391	0.00371	0.00786	0.02239	0.08548	0.21956	0.08296	0.49773	0.00955	0.00481	0.00138	0.00224	0.02326	0.00409	0.00392
56	0.00547	0.00388	0.00507	0.00582	0.00620	0.00371	0.00412	0.00633	0.00798	0.01056	0.03742	0.53116	0.04638	0.14497	0.00776	0.00206	0.00288	0.16130	0.00361	0.00330
57	0.01299	0.01013	0.11953	0.01028	0.01336	0.02452	0.15352	0.04463	0.03258	0.34208	0.01138	0.01198	0.00802	0.00666	0.06211	0.00173	0.12117	0.00403	0.00334	0.00598
58	0.00546	0.00385	0.00505	0.00577	0.00610	0.00372	0.00402	0.00626	0.00776	0.01034	0.03332	0.54096	0.02403	0.17152	0.03201	0.00227	0.00313	0.12765	0.00352	0.00326
59	0.03427	0.00788	0.01024	0.10548	0.06661	0.00824	0.03568	0.13391	0.16940	0.20901	0.04836	0.03578	0.08537	0.02551	0.00462	0.00138	0.00382	0.00482	0.00378	0.00582
60	0.04530	0.10365	0.06295	0.10769	0.25738	0.09172	0.09172	0.10135	0.04431	0.02757	0.00829	0.01038	0.00663	0.00413	0.00393	0.00123	0.00520	0.01840	0.00239	0.00579

[dist]
# distance from previous block
# <min> <max>
0	29

[block]
# block no. 3 follows, 65 sequences, length 23
# corresponding to MSA columns:
# 261-283
name=unknown_D
#
# <colnr> <probs for GDERKNQSTAVLIFYWHMCP>
#	G	D	E	R	K	N	Q	S	T	A	V	L	I	F	Y	W	H	M	C	P
0	0.14745	0.09151	0.06252	0.09496	0.07538	0.05226	0.05886	0.11259	0.02718	0.07175	0.01914	0.02882	0.02876	0.02699	0.04035	0.00155	0.02619	0.00377	0.02471	0.00526
1	0.09885	0.09207	0.07907	0.03315	0.13322	0.13852	0.05877	0.12891	0.05185	0.05488	0.00855	0.02219	0.00686	0.00459	0.00443	0.00125	0.06025	0.01430	0.00263	0.00564
2	0.03456	0.09345	0.09009	0.17574	0.14552	0.06248	0.04612	0.01158	0.01913	0.01219	0.02666	0.04905	0.00762	0.00442	0.00419	0.00116	0.04292	0.00366	0.01606	0.15337
3	0.00549	0.00375	0.00496	0.00566	0.00610	0.00347	0.00386	0.00635	0.00837	0.03685	0.09514	0.72612	0.05424	0.01213	0.00516	0.00161	0.00237	0.01095	0.00391	0.00350
4	0.00984	0.00995	0.05828	0.18157	0.53724	0.00965	0.07516	0.02777	0.00936	0.03038	0.00789	0.01038	0.00630	0.00380	0.00413	0.00127	0.00518	0.00373	0.00208	0.00605
5	0.00524	0.00374	0.00503	0.00598	0.00632	0.00354	0.00422	0.00612	0.00809	0.01074	0.02250	0.73604	0.02664	0.01264	0.00530	0.00170	0.00258	0.12638	0.00381	0.00340
6	0.00590	0.00425	0.00518	0.00500	0.00612	0.00382	0.00378	0.00752	0.01069	0.03566	0.50354	0.05893	0.26785	0.00906	0.00482	0.00134	0.00210	0.03673	0.02387	0.00381
7	0.01021	0.00882	0.00928	0.00835	0.01067	0.01021	0.00650	0.02181	0.82272	0.01717	0.01671	0.01532	0.01253	0.00557	0.00418	0.00139	0.00325	0.00464	0.00418	0.00650
8	0.00594	0.00397	0.00449	0.00452	0.00452	0.00396	0.00253	0.00596	0.00603	0.00804	0.01324	0.05336	0.01532	0.82871	0.02039	0.00391	0.00393	0.00615	0.00253	0.00251
9	0.01097	0.85821	0.02151	0.00702	0.01054	0.01624	0.00702	0.01229	0.00834	0.00966	0.00571	0.00658	0.00527	0.00351	0.00263	0.00088	0.00439	0.00219	0.00176	0.00527
10	0.88473	0.00794	0.00603	0.00540	0.00794	0.00921	0.00445	0.01207	0.00699	0.01842	0.00572	0.00667	0.00445	0.00381	0.00254	0.00127	0.00318	0.00222	0.00254	0.00445
11	0.01097	0.85821	0.02151	0.00702	0.01054	0.01624	0.00702	0.01229	0.00834	0.00966	0.00571	0.00658	0.00527	0.00351	0.00263	0.00088	0.00439	0.00219	0.00176	0.00527
12	0.00572	0.00419	0.00536	0.00507	0.00608	0.00383	0.00380	0.00757	0.01141	0.01596	0.75413	0.03149	0.11289	0.00858	0.00484	0.00130	0.00195	0.00754	0.00445	0.00383
13	0.01021	0.00882	0.00928	0.00835	0.01067	0.01021	0.00650	0.02181	0.82272	0.01717	0.01671	0.01532	0.01253	0.00557	0.00418	0.00139	0.00325	0.00464	0.00418	0.00650
14	0.00499	0.00360	0.00473	0.00563	0.00593	0.00334	0.00377	0.00573	0.00794	0.01051	0.02364	0.80963	0.06993	0.01273	0.00522	0.00165	0.00237	0.01151	0.00381	0.00334
15	0.00586	0.00440	0.00660	0.00660	0.00733	0.00513	0.00513	0.00733	0.00660	0.00953	0.01100	0.01613	0.01026	0.03079	0.83947	0.00660	0.01100	0.00440	0.00220	0.00367
16	0.00959	0.21908	0.58407	0.01028	0.01554	0.01088	0.01260	0.01332	0.00880	0.06913	0.00759	0.00854	0.00556	0.00389	0.00361	0.00120	0.00549	0.00291	0.00197	0.00594
17	0.01097	0.85821	0.02151	0.00702	0.01054	0.01624	0.00702	0.01229	0.00834	0.00966	0.00571	0.00658	0.00527	0.00351	0.00263	0.00088	0.00439	0.00219	0.00176	0.00527
18	0.88473	0.00794	0.00603	0.00540	0.00794	0.00921	0.00445	0.01207	0.00699	0.01842	0.00572	0.00667	0.00445	0.00381	0.00254	0.00127	0.00318	0.00222	0.00254	0.00445
19	0.37422	0.03046	0.01138	0.01175	0.19529	0.02275	0.08101	0.03494	0.00864	0.06956	0.00838	0.02822	0.00707	0.00463	0.00413	0.00133	0.05422	0.04421	0.00261	0.00522
20	0.01504	0.01212	0.01176	0.00932	0.01232	0.11934	0.00756	0.65003	0.04714	0.02306	0.00980	0.00996	0.00711	0.00485	0.00400	0.00120	0.00474	0.00360	0.04049	0.00654
21	0.00509	0.00369	0.00472	0.00549	0.00586	0.00343	0.00370	0.00581	0.00792	0.01040	0.02398	0.68571	0.11443	0.07416	0.00635	0.00181	0.00250	0.02796	0.00371	0.00330
22	0.01051	0.15593	0.15112	0.00843	0.01143	0.06952	0.01880	0.03799	0.22443	0.09285	0.08905	0.02588	0.01197	0.01691	0.03584	0.00149	0.00451	0.02455	0.00318	0.00562

[dist]
# distance from previous block
# <min> <max>
0	1

[block]
# block no. 4 follows, 65 sequences, length 29
# corresponding to MSA columns:
# 285-313
name=unknown_E
#
# <colnr> <probs for GDERKNQSTAVLIFYWHMCP>
#	G	D	E	R	K	N	Q	S	T	A	V	L	I	F	Y	W	H	M	C	P
0	0.03428	0.09113	0.18558	0.05104	0.07060	0.05359	0.02860	0.06354	0.00972	0.10279	0.02791	0.01071	0.01993	0.01574	0.03080	0.00132	0.01940	0.00335	0.00259	0.17740
1	0.10036	0.24850	0.10849	0.02004	0.04276	0.14061	0.00823	0.13683	0.08170	0.03183	0.00790	0.00866	0.00623	0.00428	0.00382	0.00116	0.03746	0.00298	0.00254	0.00561
2	0.05461	0.13309	0.02590	0.00882	0.01189	0.16651	0.00740	0.39644	0.01452	0.11546	0.00918	0.00934	0.00671	0.00454	0.00373	0.00115	0.00484	0.00326	0.01646	0.00614
3	0.00962	0.02954	0.03155	0.01181	0.23589	0.00725	0.01959	0.03307	0.00919	0.05436	0.00836	0.03436	0.00701	0.00369	0.00351	0.00089	0.00375	0.00321	0.00250	0.49085
4	0.00580	0.00433	0.00548	0.00520	0.00634	0.00388	0.02001	0.00737	0.01051	0.03302	0.47046	0.11343	0.28042	0.00927	0.00487	0.00136	0.00216	0.00810	0.00419	0.00380
5	0.00546	0.00424	0.00498	0.00487	0.00598	0.00381	0.00362	0.00716	0.02773	0.01390	0.43815	0.09087	0.35545	0.00945	0.00486	0.00136	0.00205	0.00816	0.00418	0.00373
6	0.02387	0.05362	0.05456	0.03636	0.08549	0.00749	0.03592	0.03931	0.05683	0.04845	0.00938	0.06705	0.00812	0.01610	0.00394	0.00101	0.01550	0.00362	0.00265	0.43072
7	0.00719	0.00686	0.05334	0.32715	0.03720	0.00715	0.00805	0.00921	0.00788	0.01103	0.03423	0.11715	0.01063	0.04462	0.13793	0.00229	0.06341	0.00487	0.05700	0.05280
8	0.00514	0.00382	0.00482	0.00554	0.00611	0.00351	0.00393	0.00606	0.00842	0.01092	0.04497	0.57952	0.20299	0.01207	0.00519	0.00162	0.00244	0.08571	0.00382	0.00342
9	0.00532	0.00410	0.00511	0.00566	0.02899	0.00371	0.00390	0.00651	0.00933	0.01225	0.22610	0.35639	0.28319	0.01070	0.00499	0.00148	0.00227	0.02245	0.00393	0.00360
10	0.03305	0.05170	0.08032	0.11086	0.25323	0.03402	0.09879	0.08258	0.09130	0.06094	0.01007	0.01164	0.03007	0.01649	0.00444	0.00131	0.01679	0.00390	0.00261	0.00587
11	0.00545	0.00371	0.00490	0.00571	0.00609	0.00343	0.00386	0.00621	0.00805	0.03861	0.02316	0.79188	0.05859	0.01250	0.00519	0.00164	0.00241	0.01129	0.00385	0.00346
12	0.00505	0.00361	0.00482	0.00577	0.00603	0.00338	0.00389	0.00580	0.00791	0.01053	0.02260	0.82880	0.02704	0.01281	0.00525	0.00167	0.00242	0.03545	0.00381	0.00335
13	0.03980	0.01094	0.11522	0.15387	0.16070	0.01004	0.05866	0.25720	0.01236	0.12716	0.00937	0.01047	0.00672	0.00433	0.00407	0.00128	0.00490	0.00368	0.00302	0.00621
14	0.00952	0.00851	0.02256	0.19108	0.13599	0.08451	0.03978	0.06851	0.00974	0.05897	0.01254	0.13537	0.03013	0.00676	0.01510	0.00147	0.05054	0.08306	0.03094	0.00492
15	0.38998	0.38131	0.01353	0.00678	0.00969	0.11980	0.00602	0.01273	0.00818	0.01350	0.00579	0.00673	0.00491	0.00373	0.00273	0.00107	0.00425	0.00227	0.00214	0.00485
16	0.00518	0.00399	0.00473	0.00506	0.00591	0.00359	0.00365	0.00626	0.00902	0.01160	0.14971	0.31620	0.35612	0.04026	0.02134	0.00168	0.00247	0.04594	0.00384	0.00347
17	0.00781	0.00643	0.00782	0.07752	0.05347	0.07217	0.00578	0.00906	0.00762	0.04092	0.02334	0.01743	0.04055	0.19866	0.29155	0.00368	0.06804	0.00459	0.05966	0.00391
18	0.00562	0.00419	0.00522	0.00496	0.00601	0.00379	0.00372	0.00737	0.01117	0.01538	0.67011	0.03244	0.19726	0.00879	0.00484	0.00131	0.00197	0.00767	0.00438	0.00379
19	0.74865	0.00789	0.00664	0.00575	0.00839	0.00886	0.00473	0.03124	0.00790	0.12815	0.00722	0.00772	0.00527	0.00401	0.00279	0.00127	0.00325	0.00251	0.00292	0.00484
20	0.00513	0.00413	0.00457	0.00455	0.00574	0.00357	0.00338	0.00640	0.00989	0.01257	0.26251	0.09230	0.55084	0.01000	0.00487	0.00138	0.00206	0.00852	0.00401	0.00357
21	0.00587	0.00418	0.00544	0.00512	0.00609	0.00387	0.00384	0.00780	0.01153	0.01643	0.80352	0.03020	0.03788	0.00828	0.00478	0.00128	0.00194	0.00732	0.03075	0.00387
22	0.01021	0.00882	0.00928	0.00835	0.01067	0.01021	0.00650	0.02181	0.82272	0.01717	0.01671	0.01532	0.01253	0.00557	0.00418	0.00139	0.00325	0.00464	0.00418	0.00650
23	0.01842	0.00699	0.00953	0.00730	0.01048	0.00603	0.00603	0.02000	0.01175	0.83298	0.01619	0.01397	0.01016	0.00508	0.00413	0.00127	0.00349	0.00413	0.00508	0.00699
24	0.01842	0.00699	0.00953	0.00730	0.01048	0.00603	0.00603	0.02000	0.01175	0.83298	0.01619	0.01397	0.01016	0.00508	0.00413	0.00127	0.00349	0.00413	0.00508	0.00699
25	0.88473	0.00794	0.00603	0.00540	0.00794	0.00921	0.00445	0.01207	0.00699	0.01842	0.00572	0.00667	0.00445	0.00381	0.00254	0.00127	0.00318	0.00222	0.00254	0.00445
26	0.00586	0.00440	0.00660	0.00660	0.00733	0.00513	0.00513	0.00733	0.00660	0.00953	0.01100	0.01613	0.01026	0.03079	0.83947	0.00660	0.01100	0.00440	0.00220	0.00367
27	0.01142	0.38235	0.01534	0.02855	0.03918	0.04509	0.00686	0.13345	0.01036	0.05057	0.00736	0.00819	0.00601	0.00372	0.00316	0.00091	0.00417	0.00268	0.00247	0.23817
28	0.15598	0.22663	0.36345	0.05177	0.01423	0.04353	0.01032	0.03497	0.04122	0.01335	0.00707	0.00818	0.00545	0.00391	0.00338	0.00119	0.00503	0.00279	0.00206	0.00551

[dist]
# distance from previous block
# <min> <max>
2	5

[block]
# block no. 5 follows, 65 sequences, length 16
# corresponding to MSA columns:
# 319-334
name=unknown_F
#
# <colnr> <probs for GDERKNQSTAVLIFYWHMCP>
#	G	D	E	R	K	N	Q	S	T	A	V	L	I	F	Y	W	H	M	C	P
0	0.01005	0.01018	0.05607	0.07226	0.42091	0.07099	0.04361	0.03787	0.05564	0.02747	0.01030	0.01552	0.00914	0.00509	0.00449	0.00135	0.02151	0.11928	0.00250	0.00577
1	0.00586	0.00440	0.00660	0.00660	0.00733	0.00513	0.00513	0.00733	0.00660	0.00953	0.01100	0.01613	0.01026	0.03079	0.83947	0.00660	0.01100	0.00440	0.00220	0.00367
2	0.02582	0.01000	0.23056	0.01007	0.07492	0.00727	0.03434	0.01010	0.00820	0.03170	0.03710	0.07241	0.01181	0.01321	0.23315	0.00288	0.06745	0.11175	0.00250	0.00475
3	0.02325	0.04161	0.36267	0.09269	0.08899	0.02035	0.04597	0.08923	0.04990	0.03686	0.08625	0.01169	0.00923	0.00456	0.00420	0.00129	0.01920	0.00378	0.00250	0.00577
4	0.00775	0.00730	0.01231	0.84587	0.02827	0.00912	0.01140	0.01049	0.00821	0.01049	0.00730	0.01094	0.00547	0.00410	0.00410	0.00137	0.00547	0.00365	0.00182	0.00456
5	0.00513	0.00364	0.00479	0.00567	0.00591	0.00343	0.00378	0.00582	0.00775	0.01032	0.02178	0.75962	0.02602	0.08366	0.00657	0.00187	0.00256	0.03472	0.00370	0.00328
6	0.06723	0.03132	0.04233	0.01316	0.27294	0.04412	0.00822	0.05408	0.00886	0.04596	0.02380	0.04204	0.02991	0.11639	0.05823	0.00197	0.10807	0.00425	0.00248	0.02464
7	0.82764	0.00788	0.00626	0.00552	0.00811	0.00900	0.00455	0.01259	0.00730	0.07210	0.00641	0.00715	0.00482	0.00389	0.00264	0.00127	0.00320	0.00235	0.00271	0.00461
8	0.00506	0.00364	0.00470	0.00553	0.00582	0.00339	0.00367	0.00574	0.00782	0.01033	0.02310	0.74239	0.07626	0.07382	0.00635	0.00182	0.00248	0.01107	0.00371	0.00328
9	0.00536	0.00414	0.00470	0.00494	0.00604	0.00368	0.00377	0.00660	0.00933	0.01190	0.10976	0.15629	0.48132	0.01041	0.00492	0.00147	0.00234	0.12082	0.04867	0.00355
10	0.00991	0.31194	0.15698	0.03679	0.09255	0.05472	0.02382	0.04680	0.06672	0.01246	0.08122	0.01155	0.00948	0.04800	0.00464	0.00128	0.01989	0.00353	0.00236	0.00536
11	0.03217	0.00837	0.08111	0.07189	0.03318	0.00729	0.02236	0.06350	0.01079	0.44119	0.05469	0.02640	0.01040	0.00640	0.04395	0.00155	0.04688	0.00420	0.02763	0.00605
12	0.00521	0.00385	0.00487	0.00537	0.00600	0.00352	0.00379	0.00629	0.00903	0.01199	0.20748	0.49544	0.17447	0.01136	0.00509	0.00154	0.00227	0.03495	0.00397	0.00349
13	0.02843	0.01140	0.16464	0.10720	0.03731	0.13654	0.02897	0.01151	0.05097	0.01154	0.04877	0.06767	0.00983	0.05191	0.09921	0.00209	0.12062	0.00433	0.00234	0.00472
14	0.04761	0.15428	0.09677	0.05034	0.03992	0.14275	0.03149	0.10945	0.09156	0.06495	0.03065	0.03715	0.03638	0.00513	0.00399	0.00123	0.01559	0.03242	0.00286	0.00547
15	0.01328	0.17542	0.05795	0.03921	0.02379	0.08953	0.00805	0.35261	0.10711	0.05777	0.00946	0.00978	0.00709	0.00463	0.00402	0.00119	0.02632	0.00340	0.00323	0.00618

[dist]
# distance from previous block
# <min> <max>
0	4

[block]
# block no. 6 follows, 65 sequences, length 26
# corresponding to MSA columns:
# 339-364
name=unknown_G
#
# <colnr> <probs for GDERKNQSTAVLIFYWHMCP>
#	G	D	E	R	K	N	Q	S	T	A	V	L	I	F	Y	W	H	M	C	P
0	0.04056	0.13802	0.12233	0.00952	0.06044	0.05222	0.03180	0.15310	0.14824	0.01545	0.06374	0.03129	0.07569	0.00546	0.00416	0.00126	0.02111	0.01697	0.00305	0.00560
1	0.00507	0.00377	0.00475	0.00547	0.00600	0.00344	0.00381	0.00595	0.00836	0.01088	0.05165	0.62354	0.18956	0.01215	0.00517	0.00161	0.00237	0.04922	0.00383	0.00340
2	0.01088	0.03387	0.01049	0.02622	0.06709	0.03734	0.00692	0.16594	0.38384	0.01710	0.01264	0.04038	0.00994	0.00502	0.00393	0.00120	0.00373	0.00412	0.01635	0.14300
3	0.02721	0.15158	0.08671	0.00842	0.04121	0.03465	0.03863	0.03259	0.07698	0.07604	0.06252	0.12374	0.04166	0.00679	0.03167	0.00140	0.02861	0.02131	0.00297	0.10530
4	0.03725	0.07124	0.31894	0.07829	0.07800	0.02481	0.07496	0.04672	0.06530	0.06169	0.00853	0.01002	0.00644	0.00522	0.03292	0.00149	0.06664	0.00347	0.00231	0.00574
5	0.00913	0.00928	0.01910	0.01426	0.02955	0.00884	0.57589	0.01190	0.00928	0.04457	0.05171	0.05125	0.00981	0.06308	0.05731	0.00189	0.02037	0.00526	0.00243	0.00509
6	0.00987	0.00945	0.01613	0.12532	0.73231	0.00968	0.01245	0.01234	0.00921	0.01305	0.00767	0.01026	0.00638	0.00371	0.00407	0.00124	0.00495	0.00366	0.00201	0.00627
7	0.01018	0.01470	0.35349	0.12599	0.03381	0.04498	0.10114	0.13773	0.03542	0.03844	0.00846	0.00996	0.00618	0.00426	0.00436	0.00130	0.03298	0.00354	0.02725	0.00582
8	0.01353	0.01630	0.01205	0.15522	0.05488	0.59749	0.00879	0.03971	0.01096	0.01077	0.00665	0.00829	0.00543	0.00432	0.00419	0.00115	0.04035	0.00294	0.00211	0.00487
9	0.00521	0.00371	0.00477	0.00550	0.00580	0.00349	0.00367	0.00591	0.00782	0.01039	0.04941	0.64270	0.06069	0.13841	0.00756	0.00199	0.00263	0.03346	0.00364	0.00324
10	0.00828	0.00534	0.00639	0.00629	0.00750	0.00543	0.00461	0.02431	0.19001	0.11163	0.06073	0.40045	0.02007	0.03103	0.00499	0.00152	0.00271	0.00788	0.09623	0.00459
11	0.00559	0.00419	0.00518	0.00493	0.00600	0.00378	0.00370	0.00732	0.01110	0.01523	0.64796	0.03269	0.21951	0.00885	0.00484	0.00131	0.00197	0.00771	0.00436	0.00378
12	0.00643	0.00460	0.00641	0.00735	0.00822	0.00457	0.00630	0.00819	0.00927	0.01208	0.02183	0.13655	0.02402	0.01151	0.00562	0.00186	0.00362	0.71404	0.00378	0.00373
13	0.88473	0.00794	0.00603	0.00540	0.00794	0.00921	0.00445	0.01207	0.00699	0.01842	0.00572	0.00667	0.00445	0.00381	0.00254	0.00127	0.00318	0.00222	0.00254	0.00445
14	0.78931	0.00783	0.00642	0.00561	0.00822	0.00886	0.00462	0.01294	0.00751	0.10814	0.00687	0.00747	0.00508	0.00395	0.00272	0.00127	0.00321	0.00243	0.00282	0.00473
15	0.00823	0.02123	0.83447	0.01170	0.01777	0.00953	0.01517	0.01300	0.00867	0.01300	0.00737	0.00867	0.00520	0.00390	0.00390	0.00130	0.00607	0.00303	0.00173	0.00607
16	0.01567	0.01047	0.01151	0.00887	0.01203	0.01131	0.00731	0.65937	0.01767	0.14778	0.01098	0.01072	0.00762	0.00494	0.00405	0.00123	0.00424	0.00377	0.04361	0.00684
17	0.01534	0.01923	0.01166	0.01053	0.01269	0.80495	0.00793	0.04960	0.01195	0.01070	0.00649	0.00750	0.00536	0.00426	0.00372	0.00106	0.00728	0.00269	0.00220	0.00485
18	0.00589	0.00431	0.00614	0.00614	0.00672	0.00489	0.00457	0.00704	0.00646	0.00919	0.01141	0.01842	0.01126	0.20682	0.66479	0.00604	0.00950	0.00473	0.00226	0.00341
19	0.00505	0.00361	0.00482	0.00577	0.00603	0.00338	0.00390	0.00580	0.00791	0.01053	0.02260	0.82838	0.02704	0.01281	0.00525	0.00167	0.00242	0.03586	0.00381	0.00335
20	0.00594	0.00397	0.00449	0.00452	0.00453	0.00396	0.00253	0.00596	0.00603	0.00805	0.01327	0.05540	0.01535	0.82662	0.02035	0.00390	0.00392	0.00617	0.00253	0.00252
21	0.00825	0.00811	0.01464	0.64692	0.08416	0.00938	0.14786	0.01109	0.00854	0.01115	0.00750	0.01091	0.00567	0.00396	0.00423	0.00136	0.00568	0.00385	0.00188	0.00486
22	0.00588	0.00428	0.00615	0.00622	0.00685	0.00484	0.00469	0.00717	0.00671	0.00967	0.01212	0.07805	0.01195	0.10818	0.66700	0.00577	0.00934	0.00506	0.03654	0.00353
23	0.01094	0.20288	0.04101	0.00895	0.02371	0.19768	0.04249	0.12592	0.01022	0.01234	0.00890	0.01118	0.02724	0.03513	0.19121	0.00242	0.03698	0.00349	0.00236	0.00494
24	0.04971	0.04956	0.27356	0.00908	0.01283	0.15381	0.00911	0.08734	0.03005	0.10733	0.04020	0.01028	0.00770	0.00474	0.01701	0.00123	0.00508	0.00327	0.02775	0.10036
25	0.01037	0.14120	0.25401	0.06920	0.06475	0.06674	0.03052	0.07427	0.08472	0.06543	0.06382	0.03859	0.00941	0.00475	0.00391	0.00123	0.00488	0.00385	0.00266	0.00570

[dist]
# distance from previous block
# <min> <max>
2	37

[block]
# block no. 7 follows, 65 sequences, length 13
# corresponding to MSA columns:
# 404-416
name=unknown_H
#
# <colnr> <probs for GDERKNQSTAVLIFYWHMCP>
#	G	D	E	R	K	N	Q	S	T	A	V	L	I	F	Y	W	H	M	C	P
0	0.00886	0.01087	0.16474	0.12185	0.31885	0.02107	0.08360	0.03077	0.00960	0.01344	0.11925	0.03150	0.02385	0.00478	0.00440	0.00130	0.01889	0.00439	0.00240	0.00557
1	0.00924	0.00609	0.00817	0.07838	0.04457	0.00630	0.02079	0.07911	0.05806	0.11803	0.03884	0.03714	0.01156	0.23506	0.10296	0.09547	0.00473	0.00476	0.00297	0.03775
2	0.00541	0.00489	0.03268	0.00507	0.00647	0.00401	0.02129	0.00683	0.00966	0.01239	0.24185	0.03405	0.50701	0.05055	0.03825	0.00169	0.00272	0.00778	0.00376	0.00366
3	0.01023	0.27076	0.25409	0.00869	0.01272	0.05596	0.00908	0.05693	0.00925	0.03483	0.00708	0.00816	0.00566	0.00386	0.00379	0.00103	0.04490	0.00272	0.00214	0.19813
4	0.06580	0.07647	0.13504	0.09083	0.10831	0.04480	0.06031	0.05205	0.05365	0.04937	0.00863	0.02451	0.00689	0.00507	0.03130	0.00135	0.03294	0.00346	0.01996	0.12927
5	0.04685	0.16945	0.29024	0.01169	0.09993	0.03827	0.06300	0.12301	0.01004	0.01409	0.00750	0.00899	0.00588	0.00499	0.03155	0.00140	0.04971	0.00319	0.01447	0.00575
6	0.02108	0.12009	0.34996	0.04185	0.09460	0.01009	0.05460	0.07113	0.04850	0.06288	0.04070	0.02222	0.02438	0.00450	0.00404	0.00126	0.01612	0.00369	0.00246	0.00585
7	0.00713	0.00357	0.00535	0.00535	0.00535	0.00357	0.00357	0.00535	0.00535	0.00713	0.00713	0.01248	0.00713	0.01426	0.01604	0.88057	0.00357	0.00357	0.00178	0.00178
8	0.00686	0.00488	0.00653	0.00649	0.00756	0.00482	0.02687	0.02464	0.03280	0.06000	0.10764	0.23713	0.14927	0.04153	0.08629	0.00214	0.02137	0.16554	0.00368	0.00397
9	0.00632	0.00478	0.00636	0.06370	0.03640	0.00464	0.00489	0.04909	0.00862	0.01182	0.01872	0.61712	0.02145	0.01037	0.00478	0.00149	0.00283	0.00933	0.03834	0.07895
10	0.01051	0.08749	0.13722	0.00928	0.05281	0.06742	0.05022	0.08554	0.02392	0.05666	0.00803	0.00902	0.00625	0.00367	0.00350	0.00095	0.00439	0.00295	0.00252	0.37765
11	0.00924	0.07642	0.30741	0.04322	0.01400	0.07026	0.06038	0.05342	0.01927	0.02811	0.03128	0.02932	0.07113	0.02154	0.00475	0.00128	0.04710	0.01450	0.00239	0.09496
12	0.00633	0.00464	0.00617	0.00679	0.00774	0.00457	0.00564	0.00842	0.04197	0.01282	0.14437	0.13704	0.07915	0.01078	0.00538	0.00172	0.00320	0.50553	0.00391	0.00383

[dist]
# distance from previous block
# <min> <max>
0	1

[block]
# block no. 8 follows, 65 sequences, length 28
# corresponding to MSA columns:
# 418-445
name=unknown_I
#
# <colnr> <probs for GDERKNQSTAVLIFYWHMCP>
#	G	D	E	R	K	N	Q	S	T	A	V	L	I	F	Y	W	H	M	C	P
