[name]
unknown

[dist]
# distance from previous block
# <min> <max>
0	80

[block]
# block no. 0 follows, 68 sequences, length 24
# corresponding to MSA columns:
# 85-108
name=unknown_A
#
# <colnr> <probs for GDERKNQSTAVLIFYWHMCP>
#	G	D	E	R	K	N	Q	S	T	A	V	L	I	F	Y	W	H	M	C	P
0	0.08434	0.12621	0.04507	0.00916	0.03516	0.09678	0.11278	0.04404	0.02194	0.29807	0.00992	0.01005	0.00703	0.00412	0.00375	0.00113	0.01631	0.00334	0.00311	0.06768
1	0.01387	0.01091	0.01107	0.00889	0.01175	0.07016	0.00719	0.55028	0.21344	0.04429	0.01105	0.01073	0.00801	0.00487	0.00396	0.00122	0.00424	0.00373	0.00387	0.00648
2	0.00952	0.00858	0.00866	0.00649	0.00980	0.11461	0.00514	0.01118	0.00876	0.05089	0.00733	0.00833	0.00596	0.00318	0.00307	0.00067	0.00351	0.00245	0.00243	0.72945
3	0.00606	0.00396	0.00496	0.00523	0.00602	0.00359	0.00372	0.00706	0.00863	0.07736	0.13104	0.44085	0.19157	0.05014	0.00553	0.00158	0.00237	0.02967	0.01710	0.00358
4	0.13580	0.00587	0.00677	0.00635	0.00740	0.03031	0.00485	0.07025	0.01962	0.01152	0.00985	0.01512	0.00936	0.17320	0.43502	0.00434	0.04412	0.00409	0.00237	0.00379
5	0.01023	0.52611	0.06065	0.00811	0.01130	0.01240	0.11274	0.01216	0.03112	0.06868	0.03959	0.01015	0.00769	0.06856	0.00444	0.00122	0.00443	0.00316	0.00218	0.00506
6	0.00538	0.00376	0.00436	0.00460	0.00483	0.00361	0.00282	0.00569	0.00667	0.00872	0.01856	0.24681	0.12428	0.52639	0.01418	0.00293	0.00320	0.00756	0.00291	0.00274
7	0.00485	0.00347	0.00462	0.00551	0.00576	0.00323	0.00368	0.00557	0.00769	0.01028	0.04396	0.83552	0.02653	0.01230	0.00505	0.00160	0.00229	0.01116	0.00370	0.00323
8	0.01009	0.00825	0.01059	0.06866	0.05007	0.00953	0.03447	0.23593	0.15852	0.02689	0.02216	0.01322	0.01748	0.03006	0.14097	0.00223	0.13162	0.02096	0.00301	0.00531
9	0.00839	0.00664	0.00761	0.00607	0.00868	0.03711	0.00471	0.01002	0.01819	0.07037	0.04128	0.12101	0.01051	0.02488	0.06519	0.00131	0.00359	0.00405	0.00277	0.54760
10	0.00572	0.00382	0.00434	0.00439	0.00440	0.00381	0.00247	0.00575	0.00586	0.00782	0.01299	0.07031	0.01504	0.81543	0.01937	0.00372	0.00376	0.00606	0.00247	0.00245
11	0.02394	0.06998	0.14123	0.36031	0.17165	0.00905	0.03287	0.01109	0.00827	0.01154	0.00703	0.00942	0.00549	0.00366	0.00369	0.00115	0.00489	0.00319	0.00188	0.11969
12	0.04377	0.00914	0.01251	0.09009	0.18137	0.06689	0.11358	0.07963	0.00953	0.01357	0.00760	0.02401	0.00624	0.00364	0.00361	0.00100	0.00442	0.00327	0.00231	0.32384
13	0.01144	0.00578	0.00743	0.00611	0.00832	0.00513	0.00486	0.01363	0.05720	0.38014	0.30306	0.02014	0.06629	0.00617	0.00417	0.00119	0.00272	0.00523	0.00436	0.08665
14	0.17200	0.00768	0.01090	0.04124	0.01190	0.00760	0.17849	0.03711	0.10346	0.07000	0.01068	0.12047	0.00934	0.00547	0.02147	0.00130	0.00402	0.00445	0.00286	0.17956
15	0.01136	0.15530	0.01125	0.00818	0.01018	0.30192	0.00646	0.10363	0.12323	0.01223	0.02137	0.11981	0.00958	0.00610	0.00472	0.06339	0.01973	0.00414	0.00269	0.00475
16	0.00942	0.01047	0.02198	0.01665	0.07312	0.00998	0.71576	0.01321	0.06268	0.01297	0.00851	0.01090	0.00643	0.00349	0.00459	0.00133	0.00633	0.00459	0.00213	0.00547
17	0.00676	0.00351	0.00520	0.00520	0.00524	0.00355	0.00348	0.00531	0.00526	0.00706	0.00737	0.01291	0.00741	0.05417	0.06420	0.79226	0.00388	0.00360	0.00178	0.00186
18	0.03512	0.11746	0.03477	0.00634	0.00826	0.00664	0.00528	0.03767	0.04817	0.19755	0.17777	0.17040	0.01766	0.00835	0.05785	0.00158	0.00348	0.01988	0.04098	0.00478
19	0.01320	0.00646	0.00806	0.00665	0.00911	0.00602	0.00531	0.03839	0.13581	0.47491	0.03600	0.07686	0.13152	0.00627	0.00416	0.00127	0.00305	0.00523	0.00441	0.02732
20	0.00905	0.00930	0.14398	0.41821	0.12544	0.00823	0.01832	0.01171	0.00872	0.11896	0.03263	0.01229	0.04549	0.00443	0.00412	0.00128	0.01655	0.00383	0.00235	0.00512
21	0.00572	0.00438	0.00678	0.00664	0.00740	0.00490	0.03644	0.00706	0.00663	0.00942	0.01192	0.12502	0.01183	0.02618	0.68875	0.02063	0.00926	0.00517	0.00232	0.00354
22	0.00543	0.00418	0.00472	0.00467	0.00588	0.00370	0.00353	0.00692	0.02957	0.03155	0.23008	0.09297	0.50834	0.00954	0.00471	0.00135	0.00213	0.04323	0.00388	0.00360
23	0.00565	0.00462	0.00507	0.00503	0.00625	0.00441	0.00373	0.00823	0.13235	0.01200	0.12518	0.15204	0.45658	0.02998	0.02937	0.00157	0.00250	0.00789	0.00374	0.00380

[dist]
# distance from previous block
# <min> <max>
0	1

[block]
# block no. 1 follows, 68 sequences, length 21
# corresponding to MSA columns:
# 110-130
name=unknown_B
#
# <colnr> <probs for GDERKNQSTAVLIFYWHMCP>
#	G	D	E	R	K	N	Q	S	T	A	V	L	I	F	Y	W	H	M	C	P
0	0.04057	0.00433	0.00508	0.00540	0.00629	0.00414	0.00397	0.04025	0.02265	0.01180	0.07618	0.40242	0.24958	0.02421	0.00505	0.00153	0.00248	0.08682	0.00367	0.00356
1	0.00717	0.00513	0.00572	0.00544	0.00619	0.00534	0.00367	0.10837	0.08813	0.01149	0.01532	0.16110	0.05281	0.46084	0.01276	0.00268	0.00343	0.00633	0.03453	0.00354
2	0.11120	0.00724	0.00874	0.00689	0.00969	0.00696	0.00565	0.14510	0.01171	0.53655	0.01443	0.02915	0.03825	0.00506	0.00381	0.00122	0.00336	0.00400	0.04485	0.00615
3	0.00554	0.00420	0.00491	0.00510	0.00608	0.00389	0.00371	0.00730	0.06702	0.02883	0.13975	0.32926	0.34396	0.01021	0.00477	0.00143	0.00223	0.02433	0.00382	0.00364
4	0.00492	0.00382	0.00431	0.00460	0.00551	0.00335	0.00329	0.00593	0.00872	0.01113	0.10313	0.31199	0.45959	0.01046	0.00474	0.00141	0.00209	0.00905	0.03861	0.00335
5	0.00500	0.00388	0.00450	0.00464	0.00555	0.00344	0.00333	0.00611	0.00909	0.01174	0.23480	0.23268	0.40102	0.04930	0.00549	0.00150	0.00213	0.00864	0.00379	0.00337
6	0.03928	0.00726	0.01192	0.71848	0.09363	0.00874	0.01066	0.01072	0.00811	0.04350	0.00737	0.01048	0.00551	0.00396	0.00391	0.00130	0.00508	0.00349	0.00193	0.00465
7	0.01133	0.00745	0.00768	0.00661	0.00853	0.06628	0.00519	0.21946	0.06692	0.14311	0.01313	0.10404	0.01074	0.00608	0.02113	0.00126	0.00342	0.00451	0.28801	0.00513
8	0.05554	0.00668	0.00836	0.00662	0.00933	0.00616	0.00541	0.07731	0.02907	0.58472	0.01687	0.01534	0.08775	0.00532	0.00390	0.00122	0.00319	0.00428	0.06686	0.00608
9	0.00538	0.00404	0.00497	0.00474	0.00578	0.00364	0.00356	0.00703	0.01067	0.01458	0.63223	0.03179	0.23983	0.00860	0.00468	0.00127	0.00191	0.00747	0.00419	0.00364
10	0.78363	0.00770	0.00632	0.00550	0.00803	0.00873	0.00453	0.03828	0.00754	0.09069	0.00654	0.00716	0.00486	0.00382	0.00264	0.00123	0.00314	0.00236	0.00272	0.00459
11	0.00507	0.00370	0.00490	0.00559	0.00585	0.00361	0.00379	0.00582	0.00770	0.01038	0.07837	0.72509	0.02565	0.05692	0.00612	0.00171	0.03248	0.01041	0.00359	0.00325
12	0.80562	0.00873	0.00634	0.00569	0.00810	0.08832	0.00461	0.01205	0.00717	0.01702	0.00558	0.00651	0.00437	0.00372	0.00256	0.00121	0.00346	0.00219	0.00241	0.00432
13	0.25880	0.09005	0.01008	0.00706	0.01001	0.01001	0.00588	0.33416	0.01192	0.01866	0.00798	0.03815	0.00642	0.00425	0.00325	0.00107	0.00364	0.00307	0.00301	0.17254
14	0.00597	0.00442	0.00603	0.00589	0.00626	0.00506	0.00426	0.00673	0.00609	0.00860	0.01077	0.01874	0.01110	0.33262	0.45094	0.03324	0.07326	0.00472	0.00218	0.00313
15	0.01460	0.01024	0.01118	0.00873	0.01172	0.01119	0.00715	0.66092	0.07503	0.10119	0.01100	0.03994	0.00810	0.00509	0.00401	0.00122	0.00411	0.00394	0.00405	0.00659
16	0.80497	0.00889	0.08511	0.00579	0.00857	0.00892	0.00528	0.01174	0.00690	0.01729	0.00567	0.00662	0.00436	0.00369	0.00258	0.00123	0.00333	0.00222	0.00238	0.00444
17	0.00823	0.09053	0.15689	0.01100	0.11900	0.00811	0.12293	0.02096	0.00814	0.03428	0.01024	0.02998	0.00970	0.15060	0.09214	0.00225	0.03264	0.08542	0.00228	0.00468
18	0.30192	0.01131	0.01038	0.00948	0.06839	0.23882	0.06397	0.10278	0.00988	0.06996	0.00735	0.00877	0.00581	0.03443	0.00436	0.00128	0.04055	0.00300	0.00257	0.00496
19	0.00991	0.06571	0.09016	0.00944	0.05625	0.04232	0.05159	0.07946	0.38139	0.03285	0.09368	0.01428	0.03071	0.00518	0.00415	0.00126	0.01824	0.00432	0.00335	0.00574
20	0.05412	0.00790	0.04504	0.00745	0.06129	0.01704	0.00572	0.08256	0.00930	0.03154	0.02048	0.05190	0.06607	0.00429	0.00338	0.00087	0.00326	0.00350	0.00268	0.52159

[dist]
# distance from previous block
# <min> <max>
0	2

[block]
# block no. 2 follows, 68 sequences, length 27
# corresponding to MSA columns:
# 133-159
name=unknown_C
#
# <colnr> <probs for GDERKNQSTAVLIFYWHMCP>
#	G	D	E	R	K	N	Q	S	T	A	V	L	I	F	Y	W	H	M	C	P
0	0.00729	0.00659	0.00713	0.02602	0.00783	0.07679	0.01580	0.00939	0.11206	0.01014	0.01655	0.02133	0.17376	0.27066	0.10840	0.00272	0.11579	0.00530	0.00269	0.00374
1	0.77720	0.00910	0.00652	0.00585	0.00825	0.11551	0.00472	0.01219	0.00732	0.01676	0.00560	0.00653	0.00440	0.00373	0.00260	0.00120	0.00359	0.00220	0.00240	0.00433
2	0.01139	0.58522	0.01751	0.00741	0.01061	0.01427	0.00687	0.17373	0.11484	0.01336	0.00766	0.00806	0.00631	0.00392	0.00302	0.00098	0.00412	0.00271	0.00244	0.00557
3	0.00672	0.17411	0.00758	0.00481	0.00548	0.00619	0.00327	0.00698	0.00622	0.00801	0.01111	0.02207	0.01257	0.69077	0.01669	0.00325	0.00392	0.00504	0.00226	0.00293
4	0.00931	0.02019	0.67585	0.01109	0.01619	0.17479	0.01326	0.01321	0.00894	0.01199	0.00692	0.00813	0.00504	0.00383	0.00373	0.00121	0.00612	0.00286	0.00175	0.00561
5	0.01560	0.00868	0.01004	0.00812	0.01045	0.11408	0.00663	0.01694	0.01029	0.56862	0.01236	0.01173	0.00830	0.00521	0.00572	0.00130	0.17231	0.00370	0.00391	0.00600
6	0.00914	0.01004	0.01973	0.01466	0.01736	0.01072	0.55676	0.01167	0.00829	0.01167	0.00710	0.01004	0.00575	0.00451	0.00739	0.00147	0.28248	0.00429	0.00192	0.00502
7	0.00795	0.00752	0.01272	0.68728	0.18755	0.00893	0.01124	0.01053	0.00815	0.01069	0.00713	0.01042	0.00548	0.00388	0.00396	0.00129	0.00517	0.00353	0.00180	0.00478
8	0.01830	0.01490	0.01748	0.01542	0.01685	0.01631	0.01168	0.17679	0.01426	0.02085	0.01471	0.02035	0.01352	0.01166	0.01366	0.00309	0.57964	0.00623	0.00510	0.00920
9	0.00689	0.00344	0.00517	0.00517	0.00517	0.00344	0.00344	0.00517	0.00517	0.00689	0.00689	0.01205	0.00689	0.01377	0.01550	0.88464	0.00344	0.00344	0.00172	0.00172
10	0.00561	0.00422	0.00536	0.00597	0.00693	0.00397	0.00490	0.00700	0.00888	0.01124	0.02736	0.16010	0.28763	0.01087	0.00516	0.00164	0.00292	0.43309	0.00367	0.00349
11	0.00970	0.14269	0.55673	0.01043	0.01517	0.17573	0.01212	0.01311	0.00889	0.01152	0.00669	0.00784	0.00505	0.00378	0.00355	0.00115	0.00588	0.00274	0.00175	0.00550
12	0.00512	0.00386	0.00431	0.00446	0.00513	0.00351	0.00298	0.00579	0.00783	0.00993	0.07625	0.18885	0.36554	0.28744	0.00980	0.00220	0.00265	0.00800	0.00331	0.00304
13	0.01087	0.00829	0.00900	0.00794	0.01029	0.00935	0.00622	0.02085	0.72450	0.12144	0.01607	0.01463	0.01181	0.00532	0.00403	0.00133	0.00317	0.00442	0.00415	0.00634
14	0.01032	0.00905	0.01268	0.00986	0.01261	0.02621	0.22229	0.27620	0.13253	0.01683	0.03745	0.03561	0.15677	0.00601	0.01591	0.00136	0.00441	0.00512	0.00334	0.00545
15	0.02255	0.01081	0.01216	0.01172	0.12464	0.14311	0.00849	0.21012	0.01048	0.02331	0.00704	0.00903	0.00590	0.00581	0.02310	0.00148	0.34831	0.00336	0.01335	0.00524
16	0.00500	0.00358	0.00449	0.00514	0.00543	0.00336	0.00336	0.00559	0.00737	0.00970	0.02177	0.61403	0.10188	0.18029	0.00802	0.00203	0.00258	0.00990	0.00343	0.00307
17	0.01082	0.00846	0.00953	0.00704	0.01043	0.00775	0.00572	0.29449	0.01193	0.03494	0.00810	0.00879	0.00626	0.00362	0.00332	0.00081	0.00344	0.00281	0.00297	0.55877
18	0.00517	0.00405	0.00475	0.00504	0.00597	0.00365	0.00365	0.00649	0.03404	0.01117	0.09028	0.36856	0.35653	0.01053	0.00480	0.00144	0.00226	0.04618	0.00370	0.03175
19	0.01191	0.04234	0.02592	0.05089	0.24738	0.03730	0.11284	0.33633	0.05663	0.01752	0.00866	0.00986	0.00659	0.00417	0.00408	0.00121	0.01373	0.00365	0.00286	0.00614
20	0.00942	0.04660	0.08493	0.14426	0.38146	0.02790	0.19348	0.03095	0.00908	0.01243	0.00749	0.00999	0.00600	0.01390	0.00422	0.00126	0.00535	0.00369	0.00196	0.00563
21	0.00689	0.00344	0.00517	0.00517	0.00517	0.00344	0.00344	0.00517	0.00517	0.00689	0.00689	0.01205	0.00689	0.01377	0.01550	0.88464	0.00344	0.00344	0.00172	0.00172
22	0.00807	0.00474	0.00693	0.00651	0.00768	0.00513	0.00513	0.00951	0.00736	0.17358	0.01162	0.01516	0.00989	0.02482	0.67829	0.00535	0.00918	0.00420	0.00268	0.00418
23	0.00641	0.00433	0.00543	0.01685	0.00608	0.00452	0.00370	0.00766	0.11101	0.00923	0.01315	0.18491	0.01408	0.29660	0.06683	0.23382	0.00380	0.00596	0.00266	0.00298
24	0.00891	0.00661	0.00793	0.00694	0.00822	0.00743	0.00532	0.27253	0.01019	0.01396	0.01047	0.01598	0.00982	0.24000	0.30971	0.00377	0.05070	0.00439	0.00278	0.00432
25	0.01121	0.51932	0.03677	0.01051	0.13122	0.17870	0.03979	0.01275	0.00889	0.01013	0.00605	0.00723	0.00530	0.00356	0.00306	0.00096	0.00502	0.00253	0.00182	0.00519
26	0.00665	0.00529	0.00621	0.00639	0.00742	0.00554	0.00459	0.01093	0.28441	0.01240	0.01938	0.54230	0.02071	0.00970	0.00464	0.00148	0.00261	0.00865	0.00375	0.03696

[dist]
# distance from previous block
# <min> <max>
0	1

[block]
# block no. 3 follows, 68 sequences, length 24
# corresponding to MSA columns:
# 161-184
name=unknown_D
#
# <colnr> <probs for GDERKNQSTAVLIFYWHMCP>
#	G	D	E	R	K	N	Q	S	T	A	V	L	I	F	Y	W	H	M	C	P
0	0.00811	0.00703	0.00758	0.00713	0.00824	0.12486	0.00551	0.09949	0.00834	0.01085	0.00956	0.01342	0.00863	0.02201	0.56413	0.07623	0.00885	0.00387	0.00229	0.00390
1	0.00718	0.00421	0.00561	0.00548	0.00580	0.00440	0.00373	0.00749	0.12214	0.00835	0.00883	0.01400	0.00847	0.10740	0.01439	0.66065	0.00344	0.00385	0.00213	0.00244
2	0.66505	0.01093	0.21766	0.00676	0.01008	0.00897	0.00692	0.01188	0.00716	0.01646	0.00593	0.00693	0.00448	0.00370	0.00279	0.00123	0.00378	0.00235	0.00226	0.00469
3	0.00495	0.00358	0.00484	0.00561	0.00593	0.00347	0.00385	0.00575	0.00745	0.01000	0.02066	0.72068	0.04146	0.01483	0.12427	0.00228	0.00347	0.01021	0.00346	0.00327
4	0.01124	0.74212	0.01952	0.00712	0.01048	0.01521	0.00689	0.12696	0.00956	0.01155	0.00608	0.00681	0.00532	0.00359	0.00275	0.00090	0.00426	0.00233	0.00202	0.00532
5	0.00634	0.00537	0.00906	0.12744	0.01148	0.00607	0.09724	0.00814	0.00693	0.00973	0.00982	0.01432	0.00882	0.02312	0.63150	0.00509	0.00942	0.00419	0.00206	0.00387
6	0.00822	0.00705	0.00822	0.00587	0.00940	0.00529	0.00470	0.00998	0.00822	0.01292	0.00705	0.00822	0.00587	0.00294	0.00294	0.00059	0.00294	0.00235	0.00235	0.88490
7	0.00721	0.00615	0.00703	0.00536	0.00822	0.00473	0.00423	0.00878	0.00856	0.01249	0.05176	0.01676	0.21760	0.00497	0.00346	0.00081	0.00265	0.00409	0.00278	0.62237
8	0.00483	0.00361	0.00444	0.00510	0.00560	0.00327	0.00347	0.00557	0.00789	0.01019	0.02617	0.62058	0.23099	0.04169	0.00550	0.00162	0.00228	0.01034	0.00364	0.00322
9	0.00880	0.00735	0.00790	0.00719	0.00897	0.00832	0.00544	0.01738	0.62041	0.01525	0.10717	0.01804	0.01526	0.12709	0.00640	0.00169	0.00310	0.00497	0.00384	0.00544
10	0.23891	0.00698	0.00834	0.00659	0.00950	0.00661	0.00544	0.01738	0.01018	0.63024	0.01307	0.01170	0.00841	0.00460	0.00360	0.00123	0.00330	0.00352	0.00428	0.00612
11	0.00568	0.00418	0.00603	0.00603	0.00662	0.00477	0.00453	0.00686	0.00627	0.00895	0.01093	0.01731	0.01066	0.16843	0.70728	0.00595	0.00949	0.00450	0.00217	0.00335
12	0.00867	0.00867	0.01214	0.01041	0.01041	0.01214	0.00867	0.00954	0.00607	0.00954	0.00520	0.00867	0.00520	0.00694	0.01301	0.00173	0.85340	0.00347	0.00173	0.00434
13	0.01444	0.01064	0.01145	0.00890	0.01189	0.01174	0.00730	0.77257	0.01796	0.02408	0.01028	0.06158	0.00794	0.00523	0.00403	0.00122	0.00424	0.00404	0.00395	0.00653
14	0.00576	0.00387	0.00544	0.00558	0.00607	0.00407	0.00404	0.00613	0.00651	0.00884	0.01472	0.14643	0.10407	0.05137	0.37033	0.23955	0.00622	0.00563	0.00244	0.00294
15	0.00562	0.00382	0.00475	0.00510	0.00569	0.00351	0.00348	0.00644	0.00814	0.04807	0.11600	0.46235	0.16064	0.13876	0.00718	0.00184	0.00248	0.00916	0.00362	0.00334
16	0.00567	0.00385	0.00492	0.00557	0.00603	0.00374	0.00406	0.00666	0.00777	0.01064	0.01931	0.39519	0.03357	0.16222	0.00762	0.00199	0.00288	0.22044	0.09464	0.00324
17	0.64844	0.00852	0.00744	0.00625	0.00889	0.00969	0.00515	0.21775	0.00986	0.03698	0.00675	0.00737	0.00503	0.00398	0.00287	0.00122	0.00340	0.00255	0.00289	0.00497
18	0.00853	0.00717	0.01169	0.02595	0.45830	0.00730	0.00886	0.01039	0.00831	0.05221	0.03015	0.04491	0.02305	0.02195	0.22880	0.01844	0.00597	0.02057	0.00233	0.00514
19	0.00483	0.00374	0.00438	0.00481	0.00556	0.00332	0.00336	0.00570	0.00838	0.01064	0.07232	0.43772	0.38170	0.02803	0.00518	0.00152	0.00218	0.00967	0.00369	0.00329
20	0.85911	0.00764	0.00594	0.00528	0.00775	0.00879	0.00435	0.01192	0.00690	0.04565	0.00586	0.00668	0.00448	0.00372	0.00251	0.00123	0.00308	0.00221	0.00254	0.00438
21	0.02676	0.01284	0.01131	0.05356	0.05186	0.28483	0.00768	0.36149	0.08316	0.03299	0.00898	0.01942	0.00691	0.01558	0.00404	0.00119	0.00517	0.00341	0.00310	0.00572
22	0.00567	0.00402	0.00529	0.00562	0.01826	0.00418	0.00375	0.00643	0.01644	0.00910	0.03174	0.21361	0.01616	0.34971	0.24948	0.02679	0.00536	0.02265	0.00268	0.00305
23	0.00500	0.00378	0.00439	0.00470	0.00542	0.00340	0.00325	0.00586	0.00828	0.01067	0.10305	0.34324	0.34315	0.11497	0.00669	0.00173	0.00233	0.00895	0.01789	0.00323

[dist]
# distance from previous block
# <min> <max>
1	5

[block]
# block no. 4 follows, 68 sequences, length 14
# corresponding to MSA columns:
# 190-203
name=unknown_E
#
# <colnr> <probs for GDERKNQSTAVLIFYWHMCP>
#	G	D	E	R	K	N	Q	S	T	A	V	L	I	F	Y	W	H	M	C	P
0	0.02364	0.00860	0.04923	0.02464	0.15873	0.02077	0.00695	0.10051	0.00955	0.04442	0.00791	0.00954	0.00644	0.03021	0.02041	0.00106	0.00386	0.00295	0.00250	0.46809
1	0.07698	0.10108	0.17890	0.00913	0.03094	0.08675	0.00845	0.24284	0.08961	0.10101	0.00914	0.00940	0.00668	0.00432	0.00374	0.00117	0.01529	0.00320	0.00299	0.01837
2	0.00689	0.00344	0.00517	0.00517	0.00517	0.00344	0.00344	0.00517	0.00517	0.00689	0.00689	0.01205	0.00689	0.01377	0.01550	0.88464	0.00344	0.00344	0.00172	0.00172
3	0.00576	0.00387	0.00444	0.00443	0.00449	0.00388	0.00255	0.00588	0.00601	0.00807	0.04532	0.02571	0.01517	0.79590	0.04995	0.00383	0.00401	0.00577	0.00247	0.00250
4	0.01239	0.03748	0.09971	0.02899	0.06216	0.00816	0.09559	0.05539	0.16376	0.31415	0.03878	0.03432	0.01005	0.01557	0.00425	0.00129	0.00408	0.00423	0.00360	0.00604
5	0.00487	0.00352	0.00454	0.00534	0.00564	0.00327	0.00356	0.00555	0.00759	0.01002	0.02270	0.74752	0.08674	0.06163	0.00591	0.00172	0.00237	0.01073	0.00361	0.00318
6	0.13219	0.29399	0.05899	0.00980	0.11838	0.19825	0.00749	0.01221	0.00849	0.01114	0.00660	0.00867	0.00587	0.05468	0.03801	0.00142	0.02425	0.00278	0.00197	0.00483
7	0.01228	0.07802	0.05936	0.03681	0.03204	0.05818	0.00723	0.24377	0.19142	0.14392	0.04483	0.03185	0.03245	0.00511	0.00391	0.00122	0.00401	0.00407	0.00358	0.00595
8	0.01343	0.00995	0.01077	0.00859	0.01132	0.01097	0.00696	0.66915	0.06420	0.02255	0.01152	0.12098	0.00961	0.00580	0.00411	0.00125	0.00402	0.00463	0.00393	0.00625
9	0.00825	0.00810	0.01241	0.66828	0.13184	0.05750	0.01090	0.01071	0.00821	0.01046	0.00699	0.01022	0.00540	0.00401	0.00421	0.00130	0.03130	0.00347	0.00180	0.00466
10	0.75257	0.00748	0.00608	0.00549	0.00782	0.00858	0.00445	0.01221	0.06916	0.03679	0.00747	0.05429	0.00623	0.00432	0.00275	0.00126	0.00304	0.00287	0.00270	0.00444
11	0.00689	0.00666	0.05224	0.00680	0.03055	0.08971	0.00517	0.01826	0.00834	0.02614	0.03044	0.28490	0.15436	0.06147	0.12181	0.00223	0.01831	0.04100	0.03094	0.00378
12	0.00800	0.05574	0.78087	0.01092	0.01653	0.00932	0.01400	0.01238	0.00844	0.01252	0.03133	0.00891	0.00598	0.00388	0.00374	0.00124	0.00567	0.00302	0.00175	0.00576
13	0.03903	0.09315	0.01052	0.00812	0.01046	0.13459	0.00659	0.19947	0.25480	0.04990	0.01239	0.04540	0.01038	0.00559	0.00391	0.00125	0.00413	0.08489	0.01990	0.00555

[dist]
# distance from previous block
# <min> <max>
0	2

[block]
# block no. 5 follows, 68 sequences, length 32
# corresponding to MSA columns:
# 206-237
name=unknown_F
#
# <colnr> <probs for GDERKNQSTAVLIFYWHMCP>
#	G	D	E	R	K	N	Q	S	T	A	V	L	I	F	Y	W	H	M	C	P
0	0.01013	0.15022	0.06471	0.02958	0.02125	0.06629	0.05813	0.09703	0.02315	0.10703	0.09526	0.10902	0.03764	0.00626	0.02803	0.00130	0.00417	0.00465	0.00301	0.08313
1	0.12105	0.41585	0.15270	0.01862	0.01147	0.04913	0.02312	0.03359	0.03880	0.06914	0.00750	0.03001	0.00618	0.00398	0.00310	0.00106	0.00440	0.00284	0.00223	0.00524
2	0.00488	0.00358	0.00451	0.00520	0.00561	0.00329	0.00351	0.00561	0.00782	0.01024	0.04610	0.66016	0.15419	0.05823	0.00582	0.00168	0.00233	0.01040	0.00363	0.00321
3	0.00926	0.00888	0.01515	0.17097	0.65778	0.00917	0.02447	0.01165	0.00884	0.01239	0.00823	0.01069	0.02731	0.00377	0.00396	0.00121	0.00477	0.00367	0.00197	0.00586
4	0.01301	0.01019	0.01012	0.00836	0.01085	0.09980	0.00663	0.38720	0.21415	0.08620	0.01175	0.01298	0.00910	0.08002	0.00539	0.00146	0.00422	0.01890	0.00371	0.00596
5	0.00573	0.00399	0.00507	0.00507	0.00533	0.00425	0.00334	0.00625	0.00599	0.00824	0.01181	0.02215	0.01277	0.55652	0.32206	0.00477	0.00632	0.00521	0.00230	0.00282
6	0.00628	0.00449	0.00627	0.00718	0.00805	0.00447	0.00620	0.00803	0.00902	0.01175	0.02105	0.10013	0.02305	0.01105	0.00545	0.00181	0.00356	0.75488	0.00365	0.00362
7	0.00772	0.00729	0.01231	0.76820	0.10841	0.00887	0.01113	0.01033	0.00804	0.01041	0.00709	0.01049	0.00539	0.00392	0.00396	0.00131	0.00523	0.00352	0.00178	0.00459
8	0.02353	0.00489	0.00599	0.00569	0.00644	0.02388	0.03740	0.02461	0.02301	0.04518	0.04006	0.18111	0.08653	0.38047	0.06450	0.01495	0.00391	0.02155	0.00295	0.00332
9	0.01020	0.00855	0.00910	0.00808	0.01034	0.00979	0.00635	0.10748	0.69257	0.01733	0.03758	0.01557	0.01254	0.00556	0.00409	0.00134	0.00325	0.03006	0.00402	0.00617
10	0.00982	0.00607	0.00739	0.00623	0.00802	0.00600	0.00492	0.19179	0.01283	0.15647	0.49029	0.02202	0.02519	0.00673	0.00435	0.00122	0.00268	0.00574	0.02731	0.00492
11	0.00506	0.00371	0.00431	0.00474	0.00549	0.00333	0.00333	0.00602	0.00833	0.01099	0.05271	0.43375	0.33493	0.01059	0.00468	0.00143	0.00213	0.00927	0.09187	0.00333
12	0.00613	0.00402	0.00490	0.00507	0.00598	0.00359	0.00361	0.00709	0.00871	0.08845	0.11330	0.38666	0.28559	0.05112	0.00552	0.00156	0.00233	0.00895	0.00381	0.00361
13	0.01455	0.01085	0.01160	0.00902	0.01210	0.01205	0.00741	0.74230	0.09990	0.02415	0.01018	0.01005	0.00728	0.00482	0.00397	0.00121	0.00424	0.00366	0.00397	0.00670
14	0.00849	0.19038	0.67492	0.01039	0.01575	0.01051	0.01306	0.01242	0.00831	0.01191	0.00679	0.00797	0.00504	0.00369	0.00352	0.00117	0.00553	0.00277	0.00168	0.00570
15	0.01619	0.00441	0.00571	0.00575	0.00679	0.00406	0.00422	0.02269	0.00908	0.16713	0.11277	0.46947	0.08962	0.00996	0.00473	0.00147	0.00253	0.04537	0.01399	0.00405
16	0.00692	0.00419	0.00526	0.00520	0.00617	0.00379	0.00374	0.00801	0.00906	0.12592	0.21585	0.30807	0.16548	0.09052	0.00615	0.00162	0.00243	0.00813	0.01970	0.00378
17	0.00571	0.00407	0.00466	0.00488	0.00565	0.00388	0.00350	0.00710	0.04206	0.01110	0.06476	0.19279	0.24627	0.18619	0.00779	0.00190	0.00263	0.08792	0.11379	0.00334
18	0.00563	0.00418	0.00612	0.00617	0.00679	0.00478	0.00469	0.00690	0.00639	0.00913	0.01134	0.05902	0.01110	0.09489	0.73692	0.00593	0.00966	0.00472	0.00222	0.00343
19	0.00529	0.00424	0.00454	0.00446	0.00563	0.00379	0.00328	0.02827	0.02106	0.01150	0.13087	0.06886	0.58025	0.09324	0.00620	0.00159	0.00228	0.01756	0.00365	0.00343
20	0.00851	0.00722	0.00838	0.00601	0.00952	0.00559	0.00482	0.04476	0.00867	0.01344	0.00715	0.00828	0.00591	0.00301	0.00298	0.00061	0.00300	0.00240	0.00242	0.84732
21	0.14735	0.00712	0.00866	0.00673	0.00969	0.00658	0.00552	0.06774	0.01062	0.55141	0.01256	0.01156	0.00828	0.00470	0.00391	0.02193	0.00334	0.00349	0.00412	0.10469
22	0.00667	0.00429	0.00549	0.00510	0.00626	0.00387	0.00385	0.00834	0.01077	0.09746	0.60834	0.07234	0.13550	0.00826	0.00463	0.00128	0.00206	0.00722	0.00430	0.00397
23	0.00532	0.00403	0.00480	0.00502	0.00584	0.00375	0.00362	0.02491	0.00868	0.01124	0.13024	0.28535	0.31188	0.08997	0.04221	0.00188	0.00276	0.05152	0.00359	0.00337
24	0.05305	0.00556	0.00819	0.04014	0.05566	0.00593	0.06866	0.03365	0.05557	0.01089	0.03014	0.08140	0.02085	0.08634	0.25387	0.15202	0.00583	0.02604	0.00247	0.00375
25	0.00552	0.00387	0.00475	0.00493	0.00520	0.00391	0.00319	0.00599	0.00647	0.00866	0.01578	0.17395	0.06991	0.49013	0.16508	0.00371	0.00467	0.01876	0.00268	0.00284
26	0.01173	0.00734	0.00838	0.00714	0.00946	0.00772	0.00566	0.08000	0.37932	0.24865	0.07202	0.01656	0.06689	0.00565	0.00403	0.00127	0.00307	0.00466	0.05452	0.00593
27	0.01025	0.01004	0.01271	0.20030	0.34091	0.14043	0.00973	0.09553	0.04244	0.01286	0.00853	0.04556	0.00733	0.04095	0.00463	0.00132	0.00499	0.00383	0.00231	0.00536
28	0.00651	0.00412	0.00610	0.04432	0.00715	0.00409	0.03787	0.00632	0.00671	0.00894	0.02719	0.07881	0.10928	0.03498	0.03275	0.46821	0.00353	0.07048	0.04003	0.00264
29	0.00710	0.00511	0.00594	0.00604	0.00693	0.04721	0.00453	0.00854	0.03699	0.07492	0.09187	0.21988	0.07577	0.14793	0.09155	0.00237	0.00393	0.15628	0.00340	0.00371
30	0.74857	0.00738	0.00611	0.04027	0.00836	0.00848	0.00452	0.02678	0.00713	0.02997	0.00704	0.00849	0.02415	0.04056	0.00338	0.00134	0.00318	0.00258	0.01743	0.00427
31	0.06483	0.00854	0.04723	0.29373	0.41602	0.00869	0.01067	0.01096	0.00846	0.01212	0.00932	0.03308	0.05107	0.00427	0.00391	0.00125	0.00463	0.00388	0.00205	0.00528

[dist]
# distance from previous block
# <min> <max>
1	26

[block]
# block no. 6 follows, 68 sequences, length 84
# corresponding to MSA columns:
# 264-347
name=unknown_G
#
# <colnr> <probs for GDERKNQSTAVLIFYWHMCP>
#	G	D	E	R	K	N	Q	S	T	A	V	L	I	F	Y	W	H	M	C	P
0	0.12961	0.00777	0.02321	0.22938	0.03706	0.07985	0.05136	0.03990	0.03324	0.02638	0.01092	0.09086	0.03872	0.15789	0.02612	0.00186	0.00456	0.00464	0.00247	0.00420
1	0.06928	0.04802	0.02238	0.06758	0.19597	0.30229	0.03395	0.03773	0.00930	0.01154	0.00642	0.00836	0.00542	0.00442	0.00533	0.00123	0.16070	0.00306	0.00202	0.00502
2	0.00752	0.00653	0.01198	0.00983	0.02036	0.00613	0.30168	0.00929	0.00856	0.06951	0.01718	0.36345	0.08729	0.02403	0.02451	0.00161	0.01555	0.00766	0.00305	0.00429
3	0.04222	0.01098	0.01151	0.04202	0.12564	0.12508	0.00776	0.42917	0.02570	0.01862	0.00877	0.02771	0.00692	0.02415	0.00417	0.00119	0.00460	0.00351	0.00312	0.07716
4	0.00889	0.00772	0.01143	0.22372	0.01562	0.00735	0.11912	0.07729	0.00937	0.03696	0.04212	0.01805	0.00742	0.00376	0.00365	0.00098	0.00413	0.00340	0.00245	0.39656
5	0.00524	0.00411	0.00482	0.00518	0.00619	0.00374	0.00399	0.00662	0.02769	0.01117	0.06349	0.22109	0.43054	0.01058	0.00492	0.00150	0.00244	0.17951	0.00371	0.00347
6	0.24065	0.34958	0.03643	0.00665	0.00916	0.05016	0.00602	0.01942	0.00814	0.02493	0.07096	0.01075	0.05885	0.00522	0.02390	0.00124	0.06788	0.00314	0.00232	0.00462
7	0.00992	0.01128	0.02002	0.01478	0.01820	0.12465	0.62794	0.01295	0.03813	0.01212	0.00832	0.02990	0.00661	0.00416	0.00496	0.03801	0.00639	0.00448	0.00211	0.00508
8	0.00780	0.00575	0.00660	0.00607	0.00742	0.00608	0.00456	0.10104	0.15821	0.04687	0.01895	0.03728	0.19126	0.19219	0.17337	0.00285	0.00466	0.02153	0.00325	0.00424
9	0.00488	0.00398	0.00424	0.00425	0.00546	0.00340	0.00316	0.00601	0.00927	0.01153	0.15932	0.08862	0.64832	0.00981	0.00468	0.00134	0.00200	0.00829	0.01802	0.00340
10	0.01122	0.00765	0.00809	0.00681	0.00894	0.12101	0.03891	0.05202	0.02553	0.27953	0.08498	0.03428	0.26555	0.03162	0.00472	0.00132	0.00354	0.00557	0.00382	0.00492
11	0.05630	0.00757	0.00907	0.00723	0.00995	0.00746	0.00588	0.21969	0.04997	0.44779	0.02303	0.06305	0.05271	0.00557	0.00400	0.00125	0.00343	0.00450	0.01540	0.00616
12	0.06220	0.00616	0.00768	0.00656	0.00867	0.00585	0.00515	0.08472	0.03662	0.41664	0.04720	0.23489	0.01467	0.00692	0.00416	0.00132	0.00304	0.00588	0.03620	0.00544
13	0.01148	0.00558	0.00698	0.00597	0.00807	0.00497	0.00473	0.02472	0.04428	0.41040	0.05011	0.10213	0.25946	0.00741	0.00434	0.00131	0.00280	0.02406	0.01604	0.00517
14	0.00488	0.00414	0.00423	0.00418	0.00552	0.00354	0.00314	0.00621	0.03062	0.01119	0.09001	0.03700	0.76212	0.00980	0.00467	0.00133	0.00203	0.00819	0.00373	0.00345
15	0.00486	0.00357	0.00454	0.00529	0.00572	0.00328	0.00361	0.00561	0.00783	0.01022	0.02468	0.69177	0.15830	0.02635	0.00526	0.00161	0.00231	0.02829	0.00366	0.00324
16	0.00724	0.00602	0.00548	0.00536	0.00582	0.11352	0.00343	0.02218	0.03102	0.00919	0.01262	0.09960	0.01383	0.57635	0.01476	0.00297	0.00399	0.00565	0.05793	0.00304
17	0.00934	0.01064	0.02231	0.01608	0.01989	0.03371	0.76592	0.01251	0.00934	0.01251	0.00851	0.04402	0.00679	0.00372	0.00466	0.00134	0.00652	0.00488	0.00207	0.00524
18	0.00866	0.00703	0.00827	0.00593	0.00943	0.00531	0.00475	0.01041	0.00837	0.05091	0.00744	0.00846	0.00605	0.00303	0.00298	0.00062	0.00296	0.00242	0.00247	0.84449
19	0.01283	0.04221	0.01041	0.00808	0.01040	0.00968	0.00663	0.25508	0.16729	0.20398	0.01158	0.01157	0.00841	0.00515	0.00520	0.00127	0.13311	0.00376	0.07354	0.01984
20	0.00489	0.00350	0.00465	0.00548	0.00576	0.00326	0.00369	0.00567	0.00787	0.01056	0.08354	0.79513	0.02707	0.01209	0.00503	0.00158	0.00227	0.01096	0.00373	0.00326
21	0.00551	0.00422	0.00528	0.00538	0.00648	0.00380	0.02329	0.00677	0.00910	0.02792	0.12918	0.19597	0.39690	0.01017	0.00489	0.00147	0.00248	0.15391	0.00374	0.00354
22	0.00487	0.00358	0.00449	0.00519	0.00560	0.00329	0.00349	0.00559	0.00777	0.01014	0.03457	0.65721	0.16261	0.06444	0.00593	0.00170	0.00234	0.01039	0.00361	0.00320
23	0.00480	0.00402	0.00418	0.00414	0.00543	0.00340	0.00310	0.00591	0.00931	0.01135	0.13860	0.03710	0.73548	0.00980	0.00468	0.00133	0.00199	0.00822	0.00377	0.00340
24	0.01060	0.86304	0.02078	0.00678	0.01018	0.01569	0.00678	0.01187	0.00806	0.00933	0.00551	0.00636	0.00509	0.00339	0.00254	0.00085	0.00424	0.00212	0.00170	0.00509
25	0.00912	0.00941	0.01208	0.01040	0.01054	0.07230	0.00860	0.01000	0.00645	0.00955	0.00527	0.00856	0.00520	0.00673	0.01233	0.00168	0.79226	0.00340	0.00176	0.00436
26	0.82250	0.00760	0.00608	0.00535	0.00785	0.00866	0.00441	0.01224	0.00710	0.08016	0.00629	0.00698	0.00471	0.00377	0.00257	0.00123	0.00309	0.00229	0.00264	0.00448
27	0.00822	0.00798	0.01108	0.00964	0.00966	0.01096	0.00789	0.00901	0.00614	0.00944	0.00679	0.06254	0.00720	0.07214	0.01306	0.00189	0.73620	0.00413	0.00191	0.00412
28	0.00576	0.00385	0.00436	0.00436	0.00438	0.00387	0.00245	0.00579	0.00578	0.00772	0.01246	0.02575	0.01433	0.84467	0.03605	0.00389	0.00397	0.00574	0.00240	0.00242
29	0.13057	0.01028	0.02097	0.01513	0.01892	0.00987	0.70887	0.01256	0.00900	0.01340	0.00768	0.01011	0.00578	0.00339	0.00437	0.00132	0.00619	0.00433	0.00207	0.00520
30	0.00567	0.00421	0.00619	0.00619	0.00684	0.00486	0.00473	0.00696	0.00632	0.00907	0.01079	0.01649	0.01031	0.10296	0.77227	0.00615	0.01002	0.00438	0.00215	0.00344
31	0.01397	0.01749	0.01136	0.01024	0.01200	0.72997	0.00780	0.01497	0.01052	0.00968	0.00600	0.00736	0.00512	0.00448	0.00488	0.00112	0.12380	0.00268	0.00200	0.00456
32	0.13444	0.00945	0.00980	0.00774	0.01049	0.01041	0.00635	0.57255	0.01532	0.04277	0.00962	0.00996	0.00698	0.00459	0.00358	0.00116	0.00379	0.00340	0.13163	0.00596
33	0.00556	0.00402	0.00507	0.00482	0.00566	0.00373	0.00350	0.00711	0.01031	0.01438	0.66202	0.02974	0.09307	0.12577	0.00681	0.00161	0.00215	0.00707	0.00404	0.00353
34	0.00701	0.00514	0.00678	0.00740	0.00853	0.00531	0.00637	0.01013	0.12214	0.02310	0.02026	0.04020	0.02117	0.01011	0.00526	0.00175	0.00358	0.68799	0.00372	0.00405
35	0.00483	0.00345	0.00460	0.00552	0.00575	0.00322	0.00368	0.00552	0.00759	0.01012	0.02185	0.85807	0.02622	0.01242	0.00506	0.00161	0.00230	0.01127	0.00368	0.00322
36	0.88866	0.00767	0.00583	0.00521	0.00767	0.00889	0.00429	0.01166	0.00675	0.01779	0.00552	0.00644	0.00429	0.00368	0.00245	0.00123	0.00307	0.00215	0.00245	0.00429
37	0.00699	0.00406	0.00521	0.00545	0.00606	0.00380	0.00374	0.00770	0.00774	0.12393	0.01837	0.47626	0.02041	0.22275	0.00864	0.00210	0.00288	0.04122	0.02915	0.00353
38	0.00916	0.00606	0.00695	0.00634	0.00773	0.00637	0.00461	0.04509	0.27883	0.13674	0.04060	0.13457	0.01499	0.27326	0.00922	0.00213	0.00329	0.00579	0.00361	0.00466
39	0.00531	0.00376	0.00488	0.00524	0.00585	0.00346	0.00368	0.00645	0.00905	0.02558	0.31086	0.48728	0.09264	0.01059	0.00488	0.00145	0.00214	0.00948	0.00394	0.00347
40	0.00559	0.00392	0.00534	0.00563	0.00611	0.00410	0.00400	0.00652	0.00690	0.02288	0.01580	0.31826	0.03699	0.15700	0.35806	0.00393	0.00602	0.00709	0.02256	0.00329
41	0.01561	0.00926	0.01065	0.00826	0.01130	0.00968	0.00679	0.47396	0.06120	0.31956	0.01230	0.02405	0.00845	0.00496	0.00399	0.00122	0.00390	0.00389	0.00431	0.00667
42	0.00492	0.00390	0.00435	0.00453	0.00552	0.00341	0.00329	0.00588	0.00876	0.01092	0.10772	0.20239	0.53004	0.04378	0.00557	0.01626	0.00219	0.02961	0.00366	0.00330
43	0.00973	0.01080	0.00790	0.00733	0.00886	0.37440	0.00551	0.02397	0.03100	0.01196	0.23589	0.04375	0.16371	0.00758	0.03910	0.00139	0.00467	0.00522	0.00309	0.00413
44	0.01279	0.14206	0.08547	0.00954	0.01203	0.51450	0.01954	0.05790	0.01040	0.01067	0.00663	0.00828	0.00566	0.04006	0.01701	0.00125	0.03652	0.00280	0.00207	0.00479
45	0.00483	0.00355	0.00450	0.00525	0.00566	0.00325	0.00354	0.00555	0.00779	0.01017	0.02463	0.70686	0.15748	0.03016	0.00532	0.00161	0.00229	0.01068	0.00365	0.00322
46	0.04210	0.00426	0.00484	0.00531	0.00585	0.02311	0.00364	0.00649	0.01992	0.01049	0.05568	0.48508	0.12076	0.15609	0.00744	0.00192	0.00271	0.03764	0.00341	0.00326
47	0.01002	0.36294	0.02448	0.03846	0.14909	0.07926	0.03156	0.05780	0.00876	0.01101	0.00707	0.00906	0.00620	0.00797	0.13900	0.00190	0.04537	0.00301	0.00198	0.00505
48	0.24435	0.16472	0.18299	0.00928	0.04620	0.21889	0.03597	0.03420	0.00893	0.01301	0.00627	0.00737	0.00499	0.00376	0.00320	0.00112	0.00509	0.00259	0.00206	0.00502
49	0.01050	0.02538	0.01094	0.01188	0.19650	0.29255	0.02219	0.04474	0.00909	0.01064	0.00836	0.01313	0.00802	0.20105	0.04774	0.00202	0.06563	0.01295	0.00218	0.00451
50	0.00543	0.00401	0.00564	0.00598	0.00641	0.00434	0.00434	0.00638	0.00682	0.00947	0.01530	0.37437	0.01696	0.07611	0.39538	0.01729	0.03237	0.00730	0.00279	0.00333
51	0.22014	0.00623	0.02021	0.00595	0.00799	0.00606	0.00484	0.04139	0.02790	0.23158	0.21146	0.05494	0.06771	0.00671	0.02008	0.00137	0.00300	0.03497	0.02267	0.00481
52	0.12806	0.00499	0.00579	0.00567	0.00706	0.00469	0.00430	0.00820	0.00821	0.04843	0.07152	0.32453	0.06842	0.03812	0.00484	0.00144	0.00274	0.11369	0.00335	0.14593
53	0.09357	0.00710	0.00908	0.00702	0.01004	0.00650	0.00580	0.06923	0.01141	0.71586	0.01437	0.01263	0.00914	0.00479	0.00385	0.00122	0.00341	0.00380	0.00463	0.00653
54	0.01468	0.00847	0.00967	0.00755	0.01032	0.00877	0.00619	0.42749	0.01457	0.28725	0.01207	0.01168	0.00831	0.00478	0.00378	0.00116	0.00363	0.00373	0.14967	0.00624
55	0.00574	0.00415	0.00491	0.00474	0.00587	0.00370	0.00357	0.00713	0.00991	0.04449	0.38778	0.03307	0.36528	0.05691	0.00557	0.00146	0.00218	0.04599	0.00396	0.00361
56	0.00685	0.00411	0.00459	0.00455	0.00492	0.02264	0.00298	0.01625	0.00670	0.00996	0.01117	0.03144	0.01107	0.33743	0.01281	0.22800	0.00318	0.00452	0.27410	0.00274
57	0.00575	0.00391	0.00466	0.00466	0.00477	0.00402	0.00281	0.00598	0.00586	0.00793	0.01219	0.02427	0.01369	0.72643	0.15341	0.00425	0.00494	0.00552	0.00236	0.00259
58	0.00560	0.00430	0.00517	0.00502	0.00614	0.00399	0.00385	0.00767	0.05086	0.01405	0.48970	0.03264	0.27748	0.00878	0.00471	0.00132	0.00211	0.06878	0.00409	0.00374
59	0.03102	0.00546	0.00639	0.00619	0.00728	0.00560	0.00452	0.18959	0.01010	0.04591	0.01701	0.48100	0.01853	0.06978	0.00574	0.01064	0.00293	0.01718	0.06098	0.00414
60	0.01463	0.00898	0.01006	0.00784	0.01066	0.00948	0.00643	0.50982	0.01538	0.22161	0.01150	0.01125	0.00798	0.00478	0.00380	0.00116	0.00376	0.00369	0.13090	0.00630
61	0.00485	0.00387	0.00435	0.00465	0.00561	0.00338	0.00338	0.00582	0.00866	0.01076	0.06572	0.28774	0.51432	0.01880	0.00498	0.00146	0.00218	0.04246	0.00370	0.00333
62	0.14933	0.00741	0.00606	0.00571	0.00704	0.14655	0.00426	0.04849	0.03519	0.01359	0.01125	0.06933	0.01019	0.12454	0.00559	0.00149	0.00344	0.02133	0.32524	0.00396
63	0.00576	0.00385	0.00437	0.00437	0.00439	0.00387	0.00246	0.00580	0.00578	0.00772	0.01245	0.02570	0.01431	0.84097	0.03972	0.00390	0.00400	0.00573	0.00240	0.00243
64	0.00992	0.12709	0.01674	0.02192	0.72210	0.01028	0.01143	0.01213	0.00889	0.01245	0.00719	0.00934	0.00612	0.00351	0.00373	0.00113	0.00465	0.00334	0.00193	0.00612
65	0.00936	0.01070	0.02340	0.01671	0.02072	0.01003	0.82152	0.01270	0.00936	0.01270	0.00802	0.01070	0.00602	0.00334	0.00468	0.00134	0.00668	0.00468	0.00201	0.00535
66	0.00755	0.00654	0.00706	0.00770	0.00877	0.12038	0.00656	0.00926	0.00942	0.01157	0.01894	0.03954	0.02038	0.01001	0.00521	0.00171	0.00413	0.69804	0.00343	0.00378
67	0.16288	0.00741	0.00866	0.00684	0.00965	0.00730	0.00563	0.15023	0.02202	0.49287	0.01273	0.01177	0.00843	0.00466	0.00363	0.00120	0.00337	0.00359	0.07102	0.00610
68	0.00481	0.00353	0.00452	0.00531	0.00570	0.00324	0.00359	0.00554	0.00779	0.01020	0.02438	0.74505	0.13761	0.01209	0.00501	0.00157	0.00226	0.01087	0.00368	0.00324
69	0.00567	0.00420	0.00610	0.00608	0.00674	0.00476	0.00463	0.00699	0.00669	0.00957	0.07334	0.01759	0.01241	0.10413	0.70563	0.00575	0.00934	0.00461	0.00232	0.00345
70	0.00578	0.00418	0.00605	0.00605	0.00672	0.00479	0.00463	0.00711	0.00645	0.00943	0.01091	0.01632	0.01027	0.09131	0.73018	0.00584	0.00956	0.00433	0.05662	0.00346
71	0.01630	0.00913	0.01068	0.00819	0.01131	0.00936	0.00676	0.45863	0.01534	0.39373	0.01229	0.01132	0.00813	0.00483	0.00398	0.00121	0.00391	0.00376	0.00439	0.00675
72	0.00791	0.00671	0.00783	0.00587	0.00899	0.00527	0.00463	0.01003	0.04609	0.01300	0.04411	0.05765	0.02926	0.00397	0.00322	0.00073	0.00284	0.00330	0.00262	0.73598
73	0.00539	0.00406	0.00466	0.00449	0.00537	0.00367	0.00314	0.00645	0.00889	0.01176	0.31018	0.03110	0.31130	0.24043	0.00885	0.00197	0.00248	0.00709	0.00354	0.02518
74	0.00525	0.00397	0.00429	0.00433	0.00507	0.00363	0.00294	0.00588	0.00769	0.00957	0.04068	0.03316	0.43078	0.37186	0.01132	0.00243	0.00287	0.04818	0.00315	0.00297
75	0.00567	0.00387	0.00436	0.00434	0.00450	0.00380	0.00253	0.00587	0.00635	0.00843	0.06541	0.02710	0.07813	0.74329	0.01804	0.00349	0.00358	0.00605	0.00262	0.00256
76	0.03098	0.00514	0.00641	0.00558	0.00699	0.00481	0.00408	0.03120	0.00914	0.30162	0.14646	0.07244	0.01668	0.30243	0.00970	0.00215	0.00320	0.00551	0.03109	0.00439
77	0.00618	0.00430	0.00621	0.00612	0.00683	0.00483	0.00464	0.00742	0.00655	0.04354	0.01949	0.01700	0.01078	0.13779	0.69291	0.00577	0.00934	0.00447	0.00230	0.00353
78	0.00499	0.00372	0.00448	0.00500	0.00556	0.00341	0.00344	0.00573	0.00783	0.01004	0.02586	0.46549	0.25995	0.12858	0.00706	0.00185	0.00249	0.04785	0.00350	0.00317
79	0.00486	0.00346	0.00459	0.00548	0.00570	0.00324	0.00363	0.00553	0.00752	0.01003	0.02151	0.82768	0.02579	0.04340	0.00561	0.00169	0.00236	0.01107	0.00363	0.00319
80	0.17509	0.00996	0.01105	0.07321	0.07512	0.01107	0.00752	0.53601	0.01478	0.03603	0.00855	0.00912	0.00620	0.00441	0.00368	0.00121	0.00420	0.00331	0.00339	0.00608
81	0.00763	0.00693	0.01183	0.19665	0.20342	0.00718	0.12552	0.00993	0.02106	0.01192	0.04600	0.14207	0.03337	0.00636	0.00443	0.00138	0.00429	0.11619	0.03918	0.00464
82	0.00956	0.00679	0.00738	0.00657	0.00825	0.00733	0.00506	0.26001	0.15847	0.01700	0.01477	0.19979	0.02378	0.02546	0.00428	0.00130	0.00300	0.00558	0.23069	0.00496
83	0.00645	0.00534	0.01863	0.02971	0.06109	0.02461	0.01533	0.00835	0.06784	0.02199	0.13190	0.20073	0.19049	0.14527	0.00700	0.00175	0.00296	0.01349	0.04326	0.00381

[dist]
# distance from previous block
# <min> <max>
0	19

[block]
# block no. 7 follows, 68 sequences, length 27
# corresponding to MSA columns:
# 367-393
name=unknown_H
#
# <colnr> <probs for GDERKNQSTAVLIFYWHMCP>
#	G	D	E	R	K	N	Q	S	T	A	V	L	I	F	Y	W	H	M	C	P
0	0.01379	0.04773	0.01244	0.04741	0.09178	0.54597	0.02490	0.14569	0.01192	0.01256	0.00686	0.00798	0.00551	0.00410	0.00367	0.00108	0.00627	0.00288	0.00232	0.00513
1	0.00532	0.00383	0.00456	0.00481	0.00527	0.00361	0.00316	0.00593	0.00741	0.00974	0.07668	0.29102	0.16445	0.34110	0.02228	0.00246	0.00297	0.02633	0.00319	0.01589
2	0.09410	0.00701	0.00825	0.02089	0.06022	0.00676	0.00551	0.13079	0.04881	0.08240	0.03323	0.13993	0.03150	0.04601	0.00453	0.00124	0.00326	0.02040	0.00317	0.25198
3	0.02556	0.09119	0.03480	0.53455	0.15607	0.00980	0.02472	0.03612	0.00842	0.01122	0.00699	0.00982	0.00546	0.00391	0.00402	0.00125	0.02595	0.00337	0.00187	0.00490
4	0.00518	0.00360	0.00450	0.00508	0.00522	0.00345	0.00321	0.00561	0.00692	0.00922	0.01839	0.54992	0.02185	0.32654	0.01066	0.00244	0.00287	0.00923	0.00321	0.00292
5	0.00692	0.00454	0.00533	0.00508	0.00628	0.00421	0.00376	0.00864	0.05923	0.10450	0.18704	0.10474	0.30496	0.13000	0.00681	0.00170	0.00254	0.03421	0.01566	0.00385
6	0.07781	0.00789	0.00886	0.00733	0.00968	0.02141	0.00586	0.30890	0.04708	0.21396	0.07809	0.12639	0.02272	0.00707	0.03711	0.00147	0.00377	0.00499	0.00397	0.00563
