[name]
unknown

[dist]
# distance from previous block
# <min> <max>
1	281

[block]
# block no. 0 follows, 64 sequences, length 21
# corresponding to MSA columns:
# 330-343,347-353
name=unknown_A
#
# <colnr> <probs for GDERKNQSTAVLIFYWHMCP>
#	G	D	E	R	K	N	Q	S	T	A	V	L	I	F	Y	W	H	M	C	P
0	0.13231	0.06852	0.12306	0.03175	0.06600	0.00893	0.00750	0.08173	0.15768	0.05195	0.03957	0.06139	0.08312	0.01490	0.02182	0.00143	0.00401	0.00454	0.00314	0.03665
1	0.02404	0.05817	0.01225	0.09715	0.35253	0.02131	0.00885	0.03225	0.03025	0.01289	0.04814	0.15446	0.08172	0.00630	0.00455	0.00134	0.02721	0.00555	0.01581	0.00525
2	0.03703	0.07169	0.08747	0.04633	0.08765	0.04080	0.10999	0.15978	0.09471	0.03219	0.05507	0.01338	0.00976	0.04775	0.07510	0.00187	0.00537	0.01560	0.00290	0.00559
3	0.00704	0.00438	0.00542	0.00519	0.00586	0.00422	0.00350	0.00788	0.00833	0.08584	0.22040	0.07401	0.05667	0.41625	0.07475	0.00304	0.00381	0.00657	0.00339	0.00347
4	0.00823	0.00751	0.01023	0.06731	0.26508	0.04354	0.00769	0.01120	0.09900	0.01376	0.21414	0.07000	0.11341	0.01905	0.00501	0.00138	0.02938	0.00582	0.00322	0.00504
5	0.06150	0.04087	0.00946	0.02715	0.03202	0.08480	0.00626	0.27478	0.03434	0.04217	0.01413	0.30585	0.01426	0.02709	0.00476	0.00145	0.00395	0.00642	0.00357	0.00516
6	0.05231	0.00812	0.01001	0.02774	0.08930	0.00853	0.03950	0.30033	0.01219	0.06744	0.01191	0.04711	0.02729	0.20778	0.00814	0.00192	0.00416	0.00469	0.05221	0.01933
7	0.01380	0.14350	0.01433	0.01084	0.05895	0.29128	0.05083	0.25810	0.07270	0.01585	0.00833	0.00910	0.00653	0.00447	0.00404	0.00116	0.02422	0.00328	0.00284	0.00584
8	0.84978	0.00849	0.00632	0.00567	0.00822	0.04136	0.00463	0.01238	0.00725	0.01831	0.00581	0.00678	0.00453	0.00387	0.00262	0.00128	0.00338	0.00227	0.00255	0.00451
9	0.03007	0.01087	0.09381	0.14312	0.33287	0.02152	0.13323	0.09179	0.04130	0.03019	0.02582	0.01096	0.00723	0.00410	0.00421	0.00130	0.00526	0.00391	0.00242	0.00602
10	0.00831	0.00745	0.04589	0.07766	0.10498	0.00724	0.02409	0.05861	0.17889	0.03041	0.18305	0.11678	0.09805	0.02077	0.00483	0.00143	0.00348	0.01941	0.00360	0.00509
11	0.04804	0.00491	0.00583	0.05437	0.03384	0.00467	0.00439	0.00793	0.03164	0.02487	0.26692	0.06238	0.39789	0.02803	0.00508	0.00143	0.00251	0.00750	0.00383	0.00394
12	0.01185	0.01104	0.06619	0.04053	0.19660	0.07829	0.06752	0.12670	0.07267	0.06427	0.08780	0.03579	0.04288	0.00622	0.00500	0.00151	0.02304	0.04131	0.00347	0.01732
13	0.00514	0.00371	0.00481	0.00565	0.00599	0.00345	0.00381	0.00588	0.00802	0.01058	0.02390	0.72745	0.08941	0.05324	0.00604	0.00178	0.00250	0.03150	0.00379	0.00335
14	0.00955	0.00976	0.05952	0.30729	0.34872	0.04132	0.04101	0.02408	0.02336	0.03005	0.02160	0.01145	0.02329	0.00417	0.00414	0.00128	0.00517	0.00383	0.00219	0.02822
15	0.00949	0.00876	0.03811	0.25637	0.32608	0.00860	0.01024	0.04272	0.00942	0.04067	0.02255	0.03236	0.00741	0.00415	0.00398	0.00118	0.00462	0.00374	0.00234	0.16723
16	0.00926	0.00887	0.01513	0.36259	0.45708	0.00963	0.03662	0.01207	0.02539	0.01242	0.00784	0.01074	0.00626	0.00392	0.00416	0.00130	0.00521	0.00375	0.00201	0.00574
17	0.01102	0.01056	0.12972	0.09776	0.13964	0.03723	0.03858	0.13535	0.04794	0.11483	0.05832	0.02704	0.04126	0.00503	0.00415	0.00126	0.00452	0.01448	0.02363	0.05765
18	0.03623	0.00969	0.02501	0.09164	0.15155	0.12744	0.00784	0.09977	0.06610	0.11020	0.01367	0.06035	0.08115	0.01863	0.02159	0.00142	0.00460	0.01697	0.01766	0.03849
19	0.00969	0.04727	0.07780	0.06698	0.17666	0.07836	0.04879	0.05422	0.04799	0.05486	0.04608	0.05831	0.07245	0.02596	0.07711	0.00184	0.01850	0.02908	0.00279	0.00525
20	0.04635	0.03102	0.08499	0.08441	0.07693	0.14833	0.08000	0.05680	0.05380	0.07506	0.04351	0.09836	0.02176	0.01954	0.02186	0.00146	0.02455	0.00466	0.00283	0.02377

[dist]
# distance from previous block
# <min> <max>
7	46

[block]
# block no. 1 follows, 64 sequences, length 22
# corresponding to MSA columns:
# 400-421
name=unknown_B
#
# <colnr> <probs for GDERKNQSTAVLIFYWHMCP>
#	G	D	E	R	K	N	Q	S	T	A	V	L	I	F	Y	W	H	M	C	P
0	0.15879	0.07298	0.03455	0.01875	0.04240	0.06981	0.00707	0.26675	0.11819	0.04411	0.01071	0.06293	0.00897	0.03035	0.00450	0.00137	0.01716	0.02154	0.00332	0.00573
1	0.06728	0.00718	0.04681	0.00720	0.00873	0.04484	0.00586	0.10106	0.03940	0.02529	0.02438	0.03755	0.02338	0.07859	0.45847	0.00441	0.00801	0.00450	0.00269	0.00438
2	0.44545	0.10244	0.00741	0.00551	0.00749	0.00805	0.00446	0.01005	0.00755	0.01452	0.01287	0.08493	0.10946	0.06066	0.07467	0.00190	0.00382	0.00434	0.03024	0.00416
3	0.00544	0.00426	0.00507	0.00522	0.00620	0.00392	0.00391	0.00670	0.00952	0.01231	0.21075	0.18481	0.38277	0.02897	0.02317	0.00165	0.01978	0.07802	0.00391	0.00361
4	0.07422	0.37703	0.01557	0.00865	0.01147	0.39175	0.00730	0.01466	0.01002	0.04621	0.00653	0.00737	0.00550	0.00398	0.00322	0.00102	0.00571	0.00252	0.00214	0.00511
5	0.00601	0.00507	0.00542	0.00567	0.00693	0.04014	0.00456	0.00739	0.00974	0.01190	0.08211	0.04025	0.48234	0.01043	0.00513	0.00155	0.00289	0.26497	0.00382	0.00369
6	0.01302	0.27566	0.05783	0.01092	0.09941	0.34161	0.00847	0.05651	0.01056	0.03919	0.00696	0.00802	0.00575	0.00405	0.00364	0.00106	0.01939	0.00278	0.00221	0.03295
7	0.01090	0.10631	0.11913	0.06676	0.11150	0.04359	0.05040	0.09436	0.09181	0.10479	0.05587	0.05747	0.02818	0.00571	0.01946	0.00138	0.01919	0.00439	0.00302	0.00576
8	0.00504	0.00368	0.00476	0.00562	0.00598	0.00339	0.00378	0.00580	0.00811	0.01067	0.02489	0.76695	0.11055	0.01275	0.00526	0.00166	0.00238	0.01149	0.00386	0.00339
9	0.00604	0.00449	0.00586	0.02931	0.00708	0.00472	0.00442	0.00738	0.05404	0.01030	0.01832	0.35878	0.06775	0.16252	0.13545	0.04839	0.03333	0.03520	0.00316	0.00347
10	0.02962	0.32860	0.12308	0.05910	0.07770	0.06040	0.10092	0.08554	0.02273	0.03451	0.00800	0.03766	0.00669	0.00422	0.00364	0.00116	0.00511	0.00342	0.00229	0.00563
11	0.00995	0.03936	0.07944	0.30275	0.26399	0.03383	0.07015	0.07851	0.03253	0.02664	0.00833	0.02126	0.00656	0.00418	0.00413	0.00130	0.00531	0.00380	0.00226	0.00571
12	0.00725	0.00449	0.00538	0.00526	0.00656	0.00401	0.00401	0.00862	0.00986	0.11785	0.16731	0.16790	0.32161	0.00943	0.00475	0.00141	0.00242	0.06315	0.08465	0.00407
13	0.02871	0.06152	0.46265	0.08493	0.03533	0.12212	0.02516	0.05807	0.02811	0.02512	0.00871	0.01073	0.00673	0.00473	0.00425	0.00141	0.00612	0.01704	0.00238	0.00617
14	0.04799	0.06369	0.02703	0.01736	0.07321	0.07199	0.04594	0.06011	0.02043	0.09980	0.06941	0.23169	0.10386	0.00764	0.00456	0.01428	0.00372	0.00646	0.02603	0.00480
15	0.04504	0.05379	0.18187	0.20224	0.10945	0.04340	0.10298	0.05779	0.02606	0.02690	0.03450	0.01173	0.02407	0.00451	0.00441	0.00131	0.03356	0.01599	0.00232	0.01810
16	0.04801	0.04222	0.14604	0.09631	0.11924	0.14837	0.04445	0.18937	0.03888	0.03897	0.03240	0.02088	0.00754	0.00452	0.00400	0.00125	0.00533	0.00364	0.00273	0.00585
17	0.03953	0.08434	0.04663	0.06637	0.12994	0.08946	0.00826	0.12293	0.03856	0.05023	0.02529	0.10093	0.04790	0.00656	0.00470	0.00145	0.02521	0.06027	0.01487	0.03656
18	0.04743	0.12856	0.02454	0.00768	0.03914	0.03824	0.02638	0.03966	0.10169	0.09151	0.09610	0.12797	0.12524	0.03471	0.03444	0.00159	0.02101	0.00580	0.00340	0.00490
19	0.01141	0.02447	0.09175	0.10173	0.27937	0.04915	0.01004	0.07970	0.08472	0.08414	0.07099	0.04501	0.01120	0.00578	0.01474	0.00149	0.00489	0.00455	0.01858	0.00629
20	0.02144	0.06076	0.20567	0.08363	0.14449	0.04587	0.03523	0.08303	0.04927	0.11145	0.00993	0.03368	0.01739	0.00452	0.00409	0.00124	0.01499	0.00375	0.00271	0.06686
21	0.02647	0.05292	0.08494	0.02394	0.03635	0.20577	0.08901	0.11694	0.06757	0.04277	0.03751	0.06618	0.04473	0.02030	0.00463	0.00130	0.02586	0.00437	0.00287	0.04556

[dist]
# distance from previous block
# <min> <max>
3	31

[block]
# block no. 2 follows, 64 sequences, length 22
# corresponding to MSA columns:
# 575-596
name=unknown_C
#
# <colnr> <probs for GDERKNQSTAVLIFYWHMCP>
#	G	D	E	R	K	N	Q	S	T	A	V	L	I	F	Y	W	H	M	C	P
0	0.06618	0.02139	0.05164	0.08899	0.14733	0.07147	0.07465	0.11234	0.03734	0.07448	0.01031	0.02841	0.02902	0.04152	0.02527	0.00149	0.01941	0.00397	0.02501	0.06977
1	0.06149	0.00996	0.01102	0.07372	0.09737	0.12203	0.03628	0.13561	0.11617	0.04057	0.06485	0.02617	0.02185	0.02757	0.01630	0.00138	0.03289	0.00407	0.00305	0.09766
2	0.06391	0.03785	0.07694	0.03549	0.25768	0.07771	0.09807	0.07387	0.11424	0.03256	0.04493	0.02895	0.03009	0.00470	0.00411	0.00128	0.00484	0.00416	0.00275	0.00587
3	0.03937	0.03150	0.04401	0.08048	0.11691	0.12074	0.00828	0.19408	0.03937	0.05679	0.01999	0.03563	0.04735	0.00516	0.00459	0.00124	0.05687	0.01355	0.00296	0.08112
4	0.03963	0.03464	0.09230	0.04778	0.18366	0.02440	0.05174	0.13015	0.08892	0.04218	0.04252	0.04677	0.04871	0.00514	0.00430	0.00127	0.02414	0.00436	0.03418	0.05320
5	0.07126	0.08505	0.09679	0.02162	0.06199	0.08965	0.04919	0.15726	0.06282	0.04274	0.02797	0.05596	0.03261	0.00531	0.01436	0.00127	0.01656	0.00399	0.00291	0.10071
6	0.09973	0.05133	0.03512	0.01038	0.05271	0.11255	0.04474	0.17414	0.07236	0.05145	0.03779	0.05794	0.01098	0.00667	0.01668	0.00160	0.05496	0.03881	0.02609	0.04397
7	0.03564	0.02896	0.13431	0.04142	0.14056	0.02181	0.18606	0.07516	0.09591	0.02670	0.03345	0.01294	0.04394	0.00475	0.00473	0.00132	0.04918	0.01587	0.00264	0.04465
8	0.00518	0.00378	0.00488	0.00561	0.00607	0.00349	0.00387	0.00609	0.00855	0.01134	0.10648	0.65555	0.11600	0.01224	0.00523	0.00162	0.00237	0.03427	0.00393	0.00346
9	0.00711	0.00362	0.00537	0.00540	0.00541	0.00361	0.00359	0.00544	0.00551	0.00735	0.00788	0.03993	0.00808	0.03687	0.01601	0.82755	0.00358	0.00394	0.00189	0.00187
10	0.00960	0.00683	0.00791	0.00702	0.00890	0.00722	0.00545	0.06211	0.33447	0.10591	0.34663	0.04319	0.02329	0.00690	0.00452	0.00135	0.00282	0.00592	0.00445	0.00549
11	0.00865	0.11878	0.73803	0.01129	0.01713	0.01044	0.01439	0.01307	0.00873	0.01276	0.00726	0.00852	0.00527	0.00390	0.00380	0.00127	0.00594	0.00297	0.00176	0.00604
12	0.01021	0.00982	0.01679	0.04495	0.76964	0.00988	0.03367	0.01291	0.02696	0.01357	0.00801	0.01044	0.00668	0.00375	0.00414	0.00125	0.00497	0.00375	0.00210	0.00651
13	0.00655	0.00404	0.00607	0.00607	0.00645	0.00443	0.00443	0.00645	0.00607	0.00847	0.00924	0.01454	0.00885	0.02308	0.44107	0.42786	0.00750	0.00404	0.00202	0.00279
14	0.00875	0.00818	0.01377	0.50821	0.32502	0.00927	0.01166	0.01137	0.00875	0.01189	0.00777	0.01094	0.00612	0.00401	0.00409	0.00131	0.00518	0.00370	0.03469	0.00532
15	0.00904	0.00737	0.00866	0.00621	0.00988	0.00556	0.00497	0.01088	0.00875	0.04845	0.00777	0.00885	0.00633	0.00316	0.00312	0.00064	0.00310	0.00253	0.00258	0.84215
16	0.02438	0.01062	0.01462	0.15472	0.27732	0.09510	0.09087	0.12379	0.06795	0.04081	0.00871	0.01055	0.00677	0.00437	0.00467	0.00131	0.05116	0.00378	0.00257	0.00591
17	0.03450	0.01295	0.01302	0.08879	0.20830	0.24708	0.00927	0.26786	0.04969	0.01662	0.00842	0.00961	0.00651	0.00441	0.00399	0.00121	0.00549	0.00343	0.00284	0.00600
18	0.00605	0.00403	0.00466	0.00465	0.00474	0.00402	0.00271	0.00612	0.00635	0.00849	0.04650	0.02675	0.03685	0.73926	0.04221	0.04130	0.00407	0.00602	0.00260	0.00260
19	0.00556	0.00407	0.00509	0.00556	0.00620	0.00380	0.00403	0.00663	0.00880	0.01158	0.14646	0.33708	0.16949	0.12632	0.00740	0.00193	0.00274	0.14004	0.00378	0.00344
20	0.01049	0.50303	0.11755	0.01042	0.01429	0.03304	0.20568	0.01275	0.00882	0.01105	0.00662	0.00813	0.00557	0.00373	0.00376	0.00110	0.03362	0.00304	0.00186	0.00545
21	0.00506	0.00371	0.00476	0.00557	0.00598	0.00340	0.00377	0.00586	0.00824	0.01084	0.04594	0.72679	0.12967	0.01258	0.00524	0.00164	0.00236	0.01131	0.00387	0.00340

[dist]
# distance from previous block
# <min> <max>
0	2

[block]
# block no. 3 follows, 64 sequences, length 27
# corresponding to MSA columns:
# 599-625
name=unknown_D
#
# <colnr> <probs for GDERKNQSTAVLIFYWHMCP>
#	G	D	E	R	K	N	Q	S	T	A	V	L	I	F	Y	W	H	M	C	P
0	0.01172	0.00660	0.00798	0.00710	0.00902	0.00572	0.00534	0.01273	0.01230	0.27402	0.33105	0.06078	0.21746	0.00926	0.00552	0.00170	0.00324	0.00745	0.00516	0.00585
1	0.88336	0.00803	0.00611	0.00546	0.00803	0.00932	0.00450	0.01221	0.00707	0.01864	0.00578	0.00675	0.00450	0.00386	0.00257	0.00129	0.00321	0.00225	0.00257	0.00450
2	0.01437	0.07421	0.01256	0.01049	0.01244	0.67363	0.00810	0.01544	0.01083	0.01012	0.00625	0.00765	0.00536	0.00463	0.00498	0.00116	0.11813	0.00277	0.00207	0.00481
3	0.00891	0.19552	0.66353	0.01085	0.01645	0.01106	0.01363	0.01301	0.00870	0.01245	0.00710	0.00833	0.00528	0.00386	0.00368	0.00123	0.00579	0.00289	0.00176	0.00597
4	0.00956	0.03926	0.09439	0.34182	0.34031	0.00984	0.01190	0.03156	0.00916	0.04042	0.00783	0.01041	0.00611	0.00407	0.00430	0.00131	0.02638	0.00360	0.00209	0.00570
5	0.01062	0.01055	0.01531	0.01197	0.01483	0.09052	0.31524	0.06951	0.26126	0.02647	0.03424	0.04067	0.01927	0.02492	0.00522	0.00144	0.03433	0.00486	0.00309	0.00569
6	0.01137	0.03425	0.01121	0.01135	0.11872	0.39884	0.00783	0.01274	0.00947	0.01044	0.00796	0.01063	0.00705	0.01257	0.25833	0.00284	0.06416	0.00340	0.00212	0.00471
7	0.00809	0.00688	0.01129	0.64089	0.04973	0.00820	0.01014	0.01043	0.00845	0.04888	0.01006	0.08269	0.01849	0.00560	0.00471	0.02996	0.00500	0.03369	0.00227	0.00455
8	0.00843	0.05068	0.01209	0.24411	0.03568	0.00874	0.09705	0.05452	0.04145	0.02469	0.03338	0.13669	0.03224	0.00793	0.04927	0.00175	0.10124	0.05261	0.00270	0.00473
9	0.00529	0.00417	0.00477	0.00477	0.00591	0.00366	0.00355	0.00663	0.01011	0.01305	0.30935	0.11767	0.46298	0.01009	0.00496	0.00141	0.00211	0.02180	0.00410	0.00364
10	0.00598	0.00437	0.00588	0.00694	0.03353	0.00424	0.00486	0.03916	0.00878	0.01168	0.02171	0.63422	0.02528	0.01209	0.00530	0.00170	0.00285	0.16391	0.00380	0.00371
11	0.04850	0.00968	0.01458	0.19074	0.27105	0.05840	0.10214	0.03793	0.02816	0.04492	0.00801	0.01069	0.00649	0.02280	0.00587	0.00143	0.12703	0.00380	0.00226	0.00551
12	0.00713	0.00364	0.00535	0.00535	0.00535	0.00364	0.00353	0.00546	0.00546	0.00728	0.00765	0.01370	0.00780	0.07653	0.01660	0.81442	0.00364	0.00379	0.00186	0.00186
13	0.00511	0.00368	0.00476	0.00561	0.00591	0.00342	0.00373	0.00581	0.00793	0.01049	0.02353	0.74891	0.07822	0.06398	0.00624	0.00181	0.00249	0.01126	0.00377	0.00333
14	0.03356	0.00940	0.01408	0.41885	0.24622	0.06830	0.06286	0.05889	0.00960	0.01279	0.00771	0.01050	0.00601	0.00405	0.00410	0.00130	0.00542	0.00367	0.01732	0.00536
15	0.01051	0.07665	0.01857	0.01719	0.27048	0.01070	0.30638	0.10984	0.01061	0.01447	0.00915	0.01313	0.00776	0.00452	0.00480	0.00135	0.03890	0.06667	0.00244	0.00588
16	0.00722	0.00361	0.00541	0.00541	0.00541	0.00361	0.00361	0.00541	0.00541	0.00722	0.00722	0.01263	0.00722	0.01443	0.01623	0.87915	0.00361	0.00361	0.00180	0.00180
17	0.09308	0.03049	0.01155	0.00902	0.01205	0.10534	0.00735	0.50653	0.09434	0.07411	0.01018	0.01013	0.00735	0.00485	0.00394	0.00124	0.00459	0.00357	0.00380	0.00649
18	0.02675	0.00788	0.02323	0.03641	0.04611	0.00767	0.02676	0.12624	0.04389	0.04125	0.01074	0.12189	0.00994	0.03571	0.05052	0.00155	0.07846	0.00453	0.00293	0.29755
19	0.01046	0.00603	0.00741	0.00648	0.00828	0.00590	0.00508	0.12816	0.03608	0.20573	0.26018	0.12017	0.05124	0.00812	0.02620	0.00148	0.00310	0.02994	0.07488	0.00509
20	0.00812	0.00521	0.00654	0.00590	0.00734	0.00504	0.00453	0.01133	0.11858	0.11992	0.59940	0.02651	0.03143	0.00761	0.00468	0.00131	0.00233	0.00664	0.02291	0.00467
21	0.03970	0.00651	0.00707	0.00701	0.04491	0.08127	0.03005	0.00849	0.03163	0.00949	0.01151	0.02174	0.01245	0.58325	0.04664	0.00336	0.04386	0.00524	0.00246	0.00335
22	0.44835	0.06000	0.01061	0.02419	0.12529	0.18754	0.03247	0.01339	0.00870	0.03324	0.00655	0.00781	0.00524	0.00398	0.00336	0.00122	0.01796	0.00272	0.00238	0.00500
23	0.04932	0.05119	0.41659	0.01101	0.05639	0.02360	0.07392	0.03083	0.02914	0.01330	0.01175	0.04759	0.08509	0.00515	0.00449	0.00133	0.04525	0.00419	0.03439	0.00549
24	0.01124	0.08344	0.10828	0.02328	0.09237	0.02798	0.08758	0.08898	0.04882	0.12458	0.02948	0.01101	0.00794	0.00416	0.00383	0.00110	0.00445	0.01123	0.00290	0.22735
25	0.00900	0.02721	0.00775	0.02907	0.03523	0.12875	0.00534	0.03753	0.00971	0.08835	0.07689	0.30512	0.08185	0.06030	0.00555	0.00153	0.00364	0.01841	0.01897	0.04980
26	0.03229	0.05659	0.03833	0.03965	0.08900	0.04929	0.03738	0.05557	0.07620	0.06465	0.05549	0.02512	0.04889	0.00599	0.00499	0.00145	0.03496	0.00446	0.00355	0.27616

[dist]
# distance from previous block
# <min> <max>
1	23

[block]
# block no. 4 follows, 64 sequences, length 46
# corresponding to MSA columns:
# 672-717
name=unknown_E
#
# <colnr> <probs for GDERKNQSTAVLIFYWHMCP>
#	G	D	E	R	K	N	Q	S	T	A	V	L	I	F	Y	W	H	M	C	P
0	0.04918	0.05591	0.08325	0.00765	0.00988	0.12256	0.02094	0.07274	0.05090	0.03013	0.09809	0.04109	0.15671	0.06342	0.03066	0.00162	0.05260	0.00506	0.00305	0.04457
1	0.00920	0.05179	0.06887	0.00746	0.00947	0.13669	0.00622	0.06609	0.10194	0.03207	0.15255	0.11531	0.10905	0.03782	0.01418	0.00148	0.00398	0.04852	0.00344	0.02385
2	0.01111	0.85652	0.02177	0.00711	0.01066	0.01644	0.00711	0.01244	0.00844	0.00977	0.00577	0.00666	0.00533	0.00355	0.00267	0.00089	0.00444	0.00222	0.00178	0.00533
3	0.02123	0.00792	0.00921	0.00720	0.02643	0.00702	0.00558	0.12028	0.03792	0.01503	0.00859	0.03083	0.00735	0.03782	0.00448	0.00096	0.03770	0.00316	0.00276	0.60855
4	0.00554	0.00396	0.00534	0.00591	0.00627	0.00402	0.00413	0.00640	0.00742	0.01006	0.01832	0.45770	0.02101	0.16003	0.20943	0.00331	0.00488	0.05970	0.00323	0.00334
5	0.26012	0.03314	0.03331	0.14185	0.08812	0.07593	0.16623	0.02888	0.00886	0.03311	0.00785	0.03395	0.00648	0.00445	0.00433	0.00134	0.05001	0.01459	0.00235	0.00508
6	0.00784	0.00738	0.01246	0.84404	0.02861	0.00923	0.01154	0.01061	0.00831	0.01061	0.00738	0.01107	0.00554	0.00415	0.00415	0.00138	0.00554	0.00369	0.00185	0.00461
7	0.00861	0.00738	0.00861	0.00615	0.00984	0.00554	0.00492	0.01046	0.00861	0.01354	0.00738	0.00861	0.00615	0.00308	0.00308	0.00062	0.00308	0.00246	0.00246	0.87941
8	0.03354	0.09165	0.08146	0.07482	0.02380	0.09924	0.05768	0.05701	0.02544	0.02997	0.02026	0.07801	0.00982	0.06852	0.05623	0.00189	0.13003	0.04291	0.00251	0.01521
9	0.00973	0.00944	0.01548	0.25656	0.57972	0.03233	0.01228	0.01225	0.00920	0.01264	0.00765	0.01043	0.00625	0.00384	0.00411	0.00127	0.00517	0.00367	0.00200	0.00598
10	0.00982	0.00940	0.01604	0.17870	0.67847	0.00975	0.01252	0.01235	0.00924	0.01302	0.00773	0.01043	0.00638	0.00379	0.00412	0.00126	0.00505	0.00370	0.00202	0.00621
11	0.00528	0.00425	0.00467	0.00474	0.00596	0.00371	0.00360	0.00649	0.00964	0.01198	0.15114	0.05347	0.58544	0.04514	0.00567	0.00155	0.00234	0.08747	0.00390	0.00355
12	0.00613	0.00447	0.00555	0.00635	0.00683	0.00405	0.00430	0.00665	0.00881	0.01168	0.02578	0.73116	0.11730	0.01322	0.00568	0.00184	0.00277	0.02933	0.00417	0.00394
13	0.00518	0.00370	0.00496	0.00592	0.00622	0.00348	0.00407	0.00599	0.00807	0.01074	0.02283	0.79127	0.02721	0.01290	0.00533	0.00170	0.00252	0.07065	0.00385	0.00341
14	0.00505	0.00412	0.00446	0.00456	0.00574	0.00353	0.00335	0.00615	0.00951	0.01176	0.13077	0.16017	0.61508	0.01066	0.00497	0.00143	0.00213	0.00907	0.00394	0.00353
15	0.01004	0.01230	0.14071	0.01088	0.01231	0.10077	0.00981	0.05163	0.03535	0.01156	0.00648	0.00913	0.00573	0.00626	0.01027	0.00162	0.55462	0.00348	0.00204	0.00502
16	0.88336	0.00803	0.00611	0.00546	0.00803	0.00932	0.00450	0.01221	0.00707	0.01864	0.00578	0.00675	0.00450	0.00386	0.00257	0.00129	0.00321	0.00225	0.00257	0.00450
17	0.00984	0.00789	0.01009	0.00941	0.13797	0.00655	0.00634	0.03055	0.02934	0.07538	0.00842	0.00949	0.00671	0.00344	0.00337	0.00080	0.00344	0.00287	0.00268	0.63541
18	0.00910	0.00744	0.00845	0.00647	0.00964	0.00637	0.00514	0.08201	0.08751	0.03117	0.01302	0.03678	0.09921	0.00464	0.00357	0.00088	0.00311	0.00379	0.00303	0.57868
19	0.88336	0.00803	0.00611	0.00546	0.00803	0.00932	0.00450	0.01221	0.00707	0.01864	0.00578	0.00675	0.00450	0.00386	0.00257	0.00129	0.00321	0.00225	0.00257	0.00450
20	0.00573	0.00455	0.00487	0.00478	0.00615	0.00403	0.00358	0.02338	0.03998	0.02966	0.11331	0.10920	0.61578	0.01014	0.00489	0.00141	0.00224	0.00857	0.00397	0.00380
21	0.88336	0.00803	0.00611	0.00546	0.00803	0.00932	0.00450	0.01221	0.00707	0.01864	0.00578	0.00675	0.00450	0.00386	0.00257	0.00129	0.00321	0.00225	0.00257	0.00450
22	0.01028	0.00987	0.01686	0.02550	0.82811	0.00987	0.01275	0.01275	0.00946	0.01357	0.00781	0.01028	0.00658	0.00370	0.00411	0.00123	0.00493	0.00370	0.00206	0.00658
23	0.01114	0.01062	0.00976	0.00880	0.01112	0.13968	0.00680	0.02121	0.69410	0.01625	0.01527	0.01425	0.01153	0.00542	0.00415	0.00136	0.00394	0.00438	0.00390	0.00630
24	0.01316	0.00931	0.01026	0.00843	0.01113	0.01015	0.00677	0.36983	0.27215	0.11967	0.05788	0.05155	0.02891	0.00587	0.00429	0.00133	0.00375	0.00476	0.00430	0.00650
25	0.00805	0.00479	0.00602	0.00559	0.00698	0.00432	0.00422	0.02610	0.01076	0.16310	0.34699	0.17684	0.20192	0.00906	0.00483	0.00139	0.00241	0.00787	0.00438	0.00437
26	0.01577	0.00704	0.00907	0.00719	0.01002	0.00646	0.00585	0.07175	0.06554	0.59095	0.09630	0.01726	0.06586	0.00584	0.00430	0.00130	0.00334	0.00480	0.00488	0.00650
27	0.00900	0.04449	0.10873	0.01103	0.01212	0.01213	0.04885	0.01053	0.00690	0.01050	0.00605	0.00932	0.00565	0.00743	0.04206	0.00188	0.64311	0.00360	0.00184	0.00478
28	0.00617	0.00459	0.00530	0.00515	0.00638	0.00425	0.00384	0.00838	0.07270	0.03618	0.32024	0.11943	0.34295	0.00933	0.00480	0.00138	0.00221	0.00802	0.03472	0.00399
29	0.00650	0.00423	0.00534	0.00551	0.00641	0.00383	0.00397	0.00765	0.00942	0.08403	0.20545	0.37796	0.18353	0.04342	0.00567	0.00161	0.00246	0.03512	0.00408	0.00383
30	0.03109	0.00755	0.00951	0.00743	0.01038	0.00712	0.00609	0.15556	0.02295	0.57446	0.06919	0.01451	0.01161	0.00531	0.00413	0.00127	0.00352	0.00428	0.04738	0.00665
31	0.01020	0.00972	0.01520	0.16821	0.52254	0.04264	0.03764	0.06448	0.03108	0.01371	0.00863	0.04150	0.00730	0.00428	0.00418	0.00128	0.00505	0.00403	0.00228	0.00604
32	0.00975	0.01090	0.02151	0.01569	0.01933	0.04700	0.65630	0.01322	0.03852	0.01344	0.07102	0.01263	0.00897	0.00414	0.00516	0.00139	0.03831	0.00495	0.00236	0.00543
33	0.01069	0.00544	0.00736	0.00680	0.00847	0.00508	0.02714	0.03133	0.01005	0.27989	0.01827	0.21508	0.01713	0.00825	0.00458	0.00146	0.00318	0.18077	0.15410	0.00491
34	0.80787	0.00856	0.00685	0.00665	0.04902	0.03991	0.00504	0.01240	0.00736	0.01807	0.00591	0.00695	0.00463	0.00386	0.00269	0.00127	0.00346	0.00234	0.00253	0.00461
35	0.00595	0.00439	0.00635	0.00635	0.00698	0.00502	0.00479	0.00721	0.00658	0.00940	0.01142	0.01796	0.01110	0.15582	0.71387	0.00627	0.01005	0.00469	0.00227	0.00353
36	0.01295	0.14078	0.13865	0.01011	0.04305	0.15815	0.03226	0.23512	0.06098	0.07372	0.03460	0.01027	0.00781	0.00455	0.00386	0.00119	0.00512	0.00346	0.01735	0.00602
37	0.00589	0.00436	0.00541	0.00527	0.00636	0.00394	0.00391	0.00760	0.02136	0.02416	0.48263	0.16012	0.18718	0.00937	0.00490	0.00137	0.00217	0.02360	0.00423	0.03615
38	0.00887	0.00790	0.03696	0.02111	0.01212	0.03488	0.21453	0.05780	0.02108	0.07657	0.06135	0.15934	0.11284	0.03889	0.00565	0.00158	0.02076	0.09974	0.00332	0.00474
39	0.00833	0.02149	0.83250	0.01184	0.01798	0.00965	0.01535	0.01315	0.00877	0.01315	0.00745	0.00877	0.00526	0.00395	0.00395	0.00132	0.00614	0.00307	0.00175	0.00614
40	0.00514	0.00404	0.00464	0.00486	0.00584	0.00355	0.00350	0.00627	0.00946	0.01208	0.18574	0.27372	0.44469	0.01086	0.00502	0.00147	0.00217	0.00941	0.00399	0.00355
41	0.01518	0.08378	0.01254	0.01043	0.01267	0.77457	0.00796	0.01627	0.01152	0.01014	0.00637	0.00743	0.00535	0.00422	0.00366	0.00106	0.00726	0.00264	0.00211	0.00485
42	0.05669	0.00886	0.00992	0.00783	0.01090	0.09963	0.00638	0.07655	0.01221	0.64513	0.01434	0.01277	0.00924	0.00498	0.00406	0.00126	0.00404	0.00389	0.00462	0.00670
43	0.01612	0.01039	0.01165	0.00901	0.01223	0.01111	0.00746	0.61094	0.01750	0.20457	0.01180	0.01213	0.00834	0.00524	0.00421	0.00128	0.00432	0.03040	0.00436	0.00696
44	0.01226	0.54014	0.07674	0.00855	0.01185	0.26770	0.00798	0.01376	0.00949	0.01014	0.00609	0.00707	0.00533	0.00380	0.00309	0.00097	0.00550	0.00242	0.00189	0.00523
45	0.01132	0.01747	0.46305	0.04816	0.01638	0.07314	0.01216	0.27797	0.01253	0.01712	0.00821	0.00917	0.00588	0.00432	0.00401	0.00128	0.00570	0.00329	0.00258	0.00628

[dist]
# distance from previous block
# <min> <max>
4	25

[block]
# block no. 5 follows, 64 sequences, length 14
# corresponding to MSA columns:
# 744-757
name=unknown_F
#
# <colnr> <probs for GDERKNQSTAVLIFYWHMCP>
#	G	D	E	R	K	N	Q	S	T	A	V	L	I	F	Y	W	H	M	C	P
0	0.00666	0.00429	0.00553	0.00550	0.00648	0.00389	0.00401	0.00807	0.01023	0.08868	0.39234	0.30746	0.12116	0.00994	0.00497	0.00144	0.00227	0.00880	0.00430	0.00398
1	0.01029	0.01038	0.01571	0.15497	0.55819	0.08582	0.03673	0.01263	0.00934	0.01259	0.00751	0.01012	0.00623	0.00400	0.00459	0.00128	0.04798	0.00364	0.00202	0.00597
2	0.00917	0.20985	0.23702	0.01079	0.08748	0.04947	0.06487	0.01176	0.02236	0.03115	0.01101	0.18451	0.01078	0.00598	0.00419	0.00130	0.01639	0.02421	0.00244	0.00527
3	0.01011	0.00963	0.01486	0.09839	0.59324	0.04677	0.01132	0.01314	0.08360	0.01311	0.00851	0.01085	0.00702	0.00458	0.00483	0.05315	0.00488	0.00374	0.00222	0.00603
4	0.00532	0.00413	0.00484	0.00486	0.00591	0.00365	0.00357	0.00668	0.01015	0.01330	0.35209	0.16267	0.38773	0.01010	0.00497	0.00141	0.00209	0.00874	0.00414	0.00365
5	0.01055	0.00987	0.01394	0.15093	0.12279	0.05574	0.10972	0.08527	0.05442	0.01401	0.02588	0.06250	0.03056	0.00695	0.02360	0.00174	0.18703	0.02600	0.00285	0.00565
6	0.08617	0.01717	0.01124	0.01015	0.01214	0.64185	0.00774	0.01596	0.06134	0.01130	0.00693	0.00808	0.00575	0.00460	0.00459	0.00118	0.08381	0.00285	0.00228	0.00487
7	0.01369	0.01843	0.00876	0.00706	0.00958	0.02378	0.00567	0.11697	0.08487	0.39819	0.07315	0.05670	0.11817	0.00640	0.00430	0.00130	0.00333	0.00527	0.03840	0.00599
8	0.00514	0.00378	0.00485	0.00566	0.00613	0.00349	0.00393	0.00600	0.00829	0.01082	0.02582	0.67222	0.15155	0.01252	0.00527	0.00166	0.00246	0.06312	0.00385	0.00342
9	0.00847	0.05028	0.00862	0.00820	0.07102	0.06330	0.00548	0.01197	0.21898	0.01148	0.01330	0.09498	0.01323	0.34022	0.01142	0.00243	0.05381	0.00548	0.00294	0.00438
10	0.01421	0.01394	0.01152	0.00981	0.01229	0.32689	0.00776	0.32635	0.12676	0.01748	0.00993	0.01145	0.00789	0.00521	0.00451	0.00126	0.04341	0.04017	0.00328	0.00587
11	0.01234	0.10700	0.02697	0.04972	0.05090	0.41600	0.06693	0.01380	0.00990	0.01061	0.00767	0.00980	0.02799	0.00492	0.00556	0.00126	0.15498	0.01662	0.00209	0.00492
12	0.01265	0.03780	0.01146	0.12795	0.01417	0.12033	0.00785	0.28731	0.25344	0.04330	0.01161	0.03438	0.00889	0.00514	0.00411	0.00129	0.00462	0.00406	0.00353	0.00612
13	0.00630	0.00466	0.00539	0.00539	0.00619	0.00454	0.00372	0.05474	0.04632	0.01217	0.14433	0.25305	0.18177	0.24155	0.00939	0.00218	0.00289	0.00817	0.00363	0.00361

[dist]
# distance from previous block
# <min> <max>
1	14

[block]
# block no. 6 follows, 64 sequences, length 14
# corresponding to MSA columns:
# 772-785
name=unknown_G
#
# <colnr> <probs for GDERKNQSTAVLIFYWHMCP>
#	G	D	E	R	K	N	Q	S	T	A	V	L	I	F	Y	W	H	M	C	P
0	0.30871	0.07301	0.04182	0.01056	0.12811	0.19628	0.02113	0.06502	0.05465	0.04091	0.01998	0.00885	0.00643	0.00419	0.00343	0.00121	0.00477	0.00300	0.00261	0.00536
1	0.04827	0.00904	0.02380	0.09286	0.40912	0.03748	0.04103	0.05672	0.01031	0.06464	0.10469	0.01452	0.05972	0.00489	0.00421	0.00127	0.00448	0.00442	0.00277	0.00577
2	0.00821	0.03538	0.04435	0.00631	0.00959	0.00606	0.00530	0.01073	0.06135	0.01357	0.06114	0.01387	0.10060	0.00446	0.00349	0.00084	0.00309	0.00364	0.00281	0.60521
3	0.00977	0.00969	0.00837	0.04399	0.00991	0.23943	0.00591	0.05996	0.10475	0.01430	0.31236	0.04609	0.04230	0.03563	0.00528	0.02331	0.00413	0.01673	0.00351	0.00456
4	0.00750	0.00387	0.00400	0.00405	0.00497	0.00384	0.00301	0.00936	0.00880	0.01524	0.04962	0.06756	0.01293	0.00550	0.00314	0.00103	0.00197	0.00452	0.78527	0.00384
5	0.00540	0.00374	0.00493	0.00574	0.00612	0.00346	0.00388	0.00619	0.00820	0.03066	0.04234	0.77821	0.06041	0.01261	0.00525	0.00166	0.00241	0.01140	0.00390	0.00348
6	0.00521	0.00402	0.00476	0.00500	0.00590	0.00357	0.00359	0.00639	0.00956	0.01243	0.23956	0.30982	0.35360	0.01083	0.00504	0.00147	0.00217	0.00946	0.00404	0.00357
7	0.00999	0.00509	0.00634	0.00560	0.00732	0.00450	0.00429	0.01137	0.01032	0.28803	0.17512	0.09738	0.22688	0.06008	0.00555	0.00150	0.00269	0.00673	0.06648	0.00474
8	0.01111	0.85652	0.02177	0.00711	0.01066	0.01644	0.00711	0.01244	0.00844	0.00977	0.00577	0.00666	0.00533	0.00355	0.00267	0.00089	0.00444	0.00222	0.00178	0.00533
9	0.00882	0.16806	0.69019	0.01101	0.01669	0.01084	0.01390	0.01303	0.00871	0.01256	0.00716	0.00840	0.00527	0.00388	0.00372	0.00124	0.00584	0.00292	0.00176	0.00600
10	0.00776	0.00566	0.00614	0.00551	0.00727	0.00534	0.00427	0.14888	0.01151	0.06478	0.10436	0.07285	0.52167	0.00916	0.00475	0.00137	0.00263	0.00764	0.00405	0.00438
11	0.01222	0.65619	0.01956	0.00769	0.01119	0.01559	0.00729	0.20255	0.01107	0.01366	0.00677	0.00745	0.00574	0.00389	0.00302	0.00097	0.00447	0.00258	0.00234	0.00574
12	0.48261	0.06544	0.00925	0.00725	0.00990	0.15317	0.00590	0.15040	0.03822	0.01779	0.00714	0.00789	0.00553	0.00418	0.00311	0.00121	0.00424	0.00269	0.01897	0.00511
13	0.04588	0.20962	0.01256	0.00770	0.01054	0.01075	0.00653	0.28643	0.04597	0.16627	0.04716	0.08947	0.01076	0.00556	0.00386	0.00121	0.00387	0.00436	0.02553	0.00598

[dist]
# distance from previous block
# <min> <max>
1	4

[block]
# block no. 7 follows, 64 sequences, length 17
# corresponding to MSA columns:
# 791-807
name=unknown_H
#
# <colnr> <probs for GDERKNQSTAVLIFYWHMCP>
#	G	D	E	R	K	N	Q	S	T	A	V	L	I	F	Y	W	H	M	C	P
0	0.14329	0.01289	0.01060	0.00909	0.01130	0.30192	0.00719	0.19943	0.03399	0.06166	0.00926	0.01056	0.03126	0.01992	0.00529	0.00133	0.10928	0.01345	0.00294	0.00534
1	0.48900	0.23611	0.16370	0.00708	0.01058	0.01127	0.00721	0.01245	0.00775	0.01526	0.00609	0.00710	0.00486	0.00379	0.00285	0.00119	0.00408	0.00239	0.00221	0.00502
2	0.00555	0.00405	0.00458	0.00467	0.00523	0.00377	0.00304	0.00618	0.00794	0.01027	0.11076	0.14037	0.26252	0.39881	0.01243	0.00264	0.00301	0.00778	0.00332	0.00308
3	0.00606	0.00509	0.00524	0.00504	0.00628	0.04047	0.00373	0.03081	0.01033	0.01310	0.28041	0.06069	0.45026	0.05714	0.00576	0.00151	0.00249	0.00791	0.00394	0.00374
4	0.01093	0.00989	0.01462	0.23391	0.44708	0.05943	0.01133	0.10072	0.01051	0.04980	0.00823	0.01045	0.00645	0.00406	0.00411	0.00127	0.00514	0.00366	0.00237	0.00604
5	0.00650	0.00515	0.00576	0.00545	0.00665	0.04065	0.00410	0.00857	0.04299	0.03149	0.53819	0.04778	0.20977	0.00904	0.01831	0.00142	0.00248	0.00744	0.00425	0.00402
6	0.00505	0.00365	0.00478	0.00569	0.00600	0.00338	0.00381	0.00579	0.00804	0.01064	0.02403	0.80325	0.07480	0.01287	0.00528	0.00167	0.00239	0.01163	0.00386	0.00338
7	0.00880	0.00810	0.00821	0.00750	0.00902	0.15517	0.05365	0.07552	0.03711	0.03746	0.15903	0.27533	0.13112	0.00862	0.00471	0.00140	0.00372	0.00747	0.00364	0.00439
8	0.03061	0.61417	0.18752	0.00826	0.01224	0.06528	0.00880	0.01283	0.00868	0.01069	0.00616	0.00715	0.00530	0.00369	0.00299	0.00100	0.00495	0.00242	0.00181	0.00545
9	0.00511	0.00395	0.00455	0.00493	0.00571	0.00352	0.00342	0.00598	0.00864	0.01092	0.06574	0.37060	0.39278	0.08663	0.00652	0.00175	0.00239	0.00971	0.00377	0.00338
10	0.00598	0.00433	0.00536	0.00540	0.00633	0.00405	0.00396	0.02274	0.01009	0.02953	0.34259	0.27468	0.20243	0.01008	0.00511	0.00145	0.01674	0.02110	0.02425	0.00380
11	0.01182	0.01232	0.03083	0.10904	0.13343	0.25469	0.14476	0.02944	0.03422	0.07763	0.00858	0.01053	0.00674	0.00635	0.06779	0.00168	0.04865	0.00371	0.00241	0.00539
12	0.02342	0.02208	0.02739	0.01282	0.17433	0.13297	0.05286	0.28357	0.03746	0.09388	0.03763	0.03890	0.00878	0.00498	0.00443	0.00127	0.02974	0.00405	0.00327	0.00617
13	0.01111	0.85652	0.02177	0.00711	0.01066	0.01644	0.00711	0.01244	0.00844	0.00977	0.00577	0.00666	0.00533	0.00355	0.00267	0.00089	0.00444	0.00222	0.00178	0.00533
14	0.03308	0.03702	0.15284	0.02922	0.09748	0.05078	0.15385	0.12921	0.01067	0.07861	0.01116	0.03613	0.04577	0.04583	0.04073	0.00167	0.02399	0.01363	0.00274	0.00560
15	0.00922	0.00851	0.01403	0.44881	0.33145	0.02305	0.02769	0.01177	0.00899	0.03969	0.00887	0.01166	0.02997	0.00419	0.00417	0.00132	0.00520	0.00387	0.00211	0.00544
16	0.01541	0.02646	0.08309	0.00800	0.01112	0.03543	0.00703	0.10167	0.03062	0.51174	0.02763	0.07602	0.01141	0.00579	0.00425	0.00132	0.00392	0.02826	0.00440	0.00644

[dist]
# distance from previous block
# <min> <max>
0	25

[block]
# block no. 8 follows, 64 sequences, length 23
# corresponding to MSA columns:
# 833-855
name=unknown_I
#
# <colnr> <probs for GDERKNQSTAVLIFYWHMCP>
#	G	D	E	R	K	N	Q	S	T	A	V	L	I	F	Y	W	H	M	C	P
0	0.02814	0.01003	0.03741	0.07058	0.35126	0.04358	0.08720	0.10923	0.03413	0.02738	0.00959	0.08590	0.00845	0.00505	0.00489	0.00134	0.06229	0.00448	0.00257	0.01649
1	0.06802	0.02768	0.01304	0.12995	0.43222	0.04056	0.00976	0.04324	0.00917	0.01301	0.00971	0.07020	0.02167	0.08764	0.00573	0.00155	0.00466	0.00440	0.00234	0.00543
2	0.04889	0.02429	0.01265	0.09384	0.20606	0.09663	0.03566	0.21186	0.02820	0.03370	0.00955	0.04771	0.00810	0.00623	0.03659	0.02276	0.02834	0.02760	0.00283	0.01852
3	0.01319	0.01115	0.01616	0.11695	0.51560	0.04210	0.01197	0.08220	0.01157	0.08211	0.01043	0.01314	0.00853	0.00543	0.00531	0.00163	0.03782	0.00433	0.00312	0.00724
4	0.01075	0.02397	0.01320	0.07320	0.39032	0.06722	0.00965	0.11155	0.03222	0.05452	0.01165	0.04263	0.06442	0.00660	0.05556	0.00161	0.01806	0.00434	0.00271	0.00585
5	0.01968	0.03074	0.01509	0.12974	0.39514	0.00994	0.08295	0.11463	0.05620	0.02681	0.00953	0.03591	0.00798	0.00455	0.00422	0.00130	0.00488	0.02994	0.00258	0.01819
6	0.10440	0.15693	0.09167	0.04723	0.06976	0.12417	0.10483	0.06952	0.00990	0.05071	0.00773	0.00938	0.00618	0.02944	0.00413	0.00121	0.00508	0.00319	0.00239	0.10214
7	0.02455	0.02957	0.02780	0.07573	0.27902	0.03697	0.09331	0.04354	0.07454	0.02635	0.02708	0.01422	0.02752	0.13350	0.00725	0.00172	0.05053	0.00434	0.00251	0.01995
8	0.00565	0.00411	0.00514	0.01755	0.00630	0.00391	0.00383	0.02557	0.00876	0.01167	0.15404	0.45038	0.12075	0.14156	0.00760	0.00194	0.00267	0.02137	0.00374	0.00346
9	0.00519	0.00380	0.00491	0.00571	0.00617	0.00351	0.00399	0.00608	0.00838	0.01101	0.05078	0.66562	0.12494	0.01245	0.00527	0.00166	0.00246	0.07074	0.00388	0.00344
10	0.00978	0.00954	0.01100	0.14309	0.14003	0.14459	0.03435	0.05151	0.15663	0.01357	0.07015	0.12418	0.02653	0.00628	0.00440	0.00137	0.00457	0.04021	0.00305	0.00519
11	0.00822	0.00777	0.01314	0.71785	0.15186	0.00933	0.01172	0.01094	0.00848	0.01107	0.00745	0.01095	0.00570	0.00408	0.00415	0.00136	0.00544	0.00369	0.00188	0.00492
12	0.00861	0.00738	0.00861	0.00615	0.00984	0.00554	0.00492	0.01046	0.00861	0.01354	0.00738	0.00861	0.00615	0.00308	0.00308	0.00062	0.00308	0.00246	0.00246	0.87941
13	0.00498	0.00421	0.00430	0.00428	0.00565	0.00353	0.00321	0.00609	0.00962	0.01159	0.09553	0.03936	0.77274	0.01038	0.00491	0.00140	0.00209	0.00868	0.00391	0.00353
14	0.00505	0.00420	0.00431	0.00429	0.00557	0.00357	0.00316	0.00608	0.00938	0.01134	0.08948	0.03853	0.72074	0.06868	0.00603	0.00158	0.00223	0.00850	0.00381	0.00346
15	0.01201	0.00554	0.00667	0.00573	0.00766	0.00526	0.00452	0.01461	0.07758	0.33120	0.05563	0.03682	0.01252	0.00541	0.00367	0.00116	0.00268	0.00444	0.40155	0.00532
16	0.00507	0.00412	0.00451	0.00472	0.00585	0.00356	0.00348	0.00615	0.00933	0.01151	0.08930	0.19864	0.58715	0.01091	0.00502	0.00147	0.00222	0.03959	0.00390	0.00352
17	0.01085	0.00545	0.00616	0.00545	0.00719	0.00542	0.00427	0.01422	0.13466	0.21876	0.01477	0.01515	0.01087	0.00504	0.00342	0.00111	0.00254	0.00407	0.52550	0.00508
18	0.01460	0.07776	0.08227	0.01055	0.01313	0.71022	0.00858	0.01601	0.01129	0.01039	0.00646	0.00754	0.00534	0.00420	0.00369	0.00108	0.00716	0.00268	0.00208	0.00496
19	0.01364	0.34837	0.03274	0.00928	0.01209	0.47068	0.00781	0.04092	0.01065	0.01060	0.00630	0.00727	0.00540	0.00401	0.00334	0.00101	0.00617	0.00254	0.00206	0.00512
20	0.00598	0.00482	0.00527	0.00528	0.00648	0.03095	0.00388	0.00716	0.00947	0.02767	0.15503	0.26296	0.36711	0.01016	0.00487	0.00142	0.00247	0.02762	0.00385	0.05753
21	0.06229	0.00645	0.00735	0.00702	0.00813	0.07669	0.00543	0.06418	0.00799	0.01130	0.01042	0.01513	0.00962	0.07091	0.61165	0.00534	0.00948	0.00420	0.00239	0.00402
22	0.01591	0.00937	0.01061	0.00836	0.01136	0.03885	0.00681	0.35460	0.06792	0.35377	0.05547	0.02595	0.01067	0.00537	0.00421	0.00128	0.00400	0.00426	0.00451	0.00673

[dist]
# distance from previous block
# <min> <max>
0	10

[block]
# block no. 9 follows, 64 sequences, length 20
# corresponding to MSA columns:
# 867-886
name=unknown_J
#
# <colnr> <probs for GDERKNQSTAVLIFYWHMCP>
#	G	D	E	R	K	N	Q	S	T	A	V	L	I	F	Y	W	H	M	C	P
0	0.01212	0.01192	0.01163	0.10533	0.09124	0.23346	0.00806	0.19454	0.01180	0.01482	0.00784	0.00967	0.00636	0.03131	0.00481	0.00119	0.04586	0.00324	0.00262	0.19217
1	0.01276	0.00841	0.00986	0.07538	0.03884	0.05585	0.00658	0.12426	0.05011	0.25233	0.06832	0.01273	0.01018	0.00468	0.00388	0.00110	0.00382	0.00380	0.03474	0.22237
2	0.00543	0.00388	0.00525	0.00621	0.00662	0.00370	0.00451	0.00643	0.00832	0.01102	0.02269	0.66691	0.02665	0.01266	0.00540	0.00174	0.00273	0.19251	0.00385	0.00348
3	0.01006	0.23520	0.45443	0.04756	0.05444	0.01154	0.01202	0.07764	0.00967	0.04028	0.00753	0.00867	0.00567	0.00397	0.00366	0.00120	0.00540	0.00300	0.00208	0.00599
4	0.01026	0.03942	0.03267	0.05717	0.52930	0.01031	0.06598	0.07401	0.00997	0.01401	0.03007	0.01112	0.02009	0.00433	0.00492	0.00129	0.07278	0.00390	0.00227	0.00613
5	0.00517	0.00373	0.00492	0.00577	0.00614	0.00347	0.00396	0.00603	0.00830	0.01104	0.06717	0.73521	0.06183	0.01259	0.00528	0.00166	0.00244	0.04795	0.00389	0.00343
6	0.00869	0.00825	0.01399	0.55995	0.30608	0.00945	0.01196	0.01135	0.00871	0.01164	0.00753	0.01080	0.00590	0.00400	0.00414	0.00133	0.00533	0.00369	0.00192	0.00530
7	0.01049	0.00855	0.01022	0.00757	0.01102	0.05286	0.05585	0.05313	0.00969	0.09862	0.00840	0.00937	0.00657	0.00362	0.00374	0.00083	0.03110	0.00291	0.00276	0.61270
8	0.00670	0.00574	0.00777	0.00722	0.00773	0.00670	0.02635	0.00763	0.00756	0.01041	0.05936	0.16046	0.14427	0.17102	0.07614	0.00250	0.25396	0.03192	0.00286	0.00371
9	0.01062	0.00607	0.00648	0.00557	0.00731	0.00630	0.00441	0.21202	0.01167	0.08248	0.01288	0.01400	0.00972	0.00490	0.00332	0.00106	0.00272	0.00386	0.58969	0.00492
10	0.00861	0.07479	0.72707	0.01191	0.01775	0.01014	0.06716	0.01312	0.00882	0.01295	0.00741	0.00879	0.00533	0.00389	0.00393	0.00129	0.00609	0.00313	0.00178	0.00605
11	0.00593	0.00485	0.00546	0.00531	0.00658	0.00461	0.00410	0.03751	0.03048	0.01276	0.15573	0.08078	0.51767	0.00993	0.00535	0.00145	0.04251	0.06124	0.00389	0.00384
12	0.00548	0.00419	0.00503	0.00490	0.00598	0.00374	0.00364	0.00705	0.01072	0.01436	0.49864	0.08274	0.31949	0.00948	0.00493	0.00136	0.00204	0.00821	0.00427	0.00374
13	0.01334	0.00949	0.01215	0.07719	0.04070	0.04863	0.08642	0.16686	0.16818	0.22801	0.01206	0.01209	0.00857	0.00478	0.00440	0.00127	0.02654	0.00400	0.00368	0.07165
14	0.00590	0.00403	0.00486	0.00503	0.00519	0.00406	0.00313	0.00625	0.00664	0.00893	0.03451	0.15038	0.01739	0.60554	0.09267	0.00379	0.00438	0.03173	0.00278	0.00283
15	0.00933	0.00918	0.01541	0.31609	0.42273	0.03180	0.08241	0.01192	0.00914	0.01232	0.00879	0.01154	0.03280	0.00408	0.00421	0.00130	0.00531	0.00394	0.00205	0.00564
16	0.00969	0.00911	0.01572	0.22683	0.44382	0.00930	0.10255	0.01227	0.00920	0.03412	0.00796	0.01054	0.00635	0.00377	0.00412	0.00124	0.00512	0.00374	0.00212	0.08242
17	0.01012	0.00780	0.00903	0.00667	0.01016	0.00653	0.00536	0.09577	0.04866	0.07753	0.00962	0.01025	0.02647	0.00373	0.00337	0.00079	0.00325	0.00298	0.00296	0.65892
18	0.09765	0.00963	0.01057	0.00847	0.01130	0.04006	0.02946	0.34411	0.09974	0.12883	0.05741	0.02711	0.01014	0.00528	0.00428	0.00126	0.02533	0.01887	0.00385	0.06665
19	0.00952	0.13252	0.20338	0.00875	0.04041	0.00914	0.00819	0.10657	0.11167	0.05305	0.01578	0.13336	0.11580	0.00638	0.00413	0.00130	0.00406	0.00526	0.00311	0.02760

[dist]
# distance from previous block
# <min> <max>
0	14

[block]
# block no. 10 follows, 64 sequences, length 15
# corresponding to MSA columns:
# 904-918
name=unknown_K
#
# <colnr> <probs for GDERKNQSTAVLIFYWHMCP>
#	G	D	E	R	K	N	Q	S	T	A	V	L	I	F	Y	W	H	M	C	P
0	0.03127	0.05373	0.01318	0.17308	0.23077	0.18940	0.00944	0.09489	0.04494	0.02518	0.00839	0.02832	0.00698	0.02428	0.00456	0.00129	0.02506	0.00362	0.00244	0.02917
1	0.01432	0.05280	0.03005	0.00995	0.06574	0.06639	0.03097	0.34362	0.03703	0.20480	0.01177	0.06060	0.00906	0.01906	0.02338	0.00143	0.00463	0.00426	0.00379	0.00635
