[name]
unknown

[dist]
# distance from previous block
# <min> <max>
0	43

[block]
# block no. 0 follows, 62 sequences, length 8
# corresponding to MSA columns:
# 44-51
name=unknown_A
#
# <colnr> <probs for GDERKNQSTAVLIFYWHMCP>
#	G	D	E	R	K	N	Q	S	T	A	V	L	I	F	Y	W	H	M	C	P
0	0.00676	0.00484	0.00673	0.00756	0.00854	0.00480	0.00654	0.00873	0.01005	0.01322	0.11232	0.04618	0.02625	0.01141	0.00578	0.00189	0.00370	0.70679	0.00400	0.00393
1	0.00534	0.00377	0.00489	0.00573	0.00594	0.00356	0.00374	0.00596	0.00785	0.01046	0.02192	0.72289	0.02621	0.14076	0.00790	0.00209	0.00272	0.01120	0.00374	0.00332
2	0.00619	0.00413	0.00464	0.00464	0.00464	0.00413	0.00258	0.00619	0.00619	0.00825	0.01341	0.02785	0.01547	0.85046	0.02166	0.00413	0.00413	0.00619	0.00258	0.00258
3	0.60278	0.01022	0.10116	0.00796	0.01126	0.00967	0.09399	0.04465	0.00854	0.06553	0.00722	0.00822	0.00535	0.00404	0.00321	0.00133	0.00413	0.00287	0.00271	0.00518
4	0.00989	0.00836	0.01008	0.00837	0.01048	0.07543	0.09341	0.16628	0.07440	0.03734	0.37872	0.02250	0.05475	0.00693	0.00472	0.00134	0.00375	0.02403	0.00406	0.00517
5	0.01010	0.00967	0.01649	0.16647	0.68693	0.01000	0.01284	0.01268	0.00949	0.01338	0.00793	0.01067	0.00656	0.00387	0.00422	0.00129	0.00516	0.00379	0.00207	0.00639
6	0.00544	0.00388	0.00523	0.00621	0.00657	0.00367	0.00439	0.00636	0.00840	0.01115	0.02331	0.72639	0.02759	0.01309	0.00550	0.00176	0.00269	0.13089	0.00395	0.00353
7	0.11154	0.19821	0.12683	0.00924	0.03393	0.01024	0.06466	0.04356	0.02880	0.31676	0.01086	0.01074	0.00758	0.00444	0.00377	0.00124	0.00448	0.00349	0.00336	0.00629

[dist]
# distance from previous block
# <min> <max>
0	3

[block]
# block no. 1 follows, 62 sequences, length 23
# corresponding to MSA columns:
# 55-77
name=unknown_B
#
# <colnr> <probs for GDERKNQSTAVLIFYWHMCP>
#	G	D	E	R	K	N	Q	S	T	A	V	L	I	F	Y	W	H	M	C	P
0	0.01375	0.01508	0.01206	0.02918	0.01312	0.44277	0.04017	0.14992	0.06852	0.01404	0.00960	0.02533	0.00833	0.00556	0.00493	0.00131	0.06664	0.07152	0.00283	0.00535
1	0.08624	0.23829	0.44396	0.01079	0.01579	0.01185	0.09039	0.03359	0.00913	0.01341	0.00719	0.00851	0.00549	0.00391	0.00368	0.00124	0.00561	0.00304	0.00197	0.00589
2	0.00594	0.00478	0.00548	0.00544	0.00674	0.00452	0.00417	0.00824	0.07856	0.01311	0.19502	0.06254	0.43524	0.01190	0.07627	0.00193	0.00317	0.06898	0.00399	0.00398
3	0.00700	0.00593	0.00708	0.00695	0.00771	0.07647	0.00524	0.00825	0.00719	0.00969	0.01117	0.01743	0.01081	0.14854	0.62876	0.00586	0.02526	0.00462	0.00231	0.00373
4	0.00961	0.02519	0.10619	0.00784	0.02605	0.00696	0.02472	0.03855	0.02820	0.04803	0.00827	0.00934	0.00655	0.00350	0.00342	0.00082	0.00375	0.00284	0.00262	0.63755
5	0.00919	0.00879	0.07932	0.00685	0.01083	0.00606	0.00601	0.01134	0.00897	0.04501	0.00792	0.00905	0.00639	0.00331	0.00327	0.00072	0.00344	0.00264	0.00256	0.76834
6	0.00739	0.00370	0.00554	0.00554	0.00554	0.00370	0.00370	0.00554	0.00554	0.00739	0.00739	0.01293	0.00739	0.01478	0.01663	0.87620	0.00370	0.00370	0.00185	0.00185
7	0.01133	0.00978	0.01577	0.12697	0.58917	0.01009	0.01196	0.09313	0.01073	0.06710	0.00873	0.01086	0.00690	0.00408	0.00423	0.00129	0.00500	0.00383	0.00250	0.00657
8	0.03413	0.43250	0.13909	0.01151	0.10228	0.04682	0.10168	0.05240	0.00968	0.02394	0.00710	0.00840	0.00584	0.00384	0.00349	0.00112	0.00525	0.00301	0.00209	0.00582
9	0.01111	0.00975	0.01059	0.00906	0.01076	0.12052	0.02918	0.25559	0.01156	0.01515	0.00947	0.01277	0.00822	0.05716	0.26268	0.02986	0.12467	0.00404	0.00281	0.00506
10	0.00609	0.00452	0.00665	0.00665	0.00734	0.00522	0.00508	0.00748	0.00678	0.00974	0.01157	0.01767	0.01105	0.10228	0.76380	0.00661	0.01077	0.00470	0.00231	0.00369
11	0.00535	0.00432	0.00481	0.00512	0.00630	0.00378	0.00392	0.00651	0.00948	0.01160	0.03690	0.16122	0.57678	0.01131	0.00522	0.00156	0.00248	0.13576	0.00395	0.00362
12	0.04857	0.35802	0.03638	0.04034	0.05580	0.31443	0.03855	0.04135	0.01033	0.01156	0.00662	0.00784	0.00560	0.00401	0.00343	0.00107	0.00586	0.00276	0.00210	0.00536
13	0.00608	0.00456	0.00684	0.00684	0.00760	0.00532	0.00532	0.00760	0.00684	0.00988	0.01140	0.01672	0.01064	0.03191	0.83360	0.00684	0.01140	0.00456	0.00228	0.00380
14	0.01136	0.33853	0.23912	0.00933	0.01325	0.14577	0.00958	0.08214	0.04106	0.01284	0.00910	0.02209	0.03998	0.00452	0.00360	0.00115	0.00537	0.00324	0.00230	0.00570
15	0.08084	0.00935	0.02885	0.19432	0.17622	0.04296	0.10083	0.01159	0.00849	0.02408	0.00846	0.06101	0.00757	0.02005	0.02784	0.00166	0.18420	0.00431	0.00222	0.00515
16	0.00518	0.00370	0.00494	0.00592	0.00617	0.00346	0.00395	0.00592	0.00815	0.01086	0.02345	0.84768	0.02814	0.01333	0.00543	0.00173	0.00247	0.01210	0.00395	0.00346
17	0.01043	0.01001	0.01709	0.05877	0.79205	0.01008	0.01301	0.01297	0.00964	0.01378	0.00799	0.01056	0.00670	0.00381	0.00421	0.00127	0.00508	0.00379	0.00210	0.00666
18	0.01051	0.06730	0.08142	0.07195	0.62567	0.01063	0.01261	0.04480	0.00990	0.01394	0.00790	0.01020	0.00650	0.00388	0.00410	0.00126	0.00514	0.00364	0.00214	0.00652
19	0.00617	0.00395	0.00529	0.00604	0.00650	0.00365	0.00411	0.00698	0.00843	0.06882	0.02298	0.78851	0.02689	0.01276	0.00535	0.00170	0.00255	0.01154	0.00404	0.00372
20	0.00525	0.00375	0.00502	0.00600	0.00628	0.00352	0.00407	0.00604	0.00821	0.01094	0.02341	0.81488	0.02799	0.01327	0.00545	0.00174	0.00253	0.04423	0.00395	0.00348
21	0.01043	0.01000	0.01708	0.06069	0.79017	0.01008	0.01301	0.01297	0.00964	0.01377	0.00798	0.01057	0.00669	0.00381	0.00421	0.00127	0.00508	0.00379	0.00210	0.00665
22	0.00853	0.02201	0.82841	0.01213	0.01842	0.00988	0.01572	0.01348	0.00898	0.01348	0.00764	0.00898	0.00539	0.00404	0.00404	0.00135	0.00629	0.00314	0.00180	0.00629

[dist]
# distance from previous block
# <min> <max>
2	28

[block]
# block no. 2 follows, 62 sequences, length 46
# corresponding to MSA columns:
# 106-151
name=unknown_C
#
# <colnr> <probs for GDERKNQSTAVLIFYWHMCP>
#	G	D	E	R	K	N	Q	S	T	A	V	L	I	F	Y	W	H	M	C	P
0	0.03802	0.12724	0.10203	0.02780	0.03084	0.23135	0.04009	0.09539	0.01079	0.05822	0.02642	0.02494	0.00810	0.07589	0.01844	0.01624	0.00553	0.00363	0.00261	0.05642
1	0.07636	0.04250	0.04412	0.01017	0.07988	0.13462	0.02966	0.12687	0.05946	0.16673	0.04878	0.04237	0.01897	0.02242	0.03587	0.00156	0.03338	0.00422	0.00338	0.01869
2	0.00732	0.00372	0.00549	0.00549	0.00549	0.00372	0.00363	0.00558	0.00558	0.00744	0.00773	0.01379	0.00785	0.06247	0.01692	0.82644	0.00372	0.00384	0.00189	0.00189
3	0.01332	0.02683	0.01138	0.00922	0.01210	0.03600	0.00741	0.38379	0.41158	0.02158	0.01352	0.01286	0.00998	0.00539	0.00425	0.00135	0.00412	0.00425	0.00419	0.00689
4	0.01073	0.39081	0.37962	0.00969	0.01442	0.04709	0.01107	0.04138	0.00945	0.03991	0.00723	0.00820	0.00566	0.00396	0.00347	0.00114	0.00543	0.00280	0.00203	0.00593
5	0.01102	0.04260	0.02817	0.17814	0.44650	0.06670	0.01144	0.04426	0.04146	0.05251	0.00854	0.01068	0.00679	0.00422	0.00442	0.00130	0.02902	0.00371	0.00237	0.00616
6	0.01153	0.78595	0.04468	0.00761	0.01125	0.05924	0.00757	0.01298	0.00883	0.01013	0.00600	0.00693	0.00546	0.00369	0.00283	0.00093	0.00476	0.00232	0.00184	0.00546
7	0.00853	0.02201	0.82841	0.01213	0.01842	0.00988	0.01572	0.01348	0.00898	0.01348	0.00764	0.00898	0.00539	0.00404	0.00404	0.00135	0.00629	0.00314	0.00180	0.00629
8	0.04982	0.01131	0.01537	0.01205	0.04640	0.03394	0.20903	0.44895	0.01557	0.08255	0.01059	0.01127	0.02312	0.00473	0.00439	0.00132	0.00522	0.00417	0.00359	0.00660
9	0.01148	0.05101	0.09642	0.16105	0.08455	0.28340	0.04871	0.03581	0.05330	0.03086	0.03266	0.02848	0.05422	0.00497	0.00415	0.00127	0.00581	0.00400	0.00251	0.00533
10	0.00619	0.00413	0.00464	0.00464	0.00464	0.00413	0.00258	0.00619	0.00619	0.00825	0.01341	0.02785	0.01547	0.85046	0.02166	0.00413	0.00413	0.00619	0.00258	0.00258
11	0.00786	0.00484	0.00633	0.00572	0.00706	0.00446	0.00437	0.01005	0.03025	0.12476	0.69646	0.02912	0.03560	0.00818	0.00490	0.00134	0.00225	0.00718	0.00475	0.00451
12	0.02578	0.03737	0.28983	0.01050	0.03109	0.01101	0.01044	0.30078	0.07242	0.11757	0.01024	0.01056	0.00726	0.00483	0.00454	0.00133	0.04083	0.00365	0.00331	0.00667
13	0.04085	0.00739	0.04431	0.00766	0.01047	0.00621	0.03604	0.01688	0.02694	0.54177	0.09119	0.10002	0.01470	0.02936	0.00491	0.00145	0.00360	0.00537	0.00464	0.00625
14	0.00518	0.00370	0.00494	0.00592	0.00617	0.00346	0.00395	0.00592	0.00815	0.01086	0.02345	0.84768	0.02814	0.01333	0.00543	0.00173	0.00247	0.01210	0.00395	0.00346
15	0.01138	0.85302	0.02230	0.00728	0.01092	0.01684	0.00728	0.01274	0.00865	0.01001	0.00592	0.00683	0.00546	0.00364	0.00273	0.00091	0.00455	0.00228	0.00182	0.00546
16	0.04600	0.01222	0.17165	0.06028	0.18272	0.02576	0.02604	0.19881	0.03016	0.15432	0.01018	0.02318	0.00749	0.00472	0.00443	0.00133	0.02720	0.00385	0.00316	0.00650
17	0.01002	0.13383	0.58291	0.01143	0.01672	0.13094	0.03076	0.01389	0.00941	0.01256	0.00727	0.00856	0.00544	0.00403	0.00386	0.00125	0.00627	0.00301	0.00187	0.00597
18	0.00518	0.00370	0.00494	0.00592	0.00617	0.00346	0.00395	0.00592	0.00815	0.01086	0.02345	0.84768	0.02814	0.01333	0.00543	0.00173	0.00247	0.01210	0.00395	0.00346
19	0.00857	0.02178	0.81077	0.01226	0.01850	0.00990	0.03314	0.01348	0.00901	0.01348	0.00766	0.00904	0.00541	0.00403	0.00406	0.00135	0.00631	0.00319	0.00180	0.00628
20	0.01073	0.01029	0.01689	0.02508	0.77291	0.02454	0.01271	0.02777	0.03197	0.01418	0.00827	0.01062	0.00690	0.00388	0.00421	0.00127	0.00505	0.00380	0.00221	0.00672
21	0.00602	0.00435	0.00569	0.00535	0.00636	0.00401	0.00401	0.00803	0.01204	0.01706	0.82167	0.03178	0.04015	0.00870	0.00502	0.00134	0.00201	0.00770	0.00468	0.00401
22	0.00609	0.00451	0.00659	0.00659	0.00726	0.00518	0.00501	0.00744	0.00676	0.00969	0.01163	0.01799	0.01119	0.12551	0.74076	0.00653	0.01057	0.00475	0.00231	0.00366
23	0.22108	0.01035	0.01007	0.00843	0.01125	0.04007	0.00678	0.31307	0.29801	0.02121	0.01157	0.01134	0.00858	0.00504	0.00388	0.00134	0.00399	0.00377	0.00382	0.00635
24	0.00618	0.00414	0.00473	0.00473	0.00477	0.00418	0.00270	0.00625	0.00622	0.00832	0.01332	0.02737	0.01526	0.81545	0.05639	0.00424	0.00444	0.00612	0.00257	0.00263
25	0.00975	0.01099	0.02381	0.01713	0.02119	0.01030	0.75565	0.01320	0.01005	0.01366	0.03749	0.03785	0.00830	0.00406	0.00503	0.00144	0.00685	0.00533	0.00230	0.00561
26	0.01063	0.00822	0.03766	0.00790	0.00999	0.00842	0.00653	0.21355	0.11338	0.09242	0.14428	0.07106	0.12885	0.00750	0.00560	0.00145	0.08809	0.03494	0.00402	0.00551
27	0.06251	0.03553	0.09336	0.03980	0.14261	0.14537	0.06084	0.26438	0.05341	0.04819	0.00908	0.01001	0.00681	0.00449	0.00408	0.00127	0.00539	0.00359	0.00301	0.00629
28	0.01033	0.01043	0.05197	0.05785	0.52677	0.01008	0.10546	0.01438	0.11978	0.02487	0.02049	0.01168	0.00796	0.00416	0.00433	0.00132	0.00509	0.00411	0.00247	0.00648
29	0.00610	0.00448	0.00642	0.00642	0.00703	0.00509	0.00479	0.00733	0.00671	0.00957	0.01178	0.01884	0.01156	0.18844	0.67833	0.00632	0.01001	0.00487	0.00234	0.00357
30	0.03788	0.19160	0.05918	0.01122	0.05389	0.36192	0.07074	0.04132	0.03799	0.03047	0.00736	0.00861	0.00602	0.00440	0.00440	0.00118	0.06102	0.00309	0.00229	0.00543
31	0.01113	0.04512	0.35651	0.01192	0.06983	0.03514	0.07044	0.14967	0.06809	0.07547	0.02152	0.03493	0.02134	0.00482	0.00422	0.00133	0.00534	0.00401	0.00284	0.00631
32	0.00525	0.00396	0.00486	0.00540	0.00608	0.00357	0.00376	0.00625	0.00909	0.01185	0.13334	0.51653	0.25060	0.01201	0.00527	0.00160	0.00232	0.01065	0.00405	0.00357
33	0.00965	0.10707	0.03220	0.00829	0.00997	0.19982	0.00686	0.04965	0.02131	0.01222	0.01602	0.21286	0.01717	0.00884	0.00479	0.00153	0.00463	0.26937	0.00324	0.00449
34	0.03956	0.21604	0.33194	0.02598	0.12324	0.05881	0.03782	0.06331	0.02819	0.02656	0.00771	0.00897	0.00598	0.00404	0.00375	0.00122	0.00550	0.00314	0.00217	0.00606
35	0.01055	0.03522	0.16425	0.16224	0.31814	0.01039	0.04947	0.01396	0.08355	0.01445	0.01186	0.01432	0.04958	0.00630	0.03433	0.00176	0.00581	0.00449	0.00275	0.00659
36	0.00515	0.00385	0.00478	0.00552	0.00607	0.00349	0.00377	0.00597	0.00853	0.01102	0.02835	0.64676	0.22591	0.01269	0.00533	0.00166	0.00239	0.01132	0.00395	0.00349
37	0.01241	0.18275	0.16283	0.00962	0.01290	0.30096	0.00889	0.10332	0.06205	0.01364	0.06072	0.01103	0.03173	0.00480	0.00384	0.00117	0.00568	0.00347	0.00262	0.00556
38	0.02704	0.10023	0.10060	0.13386	0.16766	0.07364	0.04912	0.07828	0.01075	0.06785	0.01107	0.01300	0.05579	0.00547	0.00540	0.00149	0.08563	0.00414	0.00281	0.00617
39	0.00523	0.00374	0.00498	0.00589	0.00618	0.00349	0.00395	0.00604	0.00837	0.01122	0.06900	0.80113	0.02883	0.01307	0.00541	0.00171	0.00244	0.01185	0.00399	0.00349
40	0.00892	0.01934	0.62493	0.01360	0.01938	0.01010	0.21653	0.01351	0.00925	0.01351	0.00788	0.00962	0.00566	0.00393	0.00429	0.00137	0.00651	0.00362	0.00189	0.00615
41	0.02920	0.06201	0.21468	0.06744	0.14350	0.08358	0.08357	0.05828	0.04428	0.09560	0.00998	0.06219	0.00807	0.00485	0.00429	0.00132	0.01438	0.00414	0.00266	0.00598
42	0.00961	0.01218	0.17182	0.03038	0.23994	0.03723	0.22382	0.03950	0.04485	0.01376	0.01065	0.12643	0.00959	0.00526	0.00456	0.00139	0.00551	0.00515	0.00248	0.00585
43	0.01027	0.03191	0.04314	0.00813	0.01055	0.00941	0.00663	0.08071	0.50809	0.04674	0.09988	0.05959	0.05348	0.00649	0.00443	0.00141	0.00339	0.00543	0.00418	0.00615
44	0.01088	0.19117	0.30576	0.01045	0.05229	0.06695	0.01041	0.11691	0.09432	0.02846	0.03244	0.01143	0.04125	0.00471	0.00389	0.00124	0.00512	0.00361	0.00265	0.00606
45	0.04180	0.11249	0.08263	0.04510	0.01268	0.16911	0.00795	0.23294	0.10720	0.01667	0.04280	0.01357	0.08647	0.00538	0.00403	0.00125	0.00488	0.00408	0.00320	0.00577

[dist]
# distance from previous block
# <min> <max>
1	23

[block]
# block no. 3 follows, 62 sequences, length 47
# corresponding to MSA columns:
# 175-221
name=unknown_D
#
# <colnr> <probs for GDERKNQSTAVLIFYWHMCP>
#	G	D	E	R	K	N	Q	S	T	A	V	L	I	F	Y	W	H	M	C	P
0	0.02557	0.15645	0.04863	0.07959	0.21025	0.06130	0.08916	0.06569	0.02427	0.11733	0.00921	0.02712	0.00726	0.00435	0.00411	0.00123	0.01698	0.00373	0.00268	0.04508
1	0.03575	0.11108	0.07413	0.01222	0.13867	0.13356	0.02101	0.19774	0.15199	0.03022	0.00964	0.01035	0.00745	0.00472	0.00441	0.00127	0.04296	0.00358	0.00300	0.00625
2	0.00564	0.00398	0.00478	0.00517	0.00548	0.00379	0.00329	0.00617	0.00768	0.01014	0.06385	0.36821	0.10745	0.37070	0.01230	0.00270	0.00312	0.00901	0.00340	0.00313
3	0.01186	0.54798	0.10952	0.00877	0.01222	0.18000	0.00852	0.01354	0.00926	0.01049	0.00622	0.00737	0.00546	0.00404	0.00370	0.00105	0.05017	0.00254	0.00189	0.00540
4	0.00765	0.00519	0.00621	0.00573	0.00676	0.00506	0.00404	0.06205	0.04819	0.04458	0.22305	0.08208	0.06770	0.26740	0.01111	0.08991	0.00324	0.00641	0.00352	0.05014
5	0.06209	0.18214	0.18524	0.01252	0.13327	0.04730	0.10884	0.04447	0.02522	0.06983	0.02075	0.01064	0.02847	0.00431	0.00405	0.00123	0.01955	0.00358	0.00246	0.03403
6	0.07396	0.05595	0.06661	0.01232	0.12458	0.04516	0.10898	0.15097	0.05489	0.16334	0.02165	0.01111	0.00784	0.00471	0.00476	0.00132	0.06017	0.00385	0.00321	0.02464
7	0.00609	0.00411	0.00464	0.00469	0.00476	0.00407	0.00267	0.00617	0.00643	0.00851	0.01512	0.06684	0.04984	0.77605	0.02020	0.00390	0.00397	0.00658	0.00270	0.00266
8	0.01133	0.01129	0.05276	0.06384	0.06609	0.01099	0.42932	0.15648	0.04195	0.04845	0.00924	0.01124	0.00688	0.00431	0.00523	0.00141	0.05596	0.00447	0.00269	0.00606
9	0.01188	0.01189	0.03372	0.10049	0.23712	0.15332	0.11962	0.07095	0.07919	0.05947	0.00903	0.01077	0.00703	0.00455	0.00505	0.00134	0.07212	0.00387	0.00260	0.00597
10	0.00916	0.01135	0.16930	0.01395	0.25946	0.07426	0.03149	0.01220	0.04964	0.02912	0.14107	0.01852	0.13022	0.00593	0.00457	0.00133	0.01555	0.01440	0.00291	0.00555
11	0.00521	0.00372	0.00496	0.00591	0.00618	0.00347	0.00395	0.00599	0.00827	0.01106	0.04922	0.82134	0.02853	0.01318	0.00542	0.00172	0.00245	0.01195	0.00397	0.00347
12	0.00907	0.17771	0.67738	0.01122	0.01701	0.01118	0.01414	0.01334	0.00892	0.01283	0.00731	0.00858	0.00540	0.00397	0.00380	0.00127	0.00596	0.00298	0.00180	0.00613
13	0.02148	0.19029	0.32848	0.04561	0.03794	0.13070	0.04443	0.06066	0.00996	0.01288	0.00854	0.03689	0.02394	0.00459	0.00411	0.00125	0.02691	0.00349	0.00216	0.00569
14	0.00997	0.00589	0.00695	0.00623	0.00797	0.00569	0.00479	0.11361	0.04189	0.17496	0.12664	0.18375	0.16459	0.00824	0.00456	0.00138	0.00283	0.00702	0.11806	0.00497
15	0.00518	0.00370	0.00494	0.00592	0.00617	0.00346	0.00395	0.00592	0.00815	0.01086	0.02345	0.84768	0.02814	0.01333	0.00543	0.00173	0.00247	0.01210	0.00395	0.00346
16	0.04200	0.07935	0.05530	0.00935	0.01247	0.12296	0.02061	0.33713	0.14055	0.09121	0.01103	0.02878	0.00831	0.00520	0.00423	0.01285	0.00480	0.00386	0.00363	0.00639
17	0.02631	0.01665	0.52958	0.01179	0.05889	0.02679	0.05665	0.01226	0.00901	0.02886	0.01069	0.14575	0.00968	0.00614	0.01879	0.00151	0.00562	0.01701	0.00232	0.00570
18	0.01794	0.00785	0.01010	0.00788	0.01108	0.00731	0.00646	0.08903	0.09807	0.67207	0.01628	0.01426	0.01051	0.00531	0.00428	0.00133	0.00369	0.00430	0.00508	0.00719
19	0.02538	0.01225	0.04315	0.05043	0.11808	0.09834	0.53412	0.01368	0.00996	0.01319	0.00811	0.01074	0.00627	0.00387	0.00499	0.00139	0.03379	0.00444	0.00213	0.00569
20	0.02788	0.03662	0.67022	0.02597	0.03408	0.06473	0.04249	0.01352	0.00918	0.01326	0.00777	0.02147	0.00579	0.00418	0.00404	0.00133	0.00622	0.00331	0.00189	0.00607
21	0.00518	0.00370	0.00494	0.00592	0.00617	0.00346	0.00395	0.00592	0.00815	0.01086	0.02345	0.84768	0.02814	0.01333	0.00543	0.00173	0.00247	0.01210	0.00395	0.00346
22	0.01124	0.64525	0.16042	0.00840	0.01239	0.07895	0.00881	0.01320	0.00897	0.01064	0.00626	0.00726	0.00545	0.00377	0.00304	0.00100	0.00509	0.00246	0.00184	0.00556
23	0.02632	0.03034	0.01316	0.08620	0.04945	0.31113	0.02599	0.04682	0.00955	0.01143	0.00650	0.00894	0.00568	0.00557	0.00797	0.00146	0.34303	0.00335	0.00211	0.00500
24	0.00619	0.00413	0.00464	0.00464	0.00464	0.00413	0.00258	0.00619	0.00619	0.00825	0.01341	0.02785	0.01547	0.85046	0.02166	0.00413	0.00413	0.00619	0.00258	0.00258
25	0.01335	0.04067	0.01515	0.01109	0.01437	0.02886	0.25904	0.17988	0.05291	0.21224	0.01176	0.01250	0.00842	0.00587	0.04297	0.00156	0.00531	0.00433	0.07353	0.00620
26	0.00804	0.00756	0.01276	0.84023	0.02931	0.00945	0.01182	0.01087	0.00851	0.01087	0.00756	0.01134	0.00567	0.00425	0.00425	0.00142	0.00567	0.00378	0.00189	0.00473
27	0.00527	0.00381	0.00498	0.00576	0.00616	0.00353	0.00391	0.00617	0.00867	0.01158	0.11213	0.70669	0.08029	0.01266	0.00536	0.00167	0.00240	0.01141	0.00403	0.00353
28	0.01589	0.02028	0.01206	0.01096	0.01315	0.83338	0.00822	0.01699	0.01206	0.01041	0.00658	0.00767	0.00548	0.00438	0.00384	0.00110	0.00767	0.00274	0.00219	0.00493
29	0.00613	0.00435	0.00576	0.00576	0.00615	0.00474	0.00398	0.00691	0.00652	0.00908	0.01238	0.02215	0.01300	0.43185	0.43689	0.00551	0.00784	0.00535	0.00243	0.00320
30	0.01058	0.00914	0.00962	0.00866	0.01106	0.01058	0.00673	0.02261	0.81623	0.01780	0.01732	0.01588	0.01299	0.00577	0.00433	0.00144	0.00337	0.00481	0.00433	0.00673
31	0.88052	0.00823	0.00625	0.00560	0.00823	0.00955	0.00461	0.01251	0.00724	0.01909	0.00592	0.00691	0.00461	0.00395	0.00263	0.00132	0.00329	0.00230	0.00263	0.00461
32	0.00619	0.00413	0.00464	0.00464	0.00464	0.00413	0.00258	0.00619	0.00619	0.00825	0.01341	0.02785	0.01547	0.85046	0.02166	0.00413	0.00413	0.00619	0.00258	0.00258
33	0.00659	0.00552	0.00732	0.00653	0.00820	0.00512	0.08464	0.00900	0.08271	0.03071	0.11380	0.08164	0.45314	0.03909	0.00560	0.00156	0.00296	0.04782	0.00386	0.00419
34	0.01053	0.01011	0.01727	0.02612	0.82392	0.01011	0.01306	0.01306	0.00969	0.01390	0.00800	0.01053	0.00674	0.00379	0.00421	0.00126	0.00505	0.00379	0.00211	0.00674
35	0.00507	0.00431	0.00436	0.00435	0.00577	0.00361	0.00326	0.00618	0.00979	0.01171	0.07313	0.04060	0.79203	0.01070	0.00503	0.00143	0.00215	0.00893	0.00398	0.00361
36	0.00612	0.00448	0.00576	0.00542	0.00647	0.00418	0.00407	0.00838	0.03360	0.01695	0.78183	0.03157	0.05773	0.00867	0.00500	0.00134	0.00205	0.00765	0.00466	0.00408
37	0.01053	0.01011	0.01727	0.02612	0.82392	0.01011	0.01306	0.01306	0.00969	0.01390	0.00800	0.01053	0.00674	0.00379	0.00421	0.00126	0.00505	0.00379	0.00211	0.00674
38	0.01053	0.01011	0.01727	0.02612	0.82392	0.01011	0.01306	0.01306	0.00969	0.01390	0.00800	0.01053	0.00674	0.00379	0.00421	0.00126	0.00505	0.00379	0.00211	0.00674
39	0.00931	0.00931	0.01303	0.01117	0.01117	0.01303	0.00931	0.01024	0.00652	0.01024	0.00559	0.00931	0.00559	0.00745	0.01396	0.00186	0.84267	0.00372	0.00186	0.00465
40	0.01130	0.82988	0.04475	0.00742	0.01113	0.01664	0.00752	0.01276	0.00866	0.01011	0.00596	0.00689	0.00546	0.00365	0.00277	0.00092	0.00460	0.00230	0.00182	0.00548
41	0.00925	0.00880	0.01495	0.44554	0.41454	0.00977	0.01242	0.01193	0.00908	0.01234	0.00778	0.01095	0.00619	0.00403	0.00423	0.00134	0.00537	0.00379	0.00200	0.00570
42	0.00518	0.00381	0.00486	0.00566	0.00611	0.00349	0.00384	0.00600	0.00847	0.01110	0.04428	0.70566	0.15029	0.01284	0.00536	0.00167	0.00241	0.01152	0.00397	0.00349
43	0.00928	0.00926	0.01303	0.03318	0.01165	0.01294	0.00938	0.01026	0.00657	0.01026	0.00564	0.00936	0.00559	0.00736	0.01371	0.00185	0.82046	0.00373	0.00186	0.00466
44	0.04109	0.00868	0.02895	0.00955	0.12655	0.00723	0.00669	0.08392	0.00991	0.01523	0.00781	0.00913	0.00637	0.00347	0.00340	0.00082	0.00364	0.00283	0.00261	0.62213
45	0.17864	0.02645	0.12686	0.03375	0.18577	0.22813	0.06644	0.04395	0.00998	0.01409	0.00715	0.00883	0.00571	0.00422	0.00426	0.00128	0.04346	0.00320	0.00225	0.00558
46	0.00631	0.00467	0.00672	0.00665	0.00738	0.00535	0.00506	0.02509	0.00705	0.01006	0.01160	0.01786	0.01112	0.12586	0.72157	0.00640	0.01041	0.00473	0.00236	0.00373

[dist]
# distance from previous block
# <min> <max>
0	1

[block]
# block no. 4 follows, 62 sequences, length 15
# corresponding to MSA columns:
# 223-237
name=unknown_E
#
# <colnr> <probs for GDERKNQSTAVLIFYWHMCP>
#	G	D	E	R	K	N	Q	S	T	A	V	L	I	F	Y	W	H	M	C	P
0	0.01588	0.01177	0.01260	0.00973	0.01308	0.01306	0.00802	0.76852	0.06169	0.02634	0.01059	0.01051	0.00754	0.00514	0.00426	0.00129	0.00461	0.00388	0.00426	0.00721
1	0.00602	0.00435	0.00569	0.00535	0.00636	0.00401	0.00401	0.00803	0.01204	0.01706	0.82167	0.03178	0.04015	0.00870	0.00502	0.00134	0.00201	0.00770	0.00468	0.00401
2	0.01037	0.00994	0.01698	0.07906	0.77224	0.01007	0.01298	0.01292	0.00961	0.01370	0.00798	0.01058	0.00667	0.00382	0.00422	0.00127	0.00510	0.00379	0.00209	0.00661
3	0.01497	0.00911	0.01067	0.00804	0.01152	0.00872	0.00660	0.31787	0.01417	0.28374	0.01158	0.01120	0.00804	0.00458	0.00394	0.00110	0.00389	0.00359	0.00408	0.26261
4	0.00526	0.00376	0.00502	0.00601	0.00629	0.00352	0.00408	0.00605	0.00822	0.01094	0.02341	0.81239	0.02798	0.01326	0.00545	0.00174	0.00253	0.04666	0.00395	0.00348
5	0.00518	0.00370	0.00494	0.00592	0.00617	0.00346	0.00395	0.00592	0.00815	0.01086	0.02345	0.84768	0.02814	0.01333	0.00543	0.00173	0.00247	0.01210	0.00395	0.00346
6	0.01316	0.01707	0.14016	0.01292	0.04660	0.39776	0.17408	0.10340	0.01188	0.01351	0.00797	0.02680	0.00639	0.00441	0.00421	0.00124	0.00682	0.00363	0.00239	0.00560
7	0.00594	0.00435	0.00557	0.00526	0.00630	0.00398	0.00395	0.00786	0.01184	0.01657	0.75341	0.03259	0.10872	0.00888	0.00502	0.00135	0.00202	0.00781	0.00462	0.00398
8	0.00804	0.00756	0.01276	0.84023	0.02931	0.00945	0.01182	0.01087	0.00851	0.01087	0.00756	0.01134	0.00567	0.00425	0.00425	0.00142	0.00567	0.00378	0.00189	0.00473
9	0.00541	0.00386	0.00519	0.00618	0.00652	0.00365	0.00433	0.00631	0.00836	0.01111	0.02333	0.74199	0.02766	0.01312	0.00549	0.00176	0.00266	0.11561	0.00395	0.00352
10	0.01047	0.01000	0.01706	0.09454	0.70212	0.01017	0.04313	0.03616	0.00990	0.01401	0.00805	0.01063	0.00665	0.00386	0.00425	0.00128	0.00518	0.00384	0.00215	0.00655
11	0.01235	0.06028	0.36416	0.01204	0.08751	0.07715	0.01164	0.22742	0.01248	0.08197	0.00892	0.00968	0.00643	0.00441	0.00405	0.00128	0.00555	0.00340	0.00279	0.00651
12	0.00518	0.00370	0.00494	0.00592	0.00617	0.00346	0.00395	0.00592	0.00815	0.01086	0.02345	0.84768	0.02814	0.01333	0.00543	0.00173	0.00247	0.01210	0.00395	0.00346
13	0.00882	0.00756	0.00882	0.00630	0.01008	0.00567	0.00504	0.01071	0.00882	0.01387	0.00756	0.00882	0.00630	0.00315	0.00315	0.00063	0.00315	0.00252	0.00252	0.87647
14	0.00610	0.00411	0.00476	0.00491	0.00497	0.00408	0.00290	0.00626	0.00654	0.00871	0.01486	0.11819	0.01721	0.72603	0.01926	0.00378	0.00394	0.03787	0.00278	0.00273

[dist]
# distance from previous block
# <min> <max>
1	3

[block]
# block no. 5 follows, 62 sequences, length 23
# corresponding to MSA columns:
# 242-264
name=unknown_F
#
# <colnr> <probs for GDERKNQSTAVLIFYWHMCP>
#	G	D	E	R	K	N	Q	S	T	A	V	L	I	F	Y	W	H	M	C	P
0	0.01583	0.01166	0.01253	0.00967	0.01298	0.01289	0.00796	0.78476	0.01964	0.02632	0.01063	0.03623	0.00789	0.00536	0.00429	0.00129	0.00461	0.00409	0.00425	0.00712
1	0.00853	0.02201	0.82841	0.01213	0.01842	0.00988	0.01572	0.01348	0.00898	0.01348	0.00764	0.00898	0.00539	0.00404	0.00404	0.00135	0.00629	0.00314	0.00180	0.00629
2	0.03562	0.41786	0.41976	0.00962	0.01454	0.01319	0.01137	0.01310	0.00877	0.01199	0.00677	0.00789	0.00540	0.00385	0.00338	0.00114	0.00537	0.00271	0.00183	0.00584
3	0.00675	0.00515	0.00713	0.00703	0.00799	0.00592	0.00545	0.02750	0.08811	0.01114	0.01278	0.05069	0.01196	0.04427	0.66015	0.00578	0.00974	0.02569	0.00265	0.00414
4	0.01618	0.01192	0.01277	0.00979	0.01320	0.01320	0.00809	0.80973	0.02001	0.02682	0.01022	0.01022	0.00724	0.00511	0.00426	0.00128	0.00468	0.00383	0.00426	0.00724
5	0.00882	0.00756	0.00882	0.00630	0.01008	0.00567	0.00504	0.01071	0.00882	0.01387	0.00756	0.00882	0.00630	0.00315	0.00315	0.00063	0.00315	0.00252	0.00252	0.87647
6	0.00531	0.00384	0.00518	0.00599	0.00634	0.00370	0.00410	0.00619	0.00814	0.01094	0.04634	0.70645	0.04232	0.01539	0.10564	0.00233	0.00353	0.01099	0.00377	0.00352
7	0.00521	0.00372	0.00496	0.00591	0.00618	0.00347	0.00395	0.00599	0.00827	0.01106	0.04893	0.82164	0.02853	0.01318	0.00542	0.00172	0.00245	0.01196	0.00397	0.00347
8	0.00676	0.00552	0.00696	0.00683	0.00750	0.05012	0.00513	0.00795	0.00699	0.00962	0.01127	0.01798	0.01105	0.18052	0.60602	0.00583	0.04324	0.00473	0.00231	0.00367
9	0.00945	0.00915	0.01597	0.36569	0.43276	0.00988	0.07120	0.01219	0.00922	0.01262	0.00786	0.01094	0.00627	0.00397	0.00429	0.00134	0.00547	0.00388	0.00202	0.00582
10	0.00529	0.00441	0.00462	0.00461	0.00597	0.00381	0.00344	0.00674	0.03103	0.01223	0.12458	0.07548	0.68197	0.01054	0.00503	0.00144	0.00219	0.00887	0.00404	0.00371
11	0.11946	0.01148	0.01199	0.00929	0.01260	0.01276	0.00767	0.71446	0.01848	0.02589	0.00970	0.00982	0.00692	0.00497	0.00406	0.00128	0.00452	0.00365	0.00406	0.00692
12	0.00953	0.00651	0.00767	0.00687	0.00821	0.04017	0.03057	0.01246	0.15913	0.14114	0.03179	0.04269	0.02632	0.34031	0.11519	0.00314	0.00494	0.00547	0.00337	0.00452
13	0.00522	0.00372	0.00493	0.00588	0.00612	0.00348	0.00390	0.00593	0.00808	0.01077	0.02311	0.82006	0.02772	0.04154	0.00598	0.00181	0.00252	0.01190	0.00390	0.00343
14	0.00611	0.00445	0.00628	0.00628	0.00685	0.00502	0.00462	0.00724	0.00667	0.00946	0.01191	0.01955	0.01187	0.24006	0.62713	0.00615	0.00955	0.00497	0.00236	0.00349
15	0.01366	0.05733	0.03649	0.01268	0.01589	0.36834	0.26441	0.08308	0.03597	0.05921	0.00843	0.00973	0.00645	0.00424	0.00424	0.00124	0.00671	0.00370	0.00256	0.00563
16	0.00605	0.00425	0.00475	0.00474	0.00540	0.00395	0.00308	0.00664	0.00804	0.03161	0.07447	0.09009	0.29190	0.43152	0.01337	0.00280	0.00319	0.00760	0.00334	0.00320
17	0.00543	0.00388	0.00499	0.00569	0.00604	0.00364	0.00383	0.00622	0.00830	0.01107	0.08402	0.61119	0.06224	0.12784	0.00763	0.00202	0.00269	0.03605	0.00382	0.00340
18	0.00804	0.00756	0.01276	0.84023	0.02931	0.00945	0.01182	0.01087	0.00851	0.01087	0.00756	0.01134	0.00567	0.00425	0.00425	0.00142	0.00567	0.00378	0.00189	0.00473
19	0.05008	0.37645	0.11024	0.00919	0.04120	0.08405	0.00839	0.15114	0.06565	0.01463	0.00828	0.00944	0.00676	0.00434	0.00346	0.00113	0.00484	0.01620	0.02869	0.00584
20	0.01522	0.01859	0.01336	0.01153	0.01402	0.67728	0.08812	0.07149	0.02932	0.01202	0.00726	0.00840	0.00586	0.00438	0.00399	0.00115	0.00733	0.00309	0.00238	0.00521
21	0.00862	0.00720	0.00751	0.00702	0.00823	0.07868	0.00519	0.10196	0.11408	0.01267	0.01484	0.06585	0.05870	0.23720	0.23328	0.00359	0.00616	0.02184	0.00307	0.00432
22	0.11624	0.16281	0.08718	0.01038	0.05273	0.09307	0.08791	0.14549	0.09253	0.05500	0.00897	0.00970	0.00685	0.00430	0.00375	0.00120	0.00494	0.00337	0.00285	0.05073

[dist]
# distance from previous block
# <min> <max>
8	38

[block]
# block no. 6 follows, 62 sequences, length 37
# corresponding to MSA columns:
# 313-349
name=unknown_G
#
# <colnr> <probs for GDERKNQSTAVLIFYWHMCP>
#	G	D	E	R	K	N	Q	S	T	A	V	L	I	F	Y	W	H	M	C	P
0	0.01159	0.17677	0.21128	0.01103	0.06638	0.15926	0.05162	0.08162	0.02642	0.04846	0.04788	0.01143	0.00844	0.00461	0.00392	0.00120	0.00545	0.02974	0.00256	0.04032
1	0.08317	0.04229	0.04831	0.00905	0.02485	0.03923	0.07039	0.15316	0.12398	0.08406	0.05365	0.05692	0.02803	0.02763	0.02159	0.00156	0.00438	0.08960	0.00356	0.03460
2	0.07707	0.10629	0.24163	0.02379	0.01407	0.08323	0.02973	0.20850	0.06833	0.01665	0.02857	0.00995	0.00724	0.00474	0.00457	0.00130	0.06213	0.00345	0.00276	0.00601
3	0.00640	0.00457	0.00568	0.00561	0.00603	0.00488	0.00376	0.00766	0.05375	0.00963	0.04008	0.02367	0.01459	0.50775	0.28327	0.00476	0.00637	0.00563	0.00265	0.00326
4	0.01030	0.07648	0.03621	0.06710	0.29620	0.02828	0.38122	0.01343	0.02402	0.01329	0.00822	0.01073	0.00651	0.00376	0.00447	0.00133	0.00608	0.00423	0.00213	0.00601
5	0.01375	0.01030	0.01123	0.03049	0.01224	0.01130	0.00733	0.59471	0.07424	0.02372	0.10025	0.01497	0.06429	0.00589	0.00439	0.00131	0.00416	0.00465	0.00423	0.00655
6	0.00603	0.00418	0.00525	0.00538	0.00561	0.00435	0.00347	0.00652	0.00662	0.00902	0.01422	0.13362	0.01590	0.52787	0.22945	0.00451	0.00579	0.00655	0.00268	0.00301
7	0.01054	0.01000	0.01638	0.02408	0.72914	0.01017	0.01232	0.01417	0.10373	0.01436	0.00909	0.01115	0.00747	0.00402	0.00423	0.00128	0.00486	0.00391	0.00237	0.00674
8	0.00619	0.00413	0.00464	0.00464	0.00464	0.00413	0.00258	0.00619	0.00619	0.00825	0.01341	0.02785	0.01547	0.85046	0.02166	0.00413	0.00413	0.00619	0.00258	0.00258
9	0.00739	0.00370	0.00554	0.00554	0.00554	0.00370	0.00370	0.00554	0.00554	0.00739	0.00739	0.01293	0.00739	0.01478	0.01663	0.87620	0.00370	0.00370	0.00185	0.00185
10	0.00541	0.00433	0.00484	0.00471	0.00598	0.00375	0.00353	0.00684	0.01059	0.01362	0.34035	0.03745	0.52362	0.00998	0.00502	0.00140	0.00210	0.00849	0.00423	0.00375
11	0.00931	0.00931	0.01303	0.01117	0.01117	0.01303	0.00931	0.01024	0.00652	0.01024	0.00559	0.00931	0.00559	0.00745	0.01396	0.00186	0.84267	0.00372	0.00186	0.00465
12	0.00920	0.03709	0.03987	0.06032	0.08195	0.02284	0.05343	0.01138	0.00901	0.01346	0.00759	0.00920	0.00623	0.00337	0.00345	0.00082	0.00395	0.00287	0.00237	0.62160
13	0.01119	0.79895	0.07475	0.00760	0.01141	0.01638	0.00783	0.01279	0.00867	0.01024	0.00603	0.00697	0.00546	0.00367	0.00282	0.00094	0.00466	0.00233	0.00182	0.00551
14	0.01589	0.02028	0.01206	0.01096	0.01315	0.83338	0.00822	0.01699	0.01206	0.01041	0.00658	0.00767	0.00548	0.00438	0.00384	0.00110	0.00767	0.00274	0.00219	0.00493
15	0.00521	0.00375	0.00492	0.00581	0.00612	0.00349	0.00389	0.00598	0.00824	0.01094	0.03842	0.77776	0.06466	0.03167	0.00576	0.00176	0.00248	0.01174	0.00393	0.00345
16	0.00679	0.00487	0.00677	0.00769	0.00869	0.00485	0.00670	0.00873	0.00984	0.01280	0.04047	0.04747	0.04466	0.01166	0.00584	0.00193	0.00383	0.75856	0.00394	0.00391
17	0.00853	0.02201	0.82841	0.01213	0.01842	0.00988	0.01572	0.01348	0.00898	0.01348	0.00764	0.00898	0.00539	0.00404	0.00404	0.00135	0.00629	0.00314	0.00180	0.00629
18	0.00592	0.00435	0.00554	0.00524	0.00629	0.00397	0.00393	0.00782	0.01179	0.01646	0.73776	0.03277	0.12444	0.00892	0.00502	0.00135	0.00202	0.00783	0.00461	0.00397
19	0.01053	0.01011	0.01727	0.02612	0.82392	0.01011	0.01306	0.01306	0.00969	0.01390	0.00800	0.01053	0.00674	0.00379	0.00421	0.00126	0.00505	0.00379	0.00211	0.00674
20	0.01207	0.00881	0.00967	0.00847	0.01103	0.00983	0.00665	0.02228	0.67602	0.15889	0.01723	0.01563	0.01256	0.00568	0.00432	0.00142	0.00341	0.00472	0.00449	0.00682
21	0.00984	0.00928	0.01124	0.41082	0.01989	0.08746	0.00921	0.06076	0.25466	0.01387	0.01231	0.03193	0.04016	0.00523	0.00429	0.00139	0.00490	0.00438	0.00292	0.00543
22	0.00503	0.00429	0.00433	0.00436	0.00576	0.00359	0.00326	0.00610	0.00965	0.01147	0.04248	0.06663	0.79691	0.01086	0.00504	0.00145	0.00217	0.00908	0.00395	0.00359
23	0.00518	0.00370	0.00494	0.00592	0.00617	0.00346	0.00395	0.00592	0.00815	0.01086	0.02345	0.84768	0.02814	0.01333	0.00543	0.00173	0.00247	0.01210	0.00395	0.00346
24	0.00804	0.00756	0.01276	0.84023	0.02931	0.00945	0.01182	0.01087	0.00851	0.01087	0.00756	0.01134	0.00567	0.00425	0.00425	0.00142	0.00567	0.00378	0.00189	0.00473
25	0.00924	0.00921	0.01302	0.05944	0.01223	0.01282	0.00946	0.01028	0.00663	0.01028	0.00570	0.00943	0.00559	0.00726	0.01340	0.00184	0.79395	0.00373	0.00186	0.00466
26	0.00518	0.00370	0.00494	0.00592	0.00617	0.00346	0.00395	0.00592	0.00815	0.01086	0.02345	0.84768	0.02814	0.01333	0.00543	0.00173	0.00247	0.01210	0.00395	0.00346
27	0.00882	0.00756	0.00882	0.00630	0.01008	0.00567	0.00504	0.01071	0.00882	0.01387	0.00756	0.00882	0.00630	0.00315	0.00315	0.00063	0.00315	0.00252	0.00252	0.87647
28	0.00689	0.00456	0.00601	0.00560	0.00675	0.00420	0.00428	0.00887	0.01195	0.06828	0.73522	0.03140	0.03758	0.00862	0.00501	0.00136	0.00219	0.04232	0.00469	0.00422
29	0.00518	0.00372	0.00492	0.00588	0.00616	0.00346	0.00393	0.00593	0.00819	0.01088	0.02400	0.82526	0.05022	0.01326	0.00542	0.00172	0.00246	0.01201	0.00395	0.00346
30	0.00576	0.00432	0.00533	0.00511	0.00620	0.00390	0.00382	0.00750	0.01137	0.01553	0.60893	0.05425	0.23370	0.00933	0.00503	0.00137	0.00206	0.00812	0.00448	0.00390
31	0.00608	0.00456	0.00684	0.00684	0.00760	0.00532	0.00532	0.00760	0.00684	0.00988	0.01140	0.01672	0.01064	0.03191	0.83360	0.00684	0.01140	0.00456	0.00228	0.00380
32	0.04066	0.03741	0.01101	0.00908	0.02718	0.27504	0.00711	0.04972	0.02837	0.42456	0.01262	0.01273	0.00889	0.00509	0.00410	0.00125	0.00503	0.02997	0.00393	0.00624
33	0.01573	0.01379	0.01316	0.01053	0.01356	0.26910	0.07944	0.37896	0.01542	0.11887	0.00980	0.01036	0.00716	0.01913	0.00449	0.00129	0.00570	0.00369	0.00352	0.00630
34	0.02934	0.06390	0.07795	0.01115	0.12984	0.06445	0.05010	0.04415	0.04915	0.23518	0.02765	0.03400	0.02349	0.02188	0.00444	0.00129	0.00447	0.02160	0.00335	0.10261
35	0.04805	0.01021	0.02147	0.03492	0.03472	0.15673	0.03772	0.02759	0.02771	0.06229	0.02997	0.03702	0.00808	0.00419	0.00364	0.00095	0.00432	0.00336	0.00275	0.44431
36	0.02944	0.11878	0.03554	0.02661	0.02335	0.15110	0.00754	0.18989	0.17178	0.06265	0.02459	0.01234	0.00906	0.00590	0.03195	0.00141	0.00496	0.02882	0.00331	0.06097

[dist]
# distance from previous block
# <min> <max>
1	76

[block]
# block no. 7 follows, 62 sequences, length 28
# corresponding to MSA columns:
# 435-462
name=unknown_H
#
# <colnr> <probs for GDERKNQSTAVLIFYWHMCP>
#	G	D	E	R	K	N	Q	S	T	A	V	L	I	F	Y	W	H	M	C	P
0	0.04187	0.05704	0.06631	0.05794	0.07426	0.11963	0.05446	0.03298	0.08683	0.06911	0.06416	0.01387	0.03252	0.06193	0.01859	0.00157	0.08405	0.00417	0.00283	0.05586
1	0.06127	0.07566	0.05990	0.03942	0.24650	0.03309	0.04425	0.07706	0.05877	0.02739	0.03143	0.03817	0.05522	0.00769	0.08423	0.00183	0.03024	0.00434	0.00270	0.02087
2	0.10548	0.02134	0.01201	0.02060	0.07903	0.03109	0.07972	0.28187	0.13450	0.03918	0.04960	0.02947	0.02303	0.00675	0.05167	0.00164	0.00478	0.00435	0.01782	0.00605
3	0.05933	0.00857	0.00807	0.00756	0.00896	0.16677	0.00573	0.06317	0.05738	0.04273	0.03672	0.06645	0.01213	0.11782	0.29433	0.00358	0.00709	0.02630	0.00290	0.00443
4	0.04742	0.74800	0.07271	0.00749	0.01119	0.01583	0.00764	0.01264	0.00860	0.01063	0.00637	0.02348	0.00587	0.00387	0.00286	0.00097	0.00457	0.00252	0.00189	0.00544
5	0.00960	0.00879	0.01153	0.00835	0.01213	0.03556	0.12378	0.04946	0.00965	0.01433	0.00781	0.00924	0.00634	0.00335	0.00350	0.00080	0.00397	0.00296	0.00254	0.67632
6	0.00801	0.00674	0.00793	0.00740	0.02178	0.02676	0.03103	0.01346	0.29978	0.01602	0.34985	0.07372	0.07064	0.03065	0.00522	0.00148	0.00297	0.01733	0.00422	0.00501
7	0.00522	0.00432	0.00459	0.00460	0.00593	0.00368	0.00347	0.00644	0.00997	0.01226	0.14601	0.06239	0.67179	0.01060	0.00506	0.00145	0.00220	0.03233	0.00405	0.00365
8	0.01250	0.01294	0.01105	0.10753	0.01408	0.28942	0.00794	0.07864	0.38857	0.01516	0.01199	0.01214	0.00915	0.00507	0.00415	0.00131	0.00520	0.00391	0.00331	0.00593
9	0.01214	0.00825	0.00861	0.00736	0.00963	0.03704	0.00582	0.18666	0.26542	0.11534	0.01427	0.01421	0.01054	0.00526	0.00386	0.00124	0.00339	0.00420	0.28081	0.00596
10	0.00523	0.00384	0.00491	0.00564	0.00613	0.00352	0.00385	0.00613	0.00870	0.01147	0.09329	0.66313	0.14338	0.01257	0.00534	0.00165	0.00238	0.01128	0.00401	0.00352
11	0.00608	0.00456	0.00684	0.00684	0.00760	0.00532	0.00532	0.00760	0.00684	0.00988	0.01140	0.01672	0.01064	0.03191	0.83360	0.00684	0.01140	0.00456	0.00228	0.00380
12	0.00611	0.00409	0.00466	0.00473	0.00475	0.00408	0.00268	0.00617	0.00633	0.00844	0.01414	0.08733	0.01639	0.78973	0.02048	0.00395	0.00401	0.00662	0.00268	0.00264
13	0.01138	0.85302	0.02230	0.00728	0.01092	0.01684	0.00728	0.01274	0.00865	0.01001	0.00592	0.00683	0.00546	0.00364	0.00273	0.00091	0.00455	0.00228	0.00182	0.00546
14	0.01590	0.02001	0.01208	0.01092	0.01316	0.80703	0.00822	0.04246	0.01231	0.01094	0.00669	0.00776	0.00554	0.00441	0.00385	0.00110	0.00758	0.00278	0.00226	0.00501
15	0.06643	0.15313	0.41958	0.04950	0.01601	0.04340	0.04517	0.07302	0.00978	0.01407	0.00743	0.00874	0.00562	0.00399	0.00373	0.00121	0.00553	0.00305	0.00213	0.06848
16	0.01227	0.03581	0.06427	0.02013	0.01220	0.25982	0.04307	0.10727	0.01066	0.06958	0.00963	0.02437	0.02780	0.09182	0.02698	0.00177	0.17077	0.00398	0.00266	0.00513
17	0.00608	0.00408	0.00467	0.00478	0.00481	0.00405	0.00273	0.00616	0.00640	0.00854	0.01451	0.11803	0.01686	0.75838	0.01987	0.00386	0.00394	0.00684	0.00273	0.00267
18	0.00931	0.26031	0.54942	0.01045	0.01569	0.01171	0.01269	0.01329	0.03083	0.01252	0.00788	0.03368	0.00630	0.00425	0.00371	0.00124	0.00559	0.00321	0.00194	0.00598
19	0.00529	0.00381	0.00503	0.00591	0.00628	0.00355	0.00405	0.00615	0.00845	0.01124	0.05797	0.74108	0.06479	0.01295	0.00541	0.00171	0.00250	0.04635	0.00398	0.00351
20	0.00608	0.00456	0.00684	0.00684	0.00760	0.00532	0.00532	0.00760	0.00684	0.00988	0.01140	0.01672	0.01064	0.03191	0.83360	0.00684	0.01140	0.00456	0.00228	0.00380
21	0.01559	0.01978	0.01210	0.01097	0.01306	0.79587	0.00827	0.01668	0.01180	0.01041	0.00653	0.00775	0.00549	0.00452	0.00430	0.00113	0.04585	0.00279	0.00218	0.00492
22	0.02709	0.14152	0.01372	0.01055	0.03255	0.45795	0.03656	0.05802	0.03509	0.01188	0.00813	0.03964	0.00728	0.00510	0.00467	0.00122	0.07278	0.02869	0.00241	0.00515
23	0.01026	0.00984	0.01679	0.11301	0.73911	0.01004	0.01293	0.01283	0.00956	0.01358	0.00796	0.01062	0.00663	0.00384	0.00422	0.00128	0.00512	0.00379	0.00208	0.00653
24	0.00518	0.00370	0.00494	0.00592	0.00617	0.00346	0.00395	0.00592	0.00815	0.01086	0.02345	0.84768	0.02814	0.01333	0.00543	0.00173	0.00247	0.01210	0.00395	0.00346
25	0.00646	0.00506	0.00652	0.00674	0.00766	0.00509	0.02867	0.00952	0.15389	0.01296	0.10693	0.51614	0.05943	0.01101	0.00518	0.00163	0.00278	0.04611	0.00404	0.00420
26	0.01042	0.00999	0.01706	0.06334	0.78759	0.01008	0.01300	0.01296	0.00963	0.01376	0.00798	0.01057	0.00669	0.00381	0.00421	0.00127	0.00508	0.00379	0.00210	0.00665
27	0.01212	0.01050	0.01059	0.01949	0.04744	0.14984	0.03482	0.21859	0.15153	0.06976	0.04184	0.10474	0.09700	0.00658	0.00445	0.00135	0.00443	0.00543	0.00373	0.00576

[dist]
# distance from previous block
# <min> <max>
0	1

[block]
# block no. 8 follows, 62 sequences, length 31
# corresponding to MSA columns:
# 466-483,485-497
name=unknown_I
#
# <colnr> <probs for GDERKNQSTAVLIFYWHMCP>
#	G	D	E	R	K	N	Q	S	T	A	V	L	I	F	Y	W	H	M	C	P
0	0.01382	0.05964	0.03468	0.01094	0.06560	0.34683	0.01808	0.17465	0.06387	0.04226	0.03551	0.01010	0.00777	0.00477	0.00443	0.00119	0.04534	0.00342	0.00289	0.05419
1	0.03444	0.14103	0.03737	0.01133	0.12499	0.21496	0.00825	0.18655	0.05044	0.07383	0.00923	0.01046	0.00730	0.03808	0.00452	0.00129	0.00522	0.00344	0.03134	0.00592
2	0.01482	0.00948	0.01036	0.00847	0.01123	0.06375	0.00683	0.26728	0.14164	0.27647	0.01344	0.01320	0.00957	0.00815	0.09516	0.00190	0.00498	0.00414	0.03261	0.00652
3	0.01175	0.00913	0.01020	0.02260	0.01147	0.02686	0.00621	0.24854	0.01240	0.06482	0.00886	0.00958	0.00680	0.00390	0.00358	0.00089	0.00378	0.00304	0.00318	0.53241
