[name]
unknown

[dist]
# distance from previous block
# <min> <max>
15	118

[block]
# block no. 0 follows, 56 sequences, length 25
# corresponding to MSA columns:
# 124-144,151-154
name=unknown_A
#
# <colnr> <probs for GDERKNQSTAVLIFYWHMCP>
#	G	D	E	R	K	N	Q	S	T	A	V	L	I	F	Y	W	H	M	C	P
0	0.06445	0.05356	0.07402	0.05839	0.04996	0.02856	0.05631	0.23749	0.04882	0.07021	0.03746	0.06970	0.01062	0.01889	0.02784	0.00163	0.03068	0.00478	0.02004	0.03659
1	0.04761	0.11197	0.14309	0.02756	0.01334	0.10095	0.01939	0.21159	0.04917	0.02993	0.04091	0.04953	0.02618	0.04090	0.00506	0.00146	0.00512	0.00443	0.04479	0.02703
2	0.00901	0.04425	0.16814	0.00940	0.04977	0.04126	0.02174	0.02388	0.07089	0.04548	0.12905	0.12785	0.09620	0.04450	0.06529	0.00202	0.00488	0.00642	0.00346	0.03650
3	0.04599	0.10682	0.24542	0.02990	0.08845	0.04739	0.03953	0.08474	0.05369	0.03951	0.02260	0.06947	0.00955	0.03854	0.00506	0.00148	0.00533	0.00443	0.00284	0.05925
4	0.08110	0.18239	0.12070	0.06599	0.01403	0.07794	0.04489	0.03276	0.06245	0.08189	0.02633	0.06697	0.05572	0.00565	0.00416	0.00132	0.00493	0.00451	0.00303	0.06323
5	0.00776	0.02532	0.00748	0.00691	0.00780	0.04013	0.01833	0.03044	0.00837	0.02770	0.01544	0.12091	0.04441	0.24634	0.33098	0.01716	0.00740	0.00638	0.02676	0.00397
6	0.03534	0.11759	0.28588	0.06266	0.04104	0.05114	0.11174	0.04680	0.02546	0.01450	0.02757	0.05209	0.00932	0.00540	0.00469	0.00143	0.02356	0.04268	0.00254	0.03857
7	0.03170	0.22600	0.06407	0.01044	0.05849	0.01163	0.06676	0.10946	0.03080	0.13894	0.01194	0.05846	0.02953	0.02691	0.00514	0.00139	0.04191	0.00441	0.00325	0.06875
8	0.01033	0.00836	0.02991	0.00826	0.01028	0.08092	0.08832	0.04079	0.05603	0.10434	0.13668	0.09059	0.09739	0.11228	0.00716	0.00182	0.00416	0.00652	0.10082	0.00507
9	0.00580	0.00425	0.00542	0.00608	0.00667	0.00391	0.00422	0.00689	0.00971	0.01290	0.15569	0.55218	0.14014	0.03318	0.00617	0.00182	0.00262	0.03416	0.00435	0.00384
10	0.05566	0.10497	0.10340	0.01082	0.06087	0.08249	0.03579	0.15853	0.07338	0.09334	0.02290	0.02885	0.00869	0.00502	0.00436	0.00128	0.02018	0.00391	0.00332	0.12223
11	0.04892	0.05964	0.16099	0.02923	0.09543	0.06970	0.07900	0.10945	0.05650	0.05847	0.06626	0.07722	0.02389	0.00589	0.00476	0.00143	0.02039	0.00497	0.00320	0.02468
12	0.00574	0.00413	0.00539	0.00626	0.00665	0.00385	0.00424	0.00665	0.00911	0.01215	0.08074	0.68621	0.06745	0.05064	0.00660	0.00194	0.00273	0.03151	0.00425	0.00375
13	0.19544	0.03587	0.01216	0.00983	0.01291	0.23960	0.00788	0.34900	0.06066	0.02119	0.00927	0.00976	0.00699	0.00503	0.00406	0.00133	0.00556	0.00348	0.00354	0.00644
14	0.03641	0.04395	0.06875	0.06951	0.02515	0.02852	0.05355	0.12412	0.07656	0.08013	0.03495	0.04233	0.01074	0.09402	0.03576	0.00189	0.03996	0.00465	0.00330	0.12576
15	0.00685	0.00467	0.00544	0.00556	0.00670	0.00417	0.00402	0.00802	0.01004	0.06482	0.09568	0.24739	0.36195	0.08222	0.00695	0.00186	0.00274	0.03383	0.04300	0.00407
16	0.00624	0.00454	0.00580	0.00577	0.00668	0.00418	0.00418	0.00795	0.01166	0.01615	0.55455	0.19283	0.10039	0.05054	0.00637	0.00168	0.00239	0.00927	0.00473	0.00410
17	0.01060	0.01016	0.03280	0.07175	0.10338	0.04789	0.15893	0.13302	0.08737	0.01664	0.06392	0.06513	0.14318	0.00666	0.00495	0.00147	0.00495	0.00603	0.00346	0.02772
18	0.02921	0.03525	0.04457	0.15062	0.12747	0.06115	0.07911	0.10257	0.02390	0.04786	0.01473	0.16442	0.06498	0.00696	0.00508	0.00152	0.02563	0.00608	0.00317	0.00573
19	0.01372	0.01032	0.01111	0.00919	0.01212	0.01139	0.00737	0.35520	0.31618	0.05962	0.05080	0.01723	0.07356	0.00642	0.00469	0.00146	0.00406	0.00517	0.02330	0.00708
20	0.02751	0.01076	0.01162	0.01044	0.06795	0.07411	0.00774	0.35662	0.05109	0.13429	0.05786	0.06453	0.03595	0.04663	0.00562	0.00158	0.00466	0.02011	0.00429	0.00665
21	0.04374	0.01409	0.09574	0.03289	0.03496	0.15733	0.26766	0.09562	0.06316	0.03502	0.01096	0.04636	0.02575	0.00531	0.00534	0.00148	0.05086	0.00478	0.00288	0.00611
22	0.01286	0.47521	0.04245	0.00927	0.01273	0.13791	0.04362	0.10536	0.01159	0.01375	0.05329	0.04518	0.00933	0.00500	0.00374	0.00116	0.00537	0.00367	0.00262	0.00589
23	0.01164	0.09486	0.32872	0.02495	0.04971	0.07180	0.04691	0.05284	0.02773	0.09242	0.01066	0.04875	0.00875	0.00555	0.00510	0.00145	0.05632	0.03689	0.00278	0.02216
24	0.05045	0.09977	0.21377	0.02537	0.09424	0.10381	0.02451	0.07641	0.06381	0.05842	0.07891	0.01437	0.05484	0.00549	0.00451	0.00138	0.01633	0.00434	0.00306	0.00623

[dist]
# distance from previous block
# <min> <max>
0	9

[block]
# block no. 1 follows, 56 sequences, length 7
# corresponding to MSA columns:
# 164-170
name=unknown_B
#
# <colnr> <probs for GDERKNQSTAVLIFYWHMCP>
#	G	D	E	R	K	N	Q	S	T	A	V	L	I	F	Y	W	H	M	C	P
0	0.06386	0.06865	0.14711	0.04481	0.06297	0.03420	0.08566	0.11979	0.11482	0.05351	0.02702	0.04299	0.02308	0.02046	0.00540	0.00151	0.05225	0.00456	0.00317	0.02419
1	0.00741	0.00627	0.00672	0.05535	0.00886	0.05248	0.00497	0.03895	0.04608	0.01366	0.15015	0.16706	0.31819	0.05489	0.00685	0.04214	0.00329	0.00847	0.00399	0.00424
2	0.00800	0.00501	0.00638	0.00630	0.00678	0.02752	0.00431	0.00751	0.04018	0.00960	0.01223	0.12654	0.03600	0.05266	0.01445	0.57525	0.00385	0.00547	0.00257	0.04940
3	0.01055	0.08071	0.22631	0.11786	0.10413	0.08730	0.05389	0.05148	0.04255	0.01443	0.05963	0.03206	0.02649	0.00610	0.02250	0.00157	0.03226	0.02153	0.00265	0.00600
4	0.06156	0.00870	0.03947	0.04992	0.05729	0.03953	0.05509	0.09972	0.04974	0.06055	0.05583	0.15489	0.12675	0.00968	0.04999	0.00189	0.02690	0.04342	0.00369	0.00538
5	0.00682	0.00475	0.00574	0.00596	0.00700	0.00441	0.00431	0.03058	0.01020	0.04711	0.10371	0.37365	0.25911	0.01319	0.05426	0.00199	0.00319	0.01004	0.04982	0.00417
6	0.06361	0.05990	0.01140	0.11445	0.12710	0.11377	0.00790	0.05747	0.01121	0.04392	0.11605	0.06659	0.09603	0.00669	0.00476	0.01828	0.00455	0.00537	0.02923	0.04172

[dist]
# distance from previous block
# <min> <max>
1	32

[block]
# block no. 2 follows, 56 sequences, length 28
# corresponding to MSA columns:
# 203-230
name=unknown_C
#
# <colnr> <probs for GDERKNQSTAVLIFYWHMCP>
#	G	D	E	R	K	N	Q	S	T	A	V	L	I	F	Y	W	H	M	C	P
0	0.04433	0.12633	0.23755	0.01077	0.05575	0.08957	0.02719	0.04426	0.03071	0.05846	0.07325	0.04073	0.02815	0.03661	0.00521	0.00145	0.02447	0.00435	0.00288	0.05797
1	0.02800	0.02418	0.04908	0.01732	0.07588	0.09075	0.03580	0.03058	0.04572	0.03377	0.14037	0.16227	0.19194	0.00896	0.01566	0.00157	0.01531	0.00735	0.00372	0.02177
2	0.01136	0.01062	0.04888	0.21159	0.06003	0.08181	0.05265	0.13875	0.07013	0.04193	0.02560	0.04900	0.03556	0.05116	0.00659	0.04550	0.02431	0.00486	0.00309	0.02658
3	0.01000	0.06221	0.06881	0.01789	0.01102	0.02354	0.04654	0.11043	0.09372	0.03571	0.13441	0.02104	0.08036	0.14652	0.03040	0.00207	0.03174	0.00559	0.01678	0.05125
4	0.00761	0.00621	0.04090	0.00802	0.03870	0.00563	0.03795	0.04296	0.00880	0.01211	0.03343	0.24753	0.04719	0.11307	0.12865	0.15154	0.00510	0.00729	0.01852	0.03877
5	0.00886	0.00785	0.01112	0.13435	0.09663	0.04858	0.04058	0.05249	0.02491	0.01259	0.01108	0.03144	0.00997	0.04681	0.40885	0.00450	0.03708	0.00478	0.00255	0.00497
6	0.00652	0.00500	0.00619	0.00669	0.02093	0.00485	0.00473	0.00884	0.08145	0.01381	0.17402	0.35987	0.17092	0.04319	0.02654	0.00194	0.00304	0.05292	0.00431	0.00425
7	0.00867	0.00816	0.01377	0.82762	0.03162	0.01020	0.01275	0.01173	0.00918	0.01173	0.00816	0.01224	0.00612	0.00459	0.00459	0.00153	0.00612	0.00408	0.00204	0.00510
8	0.00771	0.00572	0.00668	0.00681	0.00802	0.00578	0.00494	0.02916	0.17880	0.04056	0.06837	0.42479	0.14694	0.01119	0.00537	0.00168	0.00287	0.00986	0.02998	0.00478
9	0.00640	0.00475	0.00630	0.00675	0.02154	0.00471	0.00478	0.00806	0.02892	0.01338	0.22183	0.29416	0.07907	0.08199	0.15818	0.00296	0.00459	0.04358	0.00398	0.00406
10	0.00951	0.00945	0.01389	0.72633	0.06028	0.08004	0.01247	0.01239	0.00956	0.01181	0.00809	0.01186	0.00615	0.00458	0.00455	0.00149	0.00628	0.00398	0.00208	0.00520
11	0.75399	0.00873	0.00729	0.00633	0.00927	0.00981	0.00522	0.01472	0.00855	0.12972	0.00801	0.00858	0.00585	0.00446	0.00309	0.00142	0.00360	0.00278	0.00323	0.00536
12	0.00667	0.00470	0.00575	0.00580	0.00697	0.00423	0.00430	0.00814	0.01094	0.05416	0.28004	0.22562	0.29352	0.01185	0.02475	0.00174	0.00274	0.03933	0.00454	0.00420
13	0.00676	0.00522	0.00607	0.00623	0.00717	0.02355	0.00447	0.04737	0.01078	0.01423	0.22209	0.35042	0.17863	0.05599	0.02678	0.00194	0.00308	0.02078	0.00431	0.00412
14	0.00573	0.00422	0.00539	0.00621	0.00677	0.00388	0.00433	0.00674	0.00939	0.01231	0.07090	0.61812	0.15502	0.01357	0.00580	0.00181	0.00268	0.05903	0.00430	0.00382
15	0.00595	0.00433	0.00567	0.00642	0.00690	0.00419	0.00444	0.00718	0.02591	0.01215	0.07205	0.60349	0.06337	0.05468	0.07684	0.00242	0.00360	0.03248	0.00409	0.00385
16	0.07020	0.00663	0.00801	0.00711	0.00927	0.00645	0.00569	0.04987	0.06349	0.27054	0.13250	0.08221	0.05281	0.00778	0.00475	0.00150	0.00331	0.09428	0.11784	0.00575
17	0.00867	0.00816	0.01377	0.82762	0.03162	0.01020	0.01275	0.01173	0.00918	0.01173	0.00816	0.01224	0.00612	0.00459	0.00459	0.00153	0.00612	0.00408	0.00204	0.00510
18	0.01615	0.01994	0.01233	0.01114	0.01351	0.70898	0.00840	0.05671	0.01323	0.01223	0.01069	0.01151	0.07515	0.00536	0.00427	0.00122	0.00760	0.00360	0.00264	0.00532
19	0.00598	0.00444	0.00576	0.00680	0.02625	0.00415	0.00465	0.00698	0.00916	0.01196	0.02744	0.55268	0.15021	0.06436	0.00690	0.00199	0.00297	0.09937	0.00412	0.00384
20	0.03334	0.00738	0.00865	0.00733	0.00956	0.00734	0.00573	0.18817	0.03220	0.20740	0.17150	0.09626	0.09017	0.05797	0.00596	0.00163	0.00349	0.00651	0.05356	0.00583
21	0.01017	0.00662	0.00789	0.00674	0.00888	0.00630	0.00526	0.07243	0.09256	0.12399	0.34879	0.02456	0.07743	0.00737	0.00474	0.00133	0.00292	0.00627	0.07878	0.10697
22	0.08279	0.05076	0.12693	0.00905	0.01221	0.05106	0.00824	0.22504	0.03999	0.08983	0.14466	0.06353	0.03533	0.00664	0.00477	0.00144	0.01924	0.01839	0.00392	0.00617
23	0.02709	0.09891	0.05532	0.03065	0.07618	0.28208	0.00824	0.07245	0.02680	0.02741	0.02957	0.16120	0.02857	0.00670	0.00442	0.00136	0.00550	0.00535	0.04672	0.00548
24	0.03198	0.09313	0.01894	0.08353	0.08109	0.04442	0.29547	0.11377	0.05181	0.01609	0.00981	0.03149	0.00785	0.00464	0.00472	0.00138	0.01633	0.00452	0.02422	0.06483
25	0.01159	0.14777	0.14985	0.02610	0.04602	0.02794	0.04411	0.09510	0.08213	0.08873	0.03287	0.03353	0.07660	0.03343	0.00517	0.00146	0.01771	0.01556	0.00328	0.06106
26	0.03048	0.11590	0.01033	0.00754	0.00965	0.09126	0.03963	0.05701	0.03945	0.05124	0.08396	0.13591	0.26344	0.02085	0.02176	0.00161	0.00408	0.00719	0.00375	0.00495
27	0.04290	0.11084	0.04992	0.00749	0.01053	0.02768	0.00637	0.01325	0.06068	0.11320	0.08619	0.10749	0.03406	0.00732	0.03789	0.00145	0.00410	0.00506	0.00349	0.27007

[dist]
# distance from previous block
# <min> <max>
16	62

[block]
# block no. 3 follows, 56 sequences, length 16
# corresponding to MSA columns:
# 302-317
name=unknown_D
#
# <colnr> <probs for GDERKNQSTAVLIFYWHMCP>
#	G	D	E	R	K	N	Q	S	T	A	V	L	I	F	Y	W	H	M	C	P
0	0.05001	0.15476	0.42735	0.01071	0.01572	0.04660	0.01215	0.05366	0.03062	0.02873	0.00980	0.02986	0.02925	0.00488	0.00429	0.00133	0.02221	0.00365	0.00244	0.06196
1	0.00753	0.00528	0.00715	0.09135	0.01008	0.00533	0.00595	0.02630	0.00972	0.03368	0.07736	0.14946	0.12204	0.09205	0.00885	0.10416	0.00381	0.23220	0.00371	0.00398
2	0.04182	0.02704	0.23995	0.03581	0.04843	0.03304	0.02131	0.03442	0.05394	0.04988	0.10948	0.01974	0.04813	0.05869	0.15302	0.00298	0.00690	0.00545	0.00358	0.00642
3	0.00860	0.03290	0.04211	0.04767	0.08505	0.02195	0.03537	0.02155	0.09838	0.03066	0.14674	0.13220	0.14985	0.00927	0.02466	0.00172	0.05206	0.05032	0.00374	0.00518
4	0.03819	0.01395	0.11476	0.05087	0.20708	0.14335	0.01084	0.14765	0.05564	0.12793	0.01042	0.01138	0.00773	0.00497	0.00481	0.00140	0.03506	0.00391	0.00324	0.00682
5	0.00861	0.00602	0.00698	0.00691	0.00822	0.00617	0.00505	0.06546	0.16087	0.05429	0.04599	0.38909	0.08652	0.02862	0.00554	0.00168	0.00301	0.00903	0.09697	0.00495
6	0.00669	0.00535	0.00668	0.03455	0.00821	0.02963	0.00513	0.00796	0.00888	0.01178	0.08424	0.21895	0.13180	0.11288	0.24799	0.00369	0.02541	0.04282	0.00344	0.00395
7	0.01061	0.00999	0.07982	0.01067	0.08677	0.03315	0.04540	0.15448	0.08483	0.05013	0.16088	0.05662	0.15022	0.00751	0.00524	0.00149	0.02597	0.01636	0.00396	0.00589
8	0.01280	0.00815	0.00939	0.00814	0.01057	0.02745	0.00656	0.13127	0.16730	0.21330	0.16525	0.02529	0.08432	0.00777	0.00504	0.00154	0.00372	0.10106	0.00483	0.00624
9	0.02433	0.00832	0.00960	0.00884	0.01067	0.02012	0.00670	0.07775	0.08624	0.11360	0.09787	0.06994	0.07119	0.01460	0.16287	0.03398	0.02528	0.03963	0.11213	0.00635
10	0.00804	0.00535	0.00659	0.00659	0.00754	0.00543	0.00468	0.02360	0.11435	0.05835	0.04812	0.29203	0.07529	0.12048	0.07165	0.10407	0.00397	0.00817	0.03144	0.00425
11	0.02824	0.01589	0.28064	0.01532	0.02037	0.01157	0.37851	0.10566	0.06727	0.01673	0.00975	0.01158	0.00714	0.00439	0.00487	0.00150	0.00675	0.00453	0.00264	0.00662
12	0.00743	0.00479	0.00573	0.00583	0.00654	0.00470	0.00394	0.00877	0.04314	0.05791	0.03756	0.25089	0.09338	0.30524	0.06285	0.00298	0.00393	0.00824	0.08227	0.00388
13	0.00643	0.00455	0.00580	0.00647	0.00702	0.00437	0.00451	0.04169	0.00968	0.01310	0.07586	0.62074	0.04242	0.05407	0.00657	0.00192	0.00288	0.05293	0.03503	0.00395
14	0.01338	0.00834	0.01007	0.00833	0.01058	0.02840	0.00667	0.10261	0.05743	0.24315	0.01313	0.01490	0.01013	0.06404	0.08284	0.00215	0.12804	0.00440	0.09664	0.09479
15	0.01645	0.02077	0.01285	0.01210	0.04177	0.75726	0.00883	0.01769	0.01281	0.01142	0.00882	0.00991	0.03993	0.00500	0.00421	0.00120	0.00793	0.00328	0.00244	0.00533

[dist]
# distance from previous block
# <min> <max>
19	74

[block]
# block no. 4 follows, 56 sequences, length 6
# corresponding to MSA columns:
# 417-422
name=unknown_E
#
# <colnr> <probs for GDERKNQSTAVLIFYWHMCP>
#	G	D	E	R	K	N	Q	S	T	A	V	L	I	F	Y	W	H	M	C	P
0	0.03468	0.14665	0.09564	0.01099	0.04949	0.09295	0.08984	0.12301	0.03460	0.04088	0.03365	0.07884	0.01030	0.02923	0.00516	0.00142	0.03024	0.00462	0.02318	0.06462
1	0.00885	0.08277	0.05467	0.05415	0.01114	0.03337	0.04532	0.05522	0.03016	0.03407	0.11484	0.19788	0.08685	0.07865	0.00652	0.00176	0.00406	0.04833	0.02206	0.02931
2	0.00855	0.07850	0.05539	0.07643	0.04646	0.03338	0.02636	0.01115	0.07423	0.02845	0.06612	0.21804	0.07326	0.05875	0.02947	0.02809	0.00434	0.04231	0.02160	0.01914
3	0.00956	0.00788	0.05428	0.00815	0.01006	0.00737	0.03721	0.12813	0.06003	0.06784	0.11001	0.19771	0.10169	0.08353	0.04117	0.00210	0.03840	0.02568	0.00401	0.00517
4	0.00973	0.00930	0.07520	0.05398	0.01255	0.00729	0.00708	0.06655	0.04628	0.01591	0.03189	0.03718	0.01011	0.00494	0.00398	0.00104	0.00390	0.05134	0.03532	0.51643
5	0.00777	0.00591	0.00701	0.00684	0.00756	0.04567	0.00498	0.00880	0.00905	0.03916	0.15112	0.14330	0.05634	0.19075	0.15075	0.04294	0.06750	0.02943	0.02116	0.00396

[dist]
# distance from previous block
# <min> <max>
0	1

[block]
# block no. 5 follows, 56 sequences, length 9
# corresponding to MSA columns:
# 424-432
name=unknown_F
#
# <colnr> <probs for GDERKNQSTAVLIFYWHMCP>
#	G	D	E	R	K	N	Q	S	T	A	V	L	I	F	Y	W	H	M	C	P
0	0.00843	0.00547	0.00660	0.00651	0.00773	0.00528	0.00476	0.05534	0.05182	0.09285	0.10374	0.32422	0.13826	0.09390	0.00717	0.00193	0.00310	0.04089	0.03742	0.00458
1	0.00852	0.00614	0.00777	0.05379	0.00964	0.00649	0.00587	0.08510	0.01061	0.05800	0.05077	0.23805	0.16059	0.05320	0.04610	0.00209	0.07345	0.07323	0.04595	0.00462
2	0.00706	0.00512	0.00634	0.00635	0.00712	0.00535	0.00449	0.04892	0.03322	0.01199	0.01935	0.18719	0.10090	0.25146	0.25241	0.00414	0.00613	0.00749	0.03105	0.00393
3	0.00619	0.00432	0.00529	0.00579	0.00626	0.00409	0.00389	0.00706	0.00886	0.01197	0.09016	0.39436	0.09870	0.23700	0.01042	0.00247	0.00312	0.04759	0.04886	0.00359
4	0.01119	0.04629	0.02525	0.10147	0.14339	0.18188	0.00855	0.08702	0.04187	0.01428	0.06379	0.10423	0.04951	0.07720	0.02280	0.00179	0.00542	0.00554	0.00309	0.00544
5	0.07096	0.03347	0.01289	0.09374	0.05586	0.47566	0.00906	0.05399	0.06445	0.01348	0.00912	0.01047	0.02684	0.00511	0.00472	0.00132	0.04711	0.00351	0.00264	0.00559
6	0.00755	0.00573	0.00810	0.00771	0.00894	0.00558	0.07125	0.04891	0.02967	0.03716	0.04767	0.36757	0.12066	0.08293	0.06205	0.00235	0.00415	0.07371	0.00394	0.00438
7	0.00867	0.00596	0.00697	0.00660	0.00790	0.00598	0.00486	0.07309	0.09760	0.06267	0.18013	0.14739	0.10567	0.17972	0.00894	0.00216	0.00333	0.05037	0.03732	0.00468
8	0.06291	0.06747	0.06755	0.04843	0.04525	0.16558	0.17273	0.16041	0.03360	0.05951	0.00967	0.01143	0.00747	0.02189	0.04457	0.00172	0.00655	0.00406	0.00298	0.00622

[dist]
# distance from previous block
# <min> <max>
4	13

[block]
# block no. 6 follows, 56 sequences, length 8
# corresponding to MSA columns:
# 450-457
name=unknown_G
#
# <colnr> <probs for GDERKNQSTAVLIFYWHMCP>
#	G	D	E	R	K	N	Q	S	T	A	V	L	I	F	Y	W	H	M	C	P
0	0.00999	0.00824	0.01047	0.00912	0.01081	0.05851	0.07679	0.13152	0.05195	0.03819	0.01343	0.10345	0.01273	0.11790	0.29177	0.00393	0.03719	0.00577	0.00320	0.00504
1	0.01022	0.10702	0.08580	0.06049	0.06545	0.02505	0.02090	0.04993	0.07322	0.04611	0.02284	0.03238	0.00989	0.04143	0.17126	0.00277	0.12310	0.00447	0.04213	0.00555
2	0.03801	0.00538	0.00643	0.00617	0.00724	0.00518	0.00434	0.04472	0.00978	0.11987	0.09295	0.22057	0.09333	0.29170	0.01141	0.00259	0.00354	0.02852	0.00399	0.00426
3	0.00595	0.00423	0.00539	0.00612	0.00646	0.00405	0.00409	0.00669	0.00846	0.01120	0.02365	0.53973	0.07242	0.20097	0.03513	0.00261	0.00343	0.05198	0.00387	0.00356
4	0.01160	0.07815	0.01597	0.20138	0.32519	0.08966	0.01149	0.07387	0.05154	0.01454	0.00933	0.03881	0.00787	0.00501	0.00496	0.00141	0.04618	0.00420	0.00256	0.00629
5	0.01144	0.20382	0.05088	0.02324	0.07387	0.05114	0.05571	0.11596	0.05367	0.02526	0.01312	0.04806	0.08460	0.02218	0.01808	0.00156	0.12048	0.00471	0.00292	0.01930
6	0.09945	0.06749	0.15736	0.04016	0.10891	0.05569	0.09425	0.06325	0.03171	0.01517	0.00919	0.03127	0.00772	0.02919	0.05346	0.00181	0.04650	0.00402	0.00257	0.08083
7	0.02472	0.19667	0.24889	0.01161	0.08584	0.04682	0.04032	0.04267	0.03055	0.03322	0.05712	0.05428	0.01064	0.00537	0.00421	0.00132	0.00524	0.02539	0.02668	0.04844

[dist]
# distance from previous block
# <min> <max>
15	43

[block]
# block no. 7 follows, 56 sequences, length 30
# corresponding to MSA columns:
# 514-543
name=unknown_H
#
# <colnr> <probs for GDERKNQSTAVLIFYWHMCP>
#	G	D	E	R	K	N	Q	S	T	A	V	L	I	F	Y	W	H	M	C	P
0	0.02066	0.13818	0.17462	0.01109	0.08313	0.05916	0.02918	0.03639	0.08071	0.02616	0.03692	0.16957	0.02433	0.03587	0.00558	0.00156	0.03616	0.00573	0.00301	0.02199
1	0.02212	0.07042	0.25129	0.06851	0.06137	0.06179	0.07811	0.04803	0.06555	0.02816	0.04804	0.04754	0.03565	0.00663	0.03411	0.00166	0.04446	0.00463	0.00276	0.01918
2	0.01166	0.18115	0.29183	0.01117	0.03154	0.15285	0.04431	0.03936	0.03387	0.04243	0.03971	0.04278	0.03258	0.00576	0.01868	0.00144	0.00608	0.00411	0.00262	0.00608
3	0.03810	0.02881	0.03803	0.00707	0.03118	0.00504	0.00515	0.00775	0.00934	0.01270	0.07608	0.47698	0.13733	0.05803	0.00648	0.00188	0.00310	0.04891	0.00396	0.00409
4	0.08591	0.13131	0.12396	0.01002	0.01378	0.12809	0.00912	0.27083	0.11618	0.01937	0.00992	0.01036	0.00752	0.00492	0.00408	0.00130	0.00535	0.00357	0.00333	0.04107
5	0.01204	0.03830	0.07741	0.05453	0.04618	0.02228	0.08257	0.15485	0.12223	0.06905	0.03397	0.03750	0.01002	0.02124	0.00576	0.00145	0.07672	0.00452	0.00339	0.12598
6	0.00806	0.10251	0.00956	0.03700	0.04837	0.02465	0.00618	0.04874	0.02735	0.01363	0.10187	0.28775	0.11840	0.01177	0.05985	0.00199	0.01615	0.06776	0.00373	0.00468
7	0.14083	0.29458	0.21945	0.00992	0.01426	0.03390	0.05151	0.07675	0.05536	0.03935	0.00853	0.00950	0.00665	0.00486	0.01566	0.00137	0.00543	0.00326	0.00260	0.00624
8	0.03455	0.03279	0.03907	0.00970	0.09133	0.02238	0.00689	0.06724	0.07946	0.10551	0.03303	0.24362	0.09503	0.05003	0.03541	0.00193	0.02186	0.02087	0.00388	0.00542
9	0.00811	0.00600	0.00793	0.00808	0.04578	0.00581	0.03435	0.04260	0.06224	0.06595	0.10978	0.30605	0.20615	0.01071	0.00558	0.00166	0.01479	0.04935	0.00428	0.00479
10	0.00852	0.00668	0.01823	0.00726	0.00879	0.03496	0.04875	0.08199	0.01151	0.05364	0.20120	0.22765	0.15321	0.08675	0.00696	0.00182	0.00347	0.00847	0.02552	0.00462
11	0.00642	0.00453	0.00573	0.00613	0.00703	0.00413	0.00447	0.00776	0.01040	0.04030	0.20812	0.39241	0.19423	0.01223	0.00567	0.00171	0.00266	0.07751	0.00449	0.00408
12	0.05226	0.04109	0.06912	0.06022	0.17112	0.01163	0.04334	0.25026	0.02931	0.05470	0.01069	0.04045	0.00879	0.00672	0.03547	0.00170	0.07726	0.02604	0.00327	0.00658
13	0.00663	0.00491	0.00558	0.00573	0.00692	0.00459	0.00420	0.00881	0.07007	0.02634	0.12705	0.24470	0.33763	0.02570	0.00562	0.00164	0.00259	0.03050	0.07654	0.00423
14	0.00688	0.00463	0.00547	0.00562	0.00603	0.00457	0.00362	0.03511	0.00818	0.01100	0.01932	0.22262	0.09066	0.40483	0.03717	0.07269	0.00391	0.00801	0.04636	0.00334
15	0.01124	0.01083	0.08965	0.04424	0.13241	0.03245	0.04719	0.18484	0.09314	0.03123	0.04686	0.03166	0.03741	0.03966	0.11061	0.01291	0.00599	0.02818	0.00337	0.00613
16	0.01171	0.09802	0.01621	0.10069	0.35415	0.13467	0.03407	0.02818	0.04638	0.01404	0.02948	0.02649	0.02074	0.00492	0.00466	0.00135	0.02865	0.00419	0.03518	0.00622
17	0.00655	0.00496	0.00555	0.00554	0.00679	0.00450	0.00406	0.04001	0.01059	0.02769	0.11655	0.16199	0.44504	0.09821	0.00736	0.00191	0.00281	0.04164	0.00423	0.00404
18	0.00815	0.00542	0.00625	0.00588	0.00736	0.00506	0.00441	0.07168	0.01168	0.07649	0.20410	0.15425	0.29460	0.03474	0.00569	0.00159	0.00273	0.00845	0.08690	0.00458
19	0.01228	0.00888	0.00970	0.00836	0.01083	0.00971	0.00663	0.20635	0.32932	0.07125	0.08811	0.03182	0.03278	0.00662	0.00460	0.00145	0.00363	0.02726	0.12389	0.00654
20	0.01188	0.04274	0.01421	0.01238	0.05234	0.15084	0.00970	0.06297	0.02590	0.01269	0.00710	0.01005	0.00645	0.00688	0.01114	0.00173	0.53396	0.00382	0.01779	0.00543
21	0.02473	0.02121	0.67969	0.01289	0.04776	0.01019	0.01542	0.01486	0.00990	0.06615	0.00885	0.01009	0.00626	0.00439	0.00431	0.00141	0.00633	0.00345	0.00225	0.04986
22	0.08824	0.01226	0.01320	0.03119	0.03389	0.01363	0.00860	0.66415	0.04631	0.02713	0.01076	0.01097	0.00773	0.00537	0.00445	0.00139	0.00492	0.00403	0.00433	0.00747
23	0.00668	0.00446	0.00512	0.00515	0.00536	0.00446	0.00310	0.00702	0.00727	0.00995	0.03365	0.06236	0.05082	0.65838	0.06446	0.00412	0.00454	0.00686	0.05316	0.00306
24	0.21890	0.00959	0.04353	0.00879	0.04029	0.04995	0.02823	0.08834	0.05687	0.17254	0.05428	0.08078	0.05830	0.02412	0.00471	0.00149	0.00413	0.00507	0.00387	0.04625
25	0.01174	0.01118	0.02913	0.01429	0.25138	0.11316	0.00893	0.04817	0.06802	0.04398	0.02445	0.01226	0.02411	0.02022	0.00450	0.00119	0.00480	0.00379	0.00292	0.30181
26	0.00696	0.00448	0.00632	0.00638	0.00674	0.00481	0.00448	0.00709	0.00688	0.00952	0.01218	0.06548	0.01260	0.20186	0.35660	0.26899	0.00751	0.00547	0.00249	0.00315
27	0.00631	0.00470	0.00557	0.00595	0.00674	0.00441	0.00412	0.03527	0.02659	0.01257	0.05955	0.43279	0.24528	0.09451	0.00773	0.02654	0.00287	0.01055	0.00410	0.00387
28	0.01065	0.06362	0.20841	0.01275	0.09627	0.07835	0.09536	0.06565	0.04403	0.03723	0.01451	0.09914	0.07899	0.00716	0.02527	0.00163	0.03009	0.02196	0.00295	0.00597
29	0.08549	0.06750	0.04434	0.11402	0.09450	0.11104	0.10479	0.11609	0.10675	0.03621	0.02135	0.02351	0.01845	0.00513	0.00474	0.00142	0.03119	0.00424	0.00303	0.00621

[dist]
# distance from previous block
# <min> <max>
7	21

[block]
# block no. 8 follows, 56 sequences, length 11
# corresponding to MSA columns:
# 593-603
name=unknown_I
#
# <colnr> <probs for GDERKNQSTAVLIFYWHMCP>
#	G	D	E	R	K	N	Q	S	T	A	V	L	I	F	Y	W	H	M	C	P
0	0.00686	0.00523	0.00620	0.00674	0.00747	0.02628	0.00480	0.05528	0.01012	0.01326	0.07212	0.56090	0.08508	0.04605	0.00642	0.00189	0.00310	0.07391	0.00422	0.00407
1	0.01141	0.05326	0.10036	0.16349	0.40800	0.05443	0.04514	0.04866	0.01078	0.03493	0.00895	0.02401	0.00725	0.00449	0.00449	0.00139	0.00583	0.00408	0.00241	0.00660
2	0.00704	0.00477	0.00583	0.00610	0.00717	0.00434	0.00444	0.00847	0.02764	0.07433	0.09918	0.37840	0.26457	0.03306	0.00604	0.00177	0.00277	0.05546	0.00441	0.00422
3	0.06233	0.00941	0.01023	0.00865	0.01125	0.04723	0.00690	0.26235	0.07985	0.19837	0.04878	0.09841	0.01451	0.05348	0.00583	0.00167	0.00429	0.06557	0.00450	0.00639
4	0.01197	0.01224	0.05647	0.05627	0.02047	0.01193	0.45446	0.13724	0.07543	0.04067	0.01024	0.01235	0.00763	0.00473	0.00582	0.00155	0.06624	0.00492	0.00291	0.00647
5	0.00718	0.00528	0.00657	0.00719	0.03742	0.00507	0.00492	0.00965	0.09735	0.04901	0.10940	0.43470	0.18544	0.01164	0.00549	0.00168	0.00281	0.01030	0.00438	0.00453
6	0.00665	0.00478	0.00572	0.00571	0.00692	0.00431	0.00419	0.00839	0.03056	0.05020	0.29655	0.22500	0.31186	0.01112	0.00547	0.00158	0.00245	0.00967	0.00460	0.00425
7	0.00802	0.00544	0.00647	0.00618	0.00768	0.00510	0.00463	0.01076	0.09583	0.09925	0.26963	0.17753	0.26539	0.01023	0.00533	0.00156	0.00264	0.00885	0.00470	0.00477
8	0.03141	0.00944	0.01190	0.00998	0.01272	0.01035	0.11274	0.04006	0.52023	0.04933	0.04942	0.01677	0.01361	0.00588	0.00462	0.00149	0.00403	0.00515	0.08416	0.00670
9	0.01621	0.01353	0.01314	0.01059	0.01379	0.12464	0.00856	0.54006	0.14383	0.02437	0.01154	0.01158	0.00847	0.00560	0.00488	0.00140	0.03214	0.00414	0.00421	0.00729
10	0.01168	0.01042	0.03366	0.11792	0.30871	0.01078	0.02718	0.21058	0.04519	0.01781	0.03102	0.01531	0.07159	0.02864	0.02069	0.00163	0.02270	0.00478	0.00315	0.00654

[dist]
# distance from previous block
# <min> <max>
0	2

[block]
# block no. 9 follows, 56 sequences, length 33
# corresponding to MSA columns:
# 606-638
name=unknown_J
#
# <colnr> <probs for GDERKNQSTAVLIFYWHMCP>
#	G	D	E	R	K	N	Q	S	T	A	V	L	I	F	Y	W	H	M	C	P
0	0.02563	0.16954	0.37970	0.01225	0.05463	0.05962	0.05485	0.05974	0.06553	0.03877	0.00905	0.01026	0.00686	0.00482	0.00455	0.02571	0.00598	0.00354	0.00248	0.00648
1	0.07138	0.25585	0.03820	0.04378	0.11929	0.11272	0.00894	0.15500	0.03233	0.04726	0.00995	0.01105	0.03115	0.00600	0.03727	0.00150	0.00558	0.00360	0.00289	0.00626
2	0.00784	0.00405	0.00595	0.00595	0.00597	0.00407	0.00395	0.00609	0.00607	0.00811	0.00855	0.01521	0.00869	0.07474	0.04042	0.78171	0.00425	0.00420	0.00206	0.00211
3	0.01349	0.51930	0.09183	0.00947	0.01324	0.22263	0.00897	0.05159	0.01088	0.01210	0.00695	0.00798	0.00598	0.00425	0.00346	0.00109	0.00595	0.00275	0.00219	0.00592
4	0.01407	0.04540	0.01500	0.01606	0.24742	0.34343	0.03577	0.09615	0.05984	0.01519	0.06040	0.01177	0.00944	0.00496	0.00442	0.00130	0.00631	0.00395	0.00286	0.00625
5	0.00750	0.02626	0.04904	0.00700	0.00799	0.02903	0.00538	0.00909	0.04150	0.01071	0.01364	0.04859	0.01416	0.36796	0.28043	0.00469	0.02556	0.03384	0.00276	0.01486
6	0.01167	0.01668	0.27618	0.01887	0.09865	0.01192	0.45744	0.01547	0.01126	0.01590	0.01020	0.01321	0.00788	0.00494	0.00555	0.00174	0.00760	0.00505	0.00265	0.00715
7	0.00578	0.00404	0.00531	0.00626	0.00660	0.00378	0.00421	0.00671	0.00900	0.01227	0.05672	0.76104	0.02994	0.01372	0.00571	0.00181	0.00262	0.01241	0.04830	0.00378
8	0.01025	0.00825	0.00897	0.00822	0.01043	0.00911	0.00635	0.01942	0.54035	0.05306	0.08566	0.07364	0.11667	0.00776	0.00493	0.00157	0.00332	0.02103	0.00466	0.00635
9	0.15999	0.01057	0.00980	0.00824	0.01101	0.16251	0.00655	0.08399	0.02859	0.29847	0.11497	0.01644	0.05744	0.00606	0.00437	0.00138	0.00446	0.00466	0.00430	0.00619
10	0.00583	0.00456	0.00520	0.00549	0.00665	0.00403	0.00410	0.00713	0.01034	0.01310	0.11597	0.21694	0.46738	0.01194	0.00555	0.00165	0.00256	0.08156	0.02608	0.00393
11	0.00673	0.00485	0.00637	0.00721	0.00806	0.00472	0.00572	0.00860	0.03257	0.01333	0.05030	0.33245	0.08613	0.01267	0.00591	0.00191	0.00336	0.36945	0.03555	0.00411
12	0.03456	0.03488	0.03294	0.00859	0.01163	0.02266	0.00713	0.23962	0.15678	0.20836	0.08765	0.01872	0.10304	0.00659	0.00467	0.00143	0.00402	0.00530	0.00464	0.00677
13	0.00797	0.00399	0.00598	0.00598	0.00598	0.00399	0.00399	0.00598	0.00598	0.00797	0.00797	0.01396	0.00797	0.01595	0.01794	0.86643	0.00399	0.00399	0.00199	0.00199
14	0.00888	0.00673	0.00725	0.00674	0.00819	0.08008	0.03338	0.02285	0.02240	0.05687	0.24231	0.13765	0.10744	0.00849	0.00478	0.00142	0.00321	0.02439	0.21233	0.00462
15	0.04104	0.00677	0.03783	0.00754	0.00845	0.00643	0.00551	0.00959	0.04570	0.01254	0.04003	0.11617	0.02643	0.30700	0.19647	0.07116	0.02249	0.03096	0.00344	0.00445
16	0.02377	0.12461	0.14942	0.10024	0.12075	0.01113	0.03026	0.11190	0.07323	0.03379	0.02674	0.01460	0.00958	0.00615	0.02905	0.00156	0.00539	0.06053	0.00295	0.06435
17	0.00646	0.00536	0.00636	0.03972	0.00822	0.02886	0.02037	0.00794	0.02730	0.01244	0.07584	0.30546	0.30161	0.05540	0.06146	0.00217	0.00368	0.00957	0.01774	0.00403
18	0.00704	0.00457	0.00559	0.00573	0.00603	0.00455	0.00364	0.00748	0.00753	0.04259	0.01681	0.18626	0.01893	0.54524	0.09313	0.00403	0.00481	0.02952	0.00320	0.00334
19	0.01023	0.13031	0.21558	0.04874	0.14066	0.01035	0.10089	0.02828	0.01039	0.04683	0.05358	0.04059	0.02393	0.02128	0.01308	0.00155	0.00548	0.06345	0.02878	0.00602
20	0.01189	0.04687	0.14713	0.07502	0.17799	0.08911	0.03124	0.12904	0.01205	0.05830	0.04803	0.01451	0.05224	0.03242	0.03502	0.00171	0.02374	0.00447	0.00297	0.00624
21	0.00928	0.00617	0.00755	0.00723	0.00856	0.01752	0.00542	0.02100	0.13085	0.11690	0.09981	0.21389	0.06677	0.07362	0.09805	0.04675	0.02276	0.03893	0.00409	0.00487
22	0.04218	0.01004	0.01082	0.00875	0.01173	0.06542	0.00705	0.28971	0.04194	0.29092	0.06006	0.05842	0.02879	0.00631	0.00458	0.00140	0.00431	0.00503	0.04566	0.00687
23	0.08623	0.05798	0.15603	0.06542	0.07834	0.02986	0.04562	0.08908	0.03042	0.08281	0.07718	0.02994	0.01133	0.00604	0.02255	0.00150	0.00507	0.02826	0.01516	0.08118
24	0.03045	0.13953	0.20271	0.09908	0.07487	0.03479	0.05568	0.15414	0.01187	0.02665	0.01148	0.06850	0.04225	0.00612	0.02111	0.00152	0.00565	0.00457	0.00283	0.00620
25	0.01055	0.05048	0.03958	0.00727	0.00949	0.02593	0.00596	0.08108	0.07284	0.15000	0.22885	0.11893	0.16331	0.00858	0.00501	0.00148	0.00337	0.00726	0.00452	0.00549
26	0.01128	0.02951	0.10888	0.03813	0.14735	0.12369	0.07397	0.10042	0.05808	0.02872	0.01685	0.04817	0.14774	0.00627	0.00467	0.00141	0.00525	0.00532	0.03831	0.00598
27	0.01160	0.10974	0.13007	0.05267	0.09348	0.04777	0.06101	0.14018	0.05276	0.03795	0.05473	0.05985	0.02351	0.00553	0.00459	0.00134	0.01843	0.00462	0.00311	0.08707
28	0.00747	0.03163	0.03825	0.00737	0.00867	0.03654	0.02315	0.00900	0.00907	0.03434	0.08530	0.18348	0.10680	0.07125	0.29640	0.00384	0.02013	0.01966	0.00332	0.00431
29	0.00731	0.01905	0.00638	0.00653	0.02213	0.04771	0.00416	0.00847	0.04868	0.01101	0.03361	0.29176	0.03260	0.40834	0.01397	0.00300	0.00393	0.00841	0.01925	0.00367
30	0.02734	0.05469	0.20313	0.05513	0.13568	0.04175	0.06311	0.07525	0.08550	0.03033	0.01239	0.06290	0.03956	0.05172	0.00556	0.00158	0.00534	0.00481	0.00290	0.04134
31	0.02629	0.02584	0.08225	0.08687	0.15858	0.19936	0.03784	0.09381	0.07197	0.08742	0.02455	0.05530	0.01878	0.00546	0.00453	0.00140	0.00578	0.00450	0.00315	0.00631
32	0.10847	0.07784	0.07088	0.01368	0.15629	0.10152	0.07068	0.12573	0.05695	0.03308	0.00907	0.01059	0.00718	0.00559	0.02737	0.00153	0.06168	0.00373	0.00285	0.05527

[dist]
# distance from previous block
# <min> <max>
3	23

[block]
# block no. 10 follows, 56 sequences, length 26
# corresponding to MSA columns:
# 668-680,691-703
name=unknown_K
#
# <colnr> <probs for GDERKNQSTAVLIFYWHMCP>
#	G	D	E	R	K	N	Q	S	T	A	V	L	I	F	Y	W	H	M	C	P
0	0.01031	0.07187	0.04061	0.04190	0.26039	0.05380	0.09963	0.04383	0.07006	0.01482	0.05760	0.06414	0.11114	0.00643	0.00480	0.00145	0.00498	0.03317	0.00309	0.00599
1	0.00611	0.00440	0.00547	0.00613	0.00686	0.00406	0.00430	0.00736	0.02534	0.02828	0.05445	0.56505	0.19875	0.01309	0.00568	0.00177	0.00267	0.03939	0.01689	0.00396
2	0.00950	0.00751	0.00806	0.01671	0.00922	0.05126	0.00565	0.17189	0.04155	0.03228	0.14485	0.23760	0.15030	0.05559	0.00640	0.00174	0.01652	0.02414	0.00425	0.00498
3	0.05691	0.00913	0.00891	0.02847	0.01046	0.08952	0.00611	0.19463	0.04402	0.06521	0.06565	0.02372	0.24732	0.03585	0.02606	0.00166	0.00424	0.01712	0.02997	0.03503
4	0.01076	0.00761	0.00827	0.00737	0.00939	0.03770	0.00570	0.10837	0.17030	0.11101	0.18692	0.10830	0.13200	0.00823	0.00492	0.00148	0.00331	0.00695	0.06576	0.00565
5	0.00582	0.00423	0.00553	0.00650	0.00689	0.00401	0.00443	0.00704	0.03319	0.01203	0.02562	0.76675	0.04986	0.01401	0.00583	0.00185	0.00273	0.03554	0.00427	0.00386
6	0.04122	0.65661	0.02252	0.00897	0.01282	0.01672	0.07107	0.06104	0.01021	0.03713	0.00725	0.00829	0.00623	0.00416	0.00351	0.00110	0.01992	0.00289	0.00229	0.00604
7	0.03453	0.00549	0.00587	0.00565	0.00725	0.00517	0.00437	0.05967	0.03527	0.01517	0.14602	0.05367	0.48067	0.01025	0.00520	0.00153	0.00268	0.05924	0.05793	0.00438
8	0.00585	0.00439	0.00526	0.00584	0.00657	0.00402	0.00412	0.00679	0.00924	0.01178	0.03076	0.39916	0.28276	0.11863	0.00800	0.00212	0.00293	0.08402	0.00407	0.00370
9	0.04338	0.01046	0.01187	0.00931	0.01273	0.01099	0.00763	0.39806	0.10910	0.29578	0.01430	0.01335	0.00976	0.00561	0.00452	0.00141	0.00438	0.00438	0.02539	0.00758
10	0.04114	0.14748	0.13878	0.01118	0.06182	0.04320	0.00975	0.19107	0.10978	0.03802	0.05482	0.01208	0.00963	0.00554	0.00554	0.00142	0.10499	0.00401	0.00322	0.00652
11	0.00564	0.00405	0.00528	0.00624	0.00655	0.00377	0.00415	0.00642	0.00876	0.01161	0.02573	0.75723	0.06594	0.05673	0.00674	0.00198	0.00274	0.01257	0.00419	0.00369
12	0.07911	0.00864	0.00932	0.00772	0.01028	0.00920	0.00623	0.30267	0.06804	0.11356	0.07436	0.01632	0.02657	0.00596	0.00421	0.00134	0.00367	0.01771	0.22886	0.00624
13	0.01112	0.01181	0.05587	0.06308	0.34927	0.03152	0.27953	0.01419	0.01042	0.03433	0.00926	0.01264	0.00752	0.00453	0.00543	0.00148	0.05116	0.02424	0.00239	0.02019
14	0.00686	0.00506	0.00614	0.00614	0.00653	0.02534	0.00413	0.00755	0.00717	0.00973	0.01376	0.04881	0.01479	0.47943	0.33340	0.00543	0.00756	0.00609	0.00269	0.00339
15	0.01166	0.12639	0.40429	0.01349	0.07874	0.19457	0.04255	0.01511	0.01038	0.01320	0.00771	0.00932	0.00601	0.00452	0.00467	0.00135	0.04436	0.00333	0.00208	0.00628
16	0.01290	0.03856	0.08290	0.01128	0.01326	0.01204	0.04384	0.05034	0.02985	0.19842	0.00972	0.01155	0.00757	0.00669	0.01016	0.00173	0.44590	0.00415	0.00305	0.00608
17	0.00977	0.00678	0.00783	0.00704	0.00895	0.00697	0.00544	0.03060	0.26227	0.09975	0.33848	0.02614	0.09496	0.00784	0.00493	0.00146	0.00288	0.00669	0.06558	0.00564
18	0.00936	0.00911	0.01638	0.37990	0.18475	0.00989	0.16782	0.01231	0.01010	0.01364	0.08887	0.04162	0.01104	0.00521	0.00505	0.00151	0.02020	0.00507	0.00252	0.00564
19	0.02870	0.01220	0.05624	0.02105	0.32323	0.03538	0.36000	0.03059	0.01093	0.04057	0.01013	0.01254	0.02749	0.00430	0.00490	0.00145	0.00644	0.00474	0.00250	0.00661
20	0.00668	0.00463	0.00581	0.00586	0.00615	0.00486	0.00387	0.00726	0.00708	0.00965	0.01434	0.02769	0.01568	0.56536	0.25182	0.00517	0.00670	0.04537	0.00276	0.00323
21	0.00597	0.00444	0.00542	0.00602	0.00669	0.00413	0.00423	0.00712	0.02151	0.01208	0.05810	0.43938	0.21050	0.11389	0.00790	0.00211	0.00294	0.07968	0.00411	0.00377
22	0.00932	0.03636	0.16440	0.02981	0.01191	0.12009	0.00821	0.05866	0.05411	0.01388	0.03573	0.29673	0.08934	0.00908	0.00515	0.00158	0.01485	0.03220	0.00346	0.00514
23	0.01184	0.01079	0.04943	0.01019	0.01176	0.03962	0.00845	0.25541	0.01185	0.01640	0.00947	0.01419	0.00869	0.16020	0.03719	0.00237	0.32913	0.00450	0.00298	0.00555
24	0.00729	0.00572	0.00778	0.00766	0.00864	0.03039	0.00600	0.03658	0.00816	0.01143	0.01251	0.01865	0.01169	0.03177	0.73901	0.00680	0.01164	0.03141	0.00259	0.00427
25	0.10629	0.03665	0.08373	0.02830	0.22018	0.15906	0.11314	0.06403	0.03915	0.01533	0.00835	0.01033	0.00671	0.00476	0.00535	0.00143	0.08463	0.00381	0.00252	0.00623

[dist]
# distance from previous block
# <min> <max>
1	3

[block]
# block no. 11 follows, 56 sequences, length 24
# corresponding to MSA columns:
# 707-730
name=unknown_L
#
# <colnr> <probs for GDERKNQSTAVLIFYWHMCP>
#	G	D	E	R	K	N	Q	S	T	A	V	L	I	F	Y	W	H	M	C	P
0	0.00584	0.00428	0.00538	0.00589	0.00653	0.00393	0.00406	0.00695	0.00986	0.01314	0.20156	0.47989	0.15731	0.06488	0.00680	0.00188	0.00261	0.01106	0.00434	0.00383
1	0.00972	0.11311	0.47979	0.01172	0.04961	0.01051	0.02616	0.03601	0.01021	0.01479	0.05893	0.02689	0.00893	0.00471	0.00420	0.00130	0.00566	0.00377	0.00238	0.12160
2	0.01019	0.03450	0.07799	0.05913	0.21096	0.06458	0.05399	0.01379	0.09509	0.03612	0.10240	0.08155	0.05239	0.00630	0.00470	0.00141	0.00474	0.01549	0.01966	0.05501
3	0.00601	0.00431	0.00548	0.00627	0.00667	0.00409	0.00419	0.02744	0.00900	0.01193	0.02494	0.69006	0.06940	0.09777	0.00758	0.00210	0.00289	0.01199	0.00412	0.00375
4	0.03501	0.00500	0.00547	0.00535	0.00680	0.00448	0.00400	0.02564	0.01109	0.03369	0.21164	0.11975	0.49401	0.01088	0.00534	0.00155	0.00247	0.00923	0.00443	0.00418
5	0.04318	0.16591	0.08920	0.06005	0.10850	0.09823	0.00953	0.20685	0.01282	0.02933	0.00957	0.01120	0.02245	0.03054	0.00489	0.00137	0.02309	0.00368	0.01582	0.05378
6	0.00614	0.00448	0.00565	0.00629	0.00682	0.00431	0.00431	0.00766	0.04829	0.01257	0.10713	0.55453	0.07043	0.10597	0.00772	0.00209	0.00289	0.03464	0.00420	0.00388
7	0.00587	0.00411	0.00525	0.00604	0.00624	0.00391	0.00389	0.00646	0.00826	0.01101	0.02256	0.63195	0.02691	0.22281	0.01029	0.00252	0.00312	0.01144	0.00389	0.00349
8	0.18644	0.03239	0.04673	0.22061	0.22464	0.02574	0.04281	0.02530	0.00941	0.03199	0.00790	0.01053	0.00632	0.00480	0.00547	0.00149	0.10545	0.00373	0.00239	0.00587
9	0.00892	0.00662	0.00729	0.00694	0.00836	0.05181	0.00528	0.02833	0.09806	0.07090	0.23929	0.13073	0.12291	0.02487	0.02179	0.02841	0.01929	0.05619	0.05921	0.00479
10	0.00665	0.00461	0.00560	0.00588	0.00668	0.00429	0.00405	0.00793	0.03035	0.04719	0.12640	0.38053	0.19118	0.14684	0.00848	0.00214	0.00290	0.01014	0.00419	0.00395
11	0.01083	0.04424	0.08527	0.01467	0.01738	0.01302	0.30917	0.06232	0.00971	0.01385	0.00778	0.01087	0.00647	0.00583	0.00938	0.00171	0.36497	0.00445	0.00228	0.00582
12	0.01066	0.13597	0.25884	0.03775	0.17404	0.04797	0.05453	0.01464	0.07390	0.03895	0.03181	0.01418	0.07691	0.00518	0.00440	0.00138	0.00551	0.00435	0.00266	0.00636
13	0.01575	0.01964	0.03791	0.01378	0.10791	0.62761	0.00981	0.03470	0.01240	0.01216	0.00733	0.00887	0.00612	0.00489	0.00495	0.00127	0.06371	0.00320	0.00237	0.00563
14	0.04498	0.00532	0.00610	0.00608	0.00733	0.00527	0.00448	0.01061	0.10408	0.04332	0.20059	0.25865	0.13012	0.00975	0.00497	0.00153	0.00262	0.00846	0.14116	0.00459
15	0.00815	0.02838	0.14585	0.01222	0.17627	0.00736	0.03196	0.01046	0.00970	0.01337	0.05072	0.14498	0.14014	0.06169	0.05282	0.00201	0.00483	0.03638	0.00309	0.05962
16	0.00974	0.00857	0.01361	0.48544	0.14932	0.00947	0.02530	0.01288	0.04019	0.04943	0.01078	0.01351	0.04171	0.00478	0.00450	0.00140	0.00536	0.00426	0.00253	0.10723
17	0.00806	0.00651	0.00945	0.05753	0.22128	0.00627	0.00717	0.00975	0.01026	0.04812	0.11177	0.18318	0.23978	0.05278	0.00614	0.00170	0.00360	0.00801	0.00368	0.00498
18	0.01479	0.01460	0.01341	0.01324	0.12445	0.30673	0.03624	0.09217	0.23900	0.08101	0.01196	0.01224	0.00908	0.00519	0.00447	0.00137	0.00588	0.00408	0.00349	0.00661
19	0.00657	0.00503	0.00625	0.00704	0.05199	0.00480	0.00458	0.00807	0.03987	0.01256	0.11730	0.24083	0.20812	0.21116	0.00984	0.00234	0.00324	0.05253	0.00390	0.00397
20	0.00962	0.00891	0.01379	0.01782	0.38437	0.02169	0.04172	0.01246	0.06665	0.01391	0.03672	0.11103	0.04784	0.03920	0.07658	0.00214	0.06969	0.01708	0.00289	0.00590
21	0.01207	0.17746	0.04052	0.07965	0.30752	0.06242	0.02288	0.08110	0.04074	0.04940	0.01207	0.01341	0.07143	0.00502	0.00429	0.00132	0.00523	0.00421	0.00278	0.00647
22	0.05193	0.23396	0.07111	0.03802	0.11773	0.03443	0.04343	0.20135	0.02698	0.06217	0.01037	0.06996	0.00877	0.00531	0.00417	0.00133	0.00509	0.00427	0.00313	0.00650
23	0.14488	0.06924	0.05889	0.01212	0.12052	0.04869	0.09740	0.04840	0.11043	0.10962	0.01367	0.01416	0.07388	0.00522	0.00427	0.00137	0.00479	0.00437	0.00332	0.05474

[dist]
# distance from previous block
# <min> <max>
0	36

[block]
# block no. 12 follows, 56 sequences, length 24
# corresponding to MSA columns:
# 772-792,801-803
name=unknown_M
#
# <colnr> <probs for GDERKNQSTAVLIFYWHMCP>
#	G	D	E	R	K	N	Q	S	T	A	V	L	I	F	Y	W	H	M	C	P
0	0.07803	0.05113	0.20780	0.07203	0.26411	0.05057	0.01189	0.06508	0.02611	0.01532	0.01045	0.05655	0.02910	0.00583	0.02158	0.00155	0.01965	0.00434	0.00257	0.00631
1	0.03598	0.03054	0.02073	0.01036	0.10382	0.00866	0.00743	0.16765	0.04682	0.20005	0.10967	0.06377	0.04360	0.00793	0.04598	0.00169	0.00441	0.01695	0.00420	0.06977
