[name]
unknown

[dist]
# distance from previous block
# <min> <max>
0	87

[block]
# block no. 0 follows, 75 sequences, length 30
# corresponding to MSA columns:
# 87-116
name=unknown_A
#
# <colnr> <probs for GDERKNQSTAVLIFYWHMCP>
#	G	D	E	R	K	N	Q	S	T	A	V	L	I	F	Y	W	H	M	C	P
0	0.00888	0.00846	0.01441	0.02162	0.80142	0.00850	0.01090	0.01101	0.00823	0.01181	0.00707	0.00939	0.00600	0.00462	0.05085	0.00136	0.00467	0.00331	0.00183	0.00568
1	0.01039	0.01079	0.01165	0.03253	0.34370	0.23256	0.00848	0.03587	0.24087	0.01233	0.00884	0.00972	0.00701	0.00396	0.00369	0.00111	0.01546	0.00328	0.00241	0.00536
2	0.00442	0.00372	0.00382	0.00380	0.00501	0.00313	0.00285	0.00542	0.00855	0.01034	0.10766	0.03466	0.77581	0.00915	0.00434	0.00123	0.00185	0.00765	0.00347	0.00313
3	0.00641	0.00504	0.00595	0.00556	0.00677	0.00524	0.00421	0.01084	0.27469	0.01463	0.53583	0.06964	0.02662	0.00693	0.00416	0.00120	0.00213	0.00606	0.00391	0.00419
4	0.00494	0.00361	0.00464	0.00467	0.00540	0.00331	0.00339	0.00631	0.00935	0.01292	0.56089	0.24563	0.10388	0.00870	0.00442	0.00125	0.00185	0.00772	0.00382	0.00331
5	0.00454	0.00324	0.00430	0.00511	0.00534	0.00303	0.00343	0.00520	0.00706	0.00943	0.03348	0.81169	0.02406	0.03792	0.00512	0.00155	0.00219	0.02695	0.00338	0.00298
6	0.02209	0.00734	0.05444	0.00581	0.00917	0.00535	0.00495	0.03418	0.00793	0.02444	0.00669	0.00770	0.00545	0.00285	0.00280	0.00061	0.00292	0.00226	0.00222	0.79079
7	0.89687	0.00710	0.00540	0.00483	0.00710	0.00824	0.00398	0.01080	0.00625	0.01648	0.00511	0.00597	0.00398	0.00341	0.00227	0.00114	0.00284	0.00199	0.00227	0.00398
8	0.00982	0.87313	0.01925	0.00628	0.00943	0.01453	0.00628	0.01100	0.00746	0.00864	0.00511	0.00589	0.00471	0.00314	0.00236	0.00079	0.00393	0.00196	0.00157	0.00471
9	0.00792	0.00787	0.01103	0.00949	0.00951	0.01097	0.00789	0.00874	0.00564	0.00883	0.00503	0.00830	0.00500	0.00730	0.04710	0.00179	0.82874	0.00324	0.00162	0.00399
10	0.00533	0.00380	0.00484	0.00455	0.00550	0.00346	0.00342	0.00696	0.01015	0.03136	0.73096	0.02809	0.13248	0.00766	0.00432	0.00117	0.00178	0.00672	0.00398	0.00348
11	0.89687	0.00710	0.00540	0.00483	0.00710	0.00824	0.00398	0.01080	0.00625	0.01648	0.00511	0.00597	0.00398	0.00341	0.00227	0.00114	0.00284	0.00199	0.00227	0.00398
12	0.07295	0.00858	0.05049	0.04317	0.04547	0.00822	0.22065	0.04777	0.25515	0.03859	0.03210	0.01077	0.00796	0.00388	0.00363	0.00111	0.00400	0.00363	0.00268	0.13921
13	0.00737	0.01900	0.85189	0.01047	0.01590	0.00853	0.01357	0.01163	0.00775	0.01163	0.00659	0.00775	0.00465	0.00349	0.00349	0.00116	0.00543	0.00271	0.00155	0.00543
14	0.00470	0.00373	0.00422	0.00410	0.00518	0.00325	0.00308	0.00597	0.00923	0.01195	0.37859	0.03201	0.50387	0.00854	0.00434	0.00120	0.00181	0.00728	0.00368	0.00325
15	0.00692	0.00499	0.00581	0.00541	0.00672	0.00511	0.00418	0.01094	0.23790	0.05062	0.38505	0.02296	0.08703	0.00663	0.00400	0.00118	0.00221	0.05080	0.09735	0.00419
16	0.01156	0.20081	0.16489	0.05231	0.02819	0.10400	0.05904	0.01357	0.00901	0.27916	0.03690	0.00966	0.00719	0.00390	0.00338	0.00105	0.00437	0.00309	0.00266	0.00525
17	0.00743	0.01854	0.81025	0.01072	0.01606	0.00857	0.05476	0.01164	0.00780	0.01164	0.00663	0.00786	0.00470	0.00347	0.00353	0.00117	0.00547	0.00280	0.00157	0.00540
18	0.01595	0.00637	0.00851	0.00660	0.00939	0.00567	0.00543	0.01802	0.07062	0.79013	0.01452	0.01259	0.00924	0.00458	0.00370	0.00114	0.00311	0.00373	0.00449	0.00622
19	0.00479	0.00377	0.00449	0.00466	0.02332	0.00334	0.00332	0.00601	0.00895	0.01172	0.34268	0.14909	0.40303	0.00880	0.00437	0.00124	0.00190	0.00761	0.00362	0.00328
20	0.00907	0.00879	0.01525	0.02219	0.80644	0.00875	0.05257	0.01130	0.00838	0.01199	0.00693	0.00913	0.00581	0.00326	0.00367	0.00110	0.00445	0.00333	0.00182	0.00577
21	0.00530	0.00388	0.00493	0.00462	0.00556	0.00359	0.00348	0.02254	0.01037	0.01452	0.76816	0.02769	0.09636	0.00759	0.00432	0.00116	0.00179	0.00666	0.00399	0.00349
22	0.00447	0.00320	0.00426	0.00511	0.00533	0.00298	0.00341	0.00511	0.00703	0.00938	0.02024	0.86853	0.02429	0.01151	0.00469	0.00149	0.00213	0.01044	0.00341	0.00298
23	0.04497	0.05527	0.08832	0.02660	0.40618	0.24643	0.02821	0.01236	0.02660	0.01112	0.00653	0.00811	0.00537	0.00351	0.00354	0.00106	0.01592	0.00289	0.00186	0.00515
24	0.01477	0.00632	0.00827	0.00649	0.00910	0.00575	0.00530	0.06368	0.05686	0.67249	0.08378	0.01400	0.02603	0.00489	0.00376	0.00114	0.00303	0.00401	0.00439	0.00594
25	0.00445	0.00371	0.00388	0.00387	0.00503	0.00314	0.00289	0.00547	0.00858	0.01048	0.13381	0.05651	0.72728	0.00914	0.00435	0.00124	0.00185	0.00769	0.00349	0.00314
26	0.01062	0.01308	0.32311	0.01015	0.01408	0.00952	0.14080	0.31098	0.05039	0.06859	0.00842	0.00906	0.00596	0.00390	0.00371	0.00116	0.00479	0.00331	0.00266	0.00572
27	0.00902	0.04999	0.54981	0.02087	0.02735	0.02507	0.08271	0.09262	0.00901	0.07659	0.00759	0.01979	0.00551	0.00372	0.00357	0.00115	0.00508	0.00307	0.00205	0.00544
28	0.01017	0.00644	0.00747	0.00653	0.02289	0.05401	0.00504	0.13038	0.03589	0.23513	0.28884	0.04710	0.03957	0.00702	0.04690	0.00139	0.02591	0.00488	0.01971	0.00474
29	0.00919	0.04075	0.02929	0.32831	0.04947	0.04246	0.00804	0.16626	0.22677	0.01362	0.00962	0.04390	0.00757	0.00442	0.00366	0.00118	0.00413	0.00369	0.00264	0.00502

[dist]
# distance from previous block
# <min> <max>
0	3

[block]
# block no. 1 follows, 75 sequences, length 50
# corresponding to MSA columns:
# 120-165,169-171,175
name=unknown_B
#
# <colnr> <probs for GDERKNQSTAVLIFYWHMCP>
#	G	D	E	R	K	N	Q	S	T	A	V	L	I	F	Y	W	H	M	C	P
0	0.08868	0.22466	0.06999	0.01029	0.14548	0.20046	0.01535	0.12424	0.02300	0.01228	0.00648	0.01726	0.00538	0.00378	0.00347	0.00102	0.03842	0.00270	0.00209	0.00495
1	0.00596	0.00452	0.00518	0.00525	0.04290	0.02875	0.00371	0.00727	0.00930	0.06666	0.34253	0.02864	0.40610	0.02152	0.00446	0.00122	0.00217	0.00667	0.00359	0.00359
2	0.00946	0.02345	0.07239	0.01720	0.48485	0.08682	0.07809	0.03477	0.02387	0.02502	0.02054	0.00912	0.00613	0.00378	0.00447	0.00115	0.08830	0.00329	0.00195	0.00536
3	0.00527	0.00355	0.00401	0.00405	0.00409	0.00352	0.00229	0.00533	0.00550	0.00730	0.01271	0.06171	0.03835	0.80757	0.01765	0.00340	0.00345	0.00564	0.00231	0.00228
4	0.00988	0.21685	0.31236	0.01014	0.07791	0.23645	0.02680	0.01262	0.04532	0.01042	0.00641	0.00743	0.00509	0.00353	0.00322	0.00102	0.00522	0.00259	0.00177	0.00499
5	0.00531	0.00357	0.00409	0.00411	0.00414	0.00359	0.00235	0.00538	0.00541	0.00724	0.01174	0.04681	0.01349	0.81443	0.05103	0.00360	0.00377	0.00543	0.00225	0.00229
6	0.00889	0.08427	0.24730	0.01424	0.18137	0.04510	0.31297	0.04064	0.00863	0.01180	0.00688	0.00864	0.00529	0.00332	0.00373	0.00113	0.00537	0.00336	0.00181	0.00525
7	0.00884	0.00984	0.04896	0.03579	0.10277	0.17798	0.04746	0.01073	0.05134	0.00979	0.00686	0.00938	0.00602	0.00868	0.15077	0.00208	0.30325	0.00326	0.00187	0.00434
8	0.00807	0.00825	0.01282	0.01052	0.01130	0.02218	0.16342	0.00937	0.00642	0.00951	0.00621	0.01031	0.00593	0.00630	0.02314	0.00160	0.63001	0.04873	0.00176	0.00415
9	0.00447	0.00320	0.00426	0.00511	0.00533	0.00298	0.00341	0.00511	0.00703	0.00938	0.02024	0.86853	0.02429	0.01151	0.00469	0.00149	0.00213	0.01044	0.00341	0.00298
10	0.00455	0.00371	0.00380	0.00378	0.00497	0.00315	0.00283	0.00559	0.00850	0.01053	0.10263	0.03350	0.73322	0.00888	0.00424	0.00121	0.00184	0.00742	0.05251	0.00315
11	0.89687	0.00710	0.00540	0.00483	0.00710	0.00824	0.00398	0.01080	0.00625	0.01648	0.00511	0.00597	0.00398	0.00341	0.00227	0.00114	0.00284	0.00199	0.00227	0.00398
12	0.89687	0.00710	0.00540	0.00483	0.00710	0.00824	0.00398	0.01080	0.00625	0.01648	0.00511	0.00597	0.00398	0.00341	0.00227	0.00114	0.00284	0.00199	0.00227	0.00398
13	0.01572	0.02239	0.00854	0.00643	0.00918	0.00570	0.00532	0.04982	0.01057	0.75571	0.01395	0.01230	0.00891	0.00450	0.00361	0.00111	0.00310	0.00363	0.05344	0.00607
14	0.01633	0.00648	0.00867	0.00664	0.00949	0.00574	0.00549	0.06468	0.01090	0.80323	0.01417	0.01229	0.00893	0.00454	0.00369	0.00113	0.00318	0.00367	0.00450	0.00625
15	0.00434	0.00372	0.00372	0.00372	0.00496	0.00310	0.00279	0.00527	0.00837	0.00992	0.03721	0.03535	0.84652	0.00930	0.00434	0.00124	0.00186	0.00775	0.00341	0.00310
16	0.00997	0.79526	0.01835	0.00648	0.00952	0.05327	0.00630	0.01154	0.04447	0.00895	0.00557	0.00627	0.00500	0.00325	0.00246	0.00081	0.00401	0.00208	0.00168	0.00474
17	0.01621	0.00639	0.00876	0.00706	0.03565	0.00559	0.00561	0.02993	0.01055	0.81194	0.01417	0.01234	0.00895	0.00450	0.00369	0.00113	0.00318	0.00367	0.00445	0.00624
18	0.00925	0.00776	0.00826	0.00741	0.00948	0.00893	0.00577	0.01918	0.79969	0.03825	0.01482	0.01369	0.01111	0.00548	0.02289	0.00135	0.00307	0.00413	0.00372	0.00577
19	0.89687	0.00710	0.00540	0.00483	0.00710	0.00824	0.00398	0.01080	0.00625	0.01648	0.00511	0.00597	0.00398	0.00341	0.00227	0.00114	0.00284	0.00199	0.00227	0.00398
20	0.00843	0.03903	0.18716	0.00885	0.10633	0.02398	0.00738	0.13650	0.03838	0.05345	0.33145	0.01600	0.01704	0.00525	0.00383	0.00113	0.00345	0.00445	0.00309	0.00484
21	0.00843	0.00650	0.00770	0.00554	0.00877	0.00494	0.00445	0.01004	0.00788	0.08923	0.00726	0.00807	0.00578	0.00289	0.00281	0.00060	0.00276	0.00232	0.00239	0.81164
22	0.00461	0.00321	0.00422	0.00502	0.00527	0.00301	0.00336	0.00530	0.00707	0.00961	0.01979	0.82131	0.02347	0.01111	0.00457	0.00146	0.00211	0.01005	0.05246	0.00301
23	0.00830	0.00701	0.00796	0.00598	0.00903	0.00604	0.00477	0.06777	0.14537	0.01330	0.00807	0.00870	0.00644	0.00321	0.00295	0.00070	0.00284	0.00258	0.00254	0.68643
24	0.00975	0.80018	0.07770	0.00658	0.00988	0.01397	0.00678	0.01114	0.00753	0.02131	0.00535	0.00612	0.00477	0.00319	0.00246	0.00082	0.00402	0.00204	0.00161	0.00479
25	0.00906	0.08630	0.55133	0.01063	0.09676	0.00858	0.01129	0.02995	0.00842	0.12404	0.02525	0.00880	0.00603	0.00368	0.00346	0.00112	0.00478	0.00293	0.00208	0.00549
26	0.01439	0.00770	0.00919	0.00725	0.00998	0.00780	0.00593	0.25061	0.16791	0.45914	0.01296	0.01168	0.00868	0.00459	0.00370	0.00115	0.00334	0.00367	0.00415	0.00617
27	0.00447	0.00322	0.00424	0.00505	0.00531	0.00299	0.00338	0.00512	0.00709	0.00940	0.02103	0.82995	0.06237	0.01140	0.00467	0.00148	0.00212	0.01032	0.00341	0.00299
28	0.02730	0.05283	0.57184	0.02549	0.08341	0.00837	0.03469	0.01216	0.01701	0.10321	0.00814	0.00900	0.02294	0.00370	0.00350	0.00114	0.00488	0.00300	0.00199	0.00541
29	0.01572	0.00666	0.00868	0.00669	0.00946	0.00609	0.00551	0.12253	0.01134	0.71012	0.03711	0.01246	0.00945	0.00461	0.00369	0.00113	0.00319	0.00372	0.01570	0.00614
30	0.01484	0.00667	0.00845	0.00657	0.00920	0.00625	0.00540	0.16384	0.01152	0.60529	0.05006	0.01258	0.00973	0.00463	0.00364	0.00111	0.00313	0.00374	0.06743	0.00593
31	0.00880	0.00929	0.07413	0.08580	0.72601	0.00867	0.01135	0.01115	0.00824	0.01177	0.00686	0.00905	0.00566	0.00332	0.00363	0.00111	0.00448	0.00323	0.00178	0.00566
32	0.05423	0.01042	0.03954	0.03037	0.32173	0.14894	0.04948	0.14167	0.07109	0.08485	0.00816	0.00913	0.00622	0.00378	0.00356	0.00110	0.00454	0.00320	0.00250	0.00548
33	0.01549	0.00783	0.00950	0.00728	0.01016	0.00774	0.00602	0.33806	0.01316	0.52666	0.01227	0.01106	0.00798	0.00449	0.00369	0.00112	0.00348	0.00354	0.00420	0.00625
34	0.01001	0.80018	0.01853	0.00654	0.00955	0.05209	0.00637	0.02375	0.00770	0.00888	0.00518	0.00602	0.00474	0.00327	0.00266	0.00082	0.02535	0.00203	0.00162	0.00470
35	0.01648	0.00625	0.00852	0.00653	0.00938	0.00540	0.00540	0.01790	0.01051	0.85056	0.01449	0.01250	0.00909	0.00455	0.00369	0.00114	0.00313	0.00369	0.00455	0.00625
36	0.00512	0.00375	0.00480	0.00454	0.00544	0.00343	0.00341	0.00678	0.01022	0.01430	0.77381	0.02814	0.10719	0.00767	0.00433	0.00116	0.00174	0.00674	0.00399	0.00343
37	0.00447	0.00320	0.00426	0.00511	0.00533	0.00298	0.00341	0.00511	0.00703	0.00938	0.02024	0.86853	0.02429	0.01151	0.00469	0.00149	0.00213	0.01044	0.00341	0.00298
38	0.00452	0.00322	0.00425	0.00505	0.00525	0.00302	0.00334	0.00513	0.00694	0.00925	0.01976	0.82188	0.02369	0.05898	0.00546	0.00161	0.00221	0.01016	0.00334	0.00294
39	0.84823	0.00706	0.00557	0.00492	0.00723	0.00808	0.00406	0.01119	0.00649	0.06255	0.00563	0.00633	0.00426	0.00347	0.00235	0.00114	0.00286	0.00208	0.00240	0.00410
40	0.01637	0.00642	0.00863	0.00662	0.00946	0.00565	0.00547	0.05254	0.01080	0.81551	0.01425	0.01234	0.00897	0.00454	0.00369	0.00113	0.00316	0.00368	0.00451	0.00625
41	0.00520	0.00375	0.00491	0.00462	0.00549	0.00347	0.00347	0.00693	0.01040	0.01473	0.84608	0.02743	0.03465	0.00751	0.00433	0.00116	0.00173	0.00664	0.00404	0.00347
42	0.89687	0.00710	0.00540	0.00483	0.00710	0.00824	0.00398	0.01080	0.00625	0.01648	0.00511	0.00597	0.00398	0.00341	0.00227	0.00114	0.00284	0.00199	0.00227	0.00398
43	0.89687	0.00710	0.00540	0.00483	0.00710	0.00824	0.00398	0.01080	0.00625	0.01648	0.00511	0.00597	0.00398	0.00341	0.00227	0.00114	0.00284	0.00199	0.00227	0.00398
44	0.00762	0.00653	0.00762	0.00544	0.00870	0.00490	0.00435	0.00925	0.00762	0.01197	0.00653	0.00762	0.00544	0.00272	0.00272	0.00054	0.00272	0.00218	0.00218	0.89338
45	0.00893	0.00966	0.09067	0.02145	0.77269	0.00871	0.01148	0.01130	0.00831	0.01197	0.00688	0.00897	0.00571	0.00329	0.00362	0.00110	0.00446	0.00322	0.00179	0.00578
46	0.00638	0.00319	0.00478	0.00478	0.00478	0.00319	0.00319	0.00478	0.00478	0.00638	0.00638	0.01116	0.00638	0.01276	0.01435	0.89314	0.00319	0.00319	0.00159	0.00159
47	0.82170	0.04731	0.00666	0.00531	0.00767	0.00857	0.03597	0.01084	0.00640	0.01593	0.00520	0.00611	0.00407	0.00338	0.00236	0.00112	0.00302	0.00208	0.00222	0.00405
48	0.02826	0.00750	0.00821	0.00712	0.00926	0.00831	0.00561	0.05519	0.58135	0.08599	0.06472	0.01347	0.01150	0.00492	0.00390	0.00118	0.02711	0.00402	0.00362	0.06875
49	0.83379	0.06869	0.00638	0.00493	0.00727	0.00869	0.00414	0.01081	0.00634	0.01592	0.00511	0.00596	0.00403	0.00339	0.00228	0.00111	0.00292	0.00199	0.00222	0.00403

[dist]
# distance from previous block
# <min> <max>
0	1

[block]
# block no. 2 follows, 75 sequences, length 67
# corresponding to MSA columns:
# 177-243
name=unknown_C
#
# <colnr> <probs for GDERKNQSTAVLIFYWHMCP>
#	G	D	E	R	K	N	Q	S	T	A	V	L	I	F	Y	W	H	M	C	P
0	0.01250	0.06716	0.02799	0.00808	0.04522	0.00785	0.05285	0.21418	0.04917	0.32104	0.01139	0.07520	0.00862	0.00466	0.00362	0.00109	0.00356	0.00389	0.00348	0.07845
1	0.00520	0.00375	0.00491	0.00462	0.00549	0.00347	0.00347	0.00693	0.01040	0.01473	0.84608	0.02743	0.03465	0.00751	0.00433	0.00116	0.00173	0.00664	0.00404	0.00347
2	0.00694	0.00653	0.01102	0.86210	0.02530	0.00816	0.01020	0.00938	0.00734	0.00938	0.00653	0.00979	0.00490	0.00367	0.00367	0.00122	0.00490	0.00326	0.00163	0.00408
3	0.00762	0.00653	0.00762	0.00544	0.00870	0.00490	0.00435	0.00925	0.00762	0.01197	0.00653	0.00762	0.00544	0.00272	0.00272	0.00054	0.00272	0.00218	0.00218	0.89338
4	0.00737	0.01900	0.85189	0.01047	0.01590	0.00853	0.01357	0.01163	0.00775	0.01163	0.00659	0.00775	0.00465	0.00349	0.00349	0.00116	0.00543	0.00271	0.00155	0.00543
5	0.00893	0.00964	0.02082	0.01494	0.01856	0.00903	0.78432	0.01193	0.00874	0.04567	0.00796	0.01065	0.00603	0.00330	0.00432	0.00124	0.00601	0.02093	0.00200	0.00497
6	0.89687	0.00710	0.00540	0.00483	0.00710	0.00824	0.00398	0.01080	0.00625	0.01648	0.00511	0.00597	0.00398	0.00341	0.00227	0.00114	0.00284	0.00199	0.00227	0.00398
7	0.00447	0.00320	0.00426	0.00511	0.00533	0.00298	0.00341	0.00511	0.00703	0.00938	0.02024	0.86853	0.02429	0.01151	0.00469	0.00149	0.00213	0.01044	0.00341	0.00298
8	0.00447	0.00320	0.00426	0.00511	0.00533	0.00298	0.00341	0.00511	0.00703	0.00938	0.02024	0.86853	0.02429	0.01151	0.00469	0.00149	0.00213	0.01044	0.00341	0.00298
9	0.00903	0.00913	0.05039	0.05498	0.68300	0.00868	0.09106	0.01139	0.00837	0.02833	0.00708	0.00921	0.00577	0.00331	0.00370	0.00111	0.00458	0.00336	0.00186	0.00566
10	0.00436	0.00365	0.00379	0.00390	0.00501	0.00309	0.00287	0.00525	0.00820	0.00985	0.03505	0.14108	0.74218	0.00958	0.00438	0.00127	0.00189	0.00809	0.00341	0.00309
11	0.00694	0.00653	0.01102	0.86210	0.02530	0.00816	0.01020	0.00938	0.00734	0.00938	0.00653	0.00979	0.00490	0.00367	0.00367	0.00122	0.00490	0.00326	0.00163	0.00408
12	0.00901	0.00874	0.01519	0.04283	0.78117	0.00874	0.05752	0.01125	0.00835	0.01192	0.00693	0.00915	0.00578	0.00327	0.00368	0.00110	0.00448	0.00333	0.00182	0.00573
13	0.00803	0.01807	0.79019	0.01018	0.01542	0.00830	0.01297	0.01209	0.00796	0.07301	0.00717	0.00810	0.00498	0.00357	0.00350	0.00116	0.00526	0.00279	0.00177	0.00549
14	0.00447	0.00320	0.00426	0.00511	0.00533	0.00298	0.00341	0.00511	0.00703	0.00938	0.02024	0.86853	0.02429	0.01151	0.00469	0.00149	0.00213	0.01044	0.00341	0.00298
15	0.26828	0.01271	0.01112	0.00989	0.05938	0.41890	0.14641	0.01286	0.00879	0.01180	0.00588	0.00713	0.00472	0.00353	0.00320	0.00106	0.00533	0.00264	0.00199	0.00438
16	0.00453	0.00324	0.00431	0.00507	0.00534	0.00302	0.00341	0.00526	0.00731	0.00981	0.08782	0.79970	0.02514	0.01118	0.00466	0.00146	0.00210	0.01013	0.00346	0.00302
17	0.00525	0.00394	0.00590	0.00590	0.00656	0.00459	0.00459	0.00656	0.00590	0.00853	0.00984	0.01443	0.00918	0.02755	0.85637	0.00590	0.00984	0.00394	0.00197	0.00328
18	0.04127	0.00627	0.00844	0.00649	0.00931	0.00548	0.00536	0.01770	0.01039	0.82707	0.01423	0.01232	0.00895	0.00451	0.00365	0.00114	0.00312	0.00365	0.00448	0.00619
19	0.01372	0.01750	0.01041	0.00946	0.01135	0.85618	0.00710	0.01467	0.01041	0.00899	0.00568	0.00662	0.00473	0.00378	0.00331	0.00095	0.00662	0.00237	0.00189	0.00426
20	0.00446	0.00325	0.00421	0.00497	0.00529	0.00300	0.00335	0.00513	0.00717	0.00943	0.02199	0.78257	0.10912	0.01128	0.00465	0.00147	0.00210	0.01016	0.00341	0.00300
21	0.00694	0.00653	0.01102	0.86210	0.02530	0.00816	0.01020	0.00938	0.00734	0.00938	0.00653	0.00979	0.00490	0.00367	0.00367	0.00122	0.00490	0.00326	0.00163	0.00408
22	0.00762	0.00653	0.00762	0.00544	0.00870	0.00490	0.00435	0.00925	0.00762	0.01197	0.00653	0.00762	0.00544	0.00272	0.00272	0.00054	0.00272	0.00218	0.00218	0.89338
23	0.00685	0.00342	0.00342	0.00342	0.00428	0.00342	0.00257	0.00856	0.00770	0.01369	0.01198	0.01369	0.00941	0.00428	0.00257	0.00086	0.00171	0.00342	0.89131	0.00342
24	0.01320	0.01611	0.01106	0.01045	0.06892	0.71110	0.02861	0.06464	0.01057	0.01013	0.00599	0.00703	0.00492	0.00381	0.00352	0.00098	0.01991	0.00255	0.00199	0.00450
25	0.00534	0.00356	0.00401	0.00401	0.00401	0.00356	0.00223	0.00534	0.00534	0.00712	0.01157	0.02403	0.01335	0.87092	0.01869	0.00356	0.00356	0.00534	0.00223	0.00223
26	0.01338	0.00565	0.00745	0.00592	0.00835	0.00486	0.00481	0.01475	0.01005	0.62482	0.08283	0.02956	0.13308	0.00552	0.00382	0.00114	0.00280	0.00457	0.00425	0.03238
27	0.01415	0.00998	0.01083	0.00830	0.01124	0.01093	0.00686	0.77320	0.01675	0.08644	0.00925	0.00910	0.00646	0.00442	0.00368	0.00110	0.00397	0.00334	0.00374	0.00625
28	0.00858	0.41968	0.42892	0.00897	0.04466	0.01136	0.01006	0.01132	0.00764	0.01024	0.00591	0.00693	0.00473	0.00332	0.00296	0.00098	0.00468	0.00238	0.00157	0.00511
29	0.01394	0.04009	0.01196	0.02389	0.10400	0.01093	0.00763	0.58400	0.04515	0.09199	0.00997	0.01044	0.00736	0.00481	0.00400	0.00125	0.00425	0.00359	0.00370	0.01705
30	0.00456	0.00328	0.00434	0.00516	0.00540	0.00310	0.00345	0.00538	0.02226	0.00948	0.02015	0.85293	0.02405	0.01139	0.00467	0.00149	0.00214	0.01033	0.00342	0.00303
31	0.00500	0.00337	0.00445	0.00511	0.00549	0.00311	0.00348	0.00574	0.00739	0.04370	0.06583	0.76427	0.04740	0.01094	0.00462	0.00145	0.00214	0.00988	0.00349	0.00315
32	0.11805	0.31344	0.37464	0.00935	0.08511	0.01063	0.00957	0.02155	0.00764	0.01136	0.00595	0.00702	0.00471	0.00335	0.00296	0.00102	0.00448	0.00242	0.00170	0.00504
33	0.00449	0.00321	0.00430	0.00513	0.00536	0.00302	0.00344	0.00515	0.00700	0.00935	0.01999	0.84749	0.02392	0.01190	0.02567	0.00160	0.00232	0.01028	0.00337	0.00299
34	0.01396	0.01029	0.01102	0.00845	0.01139	0.01139	0.00698	0.83577	0.01727	0.02315	0.00882	0.00882	0.00625	0.00441	0.00367	0.00110	0.00404	0.00331	0.00367	0.00625
35	0.00762	0.00653	0.00762	0.00544	0.00870	0.00490	0.00435	0.00925	0.00762	0.01197	0.00653	0.00762	0.00544	0.00272	0.00272	0.00054	0.00272	0.00218	0.00218	0.89338
36	0.00446	0.00323	0.00422	0.00501	0.00530	0.00299	0.00336	0.00513	0.00713	0.00942	0.02149	0.80723	0.08478	0.01134	0.00466	0.00147	0.00211	0.01024	0.00341	0.00299
37	0.00866	0.00823	0.01393	0.21982	0.64073	0.00864	0.01095	0.02437	0.00827	0.01157	0.00685	0.00925	0.00561	0.00339	0.00365	0.00112	0.00448	0.00327	0.00180	0.00542
38	0.01131	0.00881	0.10685	0.02988	0.05878	0.00710	0.00679	0.18362	0.01044	0.23542	0.00913	0.00931	0.00649	0.00370	0.00334	0.00094	0.00356	0.00296	0.00301	0.29856
39	0.00806	0.15989	0.61904	0.01025	0.03272	0.02222	0.05549	0.02106	0.00789	0.01121	0.00639	0.00759	0.00476	0.00346	0.00345	0.00110	0.01584	0.00269	0.00161	0.00527
40	0.00495	0.00407	0.00484	0.02051	0.00588	0.00399	0.00358	0.00602	0.00810	0.01042	0.17856	0.05412	0.47378	0.05511	0.08892	0.00183	0.06220	0.00673	0.00317	0.00322
41	0.01001	0.00480	0.00639	0.00540	0.00710	0.00428	0.00426	0.01161	0.01037	0.36794	0.47114	0.02074	0.02314	0.00617	0.00401	0.00114	0.00232	0.00531	0.02924	0.00464
42	0.00831	0.00824	0.02952	0.30534	0.50859	0.00856	0.05689	0.01067	0.00802	0.01110	0.00680	0.00935	0.00547	0.00340	0.00368	0.00115	0.00466	0.00332	0.00175	0.00518
43	0.83330	0.05593	0.00625	0.00498	0.00730	0.02177	0.00416	0.01087	0.00638	0.01592	0.00512	0.00597	0.00403	0.00340	0.00229	0.00111	0.00296	0.00199	0.00223	0.00402
44	0.00936	0.00784	0.00831	0.00745	0.00955	0.00902	0.00580	0.01947	0.81623	0.04064	0.01493	0.01367	0.01115	0.00497	0.00374	0.00124	0.00291	0.00414	0.00376	0.00583
45	0.01071	0.67846	0.01724	0.00701	0.00987	0.20603	0.00647	0.01183	0.00813	0.00872	0.00524	0.00606	0.00472	0.00329	0.00257	0.00082	0.00454	0.00206	0.00164	0.00461
46	0.00508	0.00356	0.00398	0.00406	0.00430	0.00342	0.00244	0.00531	0.00605	0.00784	0.01701	0.10376	0.16533	0.63575	0.01480	0.00295	0.00312	0.00625	0.00255	0.00245
47	0.00662	0.00527	0.00601	0.00578	0.00710	0.00555	0.00449	0.01133	0.31377	0.01347	0.24933	0.07767	0.13670	0.00729	0.00417	0.00127	0.00240	0.10320	0.03434	0.00423
48	0.00501	0.00375	0.00465	0.00443	0.00537	0.00339	0.00332	0.00657	0.00996	0.01369	0.67105	0.02915	0.21033	0.00790	0.00433	0.00117	0.00176	0.00688	0.00391	0.00339
49	0.00518	0.00372	0.00485	0.00463	0.00546	0.00344	0.00345	0.00684	0.01016	0.01439	0.78489	0.07778	0.03368	0.00770	0.00433	0.00117	0.00176	0.00683	0.01631	0.00344
50	0.00694	0.00653	0.01102	0.86210	0.02530	0.00816	0.01020	0.00938	0.00734	0.00938	0.00653	0.00979	0.00490	0.00367	0.00367	0.00122	0.00490	0.00326	0.00163	0.00408
51	0.00737	0.01900	0.85189	0.01047	0.01590	0.00853	0.01357	0.01163	0.00775	0.01163	0.00659	0.00775	0.00465	0.00349	0.00349	0.00116	0.00543	0.00271	0.00155	0.00543
52	0.00447	0.00320	0.00426	0.00511	0.00533	0.00298	0.00341	0.00511	0.00703	0.00938	0.02024	0.86853	0.02429	0.01151	0.00469	0.00149	0.00213	0.01044	0.00341	0.00298
53	0.00532	0.00389	0.00501	0.00476	0.00564	0.00367	0.00356	0.00734	0.04381	0.01445	0.76606	0.07415	0.03312	0.00763	0.00433	0.00118	0.00180	0.00675	0.00400	0.00353
54	0.89687	0.00710	0.00540	0.00483	0.00710	0.00824	0.00398	0.01080	0.00625	0.01648	0.00511	0.00597	0.00398	0.00341	0.00227	0.00114	0.00284	0.00199	0.00227	0.00398
55	0.89687	0.00710	0.00540	0.00483	0.00710	0.00824	0.00398	0.01080	0.00625	0.01648	0.00511	0.00597	0.00398	0.00341	0.00227	0.00114	0.00284	0.00199	0.00227	0.00398
56	0.00488	0.00409	0.00413	0.00399	0.00532	0.00357	0.00303	0.05194	0.00887	0.01066	0.03561	0.03386	0.79930	0.00903	0.00430	0.00123	0.00198	0.00750	0.00343	0.00328
57	0.00525	0.00394	0.00590	0.00590	0.00656	0.00459	0.00459	0.00656	0.00590	0.00853	0.00984	0.01443	0.00918	0.02755	0.85637	0.00590	0.00984	0.00394	0.00197	0.00328
58	0.00534	0.00356	0.00401	0.00401	0.00401	0.00356	0.00223	0.00534	0.00534	0.00712	0.01157	0.02403	0.01335	0.87092	0.01869	0.00356	0.00356	0.00534	0.00223	0.00223
59	0.89687	0.00710	0.00540	0.00483	0.00710	0.00824	0.00398	0.01080	0.00625	0.01648	0.00511	0.00597	0.00398	0.00341	0.00227	0.00114	0.00284	0.00199	0.00227	0.00398
60	0.00789	0.16088	0.65849	0.01056	0.06894	0.00954	0.01220	0.01150	0.00775	0.01116	0.00636	0.00753	0.00474	0.00342	0.00331	0.00110	0.00511	0.00263	0.00157	0.00533
61	0.00698	0.00659	0.01103	0.82763	0.02466	0.00828	0.01011	0.00936	0.00727	0.00936	0.00646	0.00972	0.00489	0.00378	0.00401	0.00124	0.03964	0.00326	0.00163	0.00408
62	0.00838	0.00905	0.08205	0.01586	0.37777	0.00820	0.20494	0.01977	0.02621	0.02886	0.04603	0.03423	0.06455	0.00431	0.00437	0.00119	0.05280	0.00414	0.00216	0.00513
63	0.00737	0.01900	0.85189	0.01047	0.01590	0.00853	0.01357	0.01163	0.00775	0.01163	0.00659	0.00775	0.00465	0.00349	0.00349	0.00116	0.00543	0.00271	0.00155	0.00543
64	0.00962	0.61775	0.05462	0.00857	0.01193	0.01285	0.19577	0.01138	0.00783	0.03107	0.00594	0.00706	0.00502	0.00318	0.00289	0.00091	0.00449	0.00258	0.00171	0.00484
65	0.05434	0.34176	0.30508	0.00816	0.01183	0.10628	0.00876	0.03723	0.05806	0.02791	0.00658	0.00731	0.00518	0.00353	0.00300	0.00100	0.00462	0.00248	0.00189	0.00502
66	0.66048	0.05235	0.17625	0.00620	0.00917	0.00863	0.01910	0.01099	0.00665	0.01504	0.00545	0.00638	0.00417	0.00341	0.00255	0.00113	0.00347	0.00217	0.00209	0.00432

[dist]
# distance from previous block
# <min> <max>
0	3

[block]
# block no. 3 follows, 75 sequences, length 58
# corresponding to MSA columns:
# 247-304
name=unknown_D
#
# <colnr> <probs for GDERKNQSTAVLIFYWHMCP>
#	G	D	E	R	K	N	Q	S	T	A	V	L	I	F	Y	W	H	M	C	P
0	0.08058	0.40636	0.01478	0.00875	0.10277	0.02456	0.00690	0.28914	0.01082	0.01452	0.00657	0.00725	0.00529	0.00361	0.00295	0.00096	0.00397	0.00257	0.00237	0.00529
1	0.70353	0.03970	0.06139	0.00671	0.04642	0.00858	0.05401	0.01105	0.01769	0.01539	0.00556	0.00655	0.00432	0.00340	0.00256	0.00113	0.00331	0.00226	0.00218	0.00426
2	0.00647	0.00530	0.02802	0.02190	0.02898	0.00508	0.00445	0.07208	0.10780	0.01419	0.49350	0.02335	0.08479	0.08152	0.00540	0.00138	0.00244	0.00581	0.00361	0.00395
3	0.01648	0.00625	0.00852	0.00653	0.00938	0.00540	0.00540	0.01790	0.01051	0.85056	0.01449	0.01250	0.00909	0.00455	0.00369	0.00114	0.00313	0.00369	0.00455	0.00625
4	0.00840	0.00531	0.00722	0.00625	0.00718	0.00556	0.04682	0.21350	0.00811	0.01086	0.00704	0.01051	0.00630	0.01017	0.01116	0.62370	0.00356	0.00328	0.00213	0.00293
5	0.00982	0.87313	0.01925	0.00628	0.00943	0.01453	0.00628	0.01100	0.00746	0.00864	0.00511	0.00589	0.00471	0.00314	0.00236	0.00079	0.00393	0.00196	0.00157	0.00471
6	0.01039	0.00836	0.00904	0.00794	0.02870	0.00944	0.00614	0.27840	0.50437	0.01742	0.01306	0.05801	0.01019	0.00510	0.00375	0.00120	0.00324	0.00419	0.01528	0.00577
7	0.00746	0.05149	0.82022	0.01031	0.01565	0.00876	0.01329	0.01161	0.00774	0.01152	0.00653	0.00768	0.00465	0.00348	0.00345	0.00115	0.00537	0.00269	0.00155	0.00540
8	0.00956	0.00785	0.01229	0.02499	0.41688	0.00781	0.08001	0.09917	0.04569	0.10113	0.01272	0.03641	0.11969	0.00462	0.00383	0.00115	0.00390	0.00424	0.00264	0.00537
9	0.00525	0.00394	0.00590	0.00590	0.00656	0.00459	0.00459	0.00656	0.00590	0.00853	0.00984	0.01443	0.00918	0.02755	0.85637	0.00590	0.00984	0.00394	0.00197	0.00328
10	0.01239	0.00951	0.01014	0.00813	0.01079	0.01066	0.00660	0.57081	0.28478	0.02062	0.01081	0.01040	0.00786	0.00460	0.00369	0.00115	0.00367	0.00358	0.00369	0.00611
11	0.00548	0.00421	0.00563	0.00599	0.07243	0.00394	0.00405	0.00730	0.02348	0.01400	0.67860	0.02661	0.11965	0.00732	0.00427	0.00116	0.00197	0.00645	0.00379	0.00365
12	0.00956	0.06835	0.07807	0.00719	0.05192	0.00671	0.00596	0.08624	0.00891	0.12211	0.00770	0.00833	0.00589	0.00323	0.00302	0.00077	0.00328	0.00256	0.00251	0.51768
13	0.00737	0.01900	0.85189	0.01047	0.01590	0.00853	0.01357	0.01163	0.00775	0.01163	0.00659	0.00775	0.00465	0.00349	0.00349	0.00116	0.00543	0.00271	0.00155	0.00543
14	0.00507	0.00375	0.00473	0.00448	0.00541	0.00341	0.00336	0.00668	0.01009	0.01400	0.72316	0.02864	0.15803	0.00778	0.00433	0.00117	0.00175	0.00681	0.00395	0.00341
15	0.00886	0.01159	0.23276	0.01224	0.04424	0.00883	0.37229	0.01370	0.18649	0.05743	0.00918	0.01027	0.00674	0.00368	0.00393	0.00121	0.00506	0.00381	0.00232	0.00536
16	0.00694	0.00653	0.01102	0.86210	0.02530	0.00816	0.01020	0.00938	0.00734	0.00938	0.00653	0.00979	0.00490	0.00367	0.00367	0.00122	0.00490	0.00326	0.00163	0.00408
17	0.00434	0.00371	0.00374	0.00376	0.00497	0.00310	0.00281	0.00527	0.00833	0.00991	0.03673	0.05882	0.82336	0.00936	0.00435	0.00125	0.00187	0.00783	0.00341	0.00310
18	0.05083	0.00779	0.00818	0.00732	0.00943	0.00895	0.00571	0.01905	0.77081	0.04719	0.01447	0.01330	0.01079	0.00489	0.00367	0.00124	0.00291	0.00403	0.00370	0.00574
19	0.00701	0.00660	0.01115	0.83324	0.05357	0.00818	0.01024	0.00945	0.00738	0.00947	0.00654	0.00977	0.00493	0.00366	0.00367	0.00122	0.00488	0.00326	0.00164	0.00414
20	0.00592	0.00423	0.00592	0.00676	0.00761	0.00423	0.00592	0.00761	0.00845	0.01099	0.01945	0.04143	0.02114	0.01015	0.00507	0.00169	0.00338	0.82329	0.00338	0.00338
21	0.09787	0.00633	0.00823	0.00638	0.00917	0.00566	0.00527	0.01724	0.01012	0.77344	0.01362	0.01190	0.00862	0.00444	0.00356	0.00114	0.00310	0.00354	0.00434	0.00604
22	0.15876	0.00624	0.00775	0.00610	0.00875	0.00576	0.00502	0.01627	0.00968	0.67234	0.01284	0.01150	0.00828	0.00435	0.00341	0.00112	0.00301	0.00340	0.04969	0.00574
23	0.00533	0.00361	0.00425	0.00425	0.00434	0.00369	0.00253	0.00550	0.00541	0.00730	0.01135	0.02279	0.01281	0.76173	0.12715	0.00386	0.00437	0.00516	0.00219	0.00236
24	0.00490	0.00352	0.00474	0.00557	0.00600	0.00336	0.00415	0.00587	0.00749	0.00988	0.02046	0.59789	0.04553	0.01104	0.00479	0.00154	0.00250	0.25425	0.00340	0.00311
25	0.01633	0.00650	0.00868	0.00665	0.00950	0.00576	0.00549	0.06758	0.01092	0.80030	0.01415	0.01228	0.00892	0.00454	0.00369	0.00113	0.00318	0.00367	0.00449	0.00625
26	0.00466	0.00344	0.00474	0.06337	0.00672	0.00335	0.00391	0.00544	0.00707	0.00940	0.01930	0.79861	0.02293	0.01096	0.00462	0.00148	0.00234	0.02131	0.00329	0.00306
27	0.00867	0.00991	0.02167	0.01548	0.01920	0.00929	0.83467	0.01176	0.00867	0.01176	0.00743	0.00991	0.00557	0.00310	0.00433	0.00124	0.00619	0.00433	0.00186	0.00495
28	0.00962	0.00933	0.01159	0.00964	0.01061	0.08992	0.05688	0.16292	0.00842	0.01167	0.00594	0.00835	0.00525	0.00622	0.03375	0.00155	0.54856	0.00324	0.00204	0.00449
29	0.01226	0.24959	0.04102	0.00865	0.01103	0.56625	0.01697	0.01366	0.03192	0.00919	0.00582	0.00669	0.00491	0.00362	0.00308	0.00092	0.00575	0.00234	0.00184	0.00447
30	0.00762	0.00653	0.00762	0.00544	0.00870	0.00490	0.00435	0.00925	0.00762	0.01197	0.00653	0.00762	0.00544	0.00272	0.00272	0.00054	0.00272	0.00218	0.00218	0.89338
31	0.00762	0.00653	0.00762	0.00544	0.00870	0.00490	0.00435	0.00925	0.00762	0.01197	0.00653	0.00762	0.00544	0.00272	0.00272	0.00054	0.00272	0.00218	0.00218	0.89338
32	0.00533	0.00367	0.00475	0.00533	0.00577	0.00351	0.00366	0.05015	0.00768	0.03455	0.01946	0.79743	0.02288	0.01092	0.00460	0.00146	0.00226	0.00986	0.00346	0.00325
33	0.00815	0.00669	0.00825	0.00687	0.07652	0.00523	0.00496	0.00981	0.00781	0.05109	0.00693	0.00796	0.00564	0.00285	0.00284	0.00062	0.00287	0.00234	0.00226	0.78031
34	0.00468	0.00371	0.00421	0.00413	0.00518	0.00324	0.00308	0.00591	0.00910	0.01177	0.35093	0.06995	0.49369	0.00870	0.00435	0.00122	0.00182	0.00744	0.00366	0.00324
35	0.00659	0.00367	0.00526	0.00515	0.00526	0.00389	0.00354	0.00577	0.04982	0.00699	0.00684	0.01133	0.00666	0.02401	0.01374	0.79118	0.04335	0.00327	0.00172	0.00194
36	0.01396	0.01029	0.01102	0.00845	0.01139	0.01139	0.00698	0.83577	0.01727	0.02315	0.00882	0.00882	0.00625	0.00441	0.00367	0.00110	0.00404	0.00331	0.00367	0.00625
37	0.00453	0.00325	0.00428	0.00504	0.00530	0.00303	0.00338	0.00523	0.00722	0.00965	0.06876	0.78666	0.04016	0.02845	0.00494	0.00151	0.00213	0.01007	0.00342	0.00300
38	0.00982	0.87313	0.01925	0.00628	0.00943	0.01453	0.00628	0.01100	0.00746	0.00864	0.00511	0.00589	0.00471	0.00314	0.00236	0.00079	0.00393	0.00196	0.00157	0.00471
39	0.00909	0.00873	0.01491	0.02254	0.84801	0.00873	0.01127	0.01127	0.00836	0.01200	0.00691	0.00909	0.00582	0.00327	0.00364	0.00109	0.00436	0.00327	0.00182	0.00582
40	0.01648	0.00625	0.00852	0.00653	0.00938	0.00540	0.00540	0.01790	0.01051	0.85056	0.01449	0.01250	0.00909	0.00455	0.00369	0.00114	0.00313	0.00369	0.00455	0.00625
41	0.01372	0.01750	0.01041	0.00946	0.01135	0.85618	0.00710	0.01467	0.01041	0.00899	0.00568	0.00662	0.00473	0.00378	0.00331	0.00095	0.00662	0.00237	0.00189	0.00426
42	0.00520	0.00375	0.00491	0.00462	0.00549	0.00347	0.00347	0.00693	0.01040	0.01473	0.84608	0.02743	0.03465	0.00751	0.00433	0.00116	0.00173	0.00664	0.00404	0.00347
43	0.00455	0.00325	0.00435	0.00520	0.00545	0.00305	0.00354	0.00525	0.00711	0.00946	0.02020	0.82405	0.02412	0.01143	0.00471	0.00150	0.00220	0.05415	0.00341	0.00300
44	0.01648	0.00625	0.00852	0.00653	0.00938	0.00540	0.00540	0.01790	0.01051	0.85056	0.01449	0.01250	0.00909	0.00455	0.00369	0.00114	0.00313	0.00369	0.00455	0.00625
45	0.01385	0.01023	0.01096	0.00843	0.01135	0.01134	0.00695	0.81741	0.03580	0.02297	0.00896	0.00893	0.00636	0.00442	0.00368	0.00111	0.00402	0.00333	0.00368	0.00624
46	0.06144	0.01012	0.01072	0.00826	0.01116	0.01122	0.00682	0.79140	0.01668	0.02279	0.00862	0.00866	0.00612	0.00436	0.00360	0.00110	0.00398	0.00324	0.00360	0.00612
47	0.00694	0.00653	0.01102	0.86210	0.02530	0.00816	0.01020	0.00938	0.00734	0.00938	0.00653	0.00979	0.00490	0.00367	0.00367	0.00122	0.00490	0.00326	0.00163	0.00408
48	0.00447	0.00320	0.00426	0.00511	0.00533	0.00298	0.00341	0.00511	0.00703	0.00938	0.02024	0.86853	0.02429	0.01151	0.00469	0.00149	0.00213	0.01044	0.00341	0.00298
49	0.00638	0.00319	0.00478	0.00478	0.00478	0.00319	0.00319	0.00478	0.00478	0.00638	0.00638	0.01116	0.00638	0.01276	0.01435	0.89314	0.00319	0.00319	0.00159	0.00159
50	0.00694	0.00653	0.01102	0.86210	0.02530	0.00816	0.01020	0.00938	0.00734	0.00938	0.00653	0.00979	0.00490	0.00367	0.00367	0.00122	0.00490	0.00326	0.00163	0.00408
51	0.00927	0.00846	0.01406	0.09656	0.70150	0.00864	0.01072	0.03137	0.03218	0.04095	0.00741	0.00939	0.00601	0.00343	0.00365	0.00111	0.00432	0.00331	0.00199	0.00569
52	0.00929	0.00773	0.00823	0.00737	0.00945	0.00887	0.00574	0.01915	0.79254	0.04405	0.03522	0.01400	0.01171	0.00503	0.00375	0.00124	0.00289	0.00420	0.00377	0.00577
53	0.00535	0.00390	0.00506	0.00480	0.00570	0.00367	0.00365	0.00733	0.03445	0.01457	0.78337	0.02769	0.03334	0.00756	0.00435	0.00118	0.00184	0.04467	0.00400	0.00353
54	0.00871	0.31081	0.36932	0.00848	0.01236	0.02771	0.02078	0.01304	0.17316	0.01129	0.00773	0.00830	0.00599	0.00367	0.00316	0.00105	0.00445	0.00276	0.00200	0.00523
55	0.00857	0.03710	0.41438	0.10429	0.23526	0.01899	0.03384	0.01168	0.00806	0.06700	0.00713	0.00864	0.00531	0.00356	0.00371	0.00115	0.02110	0.00301	0.00184	0.00537
56	0.00740	0.00608	0.00681	0.00627	0.00779	0.00667	0.00480	0.01401	0.48302	0.01484	0.33468	0.05886	0.02083	0.00626	0.00401	0.00122	0.00242	0.00540	0.00384	0.00478
57	0.00470	0.00374	0.00416	0.00438	0.00535	0.00331	0.00331	0.00564	0.00800	0.00981	0.03050	0.11532	0.56188	0.08263	0.00571	0.00153	0.00228	0.14139	0.00331	0.00306

[dist]
# distance from previous block
# <min> <max>
0	1

[block]
# block no. 4 follows, 75 sequences, length 124
# corresponding to MSA columns:
# 306-429
name=unknown_E
#
# <colnr> <probs for GDERKNQSTAVLIFYWHMCP>
#	G	D	E	R	K	N	Q	S	T	A	V	L	I	F	Y	W	H	M	C	P
0	0.01003	0.03114	0.29810	0.04864	0.16510	0.23854	0.02566	0.03781	0.06533	0.03495	0.00724	0.00835	0.00553	0.00368	0.00350	0.00109	0.00524	0.00290	0.00200	0.00517
1	0.00737	0.01900	0.85189	0.01047	0.01590	0.00853	0.01357	0.01163	0.00775	0.01163	0.00659	0.00775	0.00465	0.00349	0.00349	0.00116	0.00543	0.00271	0.00155	0.00543
2	0.00534	0.00356	0.00401	0.00401	0.00401	0.00356	0.00223	0.00534	0.00534	0.00712	0.01157	0.02403	0.01335	0.87092	0.01869	0.00356	0.00356	0.00534	0.00223	0.00223
3	0.00762	0.00653	0.00762	0.00544	0.00870	0.00490	0.00435	0.00925	0.00762	0.01197	0.00653	0.00762	0.00544	0.00272	0.00272	0.00054	0.00272	0.00218	0.00218	0.89338
4	0.00932	0.03592	0.03839	0.01187	0.03209	0.06274	0.41057	0.02661	0.29664	0.02197	0.00991	0.01083	0.00747	0.00384	0.00395	0.00120	0.00489	0.00399	0.00255	0.00526
5	0.00451	0.00329	0.00425	0.00495	0.00530	0.00303	0.00335	0.00526	0.00739	0.00980	0.07932	0.73031	0.10367	0.01102	0.00463	0.00144	0.00208	0.00992	0.00345	0.00303
6	0.00971	0.00964	0.08259	0.01166	0.20320	0.02792	0.03889	0.12627	0.41900	0.01504	0.01108	0.01118	0.00839	0.00429	0.00370	0.00118	0.00381	0.00368	0.00299	0.00577
7	0.00494	0.00362	0.00471	0.00479	0.00546	0.00343	0.00347	0.00621	0.00868	0.01198	0.43914	0.24765	0.10226	0.03846	0.09639	0.00184	0.00278	0.00741	0.00354	0.00325
8	0.00928	0.01128	0.06933	0.01379	0.02701	0.12215	0.57189	0.02380	0.00867	0.01127	0.00690	0.00913	0.00534	0.00356	0.00488	0.00123	0.08997	0.00384	0.00184	0.00483
9	0.00826	0.00841	0.01122	0.00964	0.00971	0.04503	0.00800	0.00907	0.00582	0.00884	0.00486	0.00798	0.00482	0.00632	0.01170	0.00158	0.82991	0.00318	0.00162	0.00403
10	0.00865	0.00986	0.02140	0.01533	0.01894	0.00934	0.81303	0.01169	0.00859	0.01169	0.00736	0.00986	0.00555	0.00318	0.00454	0.00125	0.02866	0.00431	0.00185	0.00493
11	0.00447	0.00320	0.00426	0.00511	0.00533	0.00298	0.00341	0.00511	0.00703	0.00938	0.02024	0.86853	0.02429	0.01151	0.00469	0.00149	0.00213	0.01044	0.00341	0.00298
12	0.00444	0.00374	0.00386	0.00387	0.00507	0.00316	0.00293	0.00545	0.00850	0.01026	0.08764	0.03503	0.77047	0.00921	0.00436	0.00125	0.00190	0.03228	0.00345	0.00313
13	0.00982	0.87313	0.01925	0.00628	0.00943	0.01453	0.00628	0.01100	0.00746	0.00864	0.00511	0.00589	0.00471	0.00314	0.00236	0.00079	0.00393	0.00196	0.00157	0.00471
14	0.01396	0.01029	0.01102	0.00845	0.01139	0.01139	0.00698	0.83577	0.01727	0.02315	0.00882	0.00882	0.00625	0.00441	0.00367	0.00110	0.00404	0.00331	0.00367	0.00625
15	0.01648	0.00625	0.00852	0.00653	0.00938	0.00540	0.00540	0.01790	0.01051	0.85056	0.01449	0.01250	0.00909	0.00455	0.00369	0.00114	0.00313	0.00369	0.00455	0.00625
16	0.01648	0.00625	0.00852	0.00653	0.00938	0.00540	0.00540	0.01790	0.01051	0.85056	0.01449	0.01250	0.00909	0.00455	0.00369	0.00114	0.00313	0.00369	0.00455	0.00625
17	0.00592	0.00423	0.00592	0.00676	0.00761	0.00423	0.00592	0.00761	0.00845	0.01099	0.01945	0.04143	0.02114	0.01015	0.00507	0.00169	0.00338	0.82329	0.00338	0.00338
18	0.00450	0.00382	0.00389	0.00391	0.00513	0.00327	0.00294	0.00568	0.03014	0.01006	0.03580	0.06170	0.78517	0.00927	0.00435	0.00126	0.00192	0.02060	0.00342	0.00317
19	0.00461	0.00329	0.00441	0.00526	0.00553	0.00310	0.00364	0.00534	0.00716	0.00952	0.02017	0.79355	0.02401	0.01138	0.00472	0.00151	0.00224	0.08412	0.00341	0.00302
20	0.00494	0.00374	0.00455	0.00435	0.00533	0.00336	0.00326	0.00643	0.00979	0.01328	0.60278	0.02981	0.27885	0.00805	0.00433	0.00118	0.00177	0.00698	0.00385	0.00336
21	0.00898	0.00903	0.01663	0.02074	0.63680	0.00887	0.22111	0.01140	0.00844	0.01194	0.00704	0.00930	0.00576	0.00323	0.00381	0.00113	0.00483	0.00354	0.00183	0.00560
22	0.01392	0.01370	0.01065	0.00889	0.01131	0.42443	0.00699	0.40946	0.01371	0.04118	0.00745	0.00786	0.00559	0.00411	0.00350	0.00103	0.00528	0.00286	0.00283	0.00527
23	0.00762	0.00653	0.00762	0.00544	0.00870	0.00490	0.00435	0.00925	0.00762	0.01197	0.00653	0.00762	0.00544	0.00272	0.00272	0.00054	0.00272	0.00218	0.00218	0.89338
24	0.00913	0.00789	0.00906	0.11489	0.04470	0.00912	0.00664	0.06365	0.65816	0.01492	0.01324	0.01276	0.00993	0.00472	0.00372	0.00123	0.00328	0.00396	0.00339	0.00562
25	0.00942	0.00885	0.01496	0.01656	0.40262	0.01882	0.21732	0.05889	0.09199	0.04416	0.03514	0.01038	0.00731	0.00379	0.00422	0.00117	0.04290	0.00374	0.00229	0.00547
26	0.00456	0.00323	0.00424	0.00501	0.00520	0.00304	0.00330	0.00514	0.00687	0.00916	0.01941	0.78769	0.02324	0.09377	0.00603	0.00169	0.00227	0.00995	0.00330	0.00291
27	0.01372	0.01750	0.01041	0.00946	0.01135	0.85618	0.00710	0.01467	0.01041	0.00899	0.00568	0.00662	0.00473	0.00378	0.00331	0.00095	0.00662	0.00237	0.00189	0.00426
28	0.89687	0.00710	0.00540	0.00483	0.00710	0.00824	0.00398	0.01080	0.00625	0.01648	0.00511	0.00597	0.00398	0.00341	0.00227	0.00114	0.00284	0.00199	0.00227	0.00398
29	0.00462	0.00373	0.00412	0.00403	0.00514	0.00322	0.00302	0.00581	0.00902	0.01149	0.30159	0.04279	0.57106	0.00874	0.00434	0.00122	0.00182	0.00742	0.00362	0.00322
30	0.00474	0.00373	0.00429	0.00421	0.00526	0.00328	0.00317	0.00602	0.00919	0.01195	0.37575	0.05417	0.46328	0.00863	0.00436	0.00122	0.00185	0.02795	0.00368	0.00326
31	0.00450	0.00364	0.00401	0.00413	0.00513	0.00314	0.00303	0.00550	0.00841	0.01049	0.14393	0.18096	0.58088	0.00946	0.00441	0.00128	0.00191	0.01857	0.00350	0.00313
