[name]
unknown

[dist]
# distance from previous block
# <min> <max>
15	67

[block]
# block no. 0 follows, 65 sequences, length 6
# corresponding to MSA columns:
# 78-83
name=unknown_A
#
# <colnr> <probs for GDERKNQSTAVLIFYWHMCP>
#	G	D	E	R	K	N	Q	S	T	A	V	L	I	F	Y	W	H	M	C	P
0	0.05566	0.10258	0.05266	0.00752	0.02348	0.06190	0.03710	0.04385	0.04976	0.09304	0.15484	0.04209	0.02503	0.08832	0.03624	0.00162	0.00409	0.00455	0.00312	0.11255
1	0.01040	0.03524	0.09778	0.00816	0.01074	0.05974	0.02990	0.16163	0.12135	0.07468	0.04197	0.10322	0.06504	0.04780	0.00520	0.00143	0.02011	0.02968	0.01520	0.06071
2	0.03814	0.08469	0.01027	0.03694	0.05960	0.00734	0.04000	0.06772	0.03448	0.07638	0.08913	0.09929	0.04473	0.00601	0.00429	0.02564	0.00351	0.03876	0.00312	0.22995
3	0.02899	0.03367	0.03071	0.00795	0.03693	0.05392	0.04932	0.03359	0.07677	0.06543	0.07891	0.06141	0.05400	0.24578	0.04498	0.00232	0.08269	0.00532	0.00297	0.00434
4	0.05099	0.24313	0.12189	0.00940	0.05406	0.07327	0.06289	0.06203	0.07493	0.03872	0.08063	0.04327	0.04464	0.00541	0.01678	0.00127	0.00459	0.00405	0.00270	0.00534
5	0.06115	0.09863	0.11564	0.04223	0.03959	0.10983	0.00837	0.21800	0.07401	0.06123	0.01009	0.01139	0.02959	0.00487	0.00427	0.00123	0.04420	0.02689	0.00296	0.03583

[dist]
# distance from previous block
# <min> <max>
8	18

[block]
# block no. 1 follows, 65 sequences, length 37
# corresponding to MSA columns:
# 107-117,119-130,132-145
name=unknown_B
#
# <colnr> <probs for GDERKNQSTAVLIFYWHMCP>
#	G	D	E	R	K	N	Q	S	T	A	V	L	I	F	Y	W	H	M	C	P
0	0.07196	0.06645	0.01021	0.00791	0.01048	0.04169	0.00638	0.21973	0.33987	0.06566	0.03393	0.01405	0.05450	0.00537	0.00393	0.00127	0.00367	0.00422	0.03267	0.00604
1	0.00868	0.03317	0.00575	0.00494	0.00631	0.00565	0.00384	0.09072	0.07972	0.01617	0.01337	0.04180	0.01071	0.00509	0.00317	0.00104	0.00238	0.00409	0.65898	0.00440
2	0.10563	0.29100	0.06974	0.00883	0.01178	0.38023	0.00771	0.04083	0.01012	0.03111	0.00649	0.00738	0.00536	0.00397	0.00327	0.00105	0.00570	0.00255	0.00215	0.00511
3	0.00916	0.00620	0.00724	0.00646	0.00827	0.00631	0.00501	0.04112	0.25256	0.13683	0.30504	0.05482	0.12924	0.00738	0.00453	0.00134	0.00268	0.00630	0.00437	0.00515
4	0.01068	0.00969	0.00984	0.02768	0.03800	0.07260	0.00695	0.04123	0.69650	0.01659	0.01525	0.01431	0.01149	0.00536	0.00413	0.00136	0.00370	0.00441	0.00390	0.00634
5	0.00579	0.00400	0.00453	0.00456	0.00477	0.00392	0.00272	0.00602	0.00658	0.00865	0.03298	0.05977	0.11354	0.68197	0.04084	0.00360	0.00384	0.00650	0.00273	0.00270
6	0.06718	0.04639	0.07117	0.02307	0.10113	0.08840	0.07010	0.23057	0.09344	0.10002	0.00958	0.01026	0.00712	0.00462	0.00455	0.00128	0.05833	0.00361	0.00311	0.00608
7	0.00915	0.11096	0.29600	0.00981	0.01337	0.03803	0.09170	0.03327	0.03555	0.06112	0.00916	0.01131	0.00734	0.01159	0.24061	0.00275	0.00711	0.00363	0.00226	0.00529
8	0.00497	0.00409	0.00438	0.00446	0.00566	0.00349	0.00328	0.00607	0.00942	0.01160	0.12559	0.13666	0.64516	0.01047	0.00490	0.00141	0.00210	0.00889	0.00389	0.00349
9	0.01280	0.26760	0.11215	0.00940	0.01238	0.44115	0.00835	0.03387	0.01049	0.01094	0.04109	0.00835	0.00673	0.00417	0.00347	0.00105	0.00605	0.00278	0.00211	0.00508
10	0.01131	0.22404	0.23589	0.02968	0.01479	0.15397	0.11954	0.06365	0.02830	0.05516	0.02228	0.00920	0.00650	0.00405	0.00373	0.00116	0.00562	0.00323	0.00228	0.00561
11	0.00551	0.00442	0.00521	0.00575	0.02913	0.00408	0.00404	0.00719	0.05624	0.01169	0.07906	0.31147	0.39937	0.01069	0.00496	0.00150	0.00241	0.04977	0.00382	0.00372
12	0.01533	0.01956	0.01163	0.01058	0.01269	0.83926	0.00793	0.01639	0.01163	0.01005	0.00635	0.00740	0.00529	0.00423	0.00370	0.00106	0.00740	0.00264	0.00212	0.00476
13	0.02444	0.08082	0.10903	0.07193	0.16142	0.07547	0.08488	0.06239	0.04759	0.12158	0.00892	0.01025	0.00677	0.00449	0.00497	0.00129	0.09636	0.00358	0.01804	0.00578
14	0.00997	0.06890	0.15122	0.08021	0.18748	0.05656	0.15693	0.02677	0.00941	0.06442	0.04572	0.03325	0.00835	0.00555	0.03867	0.00151	0.04312	0.00405	0.00235	0.00555
15	0.00513	0.00421	0.00454	0.00456	0.00579	0.00366	0.00338	0.00651	0.02744	0.01199	0.16003	0.11853	0.60943	0.01023	0.00487	0.00140	0.00211	0.00868	0.00393	0.00358
16	0.02054	0.00746	0.01237	0.74517	0.08052	0.00912	0.01117	0.02313	0.00840	0.01101	0.00743	0.01094	0.00567	0.00475	0.02507	0.00149	0.00552	0.00365	0.00189	0.00470
17	0.00955	0.07261	0.01069	0.00813	0.07352	0.00748	0.01436	0.09562	0.00974	0.01442	0.02062	0.00902	0.00666	0.00346	0.00336	0.00077	0.01217	0.00276	0.00255	0.62252
18	0.00892	0.21934	0.02579	0.00927	0.10199	0.04451	0.04064	0.07835	0.02402	0.01274	0.10148	0.12619	0.08255	0.01917	0.08567	0.00178	0.00461	0.00530	0.00285	0.00483
19	0.00514	0.00378	0.00483	0.00544	0.00597	0.00346	0.00378	0.00612	0.00870	0.01155	0.15305	0.59315	0.14138	0.01178	0.00513	0.00157	0.00229	0.02552	0.00392	0.00345
20	0.02827	0.02680	0.05155	0.02650	0.16972	0.02745	0.02316	0.08287	0.07492	0.05793	0.18542	0.15505	0.05951	0.00688	0.00441	0.00133	0.00360	0.00603	0.00344	0.00515
21	0.04686	0.19518	0.13464	0.05684	0.13920	0.03149	0.00937	0.26438	0.01209	0.04115	0.00835	0.02773	0.00660	0.00435	0.00370	0.00118	0.00476	0.00337	0.00272	0.00604
22	0.00501	0.00362	0.00473	0.00560	0.00593	0.00335	0.00376	0.00576	0.00803	0.01063	0.03872	0.78231	0.08216	0.01261	0.00521	0.00164	0.00235	0.01139	0.00382	0.00335
23	0.00629	0.00466	0.00561	0.00530	0.00652	0.00439	0.00399	0.00885	0.08446	0.03566	0.53491	0.05394	0.21264	0.00863	0.00478	0.00133	0.00214	0.00749	0.00432	0.00408
24	0.04913	0.01260	0.06707	0.04835	0.19310	0.20559	0.11677	0.02692	0.05138	0.02296	0.00753	0.00951	0.00613	0.00459	0.00574	0.00133	0.16018	0.00352	0.00219	0.00541
25	0.01109	0.01145	0.14413	0.00967	0.02701	0.01057	0.02958	0.21078	0.44213	0.01830	0.01329	0.01348	0.01001	0.00520	0.00417	0.00135	0.00415	0.02355	0.00366	0.00645
26	0.01161	0.47348	0.04425	0.00780	0.01120	0.11307	0.00716	0.11693	0.02243	0.01261	0.00679	0.00761	0.00573	0.00375	0.00308	0.00093	0.00460	0.00255	0.00225	0.14219
27	0.00594	0.00410	0.00510	0.00510	0.00531	0.00432	0.00326	0.00637	0.00615	0.00842	0.01237	0.02372	0.01356	0.61410	0.26066	0.00475	0.00603	0.00551	0.00240	0.00283
28	0.00597	0.00398	0.00448	0.00448	0.00448	0.00398	0.00249	0.00597	0.00597	0.00796	0.01293	0.02686	0.01492	0.85574	0.02089	0.00398	0.00398	0.00597	0.00249	0.00249
29	0.00923	0.00874	0.01481	0.32404	0.52073	0.00940	0.01196	0.01177	0.00892	0.01238	0.00768	0.01055	0.00621	0.00384	0.00405	0.00127	0.00503	0.00366	0.01999	0.00574
30	0.00580	0.00442	0.00619	0.00616	0.00690	0.00495	0.00470	0.00706	0.00692	0.00961	0.01528	0.02016	0.12360	0.10029	0.63560	0.00555	0.02573	0.00511	0.00244	0.00355
31	0.00595	0.00406	0.00486	0.00486	0.00499	0.00419	0.00297	0.00622	0.00608	0.00824	0.01258	0.02492	0.01408	0.70627	0.16920	0.00445	0.00525	0.00568	0.00244	0.00270
32	0.00962	0.00917	0.01561	0.15879	0.67080	0.00949	0.01215	0.01207	0.00907	0.01280	0.00776	0.01049	0.00646	0.00466	0.03268	0.00143	0.00518	0.00368	0.00200	0.00609
33	0.00514	0.00378	0.00472	0.00529	0.00579	0.00347	0.00359	0.00599	0.00839	0.01106	0.11555	0.55536	0.16653	0.07747	0.00634	0.00176	0.00240	0.01023	0.00379	0.00335
34	0.01289	0.45504	0.01679	0.00874	0.01152	0.38890	0.00749	0.01408	0.00978	0.00984	0.00599	0.00702	0.00528	0.00394	0.00341	0.00098	0.02893	0.00244	0.00192	0.00502
35	0.00529	0.00382	0.00496	0.00563	0.00604	0.00352	0.00375	0.00601	0.00773	0.01042	0.02088	0.73113	0.02485	0.08670	0.00649	0.00181	0.00256	0.01063	0.00361	0.05417
36	0.00810	0.23633	0.03650	0.02081	0.00887	0.04839	0.00591	0.03034	0.00765	0.00991	0.00946	0.03499	0.00910	0.09830	0.37673	0.04095	0.00741	0.00395	0.00216	0.00413

[dist]
# distance from previous block
# <min> <max>
0	1

[block]
# block no. 2 follows, 65 sequences, length 8
# corresponding to MSA columns:
# 147-154
name=unknown_C
#
# <colnr> <probs for GDERKNQSTAVLIFYWHMCP>
#	G	D	E	R	K	N	Q	S	T	A	V	L	I	F	Y	W	H	M	C	P
0	0.01020	0.08668	0.09214	0.08848	0.50434	0.04250	0.02957	0.03569	0.04718	0.01318	0.00791	0.00991	0.00643	0.00385	0.00393	0.00121	0.00505	0.00350	0.00212	0.00611
1	0.01004	0.03352	0.16481	0.09305	0.17649	0.09585	0.26942	0.03262	0.00957	0.01275	0.00759	0.00979	0.00590	0.00385	0.00446	0.00127	0.03025	0.00375	0.00203	0.03299
2	0.00765	0.00383	0.00383	0.00383	0.00478	0.00383	0.00287	0.00956	0.00861	0.01530	0.01339	0.01530	0.01052	0.00478	0.00287	0.00096	0.00191	0.00383	0.87853	0.00383
3	0.00977	0.00809	0.01083	0.07019	0.19070	0.00729	0.00731	0.04670	0.05780	0.05877	0.00855	0.00981	0.00678	0.00359	0.00351	0.00091	0.00371	0.00306	0.00262	0.49000
4	0.00606	0.00442	0.00510	0.00495	0.00515	0.00462	0.00312	0.00628	0.00648	0.00857	0.01643	0.02720	0.13117	0.66369	0.01797	0.00343	0.07379	0.00616	0.00262	0.00279
5	0.00801	0.00393	0.00573	0.00550	0.00588	0.00381	0.00381	0.00688	0.00650	0.08163	0.08412	0.01430	0.01033	0.01290	0.01394	0.72057	0.00341	0.00397	0.00233	0.00244
6	0.01230	0.29187	0.09661	0.00980	0.07549	0.20097	0.00814	0.08438	0.01018	0.07991	0.00754	0.00871	0.00609	0.00498	0.00461	0.08269	0.00514	0.00292	0.00234	0.00530
7	0.06157	0.41377	0.07674	0.00822	0.01157	0.13486	0.02840	0.03259	0.04236	0.14270	0.00820	0.00858	0.00636	0.00403	0.00327	0.00106	0.00477	0.00283	0.00254	0.00557

[dist]
# distance from previous block
# <min> <max>
0	2

[block]
# block no. 3 follows, 65 sequences, length 14
# corresponding to MSA columns:
# 157-170
name=unknown_D
#
# <colnr> <probs for GDERKNQSTAVLIFYWHMCP>
#	G	D	E	R	K	N	Q	S	T	A	V	L	I	F	Y	W	H	M	C	P
0	0.02620	0.27516	0.15986	0.01086	0.01456	0.19323	0.17702	0.03835	0.04592	0.01203	0.00729	0.00855	0.00582	0.00386	0.00366	0.00114	0.00580	0.00315	0.00209	0.00544
1	0.54192	0.00823	0.00842	0.00776	0.05015	0.00963	0.00600	0.03017	0.00765	0.07802	0.00669	0.00801	0.00529	0.00459	0.00505	0.00135	0.17821	0.00276	0.00258	0.03749
2	0.00609	0.00453	0.00608	0.00662	0.04740	0.00459	0.02136	0.00711	0.03181	0.00971	0.01588	0.25911	0.03306	0.37569	0.13471	0.00335	0.00460	0.02207	0.00289	0.00333
3	0.00765	0.00383	0.00383	0.00383	0.00478	0.00383	0.00287	0.00956	0.00861	0.01530	0.01339	0.01530	0.01052	0.00478	0.00287	0.00096	0.00191	0.00383	0.87853	0.00383
4	0.14572	0.00600	0.00727	0.00718	0.05636	0.00596	0.00513	0.02550	0.03560	0.20262	0.14771	0.07365	0.02845	0.15209	0.00709	0.00182	0.00330	0.08014	0.00370	0.00469
5	0.01318	0.01360	0.01115	0.00967	0.01177	0.35383	0.00757	0.21004	0.14388	0.01498	0.00912	0.01010	0.00725	0.00691	0.06702	0.00164	0.09646	0.00345	0.00290	0.00547
6	0.00855	0.01053	0.15296	0.41478	0.18924	0.00927	0.09173	0.01160	0.00868	0.01191	0.00750	0.01030	0.00574	0.00386	0.00408	0.00129	0.00548	0.00361	0.00191	0.04697
7	0.05728	0.08909	0.04222	0.00857	0.01158	0.23387	0.00718	0.14151	0.01224	0.34050	0.01076	0.01034	0.00745	0.00458	0.00379	0.00117	0.00487	0.00335	0.00358	0.00607
8	0.00765	0.00383	0.00383	0.00383	0.00478	0.00383	0.00287	0.00956	0.00861	0.01530	0.01339	0.01530	0.01052	0.00478	0.00287	0.00096	0.00191	0.00383	0.87853	0.00383
9	0.01706	0.00733	0.00957	0.00747	0.01047	0.00671	0.00616	0.11683	0.01260	0.66681	0.05633	0.01533	0.01163	0.00543	0.00421	0.00129	0.00355	0.02961	0.00489	0.00673
10	0.00571	0.00414	0.00538	0.00518	0.00610	0.00381	0.00384	0.00751	0.01123	0.01577	0.73295	0.09989	0.06541	0.00884	0.00488	0.00133	0.00198	0.00782	0.00443	0.00381
11	0.01072	0.59911	0.20408	0.00838	0.01235	0.08369	0.00894	0.01279	0.00869	0.01044	0.00613	0.00712	0.00525	0.00366	0.00301	0.00099	0.00502	0.00242	0.00178	0.00541
12	0.00641	0.00507	0.00585	0.00553	0.00683	0.00491	0.00411	0.00958	0.15008	0.01417	0.34848	0.09773	0.21600	0.05864	0.00563	0.00149	0.00241	0.00727	0.00401	0.04580
13	0.00560	0.02595	0.07465	0.00542	0.00693	0.00438	0.00456	0.00717	0.00971	0.01274	0.27336	0.16732	0.36827	0.00948	0.00478	0.00138	0.00248	0.00816	0.00380	0.00383

[dist]
# distance from previous block
# <min> <max>
0	5

[block]
# block no. 4 follows, 65 sequences, length 7
# corresponding to MSA columns:
# 176-182
name=unknown_E
#
# <colnr> <probs for GDERKNQSTAVLIFYWHMCP>
#	G	D	E	R	K	N	Q	S	T	A	V	L	I	F	Y	W	H	M	C	P
0	0.07675	0.35292	0.10021	0.00885	0.01201	0.32799	0.00806	0.04931	0.01001	0.01151	0.00630	0.00726	0.00528	0.00391	0.00323	0.00103	0.00563	0.00252	0.00205	0.00517
1	0.00699	0.00538	0.08596	0.00598	0.00671	0.00425	0.00478	0.00627	0.00603	0.00814	0.00971	0.01416	0.06146	0.01421	0.07462	0.67277	0.00426	0.00391	0.00194	0.00245
2	0.01268	0.29644	0.10539	0.00914	0.03801	0.03932	0.00824	0.26447	0.09997	0.07473	0.00920	0.00944	0.00697	0.00436	0.00358	0.00113	0.00454	0.00322	0.00300	0.00617
3	0.01156	0.16488	0.14239	0.02973	0.09798	0.13431	0.13802	0.15224	0.04552	0.01431	0.00788	0.00918	0.00615	0.00411	0.00408	0.00120	0.02489	0.00339	0.00240	0.00580
4	0.00524	0.00386	0.00492	0.00532	0.00596	0.00353	0.00374	0.00640	0.00929	0.01251	0.28795	0.47327	0.14075	0.01106	0.00506	0.00151	0.00219	0.00987	0.00404	0.00353
5	0.00933	0.03309	0.00960	0.00740	0.03651	0.00727	0.00572	0.07946	0.09884	0.01473	0.04268	0.01031	0.00819	0.00389	0.00376	0.00085	0.03605	0.00307	0.00279	0.58646
6	0.01077	0.24088	0.23394	0.00888	0.01226	0.18736	0.00884	0.03786	0.00948	0.04685	0.00887	0.05864	0.00802	0.06099	0.00477	0.00133	0.00526	0.02945	0.00229	0.02327

[dist]
# distance from previous block
# <min> <max>
0	1

[block]
# block no. 5 follows, 65 sequences, length 11
# corresponding to MSA columns:
# 184-194
name=unknown_F
#
# <colnr> <probs for GDERKNQSTAVLIFYWHMCP>
#	G	D	E	R	K	N	Q	S	T	A	V	L	I	F	Y	W	H	M	C	P
0	0.00817	0.17833	0.10574	0.00733	0.00953	0.08779	0.00669	0.02655	0.00869	0.01098	0.04895	0.01762	0.15953	0.01355	0.25534	0.00282	0.02741	0.01805	0.00250	0.00443
1	0.00787	0.00420	0.00586	0.00584	0.00634	0.00409	0.00407	0.00758	0.00713	0.11759	0.01398	0.30548	0.01487	0.05868	0.01091	0.38548	0.02736	0.00659	0.00296	0.00313
2	0.01010	0.01022	0.01832	0.12777	0.38919	0.03109	0.28467	0.05349	0.00988	0.01349	0.00794	0.01049	0.00627	0.00373	0.00433	0.00129	0.00569	0.00404	0.00213	0.00590
3	0.00968	0.00859	0.00889	0.00661	0.01008	0.09420	0.00524	0.01142	0.00899	0.04997	0.00760	0.00864	0.00618	0.00326	0.00316	0.00069	0.00352	0.00253	0.00252	0.74824
4	0.12670	0.08023	0.30128	0.00981	0.04737	0.01045	0.00972	0.24890	0.01156	0.04337	0.00878	0.03933	0.00695	0.03298	0.00431	0.00134	0.00476	0.00352	0.00276	0.00589
5	0.03736	0.00712	0.03073	0.04652	0.20246	0.02345	0.05239	0.01054	0.00918	0.09269	0.12941	0.10598	0.06818	0.01073	0.15243	0.00226	0.00512	0.00553	0.00302	0.00489
6	0.00577	0.11661	0.00691	0.00572	0.00652	0.00505	0.00416	0.00660	0.00808	0.01044	0.02241	0.65461	0.10951	0.01136	0.00485	0.00153	0.00261	0.01010	0.00354	0.00360
7	0.67593	0.00817	0.00724	0.00642	0.00860	0.00976	0.00526	0.01281	0.09368	0.01716	0.00684	0.00789	0.00543	0.00444	0.00416	0.00135	0.11489	0.00266	0.00262	0.00467
8	0.11557	0.01093	0.07969	0.04011	0.22402	0.11716	0.05727	0.10048	0.01036	0.07615	0.01014	0.12102	0.00900	0.00524	0.00403	0.00129	0.00477	0.00447	0.00277	0.00554
9	0.00682	0.00429	0.00513	0.00521	0.00625	0.00381	0.00371	0.00770	0.00875	0.11918	0.02798	0.34872	0.32789	0.09715	0.00655	0.00174	0.00258	0.00895	0.00384	0.00378
10	0.04592	0.05538	0.11557	0.01342	0.19910	0.08884	0.06767	0.19968	0.06165	0.09927	0.00931	0.01010	0.00692	0.00428	0.00396	0.00123	0.00500	0.00356	0.00293	0.00623

[dist]
# distance from previous block
# <min> <max>
5	41

[block]
# block no. 6 follows, 65 sequences, length 10
# corresponding to MSA columns:
# 252-261
name=unknown_G
#
# <colnr> <probs for GDERKNQSTAVLIFYWHMCP>
#	G	D	E	R	K	N	Q	S	T	A	V	L	I	F	Y	W	H	M	C	P
0	0.06532	0.04706	0.17895	0.06205	0.06324	0.09174	0.02156	0.10806	0.08257	0.04950	0.02337	0.02493	0.02851	0.01921	0.00408	0.00122	0.00466	0.00361	0.00273	0.11762
1	0.05200	0.52300	0.03714	0.00795	0.01120	0.08606	0.02945	0.12428	0.03495	0.01304	0.04178	0.00858	0.00714	0.00406	0.00316	0.00102	0.00458	0.00283	0.00235	0.00543
2	0.00747	0.02482	0.00824	0.04493	0.15599	0.06986	0.00599	0.03366	0.00943	0.01211	0.08210	0.17895	0.24616	0.04083	0.02817	0.00159	0.00362	0.00687	0.03493	0.00429
3	0.01167	0.50732	0.14835	0.00869	0.01225	0.22878	0.00856	0.01347	0.00925	0.01029	0.00614	0.00713	0.00526	0.00376	0.00311	0.00099	0.00544	0.00244	0.00185	0.00526
4	0.00587	0.00437	0.00645	0.00645	0.00714	0.00505	0.00495	0.00724	0.00655	0.00942	0.01113	0.01685	0.01058	0.08619	0.78450	0.00642	0.01052	0.00450	0.00222	0.00359
5	0.00844	0.00476	0.00496	0.00464	0.00586	0.00496	0.00357	0.08994	0.03423	0.01616	0.01304	0.01480	0.01022	0.00595	0.03951	0.00124	0.00261	0.00386	0.72704	0.00421
6	0.00986	0.44384	0.12004	0.00786	0.01080	0.01226	0.00775	0.01195	0.03184	0.05152	0.09726	0.01096	0.00970	0.00634	0.05625	0.00147	0.09950	0.00333	0.00232	0.00515
7	0.00635	0.00506	0.00591	0.00550	0.00699	0.00459	0.00411	0.00870	0.08703	0.01329	0.23941	0.15755	0.21869	0.04483	0.00525	0.00140	0.00249	0.02677	0.00374	0.15236
8	0.04725	0.37382	0.22266	0.02773	0.03385	0.14110	0.00929	0.01378	0.05412	0.03162	0.00718	0.00809	0.00578	0.00390	0.00331	0.00109	0.00518	0.00273	0.00206	0.00548
9	0.03987	0.64603	0.11355	0.00842	0.05146	0.01445	0.00808	0.01247	0.02842	0.01070	0.00642	0.00749	0.00562	0.00441	0.02701	0.00113	0.00473	0.00249	0.00187	0.00538

[dist]
# distance from previous block
# <min> <max>
0	4

[block]
# block no. 7 follows, 65 sequences, length 37
# corresponding to MSA columns:
# 266-302
name=unknown_H
#
# <colnr> <probs for GDERKNQSTAVLIFYWHMCP>
#	G	D	E	R	K	N	Q	S	T	A	V	L	I	F	Y	W	H	M	C	P
0	0.01041	0.08488	0.17976	0.02676	0.10167	0.06037	0.01925	0.09979	0.06894	0.03502	0.00837	0.03568	0.00698	0.00521	0.00629	0.00136	0.21685	0.00365	0.00242	0.02636
1	0.10417	0.23691	0.06121	0.01026	0.04641	0.20077	0.09491	0.04058	0.02983	0.01228	0.00675	0.00817	0.00562	0.00420	0.00447	0.00116	0.09306	0.00296	0.00213	0.03417
2	0.13267	0.00725	0.00769	0.00643	0.00863	0.00766	0.00516	0.24753	0.03503	0.14012	0.03230	0.04323	0.00995	0.00514	0.00354	0.00117	0.00314	0.00401	0.29398	0.00536
3	0.00596	0.03318	0.00601	0.00524	0.00628	0.00428	0.00398	0.00785	0.01141	0.01607	0.77880	0.05154	0.03729	0.00834	0.00478	0.00129	0.00203	0.00736	0.00441	0.00391
4	0.00548	0.00399	0.00558	0.00602	0.00646	0.00422	0.00431	0.00648	0.00712	0.00983	0.01644	0.39671	0.01832	0.09308	0.39115	0.00414	0.00649	0.00783	0.00295	0.00341
5	0.00573	0.00419	0.00538	0.00509	0.00609	0.00384	0.00381	0.00760	0.01144	0.01604	0.76610	0.03136	0.10086	0.00855	0.00484	0.00130	0.00195	0.00752	0.00446	0.00384
6	0.01261	0.47900	0.02909	0.00830	0.01132	0.26027	0.00736	0.09791	0.01049	0.01171	0.00661	0.00749	0.00563	0.00392	0.00313	0.00098	0.00524	0.00255	0.03112	0.00526
7	0.00500	0.00357	0.00476	0.00572	0.00595	0.00333	0.00381	0.00572	0.00786	0.01048	0.02262	0.85306	0.02715	0.01286	0.00524	0.00167	0.00238	0.01167	0.00381	0.00333
8	0.00859	0.00707	0.00851	0.00769	0.02156	0.00747	0.04065	0.08880	0.32380	0.01609	0.19209	0.15100	0.05968	0.00728	0.00450	0.00136	0.00307	0.00637	0.00397	0.04045
9	0.01368	0.31598	0.07912	0.00939	0.07653	0.06607	0.02679	0.01550	0.01003	0.32064	0.02240	0.01034	0.00773	0.00426	0.00357	0.00112	0.00445	0.00328	0.00310	0.00603
10	0.01533	0.01956	0.01163	0.01058	0.01269	0.83926	0.00793	0.01639	0.01163	0.01005	0.00635	0.00740	0.00529	0.00423	0.00370	0.00106	0.00740	0.00264	0.00212	0.00476
11	0.00849	0.00730	0.00862	0.02942	0.01024	0.00557	0.00505	0.01034	0.00850	0.01330	0.00730	0.00858	0.00606	0.00307	0.00307	0.00063	0.00311	0.00247	0.00242	0.85648
12	0.00823	0.02123	0.83447	0.01170	0.01777	0.00953	0.01517	0.01300	0.00867	0.01300	0.00737	0.00867	0.00520	0.00390	0.00390	0.00130	0.00607	0.00303	0.00173	0.00607
13	0.00775	0.00730	0.01231	0.84587	0.02827	0.00912	0.01140	0.01049	0.00821	0.01049	0.00730	0.01094	0.00547	0.00410	0.00410	0.00137	0.00547	0.00365	0.00182	0.00456
14	0.00596	0.00401	0.00463	0.00463	0.00469	0.00406	0.00268	0.00607	0.00602	0.00807	0.01279	0.02608	0.01458	0.79550	0.08066	0.00417	0.00449	0.00585	0.00247	0.00257
15	0.01038	0.00890	0.00938	0.00839	0.01074	0.01029	0.00654	0.04647	0.79778	0.01744	0.01649	0.01515	0.01236	0.00555	0.00417	0.00139	0.00329	0.00461	0.00417	0.00651
16	0.88473	0.00794	0.00603	0.00540	0.00794	0.00921	0.00445	0.01207	0.00699	0.01842	0.00572	0.00667	0.00445	0.00381	0.00254	0.00127	0.00318	0.00222	0.00254	0.00445
17	0.00586	0.00440	0.00660	0.00660	0.00733	0.00513	0.00513	0.00733	0.00660	0.00953	0.01100	0.01613	0.01026	0.03079	0.83947	0.00660	0.01100	0.00440	0.00220	0.00367
18	0.76440	0.00804	0.00654	0.00571	0.00829	0.00917	0.00470	0.07085	0.00812	0.04481	0.00754	0.00822	0.03208	0.00415	0.00278	0.00127	0.00325	0.00260	0.00278	0.00468
19	0.88473	0.00794	0.00603	0.00540	0.00794	0.00921	0.00445	0.01207	0.00699	0.01842	0.00572	0.00667	0.00445	0.00381	0.00254	0.00127	0.00318	0.00222	0.00254	0.00445
20	0.01138	0.08488	0.21815	0.01183	0.09331	0.15473	0.11099	0.03285	0.00999	0.10586	0.02031	0.01022	0.00694	0.00409	0.00388	0.00116	0.00542	0.01540	0.00245	0.09616
21	0.00995	0.01146	0.06365	0.01603	0.01992	0.01065	0.66323	0.06583	0.01002	0.01374	0.00815	0.01072	0.00617	0.00385	0.00537	0.00140	0.06751	0.00459	0.00217	0.00558
22	0.01643	0.01018	0.01150	0.00882	0.01207	0.01077	0.00729	0.58387	0.01709	0.26156	0.01171	0.01106	0.00791	0.00497	0.00411	0.00124	0.00422	0.00382	0.00439	0.00698
23	0.13172	0.00923	0.03924	0.03114	0.01028	0.09501	0.03207	0.15796	0.02235	0.08839	0.01000	0.03402	0.00894	0.19928	0.02815	0.01522	0.07517	0.00416	0.00291	0.00477
24	0.01011	0.18559	0.06373	0.04022	0.07032	0.04980	0.36877	0.05861	0.00985	0.01279	0.00891	0.04289	0.00769	0.00442	0.00423	0.00128	0.00572	0.04741	0.00226	0.00541
25	0.00517	0.00417	0.00460	0.00450	0.00574	0.00360	0.00337	0.00651	0.01011	0.01289	0.30483	0.03654	0.56410	0.00973	0.00485	0.00135	0.00203	0.00825	0.00405	0.00360
26	0.00713	0.00357	0.00535	0.00535	0.00535	0.00357	0.00357	0.00535	0.00535	0.00713	0.00713	0.01248	0.00713	0.01426	0.01604	0.88057	0.00357	0.00357	0.00178	0.00178
27	0.02395	0.01050	0.04705	0.08041	0.27132	0.01077	0.06260	0.30014	0.08813	0.01793	0.00953	0.01128	0.00739	0.00454	0.00431	0.00129	0.01898	0.02057	0.00299	0.00632
28	0.01651	0.00969	0.01102	0.00854	0.01171	0.02722	0.00702	0.43687	0.05197	0.35677	0.01269	0.01174	0.00850	0.00500	0.00411	0.00125	0.00410	0.00389	0.00447	0.00691
29	0.00499	0.00416	0.00435	0.00431	0.00563	0.00353	0.00323	0.00616	0.00969	0.01188	0.15701	0.03821	0.71255	0.01010	0.00485	0.00137	0.00206	0.00848	0.00392	0.00353
30	0.00586	0.00440	0.00660	0.00660	0.00733	0.00513	0.00513	0.00733	0.00660	0.00953	0.01100	0.01613	0.01026	0.03079	0.83947	0.00660	0.01100	0.00440	0.00220	0.00367
31	0.07362	0.04274	0.05225	0.12556	0.08924	0.16765	0.08607	0.19472	0.01181	0.07775	0.00882	0.03577	0.00688	0.00451	0.00396	0.00124	0.00529	0.00369	0.00279	0.00565
32	0.00848	0.09594	0.76190	0.01128	0.01712	0.01013	0.01444	0.01294	0.00864	0.01270	0.00722	0.00848	0.00521	0.00387	0.00379	0.00126	0.00592	0.00296	0.00174	0.00600
33	0.01533	0.01956	0.01163	0.01058	0.01269	0.83926	0.00793	0.01639	0.01163	0.01005	0.00635	0.00740	0.00529	0.00423	0.00370	0.00106	0.00740	0.00264	0.00212	0.00476
34	0.00765	0.00383	0.00383	0.00383	0.00478	0.00383	0.00287	0.00956	0.00861	0.01530	0.01339	0.01530	0.01052	0.00478	0.00287	0.00096	0.00191	0.00383	0.87853	0.00383
35	0.00621	0.00417	0.00467	0.00460	0.00469	0.00420	0.00262	0.02642	0.00631	0.00841	0.01286	0.02643	0.01472	0.83427	0.02047	0.00391	0.00399	0.00591	0.00253	0.00260
36	0.04643	0.00977	0.01102	0.00913	0.03938	0.06184	0.06421	0.22818	0.19161	0.01739	0.01120	0.01159	0.03468	0.00488	0.01518	0.00119	0.00418	0.00371	0.00325	0.23119

[dist]
# distance from previous block
# <min> <max>
2	44

[block]
# block no. 8 follows, 65 sequences, length 32
# corresponding to MSA columns:
# 357-388
name=unknown_I
#
# <colnr> <probs for GDERKNQSTAVLIFYWHMCP>
#	G	D	E	R	K	N	Q	S	T	A	V	L	I	F	Y	W	H	M	C	P
0	0.03175	0.10984	0.09448	0.04516	0.06771	0.05089	0.03528	0.06370	0.13769	0.07200	0.07241	0.01331	0.03037	0.00495	0.00426	0.00120	0.03857	0.02100	0.00296	0.10245
1	0.26967	0.15149	0.24305	0.00934	0.04363	0.05719	0.03910	0.03825	0.00875	0.05522	0.00705	0.00812	0.00540	0.00399	0.00365	0.00121	0.03315	0.00281	0.00227	0.01665
2	0.00918	0.01093	0.12028	0.01410	0.08390	0.02229	0.40658	0.02808	0.07433	0.02428	0.07328	0.07461	0.01089	0.02224	0.00492	0.00142	0.00549	0.00516	0.00260	0.00544
3	0.05327	0.00573	0.00581	0.00515	0.00670	0.00606	0.00404	0.18812	0.01089	0.01780	0.01223	0.01367	0.00943	0.00477	0.00313	0.00103	0.00255	0.00372	0.64136	0.00455
4	0.00578	0.00430	0.00535	0.00583	0.01734	0.00409	0.00404	0.03744	0.02530	0.01206	0.13491	0.47553	0.15309	0.06289	0.00602	0.00169	0.00255	0.03433	0.00382	0.00364
5	0.01283	0.01402	0.41576	0.00946	0.01399	0.00787	0.01050	0.01637	0.04114	0.38121	0.02856	0.01175	0.00840	0.00459	0.00403	0.00129	0.00472	0.00368	0.00339	0.00645
6	0.00996	0.00970	0.01716	0.04940	0.69345	0.00967	0.10566	0.01244	0.00927	0.01315	0.00776	0.01034	0.00645	0.00388	0.00441	0.02014	0.00510	0.00379	0.00203	0.00623
7	0.02512	0.32721	0.08436	0.09539	0.10964	0.17805	0.05739	0.02492	0.04111	0.01141	0.00701	0.00843	0.00578	0.00387	0.00348	0.00110	0.00539	0.00295	0.00202	0.00538
8	0.02914	0.00500	0.00613	0.00577	0.00708	0.00473	0.00424	0.01041	0.07007	0.17728	0.18980	0.23195	0.12514	0.10637	0.00654	0.00171	0.00274	0.00748	0.00406	0.00436
9	0.00597	0.00398	0.00448	0.00448	0.00448	0.00398	0.00249	0.00597	0.00597	0.00796	0.01293	0.02686	0.01492	0.85574	0.02089	0.00398	0.00398	0.00597	0.00249	0.00249
10	0.00587	0.00436	0.00639	0.00639	0.00705	0.00502	0.00487	0.00720	0.00654	0.00938	0.01118	0.01717	0.01071	0.11088	0.76000	0.00634	0.01031	0.00455	0.00223	0.00355
11	0.00813	0.00766	0.01283	0.71575	0.13602	0.00923	0.01145	0.01104	0.02726	0.01104	0.00757	0.01094	0.00577	0.00408	0.00410	0.00135	0.00534	0.00367	0.00191	0.00487
12	0.00519	0.00375	0.00488	0.00558	0.00601	0.00349	0.00385	0.00610	0.00842	0.01123	0.11890	0.63723	0.08553	0.03833	0.00567	0.00168	0.00242	0.04451	0.00385	0.00340
13	0.00537	0.00415	0.00490	0.00484	0.00593	0.00368	0.00362	0.00684	0.01035	0.01367	0.42047	0.09379	0.36958	0.00962	0.00489	0.00137	0.00207	0.02705	0.00415	0.00366
14	0.01560	0.01150	0.01232	0.00944	0.01273	0.01273	0.00780	0.81645	0.01930	0.02587	0.00986	0.00986	0.00698	0.00493	0.00411	0.00123	0.00452	0.00370	0.00411	0.00698
15	0.88473	0.00794	0.00603	0.00540	0.00794	0.00921	0.00445	0.01207	0.00699	0.01842	0.00572	0.00667	0.00445	0.00381	0.00254	0.00127	0.00318	0.00222	0.00254	0.00445
16	0.00585	0.00414	0.00557	0.00640	0.00693	0.00404	0.00492	0.00701	0.00835	0.01099	0.02104	0.38626	0.02406	0.11527	0.00735	0.00205	0.00321	0.36949	0.00363	0.00343
17	0.00903	0.00912	0.01334	0.01121	0.01148	0.01243	0.06228	0.01009	0.00651	0.01009	0.00558	0.00912	0.00544	0.00694	0.01290	0.00177	0.79261	0.00368	0.00181	0.00456
18	0.01798	0.00769	0.00996	0.00764	0.01083	0.00708	0.00631	0.14506	0.01293	0.70625	0.01520	0.01333	0.00966	0.00506	0.00412	0.00126	0.00365	0.00406	0.00493	0.00699
19	0.01560	0.01150	0.01232	0.00944	0.01273	0.01273	0.00780	0.81645	0.01930	0.02587	0.00986	0.00986	0.00698	0.00493	0.00411	0.00123	0.00452	0.00370	0.00411	0.00698
20	0.00490	0.00416	0.00423	0.00421	0.00557	0.00349	0.00316	0.00598	0.00947	0.01136	0.08121	0.03906	0.78867	0.01029	0.00485	0.00138	0.00207	0.00860	0.00385	0.00349
21	0.32177	0.00894	0.00918	0.00734	0.01030	0.02769	0.00604	0.25379	0.01232	0.28875	0.01041	0.01004	0.00710	0.00457	0.00355	0.00125	0.00377	0.00330	0.00383	0.00604
22	0.00930	0.00765	0.00833	0.00753	0.00955	0.00857	0.00583	0.01831	0.60765	0.03528	0.19074	0.01926	0.04159	0.00630	0.00434	0.00137	0.00294	0.00534	0.00426	0.00586
23	0.00898	0.00898	0.01257	0.01078	0.01078	0.01257	0.00898	0.00988	0.00629	0.00988	0.00539	0.00898	0.00539	0.00718	0.01347	0.00180	0.84823	0.00359	0.00180	0.00449
24	0.00504	0.00360	0.00479	0.00569	0.00596	0.00336	0.00381	0.00580	0.00802	0.01073	0.05649	0.81848	0.02764	0.01267	0.00522	0.00165	0.00236	0.01149	0.00384	0.00336
25	0.01475	0.01058	0.01139	0.00889	0.01194	0.01165	0.00729	0.66342	0.08510	0.05839	0.01093	0.01084	0.00781	0.00498	0.00403	0.00123	0.00420	0.00380	0.06207	0.00673
26	0.01330	0.01620	0.01082	0.03071	0.03947	0.64088	0.00761	0.01447	0.01063	0.01010	0.00768	0.01058	0.00686	0.04305	0.09273	0.00181	0.00739	0.02896	0.00218	0.00457
27	0.02207	0.29403	0.51365	0.00992	0.01495	0.01176	0.01193	0.03905	0.00894	0.02880	0.00706	0.00810	0.00537	0.00383	0.00348	0.00116	0.00538	0.00279	0.00190	0.00583
28	0.00664	0.00547	0.00779	0.00735	0.00781	0.00680	0.00574	0.00778	0.00644	0.00942	0.00987	0.01574	0.00966	0.12985	0.53344	0.00509	0.21486	0.00440	0.00214	0.00372
29	0.00512	0.00365	0.00485	0.00570	0.00598	0.00344	0.00385	0.00589	0.00794	0.01063	0.05273	0.75734	0.02675	0.04583	0.01972	0.00183	0.00260	0.02904	0.00376	0.00334
30	0.01389	0.27593	0.02816	0.00946	0.01212	0.53917	0.00777	0.04858	0.01090	0.01064	0.00631	0.00728	0.00535	0.00403	0.00339	0.00101	0.00634	0.00256	0.00208	0.00503
31	0.00935	0.00764	0.00868	0.00805	0.04152	0.00805	0.00598	0.11809	0.34826	0.01617	0.06740	0.12143	0.04106	0.02544	0.00462	0.00136	0.00325	0.03226	0.00375	0.12764

[dist]
# distance from previous block
# <min> <max>
1	4

[block]
# block no. 9 follows, 65 sequences, length 47
# corresponding to MSA columns:
# 393-439
name=unknown_J
#
# <colnr> <probs for GDERKNQSTAVLIFYWHMCP>
#	G	D	E	R	K	N	Q	S	T	A	V	L	I	F	Y	W	H	M	C	P
0	0.60926	0.00894	0.06360	0.00903	0.12520	0.00898	0.02218	0.01229	0.00777	0.04367	0.00737	0.00977	0.00605	0.00424	0.00311	0.00130	0.00373	0.04602	0.00256	0.00491
1	0.01003	0.08351	0.32537	0.02320	0.25456	0.07210	0.02101	0.01395	0.08293	0.04061	0.02902	0.01022	0.00728	0.00412	0.00390	0.00123	0.00524	0.00344	0.00226	0.00602
2	0.00651	0.00387	0.00536	0.00536	0.00552	0.00403	0.00358	0.00596	0.00581	0.00790	0.00970	0.01757	0.01014	0.26903	0.19679	0.42861	0.00531	0.00446	0.00208	0.00240
3	0.33315	0.01181	0.25476	0.05836	0.05275	0.02618	0.00879	0.04782	0.00827	0.01485	0.00743	0.00933	0.00588	0.00814	0.13443	0.00211	0.00563	0.00304	0.00224	0.00504
4	0.00851	0.00730	0.00851	0.00608	0.00973	0.00547	0.00486	0.01034	0.00851	0.01338	0.00730	0.00851	0.00608	0.00304	0.00304	0.00061	0.00304	0.00243	0.00243	0.88083
5	0.01454	0.12552	0.01280	0.00994	0.01227	0.65477	0.00773	0.07072	0.01160	0.01107	0.00663	0.00770	0.00554	0.00491	0.02627	0.00120	0.00692	0.00271	0.00221	0.00495
6	0.00550	0.00395	0.00512	0.00587	0.00626	0.00377	0.00399	0.04235	0.00847	0.01132	0.04227	0.79436	0.02653	0.01239	0.00518	0.00164	0.00247	0.01120	0.00384	0.00351
7	0.00988	0.22467	0.16040	0.01543	0.31534	0.01117	0.07593	0.03329	0.04599	0.01288	0.03150	0.03018	0.00765	0.00412	0.00380	0.00118	0.00490	0.00362	0.00218	0.00590
8	0.03041	0.00617	0.03361	0.00823	0.00993	0.00549	0.19564	0.00854	0.00923	0.01297	0.17831	0.30919	0.09733	0.00845	0.00475	0.00143	0.00343	0.00788	0.06488	0.00412
9	0.00597	0.00398	0.00448	0.00448	0.00448	0.00398	0.00249	0.00597	0.00597	0.00796	0.01293	0.02686	0.01492	0.85574	0.02089	0.00398	0.00398	0.00597	0.00249	0.00249
10	0.00678	0.00565	0.04448	0.00803	0.00930	0.00511	0.03059	0.00884	0.00942	0.01234	0.02069	0.04358	0.02229	0.01077	0.00557	0.00185	0.00397	0.74317	0.00364	0.00393
11	0.01061	0.03905	0.19798	0.03330	0.02619	0.03888	0.05452	0.08397	0.03654	0.17258	0.02964	0.04755	0.09725	0.08398	0.00577	0.00156	0.00445	0.02760	0.00319	0.00538
12	0.00808	0.00763	0.01290	0.73570	0.13592	0.00920	0.01156	0.01077	0.00836	0.01088	0.00735	0.01084	0.00561	0.00404	0.00410	0.00135	0.00539	0.00365	0.00185	0.00482
13	0.00578	0.00419	0.00545	0.00513	0.00612	0.00386	0.00385	0.00769	0.01155	0.01630	0.80510	0.03092	0.06170	0.00845	0.00484	0.00129	0.00194	0.00746	0.00450	0.00386
14	0.88473	0.00794	0.00603	0.00540	0.00794	0.00921	0.00445	0.01207	0.00699	0.01842	0.00572	0.00667	0.00445	0.00381	0.00254	0.00127	0.00318	0.00222	0.00254	0.00445
15	0.01243	0.14624	0.01306	0.02123	0.07037	0.36340	0.02841	0.10400	0.04770	0.01247	0.00860	0.02281	0.00749	0.00708	0.08074	0.00164	0.00630	0.03841	0.00247	0.00514
16	0.00643	0.00471	0.00580	0.00554	0.00558	0.00528	0.00361	0.00660	0.00604	0.00831	0.01157	0.02323	0.01305	0.65974	0.06983	0.02814	0.12591	0.00546	0.00235	0.00283
17	0.02835	0.01053	0.00957	0.06549	0.01180	0.21753	0.00621	0.01278	0.07072	0.01272	0.00773	0.00887	0.00629	0.00362	0.00336	0.00085	0.00433	0.00273	0.00244	0.51406
18	0.01016	0.60989	0.26270	0.00841	0.01268	0.01425	0.00944	0.01250	0.00844	0.01065	0.00620	0.00720	0.00525	0.00363	0.00301	0.00100	0.00489	0.00244	0.00175	0.00550
19	0.00775	0.00730	0.01231	0.84587	0.02827	0.00912	0.01140	0.01049	0.00821	0.01049	0.00730	0.01094	0.00547	0.00410	0.00410	0.00137	0.00547	0.00365	0.00182	0.00456
20	0.00529	0.00391	0.00489	0.00520	0.00589	0.00357	0.00366	0.00645	0.00936	0.01255	0.30223	0.39174	0.17802	0.04089	0.00559	0.00157	0.00223	0.00946	0.00401	0.00351
21	0.01445	0.01134	0.13604	0.00956	0.01320	0.00986	0.06153	0.33142	0.08782	0.26407	0.01190	0.01149	0.00812	0.00478	0.00414	0.00128	0.00449	0.00389	0.00391	0.00671
22	0.01534	0.01928	0.01166	0.01053	0.01269	0.80982	0.00793	0.04488	0.01191	0.01061	0.00647	0.00749	0.00535	0.00425	0.00372	0.00106	0.00730	0.00268	0.00219	0.00484
23	0.00509	0.00408	0.00459	0.00490	0.00595	0.00357	0.00365	0.00617	0.00909	0.01126	0.06429	0.23422	0.52912	0.01100	0.00502	0.00150	0.00231	0.08685	0.00383	0.00348
24	0.00602	0.00459	0.00673	0.00665	0.00729	0.00541	0.00513	0.00736	0.00654	0.00943	0.01086	0.01654	0.01036	0.08797	0.74216	0.00618	0.05049	0.00447	0.00220	0.00362
25	0.00581	0.00393	0.00458	0.00477	0.00483	0.00388	0.00282	0.00598	0.00638	0.00850	0.01485	0.17299	0.01728	0.68751	0.01778	0.00352	0.00369	0.02547	0.00275	0.00267
26	0.01523	0.04002	0.01187	0.01049	0.01264	0.81918	0.00791	0.01629	0.01155	0.01004	0.00633	0.00738	0.00529	0.00421	0.00368	0.00105	0.00733	0.00263	0.00211	0.00477
27	0.00588	0.00435	0.00637	0.00637	0.00702	0.00501	0.00485	0.00718	0.00653	0.00936	0.01120	0.01728	0.01076	0.11944	0.75150	0.00632	0.01024	0.00457	0.00223	0.00354
28	0.03765	0.00651	0.00840	0.00667	0.00942	0.00574	0.00544	0.03625	0.01140	0.61369	0.05886	0.01882	0.15040	0.00611	0.00424	0.00129	0.00320	0.00500	0.00475	0.00617
29	0.00526	0.00385	0.00495	0.00540	0.00600	0.00353	0.00379	0.00640	0.00920	0.01241	0.27147	0.49834	0.11997	0.01119	0.00508	0.00152	0.00223	0.02185	0.00403	0.00352
30	0.00565	0.00419	0.00526	0.00499	0.00603	0.00380	0.00374	0.00743	0.01123	0.01554	0.69304	0.03218	0.17423	0.00874	0.00484	0.00131	0.00196	0.00764	0.00440	0.00380
31	0.02923	0.00807	0.00958	0.00772	0.01034	0.00816	0.00622	0.32890	0.01407	0.32332	0.07860	0.13090	0.01345	0.00635	0.00430	0.00131	0.00361	0.00524	0.00443	0.00618
32	0.00968	0.01026	0.05274	0.11945	0.51388	0.00981	0.19836	0.01249	0.00926	0.01299	0.00779	0.01040	0.00626	0.00367	0.00424	0.00128	0.00547	0.00390	0.00200	0.00603
33	0.01720	0.00863	0.01051	0.00809	0.01128	0.00851	0.00667	0.30118	0.03642	0.52594	0.01397	0.01256	0.00910	0.00504	0.00412	0.00126	0.00385	0.00399	0.00471	0.00697
34	0.00502	0.00379	0.00464	0.00522	0.00585	0.00341	0.00362	0.00592	0.00859	0.01112	0.09079	0.55357	0.25999	0.01180	0.00510	0.00156	0.00226	0.01047	0.00387	0.00341
35	0.03272	0.00468	0.00600	0.00597	0.02921	0.00451	0.00421	0.04388	0.00925	0.04827	0.27245	0.09100	0.14961	0.01050	0.01988	0.25178	0.00289	0.00626	0.00341	0.00353
36	0.01001	0.00960	0.01640	0.07493	0.78154	0.00971	0.01253	0.01247	0.00928	0.01323	0.00770	0.01021	0.00644	0.00368	0.00407	0.00123	0.00491	0.00366	0.00202	0.00638
37	0.00496	0.00380	0.00454	0.00512	0.00580	0.00339	0.00355	0.00581	0.00848	0.01080	0.04157	0.53150	0.33224	0.01186	0.00509	0.00155	0.00226	0.01046	0.00382	0.00339
38	0.02452	0.06162	0.05826	0.08519	0.08797	0.15256	0.21583	0.15052	0.01121	0.04700	0.00832	0.01031	0.00649	0.02656	0.02475	0.00144	0.01562	0.00375	0.00250	0.00557
39	0.05586	0.10945	0.18899	0.01016	0.08239	0.06637	0.06135	0.01234	0.03209	0.01296	0.00733	0.00866	0.00588	0.00361	0.00357	0.00099	0.01515	0.00288	0.00217	0.31781
40	0.00668	0.02667	0.00682	0.00631	0.00714	0.00555	0.00481	0.03629	0.00765	0.02948	0.03591	0.07949	0.07962	0.15659	0.41796	0.00440	0.04521	0.03698	0.00272	0.00372
41	0.11848	0.00557	0.00599	0.00614	0.00713	0.04482	0.00454	0.02341	0.00857	0.01240	0.07875	0.42825	0.09425	0.01042	0.02642	0.00164	0.03878	0.04991	0.00345	0.03107
42	0.02624	0.09179	0.03898	0.01049	0.15495	0.08357	0.00728	0.11358	0.01072	0.03657	0.12543	0.08561	0.01263	0.00531	0.00401	0.00112	0.01480	0.00440	0.00294	0.16960
43	0.00790	0.06831	0.09017	0.05332	0.01019	0.08763	0.00679	0.03268	0.00885	0.01143	0.07699	0.23716	0.11643	0.03236	0.00636	0.00151	0.13829	0.00647	0.00289	0.00427
44	0.00733	0.08788	0.08010	0.04650	0.05924	0.00647	0.00620	0.00923	0.03754	0.04446	0.04572	0.28344	0.14265	0.03352	0.02936	0.00159	0.01447	0.00698	0.00313	0.05419
45	0.06701	0.14844	0.27639	0.01211	0.12773	0.12014	0.04091	0.09664	0.04883	0.01402	0.00765	0.00878	0.00593	0.00401	0.00368	0.00119	0.00537	0.00310	0.00225	0.00582
46	0.00594	0.00418	0.00496	0.00512	0.00542	0.00421	0.00325	0.01704	0.03224	0.00936	0.01648	0.22260	0.05508	0.50722	0.08621	0.00342	0.00410	0.00725	0.00291	0.00302

[dist]
# distance from previous block
# <min> <max>
21	68

[block]
# block no. 10 follows, 65 sequences, length 9
# corresponding to MSA columns:
# 511-519
name=unknown_K
#
# <colnr> <probs for GDERKNQSTAVLIFYWHMCP>
#	G	D	E	R	K	N	Q	S	T	A	V	L	I	F	Y	W	H	M	C	P
0	0.00912	0.03990	0.02469	0.06179	0.14763	0.02914	0.08954	0.06520	0.10505	0.02687	0.06606	0.10207	0.03230	0.02640	0.02789	0.00149	0.01777	0.02470	0.02466	0.07772
1	0.04941	0.00407	0.00465	0.00505	0.00591	0.00373	0.00358	0.00627	0.00871	0.01161	0.09576	0.42565	0.33887	0.01107	0.00492	0.00151	0.00227	0.00967	0.00381	0.00349
2	0.00596	0.00401	0.00465	0.00465	0.00471	0.00407	0.00271	0.00608	0.00602	0.00809	0.01277	0.02598	0.01454	0.78774	0.08837	0.00420	0.00456	0.00584	0.00246	0.00258
3	0.01291	0.17591	0.05533	0.01085	0.03405	0.47953	0.09031	0.01450	0.01041	0.01072	0.03305	0.00857	0.00649	0.00423	0.00404	0.00111	0.03788	0.00302	0.00209	0.00500
4	0.01078	0.01632	0.47805	0.01042	0.01513	0.01011	0.01167	0.18878	0.13523	0.06873	0.00989	0.01028	0.00702	0.00445	0.00400	0.00130	0.00514	0.00349	0.00283	0.00639
5	0.01250	0.16348	0.05560	0.03423	0.04531	0.11418	0.03829	0.16599	0.12064	0.09807	0.00939	0.01005	0.00717	0.00477	0.00490	0.00125	0.10194	0.00346	0.00294	0.00586
6	0.00812	0.00656	0.00764	0.03529	0.00916	0.04898	0.02881	0.09697	0.13019	0.03387	0.05744	0.41811	0.04335	0.00936	0.00480	0.00151	0.00330	0.04828	0.00376	0.00451
7	0.00514	0.00380	0.00481	0.00544	0.00600	0.00348	0.00380	0.00611	0.00865	0.01139	0.12356	0.57127	0.17583	0.01180	0.00514	0.00158	0.00233	0.04253	0.00390	0.00344
8	0.00586	0.00400	0.00444	0.00444	0.00459	0.00393	0.00255	0.00596	0.00631	0.00828	0.01585	0.02815	0.09773	0.76970	0.01926	0.00372	0.00379	0.00624	0.00262	0.00259

[dist]
# distance from previous block
# <min> <max>
1	7

[block]
# block no. 11 follows, 65 sequences, length 49
# corresponding to MSA columns:
# 527-575
name=unknown_L
#
# <colnr> <probs for GDERKNQSTAVLIFYWHMCP>
#	G	D	E	R	K	N	Q	S	T	A	V	L	I	F	Y	W	H	M	C	P
0	0.04986	0.05066	0.00951	0.00731	0.00989	0.00839	0.00591	0.30315	0.02288	0.05203	0.01395	0.15000	0.06092	0.00641	0.00406	0.00121	0.00355	0.04976	0.00353	0.18701
1	0.02128	0.06858	0.10381	0.03324	0.10782	0.09001	0.05263	0.13025	0.15821	0.01498	0.05329	0.07804	0.02050	0.00605	0.02496	0.00142	0.02184	0.00452	0.00297	0.00561
2	0.00515	0.00371	0.00491	0.00572	0.00609	0.00346	0.00395	0.00605	0.00832	0.01111	0.09303	0.71293	0.05274	0.01231	0.00522	0.00164	0.00241	0.05398	0.00387	0.00341
3	0.01009	0.00968	0.01653	0.05021	0.80569	0.00973	0.01256	0.01253	0.00931	0.01332	0.00771	0.01018	0.00647	0.00367	0.00407	0.00122	0.00489	0.00366	0.00203	0.00644
4	0.01164	0.53788	0.09102	0.00877	0.01221	0.17489	0.04753	0.04079	0.00942	0.01076	0.00624	0.00730	0.00537	0.00379	0.00328	0.00100	0.01833	0.00256	0.00192	0.00530
5	0.00915	0.24130	0.56545	0.01073	0.01596	0.02526	0.05333	0.01288	0.00868	0.01208	0.00696	0.00822	0.00527	0.00378	0.00361	0.00119	0.00569	0.00290	0.00176	0.00581
6	0.00594	0.00399	0.00449	0.00448	0.00454	0.00396	0.00254	0.00601	0.00619	0.00823	0.03181	0.02729	0.03753	0.81399	0.02010	0.00385	0.00388	0.00607	0.00257	0.00254
7	0.00809	0.00764	0.01292	0.73068	0.14082	0.00921	0.01157	0.01078	0.00837	0.01090	0.00736	0.01083	0.00562	0.00404	0.00410	0.00135	0.00539	0.00365	0.00185	0.00483
