[name]
unknown

[dist]
# distance from previous block
# <min> <max>
0	21

[block]
# block no. 0 follows, 72 sequences, length 40
# corresponding to MSA columns:
# 21-60
name=unknown_A
#
# <colnr> <probs for GDERKNQSTAVLIFYWHMCP>
#	G	D	E	R	K	N	Q	S	T	A	V	L	I	F	Y	W	H	M	C	P
0	0.00691	0.00452	0.00610	0.00655	0.00761	0.00441	0.00553	0.00877	0.03233	0.08440	0.07739	0.09707	0.06394	0.00969	0.00495	0.00161	0.00316	0.56760	0.00366	0.00378
1	0.00866	0.00836	0.01418	0.23332	0.50533	0.00896	0.05710	0.01117	0.03162	0.01157	0.00768	0.01012	0.01917	0.00381	0.00431	0.00121	0.05265	0.00353	0.00190	0.00535
2	0.00861	0.00716	0.00801	0.00589	0.00908	0.03754	0.00469	0.03222	0.00842	0.05092	0.02231	0.02221	0.00664	0.00322	0.00297	0.00065	0.00299	0.00258	0.00245	0.76145
3	0.00552	0.00368	0.00414	0.00414	0.00414	0.00368	0.00230	0.00552	0.00552	0.00735	0.01195	0.02482	0.01379	0.86672	0.01930	0.00368	0.00368	0.00552	0.00230	0.00230
4	0.00791	0.10766	0.02211	0.02839	0.00869	0.10119	0.03847	0.02972	0.04202	0.04696	0.14388	0.10703	0.22176	0.00665	0.00393	0.00114	0.00328	0.00558	0.00305	0.07060
5	0.01080	0.00831	0.00896	0.00776	0.01009	0.00938	0.00612	0.12618	0.65181	0.09449	0.01456	0.01337	0.01070	0.00503	0.00385	0.00126	0.00318	0.00413	0.00393	0.00610
6	0.73825	0.00848	0.00682	0.00595	0.00826	0.08104	0.02494	0.04224	0.00729	0.01627	0.00552	0.00649	0.00433	0.00367	0.00283	0.00117	0.02763	0.00223	0.00234	0.00425
7	0.00830	0.00830	0.01162	0.00996	0.00996	0.01162	0.00830	0.00913	0.00581	0.00913	0.00498	0.00830	0.00498	0.00664	0.01245	0.00166	0.85977	0.00332	0.00166	0.00415
8	0.00839	0.07100	0.67058	0.01079	0.01593	0.00928	0.08262	0.04325	0.00852	0.03502	0.00709	0.00825	0.00508	0.00361	0.00362	0.00118	0.00546	0.00295	0.00180	0.00557
9	0.00913	0.53050	0.34953	0.00821	0.01240	0.01254	0.00949	0.01162	0.00783	0.01015	0.00588	0.00685	0.00484	0.00339	0.00290	0.00097	0.00467	0.00234	0.00161	0.00516
10	0.00491	0.00380	0.00558	0.00592	0.00645	0.00353	0.05925	0.00575	0.00746	0.00988	0.02103	0.75853	0.07116	0.01116	0.00480	0.00151	0.00247	0.01019	0.00341	0.00322
11	0.00492	0.00382	0.00447	0.00439	0.00541	0.00337	0.00326	0.00626	0.00956	0.01259	0.42298	0.08847	0.39915	0.00887	0.00450	0.00126	0.00188	0.00764	0.00384	0.00337
12	0.00776	0.00750	0.01047	0.00926	0.00934	0.01021	0.00764	0.00863	0.00616	0.00934	0.00770	0.10223	0.00827	0.00746	0.01115	0.00165	0.71017	0.05910	0.00198	0.00399
13	0.01023	0.84971	0.01967	0.00656	0.00978	0.03397	0.00651	0.01144	0.00777	0.00893	0.00529	0.00610	0.00487	0.00326	0.00246	0.00081	0.00412	0.00204	0.00163	0.00486
14	0.00518	0.00387	0.00465	0.00450	0.00552	0.00345	0.00336	0.00661	0.00981	0.02466	0.50304	0.07665	0.31769	0.00859	0.00449	0.00124	0.00188	0.00743	0.00392	0.00346
15	0.02386	0.00837	0.05403	0.02112	0.21533	0.00777	0.04430	0.15846	0.03493	0.25862	0.08030	0.01227	0.00981	0.00445	0.00379	0.00115	0.00379	0.00384	0.04802	0.00578
16	0.00542	0.00406	0.00610	0.00610	0.00677	0.00474	0.00474	0.00677	0.00610	0.00880	0.01016	0.01490	0.00948	0.02844	0.85169	0.00610	0.01016	0.00406	0.00203	0.00339
17	0.01029	0.83649	0.01952	0.00661	0.00981	0.04696	0.00652	0.01150	0.00782	0.00894	0.00530	0.00611	0.00487	0.00327	0.00247	0.00082	0.00416	0.00204	0.00163	0.00485
18	0.00550	0.00373	0.00438	0.00438	0.00447	0.00381	0.00261	0.00567	0.00559	0.00754	0.01172	0.02357	0.01325	0.76118	0.12410	0.00398	0.00449	0.00533	0.00226	0.00244
19	0.00542	0.00406	0.00610	0.00610	0.00677	0.00474	0.00474	0.00677	0.00610	0.00880	0.01016	0.01490	0.00948	0.02844	0.85169	0.00610	0.01016	0.00406	0.00203	0.00339
20	0.83414	0.00756	0.00597	0.00524	0.00763	0.00873	0.00432	0.06648	0.00722	0.01748	0.00554	0.00636	0.00427	0.00359	0.00244	0.00117	0.00302	0.00215	0.00244	0.00427
21	0.00815	0.00771	0.01289	0.48844	0.35518	0.00870	0.01081	0.01088	0.03966	0.01102	0.00723	0.00997	0.00569	0.00368	0.00378	0.00121	0.00476	0.00341	0.00185	0.00501
22	0.00830	0.00859	0.01459	0.17299	0.01596	0.02343	0.26485	0.01044	0.02846	0.01030	0.00667	0.00987	0.00568	0.02686	0.01796	0.00155	0.36345	0.00376	0.00183	0.00446
23	0.00497	0.00368	0.00467	0.00498	0.00568	0.00338	0.00364	0.00616	0.00882	0.01181	0.30334	0.35900	0.17867	0.00994	0.00468	0.00139	0.00212	0.07602	0.00374	0.00331
24	0.01648	0.00641	0.00868	0.00669	0.00954	0.00559	0.00551	0.03079	0.01096	0.79724	0.05018	0.01351	0.01047	0.00482	0.00384	0.00117	0.00318	0.00394	0.00466	0.00633
25	0.00961	0.00823	0.00867	0.00775	0.00993	0.00951	0.00604	0.04824	0.80783	0.01614	0.01522	0.01397	0.01140	0.00512	0.00386	0.00128	0.00304	0.00426	0.00386	0.00602
26	0.00819	0.00392	0.00429	0.00401	0.00515	0.00379	0.00307	0.00992	0.00850	0.11687	0.06743	0.01492	0.01140	0.00467	0.00292	0.00094	0.00195	0.00379	0.72038	0.00390
27	0.01442	0.01062	0.01138	0.00873	0.01176	0.01176	0.00721	0.83041	0.01783	0.02390	0.00911	0.00911	0.00645	0.00455	0.00379	0.00114	0.00417	0.00341	0.00379	0.00645
28	0.01487	0.00990	0.01093	0.00838	0.01140	0.01068	0.00692	0.68869	0.01661	0.16735	0.01013	0.00977	0.00696	0.00458	0.00380	0.00114	0.00401	0.00348	0.00395	0.00645
29	0.01014	0.86900	0.01987	0.00649	0.00973	0.01501	0.00649	0.01136	0.00771	0.00892	0.00527	0.00608	0.00487	0.00324	0.00243	0.00081	0.00406	0.00203	0.00162	0.00487
30	0.00877	0.00981	0.01979	0.01449	0.01773	0.03362	0.67589	0.01173	0.02621	0.01177	0.00851	0.06876	0.00713	0.00409	0.00500	0.00131	0.06368	0.00477	0.00205	0.00491
31	0.00845	0.00821	0.01114	0.00960	0.01005	0.01103	0.02120	0.01103	0.14811	0.01038	0.00718	0.01017	0.00653	0.00642	0.01067	0.00159	0.67830	0.02338	0.00209	0.00447
32	0.00469	0.00383	0.00414	0.00409	0.00526	0.00328	0.00306	0.00583	0.00908	0.01135	0.21948	0.05806	0.63618	0.00925	0.00449	0.00127	0.00190	0.00782	0.00367	0.00328
33	0.00939	0.00901	0.01539	0.02328	0.84306	0.00901	0.01164	0.01164	0.00864	0.01239	0.00713	0.00939	0.00601	0.00338	0.00375	0.00113	0.00451	0.00338	0.00188	0.00601
34	0.00525	0.00387	0.00491	0.00465	0.00560	0.00353	0.00349	0.00693	0.01046	0.01456	0.73655	0.02939	0.14069	0.00799	0.00447	0.00120	0.00181	0.00701	0.00409	0.00353
35	0.00552	0.00368	0.00414	0.00414	0.00414	0.00368	0.00230	0.00552	0.00552	0.00735	0.01195	0.02482	0.01379	0.86672	0.01930	0.00368	0.00368	0.00552	0.00230	0.00230
36	0.00931	0.50166	0.04556	0.11450	0.16187	0.01215	0.00803	0.01143	0.04502	0.01034	0.04331	0.00859	0.00676	0.00363	0.00303	0.00098	0.00417	0.00278	0.00189	0.00501
37	0.00530	0.00404	0.00576	0.02528	0.09826	0.00390	0.00454	0.00618	0.00738	0.00997	0.01855	0.68866	0.02177	0.04814	0.00531	0.00158	0.00259	0.02267	0.01670	0.00341
38	0.01024	0.63033	0.03377	0.00693	0.00980	0.12037	0.00652	0.03143	0.00861	0.00999	0.08359	0.00840	0.00780	0.00383	0.00294	0.00089	0.01528	0.00260	0.00196	0.00473
39	0.01131	0.02755	0.06489	0.06570	0.22085	0.05387	0.00815	0.14333	0.04442	0.17022	0.02571	0.02073	0.00749	0.00407	0.00363	0.00108	0.00408	0.00341	0.00287	0.11664

[dist]
# distance from previous block
# <min> <max>
0	77

[block]
# block no. 1 follows, 72 sequences, length 27
# corresponding to MSA columns:
# 138-164
name=unknown_B
#
# <colnr> <probs for GDERKNQSTAVLIFYWHMCP>
#	G	D	E	R	K	N	Q	S	T	A	V	L	I	F	Y	W	H	M	C	P
0	0.09488	0.03956	0.03187	0.00907	0.01171	0.29931	0.06593	0.26418	0.09082	0.04474	0.00817	0.00863	0.00615	0.00414	0.00354	0.00110	0.00502	0.00307	0.00281	0.00532
1	0.00969	0.03766	0.38266	0.02819	0.03091	0.07869	0.01931	0.13102	0.14757	0.03708	0.02284	0.01022	0.00719	0.03533	0.00423	0.00127	0.00480	0.00332	0.00249	0.00552
2	0.00659	0.00329	0.00494	0.00494	0.00494	0.00329	0.00329	0.00494	0.00494	0.00659	0.00659	0.01153	0.00659	0.01318	0.01482	0.88966	0.00329	0.00329	0.00165	0.00165
3	0.00676	0.06585	0.21603	0.00782	0.01054	0.02250	0.11268	0.00931	0.03136	0.01202	0.19497	0.03421	0.23709	0.00625	0.00420	0.00121	0.01464	0.00541	0.00281	0.00434
4	0.00465	0.00334	0.00439	0.00520	0.00546	0.00311	0.00348	0.00533	0.00734	0.00977	0.03923	0.80163	0.05133	0.02975	0.00513	0.00157	0.00221	0.01050	0.00351	0.00308
5	0.01416	0.01436	0.01099	0.00923	0.01169	0.44025	0.00724	0.39393	0.03483	0.01624	0.00761	0.00808	0.00578	0.00424	0.00360	0.00106	0.00550	0.00294	0.00286	0.00539
6	0.00985	0.77298	0.11338	0.00698	0.01049	0.01431	0.00734	0.01143	0.00774	0.00927	0.00545	0.00630	0.00486	0.00329	0.00257	0.00086	0.00423	0.00212	0.00162	0.00495
7	0.01370	0.01012	0.01089	0.00850	0.01134	0.01119	0.00696	0.75918	0.04026	0.02284	0.00998	0.05942	0.00769	0.00500	0.00386	0.00117	0.00402	0.00387	0.00378	0.00624
8	0.00643	0.00335	0.00482	0.00482	0.00482	0.00335	0.00315	0.00502	0.00502	0.00670	0.00737	0.01346	0.00764	0.13750	0.01547	0.76061	0.00335	0.00362	0.00174	0.00174
9	0.00901	0.00862	0.01471	0.16584	0.70346	0.00891	0.01145	0.01131	0.00846	0.01193	0.00707	0.00951	0.00584	0.00345	0.00376	0.00115	0.00460	0.00338	0.00184	0.00570
10	0.07582	0.00651	0.00858	0.00663	0.00952	0.00577	0.00548	0.01799	0.01056	0.79009	0.01431	0.01246	0.00903	0.00462	0.00372	0.00117	0.00321	0.00370	0.00454	0.00630
11	0.00830	0.00830	0.01162	0.00996	0.00996	0.01162	0.00830	0.00913	0.00581	0.00913	0.00498	0.00830	0.00498	0.00664	0.01245	0.00166	0.85977	0.00332	0.00166	0.00415
12	0.01009	0.79675	0.04315	0.00680	0.00998	0.03230	0.00679	0.01138	0.00771	0.00903	0.00532	0.00623	0.00487	0.00339	0.00284	0.00086	0.03395	0.00210	0.00163	0.00485
13	0.01478	0.01004	0.01102	0.00845	0.01147	0.01090	0.00698	0.71712	0.01686	0.13856	0.00992	0.00964	0.00686	0.00457	0.00380	0.00114	0.00404	0.00347	0.00392	0.00645
14	0.01330	0.01021	0.01037	0.00832	0.01095	0.08218	0.00672	0.58758	0.07276	0.06305	0.02391	0.07405	0.00870	0.00515	0.00386	0.00117	0.00408	0.00402	0.00367	0.00594
15	0.00481	0.00385	0.00429	0.00418	0.00532	0.00334	0.00314	0.00607	0.00941	0.01206	0.33173	0.03351	0.54708	0.00893	0.00448	0.00125	0.00187	0.00759	0.00376	0.00334
16	0.01744	0.00414	0.00525	0.00498	0.00597	0.00391	0.00375	0.00787	0.04552	0.03306	0.69177	0.07213	0.05883	0.00785	0.00444	0.00123	0.00195	0.02212	0.00408	0.00371
17	0.04989	0.00900	0.01279	0.10529	0.39915	0.00951	0.00936	0.26484	0.01144	0.07976	0.00822	0.00951	0.00622	0.00389	0.00371	0.00115	0.00429	0.00336	0.00269	0.00590
18	0.00486	0.00361	0.00454	0.00483	0.00549	0.00328	0.00342	0.00598	0.00875	0.01176	0.31646	0.41410	0.17900	0.00999	0.00464	0.00137	0.00200	0.00887	0.00375	0.00328
19	0.01082	0.42880	0.03084	0.00684	0.00961	0.02202	0.00621	0.18108	0.03537	0.08275	0.05496	0.05833	0.02013	0.00457	0.00319	0.00100	0.00371	0.00345	0.03116	0.00513
20	0.00639	0.00337	0.00485	0.00485	0.00487	0.00339	0.00318	0.00508	0.00506	0.00677	0.00750	0.01365	0.00777	0.14375	0.03859	0.73019	0.00354	0.00365	0.00176	0.00179
21	0.01558	0.00629	0.00831	0.00650	0.00919	0.00561	0.00533	0.03593	0.03683	0.70936	0.03493	0.01335	0.01007	0.00476	0.00373	0.00115	0.00308	0.00387	0.08002	0.00612
22	0.04042	0.00946	0.01082	0.00906	0.03693	0.06462	0.00722	0.33172	0.01190	0.17043	0.00860	0.00933	0.00638	0.00502	0.00614	0.00127	0.24432	0.00334	0.00311	0.01990
23	0.00786	0.00674	0.00786	0.00562	0.00899	0.00506	0.00449	0.00955	0.00786	0.01236	0.00674	0.00786	0.00562	0.00281	0.00281	0.00056	0.00281	0.00225	0.00225	0.88990
24	0.02537	0.01899	0.79644	0.01091	0.01637	0.00883	0.04723	0.01200	0.00801	0.01212	0.00681	0.00806	0.00483	0.00358	0.00361	0.00120	0.00558	0.00286	0.00163	0.00555
25	0.00548	0.00381	0.00481	0.00481	0.00505	0.00405	0.00314	0.00595	0.00572	0.00786	0.01133	0.02138	0.01230	0.57630	0.30768	0.00451	0.00592	0.00501	0.00221	0.00267
26	0.67637	0.00794	0.00688	0.00581	0.00833	0.00900	0.00479	0.17328	0.00892	0.05956	0.00652	0.00708	0.00483	0.00378	0.00271	0.00117	0.00319	0.00241	0.00275	0.00469

[dist]
# distance from previous block
# <min> <max>
0	2

[block]
# block no. 2 follows, 72 sequences, length 21
# corresponding to MSA columns:
# 167-187
name=unknown_C
#
# <colnr> <probs for GDERKNQSTAVLIFYWHMCP>
#	G	D	E	R	K	N	Q	S	T	A	V	L	I	F	Y	W	H	M	C	P
0	0.00839	0.00832	0.01377	0.39199	0.20808	0.03144	0.11887	0.02550	0.00801	0.01079	0.00671	0.00959	0.00537	0.00406	0.00515	0.00128	0.13260	0.00349	0.00180	0.00478
1	0.00484	0.00386	0.00436	0.00451	0.00550	0.00344	0.00331	0.00615	0.03105	0.01111	0.16419	0.22193	0.48089	0.00972	0.00457	0.00134	0.00203	0.03026	0.00364	0.00332
2	0.00455	0.00360	0.00410	0.00450	0.00529	0.00315	0.00317	0.00537	0.00802	0.00999	0.03045	0.41304	0.47012	0.01064	0.00465	0.00140	0.00205	0.00927	0.00352	0.00315
3	0.01390	0.00576	0.00767	0.00616	0.00858	0.00500	0.00498	0.01529	0.01041	0.63235	0.09282	0.05840	0.10966	0.00589	0.00400	0.00121	0.00289	0.00492	0.00445	0.00565
4	0.01335	0.00998	0.01071	0.00844	0.01124	0.01108	0.00689	0.69066	0.12123	0.02225	0.01044	0.04800	0.00793	0.00496	0.00385	0.00117	0.00394	0.00385	0.00379	0.00624
5	0.08871	0.00464	0.00526	0.00468	0.00621	0.00440	0.00366	0.01038	0.00915	0.19879	0.19223	0.01911	0.12402	0.00579	0.00351	0.00109	0.00222	0.00476	0.30720	0.00420
6	0.01442	0.01062	0.01138	0.00873	0.01176	0.01176	0.00721	0.83041	0.01783	0.02390	0.00911	0.00911	0.00645	0.00455	0.00379	0.00114	0.00417	0.00341	0.00379	0.00645
7	0.00575	0.00451	0.00653	0.00635	0.00688	0.00542	0.00491	0.00692	0.00601	0.00870	0.00974	0.01510	0.00938	0.10621	0.67685	0.00536	0.10588	0.00412	0.00201	0.00337
8	0.01035	0.82407	0.01939	0.00666	0.00984	0.05917	0.00653	0.01156	0.00787	0.00894	0.00530	0.00612	0.00487	0.00328	0.00249	0.00082	0.00420	0.00205	0.00164	0.00484
9	0.10645	0.00779	0.01203	0.37033	0.33600	0.00869	0.00982	0.05566	0.00844	0.01245	0.00703	0.00946	0.00554	0.00366	0.00358	0.00118	0.00446	0.00324	0.02918	0.00499
10	0.00869	0.00714	0.00771	0.00708	0.00883	0.00806	0.00542	0.06407	0.57909	0.01496	0.04085	0.10660	0.01383	0.05896	0.00493	0.00145	0.00297	0.02708	0.02698	0.00528
11	0.00505	0.00385	0.00465	0.00454	0.00553	0.00344	0.00340	0.00650	0.00981	0.01317	0.51044	0.07336	0.30630	0.00865	0.00451	0.00125	0.00189	0.02634	0.00391	0.00342
12	0.00945	0.00933	0.01467	0.11188	0.70345	0.06167	0.01125	0.01165	0.00865	0.01191	0.00701	0.00930	0.00584	0.00346	0.00374	0.00113	0.00471	0.00332	0.00186	0.00571
13	0.00471	0.00372	0.00424	0.00439	0.00533	0.00325	0.00319	0.00577	0.00875	0.01117	0.20618	0.23799	0.46832	0.00977	0.00457	0.00133	0.00196	0.00844	0.00366	0.00325
14	0.00651	0.00332	0.00489	0.00489	0.00489	0.00332	0.00323	0.00498	0.00498	0.00664	0.00696	0.01244	0.00708	0.07182	0.01513	0.82879	0.00332	0.00345	0.00169	0.00169
15	0.00794	0.01728	0.64209	0.01210	0.01726	0.00900	0.21664	0.01204	0.00824	0.01204	0.00702	0.00856	0.00504	0.00350	0.00382	0.00122	0.00580	0.00322	0.00168	0.00548
16	0.00766	0.01923	0.81342	0.01102	0.01655	0.00884	0.04728	0.01202	0.00805	0.01202	0.00684	0.00810	0.00484	0.00359	0.00364	0.00120	0.00564	0.00287	0.00161	0.00558
17	0.00993	0.31779	0.10985	0.02819	0.01286	0.11280	0.16262	0.07280	0.03330	0.01168	0.04986	0.01050	0.00768	0.00407	0.00347	0.00107	0.00487	0.03955	0.00216	0.00495
18	0.00791	0.04066	0.00777	0.00577	0.00824	0.00587	0.00448	0.08336	0.05321	0.01260	0.02696	0.08791	0.03110	0.11105	0.00524	0.00117	0.00300	0.00386	0.00264	0.49720
19	0.00997	0.51427	0.11161	0.04724	0.01193	0.02328	0.04647	0.09618	0.03283	0.01128	0.00665	0.00815	0.00565	0.00380	0.00338	0.00100	0.03845	0.02083	0.00197	0.00506
20	0.07748	0.01458	0.49846	0.00984	0.01431	0.00819	0.08653	0.01345	0.04355	0.17087	0.02185	0.00958	0.00648	0.00390	0.00365	0.00120	0.00485	0.00322	0.00241	0.00559

[dist]
# distance from previous block
# <min> <max>
0	13

[block]
# block no. 3 follows, 72 sequences, length 15
# corresponding to MSA columns:
# 201-215
name=unknown_D
#
# <colnr> <probs for GDERKNQSTAVLIFYWHMCP>
#	G	D	E	R	K	N	Q	S	T	A	V	L	I	F	Y	W	H	M	C	P
0	0.00838	0.03351	0.06775	0.00865	0.05574	0.05399	0.09646	0.02998	0.07894	0.03429	0.01083	0.14426	0.01020	0.00519	0.00373	0.00106	0.00376	0.05515	0.00263	0.29548
1	0.00875	0.01081	0.21754	0.06310	0.01256	0.06670	0.06192	0.01185	0.08601	0.07882	0.04574	0.05318	0.05539	0.00504	0.00484	0.00121	0.10909	0.00400	0.00250	0.10095
2	0.35552	0.00876	0.00786	0.02176	0.13875	0.16279	0.00577	0.01159	0.03729	0.01388	0.00800	0.04844	0.00676	0.00417	0.00301	0.00110	0.00370	0.00309	0.15338	0.00438
3	0.01312	0.01037	0.01145	0.01050	0.12250	0.05795	0.00757	0.62234	0.01560	0.02074	0.02600	0.04696	0.00771	0.00475	0.00383	0.00115	0.00423	0.00375	0.00343	0.00607
4	0.68834	0.00777	0.00815	0.00892	0.16647	0.00865	0.04040	0.01128	0.00697	0.01593	0.00573	0.00694	0.00454	0.00348	0.00270	0.00117	0.00338	0.00241	0.00224	0.00451
5	0.17573	0.00717	0.01079	0.47646	0.19584	0.00831	0.00921	0.01017	0.00758	0.01166	0.00723	0.05062	0.00605	0.00404	0.00356	0.00123	0.00440	0.00348	0.00194	0.00452
6	0.00849	0.00889	0.01126	0.69669	0.02339	0.16843	0.00992	0.01073	0.00818	0.00961	0.00657	0.00949	0.00502	0.00381	0.00372	0.00121	0.00539	0.00319	0.00174	0.00425
7	0.00659	0.00329	0.00494	0.00494	0.00494	0.00329	0.00329	0.00494	0.00494	0.00659	0.00659	0.01153	0.00659	0.01318	0.01482	0.88966	0.00329	0.00329	0.00165	0.00165
8	0.00927	0.00870	0.01379	0.02614	0.31032	0.03819	0.19079	0.02471	0.17113	0.04445	0.02085	0.03295	0.04672	0.00491	0.01822	0.00131	0.00453	0.02499	0.00259	0.00542
9	0.00781	0.00735	0.01174	0.29975	0.36656	0.02700	0.00953	0.00979	0.00799	0.01080	0.00952	0.17178	0.00925	0.00524	0.00421	0.00126	0.02878	0.00476	0.00212	0.00476
10	0.00506	0.00386	0.00510	0.02839	0.03522	0.00363	0.00410	0.00613	0.00817	0.01078	0.13612	0.47519	0.17382	0.01027	0.00469	0.00144	0.00236	0.07881	0.00350	0.00334
11	0.01386	0.00577	0.00743	0.00598	0.00830	0.00526	0.00485	0.03636	0.02665	0.56715	0.01400	0.01322	0.00944	0.00545	0.03289	0.00127	0.00311	0.00375	0.22966	0.00559
12	0.00898	0.00789	0.00947	0.01034	0.16756	0.00876	0.00680	0.01719	0.59849	0.01490	0.05551	0.01503	0.05195	0.00515	0.00390	0.00125	0.00317	0.00442	0.00348	0.00575
13	0.00461	0.00345	0.00425	0.00487	0.00536	0.00313	0.00332	0.00533	0.00756	0.00975	0.02512	0.62282	0.23534	0.03968	0.00523	0.00154	0.00218	0.00989	0.00348	0.00309
14	0.01405	0.01177	0.01005	0.00831	0.01079	0.30095	0.00658	0.28114	0.03190	0.18491	0.00934	0.00941	0.00674	0.00433	0.00370	0.00107	0.01716	0.00314	0.04781	0.03684

[dist]
# distance from previous block
# <min> <max>
0	1

[block]
# block no. 4 follows, 72 sequences, length 14
# corresponding to MSA columns:
# 217-230
name=unknown_E
#
# <colnr> <probs for GDERKNQSTAVLIFYWHMCP>
#	G	D	E	R	K	N	Q	S	T	A	V	L	I	F	Y	W	H	M	C	P
0	0.04424	0.70143	0.14973	0.00711	0.01069	0.01378	0.00758	0.01145	0.00770	0.00973	0.00551	0.00639	0.00483	0.00331	0.00261	0.00089	0.00426	0.00215	0.00165	0.00495
1	0.01304	0.00881	0.00993	0.00789	0.01040	0.00958	0.00641	0.52931	0.05341	0.14054	0.01064	0.02900	0.00811	0.05330	0.07046	0.00169	0.02415	0.00383	0.00366	0.00584
2	0.07668	0.03027	0.01084	0.15220	0.16478	0.02983	0.05165	0.03733	0.09700	0.01168	0.00855	0.01165	0.00732	0.04878	0.15660	0.00223	0.08281	0.01300	0.00220	0.00462
3	0.76372	0.00733	0.00609	0.00532	0.00770	0.00834	0.00438	0.05026	0.00730	0.07638	0.00629	0.00703	0.00475	0.00437	0.02696	0.00131	0.00322	0.00230	0.00257	0.00437
4	0.00951	0.00713	0.00834	0.00607	0.00936	0.00583	0.00490	0.09813	0.00924	0.09986	0.00784	0.00852	0.00610	0.00319	0.00302	0.00069	0.00300	0.00253	0.00267	0.70411
5	0.00470	0.00352	0.00437	0.00485	0.00543	0.00319	0.00337	0.00561	0.00813	0.01067	0.15108	0.53238	0.22752	0.01069	0.00470	0.00142	0.00207	0.00950	0.00362	0.00319
6	0.00557	0.00418	0.00597	0.00589	0.00640	0.00485	0.00442	0.00663	0.00597	0.00853	0.01027	0.01655	0.01012	0.19332	0.64781	0.00541	0.04851	0.00432	0.00207	0.00321
7	0.03972	0.54632	0.01605	0.00709	0.01001	0.10300	0.00646	0.15670	0.02572	0.01222	0.00650	0.00719	0.00545	0.00364	0.00281	0.00091	0.00422	0.00242	0.03851	0.00504
8	0.00616	0.00396	0.00482	0.00462	0.00568	0.00359	0.00346	0.00763	0.00960	0.07503	0.42074	0.11123	0.20849	0.00796	0.00425	0.00121	0.00196	0.00689	0.10908	0.00365
9	0.01047	0.00849	0.07632	0.03566	0.31430	0.00758	0.06006	0.07757	0.02141	0.17224	0.06907	0.01196	0.00918	0.00419	0.00373	0.00113	0.00393	0.00377	0.10341	0.00554
10	0.00546	0.00365	0.00415	0.00420	0.00422	0.00364	0.00237	0.00550	0.00562	0.00749	0.01247	0.07398	0.01445	0.81666	0.01846	0.00355	0.00359	0.00582	0.00237	0.00234
11	0.08359	0.00683	0.00854	0.00674	0.00945	0.00644	0.00554	0.12167	0.01117	0.60838	0.01369	0.04049	0.00939	0.00494	0.00373	0.00119	0.00326	0.02121	0.02771	0.00602
12	0.00837	0.00704	0.00814	0.00586	0.00920	0.00557	0.00470	0.07306	0.00864	0.01325	0.00692	0.00796	0.00568	0.00294	0.00288	0.00061	0.00291	0.00234	0.00237	0.82155
13	0.10889	0.00993	0.00963	0.00770	0.01042	0.10745	0.00622	0.40830	0.06173	0.08143	0.04767	0.00986	0.00781	0.00437	0.00352	0.00107	0.00395	0.00327	0.00334	0.10344

[dist]
# distance from previous block
# <min> <max>
0	3

[block]
# block no. 5 follows, 72 sequences, length 31
# corresponding to MSA columns:
# 234-264
name=unknown_F
#
# <colnr> <probs for GDERKNQSTAVLIFYWHMCP>
#	G	D	E	R	K	N	Q	S	T	A	V	L	I	F	Y	W	H	M	C	P
0	0.00829	0.00831	0.01038	0.00905	0.00924	0.07668	0.00732	0.00905	0.00618	0.00891	0.00614	0.01051	0.00626	0.11300	0.05063	0.00205	0.64877	0.00355	0.00178	0.00391
1	0.00586	0.00488	0.00530	0.00583	0.00631	0.07071	0.00408	0.00708	0.04514	0.01017	0.01848	0.67404	0.02136	0.01036	0.00482	0.00146	0.03063	0.01948	0.05064	0.00338
2	0.82406	0.00759	0.00603	0.00528	0.00768	0.00876	0.00435	0.07587	0.00735	0.01756	0.00558	0.00639	0.00429	0.00360	0.00246	0.00117	0.00303	0.00216	0.00246	0.00429
3	0.00467	0.00332	0.00438	0.00521	0.00542	0.00312	0.00345	0.00529	0.00716	0.00954	0.02037	0.81443	0.02441	0.06261	0.00570	0.00167	0.00229	0.01047	0.00345	0.00303
4	0.03113	0.00876	0.01395	0.23173	0.58358	0.04279	0.01100	0.01128	0.00840	0.01170	0.00694	0.00939	0.00568	0.00351	0.00372	0.00116	0.00470	0.00331	0.00184	0.00544
5	0.00473	0.00351	0.00430	0.00479	0.00529	0.00321	0.00326	0.00549	0.00768	0.01001	0.08725	0.52480	0.21558	0.09422	0.00614	0.00166	0.00225	0.00932	0.00345	0.00307
6	0.43617	0.00699	0.00733	0.00596	0.00862	0.00715	0.00492	0.03717	0.00894	0.42687	0.01017	0.00958	0.00678	0.00413	0.00311	0.00117	0.00311	0.00296	0.00355	0.00533
7	0.01045	0.00631	0.00705	0.00603	0.00799	0.00654	0.00478	0.12839	0.21526	0.18679	0.04874	0.01560	0.07931	0.00524	0.00357	0.00112	0.00272	0.00426	0.25471	0.00513
8	0.00492	0.00423	0.00428	0.00426	0.00543	0.02812	0.00317	0.00600	0.00897	0.01100	0.16907	0.08403	0.63475	0.00927	0.00447	0.00127	0.00206	0.00782	0.00358	0.00329
9	0.77540	0.03805	0.00654	0.00532	0.00776	0.00878	0.00442	0.05530	0.00731	0.05467	0.00592	0.00662	0.00450	0.00362	0.00249	0.00116	0.00305	0.00221	0.00251	0.00437
10	0.01332	0.01194	0.01090	0.00898	0.01126	0.23657	0.00720	0.42297	0.05780	0.05238	0.00846	0.01933	0.00648	0.00476	0.00477	0.00117	0.10980	0.00330	0.00308	0.00555
11	0.01008	0.84914	0.03921	0.00659	0.00989	0.01486	0.00667	0.01137	0.00771	0.00899	0.00531	0.00613	0.00487	0.00325	0.00246	0.00082	0.00409	0.00205	0.00162	0.00488
12	0.76635	0.00772	0.00636	0.00548	0.00793	0.00884	0.00452	0.11188	0.00795	0.03605	0.00596	0.00667	0.00451	0.00367	0.00256	0.00117	0.00309	0.00226	0.00258	0.00445
13	0.00671	0.00613	0.00948	0.02285	0.13698	0.00605	0.12670	0.00919	0.07596	0.01207	0.15831	0.03742	0.26408	0.00779	0.04300	0.00150	0.02850	0.04001	0.00302	0.00427
14	0.00490	0.00346	0.00443	0.00501	0.00527	0.00327	0.00331	0.00555	0.00728	0.00976	0.09707	0.58720	0.03466	0.18725	0.00778	0.00195	0.00248	0.02307	0.00333	0.00298
15	0.00734	0.00694	0.01160	0.76912	0.06897	0.00862	0.01048	0.00977	0.00755	0.00981	0.00667	0.00998	0.00510	0.00392	0.00424	0.00128	0.04925	0.00337	0.00169	0.00431
16	0.00471	0.00383	0.00419	0.00424	0.00536	0.00331	0.00318	0.00583	0.00892	0.01111	0.17577	0.09255	0.61063	0.00948	0.00454	0.00130	0.00198	0.04216	0.00363	0.00327
17	0.00578	0.00461	0.00678	0.00659	0.00716	0.00561	0.00518	0.00704	0.00609	0.00888	0.00981	0.04178	0.00939	0.02497	0.71128	0.00535	0.12401	0.00418	0.00203	0.00348
18	0.00905	0.22448	0.47432	0.00918	0.01354	0.01017	0.02767	0.07930	0.00879	0.04175	0.00720	0.00828	0.00545	0.00465	0.03750	0.00129	0.00513	0.00280	0.02409	0.00537
19	0.01454	0.00790	0.00878	0.00702	0.00956	0.07354	0.00568	0.21015	0.01204	0.45418	0.01272	0.03963	0.00889	0.00480	0.00367	0.00113	0.00353	0.00380	0.11263	0.00582
20	0.00641	0.00476	0.00583	0.00593	0.00690	0.00470	0.00441	0.10785	0.04434	0.01241	0.07395	0.49231	0.05752	0.00971	0.00458	0.00142	0.00262	0.10406	0.00355	0.04676
21	0.00924	0.39275	0.41750	0.00883	0.01311	0.07810	0.01018	0.01197	0.00809	0.01044	0.00606	0.00707	0.00484	0.00347	0.00307	0.00101	0.00502	0.00243	0.00164	0.00519
22	0.00884	0.00685	0.00806	0.00582	0.00914	0.00533	0.00468	0.03855	0.00845	0.08149	0.00750	0.00832	0.00596	0.00302	0.00293	0.00063	0.00289	0.00242	0.00250	0.78661
23	0.02360	0.01123	0.01036	0.00840	0.01091	0.21085	0.01556	0.43076	0.01394	0.11824	0.00912	0.00938	0.00661	0.00444	0.00386	0.00110	0.02960	0.00323	0.07320	0.00562
24	0.01161	0.48765	0.01579	0.00777	0.01037	0.24627	0.00685	0.03938	0.00889	0.05428	0.00606	0.00694	0.00517	0.00383	0.00365	0.00096	0.07537	0.00239	0.00195	0.00481
25	0.00572	0.00369	0.00482	0.00529	0.00589	0.00335	0.00367	0.00654	0.00780	0.07895	0.05438	0.68782	0.07949	0.01080	0.00468	0.00146	0.00226	0.00970	0.00362	0.02008
26	0.05020	0.00826	0.01044	0.31770	0.03698	0.00955	0.00804	0.29569	0.15105	0.01603	0.00937	0.02821	0.00717	0.00515	0.02861	0.00136	0.00438	0.00366	0.00287	0.00528
27	0.01102	0.00930	0.01004	0.00827	0.01041	0.11395	0.06625	0.34512	0.08072	0.03593	0.08518	0.07981	0.01133	0.05165	0.04956	0.00158	0.01702	0.00449	0.00326	0.00512
28	0.00642	0.00334	0.00485	0.00485	0.00496	0.00329	0.00326	0.00498	0.00523	0.00688	0.00910	0.01350	0.07255	0.01289	0.01401	0.81948	0.00319	0.00367	0.00180	0.00177
29	0.00982	0.01120	0.23520	0.00840	0.01157	0.00893	0.00812	0.15318	0.35815	0.06094	0.06872	0.01296	0.02604	0.00487	0.00383	0.00123	0.00381	0.00396	0.00330	0.00578
30	0.00625	0.00501	0.00617	0.00631	0.00708	0.04944	0.04156	0.06271	0.00842	0.02339	0.02672	0.65037	0.03433	0.01032	0.00467	0.00147	0.00284	0.04598	0.00341	0.00355

[dist]
# distance from previous block
# <min> <max>
0	1

[block]
# block no. 6 follows, 72 sequences, length 9
# corresponding to MSA columns:
# 266-274
name=unknown_G
#
# <colnr> <probs for GDERKNQSTAVLIFYWHMCP>
#	G	D	E	R	K	N	Q	S	T	A	V	L	I	F	Y	W	H	M	C	P
0	0.00850	0.00705	0.00839	0.00880	0.11680	0.00766	0.00598	0.03260	0.46011	0.03146	0.16163	0.01771	0.08218	0.00570	0.00397	0.00123	0.00289	0.00488	0.02717	0.00530
1	0.01069	0.00999	0.15145	0.00799	0.01081	0.02908	0.02611	0.19646	0.18205	0.12962	0.02720	0.01300	0.02453	0.09975	0.00563	0.00145	0.01905	0.00387	0.00319	0.04808
2	0.00859	0.01780	0.69107	0.01036	0.01544	0.00923	0.01268	0.11872	0.05620	0.01377	0.00759	0.00850	0.00540	0.00381	0.00364	0.00120	0.00527	0.00297	0.00201	0.00574
3	0.00589	0.00514	0.04606	0.00618	0.05612	0.00440	0.00454	0.00761	0.04145	0.03938	0.16778	0.11179	0.32129	0.06307	0.08686	0.00189	0.00327	0.02026	0.00328	0.00373
4	0.01051	0.03094	0.01158	0.01129	0.18634	0.16983	0.06820	0.11692	0.02283	0.03905	0.05716	0.00992	0.00777	0.00384	0.00351	0.00097	0.00434	0.00322	0.02724	0.21454
5	0.00542	0.00407	0.00510	0.00516	0.00609	0.00384	0.00397	0.00732	0.04615	0.01308	0.43299	0.13046	0.17296	0.00889	0.00462	0.00134	0.00219	0.13893	0.00386	0.00355
6	0.00509	0.00377	0.00466	0.00515	0.00573	0.00353	0.00358	0.04362	0.00820	0.01077	0.07225	0.62759	0.17019	0.01089	0.00471	0.00145	0.00222	0.00971	0.00357	0.00329
7	0.02551	0.04096	0.01102	0.02418	0.06481	0.12927	0.07459	0.14539	0.07413	0.07538	0.00869	0.02890	0.00687	0.00433	0.01789	0.00106	0.00426	0.00323	0.00270	0.25681
8	0.00996	0.03202	0.19203	0.00912	0.05132	0.08892	0.03088	0.15703	0.09235	0.07411	0.09604	0.06951	0.04096	0.00530	0.00416	0.00120	0.03263	0.00431	0.00295	0.00522

[dist]
# distance from previous block
# <min> <max>
0	3

[block]
# block no. 7 follows, 72 sequences, length 20
# corresponding to MSA columns:
# 278-281,286-301
name=unknown_H
#
# <colnr> <probs for GDERKNQSTAVLIFYWHMCP>
#	G	D	E	R	K	N	Q	S	T	A	V	L	I	F	Y	W	H	M	C	P
0	0.00852	0.00850	0.09584	0.00759	0.01041	0.05684	0.08919	0.03003	0.03377	0.07287	0.03824	0.16566	0.01054	0.00507	0.00365	0.00101	0.00363	0.00446	0.00269	0.35149
1	0.10024	0.00686	0.00769	0.00583	0.00878	0.00594	0.00467	0.06177	0.04786	0.05188	0.07794	0.01002	0.00851	0.00361	0.00306	0.00078	0.00285	0.00286	0.00270	0.58616
2	0.01480	0.06137	0.00953	0.00698	0.00967	0.05776	0.00574	0.09857	0.04536	0.55188	0.08702	0.01316	0.01099	0.00483	0.00376	0.00114	0.00345	0.00387	0.00417	0.00596
3	0.01125	0.01010	0.01240	0.16136	0.20389	0.14668	0.05998	0.18949	0.02986	0.07248	0.00800	0.00948	0.00610	0.00427	0.00426	0.02814	0.02099	0.00334	0.00251	0.01543
4	0.01066	0.01230	0.09962	0.03040	0.01331	0.19541	0.14199	0.15408	0.00976	0.01253	0.00656	0.00844	0.00532	0.00474	0.00655	0.00130	0.27670	0.00328	0.00213	0.00491
5	0.00607	0.00382	0.00522	0.04418	0.00688	0.00361	0.00406	0.00697	0.00787	0.09658	0.07095	0.68495	0.02322	0.01051	0.00466	0.00147	0.00241	0.00948	0.00360	0.00351
6	0.00901	0.09892	0.02121	0.01435	0.01810	0.00987	0.69250	0.01190	0.00875	0.01183	0.00737	0.00965	0.00565	0.00318	0.00416	0.00119	0.00593	0.00408	0.00191	0.06044
7	0.01469	0.01019	0.01111	0.00852	0.01155	0.01112	0.00704	0.74635	0.01711	0.10898	0.00971	0.00950	0.00675	0.00457	0.00380	0.00114	0.00408	0.00346	0.00389	0.00645
8	0.01235	0.46186	0.01548	0.00729	0.01040	0.01269	0.00661	0.28471	0.03118	0.11228	0.00793	0.00808	0.00608	0.00389	0.00308	0.00097	0.00397	0.00275	0.00276	0.00561
9	0.00550	0.00375	0.00451	0.00451	0.00464	0.00388	0.00277	0.00576	0.00563	0.00763	0.01160	0.02291	0.01296	0.70506	0.17982	0.00414	0.00493	0.00524	0.00225	0.00251
10	0.10080	0.01671	0.00671	0.01927	0.00770	0.05707	0.00452	0.14461	0.01008	0.16455	0.01102	0.01169	0.00813	0.00434	0.00308	0.00102	0.00292	0.00333	0.41777	0.00467
11	0.00470	0.00346	0.00437	0.00496	0.00541	0.00317	0.00338	0.00549	0.00776	0.01022	0.10210	0.62168	0.15817	0.03975	0.00523	0.00154	0.00217	0.00978	0.00354	0.00312
12	0.01121	0.08077	0.18894	0.00845	0.01174	0.01013	0.00806	0.33893	0.17771	0.05801	0.06000	0.01098	0.00891	0.00456	0.00370	0.00116	0.00404	0.00357	0.00323	0.00588
13	0.00659	0.00329	0.00494	0.00494	0.00494	0.00329	0.00329	0.00494	0.00494	0.00659	0.00659	0.01153	0.00659	0.01318	0.01482	0.88966	0.00329	0.00329	0.00165	0.00165
14	0.03067	0.00474	0.00497	0.00447	0.00582	0.00484	0.00348	0.11213	0.00937	0.07999	0.01199	0.01322	0.00915	0.00443	0.00288	0.00095	0.00221	0.00350	0.68705	0.00414
15	0.09981	0.00715	0.00889	0.04848	0.13349	0.00628	0.00581	0.02118	0.01959	0.01282	0.00691	0.00848	0.00576	0.02110	0.00332	0.00083	0.00322	0.00256	0.00222	0.58211
16	0.03460	0.01013	0.01093	0.00845	0.01142	0.01114	0.00696	0.71464	0.05841	0.08000	0.00974	0.00955	0.00686	0.00457	0.00377	0.00115	0.00402	0.00345	0.00383	0.00637
17	0.00781	0.00726	0.01209	0.35417	0.36751	0.00799	0.00999	0.00994	0.00800	0.01089	0.00899	0.10309	0.00837	0.00486	0.00417	0.00127	0.02553	0.04121	0.00205	0.00481
18	0.00679	0.00489	0.00514	0.00492	0.00532	0.05518	0.00313	0.02719	0.00645	0.04764	0.01147	0.02176	0.01242	0.66592	0.10341	0.00358	0.00453	0.00505	0.00240	0.00284
19	0.09186	0.00778	0.00879	0.00725	0.00951	0.00831	0.01910	0.34674	0.08914	0.15313	0.01206	0.12366	0.01013	0.04550	0.03291	0.00149	0.00371	0.00455	0.01900	0.00539

[dist]
# distance from previous block
# <min> <max>
0	1

[block]
# block no. 8 follows, 72 sequences, length 18
# corresponding to MSA columns:
# 303,304,334-349
name=unknown_I
#
# <colnr> <probs for GDERKNQSTAVLIFYWHMCP>
#	G	D	E	R	K	N	Q	S	T	A	V	L	I	F	Y	W	H	M	C	P
0	0.01905	0.07463	0.05332	0.03758	0.09064	0.03033	0.02332	0.09337	0.25246	0.06007	0.01985	0.04660	0.00871	0.00441	0.00355	0.00107	0.00364	0.00366	0.00293	0.17078
1	0.00783	0.08052	0.76515	0.01064	0.01603	0.00928	0.03557	0.01197	0.00801	0.01179	0.00672	0.00793	0.00483	0.00357	0.00354	0.00118	0.00551	0.00279	0.00161	0.00554
2	0.00831	0.00766	0.01236	0.09639	0.41619	0.00803	0.05709	0.01166	0.12732	0.01204	0.01006	0.04903	0.00890	0.00724	0.09753	0.00178	0.00491	0.05595	0.00234	0.00521
3	0.00488	0.00359	0.00421	0.00454	0.00508	0.00329	0.00305	0.00559	0.00754	0.00983	0.08512	0.36242	0.25630	0.19951	0.00786	0.00190	0.00241	0.00838	0.02148	0.00299
4	0.00882	0.00457	0.00585	0.00522	0.00671	0.00407	0.00402	0.01026	0.00988	0.26721	0.32344	0.12334	0.13787	0.00735	0.00420	0.00122	0.00229	0.00634	0.06300	0.00434
5	0.00588	0.00393	0.00494	0.00464	0.00564	0.00361	0.00350	0.00759	0.01029	0.04401	0.66231	0.02697	0.09632	0.00745	0.00426	0.00117	0.00185	0.00650	0.09550	0.00365
6	0.06122	0.00665	0.00699	0.00592	0.00778	0.00710	0.00471	0.30129	0.06538	0.01764	0.11591	0.01585	0.09398	0.00539	0.00352	0.00109	0.00279	0.00431	0.26775	0.00474
7	0.01371	0.00610	0.00784	0.00627	0.00864	0.00561	0.00508	0.08279	0.02486	0.53960	0.15179	0.01531	0.01361	0.00517	0.00380	0.00115	0.00291	0.00427	0.09583	0.00567
8	0.00546	0.00404	0.00549	0.00592	0.00646	0.00391	0.02935	0.05901	0.00807	0.01076	0.01969	0.74224	0.02312	0.01107	0.00478	0.00152	0.00252	0.04972	0.00349	0.00338
9	0.01005	0.66597	0.11372	0.00820	0.06453	0.01372	0.00773	0.05936	0.00839	0.01038	0.00579	0.00669	0.00503	0.00337	0.00273	0.00090	0.00427	0.00229	0.00176	0.00512
10	0.00911	0.03456	0.01820	0.07635	0.04253	0.00878	0.55533	0.03686	0.00903	0.06592	0.00940	0.09851	0.00794	0.00428	0.00432	0.00128	0.00546	0.00486	0.00229	0.00499
11	0.26567	0.00640	0.00721	0.00599	0.00833	0.00635	0.00483	0.05920	0.00944	0.41647	0.02381	0.09908	0.00972	0.00512	0.00344	0.00119	0.00298	0.00403	0.05550	0.00522
12	0.00654	0.00474	0.00579	0.00556	0.00630	0.00505	0.00397	0.10546	0.03558	0.01082	0.05004	0.12762	0.03984	0.31554	0.24622	0.00349	0.00519	0.01607	0.00275	0.00342
13	0.00511	0.00392	0.00417	0.00407	0.00523	0.00337	0.00299	0.00608	0.00863	0.03837	0.12407	0.03360	0.63866	0.09786	0.00599	0.00152	0.00213	0.00748	0.00351	0.00326
14	0.00576	0.00404	0.00584	0.00592	0.00658	0.00448	0.00451	0.00695	0.00648	0.03684	0.01222	0.11469	0.01226	0.08906	0.61726	0.00499	0.00816	0.04819	0.00239	0.00338
15	0.10645	0.00927	0.06304	0.11253	0.01593	0.02106	0.36258	0.07653	0.03116	0.04852	0.01890	0.01032	0.00651	0.00479	0.03982	0.00143	0.01679	0.00379	0.04566	0.00492
16	0.02582	0.00837	0.01186	0.44178	0.20896	0.06007	0.00972	0.07802	0.07158	0.03591	0.00783	0.00998	0.00597	0.00389	0.00374	0.00120	0.00472	0.00338	0.00218	0.00501
17	0.10967	0.25827	0.02399	0.02389	0.01045	0.17098	0.03531	0.13180	0.04491	0.05067	0.04990	0.00987	0.02768	0.01705	0.01943	0.00117	0.00446	0.00309	0.00252	0.00488

[dist]
# distance from previous block
# <min> <max>
1	48

[block]
# block no. 9 follows, 72 sequences, length 50
# corresponding to MSA columns:
# 398-422,425-449
name=unknown_J
#
# <colnr> <probs for GDERKNQSTAVLIFYWHMCP>
#	G	D	E	R	K	N	Q	S	T	A	V	L	I	F	Y	W	H	M	C	P
0	0.06093	0.20563	0.02828	0.01828	0.02791	0.19296	0.04861	0.09466	0.07060	0.11344	0.00879	0.05747	0.00726	0.00452	0.00383	0.00110	0.04467	0.00338	0.00262	0.00506
1	0.39035	0.16065	0.04091	0.00679	0.01767	0.15831	0.00576	0.06665	0.02577	0.02357	0.00754	0.00820	0.04176	0.00391	0.00286	0.00106	0.00397	0.00258	0.00232	0.02936
2	0.00956	0.00906	0.01467	0.07566	0.66852	0.03842	0.03481	0.01189	0.02238	0.03634	0.00754	0.00990	0.00624	0.00365	0.00400	0.00116	0.02577	0.01268	0.00200	0.00575
3	0.00527	0.00383	0.00525	0.00551	0.00601	0.00400	0.00398	0.00621	0.00663	0.00918	0.02987	0.29302	0.01620	0.15964	0.36328	0.00379	0.00586	0.04337	0.00267	0.02644
4	0.00723	0.00606	0.03742	0.03522	0.08480	0.00599	0.03742	0.01891	0.04497	0.06409	0.23374	0.01926	0.07874	0.07281	0.15385	0.00228	0.07688	0.01320	0.00294	0.00416
5	0.00753	0.00737	0.02880	0.12567	0.20369	0.02598	0.15397	0.00968	0.00877	0.01200	0.13653	0.06454	0.07562	0.00536	0.00409	0.00121	0.00404	0.04407	0.02347	0.05761
6	0.05503	0.00528	0.00665	0.00613	0.03655	0.00492	0.00457	0.01179	0.05212	0.29921	0.25053	0.08220	0.11944	0.00659	0.00403	0.00121	0.00254	0.00560	0.04087	0.00472
7	0.17631	0.00647	0.04185	0.00610	0.01917	0.00591	0.00501	0.03464	0.02731	0.35534	0.06158	0.06589	0.01075	0.00500	0.00343	0.00115	0.00290	0.00401	0.16213	0.00506
8	0.00921	0.11198	0.14059	0.07188	0.21465	0.08949	0.08409	0.03505	0.06633	0.02047	0.06135	0.04062	0.00869	0.00434	0.00382	0.00115	0.01441	0.01447	0.00225	0.00516
9	0.00467	0.00332	0.00439	0.00522	0.00542	0.00311	0.00345	0.00529	0.00716	0.00955	0.02039	0.81628	0.02444	0.06072	0.00567	0.00166	0.00228	0.01048	0.00345	0.00304
10	0.03934	0.00874	0.11385	0.00751	0.05465	0.02432	0.00629	0.05253	0.01817	0.02266	0.00747	0.02373	0.00619	0.00476	0.05179	0.00108	0.00383	0.00273	0.00228	0.54806
11	0.36069	0.14192	0.27686	0.00789	0.01154	0.00976	0.05045	0.05849	0.00802	0.03447	0.00634	0.00728	0.00479	0.00358	0.00299	0.00113	0.00421	0.00253	0.00212	0.00494
12	0.00865	0.00843	0.01160	0.00989	0.01006	0.01162	0.00824	0.05605	0.00650	0.00997	0.00521	0.00834	0.00506	0.00652	0.01195	0.00163	0.81089	0.00332	0.00178	0.00428
13	0.09642	0.01292	0.07907	0.02187	0.15723	0.31326	0.07822	0.02268	0.12877	0.01214	0.00765	0.00877	0.00606	0.00397	0.00387	0.00114	0.03558	0.00309	0.00223	0.00505
14	0.80180	0.00757	0.00611	0.00533	0.00774	0.00868	0.00439	0.07532	0.00746	0.03935	0.00583	0.00657	0.00443	0.00363	0.00250	0.00117	0.00304	0.00221	0.00252	0.00435
15	0.00503	0.00362	0.00468	0.00539	0.00575	0.00345	0.00366	0.03968	0.00774	0.01029	0.02084	0.80848	0.04414	0.01152	0.00479	0.00152	0.00228	0.01041	0.00353	0.00322
16	0.00450	0.00382	0.00389	0.00392	0.00515	0.00320	0.00292	0.00547	0.00862	0.01031	0.05198	0.07086	0.79314	0.00967	0.00450	0.00129	0.00193	0.00810	0.00353	0.00320
17	0.00716	0.00674	0.01138	0.85760	0.02612	0.00843	0.01053	0.00969	0.00758	0.00969	0.00674	0.01011	0.00506	0.00379	0.00379	0.00126	0.00506	0.00337	0.00169	0.00421
18	0.01249	0.16693	0.11255	0.00840	0.01168	0.01166	0.00773	0.55171	0.01442	0.01930	0.00841	0.02357	0.00637	0.00433	0.00352	0.00109	0.00424	0.00322	0.02244	0.00594
19	0.00516	0.00389	0.00479	0.00463	0.00563	0.00352	0.00352	0.00673	0.01006	0.01366	0.58004	0.03130	0.25453	0.00840	0.00452	0.00125	0.00191	0.04903	0.00396	0.00347
20	0.01444	0.03976	0.01156	0.00853	0.01155	0.02163	0.04921	0.55969	0.01526	0.20140	0.01018	0.00993	0.00702	0.00446	0.00376	0.00114	0.00408	0.00350	0.01665	0.00626
21	0.00659	0.00329	0.00494	0.00494	0.00494	0.00329	0.00329	0.00494	0.00494	0.00659	0.00659	0.01153	0.00659	0.01318	0.01482	0.88966	0.00329	0.00329	0.00165	0.00165
22	0.01702	0.00645	0.00880	0.00675	0.00968	0.00557	0.00557	0.01848	0.01085	0.84568	0.01496	0.01291	0.00939	0.00469	0.00381	0.00117	0.00323	0.00381	0.00469	0.00645
23	0.00830	0.00686	0.00800	0.00575	0.00910	0.00529	0.00461	0.03688	0.00826	0.03245	0.00701	0.00802	0.00573	0.00291	0.00286	0.00060	0.00286	0.00232	0.00236	0.83982
24	0.01378	0.01082	0.01085	0.00856	0.01135	0.08403	0.00697	0.68856	0.04733	0.02174	0.00943	0.03039	0.00705	0.00470	0.00376	0.00113	0.00425	0.00355	0.02563	0.00610
25	0.00550	0.00410	0.00522	0.00575	0.00667	0.00389	0.00475	0.00688	0.00855	0.01089	0.05604	0.08193	0.26196	0.05271	0.00567	0.00167	0.00291	0.46812	0.00347	0.00333
26	0.89350	0.00733	0.00557	0.00499	0.00733	0.00851	0.00411	0.01115	0.00645	0.01702	0.00528	0.00616	0.00411	0.00352	0.00235	0.00117	0.00293	0.00205	0.00235	0.00411
27	0.00724	0.00682	0.01152	0.82837	0.05474	0.00845	0.01057	0.00976	0.00762	0.00978	0.00675	0.01009	0.00509	0.00378	0.00379	0.00126	0.00504	0.00337	0.00169	0.00428
28	0.04011	0.00829	0.00926	0.00778	0.01690	0.08563	0.05264	0.31691	0.03060	0.02684	0.00851	0.02103	0.00716	0.02627	0.03622	0.25235	0.00434	0.02014	0.00272	0.02631
29	0.00566	0.00433	0.00621	0.00608	0.00660	0.00510	0.00462	0.00675	0.00598	0.00860	0.01004	0.01598	0.00982	0.16120	0.65314	0.00536	0.07497	0.00424	0.00205	0.00327
30	0.00886	0.01089	0.09974	0.01305	0.01563	0.05369	0.42038	0.01124	0.00786	0.01094	0.00656	0.00916	0.00535	0.00447	0.00711	0.00139	0.30329	0.00380	0.00180	0.00479
31	0.00470	0.00336	0.00449	0.00537	0.00562	0.00315	0.00365	0.00541	0.00734	0.00977	0.02086	0.82182	0.02492	0.01181	0.00486	0.00155	0.00227	0.05244	0.00352	0.00310
32	0.00467	0.00381	0.00412	0.00412	0.00526	0.00327	0.00306	0.00578	0.00898	0.01121	0.19863	0.08702	0.62813	0.00938	0.00450	0.00128	0.00191	0.00795	0.00365	0.00327
33	0.01702	0.00645	0.00880	0.00675	0.00968	0.00557	0.00557	0.01848	0.01085	0.84568	0.01496	0.01291	0.00939	0.00469	0.00381	0.00117	0.00323	0.00381	0.00469	0.00645
