[name]
unknown

[dist]
# distance from previous block
# <min> <max>
47	1141

[block]
# block no. 0 follows, 58 sequences, length 10
# corresponding to MSA columns:
# 1219-1228
name=unknown_A
#
# <colnr> <probs for GDERKNQSTAVLIFYWHMCP>
#	G	D	E	R	K	N	Q	S	T	A	V	L	I	F	Y	W	H	M	C	P
0	0.11813	0.08439	0.09253	0.12246	0.24193	0.01012	0.04299	0.03518	0.02150	0.03624	0.01094	0.02528	0.05254	0.02316	0.00454	0.00140	0.00490	0.01417	0.00258	0.05500
1	0.02441	0.06364	0.08969	0.05865	0.05769	0.06993	0.00811	0.10825	0.08615	0.10602	0.05481	0.01623	0.09246	0.03117	0.00506	0.00140	0.02117	0.00459	0.01380	0.08679
2	0.00562	0.00405	0.00525	0.00615	0.00653	0.00379	0.00420	0.00646	0.00865	0.01141	0.02533	0.67878	0.08308	0.06919	0.00685	0.00198	0.00279	0.06221	0.00405	0.00361
3	0.01094	0.02709	0.14280	0.05976	0.34478	0.08922	0.06767	0.04911	0.01047	0.01419	0.04158	0.01207	0.00837	0.03603	0.00586	0.00150	0.06588	0.00410	0.00237	0.00621
4	0.00643	0.00437	0.00500	0.00500	0.00513	0.00438	0.00292	0.00659	0.00674	0.00896	0.01565	0.02932	0.05875	0.75007	0.06949	0.00435	0.00468	0.00656	0.00277	0.00284
5	0.01153	0.01127	0.03533	0.06088	0.34698	0.06480	0.20241	0.01481	0.05319	0.06713	0.02421	0.01218	0.00814	0.00451	0.00504	0.00141	0.04154	0.00438	0.02386	0.00640
6	0.00667	0.00508	0.00567	0.00604	0.00644	0.04139	0.00406	0.00735	0.00821	0.01065	0.05109	0.28040	0.04608	0.38167	0.03189	0.00303	0.00397	0.09352	0.00342	0.00338
7	0.14834	0.22266	0.03472	0.00948	0.01259	0.30234	0.04347	0.05992	0.01122	0.08446	0.00810	0.00892	0.00637	0.00443	0.00365	0.00119	0.00578	0.00304	0.02363	0.00567
8	0.01181	0.01036	0.02736	0.00997	0.06659	0.08118	0.04310	0.11402	0.03494	0.07230	0.02330	0.02632	0.00822	0.00450	0.00438	0.00106	0.03905	0.00361	0.00309	0.41484
9	0.05402	0.05917	0.02851	0.02588	0.07163	0.11367	0.05474	0.06169	0.01123	0.03238	0.15356	0.13054	0.12194	0.00760	0.00467	0.00141	0.00421	0.02231	0.03584	0.00501

[dist]
# distance from previous block
# <min> <max>
0	10

[block]
# block no. 1 follows, 58 sequences, length 6
# corresponding to MSA columns:
# 1240-1245
name=unknown_B
#
# <colnr> <probs for GDERKNQSTAVLIFYWHMCP>
#	G	D	E	R	K	N	Q	S	T	A	V	L	I	F	Y	W	H	M	C	P
0	0.20295	0.00886	0.07282	0.05021	0.05256	0.00792	0.08591	0.01418	0.01015	0.21362	0.04867	0.08229	0.01280	0.00637	0.00444	0.00150	0.00431	0.08712	0.02764	0.00568
1	0.00667	0.00495	0.00671	0.00657	0.00699	0.00564	0.00472	0.00758	0.00689	0.00972	0.01241	0.02175	0.01286	0.35731	0.44686	0.00568	0.06523	0.00542	0.00249	0.00354
2	0.00854	0.10393	0.04772	0.06975	0.10214	0.05757	0.05717	0.01040	0.00983	0.01278	0.13537	0.12675	0.11575	0.06294	0.03636	0.00183	0.02685	0.00640	0.00309	0.00483
3	0.04250	0.07390	0.04335	0.04172	0.18201	0.06091	0.06126	0.20974	0.12869	0.05016	0.01091	0.03701	0.00863	0.00513	0.00459	0.00137	0.02394	0.00426	0.00329	0.00663
4	0.13192	0.01239	0.09454	0.01000	0.01342	0.06620	0.06505	0.31739	0.08944	0.06229	0.03373	0.01271	0.00918	0.00528	0.00427	0.00138	0.00490	0.02391	0.03552	0.00649
5	0.03914	0.03419	0.08391	0.05263	0.07366	0.03878	0.10616	0.06706	0.03781	0.05126	0.06318	0.14467	0.10051	0.00752	0.02077	0.00154	0.00463	0.00617	0.03106	0.03534

[dist]
# distance from previous block
# <min> <max>
2	28

[block]
# block no. 2 follows, 58 sequences, length 24
# corresponding to MSA columns:
# 1288-1311
name=unknown_C
#
# <colnr> <probs for GDERKNQSTAVLIFYWHMCP>
#	G	D	E	R	K	N	Q	S	T	A	V	L	I	F	Y	W	H	M	C	P
0	0.00932	0.12985	0.01018	0.03227	0.00984	0.05400	0.00595	0.10087	0.08330	0.01467	0.11154	0.14734	0.12387	0.05531	0.03542	0.00178	0.00409	0.03236	0.00362	0.03443
1	0.04517	0.50459	0.09033	0.00809	0.01186	0.03160	0.00794	0.07388	0.01045	0.03243	0.07154	0.01013	0.00895	0.00444	0.00340	0.00107	0.00463	0.00314	0.00253	0.07383
2	0.01056	0.12208	0.03394	0.00817	0.02210	0.13880	0.00630	0.09720	0.08753	0.01323	0.04057	0.06047	0.02356	0.25899	0.04227	0.00245	0.01877	0.00515	0.00302	0.00485
3	0.03861	0.12673	0.03366	0.00946	0.01279	0.05819	0.00802	0.51161	0.03437	0.03601	0.01099	0.01182	0.02716	0.03826	0.02121	0.00152	0.00508	0.00395	0.00379	0.00675
4	0.02412	0.07741	0.15465	0.08543	0.25364	0.03258	0.08604	0.01361	0.03701	0.03636	0.03546	0.01229	0.01966	0.02515	0.00492	0.00139	0.02061	0.00403	0.00246	0.07316
5	0.02295	0.03486	0.18965	0.02218	0.09661	0.05488	0.06230	0.07171	0.02205	0.26171	0.01307	0.06030	0.02263	0.00585	0.01708	0.00148	0.00518	0.00458	0.02439	0.00655
6	0.00707	0.03396	0.00844	0.00745	0.00833	0.00644	0.04156	0.00844	0.00734	0.01051	0.01180	0.01871	0.01147	0.18269	0.52781	0.00563	0.05745	0.00498	0.03597	0.00396
7	0.00963	0.00800	0.00960	0.00999	0.11645	0.03420	0.00678	0.12092	0.11247	0.03231	0.22000	0.03698	0.17886	0.00823	0.02285	0.00156	0.04458	0.00636	0.00399	0.01624
8	0.01121	0.07669	0.17263	0.05754	0.10243	0.09769	0.20649	0.04109	0.04170	0.04635	0.03481	0.02545	0.02179	0.00493	0.00480	0.00140	0.02685	0.01748	0.00261	0.00605
9	0.00640	0.00475	0.00699	0.00699	0.00771	0.00548	0.00534	0.00786	0.00713	0.01023	0.01217	0.01860	0.01163	0.10487	0.75435	0.00694	0.01131	0.00494	0.00242	0.00388
10	0.00733	0.00521	0.00615	0.00572	0.00720	0.00483	0.00435	0.03471	0.04950	0.06338	0.41434	0.05782	0.30347	0.00956	0.00519	0.00146	0.00244	0.00821	0.00464	0.00450
11	0.01426	0.03106	0.08005	0.01069	0.04295	0.20778	0.00870	0.28690	0.10416	0.05876	0.01190	0.06919	0.00977	0.00584	0.00442	0.00136	0.00539	0.02095	0.01946	0.00641
12	0.02455	0.03899	0.01634	0.04262	0.23362	0.07953	0.11872	0.27116	0.07838	0.03701	0.01002	0.01125	0.00762	0.00468	0.00447	0.00135	0.00552	0.00411	0.00322	0.00682
13	0.00725	0.02951	0.00652	0.00653	0.00745	0.05583	0.00476	0.02551	0.03950	0.01292	0.03825	0.47423	0.10004	0.01119	0.00515	0.00162	0.00309	0.06482	0.10171	0.00412
14	0.00646	0.00450	0.00571	0.00571	0.00600	0.00479	0.00375	0.00704	0.00675	0.00929	0.01333	0.02506	0.01443	0.55151	0.31155	0.00536	0.00709	0.00589	0.00260	0.00317
15	0.02515	0.03100	0.34563	0.05925	0.32784	0.01076	0.06222	0.03651	0.03273	0.01478	0.00854	0.01052	0.00657	0.00420	0.00436	0.00138	0.00591	0.00376	0.00221	0.00667
16	0.00773	0.00707	0.00722	0.00664	0.00837	0.07567	0.03443	0.05364	0.07797	0.01407	0.11385	0.10493	0.45210	0.00971	0.00511	0.00149	0.00323	0.00820	0.00406	0.00451
17	0.00634	0.00484	0.00629	0.00620	0.00715	0.00509	0.00464	0.00812	0.03943	0.01176	0.11481	0.02646	0.19011	0.12797	0.41517	0.00468	0.00739	0.00642	0.00320	0.00393
18	0.01004	0.09255	0.35660	0.06374	0.15004	0.04762	0.14513	0.01374	0.00972	0.01343	0.00824	0.01044	0.00640	0.00561	0.04630	0.00166	0.00669	0.00376	0.00206	0.00622
19	0.16575	0.15822	0.09088	0.02491	0.10651	0.08809	0.02198	0.10263	0.03029	0.07466	0.03305	0.01208	0.03818	0.02945	0.00443	0.00138	0.00489	0.00374	0.00295	0.00594
20	0.00553	0.00400	0.00518	0.00607	0.00646	0.00372	0.00410	0.00637	0.00876	0.01156	0.04235	0.70863	0.09709	0.04287	0.00628	0.00188	0.00265	0.02877	0.00412	0.00364
21	0.42610	0.03652	0.00840	0.00704	0.00954	0.00939	0.00564	0.08118	0.11348	0.09836	0.01203	0.12398	0.01048	0.00699	0.03175	0.00164	0.00385	0.00460	0.00357	0.00548
22	0.01212	0.15847	0.24756	0.01312	0.14890	0.10450	0.02231	0.07478	0.01116	0.08417	0.03270	0.01154	0.03063	0.00503	0.01361	0.00135	0.00566	0.00372	0.00268	0.01599
23	0.01208	0.37445	0.06505	0.00960	0.01257	0.13698	0.04782	0.05347	0.01008	0.03573	0.02146	0.02760	0.00765	0.02630	0.03732	0.00155	0.10886	0.00351	0.00237	0.00556

[dist]
# distance from previous block
# <min> <max>
6	29

[block]
# block no. 3 follows, 58 sequences, length 7
# corresponding to MSA columns:
# 1344-1350
name=unknown_D
#
# <colnr> <probs for GDERKNQSTAVLIFYWHMCP>
#	G	D	E	R	K	N	Q	S	T	A	V	L	I	F	Y	W	H	M	C	P
0	0.01058	0.05623	0.06295	0.03667	0.01261	0.00933	0.02431	0.05849	0.29032	0.03460	0.01263	0.03215	0.01011	0.00505	0.00408	0.00119	0.00397	0.02309	0.00343	0.30823
1	0.00634	0.00468	0.00541	0.00551	0.00678	0.00418	0.00420	0.00763	0.01010	0.04536	0.10406	0.11328	0.47266	0.05483	0.03110	0.00191	0.00299	0.11086	0.00415	0.00396
2	0.87439	0.00865	0.00657	0.00588	0.00865	0.01003	0.00484	0.01315	0.00761	0.02007	0.00623	0.00727	0.00484	0.00415	0.00277	0.00138	0.00346	0.00242	0.00277	0.00484
3	0.00601	0.00422	0.00538	0.00572	0.00634	0.00394	0.00398	0.00731	0.01002	0.01392	0.31661	0.40119	0.06035	0.07943	0.00679	0.00182	0.00252	0.00991	0.05072	0.00381
4	0.00647	0.00621	0.05093	0.00575	0.00768	0.00499	0.00474	0.00904	0.07583	0.01425	0.21491	0.03464	0.47395	0.00949	0.00504	0.00143	0.00264	0.00800	0.00414	0.05988
5	0.01363	0.01557	0.10627	0.04020	0.09905	0.29624	0.00979	0.18016	0.09873	0.01654	0.04249	0.01276	0.00935	0.00529	0.00439	0.00134	0.00600	0.03291	0.00310	0.00618
6	0.04677	0.05819	0.01361	0.05383	0.10075	0.04908	0.09290	0.14499	0.09103	0.07698	0.01448	0.08665	0.07562	0.00634	0.00533	0.00146	0.06735	0.00527	0.00339	0.00599

[dist]
# distance from previous block
# <min> <max>
4	12

[block]
# block no. 4 follows, 58 sequences, length 24
# corresponding to MSA columns:
# 1363-1386
name=unknown_E
#
# <colnr> <probs for GDERKNQSTAVLIFYWHMCP>
#	G	D	E	R	K	N	Q	S	T	A	V	L	I	F	Y	W	H	M	C	P
0	0.03211	0.01021	0.03766	0.13493	0.20379	0.03219	0.05994	0.03264	0.00922	0.02886	0.03192	0.01203	0.02691	0.00579	0.00803	0.00157	0.29492	0.00418	0.00236	0.03074
1	0.03644	0.04600	0.06391	0.04678	0.01167	0.15327	0.00722	0.12353	0.06604	0.06223	0.05719	0.07982	0.06482	0.10277	0.03049	0.00191	0.00505	0.03218	0.00342	0.00528
2	0.01138	0.01171	0.12626	0.07119	0.10363	0.04122	0.17973	0.09484	0.03862	0.09792	0.02299	0.09953	0.01035	0.00670	0.03352	0.00167	0.03434	0.00523	0.00306	0.00609
3	0.01067	0.03240	0.01069	0.06020	0.15813	0.04433	0.00754	0.02877	0.13272	0.12830	0.18998	0.09389	0.06941	0.00709	0.00475	0.00143	0.00383	0.00615	0.00395	0.00577
4	0.00605	0.00446	0.00537	0.00548	0.00655	0.00398	0.00401	0.00745	0.01068	0.03195	0.30273	0.24564	0.31524	0.01116	0.00539	0.00156	0.00236	0.02152	0.00445	0.00398
5	0.01413	0.29486	0.01673	0.01034	0.01318	0.41299	0.04499	0.03919	0.04142	0.01175	0.00742	0.00867	0.00630	0.00525	0.02539	0.00131	0.03523	0.00303	0.00231	0.00551
6	0.00916	0.14478	0.14566	0.11068	0.03023	0.05695	0.00869	0.06770	0.01020	0.01320	0.02935	0.27502	0.02941	0.00798	0.00465	0.00149	0.00463	0.04206	0.00304	0.00512
7	0.01834	0.00789	0.01039	0.00817	0.01130	0.00730	0.00668	0.09927	0.01314	0.65266	0.01714	0.07768	0.01199	0.00623	0.00488	0.00143	0.02800	0.00506	0.00522	0.00723
8	0.00644	0.00454	0.00561	0.00602	0.00648	0.00447	0.00423	0.00740	0.01915	0.01092	0.04207	0.19215	0.07073	0.38618	0.03687	0.00312	0.00397	0.18277	0.00347	0.00341
9	0.06323	0.13460	0.24554	0.02399	0.02782	0.05841	0.07644	0.08573	0.03819	0.04753	0.03022	0.05093	0.03228	0.01629	0.01423	0.00146	0.01777	0.00428	0.02513	0.00593
10	0.01388	0.02496	0.04945	0.01256	0.15798	0.02504	0.05556	0.16400	0.05311	0.23267	0.01339	0.05592	0.01046	0.02807	0.02842	0.00163	0.00484	0.01736	0.04408	0.00662
11	0.00596	0.00465	0.00545	0.00576	0.00681	0.00430	0.00425	0.00776	0.05043	0.01305	0.13690	0.28322	0.34755	0.02703	0.00578	0.00169	0.00261	0.07858	0.00425	0.00397
12	0.00789	0.00563	0.00657	0.00607	0.00760	0.00538	0.00460	0.08462	0.04773	0.05873	0.33006	0.11597	0.26691	0.02513	0.00550	0.00153	0.00267	0.00823	0.00454	0.00463
13	0.03357	0.25827	0.19377	0.01112	0.05164	0.06686	0.06219	0.11311	0.09507	0.01526	0.02251	0.01079	0.02157	0.00471	0.00417	0.00128	0.02155	0.00362	0.00268	0.00625
14	0.01102	0.06338	0.41771	0.01205	0.04347	0.13874	0.03526	0.03709	0.01014	0.04808	0.00912	0.01101	0.02111	0.03063	0.03255	0.00166	0.06498	0.00364	0.00230	0.00604
15	0.00558	0.00397	0.00525	0.00615	0.00643	0.00376	0.00410	0.00635	0.00844	0.01130	0.03813	0.73738	0.02822	0.07508	0.03515	0.00218	0.00304	0.01190	0.00400	0.00359
16	0.03674	0.05927	0.32343	0.02956	0.06380	0.15091	0.15248	0.07674	0.03854	0.01486	0.00846	0.00999	0.00638	0.00434	0.00433	0.00136	0.00652	0.00368	0.00237	0.00626
17	0.00977	0.08209	0.03629	0.05652	0.01255	0.02228	0.11686	0.09794	0.04441	0.05348	0.11438	0.08856	0.10174	0.07160	0.03621	0.00188	0.02952	0.01528	0.00344	0.00519
18	0.00664	0.00438	0.00554	0.00583	0.00621	0.00439	0.00388	0.00733	0.00767	0.03343	0.01751	0.28333	0.01962	0.37119	0.14115	0.00370	0.00487	0.03133	0.03857	0.00345
19	0.00650	0.00482	0.00541	0.00533	0.00666	0.00434	0.00393	0.03255	0.01028	0.04643	0.09795	0.15705	0.50044	0.05452	0.04163	0.00193	0.00298	0.00909	0.00413	0.00403
20	0.04907	0.18686	0.19010	0.01033	0.03729	0.08894	0.04681	0.03479	0.04833	0.12775	0.03411	0.07729	0.00993	0.00551	0.00449	0.00134	0.03373	0.00434	0.00298	0.00603
21	0.02718	0.08076	0.07033	0.02096	0.10346	0.06529	0.04603	0.18654	0.20677	0.02723	0.03569	0.02675	0.03392	0.00557	0.00486	0.00140	0.04289	0.00446	0.00344	0.00648
22	0.02557	0.00786	0.02947	0.01161	0.14594	0.00729	0.11674	0.03395	0.06317	0.05281	0.09289	0.08768	0.24097	0.00818	0.01925	0.00157	0.00411	0.02116	0.00359	0.02620
23	0.03622	0.06315	0.04111	0.09551	0.21554	0.03602	0.03298	0.08856	0.04934	0.07725	0.03187	0.11463	0.03188	0.00591	0.00444	0.00136	0.00463	0.00514	0.00315	0.06131

[dist]
# distance from previous block
# <min> <max>
3	34

[block]
# block no. 5 follows, 58 sequences, length 19
# corresponding to MSA columns:
# 1421-1439
name=unknown_F
#
# <colnr> <probs for GDERKNQSTAVLIFYWHMCP>
#	G	D	E	R	K	N	Q	S	T	A	V	L	I	F	Y	W	H	M	C	P
0	0.00588	0.00420	0.00561	0.00623	0.00658	0.00422	0.00427	0.00673	0.00792	0.01073	0.01992	0.49593	0.02303	0.16897	0.18934	0.00346	0.00501	0.02489	0.00350	0.00355
1	0.02707	0.01802	0.45673	0.01296	0.03410	0.09125	0.13049	0.01369	0.00980	0.01377	0.04722	0.01139	0.00799	0.00650	0.05744	0.00180	0.04769	0.00391	0.00219	0.00599
2	0.01015	0.20750	0.33266	0.02752	0.01481	0.04612	0.02372	0.04886	0.03466	0.01329	0.00885	0.03480	0.00740	0.00746	0.07748	0.00186	0.07059	0.00369	0.02271	0.00586
3	0.00887	0.00558	0.00629	0.00613	0.00736	0.01950	0.00452	0.08842	0.02241	0.07275	0.04242	0.31011	0.07022	0.02754	0.02211	0.00162	0.00307	0.00771	0.26879	0.00457
4	0.00797	0.00547	0.00672	0.00690	0.00779	0.02403	0.00499	0.04869	0.00993	0.09014	0.06016	0.56478	0.06964	0.01184	0.00589	0.00171	0.04331	0.02151	0.00419	0.00436
5	0.01203	0.04136	0.00995	0.00817	0.01041	0.09900	0.00642	0.16006	0.16350	0.10379	0.05265	0.01837	0.08770	0.06873	0.11973	0.00238	0.00539	0.00506	0.01956	0.00574
6	0.00597	0.00487	0.00522	0.00515	0.00658	0.00435	0.00384	0.03095	0.03574	0.01345	0.13774	0.11728	0.59110	0.01097	0.00528	0.00152	0.00240	0.00929	0.00427	0.00404
7	0.00543	0.00396	0.00512	0.00605	0.00644	0.00365	0.00407	0.00625	0.00874	0.01149	0.02687	0.75436	0.11367	0.01373	0.00566	0.00178	0.00256	0.01237	0.00415	0.00365
8	0.03607	0.12197	0.15240	0.01257	0.05783	0.43714	0.07818	0.03027	0.01139	0.01248	0.00733	0.00872	0.00591	0.00435	0.00403	0.00122	0.00704	0.00317	0.00223	0.00571
9	0.00820	0.00422	0.00444	0.00449	0.00545	0.00417	0.00328	0.01005	0.00923	0.03252	0.01565	0.10082	0.01353	0.04675	0.00437	0.00129	0.00228	0.00516	0.71997	0.00412
10	0.00639	0.00449	0.00554	0.00603	0.00669	0.00424	0.00415	0.02397	0.02633	0.03455	0.04672	0.53108	0.14177	0.11332	0.00763	0.00204	0.00288	0.02432	0.00405	0.00384
11	0.02926	0.01172	0.07387	0.20823	0.27799	0.07068	0.14312	0.03831	0.01012	0.01375	0.00828	0.01113	0.00661	0.00525	0.02938	0.00160	0.04841	0.00406	0.00223	0.00601
12	0.01722	0.00847	0.01045	0.00836	0.01152	0.00826	0.00678	0.12514	0.16363	0.52029	0.01768	0.03860	0.03046	0.00599	0.00456	0.00142	0.00383	0.00489	0.00514	0.00731
13	0.00955	0.01001	0.04711	0.00768	0.00934	0.21369	0.00599	0.01160	0.05810	0.03814	0.13882	0.15354	0.15396	0.08830	0.00661	0.00173	0.00437	0.03327	0.00362	0.00454
14	0.00886	0.00943	0.08085	0.01000	0.03653	0.06922	0.06703	0.01080	0.02649	0.01192	0.04011	0.01581	0.03391	0.07787	0.20474	0.04173	0.18982	0.00466	0.05555	0.00465
15	0.00658	0.00433	0.00485	0.00485	0.00489	0.00433	0.00273	0.00667	0.00662	0.00900	0.01411	0.02876	0.01607	0.80849	0.02196	0.00420	0.00424	0.00641	0.03814	0.00277
16	0.04496	0.00886	0.00921	0.00802	0.01036	0.05855	0.00632	0.14344	0.24095	0.11593	0.03371	0.02702	0.10874	0.00976	0.10291	0.00210	0.00481	0.00518	0.05321	0.00600
17	0.02668	0.09012	0.01978	0.03493	0.04274	0.06285	0.02525	0.16406	0.08262	0.01566	0.03008	0.15259	0.08303	0.06824	0.00637	0.00166	0.04143	0.02435	0.01184	0.01572
18	0.04912	0.49244	0.04737	0.03409	0.01235	0.02753	0.00788	0.13340	0.02901	0.03029	0.00839	0.01038	0.00723	0.02440	0.01772	0.00130	0.00490	0.02618	0.00260	0.03340

[dist]
# distance from previous block
# <min> <max>
2	27

[block]
# block no. 6 follows, 58 sequences, length 18
# corresponding to MSA columns:
# 1467-1484
name=unknown_G
#
# <colnr> <probs for GDERKNQSTAVLIFYWHMCP>
#	G	D	E	R	K	N	Q	S	T	A	V	L	I	F	Y	W	H	M	C	P
0	0.00780	0.00646	0.00943	0.09748	0.20723	0.00662	0.00711	0.00969	0.03983	0.01241	0.09319	0.13465	0.06045	0.25354	0.01019	0.00234	0.00414	0.02975	0.00312	0.00456
1	0.00818	0.00622	0.00712	0.00603	0.00830	0.00534	0.00457	0.01041	0.06575	0.05206	0.07465	0.06651	0.20688	0.10520	0.00651	0.00154	0.00308	0.01854	0.02611	0.31699
2	0.04120	0.07178	0.30495	0.05266	0.03814	0.07244	0.07281	0.05162	0.16528	0.04497	0.01139	0.01215	0.03130	0.00487	0.00429	0.00139	0.00559	0.00398	0.00283	0.00636
3	0.04024	0.01008	0.03834	0.06638	0.01255	0.12664	0.04977	0.16208	0.01184	0.05400	0.01546	0.30817	0.03154	0.00837	0.00531	0.00154	0.04184	0.00709	0.00354	0.00524
4	0.00554	0.00409	0.00519	0.00595	0.00650	0.00374	0.00411	0.00651	0.00920	0.01208	0.08762	0.62063	0.16462	0.01314	0.00562	0.00174	0.00254	0.03324	0.00421	0.00372
5	0.02372	0.00730	0.02030	0.00762	0.02335	0.00729	0.00593	0.15342	0.05295	0.12761	0.06754	0.13368	0.19203	0.03027	0.00585	0.00158	0.04775	0.03357	0.05288	0.00536
6	0.01111	0.02594	0.15107	0.04970	0.20195	0.12965	0.06639	0.05319	0.01067	0.03529	0.01170	0.01530	0.05588	0.00611	0.01910	0.00154	0.07589	0.06050	0.01313	0.00590
7	0.00770	0.00391	0.00578	0.00578	0.00578	0.00391	0.00382	0.00586	0.00586	0.00782	0.00811	0.01443	0.00822	0.05971	0.01776	0.82364	0.00391	0.00402	0.00198	0.00198
8	0.00648	0.00482	0.00562	0.00534	0.00672	0.00432	0.00403	0.00849	0.03668	0.04219	0.42451	0.03650	0.37816	0.00988	0.00523	0.00146	0.00228	0.00847	0.00460	0.00423
9	0.01671	0.02132	0.01268	0.01152	0.01383	0.82483	0.00864	0.01786	0.01268	0.01095	0.00691	0.00807	0.00576	0.00461	0.00403	0.00115	0.00807	0.00288	0.00230	0.00519
10	0.04309	0.00852	0.01357	0.50925	0.20129	0.00988	0.01170	0.01278	0.06765	0.01313	0.00972	0.01431	0.00797	0.00496	0.00451	0.00149	0.00543	0.05283	0.00239	0.00554
11	0.01348	0.00734	0.00897	0.00754	0.00970	0.00738	0.00582	0.15338	0.06668	0.30196	0.01539	0.06187	0.01276	0.18843	0.10024	0.00268	0.00492	0.00535	0.02027	0.00584
12	0.01153	0.72972	0.04956	0.00835	0.01208	0.01662	0.03855	0.01317	0.00902	0.01080	0.00661	0.00792	0.00600	0.00511	0.03556	0.00127	0.02783	0.00267	0.00195	0.00569
13	0.39832	0.00775	0.00770	0.00655	0.00919	0.00799	0.00528	0.02829	0.00872	0.01683	0.04073	0.05389	0.02716	0.00686	0.05013	0.00157	0.03641	0.03005	0.00295	0.25363
14	0.00994	0.06551	0.35899	0.01757	0.24210	0.01084	0.17300	0.01375	0.00983	0.01401	0.00882	0.03928	0.00713	0.00439	0.00448	0.00140	0.00619	0.00417	0.00214	0.00647
15	0.00972	0.00874	0.00948	0.00692	0.01079	0.05455	0.00550	0.01166	0.00948	0.01436	0.00789	0.00920	0.00657	0.00339	0.00336	0.00069	0.00359	0.00266	0.00263	0.81882
16	0.01303	0.29237	0.07996	0.00996	0.05021	0.08659	0.00857	0.22866	0.06166	0.01662	0.00891	0.01011	0.00723	0.03373	0.00443	0.00126	0.00508	0.00336	0.00291	0.07537
17	0.01163	0.07735	0.28822	0.01100	0.04670	0.10707	0.02744	0.06124	0.09657	0.08735	0.03677	0.05612	0.02154	0.00535	0.00430	0.00134	0.00536	0.00431	0.00301	0.04735

[dist]
# distance from previous block
# <min> <max>
0	1

[block]
# block no. 7 follows, 58 sequences, length 7
# corresponding to MSA columns:
# 1486-1492
name=unknown_H
#
# <colnr> <probs for GDERKNQSTAVLIFYWHMCP>
#	G	D	E	R	K	N	Q	S	T	A	V	L	I	F	Y	W	H	M	C	P
0	0.01061	0.06785	0.45568	0.02661	0.01673	0.02539	0.06322	0.07647	0.03510	0.07156	0.03799	0.05490	0.00907	0.00520	0.00462	0.00142	0.02428	0.00425	0.00269	0.00635
1	0.00721	0.00484	0.00618	0.00622	0.00714	0.00473	0.00447	0.00910	0.05629	0.06785	0.21523	0.29885	0.07977	0.10489	0.10375	0.00256	0.00389	0.00874	0.00409	0.00420
2	0.00740	0.00623	0.04037	0.00594	0.00769	0.02719	0.00477	0.00953	0.05219	0.07351	0.20559	0.10072	0.42242	0.00988	0.00514	0.00149	0.00278	0.00838	0.00430	0.00448
3	0.01270	0.11377	0.28615	0.03641	0.03809	0.18095	0.04359	0.03753	0.03179	0.11849	0.00933	0.01039	0.00696	0.00558	0.03265	0.00152	0.02175	0.00352	0.00264	0.00620
4	0.03543	0.09948	0.25019	0.05114	0.06372	0.05785	0.19429	0.07812	0.03192	0.08201	0.00927	0.01067	0.00683	0.00435	0.00436	0.00137	0.00608	0.00390	0.00263	0.00639
5	0.00698	0.00490	0.00590	0.00553	0.00681	0.00450	0.00412	0.00905	0.04151	0.05878	0.47161	0.03408	0.24520	0.07348	0.00655	0.00166	0.00247	0.00802	0.00457	0.00428
6	0.00648	0.00454	0.00573	0.00624	0.00674	0.00444	0.00454	0.00745	0.00858	0.01133	0.06144	0.18627	0.05586	0.34352	0.01262	0.00287	0.00375	0.26053	0.00361	0.00346

[dist]
# distance from previous block
# <min> <max>
2	21

[block]
# block no. 8 follows, 58 sequences, length 12
# corresponding to MSA columns:
# 1514-1525
name=unknown_I
#
# <colnr> <probs for GDERKNQSTAVLIFYWHMCP>
#	G	D	E	R	K	N	Q	S	T	A	V	L	I	F	Y	W	H	M	C	P
0	0.02458	0.00972	0.05457	0.06641	0.10571	0.02271	0.00808	0.09401	0.22152	0.05382	0.01630	0.01700	0.10773	0.00576	0.00438	0.00132	0.00412	0.02116	0.00354	0.15756
1	0.02886	0.03857	0.07448	0.01573	0.28222	0.00975	0.08329	0.01332	0.06706	0.01461	0.04534	0.01255	0.02610	0.00476	0.00515	0.00128	0.07929	0.00408	0.01781	0.17576
2	0.03720	0.00638	0.00747	0.00631	0.00854	0.00573	0.00487	0.04130	0.05860	0.01668	0.33903	0.07273	0.05416	0.00699	0.00443	0.00118	0.00278	0.00599	0.02883	0.29079
3	0.00749	0.00519	0.00726	0.05584	0.00875	0.00575	0.00532	0.00874	0.00786	0.06080	0.06579	0.05260	0.01475	0.24098	0.39364	0.00493	0.04180	0.00567	0.00287	0.00398
4	0.02910	0.08104	0.27517	0.01270	0.10934	0.05029	0.07513	0.06592	0.04232	0.03222	0.01159	0.07903	0.02880	0.02172	0.04893	0.00177	0.00586	0.02040	0.00268	0.00598
5	0.01186	0.01208	0.01278	0.06551	0.04964	0.18071	0.03292	0.06945	0.20758	0.01432	0.01099	0.03212	0.02307	0.00625	0.00746	0.00156	0.24861	0.00435	0.00296	0.00577
6	0.03250	0.00979	0.08464	0.00799	0.01156	0.02100	0.02837	0.11794	0.04465	0.03434	0.01371	0.02850	0.10039	0.00624	0.03743	0.00131	0.00427	0.00415	0.00315	0.40808
7	0.03432	0.05579	0.02797	0.01972	0.02718	0.00823	0.12841	0.10160	0.05973	0.01430	0.01526	0.20334	0.04366	0.09152	0.11773	0.00253	0.00547	0.00660	0.00322	0.03343
8	0.00665	0.00457	0.00524	0.00523	0.00539	0.00467	0.00311	0.00729	0.03942	0.00927	0.01447	0.05370	0.01627	0.73403	0.06931	0.00431	0.00470	0.00654	0.00281	0.00300
9	0.00762	0.00397	0.00586	0.00586	0.00591	0.00402	0.00393	0.00600	0.00595	0.00798	0.00837	0.01469	0.00844	0.06119	0.06801	0.76959	0.00441	0.00408	0.00201	0.00211
10	0.01298	0.04883	0.01525	0.07881	0.35492	0.14471	0.01076	0.12641	0.06291	0.05370	0.00968	0.02659	0.00781	0.00479	0.00455	0.00133	0.02258	0.00400	0.00286	0.00654
11	0.00710	0.00540	0.00683	0.00742	0.03367	0.00557	0.00505	0.04644	0.09857	0.01332	0.07782	0.50529	0.02461	0.08370	0.03844	0.00214	0.02052	0.00981	0.00397	0.00432

[dist]
# distance from previous block
# <min> <max>
0	1

[block]
# block no. 9 follows, 58 sequences, length 26
# corresponding to MSA columns:
# 1527-1552
name=unknown_J
#
# <colnr> <probs for GDERKNQSTAVLIFYWHMCP>
#	G	D	E	R	K	N	Q	S	T	A	V	L	I	F	Y	W	H	M	C	P
0	0.00602	0.00459	0.00558	0.00591	0.00691	0.00426	0.00442	0.00773	0.03522	0.01349	0.20101	0.27305	0.27463	0.02374	0.00576	0.00169	0.00265	0.11506	0.00431	0.00397
1	0.12254	0.01235	0.01129	0.01007	0.05241	0.21624	0.02635	0.21222	0.04435	0.11518	0.03281	0.01281	0.04199	0.00588	0.02099	0.00143	0.00525	0.00401	0.04575	0.00607
2	0.01061	0.03280	0.02252	0.07037	0.18820	0.01123	0.50336	0.01473	0.07231	0.01445	0.00949	0.01208	0.00731	0.00404	0.00493	0.00146	0.00659	0.00484	0.00240	0.00626
3	0.00576	0.00421	0.00546	0.00639	0.00677	0.00404	0.00431	0.00719	0.05216	0.01182	0.02430	0.79491	0.02872	0.01358	0.00565	0.00180	0.00265	0.01230	0.00417	0.00382
4	0.00642	0.00466	0.00569	0.00603	0.00694	0.00439	0.00429	0.00837	0.06654	0.03797	0.16138	0.45192	0.19504	0.01180	0.00543	0.00165	0.00255	0.01045	0.00435	0.00413
5	0.00806	0.00592	0.00719	0.00770	0.03780	0.00605	0.00546	0.02660	0.18905	0.04853	0.02321	0.39909	0.09039	0.01049	0.00518	0.00165	0.00306	0.06830	0.05140	0.00486
6	0.00845	0.00795	0.01342	0.83204	0.03081	0.00994	0.01242	0.01143	0.00894	0.01143	0.00795	0.01193	0.00596	0.00447	0.00447	0.00149	0.00596	0.00398	0.00199	0.00497
7	0.87439	0.00865	0.00657	0.00588	0.00865	0.01003	0.00484	0.01315	0.00761	0.02007	0.00623	0.00727	0.00484	0.00415	0.00277	0.00138	0.00346	0.00242	0.00277	0.00484
8	0.00571	0.00403	0.00537	0.00638	0.00674	0.00380	0.00444	0.00665	0.00877	0.01176	0.02429	0.73678	0.02872	0.01361	0.00569	0.00182	0.00274	0.09249	0.02649	0.00370
9	0.00672	0.00461	0.00543	0.00541	0.00570	0.00468	0.00338	0.02254	0.02364	0.00987	0.03002	0.08412	0.04967	0.59371	0.09029	0.04271	0.00474	0.00674	0.00292	0.00311
10	0.01209	0.21818	0.23301	0.01164	0.05976	0.06948	0.06849	0.12135	0.06798	0.04142	0.00900	0.00995	0.00691	0.00440	0.00400	0.00125	0.00556	0.00346	0.00266	0.04940
11	0.01055	0.01311	0.09847	0.01681	0.02105	0.05125	0.59862	0.01451	0.04134	0.01432	0.03861	0.01251	0.00817	0.00429	0.00542	0.00149	0.03607	0.00502	0.00241	0.00598
12	0.01810	0.00783	0.01018	0.00796	0.01115	0.00714	0.00651	0.11227	0.01357	0.63359	0.06094	0.04181	0.03555	0.00614	0.00460	0.00140	0.00377	0.00503	0.00530	0.00720
13	0.00911	0.04624	0.04323	0.02155	0.04023	0.00689	0.00607	0.05396	0.05414	0.09855	0.20653	0.08598	0.19623	0.02395	0.02692	0.00165	0.03809	0.00687	0.02873	0.00506
14	0.16372	0.10935	0.12981	0.03862	0.01390	0.16349	0.05421	0.06316	0.02989	0.12188	0.00957	0.03940	0.00751	0.00498	0.00430	0.00134	0.03234	0.00370	0.00294	0.00589
15	0.01120	0.00624	0.00748	0.00650	0.00845	0.00602	0.00508	0.09443	0.04885	0.21074	0.23169	0.07724	0.08891	0.00751	0.00459	0.00137	0.00292	0.00634	0.16902	0.00543
16	0.00544	0.00420	0.00491	0.00544	0.00624	0.00373	0.00378	0.00637	0.00927	0.01174	0.05009	0.44998	0.36474	0.04485	0.00618	0.00177	0.00251	0.01097	0.00411	0.00367
17	0.03124	0.03437	0.39399	0.05121	0.19659	0.05078	0.09659	0.03889	0.02530	0.02721	0.00851	0.01029	0.00640	0.00425	0.00435	0.00139	0.00620	0.00371	0.00224	0.00651
18	0.02557	0.01191	0.04375	0.18399	0.13222	0.14901	0.06151	0.04178	0.05753	0.04784	0.00883	0.01112	0.00701	0.00521	0.00633	0.00147	0.16471	0.00391	0.03058	0.00573
19	0.01606	0.01144	0.01241	0.00967	0.01291	0.01256	0.00791	0.68918	0.01933	0.05092	0.01134	0.03204	0.00844	0.00601	0.00499	0.03738	0.00466	0.00426	0.04136	0.00713
20	0.17101	0.06909	0.11030	0.04134	0.23794	0.05756	0.20426	0.01390	0.00967	0.01484	0.00782	0.00999	0.00621	0.00412	0.00441	0.00138	0.02411	0.00376	0.00226	0.00605
21	0.00613	0.00525	0.03976	0.00653	0.00744	0.00491	0.00503	0.00742	0.00795	0.01082	0.01985	0.21863	0.13003	0.12517	0.37901	0.00450	0.00719	0.00750	0.00308	0.00383
22	0.00904	0.06554	0.23289	0.01264	0.12843	0.03209	0.08488	0.01198	0.03033	0.02950	0.01411	0.20358	0.03901	0.03875	0.01651	0.00168	0.01787	0.02285	0.00281	0.00552
23	0.01163	0.09042	0.32657	0.01222	0.07742	0.06600	0.03674	0.08843	0.10187	0.06116	0.00977	0.01063	0.00729	0.00460	0.00437	0.00132	0.02184	0.00362	0.00276	0.06134
24	0.03024	0.04191	0.01893	0.00801	0.04153	0.00652	0.00576	0.04396	0.00892	0.03462	0.01814	0.44721	0.03104	0.05164	0.11383	0.00253	0.07866	0.00875	0.00347	0.00435
25	0.05303	0.04509	0.25102	0.01144	0.08647	0.02247	0.06433	0.04385	0.00974	0.01393	0.02461	0.25355	0.04446	0.00764	0.00512	0.00154	0.03691	0.01646	0.00292	0.00540

[dist]
# distance from previous block
# <min> <max>
2	10

[block]
# block no. 10 follows, 58 sequences, length 19
# corresponding to MSA columns:
# 1563-1581
name=unknown_K
#
# <colnr> <probs for GDERKNQSTAVLIFYWHMCP>
#	G	D	E	R	K	N	Q	S	T	A	V	L	I	F	Y	W	H	M	C	P
0	0.02535	0.03531	0.16996	0.00994	0.03451	0.07551	0.05095	0.08380	0.11520	0.05749	0.15967	0.03659	0.04503	0.00609	0.00453	0.00136	0.00461	0.01738	0.00351	0.06322
1	0.00948	0.00752	0.00815	0.00764	0.00921	0.03893	0.00571	0.18890	0.13758	0.01692	0.09442	0.36033	0.05972	0.02704	0.00548	0.00164	0.00346	0.00845	0.00426	0.00518
2	0.02778	0.03722	0.00891	0.04900	0.02515	0.00755	0.00598	0.05500	0.00847	0.06636	0.01289	0.03239	0.04223	0.24684	0.22706	0.02217	0.11267	0.00518	0.00281	0.00434
3	0.01227	0.10029	0.01228	0.00935	0.01176	0.19210	0.04862	0.15852	0.12795	0.03625	0.04489	0.17082	0.04192	0.00706	0.00455	0.00139	0.00488	0.00583	0.00358	0.00569
4	0.00987	0.00533	0.00675	0.00623	0.00779	0.00479	0.00473	0.01123	0.01072	0.23329	0.18101	0.13124	0.17925	0.11817	0.00747	0.00190	0.00311	0.06783	0.00449	0.00478
5	0.00616	0.00450	0.00516	0.00527	0.00633	0.00399	0.00377	0.00724	0.00980	0.04080	0.13252	0.21190	0.40645	0.11167	0.00747	0.00191	0.00266	0.02444	0.00413	0.00382
6	0.05256	0.01152	0.06311	0.05578	0.06080	0.07744	0.13069	0.13727	0.19591	0.04687	0.04924	0.04783	0.02717	0.00566	0.00474	0.00144	0.01735	0.00491	0.00347	0.00625
7	0.01246	0.71851	0.04654	0.00824	0.01201	0.08549	0.00804	0.04419	0.00986	0.01135	0.00651	0.00746	0.00581	0.00397	0.00307	0.00100	0.00512	0.00252	0.00204	0.00579
8	0.00780	0.00493	0.00619	0.00636	0.00723	0.00475	0.00460	0.02801	0.02727	0.08623	0.07274	0.32283	0.06296	0.19666	0.00930	0.00229	0.00333	0.11838	0.02407	0.00409
9	0.00854	0.05316	0.03466	0.03308	0.02333	0.02640	0.05115	0.03241	0.07170	0.06171	0.14167	0.05621	0.32977	0.00842	0.00523	0.00146	0.03210	0.00708	0.01701	0.00492
10	0.05339	0.01140	0.06518	0.00987	0.01279	0.09079	0.06537	0.14924	0.24304	0.10087	0.02880	0.06548	0.04187	0.00624	0.00480	0.00146	0.02391	0.01528	0.00389	0.00635
11	0.00555	0.00406	0.00523	0.00609	0.00658	0.00375	0.00422	0.00648	0.00898	0.01178	0.04717	0.66955	0.13503	0.01344	0.00567	0.00178	0.00262	0.05415	0.00417	0.00369
12	0.00562	0.00412	0.00523	0.00593	0.00647	0.00379	0.00409	0.00661	0.00924	0.01220	0.11534	0.57916	0.14473	0.04355	0.00624	0.00183	0.00260	0.03536	0.00418	0.00370
13	0.11226	0.04954	0.18552	0.03240	0.20140	0.06451	0.08624	0.17053	0.01206	0.03193	0.00857	0.01005	0.00651	0.00439	0.00420	0.00135	0.00565	0.00366	0.00271	0.00651
14	0.03862	0.04922	0.08114	0.02350	0.02613	0.20844	0.14413	0.20868	0.04152	0.05498	0.01051	0.01268	0.01972	0.03082	0.00500	0.00144	0.00606	0.02814	0.00312	0.00613
15	0.00639	0.00479	0.00719	0.00719	0.00799	0.00559	0.00559	0.00799	0.00719	0.01038	0.01198	0.01757	0.01118	0.03355	0.82507	0.00719	0.01198	0.00479	0.00240	0.00399
16	0.01076	0.06258	0.02650	0.00849	0.01216	0.05212	0.05406	0.06622	0.15444	0.01575	0.00989	0.01069	0.00785	0.00409	0.00376	0.00097	0.00412	0.00334	0.00301	0.48921
17	0.02259	0.00968	0.07640	0.06359	0.03429	0.04768	0.00764	0.19560	0.06194	0.02767	0.03849	0.12652	0.04378	0.05322	0.11159	0.00232	0.00546	0.01798	0.00342	0.05013
18	0.07134	0.15540	0.13331	0.00899	0.01173	0.04166	0.04756	0.05590	0.00997	0.01375	0.03720	0.05766	0.05413	0.04758	0.05198	0.00195	0.03964	0.15223	0.00294	0.00508

[dist]
# distance from previous block
# <min> <max>
2	6

[block]
# block no. 11 follows, 58 sequences, length 18
# corresponding to MSA columns:
# 1590-1607
name=unknown_L
#
# <colnr> <probs for GDERKNQSTAVLIFYWHMCP>
#	G	D	E	R	K	N	Q	S	T	A	V	L	I	F	Y	W	H	M	C	P
0	0.22099	0.06474	0.19642	0.02688	0.04145	0.05585	0.00942	0.10794	0.07208	0.01699	0.02844	0.01015	0.00736	0.00489	0.00477	0.00138	0.07942	0.00342	0.00277	0.04463
1	0.02522	0.00967	0.05953	0.01144	0.02899	0.02500	0.22914	0.08274	0.06916	0.08420	0.10634	0.13310	0.05467	0.00704	0.00535	0.00153	0.03370	0.02393	0.00358	0.00566
2	0.00649	0.00438	0.00510	0.00510	0.00517	0.00446	0.00298	0.00665	0.00657	0.00883	0.01390	0.02817	0.01578	0.76642	0.09848	0.00461	0.00506	0.00634	0.00268	0.00283
3	0.04855	0.00838	0.03137	0.47451	0.08961	0.00914	0.01046	0.02232	0.03178	0.10429	0.01121	0.04689	0.03408	0.00520	0.00457	0.00144	0.01703	0.00446	0.00273	0.04199
4	0.00977	0.01967	0.59106	0.02642	0.03785	0.03282	0.11340	0.01452	0.03037	0.04291	0.00925	0.03550	0.00698	0.00459	0.00444	0.00143	0.00643	0.00394	0.00223	0.00644
5	0.00769	0.00391	0.00577	0.00577	0.00577	0.00391	0.00381	0.00587	0.00587	0.00783	0.00817	0.01458	0.00830	0.06754	0.01781	0.81545	0.00391	0.00405	0.00199	0.00199
6	0.01083	0.01037	0.01759	0.02650	0.78110	0.01034	0.01330	0.01342	0.01019	0.01451	0.00996	0.01241	0.04075	0.00429	0.00446	0.00134	0.00519	0.00421	0.00230	0.00695
7	0.01150	0.06543	0.03000	0.04992	0.06063	0.07744	0.06063	0.12831	0.01163	0.12364	0.03087	0.25830	0.01507	0.02219	0.03214	0.00171	0.00479	0.00668	0.00361	0.00554
8	0.01132	0.00845	0.00991	0.00964	0.06303	0.05918	0.02771	0.12766	0.14116	0.12115	0.01810	0.23287	0.04411	0.02216	0.03654	0.00181	0.00436	0.05110	0.00406	0.00571
9	0.01388	0.00693	0.00871	0.00725	0.00968	0.00656	0.00581	0.09876	0.04527	0.37300	0.20522	0.04693	0.04153	0.00701	0.00468	0.00140	0.00330	0.03119	0.07670	0.00616
10	0.00830	0.00527	0.00604	0.02782	0.00762	0.02747	0.00452	0.04233	0.01001	0.07496	0.04660	0.38055	0.07034	0.00959	0.00469	0.00148	0.00284	0.00837	0.25685	0.00436
11	0.03840	0.01718	0.35880	0.01454	0.06734	0.09577	0.22496	0.03842	0.03252	0.01450	0.00902	0.03731	0.00710	0.00460	0.00471	0.00143	0.02071	0.00419	0.00231	0.00620
12	0.00703	0.00452	0.00576	0.00616	0.00684	0.00429	0.00425	0.00811	0.02552	0.07899	0.02334	0.49742	0.09205	0.14706	0.05076	0.00244	0.00348	0.02409	0.00395	0.00393
13	0.03494	0.00838	0.01224	0.31164	0.03993	0.00941	0.05605	0.14087	0.02444	0.07905	0.07022	0.05856	0.03106	0.00730	0.04209	0.00175	0.04237	0.02096	0.00320	0.00554
14	0.01222	0.32591	0.03432	0.01261	0.06561	0.06605	0.22704	0.10425	0.02754	0.03236	0.00906	0.04693	0.00768	0.00460	0.00412	0.00126	0.00569	0.00409	0.00258	0.00607
15	0.03336	0.04098	0.07107	0.00992	0.02653	0.25768	0.00804	0.16391	0.09208	0.03501	0.01182	0.07945	0.01913	0.06184	0.03964	0.00180	0.02453	0.01433	0.00320	0.00567
16	0.00780	0.00462	0.00616	0.00615	0.00679	0.00461	0.00427	0.00828	0.00780	0.09478	0.01640	0.21618	0.03538	0.24875	0.19204	0.12059	0.00544	0.00711	0.00321	0.00365
17	0.05073	0.04856	0.04010	0.00968	0.03872	0.04476	0.00780	0.36807	0.10415	0.09572	0.03043	0.03471	0.00970	0.00579	0.00471	0.02959	0.00450	0.00424	0.02281	0.04524

[dist]
# distance from previous block
# <min> <max>
2	20

[block]
# block no. 12 follows, 58 sequences, length 23
# corresponding to MSA columns:
# 1629-1651
name=unknown_M
#
# <colnr> <probs for GDERKNQSTAVLIFYWHMCP>
#	G	D	E	R	K	N	Q	S	T	A	V	L	I	F	Y	W	H	M	C	P
0	0.02642	0.08392	0.07790	0.01156	0.09727	0.13018	0.04179	0.17012	0.08948	0.05077	0.01047	0.02816	0.00854	0.04680	0.03625	0.00163	0.00552	0.00401	0.00311	0.07611
1	0.05010	0.10400	0.06132	0.02354	0.11643	0.03621	0.04799	0.02877	0.01066	0.05483	0.17958	0.05764	0.16707	0.03648	0.00523	0.00148	0.00401	0.00607	0.00342	0.00517
2	0.03716	0.11368	0.09484	0.04963	0.01316	0.11039	0.03000	0.12997	0.02653	0.01452	0.01152	0.03145	0.06508	0.00916	0.10734	0.00208	0.09970	0.00421	0.00274	0.04682
3	0.13541	0.00822	0.01008	0.02809	0.09021	0.04645	0.06369	0.03469	0.06138	0.03106	0.07220	0.15131	0.06445	0.03847	0.00508	0.00146	0.00396	0.00584	0.00331	0.14463
4	0.12171	0.07109	0.31600	0.00977	0.03827	0.00907	0.02750	0.04005	0.02265	0.02795	0.03653	0.08866	0.10732	0.00636	0.00432	0.00142	0.00471	0.03040	0.00287	0.03335
5	0.00636	0.00574	0.04667	0.00656	0.00780	0.00492	0.00517	0.00880	0.08705	0.01299	0.07156	0.39147	0.22868	0.01163	0.00544	0.00169	0.00293	0.08618	0.00412	0.00423
6	0.01041	0.00739	0.01097	0.28114	0.08317	0.00791	0.02287	0.05115	0.05056	0.15024	0.04482	0.14866	0.06230	0.00764	0.02253	0.00164	0.00459	0.02303	0.00350	0.00549
7	0.02737	0.22580	0.05507	0.07993	0.18202	0.09909	0.00977	0.16772	0.02911	0.03611	0.00956	0.02685	0.02348	0.00477	0.00401	0.00125	0.00529	0.00373	0.00278	0.00629
8	0.02996	0.01145	0.01641	0.01313	0.03645	0.14157	0.31766	0.10626	0.01108	0.01426	0.00995	0.02570	0.00867	0.08267	0.08292	0.04586	0.01786	0.02019	0.00264	0.00531
9	0.00557	0.00441	0.00489	0.00508	0.00617	0.00387	0.00366	0.00666	0.00983	0.01229	0.11357	0.19309	0.50368	0.07947	0.00681	0.00180	0.00253	0.02879	0.00411	0.00371
10	0.00901	0.01184	0.20718	0.03750	0.07244	0.08089	0.00946	0.03721	0.02248	0.01269	0.01170	0.09377	0.01114	0.06758	0.18582	0.00294	0.06402	0.03748	0.01973	0.00512
11	0.01135	0.51280	0.09871	0.01046	0.07921	0.06124	0.04788	0.01393	0.05177	0.01196	0.00973	0.01066	0.05454	0.00449	0.00355	0.00113	0.00512	0.00335	0.00225	0.00587
12	0.00725	0.00528	0.00635	0.00664	0.00776	0.00523	0.00499	0.01900	0.12303	0.03936	0.06333	0.34156	0.16450	0.02959	0.00577	0.00175	0.00298	0.13237	0.02882	0.00442
13	0.00798	0.00467	0.00606	0.00616	0.00712	0.00426	0.00436	0.00907	0.00981	0.13981	0.14574	0.45216	0.08734	0.08525	0.00693	0.00189	0.00284	0.00990	0.00436	0.00428
14	0.00985	0.00751	0.02639	0.03038	0.01007	0.02476	0.03196	0.14700	0.03609	0.04642	0.01575	0.23654	0.01534	0.01961	0.03309	0.00173	0.07276	0.03905	0.19067	0.00503
15	0.02691	0.00450	0.00504	0.00526	0.00640	0.00401	0.00381	0.00730	0.00985	0.03473	0.09623	0.28962	0.42443	0.01136	0.00523	0.00157	0.00242	0.00979	0.04761	0.00392
16	0.00639	0.00470	0.00548	0.00569	0.00684	0.00426	0.00422	0.00795	0.03553	0.04323	0.10242	0.24672	0.38607	0.04311	0.00608	0.00173	0.00268	0.07866	0.00423	0.00402
17	0.08782	0.01137	0.01153	0.00936	0.01247	0.05288	0.00757	0.42970	0.21278	0.07505	0.01257	0.01224	0.00911	0.00541	0.00429	0.00137	0.00446	0.00412	0.02886	0.00702
18	0.87439	0.00865	0.00657	0.00588	0.00865	0.01003	0.00484	0.01315	0.00761	0.02007	0.00623	0.00727	0.00484	0.00415	0.00277	0.00138	0.00346	0.00242	0.00277	0.00484
19	0.01237	0.06199	0.01094	0.00927	0.01113	0.31876	0.00707	0.12045	0.07314	0.01388	0.01314	0.20956	0.01323	0.05330	0.00593	0.00157	0.03669	0.01919	0.00323	0.00516
20	0.01053	0.01077	0.05105	0.09073	0.17694	0.01006	0.24022	0.06826	0.02972	0.01507	0.00871	0.01100	0.00686	0.00416	0.00492	0.00128	0.04600	0.00405	0.00250	0.20717
21	0.04688	0.05394	0.03541	0.04742	0.21390	0.18305	0.02320	0.17208	0.05126	0.09320	0.00975	0.01093	0.00747	0.01570	0.00461	0.00135	0.01649	0.00376	0.00311	0.00649
22	0.01023	0.00891	0.01214	0.01536	0.32394	0.02550	0.00892	0.01566	0.25800	0.04188	0.08674	0.04397	0.08744	0.00678	0.02198	0.00154	0.00422	0.00547	0.01501	0.00629

[dist]
# distance from previous block
# <min> <max>
0	2

[block]
# block no. 13 follows, 58 sequences, length 21
# corresponding to MSA columns:
# 1654-1674
name=unknown_N
#
# <colnr> <probs for GDERKNQSTAVLIFYWHMCP>
#	G	D	E	R	K	N	Q	S	T	A	V	L	I	F	Y	W	H	M	C	P
0	0.05140	0.10141	0.11601	0.04456	0.06979	0.11078	0.13714	0.10398	0.01128	0.07746	0.01036	0.01208	0.03206	0.01709	0.06871	0.00183	0.02128	0.00404	0.00277	0.00596
1	0.00870	0.00814	0.02330	0.00830	0.00962	0.09821	0.02527	0.04173	0.02294	0.01184	0.03647	0.03777	0.01149	0.11105	0.38519	0.00439	0.09078	0.00482	0.00263	0.05737
2	0.01400	0.00959	0.01033	0.00833	0.01106	0.01042	0.00674	0.46329	0.08364	0.06177	0.04640	0.01392	0.01072	0.00556	0.00417	0.00129	0.00391	0.00434	0.22397	0.00655
3	0.01198	0.23357	0.10143	0.08403	0.10267	0.06230	0.06351	0.12972	0.08267	0.03304	0.00987	0.04835	0.00816	0.00492	0.00411	0.00130	0.00531	0.00402	0.00279	0.00624
4	0.01265	0.02695	0.03564	0.01050	0.06236	0.09179	0.00795	0.16209	0.40207	0.04810	0.01414	0.01447	0.01087	0.03913	0.03955	0.00177	0.00486	0.00451	0.00391	0.00667
5	0.00777	0.00389	0.00583	0.00583	0.00583	0.00389	0.00389	0.00583	0.00583	0.00777	0.00777	0.01360	0.00777	0.01554	0.01748	0.86985	0.00389	0.00389	0.00194	0.00194
6	0.00646	0.00473	0.00689	0.00689	0.00762	0.00543	0.00525	0.00792	0.00719	0.01041	0.01225	0.01863	0.01166	0.10731	0.72674	0.00674	0.01098	0.00493	0.02807	0.00388
7	0.00908	0.05355	0.79017	0.01256	0.01907	0.01066	0.01620	0.01414	0.00943	0.01403	0.00796	0.00936	0.00567	0.00423	0.00420	0.00140	0.00654	0.00327	0.00189	0.00658
8	0.01275	0.00777	0.00918	0.00783	0.01017	0.00786	0.00628	0.25072	0.03944	0.19759	0.11540	0.11392	0.07904	0.00794	0.00488	0.00148	0.00363	0.07718	0.04096	0.00598
9	0.00611	0.00438	0.00584	0.00614	0.00659	0.00456	0.00426	0.00704	0.00773	0.01060	0.05225	0.27030	0.03736	0.24651	0.30489	0.00441	0.00642	0.00790	0.00316	0.00354
