[name]
unknown

[dist]
# distance from previous block
# <min> <max>
0	626

[block]
# block no. 0 follows, 76 sequences, length 74
# corresponding to MSA columns:
# 845-918
name=unknown_A
#
# <colnr> <probs for GDERKNQSTAVLIFYWHMCP>
#	G	D	E	R	K	N	Q	S	T	A	V	L	I	F	Y	W	H	M	C	P
0	0.00567	0.00407	0.00523	0.00594	0.00641	0.00377	0.00424	0.00629	0.00775	0.01039	0.02001	0.65007	0.02327	0.03813	0.00545	0.00171	0.00271	0.17535	0.00357	0.01996
1	0.00896	0.00811	0.00839	0.00635	0.00948	0.08899	0.00494	0.01028	0.00834	0.01233	0.00720	0.00858	0.00609	0.00335	0.00312	0.00073	0.00336	0.00245	0.00241	0.79653
2	0.06242	0.02792	0.01010	0.06132	0.01170	0.31097	0.00692	0.10179	0.31097	0.01388	0.01007	0.01064	0.00791	0.00482	0.00404	0.00126	0.03151	0.00341	0.00299	0.00538
3	0.00531	0.00393	0.00480	0.00541	0.00592	0.00355	0.00370	0.00581	0.00775	0.01019	0.02371	0.66329	0.18590	0.01179	0.02637	0.00169	0.00257	0.02128	0.00360	0.00343
4	0.01923	0.41461	0.25630	0.00807	0.01182	0.03770	0.00842	0.06038	0.00868	0.01160	0.00674	0.00794	0.00561	0.00380	0.00318	0.00103	0.00451	0.00256	0.00206	0.12576
5	0.00770	0.00705	0.01144	0.85344	0.02544	0.00853	0.01039	0.00988	0.00781	0.01009	0.00729	0.01080	0.00563	0.00418	0.00399	0.00136	0.00511	0.00350	0.00190	0.00447
6	0.19447	0.18129	0.18022	0.00726	0.01041	0.04249	0.00710	0.10741	0.13799	0.03486	0.00762	0.00804	0.00582	0.00369	0.00299	0.00103	0.00383	0.00266	0.00239	0.05842
7	0.01014	0.09578	0.13157	0.00901	0.03657	0.02979	0.12971	0.03078	0.19135	0.18617	0.06880	0.01158	0.00930	0.00469	0.01928	0.00122	0.02237	0.00368	0.00291	0.00528
8	0.08813	0.00639	0.00783	0.00619	0.00868	0.00608	0.00506	0.12427	0.01056	0.55506	0.02108	0.02750	0.00877	0.00451	0.00344	0.00110	0.00300	0.00359	0.10316	0.00560
9	0.00730	0.01609	0.65425	0.01079	0.04013	0.00809	0.10998	0.01110	0.00803	0.01181	0.08150	0.00970	0.00739	0.00375	0.00363	0.00116	0.00510	0.00324	0.00180	0.00515
10	0.05029	0.09648	0.09946	0.04194	0.01236	0.18329	0.10690	0.14654	0.02535	0.19026	0.00838	0.00879	0.00601	0.00383	0.00344	0.00107	0.00468	0.00305	0.00268	0.00520
11	0.00591	0.00400	0.00484	0.00498	0.00590	0.00374	0.00359	0.00757	0.07631	0.08753	0.08696	0.43458	0.24160	0.00934	0.00435	0.00133	0.00216	0.00822	0.00355	0.00354
12	0.01394	0.00585	0.00781	0.00616	0.00858	0.00520	0.00502	0.04964	0.01066	0.64792	0.18293	0.01521	0.01400	0.00509	0.00378	0.00113	0.00285	0.00423	0.00436	0.00563
13	0.00945	0.00869	0.01449	0.03175	0.67182	0.00877	0.06706	0.06544	0.04105	0.03501	0.00750	0.00931	0.00605	0.00340	0.00365	0.00110	0.00434	0.00336	0.00206	0.00571
14	0.00784	0.00778	0.01317	0.50267	0.23254	0.03381	0.11292	0.01020	0.00774	0.01021	0.00661	0.00940	0.00515	0.00352	0.00386	0.00118	0.02177	0.00334	0.00170	0.00458
15	0.00519	0.00389	0.00584	0.00584	0.00649	0.00454	0.00454	0.00649	0.00584	0.00844	0.00974	0.01428	0.00909	0.02726	0.85787	0.00584	0.00974	0.00389	0.00195	0.00325
16	0.89794	0.00703	0.00534	0.00478	0.00703	0.00815	0.00394	0.01068	0.00619	0.01631	0.00506	0.00590	0.00394	0.00337	0.00225	0.00112	0.00281	0.00197	0.00225	0.00394
17	0.19491	0.00636	0.00781	0.00612	0.00882	0.00591	0.00506	0.01629	0.00955	0.68279	0.01246	0.01106	0.00797	0.00427	0.00337	0.00112	0.00304	0.00331	0.00404	0.00573
18	0.00815	0.00784	0.01302	0.38443	0.48083	0.02218	0.01063	0.01040	0.00787	0.01071	0.00665	0.00925	0.00535	0.00342	0.00361	0.00113	0.00458	0.00322	0.00172	0.00499
19	0.00516	0.00371	0.00479	0.00452	0.00538	0.00342	0.00339	0.00685	0.01016	0.01441	0.80208	0.02703	0.05777	0.00740	0.00424	0.00114	0.00172	0.00652	0.02691	0.00342
20	0.00885	0.00761	0.00806	0.00724	0.00926	0.00873	0.00563	0.01862	0.79433	0.01513	0.05122	0.01407	0.01203	0.00501	0.00371	0.00122	0.00282	0.00419	0.00369	0.01858
21	0.00976	0.00882	0.01365	0.01897	0.65337	0.00908	0.01007	0.14285	0.07251	0.01387	0.00774	0.00930	0.00623	0.00354	0.00361	0.00109	0.00416	0.00331	0.00223	0.00582
22	0.01440	0.00925	0.01033	0.00792	0.01081	0.00989	0.00654	0.64693	0.01553	0.21565	0.01003	0.00957	0.00684	0.00439	0.00364	0.00110	0.00379	0.00336	0.00384	0.00618
23	0.00488	0.00415	0.00439	0.00403	0.00557	0.00338	0.00306	0.00593	0.00816	0.01025	0.04793	0.05061	0.66489	0.00809	0.00403	0.00111	0.00199	0.00676	0.00318	0.15762
24	0.01329	0.00982	0.01055	0.00820	0.01097	0.01086	0.00673	0.78060	0.03845	0.02212	0.00937	0.04537	0.00707	0.00468	0.00368	0.00111	0.00389	0.00359	0.00363	0.00603
25	0.39352	0.00810	0.00957	0.07694	0.24333	0.00895	0.00705	0.18698	0.00917	0.01594	0.00644	0.00766	0.00499	0.00357	0.00303	0.00111	0.00364	0.00270	0.00237	0.00493
26	0.00929	0.00936	0.01395	0.09445	0.68955	0.09771	0.01063	0.01134	0.00840	0.01134	0.00668	0.00880	0.00556	0.00333	0.00357	0.00108	0.00460	0.00314	0.00179	0.00544
27	0.00887	0.00763	0.00807	0.00727	0.00927	0.00879	0.00565	0.01877	0.80649	0.01518	0.05134	0.01416	0.01211	0.00504	0.00372	0.00123	0.00283	0.00422	0.00371	0.00565
28	0.01337	0.01017	0.01064	0.00830	0.01110	0.03580	0.00681	0.73882	0.09221	0.02179	0.00919	0.00910	0.00659	0.00440	0.00363	0.00110	0.00397	0.00332	0.00359	0.00608
29	0.00512	0.00345	0.00447	0.00476	0.00529	0.00328	0.00336	0.00623	0.00800	0.02234	0.27678	0.43231	0.02435	0.03787	0.05099	0.00160	0.00241	0.00783	0.09638	0.00318
30	0.00507	0.00371	0.00476	0.00450	0.00539	0.00340	0.00337	0.00672	0.01012	0.01417	0.77949	0.02781	0.10274	0.00758	0.00429	0.00115	0.00173	0.00667	0.00395	0.00340
31	0.00512	0.00371	0.00483	0.00455	0.00542	0.00342	0.00341	0.00681	0.01023	0.01444	0.82507	0.02737	0.05699	0.00748	0.00429	0.00115	0.00172	0.00660	0.00398	0.00342
32	0.00440	0.00334	0.00406	0.00461	0.00516	0.00300	0.00318	0.00515	0.00745	0.00956	0.04163	0.58478	0.28938	0.01061	0.00452	0.00139	0.00201	0.00940	0.00339	0.00300
33	0.89794	0.00703	0.00534	0.00478	0.00703	0.00815	0.00394	0.01068	0.00619	0.01631	0.00506	0.00590	0.00394	0.00337	0.00225	0.00112	0.00281	0.00197	0.00225	0.00394
34	0.00988	0.29238	0.25258	0.03018	0.01258	0.03571	0.07823	0.08539	0.03445	0.09121	0.00721	0.00800	0.00547	0.00366	0.00354	0.00104	0.03844	0.00279	0.00212	0.00514
35	0.02703	0.21555	0.60627	0.00924	0.01387	0.04707	0.01129	0.01148	0.00769	0.01082	0.00611	0.00716	0.00461	0.00339	0.00316	0.00105	0.00503	0.00248	0.00157	0.00513
36	0.01631	0.00619	0.00843	0.00647	0.00928	0.00534	0.00534	0.01771	0.01040	0.85211	0.01434	0.01237	0.00900	0.00450	0.00365	0.00112	0.00309	0.00365	0.00450	0.00619
37	0.89794	0.00703	0.00534	0.00478	0.00703	0.00815	0.00394	0.01068	0.00619	0.01631	0.00506	0.00590	0.00394	0.00337	0.00225	0.00112	0.00281	0.00197	0.00225	0.00394
38	0.00799	0.00639	0.00753	0.00543	0.00858	0.00484	0.00434	0.00954	0.00764	0.05729	0.00688	0.00786	0.00560	0.00297	0.00295	0.01676	0.00272	0.00225	0.00227	0.83016
39	0.01161	0.00938	0.01266	0.01486	0.40419	0.00992	0.00887	0.43410	0.01283	0.03396	0.00795	0.00892	0.00604	0.00384	0.00362	0.00109	0.00413	0.00326	0.00279	0.00598
40	0.00900	0.00864	0.01475	0.02231	0.84960	0.00864	0.01115	0.01115	0.00828	0.01187	0.00684	0.00900	0.00576	0.00324	0.00360	0.00108	0.00432	0.00324	0.00180	0.00576
41	0.00475	0.00356	0.00441	0.00449	0.00526	0.00322	0.00326	0.00599	0.00892	0.01202	0.43304	0.25669	0.22324	0.00892	0.00438	0.00125	0.00185	0.00785	0.00368	0.00322
42	0.00867	0.05228	0.37562	0.04642	0.21943	0.01916	0.13587	0.05042	0.00849	0.03943	0.00700	0.00850	0.00525	0.00341	0.00358	0.00112	0.00502	0.00311	0.00185	0.00536
43	0.00892	0.00859	0.01341	0.01884	0.64208	0.04119	0.03408	0.01193	0.10368	0.01203	0.00854	0.03340	0.00739	0.00392	0.00370	0.00113	0.00420	0.03535	0.00212	0.00550
44	0.00430	0.00368	0.00368	0.00368	0.00491	0.00307	0.00276	0.00522	0.00828	0.00982	0.03682	0.03498	0.84812	0.00920	0.00430	0.00123	0.00184	0.00767	0.00338	0.00307
45	0.00866	0.00831	0.01376	0.08999	0.71702	0.02207	0.01058	0.01077	0.00823	0.01152	0.00807	0.01078	0.03132	0.00367	0.00366	0.00111	0.00429	0.02888	0.00188	0.00544
46	0.00932	0.12726	0.08209	0.01536	0.29630	0.00972	0.30438	0.07204	0.00891	0.02958	0.00705	0.00880	0.00553	0.00328	0.00367	0.00110	0.00494	0.00341	0.00195	0.00531
47	0.00521	0.00413	0.00509	0.00595	0.03826	0.03685	0.00390	0.00591	0.00692	0.00912	0.01722	0.62523	0.02023	0.11120	0.04005	0.00186	0.02021	0.03657	0.00303	0.00307
48	0.30640	0.00916	0.01894	0.03861	0.38586	0.11249	0.00805	0.01122	0.00764	0.01273	0.00596	0.00761	0.00492	0.00354	0.00358	0.00111	0.05274	0.00270	0.00194	0.00481
49	0.00510	0.00429	0.00450	0.00439	0.00566	0.00401	0.00330	0.00751	0.13647	0.01101	0.09971	0.06768	0.61628	0.00850	0.00422	0.00123	0.00200	0.00715	0.00348	0.00350
50	0.00892	0.00852	0.01436	0.02139	0.80401	0.00843	0.01078	0.01105	0.00824	0.01187	0.00682	0.00892	0.00574	0.00321	0.00355	0.00105	0.00423	0.00318	0.00182	0.05393
51	0.01346	0.00597	0.00755	0.00610	0.00845	0.00560	0.00494	0.01635	0.14441	0.57186	0.02559	0.01296	0.00974	0.00457	0.00349	0.00110	0.00282	0.00373	0.14570	0.00563
52	0.00449	0.00380	0.00389	0.00388	0.00508	0.00327	0.00290	0.00573	0.03426	0.01019	0.07324	0.05835	0.76032	0.00905	0.00429	0.00123	0.00188	0.00759	0.00341	0.00316
53	0.01022	0.65155	0.01663	0.00680	0.00963	0.10075	0.00631	0.05077	0.08775	0.00990	0.00621	0.00681	0.00535	0.00345	0.00275	0.00086	0.01532	0.00227	0.00189	0.00478
54	0.00727	0.01759	0.76561	0.01041	0.01548	0.00827	0.06303	0.01131	0.00784	0.01165	0.04348	0.00866	0.00596	0.00360	0.00354	0.00116	0.00526	0.00295	0.00166	0.00526
55	0.00988	0.45571	0.24960	0.00774	0.01124	0.06480	0.00827	0.01189	0.00788	0.09514	0.00643	0.00715	0.00509	0.00353	0.00326	0.00096	0.04220	0.00240	0.00187	0.00496
56	0.87957	0.00709	0.00546	0.00485	0.00712	0.00822	0.00400	0.02786	0.00641	0.01644	0.00514	0.00596	0.00398	0.00339	0.00228	0.00112	0.00284	0.00200	0.00228	0.00398
57	0.00523	0.00350	0.00398	0.00404	0.00405	0.00349	0.00228	0.00527	0.00540	0.00719	0.01202	0.07960	0.01393	0.81548	0.01758	0.00339	0.00343	0.00562	0.00228	0.00225
58	0.00593	0.00506	0.00738	0.08580	0.21264	0.00499	0.00574	0.00739	0.00810	0.01087	0.13143	0.15680	0.25428	0.00818	0.05033	0.00146	0.00316	0.00613	0.03045	0.00386
59	0.00866	0.08212	0.14075	0.03233	0.13131	0.00918	0.43441	0.03183	0.02574	0.02803	0.00769	0.03716	0.00613	0.00353	0.00387	0.00116	0.00524	0.00385	0.00194	0.00506
60	0.00451	0.00322	0.00431	0.00515	0.00539	0.00302	0.00351	0.00519	0.00703	0.00936	0.01999	0.82497	0.02387	0.01131	0.00466	0.00149	0.00218	0.05450	0.00337	0.00297
61	0.00443	0.00349	0.00400	0.00429	0.00510	0.00306	0.00306	0.00532	0.00798	0.01008	0.10916	0.34775	0.45972	0.00985	0.00442	0.00131	0.00193	0.00856	0.00344	0.00306
62	0.02040	0.00973	0.09442	0.18234	0.09969	0.07958	0.04187	0.20986	0.03025	0.15418	0.00904	0.02102	0.01460	0.00407	0.00361	0.00113	0.00438	0.00337	0.01119	0.00528
63	0.34895	0.00854	0.07141	0.10217	0.10149	0.00855	0.04197	0.17625	0.00913	0.04098	0.00743	0.03385	0.00597	0.00402	0.00318	0.00115	0.00376	0.02396	0.00247	0.00476
64	0.00608	0.00437	0.00593	0.00658	0.00746	0.00441	0.00562	0.03973	0.02154	0.01137	0.03922	0.10965	0.02079	0.00979	0.00490	0.00161	0.00322	0.69089	0.00338	0.00346
65	0.00769	0.00655	0.00762	0.00546	0.00868	0.00500	0.00437	0.02954	0.00777	0.01212	0.00652	0.00757	0.00540	0.00273	0.00271	0.00055	0.00272	0.00218	0.00219	0.87262
66	0.02413	0.00844	0.15142	0.00731	0.01917	0.00613	0.00947	0.04676	0.02152	0.58678	0.02125	0.02034	0.01532	0.00447	0.00363	0.00113	0.00349	0.01726	0.00379	0.02821
67	0.07842	0.30833	0.29650	0.00809	0.01164	0.14888	0.00856	0.02248	0.04055	0.03683	0.00635	0.00711	0.00499	0.00348	0.00297	0.00099	0.00468	0.00241	0.00185	0.00488
68	0.89794	0.00703	0.00534	0.00478	0.00703	0.00815	0.00394	0.01068	0.00619	0.01631	0.00506	0.00590	0.00394	0.00337	0.00225	0.00112	0.00281	0.00197	0.00225	0.00394
69	0.89794	0.00703	0.00534	0.00478	0.00703	0.00815	0.00394	0.01068	0.00619	0.01631	0.00506	0.00590	0.00394	0.00337	0.00225	0.00112	0.00281	0.00197	0.00225	0.00394
70	0.07752	0.35020	0.04588	0.00726	0.01027	0.02945	0.00659	0.36229	0.01164	0.05656	0.00713	0.00747	0.00546	0.00376	0.00301	0.00097	0.00393	0.00263	0.00264	0.00535
71	0.63111	0.03514	0.00709	0.00580	0.00815	0.06246	0.00475	0.13791	0.05351	0.01655	0.00618	0.00679	0.00474	0.00362	0.00261	0.00110	0.00327	0.00231	0.00249	0.00442
72	0.02338	0.08169	0.34429	0.00803	0.01163	0.03395	0.01799	0.04420	0.02383	0.26459	0.03825	0.01107	0.03682	0.01817	0.02519	0.00126	0.00431	0.00334	0.00274	0.00529
73	0.03755	0.04143	0.15905	0.01694	0.02865	0.03925	0.03790	0.06278	0.00974	0.45313	0.02056	0.05885	0.00846	0.00452	0.00360	0.00113	0.00379	0.00372	0.00339	0.00555

[dist]
# distance from previous block
# <min> <max>
0	1

[block]
# block no. 1 follows, 76 sequences, length 29
# corresponding to MSA columns:
# 920-948
name=unknown_B
#
# <colnr> <probs for GDERKNQSTAVLIFYWHMCP>
#	G	D	E	R	K	N	Q	S	T	A	V	L	I	F	Y	W	H	M	C	P
0	0.06729	0.00623	0.00826	0.00637	0.00915	0.00550	0.00526	0.01731	0.01016	0.80378	0.01380	0.01200	0.00870	0.00443	0.00357	0.00112	0.00308	0.00356	0.00437	0.00606
1	0.00848	0.03146	0.30862	0.03015	0.18730	0.02215	0.17124	0.01135	0.00832	0.07527	0.04870	0.04530	0.00796	0.00408	0.00376	0.00116	0.00475	0.02270	0.00212	0.00512
2	0.00986	0.02059	0.03259	0.07080	0.60222	0.00795	0.00986	0.01190	0.00850	0.14770	0.00868	0.02736	0.01812	0.00372	0.00362	0.00110	0.00409	0.00348	0.00227	0.00560
3	0.01489	0.00695	0.05260	0.00700	0.00987	0.00570	0.03902	0.02739	0.02428	0.71485	0.02598	0.03532	0.00941	0.00462	0.00371	0.00114	0.00329	0.00386	0.00418	0.00596
4	0.00741	0.00628	0.01037	0.36598	0.20165	0.00682	0.04156	0.00935	0.00778	0.05882	0.01103	0.15317	0.03263	0.00547	0.00394	0.00126	0.00404	0.06582	0.00230	0.00432
5	0.00899	0.00949	0.20443	0.09024	0.10230	0.00693	0.15772	0.01143	0.00848	0.18278	0.04473	0.10066	0.04570	0.00482	0.00387	0.00119	0.00424	0.00445	0.00260	0.00494
6	0.00894	0.00850	0.01468	0.07765	0.74866	0.00857	0.04460	0.01115	0.00825	0.02406	0.00694	0.00912	0.00573	0.00328	0.00363	0.00109	0.00441	0.00329	0.00183	0.00561
7	0.00667	0.00611	0.01018	0.35047	0.20138	0.00663	0.05382	0.00857	0.00772	0.01032	0.05973	0.19758	0.05438	0.00569	0.00395	0.00124	0.00387	0.00525	0.00228	0.00415
8	0.00874	0.03970	0.37378	0.02602	0.20600	0.00806	0.09000	0.01165	0.00814	0.10808	0.00842	0.05678	0.00677	0.00405	0.00376	0.00116	0.01664	0.01486	0.00210	0.00528
9	0.00873	0.05221	0.40285	0.03468	0.18039	0.00839	0.11099	0.02552	0.00826	0.08981	0.00788	0.04020	0.00610	0.00376	0.00360	0.00114	0.00482	0.00335	0.00201	0.00533
10	0.00771	0.07623	0.58228	0.01114	0.01585	0.00893	0.20701	0.01137	0.00785	0.01129	0.00688	0.02467	0.00520	0.00349	0.00359	0.00115	0.00538	0.00316	0.00164	0.00516
11	0.00766	0.01660	0.69092	0.01042	0.01519	0.00824	0.08382	0.01145	0.00779	0.04293	0.00742	0.03099	0.00564	0.00386	0.00381	0.00119	0.02754	0.01756	0.00175	0.00523
12	0.00914	0.05517	0.21210	0.23709	0.13494	0.01959	0.06439	0.02019	0.00824	0.14706	0.00856	0.03047	0.01849	0.00392	0.00370	0.00115	0.01521	0.00340	0.00219	0.00502
13	0.00862	0.05848	0.04411	0.05486	0.44377	0.00809	0.12328	0.02132	0.00841	0.05500	0.03374	0.05913	0.05653	0.00423	0.00374	0.00113	0.00420	0.00406	0.00218	0.00513
14	0.00918	0.00486	0.00601	0.00525	0.00698	0.00435	0.00416	0.03558	0.02582	0.31161	0.15573	0.06641	0.29370	0.00716	0.00409	0.00121	0.00244	0.04717	0.00389	0.00439
15	0.00731	0.02408	0.09053	0.03523	0.09395	0.00600	0.13386	0.00949	0.03731	0.08158	0.04834	0.08269	0.20597	0.02972	0.00450	0.00131	0.00359	0.09745	0.00281	0.00427
16	0.02603	0.04017	0.33469	0.11792	0.20749	0.02420	0.06262	0.03935	0.00831	0.06193	0.00757	0.02736	0.00593	0.00376	0.00357	0.00114	0.00475	0.01606	0.00196	0.00519
17	0.00865	0.15735	0.43377	0.00962	0.01369	0.00895	0.12429	0.03297	0.00825	0.08307	0.00822	0.03325	0.00662	0.00405	0.00353	0.00113	0.00479	0.05065	0.00204	0.00510
18	0.01343	0.00582	0.00758	0.00603	0.00842	0.00518	0.00490	0.06209	0.01043	0.60763	0.08738	0.03641	0.11715	0.00549	0.00381	0.00115	0.00285	0.00454	0.00424	0.00548
19	0.00843	0.02017	0.35664	0.04436	0.15979	0.01647	0.15835	0.02041	0.00833	0.07772	0.02997	0.03745	0.02674	0.00402	0.00374	0.00116	0.00480	0.01422	0.00208	0.00515
20	0.00873	0.04421	0.21877	0.18426	0.15023	0.00834	0.07654	0.08031	0.03044	0.07285	0.02928	0.05477	0.00730	0.00415	0.00375	0.00116	0.01402	0.00365	0.00222	0.00504
21	0.00670	0.05745	0.24581	0.00792	0.01033	0.00609	0.07472	0.00892	0.00792	0.04059	0.02833	0.21172	0.03316	0.00727	0.00421	0.00136	0.00382	0.23688	0.00267	0.00412
22	0.06000	0.05928	0.26060	0.00766	0.01070	0.00670	0.07695	0.02300	0.00851	0.16780	0.07200	0.08264	0.12572	0.00540	0.00372	0.00117	0.00373	0.01693	0.00278	0.00470
23	0.00895	0.00962	0.16346	0.18096	0.30246	0.02192	0.02183	0.04461	0.03715	0.09495	0.05693	0.01085	0.02236	0.00394	0.00365	0.00113	0.00430	0.00348	0.00228	0.00519
24	0.02718	0.02419	0.33830	0.06852	0.14522	0.01821	0.14759	0.01137	0.01672	0.06185	0.02257	0.03667	0.00647	0.00372	0.00361	0.00112	0.00475	0.00340	0.00199	0.05657
25	0.00839	0.02957	0.55419	0.01014	0.01453	0.01988	0.10966	0.03710	0.04180	0.07404	0.00837	0.02813	0.00642	0.00401	0.00365	0.00118	0.00499	0.03666	0.00206	0.00525
26	0.00835	0.03668	0.24507	0.13402	0.24780	0.04031	0.09435	0.01098	0.00808	0.05323	0.00860	0.05928	0.02907	0.00405	0.00367	0.00115	0.00468	0.00367	0.00197	0.00502
27	0.00867	0.01170	0.33304	0.06798	0.13590	0.02029	0.11018	0.01145	0.00818	0.12130	0.00919	0.08536	0.01628	0.00426	0.00369	0.00115	0.00456	0.00383	0.00222	0.04077
28	0.00824	0.02228	0.13879	0.28798	0.12578	0.02028	0.11457	0.01065	0.00796	0.08086	0.04125	0.01078	0.00703	0.05162	0.00445	0.00125	0.00456	0.00347	0.00206	0.05613

[dist]
# distance from previous block
# <min> <max>
0	35

[block]
# block no. 2 follows, 76 sequences, length 45
# corresponding to MSA columns:
# 984-1028
name=unknown_C
#
# <colnr> <probs for GDERKNQSTAVLIFYWHMCP>
#	G	D	E	R	K	N	Q	S	T	A	V	L	I	F	Y	W	H	M	C	P
0	0.02366	0.01934	0.05462	0.03990	0.18396	0.04096	0.05499	0.10883	0.04892	0.05014	0.05109	0.05862	0.00867	0.00553	0.05180	0.00130	0.01429	0.00368	0.02155	0.15815
1	0.00932	0.07410	0.04861	0.10142	0.17821	0.04007	0.01791	0.10456	0.04641	0.09284	0.02087	0.07746	0.05687	0.00465	0.00368	0.00107	0.01804	0.00391	0.00258	0.09741
2	0.00972	0.13503	0.06358	0.12686	0.09696	0.06899	0.04454	0.15694	0.03252	0.05097	0.01796	0.05725	0.00700	0.00410	0.00349	0.00103	0.01365	0.00337	0.00238	0.10365
3	0.02689	0.14141	0.11128	0.02974	0.08317	0.03244	0.02747	0.03135	0.05645	0.04730	0.11911	0.11939	0.05536	0.01775	0.00384	0.00115	0.00346	0.03610	0.00265	0.05371
4	0.00640	0.00598	0.03467	0.03577	0.09303	0.03102	0.03264	0.00916	0.11429	0.01260	0.33057	0.05536	0.18484	0.00655	0.00403	0.00116	0.00271	0.00572	0.00324	0.03027
5	0.03623	0.15744	0.01067	0.21889	0.01305	0.00834	0.00650	0.06938	0.08776	0.08914	0.00825	0.00921	0.01751	0.00364	0.00322	0.00094	0.01299	0.00287	0.00240	0.24158
6	0.00963	0.21951	0.30700	0.02440	0.02452	0.08357	0.00866	0.03260	0.04987	0.10387	0.02559	0.00887	0.00640	0.00373	0.00320	0.00101	0.00439	0.01351	0.00218	0.06750
7	0.02408	0.08812	0.19599	0.02901	0.11416	0.03724	0.08467	0.25495	0.02343	0.10163	0.00803	0.00873	0.00585	0.00377	0.00351	0.00109	0.00449	0.00312	0.00258	0.00555
8	0.00976	0.38289	0.18846	0.00790	0.01116	0.04409	0.03240	0.14347	0.05529	0.02319	0.00726	0.03683	0.00605	0.00417	0.01374	0.00106	0.02225	0.00287	0.00213	0.00503
9	0.00877	0.04624	0.01478	0.04454	0.60343	0.00855	0.11064	0.01105	0.02166	0.02541	0.00792	0.04125	0.00691	0.00377	0.00371	0.00112	0.00438	0.02850	0.00197	0.00539
10	0.00443	0.00316	0.00422	0.00506	0.00527	0.00295	0.00337	0.00506	0.00696	0.00928	0.02003	0.86990	0.02404	0.01139	0.00464	0.00148	0.00211	0.01033	0.00337	0.00295
11	0.00631	0.00316	0.00473	0.00473	0.00473	0.00316	0.00316	0.00473	0.00473	0.00631	0.00631	0.01105	0.00631	0.01263	0.01420	0.89426	0.00316	0.00316	0.00158	0.00158
12	0.00904	0.00781	0.00822	0.00740	0.00945	0.00904	0.00575	0.01931	0.84303	0.01520	0.01479	0.01356	0.01109	0.00493	0.00370	0.00123	0.00288	0.00411	0.00370	0.00575
13	0.00723	0.11821	0.00786	0.00564	0.00714	0.00650	0.00453	0.07388	0.13866	0.02710	0.51625	0.02027	0.02375	0.00618	0.00403	0.00111	0.01864	0.00523	0.00357	0.00421
14	0.00860	0.00823	0.01404	0.17752	0.69746	0.00853	0.01096	0.01081	0.00809	0.01140	0.00677	0.00912	0.00559	0.00331	0.00360	0.00110	0.00442	0.00324	0.00177	0.00544
15	0.00548	0.00431	0.00639	0.00622	0.00681	0.00522	0.00490	0.00672	0.00581	0.00847	0.00922	0.01363	0.00864	0.02510	0.77052	0.00540	0.09811	0.00382	0.00191	0.00332
16	0.01598	0.03267	0.00880	0.00651	0.00928	0.00571	0.00541	0.01737	0.01024	0.81339	0.01391	0.01210	0.00880	0.00448	0.00374	0.00112	0.01643	0.00360	0.00436	0.00610
17	0.00754	0.00646	0.00754	0.00538	0.00861	0.00484	0.00431	0.00915	0.00754	0.01184	0.00646	0.00754	0.00538	0.00269	0.00269	0.00054	0.00269	0.00215	0.00215	0.89449
18	0.00939	0.01911	0.00985	0.01072	0.19786	0.03466	0.00700	0.03766	0.53562	0.04151	0.02297	0.01307	0.01001	0.00465	0.00369	0.00119	0.00336	0.02884	0.00321	0.00562
19	0.01201	0.23142	0.02481	0.03149	0.06113	0.21080	0.03183	0.32742	0.01187	0.01446	0.00682	0.00754	0.00534	0.00376	0.00323	0.00098	0.00469	0.00273	0.00245	0.00520
20	0.00525	0.00395	0.00481	0.00521	0.00587	0.00388	0.00375	0.02727	0.07746	0.01028	0.03255	0.47940	0.15487	0.06661	0.01700	0.00161	0.00249	0.09114	0.00332	0.00329
21	0.01130	0.03398	0.04915	0.03198	0.09481	0.23105	0.13096	0.20023	0.04571	0.06304	0.02779	0.02069	0.00723	0.00418	0.00367	0.00110	0.00490	0.03056	0.00258	0.00509
22	0.02114	0.12633	0.06082	0.01309	0.01636	0.01004	0.58442	0.01121	0.00802	0.01098	0.00670	0.00891	0.00525	0.00344	0.00477	0.00120	0.09702	0.00374	0.00176	0.00478
23	0.00452	0.00355	0.00405	0.00427	0.00513	0.00313	0.00309	0.00545	0.00807	0.01019	0.12844	0.26239	0.46990	0.03820	0.00488	0.00138	0.00200	0.03489	0.00341	0.00306
24	0.00701	0.00361	0.00364	0.00355	0.00447	0.00365	0.00269	0.03593	0.00794	0.01386	0.01175	0.01339	0.00921	0.00424	0.00258	0.00085	0.00177	0.00338	0.86301	0.00348
25	0.89794	0.00703	0.00534	0.00478	0.00703	0.00815	0.00394	0.01068	0.00619	0.01631	0.00506	0.00590	0.00394	0.00337	0.00225	0.00112	0.00281	0.00197	0.00225	0.00394
26	0.01358	0.01732	0.01030	0.00936	0.01124	0.85768	0.00702	0.01451	0.01030	0.00890	0.00562	0.00655	0.00468	0.00375	0.00328	0.00094	0.00655	0.00234	0.00187	0.00421
27	0.03537	0.00855	0.01441	0.03519	0.81143	0.00861	0.01092	0.01111	0.00820	0.01196	0.00678	0.00891	0.00569	0.00325	0.00356	0.00108	0.00428	0.00320	0.00181	0.00568
28	0.47107	0.00775	0.00732	0.00662	0.03393	0.00884	0.00514	0.13375	0.25169	0.02835	0.00861	0.00873	0.00647	0.00398	0.00293	0.00115	0.00305	0.00284	0.00289	0.00488
29	0.03118	0.00922	0.01206	0.00938	0.01198	0.11416	0.22514	0.21499	0.04507	0.14617	0.03365	0.07774	0.03357	0.00472	0.00384	0.00115	0.00438	0.00425	0.00301	0.01435
30	0.00490	0.00371	0.00452	0.00432	0.00528	0.00333	0.00324	0.00639	0.00971	0.01320	0.61416	0.02940	0.26866	0.00794	0.00429	0.00117	0.00175	0.00689	0.00382	0.00333
31	0.04154	0.01108	0.13213	0.02190	0.10022	0.14440	0.18625	0.03237	0.14225	0.10627	0.00926	0.03191	0.00714	0.00404	0.00369	0.00115	0.00473	0.01203	0.00250	0.00515
32	0.00846	0.00799	0.01340	0.14415	0.64995	0.00827	0.01046	0.01086	0.03342	0.01151	0.00782	0.02368	0.00679	0.00380	0.00369	0.00114	0.00427	0.04306	0.00193	0.00535
33	0.00443	0.00316	0.00422	0.00506	0.00527	0.00295	0.00337	0.00506	0.00696	0.00928	0.02003	0.86990	0.02404	0.01139	0.00464	0.00148	0.00211	0.01033	0.00337	0.00295
34	0.00888	0.00849	0.01419	0.18517	0.29442	0.03014	0.19457	0.04612	0.06612	0.03664	0.00763	0.00970	0.00598	0.00413	0.02036	0.00127	0.05556	0.00353	0.00205	0.00506
35	0.01136	0.04733	0.05640	0.03603	0.02552	0.35200	0.04163	0.14271	0.20238	0.01294	0.02157	0.00952	0.00708	0.00416	0.00350	0.00107	0.00492	0.01231	0.00257	0.00498
36	0.00631	0.00316	0.00473	0.00473	0.00473	0.00316	0.00316	0.00473	0.00473	0.00631	0.00631	0.01105	0.00631	0.01263	0.01420	0.89426	0.00316	0.00316	0.00158	0.00158
37	0.00443	0.00316	0.00422	0.00506	0.00527	0.00295	0.00337	0.00506	0.00696	0.00928	0.02003	0.86990	0.02404	0.01139	0.00464	0.00148	0.00211	0.01033	0.00337	0.00295
38	0.03755	0.02211	0.22312	0.02140	0.03980	0.03256	0.06069	0.23272	0.09572	0.11566	0.01031	0.05497	0.02794	0.00450	0.00364	0.00115	0.00416	0.00371	0.00287	0.00542
39	0.01245	0.06663	0.03594	0.02015	0.02932	0.53998	0.01804	0.13073	0.05022	0.01134	0.00651	0.00739	0.00524	0.00395	0.00375	0.00101	0.04790	0.00264	0.00216	0.00466
40	0.00626	0.00317	0.00470	0.00470	0.00470	0.00317	0.00311	0.00476	0.00476	0.00635	0.00657	0.01167	0.00665	0.05478	0.01442	0.85057	0.00317	0.00326	0.00161	0.00161
41	0.00813	0.16978	0.13039	0.09392	0.02135	0.03188	0.04473	0.06956	0.00765	0.03349	0.00802	0.01263	0.00754	0.26233	0.00817	0.00178	0.04486	0.00352	0.00203	0.03825
42	0.02006	0.20249	0.17409	0.00916	0.07446	0.06966	0.03039	0.12416	0.08277	0.09129	0.00899	0.00977	0.03306	0.00411	0.00367	0.00107	0.03875	0.01442	0.00244	0.00520
43	0.03370	0.01272	0.01000	0.02261	0.10791	0.47790	0.00701	0.09461	0.00989	0.03239	0.00695	0.00841	0.00573	0.00692	0.11695	0.00164	0.01802	0.00281	0.01935	0.00448
44	0.00947	0.00738	0.01264	0.03970	0.27417	0.00729	0.17947	0.03196	0.00838	0.16364	0.00945	0.05564	0.00787	0.05224	0.07842	0.00169	0.03236	0.00404	0.00245	0.02177

[dist]
# distance from previous block
# <min> <max>
4	15

[block]
# block no. 3 follows, 76 sequences, length 63
# corresponding to MSA columns:
# 1044-1106
name=unknown_D
#
# <colnr> <probs for GDERKNQSTAVLIFYWHMCP>
#	G	D	E	R	K	N	Q	S	T	A	V	L	I	F	Y	W	H	M	C	P
0	0.00698	0.00656	0.01099	0.80138	0.06239	0.00801	0.00998	0.00937	0.00732	0.00948	0.00648	0.00960	0.00490	0.00359	0.00361	0.00119	0.00476	0.00320	0.00164	0.02859
1	0.01595	0.00641	0.00853	0.00658	0.00937	0.00573	0.00542	0.05343	0.03925	0.78733	0.01411	0.01225	0.00895	0.00451	0.00366	0.00113	0.00312	0.00365	0.00443	0.00617
2	0.01016	0.00475	0.00621	0.00525	0.00697	0.00425	0.00416	0.01171	0.00993	0.37817	0.34956	0.01958	0.04992	0.00588	0.00382	0.00111	0.00233	0.01393	0.10770	0.00461
3	0.00506	0.00365	0.00491	0.00570	0.00626	0.00351	0.00444	0.00618	0.00768	0.01003	0.02079	0.44397	0.07728	0.01064	0.00479	0.00155	0.00264	0.37443	0.00336	0.00314
4	0.00442	0.00348	0.00400	0.00436	0.00515	0.00306	0.00312	0.00526	0.00780	0.00977	0.05366	0.38168	0.45854	0.01008	0.00446	0.00134	0.00199	0.03140	0.00339	0.00304
5	0.01080	0.00820	0.00946	0.00775	0.00976	0.00936	0.00632	0.50945	0.04491	0.01747	0.00888	0.01034	0.00703	0.01072	0.23404	0.00242	0.08144	0.00346	0.00300	0.00518
6	0.89794	0.00703	0.00534	0.00478	0.00703	0.00815	0.00394	0.01068	0.00619	0.01631	0.00506	0.00590	0.00394	0.00337	0.00225	0.00112	0.00281	0.00197	0.00225	0.00394
7	0.00754	0.00646	0.00754	0.00538	0.00861	0.00484	0.00431	0.00915	0.00754	0.01184	0.00646	0.00754	0.00538	0.00269	0.00269	0.00054	0.00269	0.00215	0.00215	0.89449
8	0.00754	0.00646	0.00754	0.00538	0.00861	0.00484	0.00431	0.00915	0.00754	0.01184	0.00646	0.00754	0.00538	0.00269	0.00269	0.00054	0.00269	0.00215	0.00215	0.89449
9	0.89794	0.00703	0.00534	0.00478	0.00703	0.00815	0.00394	0.01068	0.00619	0.01631	0.00506	0.00590	0.00394	0.00337	0.00225	0.00112	0.00281	0.00197	0.00225	0.00394
10	0.00434	0.00368	0.00374	0.00372	0.00493	0.00309	0.00279	0.00529	0.00838	0.01004	0.07521	0.03461	0.80959	0.00912	0.00430	0.00122	0.00183	0.00762	0.00340	0.00309
11	0.89794	0.00703	0.00534	0.00478	0.00703	0.00815	0.00394	0.01068	0.00619	0.01631	0.00506	0.00590	0.00394	0.00337	0.00225	0.00112	0.00281	0.00197	0.00225	0.00394
12	0.00900	0.00864	0.01475	0.02231	0.84960	0.00864	0.01115	0.01115	0.00828	0.01187	0.00684	0.00900	0.00576	0.00324	0.00360	0.00108	0.00432	0.00324	0.00180	0.00576
13	0.00904	0.00781	0.00822	0.00740	0.00945	0.00904	0.00575	0.01931	0.84303	0.01520	0.01479	0.01356	0.01109	0.00493	0.00370	0.00123	0.00288	0.00411	0.00370	0.00575
14	0.00962	0.00810	0.00854	0.00751	0.00967	0.00931	0.00589	0.11860	0.74280	0.01614	0.01406	0.01297	0.01050	0.00486	0.00369	0.00122	0.00301	0.00401	0.00369	0.00580
15	0.01576	0.00643	0.00851	0.00659	0.00936	0.00578	0.00542	0.04581	0.06396	0.77019	0.01418	0.01232	0.00904	0.00452	0.00366	0.00113	0.00311	0.00367	0.00442	0.00616
16	0.01631	0.00619	0.00843	0.00647	0.00928	0.00534	0.00534	0.01771	0.01040	0.85211	0.01434	0.01237	0.00900	0.00450	0.00365	0.00112	0.00309	0.00365	0.00450	0.00619
17	0.00828	0.00833	0.01113	0.00951	0.00977	0.04065	0.02103	0.01997	0.04432	0.00927	0.00535	0.00820	0.00509	0.00613	0.01102	0.00154	0.77135	0.00321	0.00173	0.00411
18	0.00447	0.00323	0.00423	0.00500	0.00531	0.00300	0.00340	0.00516	0.00713	0.00943	0.03161	0.77730	0.08285	0.01114	0.00462	0.00146	0.00212	0.03218	0.00338	0.00298
19	0.00585	0.00387	0.00498	0.00464	0.00565	0.00352	0.00350	0.00742	0.00997	0.07575	0.67189	0.05790	0.11612	0.00754	0.00425	0.00116	0.00184	0.00661	0.00395	0.00358
20	0.01567	0.00621	0.00827	0.00638	0.00909	0.00551	0.00526	0.05479	0.01056	0.76786	0.01394	0.01227	0.00889	0.00448	0.00359	0.00111	0.00306	0.00362	0.05342	0.00603
21	0.00924	0.01044	0.08441	0.08671	0.57485	0.11656	0.03278	0.01145	0.00838	0.01121	0.00661	0.00864	0.00543	0.00338	0.00366	0.00109	0.01492	0.00310	0.00177	0.00535
22	0.00982	0.03575	0.30795	0.00922	0.05040	0.02678	0.00893	0.30943	0.04580	0.02997	0.00952	0.09383	0.00805	0.00485	0.00368	0.00116	0.00428	0.03252	0.00270	0.00536
23	0.00642	0.00430	0.00558	0.00576	0.00648	0.03464	0.03293	0.00725	0.00758	0.11689	0.01834	0.69888	0.02076	0.00994	0.00445	0.00140	0.00254	0.00898	0.00341	0.00348
24	0.87363	0.00731	0.00548	0.00491	0.00714	0.03150	0.00402	0.01079	0.00630	0.01610	0.00508	0.00592	0.00396	0.00338	0.00228	0.00112	0.00291	0.00198	0.00224	0.00394
25	0.00522	0.00379	0.00531	0.00531	0.00577	0.00425	0.00388	0.00615	0.00568	0.00804	0.01022	0.01697	0.01026	0.26657	0.62015	0.00518	0.00798	0.00429	0.00202	0.00295
26	0.00955	0.81430	0.07771	0.00651	0.00978	0.01396	0.00673	0.01093	0.00741	0.00876	0.00516	0.00596	0.00466	0.00313	0.00241	0.00080	0.00399	0.00200	0.00155	0.00471
27	0.00482	0.00371	0.00445	0.00429	0.00528	0.00334	0.00322	0.00622	0.00935	0.01252	0.50530	0.02960	0.34259	0.00891	0.03910	0.00137	0.00209	0.00688	0.00368	0.00328
28	0.00447	0.00336	0.00415	0.00464	0.00519	0.00304	0.00322	0.00530	0.00768	0.01001	0.11647	0.55285	0.24570	0.01036	0.00451	0.00137	0.00199	0.00920	0.00344	0.00304
29	0.00729	0.01880	0.85344	0.01036	0.01573	0.00844	0.01343	0.01151	0.00767	0.01151	0.00652	0.00767	0.00460	0.00345	0.00345	0.00115	0.00537	0.00269	0.00153	0.00537
30	0.00889	0.00888	0.01436	0.13149	0.40754	0.05701	0.17259	0.03458	0.07472	0.01176	0.00760	0.00965	0.00608	0.00429	0.03364	0.00130	0.00494	0.00349	0.00199	0.00519
31	0.01358	0.01732	0.01030	0.00936	0.01124	0.85768	0.00702	0.01451	0.01030	0.00890	0.00562	0.00655	0.00468	0.00375	0.00328	0.00094	0.00655	0.00234	0.00187	0.00421
32	0.01631	0.00619	0.00843	0.00647	0.00928	0.00534	0.00534	0.01771	0.01040	0.85211	0.01434	0.01237	0.00900	0.00450	0.00365	0.00112	0.00309	0.00365	0.00450	0.00619
33	0.01382	0.01018	0.01091	0.00836	0.01127	0.01127	0.00691	0.83748	0.01709	0.02291	0.00873	0.00873	0.00618	0.00436	0.00364	0.00109	0.00400	0.00327	0.00364	0.00618
34	0.00972	0.87446	0.01905	0.00622	0.00933	0.01438	0.00622	0.01088	0.00738	0.00855	0.00505	0.00583	0.00466	0.00311	0.00233	0.00078	0.00389	0.00194	0.00155	0.00466
35	0.00614	0.00455	0.00533	0.00494	0.00592	0.03501	0.00367	0.00820	0.06210	0.04606	0.66013	0.02468	0.02896	0.08195	0.00542	0.00135	0.00217	0.00604	0.00377	0.00360
36	0.00686	0.00646	0.01090	0.86353	0.02503	0.00807	0.01009	0.00929	0.00727	0.00929	0.00646	0.00969	0.00484	0.00363	0.00363	0.00121	0.00484	0.00323	0.00161	0.00404
37	0.01382	0.01018	0.01091	0.00836	0.01127	0.01127	0.00691	0.83748	0.01709	0.02291	0.00873	0.00873	0.00618	0.00436	0.00364	0.00109	0.00400	0.00327	0.00364	0.00618
38	0.00899	0.00866	0.01488	0.02217	0.83371	0.00865	0.02694	0.01116	0.00828	0.01187	0.00685	0.00901	0.00575	0.00324	0.00361	0.00108	0.00435	0.00326	0.00180	0.00574
39	0.08889	0.01008	0.01085	0.01077	0.17620	0.10812	0.00737	0.43065	0.03521	0.06398	0.00828	0.00900	0.00619	0.00408	0.00349	0.00109	0.00417	0.01297	0.00300	0.00563
40	0.00484	0.00376	0.00571	0.00588	0.00643	0.00351	0.07294	0.00576	0.00737	0.00992	0.08885	0.72692	0.02336	0.01036	0.00458	0.00143	0.00241	0.00951	0.00330	0.00316
41	0.00446	0.00318	0.00424	0.00504	0.00528	0.00297	0.00338	0.00513	0.00709	0.00948	0.05196	0.83739	0.02443	0.01123	0.00463	0.00146	0.00209	0.01019	0.00340	0.00297
42	0.01338	0.02855	0.01060	0.00925	0.02287	0.63355	0.03588	0.04804	0.01035	0.11359	0.00718	0.00827	0.00568	0.00399	0.00351	0.00100	0.01682	0.02063	0.00229	0.00457
43	0.03672	0.14959	0.12932	0.00789	0.01104	0.06037	0.04362	0.19526	0.01891	0.28119	0.01735	0.01752	0.00691	0.00406	0.00339	0.00106	0.00405	0.00316	0.00306	0.00553
44	0.27378	0.07484	0.04443	0.00849	0.05836	0.19346	0.03782	0.08120	0.07892	0.01321	0.01765	0.00779	0.00562	0.00397	0.00387	0.00111	0.08596	0.00270	0.00224	0.00459
45	0.00481	0.00359	0.00442	0.00443	0.00522	0.00325	0.00321	0.00605	0.00896	0.01211	0.45889	0.19288	0.22770	0.04199	0.00491	0.00132	0.00189	0.00752	0.00366	0.00320
46	0.05667	0.00830	0.01297	0.03033	0.62584	0.00848	0.00966	0.08020	0.03935	0.04542	0.00801	0.04423	0.00675	0.00379	0.00358	0.00111	0.00403	0.00351	0.00221	0.00557
47	0.16613	0.02247	0.00963	0.00796	0.01021	0.29703	0.03514	0.28749	0.02979	0.01529	0.04562	0.00890	0.00685	0.02604	0.01518	0.00118	0.00467	0.00298	0.00267	0.00479
48	0.00942	0.00516	0.00636	0.00547	0.00720	0.00485	0.00429	0.06254	0.06970	0.28424	0.26959	0.06590	0.15628	0.00654	0.00398	0.00116	0.00243	0.00556	0.02475	0.00457
49	0.04090	0.00334	0.00429	0.00503	0.00535	0.00318	0.00340	0.00536	0.00705	0.00976	0.04960	0.80393	0.02359	0.01092	0.00453	0.00145	0.00212	0.00985	0.00335	0.00301
50	0.10371	0.39004	0.01372	0.00772	0.03922	0.23223	0.00640	0.09924	0.03403	0.03466	0.00620	0.00685	0.00510	0.00353	0.00283	0.00092	0.00444	0.00235	0.00208	0.00474
51	0.11160	0.01582	0.00978	0.00886	0.01070	0.73078	0.00672	0.01387	0.00966	0.00971	0.00552	0.00654	0.00460	0.00380	0.00350	0.00098	0.03914	0.00233	0.00190	0.00417
52	0.00881	0.00763	0.00853	0.07407	0.04277	0.03174	0.00636	0.05872	0.56969	0.01422	0.01377	0.01607	0.01118	0.01686	0.00403	0.00129	0.00331	0.10234	0.00335	0.00526
53	0.01382	0.01018	0.01091	0.00836	0.01127	0.01127	0.00691	0.83748	0.01709	0.02291	0.00873	0.00873	0.00618	0.00436	0.00364	0.00109	0.00400	0.00327	0.00364	0.00618
54	0.00493	0.00363	0.00462	0.00463	0.00542	0.00332	0.00343	0.00634	0.00933	0.01281	0.55338	0.18384	0.14047	0.00850	0.00438	0.00124	0.00187	0.04080	0.00378	0.00329
55	0.00692	0.00539	0.00618	0.07354	0.00808	0.06440	0.00470	0.05046	0.00974	0.06101	0.39084	0.05586	0.12316	0.01781	0.00437	0.00125	0.00275	0.10632	0.00347	0.00375
56	0.83578	0.00725	0.00573	0.00503	0.00733	0.00837	0.00415	0.06881	0.00695	0.01677	0.00532	0.00610	0.00409	0.00344	0.00235	0.00112	0.00290	0.00206	0.00235	0.00409
57	0.00535	0.00382	0.00501	0.00504	0.00543	0.00414	0.00353	0.00630	0.02917	0.00811	0.01133	0.04467	0.01191	0.41034	0.39393	0.00437	0.00625	0.03627	0.00221	0.00284
58	0.00520	0.00349	0.00403	0.00415	0.00419	0.00347	0.00242	0.00530	0.00555	0.00739	0.01263	0.12446	0.01466	0.75250	0.01658	0.00324	0.00335	0.02271	0.00236	0.00231
59	0.07508	0.03368	0.06614	0.02331	0.41991	0.07404	0.09940	0.07263	0.00884	0.03576	0.00724	0.00887	0.01615	0.00360	0.00386	0.00111	0.03987	0.00319	0.00204	0.00528
60	0.06840	0.00923	0.01082	0.00933	0.04669	0.09864	0.06090	0.18725	0.05849	0.03304	0.00731	0.03211	0.00614	0.00492	0.00636	0.00124	0.29843	0.00331	0.00240	0.05499
61	0.04138	0.05164	0.08659	0.18745	0.20938	0.06450	0.09093	0.07686	0.05279	0.02921	0.00858	0.02220	0.03824	0.00396	0.00374	0.00114	0.02092	0.00345	0.00213	0.00493
62	0.10325	0.20261	0.13211	0.01769	0.10539	0.07022	0.02095	0.04325	0.03424	0.07107	0.02116	0.01656	0.01711	0.00410	0.00426	0.00110	0.11616	0.00291	0.00213	0.01371

[dist]
# distance from previous block
# <min> <max>
0	8

[block]
# block no. 4 follows, 76 sequences, length 52
# corresponding to MSA columns:
# 1115-1166
name=unknown_E
#
# <colnr> <probs for GDERKNQSTAVLIFYWHMCP>
#	G	D	E	R	K	N	Q	S	T	A	V	L	I	F	Y	W	H	M	C	P
0	0.05184	0.05797	0.07399	0.06271	0.11653	0.01824	0.02842	0.14727	0.05377	0.17476	0.09247	0.03880	0.02020	0.01447	0.00377	0.00115	0.00364	0.01561	0.00301	0.02139
1	0.01274	0.01552	0.02244	0.00933	0.02187	0.67862	0.02722	0.06997	0.04177	0.01015	0.00647	0.00782	0.00541	0.03939	0.00408	0.00108	0.01700	0.00267	0.00206	0.00437
2	0.25883	0.04505	0.06207	0.04232	0.15978	0.11925	0.10392	0.07457	0.00849	0.02746	0.00709	0.05339	0.00598	0.00392	0.00335	0.00112	0.01339	0.00319	0.00217	0.00469
3	0.00873	0.02124	0.03359	0.24490	0.49097	0.05449	0.04094	0.01113	0.02723	0.02216	0.00694	0.00915	0.00557	0.00342	0.00360	0.00111	0.00462	0.00322	0.00182	0.00516
4	0.00917	0.00934	0.01317	0.14977	0.53999	0.11975	0.01009	0.01111	0.00820	0.01089	0.00648	0.00868	0.00541	0.00354	0.00405	0.00110	0.05747	0.00309	0.00178	0.02693
5	0.00506	0.00354	0.00396	0.00403	0.00429	0.00341	0.00245	0.00530	0.00602	0.00779	0.01697	0.07804	0.17332	0.63815	0.01468	0.00292	0.00311	0.02199	0.00252	0.00244
6	0.00582	0.00357	0.00423	0.00408	0.00493	0.00340	0.00306	0.00750	0.00911	0.01406	0.48336	0.03584	0.02365	0.00616	0.00356	0.00102	0.00171	0.00530	0.37623	0.00340
7	0.00447	0.00347	0.00409	0.00449	0.00522	0.00309	0.00321	0.00535	0.00781	0.00992	0.07939	0.41348	0.38831	0.01012	0.00448	0.00135	0.00202	0.04327	0.00341	0.00305
8	0.00435	0.00367	0.00377	0.00379	0.00495	0.00309	0.00282	0.00531	0.00836	0.01009	0.08547	0.06428	0.76930	0.00917	0.00431	0.00123	0.00184	0.00770	0.00341	0.00309
9	0.00586	0.00418	0.00586	0.00669	0.00753	0.00418	0.00586	0.00753	0.00837	0.01088	0.01924	0.04100	0.02092	0.01004	0.00502	0.00167	0.00335	0.82513	0.00335	0.00335
10	0.00972	0.87446	0.01905	0.00622	0.00933	0.01438	0.00622	0.01088	0.00738	0.00855	0.00505	0.00583	0.00466	0.00311	0.00233	0.00078	0.00389	0.00194	0.00155	0.00466
11	0.00729	0.01880	0.85344	0.01036	0.01573	0.00844	0.01343	0.01151	0.00767	0.01151	0.00652	0.00767	0.00460	0.00345	0.00345	0.00115	0.00537	0.00269	0.00153	0.00537
12	0.00514	0.00372	0.00486	0.00457	0.00543	0.00343	0.00343	0.00686	0.01029	0.01457	0.84768	0.02715	0.03429	0.00743	0.00429	0.00114	0.00171	0.00657	0.00400	0.00343
13	0.00972	0.87446	0.01905	0.00622	0.00933	0.01438	0.00622	0.01088	0.00738	0.00855	0.00505	0.00583	0.00466	0.00311	0.00233	0.00078	0.00389	0.00194	0.00155	0.00466
14	0.89794	0.00703	0.00534	0.00478	0.00703	0.00815	0.00394	0.01068	0.00619	0.01631	0.00506	0.00590	0.00394	0.00337	0.00225	0.00112	0.00281	0.00197	0.00225	0.00394
15	0.00586	0.00418	0.00586	0.00669	0.00753	0.00418	0.00586	0.00753	0.00837	0.01088	0.01924	0.04100	0.02092	0.01004	0.00502	0.00167	0.00335	0.82513	0.00335	0.00335
16	0.01382	0.01018	0.01091	0.00836	0.01127	0.01127	0.00691	0.83748	0.01709	0.02291	0.00873	0.00873	0.00618	0.00436	0.00364	0.00109	0.00400	0.00327	0.00364	0.00618
17	0.39254	0.00860	0.00838	0.00672	0.00934	0.00960	0.00555	0.43704	0.01204	0.06702	0.00747	0.00772	0.00538	0.00395	0.00304	0.00111	0.00344	0.00274	0.00309	0.00522
18	0.89794	0.00703	0.00534	0.00478	0.00703	0.00815	0.00394	0.01068	0.00619	0.01631	0.00506	0.00590	0.00394	0.00337	0.00225	0.00112	0.00281	0.00197	0.00225	0.00394
19	0.00972	0.87446	0.01905	0.00622	0.00933	0.01438	0.00622	0.01088	0.00738	0.00855	0.00505	0.00583	0.00466	0.00311	0.00233	0.00078	0.00389	0.00194	0.00155	0.00466
20	0.00748	0.00732	0.01088	0.55869	0.01956	0.03930	0.00924	0.00957	0.02844	0.00927	0.00615	0.00916	0.00498	0.00448	0.00607	0.00131	0.25915	0.00321	0.00167	0.00407
21	0.89794	0.00703	0.00534	0.00478	0.00703	0.00815	0.00394	0.01068	0.00619	0.01631	0.00506	0.00590	0.00394	0.00337	0.00225	0.00112	0.00281	0.00197	0.00225	0.00394
22	0.89794	0.00703	0.00534	0.00478	0.00703	0.00815	0.00394	0.01068	0.00619	0.01631	0.00506	0.00590	0.00394	0.00337	0.00225	0.00112	0.00281	0.00197	0.00225	0.00394
23	0.04137	0.00441	0.00570	0.00502	0.00637	0.00405	0.00389	0.00950	0.01016	0.20702	0.62449	0.02295	0.02734	0.00660	0.00406	0.00114	0.00207	0.00573	0.00405	0.00408
24	0.79706	0.00710	0.00580	0.00505	0.00737	0.00807	0.00416	0.04505	0.00694	0.07790	0.00589	0.00649	0.00440	0.00350	0.00241	0.00112	0.00288	0.00215	0.00247	0.00419
25	0.01092	0.00892	0.05211	0.01220	0.02621	0.00783	0.51346	0.01346	0.00911	0.27921	0.00999	0.01091	0.01969	0.00363	0.00404	0.00119	0.00504	0.00406	0.00270	0.00531
