[name]
unknown

[dist]
# distance from previous block
# <min> <max>
0	124

[block]
# block no. 0 follows, 68 sequences, length 28
# corresponding to MSA columns:
# 141-168
name=unknown_A
#
# <colnr> <probs for GDERKNQSTAVLIFYWHMCP>
#	G	D	E	R	K	N	Q	S	T	A	V	L	I	F	Y	W	H	M	C	P
0	0.05220	0.00550	0.00652	0.00603	0.00751	0.00544	0.00455	0.06322	0.09098	0.18046	0.10062	0.24363	0.08294	0.08143	0.00573	0.00158	0.00286	0.02902	0.02523	0.00453
1	0.09076	0.00523	0.00581	0.00539	0.00681	0.00515	0.00404	0.05727	0.05752	0.10110	0.15319	0.14716	0.21706	0.09594	0.00592	0.00158	0.00266	0.00665	0.02662	0.00413
2	0.00727	0.00523	0.00594	0.00567	0.00701	0.00520	0.00427	0.04571	0.15316	0.06571	0.10113	0.13661	0.27166	0.09207	0.00607	0.00162	0.00270	0.05765	0.02115	0.00418
3	0.10409	0.00625	0.00710	0.00623	0.00812	0.00630	0.00492	0.09444	0.09971	0.14487	0.16411	0.04291	0.06985	0.07491	0.00538	0.00148	0.00303	0.07959	0.02073	0.05597
4	0.04209	0.00567	0.00699	0.00686	0.04694	0.00578	0.00491	0.09520	0.05252	0.08009	0.11627	0.11218	0.11263	0.10074	0.16042	0.00250	0.00443	0.01545	0.00333	0.02497
5	0.02349	0.00473	0.00552	0.00523	0.00651	0.00442	0.00387	0.00896	0.07313	0.09234	0.18640	0.14817	0.24156	0.10180	0.00619	0.00160	0.00253	0.02448	0.02102	0.03803
6	0.00963	0.00686	0.00765	0.00675	0.00866	0.00730	0.00526	0.13357	0.30341	0.09209	0.15103	0.08293	0.09224	0.00660	0.00417	0.00128	0.00287	0.00556	0.06685	0.00529
7	0.00625	0.00434	0.00618	0.00612	0.00672	0.00484	0.00458	0.00723	0.00661	0.04151	0.02408	0.10515	0.01224	0.12821	0.53057	0.05375	0.04063	0.00513	0.00243	0.00342
8	0.08017	0.00547	0.02191	0.00599	0.00733	0.00539	0.00462	0.05782	0.04201	0.12369	0.05512	0.21993	0.02819	0.08661	0.14916	0.00242	0.00424	0.01792	0.07779	0.00422
9	0.02091	0.00400	0.00478	0.00483	0.00560	0.00378	0.00343	0.00644	0.00854	0.01150	0.24974	0.15232	0.23922	0.17625	0.07797	0.00226	0.00313	0.01854	0.00347	0.00329
10	0.00521	0.00393	0.00482	0.00503	0.00588	0.00357	0.00372	0.00649	0.00937	0.01240	0.30806	0.24340	0.26523	0.02801	0.00517	0.00147	0.00222	0.07867	0.00389	0.00346
11	0.00825	0.04846	0.01304	0.63477	0.16510	0.00938	0.01089	0.03131	0.00837	0.01095	0.00708	0.01018	0.00548	0.00393	0.00402	0.00128	0.01739	0.00346	0.00185	0.00482
12	0.08888	0.04402	0.04110	0.00829	0.04872	0.02524	0.02616	0.12179	0.04452	0.02798	0.00946	0.01232	0.00811	0.01695	0.42103	0.00378	0.04082	0.00374	0.00248	0.00461
13	0.00887	0.00856	0.01385	0.43416	0.32695	0.03236	0.04261	0.03036	0.02122	0.01170	0.00736	0.01019	0.00582	0.00390	0.00419	0.00127	0.02590	0.00356	0.00194	0.00523
14	0.00629	0.00423	0.00573	0.00560	0.00638	0.00439	0.00415	0.00741	0.00757	0.05814	0.14262	0.05451	0.08746	0.15541	0.40595	0.02576	0.00649	0.00555	0.00287	0.00350
15	0.00493	0.00351	0.00462	0.00542	0.00566	0.00329	0.00360	0.00563	0.00764	0.01024	0.06001	0.76339	0.02598	0.06840	0.00604	0.00174	0.00238	0.01071	0.00363	0.00319
16	0.01198	0.01082	0.02988	0.02934	0.01169	0.12183	0.00728	0.23820	0.37621	0.03991	0.01175	0.01159	0.00880	0.00507	0.00460	0.00128	0.06645	0.00383	0.00350	0.00600
17	0.12695	0.00858	0.02705	0.13654	0.03403	0.04012	0.13280	0.12747	0.01991	0.15816	0.09513	0.02782	0.02011	0.00475	0.00394	0.00124	0.00429	0.00412	0.00313	0.02386
18	0.00567	0.00423	0.00629	0.00629	0.00697	0.00491	0.00486	0.00703	0.00635	0.00914	0.01069	0.01598	0.01009	0.06221	0.81272	0.00627	0.01036	0.00431	0.00213	0.00350
19	0.01302	0.01020	0.01264	0.02447	0.23405	0.01104	0.00864	0.49946	0.08603	0.03399	0.02088	0.01041	0.00753	0.00452	0.00397	0.00120	0.00431	0.00369	0.00342	0.00650
20	0.00911	0.00942	0.06814	0.31743	0.26866	0.05548	0.04846	0.01187	0.04050	0.04383	0.00906	0.03404	0.02821	0.00438	0.00432	0.00128	0.03453	0.00388	0.00216	0.00523
21	0.00736	0.10808	0.04753	0.00651	0.00785	0.06899	0.00514	0.04336	0.02819	0.02739	0.03042	0.52083	0.01896	0.03167	0.00483	0.00145	0.00325	0.00805	0.00321	0.02693
22	0.00941	0.03086	0.01142	0.01011	0.09569	0.04295	0.10542	0.07263	0.23987	0.01443	0.05147	0.04611	0.04840	0.00497	0.00414	0.00115	0.02466	0.00433	0.00302	0.17895
23	0.02716	0.06971	0.17281	0.04350	0.14078	0.02343	0.04841	0.07806	0.03973	0.06695	0.00830	0.02006	0.00647	0.00380	0.00357	0.00104	0.00436	0.00319	0.00245	0.23621
24	0.01011	0.41995	0.17360	0.00979	0.09715	0.01202	0.03160	0.05275	0.02473	0.03157	0.00690	0.00791	0.00564	0.00357	0.00316	0.00098	0.00449	0.00268	0.00203	0.09938
25	0.03933	0.14320	0.07096	0.03222	0.09531	0.03213	0.05084	0.06229	0.06509	0.01293	0.04206	0.06844	0.05220	0.04079	0.00432	0.00119	0.00393	0.00409	0.00257	0.17610
26	0.04901	0.10873	0.06081	0.06697	0.16700	0.08959	0.04564	0.07823	0.02166	0.03557	0.02920	0.13362	0.05241	0.00552	0.00401	0.00122	0.01501	0.00467	0.00261	0.02852
27	0.04346	0.20819	0.10344	0.14275	0.06699	0.01010	0.07868	0.05261	0.04361	0.04479	0.00936	0.03394	0.03895	0.00436	0.00385	0.00115	0.02870	0.00357	0.01931	0.06220

[dist]
# distance from previous block
# <min> <max>
13	88

[block]
# block no. 1 follows, 68 sequences, length 47
# corresponding to MSA columns:
# 265-311
name=unknown_B
#
# <colnr> <probs for GDERKNQSTAVLIFYWHMCP>
#	G	D	E	R	K	N	Q	S	T	A	V	L	I	F	Y	W	H	M	C	P
0	0.07838	0.14416	0.16663	0.11548	0.09440	0.07183	0.08534	0.10609	0.00976	0.04613	0.00736	0.00879	0.00564	0.00389	0.00379	0.00117	0.02216	0.00313	0.00224	0.02363
1	0.00990	0.09832	0.09504	0.09480	0.23571	0.11127	0.05623	0.05073	0.03886	0.02018	0.03249	0.02191	0.03794	0.00436	0.00411	0.00117	0.03417	0.00364	0.00226	0.04691
2	0.05527	0.07249	0.02941	0.09216	0.19352	0.09130	0.03642	0.13612	0.09088	0.03929	0.07005	0.01149	0.01878	0.00442	0.00378	0.00116	0.00441	0.00368	0.00276	0.04261
3	0.22120	0.04643	0.01023	0.14171	0.06419	0.07278	0.01600	0.14935	0.04295	0.04771	0.00823	0.01939	0.00677	0.06729	0.02070	0.00152	0.05259	0.00339	0.00263	0.00494
4	0.00870	0.04697	0.00803	0.05543	0.00892	0.01792	0.00495	0.15880	0.08214	0.02957	0.02589	0.07171	0.04222	0.30090	0.01954	0.00214	0.00379	0.00494	0.00296	0.10447
5	0.06229	0.01028	0.04997	0.00975	0.07197	0.07354	0.03975	0.27731	0.16363	0.08897	0.01115	0.06535	0.00881	0.00499	0.00390	0.00122	0.00418	0.00407	0.00340	0.04546
6	0.07003	0.01251	0.01089	0.00891	0.01157	0.22985	0.00709	0.48913	0.05187	0.01942	0.00880	0.00963	0.00672	0.04047	0.00445	0.00127	0.00493	0.00335	0.00330	0.00582
7	0.00573	0.00431	0.00636	0.00632	0.00698	0.00502	0.00487	0.00705	0.00633	0.00912	0.01063	0.01607	0.01010	0.07923	0.78009	0.00613	0.02572	0.00432	0.00213	0.00349
8	0.00499	0.00354	0.00462	0.00535	0.00561	0.00333	0.00355	0.00570	0.00767	0.01030	0.08306	0.70553	0.02582	0.10289	0.00665	0.00182	0.00243	0.01037	0.00360	0.00317
9	0.01048	0.68762	0.09254	0.00740	0.01083	0.05372	0.00747	0.03511	0.00847	0.01008	0.00601	0.00705	0.00533	0.00460	0.03810	0.00113	0.00479	0.00234	0.00179	0.00512
10	0.00849	0.08205	0.54627	0.05231	0.06276	0.00984	0.15863	0.01239	0.00854	0.01224	0.00717	0.00882	0.00529	0.00366	0.00386	0.00124	0.00579	0.00324	0.00176	0.00566
11	0.00577	0.00384	0.00432	0.00432	0.00432	0.00384	0.00240	0.00577	0.00577	0.00769	0.01249	0.02595	0.01441	0.86066	0.02018	0.00384	0.00384	0.00577	0.00240	0.00240
12	0.00496	0.00353	0.00470	0.00559	0.00586	0.00333	0.00381	0.00570	0.00763	0.01015	0.02148	0.77825	0.02561	0.04124	0.00560	0.00170	0.00244	0.06157	0.00364	0.00322
13	0.04393	0.00970	0.01132	0.04074	0.05110	0.01052	0.03058	0.52408	0.06568	0.09684	0.01126	0.02966	0.02770	0.00528	0.01324	0.00129	0.00423	0.01286	0.00374	0.00625
14	0.10466	0.00702	0.00898	0.00696	0.00997	0.00641	0.00575	0.05228	0.01119	0.72253	0.01437	0.01262	0.00913	0.00478	0.00383	0.00123	0.00338	0.00379	0.00462	0.00650
15	0.00471	0.00402	0.00406	0.00405	0.00537	0.00336	0.00304	0.00575	0.00911	0.01087	0.06488	0.03789	0.80950	0.00998	0.00469	0.00134	0.00200	0.00833	0.00370	0.00336
16	0.00965	0.00943	0.01662	0.06422	0.71417	0.00945	0.09353	0.01212	0.00901	0.01279	0.00749	0.00994	0.00620	0.00353	0.00400	0.00120	0.00494	0.00365	0.00196	0.00609
17	0.00496	0.00403	0.00440	0.00431	0.00553	0.00347	0.00323	0.00623	0.00969	0.01226	0.27777	0.03560	0.59574	0.00946	0.00468	0.00131	0.00197	0.00801	0.00389	0.00347
18	0.00577	0.00384	0.00432	0.00432	0.00432	0.00384	0.00240	0.00577	0.00577	0.00769	0.01249	0.02595	0.01441	0.86066	0.02018	0.00384	0.00384	0.00577	0.00240	0.00240
19	0.88866	0.00767	0.00583	0.00521	0.00767	0.00889	0.00429	0.01166	0.00675	0.01779	0.00552	0.00644	0.00429	0.00368	0.00245	0.00123	0.00307	0.00215	0.00245	0.00429
20	0.00606	0.00485	0.00649	0.00645	0.00718	0.04047	0.00496	0.00740	0.00655	0.00916	0.01051	0.01565	0.00990	0.06352	0.77470	0.00604	0.01019	0.00424	0.00213	0.00354
21	0.00483	0.00345	0.00460	0.00552	0.00575	0.00322	0.00368	0.00552	0.00759	0.01012	0.02185	0.85807	0.02622	0.01242	0.00506	0.00161	0.00230	0.01127	0.00368	0.00322
22	0.00855	0.21132	0.65455	0.01028	0.01558	0.01068	0.01287	0.01240	0.00830	0.01183	0.00675	0.00792	0.00504	0.00368	0.00349	0.00116	0.00549	0.00275	0.00168	0.00568
23	0.02697	0.00913	0.01405	0.21286	0.49270	0.02443	0.01090	0.09422	0.05128	0.01374	0.00795	0.01010	0.00633	0.00386	0.00391	0.00122	0.00474	0.00354	0.00223	0.00582
24	0.00944	0.00832	0.04947	0.00826	0.03902	0.02167	0.09572	0.05089	0.03125	0.08583	0.01027	0.04526	0.04201	0.00407	0.00355	0.00091	0.00367	0.00356	0.00272	0.48412
25	0.00572	0.00483	0.04473	0.00529	0.00645	0.00400	0.00426	0.00772	0.01109	0.01574	0.79479	0.02861	0.03588	0.00790	0.00463	0.00125	0.00206	0.00697	0.00424	0.00384
26	0.00604	0.00406	0.00455	0.00447	0.00456	0.00410	0.00256	0.03009	0.00615	0.00820	0.01240	0.02546	0.01419	0.83518	0.01970	0.00376	0.00386	0.00570	0.00245	0.00253
27	0.00997	0.01089	0.01254	0.01070	0.01146	0.19221	0.06516	0.01108	0.00752	0.00988	0.00614	0.00971	0.00584	0.00621	0.01013	0.00156	0.58199	0.03070	0.00189	0.00444
28	0.00885	0.09917	0.69933	0.01063	0.01604	0.00980	0.01330	0.04289	0.00884	0.04515	0.00739	0.00843	0.00528	0.00381	0.00367	0.00121	0.00555	0.00292	0.00189	0.00585
29	0.00483	0.00345	0.00460	0.00552	0.00575	0.00322	0.00368	0.00552	0.00759	0.01012	0.02185	0.85807	0.02622	0.01242	0.00506	0.00161	0.00230	0.01127	0.00368	0.00322
30	0.00945	0.00816	0.00857	0.00775	0.00992	0.00935	0.00602	0.01985	0.76389	0.01612	0.01804	0.01664	0.07717	0.00575	0.00409	0.00134	0.00305	0.00479	0.00401	0.00604
31	0.00945	0.00905	0.01545	0.15192	0.71114	0.00933	0.01199	0.01185	0.00886	0.01252	0.00739	0.00993	0.00613	0.00360	0.00393	0.00120	0.00480	0.00353	0.00193	0.00599
32	0.01417	0.03145	0.04658	0.00966	0.01232	0.32622	0.00794	0.41500	0.01438	0.01738	0.00778	0.00846	0.00592	0.00458	0.00437	0.00116	0.06085	0.00312	0.00295	0.00571
33	0.00621	0.00447	0.00616	0.00694	0.00785	0.00441	0.00597	0.00797	0.00923	0.01207	0.08353	0.07096	0.05423	0.01075	0.00537	0.00176	0.00341	0.69137	0.00371	0.00363
34	0.00972	0.00943	0.01499	0.10190	0.29443	0.03290	0.18959	0.04729	0.20552	0.01377	0.00976	0.01136	0.00760	0.00479	0.02817	0.00141	0.00505	0.00401	0.00254	0.00577
35	0.01011	0.00865	0.00921	0.00835	0.02220	0.00997	0.00642	0.05880	0.77879	0.01693	0.01570	0.01447	0.01177	0.00532	0.00403	0.00134	0.00322	0.00443	0.00400	0.00630
36	0.00865	0.01005	0.07868	0.08500	0.08092	0.00902	0.51785	0.01153	0.00866	0.01187	0.00815	0.01139	0.00652	0.03549	0.06912	0.02929	0.00646	0.00433	0.00197	0.00502
37	0.00922	0.00877	0.01472	0.23583	0.59379	0.00928	0.01162	0.01202	0.04313	0.01238	0.00772	0.01022	0.00627	0.00372	0.00394	0.00122	0.00479	0.00357	0.00200	0.00580
38	0.00492	0.00353	0.00465	0.00548	0.00577	0.00329	0.00370	0.00567	0.00773	0.01029	0.04671	0.76522	0.04755	0.03586	0.00547	0.00166	0.00236	0.03323	0.00366	0.00323
39	0.01102	0.24399	0.18795	0.00864	0.01211	0.04663	0.03760	0.19867	0.04157	0.06778	0.01052	0.06219	0.04506	0.00484	0.00365	0.00115	0.00450	0.00379	0.00275	0.00558
40	0.01920	0.05128	0.31629	0.04842	0.03106	0.00879	0.05882	0.09761	0.04637	0.12344	0.00972	0.03362	0.00750	0.00465	0.00418	0.01277	0.02165	0.02659	0.01838	0.05967
41	0.55835	0.16916	0.05283	0.00645	0.00921	0.10206	0.00572	0.01246	0.03051	0.01502	0.00597	0.00684	0.00479	0.00372	0.00271	0.00114	0.00388	0.00229	0.00227	0.00461
42	0.00813	0.07844	0.78378	0.01099	0.01668	0.00965	0.01411	0.01251	0.00835	0.01233	0.00701	0.00823	0.00503	0.00374	0.00368	0.00123	0.00575	0.00287	0.00168	0.00581
43	0.00613	0.00481	0.00545	0.00522	0.00653	0.00458	0.00400	0.06359	0.06599	0.01363	0.26551	0.08855	0.38590	0.00901	0.00466	0.00135	0.00232	0.05492	0.00392	0.00390
44	0.00517	0.00376	0.00489	0.00558	0.00609	0.00352	0.00403	0.00617	0.00825	0.01090	0.09475	0.54139	0.10690	0.03843	0.00554	0.00166	0.00251	0.14343	0.00370	0.00332
45	0.00639	0.02531	0.00632	0.00637	0.04114	0.00501	0.00436	0.04990	0.00802	0.01106	0.03896	0.31318	0.08529	0.14946	0.11705	0.00243	0.03273	0.00714	0.05887	0.03104
46	0.00502	0.00373	0.00488	0.00552	0.00590	0.00358	0.00381	0.00586	0.00799	0.01069	0.09971	0.68921	0.08711	0.01165	0.00527	0.00156	0.03112	0.01040	0.00368	0.00332

[dist]
# distance from previous block
# <min> <max>
3	6

[block]
# block no. 2 follows, 68 sequences, length 22
# corresponding to MSA columns:
# 319-340
name=unknown_C
#
# <colnr> <probs for GDERKNQSTAVLIFYWHMCP>
#	G	D	E	R	K	N	Q	S	T	A	V	L	I	F	Y	W	H	M	C	P
0	0.00715	0.00666	0.05853	0.00837	0.08770	0.00597	0.03527	0.10929	0.00987	0.01324	0.10883	0.29592	0.17973	0.00861	0.00489	0.00140	0.03249	0.01840	0.00338	0.00432
1	0.88866	0.00767	0.00583	0.00521	0.00767	0.00889	0.00429	0.01166	0.00675	0.01779	0.00552	0.00644	0.00429	0.00368	0.00245	0.00123	0.00307	0.00215	0.00245	0.00429
2	0.00573	0.00386	0.00446	0.00448	0.00453	0.00389	0.00260	0.00584	0.00586	0.00785	0.01265	0.04958	0.01448	0.78521	0.07007	0.00393	0.00421	0.00583	0.00242	0.00250
3	0.01357	0.00764	0.00896	0.00723	0.00971	0.00776	0.00582	0.27996	0.07404	0.31809	0.04000	0.03266	0.03742	0.05765	0.00499	0.00139	0.00350	0.02106	0.06266	0.00590
4	0.00493	0.00405	0.00431	0.00433	0.00556	0.00348	0.00328	0.00604	0.00916	0.01123	0.12297	0.03722	0.67118	0.03928	0.00527	0.00145	0.00216	0.05702	0.00371	0.00338
5	0.00614	0.00408	0.00528	0.00504	0.00599	0.00377	0.00376	0.00787	0.01066	0.04847	0.66218	0.11437	0.03334	0.00820	0.00456	0.00126	0.00197	0.00724	0.06202	0.00381
6	0.00561	0.00406	0.00522	0.00499	0.00595	0.00375	0.00378	0.00742	0.01092	0.01534	0.72708	0.03054	0.09338	0.00829	0.00467	0.00127	0.00195	0.03971	0.02237	0.00371
7	0.00846	0.18060	0.68443	0.01044	0.01583	0.01044	0.01315	0.01243	0.00831	0.01194	0.00681	0.00799	0.00504	0.00370	0.00353	0.00118	0.00555	0.00278	0.00168	0.00571
8	0.88866	0.00767	0.00583	0.00521	0.00767	0.00889	0.00429	0.01166	0.00675	0.01779	0.00552	0.00644	0.00429	0.00368	0.00245	0.00123	0.00307	0.00215	0.00245	0.00429
9	0.03185	0.03202	0.06449	0.03999	0.01144	0.05935	0.01838	0.16814	0.30243	0.07461	0.07560	0.04716	0.01158	0.00543	0.00436	0.00128	0.03831	0.00435	0.00351	0.00571
10	0.00703	0.00427	0.00557	0.00561	0.00665	0.00390	0.00423	0.00832	0.00942	0.12944	0.23197	0.32585	0.13015	0.00977	0.00481	0.00145	0.00246	0.10115	0.00403	0.00392
11	0.03719	0.02250	0.10645	0.01408	0.01787	0.02048	0.55294	0.06494	0.00965	0.02863	0.00850	0.04446	0.00675	0.00397	0.00459	0.00131	0.02616	0.00446	0.00223	0.02287
12	0.00547	0.00429	0.00499	0.00483	0.00597	0.00395	0.00361	0.00753	0.06225	0.01357	0.42224	0.07802	0.35089	0.00894	0.00466	0.00131	0.00203	0.00770	0.00404	0.00372
13	0.00560	0.00409	0.00582	0.00591	0.00644	0.00458	0.00436	0.00668	0.00638	0.00902	0.01210	0.10246	0.01238	0.18064	0.60871	0.00543	0.00854	0.00524	0.00233	0.00330
14	0.01063	0.00824	0.00999	0.00845	0.00999	0.00985	0.00687	0.17944	0.18725	0.08618	0.04438	0.01279	0.03124	0.00669	0.03339	0.00156	0.28948	0.00407	0.05417	0.00534
15	0.00930	0.00998	0.07424	0.12752	0.53384	0.03386	0.01152	0.01164	0.00858	0.01206	0.00746	0.01056	0.00636	0.00420	0.00496	0.00128	0.09959	0.02546	0.00194	0.00567
16	0.00742	0.00562	0.00713	0.04065	0.02469	0.00553	0.02318	0.09147	0.06278	0.04164	0.35807	0.05983	0.16489	0.00762	0.00450	0.00129	0.00273	0.05234	0.00386	0.03477
17	0.11901	0.13547	0.10997	0.00964	0.07150	0.06125	0.05302	0.13253	0.03412	0.09358	0.00967	0.03999	0.02385	0.00477	0.00405	0.00121	0.04241	0.02956	0.00274	0.02167
18	0.02821	0.15816	0.14780	0.09933	0.08296	0.11484	0.05826	0.06390	0.07716	0.06119	0.00803	0.00925	0.00621	0.00420	0.00429	0.00120	0.06406	0.00322	0.00233	0.00543
19	0.03729	0.04254	0.06271	0.05247	0.15820	0.09780	0.02630	0.16765	0.05851	0.04505	0.02460	0.04450	0.01673	0.02374	0.00438	0.00121	0.02697	0.00375	0.00274	0.10286
20	0.03218	0.08591	0.04326	0.06406	0.05955	0.14409	0.02580	0.17783	0.06495	0.08065	0.03925	0.01152	0.02507	0.01581	0.00434	0.00119	0.03988	0.01719	0.00289	0.06459
21	0.12042	0.10812	0.03258	0.00960	0.07317	0.08511	0.08160	0.16715	0.04039	0.07757	0.03993	0.02315	0.00844	0.05676	0.00491	0.00134	0.02657	0.01512	0.00285	0.02522

[dist]
# distance from previous block
# <min> <max>
0	112

[block]
# block no. 3 follows, 68 sequences, length 35
# corresponding to MSA columns:
# 456-490
name=unknown_D
#
# <colnr> <probs for GDERKNQSTAVLIFYWHMCP>
#	G	D	E	R	K	N	Q	S	T	A	V	L	I	F	Y	W	H	M	C	P
0	0.34009	0.14895	0.04536	0.02417	0.01066	0.29601	0.00657	0.04438	0.00915	0.03401	0.00623	0.00713	0.00498	0.00385	0.00303	0.00110	0.00487	0.00244	0.00226	0.00475
1	0.35215	0.14392	0.04709	0.00787	0.05950	0.16491	0.00617	0.02125	0.00826	0.01343	0.00802	0.10631	0.00755	0.01523	0.00337	0.00120	0.00415	0.00349	0.02161	0.00453
2	0.15397	0.02035	0.21390	0.01035	0.04360	0.04359	0.15544	0.01144	0.00843	0.03949	0.07964	0.01201	0.04077	0.00602	0.04798	0.00157	0.10034	0.00385	0.00233	0.00492
3	0.06792	0.00886	0.01401	0.23758	0.42819	0.03088	0.05955	0.02707	0.02670	0.01272	0.00754	0.00997	0.00605	0.00382	0.00403	0.00123	0.02143	0.00351	0.02350	0.00546
4	0.00569	0.00416	0.00592	0.00592	0.00647	0.00471	0.00439	0.00679	0.00624	0.00887	0.01104	0.01789	0.01091	0.21478	0.66127	0.00581	0.00911	0.00459	0.00219	0.00329
5	0.00917	0.01071	0.05577	0.06567	0.02009	0.01003	0.67050	0.01264	0.03495	0.01250	0.00803	0.01061	0.00608	0.00365	0.00502	0.00135	0.05145	0.00447	0.00203	0.00529
6	0.00486	0.00351	0.00461	0.00547	0.00578	0.00326	0.00370	0.00559	0.00771	0.01020	0.02295	0.78919	0.07551	0.01224	0.00505	0.00160	0.00231	0.02953	0.00368	0.00324
7	0.00482	0.00349	0.00456	0.00541	0.00572	0.00323	0.00363	0.00553	0.00770	0.01017	0.02322	0.79701	0.08640	0.01224	0.00503	0.00159	0.00228	0.01106	0.00368	0.00323
8	0.01418	0.01730	0.01096	0.00990	0.01201	0.70985	0.00748	0.04201	0.11780	0.01108	0.00754	0.00822	0.00607	0.00428	0.00365	0.00107	0.00654	0.00284	0.00236	0.00488
9	0.00836	0.04982	0.37589	0.01008	0.06735	0.04213	0.02770	0.02564	0.15011	0.01331	0.08500	0.01473	0.10279	0.00512	0.00397	0.00125	0.00451	0.00422	0.00262	0.00541
10	0.00584	0.00413	0.00521	0.00489	0.00596	0.00374	0.00369	0.00756	0.01087	0.04108	0.67713	0.03051	0.16788	0.00832	0.00466	0.00126	0.00194	0.00727	0.00427	0.00377
11	0.04610	0.00916	0.01521	0.08306	0.72570	0.00936	0.01163	0.01219	0.02607	0.01303	0.00753	0.00983	0.00625	0.00361	0.00387	0.00119	0.00465	0.00349	0.00201	0.00606
12	0.01352	0.01004	0.01117	0.06075	0.03950	0.06375	0.02006	0.42214	0.06550	0.13037	0.00999	0.01017	0.00716	0.00444	0.00383	0.00113	0.00426	0.00348	0.00354	0.11519
13	0.85228	0.00763	0.00597	0.00529	0.00777	0.00877	0.00436	0.01198	0.00694	0.05208	0.00594	0.00674	0.00452	0.00373	0.00252	0.00123	0.00308	0.00222	0.00256	0.00440
14	0.01531	0.01270	0.01052	0.00879	0.01136	0.35282	0.00691	0.19968	0.03721	0.26146	0.03716	0.01055	0.00815	0.00465	0.00384	0.00114	0.00510	0.00342	0.00347	0.00575
15	0.00921	0.00732	0.00858	0.00628	0.00964	0.00597	0.00505	0.05298	0.03520	0.06285	0.00794	0.00882	0.00634	0.00331	0.00330	0.00071	0.02090	0.00260	0.00263	0.74038
16	0.00505	0.00365	0.00478	0.00536	0.00583	0.00338	0.00373	0.00607	0.00857	0.01158	0.21697	0.59744	0.07045	0.01123	0.00496	0.00151	0.00222	0.03001	0.00384	0.00336
17	0.01419	0.01057	0.01134	0.00888	0.01186	0.01172	0.00727	0.71549	0.09494	0.02362	0.01062	0.04252	0.00800	0.00511	0.00401	0.00122	0.00417	0.00395	0.00396	0.00656
18	0.01490	0.01102	0.01180	0.00909	0.01223	0.01222	0.00749	0.79644	0.04519	0.02471	0.00974	0.00969	0.00692	0.00478	0.00397	0.00119	0.00432	0.00360	0.00397	0.00673
19	0.00496	0.00353	0.00468	0.00552	0.00577	0.00334	0.00371	0.00566	0.00750	0.01000	0.02100	0.76201	0.02503	0.06613	0.02359	0.00186	0.00261	0.03635	0.00357	0.00319
20	0.00614	0.00476	0.00532	0.00522	0.00615	0.03160	0.00378	0.00793	0.05823	0.02582	0.33658	0.12190	0.18951	0.14299	0.00711	0.00173	0.00259	0.03529	0.00373	0.00362
21	0.05339	0.02368	0.01132	0.00902	0.01179	0.16575	0.02067	0.52476	0.07005	0.02024	0.00958	0.04446	0.00746	0.00490	0.00387	0.00119	0.00469	0.00370	0.00347	0.00601
22	0.00662	0.00571	0.00571	0.00542	0.00694	0.03984	0.00411	0.01009	0.20002	0.02519	0.12278	0.05636	0.47932	0.00849	0.00449	0.00132	0.00250	0.00711	0.00379	0.00417
23	0.00490	0.00350	0.00467	0.00555	0.00582	0.00327	0.00375	0.00566	0.00777	0.01039	0.05293	0.80574	0.02657	0.01222	0.00506	0.00160	0.00232	0.03132	0.00371	0.00325
24	0.01173	0.19933	0.05747	0.03930	0.21214	0.18885	0.00890	0.14364	0.07752	0.01358	0.00776	0.00880	0.00622	0.00399	0.00356	0.00110	0.00502	0.00307	0.00239	0.00565
25	0.00483	0.00345	0.00460	0.00552	0.00575	0.00322	0.00368	0.00552	0.00759	0.01012	0.02185	0.85807	0.02622	0.01242	0.00506	0.00161	0.00230	0.01127	0.00368	0.00322
26	0.00567	0.00381	0.00437	0.00446	0.00450	0.00378	0.00256	0.00577	0.00605	0.00808	0.02739	0.11108	0.01601	0.75946	0.01837	0.00357	0.00365	0.00635	0.00257	0.00251
27	0.00955	0.00850	0.02103	0.04606	0.13745	0.00935	0.02321	0.06121	0.51021	0.01547	0.02532	0.07549	0.01168	0.00553	0.00428	0.00133	0.02019	0.00475	0.00348	0.00590
28	0.10822	0.12879	0.11297	0.04209	0.04651	0.04774	0.05214	0.17341	0.05057	0.03006	0.00844	0.02098	0.01702	0.00455	0.01618	0.00119	0.02284	0.00323	0.00259	0.11048
29	0.01137	0.23086	0.03390	0.12228	0.04934	0.07634	0.01885	0.17123	0.03097	0.09262	0.02639	0.03512	0.02390	0.02329	0.00412	0.00119	0.01851	0.00358	0.00274	0.02342
30	0.03001	0.09747	0.05462	0.02551	0.05762	0.15739	0.05503	0.09523	0.04775	0.08622	0.07925	0.04038	0.04715	0.01880	0.02438	0.00135	0.01856	0.02154	0.02817	0.01358
31	0.05270	0.06192	0.09773	0.04360	0.11353	0.10593	0.04355	0.09852	0.12135	0.04715	0.06394	0.04054	0.00949	0.00462	0.00378	0.00116	0.00439	0.00382	0.00280	0.07948
32	0.10835	0.08403	0.07363	0.01903	0.05502	0.08404	0.04972	0.06880	0.07808	0.06012	0.08194	0.09317	0.02438	0.01471	0.00433	0.00124	0.03824	0.00438	0.00288	0.05389
33	0.02401	0.03120	0.04522	0.04899	0.02801	0.10820	0.01616	0.12008	0.06491	0.08009	0.02705	0.09866	0.04151	0.01503	0.02345	0.03030	0.03103	0.04677	0.00301	0.11633
34	0.04738	0.03370	0.10244	0.02187	0.03673	0.07243	0.01551	0.18587	0.10709	0.03422	0.04425	0.09046	0.07215	0.02336	0.03651	0.00149	0.00426	0.02153	0.00313	0.04561

[dist]
# distance from previous block
# <min> <max>
6	142

[block]
# block no. 4 follows, 68 sequences, length 9
# corresponding to MSA columns:
# 665-673
name=unknown_E
#
# <colnr> <probs for GDERKNQSTAVLIFYWHMCP>
#	G	D	E	R	K	N	Q	S	T	A	V	L	I	F	Y	W	H	M	C	P
0	0.03758	0.06157	0.12905	0.00846	0.02486	0.06172	0.05598	0.12013	0.05056	0.04915	0.04052	0.12710	0.03439	0.06265	0.00569	0.02434	0.03827	0.00478	0.00283	0.06037
1	0.05550	0.10253	0.07004	0.03151	0.03336	0.14456	0.07159	0.17746	0.03545	0.05095	0.02764	0.05384	0.04260	0.01895	0.00401	0.00118	0.00461	0.00388	0.00279	0.06753
2	0.00984	0.13434	0.09085	0.00873	0.04160	0.06998	0.04911	0.12116	0.08104	0.02751	0.02429	0.05858	0.02378	0.04606	0.02917	0.00140	0.01921	0.02630	0.00270	0.13435
3	0.00855	0.03712	0.03258	0.05060	0.05252	0.05791	0.03833	0.08223	0.06449	0.02825	0.03901	0.14544	0.04578	0.11859	0.02690	0.00168	0.03392	0.00521	0.01916	0.11171
4	0.06457	0.11096	0.07632	0.04471	0.02546	0.03024	0.04113	0.16854	0.02286	0.03943	0.00894	0.05643	0.00769	0.02950	0.08623	0.00168	0.02906	0.00365	0.00262	0.14998
5	0.05627	0.07216	0.12960	0.02786	0.06573	0.04439	0.06451	0.07753	0.03681	0.08844	0.05678	0.05806	0.02830	0.02352	0.06804	0.00163	0.01967	0.00412	0.00274	0.07383
6	0.02369	0.02865	0.07934	0.00943	0.07610	0.03766	0.07471	0.14990	0.07381	0.08259	0.08772	0.08283	0.03275	0.02912	0.02051	0.00137	0.00408	0.00468	0.02600	0.07506
7	0.00758	0.00569	0.00756	0.00747	0.05077	0.00560	0.02522	0.05327	0.07957	0.05622	0.06413	0.22579	0.05900	0.01176	0.15382	0.00222	0.00439	0.06482	0.00326	0.11187
8	0.00843	0.00715	0.00853	0.00675	0.04263	0.00568	0.00508	0.04826	0.00871	0.01335	0.00794	0.05218	0.00698	0.00354	0.00313	0.00069	0.00304	0.00291	0.00248	0.76253

[dist]
# distance from previous block
# <min> <max>
5	24

[block]
# block no. 5 follows, 68 sequences, length 63
# corresponding to MSA columns:
# 698-760
name=unknown_F
#
# <colnr> <probs for GDERKNQSTAVLIFYWHMCP>
#	G	D	E	R	K	N	Q	S	T	A	V	L	I	F	Y	W	H	M	C	P
0	0.15260	0.06854	0.06715	0.02659	0.01104	0.07459	0.00690	0.18048	0.28331	0.02742	0.05444	0.01145	0.00942	0.00474	0.00364	0.00122	0.00393	0.00362	0.00327	0.00564
1	0.04865	0.44000	0.02312	0.00768	0.01056	0.09319	0.00685	0.09954	0.14051	0.01271	0.00775	0.00832	0.00639	0.00409	0.00355	0.00103	0.04424	0.00277	0.00240	0.03664
2	0.01071	0.00543	0.00630	0.00550	0.00725	0.00533	0.00437	0.07255	0.06311	0.23509	0.04341	0.01662	0.03462	0.00532	0.00351	0.00112	0.00261	0.04149	0.43078	0.00489
3	0.01024	0.00856	0.00907	0.00808	0.01037	0.00985	0.00631	0.04879	0.78063	0.03706	0.01590	0.01458	0.01186	0.00535	0.00403	0.00134	0.00319	0.00444	0.00405	0.00630
4	0.00475	0.00399	0.00412	0.00416	0.00541	0.00336	0.00309	0.00578	0.00908	0.01097	0.08404	0.08612	0.74143	0.01007	0.00471	0.00135	0.00202	0.00847	0.00372	0.00336
5	0.03512	0.00763	0.00966	0.00743	0.01050	0.00717	0.00613	0.17781	0.01269	0.66115	0.01423	0.01257	0.00909	0.00485	0.00395	0.00122	0.00356	0.00387	0.00467	0.00670
6	0.00512	0.00421	0.00454	0.00450	0.00578	0.00371	0.00343	0.00667	0.03782	0.01189	0.17765	0.03620	0.62285	0.00959	0.00470	0.00135	0.00211	0.05055	0.00381	0.00353
7	0.00469	0.00402	0.00402	0.00402	0.00536	0.00335	0.00301	0.00569	0.00904	0.01071	0.04017	0.03816	0.83432	0.01004	0.00469	0.00134	0.00201	0.00837	0.00368	0.00335
8	0.00822	0.00705	0.00822	0.00587	0.00940	0.00529	0.00470	0.00998	0.00822	0.01292	0.00705	0.00822	0.00587	0.00294	0.00294	0.00059	0.00294	0.00235	0.00235	0.88490
9	0.03844	0.03256	0.01060	0.04330	0.09584	0.00748	0.03599	0.07066	0.00971	0.27260	0.01021	0.01100	0.00751	0.00651	0.07924	0.00157	0.05728	0.00345	0.01762	0.18846
10	0.01076	0.10365	0.14961	0.03981	0.02505	0.01033	0.11274	0.26350	0.05537	0.04153	0.03371	0.05513	0.00865	0.03572	0.00487	0.00134	0.03565	0.00409	0.00288	0.00561
11	0.01693	0.00813	0.01006	0.00771	0.01081	0.00788	0.00637	0.27385	0.01366	0.58088	0.01370	0.01224	0.00884	0.00486	0.00398	0.00122	0.00369	0.00385	0.00461	0.00675
12	0.00577	0.00384	0.00432	0.00432	0.00432	0.00384	0.00240	0.00577	0.00577	0.00769	0.01249	0.02595	0.01441	0.86066	0.02018	0.00384	0.00384	0.00577	0.00240	0.00240
13	0.00950	0.00963	0.09946	0.25686	0.09763	0.00899	0.20282	0.02431	0.07673	0.09454	0.01781	0.03169	0.00740	0.00435	0.00453	0.00132	0.04057	0.00409	0.00243	0.00534
14	0.00830	0.00810	0.01221	0.61939	0.14072	0.06122	0.01068	0.01088	0.02183	0.01066	0.00766	0.01149	0.00615	0.00424	0.00417	0.00131	0.02223	0.03214	0.00191	0.00469
15	0.00504	0.00370	0.00473	0.00518	0.00575	0.00339	0.00361	0.00611	0.00882	0.01186	0.25849	0.51511	0.13185	0.01087	0.00490	0.00147	0.00214	0.00972	0.00388	0.00339
16	0.00938	0.00754	0.01112	0.00976	0.04960	0.00792	0.15178	0.03837	0.23235	0.09869	0.06208	0.07003	0.05531	0.02046	0.01916	0.00153	0.06455	0.08179	0.00338	0.00519
17	0.01129	0.00854	0.04576	0.07689	0.07255	0.00866	0.01633	0.26951	0.04748	0.13251	0.10295	0.05436	0.01226	0.02495	0.01607	0.00143	0.05369	0.03575	0.00349	0.00555
18	0.00964	0.00933	0.01502	0.05894	0.71229	0.03937	0.01145	0.01202	0.02058	0.01264	0.00831	0.04113	0.00733	0.00407	0.00399	0.00121	0.00469	0.01994	0.00208	0.00597
19	0.00598	0.00463	0.00667	0.00650	0.00705	0.00552	0.00499	0.00715	0.00626	0.00904	0.01033	0.01626	0.01004	0.13715	0.65376	0.00558	0.09313	0.00437	0.00212	0.00347
20	0.00822	0.00705	0.00822	0.00587	0.00940	0.00529	0.00470	0.00998	0.00822	0.01292	0.00705	0.00822	0.00587	0.00294	0.00294	0.00059	0.00294	0.00235	0.00235	0.88490
21	0.00882	0.00852	0.01484	0.36653	0.44650	0.00921	0.06556	0.01136	0.00859	0.01177	0.00733	0.01019	0.00585	0.00370	0.00399	0.00125	0.00508	0.00361	0.00188	0.00544
22	0.01544	0.03000	0.03474	0.00810	0.01134	0.00927	0.00687	0.40874	0.01454	0.34996	0.01166	0.01093	0.00783	0.00465	0.00387	0.00116	0.00392	0.00361	0.00413	0.05923
23	0.01338	0.00790	0.00920	0.00767	0.01029	0.00828	0.00614	0.07689	0.42339	0.35182	0.03070	0.01417	0.01126	0.00519	0.00402	0.00128	0.00330	0.00427	0.00439	0.00645
24	0.01486	0.01006	0.01106	0.00854	0.01155	0.01088	0.00703	0.65759	0.02549	0.13277	0.03471	0.01086	0.00822	0.00488	0.00395	0.00119	0.00407	0.00374	0.03199	0.00655
25	0.00887	0.00908	0.01281	0.02812	0.01150	0.04144	0.06550	0.00996	0.00653	0.00978	0.00555	0.00890	0.00533	0.00685	0.02359	0.00174	0.73474	0.00353	0.00177	0.00441
26	0.00479	0.00405	0.00416	0.00422	0.00553	0.00342	0.00322	0.00585	0.00904	0.01078	0.03897	0.03857	0.78363	0.01010	0.00474	0.00137	0.00211	0.05839	0.00368	0.00337
27	0.00531	0.00412	0.00479	0.00461	0.00571	0.00370	0.00343	0.00693	0.02649	0.01340	0.44939	0.03283	0.37587	0.03964	0.00523	0.00138	0.00203	0.00758	0.00400	0.00358
28	0.00955	0.00991	0.01909	0.01414	0.01752	0.00985	0.57500	0.01448	0.19148	0.03046	0.01019	0.01239	0.00781	0.00414	0.00484	0.00136	0.03631	0.02343	0.00255	0.00551
29	0.00664	0.00457	0.00627	0.00693	0.00795	0.00448	0.00598	0.00840	0.00934	0.04188	0.07411	0.04220	0.07597	0.01049	0.00532	0.00174	0.00342	0.67681	0.00374	0.00375
30	0.00506	0.00403	0.00453	0.00441	0.00558	0.00351	0.00331	0.00641	0.00992	0.01280	0.35926	0.03472	0.51392	0.00926	0.00468	0.00130	0.00195	0.00789	0.00396	0.00351
31	0.00498	0.00363	0.00489	0.00594	0.02417	0.00340	0.00393	0.00575	0.00771	0.01025	0.02205	0.79129	0.04948	0.01211	0.00504	0.00160	0.00238	0.03444	0.00364	0.00330
32	0.01058	0.03957	0.00946	0.00802	0.01034	0.04194	0.00632	0.02023	0.69913	0.07322	0.01540	0.01453	0.01157	0.00530	0.00398	0.00131	0.00336	0.01564	0.00393	0.00616
33	0.00837	0.00814	0.02615	0.52769	0.33091	0.00904	0.01150	0.01093	0.00835	0.01123	0.00720	0.01025	0.00566	0.00380	0.00395	0.00127	0.00508	0.00352	0.00184	0.00513
34	0.00497	0.00349	0.00459	0.00539	0.00561	0.00328	0.00356	0.00553	0.00739	0.00983	0.02095	0.74980	0.03970	0.07654	0.00657	0.03319	0.00245	0.01052	0.00351	0.00311
35	0.01921	0.00521	0.00758	0.00703	0.00799	0.00599	0.03742	0.06042	0.00743	0.01069	0.03986	0.01543	0.01040	0.05985	0.63453	0.00522	0.05528	0.00432	0.00232	0.00383
36	0.00842	0.00813	0.01310	0.52190	0.25727	0.02764	0.01106	0.01079	0.00815	0.01088	0.00698	0.01011	0.00556	0.00410	0.00474	0.00131	0.07959	0.00350	0.00182	0.00494
37	0.00558	0.00405	0.00526	0.00496	0.00591	0.00373	0.00372	0.00743	0.01116	0.01575	0.81046	0.02987	0.06088	0.00816	0.00468	0.00125	0.00187	0.00721	0.00434	0.00373
38	0.01001	0.00859	0.00905	0.00810	0.01037	0.00993	0.00631	0.04399	0.80560	0.01683	0.01595	0.01464	0.01195	0.00536	0.00403	0.00134	0.00317	0.00446	0.00403	0.00629
39	0.00580	0.00397	0.00484	0.00517	0.00541	0.00394	0.00349	0.00631	0.00678	0.00896	0.01562	0.13111	0.01782	0.55843	0.01490	0.00310	0.00361	0.19509	0.00285	0.00279
40	0.01052	0.01189	0.01848	0.06499	0.06404	0.18490	0.48583	0.04648	0.02260	0.01242	0.00814	0.03574	0.00654	0.00391	0.00433	0.00126	0.00630	0.00425	0.00216	0.00519
41	0.01039	0.00829	0.00888	0.00791	0.01020	0.00941	0.00617	0.02062	0.74742	0.08160	0.01658	0.01516	0.02854	0.00544	0.00404	0.00134	0.00313	0.00452	0.00410	0.00625
42	0.07908	0.00606	0.00744	0.00611	0.00843	0.00558	0.00492	0.05505	0.01082	0.44372	0.13929	0.03628	0.13671	0.00619	0.00406	0.00124	0.00290	0.00509	0.03561	0.00543
43	0.00896	0.00919	0.01221	0.01044	0.01068	0.05975	0.02864	0.00991	0.00646	0.00962	0.00548	0.00883	0.00535	0.00734	0.03605	0.00182	0.75969	0.00347	0.00177	0.00435
44	0.01277	0.09502	0.01262	0.04069	0.05898	0.34914	0.02128	0.18812	0.06709	0.01365	0.00763	0.00874	0.00612	0.00497	0.02147	0.00126	0.07955	0.00310	0.00252	0.00528
45	0.00567	0.00423	0.00626	0.00626	0.00693	0.00490	0.00482	0.00701	0.00634	0.00912	0.01072	0.01613	0.01015	0.07385	0.80115	0.00624	0.01026	0.00433	0.00214	0.00348
46	0.00491	0.00350	0.00466	0.00556	0.00580	0.00328	0.00375	0.00562	0.00760	0.01013	0.02162	0.81140	0.02584	0.03116	0.00541	0.00167	0.00238	0.03885	0.00365	0.00322
47	0.81096	0.05348	0.00681	0.00548	0.00796	0.03899	0.00455	0.01182	0.00698	0.01705	0.00554	0.00646	0.00437	0.00368	0.00250	0.00120	0.00327	0.00216	0.00240	0.00435
48	0.00487	0.00348	0.00464	0.00556	0.00581	0.00325	0.00375	0.00559	0.00763	0.01016	0.02183	0.83826	0.02614	0.01239	0.00507	0.00162	0.00233	0.03071	0.00368	0.00323
49	0.01003	0.00856	0.00902	0.00805	0.01032	0.00986	0.00628	0.06143	0.77223	0.01690	0.01625	0.01497	0.02732	0.00544	0.00404	0.00134	0.00318	0.00451	0.00402	0.00624
50	0.07232	0.06166	0.01256	0.14757	0.23340	0.09930	0.01853	0.09425	0.01912	0.03745	0.01784	0.00982	0.00650	0.00411	0.00410	0.00115	0.04688	0.01370	0.00235	0.09737
51	0.00874	0.07752	0.64910	0.01143	0.04455	0.04291	0.03264	0.03593	0.00872	0.01249	0.00700	0.00833	0.00515	0.00388	0.00404	0.00123	0.03588	0.00296	0.00178	0.00573
52	0.00475	0.00398	0.00413	0.00418	0.00542	0.00336	0.00310	0.00578	0.00906	0.01096	0.08326	0.09549	0.73278	0.01010	0.00471	0.00135	0.00202	0.00851	0.00372	0.00336
53	0.00580	0.00414	0.00523	0.00560	0.00629	0.00402	0.00426	0.00686	0.00799	0.02034	0.05099	0.12671	0.16890	0.22610	0.07131	0.00253	0.00370	0.27269	0.00327	0.00327
54	0.00972	0.15097	0.12815	0.03731	0.20563	0.04399	0.16721	0.06237	0.02263	0.01233	0.00757	0.00996	0.00629	0.04007	0.02805	0.00145	0.05532	0.00353	0.00205	0.00541
55	0.01053	0.00770	0.00845	0.00737	0.00957	0.00839	0.00584	0.15065	0.41566	0.10062	0.05009	0.03095	0.09094	0.00611	0.00413	0.00131	0.00316	0.04119	0.04158	0.00575
56	0.00795	0.02051	0.84011	0.01130	0.01716	0.00921	0.01465	0.01256	0.00837	0.01256	0.00712	0.00837	0.00502	0.00377	0.00377	0.00126	0.00586	0.00293	0.00167	0.00586
57	0.00620	0.00478	0.00607	0.04392	0.03471	0.00458	0.01284	0.04850	0.00989	0.02628	0.28923	0.09649	0.30047	0.04460	0.03278	0.00160	0.00281	0.02675	0.00367	0.00383
58	0.01035	0.02842	0.06165	0.03475	0.11351	0.17889	0.06200	0.05583	0.08442	0.07695	0.09551	0.11914	0.01265	0.03079	0.00471	0.00133	0.01624	0.00488	0.00295	0.00504
59	0.00535	0.00384	0.00498	0.00567	0.00608	0.00367	0.00390	0.03955	0.00824	0.01103	0.06058	0.74476	0.02566	0.02657	0.00527	0.00162	0.00243	0.03372	0.00370	0.00339
60	0.01442	0.01829	0.01097	0.01001	0.01201	0.80991	0.00752	0.01545	0.01115	0.00976	0.00726	0.00853	0.02748	0.00435	0.00363	0.00104	0.00696	0.01461	0.00211	0.00455
61	0.01130	0.04139	0.11835	0.09877	0.15244	0.18253	0.13170	0.09224	0.01908	0.07232	0.00847	0.01067	0.00663	0.00418	0.00397	0.00121	0.00552	0.03133	0.00241	0.00549
62	0.01158	0.01094	0.05531	0.02324	0.08915	0.12729	0.03427	0.33078	0.07373	0.01682	0.01138	0.09376	0.03801	0.01683	0.02876	0.00143	0.02356	0.00446	0.00313	0.00557

[dist]
# distance from previous block
# <min> <max>
6	13

[block]
# block no. 6 follows, 68 sequences, length 11
# corresponding to MSA columns:
# 776-786
name=unknown_G
#
# <colnr> <probs for GDERKNQSTAVLIFYWHMCP>
#	G	D	E	R	K	N	Q	S	T	A	V	L	I	F	Y	W	H	M	C	P
0	0.03069	0.00741	0.01119	0.11055	0.21635	0.00828	0.04343	0.05436	0.00865	0.02852	0.05984	0.01508	0.10280	0.02409	0.10629	0.00200	0.15882	0.00444	0.00244	0.00477
1	0.00993	0.30152	0.31425	0.07224	0.08996	0.10131	0.01054	0.03684	0.00891	0.01140	0.00657	0.00789	0.00524	0.00370	0.00337	0.00109	0.00526	0.00273	0.00182	0.00542
2	0.27245	0.06846	0.00962	0.00760	0.03330	0.05831	0.02623	0.14486	0.06878	0.16668	0.02516	0.05066	0.02031	0.02636	0.00390	0.00128	0.00375	0.00371	0.00327	0.00532
3	0.00817	0.04814	0.00657	0.00545	0.00691	0.00463	0.00420	0.00957	0.01005	0.18986	0.32916	0.17641	0.16879	0.00830	0.00449	0.00130	0.00242	0.00719	0.00410	0.00429
4	0.00549	0.00437	0.00526	0.00574	0.04461	0.00397	0.00399	0.02757	0.00945	0.01217	0.19348	0.19492	0.41894	0.00972	0.00474	0.00138	0.00230	0.04452	0.00375	0.00364
5	0.02851	0.06792	0.24634	0.16281	0.13651	0.06140	0.12475	0.06094	0.02893	0.03375	0.00766	0.00940	0.00578	0.00383	0.00386	0.00122	0.00540	0.00338	0.00209	0.00551
6	0.00866	0.03232	0.01260	0.20446	0.29527	0.02260	0.04793	0.06253	0.00899	0.01230	0.02995	0.07503	0.00902	0.00739	0.08822	0.00179	0.03621	0.02035	0.01936	0.00504
7	0.00678	0.00521	0.00591	0.00627	0.04830	0.04079	0.00416	0.02048	0.03590	0.04685	0.07333	0.15829	0.20410	0.24923	0.05155	0.00232	0.00354	0.03018	0.00320	0.00361
8	0.00989	0.07524	0.05224	0.05507	0.28421	0.10695	0.03484	0.05041	0.08824	0.01259	0.00898	0.03243	0.00775	0.00583	0.04861	0.00147	0.03978	0.03302	0.00235	0.05010
9	0.05024	0.09655	0.07597	0.07699	0.09675	0.13789	0.04534	0.07046	0.08579	0.08045	0.00875	0.03346	0.00702	0.00456	0.00452	0.00121	0.08050	0.00348	0.00255	0.03751
10	0.04320	0.05636	0.04602	0.08068	0.09688	0.06189	0.13567	0.05742	0.06888	0.09404	0.04949	0.09042	0.01045	0.00649	0.04991	0.00153	0.00483	0.01763	0.00282	0.02536

[dist]
# distance from previous block
# <min> <max>
11	231

[block]
# block no. 7 follows, 68 sequences, length 25
# corresponding to MSA columns:
# 1026-1050
name=unknown_H
#
# <colnr> <probs for GDERKNQSTAVLIFYWHMCP>
#	G	D	E	R	K	N	Q	S	T	A	V	L	I	F	Y	W	H	M	C	P
0	0.03317	0.00830	0.01023	0.36485	0.03191	0.08609	0.00815	0.13088	0.02703	0.05908	0.04511	0.04031	0.03677	0.04751	0.02120	0.00149	0.02651	0.00413	0.00264	0.01462
1	0.10412	0.25066	0.01418	0.01110	0.16708	0.21638	0.00778	0.10986	0.04319	0.01323	0.00697	0.00797	0.00573	0.00385	0.00329	0.00105	0.00486	0.00277	0.00229	0.02363
2	0.01110	0.01017	0.09846	0.05237	0.09659	0.03236	0.07475	0.15840	0.04908	0.12865	0.01078	0.01172	0.05344	0.00497	0.00545	0.00129	0.14263	0.00385	0.00287	0.05106
3	0.00972	0.00843	0.00805	0.00705	0.00893	0.13395	0.00539	0.15810	0.09629	0.03795	0.05475	0.09297	0.08866	0.09408	0.05047	0.00173	0.00419	0.02649	0.00322	0.10957
4	0.01230	0.01370	0.01064	0.00947	0.01116	0.43330	0.00732	0.08550	0.14392	0.01212	0.00878	0.05104	0.00761	0.01996	0.00571	0.00129	0.15510	0.00360	0.00257	0.00491
5	0.00794	0.00800	0.08523	0.00653	0.00976	0.00580	0.00564	0.01066	0.07996	0.01287	0.00961	0.11012	0.00876	0.00436	0.00336	0.00084	0.00315	0.00365	0.00259	0.62115
6	0.62669	0.00795	0.00707	0.00605	0.00862	0.00893	0.00495	0.08883	0.08033	0.11621	0.00803	0.00830	0.00586	0.00408	0.00292	0.00123	0.00323	0.00270	0.00303	0.00499
7	0.01028	0.76261	0.11845	0.00732	0.01101	0.01492	0.00772	0.01195	0.00809	0.00971	0.00570	0.00660	0.00508	0.00344	0.00269	0.00090	0.00443	0.00222	0.00169	0.00518
8	0.00501	0.00360	0.00480	0.00569	0.00603	0.00338	0.00399	0.00585	0.00781	0.01034	0.02222	0.74008	0.04655	0.01219	0.00510	0.00163	0.00245	0.10632	0.00368	0.00328
9	0.00620	0.00445	0.00550	0.00580	0.00641	0.00440	0.00403	0.10310	0.00901	0.01210	0.08068	0.61710	0.02365	0.09008	0.00631	0.00174	0.00266	0.00953	0.00365	0.00360
10	0.01297	0.00915	0.00991	0.00783	0.01058	0.00977	0.00639	0.55759	0.03762	0.09293	0.01674	0.01609	0.18278	0.00591	0.00412	0.00123	0.00374	0.00465	0.00399	0.00601
11	0.01384	0.01516	0.01259	0.01051	0.01306	0.48308	0.10450	0.18362	0.08409	0.02981	0.00812	0.00886	0.00626	0.00427	0.00384	0.00113	0.00609	0.00321	0.00267	0.00532
12	0.08851	0.00535	0.00658	0.10625	0.00921	0.00564	0.00497	0.00996	0.12206	0.01525	0.51174	0.02354	0.06191	0.00691	0.00430	0.00127	0.00257	0.00595	0.00380	0.00420
13	0.00977	0.00870	0.00900	0.00672	0.01006	0.08433	0.00536	0.12161	0.00993	0.01427	0.00730	0.00830	0.00592	0.00329	0.00314	0.00071	0.00352	0.00253	0.00254	0.68299
14	0.00594	0.00503	0.00742	0.00792	0.07983	0.00476	0.08040	0.00755	0.04413	0.01105	0.04388	0.42475	0.19987	0.05157	0.00553	0.00158	0.00296	0.00867	0.00335	0.00382
15	0.01290	0.09017	0.01214	0.00879	0.01143	0.08463	0.00727	0.46203	0.05853	0.01875	0.00874	0.02445	0.00684	0.00487	0.00483	0.00118	0.10560	0.00343	0.00320	0.07023
16	0.06521	0.00903	0.08965	0.48175	0.02156	0.00920	0.10687	0.08170	0.00888	0.01240	0.00742	0.01022	0.00564	0.00527	0.04553	0.00156	0.02773	0.00356	0.00204	0.00481
17	0.00921	0.11732	0.01309	0.21293	0.20886	0.03153	0.04866	0.09673	0.03436	0.01230	0.00939	0.05604	0.01967	0.10654	0.00580	0.00152	0.00460	0.00415	0.00233	0.00498
