[name]
unknown

[dist]
# distance from previous block
# <min> <max>
0	36

[block]
# block no. 0 follows, 76 sequences, length 17
# corresponding to MSA columns:
# 36-52
name=unknown_A
#
# <colnr> <probs for GDERKNQSTAVLIFYWHMCP>
#	G	D	E	R	K	N	Q	S	T	A	V	L	I	F	Y	W	H	M	C	P
0	0.00878	0.00636	0.00768	0.00624	0.00846	0.01472	0.01578	0.10928	0.03736	0.11195	0.10400	0.05972	0.02903	0.02138	0.00421	0.00104	0.04182	0.07551	0.00303	0.33365
1	0.00959	0.00749	0.04268	0.04333	0.21644	0.01599	0.09073	0.06594	0.04143	0.18588	0.05627	0.02531	0.14440	0.00548	0.02250	0.00126	0.01292	0.00442	0.00292	0.00503
2	0.00721	0.03920	0.02400	0.00678	0.02152	0.05848	0.09666	0.06363	0.00974	0.04313	0.35449	0.08986	0.12948	0.00651	0.00404	0.00114	0.00298	0.00574	0.00326	0.03215
3	0.00519	0.00386	0.00497	0.00506	0.00534	0.00415	0.00349	0.00577	0.00604	0.00822	0.01429	0.22182	0.07006	0.34579	0.21448	0.00330	0.06677	0.00616	0.00245	0.00282
4	0.00897	0.00945	0.03792	0.04601	0.22514	0.10941	0.24661	0.08312	0.01877	0.01201	0.02080	0.13478	0.00865	0.00463	0.00391	0.00117	0.00473	0.00450	0.00225	0.01718
5	0.00570	0.00464	0.00525	0.00596	0.03682	0.05858	0.00390	0.04319	0.00751	0.00971	0.01751	0.62705	0.03913	0.10972	0.00606	0.00164	0.00272	0.00860	0.00310	0.00320
6	0.32900	0.00599	0.00610	0.00547	0.00708	0.00650	0.00428	0.10327	0.02749	0.07475	0.14108	0.13848	0.05470	0.04272	0.00437	0.00130	0.03561	0.00469	0.00307	0.00406
7	0.00874	0.04527	0.01306	0.01567	0.43314	0.02508	0.00931	0.01095	0.06972	0.01080	0.00659	0.00878	0.00573	0.00449	0.00655	0.00126	0.31475	0.00321	0.00186	0.00504
8	0.11711	0.04062	0.16465	0.00808	0.02758	0.04307	0.06977	0.06059	0.08935	0.20636	0.03047	0.10768	0.00926	0.00484	0.00356	0.00116	0.00379	0.00405	0.00294	0.00505
9	0.00878	0.00675	0.00790	0.00572	0.00889	0.00543	0.00461	0.08044	0.00858	0.08044	0.00729	0.00803	0.00574	0.00298	0.00285	0.00063	0.00284	0.00237	0.00247	0.74725
10	0.00434	0.00366	0.00376	0.00378	0.00495	0.00308	0.00282	0.00529	0.00834	0.01004	0.07766	0.06522	0.77627	0.00919	0.00431	0.00123	0.00184	0.00771	0.00341	0.00308
11	0.00789	0.00639	0.01033	0.13513	0.16131	0.00695	0.08549	0.04701	0.03166	0.07566	0.00880	0.01160	0.00731	0.01308	0.34149	0.00302	0.03663	0.00365	0.00217	0.00442
12	0.01170	0.45667	0.01511	0.00726	0.01027	0.01288	0.00655	0.41045	0.01208	0.01549	0.00683	0.00723	0.00540	0.00372	0.00296	0.00093	0.00394	0.00259	0.00256	0.00540
13	0.00749	0.00719	0.00989	0.00858	0.00858	0.00982	0.00696	0.00815	0.00552	0.00845	0.00593	0.01069	0.00623	0.15611	0.01306	0.00192	0.71653	0.00354	0.00170	0.00367
14	0.00829	0.00474	0.00514	0.00456	0.00584	0.00484	0.00353	0.14881	0.00960	0.06411	0.10516	0.01457	0.01171	0.03653	0.00357	0.00104	0.00223	0.00381	0.55793	0.00398
15	0.00514	0.00354	0.00403	0.00406	0.00422	0.00349	0.00241	0.00532	0.00569	0.00749	0.01433	0.06240	0.09794	0.71125	0.05142	0.00330	0.00355	0.00569	0.00236	0.00237
16	0.01268	0.01096	0.01065	0.00967	0.09552	0.18309	0.00703	0.49622	0.04440	0.03211	0.00837	0.00938	0.00645	0.05167	0.00438	0.00120	0.00447	0.00323	0.00303	0.00550

[dist]
# distance from previous block
# <min> <max>
0	3

[block]
# block no. 1 follows, 76 sequences, length 17
# corresponding to MSA columns:
# 56-72
name=unknown_B
#
# <colnr> <probs for GDERKNQSTAVLIFYWHMCP>
#	G	D	E	R	K	N	Q	S	T	A	V	L	I	F	Y	W	H	M	C	P
0	0.02927	0.00831	0.01084	0.47313	0.12637	0.13082	0.00901	0.01005	0.00753	0.00957	0.00643	0.00950	0.00531	0.03647	0.02328	0.00138	0.09366	0.00316	0.00172	0.00419
1	0.01129	0.12059	0.03056	0.04659	0.12162	0.04872	0.05068	0.33688	0.13961	0.04448	0.00877	0.00923	0.00659	0.00400	0.00349	0.00108	0.00412	0.00324	0.00286	0.00560
2	0.00760	0.00596	0.00692	0.00674	0.00778	0.02439	0.03344	0.02191	0.07247	0.02389	0.09483	0.35490	0.21833	0.07313	0.00635	0.00182	0.02305	0.00819	0.00386	0.00442
3	0.00460	0.00329	0.00438	0.00503	0.00538	0.00308	0.00347	0.00546	0.00759	0.01025	0.16398	0.69522	0.02572	0.01065	0.00459	0.00142	0.00208	0.03728	0.00348	0.00305
4	0.01572	0.00606	0.00825	0.00637	0.00908	0.00524	0.00524	0.01715	0.01040	0.80838	0.05785	0.01314	0.01032	0.00465	0.00369	0.00113	0.00302	0.00381	0.00447	0.00604
5	0.00462	0.00365	0.00417	0.00413	0.00513	0.00319	0.00306	0.00582	0.00892	0.01155	0.33763	0.10335	0.47440	0.00873	0.00432	0.00122	0.00182	0.00749	0.00361	0.00319
6	0.01084	0.00761	0.00844	0.00722	0.00952	0.00832	0.00571	0.07822	0.58788	0.18808	0.01402	0.01279	0.01014	0.00474	0.00366	0.00118	0.00300	0.00390	0.00382	0.03090
7	0.00791	0.00725	0.01182	0.15204	0.29065	0.03081	0.13480	0.02570	0.01985	0.01137	0.00884	0.07218	0.00773	0.02270	0.03935	0.00137	0.01533	0.00398	0.13175	0.00457
8	0.08812	0.27513	0.33004	0.00855	0.02672	0.07128	0.03640	0.02803	0.00800	0.06317	0.00660	0.01867	0.00518	0.00358	0.00318	0.00103	0.01688	0.00262	0.00189	0.00495
9	0.01179	0.03266	0.04083	0.00972	0.08217	0.44974	0.00717	0.09890	0.16329	0.02577	0.00897	0.00938	0.03550	0.00416	0.00345	0.00104	0.00510	0.00305	0.00246	0.00487
10	0.00998	0.26081	0.04209	0.02684	0.03990	0.23294	0.00651	0.04814	0.17208	0.01101	0.02404	0.02428	0.07805	0.00443	0.00325	0.00101	0.00425	0.00332	0.00238	0.00469
11	0.00582	0.00364	0.00440	0.00428	0.00515	0.00340	0.00318	0.00736	0.00906	0.03821	0.44649	0.10876	0.07695	0.00694	0.00380	0.00110	0.00180	0.00602	0.26023	0.00343
12	0.00654	0.01073	0.37364	0.00848	0.03497	0.00622	0.04539	0.00937	0.04612	0.03002	0.01201	0.29990	0.01212	0.02707	0.05911	0.00162	0.00434	0.00558	0.00239	0.00437
13	0.00453	0.00356	0.00410	0.00425	0.00513	0.00313	0.00308	0.00557	0.00843	0.01083	0.22865	0.24634	0.44080	0.00933	0.00438	0.00127	0.00188	0.00808	0.00353	0.00313
14	0.00517	0.00381	0.00552	0.00556	0.00610	0.00434	0.00418	0.00627	0.00582	0.00829	0.01044	0.05520	0.01032	0.13779	0.70778	0.00533	0.00856	0.00438	0.00205	0.00309
15	0.00940	0.17042	0.01472	0.16603	0.17783	0.11112	0.16549	0.04090	0.03871	0.02777	0.00704	0.00903	0.00570	0.02307	0.01673	0.00119	0.00492	0.00318	0.00194	0.00480
16	0.00669	0.00562	0.00614	0.04562	0.00772	0.07623	0.00464	0.00935	0.14335	0.03535	0.16633	0.23504	0.07542	0.02491	0.09101	0.00178	0.00354	0.05427	0.00320	0.00379

[dist]
# distance from previous block
# <min> <max>
1	9

[block]
# block no. 2 follows, 76 sequences, length 20
# corresponding to MSA columns:
# 82-101
name=unknown_C
#
# <colnr> <probs for GDERKNQSTAVLIFYWHMCP>
#	G	D	E	R	K	N	Q	S	T	A	V	L	I	F	Y	W	H	M	C	P
0	0.04478	0.00941	0.09887	0.09149	0.20197	0.02689	0.23472	0.05323	0.07172	0.04418	0.04134	0.01921	0.02600	0.00419	0.01502	0.00122	0.00468	0.00379	0.00226	0.00505
1	0.00487	0.00366	0.00504	0.00618	0.05691	0.00341	0.00397	0.00567	0.00711	0.00959	0.01869	0.75579	0.02211	0.01051	0.00452	0.00142	0.00231	0.03813	0.00323	0.03688
2	0.08001	0.00444	0.00516	0.00510	0.02426	0.00432	0.00369	0.03401	0.00859	0.05482	0.25417	0.15027	0.25945	0.06670	0.00527	0.00139	0.02491	0.00656	0.00336	0.00351
3	0.10417	0.01780	0.02857	0.00766	0.01016	0.02286	0.09917	0.01556	0.25293	0.30971	0.02493	0.01239	0.04045	0.00457	0.00387	0.00118	0.03141	0.00380	0.00344	0.00538
4	0.00821	0.00718	0.02418	0.00708	0.02812	0.01816	0.01578	0.08084	0.47599	0.01485	0.16912	0.01765	0.10585	0.00570	0.00386	0.00120	0.00281	0.00481	0.00358	0.00503
5	0.00447	0.00322	0.00417	0.00491	0.00517	0.00299	0.00327	0.00508	0.00695	0.00919	0.02068	0.76656	0.07870	0.05942	0.00539	0.00157	0.00217	0.00987	0.00331	0.00292
6	0.04375	0.02910	0.07450	0.09898	0.24418	0.03726	0.03638	0.12690	0.06777	0.10932	0.03117	0.00986	0.00704	0.00382	0.00350	0.00108	0.00404	0.00327	0.01464	0.05345
7	0.20545	0.31140	0.09409	0.00716	0.00959	0.15905	0.00660	0.01105	0.00736	0.01057	0.00552	0.00713	0.00486	0.03889	0.00439	0.00113	0.10729	0.00237	0.00179	0.00431
8	0.00795	0.00795	0.01113	0.00954	0.00954	0.01113	0.00795	0.00875	0.00557	0.00875	0.00477	0.00795	0.00477	0.00636	0.01193	0.00159	0.86562	0.00318	0.00159	0.00398
9	0.00949	0.79291	0.09856	0.00661	0.00994	0.01382	0.00691	0.01094	0.00741	0.00883	0.00519	0.00601	0.00466	0.00314	0.00244	0.00081	0.00403	0.00201	0.00155	0.00473
10	0.00949	0.00847	0.01432	0.02123	0.79230	0.00841	0.01076	0.01160	0.00842	0.06916	0.00735	0.00923	0.00598	0.00332	0.00360	0.00108	0.00423	0.00327	0.00198	0.00579
11	0.00850	0.00725	0.00814	0.05509	0.02461	0.00796	0.00572	0.04697	0.56179	0.01430	0.04254	0.05045	0.02224	0.00493	0.00363	0.00114	0.00294	0.00416	0.00333	0.12431
12	0.00489	0.00371	0.00450	0.00430	0.00527	0.00332	0.00323	0.00636	0.00968	0.01313	0.60221	0.02952	0.28066	0.00797	0.00429	0.00117	0.00175	0.00691	0.00381	0.00332
13	0.00904	0.00781	0.00822	0.00740	0.00945	0.00904	0.00575	0.01931	0.84303	0.01520	0.01479	0.01356	0.01109	0.00493	0.00370	0.00123	0.00288	0.00411	0.00370	0.00575
14	0.07970	0.00776	0.00914	0.00706	0.00987	0.00779	0.00583	0.32719	0.01262	0.47756	0.01154	0.01052	0.00756	0.00437	0.00355	0.00111	0.00342	0.00339	0.00401	0.00602
15	0.00490	0.00367	0.00454	0.00440	0.00530	0.00331	0.00327	0.00636	0.00961	0.01313	0.60592	0.08294	0.22309	0.00810	0.00431	0.00118	0.00177	0.00707	0.00382	0.00331
16	0.00972	0.87446	0.01905	0.00622	0.00933	0.01438	0.00622	0.01088	0.00738	0.00855	0.00505	0.00583	0.00466	0.00311	0.00233	0.00078	0.00389	0.00194	0.00155	0.00466
17	0.00443	0.00371	0.00387	0.00390	0.00508	0.00315	0.00297	0.00545	0.00843	0.01020	0.09120	0.03475	0.75007	0.00913	0.00433	0.00124	0.00191	0.04966	0.00342	0.00311
18	0.01349	0.01045	0.01032	0.00812	0.01080	0.10561	0.00662	0.66699	0.01554	0.05289	0.00877	0.00889	0.00630	0.00429	0.00354	0.00106	0.00412	0.00319	0.05321	0.00580
19	0.02391	0.00648	0.06388	0.00614	0.01972	0.00508	0.05123	0.04357	0.00878	0.11202	0.09626	0.03255	0.22521	0.00541	0.00358	0.00099	0.00283	0.00458	0.03899	0.24878

[dist]
# distance from previous block
# <min> <max>
0	1

[block]
# block no. 3 follows, 76 sequences, length 19
# corresponding to MSA columns:
# 103-121
name=unknown_D
#
# <colnr> <probs for GDERKNQSTAVLIFYWHMCP>
#	G	D	E	R	K	N	Q	S	T	A	V	L	I	F	Y	W	H	M	C	P
0	0.21439	0.19673	0.05419	0.00722	0.00910	0.02309	0.00637	0.04172	0.11743	0.01191	0.00673	0.00836	0.00576	0.03764	0.00590	0.00128	0.24285	0.00280	0.00211	0.00444
1	0.64636	0.00805	0.00689	0.00608	0.02608	0.04123	0.00483	0.16783	0.02368	0.03145	0.00615	0.00678	0.00465	0.00362	0.00263	0.00111	0.00322	0.00232	0.00255	0.00448
2	0.00834	0.00851	0.01203	0.39299	0.28622	0.12031	0.04121	0.01039	0.00802	0.01015	0.00738	0.06445	0.00638	0.00400	0.00366	0.00115	0.00477	0.00361	0.00183	0.00458
3	0.00430	0.00366	0.00370	0.00373	0.00492	0.00306	0.00278	0.00521	0.00824	0.00980	0.03625	0.06305	0.82041	0.00928	0.00431	0.00124	0.00185	0.00776	0.00338	0.00306
4	0.00480	0.00346	0.00454	0.00477	0.00535	0.00320	0.00339	0.00600	0.00873	0.01206	0.45309	0.40911	0.04938	0.00927	0.00445	0.00130	0.00190	0.00830	0.00370	0.00320
5	0.00929	0.00793	0.00836	0.00745	0.00954	0.00915	0.00581	0.06142	0.80052	0.01560	0.01448	0.01331	0.01084	0.00490	0.00370	0.00123	0.00293	0.00407	0.00370	0.00577
6	0.00723	0.00427	0.00435	0.00419	0.00528	0.00452	0.00318	0.01063	0.17448	0.01388	0.01244	0.01355	0.00967	0.00437	0.00277	0.00092	0.00193	0.00353	0.71493	0.00386
7	0.01382	0.01018	0.01091	0.00836	0.01127	0.01127	0.00691	0.83748	0.01709	0.02291	0.00873	0.00873	0.00618	0.00436	0.00364	0.00109	0.00400	0.00327	0.00364	0.00618
8	0.00832	0.01160	0.18762	0.01433	0.01834	0.00904	0.67202	0.01162	0.00840	0.01162	0.00719	0.00938	0.00533	0.00314	0.00412	0.00121	0.00598	0.00397	0.00178	0.00500
9	0.00972	0.87446	0.01905	0.00622	0.00933	0.01438	0.00622	0.01088	0.00738	0.00855	0.00505	0.00583	0.00466	0.00311	0.00233	0.00078	0.00389	0.00194	0.00155	0.00466
10	0.00686	0.00646	0.01090	0.86353	0.02503	0.00807	0.01009	0.00929	0.00727	0.00929	0.00646	0.00969	0.00484	0.00363	0.00363	0.00121	0.00484	0.00323	0.00161	0.00404
11	0.01267	0.01542	0.00988	0.00897	0.01088	0.68818	0.00677	0.01547	0.17663	0.01016	0.00745	0.00795	0.00596	0.00398	0.00336	0.00100	0.00582	0.00269	0.00224	0.00452
12	0.01440	0.00563	0.00743	0.00585	0.00827	0.00495	0.00478	0.01587	0.00985	0.68462	0.01384	0.01261	0.00906	0.00445	0.00343	0.00107	0.00281	0.00360	0.18185	0.00563
13	0.00488	0.00371	0.00458	0.00490	0.00558	0.00355	0.00350	0.02900	0.02347	0.01017	0.07859	0.45478	0.23507	0.01213	0.10642	0.00190	0.00299	0.00831	0.00326	0.00319
14	0.00514	0.00372	0.00486	0.00457	0.00543	0.00343	0.00343	0.00686	0.01029	0.01457	0.84768	0.02715	0.03429	0.00743	0.00429	0.00114	0.00171	0.00657	0.00400	0.00343
15	0.00599	0.00321	0.00474	0.00485	0.00492	0.00322	0.00328	0.00490	0.00510	0.00685	0.00836	0.12483	0.00884	0.01345	0.06989	0.71623	0.00346	0.00416	0.00184	0.00187
16	0.01132	0.04522	0.54407	0.01227	0.06952	0.02570	0.03379	0.01484	0.10845	0.07128	0.01087	0.01268	0.00850	0.00556	0.00472	0.00166	0.00575	0.00392	0.00302	0.00688
17	0.00758	0.00618	0.00788	0.02252	0.05048	0.01695	0.02377	0.00901	0.00736	0.04310	0.00764	0.03736	0.00666	0.00673	0.11171	0.04725	0.00386	0.00288	0.00219	0.57888
18	0.07803	0.07652	0.03360	0.01801	0.02774	0.05895	0.10389	0.16835	0.04604	0.02313	0.01193	0.23864	0.03362	0.00720	0.04774	0.00144	0.00403	0.01397	0.00277	0.00442

[dist]
# distance from previous block
# <min> <max>
0	7

[block]
# block no. 4 follows, 76 sequences, length 34
# corresponding to MSA columns:
# 129-162
name=unknown_E
#
# <colnr> <probs for GDERKNQSTAVLIFYWHMCP>
#	G	D	E	R	K	N	Q	S	T	A	V	L	I	F	Y	W	H	M	C	P
0	0.48347	0.00900	0.00768	0.03145	0.02576	0.16262	0.03370	0.09387	0.00846	0.02716	0.04500	0.04369	0.00672	0.00407	0.00293	0.00111	0.00374	0.00289	0.00244	0.00425
1	0.08298	0.06831	0.18207	0.01065	0.01393	0.01192	0.00920	0.22500	0.30074	0.01966	0.01377	0.01527	0.01105	0.00684	0.00517	0.00187	0.00514	0.00458	0.00427	0.00758
2	0.00529	0.00379	0.00554	0.00554	0.00606	0.00432	0.00416	0.00622	0.00569	0.00811	0.00968	0.01515	0.00936	0.12558	0.69507	0.07300	0.00850	0.00400	0.00195	0.00300
3	0.00894	0.00842	0.01344	0.04382	0.67091	0.00869	0.01013	0.01260	0.16216	0.01241	0.00829	0.00986	0.00671	0.00356	0.00362	0.00111	0.00407	0.00340	0.00214	0.00571
4	0.00743	0.00663	0.03008	0.00631	0.04351	0.00530	0.01692	0.02188	0.07282	0.02661	0.01231	0.01273	0.14476	0.00404	0.00315	0.00077	0.00278	0.00335	0.00250	0.57611
5	0.01038	0.04421	0.00913	0.00741	0.00968	0.00936	0.00590	0.18027	0.57689	0.06726	0.01309	0.01242	0.00977	0.02268	0.00393	0.00123	0.00317	0.00385	0.00361	0.00574
6	0.00511	0.00426	0.00706	0.00675	0.00753	0.00398	0.14064	0.00615	0.00723	0.00967	0.01794	0.72817	0.02099	0.01002	0.00458	0.00143	0.00277	0.00934	0.00312	0.00327
7	0.00514	0.00372	0.00486	0.00457	0.00543	0.00343	0.00343	0.00686	0.01029	0.01457	0.84768	0.02715	0.03429	0.00743	0.00429	0.00114	0.00171	0.00657	0.00400	0.00343
8	0.00646	0.00372	0.00498	0.00524	0.00595	0.00339	0.00370	0.00732	0.00785	0.14868	0.10055	0.64565	0.02257	0.00986	0.00444	0.00139	0.00223	0.00886	0.00362	0.00353
9	0.00555	0.00429	0.00519	0.00563	0.00629	0.00443	0.00395	0.00852	0.20969	0.01071	0.01876	0.66225	0.02090	0.00982	0.00441	0.00142	0.00229	0.00882	0.00345	0.00363
10	0.00686	0.00646	0.01090	0.86353	0.02503	0.00807	0.01009	0.00929	0.00727	0.00929	0.00646	0.00969	0.00484	0.00363	0.00363	0.00121	0.00484	0.00323	0.00161	0.00404
11	0.00454	0.00364	0.00375	0.00375	0.00468	0.00318	0.00263	0.00523	0.00756	0.00915	0.03067	0.03226	0.64567	0.21848	0.00774	0.00178	0.00225	0.00709	0.00309	0.00286
12	0.01119	0.05280	0.00925	0.00813	0.00970	0.57525	0.00610	0.04762	0.00965	0.00958	0.00922	0.21596	0.00944	0.00560	0.00358	0.00107	0.00524	0.00430	0.00230	0.00401
13	0.00734	0.00689	0.01158	0.60688	0.23708	0.00801	0.01001	0.00959	0.00744	0.00985	0.00679	0.01016	0.00546	0.04328	0.00430	0.00128	0.00465	0.00333	0.00169	0.00440
14	0.01563	0.00727	0.00911	0.00698	0.00982	0.00696	0.00577	0.24080	0.01222	0.62646	0.01281	0.01138	0.00823	0.00446	0.00365	0.00112	0.00334	0.00355	0.00426	0.00618
15	0.01339	0.00558	0.00728	0.00579	0.00822	0.00479	0.00472	0.01468	0.00989	0.64787	0.01979	0.01785	0.21247	0.00564	0.00381	0.00115	0.00279	0.00463	0.00423	0.00543
16	0.00994	0.00994	0.00853	0.00772	0.00969	0.21457	0.00594	0.01756	0.60631	0.01345	0.01349	0.01275	0.04443	0.00482	0.00362	0.00116	0.00373	0.00383	0.00324	0.00527
17	0.00775	0.00477	0.00554	0.00500	0.00613	0.00494	0.00375	0.10454	0.05537	0.07883	0.13601	0.01694	0.01346	0.17139	0.10706	0.00206	0.00343	0.00433	0.26488	0.00383
18	0.22282	0.00463	0.00491	0.00450	0.00584	0.00471	0.00350	0.00895	0.00871	0.07673	0.39579	0.01788	0.01950	0.00552	0.00336	0.00107	0.00208	0.00453	0.20123	0.00375
19	0.00867	0.00776	0.01252	0.34869	0.36821	0.00849	0.03403	0.08761	0.02767	0.02713	0.00733	0.00955	0.00571	0.00358	0.00361	0.00113	0.00442	0.00330	0.02553	0.00504
20	0.00631	0.00316	0.00473	0.00473	0.00473	0.00316	0.00316	0.00473	0.00473	0.00631	0.00631	0.01105	0.00631	0.01263	0.01420	0.89426	0.00316	0.00316	0.00158	0.00158
21	0.01437	0.01064	0.00992	0.00797	0.01057	0.21466	0.00641	0.38652	0.01335	0.26015	0.00965	0.00934	0.00669	0.00425	0.00354	0.00106	0.00432	0.00316	0.01778	0.00566
22	0.00847	0.00679	0.00908	0.00732	0.06061	0.00556	0.06949	0.03415	0.00832	0.08056	0.05259	0.00929	0.00729	0.00320	0.00306	0.00072	0.00308	0.00278	0.00244	0.62519
23	0.01261	0.14154	0.01153	0.00821	0.01064	0.31571	0.00665	0.36252	0.03019	0.01498	0.00761	0.03727	0.00617	0.00421	0.00334	0.00100	0.00479	0.00300	0.01294	0.00509
24	0.85866	0.00755	0.04275	0.00503	0.00741	0.00817	0.00435	0.01072	0.00625	0.01610	0.00513	0.00598	0.00397	0.00338	0.00230	0.00113	0.00292	0.00200	0.00222	0.00400
25	0.07784	0.09314	0.01006	0.04013	0.07874	0.09033	0.05938	0.09044	0.07795	0.03414	0.02116	0.04268	0.00814	0.04719	0.21044	0.00234	0.00548	0.00364	0.00236	0.00439
26	0.00900	0.00864	0.01475	0.02231	0.84960	0.00864	0.01115	0.01115	0.00828	0.01187	0.00684	0.00900	0.00576	0.00324	0.00360	0.00108	0.00432	0.00324	0.00180	0.00576
27	0.00524	0.00353	0.00395	0.00395	0.00401	0.00350	0.00223	0.00528	0.00542	0.00717	0.01261	0.02430	0.05142	0.83277	0.01785	0.00342	0.00345	0.00539	0.00226	0.00224
28	0.01347	0.00557	0.00730	0.00581	0.00815	0.00483	0.00467	0.01469	0.00966	0.64765	0.01782	0.01698	0.14759	0.07270	0.00491	0.00133	0.00292	0.00444	0.00413	0.00536
29	0.00497	0.00370	0.00455	0.00434	0.00528	0.00334	0.00325	0.00649	0.00976	0.01340	0.63637	0.02881	0.23120	0.00780	0.00426	0.00116	0.00174	0.00678	0.01946	0.00334
30	0.68222	0.00687	0.00566	0.00510	0.00721	0.00793	0.00413	0.01193	0.14419	0.01591	0.00719	0.00776	0.00553	0.00370	0.00251	0.00112	0.00274	0.00243	0.07166	0.00419
31	0.01370	0.01012	0.01084	0.00834	0.01123	0.01122	0.00688	0.81745	0.03731	0.02272	0.00887	0.00884	0.00630	0.00438	0.00364	0.00109	0.00397	0.00329	0.00364	0.00617
32	0.21809	0.00905	0.00929	0.00731	0.01003	0.02320	0.00602	0.52733	0.01360	0.12876	0.00856	0.00851	0.00600	0.00414	0.00331	0.00110	0.00365	0.00301	0.00340	0.00563
33	0.01273	0.46361	0.01413	0.00642	0.00939	0.01035	0.00587	0.04828	0.00909	0.37331	0.00921	0.00877	0.00660	0.00376	0.00296	0.00094	0.00355	0.00274	0.00291	0.00538

[dist]
# distance from previous block
# <min> <max>
0	1

[block]
# block no. 5 follows, 76 sequences, length 21
# corresponding to MSA columns:
# 164-184
name=unknown_F
#
# <colnr> <probs for GDERKNQSTAVLIFYWHMCP>
#	G	D	E	R	K	N	Q	S	T	A	V	L	I	F	Y	W	H	M	C	P
0	0.13589	0.00658	0.01006	0.67304	0.04125	0.00795	0.00897	0.00999	0.00731	0.05621	0.00670	0.00927	0.00496	0.00363	0.00343	0.00119	0.00444	0.00307	0.00187	0.00418
1	0.00589	0.00502	0.00759	0.00630	0.00794	0.00455	0.15669	0.00771	0.03350	0.04231	0.24823	0.04083	0.40440	0.00733	0.00426	0.00120	0.00268	0.00655	0.00331	0.00369
2	0.00442	0.00359	0.00392	0.00404	0.00504	0.00309	0.00295	0.00538	0.00827	0.01027	0.12822	0.18786	0.60149	0.00940	0.00436	0.00126	0.00188	0.00803	0.00345	0.00309
3	0.19610	0.00674	0.00804	0.00631	0.00901	0.00649	0.00521	0.09561	0.01019	0.60119	0.01190	0.01070	0.00769	0.00426	0.00337	0.00112	0.00312	0.00327	0.00396	0.00573
4	0.00498	0.00371	0.00464	0.00440	0.00533	0.00336	0.00330	0.00655	0.00991	0.01368	0.69512	0.02862	0.18741	0.00776	0.00429	0.00116	0.00174	0.00678	0.00388	0.00336
5	0.00678	0.00339	0.00339	0.00339	0.00423	0.00339	0.00254	0.00847	0.00762	0.01355	0.01186	0.01355	0.00932	0.00423	0.00254	0.00085	0.00169	0.00339	0.89245	0.00339
6	0.00519	0.00389	0.00584	0.00584	0.00649	0.00454	0.00454	0.00649	0.00584	0.00844	0.00974	0.01428	0.00909	0.02726	0.85787	0.00584	0.00974	0.00389	0.00195	0.00325
7	0.00523	0.00376	0.00517	0.00517	0.00559	0.00418	0.00371	0.00606	0.00564	0.00794	0.01035	0.01768	0.01056	0.32937	0.55778	0.00501	0.00751	0.00439	0.00204	0.00287
8	0.00774	0.17641	0.69975	0.00960	0.01455	0.00953	0.01210	0.01139	0.00762	0.01097	0.00625	0.00733	0.00462	0.00339	0.00325	0.00108	0.00510	0.00255	0.00154	0.00524
9	0.00924	0.02605	0.26395	0.01066	0.01401	0.00865	0.24854	0.05660	0.00850	0.11925	0.02032	0.02320	0.00632	0.00412	0.00500	0.00121	0.13543	0.00353	0.00221	0.03320
10	0.00836	0.07765	0.67931	0.00979	0.01467	0.00925	0.01203	0.12479	0.00894	0.01287	0.00672	0.00769	0.00482	0.00355	0.00340	0.00112	0.00508	0.00271	0.00182	0.00543
11	0.01209	0.01500	0.00929	0.00849	0.01028	0.70054	0.00638	0.01346	0.04916	0.00932	0.01033	0.01078	0.12070	0.00455	0.00344	0.00099	0.00573	0.00316	0.00216	0.00413
12	0.01101	0.58669	0.01611	0.00727	0.00997	0.29750	0.00649	0.01210	0.00836	0.00867	0.00524	0.00607	0.00467	0.00332	0.00265	0.00083	0.00478	0.00208	0.00166	0.00451
13	0.00631	0.00316	0.00473	0.00473	0.00473	0.00316	0.00316	0.00473	0.00473	0.00631	0.00631	0.01105	0.00631	0.01263	0.01420	0.89426	0.00316	0.00316	0.00158	0.00158
14	0.00631	0.00316	0.00473	0.00473	0.00473	0.00316	0.00316	0.00473	0.00473	0.00631	0.00631	0.01105	0.00631	0.01263	0.01420	0.89426	0.00316	0.00316	0.00158	0.00158
15	0.00474	0.00370	0.00430	0.00415	0.00518	0.00326	0.00311	0.00608	0.00934	0.01233	0.46549	0.03084	0.41788	0.00827	0.00429	0.00118	0.00177	0.00709	0.00371	0.00326
16	0.01396	0.00994	0.01076	0.00825	0.01115	0.01092	0.00682	0.78882	0.01669	0.07213	0.00906	0.00894	0.00635	0.00437	0.00364	0.00109	0.00395	0.00329	0.00369	0.00618
17	0.00900	0.00864	0.01475	0.02231	0.84960	0.00864	0.01115	0.01115	0.00828	0.01187	0.00684	0.00900	0.00576	0.00324	0.00360	0.00108	0.00432	0.00324	0.00180	0.00576
18	0.00795	0.00795	0.01113	0.00954	0.00954	0.01113	0.00795	0.00875	0.00557	0.00875	0.00477	0.00795	0.00477	0.00636	0.01193	0.00159	0.86562	0.00318	0.00159	0.00398
19	0.00432	0.00357	0.00380	0.00399	0.00499	0.00304	0.00290	0.00518	0.00799	0.00970	0.03312	0.21883	0.66666	0.00969	0.00437	0.00128	0.00190	0.00826	0.00337	0.00304
20	0.00981	0.00884	0.01390	0.05048	0.66505	0.00910	0.01033	0.16329	0.00986	0.01381	0.00717	0.00897	0.00580	0.00346	0.00361	0.00109	0.00428	0.00324	0.00213	0.00577

[dist]
# distance from previous block
# <min> <max>
6	13

[block]
# block no. 6 follows, 76 sequences, length 6
# corresponding to MSA columns:
# 198-203
name=unknown_G
#
# <colnr> <probs for GDERKNQSTAVLIFYWHMCP>
#	G	D	E	R	K	N	Q	S	T	A	V	L	I	F	Y	W	H	M	C	P
0	0.08302	0.00787	0.00878	0.00883	0.13674	0.04516	0.00605	0.26883	0.10174	0.07146	0.00977	0.01035	0.00733	0.00412	0.00325	0.00104	0.00333	0.00326	0.21391	0.00514
1	0.00585	0.00363	0.00445	0.00460	0.00541	0.00331	0.00331	0.00695	0.00814	0.07955	0.16376	0.38244	0.16239	0.00868	0.00412	0.00125	0.00201	0.00763	0.13912	0.00338
2	0.01171	0.19156	0.05898	0.00773	0.03600	0.01030	0.00663	0.41270	0.03794	0.08163	0.00873	0.00902	0.00647	0.00403	0.00323	0.00101	0.00371	0.00303	0.10010	0.00549
3	0.00631	0.00316	0.00473	0.00473	0.00473	0.00316	0.00316	0.00473	0.00473	0.00631	0.00631	0.01105	0.00631	0.01263	0.01420	0.89426	0.00316	0.00316	0.00158	0.00158
4	0.00836	0.21060	0.01298	0.00876	0.00949	0.01189	0.00755	0.00925	0.00599	0.00870	0.00484	0.00746	0.00475	0.00560	0.00968	0.00140	0.66409	0.00289	0.00158	0.00414
5	0.00867	0.07199	0.11853	0.00685	0.01029	0.00687	0.04018	0.07972	0.03336	0.05056	0.00720	0.00802	0.00564	0.00312	0.00298	0.00076	0.00340	0.00251	0.00229	0.53705

[dist]
# distance from previous block
# <min> <max>
0	1

[block]
# block no. 7 follows, 76 sequences, length 29
# corresponding to MSA columns:
# 205-233
name=unknown_H
#
# <colnr> <probs for GDERKNQSTAVLIFYWHMCP>
#	G	D	E	R	K	N	Q	S	T	A	V	L	I	F	Y	W	H	M	C	P
0	0.01358	0.01732	0.01030	0.00936	0.01124	0.85768	0.00702	0.01451	0.01030	0.00890	0.00562	0.00655	0.00468	0.00375	0.00328	0.00094	0.00655	0.00234	0.00187	0.00421
1	0.35739	0.16725	0.00995	0.00678	0.00916	0.23367	0.00560	0.13755	0.00917	0.01392	0.00586	0.00659	0.00468	0.00359	0.00275	0.00100	0.00416	0.00228	0.01419	0.00448
2	0.00494	0.00371	0.00458	0.00436	0.00531	0.00334	0.00327	0.00647	0.00981	0.01344	0.65429	0.02902	0.22839	0.00785	0.00429	0.00116	0.00174	0.00683	0.00385	0.00334
3	0.00454	0.00327	0.00432	0.00508	0.00539	0.00305	0.00349	0.00529	0.00725	0.00965	0.06097	0.74916	0.05676	0.01103	0.00463	0.00146	0.00215	0.05610	0.00340	0.00300
4	0.00445	0.00331	0.00416	0.00474	0.00521	0.00301	0.00325	0.00523	0.00747	0.00978	0.08472	0.63760	0.19250	0.01065	0.00454	0.00140	0.00202	0.00951	0.00342	0.00301
5	0.01494	0.00664	0.00851	0.00671	0.00940	0.00624	0.00548	0.05381	0.15458	0.67125	0.01417	0.01242	0.00924	0.00457	0.00366	0.00114	0.00309	0.00372	0.00432	0.00611
6	0.02115	0.00503	0.00575	0.00495	0.00639	0.00500	0.00378	0.11659	0.01897	0.20321	0.05315	0.01500	0.01070	0.15447	0.00579	0.00143	0.00265	0.00391	0.35790	0.00421
7	0.76891	0.00722	0.00599	0.00517	0.00751	0.00821	0.00426	0.07597	0.00733	0.07346	0.00598	0.00656	0.00445	0.00353	0.00245	0.00112	0.00292	0.00218	0.00251	0.00426
8	0.30891	0.15805	0.01007	0.00661	0.00920	0.01029	0.00561	0.32921	0.05555	0.02848	0.00730	0.00781	0.00558	0.00476	0.03710	0.00125	0.00374	0.00268	0.00276	0.00503
9	0.01042	0.00926	0.00860	0.00764	0.00970	0.15530	0.00593	0.04868	0.56891	0.08009	0.01274	0.01210	0.00956	0.00556	0.03777	0.00135	0.00385	0.00373	0.00337	0.00544
10	0.00888	0.65014	0.05680	0.00628	0.00894	0.04371	0.00604	0.01006	0.00734	0.00871	0.00725	0.10732	0.00740	0.05336	0.00361	0.00104	0.00383	0.00316	0.00181	0.00434
11	0.81034	0.00682	0.00535	0.00479	0.00688	0.00786	0.00386	0.02758	0.00634	0.01573	0.00563	0.00735	0.00470	0.07065	0.00354	0.00131	0.00289	0.00225	0.00227	0.00385
12	0.00795	0.00808	0.00884	0.00793	0.00855	0.15486	0.00633	0.02217	0.00684	0.00900	0.02121	0.01161	0.04779	0.04183	0.23980	0.00267	0.38533	0.00358	0.00191	0.00374
13	0.00823	0.00456	0.00599	0.00560	0.00694	0.00425	0.00442	0.01010	0.04982	0.23137	0.30678	0.13906	0.05382	0.00759	0.00427	0.00128	0.00247	0.14538	0.00390	0.00417
14	0.00697	0.00659	0.00975	0.64160	0.02049	0.04880	0.00871	0.00951	0.05469	0.00957	0.00859	0.10983	0.00758	0.00550	0.03571	0.00140	0.00468	0.00409	0.00196	0.00399
15	0.00669	0.00462	0.00570	0.00519	0.00642	0.00454	0.00397	0.00984	0.15415	0.08184	0.61726	0.02380	0.04788	0.00681	0.00413	0.00116	0.00203	0.00594	0.00397	0.00404
16	0.00526	0.00357	0.00421	0.00416	0.00434	0.00356	0.00253	0.00562	0.00618	0.00842	0.15588	0.02390	0.01666	0.68165	0.05694	0.00323	0.00351	0.00544	0.00250	0.00247
17	0.01382	0.01018	0.01091	0.00836	0.01127	0.01127	0.00691	0.83748	0.01709	0.02291	0.00873	0.00873	0.00618	0.00436	0.00364	0.00109	0.00400	0.00327	0.00364	0.00618
18	0.45890	0.00727	0.00688	0.00598	0.00826	0.00816	0.00482	0.03986	0.28235	0.12944	0.00963	0.00939	0.00705	0.00407	0.00296	0.00116	0.00291	0.00294	0.00307	0.00491
19	0.00525	0.00364	0.00458	0.00458	0.00479	0.00386	0.00297	0.00568	0.00547	0.00750	0.01089	0.02068	0.01187	0.59631	0.29261	0.00428	0.00555	0.00483	0.00212	0.00254
20	0.00452	0.00360	0.00405	0.00413	0.00509	0.00313	0.00302	0.00558	0.00853	0.01084	0.22457	0.17742	0.51437	0.00916	0.00435	0.00125	0.00186	0.00787	0.00352	0.00313
21	0.00900	0.00864	0.01475	0.02231	0.84960	0.00864	0.01115	0.01115	0.00828	0.01187	0.00684	0.00900	0.00576	0.00324	0.00360	0.00108	0.00432	0.00324	0.00180	0.00576
22	0.58327	0.00764	0.00746	0.00690	0.05576	0.00886	0.00529	0.12830	0.00795	0.04953	0.00602	0.00698	0.00466	0.00390	0.00370	0.00117	0.10328	0.00243	0.00243	0.00445
23	0.00455	0.00337	0.00425	0.00470	0.00524	0.00307	0.00327	0.00546	0.00789	0.01046	0.19281	0.54063	0.18064	0.01017	0.00450	0.00136	0.00198	0.00906	0.00350	0.00307
24	0.00972	0.87446	0.01905	0.00622	0.00933	0.01438	0.00622	0.01088	0.00738	0.00855	0.00505	0.00583	0.00466	0.00311	0.00233	0.00078	0.00389	0.00194	0.00155	0.00466
25	0.01212	0.06008	0.10571	0.00907	0.05220	0.11704	0.03004	0.30845	0.12682	0.12815	0.00933	0.00936	0.00674	0.00412	0.00352	0.00109	0.00427	0.00321	0.00304	0.00564
26	0.00863	0.00827	0.01410	0.16475	0.70998	0.00854	0.01097	0.01084	0.00811	0.01144	0.00677	0.00911	0.00560	0.00331	0.00360	0.00110	0.00441	0.00324	0.00177	0.00547
27	0.00796	0.13066	0.31706	0.00737	0.01135	0.00756	0.00794	0.02148	0.00773	0.02357	0.00643	0.00744	0.00506	0.00307	0.00295	0.00081	0.00386	0.00235	0.00190	0.42345
28	0.04561	0.09928	0.18260	0.05791	0.01367	0.00851	0.20802	0.07955	0.02293	0.17629	0.02732	0.02261	0.02207	0.00393	0.00360	0.00112	0.00445	0.00354	0.00255	0.01442

[dist]
# distance from previous block
# <min> <max>
0	2

[block]
# block no. 8 follows, 76 sequences, length 6
# corresponding to MSA columns:
# 236-241
name=unknown_I
#
# <colnr> <probs for GDERKNQSTAVLIFYWHMCP>
#	G	D	E	R	K	N	Q	S	T	A	V	L	I	F	Y	W	H	M	C	P
0	0.18969	0.08061	0.00871	0.00629	0.00897	0.12307	0.00509	0.05504	0.09869	0.04724	0.00729	0.00784	0.00574	0.00341	0.00285	0.00086	0.00345	0.00246	0.00242	0.34029
1	0.01246	0.00931	0.00993	0.00787	0.01049	0.01036	0.00642	0.62809	0.17704	0.02084	0.01010	0.00996	0.00733	0.00447	0.00358	0.00110	0.00364	0.00344	0.05765	0.00593
2	0.00632	0.00482	0.00564	0.00472	0.00663	0.00397	0.00365	0.00772	0.00827	0.04415	0.17141	0.05318	0.23634	0.00670	0.03507	0.00110	0.00249	0.00495	0.04847	0.34439
3	0.00607	0.00332	0.00497	0.00497	0.00512	0.00346	0.00346	0.00512	0.00497	0.00677	0.00706	0.01175	0.00691	0.01580	0.19716	0.70160	0.00458	0.00332	0.00166	0.00194
4	0.70503	0.10084	0.00716	0.00512	0.00752	0.00852	0.00434	0.01148	0.00678	0.10719	0.00608	0.00661	0.00457	0.00347	0.00241	0.00109	0.00296	0.00215	0.00242	0.00426
5	0.00910	0.21155	0.27553	0.00965	0.01337	0.00997	0.18326	0.10352	0.05667	0.03735	0.05031	0.00928	0.00700	0.00371	0.00345	0.00108	0.00464	0.00323	0.00217	0.00515

[dist]
# distance from previous block
# <min> <max>
0	1

[block]
# block no. 9 follows, 76 sequences, length 12
# corresponding to MSA columns:
# 243-254
name=unknown_J
#
# <colnr> <probs for GDERKNQSTAVLIFYWHMCP>
#	G	D	E	R	K	N	Q	S	T	A	V	L	I	F	Y	W	H	M	C	P
0	0.00838	0.00801	0.01364	0.26464	0.61207	0.00847	0.01085	0.01062	0.00799	0.01113	0.00673	0.00920	0.00549	0.00335	0.00361	0.00112	0.00447	0.00324	0.00175	0.00526
1	0.00490	0.00340	0.00418	0.00452	0.00469	0.00333	0.00285	0.00529	0.00620	0.00829	0.03638	0.37026	0.03828	0.43322	0.05561	0.00269	0.00318	0.00737	0.00274	0.00262
2	0.00754	0.00646	0.00754	0.00538	0.00861	0.00484	0.00431	0.00915	0.00754	0.01184	0.00646	0.00754	0.00538	0.00269	0.00269	0.00054	0.00269	0.00215	0.00215	0.89449
3	0.00529	0.00352	0.00396	0.00396	0.00396	0.00352	0.00220	0.00529	0.00529	0.00705	0.01145	0.02378	0.01321	0.87227	0.01850	0.00352	0.00352	0.00529	0.00220	0.00220
4	0.44584	0.00857	0.01244	0.00946	0.01232	0.04294	0.35239	0.01159	0.00756	0.05588	0.00651	0.00789	0.00488	0.00332	0.00321	0.00116	0.00436	0.00304	0.00217	0.00446
5	0.01058	0.00749	0.00906	0.00892	0.11167	0.00807	0.00626	0.13357	0.36453	0.16657	0.01318	0.05691	0.02447	0.02188	0.00419	0.00123	0.02358	0.00417	0.01812	0.00555
6	0.00470	0.00344	0.00448	0.00500	0.00550	0.00314	0.00346	0.00555	0.00748	0.01011	0.12092	0.67032	0.05725	0.01035	0.00449	0.00138	0.00211	0.02927	0.00339	0.04764
7	0.00565	0.00345	0.00387	0.00398	0.00476	0.00326	0.00290	0.00703	0.00809	0.01237	0.17424	0.18473	0.13931	0.00694	0.00353	0.00108	0.00180	0.00595	0.42379	0.00326
8	0.37954	0.00722	0.00840	0.18193	0.14177	0.03034	0.00660	0.01104	0.07560	0.03625	0.00775	0.06979	0.00660	0.00420	0.00326	0.00117	0.01858	0.00327	0.00229	0.00439
9	0.00878	0.41393	0.35456	0.00849	0.01248	0.01135	0.05214	0.03877	0.04891	0.01070	0.00636	0.00725	0.00505	0.00338	0.00300	0.00098	0.00456	0.00251	0.00173	0.00506
10	0.00614	0.00386	0.00501	0.02741	0.00557	0.00402	0.00333	0.03904	0.00608	0.02213	0.03744	0.03261	0.01092	0.37211	0.13911	0.24888	0.00426	0.00441	0.02513	0.00254
11	0.00669	0.00560	0.00728	0.01915	0.02970	0.04438	0.04655	0.00950	0.13736	0.03045	0.08111	0.03031	0.06997	0.02846	0.38388	0.00332	0.00619	0.05357	0.00264	0.00390

[dist]
# distance from previous block
# <min> <max>
0	3

[block]
# block no. 10 follows, 76 sequences, length 13
# corresponding to MSA columns:
# 258-270
name=unknown_K
#
# <colnr> <probs for GDERKNQSTAVLIFYWHMCP>
#	G	D	E	R	K	N	Q	S	T	A	V	L	I	F	Y	W	H	M	C	P
0	0.03995	0.10210	0.03152	0.00883	0.01096	0.15251	0.13027	0.02739	0.23532	0.03545	0.02270	0.03866	0.02013	0.00493	0.01578	0.00123	0.11135	0.00365	0.00251	0.00478
1	0.60423	0.00743	0.00614	0.03988	0.00810	0.08028	0.00453	0.03307	0.00714	0.04891	0.00751	0.10992	0.00680	0.00485	0.01707	0.00123	0.00329	0.00319	0.00245	0.00399
2	0.09883	0.03279	0.00865	0.00654	0.00916	0.00736	0.00540	0.25568	0.01163	0.41014	0.01403	0.01300	0.10090	0.00483	0.00355	0.00112	0.00322	0.00378	0.00382	0.00558
3	0.00675	0.00380	0.00542	0.00509	0.00570	0.00370	0.00364	0.00617	0.00552	0.04904	0.00733	0.01129	0.00683	0.01369	0.16048	0.59483	0.00426	0.00320	0.00185	0.10142
4	0.00453	0.00369	0.00401	0.00393	0.00506	0.00317	0.00295	0.00568	0.00885	0.01116	0.26539	0.03277	0.61871	0.00870	0.00429	0.00120	0.00181	0.00736	0.00355	0.00317
5	0.00905	0.01014	0.03337	0.00979	0.01046	0.17525	0.04521	0.01007	0.00668	0.00898	0.00510	0.00776	0.00478	0.00563	0.00968	0.00144	0.63781	0.00305	0.00165	0.00410
6	0.12253	0.67975	0.01625	0.00609	0.00900	0.01282	0.00586	0.02974	0.00754	0.04841	0.00570	0.00645	0.00493	0.00394	0.02753	0.00099	0.00389	0.00211	0.00184	0.00463
7	0.00536	0.00378	0.00484	0.00465	0.00557	0.00345	0.00352	0.00692	0.00981	0.03726	0.65236	0.06877	0.12600	0.00786	0.00432	0.00119	0.00186	0.04514	0.00388	0.00344
8	0.01154	0.02424	0.12459	0.05058	0.24769	0.00776	0.06499	0.06885	0.04137	0.30676	0.00984	0.01019	0.00689	0.00385	0.00363	0.00112	0.00409	0.00339	0.00289	0.00573
9	0.00559	0.00347	0.00451	0.00451	0.00461	0.00357	0.00288	0.00531	0.00520	0.00704	0.00956	0.01825	0.01038	0.46588	0.15194	0.28437	0.00441	0.00439	0.00196	0.00217
10	0.01007	0.04316	0.01016	0.26930	0.01445	0.09636	0.00731	0.33298	0.01174	0.01513	0.10145	0.05323	0.00957	0.00471	0.00367	0.00112	0.00417	0.00383	0.00278	0.00480
11	0.04038	0.03525	0.02241	0.00693	0.02768	0.03226	0.02548	0.21683	0.02011	0.02789	0.00729	0.00807	0.00571	0.00330	0.00301	0.00078	0.00332	0.00258	0.02337	0.48734
12	0.03685	0.16425	0.01260	0.02597	0.06228	0.28128	0.03926	0.29540	0.01175	0.02734	0.00686	0.00758	0.00534	0.00379	0.00328	0.00099	0.00487	0.00275	0.00246	0.00511

[dist]
# distance from previous block
# <min> <max>
2	4

[block]
# block no. 11 follows, 76 sequences, length 17
# corresponding to MSA columns:
# 275-291
name=unknown_L
#
# <colnr> <probs for GDERKNQSTAVLIFYWHMCP>
#	G	D	E	R	K	N	Q	S	T	A	V	L	I	F	Y	W	H	M	C	P
0	0.00867	0.00677	0.00994	0.07753	0.21139	0.00699	0.05647	0.14990	0.00950	0.06639	0.09482	0.05295	0.01192	0.13991	0.00630	0.00156	0.01519	0.06651	0.00274	0.00456
1	0.00467	0.00343	0.00441	0.00490	0.00543	0.00316	0.00349	0.00565	0.00795	0.01059	0.19742	0.51698	0.13629	0.01016	0.00455	0.00139	0.00208	0.07086	0.00350	0.00310
2	0.09650	0.00599	0.00764	0.00606	0.00850	0.00548	0.00495	0.04164	0.01021	0.61003	0.15018	0.01408	0.01259	0.00487	0.00363	0.00113	0.00287	0.00396	0.00418	0.00552
3	0.03513	0.00377	0.00476	0.00479	0.00529	0.00394	0.00334	0.00638	0.00613	0.03337	0.01283	0.12611	0.05020	0.30426	0.28493	0.03955	0.00510	0.00521	0.06200	0.00290
4	0.00536	0.00381	0.00484	0.00459	0.00551	0.00354	0.00344	0.00715	0.02828	0.02796	0.69680	0.06514	0.09359	0.00756	0.00424	0.00116	0.00179	0.00665	0.02512	0.00348
5	0.12234	0.00830	0.01079	0.00842	0.01116	0.00872	0.14218	0.23238	0.19784	0.20404	0.01066	0.01045	0.00752	0.00418	0.00359	0.00116	0.00375	0.00355	0.00338	0.00560
6	0.00803	0.00822	0.01068	0.00913	0.00953	0.07336	0.04005	0.00900	0.00651	0.00936	0.07013	0.01054	0.04341	0.00624	0.01007	0.00148	0.66482	0.00361	0.00188	0.00395
7	0.00998	0.78197	0.03954	0.00653	0.00965	0.04049	0.00646	0.05301	0.00798	0.00937	0.00529	0.00605	0.00474	0.00320	0.00246	0.00081	0.00401	0.00204	0.00167	0.00475
8	0.49730	0.00837	0.00768	0.00630	0.00882	0.03093	0.00518	0.30918	0.01050	0.07473	0.00702	0.00737	0.00510	0.00382	0.00287	0.00111	0.00335	0.00256	0.00289	0.00490
9	0.01190	0.00894	0.00965	0.02342	0.02527	0.02525	0.00638	0.49373	0.22095	0.05200	0.01081	0.03633	0.00814	0.00467	0.00362	0.00113	0.00359	0.00370	0.04475	0.00577
10	0.00460	0.00347	0.00416	0.00448	0.00512	0.00314	0.00314	0.00548	0.00784	0.01020	0.16338	0.37647	0.29147	0.07721	0.00556	0.00150	0.00209	0.02427	0.00339	0.00302
11	0.16558	0.01072	0.00821	0.00739	0.00931	0.31392	0.00569	0.05241	0.25016	0.02788	0.02093	0.02268	0.02616	0.02029	0.04225	0.00135	0.00452	0.00326	0.00269	0.00460
12	0.00481	0.00359	0.00435	0.00437	0.00513	0.00326	0.00313	0.00596	0.00870	0.01168	0.40982	0.17858	0.24234	0.09105	0.00571	0.00145	0.00199	0.00740	0.00356	0.00313
13	0.00624	0.00402	0.00500	0.00467	0.00561	0.00375	0.00340	0.00776	0.03489	0.09235	0.48133	0.06088	0.10942	0.15680	0.00668	0.00158	0.00222	0.00627	0.00364	0.00350
14	0.00800	0.45266	0.01292	0.00621	0.00825	0.02733	0.00555	0.02610	0.03611	0.00903	0.00740	0.00963	0.00673	0.01311	0.35296	0.00288	0.00630	0.00285	0.00184	0.00414
15	0.00980	0.00856	0.00852	0.00674	0.00930	0.14608	0.00536	0.11996	0.00922	0.07292	0.00740	0.00850	0.00593	0.00557	0.07935	0.00124	0.04371	0.00264	0.00243	0.44677
16	0.14446	0.01909	0.05811	0.01962	0.01151	0.04769	0.17834	0.20002	0.06331	0.06371	0.04767	0.07965	0.00926	0.00481	0.00369	0.00118	0.00406	0.03610	0.00284	0.00487

[dist]
# distance from previous block
# <min> <max>
5	14

[block]
# block no. 12 follows, 76 sequences, length 16
# corresponding to MSA columns:
# 306-321
name=unknown_M
#
# <colnr> <probs for GDERKNQSTAVLIFYWHMCP>
#	G	D	E	R	K	N	Q	S	T	A	V	L	I	F	Y	W	H	M	C	P
0	0.00961	0.00867	0.03444	0.03107	0.03861	0.18251	0.01454	0.09190	0.11132	0.09864	0.16922	0.04441	0.02889	0.06181	0.05677	0.00156	0.00418	0.00433	0.00302	0.00449
1	0.00754	0.17598	0.07356	0.00632	0.00818	0.09684	0.03407	0.02903	0.00919	0.02586	0.36385	0.06625	0.04469	0.03814	0.00426	0.00116	0.00325	0.00492	0.00291	0.00398
2	0.01050	0.03975	0.01210	0.07915	0.27712	0.09386	0.05048	0.17493	0.01008	0.08858	0.00824	0.03905	0.00667	0.00512	0.04482	0.00132	0.02129	0.00344	0.00246	0.03104
3	0.00923	0.03861	0.00901	0.00708	0.00961	0.05124	0.03421	0.04804	0.41515	0.04565	0.01132	0.01110	0.02149	0.00410	0.00335	0.00098	0.00320	0.00337	0.00303	0.27022
4	0.03055	0.13873	0.17420	0.03504	0.01189	0.17641	0.00794	0.30984	0.02505	0.01462	0.00720	0.00826	0.00560	0.03457	0.00384	0.00112	0.00471	0.00284	0.00244	0.00515
5	0.32016	0.00631	0.00601	0.00557	0.00682	0.06384	0.00424	0.05321	0.00682	0.01180	0.00860	0.03658	0.02072	0.18177	0.21528	0.00277	0.04016	0.00356	0.00224	0.00352
6	0.00514	0.00408	0.00614	0.00758	0.11102	0.00388	0.03394	0.00605	0.00718	0.00969	0.01794	0.73201	0.02110	0.01008	0.00450	0.00142	0.00253	0.00923	0.00312	0.00337
7	0.00805	0.00656	0.00767	0.00551	0.00872	0.00506	0.00442	0.03426	0.00793	0.04289	0.00682	0.00775	0.00554	0.00281	0.00276	0.00058	0.00275	0.00224	0.00228	0.83543
8	0.00517	0.00350	0.00411	0.00421	0.00428	0.00351	0.00249	0.00533	0.00553	0.00741	0.01244	0.13088	0.01435	0.71339	0.06575	0.00340	0.00371	0.00585	0.00234	0.00236
9	0.00930	0.00939	0.01200	0.13727	0.40247	0.14769	0.01979	0.02941	0.12002	0.01158	0.00872	0.02829	0.01951	0.00405	0.00364	0.00112	0.00448	0.02400	0.00217	0.00510
10	0.01242	0.02952	0.00994	0.00806	0.04207	0.00936	0.00633	0.48838	0.11718	0.13286	0.08274	0.01143	0.00960	0.00464	0.00365	0.00111	0.00351	0.00368	0.01773	0.00579
11	0.00468	0.00341	0.00428	0.00469	0.00526	0.00312	0.00331	0.00567	0.00802	0.01079	0.21703	0.48097	0.16951	0.00981	0.00444	0.00134	0.00198	0.02593	0.03265	0.00311
12	0.00622	0.00497	0.03822	0.00674	0.08692	0.00438	0.00468	0.00818	0.05363	0.05811	0.34601	0.22632	0.09649	0.00759	0.00415	0.00122	0.00235	0.00671	0.03327	0.00385
13	0.00578	0.00337	0.00447	0.00447	0.00452	0.00342	0.00283	0.00510	0.00506	0.00679	0.00882	0.01690	0.00956	0.39310	0.07615	0.43787	0.00379	0.00415	0.00188	0.00197
