[name]
unknown

[dist]
# distance from previous block
# <min> <max>
0	23

[block]
# block no. 0 follows, 63 sequences, length 15
# corresponding to MSA columns:
# 71-85
name=unknown_A
#
# <colnr> <probs for GDERKNQSTAVLIFYWHMCP>
#	G	D	E	R	K	N	Q	S	T	A	V	L	I	F	Y	W	H	M	C	P
0	0.88196	0.00813	0.00618	0.00553	0.00813	0.00943	0.00455	0.01236	0.00715	0.01886	0.00585	0.00683	0.00455	0.00390	0.00260	0.00130	0.00325	0.00228	0.00260	0.00455
1	0.00512	0.00366	0.00488	0.00585	0.00610	0.00341	0.00390	0.00585	0.00805	0.01073	0.02317	0.84952	0.02780	0.01317	0.00537	0.00171	0.00244	0.01195	0.00390	0.00341
2	0.01014	0.01090	0.05713	0.01286	0.01602	0.06153	0.36921	0.06690	0.15572	0.01490	0.07085	0.01587	0.01127	0.00526	0.00509	0.00143	0.03991	0.06644	0.00294	0.00561
3	0.00830	0.00869	0.01602	0.03504	0.01547	0.04873	0.43394	0.01059	0.00925	0.01213	0.01449	0.29463	0.03928	0.02640	0.00539	0.00156	0.00528	0.00732	0.00278	0.00471
4	0.00611	0.00408	0.00458	0.00458	0.00458	0.00408	0.00255	0.00611	0.00611	0.00815	0.01325	0.02751	0.01528	0.85226	0.02140	0.00408	0.00408	0.00611	0.00255	0.00255
5	0.00504	0.00425	0.00428	0.00428	0.00561	0.00358	0.00315	0.00604	0.00935	0.01115	0.04065	0.03960	0.77109	0.06603	0.00605	0.00159	0.00226	0.00869	0.00381	0.00348
6	0.01449	0.00774	0.00907	0.00748	0.01003	0.04789	0.00596	0.10118	0.08871	0.43585	0.11601	0.08287	0.04086	0.00641	0.00441	0.00134	0.00353	0.00533	0.00464	0.00619
7	0.01124	0.85479	0.02203	0.00719	0.01079	0.01663	0.00719	0.01259	0.00854	0.00989	0.00584	0.00674	0.00539	0.00360	0.00270	0.00090	0.00450	0.00225	0.00180	0.00539
8	0.00514	0.00379	0.00481	0.00557	0.00604	0.00346	0.00379	0.00598	0.00848	0.01112	0.06461	0.68058	0.15615	0.01255	0.00528	0.00164	0.00237	0.01125	0.00394	0.00346
9	0.00810	0.00764	0.01290	0.78788	0.08195	0.00938	0.01176	0.01088	0.00848	0.01094	0.00750	0.01115	0.00567	0.00417	0.00420	0.00139	0.00556	0.00374	0.00188	0.00480
10	0.08119	0.01439	0.04555	0.00940	0.01207	0.36468	0.00759	0.21594	0.04281	0.08892	0.04966	0.03081	0.00874	0.00502	0.00397	0.00121	0.00553	0.00364	0.00321	0.00567
11	0.01478	0.00968	0.01082	0.00899	0.03247	0.03531	0.00706	0.39664	0.10521	0.21822	0.04467	0.05933	0.01098	0.00569	0.00428	0.00131	0.00406	0.00457	0.01932	0.00663
12	0.01047	0.01092	0.03321	0.06173	0.28190	0.09040	0.25757	0.03383	0.02986	0.02841	0.05142	0.03199	0.00881	0.00441	0.00459	0.00131	0.02057	0.00440	0.00244	0.03179
13	0.01204	0.24255	0.06069	0.01084	0.04764	0.07865	0.13226	0.10195	0.03187	0.10116	0.00916	0.04746	0.00755	0.00489	0.00492	0.00126	0.09283	0.00385	0.00269	0.00574
14	0.01155	0.00818	0.01241	0.04604	0.07977	0.00826	0.14893	0.12025	0.08468	0.19042	0.01460	0.12038	0.04381	0.03440	0.04202	0.00172	0.01776	0.00552	0.00356	0.00574

[dist]
# distance from previous block
# <min> <max>
0	1

[block]
# block no. 1 follows, 63 sequences, length 19
# corresponding to MSA columns:
# 87-105
name=unknown_B
#
# <colnr> <probs for GDERKNQSTAVLIFYWHMCP>
#	G	D	E	R	K	N	Q	S	T	A	V	L	I	F	Y	W	H	M	C	P
0	0.01050	0.12927	0.43691	0.01224	0.06272	0.01063	0.11427	0.04987	0.02993	0.09198	0.00868	0.00974	0.00630	0.00407	0.00399	0.00128	0.00563	0.00344	0.00234	0.00620
1	0.00942	0.21489	0.46630	0.01043	0.01523	0.01083	0.06330	0.01318	0.03205	0.04427	0.04664	0.03864	0.00820	0.00449	0.00386	0.00125	0.00535	0.00363	0.00221	0.00583
2	0.00889	0.01629	0.44771	0.08600	0.01956	0.01027	0.24650	0.01283	0.00891	0.01283	0.00763	0.00983	0.00567	0.00420	0.00521	0.00141	0.08483	0.00376	0.00189	0.00577
3	0.01019	0.14512	0.27040	0.04500	0.06995	0.07402	0.03996	0.04544	0.07944	0.04730	0.00971	0.06246	0.00812	0.00636	0.05102	0.00159	0.02182	0.00394	0.00247	0.00570
4	0.01016	0.00945	0.01587	0.17288	0.56199	0.00983	0.04946	0.01342	0.06827	0.03484	0.00875	0.01108	0.00700	0.00400	0.00422	0.00130	0.00505	0.00389	0.00229	0.00626
5	0.00846	0.00809	0.01396	0.66201	0.16599	0.00951	0.05013	0.01124	0.00868	0.01139	0.00760	0.01108	0.00582	0.00409	0.00423	0.00138	0.00557	0.00380	0.00192	0.00506
6	0.00506	0.00426	0.00439	0.00436	0.00574	0.00359	0.00327	0.00621	0.00980	0.01188	0.11679	0.03960	0.74981	0.01045	0.00497	0.00141	0.00212	0.00875	0.00397	0.00359
7	0.01201	0.01379	0.01707	0.06059	0.03720	0.30509	0.32416	0.05478	0.01071	0.01250	0.00790	0.01059	0.00642	0.00489	0.01901	0.00142	0.07361	0.02076	0.00225	0.00527
8	0.01234	0.00887	0.01032	0.00860	0.01086	0.02700	0.03392	0.32826	0.11553	0.11327	0.02647	0.17530	0.01299	0.04656	0.00577	0.00154	0.04687	0.00572	0.00397	0.00587
9	0.00843	0.02174	0.83048	0.01198	0.01819	0.00976	0.01553	0.01331	0.00888	0.01331	0.00754	0.00888	0.00533	0.00399	0.00399	0.00133	0.00621	0.00311	0.00178	0.00621
10	0.00600	0.00421	0.00509	0.00543	0.00639	0.00375	0.00397	0.00706	0.00919	0.05754	0.07118	0.38664	0.33820	0.01139	0.00516	0.00157	0.00246	0.06703	0.00401	0.00374
11	0.01050	0.00982	0.00891	0.04685	0.01041	0.23225	0.02268	0.04771	0.04701	0.08307	0.23958	0.02092	0.13683	0.03029	0.00524	0.00137	0.03284	0.00546	0.00353	0.00473
12	0.01424	0.01691	0.01283	0.01334	0.15542	0.57849	0.00897	0.05312	0.03640	0.01187	0.00718	0.00854	0.00595	0.00448	0.00448	0.00118	0.05591	0.00306	0.00229	0.00533
13	0.00508	0.00426	0.00441	0.00437	0.00574	0.00359	0.00328	0.00624	0.00983	0.01196	0.12765	0.03947	0.73890	0.01042	0.00497	0.00141	0.00211	0.00873	0.00398	0.00359
14	0.00940	0.00955	0.01788	0.29568	0.29094	0.01004	0.25978	0.01229	0.00922	0.01256	0.00789	0.01093	0.00619	0.00392	0.00465	0.00137	0.02594	0.00412	0.00202	0.00564
15	0.01188	0.02649	0.01482	0.05306	0.16813	0.10531	0.16180	0.13412	0.18164	0.05391	0.01099	0.04007	0.00866	0.00479	0.00432	0.00132	0.00515	0.00435	0.00307	0.00613
16	0.01025	0.01072	0.01810	0.01941	0.37447	0.06612	0.26433	0.01270	0.00930	0.01274	0.00791	0.01088	0.00663	0.02261	0.02910	0.00158	0.11116	0.00412	0.00209	0.00580
17	0.00625	0.00429	0.00498	0.00497	0.00501	0.00441	0.00299	0.00638	0.00631	0.00844	0.01344	0.02790	0.01541	0.78061	0.02034	0.00389	0.03265	0.04644	0.00259	0.00268
18	0.15983	0.05704	0.07383	0.07224	0.11806	0.11962	0.14189	0.07586	0.05250	0.07759	0.00862	0.00988	0.00650	0.00417	0.00391	0.00128	0.00527	0.00353	0.00265	0.00573

[dist]
# distance from previous block
# <min> <max>
1	19

[block]
# block no. 2 follows, 63 sequences, length 23
# corresponding to MSA columns:
# 125-147
name=unknown_C
#
# <colnr> <probs for GDERKNQSTAVLIFYWHMCP>
#	G	D	E	R	K	N	Q	S	T	A	V	L	I	F	Y	W	H	M	C	P
0	0.12230	0.01309	0.01232	0.03586	0.18794	0.27129	0.00869	0.19375	0.04135	0.02583	0.00810	0.00931	0.00638	0.00486	0.01668	0.00132	0.02909	0.00329	0.00276	0.00579
1	0.00589	0.00479	0.00562	0.00629	0.00679	0.05068	0.01550	0.00676	0.00849	0.01096	0.04189	0.69133	0.05791	0.02507	0.00551	0.00169	0.00286	0.04465	0.00377	0.00355
2	0.08391	0.06036	0.01274	0.01003	0.01282	0.36173	0.05302	0.25251	0.06592	0.03541	0.00851	0.00912	0.00651	0.00453	0.00387	0.00119	0.00580	0.00326	0.00299	0.00577
3	0.66047	0.00912	0.00765	0.00653	0.00927	0.03680	0.00535	0.14938	0.02575	0.04641	0.00717	0.00783	0.00538	0.00419	0.00300	0.00129	0.00364	0.00266	0.00298	0.00513
4	0.00632	0.00473	0.00694	0.00685	0.00768	0.00550	0.00534	0.03281	0.00717	0.01028	0.01122	0.01631	0.01040	0.03070	0.80946	0.00658	0.01105	0.00448	0.00231	0.00386
5	0.01020	0.01159	0.02270	0.01696	0.04679	0.05749	0.66362	0.01332	0.00969	0.01298	0.00809	0.01089	0.00625	0.00395	0.00570	0.00143	0.08602	0.00467	0.00210	0.00556
6	0.00853	0.00802	0.01353	0.54595	0.27068	0.00920	0.01161	0.01112	0.00874	0.01165	0.00849	0.05840	0.00718	0.00457	0.00426	0.00137	0.00524	0.00420	0.00205	0.00521
7	0.01032	0.01002	0.01744	0.04367	0.75805	0.01001	0.06254	0.01289	0.00957	0.01365	0.00793	0.01048	0.00662	0.00374	0.00421	0.00126	0.00514	0.00382	0.00208	0.00655
8	0.01040	0.00999	0.01706	0.02580	0.82604	0.00999	0.01290	0.01290	0.00957	0.01373	0.00791	0.01040	0.00666	0.00375	0.00416	0.00125	0.00499	0.00375	0.00208	0.00666
9	0.00679	0.00576	0.00717	0.00708	0.00795	0.07222	0.00549	0.00826	0.00717	0.00980	0.01088	0.01579	0.01010	0.02933	0.76851	0.00630	0.01096	0.00436	0.00225	0.00384
10	0.00624	0.00444	0.00517	0.00492	0.00625	0.00388	0.00371	0.00771	0.01066	0.06450	0.36230	0.05247	0.43340	0.00952	0.00493	0.00138	0.00217	0.00813	0.00428	0.00394
11	0.01254	0.00596	0.00700	0.00589	0.00792	0.00576	0.00469	0.10814	0.01120	0.29908	0.01458	0.04087	0.01076	0.00528	0.00361	0.00115	0.00285	0.00426	0.44303	0.00541
12	0.01040	0.00999	0.01706	0.02580	0.82604	0.00999	0.01290	0.01290	0.00957	0.01373	0.00791	0.01040	0.00666	0.00375	0.00416	0.00125	0.00499	0.00375	0.00208	0.00666
13	0.00520	0.00371	0.00497	0.00594	0.00622	0.00348	0.00404	0.00599	0.00812	0.01082	0.02313	0.81239	0.02764	0.01310	0.00539	0.00172	0.00251	0.04833	0.00390	0.00344
14	0.00999	0.00524	0.00650	0.00588	0.00775	0.00457	0.00463	0.01133	0.01039	0.29449	0.07322	0.12252	0.34659	0.00901	0.00482	0.00145	0.00279	0.06962	0.00439	0.00483
15	0.00601	0.00449	0.00668	0.00668	0.00740	0.00521	0.00515	0.00745	0.00673	0.00970	0.01133	0.01692	0.01069	0.06212	0.80526	0.00666	0.01099	0.00456	0.00226	0.00371
16	0.00518	0.00429	0.00455	0.00456	0.00591	0.00367	0.00347	0.00640	0.00986	0.01208	0.13526	0.03973	0.68879	0.01045	0.00501	0.00143	0.00220	0.04954	0.00399	0.00362
17	0.00634	0.00480	0.00708	0.00685	0.00759	0.00551	0.02492	0.00775	0.00694	0.01014	0.01165	0.04604	0.01117	0.09219	0.63090	0.00564	0.04924	0.00483	0.05668	0.00374
18	0.00539	0.00426	0.00491	0.00533	0.00626	0.00390	0.00383	0.00691	0.05158	0.01145	0.03176	0.40274	0.39393	0.01155	0.00514	0.00157	0.00240	0.03949	0.00392	0.00366
19	0.00991	0.00770	0.00815	0.00764	0.00941	0.05889	0.00586	0.06684	0.31965	0.09008	0.03036	0.24248	0.05527	0.00821	0.00468	0.00149	0.00342	0.06050	0.00409	0.00538
20	0.42503	0.00941	0.00884	0.00739	0.01018	0.01067	0.00602	0.28077	0.14864	0.02102	0.01003	0.01020	0.02600	0.00475	0.00348	0.00131	0.00370	0.00335	0.00345	0.00575
21	0.01180	0.01315	0.01125	0.00990	0.01158	0.39330	0.05722	0.06623	0.01015	0.01131	0.00825	0.01136	0.00734	0.05573	0.20578	0.00272	0.10234	0.00364	0.00230	0.00465
22	0.03269	0.09392	0.03625	0.00980	0.09660	0.02667	0.00728	0.05070	0.35624	0.08422	0.01269	0.01262	0.00962	0.00484	0.00399	0.00123	0.01563	0.00390	0.06181	0.07932

[dist]
# distance from previous block
# <min> <max>
3	10

[block]
# block no. 3 follows, 63 sequences, length 32
# corresponding to MSA columns:
# 164-177,202-219
name=unknown_D
#
# <colnr> <probs for GDERKNQSTAVLIFYWHMCP>
#	G	D	E	R	K	N	Q	S	T	A	V	L	I	F	Y	W	H	M	C	P
0	0.76882	0.07233	0.00758	0.00576	0.00847	0.00980	0.00484	0.01282	0.00753	0.06235	0.00644	0.00723	0.00494	0.00395	0.00270	0.00127	0.00336	0.00238	0.00268	0.00476
1	0.00666	0.00457	0.00649	0.00657	0.00727	0.00441	0.04168	0.00761	0.00838	0.07296	0.05161	0.58314	0.04210	0.07949	0.02502	0.00195	0.03270	0.00988	0.00373	0.00381
2	0.06846	0.20798	0.06513	0.04811	0.17915	0.06814	0.02246	0.09624	0.04646	0.01435	0.04495	0.02195	0.00845	0.00448	0.00372	0.00116	0.00463	0.02085	0.00256	0.07078
3	0.00932	0.07943	0.36059	0.01387	0.03346	0.01098	0.30589	0.01292	0.00896	0.01274	0.00753	0.00968	0.00577	0.00419	0.00542	0.00139	0.10636	0.00380	0.00192	0.00577
4	0.01155	0.00719	0.00800	0.00675	0.00892	0.00743	0.00538	0.22986	0.09901	0.14665	0.05734	0.01882	0.11566	0.02167	0.00439	0.00131	0.00319	0.02276	0.21859	0.00553
5	0.00607	0.00469	0.02857	0.00573	0.02053	0.00417	0.00414	0.00750	0.02323	0.01218	0.09997	0.30677	0.15546	0.10577	0.03737	0.00194	0.00298	0.02642	0.14282	0.00369
6	0.01039	0.12808	0.22635	0.03041	0.04692	0.01008	0.15957	0.10482	0.01060	0.06552	0.03863	0.03307	0.04171	0.00465	0.00409	0.00124	0.00508	0.00410	0.00265	0.07205
7	0.00524	0.00375	0.00502	0.00599	0.00629	0.00352	0.00412	0.00607	0.00817	0.01087	0.02310	0.78969	0.02753	0.01305	0.00540	0.00172	0.00255	0.07056	0.00390	0.00345
8	0.00632	0.00443	0.00543	0.00581	0.00672	0.00412	0.00425	0.02221	0.03026	0.05321	0.05482	0.44063	0.23524	0.02119	0.00537	0.00163	0.00262	0.08791	0.00399	0.00385
9	0.02621	0.01174	0.12875	0.11066	0.15658	0.06654	0.07854	0.13257	0.07249	0.07759	0.02374	0.01122	0.00769	0.00451	0.00439	0.00130	0.02753	0.00382	0.02897	0.02515
10	0.03832	0.01071	0.01166	0.00920	0.01229	0.01172	0.00761	0.66772	0.01796	0.06787	0.01157	0.03340	0.00905	0.00572	0.00431	0.00133	0.00442	0.06422	0.00418	0.00674
11	0.01240	0.04411	0.04324	0.04929	0.15007	0.21006	0.01717	0.18628	0.06291	0.01562	0.01686	0.00977	0.00697	0.00426	0.00387	0.00112	0.00516	0.00332	0.00276	0.15476
12	0.00898	0.05598	0.00949	0.00904	0.10247	0.05806	0.00623	0.08981	0.10280	0.02458	0.28364	0.07425	0.09225	0.02864	0.00526	0.00140	0.03242	0.00603	0.00369	0.00498
13	0.00675	0.00493	0.00641	0.00623	0.00691	0.00542	0.00452	0.06801	0.00771	0.01065	0.01345	0.08215	0.03538	0.28492	0.41853	0.00489	0.02124	0.00562	0.00265	0.00362
14	0.04590	0.01085	0.01215	0.00958	0.01247	0.01218	0.02978	0.61023	0.06675	0.02326	0.01065	0.05305	0.00831	0.00559	0.00496	0.00134	0.06820	0.00423	0.00390	0.00660
15	0.07481	0.04416	0.74516	0.01136	0.01722	0.00993	0.01446	0.01322	0.00874	0.01364	0.00737	0.00866	0.00527	0.00398	0.00385	0.00132	0.00594	0.00302	0.00184	0.00606
16	0.01022	0.00980	0.01673	0.08669	0.76659	0.00994	0.01281	0.01274	0.00948	0.01351	0.00787	0.01046	0.00658	0.00378	0.00416	0.00126	0.00504	0.00374	0.00206	0.00651
17	0.00976	0.00904	0.03062	0.03356	0.08831	0.06970	0.18854	0.11043	0.00979	0.03228	0.01048	0.04352	0.00981	0.22366	0.07224	0.03058	0.01542	0.00488	0.00261	0.00475
18	0.00541	0.00426	0.00489	0.00513	0.00616	0.00383	0.00376	0.00682	0.03051	0.01211	0.14046	0.24867	0.42925	0.02723	0.00542	0.00156	0.00236	0.05453	0.00398	0.00365
19	0.74645	0.00798	0.00674	0.00583	0.00854	0.00892	0.00481	0.01363	0.00792	0.14605	0.00754	0.00800	0.00547	0.00411	0.00286	0.00130	0.00330	0.00258	0.00301	0.00496
20	0.00601	0.00450	0.00676	0.00676	0.00751	0.00525	0.00525	0.00751	0.00676	0.00976	0.01126	0.01651	0.01051	0.03153	0.83560	0.00676	0.01126	0.00450	0.00225	0.00375
21	0.00579	0.00426	0.00596	0.00670	0.00731	0.00407	0.02406	0.00699	0.00865	0.01139	0.02290	0.52955	0.04774	0.02468	0.00573	0.00180	0.00304	0.27195	0.00383	0.00361
22	0.03477	0.00794	0.00944	0.00777	0.01056	0.00801	0.00624	0.08974	0.26950	0.41671	0.01729	0.04405	0.04695	0.00583	0.00428	0.00136	0.00348	0.00478	0.00466	0.00665
23	0.00548	0.00404	0.00512	0.00557	0.00627	0.00372	0.00402	0.00667	0.00937	0.01245	0.22259	0.40701	0.17426	0.03276	0.00564	0.00164	0.00245	0.08331	0.00404	0.00359
24	0.09403	0.01429	0.25444	0.01054	0.01470	0.04154	0.07906	0.34201	0.01364	0.08216	0.00918	0.00977	0.00649	0.00448	0.00405	0.00130	0.00521	0.00354	0.00316	0.00642
25	0.00560	0.00424	0.00522	0.00574	0.00645	0.00402	0.00406	0.00731	0.06237	0.01207	0.11935	0.52620	0.17160	0.01164	0.00519	0.00160	0.00244	0.03716	0.00401	0.00373
26	0.00542	0.00390	0.00495	0.00567	0.00607	0.00367	0.00389	0.00619	0.00805	0.01056	0.02348	0.55847	0.10682	0.14639	0.00792	0.00208	0.00281	0.08663	0.00368	0.00333
27	0.00633	0.02426	0.00605	0.00586	0.00667	0.02830	0.00436	0.00748	0.00789	0.01068	0.03721	0.13631	0.13661	0.14687	0.29906	0.00371	0.00597	0.05360	0.06919	0.00359
28	0.03256	0.03564	0.06654	0.01952	0.04490	0.21017	0.07769	0.14331	0.07507	0.07576	0.02756	0.03477	0.00849	0.00556	0.02186	0.00138	0.05467	0.00392	0.03932	0.02131
29	0.01085	0.07501	0.04044	0.09294	0.03126	0.12577	0.03133	0.14124	0.04680	0.01360	0.02398	0.01171	0.04162	0.00739	0.06324	0.00177	0.22941	0.00387	0.00255	0.00523
30	0.02791	0.09995	0.16223	0.04107	0.11271	0.12391	0.12080	0.07438	0.01027	0.03477	0.02240	0.00968	0.00663	0.00419	0.00441	0.00121	0.04703	0.00343	0.00234	0.09066
31	0.05583	0.03646	0.11097	0.01970	0.13200	0.13076	0.03861	0.12850	0.05349	0.06353	0.03052	0.08234	0.03418	0.00541	0.00431	0.00128	0.02222	0.00442	0.00296	0.04250

[dist]
# distance from previous block
# <min> <max>
1	33

[block]
# block no. 4 follows, 63 sequences, length 32
# corresponding to MSA columns:
# 253-267,274-290
name=unknown_E
#
# <colnr> <probs for GDERKNQSTAVLIFYWHMCP>
#	G	D	E	R	K	N	Q	S	T	A	V	L	I	F	Y	W	H	M	C	P
0	0.02592	0.30782	0.24866	0.02625	0.01258	0.03661	0.00909	0.04095	0.04896	0.02928	0.03216	0.02342	0.00822	0.07220	0.04090	0.00164	0.02420	0.00349	0.00229	0.00536
1	0.00952	0.04309	0.04410	0.14493	0.10358	0.07448	0.09994	0.05487	0.03109	0.05315	0.02501	0.15820	0.07344	0.00640	0.00444	0.00136	0.00463	0.02264	0.00290	0.04224
2	0.00676	0.00492	0.00590	0.00577	0.00702	0.00471	0.00438	0.00948	0.10553	0.05163	0.32468	0.15348	0.22682	0.00949	0.00497	0.00146	0.00245	0.06205	0.00427	0.00424
3	0.01831	0.00704	0.02123	0.00783	0.02981	0.04114	0.02968	0.00996	0.05348	0.05677	0.12284	0.05171	0.23050	0.07203	0.03497	0.00186	0.18044	0.02275	0.00328	0.00438
4	0.05102	0.03815	0.11846	0.03373	0.01349	0.09624	0.10707	0.15167	0.05806	0.03284	0.02319	0.02557	0.00804	0.02852	0.06651	0.00169	0.01913	0.00382	0.00278	0.12004
5	0.01086	0.05435	0.02639	0.02513	0.01438	0.01932	0.26638	0.14605	0.07052	0.06070	0.01010	0.01228	0.00795	0.03179	0.08435	0.00193	0.07572	0.00426	0.05378	0.02376
6	0.00528	0.00387	0.00496	0.00553	0.00608	0.00355	0.00383	0.00633	0.00908	0.01214	0.19915	0.57041	0.13058	0.01186	0.00523	0.00159	0.00230	0.01062	0.00406	0.00355
7	0.00859	0.00876	0.08435	0.01368	0.27283	0.02034	0.06313	0.02567	0.02582	0.03759	0.16079	0.08987	0.11478	0.00659	0.00474	0.00136	0.02109	0.01747	0.01725	0.00528
8	0.00964	0.03877	0.01389	0.19110	0.22932	0.09979	0.09696	0.03980	0.02351	0.01257	0.03122	0.10243	0.05126	0.00557	0.00471	0.00135	0.03540	0.00496	0.00249	0.00526
9	0.01148	0.80932	0.02148	0.00739	0.01091	0.06124	0.00724	0.01282	0.00873	0.00991	0.00588	0.00679	0.00540	0.00364	0.00276	0.00091	0.00466	0.00227	0.00182	0.00537
10	0.00515	0.00371	0.00486	0.00574	0.00605	0.00344	0.00384	0.00591	0.00816	0.01083	0.03958	0.77645	0.06844	0.02911	0.00565	0.00173	0.00245	0.01160	0.00389	0.00342
11	0.01320	0.07134	0.05954	0.07884	0.06274	0.08955	0.14777	0.17861	0.03561	0.17094	0.02295	0.01131	0.00785	0.00451	0.00416	0.00127	0.00517	0.00391	0.02459	0.00613
12	0.05915	0.03018	0.02335	0.00909	0.01227	0.01212	0.00759	0.64386	0.03061	0.05199	0.01167	0.01162	0.04945	0.00529	0.00432	0.00128	0.02146	0.00396	0.00401	0.00672
13	0.05055	0.06335	0.02614	0.00972	0.02691	0.24686	0.01931	0.18964	0.09324	0.05574	0.00965	0.04317	0.00794	0.00526	0.00489	0.00127	0.08666	0.01343	0.00303	0.04324
14	0.01307	0.30914	0.02492	0.01064	0.06923	0.32353	0.05174	0.08514	0.02820	0.01234	0.00724	0.00833	0.00601	0.00410	0.00352	0.00107	0.00577	0.00292	0.02765	0.00545
15	0.00959	0.28534	0.42581	0.00995	0.01463	0.02513	0.03429	0.01321	0.04237	0.02362	0.02355	0.00992	0.02978	0.00426	0.00381	0.00119	0.01872	0.00321	0.00208	0.01955
16	0.01173	0.31354	0.16317	0.00921	0.01245	0.28402	0.00875	0.01360	0.00970	0.02470	0.00855	0.03809	0.03515	0.00525	0.02265	0.00125	0.02762	0.00324	0.00213	0.00521
17	0.00880	0.00690	0.00767	0.00754	0.05212	0.06221	0.00515	0.06754	0.06969	0.05215	0.12014	0.02174	0.04530	0.31886	0.05727	0.00265	0.05135	0.01412	0.02456	0.00424
18	0.01143	0.01224	0.00913	0.00834	0.01014	0.38475	0.00630	0.01436	0.12722	0.04080	0.26640	0.03513	0.04387	0.00628	0.00431	0.00124	0.00480	0.00498	0.00343	0.00485
19	0.04776	0.00710	0.03424	0.00654	0.00882	0.00671	0.00543	0.16641	0.01182	0.24777	0.03716	0.05188	0.01134	0.00552	0.00378	0.00121	0.00317	0.01601	0.32182	0.00553
20	0.00547	0.00379	0.00504	0.00592	0.00628	0.00353	0.00404	0.00627	0.00822	0.02840	0.02340	0.78701	0.04391	0.01289	0.00535	0.00170	0.00251	0.03884	0.00393	0.00351
21	0.04682	0.00719	0.00964	0.00742	0.01065	0.00628	0.00613	0.02022	0.01187	0.80271	0.01624	0.01407	0.01022	0.00516	0.00417	0.00130	0.00357	0.00416	0.00512	0.00707
22	0.00512	0.00378	0.00479	0.00557	0.00603	0.00345	0.00379	0.00594	0.00841	0.01100	0.04754	0.69246	0.16150	0.01263	0.00529	0.00165	0.00238	0.01132	0.00392	0.00345
23	0.01223	0.01477	0.03016	0.01292	0.01545	0.37756	0.26961	0.01442	0.03118	0.01155	0.00778	0.03377	0.00659	0.00484	0.00581	0.00134	0.13880	0.00392	0.00220	0.00512
24	0.00633	0.00411	0.00471	0.00475	0.00494	0.00415	0.00291	0.00671	0.00660	0.00926	0.01356	0.02639	0.01488	0.67888	0.06206	0.00378	0.00421	0.03782	0.10111	0.00282
25	0.00522	0.00414	0.00469	0.00482	0.00590	0.00361	0.00351	0.00642	0.00978	0.01246	0.21317	0.20683	0.48316	0.01071	0.00505	0.00146	0.00216	0.00923	0.00407	0.00361
26	0.41562	0.00814	0.00844	0.00684	0.00980	0.00847	0.00564	0.10839	0.01068	0.36333	0.01090	0.01038	0.00734	0.00459	0.00348	0.00130	0.00355	0.00328	0.00389	0.00596
27	0.05814	0.00843	0.00857	0.00737	0.00956	0.05892	0.00580	0.20467	0.18984	0.05730	0.20793	0.02052	0.13200	0.00672	0.00440	0.00133	0.00342	0.00549	0.00411	0.00550
28	0.00919	0.00690	0.00734	0.00713	0.04250	0.08251	0.00515	0.03867	0.09005	0.09384	0.31962	0.07293	0.07886	0.00720	0.00441	0.00129	0.00304	0.00612	0.11846	0.00477
29	0.41192	0.00680	0.00653	0.00584	0.00771	0.00743	0.00446	0.04703	0.03136	0.10084	0.01098	0.01498	0.03626	0.21273	0.07714	0.00244	0.00418	0.00396	0.00300	0.00442
30	0.10139	0.12730	0.03805	0.03295	0.11217	0.25067	0.00807	0.04925	0.08351	0.05693	0.00885	0.03433	0.00731	0.00537	0.02663	0.00135	0.02824	0.00343	0.00262	0.02156
31	0.04969	0.09772	0.06918	0.03161	0.00945	0.02135	0.01934	0.04349	0.05282	0.03798	0.14405	0.18583	0.04830	0.05197	0.00521	0.00149	0.00347	0.04103	0.05130	0.03471

[dist]
# distance from previous block
# <min> <max>
1	32

[block]
# block no. 5 follows, 63 sequences, length 32
# corresponding to MSA columns:
# 323-333,336-356
name=unknown_F
#
# <colnr> <probs for GDERKNQSTAVLIFYWHMCP>
#	G	D	E	R	K	N	Q	S	T	A	V	L	I	F	Y	W	H	M	C	P
0	0.01002	0.15428	0.08305	0.02888	0.01210	0.12326	0.09948	0.02620	0.04346	0.06564	0.01335	0.23593	0.02589	0.00697	0.00462	0.00137	0.02981	0.02780	0.00291	0.00498
1	0.00997	0.13321	0.39424	0.04025	0.05840	0.04356	0.03311	0.02524	0.07058	0.06109	0.00918	0.02940	0.00727	0.03785	0.00458	0.00136	0.00531	0.00358	0.00235	0.02948
2	0.00523	0.00388	0.00481	0.00546	0.00600	0.00355	0.00375	0.00608	0.00847	0.01100	0.05706	0.55974	0.20529	0.06584	0.00630	0.00179	0.00250	0.03599	0.00384	0.00342
3	0.00805	0.00677	0.05876	0.00608	0.00798	0.02338	0.00503	0.06833	0.05484	0.08779	0.18043	0.05454	0.35366	0.05863	0.00571	0.00153	0.00298	0.00704	0.00395	0.00452
4	0.02003	0.34327	0.19350	0.03272	0.01280	0.06354	0.00906	0.04665	0.06902	0.02155	0.00799	0.00944	0.00660	0.00713	0.09133	0.00175	0.05285	0.00310	0.00220	0.00548
5	0.03541	0.14558	0.19131	0.00830	0.01111	0.01539	0.04484	0.01112	0.03082	0.05086	0.02777	0.14315	0.07438	0.00717	0.00451	0.00141	0.02227	0.11950	0.05019	0.00490
6	0.00592	0.00440	0.00554	0.00535	0.00636	0.00410	0.00397	0.00804	0.03973	0.01570	0.63424	0.11316	0.11938	0.00916	0.00498	0.00137	0.00209	0.00807	0.00447	0.00396
7	0.00602	0.00420	0.00535	0.00539	0.00569	0.00443	0.00356	0.00662	0.00661	0.00910	0.03890	0.06782	0.01515	0.50934	0.28921	0.00475	0.00630	0.00594	0.00259	0.00304
8	0.09295	0.00988	0.01594	0.05950	0.16720	0.02749	0.26683	0.13180	0.01113	0.10584	0.01011	0.06420	0.00812	0.00469	0.00436	0.00135	0.00522	0.00456	0.00291	0.00592
9	0.00667	0.00493	0.00578	0.00571	0.00667	0.00483	0.00410	0.08039	0.00961	0.02807	0.08760	0.30029	0.25939	0.12868	0.02213	0.00197	0.02702	0.00862	0.00373	0.00383
10	0.00722	0.00442	0.00534	0.00546	0.00647	0.00409	0.00395	0.02954	0.00944	0.09255	0.08035	0.39834	0.17583	0.01003	0.00473	0.00146	0.00244	0.00878	0.14554	0.00403
11	0.00882	0.00709	0.01019	0.37403	0.06526	0.00801	0.00847	0.03805	0.12560	0.05778	0.10161	0.01762	0.06926	0.00568	0.00432	0.00137	0.00418	0.02996	0.05762	0.00506
12	0.01621	0.01183	0.01234	0.00955	0.01284	0.05698	0.00784	0.70206	0.01869	0.09344	0.01045	0.01031	0.00733	0.00502	0.00418	0.00126	0.00470	0.00376	0.00418	0.00703
13	0.00939	0.00775	0.00909	0.00660	0.01018	0.00625	0.00531	0.05356	0.00932	0.03632	0.00780	0.00896	0.00637	0.00341	0.00354	0.00071	0.03025	0.00264	0.00263	0.77990
14	0.00856	0.00802	0.03366	0.05257	0.01036	0.05170	0.00617	0.01501	0.38599	0.01503	0.14035	0.07939	0.14086	0.00735	0.00456	0.00142	0.00334	0.02649	0.00392	0.00527
15	0.01393	0.01040	0.01247	0.00998	0.02697	0.02963	0.08222	0.45293	0.10992	0.09567	0.01223	0.01242	0.03079	0.00597	0.03035	0.00147	0.01733	0.00419	0.03461	0.00654
16	0.01327	0.02285	0.01247	0.03403	0.11991	0.04926	0.04170	0.36672	0.03482	0.09757	0.08292	0.02299	0.01046	0.00505	0.00420	0.00123	0.00444	0.00417	0.00365	0.06830
17	0.01098	0.02871	0.02274	0.00879	0.01152	0.08786	0.09502	0.09670	0.03988	0.10942	0.04481	0.09759	0.04069	0.00571	0.00470	0.00120	0.05376	0.01390	0.00321	0.22279
18	0.00703	0.00578	0.00630	0.02275	0.00762	0.05895	0.00470	0.03394	0.04844	0.01208	0.06751	0.30273	0.11916	0.08605	0.07842	0.00217	0.01567	0.04729	0.05070	0.02271
19	0.00576	0.00438	0.00538	0.00556	0.00647	0.00407	0.00398	0.00760	0.05490	0.01320	0.27190	0.38226	0.17055	0.01059	0.00504	0.00149	0.00231	0.00937	0.00410	0.03109
20	0.00996	0.00959	0.01652	0.16851	0.66198	0.00989	0.03698	0.01254	0.00938	0.01320	0.00785	0.01057	0.00647	0.00382	0.00419	0.00128	0.00516	0.00378	0.00204	0.00628
21	0.01066	0.00993	0.01660	0.10627	0.51999	0.01019	0.10587	0.11142	0.01076	0.01493	0.00871	0.01186	0.00720	0.00421	0.00432	0.00131	0.00522	0.03185	0.00239	0.00630
22	0.01010	0.00968	0.01652	0.12604	0.72817	0.00991	0.01275	0.01264	0.00943	0.01337	0.00785	0.01050	0.00653	0.00380	0.00417	0.00127	0.00507	0.00374	0.00205	0.00641
23	0.03265	0.00885	0.01062	0.00826	0.01147	0.00884	0.00679	0.28366	0.07555	0.48629	0.01427	0.01288	0.00940	0.00517	0.00419	0.00130	0.00390	0.00409	0.00475	0.00707
24	0.01355	0.00727	0.00873	0.00717	0.00957	0.00719	0.00573	0.22618	0.02245	0.31852	0.09634	0.10742	0.03208	0.00646	0.00428	0.00130	0.00334	0.00536	0.11111	0.00594
25	0.00604	0.00414	0.00521	0.00571	0.00642	0.00381	0.00399	0.00726	0.03094	0.05635	0.07228	0.59567	0.16276	0.01183	0.00518	0.00161	0.00245	0.01055	0.00403	0.00376
26	0.03886	0.00806	0.00970	0.00785	0.01078	0.00807	0.00636	0.09409	0.24312	0.47991	0.01577	0.01415	0.01065	0.00529	0.00416	0.00132	0.00355	0.00428	0.02717	0.00686
27	0.00556	0.00391	0.00479	0.00528	0.00555	0.00373	0.00340	0.00609	0.00754	0.00996	0.03912	0.42940	0.08153	0.33974	0.01158	0.00261	0.00308	0.03061	0.00339	0.00311
28	0.00678	0.00592	0.00717	0.00894	0.11852	0.07225	0.00547	0.00779	0.00846	0.01097	0.01913	0.58448	0.03470	0.04512	0.04192	0.00190	0.00365	0.00947	0.00339	0.00396
29	0.01165	0.00833	0.01079	0.04825	0.15462	0.02617	0.02113	0.16165	0.11405	0.14215	0.12286	0.01784	0.02718	0.00587	0.00437	0.00133	0.00392	0.06089	0.05102	0.00592
30	0.00531	0.00384	0.00501	0.00587	0.00629	0.00359	0.00410	0.00617	0.00829	0.01089	0.02440	0.67166	0.09436	0.03949	0.00589	0.00178	0.00261	0.09314	0.00386	0.00345
31	0.00649	0.00439	0.00550	0.00577	0.00658	0.00423	0.00413	0.04604	0.00929	0.04134	0.10584	0.47213	0.11444	0.01247	0.06847	0.00193	0.00314	0.00926	0.07470	0.00387

[dist]
# distance from previous block
# <min> <max>
0	4

[block]
# block no. 6 follows, 63 sequences, length 7
# corresponding to MSA columns:
# 361-367
name=unknown_G
#
# <colnr> <probs for GDERKNQSTAVLIFYWHMCP>
#	G	D	E	R	K	N	Q	S	T	A	V	L	I	F	Y	W	H	M	C	P
0	0.00940	0.00986	0.06140	0.31028	0.44457	0.00979	0.06953	0.01221	0.00915	0.01264	0.00778	0.01067	0.00620	0.00391	0.00422	0.00132	0.00542	0.00379	0.00199	0.00587
1	0.02483	0.05224	0.03128	0.04705	0.05224	0.09657	0.00646	0.11300	0.03699	0.12870	0.01619	0.15489	0.09668	0.05002	0.03382	0.00165	0.00429	0.00568	0.04232	0.00510
2	0.01148	0.18725	0.01390	0.01024	0.06625	0.21901	0.06406	0.10280	0.05349	0.01266	0.00879	0.01124	0.00760	0.05245	0.15855	0.00232	0.00667	0.00358	0.00246	0.00518
3	0.00977	0.00803	0.00923	0.02875	0.03176	0.03390	0.00583	0.11782	0.01044	0.04162	0.03651	0.07946	0.03858	0.00490	0.00396	0.00095	0.02555	0.00398	0.00299	0.50593
4	0.01197	0.12268	0.13904	0.07254	0.04222	0.05558	0.06121	0.17206	0.09798	0.09776	0.02419	0.03503	0.00839	0.00492	0.00441	0.00129	0.03570	0.00394	0.00304	0.00605
5	0.00665	0.00507	0.00575	0.00548	0.00674	0.00481	0.00410	0.09864	0.01089	0.01421	0.23400	0.12588	0.34452	0.07745	0.00628	0.00164	0.00263	0.03726	0.00401	0.00398
6	0.04983	0.00430	0.00509	0.00539	0.00624	0.00399	0.00378	0.00720	0.00875	0.05555	0.09030	0.43514	0.21996	0.07683	0.00629	0.00175	0.00256	0.00950	0.00386	0.00368

[dist]
# distance from previous block
# <min> <max>
0	7

[block]
# block no. 7 follows, 63 sequences, length 14
# corresponding to MSA columns:
# 377-390
name=unknown_H
#
# <colnr> <probs for GDERKNQSTAVLIFYWHMCP>
#	G	D	E	R	K	N	Q	S	T	A	V	L	I	F	Y	W	H	M	C	P
0	0.01083	0.01234	0.03634	0.08583	0.12631	0.26027	0.08112	0.01255	0.00936	0.01134	0.00856	0.09627	0.00807	0.00563	0.00615	0.00137	0.17566	0.00430	0.00224	0.04546
1	0.01135	0.07802	0.09768	0.02393	0.04967	0.12299	0.15398	0.09475	0.05616	0.05662	0.00929	0.04245	0.00751	0.00442	0.00411	0.00116	0.01475	0.00382	0.00269	0.16465
2	0.03884	0.06027	0.07061	0.04607	0.01201	0.27365	0.02039	0.06742	0.07365	0.04350	0.01230	0.17910	0.03070	0.00634	0.00426	0.00129	0.01478	0.00508	0.00293	0.03679
3	0.00781	0.00504	0.00637	0.00676	0.04400	0.05868	0.00435	0.00661	0.00628	0.00805	0.00853	0.06736	0.00877	0.04357	0.01449	0.69080	0.00391	0.00422	0.00202	0.00238
4	0.00664	0.00511	0.00542	0.00509	0.00668	0.00471	0.00387	0.03958	0.08311	0.05070	0.09369	0.03481	0.60188	0.03341	0.00531	0.00148	0.00245	0.00792	0.00402	0.00414
5	0.00998	0.09741	0.06453	0.05419	0.01564	0.00948	0.26335	0.08655	0.01011	0.01425	0.00788	0.00962	0.00619	0.00359	0.00387	0.00105	0.00498	0.00348	0.00239	0.33149
6	0.00825	0.03127	0.01251	0.67369	0.05208	0.00954	0.01085	0.01105	0.02737	0.01119	0.00786	0.01126	0.00607	0.00445	0.00473	0.00139	0.06052	0.00372	0.04743	0.00476
7	0.00514	0.00412	0.00451	0.00470	0.00574	0.00358	0.00336	0.00612	0.00917	0.01137	0.08725	0.21758	0.54418	0.06646	0.00614	0.00165	0.00232	0.00929	0.00386	0.00348
8	0.00741	0.00482	0.00589	0.00593	0.00686	0.00468	0.00421	0.00946	0.09390	0.09671	0.09994	0.34318	0.09496	0.16815	0.00808	0.00202	0.00293	0.03292	0.00389	0.00406
9	0.02895	0.01017	0.01186	0.01095	0.11807	0.07180	0.02193	0.25850	0.08479	0.26545	0.01186	0.01160	0.00833	0.00476	0.00410	0.00123	0.00439	0.00383	0.00391	0.06352
10	0.00522	0.00373	0.00483	0.00567	0.00604	0.00346	0.00383	0.00606	0.00830	0.01113	0.05074	0.74315	0.07970	0.01259	0.00525	0.00165	0.00239	0.01135	0.03145	0.00346
11	0.00569	0.00399	0.00497	0.00546	0.00615	0.00364	0.00384	0.00672	0.00892	0.03253	0.11266	0.50286	0.19417	0.02698	0.00543	0.00162	0.00241	0.03263	0.03572	0.00361
12	0.06053	0.62983	0.08588	0.00797	0.01153	0.12288	0.00785	0.01318	0.00893	0.01073	0.00607	0.00703	0.00534	0.00374	0.00294	0.00098	0.00497	0.00238	0.00189	0.00535
13	0.01100	0.57092	0.12393	0.00811	0.01175	0.05512	0.00817	0.05407	0.05155	0.01187	0.03812	0.00881	0.00726	0.00456	0.01821	0.00113	0.00484	0.00284	0.00218	0.00555

[dist]
# distance from previous block
# <min> <max>
0	1

[block]
# block no. 8 follows, 63 sequences, length 18
# corresponding to MSA columns:
# 392-409
name=unknown_I
#
# <colnr> <probs for GDERKNQSTAVLIFYWHMCP>
#	G	D	E	R	K	N	Q	S	T	A	V	L	I	F	Y	W	H	M	C	P
0	0.04514	0.14307	0.05518	0.07830	0.18123	0.08649	0.07455	0.06502	0.06770	0.04520	0.00848	0.00990	0.00670	0.00416	0.00409	0.00119	0.02960	0.00342	0.01425	0.07632
1	0.01290	0.46709	0.06509	0.00889	0.01212	0.30861	0.00805	0.05289	0.01031	0.01104	0.00638	0.00733	0.00548	0.00395	0.00324	0.00101	0.00570	0.00254	0.00204	0.00534
2	0.00635	0.02112	0.00663	0.00631	0.00718	0.00531	0.00474	0.00769	0.02712	0.01057	0.01776	0.19320	0.10787	0.13973	0.25353	0.00344	0.05725	0.06032	0.00296	0.06089
3	0.46274	0.00871	0.00910	0.17974	0.01365	0.00998	0.00686	0.18280	0.01040	0.06937	0.00776	0.00890	0.00569	0.00429	0.00338	0.00131	0.00405	0.00302	0.00295	0.00529
4	0.00624	0.00482	0.00570	0.00583	0.00668	0.02321	0.00418	0.02821	0.05303	0.01376	0.32259	0.37156	0.09605	0.03145	0.00546	0.00156	0.00250	0.00913	0.00413	0.00391
5	0.00831	0.00550	0.00673	0.00628	0.00780	0.00533	0.00496	0.06783	0.06567	0.10214	0.33055	0.06786	0.15383	0.00873	0.00490	0.00144	0.00277	0.12846	0.01630	0.00461
6	0.00664	0.00498	0.00585	0.00607	0.00715	0.00491	0.00442	0.00963	0.15841	0.04143	0.05352	0.41563	0.21685	0.01069	0.00503	0.00157	0.00260	0.03637	0.00404	0.00421
7	0.01540	0.01067	0.01135	0.00891	0.01203	0.04711	0.00727	0.52083	0.08473	0.15654	0.01168	0.01136	0.00822	0.00503	0.00411	0.00124	0.00431	0.00386	0.04292	0.03241
8	0.09000	0.00668	0.00757	0.00658	0.00857	0.00680	0.00516	0.15055	0.07061	0.16058	0.19396	0.11562	0.07944	0.00715	0.00433	0.00134	0.00300	0.00597	0.07089	0.00523
9	0.00723	0.00463	0.00565	0.00569	0.00683	0.00426	0.00418	0.02652	0.02937	0.10464	0.11683	0.36572	0.23231	0.01041	0.00496	0.00151	0.00252	0.02795	0.03467	0.00412
10	0.03962	0.00833	0.00939	0.00687	0.01050	0.00717	0.00555	0.16605	0.01081	0.01635	0.00793	0.00892	0.00635	0.00351	0.00331	0.00077	0.00341	0.00273	0.00283	0.67960
11	0.00521	0.00372	0.00495	0.00580	0.00612	0.00347	0.00391	0.00607	0.00844	0.01136	0.10528	0.76562	0.02902	0.01270	0.00532	0.00167	0.00239	0.01150	0.00398	0.00347
12	0.00668	0.00449	0.00546	0.00539	0.00656	0.00405	0.00397	0.00827	0.03154	0.08515	0.27019	0.24795	0.28439	0.01008	0.00499	0.00146	0.00233	0.00878	0.00425	0.00404
13	0.00985	0.06222	0.36222	0.03528	0.09471	0.03793	0.17683	0.03331	0.02144	0.04945	0.00992	0.01136	0.04622	0.00439	0.00445	0.00133	0.02706	0.00389	0.00225	0.00591
14	0.00711	0.00523	0.02531	0.00661	0.00747	0.00521	0.03280	0.00836	0.02252	0.06493	0.01385	0.14493	0.01429	0.28209	0.31917	0.00428	0.02319	0.00609	0.00281	0.00375
15	0.00541	0.00428	0.00491	0.00509	0.00614	0.00388	0.00373	0.00684	0.03100	0.01203	0.14076	0.21494	0.44310	0.03201	0.03783	0.00176	0.00267	0.03604	0.00391	0.00365
16	0.01306	0.00651	0.00826	0.00701	0.00922	0.00616	0.00552	0.07415	0.07865	0.40034	0.12100	0.13860	0.03912	0.04473	0.00531	0.00151	0.00326	0.02721	0.00460	0.00578
17	0.04853	0.07468	0.03003	0.11096	0.21520	0.03241	0.13268	0.06445	0.10559	0.02983	0.03311	0.04858	0.00892	0.00484	0.00461	0.00134	0.04151	0.00432	0.00266	0.00576

[dist]
# distance from previous block
# <min> <max>
4	10

[block]
# block no. 9 follows, 63 sequences, length 20
# corresponding to MSA columns:
# 422-441
name=unknown_J
#
# <colnr> <probs for GDERKNQSTAVLIFYWHMCP>
#	G	D	E	R	K	N	Q	S	T	A	V	L	I	F	Y	W	H	M	C	P
0	0.01099	0.00821	0.03723	0.02371	0.03751	0.00797	0.10455	0.17790	0.01111	0.14203	0.01299	0.06575	0.04060	0.08189	0.13196	0.00238	0.02894	0.00491	0.02020	0.04919
1	0.00871	0.00467	0.00556	0.00513	0.00642	0.00452	0.00392	0.02915	0.01004	0.12187	0.21666	0.03866	0.03443	0.03131	0.06332	0.00163	0.00297	0.00525	0.40143	0.00436
2	0.00851	0.00861	0.04363	0.13877	0.27131	0.04333	0.06525	0.01122	0.04806	0.01310	0.11916	0.05874	0.11067	0.01708	0.02313	0.00150	0.00458	0.00538	0.00280	0.00520
3	0.01166	0.02266	0.01292	0.23605	0.11822	0.03070	0.04654	0.24988	0.04114	0.06657	0.01005	0.04117	0.00796	0.00486	0.00420	0.00129	0.00481	0.01947	0.00305	0.06679
4	0.00778	0.00513	0.00607	0.00589	0.00715	0.00489	0.00436	0.10176	0.01057	0.08298	0.11276	0.35469	0.20560	0.00995	0.00485	0.00147	0.00264	0.00866	0.05850	0.00429
5	0.00617	0.00455	0.00542	0.00540	0.00659	0.00422	0.00408	0.00797	0.04456	0.04427	0.22408	0.14447	0.35949	0.01160	0.06394	0.00184	0.00298	0.05042	0.00403	0.00394
6	0.00964	0.00760	0.00887	0.00656	0.01006	0.00619	0.00524	0.04031	0.06618	0.06633	0.03784	0.01042	0.00818	0.00369	0.00337	0.00077	0.00317	0.00299	0.00292	0.69967
7	0.02210	0.00888	0.01381	0.09118	0.07271	0.00931	0.20676	0.14602	0.11725	0.04481	0.07227	0.08629	0.04915	0.00587	0.00489	0.00141	0.03304	0.00540	0.00325	0.00561
8	0.00674	0.00442	0.00556	0.00567	0.00660	0.00407	0.00407	0.02947	0.00980	0.07925	0.21771	0.41399	0.15035	0.03517	0.00555	0.00159	0.00248	0.00941	0.00415	0.00395
9	0.01343	0.00776	0.00915	0.00754	0.01012	0.00783	0.00604	0.18259	0.16765	0.31121	0.09917	0.05378	0.09192	0.00647	0.00443	0.00135	0.00340	0.00535	0.00458	0.00623
10	0.01080	0.07817	0.11153	0.15293	0.08155	0.10704	0.22432	0.04777	0.05008	0.05192	0.00893	0.02427	0.00701	0.01991	0.00455	0.00135	0.00584	0.00401	0.00240	0.00562
11	0.00788	0.00746	0.01106	0.24570	0.20944	0.02835	0.03638	0.01020	0.03647	0.01193	0.01911	0.06986	0.24811	0.00666	0.00482	0.00140	0.03179	0.00579	0.00274	0.00485
12	0.00512	0.00366	0.00488	0.00585	0.00610	0.00341	0.00390	0.00585	0.00805	0.01073	0.02317	0.84952	0.02780	0.01317	0.00537	0.00171	0.00244	0.01195	0.00390	0.00341
13	0.00902	0.04088	0.09974	0.02295	0.03806	0.06678	0.05270	0.08487	0.00908	0.01252	0.03074	0.03067	0.00908	0.03059	0.27602	0.00319	0.14380	0.00418	0.03030	0.00481
14	0.03417	0.07480	0.09299	0.04304	0.10740	0.18350	0.09240	0.13275	0.04520	0.04670	0.00945	0.06861	0.00798	0.00502	0.00447	0.00129	0.03774	0.00409	0.00271	0.00570
15	0.00613	0.00399	0.00464	0.00504	0.00576	0.00380	0.00355	0.01841	0.00862	0.01246	0.02287	0.39455	0.16095	0.03281	0.03151	0.00165	0.00259	0.00847	0.26856	0.00363
16	0.00560	0.00431	0.00514	0.00514	0.00618	0.00392	0.00377	0.00734	0.03479	0.01388	0.38675	0.18490	0.30283	0.01005	0.00502	0.00143	0.00216	0.00875	0.00424	0.00380
17	0.00711	0.05659	0.03731	0.00590	0.00741	0.00580	0.00478	0.05862	0.04736	0.01421	0.29619	0.02883	0.19573	0.11823	0.01982	0.00179	0.00309	0.05796	0.02908	0.00417
18	0.05013	0.13972	0.23220	0.02226	0.06334	0.08313	0.06735	0.01291	0.02689	0.07382	0.09657	0.05224	0.04229	0.00525	0.00413	0.00127	0.01403	0.00432	0.00269	0.00545
19	0.19324	0.05456	0.10004	0.09368	0.13026	0.10941	0.06183	0.05140	0.00992	0.12509	0.00843	0.00959	0.00626	0.00414	0.00374	0.00125	0.00499	0.00329	0.00267	0.02619

[dist]
# distance from previous block
# <min> <max>
2	11

[block]
# block no. 10 follows, 63 sequences, length 28
# corresponding to MSA columns:
# 463-490
name=unknown_K
#
# <colnr> <probs for GDERKNQSTAVLIFYWHMCP>
#	G	D	E	R	K	N	Q	S	T	A	V	L	I	F	Y	W	H	M	C	P
0	0.01029	0.04693	0.03306	0.00792	0.01114	0.02269	0.03503	0.14146	0.04548	0.03322	0.00881	0.02421	0.00723	0.00556	0.04684	0.00125	0.05551	0.00327	0.00281	0.45728
1	0.01113	0.12134	0.19580	0.05281	0.03975	0.07900	0.03147	0.08904	0.04722	0.10338	0.02834	0.07641	0.00930	0.00509	0.00398	0.00122	0.00480	0.01264	0.00287	0.08442
2	0.02563	0.18056	0.29525	0.02996	0.02545	0.14148	0.01973	0.05698	0.03271	0.04456	0.02707	0.05274	0.00785	0.00475	0.00402	0.00122	0.02354	0.00359	0.00239	0.02049
3	0.00802	0.02580	0.02525	0.00769	0.00923	0.01750	0.03563	0.12084	0.00890	0.01245	0.01055	0.01490	0.00951	0.05717	0.55641	0.00500	0.02236	0.00428	0.00252	0.04600
4	0.03984	0.00721	0.02456	0.08632	0.12267	0.01943	0.08214	0.04667	0.04546	0.01246	0.01406	0.10524	0.06699	0.10712	0.16202	0.00272	0.00568	0.02977	0.01502	0.00461
5	0.00666	0.00544	0.03201	0.00663	0.00745	0.00561	0.02056	0.03717	0.00728	0.01023	0.03256	0.01967	0.01229	0.29488	0.45030	0.00511	0.03503	0.00502	0.00245	0.00363
6	0.06096	0.00813	0.02204	0.00842	0.02419	0.06221	0.03572	0.11718	0.03118	0.19449	0.01148	0.01372	0.00912	0.04063	0.31020	0.00339	0.03432	0.00412	0.00321	0.00529
7	0.25484	0.18681	0.03358	0.00972	0.08435	0.21009	0.02465	0.03980	0.06892	0.01414	0.00838	0.00925	0.03098	0.00430	0.00338	0.00118	0.00488	0.00302	0.00247	0.00527
8	0.00759	0.00597	0.00667	0.00634	0.00779	0.01811	0.00492	0.10158	0.10843	0.01489	0.18612	0.09390	0.24241	0.05541	0.00583	0.00162	0.00299	0.12099	0.00402	0.00442
9	0.00956	0.00761	0.00921	0.06777	0.01152	0.00619	0.00566	0.04104	0.00931	0.06427	0.00813	0.00930	0.00647	0.00339	0.00330	0.00075	0.00338	0.00274	0.00268	0.72772
10	0.01536	0.04517	0.07120	0.00918	0.01204	0.35943	0.00767	0.08310	0.01211	0.26401	0.03281	0.01096	0.00828	0.00475	0.00393	0.00118	0.00547	0.00347	0.04408	0.00581
11	0.00925	0.00779	0.00900	0.00648	0.01019	0.00615	0.00520	0.06939	0.00953	0.01464	0.00766	0.00882	0.00629	0.00326	0.00319	0.00067	0.00322	0.00259	0.00262	0.81407
12	0.00721	0.00368	0.00541	0.00541	0.00541	0.00368	0.00357	0.00552	0.00552	0.00736	0.00774	0.01386	0.00789	0.07606	0.01679	0.81359	0.00368	0.00383	0.00188	0.00188
13	0.00517	0.00378	0.00479	0.00555	0.00596	0.00348	0.00373	0.00594	0.00826	0.01083	0.04511	0.67131	0.13993	0.05738	0.00615	0.00178	0.00247	0.01110	0.00385	0.00340
14	0.00570	0.00457	0.00509	0.00495	0.00622	0.00416	0.00369	0.00776	0.06515	0.01346	0.29383	0.06463	0.46259	0.03292	0.00538	0.00147	0.00223	0.00821	0.00413	0.00386
15	0.06396	0.00733	0.00727	0.00668	0.00840	0.06749	0.00512	0.03336	0.26138	0.01611	0.31076	0.03453	0.13334	0.00729	0.00447	0.00135	0.00298	0.00610	0.01717	0.00492
