[name]
unknown

[dist]
# distance from previous block
# <min> <max>
0	43

[block]
# block no. 0 follows, 68 sequences, length 33
# corresponding to MSA columns:
# 43-75
name=unknown_A
#
# <colnr> <probs for GDERKNQSTAVLIFYWHMCP>
#	G	D	E	R	K	N	Q	S	T	A	V	L	I	F	Y	W	H	M	C	P
0	0.00501	0.00358	0.00481	0.00573	0.00604	0.00338	0.00400	0.00583	0.00777	0.01032	0.02175	0.76321	0.02583	0.01225	0.00511	0.00164	0.00246	0.10434	0.00368	0.00327
1	0.01061	0.00893	0.00922	0.00816	0.01048	0.03651	0.00638	0.06699	0.72606	0.04698	0.01542	0.01420	0.01149	0.00528	0.00401	0.00132	0.00335	0.00435	0.00400	0.00627
2	0.06039	0.00859	0.00934	0.00733	0.01028	0.07346	0.00592	0.16234	0.04442	0.35523	0.02602	0.02219	0.00858	0.00452	0.00368	0.00108	0.00370	0.00354	0.00380	0.18558
3	0.00995	0.65704	0.22111	0.00789	0.01188	0.01410	0.00871	0.01204	0.00813	0.01012	0.00590	0.00685	0.00507	0.00348	0.00284	0.00095	0.00464	0.00232	0.00169	0.00528
4	0.01060	0.86304	0.02078	0.00678	0.01018	0.01569	0.00678	0.01187	0.00806	0.00933	0.00551	0.00636	0.00509	0.00339	0.00254	0.00085	0.00424	0.00212	0.00170	0.00509
5	0.00592	0.00379	0.00444	0.00444	0.00444	0.00379	0.00255	0.00568	0.00568	0.00757	0.01170	0.02398	0.01335	0.74052	0.01952	0.12879	0.00379	0.00544	0.00231	0.00231
6	0.00886	0.00890	0.01326	0.52434	0.24931	0.08738	0.02982	0.01129	0.00858	0.01093	0.00710	0.01004	0.00556	0.00384	0.00393	0.00125	0.00533	0.00346	0.00185	0.00496
7	0.00590	0.00437	0.00553	0.00519	0.00622	0.00417	0.00391	0.00841	0.06912	0.01585	0.76059	0.02873	0.05097	0.00795	0.00463	0.00126	0.00196	0.00700	0.00433	0.00391
8	0.00483	0.00345	0.00460	0.00552	0.00575	0.00322	0.00368	0.00552	0.00759	0.01012	0.02185	0.85807	0.02622	0.01242	0.00506	0.00161	0.00230	0.01127	0.00368	0.00322
9	0.00930	0.01098	0.09589	0.05699	0.06358	0.02351	0.48484	0.03219	0.11454	0.01321	0.00973	0.01184	0.02516	0.00401	0.00452	0.00132	0.01684	0.01376	0.00232	0.00546
10	0.12907	0.00687	0.00877	0.00682	0.00981	0.00622	0.00563	0.01834	0.01076	0.73377	0.01435	0.01259	0.00911	0.00475	0.00379	0.00123	0.00333	0.00375	0.00459	0.00643
11	0.00588	0.00443	0.00548	0.00515	0.00624	0.00422	0.00388	0.00845	0.08023	0.01542	0.68227	0.02925	0.11793	0.00808	0.00462	0.00126	0.00199	0.00707	0.00427	0.00391
12	0.00795	0.02051	0.84011	0.01130	0.01716	0.00921	0.01465	0.01256	0.00837	0.01256	0.00712	0.00837	0.00502	0.00377	0.00377	0.00126	0.00586	0.00293	0.00167	0.00586
13	0.00778	0.00784	0.01418	0.07380	0.08616	0.03397	0.34370	0.00991	0.00867	0.01143	0.01385	0.20806	0.06099	0.04971	0.00544	0.00153	0.00483	0.05108	0.00258	0.00449
14	0.88866	0.00767	0.00583	0.00521	0.00767	0.00889	0.00429	0.01166	0.00675	0.01779	0.00552	0.00644	0.00429	0.00368	0.00245	0.00123	0.00307	0.00215	0.00245	0.00429
15	0.01480	0.01081	0.01163	0.00899	0.01210	0.01195	0.00740	0.74624	0.07264	0.04754	0.01014	0.00999	0.00719	0.00481	0.00397	0.00120	0.00425	0.00364	0.00400	0.00671
16	0.00798	0.00727	0.01137	0.59428	0.11289	0.02777	0.00993	0.01063	0.03496	0.03172	0.03000	0.03279	0.04521	0.00509	0.02093	0.00140	0.00495	0.00406	0.00215	0.00463
17	0.01461	0.06114	0.01176	0.00997	0.01215	0.75214	0.00761	0.06472	0.01153	0.01061	0.00630	0.00725	0.00521	0.00409	0.00355	0.00102	0.00683	0.00259	0.00214	0.00475
18	0.00867	0.00867	0.01214	0.01041	0.01041	0.01214	0.00867	0.00954	0.00607	0.00954	0.00520	0.00867	0.00520	0.00694	0.01301	0.00173	0.85340	0.00347	0.00173	0.00434
19	0.00795	0.02051	0.84011	0.01130	0.01716	0.00921	0.01465	0.01256	0.00837	0.01256	0.00712	0.00837	0.00502	0.00377	0.00377	0.00126	0.00586	0.00293	0.00167	0.00586
20	0.00525	0.00386	0.00482	0.00494	0.00574	0.00351	0.00357	0.00661	0.00967	0.01320	0.42717	0.28039	0.17630	0.00967	0.00475	0.00137	0.00202	0.00854	0.02511	0.00351
21	0.00561	0.00405	0.00530	0.00499	0.00592	0.00374	0.00374	0.00748	0.01122	0.01590	0.83383	0.02962	0.03741	0.00811	0.00468	0.00125	0.00187	0.00717	0.00436	0.00374
22	0.00822	0.00705	0.00822	0.00587	0.00940	0.00529	0.00470	0.00998	0.00822	0.01292	0.00705	0.00822	0.00587	0.00294	0.00294	0.00059	0.00294	0.00235	0.00235	0.88490
23	0.00937	0.00803	0.00852	0.00770	0.00981	0.00918	0.00597	0.01953	0.74018	0.01632	0.07557	0.01671	0.04405	0.00575	0.00410	0.00134	0.00301	0.00482	0.00405	0.00599
24	0.02272	0.01008	0.02952	0.01398	0.15538	0.03828	0.29536	0.10304	0.14601	0.01457	0.00935	0.02404	0.00736	0.00416	0.00447	0.00124	0.03801	0.00406	0.00260	0.07577
25	0.00545	0.00394	0.00527	0.00613	0.00666	0.00380	0.00463	0.00672	0.02235	0.01085	0.02205	0.53744	0.05098	0.01172	0.00517	0.00167	0.00277	0.28529	0.00368	0.00343
26	0.00469	0.00402	0.00402	0.00402	0.00536	0.00335	0.00301	0.00569	0.00904	0.01071	0.04017	0.03816	0.83432	0.01004	0.00469	0.00134	0.00201	0.00837	0.00368	0.00335
27	0.11843	0.00801	0.01031	0.00902	0.00945	0.02717	0.00740	0.00948	0.00629	0.01047	0.00622	0.00988	0.00603	0.04068	0.11824	0.00233	0.59106	0.00347	0.00191	0.00416
28	0.01073	0.01079	0.01832	0.09487	0.07818	0.06135	0.44911	0.17823	0.03137	0.01490	0.00828	0.01026	0.00621	0.00380	0.00433	0.00127	0.00587	0.00412	0.00243	0.00559
29	0.00529	0.00452	0.00468	0.00503	0.00590	0.04589	0.00357	0.00619	0.00858	0.01057	0.05694	0.39812	0.40907	0.01073	0.00479	0.00144	0.00239	0.00931	0.00362	0.00337
30	0.25324	0.00962	0.00991	0.00780	0.01076	0.01056	0.00644	0.50137	0.01449	0.12486	0.00920	0.00918	0.00646	0.00448	0.00356	0.00120	0.00389	0.00323	0.00367	0.00608
31	0.65637	0.00836	0.00729	0.00692	0.04627	0.03597	0.00528	0.04014	0.09760	0.01706	0.00692	0.00774	0.00539	0.00405	0.00324	0.00125	0.04027	0.00259	0.00261	0.00470
32	0.00556	0.00398	0.00544	0.00631	0.00687	0.00385	0.00491	0.00681	0.00841	0.01111	0.04925	0.46097	0.02506	0.01161	0.00524	0.00170	0.00290	0.37291	0.00369	0.00343

[dist]
# distance from previous block
# <min> <max>
4	6

[block]
# block no. 1 follows, 68 sequences, length 68
# corresponding to MSA columns:
# 83-150
name=unknown_B
#
# <colnr> <probs for GDERKNQSTAVLIFYWHMCP>
#	G	D	E	R	K	N	Q	S	T	A	V	L	I	F	Y	W	H	M	C	P
0	0.01037	0.00824	0.00882	0.00786	0.01012	0.00938	0.00614	0.02058	0.74343	0.07724	0.01600	0.01470	0.01188	0.00532	0.00399	0.00132	0.00312	0.00442	0.03084	0.00623
1	0.02876	0.01815	0.01163	0.01053	0.02287	0.77880	0.03478	0.01551	0.01099	0.00997	0.00618	0.00732	0.00514	0.00409	0.00376	0.00105	0.02114	0.00265	0.00204	0.00463
2	0.00786	0.00744	0.01254	0.71046	0.15050	0.00896	0.01115	0.01043	0.00806	0.01055	0.00708	0.01042	0.00544	0.00395	0.00411	0.00131	0.01973	0.00352	0.00179	0.00469
3	0.01431	0.00774	0.00906	0.00722	0.00984	0.00785	0.00587	0.28269	0.07306	0.35530	0.01333	0.02936	0.00935	0.00499	0.00380	0.00118	0.00341	0.00398	0.15153	0.00613
4	0.00470	0.00396	0.00407	0.00416	0.00539	0.00334	0.00307	0.00567	0.00890	0.01066	0.03845	0.11487	0.75871	0.01026	0.00472	0.00136	0.00204	0.00864	0.00368	0.00334
5	0.41637	0.00916	0.00888	0.00715	0.00999	0.01018	0.00590	0.38191	0.01256	0.09100	0.00821	0.00844	0.00588	0.00428	0.00327	0.00121	0.00368	0.00295	0.00335	0.00562
6	0.01073	0.83735	0.02049	0.00689	0.01024	0.04092	0.00681	0.01199	0.00815	0.00934	0.00553	0.00638	0.00509	0.00341	0.00258	0.00085	0.00433	0.00213	0.00171	0.00507
7	0.00482	0.00348	0.00457	0.00545	0.00573	0.00323	0.00365	0.00553	0.00766	0.01015	0.02273	0.81903	0.06470	0.01231	0.00504	0.00160	0.00229	0.01113	0.00368	0.00323
8	0.01779	0.00675	0.00920	0.00705	0.01012	0.00583	0.00583	0.01932	0.01135	0.83867	0.01564	0.01350	0.00981	0.00491	0.00399	0.00123	0.00337	0.00399	0.00491	0.00675
9	0.00981	0.00942	0.01609	0.02434	0.83592	0.00942	0.01217	0.01217	0.00903	0.01295	0.00746	0.00981	0.00628	0.00353	0.00393	0.00118	0.00471	0.00353	0.00196	0.00628
10	0.00488	0.00352	0.00459	0.00539	0.00571	0.00326	0.00362	0.00562	0.00780	0.01037	0.05963	0.75684	0.07277	0.02903	0.00532	0.00162	0.00229	0.01081	0.00369	0.00324
11	0.01149	0.02996	0.01470	0.01922	0.55017	0.17395	0.01057	0.11736	0.01068	0.01379	0.00742	0.00918	0.00608	0.00380	0.00383	0.00114	0.00513	0.00331	0.00223	0.00598
12	0.00483	0.00345	0.00460	0.00552	0.00575	0.00322	0.00368	0.00552	0.00759	0.01012	0.02185	0.85807	0.02622	0.01242	0.00506	0.00161	0.00230	0.01127	0.00368	0.00322
13	0.00508	0.00401	0.00457	0.00447	0.00561	0.00351	0.00334	0.00643	0.00990	0.01285	0.36924	0.06323	0.47504	0.00932	0.00470	0.00131	0.00196	0.00797	0.00397	0.00351
14	0.04129	0.01009	0.01134	0.02548	0.01217	0.02154	0.03027	0.54957	0.09056	0.15051	0.01083	0.01055	0.00757	0.00474	0.00394	0.00122	0.00418	0.00369	0.00395	0.00651
15	0.00869	0.00828	0.01407	0.42306	0.44597	0.00913	0.01161	0.01119	0.00850	0.01159	0.00726	0.01018	0.00580	0.00374	0.00394	0.00125	0.00499	0.00353	0.00187	0.00538
16	0.00539	0.00401	0.00552	0.00600	0.00655	0.00387	0.01903	0.00653	0.00850	0.01145	0.16348	0.52949	0.04423	0.01108	0.00524	0.00157	0.02363	0.13726	0.00372	0.00345
17	0.00749	0.00705	0.01189	0.85113	0.02731	0.00881	0.01101	0.01013	0.00793	0.01013	0.00705	0.01057	0.00529	0.00396	0.00396	0.00132	0.00529	0.00352	0.00176	0.00440
18	0.01481	0.01890	0.01124	0.01021	0.01226	0.84474	0.00766	0.01583	0.01124	0.00970	0.00613	0.00715	0.00511	0.00409	0.00358	0.00102	0.00715	0.00255	0.00204	0.00460
19	0.01575	0.00685	0.00883	0.00690	0.00973	0.00621	0.00566	0.10508	0.01190	0.63830	0.04259	0.01613	0.09648	0.00553	0.00408	0.00124	0.00329	0.00450	0.00466	0.00630
20	0.01045	0.00945	0.01542	0.02231	0.73065	0.00955	0.01150	0.07501	0.02789	0.03760	0.00804	0.01001	0.00655	0.00371	0.00393	0.00118	0.00461	0.00357	0.00225	0.00633
21	0.00566	0.00425	0.00637	0.00637	0.00708	0.00496	0.00496	0.00708	0.00637	0.00920	0.01062	0.01558	0.00991	0.02974	0.84494	0.00637	0.01062	0.00425	0.00212	0.00354
22	0.01060	0.86304	0.02078	0.00678	0.01018	0.01569	0.00678	0.01187	0.00806	0.00933	0.00551	0.00636	0.00509	0.00339	0.00254	0.00085	0.00424	0.00212	0.00170	0.00509
23	0.87339	0.00766	0.00593	0.01987	0.00801	0.00889	0.00441	0.01163	0.00677	0.01766	0.00555	0.00651	0.00431	0.00369	0.00248	0.00123	0.00311	0.00217	0.00244	0.00430
24	0.00572	0.00411	0.00572	0.00572	0.00620	0.00458	0.00414	0.00664	0.00616	0.00869	0.01111	0.01868	0.01123	0.28397	0.57469	0.02420	0.00839	0.00470	0.00220	0.00315
25	0.00775	0.00720	0.01206	0.68831	0.13827	0.00860	0.01073	0.01031	0.00819	0.01082	0.03221	0.01115	0.00652	0.00405	0.00395	0.00129	0.00501	0.00364	0.02532	0.00463
26	0.00485	0.00358	0.00455	0.00531	0.00575	0.00328	0.00364	0.00562	0.00788	0.01027	0.02497	0.69585	0.16459	0.01197	0.00501	0.00157	0.00229	0.03210	0.00368	0.00325
27	0.01067	0.00887	0.00941	0.00823	0.01060	0.01016	0.00649	0.15628	0.67448	0.01791	0.01512	0.01454	0.01142	0.00539	0.00405	0.00133	0.00336	0.02138	0.00401	0.00630
28	0.00583	0.00445	0.00652	0.00643	0.00705	0.00525	0.00496	0.00711	0.00631	0.00911	0.01047	0.01599	0.01000	0.09103	0.73873	0.00594	0.05486	0.00432	0.00212	0.00350
29	0.01373	0.01598	0.01124	0.01079	0.07220	0.59830	0.00772	0.10716	0.06630	0.01215	0.00793	0.04350	0.00672	0.00455	0.00374	0.00110	0.00619	0.00323	0.00246	0.00502
30	0.88866	0.00767	0.00583	0.00521	0.00767	0.00889	0.00429	0.01166	0.00675	0.01779	0.00552	0.00644	0.00429	0.00368	0.00245	0.00123	0.00307	0.00215	0.00245	0.00429
31	0.00554	0.00406	0.00505	0.00511	0.00568	0.00414	0.00361	0.00633	0.00689	0.00910	0.01844	0.02648	0.19118	0.35529	0.28031	0.00398	0.00561	0.05751	0.00267	0.00305
32	0.01060	0.86304	0.02078	0.00678	0.01018	0.01569	0.00678	0.01187	0.00806	0.00933	0.00551	0.00636	0.00509	0.00339	0.00254	0.00085	0.00424	0.00212	0.00170	0.00509
33	0.00568	0.00420	0.00615	0.00615	0.00678	0.00483	0.00468	0.00694	0.00631	0.00904	0.01083	0.01671	0.01041	0.12093	0.75443	0.00609	0.00988	0.00441	0.00215	0.00342
34	0.00491	0.00353	0.00468	0.00551	0.00582	0.00329	0.00374	0.00571	0.00787	0.01051	0.06866	0.77398	0.04139	0.01209	0.00504	0.00159	0.00231	0.03239	0.00372	0.00326
35	0.10977	0.00684	0.00884	0.00686	0.00986	0.00615	0.00567	0.01851	0.01086	0.75197	0.01457	0.01275	0.00923	0.00478	0.00383	0.00123	0.00334	0.00379	0.00465	0.00649
36	0.00488	0.00354	0.00460	0.00540	0.00576	0.00328	0.00367	0.00564	0.00778	0.01027	0.03564	0.73953	0.09759	0.02561	0.00527	0.00162	0.00233	0.03067	0.00367	0.00324
37	0.00989	0.00982	0.01521	0.11706	0.67201	0.06912	0.01166	0.01216	0.00901	0.01235	0.00728	0.00969	0.00607	0.00368	0.00405	0.00119	0.01846	0.00346	0.00194	0.00592
38	0.01392	0.00944	0.01045	0.00838	0.01121	0.01026	0.00680	0.44887	0.22680	0.16785	0.01267	0.03511	0.00922	0.00516	0.00402	0.00125	0.00381	0.00409	0.00414	0.00653
39	0.00596	0.00425	0.00586	0.00675	0.00746	0.00419	0.00556	0.00743	0.00863	0.01129	0.02101	0.26202	0.02352	0.03298	0.00574	0.00182	0.00329	0.57513	0.00363	0.00350
40	0.00580	0.00433	0.00557	0.00605	0.00650	0.01677	0.00428	0.00700	0.03735	0.03151	0.04411	0.65201	0.02281	0.01279	0.07271	0.00196	0.05182	0.00958	0.00348	0.00355
41	0.02407	0.01514	0.03687	0.01068	0.04469	0.51147	0.07670	0.09213	0.02440	0.04123	0.03175	0.03111	0.00766	0.00464	0.00386	0.00114	0.00608	0.02890	0.00251	0.00498
42	0.00861	0.00857	0.01286	0.54383	0.18661	0.07046	0.02166	0.01094	0.00826	0.01065	0.00692	0.01001	0.00547	0.00412	0.00468	0.00130	0.07494	0.00347	0.00182	0.00480
43	0.13717	0.31481	0.10586	0.00995	0.09680	0.24256	0.01858	0.01305	0.00890	0.01142	0.00609	0.00723	0.00511	0.00368	0.00312	0.00104	0.00514	0.00251	0.00193	0.00505
44	0.03596	0.00897	0.00900	0.00785	0.01016	0.05869	0.00617	0.14113	0.51601	0.05227	0.03833	0.01536	0.07148	0.00556	0.00401	0.00129	0.00345	0.00450	0.00388	0.00593
45	0.00497	0.00381	0.00456	0.00483	0.00565	0.00340	0.00345	0.00607	0.00903	0.01177	0.23024	0.34795	0.32905	0.01047	0.00483	0.00142	0.00209	0.00918	0.00385	0.00340
46	0.00616	0.05923	0.05517	0.03345	0.00846	0.00597	0.00579	0.00780	0.00677	0.00960	0.03094	0.01478	0.00988	0.02523	0.69577	0.00544	0.00955	0.00409	0.00212	0.00380
47	0.01385	0.01145	0.07994	0.00903	0.01227	0.01155	0.00785	0.69072	0.04294	0.02291	0.01017	0.01061	0.02197	0.03073	0.00446	0.00128	0.00439	0.00370	0.00373	0.00646
48	0.00536	0.00401	0.00497	0.00503	0.00590	0.00369	0.00368	0.00695	0.02626	0.01333	0.43948	0.21918	0.19347	0.02245	0.00501	0.00140	0.00210	0.03013	0.00402	0.00357
49	0.79309	0.00878	0.05390	0.00582	0.00841	0.03550	0.00508	0.01180	0.00697	0.01707	0.00563	0.00662	0.00438	0.00376	0.00277	0.00123	0.02019	0.00223	0.00238	0.00439
50	0.06630	0.01154	0.00999	0.00867	0.01086	0.25034	0.00681	0.11347	0.29057	0.09183	0.01082	0.01083	0.00816	0.00490	0.00451	0.00124	0.07423	0.00353	0.01582	0.00557
51	0.00846	0.00720	0.00822	0.00748	0.01864	0.00778	0.03145	0.04448	0.46952	0.01511	0.07477	0.02195	0.16768	0.00670	0.00430	0.00135	0.00305	0.06874	0.00382	0.02929
52	0.00477	0.00400	0.00404	0.00404	0.00528	0.00338	0.00297	0.00570	0.00880	0.01049	0.03814	0.03726	0.77425	0.07236	0.00582	0.00152	0.00214	0.00818	0.00359	0.00328
53	0.88866	0.00767	0.00583	0.00521	0.00767	0.00889	0.00429	0.01166	0.00675	0.01779	0.00552	0.00644	0.00429	0.00368	0.00245	0.00123	0.00307	0.00215	0.00245	0.00429
54	0.00557	0.00405	0.00524	0.00494	0.00590	0.00372	0.00371	0.00740	0.01113	0.01567	0.79818	0.03000	0.07321	0.00819	0.00468	0.00125	0.00188	0.00722	0.00433	0.00372
55	0.88866	0.00767	0.00583	0.00521	0.00767	0.00889	0.00429	0.01166	0.00675	0.01779	0.00552	0.00644	0.00429	0.00368	0.00245	0.00123	0.00307	0.00215	0.00245	0.00429
56	0.00981	0.00942	0.01609	0.02434	0.83592	0.00942	0.01217	0.01217	0.00903	0.01295	0.00746	0.00981	0.00628	0.00353	0.00393	0.00118	0.00471	0.00353	0.00196	0.00628
57	0.00795	0.02051	0.84011	0.01130	0.01716	0.00921	0.01465	0.01256	0.00837	0.01256	0.00712	0.00837	0.00502	0.00377	0.00377	0.00126	0.00586	0.00293	0.00167	0.00586
58	0.01507	0.01111	0.01190	0.00912	0.01230	0.01230	0.00754	0.82270	0.01864	0.02499	0.00952	0.00952	0.00674	0.00476	0.00397	0.00119	0.00436	0.00357	0.00397	0.00674
59	0.01060	0.86304	0.02078	0.00678	0.01018	0.01569	0.00678	0.01187	0.00806	0.00933	0.00551	0.00636	0.00509	0.00339	0.00254	0.00085	0.00424	0.00212	0.00170	0.00509
60	0.00478	0.00402	0.00415	0.00412	0.00542	0.00339	0.00309	0.00588	0.00927	0.01126	0.12399	0.03726	0.75015	0.00984	0.00469	0.00133	0.00199	0.00824	0.00375	0.00339
61	0.00566	0.00425	0.00637	0.00637	0.00708	0.00496	0.00496	0.00708	0.00637	0.00920	0.01062	0.01558	0.00991	0.02974	0.84494	0.00637	0.01062	0.00425	0.00212	0.00354
62	0.01199	0.00991	0.02489	0.13488	0.16413	0.01044	0.11742	0.38739	0.01340	0.04878	0.00912	0.03315	0.00697	0.00443	0.00408	0.00124	0.00480	0.00392	0.00302	0.00603
63	0.04111	0.00453	0.00557	0.00511	0.00635	0.00429	0.00390	0.00916	0.03620	0.08625	0.59738	0.02594	0.06631	0.00735	0.00434	0.00122	0.00209	0.00636	0.08246	0.00408
64	0.02413	0.01080	0.03686	0.03393	0.05707	0.01156	0.00792	0.65843	0.04265	0.02267	0.03549	0.01029	0.00771	0.00478	0.00410	0.00121	0.01658	0.00367	0.00369	0.00645
65	0.03119	0.59875	0.01723	0.00714	0.01027	0.04036	0.00663	0.03964	0.12625	0.07743	0.00799	0.00827	0.00651	0.00387	0.00295	0.00097	0.00408	0.00267	0.00239	0.00541
66	0.03209	0.02712	0.01235	0.12875	0.31819	0.04647	0.02478	0.03818	0.01684	0.05129	0.01720	0.01016	0.02127	0.00374	0.00363	0.00104	0.00425	0.00329	0.00233	0.23704
67	0.01187	0.15776	0.04725	0.01199	0.12269	0.18984	0.13754	0.07988	0.08133	0.08050	0.00866	0.02080	0.00681	0.00417	0.00394	0.00115	0.02227	0.00347	0.00253	0.00555

[dist]
# distance from previous block
# <min> <max>
0	1

[block]
# block no. 2 follows, 68 sequences, length 28
# corresponding to MSA columns:
# 152-179
name=unknown_C
#
# <colnr> <probs for GDERKNQSTAVLIFYWHMCP>
#	G	D	E	R	K	N	Q	S	T	A	V	L	I	F	Y	W	H	M	C	P
0	0.74635	0.00849	0.02177	0.00617	0.02355	0.02774	0.00501	0.08167	0.02277	0.01802	0.00613	0.00697	0.00471	0.00381	0.00269	0.00122	0.00335	0.00236	0.00258	0.00461
1	0.01973	0.03596	0.15969	0.02043	0.03030	0.13551	0.12607	0.03886	0.09439	0.02533	0.19720	0.02639	0.02416	0.00529	0.00451	0.00125	0.04261	0.00449	0.00283	0.00501
2	0.01095	0.01075	0.12457	0.01265	0.10906	0.00906	0.24397	0.10855	0.08530	0.12661	0.00965	0.01061	0.00705	0.00399	0.00417	0.00120	0.01680	0.00381	0.00280	0.09843
3	0.00857	0.00813	0.01388	0.32960	0.45190	0.00875	0.03320	0.01093	0.00852	0.01169	0.00839	0.07310	0.00738	0.00435	0.00404	0.00127	0.00480	0.00414	0.00202	0.00533
4	0.00556	0.00405	0.00523	0.00494	0.00589	0.00372	0.00370	0.00739	0.01111	0.01563	0.79261	0.03006	0.07880	0.00821	0.00468	0.00125	0.00188	0.00723	0.00433	0.00372
5	0.00542	0.00389	0.00527	0.00616	0.00668	0.00373	0.00469	0.00655	0.00821	0.01080	0.02195	0.52991	0.04383	0.01181	0.00521	0.00169	0.00281	0.31434	0.00367	0.00339
6	0.00981	0.00942	0.01609	0.02434	0.83592	0.00942	0.01217	0.01217	0.00903	0.01295	0.00746	0.00981	0.00628	0.00353	0.00393	0.00118	0.00471	0.00353	0.00196	0.00628
7	0.00482	0.00399	0.00423	0.00430	0.00551	0.00341	0.00322	0.00590	0.00912	0.01114	0.10605	0.09692	0.68510	0.01007	0.00473	0.00136	0.00206	0.03091	0.00374	0.00338
8	0.00852	0.00843	0.01179	0.01013	0.01018	0.01171	0.00842	0.00943	0.00634	0.00987	0.04824	0.00976	0.00688	0.00700	0.01258	0.00171	0.80917	0.00366	0.00187	0.00431
9	0.00749	0.00705	0.01189	0.85113	0.02731	0.00881	0.01101	0.01013	0.00793	0.01013	0.00705	0.01057	0.00529	0.00396	0.00396	0.00132	0.00529	0.00352	0.00176	0.00440
10	0.00483	0.00345	0.00460	0.00552	0.00575	0.00322	0.00368	0.00552	0.00759	0.01012	0.02185	0.85807	0.02622	0.01242	0.00506	0.00161	0.00230	0.01127	0.00368	0.00322
11	0.88866	0.00767	0.00583	0.00521	0.00767	0.00889	0.00429	0.01166	0.00675	0.01779	0.00552	0.00644	0.00429	0.00368	0.00245	0.00123	0.00307	0.00215	0.00245	0.00429
12	0.00749	0.00705	0.01189	0.85113	0.02731	0.00881	0.01101	0.01013	0.00793	0.01013	0.00705	0.01057	0.00529	0.00396	0.00396	0.00132	0.00529	0.00352	0.00176	0.00440
13	0.00928	0.00793	0.00845	0.00764	0.00972	0.00905	0.00592	0.01925	0.72196	0.01635	0.10092	0.01696	0.03747	0.00579	0.00412	0.00133	0.00298	0.00487	0.00406	0.00593
14	0.01507	0.01111	0.01190	0.00912	0.01230	0.01230	0.00754	0.82270	0.01864	0.02499	0.00952	0.00952	0.00674	0.00476	0.00397	0.00119	0.00436	0.00357	0.00397	0.00674
15	0.00577	0.00384	0.00432	0.00432	0.00432	0.00384	0.00240	0.00577	0.00577	0.00769	0.01249	0.02595	0.01441	0.86066	0.02018	0.00384	0.00384	0.00577	0.00240	0.00240
16	0.00883	0.00857	0.01341	0.22262	0.19319	0.01028	0.07256	0.01194	0.11016	0.01155	0.00773	0.01031	0.00638	0.00499	0.00704	0.00143	0.28811	0.00372	0.00210	0.00509
17	0.01028	0.00872	0.00920	0.00815	0.01047	0.01006	0.00638	0.08505	0.76410	0.01726	0.01561	0.01437	0.01168	0.00533	0.00403	0.00133	0.00324	0.00441	0.00403	0.00631
18	0.00556	0.00405	0.00523	0.00493	0.00589	0.00372	0.00370	0.00738	0.01110	0.01561	0.79015	0.03009	0.08127	0.00821	0.00468	0.00125	0.00188	0.00724	0.00433	0.00372
19	0.00933	0.00892	0.01522	0.19704	0.66702	0.00929	0.01193	0.01174	0.00880	0.01236	0.00737	0.00997	0.00607	0.00362	0.00393	0.00121	0.00483	0.00353	0.00192	0.00589
20	0.01385	0.01707	0.01142	0.03913	0.06942	0.69676	0.00798	0.01578	0.07211	0.01046	0.00700	0.00802	0.00572	0.00414	0.00365	0.00107	0.00662	0.00280	0.00218	0.00483
21	0.01397	0.01730	0.01205	0.01259	0.15064	0.70440	0.00842	0.01522	0.01087	0.01025	0.00635	0.00760	0.00530	0.00399	0.00363	0.00105	0.00674	0.00272	0.00203	0.00488
22	0.00749	0.00705	0.01189	0.85113	0.02731	0.00881	0.01101	0.01013	0.00793	0.01013	0.00705	0.01057	0.00529	0.00396	0.00396	0.00132	0.00529	0.00352	0.00176	0.00440
23	0.01036	0.78782	0.09393	0.00719	0.01080	0.01511	0.00749	0.01193	0.00808	0.00962	0.00566	0.00654	0.00508	0.00343	0.00265	0.00088	0.00438	0.00219	0.00169	0.00516
24	0.00566	0.00425	0.00637	0.00637	0.00708	0.00496	0.00496	0.00708	0.00637	0.00920	0.01062	0.01558	0.00991	0.02974	0.84494	0.00637	0.01062	0.00425	0.00212	0.00354
25	0.00483	0.00347	0.00458	0.00548	0.00574	0.00322	0.00366	0.00553	0.00763	0.01014	0.02240	0.83354	0.05039	0.01235	0.00505	0.00160	0.00229	0.01118	0.00368	0.00322
26	0.00906	0.00871	0.01501	0.28722	0.54988	0.00925	0.04027	0.01154	0.00869	0.01205	0.00735	0.01009	0.00595	0.00366	0.00396	0.00123	0.00496	0.00357	0.00190	0.00565
27	0.01141	0.01294	0.01225	0.15465	0.20337	0.38199	0.02096	0.03564	0.00995	0.01105	0.00880	0.01048	0.05759	0.00446	0.00429	0.00117	0.04852	0.00341	0.00212	0.00493

[dist]
# distance from previous block
# <min> <max>
0	2

[block]
# block no. 3 follows, 68 sequences, length 59
# corresponding to MSA columns:
# 182-240
name=unknown_D
#
# <colnr> <probs for GDERKNQSTAVLIFYWHMCP>
#	G	D	E	R	K	N	Q	S	T	A	V	L	I	F	Y	W	H	M	C	P
0	0.14316	0.00992	0.01230	0.25502	0.25051	0.14905	0.04570	0.02751	0.00892	0.02237	0.00746	0.03719	0.00620	0.00410	0.00373	0.00122	0.00502	0.00347	0.00213	0.00503
1	0.00978	0.01068	0.04106	0.01468	0.10719	0.08181	0.44276	0.07083	0.00987	0.01298	0.00964	0.02802	0.02562	0.02091	0.00514	0.00138	0.04240	0.05774	0.00231	0.00521
2	0.30527	0.00930	0.00901	0.00750	0.01017	0.02626	0.00608	0.30287	0.22761	0.04309	0.01004	0.00995	0.00739	0.00455	0.00347	0.00124	0.00363	0.00333	0.00347	0.00576
3	0.25191	0.00823	0.00888	0.00729	0.00990	0.00890	0.02875	0.19721	0.18015	0.17175	0.05483	0.01176	0.00946	0.00475	0.00360	0.00124	0.00343	0.00367	0.02859	0.00569
4	0.01491	0.01598	0.01148	0.00981	0.01227	0.53323	0.00761	0.31777	0.01401	0.01542	0.00740	0.00804	0.00572	0.00434	0.00372	0.00108	0.00611	0.00293	0.00276	0.00540
5	0.00689	0.00344	0.00517	0.00517	0.00517	0.00344	0.00344	0.00517	0.00517	0.00689	0.00689	0.01205	0.00689	0.01377	0.01550	0.88464	0.00344	0.00344	0.00172	0.00172
6	0.00660	0.00472	0.00653	0.00735	0.00832	0.00475	0.00642	0.02829	0.00936	0.01219	0.02071	0.04386	0.02242	0.01080	0.00544	0.00181	0.00367	0.78938	0.00366	0.00373
7	0.00650	0.00545	0.00775	0.05644	0.00876	0.01600	0.00587	0.00778	0.00660	0.00948	0.04111	0.01507	0.01001	0.08317	0.52247	0.00468	0.18280	0.00425	0.00213	0.00369
8	0.00485	0.00346	0.00460	0.00550	0.00572	0.00323	0.00366	0.00553	0.00756	0.01007	0.02167	0.84188	0.02599	0.02892	0.00535	0.00165	0.00233	0.01116	0.00366	0.00320
9	0.01507	0.01111	0.01190	0.00912	0.01230	0.01230	0.00754	0.82270	0.01864	0.02499	0.00952	0.00952	0.00674	0.00476	0.00397	0.00119	0.00436	0.00357	0.00397	0.00674
10	0.02740	0.00764	0.01233	0.43653	0.23280	0.00881	0.02142	0.03856	0.00842	0.01154	0.00851	0.09136	0.00758	0.00489	0.00468	0.00133	0.06499	0.00425	0.00209	0.00487
11	0.00484	0.00352	0.00456	0.00536	0.00572	0.00325	0.00362	0.00559	0.00783	0.01032	0.04391	0.75601	0.10674	0.01208	0.00501	0.00157	0.00226	0.01088	0.00370	0.00325
12	0.01763	0.00700	0.00936	0.00718	0.01025	0.00621	0.00593	0.06630	0.01177	0.79109	0.01528	0.01326	0.00964	0.00490	0.00399	0.00122	0.00343	0.00396	0.00485	0.00675
13	0.01779	0.00675	0.00920	0.00705	0.01012	0.00583	0.00583	0.01932	0.01135	0.83867	0.01564	0.01350	0.00981	0.00491	0.00399	0.00123	0.00337	0.00399	0.00491	0.00675
14	0.10035	0.01530	0.25837	0.01021	0.02485	0.27354	0.06063	0.04478	0.02816	0.07679	0.00789	0.02706	0.00612	0.00433	0.00413	0.00121	0.04549	0.00320	0.00233	0.00526
15	0.00963	0.00924	0.01577	0.08798	0.77368	0.00937	0.01208	0.01201	0.00894	0.01274	0.00743	0.00987	0.00620	0.00357	0.00393	0.00119	0.00475	0.00353	0.00195	0.00614
16	0.00795	0.02051	0.84011	0.01130	0.01716	0.00921	0.01465	0.01256	0.00837	0.01256	0.00712	0.00837	0.00502	0.00377	0.00377	0.00126	0.00586	0.00293	0.00167	0.00586
17	0.00594	0.00461	0.00673	0.00658	0.00717	0.00551	0.00509	0.00720	0.00630	0.00912	0.01028	0.01574	0.00983	0.08913	0.71091	0.00578	0.08417	0.00429	0.00211	0.00353
18	0.00927	0.01373	0.30845	0.01398	0.01850	0.00934	0.46783	0.01291	0.00912	0.06092	0.00852	0.01101	0.00637	0.00380	0.00434	0.00132	0.00612	0.02681	0.00211	0.00556
19	0.00576	0.00387	0.00444	0.00444	0.00449	0.00391	0.00255	0.00584	0.00580	0.00778	0.01238	0.02534	0.01415	0.81207	0.06841	0.00399	0.00424	0.00568	0.00239	0.00247
20	0.00613	0.00439	0.00609	0.00699	0.00781	0.00435	0.00594	0.00778	0.00890	0.01159	0.02144	0.16261	0.03692	0.01115	0.00540	0.00179	0.00343	0.68005	0.00366	0.00358
21	0.02867	0.03047	0.04293	0.02678	0.04372	0.07520	0.03244	0.35306	0.13853	0.03313	0.08248	0.01255	0.02121	0.00496	0.00390	0.00119	0.00412	0.00397	0.05490	0.00579
22	0.00580	0.00429	0.00510	0.00533	0.00635	0.00399	0.00400	0.00755	0.05971	0.04008	0.11165	0.28496	0.32948	0.01021	0.00483	0.00147	0.00240	0.10532	0.00381	0.00368
23	0.00486	0.00346	0.00459	0.00549	0.00571	0.00324	0.00364	0.00553	0.00754	0.01005	0.02159	0.83477	0.02589	0.03617	0.00548	0.00167	0.00234	0.01112	0.00364	0.00320
24	0.00650	0.00544	0.00783	0.00736	0.00782	0.00687	0.00582	0.00768	0.00625	0.00920	0.00925	0.01432	0.00890	0.07530	0.56442	0.00494	0.24225	0.00413	0.00203	0.00369
25	0.03079	0.14327	0.10046	0.03474	0.03136	0.11080	0.03310	0.27389	0.12106	0.05731	0.02006	0.00980	0.00725	0.00438	0.00369	0.00116	0.00467	0.00335	0.00300	0.00586
26	0.01249	0.01409	0.01296	0.06543	0.29756	0.43723	0.00941	0.03435	0.01028	0.02869	0.00689	0.00852	0.00567	0.00403	0.00408	0.00113	0.03679	0.00304	0.00210	0.00526
27	0.77017	0.03711	0.02161	0.00615	0.02901	0.05850	0.00496	0.01194	0.00714	0.01682	0.00563	0.00660	0.00443	0.00369	0.00258	0.00120	0.00344	0.00222	0.00238	0.00442
28	0.00574	0.00383	0.00433	0.00436	0.00436	0.00383	0.00244	0.00576	0.00582	0.00776	0.01275	0.04925	0.01475	0.83690	0.01976	0.00378	0.00380	0.00592	0.00244	0.00243
29	0.01170	0.05751	0.07338	0.02620	0.10037	0.19964	0.02225	0.20490	0.07416	0.04448	0.02727	0.01217	0.07469	0.00535	0.02296	0.00127	0.00493	0.00375	0.00288	0.03013
30	0.00557	0.00405	0.00525	0.00495	0.00590	0.00373	0.00371	0.00741	0.01113	0.01569	0.80150	0.02997	0.06987	0.00818	0.00468	0.00125	0.00188	0.00722	0.00434	0.00373
31	0.00822	0.00705	0.00822	0.00587	0.00940	0.00529	0.00470	0.00998	0.00822	0.01292	0.00705	0.00822	0.00587	0.00294	0.00294	0.00059	0.00294	0.00235	0.00235	0.88490
32	0.00865	0.01273	0.29687	0.13241	0.11492	0.00909	0.18743	0.01297	0.10294	0.02665	0.01933	0.01155	0.03797	0.00417	0.00409	0.00129	0.00528	0.00392	0.00223	0.00554
33	0.00894	0.00702	0.00830	0.00596	0.00945	0.00533	0.00478	0.01069	0.00846	0.07519	0.00770	0.00862	0.00617	0.00308	0.00302	0.00064	0.00297	0.00247	0.00254	0.81868
34	0.00570	0.00399	0.00512	0.00514	0.00542	0.00425	0.00342	0.00626	0.00605	0.00834	0.01204	0.04551	0.01303	0.51890	0.33518	0.00475	0.00639	0.00534	0.00233	0.00286
35	0.02735	0.73980	0.01873	0.00661	0.00974	0.01420	0.00639	0.01190	0.00807	0.05787	0.00657	0.00808	0.00597	0.06032	0.00380	0.00108	0.00414	0.00247	0.00195	0.00499
36	0.00995	0.00999	0.00839	0.00773	0.00906	0.30143	0.00594	0.05616	0.00932	0.02286	0.06346	0.01262	0.00955	0.01329	0.28143	0.02293	0.05544	0.00368	0.09261	0.00417
37	0.01481	0.01075	0.01159	0.00896	0.01205	0.01185	0.00737	0.75667	0.04500	0.05002	0.01015	0.02466	0.00736	0.00492	0.00399	0.00120	0.00426	0.00375	0.00399	0.00667
38	0.00749	0.00705	0.01189	0.85113	0.02731	0.00881	0.01101	0.01013	0.00793	0.01013	0.00705	0.01057	0.00529	0.00396	0.00396	0.00132	0.00529	0.00352	0.00176	0.00440
39	0.00867	0.00867	0.01214	0.01041	0.01041	0.01214	0.00867	0.00954	0.00607	0.00954	0.00520	0.00867	0.00520	0.00694	0.01301	0.00173	0.85340	0.00347	0.00173	0.00434
40	0.00841	0.00459	0.00531	0.00504	0.00639	0.00439	0.00397	0.03012	0.02836	0.13255	0.06527	0.05575	0.13570	0.00676	0.00381	0.00120	0.00242	0.10227	0.39346	0.00420
41	0.00523	0.00399	0.00481	0.00470	0.00572	0.00357	0.00349	0.00671	0.01019	0.01367	0.49826	0.09901	0.30802	0.00911	0.00471	0.00131	0.00195	0.00791	0.00408	0.00357
42	0.00523	0.00383	0.00496	0.00546	0.00610	0.00356	0.00400	0.00642	0.00890	0.01190	0.22824	0.43274	0.12769	0.01083	0.00498	0.00152	0.00235	0.12402	0.00385	0.00343
43	0.00639	0.00456	0.00639	0.00730	0.00821	0.00456	0.00639	0.00821	0.00913	0.01187	0.02099	0.04472	0.02282	0.01095	0.00548	0.00183	0.00365	0.80924	0.00365	0.00365
44	0.03010	0.06070	0.70033	0.01145	0.01692	0.00960	0.09180	0.01251	0.00841	0.01254	0.00708	0.00845	0.00510	0.00371	0.00376	0.00124	0.00579	0.00304	0.00173	0.00573
45	0.00600	0.00404	0.00585	0.06325	0.00740	0.00430	0.00449	0.00612	0.00660	0.00891	0.01369	0.35895	0.01535	0.02891	0.10212	0.29585	0.04230	0.02037	0.00262	0.00288
46	0.00477	0.00402	0.00413	0.00410	0.00540	0.00338	0.00308	0.00585	0.00923	0.01116	0.10893	0.03742	0.76527	0.00987	0.00469	0.00133	0.00200	0.00826	0.00374	0.00338
47	0.00974	0.26674	0.10324	0.16870	0.23195	0.08758	0.01999	0.01192	0.00868	0.01101	0.01653	0.00905	0.01511	0.00376	0.00348	0.00109	0.00495	0.00304	0.00188	0.02157
48	0.88866	0.00767	0.00583	0.00521	0.00767	0.00889	0.00429	0.01166	0.00675	0.01779	0.00552	0.00644	0.00429	0.00368	0.00245	0.00123	0.00307	0.00215	0.00245	0.00429
49	0.00554	0.00399	0.00503	0.00507	0.00552	0.00413	0.00346	0.00624	0.00664	0.00895	0.03908	0.06926	0.11661	0.39986	0.29915	0.00420	0.00579	0.00591	0.00259	0.00299
50	0.00839	0.00726	0.00867	0.00633	0.00976	0.00580	0.02537	0.01100	0.07848	0.01323	0.00785	0.00885	0.00641	0.00316	0.00307	0.00067	0.00305	0.00259	0.00248	0.78759
51	0.00635	0.00454	0.00634	0.00726	0.00815	0.00453	0.00632	0.00815	0.00909	0.01182	0.02101	0.06499	0.02290	0.01099	0.00547	0.00182	0.00362	0.78935	0.00365	0.00364
52	0.00816	0.00772	0.01297	0.61187	0.24548	0.00899	0.01123	0.01089	0.02366	0.01101	0.00733	0.01045	0.00568	0.00387	0.00395	0.00128	0.00509	0.00354	0.00186	0.00495
53	0.00974	0.00987	0.01442	0.34519	0.01981	0.12078	0.19786	0.04092	0.00890	0.04109	0.00724	0.00990	0.00563	0.00439	0.00558	0.00135	0.14681	0.00367	0.00204	0.00481
54	0.00505	0.00361	0.00485	0.00574	0.00608	0.00341	0.00404	0.00592	0.00787	0.01048	0.04020	0.73269	0.02603	0.01213	0.00511	0.00163	0.00247	0.11571	0.00369	0.00329
55	0.02900	0.00768	0.01215	0.64490	0.14926	0.03477	0.01068	0.01054	0.00811	0.01069	0.00719	0.01045	0.00559	0.00491	0.03719	0.00149	0.00541	0.00349	0.00183	0.00466
56	0.01001	0.04009	0.14180	0.07227	0.38935	0.04441	0.04178	0.09462	0.08068	0.01391	0.00880	0.01933	0.01705	0.00407	0.00391	0.00121	0.00486	0.00362	0.00232	0.00592
57	0.03593	0.00844	0.01174	0.01035	0.02813	0.01162	0.00843	0.00954	0.00617	0.00986	0.00554	0.00898	0.00544	0.00792	0.05454	0.00194	0.76585	0.00347	0.00178	0.00434
58	0.01081	0.07287	0.01305	0.04198	0.30400	0.13158	0.02387	0.09732	0.00986	0.04699	0.00799	0.01040	0.00676	0.06060	0.03480	0.00147	0.03858	0.00340	0.00234	0.08133

[dist]
# distance from previous block
# <min> <max>
0	4

[block]
# block no. 4 follows, 68 sequences, length 37
# corresponding to MSA columns:
# 245-281
name=unknown_E
#
# <colnr> <probs for GDERKNQSTAVLIFYWHMCP>
#	G	D	E	R	K	N	Q	S	T	A	V	L	I	F	Y	W	H	M	C	P
0	0.01360	0.17696	0.01356	0.00998	0.03551	0.52024	0.03677	0.06953	0.02726	0.03886	0.00685	0.00775	0.00558	0.00405	0.00362	0.00104	0.01883	0.00274	0.00223	0.00501
1	0.00561	0.00442	0.00609	0.00658	0.04202	0.00467	0.00464	0.00677	0.00757	0.01032	0.07640	0.25187	0.15157	0.03926	0.31481	0.00334	0.05052	0.00703	0.00295	0.00357
2	0.00952	0.05740	0.03917	0.07204	0.33721	0.00809	0.00865	0.03295	0.00893	0.04853	0.00756	0.00917	0.00611	0.00343	0.00347	0.00095	0.00402	0.00301	0.00225	0.33754
3	0.05674	0.00924	0.03584	0.06301	0.68041	0.00912	0.01130	0.01198	0.02607	0.01303	0.00807	0.04280	0.00699	0.00395	0.00389	0.00121	0.00455	0.00376	0.00208	0.00595
4	0.00483	0.00345	0.00460	0.00552	0.00575	0.00322	0.00368	0.00552	0.00759	0.01012	0.02185	0.85807	0.02622	0.01242	0.00506	0.00161	0.00230	0.01127	0.00368	0.00322
5	0.00566	0.00425	0.00637	0.00637	0.00708	0.00496	0.00496	0.00708	0.00637	0.00920	0.01062	0.01558	0.00991	0.02974	0.84494	0.00637	0.01062	0.00425	0.00212	0.00354
6	0.01408	0.01082	0.01097	0.00866	0.01150	0.06632	0.00705	0.65203	0.06351	0.02260	0.00997	0.01013	0.00724	0.00474	0.00384	0.00116	0.00426	0.00357	0.08124	0.00631
7	0.06956	0.60219	0.12710	0.00819	0.01185	0.03514	0.07559	0.01212	0.00820	0.01061	0.00595	0.00701	0.00510	0.00347	0.00290	0.00097	0.00465	0.00245	0.00178	0.00514
8	0.00483	0.00345	0.00460	0.00552	0.00575	0.00322	0.00368	0.00552	0.00759	0.01012	0.02185	0.85807	0.02622	0.01242	0.00506	0.00161	0.00230	0.01127	0.00368	0.00322
9	0.00639	0.00456	0.00639	0.00730	0.00821	0.00456	0.00639	0.00821	0.00913	0.01187	0.02099	0.04472	0.02282	0.01095	0.00548	0.00183	0.00365	0.80924	0.00365	0.00365
10	0.03731	0.01035	0.02321	0.07272	0.28224	0.19394	0.05907	0.03054	0.02966	0.04180	0.00931	0.06826	0.00798	0.00455	0.00379	0.00117	0.00477	0.00393	0.11027	0.00515
11	0.00577	0.00384	0.00432	0.00432	0.00432	0.00384	0.00240	0.00577	0.00577	0.00769	0.01249	0.02595	0.01441	0.86066	0.02018	0.00384	0.00384	0.00577	0.00240	0.00240
12	0.00652	0.00439	0.00483	0.00455	0.00609	0.00373	0.00351	0.00766	0.00947	0.12076	0.08282	0.03454	0.65961	0.00927	0.00461	0.00133	0.00222	0.02638	0.00388	0.00383
13	0.00558	0.00403	0.00527	0.00501	0.00592	0.00372	0.00374	0.00740	0.01108	0.01567	0.80178	0.06232	0.03697	0.00828	0.00469	0.00126	0.00189	0.00733	0.00434	0.00372
14	0.01013	0.03401	0.03412	0.13353	0.50910	0.12513	0.07272	0.01244	0.00917	0.01199	0.00720	0.00949	0.00590	0.00365	0.00390	0.00118	0.00529	0.00343	0.00194	0.00568
15	0.00483	0.00345	0.00460	0.00552	0.00575	0.00322	0.00368	0.00552	0.00759	0.01012	0.02185	0.85807	0.02622	0.01242	0.00506	0.00161	0.00230	0.01127	0.00368	0.00322
16	0.16558	0.00690	0.00863	0.00674	0.00971	0.00635	0.00557	0.01802	0.01057	0.69936	0.01392	0.01230	0.00888	0.00470	0.00373	0.00123	0.00332	0.00367	0.00449	0.00633
17	0.01349	0.04061	0.01176	0.01180	0.13357	0.64518	0.00800	0.01477	0.01064	0.01049	0.00673	0.00800	0.00559	0.00402	0.00355	0.00103	0.00638	0.00276	0.05684	0.00480
18	0.01148	0.01104	0.04205	0.00988	0.01130	0.13716	0.00828	0.19563	0.01008	0.05835	0.00704	0.00898	0.00585	0.00610	0.02020	0.00152	0.44413	0.00337	0.00246	0.00510
19	0.88866	0.00767	0.00583	0.00521	0.00767	0.00889	0.00429	0.01166	0.00675	0.01779	0.00552	0.00644	0.00429	0.00368	0.00245	0.00123	0.00307	0.00215	0.00245	0.00429
20	0.00486	0.00349	0.00463	0.00552	0.00580	0.00325	0.00372	0.00558	0.00766	0.01017	0.02228	0.82043	0.04563	0.01233	0.00506	0.00161	0.00232	0.02873	0.00368	0.00323
21	0.00469	0.00402	0.00402	0.00402	0.00536	0.00335	0.00301	0.00569	0.00904	0.01071	0.04017	0.03816	0.83432	0.01004	0.00469	0.00134	0.00201	0.00837	0.00368	0.00335
22	0.00867	0.00867	0.01214	0.01041	0.01041	0.01214	0.00867	0.00954	0.00607	0.00954	0.00520	0.00867	0.00520	0.00694	0.01301	0.00173	0.85340	0.00347	0.00173	0.00434
23	0.00739	0.00370	0.00370	0.00370	0.00462	0.00370	0.00277	0.00924	0.00831	0.01478	0.01293	0.01478	0.01016	0.00462	0.00277	0.00092	0.00185	0.00370	0.88267	0.00370
24	0.01060	0.86304	0.02078	0.00678	0.01018	0.01569	0.00678	0.01187	0.00806	0.00933	0.00551	0.00636	0.00509	0.00339	0.00254	0.00085	0.00424	0.00212	0.00170	0.00509
25	0.00575	0.00393	0.00474	0.00474	0.00489	0.00407	0.00293	0.00604	0.00589	0.00800	0.01211	0.02382	0.01349	0.69006	0.18951	0.00436	0.00524	0.00545	0.00235	0.00264
26	0.01481	0.01890	0.01124	0.01021	0.01226	0.84474	0.00766	0.01583	0.01124	0.00970	0.00613	0.00715	0.00511	0.00409	0.00358	0.00102	0.00715	0.00255	0.00204	0.00460
27	0.00795	0.02051	0.84011	0.01130	0.01716	0.00921	0.01465	0.01256	0.00837	0.01256	0.00712	0.00837	0.00502	0.00377	0.00377	0.00126	0.00586	0.00293	0.00167	0.00586
28	0.00575	0.00390	0.00461	0.00461	0.00470	0.00400	0.00275	0.00595	0.00585	0.00790	0.01224	0.02453	0.01380	0.74678	0.13322	0.00419	0.00477	0.00556	0.00236	0.00256
29	0.01481	0.01890	0.01124	0.01021	0.01226	0.84474	0.00766	0.01583	0.01124	0.00970	0.00613	0.00715	0.00511	0.00409	0.00358	0.00102	0.00715	0.00255	0.00204	0.00460
30	0.00473	0.00402	0.00408	0.00406	0.00538	0.00337	0.00305	0.00578	0.00915	0.01097	0.07946	0.03773	0.79486	0.00995	0.00469	0.00133	0.00200	0.00831	0.00372	0.00337
31	0.00577	0.00433	0.00555	0.00617	0.00718	0.00411	0.00518	0.00728	0.00902	0.01141	0.02711	0.08462	0.27998	0.01074	0.00520	0.00166	0.00306	0.51444	0.00366	0.00353
32	0.00478	0.00403	0.00414	0.00414	0.00545	0.00340	0.00313	0.00585	0.00917	0.01105	0.08798	0.03778	0.76887	0.00994	0.00470	0.00134	0.00203	0.02510	0.00372	0.00338
33	0.00860	0.00811	0.01357	0.27390	0.49887	0.00859	0.01086	0.01095	0.00883	0.01217	0.06059	0.01261	0.04672	0.00426	0.00402	0.00123	0.00458	0.00398	0.00213	0.00541
34	0.01116	0.50948	0.16329	0.00839	0.01192	0.19875	0.00838	0.02907	0.00903	0.01030	0.00601	0.00695	0.00511	0.00364	0.00302	0.00097	0.00518	0.00239	0.00181	0.00515
35	0.01000	0.21343	0.24929	0.05266	0.12531	0.08281	0.03230	0.06595	0.02074	0.02475	0.00807	0.00924	0.02923	0.00391	0.00352	0.00109	0.00497	0.00307	0.00209	0.05756
36	0.08220	0.06948	0.14517	0.00741	0.01974	0.03156	0.00677	0.10033	0.05866	0.03924	0.17533	0.06730	0.05226	0.00562	0.00393	0.00116	0.01423	0.00455	0.00308	0.11198

[dist]
# distance from previous block
# <min> <max>
2	20

[block]
# block no. 5 follows, 68 sequences, length 44
# corresponding to MSA columns:
# 302-345
name=unknown_F
#
# <colnr> <probs for GDERKNQSTAVLIFYWHMCP>
#	G	D	E	R	K	N	Q	S	T	A	V	L	I	F	Y	W	H	M	C	P
0	0.02793	0.42225	0.28718	0.02411	0.04859	0.04051	0.03487	0.01245	0.03104	0.01112	0.00657	0.00767	0.00534	0.00360	0.00318	0.00104	0.00490	0.00263	0.00182	0.02319
1	0.00790	0.06998	0.06708	0.03668	0.02446	0.02175	0.02245	0.06979	0.02402	0.01239	0.02292	0.11958	0.01133	0.14713	0.05720	0.00186	0.00394	0.00473	0.16428	0.11054
2	0.46998	0.37253	0.02907	0.00616	0.00907	0.03774	0.00567	0.01190	0.00748	0.01383	0.00557	0.00647	0.00467	0.00357	0.00255	0.00106	0.00375	0.00216	0.00210	0.00467
3	0.00576	0.00386	0.00442	0.00442	0.00445	0.00390	0.00252	0.00583	0.00579	0.00776	0.01241	0.02547	0.01421	0.82210	0.05845	0.00396	0.00416	0.00570	0.00239	0.00246
4	0.00550	0.00416	0.00509	0.00486	0.00591	0.00381	0.00364	0.00740	0.03357	0.01459	0.60884	0.04721	0.22362	0.00857	0.00467	0.00128	0.00195	0.00746	0.00418	0.00371
5	0.00561	0.00405	0.00530	0.00499	0.00592	0.00374	0.00374	0.00748	0.01122	0.01590	0.83383	0.02962	0.03741	0.00811	0.00468	0.00125	0.00187	0.00717	0.00436	0.00374
6	0.00469	0.00402	0.00402	0.00402	0.00536	0.00335	0.00301	0.00569	0.00904	0.01071	0.04017	0.03816	0.83432	0.01004	0.00469	0.00134	0.00201	0.00837	0.00368	0.00335
7	0.01060	0.86304	0.02078	0.00678	0.01018	0.01569	0.00678	0.01187	0.00806	0.00933	0.00551	0.00636	0.00509	0.00339	0.00254	0.00085	0.00424	0.00212	0.00170	0.00509
8	0.00577	0.00384	0.00432	0.00432	0.00432	0.00384	0.00240	0.00577	0.00577	0.00769	0.01249	0.02595	0.01441	0.86066	0.02018	0.00384	0.00384	0.00577	0.00240	0.00240
9	0.00822	0.00705	0.00822	0.00587	0.00940	0.00529	0.00470	0.00998	0.00822	0.01292	0.00705	0.00822	0.00587	0.00294	0.00294	0.00059	0.00294	0.00235	0.00235	0.88490
10	0.00936	0.01070	0.02340	0.01671	0.02072	0.01003	0.82152	0.01270	0.00936	0.01270	0.00802	0.01070	0.00602	0.00334	0.00468	0.00134	0.00668	0.00468	0.00201	0.00535
