[name]
unknown

[dist]
# distance from previous block
# <min> <max>
0	19

[block]
# block no. 0 follows, 72 sequences, length 11
# corresponding to MSA columns:
# 24-34
name=unknown_A
#
# <colnr> <probs for GDERKNQSTAVLIFYWHMCP>
#	G	D	E	R	K	N	Q	S	T	A	V	L	I	F	Y	W	H	M	C	P
0	0.06791	0.00801	0.00956	0.09073	0.01182	0.00817	0.00666	0.11527	0.13409	0.24641	0.05918	0.09676	0.01335	0.03603	0.03494	0.00184	0.03006	0.01896	0.00415	0.00607
1	0.00953	0.00766	0.00906	0.07421	0.08023	0.06179	0.00652	0.17596	0.14147	0.05959	0.03850	0.01307	0.00936	0.05127	0.24167	0.00267	0.00577	0.00390	0.00286	0.00489
2	0.01128	0.00797	0.00881	0.03136	0.03252	0.07816	0.00607	0.21165	0.09976	0.18574	0.01314	0.08128	0.04445	0.00863	0.11669	0.00185	0.00460	0.02674	0.00341	0.02587
3	0.07595	0.00746	0.00854	0.02480	0.04900	0.02100	0.00587	0.19969	0.17062	0.11374	0.07754	0.12740	0.01238	0.00627	0.02400	0.00133	0.01545	0.00473	0.00348	0.05076
4	0.04598	0.00811	0.01055	0.00913	0.07279	0.04425	0.08372	0.14376	0.08314	0.36745	0.02578	0.03628	0.04175	0.00483	0.00387	0.00119	0.00379	0.00410	0.00372	0.00581
5	0.03509	0.00714	0.00903	0.07900	0.04541	0.02972	0.02890	0.12454	0.06170	0.24258	0.03516	0.14339	0.01097	0.00586	0.01829	0.00125	0.00360	0.00465	0.00340	0.11035
6	0.00963	0.00945	0.04562	0.04913	0.72299	0.00919	0.01136	0.07340	0.00927	0.01316	0.00726	0.00934	0.00597	0.00349	0.00375	0.00113	0.00454	0.00336	0.00201	0.00597
7	0.01190	0.01020	0.01036	0.00902	0.04464	0.12518	0.02911	0.26387	0.34087	0.05970	0.01126	0.01098	0.00835	0.00455	0.00374	0.00116	0.00404	0.00363	0.00342	0.04402
8	0.00474	0.00348	0.00444	0.00515	0.00558	0.00322	0.00358	0.00551	0.00753	0.00982	0.02328	0.64444	0.15210	0.03944	0.00529	0.00159	0.00230	0.07193	0.00348	0.00311
9	0.00921	0.00824	0.01078	0.03681	0.28426	0.00906	0.00790	0.01661	0.51192	0.01452	0.04105	0.01296	0.01040	0.00462	0.00384	0.00123	0.00351	0.00405	0.00316	0.00587
10	0.00463	0.00385	0.00404	0.00399	0.00521	0.00326	0.00299	0.00572	0.00898	0.01105	0.16827	0.03518	0.71117	0.00931	0.00448	0.00127	0.00190	0.00782	0.00363	0.00326

[dist]
# distance from previous block
# <min> <max>
0	10

[block]
# block no. 1 follows, 72 sequences, length 21
# corresponding to MSA columns:
# 45-65
name=unknown_B
#
# <colnr> <probs for GDERKNQSTAVLIFYWHMCP>
#	G	D	E	R	K	N	Q	S	T	A	V	L	I	F	Y	W	H	M	C	P
0	0.86342	0.00730	0.00568	0.00505	0.00741	0.00841	0.00416	0.01140	0.00661	0.04546	0.00561	0.00639	0.00429	0.00356	0.00240	0.00117	0.00294	0.00211	0.00243	0.00419
1	0.00462	0.00330	0.00440	0.00528	0.00550	0.00308	0.00352	0.00528	0.00726	0.00968	0.02090	0.86424	0.02508	0.01188	0.00484	0.00154	0.00220	0.01078	0.00352	0.00308
2	0.00448	0.00384	0.00384	0.00384	0.00512	0.00320	0.00288	0.00544	0.00864	0.01025	0.03842	0.03650	0.84152	0.00960	0.00448	0.00128	0.00192	0.00800	0.00352	0.00320
3	0.00859	0.00672	0.00794	0.00571	0.00904	0.00510	0.00458	0.01026	0.00810	0.07882	0.00740	0.00827	0.00592	0.00296	0.00289	0.00061	0.00284	0.00237	0.00244	0.81944
4	0.89350	0.00733	0.00557	0.00499	0.00733	0.00851	0.00411	0.01115	0.00645	0.01702	0.00528	0.00616	0.00411	0.00352	0.00235	0.00117	0.00293	0.00205	0.00235	0.00411
5	0.01014	0.86900	0.01987	0.00649	0.00973	0.01501	0.00649	0.01136	0.00771	0.00892	0.00527	0.00608	0.00487	0.00324	0.00243	0.00081	0.00406	0.00203	0.00162	0.00487
6	0.89350	0.00733	0.00557	0.00499	0.00733	0.00851	0.00411	0.01115	0.00645	0.01702	0.00528	0.00616	0.00411	0.00352	0.00235	0.00117	0.00293	0.00205	0.00235	0.00411
7	0.00452	0.00384	0.00390	0.00389	0.00515	0.00322	0.00291	0.00552	0.00874	0.01048	0.07608	0.03612	0.80372	0.00952	0.00448	0.00128	0.00191	0.00795	0.00355	0.00322
8	0.89350	0.00733	0.00557	0.00499	0.00733	0.00851	0.00411	0.01115	0.00645	0.01702	0.00528	0.00616	0.00411	0.00352	0.00235	0.00117	0.00293	0.00205	0.00235	0.00411
9	0.00844	0.00805	0.01369	0.37779	0.49594	0.00876	0.01117	0.01081	0.00819	0.01124	0.00697	0.00969	0.00560	0.00355	0.00377	0.00118	0.00474	0.00338	0.00180	0.00524
10	0.00761	0.01962	0.84707	0.01081	0.01641	0.00881	0.01401	0.01201	0.00801	0.01201	0.00681	0.00801	0.00480	0.00360	0.00360	0.00120	0.00560	0.00280	0.00160	0.00560
11	0.00537	0.00388	0.00507	0.00477	0.00567	0.00358	0.00358	0.00716	0.01074	0.01521	0.84106	0.02833	0.03578	0.00775	0.00447	0.00119	0.00179	0.00686	0.00417	0.00358
12	0.00464	0.00387	0.00407	0.00417	0.00538	0.00330	0.00320	0.00566	0.00861	0.01033	0.03618	0.06357	0.74054	0.00976	0.00456	0.00133	0.00207	0.08200	0.00352	0.00322
13	0.00786	0.00674	0.00786	0.00562	0.00899	0.00506	0.00449	0.00955	0.00786	0.01236	0.00674	0.00786	0.00562	0.00281	0.00281	0.00056	0.00281	0.00225	0.00225	0.88990
14	0.01632	0.00672	0.00887	0.00686	0.00973	0.00605	0.00565	0.06968	0.03959	0.74602	0.03369	0.01307	0.00989	0.00477	0.00383	0.00118	0.00325	0.00388	0.00460	0.00637
15	0.89350	0.00733	0.00557	0.00499	0.00733	0.00851	0.00411	0.01115	0.00645	0.01702	0.00528	0.00616	0.00411	0.00352	0.00235	0.00117	0.00293	0.00205	0.00235	0.00411
16	0.00831	0.00806	0.01419	0.29119	0.39573	0.00857	0.11621	0.01071	0.00842	0.01161	0.06517	0.01103	0.00772	0.00386	0.00410	0.00121	0.02308	0.00376	0.00198	0.00510
17	0.01061	0.00829	0.01559	0.06490	0.10477	0.00788	0.38775	0.03171	0.00935	0.22000	0.01067	0.09232	0.00851	0.00449	0.00421	0.00126	0.00487	0.00470	0.00279	0.00533
18	0.00521	0.00387	0.00485	0.00461	0.00557	0.00351	0.00345	0.00685	0.01036	0.01433	0.69859	0.02978	0.17880	0.00808	0.00447	0.00121	0.00181	0.00706	0.00406	0.00351
19	0.00462	0.00330	0.00440	0.00528	0.00550	0.00308	0.00352	0.00528	0.00726	0.00968	0.02090	0.86424	0.02508	0.01188	0.00484	0.00154	0.00220	0.01078	0.00352	0.00308
20	0.00832	0.06024	0.66792	0.01103	0.01609	0.06793	0.09255	0.01221	0.00828	0.01168	0.00675	0.00805	0.00491	0.00357	0.00362	0.00117	0.00569	0.00290	0.00166	0.00544

[dist]
# distance from previous block
# <min> <max>
2	8

[block]
# block no. 2 follows, 72 sequences, length 33
# corresponding to MSA columns:
# 74-106
name=unknown_C
#
# <colnr> <probs for GDERKNQSTAVLIFYWHMCP>
#	G	D	E	R	K	N	Q	S	T	A	V	L	I	F	Y	W	H	M	C	P
0	0.03618	0.09425	0.01011	0.00787	0.00867	0.04155	0.00642	0.05586	0.00700	0.01002	0.00764	0.04700	0.00756	0.08395	0.18623	0.00260	0.37727	0.00378	0.00202	0.00400
1	0.51346	0.25850	0.01073	0.00643	0.02475	0.08319	0.01810	0.02749	0.00749	0.01397	0.00548	0.00638	0.00450	0.00349	0.00255	0.00105	0.00370	0.00217	0.00212	0.00445
2	0.00462	0.00340	0.00433	0.00504	0.00545	0.00311	0.00342	0.00536	0.00757	0.00992	0.04535	0.71249	0.15323	0.01142	0.00477	0.00149	0.00215	0.01024	0.00354	0.00311
3	0.01029	0.06095	0.01556	0.06631	0.42669	0.09007	0.15050	0.06621	0.02371	0.04230	0.00752	0.00932	0.00598	0.00357	0.00378	0.00113	0.00496	0.00343	0.00213	0.00557
4	0.00551	0.00368	0.00417	0.00416	0.00418	0.00367	0.00234	0.00557	0.00568	0.00760	0.03828	0.02493	0.01449	0.83943	0.01883	0.00360	0.00362	0.00556	0.00236	0.00234
5	0.01031	0.22356	0.29156	0.01088	0.09260	0.22671	0.04877	0.03380	0.00900	0.01091	0.00632	0.00751	0.00504	0.00358	0.00333	0.00104	0.00544	0.00267	0.00180	0.00515
6	0.00550	0.00374	0.00447	0.00447	0.00458	0.00386	0.00271	0.00573	0.00561	0.00760	0.01165	0.02315	0.01306	0.72559	0.15943	0.00408	0.00477	0.00527	0.00225	0.00248
7	0.00533	0.00488	0.04440	0.00507	0.00643	0.00401	0.02285	0.00723	0.03943	0.01286	0.40799	0.06085	0.34813	0.00824	0.00443	0.00125	0.00218	0.00712	0.00371	0.00363
8	0.01021	0.43135	0.12761	0.00806	0.01112	0.17157	0.01947	0.01204	0.02465	0.00987	0.00592	0.00701	0.00507	0.00369	0.00364	0.00096	0.07102	0.00241	0.00178	0.07256
9	0.00508	0.00342	0.00456	0.00534	0.00566	0.00317	0.00360	0.00577	0.00740	0.04088	0.02068	0.83247	0.02450	0.01161	0.00480	0.00153	0.00224	0.01052	0.00356	0.00321
10	0.00881	0.29770	0.14815	0.01117	0.10809	0.02059	0.18787	0.01106	0.00806	0.01071	0.00781	0.03807	0.02638	0.00473	0.03321	0.00125	0.03305	0.00341	0.00187	0.03802
11	0.01702	0.00645	0.00880	0.00675	0.00968	0.00557	0.00557	0.01848	0.01085	0.84568	0.01496	0.01291	0.00939	0.00469	0.00381	0.00117	0.00323	0.00381	0.00469	0.00645
12	0.89350	0.00733	0.00557	0.00499	0.00733	0.00851	0.00411	0.01115	0.00645	0.01702	0.00528	0.00616	0.00411	0.00352	0.00235	0.00117	0.00293	0.00205	0.00235	0.00411
13	0.00594	0.00356	0.00464	0.00464	0.00470	0.00362	0.00292	0.00540	0.00533	0.00717	0.00962	0.01855	0.01049	0.44585	0.09212	0.36274	0.00410	0.00449	0.00201	0.00213
14	0.03715	0.08849	0.50850	0.01193	0.03537	0.00954	0.23238	0.01196	0.00820	0.01196	0.00687	0.00841	0.00507	0.00346	0.00370	0.00119	0.00557	0.00318	0.00172	0.00537
15	0.00779	0.00626	0.00739	0.00701	0.00821	0.00719	0.00534	0.01313	0.38388	0.04192	0.01553	0.28031	0.01479	0.00859	0.04836	0.00164	0.10693	0.00616	0.02488	0.00468
16	0.00552	0.00368	0.00414	0.00414	0.00414	0.00368	0.00230	0.00552	0.00552	0.00735	0.01195	0.02482	0.01379	0.86672	0.01930	0.00368	0.00368	0.00552	0.00230	0.00230
17	0.00811	0.00814	0.02982	0.01551	0.33015	0.00780	0.24362	0.01094	0.07171	0.01194	0.01117	0.21187	0.01084	0.00547	0.00422	0.00128	0.00441	0.00550	0.00242	0.00505
18	0.00991	0.19659	0.10210	0.03299	0.42866	0.03942	0.06441	0.01213	0.00857	0.06025	0.00714	0.00872	0.00576	0.00346	0.00349	0.00108	0.00466	0.00309	0.00196	0.00559
19	0.00939	0.00812	0.00887	0.00789	0.00992	0.03179	0.02649	0.01849	0.69047	0.03446	0.01432	0.01374	0.01088	0.00687	0.06894	0.00165	0.02423	0.00419	0.00359	0.00570
20	0.89350	0.00733	0.00557	0.00499	0.00733	0.00851	0.00411	0.01115	0.00645	0.01702	0.00528	0.00616	0.00411	0.00352	0.00235	0.00117	0.00293	0.00205	0.00235	0.00411
21	0.00922	0.00931	0.07484	0.01279	0.27460	0.04789	0.02044	0.01509	0.35672	0.03081	0.09751	0.01322	0.01137	0.00464	0.00386	0.00120	0.00379	0.00406	0.00299	0.00564
22	0.01702	0.00645	0.00880	0.00675	0.00968	0.00557	0.00557	0.01848	0.01085	0.84568	0.01496	0.01291	0.00939	0.00469	0.00381	0.00117	0.00323	0.00381	0.00469	0.00645
23	0.00462	0.00330	0.00440	0.00528	0.00550	0.00308	0.00352	0.00528	0.00726	0.00968	0.02090	0.86424	0.02508	0.01188	0.00484	0.00154	0.00220	0.01078	0.00352	0.00308
24	0.00786	0.00674	0.00786	0.00562	0.00899	0.00506	0.00449	0.00955	0.00786	0.01236	0.00674	0.00786	0.00562	0.00281	0.00281	0.00056	0.00281	0.00225	0.00225	0.88990
25	0.05050	0.53671	0.21791	0.02497	0.01181	0.01244	0.03908	0.01145	0.01805	0.01039	0.02074	0.00770	0.01716	0.00354	0.00290	0.00097	0.00440	0.00253	0.00176	0.00497
26	0.00938	0.09795	0.49519	0.03169	0.10786	0.00951	0.03204	0.09195	0.00921	0.06959	0.00749	0.00852	0.00545	0.00370	0.00357	0.00115	0.00504	0.00298	0.00207	0.00567
27	0.00943	0.00815	0.00858	0.00772	0.00986	0.00943	0.00600	0.02015	0.83621	0.01586	0.01544	0.01415	0.01158	0.00515	0.00386	0.00129	0.00300	0.00429	0.00386	0.00600
28	0.00521	0.00385	0.00487	0.00470	0.00562	0.00351	0.00352	0.00682	0.01021	0.01413	0.66707	0.07600	0.15036	0.00829	0.00451	0.00123	0.00186	0.02070	0.00403	0.00350
29	0.00907	0.22992	0.31494	0.05101	0.17734	0.02141	0.08599	0.04692	0.00858	0.01169	0.00665	0.00812	0.00523	0.00348	0.00343	0.00109	0.00500	0.00292	0.00179	0.00541
30	0.00812	0.00551	0.02267	0.00580	0.00753	0.00501	0.02626	0.07243	0.05291	0.15319	0.27970	0.04584	0.25479	0.00739	0.00430	0.00125	0.00258	0.03649	0.00388	0.00436
31	0.00462	0.00330	0.00440	0.00528	0.00550	0.00308	0.00352	0.00528	0.00726	0.00968	0.02090	0.86424	0.02508	0.01188	0.00484	0.00154	0.00220	0.01078	0.00352	0.00308
32	0.00896	0.00885	0.01583	0.15196	0.55228	0.00903	0.15422	0.01162	0.02771	0.01201	0.00736	0.00976	0.00594	0.00345	0.00389	0.00118	0.00489	0.00359	0.00190	0.00557

[dist]
# distance from previous block
# <min> <max>
0	1

[block]
# block no. 3 follows, 72 sequences, length 45
# corresponding to MSA columns:
# 108-152
name=unknown_D
#
# <colnr> <probs for GDERKNQSTAVLIFYWHMCP>
#	G	D	E	R	K	N	Q	S	T	A	V	L	I	F	Y	W	H	M	C	P
0	0.00944	0.12523	0.31576	0.03870	0.11352	0.05744	0.18246	0.09047	0.00932	0.01260	0.00699	0.00849	0.00532	0.00356	0.00367	0.00114	0.00535	0.00318	0.00194	0.00542
1	0.00717	0.00373	0.00375	0.00371	0.00465	0.00378	0.00279	0.00931	0.04279	0.01421	0.01250	0.01414	0.00980	0.00445	0.00270	0.00090	0.00182	0.00357	0.85059	0.00364
2	0.00974	0.42176	0.03584	0.01105	0.01455	0.05194	0.38164	0.01191	0.00842	0.01047	0.00642	0.00804	0.00527	0.00326	0.00343	0.00104	0.00528	0.00318	0.00177	0.00497
3	0.77338	0.00702	0.00567	0.00502	0.00731	0.00797	0.00412	0.01151	0.00686	0.07532	0.00643	0.00716	0.00485	0.00366	0.00247	0.00115	0.00288	0.00228	0.06070	0.00424
4	0.01644	0.00633	0.00862	0.00665	0.00948	0.00548	0.00548	0.01793	0.01085	0.80481	0.05562	0.01367	0.01069	0.00484	0.00385	0.00117	0.00316	0.00396	0.00467	0.00631
5	0.00462	0.00330	0.00440	0.00528	0.00550	0.00308	0.00352	0.00528	0.00726	0.00968	0.02090	0.86424	0.02508	0.01188	0.00484	0.00154	0.00220	0.01078	0.00352	0.00308
6	0.00552	0.00368	0.00414	0.00414	0.00414	0.00368	0.00230	0.00552	0.00552	0.00735	0.01195	0.02482	0.01379	0.86672	0.01930	0.00368	0.00368	0.00552	0.00230	0.00230
7	0.89350	0.00733	0.00557	0.00499	0.00733	0.00851	0.00411	0.01115	0.00645	0.01702	0.00528	0.00616	0.00411	0.00352	0.00235	0.00117	0.00293	0.00205	0.00235	0.00411
8	0.01702	0.00645	0.00880	0.00675	0.00968	0.00557	0.00557	0.01848	0.01085	0.84568	0.01496	0.01291	0.00939	0.00469	0.00381	0.00117	0.00323	0.00381	0.00469	0.00645
9	0.00537	0.00388	0.00507	0.00477	0.00567	0.00358	0.00358	0.00716	0.01074	0.01521	0.84106	0.02833	0.03578	0.00775	0.00447	0.00119	0.00179	0.00686	0.00417	0.00358
10	0.01147	0.01041	0.01731	0.01264	0.01611	0.01059	0.45064	0.38904	0.01304	0.01756	0.00833	0.00971	0.00607	0.00382	0.00416	0.00121	0.00537	0.00399	0.00278	0.00573
11	0.01442	0.01062	0.01138	0.00873	0.01176	0.01176	0.00721	0.83041	0.01783	0.02390	0.00911	0.00911	0.00645	0.00455	0.00379	0.00114	0.00417	0.00341	0.00379	0.00645
12	0.00786	0.00674	0.00786	0.00562	0.00899	0.00506	0.00449	0.00955	0.00786	0.01236	0.00674	0.00786	0.00562	0.00281	0.00281	0.00056	0.00281	0.00225	0.00225	0.88990
13	0.00990	0.00838	0.00884	0.00781	0.01004	0.00965	0.00612	0.09561	0.76000	0.01661	0.01485	0.01368	0.01110	0.00509	0.00385	0.00127	0.00311	0.00421	0.00385	0.00604
14	0.00957	0.00871	0.00853	0.00770	0.00976	0.07756	0.00596	0.01897	0.72144	0.01521	0.04983	0.01450	0.02494	0.00522	0.00386	0.00126	0.00325	0.00430	0.00371	0.00573
15	0.00924	0.00886	0.01512	0.07959	0.78792	0.00897	0.01156	0.01151	0.00856	0.01221	0.00711	0.00944	0.00594	0.00341	0.00376	0.00114	0.00454	0.00338	0.00186	0.00589
16	0.00537	0.00388	0.00507	0.00477	0.00567	0.00358	0.00358	0.00716	0.01074	0.01521	0.84106	0.02833	0.03578	0.00775	0.00447	0.00119	0.00179	0.00686	0.00417	0.00358
17	0.01102	0.05652	0.48495	0.00941	0.01391	0.00804	0.04412	0.01420	0.00901	0.29793	0.00956	0.00969	0.00642	0.00394	0.00365	0.00118	0.00475	0.00318	0.00268	0.00584
18	0.85022	0.00786	0.00583	0.00522	0.00755	0.05000	0.00427	0.01134	0.00667	0.01664	0.00531	0.00619	0.00415	0.00354	0.00240	0.00116	0.00313	0.00207	0.00233	0.00412
19	0.00542	0.00406	0.00610	0.00610	0.00677	0.00474	0.00474	0.00677	0.00610	0.00880	0.01016	0.01490	0.00948	0.02844	0.85169	0.00610	0.01016	0.00406	0.00203	0.00339
20	0.01416	0.01043	0.01120	0.00864	0.01160	0.01154	0.00711	0.80901	0.01756	0.02353	0.00941	0.03129	0.00693	0.00474	0.00382	0.00115	0.00412	0.00361	0.00379	0.00636
21	0.01442	0.01062	0.01138	0.00873	0.01176	0.01176	0.00721	0.83041	0.01783	0.02390	0.00911	0.00911	0.00645	0.00455	0.00379	0.00114	0.00417	0.00341	0.00379	0.00645
22	0.00786	0.00674	0.00786	0.00562	0.00899	0.00506	0.00449	0.00955	0.00786	0.01236	0.00674	0.00786	0.00562	0.00281	0.00281	0.00056	0.00281	0.00225	0.00225	0.88990
23	0.00448	0.00384	0.00384	0.00384	0.00512	0.00320	0.00288	0.00544	0.00864	0.01025	0.03842	0.03650	0.84152	0.00960	0.00448	0.00128	0.00192	0.00800	0.00352	0.00320
24	0.00537	0.00388	0.00507	0.00477	0.00567	0.00358	0.00358	0.00716	0.01074	0.01521	0.84106	0.02833	0.03578	0.00775	0.00447	0.00119	0.00179	0.00686	0.00417	0.00358
25	0.01633	0.00671	0.00955	0.00805	0.06469	0.00589	0.02518	0.01789	0.01066	0.77148	0.01428	0.01261	0.00908	0.00457	0.00383	0.00117	0.00338	0.00380	0.00444	0.00639
26	0.00462	0.00330	0.00440	0.00528	0.00550	0.00308	0.00352	0.00528	0.00726	0.00968	0.02090	0.86424	0.02508	0.01188	0.00484	0.00154	0.00220	0.01078	0.00352	0.00308
27	0.00716	0.00674	0.01138	0.85760	0.02612	0.00843	0.01053	0.00969	0.00758	0.00969	0.00674	0.01011	0.00506	0.00379	0.00379	0.00126	0.00506	0.00337	0.00169	0.00421
28	0.00926	0.00888	0.01516	0.07136	0.79597	0.00898	0.01158	0.01153	0.00857	0.01223	0.00711	0.00943	0.00595	0.00340	0.00376	0.00113	0.00454	0.00338	0.00187	0.00590
29	0.00966	0.01192	0.21169	0.01763	0.45123	0.03559	0.10223	0.05667	0.00918	0.04700	0.00750	0.00920	0.00582	0.00355	0.00379	0.00116	0.00498	0.00335	0.00204	0.00581
30	0.00523	0.00373	0.00510	0.00597	0.00646	0.00360	0.00457	0.00633	0.00786	0.01036	0.02057	0.52995	0.02376	0.01131	0.00500	0.00162	0.00273	0.33908	0.00351	0.00325
31	0.78675	0.05392	0.00726	0.00570	0.00816	0.02406	0.04491	0.01128	0.00672	0.01620	0.00541	0.00637	0.00424	0.00350	0.00248	0.00116	0.00323	0.00218	0.00228	0.00420
32	0.00466	0.00332	0.00439	0.00523	0.00544	0.00311	0.00347	0.00529	0.00719	0.00959	0.02053	0.82948	0.02462	0.04728	0.00544	0.00163	0.00226	0.01056	0.00347	0.00305
33	0.00543	0.00401	0.00583	0.00583	0.00641	0.00460	0.00441	0.00660	0.00602	0.00861	0.01040	0.01625	0.01007	0.14256	0.73837	0.00577	0.00928	0.00426	0.00207	0.00324
34	0.01702	0.00645	0.00880	0.00675	0.00968	0.00557	0.00557	0.01848	0.01085	0.84568	0.01496	0.01291	0.00939	0.00469	0.00381	0.00117	0.00323	0.00381	0.00469	0.00645
35	0.01417	0.01808	0.01075	0.00977	0.01172	0.85149	0.00733	0.01514	0.01075	0.00928	0.00586	0.00684	0.00489	0.00391	0.00342	0.00098	0.00684	0.00244	0.00195	0.00440
36	0.00516	0.00387	0.00478	0.00455	0.00554	0.00349	0.00341	0.00675	0.01024	0.01404	0.65248	0.03025	0.22509	0.00819	0.00448	0.00121	0.00182	0.00713	0.00402	0.00349
37	0.00716	0.00674	0.01138	0.85760	0.02612	0.00843	0.01053	0.00969	0.00758	0.00969	0.00674	0.01011	0.00506	0.00379	0.00379	0.00126	0.00506	0.00337	0.00169	0.00421
38	0.00786	0.00674	0.00786	0.00562	0.00899	0.00506	0.00449	0.00955	0.00786	0.01236	0.00674	0.00786	0.00562	0.00281	0.00281	0.00056	0.00281	0.00225	0.00225	0.88990
39	0.00535	0.00388	0.00504	0.00475	0.00565	0.00357	0.00356	0.00712	0.01069	0.01510	0.82292	0.02851	0.05399	0.00780	0.00447	0.00119	0.00179	0.00688	0.00416	0.00357
40	0.00933	0.00896	0.01530	0.04347	0.82329	0.00900	0.01161	0.01159	0.00861	0.01232	0.00712	0.00940	0.00598	0.00339	0.00376	0.00113	0.00452	0.00338	0.00187	0.00596
41	0.01383	0.01090	0.06606	0.00872	0.01187	0.01116	0.00753	0.71346	0.03582	0.05559	0.00935	0.00939	0.00662	0.00485	0.01592	0.00122	0.00429	0.00342	0.00366	0.00634
42	0.00533	0.00388	0.00502	0.00473	0.00564	0.00356	0.00355	0.00709	0.01065	0.01500	0.80782	0.02867	0.06915	0.00783	0.00447	0.00120	0.00179	0.00691	0.00415	0.00356
43	0.02221	0.12598	0.35833	0.01016	0.08147	0.00893	0.04878	0.06547	0.02318	0.11282	0.06333	0.03093	0.00855	0.00433	0.00364	0.00116	0.00452	0.01835	0.00245	0.00543
44	0.67400	0.01994	0.00673	0.00587	0.02878	0.02341	0.00463	0.03836	0.01901	0.06248	0.00627	0.00699	0.00479	0.00358	0.00259	0.00111	0.00311	0.00228	0.00251	0.08356

[dist]
# distance from previous block
# <min> <max>
0	3

[block]
# block no. 4 follows, 72 sequences, length 15
# corresponding to MSA columns:
# 156-170
name=unknown_E
#
# <colnr> <probs for GDERKNQSTAVLIFYWHMCP>
#	G	D	E	R	K	N	Q	S	T	A	V	L	I	F	Y	W	H	M	C	P
0	0.28349	0.37182	0.04931	0.00630	0.00904	0.03809	0.00579	0.07205	0.00811	0.04250	0.00654	0.00823	0.00564	0.07469	0.00403	0.00122	0.00381	0.00254	0.00218	0.00461
1	0.08092	0.00755	0.01237	0.51960	0.26428	0.00864	0.03246	0.01045	0.00784	0.01115	0.00676	0.00958	0.00528	0.00363	0.00368	0.00122	0.00476	0.00329	0.00180	0.00476
2	0.00910	0.00757	0.00914	0.00834	0.11823	0.03484	0.00577	0.06203	0.00885	0.06066	0.00853	0.00947	0.03697	0.00346	0.00331	0.00077	0.01857	0.00280	0.00246	0.58914
3	0.00552	0.00403	0.00510	0.00480	0.00576	0.00378	0.00361	0.00760	0.04124	0.01496	0.74958	0.02786	0.07451	0.00767	0.00441	0.00119	0.00184	0.00674	0.02618	0.00365
4	0.01014	0.86900	0.01987	0.00649	0.00973	0.01501	0.00649	0.01136	0.00771	0.00892	0.00527	0.00608	0.00487	0.00324	0.00243	0.00081	0.00406	0.00203	0.00162	0.00487
5	0.00570	0.00407	0.00564	0.00652	0.00721	0.00401	0.00540	0.00715	0.00833	0.01089	0.02031	0.26863	0.02272	0.01086	0.00513	0.00169	0.00314	0.59572	0.00350	0.00338
6	0.00543	0.00385	0.00484	0.00459	0.00552	0.00354	0.00344	0.00714	0.01032	0.01468	0.70225	0.02788	0.10441	0.00764	0.00432	0.00118	0.00180	0.00669	0.07695	0.00354
7	0.00477	0.00409	0.00411	0.00406	0.00539	0.00356	0.00306	0.00629	0.05613	0.01057	0.03710	0.03522	0.79390	0.00935	0.00445	0.00128	0.00198	0.00779	0.00354	0.00336
8	0.00588	0.00399	0.00523	0.00486	0.00584	0.00367	0.00367	0.00765	0.01074	0.05143	0.80502	0.02766	0.03463	0.00762	0.00444	0.00119	0.00185	0.00673	0.00420	0.00370
9	0.00716	0.00674	0.01138	0.85760	0.02612	0.00843	0.01053	0.00969	0.00758	0.00969	0.00674	0.01011	0.00506	0.00379	0.00379	0.00126	0.00506	0.00337	0.00169	0.00421
10	0.00761	0.01962	0.84707	0.01081	0.01641	0.00881	0.01401	0.01201	0.00801	0.01201	0.00681	0.00801	0.00480	0.00360	0.00360	0.00120	0.00560	0.00280	0.00160	0.00560
11	0.01417	0.01808	0.01075	0.00977	0.01172	0.85149	0.00733	0.01514	0.01075	0.00928	0.00586	0.00684	0.00489	0.00391	0.00342	0.00098	0.00684	0.00244	0.00195	0.00440
12	0.00943	0.00815	0.00858	0.00772	0.00986	0.00943	0.00600	0.02015	0.83621	0.01586	0.01544	0.01415	0.01158	0.00515	0.00386	0.00129	0.00300	0.00429	0.00386	0.00600
13	0.00757	0.01865	0.78447	0.07424	0.01714	0.00878	0.01375	0.01184	0.00798	0.01184	0.00680	0.00816	0.00482	0.00362	0.00362	0.00121	0.00556	0.00285	0.00161	0.00550
14	0.00992	0.80441	0.01924	0.07024	0.01096	0.01451	0.00679	0.01123	0.00770	0.00898	0.00538	0.00639	0.00488	0.00329	0.00254	0.00085	0.00413	0.00213	0.00163	0.00482

[dist]
# distance from previous block
# <min> <max>
0	1

[block]
# block no. 5 follows, 72 sequences, length 10
# corresponding to MSA columns:
# 172-181
name=unknown_F
#
# <colnr> <probs for GDERKNQSTAVLIFYWHMCP>
#	G	D	E	R	K	N	Q	S	T	A	V	L	I	F	Y	W	H	M	C	P
0	0.00461	0.00336	0.00434	0.00513	0.00546	0.00309	0.00345	0.00530	0.00741	0.00974	0.02278	0.77540	0.11271	0.01164	0.00480	0.00151	0.00217	0.01048	0.00352	0.00309
1	0.00636	0.00557	0.00659	0.00649	0.00730	0.09562	0.00502	0.00767	0.00659	0.00886	0.00970	0.01403	0.00899	0.02581	0.76064	0.00555	0.00980	0.00389	0.00202	0.00349
2	0.00476	0.00385	0.00423	0.00414	0.00529	0.00332	0.00310	0.00598	0.00930	0.01181	0.29174	0.03392	0.58722	0.00902	0.00448	0.00125	0.00188	0.00764	0.00373	0.00332
3	0.00935	0.00911	0.01597	0.02268	0.77554	0.00906	0.07870	0.01168	0.00866	0.01237	0.00718	0.00946	0.00599	0.00336	0.00381	0.00114	0.00466	0.00347	0.00188	0.00593
4	0.00764	0.03144	0.40389	0.01067	0.09050	0.00791	0.07727	0.03937	0.07161	0.01222	0.01194	0.14273	0.06562	0.00538	0.00394	0.00125	0.00451	0.00470	0.00233	0.00509
5	0.00761	0.01962	0.84707	0.01081	0.01641	0.00881	0.01401	0.01201	0.00801	0.01201	0.00681	0.00801	0.00480	0.00360	0.00360	0.00120	0.00560	0.00280	0.00160	0.00560
6	0.00818	0.00763	0.01255	0.44452	0.35119	0.00856	0.01044	0.01107	0.05761	0.01129	0.00761	0.01020	0.00598	0.00373	0.00374	0.00120	0.00460	0.00343	0.03146	0.00502
7	0.00889	0.00715	0.00775	0.00698	0.00888	0.00789	0.00544	0.11306	0.48334	0.03288	0.06613	0.08591	0.10871	0.00645	0.00408	0.00130	0.00290	0.03315	0.00381	0.00528
8	0.00544	0.00398	0.00573	0.00573	0.00632	0.00450	0.00432	0.00650	0.00608	0.00860	0.01130	0.01680	0.04087	0.13049	0.68772	0.03716	0.00881	0.00436	0.00211	0.00318
9	0.00699	0.00953	0.22036	0.00843	0.07198	0.02595	0.03766	0.01076	0.14891	0.01253	0.13158	0.02070	0.26669	0.00624	0.00407	0.00123	0.00349	0.00530	0.00296	0.00464

[dist]
# distance from previous block
# <min> <max>
1	3

[block]
# block no. 6 follows, 72 sequences, length 34
# corresponding to MSA columns:
# 185-218
name=unknown_G
#
# <colnr> <probs for GDERKNQSTAVLIFYWHMCP>
#	G	D	E	R	K	N	Q	S	T	A	V	L	I	F	Y	W	H	M	C	P
0	0.01037	0.39638	0.05036	0.00760	0.01036	0.13567	0.00676	0.01512	0.30717	0.01161	0.00909	0.00919	0.00729	0.00404	0.00314	0.00102	0.00415	0.00294	0.00248	0.00524
1	0.85516	0.04473	0.00619	0.00505	0.00744	0.00879	0.00421	0.01116	0.00651	0.01666	0.00528	0.00616	0.00414	0.00351	0.00235	0.00116	0.00298	0.00205	0.00232	0.00414
2	0.06237	0.00855	0.01135	0.01123	0.15122	0.00934	0.10830	0.06311	0.47920	0.01524	0.01223	0.01278	0.00943	0.00460	0.00386	0.00125	0.00375	0.02327	0.00318	0.00575
3	0.00843	0.00803	0.01360	0.34626	0.47537	0.00869	0.02608	0.01098	0.02786	0.01137	0.00744	0.02569	0.00612	0.00374	0.00381	0.00119	0.00468	0.00356	0.00188	0.00524
4	0.00545	0.00403	0.00511	0.00481	0.00578	0.00377	0.00361	0.00750	0.04096	0.01486	0.74969	0.02843	0.09611	0.00780	0.00445	0.00120	0.00184	0.00685	0.00411	0.00364
5	0.01702	0.00645	0.00880	0.00675	0.00968	0.00557	0.00557	0.01848	0.01085	0.84568	0.01496	0.01291	0.00939	0.00469	0.00381	0.00117	0.00323	0.00381	0.00469	0.00645
6	0.00804	0.16623	0.70428	0.01006	0.01526	0.00988	0.01271	0.01190	0.00796	0.01148	0.00654	0.00768	0.00482	0.00354	0.00340	0.00113	0.00534	0.00267	0.00161	0.00548
7	0.01702	0.00645	0.00880	0.00675	0.00968	0.00557	0.00557	0.01848	0.01085	0.84568	0.01496	0.01291	0.00939	0.00469	0.00381	0.00117	0.00323	0.00381	0.00469	0.00645
8	0.00537	0.00458	0.00471	0.00455	0.00596	0.00429	0.00345	0.00805	0.15090	0.01144	0.07206	0.03228	0.66122	0.00875	0.00437	0.00128	0.00210	0.00731	0.00361	0.00370
9	0.00939	0.00901	0.01539	0.02328	0.84306	0.00901	0.01164	0.01164	0.00864	0.01239	0.00713	0.00939	0.00601	0.00338	0.00375	0.00113	0.00451	0.00338	0.00188	0.00601
10	0.00730	0.00688	0.01162	0.80585	0.07680	0.00846	0.01060	0.00981	0.00765	0.00986	0.00677	0.01007	0.00511	0.00377	0.00379	0.00126	0.00502	0.00337	0.00170	0.00432
11	0.00448	0.00384	0.00384	0.00384	0.00512	0.00320	0.00288	0.00544	0.00864	0.01025	0.03842	0.03650	0.84152	0.00960	0.00448	0.00128	0.00192	0.00800	0.00352	0.00320
12	0.01191	0.00938	0.00997	0.00822	0.01080	0.01059	0.00660	0.42226	0.43007	0.01985	0.01229	0.01165	0.00903	0.00485	0.00383	0.00121	0.00358	0.00385	0.00383	0.00622
13	0.00764	0.01940	0.82770	0.01093	0.01649	0.00883	0.03315	0.01201	0.00803	0.01201	0.00683	0.00806	0.00483	0.00359	0.00362	0.00120	0.00562	0.00284	0.00161	0.00559
14	0.00865	0.00766	0.00821	0.05643	0.03258	0.06461	0.00584	0.06788	0.37259	0.01459	0.17531	0.01698	0.07506	0.00598	0.01608	0.00127	0.01726	0.00469	0.00345	0.04488
15	0.01702	0.00645	0.00880	0.00675	0.00968	0.00557	0.00557	0.01848	0.01085	0.84568	0.01496	0.01291	0.00939	0.00469	0.00381	0.00117	0.00323	0.00381	0.00469	0.00645
16	0.01127	0.00906	0.00961	0.00809	0.01056	0.01029	0.00645	0.31907	0.53430	0.01883	0.01310	0.01229	0.00969	0.00493	0.00384	0.00123	0.00343	0.00397	0.00384	0.00617
17	0.00901	0.02829	0.14953	0.28663	0.13530	0.02787	0.01970	0.06567	0.13177	0.05521	0.00932	0.01080	0.02206	0.00476	0.02692	0.00134	0.00473	0.00351	0.00236	0.00521
18	0.00968	0.01053	0.01207	0.42903	0.20079	0.25308	0.00985	0.01170	0.00873	0.01016	0.00657	0.00900	0.00521	0.00374	0.00368	0.00115	0.00545	0.00310	0.00181	0.00466
19	0.00448	0.00384	0.00384	0.00384	0.00512	0.00320	0.00288	0.00544	0.00864	0.01025	0.03842	0.03650	0.84152	0.00960	0.00448	0.00128	0.00192	0.00800	0.00352	0.00320
20	0.22908	0.00663	0.00785	0.00642	0.00901	0.00641	0.00533	0.04696	0.00985	0.53139	0.01288	0.01402	0.00920	0.00496	0.00359	0.00123	0.00322	0.08239	0.00397	0.00560
21	0.01019	0.00956	0.03331	0.01711	0.48613	0.07220	0.04801	0.01399	0.16702	0.07490	0.00928	0.01047	0.00726	0.00429	0.01867	0.00125	0.00451	0.00356	0.00247	0.00582
22	0.00564	0.00418	0.00483	0.00494	0.00618	0.00375	0.00396	0.00704	0.02283	0.05003	0.07643	0.03625	0.52426	0.00943	0.00464	0.00140	0.00241	0.22468	0.00361	0.00350
23	0.01672	0.00693	0.00909	0.00697	0.00992	0.00628	0.00576	0.11079	0.01165	0.75226	0.01430	0.01248	0.00905	0.00468	0.00381	0.00117	0.00333	0.00377	0.00459	0.00645
24	0.00516	0.00372	0.00498	0.00555	0.00597	0.00373	0.00398	0.00625	0.02493	0.00979	0.04126	0.48980	0.02087	0.10214	0.15133	0.00255	0.00388	0.10779	0.00316	0.00318
25	0.00890	0.37146	0.36101	0.04785	0.03201	0.02501	0.08260	0.01169	0.00800	0.01060	0.00623	0.00751	0.00495	0.00343	0.00320	0.00104	0.00500	0.00266	0.00165	0.00518
26	0.00451	0.00380	0.00391	0.00397	0.00516	0.00320	0.00294	0.00547	0.00859	0.01032	0.05619	0.09620	0.76333	0.00973	0.00451	0.00130	0.00194	0.00818	0.00354	0.00320
27	0.01650	0.00639	0.00860	0.00663	0.00947	0.00559	0.00547	0.03311	0.01085	0.79149	0.01473	0.01290	0.00935	0.00468	0.00376	0.00116	0.00318	0.00379	0.04603	0.00632
28	0.00601	0.00441	0.00628	0.00623	0.00703	0.00423	0.05940	0.06294	0.00852	0.03512	0.09409	0.64735	0.02304	0.01021	0.00468	0.00145	0.00261	0.00929	0.00352	0.00359
29	0.00911	0.01009	0.02063	0.02804	0.06784	0.02940	0.69792	0.03767	0.00918	0.01235	0.00804	0.03646	0.00636	0.00354	0.00439	0.00127	0.00607	0.00451	0.00202	0.00512
30	0.00738	0.00696	0.01177	0.77658	0.10545	0.00848	0.01064	0.00988	0.00769	0.00995	0.00678	0.01004	0.00515	0.00375	0.00379	0.00125	0.00500	0.00337	0.00170	0.00439
31	0.03276	0.00866	0.10004	0.01090	0.02300	0.00732	0.34736	0.01088	0.00836	0.11215	0.01154	0.21454	0.01079	0.00667	0.03860	0.00153	0.04200	0.00559	0.00261	0.00471
32	0.05980	0.02022	0.04852	0.05100	0.26286	0.00787	0.08024	0.03380	0.06279	0.29712	0.03093	0.01118	0.00803	0.00410	0.00376	0.00118	0.00404	0.00365	0.00307	0.00581
33	0.00732	0.00663	0.02221	0.00741	0.00918	0.03290	0.11688	0.05584	0.16601	0.01369	0.23482	0.07480	0.15080	0.00706	0.00436	0.00130	0.00320	0.07777	0.00347	0.00436

[dist]
# distance from previous block
# <min> <max>
1	13

[block]
# block no. 7 follows, 72 sequences, length 31
# corresponding to MSA columns:
# 232-262
name=unknown_H
#
# <colnr> <probs for GDERKNQSTAVLIFYWHMCP>
#	G	D	E	R	K	N	Q	S	T	A	V	L	I	F	Y	W	H	M	C	P
0	0.33621	0.02108	0.11528	0.00962	0.12725	0.02893	0.02199	0.19039	0.05396	0.03544	0.00741	0.00818	0.00557	0.00384	0.00320	0.00115	0.00394	0.00284	0.00261	0.02112
1	0.04902	0.01012	0.06270	0.06153	0.37759	0.05945	0.06309	0.14855	0.00995	0.01396	0.03099	0.00951	0.00656	0.00403	0.00447	0.00119	0.07614	0.00340	0.00225	0.00550
2	0.05908	0.00709	0.00916	0.00681	0.00994	0.00609	0.06023	0.06360	0.00949	0.27431	0.02924	0.01007	0.00749	0.00369	0.00331	0.00089	0.00325	0.00306	0.00314	0.43007
3	0.01050	0.00829	0.00948	0.00856	0.06572	0.00896	0.02575	0.31119	0.28249	0.04060	0.01677	0.01613	0.16753	0.00560	0.00396	0.00122	0.00341	0.00461	0.00362	0.00562
4	0.00486	0.00349	0.00462	0.00512	0.00555	0.00324	0.00354	0.00589	0.00839	0.01148	0.28748	0.59254	0.02856	0.01054	0.00472	0.00143	0.00207	0.00951	0.00373	0.00324
5	0.00943	0.00815	0.00858	0.00772	0.00986	0.00943	0.00600	0.02015	0.83621	0.01586	0.01544	0.01415	0.01158	0.00515	0.00386	0.00129	0.00300	0.00429	0.00386	0.00600
6	0.00520	0.00387	0.00483	0.00459	0.00556	0.00351	0.00344	0.00682	0.01033	0.01425	0.68552	0.02991	0.19192	0.00811	0.00447	0.00121	0.00181	0.00708	0.00405	0.00351
7	0.00892	0.00763	0.00812	0.00734	0.00934	0.00872	0.00569	0.01855	0.73719	0.01565	0.09199	0.01608	0.03699	0.00551	0.00393	0.00128	0.00286	0.00463	0.00388	0.00570
8	0.00830	0.00830	0.01162	0.00996	0.00996	0.01162	0.00830	0.00913	0.00581	0.00913	0.00498	0.00830	0.00498	0.00664	0.01245	0.00166	0.85977	0.00332	0.00166	0.00415
9	0.00939	0.00901	0.01539	0.02328	0.84306	0.00901	0.01164	0.01164	0.00864	0.01239	0.00713	0.00939	0.00601	0.00338	0.00375	0.00113	0.00451	0.00338	0.00188	0.00601
10	0.01442	0.01062	0.01138	0.00873	0.01176	0.01176	0.00721	0.83041	0.01783	0.02390	0.00911	0.00911	0.00645	0.00455	0.00379	0.00114	0.00417	0.00341	0.00379	0.00645
11	0.01417	0.01808	0.01075	0.00977	0.01172	0.85149	0.00733	0.01514	0.01075	0.00928	0.00586	0.00684	0.00489	0.00391	0.00342	0.00098	0.00684	0.00244	0.00195	0.00440
12	0.00537	0.00388	0.00507	0.00477	0.00567	0.00358	0.00358	0.00716	0.01074	0.01521	0.84106	0.02833	0.03578	0.00775	0.00447	0.00119	0.00179	0.00686	0.00417	0.00358
13	0.00462	0.00330	0.00440	0.00528	0.00550	0.00308	0.00352	0.00528	0.00726	0.00968	0.02090	0.86424	0.02508	0.01188	0.00484	0.00154	0.00220	0.01078	0.00352	0.00308
14	0.01452	0.01046	0.01128	0.00865	0.01168	0.01152	0.00715	0.79907	0.01756	0.05563	0.00933	0.00925	0.00656	0.00456	0.00379	0.00114	0.00414	0.00343	0.00383	0.00645
15	0.00837	0.00818	0.02844	0.01172	0.01455	0.00758	0.48553	0.01142	0.05547	0.06302	0.18777	0.07554	0.01409	0.00500	0.00441	0.00127	0.00472	0.00536	0.00279	0.00478
16	0.01360	0.01022	0.01092	0.00856	0.01145	0.01138	0.00701	0.69756	0.15202	0.02258	0.01014	0.00993	0.00729	0.00465	0.00380	0.00116	0.00398	0.00356	0.00380	0.00638
17	0.01014	0.86900	0.01987	0.00649	0.00973	0.01501	0.00649	0.01136	0.00771	0.00892	0.00527	0.00608	0.00487	0.00324	0.00243	0.00081	0.00406	0.00203	0.00162	0.00487
18	0.89350	0.00733	0.00557	0.00499	0.00733	0.00851	0.00411	0.01115	0.00645	0.01702	0.00528	0.00616	0.00411	0.00352	0.00235	0.00117	0.00293	0.00205	0.00235	0.00411
19	0.00462	0.00330	0.00440	0.00528	0.00550	0.00308	0.00352	0.00528	0.00726	0.00968	0.02090	0.86424	0.02508	0.01188	0.00484	0.00154	0.00220	0.01078	0.00352	0.00308
20	0.00552	0.00368	0.00414	0.00414	0.00414	0.00368	0.00230	0.00552	0.00552	0.00735	0.01195	0.02482	0.01379	0.86672	0.01930	0.00368	0.00368	0.00552	0.00230	0.00230
21	0.00728	0.00686	0.01159	0.81245	0.07033	0.00846	0.01059	0.00980	0.00764	0.00984	0.00676	0.01007	0.00511	0.00377	0.00379	0.00126	0.00503	0.00337	0.00170	0.00431
22	0.00761	0.01962	0.84707	0.01081	0.01641	0.00881	0.01401	0.01201	0.00801	0.01201	0.00681	0.00801	0.00480	0.00360	0.00360	0.00120	0.00560	0.00280	0.00160	0.00560
23	0.00777	0.00635	0.00699	0.00632	0.00800	0.00686	0.00488	0.06222	0.41144	0.01543	0.29119	0.02132	0.12245	0.00653	0.00414	0.00125	0.00254	0.00555	0.00392	0.00488
24	0.00674	0.00372	0.00389	0.00380	0.00483	0.00354	0.00287	0.00834	0.00841	0.04053	0.08378	0.01969	0.17753	0.00573	0.00320	0.00100	0.00185	0.00470	0.61230	0.00357
25	0.00860	0.00752	0.01261	0.50819	0.31131	0.00844	0.01059	0.01096	0.00817	0.06666	0.00743	0.01004	0.00568	0.00371	0.00378	0.00121	0.00474	0.00340	0.00195	0.00499
26	0.01114	0.10146	0.18041	0.02480	0.17533	0.19672	0.07838	0.05911	0.03127	0.09466	0.00774	0.00875	0.00587	0.00376	0.00359	0.00110	0.00518	0.00308	0.00225	0.00542
27	0.00577	0.00452	0.02427	0.00517	0.00613	0.00413	0.00394	0.03412	0.03555	0.01395	0.57561	0.11207	0.04072	0.08233	0.02339	0.00155	0.00239	0.01695	0.00380	0.00362
28	0.00587	0.00418	0.00616	0.00607	0.00676	0.00481	0.00469	0.00710	0.00620	0.03595	0.01025	0.01514	0.00956	0.06701	0.75551	0.02132	0.02379	0.00410	0.00212	0.00342
29	0.00944	0.27698	0.38282	0.01032	0.06920	0.09180	0.04928	0.01241	0.02559	0.02975	0.00667	0.00774	0.00520	0.00355	0.00329	0.00106	0.00511	0.00270	0.00179	0.00529
30	0.01400	0.03434	0.08685	0.00967	0.08455	0.06615	0.02435	0.31176	0.01280	0.30148	0.01037	0.01012	0.00710	0.00430	0.00373	0.00114	0.00423	0.00341	0.00351	0.00613

[dist]
# distance from previous block
# <min> <max>
1	7

[block]
# block no. 8 follows, 72 sequences, length 117
# corresponding to MSA columns:
# 270-386
name=unknown_I
#
# <colnr> <probs for GDERKNQSTAVLIFYWHMCP>
#	G	D	E	R	K	N	Q	S	T	A	V	L	I	F	Y	W	H	M	C	P
0	0.00912	0.01865	0.05803	0.01819	0.53904	0.02599	0.08171	0.04586	0.00894	0.03043	0.00939	0.10924	0.01925	0.00454	0.00393	0.00119	0.00443	0.00434	0.00222	0.00551
1	0.00589	0.00448	0.00697	0.00647	0.00729	0.00492	0.06423	0.00713	0.00628	0.02286	0.01038	0.01632	0.00999	0.17738	0.62576	0.00523	0.00860	0.00435	0.00212	0.00337
2	0.42146	0.07105	0.04563	0.00761	0.06150	0.02390	0.00610	0.19274	0.00986	0.11700	0.00748	0.00791	0.00548	0.00387	0.00301	0.00113	0.00361	0.00269	0.00283	0.00515
3	0.15700	0.07918	0.02135	0.00893	0.06789	0.13311	0.03565	0.28284	0.04092	0.05774	0.05358	0.00982	0.01752	0.00429	0.00345	0.00110	0.00421	0.00324	0.00293	0.01525
4	0.00492	0.00386	0.00445	0.00430	0.00539	0.00339	0.00323	0.00629	0.00968	0.01269	0.43441	0.03247	0.44400	0.00869	0.00448	0.00124	0.00186	0.00744	0.00384	0.00339
5	0.04279	0.06774	0.23674	0.01091	0.09199	0.13559	0.12386	0.03968	0.03731	0.08573	0.01058	0.01131	0.08061	0.00426	0.00370	0.00115	0.00492	0.00359	0.00235	0.00519
6	0.00554	0.00431	0.00627	0.00622	0.00681	0.00503	0.00481	0.00678	0.00644	0.00921	0.04473	0.11562	0.02601	0.02356	0.63506	0.00492	0.07801	0.00497	0.00229	0.00342
7	0.01221	0.01455	0.01303	0.02661	0.24827	0.51845	0.07831	0.01388	0.02010	0.01049	0.00651	0.00799	0.00536	0.00371	0.00362	0.00105	0.00607	0.00292	0.00195	0.00493
8	0.00761	0.01962	0.84707	0.01081	0.01641	0.00881	0.01401	0.01201	0.00801	0.01201	0.00681	0.00801	0.00480	0.00360	0.00360	0.00120	0.00560	0.00280	0.00160	0.00560
9	0.00895	0.01023	0.02238	0.01598	0.01982	0.00959	0.82928	0.01215	0.00895	0.01215	0.00767	0.01023	0.00575	0.00320	0.00448	0.00128	0.00639	0.00448	0.00192	0.00512
10	0.00448	0.00384	0.00384	0.00384	0.00512	0.00320	0.00288	0.00544	0.00864	0.01025	0.03842	0.03650	0.84152	0.00960	0.00448	0.00128	0.00192	0.00800	0.00352	0.00320
11	0.00531	0.00387	0.00499	0.00471	0.00563	0.00355	0.00353	0.00704	0.01059	0.01487	0.78682	0.02888	0.09023	0.00788	0.00447	0.00120	0.00180	0.00694	0.00413	0.00355
12	0.01014	0.86900	0.01987	0.00649	0.00973	0.01501	0.00649	0.01136	0.00771	0.00892	0.00527	0.00608	0.00487	0.00324	0.00243	0.00081	0.00406	0.00203	0.00162	0.00487
13	0.01442	0.01062	0.01138	0.00873	0.01176	0.01176	0.00721	0.83041	0.01783	0.02390	0.00911	0.00911	0.00645	0.00455	0.00379	0.00114	0.00417	0.00341	0.00379	0.00645
14	0.00611	0.00437	0.00611	0.00698	0.00786	0.00437	0.00611	0.00786	0.00873	0.01135	0.02008	0.04278	0.02183	0.01048	0.00524	0.00175	0.00349	0.81753	0.00349	0.00349
15	0.00537	0.00388	0.00507	0.00477	0.00567	0.00358	0.00358	0.00716	0.01074	0.01521	0.84106	0.02833	0.03578	0.00775	0.00447	0.00119	0.00179	0.00686	0.00417	0.00358
16	0.00542	0.00406	0.00610	0.00610	0.00677	0.00474	0.00474	0.00677	0.00610	0.00880	0.01016	0.01490	0.00948	0.02844	0.85169	0.00610	0.01016	0.00406	0.00203	0.00339
17	0.00755	0.00713	0.01207	0.71341	0.16731	0.00853	0.01072	0.01003	0.00777	0.01016	0.00681	0.00999	0.00522	0.00372	0.00379	0.00124	0.00496	0.00337	0.00172	0.00452
18	0.00568	0.00407	0.00561	0.00646	0.00717	0.00400	0.00535	0.00712	0.00834	0.01088	0.02069	0.26220	0.04021	0.01083	0.00512	0.00168	0.00311	0.58462	0.00350	0.00338
19	0.00549	0.00368	0.00413	0.00413	0.00416	0.00367	0.00231	0.00551	0.00558	0.00741	0.01251	0.02506	0.03123	0.84866	0.01899	0.00363	0.00364	0.00557	0.00232	0.00232
20	0.00741	0.00699	0.01182	0.76520	0.11659	0.00849	0.01066	0.00991	0.00770	0.00999	0.00678	0.01003	0.00516	0.00375	0.00379	0.00125	0.00499	0.00337	0.00171	0.00441
21	0.00801	0.09982	0.72276	0.01058	0.01583	0.02420	0.04399	0.01201	0.00806	0.01167	0.00668	0.00789	0.00485	0.00356	0.00352	0.00116	0.00551	0.00279	0.00162	0.00550
22	0.00786	0.00674	0.00786	0.00562	0.00899	0.00506	0.00449	0.00955	0.00786	0.01236	0.00674	0.00786	0.00562	0.00281	0.00281	0.00056	0.00281	0.00225	0.00225	0.88990
23	0.00830	0.01724	0.64283	0.01126	0.01619	0.00926	0.11505	0.07136	0.00873	0.01275	0.00699	0.00838	0.00505	0.00377	0.00415	0.00123	0.04703	0.00308	0.00180	0.00553
24	0.00684	0.02066	0.06590	0.00472	0.00623	0.02358	0.00401	0.03920	0.00865	0.02997	0.04698	0.02124	0.27838	0.03746	0.01723	0.00124	0.00257	0.00506	0.37633	0.00375
25	0.00552	0.00368	0.00414	0.00414	0.00414	0.00368	0.00230	0.00552	0.00552	0.00735	0.01195	0.02482	0.01379	0.86672	0.01930	0.00368	0.00368	0.00552	0.00230	0.00230
26	0.01014	0.86900	0.01987	0.00649	0.00973	0.01501	0.00649	0.01136	0.00771	0.00892	0.00527	0.00608	0.00487	0.00324	0.00243	0.00081	0.00406	0.00203	0.00162	0.00487
27	0.00538	0.00386	0.00500	0.00473	0.00555	0.00359	0.00349	0.00704	0.01036	0.01464	0.78081	0.02807	0.03419	0.07017	0.00555	0.00137	0.00193	0.00676	0.00404	0.00349
28	0.00515	0.00387	0.00477	0.00454	0.00553	0.00349	0.00341	0.00674	0.01023	0.01400	0.64525	0.03032	0.23234	0.00821	0.00448	0.00121	0.00182	0.00714	0.00402	0.00349
29	0.00537	0.00388	0.00507	0.00477	0.00567	0.00358	0.00358	0.00716	0.01074	0.01521	0.84106	0.02833	0.03578	0.00775	0.00447	0.00119	0.00179	0.00686	0.00417	0.00358
30	0.05358	0.00649	0.00867	0.00667	0.00958	0.00570	0.00551	0.01818	0.01067	0.81112	0.01456	0.01263	0.00917	0.00465	0.00375	0.00117	0.00321	0.00374	0.00460	0.00636
