[name]
unknown

[dist]
# distance from previous block
# <min> <max>
4	279

[block]
# block no. 0 follows, 67 sequences, length 16
# corresponding to MSA columns:
# 534-549
name=unknown_A
#
# <colnr> <probs for GDERKNQSTAVLIFYWHMCP>
#	G	D	E	R	K	N	Q	S	T	A	V	L	I	F	Y	W	H	M	C	P
0	0.09265	0.03469	0.02559	0.11392	0.17057	0.05008	0.00774	0.09792	0.05866	0.06571	0.06139	0.02301	0.05223	0.00584	0.03816	0.00141	0.02013	0.00394	0.00282	0.07352
1	0.00960	0.03231	0.01260	0.26621	0.21789	0.02858	0.04328	0.12528	0.02367	0.03401	0.06902	0.01277	0.03894	0.00526	0.02808	0.00137	0.00475	0.00401	0.00257	0.03979
2	0.01029	0.00912	0.03730	0.23990	0.10393	0.05893	0.02545	0.14204	0.05456	0.06589	0.04083	0.01188	0.03587	0.00442	0.00388	0.00116	0.00444	0.00372	0.00276	0.14361
3	0.00980	0.00931	0.04260	0.21178	0.26541	0.06313	0.02336	0.10438	0.04899	0.03563	0.05236	0.05906	0.02746	0.00486	0.00407	0.00125	0.00460	0.00427	0.00261	0.02504
4	0.00946	0.00846	0.01196	0.14952	0.21687	0.04885	0.06440	0.04472	0.04658	0.04992	0.04463	0.02586	0.04539	0.00435	0.00387	0.00110	0.00426	0.00389	0.00257	0.21332
5	0.00865	0.02160	0.05824	0.05280	0.14442	0.00727	0.04129	0.04144	0.03982	0.01353	0.07377	0.01151	0.02783	0.00406	0.00387	0.00096	0.02900	0.00345	0.00252	0.41398
6	0.00563	0.00424	0.00502	0.00512	0.00627	0.00369	0.00379	0.00674	0.00879	0.03337	0.08216	0.31201	0.35693	0.01017	0.00476	0.00141	0.00236	0.06710	0.00369	0.07675
7	0.00901	0.00806	0.04810	0.00651	0.01010	0.00613	0.00549	0.05521	0.04343	0.03551	0.00788	0.00881	0.00632	0.00327	0.00314	0.00071	0.00321	0.00261	0.00257	0.73394
8	0.04246	0.22942	0.07797	0.04202	0.04938	0.02093	0.04175	0.21403	0.02721	0.07058	0.00855	0.02293	0.00694	0.03640	0.00513	0.07198	0.00439	0.00338	0.00269	0.02186
9	0.00574	0.00444	0.01695	0.00549	0.00614	0.00437	0.00398	0.00706	0.02922	0.01125	0.22948	0.19094	0.07646	0.21353	0.14932	0.00285	0.02902	0.00709	0.00326	0.00341
10	0.00967	0.00926	0.01581	0.11564	0.74505	0.00946	0.01218	0.01208	0.00901	0.01279	0.00750	0.01001	0.00624	0.00362	0.00397	0.00121	0.00483	0.00357	0.00196	0.00614
11	0.00635	0.00555	0.00724	0.00901	0.18304	0.00523	0.00548	0.00845	0.06538	0.01213	0.08687	0.06382	0.47589	0.00842	0.00458	0.00135	0.00277	0.04079	0.00342	0.00426
12	0.00555	0.00437	0.00567	0.00598	0.00655	0.00448	0.00445	0.00660	0.00840	0.01121	0.12810	0.43053	0.16497	0.01082	0.00593	0.00157	0.09610	0.09159	0.00359	0.00352
13	0.01059	0.02493	0.03055	0.11449	0.17914	0.05317	0.04898	0.15415	0.17288	0.03345	0.02329	0.01170	0.00822	0.03355	0.01587	0.00139	0.02805	0.00383	0.00286	0.04891
14	0.00584	0.00390	0.00452	0.00466	0.00477	0.00388	0.00282	0.00608	0.00629	0.00848	0.01405	0.09878	0.01606	0.70433	0.01759	0.00347	0.00368	0.06034	0.02782	0.00262
15	0.06931	0.02826	0.03884	0.07543	0.10060	0.07074	0.02519	0.07356	0.11726	0.04433	0.00942	0.01064	0.02114	0.02609	0.00398	0.00111	0.00405	0.00330	0.00269	0.27404

[dist]
# distance from previous block
# <min> <max>
1	33

[block]
# block no. 1 follows, 67 sequences, length 12
# corresponding to MSA columns:
# 583-594
name=unknown_B
#
# <colnr> <probs for GDERKNQSTAVLIFYWHMCP>
#	G	D	E	R	K	N	Q	S	T	A	V	L	I	F	Y	W	H	M	C	P
0	0.00772	0.13128	0.02317	0.00743	0.02313	0.02124	0.00600	0.02091	0.08551	0.01101	0.04239	0.05712	0.06205	0.04034	0.26657	0.00299	0.14522	0.00456	0.03707	0.00430
1	0.00980	0.04207	0.04784	0.03597	0.28046	0.04070	0.13717	0.08271	0.13710	0.01418	0.04657	0.02567	0.03454	0.00567	0.04051	0.00148	0.00495	0.00426	0.00266	0.00570
2	0.00519	0.00402	0.00465	0.00460	0.00562	0.00356	0.00337	0.00648	0.00973	0.01273	0.35615	0.10256	0.39970	0.05693	0.00564	0.00148	0.00210	0.00807	0.00393	0.00348
3	0.01228	0.00757	0.00846	0.00704	0.00931	0.05616	0.00560	0.14303	0.11340	0.28638	0.24227	0.01862	0.06001	0.00612	0.00424	0.00125	0.00327	0.00507	0.00431	0.00561
4	0.00561	0.00411	0.00527	0.00503	0.00602	0.00378	0.00381	0.00742	0.01106	0.01541	0.72381	0.03137	0.11609	0.00850	0.00476	0.00129	0.00197	0.03663	0.00432	0.00374
5	0.01072	0.86147	0.02102	0.00686	0.01029	0.01587	0.00686	0.01201	0.00815	0.00944	0.00558	0.00643	0.00515	0.00343	0.00257	0.00086	0.00429	0.00214	0.00172	0.00515
6	0.35333	0.00708	0.00753	0.00625	0.00871	0.00733	0.00505	0.07304	0.00946	0.33364	0.01082	0.01158	0.00786	0.06237	0.05286	0.00170	0.00377	0.00341	0.02892	0.00529
7	0.00583	0.00389	0.00437	0.00437	0.00437	0.00389	0.00243	0.00583	0.00583	0.00778	0.01264	0.02624	0.01458	0.85906	0.02041	0.00389	0.00389	0.00583	0.00243	0.00243
8	0.01135	0.01165	0.00974	0.00874	0.03136	0.35184	0.04941	0.04196	0.03315	0.02881	0.00960	0.01255	0.00811	0.00469	0.00377	0.00107	0.01902	0.06341	0.18634	0.11341
9	0.00650	0.00497	0.00715	0.00812	0.10872	0.00546	0.00522	0.00767	0.00672	0.00973	0.01080	0.01754	0.01063	0.24738	0.43410	0.00459	0.03916	0.00456	0.05731	0.00365
10	0.11611	0.12405	0.04607	0.05139	0.06121	0.11272	0.05253	0.11188	0.02881	0.16531	0.00970	0.01169	0.00758	0.00456	0.00369	0.00119	0.00455	0.05377	0.00296	0.03021
11	0.01052	0.09539	0.02524	0.03953	0.10422	0.01971	0.03879	0.14947	0.03703	0.07770	0.00976	0.04267	0.01817	0.02035	0.02527	0.00121	0.00409	0.00361	0.02246	0.25483

[dist]
# distance from previous block
# <min> <max>
1	6

[block]
# block no. 2 follows, 67 sequences, length 23
# corresponding to MSA columns:
# 601-623
name=unknown_C
#
# <colnr> <probs for GDERKNQSTAVLIFYWHMCP>
#	G	D	E	R	K	N	Q	S	T	A	V	L	I	F	Y	W	H	M	C	P
0	0.00577	0.00477	0.00510	0.00493	0.00633	0.00447	0.00374	0.02117	0.11684	0.01263	0.15385	0.05779	0.55562	0.00925	0.00467	0.00136	0.00224	0.02172	0.00388	0.00389
1	0.01118	0.19080	0.09277	0.01068	0.12587	0.12731	0.00830	0.18907	0.04922	0.01454	0.05032	0.01174	0.06387	0.00479	0.00402	0.00115	0.03251	0.00364	0.00268	0.00553
2	0.00842	0.04493	0.02721	0.01231	0.12545	0.02080	0.23733	0.01047	0.00838	0.03959	0.03800	0.04562	0.06553	0.01071	0.18937	0.00247	0.10153	0.00473	0.00236	0.00478
3	0.00625	0.00504	0.00733	0.00703	0.00759	0.00620	0.00552	0.00752	0.00636	0.00929	0.00991	0.01512	0.00946	0.07046	0.65737	0.00551	0.15406	0.00424	0.00210	0.00366
4	0.00578	0.00388	0.00443	0.00446	0.00451	0.00385	0.00254	0.00589	0.00613	0.00821	0.04457	0.06632	0.01605	0.78565	0.01907	0.00368	0.00374	0.00615	0.00257	0.00252
5	0.00487	0.00357	0.00458	0.00538	0.00576	0.00327	0.00363	0.00561	0.00787	0.01032	0.02453	0.74916	0.13223	0.01225	0.00507	0.00159	0.00229	0.01102	0.00372	0.00327
6	0.01423	0.01073	0.01146	0.00902	0.01205	0.01196	0.00738	0.66649	0.17468	0.02364	0.01092	0.01066	0.00787	0.00494	0.00403	0.00123	0.00417	0.00379	0.00403	0.00673
7	0.00877	0.00877	0.01228	0.01053	0.01053	0.01228	0.00877	0.00965	0.00614	0.00965	0.00526	0.00877	0.00526	0.00702	0.01316	0.00175	0.85172	0.00351	0.00175	0.00439
8	0.00570	0.00386	0.00455	0.00468	0.00476	0.00388	0.00278	0.00589	0.00612	0.00821	0.01375	0.13442	0.01583	0.69077	0.07523	0.00377	0.00416	0.00646	0.00258	0.00262
9	0.00877	0.00877	0.01228	0.01053	0.01053	0.01228	0.00877	0.00965	0.00614	0.00965	0.00526	0.00877	0.00526	0.00702	0.01316	0.00175	0.85172	0.00351	0.00175	0.00439
10	0.05086	0.00948	0.01079	0.00830	0.01144	0.00990	0.00686	0.49438	0.01567	0.32301	0.01174	0.01098	0.00786	0.00483	0.00396	0.00122	0.00399	0.00371	0.00430	0.00672
11	0.01072	0.86147	0.02102	0.00686	0.01029	0.01587	0.00686	0.01201	0.00815	0.00944	0.00558	0.00643	0.00515	0.00343	0.00257	0.00086	0.00429	0.00214	0.00172	0.00515
12	0.00877	0.00877	0.01228	0.01053	0.01053	0.01228	0.00877	0.00965	0.00614	0.00965	0.00526	0.00877	0.00526	0.00702	0.01316	0.00175	0.85172	0.00351	0.00175	0.00439
13	0.00634	0.00510	0.00734	0.00707	0.00777	0.00622	0.00557	0.00820	0.04775	0.00973	0.01031	0.01480	0.00951	0.02581	0.69200	0.00557	0.12067	0.00421	0.00219	0.00383
14	0.30906	0.00600	0.00698	0.00635	0.00816	0.00620	0.07190	0.00933	0.00865	0.01456	0.12453	0.02459	0.17292	0.00710	0.00405	0.00139	0.00311	0.17303	0.03806	0.00401
15	0.88738	0.00776	0.00589	0.00527	0.00776	0.00900	0.00434	0.01179	0.00683	0.01799	0.00558	0.00651	0.00434	0.00372	0.00248	0.00124	0.00310	0.00217	0.00248	0.00434
16	0.00506	0.00380	0.00451	0.00495	0.00556	0.00346	0.00341	0.00586	0.00812	0.01043	0.06905	0.40758	0.28392	0.13292	0.00718	0.00185	0.00247	0.03307	0.00357	0.00322
17	0.02898	0.00897	0.01110	0.05451	0.19527	0.00979	0.00785	0.29855	0.18554	0.01841	0.02817	0.01188	0.00881	0.00466	0.00386	0.00121	0.00389	0.00386	0.10868	0.00601
18	0.04112	0.00932	0.01562	0.05482	0.72865	0.00936	0.02829	0.01215	0.00899	0.01316	0.00746	0.00980	0.00622	0.00357	0.00390	0.00118	0.00471	0.00351	0.00201	0.03618
19	0.04651	0.01122	0.01323	0.04395	0.25629	0.11223	0.03795	0.34966	0.04582	0.03136	0.00866	0.00966	0.00657	0.00427	0.00392	0.00120	0.00486	0.00350	0.00298	0.00617
20	0.00690	0.00348	0.00521	0.00524	0.00524	0.00348	0.00349	0.00524	0.00530	0.00707	0.00743	0.03811	0.00757	0.01389	0.01535	0.85624	0.00345	0.00373	0.00180	0.00179
21	0.02478	0.08516	0.01910	0.02111	0.05457	0.11192	0.00616	0.13846	0.08055	0.07674	0.01175	0.12261	0.01055	0.06445	0.00513	0.00138	0.02381	0.00459	0.11142	0.02577
22	0.01039	0.01098	0.03762	0.04113	0.02474	0.18899	0.20641	0.06611	0.03742	0.04019	0.03639	0.01136	0.00788	0.00896	0.14831	0.00218	0.10973	0.00392	0.00239	0.00492

[dist]
# distance from previous block
# <min> <max>
0	37

[block]
# block no. 3 follows, 67 sequences, length 21
# corresponding to MSA columns:
# 662-682
name=unknown_D
#
# <colnr> <probs for GDERKNQSTAVLIFYWHMCP>
#	G	D	E	R	K	N	Q	S	T	A	V	L	I	F	Y	W	H	M	C	P
0	0.45158	0.02312	0.02287	0.05844	0.11393	0.00908	0.00652	0.06904	0.07507	0.09913	0.00817	0.00889	0.00610	0.00404	0.00319	0.00122	0.00364	0.00293	0.00283	0.03022
1	0.01005	0.00859	0.02559	0.02238	0.06680	0.03640	0.02850	0.06419	0.14525	0.02740	0.05897	0.06397	0.33202	0.02165	0.02276	0.00184	0.00411	0.00685	0.00416	0.04854
2	0.00485	0.00396	0.00429	0.00443	0.00554	0.00340	0.00324	0.00589	0.00908	0.01122	0.11150	0.18616	0.61167	0.01041	0.00481	0.00140	0.00207	0.00888	0.00379	0.00340
3	0.00567	0.00421	0.00590	0.00585	0.00656	0.00460	0.00441	0.00698	0.00725	0.01020	0.12988	0.02048	0.06858	0.12037	0.57462	0.00508	0.00813	0.00517	0.00261	0.00347
4	0.04187	0.00464	0.00485	0.00466	0.00578	0.00479	0.00347	0.03813	0.07586	0.03810	0.03032	0.07975	0.01217	0.06179	0.00435	0.00125	0.00232	0.00454	0.57730	0.00405
5	0.13845	0.01024	0.01060	0.00846	0.01139	0.01148	0.00691	0.55303	0.17122	0.02262	0.01033	0.01020	0.00750	0.00478	0.00381	0.00124	0.00399	0.00358	0.00381	0.00638
6	0.04092	0.01075	0.19231	0.02728	0.19354	0.02286	0.06271	0.02658	0.03536	0.04721	0.07403	0.01205	0.02512	0.00580	0.05553	0.00146	0.00481	0.00373	0.00247	0.15549
7	0.00595	0.00666	0.10392	0.00646	0.04226	0.00507	0.00534	0.00829	0.06559	0.01223	0.14429	0.05762	0.46645	0.00903	0.02523	0.00147	0.01954	0.00707	0.00346	0.00409
8	0.01082	0.01017	0.00947	0.00850	0.01076	0.12867	0.00658	0.04023	0.69077	0.01599	0.01472	0.01373	0.01110	0.00524	0.00401	0.00131	0.00378	0.00423	0.00379	0.00612
9	0.11747	0.00709	0.00899	0.03762	0.05798	0.00716	0.00619	0.12119	0.01067	0.36131	0.02941	0.01356	0.03928	0.00938	0.15233	0.00216	0.00487	0.00399	0.00370	0.00566
10	0.00960	0.12511	0.06747	0.12948	0.14943	0.17352	0.03603	0.01141	0.00910	0.03244	0.02700	0.16143	0.04017	0.00571	0.00398	0.00123	0.00479	0.00484	0.00242	0.00483
11	0.00537	0.00401	0.00518	0.00563	0.00634	0.00355	0.00387	0.00623	0.00777	0.01064	0.01997	0.73565	0.02359	0.01120	0.00481	0.00148	0.00242	0.01012	0.00353	0.12863
12	0.00632	0.00398	0.00513	0.00545	0.00607	0.00374	0.00383	0.00730	0.00842	0.07155	0.14296	0.44094	0.04083	0.13139	0.00707	0.00184	0.00263	0.06242	0.04460	0.00353
13	0.01812	0.00756	0.02345	0.10487	0.09842	0.02538	0.12223	0.05104	0.13060	0.02189	0.10100	0.10863	0.08575	0.03563	0.00494	0.00143	0.00398	0.03001	0.02026	0.00483
14	0.00732	0.02136	0.00796	0.02376	0.02256	0.03095	0.03670	0.05356	0.03520	0.02786	0.01427	0.20856	0.04550	0.03050	0.27400	0.05765	0.05229	0.04326	0.00280	0.00395
15	0.00911	0.00863	0.01407	0.16962	0.56622	0.02461	0.01100	0.01142	0.00894	0.01247	0.03838	0.01215	0.02420	0.00484	0.02607	0.00137	0.01455	0.01750	0.01920	0.00564
16	0.00574	0.00392	0.00473	0.00487	0.00501	0.00398	0.00303	0.00606	0.00624	0.00839	0.01378	0.11648	0.01567	0.63647	0.11520	0.00386	0.00452	0.03678	0.00259	0.00270
17	0.10456	0.02762	0.01290	0.04654	0.29086	0.27437	0.02445	0.10259	0.03875	0.01380	0.00736	0.00881	0.00593	0.00404	0.00387	0.00117	0.02139	0.00314	0.00234	0.00550
18	0.00537	0.00415	0.00483	0.00476	0.00583	0.00369	0.00352	0.00662	0.00940	0.01231	0.28627	0.09256	0.37077	0.08995	0.00623	0.00159	0.00231	0.05227	0.00377	0.03378
19	0.01049	0.17749	0.02160	0.00831	0.05361	0.08704	0.02752	0.12300	0.03970	0.04697	0.06402	0.02885	0.04358	0.00489	0.01606	0.00107	0.00407	0.00359	0.00278	0.23533
20	0.04613	0.03320	0.11698	0.08325	0.01359	0.12686	0.09476	0.06296	0.01744	0.02720	0.02193	0.03176	0.02823	0.00500	0.02453	0.00122	0.01761	0.02080	0.00242	0.22414

[dist]
# distance from previous block
# <min> <max>
3	22

[block]
# block no. 4 follows, 67 sequences, length 11
# corresponding to MSA columns:
# 706-716
name=unknown_E
#
# <colnr> <probs for GDERKNQSTAVLIFYWHMCP>
#	G	D	E	R	K	N	Q	S	T	A	V	L	I	F	Y	W	H	M	C	P
0	0.00740	0.00671	0.02800	0.09778	0.13145	0.03025	0.04160	0.00973	0.05847	0.02766	0.18905	0.08890	0.12464	0.06833	0.02243	0.00163	0.02378	0.03467	0.00312	0.00440
1	0.06212	0.02152	0.08139	0.00730	0.00993	0.00726	0.03358	0.15099	0.02823	0.11492	0.14998	0.04583	0.10958	0.00598	0.00431	0.00121	0.02871	0.01510	0.00347	0.11860
2	0.00527	0.00440	0.03333	0.00575	0.00652	0.00370	0.00432	0.00636	0.00829	0.01102	0.07440	0.56948	0.12648	0.01129	0.00499	0.00155	0.00254	0.09028	0.00366	0.02636
3	0.00955	0.05723	0.19035	0.05286	0.07901	0.05635	0.02327	0.04269	0.00903	0.05910	0.00861	0.00993	0.02974	0.00469	0.02689	0.00118	0.04753	0.00313	0.00232	0.28653
4	0.00755	0.00695	0.04515	0.00754	0.05056	0.07589	0.01710	0.00910	0.02292	0.04435	0.01736	0.18014	0.11683	0.09864	0.08704	0.00210	0.00433	0.10922	0.00300	0.09423
5	0.17049	0.20511	0.10222	0.02531	0.01148	0.29935	0.00757	0.01323	0.00901	0.03520	0.00681	0.02546	0.00577	0.00508	0.03320	0.00130	0.03366	0.00279	0.00213	0.00483
6	0.00835	0.01037	0.18984	0.05597	0.13781	0.03864	0.06258	0.01219	0.11875	0.03364	0.18480	0.03495	0.06826	0.00568	0.00426	0.00129	0.00417	0.02031	0.00296	0.00519
7	0.00795	0.00814	0.07933	0.31166	0.06971	0.00764	0.00848	0.01121	0.10312	0.01196	0.02792	0.03140	0.03533	0.00553	0.02494	0.04090	0.01712	0.00381	0.00235	0.19148
8	0.00682	0.00581	0.03068	0.00670	0.00773	0.00617	0.00532	0.03239	0.10314	0.01188	0.11342	0.09679	0.07180	0.08029	0.26220	0.00316	0.09839	0.02891	0.02434	0.00405
9	0.00904	0.03345	0.07281	0.05988	0.16641	0.04247	0.05909	0.09511	0.04554	0.01259	0.01012	0.06892	0.01995	0.02824	0.03423	0.15387	0.00457	0.02321	0.03760	0.02288
10	0.00506	0.00398	0.00452	0.00456	0.00560	0.00350	0.00333	0.00624	0.00943	0.01210	0.25655	0.15304	0.46777	0.03966	0.00534	0.00146	0.00210	0.00846	0.00387	0.00344

[dist]
# distance from previous block
# <min> <max>
1	42

[block]
# block no. 5 follows, 67 sequences, length 23
# corresponding to MSA columns:
# 759-781
name=unknown_F
#
# <colnr> <probs for GDERKNQSTAVLIFYWHMCP>
#	G	D	E	R	K	N	Q	S	T	A	V	L	I	F	Y	W	H	M	C	P
0	0.19645	0.13778	0.03185	0.05276	0.02097	0.18272	0.04319	0.01306	0.10564	0.01267	0.02141	0.01052	0.03553	0.00667	0.07610	0.00164	0.04058	0.00329	0.00240	0.00478
1	0.00509	0.00386	0.00469	0.00497	0.00573	0.00351	0.00353	0.00618	0.00890	0.01169	0.21937	0.34211	0.28164	0.04129	0.03701	0.00172	0.00250	0.00903	0.00378	0.00341
2	0.00924	0.00901	0.08824	0.14270	0.11971	0.00863	0.05447	0.19817	0.02065	0.01455	0.03642	0.05141	0.04054	0.02571	0.14297	0.00219	0.02312	0.00442	0.00268	0.00516
3	0.00573	0.00407	0.00514	0.00487	0.00581	0.00376	0.00362	0.00748	0.01081	0.01533	0.69694	0.02951	0.09015	0.04072	0.00522	0.00135	0.00198	0.00707	0.05674	0.00370
4	0.00792	0.00673	0.00782	0.00820	0.08943	0.00712	0.00561	0.03657	0.36126	0.01445	0.10225	0.07498	0.23084	0.02286	0.00467	0.00139	0.00290	0.00617	0.00376	0.00506
5	0.00852	0.00589	0.00687	0.00609	0.00787	0.00564	0.00463	0.06924	0.11682	0.07514	0.06247	0.18610	0.01513	0.07422	0.00528	0.00139	0.00290	0.03981	0.11565	0.19034
6	0.00534	0.00404	0.00494	0.00522	0.00581	0.00394	0.00368	0.00614	0.00768	0.00998	0.03832	0.29030	0.24582	0.18964	0.09261	0.00251	0.02814	0.04942	0.00325	0.00322
7	0.01072	0.62068	0.04594	0.00736	0.01058	0.07780	0.00702	0.02358	0.07687	0.01067	0.00717	0.00846	0.00630	0.00387	0.00293	0.00095	0.00438	0.02233	0.01352	0.03886
8	0.01799	0.00683	0.00931	0.00714	0.01024	0.00589	0.00589	0.01954	0.01148	0.83682	0.01582	0.01365	0.00993	0.00496	0.00403	0.00124	0.00341	0.00403	0.00496	0.00683
9	0.01468	0.01861	0.01113	0.01014	0.01213	0.81527	0.00757	0.01568	0.01118	0.00975	0.00641	0.00786	0.00548	0.03234	0.00417	0.00113	0.00712	0.00269	0.00208	0.00458
10	0.00877	0.00877	0.01228	0.01053	0.01053	0.01228	0.00877	0.00965	0.00614	0.00965	0.00526	0.00877	0.00526	0.00702	0.01316	0.00175	0.85172	0.00351	0.00175	0.00439
11	0.00748	0.00374	0.00374	0.00374	0.00467	0.00374	0.00280	0.00934	0.00841	0.01495	0.01308	0.01495	0.01028	0.00467	0.00280	0.00093	0.00187	0.00374	0.88132	0.00374
12	0.00793	0.00680	0.00786	0.00574	0.00906	0.00513	0.00457	0.00963	0.00841	0.01283	0.01076	0.01160	0.09554	0.00375	0.00316	0.00068	0.00287	0.00304	0.00252	0.78815
13	0.88738	0.00776	0.00589	0.00527	0.00776	0.00900	0.00434	0.01179	0.00683	0.01799	0.00558	0.00651	0.00434	0.00372	0.00248	0.00124	0.00310	0.00217	0.00248	0.00434
14	0.04514	0.00832	0.01010	0.00777	0.01089	0.00817	0.00642	0.28538	0.01378	0.54085	0.01343	0.01208	0.00872	0.00487	0.00398	0.00123	0.00373	0.00383	0.00457	0.00674
15	0.11692	0.00579	0.00722	0.00630	0.00799	0.00573	0.04812	0.04355	0.05451	0.15791	0.19610	0.13897	0.05619	0.06341	0.00522	0.00147	0.00294	0.00592	0.07120	0.00455
16	0.00499	0.00400	0.00446	0.00456	0.00566	0.00348	0.00338	0.00615	0.00937	0.01182	0.19431	0.15513	0.53859	0.01014	0.00481	0.00139	0.00209	0.02837	0.00386	0.00345
17	0.00571	0.00391	0.00462	0.00479	0.00497	0.00389	0.00298	0.00601	0.00643	0.00853	0.01534	0.13009	0.04773	0.63142	0.05334	0.00350	0.00391	0.05741	0.00271	0.00270
18	0.00548	0.00412	0.00515	0.00568	0.00609	0.02164	0.00396	0.00631	0.00819	0.01093	0.13942	0.57482	0.04926	0.05259	0.00631	0.02954	0.02380	0.03976	0.00361	0.00332
19	0.00571	0.00391	0.00447	0.00448	0.00465	0.00387	0.00265	0.00592	0.00634	0.00840	0.03978	0.05068	0.08023	0.71071	0.04924	0.00364	0.00389	0.00618	0.00262	0.00261
20	0.00864	0.04230	0.45015	0.08073	0.10336	0.00982	0.14544	0.01271	0.04529	0.01251	0.00765	0.00943	0.00573	0.00394	0.00441	0.00129	0.04558	0.00344	0.00190	0.00569
21	0.02036	0.06650	0.28918	0.00904	0.01252	0.04084	0.01880	0.20631	0.06587	0.01518	0.01001	0.01134	0.03102	0.00887	0.14796	0.00211	0.00589	0.00358	0.02913	0.00550
22	0.02993	0.00589	0.00770	0.00786	0.08389	0.00604	0.01497	0.10325	0.01928	0.03939	0.05166	0.07234	0.10574	0.12252	0.18170	0.07377	0.01551	0.00519	0.00287	0.05051

[dist]
# distance from previous block
# <min> <max>
1	22

[block]
# block no. 6 follows, 67 sequences, length 20
# corresponding to MSA columns:
# 804-823
name=unknown_G
#
# <colnr> <probs for GDERKNQSTAVLIFYWHMCP>
#	G	D	E	R	K	N	Q	S	T	A	V	L	I	F	Y	W	H	M	C	P
0	0.00878	0.00987	0.11666	0.10382	0.21989	0.02213	0.09398	0.04525	0.07073	0.01252	0.00964	0.05657	0.00851	0.02802	0.07170	0.00182	0.08174	0.03082	0.00233	0.00525
1	0.00857	0.00742	0.01168	0.24377	0.09377	0.00816	0.11938	0.06718	0.10691	0.01263	0.03406	0.01332	0.00872	0.06703	0.04839	0.07205	0.01914	0.00415	0.04896	0.00469
2	0.00652	0.00495	0.00594	0.00584	0.02730	0.00477	0.00435	0.05651	0.04255	0.03554	0.25225	0.02961	0.35068	0.01129	0.10767	0.00196	0.00343	0.04107	0.00374	0.00402
3	0.00492	0.00357	0.00464	0.00543	0.00579	0.00330	0.00367	0.00571	0.00801	0.01062	0.06965	0.74068	0.09499	0.01211	0.00506	0.00158	0.00228	0.01092	0.00376	0.00330
4	0.00877	0.00877	0.01228	0.01053	0.01053	0.01228	0.00877	0.00965	0.00614	0.00965	0.00526	0.00877	0.00526	0.00702	0.01316	0.00175	0.85172	0.00351	0.00175	0.00439
5	0.00901	0.00673	0.00701	0.00645	0.00820	0.00757	0.00498	0.01669	0.51055	0.01607	0.01507	0.01496	0.01148	0.00514	0.00359	0.00120	0.00267	0.00423	0.34306	0.00534
6	0.88738	0.00776	0.00589	0.00527	0.00776	0.00900	0.00434	0.01179	0.00683	0.01799	0.00558	0.00651	0.00434	0.00372	0.00248	0.00124	0.00310	0.00217	0.00248	0.00434
7	0.01072	0.86147	0.02102	0.00686	0.01029	0.01587	0.00686	0.01201	0.00815	0.00944	0.00558	0.00643	0.00515	0.00343	0.00257	0.00086	0.00429	0.00214	0.00172	0.00515
8	0.00590	0.00388	0.00435	0.00435	0.00439	0.00388	0.00245	0.00597	0.00594	0.00806	0.01265	0.02579	0.01441	0.82489	0.01971	0.00377	0.00381	0.00575	0.03757	0.00248
9	0.00757	0.00713	0.01203	0.84942	0.02762	0.00891	0.01114	0.01025	0.00802	0.01025	0.00713	0.01069	0.00535	0.00401	0.00401	0.00134	0.00535	0.00356	0.00178	0.00446
10	0.01090	0.00618	0.00756	0.00634	0.00831	0.00603	0.00503	0.16046	0.01182	0.24859	0.23555	0.02070	0.10877	0.03677	0.07472	0.00176	0.00361	0.00538	0.03642	0.00510
11	0.01363	0.05571	0.01092	0.00922	0.01136	0.57462	0.00708	0.08930	0.07849	0.01230	0.00801	0.00883	0.00641	0.00432	0.00356	0.00106	0.00596	0.00293	0.09135	0.00492
12	0.01077	0.09117	0.05549	0.05764	0.18233	0.15221	0.00836	0.08618	0.02384	0.06028	0.01003	0.06556	0.00902	0.00543	0.01456	0.00125	0.00477	0.07508	0.00264	0.08339
13	0.02908	0.07102	0.20421	0.04836	0.18973	0.05680	0.06080	0.10623	0.03429	0.06761	0.01960	0.02025	0.00691	0.00415	0.00396	0.00119	0.01827	0.00347	0.00247	0.05161
14	0.00614	0.00492	0.00666	0.00702	0.02229	0.00495	0.02976	0.00788	0.03586	0.01152	0.04035	0.19802	0.21205	0.01029	0.00563	0.00163	0.05584	0.33190	0.00353	0.00377
15	0.00544	0.00437	0.02156	0.00517	0.00626	0.00371	0.00399	0.00666	0.00910	0.02890	0.13824	0.25051	0.39300	0.01039	0.00489	0.00146	0.00238	0.09659	0.00380	0.00356
16	0.01007	0.12755	0.13047	0.05011	0.03503	0.07495	0.10954	0.12754	0.10567	0.02454	0.02955	0.10298	0.00982	0.02645	0.00438	0.00131	0.00469	0.00448	0.01554	0.00532
17	0.00943	0.01200	0.19078	0.06258	0.10269	0.06538	0.06463	0.06925	0.03148	0.01248	0.00765	0.03669	0.00650	0.00538	0.01805	0.00143	0.23706	0.00365	0.00214	0.06077
18	0.00644	0.00498	0.00617	0.02109	0.03994	0.00430	0.00427	0.00769	0.00865	0.03651	0.10983	0.24876	0.21180	0.05900	0.00529	0.00138	0.00264	0.00712	0.00334	0.21080
19	0.00943	0.02630	0.02891	0.03058	0.09823	0.10867	0.04287	0.10306	0.02383	0.06365	0.01546	0.26396	0.05537	0.00763	0.00459	0.00139	0.01739	0.07843	0.01551	0.00474

[dist]
# distance from previous block
# <min> <max>
1	99

[block]
# block no. 7 follows, 67 sequences, length 39
# corresponding to MSA columns:
# 923-961
name=unknown_H
#
# <colnr> <probs for GDERKNQSTAVLIFYWHMCP>
#	G	D	E	R	K	N	Q	S	T	A	V	L	I	F	Y	W	H	M	C	P
0	0.05148	0.04339	0.02965	0.08806	0.09321	0.07610	0.01924	0.08947	0.04439	0.05864	0.03074	0.10082	0.08216	0.02172	0.05230	0.00163	0.05671	0.01920	0.02479	0.01629
1	0.04379	0.04100	0.07909	0.08620	0.16798	0.00827	0.00796	0.09717	0.06170	0.02319	0.07446	0.02955	0.01010	0.04559	0.07670	0.01326	0.02838	0.00399	0.01932	0.08229
2	0.00507	0.00390	0.00448	0.00472	0.00548	0.00357	0.00328	0.00587	0.00803	0.01016	0.04839	0.25206	0.39567	0.16170	0.06730	0.00223	0.00305	0.00845	0.00340	0.00321
3	0.01092	0.62872	0.05927	0.00779	0.01098	0.06632	0.02060	0.04899	0.00877	0.02382	0.00620	0.00729	0.00544	0.00446	0.02443	0.00111	0.05532	0.00249	0.00191	0.00518
4	0.00949	0.01145	0.19236	0.07989	0.36372	0.02119	0.07622	0.04733	0.01986	0.04431	0.00926	0.03488	0.02153	0.00521	0.03474	0.00145	0.00526	0.01381	0.00225	0.00578
5	0.00567	0.00407	0.00481	0.00468	0.00576	0.00365	0.00349	0.00717	0.01011	0.02904	0.42407	0.08792	0.30817	0.00883	0.00459	0.00129	0.00200	0.00762	0.07340	0.00366
6	0.00573	0.00430	0.00645	0.00645	0.00716	0.00501	0.00501	0.00716	0.00645	0.00931	0.01074	0.01576	0.01003	0.03008	0.84316	0.00645	0.01074	0.00430	0.00215	0.00358
7	0.00489	0.00349	0.00465	0.00558	0.00582	0.00326	0.00372	0.00558	0.00768	0.01024	0.02210	0.85644	0.02653	0.01256	0.00512	0.00163	0.00233	0.01140	0.00372	0.00326
8	0.01072	0.86147	0.02102	0.00686	0.01029	0.01587	0.00686	0.01201	0.00815	0.00944	0.00558	0.00643	0.00515	0.00343	0.00257	0.00086	0.00429	0.00214	0.00172	0.00515
9	0.01016	0.00900	0.00915	0.00824	0.01050	0.04043	0.00640	0.02112	0.79698	0.01652	0.01595	0.01468	0.01198	0.00539	0.00406	0.00135	0.00332	0.00446	0.00401	0.00629
10	0.00998	0.00862	0.00907	0.00816	0.01043	0.00998	0.00635	0.02131	0.82679	0.01678	0.01632	0.01496	0.01224	0.00544	0.00408	0.00136	0.00317	0.00453	0.00408	0.00635
11	0.00573	0.00428	0.00637	0.00637	0.00706	0.00497	0.00491	0.00711	0.00642	0.00925	0.01081	0.01615	0.01020	0.06161	0.81186	0.00635	0.01048	0.00436	0.00216	0.00354
12	0.00572	0.00423	0.00587	0.00714	0.05066	0.00408	0.00507	0.00689	0.00830	0.01096	0.02144	0.48388	0.05150	0.03124	0.00555	0.00172	0.00295	0.28565	0.00359	0.00356
13	0.02805	0.13364	0.01207	0.00903	0.03467	0.23733	0.00711	0.26393	0.05201	0.02445	0.00962	0.02512	0.03430	0.00711	0.08130	0.00163	0.02693	0.00350	0.00284	0.00537
14	0.00850	0.00774	0.03919	0.01983	0.01031	0.00613	0.02566	0.05110	0.00873	0.01327	0.00781	0.01000	0.00666	0.02090	0.03571	0.00102	0.02368	0.02165	0.00242	0.67968
15	0.06902	0.00931	0.03499	0.04190	0.09732	0.08882	0.04018	0.16634	0.11074	0.02399	0.12054	0.05446	0.01255	0.02127	0.03521	0.01600	0.03297	0.01607	0.00312	0.00518
16	0.00668	0.00548	0.00710	0.02294	0.00767	0.04627	0.00523	0.00762	0.00650	0.00901	0.00980	0.01564	0.00956	0.14162	0.51157	0.06906	0.10844	0.00426	0.00210	0.00345
17	0.01227	0.04531	0.02367	0.05422	0.07209	0.33522	0.00813	0.07066	0.09113	0.05678	0.01705	0.00971	0.00686	0.01858	0.00575	0.00129	0.16034	0.00331	0.00249	0.00515
18	0.00588	0.00401	0.00461	0.00460	0.00460	0.00411	0.00266	0.00593	0.00591	0.00792	0.01277	0.05644	0.01475	0.80324	0.01964	0.00374	0.02822	0.00597	0.00246	0.00252
19	0.00831	0.00708	0.00826	0.00617	0.00948	0.00565	0.00494	0.01079	0.06795	0.01322	0.00839	0.01031	0.00711	0.00403	0.02118	0.00082	0.00318	0.03190	0.00254	0.76870
20	0.00979	0.11050	0.01199	0.05640	0.22815	0.07937	0.00775	0.07301	0.05202	0.04138	0.01113	0.17979	0.01074	0.00570	0.00393	0.00119	0.00411	0.01514	0.00273	0.09518
21	0.00928	0.01030	0.02188	0.01718	0.11037	0.00972	0.68840	0.01242	0.00934	0.01274	0.00876	0.05379	0.00716	0.00387	0.00467	0.00135	0.00631	0.00494	0.00211	0.00540
22	0.02033	0.05828	0.30664	0.07407	0.06732	0.08115	0.08080	0.09361	0.03916	0.04366	0.02549	0.00970	0.00661	0.00421	0.00431	0.00124	0.04712	0.00338	0.00231	0.03061
23	0.00951	0.05675	0.13992	0.02515	0.06925	0.03869	0.08420	0.18649	0.04942	0.01457	0.01245	0.22647	0.02558	0.00651	0.00459	0.00134	0.03535	0.00561	0.00293	0.00523
24	0.00551	0.00401	0.00519	0.00508	0.00594	0.00369	0.00374	0.00719	0.01070	0.01496	0.67333	0.15312	0.07465	0.00894	0.00479	0.00132	0.00196	0.00793	0.00428	0.00369
25	0.00577	0.00383	0.00440	0.00458	0.00543	0.00354	0.00331	0.00713	0.00902	0.01299	0.19769	0.24460	0.21374	0.00879	0.00428	0.00129	0.00203	0.00761	0.25643	0.00354
26	0.02313	0.24838	0.29629	0.04120	0.05815	0.07221	0.06563	0.07627	0.03988	0.02332	0.00735	0.00851	0.00571	0.00388	0.00365	0.00115	0.01458	0.00300	0.00209	0.00561
27	0.00943	0.00810	0.06555	0.02514	0.11080	0.00763	0.02155	0.08826	0.21816	0.08517	0.20000	0.04399	0.05237	0.00666	0.02385	0.00142	0.00361	0.01923	0.00365	0.00543
28	0.00841	0.00641	0.00713	0.00658	0.00825	0.00691	0.00506	0.02951	0.39777	0.04668	0.20333	0.08483	0.07093	0.00690	0.00426	0.00132	0.00267	0.01789	0.08007	0.00510
29	0.08592	0.00850	0.00979	0.00767	0.01060	0.00870	0.00630	0.32556	0.04768	0.37936	0.03006	0.01198	0.00899	0.00489	0.00387	0.00122	0.00367	0.00380	0.03498	0.00643
30	0.01221	0.26276	0.12150	0.05741	0.04066	0.12028	0.12253	0.07434	0.05152	0.06327	0.00928	0.02850	0.00757	0.00481	0.00410	0.00133	0.00551	0.00370	0.00272	0.00601
31	0.00576	0.00389	0.00476	0.00498	0.00514	0.00390	0.00317	0.00604	0.00641	0.00858	0.01449	0.16631	0.01658	0.56036	0.07695	0.03841	0.00410	0.06477	0.00269	0.00272
32	0.00877	0.00492	0.00591	0.00540	0.00675	0.00464	0.00399	0.01072	0.07333	0.19697	0.14175	0.11325	0.14133	0.16084	0.00718	0.00176	0.00276	0.00631	0.09913	0.00430
33	0.01982	0.03409	0.12535	0.02058	0.13589	0.07227	0.10184	0.07992	0.03315	0.07150	0.02519	0.07207	0.02945	0.04346	0.04211	0.00163	0.06188	0.00443	0.02014	0.00524
34	0.01046	0.17025	0.09135	0.04702	0.16046	0.08416	0.08599	0.08844	0.03305	0.04993	0.00978	0.09097	0.02254	0.00494	0.00418	0.00122	0.03321	0.00416	0.00248	0.00542
35	0.00625	0.02975	0.00687	0.00789	0.11333	0.03657	0.00488	0.00727	0.00822	0.01070	0.06851	0.38669	0.14926	0.10509	0.03837	0.00190	0.00331	0.00818	0.00321	0.00374
36	0.00852	0.03839	0.01636	0.04113	0.02636	0.10201	0.00540	0.05838	0.05411	0.05128	0.12379	0.11931	0.15196	0.04585	0.00556	0.02680	0.02462	0.04092	0.05500	0.00426
37	0.01016	0.08800	0.12558	0.04001	0.13687	0.14974	0.12388	0.05157	0.04586	0.03304	0.01812	0.02889	0.05650	0.00617	0.05442	0.00153	0.00558	0.01644	0.00240	0.00527
38	0.07180	0.02737	0.09910	0.01902	0.10828	0.08207	0.10396	0.06750	0.04635	0.02318	0.06591	0.06638	0.04765	0.00516	0.00406	0.00120	0.01500	0.02275	0.01682	0.10645

[dist]
# distance from previous block
# <min> <max>
2	43

[block]
# block no. 8 follows, 67 sequences, length 7
# corresponding to MSA columns:
# 1011-1017
name=unknown_I
#
# <colnr> <probs for GDERKNQSTAVLIFYWHMCP>
#	G	D	E	R	K	N	Q	S	T	A	V	L	I	F	Y	W	H	M	C	P
0	0.03351	0.00976	0.01216	0.18572	0.19750	0.06302	0.00904	0.27598	0.09387	0.01655	0.00906	0.01057	0.00697	0.00580	0.05162	0.00153	0.00506	0.00362	0.00284	0.00580
1	0.00573	0.00492	0.00653	0.06267	0.00845	0.00477	0.05068	0.00739	0.03647	0.01142	0.08691	0.17522	0.42288	0.00942	0.00509	0.00144	0.03336	0.05943	0.00349	0.00373
2	0.03640	0.05279	0.00821	0.00682	0.00840	0.00753	0.00535	0.12013	0.15687	0.01394	0.05151	0.13572	0.08137	0.10992	0.00681	0.00167	0.06042	0.07828	0.00334	0.05450
3	0.01153	0.29662	0.04623	0.03601	0.02825	0.15199	0.04264	0.12950	0.06723	0.02944	0.00833	0.01059	0.00707	0.00465	0.00426	0.00116	0.06849	0.04822	0.00247	0.00532
4	0.00600	0.00432	0.00542	0.00593	0.05826	0.00434	0.00348	0.00650	0.00665	0.00897	0.06005	0.02502	0.06993	0.60260	0.11304	0.00369	0.00450	0.00577	0.00257	0.00296
5	0.02507	0.00498	0.00636	0.03226	0.00738	0.00500	0.03024	0.04999	0.04458	0.04851	0.14464	0.17878	0.04962	0.26479	0.00968	0.02998	0.00323	0.03430	0.02691	0.00368
6	0.05022	0.00818	0.01007	0.09634	0.15621	0.06436	0.01788	0.09800	0.10795	0.07562	0.05595	0.09024	0.02614	0.01679	0.00448	0.00132	0.02367	0.03174	0.05965	0.00520

[dist]
# distance from previous block
# <min> <max>
0	19

[block]
# block no. 9 follows, 67 sequences, length 25
# corresponding to MSA columns:
# 1037-1061
name=unknown_J
#
# <colnr> <probs for GDERKNQSTAVLIFYWHMCP>
#	G	D	E	R	K	N	Q	S	T	A	V	L	I	F	Y	W	H	M	C	P
0	0.04213	0.00732	0.01013	0.03094	0.24696	0.04130	0.03521	0.06283	0.03531	0.01246	0.04576	0.14431	0.02693	0.11337	0.10982	0.00226	0.02027	0.00536	0.00267	0.00467
1	0.02841	0.04999	0.04044	0.12728	0.45486	0.06774	0.01051	0.08145	0.00980	0.01346	0.00740	0.00941	0.00601	0.00373	0.00378	0.00114	0.00482	0.00330	0.00216	0.07433
2	0.00682	0.00543	0.00683	0.00737	0.07899	0.01540	0.00484	0.00934	0.12226	0.01134	0.10048	0.04780	0.07774	0.24450	0.19334	0.00313	0.00496	0.01971	0.01248	0.02723
3	0.00509	0.00365	0.00467	0.00535	0.00581	0.00337	0.00369	0.00601	0.00827	0.01113	0.10799	0.63778	0.10759	0.01153	0.00496	0.00154	0.00226	0.02826	0.03769	0.00335
4	0.00529	0.00403	0.00451	0.00447	0.00528	0.00372	0.00309	0.00611	0.00812	0.01036	0.12649	0.03174	0.40369	0.28961	0.07411	0.00256	0.00329	0.00713	0.00326	0.00314
5	0.00575	0.00384	0.00498	0.00540	0.00602	0.00354	0.00380	0.00686	0.00887	0.04613	0.22206	0.53025	0.06779	0.01071	0.00487	0.00148	0.00225	0.02261	0.03921	0.00357
6	0.00529	0.00403	0.00487	0.00478	0.00579	0.00360	0.00354	0.00678	0.01027	0.01380	0.49528	0.11673	0.29209	0.00927	0.00477	0.00133	0.00198	0.00806	0.00412	0.00360
7	0.82255	0.00753	0.00592	0.00534	0.00773	0.00864	0.00435	0.01169	0.00699	0.03893	0.00664	0.04735	0.00555	0.00418	0.00265	0.00126	0.00307	0.00266	0.00261	0.00436
8	0.01268	0.00936	0.01027	0.00875	0.02737	0.01039	0.00686	0.30025	0.44047	0.10805	0.01376	0.01286	0.00998	0.00513	0.00405	0.00129	0.00366	0.00414	0.00411	0.00656
9	0.00573	0.00430	0.00645	0.00645	0.00716	0.00501	0.00501	0.00716	0.00645	0.00931	0.01074	0.01576	0.01003	0.03008	0.84316	0.00645	0.01074	0.00430	0.00215	0.00358
10	0.01138	0.00891	0.00936	0.00796	0.01026	0.04154	0.00628	0.32114	0.28450	0.04533	0.07794	0.10055	0.04452	0.00626	0.00422	0.00130	0.00358	0.00515	0.00398	0.00585
11	0.00475	0.00403	0.00409	0.00414	0.00544	0.00338	0.00308	0.00575	0.00906	0.01080	0.03966	0.08133	0.79030	0.01028	0.00476	0.00137	0.00205	0.00862	0.00372	0.00338
12	0.88738	0.00776	0.00589	0.00527	0.00776	0.00900	0.00434	0.01179	0.00683	0.01799	0.00558	0.00651	0.00434	0.00372	0.00248	0.00124	0.00310	0.00217	0.00248	0.00434
13	0.00993	0.00953	0.01628	0.02462	0.83404	0.00953	0.01231	0.01231	0.00913	0.01310	0.00754	0.00993	0.00635	0.00357	0.00397	0.00119	0.00476	0.00357	0.00199	0.00635
14	0.00804	0.02074	0.83828	0.01143	0.01736	0.00931	0.01482	0.01270	0.00847	0.01270	0.00720	0.00847	0.00508	0.00381	0.00381	0.00127	0.00593	0.00296	0.00169	0.00593
15	0.00898	0.00866	0.01333	0.27404	0.42243	0.05016	0.01055	0.01107	0.00842	0.01136	0.00776	0.01163	0.00677	0.09084	0.00608	0.00153	0.04549	0.00375	0.00196	0.00519
16	0.00490	0.00360	0.00460	0.00535	0.00577	0.00330	0.00363	0.00570	0.00805	0.01059	0.06172	0.70508	0.13894	0.01203	0.00505	0.00157	0.00227	0.01080	0.00375	0.00330
17	0.06203	0.00668	0.00879	0.00691	0.00976	0.00603	0.00568	0.03318	0.01095	0.69073	0.01578	0.01431	0.04135	0.00679	0.06055	0.00160	0.00386	0.00412	0.00458	0.00634
18	0.00609	0.00452	0.00509	0.00498	0.00625	0.00410	0.00373	0.05565	0.00976	0.04636	0.12264	0.18511	0.48638	0.01017	0.01788	0.00147	0.00243	0.01980	0.00385	0.00376
19	0.19217	0.06221	0.10438	0.02401	0.04803	0.05671	0.02526	0.14162	0.01093	0.28220	0.00992	0.00989	0.00686	0.00430	0.00359	0.00121	0.00423	0.00326	0.00332	0.00590
20	0.00477	0.00394	0.00419	0.00438	0.00550	0.00336	0.00319	0.00572	0.00883	0.01071	0.03672	0.21112	0.66241	0.01066	0.00482	0.00141	0.00209	0.00908	0.00372	0.00336
21	0.01448	0.00769	0.00988	0.00779	0.01051	0.00755	0.04841	0.22697	0.03915	0.40901	0.02863	0.07632	0.01076	0.00546	0.00406	0.00124	0.00360	0.00456	0.07777	0.00615
22	0.01001	0.01203	0.18002	0.08805	0.34809	0.03858	0.13334	0.06840	0.00973	0.04006	0.00805	0.02085	0.00633	0.00394	0.00417	0.00125	0.01533	0.00371	0.00218	0.00589
23	0.02597	0.00890	0.06070	0.25754	0.26248	0.01998	0.02320	0.02276	0.07281	0.09740	0.02025	0.02658	0.00762	0.01642	0.00485	0.01183	0.04891	0.00386	0.00247	0.00545
24	0.00497	0.00361	0.00464	0.00543	0.00580	0.00335	0.00369	0.00571	0.00782	0.01027	0.02376	0.70023	0.11658	0.04727	0.00572	0.00170	0.00241	0.04010	0.00367	0.00325

[dist]
# distance from previous block
# <min> <max>
1	8

[block]
# block no. 10 follows, 67 sequences, length 6
# corresponding to MSA columns:
# 1070-1075
name=unknown_K
#
# <colnr> <probs for GDERKNQSTAVLIFYWHMCP>
#	G	D	E	R	K	N	Q	S	T	A	V	L	I	F	Y	W	H	M	C	P
0	0.00965	0.00752	0.00741	0.00658	0.00849	0.05438	0.00511	0.09679	0.34042	0.01622	0.01425	0.01441	0.03703	0.00506	0.00356	0.00114	0.00302	0.00407	0.31460	0.05032
1	0.03441	0.00874	0.01352	0.05920	0.39726	0.00860	0.07444	0.06048	0.05851	0.01391	0.00882	0.03543	0.00749	0.00408	0.00387	0.00113	0.00434	0.02202	0.00241	0.18134
2	0.00512	0.00397	0.00448	0.00469	0.00571	0.00350	0.00348	0.00627	0.00908	0.01162	0.13009	0.20643	0.47943	0.01021	0.00477	0.00141	0.00217	0.05841	0.04571	0.00344
3	0.00583	0.00439	0.00597	0.00590	0.00641	0.00489	0.00433	0.00684	0.00683	0.00956	0.07100	0.07395	0.05402	0.23214	0.43414	0.00460	0.05783	0.00550	0.00253	0.00333
4	0.00721	0.00448	0.00555	0.00531	0.00654	0.00411	0.00404	0.00898	0.03245	0.11660	0.34016	0.13709	0.18905	0.00860	0.00459	0.00134	0.00230	0.05227	0.06525	0.00408
5	0.01141	0.11302	0.03696	0.02502	0.01207	0.14631	0.07847	0.19574	0.04793	0.04390	0.00920	0.03071	0.00761	0.00672	0.07749	0.00157	0.00533	0.02417	0.00277	0.12360

[dist]
# distance from previous block
# <min> <max>
16	40

[block]
# block no. 11 follows, 67 sequences, length 14
# corresponding to MSA columns:
# 1132-1145
name=unknown_L
#
# <colnr> <probs for GDERKNQSTAVLIFYWHMCP>
#	G	D	E	R	K	N	Q	S	T	A	V	L	I	F	Y	W	H	M	C	P
0	0.05480	0.10423	0.08204	0.00960	0.05656	0.06354	0.00767	0.05422	0.01066	0.08571	0.04377	0.04958	0.06561	0.00641	0.00504	0.00147	0.05168	0.02857	0.00343	0.21542
1	0.01043	0.03887	0.14107	0.00960	0.05203	0.10857	0.02595	0.14543	0.09589	0.03787	0.02701	0.03901	0.00911	0.07014	0.01946	0.00154	0.08370	0.02310	0.02363	0.03759
2	0.06688	0.26247	0.27447	0.01023	0.06538	0.06880	0.03350	0.10798	0.00968	0.01327	0.00708	0.02252	0.00575	0.00406	0.00374	0.00114	0.03243	0.00298	0.00212	0.00553
3	0.01098	0.00672	0.00745	0.00627	0.00827	0.00696	0.00497	0.22699	0.09247	0.14016	0.06935	0.01653	0.07945	0.02366	0.00410	0.00121	0.00296	0.00449	0.28179	0.00522
4	0.04815	0.00795	0.02518	0.00908	0.05986	0.09799	0.14510	0.02117	0.00988	0.06660	0.18338	0.01959	0.07470	0.01766	0.01523	0.00135	0.00402	0.06195	0.12662	0.00455
5	0.00536	0.00405	0.00494	0.00480	0.00581	0.00364	0.00357	0.00692	0.01048	0.01419	0.55163	0.08552	0.26636	0.00904	0.00476	0.00131	0.00196	0.00787	0.00417	0.00364
6	0.00820	0.00784	0.01134	0.00974	0.01007	0.01047	0.04578	0.00929	0.00642	0.00990	0.00678	0.01075	0.00653	0.03878	0.13621	0.00247	0.62397	0.00377	0.03747	0.00422
7	0.00497	0.00364	0.00468	0.00542	0.00586	0.00335	0.00373	0.00582	0.00815	0.01074	0.07649	0.67572	0.12694	0.01194	0.00506	0.00158	0.00231	0.03651	0.00377	0.00332
8	0.11018	0.00460	0.00543	0.00509	0.00630	0.00442	0.00387	0.00828	0.01048	0.04625	0.60326	0.06416	0.09705	0.00790	0.00446	0.00128	0.00212	0.00682	0.00412	0.00391
9	0.01182	0.00937	0.00992	0.00748	0.01080	0.06186	0.00605	0.30500	0.01252	0.06506	0.00848	0.00903	0.00644	0.00383	0.00345	0.00088	0.00379	0.00293	0.00310	0.45818
10	0.00574	0.00429	0.00531	0.00584	0.00664	0.00412	0.00451	0.00728	0.04154	0.01100	0.02483	0.23939	0.21363	0.10955	0.00692	0.00189	0.00297	0.29751	0.00358	0.00347
11	0.18496	0.03143	0.05210	0.18478	0.08376	0.14255	0.07830	0.05771	0.04741	0.01350	0.00723	0.00900	0.00567	0.00409	0.00410	0.00123	0.04895	0.00317	0.00225	0.03782
12	0.00819	0.08067	0.00961	0.00925	0.12707	0.07784	0.01891	0.02381	0.12069	0.01273	0.12878	0.03477	0.20086	0.00800	0.04244	0.00153	0.01533	0.07168	0.00318	0.00466
13	0.00636	0.04267	0.00633	0.00580	0.00690	0.00480	0.00427	0.00840	0.08138	0.02915	0.17042	0.43084	0.05787	0.02224	0.00486	0.00144	0.00254	0.03182	0.00369	0.07825

[dist]
# distance from previous block
# <min> <max>
11	24

[block]
# block no. 12 follows, 67 sequences, length 18
# corresponding to MSA columns:
# 1181-1198
name=unknown_M
#
# <colnr> <probs for GDERKNQSTAVLIFYWHMCP>
#	G	D	E	R	K	N	Q	S	T	A	V	L	I	F	Y	W	H	M	C	P
0	0.00889	0.09319	0.35668	0.03730	0.11317	0.05505	0.01065	0.05957	0.02470	0.01306	0.06399	0.05967	0.01033	0.00523	0.00400	0.00128	0.00490	0.07056	0.00239	0.00538
1	0.00981	0.17830	0.05361	0.22136	0.07532	0.06607	0.07258	0.06398	0.00945	0.05839	0.01106	0.04147	0.07555	0.00494	0.00409	0.00123	0.02503	0.02034	0.00241	0.00503
2	0.00696	0.00469	0.00530	0.00518	0.00646	0.00454	0.00400	0.00961	0.10527	0.05423	0.15523	0.07017	0.26093	0.00799	0.00428	0.00130	0.00235	0.08320	0.20425	0.00407
3	0.00519	0.00406	0.00468	0.00463	0.00573	0.00358	0.00346	0.00654	0.00988	0.01286	0.35236	0.07861	0.43560	0.02608	0.00508	0.00140	0.00208	0.03068	0.00397	0.00353
4	0.41576	0.00715	0.00732	0.00681	0.05284	0.00762	0.00511	0.08242	0.00951	0.16607	0.10104	0.01177	0.01005	0.00463	0.00326	0.00120	0.00310	0.00344	0.09590	0.00499
5	0.00525	0.00387	0.00444	0.00462	0.00519	0.00357	0.00305	0.00592	0.00783	0.01011	0.10236	0.22267	0.27719	0.31395	0.01043	0.00231	0.00275	0.00809	0.00333	0.00305
6	0.00894	0.00737	0.01009	0.23935	0.07521	0.02069	0.03272	0.14683	0.02955	0.03970	0.09210	0.03201	0.13892	0.00640	0.02223	0.00141	0.04720	0.00491	0.03954	0.00484
7	0.00791	0.00670	0.00789	0.00590	0.00907	0.00510	0.00463	0.00957	0.00824	0.01274	0.00888	0.10778	0.00835	0.00410	0.00322	0.00072	0.00289	0.00343	0.00253	0.78034
