[name]
unknown

[dist]
# distance from previous block
# <min> <max>
3	123

[block]
# block no. 0 follows, 63 sequences, length 13
# corresponding to MSA columns:
# 123-135
name=unknown_A
#
# <colnr> <probs for GDERKNQSTAVLIFYWHMCP>
#	G	D	E	R	K	N	Q	S	T	A	V	L	I	F	Y	W	H	M	C	P
0	0.00582	0.00391	0.00513	0.00588	0.00638	0.00361	0.00406	0.00666	0.00841	0.04933	0.02432	0.71914	0.08803	0.01255	0.00530	0.00167	0.00252	0.03972	0.00396	0.00362
1	0.01153	0.33115	0.05609	0.03472	0.04621	0.10066	0.00782	0.16921	0.04273	0.01445	0.07528	0.04652	0.00994	0.00541	0.01724	0.00124	0.01772	0.00376	0.00275	0.00556
2	0.00900	0.01450	0.36203	0.01226	0.05019	0.03675	0.19463	0.04715	0.00986	0.02657	0.03959	0.08211	0.06657	0.00532	0.00442	0.00136	0.00548	0.00487	0.00248	0.02486
3	0.00543	0.00390	0.00482	0.00531	0.00570	0.00365	0.00350	0.00616	0.00816	0.01083	0.10814	0.47187	0.11585	0.21592	0.00917	0.00221	0.00275	0.00973	0.00365	0.00328
4	0.00591	0.00458	0.00545	0.00585	0.01903	0.00430	0.00414	0.03392	0.04377	0.01250	0.11569	0.36667	0.29756	0.02462	0.00536	0.00158	0.00251	0.03875	0.00396	0.00383
5	0.03799	0.32202	0.01387	0.00782	0.01022	0.10079	0.03269	0.08057	0.02868	0.05338	0.02984	0.18153	0.01219	0.02895	0.00446	0.00132	0.01454	0.03124	0.00289	0.00502
6	0.05744	0.21363	0.01341	0.00953	0.09594	0.01042	0.00722	0.07569	0.12280	0.29139	0.03914	0.01206	0.00950	0.00480	0.00396	0.00122	0.01815	0.00374	0.00364	0.00632
7	0.00590	0.00423	0.00509	0.00521	0.00619	0.00384	0.00376	0.00702	0.00928	0.04637	0.16512	0.26241	0.33525	0.05445	0.06443	0.00199	0.00299	0.00888	0.00390	0.00370
8	0.00919	0.02490	0.11244	0.08718	0.21494	0.07684	0.03678	0.04867	0.00960	0.02345	0.03990	0.14240	0.05518	0.03387	0.02744	0.00160	0.04240	0.00537	0.00264	0.00519
9	0.17606	0.04206	0.10309	0.08825	0.15267	0.00984	0.02948	0.13436	0.06333	0.10523	0.00967	0.02258	0.00729	0.00449	0.00382	0.00129	0.00443	0.00362	0.03251	0.00594
10	0.10353	0.01248	0.03928	0.01095	0.01398	0.19215	0.19119	0.21020	0.04993	0.05728	0.00988	0.05899	0.00802	0.01789	0.00445	0.00134	0.00550	0.00422	0.00305	0.00570
11	0.06017	0.00822	0.09052	0.11704	0.07828	0.02676	0.02319	0.05098	0.04748	0.03134	0.08791	0.05849	0.18335	0.00718	0.00517	0.06313	0.00383	0.00546	0.04682	0.00468
12	0.01200	0.09707	0.07240	0.01059	0.12041	0.08083	0.00791	0.18139	0.06305	0.11586	0.01309	0.06957	0.05713	0.05234	0.02646	0.00156	0.00467	0.00459	0.00327	0.00581

[dist]
# distance from previous block
# <min> <max>
13	73

[block]
# block no. 1 follows, 63 sequences, length 22
# corresponding to MSA columns:
# 218-239
name=unknown_B
#
# <colnr> <probs for GDERKNQSTAVLIFYWHMCP>
#	G	D	E	R	K	N	Q	S	T	A	V	L	I	F	Y	W	H	M	C	P
0	0.02698	0.07060	0.14783	0.03104	0.04853	0.21368	0.04830	0.08158	0.02552	0.12307	0.02281	0.05529	0.00826	0.00480	0.00397	0.00120	0.00531	0.00381	0.00285	0.07459
1	0.00987	0.24301	0.10114	0.02936	0.03261	0.06959	0.03158	0.08910	0.05156	0.01327	0.05019	0.05992	0.09348	0.00679	0.04027	0.00144	0.00472	0.02033	0.00276	0.04902
2	0.05140	0.11878	0.12825	0.05265	0.08022	0.02482	0.12325	0.08656	0.06142	0.09029	0.05728	0.05232	0.03314	0.00512	0.00426	0.00130	0.01587	0.00442	0.00293	0.00573
3	0.00693	0.00490	0.00565	0.00563	0.00669	0.02565	0.00411	0.00837	0.04557	0.06688	0.17731	0.22314	0.25161	0.04743	0.00658	0.06916	0.00273	0.03392	0.00388	0.00384
4	0.00687	0.00461	0.00544	0.00538	0.00600	0.00456	0.00359	0.03328	0.04702	0.03892	0.15094	0.19772	0.04223	0.38298	0.01216	0.00261	0.00321	0.00735	0.04161	0.00354
5	0.07741	0.05432	0.04193	0.03025	0.02654	0.01666	0.08503	0.09885	0.04420	0.12290	0.09311	0.13137	0.04774	0.00734	0.01923	0.03840	0.03724	0.00549	0.01686	0.00514
6	0.01034	0.01030	0.01586	0.21507	0.52364	0.07655	0.04702	0.02748	0.00969	0.01298	0.00776	0.01040	0.00631	0.00392	0.00418	0.00128	0.00543	0.00371	0.00208	0.00601
7	0.00931	0.00641	0.00716	0.00645	0.00818	0.00651	0.00499	0.20854	0.05692	0.06447	0.05692	0.19263	0.20711	0.00838	0.00454	0.00139	0.00298	0.02671	0.11553	0.00487
8	0.00571	0.00409	0.00485	0.00512	0.00577	0.00387	0.00356	0.00662	0.00833	0.01109	0.09101	0.23139	0.21968	0.23197	0.04561	0.00242	0.00320	0.05732	0.05505	0.00334
9	0.04435	0.12474	0.23634	0.02025	0.09638	0.07753	0.12582	0.12126	0.02395	0.03724	0.03708	0.01054	0.01740	0.00432	0.00400	0.00125	0.00545	0.00364	0.00251	0.00593
10	0.03732	0.00704	0.00854	0.00714	0.00959	0.00692	0.00568	0.07248	0.16073	0.39370	0.08042	0.08243	0.02559	0.00620	0.00424	0.00133	0.00323	0.00516	0.07614	0.00612
11	0.00534	0.00417	0.00489	0.00535	0.00623	0.00379	0.00386	0.00667	0.03327	0.01152	0.05795	0.40101	0.36969	0.01161	0.00518	0.00158	0.00240	0.05795	0.00394	0.00362
12	0.01054	0.34192	0.22974	0.03125	0.03593	0.05419	0.03476	0.01421	0.10888	0.04374	0.00890	0.03809	0.00733	0.00447	0.00378	0.00118	0.01960	0.00340	0.00234	0.00575
13	0.00636	0.00466	0.00590	0.02885	0.00745	0.00468	0.00455	0.03692	0.06822	0.02580	0.02187	0.55213	0.07889	0.05578	0.05145	0.00204	0.00328	0.03354	0.00375	0.00388
14	0.00544	0.00401	0.00498	0.00535	0.00601	0.00368	0.00375	0.00653	0.00922	0.01228	0.23410	0.39213	0.18083	0.08211	0.00655	0.00176	0.00244	0.03135	0.00398	0.00352
15	0.00676	0.00432	0.00529	0.00558	0.00633	0.00412	0.00387	0.00812	0.04336	0.07203	0.02223	0.44901	0.11628	0.12282	0.02774	0.00200	0.00292	0.00900	0.08445	0.00379
16	0.05314	0.03890	0.11180	0.15084	0.05316	0.04588	0.06055	0.17076	0.07296	0.04044	0.03696	0.05837	0.04409	0.00540	0.00445	0.00134	0.02754	0.00447	0.01333	0.00561
17	0.04683	0.00919	0.04779	0.18979	0.29972	0.00940	0.01006	0.11547	0.03663	0.03502	0.01090	0.01322	0.05195	0.00581	0.03548	0.00153	0.02771	0.01741	0.03035	0.00574
18	0.01168	0.03439	0.02865	0.10965	0.29978	0.24217	0.04510	0.07318	0.02309	0.01326	0.00859	0.04587	0.00730	0.00453	0.00407	0.00123	0.00562	0.00383	0.03235	0.00565
19	0.04677	0.00753	0.00972	0.00914	0.11458	0.00652	0.02971	0.01110	0.05382	0.01368	0.01006	0.08020	0.02176	0.00556	0.03930	0.00117	0.00377	0.00382	0.00266	0.52913
20	0.00922	0.00806	0.03084	0.00904	0.01052	0.03181	0.06323	0.12881	0.00942	0.03831	0.01086	0.09221	0.01028	0.04175	0.25372	0.00316	0.19469	0.02198	0.00272	0.02936
21	0.00592	0.00496	0.04067	0.02188	0.00725	0.01612	0.00460	0.00700	0.00862	0.03688	0.05784	0.62657	0.12243	0.01173	0.00516	0.00161	0.00272	0.01048	0.00382	0.00374

[dist]
# distance from previous block
# <min> <max>
6	39

[block]
# block no. 2 follows, 63 sequences, length 10
# corresponding to MSA columns:
# 282-291
name=unknown_C
#
# <colnr> <probs for GDERKNQSTAVLIFYWHMCP>
#	G	D	E	R	K	N	Q	S	T	A	V	L	I	F	Y	W	H	M	C	P
0	0.05772	0.14319	0.05795	0.07697	0.07017	0.12744	0.06014	0.08861	0.06274	0.04317	0.02798	0.03727	0.02801	0.05747	0.00543	0.00144	0.04228	0.00402	0.00268	0.00533
1	0.03381	0.04654	0.05856	0.02812	0.06173	0.13070	0.05094	0.09780	0.08508	0.01332	0.02569	0.01623	0.03049	0.23761	0.00890	0.00202	0.01713	0.00447	0.04605	0.00479
2	0.05862	0.00552	0.00682	0.00634	0.00771	0.00540	0.02437	0.05725	0.02350	0.12860	0.10342	0.15868	0.08553	0.17112	0.00792	0.00198	0.00330	0.10041	0.03923	0.00432
3	0.00617	0.00466	0.00607	0.03771	0.03453	0.00463	0.00476	0.00769	0.04816	0.01169	0.08854	0.34637	0.15482	0.06321	0.00686	0.04860	0.01791	0.08258	0.02130	0.00373
4	0.04962	0.07865	0.12275	0.04471	0.08530	0.05236	0.05975	0.11641	0.00998	0.01410	0.00925	0.05813	0.02022	0.00673	0.05540	0.00162	0.11120	0.00399	0.02355	0.07628
5	0.00742	0.00560	0.00743	0.00668	0.00766	0.00594	0.04366	0.02947	0.04101	0.03812	0.11331	0.08468	0.17577	0.14938	0.03099	0.08267	0.11542	0.00634	0.04457	0.00386
6	0.02654	0.00634	0.00728	0.00659	0.00814	0.00651	0.00495	0.19626	0.03938	0.08981	0.01932	0.23715	0.12638	0.11824	0.05697	0.00209	0.00379	0.00701	0.03255	0.00471
7	0.01055	0.11916	0.03851	0.00702	0.00946	0.06615	0.00588	0.09287	0.06857	0.10096	0.10441	0.06162	0.06046	0.02261	0.00427	0.00122	0.00361	0.01773	0.10192	0.10300
8	0.01008	0.00846	0.03561	0.09561	0.06721	0.06369	0.03938	0.09732	0.08943	0.09688	0.07825	0.12174	0.10894	0.00682	0.00447	0.00136	0.00399	0.02037	0.02284	0.02754
9	0.03229	0.00908	0.01009	0.05936	0.03274	0.13048	0.04079	0.06349	0.03851	0.01197	0.01065	0.06251	0.02745	0.16458	0.04737	0.00218	0.19996	0.00470	0.04738	0.00444

[dist]
# distance from previous block
# <min> <max>
2	20

[block]
# block no. 3 follows, 63 sequences, length 15
# corresponding to MSA columns:
# 312-326
name=unknown_D
#
# <colnr> <probs for GDERKNQSTAVLIFYWHMCP>
#	G	D	E	R	K	N	Q	S	T	A	V	L	I	F	Y	W	H	M	C	P
0	0.02689	0.00501	0.00578	0.00565	0.00696	0.00473	0.00425	0.05865	0.03295	0.06013	0.15229	0.22438	0.32117	0.02596	0.00525	0.00153	0.00260	0.04765	0.00406	0.00412
1	0.03302	0.08272	0.03724	0.22219	0.10175	0.03790	0.03539	0.04893	0.07494	0.05334	0.05137	0.11768	0.05180	0.00601	0.00451	0.00136	0.02667	0.00512	0.00287	0.00518
2	0.01132	0.01224	0.04888	0.19883	0.14002	0.20776	0.07870	0.10777	0.06289	0.01373	0.00974	0.03781	0.02926	0.00480	0.00436	0.00130	0.01847	0.00404	0.00254	0.00552
3	0.01086	0.00871	0.01266	0.01392	0.25097	0.06220	0.09806	0.04616	0.02723	0.13798	0.04525	0.09602	0.04230	0.00766	0.06389	0.00173	0.02528	0.01590	0.02760	0.00561
4	0.00665	0.00520	0.00590	0.00586	0.00696	0.02577	0.00434	0.03141	0.08899	0.01415	0.28080	0.23808	0.16597	0.01021	0.03048	0.00160	0.00279	0.02360	0.04712	0.00412
5	0.18023	0.06134	0.05180	0.05475	0.28718	0.02235	0.00884	0.10030	0.02808	0.06299	0.00964	0.03299	0.02321	0.05338	0.00481	0.00143	0.00442	0.00382	0.00271	0.00573
6	0.04529	0.01129	0.05220	0.14688	0.05553	0.11775	0.05850	0.26427	0.04480	0.07068	0.03001	0.02474	0.03872	0.00513	0.00434	0.01172	0.00505	0.00409	0.00318	0.00584
7	0.00739	0.00450	0.00600	0.00595	0.00640	0.00463	0.00415	0.00762	0.04964	0.05194	0.01447	0.19615	0.06038	0.11287	0.03284	0.37801	0.04503	0.00614	0.00279	0.00307
8	0.00624	0.00424	0.00495	0.00547	0.03325	0.00395	0.00380	0.00765	0.00918	0.01312	0.10207	0.20810	0.25559	0.02487	0.00475	0.00140	0.00233	0.03796	0.26732	0.00377
9	0.02815	0.02992	0.01268	0.06305	0.12816	0.04123	0.18249	0.02792	0.02508	0.03421	0.03917	0.07619	0.17386	0.05753	0.02182	0.00166	0.01693	0.03220	0.00290	0.00485
10	0.03445	0.02771	0.02899	0.00728	0.02032	0.01917	0.02896	0.05184	0.13213	0.10105	0.04210	0.19516	0.16835	0.04175	0.03884	0.00177	0.00365	0.04789	0.00376	0.00483
11	0.00849	0.00562	0.00656	0.00608	0.00760	0.00562	0.00468	0.09924	0.06778	0.08731	0.11405	0.12403	0.19999	0.02677	0.08101	0.00192	0.00356	0.03405	0.11108	0.00458
12	0.00947	0.00790	0.02386	0.00688	0.00881	0.07281	0.00543	0.15215	0.10766	0.05628	0.19591	0.02427	0.22645	0.04994	0.03193	0.00164	0.00365	0.00610	0.00392	0.00494
13	0.05686	0.13723	0.07109	0.03214	0.01204	0.22181	0.05153	0.04309	0.04290	0.07853	0.01003	0.06335	0.01759	0.05720	0.02222	0.00153	0.04961	0.00401	0.02215	0.00510
14	0.02574	0.00517	0.00653	0.00677	0.02842	0.01675	0.03151	0.02155	0.05544	0.04083	0.04599	0.39940	0.10945	0.07310	0.02809	0.00185	0.00320	0.03379	0.06241	0.00402

[dist]
# distance from previous block
# <min> <max>
1	12

[block]
# block no. 4 follows, 63 sequences, length 10
# corresponding to MSA columns:
# 339-348
name=unknown_E
#
# <colnr> <probs for GDERKNQSTAVLIFYWHMCP>
#	G	D	E	R	K	N	Q	S	T	A	V	L	I	F	Y	W	H	M	C	P
0	0.01037	0.03992	0.01064	0.07861	0.13378	0.05662	0.00738	0.13165	0.05899	0.07581	0.03836	0.15387	0.04358	0.05393	0.00561	0.00150	0.03048	0.02049	0.00326	0.04513
1	0.00983	0.05068	0.07669	0.05731	0.06265	0.04930	0.10653	0.11418	0.03913	0.05807	0.03548	0.15130	0.07295	0.00757	0.03090	0.00158	0.03041	0.03709	0.00313	0.00524
2	0.00575	0.00464	0.00591	0.00587	0.00698	0.00429	0.03720	0.00759	0.05436	0.01252	0.15939	0.30718	0.32433	0.01062	0.00509	0.00152	0.00254	0.03641	0.00397	0.00384
3	0.05008	0.04885	0.01315	0.21230	0.11663	0.04483	0.04343	0.23300	0.07716	0.05515	0.00983	0.04068	0.00773	0.00487	0.00434	0.00132	0.02369	0.00403	0.00301	0.00591
4	0.02473	0.06209	0.12752	0.04552	0.12935	0.06507	0.00881	0.11494	0.09718	0.07601	0.04243	0.04311	0.08936	0.00576	0.00453	0.00133	0.03333	0.02006	0.00312	0.00575
5	0.00854	0.03174	0.05989	0.02703	0.08098	0.07695	0.03042	0.02618	0.04170	0.01110	0.02858	0.02900	0.05308	0.17419	0.10713	0.04974	0.12736	0.02957	0.00248	0.00434
6	0.00537	0.00393	0.00471	0.00516	0.00566	0.00363	0.00343	0.00608	0.00818	0.01064	0.07346	0.42503	0.20695	0.20736	0.00898	0.00217	0.00272	0.00963	0.00363	0.00328
7	0.00853	0.04473	0.04660	0.02102	0.04005	0.03646	0.09135	0.04496	0.07097	0.05458	0.04384	0.20520	0.07048	0.11768	0.02278	0.00191	0.00419	0.06679	0.00329	0.00461
8	0.08751	0.13033	0.11418	0.12789	0.07302	0.07041	0.03909	0.10821	0.11940	0.05649	0.00953	0.01108	0.00738	0.00455	0.00387	0.00127	0.00491	0.02229	0.00277	0.00581
9	0.00880	0.04295	0.05748	0.02499	0.07377	0.06254	0.12625	0.03789	0.11218	0.01329	0.03580	0.12492	0.12206	0.00770	0.03294	0.00158	0.03457	0.03190	0.04337	0.00501

[dist]
# distance from previous block
# <min> <max>
0	3

[block]
# block no. 5 follows, 63 sequences, length 11
# corresponding to MSA columns:
# 369-379
name=unknown_F
#
# <colnr> <probs for GDERKNQSTAVLIFYWHMCP>
#	G	D	E	R	K	N	Q	S	T	A	V	L	I	F	Y	W	H	M	C	P
0	0.03442	0.00543	0.00631	0.00668	0.02236	0.03049	0.00479	0.06299	0.03450	0.01278	0.05756	0.37191	0.05051	0.08276	0.07197	0.00218	0.00377	0.08651	0.04811	0.00397
1	0.02605	0.13312	0.51422	0.04420	0.01640	0.03383	0.04432	0.05690	0.00936	0.01325	0.00768	0.00929	0.00583	0.00588	0.06080	0.00164	0.00623	0.00319	0.00199	0.00583
2	0.03234	0.13120	0.08583	0.05751	0.11993	0.05525	0.06351	0.09387	0.13840	0.07682	0.01054	0.03848	0.00859	0.04892	0.00507	0.00142	0.01954	0.00405	0.00290	0.00585
3	0.04786	0.10477	0.03065	0.05202	0.15208	0.17427	0.09677	0.02660	0.04736	0.06285	0.00952	0.04605	0.00827	0.01938	0.02466	0.00147	0.05483	0.03263	0.00254	0.00541
4	0.00585	0.00402	0.00513	0.00560	0.00628	0.00370	0.00398	0.00698	0.00918	0.03780	0.17422	0.50607	0.12978	0.01139	0.00513	0.00157	0.00239	0.04173	0.03551	0.00369
5	0.04423	0.05600	0.01235	0.07424	0.09185	0.11429	0.02648	0.10893	0.21840	0.07084	0.07665	0.04004	0.01292	0.00624	0.00469	0.00153	0.00481	0.02532	0.00380	0.00641
6	0.08878	0.02270	0.05031	0.03527	0.14493	0.02799	0.06157	0.11047	0.08049	0.08383	0.02596	0.05635	0.01039	0.07357	0.06924	0.00198	0.01770	0.02991	0.00306	0.00549
7	0.00641	0.00426	0.00523	0.00531	0.00616	0.00406	0.00382	0.00801	0.02847	0.03834	0.26076	0.25146	0.11011	0.06806	0.05152	0.00188	0.00285	0.00794	0.13150	0.00382
8	0.00568	0.00416	0.00521	0.02720	0.00650	0.00407	0.00387	0.00668	0.02581	0.01049	0.05005	0.39606	0.11907	0.23770	0.05301	0.00255	0.00343	0.03167	0.00343	0.00335
9	0.03900	0.01252	0.10885	0.04609	0.10481	0.17322	0.07303	0.13569	0.04072	0.05710	0.01026	0.03814	0.00874	0.03643	0.02669	0.00157	0.02476	0.05397	0.00282	0.00558
10	0.28214	0.06938	0.04780	0.02500	0.06072	0.08280	0.03228	0.10116	0.08459	0.02629	0.00862	0.02281	0.00698	0.00668	0.07111	0.00171	0.03036	0.00335	0.00274	0.03348

[dist]
# distance from previous block
# <min> <max>
3	26

[block]
# block no. 6 follows, 63 sequences, length 16
# corresponding to MSA columns:
# 413-428
name=unknown_G
#
# <colnr> <probs for GDERKNQSTAVLIFYWHMCP>
#	G	D	E	R	K	N	Q	S	T	A	V	L	I	F	Y	W	H	M	C	P
0	0.02759	0.00762	0.03826	0.03083	0.03737	0.06299	0.04500	0.03413	0.05342	0.02495	0.12851	0.11610	0.11541	0.04692	0.07552	0.00202	0.07971	0.05182	0.01738	0.00446
1	0.05572	0.05161	0.07974	0.08253	0.06894	0.06916	0.00835	0.23197	0.05274	0.10124	0.01064	0.07790	0.00868	0.00527	0.00429	0.00128	0.02674	0.00417	0.00323	0.05579
2	0.01011	0.06498	0.04478	0.04030	0.13331	0.04441	0.05244	0.07672	0.06371	0.09878	0.01574	0.20173	0.07333	0.00700	0.00459	0.00138	0.01797	0.01863	0.02476	0.00534
3	0.00622	0.00428	0.00530	0.00579	0.00651	0.00408	0.00409	0.02542	0.03806	0.03589	0.05354	0.56686	0.11706	0.01136	0.00504	0.00158	0.00251	0.03371	0.06889	0.00381
4	0.01116	0.00938	0.04898	0.14126	0.25752	0.00925	0.05493	0.13897	0.05013	0.10913	0.03977	0.01349	0.04335	0.00616	0.04653	0.00159	0.00505	0.00429	0.00301	0.00604
5	0.02955	0.00955	0.07342	0.11142	0.18424	0.03779	0.04943	0.10789	0.06474	0.06765	0.04599	0.04051	0.12893	0.00571	0.00432	0.00133	0.00439	0.00493	0.02261	0.00560
6	0.03567	0.00596	0.00678	0.00627	0.00793	0.00597	0.00480	0.09326	0.11041	0.12971	0.04582	0.22380	0.16136	0.00830	0.00447	0.00140	0.00285	0.02030	0.12008	0.00487
7	0.03065	0.00510	0.00629	0.00598	0.00696	0.00546	0.00453	0.00913	0.07297	0.02757	0.19302	0.05287	0.12560	0.04927	0.14621	0.07317	0.06805	0.00586	0.10737	0.00395
8	0.00805	0.00774	0.03115	0.05856	0.02877	0.06467	0.03533	0.01026	0.06003	0.02845	0.21105	0.02258	0.18149	0.05778	0.00748	0.00161	0.17146	0.00587	0.00323	0.00444
9	0.00586	0.00403	0.00502	0.00545	0.00613	0.00367	0.00376	0.00677	0.00876	0.04823	0.10120	0.50684	0.19209	0.07388	0.00638	0.00177	0.00250	0.01013	0.00393	0.00360
10	0.00821	0.00597	0.00609	0.00593	0.00694	0.06784	0.00427	0.03063	0.07556	0.04966	0.06850	0.17508	0.03128	0.18181	0.04710	0.00214	0.00364	0.02129	0.20400	0.00406
11	0.03137	0.07262	0.15552	0.00969	0.01275	0.02684	0.11186	0.16395	0.06997	0.01513	0.03047	0.05563	0.03906	0.01064	0.17302	0.00242	0.00623	0.00455	0.00284	0.00543
12	0.00620	0.00396	0.00511	0.00519	0.00573	0.00373	0.00361	0.00610	0.00769	0.01002	0.11430	0.10710	0.22133	0.07645	0.03141	0.36109	0.00317	0.02200	0.00299	0.00281
13	0.03195	0.00441	0.00515	0.00524	0.00620	0.00415	0.00379	0.00794	0.02382	0.04953	0.15916	0.23872	0.20537	0.10644	0.00666	0.00175	0.00258	0.03993	0.09343	0.00377
14	0.01159	0.01180	0.00934	0.00855	0.01026	0.33269	0.00657	0.06680	0.09574	0.03817	0.08119	0.09232	0.04322	0.00658	0.00481	0.00131	0.05500	0.04820	0.07100	0.00488
15	0.09962	0.25680	0.04587	0.03010	0.01305	0.10248	0.10653	0.13706	0.04069	0.05725	0.00820	0.00921	0.00641	0.00431	0.00402	0.00119	0.04028	0.00325	0.02806	0.00563

[dist]
# distance from previous block
# <min> <max>
4	19

[block]
# block no. 7 follows, 63 sequences, length 22
# corresponding to MSA columns:
# 454-475
name=unknown_H
#
# <colnr> <probs for GDERKNQSTAVLIFYWHMCP>
#	G	D	E	R	K	N	Q	S	T	A	V	L	I	F	Y	W	H	M	C	P
0	0.11674	0.04270	0.02907	0.09844	0.15839	0.09349	0.15265	0.12561	0.02075	0.01497	0.00916	0.04588	0.02138	0.01771	0.00470	0.00136	0.03481	0.00410	0.00256	0.00553
1	0.04330	0.00793	0.00799	0.00764	0.02373	0.14285	0.00559	0.03142	0.06855	0.01097	0.03829	0.01499	0.00993	0.06409	0.12256	0.27321	0.05347	0.03758	0.00247	0.03343
2	0.07186	0.23954	0.04092	0.03715	0.03976	0.07282	0.15260	0.09906	0.08218	0.04447	0.01048	0.01132	0.05222	0.00448	0.00381	0.00120	0.00492	0.00373	0.00269	0.02478
3	0.00883	0.00696	0.00877	0.00813	0.00919	0.05051	0.07323	0.05530	0.00932	0.03997	0.01706	0.33447	0.03208	0.17559	0.06352	0.04288	0.03796	0.01829	0.00351	0.00443
4	0.00921	0.00925	0.04173	0.10106	0.15825	0.07934	0.09919	0.04168	0.06759	0.02381	0.07973	0.04889	0.08206	0.03276	0.07524	0.00189	0.03532	0.00506	0.00280	0.00513
5	0.00581	0.00403	0.00487	0.00512	0.00543	0.00392	0.00330	0.00626	0.00735	0.00975	0.06423	0.22441	0.09923	0.43143	0.05158	0.03285	0.00368	0.03062	0.00312	0.00300
6	0.00933	0.07371	0.41179	0.01284	0.01765	0.05612	0.25910	0.01328	0.02863	0.01293	0.00967	0.02559	0.04142	0.00433	0.00427	0.00133	0.00613	0.00404	0.00209	0.00576
7	0.02809	0.00987	0.01266	0.26300	0.08288	0.05914	0.05379	0.24446	0.10732	0.03164	0.01042	0.04048	0.00829	0.00505	0.00428	0.00135	0.00497	0.02338	0.00307	0.00583
8	0.00723	0.00540	0.00720	0.00682	0.00774	0.00564	0.03923	0.07227	0.02293	0.03132	0.04579	0.29468	0.07396	0.16565	0.11883	0.00272	0.05121	0.02387	0.01356	0.00395
9	0.08062	0.00556	0.00657	0.00615	0.00788	0.00526	0.00483	0.03893	0.02631	0.20265	0.06653	0.18297	0.23904	0.00902	0.00473	0.00149	0.00292	0.09970	0.00415	0.00469
10	0.03409	0.04470	0.01314	0.66509	0.08735	0.04215	0.01113	0.03256	0.00890	0.01157	0.00742	0.01066	0.00568	0.00416	0.00407	0.00135	0.00549	0.00359	0.00198	0.00492
11	0.00784	0.00701	0.01097	0.15482	0.33319	0.00716	0.00861	0.00976	0.00924	0.01248	0.09547	0.08926	0.14983	0.06530	0.00571	0.00156	0.00402	0.02003	0.00282	0.00493
12	0.00635	0.00449	0.00570	0.00579	0.00676	0.00421	0.01790	0.00816	0.05019	0.04465	0.21025	0.36553	0.17058	0.01035	0.00498	0.00150	0.00246	0.02780	0.04840	0.00395
13	0.00720	0.03318	0.05661	0.03568	0.00775	0.00504	0.00497	0.01690	0.02942	0.02156	0.04464	0.15730	0.06124	0.08194	0.02054	0.35043	0.00363	0.03029	0.02842	0.00323
14	0.00606	0.00428	0.00561	0.00561	0.00596	0.00463	0.00382	0.00677	0.00642	0.00891	0.01231	0.02233	0.01303	0.46544	0.40515	0.00534	0.00746	0.00535	0.00241	0.00312
15	0.00590	0.00427	0.00487	0.00490	0.00596	0.00392	0.00360	0.00766	0.03540	0.01372	0.26036	0.16567	0.31372	0.00941	0.00469	0.00137	0.00215	0.00810	0.14052	0.00380
16	0.02395	0.00417	0.00522	0.00569	0.00613	0.00412	0.00393	0.00654	0.00790	0.01072	0.05947	0.42419	0.08640	0.20444	0.05405	0.00249	0.02088	0.06291	0.00347	0.00335
17	0.02478	0.34900	0.08481	0.01033	0.06521	0.12800	0.06277	0.10425	0.08919	0.01360	0.00814	0.00903	0.00657	0.00414	0.00353	0.00112	0.00510	0.00312	0.02157	0.00577
18	0.09114	0.03293	0.08531	0.02193	0.01256	0.16517	0.00805	0.32963	0.03044	0.10194	0.00960	0.02000	0.00712	0.00487	0.00423	0.00126	0.03351	0.00352	0.03068	0.00609
19	0.00700	0.00521	0.00643	0.00609	0.00735	0.00512	0.02343	0.04077	0.08554	0.03738	0.20273	0.13363	0.21560	0.08465	0.05709	0.00201	0.00333	0.05215	0.02033	0.00416
20	0.01045	0.14173	0.05065	0.02258	0.05599	0.07985	0.10005	0.13081	0.10388	0.01464	0.05063	0.05832	0.07531	0.00644	0.02183	0.00143	0.03118	0.03577	0.00302	0.00545
21	0.00807	0.02639	0.09002	0.02153	0.00913	0.06127	0.00600	0.05566	0.03574	0.05298	0.10169	0.27149	0.11321	0.05846	0.02548	0.00173	0.00376	0.03833	0.00352	0.01553

[dist]
# distance from previous block
# <min> <max>
1	40

[block]
# block no. 8 follows, 63 sequences, length 14
# corresponding to MSA columns:
# 518-531
name=unknown_I
#
# <colnr> <probs for GDERKNQSTAVLIFYWHMCP>
#	G	D	E	R	K	N	Q	S	T	A	V	L	I	F	Y	W	H	M	C	P
0	0.02343	0.11304	0.14606	0.05536	0.04389	0.11095	0.05548	0.06456	0.05273	0.04370	0.12226	0.05908	0.01255	0.00646	0.03801	0.00148	0.00500	0.00447	0.03619	0.00529
1	0.00641	0.03044	0.08485	0.00630	0.00761	0.00467	0.00516	0.00775	0.00866	0.05389	0.04405	0.50137	0.15138	0.01168	0.03886	0.00176	0.00321	0.00937	0.01858	0.00399
2	0.00875	0.00917	0.05951	0.10739	0.24224	0.00870	0.20455	0.01174	0.04191	0.01262	0.03098	0.02717	0.00882	0.03378	0.15516	0.00239	0.00652	0.00447	0.00229	0.02183
3	0.04613	0.00853	0.00958	0.02200	0.01060	0.00903	0.00634	0.39538	0.04245	0.12232	0.10830	0.10545	0.06386	0.02455	0.00477	0.00140	0.00371	0.00549	0.00419	0.00590
4	0.00836	0.02348	0.01051	0.21402	0.13473	0.02962	0.02485	0.03155	0.03187	0.04288	0.10372	0.10534	0.15395	0.00694	0.00513	0.00141	0.05789	0.00591	0.00302	0.00481
5	0.00573	0.00416	0.00522	0.00563	0.00612	0.00411	0.00391	0.00670	0.02189	0.01023	0.02100	0.32337	0.12131	0.24804	0.12657	0.00305	0.00423	0.07212	0.00330	0.00333
6	0.00544	0.00411	0.00491	0.00536	0.00603	0.00382	0.00369	0.00669	0.03861	0.01136	0.08711	0.46048	0.24105	0.09294	0.00674	0.00182	0.00251	0.00997	0.00384	0.00353
7	0.08074	0.00848	0.02220	0.00891	0.04181	0.03404	0.06378	0.22525	0.07758	0.05945	0.04258	0.18805	0.04812	0.05205	0.00537	0.00155	0.00396	0.02709	0.00365	0.00533
8	0.04211	0.03234	0.05225	0.00774	0.00971	0.10036	0.00629	0.20076	0.03201	0.03907	0.07940	0.29093	0.04718	0.00823	0.00457	0.00142	0.00388	0.03310	0.00366	0.00496
9	0.00731	0.00563	0.00736	0.00685	0.00815	0.00570	0.04559	0.06211	0.07276	0.03551	0.14918	0.25566	0.17332	0.01062	0.04944	0.00178	0.03867	0.03370	0.02632	0.00434
10	0.03714	0.02305	0.00701	0.00621	0.00769	0.00585	0.00476	0.05875	0.10907	0.07437	0.38075	0.13803	0.06628	0.00908	0.03664	0.00158	0.00294	0.00698	0.01916	0.00466
11	0.01228	0.14085	0.11163	0.05708	0.04752	0.22935	0.07297	0.13564	0.04621	0.03531	0.00862	0.02573	0.00693	0.00579	0.04485	0.00147	0.00604	0.00352	0.00256	0.00564
12	0.01047	0.00985	0.03276	0.00841	0.01010	0.20417	0.01869	0.09730	0.00988	0.06610	0.01047	0.01450	0.00922	0.06257	0.37117	0.00383	0.02794	0.02522	0.00267	0.00467
13	0.00781	0.00540	0.00670	0.00633	0.00764	0.00535	0.02589	0.05386	0.09429	0.07805	0.08697	0.26580	0.16365	0.06097	0.05826	0.00195	0.00340	0.00775	0.05555	0.00438

[dist]
# distance from previous block
# <min> <max>
5	16

[block]
# block no. 9 follows, 63 sequences, length 6
# corresponding to MSA columns:
# 548-553
name=unknown_J
#
# <colnr> <probs for GDERKNQSTAVLIFYWHMCP>
#	G	D	E	R	K	N	Q	S	T	A	V	L	I	F	Y	W	H	M	C	P
0	0.05177	0.00899	0.01068	0.04494	0.04031	0.05946	0.05724	0.18317	0.10928	0.04506	0.01180	0.05994	0.01022	0.02713	0.06606	0.00178	0.03881	0.05643	0.02783	0.08911
1	0.02933	0.06040	0.00828	0.00715	0.03193	0.05135	0.00520	0.08073	0.06968	0.04694	0.05254	0.11525	0.03550	0.07178	0.03319	0.20139	0.02362	0.00516	0.06643	0.00415
2	0.05770	0.10370	0.09740	0.02949	0.03104	0.08567	0.03062	0.25609	0.07264	0.06548	0.02672	0.06130	0.00896	0.00512	0.00395	0.00124	0.00463	0.00403	0.01951	0.03473
3	0.00987	0.04347	0.06613	0.09425	0.18305	0.03050	0.14774	0.05182	0.07375	0.03591	0.05747	0.03158	0.04233	0.00505	0.00504	0.00134	0.06963	0.00447	0.00266	0.04391
4	0.00556	0.00416	0.00525	0.04315	0.00695	0.00401	0.00405	0.00647	0.00822	0.01071	0.06041	0.37829	0.18846	0.17121	0.04150	0.00228	0.00323	0.04919	0.00352	0.00340
5	0.09086	0.04659	0.06240	0.09099	0.19767	0.05108	0.02717	0.10768	0.04738	0.07467	0.03512	0.01241	0.02149	0.04343	0.00550	0.05450	0.00459	0.00387	0.01708	0.00552

[dist]
# distance from previous block
# <min> <max>
0	4

[block]
# block no. 10 follows, 63 sequences, length 12
# corresponding to MSA columns:
# 562-573
name=unknown_K
#
# <colnr> <probs for GDERKNQSTAVLIFYWHMCP>
#	G	D	E	R	K	N	Q	S	T	A	V	L	I	F	Y	W	H	M	C	P
0	0.00744	0.00533	0.00676	0.03672	0.05897	0.02843	0.00461	0.03195	0.00729	0.00989	0.03000	0.05271	0.01192	0.31093	0.09209	0.22916	0.00466	0.00498	0.02263	0.04352
1	0.00907	0.00536	0.00627	0.00567	0.00725	0.00507	0.00429	0.05389	0.05511	0.16542	0.14872	0.09699	0.22289	0.07633	0.00585	0.00156	0.00274	0.00672	0.11619	0.00460
2	0.00772	0.00651	0.02947	0.06761	0.03621	0.00654	0.02877	0.03684	0.06981	0.04171	0.10188	0.23561	0.10520	0.03073	0.02496	0.00166	0.08439	0.02013	0.01946	0.04480
3	0.05400	0.08560	0.33464	0.01069	0.05351	0.04444	0.04362	0.08542	0.05808	0.04459	0.00954	0.04948	0.00793	0.05512	0.02061	0.00157	0.02900	0.00391	0.00252	0.00571
4	0.00778	0.00605	0.00774	0.00716	0.00837	0.00653	0.03273	0.04621	0.13608	0.04575	0.05415	0.19245	0.13234	0.09285	0.11349	0.00245	0.08004	0.01993	0.00347	0.00444
5	0.00609	0.00452	0.00548	0.02672	0.00704	0.00437	0.00425	0.04404	0.02861	0.01212	0.05142	0.42528	0.20425	0.06367	0.00608	0.00173	0.00273	0.05754	0.04031	0.00374
6	0.01009	0.04937	0.14233	0.06892	0.04606	0.14954	0.13790	0.06232	0.01002	0.01287	0.06302	0.04936	0.02962	0.00678	0.05079	0.00165	0.09735	0.00438	0.00244	0.00518
7	0.02915	0.01011	0.04511	0.04944	0.09338	0.05049	0.16108	0.17017	0.04694	0.05059	0.00987	0.01313	0.00808	0.00624	0.02471	0.06703	0.04557	0.05320	0.00285	0.06285
8	0.02648	0.05580	0.02035	0.00676	0.03373	0.03687	0.02532	0.03440	0.00816	0.03044	0.04981	0.06985	0.02825	0.37227	0.06766	0.00278	0.00446	0.00533	0.02509	0.09620
9	0.00723	0.03843	0.00819	0.02271	0.02705	0.01855	0.04422	0.03745	0.04858	0.01214	0.06976	0.20601	0.12763	0.12610	0.03203	0.00203	0.04228	0.10366	0.00334	0.02263
10	0.00945	0.03759	0.08473	0.07173	0.11377	0.03947	0.07023	0.09663	0.07584	0.03270	0.05711	0.12445	0.04011	0.03646	0.02031	0.00156	0.00455	0.04406	0.00307	0.03615
11	0.09023	0.06699	0.01216	0.07312	0.07559	0.14347	0.05251	0.16802	0.09038	0.03483	0.04424	0.06211	0.00986	0.00574	0.01964	0.00138	0.00490	0.01634	0.00306	0.02545

[dist]
# distance from previous block
# <min> <max>
1	26

[block]
# block no. 11 follows, 63 sequences, length 20
# corresponding to MSA columns:
# 600-609,620-629
name=unknown_L
#
# <colnr> <probs for GDERKNQSTAVLIFYWHMCP>
#	G	D	E	R	K	N	Q	S	T	A	V	L	I	F	Y	W	H	M	C	P
0	0.01119	0.08255	0.08756	0.05025	0.06879	0.12007	0.11100	0.11806	0.04624	0.06103	0.03792	0.03524	0.05766	0.00584	0.02383	0.00140	0.02635	0.01768	0.00287	0.03448
1	0.04311	0.05585	0.06239	0.00728	0.00901	0.10492	0.03083	0.02160	0.04288	0.04434	0.06706	0.23830	0.04107	0.13969	0.03513	0.00196	0.00425	0.00647	0.00312	0.04073
2	0.01139	0.19906	0.03263	0.05064	0.01353	0.15993	0.13497	0.04245	0.10848	0.05917	0.02550	0.01230	0.04179	0.03090	0.02225	0.00139	0.00530	0.00387	0.00270	0.04175
3	0.01000	0.01981	0.02986	0.11746	0.09674	0.00813	0.04168	0.11607	0.07873	0.09527	0.07016	0.11507	0.07492	0.00690	0.01611	0.00145	0.03250	0.02285	0.00339	0.04291
4	0.02307	0.09297	0.03687	0.00774	0.01031	0.02305	0.00645	0.18548	0.18963	0.10106	0.05631	0.07844	0.06173	0.02157	0.02228	0.00146	0.00387	0.01871	0.01722	0.04181
5	0.00592	0.00436	0.00514	0.00535	0.00613	0.00412	0.00378	0.02179	0.03605	0.01140	0.09042	0.25774	0.27116	0.14490	0.00848	0.06197	0.00280	0.05142	0.00362	0.00346
6	0.01492	0.00771	0.00923	0.00738	0.01006	0.00760	0.00597	0.23783	0.03083	0.39006	0.03575	0.04676	0.03748	0.02423	0.00452	0.00133	0.00354	0.00465	0.11384	0.00630
7	0.00930	0.00897	0.05947	0.03053	0.40681	0.02223	0.04238	0.03478	0.02016	0.04039	0.05298	0.11211	0.04328	0.00784	0.07385	0.00178	0.00503	0.00520	0.01728	0.00563
8	0.06025	0.00819	0.00867	0.00728	0.00956	0.02036	0.00580	0.31954	0.10353	0.07302	0.06127	0.07032	0.03840	0.00596	0.00400	0.00126	0.00343	0.00479	0.18870	0.00568
9	0.00540	0.00405	0.00504	0.00566	0.00628	0.00379	0.00395	0.00674	0.03957	0.01160	0.08426	0.58407	0.17931	0.01204	0.00523	0.00162	0.00242	0.03139	0.00397	0.00362
10	0.00556	0.00400	0.00529	0.00610	0.00656	0.00384	0.00442	0.00654	0.00829	0.01093	0.02293	0.54454	0.07101	0.07415	0.03719	0.00210	0.00317	0.17618	0.00374	0.00347
11	0.00936	0.01009	0.08395	0.34960	0.37238	0.03075	0.01211	0.03169	0.00931	0.01264	0.00819	0.03636	0.00675	0.00429	0.00419	0.00133	0.00532	0.00391	0.00208	0.00569
12	0.00612	0.00465	0.00548	0.00569	0.00671	0.00444	0.00414	0.00847	0.10241	0.02789	0.15237	0.35270	0.26123	0.01067	0.00505	0.00153	0.00244	0.02994	0.00408	0.00399
13	0.00618	0.00429	0.00583	0.00599	0.00661	0.00453	0.00436	0.00730	0.00750	0.02879	0.05036	0.18470	0.04748	0.17162	0.38777	0.00439	0.00679	0.03097	0.03099	0.00356
14	0.02328	0.03397	0.00864	0.01588	0.05572	0.04910	0.02611	0.10441	0.07397	0.04041	0.06376	0.25643	0.12268	0.01034	0.07137	0.00186	0.00409	0.01768	0.01557	0.00473
15	0.00846	0.00743	0.00866	0.07349	0.05927	0.09561	0.02344	0.04362	0.02060	0.04403	0.04190	0.26964	0.09635	0.07593	0.02226	0.00180	0.07218	0.02781	0.00319	0.00434
16	0.00919	0.00489	0.00528	0.00487	0.00623	0.00488	0.00374	0.07137	0.02285	0.08666	0.04183	0.04945	0.03643	0.00557	0.00339	0.00109	0.00235	0.00454	0.63094	0.00446
17	0.04323	0.02587	0.00918	0.14594	0.05648	0.00732	0.02803	0.11365	0.05590	0.03921	0.07268	0.16283	0.15404	0.03706	0.00530	0.01357	0.00368	0.01791	0.00339	0.00474
18	0.04998	0.12299	0.15894	0.02383	0.05033	0.05284	0.03531	0.12466	0.03378	0.07553	0.00997	0.07107	0.00849	0.02746	0.03664	0.00155	0.05554	0.00406	0.02162	0.03538
19	0.02218	0.10471	0.08558	0.12244	0.15099	0.05690	0.06129	0.08617	0.08175	0.01377	0.01140	0.09239	0.03078	0.00560	0.00444	0.00135	0.02443	0.03564	0.00269	0.00552

[dist]
# distance from previous block
# <min> <max>
15	52

[block]
# block no. 12 follows, 63 sequences, length 12
# corresponding to MSA columns:
# 707-718
name=unknown_M
#
# <colnr> <probs for GDERKNQSTAVLIFYWHMCP>
#	G	D	E	R	K	N	Q	S	T	A	V	L	I	F	Y	W	H	M	C	P
0	0.08120	0.12442	0.06211	0.00852	0.03239	0.08717	0.02628	0.08656	0.05948	0.09157	0.01011	0.03467	0.02799	0.00500	0.01685	0.00119	0.02549	0.00351	0.00289	0.21262
1	0.03701	0.02074	0.05037	0.02044	0.08641	0.04215	0.02229	0.20840	0.06629	0.02670	0.03082	0.06709	0.03147	0.02224	0.02114	0.00137	0.03640	0.02058	0.00314	0.18495
2	0.00921	0.11146	0.03870	0.00725	0.00915	0.04152	0.00595	0.14483	0.05658	0.02702	0.06722	0.19534	0.07513	0.06398	0.03857	0.00176	0.02610	0.03746	0.01614	0.02663
3	0.00748	0.00566	0.00643	0.00634	0.00763	0.00580	0.00466	0.03691	0.22244	0.04315	0.04792	0.30139	0.19116	0.06907	0.00604	0.00170	0.00285	0.02485	0.00398	0.00452
4	0.01024	0.00992	0.04445	0.07005	0.14522	0.11395	0.08471	0.04467	0.02682	0.06593	0.10222	0.04815	0.04120	0.03032	0.01658	0.01350	0.10253	0.00478	0.01958	0.00517
5	0.00989	0.00966	0.01420	0.20070	0.35949	0.07791	0.06195	0.04432	0.00980	0.01301	0.01071	0.01356	0.06406	0.00480	0.00463	0.00132	0.03821	0.02407	0.03215	0.00556
6	0.01301	0.00739	0.00882	0.00730	0.00976	0.00734	0.00583	0.16677	0.12833	0.31012	0.15094	0.05835	0.09400	0.00670	0.00448	0.00135	0.00329	0.00558	0.00460	0.00603
7	0.00608	0.00431	0.00550	0.02812	0.00693	0.00417	0.00419	0.02792	0.00869	0.03060	0.08214	0.45304	0.11972	0.12323	0.04093	0.00214	0.00317	0.04184	0.00369	0.00361
8	0.01051	0.06002	0.02540	0.04232	0.04741	0.12165	0.04900	0.09063	0.01021	0.08983	0.01479	0.14884	0.09829	0.02442	0.04406	0.00170	0.10734	0.00556	0.00305	0.00498
9	0.00566	0.00437	0.00543	0.00573	0.00650	0.00427	0.00416	0.00713	0.03741	0.01184	0.13242	0.35716	0.22884	0.03714	0.07590	0.00208	0.02731	0.03917	0.00377	0.00369
10	0.00586	0.00435	0.00507	0.00519	0.00628	0.00392	0.00383	0.00741	0.03262	0.03391	0.19788	0.23285	0.37375	0.01045	0.00501	0.00148	0.00231	0.03898	0.02505	0.00381
11	0.03474	0.00936	0.08291	0.04088	0.08259	0.05552	0.08193	0.10118	0.02900	0.05525	0.03583	0.11798	0.04415	0.04349	0.10075	0.02516	0.04605	0.00527	0.00291	0.00504

[dist]
# distance from previous block
# <min> <max>
12	44

[block]
# block no. 13 follows, 63 sequences, length 16
# corresponding to MSA columns:
# 767-782
name=unknown_N
#
# <colnr> <probs for GDERKNQSTAVLIFYWHMCP>
#	G	D	E	R	K	N	Q	S	T	A	V	L	I	F	Y	W	H	M	C	P
0	0.01254	0.30405	0.07404	0.00905	0.01219	0.20079	0.02456	0.17826	0.04760	0.01433	0.03741	0.01031	0.00789	0.01646	0.01866	0.00126	0.00537	0.01696	0.00265	0.00561
1	0.01079	0.00910	0.04312	0.11313	0.23941	0.02265	0.03408	0.10475	0.05544	0.10471	0.03281	0.03874	0.06705	0.02371	0.00460	0.00132	0.00439	0.00450	0.00305	0.08266
2	0.00957	0.01422	0.29564	0.04788	0.05407	0.02184	0.29130	0.06391	0.02557	0.01402	0.00897	0.02642	0.01845	0.00424	0.00461	0.00133	0.02869	0.00410	0.00224	0.06291
3	0.00528	0.00390	0.00501	0.00575	0.00609	0.00373	0.00389	0.00601	0.00803	0.01060	0.02397	0.69030	0.10631	0.06893	0.00663	0.00184	0.02554	0.01102	0.00376	0.00340
4	0.01003	0.13906	0.44393	0.01194	0.04508	0.09613	0.07069	0.03365	0.00929	0.01257	0.00715	0.00873	0.00553	0.00427	0.00479	0.00129	0.08496	0.00317	0.00192	0.00581
5	0.04586	0.04269	0.06115	0.05121	0.08463	0.14039	0.06339	0.15062	0.05542	0.05053	0.00967	0.03756	0.00815	0.05866	0.03888	0.06705	0.00532	0.00399	0.00278	0.02203
6	0.00545	0.00407	0.00555	0.00611	0.00653	0.00391	0.02246	0.00631	0.00825	0.01102	0.06560	0.67078	0.06437	0.05843	0.00641	0.00180	0.02340	0.02229	0.00377	0.00349
7	0.00864	0.00775	0.01281	0.44662	0.16093	0.00896	0.04643	0.01094	0.00853	0.04204	0.00973	0.05727	0.02702	0.03612	0.02459	0.00164	0.07831	0.00447	0.00223	0.00496
8	0.02441	0.00876	0.06608	0.04191	0.13381	0.05278	0.06078	0.08714	0.04341	0.05597	0.05229	0.21105	0.03639	0.02959	0.03498	0.00167	0.00446	0.02525	0.02417	0.00511
9	0.00984	0.07157	0.14956	0.09698	0.18528	0.04107	0.04354	0.06566	0.02321	0.05792	0.02491	0.12346	0.01040	0.00675	0.03989	0.00157	0.01365	0.01854	0.01066	0.00554
10	0.00575	0.00436	0.00505	0.00526	0.00634	0.00394	0.00388	0.00727	0.03783	0.03118	0.12909	0.27240	0.40696	0.01088	0.00509	0.00152	0.00237	0.05303	0.00403	0.00377
11	0.01698	0.00796	0.08295	0.02290	0.02778	0.09760	0.02501	0.00900	0.03177	0.01169	0.04822	0.40703	0.12115	0.02195	0.00521	0.00155	0.01435	0.02977	0.01299	0.00415
12	0.06582	0.05947	0.10651	0.07617	0.08369	0.11109	0.04409	0.08207	0.12443	0.04553	0.02863	0.03065	0.02682	0.02941	0.02253	0.00150	0.03373	0.00405	0.01827	0.00555
13	0.04629	0.06159	0.02719	0.02574	0.13627	0.11491	0.04665	0.12678	0.05277	0.07374	0.02516	0.07969	0.02860	0.02190	0.03622	0.00154	0.03888	0.00449	0.02217	0.02940
14	0.02325	0.04726	0.02305	0.00786	0.03414	0.03682	0.06383	0.06150	0.02331	0.07355	0.07893	0.13270	0.03752	0.24106	0.03001	0.00226	0.02377	0.02936	0.00318	0.02666
15	0.06317	0.05622	0.01216	0.05483	0.08454	0.06608	0.08005	0.17912	0.02555	0.02895	0.02237	0.05922	0.00957	0.06823	0.06550	0.00190	0.04976	0.02406	0.01960	0.02912

[dist]
# distance from previous block
# <min> <max>
27	110

[block]
# block no. 14 follows, 63 sequences, length 21
# corresponding to MSA columns:
# 899-919
name=unknown_O
#
# <colnr> <probs for GDERKNQSTAVLIFYWHMCP>
#	G	D	E	R	K	N	Q	S	T	A	V	L	I	F	Y	W	H	M	C	P
0	0.02831	0.15855	0.02369	0.00960	0.03457	0.27244	0.02889	0.18521	0.05500	0.04561	0.00926	0.05041	0.00784	0.03132	0.00436	0.00124	0.00532	0.00366	0.00287	0.04186
1	0.02276	0.08898	0.07939	0.11582	0.12633	0.02122	0.05240	0.04188	0.07094	0.03417	0.10233	0.05443	0.06277	0.05803	0.01872	0.00156	0.01754	0.00492	0.00286	0.02295
2	0.02491	0.04993	0.05769	0.09423	0.07846	0.02343	0.02638	0.14481	0.07195	0.09250	0.08771	0.09495	0.04061	0.00695	0.02702	0.00151	0.03599	0.02320	0.00336	0.01441
3	0.04503	0.07536	0.10209	0.05559	0.14856	0.04921	0.03751	0.09695	0.16612	0.06382	0.02208	0.01423	0.04853	0.02832	0.00458	0.00138	0.00457	0.02709	0.00305	0.00591
4	0.00655	0.00540	0.00770	0.00793	0.04459	0.02877	0.07872	0.00779	0.00863	0.02653	0.03448	0.46101	0.10798	0.05054	0.05468	0.00202	0.00379	0.05548	0.00348	0.00391
5	0.04851	0.00489	0.00602	0.00588	0.00689	0.00509	0.00441	0.00831	0.04935	0.02749	0.18564	0.11979	0.18210	0.07680	0.21825	0.00300	0.03336	0.00686	0.00344	0.00390
6	0.03340	0.02173	0.04970	0.04875	0.06772	0.03161	0.01954	0.09170	0.21995	0.02586	0.01269	0.02513	0.02534	0.00915	0.11712	0.00209	0.05665	0.05006	0.04394	0.04787
7	0.00776	0.00521	0.00598	0.00588	0.00682	0.03616	0.00422	0.03914	0.02659	0.07407	0.07663	0.24127	0.13996	0.08998	0.02889	0.13825	0.00331	0.02108	0.04506	0.00374
8	0.00655	0.00472	0.00548	0.00549	0.00668	0.00439	0.00407	0.00859	0.07598	0.05978	0.14513	0.20982	0.34457	0.05110	0.00579	0.00162	0.00254	0.04965	0.00405	0.00401
9	0.01116	0.01020	0.01201	0.13619	0.11900	0.10409	0.02921	0.10933	0.22217	0.04063	0.03030	0.03057	0.00929	0.00516	0.00492	0.00133	0.06897	0.00415	0.00308	0.04823
10	0.03887	0.00727	0.00823	0.02517	0.00954	0.03087	0.00560	0.18673	0.03261	0.21276	0.10772	0.14044	0.14184	0.00747	0.00449	0.00136	0.00335	0.00624	0.02403	0.00541
11	0.00527	0.00389	0.00494	0.00557	0.00614	0.00356	0.00389	0.00628	0.00891	0.01178	0.14274	0.57137	0.16120	0.01204	0.00525	0.00161	0.00237	0.03566	0.00401	0.00353
12	0.52982	0.00874	0.00908	0.13309	0.03341	0.00996	0.02489	0.14903	0.00979	0.04724	0.00731	0.00850	0.00546	0.00418	0.00327	0.00131	0.00398	0.00292	0.00283	0.00518
13	0.01057	0.09220	0.01509	0.15259	0.21724	0.13501	0.08808	0.04808	0.03035	0.01239	0.00869	0.03301	0.02001	0.00573	0.03658	0.00151	0.08128	0.00391	0.00225	0.00543
14	0.00607	0.00407	0.00511	0.00547	0.00596	0.00390	0.00370	0.00684	0.00798	0.04006	0.06148	0.39594	0.09056	0.23818	0.06271	0.00260	0.00346	0.02921	0.02331	0.00340
15	0.04602	0.00815	0.00917	0.00728	0.01017	0.04691	0.00578	0.10414	0.06429	0.30755	0.03057	0.04644	0.01029	0.05473	0.00493	0.00130	0.00369	0.00411	0.00387	0.23060
16	0.00819	0.00428	0.00482	0.00457	0.00574	0.00417	0.02396	0.01007	0.00901	0.05777	0.01561	0.05721	0.05154	0.00556	0.00328	0.00106	0.00221	0.00460	0.72224	0.00409
17	0.00693	0.04698	0.04700	0.03413	0.06633	0.00565	0.00559	0.00835	0.00855	0.03694	0.03248	0.22471	0.19641	0.07384	0.08583	0.00215	0.02243	0.02890	0.06270	0.00411
18	0.00835	0.01294	0.35976	0.00910	0.01257	0.03023	0.03096	0.04224	0.03291	0.04500	0.07433	0.09250	0.08736	0.03303	0.07219	0.00189	0.01905	0.00518	0.02525	0.00518
19	0.04880	0.04573	0.01106	0.02458	0.04676	0.08094	0.00715	0.28563	0.13807	0.12286	0.03423	0.04518	0.02271	0.03271	0.00486	0.00140	0.01699	0.02051	0.00377	0.00610
20	0.16501	0.05009	0.08741	0.03867	0.02376	0.13379	0.02687	0.11025	0.01748	0.08280	0.03129	0.05277	0.02765	0.02851	0.03265	0.00157	0.04923	0.01886	0.01612	0.00522

[dist]
# distance from previous block
# <min> <max>
40	96

[block]
# block no. 15 follows, 63 sequences, length 27
# corresponding to MSA columns:
# 1019-1045
name=unknown_P
#
# <colnr> <probs for GDERKNQSTAVLIFYWHMCP>
#	G	D	E	R	K	N	Q	S	T	A	V	L	I	F	Y	W	H	M	C	P
