[name]
unknown

[dist]
# distance from previous block
# <min> <max>
0	127

[block]
# block no. 0 follows, 63 sequences, length 6
# corresponding to MSA columns:
# 133-138
name=unknown_A
#
# <colnr> <probs for GDERKNQSTAVLIFYWHMCP>
#	G	D	E	R	K	N	Q	S	T	A	V	L	I	F	Y	W	H	M	C	P
0	0.03561	0.00563	0.00781	0.00850	0.10303	0.00542	0.03775	0.04013	0.00958	0.06856	0.15376	0.28079	0.10787	0.10804	0.00677	0.00177	0.00320	0.00781	0.00364	0.00433
1	0.04542	0.10535	0.00896	0.00652	0.00839	0.00743	0.00515	0.11650	0.04928	0.13491	0.11036	0.12966	0.08256	0.08771	0.03115	0.02997	0.00358	0.00585	0.02639	0.00486
2	0.01025	0.00798	0.00814	0.00717	0.00907	0.08004	0.00561	0.20647	0.07471	0.06108	0.21086	0.08146	0.12354	0.00749	0.00455	0.00134	0.00345	0.04284	0.04884	0.00510
3	0.00815	0.10622	0.01309	0.67079	0.02483	0.00972	0.01047	0.01071	0.00873	0.01118	0.07926	0.01247	0.00858	0.00452	0.00409	0.00134	0.00516	0.00390	0.00210	0.00469
4	0.10970	0.00562	0.00625	0.00606	0.00734	0.00575	0.00446	0.09318	0.05508	0.04014	0.13138	0.32728	0.09579	0.06217	0.00567	0.00163	0.00285	0.00784	0.02752	0.00429
5	0.03072	0.00478	0.00621	0.00609	0.00689	0.00514	0.00454	0.04388	0.00796	0.01125	0.05877	0.10842	0.10750	0.07511	0.32663	0.11914	0.03060	0.00582	0.03697	0.00358

[dist]
# distance from previous block
# <min> <max>
0	1

[block]
# block no. 1 follows, 63 sequences, length 55
# corresponding to MSA columns:
# 140-194
name=unknown_B
#
# <colnr> <probs for GDERKNQSTAVLIFYWHMCP>
#	G	D	E	R	K	N	Q	S	T	A	V	L	I	F	Y	W	H	M	C	P
0	0.02298	0.00949	0.02511	0.01035	0.01321	0.04873	0.22954	0.22139	0.01240	0.09091	0.04950	0.01372	0.03005	0.00700	0.07136	0.00171	0.00533	0.00445	0.12716	0.00561
1	0.07783	0.00753	0.00897	0.00681	0.01012	0.00653	0.00553	0.05087	0.03710	0.30446	0.04377	0.01176	0.00919	0.00431	0.00363	0.00100	0.00332	0.00343	0.00368	0.40016
2	0.00798	0.00585	0.00753	0.01489	0.07617	0.03364	0.02084	0.00936	0.02726	0.08274	0.08357	0.17672	0.07938	0.21108	0.02877	0.00962	0.02685	0.09025	0.00338	0.00411
3	0.00686	0.00573	0.00764	0.04165	0.00884	0.04541	0.04283	0.00860	0.04295	0.01017	0.01260	0.10524	0.01261	0.16544	0.45866	0.00479	0.00814	0.00548	0.00254	0.00382
4	0.10185	0.00909	0.00989	0.00828	0.01091	0.02749	0.00688	0.39346	0.01463	0.13015	0.02802	0.01960	0.04609	0.00658	0.00441	0.00141	0.00410	0.16715	0.00406	0.00596
5	0.00550	0.00442	0.00514	0.00513	0.00637	0.00390	0.00378	0.00667	0.00902	0.01164	0.08820	0.22417	0.42666	0.01266	0.09243	0.00198	0.00324	0.00851	0.00366	0.07694
6	0.00584	0.00489	0.00516	0.00500	0.00648	0.00454	0.00379	0.02140	0.09496	0.01251	0.08403	0.04721	0.62910	0.01092	0.04378	0.00167	0.00272	0.00812	0.00391	0.00397
7	0.01283	0.00999	0.01147	0.00891	0.01186	0.04846	0.03797	0.34518	0.01351	0.08400	0.00975	0.04559	0.00776	0.00503	0.00498	0.00117	0.09278	0.00380	0.00339	0.24157
8	0.01102	0.76569	0.02106	0.00760	0.01082	0.01624	0.00740	0.01233	0.00832	0.00991	0.00581	0.00700	0.00541	0.00399	0.00387	0.00100	0.09301	0.00240	0.00180	0.00531
9	0.04891	0.00467	0.00497	0.00474	0.00570	0.00512	0.00367	0.00995	0.00849	0.01524	0.01248	0.01458	0.00993	0.00511	0.00407	0.00109	0.09080	0.00382	0.74266	0.00402
10	0.01079	0.72734	0.10677	0.04679	0.01242	0.01557	0.00828	0.01258	0.00857	0.01029	0.00610	0.00718	0.00540	0.00367	0.00290	0.00097	0.00473	0.00241	0.00180	0.00545
11	0.00832	0.02092	0.79181	0.01164	0.01756	0.00950	0.01492	0.01298	0.00875	0.01307	0.00781	0.00975	0.00579	0.04371	0.00481	0.00146	0.00611	0.00325	0.00181	0.00604
12	0.00813	0.00656	0.00748	0.00688	0.00851	0.00706	0.00526	0.02620	0.38352	0.01705	0.40271	0.06215	0.02627	0.00742	0.00465	0.00139	0.00266	0.00644	0.00443	0.00523
13	0.00610	0.00414	0.00491	0.00491	0.00502	0.00425	0.00295	0.00632	0.00621	0.00839	0.01295	0.02586	0.01457	0.72901	0.14367	0.00448	0.00515	0.00587	0.00250	0.00273
14	0.01573	0.01916	0.01199	0.01071	0.01300	0.74874	0.00811	0.10058	0.01274	0.01200	0.00688	0.00785	0.00560	0.00441	0.00383	0.00110	0.00727	0.00282	0.00238	0.00511
15	0.00603	0.00442	0.00631	0.00631	0.00691	0.00501	0.00470	0.00722	0.00662	0.00943	0.01167	0.01877	0.01149	0.19957	0.66890	0.00621	0.00979	0.00483	0.00231	0.00351
16	0.00685	0.00383	0.00547	0.00547	0.00574	0.00383	0.00378	0.00579	0.00615	0.00811	0.01226	0.01674	0.11164	0.01611	0.11242	0.66259	0.00436	0.00442	0.00214	0.00227
17	0.00850	0.04280	0.81005	0.01186	0.01801	0.00994	0.01532	0.01329	0.00887	0.01323	0.00750	0.00882	0.00533	0.00398	0.00396	0.00132	0.00617	0.00308	0.00178	0.00619
18	0.00872	0.00747	0.00872	0.00623	0.00996	0.00560	0.00498	0.01058	0.00872	0.01370	0.00747	0.00872	0.00623	0.00311	0.00311	0.00062	0.00311	0.00249	0.00249	0.87796
19	0.00548	0.00405	0.00518	0.00599	0.00642	0.00390	0.00407	0.00699	0.06385	0.01122	0.02336	0.76673	0.05180	0.01258	0.00528	0.00168	0.00249	0.01136	0.00393	0.00364
20	0.01463	0.01808	0.01209	0.01084	0.01267	0.68306	0.00830	0.03166	0.01117	0.01059	0.00641	0.00790	0.00547	0.00485	0.00545	0.00121	0.14572	0.00289	0.00215	0.00487
21	0.00572	0.00405	0.00534	0.00571	0.00604	0.00416	0.00388	0.00646	0.00716	0.00976	0.03015	0.33197	0.01917	0.28773	0.23916	0.00386	0.00540	0.01803	0.00302	0.00324
22	0.00645	0.00466	0.00583	0.00630	0.00697	0.00459	0.00449	0.09108	0.00944	0.01254	0.03348	0.62461	0.04787	0.04773	0.00594	0.00177	0.00284	0.07570	0.00388	0.00382
23	0.00651	0.00489	0.00585	0.00592	0.00690	0.00484	0.00426	0.00946	0.14533	0.02754	0.23625	0.33576	0.12252	0.05687	0.00590	0.00165	0.00254	0.00876	0.00411	0.00414
24	0.00844	0.00823	0.01261	0.69586	0.02588	0.04478	0.01119	0.01091	0.00829	0.01064	0.00717	0.01079	0.00558	0.00463	0.00547	0.00145	0.11785	0.00368	0.00188	0.00467
25	0.56203	0.00874	0.00749	0.03153	0.02975	0.08013	0.00551	0.01164	0.00785	0.01589	0.01022	0.02330	0.09169	0.01933	0.00439	0.00140	0.07860	0.00342	0.00262	0.00449
26	0.00706	0.00453	0.00514	0.00492	0.00520	0.00454	0.00293	0.04098	0.00694	0.04290	0.01325	0.02622	0.01474	0.78118	0.01995	0.00384	0.00408	0.00594	0.00273	0.00293
27	0.88196	0.00813	0.00618	0.00553	0.00813	0.00943	0.00455	0.01236	0.00715	0.01886	0.00585	0.00683	0.00455	0.00390	0.00260	0.00130	0.00325	0.00228	0.00260	0.00455
28	0.00978	0.00892	0.01491	0.02211	0.67483	0.00887	0.01123	0.01194	0.00930	0.03137	0.01015	0.11155	0.00964	0.04099	0.00504	0.00142	0.00462	0.00484	0.00239	0.00611
29	0.00965	0.01218	0.10387	0.01680	0.02117	0.01036	0.71126	0.01326	0.00981	0.01340	0.00929	0.01185	0.02749	0.00377	0.00487	0.00141	0.00687	0.00488	0.00214	0.00567
30	0.00988	0.00853	0.00895	0.00810	0.01038	0.00973	0.00629	0.02062	0.73322	0.01693	0.01979	0.01829	0.09834	0.00622	0.00435	0.00143	0.00320	0.00519	0.00424	0.00633
31	0.00772	0.09333	0.00722	0.00566	0.00604	0.00502	0.00402	0.00623	0.00580	0.00757	0.00715	0.01214	0.00710	0.01344	0.01498	0.78531	0.00374	0.00350	0.00182	0.00220
32	0.00849	0.02132	0.79779	0.01221	0.01835	0.00980	0.04780	0.01332	0.00892	0.01332	0.00758	0.00898	0.00537	0.00398	0.00403	0.00133	0.00625	0.00318	0.00179	0.00619
33	0.00606	0.00447	0.00670	0.00670	0.00742	0.00519	0.00519	0.00742	0.00670	0.00966	0.01110	0.01636	0.01038	0.03083	0.80171	0.04280	0.01095	0.00447	0.00223	0.00367
34	0.01611	0.01090	0.01200	0.00926	0.01253	0.01180	0.00762	0.67748	0.01835	0.14129	0.01136	0.03247	0.00815	0.00528	0.00424	0.00128	0.00442	0.00406	0.00434	0.00705
35	0.00872	0.00747	0.00872	0.00623	0.00996	0.00560	0.00498	0.01058	0.00872	0.01370	0.00747	0.00872	0.00623	0.00311	0.00311	0.00062	0.00311	0.00249	0.00249	0.87796
36	0.00874	0.05200	0.42343	0.01179	0.10902	0.00852	0.04538	0.01220	0.00969	0.05589	0.16085	0.04980	0.02399	0.00533	0.00426	0.00132	0.00489	0.00457	0.00265	0.00568
37	0.00601	0.00448	0.00665	0.00665	0.00736	0.00520	0.00512	0.00744	0.00672	0.00968	0.01136	0.01706	0.01075	0.07223	0.79523	0.00662	0.01090	0.00458	0.00227	0.00369
38	0.10667	0.00845	0.01013	0.00785	0.01106	0.00828	0.00648	0.22413	0.01353	0.53854	0.01381	0.01245	0.00896	0.00503	0.00405	0.00129	0.00381	0.00391	0.00468	0.00689
39	0.00508	0.00422	0.00444	0.00448	0.00577	0.00358	0.00332	0.00622	0.00972	0.01189	0.12359	0.09428	0.68773	0.01060	0.00499	0.00143	0.00213	0.00895	0.00398	0.00358
40	0.00876	0.00880	0.01254	0.75456	0.02727	0.09638	0.01130	0.01138	0.00878	0.01069	0.00737	0.01083	0.00558	0.00422	0.00416	0.00137	0.00581	0.00363	0.00190	0.00469
41	0.01588	0.03658	0.01285	0.00957	0.01294	0.01304	0.00794	0.77704	0.01932	0.03756	0.01006	0.01005	0.00714	0.00501	0.00416	0.00125	0.00461	0.00375	0.00415	0.00710
42	0.00703	0.00383	0.00574	0.00574	0.00590	0.00398	0.00398	0.00590	0.00574	0.00781	0.00812	0.01355	0.00797	0.01811	0.18602	0.69738	0.00523	0.00383	0.00191	0.00222
43	0.01456	0.00707	0.00874	0.00708	0.00950	0.00681	0.00557	0.12421	0.06608	0.44649	0.03895	0.03104	0.01214	0.14924	0.00712	0.00177	0.00364	0.00474	0.04924	0.00601
44	0.00589	0.00429	0.00566	0.00570	0.00624	0.00458	0.00404	0.00679	0.00689	0.00942	0.01581	0.06247	0.09873	0.31098	0.42829	0.00503	0.00740	0.00587	0.00261	0.00330
45	0.00512	0.00376	0.00481	0.00562	0.00605	0.00345	0.00381	0.00593	0.00836	0.01098	0.04774	0.71812	0.13541	0.01270	0.00530	0.00166	0.00238	0.01142	0.00392	0.00345
46	0.04878	0.00491	0.00605	0.00607	0.00721	0.00468	0.00445	0.03006	0.02978	0.13396	0.07634	0.41802	0.11291	0.03527	0.00568	0.02122	0.00280	0.04357	0.00401	0.00422
47	0.00819	0.00674	0.00814	0.00621	0.00928	0.00525	0.01824	0.00993	0.00903	0.03171	0.06862	0.09010	0.06604	0.00499	0.00363	0.00085	0.00298	0.00423	0.00292	0.64293
48	0.00649	0.00515	0.00720	0.00686	0.00728	0.00587	0.03003	0.00734	0.00686	0.00960	0.01339	0.16307	0.02438	0.29042	0.26503	0.00402	0.13468	0.00626	0.00259	0.00349
49	0.03045	0.00771	0.00961	0.00821	0.00994	0.02708	0.02329	0.18410	0.04315	0.12722	0.01966	0.01378	0.00930	0.04290	0.28275	0.03320	0.10737	0.00419	0.01094	0.00515
50	0.06928	0.00652	0.00696	0.00627	0.00800	0.03503	0.00482	0.13392	0.01917	0.06109	0.18532	0.14858	0.19635	0.02411	0.02094	0.00151	0.00317	0.01611	0.01116	0.04170
51	0.01559	0.00500	0.00589	0.00545	0.00687	0.00455	0.00406	0.04413	0.01016	0.06121	0.23908	0.13319	0.26606	0.07433	0.03212	0.00172	0.00286	0.00748	0.00390	0.07637
52	0.06403	0.02713	0.01840	0.00691	0.03857	0.01752	0.00489	0.02859	0.09725	0.01283	0.06433	0.41579	0.12663	0.03679	0.01919	0.00169	0.00305	0.00857	0.00366	0.00419
53	0.00947	0.00785	0.01610	0.01001	0.12509	0.06551	0.00672	0.08950	0.09469	0.05404	0.02160	0.04101	0.02156	0.11298	0.27821	0.00340	0.01515	0.00467	0.00290	0.01954
54	0.02672	0.00617	0.00718	0.00578	0.00837	0.00501	0.00447	0.01002	0.00888	0.06720	0.02478	0.12825	0.08143	0.02413	0.00405	0.00102	0.00285	0.00474	0.09501	0.48391

[dist]
# distance from previous block
# <min> <max>
4	21

[block]
# block no. 2 follows, 63 sequences, length 11
# corresponding to MSA columns:
# 216-226
name=unknown_C
#
# <colnr> <probs for GDERKNQSTAVLIFYWHMCP>
#	G	D	E	R	K	N	Q	S	T	A	V	L	I	F	Y	W	H	M	C	P
0	0.04317	0.02369	0.04782	0.03582	0.09923	0.04076	0.00740	0.22279	0.03668	0.08608	0.02771	0.01481	0.10837	0.00526	0.00402	0.00118	0.00405	0.01715	0.00334	0.17066
1	0.00929	0.02097	0.01957	0.01980	0.02936	0.01736	0.05421	0.05965	0.03864	0.11913	0.05655	0.03331	0.05290	0.04785	0.27169	0.09228	0.04502	0.00483	0.00300	0.00458
2	0.00923	0.02566	0.00812	0.00707	0.00850	0.06893	0.01908	0.09753	0.09493	0.05113	0.07938	0.05475	0.09734	0.06821	0.10061	0.16659	0.01508	0.02039	0.00319	0.00429
3	0.02979	0.02246	0.03930	0.00801	0.00949	0.13822	0.06764	0.02694	0.02001	0.04274	0.03286	0.37360	0.03844	0.05012	0.06678	0.00199	0.01662	0.00753	0.00320	0.00427
4	0.00603	0.00408	0.00480	0.00487	0.00496	0.00413	0.00289	0.00622	0.00632	0.00849	0.01384	0.09031	0.01583	0.71503	0.09172	0.00413	0.00458	0.00642	0.00263	0.00272
5	0.00594	0.00441	0.00646	0.00654	0.00719	0.00503	0.00496	0.00728	0.00681	0.00972	0.01232	0.08190	0.01218	0.08713	0.71462	0.00618	0.01008	0.00519	0.00240	0.00364
6	0.03146	0.00531	0.00634	0.00594	0.00738	0.00508	0.00444	0.04696	0.05596	0.15227	0.09133	0.21603	0.22402	0.05756	0.03264	0.03825	0.00311	0.00753	0.00397	0.00442
7	0.05012	0.00564	0.00652	0.00596	0.00765	0.00547	0.00455	0.01184	0.13741	0.15567	0.21622	0.10451	0.23102	0.03211	0.00512	0.00147	0.00267	0.00702	0.00426	0.00477
8	0.00816	0.00769	0.01300	0.77040	0.09902	0.00940	0.01178	0.01093	0.00851	0.01100	0.00751	0.01114	0.00570	0.00416	0.00420	0.00139	0.00555	0.00374	0.00189	0.00484
9	0.04331	0.00593	0.00697	0.00634	0.00793	0.00590	0.00481	0.10771	0.05911	0.13974	0.15301	0.18679	0.11925	0.07810	0.02628	0.00177	0.00321	0.02001	0.01911	0.00474
10	0.02096	0.00478	0.00583	0.00563	0.00669	0.00462	0.00409	0.02659	0.03652	0.08681	0.21905	0.18737	0.12302	0.13532	0.07167	0.00222	0.00339	0.00741	0.04400	0.00404

[dist]
# distance from previous block
# <min> <max>
0	1

[block]
# block no. 3 follows, 63 sequences, length 17
# corresponding to MSA columns:
# 228-244
name=unknown_D
#
# <colnr> <probs for GDERKNQSTAVLIFYWHMCP>
#	G	D	E	R	K	N	Q	S	T	A	V	L	I	F	Y	W	H	M	C	P
0	0.00528	0.00381	0.00486	0.00560	0.00597	0.00355	0.00377	0.00604	0.00817	0.01079	0.05289	0.64115	0.10093	0.09885	0.00697	0.00192	0.00260	0.02970	0.00379	0.00337
1	0.47402	0.00810	0.00739	0.00630	0.00885	0.04989	0.00511	0.04857	0.00952	0.21144	0.05990	0.01099	0.00875	0.00465	0.00329	0.00126	0.00343	0.00328	0.07003	0.00522
2	0.14473	0.00605	0.00670	0.00635	0.00780	0.00629	0.00474	0.11482	0.04408	0.07589	0.03664	0.32541	0.07761	0.07544	0.04651	0.00194	0.00350	0.00733	0.00368	0.00447
3	0.03308	0.00504	0.00600	0.00579	0.00669	0.00510	0.00410	0.04810	0.06148	0.04321	0.20749	0.16670	0.04360	0.26801	0.05973	0.00257	0.00361	0.02221	0.00361	0.00388
4	0.01310	0.01066	0.03698	0.00880	0.01153	0.05606	0.00723	0.43497	0.18487	0.03269	0.01246	0.03834	0.00990	0.04389	0.00497	0.00143	0.00428	0.02578	0.05576	0.00629
5	0.02907	0.00552	0.00649	0.00598	0.00722	0.00549	0.00434	0.08800	0.04658	0.12021	0.13625	0.16390	0.05697	0.23918	0.00919	0.00213	0.00323	0.01907	0.04686	0.00432
6	0.00669	0.00489	0.00634	0.00684	0.05317	0.00483	0.00456	0.05029	0.00919	0.02910	0.15461	0.25044	0.12454	0.15191	0.12069	0.00263	0.00408	0.00779	0.00351	0.00389
7	0.04559	0.00657	0.00784	0.00694	0.00874	0.00669	0.01503	0.15052	0.06026	0.16129	0.08148	0.09696	0.01603	0.10333	0.00652	0.01331	0.00346	0.10842	0.09599	0.00504
8	0.00861	0.07586	0.77796	0.01167	0.01771	0.01021	0.01499	0.01327	0.00885	0.01309	0.00743	0.00874	0.00533	0.00397	0.00391	0.00130	0.00610	0.00305	0.00178	0.00616
9	0.00693	0.00556	0.00697	0.04611	0.05140	0.03011	0.00512	0.02933	0.00854	0.01129	0.09568	0.15148	0.17742	0.10944	0.08227	0.09627	0.05951	0.00671	0.01615	0.00371
10	0.03886	0.01968	0.01331	0.10588	0.20765	0.05312	0.06416	0.16506	0.01119	0.09192	0.01024	0.08832	0.00880	0.01783	0.00542	0.00141	0.08389	0.00455	0.00293	0.00578
11	0.00549	0.00379	0.00504	0.00589	0.00622	0.00355	0.00399	0.00628	0.00818	0.02628	0.03909	0.75964	0.02713	0.04440	0.00595	0.00179	0.00256	0.03738	0.00389	0.00348
12	0.00865	0.00594	0.00757	0.02392	0.00819	0.00660	0.00518	0.08775	0.03315	0.08717	0.01288	0.01931	0.03751	0.29589	0.26052	0.00392	0.08379	0.00500	0.00288	0.00418
13	0.04071	0.02130	0.04722	0.19358	0.11935	0.11896	0.02302	0.02140	0.05212	0.03051	0.06388	0.07078	0.04938	0.00676	0.03401	0.01224	0.06592	0.00467	0.01923	0.00496
14	0.01188	0.01484	0.30980	0.01086	0.01512	0.02594	0.07594	0.30742	0.10333	0.04045	0.03616	0.01113	0.00816	0.00472	0.00422	0.00132	0.00520	0.00386	0.00316	0.00649
15	0.00595	0.00413	0.00501	0.00535	0.00624	0.00367	0.00379	0.00695	0.00912	0.06029	0.08994	0.45270	0.30853	0.01146	0.00513	0.00155	0.00236	0.01008	0.00404	0.00373
16	0.06846	0.03045	0.06216	0.07733	0.31122	0.05966	0.06324	0.05951	0.04432	0.06525	0.02602	0.03878	0.00834	0.00537	0.02446	0.01639	0.00501	0.00404	0.02418	0.00582

[dist]
# distance from previous block
# <min> <max>
0	3

[block]
# block no. 4 follows, 63 sequences, length 49
# corresponding to MSA columns:
# 248-296
name=unknown_E
#
# <colnr> <probs for GDERKNQSTAVLIFYWHMCP>
#	G	D	E	R	K	N	Q	S	T	A	V	L	I	F	Y	W	H	M	C	P
0	0.01116	0.01024	0.00962	0.02560	0.03102	0.18916	0.00666	0.13185	0.16244	0.04421	0.05418	0.12500	0.01298	0.07115	0.03054	0.00172	0.05641	0.00522	0.01565	0.00519
1	0.00593	0.00439	0.00536	0.00569	0.00638	0.00432	0.00403	0.00763	0.06532	0.01154	0.09070	0.33974	0.14312	0.15017	0.06887	0.00237	0.00341	0.05644	0.02097	0.00363
2	0.10388	0.05283	0.01160	0.00909	0.01178	0.20031	0.00734	0.36969	0.03345	0.05564	0.00904	0.00980	0.00689	0.00679	0.06704	0.00165	0.03056	0.00340	0.00329	0.00593
3	0.09697	0.04696	0.01647	0.02804	0.05741	0.02266	0.03223	0.13766	0.06417	0.05845	0.07687	0.18254	0.03338	0.02192	0.00475	0.00138	0.02249	0.01221	0.00342	0.08001
4	0.03359	0.13232	0.06543	0.13514	0.14314	0.12441	0.10707	0.06806	0.03810	0.02923	0.00798	0.01000	0.00640	0.01331	0.02001	0.00140	0.05301	0.00354	0.00230	0.00557
5	0.00661	0.00496	0.00559	0.00538	0.00678	0.00467	0.00410	0.01741	0.09813	0.04339	0.23036	0.06640	0.40047	0.02322	0.00513	0.00146	0.00242	0.04389	0.02547	0.00416
6	0.07891	0.00798	0.01010	0.00783	0.01091	0.00766	0.03373	0.16500	0.01280	0.53340	0.01412	0.01300	0.00928	0.00500	0.00403	0.00127	0.00375	0.00401	0.07056	0.00667
7	0.02841	0.03179	0.02755	0.01217	0.14219	0.42786	0.01983	0.07935	0.02469	0.01274	0.03185	0.02716	0.02251	0.03248	0.04622	0.00154	0.00631	0.00366	0.01650	0.00520
8	0.03169	0.00453	0.00576	0.00573	0.00651	0.00446	0.00417	0.02334	0.03363	0.03507	0.11840	0.12139	0.14276	0.05067	0.04674	0.29276	0.00344	0.06247	0.00318	0.00330
9	0.00645	0.00408	0.00555	0.00555	0.00578	0.00431	0.00374	0.00635	0.00612	0.00839	0.01076	0.01944	0.01128	0.33163	0.27602	0.27859	0.00620	0.00484	0.00223	0.00270
10	0.00565	0.00403	0.00505	0.00569	0.00630	0.00374	0.00392	0.00682	0.03283	0.03425	0.03626	0.64572	0.16971	0.01221	0.00522	0.00163	0.00244	0.01091	0.00396	0.00365
11	0.00643	0.00417	0.00510	0.00526	0.00585	0.00390	0.00350	0.00714	0.00824	0.06413	0.10580	0.32403	0.12340	0.30130	0.01073	0.00242	0.00299	0.00859	0.00360	0.00343
12	0.00636	0.00430	0.00509	0.00525	0.00564	0.00420	0.00335	0.03403	0.00764	0.02938	0.02652	0.28931	0.07463	0.45799	0.02540	0.00299	0.00351	0.00803	0.00321	0.00319
13	0.01191	0.01101	0.01794	0.01338	0.01697	0.01134	0.39972	0.26302	0.17584	0.01834	0.01073	0.01183	0.00792	0.00444	0.00459	0.00137	0.00557	0.00455	0.00320	0.00633
14	0.03057	0.00618	0.00692	0.00638	0.00809	0.00621	0.00490	0.12312	0.12137	0.07922	0.08381	0.20131	0.26958	0.00899	0.00475	0.00145	0.00288	0.02534	0.00412	0.00480
15	0.02878	0.00450	0.00516	0.00518	0.00582	0.00439	0.00348	0.02964	0.02450	0.01150	0.14214	0.17968	0.14293	0.36466	0.01187	0.00258	0.00314	0.02326	0.00342	0.00336
16	0.01606	0.01388	0.01156	0.00963	0.01241	0.33534	0.00763	0.30754	0.02856	0.17522	0.01042	0.01114	0.00771	0.00500	0.00410	0.00122	0.00554	0.02732	0.00359	0.00615
17	0.00958	0.00746	0.00864	0.00662	0.00980	0.00642	0.00526	0.04601	0.12119	0.06303	0.08570	0.01236	0.01065	0.00423	0.00355	0.00087	0.00310	0.00347	0.02549	0.56656
18	0.85629	0.00810	0.00628	0.00559	0.00821	0.00933	0.00460	0.01260	0.00730	0.04295	0.00617	0.00705	0.00473	0.00394	0.00265	0.00130	0.00326	0.00233	0.00268	0.00463
19	0.00658	0.00432	0.00609	0.00674	0.00734	0.00431	0.00537	0.00731	0.00818	0.01075	0.01837	0.15733	0.03758	0.01364	0.05147	0.23113	0.00394	0.41304	0.00326	0.00325
20	0.01030	0.00724	0.00805	0.00684	0.00831	0.00777	0.00500	0.33011	0.01180	0.03188	0.01218	0.04030	0.01196	0.42662	0.06095	0.00299	0.00466	0.00519	0.00328	0.00458
21	0.00973	0.01014	0.01349	0.01141	0.01182	0.07496	0.05558	0.01082	0.00705	0.01032	0.00577	0.00920	0.00556	0.00691	0.01253	0.00176	0.73272	0.00368	0.00188	0.00468
22	0.03974	0.00754	0.00989	0.00760	0.01085	0.00679	0.00628	0.08166	0.01251	0.74692	0.01582	0.01380	0.01001	0.00516	0.00419	0.00130	0.00365	0.00415	0.00506	0.00709
23	0.21915	0.01035	0.01071	0.00844	0.01158	0.01139	0.00695	0.51726	0.04089	0.10823	0.01000	0.00994	0.00706	0.00481	0.00383	0.00128	0.00415	0.00351	0.00394	0.00653
24	0.02888	0.00496	0.00585	0.00541	0.00672	0.00470	0.00413	0.06841	0.01178	0.01624	0.54070	0.03157	0.22714	0.00874	0.00485	0.00135	0.00228	0.01780	0.00436	0.00412
25	0.01360	0.01437	0.36410	0.00986	0.01439	0.00914	0.01057	0.16768	0.03301	0.30403	0.01147	0.01120	0.00766	0.00466	0.00412	0.00131	0.00491	0.00367	0.00351	0.00673
26	0.07186	0.00429	0.00509	0.00560	0.00612	0.00424	0.00377	0.02204	0.00789	0.01117	0.02049	0.54122	0.06892	0.17237	0.03311	0.00225	0.00310	0.00955	0.00350	0.00343
27	0.00518	0.00371	0.00493	0.00581	0.00611	0.00346	0.00391	0.00601	0.00834	0.01119	0.08373	0.78764	0.02870	0.01282	0.00533	0.00168	0.00240	0.01162	0.00396	0.00346
28	0.00927	0.00780	0.00901	0.00649	0.01019	0.00617	0.00521	0.07120	0.00955	0.01467	0.00767	0.00882	0.00630	0.00326	0.00320	0.00067	0.00323	0.00259	0.00262	0.81210
29	0.01523	0.01122	0.01217	0.00945	0.01262	0.01245	0.00778	0.75117	0.01878	0.02523	0.01018	0.01058	0.00740	0.00705	0.06709	0.00168	0.00513	0.00384	0.00406	0.00689
30	0.01551	0.01104	0.01198	0.00935	0.01257	0.01213	0.00767	0.64441	0.12167	0.09248	0.01154	0.01116	0.00815	0.00514	0.00422	0.00129	0.00437	0.00395	0.00430	0.00709
31	0.00587	0.00409	0.00477	0.00485	0.00513	0.00401	0.00300	0.00625	0.00704	0.00933	0.05957	0.11740	0.10549	0.57679	0.06601	0.00355	0.00401	0.00703	0.00293	0.00290
32	0.03040	0.00751	0.00973	0.00755	0.01069	0.00688	0.00621	0.08848	0.04015	0.69047	0.01578	0.01393	0.01014	0.00518	0.00416	0.00129	0.00360	0.00417	0.03671	0.00698
33	0.00636	0.00454	0.00629	0.00726	0.00805	0.00448	0.00605	0.00799	0.00927	0.01211	0.02249	0.25027	0.02511	0.01201	0.00569	0.00188	0.00351	0.59901	0.00388	0.00376
34	0.04495	0.00722	0.00764	0.00701	0.00848	0.11146	0.05609	0.00956	0.05364	0.01275	0.16483	0.14165	0.25642	0.01028	0.06635	0.00180	0.02515	0.00708	0.00349	0.00416
35	0.00709	0.00467	0.00529	0.00537	0.00611	0.00478	0.00373	0.02279	0.10644	0.01253	0.03007	0.21488	0.03705	0.21592	0.00903	0.04549	0.00292	0.01959	0.24250	0.00374
36	0.09040	0.00705	0.01899	0.00699	0.00843	0.05536	0.01659	0.06322	0.09860	0.01425	0.15907	0.12838	0.07259	0.06884	0.10512	0.00226	0.03055	0.04545	0.00346	0.00443
37	0.00847	0.00667	0.00726	0.00703	0.00858	0.03125	0.00535	0.03298	0.30588	0.05235	0.04237	0.25063	0.13049	0.00887	0.00476	0.00151	0.00307	0.06780	0.01969	0.00499
38	0.21814	0.00548	0.00571	0.00578	0.00687	0.01973	0.00424	0.01965	0.00794	0.02336	0.01765	0.29914	0.10437	0.09541	0.06944	0.02947	0.01751	0.02557	0.02076	0.00376
39	0.05895	0.00867	0.01021	0.00806	0.01099	0.00887	0.00657	0.30998	0.04410	0.37666	0.01321	0.01315	0.00922	0.04337	0.05674	0.00175	0.00444	0.00409	0.00437	0.00659
40	0.00742	0.00572	0.00652	0.00652	0.00781	0.00591	0.00488	0.02580	0.24222	0.03396	0.02426	0.26014	0.18766	0.07036	0.00612	0.00174	0.00297	0.09151	0.00395	0.00452
41	0.01424	0.01123	0.01306	0.06476	0.21100	0.10400	0.00911	0.32887	0.05336	0.13306	0.01025	0.01082	0.00747	0.00465	0.00415	0.00126	0.00490	0.00376	0.00346	0.00660
42	0.00950	0.03949	0.01021	0.00877	0.02335	0.11433	0.04931	0.07670	0.08647	0.02645	0.01036	0.01408	0.00917	0.07740	0.32623	0.02995	0.07680	0.00419	0.00259	0.00465
43	0.04860	0.00627	0.00721	0.00639	0.00800	0.00639	0.00478	0.11029	0.09786	0.14692	0.09171	0.08656	0.10279	0.20874	0.04690	0.00227	0.00375	0.00602	0.00380	0.00476
44	0.00551	0.00398	0.00485	0.00530	0.00598	0.00361	0.00366	0.00641	0.00876	0.02786	0.10164	0.47478	0.24414	0.07536	0.00641	0.00176	0.00246	0.01011	0.00389	0.00351
45	0.00970	0.14160	0.06466	0.29719	0.13716	0.06699	0.03834	0.04463	0.00922	0.01197	0.00805	0.04050	0.00683	0.00528	0.02549	0.00143	0.05917	0.00376	0.02279	0.00523
46	0.03031	0.04382	0.00729	0.00627	0.00746	0.00595	0.00484	0.04597	0.00815	0.07886	0.02764	0.01782	0.03422	0.14231	0.43725	0.00449	0.00750	0.00465	0.08108	0.00412
47	0.00677	0.00523	0.02700	0.00726	0.06726	0.00471	0.00492	0.03047	0.00899	0.02858	0.09369	0.35513	0.08259	0.11509	0.00689	0.00181	0.00301	0.05088	0.06953	0.03020
48	0.01264	0.01061	0.01175	0.05194	0.03797	0.09622	0.04871	0.35734	0.09981	0.03991	0.04276	0.09637	0.01078	0.00587	0.00464	0.00132	0.03232	0.00478	0.00360	0.03067

[dist]
# distance from previous block
# <min> <max>
0	54

[block]
# block no. 5 follows, 63 sequences, length 34
# corresponding to MSA columns:
# 351-384
name=unknown_F
#
# <colnr> <probs for GDERKNQSTAVLIFYWHMCP>
#	G	D	E	R	K	N	Q	S	T	A	V	L	I	F	Y	W	H	M	C	P
0	0.00891	0.00691	0.04140	0.00687	0.00871	0.02478	0.02368	0.09675	0.07968	0.09672	0.29395	0.14564	0.11290	0.00805	0.00470	0.00138	0.00304	0.00696	0.02408	0.00487
1	0.02190	0.00787	0.01197	0.06840	0.25594	0.00809	0.05628	0.09887	0.01026	0.09685	0.01302	0.13818	0.02331	0.05053	0.03194	0.00172	0.02972	0.05386	0.01585	0.00545
2	0.07839	0.00796	0.00919	0.00748	0.01010	0.00816	0.00604	0.21996	0.10525	0.28920	0.14711	0.03057	0.01456	0.00581	0.00419	0.00130	0.00344	0.00471	0.04042	0.00618
3	0.00678	0.00518	0.00603	0.00605	0.00712	0.00523	0.00440	0.05869	0.12306	0.01334	0.10430	0.32755	0.17466	0.06454	0.04022	0.00189	0.00307	0.02008	0.02361	0.00416
4	0.05010	0.00570	0.00656	0.00612	0.00736	0.00579	0.00441	0.07435	0.10017	0.09450	0.13415	0.19296	0.05851	0.22983	0.00903	0.00213	0.00321	0.00696	0.00378	0.00436
5	0.02493	0.00447	0.00540	0.00530	0.00576	0.00456	0.00352	0.03002	0.02157	0.03409	0.01266	0.06953	0.01324	0.40384	0.06499	0.18275	0.00410	0.02346	0.08272	0.00306
6	0.00868	0.00851	0.00722	0.00682	0.00808	0.19270	0.00494	0.01121	0.13039	0.01150	0.07896	0.03695	0.16336	0.21841	0.09188	0.00253	0.00493	0.00570	0.00312	0.00412
7	0.02675	0.00582	0.00710	0.00630	0.00782	0.00567	0.00470	0.07407	0.04843	0.22566	0.13794	0.09952	0.03897	0.24523	0.00934	0.00216	0.00341	0.04242	0.00398	0.00472
8	0.00645	0.00458	0.00556	0.00555	0.00666	0.00427	0.00415	0.00832	0.05011	0.05365	0.27088	0.18776	0.25023	0.04429	0.01976	0.00167	0.00263	0.06539	0.00412	0.00397
9	0.42929	0.00828	0.00847	0.00687	0.00983	0.00872	0.00567	0.13073	0.01082	0.32765	0.01054	0.01014	0.00715	0.00456	0.00345	0.00130	0.00357	0.00323	0.00382	0.00592
10	0.69857	0.00827	0.00715	0.00611	0.00886	0.00926	0.00504	0.07421	0.00878	0.12982	0.00764	0.00810	0.00555	0.00417	0.00294	0.00130	0.00340	0.00266	0.00308	0.00510
11	0.00528	0.00405	0.00478	0.00509	0.00595	0.00362	0.00362	0.00636	0.00931	0.01201	0.17435	0.32909	0.34972	0.04583	0.00580	0.00162	0.00233	0.02368	0.00398	0.00354
12	0.00605	0.00410	0.00522	0.00565	0.00627	0.00384	0.00395	0.00698	0.00856	0.04807	0.09839	0.45842	0.12074	0.12202	0.03822	0.00213	0.00303	0.05102	0.00379	0.00357
13	0.83756	0.00832	0.00651	0.00574	0.00838	0.00962	0.00473	0.05336	0.00780	0.01925	0.00607	0.00700	0.00469	0.00396	0.00268	0.00130	0.00332	0.00235	0.00268	0.00469
14	0.00784	0.00416	0.00592	0.00574	0.00595	0.00423	0.00392	0.05557	0.00636	0.00849	0.00748	0.01261	0.00729	0.01401	0.01567	0.82326	0.00371	0.00366	0.00197	0.00216
15	0.00872	0.00747	0.00872	0.00623	0.00996	0.00560	0.00498	0.01058	0.00872	0.01370	0.00747	0.00872	0.00623	0.00311	0.00311	0.00062	0.00311	0.00249	0.00249	0.87796
16	0.00611	0.00410	0.00472	0.00472	0.00477	0.00415	0.00272	0.00620	0.00615	0.00825	0.01312	0.02683	0.01499	0.80129	0.07196	0.00424	0.00452	0.00601	0.00253	0.00262
17	0.01111	0.00646	0.00768	0.00658	0.00850	0.02781	0.00515	0.10753	0.03619	0.23917	0.34419	0.07307	0.03824	0.00713	0.00451	0.00131	0.00295	0.00607	0.06106	0.00527
18	0.00583	0.00394	0.00515	0.00589	0.00636	0.00366	0.00408	0.00667	0.00832	0.04450	0.02358	0.67335	0.07573	0.05190	0.00607	0.00180	0.00264	0.06306	0.00389	0.00357
19	0.00953	0.00507	0.00655	0.00583	0.00748	0.00450	0.00449	0.01112	0.01115	0.25579	0.37327	0.11470	0.15678	0.00841	0.00479	0.00137	0.00253	0.00727	0.00460	0.00478
20	0.00567	0.00416	0.00556	0.00617	0.00666	0.00396	0.01849	0.03928	0.00869	0.01158	0.04110	0.76280	0.04499	0.01250	0.00529	0.00167	0.00259	0.01132	0.00390	0.00362
21	0.19082	0.00819	0.00901	0.00723	0.01001	0.01924	0.02033	0.20627	0.01224	0.25087	0.04922	0.01548	0.10488	0.02797	0.00441	0.00134	0.00363	0.00436	0.00395	0.05053
22	0.00695	0.00484	0.00599	0.00580	0.00693	0.00456	0.00426	0.04938	0.03408	0.05392	0.34839	0.28321	0.11178	0.02812	0.00530	0.00149	0.00247	0.00846	0.00421	0.02986
23	0.00905	0.00746	0.00866	0.00649	0.00991	0.00607	0.00515	0.01201	0.09939	0.03815	0.03006	0.03055	0.00846	0.00385	0.00338	0.00078	0.00311	0.00315	0.00286	0.71146
24	0.00683	0.00495	0.00571	0.00584	0.00639	0.02531	0.00402	0.05002	0.00805	0.01070	0.01627	0.24121	0.01834	0.38234	0.03140	0.02861	0.00383	0.10677	0.01898	0.02442
25	0.20438	0.00557	0.00603	0.00568	0.00724	0.00573	0.00438	0.01093	0.04949	0.10381	0.17752	0.14028	0.04804	0.00840	0.04665	0.00161	0.00309	0.02016	0.14655	0.00446
26	0.00561	0.00406	0.00502	0.00551	0.00610	0.00379	0.00379	0.00673	0.02577	0.02085	0.10744	0.48443	0.16026	0.11018	0.00711	0.00189	0.00260	0.03149	0.00384	0.00352
27	0.02482	0.00737	0.00952	0.00882	0.03067	0.03781	0.01568	0.04250	0.03134	0.01132	0.04989	0.01597	0.01069	0.13781	0.22959	0.00335	0.30374	0.02240	0.00244	0.00427
28	0.00755	0.00576	0.00736	0.00735	0.04145	0.00620	0.00530	0.06763	0.09681	0.02917	0.10727	0.07263	0.10432	0.10015	0.29954	0.00356	0.02447	0.00587	0.00324	0.00438
29	0.00720	0.00482	0.00591	0.00581	0.00687	0.00458	0.00423	0.05306	0.03038	0.07490	0.23380	0.30284	0.14532	0.07719	0.00631	0.00169	0.00266	0.02422	0.00411	0.00409
30	0.00744	0.00488	0.00634	0.00627	0.02649	0.00468	0.02007	0.04105	0.00910	0.07831	0.15315	0.20786	0.10875	0.21430	0.03398	0.04989	0.00338	0.00742	0.01281	0.00382
31	0.01111	0.02689	0.08162	0.03436	0.01343	0.13709	0.11999	0.12418	0.19062	0.04310	0.01342	0.08247	0.05035	0.00670	0.03533	0.00155	0.01406	0.00488	0.00319	0.00566
32	0.00993	0.00925	0.01037	0.04955	0.03463	0.12118	0.00744	0.09454	0.02606	0.02915	0.08239	0.04814	0.04103	0.02550	0.10016	0.00212	0.27731	0.00462	0.02187	0.00477
33	0.02441	0.00700	0.00907	0.25055	0.09044	0.05574	0.00727	0.02485	0.04307	0.01173	0.03860	0.13356	0.10170	0.09857	0.03801	0.01962	0.00448	0.00579	0.02189	0.01365

[dist]
# distance from previous block
# <min> <max>
1	43

[block]
# block no. 6 follows, 63 sequences, length 22
# corresponding to MSA columns:
# 428-449
name=unknown_G
#
# <colnr> <probs for GDERKNQSTAVLIFYWHMCP>
#	G	D	E	R	K	N	Q	S	T	A	V	L	I	F	Y	W	H	M	C	P
0	0.07595	0.00569	0.00641	0.00630	0.03091	0.02426	0.00432	0.05520	0.00911	0.08618	0.10283	0.15467	0.10608	0.26903	0.02885	0.00234	0.00356	0.00665	0.00344	0.01821
1	0.09729	0.14928	0.01213	0.06046	0.15543	0.00947	0.00736	0.12882	0.01033	0.07452	0.05270	0.08413	0.02870	0.00705	0.03061	0.07487	0.00426	0.00443	0.00293	0.00524
2	0.11051	0.00822	0.00875	0.00715	0.00964	0.00877	0.00578	0.32065	0.06850	0.10127	0.06912	0.01329	0.01069	0.00513	0.00376	0.00120	0.00342	0.00399	0.20700	0.03316
3	0.02735	0.00641	0.00734	0.00654	0.00832	0.00643	0.00501	0.16717	0.07067	0.12669	0.09837	0.19846	0.17855	0.05099	0.00550	0.00155	0.00307	0.00712	0.01951	0.00496
4	0.03699	0.00638	0.00801	0.00809	0.07546	0.00627	0.00562	0.10851	0.03596	0.17458	0.08025	0.18481	0.11141	0.09219	0.00632	0.00170	0.00335	0.04516	0.00394	0.00500
5	0.06375	0.00606	0.00750	0.05946	0.05322	0.01671	0.00548	0.06070	0.01032	0.12585	0.16813	0.08324	0.17283	0.03550	0.07132	0.00187	0.00380	0.01487	0.03473	0.00466
6	0.03329	0.00501	0.00591	0.00577	0.00678	0.00493	0.00414	0.07125	0.03707	0.03892	0.22716	0.28138	0.11072	0.13944	0.00744	0.00187	0.00280	0.00819	0.00392	0.00399
7	0.07913	0.00584	0.00684	0.00619	0.00776	0.00578	0.00464	0.08168	0.04271	0.17913	0.13779	0.20271	0.05969	0.11682	0.00665	0.00175	0.00307	0.00672	0.04038	0.00472
8	0.03083	0.00567	0.00678	0.00618	0.00774	0.00543	0.00463	0.06897	0.05343	0.14908	0.13897	0.20069	0.11563	0.11385	0.00676	0.00174	0.00303	0.02813	0.00399	0.04849
9	0.00586	0.00464	0.00538	0.00550	0.00662	0.00439	0.00409	0.00817	0.08979	0.01296	0.19064	0.21971	0.34435	0.01085	0.02402	0.00162	0.00259	0.05084	0.00405	0.00393
10	0.08528	0.00581	0.00675	0.00627	0.00793	0.00572	0.00480	0.06157	0.06856	0.15311	0.11626	0.25090	0.10307	0.00845	0.00453	0.00143	0.00285	0.03361	0.05081	0.02227
11	0.17492	0.00637	0.00717	0.00640	0.00833	0.00645	0.00500	0.07142	0.04933	0.19958	0.11025	0.14166	0.09619	0.03528	0.04368	0.00174	0.00347	0.02385	0.00395	0.00498
12	0.03471	0.00514	0.00597	0.00564	0.00707	0.00494	0.00433	0.03100	0.06345	0.06762	0.24175	0.07618	0.25389	0.03953	0.03518	0.00168	0.00290	0.05515	0.04347	0.02041
13	0.00618	0.00470	0.00553	0.00536	0.00656	0.00439	0.00405	0.04425	0.03159	0.01471	0.38341	0.11169	0.29555	0.00953	0.00495	0.00141	0.00231	0.04022	0.01961	0.00398
14	0.06360	0.00585	0.00672	0.00646	0.02631	0.00590	0.00472	0.06446	0.10394	0.06779	0.19625	0.08558	0.16522	0.13316	0.00712	0.00181	0.00303	0.04373	0.00388	0.00447
15	0.12763	0.00892	0.09534	0.00846	0.01127	0.00769	0.09648	0.06319	0.08736	0.20489	0.08994	0.07782	0.02611	0.05760	0.00527	0.00153	0.00399	0.00504	0.01593	0.00553
16	0.00568	0.00449	0.00506	0.00504	0.00617	0.00413	0.00371	0.00747	0.05366	0.01267	0.21897	0.09914	0.42454	0.08244	0.02281	0.00177	0.00258	0.03198	0.00394	0.00373
17	0.01122	0.77819	0.06889	0.00759	0.01130	0.04366	0.00771	0.01277	0.00867	0.01010	0.00597	0.00690	0.00539	0.00364	0.00281	0.00093	0.00470	0.00231	0.00181	0.00543
18	0.01443	0.01082	0.01188	0.00938	0.01233	0.03224	0.02574	0.61052	0.07404	0.04007	0.01057	0.01112	0.00781	0.00735	0.06497	0.03727	0.00508	0.00391	0.00389	0.00656
19	0.00732	0.00530	0.00718	0.05475	0.02747	0.00523	0.03428	0.04456	0.02248	0.05965	0.09993	0.17449	0.20436	0.09029	0.07976	0.04793	0.00393	0.02358	0.00346	0.00404
20	0.00759	0.00459	0.00545	0.00524	0.00585	0.00448	0.00342	0.02839	0.00765	0.09672	0.01651	0.10976	0.06897	0.53675	0.04758	0.00330	0.00397	0.01655	0.02383	0.00341
21	0.00601	0.00448	0.00663	0.00663	0.00734	0.00519	0.00510	0.00743	0.00672	0.00966	0.01138	0.01716	0.01079	0.07939	0.78812	0.00660	0.01084	0.00460	0.00227	0.00368

[dist]
# distance from previous block
# <min> <max>
3	10

[block]
# block no. 7 follows, 63 sequences, length 15
# corresponding to MSA columns:
# 461-475
name=unknown_H
#
# <colnr> <probs for GDERKNQSTAVLIFYWHMCP>
#	G	D	E	R	K	N	Q	S	T	A	V	L	I	F	Y	W	H	M	C	P
0	0.04258	0.02984	0.05816	0.00793	0.01039	0.00812	0.05674	0.11052	0.20204	0.12621	0.05918	0.08782	0.01298	0.01725	0.00433	0.00134	0.00358	0.00500	0.15037	0.00564
1	0.00674	0.00518	0.00645	0.00588	0.00730	0.00475	0.00428	0.02161	0.00811	0.01157	0.07113	0.17978	0.04290	0.17607	0.18549	0.00290	0.00483	0.00605	0.00295	0.24602
2	0.03698	0.00496	0.00610	0.00541	0.00694	0.00442	0.00413	0.00845	0.01110	0.01617	0.62530	0.02711	0.06572	0.00760	0.00457	0.00121	0.00222	0.00661	0.00417	0.15084
3	0.03111	0.00748	0.00871	0.00694	0.00975	0.00681	0.00544	0.15082	0.03914	0.12525	0.01230	0.15188	0.01110	0.03626	0.00452	0.00118	0.00337	0.00474	0.00346	0.37975
4	0.00646	0.00392	0.00529	0.00548	0.00583	0.00376	0.00372	0.00643	0.00765	0.02542	0.15098	0.25252	0.03913	0.12169	0.01137	0.32000	0.00305	0.02128	0.00312	0.00290
5	0.01570	0.02004	0.01191	0.01083	0.01300	0.83539	0.00812	0.01679	0.01191	0.01029	0.00650	0.00758	0.00541	0.00433	0.00379	0.00108	0.00758	0.00271	0.00217	0.00487
6	0.00562	0.00437	0.00473	0.00463	0.00602	0.00374	0.00351	0.00688	0.01005	0.03834	0.17250	0.03829	0.64546	0.01015	0.00497	0.00141	0.00220	0.02931	0.00407	0.00374
7	0.00578	0.00420	0.00537	0.00546	0.00621	0.00395	0.00389	0.00746	0.03102	0.01418	0.46982	0.28541	0.06482	0.06553	0.00615	0.00163	0.00230	0.00883	0.00423	0.00375
8	0.02344	0.00651	0.00783	0.01815	0.04293	0.00698	0.00573	0.10226	0.20939	0.02903	0.01694	0.26974	0.01707	0.08020	0.02185	0.05029	0.00358	0.07966	0.00367	0.00476
9	0.00602	0.00443	0.00639	0.00639	0.00702	0.00506	0.00480	0.00727	0.00665	0.00949	0.01159	0.01836	0.01131	0.16945	0.69878	0.00631	0.01005	0.00477	0.00230	0.00355
10	0.01461	0.01821	0.01207	0.01086	0.01267	0.69717	0.00830	0.01567	0.01099	0.01026	0.00633	0.00785	0.00543	0.00484	0.00547	0.00121	0.14823	0.00287	0.00211	0.00483
11	0.00574	0.00429	0.00533	0.00507	0.00615	0.00388	0.00380	0.00753	0.01141	0.01569	0.65838	0.03332	0.20583	0.00903	0.00496	0.00134	0.00201	0.00787	0.00447	0.00388
12	0.00724	0.00672	0.00590	0.00591	0.00672	0.14350	0.00405	0.00799	0.00877	0.01053	0.09135	0.21177	0.19142	0.26799	0.00990	0.00223	0.00370	0.00757	0.00326	0.00347
13	0.17057	0.04840	0.02208	0.03023	0.01164	0.25280	0.02513	0.07573	0.14633	0.08118	0.00967	0.01082	0.00760	0.04456	0.01670	0.00147	0.03327	0.00346	0.00298	0.00539
14	0.11030	0.00749	0.02999	0.02643	0.01063	0.00715	0.01870	0.05687	0.06485	0.42201	0.02673	0.03345	0.01035	0.00967	0.14380	0.00224	0.00498	0.00428	0.00406	0.00602

[dist]
# distance from previous block
# <min> <max>
0	1

[block]
# block no. 8 follows, 63 sequences, length 36
# corresponding to MSA columns:
# 477-512
name=unknown_I
#
# <colnr> <probs for GDERKNQSTAVLIFYWHMCP>
#	G	D	E	R	K	N	Q	S	T	A	V	L	I	F	Y	W	H	M	C	P
0	0.01048	0.10880	0.47618	0.01291	0.11831	0.03263	0.04361	0.06038	0.00993	0.07640	0.00826	0.00938	0.00604	0.00407	0.00394	0.00126	0.00565	0.00328	0.00225	0.00625
1	0.15551	0.21316	0.14341	0.01069	0.11708	0.10257	0.00879	0.08164	0.04509	0.03483	0.02070	0.03391	0.00720	0.00443	0.00355	0.00119	0.00481	0.00329	0.00251	0.00566
2	0.01298	0.01116	0.11826	0.00902	0.01236	0.01012	0.02707	0.41099	0.08258	0.10640	0.04134	0.01539	0.11173	0.00576	0.00432	0.00131	0.00427	0.00462	0.00392	0.00639
3	0.77148	0.00757	0.00601	0.00557	0.00787	0.00867	0.00447	0.01154	0.00727	0.01784	0.00804	0.11301	0.00748	0.00507	0.00295	0.00135	0.00315	0.00350	0.00277	0.00441
4	0.00963	0.00801	0.00921	0.00666	0.01035	0.00654	0.00536	0.11157	0.01011	0.01531	0.00780	0.00889	0.00634	0.00336	0.00325	0.00070	0.00330	0.00265	0.00271	0.76824
5	0.01384	0.11647	0.14860	0.01052	0.01350	0.54550	0.00924	0.03148	0.01101	0.02663	0.00683	0.00793	0.00553	0.00432	0.00403	0.00113	0.03327	0.00280	0.00215	0.00524
6	0.00634	0.00625	0.00525	0.00511	0.00661	0.10837	0.00383	0.00743	0.00993	0.01135	0.05571	0.03611	0.70340	0.00980	0.00482	0.00137	0.00281	0.00807	0.00370	0.00373
7	0.00736	0.00505	0.00560	0.00523	0.00565	0.00520	0.00323	0.10766	0.00783	0.01046	0.01285	0.02532	0.01426	0.74551	0.01923	0.00372	0.00414	0.00582	0.00276	0.00313
8	0.77214	0.00836	0.00755	0.00808	0.11119	0.00950	0.00560	0.01243	0.00746	0.01821	0.00611	0.00728	0.00482	0.00388	0.00280	0.00129	0.00347	0.00246	0.00254	0.00482
9	0.00787	0.00822	0.11093	0.00729	0.00946	0.00705	0.00638	0.01380	0.30486	0.01652	0.40543	0.02310	0.04775	0.00702	0.00459	0.00136	0.00301	0.00604	0.00412	0.00522
10	0.00869	0.02014	0.72704	0.01155	0.01728	0.00985	0.01441	0.01445	0.11088	0.01385	0.00875	0.00973	0.00627	0.00421	0.00403	0.00134	0.00585	0.00331	0.00209	0.00627
11	0.00994	0.08833	0.01061	0.00728	0.02362	0.00809	0.00584	0.09414	0.11187	0.01513	0.00881	0.00958	0.00708	0.00369	0.00335	0.00083	0.00346	0.00291	0.00282	0.58263
12	0.00670	0.00395	0.00521	0.00526	0.00568	0.00376	0.00356	0.00631	0.00722	0.03261	0.07628	0.13728	0.14106	0.12921	0.01260	0.40830	0.00318	0.00627	0.00284	0.00273
13	0.03554	0.05449	0.00990	0.00819	0.02913	0.01707	0.02357	0.22072	0.07358	0.01545	0.01518	0.04109	0.12236	0.03355	0.23198	0.00289	0.05212	0.00493	0.00316	0.00509
14	0.00605	0.00447	0.00666	0.00666	0.00736	0.00517	0.00513	0.00741	0.00670	0.00964	0.01120	0.01672	0.01055	0.05439	0.78852	0.03211	0.01083	0.00452	0.00225	0.00366
15	0.00601	0.00450	0.00676	0.00676	0.00751	0.00525	0.00525	0.00751	0.00676	0.00976	0.01126	0.01651	0.01051	0.03153	0.83560	0.00676	0.01126	0.00450	0.00225	0.00375
16	0.00594	0.00434	0.00517	0.00519	0.00621	0.00384	0.00368	0.00702	0.00917	0.03486	0.17403	0.28700	0.27192	0.10054	0.00671	0.00172	0.00251	0.00878	0.00384	0.05753
17	0.00888	0.00721	0.01048	0.01104	0.14349	0.00753	0.07220	0.12198	0.02617	0.03757	0.01532	0.29668	0.03410	0.09219	0.00720	0.00177	0.07236	0.02575	0.00324	0.00485
18	0.01576	0.01842	0.01205	0.01060	0.01300	0.67502	0.00810	0.17186	0.01344	0.01345	0.00720	0.00807	0.00575	0.00447	0.00387	0.00112	0.00700	0.00292	0.00256	0.00532
19	0.00517	0.00371	0.00493	0.00589	0.00617	0.00346	0.00398	0.00595	0.00813	0.01080	0.02350	0.80824	0.04258	0.01307	0.00537	0.00171	0.00248	0.03751	0.00390	0.00343
20	0.00557	0.00407	0.00499	0.00549	0.00617	0.00375	0.00381	0.00677	0.03047	0.02551	0.09490	0.52709	0.21343	0.04023	0.00573	0.00167	0.00243	0.01034	0.00395	0.00361
21	0.00515	0.00370	0.00489	0.00579	0.00609	0.00344	0.00389	0.00594	0.00824	0.01098	0.05397	0.79688	0.04961	0.01293	0.00534	0.00168	0.00241	0.01170	0.00393	0.00344
