[name]
unknown

[dist]
# distance from previous block
# <min> <max>
0	23

[block]
# block no. 0 follows, 68 sequences, length 35
# corresponding to MSA columns:
# 23-57
name=unknown_A
#
# <colnr> <probs for GDERKNQSTAVLIFYWHMCP>
#	G	D	E	R	K	N	Q	S	T	A	V	L	I	F	Y	W	H	M	C	P
0	0.00582	0.00539	0.03714	0.00601	0.00677	0.06476	0.00448	0.00685	0.00832	0.01069	0.07540	0.57922	0.09346	0.02188	0.00507	0.00155	0.00284	0.05737	0.00351	0.00348
1	0.01376	0.01087	0.01114	0.00892	0.01180	0.05523	0.00723	0.58144	0.21942	0.02210	0.01099	0.01070	0.00799	0.00488	0.00396	0.00122	0.00420	0.00374	0.00388	0.00651
2	0.00983	0.18825	0.51389	0.01001	0.01473	0.08817	0.01164	0.06573	0.02232	0.03030	0.00719	0.00814	0.00537	0.00384	0.00353	0.00115	0.00546	0.00282	0.00197	0.00567
3	0.00547	0.00375	0.00438	0.00461	0.00475	0.00366	0.00276	0.00570	0.00642	0.00848	0.01645	0.23789	0.06417	0.59681	0.01546	0.00313	0.00335	0.00731	0.00280	0.00266
4	0.00862	0.01654	0.50082	0.04967	0.01866	0.03552	0.28831	0.01260	0.00878	0.01241	0.00739	0.00922	0.00537	0.00364	0.00408	0.00128	0.00616	0.00354	0.00180	0.00558
5	0.00946	0.00925	0.04491	0.17986	0.55819	0.00916	0.04682	0.01222	0.03434	0.03611	0.00806	0.01962	0.00654	0.00381	0.00398	0.00123	0.00483	0.00369	0.00208	0.00585
6	0.00850	0.00855	0.01586	0.18269	0.30673	0.00862	0.26105	0.01101	0.00882	0.01196	0.01098	0.06740	0.07041	0.00463	0.00430	0.00130	0.00507	0.00476	0.00218	0.00520
7	0.00749	0.00705	0.01189	0.85113	0.02731	0.00881	0.01101	0.01013	0.00793	0.01013	0.00705	0.01057	0.00529	0.00396	0.00396	0.00132	0.00529	0.00352	0.00176	0.00440
8	0.00726	0.00710	0.01359	0.01229	0.10998	0.00672	0.33662	0.00922	0.00848	0.01150	0.01454	0.41385	0.01566	0.00769	0.00477	0.00145	0.00436	0.00768	0.00280	0.00445
9	0.00947	0.04035	0.49611	0.01102	0.06997	0.00833	0.05954	0.01288	0.00894	0.14268	0.01103	0.04863	0.05416	0.00464	0.00394	0.00126	0.00501	0.00390	0.00243	0.00571
10	0.01481	0.01890	0.01124	0.01021	0.01226	0.84474	0.00766	0.01583	0.01124	0.00970	0.00613	0.00715	0.00511	0.00409	0.00358	0.00102	0.00715	0.00255	0.00204	0.00460
11	0.00469	0.00402	0.00402	0.00402	0.00536	0.00335	0.00301	0.00569	0.00904	0.01071	0.04017	0.03816	0.83432	0.01004	0.00469	0.00134	0.00201	0.00837	0.00368	0.00335
12	0.01045	0.00984	0.08485	0.08225	0.40817	0.00883	0.12453	0.04860	0.00966	0.12065	0.01011	0.01162	0.04392	0.00409	0.00407	0.00123	0.00482	0.00392	0.00248	0.00592
13	0.00759	0.00715	0.01208	0.81380	0.06381	0.00884	0.01106	0.01022	0.00798	0.01026	0.00707	0.01054	0.00533	0.00394	0.00396	0.00131	0.00526	0.00352	0.00177	0.00449
14	0.01481	0.01890	0.01124	0.01021	0.01226	0.84474	0.00766	0.01583	0.01124	0.00970	0.00613	0.00715	0.00511	0.00409	0.00358	0.00102	0.00715	0.00255	0.00204	0.00460
15	0.01167	0.01343	0.01509	0.06552	0.30779	0.35561	0.14879	0.01366	0.00994	0.01140	0.00698	0.00891	0.00569	0.00375	0.00391	0.00115	0.00609	0.00332	0.00199	0.00531
16	0.03452	0.41994	0.28394	0.00904	0.05614	0.01168	0.00925	0.01174	0.00822	0.03312	0.00787	0.08355	0.00712	0.00438	0.00328	0.00109	0.00456	0.00333	0.00199	0.00526
17	0.00482	0.00349	0.00456	0.00543	0.00573	0.00323	0.00364	0.00553	0.00768	0.01016	0.02301	0.80633	0.07722	0.01227	0.00504	0.00159	0.00228	0.01109	0.00368	0.00323
18	0.00493	0.00350	0.00461	0.00546	0.00569	0.00329	0.00363	0.00559	0.00748	0.00997	0.02113	0.78029	0.02527	0.07665	0.00621	0.00178	0.00244	0.02531	0.00358	0.00317
19	0.01019	0.00957	0.01509	0.15463	0.55454	0.04553	0.04894	0.07098	0.00971	0.03159	0.00769	0.00992	0.00617	0.00374	0.00396	0.00120	0.00494	0.00356	0.00215	0.00591
20	0.01103	0.04817	0.01568	0.01967	0.56361	0.06248	0.05444	0.15052	0.01078	0.01463	0.00767	0.00949	0.00622	0.00376	0.00389	0.00116	0.00489	0.00348	0.00230	0.00615
21	0.00492	0.00351	0.00470	0.00562	0.00589	0.00330	0.00384	0.00567	0.00768	0.01022	0.02180	0.81168	0.02603	0.01234	0.00508	0.00162	0.00238	0.05678	0.00368	0.00325
22	0.03590	0.06121	0.06449	0.01182	0.08624	0.50521	0.09186	0.04306	0.01050	0.02079	0.00666	0.00796	0.00539	0.00401	0.00393	0.00111	0.02983	0.00293	0.00209	0.00501
23	0.00487	0.00353	0.00452	0.00530	0.00562	0.00327	0.00353	0.00555	0.00762	0.01003	0.02312	0.72428	0.10690	0.06437	0.00595	0.00172	0.00237	0.01064	0.00360	0.00318
24	0.10563	0.32900	0.05122	0.00904	0.06179	0.17323	0.01760	0.10357	0.06553	0.03881	0.00734	0.00802	0.00590	0.00392	0.00320	0.00105	0.00472	0.00274	0.00237	0.00534
25	0.22779	0.01038	0.03731	0.05892	0.14757	0.08907	0.03722	0.24841	0.01149	0.06835	0.00804	0.00919	0.00607	0.01900	0.00385	0.00124	0.00448	0.00320	0.00285	0.00557
26	0.00644	0.00473	0.00638	0.00621	0.02626	0.00432	0.05060	0.00805	0.03426	0.07233	0.18072	0.25053	0.29839	0.00928	0.00471	0.00139	0.00256	0.02516	0.00378	0.00391
27	0.03324	0.01004	0.01077	0.00926	0.05992	0.08400	0.00706	0.35536	0.08334	0.16716	0.01096	0.01090	0.02517	0.00474	0.00422	0.00117	0.04000	0.00360	0.00359	0.07548
28	0.09112	0.14420	0.01211	0.02503	0.07816	0.18372	0.02561	0.17097	0.05631	0.04011	0.01046	0.03103	0.04700	0.00501	0.00382	0.00118	0.01671	0.04944	0.00279	0.00523
29	0.03223	0.09641	0.17004	0.05173	0.04958	0.09270	0.16943	0.20282	0.01117	0.01490	0.00789	0.02715	0.00618	0.00406	0.00383	0.00117	0.00528	0.00350	0.00243	0.04750
30	0.00537	0.00516	0.04520	0.00538	0.00681	0.00411	0.05030	0.00655	0.00845	0.01063	0.05210	0.13130	0.50043	0.12361	0.00673	0.00168	0.00276	0.00774	0.00331	0.02239
31	0.03854	0.02104	0.01212	0.04798	0.31754	0.00882	0.02007	0.17459	0.02363	0.10131	0.02110	0.03755	0.00827	0.00813	0.12479	0.00196	0.02008	0.00395	0.00282	0.00569
32	0.01066	0.03406	0.03055	0.27716	0.11150	0.10569	0.03436	0.12788	0.01035	0.07705	0.00876	0.01174	0.00699	0.00445	0.00407	0.00121	0.02052	0.04930	0.00253	0.07118
33	0.00946	0.09795	0.46477	0.01173	0.11000	0.02430	0.01175	0.10428	0.02293	0.02516	0.03737	0.00941	0.00673	0.00416	0.00414	0.00122	0.04346	0.00321	0.00216	0.00579
34	0.01042	0.02045	0.07788	0.00662	0.00895	0.02374	0.00568	0.05707	0.04001	0.26974	0.13302	0.14034	0.13338	0.00696	0.00424	0.00126	0.00314	0.00588	0.00389	0.04733

[dist]
# distance from previous block
# <min> <max>
9	98

[block]
# block no. 1 follows, 68 sequences, length 14
# corresponding to MSA columns:
# 156-169
name=unknown_B
#
# <colnr> <probs for GDERKNQSTAVLIFYWHMCP>
#	G	D	E	R	K	N	Q	S	T	A	V	L	I	F	Y	W	H	M	C	P
0	0.01028	0.00900	0.03770	0.05341	0.24309	0.05545	0.04213	0.13985	0.04062	0.07696	0.08663	0.04833	0.06916	0.00515	0.00405	0.00119	0.00411	0.00449	0.00300	0.06540
1	0.00959	0.07328	0.11976	0.14162	0.23664	0.04177	0.02388	0.03922	0.04659	0.06824	0.07295	0.01225	0.03675	0.00439	0.00384	0.00117	0.00446	0.00378	0.00250	0.05734
2	0.01145	0.02746	0.11955	0.03836	0.19209	0.04962	0.04131	0.19272	0.02964	0.03617	0.10446	0.04621	0.07905	0.00625	0.00471	0.00149	0.00477	0.00501	0.00344	0.00623
3	0.01080	0.04464	0.12981	0.01170	0.16179	0.14907	0.04993	0.05789	0.06641	0.07291	0.02605	0.02421	0.00745	0.00408	0.00370	0.00107	0.00471	0.00338	0.00254	0.16785
4	0.01043	0.00985	0.07468	0.08762	0.40404	0.04801	0.03986	0.03666	0.05616	0.10668	0.02959	0.01183	0.03765	0.00423	0.00396	0.00120	0.00457	0.00382	0.00257	0.02657
5	0.02897	0.03962	0.22973	0.02717	0.08551	0.00757	0.02546	0.05318	0.05352	0.03086	0.11594	0.01446	0.07397	0.00659	0.06174	0.00150	0.00446	0.00409	0.00267	0.13298
6	0.00976	0.09036	0.11980	0.00755	0.02995	0.00751	0.01886	0.07248	0.05679	0.12109	0.05848	0.02515	0.09525	0.00480	0.00364	0.00103	0.00356	0.00391	0.00300	0.26702
7	0.01033	0.10915	0.01194	0.04353	0.11390	0.04597	0.07705	0.04638	0.07351	0.14015	0.16074	0.01498	0.04743	0.00500	0.00391	0.00114	0.00383	0.00432	0.00317	0.08356
8	0.02272	0.00772	0.13878	0.00749	0.00966	0.00574	0.06712	0.01031	0.06999	0.08949	0.15254	0.18646	0.12283	0.00786	0.00454	0.00140	0.00339	0.08401	0.00347	0.00451
9	0.00873	0.00703	0.00827	0.00593	0.00943	0.00531	0.00476	0.01048	0.00839	0.05646	0.00750	0.00850	0.00608	0.00304	0.00299	0.00062	0.00296	0.00244	0.00248	0.83859
10	0.00939	0.00766	0.02768	0.00729	0.00930	0.00806	0.00579	0.17250	0.35518	0.03411	0.12780	0.13443	0.07005	0.00686	0.00429	0.00133	0.00308	0.00582	0.00396	0.00541
11	0.00763	0.00732	0.01275	0.78926	0.02682	0.00890	0.07111	0.01032	0.00803	0.01032	0.00712	0.01058	0.00534	0.00392	0.00402	0.00132	0.00539	0.00361	0.00178	0.00447
12	0.00775	0.00738	0.01266	0.75306	0.09256	0.00890	0.04131	0.01039	0.00807	0.01045	0.00712	0.01051	0.00539	0.00391	0.00399	0.00131	0.00529	0.00357	0.00179	0.00459
13	0.01399	0.01053	0.01190	0.12952	0.01444	0.01180	0.00803	0.70651	0.01711	0.02286	0.00917	0.00967	0.00653	0.00465	0.00397	0.00121	0.00449	0.00356	0.00365	0.00641

[dist]
# distance from previous block
# <min> <max>
0	11

[block]
# block no. 2 follows, 68 sequences, length 8
# corresponding to MSA columns:
# 181-188
name=unknown_C
#
# <colnr> <probs for GDERKNQSTAVLIFYWHMCP>
#	G	D	E	R	K	N	Q	S	T	A	V	L	I	F	Y	W	H	M	C	P
0	0.00886	0.13407	0.01431	0.50019	0.10157	0.04037	0.06997	0.04396	0.00874	0.01111	0.00733	0.01052	0.00587	0.00399	0.00383	0.00123	0.00517	0.02215	0.00193	0.00484
1	0.00795	0.13303	0.01320	0.72686	0.02479	0.00982	0.01039	0.01039	0.00795	0.01001	0.00682	0.00995	0.00526	0.00388	0.00376	0.00125	0.00513	0.00332	0.00175	0.00451
2	0.00495	0.00360	0.00447	0.00511	0.00548	0.00333	0.00339	0.00558	0.00754	0.00985	0.02328	0.61006	0.14821	0.13690	0.00723	0.00190	0.00248	0.01002	0.00349	0.00312
3	0.01159	0.00775	0.01066	0.26992	0.01590	0.06896	0.06396	0.05360	0.00998	0.28338	0.01242	0.09485	0.01016	0.00560	0.00421	0.00133	0.00444	0.06283	0.00326	0.00520
4	0.66135	0.00819	0.00760	0.00736	0.07596	0.00919	0.00542	0.11235	0.00866	0.06319	0.00673	0.00748	0.00506	0.00387	0.00284	0.00122	0.00338	0.00254	0.00273	0.00489
5	0.00738	0.07874	0.17010	0.00828	0.05127	0.00723	0.05941	0.02626	0.06984	0.01291	0.16024	0.02061	0.23390	0.00629	0.00431	0.00122	0.02088	0.00531	0.00298	0.05284
6	0.01058	0.13502	0.01340	0.01213	0.21469	0.06344	0.03808	0.08834	0.09137	0.05022	0.02566	0.02463	0.00765	0.00431	0.00430	0.00110	0.06671	0.00344	0.00258	0.14234
7	0.01021	0.01059	0.23772	0.00831	0.01125	0.00770	0.00821	0.12686	0.03499	0.17076	0.08626	0.07042	0.06544	0.02084	0.00518	0.00138	0.07328	0.04193	0.00329	0.00536

[dist]
# distance from previous block
# <min> <max>
9	75

[block]
# block no. 3 follows, 68 sequences, length 16
# corresponding to MSA columns:
# 264-279
name=unknown_D
#
# <colnr> <probs for GDERKNQSTAVLIFYWHMCP>
#	G	D	E	R	K	N	Q	S	T	A	V	L	I	F	Y	W	H	M	C	P
0	0.00805	0.00670	0.00850	0.00803	0.03977	0.00728	0.04843	0.04508	0.28968	0.02653	0.10270	0.14805	0.08923	0.04953	0.00584	0.00153	0.06336	0.04334	0.00355	0.00481
1	0.00937	0.07738	0.01372	0.41149	0.23577	0.00921	0.03903	0.02469	0.00873	0.07446	0.00776	0.01011	0.00596	0.00381	0.00381	0.00120	0.00481	0.00343	0.00213	0.05315
2	0.00560	0.00546	0.07338	0.00702	0.06548	0.00428	0.00511	0.00703	0.00875	0.01190	0.20640	0.44338	0.12148	0.00983	0.00474	0.00144	0.00263	0.00877	0.00355	0.00379
3	0.05400	0.02584	0.04027	0.00728	0.00947	0.11757	0.00591	0.25683	0.04206	0.06454	0.09624	0.01717	0.12490	0.09404	0.02519	0.00159	0.00413	0.00464	0.00336	0.00497
4	0.82552	0.06918	0.00690	0.00533	0.00785	0.00938	0.00447	0.01167	0.00684	0.01718	0.00552	0.00644	0.00435	0.00366	0.00246	0.00120	0.00315	0.00215	0.00240	0.00435
5	0.01151	0.60286	0.01832	0.00886	0.07773	0.11233	0.00741	0.09949	0.00965	0.01135	0.00617	0.00707	0.00537	0.00363	0.00293	0.00093	0.00463	0.00244	0.00200	0.00531
6	0.00522	0.00385	0.00464	0.00481	0.00545	0.00357	0.00331	0.00618	0.00848	0.01126	0.23841	0.24883	0.21600	0.18682	0.03349	0.00206	0.00269	0.00815	0.00355	0.00323
7	0.01116	0.05195	0.01512	0.01802	0.48005	0.02922	0.04641	0.20620	0.04124	0.01556	0.00808	0.00969	0.00646	0.00403	0.00427	0.00120	0.03913	0.00353	0.00250	0.00617
8	0.00489	0.00352	0.00454	0.00534	0.00562	0.00327	0.00355	0.00555	0.00756	0.00999	0.02242	0.74414	0.07958	0.07235	0.00611	0.00175	0.00239	0.01069	0.00359	0.00317
9	0.11207	0.07903	0.10913	0.00795	0.03536	0.04061	0.00689	0.22097	0.04257	0.04868	0.04766	0.05960	0.10821	0.03173	0.00436	0.00132	0.00388	0.03168	0.00315	0.00515
10	0.01114	0.67260	0.09661	0.00740	0.01093	0.05499	0.00749	0.01274	0.00851	0.07702	0.00652	0.00717	0.00547	0.00358	0.00283	0.00093	0.00447	0.00237	0.00197	0.00527
11	0.00615	0.00468	0.00609	0.00690	0.06508	0.00455	0.00454	0.07272	0.00920	0.01234	0.13658	0.47520	0.11772	0.02732	0.03018	0.00165	0.00282	0.00886	0.00361	0.00381
12	0.00503	0.00383	0.00447	0.00469	0.00545	0.00344	0.00327	0.00597	0.00857	0.01108	0.17409	0.28540	0.33992	0.11838	0.00677	0.00172	0.00231	0.00871	0.00364	0.00326
13	0.04378	0.05793	0.01153	0.01220	0.24218	0.03738	0.00779	0.09412	0.17021	0.06470	0.02261	0.01394	0.06707	0.00503	0.00431	0.00122	0.04558	0.03340	0.00298	0.06206
14	0.04415	0.32146	0.11547	0.00980	0.10401	0.07369	0.00818	0.14230	0.02631	0.03490	0.04787	0.00924	0.00739	0.00445	0.01673	0.00114	0.00460	0.00302	0.00242	0.02286
15	0.04823	0.07172	0.22283	0.06859	0.11643	0.07594	0.02511	0.12797	0.00998	0.01377	0.04009	0.01086	0.02848	0.00670	0.08546	0.00167	0.00546	0.00346	0.00234	0.03490

[dist]
# distance from previous block
# <min> <max>
8	157

[block]
# block no. 4 follows, 68 sequences, length 12
# corresponding to MSA columns:
# 441-452
name=unknown_E
#
# <colnr> <probs for GDERKNQSTAVLIFYWHMCP>
#	G	D	E	R	K	N	Q	S	T	A	V	L	I	F	Y	W	H	M	C	P
0	0.00800	0.15522	0.01012	0.00688	0.00843	0.07140	0.08050	0.05454	0.00861	0.01086	0.08745	0.08126	0.07723	0.26401	0.04405	0.00220	0.00431	0.01838	0.00268	0.00388
1	0.01280	0.01077	0.01105	0.05648	0.01232	0.11331	0.00747	0.47500	0.07710	0.01892	0.00927	0.01024	0.00708	0.00735	0.08931	0.00175	0.06714	0.00357	0.00326	0.00581
2	0.02535	0.00679	0.03184	0.00652	0.00849	0.03067	0.00527	0.13349	0.03470	0.15375	0.02059	0.18116	0.19755	0.02271	0.00465	0.00138	0.00319	0.07383	0.00371	0.05435
3	0.66886	0.00788	0.00707	0.09092	0.01015	0.00917	0.00534	0.05812	0.08402	0.01731	0.00689	0.00781	0.00526	0.00393	0.00284	0.00125	0.00337	0.00258	0.00262	0.00463
4	0.01017	0.57079	0.09405	0.00753	0.01086	0.01363	0.00739	0.01424	0.21348	0.01145	0.00832	0.00866	0.00684	0.00392	0.00303	0.00101	0.00411	0.00279	0.00228	0.00546
5	0.00686	0.00413	0.00503	0.00489	0.00533	0.00403	0.00312	0.00730	0.00695	0.09234	0.07353	0.11282	0.01664	0.57736	0.06033	0.00329	0.00385	0.00619	0.00292	0.00309
6	0.00594	0.08384	0.00644	0.00530	0.00595	0.00510	0.00377	0.00664	0.00671	0.00891	0.01508	0.16668	0.07724	0.34190	0.23957	0.00367	0.00532	0.00617	0.00258	0.00318
7	0.00968	0.31158	0.39565	0.01076	0.07583	0.08816	0.03312	0.01259	0.00860	0.01121	0.00652	0.00773	0.00517	0.00364	0.00336	0.00109	0.00535	0.00271	0.00175	0.00549
8	0.00921	0.04048	0.26257	0.11566	0.10217	0.00857	0.04579	0.01255	0.06716	0.10974	0.01183	0.04631	0.06837	0.00511	0.00467	0.00131	0.06644	0.01414	0.00254	0.00538
9	0.00620	0.00747	0.15081	0.00675	0.00888	0.00513	0.03559	0.00832	0.03744	0.01154	0.04346	0.16704	0.28647	0.00858	0.00485	0.02750	0.00325	0.10606	0.00314	0.07154
10	0.00985	0.01161	0.22881	0.08457	0.28537	0.00871	0.08439	0.05560	0.00965	0.09651	0.04662	0.01220	0.00829	0.00431	0.00406	0.00126	0.00491	0.03503	0.00245	0.00578
11	0.09905	0.08084	0.05826	0.05348	0.28772	0.04850	0.09723	0.08935	0.04334	0.05156	0.00833	0.02437	0.00668	0.00476	0.02870	0.00135	0.00490	0.00354	0.00242	0.00562

[dist]
# distance from previous block
# <min> <max>
7	151

[block]
# block no. 5 follows, 68 sequences, length 13
# corresponding to MSA columns:
# 605-617
name=unknown_F
#
# <colnr> <probs for GDERKNQSTAVLIFYWHMCP>
#	G	D	E	R	K	N	Q	S	T	A	V	L	I	F	Y	W	H	M	C	P
0	0.03183	0.20125	0.14797	0.06651	0.09577	0.08625	0.02920	0.24724	0.01163	0.03543	0.00759	0.00858	0.00581	0.00401	0.00356	0.00112	0.00493	0.00305	0.00252	0.00575
1	0.00566	0.00444	0.00628	0.00788	0.12056	0.00419	0.00481	0.00684	0.00863	0.01170	0.18076	0.50525	0.09763	0.01013	0.00479	0.00145	0.00252	0.00914	0.00358	0.00376
2	0.01015	0.07909	0.11062	0.06306	0.21324	0.08452	0.14097	0.08852	0.07273	0.01315	0.00826	0.01047	0.00671	0.04790	0.00503	0.00135	0.03283	0.00364	0.00227	0.00551
3	0.00559	0.00551	0.06159	0.00652	0.00788	0.00437	0.06944	0.00699	0.00843	0.01104	0.05013	0.39823	0.24291	0.00999	0.00481	0.00147	0.00292	0.07302	0.00340	0.02575
4	0.00620	0.02603	0.00646	0.00596	0.00666	0.02470	0.00441	0.00722	0.00659	0.00917	0.03402	0.03503	0.01171	0.25258	0.47947	0.00481	0.03271	0.00469	0.00228	0.03931
5	0.00979	0.22473	0.24728	0.01065	0.08103	0.01077	0.08528	0.10342	0.02437	0.01326	0.00721	0.00844	0.00568	0.00370	0.00366	0.00106	0.02242	0.00297	0.00213	0.13213
6	0.05753	0.02132	0.02569	0.16063	0.19463	0.05145	0.03122	0.08228	0.02960	0.01327	0.08953	0.03923	0.08892	0.00547	0.00494	0.00130	0.09100	0.00446	0.00260	0.00493
7	0.00650	0.00462	0.00559	0.00547	0.00594	0.00489	0.00380	0.00773	0.06095	0.02955	0.03653	0.02586	0.05315	0.51265	0.08204	0.00329	0.05113	0.09438	0.00276	0.00318
8	0.00958	0.34092	0.11591	0.01120	0.14057	0.03962	0.08049	0.01160	0.00838	0.01109	0.02561	0.02916	0.00668	0.00405	0.00412	0.00107	0.07347	0.00315	0.00194	0.08138
9	0.00826	0.00653	0.00789	0.00609	0.00909	0.00517	0.00493	0.01001	0.00845	0.05129	0.03170	0.01346	0.00900	0.00543	0.04648	0.00107	0.00340	0.09186	0.00266	0.67723
10	0.01166	0.01163	0.01051	0.00999	0.07622	0.31574	0.04488	0.17713	0.01161	0.03416	0.06478	0.15164	0.01143	0.00625	0.00459	0.04031	0.00495	0.00477	0.00291	0.00484
11	0.01032	0.30416	0.27160	0.01069	0.05941	0.04243	0.09409	0.12090	0.00983	0.01299	0.00693	0.00812	0.00545	0.00380	0.00368	0.00111	0.02386	0.00295	0.00205	0.00561
12	0.04201	0.04261	0.00555	0.00473	0.00619	0.00478	0.00366	0.06080	0.00973	0.01279	0.14382	0.07621	0.51071	0.00872	0.00437	0.00128	0.00229	0.00727	0.04872	0.00375

[dist]
# distance from previous block
# <min> <max>
0	6

[block]
# block no. 6 follows, 68 sequences, length 16
# corresponding to MSA columns:
# 624-639
name=unknown_G
#
# <colnr> <probs for GDERKNQSTAVLIFYWHMCP>
#	G	D	E	R	K	N	Q	S	T	A	V	L	I	F	Y	W	H	M	C	P
0	0.02617	0.00919	0.01435	0.09574	0.61751	0.04812	0.01097	0.01232	0.00910	0.06263	0.00852	0.03026	0.00722	0.00409	0.00396	0.00121	0.00468	0.02583	0.00222	0.00588
1	0.00555	0.00422	0.00496	0.00498	0.00616	0.00364	0.00366	0.00664	0.00873	0.03084	0.10045	0.30376	0.36435	0.00985	0.00465	0.00136	0.00228	0.03828	0.00364	0.09201
2	0.03674	0.00686	0.00759	0.00694	0.00878	0.00748	0.00547	0.05231	0.41579	0.05194	0.17452	0.02151	0.06732	0.00662	0.00425	0.00135	0.00290	0.08593	0.03047	0.00525
3	0.00901	0.06268	0.02676	0.01091	0.12453	0.03851	0.08176	0.05255	0.09037	0.02241	0.00882	0.01136	0.00753	0.02830	0.18996	0.00241	0.13949	0.00369	0.00234	0.08661
4	0.02909	0.13385	0.30217	0.01084	0.04367	0.03640	0.10691	0.06858	0.03193	0.06070	0.00777	0.00919	0.00598	0.00515	0.03564	0.00143	0.09972	0.00327	0.00219	0.00550
5	0.00748	0.00671	0.01107	0.76598	0.02503	0.00830	0.01018	0.01004	0.00797	0.01060	0.00764	0.01099	0.00578	0.00403	0.00384	0.00128	0.00494	0.00354	0.09027	0.00433
6	0.00548	0.00444	0.00505	0.00499	0.00642	0.00383	0.00397	0.00680	0.00913	0.01155	0.08881	0.03597	0.51853	0.00939	0.00468	0.00136	0.00245	0.18156	0.00359	0.09202
7	0.01171	0.00920	0.00982	0.00827	0.01077	0.01039	0.00656	0.29863	0.49760	0.03873	0.01369	0.01335	0.01027	0.03695	0.00461	0.00138	0.00359	0.00420	0.00397	0.00631
8	0.01405	0.00777	0.00937	0.00751	0.01014	0.00789	0.00610	0.25215	0.10212	0.37018	0.09576	0.01424	0.01195	0.00699	0.06347	0.00159	0.00400	0.00426	0.00429	0.00617
9	0.00591	0.00443	0.00537	0.00573	0.00676	0.00422	0.00447	0.00788	0.07115	0.02917	0.05444	0.24178	0.29568	0.01036	0.00494	0.00154	0.00266	0.23604	0.00375	0.00371
10	0.00856	0.00747	0.04944	0.00710	0.00851	0.08758	0.03205	0.01112	0.11801	0.08064	0.01245	0.07010	0.01164	0.21248	0.16857	0.00287	0.03339	0.02571	0.04811	0.00421
11	0.00569	0.00382	0.00437	0.00447	0.00459	0.00379	0.00264	0.00590	0.00618	0.00835	0.01443	0.10931	0.04585	0.68905	0.03983	0.00349	0.00373	0.00630	0.03561	0.00260
12	0.00867	0.00867	0.01214	0.01041	0.01041	0.01214	0.00867	0.00954	0.00607	0.00954	0.00520	0.00867	0.00520	0.00694	0.01301	0.00173	0.85340	0.00347	0.00173	0.00434
13	0.00822	0.00705	0.00822	0.00587	0.00940	0.00529	0.00470	0.00998	0.00822	0.01292	0.00705	0.00822	0.00587	0.00294	0.00294	0.00059	0.00294	0.00235	0.00235	0.88490
14	0.01378	0.05864	0.01143	0.00849	0.01136	0.01059	0.02177	0.51081	0.07657	0.13499	0.01141	0.04234	0.00871	0.00599	0.03152	0.00139	0.00428	0.02582	0.00386	0.00627
15	0.00817	0.00723	0.01865	0.02502	0.11486	0.06052	0.04895	0.05098	0.12141	0.03641	0.20070	0.16765	0.09810	0.00724	0.00442	0.00132	0.00339	0.01684	0.00346	0.00469

[dist]
# distance from previous block
# <min> <max>
0	2

[block]
# block no. 7 follows, 68 sequences, length 22
# corresponding to MSA columns:
# 642-663
name=unknown_H
#
# <colnr> <probs for GDERKNQSTAVLIFYWHMCP>
#	G	D	E	R	K	N	Q	S	T	A	V	L	I	F	Y	W	H	M	C	P
0	0.11350	0.29238	0.15187	0.00848	0.03267	0.07664	0.00793	0.05996	0.18067	0.02806	0.00851	0.00893	0.00666	0.00407	0.00327	0.00111	0.00437	0.00294	0.00249	0.00549
1	0.02355	0.18078	0.01571	0.16634	0.29196	0.03209	0.09059	0.01314	0.12431	0.01220	0.00821	0.00992	0.00659	0.00384	0.00371	0.00117	0.00473	0.00345	0.00218	0.00553
2	0.00903	0.00864	0.01402	0.27055	0.51591	0.02890	0.01110	0.01133	0.00860	0.01182	0.00749	0.01056	0.00626	0.03733	0.00454	0.00130	0.00485	0.00356	0.00193	0.03227
3	0.00501	0.00372	0.00469	0.00519	0.00581	0.00340	0.00367	0.00603	0.00862	0.01139	0.17643	0.50469	0.19104	0.01108	0.00493	0.00150	0.00222	0.04342	0.00381	0.00336
4	0.00577	0.00417	0.00498	0.00476	0.00595	0.00370	0.00363	0.00727	0.01024	0.04813	0.43924	0.03307	0.36534	0.00888	0.00468	0.00131	0.00206	0.03904	0.00408	0.00370
5	0.10971	0.00485	0.00521	0.00492	0.00625	0.00472	0.00368	0.00865	0.05947	0.06184	0.20504	0.05170	0.30665	0.11595	0.00629	0.00162	0.00251	0.01728	0.01985	0.00382
6	0.35786	0.00669	0.00723	0.00598	0.00848	0.00672	0.00488	0.01459	0.00943	0.39238	0.10738	0.01266	0.01089	0.00479	0.00343	0.00122	0.00303	0.00363	0.03343	0.00533
7	0.88866	0.00767	0.00583	0.00521	0.00767	0.00889	0.00429	0.01166	0.00675	0.01779	0.00552	0.00644	0.00429	0.00368	0.00245	0.00123	0.00307	0.00215	0.00245	0.00429
8	0.01109	0.76420	0.01966	0.00719	0.01042	0.11276	0.00689	0.01234	0.00843	0.00937	0.00558	0.00645	0.00509	0.00347	0.00266	0.00087	0.00458	0.00217	0.00174	0.00503
9	0.00876	0.00758	0.00923	0.03756	0.13801	0.00830	0.00670	0.02983	0.46374	0.01534	0.14170	0.01809	0.08637	0.00586	0.00417	0.00130	0.00318	0.00504	0.00366	0.00558
10	0.04080	0.03981	0.07127	0.10728	0.01321	0.20558	0.00774	0.16612	0.15258	0.07934	0.06888	0.01146	0.00930	0.00471	0.00383	0.00119	0.00472	0.00363	0.00308	0.00547
11	0.88866	0.00767	0.00583	0.00521	0.00767	0.00889	0.00429	0.01166	0.00675	0.01779	0.00552	0.00644	0.00429	0.00368	0.00245	0.00123	0.00307	0.00215	0.00245	0.00429
12	0.01138	0.02931	0.05977	0.00938	0.01149	0.35136	0.03493	0.03020	0.21398	0.01230	0.01002	0.01227	0.00833	0.00543	0.01570	0.00131	0.08283	0.05539	0.03959	0.00503
13	0.00559	0.00412	0.00515	0.00532	0.00612	0.00392	0.00388	0.00753	0.05887	0.01326	0.37257	0.31525	0.10688	0.00962	0.00474	0.00140	0.00218	0.03945	0.03047	0.00367
14	0.78536	0.00730	0.00589	0.00546	0.00773	0.00839	0.00454	0.01125	0.00703	0.01710	0.00733	0.01092	0.00646	0.00453	0.00281	0.00130	0.00314	0.09665	0.00259	0.00422
15	0.00497	0.00381	0.00429	0.00457	0.00529	0.00341	0.00312	0.00570	0.00801	0.01008	0.05078	0.29071	0.40181	0.17595	0.00781	0.00191	0.00245	0.00873	0.00345	0.00314
16	0.00665	0.00344	0.00510	0.00521	0.00523	0.00342	0.00347	0.00521	0.00545	0.00727	0.00864	0.11111	0.00915	0.01362	0.01427	0.78125	0.00331	0.00436	0.00195	0.00190
17	0.11639	0.05208	0.01081	0.00962	0.08413	0.27629	0.00700	0.15337	0.01140	0.16318	0.00934	0.05615	0.00743	0.00466	0.00364	0.00114	0.00481	0.00349	0.00301	0.02207
18	0.00764	0.00538	0.00680	0.00626	0.03974	0.00494	0.00458	0.04805	0.03848	0.07306	0.50977	0.02286	0.04753	0.00663	0.00423	0.00114	0.00241	0.00576	0.02796	0.13679
19	0.11264	0.38485	0.07666	0.09357	0.06374	0.02754	0.00766	0.01177	0.03309	0.03242	0.00750	0.01737	0.02042	0.03011	0.00412	0.00117	0.04928	0.00293	0.00206	0.02112
20	0.02401	0.30940	0.23745	0.00873	0.01237	0.09083	0.04282	0.07056	0.00946	0.06326	0.00932	0.05753	0.03929	0.00453	0.00348	0.00111	0.00480	0.00347	0.00230	0.00529
21	0.04186	0.15254	0.18838	0.01092	0.12627	0.01032	0.03994	0.08296	0.18012	0.02620	0.03733	0.02610	0.00843	0.00443	0.00385	0.00119	0.02042	0.00360	0.00264	0.03249

[dist]
# distance from previous block
# <min> <max>
0	27

[block]
# block no. 8 follows, 68 sequences, length 13
# corresponding to MSA columns:
# 691-703
name=unknown_I
#
# <colnr> <probs for GDERKNQSTAVLIFYWHMCP>
#	G	D	E	R	K	N	Q	S	T	A	V	L	I	F	Y	W	H	M	C	P
0	0.02874	0.18485	0.25563	0.00870	0.01219	0.03939	0.03726	0.10476	0.03559	0.08358	0.06154	0.05954	0.00984	0.00572	0.02884	0.00135	0.00470	0.02973	0.00269	0.00537
1	0.02897	0.15199	0.32212	0.01014	0.03909	0.05084	0.10055	0.03644	0.03808	0.08250	0.03873	0.01169	0.06306	0.00442	0.00376	0.00119	0.00491	0.00365	0.00241	0.00547
2	0.00839	0.03732	0.04404	0.00607	0.00936	0.00563	0.00511	0.01018	0.00850	0.05264	0.04110	0.04138	0.04157	0.00392	0.00322	0.00075	0.00303	0.00320	0.00260	0.67199
3	0.01049	0.34375	0.11262	0.00826	0.01133	0.07577	0.05433	0.07024	0.04734	0.06498	0.11225	0.01213	0.01050	0.00467	0.00371	0.00111	0.02041	0.02830	0.00261	0.00521
4	0.04094	0.00439	0.00452	0.00440	0.00577	0.00395	0.00333	0.00695	0.04957	0.01203	0.15150	0.03450	0.64581	0.00928	0.00456	0.00132	0.00209	0.00775	0.00375	0.00359
5	0.01039	0.00906	0.00901	0.00797	0.01008	0.07614	0.00617	0.13545	0.52746	0.01646	0.04974	0.04403	0.01240	0.04284	0.02341	0.00152	0.00375	0.00460	0.00375	0.00577
6	0.00833	0.00786	0.01139	0.19290	0.15830	0.03853	0.08109	0.05414	0.07733	0.01251	0.05063	0.01742	0.17245	0.00612	0.01800	0.00140	0.06617	0.01795	0.00266	0.00484
7	0.00585	0.00389	0.00486	0.00509	0.00560	0.00366	0.00345	0.00664	0.00800	0.04644	0.16456	0.34561	0.07602	0.26514	0.00946	0.00219	0.00276	0.03407	0.00347	0.00324
8	0.00947	0.00950	0.01613	0.15183	0.51269	0.03620	0.13191	0.01189	0.00880	0.01217	0.00730	0.00991	0.00598	0.00379	0.00457	0.00125	0.05533	0.00367	0.00193	0.00568
9	0.00670	0.00557	0.00625	0.00596	0.00738	0.03999	0.00435	0.03000	0.05087	0.01154	0.01760	0.42952	0.07517	0.02660	0.02746	0.00146	0.00302	0.02089	0.00323	0.22643
10	0.00757	0.00685	0.00918	0.00811	0.00811	0.00900	0.00630	0.00811	0.00596	0.00884	0.00796	0.01521	0.00869	0.33004	0.01572	0.00253	0.53188	0.00434	0.00199	0.00361
11	0.43246	0.00872	0.00898	0.10993	0.06733	0.04577	0.02506	0.08453	0.15410	0.01649	0.00815	0.00905	0.00622	0.00411	0.00325	0.00125	0.00383	0.00302	0.00272	0.00504
12	0.00999	0.00896	0.01451	0.18295	0.56503	0.00941	0.01121	0.06965	0.03872	0.03937	0.00809	0.01023	0.00644	0.00381	0.00394	0.00121	0.00470	0.00358	0.00223	0.00596

[dist]
# distance from previous block
# <min> <max>
0	1

[block]
# block no. 9 follows, 68 sequences, length 7
# corresponding to MSA columns:
# 705-711
name=unknown_J
#
# <colnr> <probs for GDERKNQSTAVLIFYWHMCP>
#	G	D	E	R	K	N	Q	S	T	A	V	L	I	F	Y	W	H	M	C	P
0	0.01358	0.01453	0.01082	0.00943	0.01161	0.47943	0.00730	0.11557	0.13052	0.05940	0.00851	0.00906	0.00663	0.00457	0.00438	0.00114	0.06764	0.00310	0.00272	0.04007
1	0.00513	0.00403	0.00463	0.00448	0.00563	0.00354	0.00336	0.00655	0.01009	0.01321	0.42260	0.03404	0.45032	0.00911	0.00468	0.00129	0.00194	0.00779	0.00401	0.00354
2	0.17290	0.00841	0.00889	0.00702	0.00980	0.00877	0.00574	0.35682	0.01286	0.13382	0.01104	0.01112	0.04428	0.00459	0.00350	0.00111	0.00349	0.00345	0.08253	0.10987
3	0.00989	0.01021	0.04185	0.26000	0.44454	0.09825	0.01120	0.05436	0.00943	0.01241	0.00729	0.00968	0.00585	0.00379	0.00390	0.00121	0.00516	0.00341	0.00201	0.00557
4	0.00497	0.00394	0.00435	0.00446	0.00550	0.00352	0.00326	0.00599	0.00851	0.01070	0.06212	0.14772	0.55474	0.05118	0.07717	0.00190	0.00286	0.00808	0.03571	0.00333
5	0.04763	0.18931	0.18822	0.05163	0.01129	0.00839	0.03049	0.01101	0.03804	0.07815	0.05949	0.15913	0.06158	0.00613	0.00386	0.00125	0.00388	0.02333	0.02239	0.00480
6	0.00743	0.02880	0.03625	0.00571	0.00717	0.00584	0.00452	0.04598	0.14852	0.03574	0.15138	0.05001	0.18468	0.11961	0.00642	0.00159	0.02338	0.00580	0.12693	0.00423

[dist]
# distance from previous block
# <min> <max>
1	5

[block]
# block no. 10 follows, 68 sequences, length 24
# corresponding to MSA columns:
# 717-740
name=unknown_K
#
# <colnr> <probs for GDERKNQSTAVLIFYWHMCP>
#	G	D	E	R	K	N	Q	S	T	A	V	L	I	F	Y	W	H	M	C	P
0	0.02367	0.25067	0.11406	0.01069	0.09765	0.20727	0.04241	0.12562	0.01061	0.04748	0.02026	0.00846	0.00618	0.00399	0.00358	0.00108	0.01560	0.00295	0.00232	0.00546
1	0.00959	0.00793	0.00917	0.00738	0.01007	0.04064	0.04715	0.13264	0.13745	0.04531	0.01299	0.09073	0.05854	0.00531	0.00381	0.00106	0.00347	0.03397	0.00317	0.33963
2	0.06354	0.01184	0.11589	0.01000	0.04509	0.08167	0.06236	0.32555	0.11874	0.11063	0.01006	0.01021	0.00722	0.00447	0.00388	0.00122	0.00461	0.00356	0.00333	0.00614
3	0.00954	0.01165	0.15497	0.07949	0.42267	0.04311	0.12254	0.03008	0.03020	0.01274	0.00757	0.00972	0.00603	0.00381	0.00435	0.00124	0.03891	0.00357	0.00200	0.00581
4	0.00498	0.00381	0.00454	0.00480	0.00561	0.00340	0.00342	0.00604	0.00894	0.01163	0.21647	0.33931	0.33405	0.02797	0.00514	0.00147	0.00212	0.00911	0.00381	0.00337
5	0.00618	0.00411	0.00546	0.00559	0.00640	0.00399	0.00413	0.00739	0.00846	0.06886	0.18417	0.28594	0.10367	0.05622	0.18431	0.00262	0.00418	0.05117	0.00351	0.00363
6	0.01134	0.00825	0.00904	0.00770	0.01003	0.00903	0.00608	0.22130	0.40401	0.11107	0.04435	0.05263	0.05459	0.02651	0.00450	0.00136	0.00335	0.00482	0.00405	0.00598
7	0.03489	0.00735	0.00879	0.00702	0.00966	0.00729	0.00571	0.18444	0.09369	0.43085	0.04044	0.01333	0.01022	0.00496	0.00381	0.00119	0.00329	0.00397	0.12296	0.00613
8	0.09286	0.01067	0.01128	0.00871	0.01182	0.01181	0.00720	0.72721	0.01737	0.04799	0.00934	0.00936	0.00661	0.00467	0.00383	0.00119	0.00422	0.00346	0.00386	0.00653
9	0.00577	0.00418	0.00626	0.00626	0.00691	0.00482	0.00482	0.00691	0.00626	0.00900	0.01029	0.01526	0.00964	0.02832	0.77116	0.08450	0.00998	0.00418	0.00209	0.00338
10	0.01060	0.86304	0.02078	0.00678	0.01018	0.01569	0.00678	0.01187	0.00806	0.00933	0.00551	0.00636	0.00509	0.00339	0.00254	0.00085	0.00424	0.00212	0.00170	0.00509
11	0.88866	0.00767	0.00583	0.00521	0.00767	0.00889	0.00429	0.01166	0.00675	0.01779	0.00552	0.00644	0.00429	0.00368	0.00245	0.00123	0.00307	0.00215	0.00245	0.00429
12	0.01323	0.00960	0.01044	0.00829	0.01095	0.01049	0.00673	0.62425	0.04337	0.04527	0.02176	0.03426	0.03907	0.06239	0.01920	0.00149	0.00418	0.02513	0.00384	0.00606
13	0.04049	0.00415	0.00472	0.00474	0.00579	0.00376	0.00346	0.00680	0.00908	0.03889	0.22113	0.18840	0.37327	0.05989	0.00557	0.00151	0.00225	0.01882	0.00376	0.00351
14	0.00748	0.00675	0.01116	0.77574	0.02529	0.00835	0.01028	0.01005	0.00796	0.01054	0.00757	0.01095	0.00572	0.00402	0.00386	0.00129	0.00498	0.00354	0.08012	0.00434
15	0.01060	0.00882	0.05872	0.04352	0.01098	0.00885	0.00678	0.32859	0.17563	0.03699	0.06601	0.09010	0.06502	0.00630	0.00420	0.00130	0.00364	0.04275	0.02564	0.00556
16	0.00556	0.00430	0.00526	0.00559	0.00635	0.00421	0.00419	0.00699	0.04121	0.01096	0.07168	0.28706	0.25043	0.08619	0.00663	0.00175	0.03635	0.15828	0.00354	0.00346
17	0.03346	0.68534	0.01914	0.00762	0.01069	0.08815	0.03641	0.01211	0.00823	0.00971	0.00564	0.00673	0.00511	0.00367	0.00333	0.00094	0.05465	0.00233	0.00176	0.00499
18	0.00489	0.00353	0.00458	0.00539	0.00571	0.00328	0.00363	0.00560	0.00766	0.01010	0.02285	0.74685	0.08682	0.04624	0.00565	0.00168	0.00237	0.02635	0.00363	0.00321
19	0.05912	0.05552	0.08062	0.01999	0.05179	0.33377	0.06475	0.06455	0.17856	0.01306	0.00859	0.00935	0.00672	0.00432	0.00400	0.00118	0.03306	0.00324	0.00252	0.00531
20	0.03487	0.04675	0.01358	0.03339	0.33939	0.10663	0.03491	0.16710	0.08274	0.08852	0.00906	0.01002	0.00692	0.00411	0.00384	0.00118	0.00468	0.00349	0.00279	0.00604
21	0.00714	0.00592	0.00797	0.00762	0.02076	0.04138	0.08194	0.05681	0.00895	0.02246	0.01722	0.43247	0.01913	0.02224	0.00498	0.00150	0.00342	0.15250	0.00332	0.08228
22	0.00973	0.02152	0.11848	0.01419	0.26358	0.09650	0.11256	0.06113	0.06045	0.03416	0.06033	0.04772	0.07211	0.00495	0.00411	0.00123	0.00473	0.00445	0.00260	0.00546
23	0.01435	0.00993	0.01083	0.00843	0.01134	0.01081	0.00692	0.64956	0.03861	0.09618	0.04312	0.01112	0.00858	0.00491	0.00393	0.00118	0.00400	0.00378	0.05599	0.00643

[dist]
# distance from previous block
# <min> <max>
0	2

[block]
# block no. 11 follows, 68 sequences, length 6
# corresponding to MSA columns:
# 743-748
name=unknown_L
#
# <colnr> <probs for GDERKNQSTAVLIFYWHMCP>
#	G	D	E	R	K	N	Q	S	T	A	V	L	I	F	Y	W	H	M	C	P
0	0.03449	0.07869	0.14484	0.07544	0.09581	0.09041	0.02660	0.11535	0.16653	0.04003	0.01095	0.01160	0.05288	0.00468	0.00413	0.00123	0.03436	0.00368	0.00273	0.00558
1	0.00919	0.08499	0.45696	0.01076	0.01519	0.05136	0.11735	0.08695	0.00969	0.01346	0.03450	0.01112	0.00734	0.00429	0.00387	0.00123	0.00540	0.04058	0.03025	0.00551
2	0.00623	0.00502	0.00576	0.00629	0.05420	0.03585	0.00430	0.00771	0.03459	0.03631	0.15464	0.20317	0.32795	0.05175	0.00545	0.00151	0.00265	0.04925	0.00361	0.00376
3	0.00624	0.00431	0.00539	0.00554	0.00629	0.00425	0.00398	0.00788	0.06304	0.05035	0.12459	0.28271	0.09859	0.17105	0.08519	0.00238	0.00348	0.06771	0.00347	0.00358
4	0.00900	0.06656	0.09341	0.00813	0.02334	0.05927	0.03910	0.07443	0.16619	0.04201	0.07290	0.01592	0.07369	0.06741	0.13558	0.00222	0.03856	0.00446	0.00293	0.00490
5	0.00662	0.00537	0.00581	0.00597	0.00667	0.06775	0.00428	0.05414	0.00863	0.01119	0.10152	0.34317	0.05137	0.16603	0.07537	0.00230	0.00379	0.07323	0.00328	0.00350

[dist]
# distance from previous block
# <min> <max>
2	9

[block]
# block no. 12 follows, 68 sequences, length 10
# corresponding to MSA columns:
# 758-767
name=unknown_M
#
# <colnr> <probs for GDERKNQSTAVLIFYWHMCP>
#	G	D	E	R	K	N	Q	S	T	A	V	L	I	F	Y	W	H	M	C	P
0	0.01104	0.18069	0.01080	0.00662	0.00941	0.02040	0.00555	0.06293	0.04375	0.20637	0.09158	0.04088	0.01094	0.00585	0.04413	0.00124	0.00371	0.00373	0.00321	0.23718
1	0.03322	0.00619	0.06644	0.00770	0.07328	0.00528	0.00573	0.04714	0.02142	0.08186	0.11744	0.31977	0.05645	0.00921	0.02563	0.01766	0.00321	0.06609	0.03198	0.00429
2	0.65024	0.00745	0.00645	0.00574	0.00807	0.00840	0.00463	0.03883	0.07639	0.08002	0.00861	0.07522	0.00719	0.00464	0.00296	0.00127	0.00308	0.00325	0.00292	0.00464
3	0.00502	0.00399	0.00440	0.00435	0.00543	0.00349	0.00317	0.00616	0.00928	0.01179	0.24357	0.06337	0.53041	0.08086	0.00599	0.00153	0.00214	0.00794	0.00375	0.00337
4	0.01429	0.01072	0.01146	0.00896	0.01200	0.01193	0.00735	0.70258	0.14003	0.02373	0.01051	0.01031	0.00755	0.00485	0.00398	0.00121	0.00418	0.00371	0.00398	0.00667
5	0.01028	0.67936	0.07353	0.07411	0.01200	0.01430	0.00770	0.01187	0.00807	0.03136	0.00599	0.00712	0.00523	0.00366	0.00324	0.00096	0.04194	0.00239	0.00179	0.00510
6	0.00573	0.00402	0.00457	0.00467	0.00548	0.00374	0.00335	0.00661	0.00803	0.02521	0.05862	0.07249	0.33272	0.24573	0.02642	0.01549	0.00291	0.09412	0.07689	0.00320
7	0.01195	0.01346	0.05171	0.01283	0.07061	0.32654	0.26402	0.01400	0.00986	0.07678	0.00774	0.00936	0.00601	0.00412	0.00475	0.00121	0.07719	0.00353	0.02921	0.00512
8	0.00598	0.00440	0.00596	0.00546	0.00594	0.00431	0.06856	0.00650	0.00663	0.00894	0.05250	0.07002	0.05179	0.62180	0.04413	0.00331	0.00400	0.00607	0.02083	0.00285
9	0.02328	0.00806	0.00889	0.00743	0.00946	0.08272	0.03782	0.23154	0.01216	0.13897	0.14350	0.08607	0.04995	0.00696	0.03351	0.00141	0.02587	0.00502	0.08229	0.00510

[dist]
# distance from previous block
# <min> <max>
0	8

[block]
# block no. 13 follows, 68 sequences, length 22
# corresponding to MSA columns:
# 776-797
name=unknown_N
#
# <colnr> <probs for GDERKNQSTAVLIFYWHMCP>
#	G	D	E	R	K	N	Q	S	T	A	V	L	I	F	Y	W	H	M	C	P
0	0.00966	0.08057	0.06192	0.00767	0.02420	0.02799	0.05646	0.05184	0.00916	0.08116	0.02447	0.03185	0.00727	0.00376	0.00349	0.00086	0.01741	0.00308	0.00257	0.49462
1	0.01360	0.01658	0.01213	0.01100	0.04086	0.63892	0.04726	0.04398	0.01068	0.01049	0.00627	0.00769	0.00526	0.00442	0.00486	0.00114	0.11519	0.00284	0.00207	0.00474
2	0.04600	0.00630	0.06878	0.00655	0.00812	0.00545	0.04412	0.03804	0.05288	0.02712	0.32300	0.20331	0.11203	0.00815	0.00478	0.00136	0.02913	0.00709	0.00364	0.00415
3	0.03387	0.00390	0.00485	0.00534	0.00601	0.00366	0.00381	0.00653	0.00833	0.03075	0.11001	0.51504	0.15095	0.01132	0.02533	0.00162	0.00252	0.05165	0.02103	0.00345
4	0.00625	0.00456	0.00631	0.00616	0.00668	0.00519	0.00459	0.00726	0.00663	0.03150	0.04127	0.06334	0.01280	0.23499	0.44478	0.00464	0.08272	0.02449	0.00243	0.00340
5	0.00595	0.00406	0.00536	0.00579	0.00634	0.00402	0.00428	0.00695	0.00774	0.03466	0.05796	0.27692	0.04232	0.20175	0.11462	0.00272	0.00403	0.20793	0.00326	0.00332
6	0.01067	0.00861	0.00920	0.00807	0.01042	0.00981	0.00633	0.10358	0.69164	0.05417	0.03229	0.01450	0.01197	0.00535	0.00404	0.00132	0.00325	0.00442	0.00407	0.00629
7	0.00986	0.00852	0.00897	0.00807	0.01031	0.00986	0.00628	0.02107	0.82876	0.01659	0.01614	0.01479	0.01210	0.00538	0.00403	0.00134	0.00314	0.00448	0.00403	0.00628
8	0.00496	0.00354	0.00475	0.00567	0.00595	0.00333	0.00390	0.00574	0.00772	0.01027	0.02178	0.79069	0.02594	0.01230	0.00510	0.00163	0.00241	0.07738	0.00368	0.00326
9	0.15307	0.05639	0.17102	0.00904	0.01243	0.09088	0.04297	0.31803	0.03932	0.03030	0.00852	0.03548	0.00658	0.00446	0.00364	0.00120	0.00468	0.00337	0.00290	0.00570
10	0.88866	0.00767	0.00583	0.00521	0.00767	0.00889	0.00429	0.01166	0.00675	0.01779	0.00552	0.00644	0.00429	0.00368	0.00245	0.00123	0.00307	0.00215	0.00245	0.00429
11	0.00833	0.01615	0.52406	0.01089	0.01526	0.04914	0.10219	0.03875	0.00889	0.01254	0.03231	0.06003	0.04439	0.00486	0.00455	0.00130	0.05492	0.00401	0.00209	0.00536
12	0.00570	0.00386	0.00452	0.00462	0.00470	0.00388	0.00276	0.00589	0.00603	0.00808	0.01332	0.09142	0.01527	0.72110	0.06993	0.00378	0.00414	0.02590	0.00252	0.00257
13	0.23096	0.00674	0.00715	0.00641	0.00825	0.00748	0.00501	0.04484	0.22129	0.10453	0.04875	0.03367	0.01081	0.06844	0.11992	0.00215	0.01761	0.00409	0.04704	0.00486
14	0.00951	0.00901	0.01428	0.15766	0.06411	0.03175	0.25381	0.07458	0.18342	0.03223	0.01176	0.04129	0.05032	0.00486	0.00466	0.00133	0.04278	0.00457	0.00274	0.00533
15	0.00661	0.00555	0.00769	0.02778	0.04132	0.00629	0.03334	0.00764	0.00745	0.01044	0.08085	0.14275	0.11521	0.18592	0.04140	0.00215	0.20902	0.01678	0.04815	0.00365
16	0.01060	0.86304	0.02078	0.00678	0.01018	0.01569	0.00678	0.01187	0.00806	0.00933	0.00551	0.00636	0.00509	0.00339	0.00254	0.00085	0.00424	0.00212	0.00170	0.00509
17	0.00603	0.00473	0.00560	0.00586	0.00684	0.00469	0.00428	0.00889	0.16207	0.01176	0.04339	0.42728	0.15851	0.02949	0.00510	0.00154	0.00256	0.07340	0.00369	0.03428
18	0.00749	0.00705	0.01189	0.85113	0.02731	0.00881	0.01101	0.01013	0.00793	0.01013	0.00705	0.01057	0.00529	0.00396	0.00396	0.00132	0.00529	0.00352	0.00176	0.00440
19	0.01059	0.01184	0.27795	0.00909	0.01265	0.00837	0.04692	0.09198	0.19187	0.16406	0.07888	0.01443	0.02597	0.00511	0.00408	0.00129	0.00424	0.03148	0.00334	0.00588
20	0.05830	0.08638	0.01288	0.04269	0.32585	0.06341	0.01947	0.03036	0.00898	0.04091	0.00728	0.00882	0.00596	0.00347	0.00341	0.00097	0.00419	0.00294	0.00223	0.27150
21	0.01974	0.07272	0.03013	0.00872	0.09940	0.10255	0.00616	0.06354	0.07856	0.06493	0.02951	0.02641	0.02195	0.15471	0.00646	0.00150	0.00403	0.00380	0.00271	0.20247

[dist]
# distance from previous block
# <min> <max>
3	11

[block]
# block no. 14 follows, 68 sequences, length 42
# corresponding to MSA columns:
# 809-850
name=unknown_O
#
# <colnr> <probs for GDERKNQSTAVLIFYWHMCP>
#	G	D	E	R	K	N	Q	S	T	A	V	L	I	F	Y	W	H	M	C	P
0	0.01066	0.14197	0.05580	0.02366	0.18427	0.19753	0.04907	0.09605	0.03850	0.01252	0.00967	0.14393	0.00917	0.00525	0.00385	0.00118	0.00488	0.00439	0.00248	0.00519
1	0.00602	0.00513	0.00798	0.00700	0.00837	0.00469	0.13394	0.00745	0.00856	0.01159	0.15386	0.30937	0.13917	0.05978	0.04971	0.00177	0.00346	0.00775	0.00327	0.07112
2	0.00743	0.00578	0.00788	0.11249	0.07785	0.00616	0.00609	0.13709	0.00942	0.01267	0.02506	0.39962	0.01691	0.04316	0.06133	0.01160	0.01270	0.03941	0.00316	0.00419
3	0.00768	0.00731	0.01193	0.71721	0.02462	0.00934	0.01064	0.01004	0.00763	0.01004	0.00675	0.01027	0.00527	0.00444	0.00541	0.00139	0.14038	0.00352	0.00176	0.00439
