[name]
unknown

[dist]
# distance from previous block
# <min> <max>
0	47

[block]
# block no. 0 follows, 70 sequences, length 7
# corresponding to MSA columns:
# 47-53
name=unknown_A
#
# <colnr> <probs for GDERKNQSTAVLIFYWHMCP>
#	G	D	E	R	K	N	Q	S	T	A	V	L	I	F	Y	W	H	M	C	P
0	0.00635	0.00409	0.00529	0.00551	0.00634	0.00385	0.00413	0.00745	0.00840	0.08519	0.11474	0.28912	0.13785	0.10104	0.04742	0.00196	0.00306	0.16109	0.00357	0.00354
1	0.00845	0.20090	0.46420	0.01037	0.08621	0.00976	0.01092	0.01162	0.00826	0.01179	0.03705	0.00863	0.00629	0.00364	0.00338	0.00106	0.00481	0.00283	0.00184	0.10801
2	0.01009	0.01091	0.17617	0.00982	0.01313	0.00905	0.16039	0.17844	0.20464	0.06279	0.07141	0.01357	0.05191	0.00485	0.00407	0.00125	0.00435	0.00429	0.00316	0.00568
3	0.00719	0.00457	0.00581	0.00547	0.00664	0.00434	0.00410	0.00954	0.08381	0.11902	0.47432	0.18442	0.05911	0.00817	0.00450	0.00130	0.00221	0.00719	0.00415	0.00414
4	0.01112	0.55733	0.05961	0.00897	0.08356	0.08537	0.00766	0.12455	0.00967	0.01174	0.00623	0.00711	0.00530	0.00359	0.00295	0.00094	0.00453	0.00247	0.00202	0.00530
5	0.00798	0.00491	0.00604	0.00574	0.00704	0.00469	0.00428	0.04930	0.08008	0.15974	0.15591	0.33752	0.14355	0.00885	0.00451	0.00137	0.00249	0.00774	0.00396	0.00429
6	0.00949	0.02327	0.08190	0.00964	0.07880	0.00843	0.08030	0.14735	0.23938	0.04266	0.13492	0.05605	0.03107	0.00553	0.00410	0.00125	0.00371	0.01892	0.00337	0.01986

[dist]
# distance from previous block
# <min> <max>
0	3

[block]
# block no. 1 follows, 70 sequences, length 11
# corresponding to MSA columns:
# 57-67
name=unknown_B
#
# <colnr> <probs for GDERKNQSTAVLIFYWHMCP>
#	G	D	E	R	K	N	Q	S	T	A	V	L	I	F	Y	W	H	M	C	P
0	0.12569	0.04137	0.11609	0.02438	0.09985	0.00714	0.00687	0.03988	0.04257	0.21949	0.07561	0.01610	0.12777	0.02619	0.00416	0.00127	0.00352	0.01364	0.00324	0.00517
1	0.00773	0.00502	0.00592	0.00550	0.00690	0.00473	0.00416	0.11313	0.01023	0.12167	0.13665	0.26153	0.28390	0.00889	0.00450	0.00134	0.00250	0.00766	0.00388	0.00415
2	0.01647	0.11909	0.01048	0.00686	0.00990	0.00696	0.00582	0.01794	0.01067	0.73321	0.01400	0.01228	0.00899	0.00460	0.00371	0.00115	0.00341	0.00366	0.00439	0.00639
3	0.01329	0.00696	0.00933	0.11611	0.01199	0.00681	0.03123	0.09465	0.07711	0.45479	0.01658	0.01562	0.11722	0.00531	0.00401	0.00123	0.00354	0.00442	0.00400	0.00579
4	0.77873	0.00738	0.00612	0.00533	0.00781	0.00831	0.00439	0.01236	0.00718	0.12351	0.00667	0.00719	0.00489	0.00375	0.00259	0.00120	0.00304	0.00233	0.00271	0.00451
5	0.00958	0.00668	0.00842	0.15019	0.01188	0.00734	0.00634	0.02706	0.33167	0.15881	0.04670	0.11656	0.01302	0.02040	0.04786	0.00162	0.00373	0.02335	0.00356	0.00521
6	0.01207	0.09940	0.01115	0.00855	0.01083	0.40908	0.00676	0.11973	0.04227	0.01202	0.00723	0.00844	0.00599	0.00629	0.08030	0.00146	0.03495	0.00281	0.00232	0.11837
7	0.01005	0.00946	0.01234	0.02900	0.44283	0.11787	0.00890	0.05368	0.00960	0.04074	0.07359	0.01132	0.00879	0.03704	0.00434	0.00117	0.00439	0.00356	0.00238	0.11897
8	0.02168	0.02102	0.02711	0.16214	0.35238	0.07569	0.04136	0.11830	0.00995	0.02830	0.00773	0.02595	0.00628	0.00387	0.00375	0.00113	0.00469	0.00343	0.00226	0.08297
9	0.01250	0.00981	0.04321	0.00866	0.01138	0.08008	0.06320	0.29787	0.13693	0.15957	0.04745	0.01337	0.02549	0.00601	0.03804	0.00142	0.00444	0.03117	0.00360	0.00580
10	0.00877	0.00790	0.03493	0.04174	0.19857	0.05009	0.00691	0.11479	0.01029	0.03410	0.14437	0.05618	0.12072	0.00555	0.00393	0.00111	0.00353	0.00475	0.00296	0.14882

[dist]
# distance from previous block
# <min> <max>
17	63

[block]
# block no. 2 follows, 70 sequences, length 37
# corresponding to MSA columns:
# 139-175
name=unknown_C
#
# <colnr> <probs for GDERKNQSTAVLIFYWHMCP>
#	G	D	E	R	K	N	Q	S	T	A	V	L	I	F	Y	W	H	M	C	P
0	0.02823	0.02281	0.17198	0.08120	0.23422	0.09356	0.09862	0.03805	0.06159	0.03170	0.00896	0.01119	0.02746	0.03074	0.00461	0.00130	0.02970	0.01654	0.00220	0.00533
1	0.00863	0.00805	0.01360	0.13268	0.43625	0.00823	0.09473	0.01141	0.05741	0.02259	0.03581	0.05343	0.02946	0.00475	0.00410	0.00125	0.00443	0.05296	0.00235	0.01788
2	0.00848	0.00848	0.01187	0.01018	0.01018	0.01187	0.00848	0.00933	0.00594	0.00933	0.00509	0.00848	0.00509	0.00679	0.01272	0.00170	0.85666	0.00339	0.00170	0.00424
3	0.00458	0.00393	0.00393	0.00393	0.00524	0.00327	0.00295	0.00556	0.00884	0.01047	0.03927	0.03731	0.83800	0.00982	0.00458	0.00131	0.00196	0.00818	0.00360	0.00327
4	0.01474	0.01086	0.01163	0.00892	0.01202	0.01202	0.00737	0.82664	0.01823	0.02443	0.00931	0.00931	0.00659	0.00465	0.00388	0.00116	0.00427	0.00349	0.00388	0.00659
5	0.00798	0.08631	0.77919	0.01070	0.01624	0.00950	0.01372	0.01223	0.00816	0.01203	0.00683	0.00803	0.00492	0.00365	0.00359	0.00120	0.00561	0.00280	0.00164	0.00567
6	0.00857	0.01034	0.10100	0.01558	0.14138	0.00882	0.51442	0.01153	0.00885	0.01219	0.00941	0.08363	0.00827	0.00444	0.00444	0.00132	0.00566	0.04285	0.00214	0.00516
7	0.00818	0.05897	0.00878	0.00580	0.00923	0.00578	0.00472	0.00987	0.00803	0.01242	0.00680	0.00793	0.00570	0.00290	0.00285	0.00059	0.00295	0.00228	0.00226	0.83397
8	0.00649	0.00346	0.00503	0.00510	0.00518	0.00346	0.00344	0.00530	0.00548	0.00732	0.02139	0.05831	0.00941	0.07949	0.02783	0.71003	0.00344	0.03595	0.00195	0.00194
9	0.00995	0.00848	0.00894	0.00795	0.01020	0.00979	0.00621	0.06946	0.78321	0.01672	0.01539	0.01415	0.01152	0.00522	0.00394	0.00131	0.00314	0.00433	0.00394	0.00616
10	0.00578	0.00412	0.00558	0.08645	0.02557	0.00415	0.00424	0.00664	0.02302	0.02607	0.04929	0.43122	0.03977	0.20387	0.00876	0.05831	0.00300	0.00793	0.00304	0.00320
11	0.02802	0.12767	0.09136	0.00976	0.02838	0.21987	0.06236	0.29056	0.01234	0.04934	0.00762	0.00837	0.00579	0.00417	0.00394	0.00112	0.03806	0.00305	0.00267	0.00554
12	0.01419	0.01786	0.01085	0.00986	0.01187	0.79736	0.00741	0.01579	0.06078	0.00990	0.00659	0.00744	0.00541	0.00407	0.00352	0.00102	0.00675	0.00261	0.00212	0.00459
13	0.00647	0.00346	0.00485	0.00485	0.00485	0.00346	0.00312	0.00519	0.00519	0.00692	0.00806	0.01506	0.00851	0.21872	0.01626	0.67395	0.00346	0.00392	0.00184	0.00184
14	0.00838	0.00705	0.00945	0.00824	0.00889	0.00890	0.00664	0.05024	0.03836	0.05185	0.00836	0.01289	0.00790	0.11628	0.15073	0.00260	0.44177	0.02022	0.00225	0.03899
15	0.00888	0.02219	0.15209	0.03533	0.15922	0.02142	0.42598	0.01187	0.00884	0.02891	0.00881	0.06545	0.00741	0.00415	0.00427	0.00128	0.00561	0.02091	0.00209	0.00529
16	0.00875	0.00866	0.01281	0.01347	0.21085	0.01123	0.00931	0.00995	0.00664	0.01014	0.00562	0.00875	0.00534	0.00598	0.01057	0.00156	0.65050	0.00341	0.00175	0.00470
17	0.00479	0.00382	0.00430	0.00446	0.00546	0.00333	0.00326	0.00585	0.00887	0.01118	0.16268	0.21785	0.51592	0.01005	0.00468	0.00136	0.00203	0.02310	0.00371	0.00331
18	0.01421	0.01783	0.01162	0.01028	0.01241	0.77900	0.04975	0.04042	0.01112	0.01010	0.00619	0.00724	0.00509	0.00398	0.00356	0.00102	0.00688	0.00264	0.00205	0.00460
19	0.00673	0.00337	0.00505	0.00505	0.00505	0.00337	0.00337	0.00505	0.00505	0.00673	0.00673	0.01178	0.00673	0.01347	0.01515	0.88721	0.00337	0.00337	0.00168	0.00168
20	0.00473	0.00341	0.00448	0.00531	0.00561	0.00317	0.00357	0.00544	0.00756	0.01004	0.03817	0.80246	0.06783	0.01194	0.00492	0.00155	0.00223	0.01080	0.00361	0.00317
21	0.01448	0.01848	0.01099	0.00999	0.01199	0.84819	0.00749	0.01548	0.01099	0.00949	0.00599	0.00699	0.00499	0.00400	0.00350	0.00100	0.00699	0.00250	0.00200	0.00449
22	0.00632	0.00439	0.00552	0.00575	0.00655	0.00433	0.00436	0.00820	0.07169	0.04415	0.14856	0.18921	0.06991	0.17535	0.00773	0.00195	0.00294	0.23599	0.00353	0.00357
23	0.00578	0.00468	0.00533	0.00515	0.00642	0.00458	0.00395	0.00863	0.13948	0.01261	0.23967	0.02972	0.38804	0.01044	0.08354	0.00177	0.00296	0.03973	0.00368	0.00386
24	0.00472	0.00340	0.00448	0.00534	0.00561	0.00315	0.00357	0.00540	0.00748	0.00992	0.02207	0.82874	0.05767	0.01205	0.00493	0.00156	0.00224	0.01091	0.00360	0.00315
25	0.00568	0.00424	0.00531	0.00499	0.00602	0.00400	0.00376	0.00801	0.06279	0.01517	0.71958	0.02873	0.10122	0.00791	0.00453	0.00123	0.00192	0.00694	0.00419	0.00378
26	0.00629	0.00405	0.00510	0.00490	0.00591	0.00371	0.00366	0.00782	0.00995	0.07318	0.49021	0.12907	0.12830	0.02056	0.00465	0.00129	0.00206	0.02077	0.07478	0.00374
27	0.19129	0.00532	0.00606	0.00546	0.00706	0.00519	0.00416	0.01077	0.00863	0.24552	0.12294	0.15180	0.07187	0.12383	0.00608	0.00163	0.00286	0.02163	0.00360	0.00431
28	0.00492	0.00388	0.00430	0.00437	0.00535	0.00342	0.00318	0.00592	0.00868	0.01092	0.15694	0.11300	0.51416	0.10484	0.00633	0.00161	0.00223	0.03915	0.00356	0.00323
29	0.00804	0.00689	0.00804	0.00574	0.00919	0.00517	0.00459	0.00976	0.00804	0.01263	0.00689	0.00804	0.00574	0.00287	0.00287	0.00057	0.00287	0.00230	0.00230	0.88745
30	0.02284	0.00488	0.00616	0.00586	0.00716	0.00462	0.00438	0.04149	0.04690	0.21346	0.12360	0.37079	0.06329	0.02798	0.00481	0.00144	0.00262	0.02821	0.01516	0.00434
31	0.00631	0.00436	0.00504	0.00484	0.00584	0.00412	0.00351	0.03491	0.01785	0.06074	0.10312	0.04136	0.33261	0.23842	0.06100	0.01820	0.00323	0.04782	0.00329	0.00341
32	0.75428	0.00729	0.00599	0.00525	0.00764	0.00826	0.00431	0.02919	0.00730	0.08593	0.00668	0.00736	0.00499	0.00377	0.00257	0.00118	0.00299	0.00236	0.04825	0.00442
33	0.00652	0.00417	0.00519	0.00521	0.00593	0.00406	0.00375	0.00763	0.06445	0.04820	0.09538	0.14246	0.13632	0.13557	0.00911	0.19760	0.00284	0.08108	0.04133	0.00320
34	0.05576	0.00478	0.00611	0.00576	0.00689	0.00501	0.00439	0.02175	0.04420	0.11330	0.09015	0.05552	0.06097	0.09524	0.33602	0.03052	0.00579	0.01617	0.03775	0.00390
35	0.06198	0.00613	0.02254	0.00658	0.00803	0.01675	0.04424	0.10095	0.04671	0.09170	0.04450	0.17511	0.01402	0.14278	0.06959	0.00206	0.01708	0.04447	0.08059	0.00422
36	0.05350	0.00689	0.00858	0.00687	0.00954	0.00660	0.00559	0.07649	0.11628	0.55227	0.03605	0.01447	0.05291	0.00585	0.02873	0.00137	0.00343	0.00416	0.00436	0.00610

[dist]
# distance from previous block
# <min> <max>
0	2

[block]
# block no. 3 follows, 70 sequences, length 144
# corresponding to MSA columns:
# 178-321
name=unknown_D
#
# <colnr> <probs for GDERKNQSTAVLIFYWHMCP>
#	G	D	E	R	K	N	Q	S	T	A	V	L	I	F	Y	W	H	M	C	P
0	0.32743	0.01930	0.00680	0.00622	0.03914	0.02632	0.01747	0.01849	0.02099	0.05004	0.04582	0.04571	0.08943	0.10416	0.05902	0.02160	0.00363	0.00404	0.00269	0.09169
1	0.00776	0.00675	0.00988	0.16058	0.19391	0.04098	0.03872	0.00952	0.04685	0.02098	0.00983	0.06994	0.00945	0.15558	0.09167	0.07739	0.02981	0.01405	0.00222	0.00414
2	0.00711	0.00532	0.00665	0.00628	0.02632	0.01679	0.00472	0.03672	0.08223	0.05788	0.43839	0.02330	0.09934	0.00999	0.10974	0.00188	0.05358	0.00589	0.00368	0.00417
3	0.00869	0.00724	0.00880	0.00734	0.07312	0.00588	0.00533	0.03773	0.03754	0.03593	0.00755	0.00857	0.00612	0.00311	0.00304	0.00068	0.00307	0.00254	0.00245	0.73525
4	0.00584	0.00454	0.00564	0.00543	0.00672	0.00383	0.00387	0.00687	0.00769	0.01088	0.04190	0.52080	0.03212	0.03733	0.00476	0.00131	0.00248	0.00787	0.00316	0.28696
5	0.00950	0.02181	0.01536	0.10391	0.13934	0.05192	0.26930	0.05399	0.07487	0.02206	0.00814	0.01981	0.00654	0.00435	0.00548	0.00130	0.14476	0.00389	0.02491	0.01878
6	0.00691	0.00532	0.00752	0.13891	0.08705	0.00565	0.00586	0.04969	0.04139	0.02159	0.03483	0.29344	0.05967	0.06377	0.00694	0.10917	0.02504	0.03061	0.00285	0.00378
7	0.02060	0.01249	0.11108	0.02946	0.41836	0.20028	0.04160	0.03277	0.00934	0.01212	0.00693	0.00873	0.00566	0.00368	0.00390	0.00112	0.02400	0.00313	0.00197	0.05279
8	0.00829	0.00693	0.00761	0.00703	0.00878	0.00774	0.00542	0.01628	0.57271	0.01545	0.18629	0.07408	0.02864	0.00649	0.00419	0.00133	0.00276	0.03071	0.00397	0.00531
9	0.00869	0.00451	0.00588	0.00559	0.00671	0.00414	0.00404	0.00974	0.01798	0.25089	0.09915	0.34971	0.03810	0.15739	0.00716	0.00180	0.00279	0.01782	0.00380	0.00410
10	0.00645	0.00430	0.00535	0.00539	0.01777	0.00397	0.00391	0.00799	0.04162	0.09231	0.22645	0.24271	0.25363	0.00984	0.02894	0.02166	0.00251	0.01765	0.00378	0.00378
11	0.00560	0.00383	0.00477	0.00516	0.00542	0.00380	0.00340	0.00637	0.04689	0.00911	0.01618	0.37051	0.01857	0.33172	0.01147	0.08872	0.00305	0.05960	0.00296	0.00288
12	0.19359	0.00807	0.00911	0.00715	0.01005	0.00824	0.00590	0.25849	0.02180	0.42143	0.01151	0.01065	0.00763	0.00452	0.00359	0.00119	0.00352	0.00342	0.00403	0.00610
13	0.00592	0.00412	0.00501	0.00501	0.00569	0.00396	0.00350	0.00738	0.05127	0.03676	0.27161	0.18449	0.09671	0.25828	0.00904	0.00206	0.00266	0.03967	0.00349	0.00336
14	0.04482	0.00454	0.00517	0.00489	0.00594	0.00439	0.00354	0.02770	0.05418	0.04182	0.31049	0.06625	0.21708	0.18355	0.00753	0.00178	0.00251	0.00664	0.00359	0.00361
15	0.00540	0.00391	0.00563	0.00601	0.00655	0.00421	0.00453	0.00648	0.00684	0.00947	0.01480	0.28808	0.01598	0.02115	0.45870	0.03911	0.00680	0.09035	0.00270	0.00330
16	0.00555	0.00412	0.00604	0.00604	0.00666	0.00474	0.00460	0.00680	0.00617	0.00886	0.01056	0.01622	0.01012	0.11036	0.76769	0.00599	0.00974	0.00430	0.00210	0.00335
17	0.05465	0.00514	0.00614	0.00547	0.00694	0.00497	0.00422	0.07284	0.01011	0.17770	0.27340	0.05641	0.06914	0.09029	0.00559	0.00147	0.00266	0.04449	0.10406	0.00431
18	0.00613	0.00386	0.00482	0.00504	0.00557	0.00369	0.00347	0.00694	0.00760	0.06085	0.08850	0.32348	0.04980	0.26749	0.02256	0.00221	0.00291	0.06433	0.06751	0.00323
19	0.42221	0.00860	0.00816	0.00678	0.00936	0.00970	0.00553	0.29174	0.11742	0.04540	0.00861	0.00886	0.00635	0.00424	0.00316	0.00119	0.00341	0.00297	0.03096	0.00532
20	0.89114	0.00750	0.00570	0.00510	0.00750	0.00870	0.00420	0.01140	0.00660	0.01739	0.00540	0.00630	0.00420	0.00360	0.00240	0.00120	0.00300	0.00210	0.00240	0.00420
21	0.00551	0.00380	0.00477	0.00503	0.00576	0.00346	0.00357	0.00655	0.00867	0.04883	0.21885	0.41243	0.18990	0.04398	0.00533	0.00151	0.00222	0.02263	0.00376	0.00343
22	0.18456	0.00999	0.01024	0.00805	0.01094	0.01115	0.00663	0.62565	0.04455	0.02260	0.00884	0.00900	0.00637	0.00447	0.00357	0.00117	0.00393	0.00325	0.01896	0.00606
23	0.00461	0.00393	0.00397	0.00396	0.00525	0.00329	0.00297	0.00562	0.00891	0.01064	0.06560	0.03703	0.81157	0.00976	0.00458	0.00131	0.00196	0.00814	0.00362	0.00329
24	0.00964	0.00833	0.00877	0.00789	0.01008	0.00964	0.00614	0.02060	0.83257	0.01622	0.01578	0.01446	0.01183	0.00526	0.00394	0.00131	0.00307	0.00438	0.00394	0.00614
25	0.08438	0.00662	0.00865	0.00670	0.00962	0.00589	0.00553	0.01815	0.01070	0.76476	0.01449	0.01269	0.00919	0.00470	0.00376	0.00119	0.00325	0.00376	0.01961	0.00636
26	0.89114	0.00750	0.00570	0.00510	0.00750	0.00870	0.00420	0.01140	0.00660	0.01739	0.00540	0.00630	0.00420	0.00360	0.00240	0.00120	0.00300	0.00210	0.00240	0.00420
27	0.00554	0.00415	0.00623	0.00623	0.00692	0.00485	0.00485	0.00692	0.00623	0.00900	0.01038	0.01523	0.00969	0.02908	0.84839	0.00623	0.01038	0.00415	0.00208	0.00346
28	0.00848	0.00848	0.01187	0.01018	0.01018	0.01187	0.00848	0.00933	0.00594	0.00933	0.00509	0.00848	0.00509	0.00679	0.01272	0.00170	0.85666	0.00339	0.00170	0.00424
29	0.00732	0.00689	0.01163	0.85444	0.02670	0.00861	0.01077	0.00991	0.00775	0.00991	0.00689	0.01034	0.00517	0.00388	0.00388	0.00129	0.00517	0.00345	0.00172	0.00431
30	0.02765	0.00363	0.00475	0.00555	0.00585	0.00353	0.00381	0.00573	0.00742	0.01013	0.02057	0.79328	0.02453	0.01176	0.00507	0.00157	0.02112	0.03732	0.00353	0.00321
31	0.00648	0.00351	0.00516	0.00516	0.00526	0.00361	0.00350	0.00536	0.00526	0.00711	0.00766	0.01328	0.00770	0.07861	0.13383	0.69671	0.00439	0.00365	0.00179	0.00199
32	0.01573	0.00927	0.01065	0.00817	0.01123	0.00967	0.00675	0.52594	0.01557	0.32888	0.01154	0.01075	0.00771	0.00471	0.00389	0.00118	0.00391	0.00364	0.00422	0.00659
33	0.00848	0.00848	0.01187	0.01018	0.01018	0.01187	0.00848	0.00933	0.00594	0.00933	0.00509	0.00848	0.00509	0.00679	0.01272	0.00170	0.85666	0.00339	0.00170	0.00424
34	0.00810	0.00767	0.01293	0.56860	0.29269	0.00883	0.01106	0.01073	0.02151	0.01091	0.00717	0.01016	0.00559	0.00376	0.00386	0.00125	0.00495	0.00346	0.00182	0.00494
35	0.01631	0.00834	0.01007	0.00772	0.01076	0.00828	0.00638	0.34828	0.01400	0.50876	0.01285	0.01161	0.00837	0.00474	0.00389	0.00118	0.00369	0.00373	0.00442	0.00660
36	0.00559	0.00422	0.00629	0.00626	0.00693	0.00494	0.00486	0.00694	0.00621	0.00898	0.01033	0.01531	0.00970	0.04491	0.81806	0.00611	0.02467	0.00417	0.00208	0.00345
37	0.02779	0.21274	0.07288	0.00936	0.04811	0.07995	0.02721	0.43326	0.01359	0.02788	0.00784	0.00835	0.00592	0.00412	0.00350	0.00108	0.00460	0.00304	0.00290	0.00589
38	0.02726	0.00649	0.00877	0.00681	0.00970	0.00566	0.00563	0.01831	0.01092	0.79288	0.01525	0.01393	0.00987	0.00493	0.00389	0.00121	0.00327	0.02468	0.02412	0.00643
39	0.01059	0.00728	0.01087	0.38213	0.06427	0.00830	0.00864	0.07205	0.00935	0.22294	0.04148	0.01179	0.01852	0.00474	0.00500	0.00130	0.10910	0.00376	0.00279	0.00511
40	0.00714	0.07800	0.00684	0.00568	0.00652	0.00511	0.00417	0.00798	0.07977	0.04584	0.03471	0.26101	0.01359	0.01124	0.04186	0.34785	0.00330	0.00571	0.00268	0.03100
41	0.00789	0.00672	0.00786	0.00574	0.00899	0.00513	0.00456	0.00972	0.02023	0.01270	0.03357	0.03272	0.00736	0.00333	0.00300	0.00063	0.00282	0.00272	0.00242	0.82190
42	0.00524	0.00373	0.00483	0.00514	0.00578	0.00341	0.00362	0.00639	0.00891	0.02493	0.32733	0.47248	0.08138	0.01018	0.00474	0.00141	0.00210	0.00911	0.00385	0.01544
43	0.00778	0.00776	0.03861	0.66619	0.18464	0.00874	0.01110	0.01037	0.00797	0.01052	0.00697	0.01012	0.00535	0.00379	0.00386	0.00126	0.00508	0.00343	0.00176	0.00471
44	0.00541	0.00382	0.00475	0.00514	0.00585	0.00350	0.00367	0.01798	0.00839	0.03595	0.10282	0.47940	0.22943	0.01080	0.00505	0.02423	0.00228	0.04450	0.00365	0.00336
45	0.00545	0.00375	0.00434	0.00446	0.00466	0.00366	0.00272	0.00575	0.00646	0.00855	0.05569	0.13426	0.07965	0.62532	0.01556	0.00312	0.00333	0.02793	0.00273	0.00262
46	0.00552	0.00379	0.00470	0.00481	0.00499	0.00390	0.00305	0.00587	0.00598	0.00812	0.01292	0.13096	0.01454	0.56525	0.19129	0.01826	0.00494	0.00599	0.00244	0.00267
47	0.03213	0.00649	0.00876	0.00681	0.00969	0.00565	0.00559	0.01823	0.01087	0.79497	0.01536	0.04660	0.01014	0.00507	0.00391	0.00121	0.00325	0.00415	0.00471	0.00642
48	0.00554	0.00375	0.00454	0.00476	0.00516	0.00354	0.00309	0.00612	0.00733	0.03444	0.10666	0.31949	0.10508	0.36034	0.01090	0.00239	0.00282	0.00788	0.00319	0.00299
49	0.00564	0.00373	0.00429	0.00433	0.00435	0.00371	0.00247	0.00563	0.00578	0.00773	0.02583	0.06326	0.01470	0.77715	0.01863	0.03854	0.00364	0.00582	0.00241	0.00238
50	0.89114	0.00750	0.00570	0.00510	0.00750	0.00870	0.00420	0.01140	0.00660	0.01739	0.00540	0.00630	0.00420	0.00360	0.00240	0.00120	0.00300	0.00210	0.00240	0.00420
51	0.09941	0.00717	0.00889	0.00691	0.00981	0.00676	0.00570	0.12500	0.01154	0.63342	0.01349	0.01206	0.00870	0.00466	0.00372	0.00119	0.00336	0.00367	0.02827	0.00629
52	0.40620	0.00749	0.00783	0.00633	0.00907	0.00777	0.00522	0.10901	0.00992	0.38029	0.01019	0.00967	0.00685	0.00425	0.00323	0.00120	0.00328	0.00305	0.00362	0.00553
53	0.01613	0.00888	0.01022	0.00789	0.01090	0.03821	0.00649	0.37104	0.01420	0.45618	0.01236	0.01128	0.00812	0.00471	0.00388	0.00118	0.00385	0.00367	0.00430	0.00652
54	0.04061	0.00416	0.00502	0.00472	0.00584	0.00382	0.00357	0.00739	0.01032	0.03635	0.60151	0.02954	0.21666	0.00810	0.00447	0.00124	0.00194	0.00700	0.00406	0.00367
55	0.00810	0.01780	0.65053	0.01229	0.01760	0.00919	0.20520	0.01231	0.00841	0.01231	0.00717	0.00872	0.00514	0.00359	0.00389	0.00125	0.00592	0.00327	0.00171	0.00561
56	0.89114	0.00750	0.00570	0.00510	0.00750	0.00870	0.00420	0.01140	0.00660	0.01739	0.00540	0.00630	0.00420	0.00360	0.00240	0.00120	0.00300	0.00210	0.00240	0.00420
57	0.01474	0.01086	0.01163	0.00892	0.01202	0.01202	0.00737	0.82664	0.01823	0.02443	0.00931	0.00931	0.00659	0.00465	0.00388	0.00116	0.00427	0.00349	0.00388	0.00659
58	0.00527	0.00406	0.00426	0.00414	0.00550	0.00342	0.00313	0.00634	0.00909	0.05185	0.08990	0.03558	0.74510	0.00945	0.00455	0.00130	0.00202	0.00789	0.00370	0.00346
59	0.00938	0.00899	0.01535	0.10236	0.76268	0.00915	0.01179	0.01171	0.00873	0.01240	0.00725	0.00967	0.00605	0.00349	0.00384	0.00116	0.00466	0.00345	0.00190	0.00597
60	0.00672	0.00339	0.00508	0.00510	0.00512	0.00339	0.00343	0.00512	0.00514	0.00684	0.00704	0.01249	0.00708	0.01341	0.01494	0.86772	0.00337	0.02120	0.00173	0.00173
61	0.00673	0.00337	0.00505	0.00505	0.00505	0.00337	0.00337	0.00505	0.00505	0.00673	0.00673	0.01178	0.00673	0.01347	0.01515	0.88721	0.00337	0.00337	0.00168	0.00168
62	0.63929	0.00809	0.00717	0.00602	0.00861	0.00910	0.00496	0.17523	0.00932	0.09095	0.00705	0.00750	0.00515	0.00391	0.00283	0.00119	0.00328	0.00254	0.00291	0.00489
63	0.00963	0.00911	0.01163	0.00992	0.01034	0.06670	0.00821	0.03751	0.00700	0.06092	0.00591	0.00870	0.00541	0.00641	0.01128	0.00160	0.71989	0.00337	0.00198	0.00448
64	0.14874	0.01034	0.01097	0.00850	0.01151	0.01146	0.02489	0.68396	0.01625	0.02309	0.00868	0.00887	0.00621	0.00446	0.00367	0.00117	0.00412	0.00330	0.00361	0.00620
65	0.00848	0.00848	0.01187	0.01018	0.01018	0.01187	0.00848	0.00933	0.00594	0.00933	0.00509	0.00848	0.00509	0.00679	0.01272	0.00170	0.85666	0.00339	0.00170	0.00424
66	0.00732	0.00689	0.01163	0.85444	0.02670	0.00861	0.01077	0.00991	0.00775	0.00991	0.00689	0.01034	0.00517	0.00388	0.00388	0.00129	0.00517	0.00345	0.00172	0.00431
67	0.00524	0.00422	0.00470	0.00455	0.00576	0.00383	0.00342	0.00718	0.06395	0.01264	0.32068	0.04425	0.48789	0.00888	0.00454	0.00128	0.00199	0.00756	0.00386	0.00360
68	0.00848	0.00848	0.01187	0.01018	0.01018	0.01187	0.00848	0.00933	0.00594	0.00933	0.00509	0.00848	0.00509	0.00679	0.01272	0.00170	0.85666	0.00339	0.00170	0.00424
69	0.00848	0.00848	0.01187	0.01018	0.01018	0.01187	0.00848	0.00933	0.00594	0.00933	0.00509	0.00848	0.00509	0.00679	0.01272	0.00170	0.85666	0.00339	0.00170	0.00424
70	0.00732	0.00689	0.01163	0.85444	0.02670	0.00861	0.01077	0.00991	0.00775	0.00991	0.00689	0.01034	0.00517	0.00388	0.00388	0.00129	0.00517	0.00345	0.00172	0.00431
71	0.00559	0.00408	0.00597	0.00597	0.00657	0.00468	0.00452	0.00672	0.00613	0.00876	0.01046	0.01623	0.01008	0.11998	0.72991	0.03526	0.00943	0.00429	0.00209	0.00328
72	0.00964	0.00833	0.00877	0.00789	0.01008	0.00964	0.00614	0.02060	0.83257	0.01622	0.01578	0.01446	0.01183	0.00526	0.00394	0.00131	0.00307	0.00438	0.00394	0.00614
73	0.01036	0.86609	0.02032	0.00663	0.00995	0.01534	0.00663	0.01161	0.00788	0.00912	0.00539	0.00622	0.00498	0.00332	0.00249	0.00083	0.00415	0.00207	0.00166	0.00498
74	0.00981	0.00841	0.00886	0.00792	0.01015	0.00972	0.00618	0.04741	0.80548	0.01649	0.01556	0.01429	0.01166	0.00524	0.00394	0.00131	0.00311	0.00435	0.00394	0.00615
75	0.00972	0.14643	0.03536	0.00728	0.02039	0.14516	0.00599	0.07508	0.01927	0.03447	0.14849	0.04527	0.01171	0.00474	0.00379	0.00097	0.03450	0.00367	0.00269	0.24500
76	0.00778	0.00736	0.01246	0.68649	0.19106	0.00873	0.01100	0.01031	0.00797	0.01046	0.00697	0.01019	0.00536	0.00379	0.00387	0.00126	0.00505	0.00345	0.00176	0.00468
77	0.01036	0.86609	0.02032	0.00663	0.00995	0.01534	0.00663	0.01161	0.00788	0.00912	0.00539	0.00622	0.00498	0.00332	0.00249	0.00083	0.00415	0.00207	0.00166	0.00498
78	0.00804	0.00689	0.00804	0.00574	0.00919	0.00517	0.00459	0.00976	0.00804	0.01263	0.00689	0.00804	0.00574	0.00287	0.00287	0.00057	0.00287	0.00230	0.00230	0.88745
79	0.00554	0.00415	0.00623	0.00623	0.00692	0.00485	0.00485	0.00692	0.00623	0.00900	0.01038	0.01523	0.00969	0.02908	0.84839	0.00623	0.01038	0.00415	0.00208	0.00346
80	0.01090	0.75769	0.01917	0.00700	0.01021	0.07011	0.00674	0.06185	0.00872	0.01008	0.00567	0.00646	0.00508	0.00344	0.00264	0.00086	0.00434	0.00219	0.00182	0.00504
81	0.01666	0.00644	0.00876	0.00677	0.00964	0.00557	0.00557	0.01818	0.01109	0.79156	0.06572	0.01416	0.01125	0.00499	0.00394	0.00120	0.00321	0.00409	0.00477	0.00642
82	0.00758	0.00722	0.01187	0.78968	0.07649	0.02221	0.01078	0.01012	0.00787	0.01007	0.00690	0.01024	0.00523	0.00385	0.00387	0.00128	0.00516	0.00343	0.00174	0.00442
83	0.00826	0.00817	0.01484	0.47884	0.23713	0.00900	0.16593	0.01090	0.00830	0.01110	0.00718	0.01017	0.00556	0.00365	0.00400	0.00126	0.00528	0.00366	0.00182	0.00496
84	0.89114	0.00750	0.00570	0.00510	0.00750	0.00870	0.00420	0.01140	0.00660	0.01739	0.00540	0.00630	0.00420	0.00360	0.00240	0.00120	0.00300	0.00210	0.00240	0.00420
85	0.00521	0.00358	0.00435	0.00477	0.00488	0.00348	0.00293	0.00553	0.00647	0.00862	0.01646	0.41332	0.01945	0.46849	0.01287	0.00274	0.00306	0.00814	0.00293	0.00272
86	0.00651	0.00345	0.00503	0.00513	0.00519	0.00344	0.00347	0.00527	0.00544	0.00723	0.00870	0.06642	0.00918	0.06797	0.01431	0.72982	0.00333	0.04626	0.00194	0.00191
87	0.00557	0.00404	0.00568	0.00568	0.00618	0.00455	0.00416	0.00657	0.00607	0.00859	0.01089	0.01802	0.01091	0.25912	0.62001	0.00555	0.00856	0.00456	0.00215	0.00315
88	0.01474	0.01086	0.01163	0.00892	0.01202	0.01202	0.00737	0.82664	0.01823	0.02443	0.00931	0.00931	0.00659	0.00465	0.00388	0.00116	0.00427	0.00349	0.00388	0.00659
89	0.00848	0.00848	0.01187	0.01018	0.01018	0.01187	0.00848	0.00933	0.00594	0.00933	0.00509	0.00848	0.00509	0.00679	0.01272	0.00170	0.85666	0.00339	0.00170	0.00424
90	0.00602	0.00433	0.00592	0.00673	0.00757	0.00427	0.00573	0.00762	0.00870	0.01127	0.02138	0.10344	0.06890	0.03914	0.00576	0.00181	0.00339	0.68101	0.00353	0.00348
91	0.86848	0.00752	0.00578	0.00517	0.00756	0.00872	0.00425	0.01163	0.02783	0.01736	0.00566	0.00651	0.00439	0.00364	0.00244	0.00120	0.00300	0.00216	0.00244	0.00425
92	0.00673	0.00337	0.00505	0.00505	0.00505	0.00337	0.00337	0.00505	0.00505	0.00673	0.00673	0.01178	0.00673	0.01347	0.01515	0.88721	0.00337	0.00337	0.00168	0.00168
93	0.00621	0.00443	0.00620	0.00709	0.00797	0.00443	0.00618	0.00796	0.00889	0.01156	0.02055	0.06482	0.02240	0.01075	0.00534	0.00178	0.00354	0.79277	0.00357	0.00356
94	0.00481	0.00347	0.00456	0.00531	0.00566	0.00322	0.00361	0.00562	0.00784	0.01048	0.10029	0.73872	0.05841	0.01163	0.00490	0.00153	0.00221	0.02084	0.00366	0.00321
95	0.00678	0.00538	0.00679	0.00658	0.00766	0.00560	0.04124	0.04132	0.21652	0.01247	0.08097	0.37455	0.03147	0.09092	0.00604	0.00167	0.00291	0.05346	0.00355	0.00412
96	0.00826	0.00787	0.01370	0.01708	0.46519	0.00772	0.13513	0.01044	0.00912	0.01279	0.15165	0.06664	0.05419	0.00509	0.00432	0.00123	0.01692	0.00494	0.00251	0.00522
97	0.01002	0.00711	0.00933	0.00681	0.01009	0.00578	0.05912	0.01177	0.00867	0.18028	0.00860	0.00925	0.00651	0.00340	0.00349	0.00078	0.02869	0.00280	0.00276	0.62473
98	0.01439	0.01832	0.01100	0.00999	0.01196	0.83528	0.00751	0.01539	0.01091	0.00949	0.00598	0.00701	0.00500	0.00404	0.00364	0.00101	0.02011	0.00251	0.00199	0.00449
99	0.00804	0.00689	0.00804	0.00574	0.00919	0.00517	0.00459	0.00976	0.00804	0.01263	0.00689	0.00804	0.00574	0.00287	0.00287	0.00057	0.00287	0.00230	0.00230	0.88745
100	0.00923	0.00884	0.01508	0.15709	0.70913	0.00912	0.01172	0.01158	0.00865	0.01222	0.00723	0.00971	0.00598	0.00352	0.00384	0.00117	0.00470	0.00345	0.00189	0.00585
101	0.00845	0.00868	0.00800	0.00790	0.03317	0.25164	0.00579	0.00950	0.00769	0.00918	0.00940	0.06860	0.00916	0.07127	0.39005	0.02766	0.06386	0.00413	0.00213	0.00375
102	0.00864	0.00808	0.01342	0.45492	0.37991	0.00903	0.01111	0.04739	0.00869	0.01176	0.00717	0.00997	0.00566	0.00373	0.00386	0.00123	0.00488	0.00345	0.00190	0.00521
103	0.13424	0.00671	0.00849	0.00663	0.00950	0.00613	0.00547	0.02804	0.01058	0.70016	0.03466	0.01262	0.00952	0.00471	0.00371	0.00120	0.00323	0.00373	0.00445	0.00620
104	0.00732	0.00689	0.01163	0.85444	0.02670	0.00861	0.01077	0.00991	0.00775	0.00991	0.00689	0.01034	0.00517	0.00388	0.00388	0.00129	0.00517	0.00345	0.00172	0.00431
105	0.01627	0.00669	0.00886	0.00694	0.00979	0.00603	0.00568	0.01872	0.09264	0.73557	0.03989	0.01379	0.01062	0.00494	0.00392	0.00121	0.00323	0.00404	0.00470	0.00646
106	0.01036	0.86609	0.02032	0.00663	0.00995	0.01534	0.00663	0.01161	0.00788	0.00912	0.00539	0.00622	0.00498	0.00332	0.00249	0.00083	0.00415	0.00207	0.00166	0.00498
107	0.00458	0.00393	0.00393	0.00393	0.00524	0.00327	0.00295	0.00556	0.00884	0.01047	0.03927	0.03731	0.83800	0.00982	0.00458	0.00131	0.00196	0.00818	0.00360	0.00327
108	0.01373	0.05408	0.06171	0.00901	0.01224	0.01125	0.04146	0.58266	0.07248	0.08743	0.00984	0.00980	0.00698	0.00452	0.00383	0.00117	0.00428	0.00352	0.00363	0.00637
109	0.01036	0.86609	0.02032	0.00663	0.00995	0.01534	0.00663	0.01161	0.00788	0.00912	0.00539	0.00622	0.00498	0.00332	0.00249	0.00083	0.00415	0.00207	0.00166	0.00498
110	0.00478	0.00341	0.00454	0.00543	0.00567	0.00319	0.00365	0.00547	0.00744	0.00991	0.02122	0.82752	0.02539	0.02391	0.00516	0.00161	0.00231	0.03266	0.00358	0.00315
111	0.01003	0.00867	0.00795	0.00724	0.00904	0.16941	0.00556	0.04289	0.28067	0.10124	0.10808	0.10858	0.08988	0.00654	0.00412	0.00127	0.00358	0.02667	0.00361	0.00496
112	0.02470	0.42259	0.06317	0.00752	0.01070	0.07808	0.00698	0.10459	0.06051	0.17417	0.00853	0.00861	0.00646	0.00395	0.00315	0.00101	0.00423	0.00281	0.00269	0.00554
113	0.01049	0.83941	0.02002	0.00674	0.01001	0.04155	0.00666	0.01173	0.00798	0.00913	0.00541	0.00624	0.00498	0.00334	0.00252	0.00083	0.00424	0.00209	0.00167	0.00496
114	0.00709	0.00429	0.00597	0.00564	0.02513	0.00391	0.00384	0.00627	0.00581	0.00820	0.00678	0.01089	0.00650	0.01086	0.01213	0.66764	0.00328	0.00313	0.00183	0.20082
115	0.00519	0.00407	0.00472	0.00462	0.00573	0.00366	0.00350	0.00684	0.03204	0.01290	0.39100	0.05506	0.40691	0.00895	0.00460	0.00130	0.00200	0.03947	0.00390	0.00353
116	0.00545	0.00396	0.00513	0.00484	0.00577	0.00364	0.00363	0.00724	0.01089	0.01534	0.80498	0.02930	0.06925	0.00800	0.00457	0.00122	0.00183	0.00706	0.00424	0.00364
117	0.00762	0.00714	0.01059	0.61593	0.04284	0.03929	0.00931	0.01972	0.06901	0.01114	0.08742	0.01331	0.04159	0.00460	0.00396	0.00127	0.00461	0.00400	0.00224	0.00442
118	0.00648	0.00411	0.00490	0.00472	0.00508	0.00407	0.00298	0.03870	0.00699	0.04045	0.10258	0.06175	0.02730	0.56692	0.01550	0.09285	0.00342	0.00569	0.00272	0.00280
119	0.00915	0.01046	0.02288	0.01634	0.02026	0.00980	0.82549	0.01242	0.00915	0.01242	0.00784	0.01046	0.00588	0.00327	0.00458	0.00131	0.00654	0.00458	0.00196	0.00523
120	0.00848	0.00848	0.01187	0.01018	0.01018	0.01187	0.00848	0.00933	0.00594	0.00933	0.00509	0.00848	0.00509	0.00679	0.01272	0.00170	0.85666	0.00339	0.00170	0.00424
121	0.00793	0.00747	0.01243	0.63337	0.20818	0.00879	0.01083	0.01079	0.04202	0.01078	0.00735	0.01034	0.00566	0.00384	0.00387	0.00126	0.00496	0.00349	0.00186	0.00479
122	0.00869	0.00887	0.01140	0.00988	0.01007	0.06996	0.00815	0.00959	0.00631	0.00932	0.00554	0.00887	0.00542	0.00821	0.07291	0.00198	0.73552	0.00339	0.00175	0.00420
123	0.00554	0.00415	0.00620	0.00620	0.00688	0.00483	0.00481	0.00690	0.00622	0.00898	0.01041	0.01538	0.00976	0.04142	0.83614	0.00619	0.01029	0.00418	0.00208	0.00344
124	0.00488	0.00373	0.00446	0.00489	0.00562	0.00336	0.00351	0.00582	0.00827	0.01059	0.09063	0.39053	0.33200	0.04450	0.00540	0.00155	0.00227	0.07116	0.00360	0.00324
125	0.04056	0.00552	0.00653	0.00592	0.00762	0.00521	0.00448	0.03201	0.10835	0.04416	0.06734	0.26611	0.05111	0.02267	0.06572	0.00159	0.00324	0.02445	0.00322	0.23417
126	0.00494	0.00378	0.00445	0.00475	0.00559	0.00337	0.00347	0.00585	0.00843	0.01069	0.10932	0.28284	0.40815	0.02433	0.00541	0.03647	0.00224	0.06913	0.00357	0.00322
127	0.00596	0.00426	0.00592	0.00682	0.00758	0.00422	0.00575	0.00754	0.00864	0.01128	0.02068	0.19603	0.02293	0.01098	0.00528	0.00175	0.00332	0.66398	0.00358	0.00349
128	0.00698	0.00422	0.00532	0.00524	0.00620	0.00388	0.00376	0.00825	0.02787	0.13560	0.20536	0.32562	0.13652	0.09939	0.00619	0.00163	0.00245	0.00794	0.00380	0.00378
129	0.00553	0.00386	0.00463	0.00487	0.00523	0.00375	0.00315	0.00641	0.03585	0.01867	0.09672	0.31141	0.06634	0.39246	0.01147	0.00249	0.00293	0.01814	0.00313	0.00299
130	0.01079	0.00702	0.00843	0.00759	0.00955	0.00734	0.00635	0.26208	0.07410	0.14233	0.01559	0.02556	0.01443	0.04137	0.00514	0.00155	0.00371	0.34814	0.00383	0.00511
131	0.12630	0.00707	0.00880	0.00684	0.00977	0.00660	0.00565	0.08531	0.01113	0.67105	0.01356	0.01201	0.00867	0.00464	0.00371	0.00120	0.00334	0.00364	0.00442	0.00630
132	0.00543	0.00373	0.00438	0.00450	0.00467	0.00368	0.00273	0.00572	0.00632	0.00842	0.04900	0.15716	0.05596	0.62070	0.04881	0.00329	0.00362	0.00660	0.00267	0.00262
133	0.01782	0.00394	0.00461	0.00460	0.00562	0.00353	0.00342	0.00644	0.00956	0.01270	0.37737	0.12674	0.37138	0.00921	0.00461	0.00131	0.00199	0.02784	0.00387	0.00344
134	0.00531	0.00376	0.00459	0.00486	0.00521	0.00363	0.00317	0.00619	0.02753	0.01012	0.15491	0.34755	0.05889	0.33446	0.01046	0.00233	0.00276	0.00802	0.00324	0.00301
135	0.00804	0.00689	0.00804	0.00574	0.00919	0.00517	0.00459	0.00976	0.00804	0.01263	0.00689	0.00804	0.00574	0.00287	0.00287	0.00057	0.00287	0.00230	0.00230	0.88745
136	0.04831	0.00724	0.00828	0.00714	0.00942	0.00765	0.00574	0.07415	0.35730	0.26323	0.02629	0.01596	0.01154	0.00544	0.00390	0.00127	0.00315	0.06980	0.06840	0.00580
137	0.00569	0.00376	0.00480	0.00518	0.00586	0.00342	0.00365	0.00660	0.00833	0.06297	0.12961	0.52519	0.15956	0.01067	0.00495	0.01866	0.00225	0.02121	0.01419	0.00344
138	0.00563	0.00408	0.00487	0.00479	0.00575	0.00376	0.00348	0.00724	0.04006	0.03504	0.36776	0.15093	0.25605	0.07572	0.00575	0.00149	0.00216	0.00759	0.01429	0.00355
139	0.04857	0.00605	0.00727	0.00594	0.00818	0.00580	0.00480	0.08436	0.04297	0.42393	0.02952	0.01335	0.00984	0.00473	0.00347	0.00111	0.00285	0.00378	0.28801	0.00546
140	0.59499	0.00802	0.00848	0.00930	0.16197	0.00927	0.00624	0.02936	0.00718	0.01564	0.00580	0.00726	0.00473	0.00401	0.00403	0.00125	0.11307	0.00255	0.00225	0.00462
141	0.00551	0.00414	0.00587	0.01636	0.03140	0.00446	0.00447	0.00660	0.00685	0.00952	0.05100	0.22864	0.03475	0.12632	0.41996	0.00409	0.01766	0.01641	0.00263	0.00335
142	0.21184	0.00460	0.00476	0.00483	0.00553	0.00484	0.00328	0.00707	0.00644	0.01057	0.01337	0.18594	0.03458	0.41434	0.03781	0.00267	0.00344	0.03837	0.00268	0.00304
143	0.00623	0.00355	0.00478	0.00479	0.00485	0.00356	0.00306	0.00535	0.00541	0.00721	0.00963	0.02786	0.02583	0.31296	0.05057	0.51219	0.00375	0.00439	0.00199	0.00204

[dist]
# distance from previous block
# <min> <max>
0	2

[block]
# block no. 4 follows, 70 sequences, length 146
# corresponding to MSA columns:
# 324-469
name=unknown_E
#
# <colnr> <probs for GDERKNQSTAVLIFYWHMCP>
#	G	D	E	R	K	N	Q	S	T	A	V	L	I	F	Y	W	H	M	C	P
0	0.41215	0.07128	0.00923	0.02003	0.01003	0.39764	0.00599	0.01328	0.00873	0.01306	0.00569	0.00667	0.00463	0.00377	0.00293	0.00108	0.00496	0.00230	0.00215	0.00439
1	0.01036	0.86609	0.02032	0.00663	0.00995	0.01534	0.00663	0.01161	0.00788	0.00912	0.00539	0.00622	0.00498	0.00332	0.00249	0.00083	0.00415	0.00207	0.00166	0.00498
2	0.00598	0.00398	0.00550	0.00551	0.00596	0.00430	0.00394	0.00659	0.00614	0.02833	0.01127	0.04867	0.01154	0.27484	0.43589	0.10520	0.00699	0.02411	0.00227	0.00299
3	0.00691	0.00461	0.00687	0.00830	0.13131	0.00458	0.00518	0.00731	0.02627	0.02995	0.02735	0.19830	0.02275	0.02183	0.03452	0.35845	0.00350	0.09623	0.00256	0.00322
4	0.86834	0.00747	0.00578	0.00515	0.00756	0.00862	0.00424	0.01159	0.00672	0.03892	0.00566	0.00648	0.00434	0.00363	0.00244	0.00120	0.00301	0.00215	0.00246	0.00426
5	0.89114	0.00750	0.00570	0.00510	0.00750	0.00870	0.00420	0.01140	0.00660	0.01739	0.00540	0.00630	0.00420	0.00360	0.00240	0.00120	0.00300	0.00210	0.00240	0.00420
6	0.00533	0.00363	0.00432	0.00463	0.00470	0.00355	0.00277	0.00556	0.00624	0.00832	0.01532	0.30908	0.01801	0.57470	0.01471	0.00302	0.00325	0.00747	0.00277	0.00262
7	0.00498	0.00389	0.00452	0.00451	0.00554	0.00343	0.00335	0.00627	0.00951	0.01239	0.34555	0.12260	0.42648	0.00935	0.00463	0.00131	0.00197	0.02245	0.00386	0.00341
8	0.00559	0.00412	0.00618	0.00618	0.00684	0.00478	0.00478	0.00684	0.00618	0.00890	0.01022	0.01508	0.00956	0.02839	0.81166	0.04506	0.01007	0.00412	0.00206	0.00338
9	0.28438	0.00676	0.00781	0.00624	0.00898	0.00654	0.00514	0.01620	0.00965	0.55842	0.02374	0.01134	0.00833	0.00447	0.00342	0.00119	0.00315	0.00338	0.02512	0.00575
10	0.89114	0.00750	0.00570	0.00510	0.00750	0.00870	0.00420	0.01140	0.00660	0.01739	0.00540	0.00630	0.00420	0.00360	0.00240	0.00120	0.00300	0.00210	0.00240	0.00420
11	0.00474	0.00386	0.00413	0.00420	0.00529	0.00332	0.00306	0.00573	0.00876	0.01080	0.11907	0.12396	0.62976	0.04938	0.00532	0.00144	0.00206	0.00825	0.00361	0.00326
12	0.00482	0.00364	0.00432	0.00479	0.00539	0.00329	0.00329	0.00557	0.00782	0.01000	0.04519	0.45897	0.29879	0.10315	0.00642	0.00172	0.00233	0.02390	0.00348	0.00312
13	0.00811	0.00769	0.01305	0.56706	0.30793	0.00882	0.01116	0.01059	0.00812	0.01086	0.00703	0.01008	0.00550	0.00373	0.00386	0.00124	0.00497	0.00345	0.00179	0.00494
14	0.01797	0.00572	0.00687	0.00605	0.00759	0.00582	0.00473	0.16469	0.04900	0.08518	0.38755	0.05916	0.05794	0.01828	0.06980	0.00165	0.00323	0.02169	0.02258	0.00451
15	0.00616	0.00418	0.00467	0.00457	0.00483	0.00426	0.00276	0.03528	0.04030	0.00897	0.02238	0.05531	0.01425	0.71737	0.01702	0.00333	0.00358	0.00564	0.04241	0.00276
16	0.02861	0.00474	0.00585	0.00533	0.00658	0.00451	0.00399	0.01038	0.03837	0.20844	0.21797	0.05632	0.02789	0.20156	0.00764	0.00181	0.00281	0.05690	0.10618	0.00412
17	0.00470	0.00398	0.00406	0.00403	0.00533	0.00337	0.00303	0.00585	0.01896	0.01085	0.08749	0.03653	0.77928	0.00965	0.00457	0.00130	0.00197	0.00806	0.00364	0.00333
18	0.00910	0.01030	0.02199	0.01585	0.01945	0.00997	0.75994	0.01217	0.00889	0.01217	0.00762	0.01030	0.00582	0.00355	0.00523	0.00134	0.07475	0.00448	0.00194	0.00515
19	0.00912	0.01038	0.02244	0.01610	0.01987	0.00989	0.79345	0.01230	0.00902	0.01230	0.00774	0.01038	0.00585	0.00341	0.00489	0.00132	0.03988	0.00453	0.00195	0.00519
20	0.01696	0.00660	0.00892	0.00687	0.00981	0.00576	0.00566	0.03440	0.01123	0.79934	0.04187	0.01363	0.01041	0.00490	0.00392	0.00120	0.00327	0.00399	0.00476	0.00650
21	0.00964	0.00833	0.00877	0.00789	0.01008	0.00964	0.00614	0.02060	0.83257	0.01622	0.01578	0.01446	0.01183	0.00526	0.00394	0.00131	0.00307	0.00438	0.00394	0.00614
22	0.00564	0.00376	0.00423	0.00423	0.00423	0.00376	0.00235	0.00564	0.00564	0.00752	0.01222	0.02537	0.01409	0.86375	0.01973	0.00376	0.00376	0.00564	0.00235	0.00235
23	0.00754	0.00371	0.00378	0.00372	0.00468	0.00368	0.00280	0.00934	0.00822	0.04010	0.01273	0.01441	0.00993	0.00453	0.00275	0.00091	0.00185	0.00362	0.85800	0.00371
24	0.00499	0.00394	0.00449	0.00435	0.00549	0.00345	0.00327	0.00635	0.00980	0.01275	0.39822	0.03355	0.47762	0.00897	0.00458	0.00127	0.00190	0.00766	0.00390	0.00345
25	0.01448	0.01848	0.01099	0.00999	0.01199	0.84819	0.00749	0.01548	0.01099	0.00949	0.00599	0.00699	0.00499	0.00400	0.00350	0.00100	0.00699	0.00250	0.00200	0.00449
26	0.01474	0.01086	0.01163	0.00892	0.01202	0.01202	0.00737	0.82664	0.01823	0.02443	0.00931	0.00931	0.00659	0.00465	0.00388	0.00116	0.00427	0.00349	0.00388	0.00659
27	0.00494	0.00353	0.00474	0.00562	0.00595	0.00333	0.00395	0.00577	0.00767	0.01020	0.03288	0.74089	0.02535	0.01190	0.00500	0.00160	0.00242	0.11744	0.00360	0.00321
28	0.01739	0.00660	0.00900	0.00690	0.00990	0.00570	0.00570	0.01889	0.01110	0.84226	0.01529	0.01320	0.00960	0.00480	0.00390	0.00120	0.00330	0.00390	0.00480	0.00660
29	0.00848	0.00848	0.01187	0.01018	0.01018	0.01187	0.00848	0.00933	0.00594	0.00933	0.00509	0.00848	0.00509	0.00679	0.01272	0.00170	0.85666	0.00339	0.00170	0.00424
30	0.00624	0.00368	0.00549	0.00549	0.00576	0.00395	0.00391	0.00579	0.00552	0.00763	0.00829	0.01348	0.00807	0.04171	0.33888	0.52201	0.00610	0.00373	0.00185	0.00239
31	0.00464	0.00371	0.00415	0.00451	0.00539	0.00322	0.00321	0.00550	0.00827	0.01024	0.03215	0.36516	0.51475	0.01074	0.00473	0.00141	0.00208	0.00931	0.00360	0.00322
32	0.89114	0.00750	0.00570	0.00510	0.00750	0.00870	0.00420	0.01140	0.00660	0.01739	0.00540	0.00630	0.00420	0.00360	0.00240	0.00120	0.00300	0.00210	0.00240	0.00420
33	0.00956	0.24288	0.11572	0.00757	0.02627	0.00963	0.00689	0.06994	0.18744	0.07317	0.17559	0.02583	0.02360	0.00511	0.00365	0.00113	0.00355	0.00411	0.00311	0.00526
34	0.00915	0.01046	0.02288	0.01634	0.02026	0.00980	0.82549	0.01242	0.00915	0.01242	0.00784	0.01046	0.00588	0.00327	0.00458	0.00131	0.00654	0.00458	0.00196	0.00523
35	0.00804	0.00689	0.00804	0.00574	0.00919	0.00517	0.00459	0.00976	0.00804	0.01263	0.00689	0.00804	0.00574	0.00287	0.00287	0.00057	0.00287	0.00230	0.00230	0.88745
36	0.00564	0.00376	0.00423	0.00423	0.00423	0.00376	0.00235	0.00564	0.00564	0.00752	0.01222	0.02537	0.01409	0.86375	0.01973	0.00376	0.00376	0.00564	0.00235	0.00235
37	0.01036	0.86609	0.02032	0.00663	0.00995	0.01534	0.00663	0.01161	0.00788	0.00912	0.00539	0.00622	0.00498	0.00332	0.00249	0.00083	0.00415	0.00207	0.00166	0.00498
