[name]
unknown

[dist]
# distance from previous block
# <min> <max>
0	567

[block]
# block no. 0 follows, 71 sequences, length 13
# corresponding to MSA columns:
# 1074-1086
name=unknown_A
#
# <colnr> <probs for GDERKNQSTAVLIFYWHMCP>
#	G	D	E	R	K	N	Q	S	T	A	V	L	I	F	Y	W	H	M	C	P
0	0.00662	0.00570	0.00609	0.00613	0.00678	0.09156	0.00444	0.02826	0.03002	0.00981	0.03398	0.26634	0.03215	0.18055	0.20594	0.00298	0.03551	0.04095	0.00277	0.00341
1	0.01054	0.56102	0.16541	0.00795	0.01141	0.16691	0.00807	0.01230	0.00841	0.00964	0.00572	0.00664	0.00491	0.00347	0.00285	0.00092	0.00489	0.00227	0.00170	0.00497
2	0.50774	0.00743	0.00682	0.00566	0.00832	0.00780	0.00458	0.03188	0.11055	0.01588	0.00714	0.00780	0.00559	0.00358	0.00273	0.00102	0.00297	0.00245	0.00257	0.25749
3	0.00835	0.00629	0.00708	0.00615	0.00774	0.00656	0.00460	0.10419	0.20910	0.05113	0.01457	0.01820	0.09586	0.25258	0.06042	0.00219	0.02806	0.00467	0.00308	0.10921
4	0.00775	0.06564	0.55707	0.00964	0.01393	0.00852	0.01142	0.01218	0.09327	0.01224	0.01015	0.01506	0.00872	0.00505	0.00390	0.00130	0.00491	0.15177	0.00221	0.00527
5	0.58937	0.00812	0.00739	0.00614	0.00874	0.00908	0.00506	0.20852	0.00976	0.10575	0.00730	0.00766	0.00528	0.00393	0.00288	0.00118	0.00330	0.00259	0.00297	0.00497
6	0.00550	0.00401	0.00568	0.00568	0.00620	0.00453	0.00419	0.00654	0.00602	0.00854	0.01071	0.01751	0.01065	0.23319	0.64707	0.00556	0.00867	0.00447	0.00212	0.00315
7	0.00542	0.00379	0.00440	0.00440	0.00467	0.00379	0.00273	0.00573	0.00608	0.00803	0.01548	0.02537	0.12573	0.63805	0.12748	0.00371	0.00434	0.00572	0.00246	0.00259
8	0.00897	0.32501	0.28428	0.16367	0.01507	0.01110	0.00970	0.01249	0.09304	0.03221	0.00741	0.00854	0.00575	0.00373	0.00328	0.00109	0.00466	0.00283	0.00196	0.00520
9	0.01090	0.01002	0.01918	0.01386	0.01749	0.00968	0.59263	0.16242	0.01089	0.10007	0.00878	0.01041	0.00632	0.00364	0.00433	0.00126	0.00572	0.00426	0.00258	0.00556
10	0.00918	0.00868	0.01243	0.21755	0.13402	0.04836	0.07211	0.11117	0.04003	0.01225	0.00801	0.04675	0.00699	0.00515	0.00624	0.00136	0.22831	0.02431	0.00223	0.00486
11	0.02527	0.01067	0.01238	0.09068	0.28855	0.21030	0.03802	0.06643	0.02876	0.10604	0.00892	0.01065	0.02376	0.00427	0.00416	0.00117	0.04138	0.02078	0.00246	0.00534
12	0.03457	0.00623	0.00738	0.05351	0.00894	0.02726	0.02336	0.04318	0.16404	0.03615	0.17864	0.07088	0.05272	0.01971	0.02463	0.00136	0.04255	0.03164	0.09422	0.07902

[dist]
# distance from previous block
# <min> <max>
2	9

[block]
# block no. 1 follows, 71 sequences, length 6
# corresponding to MSA columns:
# 1096-1101
name=unknown_B
#
# <colnr> <probs for GDERKNQSTAVLIFYWHMCP>
#	G	D	E	R	K	N	Q	S	T	A	V	L	I	F	Y	W	H	M	C	P
0	0.03479	0.07320	0.00967	0.03456	0.09826	0.00756	0.01969	0.03692	0.12249	0.10874	0.07430	0.05998	0.11436	0.00624	0.02484	0.00130	0.07300	0.00460	0.00304	0.09247
1	0.08172	0.01047	0.01103	0.00969	0.08326	0.07184	0.00727	0.53782	0.05601	0.07922	0.00923	0.00936	0.00665	0.00441	0.00370	0.00115	0.00422	0.00334	0.00349	0.00613
2	0.13389	0.00835	0.00914	0.05501	0.08842	0.05943	0.00655	0.04910	0.34772	0.10354	0.07012	0.01259	0.01048	0.00480	0.00388	0.00123	0.02312	0.00384	0.00332	0.00545
3	0.03665	0.01317	0.11698	0.03213	0.12988	0.30038	0.00855	0.09888	0.07138	0.04351	0.00791	0.00915	0.00624	0.00589	0.06397	0.00150	0.04321	0.00311	0.00236	0.00515
4	0.01228	0.01010	0.07517	0.00962	0.08337	0.00983	0.00759	0.42962	0.13316	0.08263	0.01042	0.03595	0.00784	0.00462	0.00379	0.00115	0.00395	0.00370	0.00345	0.07178
5	0.00619	0.00432	0.00543	0.00586	0.00660	0.00429	0.00449	0.07008	0.00862	0.01167	0.01919	0.36909	0.05115	0.07363	0.00582	0.00169	0.00286	0.26545	0.08008	0.00350

[dist]
# distance from previous block
# <min> <max>
0	5

[block]
# block no. 2 follows, 71 sequences, length 16
# corresponding to MSA columns:
# 1107-1122
name=unknown_C
#
# <colnr> <probs for GDERKNQSTAVLIFYWHMCP>
#	G	D	E	R	K	N	Q	S	T	A	V	L	I	F	Y	W	H	M	C	P
0	0.04164	0.04507	0.03702	0.00804	0.01086	0.05653	0.04789	0.27214	0.06037	0.28274	0.07756	0.02289	0.01007	0.00481	0.00382	0.00117	0.00389	0.00388	0.00375	0.00586
1	0.00775	0.00668	0.00942	0.05761	0.10144	0.05556	0.08943	0.04505	0.02531	0.03077	0.05526	0.14193	0.04125	0.00783	0.00462	0.00146	0.00393	0.30735	0.00308	0.00425
2	0.04955	0.00655	0.00848	0.00657	0.00943	0.00575	0.00538	0.04180	0.01055	0.65616	0.01466	0.03552	0.03555	0.00486	0.00375	0.00114	0.00317	0.00394	0.00431	0.09289
3	0.00772	0.00667	0.00835	0.00661	0.03479	0.00544	0.04105	0.02277	0.04094	0.01289	0.08317	0.01250	0.07510	0.00398	0.00328	0.00077	0.00292	0.00338	0.00261	0.62504
4	0.01035	0.08955	0.11681	0.00903	0.02748	0.02702	0.10267	0.14103	0.09971	0.11100	0.05543	0.04925	0.02835	0.00494	0.00417	0.00118	0.03782	0.01927	0.00298	0.06196
5	0.00502	0.00381	0.00463	0.00485	0.00564	0.00349	0.00347	0.00642	0.03269	0.01191	0.28749	0.34584	0.25098	0.00985	0.00465	0.00137	0.00204	0.00868	0.00378	0.00339
6	0.01034	0.19347	0.21730	0.00858	0.01195	0.07376	0.00842	0.14757	0.24859	0.01442	0.02318	0.00991	0.00764	0.00427	0.00350	0.00113	0.00437	0.00324	0.00271	0.00564
7	0.00796	0.00811	0.04005	0.26575	0.06744	0.10978	0.00795	0.03135	0.00775	0.01007	0.00790	0.01138	0.00684	0.03302	0.27628	0.00287	0.07309	0.00352	0.00194	0.02695
8	0.03028	0.27666	0.25297	0.00897	0.02361	0.06293	0.03688	0.13299	0.04430	0.04165	0.00730	0.00807	0.00564	0.00381	0.00346	0.00106	0.02093	0.00280	0.00223	0.03344
9	0.00859	0.07957	0.55646	0.01052	0.05281	0.00906	0.03451	0.03103	0.06796	0.05039	0.05677	0.00998	0.00752	0.00402	0.00367	0.00119	0.00496	0.00326	0.00215	0.00558
10	0.00549	0.00373	0.00446	0.00453	0.00464	0.00380	0.00274	0.00572	0.00580	0.00782	0.01262	0.09479	0.01435	0.68648	0.12399	0.00385	0.00442	0.00584	0.00239	0.00253
11	0.01932	0.04402	0.02142	0.03646	0.09093	0.10979	0.00615	0.12837	0.01837	0.09833	0.05970	0.12217	0.13997	0.02219	0.05381	0.00155	0.01450	0.00521	0.00309	0.00467
12	0.00843	0.04461	0.12887	0.06292	0.13844	0.03563	0.02204	0.04766	0.06295	0.05749	0.02116	0.16686	0.05898	0.00602	0.00398	0.00123	0.00386	0.04884	0.00275	0.07726
13	0.00685	0.00546	0.00595	0.02562	0.00725	0.07195	0.00446	0.04553	0.00868	0.05106	0.08054	0.24565	0.18668	0.05476	0.12860	0.00218	0.00405	0.05784	0.00322	0.00366
14	0.00949	0.00939	0.09034	0.00738	0.00969	0.08681	0.00632	0.22549	0.16393	0.01609	0.18006	0.03767	0.12893	0.00609	0.00405	0.00121	0.00355	0.00498	0.00349	0.00504
15	0.02866	0.07068	0.10447	0.06469	0.17390	0.14530	0.11624	0.09339	0.02563	0.01248	0.00839	0.08676	0.00742	0.00460	0.00417	0.00120	0.04075	0.00392	0.00224	0.00511

[dist]
# distance from previous block
# <min> <max>
4	10

[block]
# block no. 3 follows, 71 sequences, length 51
# corresponding to MSA columns:
# 1133-1183
name=unknown_D
#
# <colnr> <probs for GDERKNQSTAVLIFYWHMCP>
#	G	D	E	R	K	N	Q	S	T	A	V	L	I	F	Y	W	H	M	C	P
0	0.03057	0.00439	0.00508	0.00532	0.00595	0.02435	0.00379	0.02021	0.00785	0.01050	0.08830	0.38066	0.16783	0.11945	0.04585	0.00195	0.03356	0.03788	0.00325	0.00326
1	0.00859	0.05540	0.12855	0.03856	0.05086	0.01876	0.03004	0.04987	0.00772	0.05129	0.00854	0.08448	0.00790	0.03337	0.05016	0.00170	0.31590	0.00404	0.04969	0.00457
2	0.02042	0.02049	0.04906	0.12765	0.19436	0.04822	0.05668	0.06216	0.02331	0.02764	0.00919	0.03902	0.03377	0.04224	0.05506	0.00153	0.04214	0.00375	0.00226	0.14107
3	0.01043	0.10312	0.06506	0.03854	0.08364	0.08057	0.08521	0.17673	0.05798	0.04919	0.00892	0.01112	0.01714	0.07578	0.05127	0.00165	0.07240	0.00360	0.00253	0.00512
4	0.04443	0.01003	0.17174	0.02799	0.01998	0.00802	0.13492	0.14408	0.04443	0.06778	0.01121	0.13553	0.03262	0.00532	0.00426	0.00123	0.03645	0.00462	0.01056	0.08481
5	0.00816	0.00901	0.08009	0.33688	0.28121	0.05351	0.03326	0.01071	0.02573	0.01109	0.01057	0.02371	0.09096	0.00441	0.00389	0.00122	0.00471	0.00394	0.00204	0.00491
6	0.01086	0.12917	0.09642	0.04603	0.11243	0.07584	0.10481	0.13018	0.06310	0.09949	0.00922	0.05397	0.00747	0.01357	0.00416	0.00120	0.03031	0.00375	0.00262	0.00542
7	0.02324	0.05056	0.05079	0.04462	0.16401	0.09015	0.06614	0.07096	0.08809	0.15194	0.05914	0.03056	0.01818	0.02179	0.01494	0.00131	0.02617	0.01915	0.00291	0.00535
8	0.05294	0.00390	0.00491	0.00556	0.00610	0.00380	0.00399	0.02585	0.00790	0.01097	0.05115	0.64297	0.04405	0.01099	0.00476	0.00153	0.00245	0.10932	0.00352	0.00333
9	0.00810	0.00767	0.03664	0.05793	0.09010	0.07317	0.09793	0.04832	0.05508	0.03681	0.01491	0.08331	0.13780	0.11638	0.05432	0.01149	0.03181	0.01865	0.01531	0.00428
10	0.02246	0.08551	0.12765	0.02082	0.13572	0.08258	0.06934	0.11848	0.06148	0.04388	0.00912	0.04771	0.02513	0.00447	0.00420	0.00114	0.05689	0.00362	0.00246	0.07734
11	0.01904	0.00637	0.00647	0.00675	0.04111	0.11889	0.00478	0.02277	0.02901	0.04383	0.04319	0.27347	0.18851	0.02343	0.12525	0.00206	0.01617	0.02204	0.00308	0.00379
12	0.00721	0.00688	0.01176	0.00983	0.03076	0.00770	0.22335	0.00875	0.00697	0.00985	0.00986	0.03014	0.04304	0.12794	0.23126	0.00300	0.22115	0.00451	0.00205	0.00398
13	0.00910	0.00983	0.10972	0.27315	0.33960	0.00920	0.05466	0.10389	0.02099	0.01298	0.00757	0.01861	0.00596	0.00381	0.00385	0.00121	0.00487	0.00350	0.00207	0.00545
14	0.02635	0.00917	0.06481	0.05436	0.26097	0.04775	0.04289	0.12281	0.10379	0.05645	0.01784	0.05905	0.02624	0.04252	0.04664	0.00156	0.00457	0.00416	0.00270	0.00535
15	0.00607	0.00494	0.00778	0.07309	0.03246	0.00493	0.08776	0.02277	0.00828	0.01101	0.04704	0.39013	0.03150	0.01004	0.02874	0.00166	0.00353	0.22140	0.00319	0.00369
16	0.00564	0.00411	0.00550	0.00543	0.00578	0.00460	0.00383	0.00637	0.00589	0.00825	0.01087	0.01930	0.01136	0.40492	0.44054	0.00487	0.04286	0.00474	0.00216	0.00296
17	0.00910	0.00858	0.00940	0.00780	0.00989	0.09155	0.03194	0.05616	0.20771	0.01277	0.01074	0.01167	0.05573	0.00610	0.05071	0.00138	0.15391	0.00355	0.00267	0.25866
18	0.00905	0.01022	0.02191	0.01637	0.06398	0.00973	0.75841	0.01216	0.00894	0.01220	0.00764	0.01024	0.00581	0.00335	0.00473	0.00130	0.03242	0.00443	0.00193	0.00519
19	0.00613	0.00362	0.00514	0.00514	0.00533	0.00380	0.00352	0.00561	0.00542	0.00742	0.00872	0.01527	0.00891	0.18894	0.23955	0.47405	0.00527	0.00399	0.00190	0.00227
20	0.00750	0.00451	0.00571	0.00538	0.00624	0.00463	0.02115	0.00922	0.11441	0.06636	0.01227	0.07138	0.02621	0.11642	0.07467	0.23691	0.00349	0.00451	0.20559	0.00342
21	0.00548	0.00370	0.00434	0.00452	0.00460	0.00367	0.00273	0.00568	0.00602	0.00801	0.01387	0.14777	0.01607	0.69165	0.01657	0.00329	0.00349	0.05347	0.00257	0.00251
22	0.00774	0.01952	0.81786	0.01110	0.01671	0.00893	0.04137	0.01215	0.00813	0.01215	0.00691	0.00817	0.00489	0.00363	0.00367	0.00122	0.00569	0.00289	0.00163	0.00565
23	0.00478	0.00348	0.00452	0.00523	0.00563	0.00322	0.00360	0.00562	0.00783	0.01039	0.09423	0.68279	0.10113	0.01138	0.00484	0.00151	0.00221	0.04079	0.00362	0.00319
24	0.00996	0.04156	0.03381	0.00874	0.04414	0.01693	0.06066	0.27479	0.16490	0.03107	0.01369	0.19945	0.02195	0.00653	0.00416	0.00130	0.00370	0.05398	0.00341	0.00526
25	0.00997	0.01075	0.11317	0.02516	0.01763	0.02354	0.56804	0.01297	0.00914	0.12471	0.00878	0.01072	0.00640	0.01788	0.00452	0.00130	0.00579	0.00419	0.02006	0.00531
26	0.72132	0.06089	0.06680	0.00584	0.00849	0.04925	0.00521	0.02324	0.00709	0.01607	0.00553	0.00643	0.00432	0.00358	0.00254	0.00116	0.00343	0.00217	0.00228	0.00435
27	0.00597	0.00437	0.00576	0.05191	0.07394	0.00456	0.00386	0.00647	0.00602	0.00817	0.01116	0.02171	0.01225	0.63944	0.12580	0.00369	0.00472	0.00509	0.00222	0.00288
28	0.01354	0.01300	0.01074	0.00901	0.01152	0.31509	0.00710	0.38184	0.16900	0.01728	0.00922	0.00933	0.00692	0.00448	0.00371	0.00112	0.00497	0.00326	0.00317	0.00568
29	0.00470	0.00345	0.00442	0.00518	0.00558	0.00318	0.00355	0.00545	0.00760	0.00993	0.02373	0.71271	0.14618	0.01162	0.00485	0.00153	0.00223	0.03740	0.00356	0.00315
30	0.01746	0.00644	0.00576	0.00588	0.00683	0.16017	0.00426	0.00856	0.00858	0.05029	0.05360	0.39936	0.09432	0.00858	0.00420	0.00130	0.00308	0.02885	0.12882	0.00364
31	0.00551	0.00370	0.00424	0.00430	0.00433	0.00370	0.00246	0.00558	0.00571	0.00763	0.01268	0.08334	0.01465	0.78942	0.03468	0.00361	0.00374	0.00592	0.00240	0.00240
32	0.00549	0.00407	0.00598	0.00598	0.00660	0.00469	0.00457	0.00673	0.00611	0.00877	0.01044	0.01599	0.00999	0.10572	0.77364	0.00594	0.00967	0.00424	0.00208	0.00332
33	0.89233	0.00741	0.00564	0.00504	0.00741	0.00860	0.00415	0.01127	0.00653	0.01720	0.00534	0.00623	0.00415	0.00356	0.00237	0.00119	0.00297	0.00208	0.00237	0.00415
34	0.00518	0.00391	0.00464	0.00467	0.00562	0.00354	0.00341	0.00656	0.02453	0.02412	0.30230	0.20125	0.34025	0.02594	0.02519	0.00148	0.00223	0.00800	0.00375	0.00343
35	0.89233	0.00741	0.00564	0.00504	0.00741	0.00860	0.00415	0.01127	0.00653	0.01720	0.00534	0.00623	0.00415	0.00356	0.00237	0.00119	0.00297	0.00208	0.00237	0.00415
36	0.01406	0.01100	0.01117	0.00876	0.01162	0.07978	0.00716	0.71802	0.01680	0.02214	0.00900	0.00933	0.00656	0.00585	0.04939	0.00141	0.00476	0.00341	0.00359	0.00618
37	0.00949	0.00911	0.01556	0.02353	0.84133	0.00911	0.01177	0.01177	0.00873	0.01253	0.00721	0.00949	0.00607	0.00342	0.00380	0.00114	0.00456	0.00342	0.00190	0.00607
38	0.00726	0.00670	0.01079	0.48925	0.18117	0.00765	0.00925	0.02012	0.00806	0.01055	0.01184	0.04771	0.11649	0.00594	0.03954	0.00147	0.01532	0.00436	0.00210	0.00443
39	0.01032	0.13776	0.18978	0.05460	0.17316	0.15261	0.06256	0.07770	0.00958	0.03991	0.01719	0.04344	0.00667	0.00408	0.00362	0.00112	0.00508	0.00337	0.00215	0.00530
40	0.00520	0.00372	0.00448	0.00474	0.00514	0.00357	0.00312	0.00596	0.01878	0.00969	0.11188	0.29670	0.12630	0.33646	0.02988	0.00241	0.00293	0.02294	0.00313	0.00294
41	0.00540	0.00370	0.00473	0.00514	0.00579	0.00337	0.00363	0.00638	0.00837	0.04983	0.16434	0.53075	0.15221	0.01056	0.00474	0.00144	0.00219	0.03029	0.00373	0.00339
42	0.02486	0.01896	0.29312	0.02134	0.08230	0.02666	0.01953	0.01010	0.06244	0.01168	0.04103	0.22264	0.04620	0.02197	0.00460	0.00139	0.02213	0.06185	0.00261	0.00461
43	0.01032	0.40010	0.16188	0.04947	0.03995	0.11357	0.06335	0.06844	0.03948	0.01128	0.00661	0.00768	0.00538	0.00361	0.00318	0.00101	0.00490	0.00269	0.00194	0.00517
44	0.00546	0.00369	0.00431	0.00442	0.00448	0.00369	0.00260	0.00561	0.00583	0.00780	0.01314	0.13078	0.01518	0.71724	0.05725	0.00356	0.00384	0.00618	0.00247	0.00248
45	0.01011	0.00522	0.00654	0.00559	0.00735	0.00483	0.00439	0.06318	0.01935	0.29552	0.31192	0.05012	0.09395	0.00652	0.00407	0.00118	0.00249	0.00553	0.09739	0.00475
46	0.00795	0.05902	0.13409	0.00949	0.07841	0.03335	0.13044	0.06280	0.06657	0.01197	0.02941	0.05783	0.13275	0.12545	0.02587	0.00168	0.00434	0.00490	0.01914	0.00455
47	0.01805	0.08657	0.20634	0.01022	0.06398	0.24545	0.05656	0.04152	0.02630	0.01087	0.00725	0.00967	0.00618	0.06611	0.05472	0.02229	0.05807	0.00316	0.00197	0.00473
48	0.00574	0.00423	0.00597	0.02406	0.02231	0.00473	0.00448	0.00695	0.02241	0.00906	0.01148	0.09758	0.01159	0.17150	0.50924	0.02974	0.02190	0.00494	0.02881	0.00329
49	0.00562	0.02886	0.00529	0.00529	0.00593	0.04929	0.00374	0.00647	0.00802	0.01030	0.12191	0.42229	0.13974	0.12020	0.00655	0.00171	0.00270	0.04951	0.00334	0.00324
50	0.09471	0.04242	0.02868	0.00797	0.05417	0.03138	0.02339	0.26781	0.04727	0.02762	0.03983	0.11797	0.07932	0.02440	0.01652	0.00132	0.00366	0.02951	0.00317	0.05887

[dist]
# distance from previous block
# <min> <max>
0	49

[block]
# block no. 4 follows, 71 sequences, length 14
# corresponding to MSA columns:
# 1233-1246
name=unknown_E
#
# <colnr> <probs for GDERKNQSTAVLIFYWHMCP>
#	G	D	E	R	K	N	Q	S	T	A	V	L	I	F	Y	W	H	M	C	P
0	0.16514	0.08428	0.08830	0.10898	0.09766	0.01718	0.00709	0.03695	0.06770	0.05255	0.00968	0.06536	0.02250	0.01958	0.05463	0.00149	0.00415	0.00369	0.05364	0.03946
1	0.00690	0.00502	0.00587	0.00504	0.00688	0.00430	0.00388	0.00876	0.04769	0.08012	0.24865	0.04068	0.27706	0.02126	0.00429	0.00113	0.00232	0.00584	0.00352	0.22080
2	0.00919	0.02975	0.13024	0.02489	0.12755	0.05244	0.06728	0.07005	0.00924	0.03451	0.04405	0.00944	0.00707	0.00355	0.00342	0.00092	0.00410	0.00303	0.00232	0.36696
3	0.00705	0.00437	0.00514	0.00486	0.00598	0.00420	0.00363	0.03625	0.04609	0.07711	0.28397	0.12232	0.11819	0.04037	0.00459	0.00128	0.00219	0.00619	0.22234	0.00388
4	0.00546	0.00368	0.00444	0.00472	0.00538	0.00346	0.00339	0.00663	0.00832	0.01177	0.18823	0.29523	0.12850	0.08412	0.00566	0.00153	0.00224	0.06201	0.17195	0.00328
5	0.00566	0.00439	0.00572	0.00530	0.00614	0.00444	0.00406	0.00729	0.01014	0.01428	0.68079	0.02722	0.10339	0.00788	0.00538	0.00126	0.09244	0.00666	0.00389	0.00365
6	0.00545	0.00399	0.00460	0.00452	0.00564	0.00351	0.00339	0.00667	0.00924	0.04725	0.26704	0.08367	0.45429	0.04217	0.00513	0.00139	0.00211	0.04272	0.00375	0.00346
7	0.01384	0.11894	0.01196	0.00948	0.01161	0.75092	0.00731	0.01486	0.01050	0.00934	0.00586	0.00682	0.00494	0.00387	0.00334	0.00097	0.00658	0.00242	0.00194	0.00450
8	0.89233	0.00741	0.00564	0.00504	0.00741	0.00860	0.00415	0.01127	0.00653	0.01720	0.00534	0.00623	0.00415	0.00356	0.00237	0.00119	0.00297	0.00208	0.00237	0.00415
9	0.00533	0.00394	0.00570	0.00587	0.00642	0.00440	0.00439	0.00647	0.00635	0.00897	0.01246	0.17736	0.01288	0.08107	0.63379	0.00512	0.00830	0.00550	0.00236	0.00329
10	0.01325	0.07791	0.01117	0.00930	0.01140	0.65304	0.00713	0.01586	0.14451	0.01044	0.00746	0.00806	0.00604	0.00411	0.00346	0.00103	0.00608	0.00274	0.00226	0.00474
11	0.00766	0.02319	0.00755	0.00572	0.00836	0.00530	0.00450	0.01008	0.07765	0.02945	0.16718	0.05756	0.01310	0.00452	0.00337	0.00082	0.00266	0.00381	0.00288	0.56465
12	0.01099	0.07926	0.06650	0.00771	0.01066	0.05442	0.03404	0.18825	0.13296	0.11604	0.01171	0.04146	0.05198	0.00465	0.00361	0.00106	0.00378	0.00374	0.00314	0.17402
13	0.00936	0.00705	0.00707	0.00627	0.00790	0.06737	0.00482	0.18693	0.14059	0.04343	0.10200	0.09306	0.05888	0.04419	0.00446	0.00127	0.00306	0.00496	0.20267	0.00465

[dist]
# distance from previous block
# <min> <max>
0	2

[block]
# block no. 5 follows, 71 sequences, length 11
# corresponding to MSA columns:
# 1249-1259
name=unknown_F
#
# <colnr> <probs for GDERKNQSTAVLIFYWHMCP>
#	G	D	E	R	K	N	Q	S	T	A	V	L	I	F	Y	W	H	M	C	P
0	0.00921	0.00927	0.01367	0.33859	0.35174	0.09855	0.06088	0.03150	0.00878	0.01142	0.00700	0.00951	0.00557	0.00364	0.00380	0.00117	0.00509	0.00335	0.00189	0.02535
1	0.01008	0.28132	0.19719	0.01004	0.10120	0.07796	0.02592	0.07760	0.10254	0.02757	0.00866	0.00934	0.03137	0.00396	0.00335	0.00106	0.00455	0.00304	0.00225	0.02099
2	0.00548	0.00383	0.00466	0.00479	0.00569	0.00345	0.00350	0.00667	0.00896	0.04521	0.25419	0.28684	0.27604	0.00952	0.00456	0.00134	0.00208	0.03169	0.03803	0.00346
3	0.00586	0.00403	0.00496	0.00506	0.00576	0.00390	0.00358	0.02505	0.00770	0.04757	0.06547	0.24528	0.18401	0.22044	0.11901	0.00260	0.00371	0.03963	0.00316	0.00326
4	0.00942	0.02547	0.05097	0.06416	0.19409	0.05161	0.07545	0.05644	0.01990	0.09309	0.00986	0.10243	0.00893	0.03179	0.05511	0.02227	0.10483	0.01683	0.00248	0.00489
5	0.01001	0.20616	0.13383	0.00849	0.01148	0.07926	0.07433	0.14714	0.05338	0.03670	0.05040	0.06405	0.03510	0.00496	0.00378	0.00113	0.01599	0.02863	0.00264	0.03254
6	0.00530	0.00389	0.00423	0.00419	0.00531	0.00340	0.00309	0.00641	0.00881	0.03468	0.15162	0.08606	0.53424	0.05068	0.00511	0.00138	0.00205	0.00748	0.07870	0.00336
7	0.04796	0.00661	0.00867	0.04921	0.05784	0.00678	0.03869	0.14289	0.07900	0.15247	0.11489	0.06172	0.05336	0.02243	0.00531	0.07608	0.00342	0.06445	0.00342	0.00479
8	0.01188	0.06082	0.13943	0.02192	0.14127	0.02222	0.05144	0.26761	0.04082	0.13479	0.00903	0.00960	0.00656	0.00415	0.00398	0.00115	0.02974	0.00336	0.00293	0.03732
9	0.00712	0.00522	0.00676	0.04728	0.00822	0.02433	0.05498	0.00894	0.04823	0.09968	0.14046	0.09245	0.28098	0.05858	0.05224	0.00170	0.00330	0.03154	0.02405	0.00394
10	0.00551	0.00384	0.00487	0.00527	0.00588	0.00362	0.00378	0.00665	0.02442	0.03599	0.13585	0.42838	0.11251	0.10429	0.00640	0.00172	0.00250	0.10164	0.00356	0.00332

[dist]
# distance from previous block
# <min> <max>
3	52

[block]
# block no. 6 follows, 71 sequences, length 19
# corresponding to MSA columns:
# 1317-1335
name=unknown_G
#
# <colnr> <probs for GDERKNQSTAVLIFYWHMCP>
#	G	D	E	R	K	N	Q	S	T	A	V	L	I	F	Y	W	H	M	C	P
0	0.02145	0.03515	0.03418	0.05046	0.23392	0.00694	0.00711	0.05426	0.00828	0.04150	0.01226	0.07339	0.08758	0.05627	0.17596	0.00231	0.02559	0.00449	0.00244	0.06646
1	0.00642	0.00390	0.00523	0.00527	0.00580	0.00385	0.00377	0.00675	0.03289	0.04346	0.08718	0.12641	0.08188	0.09281	0.07735	0.33963	0.00354	0.06830	0.00272	0.00283
2	0.20210	0.05053	0.00865	0.00626	0.00918	0.02426	0.00512	0.13489	0.00925	0.03893	0.00739	0.03283	0.00609	0.00371	0.00317	0.00088	0.02096	0.00272	0.00259	0.43048
3	0.02812	0.07118	0.01339	0.08716	0.31700	0.24604	0.04752	0.04206	0.03538	0.01168	0.00746	0.03674	0.00636	0.00395	0.00363	0.00110	0.00511	0.00332	0.00209	0.03071
4	0.00916	0.02891	0.04741	0.09548	0.01354	0.06006	0.13894	0.05343	0.00788	0.03612	0.00748	0.02845	0.02586	0.00552	0.00820	0.00144	0.42175	0.00374	0.00203	0.00459
5	0.00709	0.00491	0.00594	0.00526	0.00688	0.00435	0.00402	0.02088	0.04721	0.08993	0.27701	0.10220	0.19229	0.00749	0.00450	0.02906	0.00237	0.02129	0.00360	0.16372
6	0.06321	0.08974	0.05537	0.07095	0.01166	0.03046	0.07438	0.14695	0.00952	0.05396	0.01099	0.10057	0.05787	0.01631	0.00518	0.00128	0.12105	0.02305	0.00265	0.05487
7	0.05283	0.17941	0.31573	0.05030	0.01185	0.00850	0.00861	0.03672	0.00802	0.01136	0.01062	0.23324	0.01068	0.00656	0.02540	0.00136	0.00433	0.01756	0.00229	0.00464
8	0.00989	0.00871	0.09085	0.03419	0.02084	0.02076	0.17021	0.06528	0.14401	0.15884	0.03845	0.13245	0.02790	0.00581	0.00439	0.00131	0.02333	0.03434	0.00321	0.00521
9	0.00502	0.00378	0.00440	0.00456	0.00542	0.00340	0.00332	0.00613	0.00869	0.01141	0.21390	0.20787	0.35747	0.06562	0.00555	0.00149	0.00216	0.04661	0.03992	0.00327
10	0.01046	0.09534	0.10547	0.04959	0.03224	0.10937	0.15170	0.12554	0.01010	0.06164	0.00850	0.00955	0.03019	0.00379	0.00358	0.00103	0.00474	0.00324	0.00241	0.18154
11	0.00772	0.00635	0.00827	0.04321	0.18802	0.05186	0.00601	0.03092	0.02951	0.04945	0.01319	0.16437	0.05355	0.21747	0.08668	0.00233	0.02885	0.00554	0.00262	0.00408
12	0.00508	0.00375	0.00474	0.00526	0.00590	0.00349	0.00389	0.00611	0.00818	0.01067	0.10605	0.38538	0.19600	0.06386	0.00577	0.00164	0.00248	0.17495	0.00354	0.00323
13	0.00699	0.01449	0.02367	0.03503	0.06196	0.01547	0.00540	0.02111	0.04957	0.05676	0.26853	0.09794	0.17954	0.00773	0.00513	0.00133	0.07814	0.06369	0.00343	0.00411
14	0.00963	0.10824	0.19596	0.09174	0.22265	0.11515	0.04529	0.05166	0.02458	0.02828	0.00859	0.04455	0.02883	0.00419	0.00368	0.00115	0.00494	0.00352	0.00210	0.00528
15	0.00716	0.00734	0.09630	0.04781	0.03959	0.04049	0.04224	0.00902	0.02601	0.03549	0.04833	0.02560	0.03133	0.12452	0.30627	0.00332	0.07486	0.00429	0.02604	0.00399
16	0.00606	0.00413	0.00585	0.00581	0.00645	0.00421	0.02902	0.00696	0.00701	0.04861	0.05044	0.21389	0.02691	0.20036	0.26679	0.03940	0.00530	0.06675	0.00279	0.00326
17	0.06264	0.03362	0.14045	0.10238	0.22943	0.11007	0.05700	0.04713	0.00905	0.08048	0.00835	0.06099	0.00693	0.00434	0.00400	0.00120	0.03075	0.00365	0.00228	0.00524
18	0.01029	0.10924	0.03710	0.04114	0.16575	0.10978	0.10703	0.09463	0.07962	0.04631	0.00913	0.01075	0.02808	0.03530	0.03364	0.00138	0.02806	0.00353	0.00242	0.04684

[dist]
# distance from previous block
# <min> <max>
0	33

[block]
# block no. 7 follows, 71 sequences, length 79
# corresponding to MSA columns:
# 1369-1447
name=unknown_H
#
# <colnr> <probs for GDERKNQSTAVLIFYWHMCP>
#	G	D	E	R	K	N	Q	S	T	A	V	L	I	F	Y	W	H	M	C	P
0	0.08574	0.07084	0.02575	0.04939	0.10043	0.03406	0.03397	0.06881	0.05335	0.08455	0.05149	0.07016	0.04227	0.00524	0.01816	0.00118	0.03044	0.00396	0.00276	0.16747
1	0.00929	0.20396	0.03034	0.03085	0.17175	0.07014	0.02184	0.05689	0.12453	0.02104	0.02262	0.05564	0.09215	0.00579	0.02692	0.00129	0.02985	0.01754	0.00256	0.00502
2	0.00654	0.00536	0.00635	0.00571	0.03946	0.00442	0.00412	0.00806	0.02139	0.02300	0.10959	0.08315	0.25658	0.03999	0.00440	0.00109	0.00253	0.00537	0.00301	0.36989
3	0.00953	0.03168	0.05348	0.12037	0.58124	0.00943	0.04972	0.07519	0.00929	0.01299	0.00728	0.00944	0.00590	0.00356	0.00380	0.00116	0.00472	0.00341	0.00201	0.00580
4	0.00512	0.00361	0.00468	0.00535	0.00581	0.00340	0.00375	0.00617	0.02276	0.02107	0.07008	0.66403	0.07129	0.01113	0.00479	0.00151	0.00229	0.06282	0.02707	0.00329
5	0.00488	0.00384	0.00443	0.00442	0.00545	0.00339	0.00327	0.00612	0.00927	0.01202	0.31642	0.12363	0.45253	0.00970	0.02210	0.00139	0.00210	0.00791	0.00376	0.00336
6	0.00482	0.00358	0.00450	0.00498	0.00555	0.00326	0.00348	0.00579	0.00835	0.01106	0.19195	0.52134	0.18502	0.01069	0.00475	0.00144	0.00210	0.02039	0.00369	0.00325
7	0.00536	0.00374	0.00469	0.00501	0.00572	0.00344	0.00359	0.00654	0.01646	0.03435	0.21496	0.43414	0.16819	0.01003	0.00463	0.00140	0.00214	0.03384	0.03836	0.00341
8	0.00497	0.00386	0.00436	0.00429	0.00531	0.00340	0.00315	0.00618	0.00923	0.01202	0.32103	0.06342	0.45695	0.06190	0.00543	0.00142	0.00201	0.00754	0.02020	0.00332
9	0.00911	0.00959	0.01164	0.01004	0.01028	0.11335	0.00827	0.00996	0.00648	0.00925	0.00514	0.00821	0.00502	0.00638	0.01148	0.00159	0.75503	0.00325	0.00171	0.00422
10	0.01410	0.01737	0.01072	0.00966	0.01168	0.77023	0.00728	0.06064	0.02752	0.01043	0.00643	0.00733	0.00525	0.00402	0.00347	0.00100	0.00659	0.00258	0.01912	0.00458
11	0.00568	0.00388	0.00465	0.00484	0.00577	0.00343	0.00350	0.00664	0.00847	0.07448	0.09245	0.36532	0.35748	0.02227	0.00485	0.00143	0.00220	0.02551	0.00368	0.00346
12	0.01025	0.86756	0.02009	0.00656	0.00984	0.01517	0.00656	0.01148	0.00779	0.00902	0.00533	0.00615	0.00492	0.00328	0.00246	0.00082	0.00410	0.00205	0.00164	0.00492
13	0.72461	0.00772	0.00655	0.00561	0.00810	0.00874	0.00462	0.10347	0.00817	0.08349	0.00655	0.00710	0.00484	0.00377	0.00265	0.00118	0.00313	0.00237	0.00272	0.00461
14	0.00829	0.03599	0.41879	0.00942	0.02969	0.03061	0.05995	0.01155	0.02129	0.02234	0.00709	0.00829	0.00540	0.00337	0.00339	0.00098	0.00463	0.00276	0.00196	0.31423
15	0.05424	0.00769	0.00928	0.00766	0.01009	0.02006	0.03827	0.28703	0.01240	0.20639	0.05883	0.01833	0.01202	0.00589	0.00408	0.00127	0.00369	0.17766	0.01446	0.05066
16	0.00523	0.00377	0.00452	0.00476	0.00521	0.00354	0.00310	0.00591	0.01619	0.00956	0.07798	0.36095	0.10874	0.32675	0.01015	0.00226	0.00275	0.00793	0.00310	0.03762
17	0.00744	0.00702	0.01193	0.76552	0.05706	0.00852	0.04079	0.02025	0.00788	0.01018	0.00717	0.02672	0.00559	0.00396	0.00388	0.00128	0.00507	0.00360	0.00178	0.00437
18	0.00984	0.17838	0.01420	0.08725	0.30873	0.09339	0.03903	0.05853	0.07972	0.01228	0.04620	0.02458	0.02340	0.00415	0.00361	0.00111	0.00446	0.00355	0.00228	0.00531
19	0.02333	0.37498	0.21791	0.00774	0.01149	0.04825	0.00808	0.04610	0.00877	0.09246	0.01525	0.00791	0.00581	0.00359	0.00305	0.00095	0.00434	0.00257	0.00216	0.11527
20	0.01023	0.03887	0.01299	0.17435	0.30256	0.01616	0.05015	0.11373	0.04053	0.09485	0.01960	0.01078	0.02548	0.00408	0.00399	0.00116	0.02472	0.00359	0.00253	0.04966
21	0.00746	0.00550	0.00625	0.00577	0.00685	0.00585	0.00418	0.11534	0.14352	0.02735	0.01570	0.05082	0.10710	0.33588	0.12158	0.00286	0.00427	0.02686	0.00300	0.00387
22	0.00895	0.00975	0.02006	0.04246	0.12140	0.00934	0.62739	0.02703	0.00905	0.01233	0.00885	0.01119	0.03852	0.00360	0.00451	0.00127	0.01966	0.00442	0.00203	0.01821
23	0.04616	0.03702	0.05997	0.02545	0.11430	0.09190	0.04576	0.16866	0.16540	0.02671	0.05732	0.05930	0.03067	0.00597	0.03438	0.00138	0.00435	0.01703	0.00298	0.00528
24	0.00570	0.00435	0.00576	0.03712	0.00708	0.00447	0.02010	0.00703	0.03719	0.00975	0.01842	0.18121	0.12719	0.22729	0.11502	0.00266	0.02003	0.16346	0.00293	0.00326
25	0.00495	0.00351	0.00462	0.00536	0.00566	0.00333	0.00369	0.00571	0.00747	0.00998	0.05915	0.65523	0.02436	0.10046	0.00644	0.00179	0.00249	0.08924	0.00346	0.00310
26	0.01405	0.00963	0.01074	0.00875	0.04357	0.01042	0.00691	0.64183	0.01608	0.11174	0.01004	0.01005	0.00710	0.00456	0.00374	0.00113	0.00393	0.00350	0.07596	0.00626
27	0.00945	0.00836	0.05004	0.08092	0.07700	0.00803	0.22361	0.11408	0.05071	0.09384	0.04422	0.06981	0.03857	0.03716	0.04343	0.00159	0.02601	0.01533	0.00280	0.00504
28	0.00466	0.00344	0.00436	0.00507	0.00549	0.00314	0.00344	0.00539	0.00764	0.00996	0.03471	0.70234	0.17326	0.01154	0.00482	0.00151	0.00217	0.01034	0.00357	0.00314
29	0.02237	0.00632	0.00817	0.00663	0.00909	0.00585	0.00545	0.08721	0.02511	0.54606	0.09396	0.01728	0.02664	0.00561	0.00399	0.00123	0.00314	0.07594	0.04418	0.00576
30	0.01157	0.00899	0.01209	0.14603	0.12751	0.03734	0.07944	0.30311	0.04296	0.10823	0.02431	0.05207	0.00828	0.00471	0.00396	0.00121	0.00440	0.01505	0.00310	0.00564
31	0.00522	0.00419	0.00469	0.00468	0.00576	0.00386	0.00346	0.03194	0.03148	0.01161	0.15999	0.19267	0.49308	0.00952	0.00470	0.00133	0.01656	0.00812	0.00365	0.00347
32	0.00937	0.04104	0.04527	0.17447	0.14523	0.09309	0.00784	0.06661	0.00905	0.02548	0.00703	0.00864	0.00561	0.00344	0.00335	0.00092	0.00423	0.00281	0.00217	0.34435
33	0.00883	0.02115	0.20509	0.01218	0.01586	0.03046	0.40878	0.08026	0.00981	0.01360	0.11129	0.01203	0.00956	0.00408	0.00414	0.00122	0.00532	0.00423	0.03698	0.00512
34	0.00489	0.00388	0.00434	0.00425	0.00533	0.00339	0.00314	0.00611	0.00931	0.01197	0.31728	0.04614	0.50892	0.04779	0.00521	0.00138	0.00198	0.00762	0.00374	0.00333
35	0.01094	0.00593	0.00811	0.02159	0.08794	0.01893	0.00553	0.07506	0.00862	0.26886	0.01903	0.01195	0.00796	0.00890	0.04813	0.32252	0.02655	0.00358	0.03557	0.00430
36	0.00575	0.00387	0.00479	0.00505	0.00575	0.00358	0.00355	0.00678	0.02142	0.06218	0.11944	0.40838	0.17838	0.11732	0.00655	0.00172	0.00243	0.03613	0.00356	0.00337
37	0.00504	0.00386	0.00455	0.00456	0.00556	0.00344	0.00341	0.00638	0.00947	0.01251	0.36884	0.11468	0.37250	0.00910	0.00456	0.00130	0.00198	0.04453	0.02029	0.00340
38	0.01252	0.00644	0.00774	0.00635	0.00853	0.00632	0.00505	0.16244	0.06571	0.36292	0.05387	0.05515	0.03245	0.04957	0.00457	0.00129	0.00305	0.00445	0.14616	0.00542
39	0.01339	0.01015	0.01084	0.00858	0.01144	0.01134	0.00700	0.63796	0.21056	0.02225	0.01071	0.01041	0.00774	0.00474	0.00385	0.00119	0.00394	0.00366	0.00385	0.00641
40	0.00837	0.00582	0.00676	0.00613	0.00780	0.00596	0.00481	0.04956	0.25211	0.11278	0.25434	0.03672	0.14791	0.00708	0.00427	0.00129	0.00261	0.06685	0.01410	0.00474
41	0.01032	0.82799	0.03572	0.00671	0.01003	0.01496	0.00673	0.03369	0.00807	0.00949	0.00547	0.00627	0.00496	0.00332	0.00252	0.00084	0.00413	0.00210	0.00170	0.00498
42	0.07796	0.01123	0.01100	0.04098	0.01101	0.26325	0.00785	0.01123	0.00749	0.00991	0.00539	0.00785	0.00494	0.00553	0.00873	0.00142	0.50514	0.00299	0.00182	0.00427
43	0.00491	0.00387	0.00440	0.00440	0.00545	0.00341	0.00328	0.00613	0.00921	0.01182	0.28362	0.08824	0.48018	0.03606	0.00505	0.00138	0.00204	0.03949	0.00372	0.00333
44	0.01121	0.04441	0.01128	0.05116	0.10789	0.42663	0.03785	0.02019	0.02239	0.02609	0.00751	0.00985	0.00644	0.00834	0.14928	0.00196	0.03265	0.01824	0.00207	0.00455
45	0.01360	0.00631	0.00817	0.00673	0.00906	0.00599	0.00540	0.04622	0.10898	0.53080	0.03955	0.04837	0.01162	0.04823	0.06965	0.00173	0.00375	0.02593	0.00419	0.00573
46	0.00904	0.00767	0.00852	0.00623	0.00955	0.02900	0.00500	0.12309	0.00942	0.01402	0.00712	0.00810	0.00578	0.00311	0.00299	0.00066	0.00314	0.00244	0.00248	0.74263
47	0.00522	0.00361	0.00459	0.00509	0.00558	0.00333	0.00349	0.00602	0.00782	0.03627	0.09761	0.57377	0.12234	0.08530	0.00606	0.00167	0.00234	0.02313	0.00355	0.00322
48	0.00610	0.00476	0.00545	0.00592	0.00650	0.04560	0.00421	0.06807	0.00835	0.01087	0.01881	0.61873	0.02186	0.06672	0.00574	0.00166	0.00284	0.09096	0.00342	0.00343
49	0.00649	0.00345	0.00505	0.00509	0.00519	0.00347	0.00348	0.00531	0.00542	0.00727	0.03073	0.01460	0.00877	0.06366	0.04722	0.73385	0.00359	0.04355	0.00188	0.00192
50	0.01028	0.69514	0.09903	0.00727	0.01065	0.07670	0.00735	0.01211	0.03389	0.00957	0.00585	0.00665	0.00513	0.00343	0.00269	0.00089	0.00443	0.00223	0.00173	0.00499
51	0.01212	0.00980	0.01082	0.01028	0.11384	0.12847	0.01619	0.27801	0.01189	0.12159	0.03450	0.07212	0.00875	0.00529	0.00507	0.00123	0.12349	0.00401	0.02710	0.00542
52	0.03539	0.00928	0.03459	0.00749	0.01841	0.15519	0.00588	0.23965	0.03219	0.08428	0.10299	0.06088	0.02537	0.12220	0.02493	0.00164	0.00423	0.02741	0.00323	0.00477
53	0.00827	0.00721	0.01181	0.25040	0.29463	0.00764	0.05678	0.03435	0.03344	0.04444	0.04325	0.14135	0.01768	0.00538	0.00410	0.00128	0.00421	0.02641	0.00248	0.00491
54	0.01031	0.00584	0.00760	0.05169	0.02888	0.00578	0.00538	0.08727	0.04782	0.28154	0.05124	0.24196	0.06748	0.03899	0.00505	0.00142	0.02578	0.02738	0.00378	0.00484
55	0.01061	0.12997	0.03996	0.01288	0.16902	0.02125	0.22984	0.17680	0.01069	0.06732	0.04105	0.03343	0.00790	0.00477	0.02635	0.00129	0.00490	0.00389	0.00258	0.00551
56	0.01201	0.14517	0.02520	0.02677	0.02178	0.37129	0.06098	0.11673	0.01822	0.04441	0.00874	0.06658	0.00783	0.00484	0.00366	0.00111	0.00533	0.05205	0.00247	0.00482
57	0.00538	0.00377	0.00470	0.00487	0.00515	0.00385	0.00321	0.00589	0.00625	0.00840	0.01470	0.15772	0.05453	0.48103	0.19225	0.00371	0.00478	0.03449	0.00256	0.00277
58	0.01369	0.01710	0.01140	0.01139	0.10370	0.74348	0.00791	0.01482	0.01055	0.00973	0.00605	0.00722	0.00507	0.00394	0.00364	0.00102	0.02012	0.00259	0.00196	0.00462
59	0.00558	0.00383	0.00442	0.00441	0.00462	0.00371	0.00261	0.00579	0.00605	0.00818	0.03570	0.12429	0.01552	0.69870	0.01656	0.00324	0.00344	0.00609	0.00252	0.04475
60	0.00667	0.00439	0.00532	0.00499	0.00620	0.00403	0.00376	0.04683	0.01010	0.09041	0.38133	0.14394	0.23430	0.00835	0.00443	0.00126	0.00215	0.00723	0.03045	0.00386
61	0.00611	0.00366	0.00506	0.00513	0.00531	0.00377	0.00352	0.00570	0.00565	0.00763	0.00985	0.01844	0.01039	0.25523	0.15972	0.41936	0.00465	0.06642	0.00206	0.00230
62	0.00839	0.00839	0.01174	0.01007	0.01007	0.01174	0.00839	0.00923	0.00587	0.00923	0.00503	0.00839	0.00503	0.00671	0.01258	0.00168	0.85823	0.00336	0.00168	0.00419
63	0.01108	0.52934	0.05543	0.00755	0.01065	0.20213	0.00699	0.05122	0.00900	0.01024	0.00584	0.00670	0.00506	0.00348	0.00284	0.00087	0.00472	0.00227	0.00187	0.07275
64	0.00661	0.00428	0.00531	0.00528	0.00633	0.00398	0.00389	0.00837	0.06160	0.10803	0.21866	0.33119	0.18983	0.00926	0.00456	0.00136	0.00226	0.02148	0.00388	0.00385
65	0.01032	0.00899	0.00909	0.00801	0.01027	0.04990	0.00627	0.10928	0.70506	0.01662	0.01444	0.01339	0.01081	0.00508	0.00387	0.00127	0.00335	0.00415	0.00380	0.00604
66	0.01136	0.02381	0.00963	0.00857	0.01064	0.33983	0.00657	0.01804	0.48742	0.01324	0.01174	0.02362	0.00915	0.00478	0.00372	0.00117	0.00456	0.00367	0.00311	0.00537
67	0.00541	0.00388	0.00527	0.00538	0.00577	0.00421	0.00379	0.00622	0.00611	0.00850	0.01225	0.12403	0.01305	0.31543	0.45817	0.00474	0.00701	0.00546	0.00233	0.00301
68	0.00966	0.07863	0.33407	0.05785	0.20689	0.02642	0.05735	0.03973	0.04269	0.08725	0.00802	0.00923	0.00597	0.00379	0.00380	0.00118	0.01645	0.00321	0.00216	0.00568
69	0.03667	0.06123	0.00940	0.00684	0.00967	0.10242	0.00547	0.15954	0.05720	0.03495	0.00838	0.03578	0.00703	0.03761	0.00386	0.00097	0.00367	0.00305	0.00268	0.41359
70	0.00663	0.00501	0.00661	0.01565	0.00742	0.03368	0.00495	0.05189	0.00711	0.03439	0.01046	0.02975	0.00973	0.07162	0.68061	0.00530	0.00906	0.00420	0.00226	0.00366
71	0.01089	0.08438	0.04376	0.03508	0.04797	0.03380	0.05294	0.18219	0.14363	0.13356	0.01300	0.09333	0.05600	0.00530	0.00384	0.00118	0.00380	0.00445	0.00326	0.04763
72	0.00679	0.00519	0.00612	0.04412	0.00770	0.00524	0.00443	0.04778	0.15960	0.04031	0.34111	0.06879	0.23259	0.00762	0.00435	0.00126	0.00239	0.00654	0.00384	0.00420
73	0.00769	0.01983	0.84538	0.01093	0.01659	0.00890	0.01417	0.01214	0.00810	0.01214	0.00688	0.00810	0.00486	0.00364	0.00364	0.00121	0.00567	0.00283	0.00162	0.00567
74	0.11959	0.00772	0.00805	0.00713	0.00908	0.03064	0.00566	0.17493	0.27996	0.04086	0.04528	0.09046	0.06897	0.00623	0.00426	0.00131	0.03673	0.05448	0.00352	0.00511
75	0.03633	0.00934	0.01010	0.00802	0.01065	0.02034	0.00653	0.59580	0.04485	0.06171	0.07098	0.03504	0.02052	0.00626	0.04426	0.00141	0.00416	0.00401	0.00375	0.00592
76	0.00556	0.00397	0.00475	0.00457	0.00485	0.00394	0.02277	0.00582	0.00608	0.00799	0.01516	0.02568	0.11628	0.70080	0.04316	0.00341	0.01442	0.00579	0.00245	0.00256
77	0.03224	0.02627	0.02413	0.09013	0.32135	0.12432	0.16311	0.06597	0.02910	0.01251	0.00786	0.01068	0.00654	0.01880	0.01575	0.00130	0.01363	0.02889	0.00214	0.00528
78	0.01001	0.65322	0.04679	0.02931	0.01149	0.03695	0.08826	0.03215	0.00820	0.00986	0.00597	0.00718	0.00524	0.00435	0.03603	0.00111	0.00474	0.00248	0.00175	0.00492

[dist]
# distance from previous block
# <min> <max>
9	36

[block]
# block no. 8 follows, 71 sequences, length 35
# corresponding to MSA columns:
# 1485-1519
name=unknown_I
#
# <colnr> <probs for GDERKNQSTAVLIFYWHMCP>
#	G	D	E	R	K	N	Q	S	T	A	V	L	I	F	Y	W	H	M	C	P
0	0.03506	0.00619	0.00724	0.00647	0.01997	0.02155	0.01241	0.14078	0.07196	0.14444	0.01286	0.05374	0.03508	0.28092	0.13182	0.00273	0.00458	0.00476	0.00310	0.00434
1	0.05145	0.12958	0.00945	0.00659	0.00860	0.05885	0.02874	0.12775	0.09918	0.04137	0.24180	0.03014	0.08412	0.04303	0.00450	0.00125	0.00328	0.00479	0.00331	0.02224
2	0.63286	0.00901	0.04076	0.00624	0.00880	0.05415	0.00529	0.12585	0.05967	0.01748	0.00661	0.00725	0.00502	0.00383	0.00278	0.00118	0.00346	0.00246	0.00262	0.00468
3	0.05524	0.00935	0.06204	0.00918	0.09506	0.06413	0.00701	0.25654	0.03026	0.23189	0.04650	0.03661	0.06890	0.00509	0.00384	0.00118	0.00387	0.00409	0.00353	0.00571
4	0.00969	0.06377	0.18449	0.06827	0.19747	0.07426	0.03609	0.15572	0.03528	0.01382	0.03846	0.07021	0.02640	0.00468	0.00381	0.00118	0.00462	0.00396	0.00246	0.00537
5	0.76255	0.00745	0.00622	0.00539	0.00785	0.00842	0.00444	0.04527	0.00747	0.10641	0.00655	0.00708	0.00482	0.00373	0.00259	0.00118	0.00305	0.00232	0.00269	0.00450
6	0.01266	0.00555	0.00743	0.00617	0.00829	0.00492	0.00489	0.02886	0.01052	0.52095	0.18825	0.13760	0.03380	0.00652	0.00416	0.00124	0.00280	0.00558	0.00443	0.00537
7	0.00961	0.00887	0.02792	0.17736	0.50382	0.04248	0.02877	0.01217	0.03771	0.06761	0.00844	0.01127	0.00688	0.00395	0.00387	0.00120	0.00464	0.03570	0.00219	0.00557
8	0.00682	0.00584	0.00654	0.00629	0.00706	0.09119	0.00470	0.04059	0.00703	0.00929	0.01050	0.01628	0.02321	0.19928	0.52163	0.00473	0.02912	0.00427	0.00219	0.00344
9	0.00528	0.00390	0.00493	0.00470	0.00565	0.00355	0.00352	0.00694	0.01047	0.01452	0.70521	0.05041	0.15025	0.00821	0.00453	0.00123	0.00184	0.00720	0.00411	0.00355
10	0.00480	0.00339	0.00441	0.00517	0.00536	0.00320	0.00338	0.00537	0.00709	0.00945	0.01984	0.74356	0.02373	0.13341	0.00697	0.00186	0.00244	0.01014	0.00338	0.00300
11	0.03895	0.04096	0.20853	0.10730	0.04818	0.02803	0.08605	0.17827	0.06666	0.14582	0.00921	0.00988	0.00654	0.00408	0.00376	0.00120	0.00467	0.00341	0.00280	0.00571
12	0.01468	0.01057	0.01140	0.00874	0.01181	0.01164	0.00722	0.79639	0.01775	0.05672	0.00944	0.00936	0.00664	0.00461	0.00384	0.00115	0.00418	0.00347	0.00387	0.00652
13	0.00468	0.00341	0.00441	0.00518	0.00553	0.00314	0.00349	0.00541	0.00758	0.01001	0.04647	0.75453	0.10873	0.01166	0.00485	0.00152	0.00218	0.01050	0.00358	0.00314
14	0.01049	0.00901	0.00918	0.00804	0.01033	0.04326	0.00631	0.14186	0.67878	0.01700	0.01426	0.01324	0.01066	0.00506	0.00387	0.00127	0.00337	0.00413	0.00382	0.00607
15	0.02299	0.09750	0.08482	0.01065	0.16495	0.03372	0.02848	0.18068	0.04825	0.05949	0.09747	0.04994	0.02685	0.00482	0.00384	0.00112	0.01483	0.00400	0.00288	0.06273
16	0.01356	0.01683	0.01161	0.01203	0.14287	0.71706	0.00810	0.01475	0.01053	0.00988	0.00613	0.00732	0.00512	0.00387	0.00351	0.00101	0.00654	0.00262	0.00196	0.00470
17	0.01443	0.01006	0.01050	0.00844	0.01090	0.12898	0.00686	0.33224	0.02352	0.28189	0.01022	0.01015	0.00717	0.00515	0.01627	0.00127	0.10904	0.00345	0.00357	0.00589
18	0.00796	0.00747	0.01263	0.32903	0.40300	0.00805	0.02774	0.01013	0.00815	0.01112	0.00906	0.13118	0.00846	0.00479	0.00398	0.00125	0.00447	0.00450	0.00206	0.00496
19	0.08226	0.00999	0.01211	0.21159	0.27195	0.14252	0.01999	0.11237	0.05663	0.03327	0.00768	0.00932	0.00596	0.00389	0.00366	0.00117	0.00480	0.00324	0.00232	0.00529
20	0.00510	0.00382	0.00482	0.00544	0.00611	0.00358	0.00405	0.00633	0.02649	0.01055	0.04255	0.46201	0.20438	0.01095	0.00487	0.00153	0.00246	0.18807	0.00358	0.00331
21	0.00550	0.00401	0.00568	0.00568	0.00619	0.00453	0.00419	0.00654	0.00602	0.00854	0.01071	0.01752	0.01065	0.23374	0.64653	0.00556	0.00866	0.00447	0.00212	0.00315
