[name]
unknown

[dist]
# distance from previous block
# <min> <max>
0	79

[block]
# block no. 0 follows, 62 sequences, length 24
# corresponding to MSA columns:
# 84-107
name=unknown_A
#
# <colnr> <probs for GDERKNQSTAVLIFYWHMCP>
#	G	D	E	R	K	N	Q	S	T	A	V	L	I	F	Y	W	H	M	C	P
0	0.00994	0.00727	0.00834	0.00696	0.00912	0.01930	0.00541	0.18646	0.02352	0.07090	0.16522	0.10030	0.06162	0.07642	0.00604	0.00147	0.02566	0.02039	0.00375	0.19192
1	0.03970	0.00941	0.04704	0.07847	0.14231	0.04294	0.00780	0.04645	0.07236	0.02703	0.00895	0.01093	0.00730	0.00401	0.00369	0.00101	0.00411	0.02418	0.00265	0.41966
2	0.00579	0.00439	0.00502	0.00500	0.00625	0.00381	0.00371	0.00705	0.00996	0.03572	0.19555	0.17660	0.46901	0.01046	0.00504	0.00145	0.00228	0.02253	0.00410	0.02629
3	0.01099	0.00885	0.08338	0.03937	0.02875	0.00805	0.02814	0.17235	0.08765	0.12890	0.16379	0.01821	0.07788	0.00616	0.00464	0.00133	0.02943	0.00507	0.09140	0.00567
4	0.18290	0.00737	0.00811	0.00670	0.00924	0.02893	0.00540	0.06413	0.03548	0.38409	0.01326	0.01326	0.00932	0.02640	0.02774	0.00148	0.00366	0.00384	0.16287	0.00584
5	0.00785	0.00551	0.00682	0.00679	0.00813	0.00543	0.00545	0.10205	0.02358	0.05098	0.16688	0.16846	0.14302	0.01016	0.00524	0.00162	0.00315	0.27032	0.00417	0.00439
6	0.00628	0.00417	0.00486	0.00486	0.00501	0.00425	0.00292	0.00658	0.00643	0.00891	0.01320	0.02581	0.01463	0.70310	0.11531	0.00425	0.00484	0.00586	0.05593	0.00281
7	0.00523	0.00378	0.00490	0.00574	0.00609	0.00350	0.00385	0.00600	0.00831	0.01099	0.04637	0.73630	0.08888	0.04094	0.00593	0.00178	0.00249	0.01154	0.00392	0.00345
8	0.03056	0.00671	0.00748	0.00647	0.00842	0.00699	0.00509	0.14798	0.14241	0.11146	0.18942	0.01868	0.03911	0.00610	0.00405	0.00124	0.00289	0.00502	0.25454	0.00536
9	0.01029	0.01230	0.10019	0.05245	0.28441	0.06642	0.30032	0.01320	0.00954	0.01303	0.00783	0.01044	0.00626	0.00417	0.00544	0.00139	0.09024	0.00409	0.00206	0.00592
10	0.00619	0.00413	0.00464	0.00464	0.00464	0.00413	0.00258	0.00619	0.00619	0.00825	0.01341	0.02785	0.01547	0.85046	0.02166	0.00413	0.00413	0.00619	0.00258	0.00258
11	0.01130	0.77751	0.07569	0.00769	0.01147	0.03620	0.00787	0.01289	0.00875	0.01025	0.00605	0.00699	0.00546	0.00369	0.00284	0.00094	0.00474	0.00234	0.00183	0.00550
12	0.00734	0.00566	0.00708	0.03038	0.00873	0.00577	0.00558	0.02461	0.15381	0.01574	0.37692	0.03210	0.04982	0.00874	0.00505	0.00151	0.00296	0.22461	0.00424	0.02936
13	0.01021	0.00947	0.01454	0.19148	0.39531	0.01064	0.01121	0.06574	0.10384	0.01406	0.00881	0.01113	0.00712	0.00472	0.00560	0.00140	0.12233	0.00390	0.00243	0.00606
14	0.01043	0.01008	0.03862	0.16433	0.21652	0.01032	0.17229	0.11335	0.15319	0.01560	0.02824	0.01282	0.02531	0.00460	0.00444	0.00137	0.00516	0.00440	0.00282	0.00610
15	0.88052	0.00823	0.00625	0.00560	0.00823	0.00955	0.00461	0.01251	0.00724	0.01909	0.00592	0.00691	0.00461	0.00395	0.00263	0.00132	0.00329	0.00230	0.00263	0.00461
16	0.01074	0.01201	0.00924	0.00872	0.01013	0.39834	0.00660	0.01201	0.00929	0.01008	0.00918	0.01280	0.00835	0.04670	0.41210	0.00402	0.00938	0.00375	0.00225	0.00430
17	0.01004	0.05161	0.14473	0.03358	0.15638	0.00943	0.05294	0.08533	0.17857	0.04349	0.11965	0.01610	0.05110	0.00548	0.00434	0.00134	0.00435	0.01339	0.01217	0.00599
18	0.00554	0.00412	0.00530	0.00611	0.01866	0.00387	0.00417	0.00676	0.02849	0.01165	0.08591	0.59525	0.12805	0.03196	0.00571	0.00171	0.00256	0.04657	0.00395	0.00365
19	0.00693	0.05094	0.09256	0.00913	0.11474	0.00604	0.02092	0.00892	0.01005	0.01380	0.30042	0.21118	0.11077	0.00854	0.00480	0.00142	0.00321	0.01750	0.00360	0.00454
20	0.00795	0.00498	0.00727	0.00669	0.00711	0.03954	0.06358	0.00663	0.00615	0.00798	0.00745	0.01260	0.00724	0.01351	0.01522	0.77406	0.00412	0.00375	0.00188	0.00227
21	0.01305	0.00981	0.02564	0.00924	0.02657	0.01041	0.03624	0.48694	0.03954	0.05622	0.01205	0.01413	0.03375	0.09291	0.11154	0.00229	0.00544	0.00440	0.00372	0.00613
22	0.01082	0.00996	0.03822	0.07347	0.37318	0.02414	0.13184	0.06387	0.06907	0.06160	0.02344	0.01282	0.00849	0.00502	0.02161	0.00144	0.00521	0.02317	0.03643	0.00619
23	0.03443	0.04834	0.02800	0.03269	0.06682	0.05062	0.07640	0.27769	0.15588	0.01850	0.03896	0.04004	0.01866	0.00531	0.00448	0.00131	0.02935	0.00436	0.04052	0.02767

[dist]
# distance from previous block
# <min> <max>
2	10

[block]
# block no. 1 follows, 62 sequences, length 17
# corresponding to MSA columns:
# 118-134
name=unknown_B
#
# <colnr> <probs for GDERKNQSTAVLIFYWHMCP>
#	G	D	E	R	K	N	Q	S	T	A	V	L	I	F	Y	W	H	M	C	P
0	0.01183	0.17969	0.03717	0.00890	0.04386	0.14680	0.00712	0.17448	0.03967	0.03054	0.03562	0.06356	0.02215	0.04156	0.00457	0.00124	0.00463	0.00398	0.00294	0.13970
1	0.00598	0.00426	0.00528	0.00581	0.00623	0.00413	0.00387	0.04979	0.00847	0.01124	0.02158	0.60389	0.05877	0.17953	0.00858	0.00217	0.00291	0.01033	0.00369	0.00349
2	0.04706	0.14571	0.14297	0.01186	0.12955	0.10607	0.02947	0.09742	0.09511	0.06333	0.02470	0.02271	0.00806	0.01883	0.00460	0.00131	0.03884	0.00367	0.00276	0.00598
3	0.38599	0.13673	0.01091	0.00798	0.01056	0.30979	0.00648	0.03475	0.00962	0.01458	0.00685	0.00869	0.00581	0.00436	0.00324	0.00120	0.00513	0.03001	0.00244	0.00490
4	0.00541	0.00417	0.00497	0.00539	0.00623	0.00379	0.00385	0.00674	0.02955	0.01206	0.12606	0.41755	0.31477	0.01162	0.00522	0.00158	0.00236	0.03096	0.00405	0.00367
5	0.00888	0.12396	0.72952	0.01153	0.01750	0.01074	0.01469	0.01339	0.00894	0.01305	0.00742	0.00872	0.00540	0.00399	0.00388	0.00129	0.00608	0.00304	0.00180	0.00619
6	0.00621	0.00428	0.00542	0.00542	0.00573	0.00455	0.00359	0.00683	0.00652	0.00910	0.01269	0.02338	0.01355	0.52326	0.31704	0.00501	0.00670	0.00552	0.03213	0.00307
7	0.00999	0.00944	0.01597	0.02396	0.73421	0.00942	0.01214	0.01236	0.00957	0.01362	0.00967	0.07890	0.00898	0.00479	0.00436	0.00132	0.00481	0.02777	0.00231	0.00639
8	0.01386	0.00884	0.01000	0.00805	0.01077	0.00931	0.00651	0.36259	0.11744	0.19008	0.12188	0.01595	0.03656	0.00586	0.00431	0.00130	0.00369	0.00472	0.06186	0.00642
9	0.00540	0.00393	0.00495	0.00567	0.00612	0.00366	0.00389	0.00619	0.00827	0.01078	0.02513	0.57294	0.14477	0.11134	0.00731	0.00198	0.00272	0.06773	0.00379	0.00341
10	0.00882	0.00756	0.00882	0.00630	0.01008	0.00567	0.00504	0.01071	0.00882	0.01387	0.00756	0.00882	0.00630	0.00315	0.00315	0.00063	0.00315	0.00252	0.00252	0.87647
11	0.01639	0.01158	0.01256	0.00963	0.01302	0.01269	0.00795	0.75189	0.01943	0.08547	0.01070	0.01053	0.00748	0.00512	0.00426	0.00128	0.00460	0.00386	0.00433	0.00724
12	0.88052	0.00823	0.00625	0.00560	0.00823	0.00955	0.00461	0.01251	0.00724	0.01909	0.00592	0.00691	0.00461	0.00395	0.00263	0.00132	0.00329	0.00230	0.00263	0.00461
13	0.00522	0.00411	0.00471	0.00499	0.00597	0.00361	0.00358	0.00632	0.00951	0.01207	0.14575	0.30790	0.44850	0.01133	0.00516	0.00152	0.00224	0.00984	0.00405	0.00361
14	0.00956	0.00951	0.01371	0.01151	0.01186	0.01291	0.05473	0.03468	0.00713	0.01094	0.00590	0.00946	0.00569	0.00716	0.01316	0.00182	0.76974	0.00380	0.00195	0.00479
15	0.02481	0.15924	0.44809	0.01086	0.01568	0.03661	0.04285	0.12134	0.02372	0.03757	0.00802	0.00909	0.00596	0.00429	0.00421	0.00128	0.03470	0.00322	0.00231	0.00616
16	0.00778	0.00627	0.00851	0.03884	0.04031	0.00662	0.04358	0.10087	0.02609	0.01460	0.23511	0.11080	0.11525	0.06224	0.09160	0.00216	0.06304	0.00665	0.01521	0.00448

[dist]
# distance from previous block
# <min> <max>
0	2

[block]
# block no. 2 follows, 62 sequences, length 9
# corresponding to MSA columns:
# 137-145
name=unknown_C
#
# <colnr> <probs for GDERKNQSTAVLIFYWHMCP>
#	G	D	E	R	K	N	Q	S	T	A	V	L	I	F	Y	W	H	M	C	P
0	0.04506	0.15682	0.18385	0.01046	0.02703	0.05595	0.08936	0.17030	0.08020	0.05011	0.00996	0.01151	0.01865	0.00475	0.00421	0.00128	0.02378	0.02920	0.00285	0.02467
1	0.01196	0.15148	0.10746	0.05061	0.19658	0.10357	0.09240	0.09060	0.05625	0.06919	0.00894	0.01020	0.00690	0.00422	0.00398	0.00123	0.00536	0.00357	0.01940	0.00611
2	0.01241	0.53208	0.01746	0.00755	0.01080	0.03884	0.00693	0.07448	0.09386	0.10107	0.00912	0.00944	0.00727	0.00425	0.00323	0.00105	0.00427	0.00299	0.05708	0.00581
3	0.00904	0.00734	0.00794	0.00714	0.00877	0.03723	0.00544	0.11306	0.25027	0.01651	0.26161	0.06106	0.06942	0.07030	0.00652	0.03073	0.02241	0.00612	0.00404	0.00504
4	0.00582	0.00446	0.00527	0.00519	0.00629	0.00409	0.00386	0.00762	0.03625	0.01403	0.38931	0.08004	0.31319	0.06227	0.00610	0.00160	0.00235	0.04423	0.00421	0.00383
5	0.00992	0.00898	0.01024	0.04018	0.10098	0.13776	0.05096	0.08890	0.02998	0.03226	0.04099	0.10918	0.01221	0.11105	0.12176	0.00243	0.02850	0.00522	0.05370	0.00479
6	0.00589	0.00407	0.00471	0.00488	0.00510	0.00395	0.00295	0.00620	0.00710	0.00937	0.04831	0.18505	0.09166	0.58391	0.01645	0.00332	0.00355	0.00762	0.00304	0.00289
7	0.01043	0.00770	0.00975	0.00885	0.06069	0.00792	0.04534	0.21186	0.10679	0.07300	0.28322	0.02180	0.08487	0.00683	0.00462	0.00135	0.00344	0.02292	0.02304	0.00557
8	0.00795	0.00730	0.01076	0.00921	0.01026	0.00858	0.09496	0.00937	0.00856	0.03191	0.08861	0.07306	0.20188	0.00846	0.00889	0.00165	0.36156	0.04965	0.00296	0.00442

[dist]
# distance from previous block
# <min> <max>
1	38

[block]
# block no. 3 follows, 62 sequences, length 15
# corresponding to MSA columns:
# 184-198
name=unknown_D
#
# <colnr> <probs for GDERKNQSTAVLIFYWHMCP>
#	G	D	E	R	K	N	Q	S	T	A	V	L	I	F	Y	W	H	M	C	P
0	0.04683	0.12762	0.11824	0.02661	0.25616	0.10442	0.02269	0.09315	0.09650	0.01476	0.02352	0.01117	0.03121	0.00451	0.00395	0.00124	0.00506	0.00367	0.00260	0.00608
1	0.00681	0.00546	0.00762	0.01910	0.10349	0.00548	0.02240	0.00854	0.04127	0.01214	0.10847	0.25202	0.09244	0.13115	0.05378	0.00218	0.03055	0.04944	0.02431	0.02335
2	0.00628	0.02885	0.00652	0.00621	0.00689	0.00517	0.00457	0.02219	0.00736	0.01021	0.01460	0.16974	0.03421	0.18124	0.45586	0.00489	0.00769	0.00625	0.01763	0.00362
3	0.00685	0.03477	0.00756	0.00687	0.00789	0.02557	0.00532	0.02681	0.00750	0.01049	0.01183	0.08045	0.01158	0.06864	0.60710	0.00545	0.02112	0.00497	0.00246	0.04677
4	0.70577	0.00858	0.00714	0.00616	0.00883	0.00983	0.00506	0.13401	0.00927	0.02011	0.00697	0.00786	0.00532	0.00418	0.00290	0.00129	0.00344	0.00262	0.04570	0.00498
5	0.00567	0.00435	0.00548	0.00547	0.00650	0.00392	0.02084	0.00711	0.01017	0.01355	0.31711	0.22627	0.28758	0.01036	0.00510	0.00148	0.00234	0.03699	0.02594	0.00378
6	0.06580	0.00911	0.01031	0.00813	0.01113	0.00947	0.00665	0.37822	0.04308	0.29176	0.01388	0.02892	0.03281	0.00543	0.00413	0.00129	0.00390	0.00424	0.06508	0.00666
7	0.00764	0.00633	0.00859	0.20776	0.03799	0.03508	0.03589	0.02864	0.02777	0.01324	0.14663	0.05408	0.10618	0.03216	0.09934	0.00203	0.00462	0.00556	0.13611	0.00436
8	0.00608	0.00420	0.00519	0.00526	0.00549	0.00433	0.00335	0.00655	0.00671	0.00915	0.04398	0.09139	0.01633	0.56901	0.20097	0.00443	0.00554	0.00636	0.00270	0.00298
9	0.00899	0.00895	0.04718	0.29965	0.16883	0.02738	0.07685	0.05485	0.01977	0.01247	0.00897	0.02990	0.00761	0.03313	0.13184	0.00231	0.04966	0.00421	0.00224	0.00518
10	0.01124	0.01249	0.02219	0.01623	0.02010	0.10789	0.62412	0.08230	0.01104	0.01429	0.00843	0.01086	0.00639	0.00391	0.00506	0.00139	0.02937	0.00462	0.00233	0.00574
11	0.01338	0.01575	0.01064	0.02480	0.02579	0.58351	0.00737	0.01449	0.01094	0.03101	0.03876	0.07646	0.00955	0.06405	0.03504	0.00160	0.02565	0.00405	0.00251	0.00466
12	0.21841	0.02032	0.02842	0.00829	0.04309	0.07752	0.00643	0.18792	0.08097	0.09682	0.02652	0.06915	0.10699	0.00602	0.00400	0.00134	0.00395	0.00469	0.00358	0.00558
13	0.04160	0.00792	0.04100	0.02525	0.16484	0.01771	0.09271	0.03560	0.04105	0.03805	0.07853	0.14677	0.07665	0.10036	0.02532	0.00186	0.05068	0.00616	0.00304	0.00491
14	0.10998	0.23743	0.10425	0.03747	0.04905	0.09078	0.02581	0.14625	0.03439	0.03437	0.01944	0.02004	0.00720	0.02710	0.00432	0.00128	0.02503	0.00334	0.01679	0.00565

[dist]
# distance from previous block
# <min> <max>
1	14

[block]
# block no. 4 follows, 62 sequences, length 18
# corresponding to MSA columns:
# 213-230
name=unknown_E
#
# <colnr> <probs for GDERKNQSTAVLIFYWHMCP>
#	G	D	E	R	K	N	Q	S	T	A	V	L	I	F	Y	W	H	M	C	P
0	0.02833	0.03327	0.00750	0.03282	0.02029	0.06866	0.00512	0.02230	0.05270	0.02725	0.18982	0.10465	0.26459	0.00826	0.00488	0.00135	0.02895	0.02012	0.00365	0.07549
1	0.01143	0.60681	0.03530	0.00769	0.01098	0.05177	0.02002	0.06526	0.00995	0.03723	0.07377	0.03603	0.00930	0.00455	0.00327	0.00103	0.00448	0.00328	0.00241	0.00545
2	0.00808	0.00874	0.07933	0.77265	0.02842	0.00949	0.01214	0.01108	0.00855	0.01108	0.00757	0.01115	0.00565	0.00424	0.00424	0.00141	0.00572	0.00373	0.00188	0.00485
3	0.04424	0.15334	0.03833	0.08740	0.05044	0.10461	0.00848	0.34234	0.06304	0.05412	0.00923	0.00986	0.00692	0.00462	0.00389	0.00122	0.00498	0.00345	0.00322	0.00627
4	0.01026	0.09424	0.08528	0.04559	0.36041	0.08453	0.06498	0.02307	0.04883	0.01278	0.00937	0.05402	0.00844	0.07355	0.00557	0.00150	0.00522	0.00424	0.00232	0.00577
5	0.00668	0.00493	0.00605	0.00562	0.00683	0.00468	0.00425	0.07310	0.01218	0.01680	0.61197	0.07804	0.13484	0.00893	0.00498	0.00137	0.00227	0.00779	0.00452	0.00419
6	0.00995	0.01045	0.07730	0.16753	0.49442	0.00995	0.05531	0.05039	0.00982	0.01375	0.00860	0.04347	0.00728	0.00438	0.00446	0.00134	0.01911	0.00413	0.00222	0.00615
7	0.00661	0.00479	0.00652	0.00738	0.00838	0.00471	0.00635	0.00845	0.00979	0.01265	0.04262	0.07005	0.10385	0.01163	0.00576	0.00189	0.00366	0.67709	0.00394	0.00387
8	0.00610	0.00447	0.00639	0.00639	0.00699	0.00507	0.00476	0.00731	0.00671	0.00954	0.01181	0.01900	0.01163	0.19955	0.66732	0.00628	0.00991	0.00489	0.00234	0.00355
9	0.01653	0.01134	0.01241	0.00952	0.01291	0.01234	0.00786	0.71239	0.01904	0.12552	0.01103	0.01074	0.00764	0.00513	0.00426	0.00128	0.00455	0.00389	0.00438	0.00724
10	0.00527	0.00382	0.00494	0.00571	0.00611	0.00353	0.00386	0.00613	0.00856	0.01139	0.09487	0.68688	0.09430	0.03586	0.00581	0.00174	0.00245	0.01129	0.00398	0.00349
11	0.81884	0.00816	0.00651	0.00574	0.00842	0.00931	0.00473	0.01310	0.00759	0.07693	0.00670	0.00745	0.00503	0.00404	0.00275	0.00132	0.00332	0.00245	0.00282	0.00480
12	0.00605	0.00436	0.00521	0.00506	0.00622	0.00388	0.00377	0.00760	0.01076	0.03961	0.42189	0.10783	0.31718	0.00964	0.00498	0.00140	0.00215	0.00834	0.03016	0.00391
13	0.00524	0.00404	0.00475	0.00514	0.00597	0.00360	0.00361	0.00625	0.00918	0.01175	0.12161	0.39147	0.36294	0.03712	0.00571	0.00163	0.00234	0.01011	0.00399	0.00355
14	0.00660	0.00464	0.00541	0.00527	0.00635	0.00446	0.00391	0.02622	0.05211	0.01493	0.34506	0.09232	0.17216	0.06272	0.00574	0.00153	0.00239	0.03118	0.15299	0.00400
15	0.01096	0.47713	0.16429	0.02735	0.07119	0.07567	0.00921	0.02863	0.00927	0.01160	0.00668	0.00787	0.00565	0.00378	0.00325	0.00102	0.00505	0.00266	0.00197	0.07676
16	0.08079	0.00772	0.03418	0.00666	0.00973	0.00642	0.00544	0.06587	0.02252	0.08463	0.06150	0.08182	0.01097	0.03558	0.00431	0.00109	0.00332	0.00406	0.00315	0.47026
17	0.09266	0.12073	0.09260	0.02604	0.09836	0.07167	0.05423	0.07050	0.07406	0.04741	0.04137	0.08513	0.07210	0.00610	0.01457	0.00138	0.01793	0.00474	0.00294	0.00546

[dist]
# distance from previous block
# <min> <max>
2	30

[block]
# block no. 5 follows, 62 sequences, length 19
# corresponding to MSA columns:
# 296-314
name=unknown_F
#
# <colnr> <probs for GDERKNQSTAVLIFYWHMCP>
#	G	D	E	R	K	N	Q	S	T	A	V	L	I	F	Y	W	H	M	C	P
0	0.04171	0.06487	0.02991	0.04183	0.01141	0.15006	0.00707	0.22623	0.04565	0.03929	0.10338	0.03625	0.01201	0.01888	0.02501	0.00146	0.04836	0.01804	0.07317	0.00542
1	0.31036	0.00639	0.00651	0.00586	0.00788	0.00663	0.00458	0.01286	0.04904	0.18899	0.04317	0.11666	0.05864	0.03069	0.00423	0.00141	0.00298	0.00498	0.13321	0.00490
2	0.02813	0.02846	0.03581	0.00736	0.00845	0.17402	0.00559	0.02178	0.04609	0.02167	0.06390	0.07495	0.01114	0.04606	0.01054	0.36653	0.03896	0.00448	0.00251	0.00356
3	0.03802	0.08064	0.42395	0.03770	0.05714	0.12636	0.02636	0.01358	0.02302	0.04082	0.00899	0.05051	0.00742	0.00540	0.02420	0.00144	0.00594	0.02055	0.00223	0.00574
4	0.00650	0.00517	0.00764	0.00740	0.00806	0.00631	0.00583	0.00794	0.00680	0.00992	0.01065	0.01576	0.00999	0.02876	0.72787	0.00620	0.11862	0.00445	0.00223	0.00391
5	0.00771	0.00674	0.03230	0.07431	0.03194	0.02634	0.06336	0.06017	0.01055	0.04203	0.17922	0.07665	0.25935	0.03995	0.03519	0.00172	0.00381	0.04060	0.00360	0.00445
6	0.03553	0.28714	0.21984	0.04495	0.04764	0.10912	0.00979	0.08593	0.01029	0.03238	0.00780	0.00960	0.00636	0.00425	0.00360	0.00115	0.00529	0.02584	0.00230	0.05122
7	0.04077	0.24986	0.08513	0.01979	0.06236	0.04963	0.02826	0.17991	0.01155	0.04669	0.05963	0.03942	0.04006	0.00595	0.03037	0.00138	0.01805	0.00397	0.00289	0.02433
8	0.00525	0.00383	0.00495	0.00576	0.00620	0.00353	0.00394	0.00612	0.00856	0.01128	0.06467	0.69557	0.11947	0.01277	0.00538	0.00168	0.00245	0.03110	0.00399	0.00351
9	0.05903	0.19107	0.17870	0.02134	0.08372	0.07392	0.14306	0.04442	0.00987	0.03472	0.02937	0.01211	0.07012	0.00468	0.00422	0.00126	0.02652	0.00389	0.00239	0.00560
10	0.01128	0.07724	0.11581	0.04845	0.16829	0.06641	0.12911	0.15615	0.05732	0.03206	0.04884	0.01246	0.02497	0.02731	0.00471	0.00136	0.00527	0.00414	0.00280	0.00602
11	0.02738	0.00546	0.00716	0.00719	0.02141	0.01611	0.04684	0.02732	0.07214	0.03802	0.06022	0.48819	0.09204	0.01064	0.00552	0.02505	0.01823	0.00924	0.01768	0.00416
12	0.00532	0.00388	0.00498	0.00578	0.00623	0.00360	0.00399	0.00619	0.00848	0.01113	0.04710	0.64626	0.12786	0.04281	0.00598	0.00178	0.00256	0.05866	0.00392	0.00348
13	0.04160	0.18210	0.10869	0.00990	0.07064	0.04282	0.02665	0.19698	0.06157	0.05418	0.04119	0.07411	0.03244	0.00586	0.01697	0.00134	0.00459	0.00436	0.01813	0.00587
14	0.03442	0.08706	0.17599	0.01163	0.06147	0.09801	0.11839	0.05533	0.04558	0.06663	0.01091	0.05383	0.04717	0.00539	0.00539	0.00137	0.10887	0.00429	0.00262	0.00563
15	0.00690	0.00424	0.00556	0.00556	0.00593	0.00431	0.00380	0.02951	0.00695	0.00937	0.01355	0.06009	0.07006	0.23117	0.11662	0.35901	0.00458	0.03212	0.02791	0.00277
16	0.00709	0.02751	0.02930	0.01967	0.03114	0.04571	0.00564	0.03402	0.02361	0.01229	0.09256	0.30702	0.06238	0.05704	0.08969	0.00226	0.00426	0.14123	0.00351	0.00407
17	0.01127	0.07128	0.15601	0.12703	0.18949	0.10729	0.05917	0.02968	0.06672	0.08335	0.00900	0.01047	0.00685	0.00427	0.00423	0.00127	0.01930	0.00359	0.00250	0.03723
18	0.05528	0.15689	0.05721	0.06280	0.09036	0.11727	0.04017	0.14919	0.07499	0.03479	0.02622	0.06504	0.00924	0.02960	0.00449	0.00134	0.00491	0.01165	0.00289	0.00567

[dist]
# distance from previous block
# <min> <max>
12	88

[block]
# block no. 6 follows, 62 sequences, length 42
# corresponding to MSA columns:
# 432-473
name=unknown_G
#
# <colnr> <probs for GDERKNQSTAVLIFYWHMCP>
#	G	D	E	R	K	N	Q	S	T	A	V	L	I	F	Y	W	H	M	C	P
0	0.02300	0.06859	0.05082	0.00896	0.04985	0.06932	0.02497	0.12497	0.09165	0.05369	0.02561	0.13442	0.11307	0.02172	0.01595	0.00148	0.04919	0.01845	0.00334	0.05095
1	0.07604	0.04949	0.11218	0.00909	0.03995	0.04887	0.05446	0.07501	0.11963	0.06360	0.07131	0.13727	0.05453	0.00702	0.02301	0.00147	0.00428	0.00544	0.00333	0.04402
2	0.02508	0.05125	0.04351	0.01694	0.06325	0.07445	0.08290	0.16446	0.02284	0.05288	0.09094	0.03184	0.05290	0.02592	0.01401	0.00130	0.00448	0.00439	0.00316	0.17349
3	0.01034	0.05694	0.09122	0.01023	0.09461	0.11854	0.02703	0.06239	0.07386	0.04902	0.07498	0.06358	0.05837	0.05485	0.00568	0.00143	0.04701	0.00476	0.01791	0.07726
4	0.03731	0.08828	0.09054	0.05043	0.14832	0.07094	0.02221	0.05556	0.05505	0.04731	0.02484	0.07042	0.07782	0.00594	0.01539	0.00135	0.04979	0.00453	0.00278	0.08118
5	0.02780	0.05512	0.04886	0.06079	0.19056	0.08280	0.05191	0.15300	0.05375	0.01518	0.02876	0.04305	0.03353	0.01639	0.00546	0.00137	0.09481	0.00424	0.00276	0.02985
6	0.04348	0.15040	0.05612	0.08944	0.08256	0.08874	0.00839	0.08520	0.03089	0.01352	0.00840	0.01908	0.01887	0.00521	0.01945	0.00131	0.11861	0.00339	0.03319	0.12376
7	0.02440	0.00883	0.01170	0.01037	0.02363	0.03222	0.01739	0.06023	0.00789	0.01168	0.00874	0.13174	0.00911	0.00837	0.02863	0.00185	0.57815	0.00492	0.00237	0.01780
8	0.00722	0.00548	0.00727	0.00724	0.00861	0.00530	0.02268	0.00969	0.08217	0.01294	0.07459	0.14941	0.02081	0.03641	0.02260	0.04552	0.00364	0.35253	0.00361	0.12229
9	0.00609	0.00433	0.00546	0.00577	0.00642	0.00416	0.00408	0.02351	0.00867	0.02495	0.06789	0.44437	0.21530	0.01212	0.00697	0.10900	0.03430	0.00946	0.00368	0.00351
10	0.02755	0.04396	0.19544	0.04666	0.10896	0.08040	0.00943	0.07993	0.08283	0.02987	0.01154	0.14675	0.01069	0.03243	0.03480	0.00167	0.04381	0.00501	0.00279	0.00550
11	0.02309	0.02617	0.14323	0.02442	0.16060	0.05228	0.02527	0.19510	0.02855	0.04741	0.01021	0.05891	0.00864	0.02388	0.11877	0.00214	0.03832	0.00428	0.00285	0.00586
12	0.00609	0.00458	0.00579	0.00608	0.00702	0.00414	0.00431	0.02120	0.01976	0.01197	0.05136	0.59865	0.04760	0.02367	0.00530	0.00158	0.00268	0.04514	0.00376	0.12932
13	0.02409	0.02449	0.03992	0.00753	0.02851	0.00698	0.02785	0.06135	0.10527	0.01408	0.02525	0.06508	0.03905	0.10844	0.03969	0.00164	0.00394	0.01145	0.00297	0.36244
14	0.01022	0.05801	0.07520	0.02561	0.10337	0.04780	0.18328	0.07371	0.00996	0.05986	0.02383	0.03249	0.00882	0.06714	0.11112	0.00216	0.01867	0.00432	0.00260	0.08183
15	0.00714	0.00437	0.00571	0.00589	0.00650	0.00423	0.00416	0.00777	0.04398	0.05732	0.04635	0.26489	0.08796	0.10362	0.01034	0.25747	0.00319	0.07249	0.00330	0.00332
16	0.00591	0.00419	0.00514	0.00545	0.00606	0.00394	0.00374	0.00699	0.02193	0.02548	0.15313	0.35415	0.14226	0.20085	0.00895	0.00216	0.00281	0.03958	0.00379	0.00350
17	0.01113	0.09742	0.13871	0.12202	0.22259	0.06440	0.07279	0.11970	0.03444	0.03702	0.00892	0.03598	0.00718	0.00447	0.00413	0.00129	0.00539	0.00387	0.00251	0.00607
18	0.02490	0.12850	0.01268	0.06095	0.12115	0.07144	0.03616	0.09629	0.12190	0.05817	0.02598	0.04289	0.05357	0.04301	0.05283	0.00174	0.00491	0.03432	0.00307	0.00554
19	0.00550	0.00398	0.00496	0.00554	0.00601	0.00372	0.00378	0.00632	0.00838	0.01103	0.07994	0.48289	0.13825	0.16236	0.00828	0.00210	0.00278	0.05704	0.00375	0.00338
20	0.77380	0.11195	0.00822	0.00580	0.00856	0.01044	0.00494	0.01254	0.00741	0.01798	0.00592	0.00690	0.00471	0.00391	0.00265	0.00127	0.00345	0.00230	0.00253	0.00471
21	0.00900	0.00740	0.00853	0.00622	0.00974	0.00578	0.00497	0.03839	0.00922	0.01449	0.00821	0.00949	0.00674	0.00338	0.00317	0.00068	0.00310	0.00269	0.07933	0.76946
22	0.00667	0.00473	0.00581	0.00622	0.00685	0.00469	0.00430	0.10202	0.00944	0.01274	0.02076	0.65520	0.02406	0.07653	0.00645	0.00183	0.00284	0.01037	0.03463	0.00386
23	0.00544	0.00439	0.00485	0.00489	0.00613	0.00387	0.00367	0.00692	0.02633	0.01263	0.18529	0.10022	0.55009	0.02226	0.00532	0.00150	0.00229	0.04612	0.00408	0.00373
24	0.00611	0.00411	0.00475	0.00482	0.00487	0.00412	0.00278	0.00622	0.00636	0.00850	0.01406	0.08717	0.01621	0.75769	0.05196	0.00406	0.00429	0.00656	0.00267	0.00269
25	0.00994	0.00831	0.01087	0.04285	0.15283	0.00765	0.02136	0.03244	0.14688	0.05289	0.03143	0.01179	0.01944	0.00415	0.00377	0.00100	0.00370	0.00356	0.00297	0.43217
26	0.00527	0.00397	0.00487	0.00538	0.00608	0.00358	0.00376	0.00630	0.00918	0.01198	0.15028	0.49591	0.25419	0.01191	0.00525	0.00159	0.00231	0.01055	0.00406	0.00358
27	0.00697	0.00385	0.00550	0.00554	0.00566	0.00389	0.00371	0.00584	0.00597	0.00798	0.01018	0.04741	0.03458	0.11391	0.09305	0.63271	0.00437	0.00455	0.00212	0.00223
28	0.01028	0.00986	0.01683	0.10665	0.74532	0.01005	0.01294	0.01284	0.00957	0.01360	0.00796	0.01061	0.00663	0.00384	0.00422	0.00128	0.00512	0.00379	0.00208	0.00654
29	0.01235	0.00877	0.02404	0.02650	0.03765	0.03725	0.14298	0.16837	0.02491	0.21261	0.01487	0.15337	0.04023	0.00782	0.04930	0.00169	0.00484	0.00571	0.02094	0.00580
30	0.01286	0.00732	0.00835	0.00696	0.00918	0.00749	0.00554	0.27815	0.01325	0.20199	0.01449	0.11580	0.01172	0.00611	0.00400	0.00125	0.00331	0.00499	0.28151	0.00573
31	0.00533	0.00390	0.00504	0.00588	0.00636	0.00361	0.00412	0.00625	0.00857	0.01124	0.04270	0.66040	0.12610	0.01278	0.00541	0.00170	0.00255	0.08059	0.00396	0.00353
32	0.00599	0.00414	0.00543	0.01707	0.00686	0.00393	0.00426	0.00726	0.03599	0.04238	0.05524	0.70628	0.05160	0.01236	0.00531	0.00168	0.00258	0.02386	0.00401	0.00376
33	0.12753	0.02128	0.01271	0.54040	0.04524	0.07617	0.06417	0.01179	0.00881	0.01227	0.00785	0.01166	0.00626	0.00442	0.00409	0.00139	0.00552	0.03153	0.00211	0.00483
34	0.04020	0.01312	0.21650	0.04381	0.44192	0.01016	0.13274	0.02621	0.00962	0.01406	0.00796	0.01019	0.00627	0.00386	0.00424	0.00132	0.00563	0.00377	0.00208	0.00636
35	0.01062	0.01068	0.01318	0.46630	0.15248	0.17224	0.01083	0.05011	0.01002	0.02878	0.00775	0.01043	0.00600	0.00424	0.00414	0.00130	0.00581	0.00356	0.00218	0.02936
36	0.03222	0.00439	0.00463	0.00464	0.00595	0.00383	0.00345	0.00658	0.00985	0.01252	0.15761	0.10369	0.61504	0.01046	0.00499	0.00144	0.00219	0.00883	0.00402	0.00368
37	0.00522	0.00386	0.00490	0.00568	0.00618	0.00353	0.00391	0.00609	0.00856	0.01117	0.04524	0.66346	0.16871	0.01273	0.00536	0.00167	0.00244	0.03381	0.00397	0.00351
38	0.00524	0.00424	0.00459	0.00471	0.00587	0.00367	0.00344	0.00632	0.00953	0.01178	0.10992	0.14759	0.58795	0.05257	0.00592	0.00161	0.00232	0.02522	0.00395	0.00357
39	0.00614	0.00468	0.00584	0.00618	0.03697	0.00463	0.00413	0.02122	0.00859	0.01142	0.13349	0.14659	0.21133	0.24288	0.11522	0.00289	0.02336	0.00751	0.00335	0.00359
40	0.07351	0.08258	0.01159	0.00936	0.02337	0.38936	0.00726	0.09089	0.03164	0.06386	0.10673	0.01203	0.02423	0.00524	0.00446	0.00121	0.05080	0.00370	0.00294	0.00524
41	0.14051	0.03778	0.10341	0.05025	0.05364	0.12112	0.04551	0.07433	0.02444	0.06653	0.00807	0.00929	0.00623	0.00422	0.00420	0.00117	0.04960	0.00314	0.00263	0.19393

[dist]
# distance from previous block
# <min> <max>
2	97

[block]
# block no. 7 follows, 62 sequences, length 19
# corresponding to MSA columns:
# 572-590
name=unknown_H
#
# <colnr> <probs for GDERKNQSTAVLIFYWHMCP>
#	G	D	E	R	K	N	Q	S	T	A	V	L	I	F	Y	W	H	M	C	P
0	0.00715	0.00619	0.00608	0.00583	0.00667	0.09372	0.00403	0.00795	0.00830	0.01054	0.10295	0.06796	0.14443	0.35318	0.09897	0.00303	0.01809	0.00633	0.00300	0.04559
1	0.06073	0.13592	0.39258	0.00946	0.01366	0.01006	0.01052	0.09138	0.00972	0.06037	0.00917	0.03237	0.00752	0.06321	0.07389	0.00193	0.00573	0.00365	0.00244	0.00569
2	0.01017	0.12648	0.12075	0.04515	0.13076	0.05635	0.03127	0.04527	0.07490	0.07465	0.04079	0.14883	0.01243	0.00702	0.02951	0.00152	0.00475	0.03092	0.00298	0.00554
3	0.03317	0.00645	0.00634	0.00624	0.00746	0.08203	0.00475	0.03032	0.06811	0.03896	0.06268	0.16169	0.05129	0.03519	0.00493	0.00145	0.01525	0.09417	0.28521	0.00431
4	0.08019	0.02588	0.01127	0.00959	0.01203	0.45041	0.02896	0.16555	0.03729	0.03677	0.00862	0.00947	0.00670	0.00458	0.00378	0.00116	0.00589	0.00320	0.09327	0.00539
5	0.01396	0.02019	0.01187	0.06315	0.16301	0.00907	0.00817	0.22577	0.01291	0.27223	0.03420	0.04733	0.00999	0.00631	0.03451	0.00152	0.02813	0.00441	0.02682	0.00644
6	0.00552	0.00394	0.00495	0.00553	0.00587	0.00378	0.00366	0.00617	0.00773	0.01021	0.02189	0.49310	0.09609	0.23542	0.05651	0.00263	0.00341	0.02683	0.00349	0.00327
7	0.01066	0.00703	0.00761	0.00666	0.00857	0.05092	0.00518	0.11098	0.08906	0.16189	0.21634	0.07268	0.11046	0.00718	0.00443	0.00132	0.00310	0.00601	0.11473	0.00521
8	0.00659	0.00641	0.08235	0.00723	0.00853	0.00593	0.00609	0.00899	0.06220	0.01064	0.01202	0.04400	0.01130	0.09680	0.60447	0.00557	0.00947	0.00483	0.00245	0.00411
9	0.00724	0.04732	0.00616	0.00546	0.00642	0.00520	0.00415	0.02689	0.00862	0.01310	0.03801	0.17921	0.07470	0.01165	0.13115	0.03841	0.03202	0.00600	0.35440	0.00390
10	0.00528	0.00401	0.00485	0.00542	0.00614	0.00362	0.00383	0.00623	0.00883	0.01130	0.05453	0.47456	0.30021	0.03775	0.00580	0.00170	0.00248	0.05599	0.00393	0.00352
11	0.01475	0.01046	0.01199	0.01055	0.08668	0.01130	0.00782	0.54119	0.06947	0.09959	0.01139	0.01226	0.00848	0.05840	0.00533	0.00146	0.00443	0.00409	0.02356	0.00679
12	0.00638	0.00533	0.00631	0.00719	0.06291	0.02942	0.00475	0.00843	0.07546	0.01258	0.12837	0.37883	0.23694	0.01052	0.00505	0.00153	0.00273	0.00926	0.00390	0.00410
13	0.00513	0.00393	0.00470	0.00532	0.00601	0.00351	0.00368	0.00599	0.00873	0.01110	0.03078	0.54696	0.32414	0.01238	0.00528	0.00162	0.00235	0.01093	0.00395	0.00351
14	0.01538	0.01120	0.01265	0.00976	0.01302	0.01223	0.04095	0.68073	0.03905	0.05947	0.01111	0.03754	0.00824	0.00533	0.00430	0.00130	0.00458	0.00419	0.02200	0.00697
15	0.02723	0.04416	0.00977	0.02506	0.04388	0.10352	0.03781	0.09661	0.06009	0.08149	0.17441	0.14497	0.05849	0.00780	0.01354	0.00145	0.00400	0.05695	0.00373	0.00505
16	0.00703	0.00596	0.00638	0.00664	0.05285	0.04610	0.00462	0.06150	0.02210	0.01332	0.12009	0.08850	0.43353	0.02868	0.04389	0.00170	0.00325	0.00756	0.04213	0.00417
17	0.00981	0.00845	0.03840	0.00685	0.01020	0.03120	0.00566	0.07927	0.02954	0.04847	0.01075	0.01187	0.05186	0.02365	0.00401	0.00093	0.01277	0.00331	0.04550	0.56747
18	0.01109	0.04815	0.02408	0.05734	0.24664	0.11925	0.11634	0.08158	0.01041	0.03236	0.02113	0.05143	0.00809	0.00579	0.03179	0.00150	0.08918	0.00419	0.00248	0.03718

[dist]
# distance from previous block
# <min> <max>
0	32

[block]
# block no. 8 follows, 62 sequences, length 15
# corresponding to MSA columns:
# 623-637
name=unknown_I
#
# <colnr> <probs for GDERKNQSTAVLIFYWHMCP>
#	G	D	E	R	K	N	Q	S	T	A	V	L	I	F	Y	W	H	M	C	P
0	0.00876	0.00730	0.00912	0.00798	0.00968	0.03137	0.05965	0.16215	0.06109	0.01481	0.06186	0.17618	0.13658	0.01241	0.15016	0.00240	0.05296	0.00658	0.00345	0.02551
1	0.01026	0.01114	0.03970	0.13719	0.10548	0.09532	0.33070	0.04353	0.06970	0.01362	0.02623	0.03193	0.01967	0.00505	0.02202	0.00147	0.00609	0.00457	0.00247	0.02386
2	0.00882	0.00729	0.00846	0.00666	0.00967	0.00618	0.00519	0.06874	0.06897	0.01455	0.01137	0.16214	0.01084	0.00534	0.00373	0.00094	0.00315	0.00453	0.00304	0.59039
3	0.00531	0.00394	0.00495	0.00551	0.00612	0.00358	0.00382	0.00634	0.00915	0.01210	0.17116	0.54453	0.18392	0.01200	0.00528	0.00160	0.00232	0.01070	0.00408	0.00358
4	0.00610	0.00449	0.00648	0.00648	0.00712	0.00513	0.00487	0.00737	0.00673	0.00961	0.01172	0.01852	0.01142	0.16472	0.70187	0.00640	0.01022	0.00482	0.00233	0.00360
5	0.01331	0.01443	0.01154	0.01011	0.01246	0.39057	0.04050	0.07768	0.30384	0.01461	0.01103	0.01130	0.00855	0.00501	0.00436	0.00127	0.02966	0.00373	0.03027	0.00575
6	0.00590	0.00452	0.00507	0.00495	0.00619	0.00412	0.00370	0.00792	0.05198	0.01409	0.31284	0.07146	0.40509	0.00945	0.00485	0.00138	0.00217	0.00806	0.07232	0.00393
7	0.56635	0.00799	0.00704	0.00606	0.00856	0.00895	0.00495	0.12528	0.00969	0.06133	0.03622	0.00983	0.00735	0.00448	0.00308	0.00127	0.00329	0.00303	0.12023	0.00501
8	0.00598	0.00458	0.00557	0.00591	0.00676	0.00444	0.00424	0.00835	0.10143	0.01305	0.18624	0.44026	0.15602	0.01109	0.00517	0.00158	0.00246	0.02876	0.00414	0.00398
9	0.01269	0.01160	0.01116	0.00980	0.03546	0.21752	0.03121	0.17229	0.09939	0.07296	0.01145	0.01303	0.03627	0.02655	0.05910	0.00172	0.08784	0.01570	0.03279	0.04148
10	0.01200	0.66713	0.06221	0.00816	0.01169	0.15664	0.00788	0.01351	0.00925	0.01026	0.00612	0.00708	0.00546	0.00379	0.00299	0.00096	0.00518	0.00240	0.00188	0.00541
11	0.00594	0.03936	0.00588	0.00555	0.00656	0.00467	0.00411	0.00744	0.04475	0.01144	0.05911	0.25781	0.31634	0.09820	0.04838	0.00208	0.00320	0.07177	0.00368	0.00372
12	0.04272	0.32341	0.19985	0.00926	0.01327	0.03404	0.03665	0.15127	0.05273	0.04828	0.00836	0.00914	0.00649	0.00482	0.02247	0.00128	0.00512	0.00312	0.00258	0.02515
13	0.04621	0.05315	0.02240	0.03414	0.02389	0.06914	0.02499	0.24246	0.04291	0.04142	0.01076	0.03469	0.00959	0.11945	0.08969	0.05410	0.04133	0.03147	0.00308	0.00513
14	0.03028	0.01693	0.00694	0.00740	0.04603	0.04174	0.00516	0.04125	0.00961	0.02996	0.11843	0.44497	0.08424	0.01056	0.00532	0.00158	0.02713	0.06455	0.00379	0.00412

[dist]
# distance from previous block
# <min> <max>
3	20

[block]
# block no. 9 follows, 62 sequences, length 14
# corresponding to MSA columns:
# 658-671
name=unknown_J
#
# <colnr> <probs for GDERKNQSTAVLIFYWHMCP>
#	G	D	E	R	K	N	Q	S	T	A	V	L	I	F	Y	W	H	M	C	P
0	0.04668	0.07729	0.02541	0.05912	0.08569	0.10135	0.05071	0.11513	0.06023	0.04658	0.00994	0.03761	0.02271	0.00573	0.03782	0.00138	0.02020	0.00376	0.00282	0.18985
1	0.52490	0.01003	0.00885	0.00800	0.04048	0.10855	0.02078	0.07912	0.00929	0.05946	0.00721	0.00825	0.00557	0.00437	0.00380	0.00130	0.05434	0.00281	0.01971	0.02320
2	0.00629	0.00448	0.00572	0.00569	0.00614	0.00481	0.00390	0.00734	0.03667	0.00937	0.01384	0.02304	0.04795	0.42845	0.34657	0.03148	0.00692	0.00553	0.00256	0.00324
3	0.00533	0.00428	0.00477	0.00474	0.00596	0.00371	0.00352	0.00666	0.01028	0.01310	0.27242	0.09787	0.53169	0.01035	0.00506	0.00143	0.00213	0.00883	0.00417	0.00371
4	0.11186	0.00756	0.00955	0.00747	0.01065	0.00699	0.00615	0.04222	0.04651	0.68199	0.01545	0.01360	0.00990	0.00514	0.00410	0.00132	0.00360	0.00408	0.00491	0.00693
5	0.01049	0.00757	0.00810	0.00702	0.00890	0.03244	0.00554	0.25192	0.10503	0.01852	0.10152	0.01579	0.01306	0.00923	0.11912	0.00198	0.00443	0.00448	0.26957	0.00528
6	0.01126	0.00947	0.01000	0.00880	0.01132	0.01090	0.00690	0.11720	0.72054	0.01888	0.01646	0.01520	0.01230	0.00569	0.00432	0.00142	0.00353	0.00469	0.00432	0.00680
7	0.08530	0.01167	0.01109	0.03411	0.01254	0.13004	0.00742	0.35040	0.22052	0.04861	0.01122	0.01116	0.00828	0.00499	0.00405	0.00128	0.00461	0.00377	0.00375	0.03520
8	0.01122	0.80863	0.06536	0.00754	0.01132	0.01647	0.00773	0.01278	0.00866	0.01020	0.00601	0.00694	0.00546	0.00366	0.00280	0.00093	0.00464	0.00232	0.00182	0.00550
9	0.00940	0.15194	0.44253	0.01113	0.03994	0.01034	0.07504	0.03672	0.02834	0.03884	0.03457	0.05799	0.03522	0.00493	0.00407	0.00130	0.00536	0.00410	0.00236	0.00588
10	0.00518	0.00432	0.00453	0.00458	0.00593	0.00367	0.00346	0.00635	0.00982	0.01192	0.09604	0.06577	0.70979	0.01075	0.00508	0.00146	0.00223	0.04150	0.00400	0.00363
11	0.00530	0.00389	0.00501	0.00585	0.00633	0.00359	0.00409	0.00619	0.00850	0.01111	0.02617	0.66718	0.14079	0.01284	0.00541	0.00171	0.00254	0.07604	0.00395	0.00351
12	0.00849	0.00763	0.07894	0.05081	0.16611	0.00651	0.00771	0.02890	0.03339	0.07574	0.03351	0.25251	0.05475	0.04908	0.00561	0.00163	0.00386	0.09934	0.00333	0.03214
13	0.00913	0.26533	0.11521	0.00853	0.01128	0.02552	0.06591	0.03894	0.05843	0.01172	0.00948	0.01267	0.00838	0.06970	0.25242	0.00304	0.00691	0.00378	0.01864	0.00499

[dist]
# distance from previous block
# <min> <max>
1	2

[block]
# block no. 10 follows, 62 sequences, length 13
# corresponding to MSA columns:
# 674-686
name=unknown_K
#
# <colnr> <probs for GDERKNQSTAVLIFYWHMCP>
#	G	D	E	R	K	N	Q	S	T	A	V	L	I	F	Y	W	H	M	C	P
0	0.01024	0.13389	0.32137	0.03704	0.10980	0.07104	0.04870	0.03355	0.04454	0.02905	0.00812	0.00951	0.00629	0.00451	0.01909	0.00129	0.00556	0.00324	0.00221	0.10095
1	0.00627	0.00528	0.00607	0.00706	0.04767	0.05311	0.00469	0.00751	0.02588	0.01161	0.06526	0.54471	0.15236	0.01148	0.00518	0.00160	0.00289	0.03371	0.00380	0.00384
2	0.00610	0.00448	0.00643	0.00643	0.00704	0.00509	0.00480	0.00733	0.00672	0.00957	0.01177	0.01880	0.01154	0.18540	0.68135	0.00633	0.01003	0.00486	0.00234	0.00357
3	0.01143	0.70035	0.02112	0.00826	0.01172	0.05699	0.05473	0.01342	0.04736	0.01062	0.00664	0.00764	0.00588	0.00387	0.00328	0.00100	0.02561	0.00262	0.00198	0.00549
4	0.00740	0.00558	0.00741	0.00811	0.09421	0.00551	0.00548	0.04706	0.03355	0.04832	0.20875	0.09384	0.21536	0.01311	0.16046	0.00244	0.00446	0.03078	0.00369	0.00448
5	0.10800	0.04895	0.00852	0.00676	0.00887	0.00707	0.02320	0.08646	0.06086	0.17459	0.21552	0.08426	0.05954	0.00691	0.00430	0.00134	0.00313	0.02447	0.06204	0.00522
6	0.00559	0.00412	0.00516	0.00538	0.00614	0.00378	0.00384	0.00688	0.00991	0.01335	0.34657	0.31390	0.17079	0.05937	0.00614	0.00166	0.00236	0.02723	0.00416	0.00366
7	0.00883	0.01005	0.12369	0.09995	0.27667	0.02550	0.06510	0.02678	0.03188	0.01376	0.11198	0.05259	0.04331	0.02324	0.00492	0.00145	0.00473	0.06733	0.00276	0.00548
8	0.00534	0.00405	0.00486	0.00538	0.00610	0.00366	0.00380	0.00630	0.00887	0.01138	0.07450	0.42690	0.29897	0.06424	0.00631	0.00177	0.00253	0.05764	0.00390	0.00351
9	0.09000	0.05989	0.07836	0.02250	0.01228	0.16236	0.03050	0.09700	0.02173	0.01467	0.00751	0.00872	0.00603	0.00399	0.00391	0.00102	0.03716	0.00289	0.00253	0.33693
10	0.08864	0.12114	0.05007	0.03426	0.07728	0.10564	0.04439	0.18781	0.03830	0.04569	0.03719	0.02332	0.02427	0.04715	0.00492	0.00137	0.01737	0.00384	0.00295	0.04438
11	0.06169	0.07190	0.09957	0.03744	0.08176	0.17603	0.03012	0.08159	0.07041	0.04299	0.02240	0.03679	0.05336	0.00615	0.03669	0.00146	0.02462	0.00399	0.00278	0.05827
12	0.09441	0.13077	0.05735	0.02070	0.01103	0.10172	0.02884	0.11540	0.04531	0.03132	0.07963	0.02670	0.04192	0.03886	0.04157	0.01638	0.07062	0.02833	0.00293	0.01622

[dist]
# distance from previous block
# <min> <max>
5	104

[block]
# block no. 11 follows, 62 sequences, length 20
# corresponding to MSA columns:
# 799-818
name=unknown_L
#
# <colnr> <probs for GDERKNQSTAVLIFYWHMCP>
#	G	D	E	R	K	N	Q	S	T	A	V	L	I	F	Y	W	H	M	C	P
0	0.01149	0.09043	0.03725	0.02263	0.16639	0.13782	0.04764	0.10504	0.07846	0.04435	0.01129	0.05689	0.04508	0.00594	0.02445	0.00141	0.05641	0.00427	0.00283	0.04992
1	0.34524	0.06147	0.03363	0.03381	0.11402	0.16863	0.00731	0.05070	0.03041	0.04633	0.02211	0.03765	0.00717	0.00455	0.00349	0.00125	0.00461	0.00328	0.00269	0.02165
2	0.01079	0.07849	0.19208	0.05768	0.16830	0.09451	0.05110	0.08559	0.07836	0.02441	0.02395	0.03175	0.02042	0.00480	0.00457	0.00130	0.04434	0.00391	0.00255	0.02108
3	0.03453	0.00890	0.05309	0.03553	0.05629	0.03562	0.07722	0.06507	0.03750	0.07084	0.04963	0.06248	0.05044	0.04812	0.01358	0.00137	0.03502	0.00454	0.00300	0.25722
4	0.00648	0.00618	0.05080	0.00643	0.03071	0.03042	0.00489	0.04122	0.00997	0.01287	0.14344	0.23304	0.33739	0.03305	0.01592	0.00159	0.00299	0.00843	0.00376	0.02043
5	0.00932	0.00879	0.01465	0.18412	0.47160	0.00947	0.03100	0.01153	0.00884	0.01240	0.00880	0.04727	0.00798	0.06044	0.02324	0.00167	0.07672	0.00434	0.00216	0.00567
6	0.01807	0.00766	0.00991	0.00765	0.01083	0.00703	0.00630	0.12288	0.01301	0.67588	0.01576	0.01401	0.01013	0.00523	0.00420	0.00129	0.00366	0.00420	0.05524	0.00705
7	0.01122	0.00946	0.00998	0.00879	0.01131	0.01088	0.00689	0.11289	0.72490	0.01883	0.01650	0.01523	0.01233	0.00570	0.00432	0.00142	0.00352	0.00470	0.00432	0.00679
8	0.00861	0.00782	0.01059	0.07108	0.02769	0.04473	0.11326	0.03298	0.00900	0.01249	0.02828	0.03393	0.06697	0.13176	0.02393	0.02541	0.02043	0.00445	0.00260	0.32401
9	0.00896	0.00893	0.01204	0.23989	0.10219	0.08485	0.03623	0.01103	0.02792	0.01160	0.05646	0.06153	0.06097	0.00706	0.03110	0.00166	0.22557	0.00479	0.00242	0.00481
10	0.01050	0.59802	0.26966	0.00877	0.01322	0.01470	0.00987	0.01297	0.00875	0.01107	0.00644	0.00749	0.00544	0.00376	0.00313	0.00104	0.00508	0.00254	0.00181	0.00571
11	0.06258	0.00540	0.00672	0.00668	0.00759	0.00580	0.00499	0.10032	0.00903	0.01287	0.03747	0.29376	0.01748	0.08043	0.19712	0.05803	0.02459	0.06192	0.00325	0.00395
12	0.03958	0.04174	0.24767	0.10941	0.09709	0.05367	0.04856	0.04579	0.02850	0.04774	0.00981	0.09779	0.00857	0.00602	0.02217	0.00152	0.08193	0.00443	0.00246	0.00556
13	0.00928	0.03675	0.01251	0.19685	0.29301	0.00852	0.02099	0.04324	0.04103	0.04226	0.04616	0.09974	0.04371	0.00636	0.02041	0.00147	0.00453	0.02986	0.03786	0.00545
14	0.00627	0.00441	0.00551	0.00551	0.00591	0.00460	0.00367	0.02657	0.00723	0.00986	0.04829	0.10160	0.03714	0.46934	0.24150	0.00439	0.00584	0.00637	0.00279	0.00320
15	0.00891	0.06124	0.14204	0.05814	0.21387	0.03398	0.15119	0.01175	0.02728	0.01291	0.03444	0.11174	0.08626	0.00579	0.00445	0.00136	0.00496	0.00537	0.01887	0.00545
16	0.00864	0.00682	0.00918	0.02618	0.17517	0.02138	0.00675	0.05527	0.06504	0.06306	0.10480	0.17014	0.13151	0.02880	0.08299	0.00200	0.02718	0.00666	0.00346	0.00497
17	0.00639	0.00463	0.00639	0.00723	0.05839	0.00430	0.02233	0.00750	0.00898	0.04833	0.10060	0.49318	0.13574	0.05489	0.00605	0.00172	0.00281	0.02278	0.00385	0.00392
18	0.00789	0.00658	0.02467	0.00786	0.02996	0.03455	0.03939	0.07609	0.01866	0.02535	0.11613	0.06008	0.04084	0.13181	0.30187	0.00373	0.02389	0.04334	0.00304	0.00428
19	0.03104	0.04966	0.05305	0.07057	0.22450	0.15765	0.06235	0.08463	0.02317	0.06066	0.01685	0.03629	0.00756	0.00498	0.00495	0.02636	0.04672	0.00385	0.00258	0.03256

[dist]
# distance from previous block
# <min> <max>
5	111

[block]
# block no. 12 follows, 62 sequences, length 24
# corresponding to MSA columns:
# 958-965,969-984
name=unknown_M
#
# <colnr> <probs for GDERKNQSTAVLIFYWHMCP>
#	G	D	E	R	K	N	Q	S	T	A	V	L	I	F	Y	W	H	M	C	P
