[name]
unknown

[dist]
# distance from previous block
# <min> <max>
0	3

[block]
# block no. 0 follows, 66 sequences, length 19
# corresponding to MSA columns:
# 3-21
name=unknown_A
#
# <colnr> <probs for GDERKNQSTAVLIFYWHMCP>
#	G	D	E	R	K	N	Q	S	T	A	V	L	I	F	Y	W	H	M	C	P
0	0.00778	0.00590	0.00642	0.00583	0.00735	0.00588	0.00446	0.20921	0.01118	0.01435	0.05046	0.08615	0.36767	0.13523	0.00705	0.00176	0.00307	0.06241	0.00366	0.00417
1	0.01009	0.41228	0.19821	0.01045	0.01443	0.01301	0.18567	0.04836	0.00899	0.01174	0.00672	0.00818	0.00548	0.00379	0.00395	0.00113	0.04709	0.00306	0.00191	0.00547
2	0.01006	0.00971	0.01785	0.05528	0.05375	0.00966	0.45876	0.17331	0.01110	0.01506	0.01004	0.09640	0.00857	0.00550	0.02886	0.00150	0.00578	0.00510	0.01826	0.00545
3	0.00539	0.00379	0.00454	0.00493	0.00518	0.00361	0.00310	0.00583	0.00714	0.00942	0.04004	0.37624	0.09718	0.40098	0.01225	0.00266	0.00304	0.00856	0.00318	0.00294
4	0.00900	0.00581	0.03210	0.00683	0.04569	0.00511	0.00509	0.03086	0.05208	0.19842	0.19453	0.18095	0.17480	0.00808	0.00453	0.00135	0.00276	0.00699	0.03028	0.00474
5	0.00514	0.00412	0.00459	0.00447	0.00569	0.00357	0.00335	0.00649	0.01006	0.01290	0.32932	0.03585	0.54104	0.00955	0.00479	0.00134	0.00200	0.00811	0.00402	0.00357
6	0.00587	0.00392	0.00443	0.00447	0.00447	0.00391	0.00250	0.00589	0.00596	0.00795	0.01310	0.05400	0.01515	0.82942	0.02014	0.00386	0.00388	0.00609	0.00250	0.00249
7	0.01082	0.07738	0.05556	0.07464	0.07701	0.03062	0.02061	0.07789	0.45144	0.06123	0.01283	0.01263	0.00961	0.00486	0.00397	0.00129	0.00401	0.00402	0.00343	0.00616
8	0.02155	0.07810	0.05046	0.00673	0.00996	0.00727	0.00573	0.08233	0.05336	0.06689	0.03112	0.03629	0.00846	0.04337	0.00416	0.00101	0.00343	0.00332	0.00282	0.48365
9	0.16408	0.01001	0.01283	0.01059	0.05492	0.03137	0.16246	0.31999	0.08058	0.04066	0.00953	0.02392	0.00739	0.03659	0.00469	0.00138	0.01613	0.00389	0.00319	0.00581
10	0.88607	0.00785	0.00596	0.00534	0.00785	0.00910	0.00439	0.01193	0.00690	0.01820	0.00565	0.00659	0.00439	0.00377	0.00251	0.00126	0.00314	0.00220	0.00251	0.00439
11	0.00887	0.03717	0.05592	0.06066	0.17036	0.04874	0.23760	0.02191	0.08306	0.01255	0.02575	0.10659	0.06297	0.04342	0.00511	0.00144	0.00490	0.00526	0.00257	0.00515
12	0.00570	0.00430	0.00529	0.00511	0.00615	0.00400	0.00380	0.00778	0.04825	0.01480	0.57508	0.10474	0.18203	0.00892	0.00479	0.00133	0.00204	0.00781	0.00426	0.00383
13	0.00613	0.00686	0.11249	0.03141	0.00852	0.03915	0.00582	0.00748	0.00813	0.01089	0.06262	0.55986	0.03596	0.03370	0.00574	0.00161	0.04757	0.00898	0.00327	0.00380
14	0.00605	0.00413	0.00588	0.00588	0.00637	0.00460	0.00431	0.00677	0.00628	0.00894	0.01071	0.01730	0.01052	0.17734	0.54669	0.13665	0.00827	0.00449	0.02568	0.00314
15	0.04601	0.01099	0.03738	0.02800	0.20465	0.07964	0.33356	0.08408	0.01018	0.04473	0.00832	0.02362	0.00659	0.00445	0.01625	0.00137	0.04808	0.00408	0.00236	0.00565
16	0.00710	0.01939	0.02154	0.00930	0.13059	0.00629	0.01666	0.03551	0.02110	0.01066	0.02084	0.03350	0.01126	0.18896	0.39363	0.00426	0.02823	0.03474	0.00239	0.00407
17	0.03055	0.01622	0.14118	0.01119	0.05130	0.43366	0.07122	0.07699	0.04178	0.05127	0.00794	0.00891	0.00610	0.00419	0.00381	0.00115	0.00616	0.00314	0.02788	0.00535
18	0.04385	0.03668	0.00967	0.00799	0.02364	0.18463	0.03069	0.06065	0.07398	0.07259	0.02731	0.04203	0.00877	0.00590	0.04264	0.00133	0.04223	0.00364	0.11107	0.17070

[dist]
# distance from previous block
# <min> <max>
2	8

[block]
# block no. 1 follows, 66 sequences, length 18
# corresponding to MSA columns:
# 30-47
name=unknown_B
#
# <colnr> <probs for GDERKNQSTAVLIFYWHMCP>
#	G	D	E	R	K	N	Q	S	T	A	V	L	I	F	Y	W	H	M	C	P
0	0.02672	0.03544	0.01215	0.05864	0.02609	0.13664	0.08429	0.27443	0.08399	0.06821	0.02285	0.04131	0.04193	0.02337	0.00488	0.00133	0.04469	0.00421	0.00322	0.00563
1	0.03588	0.00752	0.01279	0.00968	0.01247	0.00683	0.29415	0.01056	0.00946	0.05799	0.13554	0.04984	0.13483	0.00562	0.00453	0.00121	0.02292	0.00536	0.00297	0.17985
2	0.00663	0.00472	0.00532	0.00497	0.00609	0.00445	0.00356	0.05160	0.03017	0.03912	0.19565	0.05300	0.28322	0.22920	0.00873	0.00198	0.00274	0.00685	0.03722	0.02479
3	0.01448	0.05023	0.01153	0.01003	0.01211	0.76437	0.00759	0.01558	0.01137	0.01026	0.05112	0.00854	0.00703	0.00438	0.00368	0.00105	0.00691	0.00285	0.00221	0.00467
4	0.03483	0.12358	0.09452	0.08945	0.17272	0.01021	0.05322	0.12711	0.04502	0.17624	0.00954	0.01034	0.00698	0.00427	0.00406	0.00122	0.02421	0.00352	0.00290	0.00605
5	0.00566	0.00401	0.00487	0.00505	0.00528	0.00401	0.00323	0.00613	0.00712	0.00958	0.09240	0.26210	0.05573	0.46011	0.02825	0.00290	0.02992	0.00765	0.00305	0.00295
6	0.00502	0.00409	0.00444	0.00441	0.00563	0.00351	0.00328	0.00624	0.00970	0.01215	0.22178	0.07348	0.61227	0.00993	0.00481	0.00136	0.00204	0.00841	0.00393	0.00351
7	0.01334	0.04667	0.01190	0.00923	0.01174	0.15280	0.04659	0.38474	0.01380	0.07696	0.00956	0.02836	0.00752	0.01842	0.07786	0.00172	0.05789	0.00375	0.02139	0.00575
8	0.01120	0.17526	0.12600	0.01159	0.05375	0.05796	0.17602	0.13809	0.05110	0.05096	0.00813	0.00944	0.00631	0.00436	0.00494	0.00125	0.10195	0.00351	0.00246	0.00571
9	0.00550	0.00469	0.02302	0.02678	0.00674	0.02323	0.00408	0.00665	0.00887	0.01154	0.17871	0.34407	0.25309	0.05415	0.02838	0.00172	0.00277	0.00883	0.00366	0.00352
10	0.00564	0.00409	0.00474	0.00475	0.00567	0.00368	0.00338	0.00667	0.00901	0.03541	0.20710	0.15178	0.35823	0.15900	0.00763	0.00185	0.00247	0.02176	0.00373	0.00343
11	0.03103	0.03713	0.00891	0.00744	0.00958	0.18930	0.00583	0.17711	0.12315	0.04499	0.04405	0.04860	0.24299	0.00666	0.00417	0.00125	0.00401	0.00527	0.00348	0.00504
12	0.02308	0.05875	0.25114	0.04252	0.01491	0.07004	0.06911	0.33931	0.03992	0.02895	0.00876	0.00983	0.00647	0.00441	0.00395	0.00124	0.00523	0.01338	0.00288	0.00611
13	0.06275	0.05413	0.10188	0.00886	0.04482	0.02913	0.02839	0.10859	0.16125	0.01517	0.00899	0.00976	0.00703	0.00414	0.00405	0.00107	0.05004	0.00318	0.00275	0.29404
14	0.00938	0.00683	0.00955	0.15392	0.05148	0.01973	0.04589	0.06737	0.03495	0.12772	0.15200	0.06253	0.06617	0.00743	0.05355	0.00158	0.03163	0.00510	0.03435	0.05883
15	0.01045	0.00944	0.03463	0.09849	0.16617	0.10371	0.00801	0.05966	0.19004	0.08218	0.08609	0.03926	0.04697	0.00541	0.00414	0.00127	0.00420	0.01732	0.00321	0.02935
16	0.00949	0.05322	0.12426	0.11560	0.17443	0.07650	0.03704	0.03190	0.12035	0.03668	0.02901	0.04605	0.04038	0.00628	0.04224	0.00153	0.01691	0.03013	0.00261	0.00539
17	0.00933	0.07350	0.09635	0.06961	0.11321	0.09741	0.00797	0.11185	0.02897	0.01326	0.04875	0.19877	0.04703	0.00655	0.00454	0.00130	0.03774	0.00546	0.00283	0.02557

[dist]
# distance from previous block
# <min> <max>
0	88

[block]
# block no. 2 follows, 66 sequences, length 9
# corresponding to MSA columns:
# 136-144
name=unknown_C
#
# <colnr> <probs for GDERKNQSTAVLIFYWHMCP>
#	G	D	E	R	K	N	Q	S	T	A	V	L	I	F	Y	W	H	M	C	P
0	0.03025	0.01147	0.03359	0.04289	0.09489	0.16076	0.10913	0.21597	0.07419	0.03512	0.01011	0.04927	0.02629	0.00547	0.01837	0.00138	0.06827	0.00411	0.00288	0.00560
1	0.02963	0.00777	0.00989	0.04229	0.20618	0.04563	0.00719	0.07842	0.11828	0.05649	0.08932	0.13480	0.05110	0.03333	0.01929	0.00148	0.02298	0.00545	0.01684	0.02364
2	0.04152	0.32219	0.04597	0.24767	0.08764	0.06115	0.00879	0.05086	0.00907	0.03676	0.00734	0.02998	0.00613	0.00405	0.00344	0.00112	0.00478	0.00313	0.00211	0.02630
3	0.17312	0.07617	0.01049	0.02705	0.04538	0.09460	0.05129	0.13580	0.02942	0.01420	0.00911	0.05935	0.00851	0.15044	0.00695	0.00167	0.04560	0.00399	0.00264	0.05421
4	0.00681	0.00513	0.00660	0.00626	0.00686	0.00585	0.00455	0.05151	0.04641	0.01007	0.01139	0.01917	0.01150	0.35060	0.36808	0.00459	0.07374	0.00487	0.00245	0.00354
5	0.05201	0.00879	0.00889	0.00809	0.04714	0.08508	0.00607	0.17802	0.21162	0.11054	0.03551	0.01385	0.04051	0.00514	0.00378	0.00120	0.00361	0.00407	0.17043	0.00564
6	0.05045	0.00539	0.00662	0.00600	0.00750	0.00532	0.00457	0.05886	0.02836	0.19467	0.11464	0.13139	0.10348	0.09838	0.14149	0.00244	0.00422	0.00606	0.02567	0.00449
7	0.00879	0.00771	0.02922	0.02995	0.26489	0.02904	0.06317	0.02372	0.00942	0.05563	0.01511	0.07011	0.04671	0.00732	0.00505	0.00151	0.03396	0.29074	0.00297	0.00498
8	0.00687	0.00506	0.00716	0.07427	0.08149	0.00551	0.00534	0.03242	0.00741	0.01061	0.03431	0.01756	0.01115	0.22115	0.33257	0.04265	0.00655	0.00457	0.08965	0.00370

[dist]
# distance from previous block
# <min> <max>
0	9

[block]
# block no. 3 follows, 66 sequences, length 11
# corresponding to MSA columns:
# 154-164
name=unknown_D
#
# <colnr> <probs for GDERKNQSTAVLIFYWHMCP>
#	G	D	E	R	K	N	Q	S	T	A	V	L	I	F	Y	W	H	M	C	P
0	0.03120	0.13169	0.06184	0.02999	0.05331	0.04141	0.00637	0.02478	0.03690	0.01262	0.02093	0.06824	0.00893	0.03459	0.00403	0.00106	0.00371	0.03083	0.03224	0.36534
1	0.09732	0.12925	0.13053	0.08549	0.12587	0.09310	0.03252	0.06320	0.05022	0.02772	0.00762	0.00919	0.00609	0.01658	0.00421	0.00120	0.04109	0.00312	0.00228	0.07339
2	0.00563	0.00430	0.00546	0.04828	0.02631	0.00415	0.00425	0.00720	0.04349	0.01176	0.12269	0.42192	0.20069	0.02451	0.00506	0.00151	0.00249	0.00901	0.04764	0.00367
3	0.00658	0.00503	0.00627	0.00603	0.00695	0.02510	0.00454	0.04728	0.03194	0.01124	0.12366	0.02095	0.11540	0.10032	0.40742	0.06271	0.00681	0.00529	0.00282	0.00366
4	0.00833	0.00482	0.00595	0.00547	0.00644	0.00473	0.00382	0.00972	0.05457	0.16320	0.11916	0.04158	0.04533	0.41061	0.09613	0.00307	0.00414	0.00573	0.00333	0.00385
5	0.01026	0.00584	0.00730	0.00640	0.00818	0.00565	0.00496	0.06422	0.10776	0.24668	0.32688	0.13324	0.04058	0.00746	0.00452	0.00133	0.00273	0.00645	0.00445	0.00512
6	0.00744	0.00501	0.00605	0.00588	0.00711	0.00486	0.00450	0.08212	0.03792	0.06793	0.20637	0.23757	0.15025	0.00918	0.00471	0.00142	0.00262	0.09296	0.06191	0.00419
7	0.00763	0.00581	0.00681	0.00631	0.00772	0.00627	0.00486	0.09029	0.18074	0.01428	0.13836	0.04215	0.12540	0.03916	0.22931	0.00277	0.00493	0.00552	0.07717	0.00451
8	0.00615	0.00471	0.00637	0.00617	0.00658	0.00545	0.00451	0.00701	0.00635	0.00896	0.01188	0.01963	0.03729	0.32038	0.42967	0.00490	0.10348	0.00494	0.00228	0.00330
9	0.01259	0.27360	0.03918	0.00803	0.01141	0.01024	0.06831	0.12163	0.01085	0.22547	0.04785	0.01061	0.00841	0.00422	0.00354	0.00105	0.00406	0.00336	0.00314	0.13248
10	0.03275	0.01076	0.10508	0.00844	0.01162	0.04639	0.00753	0.38220	0.01424	0.17252	0.05004	0.01424	0.06995	0.00541	0.00409	0.00124	0.00420	0.02614	0.00379	0.02938

[dist]
# distance from previous block
# <min> <max>
4	9

[block]
# block no. 4 follows, 66 sequences, length 17
# corresponding to MSA columns:
# 174-190
name=unknown_E
#
# <colnr> <probs for GDERKNQSTAVLIFYWHMCP>
#	G	D	E	R	K	N	Q	S	T	A	V	L	I	F	Y	W	H	M	C	P
0	0.01020	0.11978	0.14108	0.11069	0.17298	0.05276	0.09765	0.03577	0.02355	0.06932	0.02321	0.01089	0.00719	0.00415	0.00403	0.00119	0.01978	0.02380	0.00233	0.06964
1	0.00947	0.02529	0.23287	0.05871	0.22058	0.10437	0.03853	0.03726	0.04692	0.01236	0.00851	0.02694	0.00715	0.03790	0.08179	0.00184	0.03823	0.00370	0.00214	0.00544
2	0.01085	0.00674	0.04137	0.00633	0.00879	0.00568	0.00527	0.08733	0.02203	0.28383	0.09797	0.06049	0.24645	0.00693	0.00428	0.00124	0.00301	0.00577	0.00406	0.09158
3	0.04537	0.12635	0.26629	0.09185	0.14570	0.04036	0.06489	0.04942	0.00898	0.02520	0.00782	0.01044	0.00642	0.06913	0.02398	0.00153	0.00536	0.00341	0.00207	0.00540
4	0.01033	0.04048	0.28187	0.01297	0.04391	0.04897	0.26950	0.14395	0.01066	0.02445	0.00831	0.03206	0.00645	0.00427	0.00461	0.00131	0.04387	0.00392	0.00233	0.00577
5	0.00747	0.00552	0.00621	0.00590	0.00700	0.00578	0.00421	0.04749	0.21595	0.03041	0.11975	0.14927	0.07969	0.25258	0.00912	0.00211	0.00305	0.00658	0.03771	0.00418
6	0.00515	0.00368	0.00467	0.00532	0.00575	0.00341	0.00361	0.00602	0.00823	0.01108	0.10448	0.62178	0.10525	0.05095	0.00573	0.00166	0.00234	0.01026	0.03729	0.00334
7	0.02328	0.14633	0.03996	0.06796	0.19131	0.07392	0.04399	0.11033	0.02468	0.06980	0.04874	0.03605	0.07388	0.00503	0.00416	0.00121	0.02700	0.00415	0.00274	0.00548
8	0.15996	0.15354	0.00956	0.00711	0.03392	0.08088	0.00550	0.05318	0.04928	0.04767	0.05082	0.20466	0.09022	0.00701	0.00391	0.00129	0.00353	0.03026	0.00312	0.00457
9	0.10677	0.00570	0.02060	0.00572	0.00745	0.00533	0.00457	0.04728	0.04061	0.12512	0.19544	0.09680	0.26336	0.00813	0.00444	0.00136	0.00268	0.05030	0.00393	0.00441
10	0.00801	0.00711	0.01020	0.01207	0.23068	0.02214	0.05423	0.03405	0.13533	0.01282	0.03822	0.25396	0.07104	0.03232	0.04508	0.00172	0.01641	0.00660	0.00310	0.00491
11	0.02827	0.03841	0.01348	0.08927	0.35454	0.06783	0.03440	0.09333	0.08504	0.06479	0.01082	0.02908	0.04698	0.00464	0.00420	0.00125	0.02108	0.00402	0.00270	0.00585
12	0.00626	0.00489	0.00582	0.00616	0.00702	0.00501	0.00438	0.00972	0.20933	0.01244	0.07881	0.54074	0.07266	0.01048	0.00487	0.00154	0.00252	0.00935	0.00390	0.00411
13	0.00628	0.00393	0.00544	0.00544	0.00568	0.00417	0.00372	0.00613	0.00589	0.00809	0.01008	0.01787	0.01043	0.27630	0.29484	0.32036	0.00612	0.00452	0.00211	0.00260
14	0.00915	0.11663	0.17034	0.04556	0.03465	0.10621	0.00777	0.03400	0.07497	0.05095	0.06855	0.17865	0.06273	0.01671	0.00431	0.00132	0.00425	0.00543	0.00291	0.00492
15	0.01308	0.01280	0.08474	0.01339	0.18997	0.12639	0.05036	0.39094	0.04699	0.01866	0.00879	0.00965	0.00660	0.00437	0.00402	0.00121	0.00514	0.00354	0.00304	0.00632
16	0.00626	0.00454	0.00560	0.00592	0.00661	0.00453	0.00419	0.06705	0.05192	0.01233	0.09022	0.53216	0.04217	0.07163	0.02832	0.00184	0.00288	0.03207	0.02600	0.00375

[dist]
# distance from previous block
# <min> <max>
0	31

[block]
# block no. 5 follows, 66 sequences, length 24
# corresponding to MSA columns:
# 223-246
name=unknown_F
#
# <colnr> <probs for GDERKNQSTAVLIFYWHMCP>
#	G	D	E	R	K	N	Q	S	T	A	V	L	I	F	Y	W	H	M	C	P
0	0.03947	0.31866	0.12288	0.02116	0.05346	0.07034	0.09265	0.02222	0.07990	0.01211	0.04576	0.02908	0.00803	0.00436	0.00394	0.00114	0.04133	0.00342	0.00226	0.02782
1	0.02275	0.03009	0.07218	0.02489	0.02093	0.00583	0.00545	0.05692	0.03613	0.01220	0.07534	0.29920	0.14508	0.08766	0.01585	0.00172	0.03758	0.02093	0.00328	0.02599
2	0.03077	0.09564	0.19762	0.03786	0.04787	0.06888	0.02884	0.12607	0.04097	0.09487	0.06051	0.08432	0.02434	0.01624	0.00416	0.00127	0.00448	0.00437	0.02546	0.00547
3	0.00990	0.00949	0.01602	0.06938	0.72638	0.00964	0.03032	0.01282	0.05172	0.01328	0.00808	0.01037	0.00667	0.00373	0.00404	0.00123	0.00481	0.00369	0.00211	0.00630
4	0.00575	0.00390	0.00457	0.00472	0.00483	0.00386	0.00283	0.00598	0.00646	0.00862	0.03456	0.15065	0.03181	0.66389	0.02994	0.00348	0.00372	0.02501	0.00275	0.00268
5	0.05986	0.30683	0.16316	0.05729	0.14363	0.04697	0.03979	0.01309	0.05956	0.03074	0.00739	0.00867	0.00596	0.00389	0.00365	0.00113	0.02596	0.00298	0.00208	0.01737
6	0.02704	0.03354	0.14380	0.04396	0.33228	0.04891	0.09830	0.07882	0.03660	0.08490	0.00865	0.01008	0.00657	0.00394	0.00398	0.00122	0.00508	0.00358	0.00247	0.02629
7	0.00557	0.00401	0.00547	0.00577	0.00619	0.00424	0.00408	0.00648	0.00692	0.00956	0.03311	0.27542	0.01716	0.21157	0.36573	0.00424	0.00636	0.02206	0.00280	0.00327
8	0.00579	0.00399	0.00471	0.00480	0.00526	0.00381	0.00311	0.00638	0.00753	0.02787	0.10527	0.17547	0.15751	0.42668	0.04199	0.00285	0.00335	0.00741	0.00317	0.00305
9	0.03915	0.23053	0.09936	0.13328	0.17905	0.06443	0.02884	0.01319	0.06771	0.05662	0.02055	0.01014	0.01990	0.00414	0.00376	0.00117	0.01709	0.00332	0.00228	0.00550
10	0.00811	0.00485	0.00628	0.00605	0.00725	0.00468	0.00453	0.02726	0.04936	0.15898	0.17909	0.29021	0.06796	0.04130	0.09680	0.00209	0.00356	0.03339	0.00393	0.00430
11	0.00996	0.01002	0.01755	0.07278	0.51348	0.03455	0.21376	0.03273	0.00962	0.01329	0.02784	0.01072	0.00705	0.00376	0.00422	0.00125	0.00536	0.00397	0.00212	0.00596
12	0.00572	0.00420	0.00563	0.00621	0.03932	0.00432	0.00407	0.00655	0.00705	0.00960	0.03661	0.23542	0.06670	0.27959	0.26659	0.00381	0.00553	0.00697	0.00282	0.00328
13	0.02465	0.11386	0.23968	0.01130	0.06908	0.26628	0.06029	0.05116	0.04938	0.06567	0.00796	0.00887	0.00606	0.00407	0.00374	0.00116	0.00578	0.00310	0.00232	0.00560
14	0.01000	0.13816	0.40669	0.01101	0.02625	0.08262	0.10188	0.07616	0.03788	0.02495	0.01916	0.01007	0.01739	0.00418	0.00384	0.00122	0.00556	0.01505	0.00220	0.00572
15	0.00692	0.00523	0.00587	0.00589	0.00686	0.02521	0.00425	0.10472	0.02305	0.02406	0.04997	0.37978	0.17658	0.11690	0.00685	0.00180	0.00295	0.04563	0.00364	0.00383
16	0.05012	0.00896	0.13638	0.01002	0.13358	0.03864	0.02137	0.03665	0.04833	0.01339	0.08814	0.04812	0.15321	0.02596	0.00479	0.00145	0.00389	0.14904	0.02323	0.00473
17	0.03544	0.01076	0.08145	0.03654	0.35535	0.09141	0.03756	0.07415	0.02417	0.09771	0.04033	0.02983	0.02938	0.00449	0.00401	0.00121	0.00472	0.00393	0.00269	0.03488
18	0.06531	0.03492	0.04707	0.02028	0.09832	0.03705	0.06036	0.11109	0.05719	0.04072	0.07723	0.20007	0.03569	0.01705	0.06518	0.00173	0.00436	0.00580	0.00315	0.01742
19	0.03443	0.04797	0.04067	0.01424	0.31770	0.04729	0.02358	0.14856	0.06136	0.01509	0.07262	0.03427	0.03089	0.03776	0.04242	0.00156	0.00464	0.00424	0.00279	0.01792
20	0.05974	0.08026	0.04550	0.02968	0.03864	0.07088	0.21041	0.04699	0.09049	0.08132	0.05671	0.06554	0.05060	0.00515	0.00422	0.00126	0.01529	0.00464	0.00290	0.03978
21	0.04476	0.01120	0.10506	0.01233	0.17941	0.11625	0.07326	0.08291	0.10109	0.04479	0.10113	0.01340	0.03604	0.01446	0.00422	0.00125	0.00461	0.00412	0.00288	0.04683
22	0.05163	0.03464	0.11678	0.05016	0.08323	0.12802	0.04581	0.08837	0.06287	0.05071	0.09590	0.05750	0.02535	0.02480	0.00460	0.00132	0.02015	0.02277	0.00289	0.03249
23	0.04018	0.05229	0.07187	0.04485	0.16176	0.07868	0.05547	0.11290	0.11414	0.04988	0.02260	0.04375	0.02821	0.02551	0.00432	0.00126	0.00449	0.00401	0.00283	0.08100

[dist]
# distance from previous block
# <min> <max>
11	81

[block]
# block no. 6 follows, 66 sequences, length 16
# corresponding to MSA columns:
# 328-343
name=unknown_G
#
# <colnr> <probs for GDERKNQSTAVLIFYWHMCP>
#	G	D	E	R	K	N	Q	S	T	A	V	L	I	F	Y	W	H	M	C	P
0	0.03735	0.02419	0.02759	0.01484	0.30685	0.12046	0.06930	0.06241	0.08202	0.07731	0.04396	0.02504	0.00862	0.00440	0.00411	0.00119	0.01845	0.00382	0.00273	0.06537
1	0.01041	0.00964	0.01408	0.04658	0.29030	0.05912	0.13143	0.07808	0.13555	0.04095	0.04214	0.02729	0.01868	0.00471	0.00440	0.00127	0.02311	0.02255	0.00279	0.03691
2	0.06421	0.02962	0.03041	0.01294	0.22128	0.05938	0.08675	0.12141	0.10909	0.04460	0.03352	0.07068	0.03270	0.00500	0.00402	0.00123	0.00434	0.00439	0.00294	0.06148
3	0.10230	0.02398	0.03626	0.01116	0.14199	0.05860	0.09249	0.09648	0.11117	0.12358	0.04481	0.03532	0.06737	0.00507	0.00400	0.00125	0.00419	0.00434	0.00321	0.03242
4	0.11392	0.01032	0.01204	0.04125	0.11466	0.10061	0.08644	0.22624	0.07549	0.06122	0.01011	0.02698	0.02838	0.00455	0.00387	0.00120	0.00457	0.00376	0.00305	0.07133
5	0.16581	0.01095	0.01117	0.01185	0.18449	0.18893	0.03570	0.09762	0.12426	0.04372	0.07830	0.01140	0.00950	0.00459	0.00379	0.00122	0.00458	0.00366	0.00293	0.00551
6	0.10900	0.00936	0.01398	0.01803	0.48773	0.03908	0.06173	0.05962	0.00978	0.05943	0.03637	0.03096	0.02572	0.00436	0.00410	0.00124	0.01719	0.00394	0.00251	0.00587
7	0.08830	0.00961	0.01533	0.02013	0.56970	0.02779	0.08846	0.03492	0.02755	0.04862	0.02599	0.01047	0.00718	0.00386	0.00397	0.00123	0.00475	0.00370	0.00234	0.00609
8	0.17396	0.00798	0.00830	0.00756	0.00956	0.07617	0.02456	0.13450	0.05520	0.10262	0.01485	0.08377	0.03761	0.01986	0.00454	0.00148	0.00389	0.22517	0.00352	0.00488
9	0.00766	0.00721	0.01217	0.84767	0.02794	0.00901	0.01127	0.01037	0.00811	0.01037	0.00721	0.01082	0.00541	0.00406	0.00406	0.00135	0.00541	0.00361	0.00180	0.00451
10	0.00956	0.00914	0.01546	0.10161	0.71589	0.00928	0.01188	0.01193	0.00913	0.01287	0.00922	0.01153	0.04646	0.00398	0.00406	0.00123	0.00474	0.00385	0.00207	0.00610
11	0.00705	0.00352	0.00529	0.00529	0.00529	0.00352	0.00352	0.00529	0.00529	0.00705	0.00705	0.01233	0.00705	0.01409	0.01586	0.88196	0.00352	0.00352	0.00176	0.00176
12	0.43873	0.24059	0.01083	0.00642	0.00901	0.10883	0.00549	0.02968	0.00848	0.01472	0.06913	0.00928	0.02671	0.00425	0.00293	0.00113	0.00387	0.00281	0.00246	0.00464
13	0.11235	0.08952	0.01148	0.26922	0.01600	0.13470	0.02302	0.05676	0.04431	0.13729	0.00996	0.01142	0.03390	0.00453	0.00374	0.00123	0.00475	0.01579	0.00274	0.01731
14	0.14840	0.47597	0.03239	0.00790	0.01106	0.14198	0.04120	0.05997	0.00931	0.03063	0.00635	0.00723	0.00533	0.00375	0.00299	0.00101	0.00474	0.00250	0.00213	0.00517
15	0.61508	0.01046	0.17104	0.00736	0.01057	0.00904	0.05738	0.01195	0.00738	0.01639	0.00639	0.00771	0.00493	0.00506	0.04376	0.00152	0.00431	0.00262	0.00231	0.00474

[dist]
# distance from previous block
# <min> <max>
2	12

[block]
# block no. 7 follows, 66 sequences, length 12
# corresponding to MSA columns:
# 356-367
name=unknown_H
#
# <colnr> <probs for GDERKNQSTAVLIFYWHMCP>
#	G	D	E	R	K	N	Q	S	T	A	V	L	I	F	Y	W	H	M	C	P
0	0.06911	0.15783	0.08314	0.00864	0.03017	0.05750	0.00753	0.24874	0.06439	0.10930	0.04217	0.03499	0.00939	0.00513	0.00394	0.00122	0.01732	0.04042	0.00327	0.00580
1	0.07939	0.04575	0.09742	0.01083	0.11071	0.02439	0.04214	0.28478	0.08977	0.09154	0.03600	0.01109	0.00825	0.01976	0.00433	0.00128	0.01684	0.00370	0.00326	0.01875
2	0.03354	0.05573	0.07115	0.00902	0.04724	0.03985	0.05419	0.13095	0.11017	0.18609	0.08713	0.03360	0.05145	0.00535	0.00425	0.00124	0.02301	0.00441	0.00353	0.04809
3	0.00494	0.00353	0.00471	0.00565	0.00588	0.00330	0.00377	0.00565	0.00777	0.01036	0.02236	0.85477	0.02683	0.01271	0.00518	0.00165	0.00235	0.01153	0.00377	0.00330
4	0.01085	0.85986	0.02126	0.00694	0.01041	0.01605	0.00694	0.01215	0.00824	0.00955	0.00564	0.00651	0.00521	0.00347	0.00260	0.00087	0.00434	0.00217	0.00174	0.00521
5	0.00587	0.00406	0.00505	0.00505	0.00527	0.00428	0.00324	0.00630	0.00609	0.00833	0.01221	0.02336	0.01337	0.60900	0.26718	0.00471	0.00602	0.00543	0.00237	0.00281
6	0.01559	0.01110	0.01201	0.00921	0.01245	0.01219	0.00761	0.77097	0.01863	0.07380	0.01011	0.00998	0.00709	0.00488	0.00406	0.00122	0.00440	0.00368	0.00412	0.00690
7	0.05474	0.03132	0.24211	0.02741	0.01310	0.09667	0.00896	0.15018	0.10320	0.12808	0.03000	0.01053	0.00779	0.00444	0.00380	0.00119	0.00469	0.00341	0.00304	0.07534
8	0.15213	0.07343	0.06912	0.00881	0.05602	0.04915	0.00719	0.27668	0.03498	0.08093	0.01117	0.05560	0.05136	0.00512	0.00388	0.00122	0.01768	0.00390	0.00321	0.03840
9	0.10170	0.07125	0.02739	0.07623	0.07260	0.17716	0.08851	0.12932	0.05540	0.05916	0.02551	0.02926	0.00744	0.00446	0.00397	0.00120	0.02171	0.00356	0.00272	0.04144
10	0.08129	0.20317	0.08223	0.02946	0.04636	0.08537	0.01992	0.11700	0.10219	0.05199	0.03007	0.01241	0.06784	0.00488	0.00382	0.00118	0.02042	0.01561	0.00282	0.02197
11	0.07656	0.11915	0.10759	0.01069	0.08427	0.07334	0.10718	0.10732	0.04711	0.09512	0.02091	0.02562	0.02304	0.00482	0.01707	0.00127	0.01808	0.00365	0.00274	0.05445

[dist]
# distance from previous block
# <min> <max>
7	34

[block]
# block no. 8 follows, 66 sequences, length 8
# corresponding to MSA columns:
# 402-409
name=unknown_I
#
# <colnr> <probs for GDERKNQSTAVLIFYWHMCP>
#	G	D	E	R	K	N	Q	S	T	A	V	L	I	F	Y	W	H	M	C	P
0	0.12000	0.07866	0.03623	0.02395	0.00966	0.03978	0.11257	0.00965	0.00946	0.03091	0.25951	0.06948	0.13970	0.03745	0.00480	0.00138	0.00349	0.00581	0.00322	0.00428
1	0.01184	0.43397	0.01581	0.00816	0.01080	0.27857	0.00704	0.03977	0.03107	0.01098	0.07784	0.00925	0.00833	0.00435	0.00363	0.00102	0.03743	0.00292	0.00223	0.00498
2	0.09235	0.07996	0.11943	0.05319	0.21702	0.05189	0.04023	0.08743	0.05623	0.03045	0.07623	0.03648	0.00953	0.00458	0.00384	0.00121	0.00450	0.00386	0.00263	0.02899
3	0.01178	0.15907	0.14007	0.00931	0.05871	0.06451	0.00813	0.19636	0.07463	0.11393	0.01261	0.05073	0.07246	0.00520	0.00386	0.00120	0.00438	0.00409	0.00313	0.00582
4	0.03071	0.10095	0.03015	0.01053	0.09167	0.13926	0.05777	0.13997	0.03142	0.28619	0.01044	0.01049	0.00741	0.00449	0.00414	0.00120	0.03024	0.00352	0.00336	0.00609
5	0.00664	0.00515	0.00528	0.00523	0.00549	0.06964	0.00329	0.00682	0.00645	0.00825	0.01209	0.05411	0.01349	0.61650	0.11244	0.05351	0.00491	0.00554	0.00241	0.00276
6	0.54874	0.00894	0.00789	0.00711	0.03042	0.07429	0.02744	0.08584	0.07112	0.01756	0.06018	0.01007	0.02710	0.00446	0.00316	0.00125	0.00363	0.00313	0.00287	0.00482
7	0.01028	0.03512	0.03524	0.08241	0.30135	0.06302	0.04264	0.10813	0.08050	0.02931	0.02108	0.01386	0.01985	0.07155	0.00567	0.00149	0.02970	0.04060	0.00263	0.00557

[dist]
# distance from previous block
# <min> <max>
2	5

[block]
# block no. 9 follows, 66 sequences, length 8
# corresponding to MSA columns:
# 415-422
name=unknown_J
#
# <colnr> <probs for GDERKNQSTAVLIFYWHMCP>
#	G	D	E	R	K	N	Q	S	T	A	V	L	I	F	Y	W	H	M	C	P
0	0.59996	0.20970	0.08522	0.00628	0.00934	0.01077	0.00596	0.01206	0.00737	0.01568	0.00580	0.00675	0.00465	0.00370	0.00265	0.00117	0.00368	0.00226	0.00226	0.00473
1	0.05861	0.13481	0.21064	0.03506	0.05975	0.04555	0.02160	0.01044	0.00833	0.04101	0.03257	0.21692	0.01245	0.08817	0.00559	0.00155	0.00429	0.00541	0.00257	0.00468
2	0.00622	0.00455	0.00587	0.00661	0.08451	0.00448	0.00384	0.00698	0.00767	0.01052	0.20643	0.02593	0.04611	0.52117	0.04014	0.00304	0.00369	0.00606	0.00292	0.00323
3	0.00552	0.00414	0.00518	0.00580	0.00639	0.00403	0.00406	0.00739	0.08669	0.01142	0.06709	0.63895	0.09029	0.01154	0.00504	0.00159	0.00243	0.03497	0.00384	0.00365
4	0.00541	0.00407	0.00487	0.00478	0.00571	0.00367	0.00347	0.00677	0.00997	0.01338	0.44737	0.09860	0.27548	0.09089	0.00634	0.00159	0.00219	0.00791	0.00401	0.00353
5	0.01214	0.01220	0.01462	0.05186	0.41851	0.20561	0.04331	0.16573	0.01160	0.01467	0.00772	0.00941	0.00618	0.00400	0.00397	0.00118	0.00545	0.00343	0.00241	0.00599
6	0.00885	0.21760	0.60222	0.01077	0.01607	0.01102	0.05519	0.01269	0.00854	0.01208	0.00694	0.00821	0.00521	0.00374	0.00361	0.00119	0.00565	0.00290	0.00174	0.00578
7	0.00501	0.00383	0.00463	0.00518	0.00589	0.00344	0.00369	0.00595	0.00853	0.01089	0.05831	0.48287	0.31675	0.01158	0.00505	0.00155	0.00231	0.05735	0.00379	0.00339

[dist]
# distance from previous block
# <min> <max>
3	7

[block]
# block no. 10 follows, 66 sequences, length 6
# corresponding to MSA columns:
# 430-435
name=unknown_K
#
# <colnr> <probs for GDERKNQSTAVLIFYWHMCP>
#	G	D	E	R	K	N	Q	S	T	A	V	L	I	F	Y	W	H	M	C	P
0	0.00543	0.05706	0.00583	0.00573	0.00634	0.00422	0.00413	0.00630	0.00808	0.01052	0.02313	0.65205	0.10596	0.01176	0.00502	0.00159	0.00256	0.07720	0.00364	0.00346
1	0.11132	0.10296	0.01129	0.02715	0.05048	0.06767	0.00683	0.29654	0.07598	0.09859	0.03028	0.05028	0.04309	0.00520	0.00380	0.00122	0.00408	0.00402	0.00343	0.00579
2	0.01090	0.09512	0.13419	0.04452	0.09872	0.04489	0.08680	0.17800	0.08038	0.06517	0.01155	0.08203	0.03947	0.00517	0.00406	0.00126	0.00466	0.00442	0.00293	0.00575
3	0.01308	0.09513	0.04689	0.01123	0.08179	0.16216	0.09975	0.22480	0.06992	0.09827	0.00919	0.00983	0.00688	0.00436	0.00411	0.00118	0.02529	0.00349	0.00298	0.02965
4	0.01016	0.12877	0.07130	0.03153	0.31336	0.03443	0.09946	0.03783	0.08014	0.04526	0.04518	0.01171	0.03179	0.00424	0.00392	0.00118	0.00467	0.00383	0.00249	0.03874
5	0.03657	0.19460	0.11035	0.02767	0.14821	0.07158	0.03339	0.08216	0.10680	0.10938	0.00921	0.00982	0.00699	0.00413	0.00364	0.00115	0.00462	0.00329	0.00272	0.03373

[dist]
# distance from previous block
# <min> <max>
3	21

[block]
# block no. 11 follows, 66 sequences, length 11
# corresponding to MSA columns:
# 457-467
name=unknown_L
#
# <colnr> <probs for GDERKNQSTAVLIFYWHMCP>
#	G	D	E	R	K	N	Q	S	T	A	V	L	I	F	Y	W	H	M	C	P
0	0.04034	0.00834	0.02373	0.02269	0.12024	0.04708	0.03102	0.15023	0.09520	0.05664	0.10468	0.08576	0.01390	0.02906	0.02498	0.00147	0.00404	0.06130	0.00334	0.07596
1	0.21730	0.01047	0.01037	0.00962	0.08102	0.12855	0.02536	0.23235	0.09193	0.09643	0.00996	0.03110	0.00778	0.00481	0.00373	0.00125	0.00436	0.02463	0.00328	0.00571
2	0.34307	0.03131	0.04317	0.03434	0.07175	0.03000	0.04797	0.29346	0.03852	0.01925	0.00783	0.00866	0.00587	0.00419	0.00346	0.00124	0.00422	0.00310	0.00296	0.00563
3	0.05284	0.00620	0.00747	0.00619	0.00823	0.00579	0.00469	0.04908	0.05502	0.30186	0.05656	0.05468	0.01273	0.23327	0.00838	0.00191	0.00341	0.00477	0.00369	0.12323
4	0.00600	0.00416	0.00488	0.00497	0.00518	0.00424	0.00309	0.00675	0.04305	0.00880	0.01421	0.11506	0.01601	0.64643	0.06617	0.00365	0.00413	0.03767	0.00271	0.00285
5	0.41689	0.05706	0.00971	0.00732	0.01021	0.03284	0.00609	0.35536	0.01242	0.04621	0.00773	0.00817	0.00570	0.00427	0.00325	0.00121	0.00389	0.00288	0.00319	0.00559
6	0.00700	0.00548	0.00777	0.01003	0.22602	0.00553	0.00529	0.00773	0.00683	0.00940	0.01129	0.02151	0.01225	0.58012	0.06471	0.00336	0.00458	0.00520	0.00232	0.00359
7	0.00503	0.00372	0.00460	0.00520	0.00569	0.00340	0.00352	0.00581	0.00811	0.01058	0.06678	0.57436	0.19295	0.08252	0.00637	0.00176	0.00240	0.01023	0.00369	0.00328
8	0.04823	0.00962	0.01624	0.19710	0.11814	0.01016	0.29665	0.12552	0.10938	0.01491	0.00903	0.01096	0.00681	0.00405	0.00425	0.00132	0.00535	0.00409	0.00254	0.00564
9	0.06179	0.01145	0.01344	0.09713	0.34554	0.15481	0.00981	0.22853	0.01202	0.01597	0.00781	0.00937	0.00613	0.00410	0.00388	0.00120	0.00512	0.00337	0.00258	0.00595
10	0.00807	0.00799	0.00883	0.00870	0.05216	0.13482	0.00643	0.00923	0.00774	0.00997	0.01315	0.04674	0.11894	0.04629	0.28645	0.00324	0.22013	0.00473	0.00233	0.00406

[dist]
# distance from previous block
# <min> <max>
3	8

[block]
# block no. 12 follows, 66 sequences, length 39
# corresponding to MSA columns:
# 476-514
name=unknown_M
#
# <colnr> <probs for GDERKNQSTAVLIFYWHMCP>
#	G	D	E	R	K	N	Q	S	T	A	V	L	I	F	Y	W	H	M	C	P
0	0.01131	0.04835	0.24176	0.04822	0.11901	0.06353	0.04523	0.15787	0.09350	0.08106	0.00928	0.01008	0.00684	0.00427	0.00403	0.00123	0.01482	0.00347	0.00274	0.03340
1	0.02426	0.13662	0.15452	0.00889	0.06458	0.03863	0.03293	0.08631	0.02701	0.13306	0.04418	0.01733	0.20355	0.00575	0.00399	0.00122	0.00406	0.00466	0.00310	0.00536
2	0.01124	0.70579	0.01925	0.00735	0.01056	0.12721	0.00693	0.01253	0.00878	0.00986	0.02938	0.00733	0.00617	0.00370	0.00282	0.00090	0.00465	0.00238	0.00187	0.02130
3	0.00506	0.00381	0.00468	0.00512	0.00581	0.00344	0.00359	0.00609	0.00890	0.01168	0.18581	0.46791	0.25102	0.01117	0.00500	0.00150	0.00219	0.00989	0.00390	0.00344
4	0.05210	0.23079	0.05345	0.01930	0.16257	0.06445	0.04515	0.05230	0.12473	0.03502	0.04306	0.03901	0.01832	0.00470	0.00405	0.00119	0.03792	0.00376	0.00260	0.00553
5	0.01030	0.04901	0.29622	0.01364	0.21687	0.00963	0.04132	0.11097	0.07399	0.06719	0.01032	0.02348	0.03601	0.00443	0.00398	0.00125	0.00486	0.00377	0.00260	0.02017
6	0.00738	0.00527	0.00625	0.00571	0.00717	0.00518	0.00437	0.02673	0.15410	0.07147	0.47344	0.02768	0.17358	0.00787	0.00461	0.00131	0.00232	0.00678	0.00431	0.00448
7	0.00941	0.00707	0.00868	0.00900	0.09520	0.00739	0.00613	0.27439	0.05145	0.03109	0.01673	0.41206	0.03705	0.00863	0.00461	0.00143	0.00336	0.00757	0.00372	0.00503
8	0.01110	0.13389	0.13547	0.01579	0.34078	0.02028	0.05075	0.13780	0.05355	0.04985	0.00846	0.00972	0.00658	0.00398	0.00384	0.00119	0.00485	0.00344	0.00249	0.00621
9	0.01152	0.02297	0.03733	0.01762	0.46573	0.02515	0.04076	0.04479	0.05832	0.16798	0.01064	0.06086	0.00859	0.00458	0.00410	0.00125	0.00446	0.00421	0.00287	0.00625
10	0.00557	0.00386	0.00484	0.00537	0.00560	0.00376	0.00358	0.00613	0.00718	0.00953	0.01811	0.38692	0.02115	0.37669	0.01191	0.00266	0.00322	0.11773	0.00320	0.00299
11	0.01010	0.01052	0.03895	0.11681	0.27440	0.11537	0.10285	0.06086	0.08282	0.01305	0.00982	0.02422	0.03538	0.00582	0.04638	0.00154	0.03918	0.00401	0.00239	0.00551
12	0.01051	0.30659	0.13043	0.01256	0.10910	0.10436	0.20229	0.01330	0.04334	0.01160	0.00723	0.00873	0.00587	0.00373	0.00376	0.00113	0.01474	0.00324	0.00198	0.00550
13	0.00952	0.01018	0.01847	0.01608	0.15546	0.02720	0.38693	0.01186	0.00840	0.01187	0.00708	0.01001	0.00590	0.00473	0.00756	0.00147	0.29593	0.00412	0.00195	0.00526
14	0.00497	0.00354	0.00470	0.00561	0.00584	0.00332	0.00373	0.00566	0.00771	0.01028	0.02206	0.82897	0.02646	0.03902	0.00566	0.00172	0.00240	0.01136	0.00373	0.00327
15	0.00499	0.00411	0.00440	0.00446	0.00570	0.00352	0.00336	0.00615	0.00944	0.01160	0.13041	0.07978	0.66064	0.01021	0.00485	0.00140	0.00213	0.04552	0.00385	0.00348
16	0.03817	0.01095	0.03434	0.02703	0.17975	0.06420	0.03175	0.34098	0.17670	0.03949	0.01033	0.01076	0.00771	0.00459	0.00401	0.00125	0.00453	0.00375	0.00335	0.00639
17	0.01004	0.00964	0.01647	0.02490	0.83211	0.00964	0.01245	0.01245	0.00924	0.01325	0.00763	0.01004	0.00643	0.00361	0.00402	0.00120	0.00482	0.00361	0.00201	0.00643
18	0.01516	0.01934	0.01150	0.01045	0.01254	0.84113	0.00784	0.01620	0.01150	0.00993	0.00627	0.00732	0.00523	0.00418	0.00366	0.00105	0.00732	0.00261	0.00209	0.00470
19	0.00543	0.00414	0.00499	0.00478	0.00587	0.00370	0.00358	0.00706	0.01075	0.01454	0.57256	0.03316	0.29677	0.00894	0.00479	0.00131	0.00196	0.00774	0.00424	0.00370
20	0.01726	0.00738	0.00970	0.00754	0.01053	0.00687	0.00621	0.07575	0.05581	0.70634	0.01524	0.01343	0.00979	0.00511	0.00439	0.00128	0.03173	0.00406	0.00480	0.00680
21	0.00882	0.00793	0.00882	0.00682	0.03480	0.04978	0.00520	0.01060	0.00860	0.01305	0.00717	0.00840	0.00598	0.00309	0.00307	0.00064	0.00329	0.00245	0.00238	0.80912
22	0.07265	0.04280	0.38946	0.00966	0.01399	0.06403	0.04244	0.05321	0.05768	0.09088	0.03036	0.00987	0.00708	0.00413	0.00373	0.00119	0.00497	0.00324	0.00252	0.09614
23	0.01057	0.00650	0.00772	0.00671	0.00876	0.00658	0.00526	0.01569	0.29810	0.23715	0.26122	0.02119	0.08394	0.00658	0.00436	0.00131	0.00280	0.00558	0.00444	0.00554
24	0.01767	0.00715	0.00951	0.00731	0.01040	0.00638	0.00603	0.07643	0.01214	0.75548	0.03714	0.01396	0.01057	0.00510	0.00410	0.00125	0.00348	0.00414	0.00494	0.00682
25	0.01085	0.27225	0.05685	0.03043	0.25268	0.09027	0.05425	0.04932	0.12121	0.01276	0.00821	0.00938	0.00668	0.00395	0.00360	0.00113	0.00485	0.00325	0.00230	0.00580
26	0.00950	0.00782	0.00990	0.00925	0.05785	0.04205	0.03751	0.09237	0.13585	0.06698	0.01234	0.06782	0.03773	0.06717	0.16756	0.00258	0.16311	0.00476	0.00294	0.00493
27	0.00488	0.00376	0.00447	0.00503	0.00572	0.00335	0.00349	0.00572	0.00836	0.01060	0.02989	0.52724	0.34951	0.01173	0.00502	0.00154	0.00223	0.01034	0.00377	0.00335
28	0.00848	0.00562	0.00633	0.00591	0.00753	0.00566	0.00455	0.01260	0.22931	0.11657	0.08966	0.09999	0.21307	0.00757	0.00428	0.00133	0.00259	0.03429	0.13992	0.00475
29	0.03812	0.24402	0.17924	0.01061	0.07996	0.05980	0.06192	0.14554	0.02369	0.07195	0.00832	0.02980	0.00660	0.00427	0.00379	0.00116	0.01958	0.00332	0.00252	0.00578
30	0.00943	0.01145	0.12722	0.18054	0.25355	0.07051	0.18816	0.01277	0.05236	0.01254	0.02344	0.02418	0.00714	0.00407	0.00418	0.00129	0.00554	0.00396	0.00213	0.00556
31	0.00529	0.00409	0.00482	0.00471	0.00580	0.00362	0.00350	0.00675	0.01030	0.01363	0.44206	0.08368	0.37832	0.00941	0.00481	0.00134	0.00200	0.00812	0.00412	0.00362
32	0.01169	0.01360	0.19659	0.05565	0.23460	0.09222	0.04700	0.26911	0.01240	0.01660	0.00810	0.00943	0.00611	0.00414	0.00400	0.00123	0.00533	0.00344	0.00259	0.00618
33	0.01058	0.02714	0.05848	0.07448	0.32976	0.12337	0.08955	0.04660	0.10270	0.02461	0.00899	0.03569	0.00739	0.00441	0.00443	0.00126	0.03850	0.00389	0.00240	0.00577
34	0.01154	0.31367	0.07404	0.07841	0.15455	0.10591	0.03803	0.08787	0.02914	0.05991	0.00762	0.00878	0.00607	0.00391	0.00350	0.00110	0.00498	0.00304	0.00230	0.00565
35	0.00499	0.00358	0.00466	0.00550	0.00579	0.00334	0.00366	0.00567	0.00774	0.01026	0.02281	0.76879	0.06742	0.05760	0.00598	0.00176	0.00242	0.01108	0.00370	0.00326
36	0.10353	0.00616	0.02234	0.00701	0.04989	0.00590	0.02114	0.09818	0.01092	0.06244	0.33622	0.11243	0.13292	0.00756	0.00440	0.00132	0.00280	0.00648	0.00385	0.00450
37	0.68207	0.00928	0.00734	0.00668	0.02804	0.09225	0.00523	0.07066	0.02388	0.03429	0.00647	0.00728	0.00497	0.00394	0.00283	0.00123	0.00370	0.00246	0.00265	0.00474
38	0.01210	0.01034	0.01300	0.05843	0.21560	0.05816	0.05223	0.29932	0.16477	0.03353	0.01055	0.03549	0.00823	0.00475	0.00411	0.00126	0.00458	0.00405	0.00323	0.00626

[dist]
# distance from previous block
# <min> <max>
4	9

[block]
# block no. 13 follows, 66 sequences, length 30
# corresponding to MSA columns:
# 524-553
name=unknown_N
#
# <colnr> <probs for GDERKNQSTAVLIFYWHMCP>
#	G	D	E	R	K	N	Q	S	T	A	V	L	I	F	Y	W	H	M	C	P
0	0.01246	0.07610	0.07475	0.01081	0.09791	0.15637	0.07932	0.04441	0.09980	0.19933	0.02093	0.04023	0.03001	0.00479	0.00396	0.00120	0.00474	0.00400	0.00312	0.03577
1	0.01056	0.02669	0.03976	0.00793	0.01029	0.03290	0.00648	0.01859	0.53224	0.11724	0.07399	0.02857	0.02456	0.00595	0.00421	0.00136	0.00340	0.04528	0.00403	0.00599
2	0.01323	0.00595	0.00799	0.00661	0.00876	0.00552	0.00524	0.02961	0.02167	0.48933	0.12518	0.01754	0.01431	0.09072	0.13701	0.00234	0.00447	0.00474	0.00423	0.00554
3	0.00909	0.00886	0.01468	0.34717	0.41317	0.03021	0.05095	0.01157	0.00881	0.01197	0.02312	0.01067	0.00656	0.00400	0.00438	0.00129	0.03237	0.00371	0.00197	0.00547
4	0.00999	0.11723	0.23913	0.04447	0.14076	0.04532	0.19010	0.03990	0.05172	0.04144	0.00864	0.01092	0.00680	0.00410	0.00402	0.00125	0.00548	0.03074	0.00224	0.00575
5	0.01545	0.00908	0.01051	0.00823	0.01123	0.00943	0.00674	0.40205	0.09502	0.32560	0.05406	0.01282	0.01019	0.00516	0.00411	0.00125	0.00384	0.00409	0.00444	0.00670
6	0.00514	0.00367	0.00493	0.00584	0.00617	0.00346	0.00408	0.00601	0.00804	0.01070	0.04233	0.74360	0.02673	0.01243	0.00522	0.00166	0.00250	0.10034	0.00378	0.00336
7	0.02435	0.01081	0.17653	0.00956	0.01273	0.00891	0.10500	0.05750	0.28072	0.12469	0.08998	0.01416	0.01173	0.02048	0.00479	0.00138	0.03298	0.00439	0.00341	0.00589
8	0.02244	0.12215	0.13280	0.05810	0.38956	0.03423	0.06713	0.04025	0.03335	0.03226	0.02528	0.01000	0.00690	0.00389	0.00386	0.00120	0.00499	0.00349	0.00219	0.00594
9	0.01306	0.03245	0.26733	0.00962	0.01364	0.00851	0.08414	0.10855	0.04270	0.32730	0.01152	0.01138	0.00779	0.00446	0.00399	0.00125	0.00462	0.00372	0.03763	0.00631
10	0.00494	0.00355	0.00469	0.00560	0.00587	0.00330	0.00374	0.00565	0.00782	0.01038	0.02296	0.82850	0.05271	0.01263	0.00517	0.00164	0.00234	0.01144	0.00377	0.00330
11	0.00923	0.00808	0.00980	0.10971	0.01263	0.00914	0.05111	0.03940	0.54820	0.01550	0.04057	0.05159	0.06540	0.00589	0.00426	0.00138	0.00356	0.00509	0.00370	0.00575
12	0.01006	0.01127	0.10988	0.08866	0.44011	0.03418	0.14028	0.07594	0.00996	0.01378	0.00802	0.01061	0.00646	0.00390	0.00415	0.00126	0.00535	0.01797	0.00216	0.00600
13	0.00512	0.00422	0.00453	0.00466	0.00583	0.00374	0.00341	0.00662	0.04843	0.01133	0.06651	0.20341	0.59701	0.01046	0.00484	0.00142	0.00217	0.00893	0.00381	0.00356
14	0.00494	0.00353	0.00471	0.00565	0.00588	0.00330	0.00377	0.00565	0.00777	0.01036	0.02236	0.85477	0.02683	0.01271	0.00518	0.00165	0.00235	0.01153	0.00377	0.00330
15	0.01018	0.00872	0.00921	0.00827	0.01057	0.01006	0.00646	0.04445	0.78650	0.01713	0.01641	0.01554	0.01243	0.00559	0.00415	0.00138	0.00326	0.01918	0.00412	0.00639
16	0.00841	0.00721	0.00841	0.00601	0.00961	0.00541	0.00481	0.01022	0.00841	0.01322	0.00721	0.00841	0.00601	0.00300	0.00300	0.00060	0.00300	0.00240	0.00240	0.88222
17	0.31843	0.03046	0.04439	0.00837	0.01093	0.35690	0.00680	0.09294	0.07096	0.01498	0.00718	0.00792	0.00563	0.00417	0.00332	0.00117	0.00516	0.00272	0.00256	0.00500
18	0.00776	0.00614	0.00698	0.00630	0.00781	0.02118	0.00484	0.07882	0.21118	0.01697	0.52779	0.02468	0.04855	0.00730	0.00454	0.00129	0.00255	0.00630	0.00429	0.00473
19	0.01542	0.01136	0.01218	0.00933	0.01258	0.01258	0.00771	0.81858	0.01908	0.02557	0.00974	0.00974	0.00690	0.00487	0.00406	0.00122	0.00446	0.00365	0.00406	0.00690
20	0.00727	0.00547	0.00635	0.00585	0.00733	0.00551	0.00447	0.01154	0.22658	0.05148	0.43433	0.02716	0.17509	0.00777	0.00458	0.00132	0.00235	0.00669	0.00427	0.00458
21	0.01125	0.78027	0.02034	0.00727	0.01061	0.09418	0.00703	0.01253	0.00855	0.00958	0.00570	0.00658	0.00521	0.00354	0.00270	0.00088	0.00462	0.00221	0.00177	0.00516
22	0.00494	0.00353	0.00471	0.00565	0.00588	0.00330	0.00377	0.00565	0.00777	0.01036	0.02236	0.85477	0.02683	0.01271	0.00518	0.00165	0.00235	0.01153	0.00377	0.00330
23	0.00494	0.00353	0.00471	0.00565	0.00588	0.00330	0.00377	0.00565	0.00777	0.01036	0.02236	0.85477	0.02683	0.01271	0.00518	0.00165	0.00235	0.01153	0.00377	0.00330
24	0.00832	0.02833	0.01148	0.10796	0.07662	0.05210	0.03144	0.00977	0.00721	0.01013	0.00775	0.03423	0.00726	0.01225	0.22209	0.00282	0.35988	0.00394	0.00198	0.00442
25	0.00887	0.20687	0.58123	0.01104	0.01630	0.01097	0.08594	0.01271	0.00859	0.01213	0.00700	0.00832	0.00525	0.00373	0.00366	0.00120	0.00570	0.00298	0.00175	0.00577
