[name]
unknown

[dist]
# distance from previous block
# <min> <max>
0	8

[block]
# block no. 0 follows, 72 sequences, length 21
# corresponding to MSA columns:
# 8-28
name=unknown_A
#
# <colnr> <probs for GDERKNQSTAVLIFYWHMCP>
#	G	D	E	R	K	N	Q	S	T	A	V	L	I	F	Y	W	H	M	C	P
0	0.00729	0.00494	0.00664	0.00710	0.00824	0.00498	0.00617	0.06999	0.00952	0.05499	0.01900	0.03873	0.02004	0.00974	0.00506	0.00167	0.00353	0.71493	0.00358	0.00387
1	0.00773	0.06250	0.80530	0.01059	0.01608	0.00912	0.01363	0.01198	0.00799	0.01185	0.00673	0.00791	0.00481	0.00359	0.00354	0.00118	0.00553	0.00276	0.00160	0.00557
2	0.01102	0.00969	0.00896	0.00788	0.01007	0.15304	0.00614	0.10099	0.49587	0.07875	0.01420	0.03099	0.04513	0.00517	0.00382	0.00121	0.00373	0.00414	0.00357	0.00563
3	0.00462	0.00364	0.00406	0.00437	0.00517	0.00320	0.00306	0.00539	0.00790	0.00980	0.03005	0.32519	0.48566	0.08302	0.00586	0.00157	0.00217	0.00877	0.00342	0.00308
4	0.00864	0.43008	0.35788	0.00835	0.01243	0.01142	0.03413	0.01121	0.00794	0.01039	0.00846	0.00927	0.06751	0.00387	0.00313	0.00102	0.00460	0.00287	0.00176	0.00505
5	0.00500	0.00386	0.00457	0.00439	0.00544	0.00342	0.00329	0.00645	0.00988	0.01318	0.51225	0.03168	0.36586	0.00851	0.00448	0.00123	0.00184	0.00733	0.00391	0.00342
6	0.00842	0.00868	0.01602	0.16312	0.01701	0.00980	0.36792	0.01059	0.00763	0.02493	0.00712	0.03537	0.00601	0.00475	0.00704	0.00141	0.29362	0.00407	0.00189	0.00459
7	0.01466	0.01170	0.01052	0.00849	0.01121	0.24766	0.00679	0.39651	0.01397	0.19485	0.00935	0.00923	0.00660	0.00434	0.00366	0.00108	0.00468	0.00318	0.00341	0.03811
8	0.00857	0.00818	0.01392	0.32986	0.54286	0.00880	0.01123	0.01092	0.00825	0.01140	0.00699	0.00965	0.00566	0.00353	0.00377	0.00118	0.00471	0.00338	0.00181	0.00535
9	0.01370	0.15668	0.01249	0.00810	0.01112	0.01172	0.00688	0.61849	0.01542	0.07641	0.00891	0.00895	0.00645	0.00434	0.00354	0.00108	0.00404	0.00321	0.02235	0.00612
10	0.00570	0.00404	0.00479	0.00466	0.00472	0.00431	0.00288	0.00585	0.00563	0.00761	0.01185	0.02332	0.02883	0.74455	0.05951	0.00360	0.06806	0.00533	0.00226	0.00251
11	0.00581	0.00415	0.00520	0.00513	0.00597	0.00400	0.00372	0.00793	0.07940	0.03524	0.46403	0.23956	0.05377	0.06205	0.00542	0.00145	0.00216	0.00751	0.00386	0.00364
12	0.00500	0.00394	0.00453	0.00439	0.00548	0.00350	0.00329	0.00655	0.02676	0.01267	0.41329	0.04866	0.43094	0.00869	0.00447	0.00124	0.00189	0.00745	0.00383	0.00343
13	0.00855	0.00817	0.01380	0.32027	0.51646	0.00891	0.01110	0.01084	0.00814	0.01129	0.00690	0.00960	0.00562	0.00366	0.00414	0.00120	0.04088	0.00337	0.00180	0.00529
14	0.00659	0.00329	0.00494	0.00494	0.00494	0.00329	0.00329	0.00494	0.00494	0.00659	0.00659	0.01153	0.00659	0.01318	0.01482	0.88966	0.00329	0.00329	0.00165	0.00165
15	0.00517	0.00408	0.00536	0.04095	0.00674	0.00377	0.02682	0.00662	0.00943	0.01261	0.42461	0.14766	0.27491	0.00860	0.00450	0.00127	0.00215	0.00754	0.00372	0.00346
16	0.03716	0.04614	0.07931	0.05629	0.25038	0.23852	0.03471	0.04844	0.07458	0.01185	0.00732	0.00886	0.00594	0.00462	0.02682	0.00127	0.05743	0.00311	0.00210	0.00515
17	0.03555	0.00460	0.00578	0.00516	0.00662	0.00421	0.00398	0.01043	0.00980	0.24684	0.34712	0.10127	0.06300	0.00678	0.00400	0.00118	0.00227	0.00581	0.13129	0.00433
18	0.02714	0.00784	0.00955	0.02386	0.05094	0.01785	0.04438	0.19972	0.01029	0.02769	0.01811	0.00996	0.03163	0.02152	0.01613	0.00097	0.00357	0.00304	0.00266	0.47316
19	0.00969	0.26500	0.15487	0.07608	0.09985	0.01018	0.11378	0.02449	0.00850	0.09824	0.01966	0.00960	0.02828	0.00385	0.00371	0.00108	0.03155	0.00320	0.00215	0.03624
20	0.36881	0.05540	0.00881	0.00772	0.04054	0.29813	0.00584	0.03792	0.02570	0.01303	0.00637	0.00782	0.00532	0.02230	0.06693	0.00151	0.01875	0.00256	0.00220	0.00434

[dist]
# distance from previous block
# <min> <max>
0	13

[block]
# block no. 1 follows, 72 sequences, length 21
# corresponding to MSA columns:
# 42-62
name=unknown_B
#
# <colnr> <probs for GDERKNQSTAVLIFYWHMCP>
#	G	D	E	R	K	N	Q	S	T	A	V	L	I	F	Y	W	H	M	C	P
0	0.01112	0.24188	0.02990	0.00701	0.00966	0.01041	0.00613	0.36883	0.01265	0.04120	0.10823	0.01205	0.03909	0.00473	0.00343	0.00104	0.00357	0.00362	0.08016	0.00529
1	0.00894	0.02247	0.03997	0.03870	0.07337	0.00807	0.00643	0.06771	0.36989	0.05790	0.14790	0.02561	0.05934	0.01386	0.00448	0.00127	0.04069	0.00467	0.00346	0.00526
2	0.00472	0.00374	0.00424	0.00435	0.00533	0.00327	0.00317	0.00582	0.00886	0.01131	0.22461	0.20045	0.48748	0.00962	0.00455	0.00131	0.00195	0.00829	0.00368	0.00327
3	0.01060	0.12928	0.06747	0.00989	0.11009	0.13119	0.01660	0.17885	0.07676	0.03740	0.03033	0.01183	0.05152	0.01941	0.03898	0.00138	0.05192	0.01869	0.00264	0.00516
4	0.00597	0.00362	0.00506	0.00506	0.00526	0.00381	0.00345	0.00562	0.00542	0.00743	0.00901	0.01596	0.00930	0.24001	0.25698	0.40433	0.00537	0.00409	0.00193	0.00232
5	0.00888	0.01088	0.12129	0.03575	0.14899	0.00923	0.51724	0.04516	0.00906	0.01250	0.00799	0.04026	0.00638	0.00366	0.00422	0.00125	0.00573	0.00425	0.00200	0.00528
6	0.00560	0.00390	0.00482	0.00496	0.00590	0.00352	0.00372	0.00681	0.00897	0.05632	0.24830	0.25397	0.27679	0.00954	0.00462	0.00137	0.00219	0.09148	0.00376	0.00348
7	0.00949	0.00860	0.01415	0.08592	0.61339	0.00882	0.03444	0.04047	0.03697	0.04656	0.00879	0.01066	0.03458	0.00386	0.00404	0.00117	0.02658	0.00362	0.00216	0.00573
8	0.09903	0.00680	0.00762	0.00559	0.00878	0.00550	0.00448	0.02542	0.00799	0.01313	0.02835	0.00825	0.00626	0.00304	0.00282	0.00065	0.00282	0.00237	0.00234	0.75874
9	0.00566	0.00425	0.00541	0.00620	0.04026	0.00419	0.00417	0.03496	0.07423	0.01115	0.04423	0.60823	0.07379	0.01020	0.00458	0.00145	0.00241	0.02751	0.03350	0.00359
10	0.00939	0.00901	0.01539	0.02328	0.84306	0.00901	0.01164	0.01164	0.00864	0.01239	0.00713	0.00939	0.00601	0.00338	0.00375	0.00113	0.00451	0.00338	0.00188	0.00601
11	0.00916	0.00905	0.01411	0.22551	0.59001	0.06376	0.01109	0.01139	0.00852	0.01153	0.00696	0.00940	0.00570	0.00351	0.00374	0.00115	0.00479	0.00332	0.00184	0.00547
12	0.01441	0.01086	0.01136	0.00876	0.01176	0.03880	0.00721	0.80416	0.01760	0.02343	0.00900	0.00903	0.00640	0.00453	0.00378	0.00113	0.00426	0.00338	0.00373	0.00638
13	0.00467	0.00382	0.00411	0.00410	0.00525	0.00327	0.00305	0.00577	0.00899	0.01120	0.19677	0.07707	0.64005	0.00935	0.00450	0.00128	0.00191	0.00792	0.00365	0.00327
14	0.05897	0.09136	0.12232	0.09710	0.05633	0.40160	0.01658	0.02683	0.04914	0.01090	0.00670	0.00793	0.00535	0.00385	0.00347	0.00107	0.01465	0.00273	0.01837	0.00475
15	0.00604	0.00380	0.00455	0.00458	0.00491	0.00365	0.00287	0.00642	0.00665	0.06327	0.06742	0.20367	0.03971	0.55020	0.01386	0.00283	0.00316	0.00668	0.00287	0.00284
16	0.56523	0.02381	0.02296	0.00600	0.00859	0.00858	0.00505	0.14108	0.00902	0.15155	0.00775	0.02282	0.00572	0.00402	0.00288	0.00117	0.00323	0.00272	0.00295	0.00488
17	0.00468	0.00375	0.00408	0.00418	0.00516	0.00326	0.00300	0.00561	0.00841	0.01046	0.11943	0.15562	0.56872	0.07958	0.00574	0.00150	0.00209	0.00808	0.00349	0.00315
18	0.00543	0.00403	0.00593	0.00593	0.00655	0.00465	0.00453	0.00666	0.00605	0.00868	0.01031	0.01575	0.00985	0.10029	0.78035	0.00589	0.00960	0.00419	0.00205	0.00329
19	0.00888	0.00951	0.09771	0.20717	0.32678	0.00897	0.07423	0.06810	0.10868	0.01293	0.02095	0.01075	0.02043	0.00394	0.00384	0.00120	0.00460	0.00364	0.00224	0.00544
20	0.00890	0.00812	0.01317	0.15522	0.46366	0.00867	0.03915	0.08024	0.00887	0.01247	0.00776	0.02105	0.00650	0.00610	0.08120	0.00163	0.04204	0.00358	0.02641	0.00530

[dist]
# distance from previous block
# <min> <max>
0	132

[block]
# block no. 2 follows, 72 sequences, length 6
# corresponding to MSA columns:
# 219-224
name=unknown_C
#
# <colnr> <probs for GDERKNQSTAVLIFYWHMCP>
#	G	D	E	R	K	N	Q	S	T	A	V	L	I	F	Y	W	H	M	C	P
0	0.01069	0.07167	0.13856	0.04088	0.03592	0.06789	0.05634	0.24529	0.04575	0.06469	0.03040	0.06125	0.00823	0.02724	0.00448	0.00122	0.03870	0.00381	0.00279	0.04422
1	0.05782	0.07181	0.00880	0.00695	0.02479	0.04561	0.00545	0.23525	0.08350	0.05073	0.05401	0.11713	0.13275	0.00619	0.00383	0.00117	0.00330	0.02345	0.00331	0.06417
2	0.01021	0.05949	0.08967	0.00737	0.01035	0.00839	0.00648	0.20357	0.18832	0.07138	0.03508	0.05269	0.00908	0.00454	0.00353	0.00104	0.00348	0.00366	0.00314	0.22853
3	0.00480	0.00344	0.00442	0.00510	0.00542	0.00323	0.00344	0.00549	0.00735	0.00973	0.05301	0.64724	0.07964	0.10976	0.00648	0.00176	0.00238	0.04088	0.00340	0.00303
4	0.00939	0.07111	0.21264	0.10684	0.06315	0.04092	0.13064	0.14331	0.06358	0.01341	0.00831	0.04870	0.00672	0.00429	0.00415	0.00120	0.04245	0.00366	0.00229	0.02325
5	0.00950	0.17992	0.25819	0.01009	0.08143	0.06462	0.05107	0.08849	0.07883	0.03210	0.03566	0.04218	0.00827	0.00449	0.00361	0.00114	0.00459	0.03816	0.00237	0.00527

[dist]
# distance from previous block
# <min> <max>
2	5

[block]
# block no. 3 follows, 72 sequences, length 6
# corresponding to MSA columns:
# 230-235
name=unknown_D
#
# <colnr> <probs for GDERKNQSTAVLIFYWHMCP>
#	G	D	E	R	K	N	Q	S	T	A	V	L	I	F	Y	W	H	M	C	P
0	0.33810	0.09030	0.02919	0.04920	0.01079	0.18711	0.03615	0.08893	0.00887	0.05164	0.00637	0.00743	0.00499	0.00398	0.00376	0.00114	0.07245	0.00261	0.00232	0.00464
1	0.00575	0.00409	0.00516	0.00558	0.00607	0.00407	0.00394	0.06961	0.00791	0.01054	0.01792	0.52006	0.02069	0.16365	0.03734	0.00207	0.00305	0.10597	0.00327	0.00326
2	0.00884	0.02119	0.06265	0.02817	0.08079	0.03411	0.03044	0.10508	0.19886	0.05206	0.16104	0.07632	0.06479	0.02072	0.00461	0.00128	0.03579	0.00502	0.00328	0.00497
3	0.02944	0.00788	0.04058	0.06291	0.26312	0.07191	0.04812	0.00994	0.00827	0.03375	0.01121	0.23438	0.01126	0.00583	0.00390	0.00119	0.00388	0.02053	0.03594	0.09595
4	0.07451	0.00547	0.06288	0.00580	0.02970	0.00471	0.00458	0.00776	0.00936	0.01386	0.52057	0.05999	0.07228	0.05520	0.00531	0.00136	0.03197	0.00607	0.02492	0.00373
5	0.00932	0.03688	0.08962	0.03351	0.30381	0.05580	0.12220	0.03155	0.08274	0.04617	0.00933	0.03513	0.02282	0.05963	0.00523	0.00136	0.04348	0.00391	0.00228	0.00525

[dist]
# distance from previous block
# <min> <max>
0	1

[block]
# block no. 4 follows, 72 sequences, length 15
# corresponding to MSA columns:
# 237-251
name=unknown_E
#
# <colnr> <probs for GDERKNQSTAVLIFYWHMCP>
#	G	D	E	R	K	N	Q	S	T	A	V	L	I	F	Y	W	H	M	C	P
0	0.00941	0.08396	0.04179	0.04830	0.02188	0.10466	0.00583	0.13694	0.00879	0.03352	0.00782	0.03634	0.00696	0.00807	0.03507	0.29620	0.00425	0.01682	0.00226	0.09113
1	0.00556	0.00483	0.03149	0.02019	0.04233	0.01910	0.00464	0.00685	0.00769	0.01036	0.13529	0.16290	0.16015	0.07158	0.27597	0.00300	0.00509	0.02663	0.00287	0.00347
2	0.50791	0.00953	0.06590	0.00721	0.04631	0.12233	0.00582	0.01248	0.04704	0.07713	0.00704	0.00807	0.00546	0.02085	0.03029	0.00136	0.01568	0.00260	0.00245	0.00455
3	0.00892	0.00964	0.07443	0.14045	0.24161	0.09038	0.02968	0.02312	0.14194	0.01203	0.03134	0.01317	0.02518	0.00482	0.00466	0.00126	0.08019	0.05972	0.00237	0.00508
4	0.00531	0.00393	0.00507	0.00499	0.00593	0.00359	0.04252	0.00656	0.00849	0.01167	0.17236	0.29215	0.26597	0.00886	0.00430	0.00128	0.00217	0.00780	0.14364	0.00338
5	0.02480	0.00916	0.03199	0.02403	0.07804	0.10349	0.10574	0.17898	0.01078	0.06044	0.08000	0.04190	0.07903	0.00525	0.01499	0.00118	0.02563	0.00419	0.00287	0.11754
6	0.50112	0.00784	0.00719	0.00603	0.00851	0.03871	0.00490	0.06251	0.07034	0.10563	0.00753	0.00799	0.00564	0.00386	0.00314	0.00111	0.03130	0.00258	0.00275	0.12133
7	0.10115	0.21641	0.03033	0.07230	0.01200	0.48827	0.00719	0.01337	0.00930	0.01007	0.00575	0.00686	0.00481	0.00370	0.00311	0.00098	0.00563	0.00238	0.00189	0.00449
8	0.00865	0.05510	0.40581	0.01224	0.13918	0.05888	0.08986	0.01213	0.04846	0.02736	0.02100	0.01011	0.03177	0.01738	0.00436	0.00123	0.04582	0.00337	0.00197	0.00532
9	0.07226	0.00450	0.00566	0.03750	0.00729	0.00457	0.02348	0.00764	0.07819	0.01104	0.03211	0.46077	0.10359	0.03506	0.01696	0.00159	0.00278	0.08817	0.00331	0.00354
10	0.00626	0.00546	0.03779	0.00683	0.06080	0.00508	0.01889	0.02759	0.08433	0.01275	0.32244	0.11322	0.11217	0.08983	0.04773	0.00174	0.01801	0.02179	0.00337	0.00391
11	0.00993	0.01136	0.16588	0.06908	0.09767	0.04961	0.18261	0.15437	0.03901	0.04408	0.04042	0.01011	0.00707	0.00427	0.00484	0.00124	0.09706	0.00364	0.00240	0.00535
12	0.64623	0.09080	0.04867	0.00582	0.00831	0.03649	0.00516	0.03301	0.00727	0.01550	0.00659	0.00910	0.00564	0.00406	0.00271	0.00118	0.00338	0.06346	0.00235	0.00428
13	0.04440	0.02860	0.13902	0.01043	0.13195	0.04261	0.04100	0.15907	0.14369	0.05049	0.08704	0.05851	0.02621	0.00500	0.00393	0.00120	0.01430	0.00420	0.00296	0.00539
14	0.00509	0.00366	0.00433	0.00456	0.00506	0.00349	0.00307	0.00577	0.00713	0.00942	0.05606	0.24183	0.21700	0.29378	0.07223	0.00248	0.00320	0.02127	0.03764	0.00292

[dist]
# distance from previous block
# <min> <max>
3	42

[block]
# block no. 5 follows, 72 sequences, length 17
# corresponding to MSA columns:
# 294-310
name=unknown_F
#
# <colnr> <probs for GDERKNQSTAVLIFYWHMCP>
#	G	D	E	R	K	N	Q	S	T	A	V	L	I	F	Y	W	H	M	C	P
0	0.00964	0.17610	0.22324	0.03037	0.19300	0.09368	0.03874	0.05007	0.10095	0.01209	0.00802	0.00910	0.01805	0.00385	0.00361	0.00111	0.01778	0.00309	0.00209	0.00541
1	0.29318	0.23704	0.05044	0.00628	0.00927	0.03702	0.00566	0.07469	0.00829	0.02750	0.00639	0.01981	0.00529	0.00353	0.00274	0.00094	0.00355	0.00240	0.00225	0.20373
2	0.37661	0.00674	0.00644	0.00573	0.00743	0.01970	0.00446	0.15765	0.00853	0.01513	0.00882	0.06084	0.00811	0.13168	0.09943	0.00208	0.01589	0.00364	0.05697	0.00410
3	0.00609	0.00540	0.03806	0.00670	0.00761	0.00570	0.00551	0.00814	0.06705	0.01026	0.04595	0.10972	0.06782	0.01689	0.36091	0.00343	0.11109	0.11728	0.00264	0.00373
4	0.00531	0.00380	0.00512	0.00524	0.00564	0.00404	0.00368	0.00616	0.00647	0.00900	0.07845	0.15961	0.01551	0.28838	0.38188	0.00419	0.00613	0.00585	0.00253	0.00301
5	0.01633	0.00631	0.00853	0.00659	0.00943	0.00544	0.00543	0.01777	0.01073	0.80001	0.01624	0.01420	0.05488	0.00496	0.00385	0.00118	0.00316	0.00404	0.00463	0.00628
6	0.00552	0.00375	0.00439	0.00454	0.00469	0.00372	0.00284	0.00579	0.00608	0.00803	0.01405	0.07071	0.03521	0.69689	0.01647	0.00327	0.00354	0.10548	0.00254	0.00251
7	0.00498	0.00386	0.00453	0.00436	0.00543	0.00341	0.00327	0.00641	0.00982	0.01304	0.49014	0.03190	0.38806	0.00856	0.00448	0.00123	0.00185	0.00736	0.00389	0.00341
8	0.00518	0.00356	0.00421	0.00449	0.00462	0.00346	0.00272	0.00544	0.00621	0.00823	0.01598	0.29476	0.05371	0.55476	0.01401	0.00289	0.00313	0.00731	0.00274	0.00259
9	0.01037	0.65072	0.12015	0.00746	0.01082	0.12637	0.00752	0.01194	0.00815	0.00935	0.00554	0.00642	0.00486	0.00338	0.00271	0.00088	0.00462	0.00218	0.00166	0.00489
10	0.01417	0.01808	0.01075	0.00977	0.01172	0.85149	0.00733	0.01514	0.01075	0.00928	0.00586	0.00684	0.00489	0.00391	0.00342	0.00098	0.00684	0.00244	0.00195	0.00440
11	0.01000	0.11491	0.07682	0.00789	0.01051	0.01021	0.00680	0.14944	0.50490	0.01578	0.01268	0.04367	0.00989	0.00495	0.00369	0.00121	0.00350	0.00399	0.00338	0.00580
12	0.00827	0.00560	0.00698	0.00621	0.00694	0.00628	0.00456	0.06507	0.03657	0.11965	0.01185	0.06430	0.02855	0.40093	0.03756	0.00259	0.17670	0.00496	0.00273	0.00373
13	0.01371	0.01083	0.01130	0.00891	0.01149	0.07825	0.00731	0.64590	0.01563	0.04018	0.00848	0.00892	0.00621	0.00476	0.00483	0.00119	0.10935	0.00334	0.00341	0.00600
14	0.00832	0.00781	0.01296	0.05382	0.64020	0.00780	0.00990	0.01029	0.00842	0.01178	0.01129	0.11646	0.07463	0.00493	0.00395	0.00120	0.00404	0.00465	0.00220	0.00535
15	0.11935	0.01028	0.01015	0.00976	0.09389	0.16710	0.03576	0.09593	0.35073	0.02843	0.01037	0.01051	0.00792	0.00445	0.00384	0.00119	0.02843	0.00346	0.00299	0.00544
16	0.00850	0.00656	0.00896	0.01061	0.23169	0.00668	0.00651	0.01238	0.20887	0.09879	0.15139	0.01849	0.13879	0.00743	0.06592	0.00157	0.00359	0.00496	0.00328	0.00504

[dist]
# distance from previous block
# <min> <max>
2	3

[block]
# block no. 6 follows, 72 sequences, length 12
# corresponding to MSA columns:
# 314-325
name=unknown_G
#
# <colnr> <probs for GDERKNQSTAVLIFYWHMCP>
#	G	D	E	R	K	N	Q	S	T	A	V	L	I	F	Y	W	H	M	C	P
0	0.00572	0.00409	0.00481	0.00458	0.00573	0.00369	0.00345	0.00742	0.03624	0.05150	0.41355	0.05912	0.34346	0.00829	0.00439	0.00123	0.00196	0.00712	0.03001	0.00363
1	0.00573	0.00556	0.06420	0.03439	0.03724	0.00505	0.03954	0.00690	0.00721	0.00987	0.01601	0.52191	0.01835	0.06455	0.03630	0.00180	0.08240	0.03654	0.00290	0.00355
2	0.00554	0.00383	0.00455	0.00460	0.00469	0.00394	0.00283	0.00576	0.00591	0.00796	0.03048	0.10294	0.01511	0.68750	0.04414	0.00338	0.03244	0.02941	0.00246	0.00253
3	0.05536	0.01169	0.03285	0.00905	0.04923	0.25824	0.00696	0.29879	0.07071	0.01593	0.08820	0.01053	0.00895	0.00493	0.00432	0.02993	0.03282	0.00343	0.00293	0.00515
4	0.01008	0.00669	0.01018	0.00882	0.06224	0.00647	0.14027	0.11824	0.01040	0.20957	0.16279	0.07350	0.04169	0.06083	0.04208	0.00160	0.00391	0.02231	0.00344	0.00490
5	0.03697	0.06243	0.14226	0.02589	0.12360	0.03140	0.03239	0.22705	0.02752	0.07690	0.00880	0.01061	0.00696	0.04754	0.12111	0.00194	0.00526	0.00343	0.00263	0.00533
6	0.00669	0.00626	0.04795	0.00540	0.00681	0.08823	0.00432	0.00837	0.03483	0.04664	0.27785	0.07767	0.28992	0.04772	0.00494	0.00133	0.00274	0.00645	0.03213	0.00374
7	0.00741	0.00825	0.11780	0.02047	0.14086	0.03407	0.04675	0.05820	0.06101	0.01289	0.16667	0.09092	0.16682	0.00652	0.00432	0.00125	0.01869	0.02956	0.00298	0.00455
8	0.02748	0.08187	0.08956	0.03406	0.03045	0.08232	0.02821	0.11247	0.13069	0.05537	0.00920	0.04816	0.00758	0.02440	0.00427	0.00112	0.04678	0.00345	0.00265	0.17990
9	0.06290	0.07467	0.08597	0.02313	0.07162	0.08071	0.10393	0.10244	0.04395	0.06624	0.10122	0.05001	0.01036	0.02509	0.00423	0.00119	0.02089	0.00396	0.00270	0.06477
10	0.09705	0.17390	0.09483	0.04741	0.04782	0.05023	0.00714	0.16419	0.02833	0.10574	0.03622	0.04258	0.02877	0.00470	0.00347	0.00112	0.00397	0.03451	0.00280	0.02522
11	0.05364	0.07796	0.09808	0.01967	0.04216	0.07218	0.02378	0.06796	0.03475	0.07806	0.06967	0.04656	0.03321	0.02043	0.03406	0.00134	0.05727	0.03775	0.00267	0.12878

[dist]
# distance from previous block
# <min> <max>
2	228

[block]
# block no. 7 follows, 72 sequences, length 23
# corresponding to MSA columns:
# 580-602
name=unknown_H
#
# <colnr> <probs for GDERKNQSTAVLIFYWHMCP>
#	G	D	E	R	K	N	Q	S	T	A	V	L	I	F	Y	W	H	M	C	P
0	0.05981	0.04760	0.01099	0.09955	0.06036	0.17380	0.05349	0.20234	0.04486	0.04178	0.03973	0.04460	0.00812	0.03775	0.00433	0.00121	0.01365	0.00364	0.00269	0.04969
1	0.03888	0.09299	0.06137	0.00934	0.09213	0.11795	0.02500	0.19505	0.07589	0.06434	0.01960	0.02287	0.01613	0.05893	0.00462	0.00123	0.01528	0.00342	0.00274	0.08225
2	0.08304	0.08231	0.07840	0.10972	0.01326	0.15272	0.06771	0.11762	0.14116	0.05600	0.00935	0.01082	0.01686	0.00437	0.00368	0.00117	0.01244	0.03160	0.00264	0.00511
3	0.00791	0.03468	0.08554	0.00663	0.00885	0.03137	0.03409	0.12426	0.03417	0.03695	0.11858	0.12261	0.17509	0.03105	0.00443	0.00123	0.00322	0.01614	0.00314	0.12004
4	0.02170	0.03417	0.00710	0.06266	0.00836	0.06172	0.00499	0.08700	0.03421	0.01116	0.03947	0.30394	0.04375	0.14766	0.02198	0.00183	0.05186	0.04977	0.00294	0.00371
5	0.00832	0.07469	0.04286	0.27109	0.03579	0.05359	0.00793	0.05263	0.10280	0.01135	0.04831	0.01169	0.00817	0.01884	0.08449	0.01391	0.11474	0.01238	0.02191	0.00449
6	0.00737	0.03975	0.00684	0.00561	0.00722	0.00539	0.00435	0.07997	0.07440	0.05449	0.38130	0.12532	0.07305	0.00698	0.00410	0.00115	0.00243	0.00602	0.00369	0.11056
7	0.10811	0.06786	0.02179	0.02378	0.30422	0.13080	0.00801	0.06237	0.00942	0.11661	0.03920	0.03744	0.00769	0.00419	0.00366	0.00111	0.01919	0.00340	0.00253	0.02863
8	0.13454	0.15000	0.01332	0.02728	0.03932	0.20300	0.16447	0.04280	0.00906	0.05283	0.00803	0.00910	0.03875	0.00382	0.00346	0.00105	0.01424	0.00308	0.00223	0.07965
9	0.60033	0.00903	0.06121	0.06255	0.00978	0.07272	0.00564	0.07840	0.00803	0.01600	0.02524	0.00795	0.02230	0.00388	0.00282	0.00117	0.00360	0.00256	0.00241	0.00439
10	0.04407	0.01102	0.23053	0.29836	0.05694	0.00882	0.13382	0.05355	0.06050	0.05442	0.00794	0.00973	0.00580	0.00379	0.00379	0.00123	0.00502	0.00342	0.00213	0.00513
11	0.02291	0.00432	0.00556	0.00545	0.00633	0.00451	0.00410	0.00754	0.04568	0.04174	0.14684	0.12050	0.15117	0.07448	0.31884	0.00324	0.02427	0.00598	0.00299	0.00354
12	0.00495	0.00364	0.00477	0.04812	0.00645	0.00352	0.00379	0.00574	0.00739	0.00973	0.05126	0.56834	0.09983	0.11794	0.00657	0.00177	0.00255	0.04728	0.00330	0.00309
13	0.00913	0.01041	0.06653	0.01419	0.01771	0.00964	0.61865	0.06110	0.06412	0.01291	0.00838	0.01097	0.00647	0.00378	0.00477	0.00130	0.04903	0.02354	0.00216	0.00519
14	0.68021	0.00813	0.00698	0.00589	0.00841	0.00930	0.00486	0.20993	0.00921	0.01869	0.00621	0.00688	0.00468	0.00377	0.00270	0.00116	0.00323	0.00238	0.00270	0.00468
15	0.00572	0.00435	0.00556	0.00535	0.00626	0.00450	0.00399	0.00763	0.06906	0.01086	0.19779	0.02199	0.10979	0.15271	0.32568	0.00344	0.00541	0.01818	0.00288	0.03885
16	0.00491	0.00353	0.00470	0.00545	0.00586	0.00332	0.00390	0.00583	0.00782	0.01042	0.09105	0.64472	0.04948	0.01125	0.00486	0.00153	0.00235	0.13226	0.00357	0.00319
17	0.00590	0.00452	0.00545	0.00579	0.00654	0.02630	0.00417	0.05627	0.00814	0.01085	0.01828	0.61037	0.02114	0.02913	0.01724	0.00156	0.00277	0.09142	0.00335	0.07083
18	0.00939	0.00901	0.01539	0.02328	0.84306	0.00901	0.01164	0.01164	0.00864	0.01239	0.00713	0.00939	0.00601	0.00338	0.00375	0.00113	0.00451	0.00338	0.00188	0.00601
19	0.00966	0.00971	0.01451	0.07224	0.67084	0.09044	0.01099	0.01173	0.00863	0.01176	0.00688	0.00913	0.00579	0.00362	0.00416	0.00115	0.04797	0.00329	0.00186	0.00565
20	0.00795	0.00746	0.01247	0.60887	0.24823	0.00867	0.01075	0.03102	0.00813	0.01079	0.00691	0.00989	0.00535	0.00370	0.00378	0.00122	0.00488	0.00337	0.00179	0.00476
21	0.00725	0.00683	0.01153	0.82539	0.05766	0.00845	0.01058	0.00977	0.00762	0.00979	0.00676	0.01008	0.00509	0.00378	0.00379	0.00126	0.00503	0.00337	0.00169	0.00428
22	0.00949	0.00943	0.01457	0.12066	0.68343	0.07305	0.01118	0.01168	0.00867	0.01184	0.00699	0.00928	0.00581	0.00347	0.00373	0.00113	0.00475	0.00331	0.00186	0.00567

[dist]
# distance from previous block
# <min> <max>
1	3

[block]
# block no. 8 follows, 72 sequences, length 24
# corresponding to MSA columns:
# 606-629
name=unknown_I
#
# <colnr> <probs for GDERKNQSTAVLIFYWHMCP>
#	G	D	E	R	K	N	Q	S	T	A	V	L	I	F	Y	W	H	M	C	P
0	0.07460	0.00518	0.00736	0.00803	0.08658	0.00530	0.04759	0.00825	0.03025	0.06305	0.01619	0.51417	0.01797	0.00898	0.00492	0.00144	0.05539	0.03768	0.00316	0.00391
1	0.00899	0.00980	0.02026	0.04933	0.22133	0.00941	0.59867	0.01193	0.00882	0.01212	0.00751	0.01002	0.00579	0.00326	0.00427	0.00124	0.00588	0.00417	0.00190	0.00530
2	0.64497	0.00894	0.00827	0.00712	0.02548	0.09328	0.08307	0.06698	0.00793	0.01615	0.00586	0.00688	0.00454	0.00360	0.00278	0.00116	0.00377	0.00244	0.00236	0.00443
3	0.00550	0.00375	0.00449	0.00449	0.00461	0.00387	0.00274	0.00574	0.00562	0.00761	0.01163	0.02303	0.01301	0.71572	0.16924	0.00411	0.00484	0.00525	0.00225	0.00249
4	0.02032	0.00762	0.00908	0.02434	0.11449	0.04964	0.00636	0.08668	0.23223	0.15234	0.19486	0.03369	0.01495	0.00546	0.00421	0.00121	0.02903	0.00456	0.00359	0.00533
5	0.00904	0.00865	0.01458	0.14934	0.64826	0.00896	0.03349	0.01184	0.05596	0.01217	0.00756	0.00979	0.00617	0.00354	0.00379	0.00116	0.00455	0.00346	0.00196	0.00571
6	0.00716	0.00674	0.01138	0.85760	0.02612	0.00843	0.01053	0.00969	0.00758	0.00969	0.00674	0.01011	0.00506	0.00379	0.00379	0.00126	0.00506	0.00337	0.00169	0.00421
7	0.00569	0.00412	0.00539	0.03760	0.00606	0.00429	0.02876	0.00633	0.02023	0.00809	0.01182	0.06301	0.01301	0.61239	0.15420	0.00376	0.00480	0.00540	0.00231	0.00274
8	0.00552	0.00368	0.00414	0.00414	0.00414	0.00368	0.00230	0.00552	0.00552	0.00735	0.01195	0.02482	0.01379	0.86672	0.01930	0.00368	0.00368	0.00552	0.00230	0.00230
9	0.00789	0.00688	0.04029	0.00915	0.15947	0.00655	0.00614	0.15536	0.06918	0.01504	0.27243	0.06504	0.15787	0.00658	0.00417	0.00121	0.00298	0.00568	0.00342	0.00469
10	0.00461	0.00332	0.00438	0.00522	0.00548	0.00309	0.00349	0.00529	0.00732	0.00971	0.02164	0.82943	0.05941	0.01179	0.00483	0.00153	0.00219	0.01066	0.00352	0.00309
11	0.01216	0.44313	0.01533	0.00810	0.01073	0.40874	0.00691	0.03722	0.00944	0.00953	0.00566	0.00653	0.00492	0.00360	0.00294	0.00090	0.00537	0.00226	0.00184	0.00469
12	0.00563	0.00415	0.00518	0.03149	0.00606	0.00438	0.00366	0.00656	0.03688	0.00878	0.01517	0.15433	0.07357	0.43278	0.11311	0.00311	0.03686	0.05273	0.00263	0.00295
13	0.03371	0.00851	0.01380	0.15591	0.59231	0.00898	0.01067	0.02278	0.06203	0.02354	0.00764	0.00974	0.00619	0.00367	0.00393	0.00117	0.02433	0.00340	0.00205	0.00563
14	0.00630	0.00590	0.04258	0.12629	0.01022	0.03818	0.00614	0.00814	0.03233	0.00934	0.00994	0.06168	0.00930	0.03224	0.54054	0.00437	0.04649	0.00423	0.00209	0.00372
15	0.57904	0.00843	0.03085	0.00741	0.07823	0.04073	0.00559	0.08777	0.00840	0.11267	0.00697	0.00756	0.00514	0.00376	0.00284	0.00116	0.00344	0.00253	0.00268	0.00481
16	0.00874	0.00683	0.00809	0.00749	0.04387	0.00723	0.03559	0.03217	0.42402	0.08896	0.08595	0.01984	0.20268	0.00618	0.00406	0.00126	0.00289	0.00525	0.00373	0.00519
17	0.00466	0.00332	0.00439	0.00523	0.00543	0.00311	0.00346	0.00529	0.00718	0.00957	0.02047	0.82341	0.02453	0.05346	0.00554	0.00164	0.00227	0.01053	0.00346	0.00304
18	0.01270	0.07015	0.01151	0.00938	0.05874	0.18204	0.00717	0.42898	0.06820	0.01723	0.00846	0.00942	0.00660	0.03253	0.02750	0.00133	0.03626	0.00326	0.00299	0.00557
19	0.00542	0.00406	0.00610	0.00610	0.00677	0.00474	0.00474	0.00677	0.00610	0.00880	0.01016	0.01490	0.00948	0.02844	0.85169	0.00610	0.01016	0.00406	0.00203	0.00339
20	0.00572	0.00421	0.00585	0.00575	0.00630	0.00479	0.00426	0.02640	0.00623	0.00881	0.01048	0.01712	0.01040	0.23882	0.60361	0.00527	0.02627	0.00440	0.00213	0.00320
21	0.00673	0.00548	0.00843	0.10472	0.10691	0.00553	0.07280	0.03060	0.03813	0.03609	0.04525	0.38455	0.06034	0.05023	0.00516	0.00149	0.00332	0.02722	0.00301	0.00401
22	0.04481	0.09201	0.01014	0.00817	0.01009	0.51409	0.00634	0.04667	0.02211	0.01119	0.12859	0.01233	0.04464	0.00486	0.00356	0.00105	0.00524	0.02729	0.00247	0.00434
23	0.01086	0.26191	0.24258	0.00915	0.04470	0.19709	0.00880	0.05717	0.00926	0.06577	0.00682	0.00762	0.00532	0.00364	0.00321	0.00099	0.00500	0.00259	0.00205	0.05546

[dist]
# distance from previous block
# <min> <max>
2	4

[block]
# block no. 9 follows, 72 sequences, length 37
# corresponding to MSA columns:
# 634-670
name=unknown_J
#
# <colnr> <probs for GDERKNQSTAVLIFYWHMCP>
#	G	D	E	R	K	N	Q	S	T	A	V	L	I	F	Y	W	H	M	C	P
0	0.00891	0.00799	0.01050	0.04184	0.19544	0.05386	0.04101	0.10024	0.13307	0.02261	0.15277	0.01507	0.04982	0.00660	0.05079	0.00150	0.08635	0.01376	0.00288	0.00498
1	0.00576	0.00394	0.00466	0.02757	0.00597	0.00384	0.00351	0.02698	0.03178	0.01194	0.12925	0.31281	0.15106	0.05273	0.00489	0.00139	0.00222	0.00730	0.20898	0.00343
2	0.00734	0.00692	0.01170	0.79099	0.09135	0.00847	0.01062	0.00985	0.00767	0.00991	0.00677	0.01005	0.00513	0.00376	0.00379	0.00125	0.00501	0.00337	0.00170	0.00436
3	0.89350	0.00733	0.00557	0.00499	0.00733	0.00851	0.00411	0.01115	0.00645	0.01702	0.00528	0.00616	0.00411	0.00352	0.00235	0.00117	0.00293	0.00205	0.00235	0.00411
4	0.00981	0.01590	0.38342	0.01106	0.01502	0.20465	0.16627	0.07811	0.00976	0.01253	0.05218	0.00935	0.00682	0.00390	0.00379	0.00116	0.00572	0.00331	0.00206	0.00519
5	0.00559	0.00415	0.00539	0.00591	0.00686	0.00395	0.00495	0.00712	0.00891	0.01151	0.12586	0.06403	0.21928	0.00997	0.00495	0.00156	0.00287	0.50012	0.00358	0.00342
6	0.00625	0.00511	0.00695	0.00594	0.00765	0.00443	0.05656	0.00772	0.00831	0.01190	0.20805	0.18623	0.05194	0.04557	0.06594	0.00154	0.00322	0.02340	0.00300	0.29029
7	0.00457	0.00378	0.00401	0.00409	0.00521	0.00322	0.00302	0.00557	0.00866	0.01060	0.10461	0.13558	0.67454	0.00972	0.00452	0.00130	0.00194	0.00824	0.00358	0.00322
8	0.02799	0.00989	0.01194	0.12648	0.32138	0.14930	0.00885	0.07822	0.07783	0.01265	0.00808	0.01989	0.01536	0.00400	0.00392	0.00111	0.03344	0.00331	0.00226	0.08410
9	0.00748	0.07619	0.04425	0.00735	0.00882	0.08477	0.06296	0.05025	0.07447	0.01105	0.01573	0.37825	0.07392	0.00849	0.02435	0.00145	0.05642	0.00683	0.00292	0.00408
10	0.01189	0.00701	0.00801	0.00650	0.00869	0.00723	0.00524	0.31054	0.04427	0.20933	0.12842	0.01402	0.01219	0.00503	0.00364	0.00110	0.00303	0.00405	0.20444	0.00537
11	0.00831	0.00704	0.07320	0.00628	0.00837	0.00628	0.00534	0.07937	0.22254	0.10158	0.18732	0.02212	0.24330	0.00668	0.00412	0.00124	0.00279	0.00559	0.00373	0.00480
12	0.00489	0.00383	0.00443	0.00434	0.00539	0.00337	0.00323	0.00621	0.00952	0.01246	0.40113	0.07769	0.43217	0.00889	0.00450	0.00125	0.00188	0.00764	0.00382	0.00337
13	0.01325	0.01002	0.01135	0.00876	0.01162	0.01098	0.05142	0.68961	0.05903	0.02183	0.01020	0.01076	0.02779	0.04003	0.00449	0.00126	0.00416	0.00372	0.00363	0.00610
14	0.01594	0.00678	0.00885	0.00688	0.00970	0.00620	0.00565	0.08295	0.05617	0.70228	0.04713	0.01328	0.01031	0.00483	0.00384	0.00118	0.00323	0.00393	0.00456	0.00632
15	0.01202	0.24127	0.01269	0.02564	0.02929	0.45215	0.00679	0.07282	0.00993	0.01023	0.00723	0.00892	0.02650	0.06418	0.00434	0.00115	0.00547	0.00280	0.00206	0.00453
16	0.00995	0.00930	0.09803	0.04138	0.40529	0.00797	0.02845	0.06715	0.00938	0.10946	0.03133	0.01092	0.00747	0.00388	0.00370	0.00109	0.00418	0.02580	0.00246	0.12280
17	0.01017	0.05843	0.03567	0.06380	0.33141	0.03624	0.14160	0.13295	0.01008	0.05114	0.00860	0.01171	0.00711	0.00411	0.00388	0.00117	0.00470	0.06103	0.00239	0.02382
18	0.02869	0.12746	0.14781	0.01036	0.09362	0.09310	0.05618	0.13710	0.24037	0.01433	0.00931	0.00973	0.00711	0.00411	0.00357	0.00114	0.00446	0.00331	0.00266	0.00560
19	0.07859	0.00765	0.01065	0.43132	0.17906	0.07511	0.00900	0.01004	0.00795	0.01082	0.00874	0.11190	0.00807	0.00487	0.00381	0.00126	0.00453	0.03016	0.00207	0.00441
20	0.00661	0.02654	0.28888	0.00824	0.01089	0.00632	0.06438	0.00958	0.05937	0.01155	0.04907	0.22863	0.05824	0.00739	0.00433	0.00139	0.00391	0.14753	0.00277	0.00438
21	0.00471	0.00381	0.00401	0.00409	0.00511	0.00331	0.00297	0.00555	0.00812	0.00984	0.03291	0.07829	0.64477	0.13374	0.00668	0.00166	0.00226	0.04176	0.00334	0.00308
22	0.00523	0.00406	0.00456	0.00447	0.00537	0.00384	0.00318	0.00667	0.05294	0.01061	0.17073	0.02931	0.38756	0.21854	0.07455	0.00222	0.00303	0.00669	0.00324	0.00322
23	0.00459	0.00369	0.00410	0.00433	0.00527	0.00320	0.00312	0.00553	0.00842	0.01048	0.09738	0.27143	0.54496	0.01011	0.00458	0.00135	0.00199	0.00870	0.00357	0.00320
24	0.01014	0.86900	0.01987	0.00649	0.00973	0.01501	0.00649	0.01136	0.00771	0.00892	0.00527	0.00608	0.00487	0.00324	0.00243	0.00081	0.00406	0.00203	0.00162	0.00487
25	0.01442	0.01062	0.01138	0.00873	0.01176	0.01176	0.00721	0.83041	0.01783	0.02390	0.00911	0.00911	0.00645	0.00455	0.00379	0.00114	0.00417	0.00341	0.00379	0.00645
26	0.89350	0.00733	0.00557	0.00499	0.00733	0.00851	0.00411	0.01115	0.00645	0.01702	0.00528	0.00616	0.00411	0.00352	0.00235	0.00117	0.00293	0.00205	0.00235	0.00411
27	0.02780	0.00413	0.00539	0.00604	0.00680	0.00406	0.00492	0.00713	0.00819	0.01097	0.04309	0.18335	0.08035	0.07864	0.00609	0.00178	0.00307	0.49181	0.02306	0.00332
28	0.00768	0.04398	0.82333	0.01069	0.01622	0.00899	0.01380	0.01199	0.00800	0.01192	0.00676	0.00795	0.00481	0.00359	0.00357	0.00119	0.00556	0.00278	0.00160	0.00558
29	0.00589	0.00482	0.00718	0.00686	0.05256	0.00440	0.09476	0.00745	0.00934	0.03143	0.34024	0.14742	0.25675	0.00806	0.00447	0.00127	0.00257	0.00723	0.00353	0.00377
30	0.00659	0.00329	0.00494	0.00494	0.00494	0.00329	0.00329	0.00494	0.00494	0.00659	0.00659	0.01153	0.00659	0.01318	0.01482	0.88966	0.00329	0.00329	0.00165	0.00165
31	0.00863	0.05923	0.00813	0.00645	0.00802	0.07810	0.01527	0.07963	0.05241	0.08783	0.20379	0.02016	0.20000	0.01701	0.02568	0.00136	0.09535	0.00518	0.02343	0.00433
32	0.00468	0.00334	0.00447	0.00535	0.00559	0.00313	0.00362	0.00538	0.00732	0.00975	0.02087	0.83144	0.02495	0.01183	0.00486	0.00155	0.00225	0.04300	0.00352	0.00310
33	0.00914	0.00876	0.01495	0.11583	0.75244	0.00895	0.01152	0.01142	0.00852	0.01209	0.00709	0.00947	0.00590	0.00342	0.00376	0.00114	0.00457	0.00338	0.00186	0.00581
34	0.02608	0.00688	0.00876	0.00684	0.00971	0.00633	0.00559	0.05123	0.11987	0.62550	0.01401	0.01243	0.00919	0.00458	0.00372	0.00114	0.00320	0.00371	0.00432	0.07690
35	0.00672	0.00541	0.00748	0.06703	0.09370	0.01500	0.03460	0.03144	0.06194	0.03080	0.04289	0.32733	0.06653	0.12142	0.02394	0.00176	0.01325	0.02332	0.00299	0.02246
36	0.01221	0.21187	0.02180	0.00967	0.07737	0.39633	0.00732	0.09840	0.09144	0.01172	0.00724	0.00797	0.00588	0.00391	0.00329	0.00100	0.00525	0.00273	0.01961	0.00500

[dist]
# distance from previous block
# <min> <max>
0	1

[block]
# block no. 10 follows, 72 sequences, length 21
# corresponding to MSA columns:
# 672-692
name=unknown_K
#
# <colnr> <probs for GDERKNQSTAVLIFYWHMCP>
#	G	D	E	R	K	N	Q	S	T	A	V	L	I	F	Y	W	H	M	C	P
0	0.01137	0.08512	0.13080	0.03663	0.12009	0.10705	0.05327	0.08816	0.04916	0.17923	0.00932	0.03692	0.00717	0.00482	0.01986	0.00126	0.04811	0.00351	0.00270	0.00545
1	0.01046	0.51913	0.09730	0.00731	0.01049	0.03982	0.00712	0.10832	0.08004	0.03713	0.00763	0.03336	0.00644	0.00394	0.00298	0.00097	0.00411	0.00281	0.01546	0.00518
2	0.00609	0.00345	0.00479	0.00485	0.00492	0.00349	0.00318	0.00525	0.00533	0.00717	0.00919	0.07321	0.00988	0.22787	0.08218	0.53682	0.00386	0.00442	0.00197	0.00205
3	0.02820	0.13184	0.08392	0.01308	0.18642	0.13935	0.18356	0.08957	0.04802	0.02895	0.00777	0.02836	0.00629	0.00384	0.00367	0.00112	0.00508	0.00343	0.00221	0.00532
4	0.01157	0.00970	0.09041	0.00883	0.03583	0.06403	0.02701	0.09130	0.14933	0.17059	0.08399	0.05188	0.10362	0.00695	0.01955	0.00154	0.01803	0.01360	0.00384	0.03839
5	0.00659	0.00329	0.00494	0.00494	0.00494	0.00329	0.00329	0.00494	0.00494	0.00659	0.00659	0.01153	0.00659	0.01318	0.01482	0.88966	0.00329	0.00329	0.00165	0.00165
6	0.00519	0.00387	0.00463	0.00453	0.00546	0.00353	0.00333	0.00672	0.02324	0.01300	0.46943	0.09666	0.26433	0.04294	0.00503	0.00134	0.00196	0.00729	0.03412	0.00342
7	0.02315	0.26100	0.15324	0.03336	0.03070	0.14890	0.09629	0.11286	0.02696	0.05697	0.00737	0.00857	0.00578	0.00381	0.00338	0.00106	0.00498	0.01419	0.00222	0.00522
8	0.01589	0.00703	0.04239	0.00699	0.00992	0.00590	0.00598	0.03591	0.03355	0.73430	0.01474	0.01398	0.00975	0.00491	0.00387	0.00120	0.00335	0.03959	0.00447	0.00628
9	0.00499	0.00349	0.00425	0.00470	0.00490	0.00334	0.00296	0.00539	0.00662	0.00874	0.01831	0.45581	0.07495	0.37127	0.01090	0.00242	0.00280	0.00838	0.00301	0.00276
10	0.06230	0.07579	0.16596	0.01106	0.01440	0.28247	0.23404	0.08729	0.00993	0.01231	0.00675	0.00809	0.00520	0.00365	0.00364	0.00111	0.00583	0.00310	0.00205	0.00502
11	0.00984	0.07568	0.08550	0.03282	0.10677	0.00851	0.04542	0.19857	0.08658	0.07164	0.04595	0.04775	0.03185	0.12930	0.00603	0.00153	0.00397	0.00427	0.00291	0.00509
12	0.00663	0.00400	0.00456	0.00471	0.03383	0.00373	0.00334	0.00815	0.00869	0.05604	0.14264	0.05652	0.23190	0.00655	0.00359	0.00108	0.00200	0.00550	0.41287	0.00367
13	0.00763	0.00635	0.01008	0.07250	0.36994	0.00654	0.00763	0.00916	0.00749	0.03892	0.01010	0.07573	0.00988	0.17513	0.15672	0.00255	0.00515	0.02180	0.00222	0.00445
14	0.02842	0.08239	0.07581	0.05763	0.33571	0.04637	0.04590	0.06219	0.02784	0.04568	0.01109	0.04893	0.08408	0.02675	0.00414	0.00122	0.00427	0.00404	0.00235	0.00520
15	0.08466	0.06634	0.11879	0.03974	0.12728	0.09536	0.15468	0.09141	0.00944	0.05236	0.00962	0.01091	0.06639	0.01633	0.00405	0.00118	0.02106	0.00357	0.00232	0.02451
16	0.03495	0.09004	0.19593	0.02101	0.03579	0.07796	0.11508	0.13705	0.06004	0.06812	0.00846	0.02207	0.00661	0.02871	0.02033	0.00129	0.01557	0.00336	0.00247	0.05517
17	0.03049	0.03034	0.07461	0.03363	0.11653	0.08623	0.05037	0.14605	0.05326	0.06143	0.08781	0.03945	0.01027	0.04138	0.07934	0.00169	0.02066	0.00400	0.00275	0.02970
18	0.05327	0.03149	0.07173	0.03454	0.12925	0.06779	0.02121	0.05796	0.03609	0.09756	0.10105	0.14962	0.01289	0.00578	0.00411	0.00120	0.02776	0.02604	0.00291	0.06777
19	0.05578	0.05795	0.05791	0.02591	0.08544	0.18304	0.03306	0.08516	0.06923	0.03124	0.04321	0.04772	0.03807	0.01712	0.01995	0.00125	0.04033	0.01772	0.02090	0.06902
20	0.03884	0.05795	0.08983	0.03036	0.07397	0.02663	0.07396	0.03185	0.11624	0.10379	0.04059	0.07084	0.07119	0.04035	0.03008	0.00140	0.00394	0.00439	0.00283	0.09095

[dist]
# distance from previous block
# <min> <max>
64	311

[block]
# block no. 11 follows, 72 sequences, length 9
# corresponding to MSA columns:
# 1131-1139
name=unknown_L
#
# <colnr> <probs for GDERKNQSTAVLIFYWHMCP>
#	G	D	E	R	K	N	Q	S	T	A	V	L	I	F	Y	W	H	M	C	P
0	0.00934	0.23812	0.10887	0.00803	0.01093	0.06847	0.08273	0.08458	0.00955	0.03308	0.15147	0.01204	0.01098	0.00447	0.00378	0.00103	0.03368	0.01958	0.00249	0.10677
1	0.03897	0.07606	0.43453	0.01222	0.11060	0.00921	0.15316	0.03337	0.02319	0.01250	0.03556	0.01000	0.00670	0.00384	0.00372	0.00119	0.00515	0.02270	0.00195	0.00537
2	0.00688	0.00625	0.00557	0.00540	0.00600	0.15060	0.00364	0.00738	0.00688	0.00826	0.01365	0.02142	0.10686	0.48059	0.15190	0.00333	0.00509	0.00503	0.00234	0.00294
3	0.00592	0.00605	0.10269	0.00625	0.00725	0.00534	0.00526	0.00719	0.00639	0.00913	0.05913	0.01746	0.01149	0.28147	0.38271	0.00416	0.07211	0.00447	0.00216	0.00338
4	0.00970	0.72192	0.16311	0.00724	0.01089	0.01393	0.00779	0.01147	0.00776	0.00946	0.00554	0.00642	0.00486	0.00331	0.00264	0.00088	0.00432	0.00216	0.00162	0.00499
5	0.01400	0.00614	0.00813	0.00638	0.00908	0.00520	0.00515	0.01542	0.00992	0.60512	0.01422	0.11007	0.01054	0.00520	0.00376	0.00111	0.00304	0.00434	0.00414	0.15904
6	0.00844	0.02544	0.34222	0.03204	0.04299	0.05806	0.20746	0.01160	0.02180	0.04696	0.06232	0.05344	0.03957	0.00456	0.00418	0.00123	0.02631	0.00413	0.00221	0.00505
7	0.00843	0.34536	0.35433	0.00795	0.01155	0.03733	0.00886	0.01073	0.00755	0.00992	0.00707	0.01014	0.00639	0.15293	0.00586	0.00147	0.00471	0.00296	0.00174	0.00471
8	0.02928	0.26601	0.13029	0.00818	0.03033	0.07051	0.02435	0.03361	0.12154	0.02170	0.00881	0.02137	0.02381	0.02700	0.09779	0.00170	0.06124	0.00325	0.00221	0.01700

[dist]
# distance from previous block
# <min> <max>
32	175

[block]
# block no. 12 follows, 72 sequences, length 6
# corresponding to MSA columns:
# 1332-1337
name=unknown_M
#
# <colnr> <probs for GDERKNQSTAVLIFYWHMCP>
#	G	D	E	R	K	N	Q	S	T	A	V	L	I	F	Y	W	H	M	C	P
0	0.00857	0.03758	0.06204	0.00846	0.08679	0.02404	0.03549	0.11298	0.08016	0.05527	0.13100	0.08160	0.10287	0.02881	0.00457	0.00125	0.02192	0.03289	0.00312	0.08059
1	0.00951	0.06886	0.10516	0.03122	0.10087	0.04100	0.09604	0.10672	0.07033	0.06763	0.06615	0.04103	0.03976	0.00473	0.00378	0.00112	0.00409	0.03140	0.00275	0.10786
2	0.04624	0.06120	0.10171	0.02823	0.07972	0.00835	0.05910	0.09044	0.12524	0.11665	0.06438	0.04956	0.03850	0.00494	0.00423	0.00118	0.05306	0.00407	0.00294	0.06025
3	0.04980	0.07627	0.07123	0.00955	0.08430	0.02862	0.08702	0.17028	0.07990	0.07022	0.06915	0.04289	0.04243	0.00479	0.00401	0.00114	0.03331	0.00399	0.00290	0.06820
4	0.05264	0.07602	0.08642	0.03689	0.07235	0.04011	0.04176	0.09431	0.14272	0.06624	0.05946	0.03471	0.06261	0.00569	0.03335	0.00132	0.02395	0.00398	0.00285	0.06263
5	0.03802	0.09119	0.16498	0.00841	0.01136	0.03406	0.08112	0.11290	0.10290	0.06272	0.06580	0.06505	0.04245	0.00500	0.00408	0.00117	0.03997	0.00411	0.00278	0.06194

[dist]
# distance from previous block
# <min> <max>
0	1

[block]
# block no. 13 follows, 72 sequences, length 12
# corresponding to MSA columns:
# 1339-1350
name=unknown_N
#
# <colnr> <probs for GDERKNQSTAVLIFYWHMCP>
#	G	D	E	R	K	N	Q	S	T	A	V	L	I	F	Y	W	H	M	C	P
0	0.03162	0.15988	0.06329	0.00731	0.02902	0.03410	0.00617	0.14957	0.06108	0.07625	0.04154	0.05635	0.02206	0.07711	0.01765	0.00137	0.01746	0.03977	0.00283	0.10557
1	0.05333	0.14709	0.11265	0.01941	0.04159	0.03441	0.02617	0.07603	0.13837	0.11493	0.03116	0.02290	0.04538	0.01448	0.04448	0.00139	0.00415	0.02578	0.00285	0.04347
2	0.13682	0.16384	0.07694	0.03081	0.05999	0.04481	0.00662	0.15966	0.03291	0.02850	0.08303	0.04241	0.02351	0.03463	0.00393	0.00118	0.00378	0.01460	0.00267	0.04934
3	0.11417	0.17005	0.04298	0.02108	0.12370	0.12600	0.05707	0.09674	0.04691	0.01313	0.07450	0.03089	0.01888	0.00505	0.02766	0.00124	0.01919	0.00347	0.00242	0.00490
4	0.04823	0.49897	0.01581	0.03323	0.01077	0.15688	0.03443	0.06172	0.02959	0.03926	0.00705	0.00780	0.02121	0.00370	0.00292	0.00094	0.00447	0.00256	0.01560	0.00487
