[name]
unknown

[dist]
# distance from previous block
# <min> <max>
3	583

[block]
# block no. 0 follows, 68 sequences, length 61
# corresponding to MSA columns:
# 592-652
name=unknown_A
#
# <colnr> <probs for GDERKNQSTAVLIFYWHMCP>
#	G	D	E	R	K	N	Q	S	T	A	V	L	I	F	Y	W	H	M	C	P
0	0.03532	0.00725	0.04151	0.05698	0.23022	0.00688	0.01837	0.05496	0.06192	0.06150	0.06787	0.08354	0.14910	0.10013	0.00595	0.00156	0.00365	0.00545	0.00299	0.00483
1	0.01307	0.12743	0.04946	0.00911	0.01151	0.50847	0.00739	0.03951	0.07433	0.05235	0.04775	0.02617	0.00791	0.00450	0.00360	0.00107	0.00577	0.00316	0.00248	0.00495
2	0.00631	0.00553	0.05688	0.00591	0.00746	0.00436	0.02693	0.00809	0.00986	0.03838	0.44912	0.18818	0.06515	0.00799	0.00449	0.00125	0.00250	0.00708	0.00376	0.10076
3	0.01570	0.00487	0.00630	0.02771	0.05739	0.00480	0.00461	0.06655	0.00874	0.06273	0.05388	0.28997	0.11743	0.06400	0.02376	0.09275	0.00306	0.01862	0.07332	0.00380
4	0.15171	0.03071	0.01175	0.03370	0.13927	0.06955	0.13513	0.04782	0.02225	0.07022	0.02615	0.11890	0.00982	0.00518	0.00388	0.00123	0.00425	0.03306	0.00273	0.08271
5	0.01108	0.72026	0.01948	0.00797	0.05147	0.03975	0.00714	0.08360	0.00913	0.01090	0.00598	0.00683	0.00529	0.00354	0.00277	0.00090	0.00436	0.00233	0.00192	0.00528
6	0.03151	0.00398	0.00455	0.00479	0.00569	0.00360	0.00343	0.00634	0.00856	0.02768	0.10685	0.32499	0.36939	0.04934	0.00543	0.00154	0.00226	0.01953	0.01716	0.00340
7	0.03171	0.00644	0.00953	0.01226	0.29381	0.00658	0.00716	0.04191	0.03567	0.01299	0.15651	0.07174	0.07679	0.01101	0.16926	0.01507	0.00486	0.02914	0.00286	0.00470
8	0.01139	0.28391	0.07445	0.00896	0.02482	0.23387	0.03636	0.02486	0.05274	0.06154	0.00763	0.00921	0.00641	0.03838	0.04196	0.00143	0.07187	0.00301	0.00221	0.00500
9	0.52246	0.00671	0.00625	0.00553	0.00766	0.00724	0.00439	0.03087	0.00809	0.15373	0.04533	0.08015	0.04409	0.05727	0.00422	0.00142	0.00304	0.00392	0.00313	0.00450
10	0.00618	0.00430	0.00495	0.00480	0.00600	0.00383	0.00356	0.01732	0.01864	0.07574	0.18797	0.13749	0.42968	0.06375	0.00566	0.00151	0.00231	0.01879	0.00383	0.00369
11	0.00867	0.00878	0.02097	0.15761	0.09317	0.15813	0.03285	0.02371	0.02218	0.01991	0.04488	0.06013	0.09525	0.00953	0.13692	0.00208	0.07336	0.00458	0.02289	0.00441
12	0.05478	0.00777	0.00842	0.00732	0.00899	0.12076	0.02816	0.07549	0.00929	0.19690	0.03201	0.03490	0.01010	0.11824	0.23811	0.00297	0.03393	0.00422	0.00301	0.00463
13	0.00546	0.00383	0.00483	0.00536	0.00588	0.00364	0.00377	0.02328	0.00834	0.01135	0.10577	0.53049	0.08110	0.06549	0.00582	0.00166	0.00244	0.06523	0.06291	0.00337
14	0.00524	0.00394	0.00463	0.00491	0.00565	0.00364	0.00346	0.00639	0.02779	0.01097	0.12389	0.29838	0.29438	0.12975	0.00698	0.00178	0.00245	0.04691	0.01555	0.00331
15	0.00662	0.01653	0.02029	0.00539	0.00601	0.05747	0.00373	0.00758	0.04948	0.00910	0.02649	0.05802	0.07706	0.45124	0.10627	0.06302	0.00451	0.01449	0.01361	0.00308
16	0.01302	0.28013	0.03546	0.00905	0.01174	0.41703	0.01691	0.10721	0.03985	0.01169	0.00671	0.00754	0.00555	0.00402	0.00349	0.00102	0.01962	0.00265	0.00221	0.00509
17	0.00856	0.00729	0.00851	0.00660	0.02540	0.01714	0.00513	0.05769	0.01902	0.01331	0.00776	0.02135	0.00657	0.00497	0.05455	0.00104	0.02065	0.00275	0.01082	0.70087
18	0.00879	0.14414	0.34315	0.09528	0.03628	0.04832	0.07482	0.02368	0.00843	0.03232	0.00839	0.05479	0.00729	0.08220	0.00534	0.00145	0.01449	0.00374	0.00203	0.00507
19	0.04687	0.00554	0.00711	0.00613	0.00791	0.00534	0.00478	0.03511	0.02397	0.35219	0.10098	0.05783	0.01404	0.11219	0.13613	0.00235	0.00427	0.01662	0.05573	0.00491
20	0.03808	0.01214	0.00964	0.03610	0.02416	0.34285	0.00669	0.11967	0.15669	0.04451	0.01337	0.03391	0.10862	0.00539	0.00401	0.00119	0.01787	0.00407	0.01598	0.00506
21	0.02546	0.00624	0.00912	0.20532	0.11057	0.00675	0.00708	0.01008	0.00864	0.12306	0.10918	0.10708	0.09465	0.05781	0.00608	0.00150	0.08891	0.00541	0.00296	0.01411
22	0.02676	0.00430	0.00478	0.00457	0.00573	0.00382	0.00330	0.00697	0.00876	0.05170	0.16407	0.08001	0.41442	0.16098	0.00732	0.00175	0.00246	0.00728	0.00355	0.03747
23	0.00646	0.00450	0.00553	0.00529	0.00645	0.00423	0.00402	0.00862	0.07143	0.06038	0.43461	0.07906	0.20087	0.00876	0.00507	0.03484	0.00226	0.04967	0.00405	0.00390
24	0.07921	0.00535	0.00662	0.00629	0.00783	0.00530	0.00513	0.05225	0.00959	0.17014	0.09475	0.05355	0.09800	0.04397	0.07967	0.00198	0.00380	0.24682	0.02539	0.00436
25	0.00759	0.00633	0.00743	0.00565	0.00851	0.00493	0.00444	0.00920	0.00835	0.01262	0.07280	0.01411	0.05382	0.06509	0.00449	0.00096	0.00290	0.03416	0.00263	0.67401
26	0.04340	0.00404	0.00477	0.00503	0.00583	0.00378	0.00360	0.00660	0.01966	0.01200	0.22118	0.34276	0.22628	0.05361	0.00553	0.00156	0.00229	0.03092	0.00373	0.00343
27	0.00499	0.00370	0.00464	0.00512	0.00571	0.00338	0.00357	0.00597	0.00853	0.01128	0.17546	0.50853	0.18881	0.03122	0.00528	0.00155	0.00222	0.02293	0.00378	0.00333
28	0.00572	0.00401	0.00495	0.00506	0.00580	0.00375	0.00356	0.00699	0.03287	0.03431	0.26654	0.29312	0.16542	0.11176	0.00698	0.03138	0.00240	0.00822	0.00371	0.00344
29	0.00764	0.00468	0.00570	0.00552	0.00668	0.00444	0.00413	0.04603	0.03289	0.12095	0.13743	0.24828	0.14527	0.07258	0.00568	0.00156	0.00262	0.06209	0.08181	0.00404
30	0.03403	0.00428	0.00525	0.00525	0.00610	0.00402	0.00370	0.00790	0.01966	0.10741	0.13440	0.31182	0.11880	0.17290	0.00796	0.02817	0.00271	0.01845	0.00358	0.00360
31	0.00986	0.04560	0.58819	0.01025	0.01522	0.00936	0.01218	0.08038	0.07391	0.10450	0.00890	0.00946	0.00625	0.00409	0.00379	0.00124	0.00520	0.00319	0.00240	0.00604
32	0.01413	0.00992	0.01082	0.00847	0.01130	0.01082	0.00690	0.67240	0.01682	0.07718	0.01089	0.06451	0.00849	0.02700	0.00441	0.00128	0.00408	0.00415	0.03011	0.00632
33	0.00564	0.00405	0.00487	0.00499	0.00595	0.00367	0.00369	0.00679	0.00899	0.04405	0.18674	0.20595	0.33939	0.06238	0.02876	0.00170	0.00258	0.07257	0.00374	0.00350
34	0.03545	0.00510	0.00652	0.00595	0.00759	0.00462	0.00454	0.01161	0.02647	0.33462	0.07643	0.30246	0.12261	0.01808	0.00465	0.00141	0.00273	0.02024	0.00416	0.00474
35	0.04100	0.00500	0.00585	0.00592	0.00697	0.00511	0.00436	0.05162	0.12866	0.03846	0.10741	0.41656	0.04875	0.00919	0.00450	0.00143	0.00255	0.03753	0.07502	0.00411
36	0.00972	0.00976	0.04305	0.02349	0.78446	0.00949	0.01215	0.01210	0.00892	0.01284	0.00738	0.00973	0.00621	0.00364	0.00419	0.00120	0.03001	0.00351	0.00195	0.00621
37	0.00676	0.00457	0.00610	0.00677	0.07926	0.00427	0.00439	0.00778	0.00871	0.08177	0.18610	0.19022	0.20393	0.08816	0.03995	0.06391	0.00300	0.00715	0.00346	0.00376
38	0.00481	0.00402	0.00420	0.00415	0.00543	0.00340	0.00311	0.00594	0.00934	0.01143	0.15050	0.03697	0.72353	0.00977	0.00468	0.00133	0.00199	0.00820	0.00378	0.00340
39	0.00539	0.00467	0.00580	0.04463	0.01896	0.00425	0.04262	0.00701	0.03381	0.01163	0.13687	0.05802	0.59393	0.00903	0.00463	0.00133	0.00245	0.00772	0.00359	0.00367
40	0.10113	0.00870	0.01057	0.09085	0.16019	0.06936	0.00755	0.12548	0.04604	0.23487	0.01023	0.01134	0.00759	0.03779	0.03496	0.01343	0.01751	0.00360	0.00317	0.00563
41	0.01001	0.00978	0.01204	0.07269	0.28817	0.14732	0.03251	0.01298	0.12047	0.03816	0.02591	0.04329	0.00883	0.06951	0.01522	0.00152	0.07986	0.00408	0.00247	0.00520
42	0.00544	0.00405	0.00506	0.00481	0.00582	0.00367	0.00361	0.00715	0.01082	0.01494	0.68633	0.03120	0.18551	0.00847	0.00468	0.00126	0.00190	0.00739	0.00424	0.00367
43	0.02869	0.01951	0.05161	0.00831	0.05178	0.03329	0.04105	0.12801	0.01037	0.15093	0.00905	0.02315	0.00690	0.00382	0.00346	0.00092	0.00375	0.00312	0.00294	0.41935
44	0.00566	0.00425	0.00637	0.00637	0.00708	0.00496	0.00496	0.00708	0.00637	0.00920	0.01062	0.01558	0.00991	0.02974	0.84494	0.00637	0.01062	0.00425	0.00212	0.00354
45	0.00986	0.00852	0.00897	0.00807	0.01031	0.00986	0.00628	0.02107	0.82876	0.01659	0.01614	0.01479	0.01210	0.00538	0.00403	0.00134	0.00314	0.00448	0.00403	0.00628
46	0.00869	0.06322	0.72525	0.01098	0.01637	0.08332	0.01363	0.01281	0.00861	0.01214	0.00695	0.00816	0.00503	0.00378	0.00369	0.00121	0.00589	0.00286	0.00171	0.00571
47	0.00471	0.00402	0.00405	0.00404	0.00537	0.00336	0.00303	0.00574	0.00909	0.01084	0.06038	0.03794	0.81402	0.00999	0.00469	0.00134	0.00200	0.00834	0.00370	0.00336
48	0.01060	0.86304	0.02078	0.00678	0.01018	0.01569	0.00678	0.01187	0.00806	0.00933	0.00551	0.00636	0.00509	0.00339	0.00254	0.00085	0.00424	0.00212	0.00170	0.00509
49	0.00570	0.00412	0.00572	0.00572	0.00620	0.00460	0.00414	0.00666	0.00618	0.00872	0.01122	0.01888	0.01135	0.29417	0.58247	0.00557	0.00846	0.00473	0.00221	0.00318
50	0.01019	0.01021	0.10747	0.04299	0.27189	0.02250	0.01841	0.18527	0.13259	0.02723	0.03329	0.07904	0.03095	0.00513	0.00407	0.00126	0.00426	0.00445	0.00294	0.00585
51	0.01484	0.00767	0.00931	0.00755	0.01034	0.00768	0.00610	0.07590	0.29673	0.49549	0.01539	0.01367	0.01040	0.00506	0.00400	0.00127	0.00336	0.00413	0.00454	0.00658
52	0.00566	0.00425	0.00637	0.00637	0.00708	0.00496	0.00496	0.00708	0.00637	0.00920	0.01062	0.01558	0.00991	0.02974	0.84494	0.00637	0.01062	0.00425	0.00212	0.00354
53	0.00620	0.00447	0.00614	0.00698	0.00788	0.00441	0.00600	0.00792	0.00909	0.01179	0.03790	0.08454	0.07101	0.01092	0.00539	0.00177	0.00345	0.70686	0.00367	0.00361
54	0.00861	0.03303	0.47046	0.01355	0.01856	0.00969	0.36358	0.01261	0.00879	0.01255	0.00748	0.00934	0.00545	0.00358	0.00414	0.00128	0.00618	0.00367	0.00182	0.00562
55	0.00936	0.01070	0.02340	0.01671	0.02072	0.01003	0.82152	0.01270	0.00936	0.01270	0.00802	0.01070	0.00602	0.00334	0.00468	0.00134	0.00668	0.00468	0.00201	0.00535
56	0.00479	0.00401	0.00417	0.00415	0.00543	0.00339	0.00311	0.00588	0.00924	0.01125	0.12412	0.05631	0.73080	0.00989	0.00469	0.00134	0.00200	0.00831	0.00375	0.00339
57	0.00904	0.11156	0.23903	0.07457	0.04457	0.00859	0.07621	0.05571	0.04347	0.05200	0.00809	0.01046	0.00653	0.02256	0.02964	0.19282	0.00490	0.00340	0.00214	0.00472
58	0.00796	0.00640	0.00922	0.00952	0.10032	0.00643	0.08258	0.06002	0.12096	0.04325	0.04607	0.19181	0.09609	0.00818	0.00470	0.00147	0.00353	0.19340	0.00346	0.00465
59	0.00519	0.00407	0.00445	0.00433	0.00556	0.00351	0.00324	0.00640	0.00957	0.02663	0.24576	0.03520	0.59215	0.03024	0.00505	0.00137	0.00204	0.00792	0.00385	0.00349
60	0.01084	0.02536	0.07699	0.04084	0.15869	0.33695	0.09669	0.01312	0.04093	0.01145	0.05092	0.01248	0.04126	0.02526	0.01817	0.00132	0.00572	0.02576	0.00229	0.00495

[dist]
# distance from previous block
# <min> <max>
0	1

[block]
# block no. 1 follows, 68 sequences, length 28
# corresponding to MSA columns:
# 654-681
name=unknown_B
#
# <colnr> <probs for GDERKNQSTAVLIFYWHMCP>
#	G	D	E	R	K	N	Q	S	T	A	V	L	I	F	Y	W	H	M	C	P
0	0.01228	0.27045	0.10333	0.00982	0.06200	0.12009	0.08284	0.06087	0.00991	0.18455	0.00870	0.00954	0.00661	0.02246	0.01898	0.00124	0.00498	0.00317	0.00261	0.00556
1	0.77534	0.02620	0.00696	0.00642	0.04484	0.04536	0.00493	0.01182	0.00706	0.01688	0.00563	0.00667	0.00445	0.00375	0.00278	0.00122	0.02064	0.00225	0.00238	0.00441
2	0.00925	0.03301	0.58589	0.01041	0.01514	0.12485	0.02534	0.01285	0.00902	0.05373	0.02255	0.01091	0.04741	0.00436	0.00383	0.00123	0.00560	0.01704	0.00207	0.00551
3	0.00583	0.00462	0.00620	0.10477	0.02579	0.00484	0.00494	0.00783	0.08429	0.01062	0.01945	0.45496	0.09801	0.05874	0.08813	0.00211	0.00365	0.00830	0.00323	0.00371
4	0.01115	0.47488	0.01693	0.02646	0.05715	0.22652	0.05076	0.01258	0.00910	0.01003	0.01880	0.00945	0.02650	0.00407	0.00321	0.00100	0.00506	0.02950	0.00197	0.00492
5	0.00566	0.00425	0.00637	0.00637	0.00708	0.00496	0.00496	0.00708	0.00637	0.00920	0.01062	0.01558	0.00991	0.02974	0.84494	0.00637	0.01062	0.00425	0.00212	0.00354
6	0.01283	0.13214	0.11310	0.00934	0.05802	0.01062	0.00802	0.35815	0.04624	0.14116	0.01034	0.05069	0.00794	0.00519	0.01735	0.00126	0.00435	0.00376	0.00335	0.00613
7	0.00946	0.01175	0.16628	0.01230	0.15553	0.14651	0.10063	0.02685	0.07021	0.03419	0.01104	0.15681	0.01036	0.02006	0.02104	0.00144	0.01478	0.02312	0.00254	0.00511
8	0.00477	0.00402	0.00413	0.00410	0.00541	0.00338	0.00308	0.00585	0.00923	0.01117	0.11041	0.03740	0.76378	0.00987	0.00469	0.00133	0.00200	0.00826	0.00374	0.00338
9	0.02273	0.01020	0.21953	0.09564	0.11620	0.00772	0.02386	0.08067	0.02141	0.05518	0.05963	0.01343	0.00943	0.08535	0.15942	0.00242	0.00578	0.00397	0.00245	0.00500
10	0.88866	0.00767	0.00583	0.00521	0.00767	0.00889	0.00429	0.01166	0.00675	0.01779	0.00552	0.00644	0.00429	0.00368	0.00245	0.00123	0.00307	0.00215	0.00245	0.00429
11	0.35364	0.42749	0.03532	0.00648	0.00946	0.04345	0.00603	0.04331	0.00814	0.01345	0.02027	0.00700	0.00541	0.00368	0.00267	0.00103	0.00390	0.00231	0.00214	0.00482
12	0.01041	0.00879	0.00927	0.00818	0.01052	0.01012	0.00641	0.10515	0.74379	0.01747	0.01544	0.01424	0.01154	0.00531	0.00403	0.00133	0.00327	0.00439	0.00403	0.00632
13	0.88866	0.00767	0.00583	0.00521	0.00767	0.00889	0.00429	0.01166	0.00675	0.01779	0.00552	0.00644	0.00429	0.00368	0.00245	0.00123	0.00307	0.00215	0.00245	0.00429
14	0.04154	0.02612	0.00896	0.00628	0.00976	0.00583	0.03238	0.01056	0.00833	0.04663	0.00734	0.00841	0.00596	0.00307	0.00301	0.00067	0.00311	0.00248	0.00243	0.76711
15	0.00518	0.00373	0.00458	0.00511	0.00577	0.00335	0.00355	0.00602	0.00821	0.03430	0.04731	0.57365	0.26198	0.01140	0.00491	0.00151	0.00224	0.01011	0.00373	0.00337
16	0.00561	0.00405	0.00530	0.00499	0.00592	0.00374	0.00374	0.00748	0.01122	0.01590	0.83383	0.02962	0.03741	0.00811	0.00468	0.00125	0.00187	0.00717	0.00436	0.00374
17	0.00566	0.00425	0.00637	0.00637	0.00708	0.00496	0.00496	0.00708	0.00637	0.00920	0.01062	0.01558	0.00991	0.02974	0.84494	0.00637	0.01062	0.00425	0.00212	0.00354
18	0.00822	0.00705	0.00822	0.00587	0.00940	0.00529	0.00470	0.00998	0.00822	0.01292	0.00705	0.00822	0.00587	0.00294	0.00294	0.00059	0.00294	0.00235	0.00235	0.88490
19	0.16101	0.00690	0.00865	0.00675	0.00972	0.00633	0.00558	0.01806	0.01059	0.70367	0.01398	0.01234	0.00891	0.00471	0.00374	0.00123	0.00332	0.00368	0.00450	0.00634
20	0.88866	0.00767	0.00583	0.00521	0.00767	0.00889	0.00429	0.01166	0.00675	0.01779	0.00552	0.00644	0.00429	0.00368	0.00245	0.00123	0.00307	0.00215	0.00245	0.00429
21	0.00769	0.00709	0.00969	0.00854	0.00860	0.00946	0.00679	0.00839	0.00602	0.00905	0.00749	0.01360	0.00792	0.22383	0.08411	0.00265	0.56926	0.00411	0.00194	0.00378
22	0.00550	0.00405	0.00525	0.00503	0.00597	0.00380	0.00378	0.00720	0.01043	0.01454	0.64771	0.05078	0.12069	0.01051	0.08542	0.00176	0.00274	0.00713	0.00406	0.00367
23	0.00765	0.02532	0.01098	0.00912	0.02483	0.01984	0.21697	0.02635	0.03422	0.01921	0.02236	0.18103	0.02203	0.04789	0.04965	0.21250	0.02732	0.03643	0.00253	0.00378
24	0.00522	0.00403	0.00441	0.00440	0.00557	0.00348	0.00324	0.00630	0.00915	0.03350	0.15027	0.11786	0.58666	0.04159	0.00528	0.00144	0.00212	0.00827	0.00376	0.00345
25	0.00577	0.00431	0.00619	0.00614	0.00671	0.00497	0.00463	0.00693	0.00626	0.00896	0.01078	0.01713	0.01054	0.16965	0.68154	0.00581	0.03367	0.00448	0.00216	0.00337
26	0.00996	0.01010	0.04728	0.14332	0.27178	0.02047	0.26202	0.12432	0.02838	0.01406	0.00808	0.01030	0.00625	0.00428	0.02067	0.00136	0.00552	0.00389	0.00226	0.00568
27	0.00667	0.00417	0.00532	0.00523	0.00590	0.00406	0.00369	0.00745	0.02824	0.06646	0.15678	0.10266	0.09667	0.23342	0.07219	0.14613	0.00356	0.04504	0.00312	0.00323

[dist]
# distance from previous block
# <min> <max>
7	22

[block]
# block no. 2 follows, 68 sequences, length 25
# corresponding to MSA columns:
# 706-726,728-731
name=unknown_C
#
# <colnr> <probs for GDERKNQSTAVLIFYWHMCP>
#	G	D	E	R	K	N	Q	S	T	A	V	L	I	F	Y	W	H	M	C	P
0	0.01194	0.28296	0.01411	0.06562	0.03071	0.40343	0.00753	0.01313	0.00933	0.00961	0.00644	0.02118	0.00582	0.03573	0.00460	0.00116	0.06731	0.00282	0.00193	0.00466
1	0.00498	0.00389	0.00453	0.00476	0.00569	0.00344	0.00348	0.00611	0.00909	0.01166	0.19801	0.26376	0.41497	0.01034	0.00482	0.00141	0.00212	0.03971	0.00382	0.00340
2	0.03420	0.02798	0.15583	0.08211	0.15159	0.03190	0.03110	0.11741	0.00976	0.08810	0.00926	0.03670	0.02724	0.00518	0.01892	0.00135	0.11401	0.00371	0.00252	0.05112
3	0.00913	0.02142	0.19606	0.10125	0.02928	0.03512	0.03208	0.04908	0.05598	0.11668	0.05826	0.06649	0.05589	0.07886	0.01725	0.00159	0.00434	0.04426	0.02207	0.00492
4	0.55962	0.00693	0.00647	0.00556	0.00795	0.00742	0.00453	0.01273	0.00835	0.20705	0.08668	0.01186	0.05143	0.00470	0.00313	0.00123	0.00297	0.00336	0.00326	0.00476
5	0.00936	0.01070	0.02340	0.01671	0.02072	0.01003	0.82152	0.01270	0.00936	0.01270	0.00802	0.01070	0.00602	0.00334	0.00468	0.00134	0.00668	0.00468	0.00201	0.00535
6	0.03942	0.04643	0.04832	0.01895	0.06372	0.04683	0.08994	0.06841	0.12966	0.03176	0.06803	0.12184	0.07389	0.01938	0.07350	0.00176	0.04504	0.00529	0.00298	0.00484
7	0.00723	0.00464	0.00553	0.00521	0.00642	0.00433	0.00384	0.00906	0.07019	0.11896	0.21219	0.10198	0.25546	0.13348	0.00708	0.01954	0.00260	0.02454	0.00380	0.00392
8	0.00576	0.00388	0.00450	0.00450	0.00456	0.00394	0.00262	0.00588	0.00582	0.00782	0.01233	0.02507	0.01403	0.79031	0.09001	0.00406	0.00442	0.00564	0.00238	0.00250
9	0.29949	0.00791	0.00995	0.33809	0.03431	0.00913	0.02844	0.12241	0.02722	0.05769	0.00786	0.01004	0.00596	0.00419	0.00352	0.00128	0.00427	0.02078	0.00255	0.00490
10	0.00642	0.00424	0.00613	0.00599	0.00663	0.00468	0.00453	0.00717	0.00675	0.03619	0.07572	0.01632	0.03027	0.03373	0.49886	0.19268	0.03092	0.00438	0.02511	0.00328
11	0.00499	0.00351	0.00460	0.00539	0.00568	0.00329	0.00361	0.00576	0.00776	0.01052	0.06788	0.75542	0.02595	0.04001	0.00546	0.00164	0.00231	0.01061	0.03236	0.00324
12	0.00579	0.02360	0.00623	0.00598	0.00655	0.00494	0.00445	0.00684	0.00644	0.00903	0.01197	0.09495	0.01233	0.19584	0.55298	0.00514	0.02374	0.01756	0.00233	0.00333
13	0.00720	0.00574	0.00626	0.00628	0.00741	0.04837	0.00464	0.02211	0.18183	0.04352	0.11934	0.36782	0.10483	0.00928	0.00465	0.00144	0.00278	0.04849	0.00380	0.00422
14	0.07078	0.00477	0.00579	0.00552	0.00679	0.00449	0.00410	0.00957	0.02449	0.18312	0.16569	0.26073	0.12350	0.08541	0.00589	0.00161	0.00265	0.02713	0.00386	0.00413
15	0.01046	0.00892	0.00909	0.00804	0.01030	0.03995	0.00628	0.10401	0.67373	0.01713	0.01493	0.01397	0.01119	0.00523	0.00395	0.00130	0.00335	0.00428	0.04777	0.00614
16	0.00551	0.00432	0.00515	0.00568	0.00623	0.03719	0.00404	0.00653	0.00843	0.01112	0.15280	0.52923	0.07537	0.02596	0.04424	0.00179	0.00292	0.06647	0.00363	0.00340
17	0.00811	0.00469	0.00585	0.00553	0.00679	0.00432	0.00416	0.03349	0.00949	0.17782	0.16123	0.18970	0.17854	0.11067	0.00649	0.00168	0.00273	0.07086	0.01377	0.00409
18	0.01769	0.00468	0.00526	0.00569	0.00619	0.04716	0.00398	0.00659	0.00794	0.01040	0.07495	0.49406	0.09716	0.12020	0.00712	0.00183	0.03097	0.05143	0.00339	0.00331
19	0.00982	0.02247	0.01476	0.01116	0.01398	0.03633	0.34413	0.10303	0.15849	0.04158	0.11349	0.01398	0.01156	0.00595	0.04763	0.00153	0.00508	0.00464	0.03507	0.00533
20	0.00635	0.00428	0.00506	0.00524	0.00599	0.00425	0.00389	0.03334	0.02204	0.01162	0.04837	0.11874	0.10820	0.22723	0.03166	0.00216	0.00316	0.18057	0.17445	0.00340
21	0.08950	0.00491	0.00566	0.00538	0.00672	0.00474	0.00409	0.02449	0.03565	0.11659	0.19845	0.15143	0.18446	0.06145	0.00535	0.00150	0.00258	0.05448	0.03855	0.00406
22	0.00808	0.00517	0.00582	0.00526	0.00677	0.00505	0.00406	0.09072	0.06287	0.09003	0.20233	0.05472	0.22762	0.00716	0.00408	0.00121	0.00238	0.00601	0.20631	0.00435
23	0.00602	0.00442	0.00633	0.00624	0.00700	0.00507	0.00481	0.03202	0.00678	0.00981	0.01078	0.01594	0.01007	0.07417	0.74268	0.00587	0.00973	0.00429	0.03438	0.00358
24	0.02188	0.00703	0.01984	0.02566	0.02688	0.06639	0.01684	0.07078	0.12012	0.09213	0.08774	0.08543	0.05830	0.10763	0.17275	0.00258	0.00503	0.00523	0.00321	0.00453

[dist]
# distance from previous block
# <min> <max>
0	9

[block]
# block no. 3 follows, 68 sequences, length 46
# corresponding to MSA columns:
# 741-785,793
name=unknown_D
#
# <colnr> <probs for GDERKNQSTAVLIFYWHMCP>
#	G	D	E	R	K	N	Q	S	T	A	V	L	I	F	Y	W	H	M	C	P
0	0.12620	0.14966	0.05742	0.07364	0.06228	0.17409	0.13023	0.08054	0.02219	0.01293	0.00756	0.04711	0.00642	0.00429	0.00387	0.00118	0.02966	0.00344	0.00225	0.00504
1	0.00539	0.00413	0.00508	0.04353	0.00674	0.00392	0.00387	0.00687	0.03441	0.01186	0.22598	0.27381	0.25355	0.06689	0.00576	0.00157	0.00239	0.02261	0.01814	0.00349
2	0.00925	0.00776	0.01127	0.02509	0.14342	0.00680	0.09569	0.04060	0.00891	0.06411	0.00809	0.00968	0.00651	0.00518	0.06312	0.00125	0.00430	0.00310	0.00244	0.48343
3	0.03305	0.00719	0.00827	0.00596	0.00944	0.00561	0.00478	0.03547	0.00851	0.01343	0.00708	0.00821	0.00586	0.00301	0.00296	0.00062	0.00298	0.00238	0.00240	0.83279
4	0.03733	0.00407	0.00562	0.00539	0.00581	0.00410	0.00375	0.03323	0.00625	0.05334	0.02425	0.01316	0.02728	0.02854	0.03587	0.70024	0.00359	0.00369	0.00211	0.00239
5	0.00763	0.00477	0.00556	0.00506	0.00647	0.00454	0.00383	0.00983	0.06084	0.06227	0.10799	0.07614	0.02503	0.04683	0.08231	0.00165	0.00312	0.00471	0.34664	0.13478
6	0.02410	0.00458	0.00542	0.00525	0.00635	0.00440	0.00391	0.02131	0.06770	0.04393	0.32341	0.12769	0.21685	0.07596	0.01973	0.00163	0.00253	0.03757	0.00386	0.00383
7	0.02249	0.00430	0.00569	0.00549	0.00638	0.00433	0.00417	0.00757	0.00909	0.03576	0.41202	0.02546	0.07331	0.07383	0.22297	0.02052	0.01536	0.04417	0.00347	0.00363
8	0.00501	0.00353	0.00462	0.00543	0.00568	0.00333	0.00363	0.00569	0.00748	0.01002	0.02080	0.74053	0.02474	0.09211	0.00646	0.00182	0.00248	0.03558	0.01791	0.00316
9	0.03973	0.00496	0.00633	0.00596	0.00731	0.00461	0.00439	0.03585	0.00911	0.27764	0.03886	0.41900	0.04300	0.07685	0.00578	0.00162	0.00284	0.00774	0.00396	0.00446
10	0.00790	0.00513	0.00588	0.00548	0.00674	0.00514	0.00416	0.13868	0.02106	0.04562	0.18323	0.18810	0.08365	0.02466	0.00442	0.00130	0.00251	0.02261	0.23956	0.00419
11	0.03252	0.00434	0.00546	0.00563	0.00651	0.00411	0.00402	0.02744	0.00841	0.13776	0.01934	0.52817	0.04104	0.06688	0.00565	0.00163	0.00263	0.02941	0.06517	0.00387
12	0.01507	0.01111	0.01190	0.00912	0.01230	0.01230	0.00754	0.82270	0.01864	0.02499	0.00952	0.00952	0.00674	0.00476	0.00397	0.00119	0.00436	0.00357	0.00397	0.00674
13	0.00948	0.00903	0.01537	0.06613	0.75135	0.00916	0.01174	0.01180	0.00883	0.01261	0.00760	0.01015	0.00642	0.00491	0.04734	0.00145	0.00505	0.00357	0.00196	0.00604
14	0.00749	0.00705	0.01189	0.85113	0.02731	0.00881	0.01101	0.01013	0.00793	0.01013	0.00705	0.01057	0.00529	0.00396	0.00396	0.00132	0.00529	0.00352	0.00176	0.00440
15	0.00484	0.00350	0.00457	0.00540	0.00573	0.00324	0.00363	0.00557	0.00777	0.01028	0.04008	0.78305	0.08337	0.01216	0.00503	0.00158	0.00227	0.01098	0.00369	0.00324
16	0.00787	0.00756	0.01081	0.00932	0.00969	0.00991	0.04445	0.00891	0.00682	0.01013	0.06537	0.03577	0.05169	0.05262	0.04883	0.00198	0.59431	0.01771	0.00216	0.00411
17	0.01507	0.01111	0.01190	0.00912	0.01230	0.01230	0.00754	0.82270	0.01864	0.02499	0.00952	0.00952	0.00674	0.00476	0.00397	0.00119	0.00436	0.00357	0.00397	0.00674
18	0.00473	0.00402	0.00408	0.00406	0.00538	0.00337	0.00305	0.00577	0.00914	0.01095	0.07722	0.03776	0.79711	0.00995	0.00469	0.00133	0.00200	0.00831	0.00371	0.00337
19	0.00567	0.00422	0.00624	0.00624	0.00690	0.00488	0.00479	0.00699	0.00633	0.00910	0.01074	0.01627	0.01021	0.08504	0.79006	0.00620	0.01017	0.00435	0.00214	0.00346
20	0.00553	0.00403	0.00521	0.00499	0.00592	0.00371	0.00374	0.00730	0.01089	0.01526	0.73619	0.06815	0.08430	0.00846	0.00471	0.00128	0.00193	0.02043	0.00428	0.00369
21	0.00483	0.00345	0.00460	0.00552	0.00575	0.00322	0.00368	0.00552	0.00759	0.01012	0.02185	0.85807	0.02622	0.01242	0.00506	0.00161	0.00230	0.01127	0.00368	0.00322
22	0.00749	0.00705	0.01189	0.85113	0.02731	0.00881	0.01101	0.01013	0.00793	0.01013	0.00705	0.01057	0.00529	0.00396	0.00396	0.00132	0.00529	0.00352	0.00176	0.00440
23	0.00496	0.00355	0.00475	0.00567	0.00596	0.00334	0.00391	0.00575	0.00772	0.01027	0.02178	0.78843	0.02593	0.01230	0.00510	0.00163	0.00242	0.07959	0.00368	0.00326
24	0.00577	0.00384	0.00432	0.00432	0.00432	0.00384	0.00240	0.00577	0.00577	0.00769	0.01249	0.02595	0.01441	0.86066	0.02018	0.00384	0.00384	0.00577	0.00240	0.00240
25	0.01481	0.01890	0.01124	0.01021	0.01226	0.84474	0.00766	0.01583	0.01124	0.00970	0.00613	0.00715	0.00511	0.00409	0.00358	0.00102	0.00715	0.00255	0.00204	0.00460
26	0.01060	0.86304	0.02078	0.00678	0.01018	0.01569	0.00678	0.01187	0.00806	0.00933	0.00551	0.00636	0.00509	0.00339	0.00254	0.00085	0.00424	0.00212	0.00170	0.00509
27	0.04788	0.00413	0.00413	0.00399	0.00508	0.00419	0.00304	0.02972	0.00861	0.03184	0.02606	0.01449	0.01025	0.00464	0.00284	0.00096	0.00200	0.00368	0.78861	0.00386
28	0.00600	0.00373	0.00454	0.00458	0.00459	0.00372	0.00271	0.00561	0.00570	0.00760	0.01152	0.05814	0.01308	0.61757	0.01839	0.21884	0.00368	0.00543	0.00229	0.00227
29	0.01035	0.00926	0.07030	0.00823	0.01080	0.00950	0.00686	0.02030	0.70390	0.08099	0.01543	0.01422	0.01140	0.00522	0.00401	0.00133	0.00336	0.00433	0.00393	0.00628
30	0.01001	0.00821	0.00879	0.00787	0.01008	0.00937	0.00613	0.02031	0.75078	0.05404	0.05683	0.01547	0.01326	0.00549	0.00406	0.00133	0.00309	0.00459	0.00409	0.00617
31	0.00664	0.00405	0.00504	0.00512	0.00572	0.00386	0.00345	0.00731	0.00749	0.09548	0.04091	0.30863	0.08492	0.31537	0.06181	0.00261	0.00343	0.00756	0.02726	0.00335
32	0.02973	0.00473	0.00549	0.00519	0.00598	0.00471	0.00354	0.05319	0.02430	0.10654	0.02708	0.12827	0.01488	0.45338	0.01249	0.00263	0.00337	0.02832	0.08261	0.00355
33	0.00662	0.00449	0.00598	0.00638	0.00746	0.00431	0.00538	0.00834	0.00960	0.05386	0.17376	0.03894	0.12541	0.00988	0.00510	0.00161	0.00307	0.50453	0.02149	0.00379
34	0.00679	0.00505	0.00603	0.00563	0.00684	0.00497	0.00424	0.12016	0.03789	0.01538	0.43200	0.18630	0.13606	0.00864	0.00463	0.00132	0.00236	0.00753	0.00408	0.00409
35	0.24627	0.00579	0.00611	0.00572	0.00722	0.00606	0.00434	0.09330	0.00910	0.08406	0.08979	0.24534	0.04316	0.06735	0.00525	0.01552	0.00290	0.02277	0.03578	0.00417
36	0.00947	0.00706	0.00794	0.00701	0.00888	0.00764	0.00548	0.14958	0.32793	0.05615	0.23178	0.05747	0.01879	0.02146	0.00452	0.00134	0.00296	0.03323	0.03600	0.00531
37	0.00592	0.00450	0.00522	0.00495	0.00609	0.00428	0.00370	0.02366	0.07328	0.01388	0.41826	0.03017	0.27461	0.06839	0.00566	0.00146	0.00222	0.01824	0.03174	0.00378
38	0.00510	0.00369	0.00472	0.00520	0.00568	0.00345	0.00358	0.00602	0.00826	0.01108	0.18017	0.50761	0.10678	0.09008	0.02633	0.00184	0.00255	0.02093	0.00366	0.00327
39	0.08903	0.00475	0.00557	0.00562	0.00660	0.00474	0.00408	0.04017	0.02712	0.07074	0.08492	0.42283	0.11162	0.05810	0.00560	0.00159	0.02033	0.01706	0.01571	0.00382
40	0.00528	0.00370	0.00489	0.00567	0.00601	0.00353	0.00393	0.00617	0.01652	0.02021	0.02074	0.68238	0.02437	0.07568	0.02093	0.00187	0.00272	0.08856	0.00357	0.00328
41	0.00750	0.00756	0.01441	0.02462	0.01386	0.00715	0.41887	0.01021	0.04642	0.01233	0.07408	0.16646	0.14081	0.00652	0.00468	0.00138	0.00454	0.01426	0.01982	0.00453
42	0.00813	0.00737	0.01320	0.03158	0.03255	0.01522	0.32679	0.04737	0.02255	0.04682	0.04548	0.23677	0.05068	0.03226	0.04883	0.00171	0.00480	0.00651	0.01682	0.00456
43	0.08708	0.00720	0.00868	0.02167	0.00991	0.00700	0.00570	0.12871	0.06324	0.49054	0.01544	0.01421	0.06749	0.00515	0.00385	0.00122	0.00333	0.00410	0.04943	0.00608
44	0.09767	0.00856	0.00992	0.00844	0.05304	0.00890	0.00651	0.31225	0.08498	0.28252	0.04101	0.01179	0.00910	0.00478	0.00381	0.00120	0.00366	0.00375	0.02491	0.02321
45	0.00799	0.01656	0.00919	0.15533	0.13625	0.03309	0.00710	0.03605	0.03734	0.06040	0.06505	0.14109	0.02569	0.01255	0.22652	0.00266	0.00570	0.01420	0.00274	0.00451

[dist]
# distance from previous block
# <min> <max>
2	69

[block]
# block no. 4 follows, 68 sequences, length 35
# corresponding to MSA columns:
# 863-897
name=unknown_E
#
# <colnr> <probs for GDERKNQSTAVLIFYWHMCP>
#	G	D	E	R	K	N	Q	S	T	A	V	L	I	F	Y	W	H	M	C	P
0	0.01615	0.00427	0.00531	0.01478	0.00648	0.00400	0.00395	0.02720	0.00857	0.06508	0.10029	0.37209	0.15636	0.07096	0.01718	0.03172	0.00270	0.04785	0.02274	0.02231
1	0.00612	0.00418	0.00514	0.00542	0.00612	0.00396	0.00375	0.02293	0.04601	0.05129	0.03251	0.49518	0.13914	0.10243	0.00691	0.03836	0.00261	0.00894	0.00354	0.01547
2	0.01046	0.00812	0.00781	0.00688	0.00877	0.09874	0.00539	0.14784	0.24097	0.05418	0.08578	0.01504	0.01229	0.00527	0.00370	0.00116	0.00332	0.02282	0.25631	0.00516
3	0.04939	0.00477	0.00598	0.00578	0.00681	0.00473	0.03247	0.00850	0.07288	0.05564	0.07609	0.25684	0.14650	0.14377	0.07341	0.00219	0.00345	0.02271	0.02435	0.00375
4	0.04753	0.00465	0.00553	0.00531	0.00653	0.00437	0.00396	0.01875	0.03880	0.07881	0.26224	0.21996	0.15280	0.03736	0.00497	0.00141	0.00239	0.02542	0.03875	0.04043
5	0.09059	0.00747	0.00886	0.00702	0.00981	0.02634	0.00573	0.12498	0.03447	0.53451	0.05402	0.01431	0.05347	0.00520	0.00391	0.00123	0.00342	0.00414	0.00439	0.00615
6	0.04013	0.00833	0.00971	0.00762	0.01048	0.00843	0.00627	0.36275	0.01406	0.33473	0.04771	0.01442	0.05178	0.00535	0.00402	0.00122	0.00365	0.03181	0.00422	0.03332
7	0.00817	0.29361	0.01095	0.00604	0.00789	0.00820	0.02134	0.02085	0.03540	0.06367	0.11017	0.18248	0.11381	0.09404	0.00554	0.00146	0.00324	0.00588	0.00302	0.00426
8	0.00744	0.00546	0.00635	0.00619	0.00736	0.00568	0.00455	0.05984	0.21166	0.04489	0.10865	0.31659	0.06749	0.08088	0.00588	0.00163	0.00277	0.02938	0.02298	0.00434
9	0.00569	0.00416	0.00593	0.00593	0.00648	0.00471	0.00440	0.00680	0.00624	0.00888	0.01103	0.01783	0.01089	0.20995	0.66607	0.00582	0.00915	0.00458	0.00218	0.00329
10	0.08331	0.01046	0.01115	0.00865	0.01172	0.01152	0.00713	0.67876	0.04581	0.07711	0.00984	0.00972	0.00694	0.00471	0.00385	0.00120	0.00415	0.00352	0.00391	0.00654
11	0.00692	0.00447	0.00556	0.00563	0.00667	0.00420	0.00437	0.02447	0.00912	0.08755	0.12656	0.12994	0.19278	0.12252	0.00687	0.00180	0.00288	0.22588	0.02808	0.00373
12	0.04786	0.00686	0.00913	0.00703	0.01007	0.00605	0.00580	0.03308	0.01132	0.79607	0.01519	0.01318	0.00957	0.00486	0.00393	0.00123	0.00338	0.00392	0.00481	0.00666
13	0.00521	0.00409	0.00472	0.00464	0.00574	0.00365	0.00345	0.00679	0.02809	0.01303	0.38028	0.09657	0.41088	0.00929	0.00470	0.00132	0.00200	0.00799	0.00398	0.00357
14	0.01468	0.01081	0.01162	0.00899	0.01205	0.01195	0.00739	0.79165	0.01822	0.02442	0.00999	0.04176	0.00748	0.00505	0.00401	0.00121	0.00428	0.00386	0.00396	0.00661
15	0.00497	0.00403	0.00441	0.00432	0.00553	0.00347	0.00324	0.00624	0.00971	0.01232	0.28573	0.03552	0.58775	0.00944	0.00468	0.00131	0.00197	0.00800	0.00389	0.00347
16	0.00981	0.00942	0.01609	0.02434	0.83592	0.00942	0.01217	0.01217	0.00903	0.01295	0.00746	0.00981	0.00628	0.00353	0.00393	0.00118	0.00471	0.00353	0.00196	0.00628
17	0.00635	0.00453	0.00634	0.00725	0.00815	0.00453	0.00632	0.00814	0.00909	0.01182	0.02102	0.06692	0.02291	0.01099	0.00547	0.00182	0.00361	0.78746	0.00365	0.00364
18	0.01481	0.01890	0.01124	0.01021	0.01226	0.84474	0.00766	0.01583	0.01124	0.00970	0.00613	0.00715	0.00511	0.00409	0.00358	0.00102	0.00715	0.00255	0.00204	0.00460
19	0.05604	0.00688	0.00904	0.00701	0.00999	0.00617	0.00577	0.03748	0.02948	0.75017	0.02981	0.01341	0.01005	0.00492	0.00393	0.00123	0.00335	0.00396	0.00475	0.00657
20	0.00483	0.00347	0.00458	0.00546	0.00574	0.00323	0.00366	0.00553	0.00765	0.01014	0.02255	0.82691	0.05693	0.01233	0.00505	0.00160	0.00229	0.01116	0.00368	0.00323
21	0.00496	0.00357	0.00472	0.00561	0.00589	0.00338	0.00379	0.00588	0.02344	0.01028	0.02172	0.82433	0.02588	0.01225	0.00505	0.00161	0.00235	0.02831	0.00369	0.00329
22	0.00567	0.00421	0.00617	0.00617	0.00681	0.00485	0.00471	0.00695	0.00631	0.00906	0.01080	0.01659	0.01035	0.11092	0.76436	0.00613	0.00996	0.00440	0.00215	0.00343
23	0.00539	0.00373	0.00477	0.00541	0.00573	0.00355	0.00361	0.00622	0.02306	0.02660	0.02029	0.63803	0.03957	0.16307	0.00772	0.00200	0.00264	0.03191	0.00348	0.00322
24	0.00822	0.00705	0.00822	0.00587	0.00940	0.00529	0.00470	0.00998	0.00822	0.01292	0.00705	0.00822	0.00587	0.00294	0.00294	0.00059	0.00294	0.00235	0.00235	0.88490
25	0.45260	0.00730	0.00758	0.00618	0.00894	0.00750	0.00510	0.03300	0.00921	0.41103	0.01045	0.00989	0.00699	0.00429	0.00322	0.00123	0.00324	0.00306	0.00366	0.00552
26	0.00556	0.00399	0.00478	0.00473	0.00533	0.00382	0.00325	0.00648	0.00822	0.01106	0.27644	0.02946	0.15999	0.36504	0.05637	0.00265	0.00327	0.04319	0.00328	0.00310
27	0.02325	0.00402	0.00511	0.00551	0.00625	0.00374	0.00398	0.00718	0.00841	0.07245	0.09102	0.49421	0.11405	0.04370	0.00545	0.00161	0.00251	0.08657	0.01741	0.00358
28	0.00510	0.00389	0.00473	0.00490	0.00575	0.00354	0.00356	0.00629	0.00909	0.01197	0.26654	0.25808	0.30563	0.02774	0.04751	0.00170	0.00255	0.02422	0.00378	0.00343
29	0.03999	0.00645	0.00723	0.00615	0.00809	0.00649	0.00486	0.22488	0.03682	0.10816	0.23280	0.03971	0.23310	0.00716	0.00429	0.00126	0.00282	0.00595	0.01894	0.00485
30	0.00657	0.00469	0.00554	0.00537	0.00653	0.00446	0.00397	0.05220	0.06135	0.05587	0.25254	0.23960	0.24799	0.02866	0.00502	0.00143	0.00236	0.00798	0.00394	0.00395
31	0.00604	0.00430	0.00581	0.00573	0.00633	0.00477	0.00420	0.02947	0.00676	0.00968	0.02918	0.01845	0.01164	0.24945	0.53723	0.00515	0.00797	0.00467	0.04984	0.00334
32	0.00592	0.00441	0.00652	0.00640	0.01723	0.00429	0.07479	0.00651	0.00702	0.00936	0.01615	0.29704	0.05409	0.27779	0.05764	0.09398	0.00384	0.05113	0.00282	0.00308
33	0.00513	0.00393	0.00479	0.00554	0.00598	0.02250	0.00383	0.00594	0.00798	0.01037	0.03827	0.69167	0.11606	0.01181	0.00500	0.00157	0.00244	0.05022	0.00365	0.00330
34	0.01066	0.01128	0.04285	0.00822	0.01018	0.29059	0.03574	0.08465	0.15255	0.01366	0.09513	0.08513	0.01238	0.02505	0.00426	0.00124	0.00451	0.00449	0.10263	0.00480

[dist]
# distance from previous block
# <min> <max>
0	3

[block]
# block no. 5 follows, 68 sequences, length 27
# corresponding to MSA columns:
# 901-927
name=unknown_F
#
# <colnr> <probs for GDERKNQSTAVLIFYWHMCP>
#	G	D	E	R	K	N	Q	S	T	A	V	L	I	F	Y	W	H	M	C	P
0	0.16948	0.29543	0.10063	0.06335	0.11967	0.09005	0.03902	0.04817	0.00880	0.01261	0.00655	0.00815	0.00544	0.00376	0.00320	0.00109	0.00469	0.01271	0.00204	0.00516
1	0.40218	0.01248	0.32306	0.04557	0.01226	0.02279	0.00866	0.01223	0.02329	0.04460	0.00735	0.00908	0.00565	0.02024	0.00353	0.00130	0.00431	0.01922	0.01723	0.00497
2	0.01126	0.01242	0.01144	0.07048	0.04809	0.36351	0.08024	0.06953	0.04209	0.01171	0.05385	0.01188	0.02029	0.07422	0.02312	0.00151	0.07359	0.00372	0.01241	0.00464
3	0.00526	0.00381	0.00478	0.00537	0.00575	0.00367	0.00361	0.00637	0.04272	0.01028	0.05025	0.58907	0.06721	0.15342	0.00752	0.00195	0.00260	0.02959	0.00351	0.00325
4	0.01858	0.00456	0.00550	0.00545	0.00645	0.00432	0.00392	0.04799	0.02559	0.09706	0.11005	0.35332	0.17225	0.10825	0.00649	0.00171	0.00264	0.01832	0.00374	0.00382
5	0.00917	0.00893	0.03850	0.11949	0.29063	0.06377	0.05594	0.05874	0.04955	0.02395	0.04407	0.06501	0.02561	0.07475	0.00577	0.00149	0.03730	0.01973	0.00249	0.00511
6	0.00806	0.00585	0.00658	0.00623	0.00761	0.00616	0.00469	0.07474	0.24234	0.04955	0.06050	0.17374	0.10186	0.10119	0.00606	0.00164	0.00290	0.05509	0.08067	0.00453
7	0.05326	0.00453	0.00540	0.00553	0.00656	0.00433	0.00410	0.03853	0.01992	0.06803	0.11295	0.37197	0.19125	0.02592	0.00499	0.00151	0.00253	0.07112	0.00376	0.00379
8	0.12341	0.00578	0.00656	0.00596	0.00765	0.00575	0.00458	0.06890	0.06809	0.13606	0.08481	0.20098	0.09800	0.03324	0.02155	0.01995	0.00300	0.02899	0.02191	0.05483
9	0.00875	0.04045	0.00726	0.00598	0.00764	0.07834	0.00467	0.08096	0.02489	0.04670	0.15499	0.07797	0.03629	0.00713	0.05047	0.00137	0.02108	0.00471	0.23355	0.10682
10	0.06392	0.00419	0.00504	0.00524	0.00615	0.00393	0.00378	0.00729	0.00871	0.06689	0.17392	0.41195	0.17015	0.02792	0.00501	0.00149	0.00235	0.02466	0.00378	0.00364
11	0.10575	0.00537	0.00636	0.00594	0.00744	0.00528	0.00452	0.02403	0.07353	0.19725	0.14397	0.23640	0.06494	0.05650	0.00524	0.00152	0.00279	0.04481	0.00388	0.00448
12	0.03419	0.00449	0.00524	0.00508	0.00605	0.00432	0.00366	0.02337	0.05513	0.03006	0.33734	0.14333	0.17841	0.14339	0.00705	0.00173	0.00246	0.00730	0.00376	0.00366
13	0.17058	0.00547	0.00603	0.00584	0.00741	0.00551	0.00476	0.04940	0.02235	0.07635	0.10045	0.03995	0.22211	0.03254	0.00485	0.00151	0.00295	0.23426	0.00359	0.00409
14	0.02226	0.01795	0.02001	0.00530	0.00695	0.00465	0.00412	0.02152	0.03771	0.06758	0.19107	0.14039	0.21366	0.03311	0.00464	0.00127	0.00248	0.00644	0.06551	0.13338
15	0.16387	0.00593	0.00707	0.00623	0.00800	0.00591	0.02673	0.05798	0.02460	0.22312	0.06198	0.16839	0.06665	0.10011	0.03901	0.00180	0.00344	0.02100	0.00359	0.00459
16	0.00653	0.00497	0.05122	0.00557	0.00645	0.00426	0.00431	0.02578	0.03904	0.01095	0.22417	0.08747	0.10035	0.01075	0.00943	0.39432	0.00294	0.00555	0.00289	0.00304
17	0.00936	0.01070	0.02340	0.01671	0.02072	0.01003	0.82152	0.01270	0.00936	0.01270	0.00802	0.01070	0.00602	0.00334	0.00468	0.00134	0.00668	0.00468	0.00201	0.00535
18	0.02381	0.00424	0.00504	0.00490	0.00588	0.00398	0.00355	0.00734	0.02149	0.05175	0.26923	0.10050	0.26376	0.14593	0.06918	0.00210	0.00302	0.00714	0.00361	0.00355
19	0.10425	0.00494	0.00581	0.00562	0.00684	0.00497	0.00425	0.04971	0.00881	0.08508	0.11250	0.21365	0.14100	0.05569	0.13401	0.00227	0.00389	0.03592	0.01683	0.00394
20	0.00553	0.00423	0.00513	0.00511	0.00618	0.00391	0.00393	0.00740	0.03839	0.01354	0.42000	0.07046	0.28230	0.00916	0.00478	0.00137	0.00220	0.10867	0.00402	0.00367
21	0.31916	0.00793	0.00838	0.00674	0.00957	0.03544	0.00554	0.10050	0.01051	0.44167	0.01118	0.01042	0.00742	0.00444	0.00344	0.00122	0.00350	0.00326	0.00386	0.00583
22	0.00734	0.00483	0.00693	0.07759	0.02435	0.00506	0.01768	0.02995	0.03197	0.06168	0.03048	0.16703	0.06436	0.01304	0.12845	0.27912	0.02069	0.02331	0.00269	0.00344
23	0.00932	0.06339	0.05657	0.06691	0.09202	0.05984	0.11075	0.06103	0.02378	0.01296	0.00829	0.03240	0.01931	0.00378	0.00355	0.00096	0.00430	0.00332	0.00232	0.36522
24	0.00576	0.00387	0.00448	0.00448	0.00453	0.00393	0.00259	0.00586	0.00581	0.00780	0.01235	0.02517	0.01408	0.79841	0.08197	0.00403	0.00435	0.00565	0.00238	0.00249
25	0.00528	0.00377	0.00480	0.00538	0.00584	0.00355	0.00367	0.02897	0.00809	0.01068	0.06332	0.63369	0.11831	0.03142	0.00587	0.04815	0.00240	0.00997	0.00359	0.00326
26	0.05048	0.00731	0.01095	0.09967	0.14047	0.03702	0.12440	0.06025	0.00923	0.06620	0.06241	0.23178	0.01384	0.06147	0.00535	0.00150	0.00410	0.00600	0.00291	0.00466

[dist]
# distance from previous block
# <min> <max>
1	18

[block]
# block no. 6 follows, 68 sequences, length 52
# corresponding to MSA columns:
# 946-997
name=unknown_G
#
# <colnr> <probs for GDERKNQSTAVLIFYWHMCP>
#	G	D	E	R	K	N	Q	S	T	A	V	L	I	F	Y	W	H	M	C	P
0	0.00845	0.00695	0.00994	0.38537	0.03362	0.00715	0.00785	0.04128	0.01839	0.05294	0.00904	0.03174	0.01838	0.00447	0.00396	0.01968	0.00411	0.03555	0.00238	0.29874
1	0.02971	0.04360	0.04365	0.11964	0.06386	0.01946	0.01935	0.07260	0.02288	0.07209	0.03797	0.03019	0.00972	0.00906	0.05046	0.24504	0.01411	0.08060	0.00255	0.01347
2	0.01141	0.03505	0.30383	0.01050	0.02612	0.14133	0.07357	0.10382	0.07507	0.11772	0.00922	0.01027	0.00681	0.00441	0.00425	0.00124	0.03940	0.01759	0.00265	0.00575
3	0.00567	0.00423	0.00629	0.00629	0.00697	0.00491	0.00485	0.00703	0.00635	0.00914	0.01070	0.01599	0.01009	0.06313	0.81180	0.00627	0.01035	0.00431	0.00214	0.00349
4	0.00518	0.00368	0.00445	0.00486	0.00532	0.00339	0.00324	0.00557	0.00740	0.00950	0.02358	0.39390	0.24309	0.16450	0.00879	0.09608	0.00262	0.00865	0.00324	0.00295
5	0.01276	0.01105	0.02523	0.03908	0.07358	0.17416	0.07951	0.16699	0.11745	0.15194	0.01062	0.01106	0.02474	0.00471	0.00460	0.00123	0.06547	0.00372	0.00313	0.01897
6	0.16619	0.01027	0.01196	0.03649	0.02592	0.14886	0.18475	0.06437	0.17618	0.03484	0.01001	0.01089	0.02218	0.00435	0.00388	0.00123	0.01846	0.00368	0.06033	0.00517
7	0.01771	0.00688	0.00928	0.00712	0.01019	0.00602	0.00588	0.04363	0.01157	0.81405	0.01546	0.01337	0.00972	0.00490	0.00399	0.00123	0.00340	0.00397	0.00488	0.00675
8	0.00576	0.00386	0.00440	0.00440	0.00443	0.00389	0.00250	0.00582	0.00579	0.00775	0.01242	0.02555	0.01424	0.82869	0.05191	0.00394	0.00410	0.00571	0.00239	0.00245
9	0.01272	0.39432	0.03109	0.00897	0.02638	0.44508	0.00748	0.01394	0.00973	0.00965	0.00590	0.00687	0.00512	0.00376	0.00313	0.00095	0.00579	0.00239	0.00188	0.00487
10	0.00577	0.00384	0.00432	0.00432	0.00432	0.00384	0.00240	0.00577	0.00577	0.00769	0.01249	0.02595	0.01441	0.86066	0.02018	0.00384	0.00384	0.00577	0.00240	0.00240
11	0.27939	0.02549	0.03373	0.02570	0.25299	0.04674	0.03688	0.20566	0.01061	0.01695	0.00722	0.00851	0.00563	0.00398	0.00368	0.00121	0.02441	0.00307	0.00258	0.00557
