[name]
unknown

[dist]
# distance from previous block
# <min> <max>
0	5

[block]
# block no. 0 follows, 62 sequences, length 17
# corresponding to MSA columns:
# 5-21
name=unknown_A
#
# <colnr> <probs for GDERKNQSTAVLIFYWHMCP>
#	G	D	E	R	K	N	Q	S	T	A	V	L	I	F	Y	W	H	M	C	P
0	0.01441	0.01175	0.06434	0.00989	0.01325	0.01195	0.03448	0.64425	0.01785	0.02394	0.01194	0.01417	0.03129	0.00570	0.00442	0.00135	0.00473	0.06956	0.00399	0.00675
1	0.01187	0.79922	0.02151	0.00730	0.01092	0.01616	0.00722	0.01325	0.00887	0.06198	0.00661	0.00731	0.00578	0.00374	0.00283	0.00094	0.00449	0.00240	0.00204	0.00557
2	0.00668	0.05871	0.00662	0.00589	0.00693	0.00534	0.00428	0.08444	0.00956	0.01231	0.02514	0.45174	0.21972	0.07463	0.00627	0.00174	0.00286	0.00945	0.00374	0.00392
3	0.01061	0.62794	0.24063	0.00859	0.01295	0.01495	0.00957	0.01294	0.00874	0.01095	0.00638	0.00741	0.00544	0.00375	0.00309	0.00103	0.00502	0.00251	0.00181	0.00568
4	0.00995	0.43618	0.42666	0.00971	0.01468	0.01335	0.01151	0.01311	0.00882	0.01175	0.00678	0.00791	0.00543	0.00384	0.00339	0.00113	0.00542	0.00271	0.00181	0.00588
5	0.01138	0.85302	0.02230	0.00728	0.01092	0.01684	0.00728	0.01274	0.00865	0.01001	0.00592	0.00683	0.00546	0.00364	0.00273	0.00091	0.00455	0.00228	0.00182	0.00546
6	0.00518	0.00370	0.00494	0.00592	0.00617	0.00346	0.00395	0.00592	0.00815	0.01086	0.02345	0.84768	0.02814	0.01333	0.00543	0.00173	0.00247	0.01210	0.00395	0.00346
7	0.00518	0.00370	0.00494	0.00592	0.00617	0.00346	0.00395	0.00592	0.00815	0.01086	0.02345	0.84768	0.02814	0.01333	0.00543	0.00173	0.00247	0.01210	0.00395	0.00346
8	0.01841	0.00820	0.06289	0.00787	0.01135	0.00649	0.00687	0.02027	0.01197	0.77418	0.01619	0.01413	0.01020	0.00519	0.00426	0.00132	0.00379	0.00421	0.00504	0.00718
9	0.00518	0.00370	0.00494	0.00592	0.00617	0.00346	0.00395	0.00592	0.00815	0.01086	0.02345	0.84768	0.02814	0.01333	0.00543	0.00173	0.00247	0.01210	0.00395	0.00346
10	0.01909	0.00724	0.00987	0.00757	0.01086	0.00625	0.00625	0.02074	0.01218	0.82687	0.01679	0.01448	0.01053	0.00527	0.00428	0.00132	0.00362	0.00428	0.00527	0.00724
11	0.73449	0.03610	0.04328	0.00612	0.00901	0.00949	0.00534	0.01332	0.00782	0.09312	0.00700	0.00770	0.00522	0.00407	0.00285	0.00130	0.00349	0.00252	0.00281	0.00495
12	0.33021	0.00734	0.00790	0.00650	0.00925	0.00735	0.00531	0.04724	0.01045	0.37734	0.05938	0.01508	0.08865	0.00550	0.00379	0.00133	0.00331	0.00419	0.00411	0.00575
13	0.34215	0.24779	0.13941	0.00745	0.01102	0.01132	0.00738	0.05374	0.00907	0.06895	0.02832	0.00860	0.00648	0.00411	0.00315	0.00118	0.00417	0.00278	0.00258	0.04034
14	0.03216	0.27919	0.13451	0.00959	0.01347	0.01356	0.04701	0.35506	0.04578	0.01840	0.00859	0.00918	0.00654	0.00442	0.00375	0.00119	0.00491	0.00330	0.00300	0.00639
15	0.15029	0.19578	0.26772	0.00895	0.01288	0.06332	0.00934	0.10263	0.01008	0.06478	0.00812	0.00952	0.00636	0.03275	0.03932	0.00155	0.00532	0.00310	0.00250	0.00569
16	0.07465	0.17710	0.32974	0.00973	0.01417	0.01185	0.01046	0.20255	0.06275	0.05547	0.00884	0.00941	0.00651	0.00438	0.00377	0.00125	0.00504	0.00324	0.00277	0.00631

[dist]
# distance from previous block
# <min> <max>
26	94

[block]
# block no. 1 follows, 62 sequences, length 59
# corresponding to MSA columns:
# 153-211
name=unknown_B
#
# <colnr> <probs for GDERKNQSTAVLIFYWHMCP>
#	G	D	E	R	K	N	Q	S	T	A	V	L	I	F	Y	W	H	M	C	P
0	0.09276	0.12543	0.52135	0.03359	0.01574	0.03717	0.01228	0.03129	0.02363	0.01372	0.01833	0.04142	0.00683	0.00447	0.00381	0.00130	0.00551	0.00341	0.00212	0.00582
1	0.01031	0.21784	0.34666	0.02218	0.01425	0.05872	0.03334	0.05018	0.02293	0.05992	0.04161	0.03127	0.03632	0.00539	0.02057	0.00136	0.00537	0.01356	0.00247	0.00575
2	0.04538	0.09503	0.42949	0.01013	0.01468	0.02211	0.04838	0.01305	0.02423	0.06042	0.03914	0.03155	0.00890	0.00533	0.01859	0.00139	0.00531	0.04878	0.00245	0.07568
3	0.00788	0.07254	0.46633	0.00951	0.01341	0.03127	0.01076	0.01098	0.00866	0.01214	0.02641	0.21511	0.01240	0.07697	0.00577	0.00163	0.00502	0.00559	0.00245	0.00515
4	0.03034	0.02437	0.20564	0.04199	0.02500	0.00766	0.07161	0.08448	0.01082	0.03877	0.19952	0.05607	0.07118	0.00600	0.00435	0.00128	0.00416	0.00519	0.00318	0.10839
5	0.01461	0.17591	0.01347	0.00965	0.01219	0.55927	0.00764	0.02666	0.01142	0.06195	0.03211	0.00933	0.02202	0.00453	0.00370	0.00108	0.00643	0.00302	0.00246	0.02254
6	0.00873	0.00747	0.00873	0.00629	0.00999	0.00562	0.00501	0.01060	0.00881	0.01379	0.00796	0.02957	0.00684	0.00340	0.00321	0.00066	0.00313	0.00276	0.00256	0.85488
7	0.00612	0.00441	0.00609	0.00609	0.00660	0.00491	0.00439	0.00712	0.00662	0.00933	0.01208	0.02049	0.01228	0.30944	0.55831	0.00592	0.00893	0.00511	0.00238	0.00339
8	0.00882	0.00756	0.00882	0.00630	0.01008	0.00567	0.00504	0.01071	0.00882	0.01387	0.00756	0.00882	0.00630	0.00315	0.00315	0.00063	0.00315	0.00252	0.00252	0.87647
9	0.00518	0.00374	0.00490	0.00583	0.00615	0.00346	0.00391	0.00593	0.00823	0.01090	0.02455	0.80255	0.07256	0.01319	0.00541	0.00171	0.00245	0.01192	0.00395	0.00346
10	0.00857	0.04904	0.72798	0.01197	0.01781	0.00991	0.05066	0.01315	0.00896	0.01323	0.00809	0.02994	0.00611	0.00479	0.02062	0.00146	0.00628	0.00345	0.00188	0.00612
11	0.78289	0.06168	0.00758	0.00593	0.00864	0.02208	0.00495	0.04064	0.00785	0.01867	0.00608	0.00703	0.00477	0.00398	0.00271	0.00129	0.00348	0.00236	0.00263	0.00476
12	0.01024	0.00977	0.01662	0.03915	0.77232	0.00979	0.01261	0.01269	0.00960	0.01371	0.00871	0.04941	0.00772	0.00424	0.00427	0.00129	0.00495	0.00418	0.00219	0.00655
13	0.00609	0.00452	0.00666	0.00666	0.00736	0.00522	0.00510	0.00748	0.00679	0.00975	0.01156	0.01761	0.01103	0.09780	0.76824	0.00662	0.01081	0.00469	0.00230	0.00370
14	0.01020	0.00975	0.01663	0.10579	0.73243	0.00994	0.01279	0.01273	0.00955	0.01355	0.00821	0.02432	0.00699	0.00399	0.00424	0.00129	0.00507	0.00393	0.00212	0.00649
15	0.01235	0.67399	0.02012	0.00804	0.01140	0.16736	0.00748	0.03761	0.00962	0.01059	0.00617	0.00708	0.00552	0.00382	0.00298	0.00096	0.00513	0.00241	0.00196	0.00542
16	0.00887	0.06909	0.72920	0.01150	0.01736	0.01004	0.01456	0.01354	0.01931	0.03070	0.03245	0.00975	0.00665	0.00421	0.00400	0.00132	0.00597	0.00328	0.00199	0.00620
17	0.01231	0.11912	0.24337	0.06905	0.10095	0.02273	0.10611	0.03424	0.01026	0.22621	0.01001	0.01078	0.00708	0.00428	0.00409	0.00129	0.00529	0.00368	0.00285	0.00631
18	0.01138	0.85302	0.02230	0.00728	0.01092	0.01684	0.00728	0.01274	0.00865	0.01001	0.00592	0.00683	0.00546	0.00364	0.00273	0.00091	0.00455	0.00228	0.00182	0.00546
19	0.00850	0.00796	0.01341	0.62777	0.19490	0.00936	0.01183	0.01123	0.00882	0.01160	0.00841	0.01301	0.00684	0.00453	0.00433	0.00141	0.00545	0.04349	0.00204	0.00511
20	0.01252	0.13796	0.31267	0.00992	0.01412	0.10633	0.03090	0.02508	0.04267	0.21233	0.01926	0.01187	0.00809	0.00472	0.00400	0.00127	0.00530	0.03189	0.00294	0.00615
21	0.00898	0.01116	0.18139	0.19127	0.07470	0.05618	0.03190	0.01140	0.02114	0.02881	0.00829	0.02377	0.00698	0.00905	0.10689	0.07109	0.14609	0.00385	0.00209	0.00495
22	0.00517	0.00377	0.00487	0.00574	0.00612	0.00347	0.00387	0.00595	0.00832	0.01093	0.02571	0.75512	0.11926	0.01304	0.00538	0.00169	0.00243	0.01174	0.00395	0.00347
23	0.02004	0.04705	0.43674	0.00953	0.01328	0.00768	0.02066	0.01088	0.00882	0.03246	0.01383	0.28062	0.01407	0.00754	0.00456	0.00149	0.00474	0.05809	0.00273	0.00518
24	0.15492	0.05406	0.06838	0.00898	0.01224	0.07655	0.03847	0.31520	0.01365	0.15983	0.01055	0.05049	0.00800	0.00508	0.00396	0.00129	0.00461	0.00389	0.00361	0.00623
25	0.00620	0.00455	0.00640	0.00774	0.04535	0.00443	0.00571	0.00759	0.00898	0.01187	0.02231	0.43972	0.02546	0.01216	0.00558	0.00181	0.00326	0.37320	0.00385	0.00382
26	0.03724	0.33287	0.02626	0.00750	0.01113	0.04907	0.02943	0.04962	0.00954	0.04400	0.00734	0.00831	0.00609	0.00362	0.00317	0.00087	0.00415	0.00264	0.00241	0.36475
27	0.00853	0.02201	0.82841	0.01213	0.01842	0.00988	0.01572	0.01348	0.00898	0.01348	0.00764	0.00898	0.00539	0.00404	0.00404	0.00135	0.00629	0.00314	0.00180	0.00629
28	0.00628	0.00463	0.00601	0.00646	0.00751	0.00441	0.00534	0.00801	0.01018	0.01335	0.21032	0.04224	0.18844	0.03620	0.00599	0.00178	0.00313	0.43185	0.00406	0.00383
29	0.00919	0.04651	0.61142	0.01314	0.07674	0.01031	0.07305	0.03148	0.06266	0.01398	0.00837	0.00969	0.00611	0.00411	0.00411	0.00134	0.00598	0.00343	0.00207	0.00630
30	0.00804	0.00756	0.01276	0.84023	0.02931	0.00945	0.01182	0.01087	0.00851	0.01087	0.00756	0.01134	0.00567	0.00425	0.00425	0.00142	0.00567	0.00378	0.00189	0.00473
31	0.00853	0.02201	0.82841	0.01213	0.01842	0.00988	0.01572	0.01348	0.00898	0.01348	0.00764	0.00898	0.00539	0.00404	0.00404	0.00135	0.00629	0.00314	0.00180	0.00629
32	0.04945	0.01150	0.10243	0.01165	0.01528	0.01064	0.23558	0.16349	0.25351	0.08369	0.01196	0.01234	0.00870	0.00472	0.00440	0.00138	0.00502	0.00436	0.00343	0.00645
33	0.00587	0.00462	0.00515	0.00531	0.00650	0.00424	0.00390	0.00785	0.07744	0.02587	0.06885	0.25856	0.46830	0.01089	0.00509	0.00152	0.00241	0.02969	0.00404	0.00391
34	0.00525	0.00377	0.00494	0.00580	0.00612	0.00351	0.00389	0.00604	0.00833	0.01110	0.06095	0.75623	0.05792	0.03704	0.00586	0.00177	0.00248	0.01161	0.00394	0.00346
35	0.00617	0.00419	0.00496	0.00496	0.00507	0.00430	0.00297	0.00639	0.00628	0.00849	0.01312	0.02624	0.01477	0.73241	0.13876	0.00452	0.00517	0.00595	0.00254	0.00275
36	0.00943	0.26315	0.55674	0.01099	0.01641	0.01194	0.05007	0.01327	0.00893	0.01248	0.00718	0.00847	0.00546	0.00390	0.00371	0.00122	0.00582	0.00298	0.00182	0.00602
37	0.00804	0.00756	0.01276	0.84023	0.02931	0.00945	0.01182	0.01087	0.00851	0.01087	0.00756	0.01134	0.00567	0.00425	0.00425	0.00142	0.00567	0.00378	0.00189	0.00473
38	0.03832	0.01093	0.03916	0.00907	0.01218	0.01150	0.00764	0.61012	0.04844	0.02355	0.01399	0.02807	0.08212	0.00599	0.00436	0.00134	0.00435	0.03819	0.00408	0.00658
39	0.01014	0.01222	0.06202	0.01746	0.02180	0.03432	0.74870	0.01372	0.01005	0.01353	0.00850	0.01125	0.00638	0.00363	0.00494	0.00142	0.00715	0.00487	0.00214	0.00574
40	0.00798	0.01654	0.54995	0.01023	0.01494	0.00850	0.02681	0.01264	0.07933	0.01364	0.05532	0.05369	0.12081	0.00577	0.00433	0.00139	0.00509	0.00477	0.00256	0.00570
41	0.00689	0.00515	0.00734	0.02524	0.05764	0.00514	0.00684	0.00882	0.00982	0.01291	0.07921	0.06762	0.06176	0.01127	0.02046	0.00192	0.00389	0.60022	0.00380	0.00408
42	0.00945	0.13712	0.24346	0.08248	0.05656	0.01094	0.33238	0.01285	0.00939	0.01274	0.00944	0.01143	0.04402	0.00412	0.00432	0.00132	0.00609	0.00413	0.00207	0.00571
43	0.01036	0.00969	0.01577	0.16390	0.59511	0.01017	0.01219	0.04959	0.06507	0.01424	0.00867	0.01102	0.00701	0.00407	0.00423	0.00130	0.00503	0.00386	0.00232	0.00642
44	0.00606	0.00444	0.00634	0.00638	0.00698	0.00501	0.00474	0.00726	0.00678	0.00962	0.01234	0.05757	0.01236	0.18423	0.64301	0.00609	0.00962	0.00522	0.00241	0.00355
45	0.03266	0.01245	0.01660	0.21967	0.10420	0.22451	0.25740	0.01402	0.04072	0.01238	0.00798	0.01038	0.00623	0.00413	0.00449	0.00133	0.01940	0.00390	0.00218	0.00538
46	0.00874	0.07005	0.76189	0.01199	0.01807	0.01031	0.03465	0.01344	0.00899	0.01328	0.00756	0.00892	0.00542	0.00401	0.00399	0.00132	0.00621	0.00314	0.00181	0.00623
47	0.00892	0.00825	0.01353	0.65396	0.16424	0.00978	0.01182	0.05654	0.00936	0.01229	0.00779	0.01114	0.00594	0.00422	0.00425	0.00138	0.00551	0.00379	0.00206	0.00521
48	0.00977	0.00919	0.01550	0.19491	0.51179	0.00972	0.04453	0.01240	0.02290	0.02526	0.00936	0.03249	0.02208	0.00459	0.00478	0.00136	0.04417	0.01695	0.00224	0.00600
49	0.00594	0.00431	0.00601	0.00631	0.00693	0.00453	0.00471	0.00724	0.00810	0.01123	0.12567	0.22681	0.02078	0.09789	0.35964	0.00410	0.00651	0.08644	0.00321	0.00364
50	0.00536	0.00378	0.00488	0.00569	0.00590	0.00358	0.00370	0.00597	0.00779	0.01039	0.02165	0.70034	0.02586	0.16378	0.00835	0.00216	0.00277	0.01103	0.00370	0.00330
51	0.01210	0.00870	0.01464	0.29902	0.10486	0.00904	0.16295	0.05185	0.03363	0.23374	0.01090	0.02191	0.00780	0.00454	0.00442	0.00138	0.00519	0.00428	0.00308	0.00597
52	0.00871	0.02810	0.29766	0.03177	0.01729	0.00892	0.31712	0.01208	0.00928	0.03239	0.01146	0.18323	0.01063	0.00581	0.00469	0.00145	0.00573	0.00574	0.00246	0.00547
53	0.00810	0.00765	0.01278	0.80016	0.02843	0.00963	0.01170	0.01084	0.00841	0.01084	0.00747	0.01125	0.00567	0.00441	0.00472	0.00144	0.04613	0.00378	0.00189	0.00472
54	0.08246	0.00735	0.00944	0.00810	0.02244	0.03133	0.03929	0.05038	0.01124	0.43328	0.03511	0.09769	0.02699	0.00689	0.00453	0.00145	0.00380	0.11790	0.00440	0.00593
55	0.00955	0.00950	0.03832	0.32771	0.50661	0.00986	0.01267	0.01226	0.00923	0.01277	0.00783	0.01079	0.00631	0.00397	0.00422	0.00132	0.00532	0.00377	0.00202	0.00598
56	0.02272	0.04856	0.06314	0.04651	0.05444	0.16598	0.36749	0.09261	0.04029	0.03330	0.00858	0.01040	0.00653	0.00412	0.00455	0.00132	0.01709	0.00408	0.00247	0.00580
57	0.00952	0.03264	0.01323	0.03085	0.03165	0.07115	0.23219	0.12704	0.01130	0.02347	0.02008	0.10062	0.23249	0.00714	0.00478	0.00141	0.00470	0.03748	0.00322	0.00502
58	0.00978	0.01004	0.05244	0.26716	0.35082	0.00993	0.17158	0.02499	0.00958	0.02771	0.00839	0.01152	0.00665	0.00407	0.00441	0.00136	0.00567	0.01586	0.00215	0.00589

[dist]
# distance from previous block
# <min> <max>
8	33

[block]
# block no. 2 follows, 62 sequences, length 23
# corresponding to MSA columns:
# 247-269
name=unknown_C
#
# <colnr> <probs for GDERKNQSTAVLIFYWHMCP>
#	G	D	E	R	K	N	Q	S	T	A	V	L	I	F	Y	W	H	M	C	P
0	0.11022	0.01925	0.01155	0.01151	0.14594	0.01002	0.00805	0.08547	0.02509	0.10184	0.04379	0.04090	0.03697	0.00606	0.00725	0.00146	0.27716	0.00422	0.00292	0.05033
1	0.01331	0.08073	0.01452	0.06305	0.25107	0.02938	0.00949	0.36320	0.04722	0.04830	0.00943	0.01038	0.00714	0.00451	0.00408	0.00124	0.00477	0.00368	0.00323	0.03126
2	0.02413	0.35939	0.02622	0.02855	0.03645	0.01318	0.00754	0.26121	0.06239	0.04923	0.02669	0.03975	0.00830	0.00476	0.00362	0.00114	0.00435	0.00357	0.00306	0.03648
3	0.01018	0.00749	0.04003	0.00851	0.05989	0.00715	0.00636	0.14428	0.09937	0.12991	0.10009	0.24255	0.08410	0.00826	0.00490	0.00146	0.01779	0.01822	0.00407	0.00538
4	0.01005	0.00962	0.01640	0.18280	0.67099	0.00998	0.01282	0.01264	0.00946	0.01332	0.00792	0.01069	0.00653	0.00388	0.00422	0.00129	0.00517	0.00379	0.00206	0.00635
5	0.01213	0.03650	0.14482	0.04130	0.10717	0.00925	0.06593	0.10387	0.13816	0.19282	0.03463	0.06124	0.01068	0.00541	0.00435	0.00136	0.00454	0.01596	0.00352	0.00634
6	0.01476	0.25657	0.01549	0.00914	0.01253	0.06967	0.00786	0.52488	0.01617	0.02083	0.00872	0.00906	0.00660	0.00463	0.00379	0.00116	0.00485	0.00331	0.00341	0.00657
7	0.06264	0.00982	0.01646	0.10043	0.62674	0.01007	0.06227	0.01313	0.03222	0.01402	0.00814	0.01060	0.00667	0.00389	0.00418	0.00130	0.00509	0.00381	0.00218	0.00636
8	0.00542	0.00402	0.00559	0.07519	0.00809	0.00395	0.00460	0.00634	0.00818	0.01086	0.02213	0.77826	0.02628	0.01258	0.00533	0.00170	0.00273	0.01141	0.00378	0.00356
9	0.01489	0.01302	0.08109	0.01051	0.01410	0.05355	0.05942	0.61803	0.05406	0.02365	0.01004	0.01032	0.00721	0.00492	0.00427	0.00129	0.00506	0.00384	0.00382	0.00693
10	0.00901	0.01881	0.58923	0.01425	0.05793	0.01011	0.21331	0.01349	0.00928	0.01353	0.00790	0.00968	0.00572	0.00392	0.00429	0.00137	0.00645	0.00364	0.00190	0.00617
11	0.00518	0.00370	0.00494	0.00592	0.00617	0.00346	0.00395	0.00592	0.00815	0.01086	0.02345	0.84768	0.02814	0.01333	0.00543	0.00173	0.00247	0.01210	0.00395	0.00346
12	0.00983	0.00933	0.01552	0.25430	0.54858	0.00996	0.01231	0.01305	0.06050	0.01330	0.00847	0.01110	0.00684	0.00405	0.00423	0.00132	0.00512	0.00385	0.00219	0.00617
13	0.01103	0.00965	0.01627	0.09497	0.68772	0.00973	0.01239	0.01351	0.00979	0.08113	0.00869	0.01093	0.00696	0.00395	0.00422	0.00128	0.00499	0.00383	0.00235	0.00661
14	0.00993	0.01150	0.05185	0.06210	0.10206	0.01060	0.65951	0.01342	0.00989	0.01351	0.00846	0.01129	0.00641	0.00366	0.00487	0.00141	0.00685	0.00477	0.00212	0.00580
15	0.00804	0.00756	0.01276	0.84023	0.02931	0.00945	0.01182	0.01087	0.00851	0.01087	0.00756	0.01134	0.00567	0.00425	0.00425	0.00142	0.00567	0.00378	0.00189	0.00473
16	0.01148	0.03568	0.47345	0.08044	0.06822	0.00906	0.01252	0.01514	0.00983	0.22871	0.01004	0.01068	0.00686	0.00436	0.00410	0.00133	0.00541	0.00352	0.00274	0.00642
17	0.01050	0.01101	0.09015	0.11437	0.42525	0.00992	0.19650	0.01347	0.00973	0.06500	0.00862	0.01096	0.00667	0.00391	0.00439	0.00133	0.00563	0.00405	0.00227	0.00627
18	0.00961	0.00921	0.01511	0.12293	0.55584	0.00985	0.01162	0.01186	0.00915	0.01287	0.01056	0.01300	0.07416	0.00489	0.00551	0.00137	0.11007	0.00421	0.00220	0.00597
19	0.03758	0.01371	0.13182	0.04157	0.05255	0.12950	0.02555	0.36085	0.11041	0.01937	0.01012	0.03002	0.00772	0.00496	0.00417	0.00130	0.00520	0.00386	0.00332	0.00640
20	0.12730	0.00932	0.01162	0.24291	0.12209	0.07955	0.04108	0.03470	0.13937	0.05125	0.02357	0.02444	0.02271	0.03515	0.00484	0.00146	0.01635	0.00409	0.00280	0.00541
21	0.04638	0.02113	0.01372	0.37605	0.19901	0.08749	0.03587	0.03544	0.06929	0.01284	0.00819	0.01076	0.00645	0.00445	0.00473	0.00137	0.05543	0.00372	0.00225	0.00544
22	0.00981	0.00945	0.09390	0.22751	0.11356	0.02970	0.08150	0.04238	0.01982	0.09666	0.02665	0.01347	0.00856	0.01002	0.16796	0.00245	0.01841	0.02023	0.00258	0.00538

[dist]
# distance from previous block
# <min> <max>
41	115

[block]
# block no. 3 follows, 62 sequences, length 10
# corresponding to MSA columns:
# 402-411
name=unknown_D
#
# <colnr> <probs for GDERKNQSTAVLIFYWHMCP>
#	G	D	E	R	K	N	Q	S	T	A	V	L	I	F	Y	W	H	M	C	P
0	0.00990	0.29823	0.01322	0.04261	0.01052	0.04710	0.00649	0.04215	0.12182	0.03611	0.01185	0.07407	0.03672	0.06569	0.11161	0.00211	0.03094	0.00438	0.00274	0.03177
1	0.00854	0.01245	0.26910	0.37039	0.14955	0.00941	0.04333	0.01197	0.00912	0.01264	0.05686	0.01172	0.00786	0.00436	0.00426	0.00137	0.00560	0.00387	0.00207	0.00553
2	0.00882	0.17682	0.30197	0.16963	0.03695	0.01006	0.01065	0.02653	0.00908	0.01242	0.02384	0.05541	0.04801	0.00484	0.00389	0.00123	0.00499	0.00391	0.00221	0.08874
3	0.07517	0.00759	0.00935	0.00735	0.01040	0.00704	0.00599	0.10283	0.03376	0.51220	0.03961	0.04010	0.04154	0.00554	0.00415	0.00127	0.00353	0.00447	0.00460	0.08348
4	0.09086	0.03806	0.15376	0.01217	0.14980	0.09180	0.00941	0.09238	0.27169	0.01639	0.02534	0.01162	0.00882	0.00476	0.00401	0.00132	0.00471	0.00380	0.00307	0.00625
5	0.00648	0.00420	0.00551	0.00583	0.00654	0.00396	0.00413	0.00761	0.00910	0.06660	0.17876	0.46050	0.06361	0.05761	0.06268	0.00207	0.00315	0.02331	0.02452	0.00382
6	0.03598	0.18909	0.24739	0.01084	0.06988	0.03517	0.02901	0.15475	0.06601	0.10851	0.00941	0.00992	0.00693	0.00438	0.00384	0.00124	0.00504	0.00338	0.00287	0.00636
7	0.01149	0.72266	0.07273	0.00777	0.01141	0.01571	0.00785	0.01308	0.00875	0.05067	0.00655	0.00745	0.00571	0.00391	0.00336	0.00100	0.03986	0.00249	0.00199	0.00557
8	0.00552	0.00418	0.00470	0.00482	0.00558	0.00384	0.00327	0.00631	0.00845	0.01075	0.08721	0.15064	0.37000	0.27092	0.04301	0.00251	0.00316	0.00829	0.00352	0.00330
9	0.01474	0.01847	0.01161	0.05500	0.01354	0.73256	0.00812	0.01591	0.01160	0.01047	0.00778	0.06528	0.00704	0.00499	0.00397	0.00116	0.00721	0.00344	0.00230	0.00482

[dist]
# distance from previous block
# <min> <max>
0	1

[block]
# block no. 4 follows, 62 sequences, length 34
# corresponding to MSA columns:
# 413-446
name=unknown_E
#
# <colnr> <probs for GDERKNQSTAVLIFYWHMCP>
#	G	D	E	R	K	N	Q	S	T	A	V	L	I	F	Y	W	H	M	C	P
0	0.00998	0.00951	0.01596	0.20505	0.61497	0.00998	0.01252	0.01297	0.04277	0.01339	0.00829	0.01093	0.00676	0.00398	0.00423	0.00131	0.00512	0.00383	0.00215	0.00630
1	0.00572	0.00451	0.00497	0.00487	0.00620	0.00399	0.00365	0.00742	0.03926	0.02700	0.23394	0.08344	0.53961	0.01013	0.00501	0.00143	0.00221	0.00861	0.00417	0.00386
2	0.00929	0.00866	0.01416	0.36983	0.33466	0.00950	0.03582	0.04578	0.03778	0.01321	0.02700	0.01324	0.05349	0.00460	0.00432	0.00135	0.00508	0.00424	0.00234	0.00564
3	0.00738	0.00519	0.00597	0.00557	0.00689	0.00495	0.00415	0.05992	0.04818	0.06211	0.24018	0.04742	0.29193	0.14880	0.00770	0.00187	0.00283	0.04079	0.00403	0.00414
4	0.73657	0.00854	0.00700	0.00617	0.00882	0.00987	0.00504	0.06037	0.09469	0.01941	0.00740	0.00807	0.00566	0.00421	0.00291	0.00133	0.00338	0.00266	0.00291	0.00499
5	0.00812	0.00756	0.01261	0.75613	0.04355	0.00943	0.01144	0.01070	0.00834	0.01078	0.00747	0.01129	0.00575	0.00476	0.00514	0.03191	0.04467	0.00378	0.00189	0.00466
6	0.01408	0.01095	0.01231	0.03912	0.04051	0.01221	0.02340	0.52763	0.23381	0.02314	0.01193	0.01182	0.00870	0.00518	0.00429	0.00133	0.00442	0.00411	0.00408	0.00697
7	0.03365	0.00539	0.00710	0.00637	0.00761	0.00520	0.05388	0.00983	0.05320	0.11140	0.14443	0.11220	0.10141	0.29208	0.01951	0.00241	0.00356	0.02307	0.00362	0.00409
8	0.00674	0.00430	0.00559	0.00582	0.00658	0.00399	0.00415	0.00790	0.00948	0.07947	0.23542	0.39790	0.06381	0.09549	0.00687	0.00183	0.00268	0.05400	0.00411	0.00386
9	0.07118	0.02664	0.10428	0.00888	0.01213	0.02621	0.03552	0.19910	0.07801	0.28896	0.01305	0.06669	0.00982	0.02122	0.00468	0.00140	0.01741	0.00445	0.00396	0.00641
10	0.01039	0.01085	0.04514	0.07814	0.60121	0.03505	0.13034	0.01313	0.00971	0.01354	0.00801	0.01059	0.00654	0.00382	0.00432	0.00130	0.00553	0.00392	0.00209	0.00639
11	0.00622	0.00450	0.00596	0.00592	0.00628	0.00497	0.00412	0.00697	0.00656	0.00915	0.01251	0.04720	0.01329	0.41977	0.39257	0.00521	0.03758	0.00553	0.00246	0.00324
12	0.00772	0.00429	0.00474	0.00484	0.00575	0.00430	0.00361	0.04200	0.00911	0.01482	0.01544	0.15630	0.01419	0.00730	0.00438	0.05086	0.00238	0.04947	0.59460	0.00389
13	0.00651	0.00479	0.00653	0.00621	0.00659	0.00525	0.02760	0.00710	0.00651	0.00904	0.01186	0.02189	0.01265	0.46606	0.29073	0.04086	0.05890	0.00535	0.00239	0.00318
14	0.00733	0.00648	0.00880	0.11058	0.01112	0.04948	0.00689	0.00890	0.00726	0.01008	0.00977	0.01443	0.00897	0.02327	0.56081	0.00510	0.14022	0.00424	0.00216	0.00411
15	0.00992	0.11344	0.03924	0.04692	0.03887	0.02504	0.00654	0.06027	0.00963	0.02808	0.00768	0.00892	0.00627	0.00350	0.00332	0.00081	0.00381	0.00273	0.00251	0.58251
16	0.27817	0.13167	0.29633	0.01024	0.04841	0.06124	0.06695	0.01312	0.00862	0.01443	0.00696	0.00854	0.00548	0.01868	0.00392	0.00132	0.01536	0.00296	0.00213	0.00547
17	0.00619	0.00413	0.00464	0.00464	0.00464	0.00413	0.00258	0.00619	0.00619	0.00825	0.01341	0.02785	0.01547	0.85046	0.02166	0.00413	0.00413	0.00619	0.00258	0.00258
18	0.05749	0.21916	0.16880	0.00970	0.01327	0.22053	0.04283	0.07796	0.04260	0.06795	0.03628	0.00965	0.00743	0.00440	0.00372	0.00118	0.00553	0.00322	0.00259	0.00571
19	0.01187	0.36605	0.18585	0.02433	0.05394	0.06954	0.02250	0.12626	0.01091	0.05414	0.03263	0.00929	0.00710	0.00424	0.00358	0.00113	0.00511	0.00312	0.00247	0.00595
20	0.00846	0.00542	0.00668	0.03938	0.00831	0.00530	0.00481	0.01153	0.11548	0.12619	0.33569	0.08161	0.13721	0.00799	0.00466	0.00137	0.00262	0.01435	0.07821	0.00474
21	0.00644	0.00453	0.00540	0.00516	0.00648	0.00400	0.00394	0.00801	0.01090	0.06542	0.39207	0.04774	0.37174	0.00957	0.00502	0.00141	0.00226	0.04151	0.00436	0.00402
22	0.00882	0.00838	0.05271	0.06335	0.18940	0.01493	0.06645	0.07032	0.01062	0.02908	0.14547	0.06665	0.12825	0.00619	0.00444	0.00127	0.00398	0.00553	0.00314	0.12101
23	0.56048	0.19801	0.01083	0.02279	0.03269	0.06645	0.00593	0.01291	0.00802	0.02645	0.00619	0.00727	0.00503	0.00399	0.00303	0.00122	0.01892	0.00245	0.00241	0.00492
24	0.00993	0.00697	0.00724	0.00669	0.00845	0.03216	0.00522	0.01615	0.35415	0.06512	0.01571	0.01729	0.01233	0.00572	0.00394	0.00127	0.01157	0.04922	0.36549	0.00538
25	0.00609	0.00438	0.00601	0.00605	0.00653	0.00484	0.00433	0.00705	0.00666	0.00935	0.01250	0.04890	0.01290	0.31406	0.52485	0.00573	0.00858	0.00538	0.00244	0.00337
26	0.45621	0.00691	0.00663	0.00592	0.00811	0.00741	0.00472	0.01252	0.04613	0.12699	0.18566	0.06259	0.04307	0.00600	0.00369	0.00135	0.00298	0.00463	0.00363	0.00483
27	0.00887	0.00841	0.01427	0.56827	0.29475	0.00967	0.01223	0.01160	0.00890	0.01188	0.00771	0.01107	0.00603	0.00410	0.00424	0.00137	0.00547	0.00378	0.00196	0.00540
28	0.00570	0.00430	0.00522	0.00510	0.00615	0.00388	0.00378	0.00728	0.01086	0.01463	0.49598	0.08107	0.27520	0.03879	0.00564	0.00150	0.00219	0.02459	0.00433	0.00380
29	0.01576	0.01875	0.01193	0.04944	0.01374	0.73555	0.00825	0.01697	0.01190	0.06902	0.00736	0.00833	0.00585	0.00444	0.00389	0.00113	0.00729	0.00290	0.00240	0.00509
30	0.00584	0.00454	0.00534	0.00523	0.00639	0.00418	0.00388	0.00794	0.05643	0.01445	0.41216	0.12153	0.31694	0.00977	0.00503	0.00142	0.00219	0.00846	0.00432	0.00396
31	0.78740	0.00902	0.00692	0.00610	0.00876	0.04823	0.00499	0.06137	0.00825	0.01916	0.00622	0.00715	0.00481	0.00404	0.00279	0.00130	0.00358	0.00242	0.00271	0.00478
32	0.00839	0.02211	0.00829	0.00816	0.07142	0.00657	0.00580	0.08051	0.10612	0.03122	0.26829	0.06319	0.04348	0.07463	0.03126	0.00176	0.00349	0.09659	0.00383	0.06490
33	0.06138	0.55269	0.01815	0.00796	0.01107	0.11566	0.00728	0.08461	0.01005	0.01239	0.04009	0.00839	0.00701	0.00427	0.00362	0.00105	0.04390	0.00277	0.00225	0.00541

[dist]
# distance from previous block
# <min> <max>
0	6

[block]
# block no. 5 follows, 62 sequences, length 11
# corresponding to MSA columns:
# 453-463
name=unknown_F
#
# <colnr> <probs for GDERKNQSTAVLIFYWHMCP>
#	G	D	E	R	K	N	Q	S	T	A	V	L	I	F	Y	W	H	M	C	P
0	0.00846	0.00870	0.08753	0.00949	0.01198	0.01732	0.14596	0.05275	0.05051	0.02381	0.07725	0.10509	0.06602	0.02333	0.00555	0.00152	0.04092	0.16328	0.00325	0.09726
1	0.00657	0.00512	0.00732	0.00717	0.00802	0.00606	0.00560	0.00887	0.06931	0.01050	0.01160	0.01633	0.01060	0.02884	0.73420	0.00621	0.04666	0.00454	0.00242	0.00406
2	0.00841	0.00794	0.01344	0.71837	0.14825	0.00955	0.01200	0.01120	0.00868	0.01133	0.00763	0.01122	0.00583	0.00418	0.00425	0.00139	0.00558	0.00378	0.00192	0.00503
3	0.00663	0.00462	0.00620	0.00665	0.00765	0.00442	0.00543	0.00839	0.01030	0.03607	0.25038	0.13693	0.08522	0.01083	0.00548	0.00170	0.00307	0.40190	0.00418	0.00396
4	0.07556	0.00496	0.00600	0.00543	0.00686	0.00473	0.00418	0.01035	0.01118	0.12291	0.52066	0.02498	0.02873	0.00727	0.00440	0.00128	0.00231	0.00622	0.14752	0.00447
5	0.00953	0.01151	0.13810	0.11415	0.39023	0.00975	0.18650	0.01257	0.00944	0.01325	0.00894	0.05996	0.00762	0.00440	0.00444	0.00136	0.00562	0.00445	0.00215	0.00603
6	0.00536	0.00432	0.00477	0.00466	0.00595	0.00373	0.00350	0.00675	0.01049	0.01336	0.30414	0.03788	0.55999	0.01008	0.00503	0.00140	0.00211	0.00855	0.00420	0.00373
7	0.00856	0.09202	0.40816	0.01140	0.10594	0.02642	0.01116	0.03285	0.00961	0.01337	0.07874	0.10207	0.07032	0.00587	0.00424	0.00134	0.00492	0.00490	0.00253	0.00558
8	0.16373	0.14771	0.17079	0.10405	0.21393	0.01083	0.01031	0.04639	0.00944	0.07413	0.00792	0.00937	0.00608	0.00406	0.00367	0.00125	0.00485	0.00320	0.00239	0.00591
9	0.00721	0.00517	0.00625	0.00580	0.00713	0.00494	0.00442	0.09282	0.01204	0.03845	0.47522	0.10861	0.17930	0.00912	0.00498	0.00140	0.00245	0.02594	0.00443	0.00431
10	0.00778	0.00706	0.01157	0.06372	0.22314	0.00689	0.12579	0.00962	0.00927	0.01252	0.13128	0.02277	0.15797	0.18270	0.00824	0.00194	0.00426	0.00595	0.00289	0.00465

[dist]
# distance from previous block
# <min> <max>
2	4

[block]
# block no. 6 follows, 62 sequences, length 8
# corresponding to MSA columns:
# 470-476,478
name=unknown_G
#
# <colnr> <probs for GDERKNQSTAVLIFYWHMCP>
#	G	D	E	R	K	N	Q	S	T	A	V	L	I	F	Y	W	H	M	C	P
0	0.03962	0.00962	0.01553	0.15047	0.57886	0.00999	0.01191	0.06421	0.01021	0.05659	0.00846	0.01072	0.00673	0.00403	0.00417	0.00129	0.00499	0.00377	0.00239	0.00641
1	0.01110	0.00789	0.01055	0.00794	0.01126	0.00688	0.08415	0.06157	0.06496	0.16673	0.10151	0.01327	0.01141	0.00450	0.00390	0.00101	0.00361	0.00391	0.00347	0.42038
2	0.00626	0.00479	0.00704	0.00694	0.00762	0.00566	0.00537	0.00766	0.00678	0.00980	0.01120	0.01696	0.01065	0.07794	0.74259	0.00641	0.05565	0.00461	0.00227	0.00377
3	0.06704	0.08401	0.01373	0.20778	0.15497	0.12464	0.04254	0.11557	0.08361	0.01456	0.00922	0.04722	0.00763	0.00474	0.00404	0.00130	0.00518	0.00393	0.00264	0.00564
4	0.00602	0.00439	0.00558	0.00617	0.00682	0.00427	0.00457	0.00756	0.04189	0.01176	0.07990	0.36499	0.09449	0.12857	0.00770	0.00206	0.00305	0.21276	0.00382	0.00364
5	0.49185	0.00903	0.02345	0.00701	0.00947	0.08003	0.03159	0.02798	0.04417	0.04027	0.00964	0.09012	0.00877	0.02161	0.00380	0.00139	0.00385	0.03828	0.00292	0.05476
6	0.14679	0.08914	0.05716	0.05629	0.14892	0.28122	0.00900	0.11393	0.01110	0.01454	0.00719	0.00859	0.00578	0.00431	0.00399	0.00122	0.02976	0.00305	0.00242	0.00558
7	0.03130	0.00854	0.01101	0.09070	0.17235	0.03484	0.02452	0.15093	0.08894	0.03292	0.01099	0.02845	0.01001	0.23848	0.00947	0.00212	0.04163	0.00465	0.00291	0.00522

[dist]
# distance from previous block
# <min> <max>
1	3

[block]
# block no. 7 follows, 62 sequences, length 11
# corresponding to MSA columns:
# 482-492
name=unknown_H
#
# <colnr> <probs for GDERKNQSTAVLIFYWHMCP>
#	G	D	E	R	K	N	Q	S	T	A	V	L	I	F	Y	W	H	M	C	P
0	0.01034	0.00680	0.00772	0.00682	0.00870	0.00721	0.00530	0.09483	0.25041	0.11547	0.13594	0.03620	0.03178	0.03883	0.05110	0.00171	0.00349	0.00518	0.17673	0.00544
1	0.01331	0.49621	0.01791	0.00886	0.01188	0.36670	0.00768	0.01456	0.01011	0.01018	0.00620	0.00719	0.00547	0.00396	0.00320	0.00099	0.00589	0.00247	0.00198	0.00523
2	0.00837	0.00962	0.11293	0.01144	0.03004	0.00791	0.28081	0.04137	0.06152	0.01407	0.09836	0.09678	0.10055	0.02115	0.00522	0.00153	0.00482	0.08529	0.00312	0.00510
3	0.00773	0.00558	0.00842	0.00859	0.06685	0.00603	0.03510	0.03903	0.00808	0.06254	0.01218	0.06473	0.01130	0.05784	0.56457	0.00517	0.00906	0.00497	0.01787	0.00436
4	0.00601	0.00411	0.00505	0.00551	0.00609	0.00381	0.00377	0.00676	0.00828	0.04303	0.02480	0.44224	0.17801	0.19000	0.00877	0.00218	0.00288	0.05151	0.00371	0.00347
5	0.17614	0.00692	0.03982	0.00840	0.10002	0.00667	0.00587	0.01097	0.10522	0.01578	0.27701	0.13338	0.08269	0.00748	0.00440	0.00140	0.00300	0.00639	0.00368	0.00474
6	0.00685	0.00453	0.00585	0.00546	0.00663	0.00412	0.00411	0.00871	0.01172	0.07447	0.67227	0.06451	0.09693	0.00880	0.00498	0.00136	0.00215	0.00773	0.00464	0.00419
7	0.01404	0.01024	0.01089	0.00889	0.01175	0.04187	0.00715	0.37786	0.26776	0.12170	0.07132	0.01397	0.01174	0.00557	0.00432	0.00133	0.00406	0.00443	0.00436	0.00676
8	0.00973	0.01023	0.01974	0.01462	0.01768	0.01044	0.52370	0.05867	0.00975	0.01334	0.01054	0.01384	0.05520	0.06007	0.00760	0.00167	0.15049	0.00504	0.00236	0.00531
9	0.52189	0.01110	0.00819	0.00713	0.00981	0.21437	0.00566	0.01396	0.00891	0.06732	0.00694	0.00777	0.00537	0.00406	0.00309	0.00119	0.00439	0.00256	0.00268	0.09359
10	0.04396	0.05985	0.03254	0.08320	0.37216	0.16011	0.01062	0.14641	0.01153	0.01508	0.00784	0.00963	0.00631	0.00422	0.00417	0.00124	0.01908	0.00345	0.00246	0.00614

[dist]
# distance from previous block
# <min> <max>
2	3

[block]
# block no. 8 follows, 62 sequences, length 27
# corresponding to MSA columns:
# 496-522
name=unknown_I
#
# <colnr> <probs for GDERKNQSTAVLIFYWHMCP>
#	G	D	E	R	K	N	Q	S	T	A	V	L	I	F	Y	W	H	M	C	P
0	0.00973	0.00918	0.01512	0.12406	0.57941	0.00960	0.01176	0.01247	0.03750	0.01334	0.01039	0.01429	0.03771	0.00484	0.00478	0.00137	0.04105	0.05497	0.00233	0.00610
1	0.00863	0.05471	0.11816	0.00882	0.08248	0.03611	0.00707	0.01165	0.07174	0.06718	0.35524	0.04857	0.06171	0.00678	0.00448	0.00129	0.00347	0.00582	0.00368	0.04237
2	0.00665	0.00461	0.00551	0.04016	0.00650	0.00468	0.00362	0.03628	0.00803	0.01098	0.13186	0.04023	0.04498	0.53978	0.03420	0.00323	0.00387	0.02862	0.04299	0.00322
3	0.01037	0.10656	0.13304	0.01123	0.01544	0.03868	0.26143	0.03111	0.00974	0.05310	0.00819	0.00973	0.00632	0.00366	0.00393	0.00108	0.00525	0.00350	0.00238	0.28523
4	0.00635	0.00459	0.00613	0.00695	0.00779	0.00447	0.00572	0.00788	0.00927	0.01200	0.02419	0.17831	0.10636	0.06775	0.00677	0.00201	0.00351	0.53240	0.00384	0.00372
5	0.10789	0.01284	0.01125	0.02839	0.07833	0.26355	0.00767	0.24977	0.06549	0.04400	0.04643	0.01136	0.00867	0.04037	0.00472	0.00136	0.00524	0.00368	0.00321	0.00577
6	0.00677	0.00518	0.00545	0.00534	0.00620	0.04749	0.00378	0.00815	0.02679	0.01207	0.15656	0.04313	0.16788	0.23800	0.11866	0.00278	0.00418	0.00633	0.13164	0.00361
7	0.00617	0.00407	0.00458	0.00470	0.00494	0.00399	0.00284	0.00655	0.00697	0.00962	0.01676	0.12901	0.07252	0.59695	0.01647	0.00330	0.00355	0.00687	0.09721	0.00291
8	0.01618	0.01192	0.01277	0.00979	0.01320	0.01320	0.00809	0.80973	0.02001	0.02682	0.01022	0.01022	0.00724	0.00511	0.00426	0.00128	0.00468	0.00383	0.00426	0.00724
9	0.01203	0.73294	0.02082	0.00781	0.01124	0.13458	0.00742	0.01335	0.00914	0.01007	0.00601	0.00695	0.00546	0.00375	0.00289	0.00094	0.00500	0.00234	0.00187	0.00538
10	0.26444	0.01112	0.03995	0.03992	0.05905	0.04225	0.00773	0.42303	0.01439	0.04656	0.00873	0.00931	0.00636	0.00461	0.00376	0.00129	0.00448	0.00334	0.00344	0.00624
11	0.01015	0.05651	0.07286	0.00828	0.05298	0.01823	0.00674	0.03720	0.00964	0.10819	0.04014	0.06625	0.02760	0.00485	0.00420	0.00101	0.04316	0.00389	0.00295	0.42518
12	0.00543	0.00426	0.00457	0.00461	0.00561	0.00378	0.00324	0.00632	0.00893	0.01107	0.08528	0.06630	0.52263	0.21824	0.00917	0.00212	0.00269	0.02872	0.00366	0.00337
13	0.01064	0.05301	0.02523	0.00835	0.01077	0.01883	0.00668	0.06224	0.59581	0.03974	0.05810	0.05210	0.01411	0.01936	0.00459	0.00145	0.00351	0.00505	0.00413	0.00633
14	0.00949	0.05117	0.20690	0.05112	0.04639	0.00963	0.18527	0.03224	0.06303	0.01374	0.00834	0.01007	0.00649	0.00406	0.00465	0.00120	0.05942	0.00358	0.00231	0.23091
15	0.01018	0.14944	0.28888	0.03447	0.01441	0.03020	0.06265	0.08358	0.00991	0.04493	0.00841	0.01041	0.00672	0.04912	0.03580	0.00150	0.00540	0.00335	0.00237	0.14827
16	0.05420	0.08610	0.72269	0.01141	0.01730	0.01041	0.01448	0.01337	0.00887	0.01350	0.00741	0.00871	0.00535	0.00401	0.00387	0.00131	0.00600	0.00303	0.00184	0.00614
17	0.00611	0.00422	0.00525	0.00530	0.00551	0.00441	0.00338	0.00656	0.00646	0.00882	0.01336	0.06506	0.01479	0.58867	0.23982	0.00474	0.00600	0.00604	0.00256	0.00295
18	0.01055	0.36974	0.31360	0.03985	0.02807	0.05561	0.03287	0.04140	0.00945	0.02758	0.00760	0.03209	0.00629	0.00421	0.00357	0.00116	0.00540	0.00314	0.00206	0.00578
19	0.00897	0.05165	0.01141	0.41852	0.06593	0.04631	0.00900	0.03880	0.03982	0.03855	0.04064	0.08436	0.04014	0.00642	0.00539	0.07729	0.00477	0.00475	0.00255	0.00471
20	0.00623	0.00444	0.00658	0.00658	0.00722	0.00508	0.00500	0.00730	0.00666	0.00952	0.01107	0.01689	0.01054	0.07315	0.70239	0.10083	0.01018	0.00455	0.00225	0.00352
21	0.00814	0.00723	0.02331	0.06325	0.24521	0.03587	0.00776	0.02603	0.03085	0.02824	0.06605	0.28542	0.06856	0.02205	0.00510	0.00153	0.00383	0.06344	0.00325	0.00488
22	0.02991	0.01013	0.01458	0.24435	0.23350	0.09086	0.09741	0.05197	0.01778	0.03531	0.00902	0.02243	0.02367	0.02043	0.00547	0.00143	0.07983	0.00407	0.00234	0.00552
23	0.01108	0.01216	0.21707	0.18926	0.01717	0.03893	0.04038	0.11648	0.09718	0.12040	0.01108	0.04773	0.00846	0.00597	0.03366	0.00156	0.00533	0.00420	0.01596	0.00593
24	0.00536	0.00392	0.00505	0.00573	0.00626	0.00361	0.00399	0.00637	0.00897	0.01192	0.14181	0.59997	0.12461	0.01229	0.00534	0.00165	0.00242	0.04312	0.00406	0.00357
25	0.01170	0.15450	0.22930	0.01123	0.09020	0.09056	0.03978	0.07905	0.03818	0.11637	0.04501	0.05651	0.00938	0.00498	0.00403	0.00126	0.00509	0.00403	0.00285	0.00600
26	0.02305	0.08054	0.09535	0.03556	0.39181	0.07666	0.04100	0.07365	0.06139	0.04854	0.00874	0.01031	0.00691	0.00422	0.00429	0.00127	0.02424	0.00363	0.00249	0.00635

[dist]
# distance from previous block
# <min> <max>
1	6

[block]
# block no. 9 follows, 62 sequences, length 41
# corresponding to MSA columns:
# 529-569
name=unknown_J
#
# <colnr> <probs for GDERKNQSTAVLIFYWHMCP>
#	G	D	E	R	K	N	Q	S	T	A	V	L	I	F	Y	W	H	M	C	P
0	0.25270	0.14533	0.09999	0.04359	0.03179	0.17569	0.03688	0.04542	0.00925	0.01394	0.00658	0.00812	0.00538	0.00446	0.00464	0.00128	0.10462	0.00290	0.00224	0.00519
1	0.00794	0.01042	0.24611	0.00842	0.01136	0.00670	0.04746	0.05964	0.02035	0.05376	0.02962	0.17889	0.21237	0.00884	0.02598	0.00162	0.00426	0.05803	0.00329	0.00494
2	0.01219	0.06370	0.09998	0.04479	0.03220	0.08993	0.05444	0.25645	0.10606	0.05109	0.09102	0.01386	0.02623	0.00529	0.00425	0.00129	0.00478	0.01661	0.00342	0.02241
3	0.01572	0.00598	0.00896	0.04268	0.19641	0.00577	0.03783	0.00855	0.00918	0.01244	0.11822	0.23471	0.16571	0.06349	0.00625	0.02401	0.00344	0.01893	0.00328	0.01844
4	0.00938	0.07746	0.06826	0.00699	0.01080	0.00708	0.00618	0.03477	0.00927	0.03258	0.00836	0.01051	0.00707	0.00373	0.00336	0.00080	0.00358	0.03643	0.00259	0.66080
5	0.01161	0.04489	0.01046	0.00840	0.01074	0.01023	0.00672	0.35220	0.20818	0.01904	0.01322	0.08708	0.01123	0.03614	0.14753	0.00238	0.00530	0.00493	0.00375	0.00597
6	0.00710	0.00576	0.00774	0.04862	0.06983	0.02549	0.03264	0.00905	0.04446	0.03378	0.18540	0.34287	0.09936	0.00937	0.00492	0.00147	0.00310	0.01768	0.00374	0.04762
7	0.10133	0.20763	0.05743	0.10048	0.09048	0.01020	0.00802	0.01154	0.00820	0.06459	0.00857	0.01126	0.00730	0.02299	0.21456	0.00270	0.06187	0.00349	0.00229	0.00506
8	0.01022	0.30669	0.13553	0.03299	0.05332	0.03756	0.02122	0.05345	0.10174	0.03265	0.02841	0.03491	0.06138	0.00652	0.04469	0.00149	0.00492	0.02408	0.00267	0.00557
9	0.00638	0.00444	0.00547	0.00548	0.00653	0.00405	0.00400	0.00804	0.03321	0.05873	0.32118	0.27854	0.22735	0.01033	0.00508	0.00148	0.00231	0.00907	0.00430	0.00400
10	0.01233	0.18392	0.17181	0.02906	0.11668	0.28252	0.01001	0.07369	0.03821	0.01285	0.00787	0.02797	0.00653	0.00440	0.00380	0.00118	0.00592	0.00325	0.00229	0.00572
11	0.02906	0.08654	0.24792	0.08917	0.03504	0.22659	0.01025	0.05580	0.03600	0.03766	0.00909	0.04436	0.00760	0.00602	0.03938	0.00151	0.00610	0.02400	0.00241	0.00550
12	0.01035	0.00992	0.01684	0.02540	0.79692	0.00989	0.01273	0.01283	0.00969	0.01382	0.00916	0.01154	0.03365	0.00402	0.00424	0.00127	0.00496	0.00396	0.00217	0.00664
13	0.01007	0.00645	0.00785	0.00694	0.00837	0.00683	0.00521	0.16862	0.03916	0.12693	0.03256	0.07499	0.01322	0.25364	0.20302	0.00344	0.01916	0.00542	0.00341	0.00471
14	0.01119	0.03930	0.12270	0.04816	0.29243	0.18781	0.12039	0.02793	0.01002	0.01275	0.00790	0.02945	0.00661	0.00443	0.00485	0.00131	0.06103	0.00379	0.00214	0.00583
15	0.00942	0.06207	0.53187	0.04001	0.01849	0.01036	0.17008	0.04964	0.00978	0.02655	0.02737	0.01012	0.00660	0.00412	0.00421	0.00134	0.00613	0.00365	0.00211	0.00609
16	0.00526	0.00390	0.00492	0.00561	0.00616	0.00356	0.00388	0.00619	0.00880	0.01153	0.09241	0.60660	0.18368	0.01242	0.00533	0.00164	0.00240	0.02816	0.00401	0.00354
17	0.01860	0.03633	0.01435	0.11412	0.15603	0.14331	0.13962	0.04690	0.07451	0.01343	0.05608	0.01473	0.04650	0.01450	0.00523	0.00140	0.06108	0.03523	0.00265	0.00541
18	0.01235	0.07653	0.17587	0.03589	0.11239	0.14758	0.02187	0.09260	0.08260	0.11773	0.00987	0.01083	0.00744	0.00627	0.05679	0.00162	0.01926	0.00360	0.00285	0.00607
19	0.00621	0.00429	0.00539	0.00583	0.00617	0.00427	0.00411	0.00693	0.00755	0.01000	0.01758	0.16900	0.01995	0.44738	0.04208	0.00321	0.00404	0.22970	0.00317	0.00314
20	0.00963	0.00678	0.00830	0.02909	0.03250	0.00703	0.00590	0.19430	0.05280	0.07116	0.23807	0.07634	0.05991	0.06365	0.05056	0.00189	0.00384	0.07919	0.00404	0.00504
21	0.01397	0.01380	0.06635	0.02735	0.04504	0.22886	0.00848	0.29733	0.18518	0.04147	0.01069	0.01091	0.00797	0.00492	0.00413	0.00127	0.00526	0.00372	0.01695	0.00634
22	0.00973	0.01129	0.13245	0.25476	0.20545	0.01036	0.13467	0.06058	0.06930	0.01379	0.00861	0.01100	0.00663	0.00434	0.00484	0.00139	0.04871	0.00396	0.00229	0.00586
23	0.23415	0.00917	0.06023	0.02826	0.08761	0.00821	0.00678	0.09054	0.03056	0.01653	0.03182	0.01036	0.02811	0.00411	0.00344	0.00106	0.00372	0.00316	0.00277	0.33942
24	0.00538	0.00388	0.00512	0.00595	0.00638	0.00363	0.00415	0.00635	0.00870	0.01159	0.09509	0.67290	0.06787	0.01267	0.00541	0.00170	0.00253	0.07315	0.00401	0.00355
25	0.01193	0.01081	0.04396	0.00915	0.01191	0.05306	0.00746	0.18491	0.57729	0.01911	0.01490	0.01400	0.01110	0.00549	0.00428	0.00139	0.00398	0.00443	0.00410	0.00673
26	0.04714	0.42366	0.05620	0.00809	0.01150	0.09675	0.02568	0.06740	0.02629	0.02937	0.01971	0.02941	0.00721	0.00426	0.00332	0.00102	0.00464	0.01163	0.00240	0.12433
27	0.01064	0.07035	0.18398	0.03687	0.43002	0.03193	0.06608	0.04598	0.00991	0.03475	0.00802	0.01002	0.00638	0.00406	0.00445	0.00129	0.03309	0.00362	0.00219	0.00637
28	0.00922	0.35808	0.16797	0.00836	0.01150	0.01093	0.04077	0.01172	0.04806	0.03237	0.01215	0.23096	0.01236	0.00658	0.00397	0.00129	0.00434	0.02155	0.00265	0.00517
29	0.00710	0.00597	0.00715	0.00656	0.00822	0.00598	0.04279	0.01139	0.22441	0.01425	0.17633	0.03112	0.33652	0.04320	0.00558	0.00157	0.00289	0.06034	0.00404	0.00459
