[name]
unknown

[dist]
# distance from previous block
# <min> <max>
0	81

[block]
# block no. 0 follows, 71 sequences, length 15
# corresponding to MSA columns:
# 82-96
name=unknown_A
#
# <colnr> <probs for GDERKNQSTAVLIFYWHMCP>
#	G	D	E	R	K	N	Q	S	T	A	V	L	I	F	Y	W	H	M	C	P
0	0.10315	0.00865	0.00872	0.01945	0.00991	0.09722	0.00641	0.26622	0.07584	0.01596	0.01235	0.07076	0.01167	0.00657	0.00449	0.00135	0.04348	0.21767	0.00324	0.01689
1	0.11107	0.00928	0.01897	0.02467	0.01000	0.17724	0.03853	0.05469	0.07666	0.04998	0.08016	0.01350	0.01013	0.03795	0.04974	0.00153	0.07971	0.05371	0.00270	0.09978
2	0.00541	0.00369	0.00419	0.00428	0.00443	0.00360	0.00252	0.00553	0.00604	0.00793	0.01547	0.10499	0.09655	0.68193	0.01656	0.02218	0.00339	0.00628	0.00255	0.00247
3	0.00918	0.03827	0.16818	0.01437	0.29921	0.07928	0.09686	0.03519	0.00935	0.03631	0.11924	0.01253	0.03754	0.00442	0.00409	0.00117	0.02322	0.00394	0.00235	0.00529
4	0.00756	0.00788	0.07222	0.05666	0.38587	0.00704	0.07315	0.00957	0.00830	0.01160	0.04220	0.27588	0.01303	0.00628	0.00421	0.00130	0.00399	0.00592	0.00247	0.00487
5	0.00621	0.00574	0.01032	0.00903	0.03639	0.00537	0.25198	0.00784	0.00829	0.01113	0.08772	0.42635	0.08523	0.00885	0.01942	0.00149	0.00366	0.00806	0.00305	0.00389
6	0.00949	0.00760	0.05405	0.00723	0.00940	0.00733	0.04364	0.14665	0.23573	0.09720	0.19646	0.02778	0.05740	0.05132	0.00487	0.00136	0.00322	0.00496	0.02918	0.00513
7	0.01385	0.02514	0.06334	0.00978	0.06232	0.04612	0.00792	0.65420	0.01615	0.04975	0.00894	0.00914	0.00640	0.00443	0.00378	0.00114	0.00441	0.00336	0.00350	0.00633
8	0.00550	0.00375	0.00428	0.00428	0.00442	0.00373	0.00251	0.00568	0.00596	0.00793	0.03957	0.02547	0.06550	0.74679	0.05654	0.00360	0.00385	0.00571	0.00245	0.00247
9	0.00993	0.20340	0.07514	0.02378	0.22735	0.05513	0.21102	0.02570	0.00870	0.04233	0.00701	0.00875	0.00566	0.00365	0.00417	0.00113	0.05783	0.00328	0.00197	0.02406
10	0.00640	0.00452	0.00565	0.00520	0.00647	0.00410	0.00389	0.00836	0.05070	0.05737	0.46675	0.15780	0.06509	0.02804	0.00467	0.00125	0.00219	0.00673	0.00382	0.11099
11	0.02895	0.39826	0.26188	0.00820	0.01202	0.03205	0.00876	0.08327	0.06939	0.05349	0.00738	0.00795	0.00575	0.00374	0.00313	0.00103	0.00450	0.00267	0.00217	0.00542
12	0.00548	0.00409	0.00605	0.00605	0.00670	0.00473	0.00466	0.00678	0.00613	0.00882	0.01037	0.01561	0.00982	0.07445	0.80469	0.00603	0.00991	0.00419	0.00207	0.00336
13	0.01556	0.00694	0.00885	0.00691	0.00968	0.00650	0.00567	0.12513	0.05512	0.62326	0.04334	0.01322	0.01017	0.00485	0.00382	0.00117	0.00326	0.00392	0.04637	0.00626
14	0.00911	0.00698	0.00821	0.00594	0.00929	0.00550	0.00478	0.05121	0.00872	0.08748	0.00768	0.00847	0.00606	0.00310	0.00298	0.00065	0.00295	0.00247	0.00257	0.76586

[dist]
# distance from previous block
# <min> <max>
0	1

[block]
# block no. 1 follows, 71 sequences, length 19
# corresponding to MSA columns:
# 98-116
name=unknown_B
#
# <colnr> <probs for GDERKNQSTAVLIFYWHMCP>
#	G	D	E	R	K	N	Q	S	T	A	V	L	I	F	Y	W	H	M	C	P
0	0.00981	0.00620	0.00772	0.00676	0.00846	0.00667	0.00535	0.14727	0.12367	0.16991	0.03627	0.01435	0.01030	0.04639	0.35101	0.00332	0.00619	0.00410	0.03138	0.00486
1	0.00959	0.02627	0.03463	0.03337	0.13672	0.03298	0.01863	0.09542	0.10563	0.03987	0.01830	0.01017	0.00695	0.01602	0.04048	0.00161	0.36241	0.00356	0.00236	0.00503
2	0.00477	0.00374	0.00423	0.00441	0.00529	0.00330	0.00314	0.00572	0.00848	0.01075	0.15064	0.24515	0.45632	0.06954	0.00566	0.00152	0.00212	0.00846	0.00357	0.00320
3	0.01031	0.00885	0.01054	0.01151	0.20248	0.05071	0.00749	0.12685	0.39230	0.03970	0.01182	0.01216	0.00910	0.00676	0.08045	0.00166	0.00440	0.00388	0.00319	0.00583
4	0.00929	0.00896	0.01458	0.02155	0.74055	0.03600	0.01101	0.01145	0.00857	0.01210	0.00744	0.00990	0.00635	0.00568	0.07871	0.00158	0.00514	0.00345	0.00191	0.00579
5	0.00604	0.00370	0.00536	0.00536	0.00564	0.00397	0.00379	0.00582	0.00554	0.00767	0.00883	0.01478	0.00879	0.13034	0.35372	0.41615	0.00619	0.00394	0.00191	0.00246
6	0.00669	0.00625	0.00907	0.30662	0.07168	0.03914	0.05685	0.00862	0.00884	0.01132	0.16465	0.02152	0.23916	0.00628	0.00421	0.00126	0.00373	0.02732	0.00275	0.00403
7	0.01458	0.01074	0.01151	0.00882	0.01189	0.01189	0.00729	0.82855	0.01803	0.02416	0.00921	0.00921	0.00652	0.00460	0.00384	0.00115	0.00422	0.00345	0.00384	0.00652
8	0.01068	0.04485	0.15477	0.01104	0.11581	0.03090	0.08089	0.25802	0.08945	0.03067	0.00868	0.00956	0.00656	0.00468	0.02858	0.00125	0.00467	0.00334	0.00271	0.10290
9	0.00746	0.00741	0.03643	0.72992	0.05506	0.00876	0.01054	0.01020	0.03043	0.01011	0.00698	0.01014	0.00532	0.00401	0.00431	0.00129	0.05203	0.00341	0.00177	0.00442
10	0.01034	0.00863	0.00912	0.00796	0.01027	0.00991	0.00626	0.14844	0.70505	0.01733	0.01459	0.01350	0.01088	0.00511	0.00389	0.00128	0.00322	0.00420	0.00389	0.00614
11	0.56759	0.00789	0.00847	0.13245	0.15161	0.02783	0.00659	0.01117	0.00714	0.01492	0.00588	0.00744	0.00466	0.00368	0.00316	0.00120	0.02911	0.00254	0.00217	0.00450
12	0.00474	0.00339	0.00453	0.00542	0.00567	0.00318	0.00368	0.00546	0.00741	0.00987	0.02109	0.82405	0.02520	0.01195	0.00491	0.00157	0.00229	0.04890	0.00356	0.00313
13	0.00921	0.01018	0.02161	0.01552	0.01927	0.00964	0.76594	0.05242	0.00945	0.01281	0.00817	0.03197	0.00635	0.00352	0.00450	0.00129	0.00625	0.00463	0.00207	0.00519
14	0.00831	0.00514	0.00636	0.00642	0.00743	0.00456	0.00457	0.00896	0.00967	0.13947	0.17450	0.47644	0.09618	0.01071	0.00526	0.00168	0.00285	0.02262	0.00434	0.00455
15	0.00692	0.00523	0.00605	0.00558	0.00697	0.00533	0.00426	0.01120	0.24719	0.04227	0.43902	0.02474	0.13986	0.00714	0.00427	0.00124	0.00223	0.00615	0.03001	0.00436
16	0.00664	0.00603	0.00915	0.00817	0.00880	0.00730	0.07790	0.00780	0.00680	0.00974	0.03275	0.21652	0.03952	0.01323	0.21557	0.00269	0.31953	0.00570	0.00237	0.00379
17	0.00464	0.00385	0.00407	0.00410	0.00527	0.00327	0.00304	0.00569	0.00888	0.01089	0.12927	0.09492	0.68957	0.00966	0.00456	0.00130	0.00195	0.00816	0.00364	0.00327
18	0.01143	0.22180	0.02970	0.01027	0.08365	0.33642	0.04806	0.05690	0.00940	0.01049	0.00658	0.02416	0.00586	0.03346	0.00486	0.00117	0.09607	0.00297	0.00199	0.00475

[dist]
# distance from previous block
# <min> <max>
0	1

[block]
# block no. 2 follows, 71 sequences, length 107
# corresponding to MSA columns:
# 118-224
name=unknown_C
#
# <colnr> <probs for GDERKNQSTAVLIFYWHMCP>
#	G	D	E	R	K	N	Q	S	T	A	V	L	I	F	Y	W	H	M	C	P
0	0.00932	0.00957	0.01820	0.03956	0.46197	0.00938	0.34548	0.02283	0.02203	0.01257	0.00758	0.00993	0.00604	0.00339	0.00410	0.00121	0.00532	0.00388	0.00197	0.00567
1	0.01141	0.04761	0.10448	0.00829	0.02819	0.00863	0.03551	0.26580	0.06375	0.12719	0.00953	0.02868	0.00716	0.00413	0.00355	0.00102	0.00386	0.00333	0.00310	0.23478
2	0.01392	0.01040	0.01132	0.04662	0.01242	0.01159	0.00736	0.73992	0.07013	0.02300	0.00951	0.00958	0.00679	0.00461	0.00384	0.00117	0.00418	0.00351	0.00374	0.00639
3	0.00798	0.00684	0.00797	0.00572	0.00911	0.00520	0.00458	0.00988	0.02525	0.01257	0.00700	0.00808	0.00581	0.00289	0.00286	0.00058	0.00284	0.00231	0.00231	0.87022
4	0.00525	0.00403	0.00481	0.00510	0.00597	0.00375	0.00377	0.02563	0.03351	0.01141	0.13373	0.34510	0.30304	0.01016	0.00471	0.00143	0.00228	0.08924	0.00366	0.00343
5	0.00539	0.00392	0.00508	0.00479	0.00571	0.00360	0.00359	0.00717	0.01078	0.01519	0.80968	0.02895	0.06592	0.00791	0.00452	0.00121	0.00181	0.00698	0.00420	0.00360
6	0.01086	0.01510	0.22374	0.01187	0.01534	0.26780	0.24765	0.09601	0.01012	0.01241	0.00699	0.00851	0.00534	0.00387	0.00431	0.00118	0.04839	0.00330	0.00205	0.00516
7	0.89233	0.00741	0.00564	0.00504	0.00741	0.00860	0.00415	0.01127	0.00653	0.01720	0.00534	0.00623	0.00415	0.00356	0.00237	0.00119	0.00297	0.00208	0.00237	0.00415
8	0.00571	0.00445	0.00674	0.00651	0.00720	0.00522	0.02337	0.00704	0.00619	0.00894	0.01002	0.01501	0.00944	0.06005	0.75550	0.00573	0.05325	0.00414	0.00204	0.00346
9	0.00558	0.00372	0.00418	0.00418	0.00418	0.00372	0.00232	0.00558	0.00558	0.00743	0.01208	0.02509	0.01394	0.86525	0.01952	0.00372	0.00372	0.00558	0.00232	0.00232
10	0.01629	0.00664	0.00881	0.00686	0.00972	0.00595	0.00563	0.03035	0.06962	0.74971	0.03834	0.01352	0.01036	0.00486	0.00388	0.00119	0.00322	0.00397	0.00466	0.00641
11	0.00540	0.00390	0.00510	0.00484	0.00572	0.00360	0.00362	0.00717	0.01073	0.01518	0.81054	0.05797	0.03580	0.00799	0.00454	0.00122	0.00182	0.00707	0.00420	0.00360
12	0.23693	0.00676	0.00804	0.00633	0.00917	0.00636	0.00522	0.01650	0.00975	0.60659	0.01237	0.01115	0.00801	0.00438	0.00345	0.00116	0.00317	0.00335	0.00406	0.03723
13	0.00973	0.00833	0.00878	0.00784	0.01004	0.00963	0.00612	0.05106	0.80341	0.01635	0.01536	0.01411	0.01151	0.00518	0.00390	0.00129	0.00308	0.00430	0.00390	0.00609
14	0.00778	0.04964	0.81637	0.01077	0.01636	0.00912	0.01390	0.01212	0.00808	0.01203	0.00683	0.00803	0.00486	0.00363	0.00360	0.00120	0.00561	0.00281	0.00162	0.00564
15	0.00573	0.00375	0.00386	0.00384	0.00492	0.00341	0.00288	0.00712	0.00863	0.01249	0.09932	0.02651	0.41352	0.00730	0.00374	0.00112	0.00186	0.00606	0.38051	0.00341
16	0.03896	0.02439	0.12351	0.00751	0.02589	0.06043	0.01622	0.04167	0.04527	0.07882	0.03856	0.07090	0.00920	0.06799	0.00525	0.00124	0.06100	0.00379	0.02756	0.25185
17	0.01229	0.26005	0.01312	0.00854	0.01093	0.44789	0.00692	0.02438	0.15995	0.01066	0.00755	0.00807	0.00618	0.00399	0.00326	0.00100	0.00537	0.00270	0.00225	0.00490
18	0.01077	0.76119	0.01895	0.00695	0.01009	0.10156	0.00666	0.02942	0.00833	0.00938	0.00548	0.00630	0.00496	0.00338	0.00259	0.00084	0.00439	0.00212	0.00172	0.00491
19	0.01449	0.01070	0.01146	0.00880	0.01186	0.01185	0.00727	0.81417	0.03256	0.02402	0.00932	0.00930	0.00661	0.00461	0.00384	0.00115	0.00420	0.00347	0.00384	0.00651
20	0.89233	0.00741	0.00564	0.00504	0.00741	0.00860	0.00415	0.01127	0.00653	0.01720	0.00534	0.00623	0.00415	0.00356	0.00237	0.00119	0.00297	0.00208	0.00237	0.00415
21	0.00888	0.00523	0.00603	0.00531	0.00686	0.00519	0.00414	0.08661	0.08727	0.13839	0.24559	0.01923	0.07509	0.00590	0.00372	0.00111	0.00236	0.00493	0.28366	0.00451
22	0.00817	0.00681	0.00797	0.00571	0.00910	0.00512	0.00457	0.00987	0.00802	0.03205	0.00701	0.00807	0.00577	0.00288	0.00286	0.00058	0.00285	0.00231	0.00233	0.86794
23	0.00839	0.00839	0.01174	0.01007	0.01007	0.01174	0.00839	0.00923	0.00587	0.00923	0.00503	0.00839	0.00503	0.00671	0.01258	0.00168	0.85823	0.00336	0.00168	0.00419
24	0.00954	0.00824	0.00867	0.00780	0.00997	0.00954	0.00607	0.02037	0.83441	0.01604	0.01561	0.01431	0.01170	0.00520	0.00390	0.00130	0.00303	0.00433	0.00390	0.00607
25	0.00467	0.00334	0.00445	0.00534	0.00556	0.00311	0.00356	0.00534	0.00734	0.00979	0.02113	0.86275	0.02536	0.01201	0.00489	0.00156	0.00222	0.01090	0.00356	0.00311
26	0.00769	0.01983	0.84538	0.01093	0.01659	0.00890	0.01417	0.01214	0.00810	0.01214	0.00688	0.00810	0.00486	0.00364	0.00364	0.00121	0.00567	0.00283	0.00162	0.00567
27	0.00839	0.00839	0.01174	0.01007	0.01007	0.01174	0.00839	0.00923	0.00587	0.00923	0.00503	0.00839	0.00503	0.00671	0.01258	0.00168	0.85823	0.00336	0.00168	0.00419
28	0.00467	0.00334	0.00445	0.00534	0.00556	0.00311	0.00356	0.00534	0.00734	0.00979	0.02113	0.86275	0.02536	0.01201	0.00489	0.00156	0.00222	0.01090	0.00356	0.00311
29	0.00500	0.00388	0.00439	0.00428	0.00538	0.00340	0.00320	0.00633	0.00956	0.01254	0.36406	0.04373	0.47047	0.00878	0.00446	0.00125	0.00189	0.00749	0.03651	0.00340
30	0.00558	0.00372	0.00418	0.00418	0.00418	0.00372	0.00232	0.00558	0.00558	0.00743	0.01208	0.02509	0.01394	0.86525	0.01952	0.00372	0.00372	0.00558	0.00232	0.00232
31	0.02631	0.00475	0.00630	0.00701	0.00801	0.00487	0.00603	0.00893	0.07560	0.01191	0.01962	0.07041	0.02095	0.01005	0.00510	0.00171	0.00343	0.70175	0.00354	0.00373
32	0.89233	0.00741	0.00564	0.00504	0.00741	0.00860	0.00415	0.01127	0.00653	0.01720	0.00534	0.00623	0.00415	0.00356	0.00237	0.00119	0.00297	0.00208	0.00237	0.00415
33	0.01458	0.01074	0.01151	0.00882	0.01189	0.01189	0.00729	0.82855	0.01803	0.02416	0.00921	0.00921	0.00652	0.00460	0.00384	0.00115	0.00422	0.00345	0.00384	0.00652
34	0.00941	0.02237	0.05085	0.05033	0.52686	0.02424	0.12938	0.02070	0.00861	0.02382	0.00715	0.00942	0.00587	0.00372	0.00460	0.00120	0.07726	0.00350	0.00193	0.01876
35	0.01048	0.01005	0.02629	0.05946	0.58954	0.09254	0.04504	0.05216	0.00947	0.05707	0.00760	0.00946	0.00609	0.00361	0.00380	0.00114	0.00483	0.00339	0.00214	0.00583
36	0.00589	0.00458	0.00659	0.00637	0.00687	0.00550	0.00490	0.00694	0.00602	0.00870	0.00976	0.01543	0.00950	0.13321	0.61784	0.02594	0.11642	0.00418	0.00203	0.00334
37	0.00798	0.00687	0.00811	0.00600	0.02138	0.00526	0.00470	0.00968	0.00793	0.01245	0.00680	0.00798	0.00568	0.00290	0.00299	0.00059	0.01451	0.00230	0.00226	0.86363
38	0.00560	0.00420	0.00633	0.04628	0.00765	0.00489	0.00496	0.00689	0.00618	0.00883	0.01002	0.01495	0.00937	0.04648	0.76136	0.03689	0.00963	0.00408	0.00203	0.00338
39	0.00949	0.00911	0.01556	0.02353	0.84133	0.00911	0.01177	0.01177	0.00873	0.01253	0.00721	0.00949	0.00607	0.00342	0.00380	0.00114	0.00456	0.00342	0.00190	0.00607
40	0.83091	0.00765	0.00605	0.00531	0.00773	0.00883	0.00437	0.06847	0.00733	0.01769	0.00561	0.00644	0.00432	0.00363	0.00248	0.00118	0.00305	0.00217	0.00248	0.00432
41	0.00475	0.00344	0.00448	0.00519	0.00554	0.00320	0.00352	0.00551	0.00762	0.01014	0.07684	0.71605	0.08255	0.02947	0.02081	0.00165	0.00236	0.01020	0.00355	0.00315
42	0.00467	0.00334	0.00445	0.00534	0.00556	0.00311	0.00356	0.00534	0.00734	0.00979	0.02113	0.86275	0.02536	0.01201	0.00489	0.00156	0.00222	0.01090	0.00356	0.00311
43	0.01025	0.86756	0.02009	0.00656	0.00984	0.01517	0.00656	0.01148	0.00779	0.00902	0.00533	0.00615	0.00492	0.00328	0.00246	0.00082	0.00410	0.00205	0.00164	0.00492
44	0.00926	0.00831	0.00855	0.00837	0.06743	0.08051	0.00604	0.05569	0.47358	0.02462	0.07719	0.01755	0.12345	0.00581	0.00400	0.00125	0.00331	0.01614	0.00357	0.00536
45	0.02594	0.00482	0.00626	0.00588	0.00726	0.00442	0.00439	0.03907	0.00922	0.29496	0.07406	0.44627	0.04408	0.00877	0.00442	0.00138	0.00263	0.00772	0.00400	0.00445
46	0.78514	0.00731	0.00604	0.00526	0.00771	0.00824	0.00433	0.01218	0.00707	0.11848	0.00654	0.00706	0.00481	0.00370	0.00255	0.00119	0.00300	0.00229	0.00266	0.00444
47	0.10724	0.01635	0.01062	0.00971	0.03014	0.69022	0.02362	0.02929	0.01045	0.03014	0.00620	0.00715	0.00503	0.00391	0.00339	0.00103	0.00630	0.00254	0.00211	0.00455
48	0.00593	0.00491	0.00715	0.25414	0.04833	0.00525	0.00601	0.03171	0.00809	0.01056	0.03977	0.42078	0.12534	0.00862	0.00445	0.00140	0.00318	0.00769	0.00297	0.00371
49	0.00923	0.00550	0.00663	0.00593	0.00739	0.00555	0.02360	0.11276	0.07768	0.14392	0.03920	0.15350	0.01371	0.09264	0.00538	0.00146	0.00288	0.04297	0.24565	0.00445
50	0.00583	0.00412	0.00556	0.00601	0.00660	0.00426	0.00474	0.00702	0.00735	0.00986	0.01596	0.06074	0.01726	0.23691	0.18789	0.00319	0.00494	0.39388	0.01470	0.00318
51	0.01458	0.01074	0.01151	0.00882	0.01189	0.01189	0.00729	0.82855	0.01803	0.02416	0.00921	0.00921	0.00652	0.00460	0.00384	0.00115	0.00422	0.00345	0.00384	0.00652
52	0.01308	0.03050	0.02188	0.00912	0.01191	0.12371	0.06194	0.52895	0.07679	0.01954	0.02665	0.02351	0.00766	0.02193	0.00415	0.00120	0.00457	0.00365	0.00336	0.00587
53	0.00954	0.00824	0.00867	0.00780	0.00997	0.00954	0.00607	0.02037	0.83441	0.01604	0.01561	0.01431	0.01170	0.00520	0.00390	0.00130	0.00303	0.00433	0.00390	0.00607
54	0.01432	0.01827	0.01087	0.00988	0.01185	0.84986	0.00741	0.01531	0.01087	0.00938	0.00593	0.00691	0.00494	0.00395	0.00346	0.00099	0.00691	0.00247	0.00198	0.00444
55	0.01720	0.00653	0.00890	0.00682	0.00979	0.00564	0.00564	0.01869	0.01097	0.84399	0.01513	0.01305	0.00949	0.00475	0.00386	0.00119	0.00326	0.00386	0.00475	0.00653
56	0.00660	0.00337	0.00505	0.00505	0.00508	0.00340	0.00340	0.00508	0.00505	0.00677	0.00683	0.01182	0.00680	0.01405	0.05449	0.84671	0.00366	0.00337	0.00168	0.00175
57	0.00954	0.00824	0.00867	0.00780	0.00997	0.00954	0.00607	0.02037	0.83441	0.01604	0.01561	0.01431	0.01170	0.00520	0.00390	0.00130	0.00303	0.00433	0.00390	0.00607
58	0.09832	0.03781	0.00940	0.00696	0.00990	0.00723	0.00579	0.14402	0.01155	0.60927	0.01294	0.01157	0.00837	0.00456	0.00366	0.00117	0.00341	0.00356	0.00427	0.00625
59	0.00853	0.00719	0.00807	0.00719	0.00910	0.00800	0.02464	0.03940	0.57043	0.01580	0.20443	0.01826	0.05050	0.00592	0.00408	0.00127	0.00282	0.00506	0.00391	0.00539
60	0.01025	0.86756	0.02009	0.00656	0.00984	0.01517	0.00656	0.01148	0.00779	0.00902	0.00533	0.00615	0.00492	0.00328	0.00246	0.00082	0.00410	0.00205	0.00164	0.00492
61	0.00923	0.01020	0.02139	0.03245	0.01933	0.00987	0.73557	0.04857	0.00927	0.01262	0.00767	0.01020	0.00580	0.00347	0.00486	0.00130	0.04663	0.00440	0.00201	0.00517
62	0.00954	0.00824	0.00867	0.00780	0.00997	0.00954	0.00607	0.02037	0.83441	0.01604	0.01561	0.01431	0.01170	0.00520	0.00390	0.00130	0.00303	0.00433	0.00390	0.00607
63	0.00576	0.00399	0.00523	0.00488	0.00584	0.00367	0.00367	0.00756	0.01086	0.03877	0.81604	0.02820	0.03542	0.00775	0.00450	0.00121	0.00185	0.00685	0.00424	0.00370
64	0.00548	0.00411	0.00616	0.00616	0.00685	0.00479	0.00479	0.00685	0.00616	0.00890	0.01027	0.01506	0.00959	0.02876	0.85006	0.00616	0.01027	0.00411	0.00205	0.00342
65	0.00972	0.00906	0.04839	0.00802	0.01039	0.02517	0.00652	0.04830	0.75135	0.01602	0.01479	0.01370	0.01107	0.00508	0.00388	0.00129	0.00327	0.00420	0.00376	0.00604
66	0.00467	0.00335	0.00444	0.00531	0.00555	0.00312	0.00355	0.00534	0.00737	0.00980	0.02146	0.84744	0.04046	0.01197	0.00489	0.00155	0.00222	0.01085	0.00356	0.00312
67	0.02840	0.00945	0.05977	0.02637	0.03590	0.02852	0.00696	0.16818	0.51563	0.03425	0.03628	0.01281	0.01036	0.00492	0.00384	0.00125	0.00356	0.00401	0.00360	0.00596
68	0.01126	0.00909	0.00964	0.00815	0.01063	0.01034	0.00649	0.29692	0.55506	0.01882	0.01342	0.01256	0.00993	0.00500	0.00388	0.00125	0.00344	0.00403	0.00388	0.00622
69	0.01678	0.00643	0.00876	0.00675	0.00964	0.00556	0.00556	0.01828	0.01097	0.81435	0.04461	0.01361	0.01045	0.00486	0.00388	0.00119	0.00321	0.00397	0.00473	0.00642
70	0.89233	0.00741	0.00564	0.00504	0.00741	0.00860	0.00415	0.01127	0.00653	0.01720	0.00534	0.00623	0.00415	0.00356	0.00237	0.00119	0.00297	0.00208	0.00237	0.00415
71	0.00666	0.00333	0.00500	0.00500	0.00500	0.00333	0.00333	0.00500	0.00500	0.00666	0.00666	0.01166	0.00666	0.01332	0.01499	0.88844	0.00333	0.00333	0.00167	0.00167
72	0.00816	0.12245	0.28762	0.02890	0.11098	0.00880	0.12083	0.02263	0.04007	0.01193	0.03814	0.10957	0.00899	0.00467	0.00377	0.00117	0.00459	0.00416	0.00218	0.06039
73	0.87909	0.00736	0.00560	0.00502	0.00737	0.00853	0.00413	0.01124	0.00655	0.01716	0.00545	0.00635	0.00424	0.00357	0.00238	0.00118	0.00295	0.00210	0.01560	0.00414
74	0.00558	0.00372	0.00418	0.00418	0.00418	0.00372	0.00232	0.00558	0.00558	0.00743	0.01208	0.02509	0.01394	0.86525	0.01952	0.00372	0.00372	0.00558	0.00232	0.00232
75	0.00992	0.02467	0.01516	0.09893	0.58898	0.04542	0.06346	0.08360	0.00954	0.01308	0.00730	0.00942	0.00594	0.00357	0.00381	0.00115	0.00479	0.00343	0.00205	0.00579
76	0.00989	0.00893	0.01174	0.01468	0.36776	0.06751	0.01774	0.05878	0.24464	0.03889	0.01145	0.04762	0.00975	0.00497	0.00398	0.00124	0.00408	0.06780	0.00286	0.00567
77	0.00472	0.00339	0.00449	0.00528	0.00557	0.00315	0.00355	0.00547	0.00761	0.01019	0.07866	0.79196	0.03836	0.01169	0.00486	0.00153	0.00219	0.01058	0.00361	0.00315
78	0.00470	0.00335	0.00444	0.00530	0.00552	0.00313	0.00352	0.00535	0.00729	0.00972	0.02086	0.83759	0.02502	0.03764	0.00533	0.00162	0.00227	0.01074	0.00352	0.00309
79	0.00786	0.00671	0.00784	0.00570	0.00898	0.00510	0.00453	0.00965	0.01958	0.01245	0.00744	0.03809	0.00646	0.00320	0.00293	0.00061	0.00282	0.00260	0.00234	0.84511
80	0.00627	0.00424	0.00506	0.00471	0.00596	0.00378	0.00358	0.01907	0.01000	0.08728	0.40965	0.03040	0.35080	0.02434	0.00475	0.00129	0.00209	0.01904	0.00396	0.00374
81	0.00548	0.00411	0.00616	0.00616	0.00685	0.00479	0.00479	0.00685	0.00616	0.00890	0.01027	0.01506	0.00959	0.02876	0.85006	0.00616	0.01027	0.00411	0.00205	0.00342
82	0.00466	0.00336	0.00442	0.00527	0.00554	0.00312	0.00353	0.00535	0.00741	0.00982	0.02202	0.82117	0.06637	0.01190	0.00488	0.00154	0.00221	0.01076	0.00356	0.00312
83	0.01019	0.78321	0.07791	0.00696	0.01037	0.03899	0.00712	0.01164	0.00790	0.00925	0.00546	0.00631	0.00492	0.00333	0.00257	0.00085	0.00429	0.00212	0.00165	0.00496
84	0.00830	0.00805	0.01117	0.00961	0.00967	0.01117	0.00799	0.00921	0.00602	0.00958	0.00556	0.00880	0.00537	0.00655	0.01189	0.00162	0.79830	0.00337	0.06360	0.00415
85	0.00469	0.00360	0.00430	0.00473	0.00543	0.00321	0.00332	0.00558	0.00820	0.01053	0.10407	0.46802	0.33908	0.01074	0.00472	0.00142	0.00208	0.00945	0.00362	0.00321
86	0.00499	0.00354	0.00431	0.00478	0.00513	0.00332	0.00313	0.00559	0.00723	0.00959	0.05767	0.47427	0.12920	0.23821	0.00867	0.00207	0.00256	0.00877	0.02403	0.00295
87	0.01203	0.01426	0.01094	0.03037	0.02324	0.53908	0.03764	0.03561	0.00955	0.00978	0.00649	0.00879	0.00573	0.05026	0.04082	0.01047	0.14565	0.00299	0.00199	0.00433
88	0.00795	0.00681	0.00795	0.00568	0.00909	0.00511	0.00454	0.00965	0.00795	0.01249	0.00681	0.00795	0.00568	0.00284	0.00284	0.00057	0.00284	0.00227	0.00227	0.88869
89	0.00941	0.00813	0.00871	0.03756	0.01047	0.00940	0.00618	0.02908	0.77925	0.01580	0.01569	0.01456	0.02808	0.00524	0.00391	0.00130	0.00310	0.00437	0.00382	0.00595
90	0.00466	0.00340	0.00439	0.00518	0.00552	0.00313	0.00349	0.00536	0.00749	0.00985	0.02305	0.77325	0.11362	0.01176	0.00485	0.00153	0.00219	0.01060	0.00356	0.00313
91	0.00994	0.00860	0.00897	0.00809	0.01957	0.02659	0.00624	0.06960	0.75852	0.01636	0.01492	0.01379	0.01119	0.00512	0.00389	0.00128	0.00320	0.00423	0.00384	0.00606
92	0.00999	0.68006	0.13211	0.00815	0.05464	0.04020	0.00790	0.01171	0.00798	0.00964	0.00566	0.00662	0.00497	0.00336	0.00272	0.00090	0.00443	0.00224	0.00166	0.00507
93	0.00887	0.11275	0.55516	0.01014	0.01466	0.00971	0.04310	0.04938	0.00850	0.05763	0.00724	0.00847	0.00536	0.00451	0.02414	0.00132	0.06870	0.00296	0.00192	0.00549
94	0.07556	0.00657	0.00861	0.00669	0.00956	0.00586	0.00551	0.02832	0.01069	0.75925	0.01453	0.03164	0.00945	0.00483	0.00378	0.00119	0.00323	0.00389	0.00455	0.00629
95	0.00678	0.00362	0.00379	0.00379	0.00450	0.00365	0.00269	0.00821	0.00750	0.01277	0.01234	0.01639	0.01061	0.17046	0.03841	0.00164	0.00248	0.00398	0.68306	0.00333
96	0.00630	0.00494	0.00608	0.00614	0.00711	0.00531	0.00457	0.01006	0.23166	0.01211	0.12835	0.30804	0.03046	0.01303	0.18101	0.00240	0.00410	0.03082	0.00343	0.00406
97	0.00954	0.00824	0.00867	0.00780	0.00997	0.00954	0.00607	0.02037	0.83441	0.01604	0.01561	0.01431	0.01170	0.00520	0.00390	0.00130	0.00303	0.00433	0.00390	0.00607
98	0.00769	0.01983	0.84538	0.01093	0.01659	0.00890	0.01417	0.01214	0.00810	0.01214	0.00688	0.00810	0.00486	0.00364	0.00364	0.00121	0.00567	0.00283	0.00162	0.00567
99	0.00543	0.00392	0.00513	0.00482	0.00573	0.00362	0.00362	0.00724	0.01085	0.01538	0.83931	0.02864	0.03618	0.00784	0.00452	0.00121	0.00181	0.00693	0.00422	0.00362
100	0.00573	0.00448	0.00664	0.00650	0.00712	0.00539	0.00510	0.00705	0.00614	0.00893	0.00982	0.01449	0.00919	0.02685	0.77770	0.00577	0.08353	0.00404	0.00202	0.00349
101	0.00825	0.00818	0.01148	0.00988	0.00991	0.01141	0.00822	0.00911	0.00589	0.00921	0.00528	0.00871	0.00525	0.00776	0.05246	0.00189	0.81786	0.00339	0.00170	0.00416
102	0.00499	0.00388	0.00452	0.00443	0.00547	0.00343	0.00330	0.00632	0.00960	0.01262	0.40737	0.07203	0.40752	0.02251	0.00479	0.00131	0.00194	0.01674	0.00385	0.00340
103	0.01025	0.86756	0.02009	0.00656	0.00984	0.01517	0.00656	0.01148	0.00779	0.00902	0.00533	0.00615	0.00492	0.00328	0.00246	0.00082	0.00410	0.00205	0.00164	0.00492
104	0.47601	0.00713	0.00673	0.00534	0.00820	0.00696	0.00434	0.01051	0.00720	0.01499	0.00603	0.00704	0.00487	0.00322	0.00259	0.00090	0.00291	0.00217	0.00233	0.42054
105	0.01009	0.09230	0.28644	0.01263	0.18523	0.17520	0.04003	0.04414	0.04320	0.02655	0.03545	0.00914	0.00665	0.00390	0.00370	0.00113	0.01361	0.00312	0.00208	0.00540
106	0.35506	0.25800	0.03064	0.00637	0.00911	0.04010	0.00566	0.04132	0.06051	0.12374	0.00759	0.00796	0.00580	0.00385	0.00295	0.00108	0.01458	0.00257	0.01819	0.00493

[dist]
# distance from previous block
# <min> <max>
0	1

[block]
# block no. 3 follows, 71 sequences, length 22
# corresponding to MSA columns:
# 226-247
name=unknown_D
#
# <colnr> <probs for GDERKNQSTAVLIFYWHMCP>
#	G	D	E	R	K	N	Q	S	T	A	V	L	I	F	Y	W	H	M	C	P
0	0.02664	0.01073	0.12556	0.07747	0.31097	0.03636	0.12449	0.08977	0.11236	0.01383	0.02883	0.01037	0.00721	0.00391	0.00388	0.00120	0.00477	0.00364	0.00235	0.00565
1	0.00868	0.33805	0.51735	0.00940	0.01413	0.01128	0.02914	0.01190	0.00800	0.01097	0.00632	0.00741	0.00490	0.00350	0.00322	0.00107	0.00510	0.00258	0.00163	0.00538
2	0.00939	0.00901	0.01538	0.06062	0.80503	0.00908	0.01172	0.01168	0.00868	0.01240	0.00719	0.00952	0.00603	0.00343	0.00380	0.00114	0.00458	0.00342	0.00189	0.00599
3	0.89233	0.00741	0.00564	0.00504	0.00741	0.00860	0.00415	0.01127	0.00653	0.01720	0.00534	0.00623	0.00415	0.00356	0.00237	0.00119	0.00297	0.00208	0.00237	0.00415
4	0.00543	0.00392	0.00513	0.00482	0.00573	0.00362	0.00362	0.00724	0.01085	0.01538	0.83931	0.02864	0.03618	0.00784	0.00452	0.00121	0.00181	0.00693	0.00422	0.00362
5	0.00543	0.00392	0.00513	0.00482	0.00573	0.00362	0.00362	0.00724	0.01085	0.01538	0.83931	0.02864	0.03618	0.00784	0.00452	0.00121	0.00181	0.00693	0.00422	0.00362
6	0.00555	0.00383	0.00478	0.00478	0.00498	0.00404	0.00306	0.00596	0.00575	0.00787	0.01154	0.02208	0.01263	0.61422	0.26876	0.00445	0.00568	0.00514	0.00224	0.00265
7	0.01421	0.01039	0.01112	0.00856	0.01153	0.01148	0.00706	0.78838	0.01754	0.02368	0.00937	0.00945	0.00668	0.00460	0.00378	0.00114	0.00410	0.00346	0.04710	0.00638
8	0.00769	0.01983	0.84538	0.01093	0.01659	0.00890	0.01417	0.01214	0.00810	0.01214	0.00688	0.00810	0.00486	0.00364	0.00364	0.00121	0.00567	0.00283	0.00162	0.00567
9	0.00609	0.00435	0.00608	0.00697	0.00781	0.00434	0.00603	0.00780	0.00874	0.01138	0.02035	0.08898	0.02225	0.01067	0.00527	0.00175	0.00346	0.77063	0.00353	0.00351
10	0.00867	0.03951	0.26133	0.01309	0.01715	0.00930	0.45561	0.02387	0.00876	0.03045	0.00924	0.01100	0.05211	0.00390	0.00449	0.00127	0.03894	0.00408	0.00201	0.00521
11	0.63294	0.00715	0.00660	0.00557	0.00812	0.00772	0.00459	0.01347	0.00784	0.26226	0.00824	0.00825	0.00573	0.00391	0.00281	0.00119	0.00305	0.00260	0.00308	0.00486
12	0.00489	0.00406	0.00461	0.04388	0.00643	0.00366	0.00359	0.00610	0.00885	0.01098	0.14244	0.03374	0.61977	0.01016	0.04597	0.00154	0.00254	0.03996	0.00349	0.00336
13	0.00806	0.01844	0.73162	0.01144	0.01684	0.00892	0.10785	0.01231	0.00827	0.03085	0.00717	0.00847	0.00507	0.00362	0.00375	0.00122	0.00570	0.00305	0.00173	0.00563
14	0.03876	0.06075	0.01108	0.00884	0.01120	0.33273	0.00703	0.26576	0.13986	0.03433	0.00855	0.00891	0.00656	0.00444	0.00399	0.00112	0.04472	0.00310	0.00289	0.00539
15	0.00984	0.04674	0.06701	0.01366	0.01728	0.05675	0.55607	0.05390	0.09353	0.03340	0.00856	0.01026	0.00640	0.00360	0.00421	0.00124	0.00581	0.00412	0.00227	0.00534
16	0.05072	0.00985	0.01067	0.00826	0.01117	0.02364	0.00679	0.59097	0.02662	0.10292	0.00930	0.00936	0.00663	0.00451	0.00403	0.00113	0.03721	0.00333	0.00362	0.07927
17	0.02774	0.02818	0.03314	0.00564	0.00634	0.00503	0.00419	0.07180	0.04699	0.00916	0.00793	0.01269	0.00758	0.09755	0.04712	0.57683	0.00380	0.00357	0.00204	0.00268
18	0.00773	0.06047	0.00661	0.00526	0.00610	0.00586	0.00361	0.11774	0.03434	0.04738	0.01145	0.02053	0.01195	0.60106	0.04193	0.00307	0.00398	0.00490	0.00263	0.00340
19	0.00544	0.00501	0.03060	0.02552	0.00752	0.00445	0.06214	0.00694	0.01857	0.01145	0.18777	0.19123	0.36714	0.00886	0.00487	0.00135	0.03582	0.01833	0.00341	0.00359
20	0.01063	0.00762	0.00882	0.00793	0.03504	0.02859	0.02220	0.17807	0.26904	0.13822	0.07122	0.11337	0.03603	0.00627	0.00413	0.00129	0.00334	0.04893	0.00382	0.00545
21	0.09978	0.07794	0.00847	0.00683	0.00846	0.11755	0.02431	0.05393	0.07728	0.05959	0.01241	0.01845	0.04901	0.12774	0.07939	0.03654	0.00454	0.13089	0.00277	0.00414

[dist]
# distance from previous block
# <min> <max>
0	1

[block]
# block no. 4 follows, 71 sequences, length 9
# corresponding to MSA columns:
# 249-257
name=unknown_E
#
# <colnr> <probs for GDERKNQSTAVLIFYWHMCP>
#	G	D	E	R	K	N	Q	S	T	A	V	L	I	F	Y	W	H	M	C	P
0	0.02693	0.02273	0.00721	0.07161	0.03463	0.04673	0.05335	0.00748	0.02812	0.01022	0.01665	0.55858	0.01901	0.03911	0.00524	0.01690	0.00317	0.02571	0.00306	0.00357
1	0.01052	0.03348	0.31681	0.04077	0.12867	0.07208	0.04319	0.01418	0.09227	0.16643	0.00920	0.00987	0.00664	0.00409	0.00405	0.00120	0.03504	0.00332	0.00251	0.00569
2	0.00923	0.00672	0.00900	0.01023	0.17682	0.02918	0.00675	0.11348	0.04373	0.10915	0.02636	0.12696	0.01297	0.01027	0.14036	0.00211	0.00472	0.13913	0.01800	0.00483
3	0.03060	0.00959	0.01889	0.08061	0.18159	0.00943	0.51671	0.05407	0.00920	0.01277	0.00767	0.01015	0.00592	0.00417	0.02994	0.00140	0.00590	0.00409	0.00203	0.00527
4	0.00753	0.00824	0.08731	0.54375	0.16345	0.00828	0.03833	0.01009	0.00791	0.01056	0.00801	0.07482	0.00682	0.00435	0.00391	0.00127	0.00489	0.00397	0.00188	0.00464
5	0.07606	0.00647	0.00858	0.00812	0.05706	0.00659	0.07761	0.05401	0.17566	0.11952	0.01700	0.24268	0.08786	0.00715	0.00420	0.00135	0.00321	0.03863	0.00346	0.00478
6	0.00631	0.00408	0.00542	0.00597	0.00667	0.00392	0.00445	0.00776	0.04511	0.08190	0.02018	0.56351	0.02263	0.01076	0.00485	0.00156	0.00265	0.19498	0.00367	0.00363
7	0.00589	0.00453	0.00622	0.00600	0.00636	0.00533	0.00442	0.00672	0.00592	0.00844	0.01020	0.01761	0.01048	0.31105	0.45761	0.00474	0.11871	0.00451	0.00210	0.00315
8	0.14630	0.05936	0.03094	0.02642	0.07072	0.00805	0.06262	0.07634	0.00907	0.16582	0.00819	0.00896	0.00613	0.00381	0.00383	0.00103	0.05582	0.00295	0.00271	0.25093

[dist]
# distance from previous block
# <min> <max>
0	1

[block]
# block no. 5 follows, 71 sequences, length 63
# corresponding to MSA columns:
# 259-321
name=unknown_F
#
# <colnr> <probs for GDERKNQSTAVLIFYWHMCP>
#	G	D	E	R	K	N	Q	S	T	A	V	L	I	F	Y	W	H	M	C	P
0	0.38797	0.08467	0.10861	0.02081	0.12086	0.06483	0.03093	0.05739	0.01657	0.01458	0.02851	0.00801	0.00576	0.00384	0.00337	0.00116	0.03233	0.00273	0.00223	0.00484
1	0.01442	0.01140	0.01131	0.00884	0.01176	0.09825	0.00722	0.73071	0.01712	0.02247	0.00892	0.00906	0.00641	0.00453	0.00378	0.00113	0.00446	0.00335	0.01861	0.00626
2	0.77173	0.00731	0.00604	0.00524	0.00771	0.00817	0.00431	0.01189	0.00700	0.09424	0.00632	0.00694	0.00472	0.00364	0.00253	0.00116	0.00299	0.00225	0.00259	0.04322
3	0.00548	0.00410	0.00610	0.00610	0.00677	0.00476	0.00472	0.00681	0.00615	0.00886	0.01032	0.01535	0.00971	0.05287	0.82611	0.00609	0.01008	0.00415	0.00206	0.00339
4	0.01093	0.00843	0.01153	0.42098	0.06445	0.00963	0.00904	0.32482	0.01195	0.07837	0.00838	0.01000	0.00604	0.00417	0.00383	0.00121	0.00460	0.00346	0.00276	0.00540
5	0.01408	0.01038	0.01122	0.00868	0.01162	0.01151	0.00715	0.78422	0.01739	0.02334	0.00926	0.00952	0.00669	0.00591	0.04948	0.00142	0.00455	0.00349	0.00374	0.00635
6	0.00788	0.01979	0.82130	0.01090	0.01646	0.03317	0.01397	0.01223	0.00817	0.01206	0.00685	0.00806	0.00486	0.00365	0.00364	0.00121	0.00570	0.00282	0.00163	0.00563
7	0.00938	0.00808	0.00854	0.00769	0.00981	0.00932	0.00598	0.01988	0.80367	0.01601	0.04634	0.01484	0.01262	0.00530	0.00392	0.00130	0.00299	0.00443	0.00391	0.00598
8	0.89233	0.00741	0.00564	0.00504	0.00741	0.00860	0.00415	0.01127	0.00653	0.01720	0.00534	0.00623	0.00415	0.00356	0.00237	0.00119	0.00297	0.00208	0.00237	0.00415
9	0.89233	0.00741	0.00564	0.00504	0.00741	0.00860	0.00415	0.01127	0.00653	0.01720	0.00534	0.00623	0.00415	0.00356	0.00237	0.00119	0.00297	0.00208	0.00237	0.00415
10	0.00467	0.00335	0.00443	0.00530	0.00555	0.00312	0.00354	0.00534	0.00738	0.00980	0.02161	0.84047	0.04733	0.01195	0.00488	0.00155	0.00222	0.01082	0.00356	0.00312
11	0.00817	0.00670	0.00765	0.00747	0.00912	0.00748	0.00606	0.01539	0.50687	0.01419	0.01749	0.04274	0.01588	0.00737	0.00445	0.00148	0.00320	0.30949	0.00375	0.00505
12	0.04692	0.02776	0.21655	0.01145	0.15885	0.03762	0.03128	0.18700	0.05082	0.11621	0.00876	0.00938	0.00638	0.00395	0.00363	0.00113	0.00446	0.00321	0.00273	0.07191
13	0.01225	0.01642	0.18507	0.01061	0.02909	0.47408	0.06328	0.05442	0.01017	0.04477	0.00675	0.00789	0.00527	0.00407	0.00419	0.00112	0.06065	0.00286	0.00208	0.00495
14	0.00467	0.00334	0.00445	0.00534	0.00556	0.00311	0.00356	0.00534	0.00734	0.00979	0.02113	0.86275	0.02536	0.01201	0.00489	0.00156	0.00222	0.01090	0.00356	0.00311
15	0.00726	0.00681	0.01142	0.83732	0.02603	0.00844	0.01051	0.00979	0.00767	0.00986	0.00681	0.01017	0.00512	0.00381	0.00381	0.00126	0.00506	0.00338	0.00172	0.02373
16	0.00878	0.05334	0.11651	0.01021	0.11240	0.04173	0.02337	0.05371	0.19551	0.01333	0.13874	0.02770	0.02165	0.00542	0.00547	0.00128	0.15879	0.00418	0.00277	0.00510
17	0.00467	0.00335	0.00444	0.00531	0.00555	0.00312	0.00355	0.00534	0.00737	0.00980	0.02147	0.84718	0.04071	0.01197	0.00489	0.00155	0.00222	0.01085	0.00356	0.00312
18	0.01014	0.08071	0.02265	0.02159	0.02025	0.02450	0.00661	0.11047	0.59346	0.01582	0.01310	0.01249	0.00992	0.00494	0.00408	0.00125	0.03469	0.00393	0.00350	0.00589
19	0.01347	0.01571	0.01026	0.02777	0.01153	0.66352	0.00699	0.05371	0.01084	0.05021	0.00825	0.00902	0.04736	0.00442	0.00372	0.01506	0.00611	0.00289	0.00228	0.03688
20	0.04200	0.37608	0.29775	0.00912	0.04451	0.06938	0.02262	0.02330	0.00838	0.05237	0.00654	0.00748	0.00518	0.00361	0.00325	0.00103	0.01768	0.00257	0.00188	0.00525
21	0.00889	0.08956	0.39423	0.05201	0.03829	0.00974	0.13657	0.04669	0.14890	0.02556	0.00859	0.00959	0.00636	0.00387	0.00374	0.00120	0.00505	0.00336	0.00221	0.00558
22	0.00458	0.00389	0.00395	0.00393	0.00521	0.00326	0.00295	0.00559	0.00885	0.01062	0.08086	0.03647	0.79760	0.00961	0.00453	0.00129	0.00194	0.00803	0.00360	0.00326
23	0.00799	0.00746	0.01244	0.55190	0.26964	0.00855	0.01061	0.02721	0.00834	0.01115	0.04309	0.01078	0.00678	0.00390	0.00385	0.00123	0.00478	0.00356	0.00192	0.00482
24	0.00952	0.14760	0.30038	0.01374	0.23265	0.02582	0.09531	0.05520	0.00896	0.04333	0.00738	0.01930	0.00581	0.00372	0.00373	0.00114	0.01559	0.00321	0.00199	0.00561
25	0.00556	0.00379	0.00456	0.00456	0.00469	0.00392	0.00280	0.00582	0.00569	0.00772	0.01173	0.02317	0.01310	0.70476	0.17887	0.00419	0.00497	0.00529	0.00227	0.00253
26	0.00825	0.00819	0.01148	0.00988	0.00992	0.01142	0.00822	0.00912	0.00589	0.00921	0.00528	0.00870	0.00525	0.00774	0.05157	0.00189	0.81875	0.00339	0.00170	0.00416
27	0.01056	0.02830	0.07701	0.08107	0.47531	0.00885	0.03892	0.04254	0.00918	0.14519	0.00839	0.00991	0.00640	0.00384	0.00413	0.00118	0.03752	0.00345	0.00237	0.00586
28	0.01145	0.21964	0.10560	0.00990	0.09415	0.03258	0.05050	0.23902	0.02526	0.09980	0.02041	0.05849	0.00771	0.00447	0.00357	0.00111	0.00430	0.00360	0.00280	0.00562
29	0.00919	0.00841	0.00843	0.05032	0.02053	0.18665	0.01986	0.11532	0.01016	0.02801	0.01413	0.08853	0.01436	0.00894	0.05493	0.00172	0.00478	0.34847	0.00304	0.00422
30	0.00548	0.00411	0.00616	0.00616	0.00685	0.00479	0.00479	0.00685	0.00616	0.00890	0.01027	0.01506	0.00959	0.02876	0.85006	0.00616	0.01027	0.00411	0.00205	0.00342
31	0.01004	0.00886	0.01091	0.39149	0.03985	0.07793	0.00861	0.24092	0.07444	0.01469	0.05107	0.01093	0.00769	0.00442	0.00398	0.00121	0.01989	0.00360	0.01441	0.00505
32	0.00980	0.00747	0.00873	0.02887	0.01008	0.00641	0.00526	0.15158	0.00992	0.07921	0.00787	0.00862	0.00611	0.00332	0.00312	0.00074	0.00317	0.00263	0.00272	0.64437
33	0.02560	0.48196	0.22971	0.00868	0.04221	0.03363	0.01994	0.06578	0.00859	0.01115	0.00620	0.00727	0.00515	0.00408	0.02088	0.00110	0.01855	0.00250	0.00182	0.00519
34	0.01432	0.01827	0.01087	0.00988	0.01185	0.84986	0.00741	0.01531	0.01087	0.00938	0.00593	0.00691	0.00494	0.00395	0.00346	0.00099	0.00691	0.00247	0.00198	0.00444
35	0.00484	0.00344	0.00446	0.00519	0.00555	0.00320	0.00354	0.00564	0.00762	0.01025	0.05761	0.71199	0.07362	0.02305	0.00499	0.00154	0.00223	0.03192	0.03617	0.00316
36	0.05414	0.02780	0.00479	0.00422	0.00540	0.02238	0.00327	0.05477	0.00852	0.01461	0.01156	0.01324	0.00910	0.00504	0.02559	0.00107	0.00238	0.00344	0.72487	0.00382
37	0.00498	0.00372	0.00463	0.00479	0.00555	0.00337	0.00344	0.00623	0.00924	0.01244	0.39508	0.30480	0.20843	0.00962	0.00465	0.00134	0.00197	0.00849	0.00386	0.00337
38	0.00466	0.00389	0.00406	0.00402	0.00526	0.00329	0.00301	0.00575	0.00904	0.01108	0.15375	0.03571	0.72442	0.00944	0.00453	0.00128	0.00192	0.00793	0.00366	0.00329
39	0.00484	0.00388	0.00433	0.00426	0.00538	0.00336	0.00318	0.00609	0.00941	0.01206	0.31270	0.06458	0.53410	0.00915	0.00454	0.00127	0.00191	0.00780	0.00379	0.00336
40	0.01022	0.00754	0.00807	0.00700	0.00908	0.00839	0.00551	0.16535	0.45274	0.05756	0.04243	0.01381	0.01113	0.00502	0.00367	0.00118	0.00297	0.00409	0.17864	0.00559
41	0.89233	0.00741	0.00564	0.00504	0.00741	0.00860	0.00415	0.01127	0.00653	0.01720	0.00534	0.00623	0.00415	0.00356	0.00237	0.00119	0.00297	0.00208	0.00237	0.00415
42	0.01338	0.05579	0.01103	0.00885	0.01123	0.35749	0.00702	0.29964	0.08134	0.04573	0.01905	0.01006	0.00720	0.01416	0.00398	0.00114	0.01810	0.02654	0.00294	0.00534
43	0.00520	0.00389	0.00482	0.00464	0.00560	0.00351	0.00346	0.00678	0.01025	0.01405	0.63025	0.06331	0.21329	0.00842	0.00454	0.00124	0.00185	0.00735	0.00405	0.00351
44	0.00943	0.34379	0.10141	0.00696	0.01044	0.07476	0.00662	0.02625	0.00832	0.01108	0.00622	0.00721	0.00526	0.00321	0.00284	0.00078	0.00397	0.00228	0.00196	0.36720
45	0.00849	0.01613	0.56743	0.01130	0.05407	0.00878	0.09265	0.03336	0.06755	0.03521	0.00788	0.00898	0.00572	0.00370	0.00371	0.00118	0.00522	0.00314	0.00201	0.06349
46	0.01091	0.37708	0.12514	0.00855	0.02387	0.09146	0.03495	0.14077	0.06104	0.03563	0.00774	0.00841	0.01898	0.00399	0.00355	0.00104	0.03643	0.00285	0.00229	0.00531
47	0.00778	0.05084	0.81520	0.01077	0.01635	0.00913	0.01389	0.01212	0.00808	0.01203	0.00682	0.00802	0.00486	0.00363	0.00360	0.00120	0.00561	0.00280	0.00162	0.00564
48	0.00482	0.00342	0.00442	0.00516	0.00538	0.00322	0.00339	0.00541	0.00712	0.00947	0.02009	0.71165	0.03871	0.14001	0.00709	0.00188	0.00246	0.01993	0.00337	0.00300
49	0.00479	0.00345	0.00455	0.00532	0.00566	0.00321	0.00365	0.00559	0.00771	0.01029	0.08154	0.73654	0.05619	0.01156	0.00487	0.00153	0.00224	0.04454	0.00361	0.00317
50	0.01867	0.10274	0.18581	0.05134	0.14871	0.07138	0.07689	0.14967	0.02009	0.11817	0.00827	0.00918	0.00610	0.00391	0.00374	0.00114	0.01274	0.00323	0.00252	0.00569
51	0.00626	0.00518	0.00554	0.00526	0.00671	0.00516	0.00399	0.03950	0.21527	0.01281	0.12262	0.09164	0.44881	0.00836	0.00438	0.00130	0.00230	0.00706	0.00373	0.00410
52	0.00589	0.00417	0.00564	0.00611	0.00698	0.00402	0.00504	0.00752	0.00928	0.02376	0.25440	0.11927	0.06292	0.00983	0.00498	0.00156	0.00284	0.45850	0.00375	0.00354
53	0.03928	0.04297	0.24735	0.01003	0.04331	0.04525	0.09044	0.13036	0.22138	0.03748	0.01052	0.03514	0.02028	0.00449	0.00379	0.00122	0.00451	0.00377	0.00277	0.00564
54	0.01949	0.13459	0.35632	0.03097	0.14120	0.04661	0.08448	0.02284	0.02053	0.08499	0.00803	0.00913	0.01653	0.00375	0.00360	0.00114	0.00504	0.00314	0.00208	0.00554
55	0.00560	0.00368	0.00428	0.00428	0.00445	0.00360	0.00257	0.00551	0.00598	0.00783	0.02943	0.02464	0.11610	0.61769	0.01671	0.13389	0.00340	0.00558	0.00241	0.00236
56	0.01025	0.86756	0.02009	0.00656	0.00984	0.01517	0.00656	0.01148	0.00779	0.00902	0.00533	0.00615	0.00492	0.00328	0.00246	0.00082	0.00410	0.00205	0.00164	0.00492
57	0.01275	0.16258	0.09096	0.00932	0.05294	0.24838	0.00777	0.16821	0.01107	0.13410	0.00850	0.01751	0.01727	0.00428	0.00383	0.00108	0.03834	0.00306	0.00266	0.00538
58	0.00950	0.02451	0.48606	0.01078	0.02481	0.03319	0.10017	0.10406	0.10389	0.05341	0.00858	0.00937	0.00617	0.00394	0.00378	0.00121	0.00518	0.00329	0.00232	0.00576
59	0.00479	0.00351	0.00452	0.00529	0.00565	0.00329	0.00358	0.00575	0.02940	0.01000	0.02237	0.77574	0.08860	0.01165	0.00484	0.00153	0.00222	0.01051	0.00357	0.00320
60	0.00848	0.03917	0.04645	0.00652	0.02301	0.00595	0.01341	0.03933	0.00845	0.04214	0.00793	0.03374	0.00679	0.00351	0.00309	0.00073	0.00314	0.02426	0.00242	0.68150
61	0.00986	0.12370	0.21241	0.00835	0.04201	0.02054	0.00787	0.07926	0.10786	0.11131	0.03980	0.04932	0.02407	0.00450	0.00354	0.00107	0.00391	0.00362	0.00278	0.14419
62	0.00728	0.03316	0.00676	0.00665	0.05263	0.00468	0.02159	0.01604	0.00788	0.11648	0.03942	0.35195	0.04513	0.18118	0.02989	0.00197	0.00322	0.04364	0.00322	0.02723

[dist]
# distance from previous block
# <min> <max>
2	7

[block]
# block no. 6 follows, 71 sequences, length 9
# corresponding to MSA columns:
# 329-337
name=unknown_G
#
