[name]
unknown

[dist]
# distance from previous block
# <min> <max>
0	216

[block]
# block no. 0 follows, 71 sequences, length 17
# corresponding to MSA columns:
# 245-261
name=unknown_A
#
# <colnr> <probs for GDERKNQSTAVLIFYWHMCP>
#	G	D	E	R	K	N	Q	S	T	A	V	L	I	F	Y	W	H	M	C	P
0	0.00769	0.00600	0.00727	0.00652	0.04364	0.00531	0.00486	0.02115	0.07898	0.06089	0.08946	0.06131	0.15165	0.00589	0.00394	0.00103	0.01854	0.06264	0.00309	0.36012
1	0.04237	0.22006	0.27276	0.00969	0.06739	0.02234	0.05460	0.07273	0.02987	0.08452	0.02202	0.00877	0.00628	0.00374	0.00336	0.00106	0.00453	0.00295	0.00228	0.06870
2	0.00941	0.13501	0.13085	0.01258	0.03929	0.01055	0.38869	0.08866	0.02650	0.01274	0.01798	0.02394	0.00640	0.00397	0.00468	0.00123	0.07633	0.00384	0.00211	0.00524
3	0.00536	0.00441	0.00491	0.00566	0.00601	0.06370	0.00383	0.00605	0.00759	0.00976	0.02004	0.80152	0.02390	0.01144	0.00479	0.00152	0.00256	0.01030	0.00345	0.00321
4	0.06874	0.00914	0.00996	0.00809	0.01069	0.04976	0.02982	0.39036	0.11932	0.14505	0.02825	0.02515	0.02004	0.00523	0.00390	0.00123	0.00388	0.06186	0.00372	0.00581
5	0.08832	0.05106	0.26120	0.00900	0.02625	0.06930	0.02500	0.17962	0.05125	0.09126	0.00925	0.06927	0.00742	0.00467	0.00387	0.00119	0.02726	0.00362	0.00273	0.01845
6	0.00484	0.00345	0.00451	0.00525	0.00554	0.00325	0.00355	0.00554	0.00738	0.00982	0.04307	0.69894	0.04868	0.09158	0.00626	0.00175	0.00241	0.04765	0.00346	0.00308
7	0.00787	0.00753	0.01041	0.00906	0.00940	0.01004	0.02022	0.00950	0.06482	0.00993	0.03592	0.03456	0.03000	0.03303	0.07730	0.00203	0.61814	0.00402	0.00207	0.00415
8	0.01083	0.62037	0.05703	0.00784	0.01114	0.07941	0.05658	0.09738	0.00919	0.01098	0.00600	0.00687	0.00514	0.00349	0.00286	0.00091	0.00455	0.00242	0.00191	0.00510
9	0.00805	0.00770	0.05852	0.00615	0.00960	0.00565	0.00523	0.01056	0.06641	0.01272	0.00744	0.00841	0.00606	0.00306	0.00296	0.00066	0.00302	0.00245	0.00235	0.77299
10	0.00949	0.00911	0.01556	0.02353	0.84133	0.00911	0.01177	0.01177	0.00873	0.01253	0.00721	0.00949	0.00607	0.00342	0.00380	0.00114	0.00456	0.00342	0.00190	0.00607
11	0.01429	0.06322	0.01196	0.00880	0.01176	0.09962	0.00726	0.69431	0.01666	0.02171	0.00863	0.00878	0.00626	0.00445	0.00371	0.00111	0.00449	0.00326	0.00351	0.00621
12	0.00517	0.00395	0.00489	0.00511	0.00601	0.00349	0.00368	0.00622	0.00824	0.01103	0.13306	0.44932	0.18893	0.00995	0.00458	0.00137	0.00225	0.05351	0.00351	0.09573
13	0.14580	0.00691	0.00973	0.13453	0.19854	0.00731	0.01584	0.02981	0.02249	0.17245	0.01063	0.05904	0.03090	0.03016	0.09266	0.00181	0.01972	0.00399	0.00273	0.00495
14	0.01132	0.00799	0.01995	0.01017	0.14616	0.08163	0.05300	0.05969	0.02503	0.26435	0.05226	0.09261	0.04817	0.05380	0.01771	0.00144	0.04154	0.00474	0.00327	0.00519
15	0.00520	0.00361	0.00450	0.00484	0.00504	0.00355	0.00309	0.00569	0.00670	0.00905	0.07409	0.36078	0.01977	0.40043	0.07389	0.00285	0.00347	0.00770	0.00293	0.00281
16	0.05030	0.02409	0.02122	0.05515	0.07320	0.06118	0.06985	0.07970	0.01809	0.10426	0.11056	0.07662	0.06367	0.00822	0.09547	0.00177	0.05216	0.00474	0.02513	0.00463

[dist]
# distance from previous block
# <min> <max>
4	10

[block]
# block no. 1 follows, 71 sequences, length 12
# corresponding to MSA columns:
# 272-283
name=unknown_B
#
# <colnr> <probs for GDERKNQSTAVLIFYWHMCP>
#	G	D	E	R	K	N	Q	S	T	A	V	L	I	F	Y	W	H	M	C	P
0	0.00699	0.00661	0.09146	0.00664	0.02597	0.00519	0.03757	0.04558	0.03238	0.05752	0.07340	0.17092	0.19535	0.10048	0.03470	0.00168	0.00338	0.01962	0.00310	0.08147
1	0.02508	0.27477	0.15987	0.01009	0.08932	0.08253	0.05900	0.08662	0.06135	0.05507	0.00789	0.02681	0.00639	0.00440	0.01749	0.00117	0.02141	0.00312	0.00227	0.00534
2	0.12983	0.04726	0.05438	0.07900	0.10022	0.21023	0.00776	0.10964	0.02482	0.09284	0.01987	0.00902	0.00629	0.00485	0.02549	0.00129	0.06659	0.00305	0.00250	0.00507
3	0.00484	0.00350	0.00435	0.00492	0.00527	0.00325	0.00325	0.00547	0.00734	0.00964	0.05009	0.57188	0.13669	0.16197	0.00741	0.00189	0.00243	0.00944	0.00336	0.00301
4	0.02536	0.00542	0.00715	0.00676	0.03798	0.00554	0.03562	0.09366	0.02732	0.10279	0.05534	0.12157	0.07579	0.09787	0.20180	0.00262	0.00476	0.00535	0.08312	0.00418
5	0.03792	0.07044	0.05943	0.02773	0.19784	0.07685	0.04309	0.10619	0.09210	0.12982	0.00928	0.02895	0.00725	0.00491	0.02038	0.00129	0.07470	0.00355	0.00272	0.00555
6	0.03569	0.03684	0.04865	0.05203	0.05152	0.10215	0.07702	0.07297	0.03417	0.07137	0.01155	0.13688	0.02343	0.05219	0.15494	0.00224	0.00541	0.02380	0.00266	0.00448
7	0.00476	0.00337	0.00442	0.00523	0.00543	0.00317	0.00344	0.00536	0.00718	0.00957	0.02029	0.78477	0.02430	0.09144	0.00626	0.00176	0.00236	0.01040	0.00344	0.00304
8	0.04151	0.05888	0.06029	0.02835	0.23816	0.15094	0.15163	0.04748	0.03775	0.06242	0.00756	0.00912	0.00595	0.00397	0.00451	0.00119	0.07940	0.00335	0.00221	0.00534
9	0.00970	0.00812	0.00865	0.00769	0.00981	0.00927	0.00599	0.10513	0.67882	0.01659	0.04622	0.05302	0.01270	0.00555	0.00396	0.00129	0.00308	0.00464	0.00389	0.00589
10	0.01145	0.48717	0.05415	0.00783	0.01084	0.13450	0.00722	0.16655	0.03517	0.01230	0.00652	0.00726	0.00543	0.00383	0.00333	0.00097	0.03558	0.00253	0.00217	0.00520
11	0.03942	0.02955	0.06386	0.04614	0.18164	0.00702	0.02194	0.03450	0.03692	0.08009	0.08694	0.14792	0.04185	0.04639	0.00492	0.00141	0.00373	0.00523	0.00308	0.11746

[dist]
# distance from previous block
# <min> <max>
0	1

[block]
# block no. 2 follows, 71 sequences, length 6
# corresponding to MSA columns:
# 285-290
name=unknown_C
#
# <colnr> <probs for GDERKNQSTAVLIFYWHMCP>
#	G	D	E	R	K	N	Q	S	T	A	V	L	I	F	Y	W	H	M	C	P
0	0.05158	0.08581	0.03180	0.07932	0.12005	0.17892	0.05804	0.11604	0.08294	0.06709	0.00875	0.04855	0.00715	0.00448	0.00405	0.00117	0.04293	0.00356	0.00257	0.00521
1	0.89233	0.00741	0.00564	0.00504	0.00741	0.00860	0.00415	0.01127	0.00653	0.01720	0.00534	0.00623	0.00415	0.00356	0.00237	0.00119	0.00297	0.00208	0.00237	0.00415
2	0.00462	0.00354	0.00424	0.00479	0.00542	0.00316	0.00332	0.00540	0.00787	0.01000	0.02780	0.55168	0.33212	0.01115	0.00476	0.00146	0.00212	0.00984	0.00356	0.00316
3	0.03493	0.19953	0.01281	0.00891	0.05929	0.13646	0.03679	0.19250	0.08815	0.05004	0.00952	0.00999	0.04520	0.00431	0.00371	0.00106	0.03200	0.00322	0.00270	0.06887
4	0.00865	0.13440	0.08765	0.00771	0.03422	0.03195	0.04492	0.06702	0.07359	0.06971	0.06471	0.15855	0.08792	0.00640	0.00395	0.00121	0.00356	0.05194	0.00301	0.05892
5	0.06799	0.08316	0.11444	0.00910	0.03636	0.05458	0.09930	0.10349	0.03764	0.07870	0.00891	0.06472	0.00755	0.02999	0.02395	0.00134	0.07062	0.00372	0.00254	0.10190

[dist]
# distance from previous block
# <min> <max>
1	25

[block]
# block no. 3 follows, 71 sequences, length 114
# corresponding to MSA columns:
# 316-429
name=unknown_D
#
# <colnr> <probs for GDERKNQSTAVLIFYWHMCP>
#	G	D	E	R	K	N	Q	S	T	A	V	L	I	F	Y	W	H	M	C	P
0	0.01825	0.03163	0.11622	0.02858	0.08567	0.03509	0.07169	0.08718	0.07779	0.03837	0.06256	0.16175	0.06923	0.01520	0.00450	0.00131	0.02453	0.04661	0.00292	0.02092
1	0.02063	0.16009	0.12366	0.00942	0.08835	0.03222	0.00779	0.10436	0.20163	0.05549	0.02001	0.06370	0.01820	0.00490	0.00415	0.00118	0.05545	0.00383	0.00279	0.02214
2	0.02114	0.08352	0.17651	0.02805	0.05962	0.03541	0.19507	0.12364	0.04253	0.10906	0.01864	0.04002	0.00740	0.01683	0.00420	0.00123	0.01644	0.00381	0.00260	0.01430
3	0.00724	0.00681	0.01150	0.85604	0.02641	0.00852	0.01065	0.00980	0.00767	0.00980	0.00681	0.01022	0.00511	0.00383	0.00383	0.00128	0.00511	0.00341	0.00170	0.00426
4	0.00660	0.00653	0.06717	0.05829	0.06208	0.00616	0.04700	0.00904	0.07206	0.01130	0.09196	0.04447	0.15692	0.04287	0.18027	0.00239	0.06723	0.01467	0.04891	0.00409
5	0.00939	0.03824	0.18037	0.06929	0.23871	0.06495	0.12104	0.05089	0.00890	0.04236	0.00832	0.04746	0.01731	0.00458	0.01323	0.00128	0.07250	0.00376	0.00211	0.00530
6	0.00854	0.02325	0.00928	0.11266	0.08323	0.07067	0.04494	0.01093	0.07886	0.09286	0.09787	0.06412	0.09245	0.03550	0.06344	0.00169	0.05068	0.03527	0.01930	0.00447
7	0.00553	0.00396	0.00546	0.00546	0.00590	0.00440	0.00392	0.00638	0.00594	0.00836	0.01084	0.01846	0.01104	0.31583	0.55257	0.01824	0.00792	0.00460	0.00214	0.00302
8	0.78391	0.02741	0.00677	0.00585	0.02182	0.03844	0.01713	0.03892	0.00717	0.01682	0.00556	0.00647	0.00433	0.00359	0.00252	0.00117	0.00325	0.00220	0.00238	0.00431
9	0.02057	0.24980	0.12297	0.10181	0.05629	0.00900	0.02109	0.02614	0.01961	0.11540	0.11335	0.03915	0.07965	0.00499	0.00359	0.00112	0.00383	0.00407	0.00267	0.00489
10	0.01432	0.01827	0.01087	0.00988	0.01185	0.84986	0.00741	0.01531	0.01087	0.00938	0.00593	0.00691	0.00494	0.00395	0.00346	0.00099	0.00691	0.00247	0.00198	0.00444
11	0.00805	0.00725	0.01182	0.40189	0.23950	0.00801	0.04379	0.03535	0.02737	0.02672	0.05693	0.01333	0.05176	0.04669	0.00470	0.00135	0.00449	0.00404	0.00221	0.00475
12	0.00465	0.00355	0.00427	0.00480	0.00543	0.00318	0.00333	0.00547	0.00797	0.01020	0.05858	0.53617	0.31653	0.01103	0.00475	0.00145	0.00211	0.00975	0.00358	0.00318
13	0.00794	0.00681	0.00800	0.01822	0.00934	0.00516	0.00463	0.00966	0.00795	0.01245	0.00681	0.00798	0.00567	0.00285	0.00285	0.00058	0.00287	0.00229	0.00226	0.87565
14	0.00837	0.01341	0.37528	0.01090	0.03720	0.02903	0.17125	0.03549	0.11542	0.02252	0.05887	0.03762	0.03478	0.00457	0.00398	0.00124	0.00490	0.01440	0.00240	0.01838
15	0.00816	0.00776	0.01294	0.49059	0.32103	0.00894	0.01085	0.01066	0.02174	0.01086	0.00700	0.00992	0.00557	0.00387	0.00433	0.00125	0.05437	0.00342	0.00181	0.00494
16	0.00902	0.02187	0.03847	0.02478	0.29408	0.00720	0.02215	0.05425	0.06604	0.08094	0.19533	0.02698	0.03461	0.00492	0.00389	0.00112	0.00350	0.00438	0.00298	0.10350
17	0.04785	0.00796	0.01052	0.02625	0.01137	0.00746	0.10325	0.14810	0.07646	0.18830	0.00970	0.00999	0.00704	0.00382	0.00350	0.00098	0.00366	0.00325	0.00313	0.32741
18	0.00954	0.00888	0.01521	0.08716	0.73474	0.00897	0.03009	0.01183	0.00872	0.03724	0.00743	0.00967	0.00610	0.00348	0.00382	0.00115	0.00460	0.00345	0.00197	0.00593
19	0.11990	0.00976	0.00996	0.00797	0.01077	0.03181	0.00648	0.49084	0.17808	0.02052	0.00976	0.00971	0.00716	0.00446	0.00359	0.00114	0.00380	0.00335	0.00351	0.06743
20	0.00545	0.00369	0.00420	0.00429	0.00436	0.00364	0.00247	0.00555	0.00587	0.00778	0.01401	0.10920	0.04676	0.74721	0.01748	0.00341	0.00350	0.00620	0.00249	0.00244
21	0.03113	0.00375	0.00482	0.00508	0.00536	0.00369	0.01683	0.00575	0.00643	0.00881	0.01536	0.35901	0.03278	0.31529	0.02545	0.12579	0.00316	0.02603	0.00277	0.00271
22	0.02234	0.00930	0.08160	0.24354	0.08891	0.00874	0.28867	0.03218	0.03478	0.09347	0.01968	0.01068	0.00659	0.00439	0.02330	0.00137	0.01920	0.00386	0.00226	0.00514
23	0.00466	0.00339	0.00440	0.00521	0.00553	0.00313	0.00350	0.00535	0.00746	0.00984	0.02270	0.78981	0.09729	0.01181	0.00486	0.00153	0.00220	0.01065	0.00356	0.00313
24	0.00885	0.00444	0.00534	0.00492	0.00631	0.00414	0.00386	0.01055	0.01854	0.20585	0.12372	0.06066	0.08811	0.00628	0.00368	0.00114	0.00232	0.06892	0.36812	0.00424
25	0.00637	0.00355	0.00516	0.03462	0.00578	0.00364	0.00355	0.00536	0.00537	0.00717	0.00855	0.04437	0.02079	0.11816	0.06497	0.65092	0.00380	0.00400	0.00187	0.00202
26	0.00800	0.10049	0.63491	0.01005	0.01495	0.00899	0.04540	0.01172	0.00824	0.03312	0.00940	0.01083	0.06085	0.00418	0.00367	0.00120	0.00519	0.02156	0.00189	0.00539
27	0.05025	0.00679	0.02371	0.00683	0.00976	0.00586	0.00571	0.01813	0.02947	0.76654	0.01470	0.02489	0.00948	0.00479	0.00381	0.00119	0.00327	0.00388	0.00456	0.00636
28	0.00542	0.00375	0.00471	0.00519	0.00546	0.00368	0.00358	0.00603	0.00686	0.00908	0.01679	0.29571	0.01939	0.40319	0.01169	0.00259	0.00320	0.18783	0.00299	0.00284
29	0.01057	0.01188	0.01551	0.01596	0.28453	0.24412	0.21742	0.01253	0.00901	0.01112	0.00669	0.00883	0.00555	0.00398	0.00512	0.00121	0.12552	0.00343	0.00190	0.00513
30	0.01025	0.86756	0.02009	0.00656	0.00984	0.01517	0.00656	0.01148	0.00779	0.00902	0.00533	0.00615	0.00492	0.00328	0.00246	0.00082	0.00410	0.00205	0.00164	0.00492
31	0.00911	0.00898	0.01607	0.13903	0.60169	0.00912	0.13623	0.01157	0.00863	0.01211	0.00724	0.00972	0.00590	0.00345	0.00391	0.00118	0.00492	0.00358	0.00188	0.00568
32	0.00718	0.00588	0.00659	0.00610	0.00761	0.00627	0.00466	0.01300	0.38820	0.01491	0.34162	0.05173	0.11668	0.00699	0.00425	0.00127	0.00240	0.00601	0.00398	0.00468
33	0.00531	0.00381	0.00518	0.00604	0.00657	0.00367	0.00466	0.00645	0.00800	0.01052	0.02114	0.49582	0.04073	0.01136	0.00506	0.00164	0.00278	0.35440	0.00355	0.00329
34	0.00470	0.00416	0.01794	0.00441	0.00565	0.00342	0.01509	0.00575	0.00861	0.01051	0.06367	0.14988	0.67329	0.00977	0.00457	0.00133	0.00210	0.00830	0.00353	0.00330
35	0.00480	0.00359	0.00450	0.00514	0.00571	0.00328	0.00366	0.00568	0.00790	0.01020	0.04135	0.56222	0.22520	0.01122	0.00484	0.00151	0.00228	0.09015	0.00357	0.00320
36	0.00467	0.00334	0.00445	0.00534	0.00556	0.00311	0.00356	0.00534	0.00734	0.00979	0.02113	0.86275	0.02536	0.01201	0.00489	0.00156	0.00222	0.01090	0.00356	0.00311
37	0.01177	0.00910	0.00973	0.00805	0.01057	0.01019	0.00650	0.42870	0.34325	0.01980	0.01295	0.01327	0.02826	0.00517	0.00389	0.00123	0.00358	0.03294	0.03499	0.00605
38	0.04700	0.00438	0.00517	0.00474	0.00610	0.00396	0.00364	0.00820	0.00992	0.11457	0.41591	0.02866	0.31758	0.00793	0.00435	0.00123	0.00209	0.00675	0.00397	0.00386
39	0.04713	0.00688	0.00899	0.00691	0.00987	0.00622	0.00571	0.08092	0.01137	0.75226	0.01433	0.01252	0.00908	0.00469	0.00380	0.00118	0.00333	0.00376	0.00459	0.00644
40	0.01720	0.00653	0.00890	0.00682	0.00979	0.00564	0.00564	0.01869	0.01097	0.84399	0.01513	0.01305	0.00949	0.00475	0.00386	0.00119	0.00326	0.00386	0.00475	0.00653
41	0.00554	0.00398	0.00487	0.00464	0.00570	0.00356	0.00348	0.00706	0.01014	0.04140	0.55633	0.05578	0.26655	0.00840	0.00451	0.00124	0.00191	0.00729	0.00403	0.00359
42	0.00513	0.00391	0.00471	0.00451	0.00554	0.00349	0.00338	0.00666	0.01015	0.01370	0.57156	0.03140	0.30498	0.00846	0.00453	0.00124	0.00185	0.00732	0.00400	0.00349
43	0.01458	0.01074	0.01151	0.00882	0.01189	0.01189	0.00729	0.82855	0.01803	0.02416	0.00921	0.00921	0.00652	0.00460	0.00384	0.00115	0.00422	0.00345	0.00384	0.00652
44	0.00507	0.00351	0.00436	0.00489	0.00503	0.00338	0.00309	0.00548	0.00663	0.00884	0.01738	0.50428	0.02059	0.36466	0.01094	0.00245	0.00286	0.02072	0.00305	0.00279
45	0.01462	0.00629	0.00827	0.00661	0.00914	0.00568	0.00535	0.06079	0.03495	0.62320	0.09377	0.07380	0.02842	0.00564	0.00400	0.00122	0.00307	0.00471	0.00452	0.00594
46	0.00467	0.00334	0.00445	0.00534	0.00556	0.00311	0.00356	0.00534	0.00734	0.00979	0.02113	0.86275	0.02536	0.01201	0.00489	0.00156	0.00222	0.01090	0.00356	0.00311
47	0.89233	0.00741	0.00564	0.00504	0.00741	0.00860	0.00415	0.01127	0.00653	0.01720	0.00534	0.00623	0.00415	0.00356	0.00237	0.00119	0.00297	0.00208	0.00237	0.00415
48	0.00478	0.00340	0.00446	0.00529	0.00559	0.00317	0.00359	0.00552	0.00746	0.00998	0.02158	0.78373	0.05652	0.01169	0.00484	0.00154	0.00224	0.03544	0.02607	0.00314
49	0.00548	0.00411	0.00616	0.00616	0.00685	0.00479	0.00479	0.00685	0.00616	0.00890	0.01027	0.01506	0.00959	0.02876	0.85006	0.00616	0.01027	0.00411	0.00205	0.00342
50	0.00772	0.01873	0.76443	0.01118	0.01658	0.00882	0.07355	0.01199	0.00815	0.01210	0.00729	0.02921	0.00543	0.00382	0.00374	0.00123	0.00564	0.00316	0.00169	0.00557
51	0.00925	0.00690	0.00777	0.00708	0.00890	0.00760	0.00545	0.04490	0.49900	0.09772	0.06343	0.15323	0.01483	0.00759	0.04682	0.00157	0.00326	0.00546	0.00385	0.00537
52	0.00534	0.00364	0.00443	0.00466	0.00482	0.00361	0.00290	0.00558	0.00618	0.00824	0.01515	0.23889	0.05110	0.50719	0.07902	0.04342	0.00375	0.00683	0.00264	0.00262
53	0.69838	0.00687	0.00565	0.00515	0.00719	0.00788	0.00412	0.01098	0.04970	0.01591	0.02050	0.00950	0.00640	0.07026	0.03532	0.00157	0.00326	0.01437	0.02293	0.00406
54	0.00935	0.01142	0.12374	0.01458	0.01855	0.00968	0.62992	0.06523	0.04307	0.02322	0.00815	0.01018	0.00603	0.00347	0.00434	0.00127	0.00604	0.00423	0.00214	0.00537
55	0.15548	0.08138	0.03337	0.00586	0.00915	0.00680	0.00499	0.02562	0.00789	0.01319	0.00649	0.00754	0.00535	0.00305	0.00277	0.00072	0.00308	0.00226	0.00224	0.62276
56	0.00961	0.02246	0.00836	0.00639	0.00923	0.00653	0.00511	0.04348	0.20351	0.12211	0.07790	0.01181	0.01010	0.00412	0.00339	0.00090	0.00293	0.00338	0.00318	0.44550
57	0.00796	0.02535	0.54574	0.01104	0.01546	0.00870	0.14065	0.01173	0.02189	0.02573	0.01728	0.02299	0.00707	0.01806	0.00464	0.00133	0.05160	0.05554	0.00195	0.00527
58	0.00579	0.00461	0.00674	0.01807	0.00735	0.00554	0.00516	0.00703	0.00626	0.00901	0.01080	0.07458	0.02241	0.03812	0.64907	0.00510	0.11416	0.00457	0.00214	0.00349
59	0.01025	0.86756	0.02009	0.00656	0.00984	0.01517	0.00656	0.01148	0.00779	0.00902	0.00533	0.00615	0.00492	0.00328	0.00246	0.00082	0.00410	0.00205	0.00164	0.00492
60	0.01105	0.26348	0.07022	0.00704	0.01022	0.03332	0.00644	0.07273	0.00928	0.17493	0.02056	0.00890	0.00666	0.00408	0.01315	0.00098	0.03656	0.00278	0.00263	0.24498
61	0.00807	0.12729	0.70811	0.01058	0.01587	0.00973	0.04513	0.01206	0.00809	0.01175	0.00672	0.00794	0.00490	0.00358	0.00353	0.00117	0.00550	0.00280	0.00163	0.00555
62	0.84564	0.00773	0.00594	0.00530	0.00760	0.03086	0.00435	0.01132	0.00662	0.01678	0.00535	0.00630	0.00420	0.00365	0.00267	0.00119	0.02585	0.00212	0.00234	0.00416
63	0.01113	0.01277	0.02544	0.09040	0.22056	0.38616	0.00865	0.01351	0.08137	0.01099	0.02473	0.03132	0.00721	0.00441	0.00413	0.00114	0.04514	0.01385	0.00219	0.00492
64	0.00850	0.00919	0.13140	0.01238	0.28908	0.00687	0.00830	0.01076	0.00849	0.04184	0.04925	0.02424	0.02694	0.00377	0.00347	0.00094	0.00376	0.00330	0.00229	0.35525
65	0.00512	0.00483	0.04635	0.00551	0.01589	0.00387	0.02538	0.00640	0.00851	0.01077	0.07152	0.22639	0.44583	0.00971	0.00465	0.00140	0.00251	0.09847	0.00344	0.00346
66	0.00867	0.00714	0.00884	0.02163	0.09433	0.00615	0.00561	0.01168	0.12023	0.05216	0.03340	0.00987	0.00762	0.00347	0.00320	0.00079	0.00307	0.00290	0.00262	0.59662
67	0.00968	0.00969	0.01619	0.04962	0.63269	0.04928	0.13523	0.02861	0.00903	0.01248	0.00726	0.00952	0.00596	0.00345	0.00389	0.00116	0.00497	0.00354	0.00194	0.00581
68	0.00533	0.00386	0.00503	0.00484	0.00570	0.00356	0.00359	0.00701	0.01047	0.01471	0.74059	0.10571	0.05863	0.00828	0.00456	0.00124	0.00185	0.00733	0.00414	0.00356
69	0.00957	0.63487	0.23475	0.00783	0.01174	0.01346	0.02025	0.01166	0.00789	0.00988	0.00577	0.00672	0.00492	0.00337	0.00280	0.00093	0.00454	0.00229	0.00164	0.00512
70	0.00657	0.00339	0.00508	0.00508	0.00514	0.00344	0.00344	0.00514	0.00508	0.00683	0.00694	0.01192	0.00689	0.01451	0.07937	0.82042	0.00387	0.00339	0.00169	0.00180
71	0.00517	0.00391	0.00476	0.00455	0.00557	0.00351	0.00341	0.00673	0.01024	0.01391	0.60580	0.03105	0.27060	0.00838	0.00452	0.00123	0.00185	0.00727	0.00403	0.00351
72	0.00779	0.05270	0.81339	0.01076	0.01633	0.00915	0.01387	0.01212	0.00808	0.01202	0.00682	0.00802	0.00486	0.00363	0.00360	0.00120	0.00561	0.00280	0.00162	0.00564
73	0.89233	0.00741	0.00564	0.00504	0.00741	0.00860	0.00415	0.01127	0.00653	0.01720	0.00534	0.00623	0.00415	0.00356	0.00237	0.00119	0.00297	0.00208	0.00237	0.00415
74	0.00534	0.00387	0.00493	0.00474	0.00564	0.00355	0.00353	0.00699	0.01035	0.01451	0.69033	0.08509	0.10884	0.00821	0.00450	0.00123	0.00185	0.00722	0.02574	0.00355
75	0.01720	0.00653	0.00890	0.00682	0.00979	0.00564	0.00564	0.01869	0.01097	0.84399	0.01513	0.01305	0.00949	0.00475	0.00386	0.00119	0.00326	0.00386	0.00475	0.00653
76	0.00453	0.00388	0.00388	0.00388	0.00518	0.00324	0.00291	0.00550	0.00874	0.01036	0.03884	0.03690	0.83978	0.00971	0.00453	0.00129	0.00194	0.00809	0.00356	0.00324
77	0.00536	0.00400	0.00511	0.00574	0.00657	0.00377	0.00461	0.00662	0.00841	0.01071	0.02549	0.23571	0.24754	0.02206	0.00518	0.00161	0.00279	0.39185	0.00353	0.00333
78	0.00594	0.00423	0.00512	0.00499	0.00609	0.00392	0.00378	0.00781	0.05199	0.05442	0.37078	0.11227	0.26825	0.02291	0.00480	0.00135	0.00217	0.06159	0.00389	0.00370
79	0.01720	0.00653	0.00890	0.00682	0.00979	0.00564	0.00564	0.01869	0.01097	0.84399	0.01513	0.01305	0.00949	0.00475	0.00386	0.00119	0.00326	0.00386	0.00475	0.00653
80	0.00521	0.00391	0.00482	0.00459	0.00559	0.00352	0.00344	0.00681	0.01033	0.01414	0.64237	0.03067	0.23389	0.00830	0.00452	0.00123	0.00184	0.00722	0.00406	0.00352
81	0.00759	0.00430	0.00549	0.00515	0.00635	0.00386	0.00385	0.00890	0.00955	0.18160	0.32506	0.21239	0.13958	0.03426	0.00487	0.00136	0.00227	0.00721	0.03237	0.00400
82	0.00520	0.00405	0.00474	0.00454	0.00565	0.00367	0.00341	0.00698	0.03834	0.01334	0.48318	0.03153	0.36439	0.00851	0.00450	0.00125	0.00191	0.00732	0.00394	0.00355
83	0.00541	0.00392	0.00510	0.00481	0.00572	0.00361	0.00361	0.00721	0.01082	0.01529	0.82604	0.02878	0.04950	0.00787	0.00452	0.00121	0.00181	0.00695	0.00421	0.00361
84	0.00558	0.00416	0.00521	0.00490	0.00592	0.00392	0.00369	0.00782	0.05778	0.01493	0.71515	0.02862	0.11210	0.00787	0.00449	0.00122	0.00189	0.00690	0.00414	0.00372
85	0.00511	0.00370	0.00472	0.00513	0.00566	0.00347	0.00358	0.02052	0.00845	0.01138	0.22577	0.50999	0.08940	0.05916	0.00560	0.00157	0.00225	0.02760	0.00366	0.00327
86	0.00543	0.00392	0.00513	0.00482	0.00573	0.00362	0.00362	0.00724	0.01085	0.01538	0.83931	0.02864	0.03618	0.00784	0.00452	0.00121	0.00181	0.00693	0.00422	0.00362
87	0.72596	0.00796	0.00665	0.00572	0.00819	0.00914	0.00470	0.13713	0.03788	0.01823	0.00630	0.00697	0.00479	0.00378	0.00265	0.00118	0.00316	0.00237	0.00265	0.00458
88	0.06297	0.00708	0.00904	0.00697	0.00991	0.00654	0.00575	0.11512	0.01158	0.70244	0.01390	0.01223	0.00885	0.00467	0.00378	0.00118	0.00336	0.00371	0.00451	0.00640
89	0.03208	0.00553	0.00721	0.00600	0.00810	0.00494	0.00477	0.02866	0.01046	0.47863	0.20508	0.10007	0.07880	0.00649	0.00412	0.00123	0.00274	0.00550	0.00435	0.00523
90	0.01432	0.01827	0.01087	0.00988	0.01185	0.84986	0.00741	0.01531	0.01087	0.00938	0.00593	0.00691	0.00494	0.00395	0.00346	0.00099	0.00691	0.00247	0.00198	0.00444
91	0.01032	0.85232	0.01993	0.00662	0.00988	0.03014	0.00658	0.01155	0.00785	0.00903	0.00534	0.00616	0.00492	0.00329	0.00248	0.00082	0.00415	0.00206	0.00165	0.00491
92	0.00560	0.00401	0.00592	0.00592	0.00649	0.00458	0.00449	0.00658	0.00601	0.00859	0.01004	0.01540	0.00959	0.08297	0.71462	0.09067	0.00917	0.00413	0.00203	0.00318
93	0.00962	0.01128	0.03388	0.01536	0.01907	0.09279	0.72328	0.02316	0.00933	0.01215	0.00758	0.00995	0.00573	0.00333	0.00440	0.00126	0.00647	0.00428	0.00196	0.00512
94	0.00949	0.00911	0.01556	0.02353	0.84133	0.00911	0.01177	0.01177	0.00873	0.01253	0.00721	0.00949	0.00607	0.00342	0.00380	0.00114	0.00456	0.00342	0.00190	0.00607
95	0.00769	0.01983	0.84538	0.01093	0.01659	0.00890	0.01417	0.01214	0.00810	0.01214	0.00688	0.00810	0.00486	0.00364	0.00364	0.00121	0.00567	0.00283	0.00162	0.00567
96	0.00653	0.00579	0.00947	0.42136	0.09384	0.00652	0.03136	0.00836	0.00771	0.01015	0.01247	0.32690	0.01309	0.00695	0.00427	0.00138	0.00399	0.02340	0.00245	0.00401
97	0.00901	0.01026	0.02237	0.03513	0.02018	0.00967	0.80896	0.01223	0.00902	0.01223	0.00774	0.01034	0.00580	0.00325	0.00451	0.00129	0.00643	0.00450	0.00193	0.00515
98	0.00558	0.00372	0.00418	0.00418	0.00418	0.00372	0.00232	0.00558	0.00558	0.00743	0.01208	0.02509	0.01394	0.86525	0.01952	0.00372	0.00372	0.00558	0.00232	0.00232
99	0.01360	0.00682	0.00932	0.00850	0.08506	0.00642	0.02114	0.09044	0.04603	0.48641	0.10661	0.03162	0.01295	0.00542	0.00404	0.00123	0.00335	0.05101	0.00417	0.00588
100	0.00952	0.00988	0.02982	0.17880	0.54793	0.09942	0.03365	0.01176	0.00871	0.01161	0.00698	0.00933	0.00572	0.00360	0.00391	0.00116	0.01749	0.00333	0.00186	0.00550
101	0.00467	0.00334	0.00445	0.00534	0.00556	0.00311	0.00356	0.00534	0.00734	0.00979	0.02113	0.86275	0.02536	0.01201	0.00489	0.00156	0.00222	0.01090	0.00356	0.00311
102	0.01435	0.01755	0.01093	0.00978	0.01186	0.76926	0.00740	0.09353	0.01155	0.01081	0.00624	0.00713	0.00509	0.00401	0.00349	0.00100	0.00666	0.00256	0.00215	0.00464
103	0.01256	0.00951	0.07296	0.16608	0.12330	0.05236	0.04245	0.17173	0.02292	0.27243	0.01003	0.01054	0.00697	0.00420	0.00383	0.00119	0.00445	0.00352	0.00314	0.00581
104	0.00935	0.00908	0.01590	0.02240	0.74458	0.00902	0.08286	0.01170	0.00876	0.01247	0.00765	0.01058	0.00653	0.00362	0.00390	0.00117	0.00469	0.02786	0.00195	0.00592
105	0.00924	0.00977	0.07598	0.06648	0.73813	0.00906	0.01188	0.01169	0.00863	0.01235	0.00717	0.00943	0.00593	0.00345	0.00379	0.00115	0.00467	0.00337	0.00187	0.00595
106	0.00928	0.15600	0.46876	0.01065	0.05798	0.05285	0.05400	0.05118	0.03831	0.04083	0.00758	0.02252	0.00581	0.00384	0.00354	0.00114	0.00515	0.00306	0.00200	0.00552
107	0.01087	0.65621	0.05472	0.00739	0.01051	0.16836	0.00704	0.01240	0.02524	0.00937	0.00572	0.00654	0.00506	0.00346	0.00273	0.00088	0.00467	0.00221	0.00175	0.00489
108	0.02413	0.02722	0.01148	0.72862	0.02403	0.02606	0.01003	0.05347	0.03781	0.01089	0.00718	0.01008	0.00540	0.00391	0.00377	0.00125	0.00496	0.00337	0.00191	0.00446
109	0.00866	0.09977	0.38570	0.02747	0.18587	0.01860	0.10534	0.03518	0.02090	0.01228	0.02149	0.01053	0.00668	0.00395	0.00376	0.00119	0.00514	0.04006	0.00195	0.00548
110	0.00542	0.00438	0.00553	0.02153	0.06702	0.00404	0.00412	0.00704	0.02849	0.01254	0.34636	0.11822	0.34404	0.00855	0.00449	0.00128	0.00219	0.00742	0.00367	0.00366
111	0.00522	0.00457	0.02395	0.04128	0.00668	0.00399	0.00381	0.00696	0.04539	0.01186	0.24948	0.03146	0.50303	0.03942	0.00499	0.00136	0.00224	0.00720	0.00358	0.00353
112	0.00665	0.00525	0.00592	0.00567	0.02171	0.06574	0.00416	0.00856	0.02975	0.04522	0.68128	0.04080	0.04964	0.00741	0.00440	0.00120	0.00232	0.00647	0.00400	0.00387
113	0.00511	0.00408	0.00467	0.00472	0.00563	0.01764	0.00346	0.00624	0.00860	0.01113	0.22114	0.14748	0.36830	0.06358	0.10043	0.00200	0.00309	0.01595	0.00345	0.00330

[dist]
# distance from previous block
# <min> <max>
3	5

[block]
# block no. 4 follows, 71 sequences, length 33
# corresponding to MSA columns:
# 435-467
name=unknown_E
#
# <colnr> <probs for GDERKNQSTAVLIFYWHMCP>
#	G	D	E	R	K	N	Q	S	T	A	V	L	I	F	Y	W	H	M	C	P
0	0.01000	0.12331	0.17210	0.01011	0.07679	0.06066	0.09483	0.12639	0.03964	0.07358	0.03069	0.09723	0.02163	0.00531	0.01664	0.00126	0.01616	0.00419	0.01426	0.00524
1	0.00828	0.03457	0.30805	0.01326	0.20689	0.00821	0.12776	0.01158	0.04384	0.03779	0.06544	0.09774	0.00993	0.00476	0.00398	0.00123	0.00468	0.00439	0.00230	0.00532
2	0.00774	0.00804	0.07260	0.03112	0.10936	0.00777	0.14553	0.04420	0.05041	0.01211	0.06646	0.15785	0.03815	0.00660	0.00574	0.00140	0.14736	0.06685	0.01613	0.00457
3	0.00595	0.00691	0.15005	0.00763	0.05079	0.00494	0.02294	0.00776	0.00822	0.01138	0.14678	0.32053	0.02033	0.04026	0.05723	0.00181	0.00369	0.12585	0.00307	0.00388
4	0.00579	0.00464	0.00497	0.00466	0.00605	0.00428	0.00355	0.09004	0.02294	0.01270	0.17254	0.05759	0.57864	0.00887	0.00446	0.00127	0.00218	0.00745	0.00371	0.00368
5	0.02925	0.01039	0.01098	0.00911	0.05366	0.05713	0.00705	0.58269	0.05373	0.02073	0.00884	0.00911	0.00650	0.00429	0.00366	0.00107	0.00413	0.00326	0.00341	0.12103
6	0.00527	0.00466	0.00464	0.00456	0.00576	0.04832	0.00342	0.00640	0.00896	0.01098	0.16244	0.05364	0.58268	0.01062	0.06897	0.00164	0.00283	0.00738	0.00347	0.00337
7	0.02494	0.09546	0.05287	0.00834	0.02949	0.03993	0.00695	0.02797	0.00711	0.05844	0.00783	0.01097	0.00703	0.03368	0.28574	0.00300	0.29044	0.00347	0.00207	0.00429
8	0.01065	0.65634	0.03378	0.00767	0.01068	0.13396	0.04065	0.01197	0.00820	0.00927	0.00553	0.00657	0.00496	0.00354	0.00317	0.00091	0.04331	0.00229	0.00170	0.00484
9	0.00502	0.00355	0.00459	0.00513	0.00563	0.00326	0.00354	0.00593	0.00814	0.02665	0.15975	0.62298	0.10970	0.01094	0.00478	0.00146	0.00215	0.00982	0.00369	0.00328
10	0.00519	0.00374	0.00499	0.00564	0.00615	0.00358	0.00413	0.00647	0.02468	0.01117	0.15651	0.54631	0.02623	0.01091	0.00489	0.00153	0.00243	0.16844	0.00367	0.00334
11	0.00584	0.00401	0.00526	0.00489	0.00587	0.00369	0.00369	0.00764	0.01086	0.04452	0.81032	0.02809	0.03524	0.00773	0.00450	0.00121	0.00186	0.00683	0.00424	0.00372
12	0.89233	0.00741	0.00564	0.00504	0.00741	0.00860	0.00415	0.01127	0.00653	0.01720	0.00534	0.00623	0.00415	0.00356	0.00237	0.00119	0.00297	0.00208	0.00237	0.00415
13	0.01025	0.86756	0.02009	0.00656	0.00984	0.01517	0.00656	0.01148	0.00779	0.00902	0.00533	0.00615	0.00492	0.00328	0.00246	0.00082	0.00410	0.00205	0.00164	0.00492
14	0.00476	0.00367	0.00435	0.00465	0.00544	0.00326	0.00331	0.00578	0.00860	0.01112	0.19012	0.36225	0.35842	0.01025	0.00467	0.00138	0.00203	0.00897	0.00369	0.00326
15	0.00485	0.00383	0.00439	0.00467	0.00557	0.00343	0.00339	0.00607	0.02941	0.01085	0.11184	0.31510	0.43702	0.01022	0.00466	0.00139	0.00210	0.03426	0.00363	0.00331
16	0.02226	0.03216	0.03536	0.00882	0.05776	0.16873	0.00680	0.22224	0.06962	0.06881	0.07629	0.03357	0.01046	0.00713	0.07324	0.00159	0.03169	0.04053	0.02786	0.00511
17	0.00479	0.00344	0.00454	0.00523	0.00558	0.00320	0.00355	0.00564	0.00793	0.01069	0.15190	0.71203	0.04463	0.01130	0.00483	0.00150	0.00215	0.01021	0.00366	0.00320
18	0.00913	0.01236	0.22309	0.01530	0.11148	0.00926	0.49947	0.01247	0.00886	0.04902	0.00781	0.00981	0.00577	0.00342	0.00420	0.00125	0.00591	0.00396	0.00198	0.00545
19	0.00925	0.00796	0.00850	0.00747	0.00976	0.00886	0.00583	0.01876	0.71480	0.01560	0.03463	0.01389	0.01158	0.00498	0.00379	0.00121	0.00298	0.00415	0.00371	0.11230
20	0.89233	0.00741	0.00564	0.00504	0.00741	0.00860	0.00415	0.01127	0.00653	0.01720	0.00534	0.00623	0.00415	0.00356	0.00237	0.00119	0.00297	0.00208	0.00237	0.00415
21	0.00991	0.75565	0.12904	0.00714	0.01073	0.01434	0.00756	0.01157	0.00783	0.00943	0.00554	0.00641	0.00491	0.00333	0.00262	0.00087	0.00431	0.00215	0.00164	0.00502
22	0.00524	0.00394	0.00486	0.00472	0.00573	0.00357	0.00360	0.00681	0.01014	0.01374	0.56440	0.03190	0.25411	0.00854	0.00458	0.00127	0.00196	0.06338	0.00399	0.00351
23	0.00532	0.00390	0.00477	0.00473	0.00570	0.00351	0.00353	0.00672	0.00968	0.02978	0.44153	0.14061	0.27861	0.00899	0.00459	0.00130	0.00200	0.03733	0.00392	0.00349
24	0.00795	0.00681	0.00795	0.00568	0.00909	0.00511	0.00454	0.00965	0.00795	0.01249	0.00681	0.00795	0.00568	0.00284	0.00284	0.00057	0.00284	0.00227	0.00227	0.88869
25	0.01459	0.00618	0.00806	0.00640	0.00892	0.00561	0.00521	0.04273	0.04814	0.61425	0.09544	0.01464	0.01214	0.00504	0.00380	0.00116	0.00299	0.00414	0.09463	0.00592
26	0.01025	0.86756	0.02009	0.00656	0.00984	0.01517	0.00656	0.01148	0.00779	0.00902	0.00533	0.00615	0.00492	0.00328	0.00246	0.00082	0.00410	0.00205	0.00164	0.00492
27	0.16544	0.00626	0.00650	0.00548	0.00744	0.00657	0.00441	0.18638	0.01039	0.15199	0.01097	0.01159	0.00807	0.00438	0.00307	0.00105	0.00275	0.00333	0.39914	0.00479
28	0.00498	0.00388	0.00453	0.00442	0.00547	0.00342	0.00329	0.00636	0.00973	0.01284	0.43787	0.07014	0.40154	0.00888	0.00454	0.00126	0.00189	0.00764	0.00389	0.00342
29	0.00481	0.00344	0.00461	0.00550	0.00578	0.00323	0.00380	0.00558	0.00748	0.00994	0.02106	0.78789	0.02506	0.01188	0.00493	0.00158	0.00234	0.08440	0.00356	0.00315
30	0.00522	0.00397	0.00475	0.00467	0.00565	0.00362	0.00349	0.00676	0.02413	0.01288	0.44066	0.06939	0.29700	0.05306	0.00535	0.00141	0.00208	0.04862	0.00384	0.00344
31	0.01178	0.15054	0.08646	0.03866	0.08403	0.05735	0.06691	0.34605	0.05793	0.02873	0.00817	0.00894	0.00618	0.00413	0.00386	0.00113	0.02737	0.00324	0.00277	0.00578
32	0.84756	0.00758	0.00593	0.00523	0.00764	0.00877	0.00431	0.05296	0.00711	0.01756	0.00554	0.00638	0.00427	0.00361	0.00245	0.00118	0.00303	0.00215	0.00245	0.00427

[dist]
# distance from previous block
# <min> <max>
0	1

[block]
# block no. 5 follows, 71 sequences, length 29
# corresponding to MSA columns:
# 469-497
name=unknown_F
#
# <colnr> <probs for GDERKNQSTAVLIFYWHMCP>
#	G	D	E	R	K	N	Q	S	T	A	V	L	I	F	Y	W	H	M	C	P
0	0.01097	0.08558	0.22803	0.01050	0.09090	0.15026	0.03400	0.14782	0.07528	0.06416	0.00868	0.02306	0.00678	0.02873	0.00408	0.00120	0.00490	0.00331	0.01626	0.00548
1	0.00635	0.00367	0.00400	0.00398	0.00488	0.00352	0.00296	0.00799	0.00868	0.01385	0.19522	0.07083	0.10283	0.00620	0.00341	0.00104	0.00183	0.00521	0.55003	0.00352
2	0.00881	0.04884	0.60446	0.01116	0.04553	0.00889	0.08892	0.02966	0.00862	0.07371	0.00773	0.00885	0.00551	0.00371	0.00368	0.00119	0.00533	0.00309	0.02669	0.00563
3	0.00827	0.00427	0.00480	0.00452	0.00575	0.00419	0.00352	0.01048	0.05182	0.11823	0.08749	0.01754	0.02909	0.00530	0.00324	0.00104	0.00214	0.05133	0.58289	0.00407
4	0.01025	0.86756	0.02009	0.00656	0.00984	0.01517	0.00656	0.01148	0.00779	0.00902	0.00533	0.00615	0.00492	0.00328	0.00246	0.00082	0.00410	0.00205	0.00164	0.00492
5	0.00769	0.01983	0.84538	0.01093	0.01659	0.00890	0.01417	0.01214	0.00810	0.01214	0.00688	0.00810	0.00486	0.00364	0.00364	0.00121	0.00567	0.00283	0.00162	0.00567
6	0.01458	0.01074	0.01151	0.00882	0.01189	0.01189	0.00729	0.82855	0.01803	0.02416	0.00921	0.00921	0.00652	0.00460	0.00384	0.00115	0.00422	0.00345	0.00384	0.00652
7	0.05527	0.00862	0.00984	0.00769	0.01060	0.02201	0.00631	0.35324	0.07382	0.39380	0.01212	0.01115	0.00811	0.00465	0.00378	0.00118	0.00369	0.00362	0.00416	0.00635
8	0.00602	0.00388	0.00490	0.00516	0.00600	0.00350	0.00372	0.00700	0.00844	0.09363	0.10749	0.46807	0.21575	0.01027	0.00468	0.00143	0.00227	0.04049	0.00374	0.00355
9	0.00954	0.00824	0.00867	0.00780	0.00997	0.00954	0.00607	0.02037	0.83441	0.01604	0.01561	0.01431	0.01170	0.00520	0.00390	0.00130	0.00303	0.00433	0.00390	0.00607
10	0.89233	0.00741	0.00564	0.00504	0.00741	0.00860	0.00415	0.01127	0.00653	0.01720	0.00534	0.00623	0.00415	0.00356	0.00237	0.00119	0.00297	0.00208	0.00237	0.00415
11	0.00769	0.01983	0.84538	0.01093	0.01659	0.00890	0.01417	0.01214	0.00810	0.01214	0.00688	0.00810	0.00486	0.00364	0.00364	0.00121	0.00567	0.00283	0.00162	0.00567
12	0.01333	0.00991	0.01065	0.00846	0.01127	0.01100	0.00689	0.61004	0.19581	0.04623	0.01104	0.02931	0.00816	0.00490	0.00387	0.00119	0.00389	0.00382	0.00387	0.00635
13	0.01058	0.43691	0.09055	0.02642	0.02571	0.11530	0.04179	0.01215	0.00819	0.06442	0.00631	0.00752	0.00529	0.00401	0.00440	0.00106	0.12990	0.00264	0.00191	0.00494
14	0.01061	0.00818	0.00884	0.00775	0.01005	0.00924	0.00608	0.06118	0.70513	0.10480	0.01523	0.01391	0.01121	0.00512	0.00389	0.00128	0.00312	0.00424	0.00399	0.00614
15	0.00467	0.00389	0.00410	0.00416	0.00537	0.00332	0.00315	0.00573	0.00882	0.01069	0.08492	0.06603	0.72085	0.00973	0.00458	0.00132	0.00203	0.04978	0.00360	0.00327
16	0.00884	0.02671	0.02966	0.13066	0.58797	0.00900	0.02376	0.01104	0.00845	0.01190	0.03237	0.01079	0.03084	0.00399	0.00437	0.00119	0.05734	0.00363	0.00197	0.00552
17	0.00922	0.00877	0.01487	0.02230	0.78600	0.00875	0.01123	0.01147	0.00887	0.01272	0.06232	0.01076	0.00807	0.00371	0.00384	0.00114	0.00437	0.00365	0.00205	0.00591
18	0.00775	0.00535	0.00727	0.03604	0.08340	0.00541	0.00533	0.04345	0.03542	0.10793	0.25484	0.12560	0.06966	0.06163	0.05126	0.00172	0.03896	0.05127	0.00346	0.00424
19	0.02060	0.03188	0.04769	0.02355	0.02426	0.01987	0.00592	0.13903	0.05443	0.08557	0.00831	0.00892	0.00637	0.00351	0.00320	0.00083	0.00340	0.00276	0.00275	0.50716
20	0.04003	0.00446	0.00562	0.00542	0.00667	0.00404	0.00402	0.00922	0.00887	0.22501	0.11557	0.38794	0.15003	0.00900	0.00444	0.00137	0.00243	0.00788	0.00390	0.00410
21	0.04729	0.20501	0.19747	0.00967	0.10672	0.04084	0.00837	0.08100	0.04552	0.13802	0.00896	0.03326	0.00717	0.04961	0.00427	0.00124	0.00432	0.00332	0.00255	0.00541
22	0.00901	0.05388	0.15365	0.01887	0.04466	0.04631	0.14699	0.06242	0.10155	0.05159	0.10767	0.04543	0.03149	0.00524	0.01505	0.00125	0.02230	0.01576	0.00274	0.06413
23	0.01441	0.00676	0.00851	0.00675	0.00933	0.00637	0.00549	0.14934	0.03454	0.53451	0.08697	0.03847	0.04130	0.00537	0.00393	0.00119	0.00316	0.00441	0.03324	0.00595
24	0.00548	0.00467	0.05203	0.00588	0.00664	0.00395	0.00462	0.00670	0.02936	0.01016	0.01937	0.45987	0.06872	0.05642	0.01741	0.06046	0.00293	0.16780	0.01427	0.00330
25	0.02980	0.04311	0.15658	0.08268	0.24477	0.07734	0.07956	0.10686	0.03965	0.05960	0.00820	0.02613	0.00641	0.00395	0.00374	0.00116	0.00485	0.00344	0.00234	0.01982
26	0.00786	0.03092	0.00943	0.09383	0.19527	0.00684	0.01509	0.06406	0.03852	0.04153	0.04173	0.05831	0.10102	0.07922	0.15042	0.03361	0.02061	0.00474	0.00257	0.00441
27	0.00644	0.00492	0.00624	0.00600	0.00678	0.02290	0.00449	0.07720	0.00731	0.01002	0.01199	0.04733	0.04637	0.19320	0.51329	0.00469	0.02026	0.00471	0.00237	0.00348
28	0.00995	0.10347	0.18977	0.03730	0.19609	0.11715	0.05231	0.06387	0.03982	0.03910	0.02795	0.00976	0.00681	0.02368	0.02675	0.00134	0.04413	0.00328	0.00217	0.00530

[dist]
# distance from previous block
# <min> <max>
8	32

[block]
# block no. 6 follows, 71 sequences, length 12
# corresponding to MSA columns:
# 531-542
name=unknown_G
#
# <colnr> <probs for GDERKNQSTAVLIFYWHMCP>
#	G	D	E	R	K	N	Q	S	T	A	V	L	I	F	Y	W	H	M	C	P
0	0.12866	0.10249	0.12097	0.09178	0.25893	0.07537	0.02345	0.01132	0.00799	0.01179	0.00711	0.02538	0.01852	0.00415	0.00441	0.00119	0.09638	0.00317	0.00192	0.00502
1	0.00685	0.00452	0.00593	0.00640	0.07798	0.00421	0.00414	0.00809	0.00892	0.09617	0.30159	0.10950	0.13920	0.17211	0.00724	0.00172	0.00262	0.00651	0.03253	0.00377
2	0.02926	0.02021	0.02202	0.07339	0.07819	0.00588	0.02762	0.01020	0.00826	0.08425	0.03213	0.11335	0.00917	0.00443	0.00342	0.00091	0.00325	0.00383	0.00260	0.46763
3	0.01020	0.80407	0.01925	0.00665	0.00985	0.01476	0.00652	0.01214	0.06886	0.00954	0.00609	0.00675	0.00542	0.00342	0.00257	0.00086	0.00402	0.00222	0.00181	0.00501
4	0.00839	0.00589	0.00680	0.00517	0.00785	0.00472	0.00410	0.01010	0.00819	0.07230	0.00900	0.01009	0.00711	0.00343	0.00287	0.00070	0.00258	0.00275	0.24947	0.57852
5	0.00578	0.00408	0.00536	0.00582	0.00636	0.00413	0.00451	0.00683	0.00737	0.00972	0.01702	0.07111	0.04295	0.30030	0.10385	0.00289	0.00423	0.39164	0.00296	0.00308
6	0.00482	0.00353	0.00455	0.00524	0.00570	0.00326	0.00367	0.00569	0.00788	0.01037	0.07973	0.63462	0.13352	0.01131	0.00485	0.00151	0.00226	0.07068	0.00360	0.00320
7	0.00494	0.00416	0.00433	0.00433	0.00558	0.00370	0.00323	0.00664	0.06968	0.01088	0.05960	0.10983	0.68062	0.00953	0.00452	0.00132	0.00204	0.00803	0.00361	0.00345
8	0.01458	0.01074	0.01151	0.00882	0.01189	0.01189	0.00729	0.82855	0.01803	0.02416	0.00921	0.00921	0.00652	0.00460	0.00384	0.00115	0.00422	0.00345	0.00384	0.00652
9	0.84364	0.00760	0.00596	0.00525	0.00766	0.00878	0.00433	0.05661	0.00716	0.01759	0.00555	0.00639	0.00428	0.00362	0.00245	0.00118	0.00304	0.00215	0.00245	0.00428
10	0.01499	0.00958	0.01073	0.00828	0.01128	0.01023	0.00682	0.58984	0.05420	0.22743	0.01097	0.01040	0.00750	0.00467	0.00384	0.00117	0.00393	0.00359	0.00406	0.00650
11	0.00887	0.00838	0.01399	0.12532	0.64672	0.00863	0.01081	0.01142	0.04229	0.01214	0.00849	0.07007	0.00755	0.00415	0.00388	0.00119	0.00440	0.00398	0.00207	0.00564

[dist]
# distance from previous block
# <min> <max>
0	1

[block]
# block no. 7 follows, 71 sequences, length 27
# corresponding to MSA columns:
# 544-570
name=unknown_H
#
# <colnr> <probs for GDERKNQSTAVLIFYWHMCP>
#	G	D	E	R	K	N	Q	S	T	A	V	L	I	F	Y	W	H	M	C	P
0	0.00468	0.00347	0.00437	0.00509	0.00554	0.00317	0.00349	0.00543	0.00765	0.00993	0.02458	0.68392	0.18469	0.01153	0.00483	0.00151	0.00220	0.02723	0.00356	0.00315
1	0.01363	0.01193	0.15041	0.00902	0.01251	0.01091	0.00831	0.62952	0.01582	0.08576	0.00928	0.00932	0.00647	0.00445	0.00381	0.00116	0.00439	0.00338	0.00354	0.00638
2	0.89233	0.00741	0.00564	0.00504	0.00741	0.00860	0.00415	0.01127	0.00653	0.01720	0.00534	0.00623	0.00415	0.00356	0.00237	0.00119	0.00297	0.00208	0.00237	0.00415
3	0.00641	0.00554	0.00663	0.00647	0.00744	0.06511	0.05705	0.04774	0.03917	0.01127	0.07393	0.48500	0.10648	0.02468	0.01733	0.00153	0.00308	0.02809	0.00337	0.00367
4	0.80884	0.00736	0.00590	0.00519	0.00758	0.00841	0.00427	0.02861	0.00704	0.06328	0.00610	0.00682	0.00460	0.00366	0.00249	0.00118	0.00299	0.00223	0.01912	0.00432
5	0.00956	0.02766	0.01213	0.15523	0.21775	0.12858	0.04842	0.03481	0.18277	0.01211	0.00889	0.01060	0.00713	0.00615	0.07129	0.00160	0.05426	0.00355	0.00235	0.00516
6	0.06317	0.00632	0.00838	0.00659	0.00929	0.00568	0.00540	0.01715	0.01029	0.71876	0.01420	0.01304	0.00929	0.02146	0.05788	0.00154	0.00368	0.00380	0.01799	0.00608
7	0.00511	0.00385	0.00476	0.00486	0.00575	0.00349	0.00364	0.00648	0.00945	0.01263	0.39596	0.18257	0.25538	0.00936	0.00466	0.00134	0.00208	0.08136	0.00386	0.00341
8	0.00569	0.00401	0.00503	0.00472	0.00577	0.00362	0.00356	0.00733	0.01045	0.04505	0.65563	0.02965	0.18900	0.00808	0.00450	0.00122	0.00189	0.00704	0.00411	0.00365
9	0.00908	0.00779	0.00825	0.00746	0.00951	0.00891	0.00579	0.01895	0.74993	0.01575	0.06525	0.01613	0.04910	0.00555	0.00397	0.00129	0.00291	0.00465	0.00391	0.00580
