[name]
unknown

[dist]
# distance from previous block
# <min> <max>
0	80

[block]
# block no. 0 follows, 69 sequences, length 45
# corresponding to MSA columns:
# 83-127
name=unknown_A
#
# <colnr> <probs for GDERKNQSTAVLIFYWHMCP>
#	G	D	E	R	K	N	Q	S	T	A	V	L	I	F	Y	W	H	M	C	P
0	0.01024	0.03795	0.04010	0.02333	0.14135	0.12191	0.23896	0.10048	0.07394	0.01356	0.00996	0.01443	0.00859	0.00477	0.00419	0.00126	0.00520	0.11314	0.00256	0.03410
1	0.03213	0.02840	0.00672	0.00629	0.03197	0.00551	0.03071	0.00902	0.11841	0.03321	0.03024	0.10775	0.03218	0.41599	0.08118	0.00292	0.00411	0.01685	0.00281	0.00359
2	0.02287	0.07183	0.06730	0.00898	0.01170	0.35288	0.02019	0.16822	0.06405	0.12235	0.02111	0.01014	0.03225	0.00450	0.00369	0.00111	0.00525	0.00329	0.00291	0.00541
3	0.00653	0.00440	0.00529	0.00502	0.00636	0.00389	0.00386	0.00803	0.01969	0.09651	0.28596	0.08886	0.34987	0.00876	0.00458	0.00131	0.00226	0.06406	0.00394	0.03080
4	0.00975	0.01115	0.01953	0.01439	0.01778	0.12287	0.60268	0.01246	0.00924	0.01196	0.00792	0.03581	0.00639	0.00380	0.00473	0.00126	0.04193	0.00435	0.00205	0.05995
5	0.70866	0.00792	0.00699	0.00611	0.00824	0.00943	0.00504	0.05694	0.01922	0.01687	0.00579	0.00696	0.00462	0.00416	0.00395	0.00128	0.11856	0.00241	0.00244	0.00442
6	0.00648	0.12115	0.00822	0.00636	0.00741	0.02957	0.00508	0.00777	0.00670	0.00913	0.01026	0.05273	0.00989	0.04985	0.64526	0.00512	0.00897	0.00423	0.00212	0.00369
7	0.01392	0.01668	0.01178	0.01188	0.12398	0.65753	0.00815	0.07613	0.02382	0.01127	0.00664	0.00772	0.00543	0.00404	0.00362	0.00105	0.00648	0.00276	0.00218	0.00496
8	0.00494	0.00368	0.00443	0.00492	0.00547	0.00336	0.00337	0.00569	0.00783	0.01009	0.05204	0.46093	0.25380	0.12661	0.00693	0.00181	0.00243	0.03506	0.00349	0.00314
9	0.00776	0.00531	0.00647	0.00579	0.00721	0.00526	0.00445	0.08726	0.09647	0.08165	0.54324	0.06096	0.05757	0.00742	0.00445	0.00125	0.00235	0.00644	0.00423	0.00444
10	0.00975	0.06751	0.06875	0.03970	0.26819	0.03790	0.00880	0.01640	0.41083	0.01410	0.01136	0.01172	0.00879	0.00442	0.00382	0.00123	0.00404	0.00379	0.00290	0.00599
11	0.00480	0.00361	0.00446	0.00513	0.00568	0.00327	0.00357	0.00561	0.00795	0.01023	0.02647	0.60472	0.24488	0.01159	0.00492	0.00153	0.00225	0.04246	0.00364	0.00324
12	0.00494	0.00352	0.00454	0.00528	0.00555	0.00331	0.00352	0.00558	0.00738	0.00976	0.02119	0.68248	0.06293	0.12730	0.00702	0.00189	0.00251	0.03473	0.00347	0.00309
13	0.01023	0.00914	0.01545	0.02291	0.78198	0.00908	0.01161	0.01251	0.00908	0.06859	0.00792	0.00995	0.00645	0.00358	0.00389	0.00117	0.00457	0.00352	0.00214	0.00624
14	0.00740	0.00697	0.01176	0.85280	0.02700	0.00871	0.01089	0.01002	0.00784	0.01002	0.00697	0.01045	0.00523	0.00392	0.00392	0.00131	0.00523	0.00348	0.00174	0.00436
15	0.00478	0.00341	0.00455	0.00546	0.00569	0.00318	0.00364	0.00546	0.00751	0.01001	0.02161	0.85966	0.02593	0.01228	0.00500	0.00159	0.00227	0.01114	0.00364	0.00318
16	0.00798	0.05876	0.80447	0.01097	0.01665	0.00940	0.01413	0.01238	0.00826	0.01227	0.00696	0.00819	0.00497	0.00371	0.00367	0.00122	0.00572	0.00286	0.00166	0.00576
17	0.01343	0.26312	0.03915	0.00949	0.12250	0.00936	0.02294	0.01533	0.02808	0.39790	0.03378	0.01101	0.00843	0.00426	0.00354	0.00110	0.00386	0.00341	0.00332	0.00597
18	0.01759	0.00667	0.00910	0.00698	0.01001	0.00576	0.00576	0.01911	0.01122	0.84048	0.01547	0.01334	0.00970	0.00485	0.00394	0.00121	0.00334	0.00394	0.00485	0.00667
19	0.00992	0.00838	0.00887	0.00796	0.01019	0.00967	0.00620	0.02079	0.81306	0.03413	0.01595	0.01460	0.01192	0.00531	0.00399	0.00133	0.00311	0.00442	0.00401	0.00622
20	0.01508	0.00973	0.01042	0.00824	0.01113	0.06653	0.00671	0.40914	0.10461	0.28620	0.01191	0.01117	0.00817	0.00477	0.00389	0.00119	0.00402	0.00370	0.01697	0.00643
21	0.00878	0.00693	0.01140	0.73818	0.02470	0.00831	0.01019	0.01125	0.00830	0.12255	0.00812	0.01084	0.00583	0.00405	0.00392	0.00129	0.00497	0.00355	0.00216	0.00467
22	0.00478	0.00341	0.00455	0.00546	0.00569	0.00318	0.00364	0.00546	0.00751	0.01001	0.02161	0.85966	0.02593	0.01228	0.00500	0.00159	0.00227	0.01114	0.00364	0.00318
23	0.00786	0.02028	0.84191	0.01117	0.01697	0.00910	0.01448	0.01242	0.00828	0.01242	0.00704	0.00828	0.00497	0.00372	0.00372	0.00124	0.00579	0.00290	0.00166	0.00579
24	0.07038	0.80621	0.01954	0.00660	0.00989	0.01505	0.00654	0.01172	0.00788	0.00979	0.00545	0.00629	0.00498	0.00337	0.00251	0.00086	0.00411	0.00210	0.00173	0.00498
25	0.00502	0.00390	0.00457	0.00459	0.00558	0.00345	0.00337	0.00631	0.00958	0.01256	0.35647	0.16470	0.38676	0.00953	0.00469	0.00133	0.00198	0.00825	0.00391	0.00345
26	0.00947	0.00797	0.00854	0.00762	0.00972	0.00907	0.00594	0.06395	0.67422	0.01677	0.12668	0.01632	0.01506	0.00565	0.00407	0.00131	0.00300	0.00474	0.00403	0.00589
27	0.00585	0.00609	0.08524	0.00556	0.00717	0.00481	0.00473	0.03427	0.06432	0.01172	0.07594	0.13898	0.45322	0.04351	0.00532	0.00146	0.01915	0.02537	0.00343	0.00385
28	0.00626	0.00447	0.00616	0.12006	0.00853	0.00491	0.00455	0.00718	0.00646	0.03574	0.01168	0.01982	0.02963	0.40314	0.31051	0.00421	0.00632	0.00487	0.00230	0.00320
29	0.00998	0.01167	0.02150	0.01565	0.01935	0.12328	0.71296	0.01298	0.00950	0.01216	0.00768	0.01010	0.00583	0.00340	0.00448	0.00128	0.00667	0.00434	0.00199	0.00519
30	0.00905	0.05624	0.54090	0.01062	0.04177	0.00961	0.02271	0.05447	0.16710	0.03663	0.00905	0.00968	0.00659	0.00408	0.00375	0.00123	0.00503	0.00326	0.00232	0.00591
31	0.33802	0.05443	0.25920	0.00842	0.01205	0.06036	0.04280	0.11778	0.02087	0.04272	0.00706	0.00790	0.00522	0.00386	0.00325	0.00119	0.00449	0.00276	0.00241	0.00523
32	0.01188	0.00658	0.00829	0.00722	0.01890	0.04864	0.00571	0.03565	0.03276	0.37663	0.02349	0.01429	0.03204	0.01381	0.30434	0.00304	0.04398	0.00409	0.00346	0.00518
33	0.08498	0.00721	0.00716	0.02436	0.02080	0.09629	0.01783	0.10227	0.06659	0.02503	0.16010	0.10194	0.22282	0.02340	0.02078	0.00141	0.00337	0.00597	0.00340	0.00429
34	0.01079	0.03759	0.04383	0.07422	0.20312	0.04638	0.24723	0.04921	0.01954	0.14291	0.02056	0.04112	0.00766	0.00428	0.00440	0.00125	0.03363	0.00412	0.00258	0.00557
35	0.12106	0.06225	0.08852	0.03200	0.03498	0.09097	0.03416	0.32116	0.07392	0.07837	0.00932	0.00966	0.01780	0.00437	0.00364	0.00117	0.00447	0.00331	0.00310	0.00579
36	0.04545	0.04486	0.09169	0.10845	0.34057	0.02811	0.01940	0.05195	0.00930	0.09161	0.02299	0.02239	0.06825	0.00447	0.00401	0.00120	0.02149	0.00384	0.00246	0.01751
37	0.16259	0.02934	0.01876	0.00763	0.04421	0.01689	0.07247	0.05075	0.10478	0.02336	0.03410	0.08026	0.13713	0.04722	0.07178	0.00178	0.00399	0.04119	0.00296	0.04883
38	0.14797	0.05902	0.06780	0.03437	0.07155	0.07304	0.04740	0.08550	0.03492	0.08502	0.13081	0.05157	0.01155	0.00494	0.00382	0.00117	0.01674	0.00401	0.00293	0.06589
39	0.03689	0.04078	0.08726	0.02213	0.05792	0.02678	0.06085	0.14193	0.02293	0.17882	0.12863	0.04308	0.03182	0.02855	0.00441	0.00126	0.00386	0.02139	0.00335	0.05737
40	0.07891	0.04156	0.04772	0.04985	0.10594	0.06460	0.04576	0.07915	0.04279	0.16082	0.01074	0.07020	0.02406	0.00506	0.01537	0.00120	0.00411	0.01226	0.00294	0.13695
41	0.07505	0.05593	0.02393	0.04515	0.04751	0.01820	0.01636	0.24783	0.07099	0.10570	0.05368	0.01977	0.04208	0.00475	0.00379	0.00112	0.01389	0.01238	0.00326	0.13864
42	0.08621	0.05137	0.05247	0.00868	0.08009	0.06706	0.03177	0.11172	0.04130	0.13731	0.18116	0.04927	0.03124	0.00576	0.01658	0.00126	0.00378	0.00448	0.00332	0.03516
43	0.09593	0.06979	0.06292	0.02349	0.03906	0.05691	0.07876	0.09894	0.08582	0.15510	0.09512	0.05559	0.04486	0.00521	0.00385	0.00121	0.00392	0.00436	0.00325	0.01592
44	0.10688	0.08145	0.04374	0.00840	0.04174	0.03638	0.03029	0.18891	0.16223	0.06939	0.05266	0.05131	0.01938	0.00500	0.00398	0.00119	0.03157	0.00394	0.00319	0.05837

[dist]
# distance from previous block
# <min> <max>
10	58

[block]
# block no. 1 follows, 69 sequences, length 72
# corresponding to MSA columns:
# 186-213,215-251,254-260
name=unknown_B
#
# <colnr> <probs for GDERKNQSTAVLIFYWHMCP>
#	G	D	E	R	K	N	Q	S	T	A	V	L	I	F	Y	W	H	M	C	P
0	0.04061	0.04328	0.14506	0.00852	0.03519	0.00790	0.06028	0.12027	0.06787	0.14292	0.09323	0.01281	0.03905	0.00459	0.00375	0.00111	0.00385	0.00383	0.00312	0.16276
1	0.04018	0.01097	0.22004	0.00903	0.03428	0.04799	0.05564	0.07130	0.04532	0.24134	0.05472	0.04393	0.03074	0.01935	0.00423	0.00128	0.00427	0.03114	0.00322	0.03104
2	0.05525	0.05393	0.10969	0.00846	0.04642	0.02737	0.06601	0.07674	0.07715	0.12339	0.10934	0.04902	0.07759	0.00529	0.00387	0.00116	0.00373	0.00447	0.00316	0.09798
3	0.02232	0.02288	0.30787	0.00961	0.05211	0.02101	0.06671	0.04986	0.02387	0.14956	0.11099	0.01303	0.03028	0.01710	0.00410	0.00121	0.00436	0.00390	0.01364	0.07561
4	0.01094	0.09054	0.42740	0.01041	0.02678	0.02163	0.04811	0.06945	0.05155	0.12923	0.01880	0.02479	0.00765	0.00466	0.00405	0.00132	0.00514	0.00360	0.00276	0.04118
5	0.00853	0.10059	0.23486	0.01150	0.18140	0.02015	0.03952	0.02240	0.00904	0.05380	0.11902	0.11090	0.02441	0.00539	0.00395	0.00121	0.00420	0.01334	0.00258	0.03323
6	0.01050	0.00774	0.00914	0.00735	0.04475	0.01801	0.00562	0.13605	0.02489	0.12323	0.03996	0.00998	0.00774	0.00377	0.00347	0.00084	0.01504	0.00301	0.00298	0.52597
7	0.01034	0.02786	0.06313	0.02841	0.44357	0.00815	0.03271	0.02524	0.00922	0.13912	0.02190	0.04538	0.02069	0.00424	0.00396	0.00115	0.01513	0.00385	0.00256	0.09339
8	0.01365	0.03399	0.02407	0.00829	0.01102	0.02615	0.01791	0.52275	0.03228	0.13178	0.01052	0.02707	0.00798	0.06061	0.00522	0.01201	0.02010	0.00383	0.02474	0.00602
9	0.00526	0.00420	0.00475	0.00466	0.00584	0.00379	0.00353	0.00705	0.04731	0.01273	0.32403	0.05303	0.46104	0.00912	0.00464	0.00132	0.00206	0.03815	0.00390	0.00359
10	0.00832	0.00772	0.05204	0.02960	0.23151	0.00727	0.04674	0.06429	0.12679	0.03043	0.21983	0.07241	0.07428	0.00602	0.00424	0.00126	0.00351	0.00540	0.00323	0.00511
11	0.03737	0.08433	0.40450	0.00980	0.03626	0.00856	0.05105	0.01382	0.00911	0.23503	0.04141	0.01048	0.00762	0.00451	0.01470	0.00127	0.01836	0.00338	0.00267	0.00577
12	0.00568	0.00382	0.00442	0.00444	0.00449	0.00387	0.00257	0.00579	0.00577	0.00774	0.01237	0.03785	0.01412	0.79107	0.07729	0.00394	0.00424	0.00568	0.00238	0.00247
13	0.02538	0.30766	0.28730	0.04420	0.11596	0.02635	0.06691	0.05288	0.00886	0.01198	0.01530	0.00823	0.00563	0.00364	0.00339	0.00109	0.00499	0.00289	0.00189	0.00546
14	0.01058	0.07479	0.16845	0.05596	0.08902	0.11158	0.10209	0.11051	0.04672	0.07172	0.00959	0.06869	0.01877	0.00475	0.00426	0.00123	0.03941	0.00396	0.00254	0.00540
15	0.00544	0.00373	0.00449	0.00471	0.00485	0.00371	0.00289	0.00575	0.00632	0.00848	0.02777	0.23806	0.02754	0.56759	0.06909	0.00333	0.00379	0.00705	0.00273	0.00269
16	0.00492	0.00396	0.00441	0.00449	0.00555	0.00350	0.00329	0.00614	0.02027	0.01130	0.16097	0.16103	0.53432	0.02400	0.03262	0.00155	0.00233	0.00830	0.00368	0.00338
17	0.03205	0.10097	0.16653	0.06389	0.19807	0.09976	0.05991	0.07989	0.03702	0.07879	0.02104	0.00953	0.00658	0.00402	0.00393	0.00117	0.02558	0.00330	0.00237	0.00560
18	0.03690	0.17880	0.29749	0.00973	0.04484	0.08264	0.02894	0.11341	0.08419	0.02403	0.00852	0.04573	0.00692	0.00468	0.01575	0.00123	0.00494	0.00336	0.00236	0.00551
19	0.01012	0.04046	0.01033	0.03860	0.10027	0.17996	0.00701	0.12896	0.05010	0.01220	0.00912	0.02988	0.02015	0.09117	0.09757	0.03553	0.11413	0.00381	0.01602	0.00460
20	0.00524	0.00394	0.00485	0.00479	0.00574	0.00356	0.00356	0.00672	0.01007	0.01362	0.51431	0.12855	0.24478	0.00908	0.00469	0.00131	0.00197	0.02565	0.00404	0.00354
21	0.01952	0.24626	0.10537	0.04266	0.15130	0.06839	0.03474	0.02322	0.04155	0.05460	0.10167	0.02717	0.02712	0.00462	0.00393	0.00113	0.03546	0.00370	0.00243	0.00516
22	0.00856	0.00697	0.00822	0.01700	0.00954	0.00538	0.00480	0.02425	0.00842	0.04585	0.00758	0.02207	0.00629	0.00318	0.00301	0.00064	0.00297	0.00256	0.00246	0.81024
23	0.00520	0.00363	0.00454	0.00500	0.00520	0.00354	0.00320	0.00568	0.00681	0.00910	0.03005	0.44872	0.03851	0.35103	0.05934	0.00273	0.00334	0.00846	0.00306	0.00289
24	0.00630	0.00453	0.00587	0.00552	0.00654	0.00438	0.01400	0.03367	0.04482	0.03855	0.55313	0.15240	0.05653	0.02118	0.02419	0.00145	0.01170	0.00727	0.00405	0.00390
25	0.04362	0.08676	0.35730	0.01132	0.08757	0.05555	0.08329	0.06201	0.05111	0.09810	0.00859	0.02289	0.00643	0.00404	0.00372	0.00120	0.00506	0.00334	0.00237	0.00571
26	0.00739	0.00555	0.01761	0.01705	0.06470	0.01433	0.01976	0.03947	0.09708	0.08096	0.07830	0.42853	0.09543	0.00906	0.00458	0.00142	0.00284	0.00806	0.00363	0.00428
27	0.04800	0.01042	0.01122	0.00867	0.01171	0.01143	0.00714	0.72519	0.01730	0.07613	0.00991	0.02757	0.00718	0.00484	0.00389	0.00119	0.00416	0.00366	0.00392	0.00650
28	0.04980	0.05279	0.21561	0.01502	0.30093	0.06696	0.08855	0.03622	0.03252	0.06169	0.00836	0.03928	0.00674	0.00405	0.00381	0.00120	0.00498	0.00359	0.00224	0.00569
29	0.02228	0.04272	0.18700	0.01721	0.39595	0.00942	0.12814	0.04405	0.00930	0.08370	0.00803	0.00965	0.00615	0.00372	0.00401	0.00120	0.01583	0.00350	0.00221	0.00595
30	0.00479	0.00403	0.00417	0.00419	0.00544	0.00345	0.00312	0.00602	0.02490	0.01097	0.08519	0.08181	0.72871	0.00986	0.00464	0.00133	0.00202	0.00829	0.00369	0.00338
31	0.04383	0.80712	0.01971	0.00675	0.01003	0.03990	0.00664	0.01185	0.00801	0.00955	0.00547	0.00631	0.00500	0.00339	0.00254	0.00086	0.00423	0.00211	0.00172	0.00499
32	0.03604	0.01697	0.02386	0.00667	0.00991	0.00673	0.01417	0.10587	0.07355	0.10810	0.00917	0.02738	0.00718	0.00376	0.00328	0.00084	0.00323	0.00302	0.00293	0.53734
33	0.00732	0.00494	0.00601	0.00564	0.00692	0.00477	0.00422	0.03514	0.10826	0.09534	0.34003	0.20430	0.11077	0.02521	0.00481	0.00137	0.00239	0.00723	0.00402	0.02130
34	0.00547	0.00397	0.00515	0.00493	0.00583	0.00366	0.00367	0.00722	0.01082	0.01521	0.76086	0.07585	0.06599	0.00832	0.00465	0.00126	0.00188	0.00736	0.00425	0.00366
35	0.35116	0.00833	0.09404	0.00783	0.05885	0.00760	0.04049	0.02555	0.03738	0.12857	0.04142	0.05548	0.00891	0.06099	0.02874	0.00156	0.01603	0.00375	0.01855	0.00478
36	0.00946	0.17226	0.44301	0.01218	0.12361	0.01036	0.07488	0.04901	0.00897	0.05039	0.00735	0.00856	0.00551	0.00369	0.00361	0.00116	0.00523	0.00304	0.00197	0.00575
37	0.02640	0.00797	0.01216	0.00919	0.01219	0.00760	0.19401	0.13431	0.03854	0.40212	0.05520	0.01322	0.01872	0.00468	0.00406	0.00123	0.00406	0.00423	0.04414	0.00597
38	0.02551	0.00620	0.00778	0.00648	0.00873	0.00583	0.00521	0.07294	0.07335	0.42233	0.15195	0.05415	0.09943	0.00642	0.00420	0.00127	0.00297	0.03535	0.00438	0.00551
39	0.05028	0.04020	0.21127	0.01453	0.21816	0.05538	0.18368	0.07041	0.02422	0.02666	0.01657	0.00983	0.01814	0.00396	0.00426	0.00123	0.03991	0.00356	0.00217	0.00559
40	0.00721	0.00602	0.03152	0.00716	0.02439	0.02348	0.03606	0.06242	0.06914	0.04170	0.05689	0.35187	0.05067	0.06351	0.10579	0.00216	0.04551	0.00722	0.00322	0.00408
41	0.00530	0.00369	0.00460	0.00497	0.00516	0.00367	0.00317	0.00575	0.00656	0.00879	0.01643	0.35577	0.03663	0.41277	0.10622	0.00315	0.00390	0.00775	0.00287	0.00284
42	0.03328	0.00902	0.11154	0.05552	0.26698	0.00775	0.04585	0.06541	0.00941	0.13970	0.02061	0.12584	0.02196	0.00635	0.03826	0.00148	0.01831	0.01452	0.00279	0.00542
43	0.08434	0.14077	0.21126	0.03486	0.12532	0.06783	0.07274	0.03817	0.02219	0.10401	0.00841	0.04295	0.00671	0.00420	0.00377	0.00118	0.02007	0.00342	0.00236	0.00544
44	0.11148	0.00690	0.00877	0.00685	0.00979	0.00634	0.00564	0.03037	0.04348	0.70659	0.01431	0.01258	0.00916	0.00474	0.00378	0.00122	0.00331	0.00376	0.00454	0.00639
45	0.00563	0.00383	0.00443	0.00445	0.00457	0.00384	0.00263	0.00581	0.00600	0.00802	0.02848	0.04829	0.04160	0.73763	0.07603	0.00379	0.00413	0.00586	0.00247	0.00253
46	0.00894	0.16294	0.17232	0.01843	0.12848	0.00873	0.10689	0.02042	0.02116	0.07822	0.11656	0.05159	0.07857	0.00513	0.00391	0.00119	0.00422	0.00450	0.00264	0.00514
47	0.06111	0.04123	0.25553	0.05497	0.05154	0.00815	0.01760	0.08914	0.02477	0.28193	0.02670	0.01106	0.00777	0.01733	0.00396	0.00124	0.00429	0.00348	0.03237	0.00582
48	0.00888	0.01216	0.18530	0.01455	0.01865	0.00955	0.58186	0.01290	0.06591	0.01272	0.00870	0.03454	0.00674	0.00378	0.00441	0.00131	0.00608	0.00445	0.00210	0.00539
49	0.05816	0.00616	0.00842	0.13763	0.06578	0.00651	0.02939	0.08457	0.05567	0.08487	0.04124	0.33738	0.04072	0.00765	0.00445	0.00139	0.01549	0.00673	0.00327	0.00451
50	0.02690	0.09855	0.05754	0.11042	0.27578	0.04377	0.05571	0.09454	0.06677	0.02732	0.05686	0.01157	0.03329	0.00434	0.00398	0.00119	0.01979	0.00374	0.00247	0.00548
51	0.00554	0.00378	0.00435	0.00443	0.00457	0.00371	0.00262	0.00577	0.00637	0.00848	0.06387	0.11596	0.05490	0.68044	0.01672	0.00330	0.00344	0.00649	0.00269	0.00258
52	0.00475	0.00351	0.00445	0.00520	0.00562	0.00321	0.00352	0.00549	0.00776	0.01011	0.02481	0.71427	0.16925	0.01187	0.00494	0.00154	0.00222	0.01064	0.00364	0.00321
53	0.02303	0.03630	0.13207	0.17294	0.24974	0.02388	0.08878	0.02830	0.03317	0.03424	0.02700	0.11460	0.00908	0.00489	0.00403	0.00127	0.00468	0.00449	0.00231	0.00521
54	0.01079	0.00553	0.00674	0.00580	0.00776	0.01871	0.00455	0.02668	0.02445	0.36953	0.12396	0.11083	0.25338	0.00748	0.00433	0.00129	0.00273	0.00631	0.00423	0.00493
55	0.01244	0.00585	0.00759	0.00620	0.00836	0.00536	0.00497	0.07289	0.01154	0.43563	0.31477	0.01895	0.01948	0.00598	0.00413	0.00120	0.00278	0.00505	0.05140	0.00542
56	0.01216	0.01974	0.02745	0.00736	0.00970	0.03032	0.00605	0.28597	0.03119	0.22274	0.16360	0.06758	0.05109	0.00614	0.00439	0.00125	0.02765	0.01607	0.00400	0.00555
57	0.00878	0.00814	0.03312	0.07937	0.33501	0.01641	0.11852	0.04180	0.00938	0.04631	0.09709	0.10722	0.02544	0.00549	0.00440	0.00129	0.01815	0.03627	0.00264	0.00518
58	0.01510	0.00950	0.01068	0.00829	0.01128	0.01010	0.00681	0.53741	0.07163	0.24111	0.01154	0.01093	0.00791	0.00478	0.00391	0.00119	0.00392	0.00370	0.02363	0.00657
59	0.00978	0.00892	0.01519	0.07705	0.65381	0.00895	0.05639	0.02503	0.00913	0.05164	0.00905	0.01105	0.03849	0.00384	0.00396	0.00119	0.00463	0.00376	0.00216	0.00595
60	0.00967	0.00936	0.02770	0.05094	0.75332	0.00920	0.03381	0.01205	0.00891	0.02378	0.00747	0.00976	0.00619	0.00352	0.00389	0.00117	0.00470	0.00350	0.00198	0.01909
61	0.00775	0.00658	0.00770	0.00568	0.00883	0.00500	0.00450	0.00944	0.00832	0.01279	0.05871	0.03769	0.03591	0.00375	0.00313	0.00068	0.00279	0.00309	0.00253	0.77512
62	0.02344	0.58848	0.12940	0.00758	0.01115	0.04274	0.01943	0.02857	0.00863	0.07558	0.01858	0.00762	0.00590	0.00364	0.00292	0.00095	0.00441	0.00250	0.00204	0.01644
63	0.00769	0.01748	0.00713	0.00668	0.00784	0.00532	0.02113	0.01917	0.02592	0.05179	0.07269	0.07171	0.03191	0.21485	0.14280	0.00290	0.00479	0.20865	0.00329	0.07625
64	0.13065	0.04268	0.02693	0.00846	0.01127	0.06551	0.05010	0.30837	0.19613	0.09094	0.01058	0.02390	0.00786	0.00464	0.00371	0.00121	0.00408	0.00363	0.00346	0.00589
65	0.01320	0.31441	0.01483	0.02336	0.02163	0.04760	0.00726	0.45509	0.01390	0.04137	0.00797	0.00834	0.00607	0.00417	0.00341	0.00105	0.00438	0.00299	0.00301	0.00595
66	0.03953	0.06941	0.12227	0.00910	0.05897	0.00794	0.08555	0.05477	0.05202	0.14517	0.00888	0.00952	0.00661	0.00367	0.00347	0.00098	0.00399	0.00309	0.00271	0.31234
67	0.04389	0.05522	0.17475	0.00924	0.06939	0.03095	0.03290	0.08413	0.06575	0.24747	0.05935	0.04787	0.04107	0.00502	0.00387	0.00121	0.00403	0.00414	0.00330	0.01643
68	0.00590	0.00427	0.00455	0.00460	0.00472	0.03173	0.00271	0.00603	0.00610	0.00795	0.01335	0.09998	0.02694	0.73322	0.02949	0.00351	0.00384	0.00610	0.00249	0.00255
69	0.08168	0.00639	0.00860	0.00735	0.00943	0.01960	0.07531	0.03255	0.04269	0.29957	0.07895	0.09610	0.04532	0.03115	0.00476	0.00144	0.00347	0.14683	0.00383	0.00498
70	0.01020	0.11362	0.30464	0.04494	0.18662	0.09508	0.05177	0.07387	0.00958	0.04893	0.00764	0.02215	0.00597	0.00391	0.00369	0.00116	0.00524	0.00322	0.00212	0.00565
71	0.03322	0.00622	0.00777	0.00658	0.00869	0.00594	0.00522	0.11739	0.03930	0.38157	0.11194	0.16731	0.04231	0.00684	0.00422	0.00130	0.00303	0.02861	0.01714	0.00539

[dist]
# distance from previous block
# <min> <max>
0	1

[block]
# block no. 2 follows, 69 sequences, length 43
# corresponding to MSA columns:
# 262-304
name=unknown_C
#
# <colnr> <probs for GDERKNQSTAVLIFYWHMCP>
#	G	D	E	R	K	N	Q	S	T	A	V	L	I	F	Y	W	H	M	C	P
0	0.00502	0.00356	0.00462	0.00526	0.00562	0.00333	0.00357	0.00573	0.00776	0.01034	0.09757	0.61488	0.07841	0.07630	0.00643	0.03079	0.00241	0.03172	0.00354	0.00314
1	0.07663	0.00960	0.06406	0.05601	0.28176	0.03476	0.08302	0.08216	0.10046	0.11871	0.01029	0.03437	0.02183	0.00437	0.00389	0.00123	0.00441	0.00388	0.00279	0.00577
2	0.03749	0.00721	0.00825	0.00596	0.00939	0.00572	0.00479	0.05452	0.00865	0.01359	0.00705	0.00814	0.00580	0.00303	0.00294	0.00063	0.00298	0.00238	0.00241	0.80905
3	0.00521	0.00426	0.00466	0.00480	0.00595	0.00389	0.00359	0.00703	0.07560	0.01117	0.05622	0.19192	0.54320	0.01000	0.00470	0.00140	0.00223	0.05694	0.00369	0.00355
4	0.01423	0.01634	0.01161	0.01004	0.01237	0.60769	0.04078	0.17306	0.05405	0.01300	0.00729	0.00805	0.00575	0.00420	0.00368	0.00107	0.00631	0.00290	0.00249	0.00507
5	0.01047	0.09039	0.38034	0.01102	0.09807	0.03999	0.02449	0.09099	0.06591	0.11529	0.00962	0.01016	0.02759	0.00417	0.00373	0.00119	0.00487	0.00333	0.00252	0.00587
6	0.01034	0.04073	0.04470	0.05570	0.23270	0.08812	0.11427	0.07030	0.03751	0.09143	0.04260	0.08701	0.01925	0.00485	0.00400	0.00120	0.00455	0.00440	0.01197	0.03436
7	0.00494	0.00390	0.00424	0.00433	0.00544	0.00339	0.00321	0.00607	0.00902	0.01143	0.14148	0.13478	0.57268	0.00970	0.00460	0.00133	0.00203	0.02548	0.04856	0.00337
8	0.04067	0.00931	0.15435	0.03050	0.01136	0.03831	0.07268	0.08129	0.09556	0.03116	0.03721	0.09119	0.06634	0.02403	0.00471	0.00146	0.00412	0.19793	0.00308	0.00473
9	0.01160	0.02068	0.12235	0.01555	0.36876	0.00874	0.04937	0.09437	0.03422	0.19813	0.00995	0.03217	0.00751	0.00421	0.00393	0.00121	0.00446	0.00378	0.00285	0.00617
10	0.00545	0.00409	0.00454	0.00457	0.00576	0.00357	0.00340	0.00668	0.02320	0.04913	0.10169	0.17026	0.56833	0.00986	0.00467	0.00136	0.00213	0.02401	0.00376	0.00353
11	0.21672	0.04880	0.00875	0.00729	0.00929	0.27498	0.02642	0.05209	0.02714	0.02895	0.12466	0.01488	0.08518	0.02766	0.00403	0.00123	0.00432	0.03042	0.00281	0.00438
12	0.02243	0.18157	0.30860	0.01063	0.05918	0.04758	0.09626	0.06007	0.04487	0.11035	0.00833	0.00915	0.00616	0.00416	0.01318	0.00121	0.00509	0.00317	0.00235	0.00568
13	0.00514	0.00368	0.00458	0.00511	0.00565	0.00338	0.00353	0.00593	0.00791	0.02436	0.05835	0.53600	0.19314	0.08716	0.00624	0.00172	0.00240	0.03892	0.00357	0.00323
14	0.00951	0.00912	0.01557	0.09333	0.77001	0.00926	0.01194	0.01186	0.00884	0.01257	0.00734	0.00977	0.00613	0.00353	0.00388	0.00118	0.00470	0.00349	0.00192	0.00605
15	0.00982	0.65031	0.22900	0.00784	0.01181	0.01389	0.00868	0.01191	0.00804	0.01003	0.00585	0.00679	0.00501	0.00345	0.00282	0.00094	0.00460	0.00230	0.00167	0.00522
16	0.02415	0.06391	0.12054	0.02780	0.18472	0.04470	0.06213	0.11329	0.05643	0.21694	0.01005	0.01091	0.00738	0.03439	0.00438	0.00128	0.00451	0.00359	0.00298	0.00592
17	0.01423	0.01729	0.01217	0.01078	0.01286	0.69342	0.06203	0.01553	0.03802	0.01070	0.00737	0.00891	0.00620	0.00553	0.03499	0.00139	0.03822	0.00307	0.00232	0.00498
18	0.00739	0.00692	0.01152	0.79383	0.02563	0.00867	0.01052	0.00985	0.00770	0.00991	0.00708	0.01089	0.00552	0.03264	0.00478	0.00140	0.03613	0.00356	0.00176	0.00429
19	0.05937	0.03817	0.02501	0.11921	0.16651	0.04916	0.25198	0.13764	0.08762	0.01454	0.00837	0.01004	0.00640	0.00388	0.00398	0.00123	0.00513	0.00375	0.00244	0.00554
20	0.01447	0.01117	0.01156	0.00897	0.01200	0.05544	0.00736	0.72798	0.03397	0.02314	0.00923	0.00934	0.00664	0.00465	0.00399	0.00116	0.01628	0.00345	0.00374	0.03545
21	0.00954	0.02028	0.13363	0.01821	0.50275	0.03950	0.04914	0.03116	0.02775	0.01294	0.00748	0.00932	0.00606	0.00353	0.00375	0.00111	0.00474	0.00329	0.00204	0.11381
22	0.00621	0.00480	0.00642	0.00620	0.01795	0.01924	0.03100	0.01583	0.02333	0.00935	0.05660	0.01970	0.01275	0.36154	0.36918	0.00444	0.02486	0.00492	0.00238	0.00328
23	0.00748	0.00504	0.00584	0.00537	0.00610	0.00523	0.00364	0.13037	0.00809	0.04294	0.01306	0.05229	0.04023	0.54151	0.11330	0.00343	0.00453	0.00541	0.00276	0.00339
24	0.04562	0.03561	0.01047	0.00860	0.01111	0.41884	0.00673	0.13619	0.02762	0.14849	0.02912	0.00920	0.00703	0.00426	0.00357	0.00104	0.00524	0.00301	0.00290	0.08536
25	0.00825	0.00818	0.01017	0.00903	0.00940	0.08617	0.00732	0.00924	0.00654	0.00931	0.00688	0.01077	0.00665	0.03756	0.23657	0.00295	0.52550	0.00362	0.00187	0.00404
26	0.00482	0.00343	0.00454	0.00541	0.00562	0.00321	0.00358	0.00547	0.00743	0.00990	0.02121	0.82345	0.02542	0.04919	0.00565	0.00169	0.00234	0.01091	0.00358	0.00315
27	0.01480	0.01595	0.01096	0.00953	0.01183	0.59925	0.00733	0.17800	0.01254	0.07772	0.00758	0.00816	0.00582	0.00425	0.00363	0.00106	0.00614	0.00286	0.01748	0.00512
28	0.01362	0.00872	0.00984	0.00801	0.01075	0.00935	0.00647	0.27155	0.34078	0.25640	0.01377	0.01263	0.00966	0.00499	0.00395	0.00125	0.00355	0.00401	0.00422	0.00648
29	0.00528	0.00395	0.00460	0.00458	0.00556	0.00351	0.00333	0.00648	0.00934	0.02766	0.31197	0.14119	0.38408	0.06398	0.00565	0.00148	0.00212	0.00799	0.00382	0.00343
30	0.01510	0.00775	0.00943	0.02947	0.01058	0.00769	0.00613	0.26175	0.04144	0.45909	0.01414	0.01309	0.03887	0.00497	0.00388	0.00119	0.00353	0.00396	0.06167	0.00627
31	0.00799	0.06280	0.80054	0.01095	0.01662	0.00943	0.01409	0.01238	0.00826	0.01225	0.00696	0.00818	0.00497	0.00371	0.00366	0.00122	0.00571	0.00286	0.00166	0.00576
32	0.77196	0.00796	0.00652	0.00564	0.00816	0.00912	0.00465	0.10551	0.00812	0.03443	0.00611	0.00686	0.00463	0.00379	0.00263	0.00121	0.00319	0.00232	0.00265	0.00457
33	0.04737	0.00671	0.00816	0.00661	0.00905	0.02039	0.00530	0.06978	0.07236	0.49009	0.11110	0.01680	0.06540	0.04691	0.00478	0.00135	0.00320	0.00458	0.00433	0.00574
34	0.04582	0.00717	0.00836	0.00614	0.00947	0.00586	0.00495	0.04960	0.02434	0.13231	0.00841	0.00899	0.00646	0.00334	0.00310	0.00074	0.00304	0.00264	0.00280	0.66648
35	0.04583	0.00442	0.00555	0.00540	0.00645	0.00417	0.00400	0.02859	0.00980	0.09813	0.38267	0.29882	0.06566	0.00893	0.00457	0.00136	0.00228	0.01544	0.00402	0.00391
36	0.00516	0.00365	0.00443	0.00483	0.00512	0.00346	0.00309	0.00569	0.00718	0.00949	0.06906	0.40823	0.10417	0.33596	0.01065	0.00239	0.00280	0.00853	0.00320	0.00292
37	0.38176	0.00859	0.00834	0.00688	0.00936	0.00966	0.00558	0.34943	0.03864	0.03205	0.00830	0.00972	0.00652	0.06083	0.04725	0.00163	0.00400	0.00315	0.00312	0.00520
38	0.00681	0.00340	0.00511	0.00511	0.00511	0.00340	0.00340	0.00511	0.00511	0.00681	0.00681	0.01192	0.00681	0.01362	0.01532	0.88594	0.00340	0.00340	0.00170	0.00170
39	0.00508	0.00396	0.00450	0.00443	0.00546	0.00350	0.00325	0.00629	0.00939	0.01215	0.31753	0.05527	0.45109	0.08112	0.00594	0.00151	0.00212	0.02026	0.00377	0.00337
40	0.18960	0.00598	0.00658	0.00586	0.00768	0.00620	0.00459	0.02388	0.13964	0.17304	0.21810	0.07069	0.01679	0.00656	0.02575	0.00137	0.00286	0.00487	0.08521	0.00477
41	0.06087	0.00633	0.00711	0.00624	0.00793	0.00665	0.00486	0.15531	0.16346	0.03781	0.40364	0.03461	0.06251	0.01981	0.00447	0.00129	0.00267	0.00569	0.00401	0.00475
42	0.02033	0.32918	0.20886	0.00860	0.02634	0.07617	0.02885	0.03089	0.09224	0.01181	0.00733	0.00816	0.00590	0.00367	0.00319	0.00099	0.00456	0.00271	0.00209	0.12813

[dist]
# distance from previous block
# <min> <max>
0	1

[block]
# block no. 3 follows, 69 sequences, length 27
# corresponding to MSA columns:
# 306-332
name=unknown_D
#
# <colnr> <probs for GDERKNQSTAVLIFYWHMCP>
#	G	D	E	R	K	N	Q	S	T	A	V	L	I	F	Y	W	H	M	C	P
0	0.00968	0.00818	0.00896	0.00851	0.04721	0.00929	0.00631	0.04952	0.69149	0.02711	0.01609	0.06018	0.02860	0.00567	0.00405	0.00133	0.00315	0.00479	0.00388	0.00601
1	0.00813	0.00697	0.00813	0.00581	0.00929	0.00523	0.00465	0.00987	0.00813	0.01277	0.00697	0.00813	0.00581	0.00290	0.00290	0.00058	0.00290	0.00232	0.00232	0.88619
2	0.00675	0.00477	0.00685	0.00614	0.00741	0.00447	0.06197	0.00882	0.03517	0.07256	0.54880	0.09212	0.05112	0.01909	0.00484	0.00134	0.00250	0.05722	0.00404	0.00402
3	0.07593	0.01013	0.01105	0.00845	0.01159	0.01088	0.02188	0.63265	0.01601	0.04861	0.00902	0.00920	0.00648	0.00440	0.00371	0.00111	0.00407	0.00332	0.00363	0.10787
4	0.00602	0.00424	0.00584	0.00602	0.00672	0.00438	0.01400	0.00742	0.03142	0.03904	0.05277	0.26229	0.03673	0.11288	0.29097	0.00341	0.00547	0.10381	0.00304	0.00351
5	0.00481	0.00397	0.00422	0.00418	0.00541	0.00338	0.00312	0.00595	0.00931	0.01153	0.18626	0.05225	0.67284	0.00962	0.00464	0.00131	0.00197	0.00811	0.00377	0.00338
6	0.17026	0.06894	0.00952	0.00687	0.00980	0.02641	0.00563	0.19636	0.11801	0.04024	0.02822	0.00945	0.00731	0.00399	0.00325	0.00099	0.00344	0.00298	0.00299	0.28536
7	0.01001	0.55108	0.26623	0.00821	0.01228	0.01335	0.00909	0.06938	0.00880	0.01127	0.00621	0.00711	0.00513	0.00356	0.00298	0.00098	0.00468	0.00244	0.00183	0.00538
8	0.00613	0.00440	0.00510	0.00501	0.00547	0.00458	0.00329	0.02204	0.07417	0.00919	0.01465	0.02452	0.07530	0.57388	0.12904	0.00364	0.00452	0.02944	0.00263	0.00303
9	0.00970	0.00931	0.01591	0.02406	0.83777	0.00931	0.01203	0.01203	0.00893	0.01281	0.00737	0.00970	0.00621	0.00349	0.00388	0.00116	0.00466	0.00349	0.00194	0.00621
10	0.01000	0.70813	0.17275	0.00754	0.01134	0.01432	0.00815	0.01186	0.00802	0.00982	0.00574	0.00666	0.00502	0.00342	0.00274	0.00091	0.00449	0.00224	0.00167	0.00517
11	0.06627	0.00871	0.01005	0.00782	0.01082	0.00897	0.00644	0.36986	0.06538	0.38590	0.01228	0.01131	0.00821	0.00475	0.00385	0.00120	0.00373	0.00369	0.00425	0.00650
12	0.01645	0.00723	0.00931	0.00721	0.01014	0.00671	0.00593	0.13681	0.03387	0.66245	0.05104	0.01351	0.01053	0.00498	0.00397	0.00121	0.00341	0.00403	0.00467	0.00653
13	0.00932	0.01081	0.07322	0.01666	0.14786	0.00975	0.57484	0.03371	0.03214	0.01292	0.00822	0.02366	0.00641	0.00365	0.00455	0.00130	0.01902	0.00439	0.00208	0.00548
14	0.00570	0.00382	0.00438	0.00438	0.00442	0.00386	0.00251	0.00577	0.00573	0.00768	0.01226	0.02512	0.01402	0.81884	0.06302	0.00393	0.00415	0.00562	0.00236	0.00243
15	0.00668	0.00349	0.00523	0.00523	0.00531	0.00356	0.00356	0.00531	0.00523	0.00705	0.00720	0.01228	0.00712	0.01528	0.10279	0.79339	0.00415	0.00349	0.00174	0.00189
16	0.04496	0.00885	0.00951	0.00802	0.01052	0.00988	0.00639	0.27120	0.44411	0.08961	0.01369	0.04449	0.01035	0.00529	0.00394	0.00128	0.00347	0.00427	0.00397	0.00620
17	0.01390	0.16944	0.01279	0.00950	0.01175	0.69839	0.00742	0.01496	0.01055	0.00953	0.00595	0.00693	0.00505	0.00392	0.00335	0.00098	0.00656	0.00245	0.00196	0.00463
18	0.00761	0.00718	0.01214	0.77769	0.10049	0.00876	0.01099	0.01020	0.00794	0.01027	0.00700	0.01038	0.00532	0.00388	0.00392	0.00129	0.00517	0.00348	0.00176	0.00452
19	0.00527	0.00400	0.00485	0.00464	0.00568	0.00358	0.00348	0.00685	0.01043	0.01414	0.59038	0.03189	0.28329	0.00860	0.00463	0.00126	0.00189	0.00745	0.00411	0.00358
20	0.00496	0.00357	0.00475	0.00560	0.00595	0.00335	0.00392	0.00581	0.00781	0.01036	0.04189	0.72279	0.05004	0.01194	0.00503	0.00160	0.00241	0.10131	0.00365	0.00325
21	0.00962	0.00923	0.01576	0.05536	0.80715	0.00929	0.01199	0.01196	0.00889	0.01270	0.00736	0.00973	0.00617	0.00351	0.00388	0.00117	0.00468	0.00349	0.00193	0.00614
22	0.00896	0.27097	0.55277	0.01006	0.03612	0.01093	0.01186	0.01239	0.00828	0.03442	0.00681	0.00786	0.00515	0.00364	0.00337	0.00112	0.00522	0.00270	0.00176	0.00560
23	0.00583	0.00419	0.00501	0.00498	0.00524	0.01906	0.00323	0.00630	0.00612	0.00829	0.03452	0.02247	0.01344	0.58315	0.25767	0.00440	0.00574	0.00525	0.00234	0.00278
24	0.00900	0.00859	0.01464	0.27874	0.58861	0.00913	0.01168	0.01141	0.00859	0.01195	0.00725	0.00993	0.00591	0.00362	0.00389	0.00121	0.00483	0.00349	0.00188	0.00564
25	0.08326	0.37020	0.27575	0.00879	0.02979	0.01189	0.02880	0.06286	0.04583	0.03950	0.00709	0.00789	0.00556	0.00372	0.00317	0.00107	0.00460	0.00269	0.00209	0.00544
26	0.01130	0.00959	0.03224	0.01358	0.28938	0.02036	0.00859	0.29344	0.15468	0.03440	0.07246	0.02269	0.00996	0.00472	0.00398	0.00121	0.00406	0.00402	0.00323	0.00612

[dist]
# distance from previous block
# <min> <max>
0	3

[block]
# block no. 4 follows, 69 sequences, length 33
# corresponding to MSA columns:
# 336-368
name=unknown_E
#
# <colnr> <probs for GDERKNQSTAVLIFYWHMCP>
#	G	D	E	R	K	N	Q	S	T	A	V	L	I	F	Y	W	H	M	C	P
0	0.00964	0.03790	0.04664	0.03039	0.09926	0.01657	0.09071	0.03606	0.03775	0.08704	0.00820	0.00927	0.00637	0.00341	0.00340	0.00088	0.00383	0.00299	0.00251	0.46717
1	0.04077	0.07241	0.01148	0.04821	0.19435	0.25778	0.01972	0.06026	0.01929	0.02240	0.12730	0.01366	0.07565	0.00497	0.00392	0.00114	0.01521	0.00398	0.00260	0.00489
2	0.02782	0.00991	0.01284	0.01008	0.01240	0.03949	0.11843	0.33652	0.04259	0.10993	0.00882	0.00985	0.00661	0.00508	0.00635	0.00134	0.22947	0.00367	0.00309	0.00572
3	0.01999	0.00505	0.00660	0.00578	0.00721	0.00481	0.02612	0.03604	0.05488	0.12719	0.58276	0.02487	0.03871	0.03653	0.00497	0.00133	0.00241	0.00624	0.00419	0.00433
4	0.00853	0.08297	0.58356	0.01049	0.03077	0.00927	0.04429	0.03854	0.04369	0.03420	0.05908	0.01037	0.01886	0.00415	0.00376	0.00121	0.00516	0.00336	0.00212	0.00563
5	0.00681	0.00340	0.00511	0.00511	0.00511	0.00340	0.00340	0.00511	0.00511	0.00681	0.00681	0.01192	0.00681	0.01362	0.01532	0.88594	0.00340	0.00340	0.00170	0.00170
6	0.00664	0.00440	0.00569	0.00522	0.00636	0.00412	0.00396	0.00887	0.04704	0.07779	0.73806	0.02744	0.03384	0.00766	0.00454	0.00124	0.00202	0.00674	0.00434	0.00403
7	0.01075	0.01054	0.01639	0.07221	0.54022	0.06950	0.13044	0.04305	0.03962	0.01361	0.00844	0.01084	0.00693	0.00412	0.00428	0.00132	0.00532	0.00386	0.00234	0.00622
8	0.04041	0.01928	0.02415	0.02844	0.10363	0.03948	0.19188	0.11924	0.07441	0.07316	0.01255	0.20411	0.01178	0.00613	0.00429	0.00133	0.00432	0.03325	0.00303	0.00513
9	0.00569	0.00395	0.00479	0.00483	0.00505	0.00409	0.00305	0.00628	0.02359	0.00838	0.02396	0.07810	0.02368	0.60770	0.17689	0.00402	0.00493	0.00579	0.00248	0.00275
10	0.00634	0.00487	0.00600	0.00623	0.00699	0.02115	0.02070	0.08844	0.03692	0.01177	0.01980	0.62171	0.04751	0.02855	0.01675	0.00164	0.00288	0.04447	0.00357	0.00372
11	0.19652	0.05686	0.01119	0.02635	0.13553	0.09852	0.02171	0.21848	0.02953	0.12833	0.00878	0.02534	0.00667	0.00432	0.00364	0.00117	0.01518	0.00328	0.00300	0.00560
12	0.05828	0.00462	0.00495	0.00490	0.00624	0.00435	0.00379	0.01722	0.06132	0.02298	0.10865	0.07084	0.50179	0.02217	0.00478	0.00141	0.00236	0.09203	0.00365	0.00368
13	0.00592	0.00386	0.00445	0.00448	0.00458	0.00384	0.00263	0.00604	0.00600	0.02426	0.01312	0.06341	0.01497	0.77800	0.01847	0.00358	0.00372	0.03360	0.00252	0.00254
14	0.02728	0.64041	0.11976	0.00752	0.01103	0.06171	0.00766	0.02920	0.04523	0.01044	0.00623	0.00702	0.00535	0.00356	0.00282	0.00093	0.00448	0.00235	0.00186	0.00517
15	0.16962	0.15988	0.19157	0.00883	0.02726	0.06517	0.07419	0.04072	0.00905	0.16170	0.00814	0.00876	0.00596	0.00389	0.00346	0.00113	0.01421	0.00296	0.01486	0.02863
16	0.00478	0.00341	0.00455	0.00546	0.00569	0.00318	0.00364	0.00546	0.00751	0.01001	0.02161	0.85966	0.02593	0.01228	0.00500	0.00159	0.00227	0.01114	0.00364	0.00318
17	0.00943	0.00927	0.01576	0.10648	0.65174	0.02644	0.08069	0.01181	0.00889	0.01239	0.00803	0.01039	0.02352	0.00367	0.00396	0.00119	0.00487	0.00367	0.00196	0.00585
18	0.03397	0.10260	0.02618	0.00868	0.06907	0.07952	0.02513	0.07923	0.09217	0.30847	0.06709	0.05131	0.01089	0.02306	0.00416	0.00124	0.00387	0.00413	0.00357	0.00568
19	0.00557	0.00419	0.00622	0.00622	0.00694	0.00485	0.00483	0.00695	0.00639	0.00915	0.01151	0.01617	0.03831	0.02873	0.81763	0.00613	0.01021	0.00434	0.00215	0.00349
20	0.00596	0.00417	0.00528	0.00494	0.00601	0.00382	0.00373	0.00783	0.02304	0.04699	0.69177	0.02951	0.13595	0.00809	0.00459	0.00125	0.00194	0.00708	0.00425	0.00380
21	0.00970	0.00931	0.01591	0.02406	0.83777	0.00931	0.01203	0.01203	0.00893	0.01281	0.00737	0.00970	0.00621	0.00349	0.00388	0.00116	0.00466	0.00349	0.00194	0.00621
22	0.00959	0.08308	0.52937	0.03304	0.12234	0.00994	0.08958	0.01307	0.00902	0.05004	0.00814	0.00980	0.00613	0.00416	0.00406	0.00134	0.00570	0.00338	0.00212	0.00611
23	0.00635	0.00522	0.00673	0.00648	0.00698	0.03838	0.00488	0.00734	0.00631	0.00881	0.01009	0.01661	0.01007	0.21929	0.51724	0.00494	0.11441	0.00439	0.00211	0.00338
24	0.00844	0.00846	0.01259	0.01056	0.01094	0.01132	0.08249	0.00951	0.00634	0.00969	0.00602	0.02854	0.00595	0.02099	0.03167	0.00182	0.72482	0.00377	0.00180	0.00431
25	0.01026	0.00828	0.00883	0.00770	0.01000	0.02608	0.00604	0.09895	0.54578	0.05740	0.01449	0.03258	0.01142	0.02877	0.00439	0.00133	0.00332	0.03679	0.00377	0.08381
26	0.01049	0.00915	0.00975	0.00918	0.05896	0.05497	0.01748	0.06404	0.66153	0.03767	0.01444	0.01356	0.01083	0.00507	0.00396	0.00129	0.00353	0.00421	0.00376	0.00614
27	0.88991	0.00758	0.00576	0.00516	0.00758	0.00879	0.00425	0.01152	0.00667	0.01759	0.00546	0.00637	0.00425	0.00364	0.00243	0.00121	0.00303	0.00212	0.00243	0.00425
28	0.00709	0.00569	0.00679	0.00548	0.00786	0.00452	0.00422	0.00863	0.00867	0.02889	0.15323	0.13951	0.08288	0.00577	0.00367	0.00091	0.00256	0.00496	0.00301	0.51566
29	0.01331	0.02451	0.01071	0.00894	0.04933	0.01017	0.00693	0.40715	0.23186	0.14695	0.04043	0.01204	0.00954	0.00492	0.00394	0.00122	0.00377	0.00393	0.00396	0.00639
30	0.00756	0.00424	0.00589	0.00585	0.00602	0.00419	0.00394	0.00611	0.00594	0.00809	0.00856	0.01452	0.00855	0.07542	0.11076	0.71123	0.00457	0.00396	0.00212	0.00248
31	0.04077	0.07186	0.01247	0.01221	0.16693	0.53748	0.00821	0.06635	0.01082	0.02847	0.00666	0.00777	0.00544	0.00394	0.00353	0.00105	0.00605	0.00276	0.00217	0.00506
32	0.05740	0.05431	0.04213	0.00792	0.04248	0.10633	0.00631	0.11038	0.04911	0.19226	0.07010	0.02179	0.00935	0.00439	0.00355	0.00103	0.00383	0.00344	0.00319	0.21069

[dist]
# distance from previous block
# <min> <max>
2	4

[block]
# block no. 5 follows, 69 sequences, length 10
# corresponding to MSA columns:
# 373-382
name=unknown_F
#
# <colnr> <probs for GDERKNQSTAVLIFYWHMCP>
#	G	D	E	R	K	N	Q	S	T	A	V	L	I	F	Y	W	H	M	C	P
0	0.02806	0.27261	0.14127	0.00764	0.01096	0.03603	0.00735	0.10866	0.05806	0.03735	0.00826	0.04835	0.00703	0.01818	0.00376	0.00105	0.02473	0.00316	0.00243	0.17507
1	0.00532	0.00369	0.00441	0.00470	0.00491	0.00356	0.00292	0.00573	0.00686	0.00913	0.07184	0.30518	0.06935	0.47003	0.01302	0.00274	0.00305	0.00777	0.00300	0.00279
2	0.07523	0.01012	0.15272	0.00947	0.05976	0.00825	0.05941	0.18829	0.03057	0.24837	0.03111	0.04503	0.02520	0.00504	0.00396	0.00126	0.00413	0.03282	0.00343	0.00584
3	0.00940	0.17007	0.47268	0.01093	0.07118	0.02774	0.04203	0.01340	0.07261	0.06263	0.00799	0.00888	0.00594	0.00383	0.00358	0.00117	0.00512	0.00303	0.00208	0.00572
4	0.01296	0.00668	0.00800	0.00656	0.00882	0.04941	0.00524	0.05687	0.03746	0.44967	0.27227	0.01845	0.03833	0.00593	0.00415	0.00121	0.00308	0.00496	0.00443	0.00553
5	0.00559	0.00415	0.00517	0.00547	0.00615	0.00405	0.00389	0.03282	0.04733	0.01165	0.15710	0.44702	0.11403	0.05854	0.05599	0.00189	0.00289	0.02915	0.00361	0.00352
6	0.03857	0.04869	0.16037	0.01267	0.22309	0.04259	0.02938	0.11881	0.03683	0.23582	0.00984	0.01021	0.00700	0.00413	0.00378	0.00118	0.00449	0.00343	0.00300	0.00612
7	0.05502	0.05053	0.14207	0.02886	0.19110	0.05010	0.15776	0.07383	0.06409	0.11917	0.00888	0.00995	0.00658	0.00398	0.00403	0.00122	0.02095	0.00355	0.00257	0.00577
8	0.02518	0.02633	0.05040	0.00799	0.03040	0.00704	0.09259	0.13687	0.04299	0.09174	0.21403	0.06084	0.07499	0.08187	0.01699	0.00155	0.02460	0.00541	0.00341	0.00475
9	0.05767	0.04989	0.07701	0.00996	0.10693	0.04978	0.02728	0.27549	0.06483	0.07881	0.01126	0.05684	0.04547	0.02604	0.00420	0.00124	0.00414	0.00402	0.00313	0.04602

[dist]
# distance from previous block
# <min> <max>
6	35

[block]
# block no. 6 follows, 69 sequences, length 19
# corresponding to MSA columns:
# 418-436
name=unknown_G
#
# <colnr> <probs for GDERKNQSTAVLIFYWHMCP>
#	G	D	E	R	K	N	Q	S	T	A	V	L	I	F	Y	W	H	M	C	P
0	0.27028	0.00794	0.00839	0.00673	0.00954	0.02235	0.00550	0.15020	0.05929	0.30633	0.01112	0.01065	0.02484	0.00441	0.00341	0.00115	0.00339	0.00329	0.00363	0.08756
1	0.37163	0.00772	0.00786	0.00626	0.00910	0.00785	0.00512	0.14131	0.00984	0.17777	0.02852	0.00914	0.00682	0.00399	0.00311	0.00107	0.00324	0.00286	0.00316	0.19363
2	0.26893	0.00719	0.00770	0.00596	0.00895	0.00666	0.00484	0.05203	0.00888	0.16762	0.03536	0.00933	0.00713	0.00373	0.00306	0.00093	0.00306	0.00278	0.00296	0.39289
3	0.00869	0.00674	0.00800	0.00584	0.00911	0.00516	0.00467	0.01042	0.00858	0.07772	0.06515	0.01001	0.00828	0.00341	0.00310	0.00068	0.00286	0.00278	0.00266	0.75615
