[name]
unknown

[dist]
# distance from previous block
# <min> <max>
2	490

[block]
# block no. 0 follows, 74 sequences, length 96
# corresponding to MSA columns:
# 626-721
name=unknown_A
#
# <colnr> <probs for GDERKNQSTAVLIFYWHMCP>
#	G	D	E	R	K	N	Q	S	T	A	V	L	I	F	Y	W	H	M	C	P
0	0.08960	0.06880	0.01143	0.21712	0.17343	0.13153	0.02182	0.07203	0.04489	0.01186	0.00766	0.00947	0.02400	0.00511	0.04673	0.00136	0.03469	0.00313	0.00209	0.02323
1	0.03929	0.03945	0.01118	0.03291	0.18081	0.25091	0.03416	0.13337	0.02858	0.02926	0.00800	0.05031	0.00687	0.00639	0.08149	0.00152	0.02514	0.00340	0.00234	0.03464
2	0.03853	0.02703	0.02342	0.11393	0.34622	0.02055	0.05127	0.10278	0.04235	0.05215	0.03042	0.04243	0.06313	0.00441	0.00373	0.00114	0.00405	0.00395	0.00247	0.02604
3	0.00549	0.00402	0.00565	0.00561	0.00617	0.00454	0.00417	0.02361	0.00611	0.00864	0.01046	0.03068	0.01035	0.20282	0.64841	0.00530	0.00837	0.00437	0.00210	0.00315
4	0.00903	0.00662	0.00782	0.00583	0.00879	0.00549	0.00467	0.07477	0.02628	0.10667	0.05869	0.00991	0.00802	0.00391	0.01837	0.00082	0.00295	0.00283	0.01765	0.62089
5	0.04278	0.00962	0.00999	0.00796	0.01057	0.05696	0.01529	0.53963	0.10788	0.04367	0.00988	0.04185	0.00768	0.03473	0.00418	0.00120	0.00391	0.00365	0.00345	0.04511
6	0.01387	0.01769	0.01052	0.00956	0.01148	0.85465	0.00717	0.01482	0.01052	0.00908	0.00574	0.00669	0.00478	0.00383	0.00335	0.00096	0.00669	0.00239	0.00191	0.00430
7	0.04430	0.00847	0.13519	0.00757	0.02095	0.00646	0.03607	0.05787	0.03127	0.52104	0.03920	0.01194	0.00893	0.00441	0.00364	0.00114	0.00355	0.00362	0.04858	0.00581
8	0.00458	0.00375	0.00403	0.00401	0.00514	0.00321	0.00299	0.00568	0.00884	0.01103	0.20768	0.06498	0.64299	0.00910	0.00440	0.00124	0.00186	0.00770	0.00358	0.00321
9	0.01342	0.00988	0.01068	0.00836	0.01114	0.01090	0.00690	0.76837	0.01670	0.02237	0.00979	0.03533	0.00760	0.00496	0.00381	0.00116	0.00400	0.04487	0.00369	0.00607
10	0.01387	0.01769	0.01052	0.00956	0.01148	0.85465	0.00717	0.01482	0.01052	0.00908	0.00574	0.00669	0.00478	0.00383	0.00335	0.00096	0.00669	0.00239	0.00191	0.00430
11	0.01646	0.00697	0.00876	0.00679	0.00962	0.04847	0.00557	0.03433	0.01076	0.78994	0.01408	0.01226	0.00891	0.00455	0.00371	0.00114	0.00336	0.00366	0.00444	0.00622
12	0.00913	0.00876	0.01497	0.04393	0.82568	0.00880	0.01136	0.01134	0.00843	0.01206	0.00697	0.00920	0.00586	0.00332	0.00368	0.00111	0.00442	0.00331	0.00183	0.00584
13	0.00530	0.00398	0.00597	0.00597	0.00663	0.00464	0.00464	0.00663	0.00597	0.00862	0.00994	0.01458	0.00928	0.02784	0.85484	0.00597	0.00994	0.00398	0.00199	0.00331
14	0.01353	0.01622	0.01055	0.00939	0.01136	0.70323	0.00715	0.10495	0.03891	0.01087	0.00637	0.00723	0.00517	0.00403	0.00372	0.00101	0.03700	0.00259	0.00216	0.00457
15	0.01066	0.00611	0.00768	0.00586	0.00865	0.00494	0.00472	0.01211	0.00881	0.31468	0.05079	0.03031	0.00914	0.00439	0.00369	0.03074	0.00287	0.02535	0.00320	0.45531
16	0.00535	0.00376	0.00437	0.00434	0.00510	0.00344	0.00301	0.00611	0.00774	0.04160	0.15347	0.12201	0.32689	0.23934	0.03700	0.02063	0.00270	0.00693	0.00318	0.00304
17	0.00997	0.00834	0.00881	0.00770	0.00993	0.00958	0.00605	0.14270	0.71551	0.01672	0.01417	0.01310	0.01057	0.00495	0.00377	0.00124	0.00311	0.00407	0.00377	0.00594
18	0.00540	0.00360	0.00405	0.00405	0.00405	0.00360	0.00225	0.00540	0.00540	0.00720	0.01170	0.02429	0.01349	0.86955	0.01889	0.00360	0.00360	0.00540	0.00225	0.00225
19	0.00471	0.00367	0.00409	0.00416	0.00501	0.00325	0.00294	0.00560	0.00816	0.01036	0.16954	0.15155	0.46465	0.13784	0.00660	0.00163	0.00215	0.00767	0.00338	0.00305
20	0.00770	0.00660	0.00770	0.00550	0.00880	0.00495	0.00440	0.00935	0.00770	0.01210	0.00660	0.00770	0.00550	0.00275	0.00275	0.00055	0.00275	0.00220	0.00220	0.89224
21	0.00537	0.00442	0.00496	0.00509	0.02342	0.00419	0.00371	0.00776	0.12306	0.01145	0.14258	0.11524	0.46887	0.02168	0.00457	0.00132	0.00218	0.04300	0.00353	0.00361
22	0.00461	0.00381	0.00406	0.00417	0.00526	0.00333	0.00306	0.00586	0.03619	0.01034	0.07063	0.17811	0.63848	0.00956	0.00443	0.00129	0.00196	0.00813	0.00349	0.00322
23	0.00452	0.00323	0.00431	0.00517	0.00538	0.00301	0.00345	0.00517	0.00711	0.00948	0.02046	0.86713	0.02455	0.01163	0.00474	0.00151	0.00215	0.01055	0.00345	0.00301
24	0.00528	0.00395	0.00580	0.00580	0.00645	0.00454	0.00447	0.00653	0.00602	0.00859	0.01090	0.01571	0.03579	0.06773	0.78787	0.00570	0.00938	0.00417	0.00205	0.00326
25	0.02349	0.04725	0.80759	0.01034	0.01569	0.00882	0.01330	0.01172	0.00780	0.01174	0.00658	0.00774	0.00469	0.00351	0.00347	0.00116	0.00539	0.00270	0.00158	0.00544
26	0.00876	0.01001	0.02190	0.01564	0.01940	0.00939	0.83292	0.01189	0.00876	0.01189	0.00751	0.01001	0.00563	0.00313	0.00438	0.00125	0.00626	0.00438	0.00188	0.00501
27	0.00540	0.00360	0.00405	0.00405	0.00405	0.00360	0.00225	0.00540	0.00540	0.00720	0.01170	0.02429	0.01349	0.86955	0.01889	0.00360	0.00360	0.00540	0.00225	0.00225
28	0.00903	0.00866	0.01478	0.08352	0.78690	0.00878	0.01131	0.01125	0.00838	0.01193	0.00695	0.00924	0.00581	0.00334	0.00368	0.00111	0.00445	0.00331	0.00182	0.00575
29	0.00540	0.00360	0.00405	0.00405	0.00405	0.00360	0.00225	0.00540	0.00540	0.00720	0.01170	0.02429	0.01349	0.86955	0.01889	0.00360	0.00360	0.00540	0.00225	0.00225
30	0.00540	0.00360	0.00405	0.00405	0.00405	0.00360	0.00225	0.00540	0.00540	0.00720	0.01170	0.02429	0.01349	0.86955	0.01889	0.00360	0.00360	0.00540	0.00225	0.00225
31	0.00537	0.00364	0.00423	0.00423	0.00431	0.00369	0.00249	0.00551	0.00551	0.00739	0.01204	0.02359	0.02961	0.77240	0.09812	0.00378	0.00417	0.00531	0.00225	0.00237
32	0.01387	0.01769	0.01052	0.00956	0.01148	0.85465	0.00717	0.01482	0.01052	0.00908	0.00574	0.00669	0.00478	0.00383	0.00335	0.00096	0.00669	0.00239	0.00191	0.00430
33	0.00452	0.00323	0.00431	0.00517	0.00538	0.00301	0.00345	0.00517	0.00711	0.00948	0.02046	0.86713	0.02455	0.01163	0.00474	0.00151	0.00215	0.01055	0.00345	0.00301
34	0.00530	0.00398	0.00597	0.00597	0.00663	0.00464	0.00464	0.00663	0.00597	0.00862	0.00994	0.01458	0.00928	0.02784	0.85484	0.00597	0.00994	0.00398	0.00199	0.00331
35	0.00540	0.00360	0.00405	0.00405	0.00405	0.00360	0.00225	0.00540	0.00540	0.00720	0.01170	0.02429	0.01349	0.86955	0.01889	0.00360	0.00360	0.00540	0.00225	0.00225
36	0.00469	0.00340	0.00445	0.00525	0.00553	0.00323	0.00353	0.00567	0.03607	0.00969	0.02027	0.83745	0.02409	0.01140	0.00470	0.00150	0.00218	0.01033	0.00346	0.00311
37	0.00494	0.00354	0.00454	0.00498	0.00557	0.00325	0.00355	0.00595	0.00819	0.02407	0.20531	0.50360	0.14074	0.01023	0.00462	0.00140	0.00212	0.05659	0.00360	0.00321
38	0.00525	0.00379	0.00496	0.00467	0.00555	0.00350	0.00350	0.00700	0.01051	0.01488	0.84444	0.02773	0.03502	0.00759	0.00438	0.00117	0.00175	0.00671	0.00409	0.00350
39	0.01652	0.00653	0.00875	0.00671	0.00958	0.00578	0.00554	0.06123	0.01098	0.80532	0.01434	0.01244	0.00904	0.00459	0.00373	0.00115	0.00321	0.00371	0.00455	0.00632
40	0.00452	0.00323	0.00431	0.00517	0.00538	0.00301	0.00345	0.00517	0.00711	0.00948	0.02046	0.86713	0.02455	0.01163	0.00474	0.00151	0.00215	0.01055	0.00345	0.00301
41	0.01401	0.01035	0.01108	0.00852	0.01147	0.01146	0.00703	0.81721	0.03443	0.02323	0.00904	0.00901	0.00642	0.00447	0.00371	0.00112	0.00406	0.00336	0.00371	0.00630
42	0.00876	0.01001	0.02190	0.01564	0.01940	0.00939	0.83292	0.01189	0.00876	0.01189	0.00751	0.01001	0.00563	0.00313	0.00438	0.00125	0.00626	0.00438	0.00188	0.00501
43	0.01253	0.00581	0.00727	0.00586	0.00822	0.00518	0.00475	0.06820	0.02185	0.51890	0.03171	0.01957	0.26166	0.00608	0.00394	0.00118	0.00281	0.00499	0.00417	0.00531
44	0.00471	0.00375	0.00415	0.00406	0.00517	0.00325	0.00304	0.00581	0.00895	0.01136	0.27595	0.03258	0.57827	0.00897	0.00470	0.02927	0.00188	0.00736	0.00358	0.00320
45	0.00773	0.00670	0.00814	0.00582	0.00913	0.00509	0.03048	0.00943	0.00773	0.01209	0.00663	0.00777	0.00550	0.00276	0.00280	0.00057	0.00286	0.00227	0.00219	0.86431
46	0.01174	0.00738	0.01262	0.00958	0.02730	0.00665	0.27840	0.03005	0.00982	0.37270	0.09580	0.01324	0.02747	0.00434	0.00395	0.00114	0.00402	0.00419	0.00336	0.07627
47	0.00452	0.00323	0.00431	0.00517	0.00538	0.00301	0.00345	0.00517	0.00711	0.00948	0.02046	0.86713	0.02455	0.01163	0.00474	0.00151	0.00215	0.01055	0.00345	0.00301
48	0.00701	0.00660	0.01113	0.86063	0.02556	0.00825	0.01031	0.00948	0.00742	0.00948	0.00660	0.00990	0.00495	0.00371	0.00371	0.00124	0.00495	0.00330	0.00165	0.00412
49	0.00439	0.00376	0.00376	0.00376	0.00501	0.00313	0.00282	0.00533	0.00846	0.01003	0.03760	0.03572	0.84489	0.00940	0.00439	0.00125	0.00188	0.00783	0.00345	0.00313
50	0.89577	0.00718	0.00546	0.00488	0.00718	0.00833	0.00402	0.01091	0.00632	0.01665	0.00517	0.00603	0.00402	0.00345	0.00230	0.00115	0.00287	0.00201	0.00230	0.00402
51	0.00530	0.00397	0.00593	0.00593	0.00658	0.00462	0.00460	0.00661	0.00596	0.00859	0.00997	0.01475	0.00935	0.04218	0.84060	0.00593	0.00983	0.00400	0.00199	0.00330
52	0.00452	0.00323	0.00431	0.00517	0.00538	0.00301	0.00345	0.00517	0.00711	0.00948	0.02046	0.86713	0.02455	0.01163	0.00474	0.00151	0.00215	0.01055	0.00345	0.00301
53	0.01484	0.01092	0.01166	0.00906	0.01207	0.01191	0.00738	0.82459	0.01786	0.02401	0.00969	0.01000	0.00706	0.00498	0.00406	0.00126	0.00435	0.00360	0.00397	0.00671
54	0.01403	0.01036	0.01110	0.00852	0.01148	0.01148	0.00704	0.82132	0.03028	0.02327	0.00901	0.00899	0.00639	0.00446	0.00371	0.00112	0.00407	0.00336	0.00371	0.00631
55	0.00530	0.00398	0.00597	0.00597	0.00663	0.00464	0.00464	0.00663	0.00597	0.00862	0.00994	0.01458	0.00928	0.02784	0.85484	0.00597	0.00994	0.00398	0.00199	0.00331
56	0.00462	0.00377	0.00409	0.00401	0.00516	0.00323	0.00300	0.00578	0.00901	0.01134	0.25614	0.03356	0.62553	0.00891	0.00438	0.00123	0.00185	0.00753	0.00362	0.00323
57	0.00523	0.00377	0.00494	0.00469	0.00554	0.00348	0.00350	0.00694	0.01039	0.01469	0.81510	0.05762	0.03465	0.00773	0.00439	0.00118	0.00177	0.00685	0.00406	0.00348
58	0.00770	0.00660	0.00770	0.00550	0.00880	0.00495	0.00440	0.00935	0.00770	0.01210	0.00660	0.00770	0.00550	0.00275	0.00275	0.00055	0.00275	0.00220	0.00220	0.89224
59	0.00452	0.00323	0.00431	0.00517	0.00538	0.00301	0.00345	0.00517	0.00711	0.00948	0.02046	0.86713	0.02455	0.01163	0.00474	0.00151	0.00215	0.01055	0.00345	0.00301
60	0.05913	0.00605	0.00801	0.00631	0.00890	0.00536	0.00516	0.01639	0.01028	0.71133	0.08098	0.04324	0.01154	0.00502	0.00375	0.00116	0.00300	0.00412	0.00440	0.00586
61	0.00540	0.00360	0.00405	0.00405	0.00405	0.00360	0.00225	0.00540	0.00540	0.00720	0.01170	0.02429	0.01349	0.86955	0.01889	0.00360	0.00360	0.00540	0.00225	0.00225
62	0.00525	0.00379	0.00496	0.00467	0.00555	0.00350	0.00350	0.00700	0.01051	0.01488	0.84444	0.02773	0.03502	0.00759	0.00438	0.00117	0.00175	0.00671	0.00409	0.00350
63	0.00452	0.00324	0.00429	0.00514	0.00538	0.00302	0.00343	0.00517	0.00714	0.00949	0.02086	0.84762	0.04380	0.01158	0.00473	0.00150	0.00215	0.01049	0.00345	0.00302
64	0.00876	0.00719	0.00768	0.00686	0.00870	0.00802	0.00530	0.12218	0.51824	0.01512	0.05041	0.04167	0.09072	0.07215	0.00506	0.00143	0.00298	0.01873	0.00362	0.00517
65	0.00518	0.00379	0.00486	0.00459	0.00550	0.00347	0.00344	0.00686	0.01033	0.01448	0.77663	0.02840	0.10309	0.00774	0.00438	0.00117	0.00176	0.00681	0.00403	0.00347
66	0.00930	0.00813	0.00843	0.00759	0.00968	0.02245	0.00590	0.01965	0.82673	0.01543	0.01496	0.01374	0.01123	0.00502	0.00377	0.00125	0.00300	0.00417	0.00375	0.00585
67	0.00593	0.00424	0.00593	0.00678	0.00761	0.00423	0.00590	0.00761	0.00850	0.01105	0.01968	0.06954	0.02147	0.01030	0.00511	0.00170	0.00338	0.79422	0.00342	0.00340
68	0.07573	0.00739	0.00823	0.00713	0.00909	0.00795	0.00577	0.39605	0.03599	0.05803	0.02310	0.13657	0.01244	0.04178	0.00465	0.00139	0.00347	0.15680	0.00351	0.00493
69	0.00919	0.00882	0.01507	0.02278	0.84640	0.00882	0.01139	0.01139	0.00845	0.01213	0.00698	0.00919	0.00588	0.00331	0.00367	0.00110	0.00441	0.00331	0.00184	0.00588
70	0.00744	0.01920	0.85032	0.01058	0.01607	0.00862	0.01371	0.01176	0.00784	0.01176	0.00666	0.00784	0.00470	0.00353	0.00353	0.00118	0.00549	0.00274	0.00157	0.00549
71	0.01665	0.00632	0.00861	0.00660	0.00948	0.00546	0.00546	0.01809	0.01062	0.84897	0.01464	0.01263	0.00919	0.00459	0.00373	0.00115	0.00316	0.00373	0.00459	0.00632
72	0.14710	0.00470	0.00542	0.00563	0.00665	0.00485	0.00442	0.03817	0.04157	0.01184	0.05263	0.21188	0.10592	0.00911	0.00532	0.09087	0.00280	0.24458	0.00312	0.00342
73	0.00992	0.87178	0.01945	0.00635	0.00953	0.01469	0.00635	0.01111	0.00754	0.00873	0.00516	0.00595	0.00476	0.00318	0.00238	0.00079	0.00397	0.00198	0.00159	0.00476
74	0.00992	0.87178	0.01945	0.00635	0.00953	0.01469	0.00635	0.01111	0.00754	0.00873	0.00516	0.00595	0.00476	0.00318	0.00238	0.00079	0.00397	0.00198	0.00159	0.00476
75	0.00448	0.00372	0.00387	0.00391	0.00506	0.00316	0.00290	0.00535	0.00827	0.00992	0.04515	0.07135	0.75727	0.00992	0.02001	0.02939	0.00208	0.00773	0.00337	0.00309
76	0.00989	0.00881	0.01617	0.04173	0.02584	0.03563	0.47876	0.03773	0.04038	0.13612	0.00970	0.05384	0.00764	0.00419	0.00441	0.00124	0.03391	0.01671	0.03228	0.00502
77	0.00701	0.00660	0.01113	0.86063	0.02556	0.00825	0.01031	0.00948	0.00742	0.00948	0.00660	0.00990	0.00495	0.00371	0.00371	0.00124	0.00495	0.00330	0.00165	0.00412
78	0.00701	0.00660	0.01113	0.86063	0.02556	0.00825	0.01031	0.00948	0.00742	0.00948	0.00660	0.00990	0.00495	0.00371	0.00371	0.00124	0.00495	0.00330	0.00165	0.00412
79	0.00740	0.00693	0.01148	0.74213	0.09647	0.00847	0.01026	0.02898	0.00770	0.01002	0.00663	0.00976	0.00506	0.00378	0.00396	0.00123	0.03040	0.00330	0.00171	0.00433
80	0.00701	0.00660	0.01113	0.86063	0.02556	0.00825	0.01031	0.00948	0.00742	0.00948	0.00660	0.00990	0.00495	0.00371	0.00371	0.00124	0.00495	0.00330	0.00165	0.00412
81	0.00992	0.87178	0.01945	0.00635	0.00953	0.01469	0.00635	0.01111	0.00754	0.00873	0.00516	0.00595	0.00476	0.00318	0.00238	0.00079	0.00397	0.00198	0.00159	0.00476
82	0.01001	0.03745	0.01122	0.27736	0.17646	0.09504	0.00852	0.13191	0.01977	0.08884	0.00973	0.01270	0.03528	0.00451	0.00375	0.00118	0.00446	0.06434	0.00250	0.00496
83	0.03147	0.03769	0.78287	0.01049	0.01578	0.00877	0.03908	0.01172	0.00782	0.01182	0.00661	0.00781	0.00471	0.00350	0.00349	0.00117	0.00541	0.00276	0.00160	0.00541
84	0.01160	0.00915	0.01473	0.01099	0.01410	0.00920	0.34620	0.28620	0.05582	0.14451	0.01010	0.03121	0.00757	0.00428	0.00406	0.00121	0.00471	0.02567	0.00308	0.00560
85	0.01387	0.01769	0.01052	0.00956	0.01148	0.85465	0.00717	0.01482	0.01052	0.00908	0.00574	0.00669	0.00478	0.00383	0.00335	0.00096	0.00669	0.00239	0.00191	0.00430
86	0.04084	0.01437	0.01055	0.03794	0.02824	0.54668	0.02370	0.15836	0.02320	0.01206	0.00683	0.00824	0.00558	0.01521	0.02548	0.00119	0.02237	0.01224	0.00228	0.00465
87	0.00753	0.01860	0.79634	0.01091	0.01628	0.00867	0.06709	0.01176	0.00790	0.01176	0.00672	0.00798	0.00476	0.00350	0.00358	0.00118	0.00554	0.00285	0.00159	0.00545
88	0.02313	0.00441	0.00629	0.05192	0.01915	0.00433	0.05107	0.00710	0.05268	0.01044	0.03855	0.60489	0.02036	0.00955	0.00447	0.00141	0.00269	0.04248	0.00320	0.04189
89	0.00531	0.00397	0.00591	0.00591	0.00656	0.00461	0.00457	0.00659	0.00595	0.00858	0.00999	0.01486	0.00940	0.05155	0.83129	0.00590	0.00976	0.00402	0.00200	0.00328
90	0.00797	0.04215	0.59636	0.01042	0.01495	0.00896	0.08579	0.01247	0.09509	0.02507	0.00767	0.00879	0.00563	0.00415	0.01644	0.00127	0.04648	0.00308	0.00188	0.00537
91	0.00550	0.00385	0.00497	0.00471	0.00565	0.00353	0.00355	0.00714	0.01021	0.03743	0.71691	0.05463	0.09590	0.00783	0.00439	0.00120	0.00185	0.02322	0.00402	0.00354
92	0.00462	0.00341	0.00433	0.00489	0.00538	0.00312	0.00339	0.00549	0.00783	0.01036	0.14025	0.60032	0.16013	0.01067	0.00463	0.00142	0.00207	0.02102	0.00354	0.00311
93	0.19334	0.04659	0.02712	0.00841	0.01080	0.40320	0.03794	0.15633	0.04821	0.01360	0.00667	0.00740	0.00523	0.00384	0.00321	0.00104	0.00509	0.00262	0.00237	0.01698
94	0.06602	0.00830	0.01193	0.30297	0.19276	0.04078	0.07754	0.12669	0.06947	0.01310	0.00884	0.02203	0.03532	0.00407	0.00370	0.00118	0.00446	0.00360	0.00229	0.00495
95	0.02007	0.09098	0.02143	0.00797	0.01081	0.06777	0.06540	0.34033	0.05284	0.07563	0.04345	0.01072	0.02942	0.00429	0.00352	0.00102	0.00394	0.01349	0.00307	0.13385

[dist]
# distance from previous block
# <min> <max>
0	11

[block]
# block no. 1 follows, 74 sequences, length 32
# corresponding to MSA columns:
# 733-764
name=unknown_B
#
# <colnr> <probs for GDERKNQSTAVLIFYWHMCP>
#	G	D	E	R	K	N	Q	S	T	A	V	L	I	F	Y	W	H	M	C	P
0	0.00683	0.00571	0.00736	0.02883	0.03761	0.03776	0.04963	0.08393	0.00845	0.01139	0.01485	0.44936	0.01646	0.02455	0.01415	0.00138	0.01282	0.05796	0.00299	0.12801
1	0.00566	0.00424	0.00558	0.00594	0.07130	0.00389	0.00402	0.00727	0.00990	0.03487	0.58235	0.02763	0.20818	0.00757	0.00431	0.00118	0.00202	0.00661	0.00378	0.00368
2	0.00896	0.00695	0.00972	0.03519	0.08390	0.00600	0.07933	0.02623	0.03159	0.11294	0.00904	0.03801	0.00753	0.00383	0.00335	0.00087	0.00337	0.04305	0.00258	0.48757
3	0.01444	0.00932	0.01041	0.00803	0.01091	0.00996	0.00661	0.63241	0.01568	0.20675	0.01047	0.03051	0.00739	0.00466	0.00374	0.00113	0.00383	0.00360	0.00390	0.00623
4	0.00935	0.00884	0.02525	0.14428	0.54578	0.00903	0.06969	0.10763	0.00937	0.01302	0.00735	0.00973	0.00596	0.00358	0.00375	0.00114	0.00459	0.01404	0.00205	0.00557
5	0.04635	0.51103	0.02603	0.02136	0.01047	0.28792	0.00670	0.03461	0.00873	0.00961	0.00549	0.00637	0.00478	0.00345	0.00277	0.00088	0.00485	0.00219	0.00178	0.00462
6	0.00452	0.00325	0.00429	0.00513	0.00537	0.00302	0.00343	0.00517	0.00715	0.00949	0.02098	0.84160	0.04973	0.01156	0.00473	0.00150	0.00215	0.01047	0.00345	0.00302
7	0.00875	0.00840	0.02296	0.15854	0.60538	0.02079	0.01058	0.01855	0.00835	0.02042	0.02996	0.02982	0.00693	0.00382	0.00398	0.00115	0.03075	0.00355	0.00194	0.00538
8	0.00545	0.00375	0.00475	0.00450	0.00538	0.00349	0.00337	0.00718	0.01012	0.01465	0.72220	0.02611	0.04790	0.00721	0.00415	0.00113	0.00175	0.00632	0.11710	0.00349
9	0.89577	0.00718	0.00546	0.00488	0.00718	0.00833	0.00402	0.01091	0.00632	0.01665	0.00517	0.00603	0.00402	0.00345	0.00230	0.00115	0.00287	0.00201	0.00230	0.00402
10	0.00971	0.68082	0.03407	0.00748	0.01039	0.01377	0.06225	0.03191	0.00768	0.00940	0.00541	0.00658	0.00487	0.00358	0.00365	0.00093	0.09875	0.00233	0.00167	0.00476
11	0.00454	0.00338	0.00423	0.00486	0.00534	0.00308	0.00335	0.00530	0.00753	0.00978	0.04669	0.64107	0.21153	0.01099	0.00465	0.00144	0.00210	0.02360	0.00346	0.00306
12	0.00494	0.00378	0.00453	0.00434	0.00535	0.00337	0.00326	0.00640	0.00977	0.01314	0.55399	0.03060	0.32656	0.00824	0.00438	0.00120	0.00180	0.00712	0.00386	0.00337
13	0.00826	0.00833	0.03386	0.29478	0.42774	0.00854	0.11579	0.01066	0.00807	0.01110	0.00716	0.01961	0.00587	0.01971	0.00407	0.00122	0.00481	0.00355	0.00180	0.00508
14	0.00458	0.00343	0.00426	0.00484	0.00538	0.00311	0.00338	0.00539	0.00767	0.00995	0.06798	0.58649	0.23102	0.01081	0.00464	0.00143	0.00211	0.03695	0.00348	0.00308
15	0.05547	0.00948	0.03864	0.01098	0.12477	0.08918	0.00817	0.08052	0.00769	0.01119	0.00583	0.00823	0.00520	0.00580	0.02893	0.00148	0.47479	0.00309	0.00192	0.02864
16	0.00919	0.00879	0.01482	0.02223	0.81586	0.00883	0.01119	0.01170	0.03879	0.01225	0.00728	0.00936	0.00608	0.00337	0.00368	0.00111	0.00436	0.00334	0.00191	0.00588
17	0.35815	0.42232	0.01281	0.00619	0.00886	0.12045	0.00554	0.01151	0.00744	0.01189	0.00524	0.00608	0.00447	0.00337	0.00247	0.00095	0.00389	0.00205	0.00191	0.00441
18	0.00988	0.13935	0.02896	0.10079	0.05022	0.02676	0.15810	0.12463	0.07153	0.09691	0.06801	0.01337	0.03140	0.00459	0.00376	0.00115	0.00419	0.04967	0.01171	0.00502
19	0.00710	0.00669	0.01129	0.82673	0.05878	0.00827	0.01035	0.00956	0.00746	0.00959	0.00661	0.00987	0.00499	0.00369	0.00371	0.00123	0.00493	0.00330	0.00166	0.00419
20	0.00598	0.00412	0.00489	0.00456	0.00578	0.00369	0.00346	0.02771	0.00975	0.07795	0.40287	0.05541	0.36373	0.00814	0.00433	0.00121	0.00198	0.00698	0.00383	0.00363
21	0.00770	0.00660	0.00770	0.00550	0.00880	0.00495	0.00440	0.00935	0.00770	0.01210	0.00660	0.00770	0.00550	0.00275	0.00275	0.00055	0.00275	0.00220	0.00220	0.89224
22	0.01638	0.00645	0.00866	0.00667	0.00952	0.00569	0.00550	0.03432	0.03538	0.80785	0.01454	0.01260	0.00919	0.00460	0.00373	0.00115	0.00317	0.00374	0.00455	0.00630
23	0.00992	0.87178	0.01945	0.00635	0.00953	0.01469	0.00635	0.01111	0.00754	0.00873	0.00516	0.00595	0.00476	0.00318	0.00238	0.00079	0.00397	0.00198	0.00159	0.00476
24	0.00581	0.00407	0.00550	0.00612	0.00689	0.00398	0.00501	0.01927	0.00855	0.02345	0.10214	0.23483	0.04516	0.01004	0.00486	0.00157	0.00289	0.49036	0.01611	0.00341
25	0.00485	0.00374	0.00442	0.00434	0.00532	0.00332	0.00322	0.00618	0.00941	0.01250	0.45388	0.09661	0.36154	0.00864	0.00441	0.00123	0.00183	0.00747	0.00378	0.00332
26	0.00469	0.00335	0.00449	0.00526	0.00558	0.00315	0.00365	0.00551	0.00748	0.01002	0.08319	0.73861	0.02510	0.01121	0.00474	0.00150	0.00222	0.07368	0.00349	0.00308
27	0.00454	0.00332	0.00427	0.00501	0.00537	0.00306	0.00340	0.00526	0.00736	0.00967	0.03767	0.73592	0.12779	0.01126	0.00469	0.00147	0.00213	0.02132	0.00346	0.00304
28	0.00875	0.00977	0.02066	0.03173	0.08409	0.00937	0.71760	0.01188	0.02410	0.01186	0.00753	0.00997	0.00573	0.00327	0.00449	0.00125	0.02676	0.00425	0.00190	0.00505
29	0.01384	0.00976	0.01061	0.00825	0.01112	0.01070	0.00678	0.67176	0.10280	0.10058	0.01010	0.00978	0.00711	0.00453	0.00372	0.00113	0.00388	0.00347	0.00380	0.00627
30	0.01315	0.01127	0.07651	0.00867	0.01170	0.05608	0.00748	0.65556	0.08745	0.02104	0.00910	0.00914	0.00654	0.00440	0.00368	0.00112	0.00423	0.00332	0.00345	0.00610
31	0.00816	0.19764	0.65125	0.00963	0.01456	0.00998	0.01197	0.03604	0.00806	0.01147	0.00641	0.00747	0.00476	0.00348	0.00329	0.00109	0.00513	0.00260	0.00164	0.00536

[dist]
# distance from previous block
# <min> <max>
1	3

[block]
# block no. 2 follows, 74 sequences, length 30
# corresponding to MSA columns:
# 769-798
name=unknown_C
#
# <colnr> <probs for GDERKNQSTAVLIFYWHMCP>
#	G	D	E	R	K	N	Q	S	T	A	V	L	I	F	Y	W	H	M	C	P
0	0.01250	0.01154	0.01007	0.00842	0.01086	0.23619	0.00666	0.37501	0.22557	0.01709	0.01007	0.01000	0.02096	0.00448	0.00362	0.00110	0.00442	0.00336	0.00321	0.02488
1	0.86414	0.00715	0.00557	0.00494	0.00726	0.00822	0.00407	0.01117	0.00647	0.04660	0.00551	0.00627	0.00421	0.00349	0.00235	0.00115	0.00288	0.00207	0.00238	0.00410
2	0.00744	0.01920	0.85032	0.01058	0.01607	0.00862	0.01371	0.01176	0.00784	0.01176	0.00666	0.00784	0.00470	0.00353	0.00353	0.00118	0.00549	0.00274	0.00157	0.00549
3	0.01151	0.00737	0.00816	0.00671	0.00892	0.02725	0.00538	0.27573	0.13551	0.20249	0.10852	0.02746	0.06296	0.00531	0.00374	0.00114	0.00311	0.00431	0.08905	0.00536
4	0.00540	0.00360	0.00405	0.00405	0.00405	0.00360	0.00225	0.00540	0.00540	0.00720	0.01170	0.02429	0.01349	0.86955	0.01889	0.00360	0.00360	0.00540	0.00225	0.00225
5	0.00442	0.00376	0.00381	0.00380	0.00504	0.00315	0.00285	0.00540	0.00855	0.01024	0.07234	0.03538	0.81002	0.00932	0.00439	0.00125	0.00187	0.00779	0.00347	0.00315
6	0.00893	0.00856	0.01460	0.12180	0.74939	0.00875	0.01126	0.01117	0.00833	0.01181	0.00694	0.00927	0.00577	0.00335	0.00368	0.00112	0.00447	0.00331	0.00182	0.00567
7	0.00923	0.00797	0.00839	0.00755	0.00965	0.00923	0.00588	0.01972	0.83969	0.01553	0.01511	0.01385	0.01133	0.00504	0.00378	0.00126	0.00294	0.00420	0.00378	0.00588
8	0.00992	0.87178	0.01945	0.00635	0.00953	0.01469	0.00635	0.01111	0.00754	0.00873	0.00516	0.00595	0.00476	0.00318	0.00238	0.00079	0.00397	0.00198	0.00159	0.00476
9	0.00876	0.01001	0.02190	0.01564	0.01940	0.00939	0.83292	0.01189	0.00876	0.01189	0.00751	0.01001	0.00563	0.00313	0.00438	0.00125	0.00626	0.00438	0.00188	0.00501
10	0.00452	0.00323	0.00431	0.00517	0.00538	0.00301	0.00345	0.00517	0.00711	0.00948	0.02046	0.86713	0.02455	0.01163	0.00474	0.00151	0.00215	0.01055	0.00345	0.00301
11	0.00992	0.87178	0.01945	0.00635	0.00953	0.01469	0.00635	0.01111	0.00754	0.00873	0.00516	0.00595	0.00476	0.00318	0.00238	0.00079	0.00397	0.00198	0.00159	0.00476
12	0.89577	0.00718	0.00546	0.00488	0.00718	0.00833	0.00402	0.01091	0.00632	0.01665	0.00517	0.00603	0.00402	0.00345	0.00230	0.00115	0.00287	0.00201	0.00230	0.00402
13	0.00744	0.01920	0.85032	0.01058	0.01607	0.00862	0.01371	0.01176	0.00784	0.01176	0.00666	0.00784	0.00470	0.00353	0.00353	0.00118	0.00549	0.00274	0.00157	0.00549
14	0.00923	0.00797	0.00839	0.00755	0.00965	0.00923	0.00588	0.01972	0.83969	0.01553	0.01511	0.01385	0.01133	0.00504	0.00378	0.00126	0.00294	0.00420	0.00378	0.00588
15	0.00992	0.87178	0.01945	0.00635	0.00953	0.01469	0.00635	0.01111	0.00754	0.00873	0.00516	0.00595	0.00476	0.00318	0.00238	0.00079	0.00397	0.00198	0.00159	0.00476
16	0.00645	0.00322	0.00484	0.00484	0.00484	0.00322	0.00322	0.00484	0.00484	0.00645	0.00645	0.01128	0.00645	0.01289	0.01451	0.89201	0.00322	0.00322	0.00161	0.00161
17	0.00919	0.00882	0.01507	0.02278	0.84640	0.00882	0.01139	0.01139	0.00845	0.01213	0.00698	0.00919	0.00588	0.00331	0.00367	0.00110	0.00441	0.00331	0.00184	0.00588
18	0.00452	0.00323	0.00431	0.00517	0.00538	0.00301	0.00345	0.00517	0.00711	0.00948	0.02046	0.86713	0.02455	0.01163	0.00474	0.00151	0.00215	0.01055	0.00345	0.00301
19	0.00711	0.00670	0.01131	0.82203	0.06338	0.00827	0.01036	0.00957	0.00747	0.00961	0.00662	0.00986	0.00499	0.00369	0.00371	0.00123	0.00492	0.00330	0.00166	0.00420
20	0.00498	0.00405	0.00445	0.00441	0.00554	0.00369	0.00328	0.00682	0.07451	0.01149	0.21450	0.11683	0.51438	0.00888	0.00437	0.00126	0.00196	0.00757	0.00362	0.00342
21	0.01586	0.00660	0.00870	0.00669	0.00952	0.00591	0.00551	0.08835	0.01114	0.73070	0.03905	0.01264	0.00963	0.00463	0.00373	0.00113	0.00319	0.00375	0.00444	0.02885
22	0.00863	0.00635	0.00661	0.00551	0.00746	0.04569	0.01770	0.11770	0.09160	0.01457	0.01027	0.01130	0.00801	0.00399	0.00296	0.00087	0.00271	0.00317	0.41415	0.22073
23	0.01121	0.00933	0.00947	0.00735	0.01018	0.13470	0.02010	0.22003	0.02290	0.09873	0.00794	0.00850	0.00603	0.00370	0.00356	0.00088	0.03473	0.00278	0.00278	0.38509
24	0.00634	0.00380	0.00495	0.00517	0.00595	0.00344	0.00368	0.00727	0.00818	0.13024	0.12632	0.55431	0.10630	0.00988	0.00451	0.00139	0.00222	0.00881	0.00369	0.00356
25	0.00938	0.00804	0.00847	0.00758	0.00971	0.00930	0.00591	0.04363	0.81555	0.01576	0.01493	0.01370	0.01118	0.00502	0.00378	0.00125	0.00297	0.00417	0.00378	0.00589
26	0.00879	0.03475	0.02183	0.01538	0.01912	0.00954	0.80919	0.01187	0.00873	0.01180	0.00744	0.00990	0.00561	0.00313	0.00432	0.00124	0.00619	0.00431	0.00187	0.00500
27	0.03426	0.01174	0.01081	0.00992	0.07970	0.29517	0.02891	0.21995	0.07521	0.06862	0.00843	0.00914	0.01777	0.00442	0.00444	0.00113	0.09401	0.00316	0.01807	0.00515
28	0.00604	0.00488	0.05898	0.00565	0.00668	0.00400	0.00447	0.03000	0.02016	0.06692	0.07455	0.51734	0.09399	0.00963	0.00448	0.00140	0.00252	0.06197	0.02274	0.00361
29	0.01128	0.05532	0.02989	0.02162	0.01110	0.05921	0.05936	0.30900	0.19543	0.07061	0.04001	0.03327	0.00877	0.00454	0.00365	0.00110	0.00387	0.00370	0.00325	0.07500

[dist]
# distance from previous block
# <min> <max>
2	6

[block]
# block no. 3 follows, 74 sequences, length 25
# corresponding to MSA columns:
# 805-829
name=unknown_D
#
# <colnr> <probs for GDERKNQSTAVLIFYWHMCP>
#	G	D	E	R	K	N	Q	S	T	A	V	L	I	F	Y	W	H	M	C	P
0	0.01115	0.14257	0.10494	0.01063	0.09259	0.33770	0.05322	0.06894	0.05802	0.01111	0.00667	0.00781	0.00542	0.00392	0.00403	0.00107	0.07049	0.00280	0.00203	0.00490
1	0.03116	0.07432	0.03154	0.06439	0.22964	0.19222	0.02849	0.09440	0.04820	0.03213	0.01734	0.04203	0.00765	0.00454	0.00397	0.00114	0.03874	0.05079	0.00234	0.00498
2	0.00625	0.00476	0.00529	0.00505	0.00629	0.00426	0.00373	0.02316	0.04028	0.02880	0.32076	0.05136	0.45203	0.02395	0.00497	0.00143	0.00231	0.00739	0.00398	0.00395
3	0.01166	0.00972	0.04331	0.04083	0.09353	0.06847	0.02359	0.35894	0.12360	0.08329	0.01109	0.02679	0.04087	0.00480	0.00396	0.00117	0.02283	0.02269	0.00322	0.00563
4	0.00454	0.00365	0.00404	0.00419	0.00517	0.00316	0.00305	0.00553	0.00846	0.01059	0.14623	0.21273	0.55642	0.00963	0.00446	0.00130	0.00192	0.00826	0.00354	0.00316
5	0.00790	0.00761	0.04043	0.00693	0.00892	0.04507	0.03496	0.01454	0.48119	0.01360	0.08003	0.01940	0.21160	0.00608	0.00396	0.00123	0.00298	0.00512	0.00348	0.00493
6	0.01266	0.00549	0.00719	0.00582	0.00805	0.00485	0.00470	0.01433	0.02955	0.55042	0.16539	0.01787	0.10259	0.00564	0.00386	0.00115	0.00270	0.00470	0.04772	0.00533
7	0.16782	0.02504	0.08841	0.00829	0.01135	0.04225	0.03667	0.50874	0.02992	0.03463	0.00804	0.00838	0.00580	0.00411	0.00344	0.00112	0.00414	0.00306	0.00311	0.00568
8	0.01226	0.00814	0.03083	0.02979	0.03843	0.09285	0.00589	0.05959	0.03272	0.35087	0.05059	0.01091	0.00853	0.00406	0.00345	0.00097	0.00354	0.00326	0.00331	0.25003
9	0.00770	0.00660	0.00770	0.00550	0.00880	0.00495	0.00440	0.00935	0.00770	0.01210	0.00660	0.00770	0.00550	0.00275	0.00275	0.00055	0.00275	0.00220	0.00220	0.89224
10	0.00975	0.03318	0.34748	0.03061	0.02277	0.02817	0.02502	0.20089	0.20467	0.03189	0.00950	0.02375	0.00708	0.00424	0.00364	0.00117	0.00445	0.00339	0.00268	0.00566
11	0.00915	0.00870	0.01443	0.04006	0.74466	0.00887	0.01088	0.02332	0.04139	0.01227	0.00725	0.00933	0.00604	0.00349	0.00392	0.00112	0.02974	0.00332	0.00194	0.02011
12	0.01275	0.08491	0.08512	0.00852	0.01149	0.05338	0.00752	0.58797	0.01457	0.02912	0.00818	0.00877	0.00608	0.02171	0.00425	0.00116	0.04238	0.00317	0.00314	0.00583
13	0.00439	0.00376	0.00376	0.00376	0.00501	0.00313	0.00282	0.00533	0.00846	0.01003	0.03760	0.03572	0.84489	0.00940	0.00439	0.00125	0.00188	0.00783	0.00345	0.00313
14	0.04560	0.02931	0.01085	0.00908	0.00951	0.02982	0.00754	0.04134	0.00642	0.02278	0.00560	0.00853	0.00528	0.00770	0.07320	0.00186	0.67642	0.00321	0.00181	0.00415
15	0.01174	0.01073	0.03219	0.03647	0.13112	0.14744	0.03800	0.30166	0.06423	0.05549	0.00822	0.00943	0.00635	0.00447	0.00478	0.00118	0.11501	0.01329	0.00275	0.00544
16	0.00540	0.00360	0.00405	0.00405	0.00405	0.00360	0.00225	0.00540	0.00540	0.00720	0.01170	0.02429	0.01349	0.86955	0.01889	0.00360	0.00360	0.00540	0.00225	0.00225
17	0.00730	0.02983	0.03903	0.00689	0.00818	0.12193	0.06022	0.03159	0.07361	0.02282	0.07993	0.39027	0.04174	0.02849	0.00497	0.03608	0.00339	0.00692	0.00301	0.00380
18	0.89577	0.00718	0.00546	0.00488	0.00718	0.00833	0.00402	0.01091	0.00632	0.01665	0.00517	0.00603	0.00402	0.00345	0.00230	0.00115	0.00287	0.00201	0.00230	0.00402
19	0.00919	0.00907	0.01417	0.11023	0.55160	0.05615	0.07466	0.01236	0.10266	0.01204	0.00783	0.00972	0.00632	0.00356	0.00373	0.00114	0.00457	0.00344	0.00204	0.00553
20	0.00462	0.00339	0.00434	0.00491	0.00536	0.00311	0.00337	0.00547	0.00781	0.01039	0.15069	0.63007	0.13139	0.01072	0.00464	0.00142	0.00206	0.00961	0.00355	0.00311
21	0.00896	0.04163	0.03022	0.00706	0.02000	0.06514	0.00560	0.08414	0.39840	0.03995	0.11198	0.01738	0.14240	0.00573	0.00384	0.00119	0.00312	0.00471	0.00349	0.00507
22	0.00540	0.00402	0.00568	0.00567	0.00621	0.00454	0.00426	0.00653	0.00642	0.00920	0.08125	0.10073	0.01325	0.11969	0.54540	0.00453	0.04612	0.00498	0.02292	0.00322
23	0.13815	0.08601	0.02745	0.02807	0.25912	0.18893	0.04789	0.03239	0.00843	0.03356	0.00630	0.00790	0.00520	0.00389	0.00439	0.00113	0.11146	0.00286	0.00198	0.00489
24	0.14019	0.24630	0.11101	0.00770	0.01076	0.10896	0.05335	0.09303	0.02959	0.01254	0.00665	0.02463	0.00551	0.00367	0.00315	0.00098	0.01832	0.00267	0.00213	0.11887

[dist]
# distance from previous block
# <min> <max>
1	14

[block]
# block no. 4 follows, 74 sequences, length 17
# corresponding to MSA columns:
# 844-860
name=unknown_E
#
# <colnr> <probs for GDERKNQSTAVLIFYWHMCP>
#	G	D	E	R	K	N	Q	S	T	A	V	L	I	F	Y	W	H	M	C	P
0	0.01201	0.03451	0.01071	0.00837	0.01103	0.02655	0.03839	0.44423	0.32225	0.03551	0.01110	0.01073	0.00813	0.00457	0.00372	0.00116	0.00377	0.00365	0.00359	0.00602
1	0.00841	0.00672	0.00859	0.00725	0.00883	0.06230	0.10295	0.09736	0.06721	0.08048	0.16453	0.05445	0.05208	0.12658	0.10456	0.00208	0.02231	0.01607	0.00305	0.00421
2	0.16949	0.00681	0.00765	0.00576	0.00877	0.00596	0.00468	0.04813	0.00852	0.19532	0.00819	0.00852	0.00607	0.00335	0.00292	0.00081	0.00292	0.00255	0.00280	0.50077
3	0.00451	0.00327	0.00427	0.00506	0.00536	0.00302	0.00340	0.00518	0.00721	0.00952	0.02177	0.80373	0.08710	0.01146	0.00471	0.00149	0.00213	0.01034	0.00345	0.00302
4	0.04164	0.00961	0.00988	0.00807	0.01065	0.03856	0.00651	0.46787	0.33136	0.01968	0.01105	0.01063	0.00810	0.00462	0.00368	0.00117	0.00369	0.00359	0.00363	0.00600
5	0.00509	0.00375	0.00435	0.00420	0.00522	0.00336	0.00315	0.00654	0.00945	0.01294	0.45360	0.02935	0.33968	0.00794	0.00420	0.00117	0.00180	0.00681	0.09405	0.00336
6	0.00992	0.87178	0.01945	0.00635	0.00953	0.01469	0.00635	0.01111	0.00754	0.00873	0.00516	0.00595	0.00476	0.00318	0.00238	0.00079	0.00397	0.00198	0.00159	0.00476
7	0.01232	0.01493	0.01408	0.01141	0.01394	0.56235	0.26959	0.01398	0.00996	0.03334	0.00655	0.00791	0.00517	0.00363	0.00369	0.00106	0.00646	0.00306	0.00198	0.00458
8	0.00949	0.00810	0.00854	0.00761	0.00975	0.00935	0.00594	0.06296	0.79604	0.01594	0.01478	0.01359	0.01106	0.00501	0.00377	0.00125	0.00300	0.00415	0.00377	0.00590
9	0.00495	0.00356	0.00479	0.00563	0.00606	0.00339	0.00418	0.00592	0.00757	0.00998	0.02069	0.59834	0.04614	0.01116	0.00484	0.00156	0.00252	0.25213	0.00344	0.00314
10	0.00645	0.00322	0.00484	0.00484	0.00484	0.00322	0.00322	0.00484	0.00484	0.00645	0.00645	0.01128	0.00645	0.01289	0.01451	0.89201	0.00322	0.00322	0.00161	0.00161
11	0.01587	0.00678	0.04589	0.00666	0.00957	0.00552	0.00571	0.01744	0.01039	0.77955	0.01419	0.01247	0.00900	0.00454	0.00368	0.00114	0.00321	0.00368	0.03854	0.00617
12	0.01387	0.01769	0.01052	0.00956	0.01148	0.85465	0.00717	0.01482	0.01052	0.00908	0.00574	0.00669	0.00478	0.00383	0.00335	0.00096	0.00669	0.00239	0.00191	0.00430
13	0.00951	0.00791	0.00840	0.00752	0.00965	0.00909	0.00586	0.01966	0.80828	0.04711	0.01509	0.01380	0.01125	0.00502	0.00378	0.00125	0.00295	0.00418	0.00381	0.00589
14	0.00521	0.00379	0.00491	0.00463	0.00552	0.00349	0.00347	0.00693	0.01041	0.01467	0.80816	0.02809	0.07144	0.00767	0.00438	0.00117	0.00176	0.00676	0.00406	0.00349
15	0.00460	0.00334	0.00425	0.00491	0.00525	0.00309	0.00329	0.00527	0.00727	0.00958	0.05391	0.68071	0.11603	0.07286	0.00570	0.00162	0.00221	0.00973	0.00338	0.00299
16	0.01665	0.00632	0.00861	0.00660	0.00948	0.00546	0.00546	0.01809	0.01062	0.84897	0.01464	0.01263	0.00919	0.00459	0.00373	0.00115	0.00316	0.00373	0.00459	0.00632

[dist]
# distance from previous block
# <min> <max>
0	1

[block]
# block no. 5 follows, 74 sequences, length 60
# corresponding to MSA columns:
# 862-921
name=unknown_F
#
# <colnr> <probs for GDERKNQSTAVLIFYWHMCP>
#	G	D	E	R	K	N	Q	S	T	A	V	L	I	F	Y	W	H	M	C	P
0	0.01309	0.00972	0.01116	0.00868	0.01153	0.01064	0.05569	0.61740	0.13274	0.06275	0.01016	0.02215	0.00739	0.00457	0.00378	0.00115	0.00398	0.00365	0.00365	0.00613
1	0.83735	0.00717	0.00573	0.00507	0.00734	0.00829	0.00418	0.01115	0.00648	0.05048	0.00555	0.00635	0.00425	0.00357	0.00261	0.00116	0.02466	0.00211	0.00237	0.00411
2	0.01013	0.00791	0.00880	0.00749	0.00949	0.00897	0.00593	0.20149	0.42109	0.05973	0.02790	0.01327	0.02184	0.05963	0.02499	0.00149	0.07446	0.00402	0.00345	0.02793
3	0.01199	0.00529	0.00661	0.00543	0.00742	0.00486	0.00435	0.05251	0.00990	0.44115	0.08443	0.01503	0.03703	0.02086	0.00374	0.00111	0.00261	0.00404	0.27663	0.00503
4	0.00470	0.00423	0.03009	0.00432	0.00556	0.00346	0.00341	0.00592	0.00864	0.01090	0.18812	0.06034	0.58750	0.01004	0.05476	0.00152	0.00245	0.00733	0.00342	0.00328
5	0.67226	0.00684	0.00605	0.00519	0.00755	0.00752	0.00427	0.01235	0.00729	0.19376	0.00747	0.00776	0.00534	0.00373	0.00261	0.00114	0.00289	0.00244	0.03908	0.00449
6	0.00597	0.00360	0.00377	0.00386	0.00481	0.00341	0.00293	0.00740	0.00799	0.01223	0.02075	0.05170	0.26718	0.01820	0.00362	0.00110	0.00194	0.06413	0.51206	0.00333
7	0.00503	0.00379	0.00465	0.00443	0.00541	0.00341	0.00333	0.00657	0.00998	0.01363	0.63568	0.02980	0.24457	0.00806	0.00438	0.00119	0.00178	0.00700	0.00392	0.00341
8	0.00509	0.00386	0.00453	0.00442	0.00547	0.00344	0.00332	0.00654	0.01913	0.02572	0.41403	0.06880	0.38477	0.00854	0.00440	0.00123	0.00190	0.02764	0.00377	0.00339
9	0.00530	0.00397	0.00593	0.00593	0.00658	0.00462	0.00460	0.00661	0.00596	0.00859	0.00997	0.01476	0.00935	0.04289	0.83989	0.00592	0.00983	0.00400	0.00199	0.00330
10	0.00912	0.00786	0.00830	0.00747	0.00954	0.00907	0.00581	0.01936	0.81627	0.01551	0.03854	0.01424	0.01200	0.00511	0.00379	0.00126	0.00290	0.00427	0.00379	0.00581
11	0.89577	0.00718	0.00546	0.00488	0.00718	0.00833	0.00402	0.01091	0.00632	0.01665	0.00517	0.00603	0.00402	0.00345	0.00230	0.00115	0.00287	0.00201	0.00230	0.00402
12	0.01763	0.00648	0.00857	0.11365	0.15187	0.00674	0.00640	0.08091	0.14574	0.07815	0.06644	0.08858	0.15727	0.00588	0.00390	0.00119	0.00319	0.00506	0.02512	0.02724
13	0.00893	0.51995	0.33194	0.00806	0.01200	0.01228	0.00919	0.01128	0.00759	0.00988	0.00572	0.00674	0.00474	0.00343	0.00316	0.00097	0.03525	0.00232	0.00158	0.00501
14	0.00933	0.00802	0.00845	0.00757	0.00969	0.00928	0.00590	0.03585	0.82341	0.01568	0.01498	0.01375	0.01123	0.00502	0.00378	0.00126	0.00296	0.00418	0.00378	0.00588
15	0.00709	0.00668	0.01128	0.82875	0.05680	0.00827	0.01035	0.00956	0.00746	0.00958	0.00661	0.00987	0.00498	0.00370	0.00371	0.00123	0.00493	0.00330	0.00166	0.00419
16	0.00853	0.00961	0.02082	0.01502	0.01856	0.00901	0.77939	0.01153	0.00870	0.01178	0.00832	0.04011	0.00676	0.00364	0.00442	0.00127	0.00603	0.02963	0.00198	0.00489
17	0.01431	0.00765	0.00989	0.00766	0.01041	0.00753	0.05485	0.28151	0.02465	0.45332	0.02895	0.06214	0.00949	0.00494	0.00384	0.00117	0.00355	0.00411	0.00406	0.00598
18	0.00571	0.00411	0.00574	0.02035	0.00753	0.00409	0.00556	0.00723	0.00825	0.01076	0.01960	0.20254	0.02172	0.01042	0.00503	0.00166	0.00320	0.64978	0.00339	0.00335
19	0.01387	0.01769	0.01052	0.00956	0.01148	0.85465	0.00717	0.01482	0.01052	0.00908	0.00574	0.00669	0.00478	0.00383	0.00335	0.00096	0.00669	0.00239	0.00191	0.00430
20	0.00906	0.00778	0.00827	0.00752	0.00955	0.00897	0.00588	0.01909	0.79592	0.01529	0.01535	0.01532	0.01186	0.00531	0.00385	0.00128	0.00296	0.04724	0.00376	0.00575
21	0.01056	0.00863	0.00914	0.00782	0.01016	0.00985	0.00620	0.24089	0.61637	0.01766	0.01342	0.01251	0.00997	0.00488	0.00376	0.00122	0.00325	0.00396	0.00376	0.00599
22	0.00926	0.00841	0.01258	0.05219	0.40556	0.02557	0.06612	0.10604	0.13175	0.01367	0.03080	0.01385	0.01808	0.00457	0.00391	0.00120	0.00416	0.08430	0.00256	0.00543
23	0.01234	0.00817	0.00932	0.00715	0.01010	0.00809	0.00583	0.33567	0.10140	0.20040	0.01018	0.00992	0.00725	0.00407	0.00345	0.00098	0.00338	0.00320	0.00349	0.25561
24	0.37610	0.00816	0.00874	0.06782	0.11065	0.00922	0.00633	0.18400	0.16659	0.01680	0.00815	0.00876	0.00617	0.00396	0.00314	0.00116	0.00347	0.00295	0.00277	0.00508
25	0.03843	0.00484	0.00566	0.00521	0.00639	0.03036	0.00396	0.00913	0.08059	0.06950	0.63796	0.05046	0.02895	0.00704	0.00419	0.00118	0.00215	0.00612	0.00394	0.00392
26	0.00919	0.00882	0.01507	0.02278	0.84640	0.00882	0.01139	0.01139	0.00845	0.01213	0.00698	0.00919	0.00588	0.00331	0.00367	0.00110	0.00441	0.00331	0.00184	0.00588
27	0.00810	0.00671	0.00721	0.00657	0.00833	0.00750	0.00508	0.01594	0.59256	0.01500	0.16681	0.01761	0.06293	0.00571	0.00385	0.00122	0.00259	0.00482	0.05633	0.00515
28	0.86398	0.00705	0.00538	0.00483	0.00708	0.00815	0.00397	0.01083	0.00637	0.01655	0.00542	0.00631	0.00422	0.00348	0.00231	0.00114	0.00283	0.00206	0.03405	0.00400
29	0.00452	0.00323	0.00431	0.00517	0.00538	0.00301	0.00345	0.00517	0.00711	0.00948	0.02046	0.86713	0.02455	0.01163	0.00474	0.00151	0.00215	0.01055	0.00345	0.00301
30	0.00452	0.00325	0.00429	0.00511	0.00537	0.00302	0.00342	0.00517	0.00716	0.00950	0.02111	0.83552	0.05574	0.01154	0.00472	0.00150	0.00214	0.01045	0.00345	0.00302
31	0.00744	0.01920	0.85032	0.01058	0.01607	0.00862	0.01371	0.01176	0.00784	0.01176	0.00666	0.00784	0.00470	0.00353	0.00353	0.00118	0.00549	0.00274	0.00157	0.00549
32	0.00491	0.00381	0.02104	0.00527	0.00573	0.00342	0.00372	0.02611	0.00741	0.00982	0.02036	0.70077	0.07116	0.06225	0.00553	0.00161	0.00238	0.03825	0.00334	0.00312
33	0.00744	0.01920	0.85032	0.01058	0.01607	0.00862	0.01371	0.01176	0.00784	0.01176	0.00666	0.00784	0.00470	0.00353	0.00353	0.00118	0.00549	0.00274	0.00157	0.00549
34	0.00443	0.00375	0.00383	0.00384	0.00505	0.00315	0.00287	0.00540	0.00852	0.01025	0.07652	0.05882	0.78217	0.00938	0.00440	0.00126	0.00188	0.00786	0.00348	0.00315
35	0.01387	0.01769	0.01052	0.00956	0.01148	0.85465	0.00717	0.01482	0.01052	0.00908	0.00574	0.00669	0.00478	0.00383	0.00335	0.00096	0.00669	0.00239	0.00191	0.00430
