[name]
unknown

[dist]
# distance from previous block
# <min> <max>
4	43

[block]
# block no. 0 follows, 67 sequences, length 31
# corresponding to MSA columns:
# 46-76
name=unknown_A
#
# <colnr> <probs for GDERKNQSTAVLIFYWHMCP>
#	G	D	E	R	K	N	Q	S	T	A	V	L	I	F	Y	W	H	M	C	P
0	0.06453	0.03820	0.03423	0.00819	0.02166	0.12662	0.03797	0.08402	0.09838	0.29170	0.04654	0.01280	0.03120	0.02149	0.00415	0.00122	0.00413	0.00384	0.00359	0.06556
1	0.00502	0.00418	0.03596	0.00573	0.00624	0.00350	0.00411	0.00591	0.00785	0.01049	0.04153	0.77221	0.05824	0.01204	0.00505	0.00160	0.00244	0.01087	0.00366	0.00338
2	0.04063	0.00675	0.01020	0.05766	0.32519	0.00682	0.02236	0.02249	0.05015	0.01233	0.01619	0.28985	0.09523	0.00742	0.00441	0.00138	0.00360	0.01962	0.00290	0.00482
3	0.00984	0.00933	0.01565	0.10464	0.71308	0.00961	0.01198	0.03802	0.00928	0.01315	0.00753	0.00997	0.00625	0.00372	0.00415	0.00122	0.02083	0.00357	0.00203	0.00614
4	0.00998	0.00862	0.00907	0.00816	0.01043	0.00998	0.00635	0.02131	0.82679	0.01678	0.01632	0.01496	0.01224	0.00544	0.00408	0.00136	0.00317	0.00453	0.00408	0.00635
5	0.01133	0.00687	0.00844	0.00624	0.00953	0.00544	0.00504	0.01304	0.00939	0.27629	0.02656	0.01064	0.00798	0.00376	0.00334	0.00082	0.00306	0.00304	0.02875	0.56043
6	0.00496	0.00352	0.00463	0.00548	0.00570	0.00331	0.00362	0.00560	0.00753	0.01003	0.02132	0.78776	0.02554	0.08259	0.00638	0.00182	0.00246	0.01094	0.00362	0.00319
7	0.00649	0.00528	0.00743	0.00705	0.00757	0.00649	0.00547	0.00794	0.03265	0.00942	0.01007	0.01572	0.00974	0.13459	0.54020	0.00500	0.17870	0.00435	0.00217	0.00368
8	0.01095	0.49919	0.16850	0.00871	0.02820	0.10457	0.02336	0.05341	0.00921	0.02609	0.00646	0.00739	0.00537	0.00366	0.00309	0.00098	0.00492	0.00253	0.00196	0.03143
9	0.00780	0.00491	0.00605	0.00600	0.00703	0.00478	0.00436	0.10393	0.01885	0.10076	0.03851	0.48727	0.07813	0.02754	0.00544	0.03465	0.00274	0.01753	0.03965	0.00407
10	0.00877	0.00877	0.01228	0.01053	0.01053	0.01228	0.00877	0.00965	0.00614	0.00965	0.00526	0.00877	0.00526	0.00702	0.01316	0.00175	0.85172	0.00351	0.00175	0.00439
11	0.00556	0.00488	0.04646	0.00521	0.00643	0.00395	0.00419	0.00734	0.01055	0.01452	0.58565	0.08321	0.18984	0.00864	0.00471	0.00130	0.00215	0.00754	0.00410	0.00378
12	0.01114	0.06219	0.27792	0.01457	0.26499	0.03135	0.03792	0.14193	0.01071	0.09684	0.00846	0.00954	0.00627	0.00399	0.00387	0.00121	0.00505	0.00336	0.00250	0.00619
13	0.00608	0.00459	0.00642	0.00704	0.03781	0.00496	0.00490	0.00700	0.00740	0.03196	0.01712	0.51747	0.01954	0.04634	0.14916	0.00252	0.10300	0.01991	0.00314	0.00363
14	0.73645	0.03401	0.04386	0.00674	0.05202	0.03335	0.00538	0.01195	0.00722	0.01696	0.00590	0.00694	0.00463	0.00374	0.00266	0.00122	0.00345	0.00232	0.01669	0.00454
15	0.44474	0.00728	0.00763	0.00622	0.00902	0.00742	0.00513	0.01574	0.00919	0.43489	0.01080	0.01015	0.00719	0.00435	0.00327	0.00124	0.00326	0.00312	0.00375	0.00561
16	0.01059	0.06728	0.01337	0.01481	0.32617	0.05526	0.03293	0.06577	0.34086	0.01491	0.01104	0.01159	0.00861	0.00442	0.00393	0.00123	0.00426	0.00385	0.00295	0.00618
17	0.00617	0.00439	0.00594	0.00671	0.00746	0.00435	0.00556	0.00763	0.00863	0.01123	0.02075	0.12352	0.04599	0.12330	0.00744	0.00208	0.00353	0.59832	0.00353	0.00347
18	0.00666	0.00444	0.00586	0.00537	0.00644	0.00420	0.00409	0.00850	0.01120	0.07512	0.74723	0.02812	0.03481	0.00793	0.00494	0.00128	0.02851	0.00690	0.00437	0.00402
19	0.02797	0.13275	0.05300	0.00639	0.01001	0.00719	0.00561	0.01088	0.00838	0.04113	0.00717	0.00819	0.00588	0.00317	0.00298	0.00070	0.00333	0.00243	0.00234	0.66050
20	0.00578	0.00411	0.00550	0.00550	0.00588	0.00450	0.00383	0.00655	0.00616	0.00861	0.01161	0.02056	0.01211	0.40983	0.46627	0.00527	0.00760	0.00500	0.00228	0.00305
21	0.01799	0.00683	0.00931	0.00714	0.01024	0.00589	0.00589	0.01954	0.01148	0.83682	0.01582	0.01365	0.00993	0.00496	0.00403	0.00124	0.00341	0.00403	0.00496	0.00683
22	0.84510	0.00831	0.00616	0.00552	0.00798	0.04941	0.00451	0.01199	0.00705	0.01760	0.00561	0.00655	0.00438	0.00374	0.00254	0.00123	0.00330	0.00219	0.00246	0.00436
23	0.00578	0.00409	0.00541	0.00541	0.00576	0.00445	0.00372	0.00649	0.00614	0.00854	0.01169	0.02102	0.01231	0.44589	0.43047	0.00516	0.00730	0.00507	0.00229	0.00300
24	0.01373	0.01267	0.23284	0.00937	0.01318	0.01007	0.00919	0.38905	0.01391	0.21081	0.01027	0.01023	0.00703	0.00466	0.00428	0.00125	0.03391	0.00353	0.00353	0.00650
25	0.00646	0.00462	0.00646	0.00739	0.00831	0.00462	0.00646	0.00831	0.00923	0.01200	0.02123	0.04524	0.02308	0.01108	0.00554	0.00185	0.00369	0.80704	0.00369	0.00369
26	0.00832	0.00713	0.00832	0.00594	0.00950	0.00535	0.00475	0.01010	0.00832	0.01307	0.00713	0.00832	0.00594	0.00297	0.00297	0.00059	0.00297	0.00238	0.00238	0.88357
27	0.00546	0.00402	0.00510	0.00497	0.00589	0.00367	0.00368	0.00709	0.01062	0.01469	0.62987	0.12696	0.14514	0.00897	0.00478	0.00132	0.00196	0.00790	0.00424	0.00367
28	0.00600	0.00465	0.00661	0.00802	0.10165	0.00445	0.01964	0.00742	0.03387	0.02302	0.06697	0.56398	0.08280	0.01055	0.00490	0.00153	0.00274	0.04380	0.00356	0.00386
29	0.00573	0.00430	0.00645	0.00645	0.00716	0.00501	0.00501	0.00716	0.00645	0.00931	0.01074	0.01576	0.01003	0.03008	0.84316	0.00645	0.01074	0.00430	0.00215	0.00358
30	0.01057	0.02172	0.05633	0.01916	0.55977	0.02014	0.02074	0.06436	0.00979	0.06576	0.00810	0.00981	0.00646	0.00369	0.00384	0.00112	0.00456	0.00342	0.00233	0.10834

[dist]
# distance from previous block
# <min> <max>
1	2

[block]
# block no. 1 follows, 67 sequences, length 57
# corresponding to MSA columns:
# 79-135
name=unknown_B
#
# <colnr> <probs for GDERKNQSTAVLIFYWHMCP>
#	G	D	E	R	K	N	Q	S	T	A	V	L	I	F	Y	W	H	M	C	P
0	0.00929	0.01010	0.02130	0.01546	0.01906	0.00963	0.70027	0.01258	0.03072	0.02612	0.00919	0.04393	0.00749	0.02660	0.00537	0.00145	0.02946	0.01452	0.00222	0.00525
1	0.01262	0.01027	0.01054	0.00875	0.01144	0.04636	0.00700	0.39049	0.41891	0.02041	0.01280	0.01217	0.00944	0.00510	0.00403	0.00127	0.00392	0.00402	0.00396	0.00649
2	0.00860	0.00862	0.01236	0.01047	0.01072	0.01173	0.04397	0.00959	0.00644	0.00985	0.00722	0.01041	0.04823	0.00702	0.01236	0.00172	0.77062	0.00382	0.00187	0.00438
3	0.00511	0.00420	0.00452	0.00445	0.00571	0.00368	0.00333	0.00664	0.03574	0.01213	0.20899	0.05837	0.61376	0.00965	0.00473	0.00134	0.00205	0.00816	0.00388	0.00356
4	0.00896	0.13983	0.62653	0.01116	0.03410	0.01015	0.05430	0.01289	0.00861	0.04717	0.00738	0.00855	0.00537	0.00378	0.00369	0.00121	0.00560	0.00300	0.00186	0.00584
5	0.01525	0.01123	0.01204	0.00923	0.01244	0.01244	0.00762	0.82067	0.01886	0.02528	0.00963	0.00963	0.00682	0.00481	0.00401	0.00120	0.00441	0.00361	0.00401	0.00682
6	0.00910	0.00931	0.01224	0.01052	0.01063	0.05540	0.00872	0.00998	0.00641	0.00966	0.00531	0.00869	0.00526	0.00687	0.01267	0.00172	0.80789	0.00346	0.00177	0.00440
7	0.01186	0.01382	0.01207	0.06077	0.21587	0.45254	0.02193	0.01332	0.01003	0.01076	0.00879	0.08723	0.02527	0.00498	0.00423	0.00118	0.03435	0.00389	0.00221	0.00491
8	0.00697	0.00348	0.00522	0.00522	0.00522	0.00348	0.00348	0.00522	0.00522	0.00697	0.00697	0.01219	0.00697	0.01393	0.01567	0.88332	0.00348	0.00348	0.00174	0.00174
9	0.00800	0.00654	0.00736	0.00673	0.00839	0.00713	0.00517	0.01499	0.45166	0.01646	0.39152	0.02186	0.02402	0.00671	0.00438	0.00131	0.00258	0.00578	0.00423	0.00517
10	0.00757	0.00713	0.01203	0.84942	0.02762	0.00891	0.01114	0.01025	0.00802	0.01025	0.00713	0.01069	0.00535	0.00401	0.00401	0.00134	0.00535	0.00356	0.00178	0.00446
11	0.01263	0.01207	0.10267	0.01061	0.05949	0.08438	0.06136	0.34590	0.20430	0.04937	0.01064	0.01078	0.00779	0.00463	0.00402	0.00124	0.00467	0.00375	0.00339	0.00630
12	0.01125	0.01231	0.01416	0.01586	0.30512	0.25746	0.06171	0.03598	0.00933	0.01158	0.00666	0.00888	0.00572	0.00464	0.00625	0.00130	0.22113	0.00334	0.00201	0.00530
13	0.01365	0.00597	0.00777	0.00628	0.00861	0.00540	0.00507	0.04927	0.01134	0.50432	0.19922	0.01734	0.01614	0.00565	0.00402	0.00120	0.00290	0.00470	0.12544	0.00571
14	0.88738	0.00776	0.00589	0.00527	0.00776	0.00900	0.00434	0.01179	0.00683	0.01799	0.00558	0.00651	0.00434	0.00372	0.00248	0.00124	0.00310	0.00217	0.00248	0.00434
15	0.00492	0.00358	0.00465	0.00541	0.00579	0.00330	0.00367	0.00573	0.00805	0.01067	0.07569	0.73004	0.09959	0.01207	0.00506	0.00158	0.00227	0.01087	0.00377	0.00330
16	0.00583	0.00389	0.00437	0.00437	0.00437	0.00389	0.00243	0.00583	0.00583	0.00778	0.01264	0.02624	0.01458	0.85906	0.02041	0.00389	0.00389	0.00583	0.00243	0.00243
17	0.01072	0.86147	0.02102	0.00686	0.01029	0.01587	0.00686	0.01201	0.00815	0.00944	0.00558	0.00643	0.00515	0.00343	0.00257	0.00086	0.00429	0.00214	0.00172	0.00515
18	0.00568	0.00410	0.00536	0.00505	0.00599	0.00378	0.00378	0.00757	0.01135	0.01608	0.83192	0.02996	0.03784	0.00820	0.00473	0.00126	0.00189	0.00725	0.00441	0.00378
19	0.01525	0.01123	0.01204	0.00923	0.01244	0.01244	0.00762	0.82067	0.01886	0.02528	0.00963	0.00963	0.00682	0.00481	0.00401	0.00120	0.00441	0.00361	0.00401	0.00682
20	0.00877	0.00877	0.01228	0.01053	0.01053	0.01228	0.00877	0.00965	0.00614	0.00965	0.00526	0.00877	0.00526	0.00702	0.01316	0.00175	0.85172	0.00351	0.00175	0.00439
21	0.00646	0.00462	0.00646	0.00739	0.00831	0.00462	0.00646	0.00831	0.00923	0.01200	0.02123	0.04524	0.02308	0.01108	0.00554	0.00185	0.00369	0.80704	0.00369	0.00369
22	0.00504	0.00361	0.00481	0.00559	0.00593	0.00337	0.00384	0.00592	0.00817	0.01099	0.11723	0.72789	0.02772	0.01199	0.00509	0.00159	0.00233	0.04174	0.00380	0.00334
23	0.00947	0.01082	0.02366	0.01690	0.02096	0.01014	0.81947	0.01285	0.00947	0.01285	0.00811	0.01082	0.00609	0.00338	0.00473	0.00135	0.00676	0.00473	0.00203	0.00541
24	0.01128	0.00986	0.01304	0.01051	0.01203	0.01218	0.06855	0.31799	0.01122	0.01582	0.00713	0.00925	0.00592	0.00591	0.00906	0.00152	0.46707	0.00364	0.00263	0.00539
25	0.00956	0.00954	0.02494	0.20297	0.28546	0.09219	0.02182	0.03177	0.17073	0.01289	0.01173	0.01310	0.07373	0.00471	0.00418	0.00127	0.01734	0.00406	0.00254	0.00548
26	0.00510	0.00380	0.00443	0.00477	0.00536	0.00348	0.00320	0.00580	0.00792	0.01016	0.06850	0.34864	0.28968	0.21047	0.00857	0.00205	0.00257	0.00891	0.00346	0.00313
27	0.01234	0.01095	0.05162	0.04083	0.18134	0.03061	0.06073	0.30286	0.15516	0.01865	0.02719	0.03869	0.00988	0.00556	0.00462	0.00145	0.01387	0.02357	0.00352	0.00657
28	0.88738	0.00776	0.00589	0.00527	0.00776	0.00900	0.00434	0.01179	0.00683	0.01799	0.00558	0.00651	0.00434	0.00372	0.00248	0.00124	0.00310	0.00217	0.00248	0.00434
29	0.01061	0.06571	0.04579	0.03115	0.22052	0.02893	0.02992	0.08526	0.04645	0.09013	0.01809	0.00986	0.00703	0.00377	0.00358	0.00100	0.00406	0.00320	0.00266	0.29229
30	0.14801	0.35026	0.15452	0.01856	0.02539	0.12522	0.03289	0.03246	0.00872	0.02390	0.00642	0.00759	0.00529	0.00439	0.02251	0.00120	0.02296	0.00261	0.00201	0.00512
31	0.01463	0.00739	0.00915	0.00727	0.00998	0.00715	0.00591	0.16764	0.08815	0.46534	0.14365	0.01551	0.01391	0.00546	0.00413	0.00124	0.00333	0.00448	0.00457	0.02111
32	0.00801	0.00644	0.00837	0.05364	0.07462	0.00664	0.03972	0.01257	0.25195	0.06065	0.16533	0.06853	0.19697	0.00713	0.00444	0.00134	0.00307	0.02196	0.00371	0.00491
33	0.02228	0.11458	0.10001	0.03072	0.16476	0.05168	0.04645	0.15648	0.03656	0.14346	0.01019	0.02123	0.00786	0.00479	0.00415	0.00131	0.00486	0.00374	0.00318	0.07171
34	0.00562	0.00382	0.00452	0.00476	0.00486	0.00376	0.00288	0.00588	0.00649	0.00866	0.03383	0.22149	0.01816	0.61682	0.01604	0.00324	0.00347	0.03017	0.00281	0.00269
35	0.00491	0.00350	0.00465	0.00555	0.00578	0.00327	0.00369	0.00559	0.00763	0.01017	0.02185	0.83451	0.02621	0.03492	0.00552	0.00169	0.00237	0.01125	0.00369	0.00324
36	0.00956	0.06551	0.23844	0.01247	0.01573	0.09843	0.25771	0.01226	0.00845	0.01145	0.00677	0.00901	0.00545	0.00452	0.00642	0.00137	0.22583	0.00356	0.00185	0.00519
37	0.00935	0.00885	0.01479	0.16559	0.59993	0.00922	0.02339	0.02942	0.02135	0.01275	0.00888	0.03112	0.02935	0.00414	0.00415	0.00124	0.01458	0.00392	0.00211	0.00584
38	0.00510	0.00406	0.00458	0.00454	0.00569	0.00354	0.00340	0.00641	0.00980	0.01257	0.30112	0.07536	0.51211	0.00965	0.00477	0.00135	0.00204	0.02646	0.00395	0.00352
39	0.00987	0.00841	0.00885	0.00798	0.01019	0.00972	0.00620	0.02082	0.79288	0.01670	0.01619	0.01496	0.01216	0.00541	0.00403	0.00134	0.00312	0.00450	0.04043	0.00624
40	0.00832	0.00713	0.00832	0.00594	0.00950	0.00535	0.00475	0.01010	0.00832	0.01307	0.00713	0.00832	0.00594	0.00297	0.00297	0.00059	0.00297	0.00238	0.00238	0.88357
41	0.03366	0.00776	0.00814	0.00714	0.00934	0.00849	0.00561	0.14539	0.43552	0.03851	0.02139	0.02012	0.22891	0.00653	0.00420	0.00133	0.00307	0.00535	0.00395	0.00560
42	0.01079	0.79756	0.03674	0.00749	0.03017	0.04206	0.00718	0.01216	0.00828	0.00960	0.00567	0.00658	0.00517	0.00346	0.00266	0.00088	0.00443	0.00221	0.00173	0.00517
43	0.00545	0.00381	0.00465	0.00502	0.00525	0.00371	0.00318	0.00607	0.01932	0.00951	0.06001	0.38312	0.04318	0.39877	0.02861	0.00272	0.00319	0.00832	0.00314	0.00296
44	0.04042	0.04478	0.05666	0.07303	0.16618	0.07370	0.12995	0.24071	0.02223	0.05380	0.00864	0.02274	0.00669	0.00473	0.01839	0.00132	0.02375	0.00371	0.00273	0.00583
45	0.09997	0.00982	0.09415	0.02172	0.04723	0.06691	0.04324	0.14114	0.05233	0.20804	0.05097	0.08791	0.01051	0.00573	0.01813	0.00134	0.00423	0.00438	0.00342	0.02882
46	0.00517	0.00374	0.00486	0.00566	0.00605	0.00353	0.00390	0.02318	0.00808	0.01068	0.02291	0.75097	0.07430	0.01218	0.00509	0.00161	0.00242	0.04858	0.00373	0.00336
47	0.04573	0.03049	0.08043	0.01228	0.21437	0.00810	0.07607	0.05291	0.03280	0.07896	0.00850	0.02239	0.00674	0.00378	0.00373	0.00103	0.01448	0.00331	0.00253	0.30137
48	0.00904	0.05082	0.06550	0.02325	0.02281	0.04292	0.03362	0.02684	0.00941	0.08314	0.11963	0.01505	0.06403	0.02000	0.00398	0.00102	0.00353	0.02788	0.00290	0.37463
49	0.23936	0.02041	0.00782	0.00746	0.03411	0.23772	0.00543	0.01077	0.00795	0.01154	0.00848	0.01376	0.00822	0.16244	0.07941	0.06767	0.02441	0.04689	0.00230	0.00386
50	0.01152	0.01080	0.02177	0.01021	0.02358	0.12682	0.12177	0.19236	0.25855	0.03368	0.03314	0.02683	0.00928	0.00559	0.02093	0.00141	0.07866	0.00415	0.00322	0.00574
51	0.31436	0.01045	0.00947	0.00774	0.01047	0.09757	0.00628	0.40700	0.01330	0.03898	0.00828	0.02024	0.00629	0.01516	0.00365	0.00123	0.00416	0.00315	0.01662	0.00559
52	0.01167	0.00964	0.01182	0.00972	0.02682	0.01064	0.09765	0.32247	0.35651	0.01932	0.05483	0.01305	0.01059	0.00511	0.00433	0.00130	0.02020	0.00431	0.00376	0.00625
53	0.00493	0.00353	0.00475	0.00563	0.00589	0.00335	0.00379	0.00567	0.00761	0.01019	0.02151	0.81281	0.02567	0.01347	0.04861	0.00188	0.00276	0.01103	0.00364	0.00327
54	0.01466	0.01094	0.01171	0.00911	0.01221	0.01216	0.00748	0.73209	0.10839	0.02433	0.01037	0.01022	0.00742	0.00488	0.00402	0.00122	0.00428	0.00371	0.00402	0.00677
55	0.00575	0.00412	0.00539	0.00514	0.00609	0.00383	0.00391	0.00764	0.01119	0.01585	0.77599	0.03050	0.03661	0.00829	0.00474	0.00129	0.00199	0.04870	0.01922	0.00378
56	0.00499	0.00353	0.00462	0.00545	0.00566	0.00333	0.00358	0.00561	0.00747	0.00996	0.02105	0.76437	0.02520	0.10644	0.00681	0.00188	0.00250	0.01078	0.00358	0.00317

[dist]
# distance from previous block
# <min> <max>
0	1

[block]
# block no. 2 follows, 67 sequences, length 17
# corresponding to MSA columns:
# 137-153
name=unknown_C
#
# <colnr> <probs for GDERKNQSTAVLIFYWHMCP>
#	G	D	E	R	K	N	Q	S	T	A	V	L	I	F	Y	W	H	M	C	P
0	0.00489	0.00349	0.00465	0.00558	0.00582	0.00326	0.00372	0.00558	0.00768	0.01024	0.02210	0.85644	0.02653	0.01256	0.00512	0.00163	0.00233	0.01140	0.00372	0.00326
1	0.01449	0.01816	0.01114	0.01007	0.01220	0.77145	0.00757	0.01608	0.05259	0.01028	0.00674	0.00766	0.00555	0.00416	0.00362	0.00103	0.00688	0.00267	0.00218	0.03546
2	0.01211	0.12081	0.27242	0.01225	0.10873	0.13476	0.04335	0.08338	0.01069	0.07241	0.00875	0.01022	0.00685	0.00468	0.00440	0.00134	0.03012	0.00342	0.00264	0.05665
3	0.01115	0.10990	0.15842	0.05429	0.07871	0.28726	0.12085	0.01418	0.07592	0.01153	0.00751	0.00892	0.00595	0.00405	0.00411	0.00118	0.03549	0.00321	0.00209	0.00528
4	0.88738	0.00776	0.00589	0.00527	0.00776	0.00900	0.00434	0.01179	0.00683	0.01799	0.00558	0.00651	0.00434	0.00372	0.00248	0.00124	0.00310	0.00217	0.00248	0.00434
5	0.88738	0.00776	0.00589	0.00527	0.00776	0.00900	0.00434	0.01179	0.00683	0.01799	0.00558	0.00651	0.00434	0.00372	0.00248	0.00124	0.00310	0.00217	0.00248	0.00434
6	0.00506	0.00408	0.00450	0.00439	0.00561	0.00352	0.00330	0.00637	0.00989	0.01261	0.30789	0.03568	0.56404	0.00950	0.00474	0.00132	0.00198	0.00806	0.00396	0.00352
7	0.00527	0.00408	0.00480	0.00462	0.00574	0.00361	0.00347	0.00679	0.01040	0.01382	0.49143	0.03367	0.37974	0.00904	0.00473	0.00130	0.00195	0.00777	0.00412	0.00361
8	0.01072	0.86147	0.02102	0.00686	0.01029	0.01587	0.00686	0.01201	0.00815	0.00944	0.00558	0.00643	0.00515	0.00343	0.00257	0.00086	0.00429	0.00214	0.00172	0.00515
9	0.01072	0.86147	0.02102	0.00686	0.01029	0.01587	0.00686	0.01201	0.00815	0.00944	0.00558	0.00643	0.00515	0.00343	0.00257	0.00086	0.00429	0.00214	0.00172	0.00515
10	0.00902	0.00694	0.00736	0.00678	0.00854	0.00775	0.00521	0.06009	0.48006	0.01600	0.01628	0.10016	0.03104	0.00604	0.00388	0.00127	0.00281	0.00507	0.22036	0.00535
11	0.00497	0.00403	0.00445	0.00473	0.00583	0.00351	0.00357	0.00603	0.00889	0.01087	0.03501	0.18526	0.59231	0.01070	0.00490	0.00146	0.00228	0.10407	0.00372	0.00340
12	0.00491	0.00407	0.00429	0.00424	0.00552	0.00346	0.00318	0.00608	0.00953	0.01176	0.18056	0.03707	0.69190	0.00981	0.00474	0.00134	0.00201	0.00825	0.00385	0.00346
13	0.01004	0.00857	0.00889	0.00792	0.01014	0.02598	0.00617	0.07528	0.67788	0.01694	0.04555	0.01587	0.04369	0.00563	0.00409	0.00133	0.00322	0.00466	0.02205	0.00609
14	0.00969	0.00929	0.01585	0.10714	0.75335	0.00947	0.01219	0.01210	0.00902	0.01282	0.00750	0.01000	0.00625	0.00362	0.00397	0.00121	0.00482	0.00357	0.00196	0.00616
15	0.00804	0.01055	0.18713	0.00962	0.01144	0.03336	0.05393	0.01014	0.02559	0.01133	0.09470	0.02974	0.07792	0.00706	0.02205	0.02499	0.37112	0.00441	0.00230	0.00457
16	0.30002	0.11918	0.03530	0.05222	0.02579	0.11575	0.02070	0.05173	0.06619	0.09428	0.00807	0.00879	0.00615	0.00409	0.00336	0.00115	0.01786	0.00288	0.02807	0.03841

[dist]
# distance from previous block
# <min> <max>
1	4

[block]
# block no. 3 follows, 67 sequences, length 23
# corresponding to MSA columns:
# 160-182
name=unknown_D
#
# <colnr> <probs for GDERKNQSTAVLIFYWHMCP>
#	G	D	E	R	K	N	Q	S	T	A	V	L	I	F	Y	W	H	M	C	P
0	0.05830	0.18601	0.24734	0.01134	0.11999	0.05555	0.04881	0.07009	0.02830	0.03109	0.00754	0.00885	0.00592	0.00408	0.00412	0.00118	0.05962	0.00308	0.04326	0.00553
1	0.00580	0.00400	0.00493	0.00493	0.00512	0.00419	0.00312	0.00619	0.00600	0.00819	0.01213	0.02345	0.01337	0.63794	0.23986	0.00457	0.00572	0.00542	0.00235	0.00274
2	0.00759	0.00538	0.00752	0.02223	0.00839	0.00619	0.00560	0.07326	0.02728	0.06651	0.01081	0.01469	0.00951	0.02424	0.64588	0.00524	0.04881	0.00418	0.00251	0.00418
3	0.00543	0.00420	0.00501	0.00518	0.00628	0.00381	0.00409	0.00684	0.00959	0.01231	0.22493	0.05148	0.40105	0.03077	0.00533	0.00152	0.00247	0.21232	0.00385	0.00353
4	0.00568	0.00410	0.00536	0.00505	0.00599	0.00378	0.00378	0.00757	0.01135	0.01608	0.83192	0.02996	0.03784	0.00820	0.00473	0.00126	0.00189	0.00725	0.00441	0.00378
5	0.01084	0.00938	0.00954	0.00838	0.01076	0.04456	0.00657	0.12140	0.69186	0.01756	0.01507	0.01398	0.01127	0.00531	0.00405	0.00133	0.00350	0.00434	0.00399	0.00634
6	0.01498	0.01911	0.01137	0.01033	0.01240	0.84295	0.00775	0.01601	0.01137	0.00982	0.00620	0.00723	0.00517	0.00413	0.00362	0.00103	0.00723	0.00258	0.00207	0.00465
7	0.01799	0.00683	0.00931	0.00714	0.01024	0.00589	0.00589	0.01954	0.01148	0.83682	0.01582	0.01365	0.00993	0.00496	0.00403	0.00124	0.00341	0.00403	0.00496	0.00683
8	0.72532	0.00776	0.00656	0.00566	0.00822	0.00873	0.00466	0.05695	0.00803	0.10784	0.00709	0.00765	0.00522	0.00394	0.00274	0.00123	0.00318	0.00249	0.02200	0.00474
9	0.00770	0.00468	0.00551	0.14002	0.00883	0.00508	0.00443	0.01047	0.07512	0.01434	0.01239	0.01427	0.00965	0.00463	0.00310	0.00103	0.00253	0.00377	0.66838	0.00407
10	0.00883	0.00655	0.00984	0.48716	0.01916	0.00735	0.00835	0.04857	0.00947	0.13061	0.07926	0.01704	0.14035	0.00550	0.00419	0.00131	0.00422	0.00471	0.00286	0.00468
11	0.01077	0.28303	0.32285	0.01099	0.12256	0.01088	0.01039	0.01368	0.02323	0.14376	0.00827	0.00896	0.00617	0.00387	0.00348	0.00113	0.00480	0.00298	0.00230	0.00589
12	0.08697	0.01093	0.14772	0.16262	0.38195	0.00942	0.11890	0.01204	0.00867	0.01294	0.00732	0.00964	0.00576	0.00367	0.00392	0.00125	0.00517	0.00350	0.00195	0.00565
13	0.01000	0.73905	0.01878	0.00660	0.00968	0.01414	0.00642	0.01137	0.00861	0.01038	0.12356	0.00979	0.00981	0.00411	0.00288	0.00092	0.00395	0.00287	0.00210	0.00495
14	0.00780	0.00622	0.00764	0.00741	0.04214	0.00645	0.02743	0.11530	0.18322	0.01516	0.20707	0.23643	0.10498	0.00818	0.00457	0.00138	0.00287	0.00718	0.00388	0.00469
15	0.01295	0.02870	0.13591	0.05795	0.16268	0.00846	0.05789	0.06604	0.07947	0.33138	0.01152	0.01157	0.00797	0.00439	0.00400	0.00125	0.00440	0.00378	0.00338	0.00631
16	0.00583	0.00390	0.00446	0.00446	0.00449	0.00393	0.00254	0.00589	0.00586	0.00784	0.01256	0.02581	0.01439	0.82501	0.05421	0.00399	0.00417	0.00577	0.00242	0.00248
17	0.00501	0.00375	0.00440	0.00485	0.00542	0.00341	0.00326	0.00569	0.00784	0.01000	0.02667	0.43238	0.29653	0.16255	0.00772	0.00194	0.00251	0.00942	0.00349	0.00315
18	0.01072	0.01067	0.04073	0.09286	0.42868	0.12125	0.03144	0.05724	0.03416	0.04685	0.02142	0.02304	0.00718	0.00410	0.00406	0.00119	0.01648	0.00363	0.00234	0.04194
19	0.04699	0.12880	0.30114	0.01268	0.13470	0.03634	0.11207	0.12773	0.01024	0.04147	0.00768	0.00892	0.00578	0.00386	0.00376	0.00119	0.00527	0.00325	0.00226	0.00587
20	0.00883	0.01609	0.49701	0.01267	0.01759	0.00922	0.26350	0.01292	0.02196	0.04655	0.00839	0.01053	0.00624	0.00463	0.02714	0.00145	0.00612	0.02144	0.00203	0.00570
21	0.00723	0.00470	0.00582	0.00599	0.02370	0.00436	0.00429	0.05729	0.00946	0.11087	0.06549	0.40565	0.23993	0.01010	0.00479	0.00146	0.00257	0.02839	0.00389	0.00404
22	0.01135	0.04427	0.15588	0.05991	0.20184	0.02156	0.12540	0.19243	0.02166	0.09404	0.00913	0.02848	0.00694	0.00424	0.00404	0.00124	0.00502	0.00380	0.00272	0.00605

[dist]
# distance from previous block
# <min> <max>
2	7

[block]
# block no. 4 follows, 67 sequences, length 7
# corresponding to MSA columns:
# 195-201
name=unknown_E
#
# <colnr> <probs for GDERKNQSTAVLIFYWHMCP>
#	G	D	E	R	K	N	Q	S	T	A	V	L	I	F	Y	W	H	M	C	P
0	0.09830	0.34803	0.08338	0.01043	0.11426	0.11888	0.04717	0.07182	0.03026	0.03348	0.00698	0.00799	0.00568	0.00379	0.00326	0.00106	0.00482	0.00279	0.00219	0.00542
1	0.00695	0.00420	0.00504	0.00476	0.00585	0.00388	0.00354	0.00852	0.00987	0.08251	0.38000	0.05942	0.13977	0.06323	0.00528	0.00139	0.00218	0.00643	0.20331	0.00386
2	0.01145	0.04861	0.12755	0.06475	0.14426	0.17309	0.07317	0.15884	0.02701	0.04086	0.05332	0.01039	0.00782	0.00441	0.00428	0.00121	0.03725	0.00357	0.00257	0.00560
3	0.00754	0.00587	0.00836	0.03964	0.00829	0.00741	0.00593	0.00740	0.00584	0.00841	0.00704	0.01225	0.00710	0.08814	0.06875	0.35392	0.34940	0.00376	0.00184	0.00310
4	0.01006	0.11670	0.34438	0.01239	0.14236	0.06913	0.04389	0.07029	0.08121	0.03389	0.00831	0.00946	0.00635	0.00476	0.02872	0.00135	0.00541	0.00325	0.00225	0.00584
5	0.00948	0.00859	0.00866	0.00752	0.00969	0.11157	0.02438	0.03057	0.30748	0.04065	0.09562	0.04293	0.09252	0.00592	0.00427	0.00121	0.02372	0.02422	0.00346	0.14753
6	0.00536	0.00395	0.00455	0.00459	0.00523	0.00369	0.00308	0.00613	0.00804	0.01048	0.16390	0.11548	0.27791	0.32805	0.04020	0.00249	0.00304	0.00743	0.00330	0.00309

[dist]
# distance from previous block
# <min> <max>
0	3

[block]
# block no. 5 follows, 67 sequences, length 18
# corresponding to MSA columns:
# 205-222
name=unknown_F
#
# <colnr> <probs for GDERKNQSTAVLIFYWHMCP>
#	G	D	E	R	K	N	Q	S	T	A	V	L	I	F	Y	W	H	M	C	P
0	0.14004	0.25807	0.32925	0.00884	0.01282	0.11413	0.00958	0.01300	0.04058	0.01229	0.00680	0.00785	0.00538	0.00434	0.02070	0.00123	0.00519	0.00265	0.00197	0.00528
1	0.31645	0.03284	0.03454	0.22761	0.14995	0.04335	0.00818	0.06271	0.02297	0.03357	0.00709	0.00890	0.00550	0.00417	0.00371	0.02382	0.00434	0.00301	0.00232	0.00497
2	0.14167	0.00906	0.00965	0.00792	0.01068	0.00995	0.00641	0.28995	0.29098	0.16313	0.01240	0.01169	0.00885	0.00489	0.00381	0.00127	0.00362	0.00379	0.00398	0.00630
3	0.00489	0.00349	0.00465	0.00558	0.00582	0.00326	0.00372	0.00558	0.00768	0.01024	0.02210	0.85644	0.02653	0.01256	0.00512	0.00163	0.00233	0.01140	0.00372	0.00326
4	0.00498	0.00361	0.00460	0.00530	0.00567	0.00335	0.00355	0.00572	0.00787	0.01039	0.06318	0.66223	0.11254	0.07924	0.00627	0.00176	0.00240	0.01044	0.00365	0.00323
5	0.01799	0.00683	0.00931	0.00714	0.01024	0.00589	0.00589	0.01954	0.01148	0.83682	0.01582	0.01365	0.00993	0.00496	0.00403	0.00124	0.00341	0.00403	0.00496	0.00683
6	0.00503	0.00376	0.00471	0.00532	0.00593	0.00343	0.00378	0.00598	0.00842	0.01094	0.08471	0.53546	0.22140	0.01155	0.00503	0.00155	0.00233	0.07351	0.00377	0.00336
7	0.00947	0.01082	0.02366	0.01690	0.02096	0.01014	0.81947	0.01285	0.00947	0.01285	0.00811	0.01082	0.00609	0.00338	0.00473	0.00135	0.00676	0.00473	0.00203	0.00541
8	0.88738	0.00776	0.00589	0.00527	0.00776	0.00900	0.00434	0.01179	0.00683	0.01799	0.00558	0.00651	0.00434	0.00372	0.00248	0.00124	0.00310	0.00217	0.00248	0.00434
9	0.00832	0.00713	0.00832	0.00594	0.00950	0.00535	0.00475	0.01010	0.00832	0.01307	0.00713	0.00832	0.00594	0.00297	0.00297	0.00059	0.00297	0.00238	0.00238	0.88357
10	0.01023	0.04206	0.15702	0.03720	0.31449	0.07533	0.09778	0.03709	0.04397	0.06270	0.00943	0.04107	0.00789	0.00450	0.00407	0.00126	0.00508	0.04068	0.00240	0.00576
11	0.01743	0.00772	0.00986	0.00756	0.01069	0.00723	0.00625	0.18286	0.01298	0.67138	0.01456	0.01283	0.00929	0.00493	0.00403	0.00123	0.00362	0.00395	0.00477	0.00682
12	0.03311	0.00877	0.01349	0.05091	0.11799	0.02137	0.16885	0.11459	0.01078	0.27446	0.02088	0.01147	0.00781	0.00490	0.01687	0.00135	0.07614	0.00394	0.02119	0.02113
13	0.03682	0.08316	0.28257	0.04460	0.09787	0.06590	0.10095	0.06033	0.07427	0.04941	0.00846	0.00981	0.00644	0.00524	0.04301	0.00147	0.01832	0.00341	0.00230	0.00565
14	0.00725	0.00487	0.00590	0.00549	0.00682	0.00460	0.00416	0.03291	0.07669	0.09697	0.40063	0.12645	0.19474	0.00848	0.00463	0.00133	0.00230	0.00735	0.00421	0.00424
15	0.00509	0.00361	0.00476	0.00557	0.00585	0.00341	0.00378	0.00584	0.00774	0.01034	0.05054	0.70604	0.02569	0.08567	0.00646	0.00182	0.00253	0.05838	0.00363	0.00323
16	0.12380	0.01144	0.07821	0.01353	0.05116	0.05763	0.43492	0.11483	0.01042	0.05323	0.00814	0.00983	0.00602	0.00376	0.00416	0.00128	0.00572	0.00393	0.00245	0.00555
17	0.04445	0.00997	0.04459	0.09319	0.41636	0.04002	0.05617	0.09302	0.00983	0.03551	0.00767	0.00965	0.00613	0.00394	0.00437	0.00120	0.05018	0.00345	0.00228	0.06800

[dist]
# distance from previous block
# <min> <max>
3	8

[block]
# block no. 6 follows, 67 sequences, length 17
# corresponding to MSA columns:
# 232-248
name=unknown_G
#
# <colnr> <probs for GDERKNQSTAVLIFYWHMCP>
#	G	D	E	R	K	N	Q	S	T	A	V	L	I	F	Y	W	H	M	C	P
0	0.06132	0.05034	0.27050	0.01025	0.03632	0.02000	0.14466	0.07389	0.03522	0.04058	0.01051	0.03488	0.04298	0.08195	0.06757	0.00188	0.00544	0.00413	0.00241	0.00516
1	0.04213	0.39462	0.01510	0.00847	0.05242	0.14231	0.00695	0.10657	0.09064	0.02667	0.00963	0.01006	0.05653	0.00434	0.00328	0.00104	0.00446	0.00311	0.00250	0.01917
2	0.00508	0.00367	0.00482	0.00564	0.00597	0.00349	0.00381	0.00616	0.03310	0.01069	0.05714	0.79455	0.02658	0.01216	0.00507	0.00160	0.00233	0.01101	0.00376	0.00338
3	0.02258	0.04629	0.01370	0.02676	0.23940	0.13528	0.06015	0.27584	0.07186	0.03713	0.00910	0.02767	0.00716	0.00441	0.00394	0.00119	0.00492	0.00368	0.00291	0.00603
4	0.01095	0.24946	0.09902	0.01296	0.21532	0.08820	0.05638	0.07467	0.11602	0.02786	0.00831	0.00931	0.00663	0.00396	0.00359	0.00112	0.00483	0.00323	0.00237	0.00580
5	0.00497	0.00366	0.00455	0.00517	0.00564	0.00336	0.00350	0.00574	0.00802	0.01048	0.06691	0.59252	0.18527	0.07288	0.00613	0.00172	0.00236	0.01021	0.00367	0.00325
6	0.03642	0.00550	0.00759	0.00849	0.11176	0.00606	0.00556	0.02504	0.07649	0.01072	0.01100	0.01662	0.01041	0.18968	0.45564	0.00456	0.00759	0.00445	0.00240	0.00403
7	0.00583	0.00389	0.00437	0.00437	0.00437	0.00389	0.00243	0.00583	0.00583	0.00778	0.01264	0.02624	0.01458	0.85906	0.02041	0.00389	0.00389	0.00583	0.00243	0.00243
8	0.85002	0.00790	0.00616	0.00544	0.00796	0.00914	0.00448	0.04644	0.00734	0.01831	0.00576	0.00665	0.00445	0.00377	0.00255	0.00124	0.00316	0.00223	0.00255	0.00445
9	0.01096	0.02476	0.09022	0.01359	0.04264	0.14953	0.38490	0.05111	0.04637	0.05514	0.00823	0.01001	0.00627	0.00413	0.00509	0.00130	0.08406	0.00393	0.00231	0.00544
10	0.01073	0.00864	0.01117	0.35627	0.03672	0.02658	0.00876	0.24619	0.13044	0.05448	0.03482	0.01278	0.00857	0.00485	0.00409	0.00130	0.00454	0.03048	0.00306	0.00553
11	0.03599	0.05827	0.01298	0.33636	0.14325	0.00871	0.08649	0.01218	0.03366	0.12352	0.03797	0.01305	0.05778	0.00457	0.00416	0.00128	0.01799	0.00406	0.00256	0.00516
12	0.00795	0.01935	0.08981	0.05351	0.07135	0.00648	0.01880	0.10303	0.00861	0.03050	0.02261	0.08985	0.02877	0.30367	0.07305	0.02744	0.00461	0.00515	0.00264	0.03284
13	0.00663	0.03803	0.00602	0.00540	0.00625	0.02330	0.00383	0.03345	0.03527	0.03245	0.09945	0.16417	0.14245	0.28355	0.09966	0.00272	0.00395	0.00677	0.00315	0.00351
14	0.06737	0.07233	0.06831	0.03775	0.21358	0.08211	0.11190	0.03422	0.06894	0.05610	0.05924	0.01162	0.02847	0.00434	0.00402	0.00119	0.02040	0.00377	0.00255	0.05178
15	0.00565	0.00410	0.00546	0.00648	0.05628	0.00380	0.00418	0.00660	0.00835	0.03521	0.09065	0.56611	0.14575	0.03494	0.00536	0.00158	0.00247	0.00977	0.00367	0.00359
16	0.08343	0.02872	0.04453	0.00945	0.10024	0.13769	0.02063	0.12492	0.03560	0.07361	0.01996	0.07159	0.00909	0.04897	0.05600	0.00161	0.00469	0.00402	0.05633	0.06894

[dist]
# distance from previous block
# <min> <max>
2	31

[block]
# block no. 7 follows, 67 sequences, length 22
# corresponding to MSA columns:
# 280-301
name=unknown_H
#
# <colnr> <probs for GDERKNQSTAVLIFYWHMCP>
#	G	D	E	R	K	N	Q	S	T	A	V	L	I	F	Y	W	H	M	C	P
0	0.09155	0.10707	0.09923	0.03835	0.14250	0.03753	0.07304	0.04461	0.17440	0.02505	0.02264	0.03332	0.05785	0.00510	0.01531	0.00130	0.00437	0.00401	0.00270	0.02010
1	0.00590	0.00416	0.00501	0.00487	0.00596	0.00379	0.00365	0.00731	0.00974	0.04683	0.35083	0.08394	0.30821	0.03583	0.05500	0.00170	0.00265	0.02071	0.04024	0.00368
2	0.02699	0.20369	0.02846	0.04492	0.01246	0.06401	0.10526	0.01097	0.00744	0.01018	0.00596	0.00858	0.00541	0.00581	0.02095	0.01652	0.41263	0.00327	0.00182	0.00467
3	0.00588	0.00421	0.00517	0.00516	0.00612	0.00390	0.00376	0.00762	0.04358	0.04192	0.37538	0.24131	0.20452	0.02664	0.00510	0.00143	0.00218	0.00832	0.00405	0.00375
4	0.01667	0.00728	0.00945	0.00744	0.01039	0.00674	0.00615	0.11473	0.04033	0.66016	0.01544	0.01518	0.01045	0.00534	0.00413	0.00128	0.00354	0.05396	0.00474	0.00661
5	0.00757	0.00713	0.01203	0.84942	0.02762	0.00891	0.01114	0.01025	0.00802	0.01025	0.00713	0.01069	0.00535	0.00401	0.00401	0.00134	0.00535	0.00356	0.00178	0.00446
6	0.27456	0.00949	0.00946	0.00764	0.01042	0.01062	0.00625	0.44471	0.09487	0.03838	0.00938	0.00957	0.00685	0.00455	0.00350	0.00122	0.00376	0.00329	0.04562	0.00589
7	0.88738	0.00776	0.00589	0.00527	0.00776	0.00900	0.00434	0.01179	0.00683	0.01799	0.00558	0.00651	0.00434	0.00372	0.00248	0.00124	0.00310	0.00217	0.00248	0.00434
8	0.00573	0.00430	0.00645	0.00645	0.00716	0.00501	0.00501	0.00716	0.00645	0.00931	0.01074	0.01576	0.01003	0.03008	0.84316	0.00645	0.01074	0.00430	0.00215	0.00358
9	0.00998	0.00862	0.00907	0.00816	0.01043	0.00998	0.00635	0.02131	0.82679	0.01678	0.01632	0.01496	0.01224	0.00544	0.00408	0.00136	0.00317	0.00453	0.00408	0.00635
10	0.88738	0.00776	0.00589	0.00527	0.00776	0.00900	0.00434	0.01179	0.00683	0.01799	0.00558	0.00651	0.00434	0.00372	0.00248	0.00124	0.00310	0.00217	0.00248	0.00434
11	0.00804	0.02074	0.83828	0.01143	0.01736	0.00931	0.01482	0.01270	0.00847	0.01270	0.00720	0.00847	0.00508	0.00381	0.00381	0.00127	0.00593	0.00296	0.00169	0.00593
12	0.01072	0.86147	0.02102	0.00686	0.01029	0.01587	0.00686	0.01201	0.00815	0.00944	0.00558	0.00643	0.00515	0.00343	0.00257	0.00086	0.00429	0.00214	0.00172	0.00515
13	0.88738	0.00776	0.00589	0.00527	0.00776	0.00900	0.00434	0.01179	0.00683	0.01799	0.00558	0.00651	0.00434	0.00372	0.00248	0.00124	0.00310	0.00217	0.00248	0.00434
14	0.00583	0.00389	0.00437	0.00437	0.00437	0.00389	0.00243	0.00583	0.00583	0.00778	0.01264	0.02624	0.01458	0.85906	0.02041	0.00389	0.00389	0.00583	0.00243	0.00243
15	0.00804	0.02074	0.83828	0.01143	0.01736	0.00931	0.01482	0.01270	0.00847	0.01270	0.00720	0.00847	0.00508	0.00381	0.00381	0.00127	0.00593	0.00296	0.00169	0.00593
16	0.00497	0.00394	0.00449	0.00476	0.00574	0.00346	0.00349	0.00604	0.00899	0.01130	0.12021	0.25862	0.48571	0.01064	0.00488	0.00144	0.00218	0.05190	0.00380	0.00341
17	0.01514	0.01069	0.01157	0.00890	0.01203	0.01172	0.00734	0.74211	0.01803	0.07540	0.01014	0.01007	0.00714	0.00482	0.00397	0.00120	0.00426	0.00364	0.03513	0.00671
18	0.00559	0.00418	0.00471	0.00458	0.00585	0.00362	0.00346	0.00687	0.00980	0.04646	0.25590	0.06273	0.53565	0.00950	0.00474	0.00134	0.00210	0.02531	0.00396	0.00364
19	0.00983	0.05368	0.03810	0.00782	0.06281	0.03476	0.00602	0.04386	0.04082	0.09047	0.02432	0.04058	0.00787	0.00391	0.00336	0.00085	0.00346	0.00318	0.00274	0.52157
20	0.01272	0.14078	0.06972	0.00942	0.02389	0.29040	0.03568	0.18977	0.04528	0.04850	0.07635	0.01037	0.00876	0.00459	0.00387	0.00112	0.01715	0.00340	0.00280	0.00542
21	0.04021	0.21981	0.09537	0.02160	0.09805	0.06513	0.02018	0.17505	0.07933	0.08413	0.00947	0.02075	0.02112	0.00434	0.00358	0.00113	0.00446	0.00335	0.00280	0.03014

[dist]
# distance from previous block
# <min> <max>
0	6

[block]
# block no. 8 follows, 67 sequences, length 10
# corresponding to MSA columns:
# 308-317
name=unknown_I
#
# <colnr> <probs for GDERKNQSTAVLIFYWHMCP>
#	G	D	E	R	K	N	Q	S	T	A	V	L	I	F	Y	W	H	M	C	P
0	0.00993	0.17505	0.16402	0.04949	0.12204	0.08307	0.08386	0.04140	0.00953	0.05530	0.07789	0.03984	0.03055	0.00471	0.00404	0.00119	0.02422	0.00393	0.01468	0.00529
1	0.05042	0.00759	0.00944	0.00745	0.01032	0.00739	0.00611	0.16685	0.05890	0.54295	0.01390	0.01286	0.00927	0.00686	0.06909	0.00164	0.00414	0.00393	0.00442	0.00645
2	0.00762	0.00823	0.13094	0.09914	0.01153	0.04785	0.03504	0.02295	0.03053	0.05398	0.13552	0.24843	0.04838	0.00771	0.00449	0.00138	0.00374	0.06256	0.00320	0.03677
3	0.06106	0.22673	0.31579	0.00930	0.02808	0.04846	0.02752	0.06178	0.03394	0.04925	0.03270	0.05360	0.00774	0.00453	0.00377	0.00118	0.02331	0.00346	0.00232	0.00545
4	0.00554	0.00377	0.00446	0.00474	0.00481	0.00370	0.00282	0.00576	0.00639	0.00853	0.01552	0.27891	0.01822	0.60143	0.01576	0.00320	0.00341	0.00753	0.00282	0.00268
5	0.04423	0.00606	0.00745	0.00623	0.00822	0.00578	0.00475	0.01473	0.10922	0.41724	0.04264	0.01863	0.04892	0.23798	0.00850	0.00198	0.00339	0.00482	0.00400	0.00523
6	0.00995	0.04078	0.13140	0.12285	0.21152	0.08743	0.10782	0.07403	0.07732	0.01315	0.00845	0.02337	0.00677	0.00504	0.03080	0.00142	0.03638	0.00371	0.00227	0.00556
7	0.01090	0.02596	0.08607	0.03830	0.03726	0.00763	0.09157	0.09174	0.08864	0.21351	0.02822	0.15670	0.01289	0.00648	0.00454	0.00138	0.01931	0.06990	0.00354	0.00547
8	0.00503	0.00362	0.00473	0.00557	0.00591	0.00339	0.00382	0.00580	0.00780	0.01030	0.02280	0.71572	0.07520	0.04596	0.00573	0.00172	0.00247	0.06749	0.00367	0.00326
9	0.00491	0.00366	0.00457	0.00521	0.00574	0.00332	0.00357	0.00575	0.00825	0.01076	0.08013	0.61701	0.20906	0.01173	0.00501	0.00154	0.00223	0.01046	0.00377	0.00332

[dist]
# distance from previous block
# <min> <max>
2	5

[block]
# block no. 9 follows, 67 sequences, length 48
# corresponding to MSA columns:
# 323-370
name=unknown_J
#
# <colnr> <probs for GDERKNQSTAVLIFYWHMCP>
#	G	D	E	R	K	N	Q	S	T	A	V	L	I	F	Y	W	H	M	C	P
0	0.04215	0.25985	0.24587	0.00875	0.01283	0.02307	0.03201	0.17344	0.01044	0.01447	0.00716	0.00807	0.00558	0.00376	0.00334	0.00103	0.00464	0.00278	0.00231	0.13845
1	0.00841	0.00908	0.14799	0.00769	0.00993	0.07001	0.04232	0.02250	0.08343	0.08431	0.21486	0.14803	0.08305	0.01911	0.00479	0.00137	0.01725	0.01775	0.00344	0.00470
2	0.00705	0.00467	0.00587	0.00548	0.00668	0.00449	0.00418	0.00970	0.08402	0.07514	0.58078	0.05826	0.04221	0.00779	0.00455	0.00128	0.00219	0.03371	0.05774	0.00420
3	0.00949	0.00922	0.03101	0.15401	0.56046	0.00918	0.09076	0.01199	0.00903	0.03310	0.00891	0.01122	0.03566	0.00390	0.00408	0.00124	0.00494	0.00386	0.00209	0.00586
4	0.00934	0.00689	0.00825	0.00617	0.00943	0.00539	0.00496	0.02224	0.00885	0.11126	0.00943	0.04623	0.00802	0.00398	0.00331	0.00078	0.00305	0.03698	0.00282	0.69263
5	0.00583	0.00428	0.00455	0.00436	0.00583	0.00361	0.00331	0.00694	0.00946	0.07569	0.08570	0.03613	0.72093	0.00963	0.00468	0.00134	0.00213	0.00805	0.00386	0.00368
6	0.88738	0.00776	0.00589	0.00527	0.00776	0.00900	0.00434	0.01179	0.00683	0.01799	0.00558	0.00651	0.00434	0.00372	0.00248	0.00124	0.00310	0.00217	0.00248	0.00434
7	0.00489	0.00349	0.00465	0.00558	0.00582	0.00326	0.00372	0.00558	0.00768	0.01024	0.02210	0.85644	0.02653	0.01256	0.00512	0.00163	0.00233	0.01140	0.00372	0.00326
8	0.01799	0.00683	0.00931	0.00714	0.01024	0.00589	0.00589	0.01954	0.01148	0.83682	0.01582	0.01365	0.00993	0.00496	0.00403	0.00124	0.00341	0.00403	0.00496	0.00683
9	0.03318	0.00688	0.00912	0.00709	0.01006	0.00614	0.00583	0.03312	0.04351	0.74062	0.04989	0.01419	0.01104	0.00509	0.00404	0.00125	0.00335	0.00415	0.00484	0.00663
10	0.00757	0.00713	0.01203	0.84942	0.02762	0.00891	0.01114	0.01025	0.00802	0.01025	0.00713	0.01069	0.00535	0.00401	0.00401	0.00134	0.00535	0.00356	0.00178	0.00446
11	0.01072	0.86147	0.02102	0.00686	0.01029	0.01587	0.00686	0.01201	0.00815	0.00944	0.00558	0.00643	0.00515	0.00343	0.00257	0.00086	0.00429	0.00214	0.00172	0.00515
12	0.01520	0.01097	0.01183	0.00911	0.01228	0.01209	0.00751	0.76273	0.04302	0.05917	0.01009	0.00996	0.00712	0.00484	0.00401	0.00121	0.00433	0.00366	0.00405	0.00681
13	0.00489	0.00349	0.00465	0.00558	0.00582	0.00326	0.00372	0.00558	0.00768	0.01024	0.02210	0.85644	0.02653	0.01256	0.00512	0.00163	0.00233	0.01140	0.00372	0.00326
14	0.00757	0.00713	0.01203	0.84942	0.02762	0.00891	0.01114	0.01025	0.00802	0.01025	0.00713	0.01069	0.00535	0.00401	0.00401	0.00134	0.00535	0.00356	0.00178	0.00446
15	0.00492	0.00352	0.00469	0.00562	0.00587	0.00329	0.00378	0.00565	0.00771	0.01028	0.02208	0.83825	0.02645	0.01253	0.00513	0.00163	0.00236	0.02924	0.00372	0.00327
16	0.00804	0.02074	0.83828	0.01143	0.01736	0.00931	0.01482	0.01270	0.00847	0.01270	0.00720	0.00847	0.00508	0.00381	0.00381	0.00127	0.00593	0.00296	0.00169	0.00593
17	0.01799	0.00683	0.00931	0.00714	0.01024	0.00589	0.00589	0.01954	0.01148	0.83682	0.01582	0.01365	0.00993	0.00496	0.00403	0.00124	0.00341	0.00403	0.00496	0.00683
18	0.88738	0.00776	0.00589	0.00527	0.00776	0.00900	0.00434	0.01179	0.00683	0.01799	0.00558	0.00651	0.00434	0.00372	0.00248	0.00124	0.00310	0.00217	0.00248	0.00434
19	0.00631	0.00451	0.00629	0.00721	0.00807	0.00448	0.00620	0.00804	0.00908	0.01183	0.02132	0.12414	0.02342	0.01122	0.00550	0.00183	0.00356	0.72965	0.00370	0.00365
20	0.00748	0.00374	0.00374	0.00374	0.00467	0.00374	0.00280	0.00934	0.00841	0.01495	0.01308	0.01495	0.01028	0.00467	0.00280	0.00093	0.00187	0.00374	0.88132	0.00374
21	0.00489	0.00349	0.00465	0.00558	0.00582	0.00326	0.00372	0.00558	0.00768	0.01024	0.02210	0.85644	0.02653	0.01256	0.00512	0.00163	0.00233	0.01140	0.00372	0.00326
22	0.00573	0.00430	0.00645	0.00645	0.00716	0.00501	0.00501	0.00716	0.00645	0.00931	0.01074	0.01576	0.01003	0.03008	0.84316	0.00645	0.01074	0.00430	0.00215	0.00358
23	0.88738	0.00776	0.00589	0.00527	0.00776	0.00900	0.00434	0.01179	0.00683	0.01799	0.00558	0.00651	0.00434	0.00372	0.00248	0.00124	0.00310	0.00217	0.00248	0.00434
24	0.01024	0.01097	0.01241	0.01060	0.01133	0.18409	0.04254	0.04028	0.00783	0.01037	0.00588	0.00876	0.00546	0.00681	0.03297	0.00170	0.58788	0.00339	0.00192	0.00455
25	0.00846	0.15229	0.71041	0.01072	0.01625	0.01034	0.01357	0.01259	0.00842	0.01219	0.00694	0.00815	0.00509	0.00375	0.00362	0.00121	0.00567	0.00284	0.00170	0.00580
26	0.00491	0.00353	0.00467	0.00557	0.00585	0.00329	0.00375	0.00565	0.00776	0.01030	0.02275	0.81039	0.05551	0.01245	0.00511	0.00162	0.00234	0.02753	0.00372	0.00327
27	0.01362	0.22454	0.01386	0.00938	0.01204	0.31075	0.00753	0.10474	0.21985	0.02641	0.01016	0.01075	0.00817	0.00503	0.00396	0.00128	0.00539	0.00344	0.00309	0.00599
