[name]
unknown

[dist]
# distance from previous block
# <min> <max>
0	93

[block]
# block no. 0 follows, 59 sequences, length 28
# corresponding to MSA columns:
# 93-120
name=unknown_A
#
# <colnr> <probs for GDERKNQSTAVLIFYWHMCP>
#	G	D	E	R	K	N	Q	S	T	A	V	L	I	F	Y	W	H	M	C	P
0	0.00891	0.00532	0.00661	0.00648	0.00776	0.00510	0.00483	0.05090	0.04378	0.13963	0.10197	0.34825	0.07876	0.04161	0.00573	0.00168	0.00296	0.06009	0.07497	0.00465
1	0.01100	0.06844	0.06836	0.01566	0.01936	0.11197	0.50508	0.01398	0.01009	0.01304	0.00836	0.02520	0.00674	0.00447	0.00587	0.00146	0.09842	0.00460	0.00219	0.00570
2	0.00782	0.00590	0.00624	0.00630	0.00737	0.05888	0.00451	0.03841	0.03643	0.05970	0.08409	0.37963	0.16302	0.06617	0.00625	0.00174	0.00310	0.00909	0.05112	0.00421
3	0.05060	0.00557	0.00684	0.00713	0.06064	0.00524	0.00488	0.02566	0.02620	0.10315	0.21676	0.14762	0.25232	0.06021	0.00604	0.00165	0.00287	0.00787	0.00417	0.00457
4	0.36709	0.00891	0.00933	0.00749	0.01065	0.00933	0.00618	0.17578	0.01220	0.33499	0.01147	0.01095	0.00774	0.00488	0.00374	0.00136	0.00384	0.00351	0.00414	0.00640
5	0.00624	0.00464	0.00584	0.00582	0.00687	0.00437	0.00424	0.00752	0.00922	0.02461	0.16656	0.22060	0.19944	0.07892	0.17480	0.00285	0.00450	0.00817	0.00370	0.06110
6	0.00709	0.00483	0.00620	0.06067	0.00822	0.00479	0.00461	0.03513	0.02161	0.05411	0.04555	0.45581	0.06594	0.18188	0.00881	0.00220	0.00325	0.00946	0.01594	0.00392
7	0.00656	0.06032	0.00670	0.00598	0.00702	0.00537	0.00434	0.00852	0.09037	0.01206	0.06235	0.37251	0.22286	0.05921	0.00681	0.04907	0.00286	0.00926	0.00383	0.00399
8	0.00642	0.00430	0.00489	0.00489	0.00492	0.00432	0.00277	0.00647	0.00645	0.00862	0.01385	0.02851	0.01589	0.81716	0.04987	0.00438	0.00454	0.00637	0.00267	0.00272
9	0.03173	0.00620	0.00754	0.00681	0.00841	0.00627	0.00523	0.09380	0.01078	0.20750	0.01829	0.25958	0.05303	0.02968	0.00564	0.00154	0.05810	0.00691	0.17785	0.00513
10	0.03264	0.00797	0.01133	0.14868	0.22061	0.00827	0.00852	0.08530	0.03799	0.13114	0.05593	0.02831	0.08017	0.04459	0.00522	0.00149	0.00422	0.00493	0.07690	0.00580
11	0.77952	0.00875	0.00711	0.00619	0.00901	0.01000	0.00510	0.06550	0.00863	0.05750	0.00697	0.00777	0.00525	0.00424	0.00292	0.00136	0.00353	0.00259	0.00297	0.00509
12	0.00644	0.00432	0.00497	0.00500	0.00506	0.00435	0.00292	0.00656	0.00656	0.00877	0.01412	0.02909	0.01615	0.78950	0.05230	0.00432	0.00456	0.02955	0.00271	0.00277
13	0.00642	0.00428	0.00482	0.00482	0.00482	0.00428	0.00268	0.00642	0.00642	0.00856	0.01392	0.02890	0.01606	0.84478	0.02248	0.00428	0.00428	0.00642	0.00268	0.00268
14	0.00916	0.00785	0.00916	0.00654	0.01047	0.00589	0.00523	0.01112	0.00916	0.01439	0.00785	0.00916	0.00654	0.00327	0.00327	0.00065	0.00327	0.00262	0.00262	0.87178
15	0.02296	0.01036	0.01633	0.05102	0.03480	0.01076	0.28525	0.21452	0.13617	0.03380	0.03043	0.01423	0.00967	0.00689	0.05975	0.00181	0.00591	0.02884	0.00333	0.02316
16	0.01093	0.01049	0.01793	0.02711	0.81723	0.01049	0.01355	0.01355	0.01006	0.01443	0.00831	0.01093	0.00700	0.00394	0.00437	0.00131	0.00525	0.00394	0.00219	0.00700
17	0.01003	0.00839	0.00890	0.02743	0.06991	0.10206	0.00622	0.08994	0.06624	0.06982	0.28835	0.02424	0.16371	0.00738	0.00474	0.00135	0.00364	0.00620	0.00405	0.03742
18	0.00679	0.00496	0.00618	0.00581	0.00696	0.00471	0.00434	0.06037	0.01235	0.01714	0.61300	0.10507	0.09587	0.02982	0.00562	0.00150	0.00238	0.00820	0.00465	0.00427
19	0.00572	0.00412	0.00533	0.00615	0.00658	0.00389	0.00422	0.02067	0.00888	0.01177	0.04629	0.69366	0.07322	0.04421	0.00623	0.00186	0.00270	0.04675	0.00407	0.00367
20	0.01107	0.06579	0.02598	0.04201	0.20753	0.03023	0.08971	0.09664	0.10456	0.01566	0.00933	0.01082	0.00744	0.00429	0.00445	0.00118	0.03569	0.00371	0.00277	0.23113
21	0.73859	0.00951	0.03220	0.00638	0.00931	0.04245	0.00539	0.02870	0.00815	0.01906	0.00644	0.00748	0.00502	0.00409	0.00290	0.00131	0.00371	0.00248	0.00271	0.06413
22	0.01011	0.24679	0.07380	0.00885	0.02700	0.05150	0.01846	0.05645	0.02252	0.02886	0.05748	0.05369	0.04821	0.09695	0.04719	0.00194	0.13783	0.00462	0.00267	0.00509
23	0.13162	0.03340	0.04535	0.00886	0.01221	0.11595	0.00748	0.23003	0.01390	0.33984	0.01201	0.01143	0.00815	0.00502	0.00410	0.00132	0.00470	0.00373	0.00416	0.00675
24	0.01078	0.10933	0.15177	0.01069	0.04224	0.02250	0.08548	0.11633	0.14220	0.03511	0.05727	0.04581	0.04382	0.00587	0.00517	0.01701	0.05261	0.00466	0.00315	0.03821
25	0.00715	0.04779	0.02541	0.00642	0.00740	0.00580	0.05956	0.00792	0.00754	0.01019	0.05320	0.04469	0.04512	0.55458	0.03511	0.00338	0.02071	0.00611	0.00276	0.04915
26	0.00966	0.07091	0.17294	0.01855	0.02230	0.07201	0.09267	0.06063	0.04557	0.01324	0.01309	0.11733	0.06679	0.02678	0.03516	0.02204	0.11008	0.00530	0.00271	0.02223
27	0.03904	0.04442	0.07890	0.00789	0.01016	0.05144	0.03096	0.07134	0.04896	0.01395	0.06123	0.06493	0.10183	0.07370	0.13934	0.00247	0.03654	0.00530	0.02347	0.09414

[dist]
# distance from previous block
# <min> <max>
0	44

[block]
# block no. 1 follows, 59 sequences, length 25
# corresponding to MSA columns:
# 168-192
name=unknown_B
#
# <colnr> <probs for GDERKNQSTAVLIFYWHMCP>
#	G	D	E	R	K	N	Q	S	T	A	V	L	I	F	Y	W	H	M	C	P
0	0.07238	0.07569	0.10080	0.06525	0.06097	0.10330	0.09832	0.02939	0.02536	0.11678	0.03743	0.02319	0.00865	0.02223	0.02885	0.00157	0.07579	0.00400	0.00281	0.04725
1	0.15733	0.00936	0.04002	0.03760	0.01117	0.07673	0.02182	0.07061	0.08382	0.08728	0.04596	0.04007	0.08488	0.03424	0.00499	0.00145	0.01895	0.05428	0.00345	0.11599
2	0.03200	0.09120	0.17208	0.04634	0.24331	0.07042	0.07069	0.04060	0.02509	0.05487	0.02301	0.01059	0.00728	0.00432	0.00439	0.00128	0.02675	0.00366	0.00247	0.06963
3	0.01075	0.00806	0.01048	0.04157	0.02643	0.00660	0.04620	0.03059	0.01006	0.12414	0.03418	0.01100	0.00823	0.00387	0.00368	0.00088	0.00369	0.00327	0.00306	0.61326
4	0.02908	0.00869	0.01542	0.07304	0.14440	0.00846	0.26050	0.01235	0.02516	0.04609	0.18850	0.03391	0.01590	0.00569	0.00498	0.00141	0.01793	0.03918	0.00310	0.06621
5	0.00670	0.00452	0.00512	0.00504	0.00516	0.00458	0.00293	0.02806	0.00683	0.00914	0.01376	0.02802	0.01566	0.79486	0.04892	0.00430	0.00455	0.00630	0.00271	0.00285
6	0.03046	0.40905	0.15952	0.02696	0.05886	0.13089	0.05101	0.04793	0.02545	0.01262	0.00727	0.00849	0.00600	0.00409	0.00357	0.00115	0.00565	0.00297	0.00215	0.00590
7	0.01083	0.01066	0.01726	0.13241	0.65855	0.04722	0.03191	0.01345	0.01001	0.01385	0.00820	0.01093	0.00678	0.00402	0.00438	0.00133	0.00551	0.00392	0.00216	0.00661
8	0.00580	0.00411	0.00536	0.00607	0.00645	0.00390	0.00418	0.00674	0.00881	0.01185	0.11961	0.55035	0.02846	0.13449	0.00809	0.00213	0.00289	0.08315	0.00398	0.00357
9	0.00582	0.00450	0.00531	0.00511	0.00633	0.00398	0.00383	0.00750	0.01149	0.01530	0.49408	0.03695	0.36400	0.00993	0.00521	0.00143	0.00215	0.00854	0.00455	0.00398
10	0.00580	0.00409	0.00518	0.00567	0.00604	0.00387	0.00374	0.00664	0.00875	0.01183	0.17262	0.46839	0.04390	0.22102	0.00977	0.00233	0.00290	0.01009	0.00389	0.00347
11	0.00657	0.00476	0.00635	0.00662	0.00768	0.00454	0.00542	0.00856	0.01131	0.01534	0.41415	0.04106	0.08563	0.01057	0.00560	0.00168	0.00297	0.35262	0.00446	0.00409
12	0.00619	0.00451	0.00582	0.00549	0.00656	0.00414	0.00412	0.00821	0.01235	0.01736	0.76827	0.03357	0.08852	0.00916	0.00521	0.00140	0.00209	0.00807	0.00482	0.00414
13	0.00573	0.00449	0.00518	0.00501	0.00628	0.00395	0.00376	0.00733	0.01127	0.01479	0.42634	0.03779	0.43206	0.01012	0.00521	0.00144	0.00216	0.00866	0.00448	0.00395
14	0.01181	0.84744	0.02314	0.00756	0.01134	0.01748	0.00756	0.01323	0.00897	0.01039	0.00614	0.00708	0.00567	0.00378	0.00283	0.00094	0.00472	0.00236	0.00189	0.00567
15	0.01982	0.00752	0.01025	0.00786	0.01127	0.00649	0.00649	0.02152	0.01264	0.82029	0.01742	0.01503	0.01093	0.00547	0.00444	0.00137	0.00376	0.00444	0.00547	0.00752
16	0.00600	0.00429	0.00583	0.00686	0.00738	0.00412	0.00517	0.00722	0.00907	0.01197	0.02400	0.55992	0.02786	0.01325	0.00580	0.00188	0.00310	0.28843	0.00409	0.00376
17	0.00834	0.00785	0.01325	0.83417	0.03042	0.00981	0.01227	0.01128	0.00883	0.01128	0.00785	0.01178	0.00589	0.00442	0.00442	0.00147	0.00589	0.00393	0.00196	0.00491
18	0.01732	0.01152	0.01273	0.00976	0.01327	0.01243	0.00806	0.66547	0.01934	0.16688	0.01180	0.01138	0.00811	0.00533	0.00442	0.00133	0.00467	0.00406	0.00460	0.00751
19	0.01181	0.84744	0.02314	0.00756	0.01134	0.01748	0.00756	0.01323	0.00897	0.01039	0.00614	0.00708	0.00567	0.00378	0.00283	0.00094	0.00472	0.00236	0.00189	0.00567
20	0.00641	0.00433	0.00509	0.00509	0.00518	0.00443	0.00301	0.00660	0.00650	0.00876	0.01367	0.02754	0.01547	0.74926	0.11719	0.00461	0.00517	0.00622	0.00264	0.00283
21	0.00609	0.00417	0.00526	0.00584	0.00649	0.00393	0.00421	0.00736	0.00941	0.01308	0.13618	0.44508	0.09216	0.03175	0.00566	0.00170	0.00261	0.09484	0.12041	0.00378
22	0.00640	0.00437	0.00525	0.00525	0.00540	0.00452	0.00322	0.00670	0.00655	0.00889	0.01352	0.02669	0.01510	0.68950	0.17645	0.00482	0.00573	0.00610	0.00262	0.00292
23	0.03087	0.16302	0.06660	0.01141	0.01513	0.05184	0.15318	0.38494	0.01486	0.01972	0.00888	0.00990	0.00671	0.00471	0.00461	0.00131	0.03879	0.00378	0.00318	0.00656
24	0.03117	0.12622	0.19382	0.05264	0.11276	0.10108	0.08172	0.09864	0.05709	0.06871	0.00955	0.03050	0.00747	0.00465	0.00417	0.00132	0.00564	0.00384	0.00273	0.00627

[dist]
# distance from previous block
# <min> <max>
0	1

[block]
# block no. 2 follows, 59 sequences, length 54
# corresponding to MSA columns:
# 194-247
name=unknown_C
#
# <colnr> <probs for GDERKNQSTAVLIFYWHMCP>
#	G	D	E	R	K	N	Q	S	T	A	V	L	I	F	Y	W	H	M	C	P
0	0.01029	0.07022	0.10197	0.04276	0.04883	0.08815	0.03039	0.07305	0.04806	0.04758	0.05951	0.03519	0.10445	0.00721	0.00576	0.00151	0.09439	0.12211	0.00320	0.00536
1	0.01679	0.01237	0.01325	0.01016	0.01370	0.01370	0.00839	0.80251	0.02077	0.02783	0.01060	0.01060	0.00751	0.00530	0.00442	0.00133	0.00486	0.00398	0.00442	0.00751
2	0.05007	0.02496	0.05726	0.04362	0.05295	0.23088	0.08269	0.11506	0.01117	0.05377	0.00803	0.00997	0.00646	0.00600	0.02699	0.00159	0.20658	0.00367	0.00260	0.00567
3	0.00671	0.00461	0.00577	0.00619	0.00661	0.00461	0.00452	0.00755	0.00797	0.01049	0.01784	0.03756	0.01993	0.50003	0.01570	0.00335	0.00419	0.32985	0.00325	0.00325
4	0.02345	0.07833	0.06903	0.02706	0.07645	0.14325	0.02779	0.18580	0.07526	0.01609	0.00865	0.01002	0.00691	0.00509	0.00581	0.00133	0.14645	0.00356	0.00282	0.08683
5	0.00739	0.00593	0.00563	0.00554	0.00579	0.08531	0.00334	0.00755	0.00709	0.00888	0.01343	0.04659	0.01526	0.72564	0.03609	0.00397	0.00475	0.00619	0.00267	0.00296
6	0.00686	0.00494	0.00613	0.00607	0.00717	0.00474	0.00448	0.00952	0.09104	0.04234	0.40733	0.25253	0.10801	0.01017	0.00524	0.00153	0.00246	0.02053	0.00455	0.00436
7	0.00971	0.00981	0.01437	0.01207	0.01237	0.01337	0.06280	0.01087	0.00701	0.01087	0.00601	0.00981	0.00586	0.00746	0.01387	0.00190	0.78103	0.00396	0.00195	0.00491
8	0.04629	0.04667	0.25554	0.02555	0.05125	0.02872	0.19480	0.22545	0.01255	0.01758	0.00891	0.01055	0.00666	0.00571	0.04276	0.00164	0.00631	0.00394	0.00272	0.00640
9	0.00595	0.00443	0.00639	0.00755	0.05087	0.00418	0.02499	0.00677	0.00853	0.01143	0.03439	0.70318	0.04043	0.01300	0.00619	0.04995	0.00289	0.01129	0.00384	0.00375
10	0.00558	0.00434	0.00504	0.00547	0.00640	0.00389	0.00389	0.02203	0.00959	0.01212	0.05570	0.41920	0.39323	0.01228	0.00542	0.00164	0.00247	0.02384	0.00413	0.00375
11	0.01545	0.01901	0.04376	0.01207	0.06547	0.64417	0.00893	0.05572	0.03494	0.02516	0.00868	0.00964	0.02848	0.00477	0.00409	0.00119	0.00723	0.00325	0.00252	0.00547
12	0.03950	0.12120	0.05776	0.04658	0.15784	0.08552	0.10572	0.21777	0.08347	0.01742	0.01995	0.01082	0.00765	0.00458	0.00421	0.00130	0.00543	0.00386	0.00297	0.00645
13	0.75880	0.01025	0.00731	0.00657	0.00924	0.12132	0.00529	0.01362	0.00820	0.01859	0.00624	0.00728	0.00491	0.00416	0.00290	0.00134	0.00404	0.00245	0.00267	0.00483
14	0.01007	0.04716	0.20617	0.02307	0.12972	0.09055	0.01033	0.04564	0.02997	0.01337	0.00950	0.04987	0.00825	0.00839	0.09139	0.00201	0.14422	0.00412	0.07063	0.00558
15	0.08009	0.00759	0.00999	0.00771	0.01108	0.00673	0.00637	0.02092	0.01228	0.76394	0.01663	0.01448	0.01050	0.00537	0.00432	0.00137	0.00373	0.00430	0.00527	0.00732
16	0.00643	0.00403	0.00532	0.00555	0.00601	0.00379	0.00380	0.00620	0.00790	0.01031	0.08412	0.23622	0.18269	0.03405	0.01093	0.37588	0.00305	0.00762	0.00319	0.00292
17	0.54274	0.00828	0.00752	0.00609	0.00928	0.00836	0.00496	0.01227	0.00815	0.01773	0.00680	0.00794	0.00546	0.00378	0.00294	0.00109	0.00336	0.00248	0.00269	0.33809
18	0.00636	0.00441	0.00554	0.00557	0.00582	0.00465	0.00360	0.00687	0.00669	0.00917	0.01355	0.04769	0.01485	0.56813	0.27363	0.00509	0.00659	0.00606	0.00262	0.00310
19	0.01099	0.00949	0.00999	0.00899	0.01148	0.01099	0.00699	0.02347	0.80925	0.01848	0.01798	0.01648	0.01348	0.00599	0.00449	0.00150	0.00350	0.00499	0.00449	0.00699
20	0.03701	0.00798	0.01042	0.00803	0.01143	0.00725	0.00663	0.08781	0.02695	0.72262	0.01662	0.01452	0.01056	0.00543	0.00441	0.00137	0.00384	0.00437	0.00530	0.00745
21	0.00672	0.00512	0.00713	0.04732	0.00824	0.00594	0.00521	0.00777	0.00692	0.00975	0.01187	0.02043	0.01209	0.30834	0.44582	0.00544	0.07463	0.00520	0.00242	0.00363
22	0.01724	0.01164	0.01280	0.00982	0.01333	0.01262	0.00811	0.68545	0.01955	0.14661	0.01163	0.01127	0.00802	0.00533	0.00442	0.00133	0.00469	0.00405	0.00458	0.00751
23	0.01613	0.01816	0.01232	0.01087	0.01333	0.60456	0.00832	0.11646	0.07547	0.05332	0.00867	0.00934	0.00678	0.00487	0.00432	0.00122	0.02406	0.00325	0.00287	0.00568
24	0.00916	0.00785	0.00916	0.00654	0.01047	0.00589	0.00523	0.01112	0.00916	0.01439	0.00785	0.00916	0.00654	0.00327	0.00327	0.00065	0.00327	0.00262	0.00262	0.87178
25	0.00916	0.00785	0.00916	0.00654	0.01047	0.00589	0.00523	0.01112	0.00916	0.01439	0.00785	0.00916	0.00654	0.00327	0.00327	0.00065	0.00327	0.00262	0.00262	0.87178
26	0.01099	0.00949	0.00999	0.00899	0.01148	0.01099	0.00699	0.02347	0.80925	0.01848	0.01798	0.01648	0.01348	0.00599	0.00449	0.00150	0.00350	0.00499	0.00449	0.00699
27	0.00625	0.00451	0.00590	0.00556	0.00660	0.00417	0.00417	0.00833	0.01250	0.01771	0.81490	0.03299	0.04167	0.00903	0.00521	0.00139	0.00208	0.00799	0.00486	0.00417
28	0.01099	0.00949	0.00999	0.00899	0.01148	0.01099	0.00699	0.02347	0.80925	0.01848	0.01798	0.01648	0.01348	0.00599	0.00449	0.00150	0.00350	0.00499	0.00449	0.00699
29	0.00538	0.00384	0.00512	0.00615	0.00641	0.00359	0.00410	0.00615	0.00846	0.01127	0.02434	0.84190	0.02921	0.01384	0.00564	0.00179	0.00256	0.01256	0.00410	0.00359
30	0.00916	0.00785	0.00916	0.00654	0.01047	0.00589	0.00523	0.01112	0.00916	0.01439	0.00785	0.00916	0.00654	0.00327	0.00327	0.00065	0.00327	0.00262	0.00262	0.87178
31	0.00834	0.00785	0.01325	0.83417	0.03042	0.00981	0.01227	0.01128	0.00883	0.01128	0.00785	0.01178	0.00589	0.00442	0.00442	0.00147	0.00589	0.00393	0.00196	0.00491
32	0.00537	0.00389	0.00508	0.00603	0.00637	0.00360	0.00405	0.00616	0.00857	0.01132	0.02579	0.78535	0.08483	0.01365	0.00561	0.00177	0.00254	0.01233	0.00410	0.00360
33	0.01093	0.01049	0.01793	0.02711	0.81723	0.01049	0.01355	0.01355	0.01006	0.01443	0.00831	0.01093	0.00700	0.00394	0.00437	0.00131	0.00525	0.00394	0.00219	0.00700
34	0.77239	0.00891	0.00725	0.00629	0.00912	0.01023	0.00518	0.09371	0.00896	0.03550	0.00681	0.00767	0.00518	0.00425	0.00294	0.00136	0.00357	0.00259	0.00296	0.00511
35	0.00529	0.00441	0.00461	0.00470	0.00604	0.00374	0.00347	0.00642	0.01002	0.01215	0.08054	0.12271	0.69806	0.01135	0.00526	0.00152	0.00226	0.00958	0.00414	0.00374
36	0.01142	0.00958	0.01014	0.00902	0.01158	0.01103	0.00705	0.05975	0.75755	0.03395	0.01762	0.01618	0.01316	0.00595	0.00449	0.00149	0.00356	0.00494	0.00451	0.00702
37	0.01103	0.00945	0.00998	0.00896	0.01144	0.01091	0.00697	0.04498	0.77053	0.01859	0.01790	0.03342	0.01364	0.00614	0.00452	0.00150	0.00351	0.00512	0.00448	0.00693
38	0.87598	0.00854	0.00649	0.00581	0.00854	0.00991	0.00478	0.01298	0.00752	0.01982	0.00615	0.00717	0.00478	0.00410	0.00273	0.00137	0.00342	0.00239	0.00273	0.00478
39	0.19905	0.01137	0.01165	0.00916	0.01248	0.01267	0.00755	0.59397	0.04575	0.03930	0.01004	0.01016	0.00720	0.00507	0.00406	0.00134	0.00449	0.00368	0.00408	0.00691
40	0.01129	0.00906	0.00980	0.00872	0.01117	0.01024	0.00684	0.06968	0.63730	0.05726	0.07879	0.01832	0.01552	0.00635	0.00459	0.00149	0.00350	0.02882	0.00455	0.00674
41	0.00989	0.00828	0.00955	0.00689	0.01078	0.00664	0.00554	0.08692	0.01027	0.01568	0.00811	0.00930	0.00663	0.00347	0.00338	0.00072	0.00342	0.00275	0.00279	0.78901
42	0.01635	0.01891	0.01252	0.01099	0.01352	0.63962	0.00841	0.18369	0.01422	0.01444	0.00832	0.00916	0.02096	0.00483	0.00410	0.00118	0.00720	0.00320	0.00276	0.00560
43	0.00642	0.00428	0.00482	0.00482	0.00482	0.00428	0.00268	0.00642	0.00642	0.00856	0.01392	0.02890	0.01606	0.84478	0.02248	0.00428	0.00428	0.00642	0.00268	0.00268
44	0.00536	0.00393	0.00503	0.00591	0.00634	0.00361	0.00399	0.00618	0.00869	0.01137	0.02727	0.72708	0.14214	0.01346	0.00558	0.00175	0.00252	0.01209	0.00410	0.00361
45	0.01181	0.84744	0.02314	0.00756	0.01134	0.01748	0.00756	0.01323	0.00897	0.01039	0.00614	0.00708	0.00567	0.00378	0.00283	0.00094	0.00472	0.00236	0.00189	0.00567
46	0.01902	0.00731	0.00997	0.00776	0.01100	0.00633	0.00636	0.02067	0.01241	0.77545	0.01781	0.06086	0.01195	0.00593	0.00451	0.00139	0.00369	0.00489	0.00539	0.00730
47	0.00538	0.00443	0.00474	0.00477	0.00609	0.00378	0.00354	0.00662	0.01030	0.01273	0.15639	0.10557	0.63821	0.01108	0.00525	0.00150	0.00224	0.00939	0.00421	0.00378
48	0.00540	0.00386	0.00515	0.00613	0.00641	0.00360	0.00410	0.00621	0.00856	0.01145	0.04540	0.82035	0.02954	0.01371	0.00563	0.00178	0.00255	0.01243	0.00412	0.00360
49	0.01650	0.02105	0.01252	0.01138	0.01365	0.82705	0.00853	0.01764	0.01252	0.01081	0.00683	0.00796	0.00569	0.00455	0.00398	0.00114	0.00796	0.00284	0.00228	0.00512
50	0.00583	0.00450	0.00532	0.00511	0.00634	0.00399	0.00383	0.00751	0.01150	0.01534	0.49830	0.03690	0.35976	0.00992	0.00521	0.00143	0.00215	0.00854	0.00455	0.00399
51	0.01935	0.04704	0.01091	0.00794	0.01134	0.02886	0.00660	0.02103	0.01247	0.76097	0.01662	0.01447	0.01055	0.00536	0.00435	0.00134	0.00392	0.00430	0.00521	0.00737
52	0.07378	0.23649	0.50899	0.01111	0.01652	0.01217	0.05668	0.01372	0.00916	0.01349	0.00738	0.00872	0.00562	0.00405	0.00379	0.00128	0.00588	0.00307	0.00196	0.00614
53	0.01238	0.66060	0.07516	0.00836	0.01223	0.05432	0.00828	0.10135	0.01048	0.01259	0.00679	0.00767	0.00587	0.00401	0.00316	0.00103	0.00501	0.00262	0.00219	0.00591

[dist]
# distance from previous block
# <min> <max>
0	2

[block]
# block no. 3 follows, 59 sequences, length 17
# corresponding to MSA columns:
# 250-266
name=unknown_D
#
# <colnr> <probs for GDERKNQSTAVLIFYWHMCP>
#	G	D	E	R	K	N	Q	S	T	A	V	L	I	F	Y	W	H	M	C	P
0	0.01114	0.73247	0.06378	0.00761	0.01132	0.01595	0.00770	0.01277	0.00919	0.01096	0.04215	0.00980	0.04151	0.00434	0.00311	0.00101	0.00460	0.00294	0.00211	0.00557
1	0.01272	0.25162	0.01635	0.01037	0.03954	0.08470	0.08780	0.21055	0.14844	0.01707	0.05494	0.01233	0.02475	0.00503	0.00408	0.00125	0.00493	0.00403	0.00324	0.00625
2	0.01625	0.01210	0.01295	0.01005	0.01349	0.01344	0.00826	0.73012	0.09403	0.02697	0.01129	0.01115	0.00807	0.00537	0.00443	0.00134	0.00473	0.00407	0.00443	0.00746
3	0.01471	0.01289	0.01692	0.01275	0.01643	0.08182	0.24481	0.47977	0.03832	0.02206	0.00999	0.01093	0.00728	0.00479	0.00462	0.00136	0.00586	0.00428	0.00359	0.00683
4	0.22667	0.08364	0.01163	0.00892	0.01179	0.19822	0.00720	0.21228	0.16626	0.01870	0.00968	0.00999	0.00742	0.00484	0.00378	0.00129	0.00494	0.00339	0.00331	0.00604
5	0.00550	0.00397	0.00523	0.00617	0.00655	0.00370	0.00424	0.00639	0.00873	0.01156	0.04199	0.73461	0.07115	0.01350	0.00563	0.00178	0.00263	0.05893	0.00411	0.00364
6	0.09616	0.00951	0.04235	0.01296	0.20656	0.02854	0.03504	0.11268	0.05919	0.10563	0.04000	0.08049	0.05355	0.04859	0.00585	0.00157	0.04689	0.00513	0.00337	0.00594
7	0.09323	0.25259	0.19169	0.01025	0.03763	0.19559	0.00965	0.05304	0.04147	0.04115	0.00780	0.00878	0.00619	0.00441	0.00396	0.00122	0.03006	0.00301	0.00241	0.00587
8	0.01072	0.01156	0.02310	0.01686	0.02060	0.01164	0.62132	0.06139	0.03396	0.01461	0.00887	0.01166	0.00682	0.00444	0.00642	0.00154	0.12123	0.00495	0.00239	0.00593
9	0.01199	0.81461	0.02272	0.00771	0.01143	0.04963	0.00760	0.01340	0.00911	0.01041	0.00617	0.00712	0.00567	0.00381	0.00288	0.00095	0.00485	0.00238	0.00190	0.00565
10	0.01647	0.01257	0.01305	0.01015	0.01358	0.04689	0.00833	0.72922	0.06204	0.02664	0.01084	0.01081	0.00775	0.00531	0.00440	0.00133	0.00492	0.00398	0.00433	0.00739
11	0.00735	0.00386	0.00564	0.00575	0.00583	0.00381	0.00385	0.00582	0.00618	0.00819	0.01068	0.10160	0.03716	0.01504	0.01563	0.75065	0.00365	0.00494	0.00222	0.00215
12	0.00562	0.00429	0.00522	0.00558	0.00646	0.00381	0.00394	0.00676	0.00963	0.01266	0.16209	0.44439	0.25715	0.01187	0.00536	0.00160	0.00242	0.01048	0.00417	0.03650
13	0.01065	0.00966	0.01339	0.12684	0.15858	0.09517	0.08837	0.04957	0.00985	0.06280	0.01069	0.01418	0.03474	0.01005	0.13128	0.04210	0.09759	0.02657	0.00258	0.00534
14	0.01033	0.01254	0.07152	0.01827	0.02286	0.01112	0.75635	0.01414	0.01036	0.01414	0.00888	0.01177	0.00664	0.00375	0.00515	0.00148	0.00739	0.00510	0.00221	0.00599
15	0.00658	0.00432	0.00515	0.00532	0.00550	0.00427	0.00327	0.00688	0.00710	0.02886	0.01621	0.17606	0.01857	0.62221	0.03722	0.00374	0.00413	0.03851	0.00305	0.00304
16	0.00907	0.00778	0.01205	0.08241	0.25410	0.00842	0.03607	0.03026	0.00916	0.04017	0.03258	0.09851	0.07937	0.06602	0.07021	0.02827	0.12204	0.00562	0.00276	0.00515

[dist]
# distance from previous block
# <min> <max>
2	8

[block]
# block no. 4 follows, 59 sequences, length 17
# corresponding to MSA columns:
# 275-291
name=unknown_E
#
# <colnr> <probs for GDERKNQSTAVLIFYWHMCP>
#	G	D	E	R	K	N	Q	S	T	A	V	L	I	F	Y	W	H	M	C	P
0	0.33357	0.02814	0.02523	0.00995	0.04150	0.28623	0.06571	0.03635	0.01009	0.01528	0.00775	0.02335	0.00661	0.00474	0.00397	0.00130	0.02751	0.02927	0.00258	0.04087
1	0.03414	0.00968	0.01429	0.05794	0.43830	0.07038	0.04600	0.01281	0.02177	0.05057	0.00969	0.03398	0.00852	0.06150	0.06027	0.05189	0.00565	0.00434	0.00246	0.00581
2	0.01097	0.01072	0.03017	0.17059	0.33471	0.07888	0.01087	0.06797	0.14352	0.01523	0.05819	0.01301	0.00982	0.00489	0.00461	0.00138	0.02113	0.00425	0.00283	0.00626
3	0.00551	0.00443	0.00490	0.00508	0.00628	0.00386	0.00378	0.00670	0.00998	0.01239	0.11357	0.15558	0.55123	0.03470	0.00582	0.00164	0.00245	0.06421	0.00413	0.00374
4	0.01287	0.03716	0.01373	0.19266	0.09769	0.39347	0.02579	0.03471	0.01089	0.01194	0.02911	0.01009	0.00692	0.00492	0.00534	0.00133	0.10032	0.00351	0.00227	0.00530
5	0.00659	0.00447	0.00537	0.00561	0.00585	0.00447	0.00374	0.00708	0.00732	0.00968	0.01618	0.03391	0.01830	0.64566	0.01856	0.00374	0.00423	0.19323	0.00301	0.00301
6	0.00644	0.00437	0.00520	0.00525	0.00539	0.00447	0.00322	0.00672	0.00667	0.00897	0.01405	0.02831	0.01581	0.70657	0.12432	0.00455	0.00523	0.03886	0.00269	0.00290
7	0.87598	0.00854	0.00649	0.00581	0.00854	0.00991	0.00478	0.01298	0.00752	0.01982	0.00615	0.00717	0.00478	0.00410	0.00273	0.00137	0.00342	0.00239	0.00273	0.00478
8	0.01181	0.84744	0.02314	0.00756	0.01134	0.01748	0.00756	0.01323	0.00897	0.01039	0.00614	0.00708	0.00567	0.00378	0.00283	0.00094	0.00472	0.00236	0.00189	0.00567
9	0.01166	0.80687	0.06244	0.00780	0.01172	0.01712	0.00799	0.01326	0.00899	0.01057	0.00623	0.00720	0.00566	0.00380	0.00290	0.00097	0.00481	0.00241	0.00189	0.00571
10	0.01099	0.00949	0.00999	0.00899	0.01148	0.01099	0.00699	0.02347	0.80925	0.01848	0.01798	0.01648	0.01348	0.00599	0.00449	0.00150	0.00350	0.00499	0.00449	0.00699
11	0.00767	0.00384	0.00575	0.00575	0.00575	0.00384	0.00384	0.00575	0.00575	0.00767	0.00767	0.01343	0.00767	0.01534	0.01726	0.87150	0.00384	0.00384	0.00192	0.00192
12	0.00575	0.00429	0.00555	0.00635	0.00676	0.00421	0.00435	0.00709	0.04574	0.01162	0.02456	0.74124	0.06693	0.01317	0.00580	0.00177	0.02516	0.01181	0.00406	0.00379
13	0.01083	0.01039	0.01775	0.05784	0.78727	0.01047	0.01351	0.01347	0.01001	0.01431	0.00829	0.01096	0.00695	0.00395	0.00437	0.00132	0.00527	0.00393	0.00218	0.00692
14	0.00538	0.00384	0.00512	0.00615	0.00641	0.00359	0.00410	0.00615	0.00846	0.01127	0.02434	0.84190	0.02921	0.01384	0.00564	0.00179	0.00256	0.01256	0.00410	0.00359
15	0.00639	0.00428	0.00491	0.00494	0.00498	0.00430	0.00283	0.00647	0.00651	0.00871	0.01417	0.05461	0.01630	0.78833	0.05143	0.00431	0.00450	0.00656	0.00271	0.00275
16	0.03841	0.00800	0.00966	0.00696	0.01085	0.00622	0.03185	0.01157	0.00924	0.03708	0.00810	0.00935	0.00661	0.00337	0.00335	0.00073	0.00343	0.00275	0.00269	0.78979

[dist]
# distance from previous block
# <min> <max>
2	11

[block]
# block no. 5 follows, 59 sequences, length 31
# corresponding to MSA columns:
# 303-333
name=unknown_F
#
# <colnr> <probs for GDERKNQSTAVLIFYWHMCP>
#	G	D	E	R	K	N	Q	S	T	A	V	L	I	F	Y	W	H	M	C	P
0	0.00642	0.00428	0.00482	0.00482	0.00482	0.00428	0.00268	0.00642	0.00642	0.00856	0.01392	0.02890	0.01606	0.84478	0.02248	0.00428	0.00428	0.00642	0.00268	0.00268
1	0.05036	0.21858	0.06527	0.01086	0.01434	0.19684	0.12910	0.12797	0.04471	0.07353	0.00877	0.00967	0.00676	0.00449	0.00416	0.00124	0.02106	0.00348	0.00279	0.00604
2	0.00978	0.09577	0.34969	0.08974	0.17974	0.01048	0.04392	0.03077	0.02702	0.02844	0.02083	0.01223	0.00775	0.05756	0.00538	0.00154	0.00567	0.01531	0.00226	0.00610
3	0.00833	0.00616	0.00778	0.02010	0.00865	0.00685	0.00551	0.02630	0.15957	0.05461	0.15747	0.02159	0.03974	0.14632	0.23831	0.01703	0.06194	0.00564	0.00346	0.00464
4	0.01051	0.48512	0.37411	0.00977	0.01475	0.01430	0.01141	0.01356	0.00913	0.01197	0.00692	0.00807	0.00564	0.00396	0.00343	0.00114	0.00552	0.00276	0.00188	0.00605
5	0.82114	0.00850	0.00666	0.00585	0.00866	0.00965	0.00481	0.01287	0.00762	0.01947	0.00626	0.00730	0.00489	0.00405	0.00277	0.00132	0.00341	0.00241	0.00273	0.05963
6	0.01099	0.00949	0.00999	0.00899	0.01148	0.01099	0.00699	0.02347	0.80925	0.01848	0.01798	0.01648	0.01348	0.00599	0.00449	0.00150	0.00350	0.00499	0.00449	0.00699
7	0.03149	0.01730	0.01231	0.01074	0.01317	0.54396	0.00830	0.13554	0.03863	0.08180	0.00856	0.00932	0.00664	0.00498	0.00475	0.00125	0.05935	0.00327	0.00292	0.00572
8	0.01679	0.01237	0.01325	0.01016	0.01370	0.01370	0.00839	0.80251	0.02077	0.02783	0.01060	0.01060	0.00751	0.00530	0.00442	0.00133	0.00486	0.00398	0.00442	0.00751
9	0.00642	0.00428	0.00482	0.00482	0.00482	0.00428	0.00268	0.00642	0.00642	0.00856	0.01392	0.02890	0.01606	0.84478	0.02248	0.00428	0.00428	0.00642	0.00268	0.00268
10	0.00641	0.00433	0.00509	0.00509	0.00518	0.00443	0.00301	0.00660	0.00650	0.00876	0.01367	0.02754	0.01547	0.74909	0.11736	0.00461	0.00517	0.00622	0.00264	0.00283
11	0.00625	0.00451	0.00590	0.00556	0.00660	0.00417	0.00417	0.00833	0.01250	0.01771	0.81490	0.03299	0.04167	0.00903	0.00521	0.00139	0.00208	0.00799	0.00486	0.00417
12	0.01665	0.01231	0.01329	0.01098	0.05707	0.04531	0.00856	0.67911	0.01934	0.07670	0.01076	0.01080	0.00763	0.00521	0.00440	0.00132	0.00493	0.00396	0.00428	0.00739
13	0.01181	0.84744	0.02314	0.00756	0.01134	0.01748	0.00756	0.01323	0.00897	0.01039	0.00614	0.00708	0.00567	0.00378	0.00283	0.00094	0.00472	0.00236	0.00189	0.00567
14	0.00642	0.00431	0.00494	0.00494	0.00498	0.00435	0.00283	0.00650	0.00646	0.00866	0.01380	0.02828	0.01579	0.80081	0.06608	0.00443	0.00469	0.00633	0.00266	0.00274
15	0.00996	0.01416	0.30912	0.01017	0.01408	0.01040	0.01032	0.01919	0.47353	0.01662	0.03718	0.01434	0.01134	0.00602	0.02264	0.00158	0.00476	0.00444	0.00349	0.00667
16	0.00916	0.06203	0.47011	0.01324	0.01846	0.01038	0.22990	0.01328	0.00969	0.01374	0.03189	0.01269	0.05907	0.00469	0.00470	0.00142	0.02304	0.00428	0.00219	0.00605
17	0.00625	0.00451	0.00590	0.00556	0.00660	0.00417	0.00417	0.00833	0.01250	0.01771	0.81490	0.03299	0.04167	0.00903	0.00521	0.00139	0.00208	0.00799	0.00486	0.00417
18	0.01181	0.84744	0.02314	0.00756	0.01134	0.01748	0.00756	0.01323	0.00897	0.01039	0.00614	0.00708	0.00567	0.00378	0.00283	0.00094	0.00472	0.00236	0.00189	0.00567
19	0.01178	0.01324	0.01008	0.02492	0.02343	0.40367	0.00711	0.02397	0.05174	0.01141	0.01244	0.18559	0.02677	0.05451	0.04738	0.01446	0.06447	0.00554	0.00282	0.00467
20	0.01650	0.02105	0.01252	0.01138	0.01365	0.82705	0.00853	0.01764	0.01252	0.01081	0.00683	0.00796	0.00569	0.00455	0.00398	0.00114	0.00796	0.00284	0.00228	0.00512
21	0.00625	0.00451	0.00590	0.00556	0.00660	0.00417	0.00417	0.00833	0.01250	0.01771	0.81490	0.03299	0.04167	0.00903	0.00521	0.00139	0.00208	0.00799	0.00486	0.00417
22	0.01126	0.00962	0.01014	0.00904	0.01159	0.01111	0.00706	0.06007	0.77221	0.01892	0.01763	0.01620	0.01320	0.00596	0.00449	0.00149	0.00356	0.00495	0.00449	0.00702
23	0.00834	0.00785	0.01325	0.83417	0.03042	0.00981	0.01227	0.01128	0.00883	0.01128	0.00785	0.01178	0.00589	0.00442	0.00442	0.00147	0.00589	0.00393	0.00196	0.00491
24	0.01029	0.01071	0.01343	0.01158	0.01179	0.08855	0.00956	0.01128	0.00729	0.01065	0.00589	0.00951	0.00579	0.00744	0.01352	0.00186	0.76027	0.00377	0.00196	0.00486
25	0.00541	0.00396	0.00509	0.00590	0.00636	0.00364	0.00401	0.00630	0.00889	0.01172	0.07158	0.69415	0.13032	0.01323	0.00556	0.00173	0.00249	0.01188	0.00414	0.00364
26	0.02493	0.23989	0.04353	0.00798	0.01150	0.09702	0.02967	0.03005	0.04140	0.01312	0.00807	0.00991	0.00697	0.04935	0.00442	0.00109	0.00451	0.00300	0.00246	0.37114
27	0.05407	0.12386	0.08613	0.05836	0.09574	0.08316	0.07357	0.02383	0.05499	0.02447	0.00870	0.01136	0.00737	0.02426	0.12241	0.00226	0.13382	0.00381	0.00235	0.00547
28	0.00999	0.06382	0.27582	0.01577	0.07029	0.03450	0.39072	0.01377	0.00985	0.01359	0.00851	0.01093	0.00652	0.00551	0.04920	0.00171	0.00711	0.00425	0.00210	0.00605
29	0.00574	0.00428	0.00567	0.00647	0.00681	0.00424	0.00453	0.00660	0.00851	0.01134	0.02402	0.69364	0.06388	0.02935	0.00645	0.00185	0.04787	0.06113	0.00395	0.00367
30	0.02425	0.07892	0.07141	0.02371	0.10861	0.05351	0.08595	0.15488	0.04715	0.13193	0.01106	0.02554	0.00893	0.10061	0.00632	0.00163	0.00502	0.00427	0.00323	0.05307

[dist]
# distance from previous block
# <min> <max>
1	12

[block]
# block no. 6 follows, 59 sequences, length 45
# corresponding to MSA columns:
# 346-390
name=unknown_G
#
# <colnr> <probs for GDERKNQSTAVLIFYWHMCP>
#	G	D	E	R	K	N	Q	S	T	A	V	L	I	F	Y	W	H	M	C	P
0	0.02775	0.07090	0.07452	0.02631	0.16013	0.16501	0.07275	0.14088	0.05178	0.10759	0.01005	0.01165	0.00776	0.00486	0.00457	0.00133	0.02919	0.02354	0.00305	0.00637
1	0.03042	0.24419	0.16510	0.02351	0.08674	0.12599	0.07838	0.08413	0.02196	0.01371	0.00783	0.02143	0.00648	0.00460	0.00468	0.00128	0.06787	0.00345	0.00231	0.00595
2	0.00857	0.00470	0.00636	0.00614	0.00643	0.02207	0.00422	0.04573	0.00679	0.02576	0.00800	0.01320	0.00769	0.01441	0.01607	0.79155	0.00397	0.00383	0.00212	0.00238
3	0.02799	0.80232	0.03638	0.00766	0.01146	0.01714	0.00767	0.02768	0.00917	0.01095	0.00625	0.00719	0.00568	0.00382	0.00288	0.00097	0.00473	0.00241	0.00195	0.00570
4	0.18131	0.00572	0.00638	0.00582	0.00749	0.00569	0.00448	0.01126	0.02396	0.12838	0.35101	0.07652	0.05287	0.03007	0.00489	0.00146	0.00270	0.00626	0.08903	0.00470
5	0.00625	0.00422	0.00570	0.00660	0.00712	0.00398	0.00477	0.00730	0.00894	0.04182	0.02390	0.65831	0.02780	0.01321	0.00568	0.00182	0.00290	0.16171	0.00414	0.00383
6	0.00528	0.00448	0.00455	0.00453	0.00600	0.00375	0.00340	0.00645	0.01020	0.01225	0.08709	0.04198	0.77289	0.01107	0.00522	0.00149	0.00223	0.00925	0.00414	0.00375
7	0.00543	0.00388	0.00518	0.00621	0.00648	0.00363	0.00419	0.00623	0.00850	0.01133	0.02432	0.81945	0.02910	0.01379	0.00565	0.00180	0.00261	0.03452	0.00410	0.00360
8	0.00966	0.00966	0.01353	0.01160	0.01160	0.01353	0.00966	0.01063	0.00676	0.01063	0.00580	0.00966	0.00580	0.00773	0.01449	0.00193	0.83670	0.00387	0.00193	0.00483
9	0.00631	0.00473	0.00710	0.00710	0.00789	0.00552	0.00552	0.00789	0.00710	0.01025	0.01183	0.01735	0.01104	0.03312	0.82728	0.00710	0.01183	0.00473	0.00237	0.00394
10	0.00538	0.00384	0.00512	0.00615	0.00641	0.00359	0.00410	0.00615	0.00846	0.01127	0.02434	0.84190	0.02921	0.01384	0.00564	0.00179	0.00256	0.01256	0.00410	0.00359
11	0.87598	0.00854	0.00649	0.00581	0.00854	0.00991	0.00478	0.01298	0.00752	0.01982	0.00615	0.00717	0.00478	0.00410	0.00273	0.00137	0.00342	0.00239	0.00273	0.00478
12	0.00545	0.00389	0.00520	0.00619	0.00649	0.00364	0.00419	0.00628	0.00859	0.01147	0.04211	0.80152	0.02939	0.01368	0.00564	0.00179	0.00259	0.03415	0.00412	0.00361
13	0.01181	0.84744	0.02314	0.00756	0.01134	0.01748	0.00756	0.01323	0.00897	0.01039	0.00614	0.00708	0.00567	0.00378	0.00283	0.00094	0.00472	0.00236	0.00189	0.00567
14	0.00966	0.00966	0.01353	0.01160	0.01160	0.01353	0.00966	0.01063	0.00676	0.01063	0.00580	0.00966	0.00580	0.00773	0.01449	0.00193	0.83670	0.00387	0.00193	0.00483
15	0.00522	0.00447	0.00447	0.00447	0.00597	0.00373	0.00336	0.00634	0.01007	0.01193	0.04474	0.04250	0.81544	0.01119	0.00522	0.00149	0.00224	0.00932	0.00410	0.00373
16	0.87598	0.00854	0.00649	0.00581	0.00854	0.00991	0.00478	0.01298	0.00752	0.01982	0.00615	0.00717	0.00478	0.00410	0.00273	0.00137	0.00342	0.00239	0.00273	0.00478
17	0.00966	0.00966	0.01353	0.01160	0.01160	0.01353	0.00966	0.01063	0.00676	0.01063	0.00580	0.00966	0.00580	0.00773	0.01449	0.00193	0.83670	0.00387	0.00193	0.00483
18	0.01114	0.01095	0.01754	0.04671	0.75764	0.05084	0.01327	0.01370	0.01015	0.01417	0.00822	0.01081	0.00690	0.00398	0.00435	0.00131	0.00540	0.00388	0.00218	0.00685
19	0.68973	0.09381	0.00880	0.00645	0.00924	0.01061	0.01897	0.03430	0.02409	0.01848	0.00683	0.00803	0.00546	0.00557	0.04363	0.00161	0.00408	0.00265	0.00270	0.00497
20	0.87598	0.00854	0.00649	0.00581	0.00854	0.00991	0.00478	0.01298	0.00752	0.01982	0.00615	0.00717	0.00478	0.00410	0.00273	0.00137	0.00342	0.00239	0.00273	0.00478
21	0.01288	0.00805	0.00976	0.00718	0.01093	0.00659	0.00582	0.06734	0.01099	0.25780	0.01092	0.01102	0.00793	0.00407	0.00370	0.00091	0.00352	0.00326	0.00360	0.55374
22	0.02653	0.06464	0.06089	0.09005	0.06170	0.16905	0.04150	0.06880	0.04828	0.04824	0.01044	0.05551	0.00942	0.11416	0.06167	0.00212	0.05457	0.00449	0.00272	0.00524
23	0.01677	0.01280	0.01322	0.01022	0.01369	0.05391	0.00840	0.76370	0.02036	0.02699	0.01042	0.01047	0.00742	0.00526	0.00440	0.00132	0.00501	0.00392	0.00431	0.00739
24	0.01005	0.00881	0.01237	0.02485	0.17593	0.02262	0.07122	0.07516	0.06548	0.03283	0.13274	0.02847	0.05000	0.00559	0.00510	0.00126	0.06325	0.00479	0.00320	0.20630
25	0.00756	0.00626	0.00678	0.04712	0.00766	0.07105	0.00448	0.00805	0.00713	0.00923	0.01219	0.02359	0.01337	0.57991	0.10996	0.00403	0.07020	0.00562	0.00252	0.00329
26	0.00712	0.00508	0.00712	0.00813	0.00915	0.00508	0.00712	0.00915	0.01017	0.01322	0.02338	0.04982	0.02542	0.01220	0.00610	0.00203	0.00407	0.78750	0.00407	0.00407
27	0.05249	0.00859	0.01201	0.06952	0.25524	0.00789	0.00835	0.02870	0.00991	0.11063	0.00951	0.02599	0.00768	0.01972	0.00422	0.00113	0.00415	0.00359	0.00285	0.35782
28	0.07378	0.02851	0.08507	0.00854	0.02576	0.00794	0.04620	0.04978	0.05266	0.13660	0.01131	0.02821	0.03338	0.00458	0.00406	0.00109	0.02142	0.00370	0.00319	0.37421
29	0.01093	0.01049	0.01793	0.02711	0.81723	0.01049	0.01355	0.01355	0.01006	0.01443	0.00831	0.01093	0.00700	0.00394	0.00437	0.00131	0.00525	0.00394	0.00219	0.00700
30	0.01008	0.01090	0.02043	0.01546	0.01793	0.01223	0.44583	0.01257	0.00878	0.01257	0.00753	0.01090	0.00630	0.00552	0.00938	0.00169	0.37974	0.00461	0.00210	0.00545
31	0.04868	0.02504	0.14848	0.19788	0.16111	0.00893	0.06715	0.02635	0.02197	0.06616	0.01388	0.08592	0.08455	0.00590	0.00454	0.00145	0.00501	0.01861	0.00277	0.00565
32	0.00886	0.02285	0.82190	0.01259	0.01912	0.01026	0.01632	0.01399	0.00932	0.01399	0.00793	0.00932	0.00559	0.00420	0.00420	0.00140	0.00653	0.00326	0.00186	0.00653
33	0.00712	0.00508	0.00712	0.00813	0.00915	0.00508	0.00712	0.00915	0.01017	0.01322	0.02338	0.04982	0.02542	0.01220	0.00610	0.00203	0.00407	0.78750	0.00407	0.00407
34	0.01181	0.84744	0.02314	0.00756	0.01134	0.01748	0.00756	0.01323	0.00897	0.01039	0.00614	0.00708	0.00567	0.00378	0.00283	0.00094	0.00472	0.00236	0.00189	0.00567
35	0.09504	0.06237	0.09166	0.02315	0.05551	0.04829	0.08943	0.27433	0.03535	0.07758	0.01053	0.03285	0.02190	0.00522	0.00488	0.00138	0.05676	0.00411	0.00330	0.00637
36	0.00558	0.00449	0.00498	0.00486	0.00619	0.00388	0.00364	0.00704	0.01093	0.01398	0.31726	0.03914	0.54165	0.01042	0.00522	0.00146	0.00218	0.00885	0.00437	0.00388
37	0.00547	0.00433	0.00492	0.00510	0.00620	0.00378	0.00370	0.00670	0.01017	0.01295	0.19649	0.23411	0.46766	0.01139	0.00532	0.00154	0.00228	0.00983	0.00426	0.00378
38	0.02374	0.01369	0.24074	0.13420	0.38510	0.01045	0.08444	0.03018	0.00990	0.01421	0.00821	0.01062	0.00640	0.00409	0.00438	0.00138	0.00585	0.00384	0.00213	0.00646
39	0.01026	0.05268	0.05338	0.29259	0.13814	0.04546	0.17939	0.05232	0.06864	0.01383	0.00957	0.01311	0.00767	0.00466	0.00455	0.00143	0.00588	0.03818	0.00245	0.00580
40	0.00538	0.00419	0.00489	0.00532	0.00622	0.00370	0.00376	0.00643	0.00956	0.01214	0.10312	0.40124	0.39393	0.01219	0.00541	0.00162	0.00237	0.01066	0.00417	0.00370
41	0.00632	0.00468	0.00684	0.00684	0.00753	0.00538	0.00519	0.00772	0.00702	0.01006	0.01207	0.01868	0.01162	0.12620	0.73499	0.00678	0.01096	0.00493	0.00240	0.00380
42	0.02566	0.15200	0.24409	0.02547	0.06739	0.20578	0.04265	0.10850	0.06176	0.01465	0.00836	0.00946	0.00648	0.00442	0.00400	0.00126	0.00608	0.00333	0.00248	0.00615
43	0.01198	0.02523	0.10111	0.01161	0.08955	0.14192	0.05488	0.13318	0.07704	0.07508	0.01078	0.01283	0.00861	0.02811	0.19525	0.00272	0.00714	0.00410	0.00299	0.00588
44	0.00868	0.00631	0.00729	0.00680	0.00831	0.02892	0.00520	0.02757	0.14084	0.09229	0.29619	0.14682	0.13706	0.00906	0.00537	0.00151	0.03071	0.03174	0.00444	0.00491

[dist]
# distance from previous block
# <min> <max>
0	8

[block]
# block no. 7 follows, 59 sequences, length 42
# corresponding to MSA columns:
# 399-440
name=unknown_H
#
# <colnr> <probs for GDERKNQSTAVLIFYWHMCP>
#	G	D	E	R	K	N	Q	S	T	A	V	L	I	F	Y	W	H	M	C	P
0	0.02570	0.21613	0.24099	0.01151	0.07316	0.05948	0.08049	0.05511	0.03024	0.01402	0.00802	0.00937	0.00635	0.00404	0.00380	0.00116	0.00539	0.00323	0.01833	0.13348
1	0.01322	0.30088	0.12223	0.07071	0.03023	0.29354	0.00958	0.08777	0.01134	0.01276	0.00719	0.00842	0.00588	0.00429	0.00370	0.00115	0.00618	0.00294	0.00226	0.00573
2	0.02813	0.00925	0.00979	0.00871	0.01120	0.01054	0.00680	0.06378	0.68061	0.03604	0.05273	0.01729	0.03313	0.00616	0.00450	0.00148	0.00348	0.00511	0.00448	0.00679
3	0.00542	0.00387	0.00516	0.00612	0.00641	0.00361	0.00410	0.00625	0.00864	0.01157	0.06008	0.80533	0.02977	0.01362	0.00562	0.00178	0.00254	0.01235	0.00413	0.00361
4	0.00570	0.00431	0.00518	0.00563	0.00645	0.00393	0.00407	0.00679	0.00937	0.01204	0.09988	0.32725	0.29796	0.09037	0.00709	0.00192	0.00275	0.10163	0.00403	0.00366
5	0.00663	0.00436	0.00507	0.00495	0.00604	0.00405	0.00369	0.00848	0.01092	0.01603	0.40145	0.06204	0.17157	0.00843	0.00458	0.00131	0.00212	0.00724	0.26698	0.00405
6	0.00597	0.00434	0.00559	0.00562	0.00647	0.00400	0.00406	0.00761	0.01120	0.01552	0.54833	0.23555	0.08987	0.02865	0.00569	0.00156	0.00226	0.00918	0.00457	0.00396
7	0.00733	0.00485	0.00661	0.00740	0.00836	0.00472	0.00611	0.00903	0.00984	0.05232	0.02340	0.23569	0.04198	0.01194	0.00576	0.00189	0.00357	0.51394	0.04115	0.00412
8	0.87598	0.00854	0.00649	0.00581	0.00854	0.00991	0.00478	0.01298	0.00752	0.01982	0.00615	0.00717	0.00478	0.00410	0.00273	0.00137	0.00342	0.00239	0.00273	0.00478
9	0.01181	0.84744	0.02314	0.00756	0.01134	0.01748	0.00756	0.01323	0.00897	0.01039	0.00614	0.00708	0.00567	0.00378	0.00283	0.00094	0.00472	0.00236	0.00189	0.00567
10	0.00966	0.00966	0.01353	0.01160	0.01160	0.01353	0.00966	0.01063	0.00676	0.01063	0.00580	0.00966	0.00580	0.00773	0.01449	0.00193	0.83670	0.00387	0.00193	0.00483
11	0.87598	0.00854	0.00649	0.00581	0.00854	0.00991	0.00478	0.01298	0.00752	0.01982	0.00615	0.00717	0.00478	0.00410	0.00273	0.00137	0.00342	0.00239	0.00273	0.00478
12	0.00712	0.00508	0.00712	0.00813	0.00915	0.00508	0.00712	0.00915	0.01017	0.01322	0.02338	0.04982	0.02542	0.01220	0.00610	0.00203	0.00407	0.78750	0.00407	0.00407
13	0.01650	0.02105	0.01252	0.01138	0.01365	0.82705	0.00853	0.01764	0.01252	0.01081	0.00683	0.00796	0.00569	0.00455	0.00398	0.00114	0.00796	0.00284	0.00228	0.00512
14	0.02760	0.33446	0.44795	0.01044	0.01559	0.04939	0.01224	0.03279	0.00957	0.01293	0.00723	0.00840	0.00566	0.00408	0.00365	0.00121	0.00581	0.00290	0.00197	0.00613
15	0.02349	0.00475	0.00584	0.00582	0.00706	0.00431	0.00439	0.00868	0.01060	0.09181	0.25920	0.23014	0.24729	0.01059	0.00526	0.00156	0.00258	0.06797	0.00443	0.00423
