[name]
unknown

[dist]
# distance from previous block
# <min> <max>
1	89

[block]
# block no. 0 follows, 59 sequences, length 26
# corresponding to MSA columns:
# 89-114
name=unknown_A
#
# <colnr> <probs for GDERKNQSTAVLIFYWHMCP>
#	G	D	E	R	K	N	Q	S	T	A	V	L	I	F	Y	W	H	M	C	P
0	0.06901	0.00545	0.00639	0.04591	0.00811	0.01473	0.00466	0.03123	0.03731	0.03153	0.18396	0.21602	0.12493	0.12078	0.02544	0.03013	0.01268	0.00774	0.01992	0.00406
1	0.06727	0.00594	0.00639	0.00630	0.00752	0.01967	0.00455	0.05410	0.11668	0.02610	0.06018	0.28665	0.14976	0.11096	0.00724	0.01812	0.00312	0.00811	0.03698	0.00436
2	0.02518	0.00703	0.00700	0.00692	0.00804	0.10490	0.00499	0.04558	0.03839	0.05537	0.07747	0.35398	0.06644	0.08799	0.00735	0.05015	0.00366	0.02780	0.00373	0.01803
3	0.02127	0.00742	0.09184	0.00707	0.00882	0.02390	0.00586	0.05488	0.01030	0.12124	0.12617	0.32751	0.05799	0.09437	0.00678	0.00182	0.00349	0.00815	0.01642	0.00469
4	0.02897	0.00640	0.00722	0.00661	0.00796	0.02032	0.01741	0.13490	0.04412	0.05835	0.05465	0.19981	0.11718	0.22885	0.00948	0.00222	0.00359	0.00735	0.04011	0.00448
5	0.11420	0.00587	0.00726	0.00684	0.00811	0.00602	0.04181	0.06123	0.02206	0.01391	0.07152	0.31118	0.07726	0.09339	0.06373	0.02114	0.01887	0.00781	0.02032	0.02747
6	0.00873	0.00562	0.00666	0.00647	0.00757	0.01614	0.00463	0.09182	0.02903	0.09733	0.05667	0.36936	0.07308	0.13063	0.00810	0.03765	0.00326	0.00855	0.03436	0.00436
7	0.00765	0.00498	0.00609	0.00610	0.00700	0.00480	0.00425	0.03418	0.05252	0.07442	0.08278	0.37111	0.06681	0.18148	0.00907	0.02838	0.00312	0.00878	0.02251	0.02397
8	0.01171	0.00784	0.03056	0.00770	0.01006	0.00698	0.00602	0.11154	0.05015	0.17175	0.07644	0.19863	0.08267	0.03652	0.00560	0.00163	0.00366	0.00688	0.04097	0.13270
9	0.03869	0.00699	0.00820	0.00717	0.00915	0.00709	0.02943	0.09386	0.16541	0.08048	0.06970	0.14363	0.06725	0.08029	0.00603	0.00162	0.00335	0.00622	0.09765	0.07780
10	0.00869	0.00606	0.00795	0.00866	0.09224	0.00603	0.00563	0.06723	0.05100	0.08500	0.15294	0.28857	0.05400	0.12300	0.00760	0.00192	0.01672	0.00807	0.00396	0.00474
11	0.02325	0.00627	0.04865	0.00720	0.04870	0.00522	0.00541	0.01036	0.03173	0.12574	0.27239	0.12911	0.22318	0.03601	0.00556	0.00155	0.00293	0.00772	0.00426	0.00475
12	0.11602	0.00805	0.04509	0.00803	0.01044	0.03101	0.06544	0.04190	0.04462	0.23728	0.07665	0.13577	0.05428	0.05879	0.03215	0.01495	0.00418	0.00596	0.00393	0.00544
13	0.17484	0.02306	0.06628	0.00968	0.05460	0.02794	0.02143	0.05446	0.01087	0.38810	0.01183	0.01174	0.00813	0.00525	0.00537	0.00143	0.11088	0.00380	0.00385	0.00646
14	0.12039	0.02331	0.03031	0.02943	0.13349	0.00970	0.34576	0.01317	0.03557	0.04277	0.02540	0.08598	0.04062	0.00532	0.00488	0.00146	0.02503	0.00531	0.00274	0.01935
15	0.10225	0.73684	0.02111	0.00748	0.01111	0.03914	0.00729	0.01332	0.00892	0.01139	0.00616	0.00712	0.00558	0.00383	0.00286	0.00099	0.00468	0.00238	0.00199	0.00556
16	0.00651	0.00499	0.00683	0.00655	0.00767	0.00525	0.00499	0.00793	0.00756	0.01071	0.01505	0.02021	0.09511	0.10464	0.57793	0.00556	0.00921	0.00515	0.00260	0.09556
17	0.00680	0.00523	0.00740	0.00730	0.00826	0.00609	0.00567	0.00952	0.09093	0.01111	0.01247	0.01726	0.01130	0.03029	0.74129	0.00651	0.01096	0.00476	0.00259	0.00426
18	0.07879	0.01014	0.04993	0.01583	0.26194	0.00926	0.14909	0.04896	0.01126	0.30303	0.01159	0.01221	0.00815	0.00452	0.00442	0.00137	0.00501	0.00420	0.00348	0.00683
19	0.00694	0.00480	0.00535	0.00504	0.00664	0.00410	0.00384	0.00831	0.01081	0.09753	0.19035	0.03780	0.58220	0.01017	0.00514	0.00146	0.00237	0.00855	0.00439	0.00421
20	0.00654	0.00564	0.00590	0.00670	0.00716	0.08965	0.00456	0.00735	0.00888	0.01123	0.02251	0.75475	0.02675	0.01287	0.00546	0.00173	0.00313	0.01154	0.00391	0.00375
21	0.62419	0.12467	0.09390	0.00704	0.01028	0.05294	0.00655	0.01336	0.00816	0.01747	0.00637	0.00743	0.00503	0.00409	0.00296	0.00130	0.00415	0.00250	0.00250	0.00510
22	0.00580	0.00437	0.00537	0.00539	0.00639	0.00394	0.00394	0.00737	0.01105	0.01489	0.45297	0.19628	0.24497	0.01056	0.00530	0.00150	0.00222	0.00925	0.00451	0.00394
23	0.11025	0.16143	0.08937	0.03155	0.01334	0.20413	0.00845	0.20516	0.01281	0.07802	0.00852	0.00917	0.00645	0.00453	0.00378	0.00121	0.00544	0.00316	0.00299	0.04023
24	0.01024	0.00979	0.01669	0.24122	0.60849	0.01031	0.01321	0.01295	0.00973	0.01359	0.00819	0.01116	0.00670	0.00406	0.00438	0.00135	0.00542	0.00393	0.00213	0.00644
25	0.07261	0.40518	0.08337	0.00960	0.01311	0.20226	0.05312	0.05731	0.02829	0.01277	0.00710	0.00820	0.00594	0.00422	0.00368	0.00114	0.02130	0.00288	0.00225	0.00568

[dist]
# distance from previous block
# <min> <max>
0	3

[block]
# block no. 1 follows, 59 sequences, length 23
# corresponding to MSA columns:
# 118-140
name=unknown_B
#
# <colnr> <probs for GDERKNQSTAVLIFYWHMCP>
#	G	D	E	R	K	N	Q	S	T	A	V	L	I	F	Y	W	H	M	C	P
0	0.04616	0.30466	0.01568	0.00878	0.01210	0.03350	0.00761	0.30664	0.14557	0.04161	0.01022	0.01044	0.00789	0.00551	0.02407	0.00136	0.00475	0.00352	0.00341	0.00653
1	0.01064	0.34223	0.43746	0.01088	0.03843	0.04232	0.01229	0.01402	0.00942	0.03460	0.00746	0.00861	0.00581	0.00407	0.00367	0.00121	0.00577	0.00295	0.00200	0.00618
2	0.01061	0.01017	0.01735	0.12601	0.72081	0.01041	0.01340	0.01328	0.00991	0.01404	0.00825	0.01103	0.00686	0.00399	0.00438	0.00133	0.00533	0.00393	0.00216	0.00674
3	0.01016	0.16018	0.46484	0.01152	0.01667	0.01167	0.07667	0.02883	0.13542	0.02902	0.00950	0.01040	0.00707	0.00441	0.00410	0.00134	0.00574	0.00357	0.00242	0.00644
4	0.00528	0.00448	0.00456	0.00454	0.00600	0.00375	0.00340	0.00646	0.01021	0.01228	0.09110	0.04193	0.76887	0.01106	0.00522	0.00149	0.00223	0.00924	0.00415	0.00375
5	0.01048	0.01003	0.01711	0.16819	0.67969	0.01037	0.01333	0.01316	0.00984	0.01388	0.00823	0.01108	0.00680	0.00402	0.00438	0.00134	0.00536	0.00393	0.00215	0.00663
6	0.01479	0.01200	0.01415	0.01388	0.18518	0.04942	0.02764	0.51608	0.06600	0.02297	0.01064	0.02808	0.00811	0.00516	0.00444	0.00134	0.00501	0.00418	0.00379	0.00714
7	0.01802	0.00890	0.06499	0.00869	0.01228	0.00727	0.04147	0.06514	0.01279	0.65739	0.04470	0.01491	0.01130	0.00543	0.00448	0.00137	0.00410	0.00450	0.00501	0.00726
8	0.00632	0.00468	0.00685	0.00685	0.00756	0.00539	0.00521	0.00773	0.00703	0.01007	0.01206	0.01860	0.01158	0.12073	0.74042	0.00679	0.01102	0.00491	0.00240	0.00381
9	0.00816	0.00758	0.01268	0.73721	0.05202	0.00929	0.01159	0.01090	0.00884	0.01138	0.00931	0.08458	0.00797	0.00523	0.00452	0.00150	0.00558	0.00468	0.00216	0.00485
10	0.01058	0.01149	0.04002	0.07696	0.04059	0.05167	0.55245	0.03400	0.01062	0.03765	0.02610	0.06736	0.00891	0.00470	0.00503	0.00147	0.00667	0.00541	0.00253	0.00577
11	0.00553	0.00395	0.00529	0.00632	0.00664	0.00371	0.00435	0.00640	0.00860	0.01144	0.02426	0.77502	0.02889	0.01370	0.00568	0.00181	0.00269	0.07799	0.00410	0.00363
12	0.01559	0.01169	0.01253	0.00987	0.01315	0.01299	0.00806	0.66491	0.13460	0.02596	0.01210	0.03729	0.00905	0.00567	0.00447	0.00137	0.00459	0.00439	0.00442	0.00731
13	0.01008	0.00948	0.01597	0.02391	0.69358	0.00944	0.01211	0.01243	0.00981	0.01395	0.01075	0.13765	0.01038	0.00545	0.00457	0.00139	0.00484	0.00525	0.00248	0.00648
14	0.01060	0.01032	0.01797	0.02520	0.70520	0.01021	0.08337	0.01324	0.01009	0.01428	0.01021	0.01262	0.04795	0.00428	0.00449	0.00134	0.00529	0.00432	0.00229	0.00674
15	0.00636	0.00465	0.00679	0.00679	0.00747	0.00533	0.00514	0.00765	0.00698	0.00998	0.01194	0.01856	0.01152	0.12609	0.70973	0.03327	0.01072	0.00490	0.00239	0.00374
16	0.00966	0.00966	0.01353	0.01160	0.01160	0.01353	0.00966	0.01063	0.00676	0.01063	0.00580	0.00966	0.00580	0.00773	0.01449	0.00193	0.83670	0.00387	0.00193	0.00483
17	0.00916	0.00785	0.00916	0.00654	0.01047	0.00589	0.00523	0.01112	0.00916	0.01439	0.00785	0.00916	0.00654	0.00327	0.00327	0.00065	0.00327	0.00262	0.00262	0.87178
18	0.01181	0.84744	0.02314	0.00756	0.01134	0.01748	0.00756	0.01323	0.00897	0.01039	0.00614	0.00708	0.00567	0.00378	0.00283	0.00094	0.00472	0.00236	0.00189	0.00567
19	0.01093	0.01049	0.01793	0.02711	0.81723	0.01049	0.01355	0.01355	0.01006	0.01443	0.00831	0.01093	0.00700	0.00394	0.00437	0.00131	0.00525	0.00394	0.00219	0.00700
20	0.01611	0.02114	0.05354	0.01144	0.01393	0.78565	0.00893	0.01745	0.01235	0.01097	0.00688	0.00803	0.00568	0.00453	0.00399	0.00115	0.00789	0.00287	0.00225	0.00519
21	0.01140	0.00944	0.01072	0.00842	0.03140	0.06612	0.03652	0.10236	0.03063	0.07702	0.00954	0.03126	0.00769	0.00413	0.00373	0.00092	0.00402	0.00337	0.00307	0.54822
22	0.45490	0.05508	0.02832	0.00802	0.01077	0.24188	0.00655	0.07396	0.01021	0.03742	0.00757	0.03384	0.00623	0.00464	0.00339	0.00129	0.00493	0.00303	0.00278	0.00520

[dist]
# distance from previous block
# <min> <max>
1	5

[block]
# block no. 2 follows, 59 sequences, length 31
# corresponding to MSA columns:
# 146-176
name=unknown_C
#
# <colnr> <probs for GDERKNQSTAVLIFYWHMCP>
#	G	D	E	R	K	N	Q	S	T	A	V	L	I	F	Y	W	H	M	C	P
0	0.01025	0.03781	0.08627	0.01241	0.01388	0.03064	0.12055	0.01200	0.00789	0.03770	0.00683	0.01000	0.00607	0.00659	0.01137	0.00176	0.57668	0.00395	0.00209	0.00526
1	0.01120	0.12546	0.11879	0.01215	0.01470	0.12310	0.13674	0.04264	0.03216	0.01247	0.00728	0.00964	0.00617	0.00554	0.00807	0.00152	0.32096	0.00370	0.00218	0.00554
2	0.01102	0.01079	0.01709	0.11357	0.61951	0.05123	0.03464	0.03370	0.01021	0.01410	0.00817	0.01085	0.00677	0.00418	0.00475	0.00135	0.03536	0.00391	0.00222	0.00658
3	0.00641	0.00432	0.00502	0.00502	0.00510	0.00439	0.00293	0.00656	0.00648	0.00872	0.01373	0.02786	0.01560	0.77128	0.09536	0.00454	0.00497	0.00627	0.00265	0.00279
4	0.00545	0.00438	0.00491	0.00526	0.00640	0.00383	0.00392	0.00658	0.00968	0.01190	0.03752	0.24032	0.54058	0.01194	0.00541	0.00162	0.00250	0.08995	0.00410	0.00373
5	0.00868	0.01904	0.61584	0.01296	0.04754	0.00956	0.09258	0.01305	0.00936	0.01370	0.01000	0.10892	0.00857	0.00529	0.00448	0.00145	0.00610	0.00459	0.00218	0.00614
6	0.00570	0.00449	0.00514	0.00498	0.00626	0.00393	0.00373	0.00727	0.01120	0.01463	0.40415	0.03807	0.45435	0.01018	0.00521	0.00144	0.00217	0.00870	0.00446	0.00393
7	0.71503	0.00926	0.00776	0.00662	0.00951	0.01062	0.00546	0.16088	0.01000	0.02132	0.00698	0.00782	0.00529	0.00433	0.00305	0.00136	0.00369	0.00269	0.00305	0.00529
8	0.00935	0.02224	0.74088	0.01280	0.01900	0.05474	0.05236	0.01419	0.00955	0.01382	0.00791	0.00937	0.00565	0.00419	0.00423	0.00139	0.00665	0.00333	0.00190	0.00642
9	0.01982	0.00752	0.01025	0.00786	0.01127	0.00649	0.00649	0.02152	0.01264	0.82029	0.01742	0.01503	0.01093	0.00547	0.00444	0.00137	0.00376	0.00444	0.00547	0.00752
10	0.00631	0.00473	0.00710	0.00710	0.00789	0.00552	0.00552	0.00789	0.00710	0.01025	0.01183	0.01735	0.01104	0.03312	0.82728	0.00710	0.01183	0.00473	0.00237	0.00394
11	0.03788	0.21428	0.60936	0.01120	0.01696	0.01193	0.01390	0.01378	0.00918	0.01334	0.00745	0.00873	0.00559	0.00410	0.00383	0.00129	0.00601	0.00303	0.00190	0.00627
12	0.00685	0.00480	0.00597	0.00557	0.00685	0.00440	0.00421	0.00905	0.03625	0.05517	0.60681	0.03343	0.18562	0.00917	0.00515	0.00141	0.00224	0.00798	0.00474	0.00433
13	0.00538	0.00384	0.00512	0.00615	0.00641	0.00359	0.00410	0.00615	0.00846	0.01127	0.02434	0.84190	0.02921	0.01384	0.00564	0.00179	0.00256	0.01256	0.00410	0.00359
14	0.08951	0.03867	0.01224	0.00948	0.01263	0.03002	0.00788	0.58388	0.04479	0.02439	0.01155	0.01436	0.00922	0.00586	0.00439	0.00139	0.00467	0.08417	0.00411	0.00679
15	0.01239	0.74490	0.02183	0.00803	0.01162	0.11793	0.00768	0.01377	0.00941	0.01044	0.00623	0.00719	0.00567	0.00387	0.00298	0.00097	0.00513	0.00242	0.00194	0.00560
16	0.01116	0.08385	0.09855	0.00975	0.08250	0.03974	0.00791	0.11287	0.01105	0.05029	0.02433	0.01001	0.00737	0.00399	0.00369	0.00096	0.00429	0.00314	0.00282	0.43172
17	0.00946	0.09341	0.59312	0.01342	0.04583	0.01105	0.12763	0.01413	0.02632	0.01380	0.00814	0.00970	0.00597	0.00412	0.00423	0.00137	0.00639	0.00352	0.00199	0.00640
18	0.01020	0.00963	0.01627	0.04690	0.69882	0.00965	0.01239	0.01261	0.00983	0.01397	0.01021	0.11004	0.00961	0.00513	0.00452	0.00137	0.00494	0.00496	0.00241	0.00653
19	0.00912	0.00864	0.01465	0.59210	0.26642	0.01002	0.01265	0.01197	0.00920	0.01223	0.00799	0.01152	0.00622	0.00427	0.00440	0.00142	0.00570	0.00393	0.00203	0.00553
20	0.02509	0.01174	0.09942	0.15866	0.20070	0.02473	0.19474	0.11498	0.02450	0.08796	0.00955	0.01145	0.00706	0.00435	0.00454	0.00140	0.00581	0.00419	0.00275	0.00639
21	0.00902	0.00904	0.00851	0.03781	0.04411	0.18308	0.03518	0.01104	0.05251	0.03560	0.07792	0.06925	0.38341	0.00850	0.00486	0.00142	0.00407	0.01651	0.00359	0.00460
22	0.00632	0.00469	0.00689	0.00689	0.00760	0.00541	0.00526	0.00775	0.00704	0.01010	0.01202	0.01842	0.01151	0.10851	0.75253	0.00684	0.01113	0.00489	0.00239	0.00383
23	0.01193	0.82671	0.02288	0.00765	0.01139	0.03779	0.00758	0.01334	0.00906	0.01040	0.00616	0.00711	0.00567	0.00380	0.00286	0.00095	0.00480	0.00237	0.00190	0.00565
24	0.00999	0.01071	0.02070	0.20654	0.10193	0.03373	0.46694	0.01340	0.02189	0.01351	0.02268	0.01338	0.00784	0.00434	0.00493	0.00147	0.00662	0.03137	0.00231	0.00571
25	0.00705	0.00558	0.00762	0.00727	0.00765	0.00669	0.00545	0.00799	0.00692	0.00987	0.01175	0.02088	0.01220	0.29882	0.36541	0.00494	0.17366	0.03410	0.00245	0.00370
26	0.87598	0.00854	0.00649	0.00581	0.00854	0.00991	0.00478	0.01298	0.00752	0.01982	0.00615	0.00717	0.00478	0.00410	0.00273	0.00137	0.00342	0.00239	0.00273	0.00478
27	0.01459	0.17496	0.08668	0.00985	0.01343	0.02794	0.10258	0.04265	0.03095	0.34423	0.02945	0.01226	0.00901	0.00499	0.00484	0.00132	0.05930	0.00399	0.00363	0.02337
28	0.01072	0.28620	0.26771	0.00944	0.03665	0.01120	0.00978	0.01349	0.00942	0.06889	0.00799	0.00899	0.00628	0.00390	0.00353	0.00105	0.00485	0.00290	0.00233	0.23468
29	0.21829	0.07826	0.06085	0.00800	0.01136	0.09022	0.00699	0.01800	0.01093	0.43683	0.01223	0.01149	0.00821	0.00484	0.00385	0.00131	0.00435	0.00356	0.00400	0.00643
30	0.17237	0.00513	0.00567	0.00578	0.00677	0.00514	0.00405	0.00834	0.00863	0.03351	0.13247	0.35794	0.03647	0.16534	0.00805	0.00207	0.00302	0.00829	0.00368	0.02729

[dist]
# distance from previous block
# <min> <max>
8	29

[block]
# block no. 3 follows, 59 sequences, length 10
# corresponding to MSA columns:
# 207-216
name=unknown_D
#
# <colnr> <probs for GDERKNQSTAVLIFYWHMCP>
#	G	D	E	R	K	N	Q	S	T	A	V	L	I	F	Y	W	H	M	C	P
0	0.01196	0.74860	0.06578	0.00808	0.01191	0.07008	0.00810	0.01356	0.00922	0.01061	0.00628	0.00726	0.00567	0.00385	0.00298	0.00098	0.00503	0.00244	0.00191	0.00568
1	0.00631	0.00492	0.00597	0.00627	0.00763	0.00442	0.00505	0.00781	0.00982	0.01255	0.03080	0.14303	0.34384	0.01122	0.00544	0.00166	0.00307	0.30707	0.00396	0.07916
2	0.00629	0.00428	0.00480	0.00485	0.00497	0.00421	0.00279	0.00640	0.00679	0.00894	0.01676	0.06360	0.07925	0.74508	0.02043	0.00396	0.00405	0.00690	0.00285	0.00280
3	0.09311	0.03401	0.33477	0.01106	0.01533	0.22347	0.04455	0.03586	0.01073	0.12703	0.00884	0.00968	0.00639	0.00453	0.00427	0.00133	0.02298	0.00333	0.00264	0.00609
4	0.01089	0.08406	0.02280	0.05003	0.09738	0.06921	0.52191	0.01393	0.01013	0.01329	0.00825	0.01098	0.00648	0.00408	0.00537	0.00143	0.05721	0.00454	0.00217	0.00586
5	0.00681	0.00473	0.00611	0.00669	0.00726	0.00473	0.00518	0.00796	0.00853	0.01119	0.01925	0.04069	0.02133	0.37552	0.01325	0.00301	0.00416	0.44666	0.00346	0.00346
6	0.00642	0.00428	0.00482	0.00482	0.00482	0.00428	0.00268	0.00642	0.00642	0.00856	0.01392	0.02890	0.01606	0.84478	0.02248	0.00428	0.00428	0.00642	0.00268	0.00268
7	0.66038	0.01020	0.00924	0.00785	0.01053	0.09487	0.07539	0.01343	0.00825	0.01785	0.00644	0.00782	0.00510	0.00433	0.00377	0.00139	0.05288	0.00277	0.00260	0.00492
8	0.57019	0.04179	0.01091	0.05867	0.01237	0.01059	0.11242	0.04318	0.00866	0.04239	0.00712	0.00858	0.00549	0.00433	0.00389	0.00140	0.04710	0.00306	0.00269	0.00517
9	0.40897	0.01063	0.01214	0.00982	0.01243	0.09752	0.15657	0.04420	0.00916	0.04477	0.00754	0.00964	0.00609	0.03312	0.00574	0.00154	0.11887	0.00345	0.00264	0.00518

[dist]
# distance from previous block
# <min> <max>
1	19

[block]
# block no. 4 follows, 59 sequences, length 44
# corresponding to MSA columns:
# 240-283
name=unknown_E
#
# <colnr> <probs for GDERKNQSTAVLIFYWHMCP>
#	G	D	E	R	K	N	Q	S	T	A	V	L	I	F	Y	W	H	M	C	P
0	0.18600	0.04013	0.01786	0.11025	0.01845	0.06378	0.37723	0.01339	0.00939	0.02554	0.00807	0.01094	0.00641	0.03067	0.00562	0.00154	0.06287	0.00417	0.00233	0.00537
1	0.07958	0.03835	0.01608	0.39127	0.02301	0.01015	0.22886	0.01233	0.00924	0.02703	0.00875	0.01287	0.00702	0.00462	0.00485	0.00145	0.03696	0.03988	0.00228	0.04542
2	0.48304	0.00923	0.01102	0.22724	0.01632	0.03857	0.09932	0.01274	0.00835	0.01624	0.00693	0.00906	0.00537	0.00429	0.00396	0.00142	0.03632	0.00320	0.00242	0.00497
3	0.00940	0.00879	0.01429	0.26446	0.28177	0.00912	0.07117	0.01264	0.05683	0.01402	0.09076	0.01360	0.01049	0.00462	0.00440	0.00131	0.00492	0.00433	0.00259	0.12052
4	0.02707	0.00900	0.01514	0.28699	0.03720	0.00878	0.21886	0.01207	0.00937	0.01340	0.00811	0.01076	0.00634	0.00380	0.00418	0.00118	0.00530	0.00377	0.00229	0.31640
5	0.00932	0.00885	0.01502	0.52889	0.32804	0.01007	0.01275	0.01214	0.00929	0.01247	0.00802	0.01146	0.00631	0.00423	0.00440	0.00141	0.00565	0.00393	0.00205	0.00570
6	0.64949	0.00879	0.00762	0.00661	0.00943	0.00996	0.00540	0.06094	0.10301	0.09001	0.00878	0.00915	0.00650	0.00451	0.00319	0.00138	0.00354	0.00297	0.00328	0.00544
7	0.02789	0.10432	0.03326	0.02917	0.03899	0.06273	0.26155	0.05232	0.01019	0.03992	0.00816	0.01012	0.00650	0.00426	0.00521	0.00124	0.09173	0.00376	0.00246	0.20623
8	0.01447	0.21848	0.01486	0.00960	0.01269	0.28236	0.00793	0.23712	0.06917	0.01628	0.00882	0.00981	0.00710	0.00472	0.00385	0.00115	0.00565	0.01548	0.00299	0.05748
9	0.00809	0.00583	0.00686	0.00665	0.00808	0.00586	0.00498	0.04422	0.16873	0.06797	0.15764	0.27784	0.16597	0.01048	0.02266	0.00168	0.00301	0.02425	0.00437	0.00482
10	0.01001	0.01065	0.08865	0.04591	0.09507	0.00930	0.34887	0.03883	0.05201	0.05516	0.04482	0.08856	0.03962	0.00586	0.00499	0.00150	0.00562	0.04583	0.00296	0.00580
11	0.00946	0.00564	0.00716	0.00644	0.00800	0.00538	0.00490	0.03671	0.07283	0.17113	0.46457	0.11055	0.03031	0.03980	0.00567	0.00154	0.00273	0.00736	0.00478	0.00501
12	0.03562	0.01249	0.08323	0.20337	0.04660	0.13529	0.12895	0.10035	0.03896	0.01462	0.02395	0.01093	0.00714	0.00468	0.00506	0.00136	0.06590	0.00387	0.00254	0.07510
13	0.00801	0.06536	0.21579	0.00877	0.01142	0.02507	0.03687	0.01075	0.03943	0.02985	0.09186	0.22192	0.09330	0.00928	0.03412	0.00173	0.04732	0.04095	0.00322	0.00496
14	0.02420	0.06752	0.26504	0.06324	0.02918	0.10221	0.09508	0.07263	0.09134	0.02749	0.00902	0.01037	0.00686	0.00457	0.00472	0.00133	0.05013	0.00364	0.00254	0.06888
15	0.00582	0.00430	0.00519	0.00556	0.00621	0.00401	0.00381	0.00699	0.02457	0.01213	0.15533	0.36582	0.18888	0.16557	0.00858	0.00212	0.00278	0.02474	0.00397	0.00362
16	0.03086	0.02830	0.01200	0.00941	0.01262	0.02516	0.02297	0.38469	0.28313	0.04627	0.01275	0.01242	0.00939	0.00525	0.00428	0.00132	0.00429	0.00415	0.00415	0.08660
17	0.00538	0.00384	0.00512	0.00615	0.00641	0.00359	0.00410	0.00615	0.00846	0.01127	0.02434	0.84190	0.02921	0.01384	0.00564	0.00179	0.00256	0.01256	0.00410	0.00359
18	0.02388	0.01071	0.06050	0.18130	0.41397	0.03848	0.05813	0.04003	0.03815	0.02612	0.02921	0.01237	0.00812	0.00511	0.02352	0.00151	0.00560	0.01462	0.00244	0.00624
19	0.04090	0.39410	0.23589	0.01118	0.02854	0.03838	0.13946	0.01380	0.02060	0.01249	0.00729	0.00875	0.00592	0.00403	0.00390	0.00121	0.02243	0.00318	0.00202	0.00592
20	0.00681	0.00453	0.00575	0.00567	0.00604	0.00476	0.00374	0.00739	0.00684	0.03501	0.01334	0.02463	0.01423	0.54918	0.28848	0.00512	0.00677	0.00580	0.00266	0.00325
21	0.00632	0.00467	0.00679	0.00679	0.00747	0.00535	0.00514	0.00769	0.00701	0.01002	0.01211	0.01891	0.01172	0.14276	0.71857	0.00672	0.01081	0.00496	0.00241	0.00377
22	0.01237	0.01311	0.01226	0.05611	0.01356	0.29744	0.06304	0.10515	0.10591	0.01429	0.05035	0.10434	0.01131	0.00641	0.00581	0.00143	0.11370	0.00492	0.00305	0.00541
23	0.87598	0.00854	0.00649	0.00581	0.00854	0.00991	0.00478	0.01298	0.00752	0.01982	0.00615	0.00717	0.00478	0.00410	0.00273	0.00137	0.00342	0.00239	0.00273	0.00478
24	0.04277	0.03989	0.02650	0.09858	0.20709	0.00903	0.00847	0.04270	0.16689	0.09129	0.05445	0.02833	0.05625	0.07200	0.03528	0.00182	0.00455	0.00491	0.00332	0.00589
25	0.02988	0.16132	0.13550	0.00943	0.02467	0.08238	0.00860	0.19413	0.10559	0.04632	0.02850	0.02638	0.07320	0.00652	0.03291	0.00151	0.01956	0.00425	0.00324	0.00610
26	0.00747	0.00581	0.00710	0.07713	0.02613	0.02920	0.00530	0.00997	0.08739	0.04168	0.23947	0.20927	0.11086	0.09764	0.02403	0.00192	0.00340	0.00793	0.00393	0.00437
27	0.04332	0.32399	0.34349	0.01080	0.04125	0.08345	0.02610	0.02687	0.03960	0.01301	0.00756	0.00869	0.00599	0.00414	0.00366	0.00121	0.00571	0.00300	0.00210	0.00606
28	0.00634	0.00431	0.00503	0.00507	0.00520	0.00436	0.00301	0.00655	0.00667	0.00892	0.01505	0.05651	0.04120	0.71372	0.09666	0.00437	0.00486	0.00657	0.00274	0.00286
29	0.02434	0.16395	0.12562	0.03435	0.03384	0.07560	0.06165	0.12807	0.23049	0.03151	0.03988	0.01216	0.00955	0.00496	0.00414	0.00132	0.00500	0.00399	0.00321	0.00636
30	0.00579	0.00420	0.00542	0.00586	0.00652	0.00390	0.00416	0.00707	0.00998	0.01351	0.29211	0.42997	0.10159	0.04117	0.00607	0.00173	0.00251	0.05036	0.00430	0.00379
31	0.01225	0.14608	0.21067	0.04192	0.01517	0.20946	0.05522	0.09852	0.01132	0.03420	0.00878	0.03773	0.00730	0.00485	0.00426	0.00126	0.02206	0.01966	0.00252	0.05677
32	0.00615	0.00438	0.00595	0.00691	0.00748	0.00424	0.00529	0.00743	0.00916	0.01209	0.03662	0.47383	0.02739	0.04217	0.00641	0.00197	0.00323	0.33148	0.00405	0.00376
33	0.01241	0.01426	0.01316	0.11884	0.04385	0.40080	0.09993	0.01467	0.04636	0.01210	0.03531	0.04932	0.01005	0.00593	0.00496	0.01837	0.02201	0.06997	0.00262	0.00509
34	0.04052	0.43678	0.03414	0.00911	0.01218	0.26473	0.00803	0.02945	0.04019	0.03138	0.00717	0.00816	0.00611	0.00441	0.00399	0.00112	0.05191	0.00279	0.00227	0.00557
35	0.00820	0.09203	0.04187	0.00717	0.03378	0.02760	0.00558	0.02586	0.08225	0.04311	0.09417	0.08469	0.28803	0.10740	0.00718	0.00177	0.03418	0.00693	0.00359	0.00463
36	0.00823	0.00412	0.00412	0.00412	0.00515	0.00412	0.00309	0.01029	0.00926	0.01647	0.01441	0.01647	0.01132	0.00515	0.00309	0.00103	0.00206	0.00412	0.86930	0.00412
37	0.03737	0.43471	0.21103	0.04028	0.01426	0.04989	0.02502	0.05338	0.02438	0.02843	0.00740	0.00852	0.00601	0.00416	0.00370	0.00116	0.02228	0.00292	0.00219	0.02293
38	0.02237	0.01899	0.05163	0.01511	0.23443	0.04909	0.03970	0.04551	0.03764	0.09585	0.01802	0.01203	0.01779	0.02335	0.03118	0.00175	0.27283	0.00412	0.00267	0.00594
39	0.00823	0.00412	0.00412	0.00412	0.00515	0.00412	0.00309	0.01029	0.00926	0.01647	0.01441	0.01647	0.01132	0.00515	0.00309	0.00103	0.00206	0.00412	0.86930	0.00412
40	0.04390	0.14714	0.09578	0.03694	0.10998	0.08616	0.03783	0.14881	0.02551	0.01497	0.00769	0.00955	0.00632	0.00518	0.00647	0.00141	0.20436	0.00352	0.00249	0.00596
41	0.85540	0.00852	0.00658	0.00586	0.00861	0.00983	0.00482	0.01319	0.00764	0.03906	0.00642	0.00736	0.00493	0.00413	0.00277	0.00137	0.00342	0.00244	0.00280	0.00485
42	0.01416	0.01136	0.01358	0.01104	0.03356	0.01256	0.08191	0.45906	0.25628	0.02306	0.01251	0.01248	0.00918	0.00538	0.00472	0.00140	0.02207	0.00439	0.00413	0.00714
43	0.84831	0.00852	0.00671	0.03222	0.00924	0.00990	0.00502	0.01293	0.00756	0.01954	0.00620	0.00732	0.00482	0.00411	0.00279	0.00137	0.00350	0.00244	0.00271	0.00479

[dist]
# distance from previous block
# <min> <max>
0	3

[block]
# block no. 5 follows, 59 sequences, length 23
# corresponding to MSA columns:
# 287-309
name=unknown_F
#
# <colnr> <probs for GDERKNQSTAVLIFYWHMCP>
#	G	D	E	R	K	N	Q	S	T	A	V	L	I	F	Y	W	H	M	C	P
0	0.61904	0.00937	0.00949	0.03326	0.18333	0.03094	0.00708	0.03649	0.00862	0.01843	0.00681	0.00823	0.00539	0.00412	0.00321	0.00135	0.00404	0.00282	0.00263	0.00535
1	0.01104	0.01210	0.11562	0.02125	0.46661	0.01053	0.15292	0.06875	0.02481	0.03261	0.03467	0.01178	0.00811	0.00426	0.00453	0.00136	0.00560	0.00424	0.00251	0.00671
2	0.00875	0.02768	0.01038	0.17750	0.10998	0.00829	0.00788	0.03390	0.20645	0.01522	0.18691	0.10500	0.01903	0.02840	0.00521	0.00155	0.00390	0.03498	0.00362	0.00537
3	0.01137	0.07906	0.09470	0.01275	0.12111	0.04176	0.03771	0.02653	0.13402	0.08862	0.03245	0.01184	0.00867	0.00581	0.00754	0.00153	0.27164	0.00405	0.00283	0.00602
4	0.00998	0.02911	0.04022	0.13706	0.10474	0.01032	0.15108	0.01648	0.31047	0.01532	0.05108	0.01488	0.02954	0.00523	0.00482	0.00143	0.02600	0.00478	0.00319	0.03426
5	0.00823	0.00412	0.00412	0.00412	0.00515	0.00412	0.00309	0.01029	0.00926	0.01647	0.01441	0.01647	0.01132	0.00515	0.00309	0.00103	0.00206	0.00412	0.86930	0.00412
6	0.14606	0.21889	0.05402	0.00884	0.03904	0.04320	0.00752	0.14135	0.07204	0.02901	0.00844	0.00926	0.00672	0.00437	0.00388	0.00114	0.03378	0.00308	0.00284	0.16652
7	0.01041	0.19564	0.05292	0.21985	0.14196	0.01181	0.13271	0.03215	0.09230	0.02499	0.03746	0.01177	0.00828	0.00444	0.00421	0.00132	0.00537	0.00401	0.00249	0.00592
8	0.00823	0.00412	0.00412	0.00412	0.00515	0.00412	0.00309	0.01029	0.00926	0.01647	0.01441	0.01647	0.01132	0.00515	0.00309	0.00103	0.00206	0.00412	0.86930	0.00412
9	0.16855	0.01209	0.01785	0.02835	0.14191	0.11614	0.32870	0.05765	0.01044	0.01529	0.00795	0.01018	0.00625	0.00427	0.00497	0.00141	0.05576	0.00403	0.00242	0.00580
10	0.87598	0.00854	0.00649	0.00581	0.00854	0.00991	0.00478	0.01298	0.00752	0.01982	0.00615	0.00717	0.00478	0.00410	0.00273	0.00137	0.00342	0.00239	0.00273	0.00478
11	0.01218	0.01031	0.01432	0.26607	0.01940	0.02756	0.09955	0.28411	0.04798	0.03965	0.00980	0.01244	0.00754	0.00534	0.00571	0.00148	0.10110	0.02627	0.00310	0.00605
12	0.87598	0.00854	0.00649	0.00581	0.00854	0.00991	0.00478	0.01298	0.00752	0.01982	0.00615	0.00717	0.00478	0.00410	0.00273	0.00137	0.00342	0.00239	0.00273	0.00478
13	0.00737	0.00642	0.01017	0.22791	0.01482	0.00684	0.09140	0.00951	0.01011	0.01364	0.28741	0.02544	0.09488	0.08939	0.00714	0.00177	0.04039	0.04763	0.00336	0.00439
14	0.00602	0.00472	0.00569	0.00590	0.02613	0.00434	0.00420	0.00782	0.03374	0.01409	0.31862	0.12827	0.33893	0.03563	0.02899	0.00174	0.00270	0.02421	0.00425	0.00403
15	0.00710	0.00586	0.00713	0.03655	0.05576	0.00587	0.00537	0.01077	0.16516	0.01459	0.20843	0.13704	0.28111	0.00940	0.00508	0.00151	0.00285	0.03157	0.00416	0.00469
16	0.00901	0.00913	0.01682	0.07863	0.07390	0.02488	0.36306	0.01199	0.02336	0.01436	0.17517	0.02062	0.06102	0.00611	0.00542	0.00150	0.03198	0.06476	0.00301	0.00528
17	0.00859	0.00899	0.09000	0.09228	0.11893	0.00799	0.07756	0.03186	0.13285	0.01588	0.27928	0.03463	0.06921	0.00663	0.00480	0.00142	0.00407	0.00596	0.00358	0.00547
18	0.00717	0.00623	0.00882	0.26695	0.01448	0.00716	0.00718	0.00885	0.00904	0.01192	0.12800	0.04560	0.19456	0.11756	0.00854	0.00192	0.11842	0.03035	0.00305	0.00418
19	0.00973	0.01035	0.01855	0.33804	0.05477	0.06134	0.35927	0.01284	0.01005	0.01306	0.06096	0.01295	0.00861	0.00440	0.00479	0.00145	0.00643	0.00469	0.00230	0.00541
20	0.00749	0.00557	0.00883	0.00847	0.00969	0.00532	0.11105	0.00907	0.00936	0.05440	0.02075	0.35029	0.02289	0.07972	0.00706	0.00202	0.00393	0.27612	0.00380	0.00420
21	0.67356	0.00830	0.00738	0.00629	0.00919	0.00910	0.00519	0.01500	0.00873	0.20907	0.00882	0.00903	0.00624	0.00442	0.00314	0.00137	0.00350	0.00288	0.00338	0.00543
22	0.03587	0.00769	0.00867	0.00685	0.00966	0.03156	0.00540	0.01044	0.00888	0.01335	0.01174	0.01562	0.06806	0.08392	0.00628	0.00127	0.07054	0.04612	0.00275	0.55534

[dist]
# distance from previous block
# <min> <max>
0	1

[block]
# block no. 6 follows, 59 sequences, length 76
# corresponding to MSA columns:
# 311-373,376-388
name=unknown_G
#
# <colnr> <probs for GDERKNQSTAVLIFYWHMCP>
#	G	D	E	R	K	N	Q	S	T	A	V	L	I	F	Y	W	H	M	C	P
0	0.00665	0.00487	0.00635	0.00701	0.00803	0.00471	0.00585	0.00834	0.00995	0.01282	0.07137	0.04564	0.17252	0.08597	0.00734	0.00210	0.00363	0.52897	0.00399	0.00389
1	0.00841	0.00792	0.04880	0.08116	0.01155	0.00780	0.03086	0.02720	0.30964	0.01547	0.14502	0.02474	0.20369	0.05125	0.00571	0.00161	0.00353	0.00635	0.00394	0.00534
2	0.01042	0.01191	0.02606	0.01862	0.02308	0.01117	0.80119	0.01415	0.01042	0.01415	0.00894	0.01191	0.00670	0.00372	0.00521	0.00149	0.00745	0.00521	0.00223	0.00596
3	0.01014	0.01086	0.02181	0.16768	0.11717	0.01083	0.51755	0.01411	0.05755	0.01392	0.00920	0.01204	0.00699	0.00401	0.00493	0.00147	0.00667	0.00481	0.00231	0.00595
4	0.00603	0.00466	0.00563	0.00557	0.00658	0.00429	0.02293	0.00714	0.00931	0.01187	0.12181	0.06232	0.36302	0.22940	0.02680	0.00240	0.00330	0.09961	0.00373	0.00360
5	0.01028	0.03324	0.14022	0.13222	0.02231	0.03752	0.48108	0.03504	0.01023	0.01377	0.00844	0.01116	0.00636	0.00410	0.00514	0.00146	0.03489	0.00452	0.00218	0.00586
6	0.05179	0.01004	0.01760	0.01347	0.01678	0.01012	0.40595	0.05793	0.16432	0.03649	0.03241	0.01797	0.03037	0.00563	0.00517	0.00154	0.02149	0.09182	0.00320	0.00590
7	0.00914	0.00789	0.01198	0.02843	0.01253	0.00754	0.15037	0.01156	0.03031	0.05141	0.10224	0.02009	0.06274	0.00632	0.00571	0.00133	0.09927	0.10425	0.00316	0.27372
8	0.00823	0.00412	0.00412	0.00412	0.00515	0.00412	0.00309	0.01029	0.00926	0.01647	0.01441	0.01647	0.01132	0.00515	0.00309	0.00103	0.00206	0.00412	0.86930	0.00412
9	0.23953	0.36355	0.01595	0.00804	0.01155	0.04833	0.06774	0.04053	0.00930	0.01443	0.00681	0.00797	0.00572	0.00387	0.00317	0.00107	0.00450	0.00271	0.00236	0.14288
10	0.09265	0.00994	0.05272	0.20975	0.23115	0.00974	0.15832	0.01390	0.00981	0.11944	0.00966	0.03283	0.00748	0.00455	0.00458	0.00142	0.01909	0.00428	0.00265	0.00602
11	0.00823	0.00412	0.00412	0.00412	0.00515	0.00412	0.00309	0.01029	0.00926	0.01647	0.01441	0.01647	0.01132	0.00515	0.00309	0.00103	0.00206	0.00412	0.86930	0.00412
12	0.32761	0.01219	0.05481	0.04481	0.01457	0.13906	0.17831	0.06644	0.01020	0.06081	0.00792	0.00940	0.00600	0.00444	0.00439	0.00139	0.04598	0.00347	0.00270	0.00552
13	0.87598	0.00854	0.00649	0.00581	0.00854	0.00991	0.00478	0.01298	0.00752	0.01982	0.00615	0.00717	0.00478	0.00410	0.00273	0.00137	0.00342	0.00239	0.00273	0.00478
14	0.01220	0.01042	0.03404	0.08828	0.30847	0.02233	0.06770	0.14222	0.10878	0.09113	0.02696	0.01333	0.03265	0.00495	0.00463	0.00138	0.01625	0.00441	0.00321	0.00665
15	0.87598	0.00854	0.00649	0.00581	0.00854	0.00991	0.00478	0.01298	0.00752	0.01982	0.00615	0.00717	0.00478	0.00410	0.00273	0.00137	0.00342	0.00239	0.00273	0.00478
16	0.01167	0.01352	0.13079	0.02931	0.17709	0.08116	0.23466	0.10493	0.08455	0.02763	0.00944	0.01120	0.00723	0.00455	0.00513	0.00142	0.05245	0.00421	0.00266	0.00639
17	0.00808	0.00712	0.02924	0.00798	0.03117	0.00696	0.04575	0.05832	0.18899	0.01595	0.22486	0.10889	0.20424	0.00860	0.00519	0.00150	0.01881	0.01913	0.00416	0.00507
18	0.00536	0.00440	0.00469	0.00478	0.00606	0.00376	0.00351	0.00651	0.01005	0.01235	0.11567	0.13313	0.63578	0.02711	0.00559	0.00157	0.00230	0.00951	0.00415	0.00373
19	0.01201	0.01110	0.05266	0.02075	0.49757	0.03449	0.06944	0.03833	0.11025	0.09368	0.01045	0.01192	0.00808	0.00439	0.00444	0.00135	0.00517	0.00415	0.00285	0.00691
20	0.01291	0.03988	0.03497	0.03654	0.16455	0.36666	0.01003	0.01466	0.02600	0.01167	0.00708	0.00927	0.00612	0.00530	0.00694	0.00141	0.23496	0.00340	0.00218	0.00548
21	0.00948	0.00868	0.02304	0.02766	0.30898	0.00861	0.04677	0.02009	0.00989	0.02752	0.13537	0.05096	0.01362	0.01903	0.00601	0.00138	0.11006	0.01748	0.00284	0.15252
22	0.00823	0.00412	0.00412	0.00412	0.00515	0.00412	0.00309	0.01029	0.00926	0.01647	0.01441	0.01647	0.01132	0.00515	0.00309	0.00103	0.00206	0.00412	0.86930	0.00412
23	0.15836	0.02624	0.01492	0.08843	0.45242	0.05385	0.03189	0.01380	0.04675	0.01486	0.00815	0.01034	0.00667	0.00425	0.00441	0.00134	0.03457	0.00364	0.00237	0.02275
24	0.01070	0.00957	0.03897	0.03725	0.22408	0.01023	0.02441	0.04992	0.20433	0.06185	0.08725	0.03131	0.02473	0.00608	0.00639	0.00151	0.15711	0.00485	0.00329	0.00617
25	0.00823	0.00412	0.00412	0.00412	0.00515	0.00412	0.00309	0.01029	0.00926	0.01647	0.01441	0.01647	0.01132	0.00515	0.00309	0.00103	0.00206	0.00412	0.86930	0.00412
26	0.17367	0.01039	0.01477	0.04168	0.19271	0.04141	0.11366	0.04250	0.00893	0.01435	0.00712	0.00982	0.00606	0.00536	0.00771	0.00156	0.29670	0.00375	0.00229	0.00557
27	0.87598	0.00854	0.00649	0.00581	0.00854	0.00991	0.00478	0.01298	0.00752	0.01982	0.00615	0.00717	0.00478	0.00410	0.00273	0.00137	0.00342	0.00239	0.00273	0.00478
28	0.02699	0.02945	0.07540	0.01285	0.05085	0.10571	0.20220	0.08046	0.01116	0.16005	0.03921	0.01186	0.00841	0.00525	0.00637	0.00146	0.15900	0.00424	0.00302	0.00606
29	0.29451	0.00943	0.01299	0.10829	0.39586	0.01016	0.00996	0.01391	0.05812	0.03544	0.00836	0.01023	0.00664	0.00421	0.00385	0.00136	0.00457	0.00350	0.00256	0.00605
30	0.00755	0.00536	0.00661	0.00612	0.00750	0.00522	0.00464	0.01100	0.12577	0.05955	0.58784	0.05748	0.08069	0.00870	0.00508	0.00142	0.00240	0.00761	0.00477	0.00470
31	0.00798	0.00859	0.12278	0.00891	0.03237	0.00697	0.05913	0.03389	0.03081	0.03112	0.38062	0.05051	0.06426	0.00799	0.00586	0.00151	0.07435	0.06361	0.00382	0.00493
32	0.00980	0.00972	0.03116	0.36067	0.23284	0.02930	0.13100	0.01301	0.03655	0.02511	0.00907	0.01268	0.00724	0.00444	0.00451	0.00140	0.00573	0.02781	0.00230	0.04566
33	0.12982	0.01129	0.11586	0.03013	0.38530	0.00996	0.06513	0.03034	0.06611	0.03717	0.05356	0.01274	0.00931	0.00463	0.00427	0.00138	0.00495	0.01902	0.00270	0.00634
34	0.01224	0.07026	0.10886	0.00939	0.02786	0.12032	0.03235	0.10750	0.05681	0.10308	0.05898	0.03840	0.01010	0.00494	0.00405	0.00115	0.00472	0.00395	0.00322	0.22180
35	0.01002	0.00977	0.01542	0.33882	0.44003	0.05079	0.01249	0.01266	0.00959	0.01286	0.00819	0.01136	0.00666	0.00529	0.03657	0.00159	0.00589	0.00391	0.00211	0.00597
36	0.01060	0.05730	0.13847	0.01027	0.04082	0.06720	0.00897	0.06750	0.08885	0.04366	0.04910	0.05157	0.02281	0.02677	0.00724	0.00151	0.21301	0.00440	0.00287	0.08707
37	0.00657	0.00496	0.00627	0.00610	0.00664	0.00542	0.00431	0.00766	0.02795	0.01012	0.03295	0.02528	0.11438	0.37905	0.28227	0.00456	0.06315	0.00605	0.00279	0.00351
38	0.01235	0.04345	0.09786	0.03147	0.02679	0.21143	0.04974	0.12428	0.08672	0.01471	0.03292	0.01078	0.00788	0.00553	0.00666	0.00143	0.20292	0.00379	0.00272	0.02657
39	0.00722	0.00500	0.00617	0.00574	0.00701	0.00466	0.00431	0.04952	0.01205	0.05491	0.52723	0.08920	0.16340	0.03681	0.00573	0.00152	0.00244	0.00810	0.00462	0.00434
40	0.00976	0.21231	0.10112	0.01075	0.08380	0.01155	0.02038	0.05501	0.03401	0.01234	0.00874	0.01201	0.00784	0.04942	0.19050	0.00279	0.16623	0.00381	0.00229	0.00535
41	0.00597	0.00435	0.00554	0.00561	0.00645	0.00402	0.00406	0.00752	0.01087	0.01493	0.47955	0.22727	0.11584	0.05902	0.00634	0.00168	0.00239	0.03023	0.00445	0.00389
42	0.06067	0.02917	0.05209	0.01097	0.12570	0.02792	0.05479	0.07248	0.05732	0.03706	0.00978	0.02500	0.02098	0.00421	0.00383	0.00105	0.00423	0.00355	0.00285	0.39636
43	0.02838	0.00875	0.01199	0.03444	0.04894	0.02303	0.09261	0.04486	0.01081	0.24718	0.01080	0.01131	0.00781	0.00413	0.00395	0.00105	0.00418	0.00357	0.00342	0.39876
44	0.87598	0.00854	0.00649	0.00581	0.00854	0.00991	0.00478	0.01298	0.00752	0.01982	0.00615	0.00717	0.00478	0.00410	0.00273	0.00137	0.00342	0.00239	0.00273	0.00478
45	0.01502	0.00885	0.01163	0.00950	0.01240	0.00868	0.07993	0.07769	0.20697	0.34899	0.03191	0.01976	0.04606	0.05473	0.00603	0.00176	0.00435	0.04398	0.00480	0.00697
46	0.02237	0.01014	0.12861	0.00841	0.02745	0.00694	0.04651	0.02430	0.00955	0.03927	0.01012	0.02658	0.04139	0.00409	0.00370	0.00092	0.00398	0.00341	0.00269	0.57956
47	0.00841	0.00792	0.01337	0.81273	0.05132	0.00983	0.01230	0.01134	0.00886	0.01137	0.00786	0.01175	0.00592	0.00440	0.00441	0.00147	0.00587	0.00393	0.00197	0.00496
48	0.03659	0.34825	0.06637	0.01030	0.03856	0.38119	0.00872	0.01518	0.01052	0.01119	0.00662	0.00783	0.00570	0.00429	0.00386	0.00111	0.03341	0.00273	0.00210	0.00547
49	0.05925	0.02343	0.00960	0.00823	0.00946	0.00931	0.00646	0.15441	0.05657	0.01424	0.01064	0.01593	0.00994	0.18104	0.22780	0.00358	0.18791	0.00458	0.00284	0.00479
50	0.00803	0.02258	0.00860	0.05206	0.07766	0.04670	0.00617	0.02421	0.06505	0.01565	0.39480	0.05391	0.08658	0.00791	0.00502	0.00139	0.01583	0.04863	0.00397	0.05526
51	0.01086	0.15894	0.21986	0.01137	0.05475	0.04292	0.05730	0.03177	0.03899	0.07519	0.02323	0.01241	0.05893	0.00554	0.00627	0.00143	0.17781	0.00400	0.00256	0.00586
52	0.00698	0.00538	0.00708	0.00721	0.05606	0.00512	0.01743	0.00970	0.07058	0.02895	0.54518	0.05574	0.14990	0.00882	0.00511	0.00142	0.00253	0.00776	0.00451	0.00454
53	0.00734	0.00645	0.02240	0.05665	0.19339	0.00625	0.04484	0.00899	0.00899	0.01225	0.04451	0.34622	0.04803	0.06649	0.06689	0.00219	0.00449	0.04580	0.00323	0.00461
54	0.01083	0.01690	0.38932	0.02284	0.03029	0.06332	0.11547	0.09746	0.01952	0.03767	0.01825	0.01034	0.00670	0.00482	0.00569	0.00144	0.11450	0.00376	0.00241	0.02848
55	0.79336	0.00945	0.00750	0.00657	0.00933	0.06222	0.03046	0.01332	0.00793	0.01906	0.00628	0.00738	0.00490	0.00412	0.00289	0.00136	0.00384	0.00251	0.00269	0.00484
56	0.03882	0.01902	0.56730	0.01439	0.07950	0.01031	0.15518	0.01418	0.00962	0.03881	0.00836	0.01001	0.00603	0.00413	0.00435	0.00141	0.00641	0.00367	0.00209	0.00643
57	0.46216	0.00836	0.00850	0.00695	0.01002	0.00872	0.00573	0.06746	0.01052	0.35545	0.01116	0.01069	0.00753	0.00475	0.00356	0.00136	0.00365	0.00335	0.00399	0.00610
58	0.01069	0.51800	0.28638	0.00953	0.01417	0.01457	0.02930	0.01340	0.00909	0.01177	0.00683	0.00804	0.00569	0.00398	0.00357	0.00112	0.02108	0.00276	0.00191	0.02812
59	0.01058	0.01122	0.06648	0.06148	0.42494	0.01044	0.24073	0.01383	0.03048	0.03327	0.00927	0.03280	0.00758	0.00434	0.00485	0.00141	0.02298	0.00452	0.00235	0.00645
60	0.16872	0.01290	0.03873	0.00984	0.01243	0.22024	0.04692	0.21909	0.01283	0.01760	0.04164	0.01383	0.00939	0.00642	0.02609	0.00155	0.05967	0.07338	0.00314	0.00559
61	0.00958	0.00773	0.00909	0.00663	0.01039	0.00592	0.00528	0.01166	0.02223	0.05346	0.00903	0.03760	0.00763	0.00378	0.00343	0.00074	0.00327	0.00308	0.00284	0.78664
62	0.16271	0.47674	0.07462	0.02850	0.04077	0.12960	0.00815	0.01383	0.00928	0.01251	0.00648	0.00763	0.00556	0.00399	0.00317	0.00110	0.00513	0.00259	0.00210	0.00553
63	0.00757	0.00467	0.00627	0.00634	0.00685	0.00474	0.00462	0.00788	0.02922	0.03746	0.04780	0.06481	0.04848	0.17148	0.03918	0.32660	0.02548	0.15438	0.00299	0.00318
64	0.00815	0.19706	0.24088	0.00841	0.01182	0.00904	0.04561	0.01075	0.00998	0.01329	0.16301	0.06907	0.18197	0.00698	0.00442	0.00134	0.00424	0.00582	0.00303	0.00513
65	0.01393	0.00825	0.01084	0.05689	0.03697	0.00722	0.02715	0.07569	0.01144	0.32924	0.01183	0.01184	0.00831	0.00438	0.00397	0.00107	0.00390	0.00362	0.00380	0.36966
66	0.87598	0.00854	0.00649	0.00581	0.00854	0.00991	0.00478	0.01298	0.00752	0.01982	0.00615	0.00717	0.00478	0.00410	0.00273	0.00137	0.00342	0.00239	0.00273	0.00478
67	0.01219	0.77928	0.02227	0.00787	0.01153	0.08425	0.00764	0.01359	0.00927	0.01043	0.00620	0.00716	0.00567	0.00384	0.00293	0.00096	0.00499	0.00240	0.00192	0.00562
68	0.00555	0.00407	0.00523	0.00593	0.00649	0.00375	0.00413	0.00660	0.00929	0.01233	0.13642	0.59553	0.13194	0.01276	0.00554	0.00171	0.00251	0.04232	0.00420	0.00370
69	0.00767	0.00723	0.00791	0.06931	0.02580	0.10794	0.02998	0.00903	0.00942	0.01165	0.08977	0.10619	0.23014	0.11385	0.11732	0.00257	0.02506	0.02186	0.00322	0.00408
70	0.00608	0.00479	0.00622	0.00579	0.00694	0.00434	0.04311	0.00754	0.01045	0.01388	0.35198	0.09377	0.28956	0.12690	0.00766	0.00186	0.00274	0.00840	0.00412	0.00386
71	0.00936	0.04531	0.17336	0.04755	0.14621	0.05203	0.13397	0.03373	0.03622	0.01409	0.08799	0.06537	0.08410	0.00658	0.01948	0.00152	0.00529	0.02939	0.00284	0.00562
72	0.00613	0.00430	0.00505	0.00524	0.00560	0.00416	0.00336	0.00666	0.00780	0.01029	0.07298	0.16142	0.12028	0.49662	0.03009	0.00328	0.00373	0.04659	0.00329	0.00314
73	0.06804	0.01197	0.11038	0.15045	0.17735	0.08885	0.03695	0.11079	0.05903	0.01569	0.06428	0.02599	0.00972	0.02434	0.00501	0.00145	0.02681	0.00423	0.00279	0.00589
74	0.00893	0.04147	0.80385	0.01247	0.01894	0.01042	0.01612	0.01397	0.00932	0.01391	0.00789	0.00927	0.00560	0.00419	0.00417	0.00139	0.00649	0.00324	0.00187	0.00651
75	0.01278	0.14984	0.11308	0.01110	0.09077	0.13523	0.00903	0.21567	0.03108	0.04973	0.04635	0.05872	0.03705	0.00562	0.00421	0.00129	0.00513	0.01402	0.00318	0.00613

[dist]
# distance from previous block
# <min> <max>
1	2

[block]
# block no. 7 follows, 59 sequences, length 39
# corresponding to MSA columns:
# 391-428,439
name=unknown_H
#
# <colnr> <probs for GDERKNQSTAVLIFYWHMCP>
#	G	D	E	R	K	N	Q	S	T	A	V	L	I	F	Y	W	H	M	C	P
