[name]
unknown

[dist]
# distance from previous block
# <min> <max>
0	113

[block]
# block no. 0 follows, 62 sequences, length 114
# corresponding to MSA columns:
# 156-269
name=unknown_A
#
# <colnr> <probs for GDERKNQSTAVLIFYWHMCP>
#	G	D	E	R	K	N	Q	S	T	A	V	L	I	F	Y	W	H	M	C	P
0	0.01069	0.01040	0.01712	0.02568	0.80055	0.03383	0.01292	0.01317	0.00976	0.01380	0.00796	0.01045	0.00670	0.00381	0.00420	0.00126	0.00513	0.00376	0.00211	0.00669
1	0.00522	0.00373	0.00498	0.00597	0.00623	0.00349	0.00401	0.00599	0.00818	0.01090	0.02343	0.83071	0.02807	0.01330	0.00544	0.00173	0.00250	0.02872	0.00395	0.00347
2	0.80826	0.02174	0.00682	0.00591	0.00854	0.03866	0.00485	0.01300	0.03386	0.01860	0.00632	0.00723	0.00493	0.00402	0.00273	0.00131	0.00347	0.00240	0.00266	0.00470
3	0.01058	0.00914	0.00962	0.00866	0.01106	0.01058	0.00673	0.02261	0.81623	0.01780	0.01732	0.01588	0.01299	0.00577	0.00433	0.00144	0.00337	0.00481	0.00433	0.00673
4	0.00610	0.00424	0.00523	0.00532	0.00558	0.00438	0.00345	0.00659	0.00667	0.00902	0.01464	0.06876	0.03796	0.56530	0.20489	0.00446	0.00563	0.03611	0.00267	0.00298
5	0.08800	0.46399	0.15889	0.00846	0.01231	0.08765	0.00858	0.06247	0.00972	0.04231	0.00696	0.00780	0.00568	0.00395	0.00321	0.00107	0.00498	0.00264	0.00221	0.01914
6	0.88052	0.00823	0.00625	0.00560	0.00823	0.00955	0.00461	0.01251	0.00724	0.01909	0.00592	0.00691	0.00461	0.00395	0.00263	0.00132	0.00329	0.00230	0.00263	0.00461
7	0.00602	0.00435	0.00569	0.00535	0.00636	0.00401	0.00401	0.00803	0.01204	0.01706	0.82167	0.03178	0.04015	0.00870	0.00502	0.00134	0.00201	0.00770	0.00468	0.00401
8	0.00667	0.00448	0.00507	0.00497	0.00518	0.00456	0.00294	0.00742	0.05223	0.02388	0.01365	0.02668	0.01514	0.76967	0.03758	0.00398	0.00423	0.00604	0.00272	0.00293
9	0.00553	0.00419	0.00511	0.00528	0.00621	0.00377	0.00386	0.00692	0.01022	0.01357	0.34396	0.25145	0.27411	0.01067	0.00516	0.00149	0.00225	0.03828	0.00424	0.00373
10	0.00875	0.00748	0.00874	0.00629	0.01000	0.00563	0.00502	0.01061	0.00881	0.01380	0.00790	0.02662	0.00677	0.00337	0.00320	0.00065	0.00314	0.00272	0.00255	0.85795
11	0.01036	0.00893	0.00941	0.00849	0.01084	0.01029	0.00660	0.02192	0.78116	0.01762	0.03139	0.01681	0.03521	0.00596	0.00436	0.00144	0.00331	0.00497	0.00433	0.00661
12	0.01357	0.00842	0.00964	0.00805	0.01077	0.00885	0.00643	0.13171	0.36137	0.27935	0.04061	0.01695	0.07289	0.00597	0.00437	0.00138	0.00351	0.00489	0.00460	0.00666
13	0.00518	0.00372	0.00492	0.00588	0.00616	0.00346	0.00393	0.00593	0.00819	0.01088	0.02398	0.82598	0.04951	0.01326	0.00542	0.00172	0.00246	0.01201	0.00395	0.00346
14	0.01589	0.02028	0.01206	0.01096	0.01315	0.83338	0.00822	0.01699	0.01206	0.01041	0.00658	0.00767	0.00548	0.00438	0.00384	0.00110	0.00767	0.00274	0.00219	0.00493
15	0.00611	0.00495	0.03364	0.00558	0.00677	0.00421	0.00441	0.00821	0.01194	0.01694	0.79402	0.03101	0.03897	0.00854	0.00499	0.00134	0.00215	0.00754	0.00459	0.00409
16	0.00518	0.00370	0.00494	0.00592	0.00617	0.00346	0.00395	0.00592	0.00815	0.01086	0.02345	0.84768	0.02814	0.01333	0.00543	0.00173	0.00247	0.01210	0.00395	0.00346
17	0.01618	0.01192	0.01277	0.00979	0.01320	0.01320	0.00809	0.80973	0.02001	0.02682	0.01022	0.01022	0.00724	0.00511	0.00426	0.00128	0.00468	0.00383	0.00426	0.00724
18	0.00503	0.00431	0.00431	0.00431	0.00575	0.00359	0.00323	0.00611	0.00970	0.01149	0.04310	0.04095	0.82219	0.01078	0.00503	0.00144	0.00216	0.00898	0.00395	0.00359
19	0.00518	0.00370	0.00494	0.00592	0.00617	0.00346	0.00395	0.00592	0.00815	0.01086	0.02345	0.84768	0.02814	0.01333	0.00543	0.00173	0.00247	0.01210	0.00395	0.00346
20	0.00677	0.00484	0.00676	0.00770	0.00865	0.00482	0.00667	0.00869	0.00980	0.01278	0.04406	0.07671	0.02504	0.01173	0.00584	0.00193	0.00381	0.74554	0.00394	0.00390
21	0.00618	0.00414	0.00472	0.00472	0.00475	0.00417	0.00268	0.00624	0.00621	0.00831	0.01333	0.02744	0.01529	0.82063	0.05125	0.00422	0.00439	0.00613	0.00257	0.00262
22	0.00539	0.00386	0.00508	0.00600	0.00630	0.00364	0.00403	0.02089	0.00837	0.01116	0.02321	0.83210	0.02775	0.01318	0.00541	0.00172	0.00251	0.01194	0.00396	0.00353
23	0.00804	0.00756	0.01276	0.84023	0.02931	0.00945	0.01182	0.01087	0.00851	0.01087	0.00756	0.01134	0.00567	0.00425	0.00425	0.00142	0.00567	0.00378	0.00189	0.00473
24	0.00618	0.00414	0.00472	0.00472	0.00475	0.00417	0.00268	0.00624	0.00621	0.00831	0.01333	0.02744	0.01529	0.82063	0.05125	0.00422	0.00439	0.00613	0.00257	0.00262
25	0.88052	0.00823	0.00625	0.00560	0.00823	0.00955	0.00461	0.01251	0.00724	0.01909	0.00592	0.00691	0.00461	0.00395	0.00263	0.00132	0.00329	0.00230	0.00263	0.00461
26	0.00618	0.00414	0.00470	0.00470	0.00472	0.00416	0.00265	0.00623	0.00621	0.00829	0.01335	0.02755	0.01534	0.82844	0.04350	0.00420	0.00432	0.00614	0.00257	0.00261
27	0.00514	0.00431	0.00447	0.00453	0.00590	0.00365	0.00342	0.00627	0.00974	0.01172	0.07022	0.06714	0.73864	0.01082	0.00507	0.00146	0.00222	0.03769	0.00398	0.00362
28	0.00518	0.00404	0.00471	0.00512	0.00599	0.00357	0.00362	0.00619	0.00921	0.01169	0.10168	0.39984	0.40052	0.01174	0.00521	0.00156	0.00228	0.01026	0.00401	0.00357
29	0.88052	0.00823	0.00625	0.00560	0.00823	0.00955	0.00461	0.01251	0.00724	0.01909	0.00592	0.00691	0.00461	0.00395	0.00263	0.00132	0.00329	0.00230	0.00263	0.00461
30	0.01004	0.01148	0.02511	0.01793	0.02224	0.01076	0.80846	0.01363	0.01004	0.01363	0.00861	0.01148	0.00646	0.00359	0.00502	0.00143	0.00717	0.00502	0.00215	0.00574
31	0.00677	0.00464	0.00635	0.00713	0.00802	0.00450	0.00587	0.00839	0.00955	0.04083	0.05733	0.24910	0.04837	0.01177	0.00565	0.00184	0.00341	0.51256	0.00401	0.00391
32	0.88052	0.00823	0.00625	0.00560	0.00823	0.00955	0.00461	0.01251	0.00724	0.01909	0.00592	0.00691	0.00461	0.00395	0.00263	0.00132	0.00329	0.00230	0.00263	0.00461
33	0.00529	0.00428	0.00466	0.00464	0.00587	0.00369	0.00342	0.00652	0.00999	0.01255	0.20994	0.08649	0.57722	0.03957	0.00563	0.00153	0.00221	0.00879	0.00406	0.00364
34	0.00543	0.00402	0.00512	0.00584	0.00641	0.00375	0.00412	0.00659	0.02302	0.01156	0.06780	0.59956	0.15277	0.01243	0.00536	0.00168	0.00253	0.07441	0.00399	0.00360
35	0.70714	0.00750	0.00593	0.00536	0.00770	0.00857	0.00436	0.02351	0.00774	0.01861	0.00745	0.00861	0.00581	0.00415	0.00272	0.00126	0.00307	0.00263	0.16338	0.00453
36	0.01119	0.00860	0.00940	0.00842	0.01078	0.00966	0.00667	0.07250	0.59758	0.08240	0.01719	0.01841	0.01343	0.00622	0.00442	0.00146	0.00348	0.07896	0.03278	0.00645
37	0.00547	0.00403	0.00483	0.00526	0.00584	0.00372	0.00357	0.00628	0.00849	0.01103	0.08942	0.38610	0.22710	0.18557	0.00867	0.00213	0.00274	0.03268	0.00372	0.00337
38	0.24696	0.00525	0.00545	0.00554	0.00657	0.00544	0.00388	0.00853	0.00774	0.05051	0.03148	0.33699	0.04478	0.21258	0.00851	0.00216	0.00313	0.00742	0.00333	0.00375
39	0.00541	0.00394	0.00509	0.00593	0.00631	0.00374	0.00400	0.00658	0.03769	0.01121	0.03879	0.75536	0.05838	0.02859	0.00567	0.00174	0.00251	0.01152	0.00395	0.00357
40	0.00518	0.00370	0.00494	0.00592	0.00617	0.00346	0.00395	0.00592	0.00815	0.01086	0.02345	0.84768	0.02814	0.01333	0.00543	0.00173	0.00247	0.01210	0.00395	0.00346
41	0.02161	0.00428	0.00512	0.00522	0.00608	0.00399	0.00372	0.00728	0.02169	0.01350	0.32342	0.24295	0.19594	0.08643	0.00651	0.00170	0.00239	0.00869	0.03579	0.00370
42	0.00571	0.00424	0.00542	0.00609	0.00681	0.00400	0.00455	0.00712	0.02616	0.01201	0.08648	0.44693	0.16646	0.01202	0.00541	0.00169	0.00273	0.18847	0.00401	0.00370
43	0.01618	0.01192	0.01277	0.00979	0.01320	0.01320	0.00809	0.80973	0.02001	0.02682	0.01022	0.01022	0.00724	0.00511	0.00426	0.00128	0.00468	0.00383	0.00426	0.00724
44	0.00608	0.00454	0.00673	0.00673	0.00746	0.00526	0.00519	0.00753	0.00681	0.00980	0.01149	0.01725	0.01087	0.07117	0.79466	0.00671	0.01105	0.00464	0.00229	0.00374
45	0.16295	0.00694	0.00755	0.00677	0.00873	0.00731	0.00522	0.07290	0.17638	0.15059	0.07889	0.14509	0.03996	0.06905	0.00552	0.00162	0.00324	0.01722	0.02883	0.00525
46	0.00511	0.00431	0.00442	0.00439	0.00580	0.00363	0.00330	0.00626	0.00989	0.01194	0.10562	0.04021	0.75940	0.01061	0.00503	0.00143	0.00214	0.00888	0.00401	0.00363
47	0.01341	0.47773	0.01768	0.00894	0.01193	0.38483	0.00770	0.01466	0.01018	0.01019	0.00621	0.00721	0.00547	0.00398	0.00323	0.00099	0.00596	0.00248	0.00199	0.00522
48	0.00567	0.00409	0.00519	0.00589	0.00646	0.00383	0.00410	0.00693	0.03517	0.02504	0.05569	0.64490	0.12751	0.01239	0.00533	0.00167	0.00251	0.03994	0.00401	0.00368
49	0.00544	0.00388	0.00512	0.00602	0.00634	0.00367	0.00408	0.01929	0.00836	0.01114	0.02302	0.79434	0.02746	0.02826	0.00572	0.00177	0.00258	0.03606	0.00393	0.00352
50	0.01058	0.00914	0.00962	0.00866	0.01106	0.01058	0.00673	0.02261	0.81623	0.01780	0.01732	0.01588	0.01299	0.00577	0.00433	0.00144	0.00337	0.00481	0.00433	0.00673
51	0.00993	0.00846	0.00906	0.00819	0.01039	0.00965	0.00635	0.02053	0.70148	0.01769	0.13209	0.01815	0.01686	0.00619	0.00443	0.00143	0.00317	0.00522	0.00438	0.00635
52	0.00547	0.00391	0.00526	0.00621	0.00659	0.00370	0.00441	0.00645	0.00853	0.01136	0.04939	0.69535	0.02796	0.01293	0.00549	0.00175	0.00268	0.13504	0.00397	0.00355
53	0.01618	0.01192	0.01277	0.00979	0.01320	0.01320	0.00809	0.80973	0.02001	0.02682	0.01022	0.01022	0.00724	0.00511	0.00426	0.00128	0.00468	0.00383	0.00426	0.00724
54	0.00523	0.00432	0.00460	0.00453	0.00587	0.00368	0.00339	0.00650	0.01018	0.01265	0.20426	0.03905	0.66032	0.01035	0.00503	0.00142	0.00212	0.00871	0.00410	0.00368
55	0.01618	0.01192	0.01277	0.00979	0.01320	0.01320	0.00809	0.80973	0.02001	0.02682	0.01022	0.01022	0.00724	0.00511	0.00426	0.00128	0.00468	0.00383	0.00426	0.00724
56	0.01909	0.00724	0.00987	0.00757	0.01086	0.00625	0.00625	0.02074	0.01218	0.82687	0.01679	0.01448	0.01053	0.00527	0.00428	0.00132	0.00362	0.00428	0.00527	0.00724
57	0.00503	0.00431	0.00431	0.00431	0.00575	0.00359	0.00323	0.00611	0.00970	0.01149	0.04310	0.04095	0.82219	0.01078	0.00503	0.00144	0.00216	0.00898	0.00395	0.00359
58	0.01706	0.01020	0.01168	0.00895	0.01232	0.01063	0.00739	0.51868	0.01706	0.30662	0.01247	0.01168	0.00837	0.00513	0.00424	0.00128	0.00428	0.00396	0.00458	0.02342
59	0.01074	0.00910	0.00963	0.00864	0.01106	0.01050	0.00673	0.02258	0.80120	0.03293	0.01731	0.01585	0.01294	0.00576	0.00433	0.00144	0.00337	0.00480	0.00435	0.00674
60	0.01589	0.02028	0.01206	0.01096	0.01315	0.83338	0.00822	0.01699	0.01206	0.01041	0.00658	0.00767	0.00548	0.00438	0.00384	0.00110	0.00767	0.00274	0.00219	0.00493
61	0.88052	0.00823	0.00625	0.00560	0.00823	0.00955	0.00461	0.01251	0.00724	0.01909	0.00592	0.00691	0.00461	0.00395	0.00263	0.00132	0.00329	0.00230	0.00263	0.00461
62	0.01033	0.00889	0.00939	0.00847	0.01081	0.01023	0.00658	0.02181	0.77415	0.01766	0.04525	0.01687	0.02859	0.00596	0.00437	0.00144	0.00330	0.00498	0.00433	0.00659
63	0.00600	0.00435	0.00566	0.00533	0.00634	0.00401	0.00400	0.00799	0.01200	0.01695	0.80624	0.03197	0.05566	0.00874	0.00502	0.00134	0.00201	0.00772	0.00467	0.00401
64	0.00871	0.00823	0.01391	0.57644	0.26595	0.00950	0.01199	0.01140	0.00885	0.01178	0.00809	0.03191	0.00655	0.00434	0.00427	0.00138	0.00541	0.00399	0.00201	0.00530
65	0.88052	0.00823	0.00625	0.00560	0.00823	0.00955	0.00461	0.01251	0.00724	0.01909	0.00592	0.00691	0.00461	0.00395	0.00263	0.00132	0.00329	0.00230	0.00263	0.00461
66	0.88052	0.00823	0.00625	0.00560	0.00823	0.00955	0.00461	0.01251	0.00724	0.01909	0.00592	0.00691	0.00461	0.00395	0.00263	0.00132	0.00329	0.00230	0.00263	0.00461
67	0.88052	0.00823	0.00625	0.00560	0.00823	0.00955	0.00461	0.01251	0.00724	0.01909	0.00592	0.00691	0.00461	0.00395	0.00263	0.00132	0.00329	0.00230	0.00263	0.00461
68	0.01862	0.00735	0.00986	0.00763	0.01087	0.00649	0.00628	0.02084	0.05626	0.78250	0.01682	0.01456	0.01067	0.00529	0.00428	0.00132	0.00361	0.00431	0.00522	0.00721
69	0.00608	0.00456	0.00684	0.00684	0.00760	0.00532	0.00532	0.00760	0.00684	0.00988	0.01140	0.01672	0.01064	0.03191	0.83360	0.00684	0.01140	0.00456	0.00228	0.00380
70	0.00619	0.00467	0.00691	0.00688	0.00768	0.00545	0.00535	0.00797	0.02697	0.01007	0.01154	0.01670	0.01070	0.03126	0.81297	0.00670	0.01120	0.00457	0.00233	0.00387
71	0.00682	0.00487	0.00681	0.00779	0.00875	0.00486	0.00678	0.00874	0.00975	0.01269	0.02255	0.06789	0.02458	0.01179	0.00587	0.00195	0.00388	0.77579	0.00392	0.00391
72	0.00506	0.00430	0.00437	0.00438	0.00578	0.00360	0.00327	0.00616	0.00974	0.01165	0.06676	0.05771	0.78124	0.01077	0.00504	0.00144	0.00216	0.00901	0.00397	0.00360
73	0.01618	0.01192	0.01277	0.00979	0.01320	0.01320	0.00809	0.80973	0.02001	0.02682	0.01022	0.01022	0.00724	0.00511	0.00426	0.00128	0.00468	0.00383	0.00426	0.00724
74	0.00804	0.00756	0.01276	0.84023	0.02931	0.00945	0.01182	0.01087	0.00851	0.01087	0.00756	0.01134	0.00567	0.00425	0.00425	0.00142	0.00567	0.00378	0.00189	0.00473
75	0.01385	0.00968	0.01029	0.00815	0.01088	0.01060	0.00665	0.58450	0.01688	0.02373	0.01125	0.01181	0.00827	0.00507	0.00390	0.00120	0.00392	0.00387	0.24921	0.00632
76	0.00518	0.00370	0.00494	0.00592	0.00617	0.00346	0.00395	0.00592	0.00815	0.01086	0.02345	0.84768	0.02814	0.01333	0.00543	0.00173	0.00247	0.01210	0.00395	0.00346
77	0.88052	0.00823	0.00625	0.00560	0.00823	0.00955	0.00461	0.01251	0.00724	0.01909	0.00592	0.00691	0.00461	0.00395	0.00263	0.00132	0.00329	0.00230	0.00263	0.00461
78	0.00891	0.00706	0.00840	0.00622	0.00956	0.00545	0.00495	0.01081	0.00947	0.05444	0.13030	0.01255	0.01159	0.00409	0.00349	0.00077	0.00300	0.00338	0.00298	0.70256
79	0.00853	0.02201	0.82841	0.01213	0.01842	0.00988	0.01572	0.01348	0.00898	0.01348	0.00764	0.00898	0.00539	0.00404	0.00404	0.00135	0.00629	0.00314	0.00180	0.00629
80	0.00619	0.00413	0.00464	0.00464	0.00464	0.00413	0.00258	0.00619	0.00619	0.00825	0.01341	0.02785	0.01547	0.85046	0.02166	0.00413	0.00413	0.00619	0.00258	0.00258
81	0.88052	0.00823	0.00625	0.00560	0.00823	0.00955	0.00461	0.01251	0.00724	0.01909	0.00592	0.00691	0.00461	0.00395	0.00263	0.00132	0.00329	0.00230	0.00263	0.00461
82	0.88052	0.00823	0.00625	0.00560	0.00823	0.00955	0.00461	0.01251	0.00724	0.01909	0.00592	0.00691	0.00461	0.00395	0.00263	0.00132	0.00329	0.00230	0.00263	0.00461
83	0.01710	0.01044	0.01186	0.00909	0.01246	0.01101	0.00751	0.56077	0.01754	0.27926	0.01229	0.01156	0.00828	0.00516	0.00426	0.00129	0.00435	0.00397	0.00458	0.00724
84	0.00503	0.00431	0.00431	0.00431	0.00575	0.00359	0.00323	0.00611	0.00970	0.01149	0.04310	0.04095	0.82219	0.01078	0.00503	0.00144	0.00216	0.00898	0.00395	0.00359
85	0.88052	0.00823	0.00625	0.00560	0.00823	0.00955	0.00461	0.01251	0.00724	0.01909	0.00592	0.00691	0.00461	0.00395	0.00263	0.00132	0.00329	0.00230	0.00263	0.00461
86	0.00529	0.00400	0.00484	0.00529	0.00602	0.00360	0.00369	0.00629	0.00913	0.01186	0.14371	0.45091	0.27850	0.03922	0.00578	0.00166	0.00236	0.01030	0.00401	0.00355
87	0.00541	0.00433	0.00484	0.00471	0.00598	0.00376	0.00354	0.00685	0.01061	0.01365	0.34427	0.03740	0.51969	0.00997	0.00502	0.00140	0.00210	0.00848	0.00423	0.00376
88	0.00619	0.00413	0.00464	0.00464	0.00464	0.00413	0.00258	0.00619	0.00619	0.00825	0.01341	0.02785	0.01547	0.85046	0.02166	0.00413	0.00413	0.00619	0.00258	0.00258
89	0.00620	0.00427	0.00535	0.00533	0.00565	0.00448	0.00351	0.00685	0.00684	0.00954	0.06206	0.02430	0.01535	0.52203	0.26642	0.00467	0.00613	0.00571	0.03222	0.00308
90	0.00521	0.00407	0.00470	0.00510	0.00599	0.00360	0.00362	0.00619	0.00912	0.01149	0.07669	0.37188	0.42065	0.02982	0.00557	0.00162	0.00235	0.02483	0.00396	0.00354
91	0.88052	0.00823	0.00625	0.00560	0.00823	0.00955	0.00461	0.01251	0.00724	0.01909	0.00592	0.00691	0.00461	0.00395	0.00263	0.00132	0.00329	0.00230	0.00263	0.00461
92	0.01004	0.01148	0.02511	0.01793	0.02224	0.01076	0.80846	0.01363	0.01004	0.01363	0.00861	0.01148	0.00646	0.00359	0.00502	0.00143	0.00717	0.00502	0.00215	0.00574
93	0.00568	0.00438	0.00521	0.00514	0.00632	0.00392	0.00394	0.00729	0.01084	0.01431	0.41867	0.03715	0.36995	0.00986	0.00510	0.00144	0.00225	0.08042	0.00430	0.00383
94	0.00541	0.00380	0.00487	0.00564	0.00583	0.00360	0.00365	0.00598	0.00771	0.01028	0.02122	0.66572	0.02533	0.19913	0.00903	0.00226	0.00284	0.01078	0.00365	0.00326
95	0.01589	0.02028	0.01206	0.01096	0.01315	0.83338	0.00822	0.01699	0.01206	0.01041	0.00658	0.00767	0.00548	0.00438	0.00384	0.00110	0.00767	0.00274	0.00219	0.00493
96	0.03311	0.01073	0.01195	0.00918	0.01254	0.01146	0.00758	0.60542	0.01789	0.21866	0.01171	0.01118	0.00798	0.00512	0.00423	0.00129	0.00440	0.00391	0.00447	0.00719
97	0.50279	0.00926	0.00874	0.00715	0.01011	0.01028	0.00590	0.26324	0.01185	0.12184	0.00862	0.00889	0.00617	0.00448	0.00335	0.00130	0.00377	0.00303	0.00347	0.00576
98	0.00614	0.00438	0.00603	0.00702	0.00768	0.00428	0.00561	0.00758	0.00909	0.01193	0.02293	0.39120	0.02606	0.01243	0.00569	0.00186	0.00330	0.45916	0.00393	0.00372
99	0.01589	0.02028	0.01206	0.01096	0.01315	0.83338	0.00822	0.01699	0.01206	0.01041	0.00658	0.00767	0.00548	0.00438	0.00384	0.00110	0.00767	0.00274	0.00219	0.00493
100	0.00974	0.00519	0.00679	0.00591	0.00761	0.00463	0.00460	0.01156	0.01189	0.25188	0.52210	0.02753	0.09755	0.00788	0.00480	0.00134	0.00249	0.00681	0.00479	0.00492
101	0.00863	0.00491	0.00643	0.00578	0.00724	0.00442	0.00442	0.01043	0.01170	0.18495	0.55851	0.07272	0.08620	0.00837	0.00489	0.00136	0.00238	0.00731	0.00472	0.00463
102	0.88052	0.00823	0.00625	0.00560	0.00823	0.00955	0.00461	0.01251	0.00724	0.01909	0.00592	0.00691	0.00461	0.00395	0.00263	0.00132	0.00329	0.00230	0.00263	0.00461
103	0.00565	0.00412	0.00474	0.00493	0.00549	0.00384	0.00324	0.00632	0.00815	0.01055	0.09460	0.20067	0.24641	0.35488	0.01193	0.00260	0.00304	0.02218	0.00345	0.00319
104	0.00572	0.00444	0.00473	0.00460	0.00595	0.00390	0.00347	0.02279	0.01032	0.01335	0.20040	0.03612	0.56928	0.00969	0.00482	0.00137	0.00216	0.00815	0.08495	0.00379
105	0.00852	0.02143	0.79453	0.01212	0.01826	0.00978	0.03256	0.01337	0.00907	0.01355	0.02406	0.00950	0.00611	0.00413	0.00408	0.00135	0.00622	0.00328	0.00186	0.00623
106	0.00896	0.00764	0.00890	0.00637	0.01014	0.00581	0.00510	0.02564	0.00903	0.01411	0.00761	0.00885	0.00632	0.00319	0.00317	0.00064	0.00318	0.00255	0.00255	0.86023
107	0.00518	0.00389	0.00476	0.00543	0.00601	0.00352	0.00371	0.00601	0.00858	0.01105	0.04054	0.58579	0.24886	0.03833	0.00581	0.00172	0.00243	0.01098	0.00392	0.00348
108	0.00568	0.00411	0.00543	0.00633	0.00682	0.00393	0.00461	0.00690	0.02314	0.01139	0.02372	0.60381	0.05772	0.02744	0.00578	0.00181	0.00283	0.19101	0.00393	0.00361
109	0.00704	0.00563	0.01945	0.00655	0.00761	0.03460	0.00506	0.04241	0.00897	0.02492	0.19679	0.03421	0.05238	0.09561	0.43420	0.00443	0.00746	0.00560	0.00307	0.00400
110	0.01592	0.01964	0.01211	0.01087	0.01316	0.77023	0.00821	0.07803	0.01267	0.01168	0.00686	0.00787	0.00562	0.00444	0.00387	0.00111	0.00744	0.00282	0.00235	0.00511
111	0.00604	0.00406	0.00469	0.00483	0.00487	0.00402	0.00279	0.00615	0.00648	0.00864	0.01492	0.15146	0.01738	0.72424	0.01921	0.00376	0.00388	0.00708	0.00279	0.00271
112	0.65575	0.01096	0.00774	0.00691	0.00947	0.19190	0.00551	0.03049	0.00866	0.03153	0.00635	0.00728	0.00496	0.00409	0.00296	0.00127	0.00430	0.00247	0.00262	0.00478
113	0.01114	0.02175	0.09194	0.02607	0.08079	0.03574	0.09852	0.17905	0.06751	0.09185	0.04068	0.10814	0.05423	0.00723	0.03818	0.00161	0.03109	0.00531	0.00336	0.00581

[dist]
# distance from previous block
# <min> <max>
3	14

[block]
# block no. 1 follows, 62 sequences, length 62
# corresponding to MSA columns:
# 284-287,289-346
name=unknown_B
#
# <colnr> <probs for GDERKNQSTAVLIFYWHMCP>
#	G	D	E	R	K	N	Q	S	T	A	V	L	I	F	Y	W	H	M	C	P
0	0.10279	0.02132	0.07235	0.05196	0.11746	0.04292	0.12364	0.07130	0.02605	0.06152	0.00832	0.00989	0.00645	0.00419	0.00460	0.00120	0.06611	0.00346	0.00259	0.20187
1	0.00539	0.00402	0.00484	0.00523	0.00592	0.00364	0.00361	0.00630	0.00895	0.01165	0.14299	0.39796	0.26773	0.08903	0.00693	0.01612	0.00248	0.00984	0.00390	0.00347
2	0.00524	0.00373	0.00492	0.00585	0.00609	0.00349	0.00387	0.00594	0.00804	0.01072	0.02289	0.80220	0.02744	0.05977	0.00633	0.00186	0.00256	0.01177	0.00387	0.00341
3	0.00913	0.00834	0.02958	0.02623	0.04589	0.02142	0.00592	0.02544	0.00912	0.01396	0.00761	0.00896	0.00629	0.00328	0.00328	0.00071	0.00348	0.00265	0.00250	0.76622
4	0.00797	0.04985	0.23245	0.23063	0.01686	0.00836	0.03037	0.01169	0.07034	0.01348	0.16616	0.03454	0.05328	0.00577	0.00437	0.00136	0.00460	0.02401	0.00280	0.03111
5	0.72496	0.03879	0.00771	0.00624	0.00900	0.01029	0.00518	0.11424	0.02242	0.01973	0.00666	0.00748	0.00511	0.00412	0.00287	0.00130	0.00351	0.00254	0.00284	0.00501
6	0.00754	0.00722	0.04293	0.12624	0.04827	0.03292	0.00767	0.00972	0.03656	0.01069	0.00985	0.01408	0.00881	0.02061	0.48258	0.00458	0.11889	0.00420	0.00221	0.00442
7	0.00713	0.00436	0.03074	0.00575	0.00604	0.00396	0.00410	0.00610	0.00633	0.00853	0.05779	0.05424	0.01136	0.07985	0.01513	0.66348	0.00366	0.02693	0.00223	0.00230
8	0.00723	0.00485	0.00688	0.00655	0.00688	0.01729	0.02424	0.00688	0.00645	0.00883	0.03525	0.04128	0.01048	0.11876	0.17444	0.43777	0.07635	0.00457	0.00219	0.00281
9	0.00992	0.02698	0.40142	0.03834	0.01817	0.04304	0.22015	0.06659	0.09424	0.01464	0.02029	0.01074	0.00708	0.00425	0.00434	0.00136	0.00606	0.00391	0.00237	0.00611
10	0.00643	0.00418	0.00491	0.00496	0.00516	0.00409	0.00298	0.00672	0.00705	0.03404	0.07127	0.14021	0.01878	0.65125	0.01774	0.00352	0.00373	0.00705	0.00299	0.00294
11	0.07678	0.00607	0.00700	0.00660	0.00820	0.00613	0.00506	0.07656	0.09875	0.12932	0.05866	0.23022	0.11722	0.06007	0.00576	0.00167	0.00315	0.08188	0.01612	0.00479
12	0.00608	0.00456	0.00684	0.00684	0.00760	0.00532	0.00532	0.00760	0.00684	0.00988	0.01140	0.01672	0.01064	0.03191	0.83360	0.00684	0.01140	0.00456	0.00228	0.00380
13	0.01542	0.00892	0.03791	0.00793	0.01092	0.00861	0.00668	0.32293	0.01445	0.33499	0.01357	0.02954	0.00950	0.00527	0.00406	0.00125	0.00382	0.00417	0.15349	0.00657
14	0.01247	0.01008	0.01068	0.00904	0.01178	0.01146	0.00719	0.28772	0.54805	0.02084	0.01493	0.01397	0.01105	0.00555	0.00431	0.00139	0.00381	0.00448	0.00431	0.00690
15	0.02924	0.00495	0.00540	0.00526	0.00659	0.00471	0.00391	0.01712	0.09343	0.02213	0.18954	0.11639	0.40139	0.04297	0.00550	0.00153	0.00243	0.00804	0.03541	0.00406
16	0.00542	0.00406	0.00482	0.00519	0.00588	0.00370	0.00358	0.00632	0.00879	0.01136	0.11227	0.35521	0.28259	0.14218	0.00779	0.00197	0.00261	0.02899	0.00381	0.00343
17	0.00518	0.00370	0.00494	0.00592	0.00617	0.00346	0.00395	0.00592	0.00815	0.01086	0.02345	0.84768	0.02814	0.01333	0.00543	0.00173	0.00247	0.01210	0.00395	0.00346
18	0.00921	0.00506	0.00641	0.00620	0.00731	0.00477	0.00443	0.04139	0.02079	0.20073	0.01944	0.38869	0.03740	0.18821	0.00850	0.00211	0.00320	0.02485	0.01693	0.00437
19	0.00603	0.00424	0.00498	0.00526	0.00605	0.00390	0.00366	0.00706	0.02065	0.03820	0.05399	0.32607	0.27486	0.16300	0.00811	0.00202	0.00274	0.03545	0.03015	0.00356
20	0.00793	0.00397	0.00397	0.00397	0.00496	0.00397	0.00297	0.00991	0.00892	0.01586	0.01388	0.01586	0.01091	0.00496	0.00297	0.00099	0.00198	0.00397	0.87408	0.00397
21	0.00811	0.00657	0.00726	0.00701	0.00846	0.00711	0.00516	0.04251	0.37372	0.01454	0.03960	0.26647	0.10023	0.08551	0.00632	0.00176	0.00306	0.00755	0.00402	0.00502
22	0.39183	0.00723	0.00680	0.00603	0.00822	0.00787	0.00481	0.07882	0.07519	0.07624	0.06085	0.02709	0.08605	0.03455	0.00417	0.00141	0.00314	0.01663	0.09818	0.00489
23	0.00615	0.00442	0.00538	0.00513	0.00632	0.00394	0.00385	0.00780	0.01116	0.04424	0.51686	0.06485	0.28542	0.00941	0.00501	0.00138	0.00213	0.00814	0.00445	0.00398
24	0.01704	0.00757	0.00954	0.00744	0.01043	0.00711	0.00611	0.15236	0.01305	0.57877	0.01527	0.01396	0.01003	0.00520	0.00409	0.00126	0.00357	0.00416	0.12626	0.00678
25	0.00623	0.00423	0.00556	0.00628	0.00686	0.00404	0.00458	0.00737	0.01838	0.04197	0.02281	0.52406	0.05598	0.08454	0.00686	0.00196	0.00298	0.18776	0.00388	0.00367
26	0.00587	0.00443	0.00540	0.00519	0.00628	0.00406	0.00386	0.00781	0.03099	0.01531	0.56787	0.06284	0.22323	0.03141	0.00546	0.00145	0.00215	0.00805	0.00442	0.00392
27	0.88052	0.00823	0.00625	0.00560	0.00823	0.00955	0.00461	0.01251	0.00724	0.01909	0.00592	0.00691	0.00461	0.00395	0.00263	0.00132	0.00329	0.00230	0.00263	0.00461
28	0.01598	0.01114	0.01219	0.00937	0.01272	0.01206	0.00772	0.68850	0.01861	0.10454	0.01104	0.02774	0.00796	0.00522	0.00424	0.00127	0.00448	0.00400	0.00429	0.03692
29	0.09536	0.01138	0.01590	0.02656	0.06735	0.08002	0.26196	0.24446	0.03971	0.10079	0.00972	0.01075	0.00706	0.00440	0.00431	0.00133	0.00548	0.00405	0.00319	0.00623
30	0.00911	0.00673	0.00779	0.00741	0.00906	0.00717	0.00562	0.04898	0.34198	0.07466	0.06833	0.29942	0.01982	0.00871	0.00480	0.00153	0.00308	0.04900	0.00423	0.02256
31	0.00599	0.00431	0.00545	0.00519	0.00606	0.00401	0.00375	0.00764	0.01100	0.01539	0.65350	0.03166	0.07839	0.14030	0.00762	0.00178	0.00235	0.00753	0.00432	0.00377
32	0.01620	0.01146	0.01244	0.00958	0.01294	0.01257	0.00790	0.72147	0.04809	0.08724	0.01097	0.01074	0.00769	0.00514	0.00426	0.00129	0.00455	0.00390	0.00434	0.00722
33	0.01001	0.00991	0.01569	0.29268	0.49398	0.05826	0.03327	0.01259	0.00945	0.01269	0.00779	0.01066	0.00631	0.00397	0.00423	0.00131	0.00547	0.00376	0.00204	0.00595
34	0.01680	0.00765	0.00971	0.00774	0.01076	0.00726	0.00630	0.04763	0.17188	0.60497	0.03350	0.01500	0.01154	0.00543	0.00428	0.00133	0.00354	0.00443	0.02326	0.00700
35	0.68846	0.00817	0.00716	0.00611	0.00890	0.00905	0.00504	0.04136	0.00861	0.17170	0.00812	0.00845	0.00582	0.00424	0.00300	0.00132	0.00340	0.00273	0.00319	0.00519
36	0.02541	0.01148	0.01087	0.01217	0.17898	0.26404	0.00773	0.06715	0.09341	0.01296	0.01125	0.11132	0.01066	0.08669	0.07532	0.00202	0.00578	0.00482	0.00279	0.00515
37	0.00585	0.00417	0.00514	0.00517	0.00585	0.00394	0.00359	0.00672	0.00889	0.01190	0.25818	0.13507	0.19308	0.19709	0.06556	0.07187	0.00333	0.00767	0.00358	0.00335
38	0.00524	0.00374	0.00500	0.00598	0.00625	0.00350	0.00404	0.00601	0.00820	0.01092	0.02342	0.82314	0.02803	0.01328	0.00544	0.00174	0.00251	0.03613	0.00395	0.00347
39	0.00651	0.00428	0.00474	0.00471	0.00489	0.00432	0.00276	0.00712	0.03336	0.00935	0.01359	0.02622	0.01492	0.73570	0.01917	0.00371	0.00388	0.00591	0.09203	0.00286
40	0.00646	0.00417	0.00506	0.00497	0.00565	0.00390	0.00341	0.00693	0.00849	0.02746	0.20056	0.04863	0.20402	0.20991	0.01128	0.18483	0.00294	0.00663	0.05152	0.00317
41	0.00590	0.00432	0.00517	0.00533	0.00633	0.00391	0.00386	0.00734	0.02744	0.03701	0.21716	0.29725	0.31327	0.02602	0.00543	0.00156	0.00236	0.02238	0.00414	0.00381
42	0.00518	0.00370	0.00494	0.00592	0.00617	0.00346	0.00395	0.00592	0.00815	0.01086	0.02345	0.84768	0.02814	0.01333	0.00543	0.00173	0.00247	0.01210	0.00395	0.00346
43	0.00813	0.00537	0.00645	0.00625	0.00756	0.00524	0.00463	0.03477	0.11872	0.11172	0.13851	0.28895	0.15115	0.06027	0.00597	0.00168	0.00282	0.03308	0.00419	0.00453
44	0.00817	0.00527	0.00628	0.00600	0.00730	0.00504	0.00441	0.05773	0.05956	0.11669	0.12233	0.24949	0.19966	0.10731	0.00690	0.00180	0.00290	0.02468	0.00409	0.00437
45	0.01687	0.01080	0.01208	0.00926	0.01264	0.01154	0.00765	0.62159	0.01814	0.21759	0.01178	0.01123	0.00802	0.00515	0.00426	0.00129	0.00443	0.00394	0.00450	0.00724
46	0.00930	0.00799	0.00841	0.00766	0.00982	0.00893	0.00593	0.01874	0.62388	0.01651	0.05286	0.02151	0.17655	0.00689	0.00450	0.00144	0.00307	0.00576	0.00427	0.00600
47	0.00664	0.00433	0.00535	0.00553	0.00647	0.00390	0.00395	0.00769	0.00934	0.08634	0.13166	0.37314	0.23801	0.07024	0.00632	0.00174	0.00258	0.02884	0.00407	0.00386
48	0.01566	0.01156	0.01242	0.00963	0.01290	0.01279	0.00793	0.75996	0.03699	0.02597	0.01071	0.01152	0.00790	0.02014	0.00460	0.00135	0.00463	0.02206	0.00422	0.00707
49	0.00528	0.00432	0.00466	0.00458	0.00590	0.00370	0.00343	0.00660	0.01029	0.01291	0.24089	0.03862	0.62353	0.01025	0.00503	0.00141	0.00212	0.00865	0.00414	0.00370
50	0.00875	0.00746	0.00875	0.00636	0.01004	0.00564	0.00511	0.01064	0.00886	0.01382	0.00813	0.01030	0.00699	0.00348	0.00325	0.00068	0.00318	0.03244	0.00257	0.84354
51	0.00548	0.00420	0.00494	0.00517	0.00604	0.00381	0.00366	0.00678	0.02414	0.01243	0.20860	0.30052	0.31859	0.06818	0.00628	0.00169	0.00238	0.00944	0.00403	0.00363
52	0.01618	0.01192	0.01277	0.00979	0.01320	0.01320	0.00809	0.80973	0.02001	0.02682	0.01022	0.01022	0.00724	0.00511	0.00426	0.00128	0.00468	0.00383	0.00426	0.00724
53	0.02489	0.00762	0.00917	0.00767	0.01028	0.00767	0.00611	0.05807	0.27612	0.38292	0.09845	0.05369	0.02560	0.00619	0.00441	0.00138	0.00335	0.00516	0.00474	0.00650
54	0.00568	0.00400	0.00491	0.00539	0.00587	0.00372	0.00360	0.00640	0.00823	0.02416	0.06300	0.46459	0.15614	0.20316	0.00903	0.00220	0.00281	0.02003	0.00369	0.00337
55	0.00641	0.00429	0.00504	0.00503	0.00536	0.00425	0.00317	0.00687	0.00742	0.02867	0.08841	0.12539	0.07356	0.55004	0.01588	0.00318	0.02316	0.00703	0.03374	0.00308
56	0.00733	0.00585	0.00880	0.07634	0.09173	0.00578	0.05106	0.00992	0.04168	0.03209	0.55057	0.02652	0.02987	0.00749	0.00487	0.00137	0.00306	0.03704	0.00402	0.00461
57	0.05289	0.01017	0.02852	0.05067	0.32251	0.01026	0.08955	0.19824	0.01198	0.08303	0.00932	0.02374	0.00725	0.00445	0.00449	0.00129	0.03058	0.00394	0.00292	0.05420
58	0.01019	0.00837	0.03870	0.00690	0.01067	0.00646	0.00576	0.06219	0.02873	0.08430	0.00875	0.00957	0.00685	0.00355	0.00338	0.00077	0.00341	0.00283	0.00288	0.69574
59	0.04169	0.00459	0.00529	0.00516	0.00536	0.00488	0.00322	0.00675	0.00638	0.00898	0.01325	0.02556	0.03307	0.69476	0.07796	0.00403	0.04778	0.00585	0.00255	0.00288
60	0.00989	0.09889	0.18758	0.00968	0.03488	0.09785	0.03415	0.08304	0.03282	0.02894	0.02915	0.03475	0.00923	0.07442	0.17286	0.00262	0.04746	0.00411	0.00251	0.00518
61	0.00910	0.13334	0.07453	0.04103	0.01076	0.04551	0.00671	0.07808	0.05094	0.01446	0.18378	0.03604	0.08679	0.01705	0.00464	0.00124	0.03053	0.02334	0.00318	0.14894

[dist]
# distance from previous block
# <min> <max>
1	7

[block]
# block no. 2 follows, 62 sequences, length 29
# corresponding to MSA columns:
# 354-382
name=unknown_C
#
# <colnr> <probs for GDERKNQSTAVLIFYWHMCP>
#	G	D	E	R	K	N	Q	S	T	A	V	L	I	F	Y	W	H	M	C	P
0	0.02064	0.00537	0.00605	0.00577	0.00731	0.00507	0.00438	0.06766	0.05727	0.08580	0.08566	0.19586	0.39546	0.00987	0.00493	0.00148	0.00266	0.03023	0.00414	0.00439
1	0.00879	0.00721	0.04750	0.02347	0.05607	0.03464	0.01614	0.05272	0.06636	0.07954	0.12226	0.11921	0.09152	0.09843	0.06070	0.06447	0.02771	0.01530	0.00341	0.00457
2	0.00625	0.00486	0.00764	0.00733	0.00824	0.00556	0.04075	0.00786	0.00698	0.01004	0.01127	0.01648	0.01045	0.03066	0.79704	0.00660	0.01121	0.00458	0.00227	0.00388
3	0.01167	0.00947	0.01015	0.00877	0.01131	0.01074	0.00697	0.22364	0.54394	0.01988	0.05119	0.01641	0.01317	0.00597	0.00440	0.00142	0.00367	0.03629	0.00431	0.00663
4	0.88052	0.00823	0.00625	0.00560	0.00823	0.00955	0.00461	0.01251	0.00724	0.01909	0.00592	0.00691	0.00461	0.00395	0.00263	0.00132	0.00329	0.00230	0.00263	0.00461
5	0.00711	0.00581	0.00686	0.00584	0.00807	0.00466	0.00435	0.00847	0.00866	0.01246	0.02954	0.25461	0.11965	0.05011	0.00502	0.00124	0.00286	0.00637	0.00315	0.45517
6	0.01582	0.01168	0.01239	0.02330	0.01316	0.03456	0.00795	0.71192	0.03993	0.05249	0.01056	0.01057	0.00750	0.00509	0.00422	0.00127	0.00465	0.00384	0.02204	0.00705
7	0.00699	0.00393	0.00558	0.00575	0.00593	0.00391	0.00391	0.02190	0.00658	0.00877	0.01197	0.19283	0.02622	0.02928	0.03662	0.60201	0.00365	0.01930	0.00244	0.00243
8	0.01110	0.08873	0.25782	0.04983	0.09977	0.02059	0.16308	0.07587	0.08785	0.08976	0.00966	0.01078	0.00710	0.00427	0.00420	0.00132	0.00552	0.00383	0.00266	0.00627
9	0.01016	0.00897	0.00914	0.00827	0.01052	0.04228	0.00641	0.02043	0.68262	0.01710	0.07401	0.01809	0.06088	0.00621	0.00440	0.00142	0.00337	0.00517	0.00425	0.00630
10	0.00627	0.00422	0.00505	0.00529	0.00565	0.00410	0.00336	0.00703	0.02966	0.03428	0.04409	0.31567	0.06408	0.43652	0.01355	0.00289	0.00334	0.00836	0.00333	0.00324
11	0.00972	0.00904	0.01489	0.14219	0.48446	0.00946	0.04801	0.04415	0.04182	0.01361	0.00994	0.04586	0.01848	0.01659	0.04836	0.00167	0.01598	0.01742	0.00239	0.00596
12	0.18193	0.14639	0.30886	0.00993	0.01413	0.06835	0.07073	0.02986	0.02952	0.06453	0.00817	0.00966	0.00627	0.00429	0.00380	0.00128	0.01522	0.01899	0.00239	0.00571
13	0.01589	0.02028	0.01206	0.01096	0.01315	0.83338	0.00822	0.01699	0.01206	0.01041	0.00658	0.00767	0.00548	0.00438	0.00384	0.00110	0.00767	0.00274	0.00219	0.00493
14	0.00549	0.00398	0.00520	0.00608	0.00646	0.00380	0.00419	0.00665	0.03244	0.01115	0.02337	0.72445	0.04463	0.03530	0.00586	0.00179	0.00264	0.06904	0.00392	0.00357
15	0.00610	0.00419	0.00574	0.00603	0.00642	0.00441	0.00427	0.00673	0.00702	0.00961	0.01484	0.20712	0.01623	0.21986	0.30957	0.10248	0.00632	0.05705	0.00278	0.00322
16	0.00882	0.00756	0.00882	0.00630	0.01008	0.00567	0.00504	0.01071	0.00882	0.01387	0.00756	0.00882	0.00630	0.00315	0.00315	0.00063	0.00315	0.00252	0.00252	0.87647
17	0.01001	0.01027	0.01481	0.06894	0.13869	0.07054	0.10302	0.02509	0.00827	0.01161	0.00710	0.01094	0.00646	0.00609	0.00965	0.00163	0.46216	0.02752	0.00206	0.00515
18	0.00603	0.00406	0.00469	0.00484	0.00488	0.00402	0.00279	0.00615	0.00650	0.00866	0.01498	0.15662	0.01746	0.71897	0.01911	0.00375	0.00386	0.00712	0.00279	0.00272
19	0.01058	0.00914	0.00962	0.00866	0.01106	0.01058	0.00673	0.02261	0.81623	0.01780	0.01732	0.01588	0.01299	0.00577	0.00433	0.00144	0.00337	0.00481	0.00433	0.00673
20	0.01192	0.02323	0.05022	0.05413	0.46617	0.01082	0.04222	0.20067	0.04435	0.04122	0.00912	0.01074	0.00709	0.00424	0.00423	0.00129	0.00501	0.00385	0.00277	0.00671
21	0.77327	0.00832	0.00715	0.03153	0.02256	0.00982	0.00532	0.01229	0.00726	0.01808	0.00598	0.00729	0.00475	0.00422	0.00357	0.00136	0.06753	0.00248	0.00254	0.00465
22	0.01884	0.00730	0.00987	0.00760	0.01087	0.00638	0.00627	0.02079	0.03589	0.80300	0.01680	0.01452	0.01061	0.00528	0.00428	0.00132	0.00361	0.00429	0.00524	0.00723
23	0.01821	0.00705	0.00959	0.00742	0.01056	0.00610	0.00610	0.01988	0.01217	0.77226	0.07106	0.01565	0.01253	0.00550	0.00433	0.00132	0.00351	0.00451	0.00523	0.00702
24	0.88052	0.00823	0.00625	0.00560	0.00823	0.00955	0.00461	0.01251	0.00724	0.01909	0.00592	0.00691	0.00461	0.00395	0.00263	0.00132	0.00329	0.00230	0.00263	0.00461
25	0.01618	0.01192	0.01277	0.00979	0.01320	0.01320	0.00809	0.80973	0.02001	0.02682	0.01022	0.01022	0.00724	0.00511	0.00426	0.00128	0.00468	0.00383	0.00426	0.00724
26	0.00678	0.06280	0.06081	0.00788	0.00956	0.00596	0.11270	0.00866	0.00980	0.01338	0.27225	0.32716	0.03801	0.00923	0.00499	0.00149	0.00338	0.03722	0.00366	0.00427
27	0.00649	0.00519	0.00783	0.05560	0.02542	0.00501	0.07938	0.02535	0.00909	0.02506	0.03752	0.49866	0.12119	0.01089	0.00523	0.00163	0.00327	0.06950	0.00367	0.00401
28	0.02402	0.07481	0.02850	0.01715	0.42008	0.00961	0.03666	0.06840	0.01025	0.06175	0.00861	0.01059	0.00700	0.00394	0.00390	0.00112	0.00455	0.01503	0.00254	0.19150

[dist]
# distance from previous block
# <min> <max>
1	3

[block]
# block no. 3 follows, 62 sequences, length 123
# corresponding to MSA columns:
# 387-509
name=unknown_D
#
# <colnr> <probs for GDERKNQSTAVLIFYWHMCP>
#	G	D	E	R	K	N	Q	S	T	A	V	L	I	F	Y	W	H	M	C	P
0	0.00935	0.00869	0.01415	0.15974	0.46393	0.00878	0.02752	0.01188	0.01962	0.01335	0.04749	0.01364	0.01912	0.02004	0.01503	0.00137	0.00481	0.03156	0.00237	0.10755
1	0.00853	0.02201	0.82841	0.01213	0.01842	0.00988	0.01572	0.01348	0.00898	0.01348	0.00764	0.00898	0.00539	0.00404	0.00404	0.00135	0.00629	0.00314	0.00180	0.00629
2	0.01176	0.01129	0.01018	0.00912	0.01152	0.16277	0.00706	0.04835	0.64049	0.01674	0.01509	0.01417	0.01141	0.00549	0.00424	0.00137	0.00421	0.00439	0.00393	0.00642
3	0.00615	0.00411	0.00467	0.00470	0.00473	0.00410	0.00266	0.00621	0.00637	0.00851	0.02836	0.05835	0.01639	0.80420	0.02075	0.00399	0.00403	0.00643	0.00267	0.00264
4	0.01324	0.01514	0.01348	0.14201	0.07113	0.44477	0.08523	0.06718	0.06558	0.01270	0.00813	0.00969	0.00642	0.00440	0.00408	0.00122	0.00654	0.00343	0.02027	0.00535
5	0.01266	0.55358	0.01867	0.00843	0.01160	0.18127	0.00760	0.08999	0.03169	0.01191	0.00675	0.00764	0.00584	0.00412	0.00352	0.00103	0.03334	0.00263	0.00220	0.00553
6	0.00530	0.00384	0.00504	0.00594	0.00633	0.00357	0.00410	0.00617	0.00843	0.01114	0.03794	0.72645	0.07979	0.01298	0.00543	0.00172	0.00254	0.06582	0.00396	0.00351
7	0.00619	0.00413	0.00464	0.00464	0.00464	0.00413	0.00258	0.00619	0.00619	0.00825	0.01341	0.02785	0.01547	0.85046	0.02166	0.00413	0.00413	0.00619	0.00258	0.00258
8	0.84941	0.00819	0.00638	0.00567	0.00832	0.00943	0.00467	0.01280	0.00742	0.04826	0.00632	0.00719	0.00482	0.00400	0.00269	0.00132	0.00330	0.00238	0.00273	0.00470
9	0.00526	0.00432	0.00463	0.00455	0.00589	0.00369	0.00342	0.00656	0.01025	0.01279	0.22483	0.03881	0.63966	0.01029	0.00503	0.00141	0.00212	0.00868	0.00412	0.00369
10	0.00617	0.00414	0.00473	0.00481	0.00485	0.00413	0.00279	0.00627	0.00640	0.00852	0.01415	0.06238	0.01631	0.78605	0.02043	0.00395	0.00405	0.03455	0.00268	0.00266
11	0.00619	0.00413	0.00468	0.00468	0.00469	0.00414	0.00262	0.00621	0.00620	0.00828	0.01337	0.02767	0.01539	0.83732	0.03469	0.00417	0.00424	0.00616	0.00257	0.00260
12	0.00882	0.00756	0.00882	0.00630	0.01008	0.00567	0.00504	0.01071	0.00882	0.01387	0.00756	0.00882	0.00630	0.00315	0.00315	0.00063	0.00315	0.00252	0.00252	0.87647
13	0.01888	0.00758	0.01008	0.00773	0.01103	0.00675	0.00638	0.07705	0.01274	0.76977	0.01632	0.01418	0.01030	0.00526	0.00428	0.00131	0.00370	0.00425	0.00519	0.00724
14	0.01076	0.00910	0.00963	0.00864	0.01106	0.01050	0.00673	0.02257	0.79986	0.03427	0.01731	0.01585	0.01294	0.00576	0.00433	0.00144	0.00337	0.00480	0.00435	0.00675
15	0.01862	0.00723	0.00973	0.00749	0.01070	0.00632	0.00618	0.03777	0.01223	0.77991	0.01654	0.01444	0.01047	0.00525	0.00423	0.00130	0.00358	0.00426	0.03662	0.00712
16	0.88052	0.00823	0.00625	0.00560	0.00823	0.00955	0.00461	0.01251	0.00724	0.01909	0.00592	0.00691	0.00461	0.00395	0.00263	0.00132	0.00329	0.00230	0.00263	0.00461
17	0.00503	0.00431	0.00431	0.00431	0.00575	0.00359	0.00323	0.00611	0.00970	0.01149	0.04310	0.04095	0.82219	0.01078	0.00503	0.00144	0.00216	0.00898	0.00395	0.00359
18	0.00610	0.00410	0.00471	0.00479	0.00483	0.00410	0.00275	0.00620	0.00636	0.00850	0.01417	0.09370	0.01638	0.76489	0.03828	0.00399	0.00415	0.00663	0.00268	0.00268
19	0.01909	0.00724	0.00987	0.00757	0.01086	0.00625	0.00625	0.02074	0.01218	0.82687	0.01679	0.01448	0.01053	0.00527	0.00428	0.00132	0.00362	0.00428	0.00527	0.00724
20	0.88052	0.00823	0.00625	0.00560	0.00823	0.00955	0.00461	0.01251	0.00724	0.01909	0.00592	0.00691	0.00461	0.00395	0.00263	0.00132	0.00329	0.00230	0.00263	0.00461
21	0.01891	0.00753	0.01005	0.00771	0.01101	0.00668	0.00637	0.06944	0.01266	0.77748	0.01638	0.01422	0.01033	0.00526	0.00428	0.00131	0.00369	0.00425	0.00520	0.00724
22	0.38256	0.01035	0.01001	0.00801	0.01109	0.01165	0.00661	0.47180	0.01460	0.02354	0.00840	0.00882	0.00612	0.00462	0.00357	0.00129	0.00409	0.00318	0.00357	0.00612
23	0.00686	0.00490	0.00686	0.00784	0.00882	0.00490	0.00686	0.00882	0.00980	0.01273	0.02253	0.04800	0.02449	0.01175	0.00588	0.00196	0.00392	0.79528	0.00392	0.00392
24	0.01618	0.01192	0.01277	0.00979	0.01320	0.01320	0.00809	0.80973	0.02001	0.02682	0.01022	0.01022	0.00724	0.00511	0.00426	0.00128	0.00468	0.00383	0.00426	0.00724
25	0.51413	0.00979	0.00902	0.00737	0.01033	0.01109	0.00608	0.35044	0.01265	0.02237	0.00774	0.00831	0.00572	0.00444	0.00332	0.00130	0.00388	0.00295	0.00332	0.00572
26	0.00979	0.30527	0.50789	0.01057	0.01582	0.01221	0.03928	0.01339	0.00897	0.03026	0.00728	0.00845	0.00556	0.00392	0.00363	0.00120	0.00567	0.00294	0.00189	0.00601
27	0.00518	0.00370	0.00494	0.00592	0.00617	0.00346	0.00395	0.00592	0.00815	0.01086	0.02345	0.84768	0.02814	0.01333	0.00543	0.00173	0.00247	0.01210	0.00395	0.00346
28	0.00987	0.00875	0.01469	0.43822	0.32819	0.00968	0.03638	0.03509	0.00953	0.05677	0.00834	0.01118	0.00641	0.00414	0.00426	0.00135	0.00535	0.00385	0.00223	0.00573
29	0.01154	0.05869	0.02561	0.09029	0.42355	0.14650	0.02111	0.06023	0.09508	0.01399	0.00872	0.01046	0.00703	0.00420	0.00409	0.00125	0.00536	0.00365	0.00244	0.00620
30	0.00882	0.00756	0.00882	0.00630	0.01008	0.00567	0.00504	0.01071	0.00882	0.01387	0.00756	0.00882	0.00630	0.00315	0.00315	0.00063	0.00315	0.00252	0.00252	0.87647
31	0.03901	0.01182	0.01260	0.00968	0.01306	0.01310	0.00800	0.78867	0.01967	0.02661	0.01010	0.01013	0.00717	0.00508	0.00421	0.00128	0.00465	0.00379	0.00421	0.00717
32	0.01011	0.00951	0.01533	0.17197	0.56104	0.02220	0.01190	0.04152	0.03922	0.01367	0.00852	0.01118	0.00700	0.00562	0.05181	0.00162	0.00550	0.00386	0.00224	0.00619
33	0.01600	0.01167	0.01256	0.00967	0.01301	0.01287	0.00797	0.77900	0.01962	0.04096	0.01061	0.02745	0.00772	0.00528	0.00428	0.00129	0.00462	0.00401	0.00427	0.00716
