[name]
unknown

[dist]
# distance from previous block
# <min> <max>
0	132

[block]
# block no. 0 follows, 52 sequences, length 10
# corresponding to MSA columns:
# 153-162
name=unknown_A
#
# <colnr> <probs for GDERKNQSTAVLIFYWHMCP>
#	G	D	E	R	K	N	Q	S	T	A	V	L	I	F	Y	W	H	M	C	P
0	0.00928	0.00658	0.00828	0.00759	0.00905	0.01998	0.03551	0.08331	0.03421	0.06616	0.24538	0.20203	0.05507	0.11265	0.02884	0.00219	0.00384	0.03330	0.03180	0.00496
1	0.00655	0.00458	0.00594	0.00661	0.00728	0.00424	0.00465	0.00774	0.01030	0.03246	0.14839	0.54761	0.10349	0.03400	0.00653	0.00194	0.00287	0.05604	0.00462	0.00416
2	0.00958	0.00893	0.01543	0.62344	0.12366	0.01051	0.05767	0.01247	0.00973	0.01272	0.00873	0.01294	0.00679	0.00552	0.00581	0.05764	0.00633	0.00438	0.00220	0.00551
3	0.00866	0.06936	0.06168	0.08930	0.03979	0.00782	0.00742	0.04132	0.08659	0.03094	0.04572	0.40630	0.06502	0.01053	0.00543	0.00172	0.00393	0.00928	0.00396	0.00524
4	0.00624	0.00461	0.00553	0.00591	0.00660	0.00427	0.00401	0.00721	0.00976	0.01276	0.12407	0.34186	0.22582	0.18662	0.03017	0.00255	0.00331	0.01062	0.00422	0.00385
5	0.00682	0.00528	0.00606	0.00601	0.00734	0.00494	0.00445	0.00948	0.07947	0.01594	0.29290	0.16340	0.32219	0.01117	0.00563	0.00163	0.00257	0.00965	0.04052	0.00456
6	0.01113	0.07201	0.43656	0.01270	0.01806	0.01159	0.09401	0.14025	0.01274	0.01795	0.09391	0.03497	0.01153	0.00557	0.00482	0.00151	0.00620	0.00469	0.00297	0.00685
7	0.01193	0.01259	0.11419	0.10505	0.36106	0.02592	0.06515	0.01672	0.12423	0.06629	0.04081	0.01397	0.01005	0.00505	0.00489	0.00152	0.00571	0.00467	0.00304	0.00717
8	0.01242	0.00979	0.03017	0.02412	0.01187	0.05016	0.00743	0.13374	0.21659	0.10312	0.11702	0.08286	0.06000	0.01927	0.00600	0.00166	0.04844	0.03142	0.02752	0.00640
9	0.02491	0.00810	0.00786	0.00722	0.00897	0.09951	0.00538	0.07645	0.01208	0.08894	0.11466	0.16315	0.14805	0.08431	0.00686	0.00180	0.00387	0.00756	0.09463	0.03570

[dist]
# distance from previous block
# <min> <max>
2	14

[block]
# block no. 1 follows, 52 sequences, length 15
# corresponding to MSA columns:
# 177-183,186-193
name=unknown_B
#
# <colnr> <probs for GDERKNQSTAVLIFYWHMCP>
#	G	D	E	R	K	N	Q	S	T	A	V	L	I	F	Y	W	H	M	C	P
0	0.00690	0.00494	0.00598	0.00617	0.00687	0.00465	0.00420	0.00779	0.00906	0.01222	0.07377	0.24565	0.09277	0.33147	0.02992	0.00302	0.00387	0.07442	0.01830	0.05804
1	0.01147	0.01093	0.01835	0.17592	0.62425	0.01140	0.01431	0.01486	0.04285	0.01537	0.00946	0.01242	0.00774	0.00451	0.00481	0.00148	0.00581	0.00436	0.00246	0.00725
2	0.04488	0.00747	0.00895	0.03387	0.01045	0.03205	0.02691	0.08302	0.04987	0.06061	0.07690	0.13805	0.08097	0.10535	0.15338	0.00302	0.00570	0.00689	0.00381	0.06783
3	0.01183	0.01119	0.01879	0.13677	0.66726	0.01154	0.01448	0.04154	0.01126	0.01588	0.00914	0.01211	0.00753	0.00444	0.00481	0.00146	0.00584	0.00432	0.00245	0.00738
4	0.03607	0.03917	0.03424	0.01160	0.01371	0.01219	0.11409	0.06866	0.20846	0.01600	0.01363	0.05729	0.03535	0.06024	0.00960	0.00196	0.25282	0.00550	0.00334	0.00609
5	0.00718	0.00491	0.00645	0.00669	0.00758	0.00486	0.00493	0.00861	0.00991	0.04091	0.13446	0.25582	0.11138	0.07966	0.20060	0.00343	0.00541	0.05891	0.04401	0.00427
6	0.01100	0.03040	0.02767	0.10158	0.22879	0.11250	0.08592	0.03435	0.03790	0.01440	0.01423	0.15440	0.03712	0.00806	0.02903	0.00178	0.02636	0.03548	0.00303	0.00600
7	0.04512	0.08220	0.06675	0.00900	0.01147	0.00930	0.05508	0.14016	0.05508	0.07563	0.02623	0.20481	0.01616	0.15693	0.02256	0.00227	0.00478	0.00701	0.00382	0.00566
8	0.00666	0.00504	0.00603	0.00649	0.00730	0.00490	0.00453	0.00864	0.07041	0.01346	0.07120	0.45818	0.19098	0.07425	0.00743	0.00203	0.01701	0.01116	0.03005	0.00426
9	0.00701	0.00506	0.00600	0.00619	0.00723	0.00475	0.00443	0.03267	0.02872	0.01525	0.18660	0.34619	0.18408	0.03639	0.00616	0.00176	0.00275	0.01025	0.09062	0.01789
10	0.04223	0.06105	0.06273	0.02862	0.01294	0.13168	0.00830	0.14746	0.10024	0.09047	0.07387	0.05738	0.01412	0.05474	0.02670	0.00187	0.03682	0.03865	0.00387	0.00624
11	0.10544	0.01039	0.03559	0.03098	0.01212	0.07750	0.00739	0.15846	0.10416	0.12139	0.07800	0.05898	0.07520	0.02769	0.03344	0.00186	0.00483	0.04606	0.00429	0.00624
12	0.00665	0.00504	0.00583	0.00614	0.00727	0.00467	0.00446	0.02973	0.03221	0.01430	0.09579	0.34361	0.33414	0.01258	0.00578	0.00175	0.00276	0.03694	0.04605	0.00432
13	0.00984	0.00833	0.01130	0.06467	0.10150	0.00785	0.03922	0.06392	0.05475	0.01619	0.05339	0.07918	0.06438	0.03297	0.00553	0.00150	0.00430	0.10190	0.00354	0.27573
14	0.01347	0.16679	0.28259	0.01168	0.02834	0.09037	0.03005	0.16157	0.02598	0.06741	0.03080	0.01236	0.03355	0.00534	0.00466	0.00141	0.01958	0.00404	0.00310	0.00692

[dist]
# distance from previous block
# <min> <max>
5	30

[block]
# block no. 2 follows, 52 sequences, length 51
# corresponding to MSA columns:
# 225-275
name=unknown_C
#
# <colnr> <probs for GDERKNQSTAVLIFYWHMCP>
#	G	D	E	R	K	N	Q	S	T	A	V	L	I	F	Y	W	H	M	C	P
0	0.13945	0.15585	0.02794	0.05411	0.09960	0.08904	0.06449	0.10651	0.01199	0.04307	0.02499	0.05584	0.04650	0.02215	0.00482	0.00150	0.00532	0.02544	0.00317	0.01821
1	0.01250	0.06676	0.21801	0.05634	0.11242	0.04017	0.07172	0.13688	0.02564	0.07289	0.04827	0.03842	0.04037	0.00583	0.00519	0.00151	0.03216	0.00486	0.00324	0.00683
2	0.00709	0.00613	0.00815	0.00769	0.00918	0.02410	0.07608	0.00880	0.03041	0.01346	0.04998	0.41263	0.25146	0.01200	0.00576	0.00173	0.00340	0.01073	0.00420	0.05703
3	0.00702	0.00495	0.00613	0.00637	0.00731	0.00454	0.00448	0.02047	0.01057	0.03869	0.16801	0.40063	0.15494	0.09350	0.00772	0.00204	0.00298	0.02332	0.00450	0.03183
4	0.06838	0.06665	0.23287	0.02848	0.05684	0.01066	0.03849	0.04964	0.07226	0.07697	0.04832	0.07390	0.01180	0.00631	0.00549	0.00154	0.06431	0.02344	0.00325	0.06042
5	0.06318	0.05566	0.01141	0.00788	0.01192	0.00878	0.00645	0.13588	0.01212	0.05486	0.00975	0.02778	0.00793	0.00439	0.00384	0.00096	0.00397	0.00340	0.00333	0.56648
6	0.00803	0.00534	0.00621	0.00607	0.00739	0.00518	0.00461	0.02244	0.06250	0.03036	0.28906	0.10223	0.13561	0.00938	0.00509	0.00152	0.00265	0.05050	0.24110	0.00475
7	0.01727	0.01027	0.03034	0.00939	0.01275	0.01007	0.00778	0.34526	0.01708	0.31414	0.06067	0.08809	0.04023	0.00713	0.00505	0.00153	0.00444	0.00581	0.00519	0.00749
8	0.00930	0.02809	0.02828	0.00881	0.01082	0.05804	0.07771	0.05813	0.07285	0.03123	0.14458	0.23329	0.12441	0.02709	0.04239	0.00197	0.00449	0.00841	0.00413	0.02598
9	0.01374	0.22771	0.01742	0.01129	0.01382	0.24201	0.04014	0.05382	0.01100	0.01309	0.00736	0.00944	0.00649	0.00566	0.00735	0.00143	0.23872	0.00345	0.00243	0.07363
10	0.00690	0.00491	0.00588	0.00624	0.00676	0.00475	0.00413	0.03929	0.00942	0.01242	0.05016	0.37518	0.10896	0.30835	0.01275	0.00289	0.00358	0.02965	0.00398	0.00381
11	0.03989	0.00992	0.01101	0.00923	0.01202	0.01064	0.00732	0.32950	0.15903	0.12095	0.03784	0.12012	0.04698	0.04184	0.00589	0.00172	0.00430	0.02002	0.00482	0.00695
12	0.01075	0.00819	0.01292	0.04776	0.22340	0.00825	0.07268	0.04424	0.01065	0.09259	0.03624	0.04422	0.04602	0.11291	0.14323	0.01673	0.00638	0.02067	0.03637	0.00579
13	0.08305	0.00807	0.00893	0.00755	0.01026	0.00809	0.00603	0.11863	0.12352	0.22958	0.04279	0.02387	0.21813	0.00764	0.00484	0.00152	0.00357	0.00617	0.08136	0.00641
14	0.00612	0.00449	0.00572	0.00658	0.00711	0.00420	0.00450	0.00733	0.02506	0.01290	0.06398	0.64982	0.11847	0.03558	0.00658	0.00198	0.00285	0.02819	0.00450	0.00404
15	0.01226	0.04724	0.09622	0.02954	0.03305	0.12897	0.05213	0.11227	0.03446	0.07402	0.03390	0.19114	0.03110	0.00875	0.03142	0.00178	0.04241	0.00647	0.02689	0.00598
16	0.03022	0.00990	0.01146	0.05684	0.03349	0.04505	0.00787	0.21873	0.07537	0.22417	0.04476	0.05323	0.04448	0.04166	0.02206	0.00181	0.02921	0.02398	0.01889	0.00682
17	0.00626	0.00470	0.00566	0.00623	0.00701	0.00432	0.00430	0.02617	0.01018	0.01316	0.06357	0.51144	0.24742	0.05724	0.00699	0.00199	0.00285	0.01198	0.00446	0.00406
18	0.00721	0.00543	0.00632	0.00640	0.00761	0.00519	0.00466	0.04804	0.05879	0.01570	0.18970	0.31474	0.24841	0.01183	0.00568	0.00170	0.00277	0.01032	0.04492	0.00458
19	0.08296	0.05463	0.19201	0.07155	0.10133	0.11194	0.04793	0.15213	0.01289	0.05444	0.01022	0.04285	0.00817	0.00623	0.02869	0.00166	0.00637	0.00428	0.00304	0.00670
20	0.01357	0.03185	0.05379	0.01083	0.02747	0.07111	0.07446	0.31164	0.03174	0.04220	0.02962	0.11906	0.05530	0.00718	0.00522	0.00152	0.02529	0.00596	0.07563	0.00654
21	0.10396	0.17605	0.15330	0.02158	0.03046	0.06390	0.11125	0.05147	0.01075	0.03578	0.00874	0.01056	0.00698	0.00600	0.03826	0.00162	0.05195	0.00367	0.01663	0.09709
22	0.00859	0.02293	0.02485	0.00763	0.02462	0.00643	0.02137	0.03039	0.05735	0.03575	0.06514	0.11719	0.11072	0.14703	0.11872	0.00286	0.00502	0.02811	0.05618	0.10911
23	0.00715	0.00501	0.00599	0.00583	0.00608	0.00513	0.00367	0.00770	0.00840	0.01153	0.16917	0.03135	0.02254	0.61019	0.04407	0.00406	0.03816	0.00721	0.00337	0.00340
24	0.03939	0.01124	0.04795	0.16236	0.26742	0.03810	0.15592	0.03030	0.03099	0.01516	0.03034	0.03538	0.05328	0.02800	0.00591	0.00165	0.03234	0.00522	0.00274	0.00632
25	0.00964	0.12559	0.14782	0.00903	0.01159	0.06918	0.00820	0.04311	0.07123	0.01414	0.01795	0.33756	0.04130	0.02567	0.00570	0.00169	0.02320	0.00796	0.02400	0.00543
26	0.01179	0.01173	0.01684	0.07818	0.35622	0.06353	0.01255	0.03493	0.00998	0.01406	0.00794	0.01128	0.00698	0.00612	0.00924	0.00171	0.33392	0.00421	0.00234	0.00644
27	0.00700	0.00484	0.00615	0.00690	0.03218	0.00464	0.00434	0.00773	0.00887	0.03367	0.04485	0.38448	0.08249	0.30789	0.03912	0.00307	0.00391	0.01011	0.00387	0.00386
28	0.05553	0.08973	0.13671	0.01057	0.01416	0.12205	0.02523	0.15326	0.16897	0.02825	0.04295	0.03725	0.01163	0.00687	0.02524	0.00164	0.00567	0.03577	0.00362	0.02489
29	0.04007	0.05578	0.05887	0.04624	0.03664	0.03438	0.01876	0.10402	0.01222	0.05412	0.11281	0.10066	0.06161	0.00796	0.03073	0.00157	0.00455	0.01741	0.02112	0.18047
30	0.05940	0.08263	0.21380	0.01527	0.14631	0.02926	0.07500	0.04021	0.02505	0.03416	0.00908	0.02860	0.00762	0.01912	0.00747	0.00167	0.19205	0.00425	0.00253	0.00649
31	0.01214	0.13487	0.10401	0.04628	0.04938	0.03313	0.26709	0.08732	0.06500	0.03618	0.01080	0.03907	0.00889	0.03944	0.00622	0.00166	0.04415	0.00493	0.00290	0.00652
32	0.00817	0.00430	0.00642	0.00647	0.00656	0.00437	0.00439	0.00655	0.00657	0.00884	0.00960	0.04884	0.00974	0.01857	0.09177	0.74453	0.00496	0.00470	0.00225	0.00239
33	0.02973	0.06470	0.01042	0.05438	0.05868	0.02897	0.02633	0.08179	0.06222	0.03769	0.13132	0.12160	0.19911	0.06385	0.00651	0.00178	0.00398	0.00755	0.00405	0.00535
34	0.03639	0.08803	0.04052	0.04947	0.07433	0.07405	0.04723	0.24281	0.16865	0.04987	0.01301	0.03231	0.02150	0.02148	0.00524	0.00154	0.01799	0.00469	0.00381	0.00706
35	0.00706	0.00531	0.00682	0.00701	0.00801	0.00512	0.02071	0.00901	0.05462	0.03553	0.12938	0.44441	0.18709	0.01271	0.00621	0.00181	0.02737	0.02277	0.00456	0.00448
36	0.00828	0.00563	0.00718	0.00700	0.00826	0.00566	0.00527	0.02894	0.05831	0.06736	0.21051	0.16649	0.10027	0.06066	0.18431	0.00319	0.00525	0.03616	0.02648	0.00479
37	0.01333	0.11724	0.17614	0.08895	0.09400	0.17789	0.02412	0.08197	0.04930	0.04212	0.00982	0.01137	0.01899	0.00527	0.00537	0.00146	0.06945	0.00389	0.00275	0.00656
38	0.01090	0.02858	0.01165	0.03911	0.19141	0.06180	0.02426	0.03175	0.06491	0.07372	0.01462	0.04691	0.03734	0.28569	0.05440	0.00291	0.00557	0.00581	0.00323	0.00545
39	0.03539	0.00614	0.00696	0.00695	0.00833	0.00624	0.00520	0.04338	0.12126	0.01570	0.09964	0.28201	0.23626	0.01132	0.00583	0.00173	0.02327	0.04037	0.03915	0.00487
40	0.01002	0.00666	0.00785	0.00771	0.02831	0.00680	0.00563	0.10887	0.09012	0.06206	0.11234	0.23250	0.04712	0.03202	0.00563	0.00167	0.00330	0.03608	0.18993	0.00538
41	0.05369	0.08401	0.15009	0.12098	0.18600	0.02263	0.01181	0.14555	0.04118	0.02839	0.00991	0.02509	0.00794	0.00656	0.03142	0.03043	0.03056	0.00418	0.00289	0.00669
42	0.01164	0.03071	0.00895	0.00765	0.00949	0.03880	0.00593	0.09993	0.01194	0.16051	0.05581	0.14661	0.09116	0.05736	0.12165	0.00261	0.02789	0.00687	0.09899	0.00550
43	0.00690	0.00492	0.00596	0.00642	0.00736	0.00452	0.00454	0.03261	0.01047	0.04039	0.05051	0.49207	0.24911	0.03509	0.00646	0.00191	0.00291	0.02904	0.00454	0.00427
44	0.01344	0.10738	0.11572	0.01150	0.06332	0.17032	0.01945	0.11036	0.04141	0.08047	0.05724	0.06446	0.04681	0.03629	0.00588	0.00158	0.03953	0.00509	0.00342	0.00630
45	0.01049	0.06192	0.06283	0.06921	0.08444	0.03157	0.05396	0.03369	0.03533	0.08411	0.05399	0.11100	0.11442	0.03592	0.04768	0.00202	0.05247	0.02627	0.02300	0.00569
46	0.00949	0.00873	0.03456	0.07536	0.01456	0.00892	0.14947	0.06984	0.03703	0.03509	0.03240	0.20424	0.11620	0.01119	0.07034	0.00223	0.10375	0.00767	0.00353	0.00541
47	0.00778	0.03983	0.00742	0.00710	0.00822	0.00598	0.00522	0.03569	0.08390	0.02923	0.05328	0.44227	0.11596	0.04886	0.00659	0.00194	0.00325	0.06766	0.02517	0.00466
48	0.07574	0.25039	0.06154	0.02450	0.14644	0.05687	0.04671	0.23345	0.01393	0.01882	0.00961	0.01080	0.02133	0.00490	0.00422	0.00134	0.00562	0.00378	0.00307	0.00695
49	0.02679	0.13623	0.09147	0.01020	0.04004	0.03717	0.06194	0.04312	0.07123	0.01515	0.11556	0.09093	0.11664	0.04183	0.00672	0.00169	0.07785	0.00635	0.00345	0.00564
50	0.06103	0.08928	0.04453	0.03846	0.07891	0.09499	0.02509	0.25678	0.03220	0.01939	0.01370	0.06865	0.05824	0.00665	0.00500	0.02373	0.00523	0.01847	0.02771	0.03196

[dist]
# distance from previous block
# <min> <max>
0	15

[block]
# block no. 3 follows, 52 sequences, length 18
# corresponding to MSA columns:
# 291-308
name=unknown_D
#
# <colnr> <probs for GDERKNQSTAVLIFYWHMCP>
#	G	D	E	R	K	N	Q	S	T	A	V	L	I	F	Y	W	H	M	C	P
0	0.01204	0.01155	0.01665	0.17722	0.44338	0.07023	0.01281	0.05836	0.05457	0.01590	0.01007	0.01336	0.00831	0.00490	0.00478	0.00146	0.00584	0.02591	0.00272	0.04994
1	0.01095	0.04749	0.00927	0.00813	0.00977	0.14297	0.00603	0.06478	0.06154	0.07745	0.06220	0.30192	0.08360	0.08287	0.00704	0.00190	0.00438	0.00841	0.00412	0.00516
2	0.00670	0.00515	0.00598	0.00608	0.00725	0.00483	0.00442	0.00897	0.06648	0.01494	0.22533	0.21367	0.30032	0.06187	0.00690	0.00187	0.00277	0.02912	0.02295	0.00438
3	0.01204	0.00930	0.01127	0.03366	0.01245	0.02487	0.05063	0.18660	0.16078	0.06742	0.09714	0.05342	0.09601	0.04471	0.02204	0.00186	0.05100	0.02711	0.03144	0.00624
4	0.01316	0.07854	0.26709	0.01257	0.04761	0.28709	0.02396	0.04510	0.04202	0.01434	0.00932	0.01124	0.00748	0.02249	0.05120	0.00181	0.01954	0.00372	0.03545	0.00626
5	0.00724	0.00524	0.00635	0.00678	0.00745	0.00519	0.00466	0.04750	0.05279	0.01316	0.02439	0.46877	0.08395	0.17787	0.01011	0.02659	0.00345	0.04021	0.00416	0.00414
6	0.00711	0.00479	0.00614	0.00658	0.00725	0.00462	0.00458	0.00814	0.02199	0.04405	0.03948	0.41066	0.11417	0.14081	0.08305	0.04480	0.00418	0.03954	0.00405	0.00402
7	0.09596	0.05901	0.10771	0.02706	0.05204	0.11193	0.05343	0.16429	0.08224	0.06468	0.03501	0.04488	0.01020	0.00582	0.00493	0.00148	0.03226	0.00456	0.03588	0.00664
8	0.03305	0.00764	0.00883	0.00761	0.01008	0.00755	0.00599	0.11001	0.12113	0.22416	0.09922	0.09111	0.19009	0.00851	0.00513	0.00156	0.00347	0.00711	0.05147	0.00627
9	0.00609	0.00438	0.00563	0.00642	0.00685	0.00408	0.00431	0.00703	0.00963	0.01284	0.10354	0.62229	0.08270	0.09053	0.00783	0.00216	0.00291	0.01242	0.00444	0.00392
10	0.01205	0.05825	0.01377	0.03795	0.05749	0.08403	0.09362	0.11502	0.03770	0.06701	0.05391	0.10438	0.04911	0.00966	0.07339	0.00208	0.07344	0.00594	0.04522	0.00595
11	0.01302	0.05419	0.05864	0.01011	0.04191	0.12227	0.00802	0.18182	0.06894	0.08215	0.05444	0.12309	0.07483	0.03110	0.05168	0.00196	0.00545	0.00618	0.00399	0.00622
12	0.00604	0.00432	0.00566	0.00667	0.00701	0.00405	0.00449	0.00689	0.00927	0.01228	0.02671	0.72077	0.05724	0.06692	0.00737	0.00214	0.00298	0.04088	0.00440	0.00390
13	0.00606	0.00456	0.00565	0.00626	0.00703	0.00418	0.00441	0.00720	0.01012	0.01317	0.10264	0.46928	0.24226	0.03167	0.03767	0.00213	0.00315	0.03404	0.00447	0.00405
14	0.13231	0.03291	0.04293	0.04346	0.06727	0.07135	0.17053	0.13161	0.04100	0.03928	0.05659	0.08758	0.03444	0.00633	0.00508	0.00156	0.02054	0.00555	0.00344	0.00624
15	0.05944	0.03407	0.03525	0.02287	0.03283	0.04275	0.02820	0.01151	0.01011	0.05047	0.01763	0.19175	0.05736	0.03070	0.02361	0.00174	0.03415	0.06722	0.14045	0.10790
16	0.05111	0.46352	0.07320	0.03012	0.01288	0.06271	0.00823	0.01373	0.01022	0.01321	0.03933	0.04259	0.03395	0.00509	0.00370	0.00115	0.00499	0.00369	0.00255	0.12404
17	0.04025	0.05086	0.01251	0.03806	0.03565	0.05963	0.03631	0.18066	0.26026	0.05177	0.03612	0.07208	0.01358	0.00674	0.00482	0.00154	0.00464	0.03036	0.05738	0.00678

[dist]
# distance from previous block
# <min> <max>
6	19

[block]
# block no. 4 follows, 52 sequences, length 12
# corresponding to MSA columns:
# 336-347
name=unknown_E
#
# <colnr> <probs for GDERKNQSTAVLIFYWHMCP>
#	G	D	E	R	K	N	Q	S	T	A	V	L	I	F	Y	W	H	M	C	P
0	0.05870	0.02342	0.05410	0.00874	0.01125	0.00872	0.03327	0.15210	0.04502	0.09382	0.05902	0.01825	0.05411	0.01616	0.26768	0.00353	0.00718	0.00518	0.07388	0.00589
1	0.02700	0.00949	0.06381	0.04833	0.10161	0.02365	0.01968	0.10048	0.06130	0.08147	0.07125	0.05471	0.02885	0.20502	0.02561	0.00242	0.01797	0.02194	0.00364	0.03176
2	0.04078	0.13242	0.08848	0.09266	0.09521	0.05358	0.03175	0.09470	0.08805	0.06422	0.01219	0.04767	0.03154	0.00569	0.00493	0.00143	0.03706	0.00453	0.00321	0.06990
3	0.00686	0.00496	0.00592	0.00630	0.00724	0.00461	0.00444	0.00848	0.04542	0.03821	0.08458	0.39040	0.24735	0.09236	0.00773	0.00209	0.00299	0.03134	0.00447	0.00425
4	0.00815	0.00655	0.00816	0.03230	0.00963	0.01958	0.02379	0.04448	0.05921	0.03157	0.12057	0.23538	0.20566	0.03509	0.06527	0.00226	0.05900	0.02436	0.00418	0.00480
5	0.08400	0.05568	0.14117	0.19232	0.07740	0.12392	0.01093	0.04740	0.04504	0.03485	0.03444	0.03030	0.00886	0.00577	0.00525	0.03750	0.01769	0.00415	0.00278	0.04056
6	0.00960	0.00737	0.00838	0.00750	0.00969	0.00728	0.00578	0.06939	0.19000	0.04589	0.15351	0.10423	0.16598	0.03919	0.00595	0.00165	0.00337	0.04087	0.00454	0.11985
7	0.00655	0.00509	0.00609	0.00637	0.00749	0.00464	0.00453	0.00843	0.05231	0.01400	0.11871	0.43456	0.23616	0.01263	0.00578	0.00174	0.00276	0.01114	0.00452	0.05649
8	0.00981	0.04596	0.06516	0.03248	0.05650	0.04335	0.00769	0.06380	0.08065	0.04018	0.11022	0.14603	0.13547	0.03223	0.03304	0.00193	0.04683	0.03922	0.00392	0.00552
9	0.03145	0.08877	0.04094	0.15675	0.33502	0.07561	0.02841	0.04093	0.01103	0.03438	0.02606	0.02492	0.00887	0.04776	0.00596	0.00162	0.02797	0.00441	0.00263	0.00649
10	0.00830	0.00610	0.00779	0.00756	0.00861	0.00674	0.00562	0.03284	0.10578	0.03462	0.01736	0.11456	0.04964	0.16689	0.35945	0.00489	0.03178	0.00669	0.02010	0.00469
11	0.00761	0.00513	0.00641	0.00663	0.00745	0.00502	0.00463	0.04337	0.00990	0.04953	0.04970	0.39299	0.10579	0.15614	0.10238	0.00300	0.00442	0.01001	0.02561	0.00426

[dist]
# distance from previous block
# <min> <max>
2	7

[block]
# block no. 5 follows, 52 sequences, length 26
# corresponding to MSA columns:
# 358-383
name=unknown_F
#
# <colnr> <probs for GDERKNQSTAVLIFYWHMCP>
#	G	D	E	R	K	N	Q	S	T	A	V	L	I	F	Y	W	H	M	C	P
0	0.05387	0.06230	0.10080	0.11209	0.31049	0.05645	0.08691	0.02934	0.07969	0.01566	0.00987	0.02253	0.00798	0.00490	0.00497	0.00150	0.02684	0.00435	0.00264	0.00682
1	0.04217	0.01107	0.05231	0.14652	0.40458	0.02265	0.01232	0.05351	0.06611	0.01601	0.01059	0.01439	0.00891	0.04091	0.03385	0.00185	0.00586	0.02386	0.00277	0.02977
2	0.01051	0.07224	0.65854	0.01317	0.01964	0.01129	0.04231	0.01546	0.01042	0.05872	0.00983	0.03916	0.00742	0.00501	0.00462	0.00152	0.00675	0.00402	0.00237	0.00703
3	0.01650	0.04511	0.01384	0.01141	0.01433	0.38010	0.00895	0.22932	0.14453	0.01846	0.01062	0.01116	0.00824	0.00555	0.00498	0.00138	0.03841	0.00387	0.00353	0.02971
4	0.09253	0.00967	0.03059	0.02454	0.01286	0.00956	0.04935	0.17388	0.10942	0.17173	0.07297	0.05508	0.04827	0.00777	0.03246	0.00173	0.00465	0.02377	0.00444	0.06472
5	0.01288	0.04180	0.01093	0.00984	0.03652	0.28929	0.00728	0.06056	0.11568	0.04044	0.09065	0.07918	0.12982	0.00754	0.00487	0.00145	0.00526	0.00600	0.04431	0.00571
6	0.01107	0.00865	0.00959	0.00877	0.01098	0.00958	0.00678	0.04446	0.46642	0.06276	0.07471	0.12158	0.07307	0.00834	0.00545	0.00167	0.02379	0.01940	0.02635	0.00661
7	0.00992	0.00937	0.04578	0.20559	0.19899	0.02847	0.01001	0.05137	0.04211	0.03545	0.11358	0.02280	0.18062	0.00750	0.01641	0.00163	0.00490	0.00613	0.00345	0.00591
8	0.02824	0.00827	0.02855	0.00847	0.02977	0.04895	0.00638	0.06543	0.14372	0.07286	0.08106	0.23230	0.13607	0.03055	0.03151	0.00193	0.00408	0.01994	0.00439	0.01752
9	0.00911	0.00628	0.00685	0.00657	0.00827	0.03647	0.00497	0.01119	0.05222	0.12647	0.11955	0.17463	0.35491	0.01094	0.00557	0.00166	0.00311	0.03340	0.02285	0.00498
10	0.00643	0.00458	0.00548	0.00598	0.00640	0.00435	0.00390	0.00706	0.00874	0.01138	0.02550	0.34775	0.14429	0.34342	0.01360	0.00303	0.00360	0.04706	0.00387	0.00358
11	0.03097	0.02760	0.12867	0.11512	0.22677	0.02530	0.19006	0.09300	0.02881	0.01661	0.01006	0.04089	0.00818	0.00510	0.00531	0.00156	0.03166	0.00481	0.00271	0.00680
12	0.00594	0.00454	0.00536	0.00594	0.00682	0.00404	0.00416	0.00704	0.01023	0.01314	0.07588	0.45815	0.33843	0.01356	0.00593	0.00180	0.00263	0.01192	0.02045	0.00404
13	0.00780	0.00562	0.00635	0.00612	0.00769	0.00521	0.00464	0.05132	0.03655	0.04913	0.18111	0.13450	0.38881	0.01102	0.00556	0.00163	0.00279	0.03365	0.05579	0.00472
14	0.01767	0.02097	0.01375	0.01280	0.04788	0.67051	0.00937	0.07812	0.01426	0.03725	0.00928	0.01029	0.02653	0.00524	0.00447	0.00129	0.00805	0.00350	0.00283	0.00595
15	0.01147	0.01093	0.01629	0.05361	0.28896	0.06150	0.11587	0.05068	0.06242	0.03057	0.02546	0.10202	0.04497	0.00676	0.00614	0.00162	0.07809	0.02307	0.00313	0.00645
16	0.00747	0.00532	0.00678	0.00722	0.00799	0.00537	0.00510	0.04224	0.06212	0.03090	0.05566	0.52729	0.02671	0.07150	0.09769	0.00274	0.00430	0.02483	0.00429	0.00448
17	0.00704	0.00523	0.00606	0.00610	0.00749	0.00476	0.00456	0.00911	0.05109	0.04545	0.18801	0.19304	0.39176	0.01189	0.00579	0.00170	0.00273	0.04893	0.00474	0.00452
18	0.00801	0.00572	0.00722	0.00692	0.00842	0.00535	0.02954	0.01058	0.08115	0.07692	0.17892	0.27478	0.26500	0.01144	0.00572	0.00171	0.00297	0.01003	0.00475	0.00486
19	0.01103	0.04594	0.02876	0.09955	0.30668	0.04993	0.05916	0.05847	0.05351	0.01631	0.12807	0.03344	0.05459	0.02710	0.00549	0.00157	0.00524	0.00553	0.00323	0.00640
20	0.06046	0.00745	0.00800	0.00786	0.00942	0.02803	0.00583	0.04015	0.25248	0.02963	0.04780	0.30715	0.05342	0.06050	0.00654	0.00192	0.00358	0.03779	0.02656	0.00544
21	0.01339	0.01118	0.01416	0.01164	0.01336	0.04670	0.05313	0.20287	0.02355	0.07232	0.00995	0.01278	0.00824	0.03669	0.03365	0.00205	0.37931	0.00451	0.04434	0.00620
22	0.00873	0.00651	0.00729	0.00733	0.00874	0.00693	0.00546	0.01428	0.27317	0.01625	0.02331	0.27027	0.07294	0.03456	0.00577	0.00177	0.00319	0.05671	0.17148	0.00532
23	0.00986	0.03122	0.13597	0.00947	0.01230	0.00878	0.05706	0.09833	0.11925	0.03163	0.12685	0.13302	0.10661	0.06192	0.00675	0.00183	0.01859	0.02073	0.00402	0.00581
24	0.02951	0.22539	0.04053	0.03120	0.11714	0.28389	0.03471	0.07474	0.01210	0.01407	0.00798	0.00977	0.00674	0.00568	0.02327	0.00148	0.06955	0.00348	0.00252	0.00625
25	0.00766	0.00534	0.00636	0.00609	0.00735	0.00507	0.00444	0.03082	0.01071	0.05961	0.16718	0.06295	0.30157	0.17014	0.13020	0.00312	0.00462	0.00825	0.00416	0.00435

[dist]
# distance from previous block
# <min> <max>
0	1

[block]
# block no. 6 follows, 52 sequences, length 12
# corresponding to MSA columns:
# 388-399
name=unknown_G
#
# <colnr> <probs for GDERKNQSTAVLIFYWHMCP>
#	G	D	E	R	K	N	Q	S	T	A	V	L	I	F	Y	W	H	M	C	P
0	0.06686	0.11882	0.05465	0.02201	0.01145	0.11802	0.03622	0.01373	0.05957	0.06942	0.03178	0.08075	0.01354	0.16726	0.07138	0.00258	0.00583	0.02884	0.02202	0.00527
1	0.08571	0.00722	0.00731	0.00672	0.00851	0.03123	0.00517	0.08276	0.11821	0.01945	0.18865	0.06237	0.05058	0.00735	0.00447	0.00141	0.00312	0.00605	0.29836	0.00535
2	0.00942	0.00875	0.00967	0.03654	0.01099	0.10453	0.03418	0.03848	0.03485	0.01387	0.04089	0.23825	0.10218	0.03067	0.06044	0.00214	0.10128	0.02440	0.03942	0.05905
3	0.01107	0.02619	0.11134	0.07736	0.23675	0.03704	0.10829	0.07971	0.04588	0.01604	0.02826	0.01595	0.03939	0.00956	0.11288	0.00237	0.00699	0.02551	0.00288	0.00652
4	0.00663	0.00451	0.00574	0.00647	0.00705	0.00418	0.00443	0.00764	0.00971	0.03662	0.06145	0.59632	0.10368	0.06567	0.00716	0.00205	0.00293	0.02705	0.03666	0.00408
5	0.00671	0.00543	0.00643	0.05740	0.00893	0.00517	0.00500	0.03338	0.01095	0.01377	0.09097	0.10278	0.47079	0.04026	0.08585	0.00238	0.00402	0.04127	0.00418	0.00433
6	0.04943	0.02642	0.17687	0.12569	0.22629	0.05621	0.05307	0.07373	0.01130	0.02609	0.01038	0.01277	0.03186	0.00669	0.04548	0.00184	0.05234	0.00431	0.00262	0.00660
7	0.01020	0.01029	0.14103	0.02447	0.04944	0.00821	0.00853	0.07202	0.06610	0.08333	0.08988	0.17282	0.10617	0.00956	0.03244	0.00183	0.05319	0.00717	0.02119	0.03212
8	0.24382	0.00849	0.00879	0.00775	0.01032	0.00917	0.00613	0.03995	0.24639	0.13329	0.14235	0.04355	0.04057	0.00685	0.00454	0.00155	0.00352	0.00548	0.03117	0.00629
9	0.00766	0.00533	0.00676	0.00691	0.00791	0.00521	0.00524	0.03095	0.04810	0.01416	0.16059	0.13462	0.15623	0.04100	0.00933	0.18069	0.00348	0.16766	0.00412	0.00407
10	0.03914	0.01085	0.01616	0.22911	0.28896	0.06121	0.07649	0.05103	0.03748	0.05636	0.01109	0.06446	0.00939	0.02109	0.00528	0.00160	0.00589	0.00502	0.00290	0.00650
11	0.06291	0.00686	0.00883	0.00816	0.00920	0.00782	0.01771	0.04885	0.00931	0.03368	0.03737	0.15219	0.05291	0.12661	0.19822	0.00357	0.15426	0.00674	0.03258	0.02221

[dist]
# distance from previous block
# <min> <max>
6	14

[block]
# block no. 7 follows, 52 sequences, length 18
# corresponding to MSA columns:
# 416-433
name=unknown_H
#
# <colnr> <probs for GDERKNQSTAVLIFYWHMCP>
#	G	D	E	R	K	N	Q	S	T	A	V	L	I	F	Y	W	H	M	C	P
0	0.03931	0.01444	0.01374	0.04344	0.01513	0.22314	0.05414	0.27619	0.11369	0.02006	0.01240	0.01397	0.03034	0.00598	0.00526	0.00148	0.04383	0.02660	0.02118	0.02567
1	0.05330	0.01266	0.01016	0.00959	0.02417	0.28925	0.00701	0.03597	0.12570	0.01444	0.09290	0.06900	0.03291	0.07574	0.03030	0.08049	0.02243	0.00542	0.00340	0.00517
2	0.02637	0.25051	0.31674	0.01177	0.03712	0.01341	0.05448	0.08537	0.04601	0.03815	0.00947	0.01115	0.00746	0.03551	0.00498	0.00148	0.00594	0.00372	0.00266	0.03772
3	0.12711	0.09618	0.05479	0.01212	0.11008	0.10460	0.00911	0.18312	0.05564	0.06932	0.01070	0.03682	0.00859	0.00625	0.02733	0.00157	0.01915	0.00408	0.00344	0.06000
4	0.00724	0.00563	0.00636	0.00666	0.00773	0.02592	0.00477	0.02608	0.05483	0.02835	0.10843	0.41054	0.23424	0.02937	0.00623	0.00184	0.00302	0.02374	0.00456	0.00446
5	0.01067	0.06715	0.06441	0.08142	0.09883	0.03222	0.30651	0.01359	0.01067	0.03733	0.01328	0.12424	0.03186	0.02263	0.00593	0.00167	0.02941	0.01674	0.02547	0.00599
6	0.03330	0.15967	0.13589	0.07808	0.04796	0.09975	0.00957	0.01389	0.04742	0.04789	0.02707	0.13435	0.03213	0.00956	0.07745	0.00207	0.02965	0.00551	0.00300	0.00580
7	0.01075	0.04997	0.42186	0.04082	0.02224	0.03832	0.29708	0.01533	0.01069	0.01497	0.00893	0.01122	0.00661	0.00451	0.00522	0.00156	0.02660	0.00435	0.00222	0.00675
8	0.00670	0.00470	0.00561	0.00597	0.00667	0.00434	0.00404	0.00754	0.00950	0.03364	0.06534	0.33573	0.21939	0.23491	0.01104	0.00260	0.00329	0.03098	0.00415	0.00387
9	0.01428	0.00975	0.03472	0.00888	0.01151	0.05547	0.00717	0.21004	0.05109	0.21089	0.05299	0.16597	0.05158	0.04268	0.00600	0.00172	0.00438	0.03204	0.02236	0.00648
10	0.00702	0.00541	0.00697	0.04488	0.03811	0.00528	0.00530	0.00868	0.02208	0.02714	0.13932	0.15538	0.27973	0.08524	0.13084	0.00288	0.00469	0.02262	0.00404	0.00440
11	0.00700	0.00487	0.00557	0.00559	0.00580	0.00491	0.00340	0.00728	0.00772	0.01031	0.01930	0.09342	0.09721	0.63444	0.02045	0.00399	0.03136	0.00773	0.02640	0.00325
12	0.03552	0.22297	0.01348	0.00881	0.01106	0.18834	0.00712	0.01386	0.05296	0.04886	0.01642	0.20849	0.06878	0.00914	0.03178	0.00170	0.03218	0.01978	0.00334	0.00541
13	0.00998	0.01074	0.00815	0.00787	0.00946	0.26705	0.00579	0.01126	0.01179	0.01318	0.11719	0.15442	0.29651	0.03147	0.02201	0.00175	0.00481	0.00811	0.00387	0.00460
14	0.00687	0.00501	0.00662	0.00689	0.00748	0.00490	0.02658	0.00801	0.02093	0.01210	0.05391	0.31130	0.06165	0.29651	0.04810	0.00315	0.00426	0.10802	0.00385	0.00384
15	0.06584	0.06638	0.02921	0.00879	0.01189	0.02903	0.01802	0.21654	0.05580	0.16263	0.01880	0.12426	0.10434	0.00748	0.00482	0.00149	0.00431	0.00610	0.00440	0.05988
16	0.07626	0.01174	0.01249	0.00979	0.01344	0.03534	0.00799	0.42627	0.08204	0.14756	0.01277	0.01254	0.00908	0.00555	0.00455	0.00139	0.00476	0.00422	0.02242	0.09982
17	0.06041	0.19608	0.22677	0.01137	0.06348	0.04437	0.01062	0.04368	0.15083	0.01597	0.04474	0.03300	0.02667	0.02907	0.00516	0.00154	0.02223	0.00441	0.00304	0.00654

[dist]
# distance from previous block
# <min> <max>
2	9

[block]
# block no. 8 follows, 52 sequences, length 9
# corresponding to MSA columns:
# 443-451
name=unknown_I
#
# <colnr> <probs for GDERKNQSTAVLIFYWHMCP>
#	G	D	E	R	K	N	Q	S	T	A	V	L	I	F	Y	W	H	M	C	P
0	0.01042	0.00840	0.01027	0.00858	0.05022	0.00699	0.00636	0.01332	0.06550	0.05338	0.01114	0.05180	0.00955	0.00688	0.06208	0.00143	0.00438	0.00393	0.00320	0.61217
1	0.00971	0.00869	0.01243	0.05405	0.24691	0.02649	0.02875	0.02538	0.07060	0.01477	0.03547	0.15881	0.06663	0.04648	0.04811	0.00202	0.04541	0.00663	0.02201	0.07067
2	0.05128	0.00778	0.03609	0.01011	0.07628	0.03420	0.02499	0.04586	0.04851	0.01539	0.06083	0.28788	0.08127	0.01103	0.00572	0.00183	0.00408	0.18765	0.00412	0.00509
3	0.00807	0.03763	0.03049	0.00923	0.04619	0.00687	0.09128	0.01068	0.05297	0.01489	0.16237	0.08406	0.22318	0.07809	0.00713	0.00188	0.00396	0.08507	0.00399	0.04196
4	0.37362	0.07323	0.02641	0.04060	0.06472	0.01154	0.10338	0.07719	0.03048	0.04545	0.00980	0.05134	0.00831	0.03345	0.00512	0.00163	0.03045	0.00424	0.00312	0.00594
5	0.02421	0.20039	0.07282	0.03768	0.01428	0.08636	0.05418	0.09597	0.07986	0.07893	0.06878	0.05090	0.01221	0.00600	0.00484	0.00140	0.02976	0.01858	0.00344	0.05942
6	0.18289	0.12985	0.20911	0.03181	0.04396	0.09776	0.02328	0.11542	0.01201	0.06438	0.00965	0.04221	0.00771	0.00521	0.00419	0.00143	0.00573	0.00387	0.00301	0.00652
7	0.04642	0.03376	0.15008	0.01113	0.04082	0.08282	0.08523	0.04512	0.02796	0.05732	0.07627	0.03517	0.07915	0.01887	0.04043	0.04953	0.04533	0.00519	0.00320	0.06622
8	0.01110	0.05433	0.06356	0.01019	0.05091	0.04414	0.04567	0.12824	0.06871	0.03988	0.03568	0.07750	0.10127	0.09772	0.02684	0.00201	0.01890	0.04406	0.00367	0.07561

[dist]
# distance from previous block
# <min> <max>
3	90

[block]
# block no. 9 follows, 52 sequences, length 7
# corresponding to MSA columns:
# 545-551
name=unknown_J
#
# <colnr> <probs for GDERKNQSTAVLIFYWHMCP>
#	G	D	E	R	K	N	Q	S	T	A	V	L	I	F	Y	W	H	M	C	P
0	0.00855	0.00658	0.00858	0.00825	0.02898	0.00653	0.04835	0.08755	0.05784	0.03242	0.07706	0.27935	0.17238	0.10367	0.04905	0.00236	0.00415	0.00924	0.00421	0.00491
1	0.01047	0.07552	0.05277	0.06119	0.02774	0.03183	0.07098	0.11463	0.05627	0.03644	0.11919	0.18881	0.06583	0.00857	0.00526	0.00160	0.00454	0.04056	0.00395	0.02387
2	0.00820	0.00763	0.06960	0.08399	0.01228	0.00707	0.03449	0.01059	0.03918	0.04809	0.03685	0.19389	0.09338	0.04735	0.24261	0.00363	0.04541	0.00744	0.00340	0.00492
3	0.00967	0.00827	0.00837	0.00868	0.04334	0.11375	0.00586	0.07714	0.03697	0.01357	0.01693	0.27922	0.01827	0.18448	0.07178	0.05165	0.00522	0.00789	0.03439	0.00456
4	0.00846	0.00914	0.09054	0.05798	0.03466	0.00774	0.15016	0.01168	0.06144	0.01507	0.14385	0.17802	0.10226	0.05332	0.00675	0.00183	0.02227	0.00788	0.03168	0.00527
5	0.17617	0.22515	0.17858	0.06726	0.04135	0.07442	0.09096	0.06665	0.01098	0.01615	0.00805	0.00967	0.00633	0.00453	0.00405	0.00139	0.00601	0.00346	0.00252	0.00634
6	0.02944	0.02878	0.00982	0.00862	0.01012	0.04008	0.05032	0.03985	0.05515	0.03990	0.08863	0.09277	0.03291	0.10405	0.27108	0.00399	0.03487	0.05121	0.00350	0.00492

[dist]
# distance from previous block
# <min> <max>
16	29

[block]
# block no. 10 follows, 52 sequences, length 16
# corresponding to MSA columns:
# 591-606
name=unknown_K
#
# <colnr> <probs for GDERKNQSTAVLIFYWHMCP>
#	G	D	E	R	K	N	Q	S	T	A	V	L	I	F	Y	W	H	M	C	P
0	0.01377	0.07787	0.05393	0.02259	0.08821	0.16890	0.04015	0.14548	0.06671	0.05893	0.03306	0.06483	0.02430	0.00691	0.02094	0.00160	0.05445	0.01820	0.00344	0.03575
1	0.01321	0.13073	0.09956	0.05685	0.05521	0.12588	0.00973	0.15313	0.08217	0.04506	0.07257	0.05682	0.02501	0.00632	0.00522	0.00147	0.04622	0.00489	0.00346	0.00650
2	0.01305	0.08885	0.11570	0.11934	0.20495	0.08641	0.02435	0.08550	0.05925	0.07746	0.01069	0.02666	0.00854	0.02820	0.00552	0.00156	0.02982	0.00433	0.00300	0.00680
3	0.01169	0.03433	0.01118	0.05561	0.06928	0.11271	0.00762	0.07577	0.01255	0.01623	0.09082	0.16213	0.08500	0.10987	0.02927	0.00236	0.00540	0.03340	0.00413	0.07065
4	0.03759	0.09850	0.11049	0.01140	0.03422	0.09945	0.03567	0.25380	0.11288	0.01985	0.02479	0.02817	0.03805	0.00624	0.00511	0.00150	0.03437	0.03743	0.00366	0.00685
5	0.00850	0.04083	0.03548	0.00665	0.00723	0.00515	0.00488	0.00730	0.00703	0.00954	0.01007	0.07579	0.01027	0.02916	0.01610	0.66881	0.00419	0.00487	0.02650	0.02165
6	0.00705	0.00495	0.00593	0.00612	0.00642	0.00507	0.00387	0.00815	0.04948	0.01083	0.01777	0.20385	0.02003	0.52108	0.10483	0.00427	0.00514	0.00824	0.00335	0.00356
7	0.01366	0.01816	0.28857	0.04141	0.06189	0.16032	0.08306	0.12120	0.04667	0.07306	0.01046	0.01166	0.00767	0.00501	0.00470	0.00146	0.00666	0.00407	0.03336	0.00694
8	0.00773	0.00541	0.00681	0.04570	0.00848	0.00555	0.00492	0.03595	0.03453	0.03285	0.01989	0.28053	0.04172	0.33309	0.07537	0.00343	0.00474	0.04555	0.00369	0.00406
9	0.06831	0.11781	0.04363	0.09482	0.10199	0.12291	0.03090	0.05111	0.02413	0.06294	0.04724	0.01229	0.00924	0.00570	0.01890	0.00147	0.05613	0.00395	0.02533	0.10119
10	0.08789	0.27778	0.03591	0.00962	0.02906	0.10314	0.00815	0.08730	0.14762	0.03161	0.01064	0.01152	0.00856	0.00660	0.04231	0.00162	0.02813	0.00369	0.04424	0.02459
11	0.00655	0.00489	0.00559	0.00575	0.00660	0.00459	0.00403	0.00747	0.00938	0.01191	0.05286	0.07624	0.32241	0.32313	0.05179	0.00317	0.00404	0.09206	0.00384	0.00371
12	0.04052	0.01043	0.03062	0.09314	0.05833	0.04759	0.25119	0.07238	0.01120	0.05905	0.01150	0.03495	0.00950	0.02506	0.19720	0.00308	0.00810	0.00516	0.02507	0.00593
13	0.00680	0.00517	0.00713	0.00808	0.04195	0.00491	0.02526	0.02800	0.01009	0.01344	0.06327	0.59051	0.08328	0.04713	0.00680	0.00200	0.00324	0.04428	0.00434	0.00430
14	0.01268	0.10073	0.03200	0.12287	0.18245	0.07105	0.01024	0.10908	0.10788	0.04617	0.01280	0.02791	0.04392	0.00567	0.00503	0.00145	0.03740	0.00457	0.02929	0.03681
15	0.05671	0.11265	0.08453	0.07776	0.04273	0.04031	0.02289	0.10383	0.07797	0.07846	0.07416	0.01370	0.01112	0.00562	0.00528	0.00141	0.06813	0.00429	0.02386	0.09461

[dist]
# distance from previous block
# <min> <max>
1	8

[block]
# block no. 11 follows, 52 sequences, length 26
# corresponding to MSA columns:
# 616-641
name=unknown_L
#
# <colnr> <probs for GDERKNQSTAVLIFYWHMCP>
#	G	D	E	R	K	N	Q	S	T	A	V	L	I	F	Y	W	H	M	C	P
0	0.03824	0.25502	0.07644	0.03611	0.04875	0.13617	0.02056	0.12968	0.06194	0.04367	0.01031	0.03184	0.00864	0.00611	0.02230	0.00150	0.02458	0.02255	0.00306	0.02252
1	0.02890	0.03179	0.07101	0.03695	0.03566	0.00888	0.02141	0.07879	0.08719	0.10581	0.10948	0.03419	0.08520	0.02622	0.02820	0.00169	0.05025	0.00550	0.02322	0.12966
2	0.01138	0.06000	0.03796	0.06213	0.14895	0.13756	0.03217	0.07848	0.02999	0.01524	0.07086	0.14126	0.05292	0.00857	0.03333	0.00178	0.05001	0.01826	0.00330	0.00585
3	0.04986	0.03529	0.06954	0.00939	0.03006	0.02368	0.02277	0.12809	0.01238	0.10895	0.03439	0.04043	0.02929	0.00605	0.02178	0.00136	0.03612	0.00427	0.00355	0.33275
4	0.00879	0.00453	0.00641	0.00630	0.00653	0.00458	0.00429	0.03141	0.00719	0.01001	0.00921	0.01494	0.00878	0.01545	0.01705	0.75224	0.00406	0.00424	0.08145	0.00252
5	0.00630	0.00468	0.00607	0.00683	0.00733	0.00453	0.00481	0.00734	0.00967	0.01282	0.06897	0.57662	0.10879	0.05509	0.00741	0.00207	0.03101	0.07126	0.00438	0.00402
6	0.00990	0.03541	0.06135	0.07309	0.09880	0.06510	0.09394	0.04416	0.03532	0.01433	0.03243	0.19693	0.01550	0.08723	0.04541	0.00220	0.02137	0.01817	0.04393	0.00542
7	0.00961	0.00630	0.00753	0.02220	0.00919	0.02062	0.00551	0.01250	0.10869	0.13630	0.07525	0.30450	0.15078	0.03625	0.03938	0.00207	0.00373	0.02685	0.01752	0.00520
8	0.00894	0.00671	0.00880	0.03967	0.01015	0.01977	0.03199	0.06620	0.03950	0.05165	0.03036	0.34622	0.02072	0.14197	0.08821	0.00286	0.05805	0.01963	0.00385	0.00476
9	0.39283	0.01006	0.01010	0.00820	0.01153	0.01085	0.00675	0.22994	0.01385	0.20335	0.05035	0.01231	0.00965	0.00548	0.00408	0.00149	0.00420	0.00393	0.00432	0.00673
10	0.00767	0.00577	0.00680	0.00690	0.00818	0.00565	0.00507	0.03877	0.11196	0.03244	0.14601	0.34870	0.20761	0.01200	0.00579	0.00176	0.00296	0.03641	0.00472	0.00482
11	0.01261	0.00915	0.01024	0.00878	0.01133	0.00993	0.00694	0.19706	0.29271	0.08063	0.17819	0.02109	0.04261	0.00865	0.04505	0.00184	0.00422	0.00593	0.04624	0.00678
12	0.01171	0.03547	0.09581	0.09099	0.36446	0.08023	0.11572	0.03219	0.01128	0.01506	0.01102	0.01471	0.03517	0.00523	0.00521	0.00152	0.02631	0.03860	0.00256	0.00674
13	0.03802	0.00511	0.00628	0.00697	0.00776	0.00498	0.00502	0.03029	0.03111	0.01382	0.04441	0.53606	0.10105	0.04442	0.00670	0.00202	0.00317	0.10414	0.00442	0.00426
14	0.00610	0.00457	0.00568	0.00630	0.00710	0.00416	0.00448	0.00733	0.01048	0.01370	0.14546	0.47200	0.22802	0.01357	0.00603	0.00183	0.00273	0.05175	0.00462	0.00410
15	0.01208	0.05088	0.05818	0.10293	0.10456	0.15340	0.02478	0.05971	0.01201	0.06400	0.07450	0.06520	0.05679	0.00735	0.02871	0.00163	0.01791	0.00531	0.07842	0.02165
16	0.01437	0.01071	0.02805	0.04550	0.03797	0.02584	0.00822	0.28776	0.20771	0.10132	0.07661	0.03803	0.01388	0.00679	0.00530	0.02686	0.00451	0.00525	0.04821	0.00711
17	0.00757	0.00615	0.00770	0.00768	0.00852	0.05323	0.00579	0.00904	0.00831	0.01134	0.03099	0.05468	0.01439	0.13570	0.59225	0.00650	0.01081	0.02233	0.00281	0.00421
18	0.00698	0.00496	0.00662	0.00662	0.00708	0.00542	0.00460	0.00791	0.00744	0.01039	0.01405	0.02494	0.01468	0.40580	0.44453	0.00635	0.00912	0.00606	0.00275	0.00368
19	0.01182	0.07804	0.12130	0.13248	0.09373	0.03988	0.06963	0.03895	0.06056	0.09348	0.03009	0.01481	0.02406	0.02323	0.03673	0.00177	0.02422	0.00459	0.09431	0.00630
20	0.00749	0.00596	0.00738	0.02575	0.04046	0.02372	0.01816	0.04218	0.02579	0.01338	0.04317	0.40787	0.14337	0.13814	0.00874	0.00226	0.00364	0.03409	0.00408	0.00436
21	0.01221	0.01112	0.01481	0.13373	0.26460	0.08694	0.03668	0.11793	0.02806	0.03998	0.03966	0.09123	0.03588	0.02243	0.00588	0.00161	0.04202	0.00557	0.00323	0.00643
22	0.10883	0.11780	0.10771	0.07144	0.12818	0.06543	0.07847	0.11394	0.02986	0.03252	0.04715	0.03054	0.00948	0.00534	0.00487	0.00147	0.03311	0.00433	0.00300	0.00653
23	0.01262	0.02983	0.03182	0.07530	0.10613	0.06929	0.07179	0.15896	0.03625	0.05560	0.01223	0.03365	0.02038	0.07776	0.02654	0.00184	0.01868	0.01684	0.03864	0.10585
24	0.01015	0.02526	0.12706	0.04772	0.08790	0.04641	0.09947	0.04533	0.04586	0.03850	0.06289	0.16999	0.08055	0.00830	0.01728	0.00171	0.04307	0.00689	0.01704	0.01863
25	0.03024	0.01462	0.18827	0.09843	0.03388	0.08122	0.03964	0.21226	0.02634	0.04997	0.02579	0.04880	0.00944	0.00649	0.02858	0.00163	0.00603	0.00454	0.01884	0.07500

[dist]
# distance from previous block
# <min> <max>
14	41

[block]
# block no. 12 follows, 52 sequences, length 19
# corresponding to MSA columns:
# 691-709
name=unknown_M
#
# <colnr> <probs for GDERKNQSTAVLIFYWHMCP>
#	G	D	E	R	K	N	Q	S	T	A	V	L	I	F	Y	W	H	M	C	P
0	0.06166	0.02788	0.07847	0.04951	0.05458	0.05397	0.06160	0.18373	0.08070	0.13666	0.04901	0.04075	0.03343	0.02996	0.00537	0.00158	0.00516	0.00504	0.00397	0.03697
1	0.05821	0.10331	0.06148	0.01032	0.01370	0.09862	0.00889	0.32073	0.09653	0.05639	0.01287	0.03977	0.02426	0.00669	0.01722	0.00158	0.03063	0.02787	0.00394	0.00698
2	0.03670	0.03462	0.00890	0.00801	0.02894	0.07462	0.00595	0.04526	0.07915	0.09153	0.06723	0.05852	0.20833	0.11739	0.04487	0.00227	0.01958	0.04096	0.02194	0.00523
3	0.00596	0.00435	0.00550	0.00639	0.00684	0.00401	0.00428	0.00680	0.00938	0.01227	0.02913	0.66164	0.14016	0.06985	0.00737	0.00211	0.00289	0.01282	0.00439	0.00389
4	0.01206	0.05959	0.03526	0.10830	0.18482	0.06827	0.03366	0.12785	0.03704	0.04093	0.03536	0.09679	0.02830	0.00786	0.02607	0.05177	0.03117	0.00545	0.00323	0.00620
