[name]
unknown

[dist]
# distance from previous block
# <min> <max>
0	147

[block]
# block no. 0 follows, 61 sequences, length 13
# corresponding to MSA columns:
# 154-163,178-180
name=unknown_A
#
# <colnr> <probs for GDERKNQSTAVLIFYWHMCP>
#	G	D	E	R	K	N	Q	S	T	A	V	L	I	F	Y	W	H	M	C	P
0	0.04761	0.01063	0.01185	0.00936	0.01244	0.01157	0.02694	0.57515	0.06966	0.08621	0.01231	0.08482	0.00972	0.00588	0.00438	0.00135	0.00438	0.00469	0.00425	0.00682
1	0.04191	0.08675	0.06257	0.05354	0.10141	0.10547	0.03972	0.03251	0.24469	0.01434	0.03275	0.09179	0.04065	0.00593	0.00451	0.00137	0.02637	0.00491	0.00311	0.00570
2	0.00847	0.00671	0.00753	0.00709	0.00872	0.00712	0.00539	0.10968	0.26390	0.01618	0.13109	0.22925	0.13865	0.00901	0.00490	0.00151	0.00300	0.03241	0.00426	0.00512
3	0.00541	0.00384	0.00505	0.00597	0.00622	0.00362	0.00400	0.00615	0.00814	0.01084	0.02280	0.73958	0.02720	0.08726	0.00697	0.00197	0.00271	0.04495	0.00387	0.00344
4	0.03473	0.12634	0.02758	0.10521	0.01458	0.14966	0.06387	0.14039	0.11784	0.04855	0.01039	0.04431	0.00862	0.00537	0.00477	0.00134	0.05894	0.02881	0.00298	0.00571
5	0.01240	0.16832	0.17020	0.09057	0.04807	0.07855	0.03499	0.24318	0.02787	0.04395	0.03607	0.01042	0.00764	0.00459	0.00400	0.00125	0.00531	0.00356	0.00287	0.00619
6	0.00721	0.00476	0.00561	0.00548	0.00696	0.00418	0.00427	0.00858	0.01032	0.11185	0.13508	0.10014	0.45897	0.01029	0.00514	0.00152	0.00260	0.10862	0.00425	0.00417
7	0.00563	0.00447	0.00650	0.00667	0.00744	0.00411	0.06595	0.00668	0.00874	0.01147	0.04598	0.63518	0.15042	0.01221	0.00539	0.00167	0.00281	0.01109	0.00388	0.00371
8	0.03144	0.11412	0.08667	0.01476	0.25595	0.19761	0.01005	0.11093	0.07011	0.05529	0.00885	0.00990	0.00693	0.00436	0.00397	0.00122	0.00549	0.00343	0.00269	0.00625
9	0.01157	0.05339	0.27555	0.01060	0.04821	0.07113	0.01012	0.12892	0.19033	0.07886	0.02764	0.03570	0.02844	0.00524	0.00422	0.00134	0.00495	0.00418	0.00323	0.00637
10	0.00659	0.00416	0.00554	0.00621	0.00682	0.00384	0.00436	0.00751	0.00877	0.08308	0.02380	0.69427	0.05498	0.01258	0.00541	0.00172	0.00268	0.05970	0.00411	0.00387
11	0.04394	0.30836	0.07972	0.05476	0.10218	0.20465	0.00905	0.06322	0.07264	0.01297	0.00776	0.00886	0.00635	0.00421	0.00359	0.00115	0.00547	0.00303	0.00234	0.00575
12	0.00534	0.00385	0.00500	0.00588	0.00621	0.00359	0.00396	0.00611	0.00829	0.01095	0.02445	0.72721	0.07865	0.05838	0.00637	0.00187	0.00261	0.03389	0.00392	0.00347

[dist]
# distance from previous block
# <min> <max>
0	2

[block]
# block no. 1 follows, 61 sequences, length 13
# corresponding to MSA columns:
# 183-195
name=unknown_B
#
# <colnr> <probs for GDERKNQSTAVLIFYWHMCP>
#	G	D	E	R	K	N	Q	S	T	A	V	L	I	F	Y	W	H	M	C	P
0	0.01323	0.01121	0.04383	0.01096	0.06815	0.01188	0.03615	0.38413	0.33314	0.02165	0.01288	0.01263	0.00950	0.00525	0.00435	0.00137	0.00439	0.00428	0.00402	0.00700
1	0.00618	0.00435	0.00567	0.00571	0.00605	0.00468	0.00386	0.00688	0.00661	0.00915	0.01301	0.04946	0.01394	0.46707	0.37331	0.00529	0.00732	0.00574	0.00252	0.00318
2	0.01023	0.50778	0.22593	0.00861	0.01253	0.04534	0.00920	0.01245	0.00892	0.01115	0.00853	0.10535	0.00819	0.00496	0.00347	0.00114	0.00493	0.00371	0.00210	0.00549
3	0.01264	0.01080	0.04529	0.17294	0.21432	0.03506	0.03049	0.28550	0.02668	0.07020	0.02089	0.01118	0.00750	0.00459	0.00427	0.00130	0.00506	0.00389	0.00312	0.03426
4	0.01321	0.29797	0.06606	0.00953	0.01300	0.10945	0.04196	0.26030	0.11862	0.01685	0.00915	0.00961	0.00713	0.00454	0.00376	0.00118	0.00508	0.00335	0.00300	0.00625
5	0.00846	0.00776	0.00769	0.00712	0.00866	0.13417	0.03617	0.05989	0.03351	0.03140	0.18326	0.18831	0.23860	0.00911	0.00492	0.00144	0.00356	0.02774	0.00386	0.00440
6	0.82568	0.00807	0.00619	0.00556	0.00813	0.00932	0.00456	0.01250	0.00744	0.01913	0.00649	0.00755	0.00506	0.00406	0.00269	0.00131	0.00325	0.00244	0.05596	0.00463
7	0.00634	0.00489	0.00663	0.00743	0.04196	0.00468	0.01984	0.00815	0.03309	0.01287	0.12470	0.28466	0.15941	0.01117	0.00543	0.00169	0.00307	0.25599	0.00398	0.00402
8	0.00597	0.10262	0.00702	0.00609	0.00679	0.00508	0.00436	0.00681	0.00837	0.01092	0.02254	0.71299	0.06022	0.01224	0.00516	0.00164	0.00273	0.01095	0.00375	0.00374
9	0.01232	0.21388	0.03501	0.00975	0.01233	0.33832	0.06924	0.02889	0.04464	0.02683	0.02694	0.10845	0.01031	0.00575	0.00406	0.00124	0.00573	0.03854	0.00264	0.00514
10	0.77842	0.00877	0.00710	0.00616	0.00892	0.01009	0.00508	0.10536	0.00884	0.02024	0.00650	0.00739	0.00498	0.00414	0.00286	0.00133	0.00350	0.00251	0.00286	0.00498
11	0.01088	0.35859	0.16822	0.02856	0.24493	0.04095	0.01062	0.01332	0.00932	0.02907	0.00727	0.00875	0.00603	0.00385	0.00356	0.00112	0.00512	0.00300	0.00204	0.04480
12	0.09161	0.10706	0.01128	0.00809	0.01036	0.05301	0.00663	0.15974	0.01115	0.20255	0.01111	0.04459	0.00910	0.07461	0.05627	0.00191	0.11116	0.00415	0.01999	0.00562

[dist]
# distance from previous block
# <min> <max>
4	10

[block]
# block no. 2 follows, 61 sequences, length 48
# corresponding to MSA columns:
# 206-253
name=unknown_C
#
# <colnr> <probs for GDERKNQSTAVLIFYWHMCP>
#	G	D	E	R	K	N	Q	S	T	A	V	L	I	F	Y	W	H	M	C	P
0	0.00821	0.04332	0.07601	0.12124	0.09179	0.05842	0.00744	0.01024	0.01973	0.04433	0.15878	0.21035	0.06849	0.03841	0.02275	0.00164	0.00414	0.00676	0.00326	0.00469
1	0.03203	0.04571	0.03843	0.02408	0.11111	0.30892	0.04162	0.10638	0.06095	0.08760	0.00967	0.01053	0.01927	0.00513	0.02130	0.00131	0.00585	0.00351	0.00289	0.06371
2	0.04521	0.00832	0.01048	0.01084	0.13806	0.00876	0.03595	0.07636	0.30342	0.04717	0.10708	0.01968	0.10491	0.00632	0.00448	0.00139	0.00365	0.03078	0.00384	0.03333
3	0.00525	0.00375	0.00500	0.00600	0.00625	0.00350	0.00400	0.00600	0.00825	0.01100	0.02374	0.84580	0.02849	0.01350	0.00550	0.00175	0.00250	0.01225	0.00400	0.00350
4	0.04201	0.00842	0.04135	0.02046	0.01119	0.04801	0.10810	0.06356	0.16863	0.01542	0.18397	0.16949	0.01917	0.00896	0.05545	0.00179	0.01879	0.00649	0.00363	0.00510
5	0.01352	0.07001	0.13273	0.01142	0.04455	0.35435	0.06906	0.09072	0.06221	0.06291	0.02494	0.01067	0.02460	0.00469	0.00409	0.00123	0.00619	0.00358	0.00274	0.00579
6	0.00571	0.00414	0.00523	0.00582	0.00627	0.00397	0.00392	0.00702	0.04341	0.01174	0.11737	0.57682	0.06106	0.11735	0.00745	0.00198	0.00268	0.01051	0.00393	0.00360
7	0.07976	0.01143	0.03021	0.19330	0.19549	0.10650	0.21112	0.08219	0.02274	0.01453	0.00816	0.01048	0.00631	0.00412	0.00431	0.00135	0.00592	0.00391	0.00237	0.00578
8	0.15828	0.05276	0.03947	0.03352	0.35670	0.08334	0.02676	0.04579	0.02844	0.04682	0.00913	0.04041	0.01847	0.00467	0.00435	0.00131	0.03744	0.00384	0.00255	0.00595
9	0.00783	0.00779	0.06081	0.00991	0.03984	0.02128	0.15045	0.05793	0.02633	0.01300	0.03227	0.43938	0.01877	0.02752	0.00595	0.00165	0.04991	0.00846	0.01632	0.00461
10	0.00533	0.00386	0.00492	0.00571	0.00609	0.00358	0.00381	0.00608	0.00835	0.01100	0.04236	0.67824	0.11344	0.07732	0.00671	0.00190	0.00258	0.01135	0.00391	0.00346
11	0.03016	0.10852	0.23672	0.06430	0.09433	0.11222	0.03682	0.07147	0.07176	0.03945	0.03969	0.05709	0.00911	0.00501	0.00411	0.00130	0.00534	0.00407	0.00265	0.00588
12	0.02463	0.06450	0.03359	0.01927	0.44909	0.16367	0.06815	0.04330	0.03425	0.01380	0.02186	0.02847	0.00766	0.00433	0.00418	0.00126	0.00556	0.00388	0.00237	0.00619
13	0.00531	0.00382	0.00505	0.00601	0.00634	0.00356	0.00409	0.00612	0.00838	0.01110	0.02451	0.78112	0.06033	0.01333	0.00550	0.00175	0.00255	0.04363	0.00400	0.00352
14	0.04811	0.08416	0.09973	0.09596	0.08515	0.10828	0.00846	0.11777	0.01091	0.02820	0.06312	0.02660	0.11470	0.00631	0.00524	0.05084	0.03391	0.00449	0.00284	0.00523
15	0.02538	0.07224	0.15135	0.08035	0.26994	0.06556	0.04314	0.06503	0.05872	0.04490	0.05714	0.01169	0.00883	0.00458	0.00438	0.00131	0.02285	0.00389	0.00260	0.00614
16	0.02211	0.04440	0.13826	0.07971	0.04419	0.05412	0.13829	0.11629	0.07599	0.03411	0.06069	0.09387	0.03009	0.00573	0.00442	0.00137	0.00495	0.00508	0.04068	0.00563
17	0.00562	0.00408	0.00513	0.00583	0.00621	0.00390	0.00388	0.00677	0.04069	0.01107	0.03968	0.63894	0.06653	0.13091	0.00774	0.00206	0.00275	0.01085	0.00383	0.00353
18	0.06877	0.24045	0.24025	0.04328	0.03197	0.06674	0.03646	0.06397	0.01019	0.06430	0.05787	0.01049	0.00823	0.00449	0.00389	0.00122	0.01749	0.00339	0.02077	0.00577
19	0.08012	0.11628	0.13542	0.14297	0.11238	0.03566	0.03602	0.06169	0.03132	0.03657	0.05404	0.01366	0.07120	0.00592	0.03031	0.00149	0.02269	0.00412	0.00263	0.00552
20	0.03971	0.00588	0.03544	0.00566	0.00739	0.00512	0.00455	0.05293	0.04184	0.04743	0.23976	0.06825	0.41163	0.00923	0.00488	0.00142	0.00260	0.00778	0.00415	0.00436
21	0.01134	0.01130	0.21494	0.00871	0.01199	0.00830	0.00846	0.20821	0.01246	0.15371	0.05612	0.13208	0.11175	0.00702	0.00477	0.00142	0.02202	0.00577	0.00374	0.00588
22	0.04346	0.03887	0.14547	0.03654	0.11352	0.08138	0.11942	0.08860	0.05153	0.13685	0.04772	0.04262	0.02450	0.00507	0.00433	0.00134	0.00516	0.00442	0.00312	0.00609
23	0.06992	0.06510	0.05617	0.05129	0.07723	0.12167	0.02027	0.20279	0.05481	0.03039	0.06074	0.01303	0.05383	0.00574	0.01815	0.00138	0.05068	0.00404	0.00310	0.03966
24	0.01133	0.75413	0.02241	0.00834	0.01193	0.01643	0.06744	0.01286	0.00877	0.01042	0.00618	0.00737	0.00561	0.00384	0.00340	0.00100	0.03859	0.00257	0.00187	0.00552
25	0.04240	0.09763	0.14373	0.08587	0.15570	0.06572	0.14359	0.11623	0.01083	0.01480	0.00827	0.02760	0.00666	0.00435	0.00436	0.00129	0.02492	0.00380	0.00240	0.03985
26	0.02855	0.15536	0.21784	0.03758	0.03141	0.05399	0.00939	0.07117	0.06871	0.14095	0.03479	0.02789	0.02287	0.00507	0.00427	0.00128	0.02878	0.01718	0.00301	0.03992
27	0.00855	0.00645	0.00734	0.00696	0.00843	0.03060	0.00530	0.06830	0.17628	0.05447	0.22852	0.20215	0.06267	0.01019	0.05198	0.00180	0.00350	0.04464	0.01700	0.00489
28	0.00546	0.00431	0.00496	0.00530	0.00626	0.00389	0.00378	0.00693	0.04073	0.01213	0.10430	0.36773	0.39557	0.01158	0.00523	0.00157	0.00235	0.01010	0.00408	0.00374
29	0.03084	0.16184	0.12689	0.06236	0.12235	0.04167	0.02588	0.13384	0.02827	0.09628	0.02460	0.04478	0.07177	0.00529	0.00408	0.00128	0.00473	0.00429	0.00300	0.00597
30	0.02467	0.03922	0.01280	0.13325	0.22633	0.00903	0.03596	0.08013	0.08217	0.16903	0.01400	0.05543	0.06002	0.01876	0.00467	0.00142	0.00443	0.01927	0.00334	0.00607
31	0.00612	0.00449	0.00504	0.00495	0.00632	0.00388	0.00372	0.00741	0.01027	0.05782	0.18609	0.10687	0.54643	0.01044	0.00510	0.00146	0.00230	0.02317	0.00421	0.00392
32	0.01077	0.21622	0.12781	0.23904	0.09641	0.08243	0.02580	0.03391	0.05948	0.04412	0.02040	0.01033	0.00697	0.00430	0.00389	0.00125	0.00539	0.00345	0.00233	0.00570
33	0.01177	0.07889	0.24092	0.02965	0.17457	0.06860	0.08528	0.07998	0.03686	0.10881	0.02680	0.01130	0.01824	0.00447	0.00419	0.00130	0.00547	0.00382	0.00273	0.00633
34	0.02008	0.02508	0.02256	0.02762	0.10793	0.05947	0.02143	0.02810	0.06331	0.09046	0.09033	0.10589	0.20925	0.00832	0.01733	0.01650	0.00375	0.04266	0.03502	0.00494
35	0.00743	0.00761	0.07074	0.17136	0.12061	0.00692	0.05898	0.02601	0.00941	0.01266	0.07888	0.28194	0.10176	0.00822	0.00499	0.00151	0.01575	0.00740	0.00310	0.00470
36	0.08519	0.09977	0.28849	0.04680	0.11644	0.08333	0.04055	0.11673	0.03410	0.02632	0.00811	0.00941	0.00617	0.00429	0.00406	0.00129	0.01707	0.00333	0.00243	0.00612
37	0.08850	0.04734	0.15283	0.05944	0.13625	0.08667	0.00948	0.11173	0.03365	0.05802	0.02590	0.06378	0.03369	0.00532	0.00447	0.00132	0.03745	0.00420	0.00284	0.03712
38	0.02844	0.05370	0.07199	0.14814	0.12435	0.05312	0.01899	0.06065	0.06023	0.08857	0.04970	0.05778	0.11419	0.00693	0.03424	0.00155	0.00473	0.00503	0.00310	0.01456
39	0.07529	0.12798	0.11845	0.07158	0.07279	0.08750	0.02622	0.06551	0.07397	0.02635	0.03678	0.05789	0.06175	0.00552	0.00425	0.00129	0.02251	0.01665	0.00280	0.04491
40	0.07733	0.05265	0.15733	0.10898	0.18803	0.04779	0.05316	0.04249	0.03661	0.09029	0.04269	0.02512	0.00847	0.00462	0.00426	0.00131	0.01871	0.00389	0.00269	0.03359
41	0.08086	0.06758	0.11525	0.01203	0.16752	0.03275	0.05405	0.04977	0.03707	0.11333	0.08908	0.02576	0.03712	0.03797	0.00495	0.00140	0.01553	0.00436	0.00306	0.05058
42	0.06148	0.12105	0.18258	0.04165	0.12043	0.00996	0.08428	0.05799	0.02208	0.06518	0.06531	0.01133	0.00885	0.00433	0.00393	0.00120	0.00481	0.00368	0.00265	0.12721
43	0.04587	0.13525	0.15062	0.05721	0.11352	0.04663	0.04807	0.05343	0.03902	0.07729	0.01944	0.07095	0.02577	0.00514	0.00435	0.00128	0.03190	0.00420	0.00272	0.06735
44	0.03229	0.03966	0.18102	0.03984	0.12320	0.06243	0.06413	0.12106	0.05787	0.08882	0.02011	0.01311	0.03771	0.00488	0.00421	0.00129	0.00505	0.02903	0.00297	0.07130
45	0.03871	0.14028	0.09662	0.03005	0.12470	0.09181	0.06572	0.10929	0.04551	0.04618	0.01092	0.02440	0.05187	0.02320	0.02016	0.00139	0.00513	0.00393	0.00274	0.06738
46	0.05894	0.06249	0.21030	0.04326	0.10327	0.07578	0.08779	0.07730	0.07992	0.06369	0.02936	0.01208	0.03956	0.00468	0.00413	0.00130	0.00522	0.00392	0.00278	0.03421
47	0.06394	0.08205	0.17789	0.06986	0.13363	0.02984	0.04616	0.04119	0.10373	0.06955	0.05675	0.01183	0.00913	0.00454	0.00401	0.00126	0.00476	0.00379	0.00281	0.08328

[dist]
# distance from previous block
# <min> <max>
24	281

[block]
# block no. 3 follows, 61 sequences, length 13
# corresponding to MSA columns:
# 600-612
name=unknown_D
#
# <colnr> <probs for GDERKNQSTAVLIFYWHMCP>
#	G	D	E	R	K	N	Q	S	T	A	V	L	I	F	Y	W	H	M	C	P
0	0.02316	0.09672	0.05748	0.04950	0.17493	0.09413	0.05927	0.08941	0.04639	0.06199	0.01065	0.06657	0.02939	0.00522	0.00475	0.00129	0.05682	0.00428	0.00278	0.06528
1	0.04260	0.13432	0.13813	0.02678	0.12204	0.05694	0.00896	0.15962	0.03464	0.03988	0.04156	0.08127	0.03455	0.00543	0.00405	0.00126	0.00463	0.00439	0.00296	0.05599
2	0.03058	0.18602	0.06676	0.03283	0.11578	0.06461	0.03127	0.11710	0.02789	0.01471	0.07510	0.03522	0.03864	0.00515	0.00448	0.00121	0.05073	0.00404	0.00276	0.09512
3	0.05954	0.14413	0.06907	0.01006	0.13683	0.00876	0.00737	0.02397	0.06060	0.03877	0.08546	0.07992	0.06454	0.00634	0.02587	0.00133	0.00400	0.00469	0.00296	0.16578
4	0.01007	0.07933	0.16280	0.10273	0.04348	0.03464	0.07333	0.07003	0.07234	0.07129	0.10669	0.01637	0.07933	0.02988	0.00513	0.00143	0.02776	0.00474	0.00305	0.00557
5	0.06589	0.06083	0.03483	0.04064	0.31761	0.04864	0.03027	0.06817	0.05045	0.01465	0.02733	0.03432	0.00827	0.00576	0.03943	0.00148	0.04190	0.00388	0.00256	0.10309
6	0.01017	0.03518	0.11983	0.04935	0.26144	0.07288	0.03106	0.05084	0.07252	0.01386	0.01067	0.04892	0.03543	0.03680	0.00519	0.00138	0.03467	0.00423	0.00256	0.10302
7	0.06897	0.04852	0.09577	0.04346	0.06410	0.05008	0.05891	0.08185	0.04812	0.06148	0.08920	0.08666	0.03677	0.06164	0.00568	0.00152	0.02621	0.00504	0.00312	0.06290
8	0.03210	0.15492	0.05266	0.07279	0.20363	0.01062	0.17175	0.01275	0.05731	0.01317	0.02763	0.05582	0.03377	0.00502	0.00452	0.00132	0.02854	0.02258	0.00247	0.03660
9	0.00986	0.08150	0.08278	0.00954	0.08066	0.01819	0.01576	0.15331	0.08160	0.04360	0.13196	0.18192	0.06264	0.00742	0.00472	0.00140	0.01773	0.00631	0.00363	0.00547
10	0.16308	0.33483	0.15064	0.00980	0.06827	0.01269	0.03876	0.07334	0.00963	0.01441	0.03463	0.00898	0.00686	0.00418	0.00364	0.00117	0.02493	0.00302	0.00233	0.03483
11	0.00894	0.04491	0.01009	0.04713	0.07111	0.02403	0.03676	0.10812	0.09127	0.01516	0.12598	0.05593	0.18753	0.00789	0.02542	0.00151	0.03546	0.03533	0.00352	0.06390
12	0.05538	0.33669	0.09577	0.00870	0.03858	0.04809	0.00780	0.02754	0.00878	0.03128	0.02876	0.01087	0.00778	0.06541	0.07190	0.00182	0.08894	0.00331	0.00226	0.06036

[dist]
# distance from previous block
# <min> <max>
0	4

[block]
# block no. 4 follows, 61 sequences, length 9
# corresponding to MSA columns:
# 617-625
name=unknown_E
#
# <colnr> <probs for GDERKNQSTAVLIFYWHMCP>
#	G	D	E	R	K	N	Q	S	T	A	V	L	I	F	Y	W	H	M	C	P
0	0.01180	0.37514	0.10862	0.00912	0.03658	0.03084	0.00839	0.18814	0.09306	0.01578	0.07528	0.01105	0.00961	0.00472	0.00368	0.00116	0.00459	0.00352	0.00289	0.00606
1	0.00862	0.01074	0.20833	0.00806	0.01150	0.00739	0.00787	0.06611	0.09461	0.01516	0.12266	0.01635	0.07990	0.00763	0.07215	0.00163	0.00454	0.00447	0.00308	0.24920
2	0.00862	0.00753	0.00901	0.16304	0.01281	0.07963	0.01728	0.08028	0.05169	0.02383	0.09577	0.11171	0.06936	0.02452	0.21151	0.00284	0.01709	0.00576	0.00310	0.00462
3	0.00898	0.00969	0.18798	0.00922	0.07818	0.00681	0.00793	0.07627	0.01103	0.09683	0.19600	0.09551	0.14728	0.00844	0.03898	0.00163	0.00409	0.00625	0.00362	0.00527
4	0.12853	0.23639	0.16405	0.05850	0.30737	0.01190	0.01092	0.01302	0.00900	0.01350	0.00716	0.00892	0.00588	0.00389	0.00362	0.00121	0.00500	0.00310	0.00206	0.00599
5	0.01334	0.01571	0.01246	0.01347	0.18995	0.50089	0.00869	0.01485	0.01115	0.01179	0.00961	0.01083	0.06148	0.00461	0.00397	0.00112	0.00629	0.00341	0.00236	0.10404
6	0.00830	0.00893	0.11934	0.00690	0.01037	0.00597	0.00620	0.01046	0.00905	0.01378	0.10040	0.01354	0.01108	0.08937	0.00542	0.00118	0.00359	0.00361	0.00271	0.56981
7	0.01121	0.14431	0.01789	0.02225	0.63163	0.07391	0.01192	0.01347	0.00982	0.01318	0.00766	0.00985	0.00652	0.00386	0.00400	0.00121	0.00524	0.00351	0.00209	0.00648
8	0.01307	0.00930	0.01096	0.00980	0.09299	0.00930	0.00715	0.36382	0.01459	0.11975	0.01579	0.01564	0.13737	0.00563	0.00424	0.00121	0.00397	0.00453	0.00386	0.15703

[dist]
# distance from previous block
# <min> <max>
0	1

[block]
# block no. 5 follows, 61 sequences, length 12
# corresponding to MSA columns:
# 627-638
name=unknown_F
#
# <colnr> <probs for GDERKNQSTAVLIFYWHMCP>
#	G	D	E	R	K	N	Q	S	T	A	V	L	I	F	Y	W	H	M	C	P
0	0.00891	0.12986	0.55902	0.01107	0.03412	0.01039	0.01287	0.01353	0.07170	0.01327	0.00979	0.08885	0.00828	0.00506	0.00408	0.00135	0.00551	0.00407	0.00224	0.00603
1	0.00635	0.00596	0.08293	0.00560	0.00647	0.00476	0.00424	0.00718	0.00731	0.00988	0.06742	0.02710	0.09574	0.57020	0.07831	0.00366	0.00460	0.00623	0.00279	0.00325
2	0.00782	0.00678	0.00774	0.00773	0.06219	0.05824	0.00536	0.01052	0.08682	0.01482	0.32111	0.15894	0.05779	0.00773	0.00460	0.00128	0.00304	0.00675	0.00381	0.16693
3	0.03489	0.07586	0.06988	0.02503	0.00962	0.08876	0.00609	0.04979	0.06694	0.02370	0.15276	0.10799	0.22942	0.00789	0.00453	0.00136	0.00363	0.01501	0.00355	0.02330
4	0.01266	0.06735	0.07497	0.00877	0.01211	0.09890	0.00768	0.26951	0.01334	0.06944	0.02965	0.01399	0.00938	0.00520	0.00406	0.00117	0.00461	0.08169	0.00335	0.21216
5	0.00901	0.09710	0.27569	0.01310	0.01747	0.01004	0.34634	0.01241	0.00952	0.01299	0.01246	0.06905	0.08482	0.00513	0.00457	0.00139	0.00591	0.00507	0.00233	0.00560
6	0.00912	0.00885	0.08942	0.00809	0.01041	0.00821	0.00697	0.09025	0.33110	0.01682	0.14294	0.07801	0.08124	0.00763	0.00475	0.00149	0.00352	0.09147	0.00408	0.00562
7	0.00523	0.00382	0.00493	0.00582	0.00620	0.00351	0.00392	0.00602	0.00842	0.01107	0.02590	0.75842	0.11448	0.01321	0.00545	0.00172	0.00246	0.01190	0.00400	0.00351
8	0.01047	0.01170	0.15333	0.00979	0.07529	0.06325	0.00826	0.14662	0.01149	0.01628	0.08866	0.01156	0.00976	0.00438	0.00386	0.00103	0.00435	0.00352	0.00288	0.36350
9	0.01151	0.06366	0.08941	0.01882	0.11491	0.02621	0.04893	0.07210	0.04220	0.16367	0.05093	0.03743	0.06949	0.00521	0.00414	0.00120	0.00422	0.00442	0.00331	0.16822
10	0.09594	0.02655	0.06974	0.02513	0.02740	0.00777	0.00689	0.05769	0.11035	0.34664	0.16410	0.01643	0.01515	0.00573	0.00427	0.00135	0.00364	0.00468	0.00433	0.00623
11	0.01409	0.00870	0.07371	0.06429	0.06648	0.00748	0.00764	0.09482	0.03715	0.39883	0.11359	0.01721	0.06485	0.00585	0.00445	0.00135	0.00392	0.00487	0.00433	0.00640

[dist]
# distance from previous block
# <min> <max>
0	3

[block]
# block no. 6 follows, 61 sequences, length 7
# corresponding to MSA columns:
# 642-648
name=unknown_G
#
# <colnr> <probs for GDERKNQSTAVLIFYWHMCP>
#	G	D	E	R	K	N	Q	S	T	A	V	L	I	F	Y	W	H	M	C	P
0	0.00525	0.00375	0.00500	0.00600	0.00625	0.00350	0.00400	0.00600	0.00825	0.01100	0.02374	0.84580	0.02849	0.01350	0.00550	0.00175	0.00250	0.01225	0.00400	0.00350
1	0.61393	0.11002	0.06587	0.00782	0.04066	0.04381	0.03858	0.01301	0.00802	0.01707	0.00633	0.00749	0.00501	0.00396	0.00298	0.00128	0.00410	0.00257	0.00245	0.00502
2	0.00525	0.00375	0.00500	0.00600	0.00625	0.00350	0.00400	0.00600	0.00825	0.01100	0.02374	0.84580	0.02849	0.01350	0.00550	0.00175	0.00250	0.01225	0.00400	0.00350
3	0.00622	0.00437	0.00566	0.00566	0.00600	0.00470	0.00381	0.00688	0.00655	0.00907	0.01269	0.02330	0.01354	0.49430	0.37334	0.00537	0.00737	0.00555	0.00248	0.00315
4	0.01271	0.21358	0.01440	0.00898	0.01210	0.10170	0.03471	0.24937	0.11880	0.01716	0.04435	0.01079	0.00873	0.00475	0.00409	0.00115	0.02662	0.00356	0.00317	0.10928
5	0.01028	0.15260	0.51959	0.06025	0.01724	0.09424	0.01309	0.06083	0.00999	0.01342	0.00750	0.00883	0.00561	0.00414	0.00389	0.00127	0.00609	0.00308	0.00202	0.00606
6	0.01085	0.26182	0.30133	0.01292	0.13511	0.04690	0.06161	0.04496	0.04049	0.03427	0.00801	0.00925	0.00625	0.00406	0.00381	0.00122	0.00553	0.00325	0.00220	0.00617

[dist]
# distance from previous block
# <min> <max>
2	8

[block]
# block no. 7 follows, 61 sequences, length 40
# corresponding to MSA columns:
# 659-698
name=unknown_H
#
# <colnr> <probs for GDERKNQSTAVLIFYWHMCP>
#	G	D	E	R	K	N	Q	S	T	A	V	L	I	F	Y	W	H	M	C	P
0	0.00960	0.02751	0.57202	0.01101	0.02477	0.02231	0.01294	0.06014	0.00992	0.06160	0.01091	0.01191	0.06120	0.00565	0.03146	0.00152	0.02234	0.00372	0.00237	0.03712
1	0.04101	0.06693	0.03849	0.05106	0.03492	0.02685	0.05224	0.21912	0.20180	0.10255	0.02590	0.03089	0.00979	0.00614	0.03368	0.00152	0.00463	0.00426	0.01642	0.03181
2	0.01070	0.06502	0.06083	0.01011	0.01281	0.06635	0.09849	0.04897	0.40952	0.01565	0.03105	0.05040	0.01131	0.00572	0.00509	0.00142	0.06755	0.00472	0.00344	0.02086
3	0.64561	0.06442	0.03419	0.06266	0.01060	0.01016	0.00600	0.05938	0.00845	0.01815	0.00717	0.00941	0.00587	0.00442	0.00307	0.00134	0.00379	0.03770	0.00269	0.00491
4	0.00939	0.06582	0.51479	0.04338	0.12857	0.02453	0.01364	0.01336	0.02045	0.02758	0.03348	0.01020	0.00699	0.00449	0.00480	0.00136	0.06550	0.00347	0.00207	0.00613
5	0.00987	0.20217	0.59683	0.01100	0.01656	0.02778	0.01348	0.02631	0.00936	0.03828	0.00766	0.00879	0.00567	0.00407	0.00381	0.00126	0.00590	0.00303	0.00198	0.00620
6	0.00694	0.00480	0.00657	0.00643	0.00716	0.00528	0.00473	0.03422	0.00746	0.03924	0.01283	0.06167	0.01280	0.23738	0.52642	0.00557	0.00870	0.00539	0.00264	0.00375
7	0.00569	0.00420	0.00575	0.00699	0.04993	0.00400	0.00444	0.00660	0.00842	0.01137	0.07567	0.66490	0.02674	0.07164	0.03034	0.00202	0.00299	0.01086	0.00380	0.00366
8	0.01051	0.01017	0.01761	0.06677	0.74650	0.01023	0.04841	0.01313	0.00976	0.01391	0.00811	0.01075	0.00676	0.00385	0.00430	0.00129	0.00524	0.00389	0.00212	0.00668
9	0.01004	0.00978	0.01628	0.18269	0.55344	0.02898	0.05169	0.01256	0.00949	0.01315	0.00849	0.04053	0.00730	0.00440	0.00467	0.00135	0.03270	0.00417	0.00215	0.00615
10	0.01043	0.01004	0.01724	0.09721	0.73665	0.01019	0.02887	0.01304	0.00971	0.01380	0.00808	0.01075	0.00672	0.00387	0.00428	0.00130	0.00521	0.00386	0.00211	0.00662
11	0.00629	0.00453	0.00651	0.00651	0.00721	0.00517	0.00495	0.00771	0.00700	0.01025	0.01191	0.01798	0.01127	0.11138	0.69524	0.00625	0.01016	0.00474	0.06120	0.00373
12	0.48382	0.02368	0.00922	0.00739	0.01030	0.05220	0.04018	0.05726	0.00978	0.24070	0.00940	0.00957	0.00662	0.00449	0.00358	0.00133	0.01832	0.00313	0.00342	0.00562
13	0.00603	0.00440	0.00566	0.00535	0.00639	0.00404	0.00401	0.00800	0.01203	0.01689	0.76699	0.03280	0.09336	0.00895	0.00508	0.00136	0.00204	0.00788	0.00469	0.00404
14	0.01702	0.00884	0.03248	0.00831	0.01158	0.00832	0.00696	0.17637	0.11539	0.52153	0.03655	0.01429	0.01096	0.00542	0.00435	0.00134	0.00388	0.00437	0.00490	0.00715
15	0.01348	0.03804	0.03728	0.00898	0.01188	0.01122	0.00751	0.56677	0.01696	0.02286	0.08685	0.07592	0.01216	0.00789	0.06037	0.00170	0.00482	0.00485	0.00403	0.00641
16	0.00617	0.00457	0.00669	0.00669	0.00738	0.00526	0.00510	0.00754	0.00685	0.00983	0.01175	0.01809	0.01127	0.11670	0.74784	0.00664	0.01078	0.00479	0.00234	0.00372
17	0.00893	0.00766	0.00893	0.00638	0.01021	0.00574	0.00510	0.01085	0.00893	0.01404	0.00766	0.00893	0.00638	0.00319	0.00319	0.00064	0.00319	0.00255	0.00255	0.87495
18	0.01094	0.01210	0.21309	0.01042	0.05166	0.00976	0.00945	0.01734	0.31118	0.11943	0.01267	0.02791	0.00959	0.00540	0.00535	0.00141	0.09957	0.00419	0.00335	0.06520
19	0.01389	0.10183	0.01383	0.08740	0.03047	0.33743	0.03543	0.19080	0.09771	0.01517	0.00871	0.00970	0.00682	0.00470	0.00428	0.00123	0.02855	0.00341	0.00283	0.00579
20	0.01180	0.80164	0.02200	0.00752	0.01119	0.01683	0.00742	0.05983	0.00943	0.01114	0.00625	0.00711	0.00563	0.00377	0.00286	0.00094	0.00461	0.00240	0.00199	0.00563
21	0.00525	0.00375	0.00500	0.00600	0.00625	0.00350	0.00400	0.00600	0.00825	0.01100	0.02374	0.84580	0.02849	0.01350	0.00550	0.00175	0.00250	0.01225	0.00400	0.00350
22	0.01069	0.00980	0.01684	0.03857	0.58996	0.00978	0.10034	0.02513	0.03713	0.05015	0.00977	0.05520	0.00835	0.00480	0.01347	0.00140	0.00517	0.00449	0.00248	0.00649
23	0.01103	0.51443	0.23940	0.02314	0.02756	0.03421	0.00997	0.06007	0.00959	0.01219	0.00679	0.00791	0.00564	0.00398	0.00348	0.00110	0.01895	0.00272	0.00200	0.00585
24	0.00658	0.00540	0.00863	0.00944	0.08544	0.00522	0.08813	0.00798	0.00867	0.01167	0.01956	0.49819	0.02227	0.04674	0.04687	0.00206	0.00395	0.11560	0.00349	0.00410
25	0.00532	0.00380	0.00508	0.00608	0.00636	0.00356	0.00412	0.00612	0.00832	0.01108	0.02370	0.81254	0.02834	0.01343	0.00552	0.00176	0.00256	0.04481	0.00400	0.00352
26	0.00945	0.00748	0.00877	0.00634	0.01002	0.00570	0.00508	0.01135	0.00912	0.05731	0.00844	0.00955	0.00682	0.00339	0.00324	0.00069	0.00316	0.00271	0.04138	0.79000
27	0.87904	0.00833	0.00633	0.00566	0.00833	0.00966	0.00467	0.01266	0.00733	0.01933	0.00600	0.00700	0.00467	0.00400	0.00267	0.00133	0.00333	0.00233	0.00267	0.00467
28	0.00906	0.03455	0.55377	0.04869	0.06855	0.00989	0.05544	0.02487	0.06000	0.01409	0.03400	0.01056	0.00728	0.00428	0.00415	0.00133	0.00577	0.00357	0.00219	0.04799
29	0.00519	0.00424	0.00460	0.00487	0.00602	0.00365	0.00357	0.00623	0.00945	0.01153	0.03825	0.23104	0.60683	0.01155	0.00522	0.00154	0.00232	0.03629	0.00400	0.00362
30	0.00893	0.00766	0.00893	0.00638	0.01021	0.00574	0.00510	0.01085	0.00893	0.01404	0.00766	0.00893	0.00638	0.00319	0.00319	0.00064	0.00319	0.00255	0.00255	0.87495
31	0.01117	0.64412	0.01911	0.00770	0.01079	0.09324	0.00722	0.01254	0.00916	0.01048	0.00864	0.06036	0.00865	0.00509	0.00332	0.00109	0.00473	0.07519	0.00220	0.00521
32	0.00750	0.00668	0.03174	0.00816	0.02282	0.00662	0.04445	0.01129	0.16309	0.01348	0.05553	0.05955	0.19245	0.01088	0.06153	0.00201	0.04395	0.24991	0.00370	0.00466
33	0.01166	0.82545	0.02225	0.00749	0.01113	0.04229	0.00740	0.01303	0.00886	0.01015	0.00601	0.00694	0.00553	0.00371	0.00280	0.00093	0.00470	0.00232	0.00185	0.00551
34	0.00616	0.00416	0.00488	0.00497	0.00505	0.00419	0.00293	0.00633	0.00650	0.00872	0.01443	0.10763	0.01659	0.71230	0.07428	0.00412	0.00450	0.00674	0.00273	0.00278
35	0.01587	0.01181	0.01264	0.00981	0.01317	0.01312	0.00807	0.73746	0.09100	0.02633	0.01098	0.01085	0.00784	0.00523	0.00432	0.00131	0.00462	0.00397	0.00432	0.00728
36	0.08917	0.00940	0.01303	0.13641	0.31693	0.03785	0.00992	0.06656	0.05775	0.01471	0.00873	0.01103	0.00709	0.00520	0.01891	0.00146	0.11346	0.00375	0.07289	0.00575
37	0.02380	0.00993	0.00980	0.00797	0.01093	0.13794	0.00635	0.10261	0.05753	0.10843	0.01113	0.04985	0.00943	0.00515	0.00410	0.00109	0.01894	0.05698	0.00327	0.36477
38	0.01066	0.01023	0.01748	0.02644	0.82174	0.01023	0.01322	0.01322	0.00981	0.01407	0.00810	0.01066	0.00682	0.00384	0.00426	0.00128	0.00512	0.00384	0.00213	0.00682
39	0.01016	0.00762	0.00906	0.00653	0.01030	0.00581	0.00525	0.01205	0.00933	0.11012	0.00876	0.00961	0.00689	0.00344	0.00333	0.00072	0.00325	0.00276	0.00288	0.77212

[dist]
# distance from previous block
# <min> <max>
0	1

[block]
# block no. 8 follows, 61 sequences, length 35
# corresponding to MSA columns:
# 700-734
name=unknown_I
#
# <colnr> <probs for GDERKNQSTAVLIFYWHMCP>
#	G	D	E	R	K	N	Q	S	T	A	V	L	I	F	Y	W	H	M	C	P
0	0.01345	0.00991	0.01039	0.00862	0.01154	0.06345	0.00685	0.15083	0.38378	0.17309	0.01439	0.01349	0.01043	0.00524	0.00419	0.00129	0.00394	0.00420	0.00420	0.10671
1	0.01578	0.01972	0.01294	0.01143	0.01381	0.75544	0.05120	0.04773	0.01241	0.01136	0.00691	0.00808	0.00567	0.00442	0.00397	0.00114	0.00762	0.00294	0.00230	0.00513
2	0.01017	0.01162	0.02542	0.01816	0.02251	0.01089	0.80610	0.01380	0.01017	0.01380	0.00871	0.01162	0.00654	0.00363	0.00508	0.00145	0.00726	0.00508	0.00218	0.00581
3	0.00559	0.00438	0.00505	0.00488	0.00612	0.00385	0.00366	0.00714	0.01099	0.01442	0.42649	0.03688	0.43541	0.00987	0.00509	0.00141	0.00211	0.00845	0.00437	0.00385
4	0.01143	0.01085	0.02258	0.01620	0.02039	0.01004	0.66083	0.01472	0.01043	0.13009	0.00986	0.01195	0.00712	0.00386	0.00490	0.00140	0.00659	0.00488	0.00265	0.03922
5	0.00629	0.00425	0.00526	0.00528	0.00546	0.00442	0.00333	0.00655	0.00641	0.00873	0.01296	0.03900	0.01432	0.60237	0.20677	0.05155	0.00581	0.00585	0.00253	0.00287
6	0.02906	0.01309	0.01190	0.01021	0.01302	0.19017	0.00793	0.23323	0.33638	0.08322	0.01400	0.01395	0.01058	0.00603	0.00472	0.00154	0.00514	0.00442	0.00430	0.00713
7	0.01128	0.00953	0.01006	0.00888	0.01142	0.01098	0.00695	0.10113	0.73480	0.01893	0.01682	0.01550	0.01257	0.00578	0.00438	0.00144	0.00354	0.00477	0.00438	0.00687
8	0.00629	0.00421	0.00498	0.00498	0.00506	0.00430	0.00296	0.00640	0.00632	0.00851	0.01314	0.02644	0.01484	0.73027	0.11147	0.03360	0.00498	0.00600	0.00255	0.00272
9	0.00888	0.00803	0.01530	0.01203	0.01457	0.00760	0.38481	0.01168	0.05275	0.07072	0.01580	0.34623	0.01598	0.00782	0.00516	0.00156	0.00489	0.00789	0.00325	0.00505
10	0.02939	0.01017	0.01126	0.00903	0.01214	0.01103	0.00733	0.39680	0.25144	0.19398	0.01380	0.01289	0.00970	0.00538	0.00431	0.00135	0.00410	0.00424	0.00452	0.00713
11	0.00965	0.00682	0.00857	0.00760	0.00909	0.00762	0.00594	0.22549	0.01068	0.05148	0.01146	0.01606	0.01019	0.11679	0.43800	0.02248	0.02974	0.00455	0.00300	0.00479
12	0.00559	0.00446	0.00497	0.00488	0.00612	0.00396	0.00361	0.00719	0.02983	0.01342	0.28466	0.06872	0.49640	0.04013	0.00569	0.00153	0.00225	0.00860	0.00419	0.00381
13	0.00937	0.23133	0.62360	0.01104	0.01673	0.01178	0.01376	0.01345	0.00901	0.01276	0.00729	0.00854	0.00547	0.00399	0.00376	0.00125	0.00592	0.00296	0.00182	0.00615
14	0.02898	0.01287	0.01126	0.00931	0.02974	0.25898	0.00719	0.23995	0.01331	0.05834	0.00858	0.00928	0.00660	0.00427	0.00379	0.00103	0.00509	0.00311	0.00309	0.28523
15	0.00618	0.00430	0.00528	0.00528	0.00555	0.00448	0.00339	0.00664	0.00660	0.00894	0.01434	0.02574	0.04946	0.59236	0.23908	0.00480	0.00607	0.00594	0.00259	0.00299
16	0.00618	0.00424	0.00519	0.00525	0.00543	0.00439	0.00328	0.00655	0.00652	0.00886	0.01374	0.07416	0.01538	0.62581	0.19294	0.00462	0.00564	0.00627	0.00263	0.00293
17	0.00847	0.00800	0.01353	0.73035	0.13495	0.00966	0.01213	0.01130	0.00877	0.01141	0.00772	0.01137	0.00589	0.00424	0.00430	0.00141	0.00566	0.00383	0.00194	0.00506
18	0.01041	0.12727	0.13821	0.00882	0.01228	0.11307	0.04511	0.03914	0.02441	0.04256	0.00975	0.09747	0.00877	0.00571	0.02657	0.00125	0.01528	0.00401	0.00261	0.26730
19	0.00606	0.00414	0.00497	0.00516	0.00528	0.00417	0.00314	0.00635	0.00670	0.00901	0.01528	0.18016	0.01759	0.61284	0.09763	0.00399	0.00458	0.00722	0.00284	0.00290
20	0.01360	0.03841	0.01139	0.00923	0.01197	0.13477	0.00736	0.30475	0.31247	0.04125	0.02849	0.02339	0.01027	0.00544	0.00422	0.00132	0.00452	0.00423	0.02639	0.00653
21	0.03410	0.31291	0.34429	0.00992	0.01441	0.12699	0.01084	0.03314	0.03721	0.01261	0.00732	0.00835	0.00580	0.00406	0.00355	0.00116	0.00566	0.00286	0.00207	0.02276
22	0.01042	0.40146	0.38745	0.01044	0.04175	0.05727	0.01150	0.01348	0.00913	0.01188	0.00689	0.00808	0.00554	0.00392	0.00348	0.00114	0.00559	0.00278	0.00186	0.00592
23	0.01169	0.81936	0.02217	0.00751	0.01114	0.04826	0.00741	0.01306	0.00888	0.01015	0.00601	0.00694	0.00553	0.00371	0.00281	0.00093	0.00473	0.00232	0.00186	0.00551
24	0.00603	0.00466	0.00579	0.00564	0.00688	0.00418	0.03064	0.00759	0.02979	0.03504	0.18878	0.23836	0.39955	0.01062	0.00515	0.00151	0.00247	0.00926	0.00413	0.00394
25	0.03032	0.05414	0.04984	0.09312	0.53380	0.03773	0.01182	0.04987	0.01941	0.06657	0.00863	0.01060	0.00686	0.00409	0.00414	0.00128	0.00512	0.00371	0.00243	0.00651
26	0.00616	0.00411	0.00482	0.00494	0.00506	0.00405	0.00293	0.00628	0.00685	0.00914	0.05203	0.13323	0.03999	0.63516	0.01831	0.05045	0.00378	0.00705	0.00288	0.00278
27	0.00568	0.00388	0.00512	0.00594	0.00635	0.00360	0.00402	0.00652	0.00852	0.03287	0.04521	0.76355	0.05326	0.01294	0.00540	0.00171	0.00250	0.01169	0.01760	0.00363
28	0.01087	0.01198	0.07030	0.09973	0.46882	0.11594	0.06900	0.03695	0.01022	0.01352	0.00867	0.04830	0.00744	0.00444	0.00432	0.00131	0.00563	0.00413	0.00225	0.00615
29	0.04362	0.03787	0.25949	0.01280	0.08297	0.14152	0.11283	0.09119	0.11573	0.02932	0.00960	0.01114	0.00736	0.00457	0.00421	0.00133	0.00580	0.01983	0.00266	0.00615
30	0.01021	0.01031	0.04092	0.13944	0.59316	0.01020	0.07979	0.01328	0.03524	0.01373	0.00838	0.01098	0.00681	0.00396	0.00434	0.00132	0.00537	0.00396	0.00217	0.00644
31	0.00884	0.04001	0.00840	0.00733	0.00846	0.10981	0.00566	0.04605	0.00861	0.03246	0.02653	0.01611	0.01060	0.12266	0.37878	0.00416	0.06759	0.00440	0.08930	0.00423
32	0.00671	0.00632	0.00573	0.00561	0.00694	0.10610	0.00416	0.00800	0.01055	0.01282	0.22625	0.10988	0.45571	0.00984	0.00498	0.00142	0.00287	0.00829	0.00396	0.00390
33	0.00626	0.00453	0.00532	0.00542	0.00667	0.00395	0.00403	0.00743	0.00959	0.05567	0.07806	0.27689	0.40599	0.01097	0.00514	0.00153	0.00251	0.06253	0.00405	0.04347
34	0.00950	0.00779	0.00895	0.00665	0.01013	0.00641	0.00530	0.09024	0.02372	0.01536	0.00910	0.04756	0.00780	0.00398	0.00342	0.00078	0.00327	0.00323	0.04081	0.69600

[dist]
# distance from previous block
# <min> <max>
4	38

[block]
# block no. 9 follows, 61 sequences, length 32
# corresponding to MSA columns:
# 781-812
name=unknown_J
#
# <colnr> <probs for GDERKNQSTAVLIFYWHMCP>
#	G	D	E	R	K	N	Q	S	T	A	V	L	I	F	Y	W	H	M	C	P
0	0.02466	0.00966	0.02599	0.17559	0.38856	0.00994	0.08039	0.06041	0.08439	0.01457	0.00958	0.04141	0.00792	0.00450	0.00433	0.00133	0.00505	0.00426	0.00252	0.04495
1	0.11266	0.16818	0.02420	0.00888	0.01188	0.16819	0.03216	0.17779	0.10311	0.03861	0.02025	0.02380	0.00815	0.00484	0.00377	0.00120	0.00486	0.02131	0.00308	0.06307
2	0.00626	0.00477	0.00719	0.00759	0.03796	0.00544	0.00559	0.00779	0.00712	0.01022	0.01221	0.07127	0.01179	0.03001	0.74629	0.00637	0.01070	0.00509	0.00241	0.00393
3	0.01172	0.77666	0.04416	0.00774	0.01141	0.06745	0.00767	0.01319	0.00898	0.01026	0.00608	0.00702	0.00553	0.00374	0.00287	0.00095	0.00485	0.00236	0.00187	0.00552
4	0.01036	0.05888	0.03493	0.00703	0.01073	0.06092	0.00587	0.01225	0.00941	0.08059	0.00848	0.02050	0.00690	0.00365	0.00336	0.00078	0.00370	0.00285	0.00272	0.65609
5	0.01110	0.13355	0.28734	0.03723	0.08905	0.15821	0.07192	0.03524	0.07230	0.02670	0.00884	0.03379	0.00709	0.00450	0.00404	0.00127	0.00588	0.00364	0.00234	0.00595
6	0.00651	0.00496	0.00629	0.00635	0.03079	0.00480	0.00455	0.03058	0.05192	0.01546	0.47401	0.12856	0.14372	0.01082	0.05947	0.00178	0.00297	0.00793	0.00428	0.00423
7	0.01197	0.01065	0.01061	0.00955	0.03013	0.08771	0.00730	0.14896	0.55518	0.01838	0.01506	0.03560	0.01160	0.00579	0.00454	0.00141	0.02023	0.00466	0.00406	0.00660
8	0.00893	0.00766	0.00893	0.00638	0.01021	0.00574	0.00510	0.01085	0.00893	0.01404	0.00766	0.00893	0.00638	0.00319	0.00319	0.00064	0.00319	0.00255	0.00255	0.87495
9	0.00620	0.00442	0.00592	0.00592	0.00634	0.00484	0.00413	0.00705	0.00663	0.00926	0.01246	0.02201	0.01298	0.40098	0.46590	0.00568	0.00821	0.00536	0.00244	0.00329
10	0.00585	0.00504	0.03055	0.00586	0.00693	0.00450	0.00449	0.00753	0.03368	0.01286	0.21316	0.28543	0.26567	0.01217	0.05985	0.00189	0.02765	0.00901	0.00394	0.00392
11	0.00558	0.00475	0.00486	0.00476	0.00627	0.00421	0.00359	0.00759	0.07271	0.01243	0.08289	0.03898	0.71554	0.01040	0.00504	0.00145	0.00227	0.00869	0.00407	0.00391
12	0.00893	0.00766	0.00893	0.00638	0.01021	0.00574	0.00510	0.01085	0.00893	0.01404	0.00766	0.00893	0.00638	0.00319	0.00319	0.00064	0.00319	0.00255	0.00255	0.87495
13	0.01053	0.04753	0.01623	0.09406	0.59954	0.02833	0.01181	0.02749	0.00981	0.01379	0.00793	0.01032	0.00661	0.00384	0.00408	0.00121	0.00500	0.00361	0.00219	0.09610
14	0.00534	0.00380	0.00504	0.00600	0.00626	0.00357	0.00403	0.00610	0.00821	0.01094	0.02326	0.78575	0.02781	0.05043	0.00624	0.00186	0.00262	0.03533	0.00394	0.00347
15	0.87904	0.00833	0.00633	0.00566	0.00833	0.00966	0.00467	0.01266	0.00733	0.01933	0.00600	0.00700	0.00467	0.00400	0.00267	0.00133	0.00333	0.00233	0.00267	0.00467
16	0.01007	0.01890	0.01104	0.06590	0.05950	0.00716	0.05538	0.01256	0.04289	0.09137	0.03789	0.01103	0.00825	0.00399	0.00401	0.00095	0.02996	0.00336	0.00285	0.52293
17	0.00649	0.00507	0.00664	0.00739	0.06024	0.00510	0.00473	0.00746	0.02133	0.01082	0.01863	0.41422	0.05918	0.22483	0.01006	0.00226	0.06489	0.00865	0.00328	0.05872
18	0.00615	0.00462	0.00692	0.00692	0.00769	0.00538	0.00538	0.00769	0.00692	0.01000	0.01154	0.01692	0.01077	0.03231	0.83154	0.00692	0.01154	0.00462	0.00231	0.00385
19	0.05735	0.00950	0.01080	0.02695	0.03037	0.01021	0.00722	0.26988	0.26466	0.23076	0.01455	0.01364	0.02344	0.00541	0.00427	0.00136	0.00396	0.00432	0.00441	0.00691
20	0.01070	0.60165	0.16704	0.02820	0.03841	0.01485	0.00915	0.01309	0.03108	0.01116	0.00712	0.02647	0.00628	0.00411	0.00334	0.00107	0.01577	0.00286	0.00197	0.00568
21	0.00781	0.00543	0.00684	0.00625	0.00773	0.00524	0.01934	0.01108	0.12617	0.08755	0.46248	0.09328	0.12655	0.00860	0.00495	0.00141	0.00252	0.00753	0.00455	0.00468
22	0.00748	0.00374	0.00561	0.00561	0.00561	0.00374	0.00374	0.00561	0.00561	0.00748	0.00748	0.01309	0.00748	0.01496	0.01684	0.87467	0.00374	0.00374	0.00187	0.00187
23	0.01249	0.02105	0.00900	0.00775	0.00973	0.07784	0.00610	0.07597	0.06115	0.27789	0.01612	0.11938	0.03412	0.06599	0.10739	0.00230	0.02900	0.05732	0.00393	0.00547
24	0.00994	0.07257	0.34326	0.03511	0.29585	0.03149	0.03568	0.01325	0.00948	0.04350	0.00914	0.06488	0.00769	0.00464	0.00419	0.00133	0.00550	0.00405	0.00223	0.00623
25	0.00889	0.07921	0.75186	0.01186	0.01795	0.01051	0.01511	0.01380	0.02774	0.01350	0.00784	0.00911	0.00564	0.00411	0.00401	0.00134	0.00618	0.00316	0.00188	0.00632
26	0.01143	0.69610	0.10635	0.00813	0.01195	0.06974	0.00830	0.01318	0.00899	0.01053	0.00630	0.00735	0.00560	0.00422	0.01575	0.00107	0.00511	0.00246	0.00187	0.00556
27	0.03691	0.05148	0.06516	0.00935	0.01226	0.28553	0.03324	0.13285	0.02425	0.17548	0.01384	0.03789	0.09195	0.00559	0.00419	0.00127	0.00534	0.00428	0.00338	0.00578
28	0.09127	0.04601	0.05243	0.03421	0.03748	0.28120	0.00802	0.13241	0.10385	0.14308	0.01069	0.01087	0.02023	0.00484	0.00398	0.00126	0.00537	0.00355	0.00328	0.00600
29	0.02656	0.00938	0.02134	0.01305	0.14769	0.05723	0.18385	0.10494	0.04648	0.06326	0.01386	0.19674	0.03351	0.03319	0.00523	0.00151	0.00479	0.00613	0.00319	0.02807
30	0.27526	0.03986	0.01088	0.04312	0.02379	0.31799	0.02513	0.08383	0.01089	0.06469	0.00756	0.00851	0.00585	0.00429	0.00355	0.00119	0.00538	0.00291	0.00272	0.06258
31	0.03523	0.00670	0.00752	0.00700	0.02008	0.03228	0.00537	0.13710	0.02328	0.08653	0.11851	0.13806	0.21327	0.01034	0.06009	0.00181	0.00380	0.06436	0.00399	0.02468

[dist]
# distance from previous block
# <min> <max>
4	20

[block]
# block no. 10 follows, 61 sequences, length 17
# corresponding to MSA columns:
# 871-882,884-888
name=unknown_K
#
# <colnr> <probs for GDERKNQSTAVLIFYWHMCP>
#	G	D	E	R	K	N	Q	S	T	A	V	L	I	F	Y	W	H	M	C	P
0	0.01211	0.01170	0.01143	0.03582	0.05739	0.22457	0.03032	0.11723	0.06549	0.05008	0.04192	0.02908	0.03895	0.00553	0.00506	0.00126	0.07983	0.03287	0.00304	0.14632
1	0.07365	0.24030	0.04540	0.03883	0.01211	0.01098	0.05171	0.09684	0.07123	0.03810	0.01140	0.05006	0.02672	0.00564	0.00430	0.00127	0.03589	0.08639	0.00291	0.09625
2	0.02572	0.00888	0.05748	0.06048	0.10538	0.02811	0.03655	0.07764	0.02816	0.02997	0.02283	0.12146	0.04932	0.03168	0.00480	0.00126	0.01593	0.00489	0.00292	0.28653
3	0.01269	0.28178	0.12570	0.01006	0.05791	0.04456	0.00893	0.23569	0.10370	0.04804	0.01006	0.01042	0.02315	0.00464	0.00379	0.00120	0.00481	0.00347	0.00302	0.00637
4	0.04951	0.00935	0.04175	0.00890	0.03071	0.00932	0.00724	0.35076	0.05391	0.15714	0.03222	0.11994	0.03456	0.00691	0.00455	0.00143	0.00404	0.06733	0.00420	0.00623
5	0.00569	0.00440	0.00546	0.00546	0.00645	0.00428	0.00406	0.00699	0.00903	0.01190	0.17214	0.08016	0.32676	0.07553	0.25852	0.00331	0.00517	0.00748	0.00352	0.00370
