[name]
unknown

[dist]
# distance from previous block
# <min> <max>
0	68

[block]
# block no. 0 follows, 59 sequences, length 12
# corresponding to MSA columns:
# 68-79
name=unknown_A
#
# <colnr> <probs for GDERKNQSTAVLIFYWHMCP>
#	G	D	E	R	K	N	Q	S	T	A	V	L	I	F	Y	W	H	M	C	P
0	0.05480	0.00823	0.04566	0.56291	0.02388	0.00909	0.01065	0.05052	0.00956	0.01295	0.01131	0.03845	0.03916	0.00571	0.00453	0.00151	0.00528	0.08350	0.00248	0.01982
1	0.00908	0.00755	0.00874	0.00653	0.00986	0.00609	0.00509	0.03789	0.03666	0.01453	0.04287	0.01250	0.00927	0.09074	0.00542	0.00111	0.00339	0.00336	0.00284	0.68649
2	0.00716	0.00574	0.00808	0.02427	0.11110	0.00527	0.02876	0.00892	0.01056	0.03195	0.29502	0.18591	0.17638	0.00896	0.00501	0.00143	0.00296	0.00797	0.00394	0.07061
3	0.01503	0.24391	0.01573	0.00939	0.01289	0.09232	0.00803	0.47239	0.01618	0.02076	0.00888	0.00931	0.00678	0.00471	0.00389	0.00117	0.00505	0.00336	0.00343	0.04680
4	0.00754	0.00477	0.00574	0.00555	0.00695	0.00418	0.00414	0.00887	0.01060	0.12719	0.20253	0.21243	0.36195	0.01050	0.00520	0.00152	0.00249	0.00906	0.00446	0.00433
5	0.03855	0.22633	0.24300	0.04491	0.01488	0.21487	0.01040	0.05815	0.02470	0.03170	0.00773	0.00899	0.00613	0.00510	0.02383	0.00137	0.02817	0.00308	0.00229	0.00582
6	0.01045	0.19765	0.39629	0.01252	0.06177	0.01184	0.11271	0.05621	0.02461	0.03347	0.03680	0.01043	0.00748	0.00432	0.00410	0.00130	0.00581	0.00362	0.00231	0.00630
7	0.00597	0.00438	0.00548	0.00615	0.00674	0.00415	0.00423	0.04873	0.00932	0.01224	0.02621	0.69571	0.12814	0.01304	0.00552	0.00173	0.00264	0.01169	0.00412	0.00382
8	0.00615	0.00464	0.00588	0.00671	0.03351	0.00438	0.00450	0.04638	0.00964	0.01268	0.07067	0.58409	0.16958	0.01234	0.00544	0.00168	0.00268	0.01101	0.00410	0.00395
9	0.12701	0.07183	0.10576	0.03100	0.12842	0.09007	0.04130	0.17352	0.01220	0.10477	0.02517	0.05138	0.00856	0.00506	0.00412	0.00133	0.00505	0.00405	0.00316	0.00622
10	0.09142	0.09489	0.10115	0.10518	0.20671	0.06429	0.02511	0.08601	0.04990	0.05252	0.02000	0.06542	0.00874	0.00507	0.00415	0.00135	0.00505	0.00421	0.00278	0.00604
11	0.03121	0.16064	0.05053	0.17157	0.18794	0.04581	0.03578	0.04418	0.04661	0.04675	0.02799	0.06393	0.05816	0.00540	0.00422	0.00133	0.00491	0.00459	0.00271	0.00574

[dist]
# distance from previous block
# <min> <max>
0	25

[block]
# block no. 1 follows, 59 sequences, length 20
# corresponding to MSA columns:
# 105-124
name=unknown_B
#
# <colnr> <probs for GDERKNQSTAVLIFYWHMCP>
#	G	D	E	R	K	N	Q	S	T	A	V	L	I	F	Y	W	H	M	C	P
0	0.04001	0.01014	0.01486	0.04727	0.52065	0.04122	0.01107	0.05414	0.08840	0.02631	0.06189	0.01341	0.02839	0.00475	0.00438	0.00133	0.00480	0.00432	0.00280	0.01988
1	0.00938	0.00756	0.00879	0.00654	0.01009	0.00596	0.00521	0.01180	0.04991	0.05443	0.03427	0.01313	0.07233	0.00431	0.00360	0.00082	0.00319	0.00351	0.00303	0.69214
2	0.03975	0.00846	0.01346	0.16263	0.36388	0.00879	0.04458	0.02171	0.04228	0.01432	0.09621	0.03350	0.08664	0.01589	0.00482	0.00145	0.00461	0.02845	0.00284	0.00571
3	0.00703	0.00488	0.00581	0.00564	0.00606	0.00508	0.00365	0.05895	0.00777	0.01054	0.03958	0.06333	0.01607	0.58518	0.15813	0.00436	0.00547	0.00631	0.00287	0.00330
4	0.00643	0.00487	0.00619	0.00709	0.04269	0.00465	0.00477	0.05892	0.00979	0.01286	0.04816	0.55866	0.16783	0.01218	0.00543	0.00168	0.00281	0.03688	0.00406	0.00405
5	0.04163	0.05538	0.01253	0.06429	0.06034	0.08998	0.00808	0.33501	0.13136	0.01978	0.01151	0.01195	0.03568	0.00506	0.00415	0.00126	0.00473	0.00391	0.00354	0.09983
6	0.03513	0.01009	0.01520	0.13443	0.54177	0.06323	0.01172	0.01284	0.01017	0.01410	0.07416	0.01352	0.03513	0.00469	0.00440	0.00134	0.00511	0.00432	0.00245	0.00619
7	0.04245	0.04111	0.08472	0.04521	0.25588	0.03684	0.05493	0.18096	0.04361	0.09202	0.01042	0.04701	0.00831	0.00504	0.00468	0.00137	0.03148	0.00427	0.00311	0.00658
8	0.03671	0.04020	0.25383	0.12312	0.21997	0.01055	0.10254	0.03951	0.06251	0.05542	0.00924	0.01101	0.00694	0.00431	0.00434	0.00138	0.00568	0.00388	0.00246	0.00640
9	0.00910	0.00766	0.01233	0.68820	0.02670	0.00920	0.01106	0.01216	0.03684	0.07330	0.01135	0.01420	0.05964	0.00499	0.00447	0.00147	0.00540	0.00436	0.00246	0.00510
10	0.09231	0.01063	0.14481	0.00963	0.01262	0.03094	0.11032	0.05613	0.05833	0.11330	0.04207	0.08476	0.09507	0.03600	0.01788	0.00167	0.04426	0.03038	0.00336	0.00551
11	0.01160	0.03901	0.12926	0.12908	0.17442	0.07593	0.06199	0.11187	0.05516	0.06301	0.03298	0.03451	0.00870	0.00490	0.00453	0.00135	0.01855	0.00418	0.00285	0.03612
12	0.07724	0.00706	0.04327	0.04152	0.05303	0.00661	0.05187	0.02656	0.06198	0.07659	0.04656	0.32082	0.10223	0.03029	0.00557	0.00165	0.02048	0.01816	0.00369	0.00483
13	0.01185	0.00971	0.06411	0.02224	0.12814	0.04895	0.06918	0.10816	0.01160	0.16433	0.05275	0.12675	0.03484	0.00745	0.04089	0.00161	0.00483	0.00547	0.00354	0.08360
14	0.05029	0.03689	0.11360	0.07308	0.04038	0.09056	0.09078	0.12697	0.03962	0.12475	0.01324	0.11755	0.03725	0.00604	0.00447	0.00141	0.00505	0.00515	0.01703	0.00590
15	0.06297	0.06002	0.18142	0.04467	0.06337	0.13101	0.07461	0.02836	0.05068	0.09489	0.05032	0.08607	0.01076	0.01632	0.00454	0.00139	0.00529	0.00463	0.00295	0.02573
16	0.02826	0.03771	0.05744	0.11857	0.22471	0.06382	0.11664	0.06015	0.01993	0.05942	0.02868	0.07167	0.00949	0.00535	0.00503	0.00141	0.04950	0.01626	0.00272	0.02323
17	0.10765	0.01055	0.12615	0.07505	0.06145	0.03539	0.04020	0.10545	0.03302	0.12127	0.09282	0.06716	0.02805	0.00701	0.04068	0.00163	0.00484	0.00484	0.00339	0.03338
18	0.03946	0.04449	0.04671	0.07438	0.04895	0.13059	0.05323	0.15659	0.05886	0.08416	0.10048	0.03728	0.01218	0.02257	0.00488	0.00138	0.01718	0.01415	0.00339	0.04906
19	0.04224	0.06249	0.06558	0.02874	0.16392	0.06865	0.06692	0.14709	0.02688	0.06716	0.03102	0.01430	0.08000	0.00718	0.05876	0.00172	0.04109	0.00442	0.00304	0.01878

[dist]
# distance from previous block
# <min> <max>
7	93

[block]
# block no. 2 follows, 59 sequences, length 9
# corresponding to MSA columns:
# 226-234
name=unknown_C
#
# <colnr> <probs for GDERKNQSTAVLIFYWHMCP>
#	G	D	E	R	K	N	Q	S	T	A	V	L	I	F	Y	W	H	M	C	P
0	0.01197	0.01066	0.05295	0.10685	0.23658	0.06716	0.03408	0.09075	0.04876	0.11522	0.03176	0.03726	0.03745	0.00542	0.00525	0.00140	0.07135	0.00449	0.00307	0.02757
1	0.03401	0.02359	0.02782	0.13129	0.31423	0.06860	0.06017	0.06996	0.03288	0.06722	0.04863	0.03378	0.02163	0.00487	0.00438	0.00133	0.00511	0.00436	0.00283	0.04331
2	0.03292	0.01063	0.03617	0.12627	0.20898	0.08523	0.08027	0.05887	0.08969	0.05430	0.03635	0.03137	0.00925	0.02265	0.00471	0.00137	0.00511	0.00426	0.00288	0.09874
3	0.05897	0.05463	0.01413	0.10583	0.20361	0.11035	0.04718	0.09626	0.05339	0.10948	0.01048	0.01170	0.02726	0.00478	0.00459	0.00132	0.03711	0.00389	0.00298	0.04206
4	0.11273	0.08901	0.01308	0.14952	0.15728	0.08515	0.00887	0.10420	0.06573	0.03571	0.00967	0.05518	0.00819	0.01803	0.00455	0.00136	0.02389	0.00403	0.00282	0.05100
5	0.09707	0.01150	0.04197	0.13664	0.15272	0.07541	0.04811	0.23610	0.04531	0.04919	0.00924	0.01065	0.00696	0.00467	0.00446	0.00135	0.02629	0.00376	0.00306	0.03552
6	0.01043	0.00984	0.01496	0.12576	0.43683	0.04374	0.04262	0.04705	0.05964	0.01408	0.00944	0.01262	0.00796	0.05015	0.06409	0.00189	0.00576	0.00415	0.00246	0.03656
7	0.00736	0.00539	0.03530	0.03475	0.00706	0.00489	0.00405	0.00790	0.00718	0.05167	0.01372	0.06681	0.01492	0.60749	0.05678	0.02066	0.00461	0.00614	0.00281	0.04052
8	0.01346	0.05916	0.01591	0.04937	0.06021	0.27336	0.19042	0.08399	0.03381	0.08072	0.02681	0.03262	0.00823	0.00481	0.00455	0.00130	0.01989	0.00413	0.00285	0.03440

[dist]
# distance from previous block
# <min> <max>
1	9

[block]
# block no. 3 follows, 59 sequences, length 8
# corresponding to MSA columns:
# 245-252
name=unknown_D
#
# <colnr> <probs for GDERKNQSTAVLIFYWHMCP>
#	G	D	E	R	K	N	Q	S	T	A	V	L	I	F	Y	W	H	M	C	P
0	0.01045	0.35444	0.31577	0.01028	0.01476	0.04836	0.05958	0.03364	0.00947	0.01240	0.00766	0.00931	0.00626	0.00678	0.08166	0.00175	0.00637	0.00316	0.00203	0.00586
1	0.01080	0.60247	0.13093	0.00806	0.01186	0.04076	0.00833	0.01274	0.00942	0.01145	0.05867	0.01123	0.05839	0.00465	0.00335	0.00108	0.00476	0.00328	0.00222	0.00556
2	0.01122	0.01148	0.08711	0.00937	0.01236	0.06161	0.00791	0.04842	0.60856	0.01765	0.01547	0.01463	0.01163	0.00555	0.00436	0.00141	0.00410	0.00452	0.00399	0.05866
3	0.01153	0.11256	0.01278	0.00925	0.01163	0.01012	0.08195	0.19536	0.10111	0.08611	0.01462	0.19380	0.01378	0.03758	0.00589	0.00159	0.05413	0.03674	0.00370	0.00576
4	0.08648	0.02716	0.06732	0.02057	0.03276	0.08665	0.01853	0.10991	0.03616	0.12471	0.13995	0.10023	0.06613	0.00846	0.05379	0.00174	0.00461	0.00563	0.00374	0.00548
5	0.23327	0.14487	0.11391	0.02700	0.01276	0.16087	0.02480	0.08959	0.05007	0.06481	0.00885	0.03533	0.00709	0.00474	0.00369	0.00128	0.00512	0.00340	0.00284	0.00573
6	0.03713	0.05084	0.03683	0.00796	0.00983	0.10320	0.01814	0.10009	0.04124	0.02963	0.02275	0.06886	0.01145	0.14809	0.22659	0.00331	0.01960	0.00488	0.00291	0.05669
7	0.04092	0.11547	0.20426	0.02862	0.07047	0.05724	0.13711	0.03731	0.05491	0.11951	0.02787	0.04913	0.00933	0.00509	0.00433	0.00137	0.00542	0.02260	0.00291	0.00614

[dist]
# distance from previous block
# <min> <max>
11	45

[block]
# block no. 4 follows, 59 sequences, length 34
# corresponding to MSA columns:
# 313-346
name=unknown_E
#
# <colnr> <probs for GDERKNQSTAVLIFYWHMCP>
#	G	D	E	R	K	N	Q	S	T	A	V	L	I	F	Y	W	H	M	C	P
0	0.01183	0.13661	0.08335	0.03789	0.12561	0.08933	0.03073	0.14906	0.06386	0.05348	0.02503	0.11090	0.01069	0.02308	0.01780	0.00149	0.01535	0.00484	0.00309	0.00598
1	0.08811	0.10276	0.02264	0.03745	0.03110	0.09358	0.04270	0.12416	0.01192	0.16726	0.07644	0.05610	0.05409	0.02512	0.00466	0.00139	0.00447	0.01971	0.00360	0.03275
2	0.00827	0.01860	0.06542	0.03423	0.02370	0.00637	0.02603	0.02335	0.02088	0.07173	0.04099	0.06073	0.01200	0.05096	0.40191	0.07027	0.00792	0.00496	0.00278	0.04890
3	0.00938	0.12191	0.06470	0.00863	0.03383	0.03631	0.00734	0.09237	0.03142	0.03033	0.01785	0.16410	0.05857	0.00874	0.00488	0.00155	0.00416	0.24766	0.00351	0.05278
4	0.41352	0.15756	0.05166	0.03986	0.02430	0.07274	0.00718	0.14498	0.02412	0.01811	0.00733	0.00829	0.00572	0.00432	0.00332	0.00128	0.00450	0.00285	0.00278	0.00558
5	0.04253	0.01043	0.11658	0.06065	0.36220	0.00898	0.01073	0.02814	0.06581	0.04907	0.08998	0.01749	0.06534	0.00565	0.00453	0.00141	0.00462	0.04675	0.00298	0.00613
6	0.01028	0.01045	0.01327	0.03475	0.01229	0.07369	0.00945	0.02973	0.00767	0.01121	0.00612	0.00960	0.00586	0.00717	0.01275	0.00180	0.69949	0.00374	0.00204	0.03862
7	0.00767	0.00384	0.00575	0.00575	0.00575	0.00384	0.00384	0.00575	0.00575	0.00767	0.00767	0.01343	0.00767	0.01534	0.01726	0.87150	0.00384	0.00384	0.00192	0.00192
8	0.02405	0.01169	0.07306	0.12771	0.05346	0.01198	0.02230	0.39498	0.18746	0.03086	0.01150	0.01199	0.00840	0.00514	0.00441	0.00139	0.00486	0.00414	0.00375	0.00687
9	0.01042	0.10043	0.34417	0.04870	0.05922	0.03100	0.18644	0.01442	0.03996	0.06036	0.03589	0.01122	0.00775	0.00445	0.00461	0.00138	0.02704	0.00396	0.00239	0.00619
10	0.01072	0.01024	0.01743	0.02630	0.78602	0.01023	0.01319	0.01327	0.01000	0.01431	0.00892	0.04292	0.00785	0.00432	0.00442	0.00133	0.00514	0.00427	0.00226	0.00686
11	0.01246	0.03931	0.03359	0.02662	0.09798	0.02100	0.05627	0.23908	0.08470	0.06952	0.01084	0.04335	0.00858	0.00482	0.00415	0.00118	0.00446	0.00405	0.00341	0.23462
12	0.00592	0.00452	0.00636	0.11323	0.00961	0.00462	0.00522	0.00708	0.00859	0.01140	0.05401	0.54801	0.07768	0.02408	0.08446	0.01382	0.00388	0.01010	0.00364	0.00379
13	0.09720	0.19506	0.18890	0.01097	0.05080	0.02508	0.07589	0.18760	0.01183	0.03752	0.02751	0.02980	0.00766	0.00478	0.00428	0.00131	0.03115	0.00371	0.00279	0.00618
14	0.01191	0.11992	0.41440	0.01253	0.07565	0.02405	0.07509	0.02986	0.01033	0.17076	0.00969	0.01048	0.00687	0.00436	0.00417	0.00133	0.00574	0.00359	0.00268	0.00660
15	0.00712	0.00508	0.00712	0.00813	0.00915	0.00508	0.00712	0.00915	0.01017	0.01322	0.02338	0.04982	0.02542	0.01220	0.00610	0.00203	0.00407	0.78750	0.00407	0.00407
16	0.01190	0.04255	0.01171	0.02607	0.08077	0.07583	0.00791	0.08895	0.56485	0.01790	0.01500	0.01438	0.01136	0.00553	0.00437	0.00142	0.00421	0.00453	0.00397	0.00680
17	0.02420	0.25840	0.21725	0.00974	0.02863	0.07264	0.00962	0.07834	0.06593	0.14012	0.01017	0.03432	0.00787	0.00477	0.00387	0.00124	0.00510	0.00359	0.00295	0.02126
18	0.00873	0.00920	0.07361	0.72025	0.05544	0.00999	0.01249	0.03623	0.00928	0.01211	0.00796	0.01153	0.00595	0.00441	0.00440	0.00146	0.00588	0.00388	0.00204	0.00518
19	0.01181	0.84744	0.02314	0.00756	0.01134	0.01748	0.00756	0.01323	0.00897	0.01039	0.00614	0.00708	0.00567	0.00378	0.00283	0.00094	0.00472	0.00236	0.00189	0.00567
20	0.00767	0.00384	0.00575	0.00575	0.00575	0.00384	0.00384	0.00575	0.00575	0.00767	0.00767	0.01343	0.00767	0.01534	0.01726	0.87150	0.00384	0.00384	0.00192	0.00192
21	0.00863	0.00815	0.01378	0.74271	0.11958	0.00989	0.01241	0.01154	0.00897	0.01164	0.00790	0.01168	0.00601	0.00436	0.00441	0.00145	0.00581	0.00393	0.00199	0.00514
22	0.00604	0.03138	0.00641	0.00653	0.06674	0.00500	0.00449	0.00730	0.01001	0.01223	0.06623	0.03762	0.67602	0.01022	0.00539	0.00147	0.03051	0.00847	0.00384	0.00408
23	0.00619	0.00428	0.00538	0.00594	0.00624	0.00419	0.00406	0.00686	0.00788	0.01044	0.01949	0.32274	0.02259	0.38496	0.01326	0.00295	0.00363	0.16219	0.00346	0.00327
24	0.01062	0.01095	0.04275	0.27482	0.37348	0.10150	0.01189	0.04304	0.01025	0.01346	0.00883	0.04322	0.00744	0.00463	0.00436	0.00136	0.00561	0.00413	0.02173	0.00594
25	0.02990	0.07344	0.69302	0.01256	0.01867	0.01077	0.07392	0.01393	0.00934	0.01391	0.00785	0.00933	0.00566	0.00413	0.00415	0.00138	0.00641	0.00333	0.00191	0.00639
26	0.01139	0.64505	0.10248	0.01022	0.09914	0.01577	0.00907	0.01369	0.03688	0.01147	0.00696	0.00805	0.00607	0.00391	0.00319	0.00105	0.00492	0.00271	0.00201	0.00594
27	0.00638	0.00444	0.00559	0.00559	0.00586	0.00470	0.00365	0.00692	0.00665	0.00914	0.01321	0.02497	0.01435	0.56816	0.29676	0.00524	0.00685	0.00585	0.00257	0.00311
28	0.12641	0.04850	0.06192	0.01043	0.01298	0.34584	0.02002	0.14170	0.01191	0.03519	0.00752	0.00884	0.00602	0.00508	0.00557	0.00134	0.13925	0.00321	0.00266	0.00559
29	0.00525	0.00448	0.00451	0.00450	0.00598	0.00374	0.00338	0.00639	0.01013	0.01208	0.06508	0.04225	0.79501	0.01113	0.00522	0.00149	0.00223	0.00929	0.00412	0.00374
30	0.01152	0.01029	0.06742	0.00925	0.02384	0.01038	0.00771	0.25597	0.31676	0.01986	0.07358	0.03387	0.07452	0.00669	0.00486	0.00147	0.02203	0.03938	0.00417	0.00643
31	0.01173	0.00913	0.00987	0.00850	0.01103	0.01010	0.00677	0.23525	0.39096	0.04136	0.04646	0.01952	0.09993	0.00728	0.02279	0.00158	0.00387	0.03567	0.02174	0.00646
32	0.01038	0.00983	0.01657	0.08968	0.67667	0.01008	0.01271	0.01317	0.02707	0.01395	0.00874	0.01160	0.00735	0.00619	0.06564	0.00176	0.00575	0.00402	0.00223	0.00660
33	0.71553	0.01040	0.06778	0.00682	0.00981	0.05516	0.00600	0.02734	0.03932	0.01897	0.00686	0.00780	0.00528	0.00423	0.00301	0.00136	0.00393	0.00261	0.00274	0.00506

[dist]
# distance from previous block
# <min> <max>
0	4

[block]
# block no. 5 follows, 59 sequences, length 12
# corresponding to MSA columns:
# 356-367
name=unknown_F
#
# <colnr> <probs for GDERKNQSTAVLIFYWHMCP>
#	G	D	E	R	K	N	Q	S	T	A	V	L	I	F	Y	W	H	M	C	P
0	0.10012	0.11913	0.02910	0.02321	0.07286	0.16776	0.00765	0.17153	0.07375	0.05925	0.03265	0.01148	0.00865	0.01847	0.00415	0.00128	0.00486	0.00364	0.08455	0.00591
1	0.00827	0.00666	0.00713	0.00692	0.02972	0.05026	0.00510	0.10080	0.03420	0.04243	0.16156	0.11579	0.33729	0.01068	0.04787	0.00176	0.00356	0.02129	0.00408	0.00463
2	0.00923	0.03666	0.15836	0.11930	0.07449	0.00810	0.04490	0.02841	0.03274	0.04328	0.12961	0.03398	0.03414	0.00519	0.00424	0.00121	0.00443	0.00448	0.00292	0.22431
3	0.01135	0.01224	0.01238	0.01114	0.04475	0.27026	0.07512	0.02462	0.00983	0.02709	0.01123	0.09022	0.05271	0.02526	0.05024	0.00182	0.21611	0.00482	0.00257	0.04624
4	0.00969	0.00761	0.00901	0.00661	0.01030	0.00580	0.00526	0.01157	0.00936	0.06983	0.00941	0.05480	0.00808	0.00400	0.00348	0.00077	0.00327	0.00328	0.00289	0.76499
5	0.00571	0.00425	0.00533	0.00609	0.00667	0.00401	0.00426	0.00705	0.03927	0.01172	0.02710	0.60811	0.15585	0.03272	0.00596	0.00181	0.00269	0.06359	0.00408	0.00375
6	0.00858	0.00810	0.01369	0.75835	0.10434	0.00988	0.01239	0.01150	0.00895	0.01158	0.00789	0.01170	0.00599	0.00437	0.00441	0.00146	0.00583	0.00393	0.00198	0.00510
7	0.01461	0.08998	0.01284	0.02904	0.02574	0.30912	0.00794	0.26219	0.02724	0.05141	0.00965	0.02910	0.00783	0.01990	0.06890	0.00173	0.00638	0.00374	0.01676	0.00590
8	0.00767	0.00384	0.00575	0.00575	0.00575	0.00384	0.00384	0.00575	0.00575	0.00767	0.00767	0.01343	0.00767	0.01534	0.01726	0.87150	0.00384	0.00384	0.00192	0.00192
9	0.07499	0.11710	0.10671	0.02351	0.08820	0.09926	0.13783	0.07924	0.03310	0.05516	0.00930	0.01218	0.00764	0.00539	0.01590	0.00147	0.07994	0.04453	0.00266	0.00590
10	0.00929	0.14327	0.70525	0.01185	0.01798	0.01131	0.01504	0.01388	0.00927	0.01346	0.00767	0.00900	0.00561	0.00414	0.00400	0.00133	0.00626	0.00313	0.00187	0.00640
11	0.08857	0.01070	0.12171	0.00934	0.02816	0.00968	0.02594	0.24427	0.12314	0.03462	0.02598	0.17818	0.01286	0.00689	0.00469	0.00146	0.02277	0.00570	0.03935	0.00598

[dist]
# distance from previous block
# <min> <max>
2	11

[block]
# block no. 6 follows, 59 sequences, length 6
# corresponding to MSA columns:
# 381-386
name=unknown_G
#
# <colnr> <probs for GDERKNQSTAVLIFYWHMCP>
#	G	D	E	R	K	N	Q	S	T	A	V	L	I	F	Y	W	H	M	C	P
0	0.06952	0.07367	0.12122	0.04694	0.13091	0.07257	0.00903	0.05448	0.06785	0.10119	0.01095	0.03198	0.02470	0.00485	0.00401	0.00123	0.00472	0.01853	0.00298	0.14868
1	0.03534	0.20260	0.10828	0.08245	0.15756	0.01060	0.03974	0.03412	0.02932	0.07399	0.01263	0.05570	0.07798	0.00527	0.00407	0.00127	0.00468	0.00440	0.00273	0.05728
2	0.00564	0.00430	0.00523	0.00576	0.00664	0.00389	0.00425	0.00682	0.00964	0.01236	0.10354	0.37175	0.31425	0.01222	0.00551	0.00168	0.00261	0.11600	0.00417	0.00376
3	0.00796	0.02710	0.00890	0.05428	0.05948	0.00598	0.05286	0.02854	0.03660	0.06767	0.20082	0.34755	0.06537	0.00960	0.00513	0.00155	0.00330	0.00866	0.00398	0.00467
4	0.04889	0.28721	0.08783	0.07808	0.09659	0.11555	0.08944	0.06812	0.01054	0.04779	0.00780	0.00929	0.00624	0.00426	0.00407	0.00123	0.02548	0.00331	0.00237	0.00592
5	0.00896	0.00713	0.00797	0.00695	0.00895	0.05651	0.05246	0.04536	0.10939	0.08139	0.13854	0.02885	0.36229	0.00831	0.00483	0.00141	0.00326	0.00702	0.05551	0.00491

[dist]
# distance from previous block
# <min> <max>
1	2

[block]
# block no. 7 follows, 59 sequences, length 21
# corresponding to MSA columns:
# 389-409
name=unknown_H
#
# <colnr> <probs for GDERKNQSTAVLIFYWHMCP>
#	G	D	E	R	K	N	Q	S	T	A	V	L	I	F	Y	W	H	M	C	P
0	0.08720	0.05079	0.13878	0.09877	0.19488	0.09171	0.05650	0.08092	0.05789	0.01499	0.00848	0.01038	0.00670	0.00518	0.02212	0.00150	0.06099	0.00367	0.00247	0.00605
1	0.04101	0.12497	0.11057	0.06394	0.26782	0.05662	0.06585	0.07433	0.07996	0.03337	0.01016	0.01156	0.03168	0.00454	0.00417	0.00131	0.00530	0.00389	0.00263	0.00634
2	0.00580	0.00416	0.00540	0.00623	0.00664	0.00395	0.00425	0.02845	0.00893	0.01188	0.04104	0.73167	0.05030	0.03667	0.00607	0.00184	0.00270	0.03623	0.00408	0.00370
3	0.40911	0.02360	0.01134	0.10162	0.17120	0.10741	0.02353	0.01351	0.00888	0.03130	0.00709	0.00890	0.00568	0.00439	0.00419	0.00137	0.05595	0.00310	0.00247	0.00536
4	0.00639	0.00455	0.00613	0.00617	0.00663	0.00498	0.00437	0.00731	0.00693	0.00965	0.01315	0.02349	0.01372	0.37732	0.45415	0.00571	0.00833	0.03505	0.00256	0.00341
5	0.03287	0.12042	0.14063	0.03608	0.15948	0.07256	0.06372	0.05764	0.04627	0.03685	0.07394	0.05163	0.02431	0.00580	0.01583	0.00142	0.02153	0.01746	0.00280	0.01876
6	0.01010	0.10569	0.54135	0.01190	0.01727	0.04202	0.06737	0.07044	0.03431	0.01445	0.00845	0.01007	0.00637	0.02253	0.01791	0.00150	0.00629	0.00348	0.00220	0.00631
7	0.00916	0.00785	0.00916	0.00654	0.01047	0.00589	0.00523	0.01112	0.00916	0.01439	0.00785	0.00916	0.00654	0.00327	0.00327	0.00065	0.00327	0.00262	0.00262	0.87178
8	0.01182	0.00984	0.01044	0.00915	0.01178	0.01127	0.00722	0.14803	0.66244	0.01984	0.01693	0.01639	0.01283	0.00604	0.00452	0.00148	0.00373	0.02478	0.00447	0.00700
9	0.01072	0.00831	0.00964	0.00709	0.01086	0.00689	0.00570	0.08099	0.05546	0.07612	0.00937	0.01014	0.00734	0.00376	0.00353	0.00081	0.00346	0.00300	0.00309	0.68370
10	0.00534	0.00448	0.00464	0.00460	0.00604	0.00378	0.00345	0.00656	0.01034	0.01258	0.13159	0.04143	0.72818	0.01094	0.00522	0.00148	0.00222	0.00917	0.00419	0.00378
11	0.01042	0.01191	0.02606	0.01862	0.02308	0.01117	0.80119	0.01415	0.01042	0.01415	0.00894	0.01191	0.00670	0.00372	0.00521	0.00149	0.00745	0.00521	0.00223	0.00596
12	0.00849	0.00800	0.01351	0.78874	0.07471	0.00985	0.01234	0.01141	0.00890	0.01146	0.00788	0.01173	0.00595	0.00439	0.00441	0.00146	0.00585	0.00393	0.00198	0.00502
13	0.01429	0.00663	0.00833	0.00678	0.00940	0.00593	0.00546	0.06394	0.01233	0.46204	0.09684	0.02297	0.20309	0.00711	0.00462	0.00138	0.00322	0.00587	0.05365	0.00612
14	0.01566	0.00978	0.01111	0.00900	0.01212	0.01041	0.00728	0.27154	0.30283	0.27784	0.01545	0.01414	0.01076	0.00560	0.00445	0.00140	0.00402	0.00449	0.00478	0.00732
15	0.00529	0.00448	0.00457	0.00454	0.00601	0.00376	0.00341	0.00647	0.01022	0.01230	0.09427	0.04189	0.76568	0.01105	0.00522	0.00148	0.00223	0.00924	0.00415	0.00376
16	0.00942	0.00801	0.00930	0.00667	0.01058	0.00616	0.00534	0.03849	0.00956	0.01486	0.00795	0.00921	0.00658	0.00334	0.00331	0.00068	0.00333	0.00266	0.00268	0.84189
17	0.01188	0.01392	0.00941	0.00891	0.01064	0.47204	0.00664	0.01326	0.02570	0.01173	0.06981	0.13811	0.15151	0.00759	0.00459	0.00134	0.00561	0.02959	0.00312	0.00460
18	0.06138	0.00690	0.00830	0.00687	0.00931	0.00654	0.00547	0.09364	0.03759	0.34624	0.17566	0.02290	0.15382	0.03880	0.00531	0.00150	0.00328	0.00589	0.00472	0.00587
19	0.00672	0.00479	0.00618	0.01955	0.00753	0.00461	0.02647	0.02422	0.04143	0.02670	0.10198	0.44599	0.12260	0.01084	0.00510	0.00158	0.00273	0.02172	0.11517	0.00410
20	0.06457	0.05508	0.04534	0.04160	0.11362	0.15093	0.04140	0.17888	0.09295	0.05112	0.01074	0.02302	0.02495	0.00534	0.00499	0.00138	0.06577	0.01907	0.00312	0.00614

[dist]
# distance from previous block
# <min> <max>
0	6

[block]
# block no. 8 follows, 59 sequences, length 27
# corresponding to MSA columns:
# 416-442
name=unknown_I
#
# <colnr> <probs for GDERKNQSTAVLIFYWHMCP>
#	G	D	E	R	K	N	Q	S	T	A	V	L	I	F	Y	W	H	M	C	P
0	0.23990	0.02212	0.01108	0.02503	0.14804	0.13188	0.02702	0.08203	0.01015	0.02723	0.00956	0.03492	0.02642	0.02037	0.08256	0.00191	0.03612	0.00382	0.01853	0.04131
1	0.00932	0.00883	0.01410	0.65651	0.12337	0.03149	0.03148	0.04957	0.00968	0.01251	0.00804	0.01152	0.00611	0.00439	0.00442	0.00144	0.00585	0.00393	0.00212	0.00531
2	0.01198	0.81891	0.02281	0.00765	0.01142	0.01735	0.00759	0.04019	0.00938	0.01099	0.00629	0.00721	0.00573	0.00383	0.00289	0.00096	0.00473	0.00242	0.00198	0.00573
3	0.00600	0.00433	0.00519	0.00530	0.00590	0.00410	0.00358	0.00693	0.00899	0.01200	0.21826	0.16706	0.16665	0.31107	0.03881	0.00271	0.00334	0.02260	0.00372	0.00345
4	0.00568	0.00435	0.00524	0.00552	0.00650	0.00391	0.00407	0.00703	0.01026	0.01339	0.24387	0.27336	0.32056	0.01145	0.00540	0.00159	0.00243	0.06727	0.00430	0.00383
5	0.87598	0.00854	0.00649	0.00581	0.00854	0.00991	0.00478	0.01298	0.00752	0.01982	0.00615	0.00717	0.00478	0.00410	0.00273	0.00137	0.00342	0.00239	0.00273	0.00478
6	0.00581	0.00450	0.00529	0.00509	0.00633	0.00398	0.00382	0.00748	0.01146	0.01523	0.48457	0.03707	0.37355	0.00995	0.00521	0.00143	0.00215	0.00856	0.00454	0.00398
7	0.01967	0.00776	0.01040	0.00797	0.01140	0.00685	0.00659	0.06037	0.01305	0.78087	0.01709	0.01481	0.01076	0.00546	0.00444	0.00136	0.00381	0.00442	0.00541	0.00752
8	0.01299	0.01581	0.35981	0.01201	0.06847	0.01066	0.02657	0.26377	0.01357	0.13169	0.03500	0.01141	0.00817	0.00485	0.00436	0.00137	0.00541	0.00388	0.00330	0.00692
9	0.01099	0.00949	0.00999	0.00899	0.01148	0.01099	0.00699	0.02347	0.80925	0.01848	0.01798	0.01648	0.01348	0.00599	0.00449	0.00150	0.00350	0.00499	0.00449	0.00699
10	0.87598	0.00854	0.00649	0.00581	0.00854	0.00991	0.00478	0.01298	0.00752	0.01982	0.00615	0.00717	0.00478	0.00410	0.00273	0.00137	0.00342	0.00239	0.00273	0.00478
11	0.01679	0.01237	0.01325	0.01016	0.01370	0.01370	0.00839	0.80251	0.02077	0.02783	0.01060	0.01060	0.00751	0.00530	0.00442	0.00133	0.00486	0.00398	0.00442	0.00751
12	0.87598	0.00854	0.00649	0.00581	0.00854	0.00991	0.00478	0.01298	0.00752	0.01982	0.00615	0.00717	0.00478	0.00410	0.00273	0.00137	0.00342	0.00239	0.00273	0.00478
13	0.01093	0.01049	0.01793	0.02711	0.81723	0.01049	0.01355	0.01355	0.01006	0.01443	0.00831	0.01093	0.00700	0.00394	0.00437	0.00131	0.00525	0.00394	0.00219	0.00700
14	0.01099	0.00949	0.00999	0.00899	0.01148	0.01099	0.00699	0.02347	0.80925	0.01848	0.01798	0.01648	0.01348	0.00599	0.00449	0.00150	0.00350	0.00499	0.00449	0.00699
15	0.00665	0.00421	0.00555	0.00615	0.00670	0.00390	0.00420	0.00752	0.00890	0.07682	0.06288	0.67028	0.04282	0.06299	0.00653	0.00188	0.00273	0.01124	0.00416	0.00388
16	0.01940	0.00818	0.01066	0.00817	0.01161	0.00748	0.00675	0.12827	0.01375	0.71198	0.01649	0.01443	0.01047	0.00544	0.00444	0.00136	0.00391	0.00438	0.00532	0.00752
17	0.00641	0.00435	0.00514	0.00514	0.00525	0.00446	0.00308	0.00663	0.00652	0.00880	0.01362	0.02728	0.01535	0.73083	0.13547	0.00468	0.00534	0.00619	0.00263	0.00285
18	0.00649	0.00443	0.00562	0.00598	0.00678	0.00408	0.00422	0.02493	0.00993	0.05319	0.17621	0.51706	0.14057	0.01195	0.00541	0.00164	0.00254	0.01064	0.00432	0.00400
19	0.00536	0.00430	0.00479	0.00505	0.00615	0.00373	0.00364	0.00648	0.00985	0.01230	0.11309	0.26477	0.52154	0.01172	0.00534	0.00157	0.00231	0.01010	0.00417	0.00373
20	0.00916	0.00785	0.00916	0.00654	0.01047	0.00589	0.00523	0.01112	0.00916	0.01439	0.00785	0.00916	0.00654	0.00327	0.00327	0.00065	0.00327	0.00262	0.00262	0.87178
21	0.00719	0.00531	0.00612	0.00606	0.00748	0.00496	0.00461	0.07320	0.02561	0.04321	0.05117	0.25526	0.36903	0.01095	0.00526	0.00159	0.00283	0.08819	0.00416	0.02783
22	0.00557	0.00397	0.00508	0.00584	0.00615	0.00373	0.00385	0.00630	0.00840	0.01118	0.05928	0.64460	0.06413	0.14016	0.00817	0.00214	0.00279	0.01127	0.00392	0.00348
23	0.01136	0.00944	0.00926	0.00839	0.02875	0.13927	0.01979	0.12844	0.07175	0.08090	0.05609	0.02165	0.17419	0.00708	0.00502	0.00139	0.04755	0.05368	0.12068	0.00532
24	0.00891	0.00813	0.01395	0.08482	0.30796	0.00854	0.10497	0.02906	0.00902	0.01270	0.00988	0.01399	0.00864	0.03475	0.32078	0.00364	0.00806	0.00445	0.00230	0.00544
25	0.00607	0.00461	0.00547	0.00587	0.00680	0.00429	0.00427	0.04401	0.00977	0.01249	0.04448	0.40445	0.30663	0.03945	0.00602	0.00176	0.00274	0.08289	0.00408	0.00385
26	0.03916	0.04014	0.00928	0.00809	0.00986	0.12079	0.01734	0.16652	0.03663	0.02853	0.01747	0.29221	0.05999	0.00895	0.00510	0.01362	0.01528	0.06893	0.02401	0.01811

[dist]
# distance from previous block
# <min> <max>
7	16

[block]
# block no. 9 follows, 59 sequences, length 27
# corresponding to MSA columns:
# 460-486
name=unknown_J
#
# <colnr> <probs for GDERKNQSTAVLIFYWHMCP>
#	G	D	E	R	K	N	Q	S	T	A	V	L	I	F	Y	W	H	M	C	P
0	0.00843	0.04480	0.00931	0.02075	0.06387	0.02882	0.02785	0.05892	0.04490	0.03317	0.08220	0.22990	0.08820	0.06815	0.04186	0.00201	0.05489	0.08375	0.00356	0.00466
1	0.04063	0.39095	0.09667	0.00987	0.01341	0.27898	0.04467	0.05561	0.01079	0.01225	0.00690	0.00799	0.00578	0.00416	0.00353	0.00111	0.00604	0.00282	0.00219	0.00565
2	0.54379	0.00979	0.06081	0.03470	0.10150	0.01003	0.01827	0.07855	0.00925	0.01854	0.00900	0.01059	0.04249	0.00471	0.00361	0.00139	0.01849	0.01637	0.00280	0.00533
3	0.00970	0.00761	0.00892	0.00653	0.01019	0.00591	0.00521	0.01189	0.02705	0.06043	0.02428	0.01048	0.00786	0.00366	0.00339	0.00075	0.00322	0.00295	0.04771	0.74227
4	0.00791	0.00635	0.00974	0.04619	0.13394	0.00655	0.05096	0.05428	0.00946	0.02827	0.04515	0.27297	0.03117	0.03408	0.21239	0.00303	0.00594	0.03370	0.00321	0.00471
5	0.26929	0.00769	0.00847	0.00694	0.00970	0.00775	0.00565	0.09467	0.01172	0.34436	0.12201	0.01530	0.02829	0.00562	0.00399	0.00135	0.00344	0.00435	0.04339	0.00603
6	0.00540	0.00389	0.00513	0.00607	0.00640	0.00361	0.00408	0.00623	0.00864	0.01151	0.05143	0.78853	0.05554	0.01359	0.00561	0.00177	0.00254	0.01230	0.00413	0.00361
7	0.00546	0.00448	0.00481	0.00473	0.00611	0.00383	0.00355	0.00681	0.01064	0.01329	0.22533	0.04027	0.63401	0.01068	0.00522	0.00147	0.00220	0.00901	0.00428	0.00383
8	0.00544	0.00391	0.00517	0.00612	0.00646	0.00364	0.00415	0.00629	0.00867	0.01154	0.05002	0.77323	0.05421	0.01356	0.00562	0.00178	0.00257	0.02985	0.00412	0.00362
9	0.01585	0.00692	0.00918	0.00733	0.01009	0.00621	0.00594	0.05823	0.01302	0.55382	0.24110	0.01985	0.01939	0.00646	0.00466	0.00137	0.00334	0.00541	0.00524	0.00658
10	0.00916	0.00785	0.00916	0.00654	0.01047	0.00589	0.00523	0.01112	0.00916	0.01439	0.00785	0.00916	0.00654	0.00327	0.00327	0.00065	0.00327	0.00262	0.00262	0.87178
11	0.01099	0.00949	0.00999	0.00899	0.01148	0.01099	0.00699	0.02347	0.80925	0.01848	0.01798	0.01648	0.01348	0.00599	0.00449	0.00150	0.00350	0.00499	0.00449	0.00699
12	0.00834	0.00785	0.01325	0.83417	0.03042	0.00981	0.01227	0.01128	0.00883	0.01128	0.00785	0.01178	0.00589	0.00442	0.00442	0.00147	0.00589	0.00393	0.00196	0.00491
13	0.00886	0.02285	0.82190	0.01259	0.01912	0.01026	0.01632	0.01399	0.00932	0.01399	0.00793	0.00932	0.00559	0.00420	0.00420	0.00140	0.00653	0.00326	0.00186	0.00653
14	0.00538	0.00384	0.00512	0.00615	0.00641	0.00359	0.00410	0.00615	0.00846	0.01127	0.02434	0.84190	0.02921	0.01384	0.00564	0.00179	0.00256	0.01256	0.00410	0.00359
15	0.01881	0.00729	0.00993	0.00769	0.01093	0.00632	0.00632	0.02055	0.01263	0.76083	0.07651	0.01636	0.01321	0.00573	0.00450	0.00137	0.00363	0.00470	0.00542	0.00727
16	0.00889	0.00944	0.01824	0.01395	0.01694	0.03581	0.49346	0.01153	0.00992	0.01311	0.01525	0.24451	0.05201	0.00715	0.00531	0.00158	0.00577	0.02913	0.00289	0.00511
17	0.01042	0.01191	0.02606	0.01862	0.02308	0.01117	0.80119	0.01415	0.01042	0.01415	0.00894	0.01191	0.00670	0.00372	0.00521	0.00149	0.00745	0.00521	0.00223	0.00596
18	0.00534	0.00447	0.00453	0.00451	0.00597	0.00376	0.00339	0.00653	0.01016	0.01230	0.07892	0.04144	0.76081	0.01094	0.00517	0.00148	0.00223	0.00913	0.02517	0.00376
19	0.01052	0.01699	0.43249	0.02647	0.04031	0.01070	0.14777	0.08320	0.13260	0.04061	0.01016	0.01123	0.00736	0.00452	0.00445	0.00142	0.00595	0.00399	0.00267	0.00660
20	0.01250	0.03290	0.02500	0.07003	0.18946	0.02092	0.10224	0.08864	0.11831	0.17415	0.03490	0.02933	0.05543	0.00544	0.00473	0.00140	0.01981	0.00482	0.00353	0.00645
21	0.00907	0.02089	0.70477	0.01252	0.01854	0.01011	0.06427	0.03847	0.00992	0.01462	0.04983	0.01075	0.00759	0.00445	0.00432	0.00140	0.00630	0.00365	0.00212	0.00640
22	0.09677	0.00684	0.00834	0.00695	0.00940	0.00650	0.00546	0.02740	0.05991	0.44212	0.01788	0.05643	0.06976	0.11293	0.03272	0.00194	0.00384	0.00525	0.02355	0.00597
23	0.01104	0.02863	0.18904	0.05381	0.20656	0.12776	0.14745	0.05407	0.04836	0.01429	0.03150	0.02541	0.00831	0.02853	0.00497	0.00144	0.00605	0.00421	0.00246	0.00610
24	0.01079	0.01132	0.05158	0.08038	0.52286	0.07304	0.06658	0.02759	0.01024	0.01391	0.00936	0.04278	0.00825	0.00477	0.00466	0.00138	0.01769	0.03414	0.00235	0.00635
25	0.00609	0.00433	0.00498	0.00507	0.00553	0.00412	0.00325	0.00669	0.00813	0.01067	0.11390	0.11266	0.17186	0.48279	0.01505	0.00310	0.00346	0.03174	0.00338	0.00318
26	0.08822	0.00655	0.00709	0.00658	0.00836	0.00689	0.00503	0.05423	0.20399	0.08811	0.07094	0.16466	0.08249	0.00758	0.00435	0.00142	0.00293	0.00637	0.17898	0.00523

[dist]
# distance from previous block
# <min> <max>
1	11

[block]
# block no. 10 follows, 59 sequences, length 20
# corresponding to MSA columns:
# 499-518
name=unknown_K
#
# <colnr> <probs for GDERKNQSTAVLIFYWHMCP>
#	G	D	E	R	K	N	Q	S	T	A	V	L	I	F	Y	W	H	M	C	P
0	0.00697	0.00478	0.00560	0.00570	0.00653	0.00491	0.00406	0.01938	0.07065	0.01258	0.01965	0.18059	0.10786	0.18622	0.13896	0.00293	0.00437	0.02119	0.19317	0.00391
1	0.04819	0.11846	0.03646	0.11472	0.11466	0.22883	0.04807	0.06528	0.06487	0.03368	0.03233	0.02319	0.00808	0.00476	0.00426	0.00127	0.02022	0.00373	0.00265	0.02629
2	0.00764	0.00547	0.00654	0.00595	0.00737	0.00531	0.00453	0.07059	0.05893	0.03959	0.52528	0.03044	0.14222	0.03497	0.00556	0.00148	0.00252	0.00741	0.03364	0.00457
3	0.00866	0.00549	0.02234	0.00608	0.00768	0.00483	0.00475	0.01084	0.04403	0.15573	0.37785	0.13049	0.15484	0.00899	0.00501	0.00144	0.00260	0.00780	0.03577	0.00477
4	0.01586	0.01165	0.01255	0.00972	0.01314	0.01274	0.00798	0.67056	0.07940	0.04388	0.01126	0.01120	0.00807	0.00525	0.00434	0.00130	0.00459	0.00400	0.02266	0.04986
5	0.00535	0.00436	0.00473	0.00488	0.00611	0.00375	0.00357	0.00650	0.01001	0.01237	0.11489	0.18495	0.60029	0.01145	0.00529	0.00154	0.00228	0.00977	0.00417	0.00375
6	0.00584	0.00450	0.00533	0.00512	0.00635	0.00399	0.00384	0.00754	0.01153	0.01540	0.50673	0.03680	0.35129	0.00989	0.00521	0.00143	0.00215	0.00852	0.00456	0.00399
7	0.87598	0.00854	0.00649	0.00581	0.00854	0.00991	0.00478	0.01298	0.00752	0.01982	0.00615	0.00717	0.00478	0.00410	0.00273	0.00137	0.00342	0.00239	0.00273	0.00478
8	0.87598	0.00854	0.00649	0.00581	0.00854	0.00991	0.00478	0.01298	0.00752	0.01982	0.00615	0.00717	0.00478	0.00410	0.00273	0.00137	0.00342	0.00239	0.00273	0.00478
9	0.00952	0.00934	0.01353	0.04026	0.09658	0.01253	0.00987	0.01077	0.00720	0.01102	0.00655	0.01040	0.00629	0.00900	0.06994	0.00221	0.66407	0.00394	0.00199	0.00500
10	0.01383	0.01114	0.01489	0.03037	0.02951	0.01199	0.15997	0.46552	0.07934	0.03488	0.01176	0.07251	0.00939	0.00570	0.00493	0.00142	0.02732	0.00493	0.00384	0.00674
11	0.00618	0.00453	0.00584	0.00602	0.00696	0.00448	0.00449	0.00743	0.00873	0.03335	0.05500	0.20298	0.25994	0.05174	0.28680	0.00359	0.00577	0.03879	0.00352	0.00386
12	0.03455	0.08550	0.53874	0.01284	0.01846	0.01124	0.14844	0.07318	0.01029	0.01493	0.00811	0.00962	0.00591	0.00416	0.00424	0.00137	0.00633	0.00355	0.00215	0.00639
13	0.00959	0.13726	0.61646	0.04096	0.05979	0.03517	0.01458	0.01387	0.00939	0.01332	0.00766	0.00914	0.00569	0.00414	0.00402	0.00133	0.00623	0.00318	0.00190	0.00633
14	0.00932	0.03811	0.00998	0.00836	0.01050	0.12226	0.07152	0.01410	0.25125	0.01378	0.02459	0.04948	0.29874	0.00852	0.03085	0.00162	0.02182	0.00637	0.00363	0.00518
15	0.01077	0.00744	0.00850	0.02752	0.00992	0.00757	0.00587	0.22960	0.07145	0.10745	0.15345	0.06237	0.23760	0.00818	0.00489	0.00145	0.00336	0.03266	0.00444	0.00553
16	0.01021	0.08856	0.04142	0.02871	0.02374	0.13452	0.02464	0.03899	0.03285	0.04979	0.01176	0.13792	0.01163	0.09397	0.12614	0.00256	0.12966	0.00533	0.00278	0.00483
17	0.01376	0.16444	0.05175	0.03395	0.17522	0.10005	0.06363	0.22908	0.03529	0.07745	0.00935	0.01030	0.00712	0.00452	0.00412	0.00126	0.00540	0.00367	0.00304	0.00659
18	0.00545	0.00411	0.00505	0.00560	0.00631	0.00371	0.00390	0.00650	0.00945	0.01233	0.13675	0.50830	0.25164	0.01244	0.00546	0.00165	0.00241	0.01103	0.00420	0.00371
19	0.01165	0.12084	0.10382	0.15266	0.06743	0.05803	0.20951	0.14429	0.01179	0.03823	0.03403	0.01124	0.00763	0.00444	0.00439	0.00134	0.00593	0.00407	0.00264	0.00606

[dist]
# distance from previous block
# <min> <max>
0	8

[block]
# block no. 11 follows, 59 sequences, length 55
# corresponding to MSA columns:
# 527-581
name=unknown_L
#
# <colnr> <probs for GDERKNQSTAVLIFYWHMCP>
#	G	D	E	R	K	N	Q	S	T	A	V	L	I	F	Y	W	H	M	C	P
0	0.06248	0.15469	0.08301	0.11036	0.14636	0.14512	0.05142	0.04509	0.03331	0.04688	0.00966	0.03463	0.02912	0.00484	0.00429	0.00130	0.02526	0.00385	0.00252	0.00579
1	0.74433	0.00905	0.00744	0.00709	0.04249	0.03622	0.00543	0.01394	0.05123	0.03918	0.00718	0.00805	0.00553	0.00424	0.00298	0.00136	0.00365	0.00266	0.00286	0.00507
2	0.00912	0.00512	0.00593	0.00541	0.00691	0.00489	0.00418	0.04372	0.02313	0.11356	0.25127	0.02407	0.10206	0.00707	0.00421	0.00126	0.00246	0.01887	0.36207	0.00468
3	0.01028	0.38300	0.26672	0.00989	0.01361	0.02497	0.01054	0.01272	0.00868	0.01159	0.00739	0.04294	0.00665	0.00511	0.00567	0.00132	0.16792	0.00336	0.00199	0.00568
4	0.00538	0.00444	0.00472	0.00474	0.00608	0.00378	0.00352	0.00660	0.01029	0.01269	0.15105	0.09716	0.65213	0.01107	0.00525	0.00150	0.00224	0.00936	0.00421	0.00378
5	0.00558	0.00418	0.00518	0.00558	0.00635	0.00378	0.00394	0.00679	0.00994	0.01318	0.24344	0.42864	0.22354	0.01189	0.00542	0.00161	0.00235	0.01053	0.00431	0.00378
6	0.00603	0.00458	0.00555	0.00529	0.00649	0.00415	0.00397	0.00800	0.02491	0.01602	0.57510	0.03552	0.26894	0.00961	0.00520	0.00142	0.00215	0.00833	0.00463	0.00408
7	0.08694	0.00760	0.00995	0.00770	0.01106	0.00676	0.00636	0.02085	0.01224	0.75753	0.01654	0.01442	0.01045	0.00536	0.00431	0.00137	0.00373	0.00428	0.00525	0.00730
8	0.01099	0.00949	0.00999	0.00899	0.01148	0.01099	0.00699	0.02347	0.80925	0.01848	0.01798	0.01648	0.01348	0.00599	0.00449	0.00150	0.00350	0.00499	0.00449	0.00699
9	0.00916	0.00785	0.00916	0.00654	0.01047	0.00589	0.00523	0.01112	0.00916	0.01439	0.00785	0.00916	0.00654	0.00327	0.00327	0.00065	0.00327	0.00262	0.00262	0.87178
10	0.87598	0.00854	0.00649	0.00581	0.00854	0.00991	0.00478	0.01298	0.00752	0.01982	0.00615	0.00717	0.00478	0.00410	0.00273	0.00137	0.00342	0.00239	0.00273	0.00478
11	0.00852	0.00803	0.01357	0.77809	0.08509	0.00986	0.01236	0.01144	0.00892	0.01150	0.00788	0.01172	0.00596	0.00438	0.00441	0.00146	0.00584	0.00393	0.00198	0.00505
12	0.00538	0.00384	0.00512	0.00615	0.00641	0.00359	0.00410	0.00615	0.00846	0.01127	0.02434	0.84190	0.02921	0.01384	0.00564	0.00179	0.00256	0.01256	0.00410	0.00359
13	0.00544	0.00436	0.00486	0.00500	0.00617	0.00378	0.00365	0.00666	0.01018	0.01283	0.17767	0.19962	0.52162	0.01133	0.00530	0.00153	0.00227	0.00973	0.00424	0.00378
14	0.01160	0.79015	0.07864	0.00791	0.01188	0.01697	0.00817	0.01328	0.00900	0.01064	0.00626	0.00724	0.00566	0.00381	0.00293	0.00098	0.00485	0.00242	0.00189	0.00573
15	0.01043	0.00646	0.00684	0.00594	0.00767	0.00680	0.00467	0.23123	0.01278	0.01976	0.08938	0.01640	0.01314	0.00556	0.00366	0.00115	0.00284	0.00445	0.54579	0.00507
16	0.00569	0.00406	0.00520	0.00593	0.00648	0.00374	0.00407	0.00659	0.00885	0.02759	0.04510	0.64984	0.15728	0.01374	0.03180	0.00190	0.00282	0.01151	0.00409	0.00371
17	0.00952	0.10793	0.68389	0.01218	0.01819	0.04493	0.03643	0.01406	0.00945	0.01349	0.00772	0.00911	0.00564	0.00415	0.00407	0.00134	0.00642	0.00321	0.00189	0.00636
18	0.01233	0.01196	0.01379	0.32005	0.05764	0.17791	0.05456	0.20915	0.01269	0.01566	0.00899	0.01219	0.00716	0.00502	0.00473	0.00140	0.02999	0.03631	0.00275	0.00572
19	0.12916	0.01014	0.01360	0.07174	0.17221	0.04673	0.02506	0.03071	0.00831	0.01317	0.00670	0.00971	0.00596	0.00598	0.00931	0.00164	0.42866	0.00367	0.00217	0.00536
20	0.00571	0.00445	0.00532	0.00570	0.00675	0.00406	0.00433	0.00700	0.00972	0.01234	0.09489	0.22702	0.39589	0.01312	0.05489	0.00198	0.00317	0.13581	0.00405	0.00380
21	0.00556	0.00426	0.00511	0.00558	0.00639	0.00387	0.00393	0.00686	0.02663	0.01246	0.13138	0.45828	0.28930	0.01219	0.00542	0.00164	0.00241	0.01075	0.00421	0.00378
22	0.02626	0.07262	0.01020	0.00796	0.00997	0.11945	0.03887	0.09098	0.12318	0.01685	0.36655	0.03258	0.03377	0.02545	0.00502	0.00140	0.00386	0.00587	0.00397	0.00517
23	0.00548	0.00397	0.00512	0.00600	0.00640	0.00369	0.00408	0.00630	0.00860	0.01130	0.02591	0.69429	0.10823	0.05015	0.00636	0.00188	0.00266	0.04197	0.00404	0.00358
24	0.03972	0.10188	0.02726	0.06049	0.13689	0.24134	0.05167	0.21856	0.02636	0.04223	0.00864	0.00980	0.00669	0.00455	0.00411	0.00125	0.00590	0.00352	0.00290	0.00623
25	0.01102	0.07500	0.04624	0.09885	0.18174	0.09746	0.36044	0.02538	0.01034	0.01339	0.00846	0.02383	0.00681	0.00418	0.00475	0.00138	0.01819	0.00438	0.00222	0.00594
26	0.00686	0.00427	0.00488	0.00486	0.00588	0.00403	0.00360	0.00867	0.01038	0.01574	0.29105	0.11158	0.13094	0.00818	0.00436	0.00129	0.00214	0.00700	0.37026	0.00403
27	0.00973	0.10013	0.09924	0.04766	0.04849	0.05250	0.06884	0.09016	0.02004	0.02554	0.01030	0.01415	0.00896	0.08480	0.26027	0.00333	0.00741	0.00422	0.03908	0.00515
28	0.00873	0.00684	0.00793	0.00733	0.00857	0.00776	0.00543	0.06184	0.26997	0.01384	0.02470	0.04121	0.01371	0.26106	0.16985	0.00342	0.04929	0.00545	0.02825	0.00483
29	0.00551	0.00397	0.00516	0.00594	0.00633	0.00369	0.00400	0.00640	0.00888	0.01187	0.10820	0.67775	0.07333	0.04889	0.00629	0.00184	0.00257	0.01163	0.00412	0.00362
30	0.00649	0.00491	0.00603	0.00568	0.00690	0.00466	0.00428	0.00927	0.07646	0.01696	0.64183	0.03300	0.14866	0.00909	0.00515	0.00141	0.00222	0.00793	0.00472	0.00433
