[name]
unknown

[dist]
# distance from previous block
# <min> <max>
7	127

[block]
# block no. 0 follows, 70 sequences, length 6
# corresponding to MSA columns:
# 175-180
name=unknown_A
#
# <colnr> <probs for GDERKNQSTAVLIFYWHMCP>
#	G	D	E	R	K	N	Q	S	T	A	V	L	I	F	Y	W	H	M	C	P
0	0.12920	0.00675	0.00842	0.07178	0.12851	0.02423	0.00612	0.05902	0.08816	0.08990	0.04468	0.05272	0.01017	0.09268	0.03327	0.10308	0.00386	0.02217	0.00279	0.02249
1	0.02818	0.00658	0.00967	0.12218	0.18184	0.00705	0.03500	0.05641	0.03187	0.04366	0.09738	0.09604	0.04495	0.13122	0.00729	0.02348	0.06501	0.00509	0.00270	0.00441
2	0.04485	0.00646	0.00945	0.18847	0.13275	0.00693	0.03434	0.05331	0.05524	0.07069	0.03233	0.11649	0.09233	0.00933	0.12780	0.00201	0.00476	0.00508	0.00276	0.00461
3	0.00635	0.00435	0.00540	0.03027	0.00663	0.00416	0.00389	0.00803	0.05525	0.06555	0.29183	0.14357	0.17206	0.12640	0.00695	0.02743	0.00254	0.03209	0.00363	0.00363
4	0.20827	0.00541	0.00586	0.00558	0.00694	0.00560	0.00417	0.03049	0.07008	0.10823	0.09335	0.22791	0.05172	0.12143	0.00608	0.00167	0.00285	0.03691	0.00339	0.00406
5	0.30040	0.00601	0.00610	0.00557	0.00728	0.00629	0.00432	0.09470	0.00904	0.09605	0.08333	0.16433	0.11495	0.05742	0.00470	0.00144	0.00287	0.02766	0.00333	0.00422

[dist]
# distance from previous block
# <min> <max>
0	2

[block]
# block no. 1 follows, 70 sequences, length 12
# corresponding to MSA columns:
# 183-194
name=unknown_B
#
# <colnr> <probs for GDERKNQSTAVLIFYWHMCP>
#	G	D	E	R	K	N	Q	S	T	A	V	L	I	F	Y	W	H	M	C	P
0	0.19385	0.00563	0.00628	0.03209	0.00781	0.00579	0.00447	0.03311	0.07469	0.15490	0.09735	0.21025	0.07548	0.07496	0.00520	0.00151	0.00285	0.00593	0.00350	0.00432
1	0.21971	0.00615	0.00679	0.00635	0.03357	0.00629	0.00474	0.05563	0.08015	0.17904	0.11130	0.13557	0.10279	0.02984	0.00427	0.00134	0.00285	0.00535	0.00359	0.00467
2	0.14478	0.00643	0.00708	0.00627	0.00807	0.00676	0.00483	0.12133	0.14464	0.14621	0.09965	0.16775	0.03117	0.06744	0.00505	0.00146	0.00299	0.00546	0.01782	0.00481
3	0.39511	0.00702	0.00691	0.00606	0.00818	0.00773	0.00480	0.06018	0.15094	0.13771	0.01041	0.04517	0.00842	0.06482	0.05504	0.00170	0.00357	0.00359	0.01784	0.00480
4	0.06557	0.00607	0.00698	0.00611	0.00802	0.00609	0.00480	0.04729	0.19008	0.22231	0.15482	0.04386	0.14586	0.03232	0.00455	0.00134	0.00278	0.02611	0.02005	0.00498
5	0.12702	0.00507	0.00565	0.00524	0.00667	0.00497	0.00395	0.03254	0.04599	0.12282	0.20205	0.14271	0.19988	0.07191	0.00533	0.00148	0.00254	0.00644	0.00367	0.00406
6	0.17273	0.00506	0.02314	0.00562	0.00662	0.00511	0.00419	0.02400	0.02180	0.04074	0.01406	0.33606	0.01523	0.13695	0.16863	0.00268	0.00434	0.00655	0.00291	0.00359
7	0.00597	0.00444	0.00619	0.00612	0.00683	0.00500	0.00468	0.00755	0.03301	0.02584	0.08992	0.13072	0.03745	0.03783	0.49993	0.00428	0.05832	0.00543	0.02690	0.00360
8	0.07391	0.03313	0.05367	0.00681	0.00849	0.13563	0.01574	0.04334	0.02746	0.09025	0.05700	0.05656	0.06648	0.14838	0.14997	0.00247	0.01924	0.00456	0.00276	0.00417
9	0.00958	0.00745	0.00845	0.00785	0.03538	0.00827	0.00594	0.10220	0.46712	0.05841	0.07781	0.01728	0.01353	0.05941	0.05368	0.00174	0.00365	0.05306	0.00372	0.00548
10	0.01321	0.16646	0.03130	0.05994	0.01262	0.50554	0.00767	0.13702	0.01128	0.01177	0.00646	0.00743	0.00524	0.00396	0.00340	0.00102	0.00594	0.00264	0.00220	0.00491
11	0.03504	0.45294	0.24074	0.00839	0.01235	0.03207	0.06027	0.01174	0.00809	0.01078	0.00613	0.00722	0.00507	0.00339	0.00300	0.00096	0.00463	0.00248	0.00176	0.09295

[dist]
# distance from previous block
# <min> <max>
0	7

[block]
# block no. 2 follows, 70 sequences, length 34
# corresponding to MSA columns:
# 202-235
name=unknown_C
#
# <colnr> <probs for GDERKNQSTAVLIFYWHMCP>
#	G	D	E	R	K	N	Q	S	T	A	V	L	I	F	Y	W	H	M	C	P
0	0.00727	0.00506	0.00604	0.00570	0.00683	0.00511	0.00420	0.03706	0.15790	0.07087	0.29868	0.14532	0.05298	0.14683	0.00693	0.00172	0.00267	0.03096	0.00378	0.00410
1	0.02130	0.09133	0.01276	0.30976	0.24764	0.06556	0.00933	0.01122	0.04342	0.01128	0.04260	0.01097	0.02971	0.00418	0.00406	0.00117	0.03940	0.00350	0.00207	0.03871
2	0.00868	0.03426	0.04071	0.04186	0.01075	0.05876	0.00815	0.03255	0.00697	0.01006	0.03699	0.00988	0.00671	0.02908	0.04401	0.00180	0.60908	0.00351	0.00190	0.00430
3	0.04302	0.00583	0.00708	0.00642	0.00801	0.00598	0.02430	0.02210	0.19760	0.14219	0.13081	0.17525	0.14761	0.00760	0.00464	0.00135	0.03658	0.02518	0.00380	0.00464
4	0.13380	0.00540	0.00638	0.00569	0.00731	0.00545	0.00443	0.03226	0.04044	0.19447	0.16579	0.03245	0.11160	0.06689	0.16819	0.00237	0.00423	0.00500	0.00346	0.00437
5	0.00677	0.00478	0.00613	0.00651	0.02819	0.00484	0.00466	0.02827	0.09316	0.06663	0.07016	0.45474	0.06070	0.02737	0.01708	0.00160	0.03150	0.07937	0.00361	0.00394
6	0.04295	0.00756	0.00812	0.00717	0.00933	0.00835	0.00562	0.06674	0.53866	0.09652	0.04995	0.02957	0.10095	0.00581	0.00399	0.00129	0.00298	0.00481	0.00394	0.00569
7	0.04565	0.00708	0.00796	0.00681	0.00886	0.00740	0.00537	0.23770	0.14032	0.15758	0.05265	0.10481	0.09788	0.05353	0.00495	0.00142	0.00322	0.03505	0.01655	0.00521
8	0.11712	0.06577	0.24010	0.11766	0.26085	0.00915	0.04061	0.03095	0.00841	0.01279	0.02274	0.04284	0.00671	0.00403	0.00362	0.00120	0.00467	0.00345	0.00202	0.00530
9	0.00732	0.00689	0.01163	0.85444	0.02670	0.00861	0.01077	0.00991	0.00775	0.00991	0.00689	0.01034	0.00517	0.00388	0.00388	0.00129	0.00517	0.00345	0.00172	0.00431
10	0.00631	0.00449	0.00549	0.00509	0.00630	0.00420	0.00391	0.04991	0.02245	0.04578	0.55401	0.02946	0.20083	0.00810	0.00453	0.00126	0.00212	0.03778	0.00410	0.00387
11	0.49953	0.00841	0.00758	0.00695	0.04030	0.06143	0.00532	0.12826	0.05137	0.07264	0.00794	0.00958	0.00631	0.03723	0.00390	0.01860	0.00357	0.02352	0.00282	0.00476
12	0.00621	0.00454	0.00589	0.07220	0.00778	0.00442	0.00435	0.00851	0.05742	0.04615	0.59541	0.02708	0.13003	0.00757	0.00446	0.00124	0.00224	0.00660	0.00399	0.00392
13	0.00605	0.00409	0.00532	0.00494	0.00598	0.00375	0.00373	0.00783	0.01090	0.05689	0.76474	0.02850	0.06682	0.00784	0.00454	0.00122	0.00191	0.00690	0.00427	0.00379
14	0.04916	0.00787	0.00865	0.00741	0.00974	0.00859	0.00588	0.13275	0.44671	0.16265	0.04412	0.01531	0.04424	0.01821	0.00417	0.00131	0.00321	0.02013	0.00399	0.00589
15	0.02683	0.03923	0.01840	0.02904	0.04200	0.02923	0.15693	0.00886	0.00908	0.02168	0.28546	0.09772	0.08313	0.00769	0.03656	0.04080	0.01945	0.00578	0.00302	0.03909
16	0.01610	0.00648	0.00869	0.00679	0.00959	0.00573	0.00556	0.01808	0.05040	0.73896	0.07874	0.01447	0.01179	0.00506	0.00395	0.00121	0.00317	0.00416	0.00472	0.00635
17	0.00891	0.00709	0.00787	0.00730	0.00911	0.00791	0.00568	0.03931	0.55066	0.04776	0.06687	0.12957	0.01579	0.00674	0.00423	0.00137	0.00297	0.07155	0.00392	0.00541
18	0.00779	0.00503	0.00597	0.00552	0.00688	0.00482	0.00419	0.07277	0.05466	0.12450	0.19030	0.12164	0.22473	0.09774	0.00607	0.00158	0.00267	0.05525	0.00381	0.00412
19	0.00796	0.00765	0.01274	0.54425	0.22674	0.02466	0.04784	0.01036	0.00813	0.01070	0.00786	0.05954	0.00663	0.00423	0.00395	0.00127	0.00496	0.00392	0.00190	0.00474
20	0.00723	0.00361	0.00361	0.00361	0.00452	0.00361	0.00271	0.00903	0.00813	0.01445	0.01265	0.01445	0.00994	0.00452	0.00271	0.00090	0.00181	0.00361	0.88528	0.00361
21	0.00604	0.00415	0.00472	0.00461	0.00503	0.00412	0.00294	0.04897	0.00733	0.00991	0.09958	0.07509	0.07740	0.57187	0.01449	0.00291	0.00329	0.01933	0.03534	0.00289
22	0.05329	0.03960	0.00794	0.02544	0.06767	0.03877	0.00550	0.02278	0.00739	0.10377	0.01037	0.03482	0.02437	0.03867	0.38313	0.10808	0.01805	0.00398	0.00241	0.00398
23	0.00858	0.08693	0.04206	0.01944	0.00979	0.13730	0.04303	0.00983	0.00795	0.04106	0.01199	0.20666	0.04307	0.00872	0.06437	0.00172	0.20740	0.04344	0.00249	0.00416
24	0.00554	0.00415	0.00623	0.00623	0.00692	0.00485	0.00485	0.00692	0.00623	0.00900	0.01038	0.01523	0.00969	0.02908	0.84839	0.00623	0.01038	0.00415	0.00208	0.00346
25	0.09935	0.00868	0.01349	0.12198	0.40493	0.02351	0.08591	0.05342	0.02860	0.01308	0.00818	0.06386	0.00713	0.00434	0.00427	0.00124	0.04661	0.00391	0.00219	0.00534
26	0.00911	0.05641	0.06424	0.20517	0.29371	0.04006	0.03920	0.07467	0.04291	0.01231	0.02430	0.01121	0.03940	0.00476	0.00461	0.06242	0.00460	0.00363	0.00218	0.00511
27	0.00870	0.00633	0.00727	0.00653	0.00827	0.00673	0.00505	0.01485	0.40614	0.10197	0.32957	0.03602	0.03327	0.00642	0.00421	0.00127	0.00259	0.00551	0.00415	0.00514
28	0.00472	0.00337	0.00450	0.00540	0.00562	0.00315	0.00360	0.00540	0.00742	0.00990	0.02137	0.86122	0.02564	0.01215	0.00495	0.00157	0.00225	0.01102	0.00360	0.00315
29	0.28300	0.08881	0.01974	0.06723	0.05366	0.21175	0.02948	0.10185	0.06324	0.01427	0.00713	0.01907	0.00573	0.00405	0.00336	0.00114	0.01635	0.00287	0.00241	0.00487
30	0.11845	0.00844	0.03861	0.09263	0.29215	0.01853	0.02344	0.06026	0.06229	0.15746	0.01015	0.04331	0.02023	0.02185	0.00418	0.00127	0.01460	0.00382	0.00279	0.00553
31	0.01063	0.11954	0.12124	0.02673	0.19706	0.09439	0.06734	0.14877	0.11160	0.01416	0.02500	0.00971	0.00705	0.00411	0.00392	0.00116	0.02607	0.00338	0.00247	0.00566
32	0.00643	0.09211	0.00755	0.00606	0.00695	0.02303	0.00469	0.02149	0.00658	0.00901	0.01005	0.01591	0.00985	0.18667	0.55833	0.00494	0.02058	0.00417	0.00211	0.00349
33	0.01057	0.28178	0.18636	0.00897	0.05185	0.05230	0.03312	0.05280	0.03831	0.11298	0.01865	0.01835	0.00680	0.02140	0.00389	0.00110	0.02579	0.00306	0.00238	0.06952

[dist]
# distance from previous block
# <min> <max>
0	8

[block]
# block no. 3 follows, 70 sequences, length 71
# corresponding to MSA columns:
# 244-314
name=unknown_D
#
# <colnr> <probs for GDERKNQSTAVLIFYWHMCP>
#	G	D	E	R	K	N	Q	S	T	A	V	L	I	F	Y	W	H	M	C	P
0	0.03956	0.06051	0.19782	0.04374	0.19156	0.05233	0.05735	0.02301	0.05758	0.09277	0.04542	0.07762	0.03429	0.00485	0.00386	0.00121	0.00443	0.00419	0.00256	0.00533
1	0.01547	0.01873	0.12730	0.00750	0.01079	0.02833	0.00691	0.01739	0.01064	0.66492	0.04179	0.01278	0.00968	0.00471	0.00386	0.00119	0.00370	0.00380	0.00422	0.00630
2	0.00480	0.00342	0.00456	0.00544	0.00568	0.00321	0.00367	0.00550	0.00744	0.00991	0.02113	0.81214	0.02526	0.03148	0.00530	0.00163	0.00233	0.04040	0.00357	0.00315
3	0.02243	0.05417	0.02975	0.06613	0.12589	0.09719	0.02187	0.43946	0.01387	0.04364	0.00853	0.00931	0.00634	0.00425	0.00371	0.00113	0.00457	0.00332	0.03853	0.00590
4	0.01004	0.06633	0.19140	0.11246	0.27093	0.02689	0.10074	0.01292	0.02619	0.12226	0.01814	0.01001	0.00658	0.00380	0.00382	0.00119	0.00491	0.00346	0.00228	0.00566
5	0.00833	0.00506	0.00528	0.00495	0.00630	0.00539	0.00380	0.01269	0.23986	0.04925	0.01364	0.01440	0.01046	0.00474	0.00311	0.00103	0.00222	0.00384	0.60120	0.00445
6	0.00848	0.00848	0.01187	0.01018	0.01018	0.01187	0.00848	0.00933	0.00594	0.00933	0.00509	0.00848	0.00509	0.00679	0.01272	0.00170	0.85666	0.00339	0.00170	0.00424
7	0.00859	0.00800	0.01345	0.04284	0.47962	0.00803	0.09613	0.04076	0.04115	0.01251	0.01087	0.19915	0.01066	0.00549	0.00417	0.00127	0.00423	0.00529	0.00244	0.00534
8	0.00852	0.01779	0.02532	0.23717	0.39889	0.00835	0.05468	0.01111	0.04080	0.02907	0.00931	0.08807	0.00831	0.00518	0.02349	0.00137	0.00468	0.02048	0.00219	0.00522
9	0.01094	0.00470	0.00558	0.00481	0.00648	0.00437	0.00380	0.01263	0.00921	0.31646	0.01361	0.01399	0.00981	0.00462	0.00314	0.00101	0.00235	0.00372	0.56405	0.00470
10	0.01739	0.00660	0.00900	0.00690	0.00990	0.00570	0.00570	0.01889	0.01110	0.84226	0.01529	0.01320	0.00960	0.00480	0.00390	0.00120	0.00330	0.00390	0.00480	0.00660
11	0.00829	0.09326	0.23333	0.03026	0.13560	0.10042	0.00884	0.02508	0.01793	0.01124	0.02047	0.23480	0.01147	0.00646	0.01394	0.00132	0.01894	0.02119	0.00238	0.00477
12	0.00493	0.00417	0.00466	0.06168	0.00683	0.00376	0.00362	0.00622	0.02176	0.01090	0.09921	0.07984	0.66025	0.00932	0.00454	0.00132	0.00220	0.00787	0.00353	0.00341
13	0.00999	0.00825	0.00878	0.00784	0.01007	0.00946	0.00612	0.02052	0.79528	0.05371	0.01576	0.01441	0.01173	0.00524	0.00394	0.00131	0.00308	0.00436	0.00398	0.00616
14	0.00495	0.00365	0.00505	0.05807	0.00704	0.00359	0.00415	0.00580	0.00743	0.00990	0.02001	0.75595	0.02366	0.01228	0.03880	0.00175	0.00279	0.02848	0.00342	0.00324
15	0.00897	0.05492	0.06031	0.17769	0.32754	0.03833	0.06976	0.01142	0.04121	0.01126	0.00711	0.00959	0.00588	0.00446	0.00545	0.03598	0.11965	0.00342	0.00190	0.00515
16	0.01657	0.00640	0.00872	0.00678	0.00961	0.00555	0.00556	0.01806	0.01099	0.78618	0.04852	0.03710	0.01112	0.00513	0.00395	0.00121	0.00321	0.00422	0.00474	0.00638
17	0.00471	0.00343	0.00444	0.00524	0.00558	0.00316	0.00353	0.00542	0.00757	0.00996	0.02324	0.77529	0.11037	0.01190	0.00491	0.00155	0.00222	0.01073	0.00360	0.00316
18	0.00793	0.01696	0.62806	0.11856	0.01801	0.00897	0.08693	0.02804	0.00848	0.01230	0.02591	0.00916	0.00578	0.00379	0.00381	0.00124	0.00561	0.00320	0.00178	0.00547
19	0.01034	0.00834	0.01198	0.11845	0.33962	0.02616	0.02073	0.06650	0.16372	0.10693	0.03868	0.01209	0.01898	0.00444	0.00400	0.01031	0.00409	0.00386	0.02508	0.00572
20	0.01448	0.01848	0.01099	0.00999	0.01199	0.84819	0.00749	0.01548	0.01099	0.00949	0.00599	0.00699	0.00499	0.00400	0.00350	0.00100	0.00699	0.00250	0.00200	0.00449
21	0.75017	0.00744	0.00628	0.00543	0.00793	0.00834	0.00447	0.02882	0.00747	0.13401	0.00687	0.00733	0.00501	0.00379	0.00264	0.00120	0.00307	0.00238	0.00277	0.00459
22	0.89114	0.00750	0.00570	0.00510	0.00750	0.00870	0.00420	0.01140	0.00660	0.01739	0.00540	0.00630	0.00420	0.00360	0.00240	0.00120	0.00300	0.00210	0.00240	0.00420
23	0.00478	0.00391	0.00421	0.00418	0.00537	0.00335	0.00312	0.00592	0.00923	0.01151	0.20607	0.06785	0.63800	0.00951	0.00459	0.00130	0.00195	0.00805	0.00374	0.00335
24	0.00563	0.00408	0.00556	0.00553	0.00595	0.00456	0.00395	0.00647	0.00600	0.00844	0.01099	0.01900	0.01130	0.34873	0.51565	0.00520	0.02303	0.00471	0.00217	0.00305
25	0.00458	0.00393	0.00393	0.00393	0.00524	0.00327	0.00295	0.00556	0.00884	0.01047	0.03927	0.03731	0.83800	0.00982	0.00458	0.00131	0.00196	0.00818	0.00360	0.00327
26	0.00960	0.00921	0.01574	0.02380	0.83957	0.00921	0.01190	0.01190	0.00883	0.01267	0.00729	0.00960	0.00614	0.00345	0.00384	0.00115	0.00461	0.00345	0.00192	0.00614
27	0.00480	0.00345	0.00454	0.00539	0.00568	0.00322	0.00365	0.00552	0.00750	0.00994	0.02185	0.77948	0.05711	0.02890	0.00524	0.00162	0.00232	0.04306	0.00357	0.00315
28	0.89114	0.00750	0.00570	0.00510	0.00750	0.00870	0.00420	0.01140	0.00660	0.01739	0.00540	0.00630	0.00420	0.00360	0.00240	0.00120	0.00300	0.00210	0.00240	0.00420
29	0.00915	0.01046	0.02288	0.01634	0.02026	0.00980	0.82549	0.01242	0.00915	0.01242	0.00784	0.01046	0.00588	0.00327	0.00458	0.00131	0.00654	0.00458	0.00196	0.00523
30	0.00848	0.00848	0.01187	0.01018	0.01018	0.01187	0.00848	0.00933	0.00594	0.00933	0.00509	0.00848	0.00509	0.00679	0.01272	0.00170	0.85666	0.00339	0.00170	0.00424
31	0.00473	0.00387	0.00417	0.00423	0.00536	0.00331	0.00312	0.00579	0.00898	0.01113	0.15071	0.12994	0.63158	0.00981	0.00462	0.00133	0.00198	0.00834	0.00369	0.00331
32	0.30643	0.00873	0.00880	0.00716	0.00985	0.00963	0.00585	0.32917	0.12103	0.12732	0.00970	0.00958	0.00694	0.00440	0.00338	0.00120	0.00352	0.00320	0.01844	0.00568
33	0.01699	0.00651	0.00887	0.00683	0.00976	0.00563	0.00563	0.01850	0.01109	0.81406	0.04333	0.01373	0.01052	0.00490	0.00392	0.00120	0.00325	0.00400	0.00478	0.00650
34	0.00578	0.00413	0.00571	0.00660	0.00729	0.00406	0.00543	0.00722	0.00846	0.01108	0.02079	0.29532	0.02334	0.01115	0.00523	0.00172	0.00316	0.56651	0.00358	0.00344
35	0.02338	0.00851	0.00904	0.00800	0.01019	0.00988	0.00628	0.07998	0.73131	0.01661	0.01478	0.01375	0.01110	0.00524	0.00422	0.00131	0.03226	0.00425	0.00384	0.00608
36	0.00554	0.00415	0.00623	0.00623	0.00692	0.00485	0.00485	0.00692	0.00623	0.00900	0.01038	0.01523	0.00969	0.02908	0.84839	0.00623	0.01038	0.00415	0.00208	0.00346
37	0.00482	0.00348	0.00458	0.00537	0.00571	0.00324	0.00368	0.00562	0.00775	0.01031	0.06781	0.74316	0.06375	0.01174	0.00493	0.00155	0.00227	0.04340	0.00364	0.00320
38	0.00484	0.00342	0.00446	0.00525	0.00545	0.00323	0.00344	0.00543	0.00720	0.00959	0.02021	0.75516	0.02418	0.12021	0.00682	0.00185	0.00244	0.01034	0.00344	0.00305
39	0.00804	0.00689	0.00804	0.00574	0.00919	0.00517	0.00459	0.00976	0.00804	0.01263	0.00689	0.00804	0.00574	0.00287	0.00287	0.00057	0.00287	0.00230	0.00230	0.88745
40	0.00858	0.02301	0.05230	0.10889	0.12119	0.00693	0.02449	0.07848	0.00901	0.03174	0.01751	0.04579	0.04475	0.03780	0.00414	0.00106	0.00370	0.00359	0.00245	0.37459
41	0.00782	0.01974	0.81660	0.01122	0.01689	0.00903	0.04108	0.01228	0.00822	0.01228	0.00699	0.00826	0.00494	0.00367	0.00371	0.00123	0.00576	0.00292	0.00165	0.00571
42	0.00673	0.00337	0.00505	0.00505	0.00505	0.00337	0.00337	0.00505	0.00505	0.00673	0.00673	0.01178	0.00673	0.01347	0.01515	0.88721	0.00337	0.00337	0.00168	0.00168
43	0.00964	0.00833	0.00877	0.00789	0.01008	0.00964	0.00614	0.02060	0.83257	0.01622	0.01578	0.01446	0.01183	0.00526	0.00394	0.00131	0.00307	0.00438	0.00394	0.00614
44	0.01002	0.23863	0.31589	0.02138	0.01379	0.04917	0.06797	0.12680	0.09628	0.01341	0.00782	0.00862	0.00597	0.00388	0.00348	0.00112	0.00494	0.00302	0.00224	0.00558
45	0.00978	0.00830	0.00877	0.00787	0.01008	0.00957	0.00613	0.02057	0.81783	0.03103	0.01577	0.01444	0.01179	0.00525	0.00394	0.00131	0.00307	0.00437	0.00396	0.00614
46	0.00621	0.00441	0.00611	0.00694	0.00777	0.00441	0.00598	0.00787	0.00870	0.01133	0.01996	0.04249	0.02176	0.06841	0.00633	0.00192	0.00358	0.75883	0.00349	0.00349
47	0.00541	0.00483	0.02413	0.02415	0.03488	0.00424	0.00406	0.00739	0.06727	0.01184	0.17320	0.06923	0.53776	0.00878	0.00449	0.00130	0.00228	0.00745	0.00360	0.00371
48	0.00804	0.00675	0.00786	0.00570	0.00897	0.00519	0.00455	0.02408	0.00832	0.01300	0.03545	0.00898	0.00695	0.00313	0.00294	0.00062	0.00283	0.00252	0.03112	0.81301
49	0.00476	0.00339	0.00449	0.00535	0.00557	0.00317	0.00355	0.00541	0.00735	0.00980	0.02100	0.82762	0.02518	0.04638	0.00554	0.00166	0.00231	0.01080	0.00355	0.00312
50	0.00912	0.01067	0.04109	0.01622	0.02018	0.00979	0.80749	0.01242	0.00913	0.01242	0.00782	0.01041	0.00586	0.00328	0.00456	0.00131	0.00652	0.00454	0.00195	0.00524
51	0.01083	0.78527	0.01942	0.00683	0.01010	0.03596	0.00667	0.05135	0.00852	0.02735	0.00580	0.00653	0.00515	0.00343	0.00261	0.00086	0.00421	0.00219	0.00184	0.00508
52	0.00893	0.00963	0.07553	0.20792	0.29402	0.02095	0.19040	0.01149	0.00842	0.02906	0.00738	0.00990	0.00582	0.00388	0.00475	0.00126	0.07976	0.00365	0.02201	0.00526
53	0.00723	0.00361	0.00361	0.00361	0.00452	0.00361	0.00271	0.00903	0.00813	0.01445	0.01265	0.01445	0.00994	0.00452	0.00271	0.00090	0.00181	0.00361	0.88528	0.00361
54	0.00804	0.00689	0.00804	0.00574	0.00919	0.00517	0.00459	0.00976	0.00804	0.01263	0.00689	0.00804	0.00574	0.00287	0.00287	0.00057	0.00287	0.00230	0.00230	0.88745
55	0.00798	0.01259	0.32316	0.09115	0.06382	0.00846	0.24953	0.01168	0.04118	0.01275	0.12879	0.01241	0.01018	0.00425	0.00411	0.00125	0.00518	0.00412	0.00223	0.00519
56	0.01443	0.01071	0.01146	0.00886	0.01191	0.01188	0.00729	0.77814	0.06723	0.02394	0.00970	0.00962	0.00691	0.00469	0.00388	0.00117	0.00419	0.00354	0.00388	0.00657
57	0.01217	0.04310	0.01073	0.00854	0.02625	0.01079	0.00679	0.44167	0.30878	0.01991	0.01159	0.02887	0.00877	0.00488	0.00383	0.00119	0.00374	0.00387	0.00371	0.04081
58	0.00552	0.00435	0.00578	0.00607	0.02300	0.00430	0.02248	0.00663	0.00808	0.01060	0.08783	0.24183	0.23104	0.08550	0.05969	0.00199	0.04534	0.14328	0.00328	0.00340
59	0.00870	0.09328	0.61283	0.01073	0.03901	0.00936	0.04367	0.02965	0.02855	0.05355	0.00812	0.02326	0.01441	0.00395	0.00367	0.00120	0.00527	0.00317	0.00197	0.00566
60	0.00941	0.21514	0.53390	0.00969	0.01448	0.01080	0.01152	0.11449	0.00942	0.02708	0.00703	0.00795	0.00522	0.00374	0.00343	0.00113	0.00514	0.00278	0.00198	0.00568
61	0.00466	0.00392	0.00404	0.00403	0.00529	0.00330	0.00301	0.00570	0.00898	0.01087	0.10232	0.05166	0.75957	0.00971	0.00459	0.00131	0.00196	0.00814	0.00365	0.00330
62	0.01028	0.23368	0.19364	0.08374	0.11018	0.17062	0.03279	0.01251	0.00897	0.05206	0.03987	0.00935	0.01853	0.00394	0.00346	0.00108	0.00508	0.00305	0.00205	0.00514
63	0.05731	0.05672	0.28456	0.09028	0.09974	0.07099	0.07100	0.05484	0.00922	0.10253	0.01888	0.05132	0.00712	0.00429	0.00375	0.00120	0.00493	0.00360	0.00236	0.00537
64	0.00576	0.00411	0.00568	0.00658	0.00726	0.00404	0.00539	0.00718	0.00844	0.01105	0.02080	0.30680	0.02338	0.01117	0.00522	0.00172	0.00314	0.55525	0.00358	0.00343
65	0.00552	0.00379	0.00425	0.00428	0.00445	0.00371	0.00253	0.00568	0.00610	0.00798	0.01555	0.04186	0.10527	0.73520	0.01747	0.00341	0.00353	0.02440	0.00254	0.00249
66	0.00829	0.00952	0.16982	0.10626	0.24155	0.00745	0.08234	0.01071	0.00859	0.06950	0.03624	0.13872	0.06282	0.00557	0.00424	0.00129	0.01496	0.01457	0.00249	0.00506
67	0.00963	0.04162	0.15371	0.01309	0.15728	0.04879	0.16787	0.08591	0.09427	0.02391	0.00877	0.04687	0.00724	0.00493	0.01709	0.00135	0.10598	0.00392	0.00235	0.00543
68	0.01030	0.84388	0.04193	0.00675	0.01013	0.01517	0.00684	0.01163	0.00789	0.00920	0.00543	0.00627	0.00497	0.00333	0.00252	0.00084	0.00419	0.00209	0.00166	0.00499
69	0.00605	0.00519	0.03858	0.00660	0.02748	0.00482	0.00491	0.00876	0.14957	0.01125	0.01973	0.48884	0.05930	0.02803	0.00527	0.02122	0.00278	0.10432	0.00347	0.00384
70	0.59570	0.03154	0.00875	0.02629	0.19610	0.02641	0.00628	0.01150	0.00728	0.01554	0.00590	0.00721	0.00475	0.00360	0.00295	0.00117	0.01649	0.00246	0.00224	0.02785

[dist]
# distance from previous block
# <min> <max>
0	2

[block]
# block no. 4 follows, 70 sequences, length 29
# corresponding to MSA columns:
# 317-345
name=unknown_E
#
# <colnr> <probs for GDERKNQSTAVLIFYWHMCP>
#	G	D	E	R	K	N	Q	S	T	A	V	L	I	F	Y	W	H	M	C	P
0	0.00765	0.00743	0.05307	0.03395	0.16236	0.02067	0.09441	0.03766	0.06873	0.01318	0.19748	0.08974	0.06855	0.03094	0.00501	0.00135	0.03561	0.03099	0.03661	0.00461
1	0.13365	0.13082	0.03676	0.01948	0.11204	0.05872	0.03503	0.28181	0.02201	0.03674	0.00758	0.00842	0.00584	0.00398	0.00360	0.00109	0.02386	0.00298	0.00271	0.07288
2	0.00498	0.00377	0.00447	0.00487	0.00556	0.00343	0.00348	0.00585	0.00804	0.01026	0.06519	0.33012	0.32388	0.11669	0.00667	0.00175	0.00245	0.09191	0.00347	0.00316
3	0.02308	0.38738	0.14641	0.00914	0.05647	0.10470	0.03863	0.05196	0.04721	0.05737	0.00757	0.01773	0.00624	0.00422	0.01385	0.00110	0.00477	0.01474	0.00217	0.00526
4	0.00946	0.33763	0.42136	0.00929	0.01374	0.02572	0.04171	0.02318	0.02801	0.04662	0.00698	0.00789	0.00536	0.00363	0.00328	0.00108	0.00500	0.00271	0.00188	0.00546
5	0.00555	0.00445	0.01975	0.00621	0.02721	0.00421	0.00464	0.00719	0.04315	0.01093	0.08126	0.32574	0.14461	0.02684	0.11776	0.00218	0.00368	0.15773	0.00336	0.00356
6	0.00564	0.00376	0.00423	0.00423	0.00423	0.00376	0.00235	0.00564	0.00564	0.00752	0.01222	0.02537	0.01409	0.86375	0.01973	0.00376	0.00376	0.00564	0.00235	0.00235
7	0.01086	0.05323	0.16435	0.00840	0.01149	0.00931	0.03573	0.37973	0.02436	0.04891	0.05532	0.07081	0.08393	0.00567	0.00416	0.01640	0.00407	0.00448	0.00326	0.00553
8	0.00909	0.14981	0.48476	0.01029	0.03493	0.01028	0.04249	0.10387	0.03600	0.01303	0.00730	0.00853	0.00553	0.00448	0.01704	0.02232	0.02974	0.00299	0.00200	0.00554
9	0.00555	0.00378	0.00424	0.00423	0.00436	0.00372	0.00244	0.00569	0.00607	0.00802	0.04224	0.02643	0.07989	0.76742	0.01802	0.00348	0.00355	0.00589	0.00251	0.00247
10	0.01152	0.56656	0.04009	0.00779	0.01076	0.22120	0.00714	0.05795	0.00919	0.01016	0.00579	0.00669	0.00507	0.00364	0.00307	0.00092	0.02333	0.00231	0.00187	0.00495
11	0.00878	0.04475	0.07458	0.05321	0.09548	0.00706	0.00676	0.05933	0.04584	0.03796	0.03069	0.00976	0.00717	0.00498	0.05187	0.00116	0.00395	0.00296	0.00243	0.45128
12	0.00845	0.02146	0.23330	0.03284	0.20937	0.06534	0.03332	0.02302	0.08459	0.01313	0.17442	0.02781	0.02557	0.00495	0.00418	0.00122	0.02501	0.00424	0.00257	0.00520
13	0.00804	0.00689	0.00804	0.00574	0.00919	0.00517	0.00459	0.00976	0.00804	0.01263	0.00689	0.00804	0.00574	0.00287	0.00287	0.00057	0.00287	0.00230	0.00230	0.88745
14	0.00518	0.00394	0.00446	0.00451	0.00561	0.00342	0.00335	0.00631	0.00906	0.03528	0.18036	0.16844	0.51503	0.00973	0.00464	0.00135	0.00207	0.03009	0.00375	0.00343
15	0.89114	0.00750	0.00570	0.00510	0.00750	0.00870	0.00420	0.01140	0.00660	0.01739	0.00540	0.00630	0.00420	0.00360	0.00240	0.00120	0.00300	0.00210	0.00240	0.00420
16	0.00684	0.00481	0.00599	0.00543	0.00666	0.00470	0.00415	0.05595	0.07617	0.05033	0.69108	0.02603	0.03179	0.00740	0.00446	0.00122	0.00213	0.00647	0.00424	0.00414
17	0.01739	0.00660	0.00900	0.00690	0.00990	0.00570	0.00570	0.01889	0.01110	0.84226	0.01529	0.01320	0.00960	0.00480	0.00390	0.00120	0.00330	0.00390	0.00480	0.00660
18	0.01474	0.01086	0.01163	0.00892	0.01202	0.01202	0.00737	0.82664	0.01823	0.02443	0.00931	0.00931	0.00659	0.00465	0.00388	0.00116	0.00427	0.00349	0.00388	0.00659
19	0.00472	0.00337	0.00450	0.00540	0.00562	0.00315	0.00360	0.00540	0.00742	0.00990	0.02137	0.86122	0.02564	0.01215	0.00495	0.00157	0.00225	0.01102	0.00360	0.00315
20	0.05458	0.00664	0.00886	0.00682	0.00979	0.00583	0.00563	0.01857	0.01090	0.80715	0.01487	0.01290	0.00937	0.00475	0.00383	0.00120	0.00329	0.00382	0.00470	0.00650
21	0.00915	0.01046	0.02288	0.01634	0.02026	0.00980	0.82549	0.01242	0.00915	0.01242	0.00784	0.01046	0.00588	0.00327	0.00458	0.00131	0.00654	0.00458	0.00196	0.00523
22	0.00549	0.00396	0.00518	0.00488	0.00579	0.00366	0.00366	0.00732	0.01097	0.01555	0.83752	0.02896	0.03658	0.00793	0.00457	0.00122	0.00183	0.00701	0.00427	0.00366
23	0.00823	0.00811	0.01139	0.00984	0.00990	0.01127	0.00817	0.00912	0.00596	0.00930	0.00555	0.00906	0.00549	0.00871	0.08479	0.00209	0.78367	0.00346	0.00173	0.00417
24	0.00629	0.00536	0.00688	0.11178	0.07849	0.00543	0.00534	0.00918	0.12495	0.01255	0.20925	0.03910	0.34215	0.00753	0.00436	0.00129	0.00274	0.01977	0.00343	0.00413
25	0.20428	0.00679	0.00829	0.00651	0.00938	0.00634	0.00538	0.01729	0.01013	0.66582	0.01318	0.01172	0.00844	0.00454	0.00358	0.00120	0.00323	0.00351	0.00429	0.00608
26	0.00817	0.00798	0.06173	0.15289	0.16732	0.00798	0.00789	0.01354	0.30065	0.01377	0.16090	0.01583	0.02925	0.02987	0.00448	0.00133	0.00365	0.00454	0.00305	0.00519
27	0.00504	0.00367	0.00479	0.00559	0.00594	0.00353	0.00383	0.00628	0.04998	0.01029	0.02105	0.78631	0.02480	0.01174	0.00491	0.00157	0.00234	0.04140	0.00362	0.00332
28	0.00832	0.00795	0.01305	0.40446	0.40024	0.02221	0.01076	0.01064	0.00833	0.01119	0.00865	0.03144	0.03794	0.00411	0.00391	0.00123	0.00475	0.00380	0.00193	0.00509

[dist]
# distance from previous block
# <min> <max>
2	16

[block]
# block no. 5 follows, 70 sequences, length 71
# corresponding to MSA columns:
# 362-432
name=unknown_F
#
# <colnr> <probs for GDERKNQSTAVLIFYWHMCP>
#	G	D	E	R	K	N	Q	S	T	A	V	L	I	F	Y	W	H	M	C	P
0	0.01917	0.02860	0.54707	0.02810	0.04445	0.03277	0.15514	0.02324	0.04899	0.02511	0.00764	0.00899	0.00555	0.00372	0.00383	0.00123	0.00562	0.00326	0.00191	0.00561
1	0.00947	0.01008	0.10816	0.05988	0.57452	0.00896	0.02309	0.05694	0.02255	0.02858	0.03355	0.02083	0.00751	0.00395	0.00389	0.00119	0.00459	0.01417	0.00219	0.00588
2	0.00549	0.00396	0.00518	0.00488	0.00579	0.00366	0.00366	0.00732	0.01097	0.01555	0.83752	0.02896	0.03658	0.00793	0.00457	0.00122	0.00183	0.00701	0.00427	0.00366
3	0.01739	0.00660	0.00900	0.00690	0.00990	0.00570	0.00570	0.01889	0.01110	0.84226	0.01529	0.01320	0.00960	0.00480	0.00390	0.00120	0.00330	0.00390	0.00480	0.00660
4	0.00537	0.00396	0.00501	0.00475	0.00572	0.00361	0.00356	0.00708	0.01069	0.01487	0.73075	0.03008	0.14378	0.00818	0.00457	0.00123	0.00185	0.00717	0.00418	0.00361
5	0.00960	0.00921	0.01574	0.02380	0.83957	0.00921	0.01190	0.01190	0.00883	0.01267	0.00729	0.00960	0.00614	0.00345	0.00384	0.00115	0.00461	0.00345	0.00192	0.00614
6	0.00605	0.00373	0.00415	0.00416	0.00495	0.00355	0.00298	0.00741	0.00847	0.01283	0.19479	0.09335	0.14029	0.11595	0.00574	0.00145	0.00212	0.00590	0.37874	0.00337
7	0.00915	0.01046	0.02288	0.01634	0.02026	0.00980	0.82549	0.01242	0.00915	0.01242	0.00784	0.01046	0.00588	0.00327	0.00458	0.00131	0.00654	0.00458	0.00196	0.00523
8	0.00848	0.00848	0.01187	0.01018	0.01018	0.01187	0.00848	0.00933	0.00594	0.00933	0.00509	0.00848	0.00509	0.00679	0.01272	0.00170	0.85666	0.00339	0.00170	0.00424
9	0.00797	0.00682	0.00797	0.00574	0.00912	0.00513	0.00457	0.00967	0.00803	0.01258	0.00718	0.02529	0.00614	0.00306	0.00291	0.00059	0.00286	0.00247	0.00232	0.86958
10	0.03370	0.01055	0.04485	0.03596	0.01264	0.01112	0.04344	0.59358	0.08086	0.06184	0.00970	0.00986	0.00693	0.00460	0.00405	0.00120	0.02166	0.00357	0.00361	0.00629
11	0.00472	0.00337	0.00450	0.00540	0.00562	0.00315	0.00360	0.00540	0.00742	0.00990	0.02137	0.86122	0.02564	0.01215	0.00495	0.00157	0.00225	0.01102	0.00360	0.00315
12	0.01070	0.03938	0.03817	0.01881	0.54438	0.00899	0.08435	0.04643	0.00950	0.12488	0.00879	0.01092	0.00697	0.00387	0.00390	0.00118	0.00458	0.02576	0.00242	0.00602
13	0.00800	0.03335	0.65499	0.10777	0.05188	0.02135	0.04548	0.01203	0.00824	0.01193	0.00696	0.00852	0.00503	0.00368	0.00372	0.00122	0.00564	0.00300	0.00168	0.00553
14	0.00564	0.00377	0.00427	0.00427	0.00429	0.00378	0.00240	0.00567	0.00565	0.00755	0.01218	0.02515	0.01400	0.84560	0.03775	0.00381	0.00390	0.00561	0.00234	0.00237
15	0.00528	0.00395	0.00490	0.00466	0.00567	0.00357	0.00350	0.00692	0.01049	0.01439	0.65614	0.03086	0.21868	0.00836	0.00457	0.00124	0.00186	0.00728	0.00412	0.00357
16	0.00825	0.00701	0.00815	0.00584	0.00927	0.00538	0.00468	0.03493	0.00835	0.01300	0.00697	0.00808	0.00577	0.00293	0.00290	0.00059	0.00291	0.00233	0.00235	0.86032
17	0.00478	0.00350	0.00448	0.00515	0.00559	0.00321	0.00352	0.00560	0.00794	0.01050	0.09958	0.67219	0.13684	0.01144	0.00486	0.00151	0.00217	0.01026	0.00366	0.00321
18	0.01036	0.86609	0.02032	0.00663	0.00995	0.01534	0.00663	0.01161	0.00788	0.00912	0.00539	0.00622	0.00498	0.00332	0.00249	0.00083	0.00415	0.00207	0.00166	0.00498
19	0.00519	0.00393	0.00478	0.00461	0.00562	0.00352	0.00344	0.00672	0.01020	0.01382	0.56863	0.06306	0.27500	0.00865	0.00459	0.00126	0.00189	0.00751	0.00404	0.00352
20	0.00709	0.00528	0.02866	0.02039	0.06957	0.00502	0.01418	0.00883	0.03878	0.07473	0.02900	0.18104	0.03823	0.09302	0.11070	0.01651	0.00426	0.24762	0.00315	0.00393
21	0.00519	0.00376	0.00499	0.00582	0.00627	0.00362	0.00424	0.00640	0.03041	0.01046	0.02138	0.64176	0.04029	0.01160	0.00500	0.00161	0.00256	0.18772	0.00360	0.00333
22	0.00939	0.00811	0.00853	0.00770	0.00984	0.00933	0.00598	0.01986	0.79220	0.01594	0.01693	0.01558	0.05232	0.00548	0.00398	0.00131	0.00301	0.00457	0.00393	0.00600
23	0.00936	0.00974	0.01759	0.17265	0.27065	0.05247	0.36005	0.01217	0.02092	0.02500	0.00764	0.01010	0.00593	0.00353	0.00415	0.00124	0.00562	0.00390	0.00198	0.00533
24	0.00945	0.00804	0.00819	0.03914	0.00977	0.08129	0.00583	0.09267	0.39256	0.03689	0.01495	0.11314	0.03162	0.07257	0.00553	0.01789	0.00358	0.04836	0.00348	0.00506
25	0.00603	0.00409	0.00531	0.00493	0.00597	0.00374	0.00372	0.00780	0.01088	0.05582	0.76010	0.02858	0.07254	0.00786	0.00454	0.00122	0.00191	0.00691	0.00426	0.00378
26	0.00559	0.00377	0.00421	0.00421	0.00428	0.00373	0.00238	0.00563	0.00579	0.00766	0.01354	0.02596	0.05447	0.82191	0.01899	0.00364	0.00367	0.00576	0.00241	0.00239
27	0.03399	0.18480	0.10657	0.02908	0.05645	0.31040	0.02194	0.07971	0.05710	0.07396	0.00761	0.00830	0.00590	0.00396	0.00342	0.00106	0.00529	0.00284	0.00236	0.00524
28	0.00808	0.00445	0.00584	0.00581	0.00691	0.00411	0.00432	0.00937	0.03405	0.20616	0.07061	0.42533	0.07831	0.02212	0.00515	0.02577	0.00263	0.07305	0.00386	0.00407
29	0.00540	0.00394	0.00520	0.00586	0.00657	0.00375	0.00459	0.00668	0.00856	0.01122	0.10459	0.34218	0.12873	0.01085	0.00503	0.00159	0.00271	0.33549	0.00365	0.00339
30	0.00947	0.47553	0.05617	0.04917	0.05971	0.04802	0.00720	0.01100	0.00784	0.03866	0.00715	0.02073	0.00637	0.00835	0.15713	0.00193	0.02601	0.00288	0.00190	0.00477
31	0.00742	0.00676	0.02153	0.08151	0.31593	0.01846	0.00760	0.01816	0.01978	0.01201	0.15956	0.05575	0.09751	0.06315	0.08017	0.00184	0.02054	0.00510	0.00265	0.00458
32	0.00638	0.00412	0.00519	0.00488	0.00577	0.00382	0.00353	0.00770	0.00956	0.07758	0.50176	0.04371	0.09060	0.19307	0.00782	0.00179	0.00241	0.02294	0.00382	0.00356
33	0.00564	0.00376	0.00423	0.00423	0.00423	0.00376	0.00235	0.00564	0.00564	0.00752	0.01222	0.02537	0.01409	0.86375	0.01973	0.00376	0.00376	0.00564	0.00235	0.00235
34	0.00806	0.00697	0.00838	0.00599	0.00944	0.00527	0.02345	0.00982	0.00806	0.01263	0.00691	0.00809	0.00575	0.00288	0.00291	0.00059	0.00296	0.00235	0.00229	0.86719
35	0.00846	0.17679	0.56871	0.01100	0.01602	0.01031	0.13251	0.01217	0.00827	0.01171	0.00679	0.00815	0.00507	0.00355	0.00359	0.00116	0.00555	0.00297	0.00169	0.00551
36	0.00554	0.00415	0.00623	0.00623	0.00692	0.00485	0.00485	0.00692	0.00623	0.00900	0.01038	0.01523	0.00969	0.02908	0.84839	0.00623	0.01038	0.00415	0.00208	0.00346
37	0.00879	0.02398	0.00866	0.00610	0.00950	0.00609	0.00493	0.09627	0.00911	0.01381	0.00712	0.00814	0.00582	0.00307	0.00297	0.00064	0.00304	0.00242	0.00245	0.77708
38	0.00495	0.00354	0.00476	0.00566	0.00599	0.00335	0.00400	0.00580	0.00765	0.01015	0.02124	0.73779	0.02514	0.01193	0.00501	0.00161	0.00245	0.13219	0.00359	0.00321
39	0.05322	0.00781	0.00846	0.04916	0.02355	0.02490	0.00616	0.06899	0.51674	0.01579	0.09102	0.01718	0.03620	0.00574	0.00402	0.00131	0.00323	0.05736	0.00368	0.00547
40	0.00670	0.00338	0.00502	0.00502	0.00502	0.00338	0.00333	0.00507	0.00507	0.00676	0.00691	0.01223	0.00698	0.04154	0.01530	0.85804	0.00338	0.00344	0.00171	0.00171
41	0.00472	0.00339	0.00448	0.00535	0.00561	0.00315	0.00358	0.00540	0.00747	0.00992	0.02196	0.83402	0.05246	0.01207	0.00494	0.00157	0.00224	0.01093	0.00360	0.00315
42	0.50186	0.00814	0.00776	0.00641	0.00902	0.00902	0.00528	0.22993	0.01032	0.13381	0.00801	0.00840	0.00580	0.00502	0.03514	0.00138	0.00366	0.00280	0.00312	0.00514
43	0.01017	0.68202	0.12621	0.00745	0.01094	0.01423	0.00774	0.05154	0.00835	0.01029	0.00577	0.00671	0.00505	0.00356	0.00310	0.00093	0.03674	0.00230	0.00177	0.00512
44	0.00778	0.02005	0.84367	0.01105	0.01678	0.00900	0.01432	0.01228	0.00818	0.01228	0.00696	0.00818	0.00491	0.00368	0.00368	0.00123	0.00573	0.00286	0.00164	0.00573
45	0.00505	0.00364	0.00486	0.00571	0.00614	0.00345	0.00415	0.00599	0.00782	0.01030	0.02206	0.64030	0.06471	0.01171	0.00502	0.00161	0.00253	0.18811	0.00359	0.00325
46	0.00897	0.04344	0.08457	0.06004	0.01964	0.00995	0.66381	0.01215	0.00885	0.01205	0.00755	0.01006	0.00571	0.00344	0.00464	0.00129	0.03250	0.00425	0.00190	0.00518
47	0.01329	0.02656	0.10831	0.02571	0.01293	0.24236	0.03148	0.40894	0.05273	0.02796	0.00835	0.00884	0.00617	0.00432	0.00375	0.00113	0.00520	0.00320	0.00298	0.00578
48	0.01474	0.01086	0.01163	0.00892	0.01202	0.01202	0.00737	0.82664	0.01823	0.02443	0.00931	0.00931	0.00659	0.00465	0.00388	0.00116	0.00427	0.00349	0.00388	0.00659
49	0.00458	0.00393	0.00393	0.00393	0.00524	0.00327	0.00295	0.00556	0.00884	0.01047	0.03927	0.03731	0.83800	0.00982	0.00458	0.00131	0.00196	0.00818	0.00360	0.00327
50	0.00557	0.00405	0.00568	0.00568	0.00619	0.00455	0.00416	0.00657	0.00607	0.00859	0.01089	0.01800	0.01090	0.25739	0.62172	0.00555	0.00857	0.00456	0.00215	0.00316
51	0.00622	0.04065	0.01746	0.00536	0.00660	0.01830	0.00419	0.00888	0.08916	0.01498	0.66525	0.02636	0.06687	0.00744	0.00440	0.00121	0.00218	0.00648	0.00403	0.00397
52	0.00778	0.02005	0.84367	0.01105	0.01678	0.00900	0.01432	0.01228	0.00818	0.01228	0.00696	0.00818	0.00491	0.00368	0.00368	0.00123	0.00573	0.00286	0.00164	0.00573
53	0.00488	0.00357	0.00461	0.00540	0.00575	0.00337	0.00365	0.00591	0.03474	0.01014	0.02220	0.78648	0.07132	0.01179	0.00489	0.00155	0.00226	0.01064	0.00361	0.00325
54	0.01111	0.71256	0.01863	0.00724	0.01032	0.16619	0.00679	0.01231	0.00844	0.00919	0.00550	0.00636	0.00498	0.00344	0.00267	0.00086	0.00466	0.00215	0.00172	0.00489
55	0.00564	0.00376	0.00423	0.00423	0.00423	0.00376	0.00235	0.00564	0.00564	0.00752	0.01222	0.02537	0.01409	0.86375	0.01973	0.00376	0.00376	0.00564	0.00235	0.00235
56	0.00895	0.02150	0.03326	0.12823	0.02219	0.06577	0.02447	0.02597	0.45077	0.01416	0.08864	0.02651	0.03984	0.00546	0.00402	0.00128	0.00369	0.02666	0.00333	0.00529
57	0.01079	0.01258	0.09532	0.02715	0.44890	0.23648	0.03862	0.01294	0.00933	0.03437	0.00723	0.00906	0.00589	0.00443	0.02931	0.00128	0.00557	0.00321	0.00200	0.00553
58	0.00778	0.02005	0.84367	0.01105	0.01678	0.00900	0.01432	0.01228	0.00818	0.01228	0.00696	0.00818	0.00491	0.00368	0.00368	0.00123	0.00573	0.00286	0.00164	0.00573
59	0.01726	0.00663	0.00899	0.00691	0.00990	0.00576	0.00571	0.01892	0.02500	0.82827	0.01530	0.01322	0.00963	0.00481	0.00390	0.00120	0.00329	0.00391	0.00478	0.00659
60	0.01820	0.04989	0.24411	0.10057	0.15120	0.04307	0.13088	0.02826	0.02019	0.07662	0.03956	0.03478	0.02092	0.00428	0.00406	0.00122	0.02074	0.00381	0.00227	0.00535
61	0.01414	0.01793	0.01081	0.00984	0.01179	0.81615	0.00739	0.01516	0.01081	0.00947	0.00616	0.00730	0.00517	0.00495	0.03559	0.00120	0.00712	0.00256	0.00200	0.00446
62	0.01719	0.00693	0.00920	0.00705	0.01006	0.00619	0.00583	0.08171	0.01165	0.77866	0.01483	0.01289	0.00936	0.00479	0.00390	0.00120	0.00337	0.00387	0.00473	0.00660
63	0.05071	0.00881	0.13881	0.14561	0.12225	0.00723	0.11312	0.01029	0.04004	0.02565	0.09874	0.01790	0.18233	0.00551	0.00410	0.00126	0.00411	0.01623	0.00261	0.00469
64	0.00893	0.05881	0.05139	0.19686	0.28509	0.08529	0.04592	0.01106	0.01923	0.03208	0.00981	0.06611	0.03890	0.04674	0.00477	0.00134	0.01422	0.01634	0.00217	0.00493
65	0.00984	0.00843	0.00888	0.00793	0.01016	0.00973	0.00618	0.05164	0.80121	0.01653	0.01553	0.01427	0.01163	0.00524	0.00394	0.00131	0.00311	0.00435	0.00394	0.00615
66	0.01418	0.04634	0.03957	0.04879	0.02537	0.00853	0.10832	0.19674	0.05312	0.40045	0.01184	0.01139	0.00796	0.00443	0.00391	0.00120	0.00413	0.00377	0.00377	0.00619
67	0.00989	0.08377	0.33976	0.04224	0.17375	0.08213	0.02100	0.04282	0.01841	0.08404	0.00929	0.01028	0.04655	0.00413	0.00381	0.00117	0.01589	0.00332	0.00221	0.00556
68	0.00639	0.03728	0.00724	0.00659	0.00738	0.05370	0.00515	0.00765	0.00654	0.00900	0.00986	0.02548	0.00938	0.06018	0.67519	0.00531	0.05796	0.00409	0.00207	0.00357
69	0.00564	0.00376	0.00423	0.00423	0.00423	0.00376	0.00235	0.00564	0.00564	0.00752	0.01222	0.02537	0.01409	0.86375	0.01973	0.00376	0.00376	0.00564	0.00235	0.00235
70	0.01097	0.02204	0.12085	0.05855	0.33803	0.04541	0.04301	0.12261	0.01025	0.12759	0.00909	0.01039	0.01744	0.00506	0.04045	0.00139	0.00495	0.00352	0.00256	0.00584

[dist]
# distance from previous block
# <min> <max>
2	8

[block]
# block no. 6 follows, 70 sequences, length 59
# corresponding to MSA columns:
# 441-499
name=unknown_G
#
# <colnr> <probs for GDERKNQSTAVLIFYWHMCP>
#	G	D	E	R	K	N	Q	S	T	A	V	L	I	F	Y	W	H	M	C	P
0	0.00975	0.00837	0.00883	0.00787	0.01012	0.00961	0.00614	0.04298	0.79105	0.01637	0.01540	0.01417	0.01155	0.00519	0.00392	0.00129	0.00310	0.00431	0.00391	0.02609
1	0.01637	0.00661	0.00889	0.00691	0.00974	0.00590	0.00568	0.05543	0.01117	0.74146	0.03336	0.01348	0.01007	0.00615	0.04869	0.00147	0.00369	0.00396	0.00460	0.00636
2	0.00475	0.00343	0.00450	0.00531	0.00561	0.00318	0.00357	0.00549	0.00765	0.01018	0.06001	0.78489	0.06339	0.01184	0.00491	0.00155	0.00222	0.01071	0.00363	0.00318
3	0.00763	0.00721	0.01215	0.71331	0.15219	0.00863	0.01083	0.01015	0.00793	0.01034	0.00743	0.01062	0.01762	0.00390	0.00388	0.00127	0.00503	0.00352	0.00178	0.00458
4	0.00484	0.00394	0.00428	0.00420	0.00539	0.00338	0.00315	0.00606	0.00944	0.01190	0.26446	0.03495	0.61191	0.00928	0.00458	0.00128	0.00193	0.00785	0.00379	0.00338
5	0.00804	0.00689	0.00804	0.00574	0.00919	0.00517	0.00459	0.00976	0.00804	0.01263	0.00689	0.00804	0.00574	0.00287	0.00287	0.00057	0.00287	0.00230	0.00230	0.88745
6	0.01000	0.13554	0.06717	0.05600	0.42866	0.09044	0.07651	0.01258	0.04292	0.02404	0.00740	0.00918	0.00604	0.00387	0.01261	0.00117	0.00500	0.00327	0.00199	0.00561
7	0.00522	0.00395	0.00481	0.00460	0.00563	0.00354	0.00345	0.00680	0.01034	0.01404	0.60065	0.03144	0.27439	0.00849	0.00458	0.00125	0.00187	0.00736	0.00407	0.00354
8	0.00542	0.00433	0.00557	0.00585	0.03752	0.00430	0.00416	0.00665	0.00850	0.01134	0.22289	0.14319	0.28998	0.03866	0.13866	0.00220	0.04840	0.01554	0.00332	0.00351
9	0.01967	0.02356	0.19527	0.04328	0.03044	0.02878	0.02452	0.26064	0.06393	0.06288	0.03254	0.05042	0.00853	0.00602	0.00535	0.11557	0.00431	0.01617	0.00288	0.00522
10	0.01627	0.00715	0.00929	0.00720	0.01000	0.00675	0.00594	0.12522	0.01170	0.66609	0.01393	0.01251	0.00900	0.00486	0.00426	0.00121	0.04292	0.00381	0.03550	0.00638
