[name]
unknown

[dist]
# distance from previous block
# <min> <max>
0	147

[block]
# block no. 0 follows, 75 sequences, length 20
# corresponding to MSA columns:
# 153-172
name=unknown_A
#
# <colnr> <probs for GDERKNQSTAVLIFYWHMCP>
#	G	D	E	R	K	N	Q	S	T	A	V	L	I	F	Y	W	H	M	C	P
0	0.00592	0.00423	0.00592	0.00676	0.00761	0.00423	0.00592	0.00761	0.00845	0.01099	0.01945	0.04143	0.02114	0.01015	0.00507	0.00169	0.00338	0.82329	0.00338	0.00338
1	0.00728	0.01786	0.78235	0.01041	0.03653	0.00824	0.01288	0.01126	0.00769	0.01144	0.00736	0.00892	0.02072	0.03664	0.00409	0.00125	0.00526	0.00292	0.00162	0.00527
2	0.01235	0.04357	0.15869	0.06794	0.04036	0.04142	0.04942	0.01466	0.03311	0.43850	0.01237	0.01193	0.05016	0.00435	0.00365	0.00114	0.00396	0.00361	0.00328	0.00556
3	0.00459	0.00329	0.00443	0.00516	0.00541	0.00318	0.00349	0.00528	0.00684	0.00919	0.01878	0.74282	0.02223	0.04734	0.09718	0.00205	0.00302	0.00954	0.00321	0.00299
4	0.00467	0.00371	0.00419	0.00413	0.00518	0.00323	0.00307	0.00588	0.00906	0.01168	0.33748	0.07491	0.50232	0.00875	0.00436	0.00122	0.00183	0.00748	0.00365	0.00323
5	0.00716	0.00678	0.01150	0.64630	0.12225	0.00808	0.04126	0.00943	0.00743	0.00977	0.00736	0.06049	0.00618	0.00417	0.00407	0.00124	0.03679	0.00373	0.00177	0.00425
6	0.00736	0.05742	0.01085	0.38621	0.06764	0.00715	0.09490	0.00911	0.00745	0.05212	0.02044	0.14239	0.00928	0.07113	0.00538	0.03615	0.00422	0.00462	0.00216	0.00401
7	0.00827	0.00766	0.01283	0.01893	0.66269	0.00768	0.00988	0.01026	0.00817	0.01156	0.00923	0.06381	0.00877	0.00575	0.04736	0.00143	0.00440	0.09399	0.00209	0.00525
8	0.00867	0.00991	0.02167	0.01548	0.01920	0.00929	0.83467	0.01176	0.00867	0.01176	0.00743	0.00991	0.00557	0.00310	0.00433	0.00124	0.00619	0.00433	0.00186	0.00495
9	0.00956	0.00806	0.01359	0.07872	0.23248	0.02822	0.23607	0.07323	0.00928	0.12262	0.02862	0.09730	0.03586	0.00463	0.00398	0.00119	0.00441	0.00454	0.00257	0.00507
10	0.00740	0.01636	0.65516	0.06125	0.01637	0.00836	0.11739	0.01129	0.00798	0.01167	0.04761	0.00911	0.00625	0.00365	0.00365	0.00118	0.00531	0.00314	0.00172	0.00519
11	0.00434	0.00372	0.00372	0.00372	0.00496	0.00310	0.00279	0.00527	0.00837	0.00992	0.03721	0.03535	0.84652	0.00930	0.00434	0.00124	0.00186	0.00775	0.00341	0.00310
12	0.00819	0.00613	0.00693	0.00624	0.00789	0.00663	0.00483	0.01451	0.45306	0.07666	0.31049	0.01850	0.01933	0.00582	0.00390	0.00119	0.00246	0.00498	0.03736	0.00492
13	0.03277	0.09633	0.09471	0.01157	0.19958	0.00852	0.09384	0.04688	0.10692	0.25711	0.00994	0.01017	0.00713	0.00388	0.00356	0.00112	0.00403	0.00339	0.00288	0.00568
14	0.38761	0.00807	0.06032	0.00626	0.00898	0.04843	0.00544	0.03768	0.00873	0.38092	0.00944	0.00905	0.00636	0.00396	0.00306	0.00113	0.00335	0.00284	0.00324	0.00514
15	0.00456	0.00338	0.00425	0.00487	0.00534	0.00310	0.00338	0.00533	0.00743	0.00967	0.04871	0.61451	0.18865	0.03203	0.00497	0.00149	0.00216	0.04974	0.00340	0.00302
16	0.00858	0.01659	0.68050	0.03618	0.01534	0.00823	0.03282	0.02635	0.02096	0.10907	0.00769	0.00853	0.00532	0.00365	0.00355	0.00116	0.00510	0.00292	0.00198	0.00549
17	0.02236	0.03709	0.12347	0.03162	0.10226	0.02627	0.08116	0.13411	0.21138	0.17647	0.01049	0.01055	0.00754	0.00413	0.00366	0.00115	0.00406	0.00351	0.00304	0.00570
18	0.00561	0.00375	0.00492	0.00510	0.00585	0.00340	0.02124	0.00649	0.00783	0.07860	0.08932	0.51721	0.18551	0.04092	0.00501	0.00145	0.00226	0.00874	0.00348	0.00333
19	0.03132	0.50541	0.35596	0.00794	0.01199	0.01194	0.00918	0.01125	0.00755	0.01005	0.00571	0.00665	0.00467	0.00329	0.00281	0.00095	0.00451	0.00227	0.00158	0.00498

[dist]
# distance from previous block
# <min> <max>
0	17

[block]
# block no. 1 follows, 75 sequences, length 13
# corresponding to MSA columns:
# 190-202
name=unknown_B
#
# <colnr> <probs for GDERKNQSTAVLIFYWHMCP>
#	G	D	E	R	K	N	Q	S	T	A	V	L	I	F	Y	W	H	M	C	P
0	0.13571	0.07948	0.04173	0.00741	0.00985	0.03680	0.04424	0.05371	0.44962	0.04468	0.01124	0.01096	0.00847	0.00432	0.00336	0.00114	0.00337	0.00345	0.03006	0.02040
1	0.00801	0.00648	0.03862	0.00906	0.15627	0.01922	0.03563	0.04899	0.07464	0.09475	0.42729	0.03271	0.02119	0.00584	0.00403	0.00115	0.00291	0.00518	0.00345	0.00459
2	0.04710	0.04384	0.05006	0.07561	0.39221	0.00877	0.06641	0.03537	0.16867	0.01278	0.02668	0.01107	0.03734	0.00396	0.00363	0.00114	0.00406	0.00361	0.00233	0.00536
3	0.00534	0.00356	0.00401	0.00401	0.00401	0.00356	0.00223	0.00534	0.00534	0.00712	0.01157	0.02403	0.01335	0.87092	0.01869	0.00356	0.00356	0.00534	0.00223	0.00223
4	0.02478	0.00751	0.01117	0.25209	0.08230	0.02094	0.05975	0.01023	0.07259	0.02492	0.00756	0.01061	0.01975	0.05708	0.00767	0.00149	0.31975	0.00355	0.00195	0.00430
5	0.01028	0.00671	0.02563	0.05328	0.00964	0.00654	0.00549	0.04681	0.25901	0.25137	0.06923	0.04491	0.04056	0.03653	0.02092	0.00131	0.00317	0.00425	0.00354	0.10080
6	0.00982	0.87313	0.01925	0.00628	0.00943	0.01453	0.00628	0.01100	0.00746	0.00864	0.00511	0.00589	0.00471	0.00314	0.00236	0.00079	0.00393	0.00196	0.00157	0.00471
7	0.01072	0.01163	0.23084	0.00873	0.02403	0.02409	0.00830	0.31433	0.18763	0.05577	0.00962	0.00979	0.00700	0.00428	0.00382	0.00114	0.02926	0.00330	0.02739	0.02831
8	0.00638	0.00319	0.00478	0.00478	0.00478	0.00319	0.00319	0.00478	0.00478	0.00638	0.00638	0.01116	0.00638	0.01276	0.01435	0.89314	0.00319	0.00319	0.00159	0.00159
9	0.00912	0.03898	0.24279	0.00889	0.03601	0.00868	0.05088	0.18762	0.20547	0.02723	0.05375	0.06985	0.03456	0.00493	0.00375	0.00118	0.00395	0.00414	0.00289	0.00533
10	0.00704	0.00663	0.01120	0.82272	0.06388	0.00819	0.01025	0.00947	0.00739	0.00951	0.00655	0.00976	0.00494	0.00365	0.00367	0.00122	0.00487	0.00326	0.00164	0.00416
11	0.70996	0.05472	0.04308	0.00574	0.03144	0.00834	0.00478	0.01099	0.00664	0.04079	0.00559	0.00642	0.00433	0.00339	0.00244	0.00108	0.00306	0.00212	0.00225	0.05285
12	0.01095	0.21903	0.23388	0.00865	0.01180	0.33515	0.00840	0.02665	0.02772	0.05445	0.00686	0.02814	0.00558	0.00382	0.00320	0.00100	0.00525	0.00268	0.00197	0.00482

[dist]
# distance from previous block
# <min> <max>
0	3

[block]
# block no. 2 follows, 75 sequences, length 46
# corresponding to MSA columns:
# 206-251
name=unknown_C
#
# <colnr> <probs for GDERKNQSTAVLIFYWHMCP>
#	G	D	E	R	K	N	Q	S	T	A	V	L	I	F	Y	W	H	M	C	P
0	0.57861	0.00740	0.04146	0.06943	0.03581	0.00785	0.02958	0.01109	0.06094	0.03341	0.00765	0.04310	0.00652	0.00424	0.00291	0.00120	0.00326	0.04888	0.00242	0.00423
1	0.89687	0.00710	0.00540	0.00483	0.00710	0.00824	0.00398	0.01080	0.00625	0.01648	0.00511	0.00597	0.00398	0.00341	0.00227	0.00114	0.00284	0.00199	0.00227	0.00398
2	0.77368	0.00794	0.06073	0.00555	0.00786	0.00848	0.00490	0.01071	0.00630	0.01560	0.00519	0.00623	0.00408	0.00364	0.00307	0.00117	0.06648	0.00213	0.00218	0.00407
3	0.89687	0.00710	0.00540	0.00483	0.00710	0.00824	0.00398	0.01080	0.00625	0.01648	0.00511	0.00597	0.00398	0.00341	0.00227	0.00114	0.00284	0.00199	0.00227	0.00398
4	0.00737	0.00705	0.03140	0.10589	0.06997	0.00717	0.12391	0.01223	0.29385	0.01248	0.07520	0.07970	0.14644	0.00576	0.00401	0.00124	0.00346	0.00520	0.00299	0.00467
5	0.01284	0.00973	0.01039	0.00822	0.01096	0.01087	0.00671	0.64602	0.20884	0.02134	0.01024	0.00995	0.00740	0.00454	0.00369	0.00114	0.00378	0.00350	0.00369	0.00615
6	0.00760	0.00441	0.00592	0.03963	0.00780	0.00436	0.00527	0.00929	0.00852	0.12596	0.01660	0.03007	0.01625	0.00782	0.00427	0.00141	0.00303	0.49683	0.20113	0.00381
7	0.00588	0.00389	0.00508	0.00474	0.00572	0.00356	0.00357	0.00753	0.01022	0.06860	0.73764	0.05721	0.05727	0.00752	0.00430	0.00117	0.00184	0.00662	0.00403	0.00362
8	0.00444	0.00348	0.00397	0.00434	0.00508	0.00307	0.00304	0.00520	0.00766	0.00957	0.02876	0.40046	0.45301	0.04415	0.00506	0.00144	0.00205	0.00884	0.00336	0.00301
9	0.02673	0.01042	0.08354	0.01408	0.01782	0.00918	0.67011	0.06278	0.00916	0.04742	0.00770	0.00971	0.00566	0.00327	0.00416	0.00122	0.00581	0.00407	0.00207	0.00510
10	0.02930	0.35390	0.03631	0.00815	0.01060	0.46702	0.00691	0.01294	0.00899	0.00907	0.00545	0.00638	0.00471	0.00357	0.00311	0.00091	0.02424	0.00223	0.00176	0.00446
11	0.89687	0.00710	0.00540	0.00483	0.00710	0.00824	0.00398	0.01080	0.00625	0.01648	0.00511	0.00597	0.00398	0.00341	0.00227	0.00114	0.00284	0.00199	0.00227	0.00398
12	0.01020	0.06273	0.07211	0.07487	0.13283	0.06471	0.01627	0.17987	0.27231	0.02680	0.00961	0.01010	0.00731	0.00426	0.00392	0.00115	0.03926	0.00339	0.00278	0.00550
13	0.00771	0.00640	0.00708	0.00644	0.00808	0.00709	0.00497	0.01497	0.54123	0.01513	0.31515	0.01866	0.01968	0.00590	0.00395	0.00121	0.00248	0.00505	0.00385	0.00497
14	0.00519	0.00359	0.00401	0.00401	0.00422	0.00352	0.00237	0.00536	0.00581	0.00758	0.01541	0.02550	0.13956	0.71854	0.03812	0.00327	0.00346	0.00567	0.00240	0.00239
15	0.00737	0.01900	0.85189	0.01047	0.01590	0.00853	0.01357	0.01163	0.00775	0.01163	0.00659	0.00775	0.00465	0.00349	0.00349	0.00116	0.00543	0.00271	0.00155	0.00543
16	0.00895	0.00858	0.01466	0.07699	0.79465	0.00869	0.01120	0.01115	0.00830	0.01183	0.00688	0.00914	0.00576	0.00330	0.00364	0.00110	0.00440	0.00327	0.00181	0.00570
17	0.68530	0.00690	0.00615	0.00524	0.00765	0.00756	0.00432	0.01250	0.00727	0.21692	0.00737	0.00754	0.00521	0.00368	0.00261	0.00114	0.00291	0.00240	0.00282	0.00452
18	0.86085	0.00707	0.00553	0.00490	0.00720	0.00812	0.00404	0.01109	0.00642	0.05060	0.00550	0.00623	0.00419	0.00346	0.00233	0.00114	0.00285	0.00206	0.00237	0.00407
19	0.00641	0.00401	0.00521	0.00476	0.00585	0.00366	0.00362	0.00808	0.01027	0.10295	0.70894	0.02571	0.05680	0.00716	0.00421	0.00115	0.00188	0.00627	0.02929	0.00375
20	0.04094	0.01625	0.00985	0.00903	0.01083	0.77414	0.00676	0.01392	0.01006	0.00925	0.00660	0.06250	0.00598	0.00427	0.00337	0.00099	0.00621	0.00288	0.00200	0.00417
21	0.00470	0.00373	0.00418	0.00407	0.00512	0.00326	0.00302	0.00590	0.00901	0.01162	0.34011	0.03193	0.50872	0.04251	0.00490	0.00130	0.00188	0.00724	0.00360	0.00320
22	0.01396	0.01029	0.01102	0.00845	0.01139	0.01139	0.00698	0.83577	0.01727	0.02315	0.00882	0.00882	0.00625	0.00441	0.00367	0.00110	0.00404	0.00331	0.00367	0.00625
23	0.00595	0.00411	0.00526	0.00520	0.03620	0.00371	0.00373	0.00749	0.00987	0.07338	0.57023	0.02752	0.21833	0.00755	0.00426	0.00117	0.00196	0.00656	0.00385	0.00367
24	0.00504	0.00375	0.00469	0.00445	0.00539	0.00340	0.00334	0.00662	0.01002	0.01384	0.69609	0.02890	0.18520	0.00784	0.00433	0.00117	0.00176	0.00685	0.00393	0.00340
25	0.00709	0.00671	0.00875	0.00792	0.00833	0.05775	0.00640	0.00813	0.00603	0.00870	0.00717	0.01089	0.00682	0.01596	0.39901	0.00354	0.42183	0.00350	0.00179	0.00369
26	0.89687	0.00710	0.00540	0.00483	0.00710	0.00824	0.00398	0.01080	0.00625	0.01648	0.00511	0.00597	0.00398	0.00341	0.00227	0.00114	0.00284	0.00199	0.00227	0.00398
27	0.00948	0.10287	0.06207	0.01122	0.17960	0.10736	0.10372	0.07667	0.08773	0.04504	0.09331	0.04085	0.01907	0.03988	0.00428	0.00120	0.00424	0.00393	0.00253	0.00493
28	0.00447	0.00320	0.00426	0.00511	0.00533	0.00298	0.00341	0.00511	0.00703	0.00938	0.02024	0.86853	0.02429	0.01151	0.00469	0.00149	0.00213	0.01044	0.00341	0.00298
29	0.00930	0.00758	0.00850	0.00639	0.00944	0.00692	0.00514	0.20708	0.10435	0.01501	0.00803	0.00859	0.00629	0.00338	0.00306	0.00076	0.00306	0.00267	0.00271	0.58176
30	0.00834	0.00750	0.06303	0.00717	0.07108	0.00555	0.00559	0.01015	0.00785	0.07075	0.00709	0.00808	0.00566	0.00300	0.00305	0.00068	0.01640	0.00241	0.00227	0.69434
31	0.07622	0.00829	0.06433	0.00975	0.03493	0.00716	0.25173	0.01466	0.04317	0.39647	0.01091	0.01125	0.00750	0.00399	0.00376	0.00116	0.00417	0.01687	0.00321	0.03048
32	0.04170	0.00609	0.00816	0.00634	0.00902	0.00534	0.00521	0.01688	0.01038	0.76428	0.07549	0.01341	0.01082	0.00473	0.00370	0.00114	0.00301	0.00386	0.00444	0.00598
33	0.00483	0.00370	0.00442	0.00432	0.00528	0.00329	0.00321	0.00618	0.00940	0.01256	0.48617	0.09234	0.33405	0.00847	0.00436	0.00121	0.00181	0.00733	0.00376	0.00329
34	0.00991	0.03633	0.21275	0.10752	0.04169	0.00837	0.09319	0.16157	0.06321	0.13028	0.02249	0.05885	0.01621	0.00453	0.00376	0.00118	0.00433	0.01582	0.00273	0.00528
35	0.01081	0.00698	0.01110	0.39016	0.13716	0.00743	0.03850	0.03755	0.00893	0.30043	0.00943	0.01060	0.00654	0.00392	0.00370	0.00117	0.00423	0.00345	0.00273	0.00517
36	0.00592	0.00423	0.00592	0.00676	0.00761	0.00423	0.00592	0.00761	0.00845	0.01099	0.01945	0.04143	0.02114	0.01015	0.00507	0.00169	0.00338	0.82329	0.00338	0.00338
37	0.00854	0.00792	0.01299	0.37403	0.44091	0.00868	0.01051	0.07124	0.00859	0.01172	0.00689	0.00936	0.00546	0.00352	0.00365	0.00115	0.00456	0.00327	0.00188	0.00512
38	0.01277	0.02704	0.06416	0.00781	0.01007	0.15943	0.02351	0.02696	0.00958	0.39646	0.08641	0.01159	0.00951	0.00483	0.00490	0.00117	0.13176	0.00356	0.00326	0.00520
39	0.01004	0.58031	0.07968	0.00718	0.01008	0.17469	0.00687	0.01142	0.00793	0.00893	0.00568	0.00680	0.00504	0.00509	0.06556	0.00122	0.00499	0.00224	0.00166	0.00457
40	0.00808	0.00817	0.01202	0.01007	0.01035	0.01110	0.06895	0.00905	0.00585	0.00905	0.00501	0.00817	0.00488	0.00618	0.01148	0.00158	0.80098	0.00330	0.00163	0.00409
41	0.01058	0.00877	0.01317	0.03421	0.52663	0.00905	0.02056	0.18031	0.07170	0.07595	0.00845	0.00965	0.00652	0.00373	0.00367	0.00111	0.00413	0.00339	0.00253	0.00589
42	0.01279	0.13148	0.01198	0.00987	0.07489	0.55979	0.00727	0.11407	0.02538	0.01101	0.00624	0.00711	0.00511	0.00376	0.00326	0.00096	0.00571	0.00253	0.00209	0.00471
43	0.00459	0.00337	0.00433	0.00506	0.00548	0.00311	0.00354	0.00536	0.00736	0.00960	0.02268	0.67042	0.14564	0.01106	0.00467	0.00147	0.00220	0.08360	0.00341	0.00304
44	0.02079	0.05391	0.17668	0.10988	0.29195	0.03082	0.08330	0.02635	0.02224	0.03609	0.02305	0.01022	0.04040	0.00394	0.00412	0.00116	0.05459	0.00342	0.00198	0.00511
45	0.13182	0.06178	0.01978	0.00562	0.00721	0.00598	0.00440	0.06827	0.08014	0.07106	0.01637	0.33009	0.11005	0.01863	0.00399	0.00126	0.00269	0.00624	0.00315	0.05146

[dist]
# distance from previous block
# <min> <max>
1	10

[block]
# block no. 3 follows, 75 sequences, length 37
# corresponding to MSA columns:
# 262-298
name=unknown_D
#
# <colnr> <probs for GDERKNQSTAVLIFYWHMCP>
#	G	D	E	R	K	N	Q	S	T	A	V	L	I	F	Y	W	H	M	C	P
0	0.03827	0.38584	0.03710	0.00682	0.00960	0.08399	0.00614	0.07753	0.07725	0.15899	0.06058	0.00942	0.00800	0.00398	0.00305	0.00096	0.00379	0.00291	0.00265	0.02313
1	0.42004	0.13832	0.12802	0.00736	0.06177	0.00905	0.00645	0.02786	0.05457	0.10584	0.00709	0.00761	0.00531	0.00360	0.00281	0.00109	0.00352	0.00250	0.00240	0.00480
2	0.32099	0.04688	0.00963	0.00888	0.11987	0.04094	0.00635	0.28861	0.09631	0.01739	0.00762	0.00815	0.00578	0.00389	0.00312	0.00111	0.00364	0.00284	0.00279	0.00521
3	0.00556	0.00383	0.00487	0.00492	0.00574	0.00361	0.00365	0.00722	0.03680	0.03912	0.42298	0.24857	0.08760	0.00852	0.00435	0.00127	0.00203	0.05848	0.04742	0.00347
4	0.04515	0.05881	0.05486	0.05149	0.37998	0.07971	0.03431	0.01096	0.00811	0.01153	0.00648	0.00820	0.00537	0.00327	0.00344	0.00096	0.02071	0.00282	0.00189	0.21195
5	0.00534	0.00358	0.00409	0.00409	0.00412	0.00361	0.00233	0.00539	0.00537	0.00718	0.01150	0.02361	0.01317	0.83389	0.05548	0.00366	0.00384	0.00528	0.00221	0.00227
6	0.00601	0.00411	0.00505	0.00533	0.04720	0.00423	0.00321	0.03974	0.00617	0.00856	0.01083	0.02037	0.01166	0.60481	0.11069	0.04250	0.00420	0.00478	0.05783	0.00274
7	0.01496	0.00591	0.00804	0.00628	0.00885	0.00514	0.00514	0.01642	0.01050	0.73771	0.12677	0.01452	0.01254	0.00495	0.00378	0.00114	0.00294	0.00409	0.00448	0.00587
8	0.00669	0.00344	0.00344	0.00344	0.00432	0.00340	0.00258	0.00835	0.00774	0.01346	0.01356	0.01505	0.06179	0.00459	0.00268	0.00088	0.00172	0.00369	0.83576	0.00340
9	0.89687	0.00710	0.00540	0.00483	0.00710	0.00824	0.00398	0.01080	0.00625	0.01648	0.00511	0.00597	0.00398	0.00341	0.00227	0.00114	0.00284	0.00199	0.00227	0.00398
10	0.00447	0.00322	0.00423	0.00504	0.00531	0.00299	0.00338	0.00512	0.00710	0.00941	0.02116	0.82328	0.06894	0.01139	0.00467	0.00148	0.00212	0.01030	0.00341	0.00299
11	0.01396	0.01029	0.01102	0.00845	0.01139	0.01139	0.00698	0.83577	0.01727	0.02315	0.00882	0.00882	0.00625	0.00441	0.00367	0.00110	0.00404	0.00331	0.00367	0.00625
12	0.00552	0.00403	0.00577	0.00645	0.00716	0.00395	0.02537	0.00691	0.00800	0.01049	0.01941	0.30650	0.02177	0.01041	0.00493	0.00162	0.00305	0.54201	0.00335	0.00329
13	0.00508	0.00375	0.00475	0.00450	0.00542	0.00342	0.00337	0.00671	0.01012	0.01408	0.73686	0.02850	0.14427	0.00775	0.00433	0.00117	0.00175	0.00679	0.00396	0.00342
14	0.00463	0.00375	0.00416	0.00431	0.00538	0.00327	0.00331	0.00571	0.00845	0.01045	0.10682	0.10450	0.59770	0.00943	0.00446	0.00131	0.00207	0.11365	0.00346	0.00316
15	0.00804	0.00804	0.01125	0.00964	0.00964	0.01125	0.00804	0.00884	0.00562	0.00884	0.00482	0.00804	0.00482	0.00643	0.01205	0.00161	0.86420	0.00321	0.00161	0.00402
16	0.00758	0.00637	0.00740	0.00534	0.00848	0.00482	0.00426	0.00921	0.00762	0.01205	0.00680	0.00792	0.00564	0.00280	0.00271	0.00056	0.00267	0.00224	0.04701	0.84851
17	0.00794	0.00726	0.01029	0.11598	0.13738	0.03282	0.06225	0.06323	0.07768	0.01144	0.07559	0.01387	0.09525	0.01553	0.02630	0.05859	0.17776	0.00414	0.00237	0.00433
18	0.01334	0.01687	0.01046	0.00947	0.01124	0.79987	0.00716	0.01428	0.01009	0.00898	0.00562	0.00672	0.00474	0.00396	0.00389	0.00099	0.06378	0.00242	0.00187	0.00424
19	0.00746	0.00636	0.00750	0.00547	0.00856	0.00488	0.00437	0.00907	0.00750	0.01174	0.00675	0.00807	0.00569	0.00437	0.05961	0.00090	0.00319	0.00229	0.00216	0.83405
20	0.00759	0.00731	0.01032	0.00950	0.04318	0.00982	0.00756	0.00850	0.00608	0.00916	0.00740	0.07739	0.00783	0.01856	0.01065	0.00161	0.67980	0.07187	0.00191	0.00393
21	0.01538	0.00593	0.00794	0.00618	0.00880	0.00517	0.00508	0.01684	0.01019	0.75543	0.01420	0.01264	0.00913	0.00452	0.00357	0.00110	0.00296	0.00366	0.10534	0.00593
22	0.00762	0.00653	0.00762	0.00544	0.00870	0.00490	0.00435	0.00925	0.00762	0.01197	0.00653	0.00762	0.00544	0.00272	0.00272	0.00054	0.00272	0.00218	0.00218	0.89338
23	0.00946	0.00805	0.00849	0.00754	0.00967	0.00929	0.00589	0.07392	0.78645	0.01588	0.01454	0.01338	0.01088	0.00494	0.00373	0.00124	0.00298	0.00410	0.00373	0.00584
24	0.00842	0.00687	0.00753	0.00690	0.00855	0.00752	0.00525	0.02745	0.52963	0.01518	0.22952	0.01943	0.01812	0.06034	0.00512	0.00148	0.00288	0.03072	0.00389	0.00520
25	0.00804	0.00804	0.01125	0.00964	0.00964	0.01125	0.00804	0.00884	0.00562	0.00884	0.00482	0.00804	0.00482	0.00643	0.01205	0.00161	0.86420	0.00321	0.00161	0.00402
26	0.00650	0.00373	0.00495	0.00533	0.00601	0.00345	0.00382	0.00739	0.00768	0.13442	0.01882	0.63306	0.02090	0.00993	0.00443	0.00141	0.00234	0.06318	0.05913	0.00352
27	0.01372	0.01750	0.01041	0.00946	0.01135	0.85618	0.00710	0.01467	0.01041	0.00899	0.00568	0.00662	0.00473	0.00378	0.00331	0.00095	0.00662	0.00237	0.00189	0.00426
28	0.00525	0.00394	0.00590	0.00590	0.00656	0.00459	0.00459	0.00656	0.00590	0.00853	0.00984	0.01443	0.00918	0.02755	0.85637	0.00590	0.00984	0.00394	0.00197	0.00328
29	0.00694	0.00653	0.01102	0.86210	0.02530	0.00816	0.01020	0.00938	0.00734	0.00938	0.00653	0.00979	0.00490	0.00367	0.00367	0.00122	0.00490	0.00326	0.00163	0.00408
30	0.00525	0.00393	0.00586	0.00586	0.00650	0.00457	0.00454	0.00653	0.00589	0.00849	0.00988	0.01465	0.00928	0.04726	0.83678	0.00585	0.00969	0.00397	0.00197	0.00325
31	0.00534	0.00356	0.00401	0.00401	0.00401	0.00356	0.00223	0.00534	0.00534	0.00712	0.01157	0.02403	0.01335	0.87092	0.01869	0.00356	0.00356	0.00534	0.00223	0.00223
32	0.00759	0.07198	0.75794	0.01046	0.01566	0.00894	0.05451	0.01160	0.00778	0.01145	0.00654	0.00775	0.00470	0.00345	0.00346	0.00114	0.00537	0.00275	0.00157	0.00536
33	0.00856	0.00736	0.00777	0.00703	0.00899	0.00838	0.00545	0.01776	0.73500	0.01486	0.05070	0.01615	0.08494	0.00546	0.00381	0.00124	0.00277	0.00457	0.00372	0.00548
34	0.00781	0.05983	0.00872	0.06384	0.00923	0.00643	0.07521	0.09668	0.09215	0.01054	0.00988	0.02381	0.02934	0.00859	0.00842	0.37619	0.01327	0.09430	0.00232	0.00344
35	0.01212	0.31174	0.01361	0.00878	0.03687	0.52376	0.00697	0.01319	0.00924	0.00896	0.00550	0.00648	0.00476	0.00360	0.00316	0.00091	0.02186	0.00227	0.00177	0.00446
36	0.06501	0.05362	0.17982	0.00730	0.01081	0.00714	0.04157	0.05035	0.05837	0.13232	0.00816	0.00867	0.00606	0.00343	0.00314	0.00090	0.00361	0.00274	0.00251	0.35445

[dist]
# distance from previous block
# <min> <max>
0	6

[block]
# block no. 4 follows, 75 sequences, length 57
# corresponding to MSA columns:
# 305-361
name=unknown_E
#
# <colnr> <probs for GDERKNQSTAVLIFYWHMCP>
#	G	D	E	R	K	N	Q	S	T	A	V	L	I	F	Y	W	H	M	C	P
0	0.04728	0.02586	0.01942	0.01410	0.03090	0.00916	0.68010	0.01210	0.03649	0.04624	0.00790	0.01019	0.00598	0.00339	0.00433	0.00123	0.02500	0.01332	0.00205	0.00496
1	0.01231	0.00698	0.00828	0.00697	0.00933	0.00721	0.00560	0.04782	0.38709	0.38223	0.02702	0.01440	0.01085	0.00502	0.00377	0.00121	0.00303	0.03926	0.01577	0.00585
2	0.00638	0.00319	0.00478	0.00478	0.00478	0.00319	0.00319	0.00478	0.00478	0.00638	0.00638	0.01116	0.00638	0.01276	0.01435	0.89314	0.00319	0.00319	0.00159	0.00159
3	0.00638	0.00319	0.00478	0.00478	0.00478	0.00319	0.00319	0.00478	0.00478	0.00638	0.00638	0.01116	0.00638	0.01276	0.01435	0.89314	0.00319	0.00319	0.00159	0.00159
4	0.00534	0.00356	0.00401	0.00401	0.00401	0.00356	0.00223	0.00534	0.00534	0.00712	0.01157	0.02403	0.01335	0.87092	0.01869	0.00356	0.00356	0.00534	0.00223	0.00223
5	0.89687	0.00710	0.00540	0.00483	0.00710	0.00824	0.00398	0.01080	0.00625	0.01648	0.00511	0.00597	0.00398	0.00341	0.00227	0.00114	0.00284	0.00199	0.00227	0.00398
6	0.89687	0.00710	0.00540	0.00483	0.00710	0.00824	0.00398	0.01080	0.00625	0.01648	0.00511	0.00597	0.00398	0.00341	0.00227	0.00114	0.00284	0.00199	0.00227	0.00398
7	0.89687	0.00710	0.00540	0.00483	0.00710	0.00824	0.00398	0.01080	0.00625	0.01648	0.00511	0.00597	0.00398	0.00341	0.00227	0.00114	0.00284	0.00199	0.00227	0.00398
8	0.01510	0.00695	0.00947	0.00725	0.01006	0.00645	0.05688	0.12488	0.03380	0.63509	0.01322	0.01193	0.00857	0.00444	0.00369	0.00113	0.00338	0.00368	0.03799	0.00605
9	0.00982	0.87313	0.01925	0.00628	0.00943	0.01453	0.00628	0.01100	0.00746	0.00864	0.00511	0.00589	0.00471	0.00314	0.00236	0.00079	0.00393	0.00196	0.00157	0.00471
10	0.00450	0.00322	0.00429	0.00515	0.00537	0.00301	0.00346	0.00516	0.00706	0.00941	0.02023	0.85238	0.02423	0.01148	0.00470	0.00150	0.00216	0.02631	0.00341	0.00299
11	0.00943	0.00804	0.00847	0.00753	0.00966	0.00927	0.00589	0.07008	0.79033	0.01585	0.01457	0.01340	0.01090	0.00495	0.00373	0.00124	0.00298	0.00410	0.00373	0.00584
12	0.00762	0.00653	0.00762	0.00544	0.00870	0.00490	0.00435	0.00925	0.00762	0.01197	0.00653	0.00762	0.00544	0.00272	0.00272	0.00054	0.00272	0.00218	0.00218	0.89338
13	0.01235	0.00875	0.00977	0.00782	0.01021	0.00962	0.00640	0.58857	0.03020	0.07860	0.01009	0.01238	0.00801	0.05669	0.05515	0.00159	0.03046	0.05430	0.00347	0.00558
14	0.00525	0.00394	0.00590	0.00590	0.00656	0.00459	0.00459	0.00656	0.00590	0.00853	0.00984	0.01443	0.00918	0.02755	0.85637	0.00590	0.00984	0.00394	0.00197	0.00328
15	0.00452	0.00325	0.00435	0.00513	0.00540	0.00309	0.00347	0.00521	0.00699	0.00934	0.01997	0.79730	0.04144	0.01245	0.05744	0.00176	0.00260	0.00998	0.00332	0.00300
16	0.00588	0.02296	0.00628	0.00595	0.00667	0.05745	0.00455	0.00703	0.00616	0.00842	0.00965	0.01471	0.00922	0.10824	0.70351	0.00526	0.00890	0.00393	0.00198	0.00327
17	0.00777	0.08352	0.72409	0.01015	0.03268	0.00880	0.01248	0.01160	0.00779	0.02695	0.00663	0.00772	0.00479	0.00345	0.00338	0.00111	0.00515	0.00267	0.00164	0.03763
18	0.00820	0.04404	0.75653	0.01001	0.01516	0.00845	0.01267	0.01213	0.00797	0.08109	0.00720	0.00809	0.00502	0.00357	0.00347	0.00115	0.00519	0.00277	0.00180	0.00547
19	0.00982	0.87313	0.01925	0.00628	0.00943	0.01453	0.00628	0.01100	0.00746	0.00864	0.00511	0.00589	0.00471	0.00314	0.00236	0.00079	0.00393	0.00196	0.00157	0.00471
20	0.03493	0.00590	0.00783	0.00613	0.00868	0.00519	0.00502	0.01636	0.01017	0.71612	0.05772	0.01324	0.01035	0.00465	0.00360	0.00111	0.00292	0.00379	0.08048	0.00581
21	0.00777	0.00817	0.09352	0.15275	0.38466	0.00733	0.01926	0.01030	0.03529	0.02951	0.14297	0.01407	0.06961	0.00454	0.00380	0.00115	0.00391	0.00412	0.00235	0.00493
22	0.00684	0.00652	0.00797	0.02138	0.00813	0.08264	0.02429	0.00762	0.00681	0.00913	0.01227	0.39590	0.01398	0.02031	0.00767	0.01709	0.32647	0.01898	0.00248	0.00352
23	0.00534	0.00356	0.00401	0.00401	0.00401	0.00356	0.00223	0.00534	0.00534	0.00712	0.01157	0.02403	0.01335	0.87092	0.01869	0.00356	0.00356	0.00534	0.00223	0.00223
24	0.00804	0.00804	0.01125	0.00964	0.00964	0.01125	0.00804	0.00884	0.00562	0.00884	0.00482	0.00804	0.00482	0.00643	0.01205	0.00161	0.86420	0.00321	0.00161	0.00402
25	0.01928	0.00987	0.06329	0.02271	0.15330	0.06566	0.34114	0.05385	0.10434	0.07092	0.00921	0.05332	0.00735	0.00401	0.00394	0.00119	0.00492	0.00409	0.00241	0.00521
26	0.00812	0.00782	0.07554	0.00963	0.09937	0.04766	0.13992	0.05872	0.07145	0.05667	0.08112	0.21726	0.01378	0.00617	0.00403	0.00124	0.00371	0.03442	0.05886	0.00451
27	0.00741	0.00718	0.01002	0.00884	0.00888	0.00979	0.00722	0.00818	0.00587	0.00893	0.00754	0.16001	0.00826	0.00733	0.01075	0.00159	0.71195	0.00449	0.00193	0.00383
28	0.00909	0.00873	0.01491	0.02254	0.84801	0.00873	0.01127	0.01127	0.00836	0.01200	0.00691	0.00909	0.00582	0.00327	0.00364	0.00109	0.00436	0.00327	0.00182	0.00582
29	0.01010	0.41694	0.10370	0.02060	0.07797	0.11936	0.07640	0.01182	0.00824	0.07105	0.00710	0.04847	0.00613	0.00378	0.00309	0.00097	0.00452	0.00294	0.00196	0.00486
30	0.01568	0.00612	0.00830	0.00643	0.00914	0.00533	0.00528	0.01724	0.02186	0.78737	0.06601	0.01344	0.01070	0.00474	0.00373	0.00114	0.00304	0.00388	0.00450	0.00607
31	0.00489	0.00324	0.00411	0.00482	0.00514	0.00306	0.00326	0.00572	0.00715	0.01014	0.01878	0.71755	0.02166	0.01023	0.00431	0.00138	0.00206	0.00920	0.16022	0.00306
32	0.00982	0.87313	0.01925	0.00628	0.00943	0.01453	0.00628	0.01100	0.00746	0.00864	0.00511	0.00589	0.00471	0.00314	0.00236	0.00079	0.00393	0.00196	0.00157	0.00471
33	0.00872	0.00869	0.03560	0.06333	0.66260	0.00862	0.03307	0.01087	0.00810	0.01162	0.00726	0.00943	0.01968	0.00357	0.00415	0.00112	0.05762	0.00331	0.00183	0.04081
34	0.00699	0.00604	0.00818	0.00736	0.00772	0.00775	0.00580	0.00844	0.06321	0.02291	0.00832	0.01331	0.00815	0.18152	0.23370	0.00308	0.39798	0.00389	0.00202	0.00363
35	0.11798	0.74841	0.01738	0.02493	0.00949	0.01362	0.00609	0.01094	0.00731	0.00961	0.00514	0.00599	0.00463	0.00319	0.00238	0.00084	0.00382	0.00200	0.00166	0.00461
36	0.00865	0.03653	0.09452	0.00953	0.16009	0.00719	0.00692	0.02089	0.20412	0.06917	0.08643	0.02011	0.02148	0.00420	0.00345	0.00100	0.00330	0.00356	0.00277	0.23611
37	0.01031	0.15005	0.19749	0.02992	0.04573	0.02074	0.00801	0.12514	0.18557	0.12707	0.01003	0.03761	0.00772	0.00438	0.00359	0.00113	0.01585	0.01140	0.00281	0.00546
38	0.00462	0.00333	0.00453	0.00522	0.00550	0.00326	0.00358	0.00536	0.00680	0.00918	0.01831	0.70700	0.02153	0.03509	0.14559	0.00227	0.00344	0.00924	0.00314	0.00301
39	0.00525	0.00392	0.00582	0.00582	0.00645	0.00455	0.00449	0.00651	0.00588	0.00847	0.00991	0.01483	0.00936	0.06296	0.82119	0.00580	0.00957	0.00399	0.00198	0.00323
40	0.00805	0.00673	0.00859	0.02266	0.00970	0.00525	0.05594	0.00978	0.00780	0.04806	0.00693	0.00801	0.00560	0.00284	0.00288	0.00063	0.00299	0.00240	0.00225	0.78293
41	0.00826	0.03066	0.11257	0.34974	0.36349	0.00854	0.02846	0.01077	0.00794	0.03505	0.00691	0.00924	0.00538	0.00348	0.00362	0.00115	0.00469	0.00321	0.00179	0.00506
42	0.00548	0.00362	0.00472	0.00472	0.00493	0.00382	0.00312	0.00563	0.00543	0.00744	0.01021	0.01899	0.01094	0.47153	0.27948	0.14542	0.00546	0.00456	0.00204	0.00245
43	0.00909	0.00873	0.01491	0.02254	0.84801	0.00873	0.01127	0.01127	0.00836	0.01200	0.00691	0.00909	0.00582	0.00327	0.00364	0.00109	0.00436	0.00327	0.00182	0.00582
44	0.00967	0.00888	0.04166	0.02006	0.70751	0.00855	0.01060	0.02780	0.04458	0.07337	0.00783	0.00949	0.00626	0.00347	0.00364	0.00110	0.00424	0.00332	0.00213	0.00584
45	0.00650	0.00339	0.00494	0.00490	0.00499	0.00345	0.00330	0.00542	0.04085	0.00677	0.00675	0.01127	0.00659	0.01242	0.01390	0.85469	0.00318	0.00323	0.00169	0.00178
46	0.00832	0.00385	0.00420	0.00390	0.00506	0.00372	0.00300	0.00998	0.00813	0.14147	0.01236	0.01351	0.00936	0.00432	0.00274	0.00090	0.00193	0.00346	0.75592	0.00385
47	0.00990	0.85537	0.01906	0.00635	0.00947	0.03201	0.00630	0.01107	0.00752	0.00865	0.00512	0.00591	0.00471	0.00316	0.00238	0.00079	0.00398	0.00197	0.00158	0.00470
48	0.00759	0.03648	0.66877	0.02732	0.11358	0.02167	0.01253	0.01130	0.00782	0.01143	0.00717	0.04500	0.00564	0.00381	0.00353	0.00116	0.00513	0.00310	0.00167	0.00531
49	0.00525	0.00394	0.00590	0.00590	0.00656	0.00459	0.00459	0.00656	0.00590	0.00853	0.00984	0.01443	0.00918	0.02755	0.85637	0.00590	0.00984	0.00394	0.00197	0.00328
50	0.00533	0.00359	0.00416	0.00416	0.00421	0.00364	0.00241	0.00544	0.00539	0.00723	0.01143	0.02327	0.01302	0.80364	0.08553	0.00375	0.00406	0.00523	0.00220	0.00231
51	0.00539	0.00398	0.00556	0.04234	0.00668	0.00440	0.00419	0.00638	0.01724	0.00875	0.04881	0.16377	0.01349	0.18326	0.38807	0.04415	0.03024	0.01789	0.00236	0.00305
52	0.00498	0.00465	0.00419	0.00415	0.00541	0.06122	0.00310	0.00591	0.00847	0.00984	0.03460	0.05607	0.76679	0.00899	0.00428	0.00123	0.00219	0.00746	0.00331	0.00318
53	0.00944	0.00811	0.01253	0.03322	0.51215	0.00818	0.02196	0.02299	0.12730	0.07570	0.02151	0.01015	0.00720	0.00372	0.00380	0.00108	0.02542	0.00339	0.00238	0.08976
54	0.00786	0.00778	0.01092	0.00941	0.00945	0.01084	0.00782	0.00870	0.00564	0.00882	0.00513	0.00843	0.00509	0.00774	0.06435	0.00187	0.81128	0.00326	0.00163	0.00397
55	0.00694	0.00653	0.01102	0.86210	0.02530	0.00816	0.01020	0.00938	0.00734	0.00938	0.00653	0.00979	0.00490	0.00367	0.00367	0.00122	0.00490	0.00326	0.00163	0.00408
56	0.37207	0.03828	0.08451	0.00873	0.06077	0.28598	0.06661	0.01217	0.00809	0.01265	0.00590	0.01814	0.00480	0.00361	0.00299	0.00108	0.00467	0.00253	0.00202	0.00439

[dist]
# distance from previous block
# <min> <max>
0	1

[block]
# block no. 5 follows, 75 sequences, length 44
# corresponding to MSA columns:
# 363-406
name=unknown_F
#
# <colnr> <probs for GDERKNQSTAVLIFYWHMCP>
#	G	D	E	R	K	N	Q	S	T	A	V	L	I	F	Y	W	H	M	C	P
0	0.00737	0.01900	0.85189	0.01047	0.01590	0.00853	0.01357	0.01163	0.00775	0.01163	0.00659	0.00775	0.00465	0.00349	0.00349	0.00116	0.00543	0.00271	0.00155	0.00543
1	0.01036	0.00770	0.00822	0.00729	0.00937	0.04391	0.00580	0.07316	0.51301	0.14112	0.01445	0.01577	0.01126	0.00534	0.00381	0.00124	0.00319	0.08910	0.03039	0.00552
2	0.00694	0.00653	0.01102	0.86210	0.02530	0.00816	0.01020	0.00938	0.00734	0.00938	0.00653	0.00979	0.00490	0.00367	0.00367	0.00122	0.00490	0.00326	0.00163	0.00408
3	0.89687	0.00710	0.00540	0.00483	0.00710	0.00824	0.00398	0.01080	0.00625	0.01648	0.00511	0.00597	0.00398	0.00341	0.00227	0.00114	0.00284	0.00199	0.00227	0.00398
4	0.00460	0.00373	0.00407	0.00399	0.00512	0.00321	0.00299	0.00576	0.00897	0.01135	0.27750	0.03300	0.60534	0.00877	0.00434	0.00121	0.00182	0.00742	0.00360	0.00321
5	0.89687	0.00710	0.00540	0.00483	0.00710	0.00824	0.00398	0.01080	0.00625	0.01648	0.00511	0.00597	0.00398	0.00341	0.00227	0.00114	0.00284	0.00199	0.00227	0.00398
6	0.89687	0.00710	0.00540	0.00483	0.00710	0.00824	0.00398	0.01080	0.00625	0.01648	0.00511	0.00597	0.00398	0.00341	0.00227	0.00114	0.00284	0.00199	0.00227	0.00398
7	0.00474	0.00404	0.00412	0.00404	0.00533	0.00357	0.00305	0.00642	0.07180	0.01054	0.06993	0.03336	0.74847	0.00890	0.00429	0.00124	0.00193	0.00743	0.00346	0.00332
8	0.00534	0.00356	0.00401	0.00401	0.00401	0.00356	0.00223	0.00534	0.00534	0.00712	0.01157	0.02403	0.01335	0.87092	0.01869	0.00356	0.00356	0.00534	0.00223	0.00223
9	0.00533	0.00359	0.00415	0.00415	0.00420	0.00364	0.00241	0.00544	0.00538	0.00723	0.01144	0.02329	0.01303	0.80515	0.08403	0.00374	0.00405	0.00523	0.00221	0.00231
10	0.00982	0.87313	0.01925	0.00628	0.00943	0.01453	0.00628	0.01100	0.00746	0.00864	0.00511	0.00589	0.00471	0.00314	0.00236	0.00079	0.00393	0.00196	0.00157	0.00471
11	0.00982	0.87313	0.01925	0.00628	0.00943	0.01453	0.00628	0.01100	0.00746	0.00864	0.00511	0.00589	0.00471	0.00314	0.00236	0.00079	0.00393	0.00196	0.00157	0.00471
12	0.00562	0.00397	0.00542	0.00575	0.03376	0.00397	0.02244	0.00637	0.00664	0.02793	0.05536	0.22489	0.01656	0.35733	0.13437	0.00294	0.00410	0.07690	0.00269	0.00299
13	0.01034	0.64878	0.04038	0.00691	0.00981	0.15440	0.00652	0.03240	0.00830	0.00939	0.02997	0.00686	0.00568	0.00343	0.00264	0.00084	0.00433	0.00224	0.01213	0.00464
14	0.00974	0.30489	0.26980	0.07254	0.01291	0.10259	0.00885	0.10827	0.01715	0.02804	0.00730	0.00817	0.02749	0.00372	0.00315	0.00101	0.00468	0.00270	0.00198	0.00501
15	0.00772	0.00758	0.03637	0.30086	0.38072	0.01960	0.02619	0.00975	0.00769	0.01046	0.00817	0.06247	0.00746	0.08136	0.00508	0.00139	0.00442	0.01616	0.00190	0.00466
16	0.00931	0.43290	0.14476	0.00719	0.02188	0.02980	0.00709	0.07569	0.00839	0.01110	0.00601	0.00689	0.00502	0.00321	0.00276	0.00082	0.00394	0.00226	0.00189	0.21910
17	0.01077	0.00643	0.00794	0.00583	0.00894	0.00507	0.00472	0.01232	0.00865	0.31012	0.00936	0.00935	0.00674	0.00337	0.00307	0.00075	0.00286	0.00272	0.00302	0.57796
18	0.02550	0.22033	0.29889	0.01027	0.02279	0.03705	0.20675	0.07714	0.01683	0.01184	0.00732	0.02524	0.01674	0.00364	0.00344	0.00109	0.00498	0.00318	0.00191	0.00507
19	0.00800	0.15618	0.45699	0.05212	0.08774	0.00905	0.02966	0.01138	0.03935	0.03033	0.05810	0.00992	0.02796	0.00388	0.00343	0.00110	0.00462	0.00314	0.00194	0.00512
20	0.00567	0.00431	0.00487	0.00478	0.00582	0.00417	0.00359	0.06882	0.00868	0.02087	0.06582	0.22397	0.42735	0.00880	0.00460	0.00128	0.04240	0.01984	0.07094	0.00344
21	0.00464	0.00327	0.00423	0.00491	0.00510	0.00309	0.00320	0.00519	0.00679	0.00907	0.03298	0.70484	0.02254	0.16323	0.00716	0.00185	0.00238	0.00947	0.00321	0.00286
22	0.05191	0.00908	0.10815	0.10797	0.32020	0.02836	0.01920	0.05770	0.02822	0.07459	0.00854	0.07236	0.00728	0.00520	0.03400	0.00135	0.05480	0.00374	0.00225	0.00510
23	0.00505	0.00382	0.00459	0.00499	0.00581	0.00355	0.00389	0.00609	0.00785	0.00987	0.02565	0.12627	0.35402	0.12536	0.00656	0.00174	0.00266	0.29594	0.00324	0.00307
24	0.00695	0.00409	0.00513	0.00466	0.00587	0.00370	0.00357	0.00852	0.00985	0.13981	0.52241	0.02484	0.13978	0.00697	0.00405	0.00113	0.00196	0.00601	0.09686	0.00383
25	0.00826	0.03713	0.65001	0.03467	0.05084	0.03121	0.03699	0.02337	0.03246	0.05090	0.00721	0.00827	0.00516	0.00358	0.00351	0.00115	0.00519	0.00287	0.00182	0.00541
26	0.01179	0.37474	0.03655	0.01755	0.01055	0.04290	0.00673	0.30078	0.05606	0.08299	0.00777	0.00803	0.00596	0.00389	0.00325	0.00098	0.01860	0.00276	0.00268	0.00542
27	0.02236	0.00431	0.00453	0.00419	0.00536	0.00438	0.00322	0.09004	0.00875	0.06254	0.01206	0.04939	0.00963	0.00460	0.00283	0.00093	0.00206	0.00370	0.70128	0.00385
28	0.04305	0.00363	0.00412	0.00428	0.00446	0.00362	0.00258	0.00552	0.00583	0.00809	0.01385	0.21266	0.03517	0.62110	0.01452	0.00294	0.00317	0.00640	0.00252	0.00249
29	0.03442	0.60360	0.01638	0.03110	0.01031	0.19281	0.00654	0.05026	0.00851	0.00962	0.00544	0.00630	0.00477	0.00336	0.00266	0.00086	0.00450	0.00215	0.00176	0.00465
30	0.01578	0.00667	0.00889	0.04670	0.01032	0.00613	0.00578	0.09987	0.01104	0.72793	0.01355	0.01200	0.00861	0.00449	0.00369	0.00114	0.00330	0.00363	0.00432	0.00615
31	0.00540	0.00358	0.00418	0.00420	0.00431	0.00359	0.00252	0.00556	0.00572	0.00775	0.04723	0.03405	0.01423	0.72703	0.04106	0.03130	0.00359	0.03209	0.02024	0.00236
32	0.00453	0.00335	0.00425	0.00487	0.00532	0.00306	0.00336	0.00532	0.00754	0.00989	0.08347	0.64577	0.16777	0.01080	0.00461	0.00143	0.00208	0.02607	0.00346	0.00305
33	0.00840	0.00821	0.09644	0.00622	0.00964	0.02709	0.00552	0.03433	0.00814	0.05643	0.00700	0.00790	0.00556	0.00297	0.00290	0.00067	0.00316	0.00235	0.00227	0.70481
34	0.04134	0.00881	0.01000	0.00769	0.01057	0.00924	0.00635	0.53069	0.01462	0.30652	0.01065	0.00999	0.00715	0.00443	0.00364	0.00111	0.00369	0.00340	0.00393	0.00618
35	0.00525	0.00394	0.00590	0.00590	0.00656	0.00459	0.00459	0.00656	0.00590	0.00853	0.00984	0.01443	0.00918	0.02755	0.85637	0.00590	0.00984	0.00394	0.00197	0.00328
36	0.00564	0.00407	0.00507	0.00521	0.02489	0.00366	0.00374	0.00700	0.01972	0.03556	0.22581	0.28232	0.17299	0.00835	0.00419	0.00123	0.00216	0.04867	0.05821	0.08152
37	0.00785	0.00703	0.03851	0.00581	0.00897	0.00540	0.00482	0.01040	0.08686	0.02815	0.03199	0.00887	0.00688	0.00314	0.00291	0.00066	0.00282	0.00254	0.00240	0.73399
38	0.00549	0.00419	0.00455	0.00452	0.00573	0.00383	0.00336	0.01834	0.08138	0.04974	0.03044	0.19759	0.55935	0.00907	0.00432	0.00128	0.00209	0.00772	0.00350	0.00350
39	0.00501	0.00384	0.00462	0.00461	0.00555	0.00352	0.00346	0.00664	0.03684	0.01238	0.41784	0.13280	0.28740	0.00862	0.00440	0.00126	0.00195	0.05217	0.00372	0.00337
40	0.01070	0.00978	0.19716	0.11399	0.07983	0.03882	0.04919	0.03293	0.01653	0.28940	0.03709	0.06951	0.00870	0.00462	0.00395	0.00118	0.02458	0.00391	0.00288	0.00526
41	0.00805	0.00747	0.01264	0.48375	0.37922	0.00835	0.01057	0.01036	0.00785	0.02709	0.00685	0.00954	0.00538	0.00352	0.00366	0.00116	0.00463	0.00328	0.00177	0.00487
42	0.00754	0.00667	0.01082	0.73063	0.02287	0.00829	0.00966	0.01010	0.03689	0.04885	0.00708	0.00993	0.00531	0.00396	0.00428	0.00125	0.06648	0.00331	0.00184	0.00424
43	0.00809	0.00749	0.01239	0.03391	0.61922	0.00751	0.00959	0.01008	0.00824	0.01150	0.01098	0.01559	0.07167	0.00577	0.04372	0.00141	0.00431	0.11125	0.00215	0.00514

[dist]
# distance from previous block
# <min> <max>
0	5

[block]
# block no. 6 follows, 75 sequences, length 59
# corresponding to MSA columns:
# 412-470
name=unknown_G
#
# <colnr> <probs for GDERKNQSTAVLIFYWHMCP>
#	G	D	E	R	K	N	Q	S	T	A	V	L	I	F	Y	W	H	M	C	P
0	0.01032	0.66277	0.01698	0.00688	0.00972	0.15532	0.00638	0.01147	0.00791	0.00886	0.00526	0.00616	0.00475	0.00333	0.00283	0.00083	0.03044	0.00208	0.00165	0.04607
1	0.00728	0.04443	0.00865	0.04738	0.00982	0.00676	0.07548	0.02169	0.27332	0.01218	0.01575	0.14667	0.01546	0.00743	0.00433	0.00141	0.00339	0.29100	0.00321	0.00436
2	0.00764	0.00854	0.14567	0.00640	0.00996	0.00552	0.01702	0.00970	0.00768	0.02235	0.00691	0.02430	0.00572	0.00304	0.00292	0.00068	0.00320	0.00247	0.00212	0.70814
3	0.00569	0.00407	0.00508	0.00498	0.00539	0.00440	0.00339	0.02686	0.04484	0.00842	0.01102	0.01961	0.01153	0.49590	0.32886	0.00426	0.00587	0.00471	0.00224	0.00288
4	0.00923	0.00823	0.00827	0.00749	0.00948	0.05547	0.00579	0.02945	0.74578	0.01484	0.01460	0.05312	0.01140	0.00521	0.00376	0.00124	0.00309	0.00434	0.00362	0.00560
5	0.00820	0.12554	0.43163	0.00901	0.05680	0.00819	0.00962	0.01111	0.00782	0.04427	0.00671	0.00773	0.00512	0.00326	0.00314	0.00094	0.00433	0.00253	0.00186	0.25219
6	0.00833	0.06479	0.66020	0.01057	0.05471	0.03931	0.02803	0.01198	0.00807	0.05885	0.01819	0.00825	0.00538	0.00358	0.00347	0.00113	0.00517	0.00283	0.00179	0.00538
7	0.04935	0.01500	0.49811	0.01210	0.01673	0.00880	0.32398	0.01164	0.00803	0.01191	0.00684	0.00849	0.00497	0.00334	0.00375	0.00119	0.00560	0.00329	0.00170	0.00518
8	0.00874	0.00862	0.02997	0.06789	0.71647	0.00857	0.03276	0.01092	0.00819	0.01168	0.00731	0.03884	0.00635	0.00365	0.00388	0.00113	0.02409	0.00354	0.00185	0.00555
9	0.00908	0.01108	0.09878	0.07461	0.18606	0.14196	0.31969	0.01149	0.00841	0.01087	0.00692	0.00918	0.00551	0.00472	0.04404	0.01641	0.03105	0.00350	0.00180	0.00484
10	0.00636	0.00320	0.00477	0.00477	0.00477	0.00320	0.00317	0.00480	0.00480	0.00639	0.00648	0.01141	0.00651	0.02901	0.01444	0.87630	0.00320	0.00323	0.00161	0.00161
11	0.00867	0.00991	0.02167	0.01548	0.01920	0.00929	0.83467	0.01176	0.00867	0.01176	0.00743	0.00991	0.00557	0.00310	0.00433	0.00124	0.00619	0.00433	0.00186	0.00495
12	0.04976	0.00750	0.01461	0.01111	0.01368	0.00705	0.47339	0.01051	0.00829	0.10156	0.01168	0.25099	0.01113	0.00563	0.00427	0.00129	0.00457	0.00587	0.00260	0.00449
13	0.00442	0.00363	0.00390	0.00403	0.00506	0.00310	0.00295	0.00536	0.00827	0.01016	0.09030	0.18450	0.64244	0.00957	0.00440	0.00128	0.00190	0.00816	0.00345	0.00310
14	0.00694	0.00653	0.01102	0.86210	0.02530	0.00816	0.01020	0.00938	0.00734	0.00938	0.00653	0.00979	0.00490	0.00367	0.00367	0.00122	0.00490	0.00326	0.00163	0.00408
15	0.00694	0.00653	0.01102	0.86210	0.02530	0.00816	0.01020	0.00938	0.00734	0.00938	0.00653	0.00979	0.00490	0.00367	0.00367	0.00122	0.00490	0.00326	0.00163	0.00408
16	0.89687	0.00710	0.00540	0.00483	0.00710	0.00824	0.00398	0.01080	0.00625	0.01648	0.00511	0.00597	0.00398	0.00341	0.00227	0.00114	0.00284	0.00199	0.00227	0.00398
