[name]
unknown

[dist]
# distance from previous block
# <min> <max>
0	84

[block]
# block no. 0 follows, 72 sequences, length 14
# corresponding to MSA columns:
# 98-111
name=unknown_A
#
# <colnr> <probs for GDERKNQSTAVLIFYWHMCP>
#	G	D	E	R	K	N	Q	S	T	A	V	L	I	F	Y	W	H	M	C	P
0	0.02206	0.00762	0.01180	0.16797	0.39518	0.00778	0.00906	0.06267	0.00887	0.04130	0.00918	0.08492	0.00829	0.00457	0.00380	0.00115	0.00408	0.04139	0.00233	0.10598
1	0.00885	0.00765	0.01230	0.28644	0.39315	0.00805	0.00973	0.03961	0.00867	0.06192	0.00935	0.04053	0.04236	0.00416	0.00379	0.00116	0.00431	0.00380	0.00220	0.05198
2	0.08879	0.00674	0.00795	0.00594	0.00906	0.00562	0.00481	0.01252	0.02862	0.25322	0.00919	0.00932	0.00672	0.00347	0.00308	0.00081	0.00295	0.00273	0.00300	0.53545
3	0.01005	0.02985	0.03953	0.02768	0.08017	0.10704	0.35144	0.08477	0.01005	0.06800	0.10219	0.03107	0.00972	0.00434	0.00432	0.00120	0.02671	0.00427	0.00253	0.00506
4	0.00550	0.00390	0.00481	0.00484	0.00514	0.00398	0.00316	0.00584	0.00613	0.00829	0.01427	0.16773	0.06495	0.47182	0.11709	0.04126	0.03436	0.00613	0.00250	0.02830
5	0.01113	0.57091	0.03797	0.00739	0.01043	0.17498	0.00682	0.08439	0.00920	0.01054	0.00583	0.00662	0.00504	0.00348	0.00279	0.00087	0.00459	0.00226	0.00190	0.04285
6	0.00521	0.00407	0.00520	0.08005	0.00730	0.00401	0.00400	0.00654	0.02093	0.01093	0.21410	0.18446	0.25821	0.09314	0.08293	0.00198	0.00315	0.00720	0.00326	0.00333
7	0.00973	0.00982	0.03267	0.05669	0.53633	0.11221	0.03312	0.03707	0.00902	0.02538	0.00807	0.03560	0.00711	0.02967	0.00426	0.00122	0.00472	0.02740	0.00209	0.01781
8	0.13238	0.08347	0.03536	0.07621	0.05138	0.14111	0.05188	0.14094	0.00956	0.06387	0.00751	0.00936	0.00607	0.03630	0.06748	0.00161	0.07518	0.00313	0.00239	0.00481
9	0.00537	0.00418	0.00480	0.00502	0.03517	0.00373	0.00357	0.00659	0.01955	0.04013	0.10342	0.06101	0.57860	0.04198	0.04787	0.00162	0.00259	0.02791	0.00345	0.00346
10	0.00606	0.00474	0.00515	0.00508	0.00612	0.03625	0.00374	0.05232	0.02272	0.02651	0.16576	0.23318	0.29949	0.03412	0.04875	0.00161	0.00279	0.00746	0.03458	0.00356
11	0.03078	0.04127	0.11830	0.04363	0.09317	0.11180	0.05308	0.18624	0.08291	0.15326	0.01002	0.03255	0.01706	0.00439	0.00372	0.00116	0.00450	0.00358	0.00296	0.00562
12	0.04191	0.05298	0.04644	0.16249	0.09133	0.33414	0.12208	0.02649	0.00923	0.01076	0.00702	0.02696	0.00585	0.00400	0.00378	0.00113	0.01971	0.01337	0.01568	0.00465
13	0.00706	0.00564	0.00802	0.01926	0.06714	0.00546	0.07590	0.08853	0.00901	0.03554	0.06660	0.23347	0.16161	0.02517	0.09420	0.00182	0.00385	0.02080	0.00307	0.06784

[dist]
# distance from previous block
# <min> <max>
0	2

[block]
# block no. 1 follows, 72 sequences, length 13
# corresponding to MSA columns:
# 114-126
name=unknown_B
#
# <colnr> <probs for GDERKNQSTAVLIFYWHMCP>
#	G	D	E	R	K	N	Q	S	T	A	V	L	I	F	Y	W	H	M	C	P
0	0.05406	0.34260	0.14034	0.00800	0.02891	0.07084	0.04106	0.05050	0.02075	0.03538	0.02034	0.00780	0.00582	0.00349	0.00301	0.00092	0.00425	0.00257	0.00207	0.15727
1	0.03184	0.08614	0.27136	0.03523	0.04438	0.04127	0.09041	0.04598	0.06932	0.08590	0.02819	0.10281	0.02435	0.00494	0.00394	0.00121	0.02087	0.00419	0.00251	0.00513
2	0.00559	0.00429	0.00598	0.00597	0.00653	0.00486	0.00456	0.00670	0.00656	0.00916	0.03818	0.07487	0.06142	0.13459	0.48240	0.00438	0.07222	0.06606	0.00240	0.00328
3	0.00809	0.00875	0.11871	0.10884	0.17479	0.03773	0.08125	0.04905	0.02009	0.05005	0.06951	0.11557	0.12987	0.00579	0.00408	0.00124	0.00405	0.00517	0.00266	0.00474
4	0.02246	0.18468	0.22031	0.08305	0.13016	0.07359	0.04400	0.04167	0.05552	0.03352	0.00755	0.02518	0.00614	0.01737	0.00406	0.00117	0.03918	0.00316	0.00204	0.00518
5	0.01275	0.00945	0.04217	0.00786	0.01066	0.00967	0.00664	0.58665	0.01541	0.09374	0.07005	0.01351	0.09355	0.00526	0.00391	0.00116	0.00375	0.00413	0.00379	0.00589
6	0.00687	0.00467	0.00514	0.00474	0.00619	0.00436	0.00368	0.07133	0.03414	0.07522	0.14057	0.02798	0.43711	0.00778	0.00413	0.00121	0.00224	0.03381	0.12495	0.00389
7	0.00905	0.03425	0.11260	0.09262	0.23685	0.05110	0.09458	0.06366	0.02788	0.05153	0.02533	0.04699	0.09503	0.00482	0.00423	0.00121	0.03654	0.00422	0.00240	0.00511
8	0.02817	0.02163	0.05706	0.31113	0.13887	0.02719	0.04033	0.05698	0.00885	0.12896	0.01019	0.10710	0.02304	0.00492	0.00402	0.00124	0.01859	0.00430	0.00252	0.00490
9	0.00716	0.00674	0.01138	0.85760	0.02612	0.00843	0.01053	0.00969	0.00758	0.00969	0.00674	0.01011	0.00506	0.00379	0.00379	0.00126	0.00506	0.00337	0.00169	0.00421
10	0.09235	0.04264	0.21987	0.04147	0.07352	0.12389	0.25649	0.01184	0.00854	0.01193	0.00800	0.03399	0.01980	0.00395	0.00375	0.00119	0.00534	0.01550	0.02104	0.00492
11	0.02181	0.02492	0.03398	0.00563	0.00668	0.00452	0.00429	0.01868	0.07316	0.01155	0.11834	0.47219	0.04783	0.02511	0.00465	0.00140	0.00250	0.03668	0.02860	0.05750
12	0.02951	0.00803	0.03860	0.03706	0.08875	0.06952	0.01966	0.08033	0.05378	0.05304	0.16131	0.04330	0.03855	0.00493	0.00391	0.00104	0.02733	0.00409	0.00290	0.23435

[dist]
# distance from previous block
# <min> <max>
4	11

[block]
# block no. 2 follows, 72 sequences, length 29
# corresponding to MSA columns:
# 138-166
name=unknown_C
#
# <colnr> <probs for GDERKNQSTAVLIFYWHMCP>
#	G	D	E	R	K	N	Q	S	T	A	V	L	I	F	Y	W	H	M	C	P
0	0.08627	0.10202	0.05919	0.02997	0.04575	0.07713	0.07004	0.05751	0.06042	0.03253	0.02410	0.09056	0.02208	0.10266	0.08987	0.00194	0.00469	0.01497	0.02393	0.00437
1	0.00497	0.00378	0.00447	0.00477	0.00543	0.00353	0.00331	0.00616	0.04063	0.01027	0.09881	0.37583	0.26928	0.12088	0.02849	0.00181	0.00251	0.00848	0.00340	0.00319
2	0.04233	0.01802	0.03012	0.04403	0.08922	0.00624	0.01690	0.04601	0.07118	0.06789	0.11954	0.05889	0.06182	0.00488	0.00358	0.00100	0.00309	0.00415	0.00291	0.30821
3	0.02327	0.08716	0.22898	0.02579	0.09531	0.05675	0.04620	0.14942	0.03892	0.08491	0.02205	0.06418	0.02428	0.01370	0.00404	0.00120	0.02207	0.00380	0.00260	0.00537
4	0.00929	0.05325	0.01113	0.08578	0.04394	0.19326	0.13560	0.02373	0.03093	0.06589	0.01199	0.21397	0.03715	0.01656	0.03795	0.00146	0.01587	0.00529	0.00259	0.00437
5	0.00683	0.00671	0.05677	0.20716	0.01318	0.01698	0.06666	0.03459	0.00720	0.00994	0.00878	0.01322	0.00783	0.05019	0.39242	0.00360	0.07210	0.01992	0.00198	0.00396
6	0.07113	0.07002	0.15358	0.02330	0.07698	0.09489	0.17110	0.05131	0.01970	0.05146	0.02409	0.02197	0.00659	0.01516	0.00376	0.00110	0.00473	0.00330	0.00224	0.13358
7	0.00857	0.08130	0.13787	0.06150	0.17706	0.05772	0.12484	0.03363	0.05083	0.01154	0.01026	0.09966	0.04581	0.00505	0.00450	0.00124	0.06606	0.01540	0.00222	0.00494
8	0.00746	0.00680	0.08909	0.02324	0.00953	0.00572	0.10858	0.03707	0.01923	0.08793	0.07924	0.15566	0.11501	0.06851	0.08537	0.03089	0.03263	0.01782	0.01612	0.00409
9	0.02987	0.00867	0.04745	0.14229	0.20112	0.07368	0.08300	0.09387	0.00956	0.05076	0.06217	0.09654	0.05794	0.02120	0.00425	0.00126	0.00430	0.00462	0.00259	0.00486
10	0.01955	0.16693	0.21384	0.04567	0.08593	0.05407	0.13279	0.04484	0.05847	0.08697	0.01902	0.01788	0.00657	0.00393	0.00382	0.00114	0.02769	0.00331	0.00226	0.00534
11	0.00644	0.00451	0.00568	0.00596	0.02200	0.01528	0.01555	0.01843	0.05887	0.07805	0.03645	0.51115	0.13304	0.01018	0.02576	0.00153	0.01257	0.00850	0.02633	0.00373
12	0.00974	0.19473	0.02528	0.09031	0.06392	0.13224	0.07051	0.05914	0.09182	0.03364	0.00894	0.01149	0.02012	0.06699	0.06731	0.00165	0.02658	0.01858	0.00229	0.00473
13	0.04034	0.04716	0.06129	0.01323	0.24015	0.09663	0.11532	0.06523	0.08068	0.06568	0.03991	0.03716	0.00811	0.00474	0.01744	0.00126	0.05410	0.00377	0.00248	0.00531
14	0.00952	0.05031	0.17435	0.03733	0.12467	0.02959	0.26366	0.09161	0.11843	0.02918	0.01703	0.02160	0.00699	0.00391	0.00392	0.00120	0.00504	0.00379	0.00237	0.00550
15	0.00545	0.00423	0.00527	0.08397	0.01955	0.00405	0.00411	0.00675	0.02366	0.03213	0.10114	0.19645	0.38321	0.06867	0.02734	0.00162	0.00271	0.02295	0.00330	0.00343
16	0.01181	0.05555	0.02290	0.06475	0.04711	0.23229	0.03584	0.09097	0.05746	0.18488	0.03900	0.08672	0.04389	0.00517	0.00379	0.00115	0.00444	0.00419	0.00304	0.00504
17	0.04655	0.09920	0.17975	0.05928	0.11796	0.10267	0.03273	0.04952	0.08207	0.05016	0.02653	0.07454	0.00814	0.00497	0.01546	0.00124	0.03802	0.00374	0.00237	0.00508
18	0.00557	0.00395	0.00494	0.00537	0.02702	0.00362	0.00372	0.00672	0.02075	0.05156	0.15003	0.37460	0.25337	0.04230	0.00515	0.00147	0.00227	0.03054	0.00359	0.00345
19	0.00873	0.00875	0.01687	0.10522	0.27592	0.00863	0.37819	0.01146	0.02380	0.03105	0.02730	0.05561	0.00771	0.00436	0.01813	0.00132	0.00527	0.00438	0.00212	0.00518
20	0.03611	0.00833	0.01133	0.13519	0.11461	0.04906	0.08258	0.05556	0.17063	0.04577	0.04945	0.01264	0.05541	0.00502	0.00535	0.00129	0.15004	0.00400	0.00263	0.00498
21	0.00863	0.03793	0.39971	0.08265	0.14178	0.02125	0.10515	0.03151	0.02147	0.05018	0.02834	0.03940	0.00694	0.00402	0.00379	0.00120	0.00506	0.00356	0.00205	0.00538
22	0.00793	0.00724	0.01226	0.66113	0.08355	0.00849	0.07131	0.04125	0.00826	0.03231	0.00784	0.01068	0.02376	0.00390	0.00386	0.00125	0.00497	0.00357	0.00191	0.00453
23	0.01124	0.02423	0.02871	0.05391	0.40494	0.20526	0.02226	0.07753	0.04522	0.06567	0.00777	0.00915	0.00613	0.00382	0.00381	0.00112	0.01818	0.00321	0.00229	0.00555
24	0.02395	0.06316	0.07132	0.03065	0.17538	0.03515	0.08753	0.09086	0.05761	0.14508	0.05032	0.02682	0.08135	0.00538	0.02253	0.00129	0.00420	0.01922	0.00290	0.00531
25	0.00551	0.00442	0.02219	0.00525	0.00619	0.00399	0.00390	0.03927	0.04733	0.02307	0.07635	0.44333	0.26011	0.01031	0.01727	0.00147	0.00243	0.02053	0.00354	0.00353
26	0.08016	0.01375	0.36175	0.01070	0.01479	0.04057	0.19293	0.10681	0.03259	0.07755	0.00829	0.02864	0.00616	0.00394	0.00376	0.00121	0.00512	0.00347	0.00234	0.00545
27	0.03910	0.05515	0.10399	0.11495	0.16748	0.09607	0.06674	0.11188	0.00976	0.08396	0.04130	0.01081	0.01641	0.04198	0.00456	0.00127	0.02350	0.00350	0.00243	0.00515
28	0.00938	0.01065	0.21748	0.05252	0.06430	0.00796	0.18286	0.07997	0.06288	0.11708	0.04754	0.08133	0.03883	0.00489	0.00404	0.00124	0.00452	0.00450	0.00274	0.00528

[dist]
# distance from previous block
# <min> <max>
3	29

[block]
# block no. 3 follows, 72 sequences, length 44
# corresponding to MSA columns:
# 196-239
name=unknown_D
#
# <colnr> <probs for GDERKNQSTAVLIFYWHMCP>
#	G	D	E	R	K	N	Q	S	T	A	V	L	I	F	Y	W	H	M	C	P
0	0.00963	0.08933	0.27949	0.05735	0.06811	0.03158	0.11330	0.08367	0.07445	0.08239	0.02181	0.01074	0.01964	0.00465	0.02322	0.00129	0.00493	0.01659	0.00241	0.00542
1	0.00629	0.01808	0.00647	0.01928	0.02981	0.03460	0.03231	0.04155	0.00841	0.03174	0.09421	0.39054	0.14925	0.03799	0.05582	0.00172	0.01901	0.00777	0.01150	0.00363
2	0.07935	0.00640	0.00983	0.07653	0.21222	0.00643	0.08630	0.03321	0.00833	0.05133	0.04282	0.23924	0.07325	0.05175	0.00490	0.00142	0.00360	0.00593	0.00275	0.00440
3	0.03817	0.10832	0.14025	0.02573	0.08583	0.04569	0.08895	0.12064	0.06482	0.12831	0.00918	0.04495	0.00718	0.00430	0.00389	0.00114	0.03156	0.00354	0.00267	0.04487
4	0.02176	0.04262	0.24574	0.13401	0.15712	0.02351	0.15027	0.02393	0.00852	0.04555	0.00987	0.03567	0.06412	0.00422	0.00384	0.00120	0.00489	0.00386	0.00209	0.01722
5	0.00575	0.00425	0.00618	0.00616	0.00697	0.00396	0.07058	0.02836	0.00797	0.04607	0.02098	0.65458	0.10251	0.01045	0.00470	0.00147	0.00261	0.00950	0.00345	0.00349
6	0.06590	0.00826	0.02532	0.06350	0.30969	0.02579	0.06779	0.09996	0.04548	0.10128	0.06989	0.06817	0.02278	0.00473	0.00386	0.00119	0.00402	0.00425	0.00278	0.00536
7	0.02382	0.11405	0.21242	0.02412	0.07622	0.05145	0.11081	0.13653	0.02188	0.05482	0.03621	0.03323	0.03092	0.00464	0.00378	0.00118	0.00464	0.05156	0.00251	0.00524
8	0.00573	0.00414	0.00485	0.00526	0.00587	0.03007	0.00366	0.01921	0.00776	0.04503	0.02125	0.56841	0.13506	0.05513	0.04180	0.00175	0.00279	0.00895	0.02996	0.00332
9	0.00932	0.00894	0.01527	0.04945	0.81743	0.00899	0.01160	0.01158	0.00860	0.01231	0.00712	0.00941	0.00598	0.00339	0.00376	0.00113	0.00452	0.00338	0.00187	0.00595
10	0.02754	0.03305	0.10356	0.01021	0.12786	0.03925	0.04781	0.17092	0.08650	0.05256	0.05506	0.08812	0.00979	0.00488	0.00393	0.00113	0.02193	0.00411	0.00285	0.10894
11	0.00857	0.01117	0.20758	0.05027	0.16246	0.03232	0.24004	0.05004	0.00897	0.02956	0.03258	0.07507	0.04599	0.00461	0.00424	0.00124	0.02356	0.00440	0.00222	0.00512
12	0.03108	0.00584	0.07384	0.00590	0.00719	0.00504	0.00484	0.06160	0.00806	0.06669	0.04059	0.17645	0.10889	0.18488	0.11752	0.00244	0.02031	0.05685	0.01824	0.00372
13	0.02308	0.00985	0.01617	0.01712	0.36996	0.07397	0.28006	0.05616	0.02289	0.04927	0.00868	0.02146	0.02569	0.00377	0.00398	0.00118	0.00510	0.00389	0.00222	0.00550
14	0.01003	0.12039	0.20682	0.04769	0.03356	0.06498	0.02527	0.05745	0.05657	0.13703	0.04494	0.03303	0.03602	0.00477	0.01670	0.00116	0.00429	0.00354	0.00265	0.09311
15	0.00603	0.00473	0.00617	0.00700	0.07404	0.02382	0.01707	0.02191	0.03162	0.02855	0.14123	0.44906	0.10439	0.01870	0.01848	0.00149	0.00274	0.03587	0.00342	0.00369
16	0.01108	0.10765	0.22502	0.00912	0.03803	0.09816	0.00858	0.20160	0.11450	0.08420	0.02137	0.02639	0.00773	0.00448	0.00363	0.00115	0.00450	0.02437	0.00282	0.00559
17	0.02260	0.05468	0.19866	0.01148	0.16107	0.05796	0.05523	0.12862	0.10478	0.07341	0.02072	0.04069	0.03443	0.00446	0.00374	0.00117	0.00442	0.00375	0.00266	0.01549
18	0.00955	0.07163	0.13768	0.02396	0.18246	0.05140	0.17044	0.05692	0.05126	0.06348	0.00924	0.06029	0.01887	0.00471	0.01875	0.00126	0.02448	0.00391	0.00234	0.03741
19	0.02828	0.00524	0.00749	0.02412	0.02102	0.02188	0.09736	0.01993	0.00826	0.02168	0.11732	0.29708	0.15904	0.00956	0.04242	0.02824	0.04085	0.03265	0.01394	0.00364
20	0.01022	0.12485	0.07897	0.07678	0.29766	0.07906	0.02023	0.13685	0.09361	0.01349	0.00860	0.00976	0.02554	0.00395	0.00359	0.00111	0.00453	0.00330	0.00234	0.00555
21	0.02520	0.07612	0.31873	0.03787	0.04590	0.04396	0.04762	0.07323	0.11095	0.08064	0.02033	0.06201	0.00795	0.00490	0.01726	0.00127	0.01447	0.00371	0.00251	0.00537
22	0.00626	0.00486	0.03424	0.01903	0.03271	0.00437	0.00469	0.00818	0.07389	0.06573	0.08722	0.45555	0.10084	0.00992	0.02237	0.00152	0.00275	0.05856	0.00350	0.00381
23	0.00903	0.02636	0.28023	0.10132	0.11948	0.03080	0.14982	0.11218	0.05790	0.01340	0.02350	0.01083	0.02479	0.00407	0.00387	0.00121	0.00504	0.01857	0.00223	0.00538
24	0.02364	0.19294	0.20866	0.03211	0.05058	0.04273	0.03313	0.11986	0.04795	0.11202	0.01010	0.06657	0.03454	0.00459	0.00354	0.00113	0.00431	0.00368	0.00261	0.00533
25	0.00971	0.04922	0.21768	0.03006	0.21730	0.03942	0.08500	0.10794	0.11556	0.03990	0.02945	0.02583	0.00754	0.00411	0.00377	0.00117	0.00464	0.00360	0.00245	0.00563
26	0.00482	0.00376	0.00437	0.00461	0.00551	0.00335	0.00341	0.00588	0.00856	0.01088	0.15288	0.23132	0.43145	0.03274	0.00503	0.00143	0.00215	0.08102	0.00358	0.00323
27	0.00784	0.03694	0.03700	0.05213	0.01004	0.09447	0.07239	0.02158	0.08846	0.02602	0.01060	0.10692	0.01013	0.10394	0.23089	0.00282	0.07675	0.00462	0.00238	0.00407
28	0.03645	0.23384	0.22376	0.03973	0.02628	0.03181	0.03822	0.08652	0.03114	0.07029	0.02420	0.05797	0.07498	0.00472	0.00349	0.00112	0.00423	0.00375	0.00244	0.00505
29	0.02711	0.00674	0.00871	0.05234	0.10498	0.01652	0.03082	0.05588	0.23069	0.07193	0.06285	0.10109	0.08325	0.02182	0.06646	0.00168	0.01289	0.03617	0.00322	0.00485
30	0.00930	0.00461	0.00571	0.00522	0.00663	0.00437	0.00410	0.02504	0.02487	0.23222	0.12490	0.09384	0.01540	0.00667	0.01699	0.01902	0.00256	0.07227	0.32196	0.00432
31	0.03852	0.23858	0.28490	0.00866	0.02460	0.04276	0.03339	0.10173	0.02489	0.03171	0.02846	0.08653	0.00830	0.00470	0.00348	0.00113	0.00445	0.02585	0.00230	0.00509
32	0.05935	0.03576	0.03731	0.01973	0.01129	0.04491	0.05379	0.43320	0.03545	0.11874	0.01051	0.08083	0.00838	0.00503	0.00379	0.00118	0.00405	0.01428	0.01675	0.00569
33	0.00477	0.00343	0.00449	0.00517	0.00552	0.00320	0.00353	0.00558	0.00770	0.01031	0.11679	0.68198	0.05939	0.04031	0.00529	0.00157	0.00223	0.03204	0.00355	0.00313
34	0.00786	0.00674	0.00786	0.00562	0.00899	0.00506	0.00449	0.00955	0.00786	0.01236	0.00674	0.00786	0.00562	0.00281	0.00281	0.00056	0.00281	0.00225	0.00225	0.88990
35	0.01417	0.01808	0.01075	0.00977	0.01172	0.85149	0.00733	0.01514	0.01075	0.00928	0.00586	0.00684	0.00489	0.00391	0.00342	0.00098	0.00684	0.00244	0.00195	0.00440
36	0.00581	0.01762	0.00552	0.00588	0.02076	0.00414	0.00405	0.03244	0.03700	0.03501	0.05406	0.64000	0.03751	0.01094	0.01888	0.03802	0.01640	0.00909	0.00341	0.00345
37	0.00484	0.00382	0.00438	0.00460	0.00553	0.00343	0.00335	0.00612	0.03155	0.01099	0.14800	0.27661	0.43896	0.00990	0.00459	0.00136	0.00206	0.03298	0.00362	0.00331
38	0.02179	0.35479	0.04564	0.00821	0.01023	0.02751	0.00743	0.08363	0.00802	0.03392	0.00588	0.00753	0.00518	0.00473	0.00653	0.00119	0.33418	0.00274	0.00195	0.02893
39	0.03009	0.07084	0.08948	0.02165	0.04093	0.03445	0.07808	0.05838	0.02803	0.04086	0.01492	0.00864	0.00608	0.00338	0.00333	0.00086	0.01678	0.00278	0.01408	0.43636
40	0.02512	0.15060	0.01181	0.00797	0.01074	0.04856	0.00665	0.43226	0.19512	0.03996	0.00989	0.00978	0.00736	0.00443	0.00352	0.00111	0.00392	0.00333	0.02198	0.00591
41	0.00740	0.00513	0.00597	0.00537	0.00665	0.03519	0.00412	0.05403	0.04493	0.08472	0.60444	0.02398	0.04093	0.00692	0.00422	0.00117	0.00227	0.00599	0.05248	0.00410
42	0.05120	0.02084	0.00922	0.00789	0.09133	0.02403	0.02845	0.02965	0.04290	0.04786	0.00757	0.00881	0.00616	0.02132	0.00339	0.00081	0.00326	0.00266	0.00240	0.59025
43	0.00984	0.14217	0.09278	0.03151	0.08834	0.00843	0.03586	0.13350	0.01744	0.12313	0.06429	0.13104	0.03976	0.00549	0.00398	0.00116	0.02505	0.00460	0.00293	0.03871

[dist]
# distance from previous block
# <min> <max>
1	4

[block]
# block no. 4 follows, 72 sequences, length 10
# corresponding to MSA columns:
# 244-253
name=unknown_E
#
# <colnr> <probs for GDERKNQSTAVLIFYWHMCP>
#	G	D	E	R	K	N	Q	S	T	A	V	L	I	F	Y	W	H	M	C	P
0	0.06626	0.00921	0.13056	0.00795	0.01138	0.02704	0.12813	0.01084	0.00817	0.06226	0.02630	0.00958	0.00666	0.03976	0.00395	0.00099	0.00389	0.00299	0.00230	0.44180
1	0.00803	0.11529	0.30105	0.05040	0.02868	0.00868	0.17754	0.02404	0.04375	0.02710	0.07197	0.03574	0.08199	0.00464	0.00385	0.00119	0.00466	0.00415	0.00227	0.00497
2	0.00538	0.00576	0.09002	0.00565	0.00723	0.00432	0.03928	0.00725	0.03833	0.01166	0.20128	0.17623	0.37622	0.00858	0.00443	0.00130	0.00254	0.00745	0.00341	0.00368
3	0.00595	0.07333	0.01950	0.00599	0.03560	0.00499	0.02311	0.00779	0.03889	0.01293	0.45494	0.16242	0.09674	0.03515	0.00478	0.00131	0.00241	0.00685	0.00357	0.00376
4	0.03499	0.06830	0.19319	0.05542	0.14037	0.00944	0.22421	0.06677	0.00897	0.06814	0.00768	0.00932	0.00580	0.00380	0.00433	0.00120	0.06079	0.00345	0.02852	0.00533
5	0.00646	0.00475	0.02888	0.00561	0.00634	0.00472	0.00424	0.03158	0.06664	0.00937	0.04767	0.01749	0.10156	0.10253	0.18189	0.32961	0.02760	0.01772	0.00236	0.00299
6	0.00456	0.00373	0.00403	0.00421	0.00524	0.00320	0.00306	0.00550	0.00846	0.01040	0.07904	0.21663	0.61879	0.01000	0.00456	0.00133	0.00197	0.00855	0.00356	0.00320
7	0.04764	0.01613	0.01045	0.03638	0.01171	0.69690	0.00724	0.03403	0.01027	0.01007	0.00606	0.00725	0.00503	0.00409	0.00394	0.00104	0.05966	0.00256	0.02516	0.00439
8	0.06866	0.02923	0.05155	0.01807	0.04798	0.00582	0.01603	0.01011	0.03204	0.02736	0.02936	0.02560	0.00765	0.01614	0.00323	0.00086	0.00296	0.00298	0.15563	0.44876
9	0.02355	0.09437	0.02851	0.06859	0.14902	0.04073	0.08852	0.09020	0.07303	0.03242	0.01140	0.15279	0.02949	0.00554	0.00399	0.00121	0.01482	0.03815	0.00265	0.05104

[dist]
# distance from previous block
# <min> <max>
2	24

[block]
# block no. 5 follows, 72 sequences, length 13
# corresponding to MSA columns:
# 278-290
name=unknown_F
#
# <colnr> <probs for GDERKNQSTAVLIFYWHMCP>
#	G	D	E	R	K	N	Q	S	T	A	V	L	I	F	Y	W	H	M	C	P
0	0.01023	0.02753	0.04246	0.00795	0.04829	0.01787	0.05279	0.06925	0.04476	0.18959	0.03500	0.04776	0.00920	0.00534	0.03344	0.00119	0.01778	0.03705	0.00301	0.29952
1	0.01066	0.36165	0.03110	0.02980	0.07593	0.11673	0.02216	0.09772	0.02545	0.06708	0.03782	0.03367	0.05480	0.00438	0.00328	0.00101	0.00421	0.00334	0.00242	0.01681
2	0.00974	0.04644	0.21241	0.05101	0.03846	0.04742	0.02025	0.13391	0.08023	0.06218	0.00887	0.03216	0.00702	0.00415	0.00363	0.00105	0.01474	0.01951	0.00257	0.20424
3	0.01026	0.06207	0.10413	0.08837	0.18687	0.09966	0.05037	0.11285	0.07739	0.07230	0.03137	0.04857	0.02148	0.00453	0.00377	0.00117	0.00452	0.01239	0.00260	0.00533
4	0.00699	0.00620	0.02953	0.28100	0.03830	0.02446	0.03750	0.00896	0.04150	0.02948	0.04013	0.16349	0.01176	0.13158	0.05108	0.00190	0.04624	0.00520	0.04078	0.00389
5	0.05620	0.61725	0.11761	0.00713	0.01056	0.02890	0.00729	0.05841	0.00846	0.04951	0.00614	0.00682	0.00512	0.00346	0.00273	0.00092	0.00420	0.00229	0.00193	0.00507
6	0.00830	0.00830	0.01162	0.00996	0.00996	0.01162	0.00830	0.00913	0.00581	0.00913	0.00498	0.00830	0.00498	0.00664	0.01245	0.00166	0.85977	0.00332	0.00166	0.00415
7	0.00771	0.02118	0.01040	0.03497	0.29096	0.02234	0.02384	0.03991	0.00900	0.01258	0.22973	0.04787	0.03093	0.00767	0.07359	0.00164	0.09021	0.03817	0.00270	0.00460
8	0.02108	0.22254	0.11234	0.02402	0.14871	0.03217	0.02709	0.10056	0.16724	0.02687	0.02049	0.02183	0.03428	0.00471	0.01925	0.00120	0.00423	0.00345	0.00252	0.00541
9	0.00458	0.00385	0.00398	0.00395	0.00518	0.00324	0.00296	0.00564	0.00888	0.01081	0.12929	0.03557	0.75029	0.00940	0.00448	0.00127	0.00191	0.00787	0.00360	0.00324
10	0.25653	0.00527	0.00594	0.00600	0.00745	0.00547	0.00498	0.00972	0.00820	0.10754	0.04079	0.11706	0.01573	0.00769	0.00409	0.00145	0.00304	0.34940	0.03969	0.00396
11	0.00752	0.03702	0.24899	0.04341	0.03569	0.00753	0.03871	0.03868	0.15023	0.01344	0.22457	0.06487	0.03192	0.00565	0.00428	0.00124	0.03372	0.00479	0.00290	0.00485
12	0.00973	0.06807	0.10138	0.27630	0.20487	0.09133	0.05150	0.08462	0.00926	0.04396	0.00720	0.00913	0.00554	0.00377	0.00380	0.00116	0.01794	0.00321	0.00206	0.00516

[dist]
# distance from previous block
# <min> <max>
0	1

[block]
# block no. 6 follows, 72 sequences, length 39
# corresponding to MSA columns:
# 292-330
name=unknown_G
#
# <colnr> <probs for GDERKNQSTAVLIFYWHMCP>
#	G	D	E	R	K	N	Q	S	T	A	V	L	I	F	Y	W	H	M	C	P
0	0.00755	0.00646	0.01032	0.01472	0.44598	0.00637	0.00781	0.00904	0.00793	0.02854	0.01251	0.26786	0.01332	0.10226	0.00587	0.00156	0.00365	0.04108	0.00254	0.00462
1	0.40992	0.01122	0.04022	0.00907	0.08315	0.23175	0.04894	0.07991	0.00889	0.01450	0.00608	0.00720	0.00481	0.00376	0.00329	0.00113	0.02667	0.00257	0.00225	0.00465
2	0.00495	0.00368	0.00469	0.00537	0.00599	0.00342	0.00401	0.00594	0.00793	0.01022	0.02469	0.47614	0.21003	0.01102	0.00486	0.00153	0.00245	0.20635	0.00351	0.00321
3	0.00595	0.00397	0.00510	0.00517	0.00606	0.00365	0.00390	0.00727	0.00919	0.06835	0.34162	0.23089	0.14119	0.03668	0.00509	0.00144	0.00229	0.11484	0.00381	0.00355
4	0.01073	0.65854	0.06918	0.00737	0.01052	0.17003	0.00711	0.01210	0.00829	0.00918	0.00548	0.00634	0.00487	0.00339	0.00269	0.00087	0.00467	0.00215	0.00168	0.00483
5	0.00540	0.00374	0.00432	0.00449	0.00466	0.00371	0.00271	0.00592	0.03205	0.00825	0.01506	0.21133	0.04790	0.61710	0.01504	0.00304	0.00326	0.00674	0.00267	0.00262
6	0.01009	0.02345	0.07818	0.04343	0.18783	0.08491	0.23181	0.07695	0.00956	0.08961	0.01880	0.02894	0.00741	0.00587	0.06683	0.00156	0.00550	0.02165	0.00239	0.00524
7	0.01094	0.00842	0.01057	0.02525	0.07687	0.01971	0.07332	0.15719	0.38160	0.12069	0.02824	0.03019	0.02962	0.00494	0.00392	0.00123	0.00365	0.00425	0.00357	0.00584
8	0.04176	0.00661	0.00879	0.00676	0.00968	0.00585	0.00558	0.04372	0.01095	0.79646	0.01450	0.01260	0.00915	0.00466	0.00377	0.00117	0.00325	0.00375	0.00460	0.00639
9	0.01454	0.00893	0.01017	0.00790	0.01076	0.00940	0.00649	0.50248	0.06251	0.27275	0.04623	0.01136	0.00887	0.00476	0.00383	0.00116	0.00372	0.00373	0.00409	0.00630
10	0.01083	0.04574	0.02911	0.18779	0.17608	0.27498	0.02770	0.04056	0.12161	0.03760	0.00802	0.00934	0.00626	0.00395	0.00363	0.00112	0.00515	0.00318	0.00227	0.00508
11	0.00575	0.00453	0.00528	0.00500	0.00618	0.00439	0.00377	0.00871	0.14091	0.01384	0.47384	0.04656	0.25102	0.00793	0.00439	0.00124	0.00203	0.00685	0.00393	0.00385
12	0.01287	0.00969	0.01038	0.00829	0.01101	0.01079	0.00674	0.58076	0.22993	0.03256	0.02867	0.01094	0.00849	0.00478	0.00381	0.00117	0.00377	0.00372	0.01541	0.00623
13	0.89350	0.00733	0.00557	0.00499	0.00733	0.00851	0.00411	0.01115	0.00645	0.01702	0.00528	0.00616	0.00411	0.00352	0.00235	0.00117	0.00293	0.00205	0.00235	0.00411
14	0.01152	0.01027	0.01007	0.07512	0.01188	0.15324	0.00694	0.29535	0.22114	0.02522	0.00995	0.01080	0.00767	0.01667	0.03086	0.00135	0.04056	0.01274	0.00310	0.04557
15	0.12892	0.01066	0.01052	0.00827	0.01114	0.07346	0.00678	0.64551	0.01567	0.03992	0.00850	0.00864	0.00609	0.00437	0.00358	0.00113	0.00419	0.00317	0.00349	0.00599
16	0.00712	0.00388	0.00525	0.00506	0.00534	0.00396	0.00346	0.06573	0.00615	0.00847	0.00759	0.01251	0.00733	0.07364	0.01344	0.69459	0.00327	0.00348	0.06755	0.00219
17	0.00542	0.00406	0.00605	0.00605	0.00672	0.00472	0.00469	0.00675	0.00608	0.00877	0.01020	0.01510	0.00957	0.04563	0.83462	0.00605	0.01003	0.00409	0.00204	0.00336
18	0.00542	0.00404	0.00596	0.00596	0.00659	0.00467	0.00457	0.00668	0.00605	0.00870	0.01028	0.01559	0.00978	0.08686	0.79368	0.00593	0.00971	0.00416	0.00205	0.00331
19	0.00466	0.00333	0.00444	0.00532	0.00556	0.00311	0.00358	0.00534	0.00730	0.00972	0.02088	0.84521	0.02501	0.01185	0.00485	0.00154	0.00223	0.02947	0.00352	0.00309
20	0.00523	0.00399	0.00462	0.00490	0.00570	0.00377	0.00353	0.00684	0.06800	0.01070	0.07559	0.31191	0.29968	0.08821	0.00591	0.00160	0.00235	0.06406	0.03008	0.00333
21	0.41387	0.09086	0.00930	0.00749	0.02165	0.37914	0.00585	0.01293	0.00848	0.01281	0.00556	0.00650	0.00455	0.00366	0.00285	0.00105	0.00477	0.00224	0.00210	0.00433
22	0.04122	0.50847	0.22884	0.02254	0.02380	0.01230	0.03420	0.03058	0.00808	0.03426	0.00624	0.00724	0.00512	0.00388	0.01820	0.00106	0.00460	0.00246	0.00180	0.00510
23	0.75424	0.00690	0.00566	0.00513	0.00731	0.00781	0.00414	0.01105	0.00681	0.06796	0.00737	0.08828	0.00643	0.00439	0.00268	0.00121	0.00288	0.00299	0.00261	0.00416
24	0.01594	0.00622	0.00846	0.00657	0.00931	0.00539	0.00539	0.01744	0.01084	0.76915	0.09109	0.01433	0.01182	0.00498	0.00387	0.00118	0.00309	0.00409	0.00465	0.00619
25	0.00596	0.02599	0.06978	0.07482	0.01036	0.00529	0.12709	0.00755	0.00781	0.01047	0.03432	0.49445	0.01863	0.00893	0.00459	0.00145	0.00345	0.08234	0.00297	0.00375
26	0.00462	0.00330	0.00440	0.00528	0.00550	0.00308	0.00352	0.00528	0.00726	0.00968	0.02090	0.86424	0.02508	0.01188	0.00484	0.00154	0.00220	0.01078	0.00352	0.00308
27	0.00761	0.01962	0.84707	0.01081	0.01641	0.00881	0.01401	0.01201	0.00801	0.01201	0.00681	0.00801	0.00480	0.00360	0.00360	0.00120	0.00560	0.00280	0.00160	0.00560
28	0.00900	0.01004	0.01824	0.06369	0.01744	0.08265	0.55611	0.01169	0.01967	0.01139	0.00817	0.03503	0.00685	0.00422	0.00520	0.00132	0.09435	0.03815	0.00202	0.00479
29	0.01702	0.00645	0.00880	0.00675	0.00968	0.00557	0.00557	0.01848	0.01085	0.84568	0.01496	0.01291	0.00939	0.00469	0.00381	0.00117	0.00323	0.00381	0.00469	0.00645
30	0.00462	0.00330	0.00440	0.00528	0.00550	0.00308	0.00352	0.00528	0.00726	0.00968	0.02090	0.86424	0.02508	0.01188	0.00484	0.00154	0.00220	0.01078	0.00352	0.00308
31	0.00524	0.00408	0.00479	0.00458	0.00567	0.00373	0.00344	0.00717	0.05105	0.01341	0.50411	0.03063	0.33157	0.00831	0.00445	0.00123	0.00190	0.00715	0.00392	0.00356
32	0.01108	0.01076	0.01621	0.03752	0.03494	0.12019	0.40048	0.15752	0.09563	0.06361	0.00888	0.01013	0.00656	0.00384	0.00408	0.00121	0.00544	0.00391	0.00261	0.00542
33	0.00542	0.00404	0.00596	0.00596	0.00659	0.00467	0.00457	0.00668	0.00605	0.00870	0.01029	0.01560	0.00979	0.08798	0.79257	0.00592	0.00970	0.00417	0.00205	0.00331
34	0.06052	0.00675	0.00858	0.00669	0.00943	0.00626	0.00550	0.11071	0.01136	0.63713	0.06703	0.01315	0.01049	0.00481	0.00375	0.00116	0.00320	0.00387	0.02353	0.00609
35	0.00560	0.00429	0.00510	0.00546	0.00621	0.00427	0.00387	0.01963	0.13832	0.01117	0.05010	0.53440	0.13619	0.02784	0.00488	0.00148	0.00234	0.01795	0.01726	0.00362
36	0.01085	0.18908	0.04622	0.05026	0.26922	0.07412	0.03086	0.15802	0.04615	0.05306	0.00811	0.03310	0.00661	0.00400	0.00351	0.00109	0.00446	0.00331	0.00242	0.00555
37	0.00799	0.00762	0.02806	0.12579	0.42239	0.00758	0.06925	0.01997	0.02227	0.01145	0.03476	0.09382	0.02881	0.09717	0.00562	0.00148	0.00426	0.00461	0.00222	0.00489
38	0.01613	0.00634	0.00854	0.00663	0.00942	0.00556	0.00545	0.01788	0.03422	0.77195	0.04808	0.01359	0.01052	0.00482	0.00382	0.00117	0.00313	0.00394	0.02253	0.00627

[dist]
# distance from previous block
# <min> <max>
0	2

[block]
# block no. 7 follows, 72 sequences, length 29
# corresponding to MSA columns:
# 333-361
name=unknown_H
#
# <colnr> <probs for GDERKNQSTAVLIFYWHMCP>
#	G	D	E	R	K	N	Q	S	T	A	V	L	I	F	Y	W	H	M	C	P
0	0.00785	0.00773	0.02621	0.56381	0.14087	0.03717	0.03766	0.01905	0.04564	0.01081	0.03253	0.01158	0.02086	0.00411	0.00385	0.00124	0.00481	0.01763	0.00198	0.00459
1	0.03992	0.03933	0.09584	0.08070	0.27501	0.01702	0.11760	0.10364	0.02458	0.05062	0.06066	0.01051	0.00781	0.00402	0.00408	0.00117	0.03509	0.00360	0.00237	0.02642
2	0.01028	0.00924	0.02180	0.14005	0.11548	0.13666	0.01803	0.06328	0.00861	0.10487	0.00769	0.02039	0.00627	0.00603	0.03769	0.03562	0.23071	0.00340	0.01919	0.00471
3	0.81673	0.00809	0.03021	0.00544	0.00781	0.03828	0.00460	0.01127	0.00664	0.01642	0.00534	0.00629	0.00417	0.00361	0.00265	0.00118	0.02270	0.00212	0.00230	0.00416
4	0.00554	0.00377	0.00471	0.00471	0.00490	0.00395	0.00302	0.00584	0.00565	0.00772	0.01121	0.02147	0.01227	0.59653	0.24841	0.04509	0.00544	0.00501	0.00219	0.00257
5	0.06836	0.02049	0.03489	0.06041	0.17488	0.02678	0.12354	0.16418	0.10956	0.05611	0.01101	0.04962	0.03637	0.00480	0.00390	0.00123	0.00423	0.04145	0.00283	0.00536
6	0.00609	0.00452	0.00573	0.02068	0.00718	0.00454	0.00481	0.03571	0.05450	0.01120	0.05032	0.17043	0.10531	0.12075	0.02569	0.00192	0.00324	0.34690	0.00332	0.01717
7	0.00682	0.00457	0.00540	0.00508	0.00625	0.00453	0.00391	0.03958	0.09251	0.04073	0.40689	0.04432	0.07133	0.00691	0.00402	0.00118	0.00215	0.05127	0.19857	0.00397
8	0.00784	0.00604	0.00624	0.00572	0.00729	0.04962	0.00440	0.09279	0.11480	0.08297	0.06765	0.10982	0.37137	0.02271	0.00461	0.00132	0.01123	0.02573	0.00360	0.00423
9	0.00803	0.00689	0.00794	0.00584	0.00908	0.00551	0.00465	0.01065	0.09415	0.01272	0.00765	0.00852	0.00624	0.00305	0.00292	0.00064	0.00283	0.00246	0.00241	0.79783
10	0.00786	0.00674	0.00786	0.00562	0.00899	0.00506	0.00449	0.00955	0.00786	0.01236	0.00674	0.00786	0.00562	0.00281	0.00281	0.00056	0.00281	0.00225	0.00225	0.88990
11	0.01371	0.01011	0.01086	0.00851	0.01140	0.01122	0.00697	0.67913	0.14673	0.04638	0.01027	0.01001	0.00734	0.00465	0.00380	0.00116	0.00396	0.00356	0.00383	0.00638
12	0.00512	0.00387	0.00428	0.00430	0.00533	0.00339	0.00314	0.00609	0.00849	0.03508	0.12720	0.11766	0.53047	0.09878	0.00606	0.00156	0.00220	0.03025	0.00350	0.00324
13	0.00931	0.00513	0.00653	0.00565	0.00732	0.00481	0.00442	0.01195	0.10174	0.26691	0.46253	0.02246	0.06216	0.00662	0.00421	0.00120	0.00237	0.00570	0.00427	0.00470
14	0.00833	0.00793	0.01348	0.42110	0.45353	0.00873	0.01111	0.01071	0.00813	0.01110	0.00695	0.00973	0.00555	0.00358	0.00377	0.00119	0.00477	0.00337	0.00179	0.00515
15	0.01083	0.02643	0.01058	0.05140	0.09894	0.25352	0.03313	0.13722	0.16991	0.01348	0.01978	0.08702	0.00914	0.00501	0.00378	0.00115	0.00458	0.01951	0.01348	0.03111
16	0.04891	0.07656	0.59988	0.00958	0.01435	0.00906	0.01156	0.04922	0.00829	0.01252	0.00667	0.00783	0.00494	0.00362	0.00365	0.00112	0.03015	0.00270	0.00181	0.09759
17	0.00510	0.00389	0.00465	0.00466	0.00558	0.00355	0.00344	0.00658	0.02779	0.01234	0.37630	0.14681	0.29983	0.04431	0.00515	0.00140	0.00206	0.03942	0.00376	0.00338
18	0.00721	0.00496	0.00553	0.00502	0.00662	0.00464	0.00388	0.04140	0.10714	0.11965	0.16300	0.02842	0.47213	0.00795	0.00429	0.00125	0.00228	0.00666	0.00383	0.00414
19	0.02338	0.29023	0.04792	0.01697	0.04109	0.16530	0.00713	0.05127	0.00901	0.15031	0.01584	0.00876	0.00630	0.02030	0.02065	0.00122	0.11406	0.00288	0.00237	0.00500
20	0.01671	0.00695	0.00911	0.00698	0.00993	0.00631	0.00577	0.11472	0.01168	0.74827	0.01427	0.01246	0.00904	0.00468	0.00381	0.00117	0.00334	0.00377	0.00459	0.00645
21	0.00707	0.00353	0.00353	0.00353	0.00442	0.00353	0.00265	0.00884	0.00795	0.01414	0.01237	0.01414	0.00972	0.00442	0.00265	0.00088	0.00177	0.00353	0.88777	0.00353
22	0.89350	0.00733	0.00557	0.00499	0.00733	0.00851	0.00411	0.01115	0.00645	0.01702	0.00528	0.00616	0.00411	0.00352	0.00235	0.00117	0.00293	0.00205	0.00235	0.00411
23	0.00551	0.00372	0.00434	0.00434	0.00441	0.00379	0.00255	0.00565	0.00558	0.00750	0.01176	0.02379	0.01334	0.77940	0.10601	0.00393	0.00435	0.00536	0.00227	0.00241
24	0.00838	0.00806	0.01275	0.43018	0.35940	0.03744	0.01058	0.01106	0.04214	0.01108	0.00757	0.01069	0.00613	0.00385	0.00380	0.00121	0.00477	0.02399	0.00191	0.00501
25	0.00786	0.00674	0.00786	0.00562	0.00899	0.00506	0.00449	0.00955	0.00786	0.01236	0.00674	0.00786	0.00562	0.00281	0.00281	0.00056	0.00281	0.00225	0.00225	0.88990
26	0.00839	0.00840	0.01146	0.59950	0.08136	0.10561	0.02152	0.01158	0.09435	0.01052	0.00759	0.01010	0.00579	0.00391	0.00376	0.00122	0.00503	0.00338	0.00196	0.00456
27	0.03242	0.75769	0.01977	0.00744	0.01072	0.01428	0.09213	0.01143	0.00780	0.00946	0.00552	0.00652	0.00494	0.00325	0.00264	0.00087	0.00427	0.00228	0.00167	0.00487
28	0.00769	0.02354	0.01255	0.09852	0.01385	0.00739	0.27347	0.02414	0.09825	0.01221	0.05128	0.03462	0.01366	0.00646	0.00466	0.00144	0.01507	0.29395	0.00281	0.00445

[dist]
# distance from previous block
# <min> <max>
0	3

[block]
# block no. 8 follows, 72 sequences, length 10
# corresponding to MSA columns:
# 365-374
name=unknown_I
#
# <colnr> <probs for GDERKNQSTAVLIFYWHMCP>
#	G	D	E	R	K	N	Q	S	T	A	V	L	I	F	Y	W	H	M	C	P
0	0.06188	0.10380	0.01143	0.00915	0.01123	0.67557	0.00709	0.03596	0.01026	0.01005	0.00583	0.00682	0.00488	0.00391	0.00351	0.00099	0.02874	0.00243	0.00198	0.00448
1	0.19731	0.11245	0.12171	0.00824	0.01080	0.37898	0.00732	0.01271	0.00892	0.01144	0.00725	0.01043	0.00644	0.00438	0.00329	0.00111	0.00519	0.08547	0.00211	0.00446
2	0.00874	0.06571	0.71256	0.01014	0.01533	0.00881	0.01270	0.01266	0.00829	0.09963	0.00758	0.00842	0.00529	0.00370	0.00356	0.00118	0.00527	0.00287	0.00193	0.00565
3	0.00924	0.00956	0.05352	0.12418	0.25650	0.04661	0.21838	0.09503	0.03795	0.01339	0.08960	0.01151	0.00888	0.00403	0.00400	0.00119	0.00486	0.00397	0.00234	0.00526
4	0.00888	0.01003	0.02125	0.01535	0.01878	0.00980	0.74283	0.01183	0.00862	0.01183	0.00739	0.01003	0.00567	0.00356	0.00532	0.00132	0.09626	0.00435	0.00189	0.00501
5	0.00500	0.00414	0.00442	0.00430	0.00556	0.00370	0.00324	0.00680	0.06519	0.01167	0.20564	0.03327	0.61582	0.00891	0.00444	0.00126	0.00197	0.00751	0.00368	0.00347
6	0.00542	0.00404	0.00598	0.00598	0.00662	0.00468	0.00460	0.00670	0.00606	0.00872	0.01026	0.01549	0.00974	0.07823	0.80225	0.00595	0.00977	0.00415	0.00205	0.00332
7	0.02710	0.10159	0.17265	0.03362	0.08491	0.03689	0.09801	0.06721	0.09918	0.06002	0.00799	0.00933	0.00623	0.00474	0.01830	0.00132	0.16004	0.00332	0.00228	0.00525
8	0.00484	0.00373	0.00445	0.00490	0.00559	0.00344	0.00343	0.00613	0.04650	0.01045	0.07118	0.51194	0.28836	0.01061	0.00466	0.00143	0.00213	0.00937	0.00357	0.00328
9	0.04625	0.03379	0.32156	0.01034	0.08027	0.06800	0.04247	0.12592	0.08775	0.06411	0.00931	0.01004	0.02966	0.00483	0.02949	0.00131	0.00488	0.00330	0.00247	0.02425

[dist]
# distance from previous block
# <min> <max>
1	12

[block]
# block no. 9 follows, 72 sequences, length 21
# corresponding to MSA columns:
# 390-410
name=unknown_J
#
# <colnr> <probs for GDERKNQSTAVLIFYWHMCP>
#	G	D	E	R	K	N	Q	S	T	A	V	L	I	F	Y	W	H	M	C	P
0	0.06367	0.22235	0.09209	0.05587	0.07464	0.20388	0.09496	0.02328	0.02516	0.01105	0.00639	0.00774	0.00523	0.00358	0.00346	0.00102	0.02480	0.00274	0.00192	0.07618
1	0.00650	0.00544	0.00853	0.05553	0.08359	0.00549	0.10207	0.04662	0.03090	0.01094	0.01558	0.47675	0.01733	0.03902	0.00551	0.02631	0.01958	0.03747	0.00297	0.00385
2	0.35425	0.00715	0.00687	0.00577	0.00794	0.00784	0.00468	0.23373	0.01034	0.07427	0.03498	0.01003	0.00745	0.00423	0.00298	0.00109	0.00297	0.00305	0.21562	0.00475
3	0.00462	0.00330	0.00440	0.00528	0.00550	0.00308	0.00352	0.00528	0.00726	0.00968	0.02090	0.86424	0.02508	0.01188	0.00484	0.00154	0.00220	0.01078	0.00352	0.00308
4	0.00855	0.00695	0.00719	0.00651	0.00837	0.03920	0.00504	0.01503	0.46750	0.07145	0.10419	0.02053	0.21081	0.00639	0.00405	0.00126	0.00278	0.00533	0.00380	0.00506
5	0.49344	0.00693	0.00705	0.00579	0.00841	0.00717	0.00478	0.01450	0.00846	0.39525	0.00970	0.00924	0.00652	0.00406	0.00302	0.00117	0.00307	0.00286	0.00342	0.00518
6	0.00943	0.00815	0.00858	0.00772	0.00986	0.00943	0.00600	0.02015	0.83621	0.01586	0.01544	0.01415	0.01158	0.00515	0.00386	0.00129	0.00300	0.00429	0.00386	0.00600
7	0.01642	0.00672	0.00884	0.00681	0.00968	0.00605	0.00561	0.09056	0.01137	0.74220	0.01435	0.01261	0.00914	0.00467	0.00377	0.00116	0.00326	0.00377	0.03667	0.00635
8	0.04114	0.01915	0.81521	0.01059	0.01607	0.00880	0.01364	0.01198	0.00795	0.01220	0.00675	0.00794	0.00478	0.00360	0.00356	0.00120	0.00550	0.00277	0.00163	0.00555
9	0.00448	0.00384	0.00384	0.00384	0.00512	0.00320	0.00288	0.00544	0.00864	0.01025	0.03842	0.03650	0.84152	0.00960	0.00448	0.00128	0.00192	0.00800	0.00352	0.00320
10	0.01036	0.00758	0.00869	0.00660	0.00968	0.00692	0.00532	0.15323	0.13194	0.11819	0.00945	0.00963	0.00711	0.00369	0.00326	0.00084	0.00312	0.00294	0.00305	0.49841
11	0.00469	0.00337	0.00446	0.00532	0.00560	0.00314	0.00362	0.00540	0.00737	0.00978	0.02140	0.80116	0.04981	0.01175	0.00485	0.00154	0.00225	0.04788	0.00352	0.00310
12	0.16084	0.00660	0.00827	0.00646	0.00930	0.00606	0.00533	0.01728	0.01013	0.70971	0.01337	0.01180	0.00852	0.00450	0.00357	0.00117	0.00318	0.00353	0.00431	0.00607
13	0.50828	0.00705	0.00706	0.00581	0.00842	0.00737	0.00479	0.03481	0.00856	0.36047	0.00939	0.00903	0.00635	0.00403	0.00299	0.00117	0.00309	0.00282	0.00336	0.00514
14	0.00504	0.00355	0.00479	0.00541	0.00575	0.00349	0.00381	0.00573	0.00702	0.00939	0.01839	0.53892	0.04276	0.08006	0.12259	0.04827	0.00358	0.08530	0.00312	0.00303
15	0.27712	0.00932	0.09030	0.00853	0.03544	0.05527	0.04042	0.04047	0.00759	0.08930	0.00686	0.00854	0.00550	0.00612	0.05425	0.01777	0.23736	0.00298	0.00227	0.00459
16	0.00991	0.00615	0.00724	0.00624	0.00815	0.00610	0.00502	0.21755	0.01123	0.19003	0.05053	0.06378	0.23917	0.02382	0.06051	0.00164	0.00350	0.08096	0.00374	0.00474
17	0.03586	0.24743	0.03908	0.00858	0.01115	0.35258	0.02784	0.13784	0.04623	0.01207	0.00702	0.02846	0.00590	0.00409	0.00344	0.00102	0.02141	0.00283	0.00226	0.00492
18	0.01029	0.02880	0.08259	0.07063	0.30392	0.00914	0.04316	0.13740	0.13576	0.08239	0.01037	0.01122	0.03731	0.00424	0.00391	0.00118	0.01551	0.00369	0.00272	0.00577
19	0.00731	0.03122	0.13333	0.00660	0.00872	0.03699	0.00597	0.05714	0.16929	0.01406	0.30883	0.03230	0.14636	0.00657	0.00411	0.00122	0.00303	0.01900	0.00344	0.00451
20	0.00508	0.00363	0.00437	0.00474	0.00509	0.00347	0.00313	0.00561	0.00682	0.00891	0.01958	0.32256	0.14471	0.35376	0.03991	0.00252	0.00310	0.05721	0.00298	0.00282

[dist]
# distance from previous block
# <min> <max>
2	10

[block]
# block no. 10 follows, 72 sequences, length 42
# corresponding to MSA columns:
# 421-462
name=unknown_K
#
# <colnr> <probs for GDERKNQSTAVLIFYWHMCP>
#	G	D	E	R	K	N	Q	S	T	A	V	L	I	F	Y	W	H	M	C	P
0	0.00841	0.00673	0.00780	0.00582	0.00886	0.00553	0.00465	0.05598	0.05475	0.04860	0.05384	0.01097	0.04800	0.00371	0.00313	0.00073	0.00282	0.00302	0.00269	0.66398
1	0.00726	0.01736	0.03669	0.07483	0.32966	0.00676	0.00772	0.01851	0.04152	0.01173	0.07504	0.10650	0.19583	0.00633	0.00434	0.00125	0.02738	0.02395	0.00268	0.00465
2	0.02295	0.02037	0.01398	0.16918	0.56923	0.03808	0.02380	0.02030	0.00858	0.02945	0.00737	0.02319	0.00612	0.00363	0.00372	0.00114	0.00457	0.00342	0.00197	0.02896
3	0.00625	0.00501	0.00753	0.01742	0.10532	0.00518	0.03843	0.02024	0.00796	0.02057	0.11229	0.20151	0.06902	0.03094	0.22162	0.00264	0.03362	0.08775	0.00287	0.00381
4	0.00727	0.00424	0.00516	0.00472	0.00585	0.00405	0.00360	0.03752	0.00998	0.09047	0.45533	0.02161	0.02356	0.01995	0.01713	0.00121	0.00216	0.00537	0.27690	0.00390
5	0.77365	0.00721	0.00602	0.00523	0.00766	0.00811	0.00431	0.01215	0.00706	0.13033	0.00660	0.00708	0.00483	0.00368	0.00255	0.00117	0.00297	0.00229	0.00267	0.00443
