[name]
unknown

[dist]
# distance from previous block
# <min> <max>
3	427

[block]
# block no. 0 follows, 72 sequences, length 55
# corresponding to MSA columns:
# 705-749,751-760
name=unknown_A
#
# <colnr> <probs for GDERKNQSTAVLIFYWHMCP>
#	G	D	E	R	K	N	Q	S	T	A	V	L	I	F	Y	W	H	M	C	P
0	0.08596	0.12759	0.04556	0.03928	0.13145	0.11976	0.00685	0.01217	0.11117	0.02003	0.03112	0.02807	0.01745	0.02153	0.01339	0.00111	0.00404	0.00318	0.00235	0.17793
1	0.09829	0.32424	0.04819	0.00828	0.08027	0.08690	0.01478	0.04806	0.08090	0.01163	0.00807	0.06106	0.00737	0.05636	0.00407	0.00117	0.00403	0.00326	0.00223	0.05085
2	0.05280	0.46389	0.07156	0.04843	0.04808	0.08144	0.02996	0.01953	0.00817	0.01046	0.02744	0.03718	0.00647	0.00376	0.00295	0.00094	0.00425	0.00277	0.00191	0.07805
3	0.10520	0.33235	0.05372	0.00820	0.05797	0.15843	0.00684	0.07098	0.04674	0.02810	0.00680	0.01730	0.00566	0.00368	0.00298	0.00095	0.00433	0.00258	0.00217	0.08501
4	0.15719	0.51924	0.08324	0.00799	0.08101	0.02224	0.00697	0.01107	0.00761	0.01087	0.00652	0.05897	0.00607	0.00387	0.00279	0.00098	0.00395	0.00275	0.00188	0.00478
5	0.00972	0.14982	0.15216	0.01448	0.33778	0.00979	0.05393	0.03373	0.11064	0.06343	0.02345	0.00981	0.00705	0.00379	0.00358	0.00112	0.00440	0.00333	0.00230	0.00570
6	0.00768	0.00371	0.00386	0.00373	0.00474	0.00366	0.00283	0.00943	0.00813	0.06494	0.01253	0.01406	0.00970	0.00444	0.00272	0.00090	0.00186	0.00355	0.83382	0.00371
7	0.00800	0.05942	0.00860	0.00567	0.00903	0.00566	0.00462	0.00966	0.00785	0.01215	0.00665	0.00776	0.00557	0.00284	0.00279	0.00058	0.00288	0.00223	0.00221	0.83583
8	0.00819	0.00737	0.00798	0.00585	0.00908	0.05673	0.00465	0.00984	0.00811	0.01224	0.02600	0.00828	0.00627	0.00299	0.00288	0.00060	0.00303	0.00237	0.00227	0.81529
9	0.00721	0.00360	0.00368	0.00363	0.00455	0.00358	0.00273	0.00898	0.00808	0.03011	0.03467	0.01450	0.01041	0.00451	0.00272	0.00090	0.00180	0.00363	0.84712	0.00359
10	0.00552	0.00368	0.00414	0.00414	0.00414	0.00368	0.00230	0.00552	0.00552	0.00735	0.01195	0.02482	0.01379	0.86672	0.01930	0.00368	0.00368	0.00552	0.00230	0.00230
11	0.01408	0.03717	0.01095	0.00970	0.01168	0.83272	0.00731	0.01506	0.01068	0.00927	0.00585	0.00682	0.00488	0.00389	0.00340	0.00097	0.00678	0.00243	0.00195	0.00441
12	0.00707	0.00353	0.00353	0.00353	0.00442	0.00353	0.00265	0.00884	0.00795	0.01414	0.01237	0.01414	0.00972	0.00442	0.00265	0.00088	0.00177	0.00353	0.88777	0.00353
13	0.00878	0.00888	0.00789	0.04940	0.02846	0.27679	0.00651	0.01019	0.00916	0.02135	0.01461	0.13224	0.01546	0.00798	0.00448	0.00143	0.00450	0.38514	0.00289	0.00386
14	0.00489	0.04541	0.00515	0.00534	0.00571	0.00366	0.00366	0.00558	0.00728	0.00964	0.02014	0.82250	0.02410	0.01146	0.00472	0.00150	0.00229	0.01036	0.00343	0.00317
15	0.00832	0.00705	0.02923	0.00581	0.00921	0.00518	0.00479	0.01006	0.00802	0.05401	0.00715	0.00812	0.00579	0.00292	0.00288	0.00061	0.00290	0.00234	0.00235	0.82327
16	0.07270	0.05780	0.00849	0.00725	0.02157	0.25365	0.01738	0.03738	0.00959	0.10873	0.03835	0.07294	0.17309	0.00642	0.00390	0.00121	0.00408	0.09819	0.00298	0.00430
17	0.00559	0.00381	0.00448	0.00450	0.00458	0.00391	0.00274	0.00577	0.00571	0.00767	0.01211	0.02480	0.01376	0.75884	0.06935	0.00370	0.01901	0.04489	0.00233	0.00245
18	0.00851	0.01640	0.58950	0.01097	0.06381	0.03084	0.03701	0.03382	0.08236	0.03367	0.00786	0.00882	0.00571	0.00373	0.00363	0.00116	0.00512	0.00302	0.00201	0.05204
19	0.00707	0.00353	0.00353	0.00353	0.00442	0.00353	0.00265	0.00884	0.00795	0.01414	0.01237	0.01414	0.00972	0.00442	0.00265	0.00088	0.00177	0.00353	0.88777	0.00353
20	0.00976	0.00886	0.01335	0.01670	0.46502	0.02182	0.07048	0.09576	0.15776	0.02861	0.02592	0.01196	0.04826	0.00421	0.00388	0.00117	0.00418	0.00391	0.00260	0.00579
21	0.00892	0.01014	0.02186	0.01569	0.01934	0.00969	0.78935	0.01200	0.00880	0.01200	0.00754	0.01014	0.00572	0.00336	0.00486	0.00130	0.04790	0.00442	0.00191	0.00507
22	0.00549	0.00376	0.00454	0.00454	0.00469	0.00390	0.00281	0.00578	0.00564	0.00766	0.01158	0.02275	0.01289	0.69221	0.19258	0.00418	0.00503	0.00521	0.00224	0.00252
23	0.05749	0.00995	0.01078	0.00830	0.01129	0.01085	0.00686	0.69136	0.01643	0.12397	0.00963	0.00943	0.00669	0.00452	0.00373	0.00114	0.00400	0.00340	0.00383	0.00634
24	0.00992	0.06350	0.17635	0.03504	0.15195	0.02016	0.15198	0.09290	0.12993	0.07648	0.02142	0.01131	0.00766	0.00416	0.00385	0.00120	0.00465	0.02937	0.00258	0.00560
25	0.00707	0.00353	0.00353	0.00353	0.00442	0.00353	0.00265	0.00884	0.00795	0.01414	0.01237	0.01414	0.00972	0.00442	0.00265	0.00088	0.00177	0.00353	0.88777	0.00353
26	0.01346	0.07722	0.01143	0.06133	0.01246	0.74117	0.00746	0.01454	0.01034	0.00928	0.00587	0.00699	0.00489	0.00385	0.00337	0.00098	0.00653	0.00247	0.00191	0.00442
27	0.00991	0.01234	0.28439	0.00920	0.03191	0.00896	0.03617	0.23809	0.12770	0.02449	0.00935	0.00984	0.02193	0.00405	0.00361	0.00109	0.00427	0.00326	0.00272	0.15671
28	0.00680	0.00549	0.00568	0.00553	0.00608	0.09862	0.00381	0.00743	0.00652	0.03603	0.01107	0.04593	0.01159	0.43776	0.29137	0.00402	0.00611	0.00480	0.00229	0.00305
29	0.01087	0.09072	0.01028	0.00815	0.01039	0.21427	0.00642	0.05450	0.52223	0.01398	0.01188	0.01140	0.00910	0.00464	0.00362	0.00116	0.00408	0.00359	0.00319	0.00553
30	0.89350	0.00733	0.00557	0.00499	0.00733	0.00851	0.00411	0.01115	0.00645	0.01702	0.00528	0.00616	0.00411	0.00352	0.00235	0.00117	0.00293	0.00205	0.00235	0.00411
31	0.00738	0.00709	0.01199	0.37715	0.03917	0.02341	0.15647	0.00954	0.00787	0.01037	0.00995	0.07596	0.00941	0.01527	0.01735	0.00148	0.08190	0.13187	0.00216	0.00419
32	0.00707	0.00353	0.00353	0.00353	0.00442	0.00353	0.00265	0.00884	0.00795	0.01414	0.01237	0.01414	0.00972	0.00442	0.00265	0.00088	0.00177	0.00353	0.88777	0.00353
33	0.02436	0.17984	0.60701	0.00954	0.01424	0.00982	0.01170	0.01149	0.00791	0.01141	0.01975	0.00883	0.03197	0.00389	0.00369	0.00114	0.03352	0.00288	0.00172	0.00528
34	0.00707	0.00353	0.00353	0.00353	0.00442	0.00353	0.00265	0.00884	0.00795	0.01414	0.01237	0.01414	0.00972	0.00442	0.00265	0.00088	0.00177	0.00353	0.88777	0.00353
35	0.00628	0.00553	0.00807	0.17808	0.02755	0.00528	0.06860	0.00790	0.00810	0.01082	0.03715	0.17061	0.21621	0.00685	0.00409	0.00120	0.00325	0.04831	0.00275	0.18337
36	0.01019	0.30290	0.18788	0.00728	0.01100	0.00954	0.00742	0.04097	0.00864	0.13664	0.00757	0.00809	0.00579	0.00347	0.00303	0.00089	0.00393	0.00257	0.00232	0.23989
37	0.89350	0.00733	0.00557	0.00499	0.00733	0.00851	0.00411	0.01115	0.00645	0.01702	0.00528	0.00616	0.00411	0.00352	0.00235	0.00117	0.00293	0.00205	0.00235	0.00411
38	0.00550	0.00372	0.00436	0.00436	0.00444	0.00380	0.00258	0.00566	0.00558	0.00752	0.01174	0.02368	0.01329	0.77068	0.11466	0.00395	0.00442	0.00535	0.00227	0.00242
39	0.73641	0.01900	0.00632	0.00537	0.00779	0.00836	0.00442	0.02171	0.04556	0.10586	0.00683	0.00729	0.00506	0.00373	0.00259	0.00117	0.00300	0.00236	0.00268	0.00448
40	0.87117	0.00742	0.00572	0.00508	0.00745	0.00859	0.00419	0.03196	0.00674	0.01719	0.00538	0.00624	0.00417	0.00355	0.00238	0.00117	0.00297	0.00209	0.00238	0.00417
41	0.00948	0.35786	0.12147	0.00807	0.01117	0.06122	0.08559	0.02573	0.02408	0.05394	0.02402	0.07103	0.00837	0.00454	0.00336	0.00104	0.00428	0.05003	0.00224	0.07248
42	0.01050	0.79205	0.01905	0.00679	0.00991	0.09065	0.00657	0.01170	0.00798	0.00896	0.00533	0.00615	0.00487	0.00330	0.00252	0.00083	0.00431	0.00207	0.00165	0.00482
43	0.00707	0.00353	0.00353	0.00353	0.00442	0.00353	0.00265	0.00884	0.00795	0.01414	0.01237	0.01414	0.00972	0.00442	0.00265	0.00088	0.00177	0.00353	0.88777	0.00353
44	0.04231	0.00954	0.01057	0.00839	0.02606	0.01029	0.00677	0.63004	0.01589	0.14378	0.04064	0.02033	0.00810	0.00472	0.00379	0.00115	0.00389	0.00364	0.00386	0.00622
45	0.06212	0.03341	0.31708	0.00999	0.07060	0.00795	0.09983	0.05118	0.07063	0.02996	0.09754	0.05886	0.06461	0.00498	0.00385	0.00122	0.00428	0.00432	0.00254	0.00505
46	0.00861	0.00672	0.00794	0.00571	0.00904	0.00510	0.00458	0.01027	0.00811	0.07992	0.00741	0.00827	0.00592	0.00296	0.00289	0.00061	0.00284	0.00237	0.00245	0.81827
47	0.00538	0.00360	0.00478	0.00524	0.00576	0.00333	0.00366	0.00637	0.00829	0.04850	0.22208	0.60984	0.02697	0.01053	0.00471	0.00144	0.00216	0.02026	0.00373	0.00336
48	0.00707	0.00353	0.00353	0.00353	0.00442	0.00353	0.00265	0.00884	0.00795	0.01414	0.01237	0.01414	0.00972	0.00442	0.00265	0.00088	0.00177	0.00353	0.88777	0.00353
49	0.89350	0.00733	0.00557	0.00499	0.00733	0.00851	0.00411	0.01115	0.00645	0.01702	0.00528	0.00616	0.00411	0.00352	0.00235	0.00117	0.00293	0.00205	0.00235	0.00411
50	0.29753	0.00831	0.00874	0.00693	0.00971	0.00885	0.00572	0.32288	0.01208	0.26907	0.00964	0.00930	0.00658	0.00426	0.00334	0.00116	0.00349	0.00310	0.00360	0.00570
51	0.00468	0.00337	0.00447	0.00529	0.00557	0.00312	0.00354	0.00536	0.00727	0.00973	0.02062	0.84737	0.02470	0.01170	0.00480	0.00152	0.00221	0.01061	0.00350	0.02055
52	0.11487	0.08469	0.02861	0.00802	0.01986	0.03192	0.03916	0.35804	0.03834	0.16709	0.00921	0.00922	0.00656	0.00414	0.00346	0.00109	0.00391	0.00316	0.00331	0.06533
53	0.00923	0.48641	0.06207	0.11657	0.07393	0.02191	0.03385	0.03394	0.00810	0.01015	0.00713	0.05067	0.01704	0.00396	0.00324	0.00099	0.02111	0.00301	0.00186	0.03481
54	0.54409	0.17905	0.04542	0.02461	0.00880	0.02711	0.00527	0.01123	0.01889	0.02562	0.00626	0.03518	0.00528	0.00377	0.00262	0.00108	0.00338	0.00247	0.00224	0.04764

[dist]
# distance from previous block
# <min> <max>
1	12

[block]
# block no. 1 follows, 72 sequences, length 6
# corresponding to MSA columns:
# 773-778
name=unknown_B
#
# <colnr> <probs for GDERKNQSTAVLIFYWHMCP>
#	G	D	E	R	K	N	Q	S	T	A	V	L	I	F	Y	W	H	M	C	P
0	0.03011	0.10406	0.04642	0.23003	0.11619	0.25519	0.03912	0.01168	0.00852	0.01010	0.00669	0.02716	0.00568	0.00489	0.03333	0.00131	0.05995	0.00313	0.00185	0.00459
1	0.00729	0.00674	0.01074	0.70359	0.02302	0.00782	0.00944	0.00966	0.00763	0.01017	0.00674	0.00971	0.00516	0.00361	0.00361	0.00114	0.00465	0.00317	0.00179	0.16432
2	0.16823	0.00677	0.00754	0.00579	0.00869	0.00592	0.00471	0.01007	0.00769	0.04514	0.00747	0.00972	0.00637	0.00359	0.00328	0.00081	0.03662	0.04781	0.00241	0.61139
3	0.03189	0.00574	0.00797	0.17735	0.06916	0.00569	0.02905	0.02273	0.02616	0.04726	0.07386	0.11657	0.17869	0.03366	0.00449	0.00127	0.00326	0.03504	0.00285	0.12730
4	0.00714	0.00648	0.01072	0.64253	0.08285	0.00773	0.00981	0.00950	0.00787	0.01019	0.00918	0.01596	0.00816	0.00497	0.00405	0.00134	0.00473	0.15055	0.00203	0.00421
5	0.06238	0.11644	0.23373	0.01121	0.15867	0.07607	0.03115	0.06339	0.05510	0.04225	0.00741	0.00845	0.00574	0.00369	0.00355	0.00107	0.02121	0.00289	0.00217	0.09341

[dist]
# distance from previous block
# <min> <max>
4	12

[block]
# block no. 2 follows, 72 sequences, length 27
# corresponding to MSA columns:
# 793-800,808-826
name=unknown_C
#
# <colnr> <probs for GDERKNQSTAVLIFYWHMCP>
#	G	D	E	R	K	N	Q	S	T	A	V	L	I	F	Y	W	H	M	C	P
0	0.01951	0.16874	0.23839	0.01040	0.08872	0.00946	0.09776	0.04993	0.03284	0.09943	0.07448	0.02235	0.00872	0.00435	0.00409	0.00116	0.04896	0.01300	0.00242	0.00528
1	0.00707	0.00353	0.00353	0.00353	0.00442	0.00353	0.00265	0.00884	0.00795	0.01414	0.01237	0.01414	0.00972	0.00442	0.00265	0.00088	0.00177	0.00353	0.88777	0.00353
2	0.02796	0.24432	0.21519	0.03884	0.22203	0.02705	0.00968	0.09262	0.02573	0.03998	0.01894	0.00852	0.00601	0.00368	0.00334	0.00107	0.00454	0.00291	0.00210	0.00550
3	0.01034	0.34737	0.12946	0.00828	0.04556	0.08173	0.01982	0.10057	0.00934	0.04243	0.01709	0.00777	0.00577	0.00353	0.00305	0.00091	0.00430	0.00258	0.00215	0.15795
4	0.89350	0.00733	0.00557	0.00499	0.00733	0.00851	0.00411	0.01115	0.00645	0.01702	0.00528	0.00616	0.00411	0.00352	0.00235	0.00117	0.00293	0.00205	0.00235	0.00411
5	0.00659	0.00329	0.00494	0.00494	0.00494	0.00329	0.00329	0.00494	0.00494	0.00659	0.00659	0.01153	0.00659	0.01318	0.01482	0.88966	0.00329	0.00329	0.00165	0.00165
6	0.41304	0.10569	0.10024	0.00753	0.04234	0.02193	0.00657	0.19941	0.03451	0.02739	0.00683	0.00749	0.00518	0.00380	0.00296	0.00113	0.00375	0.00259	0.00257	0.00506
7	0.86160	0.00745	0.00578	0.00512	0.00750	0.00863	0.00422	0.04088	0.00687	0.01727	0.00542	0.00627	0.00419	0.00356	0.00240	0.00117	0.00298	0.00210	0.00240	0.00419
8	0.00456	0.00384	0.00395	0.00392	0.00517	0.00323	0.00294	0.00559	0.00882	0.01067	0.10675	0.03580	0.77293	0.00945	0.00448	0.00127	0.00191	0.00791	0.00358	0.00323
9	0.01383	0.01758	0.01051	0.00956	0.01149	0.82183	0.00717	0.01480	0.01067	0.00932	0.00700	0.00788	0.03414	0.00411	0.00346	0.00099	0.00667	0.00264	0.00201	0.00435
10	0.00707	0.00353	0.00353	0.00353	0.00442	0.00353	0.00265	0.00884	0.00795	0.01414	0.01237	0.01414	0.00972	0.00442	0.00265	0.00088	0.00177	0.00353	0.88777	0.00353
11	0.01401	0.05194	0.01111	0.00964	0.01165	0.81820	0.00729	0.01499	0.01063	0.00927	0.00584	0.00681	0.00488	0.00388	0.00338	0.00097	0.00673	0.00243	0.00194	0.00442
12	0.00507	0.00382	0.00475	0.00514	0.00591	0.00354	0.00385	0.00639	0.02328	0.01129	0.18411	0.33552	0.23647	0.01014	0.00473	0.00144	0.00228	0.14531	0.00365	0.00333
13	0.00707	0.00353	0.00353	0.00353	0.00442	0.00353	0.00265	0.00884	0.00795	0.01414	0.01237	0.01414	0.00972	0.00442	0.00265	0.00088	0.00177	0.00353	0.88777	0.00353
14	0.00849	0.01273	0.31286	0.01080	0.04260	0.05706	0.16590	0.02945	0.17706	0.01277	0.03409	0.05834	0.00892	0.00534	0.03017	0.00140	0.00503	0.01931	0.00242	0.00525
15	0.00904	0.08722	0.41427	0.06657	0.01482	0.07559	0.06720	0.08164	0.03660	0.02643	0.03156	0.01918	0.01701	0.00419	0.00379	0.00118	0.01653	0.01981	0.00213	0.00524
16	0.01014	0.86900	0.01987	0.00649	0.00973	0.01501	0.00649	0.01136	0.00771	0.00892	0.00527	0.00608	0.00487	0.00324	0.00243	0.00081	0.00406	0.00203	0.00162	0.00487
17	0.01169	0.16367	0.09461	0.00875	0.02333	0.04919	0.06799	0.31018	0.02417	0.09476	0.00873	0.01012	0.00680	0.06424	0.02979	0.00142	0.01890	0.00335	0.00284	0.00546
18	0.00854	0.00502	0.00641	0.00554	0.00704	0.00475	0.00432	0.08692	0.01143	0.18123	0.59839	0.02345	0.02777	0.00684	0.00428	0.00118	0.00230	0.00593	0.00424	0.00442
19	0.00707	0.00353	0.00353	0.00353	0.00442	0.00353	0.00265	0.00884	0.00795	0.01414	0.01237	0.01414	0.00972	0.00442	0.00265	0.00088	0.00177	0.00353	0.88777	0.00353
20	0.01032	0.69965	0.01899	0.03384	0.01120	0.08932	0.07036	0.01171	0.00807	0.00923	0.00556	0.00660	0.00494	0.00332	0.00272	0.00088	0.00452	0.00230	0.00168	0.00482
21	0.01406	0.03455	0.01055	0.04189	0.03349	0.02372	0.04968	0.21455	0.02293	0.42075	0.03036	0.01210	0.03070	0.00458	0.00379	0.00114	0.00374	0.00377	0.00384	0.03981
22	0.00547	0.00367	0.00423	0.00433	0.00439	0.00366	0.00254	0.00559	0.00577	0.00769	0.01295	0.08998	0.01497	0.76793	0.01765	0.00344	0.00356	0.03735	0.00244	0.00240
23	0.00593	0.00424	0.00570	0.00626	0.00704	0.00421	0.00517	0.00763	0.02656	0.01154	0.14812	0.07852	0.02309	0.10208	0.00658	0.00185	0.00317	0.54539	0.00348	0.00341
24	0.00806	0.07990	0.00888	0.00569	0.00905	0.00590	0.00466	0.00970	0.00785	0.01207	0.00662	0.00771	0.00555	0.00285	0.00278	0.00058	0.00291	0.00223	0.00219	0.81481
25	0.14423	0.31671	0.30552	0.00835	0.03074	0.01116	0.00889	0.09520	0.00874	0.01297	0.02252	0.00758	0.00552	0.00364	0.00304	0.00105	0.00440	0.00257	0.00200	0.00517
26	0.58016	0.07208	0.02374	0.00647	0.04948	0.02303	0.00511	0.04573	0.00750	0.02855	0.00592	0.00682	0.00467	0.00347	0.00261	0.00106	0.00325	0.00225	0.00233	0.12577

[dist]
# distance from previous block
# <min> <max>
2	5

[block]
# block no. 3 follows, 72 sequences, length 43
# corresponding to MSA columns:
# 832-874
name=unknown_D
#
# <colnr> <probs for GDERKNQSTAVLIFYWHMCP>
#	G	D	E	R	K	N	Q	S	T	A	V	L	I	F	Y	W	H	M	C	P
0	0.78900	0.00723	0.00596	0.00520	0.00761	0.00816	0.00428	0.01202	0.00698	0.11582	0.00644	0.00697	0.00474	0.00366	0.00252	0.00117	0.00297	0.00226	0.00263	0.00439
1	0.00923	0.00767	0.00824	0.00737	0.00941	0.00872	0.00574	0.04040	0.69916	0.03267	0.11370	0.01568	0.01428	0.00543	0.00393	0.00127	0.00289	0.00456	0.00391	0.00573
2	0.00707	0.00353	0.00353	0.00353	0.00442	0.00353	0.00265	0.00884	0.00795	0.01414	0.01237	0.01414	0.00972	0.00442	0.00265	0.00088	0.00177	0.00353	0.88777	0.00353
3	0.00702	0.00662	0.00694	0.00677	0.00768	0.15935	0.00521	0.00830	0.00694	0.00889	0.00937	0.01343	0.00864	0.02396	0.69680	0.00516	0.00955	0.00377	0.00202	0.00357
4	0.00911	0.00868	0.01418	0.11314	0.55796	0.00909	0.05689	0.01279	0.14257	0.01259	0.00843	0.01027	0.00677	0.00375	0.00395	0.00118	0.01716	0.00359	0.00218	0.00573
5	0.21430	0.04938	0.08232	0.02640	0.03756	0.34999	0.04714	0.11013	0.02720	0.01339	0.00651	0.00748	0.00510	0.00381	0.00327	0.00108	0.00520	0.00267	0.00225	0.00481
6	0.89350	0.00733	0.00557	0.00499	0.00733	0.00851	0.00411	0.01115	0.00645	0.01702	0.00528	0.00616	0.00411	0.00352	0.00235	0.00117	0.00293	0.00205	0.00235	0.00411
7	0.00578	0.00432	0.00560	0.00631	0.03954	0.00406	0.00491	0.00722	0.00882	0.02760	0.09155	0.08238	0.29230	0.00965	0.00482	0.00150	0.00280	0.39377	0.00352	0.00354
8	0.00533	0.00392	0.00443	0.00453	0.00565	0.00340	0.00340	0.00635	0.00861	0.05455	0.07341	0.19006	0.54732	0.00974	0.00457	0.00135	0.00214	0.06423	0.00361	0.00339
9	0.00554	0.00392	0.00508	0.00476	0.00571	0.00360	0.00358	0.00728	0.01064	0.02999	0.78799	0.02844	0.07358	0.00779	0.00446	0.00120	0.00182	0.00686	0.00415	0.00361
10	0.01209	0.02964	0.01238	0.04111	0.26315	0.50692	0.00877	0.01350	0.00967	0.01022	0.00621	0.00778	0.00523	0.00389	0.00403	0.00107	0.05476	0.00280	0.00190	0.00487
11	0.00993	0.01109	0.09429	0.06785	0.49657	0.10071	0.08044	0.07067	0.00943	0.01266	0.00713	0.00907	0.00573	0.00355	0.00377	0.00114	0.00503	0.00332	0.00199	0.00564
12	0.00752	0.00687	0.00611	0.00590	0.00684	0.15944	0.00422	0.07357	0.00882	0.01073	0.08768	0.18280	0.12753	0.24667	0.00845	0.00194	0.00361	0.04486	0.00297	0.00345
13	0.00757	0.00723	0.00940	0.00829	0.00865	0.05779	0.02858	0.00844	0.00619	0.00884	0.00740	0.01250	0.00746	0.15880	0.19082	0.00290	0.45972	0.00383	0.00187	0.00371
14	0.00924	0.01037	0.03826	0.01519	0.01886	0.00979	0.72902	0.06297	0.00936	0.01276	0.00764	0.01004	0.00575	0.00343	0.00473	0.00128	0.03981	0.00433	0.00202	0.00517
15	0.34801	0.00606	0.00618	0.00612	0.00778	0.03094	0.00514	0.01017	0.00803	0.09091	0.01396	0.04363	0.04004	0.00736	0.01731	0.00150	0.00338	0.34637	0.00310	0.00401
16	0.00707	0.00353	0.00353	0.00353	0.00442	0.00353	0.00265	0.00884	0.00795	0.01414	0.01237	0.01414	0.00972	0.00442	0.00265	0.00088	0.00177	0.00353	0.88777	0.00353
17	0.01142	0.56033	0.03909	0.00771	0.01058	0.29577	0.00697	0.01265	0.00874	0.00913	0.00551	0.00639	0.00487	0.00348	0.00280	0.00088	0.00503	0.00219	0.00173	0.00473
18	0.00531	0.00387	0.00498	0.00471	0.00563	0.00355	0.00353	0.00704	0.01059	0.01486	0.78469	0.02890	0.09236	0.00788	0.00447	0.00120	0.00180	0.00694	0.00413	0.00355
19	0.00925	0.00795	0.00841	0.00758	0.00967	0.00916	0.00589	0.01955	0.79804	0.01583	0.05361	0.01481	0.01270	0.00527	0.00389	0.00128	0.00295	0.00441	0.00387	0.00589
20	0.01417	0.01808	0.01075	0.00977	0.01172	0.85149	0.00733	0.01514	0.01075	0.00928	0.00586	0.00684	0.00489	0.00391	0.00342	0.00098	0.00684	0.00244	0.00195	0.00440
21	0.00899	0.03287	0.27197	0.10127	0.18364	0.00822	0.04838	0.04807	0.02718	0.06868	0.03457	0.00972	0.00677	0.00372	0.00361	0.00109	0.00452	0.00322	0.00221	0.13131
22	0.00938	0.00904	0.01555	0.02311	0.82416	0.00902	0.03041	0.01165	0.00864	0.01238	0.00715	0.00941	0.00600	0.00337	0.00377	0.00113	0.00455	0.00340	0.00188	0.00599
23	0.00448	0.00384	0.00384	0.00384	0.00512	0.00320	0.00288	0.00544	0.00864	0.01025	0.03842	0.03650	0.84152	0.00960	0.00448	0.00128	0.00192	0.00800	0.00352	0.00320
24	0.00487	0.00372	0.00468	0.00523	0.02605	0.00337	0.00356	0.00591	0.00846	0.01116	0.21291	0.43265	0.24330	0.01012	0.00463	0.00138	0.00209	0.00897	0.00363	0.00330
25	0.01029	0.12734	0.28406	0.01146	0.05758	0.00995	0.21453	0.13209	0.00995	0.09504	0.00797	0.00902	0.00580	0.00369	0.00372	0.00115	0.00510	0.00333	0.00232	0.00561
26	0.00476	0.00388	0.00423	0.00432	0.00542	0.00339	0.00322	0.00599	0.02286	0.01096	0.14019	0.13261	0.59529	0.00959	0.00454	0.00132	0.00201	0.03851	0.00361	0.00330
27	0.00462	0.00330	0.00440	0.00528	0.00550	0.00308	0.00352	0.00528	0.00726	0.00968	0.02090	0.86424	0.02508	0.01188	0.00484	0.00154	0.00220	0.01078	0.00352	0.00308
28	0.09874	0.15682	0.02966	0.01174	0.21810	0.30315	0.00783	0.01252	0.00886	0.01111	0.00611	0.00743	0.00515	0.00357	0.00335	0.00098	0.02171	0.00257	0.00193	0.08866
29	0.75527	0.06168	0.00707	0.00588	0.02907	0.06723	0.00467	0.01145	0.00688	0.01586	0.00537	0.00629	0.00426	0.00353	0.00246	0.00114	0.00331	0.00211	0.00226	0.00422
30	0.00989	0.02936	0.03234	0.06635	0.52164	0.00895	0.13445	0.04694	0.00913	0.07620	0.00807	0.02522	0.00649	0.00368	0.00386	0.00116	0.00468	0.00367	0.00219	0.00574
31	0.00733	0.00668	0.01022	0.01402	0.42321	0.00643	0.02032	0.02905	0.00882	0.01185	0.05127	0.09335	0.27807	0.00632	0.00411	0.00121	0.00336	0.00565	0.00269	0.01601
32	0.00822	0.00673	0.00790	0.00566	0.00902	0.00508	0.00454	0.00990	0.00798	0.04514	0.00706	0.00806	0.00577	0.00288	0.00285	0.00059	0.00283	0.00231	0.00234	0.85515
33	0.00885	0.01042	0.04858	0.04332	0.01992	0.00953	0.77627	0.01206	0.00888	0.01206	0.00761	0.01015	0.00570	0.00323	0.00443	0.00128	0.00632	0.00439	0.00190	0.00510
34	0.00740	0.00434	0.00564	0.00505	0.00635	0.00391	0.00388	0.00907	0.01058	0.16524	0.62491	0.02621	0.09776	0.00735	0.00435	0.00120	0.00206	0.00640	0.00421	0.00407
35	0.01001	0.00843	0.00890	0.00783	0.01008	0.00970	0.00614	0.11351	0.74191	0.01679	0.01471	0.01357	0.01099	0.00508	0.00385	0.00127	0.00314	0.00419	0.00385	0.00605
36	0.00552	0.00368	0.00414	0.00414	0.00414	0.00368	0.00230	0.00552	0.00552	0.00735	0.01195	0.02482	0.01379	0.86672	0.01930	0.00368	0.00368	0.00552	0.00230	0.00230
37	0.05980	0.00944	0.01039	0.00820	0.01079	0.02108	0.00674	0.52639	0.05137	0.13496	0.01043	0.01040	0.03138	0.00488	0.00456	0.00120	0.08485	0.00355	0.00361	0.00597
38	0.00707	0.00353	0.00353	0.00353	0.00442	0.00353	0.00265	0.00884	0.00795	0.01414	0.01237	0.01414	0.00972	0.00442	0.00265	0.00088	0.00177	0.00353	0.88777	0.00353
39	0.01243	0.35476	0.01455	0.00884	0.03772	0.44299	0.00713	0.06175	0.00989	0.01010	0.00586	0.00676	0.00501	0.00367	0.00306	0.00093	0.00550	0.00237	0.00193	0.00476
40	0.03853	0.00946	0.02443	0.15578	0.57069	0.07627	0.01069	0.03625	0.00886	0.02318	0.00707	0.00922	0.00574	0.00355	0.00369	0.00114	0.00472	0.00326	0.00196	0.00554
41	0.01056	0.03779	0.05297	0.02250	0.07867	0.07400	0.00714	0.13549	0.40423	0.05216	0.01185	0.03341	0.00914	0.00476	0.00388	0.00119	0.01837	0.00384	0.00326	0.03478
42	0.02758	0.12313	0.05365	0.00862	0.05969	0.09341	0.00694	0.20407	0.10494	0.22256	0.02082	0.01974	0.02905	0.00453	0.00359	0.00112	0.00402	0.00351	0.00330	0.00573

[dist]
# distance from previous block
# <min> <max>
0	8

[block]
# block no. 4 follows, 72 sequences, length 27
# corresponding to MSA columns:
# 883-909
name=unknown_E
#
# <colnr> <probs for GDERKNQSTAVLIFYWHMCP>
#	G	D	E	R	K	N	Q	S	T	A	V	L	I	F	Y	W	H	M	C	P
0	0.13581	0.03533	0.32656	0.01087	0.10447	0.06743	0.07087	0.04175	0.06561	0.09445	0.00805	0.00887	0.00588	0.00379	0.00351	0.00117	0.00475	0.00306	0.00232	0.00544
1	0.02210	0.03608	0.25938	0.00971	0.04002	0.09401	0.07938	0.07545	0.12937	0.09599	0.03817	0.04463	0.01897	0.00477	0.00384	0.00121	0.00458	0.03426	0.00274	0.00535
2	0.00707	0.00353	0.00353	0.00353	0.00442	0.00353	0.00265	0.00884	0.00795	0.01414	0.01237	0.01414	0.00972	0.00442	0.00265	0.00088	0.00177	0.00353	0.88777	0.00353
3	0.01216	0.28272	0.01317	0.00836	0.01061	0.49729	0.00678	0.03238	0.00955	0.00944	0.00617	0.00759	0.00542	0.02615	0.05598	0.00131	0.00604	0.00251	0.00191	0.00448
4	0.00545	0.00365	0.00415	0.00422	0.00423	0.00364	0.00238	0.00550	0.00564	0.00751	0.01256	0.08247	0.01456	0.80800	0.01831	0.00353	0.00358	0.00588	0.00238	0.00235
5	0.00895	0.01023	0.02238	0.01598	0.01982	0.00959	0.82928	0.01215	0.00895	0.01215	0.00767	0.01023	0.00575	0.00320	0.00448	0.00128	0.00639	0.00448	0.00192	0.00512
6	0.00545	0.00365	0.00415	0.00422	0.00423	0.00364	0.00238	0.00550	0.00564	0.00751	0.01256	0.08247	0.01456	0.80800	0.01831	0.00353	0.00358	0.00588	0.00238	0.00235
7	0.00659	0.00329	0.00494	0.00494	0.00494	0.00329	0.00329	0.00494	0.00494	0.00659	0.00659	0.01153	0.00659	0.01318	0.01482	0.88966	0.00329	0.00329	0.00165	0.00165
8	0.00508	0.00422	0.00449	0.00436	0.00564	0.00381	0.00329	0.00704	0.08031	0.01169	0.19228	0.03299	0.61361	0.00886	0.00443	0.00126	0.00199	0.00746	0.00368	0.00352
9	0.01131	0.54009	0.05275	0.00796	0.01121	0.08477	0.09064	0.01288	0.00859	0.13750	0.00712	0.00770	0.00565	0.00353	0.00299	0.00095	0.00447	0.00262	0.00215	0.00513
10	0.00830	0.01415	0.38109	0.04878	0.03919	0.00919	0.41967	0.01197	0.00848	0.01199	0.00724	0.00924	0.00532	0.00340	0.00405	0.00124	0.00595	0.00367	0.00177	0.00531
11	0.00667	0.04670	0.05693	0.09308	0.18690	0.01772	0.00666	0.00853	0.00908	0.01219	0.26866	0.04813	0.19684	0.00651	0.00412	0.00120	0.00316	0.01971	0.00297	0.00425
12	0.00761	0.01962	0.84707	0.01081	0.01641	0.00881	0.01401	0.01201	0.00801	0.01201	0.00681	0.00801	0.00480	0.00360	0.00360	0.00120	0.00560	0.00280	0.00160	0.00560
13	0.01442	0.01062	0.01138	0.00873	0.01176	0.01176	0.00721	0.83041	0.01783	0.02390	0.00911	0.00911	0.00645	0.00455	0.00379	0.00114	0.00417	0.00341	0.00379	0.00645
14	0.00552	0.00368	0.00414	0.00414	0.00414	0.00368	0.00230	0.00552	0.00552	0.00735	0.01195	0.02482	0.01379	0.86672	0.01930	0.00368	0.00368	0.00552	0.00230	0.00230
15	0.00543	0.00402	0.00588	0.00588	0.00648	0.00462	0.00447	0.00664	0.00603	0.00865	0.01035	0.01598	0.00995	0.11992	0.76085	0.00583	0.00945	0.00422	0.00206	0.00327
16	0.00707	0.00353	0.00353	0.00353	0.00442	0.00353	0.00265	0.00884	0.00795	0.01414	0.01237	0.01414	0.00972	0.00442	0.00265	0.00088	0.00177	0.00353	0.88777	0.00353
17	0.46566	0.26468	0.08085	0.00750	0.07774	0.01057	0.00633	0.02870	0.00738	0.01396	0.00564	0.00662	0.00460	0.00346	0.00262	0.00106	0.00365	0.00225	0.00206	0.00466
18	0.00471	0.00334	0.00437	0.00517	0.00536	0.00314	0.00340	0.00530	0.00708	0.00945	0.02000	0.77954	0.02394	0.09814	0.00630	0.00176	0.00235	0.01025	0.00340	0.00300
19	0.01209	0.36125	0.06227	0.00810	0.01114	0.16816	0.00729	0.27584	0.03637	0.01419	0.00701	0.00755	0.00558	0.00387	0.00316	0.00098	0.00467	0.00266	0.00245	0.00537
20	0.02155	0.06284	0.15889	0.05371	0.17224	0.11076	0.04392	0.08613	0.21529	0.02378	0.00913	0.00988	0.00698	0.00405	0.00365	0.00116	0.00462	0.00335	0.00252	0.00557
21	0.00707	0.00353	0.00353	0.00353	0.00442	0.00353	0.00265	0.00884	0.00795	0.01414	0.01237	0.01414	0.00972	0.00442	0.00265	0.00088	0.00177	0.00353	0.88777	0.00353
22	0.01055	0.17789	0.16400	0.03184	0.11765	0.06278	0.06518	0.10417	0.08572	0.09391	0.03423	0.01007	0.01744	0.00405	0.00355	0.00111	0.00449	0.00332	0.00254	0.00549
23	0.00577	0.00375	0.00446	0.00450	0.00467	0.00374	0.00272	0.00599	0.00594	0.03456	0.01299	0.12401	0.01469	0.67676	0.07691	0.00352	0.00395	0.00599	0.00250	0.00260
24	0.00953	0.27710	0.27599	0.00974	0.02522	0.09272	0.11773	0.05241	0.04339	0.01171	0.04538	0.00887	0.00677	0.00377	0.00340	0.00107	0.00498	0.00304	0.00201	0.00517
25	0.00723	0.00485	0.00676	0.00632	0.00722	0.00548	0.00491	0.00879	0.03878	0.11117	0.03089	0.01579	0.03089	0.09840	0.52290	0.00445	0.08455	0.00427	0.00251	0.00383
26	0.01085	0.67116	0.05026	0.00726	0.01049	0.07730	0.03311	0.02542	0.00837	0.06689	0.00618	0.00687	0.00523	0.00343	0.00274	0.00088	0.00435	0.00231	0.00190	0.00500

[dist]
# distance from previous block
# <min> <max>
0	4

[block]
# block no. 5 follows, 72 sequences, length 49
# corresponding to MSA columns:
# 914-962
name=unknown_F
#
# <colnr> <probs for GDERKNQSTAVLIFYWHMCP>
#	G	D	E	R	K	N	Q	S	T	A	V	L	I	F	Y	W	H	M	C	P
0	0.11834	0.07738	0.01236	0.01141	0.18204	0.05697	0.07294	0.18137	0.13897	0.08839	0.00909	0.00964	0.00684	0.00407	0.00364	0.00115	0.01357	0.00333	0.00287	0.00563
1	0.06402	0.01747	0.01045	0.00950	0.01148	0.80369	0.00715	0.01492	0.01050	0.00972	0.00583	0.00680	0.00484	0.00389	0.00336	0.00099	0.00662	0.00242	0.00198	0.00438
2	0.06630	0.00875	0.00914	0.00804	0.03179	0.05937	0.02579	0.20880	0.37331	0.03295	0.04826	0.01415	0.07642	0.00545	0.01338	0.00127	0.00357	0.00420	0.00352	0.00553
3	0.01080	0.00869	0.00926	0.00791	0.01024	0.00984	0.00626	0.28575	0.52010	0.01816	0.01366	0.06069	0.01066	0.00533	0.00389	0.00125	0.00334	0.00437	0.00382	0.00598
4	0.00833	0.00903	0.06741	0.05831	0.02020	0.03251	0.07069	0.03875	0.00696	0.01013	0.00674	0.06056	0.00653	0.02873	0.00985	0.00158	0.55361	0.00386	0.00189	0.00432
5	0.00564	0.00422	0.00622	0.00616	0.00689	0.00491	0.00480	0.02671	0.00638	0.00917	0.01013	0.01476	0.00941	0.02787	0.83117	0.00598	0.01001	0.00405	0.00207	0.00346
6	0.01064	0.06107	0.08372	0.06660	0.25298	0.25983	0.03135	0.02778	0.08219	0.02287	0.01778	0.00904	0.00631	0.00398	0.00405	0.00113	0.04826	0.00313	0.00212	0.00518
7	0.00707	0.00353	0.00353	0.00353	0.00442	0.00353	0.00265	0.00884	0.00795	0.01414	0.01237	0.01414	0.00972	0.00442	0.00265	0.00088	0.00177	0.00353	0.88777	0.00353
8	0.00920	0.13334	0.45195	0.01176	0.11094	0.03221	0.08813	0.04137	0.00870	0.05537	0.00719	0.00837	0.00535	0.00358	0.00354	0.00113	0.00516	0.00298	0.00192	0.01781
9	0.01090	0.22957	0.15124	0.05838	0.08848	0.20879	0.03897	0.09047	0.05063	0.02849	0.00706	0.00808	0.00558	0.00375	0.00336	0.00105	0.00509	0.00282	0.00211	0.00519
10	0.00753	0.00441	0.00553	0.00499	0.00640	0.00391	0.00387	0.00904	0.01016	0.18346	0.44105	0.02768	0.24183	0.00768	0.00436	0.00123	0.00216	0.02656	0.00409	0.00406
11	0.01151	0.00976	0.08895	0.07439	0.12798	0.00881	0.22697	0.16440	0.01072	0.20036	0.00948	0.02113	0.00683	0.00405	0.00409	0.00121	0.01697	0.00382	0.00285	0.00572
12	0.00707	0.00353	0.00353	0.00353	0.00442	0.00353	0.00265	0.00884	0.00795	0.01414	0.01237	0.01414	0.00972	0.00442	0.00265	0.00088	0.00177	0.00353	0.88777	0.00353
13	0.00983	0.05837	0.06686	0.03318	0.58589	0.00923	0.08660	0.02951	0.00889	0.06430	0.00758	0.00942	0.00605	0.00348	0.00374	0.00113	0.00464	0.00340	0.00206	0.00584
14	0.00707	0.00353	0.00353	0.00353	0.00442	0.00353	0.00265	0.00884	0.00795	0.01414	0.01237	0.01414	0.00972	0.00442	0.00265	0.00088	0.00177	0.00353	0.88777	0.00353
15	0.00505	0.00386	0.00500	0.05870	0.00683	0.00365	0.00390	0.00632	0.00886	0.01183	0.31887	0.31403	0.20313	0.00937	0.00457	0.00135	0.00220	0.02547	0.00364	0.00337
16	0.00875	0.00695	0.00812	0.00586	0.00918	0.00547	0.00471	0.05665	0.00860	0.05952	0.00733	0.00822	0.00588	0.00301	0.00292	0.00063	0.00291	0.00240	0.00247	0.79044
17	0.54632	0.28101	0.05611	0.00588	0.00869	0.02901	0.00547	0.01135	0.00703	0.01401	0.00537	0.00625	0.00440	0.00345	0.00247	0.00106	0.00352	0.00209	0.00207	0.00444
18	0.00824	0.01031	0.19273	0.32892	0.11599	0.00884	0.06073	0.01296	0.18895	0.02168	0.00885	0.01049	0.00663	0.00397	0.00380	0.00124	0.00472	0.00352	0.00221	0.00520
19	0.00616	0.00447	0.00592	0.00658	0.00739	0.00454	0.00547	0.00826	0.06718	0.01109	0.01893	0.10908	0.02050	0.10364	0.00664	0.00191	0.00337	0.60198	0.00339	0.00351
20	0.00462	0.00330	0.00440	0.00528	0.00550	0.00308	0.00352	0.00528	0.00726	0.00968	0.02090	0.86424	0.02508	0.01188	0.00484	0.00154	0.00220	0.01078	0.00352	0.00308
21	0.00707	0.00353	0.00353	0.00353	0.00442	0.00353	0.00265	0.00884	0.00795	0.01414	0.01237	0.01414	0.00972	0.00442	0.00265	0.00088	0.00177	0.00353	0.88777	0.00353
22	0.89350	0.00733	0.00557	0.00499	0.00733	0.00851	0.00411	0.01115	0.00645	0.01702	0.00528	0.00616	0.00411	0.00352	0.00235	0.00117	0.00293	0.00205	0.00235	0.00411
23	0.01014	0.01203	0.28536	0.02366	0.21350	0.00822	0.17375	0.01308	0.00890	0.18103	0.00902	0.02895	0.00667	0.00388	0.00389	0.00120	0.00493	0.00366	0.00240	0.00570
24	0.01244	0.16741	0.04642	0.02906	0.17061	0.16713	0.01851	0.17491	0.01093	0.14113	0.00810	0.00875	0.00611	0.00396	0.00361	0.00107	0.01866	0.00302	0.00264	0.00556
25	0.89350	0.00733	0.00557	0.00499	0.00733	0.00851	0.00411	0.01115	0.00645	0.01702	0.00528	0.00616	0.00411	0.00352	0.00235	0.00117	0.00293	0.00205	0.00235	0.00411
26	0.01382	0.01016	0.01091	0.00844	0.01128	0.01122	0.00690	0.77605	0.01705	0.02285	0.00942	0.02249	0.00710	0.04879	0.00460	0.00127	0.00412	0.00363	0.00371	0.00619
27	0.00451	0.00384	0.00389	0.00388	0.00514	0.00322	0.00291	0.00550	0.00872	0.01042	0.06738	0.03620	0.81244	0.00954	0.00448	0.00128	0.00192	0.00796	0.00355	0.00322
28	0.01014	0.86900	0.01987	0.00649	0.00973	0.01501	0.00649	0.01136	0.00771	0.00892	0.00527	0.00608	0.00487	0.00324	0.00243	0.00081	0.00406	0.00203	0.00162	0.00487
29	0.00450	0.00379	0.00389	0.00398	0.00516	0.00319	0.00294	0.00543	0.00852	0.01019	0.03679	0.11330	0.76577	0.00982	0.00452	0.00130	0.00195	0.00826	0.00352	0.00319
30	0.07512	0.01006	0.01060	0.00833	0.01120	0.01123	0.00683	0.66570	0.12564	0.02235	0.00968	0.00957	0.00697	0.00456	0.00370	0.00116	0.00393	0.00344	0.00370	0.00623
31	0.00898	0.52627	0.29946	0.00785	0.01174	0.01218	0.00886	0.01131	0.00800	0.01037	0.05862	0.00814	0.00680	0.00365	0.00296	0.00097	0.00444	0.00260	0.00178	0.00504
32	0.00558	0.00365	0.00419	0.00419	0.00419	0.00365	0.00236	0.00548	0.00548	0.00731	0.01161	0.02398	0.01333	0.81277	0.01902	0.05968	0.00365	0.00537	0.00226	0.00226
33	0.00462	0.00330	0.00440	0.00528	0.00550	0.00308	0.00352	0.00528	0.00726	0.00968	0.02090	0.86424	0.02508	0.01188	0.00484	0.00154	0.00220	0.01078	0.00352	0.00308
34	0.00933	0.03157	0.05379	0.00959	0.05500	0.00943	0.10540	0.04353	0.57729	0.01509	0.03925	0.01319	0.01067	0.00475	0.00389	0.00125	0.00365	0.00418	0.00336	0.00578
35	0.00781	0.01715	0.65713	0.01152	0.08020	0.03885	0.04150	0.01161	0.00811	0.01175	0.00770	0.05684	0.00618	0.00458	0.02175	0.00131	0.00550	0.00337	0.00176	0.00539
36	0.01037	0.00920	0.06751	0.00802	0.01057	0.00951	0.00670	0.12882	0.62573	0.05914	0.01396	0.01298	0.01030	0.00493	0.00383	0.00125	0.00335	0.00404	0.00374	0.00606
37	0.00457	0.00385	0.00397	0.00394	0.00518	0.00324	0.00295	0.00561	0.00885	0.01074	0.11905	0.03568	0.76058	0.00942	0.00448	0.00127	0.00191	0.00789	0.00359	0.00324
38	0.00908	0.00860	0.02866	0.18929	0.46265	0.00900	0.05558	0.01210	0.08044	0.04116	0.00794	0.01003	0.00632	0.00386	0.00436	0.00121	0.05862	0.00352	0.00209	0.00548
39	0.89350	0.00733	0.00557	0.00499	0.00733	0.00851	0.00411	0.01115	0.00645	0.01702	0.00528	0.00616	0.00411	0.00352	0.00235	0.00117	0.00293	0.00205	0.00235	0.00411
40	0.00786	0.00674	0.00786	0.00562	0.00899	0.00506	0.00449	0.00955	0.00786	0.01236	0.00674	0.00786	0.00562	0.00281	0.00281	0.00056	0.00281	0.00225	0.00225	0.88990
41	0.79679	0.00724	0.00593	0.00518	0.00759	0.00818	0.00427	0.01196	0.00694	0.10845	0.00635	0.00691	0.00469	0.00365	0.00251	0.00117	0.00297	0.00225	0.00261	0.00437
42	0.00978	0.65807	0.12471	0.00803	0.03118	0.01355	0.05422	0.03294	0.00808	0.00997	0.00581	0.00683	0.00504	0.00365	0.01360	0.00097	0.00448	0.00236	0.00170	0.00502
43	0.00546	0.00365	0.00415	0.00421	0.00422	0.00364	0.00238	0.00550	0.00563	0.00750	0.01252	0.07787	0.01450	0.81269	0.01839	0.00354	0.00358	0.00585	0.00238	0.00235
44	0.02277	0.00906	0.01035	0.06198	0.01190	0.02942	0.03818	0.35591	0.26883	0.10040	0.04310	0.01179	0.00927	0.00474	0.00384	0.00120	0.00381	0.00385	0.00365	0.00593
45	0.00707	0.00353	0.00353	0.00353	0.00442	0.00353	0.00265	0.00884	0.00795	0.01414	0.01237	0.01414	0.00972	0.00442	0.00265	0.00088	0.00177	0.00353	0.88777	0.00353
46	0.01063	0.67517	0.04683	0.00705	0.01020	0.08056	0.00679	0.03823	0.05533	0.03002	0.00630	0.00693	0.00541	0.00349	0.00271	0.00088	0.00425	0.00230	0.00192	0.00501
47	0.06168	0.05323	0.00581	0.02415	0.00653	0.00469	0.00391	0.03960	0.00861	0.01185	0.18049	0.38115	0.18621	0.00914	0.00434	0.00133	0.00236	0.00796	0.00344	0.00353
48	0.06519	0.18788	0.14010	0.01000	0.10507	0.18876	0.03475	0.04063	0.02978	0.10929	0.04839	0.00924	0.00723	0.00395	0.00337	0.00106	0.00471	0.00302	0.00238	0.00517

[dist]
# distance from previous block
# <min> <max>
0	7

[block]
# block no. 6 follows, 72 sequences, length 47
# corresponding to MSA columns:
# 970-1016
name=unknown_G
#
# <colnr> <probs for GDERKNQSTAVLIFYWHMCP>
#	G	D	E	R	K	N	Q	S	T	A	V	L	I	F	Y	W	H	M	C	P
0	0.11873	0.00868	0.01316	0.18391	0.42020	0.03970	0.05869	0.01154	0.04013	0.01226	0.00701	0.00921	0.00569	0.00373	0.00410	0.00120	0.05161	0.00328	0.00197	0.00520
1	0.01062	0.14227	0.14333	0.02261	0.26075	0.19479	0.04835	0.07574	0.04460	0.01212	0.00705	0.00835	0.00565	0.00367	0.00350	0.00107	0.00513	0.00297	0.00204	0.00539
2	0.00707	0.00353	0.00353	0.00353	0.00442	0.00353	0.00265	0.00884	0.00795	0.01414	0.01237	0.01414	0.00972	0.00442	0.00265	0.00088	0.00177	0.00353	0.88777	0.00353
3	0.00853	0.04235	0.07392	0.23933	0.45044	0.00905	0.04458	0.01093	0.00822	0.01140	0.01881	0.00995	0.01657	0.00375	0.00407	0.00118	0.03636	0.00343	0.00184	0.00529
4	0.00552	0.00368	0.00414	0.00414	0.00414	0.00368	0.00230	0.00552	0.00552	0.00735	0.01195	0.02482	0.01379	0.86672	0.01930	0.00368	0.00368	0.00552	0.00230	0.00230
5	0.01342	0.01114	0.05102	0.00898	0.02384	0.05701	0.00746	0.63991	0.11291	0.02143	0.00953	0.00953	0.00688	0.00452	0.00377	0.00115	0.00425	0.00343	0.00357	0.00624
6	0.00761	0.01962	0.84707	0.01081	0.01641	0.00881	0.01401	0.01201	0.00801	0.01201	0.00681	0.00801	0.00480	0.00360	0.00360	0.00120	0.00560	0.00280	0.00160	0.00560
7	0.00821	0.00673	0.00790	0.00566	0.00901	0.00508	0.00453	0.00989	0.00798	0.04383	0.00705	0.00805	0.00576	0.00288	0.00285	0.00058	0.00282	0.00231	0.00234	0.85654
8	0.01392	0.01056	0.04190	0.00947	0.04339	0.02948	0.03929	0.62076	0.01568	0.10751	0.00936	0.00945	0.00659	0.00446	0.00396	0.00115	0.01976	0.00345	0.00358	0.00626
9	0.00600	0.00433	0.00595	0.00676	0.00766	0.00428	0.00588	0.00769	0.00872	0.01127	0.02138	0.04233	0.07989	0.01041	0.00518	0.00171	0.00338	0.76018	0.00349	0.00347
10	0.01376	0.10491	0.01168	0.00944	0.01152	0.76613	0.00724	0.01476	0.01044	0.00925	0.00580	0.00676	0.00488	0.00384	0.00332	0.00096	0.00656	0.00240	0.00192	0.00444
11	0.03681	0.68969	0.07900	0.00758	0.04042	0.05459	0.00721	0.02979	0.00810	0.00987	0.00557	0.00645	0.00492	0.00335	0.00264	0.00088	0.00429	0.00218	0.00172	0.00495
12	0.00462	0.00330	0.00440	0.00528	0.00550	0.00308	0.00352	0.00528	0.00726	0.00968	0.02090	0.86424	0.02508	0.01188	0.00484	0.00154	0.00220	0.01078	0.00352	0.00308
13	0.00448	0.00384	0.00384	0.00384	0.00512	0.00320	0.00288	0.00544	0.00864	0.01025	0.03842	0.03650	0.84152	0.00960	0.00448	0.00128	0.00192	0.00800	0.00352	0.00320
14	0.04305	0.00932	0.03610	0.01049	0.09424	0.04481	0.12506	0.26611	0.17100	0.01622	0.01130	0.13459	0.00981	0.00533	0.00398	0.00124	0.00412	0.00470	0.00311	0.00544
15	0.01208	0.03327	0.01006	0.00815	0.01059	0.11109	0.00649	0.32873	0.33978	0.04977	0.01145	0.01146	0.00863	0.03586	0.00430	0.00126	0.00397	0.00370	0.00352	0.00583
16	0.00513	0.00383	0.00475	0.00460	0.00551	0.00346	0.00340	0.00663	0.00996	0.01363	0.59844	0.08923	0.20605	0.02272	0.00475	0.00128	0.00188	0.00736	0.00396	0.00344
17	0.00552	0.00368	0.00414	0.00414	0.00414	0.00368	0.00230	0.00552	0.00552	0.00735	0.01195	0.02482	0.01379	0.86672	0.01930	0.00368	0.00368	0.00552	0.00230	0.00230
18	0.89350	0.00733	0.00557	0.00499	0.00733	0.00851	0.00411	0.01115	0.00645	0.01702	0.00528	0.00616	0.00411	0.00352	0.00235	0.00117	0.00293	0.00205	0.00235	0.00411
19	0.01014	0.86900	0.01987	0.00649	0.00973	0.01501	0.00649	0.01136	0.00771	0.00892	0.00527	0.00608	0.00487	0.00324	0.00243	0.00081	0.00406	0.00203	0.00162	0.00487
20	0.00887	0.07135	0.01007	0.02045	0.04801	0.01981	0.03520	0.09080	0.00895	0.01315	0.00690	0.00803	0.00565	0.00308	0.00301	0.00071	0.00334	0.00250	0.00231	0.63782
21	0.00650	0.00509	0.00712	0.00709	0.03970	0.01811	0.02004	0.05751	0.02417	0.01021	0.01003	0.01431	0.00915	0.05112	0.65302	0.00502	0.02183	0.00400	0.03222	0.00375
22	0.00448	0.00384	0.00384	0.00384	0.00512	0.00320	0.00288	0.00544	0.00864	0.01025	0.03842	0.03650	0.84152	0.00960	0.00448	0.00128	0.00192	0.00800	0.00352	0.00320
23	0.01005	0.00854	0.02539	0.02249	0.05418	0.02423	0.06744	0.06099	0.54678	0.07412	0.01382	0.01435	0.01058	0.00504	0.00395	0.00128	0.00358	0.04386	0.00354	0.00581
24	0.00468	0.00335	0.00446	0.00532	0.00558	0.00313	0.00361	0.00538	0.00735	0.00976	0.02122	0.81613	0.04105	0.01178	0.00485	0.00154	0.00224	0.04195	0.00352	0.00310
25	0.02928	0.06214	0.05807	0.04536	0.24459	0.04532	0.11775	0.09568	0.02587	0.01244	0.00680	0.00887	0.00562	0.00438	0.00591	0.00127	0.22005	0.00335	0.00204	0.00520
26	0.00707	0.00353	0.00353	0.00353	0.00442	0.00353	0.00265	0.00884	0.00795	0.01414	0.01237	0.01414	0.00972	0.00442	0.00265	0.00088	0.00177	0.00353	0.88777	0.00353
