[name]
unknown

[dist]
# distance from previous block
# <min> <max>
19	367

[block]
# block no. 0 follows, 60 sequences, length 30
# corresponding to MSA columns:
# 421-450
name=unknown_A
#
# <colnr> <probs for GDERKNQSTAVLIFYWHMCP>
#	G	D	E	R	K	N	Q	S	T	A	V	L	I	F	Y	W	H	M	C	P
0	0.03361	0.16526	0.22195	0.01133	0.06205	0.10160	0.08173	0.07647	0.04623	0.03794	0.00977	0.04304	0.02212	0.00579	0.02675	0.02372	0.00566	0.00389	0.00254	0.01854
1	0.01341	0.04953	0.02407	0.02723	0.01290	0.16104	0.04104	0.34169	0.02592	0.02857	0.00970	0.01164	0.00776	0.02063	0.10605	0.00204	0.06013	0.01361	0.02145	0.02159
2	0.04088	0.00760	0.03365	0.04432	0.03526	0.00686	0.00573	0.10304	0.03020	0.04933	0.01148	0.07137	0.01099	0.24272	0.00905	0.00197	0.00396	0.00471	0.00302	0.28385
3	0.00904	0.10472	0.16124	0.07178	0.06546	0.02469	0.02901	0.04576	0.02443	0.04104	0.05248	0.15814	0.09941	0.00673	0.00438	0.00133	0.00431	0.00574	0.00299	0.08732
4	0.00562	0.00453	0.00493	0.00492	0.00615	0.00403	0.00360	0.00717	0.03803	0.01269	0.16918	0.11076	0.53651	0.06474	0.00627	0.00166	0.00239	0.00894	0.00410	0.00379
5	0.05590	0.01179	0.01285	0.01037	0.03339	0.06973	0.03917	0.50636	0.04023	0.10281	0.01050	0.01072	0.00753	0.00511	0.00467	0.00132	0.03933	0.00386	0.00395	0.03041
6	0.08117	0.10904	0.18868	0.05572	0.10337	0.04762	0.07828	0.10572	0.04324	0.05887	0.00917	0.02765	0.00727	0.01718	0.01633	0.00146	0.03673	0.00380	0.00266	0.00604
7	0.01106	0.02752	0.37347	0.01097	0.04832	0.00997	0.01119	0.15827	0.11601	0.07860	0.05252	0.06120	0.01053	0.00546	0.00436	0.00139	0.00502	0.00445	0.00320	0.00647
8	0.00560	0.00416	0.00504	0.00560	0.00626	0.00385	0.00386	0.00683	0.02948	0.01194	0.08205	0.52013	0.21366	0.04709	0.00603	0.00175	0.00250	0.01065	0.02982	0.00368
9	0.03247	0.29753	0.26088	0.06449	0.05156	0.05639	0.06814	0.01368	0.01770	0.03807	0.00770	0.00919	0.00609	0.00419	0.00406	0.00123	0.03362	0.00319	0.02398	0.00584
10	0.07028	0.09328	0.22241	0.05449	0.04488	0.10377	0.04512	0.03356	0.06162	0.01388	0.05192	0.09748	0.03574	0.00574	0.00431	0.00134	0.01679	0.00468	0.01506	0.02367
11	0.00548	0.00432	0.00484	0.00518	0.00613	0.00388	0.00365	0.00667	0.02921	0.01147	0.03386	0.31420	0.45140	0.07972	0.00667	0.00181	0.00254	0.02140	0.00394	0.00364
12	0.00658	0.00488	0.00543	0.00524	0.00656	0.00451	0.00387	0.02274	0.05749	0.03774	0.20873	0.08809	0.41351	0.06912	0.00621	0.00164	0.00250	0.00820	0.04289	0.00408
13	0.03042	0.37860	0.11367	0.09015	0.01458	0.17322	0.02151	0.05698	0.02674	0.01223	0.00737	0.02152	0.00624	0.00438	0.00382	0.00116	0.02659	0.00306	0.00219	0.00558
14	0.00815	0.00720	0.00764	0.00814	0.04433	0.10855	0.00559	0.07432	0.00960	0.01226	0.01744	0.46162	0.01963	0.06683	0.10239	0.00240	0.02767	0.00859	0.00342	0.00422
15	0.00548	0.00451	0.00483	0.00477	0.00614	0.00392	0.00357	0.00700	0.02746	0.01302	0.19504	0.06132	0.62653	0.01059	0.00515	0.00146	0.00221	0.00894	0.00421	0.00383
16	0.00606	0.00481	0.00541	0.00540	0.00664	0.00444	0.00398	0.03193	0.05402	0.01369	0.20184	0.20157	0.42301	0.01067	0.00517	0.00151	0.00239	0.00918	0.00424	0.00403
17	0.03103	0.06004	0.04587	0.36629	0.19746	0.03925	0.06556	0.07465	0.05246	0.01390	0.00849	0.01100	0.00657	0.00431	0.00425	0.00136	0.00555	0.00383	0.00235	0.00579
18	0.01137	0.48766	0.17627	0.04609	0.01406	0.03962	0.03657	0.09105	0.01029	0.01304	0.02210	0.00876	0.00654	0.00412	0.00345	0.00111	0.00518	0.00297	0.01390	0.00585
19	0.00630	0.00427	0.00504	0.00507	0.00517	0.00435	0.00302	0.00651	0.00649	0.00874	0.01382	0.05302	0.01568	0.72314	0.11805	0.00448	0.00506	0.00634	0.00265	0.00282
20	0.00572	0.00443	0.00522	0.00505	0.00625	0.00392	0.00377	0.00735	0.01124	0.01494	0.47307	0.05384	0.36965	0.00992	0.00516	0.00142	0.00213	0.00854	0.00447	0.00392
21	0.00985	0.13493	0.11103	0.05791	0.01293	0.03507	0.06231	0.09239	0.07649	0.04326	0.04789	0.15999	0.03841	0.00728	0.00459	0.00145	0.00449	0.09106	0.00329	0.00537
22	0.03724	0.01076	0.01192	0.01010	0.05718	0.03184	0.00775	0.47461	0.06169	0.07123	0.03239	0.03775	0.00924	0.00538	0.00455	0.00128	0.02920	0.00417	0.00395	0.09776
23	0.00758	0.00379	0.00568	0.00568	0.00568	0.00379	0.00379	0.00568	0.00568	0.00758	0.00758	0.01326	0.00758	0.01515	0.01705	0.87311	0.00379	0.00379	0.00189	0.00189
24	0.00663	0.00475	0.00601	0.00590	0.00622	0.00517	0.00397	0.02437	0.00694	0.00957	0.01306	0.05236	0.01417	0.51202	0.27092	0.00484	0.04137	0.00588	0.00260	0.00325
25	0.05362	0.01191	0.11194	0.06391	0.12493	0.07590	0.10835	0.13576	0.09193	0.02557	0.01843	0.04144	0.00892	0.01726	0.02564	0.00157	0.02746	0.01663	0.03288	0.00595
26	0.01172	0.01148	0.04523	0.22144	0.12131	0.07772	0.09492	0.20563	0.03404	0.01599	0.00853	0.01073	0.00660	0.00490	0.00565	0.00143	0.11015	0.00394	0.00267	0.00597
27	0.00530	0.00435	0.00465	0.00472	0.00598	0.00372	0.00346	0.00645	0.00995	0.01225	0.12329	0.12812	0.63257	0.02867	0.00556	0.00155	0.00227	0.00935	0.00410	0.00369
28	0.01424	0.16718	0.04247	0.00951	0.01276	0.12693	0.00810	0.37564	0.15054	0.01974	0.01035	0.01051	0.00783	0.00493	0.00400	0.00124	0.00498	0.00363	0.01885	0.00657
29	0.02368	0.11713	0.05488	0.02990	0.12670	0.08316	0.09865	0.14986	0.06129	0.05540	0.05108	0.01204	0.00913	0.00466	0.00413	0.00123	0.00503	0.01537	0.00300	0.09368

[dist]
# distance from previous block
# <min> <max>
1	8

[block]
# block no. 1 follows, 60 sequences, length 51
# corresponding to MSA columns:
# 459-481,487-514
name=unknown_B
#
# <colnr> <probs for GDERKNQSTAVLIFYWHMCP>
#	G	D	E	R	K	N	Q	S	T	A	V	L	I	F	Y	W	H	M	C	P
0	0.03066	0.07541	0.01388	0.06691	0.04682	0.01125	0.07688	0.28234	0.09825	0.12067	0.01105	0.02604	0.00830	0.00508	0.00475	0.00132	0.04834	0.00409	0.00358	0.06436
1	0.02463	0.00992	0.09880	0.04215	0.04976	0.01875	0.04226	0.16301	0.08840	0.07390	0.02399	0.14513	0.03590	0.00698	0.02085	0.00146	0.00439	0.02254	0.00348	0.12370
2	0.00629	0.00422	0.00483	0.00485	0.00492	0.00419	0.00278	0.00644	0.00676	0.00907	0.05928	0.06198	0.01781	0.76575	0.02056	0.00397	0.00404	0.00668	0.00282	0.00276
3	0.02748	0.00781	0.02122	0.00880	0.03811	0.00667	0.11652	0.01134	0.06637	0.01424	0.06320	0.12091	0.05932	0.00569	0.00415	0.00110	0.00371	0.00514	0.00305	0.41517
4	0.02662	0.17689	0.06507	0.02180	0.07003	0.18412	0.03202	0.05880	0.04766	0.04556	0.02622	0.07607	0.07764	0.02147	0.02279	0.00146	0.03295	0.00461	0.00282	0.00539
5	0.02718	0.06505	0.25804	0.02162	0.01452	0.02203	0.06412	0.16206	0.06760	0.12962	0.03938	0.04626	0.02705	0.00540	0.00462	0.00138	0.03010	0.00438	0.00328	0.00632
6	0.00609	0.00437	0.00539	0.00547	0.00648	0.00393	0.00400	0.00752	0.01056	0.03905	0.34987	0.25409	0.25054	0.01074	0.00525	0.00152	0.00232	0.02447	0.00439	0.00394
7	0.01034	0.02927	0.09100	0.25848	0.31941	0.01055	0.11169	0.06411	0.01022	0.02910	0.00835	0.01097	0.00649	0.00419	0.00453	0.00137	0.01758	0.00396	0.00226	0.00612
8	0.04111	0.02425	0.00983	0.05967	0.02837	0.06451	0.03506	0.15331	0.08097	0.02912	0.07542	0.15804	0.08469	0.00828	0.02015	0.03144	0.04335	0.01644	0.03088	0.00510
9	0.00854	0.01120	0.22918	0.02270	0.02904	0.01902	0.13490	0.01194	0.05465	0.05663	0.14199	0.14419	0.07727	0.00783	0.02962	0.00163	0.00481	0.00633	0.00323	0.00530
10	0.00549	0.00401	0.00506	0.00580	0.00628	0.00372	0.00398	0.00634	0.00860	0.01125	0.04312	0.58795	0.15054	0.08433	0.00694	0.00194	0.00270	0.05448	0.00394	0.00353
11	0.02346	0.05691	0.07028	0.16139	0.20114	0.01888	0.00939	0.03848	0.05326	0.01332	0.03119	0.13560	0.03894	0.00792	0.05303	0.00176	0.03941	0.01609	0.02420	0.00534
12	0.07515	0.04921	0.14365	0.01125	0.06003	0.11942	0.09382	0.07668	0.04914	0.03929	0.01169	0.07262	0.05027	0.00729	0.05280	0.00173	0.07305	0.00459	0.00276	0.00556
13	0.00983	0.00596	0.00721	0.00642	0.00830	0.00569	0.00504	0.03540	0.11535	0.19141	0.29247	0.03913	0.19421	0.00825	0.00488	0.00143	0.00280	0.04200	0.01905	0.00518
14	0.00646	0.00485	0.00560	0.00550	0.00659	0.00460	0.00398	0.00868	0.08273	0.02765	0.25898	0.12281	0.27604	0.14123	0.00781	0.00192	0.00269	0.02377	0.00411	0.00399
15	0.03987	0.06179	0.09649	0.21897	0.11196	0.00903	0.04222	0.05419	0.04924	0.04948	0.06143	0.10452	0.07048	0.00614	0.00445	0.00141	0.00461	0.00534	0.00294	0.00542
16	0.01158	0.02421	0.10924	0.09549	0.19579	0.19147	0.06459	0.06202	0.02250	0.04089	0.06621	0.02440	0.00970	0.00500	0.00456	0.00133	0.02439	0.01814	0.02269	0.00579
17	0.00555	0.00407	0.00509	0.00571	0.00625	0.00376	0.00394	0.00647	0.00883	0.01159	0.09055	0.51496	0.16310	0.09845	0.00720	0.00195	0.00269	0.05234	0.00396	0.00355
18	0.02605	0.01119	0.09951	0.06430	0.18668	0.01031	0.22632	0.07891	0.01043	0.05887	0.01106	0.01308	0.05873	0.00564	0.02511	0.00158	0.09915	0.00452	0.00259	0.00598
19	0.09520	0.13042	0.10097	0.02581	0.06113	0.10570	0.06021	0.05949	0.09044	0.10087	0.01271	0.04886	0.06086	0.00533	0.00404	0.00130	0.00481	0.00428	0.02175	0.00581
20	0.02648	0.00816	0.01188	0.44866	0.04872	0.03574	0.03418	0.07256	0.02160	0.09581	0.02193	0.08384	0.04215	0.00624	0.02225	0.00156	0.00519	0.00493	0.00286	0.00525
21	0.00721	0.00510	0.00682	0.00680	0.00781	0.00492	0.03704	0.03342	0.06099	0.06013	0.09534	0.49714	0.08103	0.04755	0.00604	0.00176	0.00297	0.02961	0.00409	0.00423
22	0.02167	0.06240	0.10968	0.09077	0.09791	0.00895	0.04033	0.10583	0.03544	0.15330	0.06442	0.03444	0.02208	0.00648	0.02982	0.00154	0.00472	0.04830	0.05597	0.00593
23	0.01204	0.18141	0.02955	0.08375	0.18027	0.20640	0.06267	0.05141	0.03490	0.02705	0.00912	0.04755	0.00803	0.00493	0.00424	0.00127	0.01766	0.02957	0.00247	0.00571
24	0.00800	0.03500	0.02362	0.00784	0.06558	0.06127	0.00562	0.01068	0.08701	0.03303	0.28001	0.07050	0.21128	0.02732	0.00537	0.00147	0.01802	0.02095	0.02276	0.00466
25	0.01216	0.73408	0.03659	0.00801	0.01161	0.11492	0.00774	0.01360	0.00929	0.01038	0.00618	0.00714	0.00560	0.00383	0.00296	0.00096	0.00508	0.00241	0.00191	0.00555
26	0.00670	0.00556	0.04791	0.00618	0.00723	0.00478	0.00476	0.03502	0.02479	0.02315	0.15934	0.25787	0.12558	0.15628	0.02968	0.04466	0.00339	0.04956	0.00371	0.00385
27	0.03278	0.00822	0.00987	0.00788	0.01082	0.00805	0.00636	0.14090	0.12059	0.33197	0.04691	0.04765	0.01161	0.00561	0.00452	0.00128	0.02947	0.00450	0.02636	0.14466
28	0.01130	0.16862	0.21648	0.05997	0.11126	0.09526	0.06074	0.11160	0.05193	0.01463	0.02613	0.01042	0.00737	0.00527	0.02960	0.00144	0.00584	0.00357	0.00248	0.00609
29	0.00607	0.00462	0.00562	0.00643	0.03321	0.01998	0.00411	0.00702	0.02183	0.01117	0.06935	0.48512	0.09268	0.20111	0.00918	0.00225	0.00307	0.00990	0.00368	0.00358
30	0.00597	0.00427	0.00538	0.00582	0.00656	0.00396	0.00411	0.00734	0.02753	0.03099	0.18423	0.47988	0.15805	0.02731	0.00568	0.00168	0.00250	0.03069	0.00421	0.00384
31	0.00730	0.00513	0.00622	0.00577	0.00712	0.00481	0.00439	0.06720	0.01203	0.05284	0.47415	0.07983	0.20228	0.02712	0.00546	0.00149	0.00249	0.02551	0.00453	0.00435
32	0.02492	0.00600	0.00723	0.02646	0.00845	0.02451	0.02291	0.09311	0.04245	0.01356	0.04393	0.41892	0.06086	0.08333	0.03240	0.00199	0.03319	0.00867	0.04286	0.00426
33	0.01057	0.05233	0.04150	0.17678	0.52349	0.05665	0.02377	0.02357	0.00991	0.01338	0.00860	0.01111	0.02093	0.00415	0.00425	0.00131	0.00544	0.00384	0.00216	0.00627
34	0.00604	0.00432	0.00512	0.00545	0.00640	0.00393	0.00395	0.00739	0.02085	0.03172	0.11729	0.34781	0.30586	0.01123	0.00517	0.00156	0.00243	0.04329	0.06633	0.00385
35	0.00573	0.00440	0.00530	0.00581	0.00659	0.00414	0.00407	0.00750	0.06611	0.01228	0.08789	0.51987	0.23006	0.01209	0.00535	0.00164	0.00248	0.01072	0.00413	0.00386
36	0.00935	0.02691	0.00949	0.00660	0.01046	0.00633	0.00532	0.03743	0.00942	0.01456	0.00780	0.00905	0.00647	0.00331	0.00326	0.00067	0.00331	0.00262	0.00263	0.82498
37	0.00565	0.00443	0.00549	0.00631	0.03939	0.00403	0.00422	0.00690	0.02134	0.01221	0.10709	0.43499	0.30851	0.01176	0.00531	0.00160	0.00249	0.01037	0.00405	0.00383
38	0.00549	0.00425	0.00487	0.00506	0.00601	0.00378	0.00358	0.00658	0.00964	0.01235	0.17728	0.24098	0.40235	0.08950	0.00685	0.00179	0.00245	0.00950	0.00406	0.00363
39	0.01174	0.05140	0.01218	0.02874	0.03027	0.11523	0.06246	0.05296	0.43634	0.04792	0.06277	0.01466	0.01226	0.00559	0.00474	0.00140	0.03475	0.00458	0.00374	0.00628
40	0.01068	0.21692	0.12982	0.11150	0.31842	0.02659	0.01140	0.04786	0.04592	0.01349	0.00837	0.02534	0.00696	0.00428	0.00395	0.00125	0.00521	0.00360	0.00225	0.00621
41	0.00916	0.00898	0.01262	0.01094	0.01103	0.01244	0.00907	0.01018	0.00672	0.01045	0.00641	0.01042	0.00632	0.01054	0.10868	0.00250	0.74299	0.00392	0.00196	0.00467
42	0.00607	0.00428	0.00512	0.00521	0.00557	0.00425	0.00334	0.00661	0.00741	0.00988	0.06581	0.11830	0.10639	0.50334	0.12652	0.00386	0.00470	0.00719	0.00304	0.00311
43	0.01308	0.06747	0.06962	0.03109	0.09626	0.20273	0.02373	0.14119	0.20381	0.05540	0.02297	0.01250	0.02057	0.00510	0.00422	0.00131	0.00527	0.01415	0.00327	0.00627
44	0.03843	0.10615	0.02613	0.00987	0.04138	0.16872	0.05556	0.06418	0.13918	0.10552	0.07500	0.01508	0.04411	0.00664	0.03510	0.00153	0.03549	0.02281	0.00334	0.00575
45	0.00657	0.00461	0.00572	0.00561	0.00590	0.00492	0.00367	0.02178	0.00689	0.00945	0.02583	0.02482	0.01456	0.58232	0.23679	0.00482	0.02416	0.00582	0.00261	0.00314
46	0.00966	0.00760	0.00870	0.03831	0.07792	0.08324	0.01745	0.05416	0.05108	0.06924	0.17919	0.11246	0.05219	0.00775	0.02570	0.00149	0.03344	0.00595	0.15950	0.00495
47	0.03674	0.06966	0.03036	0.07500	0.10402	0.00951	0.08422	0.08240	0.16590	0.07950	0.07567	0.07936	0.05058	0.00607	0.00458	0.00140	0.01498	0.00529	0.01889	0.00586
48	0.01694	0.00795	0.00983	0.00786	0.01086	0.02613	0.00643	0.09866	0.06237	0.56613	0.01722	0.01655	0.03958	0.00644	0.02383	0.00149	0.00398	0.03063	0.04025	0.00687
49	0.00961	0.13837	0.22455	0.16555	0.06343	0.03541	0.09942	0.03732	0.03636	0.01326	0.05693	0.01237	0.02717	0.00571	0.03402	0.00154	0.02699	0.00401	0.00234	0.00565
50	0.01009	0.08386	0.33746	0.03063	0.10550	0.06356	0.05512	0.02911	0.09601	0.02423	0.01047	0.02799	0.03430	0.00533	0.01905	0.00144	0.03332	0.00394	0.00245	0.02611

[dist]
# distance from previous block
# <min> <max>
0	44

[block]
# block no. 2 follows, 60 sequences, length 8
# corresponding to MSA columns:
# 562-569
name=unknown_C
#
# <colnr> <probs for GDERKNQSTAVLIFYWHMCP>
#	G	D	E	R	K	N	Q	S	T	A	V	L	I	F	Y	W	H	M	C	P
0	0.01025	0.01047	0.04539	0.12860	0.40395	0.03768	0.06966	0.03624	0.05180	0.01373	0.00991	0.03818	0.02941	0.00499	0.00545	0.00142	0.09001	0.00438	0.00239	0.00608
1	0.00642	0.00451	0.00579	0.04479	0.00771	0.00417	0.00441	0.00754	0.00926	0.05386	0.11264	0.46579	0.17275	0.04263	0.00587	0.00169	0.00272	0.00994	0.00400	0.03351
2	0.01008	0.00975	0.01334	0.01134	0.01161	0.01337	0.00945	0.07131	0.00774	0.01180	0.00609	0.00961	0.00585	0.00745	0.01355	0.00186	0.77491	0.00383	0.00210	0.00497
3	0.01089	0.02595	0.04994	0.07631	0.10146	0.09293	0.12481	0.05606	0.01030	0.03967	0.00821	0.00996	0.00650	0.00395	0.00428	0.00109	0.03191	0.00342	0.00252	0.33984
4	0.20755	0.04763	0.00939	0.00722	0.00993	0.03897	0.00582	0.06991	0.06966	0.34603	0.02925	0.01395	0.01005	0.08194	0.00552	0.00158	0.00385	0.00403	0.03172	0.00600
5	0.00696	0.00620	0.06583	0.00607	0.00774	0.00492	0.00504	0.04996	0.01124	0.04466	0.33432	0.14498	0.27644	0.00957	0.00506	0.00146	0.00270	0.00825	0.00424	0.00437
6	0.01398	0.01059	0.01163	0.01042	0.07729	0.04177	0.00772	0.43764	0.13382	0.05906	0.01243	0.05488	0.00969	0.00557	0.00429	0.00131	0.00433	0.00446	0.06765	0.03148
7	0.04858	0.00574	0.00697	0.03306	0.00839	0.02361	0.02625	0.05052	0.03204	0.05480	0.09031	0.33111	0.07649	0.14923	0.00791	0.00203	0.00341	0.04164	0.00376	0.00416

[dist]
# distance from previous block
# <min> <max>
3	17

[block]
# block no. 3 follows, 60 sequences, length 41
# corresponding to MSA columns:
# 589-594,596-630
name=unknown_D
#
# <colnr> <probs for GDERKNQSTAVLIFYWHMCP>
#	G	D	E	R	K	N	Q	S	T	A	V	L	I	F	Y	W	H	M	C	P
0	0.00817	0.00578	0.00673	0.00653	0.00785	0.00573	0.00486	0.14834	0.02929	0.04782	0.05511	0.37313	0.18493	0.03722	0.00567	0.00166	0.00302	0.03953	0.02413	0.00451
1	0.00965	0.02727	0.05333	0.47866	0.10233	0.04962	0.04125	0.08207	0.02481	0.01342	0.03335	0.03156	0.02444	0.00486	0.00439	0.00140	0.00552	0.00426	0.00242	0.00538
2	0.06908	0.07765	0.16221	0.02975	0.17614	0.09154	0.03493	0.08226	0.03680	0.09728	0.02106	0.06194	0.00894	0.00516	0.00430	0.00134	0.01517	0.01547	0.00289	0.00611
3	0.00947	0.00873	0.01307	0.14977	0.36042	0.03910	0.02536	0.05341	0.03234	0.01397	0.05325	0.14085	0.04797	0.00638	0.00465	0.00143	0.00464	0.02671	0.00286	0.00564
4	0.01078	0.00626	0.00775	0.00674	0.00872	0.00598	0.00535	0.09397	0.05104	0.22167	0.33246	0.04807	0.11815	0.00807	0.00490	0.00143	0.00298	0.05560	0.00473	0.00536
5	0.13445	0.11423	0.12396	0.03581	0.10637	0.03424	0.06789	0.10835	0.01062	0.04317	0.04248	0.03623	0.04250	0.00655	0.04472	0.00161	0.02041	0.01791	0.00281	0.00568
6	0.05831	0.03502	0.06179	0.10476	0.20487	0.03744	0.05029	0.10445	0.02000	0.04357	0.04114	0.09824	0.01088	0.06274	0.00574	0.00156	0.01996	0.00493	0.00288	0.03142
7	0.00603	0.00428	0.00504	0.00533	0.00625	0.00382	0.00375	0.00703	0.00932	0.04636	0.08851	0.36544	0.33970	0.06783	0.00640	0.00176	0.00253	0.00994	0.01694	0.00375
8	0.00618	0.00470	0.00614	0.00658	0.00728	0.00459	0.02278	0.02195	0.08158	0.01256	0.07409	0.65413	0.05634	0.01219	0.00539	0.00169	0.00272	0.01100	0.00409	0.00401
9	0.00981	0.00891	0.05150	0.03191	0.07614	0.00752	0.08261	0.08268	0.00994	0.03107	0.00917	0.02897	0.00788	0.06489	0.00590	0.04148	0.01627	0.00373	0.01690	0.41272
10	0.00820	0.00749	0.02300	0.07860	0.04029	0.07079	0.02705	0.04375	0.04437	0.01227	0.04216	0.15230	0.05906	0.07597	0.21543	0.00309	0.05541	0.00608	0.03026	0.00446
11	0.00666	0.00456	0.00561	0.00589	0.00681	0.00423	0.00419	0.01998	0.03684	0.06388	0.12111	0.46947	0.19561	0.02687	0.00560	0.00166	0.00258	0.01019	0.00422	0.00404
12	0.00550	0.00407	0.00509	0.00566	0.00627	0.00372	0.00393	0.00653	0.00924	0.01220	0.15383	0.51022	0.17904	0.04805	0.00614	0.00176	0.00250	0.02851	0.00411	0.00363
13	0.07247	0.28992	0.03596	0.00841	0.01193	0.08479	0.00742	0.23601	0.03462	0.03157	0.00820	0.00884	0.00649	0.00426	0.00351	0.00107	0.00466	0.00300	0.00291	0.14397
14	0.05908	0.08313	0.25146	0.01179	0.10386	0.10057	0.03063	0.05998	0.04111	0.06642	0.02557	0.01018	0.00729	0.00436	0.00409	0.00122	0.01893	0.00339	0.00261	0.11433
15	0.03494	0.12177	0.14043	0.08855	0.13439	0.13431	0.13184	0.05089	0.04069	0.04714	0.00847	0.01006	0.00654	0.00420	0.00411	0.00127	0.00586	0.00360	0.00242	0.02853
16	0.00859	0.03865	0.73172	0.01190	0.01790	0.00985	0.03295	0.01327	0.00928	0.01360	0.01035	0.01151	0.06222	0.00461	0.00421	0.00138	0.00613	0.00366	0.00200	0.00622
17	0.00810	0.01764	0.00839	0.07070	0.06408	0.05060	0.02976	0.04267	0.00983	0.05498	0.03685	0.41475	0.09876	0.00998	0.00506	0.00158	0.00360	0.04656	0.02164	0.00447
18	0.04350	0.09861	0.10590	0.02816	0.05300	0.18291	0.02274	0.31363	0.02635	0.05840	0.00910	0.00995	0.00686	0.01673	0.00430	0.00129	0.00557	0.00349	0.00316	0.00636
19	0.01580	0.01326	0.01250	0.01001	0.01309	0.16299	0.00809	0.60431	0.01817	0.02333	0.02674	0.01078	0.00796	0.00652	0.04476	0.00156	0.00564	0.00384	0.00388	0.00674
20	0.02298	0.07828	0.07854	0.08043	0.09589	0.04116	0.06792	0.06038	0.04470	0.04357	0.00936	0.04818	0.00779	0.00439	0.00391	0.00111	0.00460	0.00375	0.00268	0.30036
21	0.00729	0.00539	0.00634	0.00574	0.00718	0.00492	0.00409	0.00896	0.05228	0.03818	0.09888	0.10181	0.13233	0.25898	0.06616	0.00251	0.00380	0.00644	0.00335	0.18537
22	0.08460	0.00515	0.00610	0.00569	0.00701	0.00502	0.00432	0.01984	0.04473	0.02991	0.62016	0.04859	0.08557	0.00850	0.00488	0.00139	0.00232	0.00735	0.00454	0.00434
23	0.01904	0.00817	0.03476	0.15515	0.09534	0.01789	0.04853	0.11562	0.05771	0.03580	0.07500	0.07762	0.08725	0.10559	0.00664	0.00173	0.00434	0.00564	0.02063	0.02754
24	0.02651	0.00674	0.00757	0.04737	0.02239	0.01542	0.00540	0.16052	0.05383	0.02887	0.15708	0.09483	0.32444	0.00866	0.00484	0.00142	0.00312	0.00728	0.00407	0.01964
25	0.00531	0.00390	0.00496	0.00580	0.00623	0.00358	0.00391	0.00611	0.00855	0.01118	0.02687	0.70595	0.14766	0.03051	0.00585	0.00178	0.00252	0.01179	0.00402	0.00354
26	0.07142	0.00528	0.00610	0.00601	0.00722	0.00521	0.00448	0.08377	0.01097	0.01553	0.26706	0.29200	0.14736	0.01007	0.00501	0.00152	0.00265	0.03179	0.02232	0.00422
27	0.00876	0.00816	0.01286	0.57787	0.10492	0.00966	0.02457	0.01296	0.12793	0.01259	0.01108	0.01372	0.04687	0.00486	0.00442	0.00144	0.00525	0.00432	0.00244	0.00532
28	0.00904	0.09905	0.72862	0.01194	0.01797	0.01088	0.01514	0.01366	0.00911	0.01340	0.00761	0.00901	0.00554	0.00420	0.00428	0.00135	0.02789	0.00316	0.00185	0.00632
29	0.00587	0.00474	0.00511	0.00502	0.00640	0.00421	0.00375	0.04568	0.01062	0.01327	0.14733	0.12580	0.58527	0.01075	0.00516	0.00148	0.00235	0.00911	0.00417	0.00391
30	0.00552	0.00405	0.00513	0.00576	0.00633	0.00373	0.00400	0.00652	0.00911	0.01204	0.13235	0.54541	0.14981	0.04928	0.00620	0.00179	0.00255	0.04270	0.00409	0.00362
31	0.05533	0.02426	0.06587	0.00833	0.01149	0.00925	0.00719	0.21081	0.15252	0.28844	0.02862	0.01360	0.01026	0.00530	0.00415	0.00133	0.00393	0.00419	0.08841	0.00672
32	0.03156	0.00966	0.00847	0.00804	0.04175	0.17721	0.00591	0.11817	0.10135	0.03724	0.01280	0.01470	0.02036	0.02781	0.00425	0.00127	0.00407	0.02172	0.34846	0.00520
33	0.01155	0.00867	0.00835	0.00737	0.00937	0.09187	0.00572	0.16184	0.19562	0.06077	0.01470	0.05535	0.02995	0.00613	0.00438	0.02836	0.00364	0.00465	0.28621	0.00552
34	0.00573	0.00440	0.00515	0.00503	0.00621	0.00390	0.00375	0.00731	0.01104	0.01469	0.42811	0.07917	0.37191	0.01000	0.00513	0.00143	0.00215	0.00861	0.02239	0.00390
35	0.00595	0.00417	0.00516	0.00574	0.00627	0.00393	0.00387	0.00704	0.03001	0.02758	0.03912	0.56042	0.12598	0.12202	0.00757	0.00201	0.00274	0.01054	0.02626	0.00363
36	0.02832	0.00993	0.08031	0.00828	0.01050	0.07624	0.02932	0.18619	0.07274	0.04348	0.05346	0.04413	0.01226	0.14676	0.02657	0.00195	0.03277	0.01915	0.11239	0.00525
37	0.01072	0.01056	0.01024	0.03136	0.01182	0.17209	0.02158	0.04049	0.01019	0.01393	0.02146	0.00938	0.00690	0.00369	0.00351	0.00082	0.00435	0.00285	0.00259	0.61145
38	0.00732	0.00457	0.00586	0.00589	0.00695	0.00415	0.00433	0.00870	0.01034	0.10561	0.27641	0.32237	0.13604	0.02778	0.00557	0.00161	0.00257	0.04383	0.01592	0.00419
39	0.00586	0.00438	0.00508	0.00531	0.00612	0.00408	0.00371	0.00719	0.03407	0.01210	0.13412	0.25239	0.28378	0.16707	0.00839	0.00206	0.00274	0.03229	0.02563	0.00363
40	0.01150	0.04350	0.11244	0.03089	0.05388	0.13913	0.14572	0.13300	0.02984	0.04565	0.04289	0.06515	0.05250	0.01889	0.00500	0.00140	0.02812	0.00485	0.02996	0.00568

[dist]
# distance from previous block
# <min> <max>
0	1

[block]
# block no. 4 follows, 60 sequences, length 43
# corresponding to MSA columns:
# 632-674
name=unknown_E
#
# <colnr> <probs for GDERKNQSTAVLIFYWHMCP>
#	G	D	E	R	K	N	Q	S	T	A	V	L	I	F	Y	W	H	M	C	P
0	0.00902	0.00773	0.01207	0.04798	0.38353	0.00773	0.00944	0.01165	0.05064	0.03169	0.05784	0.13986	0.02927	0.00732	0.00485	0.00150	0.00422	0.14974	0.00314	0.03081
1	0.00572	0.00409	0.00515	0.00560	0.00601	0.00392	0.00373	0.00652	0.00832	0.01115	0.11188	0.42509	0.08693	0.22766	0.06538	0.00269	0.00351	0.00957	0.00366	0.00341
2	0.07207	0.00992	0.02830	0.00852	0.01137	0.01058	0.00701	0.38248	0.18865	0.06176	0.05405	0.01486	0.05160	0.00637	0.02279	0.00148	0.00412	0.00453	0.05307	0.00648
3	0.01155	0.40881	0.28206	0.00976	0.01412	0.13375	0.01044	0.04281	0.02808	0.01228	0.00716	0.00818	0.00582	0.00408	0.00350	0.00113	0.00569	0.00281	0.00206	0.00589
4	0.09802	0.00841	0.00984	0.00728	0.01095	0.00730	0.02882	0.10241	0.01058	0.10090	0.00891	0.00970	0.00685	0.00378	0.00348	0.00089	0.00359	0.00298	0.00308	0.57224
5	0.02747	0.73691	0.02093	0.00750	0.01085	0.01605	0.00730	0.01260	0.00865	0.01055	0.00652	0.00785	0.00599	0.00557	0.05042	0.00133	0.03782	0.00256	0.01773	0.00542
6	0.00836	0.03155	0.00804	0.02472	0.02625	0.03632	0.03495	0.04567	0.11054	0.02230	0.02987	0.02285	0.01399	0.51817	0.04589	0.00331	0.00470	0.00560	0.00294	0.00398
7	0.00694	0.00401	0.00577	0.00586	0.00610	0.00410	0.00404	0.00618	0.00641	0.00862	0.01188	0.08895	0.04937	0.06266	0.16882	0.54525	0.00511	0.00511	0.00231	0.00254
8	0.01630	0.02060	0.01238	0.01121	0.01348	0.81129	0.00842	0.03472	0.01254	0.01104	0.00682	0.00792	0.00566	0.00451	0.00394	0.00113	0.00780	0.00283	0.00229	0.00511
9	0.00860	0.05525	0.02982	0.03845	0.01378	0.00782	0.27763	0.02307	0.04039	0.04467	0.04142	0.30189	0.04140	0.00799	0.00502	0.00154	0.00460	0.02898	0.02274	0.00494
10	0.00850	0.00713	0.00974	0.08815	0.13631	0.02424	0.03093	0.03322	0.12746	0.03029	0.03052	0.20905	0.08612	0.05671	0.00596	0.00172	0.00397	0.10151	0.00349	0.00499
11	0.00538	0.00424	0.00483	0.00510	0.00612	0.00372	0.00367	0.00649	0.00969	0.01224	0.13170	0.27947	0.45970	0.02816	0.00563	0.00161	0.00235	0.02207	0.00411	0.00368
12	0.00669	0.00601	0.05287	0.00577	0.00739	0.02169	0.00473	0.00871	0.02691	0.04225	0.41175	0.04899	0.32148	0.00924	0.00503	0.00141	0.00258	0.00791	0.00430	0.00427
13	0.01335	0.10617	0.04584	0.03275	0.27675	0.04207	0.03973	0.31644	0.03509	0.03641	0.00922	0.01037	0.00708	0.00450	0.00418	0.00127	0.00514	0.00375	0.00309	0.00680
14	0.00705	0.00559	0.00626	0.02803	0.00775	0.03606	0.00463	0.02697	0.07590	0.02483	0.11420	0.25986	0.18597	0.12973	0.02583	0.00207	0.00336	0.04803	0.00383	0.00406
15	0.06279	0.00755	0.00864	0.00723	0.00966	0.00760	0.00580	0.21231	0.04296	0.23451	0.07952	0.07266	0.12396	0.00703	0.00446	0.00138	0.00342	0.02820	0.07445	0.00587
16	0.25072	0.09289	0.11903	0.02800	0.09371	0.01123	0.05405	0.15880	0.08414	0.02979	0.00926	0.03398	0.00733	0.00469	0.00381	0.00133	0.00461	0.00366	0.00295	0.00602
17	0.02315	0.18060	0.03616	0.05725	0.21967	0.11413	0.03971	0.07651	0.03581	0.09137	0.03895	0.01092	0.00821	0.00443	0.00397	0.00120	0.00511	0.00362	0.00277	0.04646
18	0.00918	0.00864	0.00884	0.00837	0.03927	0.14362	0.04667	0.03727	0.11531	0.02981	0.14308	0.09349	0.22063	0.00913	0.03347	0.03401	0.00419	0.00662	0.00365	0.00475
19	0.00560	0.00402	0.00530	0.00615	0.00658	0.00378	0.00432	0.00657	0.00879	0.01168	0.07202	0.63752	0.06400	0.04158	0.00615	0.00185	0.00272	0.10372	0.00404	0.00361
20	0.01006	0.01380	0.25511	0.14775	0.32777	0.01044	0.09993	0.05751	0.01016	0.01434	0.00822	0.01055	0.00633	0.00409	0.00437	0.00137	0.00587	0.00383	0.00216	0.00636
21	0.00971	0.28322	0.42167	0.08021	0.01665	0.01268	0.01238	0.01302	0.00881	0.01213	0.00705	0.00874	0.00559	0.00437	0.00472	0.00130	0.08695	0.00305	0.00186	0.00588
22	0.00876	0.00847	0.01341	0.64913	0.06785	0.04012	0.04504	0.01181	0.03293	0.01180	0.03521	0.01232	0.00737	0.00496	0.01571	0.00152	0.02233	0.00407	0.00215	0.00503
23	0.02039	0.24188	0.07902	0.02468	0.07756	0.09283	0.00847	0.11205	0.14920	0.01463	0.02142	0.02825	0.02634	0.02358	0.03420	0.00152	0.03134	0.00389	0.00285	0.00589
24	0.01077	0.01168	0.02231	0.05060	0.12609	0.05605	0.55690	0.01391	0.01012	0.03139	0.00857	0.01134	0.00660	0.00407	0.00551	0.00145	0.05979	0.00470	0.00224	0.00589
25	0.00639	0.00454	0.00575	0.00543	0.00660	0.00413	0.00411	0.00829	0.01192	0.03847	0.65463	0.03395	0.16436	0.00923	0.00514	0.00140	0.00217	0.02469	0.00468	0.00413
26	0.01047	0.05822	0.02715	0.10123	0.36329	0.03829	0.13843	0.03674	0.04048	0.01357	0.00890	0.01145	0.01694	0.00565	0.04017	0.00162	0.07495	0.00409	0.00229	0.00606
27	0.00956	0.03233	0.30758	0.17359	0.10634	0.01027	0.23479	0.01334	0.00962	0.03196	0.02420	0.01110	0.00686	0.00414	0.00448	0.00140	0.00626	0.00406	0.00214	0.00599
28	0.00563	0.00418	0.00501	0.00537	0.00606	0.00383	0.00372	0.00660	0.00911	0.01188	0.14790	0.33473	0.24580	0.15387	0.00823	0.00205	0.00271	0.03586	0.00392	0.00353
29	0.00829	0.00775	0.01301	0.74026	0.08057	0.00945	0.01185	0.01109	0.00882	0.01139	0.00860	0.03662	0.00699	0.00477	0.00443	0.00146	0.00564	0.02202	0.00206	0.00492
30	0.01452	0.03974	0.06756	0.12718	0.13979	0.08583	0.03310	0.10693	0.03025	0.29419	0.01151	0.01192	0.00804	0.00474	0.00428	0.00132	0.00506	0.00393	0.00353	0.00658
31	0.01228	0.00583	0.00750	0.00641	0.00857	0.00511	0.00506	0.01379	0.01134	0.39686	0.16152	0.07001	0.20072	0.04117	0.00551	0.00154	0.00305	0.03348	0.00476	0.00549
32	0.00530	0.00386	0.00500	0.00591	0.00628	0.00356	0.00397	0.00609	0.00851	0.01120	0.02606	0.76334	0.10807	0.01340	0.00553	0.00174	0.00250	0.01208	0.00405	0.00356
33	0.01320	0.15173	0.12718	0.04297	0.02601	0.08881	0.05519	0.29920	0.08271	0.03710	0.00989	0.02935	0.00765	0.00488	0.00411	0.00128	0.00529	0.00382	0.00318	0.00643
34	0.01034	0.03266	0.19184	0.08397	0.38228	0.01054	0.09035	0.05924	0.05009	0.01468	0.00905	0.02917	0.00729	0.00435	0.00436	0.00136	0.00554	0.00407	0.00235	0.00647
35	0.00977	0.01429	0.27442	0.01353	0.03550	0.01165	0.18909	0.03950	0.03964	0.01328	0.00777	0.01025	0.00624	0.00540	0.00808	0.00159	0.30813	0.00397	0.00214	0.00577
36	0.00892	0.00641	0.00751	0.00702	0.00859	0.00666	0.00531	0.10422	0.18054	0.06736	0.12902	0.24209	0.11459	0.01087	0.06039	0.02004	0.00360	0.00764	0.00420	0.00504
37	0.01160	0.10234	0.14205	0.05800	0.10427	0.10531	0.16214	0.09506	0.05826	0.04003	0.02533	0.01201	0.00804	0.00472	0.00460	0.00135	0.02856	0.02764	0.00265	0.00604
38	0.09157	0.13312	0.15307	0.03309	0.02907	0.06652	0.07197	0.06045	0.06315	0.10176	0.01199	0.04182	0.05294	0.00527	0.00431	0.00132	0.02584	0.01519	0.00295	0.03460
39	0.01180	0.02942	0.06058	0.02951	0.05513	0.03311	0.09909	0.18605	0.06540	0.07828	0.01089	0.05067	0.00890	0.02059	0.01633	0.00140	0.04628	0.01388	0.01190	0.17078
40	0.06254	0.12057	0.04598	0.07731	0.07681	0.13706	0.04776	0.06957	0.10812	0.02547	0.00905	0.02673	0.00745	0.00534	0.01604	0.00139	0.10215	0.00370	0.00265	0.05431
41	0.01054	0.05575	0.03039	0.04759	0.14715	0.15186	0.03928	0.05788	0.09407	0.02571	0.06679	0.09323	0.07361	0.03639	0.02165	0.00157	0.02268	0.00532	0.00307	0.01546
42	0.02697	0.07635	0.02833	0.02862	0.12569	0.10349	0.05825	0.07198	0.06344	0.03789	0.07575	0.05565	0.07405	0.00595	0.00489	0.00131	0.05300	0.01888	0.00306	0.08643

[dist]
# distance from previous block
# <min> <max>
21	207

[block]
# block no. 5 follows, 60 sequences, length 10
# corresponding to MSA columns:
# 925-934
name=unknown_F
#
# <colnr> <probs for GDERKNQSTAVLIFYWHMCP>
#	G	D	E	R	K	N	Q	S	T	A	V	L	I	F	Y	W	H	M	C	P
0	0.02911	0.08161	0.10722	0.05564	0.15774	0.08241	0.00943	0.15061	0.08174	0.04603	0.02757	0.03320	0.00888	0.01807	0.03011	0.00152	0.02454	0.00402	0.03120	0.01933
1	0.00823	0.05088	0.02350	0.03619	0.04568	0.02429	0.02976	0.04350	0.00874	0.04375	0.02688	0.12419	0.06843	0.28485	0.09333	0.00285	0.00486	0.00610	0.00297	0.07102
2	0.04502	0.06465	0.02878	0.04601	0.11251	0.02436	0.03045	0.01029	0.03741	0.03072	0.12432	0.15657	0.15579	0.02950	0.00503	0.00146	0.00358	0.02163	0.02772	0.04421
3	0.03447	0.10890	0.16173	0.06251	0.10039	0.02642	0.02879	0.13256	0.04385	0.03234	0.01077	0.08874	0.00960	0.00657	0.03004	0.00155	0.04668	0.03719	0.00283	0.03408
4	0.07859	0.09272	0.03939	0.03528	0.08916	0.06378	0.02729	0.21509	0.14198	0.07789	0.04345	0.01239	0.00950	0.02803	0.00485	0.00140	0.02550	0.00400	0.00344	0.00628
5	0.00647	0.02785	0.00644	0.00599	0.00718	0.00467	0.02599	0.02385	0.00979	0.03890	0.12803	0.30116	0.30147	0.03028	0.04071	0.00185	0.00310	0.02829	0.00398	0.00400
6	0.06277	0.06126	0.03760	0.03379	0.06584	0.04747	0.04149	0.25767	0.26833	0.03283	0.01294	0.01297	0.03524	0.00524	0.00423	0.00135	0.00452	0.00422	0.00368	0.00656
7	0.00563	0.00413	0.00516	0.00585	0.00634	0.00388	0.00399	0.00672	0.02778	0.01136	0.04766	0.57687	0.13141	0.10105	0.00725	0.00198	0.00274	0.04269	0.00393	0.00358
8	0.01099	0.19805	0.12850	0.04046	0.04398	0.04400	0.08047	0.11600	0.02074	0.05828	0.01188	0.10216	0.02738	0.01736	0.00487	0.00141	0.03425	0.05064	0.00289	0.00567
9	0.01195	0.47372	0.05209	0.00983	0.04068	0.04059	0.09538	0.05579	0.06289	0.06333	0.00856	0.00979	0.00705	0.02214	0.02800	0.00136	0.00522	0.00328	0.00248	0.00588

[dist]
# distance from previous block
# <min> <max>
0	1

[block]
# block no. 6 follows, 60 sequences, length 18
# corresponding to MSA columns:
# 936-953
name=unknown_G
#
# <colnr> <probs for GDERKNQSTAVLIFYWHMCP>
#	G	D	E	R	K	N	Q	S	T	A	V	L	I	F	Y	W	H	M	C	P
0	0.00553	0.00441	0.00492	0.00484	0.00609	0.00384	0.00359	0.00692	0.01062	0.01361	0.30406	0.06264	0.51176	0.03101	0.00558	0.00152	0.00222	0.00879	0.00427	0.00380
1	0.00584	0.00435	0.00573	0.05094	0.00779	0.00421	0.00455	0.02846	0.00917	0.01218	0.09284	0.64369	0.08928	0.01232	0.00540	0.00168	0.00270	0.01107	0.00401	0.00378
2	0.06918	0.03699	0.03112	0.02814	0.07848	0.13109	0.06814	0.22819	0.05608	0.08586	0.01005	0.02880	0.00798	0.03652	0.00567	0.00146	0.07126	0.00402	0.00323	0.01774
3	0.01256	0.39711	0.08207	0.00984	0.01323	0.18587	0.06354	0.09881	0.01082	0.01274	0.00718	0.00851	0.00605	0.00523	0.03180	0.00133	0.04238	0.00301	0.00225	0.00567
4	0.04869	0.01115	0.08890	0.03037	0.14829	0.05352	0.05943	0.13180	0.02796	0.01622	0.02353	0.02597	0.00767	0.00424	0.00394	0.00110	0.00464	0.00359	0.00277	0.30624
5	0.01090	0.08960	0.05616	0.04909	0.06238	0.04396	0.02472	0.15932	0.08366	0.06465	0.03880	0.11072	0.03025	0.11068	0.02250	0.00184	0.02661	0.00536	0.00332	0.00549
6	0.04760	0.00740	0.00787	0.02355	0.03175	0.05186	0.00548	0.16066	0.02393	0.06253	0.01279	0.05963	0.01089	0.07936	0.07016	0.00194	0.02286	0.00461	0.31018	0.00496
7	0.00813	0.00589	0.00761	0.04740	0.02398	0.00602	0.02683	0.09627	0.05773	0.04348	0.01979	0.35969	0.06882	0.10008	0.02375	0.00198	0.00361	0.04694	0.04754	0.00447
8	0.02849	0.04731	0.03598	0.05707	0.13267	0.10130	0.11012	0.21828	0.02979	0.05663	0.02562	0.04093	0.02286	0.00502	0.00448	0.00130	0.01918	0.00427	0.00310	0.05561
9	0.00807	0.00671	0.06808	0.00726	0.03083	0.00595	0.00564	0.07060	0.00923	0.05790	0.11016	0.04065	0.05887	0.24174	0.23600	0.02314	0.00607	0.00570	0.00312	0.00426
10	0.00634	0.00424	0.00480	0.00479	0.00483	0.00422	0.00271	0.00642	0.00660	0.00885	0.04878	0.02872	0.01696	0.81018	0.02145	0.00410	0.00413	0.00641	0.00274	0.00271
11	0.02957	0.05110	0.10530	0.14662	0.15796	0.02144	0.00984	0.09780	0.04348	0.02969	0.01243	0.03569	0.02213	0.04654	0.01635	0.00169	0.02077	0.14317	0.00289	0.00554
12	0.05766	0.09038	0.42101	0.07887	0.07132	0.03847	0.02737	0.09983	0.01060	0.04052	0.02018	0.00987	0.00653	0.00433	0.00403	0.00132	0.00572	0.00340	0.00237	0.00622
13	0.00630	0.00440	0.00560	0.00560	0.00590	0.00469	0.00370	0.00689	0.00659	0.00908	0.01297	0.02426	0.01400	0.54098	0.32540	0.00527	0.00703	0.00572	0.00253	0.00311
14	0.00609	0.00424	0.00567	0.00651	0.00712	0.00401	0.00483	0.00724	0.00906	0.02991	0.04225	0.55728	0.07120	0.01281	0.00563	0.00180	0.00291	0.21359	0.00409	0.00377
15	0.04827	0.11144	0.19709	0.10946	0.14363	0.08899	0.02621	0.04630	0.03700	0.04712	0.02513	0.04250	0.02516	0.00563	0.02674	0.00147	0.00553	0.00399	0.00253	0.00583
16	0.04897	0.06901	0.10865	0.04395	0.02885	0.04069	0.13479	0.16095	0.06970	0.01611	0.01130	0.04807	0.00982	0.00685	0.03897	0.00166	0.03805	0.07989	0.02208	0.02164
17	0.01067	0.01123	0.07621	0.19865	0.08189	0.12679	0.10402	0.07410	0.02830	0.03577	0.05504	0.03049	0.00955	0.02431	0.02354	0.00155	0.03695	0.00436	0.06118	0.00541

[dist]
# distance from previous block
# <min> <max>
0	4

[block]
# block no. 7 follows, 60 sequences, length 23
# corresponding to MSA columns:
# 958-964,968-983
name=unknown_H
#
# <colnr> <probs for GDERKNQSTAVLIFYWHMCP>
#	G	D	E	R	K	N	Q	S	T	A	V	L	I	F	Y	W	H	M	C	P
0	0.26475	0.00888	0.01091	0.24696	0.05453	0.03572	0.00860	0.04916	0.00873	0.04137	0.00801	0.04814	0.00682	0.00546	0.00604	0.00151	0.18306	0.00380	0.00250	0.00505
1	0.04965	0.08123	0.12478	0.03798	0.07879	0.00965	0.05742	0.12792	0.09944	0.02724	0.06043	0.11661	0.03928	0.02196	0.02316	0.00159	0.01316	0.02081	0.00322	0.00568
2	0.08399	0.02240	0.05431	0.04328	0.09821	0.00751	0.01725	0.05901	0.08121	0.05511	0.14907	0.05799	0.09987	0.00737	0.03062	0.00152	0.00384	0.01738	0.04992	0.06013
3	0.00710	0.05393	0.02424	0.06773	0.00925	0.02681	0.02207	0.00850	0.00875	0.02723	0.08370	0.35034	0.03477	0.06733	0.12132	0.00246	0.00454	0.00793	0.06795	0.00406
4	0.00550	0.00398	0.00508	0.00575	0.00617	0.00373	0.00387	0.00634	0.00857	0.01138	0.08709	0.59163	0.10432	0.10322	0.03007	0.00212	0.00290	0.01087	0.00391	0.00351
5	0.02873	0.17170	0.17552	0.05188	0.09479	0.04681	0.25658	0.07363	0.01057	0.03745	0.00822	0.01000	0.00631	0.00404	0.00421	0.00130	0.00604	0.00380	0.00232	0.00609
6	0.00606	0.00423	0.00532	0.00559	0.00587	0.00430	0.00366	0.00662	0.00715	0.00964	0.01685	0.22932	0.03707	0.44239	0.17304	0.00404	0.00519	0.02751	0.00300	0.00317
7	0.00741	0.00423	0.00585	0.00575	0.00604	0.00431	0.00396	0.02339	0.00673	0.00904	0.02857	0.01739	0.07764	0.07648	0.06525	0.61012	0.01922	0.00458	0.02156	0.00249
8	0.00805	0.00833	0.08959	0.02637	0.12267	0.00717	0.10915	0.04614	0.01936	0.01350	0.04241	0.30394	0.03369	0.00966	0.05194	0.00184	0.02581	0.02144	0.05399	0.00494
9	0.01087	0.11894	0.10494	0.04392	0.05239	0.00950	0.02647	0.07225	0.14441	0.12003	0.03793	0.03829	0.08861	0.06610	0.00582	0.00158	0.02120	0.02753	0.00343	0.00578
10	0.00676	0.00492	0.00573	0.00533	0.00676	0.00446	0.00405	0.04467	0.01168	0.04870	0.41039	0.03492	0.37647	0.00953	0.00508	0.00141	0.00232	0.00813	0.00448	0.00422
11	0.01078	0.17486	0.36209	0.01175	0.06099	0.18090	0.04837	0.01384	0.00994	0.01238	0.01002	0.01114	0.06557	0.00461	0.00398	0.00125	0.00606	0.00354	0.00213	0.00579
12	0.17091	0.03831	0.07214	0.05061	0.04574	0.02990	0.06197	0.21357	0.04085	0.08149	0.02144	0.11118	0.01019	0.00588	0.00435	0.00141	0.01631	0.01450	0.00339	0.00588
13	0.00579	0.00453	0.00530	0.00569	0.02175	0.00412	0.00402	0.01784	0.00956	0.01213	0.10037	0.21759	0.40774	0.09050	0.02157	0.00192	0.00283	0.05908	0.00392	0.00373
14	0.01012	0.00975	0.01591	0.16303	0.57195	0.02565	0.01236	0.01253	0.00946	0.01323	0.00865	0.04922	0.00762	0.00471	0.00511	0.00139	0.06667	0.00425	0.00219	0.00621
15	0.01522	0.14147	0.01367	0.01080	0.07184	0.35862	0.00807	0.07006	0.07568	0.16503	0.02284	0.01050	0.00798	0.00474	0.00396	0.00119	0.00575	0.00344	0.00313	0.00601
16	0.00982	0.00773	0.00912	0.00656	0.01039	0.00586	0.00526	0.01174	0.00930	0.07381	0.00845	0.00947	0.00678	0.00339	0.00332	0.00070	0.00327	0.00272	0.00279	0.80954
17	0.00553	0.00401	0.00525	0.00618	0.00652	0.00382	0.00416	0.00673	0.03921	0.01141	0.02380	0.81209	0.02825	0.01337	0.00552	0.00176	0.00257	0.01211	0.00406	0.00367
18	0.00886	0.12862	0.60799	0.01086	0.01630	0.01030	0.01338	0.01303	0.00949	0.01375	0.09419	0.01141	0.00937	0.00457	0.00405	0.00130	0.00565	0.00359	0.00218	0.03109
19	0.07426	0.52276	0.07215	0.00806	0.01151	0.03929	0.00776	0.06107	0.06470	0.02528	0.02228	0.01931	0.00730	0.00508	0.02350	0.00125	0.02330	0.00303	0.00241	0.00569
20	0.04236	0.06292	0.04295	0.00752	0.01035	0.04192	0.00628	0.11719	0.04698	0.12341	0.05862	0.06029	0.06536	0.04672	0.01934	0.00143	0.02346	0.00464	0.00348	0.21478
21	0.06836	0.12272	0.06435	0.01786	0.02418	0.12135	0.02814	0.13285	0.08199	0.06907	0.04443	0.02478	0.02105	0.02279	0.05673	0.00174	0.01358	0.06193	0.00321	0.01888
22	0.09420	0.11161	0.06396	0.04493	0.01255	0.17902	0.00778	0.14446	0.13378	0.04086	0.03196	0.02513	0.05918	0.00555	0.00406	0.00131	0.00491	0.02577	0.00323	0.00575

[dist]
# distance from previous block
# <min> <max>
5	60

[block]
# block no. 8 follows, 60 sequences, length 17
# corresponding to MSA columns:
# 1055-1071
name=unknown_I
#
# <colnr> <probs for GDERKNQSTAVLIFYWHMCP>
#	G	D	E	R	K	N	Q	S	T	A	V	L	I	F	Y	W	H	M	C	P
0	0.13871	0.05684	0.07687	0.02787	0.05597	0.05611	0.02281	0.16236	0.11764	0.07658	0.05980	0.03293	0.07512	0.00569	0.00413	0.00134	0.00427	0.00452	0.01452	0.00591
1	0.12819	0.19567	0.15179	0.01048	0.04592	0.15499	0.05451	0.12969	0.02589	0.03736	0.00857	0.00948	0.02083	0.00442	0.00375	0.00123	0.00545	0.00325	0.00262	0.00590
2	0.01971	0.00846	0.04185	0.05146	0.04437	0.06776	0.00655	0.10727	0.07459	0.05337	0.11718	0.15683	0.09686	0.07165	0.00627	0.00164	0.02662	0.00646	0.00363	0.03746
3	0.02299	0.22310	0.15109	0.01044	0.07154	0.10195	0.03010	0.05910	0.04450	0.07929	0.02323	0.09904	0.02212	0.00577	0.00410	0.00130	0.00497	0.03674	0.00288	0.00575
4	0.04093	0.40702	0.14746	0.03796	0.01405	0.07819	0.06737	0.02606	0.04961	0.04249	0.00771	0.00886	0.00625	0.00427	0.00404	0.00119	0.04542	0.00307	0.00225	0.00578
5	0.00619	0.00436	0.00521	0.00543	0.00640	0.00389	0.00389	0.00729	0.00962	0.05272	0.13834	0.32246	0.32495	0.06141	0.00630	0.00174	0.00254	0.02930	0.00413	0.00382
6	0.00914	0.00954	0.08254	0.14862	0.28436	0.01933	0.05968	0.01192	0.03662	0.02932	0.05618	0.04293	0.05681	0.02232	0.06788	0.01665	0.03320	0.00485	0.00257	0.00555
