[name]
unknown

[dist]
# distance from previous block
# <min> <max>
0	161

[block]
# block no. 0 follows, 72 sequences, length 29
# corresponding to MSA columns:
# 161-189
name=unknown_A
#
# <colnr> <probs for GDERKNQSTAVLIFYWHMCP>
#	G	D	E	R	K	N	Q	S	T	A	V	L	I	F	Y	W	H	M	C	P
0	0.00593	0.00423	0.00590	0.00677	0.00756	0.00421	0.00579	0.00754	0.00855	0.01114	0.02018	0.14512	0.02223	0.01065	0.00519	0.00172	0.00333	0.71702	0.00350	0.00344
1	0.00765	0.00702	0.01180	0.68186	0.15843	0.00833	0.01042	0.01009	0.00790	0.02501	0.03114	0.01057	0.00618	0.00386	0.00381	0.00124	0.00484	0.00348	0.00184	0.00453
2	0.00761	0.01962	0.84707	0.01081	0.01641	0.00881	0.01401	0.01201	0.00801	0.01201	0.00681	0.00801	0.00480	0.00360	0.00360	0.00120	0.00560	0.00280	0.00160	0.00560
3	0.89350	0.00733	0.00557	0.00499	0.00733	0.00851	0.00411	0.01115	0.00645	0.01702	0.00528	0.00616	0.00411	0.00352	0.00235	0.00117	0.00293	0.00205	0.00235	0.00411
4	0.00449	0.00380	0.00388	0.00395	0.00515	0.00319	0.00293	0.00543	0.00854	0.01020	0.03708	0.10002	0.77886	0.00978	0.00451	0.00130	0.00194	0.00822	0.00352	0.00319
5	0.00925	0.00894	0.01546	0.06642	0.76751	0.00900	0.04437	0.01156	0.00859	0.01224	0.00713	0.00946	0.00595	0.00339	0.00379	0.00114	0.00461	0.00342	0.00187	0.00588
6	0.00930	0.00892	0.01523	0.05674	0.81029	0.00899	0.01159	0.01156	0.00859	0.01228	0.00712	0.00942	0.00597	0.00340	0.00376	0.00113	0.00453	0.00338	0.00187	0.00594
7	0.00939	0.00901	0.01539	0.02328	0.84306	0.00901	0.01164	0.01164	0.00864	0.01239	0.00713	0.00939	0.00601	0.00338	0.00375	0.00113	0.00451	0.00338	0.00188	0.00601
8	0.01599	0.00662	0.00877	0.00682	0.00961	0.00595	0.00562	0.08342	0.01136	0.71975	0.05406	0.01404	0.01071	0.00497	0.00388	0.00119	0.00324	0.02319	0.00457	0.00625
9	0.01512	0.00726	0.00868	0.00695	0.00954	0.05474	0.00559	0.07723	0.05980	0.61185	0.01427	0.06159	0.01009	0.03375	0.00437	0.00127	0.00345	0.00419	0.00427	0.00598
10	0.01702	0.00645	0.00880	0.00675	0.00968	0.00557	0.00557	0.01848	0.01085	0.84568	0.01496	0.01291	0.00939	0.00469	0.00381	0.00117	0.00323	0.00381	0.00469	0.00645
11	0.00864	0.00919	0.01723	0.01421	0.09954	0.00998	0.43036	0.01102	0.02360	0.01116	0.00731	0.03799	0.00628	0.00468	0.00705	0.00140	0.28940	0.00419	0.00192	0.00483
12	0.06309	0.01031	0.01199	0.32348	0.03083	0.22078	0.08346	0.01128	0.00808	0.01018	0.00615	0.00867	0.00502	0.00435	0.00550	0.00127	0.18627	0.00315	0.00181	0.00435
13	0.00739	0.00697	0.01178	0.77367	0.10830	0.00848	0.01064	0.00989	0.00769	0.00996	0.00678	0.01004	0.00515	0.00375	0.00379	0.00125	0.00500	0.00337	0.00170	0.00439
14	0.00939	0.00901	0.01539	0.02328	0.84306	0.00901	0.01164	0.01164	0.00864	0.01239	0.00713	0.00939	0.00601	0.00338	0.00375	0.00113	0.00451	0.00338	0.00188	0.00601
15	0.00945	0.13459	0.38579	0.01087	0.01497	0.16960	0.16921	0.01259	0.02414	0.01113	0.00696	0.02110	0.00545	0.00369	0.00360	0.00113	0.00568	0.00310	0.00180	0.00515
16	0.00870	0.00875	0.01274	0.47026	0.31597	0.09790	0.01059	0.01096	0.00829	0.01061	0.00679	0.00951	0.00538	0.00366	0.00374	0.00118	0.00505	0.00328	0.00178	0.00487
17	0.00939	0.00901	0.01539	0.02328	0.84306	0.00901	0.01164	0.01164	0.00864	0.01239	0.00713	0.00939	0.00601	0.00338	0.00375	0.00113	0.00451	0.00338	0.00188	0.00601
18	0.00701	0.00596	0.01708	0.00755	0.04021	0.06032	0.05547	0.02028	0.01982	0.05357	0.01692	0.45503	0.05185	0.03816	0.00571	0.00152	0.07324	0.06338	0.00311	0.00379
19	0.01591	0.00777	0.04945	0.00741	0.01049	0.00675	0.02143	0.13305	0.02640	0.65931	0.01362	0.01211	0.00873	0.00460	0.00381	0.00117	0.00353	0.00373	0.00435	0.00638
20	0.00930	0.00892	0.01524	0.05551	0.81150	0.00899	0.01160	0.01156	0.00859	0.01229	0.00712	0.00941	0.00597	0.00340	0.00376	0.00113	0.00453	0.00338	0.00187	0.00594
21	0.00939	0.00893	0.01474	0.02178	0.76295	0.00905	0.01110	0.01246	0.08820	0.01272	0.00793	0.00984	0.00654	0.00355	0.00376	0.00114	0.00436	0.00347	0.00207	0.00601
22	0.01014	0.86900	0.01987	0.00649	0.00973	0.01501	0.00649	0.01136	0.00771	0.00892	0.00527	0.00608	0.00487	0.00324	0.00243	0.00081	0.00406	0.00203	0.00162	0.00487
23	0.00617	0.00489	0.00590	0.00504	0.00676	0.00420	0.00387	0.00819	0.04154	0.01385	0.47350	0.02257	0.11340	0.00638	0.00395	0.00102	0.00215	0.00551	0.00352	0.26758
24	0.00943	0.00815	0.00858	0.00772	0.00986	0.00943	0.00600	0.02015	0.83621	0.01586	0.01544	0.01415	0.01158	0.00515	0.00386	0.00129	0.00300	0.00429	0.00386	0.00600
25	0.00659	0.00329	0.00494	0.00494	0.00494	0.00329	0.00329	0.00494	0.00494	0.00659	0.00659	0.01153	0.00659	0.01318	0.01482	0.88966	0.00329	0.00329	0.00165	0.00165
26	0.00907	0.00869	0.01483	0.14022	0.72855	0.00893	0.01148	0.01137	0.00849	0.01201	0.00708	0.00949	0.00587	0.00344	0.00376	0.00115	0.00458	0.00338	0.00185	0.00576
27	0.01449	0.01050	0.01131	0.00867	0.01170	0.01158	0.00716	0.80688	0.01763	0.04772	0.00928	0.00922	0.00653	0.00456	0.00379	0.00114	0.00415	0.00343	0.00382	0.00645
28	0.00846	0.00852	0.01229	0.56185	0.22482	0.09930	0.01046	0.01075	0.00818	0.01031	0.00674	0.00958	0.00527	0.00370	0.00374	0.00120	0.00511	0.00327	0.00176	0.00467

[dist]
# distance from previous block
# <min> <max>
3	9

[block]
# block no. 1 follows, 72 sequences, length 35
# corresponding to MSA columns:
# 199-233
name=unknown_B
#
# <colnr> <probs for GDERKNQSTAVLIFYWHMCP>
#	G	D	E	R	K	N	Q	S	T	A	V	L	I	F	Y	W	H	M	C	P
0	0.00750	0.00640	0.00777	0.00646	0.05231	0.00501	0.00476	0.00913	0.00800	0.01217	0.03247	0.05973	0.04363	0.00396	0.00315	0.00072	0.00281	0.02197	0.00244	0.70958
1	0.82256	0.00758	0.00662	0.00567	0.00811	0.00866	0.04753	0.03402	0.00690	0.01695	0.00551	0.00646	0.00426	0.00353	0.00250	0.00118	0.00315	0.00222	0.00236	0.00423
2	0.00448	0.00384	0.00384	0.00384	0.00512	0.00320	0.00288	0.00544	0.00864	0.01025	0.03842	0.03650	0.84152	0.00960	0.00448	0.00128	0.00192	0.00800	0.00352	0.00320
3	0.00786	0.00674	0.00786	0.00562	0.00899	0.00506	0.00449	0.00955	0.00786	0.01236	0.00674	0.00786	0.00562	0.00281	0.00281	0.00056	0.00281	0.00225	0.00225	0.88990
4	0.01615	0.00848	0.00958	0.00748	0.01035	0.08329	0.00611	0.20832	0.01248	0.57783	0.01277	0.01147	0.00829	0.00459	0.00377	0.00115	0.00377	0.00360	0.00424	0.00627
5	0.01383	0.01162	0.01083	0.00878	0.01144	0.18268	0.00712	0.58989	0.01561	0.03618	0.00933	0.01109	0.00727	0.00484	0.00382	0.00115	0.00465	0.06063	0.00341	0.00582
6	0.00552	0.00368	0.00414	0.00414	0.00414	0.00368	0.00230	0.00552	0.00552	0.00735	0.01195	0.02482	0.01379	0.86672	0.01930	0.00368	0.00368	0.00552	0.00230	0.00230
7	0.00786	0.00674	0.00786	0.00562	0.00899	0.00506	0.00449	0.00955	0.00786	0.01236	0.00674	0.00786	0.00562	0.00281	0.00281	0.00056	0.00281	0.00225	0.00225	0.88990
8	0.00542	0.00406	0.00610	0.00610	0.00677	0.00474	0.00474	0.00677	0.00610	0.00880	0.01016	0.01490	0.00948	0.02844	0.85169	0.00610	0.01016	0.00406	0.00203	0.00339
9	0.00939	0.00901	0.01539	0.02328	0.84306	0.00901	0.01164	0.01164	0.00864	0.01239	0.00713	0.00939	0.00601	0.00338	0.00375	0.00113	0.00451	0.00338	0.00188	0.00601
10	0.06364	0.33287	0.14619	0.00814	0.01119	0.23812	0.00775	0.01317	0.02837	0.07756	0.00669	0.00742	0.00534	0.00378	0.00339	0.00101	0.03585	0.00251	0.00205	0.00494
11	0.00903	0.00922	0.04940	0.16582	0.48442	0.00893	0.17319	0.01159	0.00854	0.03244	0.00735	0.00971	0.00583	0.00346	0.00390	0.00118	0.00499	0.00358	0.00191	0.00551
12	0.00450	0.00379	0.00389	0.00398	0.00516	0.00319	0.00294	0.00543	0.00852	0.01019	0.03679	0.11339	0.76567	0.00982	0.00452	0.00130	0.00195	0.00826	0.00352	0.00319
13	0.00461	0.00354	0.00422	0.00470	0.00536	0.00316	0.00328	0.00545	0.00799	0.01021	0.07399	0.49883	0.33951	0.01077	0.00468	0.00142	0.00207	0.00949	0.00356	0.00316
14	0.00963	0.01468	0.44717	0.00995	0.01403	0.04442	0.05842	0.11399	0.10127	0.07596	0.00914	0.03048	0.00690	0.00435	0.00404	0.00123	0.03130	0.01498	0.00246	0.00560
15	0.00963	0.01514	0.51814	0.01090	0.01553	0.00841	0.15479	0.01330	0.02149	0.16636	0.00856	0.00940	0.00593	0.00382	0.00397	0.00122	0.02217	0.00332	0.00227	0.00565
16	0.00460	0.00370	0.00412	0.00443	0.00536	0.00322	0.00322	0.00550	0.00822	0.01012	0.03216	0.29388	0.55132	0.01035	0.00463	0.00138	0.00208	0.04503	0.00352	0.00318
17	0.00820	0.05090	0.77190	0.01043	0.01581	0.00887	0.01329	0.01233	0.00815	0.05568	0.00718	0.00819	0.00505	0.00365	0.00357	0.00118	0.00542	0.00283	0.00176	0.00562
18	0.01012	0.04971	0.30246	0.00985	0.05626	0.03171	0.07708	0.01306	0.03457	0.20813	0.06934	0.01326	0.02244	0.00473	0.00418	0.00122	0.03621	0.04753	0.00277	0.00538
19	0.09081	0.00947	0.06408	0.16700	0.34216	0.04807	0.04045	0.08243	0.05026	0.03780	0.02688	0.00980	0.00663	0.00383	0.00366	0.00117	0.00450	0.00336	0.00227	0.00537
20	0.00827	0.00788	0.01338	0.44056	0.43447	0.00872	0.01109	0.01066	0.00811	0.01104	0.00694	0.00975	0.00553	0.00359	0.00377	0.00120	0.00478	0.00337	0.00178	0.00511
21	0.00843	0.00776	0.05659	0.38043	0.03009	0.00765	0.19855	0.01088	0.00841	0.10446	0.02377	0.07213	0.02227	0.00481	0.00411	0.00130	0.00480	0.04655	0.00237	0.00463
22	0.00907	0.00932	0.13238	0.03773	0.11388	0.02729	0.23123	0.01149	0.01727	0.13640	0.03416	0.11098	0.08940	0.00533	0.00426	0.00126	0.01585	0.00503	0.00269	0.00499
23	0.00957	0.33315	0.37615	0.03739	0.01341	0.02317	0.02187	0.03612	0.00837	0.07352	0.00686	0.00779	0.00525	0.00367	0.00346	0.00107	0.02928	0.00266	0.00192	0.00531
24	0.00766	0.00781	0.10720	0.07113	0.15439	0.01499	0.10149	0.00986	0.02756	0.07147	0.06259	0.23953	0.06491	0.00670	0.00425	0.00131	0.00382	0.03596	0.00281	0.00457
25	0.00863	0.01747	0.70618	0.01037	0.01543	0.00845	0.02970	0.01254	0.00827	0.10234	0.00788	0.02181	0.00564	0.00391	0.00387	0.00122	0.02560	0.00308	0.00197	0.00561
26	0.00764	0.06802	0.44379	0.14647	0.06864	0.00838	0.02410	0.01078	0.00800	0.02814	0.00984	0.06165	0.05491	0.00466	0.00391	0.00123	0.02000	0.02286	0.00197	0.00501
27	0.00876	0.00837	0.01426	0.25961	0.61165	0.00885	0.01133	0.01109	0.00834	0.01163	0.00702	0.00959	0.00574	0.00350	0.00377	0.00117	0.00466	0.00338	0.00182	0.00550
28	0.00748	0.06095	0.61558	0.06179	0.02726	0.00854	0.04838	0.01112	0.00794	0.01147	0.00826	0.09890	0.00703	0.00445	0.00373	0.00122	0.00515	0.00372	0.00183	0.00520
29	0.00836	0.00856	0.12851	0.26728	0.09181	0.00732	0.12028	0.01087	0.02082	0.10980	0.01166	0.13792	0.04971	0.00526	0.00405	0.00128	0.00444	0.00483	0.00247	0.00477
30	0.00891	0.01869	0.02760	0.14266	0.17140	0.03386	0.14982	0.01087	0.00858	0.12683	0.01199	0.19919	0.01136	0.00591	0.00419	0.00130	0.00426	0.05511	0.00270	0.00477
31	0.00824	0.00782	0.01326	0.39408	0.45275	0.00856	0.01089	0.01057	0.00812	0.01110	0.00740	0.03693	0.00619	0.00383	0.00381	0.00120	0.00468	0.00361	0.00184	0.00512
32	0.00817	0.00856	0.11910	0.05492	0.01386	0.00685	0.31968	0.01045	0.00849	0.10175	0.02973	0.23844	0.03766	0.00618	0.00450	0.01394	0.00449	0.00595	0.00268	0.00459
33	0.00865	0.04633	0.31962	0.05570	0.10571	0.03626	0.24600	0.01176	0.00850	0.04567	0.00865	0.05060	0.01864	0.00410	0.00393	0.00122	0.00532	0.01612	0.00201	0.00522
34	0.00895	0.00760	0.01258	0.40949	0.35498	0.00833	0.01031	0.01140	0.02517	0.08629	0.00808	0.02617	0.00634	0.00389	0.00380	0.00121	0.00457	0.00357	0.00211	0.00516

[dist]
# distance from previous block
# <min> <max>
18	28

[block]
# block no. 2 follows, 72 sequences, length 27
# corresponding to MSA columns:
# 272-298
name=unknown_C
#
# <colnr> <probs for GDERKNQSTAVLIFYWHMCP>
#	G	D	E	R	K	N	Q	S	T	A	V	L	I	F	Y	W	H	M	C	P
0	0.07400	0.24886	0.30108	0.00801	0.01170	0.04843	0.00864	0.07124	0.00886	0.05484	0.00940	0.01080	0.06099	0.00427	0.00330	0.00108	0.00440	0.03354	0.00222	0.03435
1	0.06239	0.39091	0.29098	0.00785	0.01169	0.01106	0.00864	0.03084	0.00832	0.10759	0.01692	0.00820	0.00589	0.01997	0.00335	0.00107	0.00438	0.00265	0.00211	0.00522
2	0.33184	0.15247	0.22525	0.00761	0.01094	0.06592	0.03197	0.01242	0.04998	0.05482	0.00705	0.02232	0.00552	0.00380	0.00301	0.00112	0.00417	0.00269	0.00221	0.00486
3	0.29916	0.04166	0.17617	0.00820	0.01150	0.03918	0.08846	0.11297	0.00940	0.14993	0.02480	0.00885	0.00625	0.00391	0.00331	0.00117	0.00416	0.00300	0.00271	0.00520
4	0.21852	0.10199	0.01048	0.00821	0.01047	0.49348	0.00646	0.07245	0.02532	0.01222	0.00608	0.00690	0.00494	0.00382	0.00310	0.00102	0.00538	0.00241	0.00218	0.00455
5	0.63605	0.03454	0.05416	0.03540	0.00903	0.00865	0.00528	0.05310	0.00738	0.03344	0.00591	0.00687	0.00456	0.00363	0.00286	0.00113	0.02475	0.00229	0.00236	0.06859
6	0.00495	0.00353	0.00474	0.00559	0.00594	0.00336	0.00401	0.00581	0.00750	0.00994	0.02044	0.66898	0.02405	0.03987	0.00540	0.00165	0.00251	0.17511	0.00347	0.00314
7	0.12512	0.00826	0.03530	0.00713	0.01000	0.05455	0.00599	0.12389	0.05020	0.52188	0.01224	0.01113	0.00805	0.00447	0.00360	0.00116	0.00358	0.00346	0.00399	0.00600
8	0.01702	0.00645	0.00880	0.00675	0.00968	0.00557	0.00557	0.01848	0.01085	0.84568	0.01496	0.01291	0.00939	0.00469	0.00381	0.00117	0.00323	0.00381	0.00469	0.00645
9	0.00462	0.00330	0.00440	0.00528	0.00550	0.00308	0.00352	0.00528	0.00726	0.00968	0.02090	0.86424	0.02508	0.01188	0.00484	0.00154	0.00220	0.01078	0.00352	0.00308
10	0.00538	0.00371	0.00493	0.00538	0.00599	0.00347	0.00395	0.00653	0.00855	0.03461	0.24094	0.47060	0.05405	0.01030	0.00476	0.00146	0.00230	0.12601	0.00372	0.00337
11	0.00880	0.07029	0.66757	0.01023	0.01529	0.00890	0.03823	0.01280	0.02466	0.09720	0.00774	0.00858	0.00544	0.00371	0.00358	0.00118	0.00524	0.00294	0.00197	0.00564
12	0.01337	0.00974	0.01060	0.00830	0.01102	0.01074	0.00678	0.71965	0.01635	0.03574	0.00974	0.03911	0.00751	0.03006	0.05188	0.00150	0.00441	0.00377	0.00366	0.00605
13	0.01702	0.00645	0.00880	0.00675	0.00968	0.00557	0.00557	0.01848	0.01085	0.84568	0.01496	0.01291	0.00939	0.00469	0.00381	0.00117	0.00323	0.00381	0.00469	0.00645
14	0.00868	0.01015	0.05381	0.12146	0.03449	0.00940	0.68013	0.01183	0.00874	0.01184	0.00751	0.01011	0.00563	0.00329	0.00434	0.00127	0.00616	0.00425	0.00188	0.00504
15	0.00919	0.00916	0.03309	0.14899	0.05931	0.02931	0.44521	0.03180	0.00896	0.07237	0.03733	0.04195	0.00761	0.00410	0.00460	0.00127	0.04418	0.00435	0.00225	0.00497
16	0.01702	0.00645	0.00880	0.00675	0.00968	0.00557	0.00557	0.01848	0.01085	0.84568	0.01496	0.01291	0.00939	0.00469	0.00381	0.00117	0.00323	0.00381	0.00469	0.00645
17	0.01687	0.00669	0.00895	0.00686	0.00980	0.00592	0.00567	0.06409	0.01125	0.79953	0.01463	0.01269	0.00922	0.00469	0.00381	0.00117	0.00328	0.00379	0.00464	0.00645
18	0.01000	0.01043	0.19939	0.16467	0.25192	0.00816	0.04664	0.03966	0.02192	0.16580	0.00947	0.01102	0.02302	0.00404	0.00381	0.00120	0.00460	0.01624	0.00245	0.00556
19	0.05868	0.20132	0.49853	0.00966	0.04251	0.02191	0.02191	0.01221	0.00816	0.06772	0.02050	0.00821	0.00565	0.00365	0.00332	0.00111	0.00489	0.00276	0.00192	0.00538
20	0.00575	0.00443	0.00564	0.00561	0.00611	0.03384	0.00406	0.00667	0.00607	0.00836	0.01057	0.01775	0.01068	0.29181	0.55983	0.00515	0.00800	0.00446	0.00211	0.00308
21	0.00990	0.31191	0.35784	0.00903	0.01300	0.12123	0.02636	0.03302	0.02116	0.03934	0.00660	0.00753	0.00516	0.00365	0.00336	0.00105	0.02017	0.00260	0.00186	0.00521
22	0.65205	0.06652	0.05769	0.00617	0.02165	0.05818	0.00531	0.02902	0.00738	0.05871	0.00602	0.00677	0.00460	0.00361	0.00262	0.00114	0.00346	0.00226	0.00238	0.00447
23	0.15266	0.08196	0.28318	0.00887	0.03991	0.03194	0.02923	0.07490	0.06805	0.11576	0.04604	0.00968	0.00734	0.00415	0.00370	0.00117	0.03044	0.00315	0.00257	0.00533
24	0.12751	0.23835	0.12349	0.02217	0.02748	0.06482	0.01829	0.12974	0.01939	0.04752	0.06921	0.01030	0.03498	0.01355	0.00340	0.00108	0.00404	0.00314	0.00249	0.03906
25	0.14134	0.22505	0.11632	0.02819	0.05571	0.07140	0.01627	0.12432	0.02170	0.06169	0.02658	0.00924	0.01557	0.02783	0.02531	0.00125	0.00436	0.00294	0.00240	0.02251
26	0.11112	0.17273	0.18420	0.00824	0.02584	0.06084	0.06405	0.04256	0.03087	0.08730	0.04665	0.01191	0.04620	0.02121	0.00373	0.00115	0.00421	0.03113	0.00247	0.04358

[dist]
# distance from previous block
# <min> <max>
5	19

[block]
# block no. 3 follows, 72 sequences, length 11
# corresponding to MSA columns:
# 318-328
name=unknown_D
#
# <colnr> <probs for GDERKNQSTAVLIFYWHMCP>
#	G	D	E	R	K	N	Q	S	T	A	V	L	I	F	Y	W	H	M	C	P
0	0.00747	0.19547	0.15264	0.00724	0.00955	0.02032	0.03883	0.04488	0.02953	0.01122	0.08804	0.20364	0.03501	0.02860	0.07282	0.00165	0.01974	0.01365	0.00257	0.01713
1	0.00861	0.18953	0.58673	0.00948	0.01421	0.00977	0.01152	0.03425	0.00831	0.04904	0.00748	0.04138	0.00586	0.00393	0.00343	0.00113	0.00501	0.00302	0.00188	0.00542
2	0.00695	0.20634	0.05730	0.00567	0.00740	0.00682	0.00497	0.03546	0.00921	0.01240	0.39421	0.01980	0.08247	0.00810	0.05156	0.07619	0.00321	0.00502	0.00304	0.00389
3	0.00768	0.00696	0.03931	0.03549	0.02291	0.04481	0.07702	0.07919	0.10743	0.03177	0.38796	0.02138	0.10963	0.00638	0.00422	0.00121	0.00310	0.00559	0.00353	0.00443
4	0.08327	0.24914	0.46790	0.00892	0.01326	0.04542	0.01039	0.01236	0.05573	0.01170	0.00672	0.00763	0.00516	0.00360	0.00319	0.00109	0.00486	0.00260	0.00181	0.00525
5	0.00558	0.00431	0.00615	0.03661	0.00714	0.00498	0.00467	0.00667	0.00624	0.00879	0.01190	0.10046	0.03789	0.14280	0.53407	0.00467	0.06657	0.00498	0.00223	0.00328
6	0.00974	0.40400	0.21412	0.00924	0.06003	0.07434	0.04077	0.03357	0.07813	0.01107	0.00687	0.00775	0.00558	0.00357	0.00311	0.00099	0.00463	0.00265	0.00193	0.02791
7	0.00476	0.00373	0.00430	0.00441	0.00535	0.00328	0.00321	0.00588	0.00892	0.01149	0.25529	0.21475	0.44195	0.00959	0.00456	0.00131	0.00195	0.00829	0.00370	0.00328
8	0.08558	0.25282	0.12286	0.00862	0.04731	0.12313	0.00765	0.21785	0.02697	0.01436	0.02394	0.00802	0.00604	0.00385	0.00319	0.00102	0.00447	0.00275	0.00240	0.03717
9	0.00855	0.14383	0.06461	0.00587	0.00751	0.00659	0.00487	0.05454	0.00801	0.13700	0.04804	0.07440	0.02916	0.31776	0.05972	0.00235	0.00399	0.01642	0.00278	0.00400
10	0.08294	0.16279	0.05731	0.00646	0.00845	0.04442	0.00559	0.08022	0.00839	0.05169	0.07070	0.01323	0.03015	0.07103	0.26120	0.00275	0.00571	0.00367	0.00246	0.03085

[dist]
# distance from previous block
# <min> <max>
2	15

[block]
# block no. 4 follows, 72 sequences, length 45
# corresponding to MSA columns:
# 344-388
name=unknown_E
#
# <colnr> <probs for GDERKNQSTAVLIFYWHMCP>
#	G	D	E	R	K	N	Q	S	T	A	V	L	I	F	Y	W	H	M	C	P
0	0.00664	0.00538	0.00617	0.00615	0.00703	0.05878	0.02691	0.10090	0.00902	0.01169	0.07551	0.51570	0.07907	0.00986	0.00499	0.03785	0.00287	0.02849	0.00337	0.00360
1	0.00854	0.33393	0.54097	0.00921	0.01394	0.01110	0.01123	0.01177	0.00790	0.01087	0.00624	0.00730	0.00483	0.00347	0.00317	0.00106	0.00503	0.00252	0.00161	0.00533
2	0.00944	0.00897	0.01500	0.05607	0.70862	0.00912	0.04108	0.03847	0.05243	0.01282	0.00764	0.00969	0.00627	0.00352	0.00379	0.00115	0.00451	0.00347	0.00204	0.00591
3	0.01466	0.01023	0.01114	0.00854	0.01157	0.01118	0.00705	0.75415	0.01718	0.10109	0.00966	0.00946	0.00673	0.00457	0.00380	0.00114	0.00408	0.00345	0.00388	0.00645
4	0.00809	0.00671	0.01113	0.77768	0.02458	0.00816	0.01007	0.01052	0.00789	0.08821	0.00751	0.01037	0.00546	0.00388	0.00379	0.00126	0.00488	0.00341	0.00197	0.00442
5	0.00912	0.00990	0.09332	0.06104	0.72729	0.00896	0.01181	0.01158	0.00853	0.01223	0.00708	0.00929	0.00585	0.00342	0.00374	0.00114	0.00463	0.00332	0.00184	0.00589
6	0.01402	0.00705	0.01075	0.00820	0.01102	0.00645	0.14170	0.05701	0.03712	0.54874	0.09116	0.02734	0.01144	0.00486	0.00400	0.00120	0.00364	0.00432	0.00410	0.00589
7	0.00544	0.00397	0.00561	0.00561	0.00612	0.00448	0.00414	0.00646	0.00595	0.00845	0.01060	0.01735	0.01055	0.23558	0.64600	0.00550	0.00856	0.00442	0.00210	0.00312
8	0.01003	0.78834	0.02011	0.00738	0.01068	0.01450	0.08377	0.01143	0.00782	0.00923	0.00550	0.00647	0.00495	0.00324	0.00263	0.00086	0.00428	0.00226	0.00165	0.00489
9	0.00986	0.00916	0.01502	0.02191	0.76498	0.00927	0.01122	0.08854	0.00950	0.01347	0.00732	0.00936	0.00605	0.00349	0.00376	0.00113	0.00447	0.00338	0.00206	0.00605
10	0.00455	0.00384	0.00393	0.00391	0.00516	0.00323	0.00293	0.00557	0.00880	0.01061	0.09775	0.03589	0.78196	0.00947	0.00448	0.00127	0.00191	0.00792	0.00357	0.00323
11	0.00550	0.00373	0.00438	0.00438	0.00447	0.00381	0.00261	0.00567	0.00559	0.00754	0.01172	0.02357	0.01325	0.76127	0.12401	0.00398	0.00449	0.00533	0.00226	0.00243
12	0.00932	0.00894	0.01527	0.04877	0.81810	0.00899	0.01161	0.01158	0.00860	0.01231	0.00712	0.00941	0.00598	0.00339	0.00376	0.00113	0.00452	0.00338	0.00187	0.00595
13	0.01058	0.00828	0.01014	0.00888	0.04568	0.04197	0.08341	0.08758	0.41295	0.12891	0.09254	0.01406	0.01207	0.00539	0.01898	0.00131	0.00368	0.00430	0.00362	0.00568
14	0.00646	0.00412	0.00542	0.00496	0.00604	0.00377	0.00377	0.00822	0.01075	0.09321	0.76347	0.02688	0.03331	0.00747	0.00441	0.00119	0.00192	0.00657	0.00422	0.00385
15	0.00527	0.00382	0.00496	0.00479	0.00563	0.00352	0.00355	0.00692	0.01033	0.01450	0.73427	0.10887	0.06291	0.00821	0.00451	0.00123	0.00183	0.00728	0.00409	0.00352
16	0.00942	0.62732	0.25523	0.00772	0.01163	0.01324	0.00863	0.01154	0.00779	0.00980	0.00571	0.00663	0.00485	0.00335	0.00277	0.00092	0.00450	0.00225	0.00162	0.00508
17	0.01458	0.02894	0.04037	0.08753	0.01207	0.09510	0.04207	0.02830	0.01028	0.55664	0.01262	0.01187	0.02300	0.00450	0.00387	0.00117	0.01388	0.00364	0.00375	0.00582
18	0.01529	0.00922	0.01051	0.00806	0.01106	0.00967	0.00666	0.55662	0.01548	0.30102	0.01108	0.01039	0.00744	0.00460	0.00380	0.00115	0.00385	0.00355	0.00410	0.00645
19	0.01014	0.86900	0.01987	0.00649	0.00973	0.01501	0.00649	0.01136	0.00771	0.00892	0.00527	0.00608	0.00487	0.00324	0.00243	0.00081	0.00406	0.00203	0.00162	0.00487
20	0.00531	0.00387	0.00498	0.00471	0.00563	0.00355	0.00353	0.00704	0.01059	0.01486	0.78520	0.02890	0.09186	0.00788	0.00447	0.00120	0.00180	0.00694	0.00413	0.00355
21	0.00488	0.00381	0.00443	0.00439	0.00540	0.00335	0.00325	0.00618	0.00942	0.01236	0.38696	0.11241	0.41155	0.00902	0.00451	0.00127	0.00189	0.00777	0.00381	0.00335
22	0.00462	0.00330	0.00440	0.00528	0.00550	0.00308	0.00352	0.00528	0.00726	0.00968	0.02090	0.86424	0.02508	0.01188	0.00484	0.00154	0.00220	0.01078	0.00352	0.00308
23	0.00542	0.00406	0.00610	0.00610	0.00677	0.00474	0.00474	0.00677	0.00610	0.00880	0.01016	0.01490	0.00948	0.02844	0.85169	0.00610	0.01016	0.00406	0.00203	0.00339
24	0.00535	0.00388	0.00505	0.00475	0.00566	0.00357	0.00357	0.00712	0.01070	0.01511	0.82581	0.02848	0.05109	0.00779	0.00447	0.00119	0.00179	0.00688	0.00416	0.00357
25	0.00467	0.00333	0.00445	0.00533	0.00557	0.00312	0.00360	0.00536	0.00731	0.00973	0.02088	0.83931	0.02498	0.01184	0.00485	0.00155	0.00224	0.03527	0.00352	0.00309
26	0.01014	0.86900	0.01987	0.00649	0.00973	0.01501	0.00649	0.01136	0.00771	0.00892	0.00527	0.00608	0.00487	0.00324	0.00243	0.00081	0.00406	0.00203	0.00162	0.00487
27	0.01693	0.00659	0.00888	0.00681	0.00975	0.00577	0.00563	0.04471	0.01108	0.81914	0.01477	0.01279	0.00929	0.00469	0.00381	0.00117	0.00326	0.00380	0.00466	0.00645
28	0.00716	0.00674	0.01138	0.85760	0.02612	0.00843	0.01053	0.00969	0.00758	0.00969	0.00674	0.01011	0.00506	0.00379	0.00379	0.00126	0.00506	0.00337	0.00169	0.00421
29	0.01022	0.85284	0.01970	0.00655	0.00977	0.03089	0.00651	0.01143	0.00776	0.00893	0.00528	0.00610	0.00487	0.00326	0.00245	0.00081	0.00411	0.00204	0.00163	0.00486
30	0.00786	0.00674	0.00786	0.00562	0.00899	0.00506	0.00449	0.00955	0.00786	0.01236	0.00674	0.00786	0.00562	0.00281	0.00281	0.00056	0.00281	0.00225	0.00225	0.88990
31	0.00781	0.11002	0.73283	0.01016	0.01537	0.00931	0.01289	0.01179	0.00806	0.01178	0.03213	0.00842	0.00576	0.00369	0.00350	0.00116	0.00532	0.00284	0.00168	0.00546
32	0.53599	0.00768	0.00694	0.00598	0.00829	0.02835	0.00483	0.14942	0.02145	0.10238	0.00858	0.08987	0.00719	0.00465	0.00303	0.00120	0.00320	0.00334	0.00296	0.00468
33	0.00953	0.00819	0.00863	0.00774	0.00990	0.00948	0.00603	0.03586	0.82034	0.01602	0.01531	0.01405	0.01148	0.00513	0.00386	0.00128	0.00302	0.00427	0.00386	0.00601
34	0.00716	0.00674	0.01138	0.85760	0.02612	0.00843	0.01053	0.00969	0.00758	0.00969	0.00674	0.01011	0.00506	0.00379	0.00379	0.00126	0.00506	0.00337	0.00169	0.00421
35	0.01442	0.01062	0.01138	0.00873	0.01176	0.01176	0.00721	0.83041	0.01783	0.02390	0.00911	0.00911	0.00645	0.00455	0.00379	0.00114	0.00417	0.00341	0.00379	0.00645
36	0.00817	0.00777	0.01319	0.48001	0.39584	0.00869	0.01103	0.01057	0.00806	0.01091	0.00692	0.00978	0.00549	0.00360	0.00377	0.00120	0.00481	0.00337	0.00177	0.00503
37	0.01024	0.00849	0.01486	0.12895	0.48115	0.00847	0.13211	0.01255	0.00890	0.14438	0.00841	0.01017	0.00638	0.00362	0.00388	0.00117	0.00466	0.00361	0.00231	0.00571
38	0.00526	0.00386	0.00493	0.00469	0.00561	0.00353	0.00351	0.00694	0.01044	0.01457	0.74050	0.05122	0.11469	0.00804	0.00448	0.00121	0.00181	0.00707	0.00409	0.00353
39	0.00761	0.01962	0.84707	0.01081	0.01641	0.00881	0.01401	0.01201	0.00801	0.01201	0.00681	0.00801	0.00480	0.00360	0.00360	0.00120	0.00560	0.00280	0.00160	0.00560
40	0.00860	0.01509	0.45092	0.01287	0.03443	0.00935	0.32034	0.06452	0.00897	0.01278	0.00725	0.00895	0.00530	0.00356	0.00410	0.00123	0.02094	0.00349	0.00187	0.00546
41	0.01649	0.00700	0.00910	0.00701	0.00994	0.00643	0.00578	0.11585	0.03535	0.72340	0.01427	0.01249	0.00910	0.00469	0.00381	0.00117	0.00333	0.00378	0.00456	0.00644
42	0.00520	0.00387	0.00483	0.00459	0.00556	0.00351	0.00344	0.00683	0.01033	0.01425	0.68662	0.02990	0.19082	0.00811	0.00447	0.00121	0.00181	0.00708	0.00405	0.00351
43	0.00462	0.00330	0.00440	0.00528	0.00550	0.00308	0.00352	0.00528	0.00726	0.00968	0.02090	0.86424	0.02508	0.01188	0.00484	0.00154	0.00220	0.01078	0.00352	0.00308
44	0.01030	0.00971	0.01868	0.01360	0.01711	0.00942	0.59074	0.09526	0.08944	0.09197	0.00925	0.01075	0.00672	0.00366	0.00429	0.00126	0.00555	0.00429	0.00255	0.00546

[dist]
# distance from previous block
# <min> <max>
3	5

[block]
# block no. 5 follows, 72 sequences, length 40
# corresponding to MSA columns:
# 394-433
name=unknown_F
#
# <colnr> <probs for GDERKNQSTAVLIFYWHMCP>
#	G	D	E	R	K	N	Q	S	T	A	V	L	I	F	Y	W	H	M	C	P
0	0.00939	0.00901	0.01539	0.02328	0.84306	0.00901	0.01164	0.01164	0.00864	0.01239	0.00713	0.00939	0.00601	0.00338	0.00375	0.00113	0.00451	0.00338	0.00188	0.00601
1	0.00742	0.00701	0.01184	0.76023	0.12146	0.00849	0.01066	0.00992	0.00771	0.01001	0.00679	0.01003	0.00517	0.00374	0.00379	0.00125	0.00499	0.00337	0.00171	0.00442
2	0.00467	0.00334	0.00446	0.00534	0.00558	0.00312	0.00361	0.00537	0.00731	0.00974	0.02088	0.83709	0.02498	0.01184	0.00485	0.00155	0.00224	0.03745	0.00352	0.00309
3	0.00463	0.00387	0.00404	0.00407	0.00526	0.00331	0.00302	0.00577	0.02118	0.01063	0.09179	0.09422	0.71600	0.00957	0.00450	0.00129	0.00195	0.00807	0.00357	0.00326
4	0.00496	0.00349	0.00449	0.00503	0.00523	0.00342	0.00328	0.00550	0.00663	0.00891	0.01719	0.53175	0.02019	0.26546	0.09396	0.00263	0.00343	0.00856	0.00301	0.00288
5	0.00474	0.00374	0.00427	0.00438	0.00534	0.00327	0.00319	0.00584	0.00889	0.01139	0.23886	0.20858	0.46483	0.00961	0.00456	0.00131	0.00195	0.00830	0.00369	0.00327
6	0.00464	0.00336	0.00438	0.00515	0.00548	0.00311	0.00347	0.00536	0.00750	0.00993	0.05238	0.76961	0.08853	0.01155	0.00480	0.00151	0.00216	0.01042	0.00354	0.00311
7	0.01417	0.01808	0.01075	0.00977	0.01172	0.85149	0.00733	0.01514	0.01075	0.00928	0.00586	0.00684	0.00489	0.00391	0.00342	0.00098	0.00684	0.00244	0.00195	0.00440
8	0.00939	0.00901	0.01539	0.02328	0.84306	0.00901	0.01164	0.01164	0.00864	0.01239	0.00713	0.00939	0.00601	0.00338	0.00375	0.00113	0.00451	0.00338	0.00188	0.00601
9	0.00576	0.00400	0.00496	0.00465	0.00574	0.00359	0.00351	0.00733	0.01023	0.05716	0.60217	0.02952	0.23112	0.00805	0.00444	0.00121	0.00190	0.00698	0.00404	0.00364
10	0.01014	0.86900	0.01987	0.00649	0.00973	0.01501	0.00649	0.01136	0.00771	0.00892	0.00527	0.00608	0.00487	0.00324	0.00243	0.00081	0.00406	0.00203	0.00162	0.00487
11	0.00462	0.00330	0.00440	0.00528	0.00550	0.00308	0.00352	0.00528	0.00726	0.00968	0.02090	0.86424	0.02508	0.01188	0.00484	0.00154	0.00220	0.01078	0.00352	0.00308
12	0.00491	0.00386	0.00444	0.00430	0.00539	0.00339	0.00322	0.00628	0.00966	0.01267	0.43006	0.03251	0.44837	0.00870	0.00448	0.00124	0.00186	0.00745	0.00384	0.00339
13	0.00786	0.00674	0.00786	0.00562	0.00899	0.00506	0.00449	0.00955	0.00786	0.01236	0.00674	0.00786	0.00562	0.00281	0.00281	0.00056	0.00281	0.00225	0.00225	0.88990
14	0.01009	0.10948	0.14324	0.00735	0.01064	0.01875	0.00686	0.01454	0.23169	0.14901	0.01026	0.01019	0.00761	0.00394	0.00335	0.00099	0.00357	0.00312	0.00290	0.25243
15	0.00939	0.12599	0.15724	0.01001	0.09313	0.18609	0.00828	0.01929	0.01715	0.01008	0.00689	0.00972	0.00620	0.08288	0.06139	0.00170	0.16325	0.00311	0.00187	0.02633
16	0.00786	0.00536	0.00605	0.00542	0.00676	0.06298	0.00415	0.02061	0.01071	0.14405	0.58981	0.02471	0.08231	0.00709	0.00429	0.00118	0.00241	0.00611	0.00405	0.00410
17	0.00486	0.00365	0.00527	0.00578	0.00620	0.00341	0.04144	0.00569	0.00747	0.00999	0.04544	0.78798	0.02448	0.01134	0.00482	0.00152	0.00240	0.02162	0.00347	0.00319
18	0.00983	0.02352	0.22502	0.01572	0.32376	0.14888	0.12113	0.01288	0.04491	0.02767	0.00740	0.00896	0.00578	0.00360	0.00375	0.00115	0.00533	0.00326	0.00196	0.00551
19	0.00903	0.00907	0.01705	0.01463	0.15715	0.03364	0.47400	0.03197	0.00918	0.05035	0.01175	0.03664	0.09076	0.00447	0.00431	0.00126	0.00523	0.03213	0.00234	0.00504
20	0.00659	0.00329	0.00494	0.00494	0.00494	0.00329	0.00329	0.00494	0.00494	0.00659	0.00659	0.01153	0.00659	0.01318	0.01482	0.88966	0.00329	0.00329	0.00165	0.00165
21	0.00512	0.00436	0.04343	0.00578	0.00646	0.00371	0.00444	0.00641	0.02640	0.01046	0.05955	0.61584	0.04861	0.01087	0.00479	0.00153	0.00254	0.13288	0.00347	0.00335
22	0.01173	0.26025	0.03374	0.00830	0.02931	0.24256	0.00683	0.04024	0.23083	0.08664	0.00922	0.00928	0.00715	0.00412	0.00331	0.00104	0.00452	0.00300	0.00266	0.00528
23	0.00617	0.00479	0.00627	0.00640	0.04929	0.00534	0.00424	0.00716	0.03141	0.00935	0.11778	0.02042	0.01432	0.44078	0.14384	0.00326	0.11854	0.00502	0.00244	0.00318
24	0.00466	0.00333	0.00443	0.00527	0.00549	0.00313	0.00352	0.00532	0.00719	0.00960	0.02042	0.82265	0.02443	0.03510	0.02433	0.00170	0.00242	0.01049	0.00345	0.00307
25	0.12497	0.00899	0.01390	0.13517	0.51604	0.04751	0.07631	0.01151	0.00833	0.01246	0.00682	0.00902	0.00556	0.00346	0.00362	0.00116	0.00464	0.00325	0.00192	0.00536
26	0.01471	0.01132	0.01264	0.01005	0.01296	0.05013	0.07089	0.63549	0.01668	0.03805	0.01133	0.07441	0.00920	0.00597	0.00457	0.00146	0.00482	0.00451	0.00405	0.00676
27	0.01235	0.00964	0.01183	0.00918	0.01195	0.01043	0.11106	0.57359	0.08264	0.02018	0.01026	0.04646	0.00816	0.04439	0.00467	0.00131	0.00424	0.01832	0.00348	0.00586
28	0.00611	0.00382	0.00438	0.00427	0.00442	0.00378	0.00247	0.00619	0.00579	0.05093	0.01211	0.02420	0.01356	0.82191	0.01850	0.00355	0.00365	0.00543	0.00242	0.00251
29	0.00786	0.00674	0.00786	0.00562	0.00899	0.00506	0.00449	0.00955	0.00786	0.01236	0.00674	0.00786	0.00562	0.00281	0.00281	0.00056	0.00281	0.00225	0.00225	0.88990
30	0.00903	0.00772	0.00822	0.00742	0.00944	0.00885	0.00576	0.01885	0.75349	0.01580	0.09817	0.01557	0.01400	0.00541	0.00392	0.00128	0.00288	0.00455	0.00389	0.00576
31	0.00468	0.00379	0.00416	0.00419	0.00528	0.00327	0.00310	0.00579	0.00894	0.01123	0.20537	0.12378	0.58425	0.00946	0.00452	0.00129	0.00192	0.00806	0.00366	0.00327
32	0.00816	0.00692	0.00803	0.00576	0.00911	0.00536	0.00462	0.04721	0.00832	0.01289	0.00685	0.00792	0.00566	0.00289	0.00285	0.00059	0.00287	0.00230	0.00232	0.84937
33	0.00491	0.00358	0.00442	0.00475	0.00526	0.00331	0.00324	0.00577	0.00801	0.01067	0.21055	0.40661	0.15735	0.14536	0.00698	0.00176	0.00229	0.00860	0.00348	0.00309
34	0.00803	0.00748	0.01246	0.31167	0.43084	0.00804	0.01024	0.01026	0.00828	0.01123	0.00992	0.01439	0.05069	0.00456	0.00395	0.00124	0.00446	0.08520	0.00206	0.00498
35	0.13153	0.00688	0.00857	0.00667	0.00953	0.00643	0.00551	0.07884	0.01081	0.67517	0.01325	0.01174	0.00847	0.00453	0.00362	0.00117	0.00326	0.00355	0.00432	0.00615
36	0.01529	0.00914	0.01033	0.00798	0.01093	0.02609	0.00657	0.49012	0.03237	0.33408	0.01139	0.01060	0.00764	0.00461	0.00380	0.00115	0.00384	0.00356	0.00410	0.00640
37	0.04876	0.00883	0.00897	0.00702	0.00990	0.07487	0.00561	0.24830	0.09497	0.01588	0.00848	0.00959	0.00676	0.02326	0.00364	0.00095	0.00358	0.01459	0.00286	0.40319
38	0.51138	0.00807	0.00729	0.00617	0.00867	0.04024	0.00501	0.10692	0.10607	0.12627	0.00826	0.00841	0.00603	0.00397	0.00294	0.00116	0.00326	0.00272	0.00298	0.03420
39	0.04176	0.00710	0.00904	0.00718	0.00969	0.02915	0.00591	0.04989	0.02494	0.63906	0.02321	0.01277	0.00917	0.00499	0.00466	0.00123	0.08917	0.02092	0.00416	0.00599

[dist]
# distance from previous block
# <min> <max>
0	7

[block]
# block no. 6 follows, 72 sequences, length 56
# corresponding to MSA columns:
# 441-496
name=unknown_G
#
# <colnr> <probs for GDERKNQSTAVLIFYWHMCP>
#	G	D	E	R	K	N	Q	S	T	A	V	L	I	F	Y	W	H	M	C	P
0	0.08199	0.00904	0.01072	0.03380	0.02309	0.07287	0.06890	0.25277	0.03348	0.26438	0.01033	0.03729	0.00754	0.00474	0.00442	0.00121	0.07071	0.00368	0.00341	0.00564
1	0.06081	0.00911	0.01060	0.00930	0.05651	0.04643	0.07765	0.20963	0.37553	0.05034	0.04560	0.01211	0.00974	0.00468	0.00381	0.00121	0.00378	0.00393	0.00344	0.00577
2	0.01134	0.00853	0.00949	0.05567	0.01085	0.00944	0.00636	0.50234	0.11131	0.01874	0.01141	0.09201	0.00990	0.09697	0.00558	0.00149	0.00383	0.02583	0.00349	0.00544
3	0.00649	0.00466	0.00512	0.00494	0.00536	0.03125	0.00320	0.00761	0.07064	0.03222	0.01183	0.02145	0.01250	0.61885	0.10756	0.00349	0.01615	0.00503	0.02869	0.00295
4	0.01352	0.01700	0.01084	0.00979	0.01153	0.75951	0.00743	0.01449	0.01021	0.00926	0.00577	0.00700	0.00490	0.00421	0.00441	0.00105	0.10025	0.00254	0.00192	0.00437
5	0.00917	0.00879	0.01500	0.10484	0.76319	0.00895	0.01153	0.01145	0.00853	0.01213	0.00710	0.00946	0.00591	0.00342	0.00376	0.00114	0.00456	0.00338	0.00186	0.00583
6	0.08993	0.01120	0.02399	0.01584	0.42605	0.21045	0.00916	0.07589	0.06630	0.02481	0.00749	0.00882	0.00602	0.00375	0.00356	0.00111	0.00479	0.00310	0.00226	0.00549
7	0.00478	0.00341	0.00455	0.00535	0.00565	0.00321	0.00368	0.00557	0.00755	0.01010	0.07100	0.74482	0.02535	0.02426	0.00506	0.00156	0.00228	0.06514	0.00354	0.00313
8	0.01083	0.07583	0.01021	0.00789	0.01036	0.01049	0.00637	0.23762	0.55137	0.01749	0.01294	0.01216	0.00967	0.00484	0.00373	0.00121	0.00340	0.00388	0.00367	0.00603
9	0.02848	0.00995	0.01664	0.01244	0.01548	0.07167	0.47490	0.16561	0.02384	0.01388	0.00863	0.04148	0.00701	0.02022	0.07043	0.00165	0.00598	0.00429	0.00239	0.00505
10	0.06520	0.01000	0.01087	0.00869	0.01142	0.11650	0.08017	0.28038	0.17325	0.18812	0.01078	0.01051	0.00765	0.00443	0.00374	0.00117	0.00422	0.00356	0.00350	0.00584
11	0.11770	0.00641	0.00728	0.03325	0.00881	0.03059	0.00522	0.04782	0.12476	0.23870	0.16932	0.03341	0.06404	0.00614	0.00396	0.00126	0.00303	0.08966	0.00377	0.00488
12	0.01004	0.00845	0.00892	0.00784	0.01009	0.00972	0.00615	0.11928	0.73608	0.01685	0.01466	0.01353	0.01095	0.00507	0.00385	0.00127	0.00314	0.00418	0.00385	0.00606
13	0.01570	0.00763	0.00941	0.00732	0.01021	0.00744	0.00601	0.21733	0.08682	0.56991	0.01357	0.01209	0.00887	0.00470	0.00381	0.00118	0.00344	0.00376	0.00440	0.00641
14	0.09794	0.06888	0.05100	0.00887	0.05487	0.24383	0.00699	0.24532	0.06235	0.04317	0.01023	0.01052	0.07100	0.00451	0.00351	0.00110	0.00459	0.00331	0.00280	0.00520
15	0.05865	0.00834	0.00992	0.00864	0.05737	0.06976	0.04260	0.16035	0.07904	0.36543	0.02620	0.01381	0.00950	0.00495	0.00386	0.00121	0.00384	0.06699	0.00376	0.00578
16	0.00462	0.00330	0.00440	0.00528	0.00550	0.00308	0.00352	0.00528	0.00726	0.00968	0.02090	0.86424	0.02508	0.01188	0.00484	0.00154	0.00220	0.01078	0.00352	0.00308
17	0.00479	0.00343	0.00459	0.00545	0.00577	0.00323	0.00381	0.00558	0.00746	0.00989	0.02112	0.75390	0.03907	0.01168	0.00488	0.00156	0.00235	0.10479	0.00352	0.00313
18	0.00913	0.07910	0.32546	0.01204	0.09740	0.09887	0.15463	0.01240	0.05052	0.02794	0.00775	0.03862	0.00626	0.00410	0.00429	0.00120	0.05963	0.00346	0.00197	0.00523
19	0.01559	0.00760	0.00930	0.00718	0.01002	0.00741	0.00591	0.27503	0.01289	0.53466	0.01295	0.01178	0.00848	0.00463	0.00374	0.00114	0.00344	0.00367	0.05832	0.00627
20	0.00462	0.00330	0.00440	0.00528	0.00550	0.00308	0.00352	0.00528	0.00726	0.00968	0.02090	0.86424	0.02508	0.01188	0.00484	0.00154	0.00220	0.01078	0.00352	0.00308
21	0.00939	0.00894	0.01486	0.02207	0.77820	0.00904	0.01120	0.01230	0.07306	0.01266	0.00778	0.00976	0.00644	0.00352	0.00376	0.00114	0.00439	0.00345	0.00203	0.00601
22	0.01206	0.00847	0.01033	0.01020	0.14391	0.00903	0.00706	0.24954	0.27869	0.17309	0.01264	0.03906	0.01859	0.00487	0.00385	0.00121	0.00358	0.00405	0.00366	0.00609
23	0.00542	0.00405	0.00604	0.00604	0.00670	0.00471	0.00467	0.00674	0.00608	0.00876	0.01021	0.01519	0.00961	0.05282	0.82748	0.00602	0.00997	0.00411	0.00204	0.00335
24	0.01653	0.00724	0.00929	0.00712	0.01007	0.00674	0.00588	0.17089	0.01216	0.69143	0.01386	0.01219	0.00884	0.00467	0.00381	0.00117	0.00340	0.00374	0.00453	0.00645
25	0.01344	0.01277	0.01088	0.00955	0.03599	0.40253	0.04332	0.07816	0.10115	0.17853	0.00903	0.00936	0.00672	0.00440	0.00429	0.00113	0.06755	0.00317	0.00283	0.00520
26	0.01107	0.09792	0.01497	0.01633	0.40260	0.26287	0.09253	0.01291	0.00927	0.03470	0.00684	0.00848	0.00563	0.00354	0.00360	0.00107	0.00532	0.00309	0.00196	0.00533
27	0.01414	0.00965	0.01075	0.02247	0.03316	0.02122	0.00695	0.62375	0.01580	0.14746	0.01029	0.03701	0.00748	0.00475	0.00381	0.00115	0.00399	0.00370	0.01625	0.00623
28	0.01307	0.04328	0.01204	0.01169	0.12463	0.66195	0.03228	0.01429	0.01017	0.00977	0.00604	0.00730	0.00507	0.00387	0.00372	0.00102	0.03059	0.00264	0.00192	0.00464
29	0.00500	0.00363	0.00466	0.00516	0.00562	0.00332	0.00345	0.00569	0.00719	0.00976	0.04023	0.67681	0.02252	0.11175	0.00638	0.00171	0.00241	0.00939	0.00329	0.07204
30	0.00918	0.00881	0.01495	0.08776	0.75035	0.00906	0.01144	0.01140	0.00845	0.01207	0.00703	0.00940	0.00590	0.00353	0.00406	0.00116	0.03444	0.00338	0.00185	0.00580
31	0.03039	0.00676	0.01122	0.83526	0.02563	0.00843	0.01036	0.00973	0.00755	0.00988	0.00670	0.01001	0.00503	0.00378	0.00375	0.00126	0.00500	0.00334	0.00170	0.00421
32	0.01372	0.01008	0.01182	0.00905	0.01204	0.01093	0.07097	0.67987	0.03246	0.06758	0.00982	0.03676	0.00725	0.00470	0.00388	0.00117	0.00421	0.00377	0.00369	0.00623
33	0.00454	0.00383	0.00393	0.00394	0.00517	0.00322	0.00294	0.00553	0.00872	0.01051	0.08332	0.06310	0.76918	0.00957	0.00449	0.00128	0.00192	0.00803	0.00356	0.00322
34	0.00540	0.00419	0.00496	0.00471	0.00582	0.00391	0.00355	0.00762	0.07286	0.01372	0.53010	0.02978	0.28308	0.00813	0.00443	0.00123	0.00192	0.00702	0.00395	0.00365
35	0.00634	0.00414	0.00542	0.00497	0.00604	0.00383	0.00377	0.00824	0.02377	0.07987	0.76372	0.02691	0.03335	0.00747	0.00441	0.00119	0.00192	0.00658	0.00421	0.00384
36	0.89350	0.00733	0.00557	0.00499	0.00733	0.00851	0.00411	0.01115	0.00645	0.01702	0.00528	0.00616	0.00411	0.00352	0.00235	0.00117	0.00293	0.00205	0.00235	0.00411
37	0.00526	0.00387	0.00492	0.00466	0.00560	0.00353	0.00349	0.00695	0.01048	0.01460	0.74223	0.02934	0.13500	0.00798	0.00447	0.00120	0.00181	0.00700	0.00409	0.00353
38	0.00463	0.00382	0.00407	0.00407	0.00523	0.00326	0.00303	0.00571	0.00891	0.01102	0.16772	0.08189	0.66464	0.00943	0.00450	0.00128	0.00192	0.00797	0.00363	0.00326
39	0.89350	0.00733	0.00557	0.00499	0.00733	0.00851	0.00411	0.01115	0.00645	0.01702	0.00528	0.00616	0.00411	0.00352	0.00235	0.00117	0.00293	0.00205	0.00235	0.00411
40	0.00542	0.00406	0.00610	0.00610	0.00677	0.00474	0.00474	0.00677	0.00610	0.00880	0.01016	0.01490	0.00948	0.02844	0.85169	0.00610	0.01016	0.00406	0.00203	0.00339
41	0.00786	0.00674	0.00786	0.00562	0.00899	0.00506	0.00449	0.00955	0.00786	0.01236	0.00674	0.00786	0.00562	0.00281	0.00281	0.00056	0.00281	0.00225	0.00225	0.88990
42	0.01417	0.01808	0.01075	0.00977	0.01172	0.85149	0.00733	0.01514	0.01075	0.00928	0.00586	0.00684	0.00489	0.00391	0.00342	0.00098	0.00684	0.00244	0.00195	0.00440
43	0.00537	0.00388	0.00507	0.00477	0.00567	0.00358	0.00358	0.00716	0.01074	0.01521	0.84106	0.02833	0.03578	0.00775	0.00447	0.00119	0.00179	0.00686	0.00417	0.00358
44	0.89350	0.00733	0.00557	0.00499	0.00733	0.00851	0.00411	0.01115	0.00645	0.01702	0.00528	0.00616	0.00411	0.00352	0.00235	0.00117	0.00293	0.00205	0.00235	0.00411
45	0.00939	0.00901	0.01539	0.02328	0.84306	0.00901	0.01164	0.01164	0.00864	0.01239	0.00713	0.00939	0.00601	0.00338	0.00375	0.00113	0.00451	0.00338	0.00188	0.00601
46	0.01410	0.01039	0.01116	0.00862	0.01156	0.01148	0.00709	0.80411	0.01749	0.02345	0.00948	0.03637	0.00704	0.00479	0.00383	0.00115	0.00411	0.00365	0.00379	0.00634
