[name]
unknown

[dist]
# distance from previous block
# <min> <max>
0	50

[block]
# block no. 0 follows, 61 sequences, length 31
# corresponding to MSA columns:
# 57-87
name=unknown_A
#
# <colnr> <probs for GDERKNQSTAVLIFYWHMCP>
#	G	D	E	R	K	N	Q	S	T	A	V	L	I	F	Y	W	H	M	C	P
0	0.06927	0.08661	0.06819	0.04363	0.03371	0.12980	0.03294	0.10750	0.05620	0.09693	0.05719	0.05054	0.06753	0.00581	0.00416	0.00129	0.00461	0.03235	0.00327	0.04847
1	0.04366	0.20395	0.05130	0.01121	0.09296	0.13515	0.04639	0.10153	0.03755	0.04304	0.00830	0.02127	0.00692	0.00598	0.04227	0.00150	0.10063	0.00345	0.00254	0.04038
2	0.00998	0.37781	0.17617	0.01003	0.07021	0.02697	0.02028	0.02846	0.02268	0.01157	0.00787	0.01024	0.00691	0.03922	0.12131	0.00208	0.04745	0.00325	0.00206	0.00545
3	0.01064	0.01140	0.03214	0.15601	0.21709	0.12196	0.20123	0.03207	0.00980	0.01284	0.00804	0.01097	0.00655	0.02061	0.00584	0.00144	0.10172	0.00402	0.03004	0.00558
4	0.00616	0.00458	0.00675	0.00675	0.00746	0.00529	0.00517	0.00758	0.00687	0.00987	0.01169	0.01778	0.01114	0.09470	0.76966	0.00671	0.01098	0.00474	0.00233	0.00375
5	0.84463	0.00848	0.00659	0.00583	0.00853	0.00981	0.00481	0.04436	0.00785	0.01964	0.00617	0.00713	0.00477	0.00405	0.00273	0.00133	0.00339	0.00239	0.00273	0.00477
6	0.00536	0.00437	0.00474	0.00465	0.00598	0.00375	0.00349	0.00670	0.01046	0.01315	0.25203	0.03896	0.61065	0.01034	0.00509	0.00143	0.00214	0.00874	0.00420	0.00375
7	0.00658	0.00452	0.00583	0.00544	0.00658	0.00413	0.00410	0.00852	0.01203	0.05052	0.72973	0.03212	0.09594	0.00881	0.00505	0.00136	0.00211	0.00774	0.00471	0.00417
8	0.00528	0.00437	0.00462	0.00456	0.00593	0.00372	0.00342	0.00654	0.01026	0.01268	0.18788	0.03973	0.67510	0.01052	0.00509	0.00144	0.00215	0.00885	0.00414	0.00372
9	0.01152	0.85121	0.02257	0.00737	0.01106	0.01704	0.00737	0.01290	0.00875	0.01013	0.00599	0.00691	0.00553	0.00369	0.00276	0.00092	0.00461	0.00230	0.00184	0.00553
10	0.01824	0.00907	0.01107	0.00849	0.01186	0.00891	0.00701	0.31014	0.01524	0.53146	0.01455	0.01307	0.00944	0.00527	0.00432	0.00132	0.00406	0.00417	0.00496	0.00733
11	0.87904	0.00833	0.00633	0.00566	0.00833	0.00966	0.00467	0.01266	0.00733	0.01933	0.00600	0.00700	0.00467	0.00400	0.00267	0.00133	0.00333	0.00233	0.00267	0.00467
12	0.01637	0.01207	0.01293	0.00991	0.01336	0.01336	0.00819	0.80738	0.02025	0.02715	0.01034	0.01034	0.00733	0.00517	0.00431	0.00129	0.00474	0.00388	0.00431	0.00733
13	0.01591	0.01172	0.01260	0.00975	0.01306	0.01295	0.00801	0.77398	0.01975	0.02647	0.01090	0.04516	0.00821	0.00552	0.00436	0.00131	0.00465	0.00423	0.00430	0.00717
14	0.87904	0.00833	0.00633	0.00566	0.00833	0.00966	0.00467	0.01266	0.00733	0.01933	0.00600	0.00700	0.00467	0.00400	0.00267	0.00133	0.00333	0.00233	0.00267	0.00467
15	0.01637	0.01207	0.01293	0.00991	0.01336	0.01336	0.00819	0.80738	0.02025	0.02715	0.01034	0.01034	0.00733	0.00517	0.00431	0.00129	0.00474	0.00388	0.00431	0.00733
16	0.00813	0.00766	0.01292	0.83826	0.02967	0.00957	0.01196	0.01101	0.00861	0.01101	0.00766	0.01148	0.00574	0.00431	0.00431	0.00144	0.00574	0.00383	0.00191	0.00479
17	0.00633	0.00442	0.00521	0.00523	0.00642	0.00388	0.00384	0.00758	0.01012	0.06875	0.20577	0.23658	0.39873	0.01071	0.00514	0.00150	0.00233	0.00926	0.00425	0.00395
18	0.00930	0.00977	0.01745	0.01353	0.01569	0.03115	0.36543	0.01157	0.00840	0.01184	0.00817	0.01179	0.00702	0.01043	0.16547	0.00263	0.28871	0.00449	0.00211	0.00505
19	0.00554	0.00438	0.00498	0.00483	0.00609	0.00383	0.00362	0.00705	0.01087	0.01414	0.38826	0.03733	0.47382	0.00998	0.00509	0.00141	0.00212	0.00851	0.00433	0.00383
20	0.00618	0.00453	0.00647	0.00647	0.00708	0.00514	0.00482	0.00740	0.00679	0.00966	0.01195	0.01922	0.01177	0.19886	0.66635	0.00636	0.01004	0.00495	0.00237	0.00359
21	0.01030	0.01014	0.04316	0.22765	0.45111	0.01019	0.09828	0.04470	0.02191	0.02873	0.00844	0.01106	0.00666	0.00405	0.00436	0.00134	0.00548	0.00397	0.00225	0.00622
22	0.00744	0.00376	0.00558	0.00558	0.00558	0.00376	0.00370	0.00564	0.00564	0.00752	0.00772	0.01368	0.00780	0.04708	0.01703	0.84114	0.00376	0.00384	0.00190	0.00190
23	0.02860	0.06690	0.18441	0.01263	0.07225	0.05497	0.19822	0.07401	0.10960	0.03531	0.03653	0.03129	0.02003	0.00470	0.00430	0.00131	0.00538	0.00428	0.00277	0.05249
24	0.01220	0.61734	0.01921	0.00796	0.01120	0.13415	0.00731	0.05232	0.00987	0.02928	0.00766	0.05987	0.00717	0.00452	0.00321	0.00103	0.00492	0.00312	0.00223	0.00545
25	0.01040	0.00894	0.01063	0.00781	0.01153	0.03887	0.05791	0.10342	0.02739	0.03246	0.00840	0.00949	0.00670	0.00360	0.00352	0.00082	0.00383	0.00296	0.00281	0.64850
26	0.02345	0.06008	0.10606	0.01382	0.18519	0.09602	0.09828	0.09862	0.04479	0.10711	0.03903	0.03889	0.00904	0.00484	0.00444	0.00129	0.02225	0.00416	0.00296	0.03967
27	0.04261	0.02236	0.09251	0.00913	0.04313	0.00858	0.03323	0.15825	0.07516	0.10985	0.04548	0.03544	0.02431	0.08783	0.12938	0.00243	0.03204	0.00462	0.00333	0.04033
28	0.00857	0.02088	0.03752	0.00825	0.01997	0.02679	0.06620	0.08248	0.14309	0.03186	0.12981	0.30251	0.04434	0.02207	0.01731	0.00161	0.00366	0.00766	0.00383	0.02160
29	0.02318	0.05277	0.03279	0.05003	0.11995	0.06488	0.11355	0.15233	0.03645	0.07001	0.02834	0.17465	0.03262	0.00658	0.00457	0.00141	0.00471	0.02224	0.00328	0.00565
30	0.02321	0.07203	0.16518	0.03176	0.25484	0.04905	0.03326	0.03469	0.02789	0.07576	0.04902	0.05148	0.03615	0.00532	0.00502	0.00136	0.07097	0.00438	0.00267	0.00595

[dist]
# distance from previous block
# <min> <max>
0	14

[block]
# block no. 1 follows, 61 sequences, length 28
# corresponding to MSA columns:
# 105-112,114-133
name=unknown_B
#
# <colnr> <probs for GDERKNQSTAVLIFYWHMCP>
#	G	D	E	R	K	N	Q	S	T	A	V	L	I	F	Y	W	H	M	C	P
0	0.01292	0.06938	0.14571	0.02897	0.10650	0.03283	0.03753	0.18324	0.05462	0.17125	0.02457	0.02683	0.00904	0.00590	0.02767	0.00150	0.02948	0.02226	0.00337	0.00642
1	0.00712	0.02466	0.07846	0.00705	0.02250	0.03001	0.03259	0.00929	0.03870	0.03993	0.24059	0.17109	0.25190	0.00914	0.00494	0.00145	0.00312	0.01919	0.00387	0.00441
2	0.00707	0.00506	0.00740	0.06066	0.05071	0.00489	0.03296	0.02200	0.00898	0.06448	0.03514	0.62265	0.02348	0.01113	0.00520	0.00163	0.00312	0.01012	0.00379	0.01952
3	0.01089	0.02344	0.01549	0.14686	0.09815	0.03455	0.15696	0.11310	0.03245	0.04579	0.00840	0.01097	0.00674	0.00620	0.03601	0.00170	0.24010	0.00407	0.00250	0.00562
4	0.01622	0.01162	0.01257	0.00970	0.01305	0.01276	0.00799	0.74834	0.01955	0.06478	0.01102	0.03297	0.00805	0.00540	0.00434	0.00131	0.00463	0.00412	0.00435	0.00722
5	0.00672	0.00528	0.00642	0.00553	0.00737	0.00446	0.00423	0.00858	0.01096	0.01556	0.48445	0.02720	0.14564	0.00758	0.00457	0.00117	0.00237	0.00655	0.00404	0.24131
6	0.00876	0.00751	0.00872	0.00629	0.01001	0.00565	0.00502	0.01063	0.00897	0.01393	0.00929	0.01041	0.04342	0.00354	0.00328	0.00068	0.00314	0.00285	0.00262	0.83528
7	0.01056	0.01078	0.06766	0.08255	0.35724	0.01035	0.21329	0.01332	0.00956	0.06322	0.00869	0.01154	0.00696	0.00446	0.00559	0.00142	0.09859	0.01578	0.00230	0.00614
8	0.00529	0.00440	0.00465	0.00466	0.00604	0.00375	0.00355	0.00653	0.01008	0.01231	0.12645	0.04082	0.69506	0.01073	0.00513	0.00147	0.00226	0.04904	0.00408	0.00370
9	0.00859	0.00855	0.09384	0.09069	0.01196	0.00820	0.00759	0.12143	0.05803	0.01468	0.14746	0.03444	0.07234	0.04108	0.16142	0.00258	0.10377	0.00526	0.00314	0.00494
10	0.00939	0.01001	0.02021	0.04425	0.01897	0.00980	0.56549	0.01300	0.06113	0.01349	0.01122	0.12251	0.00991	0.00532	0.00543	0.00150	0.04438	0.00589	0.02266	0.00544
11	0.02758	0.19590	0.39077	0.05083	0.01647	0.10826	0.05570	0.07074	0.01016	0.01345	0.00741	0.00878	0.00568	0.00416	0.00398	0.00125	0.01774	0.00313	0.00209	0.00593
12	0.01081	0.10130	0.15442	0.03870	0.36078	0.01039	0.02632	0.07313	0.01030	0.04172	0.00822	0.00990	0.00652	0.00393	0.00395	0.00118	0.00499	0.00343	0.00237	0.12762
13	0.14320	0.28630	0.18609	0.01060	0.08843	0.09418	0.00949	0.11044	0.01045	0.01475	0.00715	0.00824	0.00572	0.00409	0.00347	0.00117	0.00516	0.00287	0.00233	0.00586
14	0.00755	0.00394	0.00588	0.00581	0.00581	0.00407	0.00394	0.00578	0.00565	0.00758	0.00742	0.01297	0.00742	0.01470	0.01674	0.84403	0.03313	0.00374	0.00187	0.00197
15	0.01192	0.01063	0.01038	0.00902	0.01165	0.08815	0.00706	0.13168	0.58601	0.01839	0.01499	0.01412	0.01127	0.00548	0.00426	0.00136	0.00400	0.00442	0.00408	0.05113
16	0.00834	0.00707	0.01050	0.02719	0.18213	0.00766	0.03827	0.05572	0.04089	0.01261	0.01370	0.10007	0.03541	0.10883	0.17728	0.00296	0.08055	0.08320	0.00283	0.00480
17	0.01054	0.01011	0.01727	0.06502	0.78411	0.01020	0.01316	0.01311	0.00975	0.01393	0.00808	0.01070	0.00677	0.00386	0.00427	0.00129	0.00515	0.00384	0.00212	0.00673
18	0.00747	0.00626	0.00671	0.00642	0.02019	0.00637	0.00479	0.03955	0.26517	0.01467	0.10499	0.04211	0.42131	0.02820	0.00522	0.00151	0.00274	0.00735	0.00414	0.00484
19	0.01364	0.04082	0.05061	0.00961	0.01270	0.08759	0.00801	0.36774	0.32429	0.02088	0.01250	0.01214	0.00926	0.00526	0.00424	0.00133	0.00458	0.00407	0.00394	0.00681
20	0.00899	0.00774	0.00922	0.00706	0.03784	0.00590	0.00538	0.01093	0.00896	0.01404	0.00767	0.00899	0.00640	0.00321	0.00323	0.00066	0.00326	0.00260	0.00254	0.84539
21	0.87904	0.00833	0.00633	0.00566	0.00833	0.00966	0.00467	0.01266	0.00733	0.01933	0.00600	0.00700	0.00467	0.00400	0.00267	0.00133	0.00333	0.00233	0.00267	0.00467
22	0.00564	0.00410	0.00513	0.00571	0.00643	0.00373	0.00407	0.00669	0.00917	0.02561	0.09972	0.50588	0.22295	0.01219	0.00537	0.00165	0.00250	0.06567	0.00409	0.00368
23	0.01652	0.01184	0.01279	0.00980	0.01325	0.01302	0.00810	0.76985	0.01987	0.06522	0.01066	0.01055	0.00748	0.00518	0.00431	0.00129	0.00469	0.00390	0.00436	0.00733
24	0.01437	0.01140	0.02736	0.01011	0.02843	0.01243	0.02402	0.53646	0.24754	0.02376	0.01228	0.01200	0.00894	0.00529	0.00434	0.00135	0.00445	0.00417	0.00420	0.00712
25	0.00623	0.00430	0.00530	0.00530	0.00551	0.00450	0.00336	0.00665	0.00644	0.00880	0.01302	0.02513	0.01433	0.62731	0.24142	0.00492	0.00617	0.00582	0.00253	0.00295
26	0.12377	0.03540	0.20832	0.02112	0.09770	0.08347	0.02805	0.07067	0.02318	0.25186	0.01046	0.01072	0.00730	0.00453	0.00399	0.00131	0.00500	0.00354	0.00324	0.00637
27	0.05948	0.23672	0.09318	0.01331	0.17517	0.12139	0.00988	0.10467	0.05602	0.01528	0.00925	0.01135	0.00780	0.00552	0.01469	0.00149	0.03819	0.01730	0.00283	0.00649

[dist]
# distance from previous block
# <min> <max>
1	3

[block]
# block no. 2 follows, 61 sequences, length 65
# corresponding to MSA columns:
# 148,149,153-173,188-227,231,232
name=unknown_C
#
# <colnr> <probs for GDERKNQSTAVLIFYWHMCP>
#	G	D	E	R	K	N	Q	S	T	A	V	L	I	F	Y	W	H	M	C	P
0	0.00851	0.00699	0.00809	0.00634	0.00930	0.00583	0.00498	0.02086	0.07475	0.02735	0.05663	0.01643	0.10213	0.04086	0.03201	0.00124	0.00339	0.02014	0.00307	0.55110
1	0.08125	0.14507	0.15360	0.04576	0.20575	0.10196	0.06717	0.07424	0.02125	0.01416	0.00759	0.00928	0.00608	0.00425	0.00437	0.00127	0.04538	0.00335	0.00227	0.00596
2	0.01086	0.14729	0.05137	0.08055	0.45379	0.02999	0.06742	0.02494	0.00980	0.04402	0.00859	0.03686	0.00727	0.00424	0.00411	0.00126	0.00520	0.00391	0.00227	0.00625
3	0.01240	0.00590	0.00755	0.00640	0.00862	0.00519	0.00505	0.02881	0.01148	0.40742	0.15901	0.10312	0.20485	0.00799	0.00474	0.00140	0.00296	0.00676	0.00478	0.00556
4	0.00685	0.00404	0.00556	0.00556	0.00570	0.00418	0.00368	0.00620	0.00606	0.00823	0.01018	0.01862	0.01070	0.28455	0.16890	0.43628	0.00532	0.00471	0.00219	0.00247
5	0.01204	0.14167	0.04654	0.03855	0.27948	0.06524	0.04198	0.18956	0.03427	0.01608	0.00862	0.02129	0.00699	0.00430	0.00398	0.00119	0.00504	0.00360	0.00268	0.07691
6	0.03385	0.30382	0.04553	0.01560	0.32675	0.05634	0.03410	0.06780	0.01011	0.01336	0.00796	0.04081	0.00704	0.00433	0.00388	0.00118	0.01569	0.00355	0.00226	0.00605
7	0.00964	0.00978	0.01316	0.01130	0.01137	0.03932	0.00939	0.01058	0.00678	0.01037	0.00569	0.00937	0.00565	0.00744	0.01381	0.00186	0.81414	0.00374	0.00190	0.00472
8	0.00564	0.00436	0.00517	0.00521	0.00612	0.00419	0.00375	0.00666	0.00843	0.01082	0.06476	0.07317	0.38443	0.17802	0.21660	0.00337	0.00493	0.00752	0.00334	0.00350
9	0.01129	0.01196	0.12951	0.06347	0.48900	0.03812	0.01219	0.09172	0.01084	0.05920	0.00919	0.03765	0.00749	0.00445	0.00428	0.00131	0.00522	0.00401	0.00253	0.00656
10	0.00981	0.03218	0.10225	0.01124	0.13693	0.00825	0.05956	0.08186	0.01011	0.01483	0.00915	0.01062	0.03169	0.00443	0.01868	0.00109	0.01787	0.00335	0.00255	0.43354
11	0.00525	0.00375	0.00500	0.00600	0.00625	0.00350	0.00400	0.00600	0.00825	0.01100	0.02374	0.84580	0.02849	0.01350	0.00550	0.00175	0.00250	0.01225	0.00400	0.00350
12	0.00587	0.00419	0.00532	0.00592	0.00665	0.00386	0.00431	0.00696	0.00914	0.03061	0.08334	0.47618	0.18774	0.02745	0.00572	0.00173	0.00267	0.12459	0.00405	0.00371
13	0.01027	0.09761	0.31144	0.04888	0.34418	0.03580	0.02999	0.01375	0.02472	0.03211	0.00809	0.00988	0.00632	0.00402	0.00407	0.00128	0.00561	0.00347	0.00210	0.00639
14	0.00722	0.00615	0.03245	0.00696	0.00740	0.00668	0.01927	0.02119	0.00682	0.00959	0.01131	0.02147	0.01225	0.50000	0.13666	0.00391	0.17944	0.00535	0.00241	0.00348
15	0.01925	0.00745	0.01007	0.00772	0.01106	0.00651	0.00638	0.04138	0.01253	0.80405	0.01682	0.01455	0.01058	0.00533	0.00433	0.00133	0.00369	0.00432	0.00530	0.00733
16	0.02450	0.01880	0.59861	0.01432	0.12571	0.00996	0.08100	0.02591	0.00940	0.01395	0.00836	0.03505	0.00645	0.00432	0.00422	0.00137	0.00608	0.00370	0.00201	0.00628
17	0.07303	0.16657	0.08998	0.03250	0.22455	0.06206	0.03323	0.16197	0.04460	0.04676	0.00856	0.00974	0.00668	0.00433	0.00403	0.00124	0.01776	0.00343	0.00271	0.00629
18	0.00561	0.00484	0.00503	0.00514	0.02114	0.02244	0.00373	0.00686	0.01015	0.01244	0.15454	0.05005	0.64901	0.01070	0.01788	0.00152	0.00249	0.00864	0.00401	0.00379
19	0.00529	0.00437	0.00464	0.00458	0.00594	0.00372	0.00343	0.00657	0.01030	0.01277	0.19975	0.03959	0.66318	0.01049	0.00509	0.00143	0.00215	0.00883	0.00415	0.00372
20	0.00893	0.00766	0.00893	0.00638	0.01021	0.00574	0.00510	0.01085	0.00893	0.01404	0.00766	0.00893	0.00638	0.00319	0.00319	0.00064	0.00319	0.00255	0.00255	0.87495
21	0.01209	0.02592	0.17114	0.06977	0.25895	0.03095	0.04704	0.05444	0.02570	0.17755	0.01018	0.02210	0.00758	0.00449	0.00439	0.00130	0.01991	0.00388	0.00289	0.04973
22	0.01252	0.24494	0.22097	0.01113	0.06267	0.19139	0.02376	0.10429	0.02189	0.04443	0.00781	0.00880	0.00611	0.00428	0.00390	0.00118	0.01849	0.00308	0.00239	0.00598
23	0.01057	0.01068	0.02862	0.04053	0.56146	0.04810	0.07978	0.02639	0.00970	0.01354	0.00836	0.03755	0.00728	0.00459	0.00540	0.00137	0.09345	0.00415	0.00220	0.00628
24	0.00714	0.00611	0.00906	0.02932	0.00939	0.00676	0.07940	0.00804	0.00831	0.01123	0.08452	0.18807	0.18576	0.01022	0.00905	0.13092	0.20277	0.00706	0.00302	0.00387
25	0.02257	0.01140	0.07174	0.06272	0.17928	0.04589	0.05803	0.23111	0.01246	0.09700	0.00918	0.01055	0.00692	0.00481	0.00539	0.00134	0.10384	0.00378	0.00302	0.05897
26	0.01145	0.16416	0.35233	0.01114	0.04099	0.05125	0.03831	0.17752	0.06294	0.02595	0.00877	0.00980	0.00663	0.01542	0.00419	0.00130	0.00553	0.00340	0.00259	0.00634
27	0.01061	0.00905	0.00952	0.00859	0.01097	0.01046	0.00667	0.02240	0.78328	0.01794	0.01740	0.01607	0.01307	0.00581	0.00433	0.00144	0.00336	0.00484	0.03748	0.00671
28	0.00893	0.00766	0.00893	0.00638	0.01021	0.00574	0.00510	0.01085	0.00893	0.01404	0.00766	0.00893	0.00638	0.00319	0.00319	0.00064	0.00319	0.00255	0.00255	0.87495
29	0.00567	0.00439	0.00517	0.00497	0.00617	0.00388	0.00373	0.00730	0.01118	0.01488	0.48962	0.03612	0.37200	0.00970	0.00508	0.00140	0.00210	0.00834	0.00443	0.00388
30	0.00635	0.00441	0.00530	0.00524	0.00535	0.00465	0.00324	0.00661	0.00637	0.00866	0.01302	0.02592	0.01462	0.70133	0.14070	0.00451	0.03238	0.00594	0.00254	0.00286
31	0.00551	0.00433	0.00499	0.00493	0.00611	0.00380	0.00366	0.00696	0.01066	0.01389	0.35914	0.10314	0.43700	0.01026	0.00512	0.00144	0.00215	0.00882	0.00430	0.00380
32	0.00822	0.00848	0.01727	0.01329	0.01602	0.00799	0.48289	0.01072	0.00934	0.01263	0.01428	0.31468	0.01468	0.00836	0.03827	0.00178	0.00570	0.00767	0.00284	0.00489
33	0.04058	0.00870	0.01073	0.00825	0.01160	0.00840	0.00681	0.24316	0.01444	0.57849	0.01483	0.01324	0.00957	0.00525	0.00428	0.00132	0.00396	0.00415	0.00497	0.00726
34	0.01071	0.00925	0.00974	0.00877	0.01120	0.01071	0.00682	0.02289	0.81396	0.01802	0.01753	0.01607	0.01315	0.00584	0.00438	0.00146	0.00341	0.00487	0.00438	0.00682
35	0.05203	0.00737	0.00986	0.00759	0.01089	0.00646	0.00627	0.02068	0.01214	0.79409	0.01658	0.01437	0.01043	0.00528	0.00427	0.00133	0.00365	0.00426	0.00523	0.00723
36	0.87904	0.00833	0.00633	0.00566	0.00833	0.00966	0.00467	0.01266	0.00733	0.01933	0.00600	0.00700	0.00467	0.00400	0.00267	0.00133	0.00333	0.00233	0.00267	0.00467
37	0.00688	0.00491	0.00687	0.00783	0.00880	0.00490	0.00680	0.00883	0.00992	0.01294	0.04049	0.06871	0.02524	0.01187	0.00592	0.00196	0.00389	0.75530	0.00398	0.00396
38	0.00813	0.00766	0.01292	0.83826	0.02967	0.00957	0.01196	0.01101	0.00861	0.01101	0.00766	0.01148	0.00574	0.00431	0.00431	0.00144	0.00574	0.00383	0.00191	0.00479
39	0.00533	0.00380	0.00509	0.00609	0.00637	0.00357	0.00413	0.00613	0.00832	0.01108	0.02370	0.80931	0.02832	0.01342	0.00552	0.00176	0.00257	0.04798	0.00400	0.00352
40	0.00530	0.00386	0.00500	0.00579	0.00622	0.00356	0.00393	0.00619	0.00872	0.01157	0.08982	0.69883	0.10964	0.01286	0.00542	0.00169	0.00243	0.01157	0.00406	0.00356
41	0.01052	0.02269	0.01055	0.00796	0.03345	0.00778	0.02401	0.16252	0.03806	0.01659	0.00850	0.00951	0.00679	0.00369	0.00351	0.00083	0.00366	0.00297	0.00291	0.62350
42	0.01030	0.08552	0.30786	0.01362	0.16535	0.00978	0.08527	0.02555	0.04280	0.08096	0.04083	0.03821	0.00876	0.00459	0.00416	0.00128	0.00520	0.00401	0.00258	0.06337
43	0.01086	0.07703	0.04227	0.12880	0.47161	0.02566	0.01155	0.05812	0.03788	0.03606	0.02126	0.01093	0.00736	0.00426	0.00440	0.00129	0.02672	0.00377	0.00240	0.01777
44	0.01078	0.08635	0.04599	0.05563	0.42076	0.02306	0.09487	0.02869	0.08049	0.04837	0.02381	0.01215	0.02570	0.00485	0.01893	0.00140	0.00519	0.00410	0.00255	0.00632
45	0.00950	0.00954	0.01785	0.42678	0.10226	0.01029	0.29711	0.04983	0.00984	0.01307	0.00821	0.01140	0.00621	0.00406	0.00458	0.00142	0.00618	0.00428	0.00214	0.00547
46	0.01180	0.11226	0.17513	0.01509	0.22785	0.13521	0.07831	0.07197	0.05710	0.04597	0.00896	0.02538	0.00714	0.00439	0.00410	0.00127	0.00565	0.00371	0.00250	0.00621
47	0.01186	0.00943	0.02703	0.09618	0.36271	0.02817	0.07645	0.05173	0.02253	0.16565	0.01143	0.06795	0.00942	0.00542	0.01385	0.00143	0.00499	0.02446	0.00302	0.00629
48	0.00525	0.00436	0.00461	0.00468	0.00601	0.00372	0.00352	0.00643	0.00992	0.01209	0.10244	0.08607	0.68285	0.01093	0.00515	0.00148	0.00226	0.04049	0.00406	0.00368
49	0.00598	0.00444	0.00574	0.00666	0.02553	0.00433	0.00448	0.02057	0.05442	0.01181	0.03347	0.66320	0.05290	0.04587	0.00604	0.00181	0.00276	0.04224	0.00394	0.00382
50	0.03656	0.09946	0.18118	0.01601	0.28825	0.05381	0.06603	0.06418	0.01050	0.10902	0.00883	0.01018	0.00671	0.00425	0.00433	0.00129	0.02683	0.00359	0.00257	0.00641
51	0.03989	0.05984	0.33164	0.01215	0.07199	0.21879	0.03595	0.03004	0.07494	0.02649	0.02109	0.00982	0.00689	0.00451	0.00441	0.00130	0.03865	0.00337	0.00234	0.00590
52	0.00752	0.00599	0.00687	0.00680	0.00810	0.00630	0.00501	0.03789	0.27693	0.01473	0.12684	0.35637	0.10383	0.00981	0.00499	0.00156	0.00278	0.00863	0.00423	0.00481
53	0.00803	0.00401	0.00401	0.00401	0.00502	0.00401	0.00301	0.01004	0.00903	0.01606	0.01405	0.01606	0.01104	0.00502	0.00301	0.00100	0.00201	0.00401	0.87253	0.00401
54	0.01131	0.03326	0.01433	0.12571	0.27692	0.04313	0.04043	0.16010	0.08867	0.02740	0.00966	0.02441	0.00781	0.00636	0.05070	0.00167	0.06512	0.00408	0.00279	0.00614
55	0.22062	0.07457	0.08621	0.01040	0.09843	0.05069	0.02308	0.21225	0.02780	0.08239	0.04001	0.03747	0.00855	0.00491	0.00384	0.00130	0.00449	0.00376	0.00322	0.00601
56	0.00534	0.00422	0.00481	0.00515	0.00617	0.00372	0.00377	0.00643	0.00945	0.01182	0.08267	0.27693	0.47572	0.02400	0.00552	0.00161	0.00242	0.06259	0.00402	0.00363
57	0.04390	0.02536	0.01749	0.19210	0.36231	0.02380	0.19643	0.01347	0.04544	0.02558	0.00856	0.01110	0.00674	0.00401	0.00437	0.00135	0.00561	0.00408	0.00226	0.00603
58	0.02419	0.04866	0.09644	0.06143	0.35005	0.01115	0.13259	0.03020	0.03654	0.01353	0.00796	0.01044	0.00653	0.00457	0.00595	0.00142	0.14621	0.00389	0.00217	0.00608
59	0.02829	0.06766	0.10340	0.01243	0.12991	0.14927	0.00954	0.16711	0.01116	0.01472	0.00806	0.02267	0.00690	0.03744	0.02036	0.00156	0.17862	0.00366	0.00253	0.02472
60	0.01286	0.04209	0.01155	0.00966	0.03781	0.02518	0.00750	0.27744	0.46886	0.03808	0.01426	0.01352	0.01058	0.00545	0.00428	0.00137	0.00402	0.00437	0.00418	0.00692
61	0.03759	0.13855	0.07857	0.07417	0.21042	0.21103	0.00992	0.07882	0.01064	0.01326	0.00825	0.05553	0.00726	0.00484	0.00441	0.00126	0.04370	0.00372	0.00236	0.00570
62	0.00645	0.00447	0.00495	0.00497	0.00505	0.01974	0.00290	0.00649	0.00645	0.00852	0.01357	0.05806	0.01554	0.74766	0.04726	0.03191	0.00441	0.00629	0.00262	0.00271
63	0.00692	0.00535	0.00784	0.02312	0.06542	0.00542	0.04101	0.03201	0.02686	0.02437	0.04440	0.38543	0.03645	0.05481	0.17439	0.00283	0.00504	0.05076	0.00340	0.00418
64	0.00547	0.00413	0.00505	0.00554	0.00631	0.00375	0.00398	0.00657	0.00933	0.01211	0.13633	0.41143	0.26764	0.03361	0.00578	0.00169	0.00250	0.07108	0.00406	0.00363

[dist]
# distance from previous block
# <min> <max>
1	3

[block]
# block no. 3 follows, 61 sequences, length 35
# corresponding to MSA columns:
# 236-238,241-272
name=unknown_D
#
# <colnr> <probs for GDERKNQSTAVLIFYWHMCP>
#	G	D	E	R	K	N	Q	S	T	A	V	L	I	F	Y	W	H	M	C	P
0	0.01356	0.46345	0.01794	0.00931	0.02966	0.28657	0.00790	0.10330	0.01121	0.01226	0.00674	0.00766	0.00576	0.00410	0.00334	0.00103	0.00568	0.00267	0.00225	0.00558
1	0.00803	0.00401	0.00401	0.00401	0.00502	0.00401	0.00301	0.01004	0.00903	0.01606	0.01405	0.01606	0.01104	0.00502	0.00301	0.00100	0.00201	0.00401	0.87253	0.00401
2	0.03231	0.14412	0.26675	0.05020	0.05685	0.03652	0.04000	0.11537	0.01119	0.17969	0.00962	0.01025	0.00688	0.00446	0.00413	0.00128	0.01761	0.00348	0.00292	0.00638
3	0.01335	0.16830	0.15052	0.00998	0.02639	0.12418	0.01996	0.26437	0.03489	0.07721	0.00989	0.03794	0.00786	0.00542	0.01731	0.00134	0.00535	0.01638	0.00312	0.00624
4	0.00984	0.01031	0.01826	0.02808	0.01664	0.05242	0.42679	0.01211	0.00884	0.02547	0.00870	0.01337	0.00766	0.12857	0.00967	0.00194	0.20932	0.00478	0.00222	0.00504
5	0.00558	0.00438	0.00504	0.00488	0.00612	0.00384	0.00366	0.00713	0.01097	0.01438	0.42061	0.03695	0.44132	0.00989	0.00509	0.00141	0.00211	0.00846	0.00436	0.00384
6	0.01034	0.01332	0.13921	0.01731	0.06581	0.03173	0.60055	0.04138	0.01040	0.01417	0.00854	0.01106	0.00640	0.00378	0.00484	0.00142	0.00694	0.00464	0.00220	0.00598
7	0.00668	0.00538	0.00608	0.00578	0.00721	0.00528	0.00437	0.01046	0.17842	0.01527	0.35764	0.06346	0.29945	0.00909	0.00495	0.00143	0.00239	0.00780	0.00439	0.00447
8	0.00509	0.00436	0.00436	0.00436	0.00582	0.00364	0.00327	0.00618	0.00982	0.01164	0.04364	0.04146	0.82000	0.01091	0.00509	0.00145	0.00218	0.00909	0.00400	0.00364
9	0.01169	0.82046	0.02219	0.00751	0.01114	0.04718	0.00741	0.01306	0.00888	0.01015	0.00601	0.00694	0.00553	0.00371	0.00281	0.00093	0.00472	0.00232	0.00186	0.00551
10	0.87904	0.00833	0.00633	0.00566	0.00833	0.00966	0.00467	0.01266	0.00733	0.01933	0.00600	0.00700	0.00467	0.00400	0.00267	0.00133	0.00333	0.00233	0.00267	0.00467
11	0.02789	0.01966	0.65616	0.01150	0.01723	0.01002	0.01407	0.09460	0.01047	0.08597	0.00877	0.00966	0.00608	0.00431	0.00411	0.00135	0.00590	0.00334	0.00239	0.00651
12	0.01077	0.00880	0.00999	0.00884	0.01124	0.00990	0.03619	0.02112	0.67081	0.06293	0.03674	0.05141	0.01429	0.00624	0.00450	0.00147	0.00351	0.02036	0.00434	0.00655
13	0.00864	0.02228	0.82630	0.01228	0.01864	0.01000	0.01592	0.01364	0.00909	0.01364	0.00773	0.00909	0.00546	0.00409	0.00409	0.00136	0.00637	0.00318	0.00182	0.00637
14	0.84919	0.00830	0.00646	0.00573	0.00842	0.00955	0.00472	0.01295	0.00750	0.04729	0.00638	0.00726	0.00487	0.00404	0.00272	0.00133	0.00334	0.00240	0.00276	0.00476
15	0.00531	0.00412	0.00484	0.00523	0.00613	0.00365	0.00373	0.00639	0.00945	0.01206	0.12649	0.37401	0.38546	0.01175	0.00527	0.00157	0.00233	0.02448	0.00409	0.00364
16	0.00615	0.00462	0.00692	0.00692	0.00769	0.00538	0.00538	0.00769	0.00692	0.01000	0.01154	0.01692	0.01077	0.03231	0.83154	0.00692	0.01154	0.00462	0.00231	0.00385
17	0.87904	0.00833	0.00633	0.00566	0.00833	0.00966	0.00467	0.01266	0.00733	0.01933	0.00600	0.00700	0.00467	0.00400	0.00267	0.00133	0.00333	0.00233	0.00267	0.00467
18	0.00748	0.00374	0.00561	0.00561	0.00561	0.00374	0.00374	0.00561	0.00561	0.00748	0.00748	0.01309	0.00748	0.01496	0.01684	0.87467	0.00374	0.00374	0.00187	0.00187
19	0.00538	0.00410	0.00496	0.00550	0.00622	0.00372	0.00383	0.00656	0.02375	0.01190	0.10388	0.50927	0.27103	0.01213	0.00531	0.00162	0.00238	0.01073	0.00408	0.00365
20	0.45814	0.00905	0.00884	0.00722	0.01022	0.00985	0.00595	0.21055	0.02695	0.20094	0.00974	0.00970	0.00682	0.00462	0.00348	0.00133	0.00375	0.00321	0.00370	0.00596
21	0.00525	0.00375	0.00500	0.00600	0.00625	0.00350	0.00400	0.00600	0.00825	0.01100	0.02374	0.84580	0.02849	0.01350	0.00550	0.00175	0.00250	0.01225	0.00400	0.00350
22	0.01609	0.02053	0.01221	0.01110	0.01332	0.83132	0.00832	0.01720	0.01221	0.01054	0.00666	0.00777	0.00555	0.00444	0.00388	0.00111	0.00777	0.00277	0.00222	0.00499
23	0.00638	0.00501	0.00797	0.00756	0.00853	0.00569	0.05052	0.00804	0.00711	0.01021	0.01138	0.01662	0.01053	0.03069	0.78496	0.00661	0.01130	0.00464	0.00230	0.00396
24	0.00529	0.00378	0.00505	0.00605	0.00632	0.00354	0.00408	0.00608	0.00829	0.01105	0.02372	0.82479	0.02839	0.01345	0.00551	0.00176	0.00254	0.03281	0.00400	0.00351
25	0.00846	0.00632	0.00864	0.01010	0.12509	0.00641	0.00686	0.11946	0.01066	0.03270	0.01863	0.30159	0.02012	0.03329	0.02556	0.00187	0.00393	0.25186	0.00372	0.00472
26	0.66820	0.02871	0.02902	0.03999	0.06790	0.04954	0.00621	0.04230	0.00835	0.01814	0.00645	0.00764	0.00504	0.00406	0.00300	0.00131	0.00392	0.00260	0.00260	0.00500
27	0.01096	0.01201	0.01528	0.01321	0.07175	0.21528	0.24365	0.01405	0.08769	0.01282	0.05513	0.01384	0.00985	0.02724	0.06334	0.00186	0.09561	0.02855	0.00259	0.00529
28	0.00612	0.00411	0.00474	0.00488	0.00492	0.00408	0.00281	0.00623	0.00655	0.00873	0.01503	0.14556	0.01750	0.72873	0.01957	0.00383	0.00394	0.00712	0.00281	0.00274
29	0.01465	0.25863	0.03363	0.01023	0.03326	0.49636	0.00823	0.02996	0.01123	0.05678	0.00717	0.00806	0.00589	0.00426	0.00361	0.00108	0.00647	0.00278	0.00231	0.00540
30	0.02561	0.14766	0.06974	0.06938	0.05810	0.45086	0.02642	0.05587	0.01130	0.01206	0.02007	0.00876	0.00629	0.00438	0.00396	0.00116	0.01768	0.00305	0.00226	0.00537
31	0.05538	0.00475	0.00651	0.00646	0.00722	0.00540	0.00487	0.00776	0.00697	0.01045	0.03199	0.01854	0.01196	0.16021	0.63488	0.00603	0.00966	0.00483	0.00244	0.00370
32	0.01260	0.41004	0.06289	0.02025	0.04379	0.16474	0.05093	0.06922	0.01049	0.05797	0.01953	0.00895	0.00668	0.00479	0.02025	0.00123	0.02456	0.00305	0.00236	0.00568
33	0.12487	0.00927	0.03869	0.02692	0.02298	0.02140	0.00668	0.17347	0.07919	0.08300	0.06283	0.02771	0.00985	0.00489	0.00417	0.00116	0.03284	0.00377	0.00340	0.26293
34	0.04397	0.05979	0.08358	0.03307	0.13954	0.02397	0.04275	0.24587	0.09737	0.07505	0.02416	0.04306	0.03035	0.00563	0.01480	0.00141	0.02158	0.00435	0.00336	0.00636

[dist]
# distance from previous block
# <min> <max>
0	14

[block]
# block no. 4 follows, 61 sequences, length 24
# corresponding to MSA columns:
# 310-333
name=unknown_E
#
# <colnr> <probs for GDERKNQSTAVLIFYWHMCP>
#	G	D	E	R	K	N	Q	S	T	A	V	L	I	F	Y	W	H	M	C	P
0	0.01295	0.04665	0.20314	0.01177	0.08696	0.04472	0.02063	0.15707	0.09156	0.11417	0.02404	0.04770	0.03499	0.00599	0.00495	0.00151	0.02925	0.00460	0.00360	0.05377
1	0.01105	0.13236	0.09260	0.02151	0.01256	0.06892	0.07831	0.18152	0.10306	0.03059	0.06509	0.12535	0.02378	0.02823	0.00479	0.00141	0.00463	0.00525	0.00330	0.00567
2	0.00993	0.00938	0.01321	0.01121	0.01156	0.01274	0.02833	0.01141	0.03888	0.04678	0.00670	0.00997	0.00619	0.00728	0.01310	0.00183	0.75054	0.00387	0.00214	0.00494
3	0.00976	0.04913	0.20873	0.06696	0.07387	0.00913	0.04609	0.13439	0.03720	0.01452	0.00966	0.01378	0.00842	0.18035	0.00775	0.00183	0.00498	0.00405	0.00260	0.11678
4	0.01520	0.01148	0.01226	0.00967	0.01291	0.01281	0.00790	0.64406	0.18549	0.02525	0.01184	0.01153	0.00854	0.00531	0.00432	0.00133	0.00446	0.00408	0.00432	0.00722
5	0.00728	0.00552	0.00665	0.00626	0.00725	0.00584	0.00464	0.10177	0.00944	0.01259	0.07094	0.08440	0.19284	0.21926	0.18433	0.00330	0.05011	0.02036	0.00327	0.00395
6	0.87904	0.00833	0.00633	0.00566	0.00833	0.00966	0.00467	0.01266	0.00733	0.01933	0.00600	0.00700	0.00467	0.00400	0.00267	0.00133	0.00333	0.00233	0.00267	0.00467
7	0.00626	0.00418	0.00470	0.00470	0.00470	0.00418	0.00261	0.00626	0.00626	0.00835	0.01357	0.02819	0.01566	0.84862	0.02192	0.00418	0.00418	0.00626	0.00261	0.00261
8	0.00674	0.00482	0.00672	0.00771	0.00861	0.00479	0.00660	0.00858	0.00972	0.01267	0.02292	0.14138	0.02522	0.01209	0.00590	0.00196	0.00380	0.70191	0.00397	0.00391
9	0.01152	0.85121	0.02257	0.00737	0.01106	0.01704	0.00737	0.01290	0.00875	0.01013	0.00599	0.00691	0.00553	0.00369	0.00276	0.00092	0.00461	0.00230	0.00184	0.00553
10	0.00694	0.00496	0.00694	0.00793	0.00892	0.00496	0.00694	0.00892	0.00992	0.01289	0.02281	0.04859	0.02479	0.01190	0.00595	0.00198	0.00397	0.79275	0.00397	0.00397
11	0.87904	0.00833	0.00633	0.00566	0.00833	0.00966	0.00467	0.01266	0.00733	0.01933	0.00600	0.00700	0.00467	0.00400	0.00267	0.00133	0.00333	0.00233	0.00267	0.00467
12	0.87904	0.00833	0.00633	0.00566	0.00833	0.00966	0.00467	0.01266	0.00733	0.01933	0.00600	0.00700	0.00467	0.00400	0.00267	0.00133	0.00333	0.00233	0.00267	0.00467
13	0.11959	0.00745	0.00957	0.00743	0.01069	0.00672	0.00614	0.02002	0.01175	0.73079	0.01571	0.01377	0.00996	0.00518	0.00414	0.00133	0.00363	0.00410	0.00502	0.00702
14	0.01637	0.01207	0.01293	0.00991	0.01336	0.01336	0.00819	0.80738	0.02025	0.02715	0.01034	0.01034	0.00733	0.00517	0.00431	0.00129	0.00474	0.00388	0.00431	0.00733
15	0.01235	0.00809	0.00928	0.00818	0.01061	0.00869	0.00644	0.02035	0.49849	0.22939	0.03583	0.07411	0.01462	0.00654	0.00452	0.00147	0.00341	0.03647	0.00460	0.00655
16	0.01017	0.01162	0.02542	0.01816	0.02251	0.01089	0.80610	0.01380	0.01017	0.01380	0.00871	0.01162	0.00654	0.00363	0.00508	0.00145	0.00726	0.00508	0.00218	0.00581
17	0.00527	0.00433	0.00464	0.00465	0.00595	0.00370	0.00345	0.00649	0.01010	0.01253	0.17091	0.09491	0.63666	0.01074	0.00512	0.00146	0.00218	0.00909	0.00412	0.00370
18	0.01915	0.00762	0.01018	0.00780	0.01114	0.00676	0.00644	0.06914	0.01281	0.77589	0.01659	0.01440	0.01046	0.00532	0.00433	0.00133	0.00373	0.00430	0.00527	0.00733
19	0.00626	0.00420	0.00484	0.00484	0.00489	0.00425	0.00278	0.00635	0.00631	0.00846	0.01344	0.02748	0.01535	0.79733	0.07279	0.00435	0.00464	0.00616	0.00259	0.00269
20	0.00906	0.00699	0.04465	0.00855	0.07564	0.00631	0.02171	0.10379	0.01247	0.08679	0.46494	0.02581	0.02746	0.03181	0.00535	0.00146	0.00322	0.05469	0.00424	0.00504
21	0.00893	0.00766	0.00893	0.00638	0.01021	0.00574	0.00510	0.01085	0.00893	0.01404	0.00766	0.00893	0.00638	0.00319	0.00319	0.00064	0.00319	0.00255	0.00255	0.87495
22	0.05342	0.01243	0.01219	0.02250	0.02604	0.12358	0.00798	0.55676	0.03405	0.02268	0.02297	0.02942	0.00802	0.00529	0.00448	0.00129	0.02898	0.00391	0.00379	0.02021
23	0.01364	0.26796	0.01528	0.01031	0.07835	0.19624	0.00795	0.19778	0.02953	0.06645	0.02260	0.04268	0.00813	0.00535	0.01872	0.00126	0.00530	0.00361	0.00294	0.00594

[dist]
# distance from previous block
# <min> <max>
0	1

[block]
# block no. 5 follows, 61 sequences, length 54
# corresponding to MSA columns:
# 335-388
name=unknown_F
#
# <colnr> <probs for GDERKNQSTAVLIFYWHMCP>
#	G	D	E	R	K	N	Q	S	T	A	V	L	I	F	Y	W	H	M	C	P
0	0.03622	0.07663	0.39127	0.03186	0.07471	0.01970	0.08078	0.04951	0.08166	0.08491	0.02630	0.01089	0.00759	0.00442	0.00413	0.00133	0.00548	0.00369	0.00261	0.00630
1	0.00984	0.05814	0.58209	0.01277	0.01841	0.01034	0.15460	0.02977	0.00968	0.06222	0.00843	0.00980	0.00600	0.00409	0.00422	0.00136	0.00625	0.00356	0.00214	0.00630
2	0.00601	0.00480	0.00551	0.03651	0.00728	0.00442	0.00411	0.04554	0.01066	0.01363	0.22334	0.13072	0.47158	0.01018	0.00507	0.00146	0.00244	0.00870	0.00411	0.00394
3	0.01106	0.04495	0.24798	0.04480	0.16634	0.02824	0.08195	0.07576	0.06541	0.10472	0.02247	0.01331	0.06394	0.00488	0.00431	0.00134	0.00518	0.00422	0.00287	0.00627
4	0.01082	0.00986	0.02998	0.19860	0.52239	0.02456	0.02868	0.01369	0.03272	0.07397	0.00892	0.01123	0.00700	0.00412	0.00429	0.00132	0.00521	0.00390	0.00239	0.00636
5	0.00928	0.00922	0.01292	0.01112	0.01115	0.01286	0.00925	0.01025	0.00661	0.01035	0.00591	0.00975	0.00588	0.00861	0.04938	0.00210	0.80498	0.00381	0.00190	0.00467
6	0.01129	0.17582	0.05226	0.20507	0.18017	0.04747	0.04536	0.08601	0.01047	0.07027	0.00901	0.01201	0.00734	0.00466	0.00434	0.00130	0.02710	0.04169	0.00252	0.00584
7	0.01068	0.41490	0.35431	0.00999	0.02771	0.05419	0.01107	0.01356	0.00912	0.03106	0.00703	0.00816	0.00565	0.00401	0.00367	0.00115	0.02310	0.00280	0.00194	0.00590
8	0.01154	0.76889	0.03843	0.00747	0.01108	0.01604	0.00743	0.01302	0.00882	0.04091	0.00666	0.00764	0.00592	0.00487	0.03520	0.00118	0.00488	0.00249	0.00199	0.00555
9	0.00542	0.00415	0.00501	0.00555	0.00638	0.00374	0.00404	0.00650	0.00925	0.01179	0.07466	0.40465	0.33381	0.01207	0.00537	0.00164	0.00251	0.09579	0.00404	0.00363
10	0.01387	0.00954	0.01096	0.02568	0.01181	0.02394	0.00722	0.42506	0.02281	0.13858	0.01163	0.01293	0.01670	0.03739	0.14483	0.00235	0.04034	0.00414	0.00382	0.03640
11	0.01099	0.01046	0.04734	0.07056	0.17481	0.03383	0.00913	0.08389	0.43532	0.01673	0.01306	0.01334	0.00998	0.00525	0.00479	0.00142	0.04476	0.00432	0.00346	0.00655
12	0.00579	0.00434	0.00536	0.00521	0.00627	0.00392	0.00387	0.00749	0.01131	0.01542	0.56982	0.09911	0.22689	0.00968	0.00512	0.00141	0.00211	0.00846	0.00450	0.00392
13	0.00879	0.00761	0.00848	0.04803	0.02949	0.04226	0.00617	0.03950	0.33592	0.01466	0.07552	0.02069	0.13261	0.04297	0.16522	0.00258	0.00511	0.00551	0.00362	0.00526
14	0.00524	0.00377	0.00498	0.00594	0.00623	0.00350	0.00397	0.00600	0.00830	0.01102	0.02445	0.81700	0.05683	0.01340	0.00548	0.00174	0.00249	0.01213	0.00400	0.00350
15	0.00928	0.00872	0.01462	0.53546	0.27584	0.00995	0.03008	0.04180	0.00946	0.01263	0.00792	0.01119	0.00616	0.00418	0.00431	0.00138	0.00554	0.00386	0.00208	0.00554
16	0.01533	0.01549	0.01201	0.01022	0.01288	0.39743	0.00797	0.33702	0.08537	0.01793	0.00974	0.04112	0.00780	0.00520	0.00416	0.00124	0.00596	0.00376	0.00332	0.00604
17	0.00587	0.00472	0.00559	0.00538	0.00657	0.01785	0.01709	0.00744	0.01090	0.01440	0.42655	0.10835	0.33380	0.00987	0.00510	0.00143	0.00231	0.00856	0.00431	0.00390
18	0.01496	0.12530	0.07360	0.01071	0.01343	0.66813	0.00876	0.01640	0.01154	0.01072	0.00665	0.00776	0.00554	0.00432	0.00376	0.00110	0.00727	0.00275	0.00214	0.00516
19	0.87904	0.00833	0.00633	0.00566	0.00833	0.00966	0.00467	0.01266	0.00733	0.01933	0.00600	0.00700	0.00467	0.00400	0.00267	0.00133	0.00333	0.00233	0.00267	0.00467
20	0.01079	0.40969	0.21611	0.01062	0.05295	0.04627	0.06598	0.04642	0.02173	0.01241	0.01944	0.02345	0.00676	0.00431	0.00397	0.00117	0.03680	0.00322	0.00211	0.00580
21	0.04103	0.00751	0.00787	0.00713	0.00900	0.05843	0.00547	0.05861	0.22304	0.10521	0.18920	0.11180	0.11401	0.01729	0.02344	0.00157	0.00344	0.00646	0.00421	0.00528
22	0.01006	0.01144	0.02492	0.01783	0.02210	0.01072	0.78568	0.01365	0.01022	0.01389	0.02935	0.01214	0.00740	0.00376	0.00508	0.00145	0.00713	0.00515	0.00224	0.00577
23	0.01048	0.03505	0.28028	0.06271	0.12075	0.10338	0.12231	0.03289	0.12348	0.02215	0.03835	0.01148	0.00825	0.00449	0.00429	0.00134	0.00578	0.00393	0.00252	0.00609
24	0.00748	0.00374	0.00561	0.00561	0.00561	0.00374	0.00374	0.00561	0.00561	0.00748	0.00748	0.01309	0.00748	0.01496	0.01684	0.87467	0.00374	0.00374	0.00187	0.00187
25	0.01144	0.31248	0.01641	0.22274	0.02874	0.15166	0.03823	0.06656	0.01016	0.01214	0.00712	0.00889	0.00585	0.00403	0.00360	0.00111	0.00542	0.00303	0.00218	0.08822
26	0.00594	0.00435	0.00557	0.00537	0.00637	0.00398	0.00399	0.00778	0.01166	0.01625	0.68479	0.10044	0.10867	0.00938	0.00512	0.00140	0.00208	0.00827	0.00461	0.00398
27	0.00626	0.00418	0.00470	0.00470	0.00470	0.00418	0.00261	0.00626	0.00626	0.00835	0.01357	0.02819	0.01566	0.84862	0.02192	0.00418	0.00418	0.00626	0.00261	0.00261
28	0.00754	0.00531	0.00663	0.00600	0.00735	0.00516	0.00459	0.06157	0.06171	0.04787	0.68805	0.02912	0.03568	0.00826	0.00496	0.00136	0.00235	0.00723	0.00471	0.00457
29	0.11434	0.01275	0.13282	0.01003	0.01386	0.01175	0.05068	0.49502	0.01596	0.08641	0.00990	0.01018	0.00696	0.00481	0.00413	0.00132	0.00487	0.00370	0.00372	0.00680
30	0.01133	0.00956	0.01008	0.00889	0.01143	0.01100	0.00697	0.10766	0.72819	0.01901	0.01676	0.01545	0.01252	0.00577	0.00438	0.00144	0.00355	0.00476	0.00438	0.00687
31	0.00748	0.00374	0.00561	0.00561	0.00561	0.00374	0.00374	0.00561	0.00561	0.00748	0.00748	0.01309	0.00748	0.01496	0.01684	0.87467	0.00374	0.00374	0.00187	0.00187
32	0.00525	0.00375	0.00500	0.00600	0.00625	0.00350	0.00400	0.00600	0.00825	0.01100	0.02374	0.84580	0.02849	0.01350	0.00550	0.00175	0.00250	0.01225	0.00400	0.00350
33	0.74432	0.00880	0.00749	0.07512	0.03940	0.04011	0.00571	0.01271	0.00771	0.01813	0.00623	0.00753	0.00486	0.00403	0.00290	0.00133	0.00376	0.00253	0.00257	0.00476
34	0.00626	0.00418	0.00470	0.00470	0.00470	0.00418	0.00261	0.00626	0.00626	0.00835	0.01357	0.02819	0.01566	0.84862	0.02192	0.00418	0.00418	0.00626	0.00261	0.00261
35	0.87904	0.00833	0.00633	0.00566	0.00833	0.00966	0.00467	0.01266	0.00733	0.01933	0.00600	0.00700	0.00467	0.00400	0.00267	0.00133	0.00333	0.00233	0.00267	0.00467
36	0.01830	0.00756	0.00997	0.00780	0.01102	0.00685	0.00639	0.02122	0.10798	0.72847	0.01706	0.01483	0.01096	0.00539	0.00434	0.00135	0.00363	0.00440	0.00522	0.00727
37	0.01574	0.01996	0.01224	0.04796	0.01405	0.79470	0.00849	0.01692	0.01205	0.01056	0.00670	0.00793	0.00556	0.00443	0.00390	0.00112	0.00768	0.00282	0.00221	0.00498
38	0.00922	0.01776	0.49580	0.03733	0.03163	0.01032	0.30865	0.01362	0.00949	0.01363	0.00810	0.01012	0.00588	0.00392	0.00447	0.00140	0.00666	0.00391	0.00196	0.00612
39	0.05074	0.00744	0.00974	0.00759	0.01076	0.00671	0.00624	0.04173	0.04205	0.70664	0.05218	0.01509	0.01177	0.00545	0.00430	0.00134	0.00360	0.00442	0.00514	0.00707
40	0.00826	0.00778	0.01314	0.79901	0.06796	0.00960	0.01202	0.01111	0.00867	0.01115	0.00768	0.01144	0.00579	0.00428	0.00430	0.00143	0.00571	0.00383	0.00192	0.00488
41	0.01113	0.00990	0.01531	0.22308	0.44728	0.02904	0.02359	0.11187	0.02047	0.04392	0.00885	0.01143	0.00701	0.00430	0.00431	0.00133	0.00523	0.01313	0.00251	0.00631
42	0.00823	0.00775	0.01309	0.80764	0.05955	0.00960	0.01201	0.01109	0.00866	0.01112	0.00767	0.01145	0.00578	0.00429	0.00431	0.00143	0.00572	0.00383	0.00192	0.00486
43	0.00649	0.00504	0.00726	0.00707	0.00766	0.00601	0.00542	0.00777	0.00680	0.00982	0.01122	0.01765	0.01090	0.13650	0.64425	0.00606	0.09325	0.00475	0.00230	0.00377
44	0.00600	0.00398	0.00520	0.00592	0.00637	0.00368	0.00400	0.00674	0.00840	0.05020	0.02378	0.71101	0.06979	0.05223	0.00636	0.01484	0.00264	0.01128	0.00397	0.00363
45	0.01365	0.04274	0.07594	0.06688	0.16198	0.14632	0.03916	0.08495	0.01169	0.22983	0.03176	0.01324	0.05258	0.00499	0.00425	0.00129	0.00511	0.00412	0.00331	0.00620
46	0.01177	0.01263	0.02142	0.01575	0.01962	0.11235	0.56681	0.13790	0.01195	0.01542	0.00902	0.02795	0.00698	0.00417	0.00482	0.00139	0.00683	0.00476	0.00255	0.00590
47	0.00591	0.00414	0.00542	0.00625	0.00674	0.00394	0.00437	0.00719	0.03736	0.03104	0.02376	0.71541	0.04598	0.01284	0.00546	0.00174	0.00267	0.07200	0.00404	0.00375
48	0.00643	0.00453	0.00527	0.00509	0.00642	0.00395	0.00381	0.00783	0.01061	0.07063	0.28950	0.11447	0.43558	0.01009	0.00507	0.00144	0.00227	0.00864	0.00433	0.00402
49	0.01488	0.01674	0.04279	0.01093	0.03930	0.51760	0.00839	0.13533	0.02946	0.05489	0.00886	0.04413	0.00736	0.00571	0.02401	0.00135	0.02640	0.00358	0.00279	0.00552
50	0.02267	0.00777	0.00868	0.01753	0.00985	0.03871	0.00601	0.23063	0.08985	0.10621	0.03849	0.31839	0.02823	0.00974	0.04474	0.00175	0.00400	0.00724	0.00410	0.00542
51	0.01031	0.03807	0.00821	0.00718	0.00880	0.04627	0.00543	0.15368	0.01138	0.14722	0.01985	0.44268	0.06386	0.00971	0.00489	0.00152	0.00341	0.00844	0.00411	0.00497
