[name]
unknown

[dist]
# distance from previous block
# <min> <max>
0	66

[block]
# block no. 0 follows, 64 sequences, length 18
# corresponding to MSA columns:
# 77-94
name=unknown_A
#
# <colnr> <probs for GDERKNQSTAVLIFYWHMCP>
#	G	D	E	R	K	N	Q	S	T	A	V	L	I	F	Y	W	H	M	C	P
0	0.00758	0.00550	0.00703	0.00752	0.08084	0.00546	0.00482	0.06201	0.00850	0.03994	0.04791	0.11662	0.06104	0.36037	0.04800	0.00272	0.01985	0.05718	0.00304	0.05406
1	0.02184	0.05988	0.12629	0.04270	0.10005	0.13120	0.05051	0.13065	0.10635	0.06136	0.04213	0.01228	0.03999	0.00491	0.00438	0.00127	0.03476	0.00392	0.01972	0.00579
2	0.02643	0.14583	0.19764	0.03115	0.08989	0.07895	0.10226	0.05321	0.09457	0.03411	0.04596	0.01069	0.00809	0.00438	0.00419	0.00123	0.03055	0.00360	0.00249	0.03479
3	0.00764	0.00575	0.00661	0.00672	0.03615	0.02613	0.00461	0.10680	0.04614	0.02989	0.11637	0.29398	0.10610	0.16032	0.00770	0.00191	0.00315	0.00780	0.02211	0.00413
4	0.00560	0.00427	0.00549	0.00565	0.00629	0.00402	0.03215	0.00668	0.03074	0.01065	0.05403	0.41679	0.18108	0.20651	0.00883	0.00214	0.00289	0.00927	0.00352	0.00339
5	0.01178	0.12629	0.15020	0.01123	0.11804	0.11816	0.03462	0.08184	0.04815	0.11439	0.03415	0.02684	0.02012	0.00459	0.00399	0.00117	0.01586	0.00366	0.00280	0.07212
6	0.01254	0.46206	0.05383	0.00890	0.02813	0.24234	0.00785	0.03135	0.04032	0.04677	0.00704	0.00785	0.00589	0.00405	0.00348	0.00103	0.02636	0.00266	0.00217	0.00539
7	0.00527	0.00393	0.00503	0.00549	0.00611	0.00373	0.00386	0.00629	0.00847	0.01123	0.11887	0.45988	0.18227	0.04011	0.11692	0.00233	0.00351	0.00955	0.00368	0.00348
8	0.03431	0.00592	0.00858	0.01667	0.00866	0.00613	0.11411	0.00911	0.03654	0.05172	0.04958	0.05969	0.08457	0.34840	0.04586	0.00269	0.07348	0.00583	0.03431	0.00384
9	0.01086	0.02647	0.04918	0.02634	0.03411	0.03376	0.03593	0.18248	0.20900	0.08595	0.07942	0.03506	0.11070	0.02444	0.02410	0.00150	0.00402	0.00507	0.00374	0.01786
10	0.00588	0.00453	0.00535	0.00510	0.00626	0.00421	0.00381	0.00812	0.06283	0.01474	0.50677	0.03261	0.27557	0.03935	0.00544	0.00144	0.00216	0.00766	0.00426	0.00391
11	0.00542	0.00391	0.00511	0.00558	0.00605	0.00382	0.00386	0.00625	0.00787	0.01055	0.07708	0.45011	0.10736	0.11221	0.15134	0.02358	0.00407	0.00906	0.00342	0.00335
12	0.01062	0.02277	0.11786	0.05821	0.34244	0.02269	0.12824	0.06011	0.05114	0.06935	0.00957	0.02355	0.01894	0.00439	0.00464	0.00132	0.04152	0.00404	0.00250	0.00612
13	0.03829	0.05313	0.11701	0.03360	0.05989	0.03836	0.04398	0.05399	0.00990	0.22158	0.06580	0.04800	0.01019	0.00639	0.03150	0.00154	0.15387	0.00426	0.00312	0.00562
14	0.01395	0.00645	0.00827	0.00690	0.00934	0.00591	0.00548	0.03169	0.09028	0.50446	0.05039	0.13538	0.09895	0.00698	0.00444	0.00137	0.00316	0.00590	0.00470	0.00601
15	0.05716	0.37898	0.01610	0.00835	0.01149	0.06902	0.04534	0.26020	0.01238	0.01611	0.08039	0.01014	0.00889	0.00450	0.00350	0.00109	0.00453	0.00332	0.00284	0.00568
16	0.01225	0.03592	0.02585	0.03503	0.25831	0.04695	0.03747	0.26729	0.06310	0.06352	0.04257	0.01223	0.02866	0.01505	0.00472	0.00131	0.03633	0.00405	0.00316	0.00625
17	0.01045	0.14120	0.07119	0.02697	0.29913	0.10324	0.07961	0.03168	0.04701	0.01278	0.02547	0.03582	0.00780	0.00503	0.02662	0.00134	0.02131	0.00375	0.00228	0.04732

[dist]
# distance from previous block
# <min> <max>
3	5

[block]
# block no. 1 follows, 64 sequences, length 6
# corresponding to MSA columns:
# 100-105
name=unknown_B
#
# <colnr> <probs for GDERKNQSTAVLIFYWHMCP>
#	G	D	E	R	K	N	Q	S	T	A	V	L	I	F	Y	W	H	M	C	P
0	0.01120	0.21639	0.11368	0.06776	0.07781	0.10754	0.09717	0.09015	0.05773	0.04290	0.00898	0.03454	0.00747	0.00462	0.00408	0.00123	0.02278	0.02584	0.00249	0.00563
1	0.01001	0.04850	0.40263	0.02850	0.06989	0.04317	0.03678	0.08239	0.05834	0.06519	0.01047	0.04581	0.02781	0.00545	0.02562	0.00143	0.00537	0.00392	0.02283	0.00590
2	0.00833	0.03122	0.05963	0.02665	0.12275	0.00731	0.09152	0.05918	0.06233	0.01430	0.14472	0.08118	0.12712	0.00622	0.00432	0.00124	0.00375	0.00555	0.00315	0.13954
3	0.00548	0.00404	0.00458	0.00471	0.00531	0.00373	0.00310	0.00616	0.00809	0.01042	0.10854	0.16984	0.28903	0.34557	0.01142	0.00248	0.00290	0.00806	0.00340	0.00313
4	0.00806	0.00684	0.00809	0.00607	0.00928	0.00536	0.00483	0.00981	0.00846	0.01294	0.01023	0.01166	0.06406	0.00669	0.09525	0.00134	0.00390	0.00312	0.00253	0.72148
5	0.03064	0.04704	0.16188	0.01168	0.15233	0.06078	0.03469	0.13011	0.04954	0.09969	0.11637	0.01473	0.06198	0.00524	0.00416	0.00127	0.00449	0.00437	0.00317	0.00585

[dist]
# distance from previous block
# <min> <max>
4	6

[block]
# block no. 2 follows, 64 sequences, length 15
# corresponding to MSA columns:
# 113-127
name=unknown_C
#
# <colnr> <probs for GDERKNQSTAVLIFYWHMCP>
#	G	D	E	R	K	N	Q	S	T	A	V	L	I	F	Y	W	H	M	C	P
0	0.02717	0.08826	0.15455	0.02667	0.13975	0.07736	0.03696	0.09380	0.01031	0.09681	0.00934	0.01084	0.02067	0.02792	0.04633	0.00149	0.00518	0.00346	0.00262	0.12051
1	0.01191	0.30496	0.18848	0.00981	0.03610	0.26521	0.00920	0.06189	0.02722	0.01190	0.00801	0.00889	0.03142	0.00421	0.00350	0.00109	0.00566	0.00293	0.00215	0.00545
2	0.00969	0.05809	0.00934	0.00662	0.00969	0.04862	0.00529	0.08942	0.00991	0.04586	0.02171	0.05495	0.05066	0.03930	0.00421	0.00099	0.00348	0.00367	0.00285	0.52566
3	0.01122	0.09422	0.06399	0.01021	0.10377	0.10323	0.03430	0.07678	0.06690	0.14014	0.01395	0.16470	0.03696	0.02973	0.00472	0.00140	0.00436	0.03071	0.00327	0.00543
4	0.01035	0.06034	0.01392	0.05397	0.29594	0.12251	0.07632	0.04906	0.05093	0.02722	0.04115	0.12287	0.01082	0.00557	0.00455	0.00131	0.03098	0.01402	0.00265	0.00550
5	0.00500	0.00417	0.00437	0.00441	0.00569	0.00353	0.00327	0.00611	0.00956	0.01165	0.10877	0.09684	0.70131	0.01052	0.00494	0.00141	0.00211	0.00887	0.00392	0.00353
6	0.00841	0.03975	0.04308	0.03207	0.03103	0.09131	0.03155	0.04114	0.05871	0.04056	0.09764	0.08361	0.10708	0.10783	0.16510	0.00265	0.00541	0.00563	0.00304	0.00440
7	0.04187	0.19580	0.15907	0.05232	0.01369	0.02822	0.07159	0.13089	0.05374	0.11195	0.00932	0.01060	0.00715	0.02907	0.04758	0.00158	0.02354	0.00351	0.00276	0.00577
8	0.01531	0.01062	0.01144	0.00902	0.01208	0.04087	0.00737	0.54537	0.09475	0.15578	0.01161	0.01136	0.00821	0.00615	0.03907	0.00149	0.00466	0.00390	0.00417	0.00680
9	0.00571	0.00424	0.00585	0.00608	0.00661	0.00456	0.00442	0.00679	0.00732	0.01012	0.05035	0.26175	0.05819	0.11882	0.40571	0.00432	0.02566	0.00710	0.00290	0.00349
10	0.01810	0.04573	0.06054	0.05543	0.09275	0.10423	0.07541	0.01032	0.02653	0.01173	0.07554	0.15017	0.04622	0.06635	0.05791	0.03492	0.02307	0.00560	0.03499	0.00445
11	0.04574	0.04487	0.09625	0.06374	0.25748	0.05053	0.13999	0.06320	0.07075	0.07159	0.03408	0.01116	0.00788	0.00428	0.00430	0.00129	0.02038	0.00389	0.00262	0.00599
12	0.00653	0.00511	0.00650	0.02950	0.02778	0.02634	0.00456	0.00729	0.00671	0.00915	0.01224	0.08377	0.01315	0.40142	0.28248	0.00434	0.06177	0.00560	0.00244	0.00332
13	0.00641	0.07401	0.00671	0.00561	0.00689	0.00540	0.00428	0.03742	0.05915	0.01262	0.14311	0.26121	0.29862	0.02615	0.00511	0.00149	0.00262	0.03542	0.00380	0.00399
14	0.01047	0.17708	0.30302	0.06678	0.12064	0.06396	0.02266	0.06140	0.04981	0.04775	0.03321	0.00998	0.00721	0.00420	0.00380	0.00121	0.00524	0.00333	0.00233	0.00590

[dist]
# distance from previous block
# <min> <max>
1	89

[block]
# block no. 3 follows, 64 sequences, length 9
# corresponding to MSA columns:
# 219-227
name=unknown_D
#
# <colnr> <probs for GDERKNQSTAVLIFYWHMCP>
#	G	D	E	R	K	N	Q	S	T	A	V	L	I	F	Y	W	H	M	C	P
0	0.01102	0.04990	0.19667	0.07099	0.11067	0.04118	0.09780	0.06651	0.04271	0.12764	0.02200	0.03004	0.00778	0.00447	0.00429	0.00125	0.02616	0.00383	0.00273	0.08234
1	0.00906	0.03644	0.01023	0.01115	0.18661	0.00781	0.02215	0.09802	0.15175	0.03480	0.08569	0.21192	0.03510	0.04369	0.01857	0.00159	0.00372	0.02295	0.00347	0.00525
2	0.00998	0.00828	0.00879	0.00792	0.01002	0.03274	0.00615	0.04922	0.56519	0.04453	0.08900	0.03556	0.03942	0.00796	0.06450	0.00177	0.00386	0.00510	0.00406	0.00595
3	0.01285	0.01054	0.01079	0.00902	0.01176	0.04814	0.00719	0.35383	0.44896	0.02074	0.01353	0.01283	0.01000	0.00530	0.00418	0.00133	0.00401	0.00421	0.00410	0.00670
4	0.00506	0.00416	0.00445	0.00449	0.00573	0.00355	0.00333	0.00621	0.00965	0.01193	0.15092	0.11203	0.64318	0.01046	0.00494	0.00141	0.00211	0.00886	0.00396	0.00355
5	0.03597	0.01006	0.06895	0.08093	0.03956	0.07842	0.03626	0.23012	0.04741	0.10533	0.01208	0.15733	0.01068	0.00656	0.00501	0.03958	0.02181	0.00509	0.00334	0.00551
6	0.04465	0.20451	0.18216	0.01244	0.09754	0.07034	0.16919	0.07425	0.02356	0.03524	0.00808	0.02903	0.00652	0.00418	0.00404	0.00122	0.02146	0.00357	0.00228	0.00574
7	0.00923	0.00888	0.01545	0.28959	0.47631	0.00942	0.06820	0.01179	0.00904	0.01246	0.00837	0.04722	0.00713	0.00424	0.00423	0.00131	0.00517	0.00414	0.00207	0.00573
8	0.00615	0.00471	0.00553	0.02233	0.00631	0.02951	0.00381	0.00679	0.00711	0.00939	0.03594	0.15789	0.08143	0.41320	0.17171	0.00369	0.02184	0.00673	0.00280	0.00315

[dist]
# distance from previous block
# <min> <max>
5	27

[block]
# block no. 4 follows, 64 sequences, length 20
# corresponding to MSA columns:
# 259-278
name=unknown_E
#
# <colnr> <probs for GDERKNQSTAVLIFYWHMCP>
#	G	D	E	R	K	N	Q	S	T	A	V	L	I	F	Y	W	H	M	C	P
0	0.19892	0.03557	0.01066	0.03510	0.02872	0.06286	0.00700	0.34769	0.14799	0.05261	0.01028	0.02739	0.00778	0.00488	0.00378	0.00127	0.00420	0.00365	0.00355	0.00608
1	0.00649	0.00488	0.00565	0.00508	0.00655	0.00422	0.00368	0.00763	0.00882	0.03465	0.15417	0.07007	0.26496	0.19391	0.03249	0.00197	0.00302	0.00658	0.00338	0.18180
2	0.00705	0.00574	0.03644	0.00857	0.06943	0.00588	0.02716	0.00878	0.00729	0.04939	0.01093	0.01537	0.00981	0.02621	0.68535	0.00569	0.01002	0.00435	0.00233	0.00422
3	0.04715	0.04871	0.15647	0.15581	0.15080	0.01007	0.13469	0.13459	0.01069	0.06837	0.00900	0.03912	0.00702	0.00440	0.00414	0.00131	0.00524	0.00397	0.00257	0.00587
4	0.00524	0.00385	0.00470	0.00522	0.00572	0.00354	0.00351	0.00601	0.00824	0.01077	0.08368	0.49624	0.19123	0.14288	0.00765	0.00196	0.00257	0.00997	0.00370	0.00331
5	0.00612	0.00462	0.00654	0.00643	0.00699	0.00532	0.00483	0.00730	0.00680	0.00971	0.05027	0.03151	0.01263	0.18421	0.58236	0.00556	0.05790	0.00496	0.00239	0.00354
6	0.00938	0.00911	0.01281	0.01185	0.07569	0.01223	0.00917	0.04851	0.00728	0.01107	0.00637	0.03409	0.00627	0.00705	0.01218	0.00174	0.71451	0.00389	0.00201	0.00479
7	0.01111	0.85652	0.02177	0.00711	0.01066	0.01644	0.00711	0.01244	0.00844	0.00977	0.00577	0.00666	0.00533	0.00355	0.00267	0.00089	0.00444	0.00222	0.00178	0.00533
8	0.00518	0.00407	0.00453	0.00470	0.00565	0.00358	0.00332	0.00615	0.00904	0.01137	0.12558	0.21032	0.47682	0.10265	0.00676	0.00174	0.00236	0.00897	0.00379	0.00342
9	0.00947	0.00888	0.01411	0.07771	0.56346	0.02138	0.01073	0.01248	0.06881	0.01383	0.10898	0.03984	0.01157	0.00481	0.00437	0.00129	0.01527	0.00448	0.00256	0.00596
10	0.00667	0.00437	0.00545	0.00558	0.00657	0.00400	0.00403	0.00815	0.03507	0.09119	0.19166	0.40661	0.19375	0.01057	0.00499	0.00150	0.00239	0.00933	0.00414	0.00397
11	0.01012	0.00556	0.00710	0.00607	0.00785	0.00517	0.00476	0.07148	0.01222	0.23907	0.49961	0.02467	0.05034	0.00727	0.00459	0.00129	0.00259	0.00626	0.02898	0.00500
12	0.01231	0.00704	0.00775	0.00639	0.00853	0.00729	0.00513	0.28295	0.01290	0.15792	0.01283	0.01340	0.00938	0.00494	0.00354	0.00112	0.00310	0.00388	0.43412	0.00549
13	0.05560	0.00685	0.00747	0.00665	0.00839	0.00728	0.00509	0.17863	0.14783	0.05681	0.01853	0.07477	0.14950	0.14857	0.05426	0.00211	0.00384	0.02768	0.03529	0.00486
14	0.00743	0.00560	0.00607	0.00592	0.00730	0.03865	0.00454	0.05394	0.02646	0.07477	0.06017	0.19876	0.38209	0.00991	0.00506	0.00148	0.01747	0.08636	0.00390	0.00413
15	0.03309	0.00698	0.07675	0.03651	0.14285	0.00592	0.03239	0.02898	0.00881	0.05088	0.01706	0.49556	0.01882	0.00930	0.00479	0.00152	0.00352	0.01841	0.00330	0.00454
16	0.00502	0.00413	0.00445	0.00457	0.00576	0.00356	0.00336	0.00609	0.00931	0.01142	0.08647	0.15794	0.63769	0.01135	0.02852	0.00159	0.00240	0.00901	0.00385	0.00352
17	0.01176	0.02732	0.01265	0.04734	0.02651	0.25975	0.08835	0.11024	0.01072	0.04194	0.04775	0.06161	0.00924	0.00634	0.02334	0.00149	0.18843	0.01754	0.00265	0.00505
18	0.02539	0.04143	0.13678	0.03771	0.12634	0.06150	0.06036	0.08423	0.12039	0.01354	0.01014	0.01337	0.00863	0.11050	0.12939	0.00241	0.00593	0.00407	0.00258	0.00532
19	0.00678	0.00682	0.07690	0.03078	0.04445	0.01565	0.02009	0.01947	0.00781	0.01096	0.04282	0.25809	0.01509	0.03886	0.28963	0.00337	0.09912	0.00646	0.00271	0.00412

[dist]
# distance from previous block
# <min> <max>
0	5

[block]
# block no. 5 follows, 64 sequences, length 31
# corresponding to MSA columns:
# 284-314
name=unknown_F
#
# <colnr> <probs for GDERKNQSTAVLIFYWHMCP>
#	G	D	E	R	K	N	Q	S	T	A	V	L	I	F	Y	W	H	M	C	P
0	0.00940	0.04813	0.02962	0.16583	0.11692	0.08702	0.16220	0.01176	0.01877	0.05255	0.09232	0.03962	0.10152	0.00536	0.00433	0.00128	0.00484	0.00490	0.00271	0.04092
1	0.55323	0.05179	0.00811	0.02404	0.02518	0.10650	0.00540	0.04904	0.00824	0.01604	0.00693	0.00913	0.00590	0.06837	0.04611	0.00171	0.00438	0.00282	0.00251	0.00455
2	0.01337	0.01120	0.06525	0.00913	0.01235	0.01145	0.00779	0.50136	0.22296	0.02221	0.01154	0.01137	0.00842	0.00499	0.00408	0.00126	0.00421	0.00388	0.02468	0.04849
3	0.01076	0.06670	0.10165	0.19597	0.14339	0.05053	0.00938	0.08305	0.04312	0.11223	0.02720	0.03542	0.04820	0.00486	0.00404	0.00125	0.00466	0.00406	0.00281	0.05071
4	0.01094	0.13505	0.18857	0.01004	0.05698	0.08558	0.03750	0.09291	0.05204	0.09145	0.08818	0.05310	0.01133	0.01327	0.00453	0.00130	0.03284	0.02582	0.00294	0.00561
5	0.00608	0.00466	0.00695	0.00687	0.00758	0.00554	0.00537	0.00754	0.00666	0.00966	0.01086	0.01598	0.01016	0.03005	0.79953	0.00645	0.04968	0.00441	0.00221	0.00375
6	0.00917	0.06840	0.01442	0.02563	0.12022	0.06150	0.24162	0.01134	0.00945	0.05148	0.09082	0.06960	0.05898	0.00908	0.12140	0.00206	0.00581	0.00520	0.01884	0.00499
7	0.00922	0.06565	0.13147	0.08920	0.09777	0.08718	0.09131	0.02385	0.05037	0.02859	0.05334	0.06815	0.03171	0.00629	0.00447	0.00140	0.00491	0.14723	0.00278	0.00511
8	0.00556	0.00439	0.00505	0.00492	0.00612	0.00398	0.00368	0.00741	0.04281	0.01369	0.36783	0.07005	0.41432	0.00997	0.02041	0.00147	0.00227	0.00813	0.00414	0.00380
9	0.01111	0.85652	0.02177	0.00711	0.01066	0.01644	0.00711	0.01244	0.00844	0.00977	0.00577	0.00666	0.00533	0.00355	0.00267	0.00089	0.00444	0.00222	0.00178	0.00533
10	0.00890	0.00810	0.01323	0.09438	0.37619	0.00842	0.07769	0.04456	0.00885	0.01227	0.01027	0.06018	0.02193	0.17664	0.02039	0.00196	0.04372	0.00480	0.00234	0.00515
11	0.00598	0.00404	0.00470	0.00475	0.00482	0.00408	0.00278	0.00613	0.00618	0.00830	0.01343	0.06772	0.01537	0.75080	0.08090	0.00411	0.00447	0.00621	0.00256	0.00265
12	0.00620	0.00472	0.00663	0.00658	0.00731	0.01670	0.00503	0.01791	0.00686	0.00972	0.01122	0.01707	0.01069	0.10311	0.74310	0.00629	0.01036	0.00456	0.00227	0.00366
13	0.01016	0.01038	0.01773	0.10883	0.51615	0.05138	0.18503	0.01279	0.00948	0.01297	0.00779	0.01040	0.00633	0.00379	0.00442	0.00129	0.01907	0.00391	0.00204	0.00604
14	0.00628	0.00437	0.00491	0.00476	0.00532	0.00425	0.00308	0.03810	0.00812	0.01094	0.13566	0.04323	0.15022	0.50363	0.01429	0.00290	0.00330	0.00660	0.04687	0.00314
15	0.01474	0.00796	0.00959	0.00768	0.01043	0.00794	0.00627	0.25505	0.05962	0.37614	0.10608	0.01688	0.03522	0.00588	0.00430	0.00130	0.00358	0.03572	0.02922	0.00637
16	0.00995	0.00785	0.00863	0.00756	0.00964	0.00860	0.00590	0.17866	0.37512	0.02772	0.20942	0.06026	0.05924	0.00678	0.00446	0.00136	0.00313	0.00572	0.00427	0.00574
17	0.00884	0.07542	0.70443	0.04678	0.01770	0.05067	0.01429	0.01317	0.00888	0.01268	0.00729	0.00867	0.00528	0.00395	0.00386	0.00128	0.00607	0.00302	0.00178	0.00596
18	0.00528	0.00383	0.00498	0.00577	0.00617	0.00361	0.00394	0.00636	0.02574	0.01118	0.07643	0.71017	0.06212	0.02553	0.00549	0.00169	0.00245	0.03189	0.00389	0.00348
19	0.00513	0.00377	0.00477	0.00548	0.00596	0.00346	0.00374	0.00596	0.00836	0.01096	0.06607	0.64177	0.16036	0.03610	0.00567	0.00169	0.00240	0.02109	0.00385	0.00340
20	0.00512	0.00370	0.00480	0.00565	0.00598	0.00344	0.00381	0.00587	0.00802	0.01058	0.02387	0.74010	0.08565	0.04848	0.00595	0.00177	0.00249	0.02756	0.00380	0.00336
21	0.00836	0.00811	0.01260	0.70703	0.09803	0.04973	0.01125	0.01096	0.00857	0.01085	0.00781	0.03451	0.00624	0.00437	0.00416	0.00136	0.00549	0.00387	0.00194	0.00476
22	0.00875	0.01939	0.67494	0.01203	0.05657	0.05091	0.01396	0.02767	0.00900	0.01300	0.00774	0.00936	0.00574	0.00599	0.06578	0.00170	0.00649	0.00320	0.00187	0.00593
23	0.00996	0.00588	0.00675	0.00600	0.00765	0.00594	0.00464	0.13704	0.06379	0.12751	0.14407	0.12133	0.03362	0.00667	0.00401	0.00124	0.00272	0.00561	0.30066	0.00492
24	0.22523	0.00624	0.00692	0.00642	0.00793	0.00696	0.00500	0.09451	0.02536	0.03709	0.01310	0.08929	0.06535	0.06845	0.29556	0.00339	0.02336	0.00485	0.01068	0.00431
25	0.00996	0.00959	0.01296	0.40119	0.14253	0.08849	0.04422	0.07619	0.13026	0.01335	0.00932	0.02749	0.00731	0.00453	0.00417	0.00133	0.00522	0.00396	0.00249	0.00543
26	0.07121	0.00467	0.00559	0.01321	0.00683	0.00466	0.00421	0.04747	0.00883	0.02766	0.07448	0.48573	0.11563	0.03880	0.05043	0.00190	0.01121	0.00909	0.01462	0.00378
27	0.36569	0.06410	0.00869	0.04810	0.02544	0.04005	0.03967	0.01031	0.00802	0.01413	0.02900	0.16504	0.09540	0.00654	0.00438	0.00138	0.06184	0.00509	0.00279	0.00434
28	0.00942	0.00753	0.00800	0.00753	0.03108	0.10906	0.02971	0.06287	0.06391	0.10261	0.13100	0.15786	0.12837	0.09041	0.02258	0.00174	0.00383	0.02425	0.00366	0.00459
29	0.01158	0.06164	0.01197	0.04524	0.07740	0.14268	0.06976	0.13208	0.11287	0.08639	0.06583	0.07610	0.02491	0.04477	0.00502	0.00141	0.00463	0.01696	0.00328	0.00548
30	0.00703	0.00612	0.00734	0.00697	0.00809	0.06546	0.06435	0.04844	0.03117	0.01213	0.08976	0.37168	0.13421	0.07634	0.03880	0.00190	0.00366	0.01912	0.00352	0.00393

[dist]
# distance from previous block
# <min> <max>
2	166

[block]
# block no. 6 follows, 64 sequences, length 22
# corresponding to MSA columns:
# 481-502
name=unknown_G
#
# <colnr> <probs for GDERKNQSTAVLIFYWHMCP>
#	G	D	E	R	K	N	Q	S	T	A	V	L	I	F	Y	W	H	M	C	P
0	0.03170	0.20158	0.17860	0.04154	0.05946	0.02335	0.00846	0.06173	0.07369	0.02738	0.07929	0.06603	0.01075	0.02109	0.00423	0.00123	0.01633	0.00406	0.00267	0.08681
1	0.02661	0.09972	0.21865	0.00938	0.07375	0.01922	0.01996	0.05838	0.05374	0.03087	0.07721	0.07505	0.10681	0.03355	0.03665	0.00156	0.00446	0.00493	0.00284	0.04666
2	0.01033	0.10594	0.10467	0.05929	0.13541	0.03193	0.02831	0.02890	0.09085	0.10204	0.02200	0.07488	0.00927	0.00535	0.02082	0.00127	0.00442	0.00409	0.00282	0.15740
3	0.01269	0.08656	0.04464	0.01011	0.04753	0.05162	0.04482	0.31059	0.29792	0.03281	0.01171	0.01159	0.00873	0.00489	0.00405	0.00127	0.00442	0.00392	0.00361	0.00651
4	0.04043	0.09048	0.38412	0.04590	0.01496	0.03715	0.03938	0.09571	0.02733	0.06539	0.01987	0.06298	0.00784	0.00472	0.00392	0.00126	0.00511	0.00380	0.00253	0.04708
5	0.00555	0.00397	0.00490	0.00541	0.00574	0.00385	0.00353	0.00647	0.03306	0.01019	0.03740	0.49128	0.07015	0.26616	0.03066	0.00248	0.00311	0.00940	0.00344	0.00324
6	0.03067	0.09577	0.28715	0.02877	0.09532	0.03375	0.05341	0.07586	0.04696	0.03441	0.02673	0.10790	0.00954	0.01842	0.01506	0.00143	0.02623	0.00447	0.00255	0.00559
7	0.02656	0.05765	0.15534	0.08755	0.20984	0.08991	0.01012	0.09502	0.06306	0.06996	0.01029	0.04710	0.02840	0.00485	0.00428	0.00128	0.02629	0.00396	0.00267	0.00587
8	0.07904	0.00794	0.01237	0.03057	0.01268	0.00811	0.23032	0.05918	0.08227	0.07831	0.03144	0.07166	0.14611	0.02155	0.00547	0.00149	0.05927	0.05396	0.00322	0.00503
9	0.00525	0.00398	0.00477	0.00515	0.00591	0.00359	0.00365	0.00626	0.00896	0.01159	0.14370	0.37063	0.30377	0.06515	0.00614	0.00169	0.00240	0.04007	0.00387	0.00346
10	0.03459	0.06833	0.12754	0.07443	0.03783	0.07494	0.03557	0.23074	0.06231	0.12944	0.02263	0.04754	0.02559	0.00508	0.00406	0.00127	0.00474	0.00408	0.00328	0.00602
11	0.01050	0.11387	0.13325	0.07337	0.22612	0.12011	0.06787	0.02670	0.04429	0.03380	0.00869	0.05044	0.00739	0.00514	0.02176	0.00138	0.04357	0.00384	0.00227	0.00564
12	0.03303	0.68904	0.06266	0.00846	0.01216	0.03014	0.09176	0.01263	0.00862	0.01055	0.00615	0.00726	0.00541	0.00359	0.00298	0.00098	0.00482	0.00255	0.00184	0.00537
13	0.00599	0.00404	0.00471	0.00475	0.00482	0.00409	0.00278	0.00613	0.00618	0.00829	0.01339	0.06421	0.01531	0.75212	0.08318	0.00412	0.00450	0.00618	0.00256	0.00265
14	0.00969	0.16226	0.09127	0.00877	0.04812	0.09358	0.04175	0.03312	0.03898	0.05314	0.02794	0.04728	0.22993	0.02076	0.04694	0.00166	0.00471	0.03196	0.00307	0.00508
15	0.01002	0.04553	0.01492	0.11103	0.56125	0.00953	0.01101	0.05586	0.00983	0.02835	0.01036	0.02967	0.05378	0.00445	0.00410	0.00125	0.00464	0.00411	0.02427	0.00604
16	0.00505	0.00422	0.00440	0.00439	0.00574	0.00358	0.00331	0.00621	0.00970	0.01179	0.11951	0.03924	0.72985	0.01034	0.00493	0.00140	0.00213	0.02674	0.00393	0.00355
17	0.02717	0.00997	0.04812	0.02373	0.01168	0.01033	0.00730	0.46890	0.11451	0.03092	0.07158	0.03217	0.03934	0.00671	0.03220	0.00149	0.00429	0.03376	0.01966	0.00616
18	0.04849	0.01034	0.06133	0.02278	0.02894	0.07957	0.05289	0.15279	0.28652	0.03332	0.05570	0.04789	0.04919	0.00591	0.00443	0.00136	0.01839	0.03080	0.00356	0.00579
19	0.04962	0.01042	0.04540	0.00837	0.01086	0.08537	0.00687	0.33934	0.09702	0.07928	0.04738	0.01394	0.02217	0.10557	0.00644	0.00160	0.03701	0.00419	0.02339	0.00576
20	0.00603	0.00448	0.00647	0.03872	0.00767	0.00509	0.00491	0.00731	0.00679	0.00963	0.03865	0.01858	0.01202	0.17895	0.62889	0.00581	0.00931	0.00481	0.00234	0.00353
21	0.01130	0.01076	0.03965	0.02789	0.08812	0.11374	0.11468	0.17618	0.17239	0.03430	0.05750	0.01408	0.02687	0.05661	0.03585	0.00165	0.00510	0.00441	0.00319	0.00572

[dist]
# distance from previous block
# <min> <max>
0	1

[block]
# block no. 7 follows, 64 sequences, length 10
# corresponding to MSA columns:
# 504-513
name=unknown_H
#
# <colnr> <probs for GDERKNQSTAVLIFYWHMCP>
#	G	D	E	R	K	N	Q	S	T	A	V	L	I	F	Y	W	H	M	C	P
0	0.09478	0.03652	0.01009	0.00850	0.07876	0.00815	0.00625	0.13161	0.08458	0.08764	0.00943	0.01002	0.00722	0.00397	0.00346	0.00097	0.00354	0.00312	0.02837	0.38302
1	0.01093	0.01165	0.00900	0.00819	0.00989	0.35215	0.00625	0.06305	0.04685	0.02820	0.12943	0.04486	0.13931	0.00864	0.07474	0.00171	0.04250	0.00498	0.00308	0.00460
2	0.39630	0.06269	0.04939	0.02349	0.07783	0.02603	0.01989	0.08056	0.03798	0.10126	0.04206	0.01128	0.03624	0.00464	0.00343	0.00127	0.00383	0.01350	0.00301	0.00532
3	0.00938	0.07144	0.54599	0.01391	0.13962	0.03915	0.07282	0.03661	0.00935	0.01329	0.00751	0.00903	0.00560	0.00389	0.00396	0.00127	0.00591	0.00325	0.00191	0.00610
4	0.01158	0.00825	0.01018	0.00833	0.01071	0.05302	0.08973	0.12686	0.16349	0.17752	0.15784	0.03961	0.04836	0.03080	0.00486	0.00139	0.00379	0.00522	0.04283	0.00563
5	0.00635	0.00431	0.00567	0.00575	0.00659	0.00429	0.00420	0.00745	0.00808	0.06364	0.06663	0.23694	0.16704	0.09906	0.29053	0.00351	0.00553	0.00744	0.00329	0.00370
6	0.00926	0.00839	0.01106	0.00940	0.01091	0.03295	0.09060	0.07870	0.20978	0.01397	0.08015	0.06755	0.01259	0.05117	0.07684	0.00207	0.22143	0.00504	0.00307	0.00507
7	0.00614	0.00496	0.00612	0.00584	0.00698	0.00496	0.02255	0.00851	0.09584	0.01246	0.18512	0.10647	0.29649	0.07721	0.11813	0.00233	0.02495	0.00736	0.00363	0.00393
8	0.00900	0.00864	0.04911	0.02483	0.12048	0.06165	0.04304	0.10580	0.10732	0.01409	0.03206	0.06520	0.17206	0.07239	0.00586	0.00161	0.00410	0.09449	0.00327	0.00499
9	0.04048	0.00869	0.00945	0.03179	0.01078	0.04211	0.00653	0.16826	0.28277	0.11474	0.03360	0.04974	0.09080	0.00695	0.02783	0.00153	0.05934	0.00493	0.00386	0.00583

[dist]
# distance from previous block
# <min> <max>
0	32

[block]
# block no. 8 follows, 64 sequences, length 11
# corresponding to MSA columns:
# 555-565
name=unknown_I
#
# <colnr> <probs for GDERKNQSTAVLIFYWHMCP>
#	G	D	E	R	K	N	Q	S	T	A	V	L	I	F	Y	W	H	M	C	P
0	0.12978	0.01169	0.01296	0.06024	0.20881	0.17866	0.06526	0.04193	0.01119	0.04469	0.06206	0.03132	0.08437	0.00617	0.00475	0.00156	0.00537	0.00477	0.00328	0.03115
1	0.06839	0.18428	0.09221	0.01121	0.14873	0.20542	0.00836	0.04095	0.04332	0.01280	0.06583	0.01204	0.04768	0.02413	0.01689	0.00130	0.00509	0.00361	0.00246	0.00528
2	0.07426	0.03129	0.09281	0.00961	0.01211	0.00761	0.20476	0.03241	0.04365	0.03691	0.08743	0.15883	0.06797	0.03684	0.00544	0.00154	0.02707	0.06163	0.00308	0.00476
3	0.00952	0.19133	0.07743	0.00721	0.01068	0.00882	0.00652	0.03299	0.04699	0.03518	0.00846	0.04820	0.00732	0.00410	0.00367	0.00090	0.03545	0.00313	0.00250	0.45961
4	0.00521	0.00369	0.00483	0.00562	0.00587	0.00347	0.00371	0.00592	0.00795	0.01065	0.06509	0.71743	0.02676	0.10429	0.00700	0.00192	0.00256	0.01095	0.00375	0.00331
5	0.00604	0.00403	0.00453	0.00453	0.00453	0.00403	0.00252	0.00604	0.00604	0.00805	0.01309	0.02718	0.01510	0.85402	0.02114	0.00403	0.00403	0.00604	0.00252	0.00252
6	0.01403	0.01076	0.01147	0.00920	0.01221	0.01206	0.00747	0.55885	0.27780	0.02334	0.01221	0.01175	0.00887	0.00520	0.00418	0.00130	0.00416	0.00405	0.00418	0.00691
7	0.06778	0.01131	0.01209	0.00937	0.01250	0.01266	0.00774	0.73150	0.01822	0.02503	0.00953	0.00974	0.00684	0.00502	0.00447	0.00127	0.04053	0.00365	0.00396	0.00680
8	0.00627	0.00480	0.00627	0.00668	0.02745	0.00466	0.02422	0.00857	0.09834	0.02721	0.12460	0.47077	0.12658	0.01066	0.00504	0.00155	0.00265	0.03576	0.00392	0.00403
9	0.00844	0.03751	0.00727	0.00645	0.00805	0.15441	0.00500	0.02887	0.04325	0.05078	0.13714	0.08800	0.32819	0.00855	0.00464	0.00136	0.00347	0.07070	0.00365	0.00425
10	0.19733	0.01112	0.05426	0.04355	0.03255	0.09946	0.05485	0.22984	0.06964	0.04577	0.01018	0.01096	0.04488	0.00496	0.00461	0.00132	0.07240	0.00365	0.00305	0.00563

[dist]
# distance from previous block
# <min> <max>
0	1

[block]
# block no. 9 follows, 64 sequences, length 12
# corresponding to MSA columns:
# 567-578
name=unknown_J
#
# <colnr> <probs for GDERKNQSTAVLIFYWHMCP>
#	G	D	E	R	K	N	Q	S	T	A	V	L	I	F	Y	W	H	M	C	P
0	0.00985	0.00929	0.01533	0.15868	0.57966	0.00966	0.03058	0.04085	0.04572	0.01360	0.00957	0.01181	0.03854	0.00417	0.00418	0.00128	0.00489	0.00397	0.00226	0.00613
1	0.01579	0.01163	0.01247	0.00956	0.01288	0.01288	0.00789	0.81426	0.01953	0.02618	0.00997	0.00997	0.00706	0.00499	0.00416	0.00125	0.00457	0.00374	0.00416	0.00706
2	0.03962	0.02577	0.21230	0.00997	0.01352	0.04081	0.11509	0.19599	0.03862	0.04954	0.04693	0.01455	0.10963	0.00535	0.00453	0.00130	0.03375	0.00442	0.01469	0.02364
3	0.00511	0.00369	0.00483	0.00566	0.00601	0.00342	0.00382	0.00593	0.00829	0.01104	0.07728	0.75031	0.07410	0.01257	0.00525	0.00165	0.00236	0.01135	0.00390	0.00342
4	0.01092	0.74444	0.04835	0.00733	0.01077	0.05204	0.00726	0.01240	0.00878	0.01028	0.05024	0.00809	0.00716	0.00387	0.00288	0.00093	0.00450	0.00256	0.00194	0.00526
5	0.01052	0.16699	0.07243	0.06523	0.11919	0.07292	0.07974	0.04035	0.11131	0.03560	0.00870	0.01012	0.00696	0.00508	0.03043	0.00135	0.05550	0.00343	0.00244	0.10170
6	0.00929	0.00927	0.03281	0.63314	0.05230	0.08181	0.01093	0.07210	0.03577	0.01213	0.00782	0.01074	0.00590	0.00425	0.00411	0.00134	0.00556	0.00362	0.00213	0.00498
7	0.02559	0.03249	0.15821	0.03024	0.07162	0.04985	0.03848	0.03835	0.02834	0.02898	0.02756	0.01169	0.05147	0.01612	0.02085	0.00119	0.02748	0.00348	0.00249	0.33552
8	0.01010	0.10925	0.05411	0.03648	0.02849	0.00956	0.05804	0.05825	0.26361	0.06114	0.03166	0.06869	0.03212	0.00543	0.00441	0.00125	0.03918	0.00451	0.00324	0.12050
9	0.02891	0.09973	0.21514	0.00758	0.01044	0.05772	0.01891	0.01037	0.00943	0.05438	0.10599	0.08572	0.22188	0.00790	0.03189	0.00149	0.00420	0.02056	0.00304	0.00472
10	0.00658	0.00480	0.00624	0.00653	0.05106	0.00430	0.00443	0.00799	0.00965	0.04719	0.29238	0.27626	0.12150	0.04198	0.00539	0.00146	0.00254	0.00802	0.00385	0.09785
11	0.03203	0.10023	0.01022	0.00717	0.03757	0.07492	0.00558	0.01136	0.00904	0.04642	0.01008	0.01091	0.06785	0.00391	0.00329	0.00081	0.00360	0.00303	0.00256	0.55941

[dist]
# distance from previous block
# <min> <max>
0	13

[block]
# block no. 10 follows, 64 sequences, length 13
# corresponding to MSA columns:
# 592-604
name=unknown_K
#
# <colnr> <probs for GDERKNQSTAVLIFYWHMCP>
#	G	D	E	R	K	N	Q	S	T	A	V	L	I	F	Y	W	H	M	C	P
0	0.05236	0.16618	0.20793	0.00944	0.02200	0.07826	0.02217	0.19734	0.03884	0.04142	0.03061	0.03970	0.00784	0.00476	0.00410	0.00121	0.03424	0.00356	0.00276	0.03529
1	0.04248	0.07247	0.05137	0.00890	0.05352	0.20954	0.00701	0.07141	0.01020	0.02829	0.00839	0.00941	0.03136	0.00400	0.00367	0.00094	0.02277	0.00293	0.00248	0.35883
2	0.00602	0.00416	0.00511	0.00513	0.00557	0.00420	0.00346	0.00668	0.00728	0.00990	0.09416	0.02703	0.09299	0.44833	0.16532	0.02970	0.00485	0.04791	0.02913	0.00305
3	0.05693	0.01364	0.20013	0.02538	0.10011	0.14584	0.07484	0.10346	0.08558	0.04047	0.03157	0.05582	0.00863	0.00497	0.00443	0.00131	0.03439	0.00406	0.00272	0.00572
4	0.00654	0.00511	0.00622	0.00642	0.03283	0.00505	0.00452	0.04459	0.08974	0.01323	0.17754	0.25343	0.19385	0.04889	0.07188	0.00197	0.00330	0.00797	0.00377	0.02316
5	0.01205	0.01021	0.00904	0.00796	0.01004	0.22110	0.00614	0.08585	0.16505	0.14741	0.16716	0.06535	0.06208	0.00639	0.00432	0.00128	0.00416	0.00518	0.00385	0.00539
6	0.01099	0.07657	0.04610	0.04287	0.47469	0.12081	0.06056	0.03122	0.07154	0.01327	0.00822	0.01005	0.00670	0.00395	0.00401	0.00122	0.00529	0.00358	0.00224	0.00613
7	0.00692	0.00522	0.00587	0.00547	0.00678	0.03478	0.00414	0.02546	0.03445	0.05535	0.48972	0.05420	0.23859	0.00867	0.00480	0.00133	0.00238	0.00746	0.00429	0.00413
8	0.00532	0.00414	0.00484	0.00496	0.00601	0.00367	0.00368	0.00663	0.00990	0.01282	0.27490	0.18106	0.40768	0.01039	0.00502	0.00145	0.00220	0.04763	0.00407	0.00362
9	0.05527	0.00735	0.00850	0.00629	0.00975	0.00590	0.00503	0.01165	0.03811	0.08044	0.00877	0.03050	0.00718	0.00363	0.00324	0.00076	0.00311	0.00291	0.00278	0.70884
10	0.00956	0.00953	0.01461	0.04161	0.01457	0.08041	0.30484	0.08945	0.06283	0.01415	0.09595	0.12536	0.03670	0.00624	0.00528	0.00142	0.05789	0.02156	0.00298	0.00507
11	0.01095	0.12038	0.03879	0.02245	0.01084	0.05459	0.03456	0.14022	0.15679	0.09684	0.05468	0.06484	0.10824	0.02406	0.00448	0.00131	0.00391	0.00496	0.00351	0.04361
12	0.08916	0.02820	0.04019	0.02374	0.15166	0.12287	0.00752	0.07840	0.06758	0.06626	0.07608	0.05689	0.04391	0.00616	0.03002	0.00140	0.02358	0.00433	0.00302	0.07903

[dist]
# distance from previous block
# <min> <max>
2	7

[block]
# block no. 11 follows, 64 sequences, length 11
# corresponding to MSA columns:
# 614-624
name=unknown_L
#
# <colnr> <probs for GDERKNQSTAVLIFYWHMCP>
#	G	D	E	R	K	N	Q	S	T	A	V	L	I	F	Y	W	H	M	C	P
0	0.01187	0.05970	0.10866	0.02411	0.05173	0.14515	0.03827	0.16243	0.08616	0.08012	0.05129	0.03046	0.04570	0.00503	0.00401	0.00120	0.00474	0.00403	0.00313	0.08221
1	0.01377	0.05959	0.05019	0.00821	0.01114	0.05095	0.00701	0.24962	0.04884	0.24149	0.06738	0.01263	0.01020	0.00567	0.02301	0.00134	0.03798	0.00392	0.03332	0.06373
2	0.05631	0.08145	0.09907	0.00873	0.01200	0.13739	0.05433	0.13744	0.03396	0.05313	0.04685	0.03911	0.02470	0.00466	0.00377	0.00110	0.00460	0.00368	0.00287	0.19485
3	0.01055	0.00983	0.01107	0.08603	0.16277	0.10705	0.00802	0.09794	0.25154	0.01517	0.03022	0.05585	0.03320	0.00533	0.00413	0.00126	0.00430	0.01473	0.00317	0.08784
4	0.00525	0.00378	0.00485	0.00563	0.00599	0.00354	0.00383	0.00600	0.00799	0.01050	0.02352	0.64307	0.09715	0.10070	0.00695	0.00192	0.00264	0.05965	0.00371	0.00332
5	0.37016	0.08185	0.11812	0.04173	0.11035	0.04025	0.00807	0.12651	0.00986	0.04785	0.00733	0.00836	0.00557	0.00406	0.00333	0.00124	0.00435	0.00288	0.00261	0.00551
6	0.01129	0.02640	0.01075	0.00994	0.10107	0.07357	0.05952	0.18799	0.05051	0.10232	0.03419	0.03082	0.01101	0.24841	0.02234	0.00214	0.00466	0.00471	0.00319	0.00517
7	0.00555	0.00412	0.00488	0.00516	0.00578	0.00388	0.00349	0.00674	0.03736	0.01118	0.13070	0.33989	0.20299	0.20865	0.00883	0.00211	0.00269	0.00896	0.00365	0.00339
8	0.08278	0.01005	0.01018	0.00835	0.01104	0.08157	0.00675	0.39482	0.05374	0.15099	0.01216	0.06471	0.00962	0.00565	0.00408	0.00129	0.00420	0.03593	0.04598	0.00613
9	0.05434	0.04642	0.01084	0.00823	0.04218	0.05583	0.04483	0.06529	0.01030	0.21301	0.00960	0.00999	0.00708	0.00387	0.00354	0.00095	0.00387	0.00312	0.00314	0.40356
10	0.01117	0.01007	0.01039	0.00868	0.01080	0.17260	0.06060	0.10083	0.08589	0.08468	0.06857	0.03842	0.08078	0.05753	0.00621	0.00144	0.09328	0.00465	0.00319	0.09024

[dist]
# distance from previous block
# <min> <max>
12	36

[block]
# block no. 12 follows, 64 sequences, length 19
# corresponding to MSA columns:
# 667-685
name=unknown_M
#
# <colnr> <probs for GDERKNQSTAVLIFYWHMCP>
#	G	D	E	R	K	N	Q	S	T	A	V	L	I	F	Y	W	H	M	C	P
0	0.02553	0.12308	0.01571	0.15067	0.16049	0.22852	0.12580	0.05231	0.01020	0.01234	0.00724	0.00917	0.00585	0.00391	0.00387	0.00116	0.00580	0.00332	0.00215	0.05288
1	0.00606	0.00425	0.00520	0.00526	0.00559	0.00437	0.00342	0.02529	0.00690	0.00930	0.01519	0.13880	0.05023	0.50772	0.19074	0.00409	0.00524	0.00656	0.00274	0.00304
2	0.00614	0.00426	0.00512	0.00542	0.00586	0.00421	0.00367	0.02090	0.03081	0.01078	0.05586	0.27930	0.04908	0.35677	0.01163	0.00259	0.00323	0.09033	0.05078	0.00328
3	0.00966	0.01008	0.01228	0.01065	0.01094	0.10831	0.00875	0.01062	0.00701	0.01000	0.00587	0.00929	0.00571	0.00822	0.05721	0.00199	0.70341	0.00357	0.00188	0.00453
4	0.00863	0.00727	0.00842	0.00620	0.00962	0.00570	0.00493	0.04889	0.00916	0.01391	0.00997	0.04208	0.05153	0.00395	0.00331	0.00073	0.00307	0.00322	0.00267	0.75674
5	0.01322	0.01503	0.01043	0.00945	0.01151	0.51182	0.00715	0.09378	0.13003	0.01288	0.01168	0.09542	0.04850	0.00573	0.00407	0.00121	0.00582	0.00429	0.00290	0.00508
6	0.00722	0.00361	0.00541	0.00541	0.00541	0.00361	0.00361	0.00541	0.00541	0.00722	0.00722	0.01263	0.00722	0.01443	0.01623	0.87915	0.00361	0.00361	0.00180	0.00180
7	0.00590	0.00436	0.00632	0.00637	0.00700	0.00496	0.00480	0.00717	0.00666	0.00950	0.01196	0.05974	0.01182	0.13057	0.69605	0.00610	0.00982	0.00502	0.00234	0.00355
8	0.06409	0.00922	0.00970	0.05100	0.06180	0.10093	0.00673	0.08617	0.22743	0.17415	0.02958	0.02624	0.05452	0.05146	0.00500	0.00144	0.00406	0.00441	0.00365	0.02842
9	0.00542	0.00408	0.00499	0.00556	0.00619	0.00384	0.00387	0.00681	0.04771	0.01129	0.06360	0.53806	0.19775	0.04774	0.00584	0.00170	0.00248	0.03565	0.00385	0.00356
10	0.00944	0.00848	0.04927	0.00778	0.05458	0.02987	0.00608	0.04652	0.02282	0.05543	0.04475	0.01168	0.04922	0.00408	0.00362	0.00086	0.01443	0.00329	0.00279	0.57501
11	0.00957	0.00743	0.05251	0.00719	0.00931	0.00698	0.00600	0.08814	0.21878	0.11603	0.21721	0.05350	0.10850	0.00741	0.00460	0.00140	0.00315	0.07275	0.00419	0.00532
12	0.09612	0.01022	0.07667	0.00895	0.05566	0.03822	0.00722	0.15077	0.19992	0.06802	0.01044	0.01068	0.00785	0.00435	0.00370	0.00112	0.00393	0.00341	0.00325	0.23952
13	0.00933	0.00948	0.05742	0.05280	0.13871	0.03511	0.13308	0.02159	0.19144	0.02732	0.10714	0.03241	0.04120	0.00575	0.00550	0.00141	0.10028	0.02154	0.00300	0.00549
14	0.00722	0.00361	0.00541	0.00541	0.00541	0.00361	0.00361	0.00541	0.00541	0.00722	0.00722	0.01263	0.00722	0.01443	0.01623	0.87915	0.00361	0.00361	0.00180	0.00180
15	0.00567	0.00460	0.00519	0.00586	0.00637	0.04872	0.00402	0.00654	0.00858	0.01108	0.08262	0.66973	0.10163	0.01198	0.00515	0.00160	0.00262	0.01071	0.00382	0.00350
16	0.05748	0.04183	0.09361	0.07863	0.20784	0.04332	0.04881	0.05259	0.15561	0.02988	0.01101	0.04756	0.03493	0.00513	0.00486	0.00135	0.07292	0.00422	0.00270	0.00573
17	0.03925	0.00718	0.00866	0.00798	0.00896	0.06524	0.00634	0.07437	0.02046	0.01155	0.00973	0.02957	0.00896	0.02082	0.49363	0.00453	0.17195	0.00418	0.00237	0.00429
18	0.25885	0.04328	0.00996	0.08423	0.13571	0.05725	0.00709	0.09347	0.07687	0.01543	0.01087	0.16889	0.01029	0.00587	0.00384	0.00134	0.00397	0.00479	0.00291	0.00510

[dist]
# distance from previous block
# <min> <max>
1	62

[block]
# block no. 13 follows, 64 sequences, length 49
# corresponding to MSA columns:
# 764-812
name=unknown_N
#
# <colnr> <probs for GDERKNQSTAVLIFYWHMCP>
#	G	D	E	R	K	N	Q	S	T	A	V	L	I	F	Y	W	H	M	C	P
0	0.02066	0.05559	0.02872	0.00646	0.00750	0.02914	0.00510	0.00829	0.01974	0.02255	0.03570	0.13882	0.05516	0.14303	0.30043	0.00369	0.01700	0.07972	0.01890	0.00380
1	0.02625	0.01059	0.07682	0.07133	0.20962	0.08726	0.14976	0.06808	0.02547	0.04321	0.05106	0.01394	0.00948	0.07637	0.02752	0.00167	0.00539	0.02516	0.01560	0.00542
2	0.01426	0.01105	0.01213	0.00957	0.01235	0.03331	0.01755	0.60073	0.06430	0.03535	0.01086	0.01118	0.03375	0.00545	0.00534	0.00133	0.10720	0.00394	0.00380	0.00654
3	0.00627	0.00410	0.00518	0.00552	0.03174	0.00400	0.00336	0.00613	0.00673	0.00889	0.04466	0.09107	0.10470	0.42107	0.01568	0.22586	0.00353	0.00617	0.00265	0.00270
4	0.07461	0.00661	0.00850	0.00685	0.00952	0.00598	0.00552	0.01717	0.03171	0.60038	0.07273	0.05941	0.04234	0.03340	0.00475	0.00140	0.00330	0.00491	0.00471	0.00620
5	0.00928	0.00778	0.00897	0.00647	0.01013	0.00622	0.00520	0.08519	0.00963	0.01471	0.00762	0.00874	0.00624	0.00325	0.00318	0.00067	0.00322	0.00258	0.00262	0.79831
6	0.00987	0.00769	0.00867	0.00759	0.02051	0.02154	0.02878	0.21271	0.19311	0.02926	0.08754	0.05324	0.11334	0.12332	0.00669	0.00170	0.00357	0.01719	0.03599	0.01767
7	0.00653	0.00497	0.00627	0.05029	0.01873	0.00496	0.01483	0.03985	0.03813	0.01314	0.29076	0.04288	0.17126	0.20353	0.05661	0.00226	0.00344	0.00670	0.02104	0.00381
8	0.01239	0.44948	0.01673	0.00869	0.02656	0.20492	0.00741	0.08273	0.13120	0.01246	0.00798	0.00852	0.00660	0.00416	0.00330	0.00104	0.00499	0.00285	0.00243	0.00557
9	0.02124	0.05105	0.45702	0.01186	0.09074	0.04528	0.01199	0.14624	0.02760	0.02669	0.00914	0.06597	0.00740	0.00476	0.00402	0.00129	0.00537	0.00382	0.00245	0.00606
10	0.05059	0.04199	0.05489	0.10140	0.10684	0.26892	0.05280	0.15577	0.04979	0.01434	0.00831	0.01037	0.00674	0.05378	0.00492	0.00138	0.00569	0.00349	0.00256	0.00546
11	0.30669	0.05315	0.03490	0.04856	0.09104	0.10207	0.03023	0.15850	0.02489	0.01671	0.01758	0.01008	0.01941	0.00461	0.00406	0.00128	0.04806	0.02015	0.00271	0.00533
12	0.01313	0.00959	0.01049	0.02934	0.01167	0.01061	0.00694	0.39812	0.28200	0.08301	0.01350	0.01371	0.02417	0.05089	0.00508	0.00145	0.00397	0.00430	0.02157	0.00647
13	0.01828	0.00435	0.00544	0.00526	0.00634	0.00398	0.00394	0.00797	0.01076	0.05233	0.52026	0.13150	0.16187	0.00915	0.00487	0.00137	0.00217	0.02587	0.02036	0.00394
14	0.00602	0.00463	0.00555	0.00549	0.00649	0.00445	0.00405	0.03574	0.03897	0.01356	0.30149	0.22538	0.25256	0.03731	0.00570	0.00153	0.02338	0.01981	0.00403	0.00385
15	0.04866	0.30241	0.01477	0.00839	0.01145	0.11975	0.00721	0.32613	0.05613	0.01723	0.00843	0.00892	0.00660	0.00439	0.00347	0.00110	0.00466	0.00308	0.04131	0.00591
16	0.01298	0.06102	0.06271	0.00838	0.01113	0.12545	0.00713	0.34032	0.01384	0.08767	0.03270	0.03059	0.06396	0.02098	0.00446	0.00126	0.01968	0.00415	0.08581	0.00576
17	0.07803	0.10243	0.19699	0.03243	0.08280	0.02309	0.03608	0.15689	0.12756	0.04975	0.01090	0.01146	0.03932	0.00463	0.00385	0.00125	0.00459	0.00369	0.02828	0.00598
18	0.00856	0.06694	0.05727	0.12674	0.03636	0.00793	0.05436	0.06978	0.10381	0.03590	0.01444	0.25739	0.02416	0.00795	0.00540	0.05218	0.02130	0.04166	0.00309	0.00477
19	0.00986	0.00862	0.01360	0.27993	0.38263	0.00927	0.01075	0.09855	0.01029	0.03766	0.03645	0.03345	0.04147	0.00469	0.00422	0.00130	0.00477	0.00425	0.00251	0.00573
20	0.47791	0.01095	0.03522	0.00794	0.03675	0.16190	0.00628	0.07009	0.07526	0.07140	0.00792	0.00849	0.00598	0.00424	0.00323	0.00125	0.00427	0.00283	0.00286	0.00520
21	0.00970	0.13365	0.06608	0.07870	0.09492	0.08550	0.00770	0.10392	0.10273	0.01355	0.01535	0.14232	0.11617	0.00646	0.00416	0.00130	0.00425	0.00536	0.00298	0.00521
22	0.00637	0.00506	0.00586	0.02661	0.00736	0.00501	0.00436	0.03471	0.10863	0.01303	0.15898	0.12853	0.33143	0.06017	0.05328	0.00189	0.00312	0.03776	0.00381	0.00404
23	0.00701	0.00361	0.00536	0.00545	0.00547	0.00359	0.00363	0.00545	0.00565	0.00753	0.00867	0.09060	0.00910	0.01430	0.01522	0.79757	0.00350	0.00437	0.00199	0.00195
24	0.00590	0.00461	0.00558	0.00618	0.00651	0.03407	0.00429	0.00668	0.00786	0.01050	0.01980	0.62878	0.02323	0.08405	0.03419	0.00202	0.05116	0.03294	0.02820	0.00346
25	0.01009	0.01658	0.38437	0.03822	0.16340	0.12413	0.11941	0.03041	0.03613	0.01312	0.00783	0.00950	0.00594	0.00403	0.00425	0.00129	0.01986	0.00347	0.00204	0.00593
26	0.00971	0.00988	0.01635	0.14242	0.28582	0.03762	0.17883	0.01240	0.04221	0.01227	0.00765	0.01044	0.00631	0.00467	0.00652	0.00143	0.20392	0.00394	0.00207	0.00554
