[name]
unknown

[dist]
# distance from previous block
# <min> <max>
4	228

[block]
# block no. 0 follows, 67 sequences, length 8
# corresponding to MSA columns:
# 299-306
name=unknown_A
#
# <colnr> <probs for GDERKNQSTAVLIFYWHMCP>
#	G	D	E	R	K	N	Q	S	T	A	V	L	I	F	Y	W	H	M	C	P
0	0.02866	0.00764	0.07083	0.04820	0.03683	0.03853	0.02780	0.07401	0.04283	0.07688	0.07689	0.19063	0.12918	0.03643	0.00506	0.00141	0.02003	0.02562	0.00330	0.05926
1	0.03531	0.03467	0.03357	0.02202	0.05756	0.08492	0.03316	0.22122	0.09504	0.05819	0.07606	0.03317	0.03545	0.02510	0.00466	0.02633	0.00407	0.02460	0.01682	0.07807
2	0.10506	0.00831	0.00971	0.00912	0.09494	0.03348	0.02173	0.16610	0.07479	0.06526	0.03961	0.04742	0.05264	0.00524	0.00429	0.00118	0.05057	0.02522	0.01737	0.16795
3	0.04091	0.06707	0.06983	0.05304	0.03803	0.04268	0.10021	0.17607	0.05570	0.04917	0.02738	0.07732	0.05263	0.00596	0.02245	0.00135	0.01502	0.03064	0.00297	0.07156
4	0.03561	0.10436	0.16210	0.03337	0.07120	0.03588	0.13702	0.17698	0.09078	0.02915	0.00946	0.01066	0.02555	0.01974	0.00436	0.00127	0.02235	0.00366	0.00264	0.02386
5	0.00536	0.00384	0.00482	0.00546	0.00574	0.00374	0.00358	0.00646	0.04992	0.01004	0.01974	0.63197	0.02318	0.19640	0.00839	0.00211	0.00271	0.00983	0.00346	0.00324
6	0.00968	0.02536	0.28635	0.02631	0.06994	0.02542	0.11526	0.13942	0.04982	0.04415	0.03191	0.07727	0.04116	0.00503	0.00411	0.00127	0.00485	0.00440	0.00269	0.03561
7	0.03128	0.22985	0.15305	0.03784	0.12058	0.05100	0.09377	0.07056	0.06092	0.05929	0.00844	0.03258	0.00681	0.00421	0.00386	0.00117	0.02336	0.00345	0.00237	0.00562

[dist]
# distance from previous block
# <min> <max>
0	1

[block]
# block no. 1 follows, 67 sequences, length 35
# corresponding to MSA columns:
# 308-342
name=unknown_B
#
# <colnr> <probs for GDERKNQSTAVLIFYWHMCP>
#	G	D	E	R	K	N	Q	S	T	A	V	L	I	F	Y	W	H	M	C	P
0	0.00682	0.00533	0.00703	0.04682	0.08604	0.01274	0.01693	0.00865	0.05048	0.05393	0.08229	0.18632	0.27507	0.03983	0.06130	0.00181	0.02096	0.01487	0.01867	0.00410
1	0.00873	0.00607	0.00704	0.00680	0.04611	0.04273	0.00492	0.02923	0.11012	0.13103	0.36350	0.05249	0.11174	0.00710	0.00436	0.00126	0.00272	0.00609	0.05326	0.00469
2	0.05699	0.01054	0.07182	0.03943	0.37723	0.06402	0.05694	0.08840	0.06045	0.04145	0.02631	0.03741	0.00783	0.00444	0.00434	0.00125	0.03895	0.00386	0.00251	0.00582
3	0.02477	0.00931	0.02125	0.00964	0.07284	0.08364	0.05016	0.25134	0.11453	0.10156	0.02400	0.18032	0.01195	0.00624	0.00421	0.00130	0.00407	0.00531	0.01796	0.00560
4	0.01088	0.12870	0.10247	0.07345	0.13145	0.13549	0.00862	0.10091	0.02603	0.04778	0.00780	0.00917	0.00620	0.00513	0.04292	0.00131	0.01773	0.00305	0.00237	0.13855
5	0.37940	0.05151	0.21655	0.02061	0.03844	0.04021	0.02117	0.05661	0.07919	0.01559	0.00795	0.04254	0.00642	0.00431	0.00330	0.00125	0.00421	0.00315	0.00247	0.00514
6	0.00816	0.00723	0.00998	0.25957	0.08029	0.00679	0.00737	0.01043	0.02260	0.01224	0.00798	0.01100	0.00671	0.00375	0.00350	0.00094	0.00386	0.04047	0.00226	0.49488
7	0.00694	0.00544	0.04517	0.00689	0.06471	0.00471	0.02306	0.00799	0.00805	0.06625	0.15404	0.12177	0.06534	0.37611	0.01143	0.00245	0.00345	0.01946	0.00311	0.00364
8	0.00581	0.00417	0.00493	0.00474	0.00591	0.00371	0.00359	0.00733	0.01027	0.04207	0.42831	0.04273	0.34914	0.00883	0.00465	0.00130	0.00205	0.02611	0.04063	0.00372
9	0.00536	0.00393	0.00463	0.00480	0.00538	0.00370	0.00326	0.00612	0.00787	0.01027	0.12007	0.18163	0.24081	0.30434	0.04943	0.00252	0.00318	0.03630	0.00329	0.00310
10	0.00682	0.00639	0.01822	0.11538	0.04664	0.02383	0.12633	0.00887	0.01986	0.01281	0.28833	0.04005	0.19839	0.03688	0.00539	0.00141	0.03076	0.00625	0.00322	0.00417
11	0.01508	0.01115	0.01194	0.00919	0.01237	0.01236	0.00758	0.79566	0.04413	0.02501	0.00984	0.00980	0.00699	0.00483	0.00401	0.00121	0.00437	0.00364	0.00401	0.00681
12	0.03512	0.00826	0.01118	0.08933	0.33157	0.06440	0.00847	0.05441	0.07143	0.03193	0.04238	0.19760	0.02464	0.00614	0.00421	0.00131	0.00408	0.00548	0.00282	0.00522
13	0.01005	0.00733	0.00821	0.00715	0.00885	0.00783	0.00547	0.39491	0.01281	0.01709	0.01515	0.23940	0.04824	0.14448	0.02342	0.00188	0.00377	0.03548	0.00362	0.00485
14	0.01132	0.01108	0.02452	0.06070	0.12858	0.17747	0.00802	0.11964	0.29436	0.02794	0.01203	0.01237	0.04427	0.00499	0.00441	0.00126	0.04429	0.00392	0.00308	0.00574
15	0.01336	0.34356	0.01514	0.00891	0.01159	0.46473	0.00740	0.07174	0.01066	0.01077	0.00620	0.00709	0.00528	0.00391	0.00324	0.00098	0.00590	0.00249	0.00207	0.00500
16	0.00832	0.00713	0.00832	0.00594	0.00950	0.00535	0.00475	0.01010	0.00832	0.01307	0.00713	0.00832	0.00594	0.00297	0.00297	0.00059	0.00297	0.00238	0.00238	0.88357
17	0.00624	0.00492	0.00730	0.04173	0.07049	0.00560	0.00555	0.00755	0.00666	0.00945	0.01093	0.01677	0.02416	0.14694	0.57899	0.00520	0.04118	0.00448	0.00217	0.00369
18	0.00600	0.01851	0.00618	0.03931	0.02328	0.00484	0.00457	0.02045	0.03279	0.01041	0.04959	0.24063	0.08475	0.16926	0.22512	0.00321	0.00508	0.04949	0.00298	0.00354
19	0.01498	0.01911	0.01137	0.01033	0.01240	0.84295	0.00775	0.01601	0.01137	0.00982	0.00620	0.00723	0.00517	0.00413	0.00362	0.00103	0.00723	0.00258	0.00207	0.00465
20	0.00488	0.00351	0.00464	0.00554	0.00581	0.00326	0.00370	0.00559	0.00772	0.01026	0.02265	0.83226	0.05035	0.01249	0.00511	0.00162	0.00232	0.01131	0.00372	0.00326
21	0.01743	0.00773	0.00986	0.00756	0.01069	0.00723	0.00625	0.18325	0.01299	0.67098	0.01456	0.01283	0.00929	0.00493	0.00403	0.00123	0.00362	0.00395	0.00477	0.00682
22	0.00505	0.00382	0.00474	0.00529	0.00597	0.00351	0.00381	0.00602	0.00835	0.01078	0.06369	0.46716	0.26894	0.01234	0.04418	0.00177	0.00272	0.07481	0.00368	0.00337
23	0.00804	0.02074	0.83828	0.01143	0.01736	0.00931	0.01482	0.01270	0.00847	0.01270	0.00720	0.00847	0.00508	0.00381	0.00381	0.00127	0.00593	0.00296	0.00169	0.00593
24	0.01058	0.60299	0.06120	0.00964	0.10685	0.03766	0.02530	0.04255	0.00881	0.01080	0.00666	0.00857	0.00600	0.00386	0.00318	0.00099	0.01641	0.03070	0.00192	0.00532
25	0.00613	0.00457	0.00637	0.00623	0.00682	0.00526	0.00467	0.02870	0.00663	0.00941	0.01091	0.01762	0.01075	0.21071	0.60664	0.00556	0.04275	0.00458	0.00224	0.00345
26	0.00503	0.00402	0.00451	0.00453	0.00566	0.00350	0.00337	0.00626	0.00958	0.01218	0.24792	0.11894	0.52752	0.00990	0.00479	0.00137	0.00205	0.02149	0.00391	0.00348
27	0.00579	0.00407	0.00529	0.00529	0.00560	0.00438	0.00357	0.00642	0.00610	0.00845	0.01180	0.02162	0.01257	0.49360	0.38312	0.00502	0.00691	0.00516	0.00231	0.00294
28	0.01110	0.17047	0.02552	0.16210	0.15010	0.21389	0.07844	0.04466	0.04987	0.02870	0.00779	0.02578	0.00640	0.00409	0.00372	0.00115	0.00540	0.00337	0.00220	0.00525
29	0.01203	0.03580	0.01280	0.03546	0.12400	0.35074	0.05408	0.04214	0.05700	0.04000	0.01975	0.00942	0.00662	0.00524	0.02296	0.00136	0.15988	0.00333	0.00230	0.00510
30	0.00807	0.00643	0.00742	0.00729	0.00877	0.00705	0.00580	0.03857	0.36881	0.01394	0.01836	0.07053	0.04164	0.08634	0.02264	0.00186	0.00352	0.27440	0.00373	0.00481
31	0.02605	0.04534	0.00885	0.00600	0.00952	0.00597	0.00486	0.01040	0.02173	0.01307	0.00718	0.00831	0.00598	0.00305	0.00296	0.00063	0.00304	0.00240	0.00238	0.81231
32	0.00772	0.04039	0.00809	0.04682	0.12277	0.03179	0.00570	0.01916	0.00935	0.08357	0.14421	0.21025	0.19887	0.02214	0.00489	0.00139	0.01644	0.01868	0.00342	0.00434
33	0.01015	0.06726	0.04357	0.02681	0.04486	0.03341	0.00619	0.10430	0.06134	0.08382	0.02693	0.01173	0.04460	0.01621	0.00382	0.00100	0.01406	0.00340	0.05493	0.34161
34	0.01028	0.07430	0.13415	0.03954	0.26772	0.07295	0.05547	0.04503	0.06981	0.05841	0.03302	0.02176	0.01800	0.00433	0.00419	0.00120	0.03445	0.00368	0.00245	0.04927

[dist]
# distance from previous block
# <min> <max>
1	15

[block]
# block no. 2 follows, 67 sequences, length 28
# corresponding to MSA columns:
# 368-395
name=unknown_C
#
# <colnr> <probs for GDERKNQSTAVLIFYWHMCP>
#	G	D	E	R	K	N	Q	S	T	A	V	L	I	F	Y	W	H	M	C	P
0	0.00766	0.00718	0.01207	0.76277	0.08116	0.00876	0.01095	0.01029	0.00822	0.01065	0.03751	0.01135	0.00661	0.00413	0.00403	0.00132	0.00518	0.00370	0.00189	0.00456
1	0.00488	0.00351	0.00463	0.00552	0.00580	0.00326	0.00369	0.00559	0.00774	0.01026	0.02288	0.82199	0.06047	0.01246	0.00510	0.00162	0.00231	0.01128	0.00372	0.00326
2	0.00544	0.00393	0.00501	0.00560	0.00614	0.00373	0.00409	0.00641	0.00814	0.01068	0.07219	0.38230	0.11959	0.14927	0.00764	0.00199	0.00284	0.19819	0.00355	0.00327
3	0.00550	0.00380	0.00442	0.00465	0.00483	0.00369	0.00281	0.00576	0.00659	0.00866	0.01747	0.23555	0.08930	0.57229	0.01520	0.00310	0.00333	0.00746	0.00287	0.00272
4	0.00573	0.00430	0.00645	0.00645	0.00716	0.00501	0.00501	0.00716	0.00645	0.00931	0.01074	0.01576	0.01003	0.03008	0.84316	0.00645	0.01074	0.00430	0.00215	0.00358
5	0.00774	0.00647	0.00782	0.00838	0.11376	0.00664	0.00561	0.06610	0.22848	0.01497	0.22228	0.02453	0.25663	0.00721	0.00441	0.00130	0.00281	0.00616	0.00379	0.00489
6	0.01498	0.01911	0.01137	0.01033	0.01240	0.84295	0.00775	0.01601	0.01137	0.00982	0.00620	0.00723	0.00517	0.00413	0.00362	0.00103	0.00723	0.00258	0.00207	0.00465
7	0.03701	0.22938	0.07205	0.04262	0.02379	0.11479	0.00756	0.20369	0.07292	0.02632	0.00841	0.00962	0.00676	0.00741	0.10201	0.01906	0.00546	0.00317	0.00261	0.00537
8	0.00995	0.03550	0.01217	0.06785	0.29763	0.06721	0.00826	0.05866	0.00946	0.02805	0.00746	0.00907	0.00609	0.00349	0.00350	0.00094	0.00418	0.00298	0.00230	0.36526
9	0.00887	0.00525	0.00541	0.00490	0.00628	0.00553	0.00380	0.13889	0.06412	0.01671	0.01275	0.01411	0.00986	0.00475	0.00308	0.00101	0.00236	0.00377	0.68416	0.00440
10	0.00819	0.00459	0.00579	0.00518	0.00661	0.00414	0.00400	0.00990	0.01076	0.17709	0.47775	0.02616	0.13090	0.00742	0.00438	0.00123	0.00221	0.00638	0.10299	0.00433
11	0.00556	0.00410	0.00521	0.00493	0.00592	0.00374	0.00370	0.00735	0.01109	0.01546	0.73760	0.03099	0.13255	0.00843	0.00473	0.00127	0.00191	0.00740	0.00433	0.00374
12	0.00498	0.00407	0.00433	0.00436	0.00554	0.00351	0.00325	0.00604	0.00909	0.01114	0.10869	0.05621	0.65073	0.06614	0.00582	0.00154	0.00223	0.04527	0.00370	0.00337
13	0.88738	0.00776	0.00589	0.00527	0.00776	0.00900	0.00434	0.01179	0.00683	0.01799	0.00558	0.00651	0.00434	0.00372	0.00248	0.00124	0.00310	0.00217	0.00248	0.00434
14	0.00965	0.00925	0.01579	0.12029	0.74050	0.00946	0.01217	0.01207	0.00900	0.01277	0.00750	0.01001	0.00624	0.00362	0.00397	0.00121	0.00483	0.00357	0.00196	0.00613
15	0.01499	0.01889	0.01138	0.01030	0.01240	0.81939	0.00775	0.03885	0.01158	0.01025	0.00630	0.00730	0.00521	0.00415	0.00363	0.00104	0.00715	0.00261	0.00212	0.00471
16	0.00947	0.01082	0.02366	0.01690	0.02096	0.01014	0.81947	0.01285	0.00947	0.01285	0.00811	0.01082	0.00609	0.00338	0.00473	0.00135	0.00676	0.00473	0.00203	0.00541
17	0.01374	0.01672	0.01072	0.00978	0.01182	0.66684	0.00736	0.01658	0.15464	0.01105	0.00854	0.03855	0.00716	0.00466	0.00375	0.00111	0.00635	0.00324	0.00248	0.00490
18	0.00762	0.00640	0.00742	0.00569	0.00858	0.00502	0.00447	0.02752	0.00879	0.01303	0.05898	0.07192	0.11825	0.00491	0.00347	0.00082	0.00277	0.00410	0.00280	0.63743
19	0.00670	0.00363	0.00528	0.00528	0.00537	0.00371	0.00356	0.00552	0.00544	0.00734	0.00803	0.01412	0.00815	0.10583	0.11677	0.68314	0.00441	0.00383	0.00186	0.00204
20	0.00921	0.00931	0.03230	0.27046	0.47802	0.02153	0.09728	0.01181	0.00885	0.01216	0.00745	0.01018	0.00598	0.00370	0.00405	0.00125	0.00521	0.00367	0.00192	0.00565
21	0.00804	0.02074	0.83828	0.01143	0.01736	0.00931	0.01482	0.01270	0.00847	0.01270	0.00720	0.00847	0.00508	0.00381	0.00381	0.00127	0.00593	0.00296	0.00169	0.00593
22	0.00645	0.00452	0.00554	0.00548	0.00652	0.00433	0.00403	0.00885	0.09477	0.05573	0.35195	0.26797	0.12947	0.00918	0.00470	0.00138	0.00225	0.00808	0.02481	0.00400
23	0.01165	0.04216	0.01002	0.00880	0.01027	0.50587	0.00664	0.01261	0.00934	0.00944	0.00771	0.01122	0.00721	0.12067	0.14586	0.00235	0.06855	0.00335	0.00209	0.00418
24	0.00518	0.00375	0.00491	0.00557	0.00605	0.00350	0.00395	0.00620	0.00849	0.01135	0.15212	0.57485	0.07938	0.02570	0.00533	0.00161	0.00241	0.09246	0.00381	0.00338
25	0.02124	0.05561	0.04601	0.08219	0.21129	0.06674	0.07967	0.06059	0.00953	0.04781	0.00771	0.00931	0.00612	0.00388	0.01285	0.00107	0.00461	0.00316	0.00232	0.26830
26	0.00970	0.01011	0.06519	0.03911	0.06385	0.19660	0.05012	0.09397	0.01018	0.04247	0.05859	0.25292	0.01393	0.00863	0.06445	0.00168	0.00501	0.00589	0.00294	0.00466
27	0.00792	0.00524	0.02584	0.00671	0.04224	0.00475	0.00483	0.06335	0.00940	0.12058	0.05867	0.43072	0.07556	0.00925	0.00456	0.00142	0.00275	0.02960	0.09236	0.00425

[dist]
# distance from previous block
# <min> <max>
0	4

[block]
# block no. 3 follows, 67 sequences, length 50
# corresponding to MSA columns:
# 400-449
name=unknown_D
#
# <colnr> <probs for GDERKNQSTAVLIFYWHMCP>
#	G	D	E	R	K	N	Q	S	T	A	V	L	I	F	Y	W	H	M	C	P
0	0.02470	0.01245	0.05426	0.05961	0.17454	0.26106	0.05001	0.12834	0.02256	0.06073	0.02833	0.01124	0.04576	0.00518	0.02428	0.00132	0.02394	0.00366	0.00262	0.00542
1	0.05122	0.06571	0.05952	0.08082	0.06726	0.10394	0.03162	0.26723	0.08172	0.07856	0.00979	0.03620	0.00766	0.00475	0.00397	0.00122	0.01398	0.01591	0.00309	0.01584
2	0.04661	0.00697	0.01985	0.12808	0.11546	0.02834	0.07722	0.04407	0.03654	0.01203	0.02595	0.31863	0.01437	0.02220	0.04835	0.00173	0.03977	0.00659	0.00281	0.00443
3	0.42631	0.00908	0.01097	0.05567	0.05824	0.04471	0.13417	0.08904	0.00889	0.02897	0.01833	0.00909	0.00594	0.00423	0.00411	0.00130	0.06920	0.01433	0.00250	0.00490
4	0.00552	0.00438	0.00530	0.00522	0.00627	0.00437	0.00393	0.00725	0.05198	0.01093	0.10399	0.02780	0.37368	0.07300	0.29460	0.00327	0.00520	0.00653	0.00318	0.00359
5	0.00870	0.03500	0.18513	0.03100	0.04078	0.04078	0.04664	0.01114	0.00849	0.01260	0.00708	0.00850	0.00570	0.00337	0.00354	0.00086	0.02314	0.00271	0.00214	0.52271
6	0.00525	0.00386	0.00483	0.00528	0.00584	0.00366	0.00373	0.00613	0.00796	0.01044	0.07681	0.38334	0.18200	0.13997	0.07460	0.00229	0.00326	0.07404	0.00345	0.00325
7	0.00517	0.00384	0.00482	0.00512	0.00584	0.00349	0.00366	0.00638	0.00932	0.01250	0.31903	0.38693	0.18609	0.01050	0.00491	0.00145	0.00213	0.02137	0.00397	0.00348
8	0.00757	0.00713	0.01203	0.84942	0.02762	0.00891	0.01114	0.01025	0.00802	0.01025	0.00713	0.01069	0.00535	0.00401	0.00401	0.00134	0.00535	0.00356	0.00178	0.00446
9	0.00757	0.00713	0.01203	0.84942	0.02762	0.00891	0.01114	0.01025	0.00802	0.01025	0.00713	0.01069	0.00535	0.00401	0.00401	0.00134	0.00535	0.00356	0.00178	0.00446
10	0.00736	0.00655	0.00987	0.24259	0.17967	0.03000	0.01820	0.00899	0.00774	0.01036	0.01109	0.15107	0.01126	0.14066	0.11132	0.00239	0.02690	0.01741	0.00232	0.00423
11	0.01525	0.01123	0.01204	0.00923	0.01244	0.01244	0.00762	0.82067	0.01886	0.02528	0.00963	0.00963	0.00682	0.00481	0.00401	0.00120	0.00441	0.00361	0.00401	0.00682
12	0.88738	0.00776	0.00589	0.00527	0.00776	0.00900	0.00434	0.01179	0.00683	0.01799	0.00558	0.00651	0.00434	0.00372	0.00248	0.00124	0.00310	0.00217	0.00248	0.00434
13	0.88738	0.00776	0.00589	0.00527	0.00776	0.00900	0.00434	0.01179	0.00683	0.01799	0.00558	0.00651	0.00434	0.00372	0.00248	0.00124	0.00310	0.00217	0.00248	0.00434
14	0.88738	0.00776	0.00589	0.00527	0.00776	0.00900	0.00434	0.01179	0.00683	0.01799	0.00558	0.00651	0.00434	0.00372	0.00248	0.00124	0.00310	0.00217	0.00248	0.00434
15	0.01282	0.00787	0.00905	0.00771	0.01025	0.00838	0.00612	0.02044	0.51687	0.31233	0.01608	0.01449	0.01137	0.00525	0.00404	0.00131	0.00323	0.00434	0.02159	0.00647
16	0.00568	0.00410	0.00536	0.00505	0.00599	0.00378	0.00378	0.00757	0.01135	0.01608	0.83192	0.02996	0.03784	0.00820	0.00473	0.00126	0.00189	0.00725	0.00441	0.00378
17	0.00556	0.00406	0.00517	0.00495	0.00586	0.00373	0.00365	0.00724	0.01076	0.01499	0.68896	0.06459	0.11209	0.04418	0.00540	0.00140	0.00201	0.00748	0.00424	0.00367
18	0.00877	0.00877	0.01228	0.01053	0.01053	0.01228	0.00877	0.00965	0.00614	0.00965	0.00526	0.00877	0.00526	0.00702	0.01316	0.00175	0.85172	0.00351	0.00175	0.00439
19	0.01072	0.86147	0.02102	0.00686	0.01029	0.01587	0.00686	0.01201	0.00815	0.00944	0.00558	0.00643	0.00515	0.00343	0.00257	0.00086	0.00429	0.00214	0.00172	0.00515
20	0.01792	0.00540	0.04143	0.00684	0.00786	0.00482	0.05639	0.06382	0.02153	0.01181	0.03255	0.61099	0.03388	0.01074	0.00525	0.03022	0.00299	0.02829	0.00349	0.00379
21	0.85237	0.00777	0.00614	0.02061	0.00817	0.00907	0.00456	0.01171	0.00683	0.01767	0.00561	0.00664	0.00438	0.00380	0.00274	0.00125	0.02163	0.00223	0.00245	0.00435
22	0.01498	0.01911	0.01137	0.01033	0.01240	0.84295	0.00775	0.01601	0.01137	0.00982	0.00620	0.00723	0.00517	0.00413	0.00362	0.00103	0.00723	0.00258	0.00207	0.00465
23	0.00560	0.00408	0.00523	0.00504	0.00593	0.00379	0.00374	0.00726	0.01056	0.01472	0.65484	0.05860	0.09955	0.05550	0.03119	0.00159	0.00233	0.02265	0.00414	0.00365
24	0.01498	0.01911	0.01137	0.01033	0.01240	0.84295	0.00775	0.01601	0.01137	0.00982	0.00620	0.00723	0.00517	0.00413	0.00362	0.00103	0.00723	0.00258	0.00207	0.00465
25	0.00575	0.00421	0.00600	0.00600	0.00657	0.00477	0.00446	0.00688	0.00631	0.00898	0.01115	0.01800	0.01100	0.20721	0.66736	0.00590	0.00928	0.00462	0.00221	0.00333
26	0.01514	0.01090	0.01173	0.00902	0.01217	0.01200	0.00744	0.77379	0.01835	0.05140	0.00992	0.00990	0.00701	0.00482	0.00398	0.00120	0.00432	0.00363	0.02656	0.00674
27	0.00588	0.00421	0.00547	0.00539	0.00572	0.00458	0.00368	0.00656	0.00641	0.00892	0.06182	0.02198	0.01400	0.46940	0.32678	0.00461	0.03389	0.00527	0.00242	0.00301
28	0.00570	0.00426	0.00545	0.00610	0.00692	0.00409	0.00480	0.00734	0.03744	0.01149	0.05143	0.31438	0.17935	0.01111	0.00517	0.00164	0.00284	0.33317	0.00375	0.00358
29	0.02418	0.00852	0.00887	0.00792	0.01013	0.02238	0.00622	0.09727	0.63274	0.01719	0.01533	0.01546	0.01180	0.00552	0.00402	0.00133	0.00329	0.03792	0.06387	0.00605
30	0.01235	0.00952	0.01041	0.03860	0.01177	0.01056	0.00695	0.42570	0.29468	0.03389	0.01251	0.05756	0.00972	0.00535	0.00405	0.00126	0.00383	0.00431	0.00389	0.04308
31	0.04552	0.00846	0.01367	0.46465	0.32195	0.03059	0.03585	0.01129	0.00851	0.01169	0.00722	0.01015	0.00569	0.00382	0.00394	0.00127	0.00513	0.00352	0.00190	0.00518
32	0.02319	0.26307	0.29133	0.01051	0.07596	0.14461	0.02067	0.03311	0.00922	0.04578	0.00696	0.00803	0.00548	0.00383	0.00356	0.00109	0.01875	0.00277	0.00201	0.03004
33	0.03922	0.13547	0.26381	0.03183	0.13883	0.10037	0.03088	0.10599	0.01011	0.05062	0.00830	0.04161	0.00677	0.00434	0.00373	0.00119	0.00512	0.01381	0.00234	0.00565
34	0.00583	0.00389	0.00437	0.00437	0.00437	0.00389	0.00243	0.00583	0.00583	0.00778	0.01264	0.02624	0.01458	0.85906	0.02041	0.00389	0.00389	0.00583	0.00243	0.00243
35	0.01079	0.44251	0.02864	0.10688	0.06209	0.05744	0.02778	0.09773	0.06348	0.01206	0.00711	0.00834	0.00592	0.00402	0.00377	0.00108	0.04999	0.00288	0.00217	0.00534
36	0.00805	0.00754	0.01239	0.71084	0.04142	0.00913	0.04658	0.02696	0.07570	0.01125	0.00799	0.01101	0.00599	0.00411	0.00405	0.00133	0.00520	0.00370	0.00203	0.00474
37	0.00881	0.04600	0.19137	0.01002	0.09915	0.00861	0.02390	0.08793	0.13218	0.02303	0.04640	0.04526	0.03932	0.14173	0.01840	0.00179	0.06373	0.00453	0.00274	0.00512
38	0.03520	0.00769	0.08252	0.01016	0.16203	0.01852	0.03871	0.02373	0.05119	0.07100	0.01082	0.01680	0.01016	0.30734	0.13441	0.00294	0.00532	0.00449	0.00252	0.00445
39	0.00609	0.00431	0.00506	0.00491	0.00491	0.00462	0.00298	0.00616	0.00586	0.00794	0.01200	0.02473	0.01377	0.78505	0.01978	0.00370	0.07752	0.00563	0.00237	0.00260
40	0.08621	0.01247	0.00980	0.00846	0.01083	0.35793	0.00659	0.09886	0.09754	0.18581	0.06597	0.01156	0.02096	0.00484	0.00379	0.00117	0.00494	0.00356	0.00330	0.00540
41	0.04186	0.02472	0.15165	0.04952	0.18577	0.12047	0.09469	0.11672	0.07758	0.01417	0.00876	0.04505	0.00717	0.00452	0.00434	0.00126	0.03986	0.00380	0.00245	0.00564
42	0.03400	0.00691	0.04089	0.03068	0.06832	0.05421	0.10884	0.00888	0.00854	0.02409	0.07239	0.28922	0.05451	0.04769	0.07184	0.00194	0.00437	0.05432	0.01425	0.00412
43	0.00491	0.00392	0.00441	0.00461	0.00561	0.00341	0.00333	0.00597	0.00908	0.01144	0.15100	0.25350	0.50366	0.01051	0.00484	0.00141	0.00209	0.00906	0.00382	0.00341
44	0.00724	0.00523	0.00631	0.04590	0.01745	0.03021	0.00463	0.02168	0.04747	0.06720	0.47935	0.04271	0.11500	0.00764	0.00450	0.00128	0.00254	0.03624	0.05326	0.00417
45	0.03279	0.13182	0.13297	0.07852	0.17547	0.11912	0.06505	0.07989	0.04411	0.04254	0.00879	0.01007	0.03128	0.00421	0.00399	0.00119	0.02693	0.00341	0.00232	0.00555
46	0.04870	0.00673	0.01998	0.03600	0.02497	0.03712	0.02317	0.10230	0.02162	0.22701	0.02122	0.04985	0.00901	0.03437	0.00864	0.31396	0.00382	0.00406	0.00307	0.00436
47	0.00532	0.00380	0.00498	0.00536	0.00595	0.00353	0.00382	0.00644	0.00910	0.01239	0.32179	0.43256	0.07868	0.01079	0.00538	0.03540	0.00225	0.04515	0.00390	0.00342
48	0.01285	0.02709	0.01160	0.04054	0.10238	0.51588	0.02556	0.03515	0.07015	0.03111	0.04430	0.03199	0.00808	0.00507	0.02003	0.00123	0.00609	0.00344	0.00245	0.00499
49	0.04904	0.03538	0.14357	0.03447	0.14639	0.10992	0.09940	0.11600	0.01050	0.08802	0.02014	0.02602	0.00699	0.00423	0.00407	0.00118	0.02468	0.00354	0.00258	0.07387

[dist]
# distance from previous block
# <min> <max>
1	29

[block]
# block no. 4 follows, 67 sequences, length 13
# corresponding to MSA columns:
# 479-491
name=unknown_E
#
# <colnr> <probs for GDERKNQSTAVLIFYWHMCP>
#	G	D	E	R	K	N	Q	S	T	A	V	L	I	F	Y	W	H	M	C	P
0	0.01059	0.10080	0.10341	0.09015	0.16114	0.06725	0.08775	0.06355	0.03166	0.09646	0.03459	0.02696	0.00786	0.00476	0.02215	0.00127	0.00490	0.00366	0.00255	0.07853
1	0.00495	0.00378	0.00450	0.00492	0.00563	0.00339	0.00343	0.00587	0.00854	0.01099	0.11494	0.43370	0.32580	0.04350	0.00552	0.00157	0.00223	0.00966	0.00375	0.00333
2	0.08478	0.09148	0.12256	0.02355	0.16271	0.05848	0.06287	0.18526	0.06304	0.06189	0.00848	0.00946	0.00644	0.00422	0.00410	0.00122	0.03754	0.00335	0.00269	0.00588
3	0.00617	0.00457	0.00628	0.00624	0.00718	0.00438	0.04446	0.00817	0.07017	0.03941	0.21367	0.44095	0.07921	0.01008	0.00489	0.00149	0.00258	0.04239	0.00387	0.00386
4	0.04203	0.01772	0.01113	0.00999	0.01216	0.72028	0.00757	0.07136	0.05051	0.01146	0.00690	0.00774	0.00559	0.00423	0.00363	0.00107	0.00672	0.00273	0.00231	0.00487
5	0.08472	0.08357	0.39983	0.01051	0.05373	0.02910	0.04130	0.11019	0.00973	0.04549	0.00752	0.00860	0.00558	0.00394	0.00386	0.00118	0.02807	0.00301	0.00225	0.06779
6	0.00792	0.00748	0.01265	0.72901	0.14535	0.00900	0.01131	0.01055	0.00818	0.01066	0.00719	0.01058	0.00549	0.00395	0.00400	0.00132	0.00526	0.00357	0.00181	0.00473
7	0.75223	0.00779	0.00645	0.00570	0.00802	0.00905	0.00465	0.06316	0.00753	0.01764	0.00620	0.00766	0.00501	0.03154	0.02642	0.00148	0.03002	0.00248	0.00255	0.00442
8	0.01072	0.86147	0.02102	0.00686	0.01029	0.01587	0.00686	0.01201	0.00815	0.00944	0.00558	0.00643	0.00515	0.00343	0.00257	0.00086	0.00429	0.00214	0.00172	0.00515
9	0.00486	0.00407	0.00425	0.00437	0.00563	0.00346	0.00331	0.00591	0.00906	0.01088	0.03827	0.08719	0.73197	0.01036	0.00481	0.00140	0.00216	0.06093	0.00372	0.00340
10	0.00747	0.00631	0.00718	0.00661	0.00802	0.03906	0.02260	0.01168	0.23850	0.02829	0.27556	0.10466	0.15244	0.00826	0.02302	0.00147	0.04395	0.00655	0.00383	0.00453
11	0.00814	0.06066	0.03146	0.06281	0.03609	0.03591	0.02283	0.07729	0.15259	0.01275	0.01419	0.24787	0.01410	0.05700	0.09689	0.00206	0.00441	0.01905	0.03935	0.00457
12	0.06059	0.18094	0.10196	0.01141	0.16413	0.10371	0.05097	0.03117	0.02892	0.10724	0.05731	0.01249	0.03470	0.00461	0.00373	0.00117	0.00459	0.03228	0.00263	0.00544

[dist]
# distance from previous block
# <min> <max>
1	7

[block]
# block no. 5 follows, 67 sequences, length 10
# corresponding to MSA columns:
# 499-508
name=unknown_F
#
# <colnr> <probs for GDERKNQSTAVLIFYWHMCP>
#	G	D	E	R	K	N	Q	S	T	A	V	L	I	F	Y	W	H	M	C	P
0	0.00764	0.03819	0.07968	0.04717	0.20124	0.02399	0.04025	0.00947	0.00775	0.01076	0.01052	0.08921	0.01035	0.08888	0.22492	0.00291	0.05709	0.04319	0.00225	0.00453
1	0.00993	0.00953	0.01628	0.02462	0.83404	0.00953	0.01231	0.01231	0.00913	0.01310	0.00754	0.00993	0.00635	0.00357	0.00397	0.00119	0.00476	0.00357	0.00199	0.00635
2	0.00548	0.00397	0.00468	0.00465	0.00564	0.00359	0.00343	0.00694	0.00987	0.01356	0.38965	0.13095	0.28950	0.00897	0.00457	0.00130	0.00199	0.00776	0.09991	0.00359
3	0.09619	0.01091	0.01147	0.00886	0.01200	0.01212	0.00732	0.74559	0.01774	0.02460	0.00925	0.00934	0.00659	0.00471	0.00387	0.00121	0.00429	0.00348	0.00387	0.00659
4	0.88738	0.00776	0.00589	0.00527	0.00776	0.00900	0.00434	0.01179	0.00683	0.01799	0.00558	0.00651	0.00434	0.00372	0.00248	0.00124	0.00310	0.00217	0.00248	0.00434
5	0.01525	0.01123	0.01204	0.00923	0.01244	0.01244	0.00762	0.82067	0.01886	0.02528	0.00963	0.00963	0.00682	0.00481	0.00401	0.00120	0.00441	0.00361	0.00401	0.00682
6	0.01799	0.00683	0.00931	0.00714	0.01024	0.00589	0.00589	0.01954	0.01148	0.83682	0.01582	0.01365	0.00993	0.00496	0.00403	0.00124	0.00341	0.00403	0.00496	0.00683
7	0.00579	0.00406	0.00526	0.00526	0.00557	0.00437	0.00354	0.00640	0.00610	0.00844	0.01182	0.02173	0.01262	0.50263	0.37416	0.00499	0.00684	0.00517	0.00231	0.00292
8	0.00987	0.00968	0.01714	0.02372	0.73905	0.00960	0.10660	0.01237	0.00917	0.01307	0.00761	0.01003	0.00632	0.00355	0.00406	0.00121	0.00500	0.00371	0.00199	0.00624
9	0.00488	0.00392	0.00435	0.00457	0.00558	0.00339	0.00330	0.00590	0.00898	0.01122	0.11826	0.25420	0.53619	0.01059	0.00484	0.00142	0.00210	0.00912	0.00380	0.00339

[dist]
# distance from previous block
# <min> <max>
0	1

[block]
# block no. 6 follows, 67 sequences, length 27
# corresponding to MSA columns:
# 510-536
name=unknown_G
#
# <colnr> <probs for GDERKNQSTAVLIFYWHMCP>
#	G	D	E	R	K	N	Q	S	T	A	V	L	I	F	Y	W	H	M	C	P
0	0.05520	0.00897	0.01122	0.00860	0.01175	0.00911	0.06255	0.33796	0.04838	0.38533	0.01238	0.01159	0.00827	0.00476	0.00400	0.00124	0.00402	0.00385	0.00423	0.00659
1	0.08155	0.00806	0.01308	0.31041	0.39954	0.00876	0.02311	0.01102	0.00845	0.01228	0.00847	0.07060	0.00750	0.00448	0.00398	0.00129	0.00467	0.01540	0.00210	0.00525
2	0.77624	0.00857	0.00670	0.00594	0.00837	0.07208	0.02385	0.01196	0.00726	0.01704	0.00614	0.03004	0.00506	0.00399	0.00269	0.00124	0.00348	0.00252	0.00247	0.00436
3	0.00954	0.00911	0.01551	0.11176	0.72583	0.00929	0.01195	0.01191	0.00897	0.01272	0.00789	0.03300	0.00679	0.00386	0.00401	0.00122	0.00476	0.00378	0.00201	0.00607
4	0.03596	0.00975	0.01103	0.00847	0.01163	0.01028	0.00700	0.54767	0.01624	0.28302	0.01150	0.01084	0.00775	0.00484	0.00398	0.00122	0.00407	0.00371	0.00428	0.00677
5	0.00562	0.00419	0.00622	0.00634	0.00699	0.00479	0.00485	0.00696	0.00660	0.00943	0.01219	0.12322	0.01214	0.02784	0.73604	0.00583	0.00967	0.00521	0.00235	0.00354
6	0.00877	0.00877	0.01228	0.01053	0.01053	0.01228	0.00877	0.00965	0.00614	0.00965	0.00526	0.00877	0.00526	0.00702	0.01316	0.00175	0.85172	0.00351	0.00175	0.00439
7	0.00877	0.00877	0.01228	0.01053	0.01053	0.01228	0.00877	0.00965	0.00614	0.00965	0.00526	0.00877	0.00526	0.00702	0.01316	0.00175	0.85172	0.00351	0.00175	0.00439
8	0.85017	0.00772	0.00604	0.00535	0.00786	0.00886	0.00441	0.01212	0.00702	0.05304	0.00602	0.00682	0.00458	0.00378	0.00255	0.00124	0.00312	0.00225	0.00259	0.00445
9	0.00998	0.00862	0.00907	0.00816	0.01043	0.00998	0.00635	0.02131	0.82679	0.01678	0.01632	0.01496	0.01224	0.00544	0.00408	0.00136	0.00317	0.00453	0.00408	0.00635
10	0.00633	0.00452	0.00631	0.00724	0.00810	0.00450	0.00623	0.00808	0.00910	0.01185	0.02131	0.11309	0.02337	0.01120	0.00550	0.00183	0.00358	0.74050	0.00370	0.00366
11	0.00489	0.00349	0.00465	0.00558	0.00582	0.00326	0.00372	0.00558	0.00768	0.01024	0.02210	0.85644	0.02653	0.01256	0.00512	0.00163	0.00233	0.01140	0.00372	0.00326
12	0.00507	0.00381	0.00471	0.00515	0.00586	0.00345	0.00368	0.00613	0.00884	0.01159	0.18014	0.44128	0.24702	0.01102	0.00496	0.00149	0.00223	0.04630	0.00385	0.00341
13	0.01403	0.13098	0.02571	0.02140	0.03354	0.50791	0.00789	0.17513	0.01219	0.01297	0.00685	0.00776	0.00553	0.00420	0.00371	0.00107	0.01876	0.00279	0.00239	0.00521
14	0.01490	0.01006	0.01112	0.00867	0.01165	0.01086	0.00710	0.64911	0.01702	0.13928	0.01139	0.07041	0.00866	0.00539	0.00409	0.00124	0.00412	0.00422	0.00413	0.00657
15	0.01132	0.28275	0.06692	0.10884	0.13040	0.24271	0.06319	0.01321	0.00934	0.02705	0.00668	0.00820	0.00550	0.00376	0.00348	0.00108	0.00554	0.00289	0.00194	0.00520
16	0.00488	0.00353	0.00462	0.00549	0.00579	0.00327	0.00368	0.00560	0.00777	0.01028	0.02327	0.80507	0.07714	0.01241	0.00510	0.00161	0.00231	0.01122	0.00372	0.00327
17	0.02637	0.33205	0.08584	0.06049	0.15016	0.02558	0.03471	0.06398	0.02334	0.10817	0.00788	0.00889	0.00617	0.00393	0.00368	0.00110	0.02913	0.00302	0.00237	0.02314
18	0.02499	0.02311	0.12276	0.03900	0.06083	0.06423	0.13820	0.11011	0.06483	0.01464	0.15499	0.01778	0.12165	0.00571	0.00427	0.00128	0.00437	0.01915	0.00302	0.00508
19	0.00532	0.00370	0.00450	0.00496	0.00513	0.00356	0.00310	0.00571	0.00687	0.00912	0.01840	0.43935	0.05142	0.40624	0.01222	0.00267	0.00304	0.00870	0.00312	0.00288
20	0.15807	0.00960	0.01222	0.10942	0.25583	0.02384	0.00892	0.27603	0.02409	0.01735	0.00781	0.00930	0.00605	0.00432	0.00434	0.00126	0.05969	0.00334	0.00273	0.00580
21	0.36999	0.00909	0.01192	0.04565	0.25697	0.04023	0.10261	0.04178	0.00861	0.03783	0.00726	0.02326	0.00586	0.00395	0.00362	0.00125	0.01928	0.00325	0.00237	0.00522
22	0.00527	0.00365	0.00477	0.00550	0.00592	0.00336	0.00374	0.00606	0.00802	0.03360	0.05109	0.74565	0.08439	0.01203	0.00505	0.00159	0.00232	0.01084	0.00378	0.00338
23	0.00497	0.00357	0.00474	0.00564	0.00594	0.00334	0.00386	0.00574	0.00781	0.01035	0.02259	0.78736	0.04972	0.01241	0.00513	0.00163	0.00239	0.05580	0.00372	0.00329
24	0.01004	0.03336	0.04986	0.12836	0.36986	0.05327	0.04126	0.07821	0.02688	0.01291	0.00734	0.00965	0.00604	0.00439	0.00553	0.00130	0.15050	0.00351	0.00212	0.00563
25	0.00839	0.00745	0.00956	0.22590	0.04591	0.02804	0.00693	0.04122	0.05253	0.01284	0.04662	0.04605	0.02101	0.00431	0.00377	0.00099	0.01878	0.00361	0.00251	0.41357
26	0.03565	0.39787	0.05105	0.03414	0.15125	0.02709	0.00826	0.15701	0.04354	0.04818	0.00762	0.00846	0.00612	0.00390	0.00330	0.00106	0.00443	0.00291	0.00243	0.00575

[dist]
# distance from previous block
# <min> <max>
6	20

[block]
# block no. 7 follows, 67 sequences, length 15
# corresponding to MSA columns:
# 558-572
name=unknown_H
#
# <colnr> <probs for GDERKNQSTAVLIFYWHMCP>
#	G	D	E	R	K	N	Q	S	T	A	V	L	I	F	Y	W	H	M	C	P
0	0.14720	0.10979	0.06206	0.00770	0.05930	0.00866	0.00624	0.11403	0.08556	0.01536	0.01054	0.01382	0.00892	0.03581	0.00418	0.00127	0.01869	0.06765	0.20159	0.02163
1	0.11235	0.01114	0.01061	0.11370	0.09301	0.23533	0.00767	0.09545	0.09256	0.10617	0.00930	0.01074	0.00718	0.00445	0.00373	0.00118	0.00485	0.02670	0.00286	0.05103
2	0.13606	0.05423	0.01113	0.00821	0.01125	0.01117	0.00682	0.53999	0.03754	0.11172	0.02705	0.01004	0.00753	0.00470	0.00374	0.00120	0.00403	0.00348	0.00379	0.00631
3	0.00597	0.00466	0.00549	0.00518	0.00640	0.00446	0.00392	0.00882	0.11296	0.01482	0.52619	0.03030	0.23901	0.00836	0.00465	0.00130	0.00209	0.00722	0.00420	0.00400
4	0.03215	0.33475	0.17083	0.00900	0.03633	0.10520	0.03243	0.05282	0.00943	0.07752	0.02141	0.00846	0.00627	0.00390	0.00348	0.00104	0.02065	0.00282	0.00225	0.06927
5	0.01525	0.01123	0.01204	0.00923	0.01244	0.01244	0.00762	0.82067	0.01886	0.02528	0.00963	0.00963	0.00682	0.00481	0.00401	0.00120	0.00441	0.00361	0.00401	0.00682
6	0.00556	0.00411	0.00520	0.00498	0.00599	0.00375	0.00377	0.00731	0.01093	0.01511	0.67775	0.03189	0.16087	0.00861	0.00476	0.00130	0.00198	0.03811	0.00428	0.00372
7	0.00861	0.00793	0.01262	0.46083	0.24672	0.00865	0.01034	0.03921	0.00875	0.01200	0.00733	0.01007	0.00577	0.00376	0.00384	0.00118	0.00478	0.00338	0.00201	0.14222
8	0.01561	0.01065	0.01167	0.00895	0.01214	0.01157	0.00739	0.71407	0.01787	0.13325	0.01045	0.01016	0.00723	0.00483	0.00401	0.00121	0.00428	0.00367	0.00414	0.00682
9	0.02834	0.00996	0.08958	0.05111	0.30152	0.03497	0.03705	0.02423	0.00875	0.02555	0.00727	0.00915	0.00595	0.00376	0.00437	0.00107	0.07282	0.00312	0.00214	0.27930
10	0.00547	0.00409	0.00508	0.00483	0.00587	0.00370	0.00362	0.00717	0.01087	0.01493	0.65804	0.03186	0.21245	0.00863	0.00473	0.00128	0.00192	0.00752	0.00426	0.00370
11	0.01003	0.04344	0.09029	0.01058	0.11664	0.00926	0.04283	0.09906	0.33247	0.04936	0.01469	0.01629	0.06298	0.00549	0.00413	0.00132	0.00392	0.06266	0.01871	0.00586
12	0.01498	0.01911	0.01137	0.01033	0.01240	0.84295	0.00775	0.01601	0.01137	0.00982	0.00620	0.00723	0.00517	0.00413	0.00362	0.00103	0.00723	0.00258	0.00207	0.00465
13	0.00536	0.00406	0.00501	0.00544	0.00615	0.00387	0.00389	0.00692	0.05329	0.01139	0.11988	0.45025	0.19180	0.03213	0.04137	0.00179	0.00273	0.04743	0.00372	0.00353
14	0.23369	0.01211	0.15379	0.01025	0.08211	0.12325	0.08686	0.07301	0.00937	0.01469	0.00721	0.00892	0.00572	0.00385	0.00346	0.00113	0.00474	0.01837	0.00232	0.14515

[dist]
# distance from previous block
# <min> <max>
1	8

[block]
# block no. 8 follows, 67 sequences, length 18
# corresponding to MSA columns:
# 581-598
name=unknown_I
#
# <colnr> <probs for GDERKNQSTAVLIFYWHMCP>
#	G	D	E	R	K	N	Q	S	T	A	V	L	I	F	Y	W	H	M	C	P
0	0.03849	0.14167	0.10457	0.00913	0.04072	0.05248	0.00795	0.33632	0.08944	0.06039	0.00913	0.00942	0.00680	0.00431	0.00363	0.00112	0.00440	0.00323	0.00312	0.07369
1	0.01052	0.04631	0.01053	0.02541	0.05076	0.11399	0.04512	0.12595	0.14621	0.05285	0.07923	0.01458	0.09026	0.00514	0.00401	0.00113	0.01490	0.00419	0.00318	0.15575
2	0.04545	0.39664	0.19825	0.00925	0.02990	0.06963	0.05945	0.03294	0.07523	0.01182	0.00739	0.02092	0.00613	0.00397	0.00344	0.00109	0.01810	0.00294	0.00207	0.00539
3	0.03528	0.10212	0.12805	0.02661	0.09802	0.00900	0.11542	0.07924	0.05312	0.05750	0.05606	0.08729	0.07478	0.00557	0.00443	0.00128	0.03957	0.00479	0.01663	0.00524
4	0.00577	0.00390	0.00436	0.00436	0.00443	0.00386	0.00246	0.00583	0.00601	0.00794	0.01414	0.02691	0.05865	0.81331	0.01957	0.00375	0.00379	0.00597	0.00250	0.00248
5	0.00583	0.00446	0.00539	0.02476	0.00676	0.00413	0.02928	0.00742	0.03531	0.01218	0.13960	0.03124	0.44907	0.00897	0.00510	0.04885	0.00245	0.06299	0.11260	0.00360
6	0.02446	0.29064	0.19231	0.02649	0.03080	0.07337	0.11700	0.04584	0.02128	0.02535	0.00761	0.00976	0.00637	0.05347	0.05764	0.00160	0.00556	0.00323	0.00205	0.00517
7	0.00702	0.00590	0.04267	0.00611	0.00764	0.00536	0.02780	0.05677	0.11733	0.02634	0.18358	0.19615	0.19372	0.00821	0.00443	0.00134	0.00266	0.00712	0.09555	0.00429
8	0.00714	0.00452	0.00536	0.00500	0.00618	0.00432	0.00379	0.05768	0.01058	0.05444	0.39451	0.08362	0.11131	0.00746	0.00419	0.00121	0.00216	0.00641	0.22610	0.00402
9	0.00978	0.00719	0.00812	0.00696	0.00902	0.00756	0.01653	0.20761	0.21714	0.07375	0.15989	0.05752	0.17492	0.00692	0.00434	0.00130	0.00304	0.00580	0.01734	0.00529
10	0.01132	0.22350	0.06815	0.07058	0.10084	0.16803	0.06469	0.11473	0.04148	0.02825	0.00833	0.01079	0.00697	0.00475	0.01688	0.00123	0.00527	0.04643	0.00239	0.00539
11	0.44422	0.00914	0.06445	0.03631	0.04253	0.00898	0.08043	0.09014	0.02667	0.15007	0.00832	0.00894	0.00597	0.00404	0.00331	0.00125	0.00394	0.00305	0.00293	0.00531
12	0.00583	0.00391	0.00450	0.00450	0.00454	0.00396	0.00259	0.00591	0.00587	0.00787	0.01252	0.02561	0.01431	0.80918	0.06991	0.00404	0.00430	0.00574	0.00241	0.00250
13	0.00894	0.00913	0.03492	0.19243	0.24687	0.03455	0.19574	0.04140	0.04733	0.01267	0.02570	0.02800	0.08240	0.01696	0.00449	0.00133	0.00501	0.00451	0.00236	0.00526
14	0.03670	0.05804	0.15327	0.09782	0.16771	0.06624	0.05708	0.13772	0.06047	0.03287	0.02430	0.01053	0.00719	0.02244	0.01574	0.00135	0.02578	0.00355	0.01556	0.00562
15	0.00834	0.06341	0.10144	0.03095	0.07036	0.05415	0.01976	0.08086	0.04750	0.01270	0.04986	0.18823	0.04769	0.01876	0.03139	0.00160	0.06091	0.10448	0.00295	0.00465
16	0.00629	0.00475	0.00654	0.00625	0.00680	0.00519	0.03034	0.02600	0.00701	0.00971	0.04444	0.07498	0.01418	0.34389	0.29183	0.00410	0.05951	0.05233	0.00255	0.00332
17	0.37440	0.04300	0.03973	0.01936	0.06189	0.07103	0.09882	0.06491	0.03317	0.11034	0.00789	0.00874	0.00588	0.00403	0.00357	0.00122	0.02466	0.00303	0.00271	0.02161

[dist]
# distance from previous block
# <min> <max>
10	60

[block]
# block no. 9 follows, 67 sequences, length 12
# corresponding to MSA columns:
# 671-682
name=unknown_J
#
# <colnr> <probs for GDERKNQSTAVLIFYWHMCP>
#	G	D	E	R	K	N	Q	S	T	A	V	L	I	F	Y	W	H	M	C	P
0	0.01046	0.07481	0.14158	0.00902	0.01193	0.04481	0.05288	0.14523	0.23441	0.04649	0.02314	0.05381	0.00954	0.03997	0.00515	0.00138	0.05344	0.00417	0.00308	0.03470
1	0.00851	0.00814	0.03515	0.02580	0.02586	0.11733	0.05783	0.06618	0.08988	0.03823	0.01858	0.30159	0.12571	0.00827	0.00469	0.00141	0.01766	0.04140	0.00331	0.00447
2	0.00995	0.01083	0.03583	0.00802	0.01044	0.25405	0.03294	0.01304	0.14395	0.01219	0.01191	0.13446	0.04212	0.00545	0.00381	0.00108	0.00436	0.00445	0.00278	0.25834
3	0.01035	0.19197	0.14316	0.01134	0.12162	0.03058	0.10773	0.07552	0.03907	0.06150	0.00889	0.02453	0.02284	0.00408	0.00379	0.00110	0.01758	0.00344	0.00241	0.11851
4	0.00981	0.09857	0.45096	0.01162	0.04982	0.10235	0.10562	0.03616	0.00925	0.04063	0.00750	0.00884	0.00561	0.00441	0.02325	0.00131	0.00589	0.00315	0.00199	0.02325
5	0.00569	0.00460	0.00500	0.00480	0.00614	0.00422	0.00362	0.04121	0.05605	0.01294	0.21651	0.06910	0.53699	0.00933	0.00469	0.00134	0.00218	0.00789	0.00391	0.00378
6	0.00955	0.02687	0.03603	0.02573	0.07754	0.03433	0.05252	0.14662	0.05697	0.06760	0.06221	0.12823	0.02688	0.03173	0.06091	0.06237	0.02668	0.04074	0.02166	0.00482
7	0.01068	0.10942	0.20638	0.04213	0.27042	0.08232	0.03684	0.04376	0.04441	0.07806	0.00866	0.00989	0.01771	0.00405	0.00394	0.00119	0.01862	0.00337	0.00231	0.00586
8	0.07228	0.00759	0.02558	0.00694	0.00889	0.04314	0.00550	0.05384	0.32864	0.05722	0.10085	0.06843	0.13230	0.00822	0.06102	0.00167	0.00364	0.00541	0.00370	0.00511
9	0.03190	0.00654	0.02710	0.02882	0.02776	0.00632	0.00594	0.08094	0.07416	0.23014	0.03075	0.02281	0.08334	0.09265	0.07836	0.00208	0.00420	0.15755	0.00368	0.00498
10	0.03083	0.17000	0.19147	0.05375	0.10148	0.11293	0.05116	0.08025	0.05399	0.04499	0.05428	0.01015	0.00785	0.00425	0.00382	0.00117	0.01634	0.00336	0.00242	0.00552
11	0.00912	0.05112	0.37135	0.01216	0.10023	0.07334	0.08038	0.03388	0.05377	0.01264	0.03359	0.05734	0.00797	0.00478	0.00479	0.00130	0.08068	0.00387	0.00218	0.00549

[dist]
# distance from previous block
# <min> <max>
0	1

[block]
# block no. 10 follows, 67 sequences, length 21
# corresponding to MSA columns:
# 684-704
name=unknown_K
#
# <colnr> <probs for GDERKNQSTAVLIFYWHMCP>
#	G	D	E	R	K	N	Q	S	T	A	V	L	I	F	Y	W	H	M	C	P
0	0.00499	0.00356	0.00467	0.00553	0.00579	0.00334	0.00371	0.00568	0.00765	0.01016	0.02202	0.76113	0.04748	0.06254	0.00603	0.00176	0.00245	0.03463	0.00365	0.00322
1	0.01064	0.00961	0.04472	0.11093	0.30060	0.07093	0.10724	0.02799	0.02308	0.11714	0.00991	0.01342	0.00809	0.00458	0.00428	0.00127	0.01904	0.07010	0.02514	0.02131
2	0.01295	0.06951	0.08419	0.00989	0.02979	0.06058	0.05749	0.46509	0.11631	0.01980	0.00992	0.02900	0.00752	0.00473	0.00395	0.00121	0.00465	0.00375	0.00338	0.00627
3	0.02069	0.18258	0.05990	0.02122	0.03243	0.03619	0.02981	0.00908	0.00703	0.04842	0.00762	0.01116	0.00694	0.04089	0.08193	0.35968	0.02167	0.00333	0.00199	0.01743
4	0.00996	0.22535	0.29044	0.04493	0.10914	0.05177	0.07776	0.06036	0.00918	0.02280	0.00699	0.00851	0.00552	0.00395	0.00419	0.00118	0.05734	0.00307	0.00196	0.00559
5	0.00692	0.00350	0.00519	0.00519	0.00519	0.00350	0.00344	0.00525	0.00525	0.00700	0.00719	0.01274	0.00727	0.04718	0.01586	0.84872	0.00350	0.00358	0.00177	0.00177
6	0.00872	0.00788	0.01173	0.12841	0.36942	0.03621	0.02153	0.01151	0.07865	0.03710	0.07196	0.09972	0.08869	0.00570	0.00423	0.00129	0.00408	0.00516	0.00274	0.00526
7	0.00623	0.00432	0.00577	0.00566	0.00610	0.00474	0.00399	0.00701	0.00631	0.03344	0.01159	0.02017	0.01192	0.39837	0.42786	0.00502	0.03101	0.00495	0.00235	0.00319
8	0.45380	0.06157	0.03516	0.04984	0.00919	0.03595	0.00549	0.01087	0.03200	0.01443	0.00944	0.07288	0.00908	0.06860	0.00476	0.00151	0.02235	0.08575	0.01310	0.00423
9	0.07536	0.01073	0.01226	0.04943	0.07630	0.09577	0.05400	0.33100	0.06081	0.05278	0.00863	0.00966	0.00655	0.00483	0.00529	0.00130	0.13296	0.00352	0.00304	0.00580
10	0.35424	0.00852	0.00810	0.00713	0.00957	0.00982	0.00568	0.09267	0.42964	0.01805	0.01149	0.01115	0.00864	0.00471	0.00345	0.00130	0.00326	0.00352	0.00345	0.00561
11	0.02604	0.00720	0.00856	0.00622	0.00970	0.00560	0.02130	0.01038	0.02498	0.01322	0.00757	0.00917	0.00637	0.00320	0.00307	0.00066	0.00307	0.01785	0.00243	0.81342
