[name]
unknown

[dist]
# distance from previous block
# <min> <max>
10	305

[block]
# block no. 0 follows, 70 sequences, length 127
# corresponding to MSA columns:
# 400-526
name=unknown_A
#
# <colnr> <probs for GDERKNQSTAVLIFYWHMCP>
#	G	D	E	R	K	N	Q	S	T	A	V	L	I	F	Y	W	H	M	C	P
0	0.00807	0.00792	0.08018	0.03968	0.01041	0.00558	0.00564	0.01003	0.00813	0.03018	0.00822	0.00929	0.03515	0.00327	0.00306	0.00070	0.00319	0.00263	0.00232	0.72635
1	0.04692	0.56430	0.09481	0.00703	0.01019	0.05704	0.00695	0.01181	0.04473	0.01080	0.08518	0.00902	0.00826	0.00391	0.00292	0.00094	0.00410	0.00275	0.00207	0.02626
2	0.00757	0.02761	0.05455	0.00725	0.00872	0.08473	0.00633	0.00943	0.02010	0.04343	0.07426	0.10540	0.01927	0.00882	0.00475	0.00152	0.00375	0.47033	0.00332	0.03884
3	0.01171	0.17381	0.01157	0.00831	0.01049	0.41239	0.00669	0.04212	0.05948	0.02856	0.01002	0.03304	0.04451	0.00506	0.00370	0.00109	0.01576	0.07974	0.00244	0.03950
4	0.01263	0.13746	0.01188	0.00888	0.01121	0.54147	0.01760	0.03182	0.06658	0.01074	0.03860	0.00841	0.00678	0.00405	0.00339	0.00098	0.00572	0.00277	0.00223	0.07679
5	0.04074	0.00522	0.04134	0.00712	0.07298	0.00440	0.00488	0.00713	0.00776	0.01111	0.04825	0.57232	0.02000	0.00930	0.00440	0.00136	0.00268	0.00835	0.00318	0.12749
6	0.00977	0.00765	0.00863	0.00639	0.00968	0.02426	0.00514	0.10804	0.04431	0.07867	0.00819	0.00884	0.00638	0.00336	0.00313	0.00073	0.00317	0.00266	0.00274	0.65826
7	0.04443	0.02356	0.30289	0.00971	0.04408	0.00792	0.08606	0.07097	0.00967	0.19677	0.03833	0.01025	0.00741	0.00398	0.00369	0.00112	0.00446	0.00335	0.00275	0.12859
8	0.01170	0.09367	0.03287	0.04202	0.02539	0.43443	0.03984	0.03467	0.06453	0.01084	0.04800	0.00963	0.02244	0.00462	0.00471	0.00114	0.10940	0.00319	0.00223	0.00469
9	0.00841	0.00786	0.07062	0.00619	0.00979	0.00548	0.00537	0.01033	0.00818	0.04758	0.00725	0.00827	0.00584	0.00301	0.00298	0.00065	0.00310	0.00241	0.00235	0.78432
10	0.00520	0.00391	0.00491	0.00552	0.00631	0.00363	0.00428	0.00635	0.00840	0.01071	0.03664	0.32698	0.27321	0.01090	0.00497	0.00156	0.00260	0.27699	0.00360	0.00333
11	0.00877	0.00687	0.00811	0.00583	0.00924	0.00521	0.00468	0.01047	0.00828	0.07719	0.00754	0.00844	0.00604	0.00302	0.00295	0.00062	0.00290	0.00242	0.00249	0.81891
12	0.00964	0.08848	0.05768	0.05320	0.51743	0.00911	0.02848	0.02187	0.00880	0.04901	0.00781	0.00957	0.01600	0.00355	0.00363	0.00107	0.00440	0.00327	0.00209	0.10491
13	0.00848	0.00848	0.01187	0.01018	0.01018	0.01187	0.00848	0.00933	0.00594	0.00933	0.00509	0.00848	0.00509	0.00679	0.01272	0.00170	0.85666	0.00339	0.00170	0.00424
14	0.00915	0.01046	0.02288	0.01634	0.02026	0.00980	0.82549	0.01242	0.00915	0.01242	0.00784	0.01046	0.00588	0.00327	0.00458	0.00131	0.00654	0.00458	0.00196	0.00523
15	0.01083	0.00899	0.01214	0.01102	0.10585	0.12434	0.17291	0.03284	0.06059	0.17515	0.12519	0.08257	0.01272	0.00536	0.00453	0.00125	0.04064	0.00480	0.00313	0.00516
16	0.03608	0.00893	0.01487	0.10798	0.71046	0.00918	0.01142	0.02212	0.01884	0.01272	0.00732	0.00963	0.00606	0.00354	0.00380	0.00117	0.00459	0.00342	0.00196	0.00590
17	0.00671	0.00572	0.00787	0.00721	0.00744	0.00727	0.00557	0.00750	0.00595	0.00872	0.00883	0.01540	0.00912	0.24950	0.29710	0.00379	0.33655	0.00427	0.00200	0.00346
18	0.01639	0.00638	0.00868	0.00673	0.00955	0.00553	0.00553	0.01792	0.01109	0.77278	0.08439	0.01452	0.01186	0.00506	0.00396	0.00120	0.00318	0.00416	0.00475	0.00635
19	0.00826	0.00613	0.00718	0.00674	0.00802	0.02801	0.01569	0.12476	0.13332	0.07212	0.06611	0.41332	0.04416	0.00868	0.00479	0.00141	0.03561	0.00754	0.00368	0.00446
20	0.01108	0.01019	0.00951	0.04163	0.02440	0.19894	0.00688	0.14517	0.27202	0.04729	0.01268	0.04428	0.01086	0.00584	0.00425	0.00130	0.02249	0.12263	0.00329	0.00527
21	0.01279	0.00803	0.00927	0.00769	0.01019	0.00848	0.00625	0.25913	0.24567	0.24741	0.06189	0.01583	0.01195	0.00556	0.00406	0.00127	0.00346	0.07086	0.00415	0.00604
22	0.00473	0.00390	0.00415	0.00417	0.00535	0.00332	0.00310	0.00582	0.00907	0.01120	0.15901	0.09009	0.66332	0.00968	0.00460	0.00131	0.00196	0.00819	0.00370	0.00332
23	0.00911	0.00872	0.01487	0.19925	0.66787	0.00908	0.01166	0.01148	0.00860	0.01208	0.00721	0.00975	0.00594	0.00354	0.00385	0.00118	0.00472	0.00345	0.00188	0.00575
24	0.01592	0.00851	0.00920	0.00734	0.01008	0.12926	0.00593	0.08417	0.01157	0.59769	0.03552	0.01336	0.04337	0.00496	0.00388	0.00117	0.00383	0.00392	0.00425	0.00608
25	0.00506	0.00390	0.00463	0.00454	0.00556	0.00346	0.00337	0.00646	0.00983	0.01307	0.45311	0.10092	0.35404	0.00903	0.00461	0.00128	0.00192	0.00781	0.00395	0.00346
26	0.00937	0.00899	0.01534	0.10457	0.76053	0.00915	0.01179	0.01170	0.00872	0.01240	0.00725	0.00967	0.00605	0.00350	0.00384	0.00117	0.00466	0.00345	0.00190	0.00596
27	0.00742	0.00699	0.01181	0.81776	0.06260	0.00864	0.01082	0.00999	0.00780	0.01003	0.00691	0.01030	0.00521	0.00386	0.00387	0.00129	0.00514	0.00345	0.00173	0.00439
28	0.00536	0.00424	0.00500	0.00580	0.00618	0.04561	0.00406	0.00616	0.00775	0.01005	0.02051	0.73725	0.02428	0.01159	0.00492	0.00157	0.00262	0.09028	0.00352	0.00326
29	0.00930	0.00891	0.01521	0.12992	0.73572	0.00913	0.01175	0.01164	0.00869	0.01231	0.00724	0.00969	0.00602	0.00351	0.00384	0.00117	0.00468	0.00345	0.00189	0.00591
30	0.01024	0.82371	0.06156	0.00685	0.01029	0.01502	0.00702	0.01164	0.00789	0.00928	0.00547	0.00632	0.00497	0.00334	0.00255	0.00085	0.00423	0.00211	0.00166	0.00501
31	0.01732	0.00671	0.00907	0.00695	0.00995	0.00587	0.00574	0.04079	0.01129	0.82008	0.01513	0.01309	0.00952	0.00479	0.00390	0.00120	0.00333	0.00389	0.00477	0.00660
32	0.17857	0.00750	0.01028	0.19734	0.22196	0.02677	0.00794	0.02241	0.00879	0.16002	0.06987	0.01168	0.01863	0.00523	0.03600	0.00140	0.00423	0.00360	0.00270	0.00509
33	0.00795	0.00680	0.00795	0.00573	0.00909	0.00511	0.00457	0.00965	0.00802	0.01256	0.00727	0.03049	0.00627	0.00312	0.00293	0.00060	0.00285	0.00253	0.00233	0.86419
34	0.00564	0.00376	0.00423	0.00423	0.00423	0.00376	0.00235	0.00564	0.00564	0.00752	0.01222	0.02537	0.01409	0.86375	0.01973	0.00376	0.00376	0.00564	0.00235	0.00235
35	0.00483	0.00359	0.00457	0.00522	0.00566	0.00334	0.00358	0.00573	0.01565	0.01040	0.07594	0.67415	0.14223	0.01143	0.00493	0.00151	0.01014	0.01022	0.00363	0.00324
36	0.00930	0.00869	0.01381	0.02304	0.10292	0.04936	0.24205	0.01209	0.08727	0.07251	0.06145	0.08828	0.01022	0.00551	0.00616	0.00137	0.19364	0.00474	0.00259	0.00496
37	0.00804	0.00689	0.00804	0.00574	0.00919	0.00517	0.00459	0.00976	0.00804	0.01263	0.00689	0.00804	0.00574	0.00287	0.00287	0.00057	0.00287	0.00230	0.00230	0.88745
38	0.00549	0.00396	0.00518	0.00488	0.00579	0.00366	0.00366	0.00732	0.01097	0.01555	0.83752	0.02896	0.03658	0.00793	0.00457	0.00122	0.00183	0.00701	0.00427	0.00366
39	0.01047	0.84501	0.02008	0.00672	0.01000	0.03605	0.00665	0.01170	0.00795	0.00913	0.00540	0.00624	0.00498	0.00333	0.00251	0.00083	0.00422	0.00208	0.00167	0.00496
40	0.00744	0.00636	0.00711	0.00569	0.00831	0.00552	0.00447	0.01075	0.16535	0.01290	0.04445	0.01691	0.20512	0.00514	0.00354	0.00091	0.00266	0.00425	0.00299	0.48015
41	0.00582	0.00455	0.02690	0.00502	0.00620	0.00394	0.00394	0.00780	0.03104	0.03617	0.64853	0.02896	0.16056	0.00797	0.00452	0.00124	0.00202	0.00694	0.00410	0.00379
42	0.01246	0.00813	0.01301	0.02810	0.50610	0.00781	0.00945	0.01445	0.00969	0.32545	0.02025	0.01119	0.00780	0.00402	0.00387	0.00117	0.00409	0.00366	0.00303	0.00626
43	0.00492	0.00368	0.00527	0.00585	0.00623	0.00344	0.03823	0.00570	0.00748	0.00998	0.02070	0.81637	0.02468	0.02093	0.00509	0.00159	0.00245	0.01069	0.00352	0.00323
44	0.08489	0.03453	0.01111	0.00972	0.01183	0.73829	0.03194	0.01498	0.01051	0.01021	0.00599	0.00702	0.00496	0.00393	0.00342	0.00102	0.00660	0.00252	0.00202	0.00450
45	0.00480	0.00393	0.00424	0.00418	0.00538	0.00336	0.00313	0.00599	0.00934	0.01170	0.23321	0.04627	0.63222	0.00939	0.00458	0.00129	0.00193	0.00794	0.00376	0.00336
46	0.00804	0.00689	0.00804	0.00574	0.00919	0.00517	0.00459	0.00976	0.00804	0.01263	0.00689	0.00804	0.00574	0.00287	0.00287	0.00057	0.00287	0.00230	0.00230	0.88745
47	0.00712	0.03924	0.00923	0.00788	0.02645	0.05233	0.13636	0.00886	0.06906	0.00999	0.01328	0.25067	0.01434	0.27920	0.02073	0.00220	0.04029	0.00639	0.00267	0.00371
48	0.00554	0.00415	0.00623	0.00623	0.00692	0.00485	0.00485	0.00692	0.00623	0.00900	0.01038	0.01523	0.00969	0.02908	0.84839	0.00623	0.01038	0.00415	0.00208	0.00346
49	0.00555	0.00396	0.00536	0.00539	0.00579	0.00434	0.00379	0.00635	0.00604	0.00844	0.01155	0.05272	0.01209	0.36398	0.48193	0.00505	0.00740	0.00502	0.00225	0.00300
50	0.01275	0.08596	0.05970	0.01052	0.04391	0.56989	0.03855	0.02297	0.02095	0.01008	0.00620	0.00749	0.00518	0.00416	0.00436	0.00109	0.08684	0.00272	0.00196	0.00471
51	0.00594	0.00466	0.00656	0.00671	0.04257	0.00517	0.01556	0.00725	0.02433	0.00943	0.04216	0.02711	0.07962	0.19782	0.45692	0.00445	0.05302	0.00490	0.00236	0.00346
52	0.00478	0.00393	0.00420	0.00413	0.00536	0.00336	0.00310	0.00594	0.00930	0.01156	0.21054	0.03552	0.66605	0.00941	0.00458	0.00129	0.00193	0.00793	0.00374	0.00336
53	0.00943	0.02040	0.01386	0.01703	0.47735	0.00860	0.07105	0.04347	0.08351	0.01336	0.00806	0.00970	0.00655	0.00352	0.00367	0.00105	0.00421	0.00335	0.00226	0.19956
54	0.00835	0.00841	0.01252	0.56883	0.10652	0.07765	0.04634	0.01061	0.00798	0.01020	0.00670	0.00978	0.00528	0.00414	0.00486	0.00130	0.10080	0.00341	0.00177	0.00454
55	0.00804	0.00689	0.00804	0.00574	0.00919	0.00517	0.00459	0.00976	0.00804	0.01263	0.00689	0.00804	0.00574	0.00287	0.00287	0.00057	0.00287	0.00230	0.00230	0.88745
56	0.00623	0.00445	0.00622	0.00708	0.00798	0.00444	0.00618	0.00801	0.00897	0.01170	0.04028	0.04337	0.02266	0.01064	0.00534	0.00177	0.00353	0.79397	0.00359	0.00357
57	0.01078	0.78522	0.01949	0.00685	0.01015	0.01503	0.00670	0.08867	0.00886	0.01057	0.00576	0.00651	0.00513	0.00344	0.00262	0.00086	0.00416	0.00221	0.00187	0.00513
58	0.00471	0.00343	0.00444	0.00524	0.00558	0.00316	0.00353	0.00542	0.00757	0.00996	0.02330	0.77236	0.11326	0.01189	0.00491	0.00155	0.00222	0.01071	0.00360	0.00316
59	0.19321	0.01006	0.01085	0.00849	0.01140	0.02267	0.05128	0.58104	0.01497	0.02174	0.00871	0.01979	0.00653	0.00454	0.00365	0.00119	0.00413	0.01639	0.00344	0.00591
60	0.00911	0.00778	0.00831	0.00756	0.00956	0.00891	0.00584	0.01893	0.73484	0.01586	0.07328	0.05705	0.01424	0.00578	0.00404	0.00132	0.00294	0.00489	0.00395	0.00582
61	0.00489	0.00401	0.00435	0.00447	0.00569	0.00348	0.00349	0.00604	0.00897	0.01094	0.08233	0.03780	0.66835	0.00984	0.00470	0.00138	0.00220	0.13011	0.00363	0.00334
62	0.00789	0.05741	0.80731	0.01085	0.01648	0.00928	0.01398	0.01225	0.00817	0.01214	0.00689	0.00810	0.00491	0.00367	0.00363	0.00121	0.00566	0.00283	0.00164	0.00570
63	0.00858	0.00846	0.03454	0.43872	0.30975	0.00906	0.06779	0.04325	0.02050	0.01177	0.00732	0.01005	0.00570	0.00373	0.00391	0.00124	0.00501	0.00353	0.00192	0.00516
64	0.00960	0.00921	0.01574	0.02380	0.83957	0.00921	0.01190	0.01190	0.00883	0.01267	0.00729	0.00960	0.00614	0.00345	0.00384	0.00115	0.00461	0.00345	0.00192	0.00614
65	0.00486	0.00358	0.00440	0.00499	0.00557	0.00322	0.00344	0.00565	0.00792	0.02107	0.03810	0.60373	0.25671	0.01133	0.00482	0.00149	0.00218	0.01006	0.00362	0.00324
66	0.01190	0.01313	0.01233	0.04762	0.01332	0.39665	0.14674	0.06674	0.13094	0.03149	0.03672	0.01142	0.00815	0.00457	0.00404	0.00118	0.01789	0.03762	0.00259	0.00496
67	0.00950	0.00791	0.06620	0.00842	0.06695	0.08686	0.04066	0.04224	0.00999	0.16846	0.23466	0.17952	0.01851	0.00681	0.00456	0.00128	0.03342	0.00587	0.00347	0.00471
68	0.13482	0.11022	0.01190	0.01028	0.10023	0.43723	0.00740	0.12166	0.01076	0.01286	0.00642	0.00740	0.00522	0.00389	0.00332	0.00105	0.00550	0.00263	0.00226	0.00496
69	0.02326	0.00733	0.07344	0.00722	0.01001	0.00584	0.03738	0.03292	0.01072	0.55215	0.14450	0.05249	0.01395	0.00546	0.00404	0.00122	0.00335	0.00462	0.00426	0.00583
70	0.00554	0.00414	0.00618	0.00618	0.00686	0.00482	0.00478	0.00689	0.00622	0.00896	0.01043	0.01548	0.00980	0.04983	0.82779	0.00617	0.01022	0.00419	0.00208	0.00343
71	0.06070	0.04883	0.43767	0.01063	0.08139	0.00930	0.01086	0.15082	0.01024	0.13108	0.00840	0.00901	0.00592	0.00397	0.00364	0.00119	0.00483	0.00309	0.00253	0.00591
72	0.01075	0.19586	0.09520	0.00870	0.02241	0.11596	0.03991	0.11566	0.26321	0.03025	0.04937	0.01118	0.00907	0.00451	0.00360	0.00114	0.00431	0.01048	0.00289	0.00553
73	0.00778	0.00605	0.00736	0.00626	0.03745	0.00511	0.00466	0.02159	0.05287	0.05499	0.22769	0.04163	0.06153	0.00513	0.00363	0.00091	0.00264	0.00437	0.00315	0.44519
74	0.04298	0.07497	0.44998	0.04624	0.04727	0.02178	0.05617	0.11029	0.05203	0.02114	0.00797	0.02899	0.00610	0.00408	0.00377	0.00121	0.01398	0.00328	0.00217	0.00558
75	0.00894	0.09709	0.19545	0.03037	0.04077	0.00999	0.47330	0.03421	0.00901	0.01230	0.01701	0.01037	0.02748	0.00367	0.00420	0.00124	0.01335	0.00399	0.00197	0.00528
76	0.00531	0.00387	0.00463	0.00463	0.00530	0.00362	0.00323	0.00630	0.00844	0.01127	0.29795	0.09611	0.20430	0.26892	0.02114	0.00213	0.00268	0.04360	0.00342	0.00313
77	0.00833	0.00596	0.00695	0.00617	0.00772	0.02382	0.01452	0.08293	0.15155	0.09409	0.32129	0.02278	0.10213	0.06763	0.04682	0.00167	0.00317	0.02411	0.00383	0.00452
78	0.01177	0.35932	0.18743	0.00823	0.01192	0.02249	0.03853	0.09629	0.00979	0.19582	0.00860	0.01937	0.00644	0.00397	0.00331	0.00106	0.00440	0.00300	0.00261	0.00564
79	0.01036	0.86609	0.02032	0.00663	0.00995	0.01534	0.00663	0.01161	0.00788	0.00912	0.00539	0.00622	0.00498	0.00332	0.00249	0.00083	0.00415	0.00207	0.00166	0.00498
80	0.00568	0.00382	0.00443	0.00449	0.00460	0.00381	0.00272	0.00590	0.00610	0.00814	0.04209	0.02703	0.01558	0.76214	0.01799	0.00350	0.00367	0.07327	0.00252	0.00250
81	0.01442	0.10477	0.01415	0.02350	0.14395	0.57095	0.03768	0.01533	0.01116	0.01159	0.00779	0.00965	0.00669	0.00483	0.00416	0.00131	0.00674	0.00322	0.00248	0.00563
82	0.00482	0.00351	0.00475	0.03539	0.00637	0.00335	0.00385	0.00558	0.00749	0.00997	0.03044	0.81364	0.03284	0.01178	0.00490	0.00156	0.00234	0.01068	0.00354	0.00320
83	0.00602	0.00438	0.00593	0.00666	0.00760	0.00429	0.00575	0.00771	0.00900	0.01163	0.05720	0.04234	0.11998	0.01049	0.00523	0.00170	0.00331	0.68364	0.00360	0.00354
84	0.00543	0.00396	0.00511	0.00482	0.00576	0.00364	0.00362	0.00721	0.01085	0.01525	0.79112	0.02944	0.08317	0.00804	0.00457	0.00122	0.00184	0.00708	0.00423	0.00364
85	0.01186	0.33046	0.10613	0.01988	0.06014	0.09709	0.03630	0.19232	0.01083	0.07807	0.00747	0.00816	0.00579	0.00390	0.00344	0.00105	0.01625	0.00286	0.00245	0.00555
86	0.01448	0.01848	0.01099	0.00999	0.01199	0.84819	0.00749	0.01548	0.01099	0.00949	0.00599	0.00699	0.00499	0.00400	0.00350	0.00100	0.00699	0.00250	0.00200	0.00449
87	0.00867	0.00436	0.00463	0.00426	0.00551	0.00435	0.00329	0.06221	0.00906	0.09336	0.01268	0.01401	0.00969	0.00455	0.00290	0.00095	0.00210	0.00363	0.74570	0.00409
88	0.00735	0.00661	0.08578	0.03987	0.09526	0.00533	0.00583	0.02882	0.03125	0.09063	0.15795	0.07104	0.29319	0.04053	0.00486	0.00136	0.00299	0.00616	0.02083	0.00434
89	0.00863	0.00794	0.01265	0.18367	0.44994	0.00839	0.01990	0.01194	0.11456	0.02005	0.03478	0.05767	0.04371	0.00464	0.00398	0.00123	0.00421	0.00430	0.00240	0.00542
90	0.00564	0.00376	0.00423	0.00423	0.00423	0.00376	0.00235	0.00564	0.00564	0.00752	0.01222	0.02537	0.01409	0.86375	0.01973	0.00376	0.00376	0.00564	0.00235	0.00235
91	0.01448	0.01848	0.01099	0.00999	0.01199	0.84819	0.00749	0.01548	0.01099	0.00949	0.00599	0.00699	0.00499	0.00400	0.00350	0.00100	0.00699	0.00250	0.00200	0.00449
92	0.89114	0.00750	0.00570	0.00510	0.00750	0.00870	0.00420	0.01140	0.00660	0.01739	0.00540	0.00630	0.00420	0.00360	0.00240	0.00120	0.00300	0.00210	0.00240	0.00420
93	0.00974	0.02760	0.39309	0.01032	0.09454	0.00767	0.02114	0.02293	0.00899	0.15847	0.04513	0.01011	0.00744	0.00390	0.00362	0.00109	0.00447	0.00320	0.00249	0.16404
94	0.01144	0.25309	0.07176	0.01049	0.11195	0.05966	0.07923	0.08531	0.14117	0.12508	0.00931	0.00970	0.00705	0.00402	0.00352	0.00110	0.00441	0.00328	0.00272	0.00571
95	0.01544	0.00946	0.01074	0.00826	0.01131	0.00998	0.00681	0.55306	0.03710	0.28007	0.01135	0.01066	0.00767	0.00471	0.00389	0.00118	0.00393	0.00364	0.00417	0.00658
96	0.25692	0.00685	0.04015	0.00724	0.07639	0.00653	0.00534	0.04295	0.02656	0.11117	0.17674	0.03604	0.04260	0.07190	0.00485	0.00139	0.00310	0.02464	0.00317	0.05548
97	0.00474	0.00398	0.00415	0.00423	0.00550	0.00339	0.00326	0.00580	0.00884	0.01058	0.03750	0.03792	0.76087	0.00990	0.00465	0.00135	0.00212	0.08432	0.00360	0.00330
98	0.01561	0.00896	0.01040	0.00803	0.01105	0.00927	0.00661	0.45235	0.05297	0.36521	0.01210	0.01117	0.00809	0.00474	0.00389	0.00119	0.00381	0.00370	0.00427	0.00657
99	0.00949	0.03079	0.08668	0.08049	0.16956	0.00975	0.42015	0.09852	0.00983	0.01341	0.00845	0.01053	0.02597	0.00369	0.00419	0.00124	0.00560	0.00405	0.00214	0.00546
100	0.00610	0.00436	0.00608	0.00698	0.00780	0.00434	0.00600	0.00778	0.00878	0.01144	0.02061	0.12103	0.02263	0.01085	0.00532	0.00177	0.00344	0.73760	0.00357	0.00353
101	0.13566	0.00669	0.00844	0.00661	0.00945	0.00613	0.00544	0.03046	0.01059	0.68480	0.04581	0.01281	0.00986	0.00475	0.00372	0.00120	0.00322	0.00377	0.00444	0.00616
102	0.00853	0.02964	0.01186	0.49513	0.16391	0.08803	0.00978	0.02210	0.05295	0.01091	0.00906	0.02196	0.04127	0.00432	0.00386	0.00124	0.00490	0.01377	0.00206	0.00472
103	0.01437	0.01762	0.01098	0.00985	0.01194	0.76132	0.00745	0.07849	0.03316	0.01082	0.00651	0.00737	0.00530	0.00408	0.00354	0.00102	0.00668	0.00262	0.00219	0.00470
104	0.00467	0.00382	0.00413	0.00428	0.00535	0.00328	0.00312	0.00566	0.00872	0.01073	0.09369	0.19523	0.62361	0.01013	0.00465	0.00135	0.00201	0.00864	0.00365	0.00328
105	0.00869	0.00974	0.08715	0.08422	0.04924	0.00851	0.49697	0.01150	0.00872	0.04674	0.00948	0.05401	0.00811	0.05543	0.00534	0.00147	0.00563	0.04191	0.00221	0.00494
106	0.01535	0.00772	0.01083	0.00835	0.01123	0.03902	0.10326	0.01772	0.07213	0.61488	0.01366	0.01253	0.00896	0.00470	0.00434	0.00123	0.03978	0.00394	0.00416	0.00622
107	0.01350	0.00964	0.01207	0.00934	0.01216	0.01046	0.09290	0.46543	0.09207	0.15044	0.01041	0.01055	0.00742	0.00507	0.01592	0.00131	0.06772	0.00375	0.00364	0.00619
108	0.00564	0.00376	0.00426	0.00426	0.00427	0.00378	0.00239	0.00566	0.00565	0.00754	0.01219	0.02521	0.01402	0.85031	0.03308	0.00380	0.00387	0.00561	0.00234	0.00237
109	0.00861	0.01835	0.69666	0.01054	0.01567	0.04431	0.01292	0.01346	0.08637	0.04531	0.00808	0.00893	0.00575	0.00389	0.00371	0.00123	0.00544	0.00303	0.00200	0.00575
110	0.00933	0.00894	0.01525	0.12167	0.74379	0.00914	0.01176	0.01166	0.00870	0.01234	0.00724	0.00968	0.00603	0.00350	0.00384	0.00117	0.00467	0.00345	0.00190	0.00592
111	0.00841	0.00846	0.01253	0.01052	0.01086	0.01140	0.07570	0.00946	0.00624	0.00959	0.00578	0.02964	0.00572	0.00692	0.02280	0.00172	0.75451	0.00369	0.00177	0.00429
112	0.00613	0.00440	0.00609	0.00692	0.00777	0.00438	0.00593	0.00792	0.01759	0.01167	0.05281	0.10862	0.02303	0.01066	0.00528	0.00174	0.00339	0.70850	0.00360	0.00357
113	0.00632	0.00520	0.00688	0.04108	0.07603	0.02555	0.00523	0.04146	0.00805	0.01085	0.05768	0.54057	0.02000	0.04851	0.00612	0.00159	0.08359	0.00841	0.00316	0.00371
114	0.06754	0.01636	0.01191	0.01089	0.05381	0.65620	0.07499	0.02472	0.01043	0.01056	0.00619	0.00743	0.00510	0.00395	0.00375	0.00106	0.02572	0.00272	0.00203	0.00464
115	0.00644	0.00439	0.00595	0.00652	0.00742	0.00429	0.00548	0.00801	0.00888	0.04366	0.08886	0.07198	0.05731	0.07300	0.00624	0.00183	0.00331	0.58928	0.00359	0.00358
116	0.00815	0.00689	0.00805	0.00576	0.00920	0.00517	0.00461	0.00987	0.00808	0.02264	0.00699	0.00810	0.00579	0.00289	0.00288	0.00058	0.00288	0.00232	0.00233	0.87682
117	0.01080	0.00716	0.00853	0.00639	0.00954	0.00607	0.00515	0.10562	0.02498	0.20068	0.00983	0.04543	0.00766	0.00394	0.00333	0.00084	0.00310	0.00320	0.00313	0.53462
118	0.00900	0.00771	0.01282	0.25895	0.44008	0.00818	0.01018	0.01123	0.00857	0.07281	0.04468	0.01139	0.00775	0.00596	0.07285	0.00161	0.00502	0.00370	0.00219	0.00532
119	0.00913	0.48021	0.27802	0.00797	0.01174	0.03371	0.00880	0.01144	0.00831	0.01071	0.07892	0.00925	0.01790	0.00398	0.00323	0.00101	0.01583	0.00286	0.00191	0.00505
120	0.01000	0.00728	0.07017	0.01894	0.00984	0.02666	0.06576	0.02443	0.01688	0.22486	0.08625	0.30963	0.03711	0.04598	0.00540	0.00160	0.00362	0.01522	0.00382	0.01655
121	0.00809	0.00715	0.03294	0.00703	0.04591	0.01668	0.03964	0.00988	0.00847	0.04118	0.09348	0.01209	0.02906	0.04707	0.00412	0.00092	0.00317	0.00331	0.00256	0.58724
122	0.05744	0.06645	0.02167	0.00959	0.13994	0.05164	0.03880	0.03238	0.09233	0.07487	0.12137	0.02315	0.01113	0.00442	0.00357	0.00102	0.00358	0.01114	0.00285	0.23266
123	0.08050	0.04768	0.04081	0.07915	0.03991	0.14876	0.11622	0.04531	0.03138	0.04566	0.08069	0.02460	0.01988	0.00422	0.00361	0.00106	0.00443	0.00356	0.00252	0.18004
124	0.12601	0.01702	0.05229	0.00907	0.11750	0.03882	0.04295	0.01214	0.12666	0.05781	0.13767	0.01451	0.06017	0.00485	0.00366	0.00111	0.00344	0.01152	0.00295	0.15987
125	0.01023	0.00939	0.02278	0.11405	0.14249	0.09471	0.13825	0.08088	0.10284	0.07492	0.06348	0.03040	0.00917	0.00440	0.00401	0.00117	0.01197	0.00397	0.00273	0.07816
126	0.06497	0.00807	0.01158	0.01296	0.28695	0.01954	0.06078	0.07201	0.07232	0.17884	0.07264	0.02167	0.03955	0.00457	0.00385	0.00117	0.00384	0.00404	0.00309	0.05757

[dist]
# distance from previous block
# <min> <max>
9	80

[block]
# block no. 1 follows, 70 sequences, length 18
# corresponding to MSA columns:
# 611-628
name=unknown_B
#
# <colnr> <probs for GDERKNQSTAVLIFYWHMCP>
#	G	D	E	R	K	N	Q	S	T	A	V	L	I	F	Y	W	H	M	C	P
0	0.00999	0.03099	0.00859	0.04542	0.00968	0.02407	0.00565	0.23831	0.12938	0.08295	0.25135	0.03942	0.06089	0.01894	0.00432	0.00124	0.00319	0.00505	0.00379	0.02678
1	0.01134	0.07717	0.02250	0.02899	0.00991	0.06261	0.01856	0.03557	0.05684	0.27686	0.02614	0.02543	0.13625	0.02268	0.00592	0.00133	0.16917	0.00438	0.00326	0.00508
2	0.11889	0.12598	0.01113	0.00792	0.01059	0.22718	0.00647	0.17325	0.07677	0.19172	0.00925	0.00917	0.00673	0.00426	0.00343	0.00110	0.00450	0.00304	0.00312	0.00551
3	0.47057	0.00920	0.04667	0.00758	0.03011	0.03282	0.02812	0.17751	0.00953	0.07398	0.00704	0.00786	0.00528	0.00416	0.00384	0.00123	0.07400	0.00276	0.00274	0.00501
4	0.00732	0.00689	0.01163	0.85444	0.02670	0.00861	0.01077	0.00991	0.00775	0.00991	0.00689	0.01034	0.00517	0.00388	0.00388	0.00129	0.00517	0.00345	0.00172	0.00431
5	0.00868	0.00736	0.00881	0.00713	0.06168	0.00597	0.00528	0.07553	0.00891	0.01358	0.00711	0.00824	0.00584	0.00305	0.00301	0.00066	0.00309	0.00247	0.00240	0.76121
6	0.00917	0.00877	0.01496	0.18066	0.68607	0.00910	0.01168	0.01152	0.00862	0.01214	0.00722	0.00973	0.00596	0.00353	0.00385	0.00118	0.00471	0.00345	0.00188	0.00579
7	0.00732	0.00689	0.01163	0.85444	0.02670	0.00861	0.01077	0.00991	0.00775	0.00991	0.00689	0.01034	0.00517	0.00388	0.00388	0.00129	0.00517	0.00345	0.00172	0.00431
8	0.00895	0.01508	0.44659	0.01193	0.06494	0.03250	0.14828	0.01418	0.16873	0.03732	0.00906	0.00998	0.00663	0.00395	0.00389	0.00125	0.00524	0.00350	0.00226	0.00574
9	0.00471	0.00393	0.00410	0.00406	0.00531	0.00333	0.00305	0.00581	0.00914	0.01119	0.15184	0.03613	0.72498	0.00955	0.00458	0.00130	0.00194	0.00802	0.00369	0.00333
10	0.00830	0.00821	0.01147	0.00986	0.00992	0.01138	0.00819	0.00921	0.00624	0.00970	0.05488	0.00971	0.00697	0.00685	0.01224	0.00167	0.80553	0.00361	0.00185	0.00421
11	0.00804	0.00689	0.00804	0.00574	0.00919	0.00517	0.00459	0.00976	0.00804	0.01263	0.00689	0.00804	0.00574	0.00287	0.00287	0.00057	0.00287	0.00230	0.00230	0.88745
12	0.00804	0.00689	0.00804	0.00574	0.00919	0.00517	0.00459	0.00976	0.00804	0.01263	0.00689	0.00804	0.00574	0.00287	0.00287	0.00057	0.00287	0.00230	0.00230	0.88745
13	0.00936	0.00908	0.01582	0.09773	0.71520	0.00920	0.06300	0.01175	0.00875	0.01240	0.00729	0.00972	0.00604	0.00348	0.00389	0.00117	0.00478	0.00352	0.00190	0.00592
14	0.01225	0.00907	0.01005	0.00765	0.01079	0.00915	0.00624	0.44262	0.07403	0.06875	0.00932	0.00949	0.00687	0.00410	0.00354	0.00098	0.00365	0.00318	0.00340	0.30486
15	0.00939	0.00900	0.01536	0.10046	0.76454	0.00916	0.01179	0.01171	0.00873	0.01241	0.00726	0.00966	0.00605	0.00349	0.00384	0.00116	0.00466	0.00345	0.00190	0.00597
16	0.00983	0.69213	0.18961	0.00754	0.01135	0.01404	0.00821	0.01175	0.00794	0.00977	0.00571	0.00662	0.00496	0.00339	0.00273	0.00091	0.00447	0.00224	0.00165	0.00513
17	0.00487	0.00378	0.00448	0.00496	0.00578	0.00339	0.00367	0.00585	0.00829	0.01041	0.02959	0.36226	0.40371	0.01086	0.00483	0.00148	0.00230	0.12262	0.00360	0.00327

[dist]
# distance from previous block
# <min> <max>
3	16

[block]
# block no. 2 follows, 70 sequences, length 124
# corresponding to MSA columns:
# 645-768
name=unknown_C
#
# <colnr> <probs for GDERKNQSTAVLIFYWHMCP>
#	G	D	E	R	K	N	Q	S	T	A	V	L	I	F	Y	W	H	M	C	P
0	0.00860	0.00818	0.01382	0.37355	0.47653	0.00886	0.01124	0.01101	0.00835	0.01150	0.00711	0.00987	0.00572	0.00362	0.00383	0.00120	0.00480	0.00342	0.00185	0.02696
1	0.00804	0.00689	0.00804	0.00574	0.00919	0.00517	0.00459	0.00976	0.00804	0.01263	0.00689	0.00804	0.00574	0.00287	0.00287	0.00057	0.00287	0.00230	0.00230	0.88745
2	0.00827	0.00788	0.01345	0.50488	0.35780	0.00887	0.02205	0.01075	0.00821	0.01106	0.00707	0.01004	0.00557	0.00370	0.00387	0.00123	0.00496	0.00346	0.00181	0.00507
3	0.01165	0.11561	0.01430	0.06824	0.34421	0.06703	0.00932	0.29403	0.01204	0.01592	0.00764	0.00895	0.00602	0.00392	0.00367	0.00111	0.00463	0.00323	0.00256	0.00593
4	0.00960	0.00921	0.01574	0.02380	0.83957	0.00921	0.01190	0.01190	0.00883	0.01267	0.00729	0.00960	0.00614	0.00345	0.00384	0.00115	0.00461	0.00345	0.00192	0.00614
5	0.01018	0.01028	0.01492	0.05688	0.69107	0.11239	0.01124	0.02454	0.00919	0.01234	0.00715	0.00930	0.00597	0.00356	0.00380	0.00114	0.00492	0.00334	0.00195	0.00587
6	0.00573	0.00450	0.00599	0.00596	0.00636	0.00506	0.00438	0.00657	0.00681	0.00939	0.04839	0.21842	0.08535	0.19531	0.22758	0.00323	0.13050	0.02448	0.00269	0.00326
7	0.01042	0.02528	0.01377	0.01058	0.03323	0.00709	0.32966	0.01276	0.02800	0.24323	0.10051	0.11857	0.03751	0.00552	0.00436	0.00129	0.00430	0.00546	0.00328	0.00517
8	0.02835	0.00809	0.01278	0.02258	0.02248	0.02849	0.24690	0.01487	0.08825	0.31386	0.02416	0.02526	0.02387	0.00452	0.00403	0.00120	0.00426	0.02594	0.00335	0.09675
9	0.00975	0.13680	0.56238	0.00956	0.01435	0.00920	0.01148	0.01321	0.00871	0.15557	0.02853	0.00928	0.00651	0.00393	0.00357	0.00117	0.00499	0.00303	0.00225	0.00572
10	0.00515	0.00367	0.00496	0.00585	0.00625	0.00351	0.00429	0.00611	0.00780	0.01032	0.02100	0.62974	0.02458	0.02461	0.00528	0.00166	0.00263	0.22579	0.00357	0.00325
11	0.00912	0.00855	0.01306	0.42000	0.34814	0.06054	0.01071	0.01163	0.02602	0.04445	0.00752	0.01004	0.00586	0.00378	0.00384	0.00121	0.00494	0.00343	0.00199	0.00518
12	0.00563	0.00379	0.00438	0.00438	0.00444	0.00384	0.00254	0.00574	0.00568	0.00763	0.01207	0.02459	0.01376	0.79959	0.08343	0.00395	0.00427	0.00552	0.00233	0.00243
13	0.00942	0.00444	0.00492	0.00442	0.00580	0.00431	0.00344	0.03995	0.00905	0.17146	0.01303	0.01403	0.00975	0.00457	0.00298	0.00097	0.00218	0.00366	0.68734	0.00428
14	0.06429	0.01178	0.01672	0.01411	0.11720	0.19658	0.38832	0.08891	0.01028	0.03177	0.01834	0.00952	0.00616	0.00370	0.00403	0.00120	0.00584	0.00374	0.00226	0.00525
15	0.04366	0.01057	0.01913	0.01403	0.01752	0.06176	0.59812	0.07583	0.07539	0.01372	0.02557	0.01070	0.00693	0.00369	0.00432	0.00127	0.00588	0.00430	0.00233	0.00529
16	0.00591	0.00456	0.00547	0.00524	0.00634	0.00446	0.00392	0.00888	0.13425	0.01437	0.51984	0.10639	0.14915	0.00820	0.00451	0.00128	0.00208	0.00716	0.00406	0.00393
17	0.00527	0.00381	0.00481	0.00502	0.00580	0.00347	0.00366	0.00651	0.00918	0.02615	0.33326	0.33119	0.18825	0.00990	0.00474	0.00139	0.00212	0.04816	0.00387	0.00344
18	0.00935	0.00896	0.01529	0.11487	0.75044	0.00915	0.01177	0.01168	0.00871	0.01236	0.00725	0.00968	0.00603	0.00350	0.00384	0.00117	0.00467	0.00345	0.00190	0.00594
19	0.00829	0.18728	0.68092	0.01018	0.01543	0.01026	0.01280	0.01215	0.00812	0.01165	0.00665	0.00780	0.00492	0.00361	0.00345	0.00115	0.00542	0.00271	0.00164	0.00558
20	0.00480	0.00342	0.00453	0.00539	0.00563	0.00320	0.00361	0.00547	0.00739	0.00984	0.02099	0.80883	0.02511	0.04535	0.00554	0.00166	0.00234	0.03022	0.00355	0.00313
21	0.00784	0.00621	0.00779	0.00748	0.00898	0.00666	0.03723	0.04466	0.28740	0.03000	0.03662	0.12995	0.04958	0.00823	0.00481	0.00151	0.02014	0.29664	0.00365	0.00463
22	0.01488	0.01107	0.01144	0.00887	0.01190	0.06240	0.00728	0.73013	0.01737	0.07140	0.00946	0.00939	0.00667	0.00462	0.00386	0.00116	0.00437	0.00345	0.00382	0.00647
23	0.00951	0.00912	0.01558	0.05628	0.80778	0.00919	0.01185	0.01182	0.00879	0.01256	0.00728	0.00962	0.00610	0.00347	0.00384	0.00116	0.00463	0.00345	0.00191	0.00607
24	0.00960	0.00921	0.01574	0.02380	0.83957	0.00921	0.01190	0.01190	0.00883	0.01267	0.00729	0.00960	0.00614	0.00345	0.00384	0.00115	0.00461	0.00345	0.00192	0.00614
25	0.00682	0.00604	0.00862	0.00790	0.00825	0.00787	0.00635	0.00790	0.00613	0.00914	0.00851	0.04575	0.00839	0.04007	0.42244	0.00397	0.38599	0.00412	0.00197	0.00377
26	0.01050	0.04068	0.20400	0.00937	0.01265	0.02031	0.13370	0.15818	0.01031	0.15209	0.01096	0.01245	0.04444	0.04412	0.11668	0.00198	0.00551	0.00391	0.00280	0.00535
27	0.04429	0.06508	0.02661	0.00885	0.01169	0.23260	0.00727	0.47206	0.01468	0.06758	0.00837	0.00861	0.00614	0.00435	0.00364	0.00110	0.00490	0.00311	0.00321	0.00584
28	0.00530	0.00391	0.00466	0.00466	0.00522	0.00390	0.00317	0.00595	0.00672	0.00876	0.01963	0.02623	0.25319	0.39899	0.22953	0.00368	0.00495	0.00600	0.00264	0.00291
29	0.01444	0.01617	0.01096	0.00957	0.01181	0.62255	0.00734	0.19611	0.01260	0.03535	0.02342	0.00811	0.00610	0.00424	0.00361	0.00105	0.00618	0.00285	0.00254	0.00500
30	0.00563	0.00395	0.00532	0.00532	0.00569	0.00432	0.00371	0.00630	0.00593	0.00827	0.01103	0.01946	0.01147	0.38813	0.45880	0.03955	0.00726	0.00476	0.00218	0.00291
31	0.00835	0.00688	0.00807	0.00578	0.00921	0.00519	0.00463	0.01006	0.00814	0.04019	0.00717	0.00821	0.00587	0.00294	0.00291	0.00059	0.00289	0.00235	0.00238	0.85820
32	0.00564	0.00376	0.00423	0.00423	0.00423	0.00376	0.00235	0.00564	0.00564	0.00752	0.01222	0.02537	0.01409	0.86375	0.01973	0.00376	0.00376	0.00564	0.00235	0.00235
33	0.00505	0.00362	0.00475	0.00551	0.00585	0.00344	0.00375	0.02887	0.00785	0.01048	0.04214	0.80227	0.02533	0.01180	0.00491	0.00156	0.00232	0.02361	0.00362	0.00327
34	0.00948	0.04992	0.51395	0.01059	0.01525	0.00858	0.12240	0.02201	0.00896	0.13996	0.04031	0.02535	0.00737	0.00411	0.00385	0.00122	0.00517	0.00354	0.00233	0.00565
35	0.00804	0.00689	0.00804	0.00574	0.00919	0.00517	0.00459	0.00976	0.00804	0.01263	0.00689	0.00804	0.00574	0.00287	0.00287	0.00057	0.00287	0.00230	0.00230	0.88745
36	0.00549	0.00396	0.00518	0.00488	0.00579	0.00366	0.00366	0.00732	0.01097	0.01555	0.83752	0.02896	0.03658	0.00793	0.00457	0.00122	0.00183	0.00701	0.00427	0.00366
37	0.01048	0.84261	0.02006	0.00673	0.01001	0.03841	0.00666	0.01172	0.00796	0.00913	0.00541	0.00624	0.00498	0.00334	0.00252	0.00083	0.00422	0.00208	0.00167	0.00496
38	0.00861	0.00685	0.00806	0.00605	0.00918	0.00562	0.00483	0.01121	0.08935	0.06321	0.00849	0.00943	0.00682	0.00483	0.05485	0.00103	0.00338	0.00271	0.00260	0.69289
39	0.00576	0.00403	0.00521	0.00487	0.00587	0.00369	0.00367	0.00753	0.01085	0.03813	0.76574	0.02904	0.08504	0.00796	0.00455	0.00122	0.00188	0.00700	0.00424	0.00372
40	0.09132	0.00723	0.02924	0.00693	0.00990	0.00642	0.00584	0.07427	0.01114	0.67132	0.03660	0.01265	0.00956	0.00474	0.00378	0.00120	0.00336	0.00378	0.00444	0.00629
41	0.00511	0.00385	0.00563	0.00614	0.00663	0.00363	0.04613	0.00603	0.00767	0.01020	0.02058	0.73237	0.02428	0.01154	0.00497	0.00158	0.00261	0.09424	0.00351	0.00330
42	0.06180	0.13102	0.01194	0.00927	0.01147	0.69117	0.00720	0.01474	0.01033	0.00987	0.00588	0.00685	0.00495	0.00388	0.00330	0.00099	0.00639	0.00242	0.00197	0.00454
43	0.00586	0.00370	0.00390	0.00403	0.00497	0.00342	0.00295	0.00721	0.00835	0.01238	0.04565	0.14933	0.30871	0.00764	0.00376	0.00116	0.00193	0.00644	0.41518	0.00342
44	0.00804	0.00689	0.00804	0.00574	0.00919	0.00517	0.00459	0.00976	0.00804	0.01263	0.00689	0.00804	0.00574	0.00287	0.00287	0.00057	0.00287	0.00230	0.00230	0.88745
45	0.01145	0.03530	0.01033	0.00880	0.01083	0.25362	0.00690	0.09688	0.40685	0.01417	0.01092	0.01095	0.00846	0.00494	0.00466	0.00123	0.09157	0.00358	0.00308	0.00548
46	0.00554	0.00415	0.00623	0.00623	0.00692	0.00485	0.00485	0.00692	0.00623	0.00900	0.01038	0.01523	0.00969	0.02908	0.84839	0.00623	0.01038	0.00415	0.00208	0.00346
47	0.01687	0.00510	0.00569	0.01349	0.00590	0.03035	0.00360	0.02983	0.04482	0.01700	0.01193	0.07299	0.01313	0.60934	0.02718	0.00313	0.07868	0.00546	0.00249	0.00302
48	0.03116	0.62575	0.15932	0.00887	0.08459	0.01356	0.00835	0.01174	0.00798	0.01017	0.00582	0.00685	0.00505	0.00340	0.00281	0.00093	0.00443	0.00233	0.00170	0.00519
49	0.00518	0.00400	0.00501	0.00497	0.00585	0.00398	0.00370	0.00632	0.00775	0.01022	0.12684	0.02638	0.32405	0.11193	0.33248	0.00347	0.00540	0.00619	0.00296	0.00329
50	0.00529	0.00396	0.00491	0.00467	0.00567	0.00357	0.00350	0.00694	0.01051	0.01445	0.66428	0.03077	0.21051	0.00834	0.00457	0.00124	0.00186	0.00727	0.00412	0.00357
51	0.00964	0.00938	0.02703	0.02343	0.81762	0.00924	0.01187	0.02241	0.00894	0.01281	0.00731	0.00957	0.00613	0.00347	0.00384	0.00115	0.00462	0.00345	0.00194	0.00614
52	0.00901	0.05017	0.44170	0.01079	0.03136	0.10131	0.08060	0.01348	0.12592	0.01234	0.03102	0.00968	0.00690	0.00419	0.00428	0.00123	0.05512	0.00331	0.00212	0.00544
53	0.00804	0.00689	0.00804	0.00574	0.00919	0.00517	0.00459	0.00976	0.00804	0.01263	0.00689	0.00804	0.00574	0.00287	0.00287	0.00057	0.00287	0.00230	0.00230	0.88745
54	0.00621	0.00445	0.00620	0.00708	0.00798	0.00444	0.00618	0.00798	0.00892	0.01158	0.02090	0.04360	0.03852	0.01069	0.00534	0.00178	0.00354	0.79747	0.00357	0.00356
55	0.01036	0.86609	0.02032	0.00663	0.00995	0.01534	0.00663	0.01161	0.00788	0.00912	0.00539	0.00622	0.00498	0.00332	0.00249	0.00083	0.00415	0.00207	0.00166	0.00498
56	0.00477	0.00339	0.00448	0.00534	0.00555	0.00318	0.00353	0.00541	0.00733	0.00977	0.02090	0.81835	0.02505	0.05583	0.00571	0.00169	0.00233	0.01074	0.00353	0.00311
57	0.63009	0.00850	0.00747	0.00624	0.00885	0.00969	0.00514	0.25423	0.01006	0.01949	0.00656	0.00719	0.00491	0.00391	0.00284	0.00119	0.00338	0.00251	0.00284	0.00491
58	0.01000	0.00851	0.00897	0.00796	0.01022	0.00981	0.00622	0.07723	0.77535	0.01679	0.01532	0.01410	0.01147	0.00522	0.00394	0.00130	0.00315	0.00432	0.00394	0.00617
59	0.00655	0.00503	0.00551	0.00532	0.00661	0.00432	0.00389	0.00746	0.01051	0.02440	0.32267	0.03534	0.52682	0.00988	0.00515	0.00153	0.00245	0.00807	0.00430	0.00421
60	0.04269	0.01024	0.01796	0.01315	0.01659	0.01868	0.49894	0.23043	0.02102	0.04871	0.00861	0.01979	0.00643	0.00392	0.00445	0.00127	0.02474	0.00419	0.00264	0.00557
61	0.02551	0.01023	0.02786	0.08704	0.31780	0.10307	0.04406	0.11850	0.15203	0.03885	0.00900	0.01020	0.00698	0.00414	0.00407	0.00120	0.02758	0.00354	0.00260	0.00574
62	0.00977	0.00954	0.01557	0.02330	0.81007	0.03912	0.01174	0.01203	0.00890	0.01255	0.00725	0.00950	0.00610	0.00347	0.00383	0.00115	0.00469	0.00342	0.00192	0.00608
63	0.00478	0.00344	0.00454	0.00537	0.00565	0.00323	0.00362	0.00549	0.00744	0.00988	0.02158	0.77995	0.05495	0.03138	0.02275	0.00171	0.00246	0.02510	0.00354	0.00315
64	0.03431	0.03045	0.01072	0.00874	0.01122	0.27806	0.05780	0.13627	0.09822	0.20460	0.01147	0.03008	0.02859	0.00493	0.00384	0.00117	0.00477	0.03608	0.00326	0.00542
65	0.01417	0.03720	0.03352	0.00983	0.01199	0.77231	0.00759	0.01548	0.02754	0.02695	0.00640	0.00729	0.00523	0.00401	0.00350	0.00101	0.00674	0.00256	0.00208	0.00462
66	0.11883	0.00981	0.00757	0.00704	0.00818	0.32358	0.00515	0.03421	0.00788	0.00961	0.00637	0.00922	0.00576	0.00841	0.00884	0.41678	0.00472	0.00289	0.00196	0.00320
67	0.00828	0.03249	0.53362	0.01250	0.05541	0.00901	0.21375	0.01210	0.00850	0.02712	0.00842	0.02584	0.02722	0.00390	0.00394	0.00124	0.00564	0.00361	0.00188	0.00551
68	0.00554	0.00415	0.00623	0.00623	0.00692	0.00485	0.00485	0.00692	0.00623	0.00900	0.01038	0.01523	0.00969	0.02908	0.84839	0.00623	0.01038	0.00415	0.00208	0.00346
69	0.01720	0.05228	0.49647	0.01191	0.08896	0.02056	0.10258	0.03002	0.03221	0.06691	0.01664	0.00938	0.00613	0.00447	0.02650	0.00134	0.00546	0.00326	0.00207	0.00565
70	0.01323	0.04506	0.01087	0.00914	0.01143	0.46143	0.00709	0.15681	0.21172	0.02216	0.00902	0.00924	0.00698	0.00440	0.00364	0.00110	0.00543	0.00313	0.00281	0.00529
71	0.17458	0.00591	0.00705	0.00613	0.00815	0.00573	0.00491	0.02803	0.00910	0.35517	0.03637	0.07798	0.02475	0.08388	0.03567	0.00169	0.00344	0.10125	0.00369	0.02650
72	0.03431	0.53727	0.26517	0.00803	0.01200	0.02945	0.00887	0.02774	0.00827	0.02918	0.00617	0.00704	0.00507	0.00351	0.00292	0.00098	0.00463	0.00239	0.00179	0.00524
73	0.00897	0.20198	0.43255	0.01121	0.01585	0.01049	0.20786	0.01245	0.01799	0.03529	0.00717	0.00852	0.00537	0.00355	0.00365	0.00116	0.00548	0.00315	0.00184	0.00547
74	0.00590	0.00387	0.00452	0.00442	0.00466	0.00379	0.00268	0.00628	0.00677	0.02962	0.16599	0.02574	0.01817	0.68317	0.01652	0.00322	0.00339	0.00585	0.00277	0.00270
75	0.01974	0.01794	0.70855	0.01087	0.02768	0.00873	0.04016	0.01226	0.03169	0.02198	0.02508	0.00921	0.00607	0.00483	0.03756	0.00143	0.00570	0.00311	0.00184	0.00558
76	0.01075	0.07278	0.02940	0.23048	0.17197	0.03166	0.00896	0.14734	0.02645	0.11708	0.01590	0.01016	0.00664	0.00493	0.02521	0.00134	0.07752	0.00344	0.00258	0.00541
77	0.01020	0.81102	0.07391	0.00692	0.01039	0.01493	0.00713	0.01165	0.00790	0.00933	0.00549	0.00635	0.00497	0.00334	0.00257	0.00086	0.00425	0.00212	0.00166	0.00502
78	0.00522	0.00395	0.00481	0.00459	0.00563	0.00354	0.00344	0.00679	0.01033	0.01403	0.59829	0.03146	0.27676	0.00849	0.00458	0.00125	0.00187	0.00736	0.00407	0.00354
79	0.00781	0.04448	0.03951	0.65844	0.06659	0.02939	0.01032	0.01065	0.04051	0.01040	0.00772	0.01147	0.00615	0.00415	0.00386	0.00128	0.00501	0.03583	0.00190	0.00453
80	0.00472	0.00337	0.00450	0.00540	0.00562	0.00315	0.00360	0.00540	0.00742	0.00990	0.02137	0.86122	0.02564	0.01215	0.00495	0.00157	0.00225	0.01102	0.00360	0.00315
81	0.00548	0.00403	0.00517	0.00507	0.00603	0.00372	0.00392	0.00720	0.01043	0.01439	0.62895	0.03199	0.13279	0.00854	0.00468	0.00131	0.00208	0.11654	0.00409	0.00360
82	0.00564	0.00376	0.00423	0.00423	0.00423	0.00376	0.00235	0.00564	0.00564	0.00752	0.01222	0.02537	0.01409	0.86375	0.01973	0.00376	0.00376	0.00564	0.00235	0.00235
83	0.01007	0.02754	0.03908	0.08120	0.34441	0.11771	0.09997	0.05915	0.07355	0.01250	0.00787	0.01004	0.00645	0.02847	0.00493	0.00128	0.06464	0.00354	0.00217	0.00543
84	0.01448	0.01848	0.01099	0.00999	0.01199	0.84819	0.00749	0.01548	0.01099	0.00949	0.00599	0.00699	0.00499	0.00400	0.00350	0.00100	0.00699	0.00250	0.00200	0.00449
85	0.00723	0.00361	0.00361	0.00361	0.00452	0.00361	0.00271	0.00903	0.00813	0.01445	0.01265	0.01445	0.00994	0.00452	0.00271	0.00090	0.00181	0.00361	0.88528	0.00361
86	0.00555	0.00413	0.00609	0.00609	0.00673	0.00477	0.00467	0.00683	0.00619	0.00889	0.01052	0.01596	0.01001	0.08946	0.78844	0.00605	0.00990	0.00426	0.00210	0.00338
87	0.01212	0.00669	0.00913	0.02456	0.14120	0.00642	0.00636	0.05443	0.09024	0.37992	0.02531	0.13758	0.07650	0.00610	0.00411	0.00127	0.00329	0.00525	0.00388	0.00565
88	0.00564	0.00377	0.00428	0.00428	0.00430	0.00379	0.00242	0.00567	0.00565	0.00756	0.01216	0.02509	0.01397	0.84064	0.04268	0.00383	0.00394	0.00560	0.00234	0.00238
89	0.01448	0.01848	0.01099	0.00999	0.01199	0.84819	0.00749	0.01548	0.01099	0.00949	0.00599	0.00699	0.00499	0.00400	0.00350	0.00100	0.00699	0.00250	0.00200	0.00449
90	0.00804	0.00689	0.00804	0.00574	0.00919	0.00517	0.00459	0.00976	0.00804	0.01263	0.00689	0.00804	0.00574	0.00287	0.00287	0.00057	0.00287	0.00230	0.00230	0.88745
91	0.00877	0.25452	0.52527	0.00991	0.03429	0.01052	0.02856	0.01211	0.00831	0.03515	0.03437	0.00855	0.00616	0.00374	0.00341	0.00112	0.00508	0.00286	0.00183	0.00547
92	0.87332	0.00757	0.00582	0.00518	0.00759	0.00876	0.00426	0.02797	0.00683	0.01754	0.00548	0.00636	0.00425	0.00362	0.00243	0.00120	0.00302	0.00213	0.00243	0.00425
93	0.01064	0.00925	0.00930	0.00815	0.01046	0.05639	0.00639	0.13587	0.67036	0.01702	0.01431	0.01331	0.01070	0.00510	0.00391	0.00128	0.00346	0.00415	0.00383	0.00611
94	0.00831	0.25375	0.02218	0.00561	0.00817	0.00758	0.00488	0.01919	0.00866	0.07995	0.03762	0.04823	0.26547	0.00580	0.00352	0.00100	0.00300	0.00464	0.00283	0.20960
