[name]
unknown

[dist]
# distance from previous block
# <min> <max>
0	423

[block]
# block no. 0 follows, 69 sequences, length 20
# corresponding to MSA columns:
# 593-612
name=unknown_A
#
# <colnr> <probs for GDERKNQSTAVLIFYWHMCP>
#	G	D	E	R	K	N	Q	S	T	A	V	L	I	F	Y	W	H	M	C	P
0	0.00809	0.02490	0.01150	0.21573	0.31807	0.00793	0.00894	0.04770	0.01861	0.01197	0.03623	0.13097	0.06481	0.01876	0.00473	0.00134	0.03799	0.02437	0.00246	0.00488
1	0.00602	0.02323	0.04006	0.02017	0.15238	0.00497	0.00547	0.00749	0.00892	0.01178	0.17186	0.19782	0.30570	0.02062	0.00470	0.00136	0.00276	0.00737	0.00330	0.00400
2	0.01022	0.02529	0.02999	0.05949	0.31323	0.09341	0.03620	0.08561	0.02285	0.03888	0.00903	0.01071	0.04360	0.00449	0.00503	0.00120	0.12121	0.00356	0.02293	0.06308
3	0.00520	0.00389	0.00466	0.00491	0.00558	0.00363	0.00340	0.00645	0.03638	0.01117	0.18783	0.34708	0.22282	0.13042	0.00691	0.00176	0.00236	0.00864	0.00361	0.00331
4	0.00936	0.02772	0.01071	0.04364	0.25635	0.15629	0.00769	0.04657	0.09772	0.01251	0.07742	0.06860	0.10284	0.01682	0.02483	0.00138	0.02712	0.00474	0.00273	0.00496
5	0.04240	0.00428	0.00547	0.02805	0.02576	0.00428	0.00398	0.00700	0.00847	0.01199	0.32047	0.12120	0.09809	0.16580	0.13318	0.00250	0.00376	0.00660	0.00329	0.00343
6	0.01189	0.03401	0.01189	0.05348	0.05288	0.21894	0.04001	0.20450	0.18747	0.01485	0.00901	0.00987	0.00703	0.00478	0.00505	0.00124	0.12133	0.00346	0.00282	0.00548
7	0.00684	0.01953	0.00702	0.03954	0.03872	0.00479	0.00461	0.00837	0.00883	0.03027	0.17264	0.13381	0.15961	0.00650	0.00391	0.00104	0.00264	0.00559	0.00312	0.34260
8	0.00830	0.00754	0.03087	0.02028	0.12429	0.00621	0.00616	0.01012	0.00817	0.02403	0.00842	0.00980	0.03882	0.00405	0.02034	0.00090	0.04707	0.00287	0.00230	0.61945
9	0.00924	0.00882	0.04281	0.08961	0.30999	0.03085	0.03853	0.03414	0.02513	0.03416	0.00790	0.02708	0.00652	0.00363	0.00358	0.00099	0.00414	0.00326	0.00226	0.31735
10	0.04431	0.00839	0.01466	0.01068	0.01412	0.00741	0.37166	0.01181	0.00885	0.09410	0.00896	0.05541	0.00727	0.00381	0.00387	0.00105	0.00458	0.00398	0.00249	0.32259
11	0.00775	0.00652	0.00765	0.02315	0.06693	0.00681	0.00548	0.04046	0.33173	0.01388	0.07031	0.17617	0.14492	0.00716	0.00423	0.00130	0.00287	0.00618	0.00357	0.07294
12	0.00524	0.00419	0.00497	0.00481	0.00582	0.00392	0.00362	0.00658	0.00964	0.01273	0.38412	0.08536	0.39277	0.00909	0.00508	0.00132	0.04569	0.00769	0.00384	0.00352
13	0.01016	0.00879	0.00878	0.00786	0.00995	0.06306	0.00605	0.04677	0.66872	0.03804	0.01482	0.01472	0.01144	0.06682	0.00510	0.00148	0.00346	0.00436	0.00377	0.00585
14	0.01100	0.01217	0.01166	0.01002	0.01117	0.31581	0.03007	0.01205	0.00822	0.02968	0.00592	0.00817	0.00528	0.00543	0.00838	0.00136	0.44746	0.00307	0.00195	0.06113
15	0.00847	0.00715	0.00837	0.00612	0.00940	0.00579	0.00491	0.06210	0.00868	0.01333	0.00723	0.00851	0.00601	0.00415	0.03652	0.00087	0.02023	0.00250	0.00240	0.77726
16	0.03127	0.05458	0.04947	0.00852	0.01096	0.00859	0.10070	0.29604	0.03599	0.06088	0.02216	0.21405	0.03383	0.00672	0.00425	0.00132	0.00392	0.04815	0.00340	0.00520
17	0.00927	0.00935	0.01216	0.06448	0.01181	0.07017	0.02621	0.05178	0.00719	0.01033	0.00561	0.00868	0.00524	0.00629	0.01100	0.00160	0.67912	0.00340	0.00186	0.00445
18	0.00564	0.00407	0.00487	0.00466	0.00580	0.00361	0.00350	0.00709	0.01011	0.04609	0.45936	0.06636	0.34688	0.00881	0.00462	0.00128	0.00198	0.00759	0.00405	0.00364
19	0.00867	0.00680	0.00752	0.00637	0.00855	0.04525	0.00491	0.01986	0.15084	0.08688	0.09367	0.14592	0.05095	0.01772	0.00425	0.00112	0.02137	0.00503	0.00328	0.31103

[dist]
# distance from previous block
# <min> <max>
5	61

[block]
# block no. 1 follows, 69 sequences, length 7
# corresponding to MSA columns:
# 675-681
name=unknown_B
#
# <colnr> <probs for GDERKNQSTAVLIFYWHMCP>
#	G	D	E	R	K	N	Q	S	T	A	V	L	I	F	Y	W	H	M	C	P
0	0.04985	0.07403	0.01309	0.07935	0.15097	0.14028	0.04416	0.32679	0.05535	0.01680	0.00817	0.00914	0.00625	0.00416	0.00372	0.00115	0.00485	0.00329	0.00281	0.00577
1	0.00520	0.00390	0.00476	0.00522	0.00580	0.00371	0.00359	0.00663	0.05929	0.01081	0.09367	0.52711	0.16624	0.07758	0.00601	0.00167	0.00236	0.00945	0.00362	0.00338
2	0.06132	0.09910	0.17379	0.08265	0.06831	0.04494	0.05572	0.15129	0.02506	0.03324	0.00724	0.00881	0.00566	0.00447	0.00532	0.00127	0.16098	0.00320	0.00228	0.00535
3	0.04212	0.15923	0.23339	0.00995	0.04981	0.16457	0.03718	0.09359	0.03634	0.05652	0.00832	0.02532	0.02083	0.00431	0.00396	0.00115	0.04251	0.00320	0.00232	0.00537
4	0.00552	0.00388	0.00505	0.00520	0.00549	0.00410	0.00349	0.00613	0.00621	0.00853	0.01315	0.15458	0.01450	0.42499	0.31743	0.00436	0.00599	0.00602	0.00248	0.00291
5	0.00502	0.00358	0.00468	0.00542	0.00575	0.00338	0.00372	0.00579	0.00766	0.01018	0.05503	0.65012	0.05366	0.09215	0.00642	0.00179	0.00250	0.07644	0.00355	0.00317
6	0.08550	0.12179	0.10253	0.01047	0.07626	0.23138	0.08587	0.08198	0.01032	0.14607	0.00811	0.00879	0.00603	0.00396	0.00356	0.00112	0.00517	0.00306	0.00258	0.00544

[dist]
# distance from previous block
# <min> <max>
5	14

[block]
# block no. 2 follows, 69 sequences, length 29
# corresponding to MSA columns:
# 696-724
name=unknown_C
#
# <colnr> <probs for GDERKNQSTAVLIFYWHMCP>
#	G	D	E	R	K	N	Q	S	T	A	V	L	I	F	Y	W	H	M	C	P
0	0.02319	0.59911	0.11218	0.00762	0.01110	0.07273	0.00764	0.06580	0.02988	0.03014	0.00643	0.00715	0.00541	0.00362	0.00289	0.00095	0.00452	0.00241	0.00199	0.00525
1	0.00809	0.19439	0.31570	0.06221	0.01306	0.03212	0.03901	0.01068	0.00793	0.01084	0.03797	0.01109	0.00760	0.07378	0.11505	0.00198	0.00566	0.00333	0.00193	0.04757
2	0.02361	0.51281	0.11256	0.02239	0.02719	0.11453	0.00776	0.04065	0.00877	0.04191	0.00651	0.00768	0.00553	0.01798	0.02291	0.00114	0.01648	0.00254	0.00195	0.00509
3	0.00694	0.00629	0.00613	0.00627	0.00725	0.13177	0.00485	0.00825	0.00930	0.01156	0.19842	0.12964	0.13285	0.07266	0.02213	0.00170	0.00352	0.23347	0.00341	0.00359
4	0.01115	0.09425	0.05098	0.00833	0.01105	0.03393	0.00700	0.22009	0.48462	0.01739	0.01258	0.01199	0.00943	0.00486	0.00380	0.00123	0.00375	0.00385	0.00358	0.00614
5	0.00833	0.00797	0.07270	0.02704	0.07628	0.05397	0.04701	0.02303	0.02800	0.07375	0.05461	0.14252	0.13850	0.00609	0.00397	0.00113	0.00352	0.00527	0.00294	0.22340
6	0.00988	0.12458	0.50547	0.01039	0.03574	0.01969	0.04176	0.07107	0.01901	0.09569	0.00798	0.00879	0.00574	0.00384	0.00363	0.00117	0.00516	0.00303	0.00221	0.02519
7	0.00846	0.11461	0.58615	0.01026	0.01514	0.00939	0.06070	0.01240	0.03111	0.04258	0.03720	0.01033	0.03650	0.00411	0.00372	0.00120	0.00522	0.00333	0.00202	0.00556
8	0.00613	0.00444	0.00613	0.02550	0.00689	0.00501	0.00445	0.02070	0.00647	0.02398	0.01112	0.03881	0.01118	0.27058	0.50617	0.00500	0.03709	0.00475	0.00228	0.00332
9	0.01053	0.15961	0.30613	0.04651	0.07011	0.16822	0.08648	0.05700	0.00953	0.04049	0.00711	0.00835	0.00543	0.00377	0.00361	0.00113	0.00558	0.00299	0.00201	0.00543
10	0.01087	0.10941	0.19103	0.07035	0.13110	0.05121	0.02746	0.08483	0.03048	0.15310	0.04859	0.01157	0.03809	0.00447	0.00394	0.00118	0.02036	0.00362	0.00273	0.00561
11	0.00588	0.00479	0.00651	0.06566	0.00809	0.00541	0.00497	0.00730	0.02252	0.00985	0.05819	0.02096	0.19215	0.09724	0.38939	0.00385	0.08588	0.00526	0.00255	0.00355
12	0.00616	0.00493	0.00531	0.00536	0.00644	0.05055	0.00403	0.00758	0.02725	0.04157	0.18927	0.20579	0.31698	0.01010	0.03039	0.00153	0.00277	0.07666	0.00369	0.00365
13	0.01115	0.10155	0.16737	0.01252	0.16269	0.09255	0.10800	0.11011	0.03189	0.10430	0.00912	0.03466	0.01540	0.00427	0.00395	0.00118	0.01742	0.00363	0.00255	0.00569
14	0.02666	0.11370	0.23210	0.03782	0.08037	0.02184	0.20623	0.11210	0.02442	0.07103	0.00826	0.02130	0.00626	0.00396	0.00398	0.00121	0.01719	0.00357	0.00235	0.00564
15	0.00923	0.03513	0.10565	0.01562	0.01972	0.02277	0.70684	0.01257	0.00915	0.01241	0.00774	0.01017	0.00581	0.00336	0.00446	0.00130	0.00647	0.00435	0.00194	0.00532
16	0.00926	0.00919	0.09670	0.20174	0.17618	0.03854	0.06266	0.07974	0.02503	0.07311	0.06221	0.03985	0.06265	0.01600	0.01538	0.00136	0.00459	0.01803	0.00263	0.00514
17	0.02398	0.04832	0.20876	0.05242	0.16802	0.09605	0.08017	0.07027	0.01665	0.01266	0.03840	0.05509	0.00804	0.00477	0.00477	0.00126	0.08727	0.01564	0.00221	0.00525
18	0.00600	0.00420	0.00530	0.00570	0.00636	0.00410	0.00408	0.00779	0.08018	0.04153	0.09779	0.48548	0.05187	0.08994	0.00626	0.00174	0.00262	0.09179	0.00366	0.00360
19	0.00625	0.00442	0.00600	0.13653	0.00902	0.00443	0.00463	0.00749	0.00850	0.05965	0.21597	0.25630	0.10822	0.14655	0.00706	0.00177	0.00291	0.00737	0.00338	0.00358
20	0.03629	0.05798	0.07601	0.04918	0.25307	0.03979	0.11077	0.11915	0.05703	0.11762	0.00946	0.03991	0.00740	0.00426	0.00389	0.00121	0.00464	0.00382	0.00272	0.00581
21	0.02378	0.03571	0.03197	0.16469	0.40323	0.04721	0.04844	0.05243	0.02520	0.05303	0.03739	0.03276	0.00798	0.00423	0.00392	0.00121	0.00466	0.01430	0.00233	0.00553
22	0.00477	0.00387	0.00421	0.00439	0.00544	0.00334	0.00321	0.00575	0.00873	0.01074	0.08064	0.19731	0.60208	0.02489	0.00498	0.00142	0.00210	0.02518	0.00366	0.00330
23	0.00833	0.03884	0.03274	0.26436	0.24187	0.03386	0.04361	0.04381	0.00850	0.01146	0.03825	0.01176	0.00773	0.02245	0.15672	0.01919	0.00590	0.00374	0.00207	0.00480
24	0.01811	0.03309	0.15082	0.09758	0.23140	0.08692	0.05388	0.01233	0.02746	0.06802	0.00793	0.00982	0.01598	0.00481	0.01863	0.00136	0.15101	0.00343	0.00211	0.00533
25	0.34981	0.00744	0.00923	0.01069	0.22495	0.00767	0.00677	0.01307	0.00858	0.22005	0.01010	0.04625	0.00819	0.00472	0.00348	0.00125	0.00354	0.05591	0.00303	0.00528
26	0.00587	0.00486	0.00680	0.02768	0.05199	0.00460	0.06245	0.00766	0.04394	0.01207	0.20816	0.21556	0.25753	0.04715	0.00528	0.00146	0.00270	0.00764	0.02284	0.00378
27	0.01938	0.10787	0.23797	0.05212	0.03798	0.13533	0.08391	0.03452	0.06177	0.05886	0.02092	0.03280	0.00812	0.00555	0.03497	0.00140	0.00534	0.05364	0.00238	0.00518
28	0.02913	0.08829	0.04835	0.05501	0.01162	0.18879	0.03631	0.20126	0.06049	0.04057	0.11444	0.01407	0.08476	0.00520	0.00385	0.00116	0.00445	0.00410	0.00304	0.00510

[dist]
# distance from previous block
# <min> <max>
23	57

[block]
# block no. 3 follows, 69 sequences, length 124
# corresponding to MSA columns:
# 813-936
name=unknown_D
#
# <colnr> <probs for GDERKNQSTAVLIFYWHMCP>
#	G	D	E	R	K	N	Q	S	T	A	V	L	I	F	Y	W	H	M	C	P
0	0.00949	0.11308	0.05286	0.09166	0.07432	0.09317	0.20708	0.01159	0.00892	0.06358	0.03997	0.10254	0.01643	0.00482	0.00412	0.00118	0.02227	0.00441	0.00239	0.07610
1	0.00780	0.00670	0.00987	0.03102	0.02489	0.00715	0.11541	0.05212	0.05956	0.03525	0.02282	0.14201	0.10154	0.03431	0.09500	0.00195	0.14257	0.01604	0.01245	0.08154
2	0.00958	0.00764	0.00841	0.02108	0.00978	0.00845	0.00583	0.07601	0.54374	0.05328	0.11851	0.04251	0.03220	0.00579	0.00406	0.00128	0.00302	0.00487	0.00394	0.04001
3	0.00760	0.00710	0.00985	0.00873	0.00883	0.00953	0.00703	0.00841	0.00611	0.00921	0.00782	0.07001	0.00826	0.11592	0.11382	0.00252	0.58907	0.00434	0.00198	0.00388
4	0.00891	0.00861	0.01365	0.12114	0.01474	0.05109	0.24548	0.07985	0.01689	0.01159	0.00812	0.01121	0.02002	0.02314	0.09359	0.07420	0.17575	0.00394	0.00211	0.01596
5	0.01029	0.80132	0.08209	0.00704	0.01058	0.01503	0.00729	0.01179	0.00799	0.00946	0.00557	0.00644	0.00503	0.00338	0.00261	0.00087	0.00431	0.00216	0.00168	0.00509
6	0.00860	0.00870	0.01072	0.00943	0.00981	0.09278	0.00770	0.00976	0.02123	0.00951	0.00650	0.00990	0.00619	0.01106	0.17842	0.00256	0.58756	0.00351	0.00186	0.00419
7	0.00489	0.00348	0.00457	0.00534	0.00559	0.00326	0.00354	0.00559	0.00757	0.01015	0.06789	0.74650	0.02565	0.07850	0.00615	0.00174	0.00237	0.01049	0.00358	0.00315
8	0.00551	0.00446	0.00502	0.00531	0.00609	0.03640	0.00379	0.00693	0.03866	0.01168	0.21004	0.41448	0.20507	0.01020	0.00475	0.00142	0.00235	0.02059	0.00374	0.00350
9	0.04155	0.02352	0.01017	0.00854	0.02554	0.28884	0.00664	0.10958	0.06720	0.34790	0.01117	0.02440	0.00792	0.00463	0.00376	0.00115	0.00469	0.00348	0.00355	0.00576
10	0.00899	0.00979	0.01878	0.01409	0.01650	0.01073	0.50468	0.01134	0.00798	0.01134	0.00684	0.00979	0.00563	0.00470	0.00785	0.00148	0.33856	0.00416	0.00188	0.00490
11	0.58853	0.00739	0.00699	0.00584	0.00848	0.00793	0.00482	0.03779	0.00845	0.27787	0.00874	0.00866	0.00604	0.00405	0.00295	0.00121	0.00317	0.00274	0.00324	0.00508
12	0.00649	0.00464	0.00559	0.00545	0.00665	0.00448	0.00431	0.00830	0.04749	0.06672	0.18983	0.05369	0.34102	0.02101	0.00524	0.00143	0.04152	0.15029	0.03200	0.00384
13	0.00890	0.00645	0.00896	0.03807	0.09368	0.00709	0.02068	0.06307	0.05439	0.11473	0.13369	0.01660	0.01321	0.14560	0.13271	0.00246	0.12760	0.00461	0.00295	0.00455
14	0.00729	0.00542	0.00725	0.00679	0.00780	0.00555	0.05663	0.13452	0.00902	0.01204	0.01523	0.21445	0.01651	0.24762	0.05438	0.01814	0.00403	0.17050	0.00310	0.00371
15	0.06253	0.00985	0.01081	0.00837	0.01141	0.01062	0.00690	0.59209	0.04512	0.18626	0.01063	0.01021	0.00733	0.00470	0.00385	0.00119	0.00401	0.00357	0.00403	0.00652
16	0.01964	0.00864	0.01458	0.16643	0.64934	0.00895	0.01136	0.01146	0.00881	0.01252	0.04525	0.01069	0.00743	0.00378	0.00390	0.00119	0.00461	0.00364	0.00202	0.00575
17	0.00538	0.00396	0.00497	0.02858	0.00649	0.00370	0.00389	0.02370	0.00854	0.02606	0.09903	0.50015	0.22259	0.01075	0.00482	0.00148	0.00235	0.03644	0.00368	0.00345
18	0.00670	0.00526	0.00689	0.04676	0.00775	0.00601	0.00509	0.00761	0.00734	0.03209	0.07312	0.06758	0.10863	0.27151	0.01133	0.00224	0.20277	0.11537	0.01247	0.00346
19	0.01867	0.00980	0.03292	0.02855	0.03752	0.06573	0.33856	0.03441	0.03072	0.07067	0.00893	0.07764	0.00769	0.00517	0.00644	0.00140	0.21334	0.00451	0.00235	0.00499
20	0.02074	0.32108	0.15328	0.06637	0.01437	0.15182	0.13155	0.06718	0.00940	0.01151	0.00655	0.00791	0.00528	0.00369	0.00350	0.00107	0.01473	0.00289	0.00194	0.00516
21	0.01783	0.00952	0.10175	0.08158	0.01210	0.08784	0.04479	0.18420	0.04603	0.02545	0.04913	0.13372	0.04559	0.00700	0.01359	0.00141	0.00433	0.12620	0.00311	0.00483
22	0.00787	0.00741	0.01248	0.57881	0.21141	0.00858	0.02784	0.01050	0.02388	0.01091	0.01871	0.04954	0.00696	0.00427	0.00399	0.00129	0.00490	0.00393	0.00196	0.00477
23	0.00929	0.00870	0.01331	0.30774	0.42285	0.05913	0.01068	0.01173	0.02290	0.04090	0.03364	0.01129	0.00729	0.00403	0.00393	0.00122	0.00482	0.01908	0.00212	0.00536
24	0.02866	0.00957	0.01235	0.00957	0.01248	0.10537	0.16890	0.18321	0.02595	0.32235	0.01150	0.04183	0.00833	0.00557	0.03462	0.00140	0.00484	0.00408	0.00356	0.00586
25	0.00827	0.00804	0.01265	0.36451	0.14764	0.01018	0.01977	0.01012	0.00727	0.01025	0.00629	0.00956	0.00536	0.00506	0.00762	0.00145	0.35609	0.00348	0.00177	0.00463
26	0.00637	0.00525	0.00757	0.00648	0.00816	0.00475	0.12676	0.01681	0.00917	0.05881	0.07794	0.10190	0.49985	0.00864	0.00479	0.00135	0.01864	0.02940	0.00347	0.00388
27	0.06342	0.00804	0.01093	0.00869	0.01121	0.03690	0.14549	0.18519	0.02373	0.24755	0.05071	0.16621	0.01217	0.00596	0.00418	0.00129	0.00395	0.00528	0.00367	0.00544
28	0.05021	0.00823	0.01271	0.48705	0.24463	0.04560	0.03653	0.01111	0.02648	0.01135	0.00789	0.01058	0.02320	0.00393	0.00386	0.00125	0.00498	0.00354	0.00194	0.00491
29	0.02109	0.00638	0.00770	0.00640	0.00867	0.00624	0.00512	0.05189	0.17247	0.39400	0.08257	0.01594	0.04891	0.00536	0.00382	0.00119	0.00290	0.00440	0.14927	0.00567
30	0.00843	0.00801	0.01361	0.48404	0.38776	0.00898	0.01140	0.01091	0.00832	0.01126	0.00715	0.01012	0.00566	0.00373	0.00390	0.00124	0.00497	0.00349	0.00183	0.00518
31	0.00923	0.00883	0.01505	0.19561	0.66994	0.00919	0.01179	0.01161	0.00870	0.01223	0.00729	0.00986	0.00601	0.00358	0.00389	0.00119	0.00478	0.00349	0.00190	0.00583
32	0.00502	0.00397	0.00451	0.00442	0.00554	0.00347	0.00330	0.00635	0.00978	0.01269	0.36724	0.06061	0.48076	0.00922	0.00464	0.00130	0.00194	0.00788	0.00392	0.00347
33	0.01625	0.00796	0.00979	0.00760	0.01060	0.00779	0.00625	0.23429	0.07868	0.55681	0.01389	0.01240	0.00907	0.00485	0.00394	0.00121	0.00358	0.00387	0.00453	0.00663
34	0.06719	0.00988	0.01584	0.01196	0.01504	0.07031	0.40780	0.12275	0.04657	0.09029	0.01013	0.07433	0.00830	0.01514	0.00445	0.00132	0.00525	0.01537	0.00278	0.00531
35	0.00696	0.00462	0.00633	0.00695	0.00803	0.00450	0.00602	0.00868	0.00917	0.06829	0.02187	0.04161	0.08493	0.01035	0.00525	0.00173	0.00346	0.69376	0.00370	0.00380
36	0.00491	0.00398	0.00436	0.00426	0.00547	0.00343	0.00320	0.00617	0.00960	0.01216	0.28276	0.03515	0.59215	0.00934	0.00463	0.00130	0.00194	0.00791	0.00385	0.00343
37	0.00870	0.20862	0.52393	0.01064	0.01551	0.01067	0.10617	0.01267	0.04602	0.01190	0.00719	0.00839	0.00542	0.00367	0.00357	0.00116	0.00540	0.00299	0.00181	0.00558
38	0.00921	0.00930	0.01630	0.01228	0.01526	0.03979	0.46062	0.10024	0.08501	0.01385	0.04371	0.09958	0.06547	0.00520	0.00449	0.00132	0.00513	0.00541	0.00275	0.00509
39	0.00802	0.00776	0.01094	0.00955	0.00968	0.01068	0.00789	0.00898	0.00606	0.00937	0.00615	0.00985	0.00602	0.01107	0.16857	0.00257	0.69734	0.00357	0.00179	0.00414
40	0.00609	0.00422	0.00484	0.00468	0.00477	0.00441	0.00280	0.02842	0.00607	0.00816	0.01194	0.02442	0.01363	0.79940	0.01919	0.00363	0.04284	0.00554	0.00239	0.00258
41	0.00938	0.00927	0.01440	0.26061	0.55002	0.06533	0.01140	0.01170	0.00876	0.01179	0.00717	0.00974	0.00585	0.00365	0.00387	0.00119	0.00498	0.00343	0.00189	0.00557
42	0.00822	0.00789	0.01255	0.40569	0.18114	0.00980	0.01025	0.01015	0.00742	0.01033	0.00646	0.00973	0.00542	0.00494	0.00696	0.01594	0.27723	0.00347	0.00177	0.00466
43	0.00640	0.00526	0.00763	0.01010	0.23003	0.00497	0.00579	0.00773	0.00863	0.02872	0.09311	0.33865	0.22013	0.00881	0.00455	0.00137	0.00283	0.00787	0.00327	0.00415
44	0.01357	0.00869	0.03818	0.06545	0.15811	0.01754	0.04314	0.19244	0.01199	0.34451	0.05732	0.01219	0.00929	0.00458	0.00398	0.00121	0.00408	0.00390	0.00365	0.00616
45	0.63159	0.00821	0.00905	0.00852	0.08800	0.00910	0.10019	0.02673	0.06098	0.01660	0.00668	0.00776	0.00517	0.00371	0.00295	0.00123	0.00363	0.00272	0.00246	0.00472
46	0.01333	0.05011	0.26106	0.00823	0.01193	0.00737	0.00838	0.05637	0.01030	0.45542	0.01257	0.06809	0.00899	0.00493	0.00388	0.00123	0.00410	0.00400	0.00361	0.00610
47	0.00912	0.09547	0.39961	0.01507	0.29419	0.02500	0.02617	0.01229	0.00849	0.02933	0.00709	0.00871	0.00552	0.00378	0.00410	0.00120	0.04417	0.00309	0.00184	0.00578
48	0.00835	0.09922	0.64240	0.01204	0.07168	0.00979	0.07860	0.01234	0.00837	0.01215	0.00698	0.00837	0.00513	0.00364	0.00369	0.00120	0.00563	0.00300	0.00170	0.00571
49	0.00829	0.00816	0.01244	0.65180	0.16731	0.06504	0.01086	0.01075	0.00825	0.01047	0.00698	0.01009	0.00539	0.00385	0.00389	0.00126	0.00525	0.00342	0.00180	0.00469
50	0.00839	0.03900	0.26046	0.06112	0.23101	0.02294	0.10197	0.01112	0.00854	0.03741	0.01047	0.15704	0.02285	0.00524	0.00408	0.00128	0.00478	0.00480	0.00225	0.00525
51	0.00984	0.00850	0.11699	0.12412	0.07878	0.00708	0.09935	0.04142	0.02307	0.19985	0.03020	0.13799	0.03528	0.00727	0.06073	0.00164	0.00466	0.00506	0.00301	0.00515
52	0.00910	0.00890	0.01574	0.22074	0.55221	0.00924	0.10342	0.01161	0.00870	0.01211	0.00734	0.00998	0.00595	0.00357	0.00397	0.00122	0.00501	0.00362	0.00190	0.00566
53	0.00868	0.07826	0.57404	0.03512	0.01555	0.00892	0.06657	0.01230	0.00843	0.07639	0.00849	0.05081	0.00669	0.02782	0.00423	0.00130	0.00530	0.00353	0.00205	0.00551
54	0.00829	0.02153	0.38935	0.15342	0.07093	0.04355	0.05156	0.01138	0.00828	0.04428	0.00874	0.04217	0.00733	0.05223	0.04665	0.00166	0.00554	0.02601	0.00204	0.00507
55	0.00825	0.03548	0.61626	0.02678	0.07538	0.00879	0.03801	0.01233	0.03253	0.03885	0.00856	0.06593	0.00686	0.00435	0.00384	0.00126	0.00530	0.00362	0.00199	0.00563
56	0.00865	0.00858	0.01560	0.18185	0.40854	0.00873	0.19780	0.01111	0.00871	0.01195	0.00968	0.05702	0.04528	0.00430	0.00416	0.00126	0.00497	0.00438	0.00208	0.00534
57	0.00955	0.00986	0.01249	0.40132	0.14516	0.16507	0.04016	0.05151	0.00903	0.01114	0.00734	0.03675	0.00610	0.00440	0.00462	0.00127	0.07388	0.00359	0.00200	0.00478
58	0.00580	0.00483	0.00688	0.14439	0.09645	0.00484	0.00564	0.00717	0.00838	0.01092	0.07973	0.33627	0.22441	0.00906	0.00461	0.00142	0.00295	0.03928	0.00320	0.00378
59	0.00858	0.00802	0.01367	0.23113	0.42315	0.00836	0.07700	0.01103	0.02276	0.02608	0.02533	0.04781	0.05806	0.00459	0.00408	0.00126	0.00459	0.01699	0.00222	0.00528
60	0.07141	0.00892	0.01238	0.13881	0.19979	0.06318	0.10603	0.02984	0.18725	0.08358	0.01046	0.05345	0.00836	0.00455	0.00394	0.00126	0.00445	0.00410	0.00277	0.00547
61	0.00507	0.00388	0.00530	0.00576	0.00638	0.00358	0.03352	0.00603	0.00804	0.01051	0.04641	0.59933	0.15770	0.01133	0.00496	0.00155	0.00249	0.08125	0.00360	0.00333
62	0.03237	0.00746	0.00948	0.00730	0.01030	0.00700	0.00602	0.17153	0.01251	0.65782	0.02745	0.01273	0.00947	0.00485	0.00392	0.00121	0.00349	0.00388	0.00462	0.00658
63	0.00784	0.00741	0.01254	0.69641	0.18000	0.00882	0.01110	0.01040	0.00804	0.01054	0.00704	0.01031	0.00541	0.00384	0.00391	0.00128	0.00512	0.00349	0.00178	0.00471
64	0.00920	0.03885	0.08965	0.05827	0.11409	0.06144	0.00721	0.07008	0.12331	0.07136	0.02952	0.10854	0.06019	0.09015	0.00588	0.02108	0.00399	0.02938	0.00295	0.00487
65	0.01203	0.00661	0.00798	0.00678	0.00906	0.00658	0.00541	0.01673	0.28292	0.36514	0.10906	0.01854	0.08115	0.00596	0.00411	0.00128	0.00296	0.03070	0.02123	0.00576
66	0.03490	0.00539	0.00700	0.00633	0.00821	0.00495	0.00523	0.01242	0.02470	0.34465	0.13412	0.02734	0.12582	0.00763	0.00450	0.00140	0.00302	0.23333	0.00418	0.00487
67	0.00904	0.00954	0.01906	0.10007	0.12563	0.00943	0.52517	0.04118	0.00922	0.01255	0.00865	0.04722	0.00720	0.00413	0.00473	0.00133	0.03237	0.02614	0.00213	0.00520
68	0.01222	0.06768	0.17866	0.00778	0.01087	0.00693	0.02458	0.04399	0.00997	0.39458	0.03110	0.14740	0.01961	0.00589	0.00403	0.00127	0.00379	0.02035	0.00365	0.00564
69	0.00554	0.00400	0.00523	0.00494	0.00585	0.00369	0.00370	0.00737	0.01104	0.01563	0.82249	0.04275	0.03681	0.00808	0.00463	0.00124	0.00186	0.00716	0.00430	0.00369
70	0.00909	0.00854	0.01441	0.06941	0.68728	0.00863	0.01115	0.01133	0.00882	0.01245	0.00906	0.04365	0.00832	0.00449	0.00406	0.00125	0.00451	0.07565	0.00214	0.00576
71	0.00972	0.00914	0.01471	0.16954	0.61285	0.02230	0.01136	0.06641	0.02233	0.01312	0.00755	0.00985	0.00614	0.00369	0.00389	0.00119	0.00475	0.00349	0.00207	0.00589
72	0.00766	0.00716	0.01204	0.63199	0.17118	0.00850	0.01059	0.01012	0.00790	0.01044	0.00734	0.01074	0.00579	0.00600	0.07530	0.00170	0.00557	0.00355	0.00181	0.00462
73	0.00681	0.00340	0.00511	0.00511	0.00511	0.00340	0.00340	0.00511	0.00511	0.00681	0.00681	0.01192	0.00681	0.01362	0.01532	0.88594	0.00340	0.00340	0.00170	0.00170
74	0.02867	0.01020	0.01114	0.05285	0.17059	0.18102	0.04278	0.11571	0.13087	0.03135	0.03112	0.07109	0.02704	0.00545	0.00419	0.00126	0.01837	0.05816	0.00289	0.00523
75	0.00708	0.02512	0.02147	0.02437	0.06599	0.00623	0.18530	0.04607	0.02249	0.01248	0.12442	0.30105	0.05477	0.00801	0.00466	0.00141	0.00368	0.07796	0.00316	0.00426
76	0.01759	0.00667	0.00910	0.00698	0.01001	0.00576	0.00576	0.01911	0.01122	0.84048	0.01547	0.01334	0.00970	0.00485	0.00394	0.00121	0.00334	0.00394	0.00485	0.00667
77	0.02292	0.01685	0.60287	0.01025	0.01489	0.04479	0.03679	0.03705	0.00884	0.03813	0.05901	0.02567	0.00785	0.02352	0.02067	0.00140	0.01751	0.00348	0.00209	0.00544
78	0.00942	0.00903	0.01541	0.12454	0.73947	0.00924	0.01189	0.01179	0.00879	0.01247	0.00732	0.00979	0.00609	0.00354	0.00389	0.00118	0.00473	0.00349	0.00192	0.00598
79	0.01284	0.00562	0.00757	0.00617	0.00837	0.00495	0.00495	0.01448	0.01117	0.51483	0.33933	0.01964	0.02048	0.00610	0.00421	0.00122	0.00275	0.00519	0.00464	0.00550
80	0.00588	0.00438	0.00627	0.00610	0.00669	0.00499	0.00465	0.00701	0.00699	0.01001	0.15370	0.01791	0.01436	0.08587	0.52780	0.06212	0.06471	0.00471	0.00245	0.00339
81	0.00838	0.00810	0.02811	0.37294	0.22330	0.00860	0.11947	0.05638	0.00890	0.01196	0.00905	0.09236	0.00801	0.00473	0.00414	0.00130	0.00491	0.02223	0.00217	0.00497
82	0.00588	0.00515	0.00767	0.00687	0.03440	0.00476	0.12013	0.00746	0.00937	0.01232	0.27908	0.02867	0.36504	0.05297	0.02942	0.00157	0.01514	0.00692	0.00342	0.00378
83	0.00572	0.00477	0.00735	0.08653	0.07598	0.00467	0.05998	0.00693	0.00793	0.01048	0.01995	0.56561	0.10107	0.00994	0.00475	0.00149	0.00302	0.01691	0.00321	0.00370
84	0.00861	0.01049	0.13549	0.09118	0.32360	0.03313	0.19710	0.01126	0.00872	0.01199	0.00977	0.10133	0.03015	0.00465	0.00416	0.00127	0.00507	0.00458	0.00212	0.00532
85	0.01043	0.09164	0.13550	0.04092	0.26052	0.11495	0.07899	0.03907	0.06021	0.05938	0.00845	0.03701	0.00689	0.00421	0.00412	0.00119	0.03507	0.00358	0.00228	0.00557
86	0.00996	0.24634	0.10075	0.17223	0.05913	0.03645	0.20689	0.01239	0.00869	0.08466	0.00760	0.00931	0.00585	0.00411	0.01850	0.00124	0.00529	0.00334	0.00208	0.00521
87	0.00836	0.01538	0.49609	0.06084	0.28582	0.00896	0.01310	0.01198	0.00857	0.01253	0.03721	0.00962	0.00655	0.00382	0.00382	0.00122	0.00525	0.00328	0.00185	0.00578
88	0.00855	0.06388	0.39118	0.06994	0.11539	0.01668	0.08742	0.01177	0.01621	0.05568	0.00964	0.10262	0.01638	0.00479	0.00395	0.00126	0.00501	0.01210	0.00218	0.00536
89	0.00865	0.14122	0.52533	0.05074	0.09798	0.02783	0.07108	0.01225	0.00841	0.01183	0.00688	0.00837	0.00518	0.00363	0.00363	0.00118	0.00551	0.00298	0.00172	0.00559
90	0.00836	0.04050	0.47005	0.10358	0.07073	0.00947	0.21754	0.01215	0.00851	0.01212	0.00723	0.00912	0.00532	0.00361	0.00395	0.00125	0.00582	0.00341	0.00177	0.00552
91	0.00603	0.00858	0.22531	0.04650	0.01069	0.00550	0.06848	0.00804	0.00798	0.01088	0.01774	0.45929	0.09169	0.00877	0.00456	0.00144	0.00363	0.00788	0.00291	0.00409
92	0.00917	0.01007	0.06854	0.20336	0.42138	0.03966	0.16698	0.01185	0.00879	0.01201	0.00732	0.00985	0.00582	0.00359	0.00401	0.00122	0.00532	0.00363	0.00189	0.00554
93	0.00882	0.04675	0.01297	0.33201	0.23910	0.00833	0.07263	0.01108	0.00866	0.07530	0.01081	0.02908	0.04953	0.00484	0.00408	0.00129	0.00464	0.07274	0.00234	0.00500
94	0.00594	0.00736	0.14235	0.01980	0.09160	0.00515	0.03008	0.00779	0.00891	0.01159	0.10217	0.09483	0.44152	0.00801	0.00443	0.00131	0.00307	0.00687	0.00313	0.00410
95	0.00943	0.01131	0.16836	0.05566	0.34723	0.00909	0.24894	0.01240	0.00903	0.05521	0.03002	0.01044	0.00686	0.00369	0.00410	0.00124	0.00532	0.00383	0.00211	0.00574
96	0.67786	0.00836	0.00722	0.01647	0.00887	0.00957	0.00506	0.19848	0.00939	0.01913	0.00639	0.00712	0.00481	0.00389	0.00279	0.00121	0.00335	0.00246	0.00276	0.00480
97	0.00940	0.00929	0.01444	0.25248	0.55798	0.06533	0.01142	0.01172	0.00877	0.01182	0.00717	0.00973	0.00586	0.00365	0.00387	0.00119	0.00498	0.00343	0.00189	0.00558
98	0.00815	0.01482	0.45630	0.02518	0.17740	0.00873	0.14537	0.01169	0.00858	0.01230	0.00983	0.03370	0.06172	0.00426	0.00400	0.00126	0.00535	0.00389	0.00195	0.00554
99	0.00948	0.00940	0.01378	0.01191	0.06289	0.06694	0.15019	0.01091	0.00734	0.04828	0.00650	0.00936	0.00572	0.00657	0.04010	0.00171	0.52865	0.00363	0.00195	0.00468
100	0.00488	0.00349	0.00467	0.00558	0.00585	0.00327	0.00382	0.00564	0.00761	0.01012	0.02155	0.80494	0.02570	0.01218	0.00503	0.00161	0.00236	0.06485	0.00364	0.00321
101	0.05417	0.03629	0.01168	0.00961	0.05646	0.08731	0.00744	0.58276	0.08057	0.02126	0.00922	0.00940	0.00676	0.00454	0.00378	0.00116	0.00442	0.00340	0.00351	0.00625
102	0.00927	0.01167	0.17616	0.05246	0.40287	0.02307	0.19447	0.03382	0.00912	0.01280	0.00784	0.01062	0.00634	0.00377	0.00406	0.00124	0.00534	0.02734	0.00199	0.00576
103	0.00562	0.00428	0.00535	0.00585	0.00692	0.00401	0.00490	0.00711	0.00907	0.01144	0.06047	0.04107	0.34357	0.01036	0.00508	0.00159	0.00290	0.46326	0.00365	0.00350
104	0.00483	0.00345	0.00460	0.00542	0.00570	0.00322	0.00364	0.00559	0.00775	0.01039	0.07624	0.80394	0.02667	0.01200	0.00498	0.00157	0.00225	0.01087	0.00368	0.00322
105	0.00831	0.12306	0.60866	0.01075	0.04158	0.00947	0.04231	0.01201	0.00831	0.03018	0.00805	0.06541	0.00656	0.00425	0.00370	0.00121	0.00530	0.00346	0.00188	0.00554
106	0.00897	0.01019	0.07097	0.06605	0.12568	0.03749	0.21364	0.01100	0.00764	0.01091	0.00641	0.00928	0.00548	0.00503	0.00813	0.00146	0.39126	0.00368	0.00182	0.00491
107	0.01490	0.01098	0.01177	0.00902	0.01216	0.01216	0.00745	0.82470	0.01843	0.02471	0.00941	0.00941	0.00667	0.00471	0.00392	0.00118	0.00431	0.00353	0.00392	0.00667
108	0.01106	0.00840	0.00952	0.04684	0.01114	0.00959	0.00665	0.09893	0.55458	0.11968	0.01411	0.01335	0.01039	0.00524	0.00457	0.00132	0.06052	0.00417	0.00383	0.00610
109	0.00895	0.00990	0.03473	0.01672	0.16272	0.00921	0.58907	0.01194	0.00921	0.01266	0.04641	0.03533	0.00830	0.00397	0.00451	0.00131	0.00585	0.02177	0.00216	0.00529
110	0.00520	0.00387	0.00540	0.00670	0.06158	0.00366	0.00425	0.00610	0.00792	0.01068	0.08612	0.72189	0.02544	0.01132	0.00490	0.00154	0.00242	0.02399	0.00358	0.00344
111	0.00511	0.00381	0.00531	0.00671	0.06153	0.00360	0.00420	0.00590	0.00760	0.01020	0.02065	0.80262	0.02461	0.01169	0.00493	0.00156	0.00243	0.01063	0.00353	0.00339
112	0.31102	0.04109	0.45621	0.00889	0.01298	0.02712	0.01019	0.01196	0.00762	0.01383	0.00630	0.00756	0.00473	0.00390	0.00385	0.00125	0.06182	0.00263	0.00193	0.00511
113	0.01585	0.00696	0.00986	0.00811	0.04824	0.00620	0.04658	0.04678	0.01113	0.67609	0.01613	0.01453	0.06471	0.00505	0.00402	0.00122	0.00350	0.00423	0.00446	0.00636
114	0.00890	0.00978	0.02040	0.14291	0.02073	0.00942	0.64506	0.01199	0.00896	0.01219	0.00772	0.01039	0.00583	0.00337	0.00440	0.00127	0.00615	0.00430	0.00197	0.06426
115	0.00598	0.00443	0.00606	0.06740	0.00810	0.00443	0.02265	0.00774	0.06327	0.03384	0.08371	0.49246	0.05195	0.05664	0.00563	0.00164	0.00282	0.07409	0.00350	0.00365
116	0.04972	0.01261	0.09752	0.05342	0.14419	0.26254	0.00853	0.04340	0.16519	0.04371	0.03834	0.01073	0.01876	0.00449	0.00403	0.00119	0.03024	0.00346	0.00261	0.00533
117	0.06896	0.03280	0.01412	0.18913	0.14508	0.04075	0.17998	0.10134	0.10702	0.01381	0.00900	0.01072	0.02400	0.00420	0.00432	0.00126	0.04201	0.00378	0.00242	0.00531
118	0.02429	0.03612	0.01021	0.05784	0.07444	0.11296	0.04631	0.17161	0.01808	0.04803	0.04947	0.13009	0.03421	0.03567	0.03524	0.00149	0.01385	0.03349	0.00296	0.06364
119	0.02677	0.08238	0.08142	0.09331	0.03905	0.07391	0.02790	0.19436	0.16659	0.06811	0.02488	0.01099	0.02307	0.00449	0.00384	0.00117	0.01538	0.00355	0.00300	0.05582
120	0.01031	0.17203	0.14608	0.05337	0.01288	0.06706	0.07478	0.14396	0.05460	0.05161	0.02490	0.01175	0.07736	0.00456	0.00385	0.00113	0.02197	0.00363	0.00261	0.06155
121	0.05353	0.13024	0.14849	0.03430	0.02156	0.05761	0.01842	0.13635	0.08707	0.11103	0.01195	0.01219	0.08520	0.00484	0.00406	0.00118	0.04320	0.00367	0.01335	0.02175
122	0.03499	0.19173	0.11452	0.03201	0.01194	0.12566	0.03149	0.11305	0.12397	0.07480	0.02768	0.01022	0.02436	0.00427	0.00350	0.00109	0.00447	0.00325	0.00272	0.06428
123	0.01149	0.12976	0.08814	0.01665	0.01836	0.06671	0.00713	0.20083	0.15152	0.11683	0.05874	0.02101	0.04747	0.01648	0.01417	0.00128	0.02061	0.00393	0.00328	0.00561

[dist]
# distance from previous block
# <min> <max>
18	71

[block]
# block no. 4 follows, 69 sequences, length 6
# corresponding to MSA columns:
# 1028-1033
name=unknown_E
#
# <colnr> <probs for GDERKNQSTAVLIFYWHMCP>
#	G	D	E	R	K	N	Q	S	T	A	V	L	I	F	Y	W	H	M	C	P
0	0.00788	0.04517	0.00773	0.00691	0.05210	0.06620	0.00498	0.01031	0.08508	0.05377	0.32433	0.10040	0.07408	0.00664	0.00410	0.00115	0.00288	0.00569	0.00349	0.13711
1	0.00939	0.08350	0.37876	0.00941	0.03927	0.07705	0.00983	0.05965	0.03168	0.03546	0.00833	0.00922	0.02839	0.00383	0.00348	0.00104	0.00476	0.00295	0.00218	0.20182
2	0.07266	0.03901	0.37403	0.01089	0.01533	0.04669	0.20306	0.01234	0.00858	0.03911	0.00730	0.00871	0.00543	0.00353	0.00368	0.00114	0.00529	0.00316	0.00201	0.13805
3	0.00501	0.00358	0.00482	0.00572	0.00605	0.00338	0.00404	0.00586	0.00773	0.01027	0.02148	0.73690	0.02542	0.01206	0.00507	0.00162	0.00248	0.13162	0.00363	0.00325
4	0.00977	0.17676	0.06053	0.19923	0.29350	0.01020	0.11072	0.01213	0.00867	0.07125	0.00754	0.00949	0.00592	0.00365	0.00371	0.00116	0.00490	0.00336	0.00205	0.00547
5	0.01168	0.02614	0.19647	0.06160	0.08381	0.02579	0.03673	0.23428	0.03317	0.16044	0.03255	0.03754	0.00862	0.00479	0.00397	0.00124	0.00451	0.02765	0.00313	0.00589

[dist]
# distance from previous block
# <min> <max>
24	154

[block]
# block no. 5 follows, 69 sequences, length 9
# corresponding to MSA columns:
# 1226-1234
name=unknown_F
#
# <colnr> <probs for GDERKNQSTAVLIFYWHMCP>
#	G	D	E	R	K	N	Q	S	T	A	V	L	I	F	Y	W	H	M	C	P
0	0.00570	0.00368	0.00480	0.00540	0.00584	0.00341	0.00365	0.00639	0.00766	0.06497	0.02120	0.70005	0.05814	0.08169	0.00615	0.00174	0.00246	0.01010	0.00362	0.00335
1	0.00581	0.00414	0.00501	0.00511	0.00548	0.00427	0.00338	0.00699	0.06119	0.00923	0.04007	0.14943	0.03664	0.48035	0.13535	0.00346	0.00439	0.03391	0.00277	0.00302
2	0.31512	0.06113	0.06060	0.03433	0.02977	0.11134	0.04112	0.06386	0.12267	0.05645	0.00800	0.00877	0.00613	0.00424	0.00389	0.00122	0.06068	0.00298	0.00262	0.00506
3	0.10252	0.07774	0.03341	0.01061	0.09940	0.23318	0.05154	0.10393	0.08495	0.06185	0.00831	0.02785	0.00669	0.00450	0.00437	0.00119	0.07681	0.00331	0.00258	0.00526
4	0.17225	0.06147	0.03232	0.02466	0.12626	0.10157	0.00637	0.01104	0.05370	0.02582	0.06361	0.04305	0.09470	0.04065	0.02098	0.00139	0.02509	0.03185	0.00265	0.06057
5	0.05532	0.05138	0.19916	0.00941	0.05304	0.03428	0.06272	0.08150	0.11509	0.12707	0.02636	0.03277	0.03214	0.02782	0.01856	0.00136	0.00439	0.01424	0.00291	0.05050
6	0.03813	0.20981	0.18878	0.00872	0.03947	0.04801	0.04954	0.07342	0.03450	0.05831	0.04710	0.04138	0.08050	0.01804	0.00401	0.00119	0.01486	0.01873	0.00256	0.02291
7	0.12212	0.24011	0.19846	0.02048	0.03917	0.02920	0.04669	0.05088	0.06890	0.05822	0.03497	0.03070	0.03581	0.00437	0.00341	0.00114	0.00430	0.00340	0.00244	0.00524
8	0.01058	0.13396	0.25081	0.02541	0.04515	0.03238	0.04293	0.12855	0.07619	0.10364	0.03214	0.02497	0.02368	0.00439	0.00369	0.00115	0.00450	0.00353	0.00273	0.04962

[dist]
# distance from previous block
# <min> <max>
12	114

[block]
# block no. 6 follows, 69 sequences, length 17
# corresponding to MSA columns:
# 1372-1388
name=unknown_G
#
# <colnr> <probs for GDERKNQSTAVLIFYWHMCP>
#	G	D	E	R	K	N	Q	S	T	A	V	L	I	F	Y	W	H	M	C	P
0	0.03873	0.09067	0.11966	0.06524	0.12185	0.03137	0.00795	0.07197	0.05791	0.12695	0.04503	0.06038	0.02965	0.00544	0.01738	0.00128	0.01822	0.02254	0.03582	0.03198
1	0.00966	0.09418	0.10758	0.01971	0.04574	0.00734	0.00662	0.06676	0.08273	0.15641	0.15286	0.10039	0.03394	0.02992	0.00444	0.00128	0.00345	0.02363	0.00338	0.04998
2	0.03854	0.04465	0.18497	0.02281	0.03977	0.02781	0.07223	0.12300	0.13174	0.06127	0.05532	0.03872	0.06934	0.00518	0.00394	0.00123	0.00417	0.02548	0.00298	0.04686
3	0.05695	0.08589	0.22942	0.04200	0.02624	0.07611	0.03431	0.02467	0.05894	0.04320	0.05035	0.07226	0.08054	0.00568	0.01741	0.00128	0.02021	0.01260	0.00255	0.05940
4	0.02899	0.08542	0.22071	0.00795	0.03417	0.03150	0.00763	0.05839	0.08655	0.06437	0.09783	0.02629	0.12281	0.00552	0.00383	0.00118	0.00379	0.02560	0.03639	0.05108
5	0.03504	0.27258	0.08017	0.00861	0.01156	0.15018	0.07865	0.07562	0.10509	0.02620	0.00937	0.06861	0.02195	0.00458	0.00349	0.00109	0.00463	0.00361	0.00247	0.03650
6	0.15112	0.09300	0.07607	0.06760	0.04943	0.04206	0.06963	0.05776	0.01897	0.02693	0.03834	0.00910	0.00672	0.00375	0.00351	0.00101	0.02374	0.00296	0.00234	0.25595
7	0.02424	0.07907	0.04294	0.03237	0.09863	0.03967	0.00664	0.16500	0.04626	0.05406	0.02635	0.22997	0.02105	0.02798	0.01807	0.00138	0.01474	0.00544	0.00305	0.06311
8	0.20215	0.04072	0.01029	0.06995	0.10973	0.02879	0.00699	0.24302	0.06125	0.11977	0.01079	0.01138	0.05061	0.00461	0.00359	0.00120	0.00388	0.01252	0.00318	0.00557
9	0.03638	0.00435	0.00541	0.00504	0.00624	0.00399	0.00381	0.00833	0.01037	0.09934	0.54142	0.08631	0.15785	0.00814	0.00451	0.00127	0.00209	0.00707	0.00415	0.00393
10	0.00834	0.00685	0.03805	0.04660	0.11233	0.00620	0.01785	0.02175	0.02145	0.09030	0.27357	0.01726	0.05602	0.00554	0.00458	0.00112	0.06270	0.00465	0.00316	0.20168
11	0.01084	0.60912	0.04219	0.00928	0.11700	0.01371	0.00761	0.06424	0.04013	0.04402	0.00679	0.00758	0.00573	0.00360	0.00293	0.00095	0.00423	0.00255	0.00207	0.00542
12	0.00591	0.00445	0.00552	0.00517	0.00625	0.00428	0.00390	0.00862	0.09330	0.01543	0.69763	0.02840	0.09040	0.00788	0.00456	0.00125	0.00198	0.00691	0.00424	0.00392
13	0.00869	0.07831	0.05372	0.00676	0.01024	0.00688	0.03310	0.01149	0.08752	0.02941	0.00792	0.00880	0.00638	0.00327	0.00310	0.00075	0.00331	0.00265	0.00243	0.63527
14	0.00661	0.00549	0.00614	0.00559	0.00709	0.03464	0.00423	0.00940	0.11706	0.01385	0.38504	0.09825	0.13040	0.00782	0.02075	0.00128	0.00258	0.00634	0.00371	0.13374
15	0.00813	0.00697	0.00813	0.00581	0.00929	0.00523	0.00465	0.00987	0.00813	0.01277	0.00697	0.00813	0.00581	0.00290	0.00290	0.00058	0.00290	0.00232	0.00232	0.88619
16	0.01007	0.06329	0.00947	0.00721	0.01857	0.00827	0.02532	0.31199	0.01150	0.03289	0.04889	0.03951	0.02985	0.23646	0.00845	0.00186	0.02761	0.02300	0.00310	0.08269

[dist]
# distance from previous block
# <min> <max>
0	1

[block]
# block no. 7 follows, 69 sequences, length 186
# corresponding to MSA columns:
# 1390-1492,1494-1576
name=unknown_H
#
# <colnr> <probs for GDERKNQSTAVLIFYWHMCP>
#	G	D	E	R	K	N	Q	S	T	A	V	L	I	F	Y	W	H	M	C	P
0	0.00477	0.00342	0.00454	0.00543	0.00568	0.00319	0.00363	0.00546	0.00753	0.01002	0.02194	0.84466	0.04072	0.01224	0.00500	0.00159	0.00227	0.01109	0.00364	0.00319
1	0.00478	0.00341	0.00455	0.00546	0.00569	0.00318	0.00364	0.00546	0.00751	0.01001	0.02161	0.85966	0.02593	0.01228	0.00500	0.00159	0.00227	0.01114	0.00364	0.00318
2	0.00759	0.00716	0.01210	0.78558	0.09276	0.00876	0.01098	0.01018	0.00793	0.01024	0.00700	0.01039	0.00531	0.00388	0.00392	0.00129	0.00518	0.00348	0.00176	0.00451
3	0.88991	0.00758	0.00576	0.00516	0.00758	0.00879	0.00425	0.01152	0.00667	0.01759	0.00546	0.00637	0.00425	0.00364	0.00243	0.00121	0.00303	0.00212	0.00243	0.00425
4	0.01042	0.02519	0.02975	0.00881	0.03158	0.12561	0.01886	0.04034	0.60856	0.01529	0.03373	0.01332	0.01096	0.00504	0.00391	0.00126	0.00383	0.00411	0.00354	0.00588
5	0.00478	0.00341	0.00455	0.00546	0.00569	0.00318	0.00364	0.00546	0.00751	0.01001	0.02161	0.85966	0.02593	0.01228	0.00500	0.00159	0.00227	0.01114	0.00364	0.00318
6	0.00740	0.00697	0.01176	0.85280	0.02700	0.00871	0.01089	0.01002	0.00784	0.01002	0.00697	0.01045	0.00523	0.00392	0.00392	0.00131	0.00523	0.00348	0.00174	0.00436
7	0.00773	0.00783	0.10588	0.00716	0.04604	0.00608	0.00597	0.02385	0.13981	0.04637	0.10235	0.01913	0.21593	0.00627	0.01929	0.00119	0.00320	0.00486	0.00315	0.22792
8	0.00560	0.00420	0.00630	0.00630	0.00700	0.00490	0.00490	0.00700	0.00630	0.00910	0.01050	0.01540	0.00980	0.02940	0.84669	0.00630	0.01050	0.00420	0.00210	0.00350
9	0.00925	0.01058	0.02313	0.01652	0.02049	0.00991	0.82353	0.01256	0.00925	0.01256	0.00793	0.01058	0.00595	0.00330	0.00463	0.00132	0.00661	0.00463	0.00198	0.00529
10	0.00946	0.00911	0.01550	0.04132	0.72587	0.00936	0.03155	0.01170	0.00866	0.01243	0.00733	0.00983	0.00621	0.00440	0.02718	0.00134	0.05733	0.00354	0.00193	0.00595
11	0.00913	0.02976	0.04372	0.01527	0.01902	0.00968	0.71256	0.03257	0.00929	0.01258	0.00855	0.04658	0.00692	0.01985	0.00484	0.00136	0.00624	0.00479	0.00209	0.00519
12	0.88991	0.00758	0.00576	0.00516	0.00758	0.00879	0.00425	0.01152	0.00667	0.01759	0.00546	0.00637	0.00425	0.00364	0.00243	0.00121	0.00303	0.00212	0.00243	0.00425
13	0.00478	0.00341	0.00455	0.00546	0.00569	0.00318	0.00364	0.00546	0.00751	0.01001	0.02161	0.85966	0.02593	0.01228	0.00500	0.00159	0.00227	0.01114	0.00364	0.00318
14	0.01393	0.08974	0.03235	0.03256	0.01247	0.73323	0.00776	0.01509	0.01069	0.00964	0.00606	0.00712	0.00505	0.00397	0.00346	0.00101	0.00675	0.00252	0.00197	0.00461
15	0.00681	0.00340	0.00511	0.00511	0.00511	0.00340	0.00340	0.00511	0.00511	0.00681	0.00681	0.01192	0.00681	0.01362	0.01532	0.88594	0.00340	0.00340	0.00170	0.00170
16	0.00488	0.00349	0.00467	0.00558	0.00585	0.00327	0.00382	0.00564	0.00761	0.01013	0.02155	0.80397	0.02570	0.01218	0.00503	0.00161	0.00237	0.06580	0.00364	0.00321
17	0.01678	0.00649	0.00884	0.00684	0.00973	0.00562	0.00562	0.01832	0.01121	0.78496	0.07068	0.01442	0.01154	0.00507	0.00399	0.00121	0.00324	0.00415	0.00482	0.00647
18	0.14873	0.01046	0.01085	0.00843	0.01146	0.01164	0.00696	0.70032	0.01663	0.02362	0.00881	0.00895	0.00630	0.00454	0.00369	0.00118	0.00412	0.00331	0.00369	0.00630
19	0.00478	0.00341	0.00455	0.00546	0.00569	0.00318	0.00364	0.00546	0.00751	0.01001	0.02161	0.85966	0.02593	0.01228	0.00500	0.00159	0.00227	0.01114	0.00364	0.00318
