[name]
unknown

[dist]
# distance from previous block
# <min> <max>
0	62

[block]
# block no. 0 follows, 76 sequences, length 98
# corresponding to MSA columns:
# 64-161
name=unknown_A
#
# <colnr> <probs for GDERKNQSTAVLIFYWHMCP>
#	G	D	E	R	K	N	Q	S	T	A	V	L	I	F	Y	W	H	M	C	P
0	0.00586	0.00418	0.00586	0.00669	0.00753	0.00418	0.00586	0.00753	0.00837	0.01088	0.01924	0.04100	0.02092	0.01004	0.00502	0.00167	0.00335	0.82513	0.00335	0.00335
1	0.00754	0.00646	0.00754	0.00538	0.00861	0.00484	0.00431	0.00915	0.00754	0.01184	0.00646	0.00754	0.00538	0.00269	0.00269	0.00054	0.00269	0.00215	0.00215	0.89449
2	0.01626	0.00627	0.00849	0.00651	0.00932	0.00546	0.00537	0.03453	0.01054	0.83510	0.01422	0.01230	0.00894	0.00450	0.00365	0.00112	0.00311	0.00365	0.00448	0.00619
3	0.00443	0.00316	0.00422	0.00506	0.00527	0.00295	0.00337	0.00506	0.00696	0.00928	0.02003	0.86990	0.02404	0.01139	0.00464	0.00148	0.00211	0.01033	0.00337	0.00295
4	0.01382	0.01018	0.01091	0.00836	0.01127	0.01127	0.00691	0.83748	0.01709	0.02291	0.00873	0.00873	0.00618	0.00436	0.00364	0.00109	0.00400	0.00327	0.00364	0.00618
5	0.00754	0.00646	0.00754	0.00538	0.00861	0.00484	0.00431	0.00915	0.00754	0.01184	0.00646	0.00754	0.00538	0.00269	0.00269	0.00054	0.00269	0.00215	0.00215	0.89449
6	0.00904	0.00781	0.00822	0.00740	0.00945	0.00904	0.00575	0.01931	0.84303	0.01520	0.01479	0.01356	0.01109	0.00493	0.00370	0.00123	0.00288	0.00411	0.00370	0.00575
7	0.00586	0.00418	0.00586	0.00669	0.00753	0.00418	0.00586	0.00753	0.00837	0.01088	0.01924	0.04100	0.02092	0.01004	0.00502	0.00167	0.00335	0.82513	0.00335	0.00335
8	0.00966	0.00809	0.00836	0.00741	0.00950	0.03823	0.00578	0.06816	0.70689	0.04946	0.02534	0.02574	0.01099	0.00497	0.00370	0.00121	0.00305	0.00410	0.00366	0.00567
9	0.00870	0.01032	0.07539	0.01454	0.02948	0.00931	0.70003	0.04778	0.00876	0.01201	0.00724	0.00953	0.00546	0.00329	0.00451	0.00123	0.04149	0.00408	0.00189	0.00496
10	0.89794	0.00703	0.00534	0.00478	0.00703	0.00815	0.00394	0.01068	0.00619	0.01631	0.00506	0.00590	0.00394	0.00337	0.00225	0.00112	0.00281	0.00197	0.00225	0.00394
11	0.17121	0.01488	0.00947	0.00846	0.01049	0.63390	0.00646	0.08420	0.01015	0.01141	0.00578	0.00662	0.00468	0.00373	0.00312	0.00098	0.00567	0.00235	0.00209	0.00433
12	0.00447	0.00342	0.00411	0.00456	0.00520	0.00306	0.00321	0.00532	0.00774	0.00994	0.09340	0.47976	0.32399	0.01024	0.00449	0.00136	0.00201	0.02724	0.00342	0.00304
13	0.16745	0.00618	0.00783	0.00634	0.00867	0.00594	0.04562	0.03190	0.05050	0.44307	0.09782	0.05395	0.03981	0.00509	0.00359	0.00116	0.00298	0.01322	0.00376	0.00514
14	0.00970	0.00807	0.07061	0.00920	0.12154	0.03351	0.04706	0.19483	0.03990	0.12210	0.25887	0.02615	0.03204	0.00520	0.00386	0.00113	0.00342	0.00448	0.00331	0.00501
15	0.00631	0.00316	0.00473	0.00473	0.00473	0.00316	0.00316	0.00473	0.00473	0.00631	0.00631	0.01105	0.00631	0.01263	0.01420	0.89426	0.00316	0.00316	0.00158	0.00158
16	0.01186	0.00933	0.01040	0.03817	0.02570	0.07614	0.02692	0.40066	0.09240	0.09465	0.02751	0.02668	0.00754	0.00504	0.01471	0.00123	0.11896	0.00354	0.00315	0.00542
17	0.00893	0.00855	0.01457	0.02199	0.83258	0.00855	0.01105	0.01108	0.00828	0.01185	0.00709	0.00964	0.00606	0.00338	0.00363	0.00109	0.00430	0.01985	0.00183	0.00571
18	0.01114	0.00954	0.03425	0.01574	0.41985	0.08484	0.10243	0.10351	0.00982	0.16066	0.00831	0.00940	0.00622	0.00361	0.00366	0.00109	0.00450	0.00334	0.00248	0.00563
19	0.00592	0.00708	0.18948	0.00582	0.00776	0.00455	0.00561	0.00810	0.00954	0.04283	0.56188	0.02310	0.10082	0.00662	0.00408	0.00115	0.00257	0.00572	0.00343	0.00392
20	0.89794	0.00703	0.00534	0.00478	0.00703	0.00815	0.00394	0.01068	0.00619	0.01631	0.00506	0.00590	0.00394	0.00337	0.00225	0.00112	0.00281	0.00197	0.00225	0.00394
21	0.00960	0.83350	0.05899	0.00642	0.00963	0.01410	0.00656	0.01091	0.00740	0.00869	0.00512	0.00592	0.00466	0.00313	0.00239	0.00080	0.00396	0.00198	0.00155	0.00470
22	0.00934	0.01080	0.18450	0.05304	0.18082	0.00872	0.28401	0.08844	0.00915	0.07955	0.02364	0.00959	0.00621	0.00363	0.00408	0.00117	0.03228	0.00357	0.00217	0.00529
23	0.00442	0.00318	0.00420	0.00502	0.00526	0.00296	0.00336	0.00506	0.00699	0.00929	0.02049	0.84732	0.04633	0.01133	0.00463	0.00147	0.00210	0.01026	0.00337	0.00296
24	0.03610	0.01079	0.20947	0.00857	0.01192	0.01848	0.05834	0.23781	0.07582	0.26206	0.01002	0.00987	0.00687	0.00416	0.00378	0.00114	0.02254	0.00332	0.00319	0.00575
25	0.00792	0.00630	0.00745	0.00540	0.00849	0.00480	0.00432	0.00953	0.00785	0.06098	0.05088	0.00884	0.00710	0.00304	0.00283	0.00060	0.00266	0.00247	0.00239	0.79613
26	0.89794	0.00703	0.00534	0.00478	0.00703	0.00815	0.00394	0.01068	0.00619	0.01631	0.00506	0.00590	0.00394	0.00337	0.00225	0.00112	0.00281	0.00197	0.00225	0.00394
27	0.00787	0.23668	0.52259	0.00850	0.01271	0.00935	0.02156	0.01098	0.00761	0.01100	0.00681	0.00795	0.00521	0.00346	0.00306	0.00102	0.00455	0.00260	0.11155	0.00494
28	0.00877	0.00529	0.00658	0.00548	0.00726	0.00488	0.00432	0.10384	0.01073	0.19457	0.46111	0.01987	0.04108	0.00596	0.00390	0.00107	0.00238	0.00510	0.00385	0.10395
29	0.00435	0.00348	0.00389	0.00422	0.00505	0.00302	0.00300	0.00516	0.00777	0.00961	0.03028	0.36022	0.52710	0.01005	0.00443	0.00132	0.00195	0.00871	0.00337	0.00302
30	0.01498	0.00589	0.00801	0.00624	0.00882	0.00511	0.00511	0.01642	0.01039	0.75255	0.11340	0.01413	0.01200	0.00485	0.00373	0.00113	0.00293	0.00400	0.00444	0.00586
31	0.00729	0.01880	0.85344	0.01036	0.01573	0.00844	0.01343	0.01151	0.00767	0.01151	0.00652	0.00767	0.00460	0.00345	0.00345	0.00115	0.00537	0.00269	0.00153	0.00537
32	0.00460	0.00368	0.00411	0.00403	0.00510	0.00319	0.00301	0.00580	0.00897	0.01151	0.32599	0.04932	0.54064	0.00862	0.00430	0.00120	0.00180	0.00733	0.00360	0.00319
33	0.00729	0.01880	0.85344	0.01036	0.01573	0.00844	0.01343	0.01151	0.00767	0.01151	0.00652	0.00767	0.00460	0.00345	0.00345	0.00115	0.00537	0.00269	0.00153	0.00537
34	0.00904	0.00781	0.00822	0.00740	0.00945	0.00904	0.00575	0.01931	0.84303	0.01520	0.01479	0.01356	0.01109	0.00493	0.00370	0.00123	0.00288	0.00411	0.00370	0.00575
35	0.00972	0.87446	0.01905	0.00622	0.00933	0.01438	0.00622	0.01088	0.00738	0.00855	0.00505	0.00583	0.00466	0.00311	0.00233	0.00078	0.00389	0.00194	0.00155	0.00466
36	0.00900	0.00864	0.01475	0.02231	0.84960	0.00864	0.01115	0.01115	0.00828	0.01187	0.00684	0.00900	0.00576	0.00324	0.00360	0.00108	0.00432	0.00324	0.00180	0.00576
37	0.01631	0.00619	0.00843	0.00647	0.00928	0.00534	0.00534	0.01771	0.01040	0.85211	0.01434	0.01237	0.00900	0.00450	0.00365	0.00112	0.00309	0.00365	0.00450	0.00619
38	0.01015	0.00933	0.01599	0.01183	0.01497	0.00942	0.45604	0.23337	0.11773	0.04091	0.02553	0.02125	0.00731	0.00388	0.00402	0.00119	0.00491	0.00410	0.00270	0.00534
39	0.00582	0.00417	0.00581	0.00663	0.00747	0.00416	0.00579	0.00748	0.00837	0.01085	0.01962	0.04087	0.03844	0.01002	0.00500	0.00166	0.00331	0.80782	0.00335	0.00334
40	0.00943	0.77433	0.11668	0.00670	0.01008	0.01369	0.00706	0.01096	0.00742	0.00890	0.00522	0.00605	0.00466	0.00315	0.00246	0.00082	0.00406	0.00203	0.00155	0.00475
41	0.00529	0.00352	0.00396	0.00396	0.00396	0.00352	0.00220	0.00529	0.00529	0.00705	0.01145	0.02378	0.01321	0.87227	0.01850	0.00352	0.00352	0.00529	0.00220	0.00220
42	0.00729	0.01880	0.85344	0.01036	0.01573	0.00844	0.01343	0.01151	0.00767	0.01151	0.00652	0.00767	0.00460	0.00345	0.00345	0.00115	0.00537	0.00269	0.00153	0.00537
43	0.00528	0.00353	0.00400	0.00400	0.00402	0.00355	0.00225	0.00531	0.00530	0.00708	0.01141	0.02358	0.01312	0.85386	0.03679	0.00357	0.00366	0.00526	0.00220	0.00222
44	0.00858	0.00980	0.02145	0.01532	0.01900	0.00919	0.83640	0.01164	0.00858	0.01164	0.00735	0.00980	0.00551	0.00306	0.00429	0.00123	0.00613	0.00429	0.00184	0.00490
45	0.00799	0.26738	0.61103	0.00916	0.01387	0.01017	0.01133	0.01133	0.00759	0.01065	0.00610	0.00714	0.00462	0.00335	0.00313	0.00104	0.00494	0.00247	0.00154	0.00517
46	0.00856	0.46749	0.41590	0.00819	0.01237	0.01156	0.00965	0.01118	0.00752	0.00996	0.00575	0.00671	0.00464	0.00327	0.00287	0.00096	0.00459	0.00230	0.00155	0.00500
47	0.85489	0.00699	0.00549	0.00486	0.00714	0.00802	0.00400	0.01103	0.00639	0.05712	0.00551	0.00622	0.00418	0.00343	0.00232	0.00112	0.00283	0.00205	0.00236	0.00405
48	0.00522	0.00379	0.00532	0.00532	0.00579	0.00426	0.00389	0.00616	0.00569	0.00805	0.01021	0.01692	0.01023	0.26228	0.62441	0.00520	0.00801	0.00428	0.00202	0.00296
49	0.00446	0.00318	0.00425	0.00509	0.00531	0.00298	0.00342	0.00511	0.00699	0.00931	0.02002	0.85412	0.02398	0.01136	0.00465	0.00148	0.00213	0.02584	0.00337	0.00296
50	0.01622	0.00632	0.00852	0.00653	0.00935	0.00555	0.00540	0.04609	0.01063	0.82341	0.01414	0.01224	0.00890	0.00449	0.00365	0.00112	0.00312	0.00364	0.00447	0.00619
51	0.00914	0.00898	0.01483	0.02162	0.79226	0.03804	0.03915	0.01129	0.00836	0.01176	0.00681	0.00894	0.00571	0.00325	0.00361	0.00108	0.00446	0.00324	0.00180	0.00567
52	0.00475	0.00403	0.00415	0.00407	0.00534	0.00360	0.00307	0.00652	0.08098	0.01052	0.07627	0.04567	0.72075	0.00878	0.00425	0.00123	0.00193	0.00735	0.00344	0.00332
53	0.00449	0.00320	0.00419	0.00496	0.00517	0.00299	0.00328	0.00508	0.00687	0.00913	0.01976	0.79462	0.03947	0.07125	0.00560	0.00161	0.00220	0.00993	0.00329	0.00290
54	0.00520	0.00409	0.02247	0.00536	0.02647	0.00363	0.00399	0.00678	0.00945	0.01318	0.59124	0.16472	0.04798	0.00814	0.00437	0.00124	0.00205	0.07246	0.00373	0.00343
55	0.10692	0.16856	0.17436	0.00657	0.01005	0.02552	0.00649	0.02306	0.00759	0.01178	0.00608	0.00707	0.00494	0.00304	0.00275	0.00078	0.00355	0.00222	0.00195	0.42671
56	0.06414	0.14899	0.31949	0.00800	0.01175	0.02482	0.02569	0.01362	0.03739	0.27987	0.00898	0.00900	0.00624	0.00376	0.00327	0.00107	0.00415	0.00290	0.00263	0.02425
57	0.89794	0.00703	0.00534	0.00478	0.00703	0.00815	0.00394	0.01068	0.00619	0.01631	0.00506	0.00590	0.00394	0.00337	0.00225	0.00112	0.00281	0.00197	0.00225	0.00394
58	0.01227	0.00790	0.00892	0.00736	0.00983	0.00850	0.00591	0.21334	0.40636	0.25860	0.01322	0.01207	0.00932	0.00467	0.00367	0.00117	0.00321	0.00378	0.00391	0.00598
59	0.00923	0.00953	0.03556	0.02031	0.68428	0.06023	0.08648	0.01989	0.00847	0.01174	0.00680	0.00887	0.00563	0.00330	0.00373	0.00109	0.01419	0.00327	0.00182	0.00556
60	0.00971	0.79806	0.06526	0.00655	0.00975	0.04229	0.00665	0.01104	0.00750	0.00873	0.00515	0.00596	0.00466	0.00315	0.00243	0.00080	0.00406	0.00200	0.00156	0.00469
61	0.00464	0.00363	0.00420	0.00418	0.00515	0.00319	0.00309	0.00583	0.00890	0.01158	0.34616	0.12878	0.44014	0.00878	0.00433	0.00122	0.00182	0.00756	0.00362	0.00319
62	0.00765	0.00636	0.00767	0.00559	0.00867	0.00485	0.02061	0.00924	0.00761	0.03533	0.00737	0.05023	0.00641	0.00318	0.00285	0.00061	0.00274	0.00264	0.00227	0.80812
63	0.00508	0.00371	0.00476	0.00450	0.00539	0.00340	0.00338	0.00673	0.01013	0.01419	0.78263	0.02778	0.09958	0.00757	0.00429	0.00115	0.00172	0.00666	0.00395	0.00340
64	0.54855	0.01099	0.00731	0.00658	0.00869	0.33135	0.00515	0.02428	0.00791	0.01358	0.00533	0.00619	0.00425	0.00353	0.00266	0.00105	0.00425	0.00213	0.00213	0.00407
65	0.00902	0.00868	0.03425	0.04581	0.59818	0.00864	0.05067	0.01268	0.15400	0.02933	0.00838	0.00989	0.00668	0.00357	0.00365	0.00112	0.00417	0.00344	0.00217	0.00566
66	0.00769	0.00646	0.00755	0.00540	0.00862	0.00485	0.00432	0.00930	0.00759	0.02653	0.00660	0.00762	0.00545	0.00272	0.00271	0.00055	0.00270	0.00218	0.00219	0.87896
67	0.00432	0.00367	0.00373	0.00375	0.00493	0.00308	0.00280	0.00526	0.00831	0.00994	0.06047	0.05822	0.80074	0.00921	0.00430	0.00123	0.00184	0.00771	0.00339	0.00308
68	0.13512	0.00630	0.00802	0.00624	0.00897	0.00572	0.00515	0.01677	0.00983	0.73948	0.01309	0.01150	0.00831	0.00435	0.00347	0.00112	0.00305	0.00343	0.00420	0.00588
69	0.00508	0.00371	0.00477	0.00451	0.00539	0.00340	0.00338	0.00674	0.01014	0.01422	0.78797	0.02773	0.09422	0.00756	0.00429	0.00115	0.00172	0.00665	0.00395	0.00340
70	0.00538	0.00407	0.00586	0.00582	0.00651	0.00471	0.00448	0.00705	0.04670	0.00870	0.01007	0.01473	0.00940	0.06932	0.77329	0.00550	0.00908	0.00398	0.00205	0.00331
71	0.00514	0.00372	0.00486	0.00457	0.00543	0.00343	0.00343	0.00686	0.01029	0.01457	0.84768	0.02715	0.03429	0.00743	0.00429	0.00114	0.00171	0.00657	0.00400	0.00343
72	0.00761	0.01808	0.80482	0.01011	0.01534	0.00825	0.01294	0.01167	0.00776	0.04061	0.00679	0.00783	0.00477	0.00347	0.00344	0.00114	0.00523	0.00271	0.00165	0.02576
73	0.00935	0.44590	0.32342	0.00816	0.01193	0.12557	0.00897	0.01160	0.00788	0.00968	0.00567	0.00660	0.00464	0.00332	0.00287	0.00094	0.00479	0.00227	0.00159	0.00486
74	0.03457	0.01251	0.37269	0.01130	0.16266	0.00798	0.02860	0.08999	0.00932	0.22229	0.00871	0.00918	0.00605	0.00375	0.00353	0.00113	0.00443	0.00310	0.00254	0.00567
75	0.21611	0.13907	0.07499	0.00705	0.02595	0.03948	0.00619	0.13997	0.00975	0.29484	0.00889	0.00871	0.00620	0.00388	0.00310	0.00106	0.00361	0.00282	0.00303	0.00530
76	0.00967	0.79509	0.07257	0.00656	0.00980	0.02518	0.00670	0.02324	0.00759	0.00896	0.00521	0.00600	0.00468	0.00316	0.00244	0.00081	0.00402	0.00202	0.00159	0.00473
77	0.00514	0.00372	0.00486	0.00457	0.00543	0.00343	0.00343	0.00686	0.01029	0.01457	0.84768	0.02715	0.03429	0.00743	0.00429	0.00114	0.00171	0.00657	0.00400	0.00343
78	0.06258	0.10255	0.06939	0.00700	0.01010	0.00732	0.04101	0.08731	0.00973	0.41920	0.01028	0.00981	0.00699	0.00387	0.00330	0.00100	0.00347	0.00307	0.00330	0.13873
79	0.01604	0.00618	0.00846	0.00665	0.02022	0.00535	0.00539	0.01745	0.01033	0.82929	0.01432	0.02435	0.00917	0.00458	0.00367	0.00113	0.00309	0.00374	0.00445	0.00613
80	0.00531	0.00355	0.00403	0.00406	0.00409	0.00355	0.00233	0.00536	0.00539	0.00718	0.01172	0.02438	0.01348	0.84242	0.01803	0.00346	0.00352	0.03366	0.00224	0.00224
81	0.01030	0.04955	0.20108	0.01523	0.42752	0.00823	0.01011	0.03394	0.00877	0.18789	0.00831	0.00926	0.00614	0.00357	0.00352	0.00109	0.00427	0.00314	0.00234	0.00572
82	0.06231	0.59676	0.02469	0.00681	0.00970	0.12386	0.00631	0.09165	0.01791	0.02306	0.00574	0.00641	0.00491	0.00337	0.00262	0.00086	0.00418	0.00218	0.00191	0.00475
83	0.00528	0.00354	0.00403	0.00403	0.00406	0.00356	0.00229	0.00533	0.00531	0.00710	0.01139	0.02344	0.01306	0.84174	0.04882	0.00361	0.00375	0.00524	0.00219	0.00224
84	0.00896	0.00817	0.02321	0.01130	0.22029	0.00885	0.02479	0.02516	0.57829	0.01430	0.02881	0.01246	0.00994	0.00449	0.00369	0.00119	0.00333	0.00391	0.00315	0.00569
85	0.00979	0.00501	0.01802	0.00554	0.00731	0.00428	0.00439	0.01116	0.00943	0.36196	0.24049	0.16388	0.07222	0.00671	0.00399	0.00117	0.00249	0.01502	0.00392	0.05322
86	0.01076	0.07688	0.43514	0.00860	0.02293	0.00773	0.00955	0.03251	0.00881	0.30137	0.00916	0.00919	0.00621	0.00377	0.00341	0.00109	0.00432	0.00296	0.00264	0.04297
87	0.00977	0.66068	0.15120	0.00714	0.02051	0.01280	0.00740	0.03055	0.00783	0.05498	0.00590	0.00658	0.00494	0.00327	0.00263	0.00087	0.00409	0.00220	0.00176	0.00491
88	0.01455	0.02567	0.00919	0.00720	0.02953	0.02462	0.00576	0.20008	0.02081	0.54259	0.03510	0.01194	0.02500	0.00452	0.00362	0.00109	0.00334	0.00362	0.00402	0.02771
89	0.46183	0.02703	0.04864	0.00612	0.01891	0.00781	0.00520	0.10017	0.02964	0.21274	0.01686	0.00893	0.02526	0.00394	0.00291	0.00111	0.00314	0.00278	0.00295	0.01402
90	0.11903	0.14396	0.15927	0.00788	0.04992	0.00886	0.00716	0.14861	0.04633	0.16332	0.01755	0.00870	0.00632	0.00375	0.00315	0.00101	0.00372	0.00283	0.00270	0.09594
91	0.13612	0.02504	0.09101	0.00890	0.11698	0.01788	0.00687	0.12098	0.05799	0.32666	0.02127	0.01003	0.00730	0.00403	0.00338	0.00110	0.00356	0.00319	0.00323	0.03450
92	0.09425	0.01692	0.10584	0.00881	0.10257	0.00713	0.04046	0.06854	0.05854	0.19743	0.00921	0.03899	0.00702	0.00395	0.00351	0.00102	0.02327	0.00323	0.00277	0.20654
93	0.06267	0.01916	0.11931	0.00972	0.14846	0.00743	0.01696	0.10288	0.06576	0.29137	0.00985	0.00984	0.00692	0.00386	0.00342	0.00105	0.00365	0.00316	0.00305	0.11148
94	0.04255	0.00847	0.09320	0.00832	0.04820	0.01841	0.08267	0.07487	0.04255	0.35657	0.01022	0.01006	0.00704	0.00381	0.00345	0.00102	0.00367	0.00322	0.00318	0.17853
95	0.04236	0.00782	0.05690	0.00886	0.12148	0.00679	0.01799	0.08129	0.07983	0.33549	0.01039	0.01017	0.00727	0.00385	0.00339	0.00100	0.00339	0.00318	0.00322	0.19532
96	0.01204	0.00795	0.07818	0.00934	0.15048	0.00649	0.00685	0.05710	0.04244	0.38556	0.01047	0.01024	0.00725	0.00382	0.00342	0.00100	0.00344	0.00318	0.00322	0.19752
97	0.05398	0.01719	0.07893	0.00821	0.07225	0.02997	0.04289	0.05160	0.06395	0.32671	0.04600	0.02020	0.00845	0.00407	0.00344	0.00103	0.00348	0.00338	0.00319	0.16106

[dist]
# distance from previous block
# <min> <max>
13	35

[block]
# block no. 1 follows, 76 sequences, length 62
# corresponding to MSA columns:
# 198-259
name=unknown_B
#
# <colnr> <probs for GDERKNQSTAVLIFYWHMCP>
#	G	D	E	R	K	N	Q	S	T	A	V	L	I	F	Y	W	H	M	C	P
0	0.01129	0.00831	0.05175	0.01003	0.17425	0.00769	0.00703	0.21153	0.07699	0.20318	0.03199	0.02432	0.00794	0.00409	0.00350	0.00103	0.00353	0.00340	0.00313	0.15501
1	0.01164	0.00798	0.04936	0.00938	0.13757	0.00720	0.02360	0.12956	0.10660	0.28748	0.02288	0.01054	0.00778	0.00397	0.00348	0.00102	0.00345	0.00332	0.00324	0.16991
2	0.02073	0.01864	0.01045	0.02682	0.12325	0.02333	0.04578	0.20687	0.11704	0.21450	0.02209	0.01030	0.00758	0.00401	0.00351	0.00104	0.00361	0.00335	0.00320	0.13388
3	0.03029	0.02343	0.10060	0.02969	0.16958	0.00833	0.05454	0.18931	0.08747	0.18534	0.01882	0.00995	0.00708	0.00392	0.00355	0.00108	0.00391	0.00333	0.00294	0.06685
4	0.03340	0.02551	0.07121	0.01026	0.16782	0.01650	0.03344	0.18795	0.07022	0.18151	0.00914	0.00945	0.00664	0.00377	0.00342	0.00101	0.00373	0.00313	0.00291	0.15897
5	0.03555	0.01737	0.02293	0.00920	0.10567	0.00810	0.04431	0.27872	0.05439	0.28321	0.03660	0.01059	0.00798	0.00418	0.00357	0.00108	0.00361	0.00345	0.00345	0.06603
6	0.04422	0.04217	0.02376	0.02649	0.10215	0.02046	0.02687	0.30042	0.05745	0.19914	0.02187	0.00975	0.00712	0.00402	0.00346	0.00104	0.00368	0.00323	0.00320	0.09951
7	0.04682	0.03809	0.02485	0.02362	0.17273	0.00847	0.02395	0.23236	0.10062	0.20308	0.02994	0.01029	0.00768	0.00408	0.00351	0.00108	0.00363	0.00337	0.00317	0.05865
8	0.03689	0.03942	0.05933	0.00871	0.05565	0.00911	0.05161	0.33562	0.14131	0.11140	0.02184	0.00987	0.00733	0.00409	0.00350	0.00106	0.00373	0.00332	0.00317	0.09303
9	0.05260	0.03571	0.04414	0.02075	0.09488	0.00825	0.02655	0.23858	0.10729	0.19107	0.03124	0.01066	0.02289	0.00417	0.00348	0.00106	0.00354	0.00339	0.00320	0.09655
10	0.04122	0.00777	0.03018	0.06104	0.13948	0.00764	0.02327	0.20005	0.06719	0.23985	0.07477	0.02581	0.00942	0.00441	0.00362	0.00110	0.00354	0.00370	0.00328	0.05266
11	0.03549	0.02785	0.00903	0.00704	0.03329	0.00664	0.01945	0.13472	0.04813	0.39785	0.02953	0.02163	0.00825	0.00413	0.00341	0.00099	0.00318	0.00335	0.00354	0.20252
12	0.00910	0.02826	0.00845	0.00635	0.00906	0.02536	0.01530	0.09849	0.12989	0.07739	0.04641	0.02179	0.00815	0.00420	0.01831	0.00092	0.01971	0.00306	0.00277	0.46704
13	0.19087	0.00816	0.03620	0.00725	0.00971	0.00853	0.04770	0.19581	0.27507	0.08776	0.07601	0.01145	0.00963	0.00448	0.00344	0.00115	0.00328	0.00358	0.00330	0.01662
14	0.33974	0.32276	0.02514	0.00629	0.00890	0.05710	0.00560	0.09743	0.07096	0.01349	0.00622	0.00684	0.00504	0.00357	0.00277	0.00100	0.01803	0.00231	0.00221	0.00461
15	0.00686	0.00646	0.01090	0.86353	0.02503	0.00807	0.01009	0.00929	0.00727	0.00929	0.00646	0.00969	0.00484	0.00363	0.00363	0.00121	0.00484	0.00323	0.00161	0.00404
16	0.00435	0.00368	0.00375	0.00373	0.00494	0.00309	0.00280	0.00531	0.00840	0.01010	0.08430	0.03452	0.80046	0.00910	0.00430	0.00122	0.00183	0.00761	0.00341	0.00309
17	0.00500	0.00385	0.00418	0.00438	0.01945	0.01540	0.00281	0.00552	0.00686	0.00861	0.03454	0.10305	0.34841	0.40142	0.01076	0.00229	0.00275	0.01517	0.00280	0.00274
18	0.01631	0.00619	0.00843	0.00647	0.00928	0.00534	0.00534	0.01771	0.01040	0.85211	0.01434	0.01237	0.00900	0.00450	0.00365	0.00112	0.00309	0.00365	0.00450	0.00619
19	0.01382	0.01018	0.01091	0.00836	0.01127	0.01127	0.00691	0.83748	0.01709	0.02291	0.00873	0.00873	0.00618	0.00436	0.00364	0.00109	0.00400	0.00327	0.00364	0.00618
20	0.00754	0.00646	0.00754	0.00538	0.00861	0.00484	0.00431	0.00915	0.00754	0.01184	0.00646	0.00754	0.00538	0.00269	0.00269	0.00054	0.00269	0.00215	0.00215	0.89449
21	0.00451	0.00326	0.00429	0.00503	0.00533	0.00307	0.00342	0.00520	0.00698	0.00926	0.02038	0.74121	0.07360	0.03068	0.04463	0.00171	0.00251	0.02869	0.00328	0.00297
22	0.01631	0.00619	0.00843	0.00647	0.00928	0.00534	0.00534	0.01771	0.01040	0.85211	0.01434	0.01237	0.00900	0.00450	0.00365	0.00112	0.00309	0.00365	0.00450	0.00619
23	0.00900	0.00864	0.01475	0.02231	0.84960	0.00864	0.01115	0.01115	0.00828	0.01187	0.00684	0.00900	0.00576	0.00324	0.00360	0.00108	0.00432	0.00324	0.00180	0.00576
24	0.00957	0.00875	0.00870	0.00812	0.04015	0.11751	0.01768	0.04691	0.56521	0.03130	0.05311	0.02880	0.01143	0.00506	0.00373	0.00120	0.00344	0.03062	0.00338	0.00533
25	0.00440	0.00364	0.00387	0.00403	0.00510	0.00311	0.00301	0.00532	0.00811	0.00980	0.03361	0.14728	0.69254	0.00954	0.00438	0.00128	0.00196	0.05256	0.00337	0.00307
26	0.01631	0.00619	0.00843	0.00647	0.00928	0.00534	0.00534	0.01771	0.01040	0.85211	0.01434	0.01237	0.00900	0.00450	0.00365	0.00112	0.00309	0.00365	0.00450	0.00619
27	0.00442	0.00318	0.00420	0.00501	0.00526	0.00296	0.00335	0.00507	0.00701	0.00930	0.02066	0.83888	0.05466	0.01131	0.00463	0.00147	0.00210	0.01023	0.00337	0.00296
28	0.00812	0.22759	0.61772	0.00932	0.01405	0.00983	0.02248	0.01151	0.00768	0.03125	0.00636	0.00737	0.00474	0.00339	0.00320	0.00106	0.00496	0.00255	0.00162	0.00521
29	0.00903	0.00955	0.04048	0.04298	0.51818	0.09045	0.03775	0.01091	0.00788	0.01085	0.00639	0.00868	0.00547	0.00436	0.02246	0.00127	0.16324	0.00317	0.00176	0.00514
30	0.89794	0.00703	0.00534	0.00478	0.00703	0.00815	0.00394	0.01068	0.00619	0.01631	0.00506	0.00590	0.00394	0.00337	0.00225	0.00112	0.00281	0.00197	0.00225	0.00394
31	0.00447	0.00368	0.00392	0.00388	0.00502	0.00314	0.00290	0.00554	0.00866	0.01075	0.19711	0.04823	0.67233	0.00889	0.00430	0.00122	0.00182	0.00750	0.00350	0.00314
32	0.01358	0.00838	0.00979	0.02798	0.03008	0.00862	0.00629	0.46238	0.01360	0.26915	0.01018	0.00985	0.00698	0.00421	0.00353	0.00105	0.00359	0.00329	0.02334	0.08412
33	0.00443	0.00316	0.00422	0.00506	0.00527	0.00295	0.00337	0.00506	0.00696	0.00928	0.02003	0.86990	0.02404	0.01139	0.00464	0.00148	0.00211	0.01033	0.00337	0.00295
34	0.00911	0.00844	0.01421	0.08775	0.74541	0.00857	0.01083	0.03036	0.00845	0.03180	0.00703	0.00912	0.00577	0.00333	0.00360	0.00109	0.00432	0.00325	0.00189	0.00564
35	0.16576	0.18105	0.15278	0.00880	0.03478	0.22675	0.06961	0.08979	0.00903	0.02195	0.00612	0.00707	0.00482	0.00351	0.00307	0.00102	0.00481	0.00253	0.00201	0.00475
36	0.00483	0.00369	0.00441	0.00430	0.00525	0.00330	0.00321	0.00618	0.00928	0.01240	0.48602	0.05918	0.32899	0.02907	0.00466	0.00125	0.00185	0.02519	0.00369	0.00325
37	0.00932	0.00882	0.04655	0.01489	0.40013	0.02113	0.05431	0.01451	0.31345	0.05259	0.01007	0.01076	0.00777	0.00396	0.00377	0.00115	0.01495	0.00360	0.00261	0.00567
38	0.85530	0.00700	0.00545	0.00481	0.00710	0.00799	0.00395	0.01061	0.00625	0.01609	0.00513	0.00598	0.00401	0.00334	0.00227	0.00110	0.00281	0.00198	0.00224	0.04658
39	0.01066	0.00861	0.00913	0.00772	0.01007	0.00980	0.00615	0.29719	0.56251	0.01782	0.01273	0.01192	0.00943	0.00474	0.00368	0.00118	0.00326	0.00382	0.00368	0.00590
40	0.89794	0.00703	0.00534	0.00478	0.00703	0.00815	0.00394	0.01068	0.00619	0.01631	0.00506	0.00590	0.00394	0.00337	0.00225	0.00112	0.00281	0.00197	0.00225	0.00394
41	0.00754	0.00653	0.00789	0.02457	0.00918	0.00500	0.02106	0.00920	0.00755	0.01178	0.00648	0.00763	0.00537	0.00272	0.00274	0.00057	0.00281	0.00222	0.00214	0.85701
42	0.08818	0.01251	0.01032	0.09157	0.05382	0.43443	0.00742	0.04373	0.00881	0.02444	0.00580	0.00740	0.00484	0.00427	0.00509	0.00113	0.18735	0.00267	0.00193	0.00431
43	0.89794	0.00703	0.00534	0.00478	0.00703	0.00815	0.00394	0.01068	0.00619	0.01631	0.00506	0.00590	0.00394	0.00337	0.00225	0.00112	0.00281	0.00197	0.00225	0.00394
44	0.00686	0.00646	0.01090	0.86353	0.02503	0.00807	0.01009	0.00929	0.00727	0.00929	0.00646	0.00969	0.00484	0.00363	0.00363	0.00121	0.00484	0.00323	0.00161	0.00404
45	0.00431	0.00368	0.00371	0.00370	0.00492	0.00308	0.00278	0.00525	0.00833	0.00992	0.05377	0.03481	0.83111	0.00917	0.00430	0.00123	0.00184	0.00765	0.00339	0.00308
46	0.00627	0.00502	0.00573	0.00533	0.00662	0.00515	0.00406	0.02105	0.26153	0.01393	0.42641	0.03914	0.17138	0.00702	0.00411	0.00119	0.00212	0.00605	0.00378	0.00409
47	0.01177	0.00767	0.01244	0.03637	0.47263	0.00736	0.03865	0.01368	0.00909	0.33869	0.00976	0.01035	0.00699	0.00373	0.00365	0.00111	0.00392	0.00344	0.00285	0.00585
48	0.01112	0.06094	0.08766	0.09433	0.32390	0.02459	0.02038	0.08197	0.00942	0.23694	0.00881	0.00960	0.00638	0.00373	0.00353	0.00109	0.00415	0.00322	0.00262	0.00560
49	0.00972	0.87446	0.01905	0.00622	0.00933	0.01438	0.00622	0.01088	0.00738	0.00855	0.00505	0.00583	0.00466	0.00311	0.00233	0.00078	0.00389	0.00194	0.00155	0.00466
50	0.00493	0.00365	0.00460	0.00449	0.00533	0.00332	0.00332	0.00640	0.00960	0.01324	0.62806	0.12463	0.15865	0.00816	0.00433	0.00119	0.00178	0.00717	0.00383	0.00332
51	0.00739	0.09182	0.72967	0.02245	0.01488	0.00872	0.01235	0.01118	0.00764	0.01115	0.00700	0.02902	0.00544	0.00376	0.00342	0.00114	0.00511	0.02102	0.00162	0.00519
52	0.08139	0.01211	0.10549	0.01124	0.18156	0.26874	0.02055	0.11160	0.01007	0.15175	0.00776	0.00840	0.00574	0.00377	0.00340	0.00106	0.00479	0.00289	0.00249	0.00521
53	0.00509	0.00366	0.00493	0.00503	0.00547	0.00390	0.00357	0.00588	0.00615	0.00847	0.05008	0.12904	0.06134	0.25203	0.41377	0.02481	0.00611	0.00542	0.00236	0.00288
54	0.00631	0.00646	0.08419	0.01058	0.25026	0.00545	0.00668	0.00828	0.04695	0.01099	0.08167	0.38282	0.04956	0.00758	0.00415	0.00129	0.00307	0.02673	0.00282	0.00416
55	0.01147	0.00873	0.13552	0.00826	0.07135	0.00654	0.02457	0.07981	0.02801	0.33169	0.01794	0.00996	0.00714	0.00377	0.00338	0.00097	0.00354	0.00310	0.00309	0.24117
56	0.01078	0.02110	0.04827	0.01128	0.20678	0.06341	0.05555	0.20176	0.04903	0.10573	0.02079	0.00930	0.00666	0.00370	0.00345	0.00099	0.00399	0.00314	0.00269	0.17158
57	0.05397	0.00832	0.04633	0.00855	0.05221	0.05097	0.09508	0.09988	0.02991	0.41884	0.01070	0.01033	0.00724	0.00398	0.00354	0.00107	0.00379	0.00335	0.00339	0.08855
58	0.02892	0.00762	0.02712	0.01820	0.15042	0.00695	0.03934	0.11931	0.04675	0.25340	0.02879	0.01011	0.00745	0.00378	0.00340	0.00097	0.00345	0.00320	0.00304	0.23779
59	0.06249	0.00793	0.04933	0.00942	0.14607	0.02570	0.01997	0.09399	0.02765	0.42088	0.02214	0.01056	0.00766	0.00403	0.00349	0.00107	0.00354	0.00332	0.00340	0.07738
60	0.05573	0.00780	0.03343	0.01979	0.09187	0.00727	0.05685	0.15636	0.04221	0.41078	0.01091	0.01048	0.00739	0.00406	0.00354	0.00108	0.00359	0.00338	0.00350	0.06996
61	0.03963	0.00780	0.04375	0.00822	0.07181	0.00722	0.03006	0.14887	0.12151	0.32148	0.04769	0.01129	0.00882	0.00423	0.00353	0.00106	0.00336	0.00350	0.00348	0.11268

[dist]
# distance from previous block
# <min> <max>
0	31

[block]
# block no. 2 follows, 76 sequences, length 56
# corresponding to MSA columns:
# 293-348
name=unknown_C
#
# <colnr> <probs for GDERKNQSTAVLIFYWHMCP>
#	G	D	E	R	K	N	Q	S	T	A	V	L	I	F	Y	W	H	M	C	P
0	0.05618	0.00687	0.00851	0.00660	0.00938	0.00639	0.02851	0.07522	0.12782	0.38800	0.02644	0.01097	0.00831	0.00407	0.00338	0.00100	0.00308	0.00331	0.00356	0.22239
1	0.04640	0.00719	0.00866	0.00679	0.00951	0.00694	0.01509	0.17513	0.10829	0.37955	0.02089	0.01169	0.00848	0.00435	0.00350	0.00105	0.00319	0.02644	0.00369	0.15316
2	0.08226	0.00683	0.00824	0.00644	0.00909	0.00645	0.02983	0.11067	0.09756	0.28672	0.07003	0.01197	0.03285	0.00429	0.00339	0.00100	0.00302	0.00349	0.00341	0.22247
3	0.04506	0.01916	0.04381	0.00700	0.00993	0.00728	0.02438	0.20725	0.06881	0.31001	0.02993	0.01036	0.00782	0.00405	0.00340	0.00100	0.00334	0.00324	0.00344	0.19073
4	0.07449	0.00692	0.00831	0.00654	0.00920	0.00667	0.00533	0.13525	0.10285	0.46212	0.04917	0.01171	0.00924	0.00440	0.00349	0.00108	0.00308	0.00352	0.00388	0.09276
5	0.20863	0.00814	0.02500	0.00683	0.00938	0.03163	0.00564	0.21615	0.16417	0.24949	0.02183	0.01049	0.01821	0.00435	0.00335	0.00113	0.00332	0.00331	0.00349	0.00546
6	0.05301	0.02704	0.03101	0.00679	0.00954	0.05394	0.00570	0.11716	0.02327	0.55655	0.04406	0.01149	0.00887	0.00440	0.00353	0.00109	0.00339	0.00347	0.00390	0.03177
7	0.03611	0.06781	0.03568	0.00833	0.03062	0.00948	0.06004	0.32251	0.20934	0.12213	0.01051	0.02935	0.00781	0.00437	0.00356	0.00111	0.00369	0.00357	0.00331	0.03068
8	0.00535	0.00396	0.00573	0.00569	0.00631	0.00455	0.00434	0.02055	0.00598	0.00854	0.00990	0.01516	0.00946	0.11402	0.75672	0.00552	0.00900	0.00403	0.00200	0.00319
9	0.00751	0.03120	0.51336	0.00984	0.05188	0.00813	0.04931	0.01228	0.15641	0.01227	0.06846	0.01137	0.04362	0.00420	0.00361	0.00116	0.00448	0.00351	0.00220	0.00519
10	0.00972	0.87446	0.01905	0.00622	0.00933	0.01438	0.00622	0.01088	0.00738	0.00855	0.00505	0.00583	0.00466	0.00311	0.00233	0.00078	0.00389	0.00194	0.00155	0.00466
11	0.00494	0.00421	0.01513	0.00435	0.00558	0.00371	0.00335	0.00684	0.07434	0.01145	0.23564	0.04411	0.54425	0.00840	0.00425	0.00122	0.00196	0.01934	0.00353	0.00340
12	0.00750	0.00823	0.12873	0.00610	0.00963	0.00536	0.00561	0.00949	0.00756	0.01180	0.00647	0.00756	0.00527	0.00280	0.00280	0.00063	0.00308	0.00223	0.00206	0.76711
13	0.00440	0.00356	0.00391	0.00408	0.00504	0.00307	0.00296	0.00533	0.00816	0.01012	0.10585	0.22754	0.58419	0.00955	0.00437	0.00128	0.00189	0.00819	0.00343	0.00307
14	0.01084	0.00870	0.00923	0.00776	0.01014	0.00988	0.00619	0.32712	0.53230	0.01810	0.01251	0.01174	0.00925	0.00472	0.00367	0.00118	0.00330	0.00379	0.00367	0.00591
15	0.08215	0.01260	0.01002	0.00880	0.02312	0.41149	0.04259	0.14852	0.15605	0.03165	0.00837	0.00941	0.00662	0.00419	0.00344	0.00107	0.00498	0.02748	0.00261	0.00485
16	0.00582	0.00416	0.00581	0.00665	0.00747	0.00415	0.00579	0.00746	0.00833	0.01083	0.01927	0.06388	0.02100	0.01008	0.00501	0.00167	0.00331	0.80264	0.00335	0.00334
17	0.00686	0.00646	0.01090	0.86353	0.02503	0.00807	0.01009	0.00929	0.00727	0.00929	0.00646	0.00969	0.00484	0.00363	0.00363	0.00121	0.00484	0.00323	0.00161	0.00404
18	0.04990	0.00951	0.03711	0.06880	0.52597	0.06003	0.06413	0.11749	0.00938	0.01313	0.00693	0.00873	0.00556	0.00344	0.00357	0.00109	0.00452	0.00318	0.00204	0.00547
19	0.00601	0.00501	0.00540	0.00507	0.00648	0.00507	0.00387	0.01011	0.27678	0.01262	0.21211	0.02634	0.39631	0.00743	0.00410	0.00121	0.00215	0.00628	0.00362	0.00401
20	0.00430	0.00368	0.00368	0.00368	0.00491	0.00307	0.00276	0.00522	0.00828	0.00982	0.03682	0.03498	0.84812	0.00920	0.00430	0.00123	0.00184	0.00767	0.00338	0.00307
21	0.39529	0.00699	0.00738	0.00595	0.00853	0.00721	0.00491	0.10590	0.00933	0.40030	0.00972	0.00918	0.00651	0.00400	0.00305	0.00112	0.00307	0.00289	0.00343	0.00522
22	0.01078	0.17946	0.05669	0.04660	0.25034	0.04342	0.00836	0.27060	0.05870	0.02978	0.00759	0.00848	0.00590	0.00373	0.00335	0.00104	0.00419	0.00299	0.00247	0.00553
23	0.00686	0.00646	0.01090	0.86353	0.02503	0.00807	0.01009	0.00929	0.00727	0.00929	0.00646	0.00969	0.00484	0.00363	0.00363	0.00121	0.00484	0.00323	0.00161	0.00404
24	0.00443	0.00316	0.00422	0.00506	0.00527	0.00295	0.00337	0.00506	0.00696	0.00928	0.02003	0.86990	0.02404	0.01139	0.00464	0.00148	0.00211	0.01033	0.00337	0.00295
25	0.00558	0.00445	0.00615	0.02977	0.00735	0.00449	0.05472	0.02117	0.12607	0.01064	0.04269	0.63293	0.02056	0.00952	0.00443	0.00140	0.00256	0.00866	0.00330	0.00357
26	0.00898	0.01304	0.34648	0.01217	0.03898	0.00890	0.33240	0.08148	0.00892	0.06474	0.00745	0.00893	0.00540	0.00356	0.00418	0.00119	0.04246	0.00346	0.00202	0.00526
27	0.01382	0.01018	0.01091	0.00836	0.01127	0.01127	0.00691	0.83748	0.01709	0.02291	0.00873	0.00873	0.00618	0.00436	0.00364	0.00109	0.00400	0.00327	0.00364	0.00618
28	0.00902	0.00785	0.00964	0.02402	0.20215	0.00873	0.00696	0.04545	0.56824	0.01456	0.02903	0.01255	0.01001	0.00453	0.00365	0.00118	0.00322	0.00389	0.02970	0.00563
29	0.00899	0.00968	0.01843	0.04864	0.01732	0.04946	0.63219	0.07911	0.03086	0.01241	0.02455	0.03570	0.00677	0.00361	0.00416	0.00121	0.00563	0.00429	0.00211	0.00487
30	0.14119	0.07874	0.03777	0.00855	0.01129	0.05636	0.13743	0.25311	0.18643	0.01590	0.00949	0.00984	0.02979	0.00410	0.00344	0.00112	0.00404	0.00336	0.00283	0.00522
31	0.01009	0.00777	0.00742	0.00631	0.00835	0.11842	0.00498	0.20057	0.09240	0.14869	0.02051	0.01949	0.32743	0.00620	0.00385	0.00114	0.00326	0.00497	0.00345	0.00470
32	0.00754	0.00646	0.00754	0.00538	0.00861	0.00484	0.00431	0.00915	0.00754	0.01184	0.00646	0.00754	0.00538	0.00269	0.00269	0.00054	0.00269	0.00215	0.00215	0.89449
33	0.01223	0.10942	0.01136	0.00799	0.01043	0.03033	0.00666	0.51134	0.07195	0.05825	0.00857	0.00919	0.00649	0.02863	0.00481	0.00119	0.09923	0.00322	0.00313	0.00558
34	0.00520	0.00387	0.00571	0.00571	0.00631	0.00447	0.00438	0.00641	0.00580	0.00834	0.00986	0.01495	0.00938	0.08684	0.79869	0.00568	0.00930	0.00399	0.00197	0.00317
35	0.00478	0.00418	0.00511	0.00463	0.00599	0.00359	0.06202	0.00582	0.00811	0.00992	0.04789	0.05584	0.67398	0.05938	0.00509	0.00135	0.00228	0.00718	0.00317	0.02969
36	0.00495	0.00371	0.00459	0.00437	0.00531	0.00335	0.00328	0.00648	0.00983	0.01348	0.66131	0.02895	0.22134	0.00784	0.00429	0.00116	0.00174	0.00683	0.00386	0.00335
37	0.01278	0.01005	0.01265	0.00954	0.01255	0.01085	0.14991	0.67248	0.03844	0.02075	0.00866	0.00905	0.00620	0.00415	0.00375	0.00112	0.00434	0.00347	0.00333	0.00595
38	0.01357	0.01006	0.01077	0.00831	0.01118	0.01116	0.00685	0.79533	0.05964	0.02251	0.00904	0.00898	0.00643	0.00439	0.00364	0.00110	0.00394	0.00332	0.00364	0.00616
39	0.00978	0.21607	0.02586	0.01037	0.04037	0.11474	0.27368	0.05001	0.13605	0.02887	0.04245	0.00967	0.00733	0.00376	0.00363	0.00107	0.01564	0.00343	0.00227	0.00494
40	0.00452	0.00368	0.00402	0.00407	0.00515	0.00318	0.00307	0.00560	0.00853	0.01062	0.16897	0.08830	0.61736	0.00910	0.00435	0.00125	0.00191	0.04969	0.00348	0.00313
41	0.01344	0.01047	0.01084	0.00893	0.04564	0.07541	0.00700	0.68583	0.05301	0.03961	0.00881	0.00887	0.00633	0.00430	0.00361	0.00109	0.00414	0.00325	0.00345	0.00599
42	0.00514	0.00372	0.00486	0.00457	0.00543	0.00343	0.00343	0.00686	0.01029	0.01457	0.84768	0.02715	0.03429	0.00743	0.00429	0.00114	0.00171	0.00657	0.00400	0.00343
43	0.05002	0.03535	0.01052	0.00791	0.01073	0.01053	0.00654	0.64942	0.06690	0.10125	0.00938	0.00917	0.00662	0.00433	0.00355	0.00109	0.00379	0.00327	0.00360	0.00602
44	0.00900	0.00864	0.01475	0.02231	0.84960	0.00864	0.01115	0.01115	0.00828	0.01187	0.00684	0.00900	0.00576	0.00324	0.00360	0.00108	0.00432	0.00324	0.00180	0.00576
45	0.00443	0.00316	0.00422	0.00506	0.00527	0.00295	0.00337	0.00506	0.00696	0.00928	0.02003	0.86990	0.02404	0.01139	0.00464	0.00148	0.00211	0.01033	0.00337	0.00295
46	0.00503	0.00378	0.00465	0.00534	0.00568	0.02701	0.00368	0.02516	0.00730	0.00959	0.01894	0.75810	0.02242	0.01097	0.00486	0.02611	0.00237	0.05266	0.00329	0.00305
47	0.00891	0.00864	0.01503	0.04554	0.77867	0.00865	0.05858	0.01113	0.00826	0.01179	0.00686	0.00906	0.00572	0.00324	0.00364	0.00109	0.00444	0.00330	0.00180	0.00566
48	0.00446	0.00319	0.00424	0.00504	0.00528	0.00297	0.00338	0.00513	0.00710	0.00950	0.05409	0.83522	0.02446	0.01122	0.00462	0.00146	0.00209	0.01018	0.00340	0.00297
49	0.00686	0.00646	0.01090	0.86353	0.02503	0.00807	0.01009	0.00929	0.00727	0.00929	0.00646	0.00969	0.00484	0.00363	0.00363	0.00121	0.00484	0.00323	0.00161	0.00404
50	0.01108	0.00907	0.08894	0.01253	0.14498	0.00771	0.30671	0.04335	0.01821	0.28039	0.00991	0.03425	0.00718	0.00388	0.00388	0.00117	0.00458	0.00391	0.00278	0.00549
51	0.01424	0.00950	0.01049	0.00804	0.01093	0.01027	0.00664	0.69851	0.01596	0.16347	0.00968	0.00934	0.00666	0.00439	0.00364	0.00110	0.00385	0.00334	0.00378	0.00618
52	0.00443	0.00316	0.00422	0.00506	0.00527	0.00295	0.00337	0.00506	0.00696	0.00928	0.02003	0.86990	0.02404	0.01139	0.00464	0.00148	0.00211	0.01033	0.00337	0.00295
53	0.01358	0.01732	0.01030	0.00936	0.01124	0.85768	0.00702	0.01451	0.01030	0.00890	0.00562	0.00655	0.00468	0.00375	0.00328	0.00094	0.00655	0.00234	0.00187	0.00421
54	0.01494	0.02903	0.02136	0.00743	0.01028	0.05010	0.03881	0.19049	0.02512	0.55534	0.01211	0.01100	0.00791	0.00433	0.00362	0.00111	0.00363	0.00349	0.00395	0.00598
55	0.02575	0.05301	0.04503	0.00799	0.01064	0.03501	0.04029	0.33625	0.27832	0.07816	0.04413	0.01101	0.00883	0.00449	0.00360	0.00113	0.00368	0.00360	0.00339	0.00568

[dist]
# distance from previous block
# <min> <max>
1	8

[block]
# block no. 3 follows, 76 sequences, length 31
# corresponding to MSA columns:
# 357-387
name=unknown_D
#
# <colnr> <probs for GDERKNQSTAVLIFYWHMCP>
#	G	D	E	R	K	N	Q	S	T	A	V	L	I	F	Y	W	H	M	C	P
0	0.02237	0.04068	0.06323	0.37780	0.11357	0.05064	0.15572	0.03844	0.02761	0.01092	0.00699	0.01998	0.00548	0.00357	0.00362	0.00113	0.00485	0.00333	0.00186	0.04823
1	0.00520	0.00385	0.00563	0.00562	0.00622	0.00440	0.00428	0.00640	0.00601	0.00862	0.05094	0.01574	0.01068	0.09978	0.74303	0.00541	0.00880	0.00415	0.00207	0.00316
2	0.00850	0.00814	0.01387	0.21585	0.65989	0.00851	0.01091	0.01072	0.00804	0.01128	0.00675	0.00916	0.00555	0.00333	0.00361	0.00111	0.00444	0.00324	0.00176	0.00536
3	0.00441	0.00323	0.00415	0.00489	0.00523	0.00297	0.00330	0.00508	0.00712	0.00934	0.02205	0.76941	0.12322	0.01112	0.00460	0.00145	0.00208	0.01001	0.00337	0.00297
4	0.01363	0.01009	0.01080	0.00832	0.01120	0.01118	0.00686	0.80488	0.05000	0.02260	0.00897	0.00892	0.00638	0.00439	0.00364	0.00110	0.00395	0.00331	0.00364	0.00616
5	0.00473	0.00369	0.00430	0.00417	0.00518	0.00325	0.00312	0.00606	0.00928	0.01225	0.45271	0.04991	0.41161	0.00834	0.00430	0.00119	0.00178	0.00717	0.00370	0.00325
6	0.01358	0.01732	0.01030	0.00936	0.01124	0.85768	0.00702	0.01451	0.01030	0.00890	0.00562	0.00655	0.00468	0.00375	0.00328	0.00094	0.00655	0.00234	0.00187	0.00421
7	0.00972	0.87446	0.01905	0.00622	0.00933	0.01438	0.00622	0.01088	0.00738	0.00855	0.00505	0.00583	0.00466	0.00311	0.00233	0.00078	0.00389	0.00194	0.00155	0.00466
8	0.00458	0.00345	0.00423	0.00474	0.00534	0.00314	0.00338	0.00542	0.00759	0.00976	0.06343	0.47917	0.26964	0.03742	0.00499	0.00147	0.00217	0.08370	0.00336	0.00302
9	0.00453	0.00322	0.00428	0.00509	0.00532	0.00303	0.00344	0.00518	0.00695	0.00926	0.01965	0.79870	0.02346	0.04639	0.00522	0.00157	0.00222	0.04624	0.00332	0.00294
10	0.00454	0.00367	0.00404	0.00400	0.00507	0.00317	0.00298	0.00568	0.00879	0.01115	0.26653	0.06976	0.58029	0.00880	0.00431	0.00121	0.00182	0.00748	0.00355	0.00317
11	0.00900	0.00864	0.01475	0.02231	0.84960	0.00864	0.01115	0.01115	0.00828	0.01187	0.00684	0.00900	0.00576	0.00324	0.00360	0.00108	0.00432	0.00324	0.00180	0.00576
12	0.01602	0.00613	0.00832	0.00640	0.00917	0.00529	0.00528	0.01741	0.01035	0.83187	0.01488	0.01291	0.02917	0.00461	0.00367	0.00113	0.00306	0.00375	0.00447	0.00611
13	0.00452	0.00369	0.00402	0.00409	0.00519	0.00319	0.00310	0.00558	0.00847	0.01047	0.13804	0.08168	0.63802	0.00916	0.00437	0.00126	0.00195	0.06661	0.00345	0.00313
14	0.04383	0.00716	0.00861	0.00690	0.00952	0.00716	0.00561	0.12872	0.21917	0.50279	0.01338	0.01196	0.00897	0.00455	0.00362	0.00115	0.00315	0.00366	0.00411	0.00600
15	0.02247	0.00481	0.00663	0.04514	0.09984	0.00463	0.00485	0.03245	0.00937	0.10921	0.38847	0.16691	0.07654	0.00710	0.00412	0.00120	0.00246	0.00626	0.00352	0.00401
16	0.01548	0.00637	0.00841	0.00657	0.00930	0.00576	0.00539	0.01789	0.10458	0.75745	0.01439	0.01251	0.00923	0.00455	0.00366	0.00114	0.00307	0.00371	0.00441	0.00614
17	0.01392	0.00790	0.00841	0.00675	0.00916	0.10788	0.00545	0.18432	0.01140	0.44898	0.03451	0.01148	0.00863	0.00443	0.00348	0.00106	0.00347	0.00346	0.11980	0.00551
18	0.00757	0.00732	0.03451	0.14064	0.32827	0.00721	0.10651	0.03746	0.02788	0.01171	0.09199	0.16099	0.01169	0.00519	0.00393	0.00120	0.00395	0.00493	0.00237	0.00469
19	0.00769	0.00693	0.01178	0.61382	0.19137	0.00801	0.03589	0.01000	0.00763	0.04421	0.00716	0.02696	0.00561	0.00373	0.00367	0.00119	0.00465	0.00342	0.00181	0.00448
20	0.00520	0.00372	0.00482	0.00460	0.00547	0.00345	0.00349	0.00689	0.01006	0.01424	0.76178	0.02756	0.05611	0.00750	0.00426	0.00116	0.00179	0.04279	0.03167	0.00341
21	0.00773	0.00658	0.00764	0.00548	0.00870	0.00504	0.00439	0.03492	0.00783	0.01219	0.00653	0.00757	0.00541	0.00274	0.00272	0.00056	0.00273	0.00219	0.00220	0.86685
22	0.00888	0.20484	0.38349	0.00991	0.01405	0.00945	0.18594	0.01180	0.00808	0.09164	0.00807	0.00903	0.03168	0.00357	0.00343	0.00108	0.00487	0.00311	0.00195	0.00512
