[name]
unknown

[dist]
# distance from previous block
# <min> <max>
0	0

[block]
# block no. 0 follows, 63 sequences, length 32
# corresponding to MSA columns:
# 0-31
name=unknown_A
#
# <colnr> <probs for GDERKNQSTAVLIFYWHMCP>
#	G	D	E	R	K	N	Q	S	T	A	V	L	I	F	Y	W	H	M	C	P
0	0.00677	0.00484	0.00677	0.00774	0.00871	0.00484	0.00677	0.00871	0.00968	0.01258	0.02226	0.04742	0.02419	0.01161	0.00581	0.00194	0.00387	0.79775	0.00387	0.00387
1	0.01557	0.01157	0.01239	0.00959	0.01288	0.01285	0.00789	0.75347	0.07899	0.02583	0.01061	0.01051	0.00757	0.00510	0.00421	0.00127	0.00453	0.00386	0.00421	0.00711
2	0.00524	0.00398	0.00481	0.00527	0.00601	0.00358	0.00371	0.00625	0.00905	0.01172	0.13299	0.43740	0.29370	0.03086	0.00556	0.00162	0.00235	0.02843	0.00396	0.00352
3	0.01198	0.00984	0.01017	0.00880	0.01138	0.03896	0.00693	0.16768	0.61193	0.05086	0.01543	0.01432	0.01144	0.00552	0.00425	0.00138	0.00372	0.00448	0.00423	0.00670
4	0.01573	0.01145	0.01234	0.00949	0.01278	0.01261	0.00783	0.77067	0.01936	0.04270	0.03560	0.01084	0.00823	0.00516	0.00423	0.00126	0.00452	0.00391	0.00424	0.00705
5	0.00974	0.14826	0.35299	0.07077	0.05455	0.08364	0.05108	0.01347	0.05905	0.02710	0.03831	0.03523	0.00840	0.00469	0.00398	0.00128	0.00546	0.02406	0.00228	0.00567
6	0.00843	0.02174	0.83048	0.01198	0.01819	0.00976	0.01553	0.01331	0.00888	0.01331	0.00754	0.00888	0.00533	0.00399	0.00399	0.00133	0.00621	0.00311	0.00178	0.00621
7	0.00525	0.00378	0.00497	0.00572	0.00611	0.00350	0.00389	0.00618	0.00870	0.01171	0.14864	0.69670	0.05449	0.01238	0.00529	0.00164	0.00236	0.01118	0.00402	0.00350
8	0.01570	0.02004	0.01191	0.01083	0.01300	0.83539	0.00812	0.01679	0.01191	0.01029	0.00650	0.00758	0.00541	0.00433	0.00379	0.00108	0.00758	0.00271	0.00217	0.00487
9	0.00612	0.00467	0.00698	0.00691	0.00763	0.00553	0.00540	0.00760	0.00674	0.00977	0.01105	0.01625	0.01033	0.03065	0.80591	0.00658	0.04137	0.00447	0.00224	0.00378
10	0.00522	0.00373	0.00499	0.00596	0.00625	0.00350	0.00407	0.00602	0.00814	0.01084	0.02312	0.80310	0.02759	0.01308	0.00539	0.00172	0.00252	0.05742	0.00390	0.00344
11	0.00518	0.00427	0.00455	0.00448	0.00581	0.00364	0.00336	0.00644	0.01008	0.01254	0.21035	0.03851	0.65583	0.01021	0.00497	0.00140	0.00210	0.00860	0.00406	0.00364
12	0.00726	0.00368	0.00552	0.00552	0.00555	0.00371	0.00371	0.00555	0.00552	0.00739	0.00744	0.01291	0.00742	0.01521	0.04570	0.84657	0.00392	0.00368	0.00184	0.00189
13	0.00794	0.00747	0.01261	0.84216	0.02895	0.00934	0.01167	0.01074	0.00841	0.01074	0.00747	0.01121	0.00560	0.00420	0.00420	0.00140	0.00560	0.00374	0.00187	0.00467
14	0.00601	0.00450	0.00676	0.00676	0.00751	0.00525	0.00525	0.00751	0.00676	0.00976	0.01126	0.01651	0.01051	0.03153	0.83560	0.00676	0.01126	0.00450	0.00225	0.00375
15	0.00544	0.00377	0.00484	0.00562	0.00588	0.00358	0.00372	0.00614	0.00782	0.01058	0.02115	0.66048	0.02497	0.14668	0.00783	0.00206	0.00272	0.03226	0.04114	0.00331
16	0.00968	0.01107	0.04067	0.01674	0.02080	0.01016	0.74064	0.01312	0.00981	0.01348	0.00907	0.03300	0.00708	0.00385	0.00487	0.00141	0.00674	0.00506	0.03721	0.00555
17	0.00843	0.02174	0.83048	0.01198	0.01819	0.00976	0.01553	0.01331	0.00888	0.01331	0.00754	0.00888	0.00533	0.00399	0.00399	0.00133	0.00621	0.00311	0.00178	0.00621
18	0.07347	0.00953	0.01080	0.02302	0.01185	0.02940	0.02866	0.37667	0.07263	0.19208	0.03921	0.01461	0.01033	0.00555	0.00422	0.00133	0.00416	0.05953	0.02655	0.00638
19	0.88196	0.00813	0.00618	0.00553	0.00813	0.00943	0.00455	0.01236	0.00715	0.01886	0.00585	0.00683	0.00455	0.00390	0.00260	0.00130	0.00325	0.00228	0.00260	0.00455
20	0.00802	0.00735	0.00956	0.03972	0.10076	0.06853	0.02882	0.02547	0.00800	0.01079	0.01211	0.19832	0.01285	0.12469	0.16578	0.00288	0.16359	0.00596	0.00257	0.00424
21	0.00938	0.22117	0.60092	0.01085	0.01632	0.01135	0.02958	0.01331	0.00889	0.03139	0.00737	0.00854	0.00548	0.00392	0.00371	0.00123	0.00576	0.00296	0.00187	0.00603
22	0.00596	0.00464	0.00587	0.03943	0.00744	0.02385	0.00454	0.00733	0.00974	0.01320	0.33607	0.39744	0.06012	0.01053	0.00531	0.00153	0.02145	0.03779	0.00402	0.00376
23	0.01589	0.01045	0.01161	0.00907	0.01228	0.01125	0.00744	0.54368	0.11993	0.19535	0.01236	0.01170	0.00856	0.00516	0.00422	0.00129	0.00424	0.00400	0.00443	0.00709
24	0.01772	0.00727	0.00964	0.00755	0.01063	0.00654	0.00617	0.04510	0.06014	0.72237	0.01667	0.04776	0.01115	0.00555	0.00428	0.00132	0.00355	0.00455	0.00506	0.00697
25	0.00608	0.00440	0.00633	0.00639	0.00697	0.00451	0.03648	0.00704	0.00735	0.02514	0.01636	0.34669	0.01818	0.19843	0.28554	0.00388	0.00594	0.00779	0.00301	0.00350
26	0.01773	0.00757	0.00980	0.00762	0.01075	0.00697	0.00626	0.09348	0.05815	0.67981	0.01591	0.01404	0.01025	0.00521	0.00418	0.00129	0.00360	0.00421	0.03616	0.00701
27	0.00544	0.00384	0.00503	0.00585	0.00614	0.00366	0.00399	0.00618	0.00792	0.01053	0.02158	0.64400	0.02555	0.13938	0.00782	0.00209	0.00283	0.09113	0.00369	0.00333
28	0.01019	0.12197	0.16191	0.01421	0.01838	0.07292	0.45990	0.02853	0.00980	0.01286	0.00834	0.03423	0.00669	0.00438	0.01577	0.00139	0.00652	0.00429	0.00212	0.00561
29	0.00976	0.26354	0.29144	0.07956	0.20125	0.01187	0.06163	0.01281	0.00896	0.01220	0.00718	0.00893	0.00574	0.00381	0.00373	0.00120	0.00543	0.00316	0.00188	0.00592
30	0.00949	0.07517	0.56047	0.01205	0.02930	0.03177	0.08957	0.06984	0.00973	0.01380	0.00821	0.00961	0.01983	0.00425	0.00442	0.00132	0.03971	0.00340	0.00204	0.00603
31	0.01312	0.00969	0.01055	0.00879	0.01156	0.01080	0.00704	0.30024	0.43452	0.10137	0.01442	0.01360	0.01052	0.00612	0.02668	0.00150	0.00402	0.00435	0.00429	0.00680

[dist]
# distance from previous block
# <min> <max>
0	1

[block]
# block no. 1 follows, 63 sequences, length 7
# corresponding to MSA columns:
# 33-39
name=unknown_B
#
# <colnr> <probs for GDERKNQSTAVLIFYWHMCP>
#	G	D	E	R	K	N	Q	S	T	A	V	L	I	F	Y	W	H	M	C	P
0	0.06800	0.05240	0.01436	0.32342	0.12687	0.05082	0.11043	0.07281	0.08460	0.04314	0.00883	0.01087	0.00671	0.00425	0.00410	0.00132	0.00524	0.00378	0.00250	0.00555
1	0.00786	0.00441	0.00517	0.00485	0.00605	0.00412	0.00364	0.00955	0.01007	0.09883	0.27754	0.04721	0.11846	0.05003	0.00497	0.00135	0.00227	0.00606	0.33340	0.00414
2	0.01030	0.03500	0.01038	0.07986	0.01177	0.09361	0.02962	0.18739	0.01104	0.04726	0.01330	0.28489	0.01354	0.00860	0.03147	0.00164	0.11580	0.00635	0.00323	0.00494
3	0.03236	0.17745	0.34623	0.01194	0.10009	0.04905	0.04850	0.06216	0.00954	0.01320	0.00840	0.06927	0.00725	0.00476	0.00431	0.00128	0.04254	0.00376	0.00217	0.00576
4	0.00602	0.00559	0.07582	0.00609	0.00692	0.00465	0.00472	0.00710	0.00740	0.01023	0.07067	0.23817	0.01829	0.31661	0.19927	0.00364	0.00532	0.00712	0.00291	0.00346
5	0.01058	0.44213	0.29627	0.00986	0.01427	0.08387	0.06540	0.01325	0.00904	0.01133	0.00666	0.00786	0.00544	0.00379	0.00339	0.00110	0.00552	0.00277	0.00184	0.00565
6	0.01117	0.08906	0.24542	0.02661	0.12470	0.05506	0.03888	0.14928	0.04445	0.04854	0.00856	0.00997	0.00660	0.00555	0.03481	0.00151	0.08774	0.00351	0.00254	0.00605

[dist]
# distance from previous block
# <min> <max>
0	5

[block]
# block no. 2 follows, 63 sequences, length 30
# corresponding to MSA columns:
# 77-106
name=unknown_C
#
# <colnr> <probs for GDERKNQSTAVLIFYWHMCP>
#	G	D	E	R	K	N	Q	S	T	A	V	L	I	F	Y	W	H	M	C	P
0	0.00912	0.03244	0.08253	0.15863	0.28465	0.02111	0.06679	0.01172	0.01907	0.02549	0.08929	0.05254	0.01074	0.00503	0.00478	0.00131	0.05110	0.01094	0.00245	0.06025
1	0.00625	0.00435	0.00552	0.00552	0.00616	0.00444	0.00390	0.00711	0.00740	0.03411	0.03638	0.06475	0.14405	0.33409	0.28551	0.00421	0.00599	0.03400	0.00290	0.00336
2	0.24518	0.03742	0.00974	0.01106	0.21962	0.02013	0.00682	0.06603	0.00942	0.03869	0.01505	0.07854	0.14770	0.02500	0.00441	0.00138	0.01691	0.00485	0.03701	0.00506
3	0.03773	0.10352	0.25832	0.03842	0.08050	0.09644	0.03361	0.15527	0.01123	0.06714	0.00823	0.00929	0.00616	0.00427	0.00413	0.00122	0.02908	0.00325	0.00257	0.04961
4	0.00990	0.03893	0.02518	0.13214	0.19948	0.03459	0.02200	0.04777	0.02838	0.03729	0.00921	0.02754	0.03871	0.01442	0.00757	0.00149	0.28770	0.00403	0.00233	0.03133
5	0.00536	0.00441	0.00468	0.00459	0.00591	0.00386	0.00342	0.00689	0.03557	0.01240	0.17755	0.03761	0.63180	0.04062	0.00554	0.00150	0.00221	0.00842	0.00399	0.00368
6	0.03519	0.00959	0.10264	0.02751	0.05078	0.00703	0.05971	0.03459	0.00917	0.02510	0.00772	0.00910	0.00617	0.00340	0.00344	0.00085	0.00392	0.00286	0.00244	0.59878
7	0.00692	0.00541	0.00639	0.00566	0.00765	0.00444	0.00430	0.00830	0.00909	0.03452	0.07317	0.21359	0.22135	0.01907	0.00461	0.00124	0.00270	0.04291	0.00345	0.32524
8	0.82660	0.00889	0.00654	0.00587	0.00844	0.06221	0.00478	0.01264	0.00746	0.01831	0.00589	0.00688	0.00461	0.00393	0.00268	0.00129	0.00353	0.00230	0.00257	0.00457
9	0.01082	0.00762	0.06010	0.00684	0.00908	0.00719	0.01759	0.10684	0.18650	0.12378	0.01388	0.01437	0.01034	0.00565	0.02237	0.00131	0.00333	0.00410	0.38280	0.00548
10	0.00512	0.00366	0.00488	0.00585	0.00610	0.00341	0.00390	0.00585	0.00805	0.01073	0.02317	0.84952	0.02780	0.01317	0.00537	0.00171	0.00244	0.01195	0.00390	0.00341
11	0.00609	0.00450	0.00576	0.00531	0.00649	0.00405	0.00400	0.00803	0.01161	0.01644	0.74116	0.03031	0.06816	0.00832	0.00484	0.00128	0.00206	0.00733	0.00446	0.05980
12	0.01402	0.15086	0.08337	0.03296	0.02779	0.41592	0.03693	0.10307	0.01172	0.06476	0.00763	0.00856	0.00598	0.00431	0.00388	0.00114	0.01608	0.00302	0.00248	0.00552
13	0.00529	0.00378	0.00487	0.00564	0.00596	0.00354	0.00377	0.00602	0.00807	0.01071	0.04921	0.66814	0.07127	0.10838	0.00716	0.00195	0.00262	0.02649	0.00377	0.00335
14	0.00625	0.00436	0.00560	0.00530	0.00637	0.00398	0.00397	0.00808	0.01153	0.04258	0.69380	0.07023	0.10435	0.00887	0.00495	0.00135	0.00207	0.00780	0.00455	0.00401
15	0.00987	0.01124	0.02449	0.03895	0.02215	0.01060	0.79020	0.01340	0.00988	0.01340	0.00848	0.01134	0.00636	0.00356	0.00494	0.00142	0.00705	0.00493	0.00212	0.00564
16	0.01003	0.00961	0.01639	0.14834	0.70640	0.00989	0.01272	0.01258	0.00940	0.01328	0.00784	0.01052	0.00650	0.00381	0.00417	0.00127	0.00509	0.00374	0.00205	0.00636
17	0.88196	0.00813	0.00618	0.00553	0.00813	0.00943	0.00455	0.01236	0.00715	0.01886	0.00585	0.00683	0.00455	0.00390	0.00260	0.00130	0.00325	0.00228	0.00260	0.00455
18	0.00503	0.00424	0.00437	0.00445	0.00579	0.00358	0.00334	0.00611	0.00950	0.01136	0.04090	0.08515	0.75602	0.01081	0.00502	0.00145	0.00220	0.03322	0.00390	0.00355
19	0.00576	0.00464	0.00737	0.00729	0.00803	0.00435	0.10509	0.00682	0.00821	0.01097	0.02094	0.71226	0.02463	0.04472	0.00594	0.00176	0.00309	0.01085	0.00363	0.00366
20	0.00602	0.00445	0.00646	0.00646	0.00711	0.00509	0.00489	0.00732	0.00667	0.00954	0.01153	0.01800	0.01116	0.14275	0.72527	0.00639	0.01029	0.00472	0.00229	0.00359
21	0.04164	0.00871	0.00974	0.00926	0.06258	0.00972	0.00690	0.17077	0.42231	0.03581	0.01478	0.01641	0.01167	0.00621	0.01833	0.00147	0.00375	0.06590	0.07787	0.00619
22	0.00754	0.01328	0.40312	0.01074	0.07827	0.00741	0.03344	0.01068	0.00905	0.01286	0.08146	0.13914	0.04318	0.05216	0.00545	0.00159	0.00476	0.07810	0.00267	0.00513
23	0.01236	0.04093	0.02248	0.00799	0.03260	0.00810	0.00631	0.24943	0.04401	0.20689	0.14893	0.09660	0.06374	0.00680	0.00444	0.00133	0.00352	0.02085	0.01684	0.00584
24	0.00904	0.10091	0.62043	0.03807	0.01751	0.03462	0.05507	0.01335	0.02450	0.01281	0.00752	0.00897	0.00555	0.00408	0.00422	0.00131	0.03103	0.00318	0.00186	0.00598
25	0.04630	0.15841	0.05361	0.00826	0.03847	0.02156	0.04938	0.09630	0.02025	0.09312	0.01379	0.24856	0.01364	0.04540	0.00495	0.00146	0.00388	0.01867	0.05898	0.00502
26	0.03386	0.09995	0.12420	0.00875	0.06189	0.00749	0.00727	0.08210	0.00973	0.05626	0.01601	0.35924	0.01705	0.00866	0.00461	0.00149	0.00378	0.08951	0.00332	0.00484
27	0.01044	0.00566	0.00714	0.00612	0.00804	0.00520	0.00481	0.04041	0.04616	0.27394	0.38771	0.02593	0.14593	0.00758	0.00467	0.00133	0.00266	0.00647	0.00467	0.00514
28	0.04892	0.06162	0.08768	0.18403	0.18924	0.05216	0.03744	0.07758	0.06118	0.07938	0.00934	0.03379	0.00736	0.00452	0.00416	0.00128	0.01730	0.00381	0.00264	0.03657
29	0.16665	0.08609	0.13807	0.02200	0.06250	0.05435	0.02562	0.04218	0.02720	0.06647	0.00934	0.01160	0.01890	0.03075	0.13434	0.00216	0.02194	0.01351	0.00255	0.06379

[dist]
# distance from previous block
# <min> <max>
0	85

[block]
# block no. 3 follows, 63 sequences, length 17
# corresponding to MSA columns:
# 192-208
name=unknown_D
#
# <colnr> <probs for GDERKNQSTAVLIFYWHMCP>
#	G	D	E	R	K	N	Q	S	T	A	V	L	I	F	Y	W	H	M	C	P
0	0.05201	0.11022	0.13691	0.03032	0.04435	0.11044	0.06534	0.08294	0.07734	0.09042	0.04230	0.02080	0.00903	0.06246	0.00510	0.00141	0.00492	0.00384	0.00286	0.04700
1	0.01049	0.06199	0.16211	0.06548	0.14929	0.04011	0.03421	0.12309	0.01067	0.05786	0.01043	0.08104	0.00920	0.00536	0.00441	0.00129	0.02625	0.05175	0.00275	0.09223
2	0.01157	0.23796	0.07824	0.06521	0.14058	0.17142	0.02385	0.05820	0.03448	0.03228	0.00849	0.00974	0.02815	0.00427	0.00392	0.00113	0.02670	0.00322	0.00231	0.05826
3	0.00595	0.00419	0.00504	0.00515	0.00552	0.00408	0.00326	0.00640	0.00691	0.00932	0.01641	0.21770	0.05360	0.50136	0.09120	0.00348	0.00422	0.00727	0.00289	0.04604
4	0.01424	0.01404	0.01143	0.00977	0.01240	0.31931	0.00764	0.28074	0.25387	0.01780	0.01083	0.01081	0.00819	0.00497	0.00407	0.00124	0.00534	0.00367	0.00347	0.00615
5	0.00554	0.00402	0.00517	0.00593	0.00631	0.00388	0.00403	0.00686	0.04848	0.01118	0.05320	0.69025	0.02648	0.07499	0.00650	0.00186	0.00263	0.03530	0.00385	0.00355
6	0.00719	0.00434	0.00551	0.00539	0.00601	0.00417	0.00364	0.00786	0.00825	0.09002	0.17871	0.17221	0.03401	0.34621	0.05466	0.05421	0.00363	0.00709	0.00343	0.00347
7	0.27147	0.07858	0.03217	0.01063	0.04091	0.13931	0.16610	0.04853	0.04335	0.04152	0.00756	0.00898	0.00595	0.00436	0.00459	0.00131	0.08358	0.00331	0.00249	0.00529
8	0.01752	0.05001	0.01069	0.00783	0.01099	0.04448	0.00648	0.12481	0.01288	0.61741	0.04253	0.01366	0.01051	0.00518	0.00415	0.00127	0.00389	0.00412	0.00475	0.00686
9	0.00569	0.04200	0.00623	0.00671	0.04712	0.00438	0.00443	0.00665	0.00853	0.01127	0.07057	0.63711	0.11027	0.01174	0.00512	0.00160	0.00260	0.01053	0.00376	0.00371
10	0.05527	0.02860	0.13212	0.05136	0.09010	0.02419	0.07595	0.04347	0.00935	0.04590	0.05127	0.14502	0.07141	0.02401	0.04214	0.00167	0.04078	0.01605	0.00285	0.04849
11	0.01004	0.01014	0.10385	0.01112	0.09376	0.06089	0.13301	0.09414	0.01120	0.08450	0.15182	0.02978	0.13828	0.00620	0.00495	0.00135	0.04095	0.00539	0.00327	0.00537
12	0.01091	0.32340	0.16828	0.04779	0.07419	0.11515	0.05096	0.03970	0.08464	0.01237	0.00879	0.00981	0.02860	0.00423	0.00362	0.00115	0.00525	0.00324	0.00225	0.00568
13	0.04787	0.06332	0.14355	0.05014	0.17267	0.07968	0.00983	0.22184	0.05233	0.03947	0.00977	0.02108	0.02535	0.00529	0.02282	0.00139	0.02091	0.00371	0.00285	0.00611
14	0.10037	0.05544	0.11045	0.01001	0.07259	0.04901	0.09470	0.01300	0.12348	0.05746	0.06649	0.12774	0.07532	0.00639	0.00429	0.00137	0.00420	0.01927	0.00315	0.00525
15	0.02975	0.05357	0.09687	0.09541	0.22036	0.09268	0.03417	0.01395	0.10082	0.08809	0.01222	0.05812	0.05237	0.02793	0.00462	0.00138	0.00481	0.00444	0.00278	0.00569
16	0.02032	0.05198	0.03224	0.04802	0.07092	0.22132	0.00687	0.01195	0.05973	0.01190	0.07250	0.03148	0.07887	0.07038	0.09125	0.00199	0.03154	0.00448	0.02498	0.05731

[dist]
# distance from previous block
# <min> <max>
7	156

[block]
# block no. 4 follows, 63 sequences, length 18
# corresponding to MSA columns:
# 369-383,387-389
name=unknown_E
#
# <colnr> <probs for GDERKNQSTAVLIFYWHMCP>
#	G	D	E	R	K	N	Q	S	T	A	V	L	I	F	Y	W	H	M	C	P
0	0.08809	0.07069	0.12412	0.05000	0.07594	0.03761	0.02090	0.09175	0.07448	0.06233	0.05365	0.07982	0.02202	0.00576	0.00444	0.00132	0.03565	0.04234	0.00303	0.05606
1	0.05566	0.08754	0.16560	0.00934	0.03486	0.04760	0.03180	0.18103	0.08525	0.03022	0.07642	0.03313	0.06061	0.00557	0.00427	0.00128	0.02008	0.02649	0.00315	0.04011
2	0.03808	0.11950	0.09905	0.05298	0.05245	0.10933	0.05189	0.15073	0.01109	0.03585	0.02263	0.04887	0.02510	0.00507	0.00440	0.00122	0.04495	0.02554	0.00272	0.09854
3	0.06753	0.08406	0.10414	0.00876	0.04352	0.06947	0.00742	0.17540	0.07711	0.06232	0.06653	0.07713	0.07392	0.00585	0.00405	0.00125	0.00415	0.00468	0.00332	0.05938
4	0.01187	0.14916	0.12155	0.00938	0.03640	0.14350	0.02173	0.17771	0.03616	0.03444	0.04403	0.01056	0.00810	0.03182	0.00429	0.00118	0.00490	0.00336	0.00278	0.14707
5	0.09244	0.07458	0.03857	0.06174	0.05171	0.08894	0.00631	0.11748	0.04506	0.01409	0.06327	0.01604	0.02690	0.21489	0.00813	0.00191	0.00435	0.00432	0.03733	0.03196
6	0.00814	0.00851	0.12066	0.00875	0.07148	0.00706	0.02861	0.07280	0.05404	0.01237	0.03799	0.05593	0.02493	0.33457	0.03410	0.00253	0.04446	0.00517	0.00273	0.06518
7	0.00781	0.00623	0.00705	0.00692	0.03642	0.00637	0.00506	0.03664	0.25752	0.03696	0.15905	0.05377	0.29383	0.03535	0.00525	0.00150	0.00282	0.03252	0.00407	0.00486
8	0.03848	0.03233	0.01367	0.06276	0.37015	0.00878	0.06044	0.04080	0.04982	0.07061	0.05285	0.03881	0.04985	0.00482	0.00415	0.00124	0.00435	0.00440	0.00279	0.08889
9	0.00975	0.00986	0.09216	0.02875	0.03616	0.04928	0.02313	0.12530	0.27084	0.01666	0.14815	0.03561	0.09592	0.00627	0.00439	0.00133	0.00382	0.00525	0.00370	0.03367
10	0.00526	0.00375	0.00490	0.00566	0.00605	0.00347	0.00383	0.00599	0.00832	0.01104	0.07703	0.68828	0.09621	0.01271	0.00580	0.04098	0.00244	0.01103	0.00386	0.00339
11	0.01073	0.02502	0.07730	0.07225	0.26197	0.03103	0.06006	0.11223	0.08368	0.05217	0.03946	0.02969	0.02970	0.00493	0.00478	0.00131	0.05425	0.00422	0.00282	0.04238
12	0.03374	0.04613	0.22858	0.00979	0.06093	0.02507	0.03130	0.09273	0.04891	0.09363	0.01069	0.03814	0.02998	0.00457	0.00383	0.00114	0.00443	0.00372	0.03060	0.20210
13	0.00837	0.02767	0.04273	0.02809	0.07021	0.00705	0.04967	0.08802	0.07966	0.02917	0.12523	0.14888	0.10645	0.05509	0.03457	0.00170	0.01707	0.00632	0.03003	0.04402
14	0.00713	0.00544	0.00661	0.00622	0.00729	0.02770	0.03451	0.02986	0.04164	0.04368	0.10453	0.15966	0.18698	0.19449	0.07485	0.00246	0.01796	0.02827	0.01685	0.00388
15	0.05949	0.04011	0.07271	0.07596	0.19897	0.04546	0.05426	0.11206	0.19616	0.05421	0.02667	0.01171	0.00854	0.00465	0.00427	0.00132	0.02033	0.00392	0.00302	0.00617
16	0.03338	0.00435	0.00512	0.00520	0.00573	0.00427	0.00344	0.00681	0.00727	0.01018	0.04108	0.18610	0.06698	0.42862	0.08257	0.00320	0.00404	0.03239	0.02691	0.04236
17	0.14258	0.19112	0.02975	0.00748	0.01087	0.04606	0.01944	0.14181	0.01072	0.08336	0.02148	0.00907	0.00679	0.00399	0.00332	0.00100	0.00402	0.00291	0.00286	0.26135

[dist]
# distance from previous block
# <min> <max>
1	2

[block]
# block no. 5 follows, 63 sequences, length 9
# corresponding to MSA columns:
# 392-400
name=unknown_F
#
# <colnr> <probs for GDERKNQSTAVLIFYWHMCP>
#	G	D	E	R	K	N	Q	S	T	A	V	L	I	F	Y	W	H	M	C	P
0	0.05258	0.00881	0.00955	0.00781	0.01031	0.00950	0.00630	0.43285	0.06105	0.05849	0.05455	0.01750	0.11470	0.04647	0.04276	0.00168	0.00416	0.02291	0.03217	0.00584
1	0.00808	0.00644	0.04299	0.00719	0.00877	0.00595	0.04182	0.06842	0.09475	0.06993	0.17030	0.24924	0.06566	0.05528	0.05598	0.00194	0.00371	0.03509	0.00384	0.00460
2	0.01200	0.04898	0.04787	0.00852	0.01106	0.06665	0.02711	0.24504	0.13376	0.09298	0.13742	0.03786	0.01385	0.02098	0.02007	0.00145	0.03358	0.00469	0.03029	0.00583
3	0.01193	0.00765	0.00810	0.00687	0.00897	0.04226	0.00543	0.24536	0.05590	0.13974	0.04186	0.07761	0.04942	0.00601	0.00395	0.00122	0.00333	0.00487	0.27403	0.00548
4	0.01146	0.14807	0.12500	0.04864	0.07289	0.01170	0.19582	0.18449	0.02684	0.05237	0.00919	0.01057	0.02205	0.00447	0.00472	0.00130	0.05791	0.00384	0.00265	0.00602
5	0.00720	0.00398	0.00557	0.00553	0.00567	0.00407	0.00369	0.00637	0.03988	0.00797	0.00876	0.01522	0.00885	0.13739	0.05340	0.67403	0.00404	0.00410	0.00205	0.00222
6	0.01364	0.01544	0.01210	0.01060	0.01228	0.47170	0.00830	0.12218	0.01131	0.01242	0.00687	0.00866	0.00584	0.00615	0.03385	0.00150	0.23656	0.00318	0.00236	0.00507
7	0.00913	0.00813	0.00918	0.00721	0.03956	0.03893	0.00546	0.01140	0.04226	0.01372	0.00785	0.00902	0.00648	0.00329	0.00323	0.00070	0.00337	0.00264	0.00254	0.77592
8	0.01090	0.00877	0.01148	0.03193	0.14027	0.04705	0.06501	0.14992	0.12278	0.08620	0.09550	0.06130	0.04802	0.00737	0.04311	0.00162	0.01885	0.04068	0.00353	0.00571

[dist]
# distance from previous block
# <min> <max>
0	4

[block]
# block no. 6 follows, 63 sequences, length 17
# corresponding to MSA columns:
# 405-421
name=unknown_G
#
# <colnr> <probs for GDERKNQSTAVLIFYWHMCP>
#	G	D	E	R	K	N	Q	S	T	A	V	L	I	F	Y	W	H	M	C	P
0	0.05544	0.12936	0.10371	0.00885	0.03490	0.11801	0.00754	0.16210	0.07944	0.03167	0.01252	0.16712	0.03212	0.00623	0.00404	0.00129	0.00444	0.00501	0.02078	0.01545
1	0.00721	0.00524	0.00712	0.00689	0.02821	0.00498	0.04112	0.00966	0.07017	0.06641	0.35485	0.14515	0.14856	0.00903	0.00498	0.00145	0.00274	0.07766	0.00418	0.00436
2	0.00548	0.00407	0.00523	0.00558	0.00607	0.00379	0.02400	0.00619	0.00797	0.01043	0.04213	0.47976	0.15503	0.21344	0.00912	0.00221	0.00289	0.00977	0.00355	0.00330
3	0.01685	0.00691	0.00918	0.00722	0.01011	0.00615	0.00589	0.05638	0.01209	0.66981	0.06908	0.04917	0.01288	0.00573	0.00427	0.00130	0.00341	0.00473	0.04217	0.00666
4	0.00697	0.00485	0.00633	0.00619	0.00683	0.00531	0.00455	0.03465	0.04045	0.01093	0.03456	0.12569	0.06498	0.09661	0.22975	0.17488	0.06035	0.00569	0.07690	0.00351
5	0.74684	0.00798	0.00661	0.00579	0.00838	0.00903	0.00475	0.03831	0.00815	0.07674	0.04959	0.00875	0.00689	0.00428	0.00289	0.00130	0.00325	0.00274	0.00294	0.00479
6	0.20858	0.02857	0.16882	0.04674	0.10975	0.00965	0.13090	0.08048	0.02486	0.04857	0.00929	0.05841	0.00771	0.00480	0.00415	0.00136	0.02041	0.02004	0.01134	0.00559
7	0.01193	0.05253	0.09099	0.12829	0.12462	0.05551	0.05529	0.11927	0.08505	0.13674	0.01043	0.03304	0.00794	0.00468	0.00425	0.00127	0.01716	0.00394	0.00303	0.05405
8	0.08033	0.38103	0.08941	0.02537	0.03677	0.20038	0.06549	0.03465	0.03001	0.01200	0.00682	0.00796	0.00567	0.00393	0.00336	0.00109	0.00544	0.00280	0.00210	0.00540
9	0.09168	0.01042	0.01068	0.00853	0.01146	0.05633	0.00691	0.48877	0.03466	0.09956	0.01115	0.06239	0.00865	0.00535	0.00402	0.00125	0.00424	0.00412	0.03806	0.04176
10	0.01005	0.00814	0.01163	0.07980	0.06583	0.02380	0.11771	0.06698	0.18028	0.09008	0.16872	0.03719	0.02837	0.00700	0.04228	0.00160	0.02409	0.00518	0.00354	0.02775
11	0.04988	0.00699	0.00902	0.00722	0.00997	0.00643	0.00584	0.08509	0.01217	0.57408	0.10617	0.08108	0.01453	0.00614	0.00433	0.00133	0.00339	0.00510	0.00485	0.00640
12	0.03288	0.00885	0.04828	0.07000	0.23430	0.03508	0.02380	0.06047	0.10962	0.08823	0.13209	0.06478	0.05006	0.00593	0.00439	0.00134	0.00408	0.01680	0.00333	0.00568
13	0.00527	0.00414	0.00447	0.00461	0.00576	0.00359	0.00337	0.00641	0.00948	0.01203	0.10993	0.18050	0.55999	0.01054	0.00491	0.00143	0.00216	0.00898	0.05885	0.00359
14	0.03335	0.00801	0.00893	0.03581	0.02080	0.07439	0.02831	0.11394	0.10842	0.12081	0.11837	0.10455	0.09382	0.00772	0.03132	0.00153	0.03155	0.00571	0.04744	0.00521
15	0.01150	0.00921	0.04844	0.05044	0.09021	0.05652	0.01747	0.07448	0.21853	0.16513	0.11629	0.03017	0.04533	0.00632	0.01998	0.00145	0.02396	0.00486	0.00378	0.00593
16	0.00557	0.00457	0.02780	0.00528	0.00608	0.00401	0.00381	0.00650	0.00822	0.01073	0.08747	0.24067	0.25686	0.22400	0.08706	0.00265	0.00366	0.00830	0.00341	0.00339

[dist]
# distance from previous block
# <min> <max>
12	52

[block]
# block no. 7 follows, 63 sequences, length 15
# corresponding to MSA columns:
# 496-510
name=unknown_H
#
# <colnr> <probs for GDERKNQSTAVLIFYWHMCP>
#	G	D	E	R	K	N	Q	S	T	A	V	L	I	F	Y	W	H	M	C	P
0	0.04800	0.10547	0.08105	0.02079	0.09376	0.05060	0.03186	0.13100	0.16233	0.02836	0.03286	0.04548	0.00966	0.00496	0.00385	0.00122	0.00419	0.00404	0.09212	0.04840
1	0.04219	0.01584	0.07439	0.01324	0.16534	0.42808	0.03028	0.08686	0.03153	0.01341	0.00768	0.00896	0.00615	0.00424	0.00387	0.00116	0.00618	0.00315	0.02593	0.03152
2	0.03652	0.19606	0.33815	0.01140	0.06608	0.01122	0.08857	0.07365	0.04245	0.03181	0.00833	0.00984	0.00645	0.00412	0.00379	0.00122	0.00527	0.01478	0.01674	0.03355
3	0.00559	0.00442	0.00506	0.00493	0.00614	0.00397	0.00368	0.00743	0.03999	0.01390	0.37364	0.07192	0.42477	0.00970	0.00496	0.00139	0.00212	0.00832	0.00423	0.00383
4	0.01044	0.00928	0.00899	0.00808	0.01026	0.08441	0.00625	0.08261	0.52176	0.01670	0.03937	0.04768	0.09045	0.00632	0.00430	0.00137	0.00358	0.00519	0.03701	0.00594
5	0.01069	0.00688	0.00765	0.00659	0.00855	0.02845	0.02383	0.14925	0.09630	0.12180	0.05868	0.04195	0.09444	0.00615	0.00397	0.00123	0.00311	0.02175	0.30352	0.00519
6	0.00550	0.00405	0.00516	0.00547	0.00622	0.00371	0.00394	0.00682	0.00987	0.01333	0.34367	0.37355	0.14875	0.01092	0.00516	0.00152	0.00227	0.04222	0.00419	0.00367
7	0.01425	0.01200	0.13987	0.00965	0.02454	0.04252	0.02061	0.38095	0.04355	0.18313	0.04041	0.01241	0.00913	0.00536	0.00453	0.02300	0.00464	0.01905	0.00384	0.00656
8	0.00730	0.00365	0.00548	0.00548	0.00548	0.00365	0.00365	0.00548	0.00548	0.00730	0.00730	0.01278	0.00730	0.01460	0.01643	0.87769	0.00365	0.00365	0.00183	0.00183
9	0.01570	0.03056	0.01204	0.00922	0.01231	0.06298	0.00757	0.55353	0.04947	0.14526	0.01099	0.01082	0.00776	0.00508	0.00438	0.00126	0.02689	0.00379	0.02358	0.00681
10	0.01002	0.00867	0.00964	0.04756	0.01129	0.06662	0.00608	0.06783	0.00965	0.04672	0.00835	0.03857	0.00707	0.00415	0.00424	0.00090	0.06839	0.00315	0.00267	0.57844
11	0.02977	0.11811	0.03419	0.02303	0.07536	0.11832	0.13325	0.06625	0.12529	0.03915	0.01270	0.11394	0.02713	0.00599	0.00431	0.00135	0.00486	0.05857	0.00299	0.00543
12	0.88196	0.00813	0.00618	0.00553	0.00813	0.00943	0.00455	0.01236	0.00715	0.01886	0.00585	0.00683	0.00455	0.00390	0.00260	0.00130	0.00325	0.00228	0.00260	0.00455
13	0.04286	0.13311	0.12334	0.03806	0.03548	0.16774	0.11025	0.07605	0.08033	0.03213	0.02996	0.01011	0.00736	0.00457	0.00469	0.00126	0.07239	0.00352	0.00252	0.02427
14	0.00972	0.02238	0.03089	0.06391	0.01132	0.00815	0.03661	0.28781	0.03381	0.01682	0.04250	0.29752	0.04024	0.00907	0.03111	0.00164	0.00406	0.04360	0.00369	0.00513

[dist]
# distance from previous block
# <min> <max>
0	1

[block]
# block no. 8 follows, 63 sequences, length 14
# corresponding to MSA columns:
# 514-527
name=unknown_I
#
# <colnr> <probs for GDERKNQSTAVLIFYWHMCP>
#	G	D	E	R	K	N	Q	S	T	A	V	L	I	F	Y	W	H	M	C	P
0	0.00919	0.00497	0.00637	0.00590	0.00746	0.00442	0.00453	0.01061	0.01053	0.23985	0.22778	0.19915	0.19790	0.00918	0.00488	0.00145	0.00264	0.04409	0.00445	0.00464
1	0.01006	0.00830	0.00892	0.00807	0.01024	0.00942	0.00633	0.06487	0.61908	0.01764	0.08071	0.01849	0.01520	0.00620	0.00435	0.00142	0.00326	0.05201	0.04925	0.00616
2	0.36029	0.00777	0.00811	0.00664	0.00943	0.00806	0.00545	0.09419	0.03010	0.33970	0.01145	0.01107	0.00785	0.00466	0.00347	0.00127	0.00341	0.00340	0.07784	0.00583
3	0.23004	0.00761	0.00751	0.00676	0.00878	0.04746	0.00537	0.07906	0.14258	0.07151	0.19878	0.03471	0.03175	0.00638	0.00406	0.00135	0.00326	0.06196	0.04603	0.00504
4	0.03076	0.01414	0.41911	0.02927	0.01443	0.00803	0.04675	0.01358	0.03675	0.16750	0.01267	0.07357	0.04669	0.04033	0.02652	0.00162	0.00515	0.00452	0.00284	0.00577
5	0.03172	0.13316	0.01298	0.00954	0.01205	0.42102	0.02617	0.18412	0.01264	0.01416	0.04699	0.01014	0.00791	0.03631	0.02233	0.00135	0.00610	0.00332	0.00269	0.00529
6	0.79454	0.00850	0.00683	0.00595	0.00863	0.00979	0.00490	0.09308	0.00843	0.01963	0.00628	0.00716	0.00481	0.00402	0.00276	0.00130	0.00339	0.00243	0.00276	0.00481
7	0.00888	0.07614	0.61053	0.01172	0.03614	0.05240	0.04831	0.01289	0.00904	0.01277	0.00869	0.05966	0.00718	0.00468	0.00406	0.00133	0.00590	0.02185	0.00199	0.00586
8	0.00533	0.00395	0.00500	0.00557	0.00620	0.00362	0.00395	0.00641	0.00909	0.01200	0.16338	0.50909	0.18094	0.01182	0.00525	0.00160	0.00239	0.05683	0.00402	0.00356
9	0.00819	0.00729	0.01182	0.70907	0.02562	0.00890	0.01062	0.04894	0.00896	0.01161	0.04972	0.01229	0.00754	0.00509	0.00497	0.05348	0.00525	0.00393	0.00212	0.00458
10	0.00862	0.00465	0.00616	0.00617	0.00731	0.00422	0.00454	0.00979	0.00956	0.20745	0.10342	0.47423	0.06022	0.01044	0.00501	0.00155	0.00271	0.04740	0.02214	0.00440
11	0.00730	0.00365	0.00548	0.00548	0.00548	0.00365	0.00365	0.00548	0.00548	0.00730	0.00730	0.01278	0.00730	0.01460	0.01643	0.87769	0.00365	0.00365	0.00183	0.00183
12	0.03448	0.05879	0.05146	0.00936	0.01236	0.16341	0.00781	0.31200	0.23921	0.05184	0.01119	0.01104	0.00830	0.00495	0.00402	0.00126	0.00480	0.00372	0.00360	0.00639
13	0.01232	0.01874	0.01009	0.00912	0.10123	0.00680	0.01787	0.08103	0.01119	0.28194	0.09337	0.03983	0.04761	0.00532	0.00407	0.00114	0.00351	0.01480	0.00380	0.23619

[dist]
# distance from previous block
# <min> <max>
0	1

[block]
# block no. 9 follows, 63 sequences, length 10
# corresponding to MSA columns:
# 529,530,542-549
name=unknown_J
#
# <colnr> <probs for GDERKNQSTAVLIFYWHMCP>
#	G	D	E	R	K	N	Q	S	T	A	V	L	I	F	Y	W	H	M	C	P
0	0.01179	0.37285	0.15356	0.00944	0.01315	0.13171	0.05399	0.07240	0.09816	0.03412	0.00818	0.00889	0.00651	0.00414	0.00352	0.00112	0.00523	0.00305	0.00240	0.00578
1	0.74126	0.00887	0.00792	0.00672	0.00945	0.04825	0.06160	0.01301	0.00779	0.05419	0.00655	0.00752	0.00498	0.00396	0.00290	0.00130	0.00374	0.00257	0.00266	0.00476
2	0.01125	0.00960	0.01461	0.14081	0.41554	0.01015	0.03631	0.15078	0.08125	0.05337	0.00979	0.03065	0.00778	0.00449	0.00424	0.00131	0.00482	0.00409	0.00279	0.00636
3	0.00510	0.00374	0.00479	0.00562	0.00604	0.00343	0.00380	0.00588	0.00827	0.01082	0.02595	0.73348	0.14204	0.01281	0.00531	0.00167	0.00239	0.01151	0.00390	0.00343
4	0.00903	0.01000	0.08378	0.18831	0.26664	0.02876	0.18533	0.01176	0.00923	0.01270	0.01029	0.08922	0.02540	0.00490	0.00439	0.00135	0.00530	0.00481	0.04335	0.00546
5	0.01355	0.01599	0.01246	0.01079	0.01294	0.54981	0.09492	0.06458	0.01138	0.01158	0.00837	0.01215	0.00754	0.07974	0.00592	0.00147	0.03247	0.04709	0.00241	0.00483
6	0.00619	0.00518	0.00553	0.00527	0.00657	0.03609	0.00397	0.00837	0.06137	0.01432	0.41101	0.03334	0.36912	0.00912	0.00488	0.00136	0.00234	0.00777	0.00420	0.00399
7	0.00776	0.00452	0.00605	0.00627	0.00713	0.00429	0.00461	0.00881	0.00872	0.14070	0.04728	0.41180	0.02216	0.11641	0.06571	0.00231	0.00364	0.12397	0.00385	0.00401
8	0.01369	0.04669	0.04217	0.00980	0.03069	0.31086	0.01859	0.11749	0.07579	0.13687	0.02617	0.04852	0.02097	0.00615	0.02960	0.00143	0.05176	0.00399	0.00315	0.00562
9	0.02830	0.00712	0.00854	0.00787	0.00911	0.07491	0.07700	0.06410	0.07506	0.01249	0.02919	0.28519	0.01734	0.15694	0.04607	0.00223	0.02206	0.06900	0.00327	0.00421

[dist]
# distance from previous block
# <min> <max>
0	22

[block]
# block no. 10 follows, 63 sequences, length 12
# corresponding to MSA columns:
# 572-583
name=unknown_K
#
# <colnr> <probs for GDERKNQSTAVLIFYWHMCP>
#	G	D	E	R	K	N	Q	S	T	A	V	L	I	F	Y	W	H	M	C	P
0	0.05389	0.00818	0.01127	0.01049	0.06643	0.01018	0.02586	0.01103	0.04837	0.05545	0.04067	0.08630	0.04737	0.00725	0.00960	0.00163	0.47041	0.00481	0.00260	0.02821
1	0.08206	0.05240	0.01283	0.19635	0.11714	0.04121	0.05517	0.07269	0.03395	0.05903	0.00837	0.01052	0.00662	0.00438	0.00461	0.00123	0.07073	0.01412	0.00254	0.15405
2	0.02710	0.00987	0.03384	0.05134	0.01252	0.02557	0.02294	0.40256	0.07069	0.16512	0.05289	0.01268	0.00980	0.00531	0.00434	0.01515	0.00420	0.00409	0.06360	0.00639
3	0.04805	0.00699	0.00794	0.00639	0.00914	0.00621	0.00501	0.06406	0.08127	0.06207	0.05182	0.10223	0.06484	0.00552	0.00377	0.00102	0.00303	0.00459	0.03979	0.42627
4	0.00531	0.00419	0.00469	0.00472	0.00580	0.00367	0.00342	0.00648	0.00973	0.01241	0.23030	0.13177	0.48271	0.06848	0.00615	0.00161	0.00226	0.00873	0.00399	0.00357
5	0.00771	0.00570	0.00684	0.00647	0.00770	0.00596	0.00489	0.07169	0.12095	0.04034	0.23543	0.22579	0.10442	0.00974	0.03612	0.00165	0.04789	0.00749	0.04869	0.00452
6	0.01417	0.03297	0.01024	0.00811	0.01073	0.07493	0.00655	0.22766	0.13782	0.25277	0.04460	0.02870	0.02313	0.00551	0.00436	0.00128	0.02662	0.00431	0.07927	0.00625
7	0.00589	0.00417	0.00511	0.00544	0.00635	0.00375	0.00396	0.00702	0.00938	0.04686	0.14550	0.38009	0.28760	0.01124	0.00516	0.00156	0.00241	0.06071	0.00406	0.00373
8	0.00950	0.00929	0.07110	0.08209	0.33398	0.00875	0.00962	0.12758	0.03605	0.01491	0.04632	0.11892	0.08817	0.00613	0.00457	0.00136	0.01763	0.00540	0.00292	0.00570
9	0.00724	0.00367	0.00543	0.00543	0.00543	0.00367	0.00359	0.00551	0.00551	0.00735	0.00763	0.01360	0.00775	0.06141	0.01671	0.82887	0.00367	0.00379	0.00187	0.00187
10	0.07556	0.01599	0.01179	0.01001	0.01268	0.45713	0.00782	0.32718	0.01465	0.01721	0.00786	0.00851	0.00603	0.00458	0.00387	0.00117	0.00613	0.00310	0.00299	0.00574
11	0.00974	0.02503	0.12997	0.01040	0.09727	0.00832	0.05422	0.08839	0.07962	0.02837	0.01028	0.04855	0.02717	0.00453	0.00410	0.00108	0.02666	0.00380	0.00275	0.33975

[dist]
# distance from previous block
# <min> <max>
0	2

[block]
# block no. 11 follows, 63 sequences, length 21
# corresponding to MSA columns:
# 588-608
name=unknown_L
#
# <colnr> <probs for GDERKNQSTAVLIFYWHMCP>
#	G	D	E	R	K	N	Q	S	T	A	V	L	I	F	Y	W	H	M	C	P
0	0.01023	0.01994	0.01316	0.05519	0.10679	0.01988	0.14555	0.10488	0.22044	0.03994	0.03358	0.08572	0.04958	0.00602	0.00511	0.00142	0.05773	0.01580	0.00329	0.00576
1	0.00739	0.00609	0.00827	0.00770	0.00806	0.00751	0.00590	0.03904	0.00717	0.01027	0.01126	0.13784	0.01199	0.16642	0.22898	0.04229	0.28198	0.00555	0.00247	0.00381
2	0.00619	0.00415	0.00503	0.00516	0.00583	0.00385	0.00351	0.00709	0.00871	0.04767	0.17406	0.28027	0.15967	0.23757	0.00944	0.00219	0.00278	0.00850	0.02485	0.00349
3	0.00613	0.00404	0.00518	0.00574	0.00640	0.00368	0.00400	0.00701	0.00863	0.06806	0.04075	0.62462	0.14505	0.02533	0.00548	0.00167	0.00252	0.02804	0.00399	0.00370
4	0.01331	0.01045	0.01111	0.00913	0.01202	0.01179	0.00734	0.43013	0.40601	0.02219	0.01349	0.01280	0.00990	0.00536	0.00424	0.00134	0.00400	0.00425	0.00424	0.00691
5	0.04881	0.00548	0.00611	0.00583	0.00727	0.00549	0.00449	0.07637	0.08155	0.03076	0.17715	0.12859	0.22734	0.00904	0.01974	0.00150	0.00279	0.05606	0.10126	0.00437
6	0.03903	0.76037	0.02068	0.00727	0.01081	0.01589	0.00711	0.04994	0.00914	0.03873	0.00641	0.00716	0.00562	0.00373	0.00282	0.00094	0.00443	0.00239	0.00205	0.00551
7	0.01024	0.00664	0.00766	0.00659	0.00851	0.00674	0.00522	0.20219	0.06034	0.11110	0.26695	0.03594	0.10192	0.00710	0.00443	0.00130	0.00296	0.03236	0.11663	0.00519
8	0.01211	0.21232	0.11177	0.03819	0.04150	0.19553	0.02345	0.09118	0.13154	0.03637	0.00902	0.01022	0.00721	0.00464	0.00423	0.00122	0.04426	0.01687	0.00263	0.00574
9	0.06057	0.03512	0.01191	0.01044	0.01257	0.68415	0.00798	0.05387	0.01162	0.01149	0.00656	0.00775	0.00546	0.00452	0.00436	0.00115	0.06048	0.00279	0.00226	0.00496
10	0.00948	0.00833	0.03842	0.01023	0.08960	0.04445	0.11918	0.06352	0.10796	0.06445	0.30462	0.02016	0.03912	0.00621	0.00454	0.00132	0.00383	0.01515	0.04417	0.00528
11	0.00891	0.00605	0.00720	0.00649	0.00820	0.00610	0.00503	0.04344	0.20423	0.11709	0.37816	0.05403	0.10220	0.00778	0.00471	0.00138	0.00268	0.02678	0.00449	0.00506
12	0.04769	0.00548	0.00568	0.02282	0.00716	0.02614	0.00414	0.05047	0.04917	0.02646	0.15247	0.08015	0.34069	0.00828	0.00440	0.00132	0.00257	0.00691	0.15383	0.00416
13	0.00539	0.00409	0.00497	0.00513	0.00604	0.00367	0.00370	0.00671	0.01001	0.01327	0.33595	0.28075	0.28382	0.01062	0.00508	0.00147	0.00217	0.00931	0.00418	0.00367
14	0.00722	0.00369	0.00549	0.00546	0.00553	0.00367	0.00367	0.00563	0.00589	0.00791	0.05932	0.01396	0.00936	0.01422	0.01570	0.82186	0.00354	0.00390	0.00200	0.00196
15	0.01258	0.54245	0.05624	0.00857	0.01186	0.25618	0.00788	0.04137	0.00993	0.01074	0.00626	0.00720	0.00546	0.00388	0.00313	0.00099	0.00548	0.00248	0.00199	0.00534
16	0.28681	0.00757	0.00785	0.00662	0.00907	0.00802	0.00534	0.12695	0.08737	0.18667	0.12849	0.01494	0.04133	0.00548	0.00376	0.00129	0.00322	0.00423	0.05948	0.00550
17	0.04131	0.06314	0.02948	0.00816	0.01025	0.12355	0.04863	0.10855	0.08563	0.08482	0.07493	0.16190	0.04435	0.05874	0.02378	0.00163	0.01694	0.00572	0.00342	0.00506
18	0.01186	0.01020	0.01013	0.00881	0.01125	0.07748	0.00690	0.22015	0.48812	0.01871	0.01495	0.07852	0.01196	0.00601	0.00430	0.00138	0.00393	0.00490	0.00406	0.00638
19	0.55008	0.00716	0.00631	0.00592	0.00795	0.00801	0.00463	0.06215	0.03549	0.01704	0.01225	0.20888	0.04695	0.00654	0.00352	0.00140	0.00310	0.00505	0.00313	0.00447
20	0.01102	0.02182	0.02478	0.02133	0.09254	0.09372	0.01926	0.10290	0.24388	0.07573	0.02589	0.12520	0.03895	0.00639	0.00451	0.00136	0.01827	0.02445	0.00357	0.04443

[dist]
# distance from previous block
# <min> <max>
0	1

[block]
# block no. 12 follows, 63 sequences, length 6
# corresponding to MSA columns:
# 610-615
name=unknown_M
#
# <colnr> <probs for GDERKNQSTAVLIFYWHMCP>
#	G	D	E	R	K	N	Q	S	T	A	V	L	I	F	Y	W	H	M	C	P
0	0.00662	0.00530	0.00694	0.11729	0.03618	0.00534	0.00546	0.05145	0.03219	0.01362	0.22473	0.21042	0.22389	0.00921	0.00489	0.00146	0.00294	0.03411	0.00378	0.00416
1	0.05283	0.01004	0.03793	0.08398	0.06855	0.00964	0.49553	0.01260	0.00943	0.04257	0.00988	0.06643	0.00839	0.00477	0.00508	0.00145	0.03790	0.03520	0.00240	0.00540
2	0.00928	0.04193	0.06904	0.02811	0.01322	0.03488	0.17626	0.01205	0.07300	0.04129	0.08355	0.05602	0.03960	0.02353	0.00789	0.00157	0.27616	0.00493	0.00266	0.00503
3	0.00566	0.00410	0.00491	0.00512	0.00577	0.00385	0.00355	0.00635	0.00821	0.01062	0.09222	0.19478	0.26469	0.22126	0.05218	0.05892	0.00331	0.04787	0.00341	0.00322
4	0.01152	0.20317	0.12882	0.04577	0.07646	0.10067	0.07590	0.07953	0.05903	0.07668	0.00941	0.05126	0.00771	0.00458	0.00385	0.00119	0.00506	0.00375	0.00264	0.05301
5	0.11784	0.00944	0.06265	0.00891	0.04000	0.07737	0.05700	0.06003	0.06087	0.04301	0.01179	0.14047	0.02803	0.05470	0.02137	0.00157	0.06925	0.00493	0.00290	0.12787

[dist]
# distance from previous block
# <min> <max>
3	217

[block]
# block no. 13 follows, 63 sequences, length 19
# corresponding to MSA columns:
# 836-854
name=unknown_N
#
# <colnr> <probs for GDERKNQSTAVLIFYWHMCP>
#	G	D	E	R	K	N	Q	S	T	A	V	L	I	F	Y	W	H	M	C	P
0	0.03306	0.00669	0.06298	0.00686	0.00837	0.00593	0.00550	0.10497	0.03204	0.04068	0.01989	0.44314	0.09724	0.02171	0.01518	0.00161	0.03247	0.00840	0.01388	0.03939
1	0.51903	0.00796	0.03115	0.00641	0.00891	0.00828	0.03723	0.05772	0.02798	0.01766	0.11217	0.03289	0.07708	0.00532	0.00344	0.00131	0.00330	0.00399	0.00308	0.03505
2	0.00693	0.00540	0.00686	0.02808	0.00815	0.00521	0.03137	0.00978	0.12178	0.02858	0.26934	0.13190	0.18534	0.03207	0.00576	0.04107	0.00278	0.01872	0.00387	0.05700
3	0.01103	0.49797	0.05666	0.00747	0.01061	0.01325	0.00709	0.08690	0.07699	0.03739	0.02085	0.01064	0.04006	0.00454	0.00354	0.00107	0.02853	0.00322	0.07667	0.00551
4	0.01378	0.00681	0.00845	0.00697	0.00946	0.00641	0.00556	0.07883	0.09502	0.43947	0.07567	0.06940	0.12214	0.02265	0.00475	0.00140	0.00325	0.00560	0.01834	0.00604
5	0.00918	0.09835	0.17389	0.00674	0.00934	0.00753	0.00663	0.06319	0.06489	0.03561	0.04897	0.01387	0.01040	0.01765	0.00370	0.00116	0.00342	0.00384	0.41664	0.00499
6	0.00726	0.00367	0.00544	0.00544	0.00544	0.00367	0.00361	0.00550	0.00550	0.00733	0.00752	0.01333	0.00760	0.04604	0.01662	0.84491	0.00367	0.00374	0.00185	0.00185
7	0.00530	0.00409	0.00479	0.00498	0.00590	0.00364	0.00356	0.00646	0.00958	0.01242	0.22987	0.26939	0.36895	0.04457	0.00574	0.00158	0.00226	0.00933	0.00403	0.00357
8	0.17533	0.44602	0.10784	0.00790	0.01154	0.03314	0.00778	0.14252	0.01022	0.01466	0.00674	0.00756	0.00551	0.00395	0.00310	0.00109	0.00455	0.00261	0.00235	0.00560
9	0.07569	0.24481	0.24028	0.03474	0.02805	0.06850	0.03446	0.06580	0.06077	0.02640	0.02330	0.02871	0.01912	0.00449	0.00374	0.00120	0.01337	0.00340	0.00240	0.02077
10	0.01051	0.31870	0.03734	0.02385	0.01083	0.09915	0.02543	0.10768	0.05604	0.01295	0.04904	0.15123	0.01189	0.04561	0.00485	0.00135	0.02084	0.00482	0.00280	0.00509
11	0.00996	0.00940	0.01536	0.11160	0.62528	0.00974	0.01180	0.01342	0.09484	0.01371	0.00936	0.04014	0.00793	0.00433	0.00422	0.00130	0.00480	0.00414	0.00235	0.00633
12	0.00607	0.00410	0.00480	0.00482	0.00492	0.00414	0.00285	0.00627	0.00642	0.00865	0.03951	0.05538	0.01613	0.73184	0.08389	0.00411	0.00451	0.00624	0.00264	0.00272
13	0.01190	0.00579	0.00754	0.00636	0.00845	0.00522	0.00503	0.01407	0.04816	0.38375	0.34519	0.03883	0.08740	0.00718	0.00461	0.00133	0.00279	0.00613	0.00480	0.00549
14	0.00602	0.00467	0.00531	0.00533	0.00652	0.00435	0.00400	0.03536	0.04827	0.01336	0.18969	0.18157	0.38839	0.01014	0.00496	0.00146	0.00239	0.05330	0.03100	0.00391
