[name]
unknown

[dist]
# distance from previous block
# <min> <max>
0	112

[block]
# block no. 0 follows, 70 sequences, length 21
# corresponding to MSA columns:
# 116-136
name=unknown_A
#
# <colnr> <probs for GDERKNQSTAVLIFYWHMCP>
#	G	D	E	R	K	N	Q	S	T	A	V	L	I	F	Y	W	H	M	C	P
0	0.14097	0.11362	0.08275	0.03341	0.14261	0.06861	0.02218	0.07867	0.08872	0.03646	0.00888	0.02163	0.00752	0.01567	0.00396	0.00121	0.02646	0.05584	0.00252	0.04832
1	0.04467	0.00721	0.03111	0.01961	0.09970	0.04506	0.00589	0.09645	0.03293	0.12242	0.06979	0.20663	0.05088	0.01999	0.00422	0.00124	0.00331	0.00551	0.02750	0.10587
2	0.06799	0.04883	0.01234	0.01479	0.38774	0.08183	0.00858	0.02550	0.12240	0.04220	0.05663	0.01077	0.00848	0.00412	0.00388	0.00113	0.02684	0.00348	0.00251	0.06996
3	0.05274	0.00538	0.00695	0.05936	0.09982	0.02020	0.00527	0.03216	0.03550	0.02975	0.16909	0.32599	0.04648	0.03551	0.00481	0.00141	0.00290	0.01887	0.02983	0.01798
4	0.01359	0.01002	0.01197	0.04214	0.14516	0.01088	0.00804	0.56903	0.05477	0.08065	0.00964	0.00992	0.00694	0.00447	0.00388	0.00118	0.00423	0.00356	0.00355	0.00642
5	0.60921	0.00870	0.00904	0.06912	0.03039	0.06489	0.10661	0.03935	0.00774	0.01584	0.00603	0.00733	0.00466	0.00364	0.00293	0.00120	0.00394	0.00261	0.00231	0.00448
6	0.00748	0.00705	0.01191	0.79641	0.08349	0.00866	0.01085	0.01004	0.00783	0.01010	0.00692	0.01028	0.00524	0.00385	0.00387	0.00128	0.00513	0.00345	0.00174	0.00443
7	0.00490	0.00394	0.00437	0.00426	0.00543	0.00341	0.00320	0.00618	0.00959	0.01226	0.31972	0.03438	0.55643	0.00915	0.00458	0.00128	0.00192	0.00777	0.00383	0.00341
8	0.00464	0.00371	0.00415	0.00450	0.00539	0.00322	0.00320	0.00550	0.00829	0.01025	0.03236	0.35543	0.52434	0.01072	0.00472	0.00141	0.00207	0.00928	0.00360	0.00322
9	0.01390	0.05116	0.02601	0.00955	0.01175	0.66247	0.00740	0.11158	0.02595	0.01136	0.00672	0.00789	0.00555	0.02756	0.00396	0.00110	0.00637	0.00272	0.00224	0.00476
10	0.00751	0.00404	0.00477	0.00444	0.00555	0.00383	0.00338	0.00930	0.00956	0.09498	0.34480	0.02017	0.02062	0.00592	0.00357	0.00106	0.00196	0.00501	0.44561	0.00392
11	0.00635	0.00480	0.00590	0.00585	0.00695	0.00481	0.00460	0.02682	0.12296	0.01384	0.36760	0.06337	0.09356	0.04847	0.00539	0.00151	0.00260	0.20680	0.00387	0.00393
12	0.01182	0.00845	0.00935	0.00773	0.01035	0.00909	0.00618	0.21224	0.42227	0.14414	0.03049	0.01277	0.01022	0.00489	0.00384	0.00119	0.00335	0.00397	0.00392	0.08374
13	0.07715	0.00980	0.01496	0.06539	0.01533	0.07455	0.35828	0.12939	0.10767	0.01437	0.01032	0.06503	0.03045	0.00457	0.00413	0.00127	0.00508	0.00448	0.00264	0.00515
14	0.00478	0.00346	0.00442	0.00516	0.00548	0.00321	0.00344	0.00543	0.00743	0.00977	0.02247	0.71461	0.10648	0.07684	0.00604	0.00171	0.00234	0.01033	0.00350	0.00310
15	0.00855	0.00719	0.00831	0.00598	0.00940	0.00569	0.00481	0.07205	0.00882	0.01353	0.00707	0.00814	0.00581	0.00301	0.00295	0.00062	0.00298	0.00239	0.00242	0.82029
16	0.00834	0.01863	0.00800	0.00724	0.00833	0.11745	0.00558	0.02687	0.14082	0.03421	0.02017	0.02997	0.00984	0.10908	0.31406	0.00336	0.10940	0.00415	0.02032	0.00417
17	0.00914	0.00933	0.05204	0.13274	0.21069	0.03432	0.25788	0.04953	0.04681	0.03555	0.07203	0.03702	0.00943	0.00440	0.00418	0.00126	0.00497	0.02103	0.00242	0.00524
18	0.00492	0.00412	0.00431	0.00431	0.00555	0.00362	0.00321	0.00645	0.05172	0.01106	0.08913	0.09839	0.68043	0.00963	0.00458	0.00132	0.00203	0.00812	0.00366	0.00344
19	0.03571	0.00932	0.08641	0.00889	0.01118	0.10495	0.15754	0.06703	0.08578	0.01273	0.06886	0.01422	0.04694	0.03594	0.19092	0.00239	0.00592	0.00423	0.04647	0.00458
20	0.00932	0.00774	0.01211	0.19383	0.37967	0.00822	0.00937	0.07162	0.02615	0.07233	0.00993	0.11568	0.00894	0.02930	0.00469	0.00133	0.02751	0.00450	0.00249	0.00529

[dist]
# distance from previous block
# <min> <max>
2	117

[block]
# block no. 1 follows, 70 sequences, length 22
# corresponding to MSA columns:
# 254-275
name=unknown_B
#
# <colnr> <probs for GDERKNQSTAVLIFYWHMCP>
#	G	D	E	R	K	N	Q	S	T	A	V	L	I	F	Y	W	H	M	C	P
0	0.10437	0.23010	0.07771	0.00870	0.07890	0.05754	0.02998	0.05209	0.05389	0.05480	0.06710	0.03245	0.01947	0.00670	0.07938	0.00157	0.02151	0.00352	0.01529	0.00492
1	0.03206	0.13770	0.21418	0.05967	0.08015	0.01978	0.04048	0.02434	0.05319	0.03086	0.03340	0.02860	0.01865	0.03207	0.11482	0.02438	0.01863	0.00363	0.02859	0.00482
2	0.00648	0.00365	0.00547	0.00537	0.00559	0.00368	0.02297	0.00557	0.00557	0.00757	0.00888	0.06358	0.02158	0.04861	0.09930	0.65150	0.00405	0.00410	0.02432	0.00214
3	0.00991	0.22860	0.04469	0.03040	0.24291	0.06096	0.10592	0.05662	0.03360	0.02539	0.00843	0.01055	0.03111	0.05502	0.00489	0.00127	0.03892	0.00346	0.00213	0.00523
4	0.00580	0.00410	0.00488	0.00472	0.00590	0.00363	0.00360	0.00718	0.00976	0.06195	0.35693	0.07385	0.38484	0.00892	0.00459	0.00130	0.00208	0.04839	0.00394	0.00363
5	0.00859	0.14021	0.27826	0.17183	0.12256	0.01922	0.01037	0.03274	0.09174	0.01206	0.03203	0.03838	0.00748	0.00426	0.00376	0.00119	0.01440	0.00350	0.00213	0.00528
6	0.00966	0.00779	0.01041	0.02200	0.03493	0.00747	0.07367	0.10752	0.01820	0.08297	0.02529	0.01036	0.03260	0.00419	0.00473	0.00098	0.12199	0.00326	0.00266	0.41931
7	0.00653	0.00484	0.00646	0.12568	0.00941	0.00481	0.02160	0.00856	0.06393	0.06975	0.18027	0.21822	0.23105	0.02529	0.00477	0.00139	0.00275	0.00726	0.00351	0.00391
8	0.00967	0.00792	0.01129	0.35537	0.06663	0.00916	0.03703	0.10563	0.19109	0.07676	0.02009	0.01191	0.00785	0.00462	0.00448	0.00130	0.05565	0.01552	0.00277	0.00526
9	0.86071	0.00788	0.00588	0.00527	0.00765	0.03784	0.00431	0.01154	0.00675	0.01712	0.00542	0.00632	0.00423	0.00361	0.00244	0.00119	0.00314	0.00211	0.00239	0.00421
10	0.01337	0.01596	0.01165	0.01012	0.01229	0.62877	0.07819	0.09251	0.02726	0.01133	0.00757	0.05840	0.00658	0.00450	0.00372	0.00108	0.00633	0.00332	0.00231	0.00471
11	0.01400	0.01025	0.01106	0.00865	0.01156	0.01132	0.00708	0.71501	0.07501	0.04223	0.01043	0.04712	0.00787	0.00503	0.00393	0.00119	0.00407	0.00389	0.00389	0.00641
12	0.01691	0.00738	0.00948	0.00727	0.01029	0.00686	0.00600	0.16723	0.01241	0.69207	0.01420	0.01248	0.00905	0.00477	0.00389	0.00119	0.00348	0.00382	0.00463	0.00660
13	0.00515	0.00384	0.00544	0.00597	0.00642	0.00364	0.03678	0.02171	0.00775	0.01034	0.02056	0.78149	0.02436	0.01159	0.00493	0.00156	0.00251	0.03911	0.00354	0.00331
14	0.00610	0.00471	0.00680	0.00648	0.00715	0.00536	0.02921	0.03006	0.00665	0.00939	0.01099	0.04831	0.01098	0.18258	0.53439	0.00489	0.06207	0.02820	0.00225	0.00343
15	0.01424	0.00962	0.01064	0.00834	0.01121	0.01040	0.00682	0.60111	0.07397	0.14850	0.01134	0.05674	0.00846	0.00513	0.00394	0.00120	0.00392	0.00403	0.00401	0.00637
16	0.01519	0.01013	0.01118	0.00857	0.01166	0.01094	0.00708	0.68829	0.01701	0.16451	0.01033	0.00997	0.00711	0.00468	0.00388	0.00117	0.00410	0.00356	0.00404	0.00659
17	0.00687	0.00654	0.00808	0.00745	0.00844	0.11059	0.11050	0.00800	0.00824	0.01049	0.09265	0.41789	0.03369	0.09024	0.00644	0.00165	0.04159	0.02399	0.00304	0.00362
18	0.00878	0.08835	0.17089	0.02351	0.06379	0.03336	0.08256	0.09788	0.02274	0.03531	0.00953	0.07195	0.00876	0.12579	0.09566	0.00211	0.04771	0.00423	0.00235	0.00474
19	0.00700	0.00616	0.00643	0.03328	0.00731	0.11436	0.00452	0.02241	0.00695	0.00887	0.01085	0.06594	0.01132	0.33811	0.31081	0.00397	0.03135	0.00483	0.00227	0.00326
20	0.00517	0.06432	0.00563	0.00540	0.00599	0.00408	0.00386	0.00597	0.00768	0.00998	0.02221	0.67233	0.11518	0.01120	0.00475	0.00150	0.00241	0.04556	0.00346	0.00331
21	0.09119	0.17858	0.03694	0.07885	0.04672	0.14611	0.16707	0.05454	0.02187	0.05751	0.03924	0.03348	0.00745	0.00457	0.01883	0.00122	0.00503	0.00351	0.00234	0.00495

[dist]
# distance from previous block
# <min> <max>
0	14

[block]
# block no. 2 follows, 70 sequences, length 17
# corresponding to MSA columns:
# 290-306
name=unknown_C
#
# <colnr> <probs for GDERKNQSTAVLIFYWHMCP>
#	G	D	E	R	K	N	Q	S	T	A	V	L	I	F	Y	W	H	M	C	P
0	0.05968	0.09633	0.03130	0.00860	0.04486	0.07929	0.01814	0.16229	0.32976	0.03338	0.01067	0.01060	0.00811	0.00439	0.00356	0.00113	0.00388	0.00343	0.00315	0.08744
1	0.05060	0.23692	0.25342	0.05561	0.08173	0.03925	0.04092	0.03288	0.04979	0.01181	0.01069	0.01153	0.10062	0.00437	0.00348	0.00113	0.00453	0.00345	0.00213	0.00512
2	0.00715	0.00414	0.00578	0.00554	0.00595	0.00432	0.00394	0.07328	0.00663	0.00900	0.05110	0.01300	0.00874	0.01481	0.13944	0.63458	0.00442	0.00369	0.00206	0.00246
3	0.00824	0.06212	0.71524	0.01075	0.01602	0.03597	0.03157	0.01276	0.04954	0.01223	0.00731	0.00841	0.00529	0.00374	0.00365	0.00121	0.00557	0.00293	0.00177	0.00566
4	0.01033	0.01194	0.16462	0.01063	0.01378	0.05766	0.16926	0.16551	0.25391	0.01532	0.00996	0.01065	0.00748	0.00452	0.00472	0.00128	0.07609	0.00379	0.00282	0.00572
5	0.00785	0.00748	0.00995	0.00863	0.00908	0.00979	0.00710	0.04932	0.00722	0.01035	0.01318	0.03520	0.18813	0.00747	0.01031	0.00158	0.60634	0.00463	0.00227	0.00412
6	0.00502	0.00368	0.00459	0.00487	0.00555	0.00334	0.00345	0.00599	0.00869	0.01154	0.26701	0.36842	0.22486	0.01040	0.00530	0.04950	0.00212	0.00873	0.00369	0.00325
7	0.00517	0.00388	0.00475	0.00467	0.00559	0.00350	0.00343	0.00660	0.00988	0.01338	0.51700	0.12370	0.24310	0.03184	0.00502	0.00135	0.00196	0.00773	0.00397	0.00347
8	0.52358	0.00712	0.00709	0.00586	0.00851	0.00744	0.00483	0.01455	0.00849	0.36439	0.00956	0.00920	0.00647	0.00410	0.00303	0.00120	0.00313	0.00286	0.00341	0.00521
9	0.00673	0.00337	0.00505	0.00505	0.00505	0.00337	0.00337	0.00505	0.00505	0.00673	0.00673	0.01178	0.00673	0.01347	0.01515	0.88721	0.00337	0.00337	0.00168	0.00168
10	0.06576	0.00820	0.00853	0.00759	0.00987	0.00934	0.00593	0.01943	0.73513	0.01610	0.01463	0.01359	0.01102	0.00502	0.00379	0.00127	0.00305	0.00412	0.00376	0.05387
11	0.89114	0.00750	0.00570	0.00510	0.00750	0.00870	0.00420	0.01140	0.00660	0.01739	0.00540	0.00630	0.00420	0.00360	0.00240	0.00120	0.00300	0.00210	0.00240	0.00420
12	0.00860	0.08904	0.72248	0.01042	0.01578	0.00932	0.01314	0.01264	0.00835	0.06493	0.00736	0.00834	0.00522	0.00372	0.00360	0.00119	0.00544	0.00287	0.00184	0.00572
13	0.00491	0.00394	0.00446	0.00458	0.00565	0.00338	0.00331	0.00590	0.00847	0.01076	0.08486	0.30155	0.46835	0.01000	0.00459	0.00134	0.00210	0.00865	0.00356	0.05963
14	0.10310	0.07357	0.06575	0.02156	0.03640	0.05522	0.08343	0.04919	0.13751	0.05491	0.08794	0.04255	0.07792	0.01983	0.04602	0.00152	0.01649	0.01932	0.00293	0.00483
15	0.08116	0.00959	0.05420	0.14027	0.02503	0.16239	0.00698	0.07147	0.07820	0.04377	0.01091	0.05440	0.05476	0.00724	0.08560	0.00164	0.00497	0.01336	0.00260	0.09146
16	0.07593	0.02306	0.15000	0.03273	0.15043	0.01719	0.06770	0.11089	0.03452	0.03843	0.00975	0.07547	0.01808	0.08897	0.02576	0.00158	0.02367	0.00415	0.00250	0.04922

[dist]
# distance from previous block
# <min> <max>
5	106

[block]
# block no. 3 follows, 70 sequences, length 13
# corresponding to MSA columns:
# 432-444
name=unknown_D
#
# <colnr> <probs for GDERKNQSTAVLIFYWHMCP>
#	G	D	E	R	K	N	Q	S	T	A	V	L	I	F	Y	W	H	M	C	P
0	0.00508	0.00386	0.00566	0.00606	0.00657	0.00361	0.05086	0.00602	0.00780	0.01046	0.07199	0.72841	0.02507	0.01131	0.00492	0.00154	0.00252	0.04136	0.00355	0.00332
1	0.01153	0.17265	0.05970	0.00812	0.01098	0.05053	0.00704	0.24129	0.31685	0.04876	0.02673	0.01099	0.00875	0.00461	0.00362	0.00115	0.00393	0.00355	0.00331	0.00591
2	0.01054	0.13691	0.25750	0.01191	0.11929	0.06041	0.12733	0.08292	0.00970	0.09670	0.00811	0.00953	0.00616	0.00385	0.00369	0.00114	0.00506	0.01687	0.00231	0.03005
3	0.03802	0.16215	0.41018	0.03301	0.05702	0.04999	0.03071	0.06590	0.02934	0.07767	0.00765	0.00854	0.00564	0.00380	0.00350	0.00114	0.00503	0.00293	0.00216	0.00560
4	0.00949	0.30503	0.21874	0.05959	0.03444	0.02807	0.24336	0.01221	0.00849	0.03611	0.00691	0.00845	0.00540	0.00348	0.00355	0.00111	0.00531	0.00315	0.00185	0.00526
5	0.00834	0.00771	0.01270	0.07952	0.56663	0.00777	0.00992	0.01039	0.00868	0.01199	0.01232	0.06722	0.08032	0.00536	0.00414	0.00127	0.00416	0.09395	0.00233	0.00530
6	0.02086	0.20991	0.07002	0.07409	0.13182	0.04696	0.04042	0.04268	0.15259	0.09357	0.03213	0.01032	0.00777	0.00426	0.00399	0.00115	0.04601	0.00338	0.00259	0.00547
7	0.13052	0.12694	0.10325	0.04312	0.08580	0.06189	0.00724	0.03944	0.02793	0.10530	0.10300	0.01282	0.02349	0.00673	0.07387	0.00158	0.01602	0.02344	0.00269	0.00492
8	0.00634	0.00402	0.00507	0.00526	0.00619	0.00362	0.00385	0.00739	0.00872	0.10670	0.12382	0.40975	0.22396	0.01013	0.00472	0.00144	0.00233	0.05923	0.00382	0.00366
9	0.01062	0.04404	0.26180	0.01011	0.09051	0.00885	0.00908	0.01659	0.31367	0.17640	0.01183	0.01155	0.00851	0.00445	0.00379	0.00123	0.00410	0.00365	0.00314	0.00606
10	0.12584	0.02499	0.20934	0.04811	0.18092	0.00884	0.06153	0.05401	0.10323	0.10746	0.00932	0.02362	0.00710	0.00418	0.00370	0.00123	0.00441	0.01398	0.00261	0.00563
11	0.00936	0.05264	0.04951	0.10961	0.33893	0.00832	0.02975	0.04270	0.06171	0.07894	0.03358	0.06343	0.01023	0.00515	0.00404	0.00127	0.00421	0.08861	0.00264	0.00538
12	0.00480	0.00363	0.00446	0.00504	0.00566	0.00328	0.00356	0.00568	0.00808	0.01040	0.05990	0.53256	0.26882	0.01119	0.00485	0.00149	0.00222	0.05752	0.00362	0.00323

[dist]
# distance from previous block
# <min> <max>
0	20

[block]
# block no. 4 follows, 70 sequences, length 11
# corresponding to MSA columns:
# 469-479
name=unknown_E
#
# <colnr> <probs for GDERKNQSTAVLIFYWHMCP>
#	G	D	E	R	K	N	Q	S	T	A	V	L	I	F	Y	W	H	M	C	P
0	0.21641	0.03755	0.01173	0.03916	0.07881	0.06865	0.13876	0.16076	0.10411	0.01578	0.03831	0.02231	0.01969	0.00497	0.02567	0.00134	0.00446	0.00364	0.00275	0.00516
1	0.03318	0.09153	0.06684	0.02099	0.11751	0.03366	0.03010	0.08550	0.20888	0.09116	0.01221	0.06737	0.02772	0.00522	0.00394	0.00122	0.01384	0.04524	0.00306	0.04081
2	0.01104	0.01179	0.01158	0.08251	0.16659	0.28896	0.02831	0.04449	0.17997	0.01238	0.00853	0.00963	0.00678	0.00419	0.00410	0.00113	0.04437	0.00326	0.00244	0.07795
3	0.00569	0.00437	0.00531	0.00529	0.00635	0.00421	0.00409	0.00793	0.07731	0.01299	0.35126	0.06624	0.23374	0.03134	0.04210	0.00164	0.00267	0.12999	0.00379	0.00369
4	0.00915	0.01085	0.15614	0.00985	0.01121	0.06845	0.00902	0.01073	0.00724	0.05968	0.04848	0.00965	0.00692	0.00599	0.00957	0.00151	0.55543	0.00345	0.00202	0.00463
5	0.00804	0.00689	0.00804	0.00574	0.00919	0.00517	0.00459	0.00976	0.00804	0.01263	0.00689	0.00804	0.00574	0.00287	0.00287	0.00057	0.00287	0.00230	0.00230	0.88745
6	0.00514	0.00395	0.00470	0.00451	0.00558	0.00351	0.00339	0.00665	0.01016	0.01361	0.53276	0.03215	0.34255	0.00865	0.00458	0.00125	0.00188	0.00746	0.00401	0.00351
7	0.00657	0.00343	0.00493	0.00493	0.00493	0.00343	0.00321	0.00514	0.00514	0.00685	0.00757	0.01385	0.00786	0.14303	0.01585	0.75259	0.00343	0.00371	0.00178	0.00178
8	0.00576	0.00394	0.00508	0.00568	0.00620	0.00381	0.00391	0.00733	0.07558	0.05211	0.02060	0.74898	0.02370	0.01121	0.00481	0.00153	0.00237	0.01012	0.00369	0.00357
9	0.00690	0.11929	0.00759	0.00572	0.00718	0.00533	0.00433	0.00791	0.00783	0.05982	0.01595	0.52408	0.01790	0.00865	0.00414	0.00125	0.00269	0.00764	0.00315	0.18264
10	0.08503	0.00752	0.01052	0.49745	0.01967	0.00868	0.00869	0.11969	0.05662	0.09212	0.00839	0.01025	0.00611	0.00407	0.00370	0.00122	0.00445	0.00337	0.00252	0.04991

[dist]
# distance from previous block
# <min> <max>
0	11

[block]
# block no. 5 follows, 70 sequences, length 24
# corresponding to MSA columns:
# 493-516
name=unknown_F
#
# <colnr> <probs for GDERKNQSTAVLIFYWHMCP>
#	G	D	E	R	K	N	Q	S	T	A	V	L	I	F	Y	W	H	M	C	P
0	0.00890	0.00972	0.02016	0.01598	0.11440	0.00910	0.63657	0.01183	0.00895	0.01233	0.00841	0.05384	0.00692	0.00372	0.00440	0.00126	0.00586	0.00463	0.00206	0.06095
1	0.05841	0.06297	0.11904	0.04085	0.05428	0.12851	0.04261	0.17095	0.07326	0.03901	0.00954	0.09020	0.00818	0.00581	0.03576	0.00137	0.01905	0.00393	0.00269	0.03360
2	0.00786	0.00766	0.01353	0.60162	0.10855	0.00867	0.13088	0.01047	0.00808	0.01070	0.00707	0.01016	0.00540	0.00369	0.00392	0.00124	0.00519	0.00355	0.00181	0.04993
3	0.00688	0.00362	0.00524	0.00520	0.00531	0.00369	0.00351	0.00585	0.04749	0.00722	0.00720	0.01192	0.00700	0.01305	0.01458	0.84177	0.00335	0.00342	0.00180	0.00191
4	0.00883	0.00778	0.01203	0.74114	0.02531	0.00906	0.01068	0.01094	0.02387	0.01166	0.00999	0.06457	0.00862	0.00569	0.00469	0.00162	0.00542	0.03050	0.00250	0.00510
5	0.06972	0.01007	0.07041	0.08387	0.37241	0.06926	0.09296	0.04899	0.00901	0.04577	0.00762	0.00969	0.00609	0.00535	0.05738	0.00151	0.02889	0.00343	0.00213	0.00544
6	0.00555	0.00412	0.00607	0.00607	0.00670	0.00476	0.00464	0.00682	0.00618	0.00888	0.01054	0.01607	0.01006	0.09792	0.78005	0.00603	0.00984	0.00428	0.00210	0.00337
7	0.01662	0.00691	0.00912	0.00697	0.01000	0.00610	0.00574	0.07455	0.01140	0.73292	0.01435	0.01260	0.00914	0.00467	0.00383	0.00116	0.00334	0.00377	0.00458	0.06223
8	0.00821	0.16346	0.70411	0.01030	0.01562	0.01008	0.01302	0.01216	0.00813	0.01174	0.00669	0.00785	0.00492	0.00362	0.00348	0.00116	0.00546	0.00273	0.00164	0.00560
9	0.01237	0.05400	0.03535	0.01292	0.21137	0.50458	0.00853	0.03951	0.01017	0.01076	0.00669	0.00821	0.00561	0.00543	0.05691	0.00137	0.00638	0.00285	0.00202	0.00495
10	0.00548	0.00414	0.00498	0.00475	0.00580	0.00386	0.00356	0.00743	0.04654	0.01382	0.52873	0.02972	0.24365	0.03251	0.02782	0.00145	0.00220	0.00701	0.02293	0.00362
11	0.00477	0.00365	0.00438	0.00485	0.00554	0.00326	0.00342	0.00567	0.00827	0.01061	0.09600	0.47079	0.32691	0.01090	0.00479	0.00145	0.00214	0.02570	0.00365	0.00325
12	0.00663	0.00343	0.00515	0.00515	0.00521	0.00349	0.00349	0.00521	0.00515	0.00693	0.00704	0.01208	0.00698	0.01479	0.08557	0.81275	0.00396	0.00343	0.00172	0.00183
13	0.00829	0.00715	0.00870	0.00623	0.00968	0.00555	0.03490	0.03535	0.00840	0.01299	0.00700	0.00817	0.00577	0.00294	0.00297	0.00062	0.00305	0.00242	0.00233	0.82749
14	0.00962	0.09463	0.00822	0.00606	0.00801	0.00655	0.00488	0.01310	0.18325	0.21132	0.25511	0.04586	0.10758	0.00641	0.00404	0.00121	0.00271	0.00539	0.02109	0.00496
15	0.00538	0.00365	0.00431	0.00456	0.00463	0.00358	0.00271	0.00557	0.00615	0.00820	0.01483	0.26374	0.01739	0.62089	0.01552	0.00314	0.00333	0.00717	0.00271	0.00258
16	0.00848	0.00848	0.01187	0.01018	0.01018	0.01187	0.00848	0.00933	0.00594	0.00933	0.00509	0.00848	0.00509	0.00679	0.01272	0.00170	0.85666	0.00339	0.00170	0.00424
17	0.00554	0.00415	0.00623	0.00623	0.00692	0.00485	0.00485	0.00692	0.00623	0.00900	0.01038	0.01523	0.00969	0.02908	0.84839	0.00623	0.01038	0.00415	0.00208	0.00346
18	0.00484	0.00397	0.00423	0.00429	0.00547	0.00343	0.00326	0.00590	0.00882	0.01075	0.08669	0.03677	0.67425	0.05168	0.00539	0.00147	0.00219	0.07976	0.00358	0.00328
19	0.00720	0.00716	0.02818	0.01065	0.01277	0.00662	0.37087	0.03441	0.00868	0.01167	0.01462	0.36762	0.01557	0.00767	0.00476	0.00145	0.00440	0.07860	0.00284	0.00427
20	0.23126	0.03866	0.01002	0.03955	0.03137	0.31313	0.02855	0.12199	0.02262	0.02217	0.01703	0.00826	0.00584	0.02014	0.00358	0.00112	0.00486	0.00277	0.00244	0.07465
21	0.02047	0.05924	0.12564	0.00909	0.02313	0.00753	0.18171	0.01175	0.06363	0.06392	0.06115	0.01157	0.01755	0.03931	0.00429	0.00112	0.00414	0.00360	0.00250	0.28865
22	0.06474	0.02541	0.00808	0.00603	0.00881	0.00629	0.00477	0.11116	0.01951	0.05524	0.00935	0.04837	0.02337	0.07693	0.01593	0.00114	0.00323	0.00334	0.00272	0.50559
23	0.05093	0.11652	0.01147	0.00806	0.01074	0.03970	0.02201	0.44608	0.07190	0.05003	0.01057	0.09319	0.00889	0.00527	0.00376	0.00118	0.00398	0.02147	0.00341	0.02084

[dist]
# distance from previous block
# <min> <max>
1	38

[block]
# block no. 6 follows, 70 sequences, length 52
# corresponding to MSA columns:
# 555-606
name=unknown_G
#
# <colnr> <probs for GDERKNQSTAVLIFYWHMCP>
#	G	D	E	R	K	N	Q	S	T	A	V	L	I	F	Y	W	H	M	C	P
0	0.69860	0.01977	0.00615	0.00535	0.00762	0.00843	0.00436	0.02396	0.08314	0.01692	0.04121	0.00907	0.02845	0.00413	0.00272	0.00120	0.00293	0.00273	0.02888	0.00436
1	0.03250	0.13289	0.08059	0.23946	0.19440	0.03626	0.13118	0.03674	0.03275	0.02293	0.00734	0.00943	0.00577	0.00406	0.01679	0.00125	0.00511	0.00335	0.00199	0.00519
2	0.01991	0.11885	0.16975	0.01172	0.08609	0.03129	0.24946	0.02276	0.00914	0.11801	0.05403	0.02897	0.02506	0.02384	0.00429	0.00126	0.00492	0.01288	0.00247	0.00528
3	0.00816	0.04093	0.73533	0.01199	0.08929	0.00913	0.01377	0.01233	0.00828	0.02576	0.00708	0.00834	0.00510	0.00367	0.00367	0.00121	0.00555	0.00291	0.00171	0.00576
4	0.04912	0.01143	0.02133	0.01179	0.19348	0.26002	0.00782	0.09288	0.07930	0.12391	0.01062	0.01114	0.05704	0.00463	0.00419	0.00117	0.04841	0.00353	0.00279	0.00539
5	0.00969	0.10759	0.20324	0.01113	0.07396	0.14056	0.13354	0.03480	0.11407	0.01227	0.03656	0.02089	0.02913	0.00446	0.00417	0.00120	0.03957	0.01566	0.00231	0.00523
6	0.00958	0.01880	0.01894	0.00792	0.10213	0.01612	0.00525	0.05046	0.00745	0.16235	0.00853	0.01152	0.00716	0.01010	0.02309	0.52750	0.00374	0.00345	0.00240	0.00352
7	0.00673	0.00337	0.00505	0.00505	0.00505	0.00337	0.00337	0.00505	0.00505	0.00673	0.00673	0.01178	0.00673	0.01347	0.01515	0.88721	0.00337	0.00337	0.00168	0.00168
8	0.00699	0.04050	0.00837	0.05434	0.00893	0.00726	0.00594	0.05736	0.00727	0.01026	0.01101	0.01461	0.06941	0.03506	0.43962	0.00393	0.18980	0.00414	0.02131	0.00389
9	0.01026	0.74589	0.08047	0.00710	0.01052	0.03716	0.00721	0.01213	0.04137	0.00965	0.00594	0.00672	0.00525	0.00344	0.00266	0.00088	0.00430	0.00224	0.00176	0.00506
10	0.00554	0.00414	0.00616	0.00616	0.00683	0.00481	0.00476	0.00688	0.00621	0.00895	0.01045	0.01557	0.00984	0.05733	0.82034	0.00615	0.01016	0.00420	0.00209	0.00342
11	0.00570	0.00506	0.05623	0.03965	0.00730	0.00418	0.00459	0.00772	0.01067	0.01512	0.75359	0.02695	0.03339	0.00750	0.00449	0.00122	0.00220	0.00662	0.00401	0.00381
12	0.00928	0.06072	0.01521	0.15413	0.64246	0.00950	0.01127	0.01175	0.02644	0.01209	0.00730	0.00961	0.00604	0.00355	0.00376	0.00116	0.00463	0.00339	0.00192	0.00578
13	0.00551	0.00370	0.00427	0.00439	0.00443	0.00367	0.00253	0.00560	0.00589	0.00786	0.01352	0.14433	0.01574	0.74255	0.01763	0.00345	0.00354	0.00640	0.00253	0.00246
14	0.01448	0.01848	0.01099	0.00999	0.01199	0.84819	0.00749	0.01548	0.01099	0.00949	0.00599	0.00699	0.00499	0.00400	0.00350	0.00100	0.00699	0.00250	0.00200	0.00449
15	0.00775	0.01926	0.79327	0.06213	0.01738	0.00898	0.01411	0.01213	0.00816	0.01213	0.00695	0.00832	0.00493	0.00369	0.00369	0.00123	0.00570	0.00290	0.00164	0.00564
16	0.01527	0.00771	0.07090	0.00813	0.06043	0.00622	0.00660	0.04466	0.01091	0.64558	0.04431	0.01384	0.03729	0.00491	0.00393	0.00120	0.00349	0.00403	0.00430	0.00629
17	0.00556	0.00416	0.00623	0.00626	0.00696	0.00483	0.00489	0.00696	0.00632	0.00909	0.01072	0.01617	0.01011	0.02847	0.82053	0.00608	0.01016	0.03090	0.00213	0.00346
18	0.01396	0.00585	0.00768	0.00628	0.00852	0.00525	0.00499	0.03720	0.01015	0.57633	0.01523	0.08676	0.01161	0.08497	0.00537	0.00145	0.00315	0.02306	0.08662	0.00557
19	0.01106	0.13762	0.04097	0.00941	0.02780	0.13646	0.13344	0.07383	0.01014	0.14474	0.02403	0.03290	0.01070	0.00564	0.00407	0.00126	0.00469	0.18330	0.00293	0.00500
20	0.00978	0.01842	0.03157	0.06331	0.68257	0.00879	0.01114	0.01206	0.00893	0.06498	0.02319	0.01107	0.00726	0.00384	0.00388	0.00118	0.00449	0.02542	0.00217	0.00594
21	0.00491	0.00394	0.00438	0.00427	0.00544	0.00341	0.00320	0.00620	0.00961	0.01231	0.32909	0.03428	0.54703	0.00913	0.00458	0.00128	0.00191	0.00776	0.00384	0.00341
22	0.12584	0.00693	0.00968	0.02347	0.26564	0.00680	0.00699	0.02915	0.00926	0.25908	0.03617	0.11388	0.05604	0.00544	0.00383	0.00123	0.00343	0.00468	0.02712	0.00535
23	0.01112	0.10097	0.24518	0.01168	0.06809	0.00982	0.20395	0.14262	0.01048	0.14567	0.00872	0.00959	0.00624	0.00386	0.00385	0.00119	0.00507	0.00349	0.00259	0.00583
24	0.00511	0.00439	0.00445	0.00441	0.00563	0.02699	0.00328	0.00639	0.02404	0.01134	0.16740	0.08334	0.62084	0.00940	0.00456	0.00130	0.00212	0.00793	0.00367	0.00341
25	0.00589	0.00423	0.00631	0.00625	0.00701	0.00487	0.00487	0.00728	0.00638	0.03392	0.01053	0.01517	0.00969	0.02835	0.82314	0.00608	0.01017	0.00415	0.00216	0.00356
26	0.00932	0.01029	0.05902	0.15286	0.39764	0.06008	0.23008	0.01196	0.00884	0.01195	0.00728	0.00972	0.00578	0.00352	0.00401	0.00121	0.00542	0.00367	0.00189	0.00548
27	0.00868	0.02695	0.09824	0.00848	0.10329	0.02344	0.00659	0.01073	0.00830	0.04055	0.00718	0.00834	0.00580	0.00312	0.00311	0.00074	0.00350	0.00254	0.00225	0.62817
28	0.89114	0.00750	0.00570	0.00510	0.00750	0.00870	0.00420	0.01140	0.00660	0.01739	0.00540	0.00630	0.00420	0.00360	0.00240	0.00120	0.00300	0.00210	0.00240	0.00420
29	0.01036	0.86609	0.02032	0.00663	0.00995	0.01534	0.00663	0.01161	0.00788	0.00912	0.00539	0.00622	0.00498	0.00332	0.00249	0.00083	0.00415	0.00207	0.00166	0.00498
30	0.00489	0.00400	0.00433	0.00427	0.00547	0.00347	0.00319	0.00624	0.02426	0.01175	0.22596	0.06216	0.60769	0.00937	0.00458	0.00130	0.00196	0.00793	0.00376	0.00341
31	0.00462	0.00393	0.00398	0.00397	0.00526	0.00329	0.00298	0.00564	0.00893	0.01070	0.07560	0.03693	0.80153	0.00973	0.00458	0.00131	0.00196	0.00813	0.00363	0.00329
32	0.00650	0.00342	0.00494	0.00495	0.00508	0.00335	0.00333	0.00510	0.00544	0.00714	0.01002	0.02768	0.08507	0.01310	0.01400	0.78997	0.00322	0.00394	0.00189	0.00186
33	0.00485	0.00394	0.00430	0.00421	0.00540	0.00339	0.00316	0.00608	0.00947	0.01197	0.27538	0.03484	0.60095	0.00926	0.00458	0.00128	0.00192	0.00784	0.00380	0.00339
34	0.00848	0.00848	0.01187	0.01018	0.01018	0.01187	0.00848	0.00933	0.00594	0.00933	0.00509	0.00848	0.00509	0.00679	0.01272	0.00170	0.85666	0.00339	0.00170	0.00424
35	0.01036	0.86609	0.02032	0.00663	0.00995	0.01534	0.00663	0.01161	0.00788	0.00912	0.00539	0.00622	0.00498	0.00332	0.00249	0.00083	0.00415	0.00207	0.00166	0.00498
36	0.00554	0.00415	0.00623	0.00623	0.00692	0.00485	0.00485	0.00692	0.00623	0.00900	0.01038	0.01523	0.00969	0.02908	0.84839	0.00623	0.01038	0.00415	0.00208	0.00346
37	0.00610	0.00503	0.00740	0.00701	0.00774	0.01930	0.02943	0.00748	0.00636	0.00914	0.00967	0.01424	0.00901	0.02553	0.72057	0.00552	0.10076	0.00406	0.00203	0.00361
38	0.00472	0.00337	0.00450	0.00540	0.00562	0.00315	0.00360	0.00540	0.00742	0.00990	0.02137	0.86122	0.02564	0.01215	0.00495	0.00157	0.00225	0.01102	0.00360	0.00315
39	0.00539	0.00383	0.00516	0.00598	0.00645	0.00371	0.00453	0.00644	0.00786	0.01036	0.02029	0.47424	0.02340	0.08161	0.00632	0.00184	0.00289	0.32297	0.00348	0.00325
40	0.00472	0.00337	0.00450	0.00540	0.00562	0.00315	0.00360	0.00540	0.00742	0.00990	0.02137	0.86122	0.02564	0.01215	0.00495	0.00157	0.00225	0.01102	0.00360	0.00315
41	0.00472	0.00337	0.00450	0.00540	0.00562	0.00315	0.00360	0.00540	0.00742	0.00990	0.02137	0.86122	0.02564	0.01215	0.00495	0.00157	0.00225	0.01102	0.00360	0.00315
42	0.00804	0.00689	0.00804	0.00574	0.00919	0.00517	0.00459	0.00976	0.00804	0.01263	0.00689	0.00804	0.00574	0.00287	0.00287	0.00057	0.00287	0.00230	0.00230	0.88745
43	0.00912	0.01077	0.05568	0.01658	0.06974	0.00974	0.74337	0.01238	0.00909	0.01243	0.00777	0.01031	0.00586	0.00330	0.00449	0.00129	0.00639	0.00444	0.00195	0.00530
44	0.00490	0.00362	0.00463	0.00536	0.00587	0.00335	0.00383	0.00578	0.00789	0.01023	0.02460	0.59744	0.17686	0.01152	0.00493	0.00155	0.00237	0.11842	0.00360	0.00323
45	0.00471	0.00349	0.00441	0.00511	0.00555	0.00318	0.00348	0.00547	0.00777	0.01013	0.04329	0.68871	0.17730	0.01162	0.00487	0.00152	0.00219	0.01040	0.00361	0.00318
46	0.00732	0.00689	0.01163	0.85444	0.02670	0.00861	0.01077	0.00991	0.00775	0.00991	0.00689	0.01034	0.00517	0.00388	0.00388	0.00129	0.00517	0.00345	0.00172	0.00431
47	0.00644	0.00561	0.05749	0.04185	0.00954	0.00500	0.02171	0.00844	0.00884	0.01159	0.01892	0.03962	0.02027	0.00987	0.00518	0.00172	0.00382	0.71698	0.00335	0.00376
48	0.00858	0.02421	0.26877	0.22932	0.31022	0.00918	0.05142	0.03119	0.00859	0.01207	0.00714	0.00934	0.00550	0.00365	0.00382	0.00121	0.00517	0.00331	0.00183	0.00550
49	0.00523	0.00363	0.00443	0.00479	0.00496	0.00355	0.00300	0.00560	0.00649	0.00865	0.01671	0.36167	0.04594	0.45122	0.05435	0.00292	0.00342	0.00782	0.00288	0.00276
50	0.08135	0.03260	0.02469	0.00771	0.02688	0.24219	0.02037	0.04410	0.01753	0.02461	0.00681	0.00783	0.00554	0.00341	0.00313	0.00083	0.00428	0.00250	0.00229	0.44136
51	0.01138	0.51837	0.06173	0.00837	0.03110	0.22402	0.02584	0.02604	0.00896	0.02648	0.00602	0.00692	0.00516	0.00355	0.00294	0.00092	0.00497	0.00238	0.00187	0.02297

[dist]
# distance from previous block
# <min> <max>
1	30

[block]
# block no. 7 follows, 70 sequences, length 58
# corresponding to MSA columns:
# 637-694
name=unknown_H
#
# <colnr> <probs for GDERKNQSTAVLIFYWHMCP>
#	G	D	E	R	K	N	Q	S	T	A	V	L	I	F	Y	W	H	M	C	P
0	0.00756	0.00604	0.00791	0.05158	0.06998	0.00673	0.00581	0.04333	0.15525	0.04004	0.08377	0.04507	0.10406	0.07624	0.20372	0.00266	0.07793	0.00502	0.00293	0.00438
1	0.00465	0.00393	0.00402	0.00400	0.00528	0.00330	0.00300	0.00569	0.00899	0.01084	0.09671	0.03671	0.78033	0.00968	0.00458	0.00130	0.00195	0.00810	0.00365	0.00330
2	0.59329	0.00697	0.00636	0.00552	0.00785	0.00760	0.00448	0.03553	0.00796	0.18378	0.00883	0.06015	0.00694	0.00443	0.00291	0.00121	0.00299	0.00312	0.04540	0.00466
3	0.00572	0.00436	0.00599	0.00607	0.00648	0.00491	0.00446	0.01644	0.00676	0.00945	0.03403	0.26208	0.01542	0.15300	0.34662	0.00379	0.08763	0.02083	0.00263	0.00331
4	0.00562	0.00381	0.00451	0.00451	0.00461	0.00391	0.00270	0.00582	0.00572	0.00773	0.01196	0.02393	0.01347	0.74540	0.13723	0.00411	0.00470	0.00543	0.00231	0.00251
5	0.00663	0.00583	0.00773	0.00736	0.00776	0.01821	0.00584	0.00769	0.00761	0.01064	0.12653	0.22965	0.06406	0.03018	0.00829	0.00163	0.33391	0.11384	0.00290	0.00370
6	0.00857	0.04761	0.01226	0.01002	0.01017	0.01203	0.00840	0.00943	0.00603	0.00932	0.00510	0.00838	0.00508	0.00663	0.01226	0.00166	0.81776	0.00333	0.00169	0.00427
7	0.01168	0.00651	0.00782	0.00653	0.00873	0.00646	0.00520	0.09503	0.18333	0.32189	0.18485	0.01819	0.07810	0.00589	0.00405	0.00122	0.00288	0.00491	0.04122	0.00552
8	0.00817	0.00701	0.00810	0.00592	0.00926	0.00554	0.00472	0.01066	0.07612	0.01293	0.00762	0.00857	0.00625	0.00307	0.00296	0.00064	0.00289	0.00247	0.00243	0.81468
9	0.00599	0.00363	0.00449	0.00449	0.00449	0.00363	0.00267	0.00545	0.00545	0.00727	0.01047	0.02104	0.01175	0.59262	0.01827	0.28547	0.00363	0.00491	0.00214	0.00214
10	0.00845	0.00713	0.00826	0.00594	0.00936	0.00558	0.00476	0.05943	0.00866	0.01335	0.00704	0.00812	0.00579	0.00298	0.00293	0.00061	0.00296	0.00237	0.00239	0.83390
11	0.01474	0.01086	0.01163	0.00892	0.01202	0.01202	0.00737	0.82664	0.01823	0.02443	0.00931	0.00931	0.00659	0.00465	0.00388	0.00116	0.00427	0.00349	0.00388	0.00659
12	0.01348	0.01188	0.01073	0.00879	0.01125	0.21813	0.00700	0.51525	0.01479	0.01859	0.00864	0.00990	0.00675	0.04494	0.06905	0.00163	0.01703	0.00339	0.00318	0.00561
13	0.00778	0.02005	0.84367	0.01105	0.01678	0.00900	0.01432	0.01228	0.00818	0.01228	0.00696	0.00818	0.00491	0.00368	0.00368	0.00123	0.00573	0.00286	0.00164	0.00573
14	0.00554	0.00415	0.00623	0.00623	0.00692	0.00485	0.00485	0.00692	0.00623	0.00900	0.01038	0.01523	0.00969	0.02908	0.84839	0.00623	0.01038	0.00415	0.00208	0.00346
15	0.00558	0.00374	0.00428	0.00433	0.00436	0.00374	0.00247	0.00565	0.00576	0.00769	0.01274	0.07602	0.01472	0.79767	0.03303	0.00367	0.00378	0.00594	0.00242	0.00242
16	0.00739	0.00696	0.01175	0.82889	0.05170	0.00863	0.01080	0.00997	0.00779	0.00999	0.00690	0.01031	0.00520	0.00386	0.00387	0.00129	0.00515	0.00345	0.00173	0.00436
17	0.02583	0.00424	0.00438	0.00412	0.00527	0.00429	0.00316	0.05642	0.00888	0.04980	0.03423	0.01432	0.01032	0.00461	0.00287	0.00095	0.00204	0.00368	0.75668	0.00392
18	0.00470	0.00345	0.00442	0.00521	0.00557	0.00317	0.00351	0.00542	0.00761	0.00997	0.02371	0.75345	0.13190	0.01184	0.00490	0.00154	0.00221	0.01065	0.00360	0.00317
19	0.01226	0.00909	0.01022	0.00806	0.03163	0.00915	0.00639	0.43922	0.06096	0.07064	0.00920	0.00943	0.00679	0.00408	0.00355	0.00098	0.00368	0.00317	0.00337	0.29812
20	0.00881	0.00842	0.01454	0.17655	0.56948	0.00873	0.06048	0.01110	0.00841	0.01178	0.00758	0.01063	0.00640	0.03710	0.04239	0.00151	0.00506	0.00363	0.00191	0.00548
21	0.00732	0.00689	0.01163	0.85444	0.02670	0.00861	0.01077	0.00991	0.00775	0.00991	0.00689	0.01034	0.00517	0.00388	0.00388	0.00129	0.00517	0.00345	0.00172	0.00431
22	0.01050	0.00992	0.01454	0.01817	0.49777	0.06061	0.08073	0.12623	0.09981	0.01452	0.02378	0.01036	0.00729	0.00392	0.00391	0.00118	0.00465	0.00366	0.00246	0.00598
23	0.00840	0.06335	0.18468	0.01244	0.01599	0.00926	0.41728	0.02063	0.00854	0.01180	0.00953	0.05314	0.04624	0.00501	0.02577	0.00140	0.06911	0.00439	0.00205	0.03097
24	0.00474	0.00356	0.00437	0.00496	0.00551	0.00322	0.00341	0.00554	0.00795	0.01029	0.06647	0.58554	0.24379	0.02511	0.00507	0.00152	0.00218	0.00997	0.00361	0.00319
25	0.00476	0.00343	0.00451	0.00530	0.00562	0.00318	0.00357	0.00552	0.00769	0.01025	0.06903	0.77797	0.06121	0.01180	0.00491	0.00154	0.00221	0.01067	0.00364	0.00318
26	0.00997	0.73195	0.05125	0.00704	0.01032	0.03418	0.03392	0.01139	0.00806	0.00944	0.00761	0.00835	0.05565	0.00374	0.00275	0.00089	0.00422	0.00257	0.00179	0.00490
27	0.89114	0.00750	0.00570	0.00510	0.00750	0.00870	0.00420	0.01140	0.00660	0.01739	0.00540	0.00630	0.00420	0.00360	0.00240	0.00120	0.00300	0.00210	0.00240	0.00420
28	0.00553	0.00404	0.00535	0.00599	0.00676	0.00386	0.00481	0.00692	0.00874	0.01145	0.11624	0.25966	0.13231	0.01066	0.00506	0.00160	0.00281	0.40110	0.00366	0.00343
29	0.00483	0.00346	0.00459	0.00538	0.00570	0.00323	0.00366	0.00563	0.00778	0.01042	0.08992	0.75812	0.03813	0.01172	0.00492	0.00155	0.00224	0.03186	0.00365	0.00320
30	0.82698	0.00753	0.00600	0.00528	0.00772	0.00863	0.00435	0.03134	0.00710	0.05826	0.00598	0.00671	0.00452	0.00368	0.00251	0.00120	0.00304	0.00222	0.00255	0.00437
31	0.01674	0.00765	0.00965	0.00740	0.01042	0.00726	0.00611	0.21819	0.01286	0.64048	0.01382	0.01224	0.00886	0.00476	0.00389	0.00119	0.00354	0.00380	0.00457	0.00660
32	0.01232	0.40328	0.01509	0.00833	0.01094	0.41850	0.00702	0.01403	0.05952	0.00973	0.00631	0.00709	0.00540	0.00376	0.00306	0.00094	0.00546	0.00242	0.00196	0.00481
33	0.00764	0.00720	0.01242	0.27320	0.23133	0.00756	0.12743	0.02096	0.00874	0.01180	0.09603	0.10663	0.06164	0.00537	0.00420	0.00128	0.00435	0.00509	0.00242	0.00469
34	0.00492	0.00391	0.00442	0.00437	0.00546	0.00341	0.00325	0.00620	0.00954	0.01230	0.33188	0.08401	0.49407	0.00926	0.00460	0.00129	0.00193	0.00792	0.00385	0.00341
35	0.34688	0.00609	0.00585	0.00514	0.00700	0.00652	0.00405	0.06100	0.02878	0.13137	0.02340	0.01198	0.00831	0.07524	0.00429	0.00132	0.00281	0.00331	0.26225	0.00439
36	0.00593	0.00409	0.00456	0.00449	0.00465	0.00418	0.00262	0.00672	0.06530	0.00814	0.01247	0.02458	0.01393	0.80181	0.01859	0.00358	0.00371	0.00555	0.00246	0.00262
37	0.00915	0.01046	0.02288	0.01634	0.02026	0.00980	0.82549	0.01242	0.00915	0.01242	0.00784	0.01046	0.00588	0.00327	0.00458	0.00131	0.00654	0.00458	0.00196	0.00523
38	0.01445	0.03511	0.01139	0.00914	0.01177	0.34148	0.00727	0.45184	0.01475	0.03761	0.00811	0.00851	0.00606	0.00436	0.00367	0.00109	0.00527	0.00308	0.01939	0.00567
39	0.01834	0.23716	0.25194	0.00892	0.06155	0.00931	0.02491	0.01052	0.00761	0.02589	0.00769	0.01027	0.00665	0.05506	0.18265	0.00228	0.01870	0.00313	0.00190	0.05552
40	0.21379	0.00949	0.01026	0.00807	0.01097	0.01041	0.03799	0.47485	0.07374	0.09903	0.00940	0.00941	0.00669	0.00442	0.00358	0.00119	0.00389	0.00332	0.00356	0.00596
41	0.00572	0.00395	0.00465	0.00459	0.00465	0.00412	0.00276	0.00587	0.00570	0.00770	0.01183	0.02398	0.01343	0.76696	0.08735	0.00389	0.03262	0.00544	0.00231	0.00250
42	0.01311	0.00858	0.01266	0.01013	0.05126	0.00851	0.18240	0.24576	0.04502	0.28323	0.07678	0.01265	0.01001	0.00463	0.00407	0.00121	0.00418	0.00417	0.01563	0.00599
43	0.00732	0.00689	0.01163	0.85444	0.02670	0.00861	0.01077	0.00991	0.00775	0.00991	0.00689	0.01034	0.00517	0.00388	0.00388	0.00129	0.00517	0.00345	0.00172	0.00431
44	0.00848	0.00848	0.01187	0.01018	0.01018	0.01187	0.00848	0.00933	0.00594	0.00933	0.00509	0.00848	0.00509	0.00679	0.01272	0.00170	0.85666	0.00339	0.00170	0.00424
45	0.00564	0.00376	0.00423	0.00423	0.00423	0.00376	0.00235	0.00564	0.00564	0.00752	0.01222	0.02537	0.01409	0.86375	0.01973	0.00376	0.00376	0.00564	0.00235	0.00235
46	0.00554	0.00501	0.05597	0.00536	0.00658	0.00404	0.00438	0.02521	0.00973	0.01315	0.39226	0.17721	0.21361	0.00894	0.00462	0.00134	0.00233	0.05728	0.00379	0.00367
47	0.01474	0.01086	0.01163	0.00892	0.01202	0.01202	0.00737	0.82664	0.01823	0.02443	0.00931	0.00931	0.00659	0.00465	0.00388	0.00116	0.00427	0.00349	0.00388	0.00659
48	0.10401	0.00629	0.00665	0.00559	0.00751	0.00657	0.00448	0.21583	0.01094	0.14045	0.01144	0.01211	0.00844	0.00450	0.00315	0.00104	0.00277	0.00347	0.43990	0.00487
49	0.00723	0.00361	0.00361	0.00361	0.00452	0.00361	0.00271	0.00903	0.00813	0.01445	0.01265	0.01445	0.00994	0.00452	0.00271	0.00090	0.00181	0.00361	0.88528	0.00361
50	0.01231	0.00837	0.01235	0.01417	0.33057	0.00839	0.04570	0.07513	0.15601	0.26845	0.01158	0.01199	0.00842	0.00435	0.00393	0.00121	0.00398	0.01352	0.00333	0.00624
51	0.00732	0.00689	0.01163	0.85444	0.02670	0.00861	0.01077	0.00991	0.00775	0.00991	0.00689	0.01034	0.00517	0.00388	0.00388	0.00129	0.00517	0.00345	0.00172	0.00431
52	0.00485	0.00355	0.00456	0.00513	0.00561	0.00326	0.00353	0.00578	0.00826	0.01104	0.17840	0.60683	0.12276	0.01107	0.00483	0.00148	0.00214	0.00993	0.00373	0.00326
53	0.00511	0.00392	0.00478	0.00555	0.00588	0.03052	0.00378	0.00589	0.00778	0.01026	0.07108	0.76732	0.02559	0.01160	0.00489	0.00154	0.00240	0.02530	0.00359	0.00323
54	0.58321	0.28207	0.02300	0.00585	0.00861	0.01084	0.01766	0.01149	0.00707	0.01460	0.00546	0.00636	0.00448	0.00350	0.00248	0.00108	0.00346	0.00214	0.00214	0.00448
55	0.00986	0.00587	0.00692	0.00596	0.00758	0.00615	0.00472	0.19237	0.01068	0.13245	0.09414	0.02519	0.01195	0.02906	0.13591	0.00196	0.02117	0.00418	0.28922	0.00466
56	0.00891	0.07839	0.43486	0.00969	0.01385	0.00969	0.04047	0.03810	0.27783	0.02312	0.02116	0.01054	0.00774	0.00425	0.00373	0.00123	0.00465	0.00345	0.00254	0.00579
57	0.01021	0.00667	0.00815	0.00752	0.05893	0.00678	0.00551	0.18064	0.11479	0.15840	0.25553	0.01891	0.08737	0.00658	0.00480	0.05212	0.00301	0.00509	0.00389	0.00509

[dist]
# distance from previous block
# <min> <max>
2	19

[block]
# block no. 8 follows, 70 sequences, length 31
# corresponding to MSA columns:
# 714-744
name=unknown_I
#
# <colnr> <probs for GDERKNQSTAVLIFYWHMCP>
#	G	D	E	R	K	N	Q	S	T	A	V	L	I	F	Y	W	H	M	C	P
0	0.06660	0.17790	0.03456	0.01928	0.00945	0.15068	0.00616	0.03561	0.11530	0.01097	0.00843	0.01050	0.00725	0.01139	0.22412	0.07709	0.02490	0.00321	0.00224	0.00437
1	0.03204	0.00920	0.02812	0.05671	0.08792	0.03123	0.13924	0.25586	0.03438	0.03975	0.03064	0.05985	0.02168	0.00626	0.04521	0.00153	0.10803	0.00424	0.00282	0.00531
2	0.00510	0.00391	0.00469	0.00463	0.00563	0.00349	0.00346	0.00652	0.00982	0.01307	0.44921	0.10617	0.33129	0.00907	0.00463	0.00130	0.00196	0.02865	0.00394	0.00347
3	0.02795	0.00872	0.01025	0.00838	0.01057	0.02136	0.05357	0.38477	0.11315	0.04103	0.01210	0.05663	0.03897	0.06202	0.01804	0.00153	0.07451	0.03847	0.01257	0.00542
4	0.01342	0.00610	0.00795	0.00648	0.00886	0.00554	0.00528	0.06020	0.03059	0.52513	0.15997	0.01926	0.07565	0.00605	0.00415	0.00125	0.00301	0.05099	0.00448	0.00566
5	0.00643	0.00549	0.00749	0.03043	0.00814	0.03542	0.00567	0.00769	0.00636	0.00905	0.00924	0.01395	0.00873	0.05298	0.61555	0.00501	0.16274	0.00399	0.00201	0.00362
6	0.77567	0.00794	0.00648	0.00560	0.00809	0.00914	0.00462	0.11880	0.00813	0.01832	0.00591	0.00669	0.00451	0.00374	0.00259	0.00119	0.00317	0.00228	0.00259	0.00451
7	0.27042	0.00887	0.03210	0.04857	0.01047	0.05806	0.01791	0.19447	0.11233	0.09839	0.01045	0.02977	0.02749	0.04642	0.00427	0.00135	0.00379	0.01659	0.00314	0.00514
8	0.01020	0.34135	0.01358	0.00753	0.00979	0.06712	0.00652	0.06862	0.15879	0.04369	0.08122	0.01091	0.00950	0.00578	0.03957	0.00134	0.11346	0.00338	0.00262	0.00505
9	0.00593	0.00428	0.00514	0.00487	0.00602	0.00393	0.00366	0.02464	0.03336	0.04603	0.46687	0.08610	0.27763	0.00852	0.00454	0.00127	0.00204	0.00737	0.00402	0.00375
10	0.07711	0.00778	0.00878	0.00844	0.07752	0.06728	0.02950	0.20036	0.03063	0.06075	0.10485	0.15088	0.09309	0.02018	0.02013	0.00140	0.02773	0.00547	0.00332	0.00479
11	0.00555	0.00402	0.00505	0.00483	0.00579	0.00373	0.00363	0.00743	0.02563	0.01478	0.66641	0.05076	0.11482	0.00806	0.00449	0.00123	0.00191	0.02102	0.04722	0.00365
12	0.00883	0.38342	0.19309	0.00853	0.07050	0.01076	0.00800	0.04014	0.03270	0.01186	0.14354	0.01223	0.03368	0.02305	0.00371	0.00110	0.00405	0.00351	0.00231	0.00499
