[name]
unknown

[dist]
# distance from previous block
# <min> <max>
0	41

[block]
# block no. 0 follows, 73 sequences, length 16
# corresponding to MSA columns:
# 56-71
name=unknown_A
#
# <colnr> <probs for GDERKNQSTAVLIFYWHMCP>
#	G	D	E	R	K	N	Q	S	T	A	V	L	I	F	Y	W	H	M	C	P
0	0.05169	0.08113	0.10907	0.02982	0.04863	0.00785	0.02801	0.12063	0.06733	0.06346	0.01020	0.03218	0.05429	0.01514	0.02415	0.00114	0.00378	0.00340	0.00262	0.24546
1	0.05116	0.03966	0.04882	0.01180	0.16581	0.11343	0.14444	0.13614	0.03773	0.08144	0.00880	0.02670	0.02094	0.00395	0.00363	0.00108	0.00456	0.00346	0.00255	0.09390
2	0.03654	0.02182	0.02311	0.00739	0.00956	0.07098	0.03908	0.16447	0.13820	0.17989	0.16431	0.04439	0.02313	0.00588	0.02114	0.00128	0.02654	0.00443	0.01271	0.00517
3	0.00619	0.00335	0.00469	0.00472	0.00477	0.00332	0.00307	0.00502	0.00520	0.00688	0.00907	0.04127	0.03915	0.16610	0.01477	0.67143	0.00324	0.00405	0.00187	0.00185
4	0.00837	0.02757	0.58349	0.04101	0.05346	0.12370	0.03038	0.01184	0.00840	0.01144	0.03277	0.02559	0.01771	0.00395	0.00362	0.00116	0.00541	0.00314	0.00180	0.00519
5	0.01194	0.01483	0.00915	0.00840	0.01018	0.66903	0.00630	0.01290	0.01018	0.00939	0.01277	0.01312	0.18639	0.00509	0.00361	0.00103	0.00571	0.00361	0.00227	0.00409
6	0.03858	0.12355	0.02061	0.03291	0.03590	0.00661	0.02045	0.04612	0.08097	0.03170	0.26251	0.13009	0.11926	0.00670	0.00393	0.00117	0.00278	0.00573	0.00325	0.02719
7	0.00874	0.08507	0.22620	0.04803	0.09788	0.11288	0.05445	0.01079	0.00787	0.03520	0.02204	0.01149	0.02857	0.12216	0.00675	0.00152	0.11030	0.00350	0.00196	0.00459
8	0.00523	0.00384	0.00528	0.00535	0.00590	0.00416	0.00391	0.00622	0.00641	0.00889	0.04765	0.10688	0.07472	0.18638	0.50668	0.00455	0.00705	0.00539	0.00241	0.00310
9	0.00942	0.07168	0.07414	0.01830	0.09217	0.13687	0.06485	0.08719	0.08084	0.04252	0.06586	0.05191	0.05989	0.06369	0.03226	0.00148	0.03537	0.00423	0.00262	0.00471
10	0.00755	0.00714	0.01211	0.60051	0.11019	0.00839	0.07509	0.02682	0.00774	0.01019	0.00708	0.01073	0.00571	0.05628	0.00507	0.00139	0.03831	0.00355	0.00178	0.00436
11	0.00958	0.00761	0.02262	0.02800	0.03098	0.06248	0.01482	0.11260	0.26131	0.10723	0.08823	0.12598	0.05339	0.00666	0.01831	0.00134	0.00343	0.03689	0.00354	0.00502
12	0.00486	0.00372	0.00442	0.00443	0.00533	0.00332	0.00323	0.00609	0.00913	0.01207	0.37864	0.16644	0.34382	0.03153	0.00487	0.00133	0.00193	0.00781	0.00373	0.00328
13	0.00980	0.64048	0.16677	0.00766	0.01123	0.06540	0.03246	0.01160	0.00790	0.00949	0.00559	0.00653	0.00483	0.00331	0.00273	0.00090	0.00452	0.00224	0.00163	0.00492
14	0.00476	0.00348	0.00447	0.00493	0.00544	0.00319	0.00343	0.00574	0.00826	0.01112	0.24471	0.54679	0.11902	0.01040	0.00465	0.00140	0.00204	0.00931	0.00366	0.00319
15	0.02333	0.01094	0.03742	0.02357	0.03797	0.18293	0.06226	0.32933	0.09295	0.04139	0.03195	0.04847	0.03338	0.00492	0.00382	0.00116	0.00451	0.02128	0.00309	0.00535

[dist]
# distance from previous block
# <min> <max>
0	1

[block]
# block no. 1 follows, 73 sequences, length 19
# corresponding to MSA columns:
# 73-91
name=unknown_B
#
# <colnr> <probs for GDERKNQSTAVLIFYWHMCP>
#	G	D	E	R	K	N	Q	S	T	A	V	L	I	F	Y	W	H	M	C	P
0	0.04997	0.00970	0.01235	0.25251	0.34318	0.15631	0.00965	0.02497	0.02453	0.02928	0.00690	0.00901	0.00553	0.00379	0.00403	0.00116	0.04701	0.00314	0.00196	0.00501
1	0.09010	0.00844	0.00970	0.10837	0.02391	0.00920	0.00666	0.41084	0.06880	0.10730	0.08105	0.01120	0.00913	0.00458	0.00366	0.00114	0.00370	0.00361	0.00343	0.03520
2	0.02612	0.00482	0.00619	0.00610	0.00683	0.03102	0.00467	0.04157	0.00682	0.00958	0.01106	0.06497	0.01102	0.12245	0.55347	0.00465	0.02832	0.05466	0.00228	0.00340
3	0.02306	0.00480	0.00566	0.00537	0.00656	0.00476	0.00401	0.03091	0.14766	0.03013	0.37686	0.18425	0.10614	0.02115	0.00450	0.00129	0.00223	0.00682	0.00377	0.03006
4	0.02463	0.00754	0.01125	0.11721	0.27850	0.03519	0.07104	0.03812	0.03333	0.05464	0.04812	0.06010	0.13804	0.00535	0.00450	0.00123	0.05923	0.00466	0.00253	0.00480
5	0.00763	0.06647	0.72388	0.01035	0.01533	0.00902	0.02954	0.01152	0.00781	0.01152	0.00702	0.03419	0.00540	0.00391	0.00392	0.00120	0.04126	0.00303	0.00165	0.00536
6	0.00939	0.00798	0.03849	0.25644	0.08562	0.02449	0.02324	0.13868	0.17052	0.07130	0.01103	0.05837	0.02810	0.04382	0.00466	0.01184	0.00407	0.00413	0.00280	0.00502
7	0.03128	0.11855	0.00829	0.00620	0.00763	0.11397	0.00491	0.00985	0.05509	0.06653	0.12465	0.11739	0.13415	0.02089	0.05666	0.01331	0.06638	0.00516	0.03509	0.00402
8	0.00925	0.07561	0.14850	0.02828	0.06394	0.12713	0.05027	0.08395	0.02491	0.06583	0.03643	0.17447	0.04715	0.00589	0.00406	0.00121	0.02167	0.02406	0.00267	0.00471
9	0.00466	0.00359	0.00428	0.00460	0.00533	0.00324	0.00326	0.00559	0.00807	0.01039	0.12934	0.37290	0.35253	0.03239	0.04054	0.00162	0.00238	0.00867	0.00347	0.00315
10	0.00823	0.05585	0.13880	0.07204	0.06474	0.03353	0.05409	0.05349	0.22784	0.01296	0.08102	0.11363	0.03259	0.00552	0.00413	0.00124	0.02781	0.00472	0.00282	0.00495
11	0.00729	0.00435	0.00513	0.00465	0.00616	0.00375	0.00359	0.00852	0.00944	0.19095	0.20854	0.04889	0.46829	0.00811	0.00430	0.00123	0.00216	0.00685	0.00387	0.00394
12	0.00934	0.00886	0.04941	0.08691	0.48902	0.00866	0.04236	0.10831	0.03229	0.02894	0.01795	0.01154	0.03749	0.00475	0.02928	0.00131	0.00454	0.02123	0.00228	0.00555
13	0.01481	0.09702	0.01231	0.01018	0.01231	0.76033	0.00769	0.01546	0.01113	0.01041	0.00704	0.00848	0.00605	0.00465	0.00385	0.00119	0.00689	0.00281	0.00234	0.00506
14	0.00603	0.03072	0.00574	0.00517	0.01916	0.00489	0.00388	0.05461	0.10536	0.01279	0.23961	0.05024	0.43182	0.00801	0.00426	0.00123	0.00223	0.00677	0.00362	0.00385
15	0.35665	0.24098	0.01123	0.00671	0.00930	0.09185	0.02709	0.07222	0.00847	0.10551	0.00666	0.00726	0.00516	0.00375	0.00311	0.00106	0.03337	0.00246	0.00242	0.00475
16	0.01148	0.21018	0.09508	0.02528	0.05278	0.12328	0.00762	0.27627	0.05555	0.03128	0.00776	0.01741	0.00608	0.00396	0.00333	0.00101	0.00444	0.00293	0.00259	0.06169
17	0.03037	0.01162	0.26478	0.02162	0.19158	0.02057	0.07308	0.07710	0.11057	0.06081	0.05186	0.01159	0.03897	0.00452	0.01356	0.00124	0.00449	0.00370	0.00251	0.00547
18	0.00901	0.08540	0.00965	0.00735	0.07764	0.00667	0.00544	0.02496	0.06746	0.07521	0.00783	0.00858	0.00624	0.00320	0.00299	0.00073	0.00310	0.00257	0.00246	0.59353

[dist]
# distance from previous block
# <min> <max>
0	2

[block]
# block no. 2 follows, 73 sequences, length 9
# corresponding to MSA columns:
# 94-102
name=unknown_C
#
# <colnr> <probs for GDERKNQSTAVLIFYWHMCP>
#	G	D	E	R	K	N	Q	S	T	A	V	L	I	F	Y	W	H	M	C	P
0	0.00788	0.06840	0.30365	0.02782	0.03216	0.02781	0.05583	0.06395	0.05173	0.02479	0.03601	0.06688	0.11061	0.05863	0.01627	0.00142	0.03465	0.00440	0.00240	0.00472
1	0.00537	0.00396	0.00574	0.00574	0.00630	0.00453	0.00432	0.00651	0.00594	0.00849	0.01032	0.01622	0.01002	0.15526	0.72704	0.00567	0.00908	0.00424	0.00205	0.00319
2	0.00655	0.00576	0.00653	0.00679	0.04645	0.09287	0.00476	0.00772	0.02021	0.00909	0.03354	0.05293	0.05576	0.19542	0.38845	0.00389	0.03182	0.02578	0.00230	0.00340
3	0.00565	0.00383	0.00471	0.00484	0.00522	0.00381	0.00322	0.00645	0.02792	0.03144	0.06930	0.20839	0.03893	0.43946	0.08865	0.00295	0.00369	0.04581	0.00283	0.00291
4	0.06406	0.00681	0.00884	0.04993	0.10800	0.00666	0.00610	0.06394	0.10564	0.29552	0.09354	0.05807	0.01144	0.00490	0.00369	0.00113	0.00321	0.00412	0.00351	0.10089
5	0.00481	0.00356	0.00437	0.00471	0.00527	0.00328	0.00325	0.00568	0.00788	0.01041	0.17565	0.40198	0.20485	0.11355	0.03152	0.00179	0.00245	0.00852	0.00341	0.00308
6	0.02379	0.03270	0.06585	0.02808	0.01081	0.12661	0.04519	0.08308	0.08147	0.01279	0.00769	0.00903	0.00625	0.03686	0.00381	0.00095	0.00395	0.00281	0.00237	0.41590
7	0.02330	0.17364	0.10990	0.05652	0.05358	0.05307	0.10756	0.12929	0.02826	0.09531	0.00856	0.00963	0.02195	0.00533	0.05418	0.00137	0.01916	0.00323	0.00243	0.04374
8	0.20738	0.24381	0.19137	0.04320	0.02551	0.06715	0.03159	0.02959	0.02991	0.01194	0.00651	0.00813	0.00539	0.03521	0.03565	0.00134	0.01705	0.00266	0.00194	0.00468

[dist]
# distance from previous block
# <min> <max>
4	9

[block]
# block no. 3 follows, 73 sequences, length 7
# corresponding to MSA columns:
# 114-120
name=unknown_D
#
# <colnr> <probs for GDERKNQSTAVLIFYWHMCP>
#	G	D	E	R	K	N	Q	S	T	A	V	L	I	F	Y	W	H	M	C	P
0	0.00532	0.00386	0.00468	0.00486	0.00570	0.00355	0.00349	0.00677	0.04304	0.03891	0.23143	0.36698	0.24828	0.00961	0.00453	0.00135	0.00207	0.00845	0.00370	0.00343
1	0.03941	0.00843	0.00952	0.00746	0.01019	0.00882	0.00612	0.45000	0.05394	0.26236	0.04426	0.01263	0.05954	0.00497	0.00379	0.00115	0.00354	0.00390	0.00397	0.00599
2	0.00651	0.00450	0.00584	0.00605	0.03756	0.00441	0.00431	0.03104	0.02543	0.07412	0.21374	0.22678	0.12788	0.07563	0.05427	0.00179	0.02623	0.06675	0.00345	0.00371
3	0.00552	0.00409	0.00484	0.00478	0.00542	0.00404	0.00334	0.03853	0.00779	0.01032	0.14990	0.13026	0.20434	0.30467	0.05809	0.00239	0.02498	0.03057	0.00305	0.00307
4	0.08083	0.14435	0.06613	0.00702	0.00963	0.00944	0.00616	0.27982	0.10614	0.06613	0.03233	0.03266	0.09030	0.04771	0.00429	0.00125	0.00357	0.00394	0.00312	0.00518
5	0.06524	0.00695	0.00741	0.00613	0.00825	0.08912	0.00482	0.05252	0.01005	0.33701	0.17302	0.01571	0.04449	0.05400	0.00454	0.00123	0.00319	0.00421	0.03413	0.07798
6	0.00916	0.05981	0.03368	0.03320	0.10519	0.00759	0.03291	0.16093	0.08845	0.07848	0.09466	0.05882	0.05802	0.05191	0.06351	0.00167	0.00401	0.05005	0.00309	0.00485

[dist]
# distance from previous block
# <min> <max>
12	30

[block]
# block no. 4 follows, 73 sequences, length 9
# corresponding to MSA columns:
# 152-160
name=unknown_E
#
# <colnr> <probs for GDERKNQSTAVLIFYWHMCP>
#	G	D	E	R	K	N	Q	S	T	A	V	L	I	F	Y	W	H	M	C	P
0	0.11685	0.01851	0.02139	0.00755	0.08711	0.06127	0.03130	0.04265	0.02601	0.04915	0.17482	0.09839	0.16188	0.04069	0.00461	0.00129	0.01653	0.00538	0.00305	0.03158
1	0.18482	0.03406	0.05515	0.04517	0.19848	0.06712	0.04498	0.12585	0.02804	0.06922	0.03256	0.03623	0.00760	0.04996	0.00429	0.00128	0.00411	0.00349	0.00256	0.00503
2	0.00635	0.00501	0.02269	0.00591	0.00687	0.00526	0.00463	0.04727	0.05381	0.02305	0.15464	0.03175	0.06974	0.10336	0.35281	0.00345	0.05127	0.01932	0.02912	0.00368
3	0.21280	0.00638	0.00610	0.00571	0.00700	0.09306	0.00433	0.03559	0.00751	0.04754	0.04940	0.04880	0.07976	0.10559	0.22504	0.04990	0.00513	0.00420	0.00253	0.00362
4	0.00939	0.00750	0.02845	0.04172	0.27181	0.00742	0.00744	0.18004	0.02803	0.07764	0.14762	0.07396	0.05911	0.02085	0.00426	0.00123	0.00353	0.02178	0.00310	0.00513
5	0.00541	0.00386	0.00453	0.00453	0.00555	0.00341	0.00335	0.00652	0.00882	0.05557	0.22332	0.18070	0.40945	0.03697	0.00496	0.00138	0.00209	0.03256	0.00366	0.00338
6	0.03189	0.09111	0.05019	0.02749	0.22551	0.08137	0.12891	0.02703	0.08187	0.04008	0.05225	0.01289	0.07316	0.03876	0.00450	0.00124	0.02043	0.00394	0.00240	0.00498
7	0.00493	0.00358	0.00444	0.00495	0.00535	0.00340	0.00334	0.00583	0.02728	0.00971	0.06484	0.52179	0.11141	0.17235	0.00742	0.00188	0.00247	0.03872	0.00330	0.00303
8	0.00860	0.13073	0.02774	0.02694	0.00970	0.00693	0.00524	0.03592	0.03451	0.03698	0.00705	0.00797	0.00574	0.00306	0.00286	0.00068	0.00313	0.00238	0.00228	0.64156

[dist]
# distance from previous block
# <min> <max>
0	1

[block]
# block no. 5 follows, 73 sequences, length 19
# corresponding to MSA columns:
# 162-180
name=unknown_F
#
# <colnr> <probs for GDERKNQSTAVLIFYWHMCP>
#	G	D	E	R	K	N	Q	S	T	A	V	L	I	F	Y	W	H	M	C	P
0	0.03468	0.02325	0.04353	0.00656	0.02332	0.00648	0.00540	0.10976	0.04848	0.04439	0.00787	0.02482	0.00636	0.00341	0.00305	0.00076	0.00312	0.00271	0.00256	0.59950
1	0.04750	0.02529	0.04333	0.00473	0.00607	0.00408	0.00382	0.00677	0.00880	0.02813	0.24650	0.14442	0.40005	0.00852	0.00428	0.00126	0.00219	0.00726	0.00349	0.00350
2	0.01237	0.00962	0.15934	0.00918	0.03692	0.00738	0.11819	0.08502	0.06780	0.37652	0.01264	0.01222	0.04734	0.00442	0.00383	0.00118	0.00406	0.00383	0.00341	0.02473
3	0.00897	0.00795	0.04809	0.00624	0.00954	0.04332	0.00524	0.04575	0.02764	0.06955	0.00748	0.00828	0.00591	0.00312	0.00298	0.00069	0.00318	0.00246	0.00245	0.69118
4	0.35176	0.03610	0.03917	0.01038	0.14023	0.16783	0.09321	0.05113	0.00849	0.03511	0.00633	0.00757	0.00499	0.00366	0.00340	0.00113	0.02982	0.00273	0.00219	0.00476
5	0.02856	0.04362	0.21311	0.01062	0.06767	0.08232	0.09324	0.30666	0.01190	0.07673	0.00805	0.00878	0.00584	0.00400	0.00384	0.00114	0.02234	0.00321	0.00268	0.00570
6	0.00905	0.11992	0.32180	0.03700	0.06185	0.04056	0.06555	0.06467	0.16777	0.02655	0.00957	0.02019	0.03092	0.00413	0.00359	0.00115	0.00461	0.00341	0.00233	0.00540
7	0.00595	0.00443	0.00514	0.00499	0.00604	0.00429	0.00366	0.03346	0.09642	0.03421	0.24425	0.17386	0.26195	0.08295	0.01999	0.00157	0.00242	0.00718	0.00360	0.00365
8	0.01026	0.17875	0.17486	0.03519	0.06552	0.04843	0.03761	0.18531	0.11125	0.04060	0.02113	0.03264	0.00731	0.01583	0.00386	0.00115	0.01896	0.00338	0.00256	0.00540
9	0.00471	0.00354	0.00413	0.00450	0.00506	0.00322	0.00303	0.00537	0.00742	0.00948	0.04729	0.39393	0.30708	0.17483	0.00739	0.00183	0.00235	0.00861	0.00327	0.00295
10	0.00931	0.04981	0.05272	0.04276	0.09165	0.12149	0.08237	0.05345	0.09291	0.07818	0.12501	0.06470	0.04300	0.03274	0.02901	0.00139	0.00425	0.01766	0.00286	0.00473
11	0.00610	0.00411	0.00491	0.00474	0.00590	0.00369	0.00357	0.00757	0.03049	0.09191	0.27753	0.13856	0.34886	0.02386	0.00468	0.00132	0.00213	0.03266	0.00378	0.00364
12	0.03656	0.03590	0.02367	0.11107	0.09363	0.14709	0.03074	0.09685	0.08548	0.06205	0.08088	0.04157	0.08170	0.02520	0.00417	0.00123	0.00411	0.03054	0.00283	0.00472
13	0.00586	0.00485	0.02290	0.01771	0.02722	0.02252	0.00442	0.01994	0.04646	0.02202	0.07822	0.22506	0.15559	0.08572	0.22893	0.00276	0.00466	0.01869	0.00294	0.00352
14	0.03114	0.00707	0.03417	0.00765	0.02301	0.02383	0.10183	0.10985	0.06351	0.15679	0.19741	0.01817	0.08890	0.04972	0.04230	0.00154	0.01615	0.01885	0.00340	0.00473
15	0.00571	0.00453	0.00622	0.00603	0.00670	0.00524	0.00464	0.00727	0.04259	0.00938	0.05207	0.03203	0.09089	0.08877	0.53234	0.00444	0.09067	0.00469	0.00234	0.00344
16	0.02292	0.01086	0.00901	0.00837	0.04255	0.30373	0.00622	0.11649	0.18326	0.06079	0.07635	0.03367	0.08043	0.00532	0.00378	0.00114	0.00433	0.02282	0.00308	0.00490
17	0.07353	0.14288	0.02198	0.02291	0.03207	0.21672	0.01754	0.09864	0.06545	0.07690	0.04480	0.06099	0.02346	0.00485	0.00404	0.00112	0.06382	0.00359	0.01991	0.00477
18	0.10338	0.03006	0.01083	0.04886	0.06810	0.09926	0.12597	0.08672	0.06770	0.09011	0.09069	0.02942	0.02383	0.00463	0.00398	0.00116	0.03757	0.00389	0.05781	0.01603

[dist]
# distance from previous block
# <min> <max>
0	2

[block]
# block no. 6 follows, 73 sequences, length 6
# corresponding to MSA columns:
# 183-188
name=unknown_G
#
# <colnr> <probs for GDERKNQSTAVLIFYWHMCP>
#	G	D	E	R	K	N	Q	S	T	A	V	L	I	F	Y	W	H	M	C	P
0	0.08872	0.00508	0.00600	0.10246	0.00859	0.03151	0.00467	0.00825	0.07124	0.02844	0.07937	0.41046	0.04207	0.04334	0.03445	0.00160	0.00310	0.00716	0.00310	0.02039
1	0.00749	0.00888	0.16155	0.02707	0.05001	0.00709	0.10520	0.06370	0.16367	0.01310	0.10518	0.08022	0.14546	0.00679	0.03636	0.00143	0.00393	0.00521	0.00293	0.00474
2	0.00873	0.00743	0.00912	0.00753	0.06208	0.04006	0.04722	0.05156	0.00859	0.04951	0.00798	0.05689	0.00686	0.00356	0.00315	0.00075	0.00328	0.00302	0.00243	0.62026
3	0.00706	0.00494	0.00676	0.00645	0.02315	0.00505	0.04098	0.02378	0.07202	0.09407	0.07429	0.20659	0.08693	0.12064	0.16393	0.00251	0.03117	0.02272	0.00309	0.00385
4	0.00802	0.00778	0.06174	0.05100	0.06824	0.00616	0.02784	0.03347	0.05520	0.01249	0.00778	0.03907	0.00655	0.00343	0.00314	0.00078	0.00330	0.00290	0.00230	0.59881
5	0.09400	0.01350	0.27129	0.05046	0.11906	0.17535	0.02998	0.05179	0.02841	0.06122	0.00721	0.00832	0.00543	0.00374	0.00361	0.00111	0.02042	0.00287	0.00214	0.05007

[dist]
# distance from previous block
# <min> <max>
0	3

[block]
# block no. 7 follows, 73 sequences, length 26
# corresponding to MSA columns:
# 192-217
name=unknown_H
#
# <colnr> <probs for GDERKNQSTAVLIFYWHMCP>
#	G	D	E	R	K	N	Q	S	T	A	V	L	I	F	Y	W	H	M	C	P
0	0.00879	0.00905	0.06650	0.07296	0.31934	0.02997	0.02089	0.06426	0.04797	0.01170	0.00765	0.03494	0.00678	0.04223	0.02770	0.00151	0.21704	0.00365	0.00206	0.00501
1	0.04420	0.06667	0.00623	0.00494	0.00651	0.02900	0.02011	0.03203	0.00898	0.05557	0.10732	0.07159	0.50564	0.00805	0.00414	0.00122	0.00248	0.01826	0.00336	0.00369
2	0.11233	0.10657	0.13496	0.00919	0.10793	0.02033	0.02240	0.08905	0.06978	0.11100	0.00973	0.09590	0.00824	0.00543	0.03217	0.00129	0.00403	0.00379	0.00268	0.05320
3	0.00658	0.00506	0.00740	0.00697	0.00822	0.00489	0.09703	0.06625	0.00882	0.03641	0.02022	0.27559	0.14064	0.03823	0.00520	0.00155	0.00322	0.26068	0.00331	0.00373
4	0.27500	0.22879	0.08463	0.00709	0.01933	0.04955	0.03004	0.07077	0.06447	0.04539	0.00745	0.01772	0.00616	0.03875	0.00359	0.00116	0.00384	0.01328	0.00235	0.03065
5	0.04480	0.39372	0.28375	0.00847	0.04096	0.01131	0.00883	0.04375	0.04369	0.07840	0.00711	0.00774	0.00551	0.00358	0.00304	0.00101	0.00437	0.00259	0.00206	0.00529
6	0.03491	0.09067	0.21473	0.04542	0.13422	0.02762	0.05730	0.04716	0.08692	0.03681	0.04837	0.02490	0.09830	0.00467	0.00379	0.00115	0.01546	0.00391	0.00243	0.02127
7	0.00878	0.00988	0.02092	0.03437	0.01892	0.00959	0.74255	0.01194	0.02638	0.01185	0.00756	0.01008	0.00575	0.00343	0.00490	0.00129	0.06057	0.00433	0.00192	0.00500
8	0.00892	0.00857	0.02905	0.04143	0.04531	0.09892	0.08016	0.11030	0.14001	0.01251	0.03098	0.06703	0.01019	0.06508	0.08218	0.00188	0.10742	0.05282	0.00266	0.00458
9	0.00556	0.00361	0.00472	0.00526	0.00579	0.00333	0.00367	0.00636	0.00767	0.06963	0.04899	0.65156	0.08278	0.03595	0.00512	0.00154	0.00232	0.04928	0.00355	0.00331
10	0.00563	0.00437	0.00583	0.05175	0.02782	0.00452	0.00451	0.02101	0.06724	0.01121	0.16143	0.47514	0.03507	0.02180	0.04554	0.00166	0.02945	0.01910	0.00334	0.00357
11	0.00537	0.00370	0.00467	0.00489	0.00536	0.00362	0.00333	0.00614	0.02004	0.02732	0.09315	0.31372	0.10750	0.23138	0.11178	0.04122	0.00352	0.00731	0.00300	0.00300
12	0.01129	0.02922	0.10747	0.06456	0.22926	0.08315	0.07597	0.11578	0.14913	0.01504	0.00992	0.01156	0.00792	0.00478	0.00428	0.00138	0.00502	0.00381	0.00291	0.06757
13	0.09739	0.03233	0.02159	0.00664	0.00856	0.00782	0.00529	0.05800	0.43558	0.02410	0.07943	0.09162	0.08453	0.00610	0.00384	0.00126	0.00286	0.02454	0.00353	0.00500
14	0.02105	0.05198	0.03807	0.01720	0.01085	0.37233	0.03858	0.11125	0.04532	0.02390	0.02286	0.04491	0.00734	0.02307	0.07150	0.00151	0.04456	0.00334	0.00236	0.04802
15	0.00876	0.00865	0.04371	0.19432	0.56142	0.00866	0.01074	0.03972	0.02788	0.01220	0.02832	0.01041	0.02115	0.00373	0.00375	0.00115	0.00445	0.00351	0.00200	0.00547
16	0.02525	0.00439	0.00573	0.00593	0.02254	0.00457	0.01746	0.00776	0.09004	0.02661	0.03812	0.31712	0.04618	0.16148	0.20628	0.00287	0.00448	0.00679	0.00292	0.00347
17	0.00902	0.00667	0.00777	0.00572	0.00880	0.01707	0.00457	0.02642	0.00840	0.12141	0.01839	0.00965	0.02296	0.02087	0.00332	0.00074	0.00289	0.00270	0.01430	0.68833
18	0.00559	0.00434	0.00649	0.00623	0.00697	0.00435	0.07677	0.00672	0.01916	0.02449	0.02699	0.38893	0.07056	0.12862	0.18734	0.00271	0.02013	0.00742	0.00287	0.00332
19	0.01413	0.01011	0.01093	0.00845	0.01139	0.01112	0.00696	0.73307	0.06615	0.07448	0.00974	0.00954	0.00686	0.00455	0.00376	0.00114	0.00400	0.00345	0.00381	0.00635
20	0.03972	0.03433	0.04992	0.00672	0.00962	0.04767	0.02544	0.04445	0.00914	0.26816	0.01049	0.05788	0.02120	0.00425	0.00350	0.00095	0.01785	0.00342	0.01684	0.32846
21	0.00536	0.00402	0.00603	0.00603	0.00670	0.00469	0.00469	0.00670	0.00603	0.00871	0.01005	0.01474	0.00938	0.02814	0.85328	0.00603	0.01005	0.00402	0.00201	0.00335
22	0.00808	0.10771	0.10226	0.04517	0.08681	0.03829	0.00709	0.01970	0.04981	0.01135	0.06641	0.05347	0.00899	0.02882	0.02789	0.00124	0.10350	0.00354	0.00224	0.22762
23	0.00877	0.00743	0.00783	0.00702	0.00903	0.00836	0.00547	0.06793	0.63505	0.01532	0.04255	0.01750	0.13984	0.00581	0.00393	0.00126	0.00284	0.00483	0.00377	0.00547
24	0.03879	0.12076	0.07403	0.01188	0.22189	0.04588	0.06992	0.06955	0.06919	0.06191	0.05482	0.08901	0.00958	0.00513	0.01721	0.00123	0.02745	0.00409	0.00254	0.00514
25	0.01013	0.09227	0.15587	0.04406	0.24420	0.07015	0.02778	0.15603	0.08726	0.02332	0.00855	0.00984	0.02027	0.00404	0.00377	0.00113	0.02099	0.01243	0.00237	0.00554

[dist]
# distance from previous block
# <min> <max>
0	1

[block]
# block no. 8 follows, 73 sequences, length 11
# corresponding to MSA columns:
# 219-229
name=unknown_I
#
# <colnr> <probs for GDERKNQSTAVLIFYWHMCP>
#	G	D	E	R	K	N	Q	S	T	A	V	L	I	F	Y	W	H	M	C	P
0	0.05721	0.00595	0.00864	0.00736	0.00884	0.00636	0.11696	0.10355	0.04156	0.04198	0.01026	0.03618	0.00938	0.15100	0.37363	0.00368	0.00671	0.00429	0.00246	0.00401
1	0.01036	0.02697	0.10295	0.06521	0.04776	0.05713	0.00751	0.22982	0.27737	0.03880	0.05883	0.02631	0.02461	0.00482	0.00377	0.00119	0.00390	0.00391	0.00320	0.00556
2	0.00625	0.00502	0.00576	0.04026	0.00729	0.03737	0.00436	0.05340	0.09397	0.01127	0.07420	0.44759	0.06864	0.07923	0.00567	0.00159	0.00280	0.04837	0.00334	0.00362
3	0.02171	0.05040	0.09772	0.11298	0.18593	0.06596	0.05106	0.06614	0.17672	0.06641	0.02626	0.04515	0.00825	0.00437	0.00372	0.00118	0.00430	0.00377	0.00262	0.00535
4	0.00497	0.00362	0.00430	0.00447	0.00499	0.00336	0.00300	0.00573	0.00772	0.01021	0.20187	0.25013	0.20182	0.26655	0.00891	0.00202	0.00246	0.00766	0.00326	0.00295
5	0.05917	0.00680	0.03960	0.02343	0.11450	0.00648	0.04784	0.05065	0.13714	0.08994	0.08983	0.07612	0.17068	0.03078	0.00446	0.00132	0.00321	0.04018	0.00322	0.00466
6	0.60604	0.00782	0.00655	0.00626	0.04155	0.06579	0.00473	0.04472	0.05883	0.01574	0.04184	0.03953	0.03916	0.00434	0.00286	0.00117	0.00317	0.00303	0.00259	0.00428
7	0.03067	0.00727	0.00768	0.00670	0.00855	0.07394	0.00531	0.21992	0.02543	0.10916	0.08051	0.10266	0.07204	0.04625	0.03841	0.00152	0.00370	0.09874	0.00340	0.05815
8	0.08128	0.09441	0.03139	0.02594	0.01053	0.07325	0.07153	0.14063	0.13707	0.09319	0.03636	0.06955	0.05399	0.00495	0.00360	0.00113	0.00378	0.00407	0.00302	0.06035
9	0.04803	0.09537	0.07818	0.04188	0.20627	0.02476	0.05798	0.21400	0.01057	0.01473	0.05640	0.06265	0.00854	0.00439	0.00361	0.00110	0.00412	0.00375	0.00255	0.06111
10	0.22376	0.04176	0.02290	0.00613	0.00801	0.05770	0.03734	0.01116	0.04144	0.16754	0.03201	0.04555	0.05156	0.17246	0.02468	0.00175	0.00363	0.03009	0.00289	0.01764

[dist]
# distance from previous block
# <min> <max>
0	1

[block]
# block no. 9 follows, 73 sequences, length 6
# corresponding to MSA columns:
# 231-236
name=unknown_J
#
# <colnr> <probs for GDERKNQSTAVLIFYWHMCP>
#	G	D	E	R	K	N	Q	S	T	A	V	L	I	F	Y	W	H	M	C	P
0	0.00971	0.08090	0.20450	0.04131	0.09941	0.09692	0.13404	0.13039	0.06104	0.01302	0.00838	0.00970	0.02678	0.00488	0.03575	0.00133	0.03110	0.00337	0.00222	0.00524
1	0.00856	0.05250	0.53706	0.01042	0.06690	0.04555	0.01125	0.05436	0.03190	0.03712	0.05027	0.00975	0.00707	0.02782	0.00430	0.00124	0.03341	0.00316	0.00204	0.00532
2	0.00565	0.00459	0.00699	0.04588	0.05125	0.00452	0.06694	0.00703	0.00802	0.01080	0.14816	0.27562	0.10289	0.05054	0.10189	0.00202	0.00375	0.09686	0.00307	0.00353
3	0.04118	0.11327	0.12864	0.05248	0.06524	0.09462	0.05855	0.08731	0.03781	0.08368	0.07428	0.01069	0.02413	0.00426	0.00388	0.00109	0.04107	0.00337	0.00251	0.07194
4	0.02398	0.03500	0.03953	0.02659	0.07034	0.03060	0.03218	0.08227	0.03982	0.10285	0.01503	0.23554	0.09527	0.00665	0.00420	0.00121	0.02920	0.02165	0.00304	0.10504
5	0.02355	0.06062	0.16694	0.07133	0.02695	0.04421	0.02442	0.05143	0.04589	0.14088	0.03766	0.03330	0.05178	0.05088	0.00485	0.00125	0.04791	0.00374	0.00265	0.10976

[dist]
# distance from previous block
# <min> <max>
5	24

[block]
# block no. 10 follows, 73 sequences, length 9
# corresponding to MSA columns:
# 265-273
name=unknown_K
#
# <colnr> <probs for GDERKNQSTAVLIFYWHMCP>
#	G	D	E	R	K	N	Q	S	T	A	V	L	I	F	Y	W	H	M	C	P
0	0.16449	0.18014	0.07771	0.05385	0.06544	0.15451	0.07440	0.10908	0.02332	0.02619	0.00687	0.02364	0.00558	0.00384	0.00335	0.00108	0.01651	0.00290	0.00220	0.00491
1	0.21341	0.07937	0.06218	0.02154	0.08765	0.21106	0.06981	0.05758	0.05746	0.06471	0.00773	0.00853	0.01813	0.00382	0.00326	0.00109	0.00458	0.00289	0.00237	0.02283
2	0.15250	0.00878	0.07200	0.05262	0.05896	0.03981	0.03339	0.14111	0.11017	0.12966	0.03774	0.04520	0.02047	0.02201	0.00385	0.00120	0.00372	0.00371	0.00302	0.06006
3	0.06067	0.00433	0.00492	0.00512	0.00576	0.03008	0.00361	0.00660	0.00704	0.03019	0.03463	0.30538	0.11656	0.19256	0.12072	0.02474	0.00378	0.03730	0.00291	0.00311
4	0.02083	0.02980	0.06059	0.03029	0.11307	0.02295	0.04783	0.08866	0.15026	0.02982	0.17261	0.10028	0.09162	0.01937	0.00425	0.00125	0.00335	0.00529	0.00316	0.00474
5	0.00562	0.00424	0.00509	0.00516	0.00577	0.03293	0.00373	0.00662	0.00685	0.00946	0.04898	0.12813	0.10056	0.18148	0.35318	0.00365	0.00574	0.00557	0.08411	0.00314
6	0.47579	0.06417	0.12468	0.03877	0.10249	0.00894	0.00682	0.03012	0.07054	0.01489	0.02786	0.00806	0.00586	0.00372	0.00290	0.00115	0.00359	0.00264	0.00229	0.00471
7	0.03286	0.00800	0.02683	0.00744	0.02693	0.02134	0.02620	0.10981	0.08903	0.03223	0.04218	0.04130	0.00952	0.03763	0.03048	0.00129	0.00372	0.01703	0.00299	0.43319
8	0.00784	0.05136	0.05244	0.00721	0.02551	0.04592	0.04796	0.10950	0.04114	0.01130	0.06485	0.06603	0.05266	0.11862	0.10916	0.13512	0.04254	0.00452	0.00250	0.00383

[dist]
# distance from previous block
# <min> <max>
1	4

[block]
# block no. 11 follows, 73 sequences, length 6
# corresponding to MSA columns:
# 278-283
name=unknown_L
#
# <colnr> <probs for GDERKNQSTAVLIFYWHMCP>
#	G	D	E	R	K	N	Q	S	T	A	V	L	I	F	Y	W	H	M	C	P
0	0.00561	0.00507	0.04477	0.00509	0.00637	0.00438	0.00403	0.02995	0.08972	0.01159	0.15009	0.14638	0.36877	0.07974	0.00560	0.00149	0.00245	0.03185	0.00343	0.00361
1	0.05628	0.09769	0.16663	0.03464	0.13502	0.02908	0.07544	0.04355	0.00862	0.09325	0.00803	0.02304	0.00646	0.00389	0.00366	0.00106	0.02573	0.02816	0.00228	0.15752
2	0.00995	0.03995	0.03574	0.02712	0.03914	0.00649	0.00564	0.11748	0.00968	0.15075	0.05030	0.05038	0.00861	0.00406	0.00331	0.00087	0.00319	0.00333	0.00290	0.43112
3	0.00619	0.02563	0.00589	0.00553	0.00603	0.02624	0.00388	0.02672	0.05651	0.00907	0.01261	0.18848	0.01369	0.35060	0.17973	0.02466	0.04711	0.00577	0.00252	0.00315
4	0.03103	0.03666	0.14208	0.06546	0.03891	0.04857	0.04086	0.14589	0.25135	0.09561	0.03875	0.01128	0.00863	0.00493	0.02230	0.00129	0.00422	0.00362	0.00303	0.00555
5	0.00825	0.04959	0.09512	0.02292	0.09631	0.04290	0.05849	0.11758	0.07448	0.01326	0.12583	0.11699	0.05513	0.05089	0.01756	0.00137	0.00381	0.00498	0.00285	0.04169

[dist]
# distance from previous block
# <min> <max>
1	10

[block]
# block no. 12 follows, 73 sequences, length 27
# corresponding to MSA columns:
# 294-320
name=unknown_M
#
# <colnr> <probs for GDERKNQSTAVLIFYWHMCP>
#	G	D	E	R	K	N	Q	S	T	A	V	L	I	F	Y	W	H	M	C	P
0	0.00813	0.03596	0.06295	0.03513	0.03318	0.02959	0.00564	0.02553	0.08758	0.03230	0.04970	0.02418	0.05500	0.00420	0.00351	0.02118	0.00319	0.00327	0.00253	0.47725
1	0.00611	0.00424	0.00538	0.00557	0.00645	0.00409	0.00427	0.04049	0.02792	0.04622	0.19603	0.27977	0.10566	0.05032	0.00534	0.00154	0.00257	0.20084	0.00362	0.00356
2	0.18377	0.04653	0.03955	0.02005	0.09524	0.12731	0.04962	0.12689	0.10419	0.09795	0.02632	0.03449	0.00748	0.00433	0.00360	0.00115	0.02020	0.00337	0.00279	0.00516
3	0.00484	0.00358	0.00445	0.00480	0.00541	0.00328	0.00339	0.00582	0.00824	0.01093	0.22308	0.40440	0.19444	0.06681	0.00559	0.00154	0.00217	0.04052	0.00356	0.00316
4	0.00708	0.00554	0.00758	0.07796	0.05119	0.00571	0.03944	0.11149	0.05253	0.02635	0.16282	0.27240	0.07859	0.00847	0.02989	0.00147	0.00321	0.05084	0.00332	0.00412
5	0.00539	0.00391	0.00548	0.00548	0.00596	0.00439	0.00401	0.00635	0.00587	0.00830	0.01055	0.01752	0.01059	0.26587	0.61719	0.00535	0.00823	0.00443	0.00208	0.00305
6	0.02504	0.20825	0.26541	0.05610	0.09393	0.02466	0.00899	0.08141	0.03141	0.02215	0.03893	0.06316	0.00772	0.00424	0.00339	0.00107	0.00431	0.00339	0.00217	0.05428
7	0.00807	0.00787	0.01043	0.12942	0.06394	0.05490	0.00777	0.03574	0.00712	0.00992	0.02744	0.01185	0.06501	0.04569	0.03895	0.00171	0.46431	0.00378	0.00197	0.00413
8	0.01202	0.10648	0.03413	0.00912	0.03023	0.52563	0.02949	0.01395	0.06780	0.02033	0.02402	0.01822	0.00632	0.00393	0.00334	0.00096	0.00555	0.00277	0.00214	0.08356
9	0.03733	0.00584	0.00809	0.14354	0.07688	0.00612	0.01721	0.06161	0.05401	0.14000	0.03417	0.27418	0.05331	0.02760	0.02403	0.00147	0.02101	0.00603	0.00313	0.00442
10	0.00830	0.00678	0.00792	0.00569	0.00900	0.00523	0.00457	0.03659	0.00820	0.04064	0.00702	0.00799	0.00571	0.00290	0.00284	0.00059	0.00284	0.00231	0.00235	0.83251
11	0.00527	0.00396	0.00546	0.00576	0.00637	0.00377	0.03797	0.03166	0.00793	0.01055	0.07281	0.58761	0.07033	0.04921	0.00538	0.00158	0.00255	0.08517	0.00341	0.00328
12	0.03490	0.00747	0.00771	0.00700	0.03715	0.09638	0.00521	0.04278	0.15823	0.06691	0.08319	0.12457	0.04278	0.00561	0.00369	0.00107	0.00320	0.03098	0.00310	0.23808
13	0.00781	0.01834	0.07813	0.26461	0.18182	0.00827	0.02593	0.02519	0.10986	0.01137	0.04229	0.01162	0.00794	0.02898	0.09837	0.00183	0.06708	0.00368	0.00215	0.00475
14	0.00739	0.00430	0.00559	0.00500	0.00624	0.00389	0.00381	0.00898	0.01031	0.16820	0.60857	0.02553	0.07672	0.04280	0.00491	0.00128	0.00212	0.00624	0.00411	0.00399
15	0.00914	0.05646	0.02406	0.00873	0.09259	0.11473	0.01616	0.06597	0.21352	0.03539	0.11950	0.02783	0.07276	0.00677	0.05973	0.00146	0.02642	0.00428	0.00299	0.04152
16	0.01074	0.05707	0.01154	0.04689	0.19208	0.33268	0.01890	0.05824	0.05452	0.01100	0.00820	0.04885	0.01910	0.02914	0.03098	0.00133	0.05835	0.00346	0.00218	0.00474
17	0.00582	0.00360	0.00484	0.00540	0.00590	0.00335	0.00373	0.00658	0.00750	0.09343	0.01975	0.75273	0.02276	0.01157	0.03218	0.00163	0.00253	0.00976	0.00355	0.00339
18	0.00956	0.04799	0.17494	0.05639	0.21916	0.20046	0.07587	0.02279	0.02350	0.02436	0.01010	0.01140	0.08941	0.01342	0.00385	0.00115	0.00504	0.00356	0.00208	0.00499
19	0.00709	0.00667	0.01125	0.85913	0.02584	0.00834	0.01042	0.00959	0.00750	0.00959	0.00667	0.01000	0.00500	0.00375	0.00375	0.00125	0.00500	0.00333	0.00167	0.00417
20	0.10574	0.39535	0.08526	0.00811	0.04508	0.10943	0.00723	0.17078	0.00988	0.02294	0.00634	0.00707	0.00513	0.00362	0.00294	0.00097	0.00437	0.00246	0.00218	0.00511
21	0.00566	0.00393	0.00466	0.00451	0.00556	0.00352	0.00333	0.00681	0.00889	0.06809	0.27691	0.10834	0.37441	0.07068	0.03642	0.00160	0.00240	0.00723	0.00362	0.00343
22	0.00660	0.00363	0.00538	0.00527	0.00529	0.00388	0.00365	0.00523	0.00498	0.00676	0.00651	0.01128	0.00649	0.01303	0.03972	0.80195	0.06356	0.00328	0.00164	0.00185
23	0.00551	0.00380	0.00471	0.00474	0.00564	0.00341	0.00345	0.00671	0.00906	0.05900	0.34021	0.27988	0.24154	0.00920	0.00450	0.00130	0.00201	0.00807	0.00380	0.00346
24	0.01300	0.00976	0.01058	0.00803	0.01110	0.01034	0.00661	0.67175	0.01572	0.02142	0.00855	0.00877	0.00622	0.00417	0.00356	0.00101	0.00387	0.00315	0.00345	0.17895
25	0.05784	0.00812	0.01088	0.00914	0.00988	0.02510	0.02220	0.02257	0.00679	0.11528	0.00636	0.00867	0.00548	0.00590	0.00998	0.00150	0.63799	0.00325	0.00211	0.03095
26	0.00817	0.00497	0.00650	0.03126	0.00704	0.00528	0.00436	0.18584	0.00790	0.01058	0.02468	0.01126	0.00711	0.01113	0.03096	0.63098	0.00362	0.00338	0.00216	0.00282

[dist]
# distance from previous block
# <min> <max>
0	1

[block]
# block no. 13 follows, 73 sequences, length 20
# corresponding to MSA columns:
# 322-341
name=unknown_N
#
# <colnr> <probs for GDERKNQSTAVLIFYWHMCP>
#	G	D	E	R	K	N	Q	S	T	A	V	L	I	F	Y	W	H	M	C	P
0	0.14564	0.00662	0.00760	0.00623	0.00849	0.00663	0.00503	0.17016	0.02999	0.31420	0.16701	0.04355	0.06188	0.00553	0.00374	0.00118	0.00295	0.00447	0.00390	0.00520
1	0.10113	0.13913	0.06515	0.00870	0.02534	0.33890	0.00726	0.21440	0.01120	0.03099	0.00670	0.00741	0.00524	0.00392	0.00341	0.00103	0.02005	0.00264	0.00240	0.00503
2	0.01037	0.00908	0.02820	0.02710	0.07694	0.05271	0.07767	0.17108	0.36845	0.05079	0.06787	0.01291	0.02013	0.00476	0.00387	0.00120	0.00380	0.00407	0.00335	0.00565
3	0.00535	0.00376	0.00462	0.00476	0.00560	0.00340	0.00345	0.00643	0.00859	0.04987	0.23606	0.31435	0.26862	0.02803	0.02620	0.00150	0.00228	0.02012	0.00364	0.00336
4	0.01046	0.01012	0.07470	0.01239	0.01592	0.00909	0.46984	0.17684	0.01065	0.09717	0.00893	0.03822	0.00675	0.00388	0.00412	0.00120	0.00525	0.00416	0.00258	0.03772
5	0.00576	0.00410	0.00464	0.00457	0.00513	0.00406	0.00299	0.00709	0.08020	0.02556	0.07695	0.09355	0.16129	0.47893	0.02725	0.00266	0.00313	0.00624	0.00289	0.00301
6	0.00774	0.09954	0.61989	0.01064	0.05214	0.00895	0.05625	0.01143	0.00818	0.01186	0.07269	0.00950	0.00728	0.00382	0.00357	0.00115	0.00509	0.00313	0.00182	0.00531
7	0.00761	0.04887	0.82001	0.01055	0.01601	0.00893	0.01360	0.01186	0.00791	0.01178	0.00668	0.00786	0.00475	0.00355	0.00352	0.00117	0.00549	0.00275	0.00158	0.00552
8	0.00678	0.05352	0.03315	0.05899	0.00889	0.01748	0.00588	0.05421	0.00690	0.00966	0.00881	0.01315	0.00820	0.07719	0.50351	0.00423	0.11989	0.00377	0.00202	0.00376
9	0.00561	0.00441	0.00611	0.00609	0.00678	0.02887	0.00470	0.00691	0.00615	0.00869	0.00997	0.01475	0.00935	0.04798	0.80864	0.00583	0.00980	0.00401	0.00201	0.00335
10	0.00778	0.10143	0.54934	0.01017	0.03234	0.02155	0.08610	0.01103	0.00793	0.01121	0.02556	0.00994	0.04621	0.00444	0.00427	0.05563	0.00506	0.00322	0.00177	0.00502
11	0.00487	0.00361	0.00461	0.00519	0.00569	0.00345	0.00365	0.00599	0.03224	0.01006	0.05772	0.58122	0.13496	0.02880	0.05736	0.00180	0.00272	0.04947	0.00340	0.00319
12	0.02619	0.00803	0.06651	0.00785	0.03274	0.00811	0.02269	0.09189	0.38911	0.01453	0.07839	0.03655	0.08739	0.00721	0.06193	0.00159	0.04626	0.00462	0.00329	0.00512
13	0.01377	0.01747	0.01067	0.00967	0.01152	0.81695	0.00729	0.01473	0.01042	0.00918	0.00576	0.00683	0.00484	0.00398	0.00377	0.00100	0.04345	0.00245	0.00192	0.00434
14	0.00972	0.20292	0.08979	0.05039	0.18426	0.10819	0.02502	0.04433	0.03703	0.05562	0.05683	0.04639	0.02721	0.00436	0.00356	0.00107	0.01409	0.00355	0.01194	0.02373
15	0.47788	0.00674	0.00682	0.00566	0.00812	0.00701	0.00464	0.02822	0.00856	0.33802	0.06698	0.01025	0.00829	0.00424	0.00305	0.00116	0.00296	0.00306	0.00337	0.00497
16	0.01492	0.00640	0.00845	0.00657	0.00930	0.00570	0.00538	0.03311	0.04455	0.66982	0.06008	0.01351	0.02230	0.00479	0.00386	0.00113	0.01450	0.00390	0.00434	0.06739
17	0.03577	0.01153	0.24447	0.02643	0.30254	0.00842	0.12673	0.02848	0.00863	0.08874	0.00768	0.00914	0.00579	0.00353	0.00378	0.00113	0.01503	0.00326	0.00211	0.06681
18	0.00457	0.00329	0.00433	0.00516	0.00543	0.00305	0.00346	0.00523	0.00724	0.00960	0.02141	0.83065	0.05939	0.01166	0.00477	0.00151	0.00216	0.01055	0.00348	0.00305
19	0.01087	0.14334	0.11648	0.01322	0.28948	0.14610	0.00907	0.11055	0.01861	0.06705	0.00838	0.00934	0.03355	0.00388	0.00348	0.00106	0.00467	0.00311	0.00228	0.00545

[dist]
# distance from previous block
# <min> <max>
0	1

[block]
# block no. 14 follows, 73 sequences, length 13
# corresponding to MSA columns:
# 343-355
name=unknown_O
#
# <colnr> <probs for GDERKNQSTAVLIFYWHMCP>
#	G	D	E	R	K	N	Q	S	T	A	V	L	I	F	Y	W	H	M	C	P
0	0.10473	0.05179	0.06361	0.03066	0.23493	0.14956	0.00836	0.21594	0.07902	0.01509	0.00770	0.00863	0.00597	0.00389	0.00346	0.00110	0.00453	0.00303	0.00252	0.00547
1	0.69026	0.00771	0.00651	0.00567	0.00804	0.00888	0.00463	0.10308	0.10800	0.01745	0.00686	0.00737	0.00521	0.00379	0.00266	0.00117	0.00305	0.00245	0.00266	0.00455
2	0.00545	0.00366	0.00421	0.00421	0.00425	0.00370	0.00242	0.00553	0.00549	0.00736	0.01172	0.02397	0.01339	0.81824	0.06866	0.00378	0.00402	0.00537	0.00226	0.00234
3	0.01370	0.01032	0.01131	0.00961	0.07407	0.03406	0.00734	0.70942	0.01635	0.04092	0.00919	0.02992	0.00682	0.00458	0.00377	0.00113	0.00416	0.00354	0.00357	0.00621
4	0.00709	0.00667	0.01125	0.85913	0.02584	0.00834	0.01042	0.00959	0.00750	0.00959	0.00667	0.01000	0.00500	0.00375	0.00375	0.00125	0.00500	0.00333	0.00167	0.00417
5	0.03688	0.00529	0.00681	0.00695	0.07002	0.00511	0.00479	0.05218	0.05660	0.19458	0.16021	0.25764	0.08198	0.03755	0.00471	0.00136	0.00270	0.00653	0.00368	0.00443
6	0.00886	0.38128	0.36718	0.04822	0.06850	0.02881	0.01008	0.01170	0.02451	0.01052	0.00626	0.00739	0.00501	0.00344	0.00309	0.00102	0.00477	0.00253	0.00167	0.00518
7	0.00586	0.00386	0.00543	0.00539	0.00566	0.00424	0.00383	0.00591	0.00568	0.00790	0.02754	0.05616	0.01037	0.18669	0.31430	0.29531	0.04685	0.00440	0.00204	0.00260
8	0.00632	0.00450	0.00649	0.00681	0.00780	0.00438	0.04294	0.00786	0.00840	0.04184	0.01971	0.10860	0.06627	0.06279	0.00588	0.00176	0.00339	0.58738	0.00336	0.00351
9	0.00959	0.00836	0.01280	0.12678	0.43034	0.05552	0.05480	0.04217	0.00908	0.08646	0.03416	0.05117	0.00866	0.00447	0.00390	0.00119	0.00440	0.04846	0.00239	0.00529
10	0.29449	0.05840	0.05312	0.06316	0.05910	0.10125	0.04004	0.07756	0.03332	0.04062	0.00725	0.02660	0.00593	0.00589	0.06758	0.00153	0.05423	0.00300	0.00231	0.00462
11	0.08394	0.00819	0.02522	0.24256	0.11516	0.01968	0.21191	0.04470	0.03938	0.04456	0.04940	0.01171	0.02840	0.00421	0.00423	0.00124	0.04200	0.01644	0.00228	0.00478
12	0.04675	0.03380	0.02218	0.03313	0.01089	0.10295	0.17025	0.04493	0.00811	0.02433	0.01029	0.09909	0.00998	0.05780	0.18704	0.00244	0.05643	0.07320	0.00234	0.00408

[dist]
# distance from previous block
# <min> <max>
1	12

[block]
# block no. 15 follows, 73 sequences, length 14
# corresponding to MSA columns:
# 372-385
name=unknown_P
#
# <colnr> <probs for GDERKNQSTAVLIFYWHMCP>
#	G	D	E	R	K	N	Q	S	T	A	V	L	I	F	Y	W	H	M	C	P
0	0.04071	0.00824	0.04211	0.27068	0.25051	0.03594	0.06917	0.04339	0.04999	0.01180	0.00963	0.08224	0.03847	0.00454	0.00381	0.00120	0.00440	0.00412	0.00219	0.02685
1	0.03382	0.04152	0.03870	0.05789	0.05507	0.20167	0.12566	0.13471	0.02385	0.03343	0.00822	0.05575	0.00700	0.00436	0.00395	0.00109	0.03597	0.02167	0.00241	0.11326
2	0.20111	0.00888	0.00921	0.00791	0.02353	0.06351	0.00627	0.23200	0.10735	0.01570	0.03204	0.00974	0.00714	0.03688	0.00586	0.00133	0.19139	0.00324	0.00275	0.03415
3	0.05157	0.00738	0.00855	0.00725	0.00867	0.04234	0.00571	0.12543	0.07507	0.07587	0.00887	0.05273	0.00791	0.08018	0.00825	0.09554	0.22071	0.00373	0.00260	0.11164
4	0.02360	0.00610	0.00795	0.00659	0.00849	0.00616	0.00528	0.07754	0.03095	0.40759	0.07177	0.01490	0.03324	0.07036	0.13903	0.00215	0.07542	0.00417	0.00362	0.00510
5	0.00582	0.00422	0.00531	0.07396	0.00748	0.00409	0.00416	0.02746	0.03246	0.04776	0.09093	0.37980	0.24232	0.00924	0.00443	0.00136	0.00243	0.02456	0.02869	0.00355
6	0.10088	0.00834	0.00911	0.08337	0.04112	0.06557	0.01734	0.22965	0.14469	0.10403	0.06640	0.05206	0.05108	0.00513	0.00373	0.00119	0.00366	0.00415	0.00331	0.00521
7	0.11701	0.00800	0.06134	0.02286	0.01030	0.04509	0.10080	0.04131	0.02096	0.18024	0.10658	0.05056	0.08933	0.00559	0.00500	0.00126	0.12163	0.00446	0.00301	0.00468
8	0.00503	0.00356	0.00429	0.00471	0.00526	0.00324	0.00319	0.00569	0.00741	0.03425	0.02396	0.48956	0.24735	0.13629	0.00676	0.00175	0.00234	0.00894	0.00334	0.00307
9	0.03221	0.18250	0.38233	0.02184	0.01352	0.04349	0.07526	0.04156	0.03925	0.03418	0.00786	0.00934	0.02087	0.00389	0.00360	0.00111	0.02291	0.02128	0.00199	0.04100
10	0.00605	0.00468	0.00527	0.00542	0.00621	0.04302	0.00407	0.00724	0.02396	0.03263	0.11399	0.15509	0.17888	0.17791	0.02546	0.00195	0.01640	0.18526	0.00322	0.00329
11	0.00870	0.03292	0.02694	0.05140	0.04911	0.05163	0.01664	0.05788	0.03566	0.07845	0.07215	0.03976	0.08750	0.01648	0.01815	0.00110	0.03174	0.01463	0.00275	0.30641
12	0.00529	0.00403	0.02119	0.00540	0.00602	0.00365	0.00391	0.01729	0.03274	0.02792	0.05437	0.60848	0.09418	0.03662	0.01974	0.00161	0.00251	0.04828	0.00345	0.00333
13	0.02360	0.04336	0.03851	0.03800	0.04336	0.02293	0.03629	0.02467	0.08524	0.01224	0.00903	0.05584	0.01842	0.00447	0.02119	0.00096	0.00345	0.02424	0.00241	0.49178

[dist]
# distance from previous block
# <min> <max>
1	5

[block]
# block no. 16 follows, 73 sequences, length 21
# corresponding to MSA columns:
# 391-411
name=unknown_Q
#
# <colnr> <probs for GDERKNQSTAVLIFYWHMCP>
#	G	D	E	R	K	N	Q	S	T	A	V	L	I	F	Y	W	H	M	C	P
0	0.14468	0.13993	0.14982	0.02379	0.01178	0.16746	0.06288	0.09636	0.03875	0.02237	0.00684	0.00782	0.00536	0.00407	0.01856	0.00112	0.00474	0.00270	0.00219	0.08878
1	0.01134	0.02847	0.00850	0.00678	0.00883	0.00760	0.00533	0.31374	0.06318	0.18625	0.01275	0.08621	0.02887	0.15701	0.02448	0.00171	0.00365	0.01714	0.00352	0.02465
