[name]
unknown

[dist]
# distance from previous block
# <min> <max>
0	67

[block]
# block no. 0 follows, 58 sequences, length 19
# corresponding to MSA columns:
# 67-72,82-94
name=unknown_A
#
# <colnr> <probs for GDERKNQSTAVLIFYWHMCP>
#	G	D	E	R	K	N	Q	S	T	A	V	L	I	F	Y	W	H	M	C	P
0	0.00721	0.00515	0.00721	0.00824	0.00927	0.00515	0.00721	0.00927	0.01030	0.01339	0.02368	0.05046	0.02574	0.01236	0.00618	0.00206	0.00412	0.78478	0.00412	0.00412
1	0.01314	0.64066	0.02077	0.00862	0.01206	0.21830	0.00790	0.01450	0.00998	0.01063	0.00639	0.00740	0.00575	0.00402	0.00316	0.00101	0.00560	0.00251	0.00201	0.00560
2	0.00543	0.00398	0.00510	0.00601	0.00643	0.00365	0.00405	0.00625	0.00878	0.01151	0.02736	0.73552	0.13219	0.01366	0.00565	0.00178	0.00255	0.01229	0.00415	0.00365
3	0.07383	0.00505	0.00640	0.04034	0.00800	0.00530	0.00484	0.00799	0.00829	0.04632	0.01952	0.53900	0.02248	0.12510	0.00832	0.00210	0.05978	0.00976	0.00367	0.00391
4	0.01140	0.01035	0.01642	0.21962	0.40549	0.01120	0.05442	0.15230	0.01168	0.01606	0.00864	0.01122	0.00684	0.00450	0.00492	0.00141	0.04041	0.00406	0.00255	0.00651
5	0.00531	0.00445	0.00462	0.00475	0.00610	0.00376	0.00350	0.00639	0.00998	0.01200	0.04261	0.14740	0.71047	0.01168	0.00534	0.00155	0.00231	0.00987	0.00415	0.00376
6	0.00545	0.00389	0.00519	0.00623	0.00649	0.00363	0.00415	0.00623	0.00856	0.01142	0.02465	0.83987	0.02959	0.01401	0.00571	0.00182	0.00260	0.01272	0.00415	0.00363
7	0.01262	0.77736	0.02238	0.00768	0.01148	0.01680	0.00757	0.01408	0.00939	0.07617	0.00715	0.00783	0.00617	0.00397	0.00300	0.00099	0.00470	0.00256	0.00221	0.00589
8	0.18473	0.03119	0.01001	0.00838	0.01116	0.01078	0.00669	0.07334	0.48985	0.10386	0.01494	0.01401	0.01101	0.00552	0.00414	0.00145	0.00368	0.00433	0.00423	0.00669
9	0.01216	0.00907	0.01255	0.03224	0.28043	0.00934	0.00902	0.01800	0.28307	0.15832	0.08024	0.01553	0.01291	0.00538	0.00451	0.00138	0.00410	0.00473	0.00384	0.04320
10	0.00928	0.00795	0.00928	0.00663	0.01060	0.00596	0.00530	0.01126	0.00928	0.01458	0.00795	0.00928	0.00663	0.00331	0.00331	0.00066	0.00331	0.00265	0.00265	0.87014
11	0.00868	0.11574	0.55419	0.01055	0.01570	0.00991	0.01282	0.01269	0.00987	0.01404	0.11248	0.01506	0.07895	0.00542	0.00431	0.00137	0.00546	0.00432	0.00247	0.00597
12	0.00928	0.00795	0.00928	0.00663	0.01060	0.00596	0.00530	0.01126	0.00928	0.01458	0.00795	0.00928	0.00663	0.00331	0.00331	0.00066	0.00331	0.00265	0.00265	0.87014
13	0.02790	0.04397	0.03579	0.02466	0.01169	0.00784	0.00652	0.07573	0.06918	0.21059	0.01133	0.01149	0.00830	0.00435	0.00380	0.00103	0.00377	0.00345	0.02481	0.41381
14	0.00667	0.00556	0.00567	0.00535	0.00710	0.00515	0.00409	0.06919	0.07580	0.01387	0.04044	0.03841	0.68580	0.01044	0.00516	0.00150	0.00257	0.00867	0.00421	0.00434
15	0.00687	0.00478	0.00564	0.00529	0.00674	0.00419	0.00402	0.00850	0.01153	0.07470	0.39877	0.03652	0.39626	0.00989	0.00522	0.00145	0.00231	0.00845	0.00461	0.00427
16	0.01146	0.58269	0.09232	0.00848	0.01195	0.05359	0.00839	0.01325	0.00946	0.02760	0.06896	0.00982	0.00867	0.00467	0.00423	0.00113	0.07234	0.00310	0.00224	0.00564
17	0.01210	0.00865	0.09000	0.00884	0.03591	0.00725	0.00729	0.05002	0.04651	0.26280	0.01552	0.21669	0.01395	0.00798	0.00615	0.04805	0.06808	0.00615	0.00390	0.08416
18	0.01123	0.12909	0.05410	0.17101	0.05154	0.03799	0.12191	0.11080	0.11106	0.01483	0.00917	0.01113	0.00723	0.00509	0.00592	0.00145	0.13381	0.00401	0.00265	0.00598

[dist]
# distance from previous block
# <min> <max>
4	10

[block]
# block no. 1 follows, 58 sequences, length 40
# corresponding to MSA columns:
# 183-222
name=unknown_B
#
# <colnr> <probs for GDERKNQSTAVLIFYWHMCP>
#	G	D	E	R	K	N	Q	S	T	A	V	L	I	F	Y	W	H	M	C	P
0	0.01435	0.19603	0.01620	0.01115	0.01402	0.47303	0.09883	0.04044	0.03064	0.01231	0.04726	0.00987	0.00792	0.00463	0.00401	0.00118	0.00680	0.00340	0.00247	0.00547
1	0.00942	0.02149	0.02431	0.06946	0.01224	0.10794	0.06262	0.01427	0.22903	0.01456	0.14881	0.09334	0.03975	0.03374	0.08581	0.00211	0.00513	0.01714	0.00359	0.00524
2	0.01625	0.07152	0.01384	0.01005	0.01348	0.05398	0.00832	0.67260	0.03379	0.02552	0.01070	0.03029	0.00802	0.00544	0.00437	0.00132	0.00499	0.00408	0.00418	0.00725
3	0.80504	0.03504	0.00740	0.00622	0.00900	0.05094	0.00512	0.01339	0.00791	0.01932	0.00626	0.00730	0.00492	0.00417	0.00283	0.00136	0.00373	0.00244	0.00272	0.00489
4	0.01147	0.72379	0.06626	0.00786	0.01161	0.03049	0.00791	0.01315	0.00943	0.01128	0.06527	0.00924	0.00840	0.00425	0.00314	0.00102	0.00475	0.00287	0.00214	0.00567
5	0.00639	0.00479	0.00719	0.00719	0.00799	0.00559	0.00559	0.00799	0.00719	0.01038	0.01198	0.01757	0.01118	0.03355	0.82507	0.00719	0.01198	0.00479	0.00240	0.00399
6	0.01027	0.02313	0.02724	0.05289	0.14766	0.04106	0.06926	0.10149	0.00937	0.01262	0.00816	0.01192	0.00719	0.00964	0.02440	0.34663	0.08621	0.00397	0.00233	0.00454
7	0.00544	0.00394	0.00514	0.00609	0.00645	0.00364	0.00409	0.00624	0.00870	0.01147	0.02632	0.77558	0.09280	0.01380	0.00568	0.00179	0.00257	0.01245	0.00415	0.00364
8	0.05270	0.00753	0.00889	0.00678	0.01018	0.00614	0.00540	0.02753	0.01008	0.16768	0.01289	0.07546	0.04907	0.00503	0.00381	0.00098	0.00334	0.00412	0.00343	0.53897
9	0.01268	0.00883	0.00988	0.00862	0.01124	0.00967	0.00677	0.02227	0.58262	0.18788	0.07418	0.01756	0.01512	0.00617	0.00459	0.00148	0.00350	0.00515	0.00479	0.00699
10	0.04903	0.00838	0.00940	0.00710	0.01077	0.00722	0.00566	0.03414	0.14355	0.01588	0.00967	0.01047	0.00775	0.00387	0.00353	0.00086	0.00340	0.00308	0.00302	0.66321
11	0.00697	0.00498	0.00693	0.00796	0.00888	0.00494	0.00679	0.00885	0.01006	0.01312	0.02382	0.15952	0.02627	0.01259	0.00611	0.00203	0.00391	0.67811	0.00412	0.00405
12	0.01036	0.00698	0.00787	0.00700	0.00871	0.00759	0.00542	0.19957	0.10217	0.03648	0.01408	0.05373	0.01193	0.07684	0.16093	0.00263	0.00504	0.00493	0.27251	0.00523
13	0.00869	0.28454	0.23575	0.00856	0.01179	0.01028	0.00878	0.01119	0.02854	0.01206	0.01389	0.31851	0.01481	0.00780	0.00435	0.00142	0.00444	0.00656	0.00281	0.00523
14	0.00645	0.00454	0.00591	0.00591	0.00626	0.00490	0.00399	0.00717	0.00681	0.00944	0.01315	0.02406	0.01400	0.48220	0.38026	0.00561	0.00774	0.00574	0.00257	0.00328
15	0.01056	0.01207	0.02640	0.01885	0.02338	0.01131	0.79864	0.01433	0.01056	0.01433	0.00905	0.01207	0.00679	0.00377	0.00528	0.00151	0.00754	0.00528	0.00226	0.00603
16	0.01082	0.01037	0.01771	0.10399	0.74030	0.01056	0.01360	0.01351	0.01007	0.01431	0.00837	0.01115	0.00698	0.00403	0.00443	0.00134	0.00538	0.00398	0.00219	0.00688
17	0.00919	0.02171	0.72073	0.01383	0.04983	0.01048	0.08400	0.01416	0.00957	0.01420	0.00813	0.00973	0.00582	0.00420	0.00435	0.00142	0.00664	0.00350	0.00193	0.00658
18	0.00545	0.00389	0.00519	0.00623	0.00649	0.00363	0.00415	0.00623	0.00856	0.01142	0.02465	0.83987	0.02959	0.01401	0.00571	0.00182	0.00260	0.01272	0.00415	0.00363
19	0.01045	0.00851	0.00894	0.00795	0.01024	0.00945	0.00618	0.11281	0.48899	0.01822	0.02175	0.02106	0.15526	0.03282	0.00514	0.00155	0.00340	0.00570	0.06536	0.00621
20	0.01165	0.75930	0.10688	0.00819	0.01231	0.01693	0.00858	0.01348	0.00913	0.01091	0.00641	0.00741	0.00573	0.00387	0.00301	0.00100	0.00498	0.00249	0.00191	0.00583
21	0.01041	0.01309	0.09969	0.01829	0.02301	0.01123	0.72638	0.01431	0.01046	0.01431	0.00896	0.01182	0.00668	0.00382	0.00518	0.00150	0.00746	0.00510	0.00223	0.00609
22	0.00538	0.00454	0.00466	0.00463	0.00610	0.00382	0.00347	0.00660	0.01042	0.01261	0.11414	0.04219	0.74393	0.01113	0.00529	0.00150	0.00225	0.00932	0.00422	0.00382
23	0.00619	0.00457	0.00578	0.00548	0.00659	0.00416	0.00411	0.00816	0.01232	0.01713	0.70613	0.03475	0.14911	0.00945	0.00528	0.00142	0.00213	0.00828	0.00482	0.00416
24	0.01700	0.01253	0.01342	0.01029	0.01387	0.01387	0.00850	0.79997	0.02103	0.02819	0.01074	0.01074	0.00761	0.00537	0.00447	0.00134	0.00492	0.00403	0.00447	0.00761
25	0.00597	0.00428	0.00556	0.00641	0.00682	0.00410	0.00435	0.04223	0.00913	0.01218	0.02402	0.80226	0.02859	0.01362	0.00565	0.00180	0.00270	0.01232	0.00417	0.00381
26	0.00979	0.00979	0.01370	0.01174	0.01174	0.01370	0.00979	0.01077	0.00685	0.01077	0.00587	0.00979	0.00587	0.00783	0.01468	0.00196	0.83461	0.00391	0.00196	0.00489
27	0.00639	0.00479	0.00719	0.00719	0.00799	0.00559	0.00559	0.00799	0.00719	0.01038	0.01198	0.01757	0.01118	0.03355	0.82507	0.00719	0.01198	0.00479	0.00240	0.00399
28	0.01513	0.01142	0.01242	0.00940	0.01308	0.01196	0.00773	0.60881	0.01818	0.02489	0.01006	0.01038	0.00737	0.00487	0.00419	0.00118	0.00453	0.00369	0.00403	0.21666
29	0.01196	0.84548	0.02344	0.00765	0.01148	0.01770	0.00765	0.01339	0.00909	0.01052	0.00622	0.00718	0.00574	0.00383	0.00287	0.00096	0.00478	0.00239	0.00191	0.00574
30	0.00529	0.00453	0.00453	0.00453	0.00604	0.00378	0.00340	0.00642	0.01020	0.01208	0.04532	0.04305	0.81307	0.01133	0.00529	0.00151	0.00227	0.00944	0.00415	0.00378
31	0.00545	0.00389	0.00519	0.00623	0.00649	0.00363	0.00415	0.00623	0.00856	0.01142	0.02465	0.83987	0.02959	0.01401	0.00571	0.00182	0.00260	0.01272	0.00415	0.00363
32	0.01045	0.00999	0.01703	0.21802	0.62918	0.01046	0.01342	0.01318	0.00989	0.01386	0.00830	0.01127	0.00682	0.00410	0.00444	0.00137	0.00547	0.00398	0.00216	0.00658
33	0.00643	0.00462	0.00630	0.00630	0.00680	0.00511	0.00449	0.00742	0.00693	0.00973	0.01279	0.02205	0.01313	0.34352	0.51775	0.00610	0.00905	0.00545	0.00252	0.00350
34	0.00745	0.00477	0.00561	0.00547	0.00609	0.00501	0.00375	0.04389	0.00809	0.01210	0.01359	0.02235	0.01341	0.39339	0.20218	0.00398	0.00553	0.00537	0.23435	0.00362
35	0.00918	0.08121	0.76339	0.01239	0.01880	0.01090	0.01590	0.01411	0.00942	0.01391	0.00790	0.00928	0.00567	0.00422	0.00415	0.00138	0.00648	0.00324	0.00189	0.00655
36	0.01006	0.00863	0.01082	0.19911	0.06327	0.00993	0.00838	0.01840	0.47486	0.03084	0.01595	0.10427	0.01317	0.00643	0.00465	0.00153	0.00411	0.00556	0.00380	0.00623
37	0.01138	0.08710	0.09529	0.01062	0.06136	0.20048	0.01824	0.09890	0.03428	0.01456	0.11111	0.06424	0.05259	0.00731	0.03079	0.00157	0.07712	0.01456	0.00304	0.00547
38	0.05468	0.60611	0.02016	0.00932	0.06675	0.04553	0.00800	0.01388	0.03644	0.03098	0.00761	0.00945	0.00681	0.00443	0.00372	0.00112	0.04000	0.02700	0.00224	0.00577
39	0.00955	0.11330	0.01204	0.03235	0.05533	0.02240	0.05783	0.06099	0.10565	0.03212	0.01141	0.02973	0.01006	0.05258	0.29639	0.06487	0.02103	0.00454	0.00278	0.00506

[dist]
# distance from previous block
# <min> <max>
0	21

[block]
# block no. 2 follows, 58 sequences, length 63
# corresponding to MSA columns:
# 244-284,287-308
name=unknown_C
#
# <colnr> <probs for GDERKNQSTAVLIFYWHMCP>
#	G	D	E	R	K	N	Q	S	T	A	V	L	I	F	Y	W	H	M	C	P
0	0.03146	0.17409	0.27551	0.08741	0.11467	0.06166	0.03491	0.01542	0.12585	0.02442	0.00925	0.01051	0.00714	0.00444	0.00406	0.00132	0.00560	0.00356	0.00244	0.00629
1	0.01130	0.44055	0.14146	0.03209	0.04450	0.03106	0.14790	0.03940	0.00979	0.01251	0.00725	0.00889	0.00604	0.00416	0.00425	0.00121	0.04632	0.00327	0.00208	0.00596
2	0.00618	0.00463	0.00571	0.00566	0.00671	0.00428	0.00417	0.02650	0.01133	0.01533	0.43877	0.19047	0.21474	0.01130	0.03223	0.00170	0.00263	0.00909	0.00450	0.00408
3	0.00567	0.00446	0.00512	0.00514	0.00632	0.00391	0.00378	0.00709	0.01082	0.01401	0.30630	0.14815	0.44142	0.01094	0.00534	0.00152	0.00226	0.00942	0.00442	0.00391
4	0.00704	0.00523	0.00626	0.00628	0.00738	0.00508	0.00462	0.06962	0.02874	0.03165	0.15375	0.36305	0.23703	0.01130	0.00561	0.00162	0.02353	0.02366	0.00428	0.00428
5	0.06624	0.17160	0.13628	0.01528	0.24549	0.01231	0.05394	0.04911	0.07217	0.02688	0.00863	0.01034	0.00699	0.00502	0.01582	0.00144	0.09003	0.00365	0.00246	0.00632
6	0.01700	0.01253	0.01342	0.01029	0.01387	0.01387	0.00850	0.79997	0.02103	0.02819	0.01074	0.01074	0.00761	0.00537	0.00447	0.00134	0.00492	0.00403	0.00447	0.00761
7	0.00616	0.00440	0.00599	0.00696	0.00755	0.00424	0.00532	0.00749	0.00941	0.01247	0.06116	0.50247	0.02872	0.01316	0.00587	0.00189	0.00315	0.30557	0.00418	0.00385
8	0.02124	0.04934	0.42654	0.09451	0.19088	0.04302	0.08450	0.01393	0.00975	0.01382	0.00806	0.01009	0.00610	0.00417	0.00432	0.00138	0.00630	0.00363	0.00203	0.00639
9	0.00994	0.07383	0.00989	0.00791	0.01032	0.00992	0.00627	0.04272	0.52492	0.01674	0.02368	0.02222	0.20872	0.00716	0.00460	0.00147	0.00337	0.00589	0.00425	0.00618
10	0.00704	0.00451	0.00575	0.00648	0.00729	0.00443	0.00515	0.00874	0.00954	0.01379	0.02131	0.26485	0.02267	0.01074	0.00515	0.00169	0.00309	0.33766	0.25612	0.00400
11	0.00685	0.00443	0.00518	0.00533	0.00621	0.00440	0.00392	0.00839	0.00934	0.01405	0.08848	0.22064	0.15429	0.01100	0.06896	0.00185	0.03032	0.00749	0.34486	0.00399
12	0.00810	0.08974	0.15622	0.02428	0.07382	0.04217	0.01781	0.01026	0.02581	0.01222	0.01658	0.37414	0.03537	0.02438	0.01712	0.00170	0.03778	0.02449	0.00311	0.00489
13	0.01671	0.02132	0.01268	0.01152	0.01383	0.82483	0.00864	0.01786	0.01268	0.01095	0.00691	0.00807	0.00576	0.00461	0.00403	0.00115	0.00807	0.00288	0.00230	0.00519
14	0.04059	0.00939	0.00972	0.00807	0.01059	0.02433	0.00646	0.38665	0.13619	0.02228	0.01325	0.04042	0.01025	0.00566	0.00407	0.00130	0.00382	0.00444	0.25627	0.00626
15	0.02026	0.01220	0.18843	0.01383	0.05234	0.00926	0.29709	0.06355	0.01075	0.03034	0.01326	0.09597	0.01238	0.00660	0.00513	0.00160	0.00584	0.15249	0.00292	0.00574
16	0.00571	0.00412	0.00567	0.00646	0.00685	0.00411	0.00451	0.00668	0.00826	0.01118	0.02166	0.63077	0.02522	0.03009	0.18899	0.00306	0.00474	0.02448	0.00374	0.00371
17	0.00633	0.00457	0.00598	0.00563	0.00668	0.00422	0.00422	0.00844	0.01266	0.01794	0.81253	0.03341	0.04221	0.00914	0.00528	0.00141	0.00211	0.00809	0.00492	0.00422
18	0.01638	0.00795	0.00951	0.00757	0.01042	0.02416	0.00615	0.16199	0.01360	0.45384	0.05249	0.01540	0.01185	0.00559	0.00424	0.00130	0.00367	0.00448	0.18271	0.00670
19	0.01196	0.01074	0.01026	0.00908	0.01156	0.10315	0.00706	0.14132	0.49700	0.01846	0.01817	0.05334	0.07505	0.00656	0.00459	0.00146	0.00413	0.00533	0.00424	0.00654
20	0.00979	0.00979	0.01370	0.01174	0.01174	0.01370	0.00979	0.01077	0.00685	0.01077	0.00587	0.00979	0.00587	0.00783	0.01468	0.00196	0.83461	0.00391	0.00196	0.00489
21	0.00928	0.00795	0.00928	0.00663	0.01060	0.00596	0.00530	0.01126	0.00928	0.01458	0.00795	0.00928	0.00663	0.00331	0.00331	0.00066	0.00331	0.00265	0.00265	0.87014
22	0.00644	0.00472	0.00682	0.00682	0.00752	0.00540	0.00516	0.00784	0.00714	0.01028	0.01231	0.01912	0.01187	0.14093	0.70220	0.00669	0.01077	0.00501	0.01914	0.00383
23	0.00545	0.00389	0.00519	0.00623	0.00649	0.00363	0.00415	0.00623	0.00856	0.01142	0.02465	0.83987	0.02959	0.01401	0.00571	0.00182	0.00260	0.01272	0.00415	0.00363
24	0.00552	0.00395	0.00525	0.00618	0.00650	0.00368	0.00416	0.00640	0.00888	0.01193	0.08628	0.77680	0.03057	0.01363	0.00568	0.00178	0.00256	0.01235	0.00421	0.00368
25	0.00537	0.00453	0.00464	0.00462	0.00609	0.00381	0.00346	0.00658	0.01039	0.01254	0.10532	0.04230	0.75278	0.01116	0.00529	0.00150	0.00225	0.00934	0.00421	0.00381
26	0.01231	0.54017	0.06203	0.03060	0.05068	0.10149	0.04451	0.05121	0.04726	0.01235	0.00743	0.00852	0.00631	0.00413	0.00344	0.00110	0.00535	0.00294	0.00223	0.00593
27	0.00979	0.00979	0.01370	0.01174	0.01174	0.01370	0.00979	0.01077	0.00685	0.01077	0.00587	0.00979	0.00587	0.00783	0.01468	0.00196	0.83461	0.00391	0.00196	0.00489
28	0.03565	0.00535	0.00687	0.00675	0.00741	0.02042	0.00502	0.00828	0.00732	0.01078	0.01240	0.03250	0.01233	0.22260	0.46761	0.00536	0.05599	0.01783	0.05575	0.00379
29	0.00689	0.00488	0.00659	0.00735	0.00816	0.00483	0.00603	0.00853	0.00976	0.01286	0.08467	0.10856	0.02587	0.14171	0.00866	0.00234	0.00387	0.54063	0.00397	0.00387
30	0.00928	0.00795	0.00928	0.00663	0.01060	0.00596	0.00530	0.01126	0.00928	0.01458	0.00795	0.00928	0.00663	0.00331	0.00331	0.00066	0.00331	0.00265	0.00265	0.87014
31	0.01108	0.01055	0.01753	0.02602	0.75206	0.01067	0.01321	0.01451	0.07249	0.01493	0.00918	0.01151	0.00760	0.00415	0.00444	0.00134	0.00518	0.00407	0.00240	0.00709
32	0.01660	0.01589	0.01297	0.01073	0.01375	0.33715	0.00849	0.45061	0.05562	0.02086	0.00957	0.00996	0.00716	0.00510	0.00430	0.00128	0.00611	0.00362	0.00361	0.00662
33	0.00547	0.00390	0.00518	0.00620	0.00645	0.00365	0.00412	0.00624	0.00852	0.01136	0.02441	0.82107	0.02928	0.03324	0.00611	0.00188	0.00264	0.01257	0.00412	0.00361
34	0.05541	0.00699	0.00762	0.00688	0.00889	0.00721	0.00527	0.04045	0.26482	0.12064	0.07008	0.06814	0.23664	0.07337	0.00618	0.00172	0.00319	0.00671	0.00433	0.00545
35	0.05412	0.00790	0.00914	0.00840	0.02310	0.00852	0.02510	0.04975	0.37321	0.10024	0.03933	0.13270	0.04237	0.07265	0.00615	0.00176	0.00362	0.03177	0.00425	0.00592
36	0.01025	0.00979	0.01668	0.27867	0.57008	0.01041	0.01332	0.01301	0.00980	0.01362	0.00827	0.01134	0.00674	0.00414	0.00444	0.00138	0.00552	0.00398	0.00214	0.00642
37	0.01199	0.67054	0.09868	0.00887	0.01287	0.07989	0.03896	0.01385	0.00946	0.01105	0.00655	0.00765	0.00578	0.00393	0.00319	0.00104	0.00532	0.00263	0.00196	0.00579
38	0.00595	0.00456	0.00554	0.00588	0.00696	0.00414	0.00454	0.00742	0.01043	0.01345	0.19503	0.18878	0.33841	0.01160	0.00556	0.00167	0.00270	0.17917	0.00430	0.00392
39	0.01033	0.00835	0.00968	0.00711	0.01088	0.00689	0.00571	0.10731	0.01072	0.03531	0.00890	0.02269	0.00734	0.00465	0.02716	0.00097	0.00376	0.00308	0.00296	0.70620
40	0.13555	0.02988	0.02691	0.02891	0.08511	0.25866	0.04479	0.08944	0.01202	0.15996	0.02616	0.03934	0.02122	0.00529	0.00420	0.00133	0.00550	0.01652	0.00329	0.00594
41	0.01002	0.00987	0.01430	0.14711	0.24895	0.04636	0.01090	0.01216	0.03151	0.01225	0.00833	0.04937	0.00766	0.00672	0.02305	0.00174	0.34759	0.00436	0.00224	0.00555
42	0.00547	0.00397	0.00518	0.00612	0.00651	0.00368	0.00415	0.00631	0.00874	0.01152	0.02642	0.75463	0.09703	0.01375	0.00568	0.00180	0.00260	0.02864	0.00415	0.00366
43	0.01777	0.00841	0.02788	0.00869	0.03769	0.00761	0.00697	0.12537	0.02623	0.57534	0.03266	0.01488	0.01108	0.00549	0.00440	0.00135	0.00389	0.00445	0.07261	0.00722
44	0.01009	0.14284	0.60176	0.01292	0.08005	0.01131	0.01454	0.01437	0.00961	0.05105	0.00824	0.00951	0.00604	0.00423	0.00407	0.00134	0.00611	0.00328	0.00209	0.00657
45	0.01102	0.00952	0.00997	0.00900	0.01136	0.03364	0.00701	0.05401	0.66261	0.01799	0.01714	0.01710	0.01326	0.02001	0.06900	0.00199	0.00441	0.02001	0.00428	0.00669
46	0.03408	0.01245	0.01329	0.01020	0.01377	0.01380	0.00843	0.78430	0.02076	0.02803	0.01065	0.01067	0.00755	0.00535	0.00444	0.00134	0.00489	0.00400	0.00444	0.00755
47	0.85271	0.00854	0.00651	0.00584	0.00856	0.00989	0.00480	0.01308	0.00766	0.01998	0.00644	0.00750	0.00501	0.00418	0.00278	0.00138	0.00343	0.00247	0.02441	0.00483
48	0.01107	0.01063	0.01816	0.02746	0.81489	0.01063	0.01373	0.01373	0.01019	0.01461	0.00841	0.01107	0.00709	0.00399	0.00443	0.00133	0.00531	0.00399	0.00221	0.00709
49	0.00651	0.00434	0.00488	0.00488	0.00488	0.00434	0.00271	0.00651	0.00651	0.00867	0.01409	0.02927	0.01626	0.84279	0.02277	0.00434	0.00434	0.00651	0.00271	0.00271
50	0.05954	0.01350	0.01333	0.03164	0.14355	0.27914	0.05256	0.11028	0.04586	0.16380	0.02088	0.01132	0.00811	0.00483	0.00427	0.00130	0.00576	0.00381	0.02021	0.00630
51	0.00749	0.00517	0.00637	0.00588	0.00730	0.00485	0.00447	0.01024	0.07438	0.07294	0.56880	0.03242	0.16446	0.00901	0.00517	0.00143	0.00237	0.00782	0.00481	0.00461
52	0.00553	0.00396	0.00520	0.00614	0.00646	0.00370	0.00412	0.00633	0.00864	0.01149	0.04051	0.75921	0.05168	0.04565	0.00635	0.00190	0.00266	0.02274	0.00411	0.00362
53	0.10068	0.00962	0.01389	0.30781	0.28189	0.04612	0.01106	0.03355	0.01006	0.10608	0.00900	0.01128	0.00683	0.00453	0.00456	0.00141	0.02915	0.00383	0.00262	0.00603
54	0.01154	0.67221	0.02212	0.00882	0.01247	0.03634	0.08639	0.01341	0.02365	0.01108	0.00772	0.00899	0.02096	0.00540	0.04145	0.00133	0.00541	0.00298	0.00207	0.00566
55	0.00543	0.00396	0.00512	0.00605	0.00644	0.00365	0.00407	0.00625	0.00874	0.01149	0.02687	0.75463	0.11340	0.01373	0.00566	0.00178	0.00256	0.01237	0.00415	0.00365
56	0.00586	0.00454	0.00542	0.00583	0.00692	0.00410	0.00449	0.00723	0.01014	0.01287	0.12048	0.21290	0.38886	0.01189	0.00557	0.00168	0.00273	0.18040	0.00423	0.00387
57	0.03419	0.11236	0.06825	0.03736	0.01385	0.44947	0.00878	0.05162	0.07365	0.05722	0.00938	0.01015	0.02427	0.00491	0.00428	0.00124	0.02727	0.00336	0.00271	0.00568
58	0.00665	0.00510	0.00670	0.00649	0.00762	0.00482	0.03948	0.04468	0.02718	0.01468	0.25718	0.34302	0.16951	0.01080	0.00532	0.00158	0.00272	0.00961	0.03264	0.00421
59	0.00571	0.00440	0.00528	0.00547	0.00649	0.00397	0.00400	0.00706	0.01032	0.01348	0.24995	0.24299	0.34698	0.01247	0.04354	0.00184	0.00280	0.02512	0.00428	0.00388
60	0.00921	0.09788	0.05767	0.07628	0.01669	0.00955	0.33131	0.01203	0.02414	0.03335	0.05204	0.04889	0.16988	0.01990	0.00535	0.00150	0.02018	0.00597	0.00287	0.00532
61	0.05215	0.15363	0.26690	0.01114	0.04818	0.07497	0.04335	0.09599	0.09139	0.06954	0.01027	0.04537	0.00813	0.00497	0.00412	0.00134	0.00542	0.00392	0.00287	0.00636
62	0.02896	0.02357	0.02523	0.00899	0.07205	0.11340	0.00651	0.05714	0.02288	0.01292	0.01737	0.04311	0.15763	0.01756	0.32839	0.00365	0.00744	0.00536	0.04313	0.00472

[dist]
# distance from previous block
# <min> <max>
1	50

[block]
# block no. 3 follows, 58 sequences, length 24
# corresponding to MSA columns:
# 366-389
name=unknown_D
#
# <colnr> <probs for GDERKNQSTAVLIFYWHMCP>
#	G	D	E	R	K	N	Q	S	T	A	V	L	I	F	Y	W	H	M	C	P
0	0.01230	0.01248	0.01036	0.00932	0.01138	0.26679	0.00714	0.05847	0.30432	0.02811	0.01578	0.01724	0.08397	0.06911	0.00647	0.00164	0.05562	0.02029	0.00351	0.00570
1	0.00946	0.14909	0.08883	0.00812	0.01032	0.14390	0.00718	0.01135	0.01084	0.01368	0.28472	0.02137	0.12308	0.00719	0.00555	0.00136	0.09023	0.00557	0.00329	0.00487
2	0.32461	0.00764	0.00745	0.00671	0.00906	0.00827	0.00529	0.01509	0.21675	0.10159	0.05796	0.06038	0.14894	0.00677	0.00412	0.00146	0.00320	0.00533	0.00394	0.00544
3	0.01013	0.00536	0.00690	0.00624	0.00796	0.00474	0.00477	0.01170	0.01151	0.25708	0.28906	0.17694	0.17095	0.00934	0.00512	0.00149	0.00274	0.00810	0.00483	0.00506
4	0.00588	0.00449	0.00537	0.00529	0.00640	0.00401	0.00389	0.00747	0.01125	0.01503	0.44752	0.11695	0.30994	0.02949	0.00572	0.00155	0.00226	0.00899	0.00453	0.00397
5	0.00724	0.00505	0.00626	0.00636	0.00750	0.00485	0.00494	0.05390	0.01114	0.03061	0.24105	0.18525	0.14642	0.02614	0.00567	0.00167	0.00291	0.18283	0.06596	0.00425
6	0.01295	0.01092	0.01059	0.08495	0.07622	0.18493	0.00753	0.20023	0.01324	0.06071	0.05358	0.01334	0.01008	0.00518	0.00406	0.00124	0.00476	0.00405	0.23574	0.00570
7	0.01234	0.01383	0.01335	0.38972	0.03314	0.34522	0.03251	0.03728	0.05688	0.01225	0.00823	0.01057	0.00641	0.00462	0.00432	0.00135	0.00669	0.00363	0.00235	0.00531
8	0.01345	0.08879	0.01256	0.00994	0.07072	0.18565	0.00741	0.11912	0.01201	0.10699	0.00943	0.02718	0.00751	0.00444	0.00385	0.00104	0.00488	0.00338	0.00308	0.30858
9	0.46331	0.02609	0.00907	0.02540	0.09359	0.05607	0.00631	0.02997	0.00937	0.04644	0.08520	0.03071	0.00981	0.00487	0.00351	0.00130	0.00388	0.00356	0.00302	0.08851
10	0.01033	0.01027	0.01553	0.39600	0.38908	0.07678	0.01271	0.01301	0.00982	0.01285	0.00808	0.01122	0.00646	0.00426	0.00442	0.00139	0.00584	0.00389	0.00212	0.00596
11	0.00965	0.00818	0.05430	0.00788	0.00991	0.00813	0.00631	0.01682	0.41011	0.05871	0.06859	0.13778	0.01720	0.07738	0.02963	0.00191	0.00371	0.00629	0.06177	0.00575
12	0.00740	0.00541	0.00679	0.00691	0.00766	0.00563	0.00533	0.04948	0.00943	0.01251	0.07200	0.05601	0.06941	0.30568	0.01233	0.00274	0.05183	0.30607	0.00357	0.00382
13	0.01210	0.82110	0.02312	0.00777	0.01155	0.04158	0.00768	0.01353	0.00920	0.01054	0.00624	0.00720	0.00574	0.00385	0.00290	0.00096	0.00488	0.00241	0.00193	0.00572
14	0.00558	0.00401	0.00527	0.00622	0.00657	0.00375	0.00424	0.00642	0.00866	0.01146	0.02508	0.72943	0.06233	0.04540	0.00637	0.00191	0.00274	0.05684	0.00410	0.00363
15	0.00639	0.00461	0.00563	0.00584	0.00683	0.00426	0.00420	0.00817	0.04590	0.04080	0.23824	0.36605	0.22358	0.01142	0.00540	0.00160	0.00247	0.01007	0.00442	0.00411
16	0.00963	0.20398	0.64453	0.01163	0.01763	0.01200	0.01458	0.01400	0.00937	0.01337	0.00763	0.00895	0.00568	0.00416	0.00395	0.00132	0.00621	0.00310	0.00189	0.00642
17	0.07629	0.00797	0.01031	0.00796	0.01138	0.00723	0.00657	0.06646	0.01294	0.71941	0.01649	0.01444	0.01046	0.00544	0.00438	0.00138	0.00385	0.00433	0.00529	0.00743
18	0.00568	0.00405	0.00530	0.00616	0.00650	0.00381	0.00418	0.00653	0.00870	0.01158	0.05785	0.66767	0.04882	0.08706	0.00722	0.00203	0.00281	0.05639	0.00406	0.00361
19	0.00577	0.00397	0.00502	0.00586	0.00631	0.00371	0.00398	0.00673	0.00878	0.01208	0.02502	0.68576	0.08537	0.01280	0.00538	0.00170	0.00251	0.01149	0.10406	0.00371
20	0.00621	0.00476	0.00635	0.00688	0.00766	0.00460	0.02742	0.00808	0.06172	0.01231	0.02577	0.55416	0.11399	0.01294	0.01681	0.00186	0.00310	0.11727	0.00410	0.00402
21	0.69827	0.00868	0.00728	0.00637	0.00908	0.00987	0.00520	0.09400	0.00939	0.03595	0.04960	0.03391	0.00794	0.00486	0.00320	0.00139	0.00352	0.00323	0.00315	0.00511
22	0.01110	0.01017	0.00951	0.00903	0.04392	0.21713	0.02431	0.02156	0.00981	0.04027	0.01090	0.02751	0.00937	0.06247	0.05407	0.00184	0.13601	0.00416	0.29212	0.00475
23	0.01257	0.01147	0.01525	0.12266	0.40480	0.09388	0.01132	0.14794	0.05486	0.04342	0.00942	0.01121	0.00737	0.00449	0.00438	0.00133	0.00541	0.00392	0.00283	0.03148

[dist]
# distance from previous block
# <min> <max>
0	6

[block]
# block no. 4 follows, 58 sequences, length 17
# corresponding to MSA columns:
# 396-412
name=unknown_E
#
# <colnr> <probs for GDERKNQSTAVLIFYWHMCP>
#	G	D	E	R	K	N	Q	S	T	A	V	L	I	F	Y	W	H	M	C	P
0	0.00776	0.00584	0.00828	0.04818	0.16826	0.00573	0.00621	0.00996	0.01115	0.01640	0.40072	0.02478	0.06605	0.00715	0.00460	0.00132	0.00293	0.00629	0.19359	0.00479
1	0.05454	0.01634	0.01107	0.00998	0.01220	0.52027	0.00759	0.05669	0.10414	0.01369	0.04233	0.01277	0.06124	0.00550	0.00438	0.00126	0.02371	0.00387	0.03309	0.00534
2	0.00561	0.00450	0.00503	0.00502	0.00627	0.00397	0.00371	0.00691	0.01033	0.01307	0.20254	0.09272	0.53125	0.03963	0.04766	0.00189	0.00282	0.00904	0.00418	0.00384
3	0.01036	0.01009	0.01630	0.12565	0.55182	0.04236	0.05081	0.01296	0.01036	0.01426	0.07763	0.01397	0.03420	0.00472	0.00456	0.00136	0.00525	0.00452	0.00248	0.00635
4	0.00865	0.00816	0.01379	0.76854	0.09269	0.00999	0.01253	0.01161	0.00904	0.01168	0.00799	0.01186	0.00605	0.00443	0.00447	0.00148	0.00591	0.00398	0.00201	0.00514
5	0.00673	0.00529	0.00784	0.00765	0.00837	0.00641	0.00601	0.00827	0.00716	0.01042	0.01137	0.01679	0.01065	0.03096	0.74356	0.00666	0.09471	0.00470	0.00235	0.00408
6	0.01096	0.24134	0.03515	0.04406	0.01153	0.01133	0.00728	0.14267	0.07420	0.04829	0.19480	0.01748	0.06457	0.00635	0.00507	0.00133	0.06950	0.00490	0.00352	0.00568
7	0.81748	0.00921	0.00700	0.00622	0.00900	0.03858	0.00509	0.03809	0.00821	0.02001	0.00639	0.00740	0.00496	0.00421	0.00287	0.00137	0.00367	0.00249	0.00281	0.00494
8	0.01283	0.03933	0.01445	0.03646	0.01474	0.26141	0.15325	0.05613	0.14252	0.05163	0.01242	0.01331	0.06180	0.00538	0.00520	0.00136	0.06681	0.00434	0.00302	0.04360
9	0.02554	0.01171	0.01324	0.03995	0.22255	0.12461	0.00940	0.24554	0.10739	0.01812	0.01057	0.02123	0.00844	0.00746	0.07375	0.00184	0.02480	0.00412	0.02329	0.00646
10	0.00597	0.00468	0.00550	0.00539	0.00670	0.00406	0.00396	0.00741	0.01058	0.01401	0.28279	0.19945	0.34422	0.01055	0.00521	0.00147	0.00237	0.00914	0.00428	0.07226
11	0.00993	0.01000	0.04317	0.20161	0.50838	0.00994	0.05419	0.01266	0.00983	0.01364	0.01030	0.05389	0.03303	0.00482	0.00457	0.00141	0.00539	0.00464	0.00231	0.00627
12	0.01171	0.14805	0.07695	0.12482	0.14869	0.01215	0.02761	0.18224	0.15111	0.01708	0.02802	0.01266	0.02968	0.00500	0.00426	0.00134	0.00493	0.00412	0.00311	0.00648
13	0.01167	0.07044	0.20474	0.01628	0.27255	0.07920	0.03587	0.09186	0.05191	0.04188	0.01031	0.01370	0.00853	0.00504	0.00443	0.00139	0.00561	0.06536	0.00273	0.00653
14	0.01387	0.01318	0.01590	0.01267	0.03358	0.17974	0.21845	0.26627	0.05119	0.04261	0.01065	0.05793	0.00858	0.00518	0.00461	0.00135	0.00597	0.00461	0.00331	0.05037
15	0.05750	0.00960	0.01474	0.12903	0.42547	0.01011	0.01114	0.06769	0.02896	0.11678	0.01016	0.03378	0.00811	0.00521	0.01535	0.00148	0.04123	0.00423	0.00288	0.00656
16	0.02998	0.01059	0.01404	0.04618	0.32611	0.08054	0.03377	0.10929	0.01169	0.06550	0.06259	0.01253	0.00959	0.01939	0.00486	0.00131	0.02451	0.00406	0.00295	0.13054

[dist]
# distance from previous block
# <min> <max>
1	54

[block]
# block no. 5 follows, 58 sequences, length 14
# corresponding to MSA columns:
# 468-481
name=unknown_F
#
# <colnr> <probs for GDERKNQSTAVLIFYWHMCP>
#	G	D	E	R	K	N	Q	S	T	A	V	L	I	F	Y	W	H	M	C	P
0	0.00965	0.05155	0.01080	0.00959	0.07250	0.03056	0.02919	0.07826	0.04433	0.02883	0.02345	0.07207	0.01162	0.18381	0.08214	0.00252	0.13265	0.00508	0.02818	0.09323
1	0.01365	0.05048	0.01315	0.01029	0.03265	0.11709	0.07236	0.25114	0.02698	0.10553	0.07064	0.05957	0.01131	0.00574	0.00494	0.00131	0.04725	0.00462	0.00364	0.09766
2	0.00951	0.00647	0.00716	0.02498	0.00859	0.00690	0.00509	0.10119	0.18644	0.03666	0.05514	0.14092	0.03958	0.04648	0.00513	0.00150	0.00304	0.00608	0.30398	0.00514
3	0.01138	0.01083	0.01104	0.00991	0.02917	0.12403	0.05092	0.05146	0.49340	0.01701	0.05476	0.01746	0.06706	0.00679	0.02320	0.00158	0.00453	0.00513	0.00400	0.00635
4	0.00663	0.00439	0.00489	0.00483	0.00593	0.00405	0.00355	0.00827	0.01039	0.01504	0.25689	0.06817	0.25681	0.05182	0.00552	0.00149	0.00229	0.00738	0.27769	0.00397
5	0.00959	0.00950	0.01333	0.01149	0.01153	0.01324	0.00955	0.01061	0.00687	0.01074	0.00622	0.01023	0.00617	0.00929	0.06061	0.00225	0.78798	0.00396	0.00198	0.00484
6	0.00555	0.00406	0.00524	0.00609	0.00657	0.00375	0.00421	0.00650	0.00903	0.01190	0.06415	0.66922	0.12447	0.01338	0.00566	0.00177	0.00260	0.04795	0.00419	0.00370
7	0.00581	0.00428	0.00494	0.00522	0.00584	0.00395	0.00345	0.00654	0.00869	0.01119	0.08404	0.27076	0.26827	0.28386	0.01113	0.00252	0.00303	0.00934	0.00374	0.00342
8	0.01032	0.00825	0.00953	0.00693	0.01076	0.00667	0.00557	0.08561	0.01050	0.04200	0.00875	0.00985	0.00702	0.00364	0.00345	0.00076	0.00344	0.00289	0.03131	0.73275
9	0.04834	0.01082	0.01282	0.01004	0.01287	0.01203	0.05736	0.49670	0.01624	0.06686	0.01070	0.01245	0.00825	0.06785	0.00692	0.00164	0.09830	0.00425	0.03899	0.00659
10	0.01193	0.51040	0.08089	0.01020	0.07270	0.05132	0.02880	0.03619	0.09957	0.03037	0.00871	0.02562	0.00739	0.00444	0.00353	0.00114	0.00498	0.00327	0.00245	0.00609
11	0.40595	0.09178	0.04744	0.00812	0.03088	0.06667	0.03000	0.02518	0.02048	0.06900	0.00924	0.02558	0.00790	0.03474	0.04280	0.00172	0.00471	0.04160	0.00288	0.03331
12	0.02049	0.06372	0.08628	0.01307	0.20363	0.02577	0.04955	0.04496	0.04055	0.09015	0.06280	0.12061	0.05390	0.02960	0.01717	0.04629	0.00460	0.01799	0.00321	0.00566
13	0.00969	0.17139	0.07743	0.02882	0.05978	0.09015	0.03070	0.04223	0.04645	0.01358	0.09960	0.11354	0.09490	0.02499	0.00488	0.00143	0.00447	0.04985	0.00316	0.03295

[dist]
# distance from previous block
# <min> <max>
4	13

[block]
# block no. 6 follows, 58 sequences, length 17
# corresponding to MSA columns:
# 496-512
name=unknown_G
#
# <colnr> <probs for GDERKNQSTAVLIFYWHMCP>
#	G	D	E	R	K	N	Q	S	T	A	V	L	I	F	Y	W	H	M	C	P
0	0.07352	0.10464	0.09295	0.04010	0.06434	0.00833	0.00727	0.05063	0.02428	0.08886	0.02653	0.14068	0.11651	0.04369	0.00513	0.00147	0.00398	0.00573	0.00329	0.09806
1	0.02818	0.07154	0.09487	0.01318	0.16055	0.12756	0.03616	0.10787	0.10329	0.07336	0.01016	0.02242	0.00794	0.00477	0.00445	0.00127	0.02787	0.00381	0.00302	0.09773
2	0.04869	0.04028	0.02175	0.05011	0.05629	0.19969	0.00709	0.04593	0.11913	0.04740	0.11906	0.03638	0.16657	0.00687	0.00465	0.00138	0.01439	0.00550	0.00353	0.00533
3	0.00998	0.01031	0.03495	0.23693	0.24583	0.05560	0.12803	0.01275	0.02252	0.01310	0.03057	0.01275	0.01860	0.02565	0.02117	0.00160	0.06878	0.00431	0.00231	0.04428
4	0.00634	0.00445	0.00528	0.00545	0.00589	0.00430	0.00363	0.00703	0.00827	0.01094	0.11243	0.10525	0.11048	0.47962	0.01527	0.00318	0.00367	0.10183	0.00343	0.00326
5	0.04605	0.52605	0.01959	0.01017	0.07959	0.16024	0.00831	0.08078	0.01077	0.01280	0.00691	0.00797	0.00598	0.00412	0.00334	0.00107	0.00537	0.00275	0.00226	0.00588
6	0.00725	0.00467	0.00598	0.00626	0.00711	0.00442	0.00467	0.00855	0.00971	0.06567	0.15325	0.23974	0.08379	0.15527	0.00848	0.00216	0.00320	0.18589	0.03996	0.00398
7	0.00599	0.00425	0.00522	0.00559	0.00634	0.00393	0.00396	0.00726	0.00985	0.01347	0.21792	0.36786	0.16810	0.05648	0.00625	0.00174	0.00251	0.03211	0.07735	0.00381
8	0.00558	0.00444	0.00477	0.00485	0.00596	0.00389	0.00344	0.00658	0.00967	0.01198	0.10207	0.12033	0.54694	0.14008	0.00803	0.00197	0.00261	0.00920	0.00399	0.00363
9	0.01042	0.00589	0.00704	0.00629	0.00807	0.00563	0.00483	0.06961	0.04594	0.16554	0.15241	0.16500	0.03261	0.00755	0.00441	0.00133	0.00284	0.00644	0.24461	0.05353
10	0.00609	0.00426	0.00519	0.00552	0.00587	0.00408	0.00359	0.00676	0.00835	0.01117	0.12473	0.29856	0.07306	0.37959	0.01319	0.00287	0.00334	0.03683	0.00362	0.00333
11	0.01175	0.78783	0.07926	0.00801	0.01203	0.01719	0.00828	0.01345	0.00911	0.01078	0.00635	0.00733	0.00574	0.00386	0.00297	0.00099	0.00491	0.00246	0.00191	0.00580
12	0.15985	0.00782	0.00761	0.00652	0.00905	0.04740	0.00508	0.06305	0.06175	0.01567	0.01940	0.09516	0.20808	0.00686	0.00412	0.00124	0.00334	0.00552	0.02701	0.24547
13	0.01305	0.01183	0.06809	0.00982	0.01276	0.05365	0.00828	0.32273	0.30030	0.02058	0.01302	0.01346	0.00991	0.02133	0.07059	0.00194	0.03358	0.00438	0.00393	0.00676
14	0.00724	0.00493	0.00589	0.00557	0.00671	0.00485	0.00415	0.01020	0.08414	0.01725	0.51662	0.02784	0.03124	0.05036	0.00561	0.00148	0.00235	0.00683	0.20235	0.00439
15	0.01278	0.55192	0.01899	0.00842	0.01164	0.16981	0.00757	0.05718	0.01047	0.03036	0.00843	0.07821	0.00799	0.00496	0.00346	0.00110	0.00521	0.00350	0.00240	0.00560
16	0.01045	0.00946	0.00954	0.00896	0.03203	0.07814	0.00666	0.03694	0.47437	0.01641	0.01824	0.13878	0.05388	0.00708	0.00461	0.00145	0.00378	0.00597	0.00406	0.07920

[dist]
# distance from previous block
# <min> <max>
0	9

[block]
# block no. 7 follows, 58 sequences, length 8
# corresponding to MSA columns:
# 522-529
name=unknown_H
#
# <colnr> <probs for GDERKNQSTAVLIFYWHMCP>
#	G	D	E	R	K	N	Q	S	T	A	V	L	I	F	Y	W	H	M	C	P
0	0.01112	0.15979	0.19057	0.01047	0.05053	0.03190	0.06555	0.06693	0.03173	0.05967	0.00920	0.03266	0.00740	0.00434	0.00389	0.00112	0.00493	0.00354	0.00267	0.25195
1	0.04839	0.06017	0.05221	0.00894	0.04669	0.03121	0.03738	0.08033	0.03001	0.04717	0.03311	0.01858	0.01168	0.33420	0.03451	0.00274	0.11016	0.00497	0.00285	0.00470
2	0.00591	0.00455	0.00532	0.00541	0.00643	0.00422	0.00398	0.00709	0.00953	0.01221	0.13898	0.08324	0.38324	0.15147	0.09264	0.00261	0.00376	0.07187	0.00384	0.00370
3	0.01146	0.06185	0.04634	0.05025	0.09913	0.05598	0.32539	0.10332	0.01159	0.05655	0.01217	0.07335	0.04057	0.00542	0.00483	0.00144	0.00593	0.02555	0.00289	0.00600
4	0.08114	0.01014	0.02375	0.12937	0.21845	0.08113	0.05981	0.05897	0.03226	0.03873	0.04676	0.02769	0.00943	0.02460	0.07411	0.00194	0.04360	0.00431	0.00272	0.03109
5	0.00604	0.00439	0.00527	0.00565	0.00662	0.00393	0.00411	0.00708	0.00967	0.03341	0.08987	0.34518	0.35323	0.01226	0.00593	0.03281	0.00261	0.06395	0.00416	0.00381
6	0.00757	0.00703	0.03599	0.27038	0.11696	0.00719	0.00851	0.01017	0.05503	0.01259	0.04439	0.33597	0.05299	0.00867	0.00501	0.00159	0.00416	0.00780	0.00320	0.00481
7	0.01143	0.08685	0.01439	0.13382	0.11074	0.06164	0.08447	0.12385	0.12955	0.04096	0.02699	0.04452	0.04990	0.03073	0.00533	0.00149	0.02938	0.00481	0.00315	0.00598

[dist]
# distance from previous block
# <min> <max>
0	82

[block]
# block no. 8 follows, 58 sequences, length 25
# corresponding to MSA columns:
# 613-637
name=unknown_I
#
# <colnr> <probs for GDERKNQSTAVLIFYWHMCP>
#	G	D	E	R	K	N	Q	S	T	A	V	L	I	F	Y	W	H	M	C	P
0	0.03450	0.05777	0.06995	0.09933	0.15239	0.06374	0.08853	0.14857	0.04776	0.06055	0.05253	0.01241	0.00926	0.00478	0.00431	0.00132	0.00517	0.00412	0.03943	0.04357
1	0.01034	0.04837	0.10013	0.09075	0.19200	0.02893	0.05451	0.02750	0.04557	0.06016	0.02772	0.03180	0.03137	0.03969	0.02129	0.00149	0.00497	0.00428	0.01937	0.15977
2	0.06136	0.00737	0.00899	0.00730	0.01012	0.00702	0.00590	0.04285	0.11158	0.45497	0.06226	0.01633	0.02468	0.00570	0.00424	0.00133	0.00341	0.00462	0.12700	0.03297
3	0.01015	0.00759	0.00975	0.02340	0.07068	0.00641	0.02165	0.04118	0.01074	0.10517	0.12084	0.01662	0.08706	0.00525	0.00408	0.00103	0.00345	0.00445	0.00343	0.44707
4	0.00701	0.00529	0.00595	0.00577	0.00719	0.00501	0.00434	0.00977	0.11193	0.04590	0.18326	0.08230	0.39166	0.06834	0.00645	0.00173	0.00272	0.04674	0.00430	0.00437
5	0.00571	0.00451	0.00507	0.00503	0.00625	0.00396	0.00372	0.00708	0.01067	0.01367	0.27618	0.07949	0.48179	0.05592	0.00627	0.00166	0.00238	0.02247	0.00431	0.00385
6	0.00866	0.00817	0.01380	0.76748	0.09372	0.00999	0.01253	0.01161	0.00904	0.01168	0.00799	0.01186	0.00605	0.00443	0.00447	0.00148	0.00591	0.00398	0.00201	0.00514
7	0.00552	0.00397	0.00525	0.00620	0.00655	0.00370	0.00420	0.00639	0.00881	0.01172	0.05334	0.76168	0.05906	0.01370	0.00569	0.00180	0.00260	0.03197	0.00418	0.00367
8	0.00787	0.00564	0.00651	0.00601	0.00766	0.00540	0.00460	0.01135	0.14335	0.08091	0.34730	0.03255	0.30541	0.00911	0.00510	0.00146	0.00254	0.00777	0.00464	0.00481
9	0.01078	0.00829	0.00954	0.00740	0.01080	0.00742	0.00589	0.05186	0.18695	0.08459	0.06210	0.01302	0.01086	0.00458	0.00387	0.00099	0.00340	0.00375	0.00355	0.51038
10	0.00682	0.00546	0.00606	0.00593	0.00741	0.00525	0.00456	0.05355	0.07946	0.01382	0.08191	0.08198	0.46194	0.03910	0.04952	0.00196	0.00330	0.08354	0.00411	0.00431
11	0.01365	0.03220	0.01278	0.08067	0.12347	0.51522	0.00910	0.01517	0.01128	0.01147	0.00875	0.06512	0.00796	0.00728	0.06526	0.00169	0.00738	0.00391	0.00239	0.00525
12	0.01460	0.01114	0.01192	0.00971	0.01284	0.01248	0.00784	0.44611	0.35449	0.04874	0.01413	0.01341	0.01028	0.00567	0.00451	0.00142	0.00430	0.00448	0.00454	0.00738
13	0.00643	0.00470	0.00530	0.00506	0.00649	0.00408	0.00380	0.00787	0.01098	0.05671	0.27959	0.03818	0.50841	0.03553	0.00577	0.00156	0.00236	0.00867	0.00442	0.00409
14	0.01023	0.36916	0.48460	0.01061	0.01605	0.01347	0.01279	0.01384	0.00929	0.01263	0.00727	0.00849	0.00570	0.00407	0.00367	0.00122	0.00584	0.00292	0.00190	0.00624
15	0.01000	0.01017	0.01407	0.01196	0.01216	0.03526	0.03447	0.01107	0.00712	0.01088	0.00600	0.00981	0.00590	0.00762	0.01410	0.00192	0.78665	0.00393	0.00198	0.00494
16	0.03012	0.00451	0.00465	0.00454	0.00583	0.00428	0.00343	0.00950	0.00994	0.03675	0.09221	0.02526	0.23948	0.00725	0.00395	0.00122	0.00222	0.00596	0.50472	0.00417
17	0.01190	0.04160	0.22415	0.01340	0.15264	0.04746	0.06621	0.02917	0.05140	0.17365	0.01294	0.11252	0.01092	0.00593	0.00459	0.00144	0.00517	0.02529	0.00323	0.00637
18	0.00671	0.00522	0.00595	0.00656	0.00719	0.04778	0.00454	0.03202	0.00956	0.02669	0.06957	0.67252	0.06336	0.01269	0.00552	0.00172	0.00294	0.01136	0.00413	0.00395
19	0.00752	0.04137	0.00870	0.00835	0.05102	0.03716	0.00599	0.00881	0.00748	0.01035	0.01132	0.01803	0.01109	0.17618	0.51219	0.00550	0.06761	0.00483	0.00239	0.00410
20	0.00726	0.00505	0.00670	0.00646	0.00694	0.00562	0.00458	0.00807	0.00708	0.04360	0.01278	0.02239	0.01318	0.40873	0.35839	0.00524	0.06614	0.00552	0.00264	0.00361
21	0.21698	0.01177	0.10539	0.09363	0.10890	0.03147	0.07699	0.15842	0.01150	0.08628	0.00890	0.01030	0.00659	0.00469	0.00464	0.00142	0.04932	0.00367	0.00298	0.00618
22	0.04284	0.11979	0.06198	0.07004	0.34905	0.08738	0.10437	0.03335	0.01032	0.01402	0.00796	0.01011	0.00651	0.00404	0.00415	0.00126	0.00567	0.00365	0.00226	0.06126
23	0.00939	0.04536	0.03732	0.06011	0.12328	0.09229	0.07599	0.01189	0.06057	0.02539	0.03459	0.19416	0.03890	0.06124	0.03113	0.00188	0.04477	0.04360	0.00305	0.00508
24	0.04527	0.02504	0.03049	0.03018	0.11844	0.03210	0.00675	0.03317	0.04428	0.06146	0.08478	0.13239	0.10874	0.09250	0.09269	0.00237	0.02098	0.03005	0.00342	0.00491

[dist]
# distance from previous block
# <min> <max>
2	65

[block]
# block no. 9 follows, 58 sequences, length 42
# corresponding to MSA columns:
# 703-730,732-745
name=unknown_J
#
# <colnr> <probs for GDERKNQSTAVLIFYWHMCP>
#	G	D	E	R	K	N	Q	S	T	A	V	L	I	F	Y	W	H	M	C	P
0	0.03878	0.08090	0.02206	0.21919	0.09650	0.06811	0.00910	0.11880	0.06180	0.05181	0.03717	0.03203	0.00949	0.00517	0.00424	0.00131	0.00491	0.03227	0.00301	0.10335
1	0.01107	0.39154	0.27701	0.04009	0.04214	0.02907	0.01888	0.04174	0.01967	0.03982	0.00851	0.04649	0.00720	0.00461	0.00373	0.00122	0.00538	0.00347	0.00228	0.00608
