[name]
unknown

[dist]
# distance from previous block
# <min> <max>
0	26

[block]
# block no. 0 follows, 72 sequences, length 6
# corresponding to MSA columns:
# 26-31
name=unknown_A
#
# <colnr> <probs for GDERKNQSTAVLIFYWHMCP>
#	G	D	E	R	K	N	Q	S	T	A	V	L	I	F	Y	W	H	M	C	P
0	0.00855	0.03688	0.07649	0.03612	0.05759	0.02849	0.10279	0.07453	0.08916	0.05883	0.04595	0.12130	0.03335	0.05880	0.03048	0.00153	0.03007	0.04526	0.00282	0.06102
1	0.00597	0.02525	0.04513	0.00613	0.00731	0.02461	0.04946	0.02889	0.04468	0.01095	0.08505	0.37200	0.16382	0.07609	0.00566	0.00156	0.00291	0.03768	0.00324	0.00361
2	0.04889	0.03769	0.16001	0.06669	0.07024	0.04291	0.07256	0.10862	0.09406	0.05337	0.04036	0.07985	0.00923	0.03120	0.00421	0.00125	0.00420	0.00407	0.01534	0.05525
3	0.04672	0.06234	0.13305	0.02728	0.19476	0.00892	0.12030	0.12806	0.05093	0.08130	0.00987	0.06857	0.02475	0.00445	0.00378	0.00118	0.00437	0.00397	0.00260	0.02281
4	0.02382	0.00584	0.00758	0.03350	0.04814	0.04139	0.03858	0.04714	0.04517	0.09914	0.05881	0.29638	0.01538	0.05140	0.13127	0.00215	0.02604	0.00630	0.01785	0.00412
5	0.00712	0.00544	0.03436	0.00601	0.00706	0.00541	0.00467	0.09409	0.00812	0.06171	0.04403	0.13990	0.08889	0.18970	0.23628	0.00310	0.05193	0.00562	0.00283	0.00373

[dist]
# distance from previous block
# <min> <max>
0	3

[block]
# block no. 1 follows, 72 sequences, length 6
# corresponding to MSA columns:
# 35-40
name=unknown_B
#
# <colnr> <probs for GDERKNQSTAVLIFYWHMCP>
#	G	D	E	R	K	N	Q	S	T	A	V	L	I	F	Y	W	H	M	C	P
0	0.05456	0.14333	0.12780	0.02065	0.03387	0.11115	0.04079	0.11619	0.04717	0.13198	0.02971	0.02818	0.03686	0.00443	0.00370	0.00110	0.02409	0.00342	0.00272	0.03829
1	0.04620	0.05798	0.06100	0.08432	0.26102	0.04819	0.06267	0.15041	0.03402	0.06321	0.00884	0.06952	0.00741	0.00444	0.00394	0.00118	0.02391	0.00382	0.00252	0.00541
2	0.00793	0.00773	0.01004	0.00870	0.00931	0.05899	0.04288	0.00947	0.04962	0.00988	0.03182	0.01244	0.05552	0.04431	0.11429	0.00216	0.49021	0.00392	0.02674	0.00404
3	0.00809	0.00561	0.00720	0.08546	0.00921	0.00549	0.03896	0.04238	0.03318	0.05725	0.01081	0.07952	0.00910	0.00465	0.00356	0.00098	0.03535	0.00386	0.34453	0.21481
4	0.06266	0.00795	0.01195	0.10352	0.39210	0.00829	0.03710	0.05259	0.07865	0.01319	0.03577	0.01167	0.04945	0.00418	0.00393	0.00114	0.02908	0.00369	0.03119	0.06188
5	0.00915	0.05324	0.00984	0.05492	0.01085	0.05715	0.04444	0.06543	0.21421	0.01344	0.00919	0.00991	0.00723	0.00385	0.00356	0.00094	0.02878	0.00309	0.04673	0.35404

[dist]
# distance from previous block
# <min> <max>
1	4

[block]
# block no. 2 follows, 72 sequences, length 34
# corresponding to MSA columns:
# 45-78
name=unknown_C
#
# <colnr> <probs for GDERKNQSTAVLIFYWHMCP>
#	G	D	E	R	K	N	Q	S	T	A	V	L	I	F	Y	W	H	M	C	P
0	0.06032	0.02815	0.08119	0.04204	0.00912	0.02546	0.04686	0.01669	0.02734	0.01958	0.10705	0.09766	0.12797	0.09864	0.06815	0.00188	0.09582	0.00523	0.00265	0.03821
1	0.05572	0.00960	0.05129	0.05184	0.22723	0.09026	0.05730	0.03747	0.21002	0.03973	0.07268	0.01163	0.00937	0.00448	0.00428	0.00121	0.05412	0.00375	0.00268	0.00533
2	0.00542	0.00387	0.00505	0.00505	0.00544	0.00416	0.00349	0.00611	0.00595	0.00819	0.01248	0.02071	0.05486	0.42312	0.41467	0.00470	0.00667	0.00495	0.00224	0.00286
3	0.03466	0.00771	0.00913	0.05178	0.01061	0.02347	0.04253	0.16139	0.29574	0.13455	0.15429	0.01523	0.03149	0.00529	0.00393	0.00122	0.00334	0.00445	0.00374	0.00546
4	0.00542	0.00406	0.00610	0.00610	0.00677	0.00474	0.00474	0.00677	0.00610	0.00880	0.01016	0.01490	0.00948	0.02844	0.85169	0.00610	0.01016	0.00406	0.00203	0.00339
5	0.89350	0.00733	0.00557	0.00499	0.00733	0.00851	0.00411	0.01115	0.00645	0.01702	0.00528	0.00616	0.00411	0.00352	0.00235	0.00117	0.00293	0.00205	0.00235	0.00411
6	0.00943	0.00815	0.00858	0.00772	0.00986	0.00943	0.00600	0.02015	0.83621	0.01586	0.01544	0.01415	0.01158	0.00515	0.00386	0.00129	0.00300	0.00429	0.00386	0.00600
7	0.01670	0.00696	0.00912	0.00699	0.00994	0.00633	0.00577	0.11764	0.01171	0.74532	0.01425	0.01244	0.00903	0.00468	0.00381	0.00117	0.00334	0.00377	0.00458	0.00645
8	0.89350	0.00733	0.00557	0.00499	0.00733	0.00851	0.00411	0.01115	0.00645	0.01702	0.00528	0.00616	0.00411	0.00352	0.00235	0.00117	0.00293	0.00205	0.00235	0.00411
9	0.00552	0.00368	0.00414	0.00414	0.00414	0.00368	0.00230	0.00552	0.00552	0.00735	0.01195	0.02482	0.01379	0.86672	0.01930	0.00368	0.00368	0.00552	0.00230	0.00230
10	0.00716	0.00674	0.01138	0.85760	0.02612	0.00843	0.01053	0.00969	0.00758	0.00969	0.00674	0.01011	0.00506	0.00379	0.00379	0.00126	0.00506	0.00337	0.00169	0.00421
11	0.03186	0.10708	0.00855	0.00692	0.00850	0.00706	0.00587	0.09435	0.09746	0.05057	0.01491	0.07028	0.01477	0.01029	0.10896	0.00201	0.00430	0.34873	0.00319	0.00434
12	0.04373	0.07980	0.01256	0.03850	0.32549	0.14613	0.00860	0.01101	0.00817	0.01090	0.01695	0.05864	0.02656	0.00476	0.00526	0.00120	0.16758	0.00360	0.00201	0.02855
13	0.04983	0.00876	0.00936	0.00745	0.01016	0.12973	0.00605	0.12171	0.01144	0.56572	0.01226	0.01116	0.00804	0.00456	0.00391	0.00115	0.02519	0.00348	0.00401	0.00601
14	0.01139	0.15024	0.14067	0.06428	0.08403	0.06936	0.00847	0.25189	0.08566	0.07442	0.01875	0.00934	0.00673	0.00410	0.00353	0.00111	0.00444	0.00317	0.00275	0.00566
15	0.02670	0.08756	0.00992	0.02158	0.25878	0.03688	0.00663	0.01910	0.05973	0.01219	0.16008	0.13951	0.10662	0.00670	0.02023	0.00129	0.00340	0.00546	0.01313	0.00454
16	0.00462	0.00330	0.00440	0.00528	0.00550	0.00308	0.00352	0.00528	0.00726	0.00968	0.02090	0.86424	0.02508	0.01188	0.00484	0.00154	0.00220	0.01078	0.00352	0.00308
17	0.04492	0.75241	0.01823	0.00644	0.00963	0.02660	0.00628	0.01152	0.00780	0.03370	0.00564	0.00639	0.00501	0.00328	0.00250	0.00083	0.00396	0.00210	0.00178	0.05098
18	0.00894	0.00712	0.00797	0.00684	0.00884	0.00768	0.00537	0.20057	0.27539	0.01498	0.01415	0.01525	0.09206	0.05458	0.16783	0.00223	0.00456	0.00426	0.00321	0.09815
19	0.00574	0.00435	0.00543	0.00493	0.00615	0.00396	0.00373	0.00787	0.04707	0.01464	0.67050	0.02618	0.08268	0.00726	0.00428	0.00114	0.00195	0.00636	0.00393	0.09185
20	0.00726	0.00645	0.00645	0.00670	0.00772	0.14318	0.00535	0.00888	0.02571	0.02442	0.17410	0.16147	0.03898	0.00889	0.00467	0.00145	0.00347	0.35776	0.00340	0.00368
21	0.00549	0.00375	0.00451	0.00449	0.00465	0.00385	0.00277	0.00581	0.00589	0.00802	0.05638	0.02337	0.01426	0.68221	0.15571	0.00394	0.00464	0.00535	0.00236	0.00255
22	0.01107	0.00723	0.00884	0.11986	0.02525	0.00785	0.00637	0.04532	0.39555	0.23604	0.03989	0.01348	0.01054	0.00484	0.00379	0.00122	0.00330	0.00404	0.04982	0.00570
23	0.00762	0.00613	0.00685	0.00627	0.00783	0.00669	0.00482	0.01415	0.44930	0.01550	0.35910	0.02005	0.02156	0.00619	0.00405	0.00123	0.00243	0.00532	0.05004	0.00486
24	0.74968	0.00707	0.00576	0.00507	0.00736	0.00802	0.00416	0.03181	0.00712	0.06715	0.00651	0.00726	0.00492	0.00369	0.00250	0.00115	0.00289	0.00231	0.07130	0.00426
25	0.00510	0.00398	0.00445	0.00450	0.00552	0.00358	0.00329	0.03769	0.00894	0.01143	0.15320	0.22548	0.46961	0.02193	0.00471	0.00135	0.00208	0.00817	0.02165	0.00335
26	0.00472	0.00352	0.00439	0.00487	0.00544	0.00319	0.00339	0.00564	0.00817	0.01077	0.16706	0.53312	0.21057	0.01065	0.00470	0.00142	0.00207	0.00948	0.00363	0.00319
27	0.01596	0.00663	0.00873	0.00683	0.00964	0.00601	0.00560	0.03094	0.09308	0.73162	0.03361	0.01332	0.01016	0.00481	0.00383	0.00118	0.00319	0.00392	0.00459	0.00634
28	0.12446	0.00625	0.00692	0.00580	0.00775	0.00635	0.00458	0.16785	0.02792	0.20239	0.10412	0.03438	0.05454	0.07161	0.00475	0.00132	0.00292	0.00429	0.14085	0.02094
29	0.00468	0.00333	0.00442	0.00522	0.00549	0.00311	0.00351	0.00535	0.00739	0.00985	0.05281	0.79933	0.04280	0.01169	0.00499	0.01680	0.00220	0.01044	0.00351	0.00308
30	0.00716	0.00674	0.01138	0.85760	0.02612	0.00843	0.01053	0.00969	0.00758	0.00969	0.00674	0.01011	0.00506	0.00379	0.00379	0.00126	0.00506	0.00337	0.00169	0.00421
31	0.01414	0.01049	0.01123	0.00867	0.01166	0.01163	0.00714	0.78567	0.06302	0.02346	0.00945	0.00938	0.00673	0.00459	0.00380	0.00115	0.00411	0.00346	0.00380	0.00642
32	0.00696	0.00595	0.00946	0.07865	0.27153	0.00587	0.04756	0.00850	0.00817	0.03052	0.01700	0.25647	0.14108	0.00754	0.00455	0.01946	0.00346	0.07020	0.00277	0.00429
33	0.00761	0.00559	0.00758	0.02500	0.07480	0.00615	0.00547	0.10010	0.05003	0.05289	0.04615	0.02925	0.01074	0.13212	0.40655	0.00385	0.02509	0.00433	0.00258	0.00411

[dist]
# distance from previous block
# <min> <max>
2	8

[block]
# block no. 3 follows, 72 sequences, length 45
# corresponding to MSA columns:
# 91-135
name=unknown_D
#
# <colnr> <probs for GDERKNQSTAVLIFYWHMCP>
#	G	D	E	R	K	N	Q	S	T	A	V	L	I	F	Y	W	H	M	C	P
0	0.00981	0.02747	0.08330	0.03309	0.32850	0.00913	0.29106	0.05477	0.02864	0.07267	0.00829	0.02125	0.00643	0.00365	0.00399	0.00119	0.00507	0.00383	0.00223	0.00563
1	0.00917	0.00683	0.00800	0.00696	0.00891	0.00732	0.02267	0.02821	0.43453	0.10444	0.06120	0.01523	0.01203	0.08632	0.09890	0.00196	0.00388	0.00430	0.00345	0.07570
2	0.00493	0.00386	0.00446	0.00431	0.00540	0.00339	0.00323	0.00631	0.00970	0.01275	0.44418	0.03237	0.43419	0.00867	0.00448	0.00124	0.00185	0.00743	0.00385	0.00339
3	0.89350	0.00733	0.00557	0.00499	0.00733	0.00851	0.00411	0.01115	0.00645	0.01702	0.00528	0.00616	0.00411	0.00352	0.00235	0.00117	0.00293	0.00205	0.00235	0.00411
4	0.00541	0.00392	0.00489	0.00462	0.00563	0.00354	0.00348	0.00703	0.01032	0.02970	0.66527	0.02967	0.19630	0.00807	0.00446	0.00121	0.00184	0.00703	0.00405	0.00356
5	0.00611	0.00437	0.00611	0.00698	0.00786	0.00437	0.00611	0.00786	0.00873	0.01135	0.02008	0.04278	0.02183	0.01048	0.00524	0.00175	0.00349	0.81753	0.00349	0.00349
6	0.00467	0.00383	0.00412	0.00409	0.00525	0.00327	0.00305	0.00578	0.00901	0.01123	0.20084	0.07009	0.64295	0.00933	0.00450	0.00127	0.00191	0.00789	0.00365	0.00327
7	0.00943	0.00815	0.00858	0.00772	0.00986	0.00943	0.00600	0.02015	0.83621	0.01586	0.01544	0.01415	0.01158	0.00515	0.00386	0.00129	0.00300	0.00429	0.00386	0.00600
8	0.01702	0.00645	0.00880	0.00675	0.00968	0.00557	0.00557	0.01848	0.01085	0.84568	0.01496	0.01291	0.00939	0.00469	0.00381	0.00117	0.00323	0.00381	0.00469	0.00645
9	0.01442	0.01062	0.01138	0.00873	0.01176	0.01176	0.00721	0.83041	0.01783	0.02390	0.00911	0.00911	0.00645	0.00455	0.00379	0.00114	0.00417	0.00341	0.00379	0.00645
10	0.00830	0.00830	0.01162	0.00996	0.00996	0.01162	0.00830	0.00913	0.00581	0.00913	0.00498	0.00830	0.00498	0.00664	0.01245	0.00166	0.85977	0.00332	0.00166	0.00415
11	0.01417	0.01808	0.01075	0.00977	0.01172	0.85149	0.00733	0.01514	0.01075	0.00928	0.00586	0.00684	0.00489	0.00391	0.00342	0.00098	0.00684	0.00244	0.00195	0.00440
12	0.00790	0.00686	0.00827	0.00595	0.00925	0.00532	0.02244	0.00960	0.00784	0.01227	0.00672	0.00793	0.00560	0.00291	0.00309	0.00061	0.02464	0.00232	0.00222	0.84827
13	0.00799	0.00665	0.00779	0.00567	0.00886	0.00514	0.00451	0.02450	0.00798	0.02547	0.00715	0.00861	0.00602	0.02558	0.02930	0.00083	0.00309	0.00243	0.00231	0.81011
14	0.03978	0.02667	0.36364	0.03159	0.03881	0.00817	0.22794	0.01155	0.00842	0.05043	0.03583	0.03059	0.01878	0.00403	0.00382	0.00119	0.00501	0.01637	0.02127	0.05612
15	0.01014	0.86900	0.01987	0.00649	0.00973	0.01501	0.00649	0.01136	0.00771	0.00892	0.00527	0.00608	0.00487	0.00324	0.00243	0.00081	0.00406	0.00203	0.00162	0.00487
16	0.01417	0.01808	0.01075	0.00977	0.01172	0.85149	0.00733	0.01514	0.01075	0.00928	0.00586	0.00684	0.00489	0.00391	0.00342	0.00098	0.00684	0.00244	0.00195	0.00440
17	0.89350	0.00733	0.00557	0.00499	0.00733	0.00851	0.00411	0.01115	0.00645	0.01702	0.00528	0.00616	0.00411	0.00352	0.00235	0.00117	0.00293	0.00205	0.00235	0.00411
18	0.00530	0.00386	0.00490	0.00465	0.00551	0.00355	0.00343	0.00690	0.01019	0.01424	0.71524	0.02877	0.10209	0.06822	0.00552	0.00137	0.00193	0.00686	0.00399	0.00346
19	0.00939	0.00901	0.01539	0.02328	0.84306	0.00901	0.01164	0.01164	0.00864	0.01239	0.00713	0.00939	0.00601	0.00338	0.00375	0.00113	0.00451	0.00338	0.00188	0.00601
20	0.00524	0.00407	0.00481	0.00485	0.00583	0.00379	0.00360	0.00715	0.06724	0.01236	0.32160	0.19333	0.30393	0.00910	0.00453	0.00132	0.00206	0.03791	0.00378	0.00352
21	0.00522	0.00387	0.00487	0.00462	0.00558	0.00352	0.00347	0.00688	0.01040	0.01441	0.71154	0.02965	0.16580	0.00805	0.00447	0.00121	0.00181	0.00704	0.00407	0.00352
22	0.00920	0.55413	0.32652	0.00809	0.01221	0.01271	0.00928	0.01160	0.00782	0.01007	0.00584	0.00680	0.00484	0.00338	0.00287	0.00096	0.00463	0.00232	0.00161	0.00514
23	0.00802	0.00683	0.00795	0.00569	0.00905	0.00522	0.00456	0.02938	0.00811	0.01264	0.00680	0.00789	0.00564	0.00285	0.00283	0.00058	0.00284	0.00228	0.00228	0.86856
24	0.00781	0.13165	0.02923	0.06887	0.12981	0.04392	0.07843	0.02114	0.02744	0.01066	0.01168	0.18262	0.01202	0.02230	0.05265	0.00162	0.04513	0.11621	0.00245	0.00435
25	0.89350	0.00733	0.00557	0.00499	0.00733	0.00851	0.00411	0.01115	0.00645	0.01702	0.00528	0.00616	0.00411	0.00352	0.00235	0.00117	0.00293	0.00205	0.00235	0.00411
26	0.02963	0.02664	0.43746	0.00961	0.01391	0.03268	0.01052	0.32074	0.01189	0.05940	0.00801	0.00858	0.00565	0.00402	0.00364	0.00116	0.00490	0.00305	0.00261	0.00589
27	0.00611	0.00437	0.00611	0.00698	0.00786	0.00437	0.00611	0.00786	0.00873	0.01135	0.02008	0.04278	0.02183	0.01048	0.00524	0.00175	0.00349	0.81753	0.00349	0.00349
28	0.00468	0.00335	0.00447	0.00535	0.00560	0.00313	0.00363	0.00539	0.00732	0.00975	0.02087	0.82975	0.02495	0.01182	0.00486	0.00155	0.00225	0.04465	0.00352	0.00310
29	0.00838	0.05647	0.38499	0.00863	0.02766	0.04718	0.01884	0.03408	0.00868	0.06027	0.05047	0.07158	0.05490	0.00468	0.00362	0.00109	0.00431	0.00382	0.00234	0.14801
30	0.01075	0.01032	0.08901	0.01273	0.02579	0.00916	0.46109	0.10711	0.05792	0.14501	0.00930	0.01051	0.00665	0.00381	0.00434	0.00125	0.02299	0.00406	0.00265	0.00556
31	0.01267	0.08801	0.10013	0.00970	0.06416	0.05720	0.02538	0.47723	0.04753	0.05697	0.00886	0.01958	0.00658	0.00432	0.00366	0.00112	0.00441	0.00334	0.00315	0.00599
32	0.00659	0.00329	0.00494	0.00494	0.00494	0.00329	0.00329	0.00494	0.00494	0.00659	0.00659	0.01153	0.00659	0.01318	0.01482	0.88966	0.00329	0.00329	0.00165	0.00165
33	0.00761	0.01962	0.84707	0.01081	0.01641	0.00881	0.01401	0.01201	0.00801	0.01201	0.00681	0.00801	0.00480	0.00360	0.00360	0.00120	0.00560	0.00280	0.00160	0.00560
34	0.03236	0.00779	0.02261	0.00986	0.15591	0.00740	0.03573	0.14962	0.05424	0.09477	0.10293	0.02322	0.01025	0.01887	0.00406	0.00107	0.02227	0.00370	0.00297	0.24037
35	0.00581	0.00464	0.00645	0.00648	0.02025	0.00537	0.00483	0.00696	0.02161	0.00916	0.01355	0.15575	0.07446	0.08757	0.40140	0.02437	0.12874	0.01681	0.00240	0.00339
36	0.01593	0.00645	0.00862	0.00670	0.00947	0.00573	0.00550	0.04516	0.03040	0.74018	0.07278	0.01389	0.01119	0.00491	0.00386	0.00118	0.00315	0.00403	0.00461	0.00624
37	0.00939	0.00788	0.00837	0.00757	0.00965	0.00906	0.00591	0.01944	0.77492	0.02931	0.01549	0.01501	0.01181	0.00528	0.00387	0.00129	0.00299	0.02921	0.02770	0.00587
38	0.00955	0.10737	0.16641	0.08288	0.16615	0.02262	0.12461	0.07828	0.09030	0.05571	0.03115	0.01061	0.01917	0.01410	0.00391	0.00119	0.00464	0.00356	0.00237	0.00541
39	0.00470	0.00340	0.00438	0.00510	0.00543	0.00316	0.00344	0.00539	0.00740	0.00976	0.03988	0.70625	0.10269	0.05890	0.00561	0.00163	0.00227	0.02409	0.00347	0.00307
40	0.01688	0.00667	0.00894	0.00685	0.00979	0.00590	0.00566	0.06093	0.01122	0.80273	0.01466	0.01271	0.00923	0.00469	0.00381	0.00117	0.00328	0.00379	0.00465	0.00645
41	0.01417	0.01808	0.01075	0.00977	0.01172	0.85149	0.00733	0.01514	0.01075	0.00928	0.00586	0.00684	0.00489	0.00391	0.00342	0.00098	0.00684	0.00244	0.00195	0.00440
42	0.01135	0.00711	0.00815	0.00699	0.02682	0.00735	0.00542	0.30833	0.06804	0.17816	0.03654	0.10200	0.08005	0.00584	0.00382	0.00117	0.00312	0.00480	0.12962	0.00530
43	0.01252	0.02982	0.06075	0.00754	0.01008	0.08419	0.02050	0.15143	0.04256	0.31870	0.09021	0.08136	0.01164	0.00535	0.00409	0.00117	0.02682	0.00433	0.00364	0.03329
44	0.01206	0.03792	0.04180	0.00899	0.05189	0.04466	0.02095	0.25247	0.09730	0.17371	0.02174	0.01050	0.00764	0.00524	0.02250	0.00130	0.12976	0.00350	0.02241	0.03364

[dist]
# distance from previous block
# <min> <max>
17	34

[block]
# block no. 4 follows, 72 sequences, length 28
# corresponding to MSA columns:
# 176-203
name=unknown_E
#
# <colnr> <probs for GDERKNQSTAVLIFYWHMCP>
#	G	D	E	R	K	N	Q	S	T	A	V	L	I	F	Y	W	H	M	C	P
0	0.03131	0.02051	0.03548	0.04995	0.12588	0.02543	0.11558	0.05454	0.11940	0.09730	0.10068	0.06946	0.10316	0.00564	0.00417	0.00124	0.01588	0.01636	0.00307	0.00495
1	0.04375	0.03046	0.07438	0.05457	0.12745	0.00737	0.04059	0.07338	0.07293	0.07530	0.07266	0.04295	0.03757	0.00452	0.00372	0.00106	0.01586	0.00383	0.01352	0.20414
2	0.14201	0.00685	0.00786	0.00629	0.00889	0.00649	0.00505	0.13892	0.01012	0.28649	0.01207	0.11123	0.03069	0.00504	0.00350	0.00107	0.00308	0.00407	0.00348	0.20679
3	0.03125	0.02230	0.01133	0.14300	0.14033	0.19856	0.03238	0.12028	0.06272	0.02795	0.03389	0.03897	0.00758	0.00461	0.00454	0.00119	0.08685	0.00358	0.02377	0.00493
4	0.00498	0.00385	0.00456	0.00461	0.00553	0.00348	0.00337	0.00645	0.02968	0.01223	0.35171	0.20619	0.33110	0.00924	0.00454	0.00130	0.00195	0.00804	0.00379	0.00339
5	0.00626	0.00430	0.00507	0.00472	0.00597	0.00392	0.00358	0.02012	0.03959	0.07814	0.39257	0.04656	0.32645	0.01805	0.00453	0.00125	0.00206	0.00688	0.02622	0.00377
6	0.00503	0.00379	0.00457	0.00451	0.00542	0.00341	0.00331	0.00628	0.00931	0.01243	0.42985	0.11132	0.30714	0.03224	0.01792	0.02686	0.00209	0.00745	0.00373	0.00331
7	0.47882	0.00692	0.00710	0.00582	0.00844	0.00712	0.00480	0.01462	0.00854	0.40907	0.00986	0.00935	0.00661	0.00408	0.00304	0.00117	0.00307	0.00289	0.00346	0.00522
8	0.00734	0.00690	0.01138	0.66303	0.05768	0.00855	0.02129	0.00963	0.00753	0.00988	0.00744	0.01200	0.00618	0.00451	0.00484	0.00133	0.09837	0.05605	0.00181	0.00425
9	0.01014	0.86900	0.01987	0.00649	0.00973	0.01501	0.00649	0.01136	0.00771	0.00892	0.00527	0.00608	0.00487	0.00324	0.00243	0.00081	0.00406	0.00203	0.00162	0.00487
10	0.01318	0.01001	0.01069	0.00848	0.01129	0.01118	0.00691	0.62924	0.22102	0.02191	0.01068	0.01036	0.00772	0.00470	0.00381	0.00117	0.00388	0.00363	0.00381	0.00634
11	0.00716	0.00674	0.01138	0.85760	0.02612	0.00843	0.01053	0.00969	0.00758	0.00969	0.00674	0.01011	0.00506	0.00379	0.00379	0.00126	0.00506	0.00337	0.00169	0.00421
12	0.00861	0.11788	0.60640	0.00989	0.01475	0.00928	0.03739	0.04260	0.00857	0.05295	0.02795	0.00863	0.00592	0.00372	0.00351	0.00114	0.00510	0.00292	0.00193	0.03086
13	0.01425	0.01054	0.01129	0.00869	0.01170	0.01168	0.00717	0.80272	0.04580	0.02363	0.00932	0.00928	0.00662	0.00457	0.00380	0.00114	0.00413	0.00344	0.00380	0.00643
14	0.46048	0.00895	0.00843	0.00683	0.00951	0.01011	0.00563	0.41470	0.01206	0.02041	0.00716	0.00761	0.00526	0.00403	0.00306	0.00116	0.00354	0.00272	0.00306	0.00526
15	0.00782	0.03244	0.09694	0.00632	0.00961	0.00588	0.00562	0.02986	0.02517	0.01228	0.00781	0.05070	0.00680	0.00465	0.04283	0.00097	0.00349	0.00288	0.00229	0.64565
16	0.00966	0.00700	0.01103	0.39639	0.05896	0.00770	0.06167	0.04145	0.03440	0.18344	0.00917	0.01122	0.00679	0.02032	0.06713	0.00162	0.02799	0.00361	0.00253	0.03791
17	0.00468	0.00333	0.00438	0.00520	0.00541	0.00312	0.00344	0.00530	0.00714	0.00952	0.02029	0.80670	0.02431	0.07048	0.00583	0.00169	0.00230	0.01042	0.00344	0.00303
18	0.00838	0.00555	0.00662	0.00630	0.00758	0.02057	0.00477	0.13114	0.06855	0.12112	0.10915	0.39541	0.01977	0.00889	0.01446	0.00143	0.00290	0.05933	0.00376	0.00433
19	0.01087	0.06782	0.13611	0.12206	0.12881	0.10349	0.07269	0.11446	0.04330	0.11823	0.02015	0.01000	0.00674	0.00406	0.00384	0.00116	0.01747	0.01081	0.00252	0.00542
20	0.01240	0.00645	0.00749	0.00617	0.00815	0.03911	0.00486	0.11197	0.01023	0.38757	0.01396	0.03296	0.04701	0.10455	0.00570	0.00143	0.02988	0.00418	0.16086	0.00508
21	0.00683	0.00477	0.00558	0.00559	0.00655	0.00489	0.00402	0.02208	0.19320	0.05338	0.07857	0.37173	0.04470	0.08980	0.00568	0.00157	0.00252	0.00731	0.08727	0.00396
22	0.00690	0.00693	0.04875	0.01973	0.13944	0.05133	0.03243	0.03231	0.07390	0.01183	0.08238	0.11917	0.32472	0.00739	0.00425	0.00127	0.00317	0.02678	0.00309	0.00423
23	0.01123	0.44788	0.06142	0.00858	0.06271	0.04224	0.04568	0.07404	0.05391	0.13124	0.02303	0.00866	0.00667	0.00378	0.00312	0.00099	0.00417	0.00285	0.00243	0.00536
24	0.55924	0.00708	0.00632	0.00555	0.00764	0.00795	0.00439	0.08256	0.07583	0.06649	0.00833	0.03820	0.00706	0.10374	0.00473	0.00148	0.00313	0.00315	0.00277	0.00437
25	0.00830	0.00491	0.00588	0.00540	0.00670	0.00468	0.00399	0.04815	0.06648	0.18799	0.07457	0.15348	0.18742	0.19092	0.00750	0.00181	0.00284	0.03132	0.00359	0.00406
26	0.02820	0.04561	0.09042	0.06316	0.20640	0.09730	0.06650	0.07098	0.10224	0.03837	0.04088	0.06195	0.00875	0.01787	0.00426	0.00122	0.02896	0.00393	0.00249	0.02051
27	0.02106	0.00870	0.05182	0.00752	0.02676	0.07726	0.00612	0.28127	0.02687	0.12023	0.18316	0.04162	0.03571	0.00566	0.00405	0.01362	0.00357	0.02231	0.02889	0.03380

[dist]
# distance from previous block
# <min> <max>
3	10

[block]
# block no. 5 follows, 72 sequences, length 18
# corresponding to MSA columns:
# 214-231
name=unknown_F
#
# <colnr> <probs for GDERKNQSTAVLIFYWHMCP>
#	G	D	E	R	K	N	Q	S	T	A	V	L	I	F	Y	W	H	M	C	P
0	0.03461	0.00450	0.00539	0.00532	0.02467	0.01541	0.00385	0.00742	0.00811	0.06746	0.15580	0.02468	0.29320	0.10936	0.19663	0.01500	0.00422	0.00585	0.00310	0.01539
1	0.00821	0.00765	0.04576	0.07539	0.12528	0.01716	0.09327	0.09762	0.08925	0.03108	0.11499	0.06991	0.11483	0.00695	0.04627	0.00149	0.04217	0.00506	0.00290	0.00476
2	0.01114	0.59340	0.01727	0.00854	0.07896	0.16925	0.00706	0.03017	0.00867	0.03684	0.00593	0.00678	0.00515	0.00345	0.00280	0.00089	0.00458	0.00230	0.00185	0.00496
3	0.00611	0.00474	0.00660	0.00601	0.00675	0.00508	0.04280	0.00704	0.00629	0.00906	0.01053	0.05528	0.01083	0.31606	0.29929	0.00373	0.07924	0.00466	0.04355	0.07635
4	0.59917	0.03231	0.05622	0.02482	0.04468	0.05551	0.00545	0.01112	0.02937	0.01469	0.00589	0.00722	0.00474	0.00443	0.00381	0.07454	0.01727	0.00239	0.00220	0.00417
5	0.00533	0.00486	0.05870	0.00579	0.00677	0.00400	0.01570	0.00690	0.03755	0.01077	0.06250	0.46700	0.13984	0.01032	0.01869	0.00153	0.00271	0.10447	0.03309	0.00349
6	0.00550	0.00426	0.00502	0.00543	0.00599	0.02686	0.00378	0.00715	0.07628	0.01091	0.14832	0.52909	0.04629	0.08139	0.00586	0.00162	0.00247	0.02688	0.00351	0.00338
7	0.01012	0.00900	0.00884	0.00790	0.01007	0.07896	0.00614	0.04240	0.72843	0.03232	0.01446	0.01338	0.01084	0.00502	0.00382	0.00125	0.00336	0.00410	0.00372	0.00589
8	0.00934	0.00816	0.00883	0.00790	0.00987	0.00961	0.00619	0.01924	0.76763	0.01531	0.01457	0.01367	0.01103	0.00527	0.00457	0.00132	0.07375	0.00421	0.00368	0.00585
9	0.00786	0.00674	0.00786	0.00562	0.00899	0.00506	0.00449	0.00955	0.00786	0.01236	0.00674	0.00786	0.00562	0.00281	0.00281	0.00056	0.00281	0.00225	0.00225	0.88990
10	0.00869	0.01087	0.09565	0.01513	0.01904	0.00932	0.72977	0.01192	0.00886	0.01208	0.00858	0.01087	0.03246	0.00344	0.00440	0.00127	0.00618	0.00444	0.00194	0.00510
11	0.00462	0.00330	0.00440	0.00528	0.00550	0.00308	0.00352	0.00528	0.00726	0.00968	0.02090	0.86424	0.02508	0.01188	0.00484	0.00154	0.00220	0.01078	0.00352	0.00308
12	0.00830	0.00830	0.01162	0.00996	0.00996	0.01162	0.00830	0.00913	0.00581	0.00913	0.00498	0.00830	0.00498	0.00664	0.01245	0.00166	0.85977	0.00332	0.00166	0.00415
13	0.00545	0.00392	0.00539	0.00539	0.00583	0.00436	0.00386	0.00632	0.00589	0.00828	0.01080	0.01846	0.01103	0.32919	0.55305	0.00523	0.00783	0.00458	0.00213	0.00300
14	0.00491	0.00384	0.00452	0.00507	0.00564	0.02278	0.00355	0.00576	0.00795	0.01023	0.07970	0.56734	0.21683	0.01084	0.00471	0.00145	0.00226	0.03593	0.00353	0.00319
15	0.00859	0.00691	0.00762	0.00687	0.00870	0.00768	0.00532	0.01651	0.57936	0.04538	0.24277	0.01801	0.01816	0.00585	0.00403	0.00126	0.00268	0.00498	0.00398	0.00535
16	0.00947	0.02385	0.01083	0.43304	0.04929	0.06401	0.00865	0.18129	0.00999	0.03781	0.00824	0.02419	0.00657	0.00516	0.02802	0.01146	0.02513	0.02559	0.03269	0.00472
17	0.01013	0.00772	0.04375	0.00943	0.10689	0.02008	0.05989	0.11347	0.15513	0.15618	0.01333	0.15703	0.02233	0.00638	0.02636	0.00137	0.01819	0.00500	0.06209	0.00524

[dist]
# distance from previous block
# <min> <max>
2	17

[block]
# block no. 6 follows, 72 sequences, length 19
# corresponding to MSA columns:
# 249-267
name=unknown_G
#
# <colnr> <probs for GDERKNQSTAVLIFYWHMCP>
#	G	D	E	R	K	N	Q	S	T	A	V	L	I	F	Y	W	H	M	C	P
0	0.00853	0.07636	0.00837	0.02799	0.04382	0.00611	0.00505	0.02010	0.04629	0.12420	0.18442	0.02531	0.10308	0.00553	0.00420	0.02045	0.03425	0.00438	0.02577	0.22579
1	0.02155	0.11457	0.03984	0.04467	0.04530	0.06301	0.01999	0.18006	0.22503	0.02755	0.02984	0.09937	0.02847	0.02087	0.00420	0.00124	0.02183	0.00436	0.00305	0.00521
2	0.00784	0.03460	0.63548	0.03137	0.01499	0.00830	0.03201	0.02255	0.02664	0.03608	0.05620	0.04445	0.00778	0.00423	0.00370	0.00120	0.00502	0.00346	0.00202	0.02208
3	0.01072	0.12963	0.16498	0.00980	0.07591	0.09960	0.05953	0.12608	0.08000	0.10110	0.02055	0.02944	0.03617	0.02621	0.00412	0.00120	0.01336	0.00360	0.00266	0.00535
4	0.39074	0.08198	0.07715	0.02120	0.00956	0.05756	0.04641	0.02492	0.04564	0.07577	0.00853	0.08428	0.00743	0.03424	0.01895	0.00135	0.00382	0.00346	0.00253	0.00450
5	0.00542	0.00406	0.00610	0.00610	0.00677	0.00474	0.00474	0.00677	0.00610	0.00880	0.01016	0.01490	0.00948	0.02844	0.85169	0.00610	0.01016	0.00406	0.00203	0.00339
6	0.00628	0.03482	0.00657	0.00604	0.00678	0.07081	0.00456	0.00735	0.00641	0.00858	0.00998	0.01577	0.00975	0.17801	0.60519	0.00508	0.00851	0.00413	0.00206	0.00332
7	0.01100	0.16587	0.12747	0.04664	0.14652	0.12297	0.04060	0.11847	0.05988	0.07823	0.00791	0.00880	0.00607	0.00387	0.00361	0.00108	0.01844	0.00304	0.00239	0.02714
8	0.00887	0.00991	0.13189	0.01504	0.36958	0.03772	0.00978	0.01107	0.02522	0.04508	0.00760	0.01033	0.00651	0.04710	0.07815	0.00178	0.17380	0.00345	0.00199	0.00515
9	0.00526	0.00363	0.00441	0.00478	0.00499	0.00354	0.00310	0.00568	0.00651	0.00861	0.01656	0.29415	0.04695	0.47653	0.01273	0.00271	0.00313	0.09116	0.00285	0.00270
10	0.02240	0.01853	0.00816	0.00714	0.02890	0.05769	0.05677	0.08798	0.02214	0.20205	0.08273	0.20105	0.09018	0.07729	0.00541	0.00146	0.00336	0.01875	0.00349	0.00452
11	0.06722	0.08177	0.05679	0.03177	0.07577	0.07112	0.10665	0.25550	0.09601	0.06174	0.00999	0.02377	0.03630	0.00437	0.00368	0.00115	0.00439	0.00362	0.00289	0.00551
12	0.01427	0.00731	0.00904	0.00723	0.02237	0.00700	0.00581	0.20037	0.04685	0.47139	0.01327	0.01267	0.02639	0.00521	0.02228	0.00123	0.00350	0.01605	0.02938	0.07839
13	0.00579	0.00353	0.00459	0.00468	0.00477	0.00353	0.00297	0.00541	0.00572	0.00769	0.03972	0.11327	0.01300	0.39036	0.06150	0.32002	0.00367	0.00528	0.00225	0.00226
14	0.01924	0.12916	0.07200	0.04961	0.20542	0.14254	0.07669	0.06149	0.02669	0.02169	0.02376	0.03834	0.08904	0.02340	0.00402	0.00117	0.00460	0.00389	0.00229	0.00494
15	0.00985	0.09077	0.21596	0.05607	0.16584	0.07850	0.14710	0.08306	0.03303	0.04653	0.00802	0.00941	0.01628	0.00416	0.01808	0.00123	0.00520	0.00334	0.00215	0.00541
16	0.00507	0.00399	0.00442	0.00465	0.00554	0.01914	0.00335	0.00602	0.00839	0.02477	0.10437	0.30549	0.42991	0.03024	0.00494	0.00142	0.00220	0.02929	0.00354	0.00326
17	0.00779	0.00521	0.00690	0.00638	0.00752	0.00534	0.04188	0.01031	0.14162	0.12712	0.04234	0.24160	0.03941	0.14989	0.06177	0.01443	0.03415	0.03702	0.01527	0.00407
18	0.01074	0.06876	0.13393	0.07733	0.16154	0.04382	0.08070	0.12866	0.04966	0.12276	0.00877	0.01007	0.00659	0.00402	0.00388	0.00114	0.02296	0.01604	0.00259	0.04606

[dist]
# distance from previous block
# <min> <max>
1	19

[block]
# block no. 7 follows, 72 sequences, length 21
# corresponding to MSA columns:
# 287-307
name=unknown_H
#
# <colnr> <probs for GDERKNQSTAVLIFYWHMCP>
#	G	D	E	R	K	N	Q	S	T	A	V	L	I	F	Y	W	H	M	C	P
0	0.00790	0.03148	0.02346	0.02724	0.18307	0.00623	0.00594	0.06250	0.00841	0.02137	0.05354	0.05230	0.04191	0.16649	0.00645	0.00145	0.00342	0.00408	0.01530	0.27744
1	0.02730	0.04526	0.03196	0.02132	0.04043	0.05510	0.00462	0.02803	0.00817	0.01067	0.07122	0.08836	0.27074	0.11132	0.10246	0.00202	0.00388	0.00571	0.00280	0.06862
2	0.01058	0.18816	0.08309	0.03916	0.18755	0.10891	0.00839	0.15158	0.02338	0.02362	0.01943	0.00862	0.00616	0.00391	0.00382	0.00105	0.04904	0.00295	0.02100	0.05960
3	0.00484	0.00370	0.00438	0.00473	0.00548	0.00336	0.00335	0.00604	0.03013	0.01081	0.12693	0.42728	0.31615	0.01023	0.00460	0.00138	0.00206	0.00899	0.02228	0.00327
4	0.00784	0.00711	0.03472	0.01936	0.03079	0.00741	0.03083	0.01452	0.46646	0.01394	0.12280	0.01845	0.10453	0.04697	0.05571	0.00167	0.00344	0.00499	0.00347	0.00499
5	0.00476	0.00385	0.00422	0.00413	0.00529	0.00332	0.00310	0.00597	0.00929	0.01178	0.28653	0.03397	0.59245	0.00903	0.00448	0.00125	0.00188	0.00765	0.00372	0.00332
6	0.01014	0.86900	0.01987	0.00649	0.00973	0.01501	0.00649	0.01136	0.00771	0.00892	0.00527	0.00608	0.00487	0.00324	0.00243	0.00081	0.00406	0.00203	0.00162	0.00487
7	0.06941	0.00652	0.00774	0.00628	0.00867	0.00640	0.00509	0.09740	0.10561	0.44340	0.01328	0.01250	0.00908	0.00460	0.00348	0.00112	0.00298	0.00366	0.18714	0.00565
8	0.01702	0.00645	0.00880	0.00675	0.00968	0.00557	0.00557	0.01848	0.01085	0.84568	0.01496	0.01291	0.00939	0.00469	0.00381	0.00117	0.00323	0.00381	0.00469	0.00645
9	0.01417	0.01808	0.01075	0.00977	0.01172	0.85149	0.00733	0.01514	0.01075	0.00928	0.00586	0.00684	0.00489	0.00391	0.00342	0.00098	0.00684	0.00244	0.00195	0.00440
10	0.89350	0.00733	0.00557	0.00499	0.00733	0.00851	0.00411	0.01115	0.00645	0.01702	0.00528	0.00616	0.00411	0.00352	0.00235	0.00117	0.00293	0.00205	0.00235	0.00411
11	0.00490	0.00386	0.00442	0.00428	0.00538	0.00338	0.00321	0.00625	0.00963	0.01258	0.41658	0.03265	0.46190	0.00873	0.00448	0.00124	0.00186	0.00746	0.00383	0.00338
12	0.89350	0.00733	0.00557	0.00499	0.00733	0.00851	0.00411	0.01115	0.00645	0.01702	0.00528	0.00616	0.00411	0.00352	0.00235	0.00117	0.00293	0.00205	0.00235	0.00411
13	0.25661	0.00705	0.00814	0.00644	0.00922	0.00691	0.00531	0.08638	0.01025	0.54820	0.01181	0.01073	0.00769	0.00436	0.00341	0.00117	0.00323	0.00330	0.00397	0.00581
14	0.00839	0.08139	0.02137	0.00595	0.00875	0.02760	0.00489	0.03917	0.00861	0.05517	0.08425	0.04698	0.02421	0.00514	0.04098	0.00101	0.00333	0.00333	0.00260	0.52687
15	0.00938	0.00913	0.01652	0.04769	0.60099	0.00906	0.19091	0.01201	0.02618	0.02990	0.00758	0.00977	0.00611	0.00342	0.00392	0.00117	0.00488	0.00365	0.00198	0.00576
16	0.00630	0.00404	0.00495	0.00485	0.00587	0.00363	0.00357	0.00744	0.00895	0.10429	0.25491	0.19440	0.26412	0.07947	0.00572	0.00151	0.00228	0.03639	0.00373	0.00358
17	0.00905	0.05471	0.21270	0.10597	0.17058	0.03690	0.11671	0.06930	0.04401	0.04312	0.02696	0.03986	0.03166	0.00434	0.00384	0.00120	0.00477	0.01677	0.00228	0.00526
18	0.00968	0.08245	0.32147	0.01340	0.21019	0.06318	0.10354	0.01271	0.02307	0.08853	0.01945	0.00920	0.00619	0.00372	0.00380	0.00115	0.01740	0.00323	0.00209	0.00554
19	0.00495	0.00351	0.00466	0.00546	0.00577	0.00335	0.00384	0.00573	0.00735	0.00975	0.01997	0.65311	0.02354	0.08765	0.00619	0.00176	0.00255	0.14436	0.00341	0.00308
20	0.02139	0.00482	0.00635	0.02467	0.06009	0.00467	0.01922	0.06226	0.00846	0.08218	0.04701	0.39504	0.12276	0.11549	0.00628	0.00166	0.00285	0.00767	0.00332	0.00379

[dist]
# distance from previous block
# <min> <max>
3	15

[block]
# block no. 8 follows, 72 sequences, length 33
# corresponding to MSA columns:
# 324-356
name=unknown_I
#
# <colnr> <probs for GDERKNQSTAVLIFYWHMCP>
#	G	D	E	R	K	N	Q	S	T	A	V	L	I	F	Y	W	H	M	C	P
0	0.09265	0.05749	0.02011	0.00715	0.05450	0.13103	0.00527	0.08127	0.02397	0.01263	0.12344	0.14566	0.18753	0.00718	0.01635	0.00128	0.01975	0.00559	0.00301	0.00414
1	0.01095	0.13149	0.04032	0.03593	0.12189	0.06206	0.12487	0.19892	0.05755	0.07492	0.03321	0.03877	0.00793	0.01519	0.00404	0.00117	0.01778	0.00372	0.00272	0.01656
2	0.00554	0.00391	0.00469	0.00471	0.00535	0.00379	0.00325	0.00670	0.03461	0.02610	0.17648	0.16333	0.16316	0.27082	0.08311	0.00244	0.00325	0.00681	0.02877	0.00316
3	0.00977	0.02699	0.14138	0.09313	0.07010	0.05604	0.02629	0.12089	0.31164	0.02832	0.01070	0.03691	0.00833	0.00468	0.00412	0.00123	0.03726	0.00380	0.00288	0.00554
4	0.00534	0.00389	0.00473	0.00484	0.00562	0.00362	0.00344	0.00680	0.04141	0.02810	0.29296	0.29461	0.20206	0.07799	0.00574	0.00152	0.00218	0.00808	0.00367	0.00339
5	0.00541	0.00413	0.00494	0.00472	0.00578	0.00383	0.00354	0.02127	0.04425	0.01372	0.52637	0.07044	0.26091	0.00831	0.00446	0.00124	0.00194	0.00721	0.00394	0.00360
6	0.01399	0.01774	0.01092	0.01027	0.04236	0.82045	0.00749	0.01501	0.01067	0.00940	0.00591	0.00693	0.00493	0.00389	0.00343	0.00098	0.00675	0.00248	0.00195	0.00446
7	0.17517	0.28489	0.01238	0.00729	0.00990	0.19670	0.00618	0.10324	0.07559	0.06887	0.00738	0.00786	0.00583	0.00430	0.01881	0.00111	0.00445	0.00261	0.00246	0.00497
8	0.01112	0.26875	0.10354	0.02328	0.13053	0.18053	0.05128	0.05973	0.00926	0.07237	0.00688	0.00798	0.00550	0.00380	0.00378	0.00105	0.05050	0.00281	0.00209	0.00519
9	0.00685	0.00469	0.00618	0.00590	0.00673	0.00517	0.00445	0.04764	0.09551	0.02482	0.01165	0.01501	0.06246	0.03019	0.36896	0.23890	0.02111	0.00409	0.03629	0.00340
10	0.04030	0.23152	0.07740	0.01104	0.13106	0.07476	0.13107	0.07124	0.06336	0.02609	0.00883	0.06328	0.01895	0.00438	0.00369	0.00112	0.01885	0.01565	0.00228	0.00511
11	0.01076	0.10130	0.09939	0.02356	0.12347	0.15212	0.08762	0.03985	0.14280	0.05772	0.08020	0.01254	0.02768	0.00484	0.00413	0.00126	0.01852	0.00390	0.00281	0.00552
12	0.00773	0.00637	0.00769	0.00598	0.01888	0.00532	0.00464	0.01934	0.00781	0.02591	0.03819	0.01029	0.00757	0.05423	0.06131	0.00121	0.04224	0.00285	0.01563	0.65683
13	0.01088	0.14220	0.19549	0.02309	0.03136	0.11048	0.11793	0.13404	0.01976	0.09656	0.00830	0.03909	0.00651	0.00415	0.00381	0.00112	0.02492	0.00338	0.00244	0.02450
14	0.00862	0.00576	0.00770	0.03904	0.06257	0.03437	0.03705	0.05083	0.03776	0.17062	0.01651	0.44003	0.01711	0.00838	0.00441	0.00138	0.00316	0.04687	0.00348	0.00437
15	0.00462	0.00330	0.00440	0.00528	0.00550	0.00308	0.00352	0.00528	0.00726	0.00968	0.02090	0.86424	0.02508	0.01188	0.00484	0.00154	0.00220	0.01078	0.00352	0.00308
16	0.01417	0.01808	0.01075	0.00977	0.01172	0.85149	0.00733	0.01514	0.01075	0.00928	0.00586	0.00684	0.00489	0.00391	0.00342	0.00098	0.00684	0.00244	0.00195	0.00440
17	0.00764	0.00717	0.05741	0.00718	0.01768	0.05057	0.02455	0.10548	0.00922	0.01267	0.25310	0.01821	0.01640	0.12747	0.10805	0.02042	0.12511	0.02484	0.00285	0.00398
18	0.10890	0.24834	0.14480	0.00872	0.03992	0.11284	0.06528	0.08342	0.00900	0.03457	0.00754	0.05217	0.00647	0.01707	0.00362	0.00111	0.01819	0.00316	0.02999	0.00489
19	0.00751	0.00396	0.00401	0.00385	0.00486	0.00403	0.00293	0.05845	0.00855	0.01473	0.01217	0.01384	0.00952	0.00443	0.00272	0.00090	0.00191	0.00353	0.83438	0.00371
20	0.89350	0.00733	0.00557	0.00499	0.00733	0.00851	0.00411	0.01115	0.00645	0.01702	0.00528	0.00616	0.00411	0.00352	0.00235	0.00117	0.00293	0.00205	0.00235	0.00411
21	0.01702	0.00645	0.00880	0.00675	0.00968	0.00557	0.00557	0.01848	0.01085	0.84568	0.01496	0.01291	0.00939	0.00469	0.00381	0.00117	0.00323	0.00381	0.00469	0.00645
22	0.01014	0.86900	0.01987	0.00649	0.00973	0.01501	0.00649	0.01136	0.00771	0.00892	0.00527	0.00608	0.00487	0.00324	0.00243	0.00081	0.00406	0.00203	0.00162	0.00487
23	0.00555	0.00391	0.00495	0.00491	0.00513	0.00421	0.00324	0.00601	0.00571	0.00787	0.01120	0.02119	0.01217	0.57198	0.29221	0.00442	0.02545	0.00499	0.00220	0.00270
24	0.00537	0.00388	0.00507	0.00477	0.00567	0.00358	0.00358	0.00716	0.01074	0.01521	0.84106	0.02833	0.03578	0.00775	0.00447	0.00119	0.00179	0.00686	0.00417	0.00358
25	0.00939	0.00901	0.01539	0.02328	0.84306	0.00901	0.01164	0.01164	0.00864	0.01239	0.00713	0.00939	0.00601	0.00338	0.00375	0.00113	0.00451	0.00338	0.00188	0.00601
26	0.00934	0.00800	0.00845	0.00758	0.00969	0.00920	0.00590	0.04076	0.77355	0.01595	0.04129	0.01488	0.02781	0.00529	0.00389	0.00128	0.00297	0.00441	0.00386	0.00589
27	0.04049	0.01639	0.01179	0.01055	0.03675	0.68872	0.08501	0.02847	0.02851	0.01027	0.00632	0.00741	0.00515	0.00385	0.00351	0.00103	0.00648	0.00271	0.00203	0.00457
28	0.00893	0.01016	0.02201	0.01578	0.01948	0.00966	0.80097	0.01204	0.00884	0.01204	0.00758	0.01016	0.00573	0.00332	0.00475	0.00129	0.03583	0.00444	0.00191	0.00508
29	0.02768	0.00764	0.01233	0.30420	0.41866	0.00830	0.00993	0.02374	0.03874	0.01183	0.00796	0.02552	0.00659	0.02311	0.00404	0.00123	0.00437	0.00357	0.05547	0.00508
30	0.00494	0.00338	0.00443	0.00519	0.00546	0.00317	0.00346	0.00560	0.00723	0.02334	0.02005	0.77829	0.02375	0.06217	0.00562	0.00164	0.00229	0.01017	0.02670	0.00310
31	0.00786	0.00674	0.00786	0.00562	0.00899	0.00506	0.00449	0.00955	0.00786	0.01236	0.00674	0.00786	0.00562	0.00281	0.00281	0.00056	0.00281	0.00225	0.00225	0.88990
32	0.02423	0.01019	0.05194	0.01222	0.17073	0.14516	0.13536	0.07299	0.02296	0.13895	0.03993	0.06544	0.00863	0.00504	0.01547	0.00127	0.06758	0.00404	0.00267	0.00521

[dist]
# distance from previous block
# <min> <max>
5	14

[block]
# block no. 9 follows, 72 sequences, length 20
# corresponding to MSA columns:
# 378-397
name=unknown_J
#
# <colnr> <probs for GDERKNQSTAVLIFYWHMCP>
#	G	D	E	R	K	N	Q	S	T	A	V	L	I	F	Y	W	H	M	C	P
0	0.10540	0.02929	0.09137	0.02822	0.01061	0.31307	0.01935	0.06934	0.02431	0.03241	0.00865	0.09545	0.00797	0.06244	0.03388	0.00145	0.01741	0.00372	0.00237	0.04329
1	0.05148	0.06903	0.03516	0.06983	0.26684	0.10791	0.12574	0.08101	0.03620	0.01262	0.01916	0.01006	0.00664	0.04503	0.00462	0.00126	0.02661	0.00344	0.02224	0.00512
2	0.00480	0.00358	0.00452	0.00513	0.00563	0.00329	0.00351	0.00576	0.02410	0.01008	0.04141	0.69108	0.13687	0.01109	0.00471	0.00146	0.00219	0.00995	0.00351	0.02732
3	0.03565	0.00531	0.00621	0.00602	0.00673	0.06065	0.00454	0.02024	0.00668	0.00961	0.01023	0.04433	0.00992	0.15245	0.47564	0.00429	0.05777	0.00425	0.07607	0.00340
4	0.04689	0.00506	0.00581	0.00495	0.00670	0.00489	0.00394	0.06064	0.00943	0.28721	0.01274	0.01311	0.00919	0.00448	0.00309	0.00101	0.00244	0.00356	0.51019	0.00469
5	0.01442	0.01062	0.01138	0.00873	0.01176	0.01176	0.00721	0.83041	0.01783	0.02390	0.00911	0.00911	0.00645	0.00455	0.00379	0.00114	0.00417	0.00341	0.00379	0.00645
6	0.00541	0.00367	0.00435	0.00445	0.00454	0.00371	0.00267	0.00561	0.00577	0.00775	0.01278	0.11753	0.01464	0.69175	0.09673	0.00367	0.00413	0.00596	0.00241	0.00249
7	0.01014	0.86900	0.01987	0.00649	0.00973	0.01501	0.00649	0.01136	0.00771	0.00892	0.00527	0.00608	0.00487	0.00324	0.00243	0.00081	0.00406	0.00203	0.00162	0.00487
8	0.89350	0.00733	0.00557	0.00499	0.00733	0.00851	0.00411	0.01115	0.00645	0.01702	0.00528	0.00616	0.00411	0.00352	0.00235	0.00117	0.00293	0.00205	0.00235	0.00411
9	0.01014	0.86900	0.01987	0.00649	0.00973	0.01501	0.00649	0.01136	0.00771	0.00892	0.00527	0.00608	0.00487	0.00324	0.00243	0.00081	0.00406	0.00203	0.00162	0.00487
10	0.01689	0.00665	0.00892	0.00684	0.00978	0.00587	0.00565	0.05729	0.01119	0.80641	0.01468	0.01273	0.00925	0.00469	0.00381	0.00117	0.00327	0.00379	0.00465	0.00645
11	0.01014	0.86900	0.01987	0.00649	0.00973	0.01501	0.00649	0.01136	0.00771	0.00892	0.00527	0.00608	0.00487	0.00324	0.00243	0.00081	0.00406	0.00203	0.00162	0.00487
12	0.00716	0.00674	0.01138	0.85760	0.02612	0.00843	0.01053	0.00969	0.00758	0.00969	0.00674	0.01011	0.00506	0.00379	0.00379	0.00126	0.00506	0.00337	0.00169	0.00421
13	0.00479	0.00372	0.00436	0.00449	0.00539	0.00329	0.00326	0.00593	0.00894	0.01163	0.28087	0.24383	0.38670	0.00961	0.00457	0.00132	0.00195	0.00836	0.00372	0.00329
14	0.00504	0.00386	0.00461	0.00443	0.00546	0.00344	0.00332	0.00652	0.00996	0.01337	0.54356	0.03136	0.33443	0.00844	0.00448	0.00123	0.00184	0.00728	0.00393	0.00344
15	0.00629	0.00411	0.00478	0.00459	0.00480	0.00435	0.00292	0.00665	0.00604	0.03226	0.01154	0.02161	0.01237	0.64830	0.01590	0.00304	0.07208	0.00500	0.13062	0.00274
16	0.00573	0.00428	0.00623	0.00613	0.00687	0.00495	0.00476	0.03510	0.00648	0.00929	0.01017	0.01496	0.00949	0.04974	0.80052	0.00586	0.00978	0.00408	0.00210	0.00346
17	0.00612	0.00410	0.00581	0.00571	0.00642	0.00457	0.00433	0.00733	0.00638	0.05095	0.01078	0.01605	0.01006	0.13567	0.64579	0.00520	0.00843	0.00421	0.05871	0.00341
18	0.00698	0.00641	0.02327	0.02007	0.03926	0.02695	0.18298	0.02823	0.06479	0.01259	0.16913	0.15915	0.12224	0.00721	0.02132	0.00136	0.00353	0.01610	0.08430	0.00415
19	0.01078	0.57575	0.01640	0.00743	0.02471	0.14608	0.00657	0.02679	0.08891	0.02997	0.00713	0.03160	0.00625	0.00384	0.00288	0.00092	0.00433	0.00265	0.00206	0.00494

[dist]
