[name]
unknown

[dist]
# distance from previous block
# <min> <max>
0	133

[block]
# block no. 0 follows, 72 sequences, length 18
# corresponding to MSA columns:
# 136-153
name=unknown_A
#
# <colnr> <probs for GDERKNQSTAVLIFYWHMCP>
#	G	D	E	R	K	N	Q	S	T	A	V	L	I	F	Y	W	H	M	C	P
0	0.00939	0.03060	0.20454	0.01002	0.01357	0.05706	0.19758	0.09451	0.09449	0.03845	0.04638	0.01128	0.00808	0.00409	0.00379	0.00112	0.00468	0.02889	0.00251	0.13898
1	0.00920	0.06670	0.30394	0.03446	0.34576	0.07049	0.06266	0.02988	0.01976	0.01204	0.00699	0.00864	0.00549	0.00353	0.00364	0.00114	0.00513	0.00311	0.00184	0.00559
2	0.00820	0.16958	0.00907	0.00661	0.00806	0.18605	0.00511	0.01016	0.09908	0.01018	0.01556	0.36253	0.08005	0.00765	0.00395	0.00124	0.00360	0.00644	0.00287	0.00403
3	0.00704	0.00625	0.00976	0.38968	0.12453	0.00739	0.00800	0.00865	0.00692	0.00934	0.00814	0.01383	0.00765	0.22106	0.06656	0.00222	0.09324	0.00395	0.00188	0.00391
4	0.01032	0.04825	0.17547	0.03885	0.28508	0.11866	0.15914	0.01288	0.00900	0.09495	0.00770	0.00918	0.00585	0.00360	0.00376	0.00114	0.00523	0.00333	0.00211	0.00550
5	0.02381	0.03902	0.01379	0.48731	0.05725	0.02814	0.18035	0.02722	0.04979	0.04553	0.00767	0.01012	0.00575	0.00375	0.00385	0.00123	0.00508	0.00357	0.00203	0.00473
6	0.00960	0.47880	0.02101	0.01080	0.01432	0.01255	0.38034	0.01172	0.00827	0.01039	0.00636	0.00797	0.00527	0.00322	0.00336	0.00102	0.00512	0.00314	0.00176	0.00498
7	0.01322	0.00926	0.05136	0.03267	0.21346	0.07245	0.09929	0.06560	0.01032	0.37748	0.01062	0.01076	0.00732	0.00407	0.00383	0.00116	0.00438	0.00359	0.00322	0.00595
8	0.00907	0.09784	0.31502	0.01344	0.16136	0.00938	0.21879	0.01246	0.03765	0.06092	0.00798	0.02508	0.00615	0.00370	0.00378	0.00118	0.00516	0.00351	0.00203	0.00550
9	0.00547	0.00366	0.00415	0.00420	0.00421	0.00365	0.00236	0.00550	0.00561	0.00748	0.01242	0.06882	0.01438	0.82191	0.01855	0.00356	0.00360	0.00579	0.00236	0.00234
10	0.01403	0.00817	0.00968	0.00808	0.03630	0.00847	0.00634	0.25032	0.23105	0.36583	0.01317	0.01204	0.00902	0.00473	0.00382	0.00119	0.00348	0.00381	0.00413	0.00632
11	0.02887	0.05951	0.10086	0.04202	0.51997	0.03861	0.05385	0.02753	0.04196	0.03990	0.00755	0.00926	0.00604	0.00355	0.00367	0.00113	0.00465	0.00329	0.00205	0.00573
12	0.01332	0.06254	0.22368	0.00840	0.02519	0.02160	0.02364	0.08900	0.02257	0.43907	0.01177	0.01112	0.02188	0.00434	0.00369	0.00116	0.00408	0.00347	0.00346	0.00601
13	0.00491	0.00353	0.00482	0.00560	0.00596	0.00344	0.00401	0.00580	0.00733	0.00981	0.01961	0.65892	0.02293	0.01351	0.09774	0.00207	0.00325	0.12024	0.00335	0.00317
14	0.00815	0.00808	0.01133	0.00976	0.00979	0.01126	0.00811	0.00900	0.00582	0.00911	0.00525	0.00864	0.00521	0.00778	0.05624	0.00189	0.81544	0.00336	0.00168	0.00411
15	0.84291	0.00743	0.00614	0.00603	0.05516	0.00854	0.00454	0.01118	0.00658	0.01675	0.00539	0.00635	0.00422	0.00351	0.00243	0.00117	0.00302	0.00213	0.00232	0.00422
16	0.02721	0.38028	0.23408	0.01156	0.19219	0.03812	0.02497	0.03143	0.00832	0.01107	0.00623	0.00748	0.00514	0.00342	0.00313	0.00101	0.00467	0.00262	0.00175	0.00532
17	0.03230	0.31471	0.09447	0.00864	0.04126	0.11461	0.00766	0.28886	0.01163	0.04203	0.00717	0.00773	0.00557	0.00386	0.00322	0.00101	0.00455	0.00273	0.00252	0.00549

[dist]
# distance from previous block
# <min> <max>
0	2

[block]
# block no. 1 follows, 72 sequences, length 13
# corresponding to MSA columns:
# 156-168
name=unknown_B
#
# <colnr> <probs for GDERKNQSTAVLIFYWHMCP>
#	G	D	E	R	K	N	Q	S	T	A	V	L	I	F	Y	W	H	M	C	P
0	0.10322	0.02674	0.03780	0.02604	0.27331	0.00973	0.07897	0.24953	0.04702	0.05974	0.00822	0.00928	0.00623	0.00394	0.00385	0.00116	0.02497	0.00334	0.00270	0.02421
1	0.00930	0.00851	0.01398	0.13511	0.56256	0.00887	0.03774	0.04676	0.04796	0.03237	0.03714	0.01046	0.00726	0.00381	0.00399	0.00117	0.02160	0.00359	0.00217	0.00564
2	0.07684	0.00889	0.03019	0.02307	0.03292	0.00973	0.05209	0.18019	0.46964	0.01688	0.02935	0.01212	0.00958	0.00478	0.00399	0.00125	0.02537	0.00391	0.00343	0.00576
3	0.89350	0.00733	0.00557	0.00499	0.00733	0.00851	0.00411	0.01115	0.00645	0.01702	0.00528	0.00616	0.00411	0.00352	0.00235	0.00117	0.00293	0.00205	0.00235	0.00411
4	0.00559	0.00375	0.00471	0.00515	0.00568	0.00352	0.00363	0.00633	0.00745	0.04911	0.02094	0.41936	0.13095	0.19445	0.00790	0.00197	0.00271	0.12035	0.00331	0.00315
5	0.16509	0.00826	0.00922	0.04404	0.07576	0.00909	0.00634	0.31835	0.13651	0.05978	0.02861	0.05151	0.00885	0.05656	0.00455	0.00135	0.00362	0.00388	0.00326	0.00537
6	0.01684	0.00674	0.00898	0.00688	0.00982	0.00600	0.00569	0.07445	0.01134	0.78904	0.01456	0.01265	0.00919	0.00468	0.00381	0.00117	0.00329	0.00379	0.00463	0.00645
7	0.00582	0.00364	0.00483	0.00523	0.00563	0.00347	0.00356	0.00633	0.03020	0.04983	0.03851	0.53040	0.04578	0.05983	0.00759	0.18239	0.00256	0.00825	0.00315	0.00301
8	0.00618	0.00417	0.00530	0.00561	0.00646	0.00399	0.00425	0.00781	0.05416	0.06847	0.09695	0.34315	0.12503	0.05849	0.00555	0.00160	0.00262	0.19301	0.00360	0.00359
9	0.04063	0.01032	0.01157	0.04043	0.04783	0.06780	0.04914	0.54314	0.03119	0.10609	0.00926	0.00946	0.00657	0.00436	0.00376	0.00115	0.00436	0.00342	0.00346	0.00606
10	0.00939	0.00901	0.01539	0.02328	0.84306	0.00901	0.01164	0.01164	0.00864	0.01239	0.00713	0.00939	0.00601	0.00338	0.00375	0.00113	0.00451	0.00338	0.00188	0.00601
11	0.01280	0.25567	0.01342	0.04921	0.04784	0.37453	0.00724	0.08962	0.01031	0.09584	0.00702	0.00772	0.00554	0.00383	0.00325	0.00099	0.00525	0.00264	0.00229	0.00499
12	0.01003	0.00968	0.07166	0.11257	0.49235	0.04741	0.06114	0.01234	0.00877	0.10465	0.00786	0.00967	0.00610	0.00368	0.00400	0.00117	0.02572	0.00341	0.00215	0.00565

[dist]
# distance from previous block
# <min> <max>
0	1

[block]
# block no. 2 follows, 72 sequences, length 17
# corresponding to MSA columns:
# 170-186
name=unknown_C
#
# <colnr> <probs for GDERKNQSTAVLIFYWHMCP>
#	G	D	E	R	K	N	Q	S	T	A	V	L	I	F	Y	W	H	M	C	P
0	0.03845	0.33279	0.09207	0.00910	0.09254	0.05270	0.00759	0.11926	0.08981	0.11906	0.00834	0.00867	0.00638	0.00387	0.00321	0.00103	0.00415	0.00288	0.00257	0.00552
1	0.01598	0.00689	0.00911	0.00744	0.03533	0.00632	0.00588	0.05821	0.08408	0.70654	0.01448	0.01272	0.00933	0.00469	0.00382	0.00118	0.00329	0.00382	0.00449	0.00640
2	0.05432	0.00935	0.01695	0.01257	0.01563	0.02952	0.50263	0.09731	0.00964	0.08236	0.00916	0.07763	0.00751	0.00438	0.00469	0.00128	0.05291	0.00457	0.00248	0.00508
3	0.01012	0.17714	0.13522	0.02963	0.24004	0.04841	0.12787	0.06232	0.03770	0.06802	0.00793	0.02500	0.00631	0.00377	0.00360	0.00111	0.00476	0.00335	0.00220	0.00549
4	0.00783	0.01948	0.22284	0.00683	0.00922	0.00556	0.01661	0.01018	0.03654	0.14021	0.21247	0.12726	0.07877	0.08260	0.00546	0.00146	0.00335	0.00564	0.00322	0.00445
5	0.01589	0.00638	0.00856	0.00664	0.00940	0.00562	0.00546	0.04669	0.01110	0.74272	0.08777	0.01413	0.01162	0.00496	0.00387	0.00117	0.00313	0.00407	0.00462	0.00620
6	0.00756	0.00564	0.00627	0.00565	0.00699	0.05562	0.00434	0.07416	0.04860	0.07272	0.55874	0.03682	0.07354	0.00715	0.00430	0.00120	0.00248	0.02012	0.00397	0.00413
7	0.01181	0.11956	0.27422	0.00906	0.01285	0.06104	0.02868	0.28158	0.03190	0.12060	0.00857	0.00888	0.00612	0.00405	0.00356	0.00112	0.00467	0.00309	0.00280	0.00582
8	0.29164	0.02947	0.09449	0.07954	0.25997	0.00896	0.04862	0.04160	0.05950	0.04195	0.00731	0.00864	0.00564	0.00366	0.00331	0.00117	0.00409	0.00299	0.00227	0.00518
9	0.00542	0.00404	0.00598	0.00598	0.00662	0.00468	0.00460	0.00670	0.00606	0.00872	0.01026	0.01546	0.00972	0.07578	0.80468	0.00596	0.00979	0.00415	0.00205	0.00332
10	0.00517	0.00357	0.00443	0.00489	0.00507	0.00347	0.00317	0.00562	0.00657	0.00873	0.01662	0.39662	0.01948	0.41402	0.01168	0.00256	0.00301	0.07961	0.00294	0.00275
11	0.00897	0.05134	0.06667	0.20744	0.48259	0.00912	0.07595	0.01142	0.00839	0.03186	0.00717	0.00945	0.00573	0.00350	0.00375	0.00116	0.00479	0.00337	0.00188	0.00547
12	0.00962	0.01049	0.01067	0.00935	0.00988	0.23749	0.00746	0.01041	0.00711	0.00900	0.00588	0.00948	0.00580	0.08816	0.01067	0.00167	0.54774	0.00329	0.00180	0.00404
13	0.00644	0.00335	0.00483	0.00483	0.00483	0.00335	0.00315	0.00502	0.00502	0.00670	0.00735	0.01341	0.00760	0.13374	0.01546	0.76451	0.00335	0.00361	0.00174	0.00174
14	0.06017	0.52868	0.04818	0.00980	0.12517	0.10067	0.05844	0.01185	0.00817	0.01021	0.00580	0.00695	0.00504	0.00336	0.00288	0.00094	0.00455	0.00244	0.00175	0.00497
15	0.56768	0.13342	0.00920	0.03863	0.07509	0.10063	0.00563	0.01160	0.00731	0.01437	0.00554	0.00662	0.00449	0.00352	0.00264	0.00110	0.00372	0.00225	0.00214	0.00440
16	0.19251	0.05394	0.01150	0.05714	0.39088	0.06066	0.00821	0.02474	0.00853	0.02997	0.08106	0.04803	0.00899	0.00426	0.00349	0.00114	0.00396	0.00362	0.00232	0.00503

[dist]
# distance from previous block
# <min> <max>
2	9

[block]
# block no. 3 follows, 72 sequences, length 123
# corresponding to MSA columns:
# 197-252,254-277,281-310,316-328
name=unknown_D
#
# <colnr> <probs for GDERKNQSTAVLIFYWHMCP>
#	G	D	E	R	K	N	Q	S	T	A	V	L	I	F	Y	W	H	M	C	P
0	0.00761	0.01820	0.74656	0.03454	0.03279	0.00870	0.05261	0.01178	0.00807	0.01192	0.00766	0.00893	0.02631	0.00374	0.00368	0.00121	0.00551	0.00304	0.00167	0.00549
1	0.04443	0.13804	0.26468	0.04758	0.15267	0.04633	0.13978	0.02919	0.03481	0.02663	0.00707	0.00859	0.00549	0.00366	0.00388	0.00115	0.03566	0.00312	0.00192	0.00531
2	0.04912	0.00878	0.05546	0.31396	0.30209	0.00905	0.01002	0.12033	0.04400	0.03966	0.00775	0.00970	0.00592	0.00381	0.00371	0.00119	0.00454	0.00334	0.00224	0.00534
3	0.00716	0.00674	0.01138	0.85760	0.02612	0.00843	0.01053	0.00969	0.00758	0.00969	0.00674	0.01011	0.00506	0.00379	0.00379	0.00126	0.00506	0.00337	0.00169	0.00421
4	0.00483	0.00356	0.00482	0.00590	0.03605	0.00334	0.00385	0.00559	0.00742	0.00985	0.02130	0.76875	0.06703	0.01142	0.00479	0.00152	0.00230	0.03103	0.00346	0.00320
5	0.07116	0.14703	0.38286	0.00940	0.04211	0.04600	0.02119	0.07990	0.01827	0.13615	0.00794	0.00849	0.00571	0.00380	0.00339	0.00112	0.00471	0.00287	0.00235	0.00554
6	0.01027	0.79335	0.04835	0.00682	0.01008	0.05991	0.00680	0.01158	0.00788	0.00905	0.00536	0.00619	0.00487	0.00329	0.00253	0.00083	0.00426	0.00208	0.00164	0.00487
7	0.00542	0.00406	0.00610	0.00610	0.00677	0.00474	0.00474	0.00677	0.00610	0.00880	0.01016	0.01490	0.00948	0.02844	0.85169	0.00610	0.01016	0.00406	0.00203	0.00339
8	0.01424	0.01421	0.01103	0.00984	0.05217	0.46199	0.00736	0.28781	0.01302	0.08117	0.00774	0.00821	0.00582	0.00416	0.00359	0.00105	0.00555	0.00292	0.00278	0.00533
9	0.03824	0.05674	0.45113	0.02084	0.02444	0.02796	0.16231	0.05134	0.03501	0.08476	0.00791	0.00895	0.00567	0.00370	0.00370	0.00119	0.00524	0.00322	0.00214	0.00552
10	0.08970	0.00647	0.00731	0.00658	0.00825	0.00679	0.00504	0.24767	0.06516	0.11001	0.01503	0.38567	0.01510	0.00774	0.00413	0.00133	0.00301	0.00663	0.00365	0.00473
11	0.00943	0.00815	0.00858	0.00772	0.00986	0.00943	0.00600	0.02015	0.83621	0.01586	0.01544	0.01415	0.01158	0.00515	0.00386	0.00129	0.00300	0.00429	0.00386	0.00600
12	0.00939	0.00861	0.01214	0.04893	0.18226	0.03992	0.00883	0.02009	0.00715	0.07156	0.00631	0.00890	0.00553	0.00558	0.00923	0.00147	0.54405	0.00334	0.00196	0.00474
13	0.01184	0.00990	0.01140	0.00926	0.01095	0.05137	0.00765	0.42526	0.01222	0.03257	0.00730	0.00873	0.00580	0.00542	0.00747	0.00135	0.36998	0.00334	0.00281	0.00537
14	0.00542	0.00406	0.00610	0.00610	0.00677	0.00474	0.00474	0.00677	0.00610	0.00880	0.01016	0.01490	0.00948	0.02844	0.85169	0.00610	0.01016	0.00406	0.00203	0.00339
15	0.00542	0.00406	0.00610	0.00610	0.00677	0.00474	0.00474	0.00677	0.00610	0.00880	0.01016	0.01490	0.00948	0.02844	0.85169	0.00610	0.01016	0.00406	0.00203	0.00339
16	0.01417	0.01808	0.01075	0.00977	0.01172	0.85149	0.00733	0.01514	0.01075	0.00928	0.00586	0.00684	0.00489	0.00391	0.00342	0.00098	0.00684	0.00244	0.00195	0.00440
17	0.00498	0.00360	0.00470	0.00498	0.00557	0.00333	0.00352	0.00620	0.00900	0.01238	0.41943	0.42555	0.06304	0.00979	0.00465	0.00136	0.00199	0.00877	0.00384	0.00333
18	0.00563	0.00393	0.00515	0.00482	0.00575	0.00362	0.00362	0.00741	0.01074	0.03359	0.82277	0.02799	0.03520	0.00769	0.00446	0.00119	0.00182	0.00679	0.00419	0.00364
19	0.00943	0.00815	0.00858	0.00772	0.00986	0.00943	0.00600	0.02015	0.83621	0.01586	0.01544	0.01415	0.01158	0.00515	0.00386	0.00129	0.00300	0.00429	0.00386	0.00600
20	0.01014	0.86900	0.01987	0.00649	0.00973	0.01501	0.00649	0.01136	0.00771	0.00892	0.00527	0.00608	0.00487	0.00324	0.00243	0.00081	0.00406	0.00203	0.00162	0.00487
21	0.00552	0.00368	0.00414	0.00414	0.00414	0.00368	0.00230	0.00552	0.00552	0.00735	0.01195	0.02482	0.01379	0.86672	0.01930	0.00368	0.00368	0.00552	0.00230	0.00230
22	0.00542	0.00406	0.00610	0.00610	0.00677	0.00474	0.00474	0.00677	0.00610	0.00880	0.01016	0.01490	0.00948	0.02844	0.85169	0.00610	0.01016	0.00406	0.00203	0.00339
23	0.00761	0.01962	0.84707	0.01081	0.01641	0.00881	0.01401	0.01201	0.00801	0.01201	0.00681	0.00801	0.00480	0.00360	0.00360	0.00120	0.00560	0.00280	0.00160	0.00560
24	0.00546	0.00413	0.00618	0.00616	0.00682	0.00485	0.00480	0.00681	0.00609	0.00881	0.01008	0.01479	0.00941	0.02810	0.83834	0.00602	0.02367	0.00405	0.00203	0.00340
25	0.87624	0.00732	0.00564	0.00502	0.00738	0.00845	0.00414	0.01129	0.00654	0.03334	0.00547	0.00629	0.00421	0.00354	0.00238	0.00117	0.00294	0.00209	0.00239	0.00415
26	0.00659	0.00329	0.00494	0.00494	0.00494	0.00329	0.00329	0.00494	0.00494	0.00659	0.00659	0.01153	0.00659	0.01318	0.01482	0.88966	0.00329	0.00329	0.00165	0.00165
27	0.89350	0.00733	0.00557	0.00499	0.00733	0.00851	0.00411	0.01115	0.00645	0.01702	0.00528	0.00616	0.00411	0.00352	0.00235	0.00117	0.00293	0.00205	0.00235	0.00411
28	0.03776	0.00980	0.01053	0.00832	0.01112	0.01088	0.00680	0.62304	0.15273	0.05155	0.01029	0.01015	0.00742	0.00524	0.02548	0.00129	0.00406	0.00355	0.00375	0.00623
29	0.01442	0.01062	0.01138	0.00873	0.01176	0.01176	0.00721	0.83041	0.01783	0.02390	0.00911	0.00911	0.00645	0.00455	0.00379	0.00114	0.00417	0.00341	0.00379	0.00645
30	0.00552	0.00368	0.00414	0.00414	0.00414	0.00368	0.00230	0.00552	0.00552	0.00735	0.01195	0.02482	0.01379	0.86672	0.01930	0.00368	0.00368	0.00552	0.00230	0.00230
31	0.00830	0.00830	0.01162	0.00996	0.00996	0.01162	0.00830	0.00913	0.00581	0.00913	0.00498	0.00830	0.00498	0.00664	0.01245	0.00166	0.85977	0.00332	0.00166	0.00415
32	0.00552	0.00368	0.00414	0.00414	0.00414	0.00368	0.00230	0.00552	0.00552	0.00735	0.01195	0.02482	0.01379	0.86672	0.01930	0.00368	0.00368	0.00552	0.00230	0.00230
33	0.01325	0.00949	0.01013	0.00790	0.01059	0.01045	0.00648	0.69948	0.01626	0.02235	0.00963	0.00991	0.00697	0.00453	0.00361	0.00110	0.00379	0.00343	0.14467	0.00599
34	0.00722	0.00678	0.01130	0.83457	0.02568	0.00845	0.01041	0.00997	0.03003	0.00986	0.00698	0.01022	0.00523	0.00383	0.00379	0.00126	0.00500	0.00340	0.00174	0.00426
35	0.00547	0.00387	0.00511	0.00511	0.00544	0.00420	0.00351	0.00614	0.00580	0.00807	0.01106	0.01990	0.01165	0.45147	0.43163	0.00487	0.00689	0.00480	0.00217	0.00284
36	0.00560	0.00415	0.00602	0.00597	0.00663	0.00478	0.00457	0.02237	0.00627	0.00896	0.01030	0.01567	0.00981	0.10274	0.76129	0.00578	0.00947	0.00418	0.00209	0.00335
37	0.00902	0.00827	0.01292	0.05733	0.50277	0.00792	0.02927	0.02189	0.03957	0.02368	0.00746	0.00925	0.00611	0.00334	0.00352	0.00099	0.00404	0.00314	0.00211	0.24741
38	0.89350	0.00733	0.00557	0.00499	0.00733	0.00851	0.00411	0.01115	0.00645	0.01702	0.00528	0.00616	0.00411	0.00352	0.00235	0.00117	0.00293	0.00205	0.00235	0.00411
39	0.00770	0.04937	0.81809	0.01066	0.01618	0.00902	0.01375	0.01199	0.00800	0.01190	0.00675	0.00794	0.00481	0.00359	0.00356	0.00119	0.00555	0.00278	0.00160	0.00558
40	0.03206	0.00994	0.00983	0.00782	0.01061	0.16016	0.00631	0.27261	0.03113	0.34116	0.01070	0.01015	0.00732	0.00436	0.00364	0.00109	0.00414	0.00330	0.00367	0.07000
41	0.00559	0.00380	0.00434	0.00430	0.00430	0.00390	0.00246	0.00562	0.00552	0.00740	0.01176	0.02436	0.01354	0.84293	0.01911	0.00362	0.02735	0.00545	0.00228	0.00235
42	0.02822	0.00788	0.01172	0.33401	0.05457	0.04547	0.11452	0.06872	0.06525	0.13413	0.00941	0.01193	0.00719	0.02473	0.04216	0.00151	0.00492	0.02617	0.00256	0.00492
43	0.01218	0.00857	0.01618	0.01185	0.01514	0.00800	0.44828	0.02421	0.00971	0.34614	0.01070	0.01172	0.00743	0.00404	0.00449	0.00126	0.03495	0.01647	0.00307	0.00561
44	0.05433	0.00778	0.00946	0.00728	0.01022	0.00761	0.00601	0.26877	0.01282	0.55599	0.01273	0.01144	0.00825	0.00460	0.00374	0.00116	0.00351	0.00361	0.00431	0.00635
45	0.00737	0.00599	0.00668	0.00622	0.00778	0.00641	0.00485	0.03575	0.37533	0.01466	0.25340	0.02381	0.14253	0.00698	0.00423	0.00129	0.00256	0.07511	0.01438	0.00467
46	0.01658	0.00634	0.00865	0.00670	0.00953	0.00549	0.00550	0.01802	0.01073	0.81640	0.01517	0.04273	0.00994	0.00495	0.00385	0.00119	0.00319	0.00406	0.00465	0.00634
47	0.00716	0.00674	0.01138	0.85760	0.02612	0.00843	0.01053	0.00969	0.00758	0.00969	0.00674	0.01011	0.00506	0.00379	0.00379	0.00126	0.00506	0.00337	0.00169	0.00421
48	0.00830	0.00830	0.01162	0.00996	0.00996	0.01162	0.00830	0.00913	0.00581	0.00913	0.00498	0.00830	0.00498	0.00664	0.01245	0.00166	0.85977	0.00332	0.00166	0.00415
49	0.00761	0.01962	0.84707	0.01081	0.01641	0.00881	0.01401	0.01201	0.00801	0.01201	0.00681	0.00801	0.00480	0.00360	0.00360	0.00120	0.00560	0.00280	0.00160	0.00560
50	0.00831	0.03838	0.01192	0.00983	0.01000	0.01155	0.01939	0.00918	0.00594	0.00917	0.00531	0.02355	0.00534	0.00657	0.01185	0.00162	0.80278	0.00342	0.00169	0.00417
51	0.00543	0.00401	0.00580	0.00580	0.00638	0.00458	0.00437	0.00658	0.00601	0.00859	0.01043	0.01639	0.01013	0.15458	0.72644	0.00573	0.00918	0.00428	0.00207	0.00322
52	0.00462	0.00331	0.00439	0.00524	0.00549	0.00308	0.00350	0.00528	0.00730	0.00970	0.02135	0.84304	0.04599	0.01182	0.00483	0.00153	0.00219	0.01071	0.00352	0.00308
53	0.01702	0.00645	0.00880	0.00675	0.00968	0.00557	0.00557	0.01848	0.01085	0.84568	0.01496	0.01291	0.00939	0.00469	0.00381	0.00117	0.00323	0.00381	0.00469	0.00645
54	0.00722	0.00560	0.00750	0.00702	0.00776	0.02776	0.00552	0.04127	0.00710	0.06309	0.01077	0.13321	0.01052	0.01850	0.44899	0.00389	0.18326	0.00478	0.00241	0.00385
55	0.00904	0.00860	0.01453	0.07628	0.60136	0.02506	0.07962	0.01130	0.00867	0.02285	0.00863	0.01312	0.00766	0.00419	0.00397	0.00121	0.00462	0.09167	0.00208	0.00551
56	0.01113	0.00540	0.00731	0.00674	0.00861	0.00499	0.00572	0.02727	0.00985	0.39093	0.01852	0.02826	0.05898	0.00770	0.00452	0.00145	0.00330	0.39038	0.00405	0.00488
57	0.63768	0.04543	0.00790	0.00648	0.00884	0.18651	0.03646	0.01204	0.00751	0.01486	0.00549	0.00646	0.00437	0.00358	0.00266	0.00112	0.00394	0.00223	0.00222	0.00424
58	0.00450	0.00375	0.00393	0.00408	0.00518	0.00318	0.00299	0.00542	0.00842	0.01015	0.03557	0.17100	0.70885	0.00997	0.00454	0.00132	0.00197	0.00846	0.00352	0.00318
59	0.01018	0.02305	0.06313	0.01520	0.30752	0.15145	0.14907	0.02464	0.16212	0.02395	0.00859	0.00988	0.00675	0.00388	0.00401	0.00117	0.02407	0.00353	0.00230	0.00551
60	0.01009	0.04591	0.40397	0.05476	0.14431	0.03740	0.02156	0.03798	0.00898	0.16069	0.00830	0.00915	0.00591	0.00377	0.00362	0.00115	0.00485	0.00308	0.00230	0.03222
61	0.40270	0.14784	0.01025	0.00740	0.02009	0.28458	0.02428	0.04313	0.00856	0.01330	0.00569	0.00661	0.00463	0.00363	0.00283	0.00105	0.00453	0.00230	0.00214	0.00446
62	0.00804	0.41296	0.01255	0.00664	0.00859	0.00934	0.00614	0.00936	0.00805	0.00995	0.01237	0.02379	0.01301	0.00720	0.00442	0.04798	0.00375	0.38930	0.00251	0.00404
63	0.00710	0.00662	0.03118	0.03729	0.36183	0.01819	0.00757	0.00894	0.03696	0.01110	0.01389	0.41353	0.01514	0.00748	0.00426	0.00133	0.00344	0.00688	0.00271	0.00454
64	0.00535	0.00388	0.00505	0.00476	0.00566	0.00357	0.00357	0.00713	0.01070	0.01513	0.82814	0.02846	0.04876	0.00778	0.00447	0.00119	0.00179	0.00688	0.00416	0.00357
65	0.00462	0.00330	0.00440	0.00528	0.00550	0.00308	0.00352	0.00528	0.00726	0.00968	0.02090	0.86424	0.02508	0.01188	0.00484	0.00154	0.00220	0.01078	0.00352	0.00308
66	0.01014	0.86900	0.01987	0.00649	0.00973	0.01501	0.00649	0.01136	0.00771	0.00892	0.00527	0.00608	0.00487	0.00324	0.00243	0.00081	0.00406	0.00203	0.00162	0.00487
67	0.00537	0.00388	0.00507	0.00477	0.00567	0.00358	0.00358	0.00716	0.01074	0.01521	0.84106	0.02833	0.03578	0.00775	0.00447	0.00119	0.00179	0.00686	0.00417	0.00358
68	0.89350	0.00733	0.00557	0.00499	0.00733	0.00851	0.00411	0.01115	0.00645	0.01702	0.00528	0.00616	0.00411	0.00352	0.00235	0.00117	0.00293	0.00205	0.00235	0.00411
69	0.00707	0.00353	0.00353	0.00353	0.00442	0.00353	0.00265	0.00884	0.00795	0.01414	0.01237	0.01414	0.00972	0.00442	0.00265	0.00088	0.00177	0.00353	0.88777	0.00353
70	0.89350	0.00733	0.00557	0.00499	0.00733	0.00851	0.00411	0.01115	0.00645	0.01702	0.00528	0.00616	0.00411	0.00352	0.00235	0.00117	0.00293	0.00205	0.00235	0.00411
71	0.00533	0.00388	0.00502	0.00473	0.00564	0.00356	0.00355	0.00709	0.01065	0.01501	0.80932	0.02865	0.06765	0.00783	0.00447	0.00120	0.00179	0.00690	0.00415	0.00356
72	0.89350	0.00733	0.00557	0.00499	0.00733	0.00851	0.00411	0.01115	0.00645	0.01702	0.00528	0.00616	0.00411	0.00352	0.00235	0.00117	0.00293	0.00205	0.00235	0.00411
73	0.89350	0.00733	0.00557	0.00499	0.00733	0.00851	0.00411	0.01115	0.00645	0.01702	0.00528	0.00616	0.00411	0.00352	0.00235	0.00117	0.00293	0.00205	0.00235	0.00411
74	0.00786	0.00674	0.00786	0.00562	0.00899	0.00506	0.00449	0.00955	0.00786	0.01236	0.00674	0.00786	0.00562	0.00281	0.00281	0.00056	0.00281	0.00225	0.00225	0.88990
75	0.17499	0.00676	0.00831	0.00650	0.00933	0.00632	0.00537	0.04560	0.01031	0.66746	0.01301	0.01156	0.00833	0.00448	0.00355	0.00117	0.00321	0.00348	0.00424	0.00603
76	0.00734	0.00691	0.01167	0.81194	0.04281	0.00851	0.02659	0.02115	0.00777	0.00999	0.00680	0.01008	0.00511	0.00378	0.00380	0.00126	0.00506	0.00339	0.00172	0.00430
77	0.00780	0.01896	0.80090	0.01063	0.01605	0.00879	0.01357	0.01244	0.04302	0.02287	0.00728	0.00833	0.00515	0.00368	0.00362	0.00120	0.00546	0.00288	0.00174	0.00563
78	0.00448	0.00384	0.00384	0.00384	0.00512	0.00320	0.00288	0.00544	0.00864	0.01025	0.03842	0.03650	0.84152	0.00960	0.00448	0.00128	0.00192	0.00800	0.00352	0.00320
79	0.01331	0.00655	0.00837	0.00671	0.00914	0.00633	0.03402	0.08152	0.12839	0.45663	0.02957	0.01322	0.00990	0.00470	0.00363	0.00114	0.00307	0.00388	0.17420	0.00573
80	0.00767	0.00738	0.01144	0.73835	0.06898	0.04234	0.01025	0.01051	0.04684	0.01011	0.00714	0.01013	0.00541	0.00384	0.00378	0.00125	0.00500	0.00338	0.00181	0.00440
81	0.00552	0.00368	0.00414	0.00414	0.00414	0.00368	0.00230	0.00552	0.00552	0.00735	0.01195	0.02482	0.01379	0.86672	0.01930	0.00368	0.00368	0.00552	0.00230	0.00230
82	0.00960	0.00811	0.00858	0.00770	0.00986	0.00935	0.00599	0.02012	0.81794	0.03423	0.01543	0.01412	0.01153	0.00514	0.00386	0.00128	0.00301	0.00428	0.00388	0.00601
83	0.55102	0.21627	0.00980	0.00603	0.00856	0.11120	0.00515	0.03433	0.00758	0.01433	0.00545	0.00631	0.00445	0.00353	0.00254	0.00106	0.00371	0.00213	0.00217	0.00439
84	0.00937	0.00429	0.00486	0.00435	0.00573	0.00410	0.00339	0.02150	0.00879	0.20152	0.03126	0.01411	0.01018	0.00456	0.00297	0.00096	0.00213	0.00367	0.65804	0.00423
85	0.01170	0.01432	0.09213	0.07805	0.06831	0.41717	0.03664	0.08954	0.05211	0.01156	0.00687	0.00822	0.00549	0.00420	0.00445	0.00114	0.08815	0.00295	0.00213	0.00488
86	0.00474	0.00385	0.00420	0.00411	0.00528	0.00331	0.00308	0.00594	0.00925	0.01169	0.27224	0.03412	0.60680	0.00907	0.00448	0.00126	0.00188	0.00767	0.00371	0.00331
87	0.00545	0.00428	0.00497	0.00473	0.00588	0.00402	0.00357	0.00782	0.09082	0.01350	0.47274	0.02987	0.32199	0.00816	0.00442	0.00123	0.00196	0.00702	0.00391	0.00368
88	0.89350	0.00733	0.00557	0.00499	0.00733	0.00851	0.00411	0.01115	0.00645	0.01702	0.00528	0.00616	0.00411	0.00352	0.00235	0.00117	0.00293	0.00205	0.00235	0.00411
89	0.00464	0.00332	0.00442	0.00527	0.00551	0.00309	0.00352	0.00533	0.00735	0.00982	0.04200	0.84273	0.02536	0.01178	0.00483	0.00153	0.00219	0.01068	0.00354	0.00309
90	0.01417	0.01808	0.01075	0.00977	0.01172	0.85149	0.00733	0.01514	0.01075	0.00928	0.00586	0.00684	0.00489	0.00391	0.00342	0.00098	0.00684	0.00244	0.00195	0.00440
91	0.01417	0.01808	0.01075	0.00977	0.01172	0.85149	0.00733	0.01514	0.01075	0.00928	0.00586	0.00684	0.00489	0.00391	0.00342	0.00098	0.00684	0.00244	0.00195	0.00440
92	0.01417	0.01808	0.01075	0.00977	0.01172	0.85149	0.00733	0.01514	0.01075	0.00928	0.00586	0.00684	0.00489	0.00391	0.00342	0.00098	0.00684	0.00244	0.00195	0.00440
93	0.01014	0.86900	0.01987	0.00649	0.00973	0.01501	0.00649	0.01136	0.00771	0.00892	0.00527	0.00608	0.00487	0.00324	0.00243	0.00081	0.00406	0.00203	0.00162	0.00487
94	0.00542	0.00406	0.00610	0.00610	0.00677	0.00474	0.00474	0.00677	0.00610	0.00880	0.01016	0.01490	0.00948	0.02844	0.85169	0.00610	0.01016	0.00406	0.00203	0.00339
95	0.00895	0.01023	0.02238	0.01598	0.01982	0.00959	0.82928	0.01215	0.00895	0.01215	0.00767	0.01023	0.00575	0.00320	0.00448	0.00128	0.00639	0.00448	0.00192	0.00512
96	0.00463	0.00383	0.00406	0.00403	0.00522	0.00326	0.00301	0.00572	0.00895	0.01105	0.17040	0.05661	0.68740	0.00936	0.00449	0.00127	0.00191	0.00789	0.00363	0.00326
97	0.02095	0.01364	0.44631	0.01064	0.05159	0.00778	0.10271	0.01294	0.00879	0.18712	0.00994	0.01280	0.00762	0.00446	0.00390	0.00125	0.00490	0.08465	0.00250	0.00552
98	0.00838	0.00799	0.01358	0.40001	0.47418	0.00875	0.01114	0.01076	0.00816	0.01117	0.00696	0.00971	0.00558	0.00357	0.00377	0.00119	0.00475	0.00338	0.00179	0.00520
99	0.13799	0.00658	0.00836	0.00650	0.00936	0.00598	0.00537	0.01747	0.01025	0.73131	0.01363	0.01198	0.00866	0.00453	0.00361	0.00117	0.00319	0.00357	0.00437	0.00613
100	0.01196	0.01436	0.03370	0.02480	0.24813	0.49014	0.04154	0.01388	0.04346	0.01060	0.00679	0.00832	0.00563	0.01497	0.00391	0.00110	0.01684	0.00294	0.00200	0.00495
101	0.00731	0.00651	0.00814	0.00746	0.00781	0.06850	0.00583	0.00785	0.00612	0.00852	0.00770	0.02976	0.00766	0.08038	0.26238	0.14161	0.32739	0.00380	0.00188	0.00338
102	0.02571	0.00461	0.00629	0.02387	0.00728	0.03171	0.00487	0.00716	0.00633	0.00908	0.02443	0.01450	0.00951	0.02583	0.75153	0.02837	0.00946	0.00398	0.00206	0.00341
103	0.01643	0.00771	0.00934	0.00723	0.01014	0.04498	0.00594	0.16107	0.01208	0.66332	0.01352	0.01196	0.00867	0.00463	0.00379	0.00116	0.00356	0.00368	0.00441	0.00636
104	0.00974	0.00946	0.04781	0.07389	0.59927	0.03470	0.06450	0.01238	0.03940	0.06051	0.00785	0.00974	0.00625	0.00356	0.00380	0.00115	0.00465	0.00346	0.00210	0.00579
105	0.00938	0.00877	0.01390	0.05467	0.64447	0.03638	0.02110	0.01206	0.05803	0.03401	0.06322	0.01098	0.00833	0.00384	0.00381	0.00114	0.00433	0.00366	0.00222	0.00572
106	0.00852	0.04195	0.00815	0.00687	0.00824	0.08001	0.04772	0.03118	0.03829	0.12505	0.02057	0.06649	0.01073	0.12638	0.34178	0.00346	0.00649	0.02138	0.00266	0.00407
107	0.34427	0.01033	0.01027	0.02643	0.20581	0.19354	0.02614	0.03591	0.00825	0.01342	0.00601	0.00753	0.00493	0.00391	0.00402	0.00117	0.08855	0.00269	0.00210	0.00472
108	0.00473	0.00337	0.00450	0.00536	0.00562	0.00317	0.00366	0.00544	0.00732	0.00974	0.02070	0.80040	0.02469	0.02654	0.00511	0.00159	0.00230	0.05917	0.00350	0.00309
109	0.05677	0.35951	0.11465	0.00870	0.01211	0.01124	0.13686	0.06054	0.05901	0.12407	0.00797	0.00858	0.00607	0.00372	0.00337	0.00106	0.01509	0.00298	0.00238	0.00532
110	0.02232	0.50208	0.01656	0.00930	0.10679	0.07912	0.00740	0.05591	0.00839	0.02948	0.00592	0.00716	0.00520	0.00390	0.00419	0.00101	0.12590	0.00252	0.00188	0.00497
111	0.00925	0.00980	0.01863	0.01901	0.39554	0.02829	0.41499	0.01190	0.00876	0.01211	0.00731	0.00972	0.00583	0.00339	0.00434	0.00121	0.02864	0.00390	0.00189	0.00548
112	0.00488	0.00351	0.00466	0.00541	0.00582	0.00330	0.00385	0.00578	0.00778	0.01035	0.08212	0.65138	0.06241	0.01128	0.00485	0.00153	0.00234	0.12199	0.00356	0.00318
113	0.01169	0.20843	0.10339	0.04726	0.04562	0.04963	0.01900	0.37221	0.07860	0.01663	0.00813	0.00867	0.00616	0.00407	0.00346	0.00108	0.00441	0.00307	0.00279	0.00573
114	0.00546	0.00380	0.00482	0.00485	0.00509	0.00403	0.00318	0.00595	0.00576	0.00792	0.01156	0.04297	0.01258	0.55324	0.30837	0.00446	0.00589	0.00515	0.00224	0.00270
115	0.00567	0.00395	0.00515	0.00481	0.00576	0.00363	0.00362	0.00743	0.01069	0.03806	0.80018	0.02809	0.05315	0.00771	0.00446	0.00119	0.00183	0.00680	0.00417	0.00365
116	0.00939	0.00901	0.01539	0.02328	0.84306	0.00901	0.01164	0.01164	0.00864	0.01239	0.00713	0.00939	0.00601	0.00338	0.00375	0.00113	0.00451	0.00338	0.00188	0.00601
117	0.89350	0.00733	0.00557	0.00499	0.00733	0.00851	0.00411	0.01115	0.00645	0.01702	0.00528	0.00616	0.00411	0.00352	0.00235	0.00117	0.00293	0.00205	0.00235	0.00411
118	0.01014	0.86900	0.01987	0.00649	0.00973	0.01501	0.00649	0.01136	0.00771	0.00892	0.00527	0.00608	0.00487	0.00324	0.00243	0.00081	0.00406	0.00203	0.00162	0.00487
119	0.00552	0.00368	0.00414	0.00414	0.00414	0.00368	0.00230	0.00552	0.00552	0.00735	0.01195	0.02482	0.01379	0.86672	0.01930	0.00368	0.00368	0.00552	0.00230	0.00230
120	0.00611	0.00437	0.00611	0.00698	0.00786	0.00437	0.00611	0.00786	0.00873	0.01135	0.02008	0.04278	0.02183	0.01048	0.00524	0.00175	0.00349	0.81753	0.00349	0.00349
121	0.01066	0.04680	0.01692	0.01491	0.17954	0.26861	0.35090	0.01282	0.00927	0.01107	0.00681	0.00878	0.00547	0.00358	0.00423	0.00115	0.03806	0.00349	0.00190	0.00502
122	0.00593	0.00426	0.00588	0.00672	0.00756	0.00422	0.00577	0.00755	0.00861	0.01117	0.02090	0.10761	0.05573	0.01055	0.00518	0.00171	0.00333	0.72038	0.00350	0.00345

[dist]
# distance from previous block
# <min> <max>
0	2

[block]
# block no. 4 follows, 72 sequences, length 188
# corresponding to MSA columns:
# 331-378,381-426,450-468,471-545
name=unknown_E
#
# <colnr> <probs for GDERKNQSTAVLIFYWHMCP>
#	G	D	E	R	K	N	Q	S	T	A	V	L	I	F	Y	W	H	M	C	P
0	0.00971	0.66268	0.13849	0.00755	0.01104	0.02200	0.03296	0.01178	0.03746	0.00972	0.00593	0.00683	0.00513	0.00344	0.00294	0.00092	0.02237	0.00233	0.00171	0.00500
1	0.00552	0.00368	0.00414	0.00414	0.00414	0.00368	0.00230	0.00552	0.00552	0.00735	0.01195	0.02482	0.01379	0.86672	0.01930	0.00368	0.00368	0.00552	0.00230	0.00230
2	0.00863	0.07694	0.62169	0.01021	0.04517	0.00868	0.01193	0.01227	0.00823	0.07875	0.00736	0.00830	0.00529	0.00359	0.00348	0.00112	0.00503	0.00280	0.00191	0.07862
3	0.00859	0.21152	0.12995	0.00667	0.01028	0.02199	0.00639	0.01065	0.01880	0.02062	0.00659	0.00759	0.00543	0.00309	0.00287	0.00073	0.00357	0.00232	0.00205	0.52028
4	0.01102	0.01789	0.44070	0.01006	0.01398	0.34376	0.01063	0.02256	0.00942	0.07544	0.00709	0.00793	0.00521	0.00382	0.00355	0.00111	0.00590	0.00274	0.00200	0.00520
5	0.01098	0.00894	0.00966	0.00852	0.03672	0.01014	0.00656	0.27209	0.55538	0.01826	0.01320	0.01243	0.00981	0.00491	0.00384	0.00124	0.00341	0.00399	0.00378	0.00614
6	0.00552	0.00368	0.00414	0.00414	0.00414	0.00368	0.00230	0.00552	0.00552	0.00735	0.01195	0.02482	0.01379	0.86672	0.01930	0.00368	0.00368	0.00552	0.00230	0.00230
7	0.01014	0.86900	0.01987	0.00649	0.00973	0.01501	0.00649	0.01136	0.00771	0.00892	0.00527	0.00608	0.00487	0.00324	0.00243	0.00081	0.00406	0.00203	0.00162	0.00487
8	0.01324	0.00772	0.01199	0.02597	0.40346	0.00732	0.00853	0.02665	0.00986	0.42935	0.01107	0.01115	0.00769	0.00406	0.00379	0.00115	0.00387	0.00360	0.00331	0.00621
9	0.00537	0.00388	0.00507	0.00477	0.00567	0.00358	0.00358	0.00716	0.01074	0.01521	0.84106	0.02833	0.03578	0.00775	0.00447	0.00119	0.00179	0.00686	0.00417	0.00358
10	0.00542	0.00406	0.00610	0.00610	0.00677	0.00474	0.00474	0.00677	0.00610	0.00880	0.01016	0.01490	0.00948	0.02844	0.85169	0.00610	0.01016	0.00406	0.00203	0.00339
11	0.01665	0.00644	0.00873	0.00672	0.00959	0.00560	0.00554	0.02903	0.01094	0.81093	0.03851	0.01330	0.01010	0.00478	0.00383	0.00117	0.00320	0.00390	0.00467	0.00637
12	0.00448	0.00384	0.00384	0.00384	0.00512	0.00320	0.00288	0.00544	0.00864	0.01025	0.03842	0.03650	0.84152	0.00960	0.00448	0.00128	0.00192	0.00800	0.00352	0.00320
13	0.00761	0.01962	0.84707	0.01081	0.01641	0.00881	0.01401	0.01201	0.00801	0.01201	0.00681	0.00801	0.00480	0.00360	0.00360	0.00120	0.00560	0.00280	0.00160	0.00560
14	0.01702	0.00645	0.00880	0.00675	0.00968	0.00557	0.00557	0.01848	0.01085	0.84568	0.01496	0.01291	0.00939	0.00469	0.00381	0.00117	0.00323	0.00381	0.00469	0.00645
15	0.00943	0.00815	0.00858	0.00772	0.00986	0.00943	0.00600	0.02015	0.83621	0.01586	0.01544	0.01415	0.01158	0.00515	0.00386	0.00129	0.00300	0.00429	0.00386	0.00600
16	0.00617	0.00372	0.00435	0.00419	0.00508	0.00356	0.00314	0.00795	0.00942	0.01470	0.45060	0.02164	0.02350	0.00618	0.00361	0.00105	0.00178	0.00529	0.42051	0.00356
17	0.00830	0.00830	0.01162	0.00996	0.00996	0.01162	0.00830	0.00913	0.00581	0.00913	0.00498	0.00830	0.00498	0.00664	0.01245	0.00166	0.85977	0.00332	0.00166	0.00415
18	0.01702	0.00645	0.00880	0.00675	0.00968	0.00557	0.00557	0.01848	0.01085	0.84568	0.01496	0.01291	0.00939	0.00469	0.00381	0.00117	0.00323	0.00381	0.00469	0.00645
19	0.00786	0.00674	0.00786	0.00562	0.00899	0.00506	0.00449	0.00955	0.00786	0.01236	0.00674	0.00786	0.00562	0.00281	0.00281	0.00056	0.00281	0.00225	0.00225	0.88990
20	0.00847	0.03953	0.05996	0.01016	0.18511	0.11584	0.00686	0.06757	0.04612	0.01406	0.38252	0.01756	0.01942	0.00558	0.00399	0.00114	0.00355	0.00478	0.00311	0.00467
21	0.00471	0.00334	0.00437	0.00516	0.00536	0.00314	0.00339	0.00531	0.00708	0.00944	0.01998	0.77731	0.02391	0.10041	0.00634	0.00176	0.00235	0.01024	0.00339	0.00300
22	0.00821	0.05412	0.71595	0.01117	0.05326	0.02553	0.02918	0.02459	0.00829	0.02570	0.00692	0.00811	0.00498	0.00361	0.00358	0.00118	0.00547	0.00285	0.00171	0.00559
23	0.75542	0.00762	0.00705	0.00720	0.09450	0.00864	0.02112	0.01975	0.02560	0.01648	0.00579	0.00679	0.00453	0.00355	0.00258	0.00117	0.00318	0.00230	0.00234	0.00439
24	0.00549	0.00385	0.00496	0.00468	0.00558	0.00358	0.00351	0.00728	0.01053	0.01513	0.78109	0.02730	0.03390	0.00751	0.00434	0.00117	0.00179	0.00662	0.06812	0.00358
25	0.00542	0.00406	0.00610	0.00610	0.00677	0.00474	0.00474	0.00677	0.00610	0.00880	0.01016	0.01490	0.00948	0.02844	0.85169	0.00610	0.01016	0.00406	0.00203	0.00339
26	0.39550	0.00924	0.01963	0.00773	0.04617	0.02037	0.00611	0.40045	0.01212	0.03866	0.00742	0.00788	0.00544	0.00404	0.00316	0.00115	0.00368	0.00281	0.00305	0.00538
27	0.00771	0.01889	0.78336	0.01121	0.01668	0.00887	0.07699	0.01202	0.00808	0.01202	0.00687	0.00818	0.00488	0.00357	0.00367	0.00121	0.00567	0.00293	0.00163	0.00557
28	0.00453	0.00386	0.00391	0.00394	0.00521	0.00324	0.00298	0.00552	0.00865	0.01028	0.03784	0.03670	0.81568	0.00963	0.00451	0.00130	0.00197	0.03352	0.00352	0.00321
29	0.00543	0.00402	0.00587	0.00587	0.00646	0.00462	0.00446	0.00663	0.00603	0.00863	0.01037	0.01606	0.00998	0.12641	0.75441	0.00581	0.00940	0.00423	0.00206	0.00326
30	0.00880	0.00842	0.01434	0.24159	0.62929	0.00886	0.01135	0.01113	0.00836	0.01168	0.00703	0.00958	0.00576	0.00349	0.00376	0.00116	0.00465	0.00338	0.00183	0.00554
31	0.00549	0.00397	0.00513	0.00483	0.00575	0.00372	0.00362	0.00749	0.03053	0.01521	0.81035	0.02780	0.03486	0.00765	0.00443	0.00119	0.00182	0.00675	0.01577	0.00364
32	0.00462	0.00330	0.00440	0.00528	0.00550	0.00308	0.00352	0.00528	0.00726	0.00968	0.02090	0.86424	0.02508	0.01188	0.00484	0.00154	0.00220	0.01078	0.00352	0.00308
33	0.00939	0.00901	0.01539	0.02328	0.84306	0.00901	0.01164	0.01164	0.00864	0.01239	0.00713	0.00939	0.00601	0.00338	0.00375	0.00113	0.00451	0.00338	0.00188	0.00601
34	0.00786	0.00674	0.00786	0.00562	0.00899	0.00506	0.00449	0.00955	0.00786	0.01236	0.00674	0.00786	0.00562	0.00281	0.00281	0.00056	0.00281	0.00225	0.00225	0.88990
35	0.84041	0.00798	0.00589	0.00528	0.00760	0.05941	0.00430	0.01139	0.00671	0.01655	0.00532	0.00620	0.00415	0.00354	0.00241	0.00116	0.00317	0.00208	0.00232	0.00412
36	0.89350	0.00733	0.00557	0.00499	0.00733	0.00851	0.00411	0.01115	0.00645	0.01702	0.00528	0.00616	0.00411	0.00352	0.00235	0.00117	0.00293	0.00205	0.00235	0.00411
37	0.00727	0.00580	0.00683	0.02031	0.02222	0.00618	0.00485	0.01274	0.34947	0.02522	0.46428	0.02170	0.02452	0.00651	0.00419	0.00123	0.00240	0.00565	0.00397	0.00466
38	0.00549	0.00367	0.00414	0.00417	0.00418	0.00366	0.00233	0.00551	0.00557	0.00742	0.01221	0.04882	0.01411	0.84227	0.01889	0.00362	0.00363	0.00567	0.00233	0.00232
39	0.45546	0.00689	0.00719	0.00587	0.00851	0.00704	0.00484	0.01481	0.00865	0.43116	0.01012	0.00953	0.00675	0.00411	0.00308	0.00117	0.00308	0.00293	0.00352	0.00528
40	0.00534	0.00388	0.00503	0.00474	0.00565	0.00357	0.00356	0.00710	0.01067	0.01505	0.81576	0.02859	0.06118	0.00781	0.00447	0.00120	0.00179	0.00689	0.00415	0.00357
41	0.00542	0.00406	0.00610	0.00610	0.00677	0.00474	0.00474	0.00677	0.00610	0.00880	0.01016	0.01490	0.00948	0.02844	0.85169	0.00610	0.01016	0.00406	0.00203	0.00339
42	0.00761	0.01962	0.84707	0.01081	0.01641	0.00881	0.01401	0.01201	0.00801	0.01201	0.00681	0.00801	0.00480	0.00360	0.00360	0.00120	0.00560	0.00280	0.00160	0.00560
43	0.00659	0.00329	0.00494	0.00494	0.00494	0.00329	0.00329	0.00494	0.00494	0.00659	0.00659	0.01153	0.00659	0.01318	0.01482	0.88966	0.00329	0.00329	0.00165	0.00165
44	0.00537	0.00388	0.00507	0.00477	0.00567	0.00358	0.00358	0.00716	0.01074	0.01521	0.84106	0.02833	0.03578	0.00775	0.00447	0.00119	0.00179	0.00686	0.00417	0.00358
45	0.00607	0.00433	0.00606	0.00693	0.00779	0.00433	0.00604	0.00778	0.00869	0.01130	0.02010	0.06665	0.02192	0.01052	0.00523	0.00174	0.00345	0.79408	0.00349	0.00348
46	0.00951	0.00818	0.00862	0.00773	0.00989	0.00947	0.00602	0.03264	0.82360	0.01599	0.01534	0.01407	0.01150	0.00514	0.00386	0.00128	0.00302	0.00427	0.00386	0.00601
47	0.00986	0.67952	0.14692	0.00751	0.02202	0.01371	0.00776	0.02563	0.00793	0.02038	0.00572	0.00662	0.00496	0.00343	0.00292	0.00091	0.02523	0.00224	0.00170	0.00503
48	0.01070	0.01144	0.06705	0.04471	0.51884	0.19085	0.02456	0.01279	0.00916	0.06344	0.00732	0.00900	0.00586	0.00360	0.00369	0.00111	0.00505	0.00319	0.00205	0.00559
49	0.00543	0.00403	0.00595	0.00595	0.00658	0.00466	0.00456	0.00668	0.00605	0.00870	0.01029	0.01563	0.00980	0.09005	0.79051	0.00592	0.00968	0.00417	0.00205	0.00331
50	0.01014	0.86900	0.01987	0.00649	0.00973	0.01501	0.00649	0.01136	0.00771	0.00892	0.00527	0.00608	0.00487	0.00324	0.00243	0.00081	0.00406	0.00203	0.00162	0.00487
51	0.00852	0.03626	0.72160	0.01026	0.01549	0.00881	0.01282	0.05167	0.00863	0.05934	0.00734	0.00829	0.00516	0.00368	0.00358	0.00117	0.00530	0.00286	0.00190	0.02731
52	0.01165	0.01201	0.06461	0.00884	0.02030	0.22543	0.00720	0.20195	0.37626	0.01571	0.01090	0.01068	0.00820	0.00457	0.00371	0.00117	0.00444	0.00351	0.00319	0.00567
53	0.01393	0.01772	0.01058	0.00962	0.01156	0.83055	0.00722	0.01490	0.01070	0.00931	0.00667	0.00757	0.02554	0.00405	0.00345	0.00098	0.00672	0.00258	0.00199	0.00437
54	0.00805	0.01225	0.36264	0.00844	0.04069	0.00679	0.00879	0.01089	0.00803	0.03401	0.00700	0.00811	0.00539	0.00321	0.00320	0.00087	0.00406	0.00256	0.00203	0.46300
55	0.00852	0.01649	0.64773	0.03477	0.01527	0.00832	0.02825	0.01221	0.00816	0.09959	0.00808	0.03016	0.00602	0.02354	0.00436	0.00128	0.03655	0.00324	0.00200	0.00545
56	0.00830	0.00830	0.01162	0.00996	0.00996	0.01162	0.00830	0.00913	0.00581	0.00913	0.00498	0.00830	0.00498	0.00664	0.01245	0.00166	0.85977	0.00332	0.00166	0.00415
57	0.00727	0.00687	0.01167	0.81660	0.05517	0.00846	0.02152	0.00979	0.00764	0.00982	0.00677	0.01009	0.00510	0.00377	0.00380	0.00126	0.00505	0.00339	0.00170	0.00429
58	0.00917	0.02597	0.11361	0.08173	0.59697	0.00901	0.06539	0.01173	0.00854	0.03130	0.00725	0.00935	0.00584	0.00345	0.00376	0.00115	0.00476	0.00337	0.00189	0.00576
59	0.00453	0.00384	0.00391	0.00390	0.00515	0.00322	0.00292	0.00554	0.00876	0.01053	0.08467	0.03603	0.79509	0.00950	0.00448	0.00128	0.00191	0.00794	0.00356	0.00322
60	0.01563	0.00636	0.00863	0.04988	0.01019	0.00573	0.00566	0.03955	0.01072	0.71572	0.03291	0.01308	0.00970	0.00470	0.00376	0.00116	0.00323	0.00383	0.05343	0.00611
61	0.00542	0.00406	0.00610	0.00610	0.00677	0.00474	0.00474	0.00677	0.00610	0.00880	0.01016	0.01490	0.00948	0.02844	0.85169	0.00610	0.01016	0.00406	0.00203	0.00339
62	0.41026	0.07798	0.35249	0.00797	0.01176	0.03326	0.03445	0.01166	0.00739	0.01398	0.00600	0.00706	0.00452	0.00353	0.00297	0.00116	0.00434	0.00245	0.00196	0.00482
63	0.00448	0.00384	0.00384	0.00384	0.00512	0.00320	0.00288	0.00544	0.00864	0.01025	0.03842	0.03650	0.84152	0.00960	0.00448	0.00128	0.00192	0.00800	0.00352	0.00320
64	0.00761	0.01962	0.84707	0.01081	0.01641	0.00881	0.01401	0.01201	0.00801	0.01201	0.00681	0.00801	0.00480	0.00360	0.00360	0.00120	0.00560	0.00280	0.00160	0.00560
65	0.00503	0.00373	0.00484	0.00521	0.02097	0.00343	0.00362	0.00626	0.00901	0.01228	0.39062	0.37571	0.12600	0.00960	0.00461	0.00135	0.00203	0.00856	0.00378	0.00337
