[name]
unknown

[dist]
# distance from previous block
# <min> <max>
3	5

[block]
# block no. 0 follows, 71 sequences, length 42
# corresponding to MSA columns:
# 9-50
name=unknown_A
#
# <colnr> <probs for GDERKNQSTAVLIFYWHMCP>
#	G	D	E	R	K	N	Q	S	T	A	V	L	I	F	Y	W	H	M	C	P
0	0.01033	0.74695	0.05811	0.00760	0.04179	0.06212	0.00716	0.01174	0.00802	0.00932	0.00551	0.00641	0.00496	0.00334	0.00262	0.00086	0.00435	0.00216	0.00167	0.00497
1	0.03869	0.00422	0.00456	0.00440	0.00565	0.00383	0.00333	0.00692	0.04458	0.01250	0.29818	0.03207	0.51015	0.00867	0.00442	0.00126	0.00198	0.00733	0.00375	0.00352
2	0.04292	0.00881	0.01271	0.02802	0.53145	0.05676	0.00947	0.01256	0.10732	0.03164	0.08864	0.02094	0.00977	0.00427	0.00396	0.00117	0.01769	0.00385	0.00246	0.00560
3	0.00915	0.00872	0.01483	0.09203	0.74192	0.00885	0.01137	0.01143	0.00872	0.01241	0.03872	0.01028	0.00713	0.00362	0.00383	0.00115	0.00450	0.00355	0.00197	0.00583
4	0.01025	0.09168	0.05068	0.01090	0.02571	0.00954	0.29542	0.05180	0.17879	0.11703	0.02136	0.02792	0.01827	0.00444	0.00454	0.00124	0.05918	0.00413	0.00281	0.01431
5	0.00611	0.00417	0.00471	0.00461	0.00485	0.00422	0.00278	0.06239	0.00661	0.00882	0.01275	0.10437	0.01452	0.72395	0.01703	0.00333	0.00361	0.00594	0.00255	0.00269
6	0.02229	0.00956	0.01153	0.00899	0.01178	0.02343	0.09547	0.52038	0.07434	0.07189	0.04599	0.06663	0.00945	0.00511	0.00399	0.00121	0.00411	0.00426	0.00364	0.00594
7	0.06355	0.01071	0.00964	0.00878	0.04340	0.23982	0.00661	0.09458	0.22343	0.13097	0.02660	0.03583	0.01906	0.00498	0.00433	0.00120	0.06430	0.00372	0.00315	0.00532
8	0.00820	0.00741	0.01160	0.68794	0.05486	0.00903	0.01016	0.09865	0.02587	0.01156	0.00721	0.01011	0.00543	0.00402	0.00412	0.00127	0.03252	0.00343	0.00199	0.00461
9	0.01346	0.01013	0.01082	0.00854	0.01139	0.01129	0.00697	0.65578	0.17903	0.02240	0.01052	0.01029	0.00760	0.00472	0.00383	0.00118	0.00395	0.00363	0.01809	0.00638
10	0.00967	0.60575	0.18734	0.00754	0.01111	0.03999	0.00803	0.01156	0.00790	0.02040	0.00608	0.00718	0.00524	0.00488	0.05219	0.00122	0.00486	0.00237	0.00171	0.00499
11	0.00724	0.00681	0.01150	0.85604	0.02641	0.00852	0.01065	0.00980	0.00767	0.00980	0.00681	0.01022	0.00511	0.00383	0.00383	0.00128	0.00511	0.00341	0.00170	0.00426
12	0.00541	0.00392	0.00510	0.00480	0.00572	0.00361	0.00360	0.00720	0.01081	0.01527	0.82175	0.02882	0.05381	0.00788	0.00452	0.00121	0.00181	0.00696	0.00421	0.00361
13	0.00949	0.00911	0.01556	0.02353	0.84133	0.00911	0.01177	0.01177	0.00873	0.01253	0.00721	0.00949	0.00607	0.00342	0.00380	0.00114	0.00456	0.00342	0.00190	0.00607
14	0.80806	0.00773	0.00620	0.00541	0.00784	0.00892	0.00445	0.08974	0.00763	0.01787	0.00571	0.00651	0.00438	0.00366	0.00251	0.00118	0.00309	0.00221	0.00251	0.00438
15	0.00454	0.00383	0.00394	0.00402	0.00522	0.00323	0.00298	0.00549	0.00861	0.01030	0.03714	0.11619	0.76159	0.00993	0.00457	0.00132	0.00197	0.00836	0.00356	0.00323
16	0.01025	0.86756	0.02009	0.00656	0.00984	0.01517	0.00656	0.01148	0.00779	0.00902	0.00533	0.00615	0.00492	0.00328	0.00246	0.00082	0.00410	0.00205	0.00164	0.00492
17	0.00552	0.00368	0.00420	0.00428	0.00432	0.00366	0.00245	0.00562	0.00579	0.00779	0.01294	0.10378	0.01494	0.76862	0.01782	0.00346	0.00354	0.00604	0.01915	0.00242
18	0.00839	0.00839	0.01174	0.01007	0.01007	0.01174	0.00839	0.00923	0.00587	0.00923	0.00503	0.00839	0.00503	0.00671	0.01258	0.00168	0.85823	0.00336	0.00168	0.00419
19	0.00795	0.00681	0.00795	0.00568	0.00909	0.00511	0.00454	0.00965	0.00795	0.01249	0.00681	0.00795	0.00568	0.00284	0.00284	0.00057	0.00284	0.00227	0.00227	0.88869
20	0.01083	0.00940	0.04548	0.00849	0.02688	0.01009	0.00684	0.25052	0.53741	0.01811	0.02553	0.01270	0.01019	0.00497	0.00388	0.00125	0.00350	0.00404	0.00375	0.00614
21	0.00784	0.01879	0.75490	0.01150	0.01697	0.00899	0.10361	0.01216	0.00820	0.01216	0.00698	0.00834	0.00496	0.00360	0.00374	0.00122	0.00575	0.00302	0.00165	0.00561
22	0.00795	0.00681	0.00795	0.00568	0.00909	0.00511	0.00454	0.00965	0.00795	0.01249	0.00681	0.00795	0.00568	0.00284	0.00284	0.00057	0.00284	0.00227	0.00227	0.88869
23	0.00666	0.00333	0.00500	0.00500	0.00500	0.00333	0.00333	0.00500	0.00500	0.00666	0.00666	0.01166	0.00666	0.01332	0.01499	0.88844	0.00333	0.00333	0.00167	0.00167
24	0.00509	0.00383	0.00471	0.00465	0.00556	0.00345	0.00343	0.00654	0.00984	0.01334	0.52356	0.13987	0.24435	0.00887	0.00457	0.00128	0.00190	0.00775	0.00396	0.00345
25	0.00476	0.00340	0.00454	0.00536	0.00564	0.00318	0.00364	0.00553	0.00759	0.01016	0.06883	0.78960	0.02589	0.01173	0.00488	0.00154	0.00224	0.03472	0.00360	0.00316
26	0.00959	0.00773	0.00817	0.00721	0.00933	0.00867	0.00565	0.11565	0.57612	0.03301	0.01731	0.01626	0.10596	0.00559	0.00389	0.00126	0.00298	0.00461	0.05535	0.00566
27	0.00983	0.00838	0.00884	0.00786	0.01008	0.00967	0.00614	0.06751	0.78679	0.01651	0.01523	0.01401	0.01140	0.00517	0.00390	0.00129	0.00310	0.00428	0.00390	0.00610
28	0.00469	0.00335	0.00447	0.00532	0.00557	0.00313	0.00356	0.00539	0.00744	0.00994	0.04335	0.84010	0.02565	0.01190	0.00488	0.00155	0.00221	0.01079	0.00358	0.00313
29	0.00549	0.00407	0.00599	0.00599	0.00661	0.00470	0.00458	0.00674	0.00611	0.00877	0.01043	0.01594	0.00997	0.10195	0.77738	0.00595	0.00970	0.00424	0.00208	0.00333
30	0.01395	0.01184	0.01106	0.00890	0.01166	0.16649	0.00717	0.58497	0.11093	0.02049	0.00934	0.00937	0.00683	0.00455	0.00377	0.00114	0.00458	0.00337	0.00350	0.00608
31	0.89233	0.00741	0.00564	0.00504	0.00741	0.00860	0.00415	0.01127	0.00653	0.01720	0.00534	0.00623	0.00415	0.00356	0.00237	0.00119	0.00297	0.00208	0.00237	0.00415
32	0.00913	0.00847	0.01392	0.27997	0.44751	0.00914	0.04310	0.08484	0.00924	0.01272	0.02454	0.01010	0.00641	0.00380	0.00402	0.00120	0.02086	0.00353	0.00206	0.00543
33	0.00680	0.00426	0.00526	0.00483	0.00613	0.00377	0.00369	0.00828	0.01015	0.13057	0.46093	0.04857	0.27602	0.00807	0.00444	0.00124	0.00206	0.00694	0.00408	0.00390
34	0.00794	0.01812	0.70193	0.01157	0.01687	0.00904	0.12920	0.01243	0.03471	0.01229	0.00728	0.00861	0.00521	0.00363	0.00378	0.00123	0.00570	0.00312	0.00174	0.00561
35	0.00456	0.00385	0.00394	0.00399	0.00521	0.00324	0.00296	0.00553	0.00870	0.01042	0.05295	0.08491	0.77708	0.00981	0.00455	0.00131	0.00196	0.00823	0.00357	0.00324
36	0.00660	0.00336	0.00502	0.00501	0.00505	0.00337	0.00337	0.00510	0.00519	0.00696	0.03103	0.01222	0.00758	0.01348	0.03195	0.84431	0.00343	0.00345	0.00175	0.00176
37	0.01449	0.01500	0.01107	0.00939	0.01182	0.49697	0.00732	0.33860	0.01371	0.03489	0.00745	0.00797	0.00567	0.00423	0.00362	0.00106	0.00576	0.00289	0.00278	0.00532
38	0.00553	0.00415	0.00611	0.00608	0.00671	0.00483	0.00467	0.00679	0.00611	0.00880	0.01032	0.01569	0.00983	0.08962	0.77536	0.00591	0.02386	0.00420	0.00207	0.00336
39	0.00978	0.05339	0.61301	0.01007	0.01503	0.00853	0.03816	0.01345	0.00870	0.18148	0.00852	0.00909	0.00583	0.00384	0.00366	0.00119	0.00513	0.00306	0.00227	0.00579
40	0.01004	0.00849	0.00895	0.00790	0.01016	0.00977	0.00619	0.10114	0.75282	0.01685	0.01497	0.01380	0.01119	0.00514	0.00389	0.00129	0.00315	0.00425	0.00389	0.00611
41	0.13839	0.01189	0.05905	0.01365	0.15322	0.19542	0.28778	0.03416	0.00907	0.01256	0.00678	0.00861	0.00536	0.00369	0.00416	0.00119	0.04462	0.00336	0.00202	0.00503

[dist]
# distance from previous block
# <min> <max>
0	2

[block]
# block no. 1 follows, 71 sequences, length 125
# corresponding to MSA columns:
# 53-177
name=unknown_B
#
# <colnr> <probs for GDERKNQSTAVLIFYWHMCP>
#	G	D	E	R	K	N	Q	S	T	A	V	L	I	F	Y	W	H	M	C	P
0	0.00531	0.00389	0.00498	0.00475	0.00567	0.00356	0.00355	0.00699	0.01050	0.01466	0.72818	0.06363	0.11363	0.00819	0.00454	0.00123	0.00184	0.00721	0.00413	0.00356
1	0.00858	0.00818	0.01392	0.36077	0.51121	0.00887	0.01131	0.01097	0.00830	0.01142	0.00705	0.00979	0.00568	0.00359	0.00381	0.00120	0.00478	0.00341	0.00182	0.00534
2	0.03302	0.00986	0.01057	0.00834	0.01115	0.01092	0.00680	0.61885	0.15253	0.05143	0.02002	0.01072	0.00795	0.02476	0.00419	0.00124	0.00392	0.00367	0.00382	0.00626
3	0.00461	0.00387	0.00391	0.00391	0.00511	0.00327	0.00287	0.00551	0.00851	0.01014	0.03688	0.03603	0.77917	0.07249	0.00563	0.00147	0.00207	0.00791	0.00347	0.00317
4	0.00996	0.29157	0.09611	0.01040	0.01389	0.04311	0.27877	0.02461	0.07283	0.05494	0.01720	0.00914	0.00639	0.00364	0.00366	0.00109	0.01502	0.00333	0.00218	0.04214
5	0.00606	0.00406	0.00523	0.00488	0.00593	0.00370	0.00368	0.00774	0.01058	0.06609	0.69692	0.05180	0.10288	0.00792	0.00449	0.00122	0.00192	0.00695	0.00418	0.00375
6	0.01062	0.00790	0.00852	0.00742	0.00965	0.00884	0.00584	0.10375	0.59034	0.10008	0.01460	0.01364	0.01077	0.00503	0.00378	0.00124	0.00307	0.00412	0.08485	0.00593
7	0.00996	0.43899	0.32501	0.00850	0.01253	0.08983	0.00942	0.01238	0.00832	0.04444	0.00636	0.00723	0.00509	0.00354	0.00305	0.00100	0.00491	0.00245	0.00179	0.00522
8	0.00786	0.00541	0.00655	0.00615	0.00751	0.00553	0.00471	0.04908	0.20240	0.09613	0.30848	0.19455	0.02337	0.00780	0.00441	0.00133	0.00254	0.05771	0.00400	0.00450
9	0.00795	0.00681	0.00795	0.00568	0.00909	0.00511	0.00454	0.00965	0.00795	0.01249	0.00681	0.00795	0.00568	0.00284	0.00284	0.00057	0.00284	0.00227	0.00227	0.88869
10	0.00562	0.00395	0.00503	0.00476	0.00574	0.00361	0.00357	0.00730	0.01048	0.03437	0.69425	0.05266	0.12222	0.00803	0.00448	0.00122	0.00187	0.00704	0.02017	0.00363
11	0.00724	0.00681	0.01150	0.85604	0.02641	0.00852	0.01065	0.00980	0.00767	0.00980	0.00681	0.01022	0.00511	0.00383	0.00383	0.00128	0.00511	0.00341	0.00170	0.00426
12	0.01585	0.00703	0.00901	0.00709	0.00993	0.00660	0.00580	0.06400	0.14115	0.66790	0.01487	0.01303	0.00967	0.00481	0.00386	0.00120	0.00328	0.00391	0.00456	0.00645
13	0.85605	0.00726	0.00555	0.00498	0.00729	0.00840	0.00409	0.01118	0.00659	0.01708	0.00563	0.00656	0.00439	0.00360	0.00239	0.00117	0.00292	0.00214	0.03861	0.00413
14	0.00828	0.00773	0.01303	0.43225	0.40321	0.00857	0.01081	0.01067	0.00818	0.01126	0.00725	0.01006	0.00577	0.00367	0.00376	0.00120	0.00471	0.00342	0.04109	0.00507
15	0.00558	0.00372	0.00418	0.00418	0.00418	0.00372	0.00232	0.00558	0.00558	0.00743	0.01208	0.02509	0.01394	0.86525	0.01952	0.00372	0.00372	0.00558	0.00232	0.00232
16	0.00460	0.00389	0.00399	0.00396	0.00522	0.00327	0.00297	0.00564	0.00891	0.01077	0.10389	0.03623	0.77447	0.00956	0.00453	0.00129	0.00193	0.00800	0.00361	0.00327
17	0.01666	0.00657	0.00885	0.00679	0.00976	0.00569	0.00560	0.01834	0.02728	0.79274	0.01479	0.01286	0.00938	0.00468	0.00381	0.00116	0.00324	0.00380	0.00463	0.04335
18	0.00752	0.00696	0.01150	0.82395	0.02586	0.00865	0.01052	0.04080	0.00806	0.01034	0.00691	0.01018	0.00516	0.00386	0.00383	0.00127	0.00508	0.00341	0.00178	0.00434
19	0.00942	0.00920	0.01621	0.03343	0.75020	0.00916	0.09193	0.01179	0.00875	0.01247	0.00726	0.00958	0.00604	0.00340	0.00387	0.00116	0.00475	0.00353	0.00190	0.00596
20	0.01433	0.01795	0.01089	0.00983	0.01185	0.81361	0.00740	0.05049	0.01118	0.01002	0.00607	0.00701	0.00501	0.00398	0.00347	0.00099	0.00680	0.00251	0.00206	0.00453
21	0.00666	0.00333	0.00500	0.00500	0.00500	0.00333	0.00333	0.00500	0.00500	0.00666	0.00666	0.01166	0.00666	0.01332	0.01499	0.88844	0.00333	0.00333	0.00167	0.00167
22	0.00486	0.00386	0.00401	0.00397	0.00517	0.00331	0.00297	0.00597	0.00887	0.01119	0.12766	0.03399	0.66944	0.02331	0.00463	0.00129	0.00194	0.00756	0.07269	0.00329
23	0.00519	0.00391	0.00480	0.00458	0.00558	0.00352	0.00343	0.00678	0.01029	0.01405	0.62776	0.03082	0.24856	0.00833	0.00452	0.00123	0.00184	0.00724	0.00405	0.00352
24	0.00552	0.00403	0.00515	0.00496	0.00585	0.00380	0.00368	0.00755	0.04415	0.01468	0.68888	0.11656	0.05281	0.00817	0.00451	0.00125	0.00191	0.00723	0.01566	0.00366
25	0.89233	0.00741	0.00564	0.00504	0.00741	0.00860	0.00415	0.01127	0.00653	0.01720	0.00534	0.00623	0.00415	0.00356	0.00237	0.00119	0.00297	0.00208	0.00237	0.00415
26	0.06078	0.00887	0.00951	0.00755	0.01014	0.00967	0.00616	0.54692	0.04600	0.08518	0.01053	0.03494	0.00785	0.00477	0.00362	0.00114	0.00362	0.00368	0.13322	0.00585
27	0.01025	0.86756	0.02009	0.00656	0.00984	0.01517	0.00656	0.01148	0.00779	0.00902	0.00533	0.00615	0.00492	0.00328	0.00246	0.00082	0.00410	0.00205	0.00164	0.00492
28	0.01025	0.86756	0.02009	0.00656	0.00984	0.01517	0.00656	0.01148	0.00779	0.00902	0.00533	0.00615	0.00492	0.00328	0.00246	0.00082	0.00410	0.00205	0.00164	0.00492
29	0.00602	0.00439	0.00466	0.00466	0.00486	0.04038	0.00288	0.00630	0.00609	0.00806	0.01216	0.03353	0.01359	0.69848	0.06927	0.00354	0.00417	0.03853	0.03584	0.00259
30	0.00871	0.00904	0.01739	0.11071	0.27747	0.00911	0.37861	0.01131	0.00860	0.01182	0.00868	0.01195	0.03014	0.00402	0.00471	0.00128	0.05446	0.03480	0.00199	0.00518
31	0.00477	0.00384	0.00426	0.00427	0.00536	0.00332	0.00316	0.00593	0.00914	0.01157	0.24013	0.11731	0.55457	0.00947	0.00457	0.00130	0.00194	0.00808	0.00373	0.00332
32	0.00731	0.00689	0.01163	0.83036	0.05154	0.00854	0.01068	0.00986	0.00770	0.00988	0.00683	0.01020	0.00514	0.00382	0.00383	0.00127	0.00509	0.00341	0.00171	0.00432
33	0.00529	0.00391	0.00494	0.00468	0.00564	0.00356	0.00351	0.00697	0.01053	0.01461	0.71726	0.02990	0.15870	0.00812	0.00452	0.00122	0.00183	0.00711	0.00412	0.00356
34	0.00552	0.00396	0.00540	0.00540	0.00582	0.00438	0.00384	0.00636	0.00594	0.00833	0.01097	0.01894	0.01127	0.35218	0.52893	0.00522	0.00774	0.00468	0.00216	0.00300
35	0.01432	0.01827	0.01087	0.00988	0.01185	0.84986	0.00741	0.01531	0.01087	0.00938	0.00593	0.00691	0.00494	0.00395	0.00346	0.00099	0.00691	0.00247	0.00198	0.00444
36	0.00550	0.00414	0.00611	0.00610	0.00674	0.00479	0.00470	0.00681	0.00637	0.00915	0.04205	0.05046	0.01126	0.04934	0.74424	0.00563	0.02647	0.00452	0.00220	0.00340
37	0.01399	0.01764	0.01070	0.00972	0.01166	0.80695	0.00731	0.02557	0.01078	0.00956	0.00613	0.00725	0.00514	0.00490	0.03552	0.00119	0.00701	0.00254	0.00200	0.00443
38	0.00954	0.00824	0.00867	0.00780	0.00997	0.00954	0.00607	0.02037	0.83441	0.01604	0.01561	0.01431	0.01170	0.00520	0.00390	0.00130	0.00303	0.00433	0.00390	0.00607
39	0.78700	0.00752	0.00604	0.00530	0.00763	0.00866	0.00432	0.07527	0.00739	0.01735	0.00592	0.00724	0.00474	0.03896	0.00319	0.00129	0.00310	0.00233	0.00249	0.00426
40	0.00818	0.01914	0.80209	0.01072	0.01624	0.00874	0.01372	0.01248	0.00824	0.05520	0.00731	0.00835	0.00510	0.00370	0.00365	0.00121	0.00554	0.00289	0.00178	0.00571
41	0.00945	0.00907	0.01549	0.03812	0.82705	0.00910	0.01175	0.01173	0.00871	0.01248	0.00721	0.00950	0.00606	0.00342	0.00380	0.00114	0.00456	0.00342	0.00189	0.00604
42	0.00532	0.00436	0.02882	0.00484	0.00594	0.00369	0.00379	0.00703	0.01033	0.01428	0.65724	0.04472	0.17912	0.00813	0.00451	0.00123	0.00195	0.00710	0.00402	0.00360
43	0.02187	0.00669	0.00821	0.00689	0.00913	0.00680	0.00551	0.03433	0.26544	0.38185	0.12012	0.01553	0.02115	0.00678	0.05442	0.00153	0.01948	0.00441	0.00414	0.00573
44	0.00919	0.25297	0.12967	0.01259	0.01643	0.01119	0.46572	0.01195	0.00848	0.01126	0.00688	0.00881	0.00542	0.00340	0.00406	0.00116	0.03030	0.00357	0.00181	0.00514
45	0.00557	0.00372	0.00421	0.00421	0.00422	0.00373	0.00236	0.00559	0.00558	0.00746	0.01205	0.02494	0.01387	0.85274	0.03194	0.00375	0.00382	0.00555	0.00232	0.00234
46	0.00765	0.01952	0.82862	0.01081	0.01638	0.00880	0.01396	0.01204	0.00815	0.01221	0.02349	0.00851	0.00548	0.00373	0.00366	0.00121	0.00559	0.00292	0.00167	0.00563
47	0.03313	0.00654	0.00884	0.00679	0.00974	0.00569	0.00561	0.01855	0.01089	0.82894	0.01495	0.01293	0.00939	0.00472	0.00383	0.00119	0.00326	0.00382	0.00470	0.00648
48	0.00839	0.00839	0.01174	0.01007	0.01007	0.01174	0.00839	0.00923	0.00587	0.00923	0.00503	0.00839	0.00503	0.00671	0.01258	0.00168	0.85823	0.00336	0.00168	0.00419
49	0.00858	0.00695	0.00812	0.00584	0.00922	0.00539	0.00469	0.04104	0.00846	0.04702	0.00725	0.00821	0.00587	0.00298	0.00292	0.00062	0.00291	0.00238	0.00243	0.81912
50	0.01025	0.86756	0.02009	0.00656	0.00984	0.01517	0.00656	0.01148	0.00779	0.00902	0.00533	0.00615	0.00492	0.00328	0.00246	0.00082	0.00410	0.00205	0.00164	0.00492
51	0.00548	0.00411	0.00616	0.00616	0.00685	0.00479	0.00479	0.00685	0.00616	0.00890	0.01027	0.01506	0.00959	0.02876	0.85006	0.00616	0.01027	0.00411	0.00205	0.00342
52	0.00457	0.00385	0.00396	0.00400	0.00522	0.00324	0.00297	0.00555	0.00874	0.01050	0.06621	0.08286	0.76570	0.00977	0.00455	0.00131	0.00195	0.00821	0.00358	0.00324
53	0.00724	0.00681	0.01150	0.85604	0.02641	0.00852	0.01065	0.00980	0.00767	0.00980	0.00681	0.01022	0.00511	0.00383	0.00383	0.00128	0.00511	0.00341	0.00170	0.00426
54	0.02297	0.00886	0.00983	0.00768	0.01038	0.00947	0.00630	0.54895	0.01516	0.16783	0.03424	0.01107	0.00828	0.00501	0.01489	0.00120	0.00377	0.00363	0.10444	0.00604
55	0.00457	0.00380	0.00399	0.00412	0.00525	0.00323	0.00303	0.00551	0.00857	0.01037	0.05223	0.16177	0.70034	0.01002	0.00459	0.00133	0.00198	0.00849	0.00357	0.00323
56	0.01546	0.00644	0.00855	0.00669	0.00939	0.00577	0.00547	0.05129	0.03471	0.68639	0.11404	0.01480	0.01264	0.00512	0.00394	0.00119	0.00312	0.00422	0.00462	0.00616
57	0.00538	0.00392	0.00506	0.00478	0.00570	0.00360	0.00358	0.00715	0.01075	0.01512	0.79908	0.02906	0.07656	0.00793	0.00452	0.00121	0.00182	0.00699	0.00419	0.00360
58	0.00839	0.00839	0.01174	0.01007	0.01007	0.01174	0.00839	0.00923	0.00587	0.00923	0.00503	0.00839	0.00503	0.00671	0.01258	0.00168	0.85823	0.00336	0.00168	0.00419
59	0.00840	0.00680	0.00814	0.00586	0.00921	0.00517	0.01467	0.01010	0.00811	0.05571	0.00744	0.01885	0.00612	0.00306	0.00294	0.00062	0.00290	0.00249	0.00241	0.82098
60	0.01042	0.00860	0.00912	0.00794	0.01023	0.00983	0.00624	0.18414	0.64465	0.01751	0.01447	0.03778	0.01105	0.00528	0.00392	0.00128	0.00325	0.00435	0.00388	0.00608
61	0.00766	0.00722	0.01257	0.27913	0.29139	0.00763	0.10560	0.00981	0.00818	0.01107	0.01041	0.17356	0.01016	0.00550	0.00417	0.00131	0.00446	0.04321	0.00223	0.00472
62	0.00865	0.00723	0.00833	0.00601	0.00938	0.00583	0.00483	0.09640	0.00902	0.01373	0.00707	0.00808	0.00577	0.00303	0.00295	0.00063	0.00299	0.00240	0.00244	0.79524
63	0.00544	0.00401	0.00582	0.00587	0.00645	0.00456	0.00442	0.00660	0.00617	0.00879	0.01120	0.07212	0.01114	0.12600	0.69670	0.00557	0.00897	0.00473	0.00218	0.00327
64	0.00508	0.00384	0.00468	0.00460	0.00555	0.00345	0.00340	0.00651	0.00982	0.01325	0.50851	0.12660	0.27298	0.00887	0.00457	0.00127	0.00190	0.00773	0.00395	0.00345
65	0.00468	0.00337	0.00443	0.00526	0.00555	0.00313	0.00353	0.00538	0.00747	0.00992	0.03684	0.80786	0.06475	0.01183	0.00487	0.00154	0.00220	0.01069	0.00357	0.00313
66	0.01148	0.00920	0.00976	0.00820	0.01071	0.01044	0.00654	0.33190	0.51972	0.01917	0.01314	0.01234	0.00971	0.00497	0.00388	0.00124	0.00349	0.00399	0.00388	0.00624
67	0.30000	0.00839	0.00858	0.00690	0.00958	0.00911	0.00567	0.33425	0.04598	0.17598	0.00950	0.00944	0.00669	0.00431	0.00331	0.00116	0.00346	0.00312	0.04899	0.00558
68	0.09377	0.01033	0.01091	0.00843	0.01143	0.01144	0.00696	0.73468	0.01681	0.04398	0.00900	0.00903	0.00638	0.00451	0.00370	0.00115	0.00408	0.00334	0.00373	0.00631
69	0.01025	0.86756	0.02009	0.00656	0.00984	0.01517	0.00656	0.01148	0.00779	0.00902	0.00533	0.00615	0.00492	0.00328	0.00246	0.00082	0.00410	0.00205	0.00164	0.00492
70	0.01025	0.86756	0.02009	0.00656	0.00984	0.01517	0.00656	0.01148	0.00779	0.00902	0.00533	0.00615	0.00492	0.00328	0.00246	0.00082	0.00410	0.00205	0.00164	0.00492
71	0.08941	0.00470	0.00571	0.00605	0.00697	0.00482	0.00459	0.04723	0.05129	0.04193	0.01788	0.45963	0.01975	0.01078	0.04581	0.00174	0.00313	0.17140	0.00344	0.00375
72	0.00924	0.00788	0.00850	0.00795	0.03267	0.01848	0.00597	0.06130	0.64589	0.01577	0.06308	0.08102	0.01368	0.00579	0.00400	0.00130	0.00305	0.00490	0.00381	0.00570
73	0.00483	0.00390	0.00430	0.00422	0.00538	0.00337	0.00317	0.00608	0.00940	0.01195	0.28998	0.03438	0.57750	0.00913	0.00454	0.00127	0.00192	0.01754	0.00377	0.00336
74	0.00923	0.00884	0.01508	0.12148	0.74545	0.00904	0.01164	0.01154	0.00861	0.01221	0.00717	0.00958	0.00596	0.00347	0.00380	0.00116	0.00462	0.00342	0.00188	0.00586
75	0.00486	0.00345	0.00455	0.00536	0.00561	0.00326	0.00364	0.00554	0.00730	0.00971	0.02030	0.73311	0.02415	0.08461	0.00617	0.00176	0.00244	0.06766	0.00345	0.00308
76	0.00666	0.00333	0.00500	0.00500	0.00500	0.00333	0.00333	0.00500	0.00500	0.00666	0.00666	0.01166	0.00666	0.01332	0.01499	0.88844	0.00333	0.00333	0.00167	0.00167
77	0.01417	0.05044	0.01121	0.00975	0.01178	0.81825	0.00738	0.01517	0.01075	0.00937	0.00590	0.00689	0.00494	0.00393	0.00342	0.00098	0.00681	0.00245	0.00196	0.00446
78	0.00664	0.00334	0.00498	0.00498	0.00498	0.00334	0.00331	0.00501	0.00501	0.00667	0.00675	0.01189	0.00679	0.02804	0.01506	0.87316	0.00334	0.00337	0.00168	0.00168
79	0.00862	0.30187	0.56066	0.00946	0.01429	0.02120	0.01155	0.01196	0.00803	0.01107	0.00635	0.00743	0.00488	0.00353	0.00325	0.00108	0.00516	0.00257	0.00163	0.00540
80	0.01134	0.06103	0.03216	0.01445	0.28193	0.34315	0.06297	0.02433	0.04530	0.01111	0.00690	0.00849	0.00573	0.00416	0.01195	0.00116	0.06362	0.00307	0.00201	0.00515
81	0.06967	0.07964	0.01154	0.00958	0.02736	0.61383	0.01829	0.08660	0.01082	0.01126	0.00616	0.00715	0.00506	0.00398	0.00357	0.00102	0.02508	0.00257	0.00213	0.00468
82	0.00666	0.00333	0.00500	0.00500	0.00500	0.00333	0.00333	0.00500	0.00500	0.00666	0.00666	0.01166	0.00666	0.01332	0.01499	0.88844	0.00333	0.00333	0.00167	0.00167
83	0.02455	0.02030	0.02309	0.14660	0.34737	0.01702	0.00929	0.14759	0.05356	0.15887	0.00922	0.01029	0.00681	0.00401	0.00378	0.00118	0.00429	0.00349	0.00279	0.00588
84	0.00585	0.00476	0.00541	0.00588	0.00643	0.06963	0.02445	0.00677	0.00780	0.01034	0.01874	0.64984	0.02161	0.01036	0.00458	0.00145	0.00272	0.05162	0.08839	0.00334
85	0.00809	0.01650	0.62483	0.01139	0.07994	0.00840	0.04685	0.01213	0.02816	0.04396	0.06287	0.01047	0.02128	0.00406	0.00378	0.00121	0.00514	0.00338	0.00203	0.00554
86	0.00886	0.01041	0.05526	0.08525	0.03997	0.00955	0.70744	0.01206	0.00889	0.01208	0.00763	0.01022	0.00573	0.00330	0.00441	0.00128	0.00627	0.00434	0.00191	0.00514
87	0.00830	0.00812	0.07369	0.00752	0.00975	0.00792	0.03977	0.03583	0.49306	0.01512	0.15940	0.01820	0.09500	0.00588	0.00407	0.00127	0.00309	0.00502	0.00366	0.00531
88	0.00557	0.00375	0.00436	0.00436	0.00442	0.00381	0.00254	0.00569	0.00563	0.00756	0.01192	0.02421	0.01356	0.79192	0.09233	0.00393	0.00429	0.00545	0.00230	0.00242
89	0.00784	0.02881	0.71439	0.01142	0.06623	0.00887	0.02425	0.01226	0.04264	0.01222	0.00766	0.03278	0.00581	0.00392	0.00370	0.00122	0.00538	0.00317	0.00179	0.00562
90	0.78790	0.00748	0.00613	0.00534	0.00778	0.00850	0.00440	0.04535	0.00734	0.08217	0.00626	0.00688	0.00467	0.00369	0.00255	0.00118	0.00304	0.00227	0.00262	0.00444
91	0.00839	0.00839	0.01174	0.01007	0.01007	0.01174	0.00839	0.00923	0.00587	0.00923	0.00503	0.00839	0.00503	0.00671	0.01258	0.00168	0.85823	0.00336	0.00168	0.00419
92	0.00929	0.05525	0.26705	0.01299	0.01715	0.05346	0.41691	0.05544	0.05095	0.01274	0.00775	0.00943	0.00577	0.00357	0.00404	0.00122	0.00584	0.00373	0.00203	0.00539
93	0.00908	0.00860	0.01163	0.00986	0.01023	0.01165	0.00820	0.10687	0.00733	0.01100	0.00561	0.00859	0.00528	0.00680	0.02454	0.00168	0.74326	0.00338	0.00194	0.00446
94	0.00544	0.00394	0.00520	0.00520	0.00567	0.00425	0.00367	0.00624	0.00613	0.00844	0.01322	0.02072	0.07625	0.35697	0.45655	0.00482	0.00704	0.00500	0.00228	0.00298
95	0.00532	0.00391	0.00497	0.00471	0.00566	0.00357	0.00353	0.00702	0.01059	0.01476	0.74049	0.02966	0.13538	0.00807	0.00452	0.00122	0.00183	0.00708	0.00414	0.00357
96	0.00618	0.00441	0.00618	0.00706	0.00794	0.00441	0.00618	0.00794	0.00883	0.01147	0.02030	0.04325	0.02207	0.01059	0.00530	0.00177	0.00353	0.81553	0.00353	0.00353
97	0.03096	0.00828	0.00892	0.00719	0.00948	0.00909	0.00584	0.53316	0.01419	0.02010	0.00995	0.01087	0.00751	0.00659	0.06909	0.01929	0.00405	0.00350	0.21652	0.00542
98	0.00524	0.00379	0.00494	0.00491	0.00568	0.00350	0.00359	0.00677	0.01002	0.01401	0.63697	0.21350	0.05509	0.00881	0.00460	0.00129	0.00190	0.00784	0.00406	0.00350
99	0.01581	0.00894	0.02589	0.00742	0.01016	0.16028	0.00607	0.01774	0.05196	0.60925	0.01323	0.01193	0.00869	0.00459	0.00375	0.00115	0.00392	0.00360	0.02961	0.00602
100	0.00541	0.00374	0.00414	0.00414	0.00434	0.00364	0.00242	0.00556	0.00607	0.00789	0.01627	0.02694	0.14321	0.73134	0.01717	0.00334	0.00344	0.00597	0.00252	0.00247
101	0.01432	0.01827	0.01087	0.00988	0.01185	0.84986	0.00741	0.01531	0.01087	0.00938	0.00593	0.00691	0.00494	0.00395	0.00346	0.00099	0.00691	0.00247	0.00198	0.00444
102	0.00795	0.00681	0.00795	0.00568	0.00909	0.00511	0.00454	0.00965	0.00795	0.01249	0.00681	0.00795	0.00568	0.00284	0.00284	0.00057	0.00284	0.00227	0.00227	0.88869
103	0.00949	0.00911	0.01556	0.02353	0.84133	0.00911	0.01177	0.01177	0.00873	0.01253	0.00721	0.00949	0.00607	0.00342	0.00380	0.00114	0.00456	0.00342	0.00190	0.00607
104	0.01025	0.86756	0.02009	0.00656	0.00984	0.01517	0.00656	0.01148	0.00779	0.00902	0.00533	0.00615	0.00492	0.00328	0.00246	0.00082	0.00410	0.00205	0.00164	0.00492
105	0.00859	0.02246	0.00818	0.00597	0.00910	0.00572	0.00477	0.02522	0.07683	0.05776	0.00868	0.04860	0.00730	0.00361	0.00309	0.00072	0.00290	0.00295	0.00262	0.69496
106	0.01416	0.01615	0.01091	0.00955	0.01178	0.62644	0.00732	0.19535	0.04982	0.01295	0.00709	0.00776	0.00560	0.00415	0.00356	0.00104	0.00614	0.00277	0.00247	0.00498
107	0.00911	0.00790	0.00890	0.00786	0.00997	0.00896	0.04013	0.01875	0.71907	0.01582	0.09615	0.01555	0.01386	0.00538	0.00399	0.00129	0.00306	0.00460	0.00385	0.00579
108	0.00558	0.00372	0.00418	0.00418	0.00418	0.00372	0.00232	0.00558	0.00558	0.00743	0.01208	0.02509	0.01394	0.86525	0.01952	0.00372	0.00372	0.00558	0.00232	0.00232
109	0.01720	0.00653	0.00890	0.00682	0.00979	0.00564	0.00564	0.01869	0.01097	0.84399	0.01513	0.01305	0.00949	0.00475	0.00386	0.00119	0.00326	0.00386	0.00475	0.00653
110	0.01402	0.01046	0.01119	0.00871	0.01168	0.01163	0.00715	0.73900	0.10848	0.02326	0.00991	0.00977	0.00709	0.00467	0.00384	0.00117	0.00409	0.00355	0.00384	0.00647
111	0.14719	0.00666	0.00841	0.00656	0.00944	0.00608	0.00542	0.01758	0.01031	0.72118	0.01367	0.01204	0.00870	0.00457	0.00364	0.00119	0.00322	0.00359	0.00439	0.00617
112	0.04224	0.00524	0.00533	0.00474	0.00615	0.00552	0.00371	0.18249	0.01010	0.01649	0.01154	0.01291	0.00891	0.00446	0.00291	0.00096	0.00235	0.00349	0.66623	0.00422
113	0.00496	0.00376	0.00546	0.00595	0.00641	0.00351	0.04662	0.00581	0.00752	0.01000	0.02071	0.77043	0.03828	0.01146	0.00488	0.00155	0.00249	0.04350	0.00347	0.00324
114	0.01025	0.86756	0.02009	0.00656	0.00984	0.01517	0.00656	0.01148	0.00779	0.00902	0.00533	0.00615	0.00492	0.00328	0.00246	0.00082	0.00410	0.00205	0.00164	0.00492
115	0.02980	0.00723	0.01128	0.54901	0.07194	0.00900	0.00964	0.03975	0.00773	0.01057	0.00730	0.05416	0.00624	0.00479	0.00549	0.00135	0.16466	0.00376	0.00190	0.00438
116	0.00986	0.00842	0.00899	0.00818	0.02669	0.00968	0.00626	0.07290	0.76470	0.01650	0.01502	0.01388	0.01125	0.00513	0.00390	0.00129	0.00314	0.00426	0.00386	0.00610
117	0.00537	0.00392	0.00505	0.00476	0.00569	0.00359	0.00357	0.00713	0.01072	0.01506	0.78923	0.02916	0.08645	0.00796	0.00452	0.00121	0.00182	0.00701	0.00418	0.00359
118	0.00949	0.00911	0.01556	0.02353	0.84133	0.00911	0.01177	0.01177	0.00873	0.01253	0.00721	0.00949	0.00607	0.00342	0.00380	0.00114	0.00456	0.00342	0.00190	0.00607
119	0.00485	0.00390	0.00432	0.00421	0.00537	0.00337	0.00316	0.00611	0.00948	0.01212	0.31998	0.03400	0.55754	0.00905	0.00453	0.00126	0.00190	0.00769	0.00379	0.00337
120	0.00666	0.00333	0.00500	0.00500	0.00500	0.00333	0.00333	0.00500	0.00500	0.00666	0.00666	0.01166	0.00666	0.01332	0.01499	0.88844	0.00333	0.00333	0.00167	0.00167
121	0.01383	0.01030	0.01104	0.00863	0.01153	0.01142	0.00707	0.73048	0.09276	0.02300	0.01014	0.03433	0.00754	0.00487	0.00387	0.00118	0.00405	0.00375	0.00383	0.00638
122	0.00471	0.00343	0.00436	0.00509	0.00543	0.00317	0.00341	0.00537	0.00740	0.00971	0.02270	0.71199	0.12238	0.06436	0.00575	0.00166	0.00228	0.01023	0.00348	0.00308
123	0.76898	0.00781	0.00638	0.00554	0.00799	0.00900	0.00456	0.10264	0.03173	0.01795	0.00607	0.00679	0.00463	0.00372	0.00258	0.00119	0.00311	0.00229	0.00258	0.00447
124	0.03679	0.01034	0.01474	0.01207	0.07887	0.06760	0.27556	0.33931	0.02372	0.03922	0.00916	0.05798	0.00730	0.00442	0.00405	0.00121	0.00497	0.00414	0.00290	0.00564

[dist]
# distance from previous block
# <min> <max>
0	4

[block]
# block no. 2 follows, 71 sequences, length 110
# corresponding to MSA columns:
# 182-291
name=unknown_C
#
# <colnr> <probs for GDERKNQSTAVLIFYWHMCP>
#	G	D	E	R	K	N	Q	S	T	A	V	L	I	F	Y	W	H	M	C	P
0	0.01344	0.04142	0.04205	0.02195	0.04129	0.03993	0.01944	0.34087	0.01336	0.12829	0.01026	0.02052	0.00787	0.00489	0.00407	0.00123	0.00434	0.00360	0.00359	0.23760
1	0.00826	0.08865	0.02713	0.02845	0.01032	0.00831	0.09338	0.02721	0.34584	0.01447	0.25620	0.01733	0.01728	0.00562	0.00421	0.00124	0.02112	0.01654	0.00342	0.00502
2	0.00914	0.00686	0.00813	0.00587	0.00922	0.00530	0.00472	0.02608	0.00849	0.10879	0.00782	0.00856	0.00614	0.00309	0.00298	0.00065	0.00291	0.00248	0.00259	0.77019
3	0.01432	0.01827	0.01087	0.00988	0.01185	0.84986	0.00741	0.01531	0.01087	0.00938	0.00593	0.00691	0.00494	0.00395	0.00346	0.00099	0.00691	0.00247	0.00198	0.00444
4	0.00558	0.00380	0.00448	0.00455	0.00467	0.00385	0.00274	0.01610	0.00598	0.00803	0.01285	0.11417	0.01468	0.68623	0.09344	0.00367	0.00416	0.00599	0.00245	0.00256
5	0.00964	0.00829	0.00873	0.00782	0.01001	0.00958	0.00609	0.03660	0.81802	0.01620	0.01548	0.01420	0.01160	0.00519	0.00390	0.00130	0.00306	0.00432	0.00390	0.00608
6	0.00478	0.00347	0.00449	0.00527	0.00563	0.00322	0.00362	0.00552	0.00752	0.00988	0.02260	0.70606	0.10612	0.03554	0.00529	0.00160	0.00232	0.06041	0.00352	0.00313
7	0.00774	0.02156	0.11010	0.02408	0.05420	0.11812	0.00665	0.02199	0.08454	0.01198	0.16372	0.19387	0.05654	0.01549	0.00491	0.00133	0.05983	0.03605	0.00298	0.00431
8	0.01572	0.00686	0.00885	0.00701	0.00982	0.00639	0.00572	0.01901	0.17059	0.68350	0.01522	0.01329	0.00992	0.00483	0.00386	0.00121	0.00322	0.00395	0.00458	0.00644
9	0.14631	0.00817	0.01067	0.00930	0.02434	0.01087	0.00759	0.00961	0.00613	0.01069	0.00521	0.00805	0.00495	0.00597	0.01034	0.00154	0.66669	0.00310	0.00182	0.04864
10	0.02620	0.13822	0.51680	0.01082	0.01555	0.00969	0.15364	0.01220	0.00829	0.04678	0.00740	0.02443	0.00560	0.00372	0.00363	0.00118	0.00536	0.00319	0.00186	0.00543
11	0.01046	0.01094	0.19454	0.00868	0.01185	0.00919	0.03056	0.13013	0.41441	0.09818	0.01306	0.01252	0.02839	0.00478	0.00386	0.00125	0.00387	0.00393	0.00341	0.00600
12	0.00925	0.00976	0.09740	0.16627	0.57386	0.00898	0.01154	0.03446	0.00880	0.03256	0.00736	0.00956	0.00588	0.00358	0.00379	0.00117	0.00472	0.00337	0.00196	0.00574
13	0.89233	0.00741	0.00564	0.00504	0.00741	0.00860	0.00415	0.01127	0.00653	0.01720	0.00534	0.00623	0.00415	0.00356	0.00237	0.00119	0.00297	0.00208	0.00237	0.00415
14	0.00543	0.00391	0.00508	0.00479	0.00565	0.00362	0.00355	0.00715	0.01059	0.01498	0.79777	0.02846	0.03506	0.05090	0.00528	0.00133	0.00190	0.00687	0.00413	0.00355
15	0.01432	0.01827	0.01087	0.00988	0.01185	0.84986	0.00741	0.01531	0.01087	0.00938	0.00593	0.00691	0.00494	0.00395	0.00346	0.00099	0.00691	0.00247	0.00198	0.00444
16	0.00550	0.00402	0.00570	0.00570	0.00622	0.00454	0.00421	0.00655	0.00602	0.00856	0.01070	0.01743	0.01061	0.22590	0.65432	0.00559	0.00873	0.00445	0.00212	0.00316
17	0.00564	0.00396	0.00517	0.00486	0.00580	0.00364	0.00365	0.00741	0.01077	0.03167	0.79895	0.04080	0.04742	0.00787	0.00451	0.00121	0.00185	0.00695	0.00421	0.00366
18	0.02989	0.55750	0.24068	0.00789	0.01175	0.02992	0.00860	0.05552	0.00845	0.01086	0.00597	0.00685	0.00497	0.00347	0.00287	0.00096	0.00456	0.00234	0.00178	0.00518
19	0.00548	0.00411	0.00616	0.00616	0.00685	0.00479	0.00479	0.00685	0.00616	0.00890	0.01027	0.01506	0.00959	0.02876	0.85006	0.00616	0.01027	0.00411	0.00205	0.00342
20	0.00548	0.00411	0.00616	0.00616	0.00685	0.00479	0.00479	0.00685	0.00616	0.00890	0.01027	0.01506	0.00959	0.02876	0.85006	0.00616	0.01027	0.00411	0.00205	0.00342
21	0.00821	0.00681	0.00798	0.00571	0.00911	0.00513	0.00457	0.00991	0.00804	0.03588	0.00705	0.00809	0.00579	0.00289	0.00287	0.00059	0.00285	0.00232	0.00234	0.86388
22	0.02889	0.00728	0.01323	0.01052	0.01231	0.00752	0.34384	0.02357	0.00787	0.01101	0.01189	0.28547	0.01250	0.06336	0.00684	0.00159	0.13928	0.00638	0.00249	0.00417
23	0.05682	0.00851	0.01279	0.00945	0.01273	0.00807	0.22616	0.18122	0.01116	0.26663	0.01000	0.01031	0.00697	0.00392	0.00378	0.00110	0.00423	0.00359	0.00326	0.15933
24	0.01025	0.86756	0.02009	0.00656	0.00984	0.01517	0.00656	0.01148	0.00779	0.00902	0.00533	0.00615	0.00492	0.00328	0.00246	0.00082	0.00410	0.00205	0.00164	0.00492
25	0.00949	0.00911	0.01556	0.02353	0.84133	0.00911	0.01177	0.01177	0.00873	0.01253	0.00721	0.00949	0.00607	0.00342	0.00380	0.00114	0.00456	0.00342	0.00190	0.00607
26	0.00795	0.00681	0.00795	0.00568	0.00909	0.00511	0.00454	0.00965	0.00795	0.01249	0.00681	0.00795	0.00568	0.00284	0.00284	0.00057	0.00284	0.00227	0.00227	0.88869
27	0.00548	0.00411	0.00616	0.00616	0.00685	0.00479	0.00479	0.00685	0.00616	0.00890	0.01027	0.01506	0.00959	0.02876	0.85006	0.00616	0.01027	0.00411	0.00205	0.00342
28	0.00477	0.00345	0.00454	0.00537	0.00571	0.00322	0.00371	0.00554	0.00754	0.00995	0.02218	0.75117	0.07586	0.01176	0.00490	0.00156	0.00230	0.06975	0.00356	0.00315
29	0.00459	0.00383	0.00400	0.00409	0.00525	0.00324	0.00302	0.00556	0.00868	0.01052	0.07236	0.12781	0.71415	0.00988	0.00457	0.00132	0.00197	0.00835	0.00359	0.00324
30	0.00954	0.00824	0.00867	0.00780	0.00997	0.00954	0.00607	0.02037	0.83441	0.01604	0.01561	0.01431	0.01170	0.00520	0.00390	0.00130	0.00303	0.00433	0.00390	0.00607
31	0.01353	0.00843	0.00942	0.00748	0.01011	0.00895	0.00610	0.42438	0.11329	0.21426	0.01184	0.01145	0.00831	0.00469	0.00368	0.00114	0.00351	0.00367	0.12971	0.00605
32	0.01458	0.01074	0.01151	0.00882	0.01189	0.01189	0.00729	0.82855	0.01803	0.02416	0.00921	0.00921	0.00652	0.00460	0.00384	0.00115	0.00422	0.00345	0.00384	0.00652
33	0.01025	0.86756	0.02009	0.00656	0.00984	0.01517	0.00656	0.01148	0.00779	0.00902	0.00533	0.00615	0.00492	0.00328	0.00246	0.00082	0.00410	0.00205	0.00164	0.00492
34	0.01025	0.86756	0.02009	0.00656	0.00984	0.01517	0.00656	0.01148	0.00779	0.00902	0.00533	0.00615	0.00492	0.00328	0.00246	0.00082	0.00410	0.00205	0.00164	0.00492
35	0.03996	0.00749	0.03566	0.26267	0.31774	0.00790	0.00926	0.01019	0.01882	0.01155	0.00904	0.08096	0.00818	0.01888	0.00453	0.00129	0.05035	0.02815	0.07259	0.00478
36	0.01013	0.00853	0.00900	0.00792	0.01019	0.00981	0.00621	0.11476	0.73906	0.01699	0.01486	0.01371	0.01110	0.00513	0.00389	0.00128	0.00317	0.00423	0.00389	0.00612
37	0.00577	0.00409	0.00470	0.00444	0.00571	0.00355	0.00337	0.00709	0.00968	0.07217	0.33353	0.03213	0.48250	0.00866	0.00448	0.00125	0.00199	0.00736	0.00389	0.00361
38	0.00936	0.00898	0.01533	0.07116	0.79471	0.00908	0.01170	0.01165	0.00867	0.01237	0.00719	0.00953	0.00602	0.00344	0.00380	0.00115	0.00459	0.00342	0.00189	0.00597
39	0.00491	0.00390	0.00441	0.00428	0.00541	0.00340	0.00321	0.00623	0.00963	0.01247	0.37588	0.03342	0.50142	0.00892	0.00453	0.00126	0.00189	0.00760	0.00384	0.00340
40	0.00665	0.00345	0.00510	0.00507	0.00507	0.00353	0.00340	0.00511	0.00504	0.00675	0.00686	0.01216	0.00693	0.04933	0.01513	0.83199	0.02158	0.00343	0.00169	0.00175
41	0.01025	0.86756	0.02009	0.00656	0.00984	0.01517	0.00656	0.01148	0.00779	0.00902	0.00533	0.00615	0.00492	0.00328	0.00246	0.00082	0.00410	0.00205	0.00164	0.00492
42	0.00548	0.00411	0.00616	0.00616	0.00685	0.00479	0.00479	0.00685	0.00616	0.00890	0.01027	0.01506	0.00959	0.02876	0.85006	0.00616	0.01027	0.00411	0.00205	0.00342
43	0.00905	0.01034	0.02262	0.01616	0.02004	0.00970	0.82741	0.01228	0.00905	0.01228	0.00776	0.01034	0.00582	0.00323	0.00452	0.00129	0.00646	0.00452	0.00194	0.00517
44	0.00959	0.00820	0.00868	0.00781	0.00997	0.00946	0.00611	0.04367	0.78745	0.01615	0.01555	0.01496	0.01184	0.00533	0.00394	0.00131	0.00308	0.02698	0.00389	0.00601
45	0.00949	0.00911	0.01556	0.02353	0.84133	0.00911	0.01177	0.01177	0.00873	0.01253	0.00721	0.00949	0.00607	0.00342	0.00380	0.00114	0.00456	0.00342	0.00190	0.00607
46	0.05778	0.01012	0.01088	0.00842	0.01138	0.01110	0.00694	0.71429	0.01674	0.07948	0.00969	0.02869	0.00703	0.00473	0.00379	0.00116	0.00405	0.00358	0.00382	0.00633
47	0.00775	0.00469	0.01599	0.00437	0.01488	0.04641	0.00330	0.00951	0.00832	0.03683	0.02987	0.02631	0.01025	0.00461	0.00285	0.00093	0.00218	0.00369	0.76352	0.00375
48	0.00535	0.00392	0.00501	0.00474	0.00568	0.00358	0.00356	0.00708	0.01067	0.01493	0.76800	0.02938	0.10777	0.00801	0.00452	0.00121	0.00182	0.00704	0.00416	0.00358
49	0.01699	0.00686	0.00911	0.00698	0.00996	0.00613	0.00577	0.08325	0.01154	0.77863	0.01465	0.01274	0.00925	0.00473	0.00385	0.00118	0.00334	0.00382	0.00467	0.00652
50	0.00938	0.00802	0.00850	0.00764	0.00974	0.00921	0.00594	0.03561	0.76675	0.01616	0.06692	0.01510	0.01313	0.00535	0.00394	0.00129	0.00298	0.00448	0.00392	0.00592
51	0.00487	0.00349	0.00466	0.00552	0.00586	0.00329	0.00389	0.00569	0.00758	0.01003	0.02152	0.73181	0.04769	0.01176	0.00494	0.00158	0.00239	0.11672	0.00356	0.00317
52	0.00798	0.01811	0.72466	0.01053	0.01573	0.00878	0.03269	0.06239	0.00881	0.01289	0.02511	0.00974	0.03759	0.00401	0.00373	0.00122	0.00538	0.00320	0.00189	0.00557
53	0.86345	0.00747	0.00596	0.00565	0.03469	0.00862	0.00440	0.01129	0.00660	0.01705	0.00540	0.00634	0.00422	0.00355	0.00242	0.00118	0.00302	0.00212	0.00236	0.00422
54	0.00839	0.00839	0.01174	0.01007	0.01007	0.01174	0.00839	0.00923	0.00587	0.00923	0.00503	0.00839	0.00503	0.00671	0.01258	0.00168	0.85823	0.00336	0.00168	0.00419
55	0.02207	0.05605	0.02494	0.00655	0.00794	0.00608	0.00535	0.08937	0.10757	0.03150	0.01882	0.28861	0.08173	0.00892	0.00452	0.00146	0.00307	0.22781	0.00347	0.00418
56	0.01430	0.00899	0.01017	0.00801	0.01073	0.02973	0.00656	0.46774	0.03091	0.26132	0.01113	0.02043	0.00788	0.00668	0.07146	0.00157	0.01866	0.00370	0.00388	0.00614
57	0.01432	0.01827	0.01087	0.00988	0.01185	0.84986	0.00741	0.01531	0.01087	0.00938	0.00593	0.00691	0.00494	0.00395	0.00346	0.00099	0.00691	0.00247	0.00198	0.00444
58	0.00543	0.00392	0.00513	0.00482	0.00573	0.00362	0.00362	0.00724	0.01085	0.01538	0.83931	0.02864	0.03618	0.00784	0.00452	0.00121	0.00181	0.00693	0.00422	0.00362
59	0.01458	0.01074	0.01151	0.00882	0.01189	0.01189	0.00729	0.82855	0.01803	0.02416	0.00921	0.00921	0.00652	0.00460	0.00384	0.00115	0.00422	0.00345	0.00384	0.00652
60	0.00556	0.00377	0.00445	0.00445	0.00455	0.00387	0.00266	0.00575	0.00566	0.00764	0.01183	0.02371	0.01334	0.75018	0.13377	0.00405	0.00462	0.00537	0.00229	0.00247
61	0.01720	0.00653	0.00890	0.00682	0.00979	0.00564	0.00564	0.01869	0.01097	0.84399	0.01513	0.01305	0.00949	0.00475	0.00386	0.00119	0.00326	0.00386	0.00475	0.00653
62	0.00558	0.00438	0.00505	0.00479	0.00598	0.00410	0.00362	0.02390	0.07579	0.01360	0.43914	0.04414	0.33904	0.00835	0.00447	0.00125	0.00201	0.00716	0.00393	0.00372
63	0.00557	0.00374	0.00428	0.00428	0.00432	0.00377	0.00245	0.00564	0.00561	0.00751	0.01199	0.02458	0.01372	0.82293	0.06154	0.00384	0.00405	0.00550	0.00231	0.00238
64	0.00839	0.00839	0.01174	0.01007	0.01007	0.01174	0.00839	0.00923	0.00587	0.00923	0.00503	0.00839	0.00503	0.00671	0.01258	0.00168	0.85823	0.00336	0.00168	0.00419
65	0.00820	0.00705	0.00852	0.01591	0.00969	0.00551	0.02740	0.03834	0.00833	0.01286	0.00692	0.00809	0.00571	0.00292	0.00293	0.00062	0.00301	0.00239	0.00231	0.82328
66	0.00943	0.05481	0.43710	0.00945	0.01358	0.00964	0.01040	0.13085	0.22548	0.03069	0.00983	0.01054	0.00730	0.00432	0.00372	0.00122	0.00461	0.01856	0.00263	0.00583
67	0.00517	0.00353	0.00467	0.00543	0.00577	0.00330	0.00367	0.01650	0.00759	0.03438	0.02080	0.82672	0.02465	0.01170	0.00485	0.00154	0.00228	0.01060	0.00360	0.00326
68	0.00795	0.00681	0.00795	0.00568	0.00909	0.00511	0.00454	0.00965	0.00795	0.01249	0.00681	0.00795	0.00568	0.00284	0.00284	0.00057	0.00284	0.00227	0.00227	0.88869
69	0.00471	0.00373	0.00423	0.00444	0.00537	0.00326	0.00320	0.00572	0.00866	0.01095	0.15405	0.27074	0.48723	0.01008	0.00463	0.00136	0.00200	0.00872	0.00366	0.00326
70	0.00453	0.00388	0.00388	0.00388	0.00518	0.00324	0.00291	0.00550	0.00874	0.01036	0.03884	0.03690	0.83978	0.00971	0.00453	0.00129	0.00194	0.00809	0.00356	0.00324
71	0.00481	0.00390	0.00427	0.00418	0.00535	0.00336	0.00313	0.00605	0.00940	0.01193	0.29013	0.03431	0.58751	0.00912	0.00453	0.00127	0.00190	0.00773	0.00377	0.00336
72	0.01435	0.01063	0.01138	0.00878	0.01180	0.01179	0.00723	0.79256	0.05438	0.02380	0.00949	0.00943	0.00675	0.00463	0.00384	0.00116	0.00417	0.00349	0.00384	0.00650
