[name]
unknown

[dist]
# distance from previous block
# <min> <max>
0	163

[block]
# block no. 0 follows, 68 sequences, length 88
# corresponding to MSA columns:
# 196-283
name=unknown_A
#
# <colnr> <probs for GDERKNQSTAVLIFYWHMCP>
#	G	D	E	R	K	N	Q	S	T	A	V	L	I	F	Y	W	H	M	C	P
0	0.02634	0.04977	0.03460	0.02276	0.04515	0.03872	0.02738	0.21151	0.07282	0.11062	0.04540	0.01301	0.02990	0.03461	0.00441	0.00119	0.01326	0.02402	0.02442	0.17010
1	0.04157	0.00963	0.03428	0.15732	0.13858	0.03922	0.14211	0.17071	0.10621	0.02934	0.00946	0.01095	0.01779	0.00434	0.00432	0.00126	0.03718	0.00381	0.03634	0.00555
2	0.00566	0.00425	0.00637	0.00637	0.00708	0.00496	0.00496	0.00708	0.00637	0.00920	0.01062	0.01558	0.00991	0.02974	0.84494	0.00637	0.01062	0.00425	0.00212	0.00354
3	0.00577	0.00478	0.00571	0.01803	0.00695	0.00464	0.01689	0.02830	0.03502	0.01194	0.13045	0.09519	0.46949	0.00942	0.00522	0.00142	0.05130	0.09216	0.00362	0.00370
4	0.00822	0.00705	0.00822	0.00587	0.00940	0.00529	0.00470	0.00998	0.00822	0.01292	0.00705	0.00822	0.00587	0.00294	0.00294	0.00059	0.00294	0.00235	0.00235	0.88490
5	0.00822	0.00705	0.00822	0.00587	0.00940	0.00529	0.00470	0.00998	0.00822	0.01292	0.00705	0.00822	0.00587	0.00294	0.00294	0.00059	0.00294	0.00235	0.00235	0.88490
6	0.00689	0.00344	0.00517	0.00517	0.00517	0.00344	0.00344	0.00517	0.00517	0.00689	0.00689	0.01205	0.00689	0.01377	0.01550	0.88464	0.00344	0.00344	0.00172	0.00172
7	0.01034	0.00948	0.01008	0.02768	0.10868	0.08030	0.00717	0.05780	0.58512	0.01570	0.01437	0.01381	0.03149	0.00511	0.00399	0.00129	0.00374	0.00424	0.00356	0.00604
8	0.00932	0.01424	0.39353	0.03157	0.02406	0.00955	0.06477	0.05167	0.30945	0.03517	0.01080	0.01113	0.00790	0.00440	0.00395	0.00129	0.00476	0.00369	0.00275	0.00601
9	0.00822	0.00705	0.00822	0.00587	0.00940	0.00529	0.00470	0.00998	0.00822	0.01292	0.00705	0.00822	0.00587	0.00294	0.00294	0.00059	0.00294	0.00235	0.00235	0.88490
10	0.00569	0.00431	0.00642	0.00642	0.00709	0.00504	0.00498	0.00705	0.00643	0.00927	0.01113	0.06379	0.01073	0.02817	0.77576	0.00598	0.03136	0.00463	0.00220	0.00354
11	0.00492	0.00401	0.00423	0.00419	0.00534	0.00345	0.00306	0.00596	0.00904	0.01117	0.15276	0.03575	0.64009	0.09121	0.00617	0.00157	0.00216	0.00794	0.00366	0.00331
12	0.00469	0.00402	0.00402	0.00402	0.00536	0.00335	0.00301	0.00569	0.00904	0.01071	0.04017	0.03816	0.83432	0.01004	0.00469	0.00134	0.00201	0.00837	0.00368	0.00335
13	0.82399	0.00760	0.00608	0.00535	0.00785	0.00867	0.00441	0.01222	0.00709	0.07875	0.00627	0.00696	0.00470	0.00377	0.00257	0.00123	0.00309	0.00228	0.00264	0.00448
14	0.00523	0.00405	0.00477	0.00462	0.00573	0.00359	0.00348	0.00672	0.01023	0.01356	0.47194	0.03365	0.38303	0.00901	0.00470	0.00130	0.00197	0.02482	0.00405	0.00357
15	0.32368	0.00707	0.00802	0.00641	0.00926	0.00690	0.00529	0.01663	0.00973	0.55034	0.01209	0.01102	0.00788	0.00448	0.00345	0.00123	0.00327	0.00334	0.00405	0.00589
16	0.88866	0.00767	0.00583	0.00521	0.00767	0.00889	0.00429	0.01166	0.00675	0.01779	0.00552	0.00644	0.00429	0.00368	0.00245	0.00123	0.00307	0.00215	0.00245	0.00429
17	0.06109	0.00949	0.00840	0.00733	0.00942	0.16924	0.00563	0.11046	0.23611	0.03627	0.03239	0.04028	0.02384	0.06548	0.00483	0.00133	0.00390	0.00402	0.08023	0.09027
18	0.01507	0.01111	0.01190	0.00912	0.01230	0.01230	0.00754	0.82270	0.01864	0.02499	0.00952	0.00952	0.00674	0.00476	0.00397	0.00119	0.00436	0.00357	0.00397	0.00674
19	0.88866	0.00767	0.00583	0.00521	0.00767	0.00889	0.00429	0.01166	0.00675	0.01779	0.00552	0.00644	0.00429	0.00368	0.00245	0.00123	0.00307	0.00215	0.00245	0.00429
20	0.01507	0.01111	0.01190	0.00912	0.01230	0.01230	0.00754	0.82270	0.01864	0.02499	0.00952	0.00952	0.00674	0.00476	0.00397	0.00119	0.00436	0.00357	0.00397	0.00674
21	0.88866	0.00767	0.00583	0.00521	0.00767	0.00889	0.00429	0.01166	0.00675	0.01779	0.00552	0.00644	0.00429	0.00368	0.00245	0.00123	0.00307	0.00215	0.00245	0.00429
22	0.00981	0.00942	0.01609	0.02434	0.83592	0.00942	0.01217	0.01217	0.00903	0.01295	0.00746	0.00981	0.00628	0.00353	0.00393	0.00118	0.00471	0.00353	0.00196	0.00628
23	0.01016	0.00867	0.00913	0.00813	0.01042	0.01000	0.00635	0.06711	0.78224	0.01707	0.01576	0.01449	0.01180	0.00534	0.00403	0.00134	0.00321	0.00443	0.00403	0.00630
24	0.01475	0.01095	0.01172	0.00906	0.01217	0.01215	0.00746	0.77379	0.06808	0.02448	0.00992	0.00984	0.00707	0.00480	0.00397	0.00120	0.00429	0.00363	0.00397	0.00671
25	0.00540	0.00403	0.00502	0.00480	0.00580	0.00365	0.00359	0.00707	0.01069	0.01470	0.65209	0.05132	0.19999	0.00861	0.00469	0.00127	0.00191	0.00751	0.00421	0.00365
26	0.01631	0.00784	0.00975	0.00753	0.01050	0.00756	0.00620	0.24915	0.01343	0.55796	0.06087	0.01328	0.01052	0.00505	0.00402	0.00122	0.00357	0.00405	0.00461	0.00657
27	0.01300	0.00990	0.01588	0.01227	0.05123	0.01899	0.32639	0.26698	0.02411	0.19438	0.01988	0.01113	0.00751	0.00422	0.00425	0.00126	0.00506	0.00414	0.00330	0.00611
28	0.00919	0.00890	0.01549	0.10217	0.48231	0.00919	0.14083	0.01201	0.05578	0.01244	0.00854	0.03443	0.00730	0.00444	0.00481	0.02357	0.04218	0.01867	0.00213	0.00561
29	0.00478	0.00400	0.00416	0.00416	0.00542	0.00338	0.00311	0.00585	0.00919	0.01118	0.11388	0.06822	0.72919	0.00995	0.00470	0.00134	0.00201	0.00836	0.00375	0.00338
30	0.00529	0.00429	0.00472	0.00457	0.00583	0.00385	0.00344	0.00716	0.05684	0.01275	0.29931	0.03401	0.52550	0.00914	0.00465	0.00131	0.00203	0.00775	0.00393	0.00364
31	0.01173	0.01089	0.05094	0.02408	0.14640	0.05814	0.22662	0.26338	0.03629	0.06081	0.00923	0.03706	0.00718	0.00444	0.00447	0.00126	0.03428	0.00407	0.00285	0.00590
32	0.04437	0.04346	0.30503	0.03213	0.09932	0.01000	0.03282	0.26215	0.01181	0.08638	0.00887	0.01021	0.00655	0.00430	0.00384	0.00123	0.00486	0.02382	0.00277	0.00606
33	0.00476	0.00384	0.00424	0.00455	0.00552	0.00332	0.00328	0.00567	0.00857	0.01054	0.03397	0.30375	0.56122	0.01083	0.00482	0.00143	0.00213	0.02059	0.00368	0.00331
34	0.01459	0.06321	0.01174	0.01003	0.01215	0.80122	0.00761	0.01562	0.01107	0.00968	0.00610	0.00711	0.00511	0.00405	0.00352	0.00101	0.00700	0.00253	0.00202	0.00462
35	0.00809	0.00790	0.02890	0.01016	0.01262	0.00766	0.30009	0.01288	0.21499	0.01478	0.30100	0.01892	0.01886	0.00567	0.00451	0.00131	0.00403	0.01927	0.00337	0.00500
36	0.00822	0.00705	0.00822	0.00587	0.00940	0.00529	0.00470	0.00998	0.00822	0.01292	0.00705	0.00822	0.00587	0.00294	0.00294	0.00059	0.00294	0.00235	0.00235	0.88490
37	0.00689	0.00344	0.00517	0.00517	0.00517	0.00344	0.00344	0.00517	0.00517	0.00689	0.00689	0.01205	0.00689	0.01377	0.01550	0.88464	0.00344	0.00344	0.00172	0.00172
38	0.01000	0.00849	0.00897	0.00805	0.01031	0.00979	0.00627	0.02104	0.81475	0.03068	0.01613	0.01477	0.01206	0.00537	0.00403	0.00134	0.00314	0.00447	0.00405	0.00628
39	0.00549	0.00405	0.00514	0.00486	0.00585	0.00369	0.00365	0.00725	0.01094	0.01523	0.73198	0.03071	0.13968	0.00835	0.00468	0.00126	0.00189	0.00732	0.00428	0.00369
40	0.00490	0.00355	0.00463	0.00537	0.00574	0.00328	0.00364	0.00573	0.00806	0.01075	0.10541	0.71865	0.08199	0.01182	0.00500	0.00156	0.00224	0.01066	0.00375	0.00328
41	0.00485	0.00372	0.00443	0.00493	0.00561	0.00332	0.00344	0.00572	0.00830	0.01061	0.06882	0.48179	0.33077	0.02768	0.00520	0.00154	0.00222	0.02008	0.00369	0.00328
42	0.01471	0.01087	0.01167	0.00898	0.01210	0.01196	0.00740	0.78749	0.01818	0.02442	0.00968	0.02480	0.00707	0.00485	0.00396	0.00118	0.00429	0.00368	0.00392	0.02879
43	0.00557	0.00398	0.00499	0.00555	0.00591	0.00394	0.00380	0.00681	0.05443	0.01003	0.01883	0.48086	0.02173	0.24709	0.00925	0.00224	0.00294	0.10550	0.00334	0.00322
44	0.01060	0.86304	0.02078	0.00678	0.01018	0.01569	0.00678	0.01187	0.00806	0.00933	0.00551	0.00636	0.00509	0.00339	0.00254	0.00085	0.00424	0.00212	0.00170	0.00509
45	0.01483	0.01845	0.01127	0.01015	0.01226	0.79693	0.00765	0.06217	0.01166	0.01058	0.00632	0.00729	0.00520	0.00412	0.00360	0.00103	0.00699	0.00261	0.00215	0.00472
46	0.00576	0.00387	0.00444	0.00444	0.00448	0.00391	0.00255	0.00584	0.00580	0.00777	0.01239	0.02535	0.01416	0.81294	0.06755	0.00399	0.00423	0.00568	0.00239	0.00247
47	0.00566	0.00425	0.00637	0.00637	0.00708	0.00496	0.00496	0.00708	0.00637	0.00920	0.01062	0.01558	0.00991	0.02974	0.84494	0.00637	0.01062	0.00425	0.00212	0.00354
48	0.01062	0.01080	0.01497	0.08879	0.59400	0.15018	0.03096	0.01278	0.00937	0.02937	0.00738	0.00952	0.00607	0.00369	0.00389	0.00117	0.00519	0.00340	0.00202	0.00583
49	0.00863	0.02271	0.04647	0.00696	0.01044	0.00636	0.05225	0.05586	0.03171	0.01374	0.04381	0.00953	0.00744	0.00340	0.00323	0.00075	0.00334	0.00284	0.00251	0.66802
50	0.00485	0.00346	0.00462	0.00551	0.00575	0.00323	0.00368	0.00557	0.00768	0.01026	0.04076	0.83878	0.02648	0.01232	0.00505	0.00160	0.00229	0.01118	0.00370	0.00323
51	0.02483	0.03434	0.01050	0.00895	0.03028	0.12927	0.00692	0.22790	0.44833	0.01752	0.01234	0.01187	0.00927	0.00491	0.00388	0.00124	0.00409	0.00385	0.00360	0.00610
52	0.03077	0.07873	0.05805	0.00951	0.10368	0.02869	0.07181	0.03204	0.00916	0.12594	0.01973	0.00944	0.00676	0.00355	0.00340	0.00091	0.00389	0.00300	0.00260	0.39832
53	0.00918	0.08704	0.62325	0.02355	0.05020	0.00935	0.02372	0.01304	0.00871	0.09266	0.01899	0.00912	0.00600	0.00389	0.00372	0.00122	0.00539	0.00308	0.00204	0.00584
54	0.00892	0.13663	0.35113	0.01294	0.01755	0.01041	0.36549	0.01244	0.00877	0.01214	0.00753	0.00976	0.00579	0.00366	0.00402	0.00124	0.00595	0.01827	0.00186	0.00549
55	0.02338	0.00826	0.01164	0.48743	0.02911	0.00993	0.00950	0.24000	0.01076	0.01442	0.00790	0.02584	0.00615	0.00501	0.01823	0.00140	0.07989	0.00367	0.00244	0.00504
56	0.01064	0.02305	0.26657	0.04524	0.21456	0.00828	0.08445	0.02363	0.00955	0.19697	0.05206	0.01188	0.02640	0.00430	0.00400	0.00124	0.00475	0.00383	0.00271	0.00590
57	0.00800	0.00750	0.03115	0.23334	0.13167	0.00747	0.19304	0.01033	0.01908	0.04710	0.01211	0.23395	0.01187	0.00624	0.00445	0.00139	0.00459	0.02945	0.00257	0.00471
58	0.01731	0.00664	0.00905	0.00697	0.00996	0.00575	0.00575	0.01886	0.01134	0.80633	0.04780	0.01413	0.01090	0.00503	0.00401	0.00123	0.00331	0.00411	0.00489	0.00663
59	0.00611	0.00476	0.04142	0.00492	0.00527	0.00434	0.00328	0.00645	0.00621	0.02161	0.03843	0.04583	0.01465	0.72668	0.02816	0.00352	0.02742	0.00572	0.00248	0.00275
60	0.01153	0.04028	0.13227	0.15437	0.11118	0.11904	0.11028	0.04524	0.00975	0.17698	0.00878	0.01005	0.00638	0.00416	0.00432	0.00124	0.04255	0.00350	0.00255	0.00555
61	0.01453	0.01629	0.01078	0.00952	0.01170	0.63425	0.00726	0.13395	0.01215	0.04870	0.00746	0.00824	0.00586	0.00425	0.00360	0.00105	0.00625	0.00284	0.05637	0.00495
62	0.01043	0.07487	0.37219	0.02329	0.09239	0.24188	0.05241	0.03509	0.02011	0.01189	0.00731	0.02697	0.00583	0.00403	0.00373	0.00117	0.00588	0.00314	0.00196	0.00542
63	0.00586	0.00422	0.00597	0.00592	0.00639	0.00479	0.00436	0.00671	0.00614	0.00870	0.01065	0.01757	0.01063	0.22267	0.57107	0.06666	0.03186	0.00453	0.00215	0.00317
64	0.01060	0.86304	0.02078	0.00678	0.01018	0.01569	0.00678	0.01187	0.00806	0.00933	0.00551	0.00636	0.00509	0.00339	0.00254	0.00085	0.00424	0.00212	0.00170	0.00509
65	0.00572	0.00383	0.00434	0.00438	0.00439	0.00382	0.00246	0.00576	0.00585	0.00779	0.01290	0.06252	0.01493	0.82337	0.01952	0.00375	0.00378	0.00601	0.00246	0.00244
66	0.01060	0.86304	0.02078	0.00678	0.01018	0.01569	0.00678	0.01187	0.00806	0.00933	0.00551	0.00636	0.00509	0.00339	0.00254	0.00085	0.00424	0.00212	0.00170	0.00509
67	0.01065	0.04116	0.18497	0.02815	0.08366	0.04856	0.04909	0.08862	0.23640	0.09094	0.02446	0.01141	0.00842	0.00463	0.00437	0.00126	0.04916	0.00374	0.02448	0.00586
68	0.00822	0.00705	0.00822	0.00587	0.00940	0.00529	0.00470	0.00998	0.00822	0.01292	0.00705	0.00822	0.00587	0.00294	0.00294	0.00059	0.00294	0.00235	0.00235	0.88490
69	0.02122	0.27101	0.20084	0.03301	0.03802	0.08999	0.02414	0.07227	0.10076	0.08911	0.00848	0.00905	0.00646	0.00407	0.00357	0.00112	0.01574	0.00303	0.00247	0.00562
70	0.01679	0.00836	0.01020	0.00782	0.01092	0.00822	0.00646	0.31595	0.01404	0.53823	0.01338	0.01203	0.00868	0.00485	0.00398	0.00121	0.00374	0.00383	0.00456	0.00675
71	0.00499	0.00383	0.00454	0.00492	0.00566	0.00349	0.00346	0.00601	0.01890	0.01069	0.08205	0.39628	0.33810	0.05668	0.02893	0.00173	0.00250	0.02030	0.00362	0.00331
72	0.01051	0.80227	0.06769	0.00709	0.01061	0.02748	0.00725	0.01197	0.00812	0.00952	0.00561	0.00649	0.00508	0.00342	0.00263	0.00087	0.00438	0.00217	0.00170	0.00513
73	0.00546	0.00384	0.00495	0.00558	0.00597	0.00372	0.00388	0.00642	0.03943	0.01005	0.02007	0.54109	0.05673	0.10941	0.00760	0.07097	0.00273	0.09553	0.00339	0.00318
74	0.01056	0.81655	0.05341	0.00702	0.01049	0.02799	0.00711	0.01196	0.00812	0.00946	0.00559	0.00645	0.00509	0.00342	0.00261	0.00087	0.00435	0.00216	0.00170	0.00511
75	0.00614	0.02784	0.00583	0.00599	0.00656	0.00432	0.00433	0.02087	0.00805	0.05209	0.01998	0.66516	0.02308	0.01119	0.00523	0.00157	0.03671	0.07155	0.01992	0.00360
76	0.01035	0.00493	0.00655	0.00604	0.00756	0.00444	0.00460	0.01156	0.00947	0.34478	0.08278	0.31596	0.03849	0.04438	0.00516	0.00150	0.00282	0.05457	0.03936	0.00470
77	0.00585	0.00418	0.00588	0.00579	0.00657	0.00446	0.00439	0.00727	0.00789	0.02875	0.23770	0.05759	0.03923	0.07041	0.49052	0.00437	0.00709	0.00554	0.00292	0.00358
78	0.00911	0.11237	0.43621	0.07314	0.13425	0.05204	0.07749	0.01249	0.00863	0.02494	0.00711	0.00872	0.00539	0.00375	0.00388	0.00120	0.01873	0.00311	0.00182	0.00561
79	0.00811	0.00538	0.00615	0.00615	0.04408	0.00582	0.00445	0.02267	0.17308	0.02563	0.10193	0.01573	0.01300	0.00524	0.00390	0.00111	0.05120	0.00421	0.49771	0.00445
80	0.00512	0.00393	0.00471	0.00489	0.00582	0.00352	0.00362	0.00637	0.00937	0.01222	0.27459	0.22590	0.34916	0.01007	0.00483	0.00141	0.00215	0.06497	0.00389	0.00346
81	0.08764	0.02144	0.02175	0.12076	0.26255	0.02896	0.04364	0.06369	0.05580	0.01323	0.01150	0.18321	0.01124	0.00602	0.00413	0.00133	0.00413	0.05129	0.00267	0.00502
82	0.01368	0.12177	0.02844	0.00971	0.03562	0.15782	0.05427	0.41189	0.03460	0.06512	0.00896	0.02442	0.00682	0.00449	0.00377	0.00114	0.00488	0.00344	0.00318	0.00597
83	0.00482	0.00350	0.00455	0.00539	0.00572	0.00323	0.00362	0.00554	0.00772	0.01017	0.02348	0.78513	0.09811	0.01221	0.00503	0.00159	0.00227	0.01101	0.00368	0.00323
84	0.00965	0.00925	0.01579	0.08393	0.77765	0.00938	0.01208	0.01202	0.00895	0.01275	0.00743	0.00987	0.00621	0.00356	0.00393	0.00119	0.00475	0.00353	0.00195	0.00615
85	0.02609	0.01439	0.36738	0.04846	0.10613	0.03696	0.17240	0.04246	0.04531	0.07651	0.00837	0.00973	0.00610	0.00392	0.00412	0.00126	0.01888	0.00352	0.00224	0.00577
86	0.88866	0.00767	0.00583	0.00521	0.00767	0.00889	0.00429	0.01166	0.00675	0.01779	0.00552	0.00644	0.00429	0.00368	0.00245	0.00123	0.00307	0.00215	0.00245	0.00429
87	0.08546	0.00993	0.07481	0.11294	0.53260	0.02055	0.01116	0.02868	0.00870	0.01301	0.00710	0.00939	0.00583	0.00386	0.00437	0.00124	0.05929	0.00335	0.00199	0.00573

[dist]
# distance from previous block
# <min> <max>
0	1

[block]
# block no. 1 follows, 68 sequences, length 15
# corresponding to MSA columns:
# 285-299
name=unknown_B
#
# <colnr> <probs for GDERKNQSTAVLIFYWHMCP>
#	G	D	E	R	K	N	Q	S	T	A	V	L	I	F	Y	W	H	M	C	P
0	0.00944	0.00872	0.01466	0.14463	0.60294	0.00885	0.03202	0.01180	0.00885	0.02893	0.00773	0.01009	0.00630	0.00362	0.00386	0.00116	0.00462	0.00351	0.03049	0.05780
1	0.01048	0.00740	0.00828	0.00729	0.00943	0.00801	0.00572	0.05321	0.48421	0.15193	0.08789	0.01838	0.06396	0.03363	0.00469	0.00141	0.00309	0.03111	0.00412	0.00577
2	0.00937	0.07307	0.17498	0.03133	0.07094	0.04505	0.12680	0.09339	0.14865	0.01415	0.07485	0.01285	0.03147	0.00615	0.05498	0.00154	0.00503	0.00406	0.01591	0.00542
3	0.00493	0.00400	0.00439	0.00450	0.00565	0.00346	0.00338	0.00607	0.00919	0.01142	0.14324	0.12079	0.59617	0.01008	0.00477	0.00138	0.00212	0.05730	0.00377	0.00341
4	0.00822	0.00705	0.00822	0.00587	0.00940	0.00529	0.00470	0.00998	0.00822	0.01292	0.00705	0.00822	0.00587	0.00294	0.00294	0.00059	0.00294	0.00235	0.00235	0.88490
5	0.00653	0.00537	0.00708	0.00671	0.03462	0.02519	0.05395	0.00916	0.07925	0.01470	0.52127	0.04002	0.10972	0.00766	0.00458	0.00129	0.00259	0.04434	0.02186	0.00410
6	0.00566	0.00425	0.00637	0.00637	0.00708	0.00496	0.00496	0.00708	0.00637	0.00920	0.01062	0.01558	0.00991	0.02974	0.84494	0.00637	0.01062	0.00425	0.00212	0.00354
7	0.01496	0.06141	0.01224	0.00889	0.01204	0.03944	0.00739	0.69959	0.01733	0.07291	0.00954	0.00950	0.00678	0.00467	0.00387	0.00117	0.00439	0.00348	0.00383	0.00657
8	0.00577	0.00384	0.00432	0.00432	0.00432	0.00384	0.00240	0.00577	0.00577	0.00769	0.01249	0.02595	0.01441	0.86066	0.02018	0.00384	0.00384	0.00577	0.00240	0.00240
9	0.01000	0.05994	0.07606	0.00763	0.03637	0.03562	0.01739	0.06727	0.16124	0.14509	0.23612	0.01769	0.04956	0.00576	0.00403	0.00121	0.00331	0.00482	0.05564	0.00525
10	0.00998	0.06040	0.13841	0.01243	0.16096	0.11290	0.03920	0.05736	0.11952	0.01256	0.00867	0.05140	0.00743	0.00510	0.00581	0.00132	0.18506	0.00378	0.00234	0.00537
11	0.00867	0.00867	0.01214	0.01041	0.01041	0.01214	0.00867	0.00954	0.00607	0.00954	0.00520	0.00867	0.00520	0.00694	0.01301	0.00173	0.85340	0.00347	0.00173	0.00434
12	0.03524	0.12525	0.01246	0.00974	0.04681	0.41196	0.02104	0.11685	0.08217	0.08963	0.00830	0.00875	0.00640	0.00422	0.00357	0.00108	0.00551	0.00299	0.00268	0.00535
13	0.00749	0.00705	0.01189	0.85113	0.02731	0.00881	0.01101	0.01013	0.00793	0.01013	0.00705	0.01057	0.00529	0.00396	0.00396	0.00132	0.00529	0.00352	0.00176	0.00440
14	0.00772	0.03087	0.02449	0.00659	0.00833	0.00708	0.00520	0.01399	0.40618	0.01513	0.27245	0.06813	0.10361	0.00700	0.00431	0.00131	0.00267	0.00599	0.00397	0.00498

[dist]
# distance from previous block
# <min> <max>
0	1

[block]
# block no. 2 follows, 68 sequences, length 22
# corresponding to MSA columns:
# 301-322
name=unknown_C
#
# <colnr> <probs for GDERKNQSTAVLIFYWHMCP>
#	G	D	E	R	K	N	Q	S	T	A	V	L	I	F	Y	W	H	M	C	P
0	0.16369	0.40805	0.09936	0.00878	0.06785	0.10809	0.00770	0.05840	0.00885	0.01232	0.00610	0.00713	0.00512	0.00372	0.00315	0.00103	0.02104	0.00246	0.00201	0.00513
1	0.00928	0.00980	0.07145	0.10381	0.63785	0.00917	0.04815	0.01180	0.00884	0.01255	0.00788	0.03705	0.00673	0.00387	0.00399	0.00122	0.00486	0.00379	0.00198	0.00593
2	0.01146	0.00979	0.01036	0.00955	0.06977	0.09396	0.02269	0.23226	0.32451	0.03548	0.05146	0.02398	0.01052	0.01646	0.00461	0.01710	0.02288	0.00415	0.02318	0.00583
3	0.00669	0.00616	0.00580	0.00559	0.00700	0.08193	0.00419	0.00964	0.15876	0.01231	0.13390	0.10580	0.43015	0.00861	0.00450	0.00132	0.00270	0.00724	0.00368	0.00404
4	0.01030	0.00888	0.00905	0.02637	0.01051	0.05667	0.00624	0.12986	0.52412	0.01665	0.03335	0.02990	0.03687	0.00537	0.00396	0.00125	0.00345	0.00440	0.03001	0.05278
5	0.00480	0.00401	0.00419	0.00417	0.00543	0.00339	0.00312	0.00591	0.00927	0.01133	0.13675	0.05739	0.71690	0.00986	0.00469	0.00133	0.00200	0.00829	0.00377	0.00339
6	0.00566	0.00425	0.00637	0.00637	0.00708	0.00496	0.00496	0.00708	0.00637	0.00920	0.01062	0.01558	0.00991	0.02974	0.84494	0.00637	0.01062	0.00425	0.00212	0.00354
7	0.82350	0.00760	0.00608	0.00535	0.00785	0.00867	0.00441	0.01223	0.00709	0.07921	0.00628	0.00697	0.00471	0.00377	0.00257	0.00123	0.00309	0.00228	0.00264	0.00448
8	0.01665	0.00697	0.00912	0.00701	0.01001	0.00623	0.00577	0.08353	0.01166	0.69677	0.01463	0.01299	0.00940	0.00479	0.00388	0.00118	0.00336	0.00387	0.04586	0.04631
9	0.01438	0.01459	0.01124	0.00951	0.01199	0.42486	0.00745	0.36389	0.03631	0.01647	0.00807	0.00876	0.00622	0.00557	0.04180	0.00134	0.00600	0.00312	0.00293	0.00552
10	0.00554	0.00405	0.00521	0.00492	0.00588	0.00371	0.00369	0.00735	0.01106	0.01552	0.77630	0.03024	0.09518	0.00825	0.00468	0.00125	0.00188	0.00726	0.00432	0.00371
11	0.00498	0.00403	0.00442	0.00432	0.00553	0.00347	0.00324	0.00625	0.00972	0.01233	0.28850	0.03549	0.58497	0.00944	0.00468	0.00131	0.00197	0.00799	0.00390	0.00347
12	0.00508	0.00403	0.00456	0.00443	0.00560	0.00352	0.00332	0.00645	0.00997	0.01292	0.37863	0.03452	0.49447	0.00922	0.00468	0.00130	0.00195	0.00786	0.00397	0.00352
13	0.00501	0.00389	0.00453	0.00470	0.00561	0.00345	0.00340	0.00614	0.00912	0.01178	0.23235	0.24419	0.39239	0.03559	0.00525	0.00147	0.00213	0.02178	0.00381	0.00339
14	0.00795	0.02051	0.84011	0.01130	0.01716	0.00921	0.01465	0.01256	0.00837	0.01256	0.00712	0.00837	0.00502	0.00377	0.00377	0.00126	0.00586	0.00293	0.00167	0.00586
15	0.88866	0.00767	0.00583	0.00521	0.00767	0.00889	0.00429	0.01166	0.00675	0.01779	0.00552	0.00644	0.00429	0.00368	0.00245	0.00123	0.00307	0.00215	0.00245	0.00429
16	0.00471	0.00392	0.00411	0.00427	0.00542	0.00333	0.00312	0.00566	0.00880	0.01061	0.03713	0.17414	0.70030	0.01044	0.00475	0.00138	0.00206	0.00885	0.00368	0.00333
17	0.00565	0.00421	0.00625	0.00630	0.00697	0.00485	0.00486	0.00701	0.00646	0.00925	0.01130	0.04594	0.01091	0.05538	0.77055	0.00602	0.00996	0.02241	0.00222	0.00349
18	0.07715	0.00694	0.00889	0.00697	0.00988	0.00639	0.00572	0.04072	0.06089	0.68034	0.04360	0.01354	0.01046	0.00496	0.00391	0.00123	0.00331	0.00399	0.00464	0.00644
19	0.00483	0.00345	0.00460	0.00552	0.00575	0.00322	0.00368	0.00552	0.00759	0.01012	0.02185	0.85807	0.02622	0.01242	0.00506	0.00161	0.00230	0.01127	0.00368	0.00322
20	0.00652	0.00516	0.00768	0.00720	0.00788	0.00623	0.02343	0.00783	0.00647	0.02781	0.00986	0.01471	0.00923	0.05935	0.63571	0.00527	0.14959	0.00419	0.00213	0.00374
21	0.01066	0.63419	0.04320	0.00804	0.02783	0.07410	0.00745	0.02935	0.00829	0.00989	0.00569	0.00691	0.00516	0.00393	0.00403	0.00100	0.11106	0.00241	0.00178	0.00504

[dist]
# distance from previous block
# <min> <max>
0	1

[block]
# block no. 3 follows, 68 sequences, length 73
# corresponding to MSA columns:
# 324-394,396,397
name=unknown_D
#
# <colnr> <probs for GDERKNQSTAVLIFYWHMCP>
#	G	D	E	R	K	N	Q	S	T	A	V	L	I	F	Y	W	H	M	C	P
0	0.02952	0.01133	0.18141	0.07491	0.24578	0.00886	0.16466	0.05824	0.00932	0.02588	0.01704	0.00969	0.00623	0.00363	0.00387	0.00115	0.00498	0.00347	0.00215	0.13786
1	0.04599	0.01896	0.03170	0.61648	0.12281	0.00901	0.06501	0.01069	0.00812	0.01106	0.00708	0.01017	0.00541	0.00383	0.00390	0.00128	0.00518	0.00349	0.00184	0.01798
2	0.00492	0.00361	0.00463	0.00529	0.00576	0.00331	0.00364	0.00579	0.00819	0.01084	0.10989	0.64814	0.13503	0.01163	0.00498	0.00154	0.00224	0.02353	0.00375	0.00330
3	0.00590	0.00478	0.00571	0.05453	0.00768	0.04329	0.00455	0.02047	0.04743	0.01070	0.01977	0.69377	0.02295	0.01104	0.00487	0.00155	0.00281	0.03110	0.00351	0.00357
4	0.01120	0.54236	0.13599	0.04426	0.01211	0.04111	0.00808	0.06074	0.00915	0.09211	0.00706	0.00774	0.00565	0.00372	0.00304	0.00099	0.00454	0.00258	0.00216	0.00541
5	0.00495	0.00356	0.00471	0.00559	0.00592	0.00333	0.00386	0.00574	0.00778	0.01028	0.02261	0.75816	0.06211	0.01220	0.00508	0.00161	0.00239	0.07318	0.00368	0.00326
6	0.00645	0.00471	0.00630	0.00698	0.00793	0.00476	0.00592	0.00874	0.06082	0.01207	0.05517	0.06698	0.04374	0.04728	0.00595	0.00184	0.00347	0.64349	0.00365	0.00375
7	0.01069	0.78821	0.02017	0.00720	0.01045	0.04869	0.02072	0.01197	0.00814	0.00941	0.00557	0.00654	0.00511	0.00353	0.00295	0.00089	0.03077	0.00222	0.00172	0.00505
8	0.00575	0.00435	0.00533	0.00586	0.00660	0.00431	0.00426	0.00808	0.11997	0.01145	0.03219	0.52884	0.11236	0.01080	0.00487	0.00155	0.00253	0.10356	0.02361	0.00372
9	0.00981	0.00942	0.01609	0.02434	0.83592	0.00942	0.01217	0.01217	0.00903	0.01295	0.00746	0.00981	0.00628	0.00353	0.00393	0.00118	0.00471	0.00353	0.00196	0.00628
10	0.00505	0.00402	0.00453	0.00442	0.00558	0.00350	0.00331	0.00638	0.00986	0.01271	0.34769	0.05016	0.51010	0.00934	0.00469	0.00131	0.00196	0.00796	0.00395	0.00350
11	0.00570	0.00410	0.00564	0.00564	0.00609	0.00456	0.00404	0.00661	0.00616	0.00866	0.01129	0.01929	0.01152	0.32704	0.54985	0.00547	0.00820	0.00479	0.00222	0.00313
12	0.00555	0.00405	0.00522	0.00493	0.00589	0.00372	0.00370	0.00737	0.01109	0.01557	0.78367	0.03016	0.08778	0.00823	0.00468	0.00125	0.00188	0.00725	0.00432	0.00372
13	0.01055	0.82705	0.02089	0.00720	0.01062	0.01545	0.04119	0.01191	0.00811	0.00947	0.00562	0.00654	0.00513	0.00339	0.00263	0.00087	0.00434	0.00223	0.00171	0.00510
14	0.01215	0.00822	0.04398	0.00767	0.01026	0.00817	0.00633	0.06956	0.41518	0.26938	0.09187	0.01518	0.01314	0.00538	0.00406	0.00129	0.00328	0.00446	0.00423	0.00619
15	0.01040	0.79222	0.03625	0.00682	0.01027	0.01490	0.00681	0.01177	0.00807	0.00962	0.00564	0.00652	0.00514	0.00337	0.00259	0.00084	0.00419	0.00215	0.00174	0.06071
16	0.00492	0.00357	0.00472	0.00554	0.00589	0.00336	0.00381	0.00571	0.00770	0.01020	0.02250	0.73547	0.07646	0.01294	0.04052	0.00180	0.00269	0.04533	0.00361	0.00326
17	0.01060	0.86304	0.02078	0.00678	0.01018	0.01569	0.00678	0.01187	0.00806	0.00933	0.00551	0.00636	0.00509	0.00339	0.00254	0.00085	0.00424	0.00212	0.00170	0.00509
18	0.00525	0.00413	0.00475	0.00462	0.00576	0.00369	0.00346	0.00691	0.03144	0.01321	0.40159	0.06378	0.41890	0.00912	0.00468	0.00131	0.00199	0.00783	0.00400	0.00360
19	0.00739	0.00370	0.00370	0.00370	0.00462	0.00370	0.00277	0.00924	0.00831	0.01478	0.01293	0.01478	0.01016	0.00462	0.00277	0.00092	0.00185	0.00370	0.88267	0.00370
20	0.00503	0.00360	0.00487	0.00575	0.00607	0.00345	0.00402	0.00588	0.00768	0.01025	0.02119	0.73199	0.02504	0.01316	0.04832	0.00188	0.00287	0.09208	0.00360	0.00328
21	0.01754	0.00715	0.00945	0.00725	0.01032	0.00643	0.00599	0.09420	0.01203	0.76284	0.01507	0.01312	0.00953	0.00489	0.00399	0.00122	0.00347	0.00395	0.00482	0.00675
22	0.00749	0.00705	0.01189	0.85113	0.02731	0.00881	0.01101	0.01013	0.00793	0.01013	0.00705	0.01057	0.00529	0.00396	0.00396	0.00132	0.00529	0.00352	0.00176	0.00440
23	0.00749	0.00705	0.01189	0.85113	0.02731	0.00881	0.01101	0.01013	0.00793	0.01013	0.00705	0.01057	0.00529	0.00396	0.00396	0.00132	0.00529	0.00352	0.00176	0.00440
24	0.00510	0.00371	0.00484	0.00563	0.00599	0.00355	0.00383	0.00631	0.04331	0.01068	0.05705	0.77515	0.02606	0.01191	0.00500	0.00159	0.00233	0.02086	0.00373	0.00338
25	0.01182	0.00985	0.01009	0.02239	0.04689	0.10891	0.00690	0.25647	0.25798	0.06892	0.01306	0.09212	0.02929	0.00575	0.00444	0.00129	0.03990	0.00458	0.00357	0.00578
26	0.00749	0.00705	0.01189	0.85113	0.02731	0.00881	0.01101	0.01013	0.00793	0.01013	0.00705	0.01057	0.00529	0.00396	0.00396	0.00132	0.00529	0.00352	0.00176	0.00440
27	0.01060	0.86304	0.02078	0.00678	0.01018	0.01569	0.00678	0.01187	0.00806	0.00933	0.00551	0.00636	0.00509	0.00339	0.00254	0.00085	0.00424	0.00212	0.00170	0.00509
28	0.00493	0.00412	0.00432	0.00441	0.00570	0.00356	0.00338	0.00616	0.02203	0.01089	0.03764	0.05723	0.72955	0.01010	0.00476	0.00139	0.00218	0.08055	0.00368	0.00342
29	0.00600	0.00401	0.00507	0.00516	0.00605	0.00361	0.00373	0.00723	0.00942	0.07105	0.31379	0.34852	0.18167	0.00990	0.00478	0.00140	0.00217	0.00875	0.00401	0.00368
30	0.00981	0.00910	0.08048	0.00919	0.01118	0.00937	0.07040	0.24019	0.02024	0.03481	0.00891	0.01173	0.00749	0.04397	0.23029	0.00281	0.18852	0.00387	0.00262	0.00502
31	0.00749	0.00705	0.01189	0.85113	0.02731	0.00881	0.01101	0.01013	0.00793	0.01013	0.00705	0.01057	0.00529	0.00396	0.00396	0.00132	0.00529	0.00352	0.00176	0.00440
32	0.79308	0.08111	0.00735	0.00579	0.02695	0.00949	0.00469	0.01169	0.00691	0.01695	0.00556	0.00651	0.00441	0.00365	0.00250	0.00119	0.00321	0.00218	0.00238	0.00441
33	0.00749	0.00705	0.01189	0.85113	0.02731	0.00881	0.01101	0.01013	0.00793	0.01013	0.00705	0.01057	0.00529	0.00396	0.00396	0.00132	0.00529	0.00352	0.00176	0.00440
34	0.01088	0.64226	0.12486	0.00770	0.01132	0.05986	0.00788	0.06353	0.00899	0.02279	0.00615	0.00697	0.00525	0.00359	0.00287	0.00094	0.00460	0.00237	0.00190	0.00529
35	0.00498	0.00364	0.00472	0.00546	0.00591	0.00334	0.00375	0.00579	0.00786	0.01042	0.03913	0.71901	0.09515	0.01184	0.00498	0.00156	0.00233	0.04080	0.00366	0.02565
36	0.04308	0.12181	0.25951	0.04595	0.05214	0.03963	0.08658	0.08805	0.03585	0.14793	0.00878	0.00953	0.00635	0.00406	0.00388	0.00119	0.02033	0.00328	0.00259	0.01949
37	0.75309	0.00739	0.00599	0.00544	0.00769	0.00846	0.00439	0.05037	0.00741	0.01733	0.00744	0.09638	0.00672	0.00465	0.00280	0.00127	0.00305	0.00318	0.00266	0.00430
38	0.01091	0.00566	0.00658	0.00555	0.00748	0.00540	0.00442	0.11839	0.01090	0.26062	0.07622	0.01870	0.15029	0.00588	0.00375	0.00114	0.00266	0.00480	0.29569	0.00495
39	0.00493	0.00393	0.00447	0.00481	0.00580	0.00346	0.00359	0.00596	0.00870	0.01078	0.04791	0.25855	0.51103	0.01075	0.00488	0.00146	0.00227	0.09968	0.00369	0.00335
40	0.00986	0.08740	0.03871	0.08324	0.24600	0.03152	0.25241	0.04989	0.03676	0.04845	0.00971	0.04724	0.03201	0.00427	0.00409	0.00124	0.00509	0.00423	0.00234	0.00551
41	0.00953	0.01071	0.02305	0.01648	0.02047	0.01009	0.79711	0.03700	0.00964	0.01307	0.00807	0.01066	0.00604	0.00338	0.00466	0.00133	0.00661	0.00465	0.00206	0.00539
42	0.00689	0.00344	0.00517	0.00517	0.00517	0.00344	0.00344	0.00517	0.00517	0.00689	0.00689	0.01205	0.00689	0.01377	0.01550	0.88464	0.00344	0.00344	0.00172	0.00172
43	0.00938	0.10551	0.45037	0.03227	0.01488	0.07764	0.05412	0.07749	0.03986	0.01270	0.00770	0.00962	0.00606	0.05462	0.00495	0.00137	0.03076	0.00322	0.00204	0.00545
44	0.03213	0.02596	0.01231	0.30550	0.19690	0.00930	0.04184	0.04495	0.21213	0.04352	0.01981	0.02152	0.00804	0.00439	0.00396	0.00128	0.00442	0.00390	0.00265	0.00548
45	0.00629	0.00442	0.00508	0.00490	0.00508	0.00466	0.00301	0.03217	0.02774	0.00859	0.01212	0.02409	0.01358	0.75063	0.04210	0.00367	0.04112	0.00552	0.00246	0.00276
46	0.00561	0.00405	0.00530	0.00499	0.00592	0.00374	0.00374	0.00748	0.01122	0.01590	0.83383	0.02962	0.03741	0.00811	0.00468	0.00125	0.00187	0.00717	0.00436	0.00374
47	0.00974	0.00935	0.01597	0.04914	0.81167	0.00940	0.01213	0.01211	0.00900	0.01287	0.00745	0.00984	0.00625	0.00355	0.00393	0.00118	0.00473	0.00353	0.00196	0.00622
48	0.00822	0.00705	0.00822	0.00587	0.00940	0.00529	0.00470	0.00998	0.00822	0.01292	0.00705	0.00822	0.00587	0.00294	0.00294	0.00059	0.00294	0.00235	0.00235	0.88490
49	0.01469	0.05676	0.01162	0.00999	0.01211	0.78797	0.00758	0.01573	0.01109	0.02877	0.00632	0.00726	0.00521	0.00407	0.00354	0.00102	0.00693	0.00257	0.00209	0.00467
50	0.01447	0.00669	0.00851	0.00684	0.00925	0.00635	0.00542	0.08980	0.07110	0.53250	0.01439	0.01535	0.01046	0.14573	0.04303	0.00188	0.00384	0.00429	0.00423	0.00586
51	0.00712	0.11544	0.27380	0.00729	0.01025	0.00710	0.01773	0.00980	0.02155	0.02533	0.30709	0.02064	0.14876	0.00630	0.00411	0.00122	0.00356	0.00527	0.00304	0.00462
52	0.02217	0.00899	0.04990	0.31413	0.41106	0.00913	0.03979	0.03964	0.00898	0.03835	0.00776	0.01871	0.00617	0.00387	0.00395	0.00124	0.00493	0.00362	0.00207	0.00554
53	0.00726	0.00591	0.00742	0.00737	0.04320	0.04152	0.00527	0.07367	0.00751	0.01033	0.01022	0.01644	0.01001	0.22617	0.43579	0.00451	0.07695	0.00440	0.00230	0.00375
54	0.00540	0.00397	0.00506	0.00494	0.00583	0.00363	0.00364	0.00702	0.01050	0.01454	0.63459	0.13555	0.13282	0.00889	0.00473	0.00130	0.00194	0.00784	0.00420	0.00363
55	0.00993	0.00943	0.01250	0.23525	0.27326	0.13132	0.04370	0.02415	0.03790	0.06382	0.01050	0.04676	0.05398	0.00504	0.01644	0.00132	0.01301	0.00410	0.00238	0.00519
56	0.01893	0.00712	0.00853	0.00631	0.00956	0.01788	0.02926	0.01005	0.01781	0.01269	0.00761	0.02227	0.00650	0.00485	0.05625	0.00101	0.00359	0.00271	0.00236	0.75472
57	0.01035	0.00854	0.00911	0.00817	0.02037	0.00977	0.00632	0.09310	0.70045	0.02934	0.01530	0.01423	0.01143	0.00526	0.00398	0.00131	0.00322	0.00435	0.03917	0.00622
58	0.00721	0.00597	0.04236	0.02708	0.04050	0.00559	0.00684	0.07917	0.00988	0.01300	0.03506	0.06177	0.06626	0.00961	0.00511	0.00167	0.00372	0.57163	0.00350	0.00410
59	0.02067	0.03645	0.04555	0.08317	0.34115	0.08659	0.08685	0.05988	0.00947	0.06297	0.00840	0.03449	0.00696	0.00582	0.05747	0.00155	0.04098	0.00376	0.00229	0.00552
60	0.01314	0.02838	0.05645	0.01001	0.02218	0.57043	0.03352	0.08461	0.01117	0.01905	0.03632	0.00914	0.00686	0.01565	0.05282	0.00142	0.01867	0.00306	0.00230	0.00480
61	0.01762	0.00702	0.00937	0.00719	0.01026	0.00624	0.00594	0.07010	0.01181	0.78725	0.01526	0.01324	0.00962	0.00490	0.00399	0.00122	0.00344	0.00396	0.00485	0.00675
62	0.01097	0.78837	0.01993	0.00709	0.01036	0.08902	0.00686	0.01222	0.00834	0.00936	0.00557	0.00643	0.00509	0.00345	0.00264	0.00086	0.00450	0.00216	0.00173	0.00504
63	0.00859	0.00463	0.00589	0.00550	0.00692	0.00408	0.00414	0.00982	0.00967	0.24476	0.17584	0.27125	0.21530	0.00894	0.00460	0.00137	0.00245	0.00777	0.00415	0.00434
64	0.00513	0.00417	0.00491	0.05795	0.00693	0.00379	0.00377	0.00645	0.00944	0.01204	0.25328	0.10403	0.49533	0.00933	0.00467	0.00134	0.00220	0.00798	0.00375	0.00351
65	0.00498	0.00396	0.00443	0.00445	0.00551	0.00345	0.00325	0.00614	0.00931	0.01187	0.24210	0.12742	0.50612	0.04269	0.00532	0.00144	0.00208	0.00828	0.00381	0.00340
66	0.00829	0.00711	0.00825	0.00597	0.00944	0.00548	0.00477	0.01046	0.04374	0.01308	0.00744	0.00851	0.00614	0.00304	0.00298	0.00062	0.00295	0.00244	0.00242	0.84687
67	0.06627	0.00908	0.01155	0.41811	0.04860	0.04532	0.00917	0.30112	0.01188	0.01604	0.00803	0.01031	0.00605	0.00433	0.00388	0.00126	0.00485	0.01622	0.00264	0.00530
68	0.53484	0.00670	0.00607	0.00578	0.00773	0.00746	0.00472	0.04584	0.03260	0.01596	0.02165	0.08368	0.06219	0.00619	0.00347	0.00137	0.00309	0.14350	0.00297	0.00420
69	0.13258	0.00763	0.00808	0.02906	0.00945	0.02716	0.00559	0.27403	0.08155	0.05848	0.04948	0.22133	0.06533	0.00700	0.00410	0.00133	0.00335	0.00580	0.00364	0.00504
70	0.01080	0.56918	0.13308	0.00899	0.06364	0.11182	0.00834	0.03475	0.00883	0.01048	0.00604	0.00704	0.00520	0.00357	0.00296	0.00096	0.00484	0.00241	0.00181	0.00526
71	0.01454	0.01820	0.01106	0.01000	0.01207	0.79032	0.00753	0.04605	0.01146	0.01031	0.00719	0.00809	0.02779	0.00427	0.00362	0.00104	0.00690	0.00275	0.00216	0.00464
72	0.07889	0.02401	0.01017	0.03898	0.13341	0.00889	0.01682	0.18457	0.19754	0.04778	0.11472	0.05433	0.01264	0.00647	0.04050	0.00149	0.01537	0.00451	0.00338	0.00553

[dist]
# distance from previous block
# <min> <max>
0	6

[block]
# block no. 4 follows, 68 sequences, length 32
# corresponding to MSA columns:
# 404-435
name=unknown_E
#
# <colnr> <probs for GDERKNQSTAVLIFYWHMCP>
#	G	D	E	R	K	N	Q	S	T	A	V	L	I	F	Y	W	H	M	C	P
0	0.00606	0.00502	0.00569	0.01725	0.02398	0.02915	0.00411	0.00845	0.08090	0.01393	0.44936	0.02980	0.29499	0.00823	0.00457	0.00128	0.00229	0.00707	0.00396	0.00392
1	0.06171	0.00683	0.00898	0.00695	0.00992	0.00611	0.00573	0.04225	0.01132	0.74540	0.04220	0.01356	0.01036	0.00495	0.00393	0.00123	0.00334	0.00399	0.00474	0.00652
2	0.00585	0.00480	0.00526	0.00515	0.00649	0.00460	0.00393	0.00878	0.14933	0.01270	0.17860	0.07144	0.46321	0.00906	0.00464	0.00136	0.00229	0.05472	0.00386	0.00393
3	0.02336	0.29061	0.16130	0.01152	0.10568	0.17140	0.11088	0.03791	0.03134	0.01159	0.00685	0.00812	0.00556	0.00370	0.00346	0.00108	0.00540	0.00293	0.00197	0.00537
4	0.00605	0.00454	0.00583	0.00644	0.00725	0.00459	0.00502	0.00849	0.10752	0.01164	0.03244	0.37915	0.05986	0.01132	0.02779	0.00177	0.00311	0.30974	0.00368	0.00377
5	0.00530	0.00386	0.00508	0.00579	0.00639	0.00364	0.00434	0.00644	0.00848	0.01117	0.09543	0.47763	0.11347	0.01139	0.00510	0.00161	0.00259	0.22516	0.00373	0.00340
6	0.00533	0.00419	0.00447	0.00445	0.00576	0.00362	0.00336	0.00663	0.02702	0.03739	0.08000	0.08191	0.67562	0.00983	0.00470	0.00136	0.00214	0.03491	0.00376	0.00354
7	0.03118	0.03526	0.03827	0.06365	0.21315	0.25174	0.10712	0.07335	0.06063	0.07549	0.00831	0.00955	0.00640	0.00401	0.00386	0.00117	0.00545	0.00340	0.00247	0.00555
8	0.00838	0.00828	0.01157	0.01004	0.01006	0.01147	0.00830	0.00924	0.00619	0.00959	0.00647	0.07304	0.00680	0.00736	0.01241	0.00173	0.78890	0.00406	0.00188	0.00425
9	0.00477	0.00400	0.00414	0.00414	0.00541	0.00338	0.00309	0.00583	0.00917	0.01111	0.10374	0.06275	0.74500	0.00996	0.00470	0.00134	0.00201	0.00836	0.00374	0.00338
10	0.00971	0.03539	0.04052	0.18663	0.32936	0.06821	0.18113	0.03472	0.05204	0.01250	0.00784	0.01007	0.00619	0.00375	0.00403	0.00123	0.00534	0.00369	0.00208	0.00555
11	0.01156	0.01052	0.01356	0.12670	0.25414	0.09819	0.07085	0.28623	0.02377	0.01623	0.00915	0.02673	0.02548	0.00440	0.00401	0.00121	0.00495	0.00380	0.00273	0.00581
12	0.00972	0.00923	0.01750	0.13218	0.24951	0.00919	0.35939	0.01265	0.03093	0.07500	0.00950	0.01159	0.03271	0.00393	0.00443	0.00129	0.01921	0.00424	0.00228	0.00553
13	0.00483	0.00345	0.00460	0.00552	0.00575	0.00322	0.00368	0.00552	0.00759	0.01012	0.02185	0.85807	0.02622	0.01242	0.00506	0.00161	0.00230	0.01127	0.00368	0.00322
14	0.06451	0.08793	0.10981	0.04548	0.12522	0.00935	0.19739	0.05703	0.05350	0.14863	0.04161	0.01108	0.00800	0.00452	0.01759	0.00131	0.00484	0.00380	0.00273	0.00567
15	0.00741	0.04641	0.02812	0.02689	0.06623	0.01588	0.13755	0.03083	0.04746	0.03404	0.03520	0.39861	0.05346	0.00836	0.00482	0.00143	0.02525	0.02460	0.00312	0.00435
16	0.00981	0.00942	0.01609	0.02434	0.83592	0.00942	0.01217	0.01217	0.00903	0.01295	0.00746	0.00981	0.00628	0.00353	0.00393	0.00118	0.00471	0.00353	0.00196	0.00628
17	0.01528	0.01078	0.01169	0.00897	0.01213	0.01181	0.00741	0.76182	0.01809	0.08665	0.00998	0.00982	0.00698	0.00477	0.00397	0.00119	0.00429	0.00360	0.00404	0.00674
18	0.00987	0.02231	0.17122	0.18793	0.06839	0.01708	0.09524	0.06447	0.02039	0.14538	0.02889	0.04510	0.06105	0.00558	0.02695	0.00142	0.01639	0.00429	0.00272	0.00532
19	0.01997	0.06525	0.21121	0.09096	0.07632	0.05697	0.18093	0.01228	0.00904	0.10039	0.03251	0.09503	0.00914	0.00489	0.00409	0.00127	0.00507	0.01696	0.00246	0.00525
20	0.00873	0.00883	0.01300	0.01089	0.01119	0.01198	0.07028	0.00978	0.00632	0.00978	0.00542	0.00883	0.00527	0.00667	0.01238	0.00170	0.78923	0.00356	0.00176	0.00441
21	0.00529	0.00407	0.00548	0.00670	0.06867	0.00379	0.00428	0.00629	0.00830	0.01102	0.10279	0.57365	0.14822	0.01094	0.00489	0.00150	0.00242	0.02454	0.00362	0.00353
22	0.01034	0.07861	0.19921	0.07737	0.18324	0.06438	0.14406	0.04993	0.02465	0.08562	0.00869	0.01940	0.00680	0.00411	0.00395	0.00123	0.00524	0.02519	0.00233	0.00565
23	0.00888	0.04015	0.27965	0.13462	0.07230	0.06003	0.10669	0.02757	0.00830	0.01150	0.00690	0.00925	0.00550	0.00526	0.03356	0.00151	0.17795	0.00338	0.00184	0.00515
24	0.00482	0.00351	0.00454	0.00536	0.00571	0.00323	0.00361	0.00554	0.00774	0.01018	0.02376	0.77250	0.11056	0.01217	0.00502	0.00158	0.00227	0.01097	0.00368	0.00323
25	0.03230	0.02360	0.11815	0.05606	0.21592	0.06338	0.04789	0.05636	0.03477	0.03779	0.07727	0.05359	0.12746	0.00550	0.00405	0.00124	0.00419	0.00475	0.03064	0.00510
26	0.01085	0.03794	0.07821	0.10274	0.24009	0.05213	0.09332	0.16327	0.03611	0.06713	0.00957	0.03402	0.01826	0.00451	0.00415	0.00124	0.01666	0.02140	0.00265	0.00574
27	0.00483	0.00345	0.00460	0.00552	0.00575	0.00322	0.00368	0.00552	0.00759	0.01012	0.02185	0.85807	0.02622	0.01242	0.00506	0.00161	0.00230	0.01127	0.00368	0.00322
28	0.61183	0.00866	0.06627	0.00612	0.00876	0.00886	0.00538	0.09106	0.05811	0.01769	0.02998	0.00923	0.03243	0.00424	0.00293	0.00123	0.00330	0.00286	0.02637	0.00470
29	0.09422	0.04943	0.03331	0.03871	0.04783	0.04714	0.09992	0.06821	0.08319	0.01315	0.04911	0.06261	0.07958	0.01669	0.04914	0.00163	0.13536	0.01307	0.01297	0.00472
30	0.03947	0.14672	0.04640	0.02059	0.11037	0.10031	0.00715	0.14541	0.05153	0.06687	0.05757	0.02396	0.10401	0.01731	0.03176	0.00137	0.01697	0.00411	0.00291	0.00522
31	0.03595	0.11291	0.04339	0.01907	0.12338	0.03666	0.04739	0.09534	0.06554	0.04292	0.04919	0.07928	0.06351	0.06650	0.00531	0.00141	0.02728	0.03004	0.01987	0.03506

[dist]
# distance from previous block
# <min> <max>
4	28

[block]
# block no. 5 follows, 68 sequences, length 20
# corresponding to MSA columns:
# 464-483
name=unknown_F
#
# <colnr> <probs for GDERKNQSTAVLIFYWHMCP>
#	G	D	E	R	K	N	Q	S	T	A	V	L	I	F	Y	W	H	M	C	P
0	0.04169	0.14427	0.10215	0.01009	0.13719	0.07451	0.00768	0.07278	0.02519	0.04830	0.00858	0.05757	0.00752	0.03706	0.02294	0.00126	0.01511	0.00346	0.00242	0.18021
1	0.01159	0.02389	0.01078	0.11849	0.04704	0.41803	0.02487	0.05350	0.10782	0.01181	0.03324	0.04256	0.04739	0.00509	0.00391	0.00118	0.00549	0.02594	0.00257	0.00481
2	0.00544	0.00405	0.00503	0.00511	0.00596	0.00379	0.00374	0.00665	0.00917	0.02858	0.28920	0.28329	0.26018	0.01067	0.03553	0.00158	0.02620	0.00849	0.00382	0.00354
3	0.01928	0.00817	0.02086	0.05440	0.15315	0.02362	0.03994	0.02715	0.05968	0.02391	0.02598	0.04425	0.08627	0.01786	0.00768	0.00146	0.32596	0.00438	0.01927	0.03674
4	0.00675	0.00807	0.12578	0.04648	0.06872	0.00624	0.16197	0.00905	0.01794	0.01212	0.13400	0.14192	0.20314	0.01868	0.01989	0.00146	0.00398	0.00646	0.00293	0.00439
5	0.00540	0.00394	0.00506	0.00565	0.00620	0.00370	0.00393	0.03554	0.00826	0.01106	0.05144	0.70519	0.05638	0.01150	0.00493	0.00154	0.00242	0.03905	0.00367	0.03514
