[name]
unknown

[dist]
# distance from previous block
# <min> <max>
0	48

[block]
# block no. 0 follows, 67 sequences, length 21
# corresponding to MSA columns:
# 48-68
name=unknown_A
#
# <colnr> <probs for GDERKNQSTAVLIFYWHMCP>
#	G	D	E	R	K	N	Q	S	T	A	V	L	I	F	Y	W	H	M	C	P
0	0.01076	0.00850	0.00952	0.05700	0.01116	0.03141	0.00651	0.29128	0.12690	0.04300	0.04100	0.06168	0.07669	0.00594	0.00455	0.00124	0.04721	0.03811	0.00349	0.12403
1	0.00760	0.00605	0.00771	0.01868	0.00806	0.00681	0.00546	0.06239	0.00981	0.05563	0.29533	0.02376	0.22369	0.00791	0.00699	0.00142	0.23897	0.00605	0.00346	0.00422
2	0.01227	0.00978	0.01256	0.09130	0.10909	0.01063	0.06805	0.46814	0.05902	0.01992	0.06415	0.01199	0.00916	0.03005	0.00460	0.00132	0.00447	0.00404	0.00340	0.00608
3	0.72397	0.00842	0.00713	0.00619	0.00862	0.06413	0.04637	0.01184	0.00757	0.01706	0.06233	0.00839	0.00678	0.00404	0.00283	0.00123	0.00348	0.00268	0.00256	0.00438
4	0.01508	0.00719	0.00952	0.00727	0.01036	0.00634	0.03011	0.05079	0.05069	0.56113	0.01365	0.01283	0.00918	0.02889	0.00432	0.00120	0.00347	0.00380	0.00424	0.16994
5	0.01533	0.00604	0.00790	0.00628	0.00883	0.00535	0.00511	0.01696	0.01070	0.62874	0.01513	0.01398	0.01002	0.00489	0.00372	0.00116	0.00302	0.00396	0.22683	0.00604
6	0.00885	0.00681	0.00739	0.00669	0.00842	0.03054	0.00517	0.13977	0.21057	0.05541	0.16551	0.14392	0.15803	0.00776	0.00447	0.00135	0.00296	0.02746	0.00399	0.00491
7	0.00621	0.00487	0.00672	0.00685	0.04280	0.00546	0.00482	0.00733	0.00725	0.01023	0.13719	0.02053	0.05130	0.22762	0.34786	0.00406	0.09760	0.00520	0.00258	0.00353
8	0.01078	0.08866	0.03585	0.05850	0.54999	0.02260	0.02170	0.12482	0.01040	0.02763	0.00775	0.00960	0.00627	0.00379	0.00385	0.00117	0.00477	0.00344	0.00228	0.00618
9	0.07027	0.03481	0.01532	0.04665	0.68031	0.02414	0.01129	0.04608	0.00936	0.01370	0.00740	0.00955	0.00615	0.00365	0.00382	0.00119	0.00468	0.00342	0.00209	0.00611
10	0.00903	0.00765	0.01004	0.11000	0.22565	0.07101	0.00753	0.04203	0.04339	0.06986	0.27804	0.04046	0.05668	0.00594	0.00427	0.00125	0.00373	0.00520	0.00325	0.00499
11	0.12237	0.00969	0.01078	0.01003	0.10945	0.05304	0.00725	0.33217	0.06757	0.17445	0.02877	0.01111	0.01955	0.00476	0.00401	0.00123	0.02035	0.00366	0.00362	0.00615
12	0.88738	0.00776	0.00589	0.00527	0.00776	0.00900	0.00434	0.01179	0.00683	0.01799	0.00558	0.00651	0.00434	0.00372	0.00248	0.00124	0.00310	0.00217	0.00248	0.00434
13	0.00670	0.00558	0.00626	0.00654	0.00773	0.04787	0.00530	0.00930	0.10488	0.01194	0.04205	0.09084	0.22733	0.01113	0.06070	0.00190	0.00373	0.34272	0.00358	0.00394
14	0.00500	0.00374	0.00464	0.00512	0.00575	0.00339	0.00357	0.00600	0.00871	0.01147	0.17747	0.50587	0.22231	0.01117	0.00496	0.00149	0.00217	0.00992	0.00385	0.00339
15	0.01006	0.00826	0.00992	0.09031	0.01203	0.03824	0.04283	0.11486	0.32046	0.06329	0.05549	0.02418	0.03863	0.03265	0.06026	0.00176	0.05486	0.01306	0.00342	0.00544
16	0.00488	0.00405	0.00427	0.00425	0.00551	0.00344	0.00318	0.00601	0.00942	0.01158	0.15505	0.06306	0.69159	0.00995	0.00475	0.00135	0.00202	0.00838	0.00382	0.00344
17	0.01051	0.24814	0.01350	0.16195	0.01372	0.19538	0.02134	0.06765	0.05735	0.01140	0.02199	0.06010	0.00788	0.00642	0.05993	0.00150	0.03050	0.00361	0.00230	0.00484
18	0.00856	0.01919	0.72654	0.01091	0.01650	0.00926	0.01366	0.06785	0.00917	0.01359	0.00736	0.00854	0.00526	0.00382	0.00377	0.00122	0.00563	0.00297	0.00190	0.06433
19	0.06993	0.50124	0.24587	0.00806	0.01198	0.01292	0.00880	0.04278	0.00854	0.01157	0.00687	0.04268	0.00603	0.00399	0.00307	0.00104	0.00459	0.00282	0.00193	0.00529
20	0.00938	0.05190	0.05042	0.11284	0.05722	0.04278	0.03749	0.03058	0.19813	0.09511	0.12815	0.07385	0.05000	0.00665	0.02904	0.00145	0.00402	0.01251	0.00331	0.00518

[dist]
# distance from previous block
# <min> <max>
1	3

[block]
# block no. 1 follows, 67 sequences, length 8
# corresponding to MSA columns:
# 72-79
name=unknown_B
#
# <colnr> <probs for GDERKNQSTAVLIFYWHMCP>
#	G	D	E	R	K	N	Q	S	T	A	V	L	I	F	Y	W	H	M	C	P
0	0.00750	0.01047	0.24472	0.06296	0.09741	0.02692	0.02345	0.01090	0.07563	0.01306	0.15424	0.04847	0.10984	0.00648	0.00436	0.00135	0.00410	0.09034	0.00292	0.00489
1	0.00507	0.00365	0.00478	0.00551	0.00589	0.00341	0.00379	0.00594	0.00813	0.01087	0.10622	0.66479	0.06327	0.04210	0.00563	0.00167	0.00239	0.04984	0.00375	0.00331
2	0.00760	0.00939	0.17125	0.00991	0.09645	0.00742	0.06021	0.01142	0.15264	0.01267	0.06873	0.08834	0.14462	0.05915	0.00591	0.00153	0.05742	0.02755	0.00294	0.00487
3	0.00697	0.00348	0.00522	0.00522	0.00522	0.00348	0.00348	0.00522	0.00522	0.00697	0.00697	0.01219	0.00697	0.01393	0.01567	0.88332	0.00348	0.00348	0.00174	0.00174
4	0.00975	0.06767	0.04407	0.33417	0.24351	0.06577	0.06042	0.07650	0.03667	0.01261	0.00764	0.00995	0.00598	0.00392	0.00392	0.00123	0.00520	0.00349	0.00212	0.00540
5	0.01417	0.00896	0.01010	0.00778	0.01078	0.00919	0.00638	0.45694	0.01481	0.20231	0.01104	0.01090	0.00775	0.00460	0.00376	0.00111	0.00375	0.00356	0.09458	0.11752
6	0.00919	0.00686	0.00754	0.00668	0.00868	0.00717	0.00519	0.10511	0.31689	0.08476	0.09068	0.07834	0.21863	0.00716	0.00433	0.00132	0.00288	0.00600	0.00402	0.02858
7	0.01042	0.57471	0.07991	0.00734	0.01074	0.01343	0.00720	0.07736	0.06477	0.01202	0.04935	0.00875	0.00749	0.00392	0.00302	0.00096	0.00414	0.00276	0.00224	0.05946

[dist]
# distance from previous block
# <min> <max>
5	18

[block]
# block no. 2 follows, 67 sequences, length 28
# corresponding to MSA columns:
# 98-125
name=unknown_C
#
# <colnr> <probs for GDERKNQSTAVLIFYWHMCP>
#	G	D	E	R	K	N	Q	S	T	A	V	L	I	F	Y	W	H	M	C	P
0	0.01023	0.03993	0.24027	0.05031	0.15633	0.00932	0.00991	0.12783	0.14171	0.07326	0.05279	0.02276	0.02046	0.00482	0.00401	0.00127	0.00446	0.02148	0.00292	0.00594
1	0.00496	0.00401	0.00437	0.00441	0.00554	0.00346	0.00324	0.00608	0.00933	0.01169	0.18741	0.11829	0.58157	0.03126	0.00517	0.00143	0.00208	0.00846	0.00382	0.00342
2	0.00827	0.00849	0.12509	0.08577	0.01178	0.00650	0.02537	0.04175	0.06947	0.05445	0.13619	0.06985	0.05381	0.00544	0.00393	0.00111	0.00355	0.01713	0.00302	0.26902
3	0.00489	0.00349	0.00465	0.00558	0.00582	0.00326	0.00372	0.00558	0.00768	0.01024	0.02210	0.85644	0.02653	0.01256	0.00512	0.00163	0.00233	0.01140	0.00372	0.00326
4	0.04179	0.27798	0.01421	0.05855	0.01243	0.39090	0.00750	0.10258	0.03814	0.01192	0.00675	0.00769	0.00556	0.00401	0.00334	0.00103	0.00563	0.00267	0.00223	0.00508
5	0.02013	0.00912	0.04340	0.02617	0.12099	0.02741	0.03926	0.15716	0.28923	0.07057	0.02410	0.05631	0.01104	0.05129	0.00503	0.00146	0.00400	0.03405	0.00345	0.00582
6	0.00493	0.00393	0.00442	0.00459	0.00561	0.00342	0.00333	0.00602	0.00917	0.01158	0.17048	0.23320	0.50436	0.01040	0.00483	0.00140	0.00208	0.00896	0.00384	0.00342
7	0.01134	0.21600	0.03927	0.00846	0.03218	0.06395	0.02720	0.18714	0.19485	0.04836	0.08866	0.01220	0.01066	0.00480	0.00369	0.00115	0.00402	0.00377	0.03663	0.00569
8	0.09491	0.01133	0.01249	0.03656	0.33370	0.21589	0.00904	0.05703	0.02082	0.08806	0.00799	0.00967	0.00641	0.02462	0.00468	0.00127	0.05424	0.00330	0.00245	0.00555
9	0.00494	0.00352	0.00469	0.00560	0.00584	0.00330	0.00376	0.00565	0.00768	0.01023	0.02189	0.82133	0.02620	0.02992	0.00544	0.00168	0.00239	0.02900	0.00370	0.00325
10	0.00934	0.01035	0.02183	0.09389	0.10610	0.00997	0.66159	0.01255	0.00930	0.01264	0.00796	0.01071	0.00605	0.00346	0.00459	0.00133	0.00642	0.00451	0.00200	0.00542
11	0.01691	0.00697	0.00923	0.00717	0.01013	0.00626	0.00589	0.05764	0.04375	0.72328	0.05759	0.01435	0.01131	0.00514	0.00407	0.00124	0.00337	0.00420	0.00486	0.00665
12	0.01114	0.00948	0.00971	0.00839	0.01087	0.04202	0.00661	0.17475	0.61892	0.01805	0.01441	0.01347	0.01077	0.00521	0.00402	0.00130	0.00356	0.00423	0.00395	0.02916
13	0.04540	0.00839	0.01019	0.01027	0.18278	0.05167	0.00665	0.02266	0.03787	0.06533	0.00801	0.00911	0.00641	0.00343	0.00332	0.00085	0.00364	0.00283	0.00253	0.51870
14	0.02343	0.04307	0.18720	0.00787	0.01157	0.01573	0.00765	0.04766	0.01860	0.40328	0.04315	0.01172	0.00891	0.00443	0.00376	0.00112	0.00393	0.00354	0.00359	0.14979
15	0.02536	0.01106	0.01045	0.00891	0.01131	0.14194	0.00705	0.26253	0.39824	0.01791	0.01196	0.01168	0.00900	0.00510	0.00443	0.00128	0.04823	0.00386	0.00360	0.00609
16	0.01426	0.01072	0.01141	0.00894	0.01180	0.03613	0.00732	0.68627	0.01728	0.03950	0.03657	0.02883	0.02792	0.00528	0.00443	0.00124	0.03782	0.00398	0.00388	0.00641
17	0.01023	0.17480	0.26864	0.00845	0.01246	0.07576	0.00875	0.01349	0.07410	0.08728	0.00830	0.00893	0.00633	0.00379	0.00339	0.00101	0.00453	0.00285	0.00239	0.22451
18	0.00982	0.00951	0.01653	0.05337	0.76184	0.00954	0.05563	0.01226	0.00911	0.01299	0.00756	0.01000	0.00630	0.00358	0.00401	0.00120	0.00489	0.00364	0.00198	0.00623
19	0.00672	0.00457	0.00628	0.00701	0.00795	0.00450	0.00596	0.00837	0.00907	0.04429	0.02137	0.10251	0.04910	0.04528	0.00603	0.00187	0.00353	0.65816	0.00370	0.00372
20	0.00641	0.00493	0.00692	0.04132	0.07322	0.00488	0.00628	0.00810	0.00903	0.01173	0.04310	0.07843	0.14001	0.03720	0.00567	0.00174	0.00349	0.51025	0.00347	0.00383
21	0.00486	0.00358	0.00456	0.00534	0.00575	0.00328	0.00361	0.00561	0.00792	0.01033	0.02512	0.72317	0.15784	0.01217	0.00506	0.00158	0.00228	0.01092	0.00372	0.00328
22	0.00867	0.00833	0.01389	0.36888	0.38514	0.02432	0.04540	0.01111	0.00874	0.01183	0.03707	0.04293	0.00777	0.00426	0.00408	0.00128	0.00495	0.00403	0.00205	0.00528
23	0.00498	0.00385	0.00450	0.00479	0.00561	0.00342	0.00339	0.00598	0.00881	0.01131	0.15623	0.33797	0.37838	0.04514	0.00551	0.00154	0.00219	0.00925	0.00378	0.00336
24	0.07817	0.00539	0.00638	0.00586	0.00728	0.00533	0.03511	0.07610	0.04210	0.02458	0.17802	0.12735	0.26259	0.07230	0.02415	0.00167	0.00296	0.03706	0.00361	0.00400
25	0.17260	0.00651	0.02670	0.00668	0.00832	0.00701	0.00537	0.07295	0.12885	0.04154	0.01156	0.07855	0.01021	0.01591	0.35670	0.00347	0.00640	0.00438	0.03178	0.00452
26	0.01029	0.05217	0.03293	0.01941	0.57201	0.02203	0.02166	0.06252	0.08713	0.03198	0.00991	0.01139	0.04038	0.00413	0.00395	0.00120	0.00452	0.00379	0.00243	0.00616
27	0.02691	0.08216	0.06402	0.00736	0.02975	0.02489	0.04273	0.06282	0.01002	0.06770	0.19442	0.13628	0.10093	0.00697	0.00422	0.00124	0.00333	0.04222	0.00335	0.08869

[dist]
# distance from previous block
# <min> <max>
0	60

[block]
# block no. 3 follows, 67 sequences, length 39
# corresponding to MSA columns:
# 186-224
name=unknown_D
#
# <colnr> <probs for GDERKNQSTAVLIFYWHMCP>
#	G	D	E	R	K	N	Q	S	T	A	V	L	I	F	Y	W	H	M	C	P
0	0.04773	0.05318	0.13335	0.00873	0.05110	0.00740	0.07971	0.03015	0.03226	0.03111	0.04602	0.03881	0.02435	0.00407	0.00352	0.00096	0.00387	0.00348	0.00250	0.39769
1	0.03411	0.00834	0.01200	0.01294	0.24636	0.04781	0.11125	0.03089	0.09289	0.02375	0.18163	0.02610	0.04328	0.00506	0.00411	0.00118	0.00397	0.00464	0.00294	0.10676
2	0.01048	0.06126	0.12541	0.01846	0.08019	0.07161	0.12440	0.15256	0.11254	0.03361	0.10029	0.01264	0.02212	0.00466	0.00401	0.00120	0.00463	0.00405	0.00293	0.05296
3	0.00724	0.00581	0.00753	0.00698	0.00777	0.02255	0.03248	0.03331	0.03139	0.03931	0.04773	0.16372	0.09307	0.17951	0.10512	0.00257	0.15661	0.05056	0.00293	0.00381
4	0.00725	0.00617	0.00801	0.06223	0.12197	0.03777	0.00634	0.01020	0.11774	0.01311	0.19976	0.19361	0.04486	0.00822	0.00467	0.00144	0.00328	0.14544	0.00350	0.00442
5	0.00564	0.00381	0.00443	0.00461	0.00466	0.00376	0.00269	0.00578	0.00620	0.00827	0.01452	0.19140	0.01696	0.69066	0.01737	0.00344	0.00358	0.00694	0.00269	0.00259
6	0.10257	0.01068	0.08500	0.03137	0.01238	0.01804	0.04275	0.37693	0.15623	0.03566	0.04176	0.01139	0.01897	0.00491	0.00422	0.00127	0.03261	0.00381	0.00345	0.00602
7	0.00581	0.00393	0.00458	0.00455	0.00468	0.00394	0.00270	0.00606	0.00636	0.00861	0.08593	0.02598	0.01641	0.73580	0.06569	0.00380	0.00410	0.00587	0.00259	0.00262
8	0.01336	0.06298	0.01139	0.00975	0.04297	0.49348	0.00729	0.03957	0.13498	0.05606	0.00845	0.00898	0.00666	0.00423	0.00362	0.00106	0.00569	0.00298	0.00259	0.08392
9	0.01412	0.06176	0.01181	0.00979	0.01205	0.56622	0.00759	0.14006	0.08521	0.01280	0.00757	0.00831	0.00606	0.00442	0.00400	0.00111	0.03653	0.00293	0.00252	0.00515
10	0.00757	0.00713	0.01203	0.84942	0.02762	0.00891	0.01114	0.01025	0.00802	0.01025	0.00713	0.01069	0.00535	0.00401	0.00401	0.00134	0.00535	0.00356	0.00178	0.00446
11	0.01007	0.13988	0.03949	0.00824	0.04694	0.01897	0.05340	0.05050	0.13487	0.11206	0.04503	0.02834	0.09204	0.00516	0.00380	0.00111	0.00366	0.02889	0.00313	0.17443
12	0.00840	0.00746	0.00752	0.00688	0.00853	0.08171	0.00526	0.01441	0.37458	0.01571	0.37633	0.02144	0.04185	0.00665	0.00434	0.00129	0.00294	0.00565	0.00404	0.00499
13	0.00623	0.00445	0.00620	0.00712	0.00794	0.00442	0.00606	0.00791	0.00900	0.01174	0.02136	0.16394	0.02358	0.01130	0.00548	0.00181	0.00349	0.69062	0.00370	0.00363
14	0.05861	0.40176	0.13933	0.00837	0.01169	0.19704	0.00808	0.01376	0.04337	0.05772	0.00698	0.00773	0.00567	0.00390	0.00334	0.00104	0.02164	0.00260	0.00212	0.00524
15	0.02448	0.03431	0.07032	0.05510	0.04427	0.47809	0.00811	0.01601	0.08517	0.12216	0.00902	0.00956	0.01731	0.00437	0.00374	0.00113	0.00587	0.00314	0.00261	0.00523
16	0.00520	0.00418	0.00467	0.00470	0.00587	0.00371	0.00353	0.00672	0.03290	0.01220	0.21692	0.10955	0.51747	0.00984	0.00479	0.00138	0.00214	0.04679	0.00389	0.00356
17	0.00960	0.00930	0.01617	0.12860	0.68472	0.00949	0.05903	0.01208	0.00901	0.01273	0.00752	0.01007	0.00621	0.00362	0.00402	0.00122	0.00495	0.00364	0.00196	0.00606
18	0.02752	0.28561	0.21519	0.05701	0.01270	0.03639	0.00861	0.08178	0.03350	0.08649	0.03518	0.02119	0.06053	0.00470	0.00357	0.00115	0.00447	0.01646	0.00256	0.00540
19	0.01146	0.00774	0.00916	0.00834	0.05645	0.00816	0.00623	0.16858	0.27055	0.17915	0.11236	0.01695	0.07339	0.00698	0.04458	0.00153	0.00368	0.00480	0.00404	0.00588
20	0.00488	0.00352	0.00463	0.00552	0.00580	0.00326	0.00369	0.00559	0.00774	0.01026	0.02293	0.82012	0.06231	0.01246	0.00510	0.00162	0.00231	0.01127	0.00372	0.00326
21	0.01038	0.01047	0.02207	0.01582	0.01977	0.00982	0.72492	0.03501	0.00990	0.08700	0.00884	0.01104	0.00645	0.00356	0.00465	0.00134	0.00640	0.00464	0.00234	0.00557
22	0.00942	0.00944	0.06070	0.01098	0.01365	0.02098	0.27705	0.08562	0.17661	0.03674	0.05411	0.10235	0.03675	0.00578	0.00518	0.00139	0.07311	0.01178	0.00303	0.00532
23	0.00721	0.00508	0.00558	0.00511	0.00668	0.00468	0.00390	0.09032	0.02323	0.08670	0.10133	0.07822	0.51595	0.04144	0.00521	0.00143	0.00249	0.00747	0.00388	0.00408
24	0.02072	0.00551	0.00536	0.00517	0.00642	0.07888	0.00386	0.00770	0.01001	0.03169	0.30772	0.09159	0.39297	0.00889	0.00461	0.00131	0.00252	0.00753	0.00382	0.00372
25	0.06619	0.00801	0.01043	0.00799	0.01112	0.00768	0.04979	0.18139	0.02431	0.56968	0.01358	0.01230	0.00881	0.00479	0.00398	0.00124	0.00377	0.00389	0.00446	0.00660
26	0.00877	0.00737	0.01225	0.68294	0.11506	0.00871	0.01080	0.01131	0.00845	0.08461	0.00795	0.01087	0.00587	0.00405	0.00401	0.00131	0.00511	0.00361	0.00209	0.00488
27	0.00930	0.00842	0.01294	0.03148	0.11714	0.02792	0.18576	0.15291	0.05392	0.01392	0.01126	0.02308	0.05467	0.01156	0.22811	0.00268	0.04277	0.00442	0.00261	0.00512
28	0.01021	0.00929	0.01481	0.18895	0.55356	0.00982	0.01140	0.12766	0.01030	0.01427	0.00776	0.01004	0.00622	0.00384	0.00398	0.00122	0.00483	0.00358	0.00223	0.00604
29	0.01172	0.23580	0.01259	0.00777	0.01052	0.01123	0.00654	0.14671	0.35636	0.10753	0.01255	0.04381	0.00977	0.00502	0.00370	0.00120	0.00366	0.00396	0.00352	0.00604
30	0.03597	0.04734	0.09402	0.12812	0.01326	0.05045	0.02186	0.18365	0.06605	0.12013	0.08910	0.05870	0.03993	0.00610	0.02643	0.00140	0.00436	0.00447	0.00327	0.00540
31	0.00797	0.03535	0.17678	0.00701	0.00951	0.00651	0.00669	0.11012	0.03227	0.05813	0.13473	0.11673	0.23648	0.00761	0.00441	0.00133	0.00338	0.03684	0.00345	0.00470
32	0.01019	0.03044	0.10203	0.05176	0.08806	0.00795	0.15254	0.09678	0.03241	0.14677	0.09020	0.04784	0.10508	0.00559	0.00429	0.00129	0.00429	0.01388	0.00320	0.00542
33	0.09260	0.12579	0.05691	0.00722	0.00964	0.03227	0.00624	0.02398	0.14138	0.17196	0.02897	0.01318	0.00945	0.04077	0.13609	0.00895	0.02681	0.02181	0.00306	0.04291
34	0.05036	0.02289	0.31333	0.01043	0.01454	0.04928	0.12911	0.10975	0.06490	0.12943	0.02058	0.02084	0.00730	0.00428	0.00394	0.00124	0.00505	0.00363	0.00277	0.03634
35	0.04047	0.02497	0.24448	0.01208	0.10374	0.00929	0.15561	0.14632	0.02938	0.03564	0.00856	0.03337	0.00668	0.00406	0.00389	0.00117	0.00493	0.00364	0.00249	0.12922
36	0.03468	0.05071	0.07531	0.03806	0.22587	0.00921	0.07054	0.12481	0.09322	0.09815	0.02286	0.04297	0.00834	0.00445	0.00390	0.00119	0.00431	0.00391	0.00289	0.08462
37	0.07345	0.03275	0.01199	0.09409	0.13988	0.00874	0.07273	0.11402	0.07007	0.12489	0.01003	0.01232	0.00789	0.00452	0.00410	0.00120	0.02750	0.04975	0.00295	0.13712
38	0.03165	0.00993	0.13213	0.14654	0.07418	0.04242	0.00851	0.08733	0.06221	0.21343	0.03538	0.03835	0.02504	0.00485	0.00395	0.00123	0.00429	0.01232	0.00316	0.06308

[dist]
# distance from previous block
# <min> <max>
4	64

[block]
# block no. 4 follows, 67 sequences, length 87
# corresponding to MSA columns:
# 291-377
name=unknown_E
#
# <colnr> <probs for GDERKNQSTAVLIFYWHMCP>
#	G	D	E	R	K	N	Q	S	T	A	V	L	I	F	Y	W	H	M	C	P
0	0.02431	0.09658	0.02620	0.00955	0.06051	0.06588	0.08682	0.15916	0.09629	0.15775	0.07476	0.01297	0.01774	0.01662	0.00413	0.00121	0.00421	0.01558	0.00333	0.06640
1	0.13423	0.05614	0.04562	0.00734	0.01029	0.09467	0.00618	0.11723	0.08222	0.05294	0.00971	0.01024	0.04358	0.00427	0.00369	0.00102	0.03298	0.00312	0.00281	0.28170
2	0.03306	0.06175	0.00855	0.00707	0.00873	0.07841	0.02457	0.10998	0.07500	0.07588	0.08637	0.35105	0.01772	0.00800	0.00434	0.00134	0.00339	0.00692	0.00355	0.03432
3	0.05273	0.04302	0.02133	0.09143	0.02515	0.00627	0.00535	0.06530	0.05857	0.03907	0.06463	0.07775	0.33992	0.00745	0.00423	0.00128	0.00303	0.02512	0.00333	0.06503
4	0.03376	0.07830	0.01088	0.04586	0.06632	0.41953	0.00711	0.02215	0.01012	0.06175	0.02651	0.09721	0.02869	0.01917	0.00408	0.00119	0.00537	0.02456	0.00255	0.03490
5	0.04781	0.15636	0.03357	0.00854	0.06455	0.00990	0.00658	0.07713	0.34642	0.03727	0.04079	0.07928	0.01158	0.03979	0.00447	0.00134	0.00356	0.00447	0.00330	0.02329
6	0.01141	0.01060	0.18062	0.00861	0.03358	0.03146	0.00771	0.16116	0.13620	0.17910	0.03153	0.03290	0.01025	0.13907	0.00659	0.00168	0.00424	0.00428	0.00338	0.00565
7	0.01067	0.03590	0.00998	0.00927	0.09599	0.03772	0.02797	0.17874	0.15327	0.09748	0.01429	0.05079	0.06572	0.14882	0.00700	0.00173	0.01597	0.03005	0.00337	0.00528
8	0.00808	0.03637	0.00732	0.00658	0.00793	0.02736	0.00495	0.10831	0.06579	0.06067	0.01823	0.46127	0.05373	0.00924	0.00475	0.00142	0.02144	0.02982	0.00361	0.06316
9	0.01107	0.34264	0.07211	0.00793	0.01120	0.01135	0.04153	0.12031	0.08506	0.08830	0.02564	0.03806	0.00796	0.00436	0.00354	0.00105	0.01595	0.00336	0.00274	0.10582
10	0.02953	0.42496	0.06093	0.00952	0.08032	0.08009	0.06089	0.05197	0.06664	0.01205	0.05324	0.01031	0.03560	0.00422	0.00335	0.00105	0.00451	0.00325	0.00230	0.00528
11	0.07127	0.02606	0.01033	0.00815	0.01065	0.00971	0.02910	0.45119	0.01412	0.09812	0.01278	0.10389	0.04532	0.03387	0.00494	0.00138	0.03305	0.02662	0.00372	0.00574
12	0.00502	0.00365	0.00475	0.00560	0.00593	0.00344	0.00377	0.00602	0.02998	0.01044	0.02257	0.80594	0.05337	0.01229	0.00508	0.00161	0.00234	0.01112	0.00373	0.00335
13	0.01331	0.19777	0.07002	0.00883	0.01213	0.05615	0.00785	0.48030	0.08279	0.01944	0.00896	0.00917	0.00670	0.00446	0.00367	0.00114	0.00453	0.00327	0.00326	0.00624
14	0.01003	0.25020	0.06613	0.11111	0.10849	0.03058	0.01492	0.12638	0.06297	0.01333	0.04283	0.01098	0.00808	0.05529	0.01811	0.00134	0.00451	0.00341	0.00245	0.05886
15	0.03895	0.06870	0.11391	0.01311	0.23638	0.03659	0.04234	0.11466	0.01093	0.26998	0.01012	0.01048	0.00717	0.00419	0.00386	0.00120	0.00452	0.00352	0.00313	0.00627
16	0.01162	0.06824	0.03745	0.03240	0.48491	0.12310	0.01048	0.12783	0.01080	0.04404	0.00781	0.00939	0.00626	0.00388	0.00383	0.00116	0.00501	0.00335	0.00236	0.00608
17	0.00489	0.00349	0.00465	0.00558	0.00582	0.00326	0.00372	0.00558	0.00768	0.01024	0.02210	0.85644	0.02653	0.01256	0.00512	0.00163	0.00233	0.01140	0.00372	0.00326
18	0.00501	0.00364	0.00481	0.01429	0.00617	0.00341	0.00393	0.00584	0.00791	0.01046	0.03430	0.73970	0.07284	0.01219	0.00511	0.00162	0.00242	0.05934	0.00371	0.00331
19	0.02561	0.00879	0.01316	0.06929	0.39945	0.00907	0.03679	0.10844	0.10514	0.10589	0.04764	0.01258	0.03101	0.00450	0.00405	0.00124	0.00426	0.00405	0.00295	0.00608
20	0.01437	0.13934	0.01274	0.00984	0.01210	0.72491	0.00762	0.01544	0.01091	0.00976	0.00611	0.00712	0.00516	0.00403	0.00347	0.00101	0.00681	0.00252	0.00202	0.00472
21	0.00644	0.00541	0.00747	0.10709	0.00951	0.00639	0.00576	0.00763	0.03015	0.00997	0.01481	0.40160	0.01681	0.12662	0.00900	0.00193	0.20641	0.02050	0.00285	0.00365
22	0.01054	0.10026	0.10228	0.01544	0.26998	0.00972	0.20784	0.02674	0.02970	0.11405	0.00987	0.01170	0.03017	0.00419	0.00426	0.00124	0.02343	0.02028	0.00247	0.00584
23	0.00489	0.00349	0.00465	0.00558	0.00582	0.00326	0.00372	0.00558	0.00768	0.01024	0.02210	0.85644	0.02653	0.01256	0.00512	0.00163	0.00233	0.01140	0.00372	0.00326
24	0.00947	0.01082	0.02366	0.01690	0.02096	0.01014	0.81947	0.01285	0.00947	0.01285	0.00811	0.01082	0.00609	0.00338	0.00473	0.00135	0.00676	0.00473	0.00203	0.00541
25	0.00919	0.01024	0.02165	0.01677	0.09679	0.00963	0.68854	0.01232	0.00941	0.01274	0.01024	0.01259	0.06140	0.00385	0.00466	0.00134	0.00626	0.00487	0.00214	0.00536
26	0.01185	0.01098	0.05016	0.04703	0.41637	0.04568	0.03779	0.29936	0.01262	0.01716	0.00822	0.00970	0.00637	0.00406	0.00399	0.00120	0.00488	0.00356	0.00269	0.00633
27	0.00509	0.00362	0.00472	0.00541	0.00569	0.00346	0.00360	0.00578	0.00752	0.01006	0.04823	0.64935	0.04353	0.12962	0.05247	0.00218	0.00297	0.01004	0.00348	0.00318
28	0.00489	0.00349	0.00465	0.00558	0.00582	0.00326	0.00372	0.00558	0.00768	0.01024	0.02210	0.85644	0.02653	0.01256	0.00512	0.00163	0.00233	0.01140	0.00372	0.00326
29	0.00779	0.00678	0.01057	0.17065	0.29447	0.00711	0.00845	0.04449	0.02220	0.01227	0.04013	0.24953	0.02815	0.00750	0.02136	0.00149	0.00407	0.05543	0.00277	0.00480
30	0.03379	0.13916	0.46912	0.01110	0.05821	0.01937	0.04583	0.12323	0.00996	0.03449	0.00749	0.00857	0.00554	0.00393	0.00377	0.00120	0.01416	0.00305	0.00215	0.00589
31	0.01336	0.31336	0.01507	0.00925	0.01188	0.50747	0.02756	0.03922	0.01042	0.01023	0.00613	0.00712	0.00523	0.00389	0.00329	0.00098	0.00610	0.00251	0.00200	0.00491
32	0.06794	0.00844	0.01320	0.10567	0.51425	0.00854	0.01000	0.03401	0.00899	0.01333	0.02392	0.06879	0.00808	0.00431	0.00387	0.00118	0.00430	0.00397	0.00226	0.09496
33	0.04784	0.11727	0.06864	0.01071	0.07919	0.17005	0.10876	0.04883	0.13013	0.06187	0.01711	0.02007	0.00806	0.00449	0.00380	0.00117	0.00491	0.03816	0.00268	0.05626
34	0.00490	0.00353	0.00465	0.00550	0.00580	0.00328	0.00370	0.00565	0.00784	0.01042	0.04502	0.79855	0.06164	0.01234	0.00509	0.00161	0.00230	0.01116	0.00374	0.00328
35	0.00752	0.00622	0.00959	0.23364	0.04261	0.00675	0.06202	0.04374	0.03666	0.01199	0.01473	0.02836	0.01486	0.07934	0.00616	0.00178	0.00441	0.38247	0.00293	0.00422
36	0.01129	0.06026	0.01417	0.12854	0.28729	0.17831	0.06371	0.10287	0.03919	0.03561	0.00898	0.01052	0.03320	0.00418	0.00391	0.00118	0.00523	0.00358	0.00240	0.00559
37	0.00912	0.00748	0.00940	0.00909	0.08611	0.00786	0.06039	0.02666	0.39917	0.07137	0.04323	0.02045	0.21971	0.00636	0.00429	0.00133	0.00327	0.00548	0.00373	0.00550
38	0.00583	0.00389	0.00437	0.00437	0.00437	0.00389	0.00243	0.00583	0.00583	0.00778	0.01264	0.02624	0.01458	0.85906	0.02041	0.00389	0.00389	0.00583	0.00243	0.00243
39	0.00935	0.00974	0.04439	0.01415	0.13557	0.00951	0.34500	0.01513	0.28449	0.01403	0.01170	0.06858	0.00953	0.00473	0.00440	0.00135	0.00493	0.00488	0.00282	0.00574
40	0.00922	0.12221	0.50125	0.01274	0.09657	0.06883	0.10933	0.01283	0.00882	0.01215	0.00707	0.00855	0.00534	0.00371	0.00377	0.00120	0.00580	0.00311	0.00179	0.00572
41	0.01365	0.00836	0.00963	0.00788	0.01057	0.00882	0.00634	0.20975	0.31224	0.29328	0.06428	0.01417	0.01174	0.00530	0.00409	0.00128	0.00347	0.00431	0.00438	0.00646
42	0.00568	0.00410	0.00536	0.00505	0.00599	0.00378	0.00378	0.00757	0.01135	0.01608	0.83192	0.02996	0.03784	0.00820	0.00473	0.00126	0.00189	0.00725	0.00441	0.00378
43	0.00529	0.00422	0.00482	0.00506	0.00627	0.00376	0.00406	0.00660	0.00931	0.01151	0.08812	0.03989	0.55154	0.01029	0.00496	0.00149	0.00249	0.23306	0.00376	0.00350
44	0.07067	0.01377	0.04894	0.02858	0.25570	0.34447	0.06230	0.05020	0.02664	0.01249	0.00711	0.00873	0.00579	0.00430	0.01287	0.00123	0.03553	0.00316	0.00216	0.00535
45	0.06320	0.01081	0.04909	0.00899	0.01140	0.17321	0.10916	0.20593	0.01125	0.09043	0.00987	0.03001	0.00850	0.18007	0.01914	0.00183	0.00511	0.00410	0.00291	0.00501
46	0.51565	0.00897	0.01054	0.01219	0.26047	0.03960	0.06148	0.02527	0.00806	0.01598	0.00644	0.00792	0.00514	0.00369	0.00315	0.00123	0.00402	0.00281	0.00231	0.00508
47	0.00496	0.00354	0.00474	0.00567	0.00593	0.00332	0.00385	0.00571	0.00775	0.01032	0.02206	0.81901	0.02637	0.01250	0.00514	0.00164	0.00239	0.04812	0.00372	0.00328
48	0.01033	0.11201	0.10021	0.00766	0.01120	0.00914	0.00696	0.21124	0.04620	0.01565	0.00807	0.01758	0.00644	0.00388	0.00359	0.00092	0.02485	0.00293	0.00270	0.39844
49	0.02799	0.00719	0.00848	0.00623	0.00960	0.00579	0.00501	0.04698	0.00905	0.10867	0.00833	0.00921	0.00655	0.00423	0.03200	0.00091	0.00335	0.00268	0.00274	0.69499
50	0.01024	0.16975	0.25059	0.02392	0.05444	0.06714	0.06085	0.05364	0.09577	0.06448	0.04426	0.01905	0.00809	0.00482	0.01592	0.00128	0.04418	0.00352	0.00248	0.00558
51	0.00744	0.03957	0.60869	0.00973	0.01437	0.00810	0.01189	0.01119	0.00875	0.01256	0.07012	0.03338	0.10082	0.00533	0.00405	0.00130	0.00498	0.04015	0.00225	0.00531
52	0.00583	0.00389	0.00437	0.00437	0.00437	0.00389	0.00243	0.00583	0.00583	0.00778	0.01264	0.02624	0.01458	0.85906	0.02041	0.00389	0.00389	0.00583	0.00243	0.00243
53	0.00697	0.00348	0.00522	0.00522	0.00522	0.00348	0.00348	0.00522	0.00522	0.00697	0.00697	0.01219	0.00697	0.01393	0.01567	0.88332	0.00348	0.00348	0.00174	0.00174
54	0.01354	0.01022	0.01200	0.06672	0.09491	0.02516	0.02152	0.55398	0.03374	0.06361	0.01112	0.02292	0.04199	0.00495	0.00406	0.00123	0.00439	0.00396	0.00363	0.00635
55	0.01144	0.00909	0.00971	0.00834	0.01085	0.01032	0.00660	0.19078	0.62021	0.05399	0.01488	0.01377	0.01099	0.00529	0.00406	0.00132	0.00345	0.00432	0.00410	0.00647
56	0.00757	0.00713	0.01203	0.84942	0.02762	0.00891	0.01114	0.01025	0.00802	0.01025	0.00713	0.01069	0.00535	0.00401	0.00401	0.00134	0.00535	0.00356	0.00178	0.00446
57	0.00512	0.00409	0.00460	0.00464	0.00574	0.00361	0.00341	0.00654	0.02728	0.01224	0.24344	0.15860	0.48662	0.00991	0.00478	0.00137	0.00206	0.00850	0.00391	0.00353
58	0.05648	0.00995	0.01010	0.00836	0.01035	0.15665	0.00671	0.04669	0.04305	0.02106	0.00700	0.00877	0.00597	0.00543	0.02993	0.00129	0.26569	0.00297	0.00230	0.30123
59	0.00632	0.00646	0.05825	0.00888	0.01050	0.00546	0.21439	0.00801	0.00831	0.01116	0.01823	0.52031	0.04753	0.00953	0.00495	0.00154	0.00374	0.04926	0.00317	0.00399
60	0.00489	0.00349	0.00465	0.00558	0.00582	0.00326	0.00372	0.00558	0.00768	0.01024	0.02210	0.85644	0.02653	0.01256	0.00512	0.00163	0.00233	0.01140	0.00372	0.00326
61	0.00757	0.00713	0.01203	0.84942	0.02762	0.00891	0.01114	0.01025	0.00802	0.01025	0.00713	0.01069	0.00535	0.00401	0.00401	0.00134	0.00535	0.00356	0.00178	0.00446
62	0.01417	0.00805	0.00954	0.00786	0.01057	0.00830	0.00639	0.16571	0.27172	0.37282	0.01521	0.01545	0.01098	0.00550	0.00415	0.00131	0.00354	0.05784	0.00442	0.00646
63	0.00603	0.00434	0.00552	0.00540	0.00564	0.00479	0.00364	0.00655	0.00608	0.00849	0.01158	0.02170	0.01250	0.53607	0.26920	0.00447	0.06266	0.00518	0.01723	0.00293
64	0.01781	0.00712	0.00949	0.00728	0.01038	0.00633	0.00601	0.07315	0.01197	0.78252	0.01541	0.01338	0.00972	0.00495	0.00403	0.00124	0.00348	0.00400	0.00490	0.00682
65	0.00492	0.00359	0.00463	0.00539	0.00578	0.00330	0.00365	0.00572	0.00806	0.01065	0.07253	0.71865	0.11428	0.01204	0.00505	0.00158	0.00227	0.01084	0.00376	0.00330
66	0.01104	0.00977	0.03349	0.01029	0.01323	0.01015	0.19212	0.22662	0.34072	0.03223	0.06704	0.01345	0.01092	0.00494	0.00425	0.00131	0.00430	0.00447	0.00357	0.00608
67	0.01003	0.00969	0.00892	0.00785	0.00979	0.18179	0.03235	0.13607	0.20509	0.01421	0.02742	0.07461	0.20699	0.02698	0.00488	0.00135	0.02823	0.00542	0.00337	0.00494
68	0.01531	0.01184	0.01139	0.00905	0.01199	0.15179	0.00733	0.55264	0.03571	0.12523	0.01004	0.00994	0.00711	0.00473	0.00393	0.00118	0.00470	0.00351	0.01617	0.00640
69	0.00947	0.01082	0.02366	0.01690	0.02096	0.01014	0.81947	0.01285	0.00947	0.01285	0.00811	0.01082	0.00609	0.00338	0.00473	0.00135	0.00676	0.00473	0.00203	0.00541
70	0.00923	0.00901	0.01464	0.20748	0.45534	0.02179	0.03196	0.01138	0.00832	0.01172	0.00699	0.00985	0.00588	0.00436	0.00583	0.00134	0.17393	0.00357	0.00190	0.00548
71	0.00782	0.00706	0.01088	0.39810	0.18008	0.00794	0.00906	0.02468	0.07661	0.01203	0.07724	0.02381	0.08694	0.03203	0.02784	0.00153	0.00452	0.00457	0.00249	0.00478
72	0.88738	0.00776	0.00589	0.00527	0.00776	0.00900	0.00434	0.01179	0.00683	0.01799	0.00558	0.00651	0.00434	0.00372	0.00248	0.00124	0.00310	0.00217	0.00248	0.00434
73	0.00850	0.00724	0.00842	0.00603	0.00958	0.00554	0.00483	0.03212	0.00860	0.01340	0.00720	0.00835	0.00596	0.00302	0.00300	0.00061	0.00301	0.00241	0.00242	0.85975
74	0.00573	0.00429	0.00640	0.00640	0.00710	0.00499	0.00496	0.00713	0.00643	0.00928	0.01078	0.01597	0.01012	0.04738	0.82600	0.00639	0.01060	0.00433	0.00215	0.00356
75	0.01498	0.01911	0.01137	0.01033	0.01240	0.84295	0.00775	0.01601	0.01137	0.00982	0.00620	0.00723	0.00517	0.00413	0.00362	0.00103	0.00723	0.00258	0.00207	0.00465
76	0.00568	0.00410	0.00536	0.00505	0.00599	0.00378	0.00378	0.00757	0.01135	0.01608	0.83192	0.02996	0.03784	0.00820	0.00473	0.00126	0.00189	0.00725	0.00441	0.00378
77	0.00489	0.00349	0.00465	0.00558	0.00582	0.00326	0.00372	0.00558	0.00768	0.01024	0.02210	0.85644	0.02653	0.01256	0.00512	0.00163	0.00233	0.01140	0.00372	0.00326
78	0.01543	0.01094	0.01185	0.00909	0.01229	0.01200	0.00751	0.76706	0.01836	0.07957	0.01004	0.00990	0.00703	0.00482	0.00401	0.00121	0.00435	0.00364	0.00408	0.00682
79	0.01002	0.00860	0.00907	0.00813	0.01040	0.00993	0.00633	0.03847	0.79603	0.01695	0.02938	0.01509	0.01254	0.00547	0.00409	0.00136	0.00318	0.00456	0.00408	0.00632
80	0.00483	0.00407	0.00419	0.00416	0.00548	0.00343	0.00312	0.00594	0.00937	0.01137	0.12076	0.03772	0.75194	0.00996	0.00474	0.00134	0.00202	0.00834	0.00379	0.00343
81	0.00983	0.00943	0.01611	0.05759	0.80180	0.00950	0.01226	0.01223	0.00909	0.01299	0.00753	0.00996	0.00631	0.00359	0.00397	0.00120	0.00479	0.00357	0.00198	0.00628
82	0.00839	0.00719	0.00835	0.00603	0.00954	0.00554	0.00482	0.01056	0.04228	0.01322	0.00751	0.00859	0.00620	0.00307	0.00302	0.00063	0.00298	0.00247	0.00245	0.84717
83	0.00608	0.00452	0.00571	0.00534	0.00641	0.00436	0.00402	0.00885	0.08751	0.01615	0.75575	0.02856	0.03545	0.00794	0.00467	0.00127	0.00201	0.00700	0.00438	0.00402
84	0.01666	0.00776	0.04518	0.00750	0.01064	0.00668	0.00638	0.04696	0.09370	0.69076	0.01529	0.01342	0.00984	0.00496	0.00403	0.00125	0.00353	0.00402	0.00470	0.00674
85	0.04258	0.04715	0.01111	0.00864	0.01145	0.04011	0.00702	0.43901	0.31261	0.02071	0.01164	0.01125	0.00859	0.00492	0.00391	0.00124	0.00401	0.00380	0.00382	0.00642
86	0.01475	0.04795	0.01215	0.00905	0.01216	0.04034	0.00747	0.68836	0.07204	0.04043	0.00991	0.00985	0.00712	0.00478	0.00394	0.00119	0.00440	0.00358	0.00387	0.00664

[dist]
# distance from previous block
# <min> <max>
0	10

[block]
# block no. 5 follows, 67 sequences, length 33
# corresponding to MSA columns:
# 388-420
name=unknown_F
#
# <colnr> <probs for GDERKNQSTAVLIFYWHMCP>
#	G	D	E	R	K	N	Q	S	T	A	V	L	I	F	Y	W	H	M	C	P
0	0.01025	0.68397	0.15464	0.00767	0.01146	0.01452	0.00814	0.01255	0.04608	0.01031	0.00634	0.00716	0.00546	0.00359	0.00285	0.00095	0.00451	0.00239	0.00182	0.00533
1	0.01465	0.01779	0.01131	0.06314	0.01326	0.75158	0.00788	0.01581	0.01116	0.04811	0.00670	0.00775	0.00540	0.00416	0.00366	0.00106	0.00694	0.00271	0.00218	0.00474
2	0.00959	0.01080	0.06673	0.02010	0.39077	0.00982	0.40629	0.01259	0.00926	0.01295	0.00780	0.01028	0.00615	0.00349	0.00433	0.00127	0.00581	0.00410	0.00199	0.00587
3	0.00669	0.00462	0.00589	0.00541	0.00654	0.00438	0.00410	0.05923	0.01167	0.04602	0.71520	0.06419	0.03438	0.00806	0.00468	0.00127	0.00213	0.00709	0.00438	0.00406
4	0.01459	0.03020	0.01177	0.01091	0.05036	0.74863	0.00796	0.04471	0.01140	0.01052	0.00636	0.00746	0.00528	0.00417	0.00379	0.00106	0.02123	0.00268	0.00212	0.00481
5	0.00562	0.00410	0.00528	0.00498	0.00596	0.00376	0.00374	0.00745	0.01121	0.01575	0.78198	0.03050	0.08799	0.00832	0.00473	0.00127	0.00190	0.00733	0.00437	0.00376
6	0.01480	0.01484	0.01164	0.02891	0.01271	0.40924	0.00773	0.39643	0.03641	0.01732	0.00811	0.00865	0.00614	0.00449	0.00382	0.00113	0.00575	0.00314	0.00303	0.00572
7	0.00537	0.00392	0.00505	0.00512	0.00589	0.00360	0.00371	0.00684	0.01010	0.01396	0.53218	0.27096	0.09911	0.00963	0.00484	0.00138	0.00203	0.00856	0.00416	0.00360
8	0.01207	0.00966	0.01025	0.00859	0.01123	0.01095	0.00686	0.33943	0.50526	0.02016	0.01366	0.01284	0.01008	0.00519	0.00405	0.00130	0.00367	0.00417	0.00405	0.00654
9	0.00785	0.00734	0.01202	0.66386	0.11664	0.00855	0.01054	0.01038	0.00819	0.01083	0.00783	0.01094	0.02167	0.00399	0.00393	0.00125	0.00500	0.00355	0.00190	0.08374
10	0.00934	0.32217	0.49474	0.00979	0.01467	0.01182	0.02533	0.04776	0.00882	0.01208	0.00674	0.00783	0.00520	0.00371	0.00339	0.00112	0.00529	0.00273	0.00181	0.00568
11	0.00972	0.00905	0.01410	0.03505	0.59528	0.00938	0.01060	0.01412	0.19534	0.01394	0.03069	0.01226	0.00879	0.00427	0.00405	0.00125	0.00432	0.01903	0.00255	0.00620
12	0.00475	0.00402	0.00411	0.00417	0.00545	0.00338	0.00310	0.00574	0.00904	0.01079	0.03930	0.09742	0.77445	0.01033	0.00477	0.00137	0.00205	0.00868	0.00372	0.00338
13	0.00938	0.00968	0.01047	0.04941	0.10626	0.20184	0.04456	0.02744	0.03830	0.01103	0.03403	0.12644	0.02365	0.08060	0.03855	0.00178	0.14568	0.03394	0.00251	0.00444
14	0.01126	0.12020	0.27565	0.00898	0.01269	0.04151	0.00913	0.13728	0.14111	0.13173	0.01095	0.06363	0.00854	0.00490	0.00384	0.00123	0.00452	0.00388	0.00304	0.00594
15	0.00485	0.00410	0.00421	0.00427	0.00560	0.00346	0.00326	0.00592	0.00915	0.01091	0.03940	0.03902	0.78133	0.01022	0.00479	0.00139	0.00214	0.05887	0.00372	0.00341
16	0.00574	0.00385	0.00440	0.00449	0.00451	0.00383	0.00255	0.00581	0.00601	0.00801	0.01353	0.10491	0.01571	0.77885	0.01896	0.00367	0.00374	0.00636	0.00255	0.00251
17	0.03044	0.15068	0.27216	0.01125	0.04800	0.02351	0.18657	0.03136	0.05809	0.05158	0.02965	0.05990	0.00837	0.00455	0.00394	0.00125	0.00509	0.01576	0.00237	0.00549
18	0.01043	0.01123	0.01451	0.01147	0.01428	0.18279	0.30668	0.03212	0.25915	0.01348	0.01340	0.01401	0.08797	0.00485	0.00429	0.00129	0.00526	0.00456	0.00287	0.00537
19	0.00573	0.00430	0.00645	0.00645	0.00716	0.00501	0.00501	0.00716	0.00645	0.00931	0.01074	0.01576	0.01003	0.03008	0.84316	0.00645	0.01074	0.00430	0.00215	0.00358
20	0.00832	0.00713	0.00832	0.00594	0.00950	0.00535	0.00475	0.01010	0.00832	0.01307	0.00713	0.00832	0.00594	0.00297	0.00297	0.00059	0.00297	0.00238	0.00238	0.88357
21	0.00497	0.00403	0.00441	0.00441	0.00558	0.00347	0.00327	0.00616	0.00953	0.01199	0.22057	0.10185	0.58595	0.00990	0.00477	0.00135	0.00202	0.00842	0.00388	0.00347
22	0.00541	0.00409	0.00499	0.00476	0.00583	0.00367	0.00357	0.00705	0.01072	0.01458	0.60559	0.03243	0.26511	0.00876	0.00473	0.00129	0.00193	0.00760	0.00422	0.00367
23	0.00892	0.00849	0.01441	0.33683	0.51009	0.00916	0.01168	0.01138	0.00868	0.01196	0.00771	0.02891	0.00642	0.00394	0.00401	0.00126	0.00493	0.00374	0.00195	0.00557
24	0.00882	0.00833	0.01400	0.24082	0.52456	0.00887	0.01113	0.01108	0.00863	0.01200	0.00870	0.08694	0.00789	0.00459	0.00432	0.00128	0.02617	0.00428	0.00208	0.00552
25	0.01746	0.00671	0.00913	0.00704	0.01005	0.00580	0.00580	0.01902	0.01147	0.80096	0.05148	0.01436	0.01115	0.00511	0.00406	0.00124	0.00335	0.00417	0.00494	0.00669
26	0.00581	0.00415	0.00568	0.00568	0.00616	0.00460	0.00409	0.00677	0.00629	0.00894	0.01144	0.01925	0.01156	0.30742	0.54586	0.00545	0.00822	0.00480	0.02464	0.00320
27	0.01086	0.63153	0.01819	0.00781	0.03073	0.06786	0.00703	0.03988	0.08600	0.01082	0.00726	0.02096	0.00646	0.00404	0.00321	0.00098	0.02594	0.01308	0.00210	0.00525
28	0.00978	0.56711	0.30715	0.00846	0.01277	0.01357	0.00965	0.01225	0.00826	0.01058	0.00614	0.00715	0.00512	0.00356	0.00301	0.00100	0.00486	0.00243	0.00171	0.00542
29	0.01213	0.01408	0.00937	0.00878	0.01041	0.54831	0.00651	0.04931	0.02588	0.01101	0.01065	0.20814	0.01068	0.00620	0.00395	0.00118	0.00559	0.00481	0.04861	0.00440
30	0.00568	0.00410	0.00536	0.00505	0.00599	0.00378	0.00378	0.00757	0.01135	0.01608	0.83192	0.02996	0.03784	0.00820	0.00473	0.00126	0.00189	0.00725	0.00441	0.00378
31	0.00832	0.00713	0.00832	0.00594	0.00950	0.00535	0.00475	0.01010	0.00832	0.01307	0.00713	0.00832	0.00594	0.00297	0.00297	0.00059	0.00297	0.00238	0.00238	0.88357
32	0.02206	0.01928	0.01290	0.17034	0.36624	0.02828	0.03286	0.02180	0.00896	0.04281	0.05037	0.07177	0.00918	0.00471	0.00439	0.00122	0.04185	0.00420	0.00236	0.08439

[dist]
# distance from previous block
# <min> <max>
0	1

[block]
# block no. 6 follows, 67 sequences, length 25
# corresponding to MSA columns:
# 422-446
name=unknown_G
#
# <colnr> <probs for GDERKNQSTAVLIFYWHMCP>
#	G	D	E	R	K	N	Q	S	T	A	V	L	I	F	Y	W	H	M	C	P
0	0.00567	0.00386	0.00470	0.00507	0.00539	0.00371	0.00332	0.00617	0.00713	0.02457	0.01898	0.33642	0.08186	0.40167	0.01214	0.00266	0.00314	0.06742	0.00315	0.00298
1	0.01233	0.01132	0.01261	0.02550	0.25220	0.15652	0.00879	0.30973	0.01298	0.01687	0.05045	0.02407	0.00817	0.00470	0.00448	0.00120	0.05280	0.00369	0.00289	0.02867
2	0.00810	0.02038	0.80795	0.01163	0.01749	0.00934	0.04477	0.01271	0.00850	0.01271	0.00723	0.00855	0.00512	0.00379	0.00384	0.00127	0.00596	0.00303	0.00171	0.00591
3	0.48264	0.00879	0.01144	0.00887	0.01190	0.00928	0.22587	0.06120	0.05044	0.01659	0.00719	0.00844	0.00550	0.00372	0.00331	0.00122	0.00417	0.00309	0.00252	0.07382
4	0.00835	0.08387	0.73378	0.01092	0.01647	0.00984	0.01378	0.01309	0.05041	0.01266	0.00754	0.00865	0.00545	0.00387	0.00373	0.00124	0.00566	0.00298	0.00182	0.00589
5	0.00583	0.00389	0.00437	0.00437	0.00437	0.00389	0.00243	0.00583	0.00583	0.00778	0.01264	0.02624	0.01458	0.85906	0.02041	0.00389	0.00389	0.00583	0.00243	0.00243
6	0.00697	0.00348	0.00522	0.00522	0.00522	0.00348	0.00348	0.00522	0.00522	0.00697	0.00697	0.01219	0.00697	0.01393	0.01567	0.88332	0.00348	0.00348	0.00174	0.00174
7	0.01604	0.00959	0.01097	0.00845	0.01159	0.01004	0.00697	0.51002	0.04405	0.31181	0.01205	0.01123	0.00811	0.00489	0.00402	0.00122	0.00402	0.00379	0.00435	0.00681
8	0.00757	0.00713	0.01203	0.84942	0.02762	0.00891	0.01114	0.01025	0.00802	0.01025	0.00713	0.01069	0.00535	0.00401	0.00401	0.00134	0.00535	0.00356	0.00178	0.00446
9	0.00580	0.00388	0.00438	0.00441	0.00442	0.00387	0.00247	0.00582	0.00589	0.00785	0.01291	0.05032	0.01493	0.83451	0.01997	0.00382	0.00384	0.00599	0.00247	0.00245
10	0.00583	0.00389	0.00437	0.00437	0.00437	0.00389	0.00243	0.00583	0.00583	0.00778	0.01264	0.02624	0.01458	0.85906	0.02041	0.00389	0.00389	0.00583	0.00243	0.00243
11	0.01336	0.01148	0.01132	0.00921	0.01179	0.17513	0.05295	0.47431	0.01498	0.03224	0.01062	0.11407	0.00905	0.00555	0.00407	0.00122	0.00474	0.00444	0.03368	0.00576
12	0.01525	0.01123	0.01204	0.00923	0.01244	0.01244	0.00762	0.82067	0.01886	0.02528	0.00963	0.00963	0.00682	0.00481	0.00401	0.00120	0.00441	0.00361	0.00401	0.00682
13	0.00986	0.00969	0.01529	0.09832	0.69127	0.05649	0.01171	0.01214	0.00912	0.01258	0.00783	0.03322	0.00675	0.00389	0.00399	0.00121	0.00489	0.00373	0.00202	0.00600
14	0.00489	0.00349	0.00465	0.00558	0.00582	0.00326	0.00372	0.00558	0.00768	0.01024	0.02210	0.85644	0.02653	0.01256	0.00512	0.00163	0.00233	0.01140	0.00372	0.00326
15	0.00587	0.00386	0.00436	0.00440	0.00446	0.00385	0.00251	0.00600	0.00606	0.00827	0.01313	0.06689	0.01495	0.77320	0.01875	0.00362	0.00371	0.00600	0.04757	0.00254
16	0.00752	0.00700	0.01175	0.80760	0.02666	0.00870	0.01091	0.01015	0.00808	0.01033	0.00783	0.01241	0.00623	0.00436	0.00409	0.00136	0.00526	0.04346	0.00188	0.00442
17	0.00924	0.00893	0.01550	0.25505	0.56282	0.00939	0.05715	0.01176	0.00884	0.01229	0.00746	0.01019	0.00606	0.00368	0.00402	0.00124	0.00504	0.00364	0.00193	0.00577
