[name]
unknown

[dist]
# distance from previous block
# <min> <max>
0	92

[block]
# block no. 0 follows, 70 sequences, length 13
# corresponding to MSA columns:
# 111-123
name=unknown_A
#
# <colnr> <probs for GDERKNQSTAVLIFYWHMCP>
#	G	D	E	R	K	N	Q	S	T	A	V	L	I	F	Y	W	H	M	C	P
0	0.02022	0.00423	0.00567	0.00590	0.01922	0.00458	0.00421	0.00667	0.00655	0.00917	0.02579	0.09498	0.02977	0.29024	0.35607	0.00418	0.02804	0.07886	0.00249	0.00316
1	0.00832	0.01875	0.01125	0.20021	0.22834	0.00769	0.05532	0.07770	0.04797	0.02687	0.16626	0.02821	0.07873	0.00536	0.00412	0.00124	0.00393	0.02198	0.00281	0.00492
2	0.01131	0.00907	0.00918	0.00792	0.02236	0.08060	0.00614	0.29846	0.26017	0.04637	0.08926	0.01434	0.01177	0.05475	0.00481	0.00135	0.00372	0.01637	0.04648	0.00556
3	0.36516	0.00591	0.02145	0.00489	0.00672	0.00604	0.00397	0.01102	0.00802	0.11905	0.07615	0.01247	0.00978	0.03740	0.00355	0.00120	0.00263	0.00337	0.29701	0.00422
4	0.00608	0.00454	0.00624	0.00580	0.00695	0.00424	0.05128	0.00805	0.04735	0.04426	0.41702	0.18875	0.14593	0.00861	0.00462	0.00133	0.00238	0.03886	0.00389	0.00381
5	0.00554	0.00415	0.00623	0.00623	0.00692	0.00485	0.00485	0.00692	0.00623	0.00900	0.01038	0.01523	0.00969	0.02908	0.84839	0.00623	0.01038	0.00415	0.00208	0.00346
6	0.00552	0.00395	0.00535	0.00541	0.00580	0.00432	0.00381	0.00633	0.00608	0.00849	0.01179	0.07349	0.01241	0.34874	0.47575	0.00498	0.00732	0.00517	0.00228	0.00301
7	0.04134	0.00930	0.01034	0.00821	0.01096	0.01014	0.02608	0.48845	0.16713	0.10027	0.04284	0.01154	0.00905	0.00483	0.00384	0.00119	0.00377	0.00382	0.04074	0.00616
8	0.01272	0.05894	0.14524	0.00997	0.01273	0.54606	0.03466	0.08063	0.01074	0.01121	0.00661	0.00775	0.00531	0.00488	0.03506	0.00125	0.00654	0.00274	0.00208	0.00487
9	0.00673	0.00337	0.00505	0.00505	0.00505	0.00337	0.00337	0.00505	0.00505	0.00673	0.00673	0.01178	0.00673	0.01347	0.01515	0.88721	0.00337	0.00337	0.00168	0.00168
10	0.01481	0.01035	0.01127	0.00869	0.01175	0.01132	0.00716	0.71889	0.04724	0.10346	0.01012	0.00987	0.00708	0.00469	0.00388	0.00117	0.00413	0.00356	0.00397	0.00658
11	0.06339	0.00525	0.00599	0.00501	0.00698	0.00448	0.00385	0.00825	0.00893	0.03204	0.26929	0.02128	0.17971	0.05722	0.00473	0.00116	0.00244	0.00513	0.00323	0.31162
12	0.00565	0.00425	0.00621	0.00612	0.00689	0.00481	0.00472	0.00698	0.00628	0.00908	0.01032	0.01540	0.00973	0.06649	0.77471	0.00588	0.00976	0.00414	0.00210	0.04047

[dist]
# distance from previous block
# <min> <max>
0	3

[block]
# block no. 1 follows, 70 sequences, length 25
# corresponding to MSA columns:
# 127-151
name=unknown_B
#
# <colnr> <probs for GDERKNQSTAVLIFYWHMCP>
#	G	D	E	R	K	N	Q	S	T	A	V	L	I	F	Y	W	H	M	C	P
0	0.02391	0.02290	0.06198	0.01540	0.36914	0.23773	0.03111	0.03627	0.01865	0.01177	0.00862	0.07919	0.00794	0.02317	0.01680	0.00130	0.00517	0.02155	0.00219	0.00519
1	0.00824	0.00786	0.01080	0.00932	0.00944	0.01070	0.00762	0.03384	0.00629	0.00958	0.00622	0.01066	0.00632	0.10363	0.04497	0.00208	0.70283	0.00368	0.00185	0.00407
2	0.00660	0.01954	0.00629	0.00627	0.05133	0.02697	0.02142	0.00812	0.09121	0.00935	0.04558	0.05910	0.01413	0.57254	0.04322	0.00308	0.00397	0.00547	0.00258	0.00323
3	0.00881	0.00668	0.00796	0.00580	0.00905	0.00513	0.00464	0.01052	0.00853	0.09521	0.05977	0.00986	0.00806	0.00338	0.00308	0.00068	0.00285	0.00275	0.00267	0.74460
4	0.02217	0.04094	0.03755	0.06096	0.10871	0.01999	0.04951	0.10205	0.07389	0.08226	0.04548	0.02862	0.03057	0.00554	0.00637	0.03090	0.20926	0.00391	0.01379	0.02754
5	0.01011	0.67678	0.07913	0.00802	0.01141	0.03619	0.07961	0.01175	0.00802	0.00966	0.00572	0.00684	0.00506	0.00348	0.00315	0.00094	0.03502	0.00241	0.00169	0.00501
6	0.00477	0.00386	0.00426	0.00445	0.00551	0.00335	0.00331	0.00581	0.00875	0.01083	0.09798	0.18871	0.57913	0.01015	0.00469	0.00138	0.00210	0.05401	0.00365	0.00330
7	0.00963	0.29542	0.01242	0.00642	0.00969	0.07716	0.00555	0.01113	0.00832	0.03676	0.00657	0.00750	0.00554	0.00317	0.00283	0.00071	0.00365	0.00229	0.00214	0.49310
8	0.00691	0.00440	0.00537	0.00531	0.00616	0.00426	0.00379	0.02866	0.05095	0.08853	0.10738	0.24785	0.11005	0.19159	0.02823	0.03150	0.00295	0.03963	0.03289	0.00360
9	0.02847	0.12734	0.19331	0.11377	0.08791	0.03458	0.06909	0.21339	0.02318	0.05270	0.00785	0.00900	0.00585	0.00396	0.00375	0.00116	0.01339	0.00321	0.00246	0.00563
10	0.00878	0.02230	0.02429	0.10779	0.07564	0.08256	0.10909	0.05148	0.00841	0.03987	0.00952	0.07753	0.00875	0.02021	0.11826	0.03151	0.12456	0.03649	0.03856	0.00442
11	0.00577	0.00430	0.00530	0.00522	0.00621	0.00416	0.00387	0.00800	0.08322	0.02854	0.37932	0.18659	0.17722	0.01048	0.07229	0.00171	0.00276	0.00747	0.00382	0.00375
12	0.01099	0.00926	0.00951	0.00820	0.01060	0.03812	0.00647	0.20837	0.61534	0.01791	0.01394	0.01301	0.01038	0.00508	0.00391	0.00127	0.00348	0.00411	0.00386	0.00619
13	0.00998	0.01097	0.01165	0.01013	0.01063	0.22042	0.00823	0.01086	0.00720	0.00937	0.00531	0.00811	0.00507	0.00609	0.01042	0.00152	0.64479	0.00317	0.00177	0.00430
14	0.00504	0.00387	0.00458	0.00454	0.00552	0.00345	0.00334	0.00635	0.00959	0.01268	0.40416	0.13084	0.35647	0.02610	0.00492	0.00135	0.00197	0.00793	0.00388	0.00342
15	0.00587	0.00444	0.00525	0.00525	0.00566	0.03505	0.00359	0.00654	0.00629	0.00849	0.01261	0.05940	0.04003	0.42590	0.33957	0.00439	0.00629	0.00524	0.01721	0.00295
16	0.00554	0.00414	0.00615	0.00615	0.00681	0.00480	0.00475	0.00687	0.00621	0.00894	0.01046	0.01564	0.00987	0.06275	0.81496	0.00613	0.01012	0.00421	0.00209	0.00342
17	0.01664	0.00730	0.00933	0.00718	0.01014	0.00680	0.00592	0.16618	0.01232	0.67072	0.01413	0.01252	0.00906	0.00476	0.00386	0.00119	0.00344	0.00382	0.02819	0.00652
18	0.00564	0.00376	0.00423	0.00423	0.00423	0.00376	0.00235	0.00564	0.00564	0.00752	0.01222	0.02537	0.01409	0.86375	0.01973	0.00376	0.00376	0.00564	0.00235	0.00235
19	0.00740	0.00439	0.00529	0.00500	0.00599	0.00402	0.00354	0.00816	0.00784	0.14723	0.04490	0.10916	0.18130	0.34950	0.01054	0.00230	0.00307	0.06303	0.00327	0.03407
20	0.08560	0.07763	0.01008	0.01021	0.17545	0.13789	0.00664	0.03866	0.06499	0.05546	0.11776	0.14432	0.03469	0.00591	0.00399	0.00121	0.01693	0.00492	0.00290	0.00478
21	0.00508	0.00394	0.00449	0.00448	0.00558	0.00348	0.00340	0.00640	0.00947	0.01232	0.29785	0.06273	0.46822	0.00916	0.00458	0.00131	0.00203	0.05879	0.03326	0.00342
22	0.04122	0.69943	0.01828	0.02859	0.01053	0.11060	0.00674	0.01219	0.02509	0.00961	0.00571	0.00658	0.00510	0.00346	0.00267	0.00088	0.00444	0.00220	0.00177	0.00490
23	0.10518	0.03131	0.11355	0.02517	0.05410	0.00759	0.03101	0.07150	0.05354	0.09233	0.03474	0.02121	0.02545	0.00416	0.00371	0.00103	0.03313	0.00329	0.02330	0.26469
24	0.05590	0.13881	0.10433	0.03700	0.20278	0.13681	0.05536	0.06000	0.03082	0.06569	0.00833	0.05805	0.00702	0.00431	0.00376	0.00115	0.01871	0.00353	0.00233	0.00532

[dist]
# distance from previous block
# <min> <max>
0	2

[block]
# block no. 2 follows, 70 sequences, length 16
# corresponding to MSA columns:
# 154-169
name=unknown_C
#
# <colnr> <probs for GDERKNQSTAVLIFYWHMCP>
#	G	D	E	R	K	N	Q	S	T	A	V	L	I	F	Y	W	H	M	C	P
0	0.07413	0.03584	0.18631	0.04647	0.20653	0.11388	0.04650	0.07946	0.02162	0.12684	0.00834	0.00933	0.00617	0.00391	0.00365	0.00116	0.00485	0.00321	0.01617	0.00562
1	0.00576	0.00409	0.00490	0.00488	0.00584	0.00383	0.00359	0.00765	0.05425	0.03036	0.35749	0.20462	0.20317	0.00872	0.00444	0.00129	0.00204	0.00761	0.08182	0.00366
2	0.06345	0.00875	0.08400	0.02447	0.28167	0.00808	0.07666	0.08208	0.05916	0.01360	0.06684	0.04012	0.03066	0.00836	0.13306	0.00199	0.00520	0.00419	0.00250	0.00517
3	0.00765	0.00558	0.00645	0.00611	0.00717	0.01977	0.00443	0.17843	0.03637	0.01302	0.05169	0.37475	0.01707	0.10124	0.02221	0.08162	0.00319	0.00705	0.01777	0.03841
4	0.12031	0.00917	0.00974	0.00838	0.04005	0.02758	0.00658	0.44213	0.10497	0.06138	0.01204	0.02819	0.04560	0.00533	0.00385	0.00124	0.00381	0.06029	0.00360	0.00577
5	0.01064	0.80864	0.01968	0.00686	0.01009	0.07178	0.00669	0.01187	0.00809	0.00915	0.00543	0.00627	0.00498	0.00336	0.00256	0.00084	0.00434	0.00210	0.00168	0.00494
6	0.00943	0.01385	0.34572	0.01330	0.21228	0.04235	0.04774	0.10248	0.05064	0.01385	0.00773	0.00900	0.00588	0.00371	0.00369	0.00113	0.00492	0.00315	0.00217	0.10698
7	0.00660	0.00432	0.02309	0.00647	0.05111	0.00428	0.00435	0.00601	0.00570	0.00781	0.00856	0.07046	0.00879	0.07623	0.11680	0.55862	0.03227	0.00414	0.00192	0.00246
8	0.01323	0.00775	0.00896	0.00717	0.00965	0.00793	0.00580	0.37488	0.01365	0.26788	0.05881	0.07112	0.05261	0.00563	0.00393	0.00119	0.00339	0.00456	0.07605	0.00579
9	0.01155	0.70696	0.01834	0.00677	0.01004	0.01384	0.00653	0.04909	0.00879	0.12698	0.00696	0.00734	0.00570	0.00358	0.00275	0.00090	0.00403	0.00239	0.00220	0.00528
10	0.00669	0.00525	0.01774	0.00608	0.01712	0.00524	0.00439	0.03617	0.18816	0.02803	0.13329	0.31784	0.07630	0.11747	0.02057	0.00177	0.00284	0.00744	0.00357	0.00403
11	0.02361	0.09096	0.36679	0.01290	0.08383	0.01012	0.24552	0.09653	0.00950	0.01341	0.00732	0.00886	0.00546	0.00361	0.00384	0.00120	0.00553	0.00339	0.00200	0.00562
12	0.00629	0.00588	0.05319	0.07819	0.06838	0.00528	0.05132	0.00804	0.00836	0.01102	0.03236	0.16413	0.12595	0.04109	0.03297	0.00176	0.00383	0.29505	0.00303	0.00387
13	0.00934	0.15602	0.04457	0.00796	0.04669	0.05948	0.04783	0.07549	0.04622	0.02982	0.05216	0.01177	0.07419	0.00427	0.00357	0.00094	0.02004	0.00341	0.00255	0.30367
14	0.00627	0.03432	0.07660	0.00629	0.00761	0.03607	0.02650	0.02238	0.02607	0.01121	0.09855	0.30437	0.13225	0.08296	0.00585	0.00161	0.00313	0.09468	0.01957	0.00371
15	0.04211	0.07430	0.09372	0.00975	0.13133	0.04478	0.01790	0.09373	0.01842	0.02253	0.02979	0.02327	0.00776	0.02747	0.15791	0.00202	0.02056	0.00339	0.00234	0.17691

[dist]
# distance from previous block
# <min> <max>
0	35

[block]
# block no. 3 follows, 70 sequences, length 14
# corresponding to MSA columns:
# 220-233
name=unknown_D
#
# <colnr> <probs for GDERKNQSTAVLIFYWHMCP>
#	G	D	E	R	K	N	Q	S	T	A	V	L	I	F	Y	W	H	M	C	P
0	0.14632	0.03914	0.00989	0.03310	0.16390	0.03141	0.04511	0.04167	0.07704	0.05760	0.02822	0.16065	0.03231	0.00697	0.04670	0.00152	0.03848	0.00486	0.01713	0.01797
1	0.00888	0.00689	0.00788	0.00751	0.05437	0.04455	0.00532	0.07101	0.04362	0.05901	0.20968	0.16259	0.07101	0.00773	0.02417	0.00141	0.00334	0.00597	0.01985	0.18522
2	0.01071	0.06663	0.02717	0.01325	0.23355	0.03795	0.05980	0.05708	0.09354	0.03984	0.03480	0.07521	0.02339	0.00678	0.02721	0.00162	0.07123	0.03437	0.04098	0.04490
3	0.89114	0.00750	0.00570	0.00510	0.00750	0.00870	0.00420	0.01140	0.00660	0.01739	0.00540	0.00630	0.00420	0.00360	0.00240	0.00120	0.00300	0.00210	0.00240	0.00420
4	0.00985	0.00690	0.00662	0.00606	0.00756	0.11675	0.00464	0.11425	0.01015	0.12612	0.02670	0.18240	0.05192	0.00648	0.00375	0.00117	0.00315	0.02745	0.28366	0.00440
5	0.00484	0.00367	0.00437	0.00473	0.00541	0.00330	0.00329	0.00571	0.00824	0.01064	0.12986	0.40863	0.30986	0.07190	0.00583	0.00159	0.00220	0.00914	0.00359	0.00320
6	0.47094	0.00853	0.00973	0.00934	0.10084	0.03623	0.09036	0.04966	0.00867	0.08164	0.00873	0.03767	0.00731	0.00535	0.02565	0.00148	0.00417	0.03579	0.00283	0.00508
7	0.00896	0.01302	0.30964	0.05831	0.01741	0.00896	0.35160	0.04262	0.03365	0.05397	0.02724	0.04058	0.00728	0.00406	0.00416	0.00128	0.00557	0.00411	0.00221	0.00539
8	0.00511	0.00357	0.00451	0.00509	0.00536	0.00340	0.00338	0.00561	0.00706	0.00931	0.01967	0.51159	0.07736	0.23108	0.00911	0.03368	0.00274	0.05623	0.00321	0.00292
9	0.00882	0.00823	0.00842	0.02327	0.00891	0.18540	0.05300	0.04726	0.00814	0.04065	0.01040	0.04348	0.01042	0.27964	0.13710	0.00281	0.07160	0.04627	0.00241	0.00377
10	0.00951	0.02524	0.13782	0.01039	0.04540	0.07206	0.17941	0.07966	0.03157	0.08415	0.01022	0.05616	0.02234	0.03620	0.15144	0.00220	0.03455	0.00424	0.00251	0.00496
11	0.00505	0.00371	0.00475	0.00546	0.00601	0.00347	0.00400	0.00599	0.00793	0.01028	0.02406	0.51586	0.16859	0.03998	0.00546	0.00164	0.00253	0.17845	0.00355	0.00323
12	0.00906	0.00866	0.01477	0.21987	0.64769	0.00907	0.01163	0.01143	0.00857	0.01201	0.00720	0.00977	0.00591	0.00355	0.00385	0.00118	0.00474	0.00345	0.00187	0.00571
13	0.03267	0.02589	0.05462	0.04878	0.22582	0.04083	0.12104	0.02638	0.06458	0.03593	0.01065	0.12166	0.02222	0.00709	0.06477	0.00166	0.06916	0.01884	0.00244	0.00499

[dist]
# distance from previous block
# <min> <max>
0	30

[block]
# block no. 4 follows, 70 sequences, length 25
# corresponding to MSA columns:
# 264-288
name=unknown_E
#
# <colnr> <probs for GDERKNQSTAVLIFYWHMCP>
#	G	D	E	R	K	N	Q	S	T	A	V	L	I	F	Y	W	H	M	C	P
0	0.06728	0.03156	0.01109	0.03111	0.19586	0.24838	0.00772	0.09823	0.00995	0.03479	0.05417	0.01107	0.02800	0.03101	0.05113	0.00152	0.07631	0.00349	0.00242	0.00491
1	0.00907	0.00891	0.02610	0.35534	0.10314	0.09334	0.02861	0.03162	0.04445	0.03034	0.00735	0.00956	0.00578	0.00401	0.00445	0.00116	0.07875	0.00322	0.00209	0.15271
2	0.05536	0.06173	0.05456	0.05523	0.08250	0.23369	0.08038	0.09975	0.02670	0.01225	0.00678	0.00856	0.00557	0.00503	0.02485	0.00135	0.17546	0.00315	0.00214	0.00495
3	0.00523	0.00369	0.00448	0.00484	0.00512	0.00356	0.00310	0.00591	0.02142	0.00947	0.07796	0.39623	0.06579	0.36266	0.01098	0.00243	0.00284	0.00824	0.00314	0.00292
4	0.00959	0.00962	0.05054	0.08138	0.68120	0.00931	0.03799	0.05043	0.00918	0.01300	0.00736	0.00960	0.00603	0.00354	0.00386	0.00117	0.00474	0.00347	0.00199	0.00598
5	0.00660	0.00520	0.00586	0.00566	0.00682	0.02301	0.00425	0.04197	0.15169	0.01376	0.30763	0.16530	0.14334	0.03330	0.00490	0.00139	0.00247	0.04308	0.02972	0.00404
6	0.00732	0.00554	0.00611	0.00559	0.00708	0.00548	0.00434	0.19957	0.01099	0.01431	0.11040	0.10741	0.36397	0.04392	0.00508	0.00142	0.00271	0.06685	0.02785	0.00408
7	0.00614	0.00421	0.00580	0.00658	0.00733	0.00412	0.00541	0.00757	0.00850	0.03585	0.02041	0.26924	0.02267	0.03041	0.00553	0.00175	0.00320	0.54818	0.00359	0.00352
8	0.01430	0.00961	0.01051	0.00816	0.01103	0.01040	0.00671	0.63340	0.03165	0.12853	0.01050	0.01037	0.00738	0.00467	0.00378	0.00115	0.00390	0.00357	0.08407	0.00631
9	0.00483	0.00391	0.00429	0.00425	0.00540	0.00337	0.00317	0.00602	0.00933	0.01178	0.24881	0.07640	0.58602	0.00944	0.00460	0.00130	0.00194	0.00802	0.00378	0.00337
10	0.89114	0.00750	0.00570	0.00510	0.00750	0.00870	0.00420	0.01140	0.00660	0.01739	0.00540	0.00630	0.00420	0.00360	0.00240	0.00120	0.00300	0.00210	0.00240	0.00420
11	0.89114	0.00750	0.00570	0.00510	0.00750	0.00870	0.00420	0.01140	0.00660	0.01739	0.00540	0.00630	0.00420	0.00360	0.00240	0.00120	0.00300	0.00210	0.00240	0.00420
12	0.00776	0.00429	0.03005	0.00561	0.00614	0.00389	0.01811	0.00670	0.00579	0.08416	0.00763	0.01186	0.00699	0.01254	0.03112	0.74596	0.00363	0.00344	0.00198	0.00235
13	0.27687	0.03360	0.04507	0.00778	0.01066	0.05417	0.00661	0.42333	0.07438	0.02000	0.00824	0.00854	0.00607	0.00427	0.00337	0.00117	0.00400	0.00302	0.00319	0.00565
14	0.01100	0.03320	0.02180	0.03601	0.01115	0.35899	0.02002	0.01559	0.29403	0.01178	0.01008	0.01124	0.00817	0.03835	0.08729	0.00175	0.01848	0.00350	0.00266	0.00491
15	0.03233	0.05669	0.02646	0.28608	0.05585	0.05297	0.00834	0.16683	0.03696	0.13283	0.00879	0.01013	0.00646	0.00437	0.00433	0.00122	0.06474	0.00338	0.03598	0.00526
16	0.08736	0.19529	0.24521	0.01039	0.08354	0.02425	0.05548	0.05383	0.02046	0.05270	0.00696	0.00826	0.00548	0.00407	0.00455	0.00118	0.11413	0.00293	0.00208	0.02186
17	0.04040	0.00881	0.03682	0.00815	0.02720	0.10478	0.05090	0.12698	0.06295	0.24763	0.03816	0.09560	0.06825	0.00583	0.00412	0.00124	0.01394	0.02886	0.00355	0.02584
18	0.00566	0.00375	0.00437	0.00439	0.00444	0.00378	0.00255	0.00567	0.00569	0.00762	0.01212	0.04598	0.01385	0.76287	0.06067	0.04220	0.00403	0.00560	0.00234	0.00240
19	0.00968	0.02034	0.11100	0.07013	0.16355	0.00841	0.06094	0.06445	0.06849	0.09214	0.04208	0.01067	0.00778	0.00464	0.01826	0.00123	0.08507	0.00350	0.00256	0.15508
20	0.03644	0.00889	0.07817	0.02172	0.25841	0.00797	0.05885	0.10792	0.03329	0.18028	0.06049	0.03107	0.05063	0.00474	0.00403	0.00120	0.01417	0.00414	0.01535	0.02224
21	0.08552	0.00462	0.00536	0.00525	0.00655	0.00435	0.00406	0.00849	0.02221	0.11309	0.13903	0.16498	0.27547	0.03388	0.00490	0.00145	0.00252	0.11073	0.00370	0.00385
22	0.00922	0.00558	0.00686	0.00618	0.00782	0.00551	0.00487	0.04403	0.15261	0.19644	0.28169	0.06255	0.06209	0.02685	0.00470	0.00136	0.00272	0.09204	0.02214	0.00476
23	0.03694	0.03313	0.02625	0.19010	0.21963	0.06401	0.04321	0.15472	0.05729	0.06247	0.02730	0.01029	0.00704	0.00421	0.00414	0.00121	0.03786	0.00351	0.01123	0.00546
24	0.01214	0.39157	0.01513	0.00829	0.03760	0.10970	0.00699	0.24346	0.07973	0.03683	0.00786	0.00828	0.00624	0.00400	0.00320	0.00101	0.00438	0.00283	0.01522	0.00554

[dist]
# distance from previous block
# <min> <max>
0	2

[block]
# block no. 5 follows, 70 sequences, length 31
# corresponding to MSA columns:
# 291-321
name=unknown_F
#
# <colnr> <probs for GDERKNQSTAVLIFYWHMCP>
#	G	D	E	R	K	N	Q	S	T	A	V	L	I	F	Y	W	H	M	C	P
0	0.05515	0.00865	0.01394	0.09172	0.63157	0.00892	0.01064	0.05188	0.00899	0.01317	0.00777	0.02956	0.00659	0.00424	0.01864	0.00126	0.00453	0.00358	0.02348	0.00573
1	0.00602	0.00470	0.00669	0.11435	0.00934	0.00477	0.04166	0.00781	0.05137	0.02481	0.12623	0.33223	0.09336	0.08509	0.00599	0.00165	0.00304	0.07395	0.00330	0.00364
2	0.02166	0.11912	0.15796	0.02602	0.11633	0.09775	0.17684	0.02303	0.02737	0.08039	0.00823	0.04090	0.00665	0.00413	0.00418	0.00117	0.04549	0.00359	0.00223	0.03696
3	0.01095	0.01114	0.02162	0.15145	0.14226	0.23115	0.08324	0.07182	0.10322	0.05057	0.04735	0.01066	0.00787	0.00433	0.00419	0.00119	0.03570	0.00359	0.00251	0.00518
4	0.00558	0.00373	0.00425	0.00431	0.00432	0.00372	0.00243	0.00562	0.00576	0.00767	0.01282	0.08083	0.01486	0.80725	0.01875	0.00361	0.00366	0.00599	0.00243	0.00240
5	0.00735	0.00459	0.00568	0.00515	0.00649	0.00424	0.00394	0.03814	0.02351	0.12659	0.47791	0.06174	0.17653	0.00776	0.00441	0.00124	0.00218	0.00670	0.03176	0.00411
6	0.01099	0.16319	0.13956	0.05124	0.10170	0.14170	0.08106	0.08444	0.05006	0.08543	0.00859	0.04124	0.00689	0.00445	0.01200	0.00118	0.00502	0.00345	0.00243	0.00539
7	0.01380	0.01068	0.01139	0.00897	0.01188	0.05513	0.03282	0.59676	0.15151	0.05126	0.01037	0.01021	0.00746	0.00468	0.00389	0.00119	0.00425	0.00363	0.00376	0.00637
8	0.01177	0.00600	0.00711	0.00593	0.00796	0.00586	0.00473	0.12981	0.05399	0.31235	0.07480	0.04166	0.04155	0.00535	0.00364	0.00113	0.00278	0.00438	0.27397	0.00522
9	0.00592	0.00414	0.00498	0.00479	0.00591	0.00375	0.00362	0.00758	0.02655	0.05513	0.42802	0.08046	0.28492	0.00851	0.00451	0.00127	0.00204	0.02857	0.03562	0.00370
10	0.03786	0.17728	0.33930	0.01049	0.07483	0.04680	0.06911	0.05189	0.02571	0.04347	0.01942	0.00959	0.01853	0.02662	0.00412	0.00121	0.02215	0.00317	0.01310	0.00535
11	0.00812	0.00672	0.00705	0.00702	0.02303	0.10439	0.01319	0.03117	0.11103	0.05873	0.03051	0.25694	0.03611	0.12347	0.00679	0.00173	0.03305	0.11309	0.02381	0.00405
12	0.00611	0.00420	0.00570	0.00608	0.00696	0.00403	0.00494	0.00774	0.00948	0.03920	0.29747	0.15033	0.03928	0.00976	0.00498	0.00154	0.00277	0.39195	0.00385	0.00363
13	0.00724	0.04640	0.09029	0.03417	0.05444	0.04117	0.04757	0.03055	0.05679	0.01082	0.05988	0.10424	0.07494	0.27463	0.00909	0.00205	0.01183	0.02841	0.01157	0.00393
14	0.00974	0.03657	0.24575	0.09637	0.23412	0.10609	0.04241	0.01295	0.05629	0.06417	0.00841	0.02032	0.00658	0.00426	0.01248	0.00124	0.00511	0.01144	0.02023	0.00547
15	0.00632	0.00535	0.00689	0.00673	0.00729	0.04791	0.00517	0.00744	0.00663	0.00925	0.01125	0.14824	0.01150	0.05467	0.50399	0.00438	0.13072	0.00510	0.01763	0.00353
16	0.75429	0.00774	0.00696	0.02011	0.07486	0.00893	0.00515	0.02918	0.00702	0.01675	0.00565	0.00677	0.00446	0.00373	0.00296	0.00121	0.03517	0.00231	0.00236	0.00441
17	0.00553	0.00372	0.00428	0.00438	0.00442	0.00368	0.00252	0.00564	0.00595	0.00795	0.02892	0.12434	0.01589	0.74680	0.01770	0.00345	0.00354	0.00630	0.00253	0.00247
18	0.01052	0.83443	0.01997	0.00676	0.01003	0.04645	0.00667	0.01175	0.00799	0.00913	0.00541	0.00625	0.00498	0.00334	0.00253	0.00084	0.00425	0.00209	0.00167	0.00496
19	0.89114	0.00750	0.00570	0.00510	0.00750	0.00870	0.00420	0.01140	0.00660	0.01739	0.00540	0.00630	0.00420	0.00360	0.00240	0.00120	0.00300	0.00210	0.00240	0.00420
20	0.00484	0.00389	0.00428	0.00427	0.00537	0.00337	0.00315	0.00597	0.00914	0.01154	0.22560	0.09739	0.56430	0.03339	0.00503	0.00138	0.00200	0.00805	0.00372	0.00333
21	0.01030	0.84563	0.04022	0.00674	0.01012	0.01519	0.00682	0.01162	0.00788	0.00920	0.00543	0.00627	0.00497	0.00333	0.00252	0.00084	0.00418	0.00209	0.00166	0.00499
22	0.00470	0.00373	0.00420	0.00450	0.00538	0.00326	0.00320	0.00559	0.00837	0.01044	0.07086	0.32653	0.49373	0.03100	0.00507	0.00146	0.00210	0.00906	0.00360	0.00323
23	0.01036	0.86609	0.02032	0.00663	0.00995	0.01534	0.00663	0.01161	0.00788	0.00912	0.00539	0.00622	0.00498	0.00332	0.00249	0.00083	0.00415	0.00207	0.00166	0.00498
24	0.00673	0.00337	0.00505	0.00505	0.00505	0.00337	0.00337	0.00505	0.00505	0.00673	0.00673	0.01178	0.00673	0.01347	0.01515	0.88721	0.00337	0.00337	0.00168	0.00168
25	0.00778	0.02005	0.84367	0.01105	0.01678	0.00900	0.01432	0.01228	0.00818	0.01228	0.00696	0.00818	0.00491	0.00368	0.00368	0.00123	0.00573	0.00286	0.00164	0.00573
26	0.00557	0.00402	0.00554	0.00554	0.00599	0.00447	0.00399	0.00648	0.00603	0.00849	0.01101	0.01872	0.01121	0.31663	0.56291	0.00538	0.00810	0.00466	0.00217	0.00308
27	0.00836	0.00688	0.00807	0.00578	0.00921	0.00519	0.00463	0.01008	0.00814	0.04137	0.00718	0.00822	0.00588	0.00294	0.00291	0.00060	0.00289	0.00235	0.00238	0.85694
28	0.02171	0.06832	0.21272	0.07895	0.28972	0.02066	0.06015	0.10449	0.03274	0.06217	0.00798	0.00938	0.00605	0.00379	0.00375	0.00118	0.00486	0.00332	0.00228	0.00580
29	0.01236	0.16505	0.03951	0.00878	0.01123	0.42487	0.00716	0.08688	0.13854	0.01196	0.00823	0.03503	0.00686	0.00435	0.00346	0.00105	0.00536	0.00308	0.00245	0.02379
30	0.04184	0.32634	0.05249	0.05447	0.05905	0.08336	0.00754	0.07194	0.05568	0.10013	0.01918	0.02426	0.00754	0.00453	0.00367	0.00116	0.01489	0.00323	0.00272	0.06598

[dist]
# distance from previous block
# <min> <max>
0	2

[block]
# block no. 6 follows, 70 sequences, length 16
# corresponding to MSA columns:
# 324-339
name=unknown_G
#
# <colnr> <probs for GDERKNQSTAVLIFYWHMCP>
#	G	D	E	R	K	N	Q	S	T	A	V	L	I	F	Y	W	H	M	C	P
0	0.00854	0.11993	0.58678	0.01147	0.03623	0.00998	0.12248	0.03877	0.00862	0.01232	0.00697	0.00833	0.00513	0.00361	0.00367	0.00119	0.00557	0.00303	0.00176	0.00561
1	0.14331	0.00760	0.00864	0.00683	0.00977	0.00693	0.00545	0.07567	0.03401	0.27983	0.01157	0.01187	0.02661	0.00545	0.03280	0.00131	0.00365	0.00343	0.01905	0.30622
2	0.04771	0.03849	0.04114	0.09195	0.13937	0.02465	0.25260	0.08858	0.02156	0.11560	0.01957	0.03558	0.01898	0.00476	0.01737	0.00132	0.00494	0.02782	0.00263	0.00536
3	0.08172	0.01737	0.01057	0.04051	0.09012	0.06220	0.14728	0.01085	0.02330	0.09191	0.09750	0.09003	0.04203	0.03042	0.00472	0.00141	0.00405	0.14648	0.00301	0.00452
4	0.00531	0.00384	0.00532	0.00563	0.00605	0.00410	0.00403	0.00623	0.00657	0.00909	0.01449	0.29156	0.01592	0.17027	0.40999	0.00419	0.00643	0.02517	0.00265	0.00317
5	0.00621	0.00465	0.00577	0.00571	0.00660	0.03152	0.02688	0.00798	0.05003	0.03927	0.31683	0.37630	0.04870	0.00911	0.00456	0.00136	0.00242	0.00813	0.04427	0.00372
6	0.02592	0.08643	0.28404	0.06092	0.12435	0.02697	0.06405	0.05104	0.06876	0.02436	0.00881	0.04004	0.02178	0.00516	0.02891	0.00138	0.06597	0.00362	0.00217	0.00532
7	0.00506	0.00370	0.00482	0.00552	0.00606	0.00346	0.00404	0.00607	0.00815	0.01071	0.08289	0.54166	0.12330	0.01128	0.00496	0.00156	0.00244	0.16739	0.00364	0.00328
8	0.00585	0.00390	0.00500	0.00540	0.00612	0.00363	0.00399	0.00696	0.00845	0.05361	0.13113	0.39630	0.12312	0.05045	0.00548	0.00159	0.00249	0.14550	0.03757	0.00346
9	0.04530	0.01141	0.10240	0.20399	0.28340	0.04639	0.04037	0.08219	0.01050	0.05280	0.00954	0.01230	0.00774	0.00586	0.02593	0.00171	0.04494	0.00402	0.00284	0.00639
10	0.08145	0.00906	0.08382	0.22192	0.09705	0.02886	0.04759	0.09487	0.06125	0.05678	0.02770	0.08155	0.00962	0.00653	0.04465	0.00161	0.00483	0.03282	0.00280	0.00522
11	0.00484	0.00351	0.00458	0.00531	0.00571	0.00326	0.00366	0.00567	0.00788	0.01045	0.08535	0.69093	0.09601	0.01156	0.00491	0.00153	0.00225	0.04572	0.00365	0.00322
12	0.00778	0.00736	0.01246	0.68585	0.19168	0.00873	0.01100	0.01031	0.00797	0.01047	0.00697	0.01019	0.00537	0.00379	0.00387	0.00126	0.00505	0.00345	0.00176	0.00468
13	0.01727	0.00999	0.19414	0.03317	0.05246	0.02422	0.06692	0.10850	0.03710	0.04200	0.04578	0.14823	0.02306	0.02814	0.04208	0.02584	0.07541	0.01822	0.00268	0.00480
14	0.09266	0.00933	0.07206	0.13210	0.29969	0.02464	0.06113	0.04432	0.02453	0.15376	0.00855	0.00994	0.00637	0.00399	0.00412	0.00122	0.04005	0.00343	0.00251	0.00560
15	0.00519	0.00379	0.00528	0.00589	0.00631	0.00361	0.02642	0.00606	0.00756	0.01004	0.02001	0.62105	0.02347	0.08990	0.00637	0.00180	0.00273	0.14788	0.00343	0.00320

[dist]
# distance from previous block
# <min> <max>
1	24

[block]
# block no. 7 follows, 70 sequences, length 19
# corresponding to MSA columns:
# 364-382
name=unknown_H
#
# <colnr> <probs for GDERKNQSTAVLIFYWHMCP>
#	G	D	E	R	K	N	Q	S	T	A	V	L	I	F	Y	W	H	M	C	P
0	0.07893	0.16363	0.01256	0.12126	0.02679	0.06856	0.08142	0.05925	0.00877	0.03025	0.02574	0.01848	0.00644	0.00413	0.01298	0.00107	0.05071	0.00303	0.00223	0.22376
1	0.04343	0.05187	0.04326	0.10337	0.10990	0.01002	0.06505	0.10665	0.14970	0.01335	0.00846	0.01022	0.00679	0.00538	0.01582	0.03695	0.18755	0.00355	0.02359	0.00510
2	0.00562	0.00404	0.00514	0.03967	0.02690	0.00410	0.00361	0.00617	0.00650	0.00865	0.01504	0.16529	0.05627	0.49894	0.09071	0.00322	0.00409	0.05054	0.00263	0.00287
3	0.02531	0.00671	0.07613	0.00750	0.00898	0.00600	0.08522	0.05369	0.03135	0.02981	0.03751	0.38903	0.11300	0.00908	0.02098	0.00153	0.08348	0.00751	0.00311	0.00407
4	0.00473	0.00347	0.00445	0.00518	0.00558	0.00318	0.00351	0.00549	0.00774	0.01018	0.05326	0.72084	0.13479	0.01168	0.00489	0.00153	0.00220	0.01050	0.00362	0.00318
5	0.01173	0.00937	0.00994	0.00831	0.01088	0.01062	0.00664	0.35098	0.49879	0.01958	0.01313	0.01235	0.00969	0.00501	0.00392	0.00125	0.00356	0.00402	0.00392	0.00632
6	0.00695	0.00488	0.00587	0.00568	0.00696	0.00474	0.00443	0.04016	0.09558	0.07093	0.24705	0.10750	0.21122	0.02912	0.00497	0.00144	0.00256	0.14204	0.00388	0.00405
7	0.01726	0.00681	0.00913	0.00700	0.01000	0.00601	0.00578	0.05885	0.01145	0.80180	0.01500	0.01300	0.00945	0.00479	0.00390	0.00120	0.00335	0.00388	0.00475	0.00660
8	0.01101	0.00689	0.00782	0.00658	0.00878	0.00701	0.00523	0.19024	0.16970	0.21571	0.05609	0.05535	0.19424	0.00641	0.00408	0.00124	0.00300	0.00528	0.03996	0.00537
9	0.00879	0.00733	0.00844	0.00610	0.00950	0.00593	0.00490	0.10091	0.00918	0.01395	0.00716	0.00818	0.00584	0.00307	0.00298	0.00064	0.00303	0.00243	0.00247	0.78916
10	0.22649	0.00645	0.00751	0.00612	0.00862	0.00622	0.00498	0.03358	0.00976	0.49640	0.03648	0.05047	0.00976	0.00491	0.00351	0.00119	0.00304	0.00384	0.07514	0.00554
11	0.19250	0.18642	0.01024	0.00662	0.00874	0.00940	0.00529	0.13068	0.06486	0.08216	0.01022	0.02684	0.00921	0.21647	0.02255	0.00198	0.00401	0.00389	0.00300	0.00492
12	0.03536	0.09676	0.13922	0.04491	0.09640	0.03296	0.02588	0.04491	0.02918	0.04062	0.05923	0.05656	0.11609	0.00541	0.01304	0.00117	0.01887	0.00424	0.00258	0.13661
13	0.05278	0.26789	0.34301	0.00900	0.02844	0.02458	0.03433	0.04903	0.00848	0.03515	0.01912	0.01822	0.00622	0.00577	0.06267	0.02002	0.00519	0.00296	0.00199	0.00516
14	0.00954	0.00965	0.01115	0.02207	0.15620	0.18034	0.08266	0.04415	0.10514	0.01208	0.04577	0.01448	0.04458	0.03827	0.07993	0.00178	0.07157	0.04403	0.02183	0.00478
15	0.00586	0.00418	0.00522	0.02978	0.00670	0.00400	0.00399	0.05361	0.00850	0.03982	0.03881	0.53040	0.18778	0.03046	0.01937	0.00160	0.00261	0.02023	0.00356	0.00353
16	0.03019	0.06761	0.17113	0.04794	0.22342	0.05473	0.08799	0.13739	0.01013	0.06165	0.00807	0.01006	0.00634	0.01903	0.00434	0.00124	0.03199	0.01877	0.00236	0.00561
17	0.02480	0.00775	0.02392	0.02256	0.05241	0.08578	0.02040	0.01048	0.09356	0.02695	0.09819	0.05916	0.18586	0.03145	0.11702	0.00214	0.10748	0.00549	0.00311	0.02148
18	0.00504	0.00362	0.00475	0.00537	0.00572	0.00352	0.00371	0.00581	0.00729	0.00974	0.03807	0.55225	0.05516	0.12898	0.09802	0.00237	0.00340	0.06080	0.00328	0.00312

[dist]
# distance from previous block
# <min> <max>
0	2

[block]
# block no. 8 follows, 70 sequences, length 21
# corresponding to MSA columns:
# 385-405
name=unknown_I
#
# <colnr> <probs for GDERKNQSTAVLIFYWHMCP>
#	G	D	E	R	K	N	Q	S	T	A	V	L	I	F	Y	W	H	M	C	P
0	0.00874	0.13026	0.04043	0.05601	0.12781	0.04877	0.03980	0.01053	0.00812	0.01144	0.00732	0.04260	0.00652	0.02028	0.00406	0.00096	0.04853	0.00308	0.00209	0.38265
1	0.00526	0.00388	0.00458	0.00477	0.00555	0.00354	0.00337	0.00636	0.02246	0.02531	0.16453	0.28578	0.30054	0.11995	0.00664	0.00170	0.00234	0.02658	0.00358	0.00329
2	0.08124	0.01033	0.10264	0.12337	0.16767	0.05302	0.06609	0.14785	0.03739	0.09823	0.00880	0.00995	0.01694	0.00408	0.00390	0.00119	0.02105	0.00340	0.00262	0.04025
3	0.01996	0.03308	0.52319	0.08054	0.04857	0.00880	0.05947	0.01269	0.04478	0.07386	0.01754	0.01032	0.00650	0.00409	0.00394	0.00125	0.01892	0.02484	0.00210	0.00554
4	0.00621	0.00424	0.00547	0.00587	0.00686	0.00398	0.00475	0.00759	0.00890	0.06039	0.09110	0.16546	0.21270	0.02653	0.00524	0.00160	0.00284	0.37297	0.00369	0.00360
5	0.01037	0.57654	0.07869	0.03630	0.01099	0.11388	0.00719	0.03086	0.00863	0.02340	0.00828	0.00898	0.06400	0.00396	0.00295	0.00094	0.00448	0.00272	0.00194	0.00489
6	0.00954	0.01031	0.04116	0.13798	0.22073	0.11664	0.20946	0.03678	0.02102	0.01202	0.00777	0.03844	0.00645	0.00392	0.00412	0.00117	0.02447	0.00374	0.00208	0.09221
7	0.00644	0.00500	0.00641	0.00619	0.00695	0.02983	0.00469	0.05669	0.00746	0.01040	0.07201	0.06031	0.01259	0.12687	0.52312	0.00462	0.03404	0.00478	0.01803	0.00357
8	0.00501	0.00370	0.00469	0.00501	0.00568	0.00338	0.00357	0.00618	0.00898	0.01208	0.32027	0.40485	0.16362	0.01020	0.00476	0.00141	0.00208	0.02734	0.00384	0.00336
9	0.01217	0.38192	0.01501	0.00782	0.01087	0.03302	0.00689	0.34896	0.11929	0.01637	0.00837	0.00858	0.00653	0.00414	0.00327	0.00103	0.00412	0.00297	0.00288	0.00578
10	0.05063	0.00428	0.00528	0.00536	0.01727	0.00454	0.00365	0.00688	0.02645	0.00940	0.04885	0.03777	0.06471	0.38969	0.28289	0.01532	0.00562	0.01584	0.00249	0.00308
11	0.00638	0.00350	0.00491	0.00491	0.00501	0.00350	0.00324	0.00526	0.00541	0.00717	0.00955	0.01556	0.05255	0.15495	0.05419	0.65232	0.00368	0.00404	0.00191	0.00196
12	0.01448	0.01848	0.01099	0.00999	0.01199	0.84819	0.00749	0.01548	0.01099	0.00949	0.00599	0.00699	0.00499	0.00400	0.00350	0.00100	0.00699	0.00250	0.00200	0.00449
13	0.00525	0.00378	0.00504	0.00564	0.00621	0.00357	0.00421	0.00645	0.00862	0.01160	0.20917	0.45867	0.04990	0.01078	0.00495	0.00153	0.00245	0.19507	0.00375	0.00337
14	0.00622	0.00444	0.00620	0.00705	0.00794	0.00443	0.00614	0.00800	0.00901	0.01176	0.05357	0.04313	0.02289	0.01060	0.00532	0.00176	0.00350	0.78086	0.00360	0.00357
15	0.12418	0.00666	0.00725	0.00622	0.00837	0.00702	0.00495	0.04863	0.26256	0.23988	0.01326	0.01286	0.00956	0.00471	0.00342	0.00116	0.00285	0.00373	0.22735	0.00539
16	0.00554	0.00415	0.00623	0.00623	0.00692	0.00485	0.00485	0.00692	0.00623	0.00900	0.01038	0.01523	0.00969	0.02908	0.84839	0.00623	0.01038	0.00415	0.00208	0.00346
17	0.01036	0.86609	0.02032	0.00663	0.00995	0.01534	0.00663	0.01161	0.00788	0.00912	0.00539	0.00622	0.00498	0.00332	0.00249	0.00083	0.00415	0.00207	0.00166	0.00498
18	0.00545	0.00385	0.00482	0.00491	0.00521	0.00398	0.00324	0.00598	0.00618	0.00837	0.01425	0.10667	0.06419	0.48331	0.25886	0.00411	0.00543	0.00590	0.00247	0.00281
19	0.01299	0.00806	0.00986	0.05319	0.01102	0.02767	0.00670	0.22454	0.06420	0.29755	0.01115	0.01152	0.00800	0.00712	0.07893	0.00170	0.12637	0.00371	0.03004	0.00570
20	0.85812	0.00746	0.00582	0.00517	0.00759	0.00858	0.00426	0.01168	0.00677	0.04857	0.00577	0.00656	0.00440	0.00364	0.00246	0.00120	0.00301	0.00217	0.00249	0.00429

[dist]
# distance from previous block
# <min> <max>
1	2

[block]
# block no. 9 follows, 70 sequences, length 13
# corresponding to MSA columns:
# 408-420
name=unknown_J
#
# <colnr> <probs for GDERKNQSTAVLIFYWHMCP>
#	G	D	E	R	K	N	Q	S	T	A	V	L	I	F	Y	W	H	M	C	P
0	0.00666	0.00340	0.00499	0.00499	0.00499	0.00340	0.00329	0.00509	0.00509	0.00679	0.00713	0.01276	0.00726	0.07439	0.01548	0.82391	0.00340	0.00353	0.00173	0.00173
1	0.01444	0.06874	0.01222	0.00877	0.01188	0.01225	0.00732	0.77148	0.01753	0.02340	0.00904	0.00910	0.00648	0.00456	0.00378	0.00114	0.00426	0.00339	0.00373	0.00648
2	0.04251	0.09162	0.21810	0.01031	0.04423	0.01032	0.11267	0.23176	0.06961	0.04113	0.00833	0.00918	0.00620	0.00405	0.00397	0.00116	0.03209	0.00329	0.00262	0.05685
3	0.01991	0.00839	0.02868	0.13718	0.30237	0.05479	0.08812	0.01119	0.06571	0.01242	0.11146	0.02732	0.07773	0.00503	0.00420	0.00124	0.01620	0.02053	0.00251	0.00501
4	0.01102	0.00793	0.00871	0.00750	0.00983	0.00870	0.00592	0.11056	0.53157	0.14945	0.03411	0.01562	0.07060	0.00550	0.00399	0.00128	0.00314	0.00453	0.00406	0.00600
5	0.62569	0.02626	0.05136	0.00598	0.00869	0.03014	0.00521	0.02965	0.00788	0.16742	0.00738	0.00773	0.00531	0.00385	0.00280	0.00119	0.00335	0.00251	0.00280	0.00479
6	0.00650	0.00493	0.00699	0.00663	0.00717	0.00591	0.00511	0.00757	0.00630	0.04022	0.01018	0.03630	0.00993	0.14974	0.52345	0.00475	0.15816	0.00440	0.00219	0.00354
7	0.00870	0.00912	0.01541	0.01216	0.01342	0.01121	0.27083	0.01032	0.00697	0.01032	0.00597	0.00912	0.00534	0.00566	0.01011	0.00157	0.58368	0.00377	0.00178	0.00456
8	0.01370	0.00938	0.01023	0.00804	0.01077	0.01019	0.00657	0.61580	0.03903	0.09819	0.01083	0.04240	0.00807	0.00495	0.00380	0.00116	0.00382	0.00385	0.09307	0.00615
9	0.01396	0.01742	0.01220	0.01059	0.01281	0.73592	0.08915	0.04289	0.01105	0.01029	0.00629	0.00742	0.00514	0.00394	0.00362	0.00104	0.00685	0.00274	0.00206	0.00464
10	0.00491	0.00351	0.00471	0.00555	0.00588	0.00330	0.00387	0.00575	0.00773	0.01032	0.05673	0.74201	0.02578	0.01182	0.00497	0.00158	0.00237	0.09238	0.00362	0.00321
11	0.00556	0.00405	0.00570	0.00570	0.00621	0.00456	0.00419	0.00658	0.00607	0.00861	0.01087	0.01791	0.01085	0.24930	0.62975	0.00558	0.00864	0.00455	0.00215	0.00317
12	0.39213	0.07731	0.02554	0.00731	0.04255	0.10515	0.00579	0.10751	0.02451	0.07218	0.03060	0.01991	0.00654	0.00404	0.00305	0.00111	0.00378	0.00281	0.00269	0.06550

[dist]
# distance from previous block
# <min> <max>
2	33

[block]
# block no. 10 follows, 70 sequences, length 11
# corresponding to MSA columns:
# 454-464
name=unknown_K
#
# <colnr> <probs for GDERKNQSTAVLIFYWHMCP>
#	G	D	E	R	K	N	Q	S	T	A	V	L	I	F	Y	W	H	M	C	P
0	0.03027	0.00472	0.00536	0.00570	0.00647	0.03571	0.00408	0.03241	0.03021	0.01093	0.03330	0.53044	0.09137	0.04239	0.03659	0.00172	0.00296	0.05499	0.00338	0.03699
1	0.01303	0.09365	0.01098	0.00817	0.01060	0.26126	0.00658	0.37413	0.01344	0.01689	0.00848	0.00915	0.00650	0.00431	0.00344	0.00104	0.00467	0.00308	0.14527	0.00533
2	0.09645	0.00620	0.00733	0.00608	0.00827	0.00604	0.00488	0.08333	0.06689	0.34298	0.18439	0.01735	0.07376	0.00568	0.00385	0.00119	0.00282	0.00465	0.07259	0.00526
3	0.01140	0.48697	0.05215	0.00856	0.04078	0.08399	0.02854	0.14943	0.00996	0.03858	0.00660	0.00747	0.00546	0.00386	0.00357	0.00100	0.05159	0.00263	0.00218	0.00530
4	0.04972	0.22108	0.07334	0.00861	0.05381	0.06297	0.03121	0.12046	0.06435	0.07761	0.03095	0.05089	0.00898	0.03234	0.04269	0.00146	0.02736	0.03436	0.00270	0.00511
5	0.04573	0.00666	0.00780	0.00645	0.00876	0.02505	0.00517	0.07180	0.11783	0.38854	0.14042	0.01839	0.12858	0.00595	0.00403	0.00123	0.00300	0.00489	0.00422	0.00550
6	0.00514	0.00396	0.00473	0.00473	0.00576	0.00354	0.00360	0.00655	0.00970	0.01278	0.38982	0.08687	0.35847	0.00921	0.00467	0.00133	0.00207	0.07974	0.00389	0.00346
7	0.04023	0.04086	0.10843	0.09849	0.19013	0.07279	0.15513	0.09756	0.03544	0.04301	0.02021	0.02236	0.00678	0.00454	0.02006	0.00131	0.03133	0.00364	0.00231	0.00539
8	0.00730	0.03317	0.00797	0.02475	0.06166	0.02046	0.02126	0.06470	0.02987	0.02909	0.01335	0.03179	0.07091	0.14369	0.31963	0.00352	0.02950	0.08085	0.00258	0.00395
9	0.00544	0.00399	0.00560	0.00603	0.00664	0.00419	0.00464	0.00667	0.00731	0.00996	0.03590	0.24904	0.04646	0.04631	0.36556	0.00366	0.00603	0.18029	0.00292	0.00336
10	0.02934	0.00552	0.01840	0.02570	0.02740	0.02235	0.00459	0.02148	0.12319	0.03024	0.09261	0.18876	0.32648	0.00851	0.00457	0.00135	0.01959	0.02883	0.01707	0.00401

[dist]
# distance from previous block
# <min> <max>
1	3

[block]
# block no. 11 follows, 70 sequences, length 21
# corresponding to MSA columns:
# 468-488
name=unknown_L
#
# <colnr> <probs for GDERKNQSTAVLIFYWHMCP>
#	G	D	E	R	K	N	Q	S	T	A	V	L	I	F	Y	W	H	M	C	P
0	0.46828	0.00849	0.02285	0.02609	0.19230	0.05833	0.02394	0.01144	0.00762	0.03806	0.00742	0.07162	0.00654	0.00439	0.00352	0.00123	0.03755	0.00328	0.00236	0.00469
1	0.00510	0.00391	0.00466	0.00455	0.00557	0.00348	0.00338	0.00653	0.00994	0.01327	0.48382	0.08397	0.33997	0.00891	0.00460	0.00128	0.00191	0.00771	0.00397	0.00348
2	0.01049	0.21036	0.06816	0.02403	0.02517	0.14331	0.00700	0.07895	0.02680	0.05231	0.02153	0.02922	0.02391	0.00431	0.00408	0.00101	0.07694	0.00308	0.00236	0.18698
3	0.01146	0.00854	0.01030	0.04261	0.09240	0.00843	0.00672	0.30078	0.06267	0.09386	0.02122	0.00991	0.00724	0.00400	0.00355	0.00098	0.00366	0.00322	0.00316	0.30527
4	0.01089	0.02542	0.04015	0.20268	0.14024	0.10528	0.09323	0.23140	0.05436	0.01481	0.00797	0.00959	0.00609	0.00414	0.00420	0.00121	0.03692	0.00347	0.00250	0.00546
5	0.00945	0.00912	0.01573	0.07270	0.76406	0.00920	0.03905	0.01180	0.00877	0.01249	0.00729	0.00967	0.00607	0.00347	0.00386	0.00116	0.00470	0.00349	0.00191	0.00600
6	0.00475	0.00364	0.00437	0.00485	0.00554	0.00326	0.00341	0.00565	0.00823	0.01054	0.08455	0.47828	0.33041	0.01095	0.00479	0.00145	0.00214	0.02629	0.00364	0.00324
7	0.00625	0.00471	0.00544	0.01700	0.00660	0.01582	0.00397	0.04396	0.04086	0.03818	0.35810	0.09198	0.29388	0.00847	0.00451	0.00129	0.00228	0.03690	0.01596	0.00382
8	0.00499	0.00358	0.00479	0.00562	0.00600	0.00338	0.00401	0.00589	0.00783	0.01041	0.05482	0.68156	0.04222	0.01170	0.00499	0.00159	0.00243	0.13732	0.00362	0.00324
9	0.89114	0.00750	0.00570	0.00510	0.00750	0.00870	0.00420	0.01140	0.00660	0.01739	0.00540	0.00630	0.00420	0.00360	0.00240	0.00120	0.00300	0.00210	0.00240	0.00420
10	0.00610	0.00433	0.00591	0.00671	0.00758	0.00428	0.00575	0.00778	0.00883	0.01161	0.03442	0.09256	0.06102	0.01048	0.00518	0.00171	0.00332	0.68275	0.03613	0.00353
11	0.01084	0.00680	0.00833	0.00609	0.00940	0.00533	0.00492	0.01250	0.00895	0.26111	0.00941	0.00958	0.00690	0.00345	0.00318	0.00076	0.00300	0.00278	0.00305	0.62363
12	0.03212	0.00692	0.00753	0.00680	0.00862	0.09793	0.00536	0.05299	0.01001	0.33166	0.01646	0.21864	0.03586	0.00737	0.00426	0.00134	0.00346	0.11869	0.02908	0.00490
13	0.00554	0.00415	0.00623	0.00623	0.00692	0.00485	0.00485	0.00692	0.00623	0.00900	0.01038	0.01523	0.00969	0.02908	0.84839	0.00623	0.01038	0.00415	0.00208	0.00346
14	0.81972	0.00742	0.00597	0.00525	0.00769	0.00845	0.00432	0.01201	0.00697	0.08482	0.00621	0.00686	0.00464	0.00370	0.00252	0.00120	0.00302	0.00225	0.00260	0.00439
15	0.00723	0.00675	0.01132	0.81424	0.02571	0.00838	0.01043	0.00978	0.00790	0.01017	0.04619	0.01122	0.00665	0.00407	0.00391	0.00129	0.00501	0.00361	0.00184	0.00428
16	0.36437	0.00804	0.02378	0.00702	0.02971	0.00847	0.02807	0.20470	0.04559	0.06441	0.08628	0.01164	0.04298	0.00464	0.00333	0.00118	0.00332	0.00350	0.02838	0.03061
17	0.00573	0.00397	0.00487	0.00468	0.00483	0.00399	0.02636	0.00590	0.00577	0.00773	0.01200	0.02442	0.01363	0.79625	0.06152	0.00381	0.00418	0.00553	0.00232	0.00249
18	0.06475	0.00941	0.08532	0.04363	0.07943	0.05707	0.00753	0.05092	0.28925	0.07886	0.01106	0.02766	0.00868	0.00735	0.09026	0.00179	0.07488	0.00382	0.00295	0.00538
19	0.19661	0.04504	0.02607	0.02564	0.12606	0.31753	0.00715	0.02372	0.00918	0.05140	0.02009	0.03008	0.04677	0.00459	0.00387	0.00115	0.04476	0.01323	0.00236	0.00470
20	0.00780	0.04655	0.00779	0.00685	0.04807	0.00625	0.00507	0.04094	0.18039	0.04636	0.39102	0.02147	0.05310	0.00639	0.00412	0.00118	0.00264	0.03240	0.00374	0.08790

[dist]
# distance from previous block
# <min> <max>
12	37

[block]
# block no. 12 follows, 70 sequences, length 10
# corresponding to MSA columns:
# 544-553
name=unknown_M
#
# <colnr> <probs for GDERKNQSTAVLIFYWHMCP>
#	G	D	E	R	K	N	Q	S	T	A	V	L	I	F	Y	W	H	M	C	P
