[name]
unknown

[dist]
# distance from previous block
# <min> <max>
0	73

[block]
# block no. 0 follows, 73 sequences, length 12
# corresponding to MSA columns:
# 74-85
name=unknown_A
#
# <colnr> <probs for GDERKNQSTAVLIFYWHMCP>
#	G	D	E	R	K	N	Q	S	T	A	V	L	I	F	Y	W	H	M	C	P
0	0.03913	0.04299	0.03329	0.15409	0.19160	0.11914	0.03775	0.06313	0.04688	0.04200	0.03970	0.01083	0.00748	0.00468	0.02054	0.00123	0.05103	0.02829	0.00229	0.06393
1	0.01003	0.87041	0.01966	0.00642	0.00963	0.01485	0.00642	0.01123	0.00762	0.00883	0.00522	0.00602	0.00481	0.00321	0.00241	0.00080	0.00401	0.00201	0.00160	0.00481
2	0.00846	0.00743	0.00996	0.06225	0.19545	0.04837	0.04706	0.02845	0.20063	0.04715	0.07532	0.11781	0.05016	0.02092	0.03147	0.00144	0.03489	0.00499	0.00291	0.00487
3	0.00517	0.00381	0.00484	0.00462	0.00553	0.00348	0.00345	0.00680	0.01024	0.01424	0.71329	0.05931	0.13515	0.00804	0.00444	0.00120	0.00180	0.00707	0.00403	0.00348
4	0.00688	0.00596	0.00773	0.00739	0.03600	0.02519	0.00542	0.03318	0.00663	0.00932	0.03369	0.08752	0.03833	0.24717	0.13423	0.00274	0.30204	0.00485	0.00223	0.00349
5	0.00530	0.00414	0.00457	0.00441	0.00565	0.00373	0.00332	0.00712	0.06448	0.03252	0.24827	0.05648	0.52913	0.00867	0.00438	0.00125	0.00198	0.00735	0.00371	0.00353
6	0.00963	0.07993	0.15051	0.05566	0.39635	0.08326	0.05082	0.07642	0.00919	0.01232	0.00743	0.00910	0.02067	0.00368	0.00376	0.00112	0.01950	0.00320	0.00197	0.00548
7	0.07554	0.18980	0.07010	0.07888	0.25113	0.21625	0.00873	0.03013	0.02633	0.01122	0.00640	0.00782	0.00527	0.00356	0.00326	0.00104	0.00489	0.00272	0.00191	0.00503
8	0.00491	0.00388	0.00568	0.00585	0.00650	0.00358	0.06774	0.00583	0.00759	0.01000	0.04553	0.66636	0.13096	0.01067	0.00470	0.00146	0.00245	0.00971	0.00338	0.00323
9	0.04865	0.04060	0.07513	0.08490	0.12492	0.07294	0.08237	0.14018	0.01018	0.19243	0.00925	0.03533	0.00705	0.00437	0.00411	0.00118	0.04384	0.01438	0.00279	0.00540
10	0.04678	0.00449	0.00552	0.00526	0.00640	0.00434	0.00394	0.03135	0.02482	0.13579	0.20147	0.21711	0.09711	0.06386	0.06810	0.00178	0.00300	0.02525	0.04978	0.00386
11	0.00998	0.07488	0.02367	0.04643	0.18617	0.10226	0.09723	0.10757	0.15501	0.02354	0.02291	0.02042	0.03079	0.00441	0.00402	0.00115	0.03516	0.01672	0.01921	0.01846

[dist]
# distance from previous block
# <min> <max>
3	18

[block]
# block no. 1 follows, 73 sequences, length 45
# corresponding to MSA columns:
# 105,106,108-150
name=unknown_B
#
# <colnr> <probs for GDERKNQSTAVLIFYWHMCP>
#	G	D	E	R	K	N	Q	S	T	A	V	L	I	F	Y	W	H	M	C	P
0	0.00838	0.00835	0.01326	0.41059	0.10421	0.07208	0.18563	0.03778	0.00864	0.02442	0.02057	0.01194	0.06933	0.00412	0.00393	0.00121	0.00503	0.00390	0.00204	0.00458
1	0.02934	0.00739	0.00822	0.02123	0.06827	0.08150	0.01716	0.06269	0.04556	0.01255	0.07245	0.10941	0.03747	0.02083	0.01624	0.00109	0.01412	0.01959	0.00267	0.35220
2	0.00963	0.04742	0.08055	0.02946	0.04851	0.07161	0.09732	0.10340	0.21758	0.06016	0.12762	0.03276	0.01210	0.01883	0.00425	0.00123	0.01741	0.01194	0.00306	0.00516
3	0.00921	0.00756	0.02029	0.00857	0.12096	0.03185	0.02552	0.06269	0.00894	0.08783	0.02711	0.03955	0.01637	0.00368	0.00325	0.00081	0.00331	0.00311	0.00256	0.51680
4	0.00856	0.00942	0.01969	0.01458	0.03680	0.00907	0.68441	0.01162	0.02847	0.01202	0.03580	0.03681	0.00743	0.00381	0.00477	0.00128	0.04857	0.00459	0.01737	0.00491
5	0.00922	0.11270	0.03870	0.08283	0.07018	0.09085	0.01949	0.02656	0.03209	0.04185	0.00702	0.00820	0.00566	0.00331	0.00320	0.00082	0.01417	0.00259	0.00217	0.42839
6	0.00542	0.00357	0.00415	0.00438	0.00508	0.00335	0.00313	0.00658	0.00806	0.01158	0.14670	0.26522	0.17288	0.07399	0.00519	0.00142	0.00210	0.03200	0.24198	0.00322
7	0.00870	0.02312	0.04737	0.03904	0.12924	0.08001	0.10555	0.06699	0.15290	0.02955	0.04895	0.16205	0.01194	0.06246	0.01392	0.00144	0.00412	0.00510	0.00279	0.00476
8	0.00500	0.00374	0.00439	0.00447	0.00541	0.00332	0.00329	0.00618	0.00892	0.02262	0.28099	0.20204	0.37713	0.00922	0.00446	0.00129	0.00196	0.02544	0.02681	0.00331
9	0.01280	0.06535	0.01106	0.00818	0.01097	0.01119	0.00674	0.58966	0.19254	0.02080	0.01017	0.00998	0.00743	0.00454	0.00366	0.00113	0.00383	0.00348	0.02037	0.00613
10	0.00597	0.00407	0.00519	0.00543	0.00626	0.00387	0.00404	0.00771	0.06052	0.06353	0.20433	0.38949	0.10416	0.00959	0.00460	0.00141	0.00233	0.11018	0.00372	0.00361
11	0.02148	0.14547	0.12619	0.02504	0.11486	0.07265	0.06072	0.07945	0.08893	0.03779	0.00851	0.01041	0.01840	0.04858	0.03675	0.06248	0.03186	0.00333	0.00225	0.00486
12	0.00529	0.00384	0.00500	0.00555	0.00616	0.00374	0.00427	0.00636	0.00765	0.00999	0.03828	0.25977	0.12875	0.12779	0.07117	0.00218	0.00339	0.30446	0.00321	0.00314
13	0.09829	0.04845	0.05286	0.07344	0.21394	0.13919	0.04309	0.11361	0.04152	0.05934	0.04488	0.01968	0.02732	0.00417	0.00356	0.00112	0.00444	0.00343	0.00250	0.00515
14	0.00992	0.00806	0.00867	0.00767	0.00982	0.00925	0.00601	0.04966	0.74137	0.06375	0.01478	0.01361	0.01099	0.00508	0.00400	0.00127	0.02218	0.00416	0.00381	0.00594
15	0.01106	0.65391	0.01744	0.00714	0.01013	0.14208	0.00662	0.09465	0.00909	0.01038	0.00569	0.00643	0.00498	0.00344	0.00269	0.00086	0.00444	0.00221	0.00187	0.00490
16	0.00532	0.00365	0.00408	0.00410	0.00426	0.00357	0.00239	0.00548	0.00596	0.00782	0.03363	0.04316	0.10874	0.73362	0.01681	0.00327	0.00337	0.00587	0.00248	0.00242
17	0.06631	0.00898	0.04722	0.07741	0.10523	0.05722	0.03392	0.18077	0.08931	0.13607	0.00948	0.03436	0.00740	0.02740	0.00512	0.03077	0.07128	0.00363	0.00288	0.00524
18	0.00933	0.04168	0.10653	0.10760	0.44418	0.00878	0.09559	0.02933	0.00868	0.06511	0.00773	0.00998	0.00615	0.00362	0.00374	0.00114	0.00467	0.01878	0.00206	0.02532
19	0.01509	0.00750	0.00915	0.00709	0.00985	0.00734	0.00583	0.28310	0.01285	0.50756	0.04354	0.01217	0.00932	0.00470	0.00374	0.00114	0.00338	0.00374	0.04679	0.00614
20	0.13446	0.00962	0.01020	0.00792	0.01082	0.01054	0.00654	0.63329	0.01537	0.11084	0.00911	0.00901	0.00638	0.00438	0.00356	0.00113	0.00386	0.00324	0.00365	0.00607
21	0.00970	0.05876	0.19489	0.09042	0.05782	0.01927	0.05732	0.09571	0.03978	0.15471	0.06680	0.08201	0.04629	0.00507	0.00383	0.00119	0.00409	0.00433	0.00286	0.00515
22	0.02452	0.03044	0.02180	0.00841	0.02823	0.14718	0.02354	0.14310	0.41469	0.02715	0.01232	0.06637	0.00999	0.00515	0.00377	0.00121	0.00389	0.01950	0.00329	0.00544
23	0.01003	0.87041	0.01966	0.00642	0.00963	0.01485	0.00642	0.01123	0.00762	0.00883	0.00522	0.00602	0.00481	0.00321	0.00241	0.00080	0.00401	0.00201	0.00160	0.00481
24	0.01037	0.59667	0.07582	0.00755	0.01044	0.15366	0.00723	0.01172	0.00799	0.00912	0.00540	0.00646	0.00482	0.00362	0.00348	0.00093	0.07611	0.00223	0.00166	0.00473
25	0.00457	0.00326	0.00435	0.00522	0.00544	0.00305	0.00348	0.00522	0.00718	0.00958	0.02068	0.86570	0.02481	0.01175	0.00479	0.00152	0.00218	0.01067	0.00348	0.00305
26	0.00991	0.02039	0.01338	0.14522	0.42010	0.06033	0.03498	0.14032	0.02844	0.01338	0.00732	0.00919	0.00585	0.00372	0.00393	0.00112	0.03054	0.00327	0.00218	0.04642
27	0.00653	0.02583	0.02249	0.00740	0.06375	0.02317	0.00543	0.00788	0.00651	0.04004	0.00966	0.01409	0.00892	0.07316	0.61565	0.00481	0.04612	0.00391	0.01095	0.00370
28	0.01372	0.01024	0.01095	0.00852	0.01143	0.01138	0.00700	0.74245	0.10832	0.02277	0.00970	0.00956	0.00694	0.00457	0.00376	0.00114	0.00400	0.00347	0.00376	0.00633
29	0.00456	0.00339	0.00425	0.00491	0.00537	0.00308	0.00335	0.00530	0.00755	0.00983	0.04438	0.67102	0.19696	0.01118	0.00471	0.00146	0.00211	0.00999	0.00350	0.00308
30	0.01381	0.06220	0.01110	0.00950	0.01150	0.80951	0.00721	0.01479	0.01048	0.00916	0.00577	0.00673	0.00483	0.00383	0.00333	0.00096	0.00662	0.00240	0.00192	0.00437
31	0.00536	0.00402	0.00603	0.00603	0.00670	0.00469	0.00469	0.00670	0.00603	0.00871	0.01005	0.01474	0.00938	0.02814	0.85328	0.00603	0.01005	0.00402	0.00201	0.00335
32	0.01658	0.03847	0.00911	0.00667	0.00958	0.00586	0.00555	0.01802	0.01062	0.81620	0.01445	0.01252	0.00912	0.00459	0.00372	0.00115	0.00322	0.00371	0.00453	0.00633
33	0.00618	0.00461	0.00578	0.00555	0.02433	0.00452	0.00407	0.02644	0.10772	0.02628	0.65844	0.04148	0.05538	0.00730	0.00432	0.00120	0.00205	0.00641	0.00401	0.00395
34	0.00462	0.00374	0.00412	0.00429	0.00532	0.00324	0.00319	0.00564	0.00851	0.01055	0.10841	0.17758	0.58658	0.00976	0.00453	0.00133	0.00202	0.04985	0.00354	0.00320
35	0.01274	0.00902	0.00969	0.00767	0.01026	0.00991	0.00626	0.58429	0.10763	0.05668	0.01044	0.01047	0.00755	0.00456	0.00359	0.00111	0.00361	0.00351	0.13513	0.00590
36	0.00940	0.05107	0.03240	0.43220	0.14838	0.15720	0.02863	0.07617	0.00906	0.01112	0.00671	0.00901	0.00523	0.00372	0.00363	0.00115	0.00515	0.00313	0.00191	0.00474
37	0.05199	0.34287	0.07547	0.00918	0.06399	0.26332	0.02318	0.07039	0.00919	0.01086	0.00592	0.00698	0.00498	0.00370	0.00345	0.00099	0.04431	0.00247	0.00191	0.00485
38	0.00484	0.00375	0.00436	0.00438	0.00533	0.00333	0.00322	0.00602	0.00898	0.01169	0.31452	0.13265	0.40939	0.04383	0.00508	0.00137	0.00200	0.02834	0.00366	0.00325
39	0.04623	0.00765	0.03559	0.03917	0.05676	0.00793	0.00649	0.19606	0.20419	0.09746	0.01340	0.15210	0.01197	0.00625	0.00422	0.00130	0.02516	0.07947	0.00342	0.00519
40	0.02276	0.11225	0.14887	0.08715	0.18979	0.14840	0.08783	0.07780	0.02244	0.03073	0.02437	0.00888	0.00610	0.00374	0.00364	0.00110	0.01375	0.00312	0.00208	0.00519
41	0.00579	0.00513	0.05211	0.01763	0.01771	0.00500	0.00454	0.00665	0.00625	0.00870	0.03341	0.10906	0.02155	0.37381	0.21291	0.00346	0.08727	0.02359	0.00231	0.00311
42	0.00584	0.00514	0.07229	0.00533	0.00647	0.00408	0.00437	0.00738	0.01931	0.03795	0.31421	0.12950	0.11117	0.16023	0.00701	0.00171	0.00268	0.08260	0.01925	0.00349
43	0.04981	0.11676	0.22572	0.05196	0.19835	0.10170	0.06024	0.06198	0.03897	0.04953	0.00731	0.00852	0.00561	0.00365	0.00347	0.00111	0.00487	0.00300	0.00209	0.00536
44	0.03347	0.00988	0.02468	0.02080	0.21900	0.11523	0.05052	0.19785	0.10006	0.06420	0.00949	0.04713	0.01554	0.00438	0.00383	0.00112	0.01778	0.00367	0.00278	0.05857

[dist]
# distance from previous block
# <min> <max>
1	4

[block]
# block no. 2 follows, 73 sequences, length 14
# corresponding to MSA columns:
# 155-168
name=unknown_C
#
# <colnr> <probs for GDERKNQSTAVLIFYWHMCP>
#	G	D	E	R	K	N	Q	S	T	A	V	L	I	F	Y	W	H	M	C	P
0	0.01207	0.12471	0.03357	0.05632	0.03950	0.46446	0.02941	0.10826	0.01058	0.01134	0.02972	0.00864	0.02683	0.00402	0.00340	0.00100	0.00554	0.00287	0.00218	0.02558
1	0.00577	0.00380	0.00497	0.00493	0.00507	0.00406	0.00326	0.00572	0.00550	0.00752	0.01021	0.04142	0.01109	0.44386	0.18699	0.20743	0.03917	0.00471	0.00208	0.00244
2	0.15764	0.03437	0.02954	0.06097	0.35165	0.02849	0.04018	0.03247	0.00817	0.02439	0.02913	0.05656	0.04424	0.00488	0.01434	0.01734	0.04016	0.00376	0.00221	0.01950
3	0.03677	0.08785	0.01148	0.00832	0.01104	0.08948	0.00687	0.57085	0.06780	0.01962	0.00883	0.02751	0.00673	0.00455	0.00379	0.00111	0.02492	0.00334	0.00330	0.00583
4	0.00481	0.00417	0.04160	0.00507	0.00581	0.00341	0.00378	0.00581	0.00788	0.01043	0.13330	0.51907	0.18715	0.04307	0.00516	0.00149	0.00227	0.00905	0.00344	0.00322
5	0.33886	0.00920	0.15474	0.02375	0.00973	0.04343	0.04328	0.04347	0.00788	0.03317	0.05506	0.02554	0.05219	0.05901	0.02635	0.00147	0.02461	0.02003	0.02395	0.00428
6	0.04613	0.10188	0.08059	0.04171	0.08590	0.21368	0.05663	0.12089	0.07560	0.05190	0.00791	0.02255	0.00630	0.00460	0.01937	0.00121	0.05250	0.00317	0.00239	0.00510
7	0.00519	0.00364	0.00451	0.00489	0.00555	0.00331	0.00345	0.00607	0.00797	0.04188	0.10944	0.46379	0.22174	0.05892	0.00545	0.00154	0.00224	0.04366	0.00352	0.00323
8	0.24200	0.00834	0.00828	0.00683	0.00934	0.08648	0.00551	0.15194	0.06083	0.32909	0.01080	0.04758	0.00785	0.00459	0.00341	0.00116	0.00355	0.00346	0.00354	0.00542
9	0.00892	0.07976	0.17501	0.25150	0.09995	0.09503	0.06941	0.07413	0.00889	0.01156	0.02939	0.02187	0.00638	0.00453	0.02391	0.00128	0.02833	0.00332	0.00197	0.00486
10	0.03386	0.07479	0.06323	0.07632	0.07627	0.09013	0.05665	0.19039	0.02275	0.13546	0.00903	0.01104	0.00707	0.03235	0.00462	0.00124	0.05326	0.03415	0.02216	0.00523
11	0.00531	0.00390	0.00472	0.00476	0.00567	0.00357	0.00347	0.00688	0.04040	0.03290	0.34907	0.25205	0.25523	0.00909	0.00449	0.00130	0.00199	0.00796	0.00378	0.00347
12	0.06093	0.00668	0.00796	0.05539	0.02101	0.00719	0.00555	0.24033	0.03836	0.11036	0.10363	0.11110	0.02559	0.08701	0.02867	0.00160	0.03865	0.03174	0.01355	0.00468
13	0.03832	0.09344	0.13564	0.05335	0.10144	0.13079	0.07660	0.16647	0.04413	0.02564	0.02264	0.01852	0.00641	0.00416	0.00419	0.00115	0.06634	0.00324	0.00233	0.00521

[dist]
# distance from previous block
# <min> <max>
11	24

[block]
# block no. 3 follows, 73 sequences, length 6
# corresponding to MSA columns:
# 197-202
name=unknown_D
#
# <colnr> <probs for GDERKNQSTAVLIFYWHMCP>
#	G	D	E	R	K	N	Q	S	T	A	V	L	I	F	Y	W	H	M	C	P
0	0.04822	0.07251	0.08039	0.03850	0.21967	0.05265	0.05872	0.08121	0.17010	0.03418	0.04359	0.01100	0.02108	0.00423	0.00381	0.00115	0.02431	0.00356	0.02576	0.00535
1	0.00733	0.00488	0.00663	0.00587	0.00729	0.00459	0.05755	0.03550	0.04504	0.11678	0.33565	0.12701	0.13832	0.00746	0.00427	0.00124	0.00249	0.03471	0.05332	0.00407
2	0.00957	0.06075	0.12748	0.04812	0.20557	0.07798	0.16534	0.07946	0.09609	0.02816	0.00955	0.02631	0.04040	0.00410	0.00379	0.00116	0.00479	0.00374	0.00232	0.00533
3	0.04593	0.00837	0.06537	0.00801	0.05241	0.03317	0.00637	0.22233	0.07312	0.19339	0.03492	0.09121	0.01009	0.04062	0.00470	0.00129	0.03821	0.00427	0.06096	0.00528
4	0.03214	0.07485	0.07511	0.06289	0.08916	0.07429	0.05848	0.04550	0.06080	0.03800	0.02322	0.07806	0.00823	0.03638	0.00403	0.00110	0.00397	0.00367	0.00239	0.22775
5	0.01030	0.07575	0.10600	0.05669	0.24473	0.14920	0.04140	0.08020	0.07870	0.04162	0.00824	0.01035	0.00670	0.00415	0.00397	0.00115	0.03666	0.03660	0.00229	0.00530

[dist]
# distance from previous block
# <min> <max>
2	7

[block]
# block no. 4 follows, 73 sequences, length 6
# corresponding to MSA columns:
# 210-215
name=unknown_E
#
# <colnr> <probs for GDERKNQSTAVLIFYWHMCP>
#	G	D	E	R	K	N	Q	S	T	A	V	L	I	F	Y	W	H	M	C	P
0	0.00584	0.00433	0.00498	0.00476	0.00594	0.00402	0.00359	0.03759	0.04942	0.04204	0.29005	0.09152	0.37162	0.03844	0.00491	0.00134	0.00216	0.03010	0.00371	0.00362
1	0.04484	0.03873	0.24757	0.06727	0.03980	0.00945	0.03419	0.25100	0.09687	0.04002	0.01000	0.02836	0.04180	0.00451	0.00392	0.00119	0.02869	0.00358	0.00271	0.00548
2	0.02661	0.00436	0.00538	0.00514	0.00618	0.00433	0.00386	0.04152	0.02480	0.07288	0.17699	0.12584	0.15519	0.04828	0.17265	0.04296	0.00387	0.00593	0.06961	0.00362
3	0.00803	0.00877	0.16102	0.04516	0.07814	0.00691	0.07557	0.06808	0.11079	0.05510	0.15138	0.05603	0.10742	0.00560	0.00397	0.00120	0.00360	0.00490	0.04353	0.00481
4	0.00566	0.00442	0.00537	0.00556	0.02627	0.00431	0.00403	0.03118	0.07760	0.01197	0.21381	0.19040	0.25682	0.03005	0.06218	0.00170	0.00283	0.05870	0.00350	0.00363
5	0.06528	0.07851	0.05271	0.03089	0.01057	0.21171	0.03366	0.13883	0.03579	0.03693	0.05559	0.02890	0.04593	0.01848	0.02792	0.00132	0.08467	0.01551	0.02216	0.00463

[dist]
# distance from previous block
# <min> <max>
2	29

[block]
# block no. 5 follows, 73 sequences, length 38
# corresponding to MSA columns:
# 245-282
name=unknown_F
#
# <colnr> <probs for GDERKNQSTAVLIFYWHMCP>
#	G	D	E	R	K	N	Q	S	T	A	V	L	I	F	Y	W	H	M	C	P
0	0.02579	0.06348	0.03794	0.00760	0.00966	0.09528	0.06098	0.04010	0.08971	0.01236	0.05340	0.12990	0.06357	0.06824	0.05872	0.00173	0.01390	0.00500	0.00294	0.15969
1	0.04832	0.62523	0.03135	0.01997	0.02973	0.08053	0.00650	0.01143	0.02373	0.02184	0.00690	0.00779	0.03121	0.00454	0.03650	0.00109	0.00438	0.00244	0.00183	0.00471
2	0.00708	0.00767	0.11179	0.07526	0.08308	0.00670	0.04824	0.02644	0.16469	0.01204	0.09027	0.14945	0.08080	0.05649	0.03242	0.00158	0.02412	0.01458	0.00285	0.00446
3	0.00498	0.00366	0.00448	0.00466	0.00535	0.00342	0.00332	0.00591	0.00800	0.01061	0.19641	0.24362	0.25224	0.09888	0.07086	0.03041	0.00282	0.02698	0.02030	0.00310
4	0.00841	0.00770	0.02019	0.15143	0.11651	0.09322	0.03336	0.06936	0.04963	0.04263	0.12805	0.11331	0.06187	0.00649	0.02425	0.00135	0.04258	0.02237	0.00279	0.00447
5	0.00468	0.00372	0.00416	0.00422	0.00520	0.00325	0.00307	0.00573	0.00869	0.01101	0.20901	0.15573	0.51782	0.04058	0.00502	0.00137	0.00198	0.00799	0.00358	0.00320
6	0.04971	0.03781	0.05353	0.06623	0.12016	0.16821	0.04180	0.23666	0.03270	0.04152	0.00766	0.01750	0.00602	0.00469	0.01908	0.00124	0.08450	0.00321	0.00252	0.00524
7	0.31427	0.10647	0.03329	0.01954	0.09398	0.31523	0.00671	0.04992	0.00884	0.01281	0.00585	0.00688	0.00475	0.00363	0.00297	0.00105	0.00473	0.00240	0.00209	0.00459
8	0.00465	0.00337	0.00432	0.00505	0.00538	0.00313	0.00341	0.00532	0.00726	0.00954	0.02197	0.70512	0.11122	0.06248	0.00561	0.00163	0.00227	0.03180	0.00341	0.00302
9	0.03671	0.03061	0.07641	0.20596	0.33477	0.08086	0.08118	0.04651	0.03096	0.01191	0.00704	0.00912	0.00559	0.00365	0.00386	0.00116	0.02333	0.00326	0.00194	0.00520
10	0.00588	0.00391	0.00502	0.00533	0.00602	0.00368	0.00382	0.03934	0.00852	0.05983	0.15522	0.54933	0.07107	0.01008	0.00459	0.00141	0.00228	0.04389	0.01729	0.00349
11	0.00612	0.02686	0.00566	0.00560	0.00626	0.05034	0.00395	0.06081	0.00813	0.01062	0.07183	0.53616	0.02089	0.12094	0.00640	0.00169	0.00282	0.03643	0.00324	0.01526
12	0.00966	0.00782	0.00834	0.00745	0.00957	0.00894	0.00581	0.01949	0.76641	0.06086	0.01515	0.01393	0.01128	0.00504	0.00378	0.00125	0.00294	0.00419	0.03220	0.00588
13	0.00463	0.00357	0.00430	0.00467	0.00539	0.00324	0.00331	0.00555	0.00797	0.01025	0.10320	0.41610	0.34215	0.01147	0.05459	0.00166	0.00250	0.00885	0.00346	0.00316
14	0.00447	0.00378	0.00387	0.00390	0.00510	0.00318	0.00290	0.00544	0.00856	0.01029	0.06652	0.07331	0.77683	0.00954	0.00445	0.00128	0.00191	0.00800	0.00351	0.00318
15	0.89465	0.00726	0.00551	0.00493	0.00726	0.00842	0.00406	0.01103	0.00638	0.01683	0.00522	0.00609	0.00406	0.00348	0.00232	0.00116	0.00290	0.00203	0.00232	0.00406
16	0.00516	0.00382	0.00484	0.00462	0.00554	0.00350	0.00346	0.00678	0.01014	0.01406	0.68680	0.04852	0.15431	0.00847	0.02228	0.00130	0.00197	0.00699	0.00397	0.00347
17	0.00628	0.00507	0.00493	0.00483	0.00509	0.08678	0.00301	0.00651	0.00602	0.00761	0.01105	0.02181	0.01234	0.69785	0.10278	0.00362	0.00460	0.00501	0.00221	0.00259
18	0.00977	0.03791	0.00952	0.00885	0.07587	0.07747	0.00643	0.02723	0.58317	0.03546	0.01372	0.01311	0.03604	0.00489	0.00392	0.00121	0.02342	0.00397	0.00336	0.02469
19	0.02825	0.00498	0.06320	0.00467	0.00524	0.00427	0.00327	0.00650	0.03198	0.00822	0.01248	0.02306	0.04664	0.72359	0.01651	0.00323	0.00366	0.00524	0.00232	0.00270
20	0.00752	0.01941	0.84871	0.01069	0.01624	0.00871	0.01386	0.01188	0.00792	0.01188	0.00673	0.00792	0.00475	0.00356	0.00356	0.00119	0.00554	0.00277	0.00158	0.00554
21	0.00709	0.00667	0.01125	0.85913	0.02584	0.00834	0.01042	0.00959	0.00750	0.00959	0.00667	0.01000	0.00500	0.00375	0.00375	0.00125	0.00500	0.00333	0.00167	0.00417
22	0.00495	0.00404	0.02966	0.02849	0.01728	0.00363	0.00408	0.00584	0.00718	0.00961	0.03665	0.60759	0.05968	0.08386	0.05852	0.00194	0.00300	0.02764	0.00318	0.00317
23	0.00974	0.01005	0.02803	0.07035	0.09379	0.09096	0.45232	0.01236	0.02367	0.07430	0.00783	0.00992	0.00598	0.00427	0.02452	0.00135	0.06953	0.00389	0.00210	0.00502
24	0.00866	0.00866	0.04006	0.23994	0.60621	0.00876	0.01130	0.01102	0.00825	0.01155	0.00695	0.00943	0.00566	0.00346	0.00372	0.00115	0.00463	0.00332	0.00180	0.00547
25	0.00886	0.01012	0.02214	0.01581	0.01961	0.00949	0.83112	0.01202	0.00886	0.01202	0.00759	0.01012	0.00569	0.00316	0.00443	0.00127	0.00633	0.00443	0.00190	0.00506
26	0.00727	0.00661	0.00714	0.00730	0.07722	0.10619	0.00499	0.03824	0.02556	0.01026	0.02845	0.01731	0.13658	0.14244	0.26565	0.00294	0.00565	0.00441	0.00242	0.10337
27	0.00538	0.00388	0.00485	0.00463	0.00562	0.00351	0.00349	0.00695	0.01009	0.03175	0.62747	0.04960	0.19707	0.00812	0.00444	0.00122	0.00187	0.02259	0.00398	0.00351
28	0.00959	0.23018	0.04138	0.01996	0.00963	0.07368	0.00609	0.15947	0.17069	0.01396	0.12886	0.03650	0.07452	0.00521	0.00356	0.00109	0.00359	0.00411	0.00299	0.00494
29	0.00472	0.00350	0.00431	0.00475	0.00528	0.00319	0.00326	0.00556	0.00789	0.01037	0.15018	0.48989	0.20880	0.07320	0.00570	0.00157	0.00216	0.00907	0.00349	0.00309
30	0.03829	0.56000	0.06421	0.00812	0.05939	0.10089	0.00717	0.05729	0.05458	0.01069	0.00624	0.00701	0.00531	0.00349	0.00280	0.00092	0.00433	0.00237	0.00192	0.00500
31	0.00465	0.00356	0.00421	0.00462	0.00530	0.00319	0.00325	0.00548	0.00787	0.01002	0.07013	0.41702	0.35456	0.05554	0.00539	0.00152	0.00216	0.03498	0.00345	0.00309
32	0.00981	0.17118	0.10530	0.04996	0.11490	0.04592	0.04539	0.15987	0.10442	0.02632	0.04447	0.01152	0.06202	0.00447	0.00381	0.00112	0.02811	0.00359	0.00258	0.00525
33	0.00493	0.00369	0.00450	0.00492	0.00560	0.00340	0.00361	0.00587	0.00792	0.01017	0.08157	0.31743	0.27805	0.10109	0.00624	0.00168	0.00244	0.15039	0.00339	0.00311
34	0.02502	0.06336	0.09613	0.00968	0.15170	0.01993	0.01484	0.06901	0.04026	0.01241	0.02300	0.03776	0.01436	0.02565	0.05248	0.01054	0.03517	0.01791	0.00229	0.27850
35	0.00640	0.00465	0.00621	0.00695	0.08792	0.01935	0.00457	0.02467	0.02281	0.02353	0.17543	0.13397	0.12940	0.01086	0.07414	0.21820	0.00338	0.04136	0.00288	0.00334
36	0.04293	0.14765	0.07806	0.00938	0.11603	0.10332	0.02480	0.06041	0.03976	0.08578	0.01726	0.04388	0.00727	0.00408	0.00341	0.00099	0.01248	0.01778	0.00244	0.18231
37	0.05310	0.06839	0.04260	0.07881	0.21906	0.04797	0.06340	0.06721	0.05738	0.03089	0.02373	0.04802	0.01563	0.05962	0.00486	0.00130	0.02703	0.02942	0.00237	0.05921

[dist]
# distance from previous block
# <min> <max>
0	14

[block]
# block no. 6 follows, 73 sequences, length 19
# corresponding to MSA columns:
# 297-315
name=unknown_G
#
# <colnr> <probs for GDERKNQSTAVLIFYWHMCP>
#	G	D	E	R	K	N	Q	S	T	A	V	L	I	F	Y	W	H	M	C	P
0	0.00999	0.16830	0.06290	0.04433	0.09009	0.12816	0.01381	0.09336	0.02121	0.05068	0.05020	0.01121	0.00807	0.04832	0.01655	0.00131	0.10814	0.03090	0.00233	0.04016
1	0.00669	0.00515	0.00602	0.00577	0.02519	0.03550	0.00412	0.02417	0.02370	0.05034	0.13839	0.23172	0.09982	0.08762	0.08142	0.00181	0.00335	0.00621	0.00309	0.15992
2	0.01029	0.23046	0.02475	0.03111	0.03658	0.14377	0.02742	0.16449	0.01882	0.01252	0.00818	0.07575	0.01501	0.01631	0.01565	0.00110	0.03147	0.00338	0.00237	0.13056
3	0.00548	0.00414	0.00511	0.00501	0.00583	0.00424	0.00371	0.01842	0.03788	0.01061	0.14977	0.06642	0.22641	0.13240	0.25130	0.00295	0.02104	0.00594	0.03999	0.00333
4	0.00929	0.05080	0.01276	0.16510	0.16823	0.06026	0.09636	0.08896	0.00869	0.04168	0.00737	0.00992	0.00610	0.02941	0.07199	0.00165	0.13338	0.00342	0.00210	0.03253
5	0.03973	0.08178	0.09225	0.05764	0.25571	0.03476	0.10593	0.08606	0.04048	0.02782	0.01749	0.05949	0.04462	0.00450	0.00374	0.00116	0.00437	0.02190	0.00235	0.01824
6	0.00517	0.00392	0.00448	0.00446	0.00553	0.00349	0.00330	0.00658	0.03338	0.03417	0.24527	0.16782	0.45063	0.00913	0.00445	0.00128	0.00198	0.00785	0.00369	0.00341
7	0.03539	0.00474	0.00517	0.00484	0.00623	0.00454	0.00371	0.06019	0.07248	0.04929	0.17483	0.07489	0.41103	0.00796	0.00417	0.00123	0.00222	0.01946	0.05378	0.00384
8	0.03001	0.29998	0.15837	0.01874	0.08071	0.12023	0.03652	0.10175	0.00943	0.07564	0.00700	0.00789	0.00549	0.00400	0.01406	0.00109	0.01899	0.00273	0.00216	0.00522
9	0.02823	0.22223	0.10139	0.04088	0.12402	0.12011	0.05383	0.10954	0.04319	0.05132	0.04488	0.00980	0.02688	0.00401	0.00341	0.00106	0.00452	0.00319	0.00235	0.00517
10	0.00565	0.00414	0.00502	0.00476	0.00581	0.00390	0.00358	0.00787	0.07019	0.02607	0.56090	0.05896	0.17809	0.00779	0.00431	0.00120	0.00192	0.00677	0.03940	0.00367
11	0.04059	0.00589	0.00684	0.00637	0.03304	0.03192	0.00476	0.07044	0.09435	0.07748	0.38164	0.02013	0.07239	0.00686	0.01918	0.01614	0.05131	0.00522	0.05117	0.00430
12	0.02487	0.17466	0.15817	0.02576	0.08882	0.11649	0.04127	0.15935	0.06191	0.05260	0.02662	0.03788	0.00719	0.00418	0.00347	0.00109	0.00457	0.00330	0.00247	0.00531
13	0.00572	0.00422	0.00579	0.00567	0.00617	0.00482	0.00419	0.02300	0.00616	0.00877	0.01052	0.03378	0.01056	0.25120	0.53572	0.00487	0.04913	0.00448	0.02206	0.00316
14	0.00530	0.00392	0.00497	0.00488	0.00572	0.00369	0.00359	0.00721	0.04701	0.01376	0.60310	0.17710	0.08879	0.00841	0.00446	0.00125	0.00191	0.00744	0.00396	0.00353
15	0.00794	0.07477	0.74286	0.01051	0.01577	0.00923	0.03842	0.03714	0.00823	0.01205	0.00673	0.00790	0.00484	0.00356	0.00352	0.00116	0.00542	0.00279	0.00166	0.00551
16	0.04728	0.03268	0.03027	0.05094	0.07736	0.32508	0.05911	0.16541	0.02649	0.10359	0.00812	0.02858	0.00631	0.00419	0.00373	0.00110	0.01882	0.00321	0.00261	0.00513
17	0.01404	0.03417	0.01081	0.00814	0.01103	0.01056	0.00672	0.62414	0.07199	0.13896	0.01020	0.00988	0.00715	0.00452	0.00370	0.00113	0.00387	0.00346	0.01926	0.00626
18	0.01264	0.04293	0.04084	0.00981	0.02514	0.57473	0.05846	0.05712	0.05472	0.02919	0.00761	0.00968	0.00638	0.00427	0.00358	0.00106	0.00596	0.04899	0.00225	0.00466

[dist]
# distance from previous block
# <min> <max>
0	1

[block]
# block no. 7 follows, 73 sequences, length 12
# corresponding to MSA columns:
# 317-328
name=unknown_H
#
# <colnr> <probs for GDERKNQSTAVLIFYWHMCP>
#	G	D	E	R	K	N	Q	S	T	A	V	L	I	F	Y	W	H	M	C	P
0	0.00544	0.00368	0.00433	0.00433	0.00441	0.00377	0.00257	0.00561	0.00553	0.00745	0.01160	0.02335	0.01312	0.76496	0.12156	0.00393	0.00442	0.00528	0.00224	0.00241
1	0.00877	0.00833	0.01402	0.02102	0.75364	0.00828	0.01061	0.01084	0.00847	0.01199	0.00942	0.05972	0.04993	0.00414	0.00381	0.00115	0.00420	0.00400	0.00203	0.00563
2	0.00933	0.00806	0.00848	0.00764	0.00976	0.00933	0.00594	0.01994	0.83797	0.01569	0.01527	0.01400	0.01145	0.00509	0.00382	0.00127	0.00297	0.00424	0.00382	0.00594
3	0.00578	0.00396	0.00505	0.00470	0.00574	0.00359	0.00355	0.00743	0.01036	0.05659	0.69729	0.02829	0.13799	0.00775	0.00439	0.00119	0.00186	0.00678	0.00407	0.00364
4	0.00752	0.01941	0.84871	0.01069	0.01624	0.00871	0.01386	0.01188	0.00792	0.01188	0.00673	0.00792	0.00475	0.00356	0.00356	0.00119	0.00554	0.00277	0.00158	0.00554
5	0.01617	0.00706	0.00908	0.00700	0.00989	0.00657	0.00577	0.13912	0.04316	0.69356	0.01396	0.01226	0.00894	0.00464	0.00377	0.00116	0.00332	0.00373	0.00448	0.00637
6	0.00466	0.00330	0.00433	0.00511	0.00530	0.00311	0.00336	0.00525	0.00701	0.00934	0.01978	0.78017	0.02368	0.09883	0.00624	0.00174	0.00233	0.01014	0.00336	0.00297
7	0.03546	0.00482	0.02720	0.00515	0.00662	0.00416	0.00412	0.00925	0.01021	0.17166	0.54868	0.02484	0.11896	0.00707	0.00421	0.00119	0.00219	0.00609	0.00403	0.00410
8	0.02755	0.05415	0.28334	0.00966	0.05752	0.08936	0.05815	0.04344	0.07513	0.04021	0.01004	0.08634	0.00897	0.02288	0.04773	0.00152	0.01549	0.06128	0.00237	0.00489
9	0.04088	0.06971	0.04130	0.03366	0.09038	0.12504	0.00712	0.31777	0.03474	0.06779	0.00898	0.03830	0.00705	0.00442	0.00364	0.00109	0.01927	0.00338	0.08010	0.00537
10	0.00697	0.00502	0.00579	0.00537	0.00670	0.00475	0.00405	0.03695	0.09741	0.05688	0.40418	0.04993	0.26361	0.00803	0.00451	0.00132	0.00230	0.00675	0.02528	0.00421
11	0.15871	0.00736	0.00806	0.00659	0.00904	0.03590	0.00536	0.16950	0.04401	0.36611	0.02976	0.03532	0.03538	0.00496	0.00357	0.00117	0.00328	0.02590	0.04455	0.00545

[dist]
# distance from previous block
# <min> <max>
3	18

[block]
# block no. 8 follows, 73 sequences, length 16
# corresponding to MSA columns:
# 348-363
name=unknown_I
#
# <colnr> <probs for GDERKNQSTAVLIFYWHMCP>
#	G	D	E	R	K	N	Q	S	T	A	V	L	I	F	Y	W	H	M	C	P
0	0.00836	0.02919	0.17538	0.00844	0.05441	0.05380	0.04598	0.07287	0.03794	0.08370	0.04089	0.20044	0.11477	0.01964	0.00451	0.00130	0.02714	0.01376	0.00290	0.00460
1	0.07327	0.12095	0.11075	0.05589	0.08670	0.04012	0.05258	0.09251	0.02953	0.07603	0.00878	0.02455	0.03268	0.01211	0.00372	0.01917	0.00404	0.00320	0.00241	0.15101
2	0.00695	0.00419	0.00497	0.00465	0.00583	0.00394	0.00353	0.00893	0.05026	0.10062	0.34052	0.06863	0.14948	0.00691	0.00390	0.00114	0.00201	0.00591	0.22377	0.00386
3	0.02220	0.06418	0.09502	0.02327	0.24197	0.02215	0.02051	0.06735	0.14573	0.03024	0.10078	0.05410	0.03421	0.01512	0.00431	0.00122	0.03791	0.01186	0.00271	0.00516
4	0.00714	0.00436	0.00559	0.00503	0.00630	0.00399	0.00386	0.00906	0.03548	0.14374	0.62031	0.02593	0.09989	0.00728	0.00431	0.00119	0.00204	0.00634	0.00414	0.00402
5	0.02567	0.00920	0.06423	0.13098	0.29665	0.04724	0.03700	0.09023	0.11490	0.07682	0.00983	0.01095	0.03173	0.00408	0.00370	0.00116	0.00426	0.00357	0.03236	0.00544
6	0.00593	0.00396	0.00515	0.00481	0.00581	0.00362	0.00362	0.00759	0.01037	0.06488	0.71443	0.06592	0.07406	0.00777	0.00440	0.00120	0.00188	0.00684	0.00410	0.00367
7	0.00707	0.00667	0.08433	0.00665	0.02819	0.00579	0.00541	0.04813	0.20496	0.04594	0.05931	0.23531	0.20516	0.00785	0.00425	0.00132	0.00282	0.03302	0.00344	0.00438
8	0.00929	0.00891	0.01523	0.02303	0.84475	0.00891	0.01151	0.01151	0.00854	0.01226	0.00706	0.00929	0.00594	0.00334	0.00371	0.00111	0.00446	0.00334	0.00186	0.00594
9	0.00725	0.00594	0.00705	0.00594	0.00802	0.00530	0.00453	0.06061	0.06438	0.01219	0.01196	0.29161	0.01235	0.00614	0.00391	0.00100	0.03336	0.00526	0.00282	0.45040
10	0.01266	0.08914	0.06517	0.01010	0.03490	0.54008	0.05974	0.09789	0.01061	0.01106	0.00626	0.00733	0.00507	0.00388	0.00369	0.00103	0.03191	0.00268	0.00206	0.00475
11	0.01521	0.00605	0.00807	0.00630	0.00899	0.00521	0.00517	0.01660	0.01045	0.73785	0.01784	0.01582	0.11835	0.00528	0.00386	0.00117	0.00302	0.00431	0.00449	0.00596
12	0.00457	0.00370	0.00392	0.00406	0.00502	0.00320	0.00289	0.00537	0.00800	0.00974	0.03241	0.16749	0.62277	0.10261	0.00607	0.00156	0.00213	0.00809	0.00335	0.00305
13	0.03305	0.05340	0.08962	0.00731	0.00956	0.03386	0.00630	0.09998	0.38330	0.01472	0.05608	0.09056	0.02659	0.00566	0.00378	0.00123	0.00332	0.03259	0.04394	0.00516
14	0.00813	0.06595	0.08204	0.00772	0.03502	0.02087	0.05204	0.02292	0.00708	0.09643	0.00935	0.01462	0.00881	0.26688	0.15202	0.00277	0.13706	0.00403	0.00226	0.00399
15	0.01043	0.00718	0.00798	0.00688	0.00897	0.00780	0.00543	0.11063	0.44249	0.14811	0.10357	0.01474	0.01293	0.00516	0.00375	0.00119	0.00289	0.00427	0.09004	0.00556

[dist]
# distance from previous block
# <min> <max>
0	2

[block]
# block no. 9 follows, 73 sequences, length 7
# corresponding to MSA columns:
# 366-372
name=unknown_J
#
# <colnr> <probs for GDERKNQSTAVLIFYWHMCP>
#	G	D	E	R	K	N	Q	S	T	A	V	L	I	F	Y	W	H	M	C	P
0	0.62132	0.06290	0.00748	0.00566	0.00820	0.00875	0.00474	0.09800	0.00826	0.13473	0.00698	0.00734	0.00509	0.00374	0.00268	0.00113	0.00314	0.00242	0.00275	0.00468
1	0.00747	0.00431	0.00571	0.00509	0.00635	0.00391	0.00391	0.00918	0.01064	0.17101	0.68762	0.02517	0.03051	0.00710	0.00430	0.00118	0.00204	0.00622	0.00423	0.00407
2	0.89465	0.00726	0.00551	0.00493	0.00726	0.00842	0.00406	0.01103	0.00638	0.01683	0.00522	0.00609	0.00406	0.00348	0.00232	0.00116	0.00290	0.00203	0.00232	0.00406
3	0.00518	0.00383	0.00483	0.00458	0.00552	0.00348	0.00344	0.00683	0.01031	0.01431	0.72286	0.02923	0.15576	0.00794	0.00443	0.00119	0.00179	0.00695	0.00403	0.00348
4	0.01187	0.01218	0.22575	0.00919	0.01276	0.01004	0.04626	0.46500	0.05983	0.06749	0.03613	0.00990	0.00733	0.00435	0.00376	0.00116	0.00440	0.00345	0.00318	0.00599
5	0.04137	0.00528	0.00559	0.00506	0.00650	0.00544	0.00392	0.14540	0.07830	0.01503	0.13792	0.05820	0.17940	0.00626	0.00362	0.00111	0.00234	0.00517	0.28999	0.00412
6	0.00925	0.07630	0.04394	0.04384	0.12379	0.02868	0.04356	0.07654	0.30745	0.04653	0.05384	0.06238	0.04288	0.01935	0.00405	0.00124	0.00364	0.00439	0.00306	0.00529

[dist]
# distance from previous block
# <min> <max>
13	46

[block]
# block no. 10 follows, 73 sequences, length 16
# corresponding to MSA columns:
# 430-445
name=unknown_K
#
# <colnr> <probs for GDERKNQSTAVLIFYWHMCP>
#	G	D	E	R	K	N	Q	S	T	A	V	L	I	F	Y	W	H	M	C	P
0	0.03616	0.06878	0.12260	0.03069	0.16401	0.11945	0.00790	0.07659	0.08870	0.03228	0.02604	0.01113	0.03619	0.03156	0.07907	0.00159	0.00487	0.00340	0.00238	0.05662
1	0.17851	0.12995	0.05781	0.00877	0.09784	0.04965	0.03143	0.13206	0.08802	0.04550	0.02002	0.01101	0.05316	0.02827	0.05143	0.00145	0.00421	0.00336	0.00261	0.00496
2	0.22182	0.06121	0.11015	0.03701	0.12752	0.06950	0.01686	0.12133	0.05482	0.03427	0.02835	0.04919	0.02640	0.00443	0.00354	0.00116	0.02154	0.00342	0.00251	0.00497
3	0.02406	0.08091	0.07549	0.04780	0.07031	0.03572	0.05708	0.04417	0.02562	0.01089	0.05147	0.07905	0.02824	0.02466	0.04290	0.17082	0.01390	0.01290	0.03891	0.06509
4	0.02456	0.00940	0.01043	0.00969	0.06412	0.16355	0.02041	0.09185	0.00825	0.02289	0.02117	0.00999	0.00664	0.03738	0.13113	0.00211	0.35661	0.00338	0.00209	0.00436
5	0.00795	0.00733	0.03458	0.05925	0.14952	0.01969	0.00656	0.05041	0.30589	0.01363	0.10903	0.05724	0.15125	0.00596	0.00399	0.00123	0.00318	0.00512	0.00323	0.00496
6	0.01317	0.00577	0.00767	0.00615	0.00844	0.00516	0.00497	0.04821	0.01098	0.55684	0.26995	0.01732	0.01722	0.00557	0.00397	0.00117	0.00279	0.00469	0.00445	0.00551
7	0.00535	0.00391	0.00537	0.00538	0.00592	0.00429	0.00396	0.00633	0.00620	0.00862	0.03063	0.01965	0.05868	0.24990	0.53992	0.00489	0.00751	0.02819	0.00225	0.00306
8	0.00460	0.00354	0.00422	0.00461	0.00532	0.00315	0.00324	0.00550	0.00811	0.01043	0.12331	0.44724	0.34243	0.01041	0.00461	0.00138	0.00202	0.00915	0.00356	0.00315
9	0.01650	0.00691	0.00903	0.00693	0.00984	0.00630	0.00572	0.12248	0.01162	0.74190	0.01406	0.01229	0.00891	0.00463	0.00377	0.00116	0.00331	0.00372	0.00453	0.00638
10	0.00527	0.00367	0.00416	0.00417	0.00442	0.00358	0.00252	0.00555	0.00619	0.00814	0.05243	0.05406	0.13145	0.65559	0.04108	0.00320	0.00346	0.00599	0.00256	0.00251
11	0.89465	0.00726	0.00551	0.00493	0.00726	0.00842	0.00406	0.01103	0.00638	0.01683	0.00522	0.00609	0.00406	0.00348	0.00232	0.00116	0.00290	0.00203	0.00232	0.00406
12	0.01326	0.00991	0.01059	0.00832	0.01112	0.01103	0.00681	0.67842	0.14828	0.02209	0.01010	0.00995	0.00728	0.00459	0.00373	0.00114	0.00387	0.00352	0.02975	0.00623
13	0.01401	0.01788	0.01063	0.00967	0.01160	0.85309	0.00725	0.01498	0.01063	0.00918	0.00580	0.00677	0.00483	0.00387	0.00338	0.00097	0.00677	0.00242	0.00193	0.00435
14	0.00676	0.00806	0.15746	0.00767	0.01003	0.00598	0.11889	0.05740	0.04478	0.01314	0.23959	0.03746	0.18824	0.00673	0.00429	0.00127	0.00344	0.08141	0.00313	0.00428
15	0.78317	0.02747	0.04134	0.00547	0.00795	0.03814	0.00472	0.03361	0.00693	0.01637	0.00541	0.00627	0.00420	0.00352	0.00245	0.00115	0.00321	0.00211	0.00230	0.00421

[dist]
# distance from previous block
# <min> <max>
1	3

[block]
# block no. 11 follows, 73 sequences, length 13
# corresponding to MSA columns:
# 449-461
name=unknown_L
#
# <colnr> <probs for GDERKNQSTAVLIFYWHMCP>
#	G	D	E	R	K	N	Q	S	T	A	V	L	I	F	Y	W	H	M	C	P
0	0.00539	0.00394	0.00496	0.04072	0.00633	0.00392	0.00373	0.00676	0.04717	0.01043	0.14484	0.31177	0.07785	0.20843	0.02940	0.00202	0.00285	0.05566	0.03065	0.00318
1	0.04466	0.04848	0.21635	0.01086	0.09876	0.04906	0.12611	0.10032	0.02001	0.15402	0.00909	0.02868	0.00701	0.03061	0.01567	0.00131	0.01627	0.01477	0.00257	0.00538
2	0.01288	0.01582	0.01080	0.00959	0.01143	0.68679	0.04155	0.03925	0.01018	0.00967	0.00628	0.00786	0.00535	0.02565	0.04524	0.00133	0.05130	0.00272	0.00198	0.00433
3	0.00454	0.00380	0.00394	0.00391	0.00513	0.00321	0.00293	0.00558	0.00880	0.01071	0.13305	0.03515	0.74782	0.00929	0.00443	0.00126	0.00188	0.00778	0.00356	0.00321
4	0.00873	0.01029	0.16216	0.05148	0.05562	0.09336	0.12194	0.06379	0.10109	0.04236	0.10195	0.08609	0.03332	0.03464	0.00450	0.00130	0.00435	0.01549	0.00271	0.00480
5	0.00852	0.06224	0.09807	0.14054	0.18288	0.03974	0.07445	0.06434	0.06745	0.02247	0.03317	0.07715	0.04031	0.00510	0.01274	0.00124	0.00431	0.02385	0.03656	0.00489
6	0.03996	0.00687	0.00878	0.00681	0.00963	0.00639	0.00561	0.11256	0.03983	0.67983	0.01382	0.01222	0.00889	0.00460	0.00370	0.00115	0.00325	0.00369	0.02616	0.00623
7	0.00468	0.00360	0.00417	0.00452	0.00523	0.00322	0.00318	0.00548	0.00781	0.00988	0.06070	0.35199	0.38717	0.09477	0.00604	0.00161	0.00223	0.03729	0.00339	0.00306
8	0.04880	0.15437	0.15305	0.05384	0.12950	0.10229	0.12455	0.07043	0.03621	0.05266	0.01871	0.00932	0.02245	0.00379	0.00351	0.00110	0.00482	0.00321	0.00219	0.00519
9	0.00671	0.00761	0.16556	0.00722	0.03154	0.03391	0.01931	0.03297	0.00804	0.05741	0.01690	0.46295	0.07439	0.02665	0.01589	0.00148	0.01701	0.00748	0.00300	0.00398
10	0.00456	0.00330	0.00432	0.00513	0.00542	0.00306	0.00344	0.00523	0.00727	0.00961	0.02182	0.81106	0.07872	0.01161	0.00477	0.00151	0.00216	0.01048	0.00348	0.00306
11	0.01191	0.09251	0.05235	0.04684	0.13932	0.24076	0.07751	0.13101	0.02765	0.11010	0.00869	0.00947	0.02722	0.00400	0.00359	0.00108	0.00499	0.00322	0.00252	0.00528
12	0.03757	0.07039	0.11048	0.04393	0.18468	0.09459	0.04959	0.15071	0.02930	0.13746	0.00903	0.04997	0.00710	0.00425	0.00364	0.00113	0.00447	0.00354	0.00268	0.00549

[dist]
# distance from previous block
# <min> <max>
0	3

[block]
# block no. 12 follows, 73 sequences, length 34
# corresponding to MSA columns:
# 477-510
name=unknown_M
#
# <colnr> <probs for GDERKNQSTAVLIFYWHMCP>
#	G	D	E	R	K	N	Q	S	T	A	V	L	I	F	Y	W	H	M	C	P
0	0.22221	0.18950	0.05084	0.02175	0.11446	0.06049	0.11384	0.05342	0.02878	0.01306	0.05267	0.00950	0.02757	0.00393	0.00343	0.00110	0.02330	0.00313	0.00222	0.00478
1	0.00594	0.00459	0.00504	0.00481	0.00601	0.02334	0.00365	0.03837	0.04140	0.03378	0.31003	0.08003	0.36885	0.00828	0.00433	0.00124	0.00218	0.02725	0.02724	0.00364
2	0.00897	0.05311	0.11204	0.04332	0.37952	0.01805	0.03959	0.05931	0.11133	0.01289	0.04812	0.01127	0.03547	0.00422	0.00415	0.00117	0.04603	0.00366	0.00231	0.00546
3	0.00498	0.00376	0.00460	0.00452	0.00543	0.00338	0.00334	0.00639	0.00964	0.01303	0.52166	0.12511	0.26314	0.00865	0.00447	0.00124	0.00185	0.00755	0.00387	0.00338
4	0.00712	0.07597	0.10546	0.05032	0.15805	0.01608	0.03425	0.02990	0.05335	0.01135	0.06322	0.24056	0.09351	0.02969	0.00444	0.00132	0.00353	0.01478	0.00270	0.00439
5	0.05573	0.10771	0.03027	0.05659	0.15939	0.07617	0.07802	0.16197	0.06920	0.14603	0.00889	0.00952	0.00657	0.00394	0.00354	0.00111	0.00433	0.00327	0.01220	0.00554
6	0.00796	0.00634	0.00720	0.00646	0.00813	0.00682	0.01760	0.07840	0.37415	0.02605	0.24057	0.04179	0.09262	0.02099	0.00433	0.00128	0.00267	0.02782	0.02400	0.00481
7	0.01426	0.01051	0.01126	0.00863	0.01163	0.01163	0.00713	0.83224	0.01764	0.02364	0.00901	0.00901	0.00638	0.00450	0.00375	0.00113	0.00413	0.00338	0.00375	0.00638
8	0.01375	0.01022	0.01087	0.00849	0.01127	0.03356	0.00697	0.69360	0.06067	0.05251	0.00939	0.00941	0.00673	0.00459	0.00403	0.00114	0.03393	0.00341	0.01931	0.00617
9	0.00473	0.00353	0.00444	0.00501	0.00555	0.00328	0.00355	0.00558	0.00759	0.00985	0.04464	0.51971	0.21672	0.03766	0.04907	0.00177	0.00265	0.06818	0.00338	0.00311
10	0.00541	0.00383	0.00507	0.00507	0.00540	0.00417	0.00349	0.00608	0.00574	0.00800	0.01093	0.01961	0.01150	0.44544	0.43887	0.00484	0.00686	0.00473	0.00214	0.00281
11	0.00692	0.01246	0.41872	0.02125	0.07666	0.00706	0.08859	0.00997	0.00850	0.01191	0.10881	0.01671	0.16446	0.00526	0.00396	0.00122	0.00436	0.02605	0.00233	0.00478
12	0.01404	0.01040	0.01113	0.00859	0.01155	0.01153	0.00708	0.79572	0.05452	0.02329	0.00929	0.00923	0.00661	0.00453	0.00376	0.00113	0.00408	0.00342	0.00376	0.00636
13	0.00871	0.02756	0.43704	0.01419	0.28760	0.05040	0.01177	0.01186	0.00842	0.04502	0.02156	0.02470	0.00661	0.00392	0.00367	0.00116	0.00496	0.02342	0.00194	0.00551
14	0.00778	0.00667	0.00778	0.00556	0.00889	0.00500	0.00445	0.00945	0.00778	0.01223	0.00667	0.00778	0.00556	0.00278	0.00278	0.00056	0.00278	0.00222	0.00222	0.89108
15	0.00613	0.00444	0.00628	0.00732	0.02914	0.00444	0.00619	0.00787	0.00863	0.01125	0.01954	0.04148	0.02119	0.01018	0.00514	0.00171	0.00348	0.79866	0.00341	0.00352
16	0.00536	0.00401	0.00596	0.00596	0.00661	0.00465	0.00461	0.00666	0.00601	0.00866	0.01011	0.01508	0.00953	0.05741	0.82421	0.00595	0.00983	0.00407	0.00202	0.00331
17	0.00576	0.00438	0.00581	0.00556	0.00590	0.00498	0.00401	0.00654	0.00636	0.00899	0.11805	0.01960	0.01391	0.36317	0.29761	0.00387	0.11524	0.00487	0.00234	0.00303
18	0.01947	0.00756	0.06548	0.02565	0.19706	0.00700	0.11259	0.01088	0.12869	0.04283	0.03409	0.27904	0.01335	0.00649	0.00442	0.00131	0.03062	0.00596	0.00280	0.00474
19	0.01070	0.68384	0.04827	0.00727	0.02475	0.11613	0.00684	0.01202	0.00815	0.04463	0.00578	0.00652	0.00502	0.00337	0.00265	0.00086	0.00438	0.00218	0.00178	0.00487
20	0.00886	0.01012	0.02214	0.01581	0.01961	0.00949	0.83112	0.01202	0.00886	0.01202	0.00759	0.01012	0.00569	0.00316	0.00443	0.00127	0.00633	0.00443	0.00190	0.00506
