[name]
unknown

[dist]
# distance from previous block
# <min> <max>
29	80

[block]
# block no. 0 follows, 67 sequences, length 14
# corresponding to MSA columns:
# 91-104
name=unknown_A
#
# <colnr> <probs for GDERKNQSTAVLIFYWHMCP>
#	G	D	E	R	K	N	Q	S	T	A	V	L	I	F	Y	W	H	M	C	P
0	0.05293	0.10173	0.08851	0.22947	0.10427	0.06067	0.03640	0.10169	0.03404	0.01336	0.04932	0.01046	0.00751	0.00481	0.02131	0.00132	0.03750	0.00346	0.00233	0.03893
1	0.05704	0.06242	0.00958	0.21656	0.03790	0.00736	0.03446	0.05994	0.03179	0.04378	0.17000	0.06927	0.03102	0.10201	0.04849	0.00183	0.00418	0.00507	0.00291	0.00438
2	0.02526	0.11396	0.08010	0.13914	0.10837	0.32195	0.03619	0.01322	0.00937	0.02698	0.00678	0.00873	0.00559	0.01803	0.00464	0.00122	0.07046	0.00304	0.00199	0.00498
3	0.43637	0.22774	0.04321	0.03448	0.04429	0.06954	0.00643	0.07454	0.00861	0.01514	0.00613	0.00713	0.00494	0.00377	0.00286	0.00113	0.00405	0.00244	0.00230	0.00491
4	0.38029	0.00836	0.00798	0.00687	0.00936	0.05048	0.00552	0.01636	0.22818	0.21282	0.01094	0.01058	0.00786	0.00458	0.00358	0.00127	0.02271	0.00330	0.00347	0.00549
5	0.00539	0.00430	0.00485	0.00467	0.00590	0.00388	0.00352	0.00728	0.05064	0.01330	0.36624	0.03386	0.46353	0.00911	0.00470	0.00132	0.00203	0.00777	0.00403	0.00370
6	0.00547	0.00400	0.00519	0.00545	0.00623	0.00372	0.00409	0.00693	0.00976	0.01327	0.39992	0.27021	0.11225	0.01007	0.00496	0.00146	0.00230	0.12710	0.00404	0.00358
7	0.01303	0.28994	0.01453	0.07447	0.01290	0.51126	0.00773	0.01427	0.01007	0.00973	0.00607	0.00724	0.00517	0.00390	0.00331	0.00100	0.00614	0.00252	0.00193	0.00479
8	0.01223	0.00609	0.00782	0.00636	0.00878	0.00523	0.00499	0.03263	0.01000	0.40960	0.04623	0.15597	0.03951	0.04945	0.00488	0.00131	0.00309	0.00527	0.00401	0.18655
9	0.00917	0.00853	0.01204	0.24847	0.11054	0.06442	0.08867	0.11892	0.02442	0.01279	0.01031	0.15277	0.00977	0.04059	0.00560	0.00147	0.06910	0.00504	0.00254	0.00484
10	0.03906	0.00873	0.01469	0.28228	0.49350	0.00944	0.03941	0.01156	0.00860	0.01223	0.00728	0.01004	0.00592	0.00384	0.00430	0.00127	0.03678	0.00356	0.00193	0.00558
11	0.10631	0.05070	0.01049	0.12372	0.15434	0.03203	0.03479	0.04163	0.02996	0.01177	0.00923	0.03351	0.00883	0.19928	0.06601	0.00223	0.06183	0.01663	0.00230	0.00443
12	0.10864	0.00659	0.03465	0.00685	0.00856	0.00636	0.03834	0.12499	0.04625	0.06964	0.11996	0.24964	0.05568	0.04941	0.00519	0.00153	0.00321	0.05641	0.00361	0.00450
13	0.14648	0.11660	0.06193	0.05518	0.13025	0.07578	0.11837	0.10434	0.07927	0.03444	0.00836	0.02460	0.00663	0.00412	0.00366	0.00120	0.00473	0.00344	0.00253	0.01807

[dist]
# distance from previous block
# <min> <max>
2	24

[block]
# block no. 1 follows, 67 sequences, length 20
# corresponding to MSA columns:
# 129-148
name=unknown_B
#
# <colnr> <probs for GDERKNQSTAVLIFYWHMCP>
#	G	D	E	R	K	N	Q	S	T	A	V	L	I	F	Y	W	H	M	C	P
0	0.14311	0.25555	0.23473	0.00840	0.02695	0.09422	0.00846	0.05366	0.00903	0.02334	0.00953	0.01029	0.07563	0.00470	0.01564	0.00119	0.00474	0.00311	0.00221	0.01552
1	0.06051	0.14774	0.35078	0.01100	0.08379	0.01047	0.05954	0.13408	0.01012	0.03514	0.03629	0.00973	0.00694	0.02226	0.00403	0.00125	0.00498	0.00328	0.00233	0.00573
2	0.02430	0.18317	0.25013	0.00997	0.06787	0.02171	0.02660	0.20086	0.01128	0.05090	0.07797	0.01048	0.00862	0.00434	0.00368	0.00114	0.00461	0.00340	0.00268	0.03630
3	0.00623	0.07766	0.04776	0.00516	0.00584	0.00511	0.00372	0.00674	0.00657	0.00867	0.01392	0.12495	0.03757	0.59377	0.01536	0.00310	0.00378	0.02853	0.00256	0.00300
4	0.00837	0.15562	0.50447	0.00977	0.01421	0.00959	0.03749	0.04684	0.00896	0.01262	0.05163	0.10438	0.00931	0.00499	0.00384	0.00124	0.00501	0.00408	0.00218	0.00541
5	0.01072	0.86147	0.02102	0.00686	0.01029	0.01587	0.00686	0.01201	0.00815	0.00944	0.00558	0.00643	0.00515	0.00343	0.00257	0.00086	0.00429	0.00214	0.00172	0.00515
6	0.00867	0.10280	0.71654	0.01087	0.01642	0.01011	0.01368	0.05322	0.00896	0.01301	0.00716	0.00833	0.00517	0.00382	0.00370	0.00123	0.00569	0.00292	0.00181	0.00590
7	0.00837	0.12182	0.74002	0.01088	0.01651	0.01010	0.01386	0.01262	0.00843	0.01231	0.00700	0.00822	0.00509	0.00376	0.00366	0.00122	0.00573	0.00287	0.00170	0.00583
8	0.00482	0.00375	0.00438	0.00488	0.00563	0.00332	0.00341	0.00566	0.00835	0.01051	0.03062	0.48034	0.39712	0.01146	0.00494	0.00150	0.00219	0.01005	0.00372	0.00332
9	0.03228	0.80680	0.02026	0.00696	0.01032	0.04893	0.00684	0.01216	0.00825	0.00966	0.00560	0.00647	0.00513	0.00347	0.00261	0.00087	0.00438	0.00216	0.00175	0.00511
10	0.01525	0.01123	0.01204	0.00923	0.01244	0.01244	0.00762	0.82067	0.01886	0.02528	0.00963	0.00963	0.00682	0.00481	0.00401	0.00120	0.00441	0.00361	0.00401	0.00682
11	0.01063	0.83113	0.05051	0.00703	0.01055	0.01563	0.00715	0.01203	0.00816	0.00955	0.00563	0.00651	0.00514	0.00344	0.00262	0.00087	0.00435	0.00217	0.00171	0.00517
12	0.00856	0.10832	0.72436	0.01092	0.01645	0.03896	0.01374	0.01274	0.00853	0.01226	0.00699	0.00821	0.00509	0.00378	0.00367	0.00122	0.00580	0.00286	0.00171	0.00580
13	0.01749	0.00671	0.00914	0.00705	0.01006	0.00581	0.00581	0.01905	0.01147	0.80295	0.04950	0.01432	0.01108	0.00510	0.00406	0.00124	0.00335	0.00417	0.00494	0.00670
14	0.00516	0.00362	0.00464	0.00534	0.00553	0.00345	0.00348	0.00572	0.00727	0.00968	0.01974	0.62840	0.02348	0.22126	0.00890	0.00219	0.00275	0.03289	0.00340	0.00307
15	0.79050	0.03224	0.00661	0.00547	0.00803	0.00894	0.00454	0.01243	0.00725	0.08524	0.00643	0.00710	0.00483	0.00382	0.00261	0.00123	0.00316	0.00232	0.00266	0.00457
16	0.01453	0.01074	0.01157	0.00894	0.01204	0.01176	0.00734	0.75384	0.01796	0.02415	0.01007	0.04610	0.00764	0.00508	0.00402	0.00120	0.00427	0.00390	0.00394	0.04092
17	0.09342	0.63704	0.13586	0.00743	0.01112	0.01419	0.00778	0.03470	0.00837	0.01115	0.00592	0.00682	0.00511	0.00355	0.00278	0.00096	0.00441	0.00230	0.00185	0.00523
18	0.01048	0.78415	0.09618	0.00728	0.01094	0.01527	0.00759	0.01207	0.00818	0.00974	0.00572	0.00662	0.00514	0.00347	0.00269	0.00090	0.00444	0.00222	0.00171	0.00522
19	0.05398	0.57222	0.25975	0.00812	0.01224	0.01360	0.00907	0.01220	0.00818	0.01082	0.00605	0.00703	0.00509	0.00356	0.00293	0.00100	0.00471	0.00239	0.00175	0.00534

[dist]
# distance from previous block
# <min> <max>
0	1

[block]
# block no. 2 follows, 67 sequences, length 11
# corresponding to MSA columns:
# 150-160
name=unknown_C
#
# <colnr> <probs for GDERKNQSTAVLIFYWHMCP>
#	G	D	E	R	K	N	Q	S	T	A	V	L	I	F	Y	W	H	M	C	P
0	0.00624	0.13235	0.00743	0.00557	0.00636	0.00577	0.00409	0.00701	0.00694	0.00917	0.01466	0.24712	0.04347	0.27062	0.21218	0.00335	0.00512	0.00651	0.00265	0.00337
1	0.13414	0.51220	0.24088	0.00788	0.01185	0.01312	0.00867	0.01217	0.00805	0.01153	0.00602	0.00700	0.00501	0.00358	0.00290	0.00102	0.00457	0.00237	0.00182	0.00524
2	0.00794	0.10735	0.13377	0.00918	0.12589	0.00732	0.00719	0.01082	0.06977	0.04888	0.30272	0.02045	0.12027	0.00624	0.00416	0.00122	0.00336	0.00531	0.00326	0.00490
3	0.00526	0.00385	0.00497	0.00549	0.00600	0.00376	0.00390	0.00613	0.00759	0.01001	0.02176	0.42093	0.14276	0.12586	0.14025	0.00267	0.00394	0.07832	0.00330	0.00326
4	0.01126	0.12083	0.01172	0.01032	0.11075	0.23520	0.00738	0.16711	0.02801	0.01359	0.01128	0.13970	0.01105	0.00620	0.00406	0.00125	0.00478	0.09761	0.00286	0.00505
5	0.01367	0.13828	0.01390	0.01102	0.12841	0.01247	0.00814	0.56335	0.03781	0.02095	0.00891	0.00934	0.00665	0.00445	0.00379	0.00115	0.00441	0.00341	0.00338	0.00649
6	0.01037	0.01126	0.13171	0.04952	0.54508	0.00992	0.01177	0.13361	0.03169	0.01486	0.00802	0.00983	0.00636	0.00386	0.00396	0.00121	0.00486	0.00352	0.00229	0.00629
7	0.11535	0.00726	0.00636	0.00595	0.00694	0.12421	0.00414	0.05963	0.05202	0.01113	0.01188	0.02060	0.03027	0.47928	0.01296	0.00271	0.00421	0.03891	0.00266	0.00354
8	0.14475	0.01141	0.01138	0.01079	0.12243	0.12896	0.00769	0.41787	0.07393	0.01973	0.00875	0.00925	0.00655	0.00443	0.00373	0.00119	0.00457	0.00331	0.00324	0.00604
9	0.08425	0.11212	0.01562	0.01145	0.06447	0.00883	0.34737	0.01077	0.00923	0.01303	0.13551	0.01662	0.12760	0.00518	0.00438	0.00127	0.01989	0.00501	0.00262	0.00480
10	0.03864	0.17557	0.01354	0.06465	0.23517	0.01099	0.00834	0.04099	0.34184	0.01424	0.01071	0.01122	0.00840	0.00438	0.00370	0.00121	0.00400	0.00364	0.00285	0.00595

[dist]
# distance from previous block
# <min> <max>
3	31

[block]
# block no. 3 follows, 67 sequences, length 30
# corresponding to MSA columns:
# 195-224
name=unknown_D
#
# <colnr> <probs for GDERKNQSTAVLIFYWHMCP>
#	G	D	E	R	K	N	Q	S	T	A	V	L	I	F	Y	W	H	M	C	P
0	0.01038	0.36462	0.24553	0.00971	0.07561	0.02560	0.00934	0.11203	0.00976	0.03548	0.00839	0.02670	0.02900	0.01741	0.00365	0.00113	0.00471	0.00315	0.00222	0.00557
1	0.00939	0.22478	0.44265	0.00955	0.01395	0.02590	0.01098	0.09705	0.00967	0.01319	0.02800	0.01179	0.00764	0.00457	0.00370	0.00121	0.00510	0.07315	0.00219	0.00556
2	0.00923	0.27205	0.43791	0.01032	0.06308	0.01107	0.01116	0.04440	0.00884	0.01224	0.00719	0.00894	0.00577	0.00386	0.00345	0.00111	0.00507	0.02377	0.00190	0.05865
3	0.21955	0.22459	0.33125	0.00821	0.01219	0.02351	0.00911	0.01241	0.00837	0.05532	0.05608	0.00902	0.00712	0.00402	0.00325	0.00116	0.00450	0.00288	0.00222	0.00525
4	0.55292	0.07901	0.11602	0.00659	0.00964	0.02359	0.00620	0.02624	0.00800	0.11576	0.00737	0.02094	0.00558	0.00402	0.00294	0.00122	0.00369	0.00267	0.00266	0.00495
5	0.00600	0.02388	0.05959	0.00654	0.00766	0.00535	0.00547	0.00751	0.00677	0.00965	0.01210	0.01631	0.05861	0.02559	0.67680	0.03559	0.00936	0.00438	0.01914	0.00369
6	0.01061	0.17317	0.02559	0.00843	0.01099	0.03961	0.05466	0.09567	0.36964	0.04965	0.01323	0.06279	0.03160	0.00538	0.00416	0.00126	0.03013	0.00436	0.00332	0.00574
7	0.01463	0.01077	0.01160	0.00901	0.01204	0.01189	0.00739	0.77200	0.01819	0.02438	0.01037	0.06019	0.00800	0.00528	0.00408	0.00123	0.00429	0.00408	0.00399	0.00661
8	0.00515	0.00481	0.04246	0.00471	0.00607	0.00381	0.00376	0.00643	0.00913	0.01152	0.16592	0.05554	0.56128	0.06109	0.03906	0.00170	0.00265	0.00777	0.00361	0.00351
9	0.01046	0.77787	0.10228	0.00732	0.01100	0.01522	0.00765	0.01208	0.00818	0.00976	0.00574	0.00664	0.00514	0.00347	0.00270	0.00090	0.00445	0.00223	0.00171	0.00522
10	0.00815	0.05456	0.80540	0.01125	0.01707	0.00958	0.01450	0.01267	0.00845	0.01257	0.00713	0.00839	0.00508	0.00379	0.00376	0.00125	0.00586	0.00293	0.00169	0.00590
11	0.17982	0.22531	0.21245	0.00833	0.01205	0.04190	0.00844	0.18757	0.02154	0.05728	0.00753	0.00814	0.00568	0.00401	0.00330	0.00114	0.00453	0.00281	0.00256	0.00563
12	0.04926	0.26711	0.38655	0.01106	0.02781	0.01141	0.16928	0.01248	0.00850	0.01201	0.00683	0.00826	0.00528	0.00361	0.00357	0.00116	0.00546	0.00304	0.00181	0.00553
13	0.00503	0.00353	0.00464	0.00544	0.00565	0.00333	0.00358	0.00560	0.00742	0.00990	0.02075	0.74799	0.02481	0.10487	0.00701	0.02062	0.00252	0.01063	0.00354	0.00314
14	0.00574	0.00417	0.00554	0.00598	0.00680	0.00396	0.00474	0.00730	0.00960	0.01288	0.28875	0.20908	0.09205	0.01037	0.00512	0.00157	0.00269	0.31611	0.00394	0.00361
15	0.02250	0.03156	0.00920	0.00689	0.01004	0.00766	0.00552	0.09306	0.23378	0.01526	0.00983	0.01019	0.00771	0.00385	0.00336	0.00088	0.00321	0.00308	0.00299	0.51942
16	0.00489	0.00349	0.00465	0.00558	0.00582	0.00326	0.00372	0.00558	0.00768	0.01024	0.02210	0.85644	0.02653	0.01256	0.00512	0.00163	0.00233	0.01140	0.00372	0.00326
17	0.01535	0.01106	0.01193	0.00914	0.01235	0.01218	0.00755	0.78874	0.01856	0.05762	0.00988	0.00979	0.00694	0.00482	0.00401	0.00121	0.00437	0.00363	0.00405	0.00682
18	0.01196	0.01333	0.34229	0.01122	0.01568	0.00829	0.20781	0.01519	0.00979	0.30835	0.01051	0.01090	0.00706	0.00412	0.00412	0.00128	0.00523	0.00378	0.00295	0.00612
19	0.00917	0.00491	0.00628	0.00547	0.00715	0.00434	0.00427	0.01079	0.01095	0.26037	0.42936	0.02681	0.18876	0.00762	0.00452	0.00127	0.00237	0.00653	0.00444	0.00461
20	0.00697	0.00348	0.00522	0.00522	0.00522	0.00348	0.00348	0.00522	0.00522	0.00697	0.00697	0.01219	0.00697	0.01393	0.01567	0.88332	0.00348	0.00348	0.00174	0.00174
21	0.01120	0.80573	0.02025	0.00688	0.01029	0.01522	0.00680	0.01250	0.00837	0.06340	0.00624	0.00690	0.00546	0.00353	0.00267	0.00088	0.00423	0.00227	0.00193	0.00526
22	0.00700	0.00493	0.00704	0.10010	0.02804	0.00502	0.00629	0.02184	0.00909	0.05610	0.05729	0.23819	0.02133	0.00993	0.00509	0.00165	0.00347	0.41009	0.00356	0.00395
23	0.01140	0.72746	0.03226	0.00731	0.01062	0.10315	0.00704	0.01272	0.00862	0.04009	0.00605	0.00682	0.00532	0.00357	0.00276	0.00090	0.00459	0.00227	0.00187	0.00517
24	0.04821	0.51287	0.17687	0.00825	0.02249	0.03861	0.00841	0.07088	0.04414	0.02663	0.00687	0.00762	0.00562	0.00375	0.00305	0.00102	0.00460	0.00258	0.00208	0.00547
25	0.01108	0.00991	0.03775	0.12070	0.47133	0.06875	0.01058	0.06099	0.03591	0.10566	0.00897	0.02499	0.00707	0.00412	0.00398	0.00122	0.00478	0.00370	0.00251	0.00601
26	0.02559	0.32972	0.15748	0.00901	0.04128	0.03225	0.05178	0.05193	0.08874	0.07090	0.04518	0.01125	0.02247	0.00440	0.00351	0.00112	0.00443	0.02349	0.00254	0.02295
27	0.03320	0.05292	0.09126	0.03122	0.14436	0.05350	0.03006	0.07529	0.09912	0.07043	0.02618	0.19108	0.03640	0.02803	0.00459	0.00138	0.00404	0.01874	0.00305	0.00517
28	0.10129	0.09196	0.06439	0.04941	0.24645	0.04795	0.04270	0.12912	0.02388	0.12424	0.00923	0.01017	0.02240	0.00419	0.00384	0.00120	0.01555	0.00343	0.00274	0.00585
29	0.04583	0.09611	0.11569	0.04351	0.22587	0.05247	0.01877	0.11899	0.07555	0.05806	0.07992	0.03289	0.00983	0.00465	0.00385	0.00120	0.00441	0.00388	0.00278	0.00572

[dist]
# distance from previous block
# <min> <max>
8	31

[block]
# block no. 4 follows, 67 sequences, length 8
# corresponding to MSA columns:
# 258-265
name=unknown_E
#
# <colnr> <probs for GDERKNQSTAVLIFYWHMCP>
#	G	D	E	R	K	N	Q	S	T	A	V	L	I	F	Y	W	H	M	C	P
0	0.03983	0.44592	0.10777	0.00840	0.01168	0.22636	0.00793	0.06705	0.03159	0.01142	0.00647	0.00731	0.00542	0.00381	0.00311	0.00100	0.00516	0.00251	0.00204	0.00522
1	0.00929	0.40954	0.10643	0.00723	0.01005	0.06272	0.00694	0.05646	0.00908	0.01118	0.03800	0.08686	0.09174	0.02147	0.03312	0.00134	0.00439	0.02697	0.00241	0.00477
2	0.06343	0.16045	0.08619	0.01923	0.02967	0.05656	0.06277	0.21212	0.02643	0.07193	0.04620	0.03308	0.05660	0.00492	0.00397	0.00117	0.02497	0.00387	0.00295	0.03347
3	0.03633	0.10493	0.19444	0.02392	0.01220	0.01001	0.02816	0.30106	0.03788	0.01635	0.02401	0.01192	0.03573	0.00595	0.00531	0.11052	0.00447	0.02860	0.00282	0.00538
4	0.03252	0.19392	0.28344	0.00972	0.03563	0.01132	0.03495	0.26073	0.01175	0.03336	0.02635	0.00990	0.03062	0.00432	0.00366	0.00116	0.00479	0.00332	0.00263	0.00589
5	0.06495	0.09692	0.21180	0.00963	0.04136	0.05276	0.02265	0.29653	0.05390	0.04718	0.00915	0.03463	0.00716	0.02881	0.00422	0.00128	0.00471	0.00354	0.00291	0.00588
6	0.01127	0.09965	0.27634	0.00970	0.03435	0.01044	0.00960	0.26819	0.06365	0.07191	0.01005	0.04397	0.00801	0.00498	0.00416	0.00126	0.02795	0.03555	0.00297	0.00599
7	0.10170	0.11278	0.22134	0.00900	0.01279	0.03268	0.00890	0.35628	0.03444	0.06048	0.00853	0.00893	0.00619	0.00429	0.00363	0.00119	0.00464	0.00315	0.00300	0.00608

[dist]
# distance from previous block
# <min> <max>
6	50

[block]
# block no. 5 follows, 67 sequences, length 12
# corresponding to MSA columns:
# 318-329
name=unknown_F
#
# <colnr> <probs for GDERKNQSTAVLIFYWHMCP>
#	G	D	E	R	K	N	Q	S	T	A	V	L	I	F	Y	W	H	M	C	P
0	0.12239	0.20239	0.30954	0.00887	0.01284	0.01072	0.03096	0.10777	0.04787	0.05215	0.00825	0.03029	0.00648	0.00492	0.02722	0.00133	0.00485	0.00318	0.00241	0.00557
1	0.03228	0.18031	0.37861	0.00972	0.02626	0.03917	0.02714	0.11550	0.03314	0.03334	0.03315	0.03071	0.00776	0.00452	0.00371	0.00120	0.00497	0.03051	0.00238	0.00563
2	0.03962	0.12196	0.30222	0.01007	0.04136	0.04916	0.03965	0.22659	0.02593	0.02517	0.05380	0.00990	0.00764	0.00428	0.00373	0.00117	0.00491	0.00334	0.00262	0.02687
3	0.04948	0.14952	0.41667	0.00975	0.01414	0.04474	0.02652	0.15306	0.03114	0.02499	0.02180	0.02606	0.00661	0.00423	0.00365	0.00119	0.00511	0.00323	0.00235	0.00576
4	0.03994	0.32298	0.22067	0.00902	0.03547	0.05236	0.00893	0.17318	0.01063	0.03735	0.02087	0.03706	0.00685	0.00428	0.00342	0.00110	0.00471	0.00315	0.00242	0.00562
5	0.00964	0.26876	0.51301	0.00979	0.01470	0.01137	0.01168	0.06934	0.00919	0.03767	0.00715	0.00810	0.00537	0.00380	0.00346	0.00114	0.00526	0.00280	0.00196	0.00579
6	0.03671	0.18042	0.50937	0.04916	0.01528	0.01032	0.01168	0.04018	0.00887	0.07460	0.00763	0.00869	0.00560	0.00437	0.01978	0.00129	0.00535	0.00294	0.00206	0.00571
7	0.01117	0.50508	0.05567	0.00797	0.01107	0.09608	0.04267	0.07380	0.00947	0.04986	0.00788	0.01062	0.00705	0.04313	0.00400	0.00116	0.00468	0.05123	0.00224	0.00514
8	0.00694	0.04422	0.00718	0.00543	0.00786	0.00500	0.00431	0.00843	0.00876	0.01227	0.07699	0.07106	0.24323	0.00632	0.00382	0.00099	0.00268	0.04019	0.00301	0.44132
9	0.00628	0.00438	0.00521	0.05564	0.00627	0.00452	0.00331	0.04280	0.00672	0.00894	0.01303	0.09982	0.01476	0.69227	0.01730	0.00341	0.00386	0.00610	0.00258	0.00283
10	0.22962	0.37086	0.07454	0.05815	0.03279	0.03978	0.00721	0.05140	0.03429	0.05887	0.00696	0.00780	0.00555	0.00381	0.00300	0.00108	0.00421	0.00260	0.00229	0.00519
11	0.14564	0.10139	0.34672	0.02148	0.06735	0.07302	0.03145	0.08239	0.02871	0.01413	0.02420	0.00876	0.00610	0.00406	0.00381	0.00121	0.02887	0.00302	0.00219	0.00550

[dist]
# distance from previous block
# <min> <max>
6	14

[block]
# block no. 6 follows, 67 sequences, length 8
# corresponding to MSA columns:
# 363-370
name=unknown_G
#
# <colnr> <probs for GDERKNQSTAVLIFYWHMCP>
#	G	D	E	R	K	N	Q	S	T	A	V	L	I	F	Y	W	H	M	C	P
0	0.00489	0.00349	0.00465	0.00558	0.00582	0.00326	0.00372	0.00558	0.00768	0.01024	0.02210	0.85644	0.02653	0.01256	0.00512	0.00163	0.00233	0.01140	0.00372	0.00326
1	0.01165	0.04156	0.01146	0.07652	0.12613	0.13811	0.02415	0.13079	0.18130	0.09536	0.05447	0.04243	0.01007	0.00494	0.00397	0.00121	0.00440	0.00408	0.00320	0.03420
2	0.01254	0.01173	0.01150	0.01102	0.10459	0.22162	0.03454	0.13896	0.29859	0.07262	0.01113	0.01122	0.00840	0.00475	0.00421	0.00124	0.02841	0.00373	0.00325	0.00594
3	0.00680	0.00547	0.00625	0.00596	0.00731	0.00565	0.00448	0.01144	0.27444	0.01464	0.32582	0.13803	0.16145	0.00822	0.00457	0.00136	0.00239	0.00714	0.00410	0.00448
4	0.00939	0.00718	0.00856	0.00876	0.09381	0.02559	0.00612	0.08065	0.26415	0.08471	0.18212	0.08673	0.07301	0.00684	0.00438	0.00134	0.00317	0.04431	0.00389	0.00530
5	0.05968	0.07273	0.03048	0.04522	0.17060	0.06622	0.03464	0.28839	0.05038	0.12866	0.00944	0.00997	0.00692	0.00432	0.00382	0.00119	0.00454	0.00347	0.00317	0.00615
6	0.03167	0.05499	0.01299	0.05524	0.16009	0.18655	0.07767	0.09487	0.08870	0.06746	0.00973	0.05243	0.00819	0.00495	0.00449	0.00126	0.05257	0.02799	0.00272	0.00544
7	0.00504	0.00364	0.00478	0.00554	0.00594	0.00339	0.00384	0.00593	0.00820	0.01093	0.10091	0.68405	0.07601	0.01192	0.00508	0.00159	0.00234	0.05374	0.00379	0.00334

[dist]
# distance from previous block
# <min> <max>
8	16

[block]
# block no. 7 follows, 67 sequences, length 18
# corresponding to MSA columns:
# 391-395,401-413
name=unknown_H
#
# <colnr> <probs for GDERKNQSTAVLIFYWHMCP>
#	G	D	E	R	K	N	Q	S	T	A	V	L	I	F	Y	W	H	M	C	P
0	0.00909	0.00987	0.09702	0.30957	0.44499	0.00939	0.01200	0.03804	0.00900	0.01247	0.00743	0.01004	0.00589	0.00379	0.00397	0.00125	0.00507	0.00351	0.00195	0.00567
1	0.00668	0.00587	0.00891	0.16170	0.08281	0.02354	0.06498	0.00830	0.01840	0.01084	0.05802	0.34111	0.03723	0.06260	0.06542	0.00196	0.02758	0.00718	0.00286	0.00400
2	0.00865	0.17631	0.06511	0.00744	0.01996	0.11485	0.00615	0.06343	0.00890	0.02429	0.01287	0.30430	0.01370	0.03166	0.12222	0.00207	0.00499	0.00601	0.00274	0.00435
3	0.00981	0.01126	0.06221	0.00939	0.05723	0.26125	0.06940	0.04205	0.09435	0.01298	0.15868	0.02853	0.15405	0.00603	0.00420	0.00122	0.00456	0.00501	0.00303	0.00475
4	0.02355	0.07604	0.01069	0.00835	0.01048	0.21400	0.04104	0.13630	0.07934	0.08169	0.03225	0.01251	0.02330	0.03508	0.19498	0.00243	0.00631	0.00379	0.00287	0.00502
5	0.17562	0.07037	0.19488	0.00739	0.01025	0.04264	0.00714	0.01160	0.03511	0.09481	0.03311	0.17356	0.01142	0.02942	0.00421	0.00133	0.00387	0.02439	0.00284	0.06604
6	0.07006	0.02114	0.02742	0.00938	0.08445	0.09406	0.02902	0.08804	0.18272	0.05441	0.07899	0.05026	0.03429	0.04798	0.06088	0.00176	0.05233	0.00453	0.00313	0.00515
7	0.35002	0.03095	0.03347	0.12621	0.07044	0.00859	0.05708	0.03002	0.09287	0.01476	0.01225	0.03775	0.11060	0.00500	0.00355	0.00129	0.00376	0.00399	0.00267	0.00475
8	0.00929	0.06446	0.52340	0.01143	0.05653	0.03350	0.07686	0.01323	0.03556	0.07666	0.03588	0.02006	0.01690	0.00422	0.00390	0.00125	0.00538	0.00352	0.00222	0.00578
9	0.03055	0.04371	0.73740	0.01085	0.01643	0.00926	0.01372	0.01313	0.00862	0.06913	0.00770	0.00871	0.00540	0.00388	0.00376	0.00126	0.00564	0.00299	0.00194	0.00593
10	0.01467	0.08586	0.01221	0.00994	0.01223	0.69250	0.00767	0.09720	0.01187	0.01135	0.00650	0.00741	0.00533	0.00415	0.00357	0.00104	0.00671	0.00265	0.00224	0.00491
11	0.00792	0.03960	0.76016	0.01083	0.01634	0.00907	0.01380	0.01224	0.00848	0.01254	0.02612	0.01009	0.02858	0.02229	0.00418	0.00132	0.00565	0.00325	0.00182	0.00572
12	0.00584	0.00418	0.00534	0.00535	0.00558	0.00451	0.00357	0.00635	0.00620	0.00854	0.01270	0.10404	0.01405	0.50138	0.25449	0.00431	0.04235	0.00584	0.00245	0.00293
13	0.05145	0.01015	0.01019	0.00854	0.03301	0.13681	0.00669	0.31455	0.01381	0.25767	0.06285	0.01317	0.04313	0.00518	0.00398	0.00121	0.00425	0.01349	0.00388	0.00601
14	0.00540	0.00401	0.00515	0.00544	0.00621	0.00359	0.00381	0.00648	0.00861	0.01183	0.19958	0.55469	0.06137	0.01054	0.00480	0.00143	0.00228	0.00946	0.00374	0.09158
15	0.00809	0.00685	0.00797	0.00593	0.00910	0.00536	0.00465	0.01013	0.04260	0.01281	0.00852	0.05005	0.00764	0.04841	0.00403	0.00085	0.00300	0.00308	0.00251	0.75841
16	0.09859	0.00932	0.00962	0.00794	0.01060	0.04259	0.00637	0.29141	0.27602	0.09645	0.06292	0.01253	0.01044	0.00503	0.00387	0.00123	0.00368	0.00394	0.00385	0.04359
17	0.23733	0.00907	0.00883	0.03568	0.03314	0.10936	0.02426	0.17800	0.05184	0.06891	0.05435	0.08311	0.03329	0.05039	0.00461	0.00139	0.00398	0.00431	0.00318	0.00498

[dist]
# distance from previous block
# <min> <max>
1	16

[block]
# block no. 8 follows, 67 sequences, length 12
# corresponding to MSA columns:
# 430-441
name=unknown_I
#
# <colnr> <probs for GDERKNQSTAVLIFYWHMCP>
#	G	D	E	R	K	N	Q	S	T	A	V	L	I	F	Y	W	H	M	C	P
0	0.02693	0.03680	0.05596	0.01913	0.50887	0.00972	0.10192	0.06878	0.04318	0.07693	0.00863	0.01025	0.00673	0.00383	0.00399	0.00122	0.00481	0.00368	0.00243	0.00622
1	0.00487	0.00355	0.00459	0.00542	0.00577	0.00327	0.00365	0.00560	0.00783	0.01030	0.02407	0.76964	0.11206	0.01231	0.00508	0.00160	0.00230	0.01109	0.00372	0.00327
2	0.01344	0.13691	0.01277	0.03934	0.01235	0.16039	0.00746	0.40485	0.14129	0.01833	0.00937	0.00960	0.00707	0.00456	0.00374	0.00115	0.00474	0.00335	0.00326	0.00603
3	0.00496	0.00364	0.00462	0.00534	0.00577	0.00335	0.00365	0.00575	0.00797	0.01044	0.04646	0.65395	0.15048	0.04462	0.00565	0.00167	0.00237	0.03235	0.00369	0.00327
4	0.01338	0.06151	0.07969	0.01027	0.06839	0.09292	0.08582	0.11606	0.09923	0.27859	0.02334	0.01236	0.00878	0.00469	0.00400	0.00123	0.00455	0.02563	0.00347	0.00608
5	0.01067	0.65434	0.09424	0.00882	0.05431	0.01419	0.05702	0.01245	0.00845	0.04451	0.00640	0.00736	0.00546	0.00353	0.00295	0.00096	0.00457	0.00253	0.00188	0.00537
6	0.00617	0.00443	0.00611	0.00700	0.00784	0.00437	0.00594	0.00782	0.00900	0.01170	0.02208	0.16369	0.05351	0.01126	0.00545	0.00180	0.00343	0.66109	0.00370	0.00362
7	0.00579	0.00427	0.00558	0.00624	0.00705	0.00412	0.00497	0.00742	0.02982	0.01174	0.08440	0.28531	0.13580	0.01104	0.00521	0.00166	0.00291	0.37934	0.00377	0.00360
8	0.13852	0.05709	0.09263	0.00893	0.04788	0.13090	0.00749	0.22908	0.01207	0.18194	0.01071	0.01074	0.04559	0.00461	0.00368	0.00119	0.00448	0.00343	0.00325	0.00579
9	0.10567	0.11668	0.00906	0.00623	0.00854	0.03870	0.00514	0.01330	0.01036	0.32340	0.24650	0.01798	0.07052	0.00586	0.00391	0.00120	0.00312	0.00474	0.00393	0.00517
10	0.05659	0.00510	0.02737	0.00549	0.00680	0.00465	0.00432	0.00877	0.07194	0.03149	0.44109	0.11266	0.15982	0.00843	0.00459	0.00134	0.00233	0.03919	0.00401	0.00401
11	0.06424	0.54343	0.12649	0.00793	0.01146	0.11056	0.00792	0.06691	0.00920	0.01149	0.00614	0.00702	0.00520	0.00367	0.00295	0.00098	0.00478	0.00240	0.00195	0.00526

[dist]
# distance from previous block
# <min> <max>
8	45

[block]
# block no. 9 follows, 67 sequences, length 49
# corresponding to MSA columns:
# 489-537
name=unknown_J
#
# <colnr> <probs for GDERKNQSTAVLIFYWHMCP>
#	G	D	E	R	K	N	Q	S	T	A	V	L	I	F	Y	W	H	M	C	P
0	0.04743	0.01093	0.01111	0.00942	0.04292	0.17469	0.05401	0.26274	0.06821	0.13191	0.01778	0.05037	0.01693	0.00487	0.00390	0.00117	0.00458	0.00388	0.00336	0.07981
1	0.05386	0.00989	0.04262	0.01704	0.39731	0.00966	0.12094	0.15275	0.04748	0.04997	0.00909	0.03834	0.00733	0.00421	0.00403	0.00123	0.00469	0.00395	0.00264	0.02296
2	0.01415	0.00773	0.00953	0.00771	0.01032	0.00787	0.00627	0.10097	0.20190	0.42492	0.04289	0.01392	0.01078	0.00531	0.00470	0.00128	0.06519	0.01438	0.00427	0.04589
3	0.00577	0.00413	0.00531	0.00577	0.00642	0.00399	0.00419	0.00737	0.05066	0.02596	0.15640	0.45379	0.06620	0.05603	0.02321	0.00178	0.00274	0.11294	0.00377	0.00359
4	0.01584	0.12186	0.04220	0.00768	0.01086	0.05445	0.00665	0.12704	0.01189	0.51967	0.02362	0.01176	0.00876	0.00467	0.00380	0.00117	0.00394	0.00363	0.00408	0.01641
5	0.00683	0.00484	0.00581	0.00537	0.00671	0.00462	0.00409	0.00970	0.11381	0.06862	0.50928	0.02882	0.19994	0.00805	0.00460	0.00129	0.00218	0.00695	0.00426	0.00422
6	0.00832	0.00713	0.00832	0.00594	0.00950	0.00535	0.00475	0.01010	0.00832	0.01307	0.00713	0.00832	0.00594	0.00297	0.00297	0.00059	0.00297	0.00238	0.00238	0.88357
7	0.00489	0.00349	0.00465	0.00558	0.00582	0.00326	0.00372	0.00558	0.00768	0.01024	0.02210	0.85644	0.02653	0.01256	0.00512	0.00163	0.00233	0.01140	0.00372	0.00326
8	0.00963	0.00771	0.00889	0.00646	0.00995	0.00639	0.00521	0.12807	0.00995	0.04121	0.00777	0.00868	0.00620	0.00330	0.00316	0.00070	0.00319	0.00261	0.00270	0.72822
9	0.02437	0.00943	0.02643	0.01893	0.40863	0.00904	0.30991	0.01184	0.00928	0.01306	0.04593	0.03205	0.03425	0.00430	0.00435	0.00129	0.00519	0.02387	0.00225	0.00562
10	0.00922	0.00883	0.01190	0.62613	0.02346	0.09103	0.01023	0.09717	0.02902	0.01194	0.00745	0.01027	0.00565	0.00426	0.00432	0.00131	0.03744	0.00349	0.00210	0.00477
11	0.00494	0.00406	0.00438	0.00453	0.00573	0.00350	0.00344	0.00604	0.00910	0.01108	0.06723	0.11145	0.65860	0.01038	0.00484	0.00142	0.00220	0.07990	0.00375	0.00342
12	0.00949	0.01075	0.02329	0.01729	0.06187	0.01011	0.77886	0.01282	0.00945	0.01286	0.00808	0.01077	0.00610	0.00339	0.00469	0.00134	0.00666	0.00467	0.00203	0.00546
13	0.00943	0.10673	0.19601	0.01561	0.19429	0.01019	0.33094	0.01266	0.02130	0.02682	0.01889	0.01046	0.02032	0.00375	0.00411	0.00124	0.00562	0.00389	0.00205	0.00568
14	0.00799	0.00756	0.01279	0.70243	0.17134	0.00902	0.01135	0.01061	0.00822	0.01076	0.00720	0.01056	0.00553	0.00393	0.00400	0.00131	0.00524	0.00357	0.00182	0.00479
15	0.01058	0.01186	0.01104	0.01013	0.03750	0.31238	0.00777	0.01161	0.00853	0.01017	0.05343	0.03026	0.02668	0.02652	0.02423	0.00157	0.39543	0.00375	0.00214	0.00440
16	0.00917	0.33268	0.51956	0.00972	0.01464	0.02733	0.01173	0.01251	0.00840	0.01144	0.00658	0.00769	0.00511	0.00368	0.00335	0.00111	0.00534	0.00265	0.00171	0.00561
17	0.00757	0.00713	0.01203	0.84942	0.02762	0.00891	0.01114	0.01025	0.00802	0.01025	0.00713	0.01069	0.00535	0.00401	0.00401	0.00134	0.00535	0.00356	0.00178	0.00446
18	0.03148	0.00945	0.05580	0.15449	0.55290	0.00912	0.03975	0.01237	0.00900	0.06439	0.00814	0.02089	0.00655	0.00385	0.00398	0.00123	0.00483	0.00368	0.00216	0.00593
19	0.01524	0.00622	0.00839	0.00664	0.00928	0.00541	0.00540	0.01683	0.01137	0.65505	0.16872	0.01756	0.04387	0.00575	0.00419	0.00125	0.00308	0.00479	0.00482	0.00614
20	0.04583	0.00685	0.00920	0.00708	0.01016	0.00599	0.00584	0.01930	0.01133	0.81060	0.01549	0.01342	0.00975	0.00492	0.00398	0.00124	0.00340	0.00397	0.00488	0.00675
21	0.00568	0.00425	0.00635	0.00640	0.00709	0.00491	0.00494	0.00707	0.00651	0.00936	0.01138	0.06283	0.01095	0.02910	0.79624	0.00618	0.01027	0.00469	0.00224	0.00356
22	0.00907	0.13931	0.63867	0.01069	0.01597	0.02907	0.02412	0.06540	0.00918	0.01300	0.00712	0.00826	0.00522	0.00382	0.00366	0.00120	0.00564	0.00291	0.00186	0.00584
23	0.00478	0.00392	0.00421	0.00445	0.00552	0.00335	0.00322	0.00571	0.00877	0.01068	0.03587	0.24867	0.62541	0.01078	0.00484	0.00142	0.00211	0.00922	0.00372	0.00335
24	0.01308	0.01020	0.01262	0.00986	0.01290	0.01109	0.11726	0.44056	0.25027	0.06164	0.01166	0.01153	0.00844	0.00481	0.00413	0.00127	0.00432	0.00405	0.00381	0.00649
25	0.00994	0.00976	0.01565	0.10136	0.71938	0.04899	0.01198	0.01229	0.00913	0.01268	0.00744	0.00987	0.00620	0.00364	0.00396	0.00120	0.00494	0.00353	0.00197	0.00609
26	0.00983	0.34037	0.31519	0.01162	0.11379	0.02138	0.08351	0.01266	0.00865	0.03848	0.00697	0.00823	0.00551	0.00364	0.00344	0.00111	0.00517	0.00291	0.00188	0.00565
27	0.00842	0.08073	0.67646	0.01179	0.01730	0.00990	0.11528	0.01267	0.00857	0.01248	0.00719	0.00861	0.00521	0.00373	0.00384	0.00125	0.00591	0.00313	0.00174	0.00581
28	0.00600	0.00419	0.00540	0.00522	0.00624	0.00385	0.00398	0.00772	0.01076	0.04180	0.61661	0.07775	0.11747	0.00876	0.00479	0.00134	0.00212	0.06796	0.00427	0.00381
29	0.01372	0.11003	0.06995	0.00935	0.01225	0.29995	0.00793	0.28660	0.07841	0.04706	0.00851	0.00892	0.00646	0.00445	0.00386	0.00113	0.01962	0.00313	0.00292	0.00574
30	0.00947	0.00911	0.01569	0.17976	0.65926	0.00943	0.03480	0.01194	0.00893	0.01256	0.00748	0.01010	0.00616	0.00365	0.00400	0.00122	0.00493	0.00360	0.00195	0.00597
31	0.00687	0.00352	0.00515	0.00515	0.00515	0.00352	0.00339	0.00528	0.00528	0.00703	0.00744	0.01338	0.00761	0.08526	0.01607	0.80909	0.00352	0.00368	0.00180	0.00180
32	0.01043	0.08476	0.05705	0.12563	0.15474	0.10341	0.27965	0.04861	0.05257	0.03256	0.00809	0.00999	0.00625	0.00381	0.00407	0.00123	0.00567	0.00376	0.00221	0.00550
33	0.01054	0.67572	0.14662	0.00803	0.02982	0.01444	0.00821	0.03180	0.00854	0.02630	0.00616	0.00704	0.00530	0.00356	0.00286	0.00094	0.00454	0.00237	0.00184	0.00537
34	0.00898	0.00696	0.00769	0.00692	0.00882	0.00753	0.00536	0.06328	0.43199	0.06101	0.17429	0.06747	0.11899	0.00688	0.00434	0.00134	0.00283	0.00584	0.00412	0.00537
35	0.00550	0.00409	0.00512	0.00486	0.00589	0.00371	0.00365	0.00723	0.01094	0.01511	0.68566	0.03155	0.18471	0.00856	0.00473	0.00128	0.00192	0.00748	0.00429	0.00371
36	0.01036	0.02478	0.05706	0.07319	0.16884	0.01850	0.46905	0.01331	0.00948	0.10220	0.00868	0.01073	0.00643	0.00366	0.00438	0.00129	0.00586	0.00422	0.00230	0.00568
37	0.01076	0.00973	0.03306	0.01337	0.01673	0.00927	0.48985	0.07987	0.03229	0.12642	0.01813	0.01433	0.00859	0.00467	0.00498	0.00138	0.04219	0.07603	0.00280	0.00554
38	0.01217	0.06236	0.01016	0.00881	0.01058	0.58372	0.00663	0.01316	0.01036	0.00995	0.01165	0.15850	0.07368	0.00604	0.00391	0.00115	0.00580	0.00456	0.00247	0.00433
39	0.02463	0.00813	0.05890	0.69169	0.04462	0.00891	0.06586	0.01053	0.00814	0.01078	0.00751	0.02936	0.00586	0.00413	0.00404	0.00134	0.00535	0.00376	0.00186	0.00462
40	0.00925	0.11926	0.13024	0.28443	0.07773	0.02160	0.24517	0.01214	0.00877	0.04274	0.00757	0.00989	0.00574	0.00373	0.00400	0.00125	0.00561	0.00364	0.00197	0.00525
41	0.01716	0.00762	0.01008	0.00837	0.05400	0.00706	0.00649	0.13833	0.01245	0.67266	0.01446	0.01286	0.00928	0.00487	0.00403	0.00123	0.00363	0.00395	0.00467	0.00680
42	0.00862	0.18146	0.65604	0.01097	0.04150	0.01058	0.01322	0.01256	0.00843	0.01209	0.00690	0.00812	0.00513	0.00373	0.00358	0.00119	0.00558	0.00283	0.00171	0.00579
43	0.00745	0.00677	0.00931	0.00818	0.00856	0.00866	0.00662	0.00871	0.00818	0.01212	0.32880	0.01757	0.01829	0.02778	0.02222	0.00168	0.48716	0.00504	0.00282	0.00409
44	0.00494	0.00359	0.00467	0.00542	0.00580	0.00331	0.00367	0.00576	0.00809	0.01076	0.09009	0.72445	0.09060	0.01202	0.00506	0.00158	0.00227	0.01083	0.00378	0.00331
45	0.01068	0.13071	0.04356	0.03988	0.24765	0.01051	0.02955	0.22404	0.06044	0.01613	0.10774	0.01236	0.01998	0.00472	0.00412	0.00119	0.02409	0.00394	0.00289	0.00581
46	0.00581	0.00392	0.00456	0.00458	0.00465	0.00398	0.00268	0.00595	0.00592	0.00796	0.01264	0.04079	0.01440	0.76934	0.09350	0.00407	0.00447	0.00580	0.00243	0.00255
47	0.04068	0.00781	0.02734	0.00641	0.00978	0.00642	0.00528	0.10279	0.03263	0.02378	0.02650	0.01006	0.03267	0.00365	0.00323	0.00077	0.00316	0.00290	0.00271	0.65142
48	0.00703	0.02984	0.00806	0.05598	0.11699	0.03319	0.00624	0.03226	0.00879	0.01159	0.01779	0.36162	0.05278	0.00920	0.00472	0.00148	0.00342	0.18535	0.00321	0.05046

[dist]
# distance from previous block
# <min> <max>
5	17

[block]
# block no. 10 follows, 67 sequences, length 8
# corresponding to MSA columns:
# 556-563
name=unknown_K
#
# <colnr> <probs for GDERKNQSTAVLIFYWHMCP>
#	G	D	E	R	K	N	Q	S	T	A	V	L	I	F	Y	W	H	M	C	P
0	0.01217	0.17150	0.01313	0.00937	0.02798	0.33481	0.05644	0.14058	0.03528	0.01325	0.08948	0.03158	0.00964	0.00555	0.03117	0.00127	0.00551	0.00361	0.00264	0.00506
1	0.01041	0.18320	0.25750	0.01002	0.06448	0.02870	0.02067	0.07785	0.07886	0.09362	0.02464	0.04798	0.00831	0.00485	0.00432	0.00123	0.05620	0.01886	0.00262	0.00566
2	0.03884	0.00881	0.07915	0.02264	0.01091	0.03519	0.00662	0.10897	0.05324	0.36871	0.05455	0.04835	0.01044	0.00500	0.00388	0.00116	0.00370	0.00405	0.00385	0.13194
3	0.01156	0.01045	0.07962	0.00842	0.01099	0.08187	0.00715	0.35156	0.12849	0.04233	0.05093	0.13572	0.02847	0.00632	0.00422	0.00130	0.00410	0.02718	0.00365	0.00568
4	0.01104	0.00719	0.00914	0.07509	0.01128	0.00752	0.03285	0.10033	0.23211	0.21124	0.07070	0.07495	0.05248	0.00648	0.00436	0.00137	0.00351	0.07882	0.00398	0.00557
5	0.04551	0.00561	0.07522	0.00532	0.00614	0.00463	0.00396	0.00733	0.00667	0.04439	0.01361	0.08654	0.03185	0.60146	0.01552	0.00314	0.00384	0.03349	0.00265	0.00312
6	0.00831	0.00829	0.07975	0.09957	0.09371	0.00760	0.05487	0.02633	0.22833	0.03489	0.12049	0.01865	0.15013	0.00585	0.00422	0.00128	0.00367	0.00509	0.00323	0.04572
7	0.01056	0.00875	0.03484	0.16298	0.04708	0.03211	0.03871	0.15536	0.04679	0.09144	0.00934	0.03920	0.00732	0.00421	0.00372	0.00105	0.00412	0.00354	0.00286	0.29604

[dist]
# distance from previous block
# <min> <max>
2	6

[block]
# block no. 11 follows, 67 sequences, length 21
# corresponding to MSA columns:
# 570-590
name=unknown_L
#
# <colnr> <probs for GDERKNQSTAVLIFYWHMCP>
#	G	D	E	R	K	N	Q	S	T	A	V	L	I	F	Y	W	H	M	C	P
0	0.01001	0.00765	0.03623	0.00692	0.01003	0.02137	0.03801	0.03274	0.05363	0.15412	0.12614	0.01277	0.01147	0.00430	0.00360	0.00092	0.00327	0.00361	0.00320	0.46002
1	0.06094	0.02665	0.09174	0.06912	0.12087	0.00787	0.06221	0.04379	0.08930	0.02905	0.10806	0.13790	0.07396	0.02100	0.00490	0.00154	0.00410	0.03840	0.00332	0.00529
2	0.02973	0.01007	0.00968	0.00849	0.01087	0.09949	0.00667	0.15377	0.56863	0.01737	0.01401	0.01376	0.01066	0.00529	0.00402	0.00131	0.00383	0.02241	0.00381	0.00614
3	0.00954	0.14695	0.52294	0.01062	0.05447	0.03334	0.01184	0.03026	0.00914	0.07672	0.05178	0.00977	0.00732	0.00410	0.00369	0.00119	0.00521	0.00318	0.00217	0.00577
4	0.00516	0.00369	0.00482	0.00556	0.00588	0.00351	0.00377	0.00612	0.02200	0.01067	0.08335	0.68782	0.02612	0.07674	0.00625	0.00178	0.00247	0.03730	0.00368	0.00330
5	0.00868	0.04391	0.68948	0.01174	0.01727	0.00946	0.10453	0.01297	0.00869	0.04565	0.00760	0.00888	0.00539	0.00380	0.00389	0.00127	0.00587	0.00318	0.00186	0.00588
6	0.01116	0.04738	0.12729	0.01448	0.24627	0.03824	0.11527	0.18134	0.04858	0.06255	0.04788	0.01092	0.00810	0.00429	0.00418	0.00123	0.01827	0.00380	0.00274	0.00603
7	0.00996	0.00930	0.01604	0.09218	0.70428	0.00939	0.04856	0.01239	0.00913	0.03885	0.00780	0.01015	0.00637	0.00364	0.00401	0.00121	0.00486	0.00364	0.00206	0.00617
8	0.00538	0.00403	0.00499	0.00488	0.00584	0.00364	0.00361	0.00694	0.01045	0.01425	0.56290	0.11953	0.22061	0.00911	0.00477	0.00132	0.00197	0.00797	0.00418	0.00364
9	0.07259	0.35313	0.05870	0.02713	0.02241	0.19583	0.07351	0.03284	0.04575	0.04090	0.00699	0.00802	0.00572	0.00395	0.00365	0.00108	0.03769	0.00281	0.00215	0.00517
10	0.12945	0.11704	0.16380	0.01157	0.15117	0.03320	0.03990	0.22488	0.03139	0.03605	0.00842	0.00930	0.01852	0.00413	0.00361	0.00118	0.00463	0.00323	0.00265	0.00586
11	0.00528	0.00391	0.00493	0.00508	0.00588	0.00357	0.00368	0.00664	0.00978	0.01326	0.42547	0.28713	0.17617	0.00995	0.00487	0.00140	0.00208	0.02329	0.00406	0.00355
12	0.00492	0.00356	0.00465	0.00551	0.00585	0.00330	0.00374	0.00567	0.00783	0.01033	0.02350	0.77307	0.08802	0.01234	0.00510	0.00161	0.00234	0.03165	0.00372	0.00328
13	0.02021	0.08630	0.19318	0.04786	0.26367	0.03487	0.05867	0.02274	0.11459	0.07595	0.03708	0.01088	0.00796	0.00415	0.00388	0.00122	0.00476	0.00362	0.00250	0.00590
14	0.01086	0.10803	0.26821	0.01223	0.08529	0.04358	0.18029	0.03667	0.07047	0.13200	0.00919	0.01007	0.00669	0.00399	0.00393	0.00123	0.00526	0.00357	0.00252	0.00590
15	0.09572	0.01091	0.01147	0.00886	0.01201	0.01212	0.00732	0.74603	0.01775	0.02460	0.00926	0.00934	0.00659	0.00471	0.00387	0.00121	0.00429	0.00348	0.00387	0.00659
16	0.01495	0.04879	0.01162	0.00957	0.02328	0.43856	0.02999	0.12220	0.04024	0.19463	0.00942	0.02276	0.00706	0.00453	0.00379	0.00113	0.00563	0.00330	0.00304	0.00552
17	0.00519	0.00382	0.00490	0.00568	0.00612	0.00364	0.00393	0.00645	0.04477	0.01067	0.02318	0.71510	0.08601	0.01199	0.00507	0.00161	0.00241	0.05229	0.00374	0.00343
18	0.02467	0.02321	0.12395	0.00702	0.00922	0.05061	0.00623	0.04796	0.03306	0.17382	0.23302	0.18751	0.04859	0.00729	0.00436	0.00132	0.00335	0.00624	0.00374	0.00484
19	0.01216	0.51244	0.04232	0.00790	0.01112	0.11640	0.00727	0.14535	0.05424	0.04634	0.00736	0.00787	0.00600	0.00393	0.00312	0.00099	0.00463	0.00267	0.00239	0.00552
20	0.00875	0.20503	0.11649	0.00958	0.12616	0.00879	0.00765	0.01111	0.03187	0.01227	0.04569	0.03916	0.00917	0.00444	0.00348	0.00100	0.00388	0.05877	0.00236	0.29433

[dist]
# distance from previous block
# <min> <max>
0	10

[block]
# block no. 12 follows, 67 sequences, length 69
# corresponding to MSA columns:
# 601-669
name=unknown_M
#
# <colnr> <probs for GDERKNQSTAVLIFYWHMCP>
#	G	D	E	R	K	N	Q	S	T	A	V	L	I	F	Y	W	H	M	C	P
0	0.00936	0.01013	0.10602	0.02483	0.32377	0.02227	0.11844	0.09650	0.05013	0.01446	0.09584	0.05809	0.04209	0.00501	0.00423	0.00127	0.00456	0.00468	0.00268	0.00564
1	0.01030	0.01042	0.05080	0.02020	0.56947	0.03804	0.06804	0.06134	0.10503	0.01410	0.00867	0.01040	0.00695	0.00388	0.00402	0.00122	0.00483	0.00371	0.00234	0.00624
2	0.04050	0.04116	0.65090	0.01053	0.01576	0.06459	0.01282	0.01298	0.00870	0.04417	0.00736	0.00845	0.00530	0.00381	0.00368	0.00120	0.00560	0.00289	0.00191	0.05770
3	0.01498	0.13061	0.01340	0.00890	0.01215	0.03543	0.07501	0.35977	0.01398	0.27933	0.01079	0.01048	0.00746	0.00453	0.00386	0.00117	0.00436	0.00360	0.00376	0.00640
4	0.00955	0.00867	0.00970	0.00987	0.09623	0.05825	0.02678	0.01766	0.55913	0.01498	0.01541	0.13079	0.01304	0.00611	0.00420	0.00136	0.00355	0.00528	0.00364	0.00580
5	0.00583	0.00389	0.00437	0.00437	0.00437	0.00389	0.00243	0.00583	0.00583	0.00778	0.01264	0.02624	0.01458	0.85906	0.02041	0.00389	0.00389	0.00583	0.00243	0.00243
6	0.00825	0.02070	0.81361	0.01140	0.01721	0.03418	0.01461	0.01280	0.00855	0.01261	0.00717	0.00843	0.00508	0.00382	0.00380	0.00126	0.00597	0.00295	0.00170	0.00589
7	0.02063	0.12743	0.56361	0.01144	0.01652	0.05842	0.12250	0.01281	0.00871	0.01220	0.00703	0.00843	0.00522	0.00372	0.00375	0.00121	0.00587	0.00307	0.00177	0.00566
8	0.00491	0.00388	0.00445	0.00487	0.00576	0.00341	0.00353	0.00585	0.00858	0.01068	0.03218	0.35741	0.46715	0.01115	0.00494	0.00149	0.00225	0.06045	0.00372	0.00336
9	0.01475	0.01890	0.13401	0.00865	0.02491	0.00714	0.04970	0.05440	0.01087	0.53024	0.01304	0.01272	0.00873	0.00472	0.00414	0.00123	0.01780	0.02178	0.00396	0.05832
10	0.00973	0.00818	0.05006	0.00763	0.00989	0.00834	0.00626	0.04904	0.50745	0.07924	0.16693	0.01823	0.02963	0.00602	0.00423	0.00133	0.00314	0.02479	0.00407	0.00579
11	0.01752	0.00693	0.00956	0.00778	0.04175	0.00602	0.00612	0.01910	0.01133	0.79083	0.01535	0.01341	0.00972	0.00488	0.00401	0.00123	0.00346	0.00399	0.00480	0.02221
12	0.01006	0.01010	0.03014	0.04236	0.70780	0.05056	0.02472	0.01272	0.03618	0.01298	0.00775	0.00994	0.00643	0.00367	0.00395	0.00119	0.00487	0.00355	0.00205	0.01898
13	0.00585	0.00421	0.00573	0.00658	0.00730	0.00410	0.00534	0.00728	0.00877	0.01146	0.03946	0.30538	0.06817	0.01145	0.00534	0.00174	0.00313	0.49147	0.00372	0.00354
