[name]
unknown

[dist]
# distance from previous block
# <min> <max>
0	87

[block]
# block no. 0 follows, 68 sequences, length 33
# corresponding to MSA columns:
# 96-128
name=unknown_A
#
# <colnr> <probs for GDERKNQSTAVLIFYWHMCP>
#	G	D	E	R	K	N	Q	S	T	A	V	L	I	F	Y	W	H	M	C	P
0	0.04632	0.11193	0.07051	0.00887	0.08846	0.03033	0.02278	0.05977	0.10803	0.04607	0.07308	0.01430	0.05916	0.00489	0.00377	0.00109	0.01299	0.04184	0.00286	0.19296
1	0.00988	0.04287	0.08875	0.05341	0.11580	0.11408	0.08423	0.05341	0.03056	0.03315	0.00860	0.02352	0.02316	0.01743	0.00517	0.00121	0.11656	0.00352	0.04093	0.13374
2	0.05625	0.07386	0.17323	0.06182	0.03885	0.19637	0.02446	0.12357	0.01015	0.04110	0.00786	0.03773	0.00653	0.03012	0.00479	0.00126	0.06525	0.00334	0.00236	0.04108
3	0.00877	0.00845	0.03137	0.04675	0.03597	0.03628	0.08023	0.07212	0.21729	0.01362	0.07549	0.01705	0.14949	0.00626	0.00608	0.00139	0.18044	0.00490	0.00304	0.00499
4	0.00501	0.00392	0.00454	0.00462	0.00561	0.00345	0.00338	0.00623	0.00945	0.01225	0.28970	0.19577	0.42215	0.00989	0.00476	0.00136	0.00202	0.00855	0.00390	0.00345
5	0.00877	0.00863	0.02639	0.26272	0.13998	0.02880	0.17812	0.05640	0.05181	0.01223	0.03217	0.02694	0.00797	0.05461	0.03084	0.00162	0.06064	0.00417	0.00224	0.00495
6	0.00484	0.00400	0.00425	0.00424	0.00546	0.00340	0.00316	0.00597	0.00932	0.01151	0.16526	0.07281	0.67242	0.00984	0.00470	0.00134	0.00200	0.00831	0.00379	0.00340
7	0.82391	0.00760	0.00608	0.00535	0.00785	0.00867	0.00441	0.01223	0.00709	0.07882	0.00627	0.00697	0.00470	0.00377	0.00257	0.00123	0.00309	0.00228	0.00264	0.00448
8	0.74003	0.00818	0.00678	0.00585	0.00840	0.00941	0.00481	0.12843	0.03008	0.01879	0.00637	0.00710	0.00485	0.00388	0.00271	0.00122	0.00326	0.00241	0.00271	0.00470
9	0.00749	0.00705	0.01189	0.85113	0.02731	0.00881	0.01101	0.01013	0.00793	0.01013	0.00705	0.01057	0.00529	0.00396	0.00396	0.00132	0.00529	0.00352	0.00176	0.00440
10	0.00957	0.00897	0.01495	0.23893	0.53751	0.00949	0.03962	0.06964	0.00944	0.01307	0.00752	0.01002	0.00604	0.00373	0.00396	0.00122	0.00490	0.00357	0.00206	0.00579
11	0.01507	0.01111	0.01190	0.00912	0.01230	0.01230	0.00754	0.82270	0.01864	0.02499	0.00952	0.00952	0.00674	0.00476	0.00397	0.00119	0.00436	0.00357	0.00397	0.00674
12	0.01057	0.00903	0.03558	0.02979	0.47642	0.00861	0.11506	0.02552	0.04319	0.13178	0.02145	0.05736	0.00848	0.00436	0.00411	0.00124	0.00457	0.00425	0.00262	0.00599
13	0.00483	0.00345	0.00460	0.00552	0.00575	0.00322	0.00368	0.00552	0.00759	0.01012	0.02185	0.85807	0.02622	0.01242	0.00506	0.00161	0.00230	0.01127	0.00368	0.00322
14	0.01779	0.00675	0.00920	0.00705	0.01012	0.00583	0.00583	0.01932	0.01135	0.83867	0.01564	0.01350	0.00981	0.00491	0.00399	0.00123	0.00337	0.00399	0.00491	0.00675
15	0.00550	0.00405	0.00515	0.00487	0.00586	0.00369	0.00365	0.00727	0.01096	0.01528	0.73845	0.03064	0.13318	0.00834	0.00468	0.00126	0.00189	0.00731	0.00428	0.00369
16	0.00754	0.00484	0.00622	0.02068	0.04409	0.00444	0.00443	0.00928	0.02488	0.14281	0.37146	0.02777	0.27289	0.00855	0.03111	0.00143	0.00263	0.00667	0.00401	0.00426
17	0.00936	0.01070	0.02340	0.01671	0.02072	0.01003	0.82152	0.01270	0.00936	0.01270	0.00802	0.01070	0.00602	0.00334	0.00468	0.00134	0.00668	0.00468	0.00201	0.00535
18	0.01495	0.01060	0.01151	0.00889	0.01198	0.01162	0.00732	0.73191	0.03827	0.08165	0.01033	0.02475	0.00743	0.00492	0.00399	0.00120	0.00423	0.00376	0.00403	0.00667
19	0.00885	0.01707	0.53184	0.03730	0.07978	0.09161	0.04125	0.01252	0.02154	0.01198	0.00727	0.00919	0.00559	0.00451	0.01540	0.00135	0.08230	0.01330	0.00182	0.00552
20	0.00753	0.01721	0.07628	0.00868	0.05560	0.03656	0.07383	0.05502	0.03287	0.01166	0.01983	0.09868	0.28574	0.01985	0.02034	0.02795	0.13930	0.00593	0.00282	0.00431
21	0.00631	0.00467	0.00568	0.00540	0.00648	0.00418	0.00399	0.00778	0.01132	0.01568	0.67761	0.03207	0.18499	0.00896	0.00503	0.00142	0.00220	0.00762	0.00449	0.00411
22	0.08373	0.00858	0.01375	0.09273	0.49691	0.00868	0.04513	0.02670	0.00924	0.13987	0.00896	0.03288	0.00710	0.00404	0.00388	0.00122	0.00444	0.00374	0.00252	0.00591
23	0.07408	0.11565	0.15522	0.02199	0.15070	0.01981	0.09197	0.07259	0.00986	0.19460	0.01941	0.01046	0.02119	0.00418	0.00391	0.00120	0.02113	0.00349	0.00276	0.00580
24	0.03443	0.00603	0.05825	0.00772	0.05376	0.00532	0.03317	0.03711	0.02950	0.05437	0.04863	0.41773	0.04528	0.00992	0.03198	0.00164	0.01697	0.08282	0.02121	0.00414
25	0.00478	0.00395	0.00419	0.00427	0.00545	0.00336	0.00315	0.00581	0.00904	0.01105	0.10060	0.13629	0.67403	0.01018	0.00473	0.00136	0.00203	0.00862	0.00374	0.00336
26	0.00787	0.01277	0.34951	0.06244	0.10919	0.00817	0.14967	0.02261	0.02146	0.01232	0.03194	0.12110	0.03219	0.00604	0.03375	0.00149	0.00527	0.00476	0.00224	0.00520
27	0.02616	0.15859	0.13596	0.06345	0.17042	0.02548	0.03907	0.11881	0.07807	0.08806	0.00886	0.02235	0.00688	0.00427	0.00404	0.00119	0.03652	0.00344	0.00259	0.00578
28	0.00988	0.01065	0.13656	0.03845	0.20760	0.08686	0.03427	0.01301	0.09370	0.09591	0.05671	0.03642	0.05937	0.00559	0.01864	0.00137	0.08268	0.00424	0.00270	0.00539
29	0.00639	0.00492	0.00567	0.00546	0.00568	0.03440	0.00365	0.00681	0.00629	0.00856	0.02889	0.03746	0.01311	0.56941	0.13575	0.00372	0.09114	0.00528	0.02449	0.00292
30	0.00872	0.00786	0.01987	0.02024	0.01015	0.03530	0.01536	0.03855	0.02478	0.01324	0.00729	0.00843	0.00598	0.00312	0.00307	0.00067	0.00326	0.00250	0.00240	0.76920
31	0.07487	0.12539	0.18153	0.01106	0.02821	0.14185	0.17092	0.04355	0.00897	0.03289	0.00682	0.00848	0.00543	0.00424	0.00513	0.00125	0.13901	0.00320	0.00204	0.00517
32	0.00588	0.00447	0.00617	0.00614	0.00704	0.00452	0.03301	0.00766	0.05277	0.02478	0.09503	0.27644	0.12287	0.03890	0.25232	0.00298	0.00500	0.04711	0.00323	0.00368

[dist]
# distance from previous block
# <min> <max>
0	1

[block]
# block no. 1 follows, 68 sequences, length 37
# corresponding to MSA columns:
# 130-166
name=unknown_B
#
# <colnr> <probs for GDERKNQSTAVLIFYWHMCP>
#	G	D	E	R	K	N	Q	S	T	A	V	L	I	F	Y	W	H	M	C	P
0	0.01150	0.08734	0.22207	0.03148	0.05739	0.09930	0.02243	0.26690	0.07638	0.02728	0.00878	0.00977	0.00664	0.00430	0.00374	0.00117	0.00490	0.01334	0.02298	0.02233
1	0.00782	0.00467	0.00484	0.00463	0.00578	0.00492	0.00349	0.02624	0.14658	0.01494	0.03152	0.01546	0.01119	0.03815	0.01721	0.00121	0.00233	0.00399	0.65090	0.00414
2	0.01064	0.00938	0.04102	0.02051	0.08071	0.03156	0.00696	0.23751	0.19508	0.01695	0.02917	0.02921	0.00865	0.00444	0.00370	0.00106	0.00374	0.00361	0.00318	0.26291
3	0.00513	0.00399	0.00466	0.00459	0.00565	0.00352	0.00340	0.00651	0.00993	0.01307	0.40652	0.10029	0.39985	0.00934	0.00471	0.00132	0.00197	0.00805	0.00400	0.00352
4	0.00644	0.00477	0.00613	0.09471	0.00858	0.00490	0.00466	0.00882	0.10876	0.04173	0.17387	0.32470	0.07567	0.11009	0.00648	0.00171	0.00284	0.00774	0.00354	0.00386
5	0.01516	0.00789	0.01046	0.00970	0.11303	0.00778	0.00698	0.11403	0.11349	0.50678	0.01358	0.01255	0.00913	0.00485	0.00431	0.00125	0.03437	0.00392	0.00421	0.00654
6	0.00591	0.00437	0.00580	0.02567	0.02692	0.00436	0.00450	0.01836	0.04275	0.02944	0.11526	0.51910	0.07187	0.01144	0.04461	0.00174	0.02252	0.03806	0.00360	0.00370
7	0.01185	0.01091	0.03462	0.01457	0.20282	0.03861	0.21189	0.32996	0.05035	0.01755	0.00869	0.00999	0.00656	0.00417	0.00438	0.00124	0.02906	0.00383	0.00284	0.00611
8	0.00986	0.00852	0.00897	0.00807	0.01031	0.00986	0.00628	0.02107	0.82876	0.01659	0.01614	0.01479	0.01210	0.00538	0.00403	0.00134	0.00314	0.00448	0.00403	0.00628
9	0.00488	0.00347	0.00459	0.00546	0.00567	0.00325	0.00361	0.00553	0.00749	0.00999	0.02134	0.81242	0.02558	0.05895	0.00589	0.00173	0.00239	0.01097	0.00361	0.00318
10	0.88866	0.00767	0.00583	0.00521	0.00767	0.00889	0.00429	0.01166	0.00675	0.01779	0.00552	0.00644	0.00429	0.00368	0.00245	0.00123	0.00307	0.00215	0.00245	0.00429
11	0.01060	0.86304	0.02078	0.00678	0.01018	0.01569	0.00678	0.01187	0.00806	0.00933	0.00551	0.00636	0.00509	0.00339	0.00254	0.00085	0.00424	0.00212	0.00170	0.00509
12	0.00974	0.01077	0.01938	0.01675	0.18088	0.08413	0.50065	0.01245	0.00932	0.01240	0.04113	0.01084	0.00721	0.00388	0.00499	0.00130	0.06249	0.00428	0.00208	0.00533
13	0.00572	0.00445	0.00599	0.03995	0.02617	0.00417	0.02409	0.00742	0.01032	0.01412	0.56077	0.02969	0.18811	0.04169	0.00526	0.00138	0.00233	0.02070	0.00392	0.00374
14	0.00866	0.00954	0.02019	0.01481	0.01812	0.00909	0.66993	0.01152	0.00897	0.01220	0.00997	0.13664	0.00899	0.00483	0.00504	0.00139	0.03724	0.00561	0.00224	0.00499
15	0.06004	0.04575	0.01018	0.00830	0.01046	0.21277	0.01605	0.25039	0.15341	0.01564	0.01028	0.03269	0.00880	0.10803	0.00592	0.00152	0.01910	0.02239	0.00307	0.00520
16	0.00949	0.00929	0.01644	0.11840	0.65017	0.00942	0.10428	0.01199	0.00894	0.01260	0.00748	0.01000	0.00614	0.00356	0.00402	0.00121	0.00500	0.00366	0.00194	0.00596
17	0.00911	0.00702	0.00831	0.00598	0.00946	0.00534	0.00480	0.01085	0.00851	0.08946	0.00784	0.00871	0.00624	0.00312	0.00303	0.00065	0.00298	0.00250	0.00259	0.80350
18	0.00483	0.00345	0.00460	0.00552	0.00575	0.00322	0.00368	0.00552	0.00759	0.01012	0.02185	0.85807	0.02622	0.01242	0.00506	0.00161	0.00230	0.01127	0.00368	0.00322
19	0.00567	0.00422	0.00623	0.00623	0.00689	0.00488	0.00478	0.00699	0.00633	0.00910	0.01075	0.01629	0.01022	0.08698	0.78813	0.00620	0.01015	0.00435	0.00214	0.00346
20	0.01439	0.01047	0.01130	0.00885	0.01187	0.01158	0.00725	0.65460	0.14595	0.06596	0.01088	0.01056	0.00775	0.00486	0.00398	0.00122	0.00412	0.00374	0.00403	0.00667
21	0.00577	0.00384	0.00432	0.00432	0.00432	0.00384	0.00240	0.00577	0.00577	0.00769	0.01249	0.02595	0.01441	0.86066	0.02018	0.00384	0.00384	0.00577	0.00240	0.00240
22	0.88866	0.00767	0.00583	0.00521	0.00767	0.00889	0.00429	0.01166	0.00675	0.01779	0.00552	0.00644	0.00429	0.00368	0.00245	0.00123	0.00307	0.00215	0.00245	0.00429
23	0.88866	0.00767	0.00583	0.00521	0.00767	0.00889	0.00429	0.01166	0.00675	0.01779	0.00552	0.00644	0.00429	0.00368	0.00245	0.00123	0.00307	0.00215	0.00245	0.00429
24	0.00981	0.00942	0.01609	0.02434	0.83592	0.00942	0.01217	0.01217	0.00903	0.01295	0.00746	0.00981	0.00628	0.00353	0.00393	0.00118	0.00471	0.00353	0.00196	0.00628
25	0.01686	0.00824	0.01012	0.00776	0.01087	0.00804	0.00641	0.29421	0.01384	0.56026	0.01355	0.01213	0.00876	0.00486	0.00398	0.00121	0.00371	0.00384	0.00459	0.00675
26	0.00495	0.00355	0.00471	0.00544	0.00578	0.00330	0.00369	0.00583	0.00817	0.01104	0.15083	0.72648	0.02800	0.01174	0.00500	0.00155	0.00223	0.01062	0.00379	0.00330
27	0.00689	0.00344	0.00517	0.00517	0.00517	0.00344	0.00344	0.00517	0.00517	0.00689	0.00689	0.01205	0.00689	0.01377	0.01550	0.88464	0.00344	0.00344	0.00172	0.00172
28	0.00986	0.00852	0.00897	0.00807	0.01031	0.00986	0.00628	0.02107	0.82876	0.01659	0.01614	0.01479	0.01210	0.00538	0.00403	0.00134	0.00314	0.00448	0.00403	0.00628
29	0.00972	0.00929	0.01566	0.05737	0.77318	0.00941	0.01191	0.01241	0.03863	0.01297	0.00776	0.01002	0.00645	0.00362	0.00393	0.00119	0.00468	0.00357	0.00203	0.00620
30	0.00795	0.02051	0.84011	0.01130	0.01716	0.00921	0.01465	0.01256	0.00837	0.01256	0.00712	0.00837	0.00502	0.00377	0.00377	0.00126	0.00586	0.00293	0.00167	0.00586
31	0.00483	0.00345	0.00460	0.00552	0.00575	0.00322	0.00368	0.00552	0.00759	0.01012	0.02185	0.85807	0.02622	0.01242	0.00506	0.00161	0.00230	0.01127	0.00368	0.00322
32	0.00795	0.02051	0.84011	0.01130	0.01716	0.00921	0.01465	0.01256	0.00837	0.01256	0.00712	0.00837	0.00502	0.00377	0.00377	0.00126	0.00586	0.00293	0.00167	0.00586
33	0.00899	0.44307	0.02594	0.00655	0.02520	0.01047	0.00584	0.01096	0.06160	0.05505	0.03026	0.01830	0.23018	0.00587	0.00353	0.00110	0.00349	0.04617	0.00270	0.00472
34	0.00560	0.00438	0.00633	0.00801	0.10745	0.00434	0.00494	0.00654	0.00765	0.01040	0.01896	0.68109	0.02223	0.01218	0.05365	0.00184	0.02775	0.00969	0.00332	0.00365
35	0.00483	0.00345	0.00460	0.00552	0.00575	0.00322	0.00368	0.00552	0.00759	0.01012	0.02185	0.85807	0.02622	0.01242	0.00506	0.00161	0.00230	0.01127	0.00368	0.00322
36	0.00584	0.00489	0.04521	0.03692	0.00793	0.00460	0.00527	0.00721	0.00734	0.02833	0.01570	0.34646	0.01697	0.01868	0.35737	0.00359	0.00620	0.07495	0.00289	0.00364

[dist]
# distance from previous block
# <min> <max>
0	7

[block]
# block no. 2 follows, 68 sequences, length 40
# corresponding to MSA columns:
# 178-217
name=unknown_C
#
# <colnr> <probs for GDERKNQSTAVLIFYWHMCP>
#	G	D	E	R	K	N	Q	S	T	A	V	L	I	F	Y	W	H	M	C	P
0	0.00838	0.11563	0.17377	0.02362	0.02264	0.09099	0.02346	0.05618	0.00828	0.01082	0.01884	0.05347	0.00932	0.17010	0.17830	0.00273	0.02277	0.00414	0.00221	0.00436
1	0.00917	0.06288	0.10777	0.04675	0.22647	0.03022	0.02790	0.04849	0.04251	0.01281	0.02204	0.03987	0.00730	0.00426	0.00446	0.00110	0.07993	0.00346	0.00226	0.22032
2	0.00882	0.00985	0.07461	0.34697	0.19834	0.03002	0.22301	0.02326	0.00877	0.01178	0.00737	0.01015	0.00569	0.00376	0.00428	0.00129	0.02117	0.00376	0.00190	0.00520
3	0.00480	0.00368	0.00441	0.00495	0.00561	0.00328	0.00343	0.00565	0.00825	0.01053	0.05528	0.52668	0.32642	0.01140	0.00491	0.00150	0.00218	0.01006	0.00370	0.00328
4	0.01060	0.86304	0.02078	0.00678	0.01018	0.01569	0.00678	0.01187	0.00806	0.00933	0.00551	0.00636	0.00509	0.00339	0.00254	0.00085	0.00424	0.00212	0.00170	0.00509
5	0.00519	0.00378	0.00488	0.00562	0.00618	0.00353	0.00412	0.00620	0.00820	0.01075	0.03849	0.53598	0.14964	0.01155	0.00504	0.00159	0.00252	0.17469	0.01870	0.00335
6	0.00483	0.00402	0.00421	0.00416	0.00544	0.00341	0.00312	0.00596	0.00937	0.01150	0.16127	0.03685	0.71271	0.00975	0.00468	0.00132	0.00199	0.00819	0.00379	0.00341
7	0.00561	0.00405	0.00530	0.00499	0.00592	0.00374	0.00374	0.00748	0.01122	0.01590	0.83383	0.02962	0.03741	0.00811	0.00468	0.00125	0.00187	0.00717	0.00436	0.00374
8	0.00867	0.00867	0.01214	0.01041	0.01041	0.01214	0.00867	0.00954	0.00607	0.00954	0.00520	0.00867	0.00520	0.00694	0.01301	0.00173	0.85340	0.00347	0.00173	0.00434
9	0.01497	0.01088	0.01169	0.00898	0.01210	0.01200	0.00741	0.79110	0.01830	0.04056	0.00971	0.00970	0.00687	0.00476	0.00394	0.00119	0.00429	0.00358	0.02130	0.00668
10	0.00483	0.00345	0.00460	0.00552	0.00575	0.00322	0.00368	0.00552	0.00759	0.01012	0.02185	0.85807	0.02622	0.01242	0.00506	0.00161	0.00230	0.01127	0.00368	0.00322
11	0.00981	0.00942	0.01609	0.02434	0.83592	0.00942	0.01217	0.01217	0.00903	0.01295	0.00746	0.00981	0.00628	0.00353	0.00393	0.00118	0.00471	0.00353	0.00196	0.00628
12	0.01060	0.86304	0.02078	0.00678	0.01018	0.01569	0.00678	0.01187	0.00806	0.00933	0.00551	0.00636	0.00509	0.00339	0.00254	0.00085	0.00424	0.00212	0.00170	0.00509
13	0.00628	0.00450	0.00624	0.00706	0.00797	0.00447	0.00611	0.00807	0.00923	0.01207	0.07242	0.05592	0.04145	0.01078	0.00540	0.00178	0.00348	0.72944	0.00370	0.00364
14	0.00822	0.00705	0.00822	0.00587	0.00940	0.00529	0.00470	0.00998	0.00822	0.01292	0.00705	0.00822	0.00587	0.00294	0.00294	0.00059	0.00294	0.00235	0.00235	0.88490
15	0.00986	0.00852	0.00897	0.00807	0.01031	0.00986	0.00628	0.02107	0.82876	0.01659	0.01614	0.01479	0.01210	0.00538	0.00403	0.00134	0.00314	0.00448	0.00403	0.00628
16	0.01037	0.01027	0.01015	0.00887	0.01062	0.23328	0.08070	0.13183	0.07763	0.02774	0.02407	0.23682	0.03642	0.00727	0.01767	0.00140	0.06141	0.00572	0.00303	0.00471
17	0.00483	0.00347	0.00458	0.00547	0.00574	0.00322	0.00366	0.00553	0.00764	0.01014	0.02250	0.82922	0.05466	0.01234	0.00505	0.00160	0.00229	0.01117	0.00368	0.00322
18	0.00822	0.00705	0.00822	0.00587	0.00940	0.00529	0.00470	0.00998	0.00822	0.01292	0.00705	0.00822	0.00587	0.00294	0.00294	0.00059	0.00294	0.00235	0.00235	0.88490
19	0.00975	0.47547	0.30920	0.00890	0.01309	0.04264	0.03830	0.01261	0.03721	0.01086	0.00656	0.00755	0.00535	0.00362	0.00314	0.00103	0.00496	0.00259	0.00179	0.00539
20	0.50089	0.02876	0.35820	0.00781	0.01172	0.00915	0.00871	0.01204	0.00746	0.01543	0.00619	0.00725	0.00462	0.00371	0.00301	0.00123	0.00427	0.00248	0.00211	0.00497
21	0.00588	0.00383	0.00428	0.00428	0.00434	0.00383	0.00243	0.00601	0.00594	0.00818	0.01252	0.02518	0.01412	0.80165	0.01898	0.00364	0.00371	0.00562	0.06308	0.00249
22	0.00754	0.01694	0.64232	0.01026	0.01511	0.00825	0.04336	0.01166	0.02883	0.01259	0.05449	0.04191	0.07988	0.00487	0.00398	0.00128	0.00515	0.00402	0.00213	0.00543
23	0.00485	0.00351	0.00458	0.00539	0.00573	0.00325	0.00363	0.00560	0.00783	0.01037	0.05148	0.76814	0.08683	0.01209	0.00502	0.00158	0.00226	0.01091	0.00370	0.00325
24	0.84342	0.00762	0.00600	0.00531	0.00780	0.00874	0.00437	0.01205	0.00699	0.06043	0.00605	0.00681	0.00458	0.00374	0.00253	0.00123	0.00308	0.00224	0.00258	0.00442
25	0.26024	0.00546	0.00545	0.00483	0.00664	0.00562	0.00384	0.01203	0.00850	0.18792	0.01139	0.01214	0.00842	0.00441	0.00294	0.00107	0.00251	0.00332	0.44874	0.00450
26	0.00482	0.00402	0.00420	0.00415	0.00543	0.00340	0.00311	0.00594	0.00934	0.01144	0.15101	0.03696	0.72302	0.00977	0.00468	0.00133	0.00199	0.00820	0.00378	0.00340
27	0.00807	0.00662	0.00723	0.00681	0.00837	0.00728	0.00510	0.04810	0.45353	0.01436	0.05236	0.19827	0.09013	0.06855	0.00549	0.00157	0.00291	0.00645	0.00382	0.00500
28	0.00998	0.04996	0.21445	0.01734	0.39620	0.08641	0.09314	0.01294	0.02373	0.03281	0.00758	0.00931	0.00598	0.00367	0.00386	0.00118	0.00530	0.00336	0.00201	0.02080
29	0.00749	0.00705	0.01189	0.85113	0.02731	0.00881	0.01101	0.01013	0.00793	0.01013	0.00705	0.01057	0.00529	0.00396	0.00396	0.00132	0.00529	0.00352	0.00176	0.00440
30	0.00719	0.02732	0.38750	0.00830	0.01171	0.00692	0.02840	0.04197	0.01000	0.01428	0.35040	0.01868	0.05918	0.00589	0.00420	0.00125	0.00395	0.00500	0.00298	0.00487
31	0.01072	0.83901	0.02051	0.00688	0.01024	0.03929	0.00681	0.01199	0.00815	0.00934	0.00553	0.00638	0.00509	0.00341	0.00257	0.00085	0.00432	0.00213	0.00171	0.00507
32	0.00858	0.00704	0.00826	0.00592	0.00942	0.00531	0.00474	0.01033	0.00834	0.04383	0.00737	0.00842	0.00602	0.00301	0.00298	0.00061	0.00295	0.00241	0.00244	0.85202
33	0.01092	0.00891	0.01162	0.35962	0.01833	0.01030	0.02492	0.35026	0.10950	0.01712	0.00927	0.01078	0.00685	0.00518	0.02793	0.00141	0.00483	0.00370	0.00297	0.00560
34	0.01060	0.86304	0.02078	0.00678	0.01018	0.01569	0.00678	0.01187	0.00806	0.00933	0.00551	0.00636	0.00509	0.00339	0.00254	0.00085	0.00424	0.00212	0.00170	0.00509
35	0.01249	0.00522	0.00648	0.00541	0.00740	0.00476	0.00432	0.01418	0.00992	0.42370	0.04277	0.01466	0.01094	0.00488	0.00344	0.00109	0.00261	0.00396	0.41657	0.00521
36	0.00497	0.00363	0.00467	0.00525	0.00574	0.00334	0.00362	0.00593	0.00847	0.01133	0.18495	0.60183	0.11905	0.01130	0.00494	0.00151	0.00218	0.01013	0.00382	0.00334
37	0.00554	0.00400	0.00492	0.00472	0.00572	0.00365	0.00353	0.00722	0.01050	0.01467	0.60122	0.05200	0.18752	0.00834	0.00455	0.00125	0.00191	0.00726	0.06784	0.00365
38	0.00619	0.00445	0.00614	0.00697	0.00785	0.00439	0.00598	0.00791	0.00910	0.01187	0.05519	0.10164	0.05028	0.01091	0.00539	0.00177	0.00343	0.69323	0.00368	0.00361
39	0.01181	0.00827	0.01264	0.05951	0.36231	0.00784	0.03225	0.05166	0.00992	0.23775	0.00970	0.01059	0.00713	0.00388	0.00380	0.00110	0.00411	0.00348	0.00291	0.15934

[dist]
# distance from previous block
# <min> <max>
0	3

[block]
# block no. 3 follows, 68 sequences, length 54
# corresponding to MSA columns:
# 221-274
name=unknown_D
#
# <colnr> <probs for GDERKNQSTAVLIFYWHMCP>
#	G	D	E	R	K	N	Q	S	T	A	V	L	I	F	Y	W	H	M	C	P
0	0.01075	0.02785	0.01962	0.07981	0.21089	0.00772	0.04460	0.12948	0.01061	0.17968	0.03490	0.09919	0.09221	0.02910	0.00460	0.00134	0.00392	0.00505	0.00324	0.00545
1	0.59072	0.09852	0.03394	0.00637	0.00893	0.11090	0.00542	0.02162	0.04454	0.01556	0.00630	0.00724	0.00503	0.00450	0.02576	0.00131	0.00399	0.00240	0.00238	0.00456
2	0.01431	0.01060	0.01159	0.04594	0.01268	0.01176	0.00753	0.75251	0.01770	0.02371	0.00993	0.04541	0.00750	0.00505	0.00401	0.00121	0.00432	0.00389	0.00386	0.00649
3	0.04800	0.00793	0.02170	0.00776	0.05786	0.00703	0.01555	0.09806	0.08174	0.03716	0.00905	0.02814	0.01814	0.00387	0.00351	0.00087	0.02037	0.00311	0.00274	0.52740
4	0.00596	0.00452	0.00648	0.00634	0.00688	0.00531	0.00483	0.00700	0.00626	0.00896	0.01077	0.01660	0.02442	0.13496	0.61729	0.04504	0.07847	0.00442	0.00214	0.00337
5	0.00974	0.00915	0.01443	0.08559	0.59097	0.02293	0.02304	0.04080	0.09849	0.01344	0.00905	0.01197	0.00759	0.00416	0.00402	0.00124	0.00459	0.04051	0.00232	0.00599
6	0.04135	0.00923	0.01029	0.03684	0.07159	0.03766	0.00708	0.39172	0.14197	0.01877	0.01096	0.04898	0.00882	0.00677	0.05893	0.00157	0.02232	0.01462	0.05477	0.00577
7	0.00483	0.00345	0.00460	0.00552	0.00575	0.00322	0.00368	0.00552	0.00759	0.01012	0.02185	0.85807	0.02622	0.01242	0.00506	0.00161	0.00230	0.01127	0.00368	0.00322
8	0.10006	0.19877	0.10917	0.08242	0.07088	0.02396	0.02781	0.13572	0.01031	0.17452	0.00871	0.00937	0.00639	0.00455	0.02002	0.00125	0.00452	0.00313	0.00278	0.00566
9	0.00985	0.56436	0.21050	0.00876	0.01274	0.01349	0.08164	0.01240	0.03419	0.01061	0.00644	0.00748	0.00538	0.00354	0.00307	0.00100	0.00480	0.00261	0.00179	0.00533
10	0.00483	0.00345	0.00460	0.00552	0.00575	0.00322	0.00368	0.00552	0.00759	0.01012	0.02185	0.85807	0.02622	0.01242	0.00506	0.00161	0.00230	0.01127	0.00368	0.00322
11	0.00840	0.00730	0.02395	0.00600	0.00956	0.00537	0.00491	0.01022	0.00829	0.02914	0.00722	0.00833	0.00593	0.00299	0.00297	0.00061	0.00300	0.00239	0.00239	0.85103
12	0.01205	0.29092	0.11767	0.00895	0.04663	0.03010	0.05458	0.04917	0.04559	0.22133	0.00926	0.00950	0.00682	0.00401	0.00357	0.00107	0.01626	0.00311	0.00279	0.06664
13	0.82130	0.03448	0.00654	0.00549	0.00796	0.04772	0.00453	0.01185	0.00700	0.01716	0.00555	0.00647	0.00436	0.00369	0.00251	0.00121	0.00329	0.00216	0.00241	0.00433
14	0.03926	0.01019	0.01119	0.00863	0.01174	0.01103	0.00712	0.63971	0.04153	0.16291	0.01065	0.01027	0.00736	0.00477	0.00393	0.00120	0.00412	0.00363	0.00409	0.00666
15	0.00536	0.00403	0.00497	0.00483	0.00584	0.00364	0.00363	0.00696	0.01044	0.01420	0.57050	0.06695	0.24215	0.00887	0.00472	0.00130	0.00198	0.03186	0.00414	0.00361
16	0.00551	0.00405	0.00516	0.00488	0.00586	0.00370	0.00366	0.00729	0.01099	0.01535	0.74926	0.03053	0.12233	0.00831	0.00468	0.00126	0.00189	0.00730	0.00429	0.00370
17	0.88866	0.00767	0.00583	0.00521	0.00767	0.00889	0.00429	0.01166	0.00675	0.01779	0.00552	0.00644	0.00429	0.00368	0.00245	0.00123	0.00307	0.00215	0.00245	0.00429
18	0.00986	0.00852	0.00897	0.00807	0.01031	0.00986	0.00628	0.02107	0.82876	0.01659	0.01614	0.01479	0.01210	0.00538	0.00403	0.00134	0.00314	0.00448	0.00403	0.00628
19	0.01507	0.01111	0.01190	0.00912	0.01230	0.01230	0.00754	0.82270	0.01864	0.02499	0.00952	0.00952	0.00674	0.00476	0.00397	0.00119	0.00436	0.00357	0.00397	0.00674
20	0.01507	0.01111	0.01190	0.00912	0.01230	0.01230	0.00754	0.82270	0.01864	0.02499	0.00952	0.00952	0.00674	0.00476	0.00397	0.00119	0.00436	0.00357	0.00397	0.00674
21	0.00528	0.00402	0.00487	0.00481	0.00583	0.00361	0.00361	0.00677	0.01013	0.01356	0.47165	0.09264	0.30374	0.00920	0.00474	0.00133	0.00203	0.04457	0.00405	0.00357
22	0.00749	0.00705	0.01189	0.85113	0.02731	0.00881	0.01101	0.01013	0.00793	0.01013	0.00705	0.01057	0.00529	0.00396	0.00396	0.00132	0.00529	0.00352	0.00176	0.00440
23	0.00749	0.00705	0.01189	0.85113	0.02731	0.00881	0.01101	0.01013	0.00793	0.01013	0.00705	0.01057	0.00529	0.00396	0.00396	0.00132	0.00529	0.00352	0.00176	0.00440
24	0.01461	0.01089	0.01200	0.00923	0.01235	0.01201	0.02929	0.76767	0.03591	0.02419	0.00986	0.02601	0.00722	0.00488	0.00401	0.00121	0.00436	0.00377	0.00391	0.00663
25	0.01732	0.00750	0.00967	0.00741	0.01050	0.00694	0.00612	0.15741	0.01260	0.69881	0.01459	0.01281	0.00929	0.00488	0.00398	0.00122	0.00354	0.00392	0.00475	0.00675
26	0.00936	0.01070	0.02340	0.01671	0.02072	0.01003	0.82152	0.01270	0.00936	0.01270	0.00802	0.01070	0.00602	0.00334	0.00468	0.00134	0.00668	0.00468	0.00201	0.00535
27	0.00483	0.00345	0.00460	0.00552	0.00575	0.00322	0.00368	0.00552	0.00759	0.01012	0.02185	0.85807	0.02622	0.01242	0.00506	0.00161	0.00230	0.01127	0.00368	0.00322
28	0.00758	0.00681	0.01096	0.15104	0.37612	0.00698	0.00878	0.00945	0.00855	0.01163	0.02520	0.21168	0.07443	0.00678	0.00438	0.00136	0.00392	0.06693	0.00262	0.00481
29	0.00849	0.00801	0.01355	0.43740	0.39330	0.00889	0.01132	0.01097	0.00848	0.01149	0.00787	0.01179	0.00654	0.00409	0.00402	0.00128	0.00495	0.04040	0.00194	0.00522
30	0.01203	0.01271	0.01304	0.10855	0.26325	0.30452	0.00957	0.04911	0.01030	0.01234	0.00871	0.06091	0.00789	0.01816	0.00544	0.00144	0.09003	0.00399	0.00248	0.00554
31	0.00590	0.00438	0.00611	0.00602	0.00651	0.00504	0.00447	0.00694	0.00628	0.00901	0.01098	0.02911	0.01097	0.23080	0.56159	0.00528	0.05684	0.00466	0.02583	0.00331
32	0.00852	0.00723	0.00838	0.00602	0.00952	0.00559	0.00482	0.04566	0.00868	0.01345	0.00716	0.00828	0.00591	0.00302	0.00298	0.00061	0.00300	0.00240	0.00242	0.84634
33	0.04851	0.02298	0.01232	0.02157	0.14569	0.10055	0.01722	0.04864	0.07056	0.01175	0.00686	0.00922	0.00601	0.00595	0.02160	0.00154	0.43857	0.00341	0.00212	0.00495
34	0.00487	0.00347	0.00459	0.00547	0.00569	0.00325	0.00362	0.00553	0.00751	0.01001	0.02144	0.82154	0.02571	0.04966	0.00572	0.00171	0.00237	0.01103	0.00362	0.00318
35	0.00859	0.00853	0.01370	0.25033	0.30239	0.05564	0.12367	0.01096	0.00916	0.01219	0.11085	0.01394	0.05359	0.00457	0.00415	0.00125	0.00479	0.00434	0.00230	0.00506
36	0.00575	0.00389	0.00457	0.00457	0.00465	0.00398	0.00271	0.00592	0.00584	0.00787	0.01227	0.02471	0.01388	0.76137	0.11874	0.00415	0.00465	0.00558	0.00237	0.00254
37	0.00871	0.08983	0.58634	0.01222	0.09502	0.00972	0.05804	0.01250	0.00850	0.03741	0.00773	0.00904	0.01678	0.00390	0.00400	0.00123	0.02828	0.00314	0.00185	0.00576
38	0.01441	0.07804	0.01243	0.00879	0.01200	0.01225	0.00735	0.72231	0.01734	0.02321	0.00909	0.00921	0.00657	0.00457	0.00381	0.00114	0.00429	0.00340	0.00371	0.04607
39	0.00605	0.00418	0.00532	0.00499	0.00608	0.00380	0.00378	0.00778	0.01088	0.05278	0.66855	0.03037	0.14901	0.00829	0.00466	0.00127	0.00199	0.02212	0.00428	0.00382
40	0.00749	0.00705	0.01189	0.85113	0.02731	0.00881	0.01101	0.01013	0.00793	0.01013	0.00705	0.01057	0.00529	0.00396	0.00396	0.00132	0.00529	0.00352	0.00176	0.00440
41	0.88866	0.00767	0.00583	0.00521	0.00767	0.00889	0.00429	0.01166	0.00675	0.01779	0.00552	0.00644	0.00429	0.00368	0.00245	0.00123	0.00307	0.00215	0.00245	0.00429
42	0.01459	0.01843	0.01113	0.01012	0.01217	0.80723	0.00760	0.01607	0.04797	0.01001	0.00658	0.00749	0.00542	0.00414	0.00360	0.00104	0.00697	0.00264	0.00213	0.00467
43	0.00481	0.00381	0.00433	0.00465	0.00555	0.00333	0.00332	0.00576	0.00866	0.01087	0.09209	0.34594	0.47130	0.01079	0.00483	0.00143	0.00211	0.00937	0.00373	0.00333
44	0.05860	0.01025	0.06336	0.05059	0.01554	0.07213	0.36053	0.01201	0.00878	0.06549	0.03449	0.03386	0.03412	0.00513	0.01753	0.00144	0.14454	0.00435	0.00232	0.00495
45	0.01010	0.00864	0.00910	0.00812	0.01040	0.00997	0.00633	0.05775	0.79169	0.01697	0.01583	0.01455	0.01186	0.00535	0.00403	0.00134	0.00319	0.00444	0.00403	0.00630
46	0.00749	0.00705	0.01189	0.85113	0.02731	0.00881	0.01101	0.01013	0.00793	0.01013	0.00705	0.01057	0.00529	0.00396	0.00396	0.00132	0.00529	0.00352	0.00176	0.00440
47	0.00483	0.00357	0.00452	0.00523	0.00568	0.00326	0.00356	0.00561	0.00796	0.01040	0.04970	0.68382	0.17365	0.01186	0.00498	0.00155	0.00223	0.01062	0.00370	0.00326
48	0.01211	0.07421	0.03497	0.23020	0.06292	0.11411	0.05545	0.22289	0.03061	0.11136	0.00875	0.00990	0.00640	0.00422	0.00385	0.00120	0.00499	0.00344	0.00281	0.00560
49	0.00981	0.00942	0.01609	0.02434	0.83592	0.00942	0.01217	0.01217	0.00903	0.01295	0.00746	0.00981	0.00628	0.00353	0.00393	0.00118	0.00471	0.00353	0.00196	0.00628
50	0.00489	0.00350	0.00465	0.00548	0.00576	0.00326	0.00369	0.00567	0.00787	0.01056	0.08322	0.79546	0.02707	0.01210	0.00503	0.00158	0.00227	0.01096	0.00373	0.00326
51	0.01048	0.82519	0.05759	0.00699	0.01049	0.01540	0.00714	0.01190	0.00807	0.00947	0.00558	0.00645	0.00509	0.00341	0.00260	0.00087	0.00431	0.00216	0.00170	0.00512
52	0.01166	0.64110	0.05634	0.00743	0.01090	0.01359	0.03436	0.03495	0.00891	0.13766	0.00734	0.00778	0.00589	0.00368	0.00293	0.00095	0.00427	0.00257	0.00226	0.00543
53	0.04929	0.03134	0.12674	0.00728	0.02659	0.00692	0.00653	0.06631	0.02331	0.03328	0.00748	0.00847	0.00593	0.00332	0.00315	0.00080	0.00354	0.00260	0.00243	0.58468

[dist]
# distance from previous block
# <min> <max>
0	1

[block]
# block no. 4 follows, 68 sequences, length 27
# corresponding to MSA columns:
# 276-302
name=unknown_E
#
# <colnr> <probs for GDERKNQSTAVLIFYWHMCP>
#	G	D	E	R	K	N	Q	S	T	A	V	L	I	F	Y	W	H	M	C	P
0	0.02718	0.03703	0.01174	0.00922	0.01202	0.14051	0.04607	0.40811	0.21779	0.03400	0.01049	0.01045	0.00775	0.00469	0.00389	0.00120	0.00456	0.00363	0.00352	0.00614
1	0.04091	0.10292	0.15000	0.05242	0.03816	0.02018	0.01724	0.02735	0.03293	0.01265	0.00709	0.00841	0.00573	0.00353	0.00363	0.00091	0.04123	0.00268	0.00217	0.42987
2	0.00577	0.00403	0.00525	0.00525	0.00561	0.00435	0.00360	0.00648	0.00612	0.00860	0.01164	0.02082	0.01220	0.45071	0.40186	0.00493	0.00693	0.00500	0.02789	0.00297
3	0.01205	0.06966	0.11261	0.01123	0.14230	0.00899	0.08292	0.15867	0.04897	0.20085	0.02244	0.01124	0.00799	0.00432	0.00381	0.00118	0.00425	0.00369	0.08687	0.00597
4	0.00780	0.00382	0.00391	0.00383	0.00484	0.00378	0.00289	0.00964	0.00843	0.04727	0.01304	0.01473	0.01015	0.00463	0.00282	0.00094	0.00191	0.00371	0.84806	0.00382
5	0.00476	0.00384	0.00424	0.00451	0.00549	0.00332	0.00324	0.00570	0.00866	0.01070	0.05991	0.28940	0.56096	0.01071	0.00480	0.00142	0.00209	0.00922	0.00370	0.00332
6	0.00484	0.00398	0.00426	0.00429	0.00547	0.00340	0.00318	0.00595	0.00925	0.01145	0.15977	0.10432	0.64621	0.00994	0.00472	0.00135	0.00201	0.00842	0.00379	0.00340
7	0.00483	0.00347	0.00458	0.00547	0.00574	0.00322	0.00366	0.00553	0.00764	0.01014	0.02246	0.83098	0.05292	0.01234	0.00505	0.00160	0.00229	0.01118	0.00368	0.00322
8	0.01779	0.00675	0.00920	0.00705	0.01012	0.00583	0.00583	0.01932	0.01135	0.83867	0.01564	0.01350	0.00981	0.00491	0.00399	0.00123	0.00337	0.00399	0.00491	0.00675
9	0.01431	0.00852	0.00983	0.00787	0.01068	0.00888	0.00639	0.29203	0.21148	0.32223	0.02929	0.01353	0.03595	0.00519	0.00403	0.00125	0.00358	0.00416	0.00433	0.00647
10	0.01770	0.00689	0.00929	0.00712	0.01019	0.00604	0.00588	0.04586	0.01159	0.81180	0.01544	0.01336	0.00971	0.00490	0.00399	0.00123	0.00341	0.00397	0.00488	0.00675
11	0.88866	0.00767	0.00583	0.00521	0.00767	0.00889	0.00429	0.01166	0.00675	0.01779	0.00552	0.00644	0.00429	0.00368	0.00245	0.00123	0.00307	0.00215	0.00245	0.00429
12	0.00494	0.00353	0.00473	0.00565	0.00592	0.00331	0.00387	0.00571	0.00770	0.01024	0.02179	0.80117	0.02599	0.01232	0.00509	0.00163	0.00239	0.06709	0.00368	0.00325
13	0.00641	0.02554	0.02095	0.00684	0.04050	0.04888	0.02841	0.00793	0.02452	0.01158	0.13964	0.14327	0.33789	0.00885	0.00521	0.00140	0.06188	0.07309	0.00337	0.00386
14	0.00749	0.00705	0.01189	0.85113	0.02731	0.00881	0.01101	0.01013	0.00793	0.01013	0.00705	0.01057	0.00529	0.00396	0.00396	0.00132	0.00529	0.00352	0.00176	0.00440
15	0.00613	0.00512	0.02331	0.00653	0.00764	0.00480	0.04457	0.02034	0.09473	0.01241	0.14759	0.35816	0.11230	0.00980	0.00486	0.00150	0.00281	0.12979	0.00370	0.00391
16	0.66048	0.02904	0.00774	0.00717	0.05118	0.13173	0.00542	0.01222	0.00753	0.01584	0.00570	0.00680	0.00457	0.00385	0.00311	0.00121	0.03731	0.00233	0.00232	0.00446
17	0.00497	0.00354	0.00473	0.00563	0.00590	0.00334	0.00386	0.00573	0.00767	0.01020	0.02158	0.77822	0.02570	0.03129	0.00543	0.00168	0.00244	0.07123	0.00365	0.00323
18	0.27306	0.09085	0.25703	0.00976	0.04588	0.05080	0.09514	0.02352	0.02855	0.05640	0.00719	0.00830	0.00542	0.00387	0.00364	0.00122	0.02897	0.00293	0.00223	0.00524
19	0.03021	0.22431	0.03009	0.00870	0.01039	0.11155	0.00747	0.08069	0.00841	0.01111	0.00642	0.00883	0.00585	0.02983	0.06276	0.00169	0.32554	0.00307	0.00203	0.03106
20	0.00749	0.00705	0.01189	0.85113	0.02731	0.00881	0.01101	0.01013	0.00793	0.01013	0.00705	0.01057	0.00529	0.00396	0.00396	0.00132	0.00529	0.00352	0.00176	0.00440
21	0.00474	0.00402	0.00408	0.00407	0.00539	0.00337	0.00305	0.00579	0.00915	0.01099	0.08226	0.03770	0.79205	0.00994	0.00469	0.00133	0.00200	0.00830	0.00372	0.00337
22	0.01080	0.00885	0.00939	0.00820	0.01059	0.01012	0.00645	0.13613	0.69321	0.03713	0.01518	0.01401	0.01128	0.00528	0.00402	0.00132	0.00332	0.00434	0.00405	0.00635
23	0.01075	0.02836	0.05613	0.01236	0.04229	0.02633	0.36380	0.17439	0.03090	0.06965	0.00960	0.01229	0.00754	0.04651	0.01931	0.00149	0.02273	0.02585	0.03423	0.00548
24	0.00778	0.00629	0.00913	0.29221	0.05763	0.00725	0.00740	0.02321	0.09672	0.03756	0.01049	0.05807	0.00909	0.04611	0.18361	0.00247	0.04137	0.00428	0.06583	0.03351
25	0.00512	0.00357	0.00452	0.00515	0.00531	0.00341	0.00328	0.00560	0.00703	0.00937	0.01895	0.60028	0.02257	0.27520	0.00974	0.00230	0.00278	0.00957	0.00328	0.00297
26	0.04024	0.48784	0.06738	0.00922	0.01237	0.18124	0.05602	0.01377	0.04045	0.01144	0.00740	0.00885	0.00644	0.00450	0.00389	0.00121	0.03692	0.00293	0.00228	0.00561

[dist]
# distance from previous block
# <min> <max>
0	2

[block]
# block no. 5 follows, 68 sequences, length 93
# corresponding to MSA columns:
# 306-398
name=unknown_F
#
# <colnr> <probs for GDERKNQSTAVLIFYWHMCP>
#	G	D	E	R	K	N	Q	S	T	A	V	L	I	F	Y	W	H	M	C	P
0	0.00794	0.19655	0.14920	0.00721	0.00981	0.03865	0.02000	0.01121	0.12279	0.01243	0.16140	0.05466	0.15472	0.00630	0.00406	0.00122	0.01339	0.02078	0.00297	0.00472
1	0.00635	0.00454	0.00634	0.00720	0.00811	0.00453	0.00627	0.00818	0.00922	0.01205	0.05719	0.04405	0.02347	0.01083	0.00544	0.00180	0.00357	0.77352	0.00368	0.00365
2	0.00579	0.00434	0.00639	0.00637	0.00704	0.00507	0.00494	0.00716	0.00650	0.00947	0.01114	0.06247	0.01066	0.02705	0.73777	0.00574	0.04030	0.00459	0.03364	0.00356
3	0.00741	0.00682	0.00972	0.00872	0.00901	0.00913	0.00711	0.00851	0.00620	0.00940	0.00748	0.01157	0.00718	0.01651	0.36211	0.00368	0.49975	0.00380	0.00190	0.00400
4	0.01763	0.00700	0.00936	0.00717	0.01025	0.00620	0.00593	0.06524	0.01177	0.79216	0.01529	0.01327	0.00964	0.00490	0.00399	0.00122	0.00343	0.00396	0.00485	0.00675
5	0.00561	0.00405	0.00530	0.00499	0.00592	0.00374	0.00374	0.00748	0.01122	0.01590	0.83383	0.02962	0.03741	0.00811	0.00468	0.00125	0.00187	0.00717	0.00436	0.00374
6	0.88866	0.00767	0.00583	0.00521	0.00767	0.00889	0.00429	0.01166	0.00675	0.01779	0.00552	0.00644	0.00429	0.00368	0.00245	0.00123	0.00307	0.00215	0.00245	0.00429
7	0.00936	0.01070	0.02340	0.01671	0.02072	0.01003	0.82152	0.01270	0.00936	0.01270	0.00802	0.01070	0.00602	0.00334	0.00468	0.00134	0.00668	0.00468	0.00201	0.00535
8	0.88866	0.00767	0.00583	0.00521	0.00767	0.00889	0.00429	0.01166	0.00675	0.01779	0.00552	0.00644	0.00429	0.00368	0.00245	0.00123	0.00307	0.00215	0.00245	0.00429
9	0.01773	0.00683	0.00926	0.00710	0.01016	0.00596	0.00586	0.03539	0.01149	0.82240	0.01552	0.01342	0.00975	0.00490	0.00399	0.00123	0.00339	0.00398	0.00489	0.00675
10	0.00486	0.00347	0.00464	0.00556	0.00580	0.00325	0.00373	0.00557	0.00762	0.01016	0.02184	0.84218	0.02616	0.01239	0.00507	0.00161	0.00233	0.02686	0.00368	0.00323
11	0.85719	0.00763	0.00595	0.00528	0.00776	0.00878	0.00435	0.01193	0.00691	0.04746	0.00589	0.00670	0.00449	0.00372	0.00251	0.00123	0.00308	0.00221	0.00254	0.00438
12	0.00489	0.00397	0.00434	0.00441	0.00554	0.00342	0.00327	0.00602	0.00925	0.01155	0.17390	0.13101	0.59238	0.01000	0.00474	0.00136	0.00204	0.02072	0.00380	0.00340
13	0.00795	0.02051	0.84011	0.01130	0.01716	0.00921	0.01465	0.01256	0.00837	0.01256	0.00712	0.00837	0.00502	0.00377	0.00377	0.00126	0.00586	0.00293	0.00167	0.00586
14	0.00514	0.00428	0.00443	0.00436	0.00571	0.00378	0.00330	0.00684	0.05657	0.01158	0.10147	0.03565	0.69350	0.00950	0.00461	0.00133	0.00208	0.01780	0.02453	0.00356
15	0.00757	0.00713	0.01203	0.82311	0.05471	0.00883	0.01105	0.01020	0.00797	0.01023	0.00706	0.01055	0.00532	0.00395	0.00396	0.00132	0.00527	0.00352	0.00177	0.00447
16	0.02619	0.00950	0.03045	0.07623	0.46891	0.01924	0.05735	0.09051	0.09341	0.07543	0.00909	0.01055	0.00702	0.00397	0.00396	0.00122	0.00460	0.00368	0.00257	0.00611
17	0.42402	0.15324	0.03029	0.00847	0.07113	0.20764	0.01902	0.01272	0.00826	0.01379	0.00588	0.00699	0.00482	0.00376	0.00306	0.00112	0.01650	0.00242	0.00216	0.00470
18	0.01067	0.81427	0.02005	0.00683	0.01012	0.04350	0.00672	0.01194	0.00817	0.00947	0.00571	0.00658	0.00521	0.00344	0.00258	0.00086	0.00428	0.00217	0.02238	0.00504
19	0.00941	0.04466	0.17767	0.00971	0.05462	0.00829	0.07692	0.04594	0.10199	0.08272	0.02559	0.05984	0.00914	0.00525	0.01465	0.00126	0.06705	0.03361	0.00272	0.16895
20	0.00785	0.00775	0.04643	0.14250	0.21619	0.04028	0.08009	0.00960	0.00842	0.01134	0.10518	0.03735	0.06559	0.07273	0.03698	0.07555	0.02465	0.00469	0.00237	0.00443
21	0.00570	0.00430	0.00542	0.00587	0.00686	0.00408	0.00476	0.00738	0.02856	0.01197	0.13219	0.13701	0.25556	0.01037	0.00506	0.00157	0.00278	0.36319	0.00377	0.00359
22	0.00936	0.00841	0.01408	0.09078	0.33487	0.00858	0.14999	0.08503	0.02725	0.03867	0.01117	0.11431	0.02756	0.00534	0.00445	0.00132	0.01909	0.04173	0.00259	0.00542
23	0.05772	0.04357	0.10240	0.05451	0.20752	0.10974	0.11348	0.09831	0.00992	0.03522	0.00749	0.00913	0.00588	0.00415	0.01358	0.00121	0.03579	0.00329	0.00227	0.08482
24	0.00483	0.00393	0.00428	0.00439	0.00549	0.00338	0.00322	0.00591	0.00911	0.01132	0.14511	0.16631	0.59860	0.01015	0.00474	0.00137	0.00204	0.00866	0.00377	0.00338
25	0.00539	0.00353	0.00440	0.00507	0.00550	0.00334	0.00346	0.00636	0.00786	0.01124	0.03483	0.63547	0.04995	0.01059	0.00455	0.00145	0.00219	0.00948	0.19201	0.00334
26	0.01129	0.15447	0.15526	0.03567	0.19523	0.04912	0.08759	0.15798	0.01071	0.07814	0.00802	0.00919	0.00610	0.00396	0.00390	0.00116	0.02057	0.00330	0.00245	0.00588
27	0.00952	0.02057	0.13883	0.11271	0.33808	0.00934	0.03817	0.06276	0.07053	0.03622	0.00913	0.01159	0.01871	0.00439	0.00450	0.00126	0.05447	0.03039	0.00233	0.02652
28	0.00477	0.00395	0.00419	0.00428	0.00545	0.00336	0.00315	0.00580	0.00901	0.01102	0.09636	0.14202	0.67257	0.01020	0.00473	0.00137	0.00204	0.00865	0.00373	0.00336
29	0.07156	0.03103	0.27503	0.03894	0.01256	0.07235	0.00876	0.15116	0.05132	0.09940	0.02495	0.01091	0.02265	0.00445	0.00363	0.00118	0.00445	0.00341	0.10674	0.00551
30	0.01007	0.53142	0.01703	0.00790	0.01011	0.05096	0.00723	0.01123	0.00761	0.00964	0.00576	0.00745	0.00534	0.00455	0.00577	0.00113	0.26108	0.00261	0.03836	0.00478
31	0.00757	0.03776	0.02662	0.14196	0.22974	0.00690	0.02269	0.00928	0.00831	0.01151	0.07025	0.14322	0.05671	0.04919	0.00537	0.03083	0.01581	0.00515	0.00251	0.11863
32	0.01060	0.02692	0.24334	0.02256	0.03129	0.09433	0.04640	0.07697	0.06017	0.06990	0.04436	0.01339	0.07290	0.00511	0.00431	0.00127	0.02254	0.00396	0.00291	0.14677
33	0.01343	0.00876	0.00984	0.00809	0.01081	0.00945	0.00650	0.24193	0.38527	0.23998	0.01418	0.01299	0.01001	0.00508	0.00400	0.00127	0.00354	0.00410	0.00425	0.00653
34	0.01160	0.00842	0.00926	0.00798	0.01042	0.00937	0.00631	0.10276	0.59783	0.15060	0.01528	0.01406	0.01114	0.00569	0.01965	0.00140	0.00344	0.00430	0.00413	0.00635
35	0.00522	0.00405	0.00485	0.00489	0.00585	0.00377	0.00362	0.00659	0.02029	0.01184	0.24759	0.13641	0.35458	0.04704	0.10590	0.00206	0.00316	0.02517	0.00363	0.00347
36	0.00751	0.00451	0.00550	0.15383	0.02422	0.00485	0.00448	0.00973	0.02765	0.01397	0.01187	0.01395	0.00928	0.00450	0.00303	0.00101	0.00254	0.00368	0.68997	0.00393
37	0.03924	0.00384	0.00377	0.00375	0.00473	0.00388	0.00283	0.00933	0.00826	0.01489	0.01267	0.01448	0.00995	0.00459	0.00276	0.00093	0.00189	0.00364	0.85085	0.00372
38	0.00604	0.00442	0.00586	0.03934	0.02380	0.00450	0.00453	0.00769	0.06770	0.04092	0.01990	0.56893	0.06510	0.03806	0.06206	0.00193	0.02298	0.00907	0.00345	0.00371
39	0.01765	0.00698	0.00934	0.00716	0.01023	0.00617	0.00592	0.06124	0.01173	0.79621	0.01532	0.01329	0.00965	0.00490	0.00399	0.00122	0.00343	0.00397	0.00486	0.00675
40	0.00795	0.02051	0.84011	0.01130	0.01716	0.00921	0.01465	0.01256	0.00837	0.01256	0.00712	0.00837	0.00502	0.00377	0.00377	0.00126	0.00586	0.00293	0.00167	0.00586
41	0.00749	0.00705	0.01189	0.85113	0.02731	0.00881	0.01101	0.01013	0.00793	0.01013	0.00705	0.01057	0.00529	0.00396	0.00396	0.00132	0.00529	0.00352	0.00176	0.00440
42	0.01501	0.01031	0.02988	0.00918	0.01242	0.01067	0.05767	0.56731	0.03532	0.19488	0.01082	0.01053	0.00743	0.00470	0.00401	0.00121	0.00430	0.00373	0.00399	0.00663
43	0.00493	0.00353	0.00472	0.00562	0.00590	0.00331	0.00384	0.00571	0.00773	0.01030	0.03287	0.79797	0.02617	0.01227	0.00508	0.00162	0.00238	0.05910	0.00369	0.00325
44	0.00608	0.00434	0.00603	0.00695	0.00773	0.00430	0.00585	0.00768	0.00882	0.01152	0.02116	0.20625	0.02349	0.01124	0.00539	0.00178	0.00338	0.65077	0.00366	0.00357
