[name]
unknown

[dist]
# distance from previous block
# <min> <max>
0	21

[block]
# block no. 0 follows, 72 sequences, length 19
# corresponding to MSA columns:
# 25-43
name=unknown_A
#
# <colnr> <probs for GDERKNQSTAVLIFYWHMCP>
#	G	D	E	R	K	N	Q	S	T	A	V	L	I	F	Y	W	H	M	C	P
0	0.00665	0.00475	0.00661	0.04650	0.00823	0.00469	0.03009	0.02084	0.03084	0.04852	0.25502	0.06544	0.02253	0.08663	0.00601	0.00164	0.00309	0.32184	0.00348	0.02661
1	0.02617	0.05251	0.01351	0.12552	0.45542	0.07685	0.00978	0.06286	0.03705	0.03406	0.00737	0.00920	0.00596	0.00373	0.00393	0.00112	0.03490	0.00322	0.00212	0.03472
2	0.00468	0.00336	0.00439	0.00516	0.00542	0.00313	0.00344	0.00536	0.00732	0.00975	0.04595	0.76745	0.05241	0.05590	0.00557	0.00163	0.00225	0.01030	0.00348	0.00306
3	0.00904	0.00919	0.01245	0.43234	0.22323	0.12915	0.03744	0.02470	0.06461	0.01102	0.00737	0.00973	0.00575	0.00379	0.00376	0.00119	0.00507	0.00334	0.00196	0.00487
4	0.00478	0.00385	0.00426	0.00416	0.00531	0.00333	0.00312	0.00603	0.00935	0.01193	0.31112	0.03372	0.56777	0.00898	0.00448	0.00125	0.00188	0.00761	0.00374	0.00333
5	0.11406	0.00614	0.00786	0.00634	0.00886	0.00558	0.00513	0.01592	0.00995	0.63981	0.03255	0.10867	0.01114	0.00544	0.00378	0.00122	0.00305	0.00447	0.00429	0.00575
6	0.00734	0.00447	0.00530	0.00514	0.00630	0.00432	0.00394	0.04834	0.04283	0.09305	0.15070	0.18223	0.11643	0.00760	0.00403	0.00124	0.00233	0.08026	0.23021	0.00393
7	0.00502	0.00365	0.00461	0.00479	0.00541	0.00337	0.00336	0.00616	0.00880	0.01199	0.38754	0.32321	0.11951	0.08776	0.00596	0.00155	0.00212	0.00824	0.00370	0.00324
8	0.00895	0.01023	0.02238	0.01598	0.01982	0.00959	0.82928	0.01215	0.00895	0.01215	0.00767	0.01023	0.00575	0.00320	0.00448	0.00128	0.00639	0.00448	0.00192	0.00512
9	0.00489	0.00362	0.00457	0.00517	0.00565	0.00343	0.00357	0.00600	0.03693	0.01010	0.05016	0.62180	0.13375	0.04561	0.02264	0.00167	0.00243	0.03134	0.00347	0.00320
10	0.01374	0.03993	0.01111	0.01000	0.03948	0.72260	0.00740	0.06190	0.04030	0.01045	0.00641	0.00729	0.00525	0.00395	0.00344	0.00100	0.00640	0.00258	0.00212	0.00464
11	0.01106	0.00756	0.00883	0.00653	0.00974	0.00666	0.00531	0.19614	0.01067	0.17189	0.00882	0.00909	0.00651	0.00356	0.00322	0.00081	0.00319	0.00281	0.00306	0.52452
12	0.00819	0.00899	0.05504	0.13885	0.07993	0.08460	0.25968	0.01054	0.02207	0.02236	0.07487	0.10745	0.05921	0.00529	0.00458	0.00127	0.04521	0.00498	0.00237	0.00454
13	0.00567	0.00509	0.00487	0.00488	0.00597	0.08064	0.00355	0.00651	0.00845	0.01024	0.07964	0.22096	0.45927	0.00943	0.00490	0.04328	0.00252	0.00764	0.00329	0.03320
14	0.67797	0.00805	0.00664	0.00576	0.00801	0.04682	0.00468	0.09266	0.00776	0.01659	0.00594	0.00724	0.00478	0.03292	0.00353	0.00125	0.03741	0.00238	0.00244	0.02717
15	0.00893	0.00976	0.09177	0.05953	0.13331	0.03207	0.27328	0.02518	0.04779	0.04603	0.08374	0.01147	0.00873	0.00445	0.00537	0.00128	0.13722	0.00402	0.01103	0.00503
16	0.00618	0.04561	0.00674	0.00671	0.08249	0.00502	0.00448	0.02040	0.06193	0.01230	0.28284	0.17751	0.15885	0.07131	0.00536	0.00141	0.00253	0.00673	0.00338	0.03822
17	0.01678	0.13301	0.26134	0.03353	0.11088	0.07063	0.08009	0.05410	0.02411	0.01204	0.04790	0.08752	0.01602	0.00458	0.00366	0.00114	0.00465	0.00390	0.00219	0.03194
18	0.01930	0.08468	0.23223	0.01061	0.06126	0.00918	0.15381	0.09343	0.10352	0.07430	0.02514	0.06444	0.00820	0.00451	0.00404	0.00120	0.02761	0.00395	0.00256	0.01603

[dist]
# distance from previous block
# <min> <max>
0	1

[block]
# block no. 1 follows, 72 sequences, length 11
# corresponding to MSA columns:
# 45-55
name=unknown_B
#
# <colnr> <probs for GDERKNQSTAVLIFYWHMCP>
#	G	D	E	R	K	N	Q	S	T	A	V	L	I	F	Y	W	H	M	C	P
0	0.01230	0.01369	0.00970	0.00872	0.01075	0.49666	0.00664	0.04584	0.25867	0.03482	0.03008	0.01078	0.03571	0.00461	0.00364	0.00110	0.00521	0.00336	0.00277	0.00495
1	0.00657	0.00493	0.01743	0.05416	0.02533	0.00459	0.00450	0.02188	0.05928	0.07932	0.15594	0.06342	0.38402	0.00881	0.03737	0.00147	0.00280	0.04677	0.01750	0.00392
2	0.05837	0.03909	0.01219	0.10534	0.15871	0.05192	0.03020	0.15383	0.07150	0.18785	0.03470	0.03219	0.00972	0.01800	0.00473	0.00150	0.01606	0.00422	0.00358	0.00630
3	0.00840	0.00817	0.01208	0.38103	0.29437	0.06288	0.00985	0.01100	0.05408	0.01096	0.02755	0.02870	0.00707	0.02248	0.00454	0.00127	0.04508	0.00365	0.00200	0.00484
4	0.01127	0.00552	0.00694	0.00582	0.00785	0.00506	0.00461	0.02761	0.07491	0.41043	0.16480	0.04364	0.15855	0.03007	0.00448	0.00128	0.00270	0.00534	0.02406	0.00508
5	0.03380	0.05867	0.02554	0.03002	0.08649	0.18096	0.02909	0.05779	0.08728	0.01090	0.00918	0.06777	0.02546	0.00805	0.06378	0.15667	0.05825	0.00380	0.00228	0.00419
6	0.01065	0.02238	0.06851	0.09208	0.13520	0.08653	0.06387	0.19787	0.09764	0.06340	0.03493	0.03410	0.00835	0.02292	0.00446	0.00125	0.03310	0.01458	0.00279	0.00538
7	0.00510	0.00363	0.00462	0.00521	0.00581	0.00333	0.00374	0.00600	0.00792	0.03101	0.05235	0.55318	0.18868	0.01094	0.00478	0.00149	0.00230	0.10308	0.00357	0.00325
8	0.00522	0.00361	0.00463	0.00513	0.00571	0.00330	0.00361	0.00613	0.00806	0.04307	0.11926	0.58325	0.14490	0.01074	0.00472	0.00145	0.00220	0.03807	0.00364	0.00330
9	0.02655	0.09672	0.19961	0.04031	0.04963	0.06824	0.10595	0.21172	0.02649	0.11178	0.02195	0.00939	0.00654	0.00399	0.00366	0.00114	0.00478	0.00329	0.00267	0.00561
10	0.02538	0.04053	0.08634	0.14368	0.20353	0.08177	0.07990	0.14954	0.03327	0.01346	0.00867	0.05710	0.01948	0.00428	0.00376	0.00116	0.00468	0.00374	0.00234	0.03738

[dist]
# distance from previous block
# <min> <max>
1	25

[block]
# block no. 2 follows, 72 sequences, length 30
# corresponding to MSA columns:
# 81-110
name=unknown_C
#
# <colnr> <probs for GDERKNQSTAVLIFYWHMCP>
#	G	D	E	R	K	N	Q	S	T	A	V	L	I	F	Y	W	H	M	C	P
0	0.06937	0.02010	0.04266	0.06295	0.26053	0.08553	0.03529	0.06648	0.04596	0.02158	0.03203	0.05977	0.00818	0.00661	0.08202	0.00160	0.02734	0.00376	0.00234	0.06591
1	0.03407	0.03245	0.05829	0.06608	0.26737	0.02502	0.05456	0.07177	0.15532	0.02406	0.00884	0.01045	0.00708	0.02788	0.03078	0.00135	0.02450	0.00345	0.00243	0.09426
2	0.00742	0.00674	0.00695	0.00559	0.00800	0.07960	0.00431	0.00884	0.00844	0.01180	0.10084	0.06881	0.12922	0.02461	0.00378	0.00090	0.00291	0.00419	0.00269	0.51436
3	0.01016	0.73772	0.01927	0.00839	0.08408	0.04099	0.03361	0.01153	0.00793	0.00935	0.00553	0.00654	0.00500	0.00328	0.00265	0.00086	0.00426	0.00224	0.00167	0.00496
4	0.00464	0.00356	0.00426	0.00480	0.00546	0.00319	0.00339	0.00546	0.00787	0.00998	0.02770	0.50342	0.34341	0.01093	0.00472	0.00145	0.00215	0.04696	0.00352	0.00315
5	0.00482	0.00369	0.00443	0.00465	0.00546	0.00330	0.00336	0.00595	0.00881	0.01154	0.26837	0.30432	0.32070	0.00982	0.00461	0.00135	0.00201	0.02581	0.00371	0.00328
6	0.00526	0.00386	0.00494	0.00481	0.00571	0.00355	0.00363	0.00687	0.01016	0.01406	0.64933	0.08173	0.13095	0.00838	0.00454	0.00126	0.00192	0.05153	0.00402	0.00350
7	0.00507	0.00349	0.00427	0.00470	0.00481	0.00338	0.00290	0.00540	0.00638	0.00850	0.01636	0.43830	0.01935	0.44565	0.01218	0.00262	0.00295	0.00811	0.00290	0.00268
8	0.00842	0.00707	0.00816	0.00588	0.00922	0.00563	0.00472	0.07929	0.00871	0.01334	0.00694	0.00797	0.00569	0.00296	0.00289	0.00061	0.00292	0.00235	0.00238	0.81484
9	0.00761	0.01962	0.84707	0.01081	0.01641	0.00881	0.01401	0.01201	0.00801	0.01201	0.00681	0.00801	0.00480	0.00360	0.00360	0.00120	0.00560	0.00280	0.00160	0.00560
10	0.00523	0.00361	0.00451	0.00499	0.00519	0.00352	0.00331	0.00573	0.00666	0.00884	0.01671	0.37135	0.01950	0.40143	0.01149	0.00254	0.00305	0.11659	0.00296	0.00278
11	0.01677	0.00685	0.00905	0.00693	0.00988	0.00616	0.00573	0.09528	0.01151	0.76796	0.01441	0.01255	0.00911	0.00468	0.00381	0.00117	0.00332	0.00378	0.00461	0.00645
12	0.00477	0.00350	0.00446	0.00501	0.00544	0.00331	0.00342	0.00552	0.00733	0.00966	0.04691	0.56097	0.15043	0.08747	0.08119	0.00208	0.00298	0.00917	0.00330	0.00307
13	0.00968	0.00809	0.00878	0.00770	0.00967	0.00941	0.00608	0.11993	0.58911	0.01601	0.01427	0.01369	0.03621	0.00530	0.00457	0.00128	0.07909	0.00417	0.05131	0.00567
14	0.78618	0.00730	0.00626	0.03347	0.05509	0.00836	0.00470	0.01094	0.00668	0.01630	0.00651	0.00745	0.03136	0.00372	0.00254	0.00118	0.00306	0.00236	0.00234	0.00419
15	0.00542	0.00406	0.00610	0.00610	0.00677	0.00474	0.00474	0.00677	0.00610	0.00880	0.01016	0.01490	0.00948	0.02844	0.85169	0.00610	0.01016	0.00406	0.00203	0.00339
16	0.02552	0.01492	0.01033	0.00941	0.02742	0.58549	0.00704	0.14592	0.01133	0.01185	0.00771	0.08339	0.00695	0.00479	0.00388	0.00108	0.03257	0.00338	0.00239	0.00463
17	0.00551	0.00370	0.00424	0.00424	0.00428	0.00373	0.00243	0.00558	0.00555	0.00743	0.01185	0.02428	0.01356	0.82151	0.06419	0.00381	0.00403	0.00544	0.00228	0.00236
18	0.03379	0.08549	0.06048	0.04170	0.08314	0.02052	0.04458	0.14230	0.01829	0.06498	0.00744	0.02520	0.00611	0.00463	0.00581	0.00120	0.22892	0.00325	0.00237	0.11981
19	0.02572	0.09830	0.01184	0.00838	0.01125	0.08407	0.00695	0.62778	0.01561	0.03321	0.00871	0.02267	0.00652	0.00447	0.00360	0.00109	0.00429	0.00330	0.01624	0.00598
20	0.00930	0.00835	0.01131	0.37540	0.10670	0.08271	0.04241	0.05743	0.01971	0.06476	0.00751	0.00948	0.00572	0.00366	0.00359	0.00107	0.00457	0.00315	0.00219	0.18097
21	0.04588	0.09098	0.12761	0.02239	0.23008	0.05982	0.11206	0.09483	0.04833	0.07649	0.00830	0.02756	0.00651	0.00388	0.00364	0.00113	0.00464	0.00341	0.00239	0.03009
22	0.03410	0.12506	0.09470	0.02360	0.01231	0.03257	0.13954	0.03864	0.02448	0.14377	0.00764	0.00914	0.00595	0.00483	0.00653	0.01511	0.27140	0.00333	0.00231	0.00499
23	0.00464	0.00378	0.00410	0.00416	0.00525	0.00325	0.00307	0.00569	0.00881	0.01095	0.16135	0.13276	0.61983	0.00958	0.00452	0.00130	0.00193	0.00815	0.00362	0.00325
24	0.02155	0.02242	0.28223	0.06996	0.13786	0.02620	0.02042	0.10758	0.00922	0.05361	0.01039	0.18376	0.00967	0.01457	0.00415	0.00128	0.01287	0.00471	0.00248	0.00508
25	0.00864	0.00733	0.00959	0.00690	0.01029	0.00595	0.08896	0.06090	0.00868	0.03693	0.00722	0.00833	0.00579	0.00301	0.00307	0.00069	0.00327	0.00259	0.00238	0.71949
26	0.00567	0.00429	0.00596	0.00581	0.00626	0.00494	0.00431	0.00664	0.00617	0.00879	0.05504	0.01775	0.01169	0.25003	0.51614	0.00483	0.07579	0.00454	0.00219	0.00317
27	0.00607	0.00403	0.00519	0.02811	0.00659	0.00395	0.00398	0.01913	0.05893	0.06080	0.06659	0.62073	0.02211	0.00998	0.00451	0.00143	0.00236	0.00895	0.06297	0.00360
28	0.00890	0.03745	0.45966	0.00985	0.01392	0.01745	0.08327	0.09374	0.06084	0.03945	0.00833	0.00945	0.00614	0.00429	0.01430	0.00124	0.03964	0.00322	0.08346	0.00539
29	0.02148	0.04946	0.07801	0.07309	0.11548	0.05692	0.03495	0.17553	0.08324	0.05667	0.04250	0.04963	0.05350	0.01699	0.00410	0.00118	0.01724	0.00401	0.00282	0.06321

[dist]
# distance from previous block
# <min> <max>
1	10

[block]
# block no. 3 follows, 72 sequences, length 28
# corresponding to MSA columns:
# 121-148
name=unknown_D
#
# <colnr> <probs for GDERKNQSTAVLIFYWHMCP>
#	G	D	E	R	K	N	Q	S	T	A	V	L	I	F	Y	W	H	M	C	P
0	0.19402	0.13946	0.09437	0.04634	0.10444	0.10543	0.07246	0.02859	0.11948	0.03873	0.00768	0.00862	0.00598	0.00382	0.00340	0.00113	0.01572	0.00296	0.00230	0.00507
1	0.02108	0.02841	0.22132	0.03609	0.08594	0.05327	0.06584	0.16350	0.07331	0.02278	0.02719	0.01049	0.00726	0.04136	0.05228	0.00150	0.00492	0.00341	0.00245	0.07762
2	0.66419	0.00838	0.00698	0.00596	0.00840	0.07654	0.02788	0.06454	0.00779	0.03390	0.00605	0.00690	0.00466	0.00362	0.00265	0.00112	0.00340	0.00232	0.01980	0.04494
3	0.00901	0.00823	0.03539	0.10550	0.08792	0.07463	0.01758	0.01109	0.03195	0.07133	0.02551	0.00997	0.02951	0.00369	0.00356	0.00088	0.02786	0.00300	0.00238	0.44103
4	0.01265	0.00952	0.02907	0.00797	0.01060	0.05194	0.00662	0.50091	0.06388	0.10223	0.05053	0.01431	0.06353	0.00538	0.00394	0.00119	0.00388	0.05234	0.00373	0.00578
5	0.00591	0.00421	0.00512	0.00513	0.00587	0.00425	0.00367	0.00758	0.09482	0.02395	0.07536	0.15713	0.16833	0.16995	0.12804	0.08854	0.00374	0.02340	0.02171	0.00328
6	0.01050	0.21460	0.16550	0.04742	0.08596	0.11960	0.12292	0.06974	0.04741	0.06126	0.00749	0.00858	0.00578	0.00373	0.00358	0.00109	0.01436	0.00306	0.00216	0.00529
7	0.00538	0.00350	0.00464	0.00502	0.00523	0.00345	0.00336	0.00548	0.00633	0.00845	0.01519	0.35901	0.03801	0.21582	0.07888	0.19741	0.00347	0.03603	0.00270	0.00262
8	0.08625	0.00618	0.00780	0.00618	0.00867	0.00566	0.00499	0.03881	0.01002	0.61884	0.01355	0.01332	0.00926	0.07421	0.00485	0.00135	0.00315	0.00377	0.07743	0.00569
9	0.00892	0.00878	0.05029	0.20632	0.27625	0.00867	0.19630	0.03723	0.01846	0.04910	0.01692	0.01136	0.02296	0.00400	0.00426	0.00123	0.03467	0.02092	0.01817	0.00517
10	0.04979	0.10161	0.26269	0.06062	0.09772	0.02904	0.11237	0.11078	0.06412	0.01331	0.00798	0.02062	0.00634	0.01828	0.00402	0.00122	0.01678	0.01521	0.00220	0.00532
11	0.00527	0.00404	0.00474	0.00489	0.00578	0.00381	0.00353	0.00722	0.08138	0.01191	0.22712	0.31071	0.26582	0.00934	0.00448	0.00133	0.00207	0.00817	0.03487	0.00351
12	0.01436	0.00991	0.01082	0.00835	0.01128	0.01078	0.00688	0.71315	0.01670	0.10992	0.01000	0.02458	0.00715	0.00469	0.00379	0.00114	0.00399	0.00359	0.02258	0.00633
13	0.00869	0.00951	0.08982	0.15188	0.35727	0.03274	0.10674	0.04423	0.05148	0.01221	0.00987	0.04760	0.05239	0.00430	0.00392	0.00120	0.00465	0.00404	0.00217	0.00527
14	0.01970	0.03284	0.05153	0.11973	0.43944	0.00852	0.05677	0.03174	0.06110	0.02144	0.00921	0.06923	0.00815	0.00446	0.00386	0.00121	0.00434	0.03623	0.01516	0.00534
15	0.00574	0.00435	0.00555	0.02529	0.00630	0.02323	0.00401	0.00629	0.00633	0.00852	0.01352	0.18889	0.05778	0.24647	0.24688	0.08381	0.05583	0.00585	0.00242	0.00295
16	0.19555	0.07640	0.07635	0.04064	0.10274	0.27549	0.07873	0.08939	0.00958	0.01305	0.00640	0.00763	0.00507	0.00369	0.00331	0.00109	0.00512	0.00276	0.00214	0.00489
17	0.03930	0.00463	0.00467	0.00429	0.00552	0.00482	0.00332	0.12012	0.00924	0.01556	0.01168	0.01318	0.00908	0.00441	0.00280	0.00093	0.00213	0.00347	0.73692	0.00395
18	0.00593	0.00458	0.00586	0.00566	0.00618	0.00512	0.00413	0.00737	0.05954	0.00952	0.08188	0.04682	0.06903	0.30850	0.24922	0.00351	0.09255	0.02879	0.00257	0.00325
19	0.00880	0.00729	0.00788	0.00714	0.00905	0.00822	0.00552	0.01758	0.66189	0.03475	0.12717	0.04398	0.03253	0.00580	0.00399	0.00128	0.00280	0.00491	0.00390	0.00553
20	0.00503	0.00374	0.00467	0.00473	0.00553	0.00340	0.00344	0.00636	0.00940	0.01275	0.46559	0.22546	0.19191	0.02274	0.00481	0.00134	0.00197	0.01991	0.00385	0.00337
21	0.00565	0.00439	0.00501	0.00501	0.00617	0.00409	0.00387	0.07264	0.00948	0.01207	0.13583	0.15168	0.43651	0.00940	0.00458	0.00136	0.00235	0.12274	0.00362	0.00354
22	0.89350	0.00733	0.00557	0.00499	0.00733	0.00851	0.00411	0.01115	0.00645	0.01702	0.00528	0.00616	0.00411	0.00352	0.00235	0.00117	0.00293	0.00205	0.00235	0.00411
23	0.00543	0.00403	0.00589	0.00589	0.00653	0.00460	0.00451	0.00671	0.00630	0.00902	0.04854	0.01677	0.01124	0.09493	0.73181	0.00560	0.00914	0.01757	0.00218	0.00331
24	0.00801	0.00649	0.00758	0.00553	0.00871	0.00493	0.00441	0.00963	0.00806	0.05037	0.00968	0.01041	0.07332	0.00344	0.00299	0.00065	0.00276	0.00278	0.00246	0.77778
25	0.00764	0.01936	0.82427	0.01095	0.01651	0.00883	0.03654	0.01201	0.00803	0.01201	0.00683	0.00807	0.00483	0.00359	0.00363	0.00120	0.00563	0.00285	0.00161	0.00559
26	0.03078	0.01909	0.01717	0.22742	0.20675	0.00693	0.01583	0.02761	0.05044	0.03466	0.01390	0.09802	0.12907	0.06418	0.01415	0.01999	0.00386	0.00493	0.01084	0.00441
27	0.03923	0.11335	0.05110	0.01978	0.03461	0.04805	0.01639	0.14110	0.05525	0.09243	0.04078	0.02578	0.01485	0.06557	0.05058	0.00159	0.10239	0.00365	0.04936	0.03417

[dist]
# distance from previous block
# <min> <max>
1	37

[block]
# block no. 4 follows, 72 sequences, length 9
# corresponding to MSA columns:
# 186-194
name=unknown_E
#
# <colnr> <probs for GDERKNQSTAVLIFYWHMCP>
#	G	D	E	R	K	N	Q	S	T	A	V	L	I	F	Y	W	H	M	C	P
0	0.00556	0.00418	0.00599	0.00591	0.00644	0.00485	0.00446	0.00665	0.00598	0.00856	0.01025	0.01638	0.01005	0.17694	0.66683	0.00547	0.04592	0.00429	0.00206	0.00323
1	0.01417	0.01808	0.01075	0.00977	0.01172	0.85149	0.00733	0.01514	0.01075	0.00928	0.00586	0.00684	0.00489	0.00391	0.00342	0.00098	0.00684	0.00244	0.00195	0.00440
2	0.01420	0.00997	0.01087	0.00842	0.01132	0.01088	0.00692	0.72865	0.01681	0.09014	0.01009	0.04642	0.00750	0.00488	0.00384	0.00116	0.00401	0.00377	0.00386	0.00630
3	0.01431	0.00637	0.00809	0.00643	0.00893	0.00595	0.00523	0.08762	0.05962	0.56410	0.06588	0.01378	0.01096	0.00486	0.00370	0.00114	0.00302	0.00396	0.12017	0.00586
4	0.00754	0.00476	0.00580	0.00572	0.02506	0.01925	0.00430	0.02945	0.00954	0.14207	0.22414	0.14651	0.20132	0.00814	0.00435	0.00130	0.00250	0.09845	0.05581	0.00400
5	0.00541	0.00377	0.00488	0.00501	0.00572	0.00355	0.00372	0.00686	0.00931	0.01313	0.47130	0.21792	0.02904	0.04405	0.00512	0.00141	0.00215	0.09637	0.06788	0.00340
6	0.00585	0.00444	0.00531	0.00507	0.00605	0.00437	0.00374	0.00854	0.12491	0.01352	0.48903	0.05165	0.12069	0.11294	0.00623	0.00154	0.00226	0.02637	0.00379	0.00370
7	0.12897	0.20095	0.01190	0.00783	0.01020	0.21624	0.00651	0.21512	0.01064	0.03327	0.00693	0.00796	0.00561	0.00583	0.06514	0.00142	0.05536	0.00274	0.00244	0.00493
8	0.05425	0.00823	0.05424	0.06583	0.12678	0.00701	0.03252	0.08859	0.00905	0.06437	0.00748	0.00865	0.00583	0.00332	0.00323	0.00087	0.00362	0.00277	0.00242	0.45095

[dist]
# distance from previous block
# <min> <max>
0	1

[block]
# block no. 5 follows, 72 sequences, length 25
# corresponding to MSA columns:
# 196-220
name=unknown_F
#
# <colnr> <probs for GDERKNQSTAVLIFYWHMCP>
#	G	D	E	R	K	N	Q	S	T	A	V	L	I	F	Y	W	H	M	C	P
0	0.79389	0.10450	0.00719	0.00516	0.00760	0.00924	0.00438	0.01117	0.00660	0.01610	0.00528	0.00615	0.00419	0.00349	0.00236	0.00113	0.00306	0.00205	0.00227	0.00419
1	0.01005	0.13754	0.22820	0.01251	0.16181	0.09147	0.11398	0.12492	0.02833	0.01300	0.00719	0.00855	0.00561	0.00412	0.01732	0.00120	0.02354	0.00312	0.00209	0.00545
2	0.00517	0.00402	0.00522	0.00517	0.00607	0.00368	0.03171	0.02384	0.00900	0.01194	0.27898	0.33145	0.25060	0.00953	0.00459	0.00134	0.00218	0.00843	0.00367	0.00341
3	0.00550	0.00391	0.00469	0.00476	0.00572	0.00352	0.00350	0.00659	0.00878	0.05797	0.20174	0.26908	0.36356	0.00956	0.00467	0.00134	0.01383	0.02413	0.00370	0.00345
4	0.00735	0.00628	0.00837	0.00863	0.10141	0.03461	0.01709	0.02119	0.00656	0.02435	0.00902	0.01577	0.00926	0.32928	0.15850	0.00307	0.22926	0.00427	0.00209	0.00364
5	0.01238	0.01522	0.00989	0.04595	0.01147	0.65447	0.00691	0.01397	0.05647	0.00977	0.01009	0.01077	0.09962	0.00467	0.00377	0.00106	0.02375	0.00323	0.00222	0.00434
6	0.00582	0.00465	0.00686	0.00663	0.00722	0.00570	0.00524	0.00710	0.00606	0.00885	0.00944	0.01398	0.00885	0.02541	0.73491	0.00548	0.12838	0.00396	0.00198	0.00349
7	0.00757	0.00742	0.01179	0.76420	0.02480	0.04601	0.04280	0.01001	0.00773	0.00975	0.00669	0.00992	0.00507	0.00385	0.00403	0.00126	0.02774	0.00337	0.00171	0.00426
8	0.00939	0.00901	0.01539	0.02328	0.84306	0.00901	0.01164	0.01164	0.00864	0.01239	0.00713	0.00939	0.00601	0.00338	0.00375	0.00113	0.00451	0.00338	0.00188	0.00601
9	0.01190	0.00925	0.01066	0.00994	0.10452	0.02383	0.00722	0.35540	0.26625	0.06679	0.01090	0.01092	0.00809	0.00474	0.00437	0.00121	0.06243	0.00368	0.02187	0.00601
10	0.00621	0.00484	0.00601	0.00560	0.00560	0.00567	0.00380	0.00642	0.00559	0.00780	0.01020	0.02067	0.01158	0.65095	0.01758	0.00317	0.21845	0.00496	0.00214	0.00276
11	0.00488	0.00355	0.00463	0.00543	0.00575	0.00340	0.00369	0.00602	0.04549	0.01000	0.02063	0.80692	0.02439	0.01154	0.00480	0.00153	0.00227	0.02831	0.00354	0.00322
12	0.00542	0.00405	0.00602	0.00602	0.00667	0.00470	0.00464	0.00672	0.00607	0.00875	0.01023	0.01529	0.00965	0.06169	0.81868	0.00600	0.00990	0.00412	0.00204	0.00334
13	0.00795	0.19857	0.36597	0.00896	0.02242	0.01759	0.04148	0.01124	0.06227	0.01082	0.00779	0.00971	0.00639	0.01995	0.17593	0.00216	0.02090	0.00310	0.00187	0.00493
14	0.01051	0.00811	0.00901	0.00782	0.01013	0.00910	0.02273	0.05649	0.68823	0.11078	0.01494	0.01370	0.01098	0.00503	0.00386	0.00127	0.00315	0.00420	0.00391	0.00606
15	0.00991	0.79298	0.09390	0.00688	0.01033	0.01445	0.00716	0.01141	0.00773	0.00920	0.00541	0.00626	0.00486	0.00328	0.00254	0.00085	0.00419	0.00210	0.00162	0.00493
16	0.00788	0.11217	0.60215	0.01035	0.04737	0.00918	0.02082	0.02348	0.00807	0.01166	0.02391	0.00934	0.00611	0.00534	0.05556	0.00147	0.02072	0.01734	0.00176	0.00531
17	0.02375	0.05029	0.14322	0.02218	0.19067	0.08798	0.05225	0.01216	0.07383	0.08136	0.15014	0.03142	0.02651	0.00484	0.00411	0.00118	0.03225	0.00411	0.00267	0.00509
18	0.00671	0.00358	0.00509	0.00504	0.00515	0.00361	0.00340	0.02946	0.00549	0.00731	0.00756	0.01361	0.00770	0.09165	0.01463	0.75534	0.00336	0.02759	0.00183	0.00190
19	0.63216	0.06091	0.02172	0.00629	0.00876	0.04805	0.03962	0.04448	0.06800	0.01593	0.00632	0.00713	0.00492	0.00372	0.00286	0.00116	0.01865	0.00242	0.00241	0.00447
20	0.00878	0.00471	0.00512	0.00468	0.00600	0.00478	0.00363	0.06397	0.07267	0.10837	0.01290	0.01484	0.01009	0.03016	0.00352	0.00107	0.00229	0.02776	0.61047	0.00421
21	0.02513	0.02582	0.18927	0.00961	0.04355	0.07247	0.07351	0.29618	0.01178	0.03018	0.05637	0.08139	0.00918	0.00496	0.00404	0.00119	0.02634	0.00407	0.02963	0.00534
22	0.00809	0.01738	0.68150	0.01014	0.01515	0.00882	0.01241	0.04448	0.10178	0.01292	0.00787	0.00874	0.00567	0.00378	0.00360	0.00118	0.00513	0.00297	0.00197	0.04643
23	0.14548	0.01402	0.00977	0.00859	0.01081	0.48854	0.00663	0.13739	0.10420	0.01344	0.00736	0.00792	0.00577	0.00407	0.00335	0.00106	0.00535	0.00273	0.00251	0.02102
24	0.00881	0.00811	0.05003	0.00839	0.05488	0.00640	0.11703	0.04961	0.00867	0.05127	0.00738	0.00856	0.00583	0.00310	0.00321	0.00077	0.00360	0.00276	0.00234	0.59924

[dist]
# distance from previous block
# <min> <max>
0	2

[block]
# block no. 6 follows, 72 sequences, length 7
# corresponding to MSA columns:
# 223-229
name=unknown_G
#
# <colnr> <probs for GDERKNQSTAVLIFYWHMCP>
#	G	D	E	R	K	N	Q	S	T	A	V	L	I	F	Y	W	H	M	C	P
0	0.53768	0.11427	0.03532	0.03630	0.03465	0.08261	0.03742	0.06119	0.00792	0.01504	0.00581	0.00683	0.00458	0.00358	0.00275	0.00112	0.00382	0.00237	0.00224	0.00451
1	0.00551	0.00371	0.00429	0.00429	0.00434	0.00376	0.00249	0.00561	0.00556	0.00747	0.01181	0.02404	0.01345	0.80116	0.08439	0.00387	0.00418	0.00540	0.00228	0.00238
2	0.02976	0.01076	0.12722	0.01205	0.06498	0.00931	0.31330	0.18182	0.08399	0.03488	0.03050	0.01029	0.00713	0.00385	0.00395	0.00118	0.00490	0.00379	0.00259	0.06374
3	0.03278	0.05288	0.01100	0.00934	0.08195	0.09708	0.05278	0.14393	0.21071	0.08258	0.02661	0.01044	0.00799	0.00420	0.00373	0.00107	0.02055	0.00339	0.00300	0.14397
4	0.05081	0.00433	0.00485	0.00472	0.00532	0.00437	0.00314	0.06004	0.00740	0.01026	0.08426	0.11699	0.11516	0.45652	0.05363	0.00277	0.00346	0.00612	0.00282	0.00302
5	0.09828	0.20598	0.13100	0.06128	0.11814	0.04609	0.05726	0.02562	0.03608	0.06696	0.00760	0.00888	0.00602	0.00387	0.00356	0.00112	0.01877	0.00296	0.00228	0.09824
6	0.00510	0.00375	0.00488	0.00534	0.00594	0.00351	0.00384	0.00606	0.00769	0.01034	0.09139	0.49993	0.07984	0.05689	0.06101	0.00188	0.00292	0.09971	0.00335	0.04664

[dist]
# distance from previous block
# <min> <max>
1	85

[block]
# block no. 7 follows, 72 sequences, length 19
# corresponding to MSA columns:
# 315-333
name=unknown_H
#
# <colnr> <probs for GDERKNQSTAVLIFYWHMCP>
#	G	D	E	R	K	N	Q	S	T	A	V	L	I	F	Y	W	H	M	C	P
0	0.07085	0.02026	0.03525	0.05343	0.15438	0.04167	0.03901	0.10017	0.19937	0.06036	0.05369	0.03496	0.04753	0.01480	0.00404	0.00121	0.01607	0.00405	0.00296	0.04595
1	0.00519	0.00382	0.00457	0.00473	0.00560	0.00344	0.00341	0.00645	0.02485	0.03413	0.22840	0.32146	0.32066	0.00972	0.00457	0.00135	0.00204	0.00850	0.00372	0.00340
2	0.00968	0.00953	0.01209	0.15131	0.38352	0.14726	0.00921	0.01256	0.09850	0.03712	0.02130	0.03126	0.03871	0.00425	0.00377	0.00115	0.00456	0.00372	0.00230	0.01820
3	0.01001	0.00707	0.00781	0.00681	0.00878	0.00771	0.00536	0.13835	0.38949	0.10103	0.09166	0.02907	0.01316	0.02544	0.00416	0.00126	0.00294	0.02653	0.11800	0.00537
4	0.10334	0.01093	0.01067	0.00863	0.01124	0.18985	0.06591	0.33424	0.07364	0.09641	0.05121	0.01011	0.00797	0.00443	0.00366	0.00113	0.00448	0.00342	0.00323	0.00550
5	0.00493	0.00384	0.00432	0.00445	0.00534	0.00347	0.00321	0.00601	0.02248	0.01048	0.12291	0.16084	0.44532	0.13193	0.00668	0.00168	0.00231	0.05321	0.00343	0.00316
6	0.89350	0.00733	0.00557	0.00499	0.00733	0.00851	0.00411	0.01115	0.00645	0.01702	0.00528	0.00616	0.00411	0.00352	0.00235	0.00117	0.00293	0.00205	0.00235	0.00411
7	0.00449	0.00380	0.00389	0.00396	0.00515	0.00319	0.00293	0.00543	0.00853	0.01020	0.03699	0.10390	0.77504	0.00979	0.00451	0.00130	0.00194	0.00823	0.00352	0.00319
8	0.00707	0.00353	0.00353	0.00353	0.00442	0.00353	0.00265	0.00884	0.00795	0.01414	0.01237	0.01414	0.00972	0.00442	0.00265	0.00088	0.00177	0.00353	0.88777	0.00353
9	0.00611	0.00437	0.00611	0.00698	0.00786	0.00437	0.00611	0.00786	0.00873	0.01135	0.02008	0.04278	0.02183	0.01048	0.00524	0.00175	0.00349	0.81753	0.00349	0.00349
10	0.01014	0.86900	0.01987	0.00649	0.00973	0.01501	0.00649	0.01136	0.00771	0.00892	0.00527	0.00608	0.00487	0.00324	0.00243	0.00081	0.00406	0.00203	0.00162	0.00487
11	0.00478	0.00348	0.00454	0.00528	0.00570	0.00324	0.00371	0.00562	0.00768	0.01011	0.05395	0.66677	0.10903	0.01135	0.00483	0.00152	0.00228	0.08942	0.00354	0.00315
12	0.01425	0.01548	0.01097	0.00941	0.01174	0.55952	0.00729	0.29861	0.01321	0.01437	0.00699	0.00763	0.00543	0.00413	0.00355	0.00103	0.00591	0.00278	0.00259	0.00511
13	0.00823	0.00740	0.00803	0.00586	0.00915	0.05459	0.00466	0.00988	0.00803	0.01218	0.00669	0.00780	0.00557	0.00287	0.00284	0.00059	0.00304	0.00226	0.00223	0.83808
14	0.00577	0.04886	0.04953	0.00635	0.00741	0.00547	0.00530	0.00727	0.00627	0.00897	0.00974	0.01410	0.00901	0.02590	0.76539	0.00558	0.00962	0.00390	0.00199	0.00357
15	0.00908	0.00965	0.06880	0.07723	0.65853	0.00901	0.08875	0.01158	0.00856	0.01216	0.00714	0.00943	0.00584	0.00340	0.00382	0.00115	0.00479	0.00345	0.00185	0.00578
16	0.00552	0.00368	0.00414	0.00414	0.00414	0.00368	0.00230	0.00552	0.00552	0.00735	0.01195	0.02482	0.01379	0.86672	0.01930	0.00368	0.00368	0.00552	0.00230	0.00230
17	0.00810	0.05829	0.47839	0.01303	0.21051	0.00884	0.03189	0.01194	0.05673	0.01206	0.00931	0.01079	0.05264	0.00406	0.00369	0.00118	0.00489	0.01618	0.00195	0.00551
18	0.01608	0.05090	0.02513	0.02551	0.01032	0.00664	0.00601	0.07931	0.01110	0.70721	0.01370	0.01212	0.00876	0.00457	0.00374	0.00115	0.00342	0.00366	0.00435	0.00631

[dist]
# distance from previous block
# <min> <max>
0	1

[block]
# block no. 8 follows, 72 sequences, length 35
# corresponding to MSA columns:
# 335-369
name=unknown_I
#
# <colnr> <probs for GDERKNQSTAVLIFYWHMCP>
#	G	D	E	R	K	N	Q	S	T	A	V	L	I	F	Y	W	H	M	C	P
0	0.00841	0.04101	0.00862	0.00627	0.03572	0.00560	0.00485	0.01008	0.00801	0.04889	0.00706	0.00806	0.00577	0.00293	0.00287	0.00062	0.00293	0.00234	0.00232	0.78765
1	0.00562	0.00381	0.00430	0.00420	0.00435	0.00374	0.00239	0.00569	0.00562	0.00757	0.01172	0.02407	0.01343	0.82870	0.01858	0.00354	0.00364	0.00537	0.00230	0.04136
2	0.02947	0.10457	0.07495	0.00934	0.01168	0.33334	0.07491	0.05776	0.10663	0.01139	0.00799	0.00954	0.01575	0.01930	0.02610	0.00130	0.08510	0.01385	0.00224	0.00478
3	0.01094	0.28452	0.10617	0.01178	0.23266	0.05414	0.00857	0.02376	0.00876	0.15904	0.00812	0.03010	0.00650	0.00397	0.00365	0.00106	0.03536	0.00310	0.00233	0.00546
4	0.00556	0.00377	0.00465	0.00469	0.00494	0.00393	0.00305	0.00605	0.00591	0.00823	0.01197	0.04550	0.01301	0.56818	0.22528	0.00403	0.00515	0.02479	0.04861	0.00268
5	0.00769	0.04678	0.82061	0.01067	0.01620	0.00901	0.01377	0.01199	0.00800	0.01191	0.00676	0.00795	0.00481	0.00359	0.00357	0.00119	0.00556	0.00278	0.00160	0.00558
6	0.00555	0.00375	0.00440	0.00446	0.00456	0.00379	0.00272	0.00576	0.00578	0.00772	0.01240	0.02545	0.01408	0.75458	0.07051	0.00369	0.00407	0.06192	0.00236	0.00245
7	0.14932	0.00887	0.00972	0.00756	0.01046	0.00941	0.00625	0.46206	0.01400	0.26916	0.01028	0.00980	0.00697	0.00444	0.00358	0.00115	0.00370	0.00333	0.00384	0.00609
8	0.03527	0.00987	0.00957	0.05392	0.02843	0.16595	0.01946	0.23703	0.20951	0.03269	0.01217	0.08576	0.03109	0.00553	0.00389	0.00122	0.00416	0.04603	0.00322	0.00522
9	0.00864	0.00638	0.00807	0.02135	0.03751	0.01963	0.01485	0.13767	0.00825	0.07469	0.00980	0.02692	0.00946	0.30309	0.11042	0.03303	0.15946	0.00431	0.00253	0.00395
10	0.00970	0.00714	0.00733	0.00637	0.00775	0.12400	0.03130	0.05647	0.00923	0.11010	0.07950	0.01302	0.01028	0.00490	0.00439	0.00108	0.10970	0.00369	0.39978	0.00429
11	0.00718	0.00475	0.00648	0.00689	0.07125	0.00469	0.00466	0.05167	0.00865	0.09584	0.17929	0.22622	0.05912	0.06318	0.15425	0.03832	0.00402	0.00640	0.00325	0.00388
12	0.00979	0.27328	0.15720	0.03739	0.18603	0.02249	0.03619	0.03736	0.06575	0.06720	0.00809	0.01995	0.00664	0.00403	0.00369	0.00110	0.03183	0.02442	0.00219	0.00536
13	0.01121	0.02784	0.11077	0.04126	0.04360	0.40216	0.11390	0.02439	0.07514	0.01081	0.00715	0.00877	0.00579	0.00419	0.00452	0.00116	0.08824	0.01226	0.00205	0.00481
14	0.22309	0.15878	0.03308	0.05777	0.23341	0.08903	0.03404	0.02306	0.00818	0.04988	0.00671	0.01945	0.00553	0.00379	0.00355	0.00111	0.03959	0.00287	0.00210	0.00497
15	0.01077	0.00648	0.00765	0.00646	0.00850	0.00661	0.00512	0.11624	0.22049	0.24290	0.23564	0.01762	0.04097	0.00574	0.00396	0.00119	0.00279	0.00481	0.05076	0.00532
16	0.00927	0.12994	0.27259	0.09301	0.11150	0.04172	0.12626	0.09154	0.02763	0.01259	0.00713	0.00861	0.00546	0.00359	0.00359	0.00112	0.00505	0.00311	0.00199	0.04431
17	0.00465	0.00333	0.00443	0.00526	0.00551	0.00310	0.00352	0.00536	0.00742	0.00993	0.05746	0.82698	0.02556	0.01170	0.00482	0.00152	0.00218	0.01061	0.00355	0.00310
18	0.00480	0.00383	0.00432	0.00438	0.00544	0.00335	0.00329	0.00598	0.00902	0.01145	0.22828	0.11334	0.52432	0.00943	0.00456	0.00131	0.00201	0.05394	0.00368	0.00330
19	0.00464	0.00359	0.00424	0.00462	0.00536	0.00318	0.00326	0.00555	0.00821	0.01050	0.11409	0.42808	0.37014	0.01049	0.00465	0.00139	0.00204	0.00920	0.00359	0.00318
20	0.00665	0.00372	0.00417	0.00414	0.00497	0.00362	0.00306	0.00818	0.00832	0.03386	0.16660	0.05688	0.03230	0.08941	0.00488	0.00129	0.00209	0.04104	0.52137	0.00347
21	0.00819	0.00694	0.00804	0.00577	0.00913	0.00539	0.00463	0.05068	0.00836	0.01294	0.00686	0.00793	0.00566	0.00290	0.00286	0.00059	0.00288	0.00231	0.00232	0.84563
22	0.00691	0.00530	0.00669	0.00713	0.00830	0.00562	0.00602	0.01091	0.21858	0.01245	0.01892	0.05706	0.01931	0.00916	0.00488	0.00162	0.00333	0.59010	0.00359	0.00412
23	0.01644	0.00718	0.00880	0.00687	0.00968	0.05973	0.00562	0.03484	0.01089	0.74670	0.01417	0.01248	0.00905	0.00463	0.00375	0.00115	0.00343	0.00371	0.03465	0.00622
24	0.00659	0.00329	0.00494	0.00494	0.00494	0.00329	0.00329	0.00494	0.00494	0.00659	0.00659	0.01153	0.00659	0.01318	0.01482	0.88966	0.00329	0.00329	0.00165	0.00165
25	0.00529	0.00392	0.00503	0.00573	0.00622	0.00388	0.00408	0.00710	0.09169	0.01051	0.02025	0.68012	0.02332	0.01103	0.00479	0.00154	0.00244	0.10609	0.00355	0.00343
26	0.01156	0.01080	0.01104	0.00929	0.01073	0.18567	0.00753	0.23713	0.03512	0.05073	0.00732	0.02270	0.00609	0.00545	0.00742	0.00134	0.36923	0.00334	0.00254	0.00497
27	0.04107	0.00910	0.02395	0.00785	0.01068	0.00939	0.02785	0.45456	0.08852	0.06744	0.01014	0.01077	0.02475	0.04282	0.00444	0.00119	0.01541	0.00350	0.00338	0.14320
28	0.04969	0.08548	0.04132	0.02103	0.15386	0.06740	0.03357	0.19679	0.06378	0.04196	0.03125	0.05228	0.04311	0.01256	0.02168	0.00127	0.03016	0.00390	0.04373	0.00518
29	0.01339	0.00944	0.01088	0.00842	0.01112	0.01021	0.04323	0.63516	0.01540	0.08269	0.00939	0.01025	0.00694	0.03903	0.00531	0.07207	0.00411	0.00356	0.00355	0.00584
30	0.00791	0.02319	0.00748	0.00644	0.05670	0.00518	0.00467	0.04218	0.00915	0.08012	0.18905	0.02629	0.11733	0.03484	0.01319	0.00107	0.00280	0.00441	0.00305	0.36496
31	0.02993	0.05269	0.09345	0.00812	0.01096	0.01010	0.00711	0.36690	0.26506	0.03875	0.01189	0.05061	0.02739	0.00501	0.00376	0.00120	0.00376	0.00398	0.00346	0.00587
32	0.02698	0.08330	0.04881	0.05476	0.09926	0.09072	0.04438	0.06027	0.05102	0.03698	0.03493	0.11812	0.22263	0.00634	0.00394	0.00120	0.00370	0.00536	0.00282	0.00447
33	0.02913	0.10853	0.02248	0.04857	0.13253	0.14595	0.04405	0.05607	0.03350	0.02019	0.04578	0.03032	0.02941	0.04221	0.02015	0.10704	0.02436	0.05308	0.00232	0.00432
34	0.01021	0.10217	0.15434	0.00969	0.07734	0.08398	0.02858	0.14306	0.24712	0.01441	0.00951	0.01002	0.00732	0.01612	0.00376	0.00114	0.00428	0.00330	0.00271	0.07094

[dist]
# distance from previous block
# <min> <max>
0	64

[block]
# block no. 9 follows, 72 sequences, length 25
# corresponding to MSA columns:
# 453-477
name=unknown_J
#
# <colnr> <probs for GDERKNQSTAVLIFYWHMCP>
#	G	D	E	R	K	N	Q	S	T	A	V	L	I	F	Y	W	H	M	C	P
0	0.05134	0.08355	0.07545	0.07621	0.07414	0.02547	0.03182	0.08111	0.03378	0.02788	0.04215	0.06885	0.01857	0.17548	0.10854	0.00225	0.00474	0.00436	0.01004	0.00425
1	0.03841	0.26682	0.08515	0.05315	0.07648	0.11594	0.02198	0.01056	0.01777	0.01039	0.06114	0.07937	0.03261	0.04889	0.00484	0.00124	0.06482	0.00384	0.00215	0.00447
2	0.03704	0.00642	0.04465	0.08491	0.04726	0.03148	0.01740	0.02850	0.00817	0.06833	0.01395	0.30586	0.03843	0.01882	0.02161	0.00135	0.00342	0.04716	0.00288	0.17236
3	0.04515	0.16024	0.06378	0.05228	0.16228	0.07251	0.04830	0.11220	0.03911	0.07759	0.01914	0.01009	0.00694	0.04022	0.04754	0.00146	0.02046	0.00328	0.01227	0.00517
4	0.00967	0.02328	0.22450	0.04776	0.24350	0.03549	0.09314	0.01231	0.04283	0.05375	0.06004	0.07413	0.02132	0.00535	0.00464	0.00141	0.03398	0.00450	0.00265	0.00575
5	0.00880	0.00701	0.02119	0.00626	0.02619	0.00558	0.00496	0.06199	0.01919	0.07752	0.03093	0.01038	0.04773	0.00358	0.00312	0.00073	0.00294	0.00290	0.00265	0.65634
6	0.01026	0.57548	0.06908	0.00703	0.01006	0.06152	0.00677	0.09979	0.02614	0.01116	0.00710	0.04908	0.00637	0.00396	0.00287	0.00093	0.00412	0.00279	0.04055	0.00494
7	0.05502	0.00673	0.04916	0.03661	0.06515	0.04973	0.06912	0.00880	0.03387	0.01100	0.05619	0.10518	0.08269	0.04333	0.07829	0.06052	0.02151	0.16057	0.00269	0.00385
8	0.01165	0.06171	0.04354	0.05434	0.05315	0.04733	0.06921	0.41412	0.08105	0.02747	0.00956	0.05860	0.00763	0.00472	0.00396	0.00117	0.02173	0.00384	0.01954	0.00566
9	0.01092	0.01145	0.00910	0.00826	0.01022	0.31668	0.00630	0.04411	0.43413	0.01330	0.02894	0.05810	0.02166	0.00515	0.00377	0.00118	0.00436	0.00404	0.00314	0.00518
10	0.07582	0.00437	0.00526	0.00560	0.04675	0.00411	0.00391	0.00718	0.00908	0.03320	0.32714	0.16077	0.26713	0.00840	0.00433	0.00128	0.00219	0.02622	0.00362	0.00362
11	0.02927	0.16809	0.04112	0.07662	0.01308	0.43466	0.06935	0.05352	0.03661	0.01063	0.00643	0.00763	0.00524	0.00386	0.00362	0.00104	0.02978	0.00273	0.00201	0.00470
12	0.00542	0.00406	0.00610	0.00610	0.00677	0.00474	0.00474	0.00677	0.00610	0.00880	0.01016	0.01490	0.00948	0.02844	0.85169	0.00610	0.01016	0.00406	0.00203	0.00339
13	0.00664	0.00345	0.00515	0.00509	0.00509	0.00355	0.00345	0.00507	0.00497	0.00667	0.00654	0.01143	0.00654	0.01297	0.01475	0.86242	0.02957	0.00329	0.00165	0.00172
14	0.00543	0.00404	0.00492	0.04645	0.00669	0.00376	0.00382	0.00658	0.01947	0.04207	0.09349	0.21270	0.41492	0.01053	0.04810	0.03125	0.00271	0.03630	0.00339	0.00338
15	0.00585	0.00502	0.03241	0.03917	0.00809	0.00465	0.05202	0.04894	0.03812	0.01109	0.03636	0.53060	0.08219	0.01024	0.02452	0.00157	0.00302	0.05919	0.00330	0.00365
16	0.00716	0.00674	0.01138	0.85760	0.02612	0.00843	0.01053	0.00969	0.00758	0.00969	0.00674	0.01011	0.00506	0.00379	0.00379	0.00126	0.00506	0.00337	0.00169	0.00421
17	0.00529	0.00360	0.00432	0.00462	0.00473	0.00354	0.00286	0.00557	0.00620	0.00825	0.01499	0.26957	0.01750	0.57215	0.01434	0.00295	0.00324	0.05097	0.00272	0.00259
18	0.00735	0.02074	0.00753	0.03119	0.03582	0.05821	0.05035	0.07541	0.04900	0.01051	0.01266	0.13347	0.01341	0.35445	0.05180	0.00251	0.00421	0.07513	0.00267	0.00359
19	0.00786	0.00674	0.00786	0.00562	0.00899	0.00506	0.00449	0.00955	0.00786	0.01236	0.00674	0.00786	0.00562	0.00281	0.00281	0.00056	0.00281	0.00225	0.00225	0.88990
20	0.00532	0.00370	0.00451	0.00468	0.00496	0.00367	0.00304	0.00583	0.00662	0.00887	0.08351	0.17198	0.05814	0.49160	0.08330	0.00308	0.00371	0.04798	0.00276	0.00274
21	0.00524	0.00384	0.00501	0.00538	0.00579	0.00384	0.00384	0.00605	0.00758	0.01021	0.13527	0.41892	0.07474	0.11951	0.02939	0.02937	0.04643	0.08320	0.00326	0.00312
22	0.06338	0.07167	0.04345	0.02388	0.05040	0.18652	0.01505	0.15127	0.05269	0.23725	0.00970	0.01020	0.00713	0.03380	0.02593	0.00132	0.00459	0.00326	0.00308	0.00542
23	0.02615	0.00809	0.04686	0.00883	0.03021	0.04635	0.05533	0.09701	0.02535	0.05259	0.01018	0.16753	0.00995	0.02449	0.04426	0.00166	0.29253	0.01346	0.03472	0.00443
24	0.01848	0.02416	0.06066	0.07688	0.26910	0.10836	0.03009	0.02062	0.04371	0.03532	0.02104	0.02804	0.03307	0.00475	0.02745	0.00119	0.00447	0.01749	0.00226	0.17287

[dist]
# distance from previous block
# <min> <max>
2	72

[block]
# block no. 10 follows, 72 sequences, length 11
# corresponding to MSA columns:
# 554-564
name=unknown_K
#
# <colnr> <probs for GDERKNQSTAVLIFYWHMCP>
#	G	D	E	R	K	N	Q	S	T	A	V	L	I	F	Y	W	H	M	C	P
0	0.05695	0.00586	0.00636	0.00600	0.00733	0.03932	0.00457	0.03314	0.19013	0.04562	0.17713	0.14253	0.11850	0.00986	0.10775	0.00186	0.01712	0.00589	0.01987	0.00423
1	0.00602	0.00389	0.00495	0.00505	0.00582	0.00358	0.00363	0.00709	0.00859	0.08060	0.25192	0.32026	0.12424	0.10507	0.00624	0.00163	0.00237	0.05193	0.00366	0.00345
2	0.00682	0.00410	0.00524	0.00501	0.00609	0.00370	0.00373	0.00820	0.00961	0.13197	0.40946	0.21379	0.12934	0.00835	0.00440	0.00127	0.00210	0.00733	0.03567	0.00383
3	0.00697	0.00474	0.00526	0.00513	0.00619	0.03150	0.00376	0.00853	0.05830	0.10074	0.07218	0.16996	0.23165	0.14704	0.02795	0.00180	0.00289	0.04881	0.06291	0.00366
4	0.05929	0.00502	0.00528	0.00469	0.00621	0.02502	0.00367	0.03359	0.02765	0.19247	0.01235	0.01312	0.00917	0.00444	0.00296	0.00098	0.00236	0.00350	0.58389	0.00435
5	0.01353	0.15247	0.01219	0.00925	0.01141	0.71937	0.00720	0.01455	0.01027	0.00923	0.00577	0.00672	0.00488	0.00380	0.00326	0.00095	0.00640	0.00238	0.00190	0.00447
6	0.00743	0.00702	0.01187	0.75571	0.12589	0.00850	0.01067	0.00993	0.00771	0.01002	0.00679	0.01002	0.00517	0.00374	0.00379	0.00125	0.00499	0.00337	0.00171	0.00443
7	0.00846	0.00571	0.00632	0.00560	0.00715	0.00599	0.00434	0.12233	0.18529	0.05592	0.20977	0.01831	0.06253	0.03024	0.00412	0.00119	0.00249	0.00478	0.25490	0.00455
8	0.89350	0.00733	0.00557	0.00499	0.00733	0.00851	0.00411	0.01115	0.00645	0.01702	0.00528	0.00616	0.00411	0.00352	0.00235	0.00117	0.00293	0.00205	0.00235	0.00411
9	0.00597	0.00441	0.00569	0.00573	0.03150	0.00411	0.02009	0.00762	0.03020	0.05191	0.27581	0.07057	0.29745	0.02837	0.05231	0.00163	0.00282	0.09653	0.00359	0.00368
10	0.00778	0.07893	0.78931	0.01051	0.01595	0.00924	0.01349	0.01196	0.00799	0.01179	0.00670	0.00787	0.00481	0.00358	0.00352	0.00117	0.00550	0.00275	0.00160	0.00555

[dist]
# distance from previous block
# <min> <max>
0	1

[block]
# block no. 11 follows, 72 sequences, length 16
# corresponding to MSA columns:
# 566-581
name=unknown_L
#
# <colnr> <probs for GDERKNQSTAVLIFYWHMCP>
#	G	D	E	R	K	N	Q	S	T	A	V	L	I	F	Y	W	H	M	C	P
0	0.26822	0.25965	0.02912	0.03705	0.10707	0.08479	0.01604	0.07951	0.02579	0.03092	0.00647	0.00747	0.00522	0.00366	0.00303	0.00105	0.01392	0.00255	0.01357	0.00489
1	0.01074	0.34750	0.01437	0.00929	0.10450	0.12420	0.02666	0.10547	0.10198	0.03073	0.00855	0.00930	0.02532	0.00476	0.03144	0.00117	0.00449	0.00300	0.03138	0.00515
2	0.00666	0.00537	0.00636	0.00635	0.03444	0.00559	0.00458	0.01118	0.28358	0.01408	0.34846	0.14628	0.09685	0.00752	0.00430	0.00128	0.00235	0.00657	0.00384	0.00436
3	0.00547	0.00392	0.00500	0.00533	0.00608	0.00370	0.00396	0.00700	0.03956	0.03061	0.23889	0.38108	0.12353	0.00991	0.00470	0.00143	0.00229	0.12033	0.00373	0.00347
4	0.00544	0.00396	0.00556	0.00556	0.00605	0.00445	0.00407	0.00643	0.00594	0.00841	0.01065	0.01762	0.01066	0.25861	0.62314	0.00543	0.00838	0.00446	0.00210	0.00309
5	0.29458	0.00761	0.00779	0.00637	0.00895	0.06497	0.00519	0.04265	0.03519	0.44022	0.01098	0.01031	0.00738	0.00427	0.00328	0.00115	0.00335	0.00315	0.03717	0.00544
6	0.89350	0.00733	0.00557	0.00499	0.00733	0.00851	0.00411	0.01115	0.00645	0.01702	0.00528	0.00616	0.00411	0.00352	0.00235	0.00117	0.00293	0.00205	0.00235	0.00411
7	0.01361	0.01022	0.01093	0.00856	0.01145	0.01138	0.00701	0.69895	0.15061	0.02260	0.01013	0.00992	0.00728	0.00465	0.00380	0.00116	0.00398	0.00356	0.00380	0.00638
