[name]
unknown

[dist]
# distance from previous block
# <min> <max>
0	16

[block]
# block no. 0 follows, 75 sequences, length 23
# corresponding to MSA columns:
# 16-38
name=unknown_A
#
# <colnr> <probs for GDERKNQSTAVLIFYWHMCP>
#	G	D	E	R	K	N	Q	S	T	A	V	L	I	F	Y	W	H	M	C	P
0	0.07408	0.02064	0.03775	0.00732	0.02511	0.07947	0.01678	0.05939	0.23391	0.08167	0.07384	0.01585	0.01156	0.00518	0.00366	0.00114	0.00343	0.12030	0.00313	0.12579
1	0.00536	0.00360	0.00413	0.00415	0.00422	0.00359	0.00244	0.00550	0.00568	0.00760	0.04516	0.02494	0.01454	0.79856	0.01752	0.00338	0.00348	0.04148	0.00235	0.00233
2	0.01066	0.54711	0.04244	0.03294	0.03685	0.20336	0.00703	0.04815	0.00856	0.00958	0.00554	0.00650	0.00482	0.00343	0.00292	0.00089	0.02052	0.00224	0.00175	0.00470
3	0.00452	0.00338	0.00420	0.00474	0.00525	0.00309	0.00326	0.00530	0.00748	0.00973	0.07031	0.57399	0.22660	0.03186	0.02675	0.00157	0.00227	0.00928	0.00338	0.00303
4	0.01064	0.04931	0.11156	0.01279	0.22562	0.02114	0.11345	0.21982	0.09145	0.07852	0.00891	0.02495	0.00680	0.00397	0.00369	0.00113	0.00438	0.00352	0.00267	0.00568
5	0.01010	0.09087	0.04387	0.06246	0.31756	0.03591	0.05949	0.11759	0.10659	0.07448	0.02571	0.02368	0.00737	0.00395	0.00360	0.00111	0.00418	0.00349	0.00251	0.00549
6	0.00467	0.00364	0.00420	0.00447	0.00525	0.00329	0.00316	0.00581	0.03263	0.01026	0.11362	0.35306	0.38667	0.04570	0.00505	0.00142	0.00205	0.00846	0.00344	0.00314
7	0.00740	0.00435	0.00542	0.00491	0.00627	0.00391	0.00376	0.00905	0.03413	0.18677	0.39750	0.07781	0.22929	0.00751	0.00421	0.00120	0.00211	0.00647	0.00394	0.00399
8	0.00694	0.00653	0.01102	0.86210	0.02530	0.00816	0.01020	0.00938	0.00734	0.00938	0.00653	0.00979	0.00490	0.00367	0.00367	0.00122	0.00490	0.00326	0.00163	0.00408
9	0.00816	0.00712	0.03699	0.01953	0.02497	0.00537	0.02583	0.02229	0.00794	0.05134	0.00697	0.00799	0.00560	0.00289	0.00288	0.00064	0.00300	0.00237	0.00227	0.75586
10	0.01193	0.01425	0.01233	0.03010	0.26835	0.54061	0.04718	0.01339	0.00964	0.01005	0.00615	0.00759	0.00511	0.00359	0.00347	0.00101	0.00588	0.00275	0.00186	0.00476
11	0.00435	0.00370	0.00375	0.00379	0.00498	0.00310	0.00282	0.00526	0.00831	0.00990	0.03641	0.07435	0.80803	0.00940	0.00436	0.00125	0.00187	0.00788	0.00341	0.00310
12	0.00519	0.00379	0.00540	0.09661	0.00767	0.00397	0.00432	0.00610	0.00670	0.02198	0.01548	0.49434	0.01749	0.08282	0.19193	0.01840	0.00426	0.00761	0.00280	0.00313
13	0.05583	0.01101	0.00990	0.00983	0.11448	0.27351	0.00685	0.12391	0.23962	0.07758	0.00987	0.03491	0.00772	0.00440	0.00353	0.00111	0.00439	0.00341	0.00289	0.00524
14	0.00447	0.00320	0.00426	0.00511	0.00533	0.00298	0.00341	0.00511	0.00703	0.00938	0.02024	0.86853	0.02429	0.01151	0.00469	0.00149	0.00213	0.01044	0.00341	0.00298
15	0.00749	0.01639	0.66248	0.01105	0.07195	0.00829	0.05411	0.01166	0.04435	0.01202	0.05991	0.00945	0.00695	0.00377	0.00361	0.00117	0.00505	0.00314	0.00184	0.00532
16	0.00806	0.00651	0.00766	0.00549	0.00874	0.00492	0.00440	0.00968	0.00776	0.05389	0.00693	0.00786	0.00562	0.00281	0.00277	0.00057	0.00274	0.00225	0.00229	0.84903
17	0.00525	0.00394	0.00590	0.00590	0.00656	0.00459	0.00459	0.00656	0.00590	0.00853	0.00984	0.01443	0.00918	0.02755	0.85637	0.00590	0.00984	0.00394	0.00197	0.00328
18	0.00698	0.00654	0.01075	0.76592	0.02338	0.00818	0.00975	0.00948	0.02492	0.00967	0.03673	0.01041	0.00609	0.00399	0.00416	0.00124	0.05254	0.00340	0.00176	0.00409
19	0.00685	0.00342	0.00342	0.00342	0.00428	0.00342	0.00257	0.00856	0.00770	0.01369	0.01198	0.01369	0.00941	0.00428	0.00257	0.00086	0.00171	0.00342	0.89131	0.00342
20	0.01648	0.00625	0.00852	0.00653	0.00938	0.00540	0.00540	0.01790	0.01051	0.85056	0.01449	0.01250	0.00909	0.00455	0.00369	0.00114	0.00313	0.00369	0.00455	0.00625
21	0.00694	0.00653	0.01102	0.86210	0.02530	0.00816	0.01020	0.00938	0.00734	0.00938	0.00653	0.00979	0.00490	0.00367	0.00367	0.00122	0.00490	0.00326	0.00163	0.00408
22	0.00982	0.87313	0.01925	0.00628	0.00943	0.01453	0.00628	0.01100	0.00746	0.00864	0.00511	0.00589	0.00471	0.00314	0.00236	0.00079	0.00393	0.00196	0.00157	0.00471

[dist]
# distance from previous block
# <min> <max>
0	4

[block]
# block no. 1 follows, 75 sequences, length 22
# corresponding to MSA columns:
# 43-64
name=unknown_B
#
# <colnr> <probs for GDERKNQSTAVLIFYWHMCP>
#	G	D	E	R	K	N	Q	S	T	A	V	L	I	F	Y	W	H	M	C	P
0	0.00975	0.82023	0.01852	0.00630	0.00934	0.01406	0.00621	0.03325	0.00772	0.00906	0.00572	0.03515	0.00542	0.00346	0.00247	0.00082	0.00387	0.00229	0.00169	0.00470
1	0.00532	0.00365	0.00448	0.00448	0.00464	0.00382	0.00281	0.00564	0.00548	0.00747	0.01114	0.02165	0.01232	0.66116	0.22704	0.00414	0.00512	0.00499	0.00216	0.00249
2	0.00983	0.03538	0.01326	0.01658	0.49598	0.02519	0.03414	0.12019	0.18550	0.01399	0.00879	0.00991	0.00695	0.00378	0.00364	0.00112	0.00410	0.00344	0.00246	0.00578
3	0.00771	0.06165	0.55498	0.00904	0.01323	0.00843	0.01062	0.03742	0.13264	0.01274	0.10716	0.01090	0.00923	0.00420	0.00357	0.00115	0.00449	0.00337	0.00224	0.00524
4	0.89687	0.00710	0.00540	0.00483	0.00710	0.00824	0.00398	0.01080	0.00625	0.01648	0.00511	0.00597	0.00398	0.00341	0.00227	0.00114	0.00284	0.00199	0.00227	0.00398
5	0.00475	0.00387	0.00423	0.00418	0.00532	0.00342	0.00315	0.00620	0.03698	0.01125	0.22658	0.05864	0.57918	0.00882	0.00435	0.00124	0.00191	0.02906	0.00357	0.00328
6	0.00447	0.00320	0.00426	0.00511	0.00533	0.00298	0.00341	0.00511	0.00703	0.00938	0.02024	0.86853	0.02429	0.01151	0.00469	0.00149	0.00213	0.01044	0.00341	0.00298
7	0.00447	0.00320	0.00426	0.00511	0.00533	0.00298	0.00341	0.00511	0.00703	0.00938	0.02024	0.86853	0.02429	0.01151	0.00469	0.00149	0.00213	0.01044	0.00341	0.00298
8	0.00982	0.87313	0.01925	0.00628	0.00943	0.01453	0.00628	0.01100	0.00746	0.00864	0.00511	0.00589	0.00471	0.00314	0.00236	0.00079	0.00393	0.00196	0.00157	0.00471
9	0.01648	0.00625	0.00852	0.00653	0.00938	0.00540	0.00540	0.01790	0.01051	0.85056	0.01449	0.01250	0.00909	0.00455	0.00369	0.00114	0.00313	0.00369	0.00455	0.00625
10	0.01372	0.01750	0.01041	0.00946	0.01135	0.85618	0.00710	0.01467	0.01041	0.00899	0.00568	0.00662	0.00473	0.00378	0.00331	0.00095	0.00662	0.00237	0.00189	0.00426
11	0.00737	0.01900	0.85189	0.01047	0.01590	0.00853	0.01357	0.01163	0.00775	0.01163	0.00659	0.00775	0.00465	0.00349	0.00349	0.00116	0.00543	0.00271	0.00155	0.00543
12	0.01372	0.01750	0.01041	0.00946	0.01135	0.85618	0.00710	0.01467	0.01041	0.00899	0.00568	0.00662	0.00473	0.00378	0.00331	0.00095	0.00662	0.00237	0.00189	0.00426
13	0.01126	0.00707	0.00824	0.00675	0.00932	0.00703	0.00538	0.01689	0.39622	0.29161	0.01308	0.01207	0.00933	0.00438	0.00352	0.00107	0.00294	0.00360	0.00369	0.18657
14	0.00796	0.00748	0.00974	0.00849	0.00889	0.04021	0.00691	0.06527	0.00663	0.00966	0.00650	0.01026	0.00628	0.06581	0.16875	0.00247	0.55943	0.00346	0.00187	0.00393
15	0.85267	0.00694	0.00537	0.00482	0.00702	0.00800	0.00395	0.01060	0.00646	0.01639	0.04680	0.00703	0.00550	0.00361	0.00237	0.00114	0.00279	0.00222	0.00236	0.00395
16	0.00798	0.00673	0.00777	0.00568	0.00882	0.00542	0.00455	0.05400	0.04952	0.01280	0.02621	0.00843	0.00644	0.00303	0.00286	0.00062	0.00278	0.00244	0.00238	0.78155
17	0.01235	0.00767	0.00877	0.02241	0.00983	0.02241	0.00585	0.25534	0.19787	0.27972	0.07228	0.01423	0.04257	0.00511	0.00380	0.00117	0.00330	0.02573	0.00390	0.00569
18	0.00579	0.00445	0.00612	0.00565	0.00682	0.00404	0.06298	0.01840	0.00827	0.04311	0.15676	0.32617	0.20157	0.03486	0.00486	0.00134	0.01399	0.01989	0.00329	0.07165
19	0.00987	0.03707	0.10920	0.03269	0.11646	0.02552	0.04927	0.14117	0.06999	0.12022	0.06713	0.02816	0.02952	0.02116	0.01720	0.00122	0.03551	0.00375	0.00281	0.08208
20	0.09444	0.26849	0.13365	0.00785	0.03180	0.06737	0.04181	0.09376	0.06931	0.01218	0.02924	0.04172	0.01830	0.04966	0.00401	0.00119	0.00409	0.02415	0.00228	0.00471
21	0.01732	0.04420	0.03011	0.00606	0.02021	0.03120	0.00468	0.07863	0.01832	0.04534	0.10697	0.32444	0.11831	0.00881	0.03535	0.00143	0.01839	0.04118	0.00319	0.04584

[dist]
# distance from previous block
# <min> <max>
2	17

[block]
# block no. 2 follows, 75 sequences, length 27
# corresponding to MSA columns:
# 82-108
name=unknown_C
#
# <colnr> <probs for GDERKNQSTAVLIFYWHMCP>
#	G	D	E	R	K	N	Q	S	T	A	V	L	I	F	Y	W	H	M	C	P
0	0.00903	0.00651	0.00807	0.00775	0.04180	0.00662	0.03261	0.19105	0.09796	0.07007	0.01593	0.41388	0.01638	0.03462	0.02705	0.00165	0.00344	0.00712	0.00364	0.00480
1	0.08041	0.14096	0.35661	0.00912	0.01283	0.06112	0.08575	0.10773	0.00901	0.01279	0.04201	0.03901	0.00684	0.00402	0.00351	0.00111	0.01690	0.00319	0.00208	0.00500
2	0.00450	0.00321	0.00425	0.00508	0.00529	0.00300	0.00337	0.00512	0.00698	0.00931	0.01999	0.84380	0.02397	0.03667	0.00510	0.00155	0.00217	0.01029	0.00337	0.00296
3	0.01193	0.01452	0.01051	0.00940	0.01071	0.59808	0.00726	0.01281	0.00894	0.00891	0.00556	0.00739	0.00494	0.02269	0.00612	0.00119	0.25040	0.00267	0.00182	0.00415
4	0.00694	0.00653	0.01102	0.86210	0.02530	0.00816	0.01020	0.00938	0.00734	0.00938	0.00653	0.00979	0.00490	0.00367	0.00367	0.00122	0.00490	0.00326	0.00163	0.00408
5	0.00525	0.00394	0.00590	0.00590	0.00656	0.00459	0.00459	0.00656	0.00590	0.00853	0.00984	0.01443	0.00918	0.02755	0.85637	0.00590	0.00984	0.00394	0.00197	0.00328
6	0.00762	0.00653	0.00762	0.00544	0.00870	0.00490	0.00435	0.00925	0.00762	0.01197	0.00653	0.00762	0.00544	0.00272	0.00272	0.00054	0.00272	0.00218	0.00218	0.89338
7	0.00982	0.87313	0.01925	0.00628	0.00943	0.01453	0.00628	0.01100	0.00746	0.00864	0.00511	0.00589	0.00471	0.00314	0.00236	0.00079	0.00393	0.00196	0.00157	0.00471
8	0.00762	0.00653	0.00762	0.00544	0.00870	0.00490	0.00435	0.00925	0.00762	0.01197	0.00653	0.00762	0.00544	0.00272	0.00272	0.00054	0.00272	0.00218	0.00218	0.89338
9	0.00816	0.00826	0.01121	0.06452	0.01071	0.03940	0.00814	0.00907	0.00590	0.00888	0.00496	0.00810	0.00482	0.00616	0.01122	0.00156	0.78011	0.00319	0.00162	0.00403
10	0.00855	0.00971	0.02116	0.01518	0.01879	0.00910	0.81043	0.01157	0.00862	0.01170	0.00780	0.03495	0.00612	0.00334	0.00434	0.00125	0.00607	0.00451	0.00190	0.00490
11	0.01805	0.00566	0.05110	0.01647	0.01700	0.04193	0.02704	0.00742	0.00845	0.03653	0.23182	0.22925	0.19781	0.02219	0.00496	0.00132	0.05244	0.02373	0.00322	0.00359
12	0.02014	0.16300	0.50005	0.00945	0.02744	0.00923	0.05436	0.02646	0.01894	0.05075	0.03185	0.00887	0.00617	0.02612	0.00389	0.00116	0.01873	0.00293	0.00189	0.01856
13	0.00487	0.00339	0.00425	0.00466	0.00488	0.00325	0.00299	0.00542	0.00684	0.00923	0.11829	0.46451	0.02166	0.31735	0.00964	0.00219	0.00259	0.00816	0.00306	0.00277
14	0.00909	0.00873	0.01491	0.02254	0.84801	0.00873	0.01127	0.01127	0.00836	0.01200	0.00691	0.00909	0.00582	0.00327	0.00364	0.00109	0.00436	0.00327	0.00182	0.00582
15	0.03303	0.03702	0.09734	0.02840	0.12247	0.02209	0.29901	0.06456	0.23128	0.01339	0.00920	0.01025	0.00697	0.00377	0.00382	0.00118	0.00469	0.00374	0.00243	0.00536
16	0.02181	0.00726	0.01323	0.04228	0.13780	0.01784	0.31913	0.01031	0.00827	0.10300	0.01187	0.26705	0.01154	0.00583	0.00420	0.00128	0.00428	0.00583	0.00261	0.00458
17	0.00490	0.00377	0.00451	0.00490	0.00574	0.00347	0.00375	0.00607	0.01979	0.01016	0.05397	0.23636	0.36967	0.04921	0.00525	0.00151	0.00239	0.20806	0.00337	0.00315
18	0.01008	0.00508	0.00617	0.00526	0.00700	0.00480	0.00415	0.05535	0.05333	0.30317	0.17455	0.03179	0.09225	0.00562	0.00361	0.00109	0.00241	0.00468	0.22495	0.00464
19	0.03521	0.26839	0.11004	0.00937	0.07955	0.19088	0.04147	0.07166	0.02474	0.11134	0.00720	0.00787	0.00557	0.00368	0.00331	0.00100	0.01871	0.00270	0.00223	0.00508
20	0.00510	0.00360	0.00457	0.00474	0.00502	0.00371	0.00314	0.00563	0.00596	0.00807	0.01384	0.19232	0.04676	0.43030	0.24736	0.00370	0.00494	0.00607	0.00244	0.00270
21	0.00694	0.00653	0.01102	0.86210	0.02530	0.00816	0.01020	0.00938	0.00734	0.00938	0.00653	0.00979	0.00490	0.00367	0.00367	0.00122	0.00490	0.00326	0.00163	0.00408
22	0.01322	0.01715	0.05357	0.00939	0.01147	0.77777	0.00735	0.03129	0.01041	0.00953	0.02294	0.00715	0.00537	0.00386	0.00335	0.00096	0.00641	0.00249	0.00196	0.00434
23	0.04476	0.00907	0.05390	0.05245	0.11945	0.03538	0.07311	0.24793	0.06454	0.21331	0.02680	0.01042	0.00748	0.00457	0.01912	0.00122	0.00417	0.00350	0.00316	0.00566
24	0.03074	0.01268	0.30543	0.02370	0.07376	0.05745	0.16819	0.05094	0.13544	0.02472	0.00842	0.02883	0.00651	0.00399	0.00403	0.00119	0.03911	0.00348	0.00220	0.01917
25	0.02769	0.03509	0.00995	0.07663	0.04135	0.10512	0.00646	0.30220	0.04175	0.10966	0.01906	0.00945	0.00674	0.01827	0.00364	0.00103	0.00394	0.00308	0.01633	0.16257
26	0.02749	0.02148	0.04796	0.00899	0.07357	0.19649	0.02817	0.17543	0.07934	0.12808	0.04894	0.02440	0.05112	0.00461	0.00380	0.00109	0.02456	0.00361	0.00295	0.04792

[dist]
# distance from previous block
# <min> <max>
1	15

[block]
# block no. 3 follows, 75 sequences, length 52
# corresponding to MSA columns:
# 124-175
name=unknown_D
#
# <colnr> <probs for GDERKNQSTAVLIFYWHMCP>
#	G	D	E	R	K	N	Q	S	T	A	V	L	I	F	Y	W	H	M	C	P
0	0.02826	0.11300	0.09319	0.01920	0.12259	0.03897	0.03296	0.05214	0.07907	0.12294	0.03097	0.05253	0.04027	0.00436	0.00352	0.00103	0.01357	0.00360	0.00263	0.14522
1	0.02766	0.05061	0.06708	0.02358	0.20659	0.01566	0.02513	0.03895	0.02679	0.02319	0.01986	0.02429	0.01945	0.00343	0.00317	0.00085	0.00352	0.00292	0.00219	0.41508
2	0.00447	0.00328	0.00420	0.00490	0.00528	0.00301	0.00332	0.00517	0.00729	0.00956	0.03938	0.73015	0.14431	0.01110	0.00463	0.00145	0.00208	0.00997	0.00342	0.00301
3	0.05022	0.07273	0.03498	0.01813	0.05113	0.04946	0.03445	0.10985	0.47175	0.03154	0.02114	0.01145	0.00902	0.00470	0.01227	0.00121	0.00362	0.00364	0.00317	0.00552
4	0.00940	0.01807	0.02827	0.00607	0.00844	0.02373	0.00499	0.07504	0.01856	0.19240	0.10092	0.01380	0.07152	0.00748	0.11049	0.00155	0.01782	0.00375	0.00304	0.28467
5	0.05101	0.18192	0.46268	0.01017	0.07575	0.02004	0.04390	0.04162	0.00825	0.06241	0.00684	0.00781	0.00508	0.00349	0.00327	0.00108	0.00479	0.00272	0.00188	0.00530
6	0.01372	0.01750	0.01041	0.00946	0.01135	0.85618	0.00710	0.01467	0.01041	0.00899	0.00568	0.00662	0.00473	0.00378	0.00331	0.00095	0.00662	0.00237	0.00189	0.00426
7	0.00456	0.00336	0.00424	0.00486	0.00530	0.00308	0.00334	0.00531	0.00742	0.00971	0.06276	0.63232	0.16746	0.03770	0.00506	0.00150	0.00215	0.03347	0.00340	0.00301
8	0.00692	0.00363	0.00372	0.00365	0.00452	0.00367	0.00272	0.03057	0.00779	0.01348	0.01182	0.01411	0.00952	0.04907	0.02579	0.00113	0.00208	0.00353	0.79884	0.00343
9	0.00456	0.00325	0.00431	0.00509	0.00533	0.00304	0.00342	0.00524	0.00715	0.00957	0.05646	0.79112	0.02436	0.03762	0.00511	0.00154	0.00218	0.02425	0.00340	0.00299
10	0.87936	0.00709	0.00546	0.00486	0.00715	0.00818	0.00401	0.01094	0.00634	0.03306	0.00530	0.00610	0.00408	0.00343	0.00230	0.00114	0.00285	0.00202	0.00232	0.00402
11	0.00520	0.00375	0.00491	0.00462	0.00549	0.00347	0.00347	0.00693	0.01040	0.01473	0.84608	0.02743	0.03465	0.00751	0.00433	0.00116	0.00173	0.00664	0.00404	0.00347
12	0.89687	0.00710	0.00540	0.00483	0.00710	0.00824	0.00398	0.01080	0.00625	0.01648	0.00511	0.00597	0.00398	0.00341	0.00227	0.00114	0.00284	0.00199	0.00227	0.00398
13	0.01396	0.01029	0.01102	0.00845	0.01139	0.01139	0.00698	0.83577	0.01727	0.02315	0.00882	0.00882	0.00625	0.00441	0.00367	0.00110	0.00404	0.00331	0.00367	0.00625
14	0.00982	0.87313	0.01925	0.00628	0.00943	0.01453	0.00628	0.01100	0.00746	0.00864	0.00511	0.00589	0.00471	0.00314	0.00236	0.00079	0.00393	0.00196	0.00157	0.00471
15	0.00737	0.01900	0.85189	0.01047	0.01590	0.00853	0.01357	0.01163	0.00775	0.01163	0.00659	0.00775	0.00465	0.00349	0.00349	0.00116	0.00543	0.00271	0.00155	0.00543
16	0.04717	0.00953	0.01019	0.00790	0.01065	0.01048	0.00650	0.71569	0.01596	0.04950	0.02410	0.00944	0.00694	0.00442	0.00357	0.00109	0.00379	0.00334	0.05379	0.00595
17	0.00437	0.00372	0.00377	0.00375	0.00498	0.00311	0.00282	0.00533	0.00845	0.01011	0.06807	0.03504	0.81555	0.00923	0.00434	0.00124	0.00186	0.00771	0.00343	0.00311
18	0.00982	0.87313	0.01925	0.00628	0.00943	0.01453	0.00628	0.01100	0.00746	0.00864	0.00511	0.00589	0.00471	0.00314	0.00236	0.00079	0.00393	0.00196	0.00157	0.00471
19	0.02655	0.00616	0.00802	0.00662	0.00897	0.00573	0.00543	0.08991	0.03229	0.56498	0.01495	0.08703	0.01160	0.00582	0.00393	0.00124	0.00315	0.10789	0.00417	0.00557
20	0.00450	0.00334	0.00420	0.00480	0.00526	0.00304	0.00329	0.00527	0.00752	0.00984	0.07809	0.64749	0.18836	0.01080	0.00460	0.00142	0.00205	0.00966	0.00345	0.00304
21	0.00474	0.00385	0.00457	0.00474	0.00579	0.00341	0.01998	0.00581	0.00818	0.01007	0.03061	0.16918	0.54523	0.00969	0.00453	0.00136	0.00227	0.15942	0.00337	0.00317
22	0.00694	0.00653	0.01102	0.86210	0.02530	0.00816	0.01020	0.00938	0.00734	0.00938	0.00653	0.00979	0.00490	0.00367	0.00367	0.00122	0.00490	0.00326	0.00163	0.00408
23	0.03142	0.00520	0.00626	0.00524	0.00715	0.00493	0.00419	0.02580	0.06422	0.39653	0.02282	0.01338	0.02207	0.00454	0.00322	0.00103	0.00250	0.00366	0.37093	0.00492
24	0.00672	0.00457	0.00505	0.00477	0.00570	0.00472	0.00344	0.06148	0.12280	0.01276	0.16611	0.06761	0.05268	0.20941	0.00711	0.00167	0.00249	0.00514	0.25216	0.00362
25	0.00681	0.00352	0.00369	0.00364	0.00455	0.00345	0.00273	0.00845	0.00795	0.03538	0.06417	0.04224	0.04855	0.00493	0.00285	0.00092	0.00177	0.00404	0.74689	0.00347
26	0.00791	0.00612	0.02698	0.06201	0.05190	0.00601	0.05219	0.04420	0.14618	0.09859	0.40511	0.01934	0.03554	0.00589	0.00414	0.00118	0.01348	0.00517	0.00354	0.00453
27	0.00762	0.00653	0.00762	0.00544	0.00870	0.00490	0.00435	0.00925	0.00762	0.01197	0.00653	0.00762	0.00544	0.00272	0.00272	0.00054	0.00272	0.00218	0.00218	0.89338
28	0.62603	0.00749	0.01890	0.02376	0.05388	0.00821	0.01630	0.05185	0.03242	0.10600	0.00677	0.00740	0.00502	0.00368	0.00286	0.00115	0.01873	0.00246	0.00256	0.00452
29	0.00848	0.02213	0.03048	0.13861	0.55823	0.00843	0.04710	0.01121	0.05666	0.01194	0.06438	0.01066	0.00791	0.00371	0.00370	0.00113	0.00427	0.00357	0.00205	0.00535
30	0.00926	0.48102	0.30280	0.00830	0.01215	0.08038	0.03896	0.01154	0.00784	0.00980	0.00574	0.00673	0.00473	0.00331	0.00289	0.00094	0.00474	0.00234	0.00160	0.00493
31	0.00905	0.00869	0.01484	0.03749	0.83336	0.00872	0.01125	0.01124	0.00834	0.01195	0.00690	0.00910	0.00580	0.00328	0.00364	0.00109	0.00437	0.00327	0.00181	0.00579
32	0.00479	0.00367	0.00445	0.00486	0.00567	0.00333	0.00369	0.00586	0.00817	0.01043	0.10541	0.28973	0.34920	0.00998	0.00460	0.00140	0.00224	0.17591	0.00346	0.00316
33	0.00466	0.00333	0.00447	0.00530	0.00561	0.00314	0.00371	0.00545	0.00727	0.00968	0.03750	0.75123	0.02413	0.01126	0.00473	0.00151	0.00227	0.10827	0.00342	0.00304
34	0.00552	0.00431	0.00484	0.00466	0.00586	0.00406	0.00350	0.00795	0.12065	0.03088	0.27254	0.09204	0.41308	0.00825	0.00427	0.00123	0.00201	0.00705	0.00367	0.00363
35	0.00679	0.00379	0.00425	0.00441	0.00522	0.01486	0.00329	0.00820	0.00783	0.06103	0.02607	0.23606	0.01445	0.00667	0.00341	0.00111	0.00210	0.07135	0.51562	0.00348
36	0.00770	0.00660	0.00765	0.00555	0.00875	0.00513	0.00443	0.00981	0.05321	0.01215	0.00699	0.00795	0.00576	0.00284	0.00278	0.00058	0.00273	0.00228	0.00226	0.84484
37	0.00794	0.00652	0.00765	0.00548	0.00873	0.00491	0.00439	0.00956	0.00772	0.04270	0.00682	0.00779	0.00557	0.00279	0.00276	0.00057	0.00273	0.00223	0.00226	0.86087
38	0.00926	0.00815	0.00836	0.00753	0.00960	0.03189	0.00585	0.01939	0.81905	0.01519	0.01470	0.01351	0.01104	0.00495	0.00373	0.00124	0.00301	0.00410	0.00369	0.00577
39	0.00525	0.00394	0.00590	0.00590	0.00656	0.00459	0.00459	0.00656	0.00590	0.00853	0.00984	0.01443	0.00918	0.02755	0.85637	0.00590	0.00984	0.00394	0.00197	0.00328
40	0.73519	0.00769	0.00643	0.00549	0.00789	0.00882	0.00453	0.16187	0.00827	0.01770	0.00579	0.00649	0.00439	0.00359	0.00253	0.00113	0.00306	0.00223	0.00253	0.00439
41	0.00592	0.00423	0.00592	0.00676	0.00761	0.00423	0.00592	0.00761	0.00845	0.01099	0.01945	0.04143	0.02114	0.01015	0.00507	0.00169	0.00338	0.82329	0.00338	0.00338
42	0.00525	0.00394	0.00590	0.00590	0.00656	0.00459	0.00459	0.00656	0.00590	0.00853	0.00984	0.01443	0.00918	0.02755	0.85637	0.00590	0.00984	0.00394	0.00197	0.00328
43	0.10024	0.02052	0.01038	0.00855	0.04410	0.04863	0.00672	0.56373	0.09213	0.04303	0.00886	0.00896	0.00644	0.00431	0.00363	0.00112	0.01628	0.00320	0.00336	0.00582
44	0.00484	0.00394	0.00431	0.00418	0.00527	0.01605	0.00313	0.00610	0.00924	0.01190	0.37168	0.03164	0.49771	0.00848	0.00432	0.00120	0.00188	0.00721	0.00365	0.00327
45	0.00773	0.00445	0.00457	0.00423	0.00536	0.00464	0.00323	0.10464	0.05082	0.01462	0.01175	0.01352	0.00929	0.03739	0.00337	0.00101	0.00211	0.00352	0.70993	0.00382
46	0.05433	0.00664	0.00857	0.00663	0.00943	0.00608	0.00547	0.07962	0.03424	0.72809	0.01367	0.01197	0.00871	0.00450	0.00363	0.00114	0.00318	0.00360	0.00436	0.00614
47	0.00943	0.17850	0.07226	0.00888	0.04319	0.10051	0.10492	0.02366	0.23520	0.04787	0.06938	0.01272	0.02879	0.00456	0.00366	0.00112	0.01280	0.03489	0.00268	0.00499
48	0.00473	0.00373	0.00426	0.00417	0.00523	0.00327	0.00313	0.00600	0.00919	0.01194	0.37428	0.04701	0.48005	0.00861	0.00435	0.00122	0.00184	0.02007	0.00367	0.00326
49	0.01372	0.01750	0.01041	0.00946	0.01135	0.85618	0.00710	0.01467	0.01041	0.00899	0.00568	0.00662	0.00473	0.00378	0.00331	0.00095	0.00662	0.00237	0.00189	0.00426
50	0.00999	0.82495	0.03181	0.00643	0.00957	0.03315	0.00640	0.01121	0.00759	0.02394	0.00531	0.00606	0.00479	0.00319	0.00242	0.00080	0.00400	0.00202	0.00163	0.00474
51	0.00518	0.00386	0.00484	0.00466	0.00556	0.00360	0.00347	0.00705	0.04157	0.01371	0.64539	0.09662	0.13479	0.00796	0.00434	0.00120	0.00183	0.00700	0.00390	0.00347

[dist]
# distance from previous block
# <min> <max>
0	1

[block]
# block no. 4 follows, 75 sequences, length 7
# corresponding to MSA columns:
# 177-183
name=unknown_E
#
# <colnr> <probs for GDERKNQSTAVLIFYWHMCP>
#	G	D	E	R	K	N	Q	S	T	A	V	L	I	F	Y	W	H	M	C	P
0	0.07306	0.09579	0.49668	0.00892	0.01321	0.00859	0.03389	0.03463	0.03067	0.11853	0.02948	0.00881	0.00621	0.00373	0.00336	0.00111	0.00457	0.00291	0.00219	0.02365
1	0.00528	0.00392	0.00462	0.00461	0.00556	0.00373	0.00346	0.00709	0.05740	0.01193	0.27866	0.11962	0.27557	0.02833	0.05029	0.00153	0.00244	0.04620	0.08636	0.00339
2	0.00590	0.00521	0.07028	0.00527	0.00661	0.00419	0.00441	0.00821	0.05376	0.04254	0.65465	0.05107	0.05932	0.00715	0.00423	0.00117	0.00214	0.00627	0.00381	0.00381
3	0.00916	0.01008	0.11425	0.09277	0.47754	0.03212	0.04101	0.07260	0.09058	0.01278	0.00775	0.00939	0.00612	0.00359	0.00365	0.00113	0.00450	0.00331	0.00210	0.00557
4	0.00601	0.00373	0.00458	0.00436	0.00529	0.00349	0.00327	0.00765	0.00946	0.04598	0.52557	0.06106	0.05406	0.00677	0.00385	0.00109	0.00180	0.00587	0.24257	0.00353
5	0.00853	0.00717	0.00784	0.00575	0.00891	0.05614	0.00458	0.01011	0.00796	0.06381	0.00697	0.00786	0.00562	0.00290	0.00282	0.00060	0.00298	0.00228	0.00231	0.78486
6	0.00447	0.00320	0.00426	0.00511	0.00533	0.00298	0.00341	0.00511	0.00703	0.00938	0.02024	0.86853	0.02429	0.01151	0.00469	0.00149	0.00213	0.01044	0.00341	0.00298

[dist]
# distance from previous block
# <min> <max>
2	9

[block]
# block no. 5 follows, 75 sequences, length 44
# corresponding to MSA columns:
# 193-236
name=unknown_F
#
# <colnr> <probs for GDERKNQSTAVLIFYWHMCP>
#	G	D	E	R	K	N	Q	S	T	A	V	L	I	F	Y	W	H	M	C	P
0	0.08784	0.13940	0.04497	0.00887	0.07805	0.11013	0.00693	0.31168	0.10439	0.02875	0.00831	0.01947	0.00653	0.02455	0.00368	0.00112	0.00413	0.00309	0.00278	0.00534
1	0.00534	0.00357	0.00405	0.00405	0.00407	0.00359	0.00228	0.00537	0.00535	0.00715	0.01153	0.02381	0.01325	0.85100	0.03848	0.00362	0.00371	0.00531	0.00222	0.00225
2	0.00902	0.09638	0.03386	0.01364	0.01723	0.02880	0.65228	0.04176	0.00884	0.01181	0.00715	0.00925	0.00547	0.00315	0.00400	0.00115	0.00573	0.00389	0.00191	0.04466
3	0.00507	0.00384	0.00462	0.00484	0.00579	0.00347	0.00369	0.00632	0.02010	0.02197	0.13791	0.24226	0.34656	0.00948	0.00450	0.00135	0.00222	0.14826	0.00348	0.02427
4	0.01014	0.43630	0.01634	0.07218	0.01244	0.21013	0.13769	0.01167	0.00842	0.00943	0.02527	0.00800	0.02049	0.00353	0.00307	0.00094	0.00490	0.00274	0.00178	0.00454
5	0.00747	0.00679	0.05604	0.00681	0.04742	0.01783	0.00529	0.05072	0.16954	0.03301	0.20865	0.08123	0.08005	0.00601	0.01568	0.00113	0.00288	0.00486	0.00317	0.19543
6	0.00895	0.34469	0.26580	0.00850	0.04277	0.04326	0.03683	0.02523	0.01783	0.02451	0.00645	0.01770	0.00529	0.00338	0.00299	0.00092	0.00435	0.00255	0.00182	0.13620
7	0.11382	0.01818	0.10313	0.07301	0.17705	0.05484	0.03121	0.02161	0.00849	0.20361	0.01049	0.13586	0.00905	0.00499	0.00364	0.00119	0.00389	0.01825	0.00274	0.00495
8	0.00477	0.00380	0.00429	0.00418	0.00527	0.00336	0.00313	0.00619	0.02571	0.01187	0.34873	0.05655	0.49188	0.00859	0.00434	0.00121	0.00184	0.00733	0.00366	0.00329
9	0.00584	0.00473	0.00509	0.00558	0.02042	0.07362	0.00385	0.00668	0.00785	0.04112	0.06879	0.52675	0.15186	0.03532	0.00487	0.00143	0.00258	0.02702	0.00330	0.00329
10	0.00976	0.17439	0.30352	0.02238	0.09334	0.04858	0.02832	0.12610	0.07132	0.04870	0.00753	0.00836	0.00571	0.00379	0.00364	0.00109	0.03299	0.00290	0.00219	0.00538
11	0.00995	0.00710	0.03095	0.01796	0.12380	0.00690	0.04709	0.02834	0.25790	0.21915	0.06766	0.04297	0.11316	0.00538	0.00387	0.00119	0.00320	0.00466	0.00347	0.00529
12	0.00493	0.00346	0.00445	0.00487	0.00542	0.00317	0.00340	0.00588	0.00804	0.03239	0.20941	0.55619	0.12440	0.01016	0.00454	0.00138	0.00203	0.00908	0.00358	0.00319
13	0.01015	0.02629	0.08902	0.05569	0.21528	0.08919	0.12817	0.13097	0.12904	0.05030	0.00875	0.02435	0.00679	0.00398	0.00382	0.00115	0.01566	0.00354	0.00248	0.00541
14	0.03999	0.03929	0.04988	0.01160	0.18366	0.29731	0.04130	0.13822	0.02933	0.11019	0.00793	0.02094	0.00613	0.00393	0.00349	0.00106	0.00494	0.00308	0.00250	0.00522
15	0.00982	0.87313	0.01925	0.00628	0.00943	0.01453	0.00628	0.01100	0.00746	0.00864	0.00511	0.00589	0.00471	0.00314	0.00236	0.00079	0.00393	0.00196	0.00157	0.00471
16	0.00922	0.06609	0.03478	0.00765	0.07238	0.00707	0.02214	0.14348	0.00935	0.04684	0.00736	0.02038	0.00594	0.00329	0.00304	0.00076	0.00329	0.00266	0.00244	0.53182
17	0.01093	0.04438	0.02641	0.00775	0.01998	0.06567	0.01791	0.33679	0.17330	0.07036	0.01187	0.15099	0.01034	0.03094	0.00422	0.00125	0.00367	0.00461	0.00336	0.00527
18	0.00434	0.00372	0.00372	0.00372	0.00496	0.00310	0.00279	0.00527	0.00837	0.00992	0.03721	0.03535	0.84652	0.00930	0.00434	0.00124	0.00186	0.00775	0.00341	0.00310
19	0.00914	0.00899	0.01432	0.08198	0.72842	0.05072	0.01091	0.01125	0.00833	0.01159	0.00677	0.00899	0.00567	0.00340	0.00381	0.00110	0.02399	0.00323	0.00180	0.00557
20	0.00457	0.00332	0.00433	0.00506	0.00542	0.00308	0.00349	0.00534	0.00737	0.00974	0.05700	0.71761	0.09484	0.01108	0.00466	0.00147	0.00216	0.05301	0.00344	0.00303
21	0.00563	0.00381	0.00477	0.00468	0.00563	0.00344	0.00349	0.00696	0.00925	0.06546	0.42844	0.18091	0.21243	0.00848	0.00436	0.00125	0.00197	0.03097	0.01459	0.00347
22	0.00529	0.00378	0.00511	0.00516	0.00555	0.00412	0.00367	0.00608	0.00581	0.00809	0.01119	0.04139	0.01172	0.36210	0.46592	0.00468	0.00687	0.03841	0.00217	0.00286
23	0.00487	0.00363	0.00413	0.00435	0.00527	0.00316	0.00313	0.00575	0.00807	0.04054	0.06446	0.32546	0.49445	0.00982	0.00444	0.00132	0.00200	0.00850	0.00348	0.00319
24	0.00887	0.00738	0.00775	0.00701	0.00895	0.00849	0.00544	0.01827	0.74653	0.01517	0.01461	0.01370	0.01101	0.00490	0.00360	0.00120	0.00277	0.00407	0.10471	0.00554
25	0.01352	0.01007	0.01078	0.00836	0.01122	0.01119	0.00688	0.76179	0.09195	0.02244	0.00937	0.00926	0.00670	0.00446	0.00368	0.00112	0.00394	0.00338	0.00368	0.00621
26	0.00762	0.00653	0.00762	0.00544	0.00870	0.00490	0.00435	0.00925	0.00762	0.01197	0.00653	0.00762	0.00544	0.00272	0.00272	0.00054	0.00272	0.00218	0.00218	0.89338
27	0.89687	0.00710	0.00540	0.00483	0.00710	0.00824	0.00398	0.01080	0.00625	0.01648	0.00511	0.00597	0.00398	0.00341	0.00227	0.00114	0.00284	0.00199	0.00227	0.00398
28	0.01372	0.01750	0.01041	0.00946	0.01135	0.85618	0.00710	0.01467	0.01041	0.00899	0.00568	0.00662	0.00473	0.00378	0.00331	0.00095	0.00662	0.00237	0.00189	0.00426
29	0.00762	0.00653	0.00762	0.00544	0.00870	0.00490	0.00435	0.00925	0.00762	0.01197	0.00653	0.00762	0.00544	0.00272	0.00272	0.00054	0.00272	0.00218	0.00218	0.89338
30	0.00905	0.00779	0.00823	0.00741	0.00946	0.00901	0.00576	0.01923	0.82233	0.01535	0.03400	0.01402	0.01175	0.00504	0.00375	0.00124	0.00288	0.00421	0.00374	0.00576
31	0.60384	0.00690	0.00649	0.00544	0.00790	0.00742	0.00448	0.03001	0.00781	0.27700	0.00812	0.00807	0.00562	0.00378	0.00275	0.00114	0.00295	0.00255	0.00301	0.00473
32	0.03147	0.00759	0.01145	0.01286	0.31104	0.00739	0.05655	0.05190	0.08212	0.33224	0.04953	0.01161	0.00884	0.00415	0.00371	0.00113	0.00370	0.00370	0.00322	0.00580
33	0.00616	0.00502	0.00774	0.01884	0.13769	0.00493	0.07382	0.04000	0.00777	0.01068	0.01565	0.47458	0.03346	0.04271	0.03818	0.00161	0.00328	0.02594	0.04818	0.00375
34	0.00453	0.00365	0.00404	0.00411	0.00512	0.00316	0.00302	0.00558	0.00858	0.01081	0.19736	0.15776	0.56087	0.00927	0.00439	0.00126	0.00187	0.00793	0.00354	0.00316
35	0.00986	0.39061	0.21596	0.01946	0.09137	0.10922	0.02387	0.03866	0.00840	0.03657	0.00620	0.00718	0.00502	0.00339	0.00300	0.00095	0.00465	0.00247	0.00181	0.02133
36	0.00683	0.00619	0.05278	0.01781	0.03094	0.00559	0.00496	0.03738	0.16479	0.01249	0.19395	0.08675	0.05944	0.11571	0.01638	0.00149	0.01311	0.02619	0.00306	0.14418
37	0.02352	0.18155	0.17203	0.01092	0.17453	0.06208	0.02188	0.13067	0.04540	0.10795	0.01989	0.00881	0.00635	0.00375	0.00334	0.00105	0.00432	0.00298	0.00242	0.01655
38	0.03593	0.22249	0.02967	0.18657	0.06827	0.00912	0.02654	0.13481	0.00905	0.04582	0.01010	0.16798	0.02856	0.00522	0.00352	0.00113	0.00382	0.00437	0.00245	0.00459
39	0.00477	0.00382	0.00417	0.00414	0.00520	0.00336	0.00305	0.02397	0.00872	0.01098	0.18805	0.11033	0.56733	0.03966	0.00487	0.00133	0.00197	0.00761	0.00349	0.00320
40	0.00638	0.01098	0.37154	0.03581	0.09198	0.00631	0.02691	0.00900	0.00809	0.01120	0.08708	0.08622	0.20613	0.02122	0.00417	0.00125	0.00387	0.00501	0.00240	0.00444
41	0.01974	0.04481	0.17924	0.02410	0.29565	0.00839	0.13625	0.01215	0.08620	0.06441	0.03437	0.01088	0.00752	0.01508	0.03096	0.00133	0.00468	0.01670	0.00222	0.00531
42	0.00461	0.00355	0.00424	0.00452	0.00529	0.00315	0.00321	0.00555	0.00808	0.01048	0.15700	0.40606	0.33168	0.00986	0.00446	0.00132	0.00198	0.00866	0.00348	0.02283
43	0.00541	0.00362	0.00469	0.00524	0.00573	0.00344	0.00362	0.00664	0.04803	0.05387	0.05909	0.72433	0.02305	0.01049	0.00453	0.00143	0.00219	0.00946	0.02181	0.00332

[dist]
# distance from previous block
# <min> <max>
1	5

[block]
# block no. 6 follows, 75 sequences, length 17
# corresponding to MSA columns:
# 242-258
name=unknown_G
#
# <colnr> <probs for GDERKNQSTAVLIFYWHMCP>
#	G	D	E	R	K	N	Q	S	T	A	V	L	I	F	Y	W	H	M	C	P
0	0.02922	0.06363	0.12158	0.02418	0.09534	0.19206	0.10540	0.06101	0.00917	0.07193	0.00943	0.04940	0.05373	0.00427	0.00366	0.00106	0.01743	0.00354	0.00229	0.08167
1	0.02348	0.05797	0.02568	0.00691	0.03519	0.13975	0.00512	0.09688	0.07283	0.02313	0.04283	0.01061	0.00757	0.00816	0.00842	0.40947	0.00384	0.00321	0.01548	0.00345
2	0.00753	0.09582	0.03557	0.00819	0.04237	0.00654	0.16964	0.02204	0.06642	0.00933	0.02011	0.04841	0.00771	0.03473	0.00884	0.39104	0.00391	0.00377	0.00198	0.01605
3	0.06145	0.02704	0.01122	0.05185	0.01232	0.53089	0.07710	0.10042	0.03344	0.03507	0.00665	0.00763	0.00523	0.00386	0.00357	0.00104	0.02168	0.00275	0.00220	0.00460
4	0.83100	0.00693	0.00547	0.00487	0.00710	0.00794	0.00400	0.01084	0.00656	0.04186	0.04218	0.00710	0.00548	0.00362	0.00241	0.00114	0.00280	0.00224	0.00242	0.00402
5	0.00462	0.00345	0.00416	0.00460	0.00514	0.00314	0.00316	0.00537	0.00749	0.00969	0.08236	0.46059	0.25699	0.10642	0.00613	0.00163	0.00221	0.02655	0.00332	0.00297
6	0.00507	0.00372	0.00471	0.00452	0.00536	0.00341	0.00334	0.00660	0.00982	0.01365	0.68417	0.06574	0.12755	0.04025	0.00489	0.00127	0.00183	0.00689	0.00387	0.00336
7	0.00548	0.00386	0.00483	0.00457	0.00559	0.00349	0.00347	0.00704	0.00992	0.04671	0.62054	0.02889	0.20369	0.00784	0.00433	0.00119	0.00186	0.02929	0.00391	0.00350
8	0.00613	0.00399	0.00516	0.00488	0.00587	0.00368	0.00365	0.00785	0.02855	0.08578	0.61285	0.13629	0.06556	0.00780	0.00431	0.00120	0.00194	0.00688	0.00397	0.00368
9	0.00982	0.87313	0.01925	0.00628	0.00943	0.01453	0.00628	0.01100	0.00746	0.00864	0.00511	0.00589	0.00471	0.00314	0.00236	0.00079	0.00393	0.00196	0.00157	0.00471
10	0.00737	0.01900	0.85189	0.01047	0.01590	0.00853	0.01357	0.01163	0.00775	0.01163	0.00659	0.00775	0.00465	0.00349	0.00349	0.00116	0.00543	0.00271	0.00155	0.00543
11	0.01648	0.00625	0.00852	0.00653	0.00938	0.00540	0.00540	0.01790	0.01051	0.85056	0.01449	0.01250	0.00909	0.00455	0.00369	0.00114	0.00313	0.00369	0.00455	0.00625
12	0.00525	0.00394	0.00590	0.00590	0.00656	0.00459	0.00459	0.00656	0.00590	0.00853	0.00984	0.01443	0.00918	0.02755	0.85637	0.00590	0.00984	0.00394	0.00197	0.00328
13	0.00458	0.00373	0.00405	0.00397	0.00510	0.00320	0.00298	0.00573	0.00893	0.01124	0.25868	0.03318	0.62423	0.00881	0.00434	0.00122	0.00183	0.00745	0.00358	0.00320
14	0.00982	0.87313	0.01925	0.00628	0.00943	0.01453	0.00628	0.01100	0.00746	0.00864	0.00511	0.00589	0.00471	0.00314	0.00236	0.00079	0.00393	0.00196	0.00157	0.00471
15	0.00534	0.00356	0.00401	0.00401	0.00401	0.00356	0.00223	0.00534	0.00534	0.00712	0.01157	0.02403	0.01335	0.87092	0.01869	0.00356	0.00356	0.00534	0.00223	0.00223
16	0.05315	0.00714	0.00786	0.00652	0.00870	0.00761	0.00523	0.24208	0.21135	0.17902	0.05783	0.01251	0.01004	0.00467	0.00346	0.00110	0.00297	0.00373	0.16966	0.00536

[dist]
# distance from previous block
# <min> <max>
1	12

[block]
# block no. 7 follows, 75 sequences, length 65
# corresponding to MSA columns:
# 271-335
name=unknown_H
#
# <colnr> <probs for GDERKNQSTAVLIFYWHMCP>
#	G	D	E	R	K	N	Q	S	T	A	V	L	I	F	Y	W	H	M	C	P
0	0.27685	0.04267	0.07293	0.02246	0.02298	0.00914	0.04704	0.29629	0.02060	0.03192	0.00741	0.01809	0.00571	0.01610	0.01478	0.00117	0.00381	0.00290	0.00270	0.08446
1	0.01396	0.01029	0.01102	0.00845	0.01139	0.01139	0.00698	0.83577	0.01727	0.02315	0.00882	0.00882	0.00625	0.00441	0.00367	0.00110	0.00404	0.00331	0.00367	0.00625
2	0.00726	0.00467	0.00591	0.02466	0.00721	0.00464	0.00451	0.03029	0.10128	0.11535	0.17113	0.23221	0.05169	0.04758	0.00498	0.00144	0.00264	0.14902	0.02958	0.00395
3	0.01467	0.00768	0.00915	0.00709	0.00981	0.00770	0.00583	0.34545	0.02281	0.44709	0.01203	0.01112	0.00800	0.00448	0.00360	0.00110	0.00339	0.00352	0.06943	0.00604
4	0.00823	0.00700	0.00794	0.00671	0.03167	0.00671	0.00510	0.04106	0.32621	0.01372	0.05400	0.02646	0.02044	0.00414	0.00330	0.00090	0.00281	0.00345	0.00295	0.42720
5	0.00462	0.00326	0.00439	0.00513	0.00536	0.00312	0.00346	0.00521	0.00682	0.00915	0.01876	0.75409	0.02227	0.03454	0.06655	0.03478	0.00276	0.00958	0.00321	0.00293
6	0.00610	0.00394	0.00517	0.00475	0.00577	0.00361	0.00360	0.00781	0.01036	0.07962	0.76879	0.02607	0.03228	0.00723	0.00426	0.00115	0.00184	0.00636	0.01761	0.00368
7	0.01220	0.01456	0.02324	0.00886	0.01087	0.58119	0.00680	0.01611	0.26682	0.01100	0.00855	0.00883	0.00673	0.00415	0.00345	0.00104	0.00546	0.00292	0.00246	0.00476
8	0.00870	0.01077	0.16071	0.01884	0.51479	0.00882	0.20023	0.01145	0.00833	0.01188	0.00697	0.00905	0.00556	0.00327	0.00377	0.00114	0.00497	0.00342	0.00178	0.00555
9	0.00573	0.00463	0.00626	0.00611	0.00667	0.02993	0.00469	0.00685	0.00595	0.00841	0.00950	0.01472	0.00915	0.11661	0.67181	0.00515	0.07863	0.00398	0.00196	0.00325
10	0.00798	0.03741	0.07430	0.00654	0.03068	0.00572	0.02340	0.00984	0.00774	0.03535	0.00674	0.00779	0.00547	0.00287	0.00285	0.00065	0.00310	0.00233	0.00216	0.72709
11	0.01336	0.01691	0.01050	0.04599	0.02421	0.80762	0.00729	0.01439	0.01025	0.00905	0.00573	0.00679	0.00475	0.00377	0.00333	0.00096	0.00652	0.00242	0.00188	0.00427
12	0.00451	0.00326	0.00427	0.00500	0.00532	0.00302	0.00338	0.00523	0.00732	0.00973	0.07138	0.76795	0.07380	0.01113	0.00465	0.00146	0.00209	0.01005	0.00345	0.00302
13	0.00870	0.00514	0.00638	0.00572	0.00713	0.00462	0.00432	0.01027	0.03341	0.18889	0.55615	0.02511	0.08273	0.00744	0.00455	0.00133	0.00244	0.00621	0.03483	0.00462
14	0.00555	0.00412	0.00521	0.00488	0.00585	0.00397	0.00367	0.00805	0.08456	0.01478	0.77190	0.02621	0.03256	0.00728	0.00428	0.00116	0.00184	0.00642	0.00402	0.00367
15	0.00515	0.00367	0.00475	0.00539	0.00582	0.00355	0.00386	0.03627	0.00758	0.01009	0.01936	0.61668	0.03876	0.06474	0.00555	0.00163	0.00249	0.14478	0.01676	0.00313
16	0.00867	0.00991	0.02167	0.01548	0.01920	0.00929	0.83467	0.01176	0.00867	0.01176	0.00743	0.00991	0.00557	0.00310	0.00433	0.00124	0.00619	0.00433	0.00186	0.00495
17	0.00914	0.00789	0.00830	0.00747	0.00955	0.00914	0.00581	0.01952	0.84138	0.01536	0.01495	0.01370	0.01121	0.00498	0.00374	0.00125	0.00291	0.00415	0.00374	0.00581
18	0.00451	0.00324	0.00427	0.00504	0.00530	0.00301	0.00338	0.00519	0.00716	0.00954	0.04953	0.80418	0.04640	0.02417	0.00488	0.00150	0.00213	0.01016	0.00341	0.00299
19	0.01396	0.01029	0.01102	0.00845	0.01139	0.01139	0.00698	0.83577	0.01727	0.02315	0.00882	0.00882	0.00625	0.00441	0.00367	0.00110	0.00404	0.00331	0.00367	0.00625
20	0.00909	0.00873	0.01491	0.02254	0.84801	0.00873	0.01127	0.01127	0.00836	0.01200	0.00691	0.00909	0.00582	0.00327	0.00364	0.00109	0.00436	0.00327	0.00182	0.00582
21	0.01457	0.00931	0.01042	0.00799	0.01090	0.00995	0.00660	0.63869	0.01564	0.22252	0.01018	0.00971	0.00693	0.00444	0.00368	0.00111	0.00382	0.00340	0.00388	0.00625
22	0.00567	0.00382	0.00427	0.00418	0.00429	0.00386	0.00241	0.03713	0.00580	0.00773	0.01147	0.02345	0.01308	0.83775	0.01812	0.00347	0.00358	0.00526	0.00228	0.00238
23	0.87018	0.00708	0.00549	0.00488	0.00717	0.00815	0.00402	0.01101	0.00638	0.04176	0.00540	0.00616	0.00413	0.00344	0.00232	0.00114	0.00285	0.00204	0.00234	0.00405
24	0.00459	0.00328	0.00439	0.00525	0.00551	0.00308	0.00361	0.00531	0.00715	0.00951	0.02018	0.80202	0.02404	0.01140	0.00472	0.00151	0.00223	0.07580	0.00341	0.00302
25	0.01648	0.00625	0.00852	0.00653	0.00938	0.00540	0.00540	0.01790	0.01051	0.85056	0.01449	0.01250	0.00909	0.00455	0.00369	0.00114	0.00313	0.00369	0.00455	0.00625
26	0.84880	0.00706	0.00557	0.00492	0.00723	0.00808	0.00406	0.01118	0.00648	0.06202	0.00563	0.00632	0.00426	0.00347	0.00235	0.00114	0.00286	0.00208	0.00240	0.00410
27	0.00487	0.00378	0.00414	0.00404	0.00521	0.00324	0.00303	0.00599	0.00886	0.03342	0.22273	0.05728	0.61284	0.00883	0.00433	0.00123	0.00187	0.00747	0.00359	0.00327
28	0.00694	0.00653	0.01102	0.86210	0.02530	0.00816	0.01020	0.00938	0.00734	0.00938	0.00653	0.00979	0.00490	0.00367	0.00367	0.00122	0.00490	0.00326	0.00163	0.00408
29	0.00485	0.00334	0.00439	0.00510	0.00547	0.00312	0.00352	0.00563	0.00734	0.02485	0.04601	0.73153	0.05411	0.01090	0.00460	0.00146	0.00217	0.04910	0.02942	0.00309
30	0.89687	0.00710	0.00540	0.00483	0.00710	0.00824	0.00398	0.01080	0.00625	0.01648	0.00511	0.00597	0.00398	0.00341	0.00227	0.00114	0.00284	0.00199	0.00227	0.00398
31	0.00522	0.00383	0.00451	0.00460	0.00558	0.00347	0.00354	0.00641	0.00855	0.02989	0.20026	0.07305	0.38531	0.07244	0.00548	0.00147	0.00227	0.15373	0.02714	0.00324
32	0.00976	0.00786	0.00838	0.00736	0.00949	0.00894	0.00577	0.10669	0.67762	0.04698	0.03634	0.01350	0.01118	0.00495	0.00371	0.00121	0.00297	0.00409	0.02743	0.00575
33	0.00526	0.00368	0.00456	0.00456	0.00483	0.00385	0.00298	0.00571	0.00568	0.00771	0.01251	0.02177	0.05970	0.56594	0.27189	0.00414	0.00537	0.00505	0.00221	0.00259
34	0.06494	0.00685	0.00817	0.00657	0.00907	0.00681	0.00534	0.12626	0.15228	0.46861	0.02514	0.01215	0.00917	0.00456	0.00353	0.00113	0.00306	0.00364	0.07696	0.00577
35	0.01268	0.07153	0.01091	0.00817	0.01066	0.14511	0.00667	0.51309	0.07134	0.01826	0.00849	0.00883	0.00636	0.00433	0.00380	0.00107	0.03866	0.00312	0.05136	0.00555
36	0.00892	0.00983	0.13960	0.06862	0.42327	0.01991	0.00975	0.06026	0.04827	0.03026	0.02257	0.00941	0.00645	0.00354	0.00351	0.00105	0.00419	0.00316	0.01766	0.10978
37	0.01825	0.11274	0.39885	0.05898	0.04100	0.03354	0.09175	0.03317	0.00819	0.03806	0.00677	0.00802	0.00509	0.00337	0.00334	0.00103	0.00479	0.00279	0.00185	0.12840
38	0.00470	0.00347	0.00433	0.00476	0.00531	0.00318	0.00334	0.00560	0.00786	0.01038	0.17168	0.46716	0.18420	0.06231	0.00542	0.00152	0.00215	0.04610	0.00345	0.00307
39	0.01431	0.00848	0.00973	0.00754	0.01034	0.00882	0.00620	0.47386	0.05034	0.32152	0.01218	0.01134	0.03852	0.00466	0.00371	0.00113	0.00358	0.00365	0.00398	0.00611
40	0.07972	0.00690	0.01000	0.29278	0.18278	0.00765	0.00795	0.07233	0.05380	0.08622	0.00978	0.04869	0.04060	0.00573	0.04401	0.02422	0.01596	0.00378	0.00241	0.00468
