[name]
unknown

[dist]
# distance from previous block
# <min> <max>
1	148

[block]
# block no. 0 follows, 68 sequences, length 6
# corresponding to MSA columns:
# 175-180
name=unknown_A
#
# <colnr> <probs for GDERKNQSTAVLIFYWHMCP>
#	G	D	E	R	K	N	Q	S	T	A	V	L	I	F	Y	W	H	M	C	P
0	0.06345	0.17341	0.01263	0.08808	0.01224	0.06051	0.10486	0.03285	0.05474	0.03416	0.04372	0.01313	0.09707	0.01778	0.00439	0.00116	0.05223	0.00385	0.00251	0.12724
1	0.09897	0.07989	0.05371	0.09554	0.04157	0.09256	0.04732	0.03362	0.08508	0.01256	0.00787	0.03078	0.00661	0.00496	0.02255	0.00127	0.11425	0.00328	0.00230	0.16528
2	0.04604	0.22043	0.04147	0.03762	0.01112	0.12845	0.04522	0.05214	0.10289	0.01236	0.05171	0.04909	0.03091	0.00569	0.03350	0.00129	0.04085	0.00371	0.00253	0.08296
3	0.00733	0.14938	0.08764	0.00691	0.04048	0.00732	0.00588	0.00941	0.04856	0.01136	0.05435	0.01941	0.25440	0.04775	0.04882	0.00151	0.03938	0.00483	0.00270	0.15259
4	0.01036	0.16267	0.02721	0.00733	0.04109	0.04730	0.00581	0.02780	0.05184	0.16435	0.04786	0.08351	0.01053	0.04963	0.04149	0.00140	0.00390	0.00404	0.00298	0.20891
5	0.04719	0.04282	0.00758	0.04349	0.00847	0.04364	0.00518	0.03348	0.00876	0.04055	0.08809	0.11542	0.23225	0.04359	0.00607	0.00144	0.11484	0.04788	0.00309	0.06618

[dist]
# distance from previous block
# <min> <max>
0	1

[block]
# block no. 1 follows, 68 sequences, length 12
# corresponding to MSA columns:
# 182-193
name=unknown_B
#
# <colnr> <probs for GDERKNQSTAVLIFYWHMCP>
#	G	D	E	R	K	N	Q	S	T	A	V	L	I	F	Y	W	H	M	C	P
0	0.00862	0.18578	0.01087	0.00682	0.02878	0.00773	0.02973	0.04187	0.02685	0.03018	0.01068	0.07727	0.05430	0.05566	0.03021	0.00122	0.00362	0.00382	0.00252	0.38346
1	0.09323	0.01878	0.00751	0.02521	0.10390	0.00581	0.00536	0.02642	0.02813	0.01190	0.01402	0.31726	0.02929	0.06468	0.07086	0.00186	0.01656	0.02362	0.00288	0.13270
2	0.05631	0.08843	0.05812	0.00798	0.06029	0.07579	0.03775	0.02508	0.02618	0.01203	0.03667	0.16258	0.18295	0.03721	0.01923	0.00144	0.00382	0.00576	0.00291	0.09948
3	0.18453	0.07855	0.01096	0.42835	0.06760	0.00885	0.00837	0.01136	0.00798	0.09405	0.00782	0.01055	0.00612	0.05434	0.00450	0.00139	0.00445	0.00331	0.00226	0.00467
4	0.14185	0.02295	0.02319	0.03388	0.09628	0.02484	0.15664	0.18435	0.05633	0.09458	0.02590	0.01067	0.00745	0.00563	0.04438	0.01117	0.03466	0.00370	0.01604	0.00551
5	0.07202	0.00759	0.00850	0.00631	0.00963	0.02749	0.00509	0.05953	0.00930	0.14265	0.00840	0.00897	0.00641	0.00343	0.00314	0.00078	0.00321	0.00267	0.00284	0.61204
6	0.01123	0.16428	0.03070	0.00866	0.03614	0.01149	0.00704	0.21518	0.43829	0.01713	0.01212	0.01168	0.00918	0.00477	0.00374	0.00121	0.00375	0.00377	0.00348	0.00617
7	0.00612	0.00418	0.00534	0.00567	0.00615	0.00415	0.00394	0.06941	0.00796	0.01060	0.01773	0.48921	0.04015	0.11574	0.03429	0.12545	0.00312	0.04436	0.00322	0.00322
8	0.01152	0.16118	0.07907	0.00949	0.04624	0.18566	0.00787	0.10591	0.25288	0.02930	0.00961	0.00997	0.00750	0.00458	0.00425	0.00118	0.06206	0.00332	0.00279	0.00561
9	0.00841	0.07381	0.00920	0.00594	0.00946	0.00610	0.00486	0.01013	0.00821	0.01264	0.00693	0.00808	0.00581	0.00297	0.00291	0.00061	0.00304	0.00233	0.00230	0.81628
10	0.01216	0.36592	0.10407	0.00872	0.01218	0.10876	0.04776	0.21191	0.01129	0.05595	0.00740	0.00805	0.00579	0.00391	0.00333	0.00103	0.00483	0.00284	0.00248	0.02162
11	0.03159	0.00939	0.07730	0.05877	0.16858	0.01922	0.05991	0.12472	0.08175	0.12144	0.01081	0.05863	0.02383	0.00472	0.00412	0.00119	0.02453	0.00404	0.00295	0.11252

[dist]
# distance from previous block
# <min> <max>
7	19

[block]
# block no. 2 follows, 68 sequences, length 15
# corresponding to MSA columns:
# 213-227
name=unknown_C
#
# <colnr> <probs for GDERKNQSTAVLIFYWHMCP>
#	G	D	E	R	K	N	Q	S	T	A	V	L	I	F	Y	W	H	M	C	P
0	0.01037	0.02904	0.03330	0.05500	0.17051	0.19689	0.02994	0.06139	0.00916	0.01177	0.00714	0.02502	0.00621	0.00586	0.04745	0.00146	0.18196	0.00332	0.00212	0.11210
1	0.49453	0.00706	0.00660	0.00575	0.00792	0.02931	0.00456	0.01259	0.00786	0.21107	0.00934	0.01176	0.00751	0.11782	0.03464	0.00176	0.00362	0.01867	0.00303	0.00460
2	0.05392	0.00606	0.00784	0.00680	0.00907	0.00560	0.00567	0.03134	0.02679	0.46257	0.04046	0.02369	0.07840	0.00693	0.00438	0.00140	0.00330	0.21600	0.00431	0.00546
3	0.00572	0.00414	0.00490	0.00467	0.00586	0.00365	0.00351	0.00717	0.01019	0.04911	0.43416	0.05433	0.38030	0.00892	0.00466	0.00130	0.00201	0.00766	0.00408	0.00369
4	0.01594	0.00929	0.01073	0.00827	0.01136	0.00966	0.00682	0.47599	0.04650	0.34503	0.01218	0.01128	0.00816	0.00484	0.00398	0.00121	0.00393	0.00377	0.00434	0.00673
5	0.01389	0.01010	0.01078	0.00843	0.01129	0.01116	0.00691	0.68338	0.06302	0.02333	0.01029	0.01043	0.00744	0.00478	0.00383	0.00117	0.00400	0.00364	0.10576	0.00636
6	0.01060	0.86304	0.02078	0.00678	0.01018	0.01569	0.00678	0.01187	0.00806	0.00933	0.00551	0.00636	0.00509	0.00339	0.00254	0.00085	0.00424	0.00212	0.00170	0.00509
7	0.00714	0.00522	0.00627	0.00599	0.00710	0.00522	0.00444	0.16986	0.01111	0.01508	0.29484	0.36627	0.06727	0.00931	0.00469	0.00139	0.00255	0.00819	0.00397	0.00411
8	0.00850	0.02941	0.46184	0.03259	0.08533	0.00834	0.06110	0.01196	0.00849	0.02945	0.00733	0.00873	0.00551	0.00354	0.00362	0.00108	0.00500	0.00297	0.00195	0.22326
9	0.00659	0.00536	0.00773	0.00735	0.02616	0.00545	0.08208	0.00879	0.08949	0.03419	0.09036	0.35186	0.12215	0.04315	0.04611	0.00179	0.05616	0.00785	0.00337	0.00400
10	0.00739	0.00370	0.00370	0.00370	0.00462	0.00370	0.00277	0.00924	0.00831	0.01478	0.01293	0.01478	0.01016	0.00462	0.00277	0.00092	0.00185	0.00370	0.88267	0.00370
11	0.04274	0.01395	0.01137	0.00937	0.01207	0.34132	0.00743	0.45473	0.01513	0.04208	0.00823	0.00860	0.00611	0.00446	0.00376	0.00113	0.00540	0.00313	0.00318	0.00582
12	0.01087	0.07346	0.06010	0.08337	0.09637	0.22823	0.16176	0.03742	0.17087	0.01255	0.00928	0.01041	0.01919	0.00418	0.00391	0.00120	0.00544	0.00362	0.00243	0.00537
13	0.00543	0.00406	0.00534	0.00625	0.02612	0.00383	0.00463	0.00659	0.00841	0.01087	0.02481	0.41366	0.18238	0.01127	0.00510	0.00162	0.00274	0.26982	0.00363	0.00346
14	0.43121	0.00711	0.00683	0.00599	0.00827	0.00775	0.00480	0.01398	0.17315	0.14700	0.09870	0.01347	0.05693	0.00504	0.00337	0.00126	0.00294	0.00379	0.00343	0.00497

[dist]
# distance from previous block
# <min> <max>
0	1

[block]
# block no. 3 follows, 68 sequences, length 6
# corresponding to MSA columns:
# 229-234
name=unknown_D
#
# <colnr> <probs for GDERKNQSTAVLIFYWHMCP>
#	G	D	E	R	K	N	Q	S	T	A	V	L	I	F	Y	W	H	M	C	P
0	0.01185	0.06335	0.07295	0.03878	0.29829	0.09416	0.00991	0.05666	0.05455	0.03979	0.10172	0.01513	0.03599	0.00608	0.00553	0.00157	0.07958	0.00453	0.00319	0.00640
1	0.07034	0.24278	0.19298	0.06134	0.10175	0.03636	0.09546	0.08765	0.00935	0.02969	0.00701	0.00841	0.00551	0.00383	0.00378	0.00115	0.03203	0.00303	0.00210	0.00546
2	0.00509	0.00404	0.00461	0.00470	0.00582	0.00356	0.00359	0.00636	0.00945	0.01199	0.22012	0.09542	0.50588	0.00986	0.00479	0.00139	0.00217	0.09385	0.00384	0.00346
3	0.00501	0.00364	0.00456	0.00511	0.00553	0.00337	0.00343	0.00578	0.00793	0.01049	0.10655	0.55369	0.13731	0.11995	0.00690	0.00182	0.00241	0.00975	0.00359	0.00319
4	0.00863	0.03572	0.08719	0.08382	0.14540	0.04284	0.19358	0.03222	0.00891	0.04396	0.01200	0.22602	0.02680	0.00613	0.00458	0.00135	0.02767	0.00573	0.00256	0.00491
5	0.05942	0.07466	0.11513	0.10198	0.43744	0.01065	0.03839	0.03624	0.01017	0.03600	0.00966	0.03181	0.00819	0.00515	0.00460	0.00155	0.00537	0.00413	0.00275	0.00671

[dist]
# distance from previous block
# <min> <max>
0	4

[block]
# block no. 4 follows, 68 sequences, length 19
# corresponding to MSA columns:
# 239-257
name=unknown_E
#
# <colnr> <probs for GDERKNQSTAVLIFYWHMCP>
#	G	D	E	R	K	N	Q	S	T	A	V	L	I	F	Y	W	H	M	C	P
0	0.58655	0.02409	0.07838	0.00791	0.05676	0.10779	0.02673	0.01239	0.02179	0.01562	0.00608	0.00719	0.00478	0.00383	0.00314	0.00121	0.02633	0.00248	0.00230	0.00465
1	0.37276	0.00772	0.00777	0.00641	0.00894	0.00825	0.00523	0.20137	0.01104	0.18301	0.10087	0.01260	0.04863	0.00496	0.00346	0.00123	0.00325	0.00369	0.00356	0.00525
2	0.01365	0.01640	0.01055	0.00954	0.01150	0.66351	0.00716	0.05391	0.08317	0.01090	0.00765	0.00925	0.00647	0.05705	0.02140	0.00134	0.00653	0.00300	0.00233	0.00469
3	0.01619	0.00679	0.00908	0.00713	0.00993	0.00621	0.00586	0.07818	0.01132	0.68197	0.01460	0.01344	0.00960	0.00776	0.10097	0.00182	0.00428	0.00399	0.00452	0.00638
4	0.01594	0.00633	0.00854	0.00669	0.00941	0.00551	0.00543	0.01742	0.01103	0.71483	0.07844	0.01601	0.03714	0.04255	0.00477	0.00135	0.00324	0.00444	0.00472	0.00623
5	0.01060	0.86304	0.02078	0.00678	0.01018	0.01569	0.00678	0.01187	0.00806	0.00933	0.00551	0.00636	0.00509	0.00339	0.00254	0.00085	0.00424	0.00212	0.00170	0.00509
6	0.01623	0.00670	0.00896	0.00703	0.00980	0.00604	0.00576	0.04586	0.01116	0.70879	0.01648	0.04922	0.04901	0.00552	0.00437	0.00126	0.03230	0.00446	0.00466	0.00636
7	0.04031	0.00754	0.00953	0.00738	0.01041	0.00711	0.00608	0.14613	0.04795	0.65237	0.01443	0.01273	0.00928	0.00487	0.00394	0.00123	0.00351	0.00389	0.00466	0.00666
8	0.00545	0.00405	0.00507	0.00481	0.00582	0.00367	0.00361	0.00716	0.01083	0.01497	0.69204	0.03114	0.17979	0.00845	0.00468	0.00126	0.00190	0.00738	0.00424	0.00367
9	0.01040	0.00913	0.00925	0.00816	0.01051	0.04911	0.00637	0.07817	0.69802	0.01672	0.01481	0.01378	0.01113	0.00517	0.00396	0.00129	0.00341	0.00424	0.00387	0.04250
10	0.00642	0.00568	0.02219	0.00714	0.00867	0.00530	0.12248	0.00910	0.08067	0.01395	0.40806	0.12649	0.11988	0.00791	0.00479	0.00134	0.01458	0.02750	0.00373	0.00413
11	0.20282	0.00720	0.00822	0.00667	0.00936	0.00721	0.00544	0.06238	0.11396	0.45602	0.01300	0.01201	0.00877	0.00468	0.00358	0.00122	0.00323	0.00361	0.06465	0.00595
12	0.00639	0.00458	0.00572	0.00656	0.00692	0.00415	0.00436	0.00669	0.00856	0.01156	0.02300	0.84102	0.02716	0.01321	0.00567	0.00187	0.00284	0.01158	0.00415	0.00402
13	0.00739	0.00370	0.00370	0.00370	0.00462	0.00370	0.00277	0.00924	0.00831	0.01478	0.01293	0.01478	0.01016	0.00462	0.00277	0.00092	0.00185	0.00370	0.88267	0.00370
14	0.00492	0.00405	0.00457	0.00498	0.02934	0.00352	0.00346	0.00595	0.00886	0.01096	0.08356	0.21300	0.58842	0.01025	0.00474	0.00139	0.00214	0.00878	0.00367	0.00343
15	0.88866	0.00767	0.00583	0.00521	0.00767	0.00889	0.00429	0.01166	0.00675	0.01779	0.00552	0.00644	0.00429	0.00368	0.00245	0.00123	0.00307	0.00215	0.00245	0.00429
16	0.03877	0.00612	0.00750	0.00736	0.00888	0.00638	0.00614	0.16085	0.05976	0.06264	0.04142	0.11386	0.01857	0.00893	0.00486	0.00159	0.00353	0.43451	0.00379	0.00454
17	0.00586	0.00482	0.00573	0.00602	0.05678	0.00453	0.00417	0.00831	0.09350	0.01334	0.32484	0.03093	0.40955	0.00846	0.00457	0.00130	0.00224	0.00724	0.00386	0.00397
18	0.01426	0.05370	0.03159	0.01010	0.01223	0.76176	0.00783	0.01537	0.01086	0.00975	0.00610	0.00720	0.00511	0.00415	0.00386	0.00104	0.03587	0.00258	0.00201	0.00464

[dist]
# distance from previous block
# <min> <max>
0	1

[block]
# block no. 5 follows, 68 sequences, length 16
# corresponding to MSA columns:
# 259-274
name=unknown_F
#
# <colnr> <probs for GDERKNQSTAVLIFYWHMCP>
#	G	D	E	R	K	N	Q	S	T	A	V	L	I	F	Y	W	H	M	C	P
0	0.03052	0.00667	0.00744	0.00650	0.00790	0.00708	0.00485	0.29819	0.01100	0.04198	0.01276	0.07289	0.01282	0.37317	0.01110	0.00242	0.00388	0.08129	0.00324	0.00431
1	0.02311	0.00541	0.00728	0.00654	0.00686	0.00620	0.04870	0.00722	0.00618	0.00875	0.01072	0.02123	0.01186	0.55327	0.04006	0.00319	0.19504	0.03299	0.00227	0.00311
2	0.01462	0.01359	0.01141	0.00938	0.01205	0.30675	0.00744	0.50800	0.01563	0.01905	0.00876	0.03878	0.00685	0.00479	0.00387	0.00115	0.00528	0.00348	0.00328	0.00586
3	0.01523	0.01086	0.01174	0.00900	0.01217	0.01193	0.00744	0.77668	0.01822	0.07160	0.00987	0.00975	0.00692	0.00477	0.00397	0.00119	0.00431	0.00359	0.00402	0.00674
4	0.88866	0.00767	0.00583	0.00521	0.00767	0.00889	0.00429	0.01166	0.00675	0.01779	0.00552	0.00644	0.00429	0.00368	0.00245	0.00123	0.00307	0.00215	0.00245	0.00429
5	0.00528	0.00412	0.00436	0.00424	0.00560	0.00349	0.00320	0.00641	0.00938	0.04216	0.13095	0.03625	0.71153	0.00963	0.00466	0.00132	0.00204	0.00807	0.00381	0.00352
6	0.88866	0.00767	0.00583	0.00521	0.00767	0.00889	0.00429	0.01166	0.00675	0.01779	0.00552	0.00644	0.00429	0.00368	0.00245	0.00123	0.00307	0.00215	0.00245	0.00429
7	0.88866	0.00767	0.00583	0.00521	0.00767	0.00889	0.00429	0.01166	0.00675	0.01779	0.00552	0.00644	0.00429	0.00368	0.00245	0.00123	0.00307	0.00215	0.00245	0.00429
8	0.88866	0.00767	0.00583	0.00521	0.00767	0.00889	0.00429	0.01166	0.00675	0.01779	0.00552	0.00644	0.00429	0.00368	0.00245	0.00123	0.00307	0.00215	0.00245	0.00429
9	0.71046	0.00763	0.00648	0.00559	0.00811	0.00858	0.00460	0.06025	0.00801	0.10866	0.00713	0.00769	0.00525	0.00391	0.00272	0.00121	0.00314	0.00249	0.03339	0.00469
10	0.00579	0.00419	0.00555	0.00552	0.00585	0.00463	0.00384	0.00650	0.00611	0.00852	0.01166	0.04554	0.01237	0.42221	0.40004	0.00487	0.03636	0.00515	0.00229	0.00302
11	0.00890	0.00497	0.00590	0.00525	0.00704	0.00434	0.00412	0.02648	0.00996	0.25404	0.08262	0.04734	0.45507	0.02608	0.00483	0.00138	0.00256	0.04063	0.00406	0.00443
12	0.00640	0.00498	0.00593	0.00567	0.00684	0.00503	0.00424	0.01016	0.19526	0.01490	0.48123	0.12953	0.09798	0.00819	0.00458	0.00132	0.00222	0.00717	0.00415	0.00422
13	0.01035	0.00730	0.00821	0.00693	0.00876	0.00779	0.00535	0.34073	0.06708	0.06080	0.07154	0.06605	0.07093	0.16585	0.06811	0.01647	0.00411	0.00514	0.00355	0.00494
14	0.02188	0.00771	0.01087	0.14542	0.21903	0.00830	0.00813	0.15675	0.06423	0.07341	0.08581	0.06573	0.01124	0.02051	0.05326	0.01621	0.01873	0.00450	0.00298	0.00532
15	0.10769	0.13183	0.02646	0.02925	0.14982	0.14137	0.04505	0.09939	0.06380	0.01348	0.00808	0.05127	0.00698	0.00459	0.00436	0.00119	0.07710	0.00348	0.00241	0.03240

[dist]
# distance from previous block
# <min> <max>
2	17

[block]
# block no. 6 follows, 68 sequences, length 21
# corresponding to MSA columns:
# 301-321
name=unknown_G
#
# <colnr> <probs for GDERKNQSTAVLIFYWHMCP>
#	G	D	E	R	K	N	Q	S	T	A	V	L	I	F	Y	W	H	M	C	P
0	0.07119	0.22512	0.17031	0.05471	0.05752	0.15046	0.08074	0.06439	0.05017	0.01254	0.00714	0.00832	0.00565	0.00381	0.00345	0.00111	0.00517	0.00294	0.00212	0.02315
1	0.02750	0.04239	0.01092	0.00885	0.02260	0.06237	0.02493	0.11055	0.03277	0.20796	0.10898	0.01506	0.02180	0.01726	0.05942	0.00181	0.12981	0.00441	0.00371	0.08693
2	0.00582	0.00530	0.04984	0.00681	0.05868	0.00453	0.00494	0.00761	0.05287	0.01150	0.11555	0.30677	0.22042	0.02270	0.04266	0.02634	0.00306	0.04739	0.00342	0.00379
3	0.01150	0.00814	0.02657	0.00738	0.00948	0.00852	0.00582	0.32643	0.15750	0.10594	0.01188	0.01491	0.00983	0.20280	0.02751	0.04865	0.00405	0.00428	0.00351	0.00530
4	0.00579	0.00423	0.00490	0.00487	0.00581	0.00399	0.00353	0.02510	0.00831	0.03359	0.07118	0.08831	0.37427	0.20472	0.10213	0.00250	0.00357	0.04656	0.00330	0.00336
5	0.01091	0.80020	0.02007	0.00704	0.01033	0.07741	0.00685	0.01217	0.00829	0.00936	0.00556	0.00642	0.00509	0.00344	0.00262	0.00086	0.00446	0.00215	0.00172	0.00505
6	0.00987	0.00481	0.00592	0.00521	0.00628	0.00450	0.00357	0.01047	0.00776	0.28596	0.01357	0.02123	0.01267	0.53192	0.01390	0.00282	0.00359	0.00507	0.04698	0.00392
7	0.00749	0.00705	0.01189	0.85113	0.02731	0.00881	0.01101	0.01013	0.00793	0.01013	0.00705	0.01057	0.00529	0.00396	0.00396	0.00132	0.00529	0.00352	0.00176	0.00440
8	0.00795	0.02051	0.84011	0.01130	0.01716	0.00921	0.01465	0.01256	0.00837	0.01256	0.00712	0.00837	0.00502	0.00377	0.00377	0.00126	0.00586	0.00293	0.00167	0.00586
9	0.00871	0.00687	0.01017	0.06162	0.12026	0.00712	0.07792	0.01274	0.18319	0.07463	0.03262	0.02600	0.02901	0.00718	0.00466	0.00150	0.00396	0.32352	0.00336	0.00498
10	0.01705	0.00690	0.00910	0.00702	0.00999	0.00618	0.00579	0.07616	0.01171	0.73701	0.01506	0.01328	0.00961	0.00488	0.00392	0.00121	0.00336	0.00394	0.05124	0.00659
11	0.05588	0.00708	0.00809	0.00584	0.00930	0.00548	0.00468	0.01007	0.00814	0.01318	0.00696	0.00813	0.00579	0.00298	0.00291	0.00062	0.00294	0.00234	0.00235	0.83723
12	0.10096	0.00888	0.07884	0.09572	0.07316	0.03887	0.06734	0.11560	0.01019	0.16696	0.01230	0.11250	0.03004	0.00604	0.01566	0.00139	0.00431	0.05289	0.00312	0.00524
13	0.10407	0.03144	0.00980	0.06066	0.18952	0.03628	0.00699	0.02890	0.00911	0.22212	0.01264	0.18830	0.01147	0.00736	0.04952	0.00157	0.00410	0.01781	0.00318	0.00516
14	0.02984	0.00729	0.00910	0.00724	0.00984	0.00711	0.00584	0.17488	0.07071	0.49201	0.01311	0.01249	0.00888	0.00611	0.00554	0.12246	0.00356	0.00384	0.00418	0.00598
15	0.00940	0.10863	0.02574	0.02166	0.01029	0.10952	0.00754	0.03638	0.04916	0.01027	0.00709	0.01047	0.00666	0.07508	0.07302	0.00201	0.42712	0.00349	0.00204	0.00444
16	0.01057	0.01113	0.04966	0.05357	0.54011	0.13487	0.01077	0.06240	0.00987	0.01311	0.01957	0.00958	0.00648	0.00376	0.00383	0.00114	0.00500	0.00336	0.00213	0.04908
17	0.01056	0.41676	0.14479	0.00878	0.03150	0.11149	0.00832	0.06357	0.04011	0.01122	0.00674	0.00809	0.00575	0.01763	0.02491	0.00124	0.07861	0.00274	0.00200	0.00518
18	0.00662	0.00479	0.00639	0.00699	0.00803	0.00478	0.00600	0.04794	0.00966	0.01260	0.06480	0.06074	0.08133	0.01047	0.00529	0.00172	0.00344	0.65092	0.00371	0.00378
19	0.00607	0.00451	0.00579	0.00559	0.00579	0.00510	0.00383	0.00656	0.00597	0.00832	0.01114	0.02109	0.01211	0.53173	0.24939	0.00431	0.10245	0.00508	0.00225	0.00294
20	0.07740	0.10649	0.13612	0.01233	0.19231	0.18328	0.02294	0.05813	0.06084	0.06393	0.00822	0.02834	0.00661	0.00422	0.00381	0.00116	0.02269	0.00327	0.00240	0.00552

[dist]
# distance from previous block
# <min> <max>
0	9

[block]
# block no. 7 follows, 68 sequences, length 61
# corresponding to MSA columns:
# 333-393
name=unknown_H
#
# <colnr> <probs for GDERKNQSTAVLIFYWHMCP>
#	G	D	E	R	K	N	Q	S	T	A	V	L	I	F	Y	W	H	M	C	P
0	0.02054	0.04725	0.00809	0.02329	0.07696	0.00552	0.03353	0.02791	0.00875	0.15909	0.01639	0.41982	0.01688	0.00874	0.02189	0.00147	0.00318	0.00733	0.08894	0.00444
1	0.01474	0.01005	0.01106	0.00862	0.01167	0.01087	0.00707	0.58711	0.11439	0.14962	0.01121	0.01074	0.00784	0.00482	0.00396	0.00120	0.00404	0.00372	0.00409	0.02319
2	0.00910	0.00903	0.01655	0.04000	0.50546	0.00887	0.22044	0.01160	0.00911	0.01275	0.04063	0.04802	0.02140	0.00433	0.00425	0.00126	0.00496	0.02437	0.00220	0.00566
3	0.00561	0.00419	0.00511	0.00489	0.00583	0.00391	0.01502	0.00690	0.01908	0.02397	0.29763	0.04903	0.28999	0.17926	0.07032	0.00218	0.00307	0.00705	0.00354	0.00342
4	0.83919	0.03599	0.00646	0.00536	0.00786	0.00920	0.00445	0.03068	0.00707	0.01768	0.00561	0.00651	0.00438	0.00370	0.00249	0.00121	0.00314	0.00218	0.00246	0.00438
5	0.85765	0.00764	0.00595	0.00528	0.00776	0.00879	0.00435	0.01193	0.00691	0.04702	0.00588	0.00669	0.00449	0.00372	0.00251	0.00123	0.00308	0.00221	0.00254	0.00438
6	0.00489	0.00349	0.00466	0.00556	0.00582	0.00326	0.00375	0.00563	0.00770	0.01027	0.03632	0.82197	0.02633	0.01231	0.00506	0.00161	0.00233	0.03211	0.00369	0.00324
7	0.01691	0.00816	0.01008	0.00773	0.01083	0.00793	0.00638	0.28021	0.01372	0.57444	0.01365	0.01220	0.00882	0.00486	0.00398	0.00121	0.00370	0.00385	0.00460	0.00675
8	0.00703	0.00509	0.00564	0.00516	0.00656	0.03484	0.00394	0.04030	0.01071	0.08508	0.40509	0.02979	0.32924	0.00827	0.00455	0.00127	0.00234	0.00703	0.00406	0.00400
9	0.29618	0.00704	0.00812	0.00647	0.00934	0.00681	0.00534	0.01687	0.00988	0.57626	0.01241	0.01124	0.00805	0.00452	0.00350	0.00123	0.00328	0.00340	0.00412	0.00596
10	0.00570	0.00453	0.00518	0.00493	0.00618	0.00426	0.00372	0.00825	0.10090	0.01385	0.41830	0.03147	0.36088	0.00860	0.00461	0.00130	0.00207	0.00736	0.00405	0.00386
11	0.00822	0.00705	0.00822	0.00587	0.00940	0.00529	0.00470	0.00998	0.00822	0.01292	0.00705	0.00822	0.00587	0.00294	0.00294	0.00059	0.00294	0.00235	0.00235	0.88490
12	0.88866	0.00767	0.00583	0.00521	0.00767	0.00889	0.00429	0.01166	0.00675	0.01779	0.00552	0.00644	0.00429	0.00368	0.00245	0.00123	0.00307	0.00215	0.00245	0.00429
13	0.00795	0.02051	0.84011	0.01130	0.01716	0.00921	0.01465	0.01256	0.00837	0.01256	0.00712	0.00837	0.00502	0.00377	0.00377	0.00126	0.00586	0.00293	0.00167	0.00586
14	0.00486	0.00352	0.00459	0.00539	0.00573	0.00326	0.00364	0.00563	0.00787	0.01045	0.06330	0.75943	0.08361	0.01204	0.00502	0.00157	0.00226	0.01086	0.00371	0.00326
15	0.01115	0.00820	0.01355	0.04979	0.39316	0.00809	0.08465	0.02874	0.00969	0.20425	0.01118	0.01539	0.00922	0.00493	0.00441	0.00131	0.02277	0.11080	0.00290	0.00585
16	0.88866	0.00767	0.00583	0.00521	0.00767	0.00889	0.00429	0.01166	0.00675	0.01779	0.00552	0.00644	0.00429	0.00368	0.00245	0.00123	0.00307	0.00215	0.00245	0.00429
17	0.00515	0.00357	0.00464	0.00540	0.00571	0.00332	0.00360	0.00581	0.00758	0.02582	0.02173	0.74462	0.05690	0.07834	0.00620	0.00177	0.00243	0.01059	0.00360	0.00323
18	0.00731	0.08222	0.02332	0.00660	0.00774	0.02129	0.00534	0.00862	0.02143	0.05914	0.00996	0.01398	0.00900	0.03570	0.56076	0.08725	0.03038	0.00392	0.00223	0.00382
19	0.00867	0.06786	0.45603	0.02814	0.04217	0.03703	0.02118	0.01406	0.19459	0.01308	0.02549	0.02371	0.03075	0.00454	0.00395	0.00126	0.01581	0.00364	0.00238	0.00567
20	0.00548	0.00365	0.00488	0.00565	0.00603	0.00341	0.00388	0.00625	0.00780	0.04621	0.02140	0.77017	0.02517	0.02528	0.00527	0.00164	0.00243	0.04830	0.00371	0.00338
21	0.00614	0.00467	0.00640	0.00617	0.00652	0.00548	0.00453	0.00689	0.00608	0.00865	0.01041	0.01807	0.01071	0.30952	0.42363	0.03573	0.12041	0.00463	0.00215	0.00319
22	0.01066	0.02817	0.23328	0.06912	0.20024	0.04519	0.05336	0.08448	0.06801	0.03879	0.04535	0.01260	0.02885	0.00514	0.00493	0.00144	0.05745	0.00404	0.00275	0.00615
23	0.00985	0.00992	0.08169	0.13930	0.13613	0.04841	0.09634	0.10280	0.05101	0.01403	0.01248	0.18128	0.01198	0.00678	0.00505	0.00155	0.03591	0.04696	0.00301	0.00551
24	0.00819	0.00802	0.02240	0.22293	0.06976	0.00999	0.05195	0.01877	0.00713	0.01020	0.00704	0.01144	0.00649	0.06246	0.04412	0.00189	0.41174	0.01916	0.00189	0.00441
25	0.82770	0.00778	0.00611	0.00544	0.00789	0.00902	0.00446	0.02989	0.04611	0.01789	0.00611	0.00691	0.00472	0.00378	0.00256	0.00123	0.00310	0.00229	0.00256	0.00444
26	0.01480	0.01091	0.01171	0.00903	0.01212	0.01206	0.00744	0.80129	0.01835	0.02460	0.00984	0.03176	0.00725	0.00496	0.00400	0.00120	0.00431	0.00377	0.00396	0.00665
27	0.84848	0.00775	0.00630	0.00609	0.04553	0.00892	0.00465	0.01168	0.00685	0.01757	0.00561	0.00660	0.00438	0.00367	0.00252	0.00122	0.00314	0.00221	0.00243	0.00438
28	0.02144	0.01165	0.04678	0.05753	0.20640	0.26066	0.03754	0.03526	0.07051	0.02457	0.09590	0.02712	0.04931	0.00497	0.00427	0.00120	0.03316	0.00405	0.00258	0.00509
29	0.00584	0.00395	0.00502	0.00517	0.00600	0.00358	0.00371	0.00705	0.00934	0.06062	0.31047	0.37745	0.16685	0.01006	0.00480	0.00141	0.00216	0.00891	0.00399	0.00363
30	0.03322	0.03093	0.10460	0.03148	0.07333	0.01048	0.03334	0.26861	0.31114	0.04425	0.01140	0.01138	0.00841	0.00467	0.00392	0.00125	0.00414	0.00381	0.00341	0.00624
31	0.00680	0.00347	0.00510	0.00510	0.00510	0.00347	0.00336	0.00521	0.00521	0.00695	0.00732	0.01314	0.00747	0.07982	0.01586	0.81595	0.00347	0.00362	0.00177	0.00177
32	0.02520	0.02112	0.09772	0.05342	0.27355	0.00860	0.04544	0.10112	0.01012	0.20483	0.00974	0.01109	0.00728	0.01680	0.07160	0.00167	0.02829	0.00367	0.00284	0.00590
33	0.00992	0.32876	0.21819	0.01110	0.01517	0.04057	0.25665	0.02313	0.00882	0.03036	0.00696	0.00843	0.00549	0.00359	0.00372	0.00113	0.01753	0.00319	0.00190	0.00539
34	0.00491	0.00354	0.00465	0.00539	0.00575	0.00328	0.00365	0.00574	0.00805	0.01077	0.10928	0.72873	0.06790	0.01184	0.00500	0.00156	0.00224	0.01069	0.00375	0.00328
35	0.00504	0.00379	0.00447	0.00476	0.00544	0.00343	0.00328	0.00592	0.00839	0.01087	0.15318	0.33128	0.30139	0.13190	0.00703	0.00178	0.00235	0.00886	0.00361	0.00323
36	0.00840	0.09289	0.42630	0.04174	0.09469	0.02329	0.06224	0.01157	0.00850	0.03329	0.00955	0.09388	0.00855	0.01876	0.00422	0.00132	0.00509	0.04828	0.00213	0.00531
37	0.00841	0.00716	0.00832	0.00596	0.00948	0.00548	0.00478	0.03265	0.00851	0.01326	0.00712	0.00826	0.00590	0.00299	0.00297	0.00060	0.00298	0.00238	0.00239	0.86040
38	0.00543	0.00405	0.00505	0.00480	0.00581	0.00366	0.00360	0.00713	0.01079	0.01488	0.67709	0.03130	0.19479	0.00849	0.00468	0.00127	0.00190	0.00741	0.00423	0.00366
39	0.00885	0.00494	0.00595	0.00523	0.00700	0.00433	0.00408	0.01047	0.03151	0.25338	0.21135	0.02844	0.39292	0.00799	0.00446	0.00129	0.00240	0.00672	0.00420	0.00450
40	0.00941	0.14973	0.39186	0.04678	0.15987	0.05271	0.04234	0.01283	0.03489	0.03341	0.00737	0.00877	0.00566	0.00383	0.00386	0.00118	0.02482	0.00307	0.00192	0.00567
41	0.00488	0.00352	0.00459	0.00538	0.00570	0.00327	0.00361	0.00562	0.00778	0.01034	0.05724	0.75599	0.07188	0.03316	0.00540	0.00163	0.00230	0.01080	0.00368	0.00323
42	0.40430	0.01028	0.00776	0.00692	0.00914	0.24620	0.00545	0.01346	0.00902	0.13464	0.04604	0.03319	0.00803	0.00461	0.00325	0.00119	0.00418	0.02197	0.02572	0.00465
43	0.00818	0.03985	0.17370	0.27636	0.04390	0.05238	0.04024	0.04790	0.02720	0.01146	0.02410	0.04035	0.02729	0.04625	0.10025	0.00197	0.02775	0.00400	0.00215	0.00470
44	0.07355	0.10370	0.15552	0.07570	0.17284	0.13464	0.06262	0.01294	0.06646	0.02443	0.03661	0.03137	0.00755	0.00427	0.00389	0.00119	0.02170	0.00350	0.00223	0.00528
45	0.88866	0.00767	0.00583	0.00521	0.00767	0.00889	0.00429	0.01166	0.00675	0.01779	0.00552	0.00644	0.00429	0.00368	0.00245	0.00123	0.00307	0.00215	0.00245	0.00429
46	0.00657	0.00356	0.00493	0.00493	0.00493	0.00356	0.00315	0.00533	0.00533	0.00711	0.00846	0.01595	0.00900	0.25150	0.01681	0.63740	0.00356	0.00410	0.00191	0.00191
47	0.00952	0.02495	0.23194	0.04052	0.07355	0.09047	0.05786	0.05105	0.04705	0.06238	0.09536	0.01298	0.04587	0.01809	0.00448	0.00122	0.03476	0.00390	0.00261	0.09143
48	0.00772	0.00455	0.00552	0.00505	0.00645	0.00414	0.00390	0.00955	0.02944	0.14722	0.36314	0.02701	0.21470	0.00757	0.00431	0.00124	0.00222	0.02686	0.12523	0.00418
49	0.19178	0.22493	0.10036	0.00804	0.01129	0.07860	0.02331	0.21376	0.06062	0.01593	0.00747	0.00809	0.00580	0.00399	0.00323	0.00110	0.00438	0.00281	0.00261	0.03190
50	0.00832	0.07920	0.42211	0.01125	0.12069	0.03034	0.02308	0.01172	0.02911	0.01255	0.06900	0.03926	0.02799	0.00442	0.00376	0.00116	0.00476	0.00366	0.00217	0.09547
51	0.00788	0.00497	0.00627	0.04410	0.00784	0.00465	0.00447	0.04502	0.02098	0.14542	0.33869	0.12428	0.19451	0.00803	0.00450	0.00129	0.00250	0.00693	0.00404	0.02360
52	0.00579	0.00393	0.00503	0.00555	0.00594	0.00384	0.00373	0.00695	0.06384	0.03113	0.01890	0.60328	0.02177	0.12272	0.00776	0.07116	0.00268	0.00928	0.00342	0.00330
53	0.23341	0.02986	0.19503	0.00751	0.01082	0.00806	0.00736	0.09146	0.02221	0.25100	0.03823	0.01167	0.03275	0.02675	0.01627	0.00137	0.00399	0.00350	0.00323	0.00552
54	0.02363	0.00674	0.00865	0.06729	0.03491	0.02182	0.00602	0.05916	0.07823	0.40057	0.03769	0.06776	0.02585	0.07147	0.03852	0.00169	0.00385	0.03669	0.00393	0.00552
55	0.01300	0.00712	0.00863	0.00710	0.00951	0.00715	0.00570	0.13033	0.18582	0.36221	0.15933	0.01615	0.01476	0.00618	0.02554	0.00137	0.00334	0.00460	0.02621	0.00596
56	0.00608	0.00387	0.00500	0.00545	0.00612	0.00351	0.00380	0.00696	0.00834	0.08856	0.07171	0.62674	0.12654	0.01116	0.00489	0.00152	0.00234	0.00998	0.00384	0.00360
57	0.07472	0.03516	0.18366	0.04817	0.20880	0.03815	0.07719	0.07903	0.01694	0.09983	0.02429	0.02097	0.00709	0.00466	0.01682	0.01541	0.01502	0.00354	0.00249	0.02807
58	0.00913	0.00691	0.03885	0.05307	0.17906	0.01961	0.00700	0.03062	0.04166	0.15101	0.07067	0.11792	0.11403	0.03783	0.01535	0.00151	0.00366	0.09390	0.00334	0.00489
59	0.00672	0.08510	0.09251	0.00783	0.00975	0.00677	0.09906	0.00879	0.02522	0.01037	0.01373	0.05851	0.10326	0.01776	0.41761	0.00378	0.00743	0.01929	0.00235	0.00414
60	0.01998	0.04364	0.38194	0.02528	0.12282	0.01829	0.04837	0.04292	0.02373	0.03105	0.07266	0.02939	0.00909	0.00561	0.03437	0.00146	0.05951	0.02220	0.00226	0.00542

[dist]
# distance from previous block
# <min> <max>
6	15

[block]
# block no. 8 follows, 68 sequences, length 10
# corresponding to MSA columns:
# 409-418
name=unknown_I
#
# <colnr> <probs for GDERKNQSTAVLIFYWHMCP>
#	G	D	E	R	K	N	Q	S	T	A	V	L	I	F	Y	W	H	M	C	P
0	0.02639	0.00876	0.02410	0.20079	0.19890	0.07750	0.01947	0.10995	0.00985	0.06134	0.01008	0.05912	0.03395	0.02458	0.05799	0.00158	0.00495	0.00406	0.00254	0.06410
1	0.08237	0.15141	0.28037	0.06529	0.08524	0.02842	0.05492	0.08145	0.03090	0.01317	0.00735	0.00894	0.00577	0.00536	0.05069	0.00148	0.03630	0.00310	0.00209	0.00539
2	0.05192	0.46722	0.01526	0.00764	0.02527	0.11138	0.00667	0.06137	0.05677	0.01144	0.00847	0.03507	0.00788	0.00589	0.04567	0.00132	0.00470	0.06882	0.00229	0.00494
3	0.00676	0.00351	0.00518	0.00518	0.00522	0.00354	0.00346	0.00530	0.00526	0.00705	0.00740	0.01302	0.00747	0.06259	0.05857	0.78940	0.00384	0.00362	0.00178	0.00185
4	0.11580	0.26395	0.07368	0.02633	0.05314	0.03444	0.02480	0.19226	0.01067	0.09411	0.00799	0.00880	0.00616	0.00529	0.04673	0.00136	0.00464	0.00297	0.00266	0.02423
5	0.00598	0.00377	0.00449	0.00449	0.00449	0.00377	0.00261	0.00565	0.00565	0.00753	0.01140	0.02324	0.01295	0.69561	0.01927	0.17551	0.00377	0.00531	0.00227	0.00227
6	0.00601	0.00406	0.00506	0.00504	0.00603	0.00364	0.00369	0.00731	0.00967	0.07025	0.35181	0.26314	0.23034	0.00958	0.00474	0.00137	0.00213	0.00840	0.00404	0.00371
7	0.00547	0.00384	0.00481	0.00501	0.00530	0.00389	0.00327	0.00601	0.00662	0.00893	0.03849	0.22045	0.05413	0.43476	0.17813	0.00363	0.00468	0.00692	0.00276	0.00290
8	0.01181	0.08441	0.01295	0.06091	0.21800	0.34169	0.00861	0.06662	0.03232	0.01206	0.03664	0.00922	0.00690	0.00416	0.00399	0.00110	0.03657	0.00312	0.00224	0.04666
9	0.09844	0.26011	0.21478	0.02644	0.09568	0.03938	0.00910	0.10881	0.00943	0.01347	0.00672	0.00788	0.00537	0.00379	0.00350	0.00108	0.02693	0.00273	0.00212	0.06424

[dist]
# distance from previous block
# <min> <max>
2	12

[block]
# block no. 9 follows, 68 sequences, length 25
# corresponding to MSA columns:
# 431-455
name=unknown_J
#
# <colnr> <probs for GDERKNQSTAVLIFYWHMCP>
#	G	D	E	R	K	N	Q	S	T	A	V	L	I	F	Y	W	H	M	C	P
0	0.00654	0.00492	0.00598	0.00569	0.00691	0.00474	0.00423	0.02966	0.10188	0.03109	0.34178	0.25384	0.08964	0.00856	0.00463	0.00132	0.01221	0.00750	0.00389	0.07499
1	0.00648	0.00521	0.00742	0.00942	0.17961	0.00505	0.00559	0.04711	0.00912	0.01238	0.14499	0.44043	0.09301	0.00932	0.00468	0.00142	0.00281	0.00839	0.00344	0.00412
2	0.02389	0.05631	0.09582	0.13799	0.34895	0.00990	0.10681	0.05254	0.10370	0.01337	0.00840	0.01020	0.00658	0.00386	0.00392	0.00123	0.00489	0.00362	0.00224	0.00578
3	0.00885	0.01054	0.20446	0.05712	0.08020	0.02143	0.08698	0.04362	0.06401	0.06782	0.07442	0.06392	0.03041	0.01623	0.04937	0.00159	0.06912	0.00447	0.01228	0.03315
4	0.80598	0.00815	0.00619	0.00547	0.00796	0.04670	0.00447	0.01176	0.00702	0.01718	0.00562	0.00656	0.00441	0.00366	0.00253	0.00119	0.00325	0.00218	0.00243	0.04729
5	0.01048	0.60159	0.18766	0.00807	0.01196	0.01375	0.02776	0.05184	0.00877	0.03722	0.00642	0.00726	0.00533	0.00358	0.00296	0.00097	0.00461	0.00248	0.00191	0.00539
6	0.00667	0.00504	0.00640	0.06590	0.02962	0.01720	0.00477	0.01900	0.08107	0.01065	0.06522	0.19350	0.16283	0.02808	0.00794	0.21874	0.04303	0.00632	0.02455	0.00346
7	0.00553	0.00416	0.00481	0.00494	0.00612	0.00368	0.00385	0.00679	0.00929	0.03786	0.13354	0.10089	0.50069	0.00998	0.00483	0.00143	0.00235	0.15189	0.00380	0.00355
8	0.00980	0.00893	0.01284	0.19118	0.26551	0.05441	0.07042	0.10818	0.08938	0.02722	0.00944	0.01200	0.01804	0.05465	0.04944	0.00166	0.00512	0.00390	0.00247	0.00538
9	0.00747	0.00707	0.01187	0.78486	0.02601	0.00877	0.02544	0.01002	0.00793	0.01018	0.00801	0.01135	0.03043	0.00423	0.00427	0.00133	0.03085	0.00369	0.00182	0.00439
10	0.00845	0.00767	0.02369	0.01995	0.13932	0.00641	0.02559	0.01110	0.07049	0.01318	0.03314	0.02853	0.00779	0.00362	0.00334	0.00082	0.00335	0.00312	0.00248	0.58795
11	0.03231	0.01197	0.13350	0.03350	0.07993	0.21051	0.02596	0.02564	0.04347	0.26808	0.04288	0.01280	0.02070	0.00479	0.00393	0.00121	0.00482	0.03526	0.00315	0.00560
12	0.00514	0.00367	0.00485	0.00547	0.00577	0.00362	0.00372	0.00586	0.00718	0.00965	0.01900	0.56321	0.03735	0.15088	0.13322	0.00268	0.00382	0.02852	0.00324	0.00315
13	0.06136	0.00748	0.00946	0.00729	0.01034	0.00701	0.00602	0.14599	0.01227	0.66851	0.01416	0.01251	0.00905	0.00482	0.00391	0.00122	0.00351	0.00383	0.00463	0.00662
14	0.01116	0.20361	0.06367	0.07181	0.23060	0.20452	0.03520	0.02179	0.03401	0.04138	0.00717	0.00865	0.00585	0.00393	0.00394	0.00112	0.04110	0.00303	0.00207	0.00538
15	0.00911	0.00772	0.00834	0.00770	0.00967	0.00879	0.00600	0.01857	0.68114	0.01589	0.06623	0.06060	0.01509	0.00629	0.00422	0.00139	0.00305	0.06040	0.00401	0.00579
16	0.00488	0.00347	0.00459	0.00546	0.00568	0.00325	0.00361	0.00553	0.00749	0.00999	0.02136	0.81406	0.02560	0.05728	0.00586	0.00173	0.00238	0.01098	0.00361	0.00318
17	0.00822	0.03879	0.25386	0.26745	0.04954	0.04109	0.08385	0.02994	0.02249	0.01185	0.02826	0.03978	0.02650	0.00492	0.00421	0.00132	0.01671	0.06406	0.00217	0.00497
18	0.00682	0.00928	0.23976	0.03376	0.04457	0.01717	0.01904	0.00925	0.02867	0.03345	0.06315	0.28222	0.06441	0.01039	0.10351	0.00198	0.00462	0.02067	0.00284	0.00442
19	0.00481	0.00380	0.00434	0.00467	0.00555	0.00333	0.00333	0.00576	0.00864	0.01087	0.09301	0.35629	0.45992	0.01082	0.00483	0.00144	0.00211	0.00941	0.00373	0.00333
20	0.10384	0.00705	0.00900	0.00697	0.00998	0.00645	0.00576	0.05767	0.01125	0.71782	0.01434	0.01260	0.00912	0.00478	0.00383	0.00123	0.00339	0.00378	0.00462	0.00650
21	0.01164	0.04880	0.10621	0.12220	0.10177	0.19021	0.14376	0.03778	0.01806	0.06675	0.01013	0.03272	0.02806	0.00519	0.00479	0.00142	0.04046	0.02169	0.00265	0.00568
22	0.05672	0.01643	0.01125	0.01017	0.02879	0.63626	0.02293	0.08205	0.01128	0.01164	0.02757	0.00809	0.00608	0.00435	0.00411	0.00110	0.05131	0.00285	0.00226	0.00477
23	0.86447	0.00802	0.02875	0.00538	0.00793	0.00890	0.00458	0.01168	0.00679	0.01765	0.00556	0.00649	0.00431	0.00368	0.00249	0.00123	0.00314	0.00217	0.00243	0.00434
24	0.05312	0.01034	0.01064	0.00846	0.01127	0.05986	0.00688	0.55235	0.08547	0.07745	0.07483	0.01154	0.00961	0.00500	0.00394	0.00120	0.00410	0.00383	0.00389	0.00623

[dist]
# distance from previous block
# <min> <max>
0	1

[block]
# block no. 10 follows, 68 sequences, length 45
# corresponding to MSA columns:
# 457-501
name=unknown_K
#
# <colnr> <probs for GDERKNQSTAVLIFYWHMCP>
#	G	D	E	R	K	N	Q	S	T	A	V	L	I	F	Y	W	H	M	C	P
0	0.03329	0.13178	0.04914	0.02898	0.08037	0.00836	0.00701	0.07540	0.03614	0.45492	0.01225	0.02380	0.00859	0.02715	0.00417	0.00125	0.00383	0.00372	0.00374	0.00614
1	0.00813	0.00589	0.00673	0.00550	0.00784	0.02339	0.00429	0.00960	0.00925	0.11696	0.12355	0.06836	0.22826	0.00628	0.00389	0.00102	0.00267	0.00527	0.00335	0.35978
2	0.00577	0.00384	0.00432	0.00432	0.00432	0.00384	0.00240	0.00577	0.00577	0.00769	0.01249	0.02595	0.01441	0.86066	0.02018	0.00384	0.00384	0.00577	0.00240	0.00240
3	0.00566	0.00425	0.00637	0.00637	0.00708	0.00496	0.00496	0.00708	0.00637	0.00920	0.01062	0.01558	0.00991	0.02974	0.84494	0.00637	0.01062	0.00425	0.00212	0.00354
4	0.01093	0.77327	0.03519	0.00710	0.01049	0.03921	0.00700	0.05944	0.00877	0.01032	0.00579	0.00661	0.00518	0.00350	0.00268	0.00088	0.00436	0.00223	0.00184	0.00519
5	0.00941	0.00754	0.00924	0.06284	0.04986	0.00647	0.00581	0.08533	0.02467	0.05693	0.00791	0.00897	0.00625	0.00335	0.00322	0.00077	0.00333	0.00272	0.00261	0.64279
6	0.02156	0.14050	0.24454	0.02557	0.05380	0.31391	0.04186	0.05295	0.02141	0.01166	0.00674	0.00797	0.00535	0.00398	0.00386	0.00112	0.03313	0.00285	0.00200	0.00524
7	0.36739	0.04440	0.00987	0.02182	0.01006	0.01096	0.00656	0.22041	0.00970	0.01688	0.00649	0.00792	0.00523	0.00486	0.00581	0.00134	0.23982	0.00290	0.00260	0.00497
8	0.00785	0.05216	0.05262	0.06124	0.01022	0.00609	0.02903	0.00899	0.00736	0.01082	0.00716	0.00974	0.00624	0.00745	0.06230	0.20585	0.01984	0.00291	0.00206	0.43007
9	0.00475	0.00390	0.00419	0.00441	0.00550	0.00334	0.00323	0.00570	0.00872	0.01060	0.03575	0.21916	0.64004	0.01058	0.00478	0.00141	0.00211	0.02481	0.00368	0.00333
10	0.06749	0.00539	0.00688	0.00584	0.00771	0.00499	0.00461	0.01249	0.02868	0.32478	0.45544	0.02174	0.02436	0.00656	0.00426	0.00124	0.00254	0.00559	0.00444	0.00496
11	0.03346	0.00962	0.04563	0.08553	0.31040	0.02080	0.17143	0.06505	0.03300	0.01362	0.00776	0.00970	0.00615	0.00357	0.00385	0.00112	0.00479	0.00350	0.00222	0.16879
12	0.03085	0.01113	0.01192	0.02882	0.10417	0.10298	0.00802	0.49628	0.03585	0.04117	0.00902	0.02389	0.00687	0.00482	0.00456	0.00122	0.06543	0.00358	0.00332	0.00611
13	0.00558	0.00404	0.00543	0.00625	0.00690	0.00388	0.00493	0.00686	0.00850	0.01111	0.03913	0.39336	0.08336	0.01146	0.00522	0.00169	0.00292	0.39225	0.00368	0.00345
14	0.00706	0.00435	0.00551	0.00508	0.00631	0.00392	0.00386	0.00871	0.01063	0.11985	0.54132	0.06576	0.15152	0.00804	0.00453	0.00126	0.00210	0.00699	0.03914	0.00404
15	0.03403	0.10563	0.07306	0.12952	0.15752	0.15636	0.04388	0.12292	0.02680	0.10114	0.00822	0.00937	0.00621	0.00404	0.00372	0.00116	0.00507	0.00325	0.00254	0.00558
16	0.01024	0.00769	0.01042	0.03889	0.25001	0.00803	0.00749	0.04988	0.25411	0.12967	0.04997	0.03560	0.04392	0.07982	0.00548	0.00149	0.00369	0.00461	0.00333	0.00566
17	0.00793	0.00571	0.00607	0.00549	0.00714	0.03996	0.00423	0.05203	0.07614	0.11841	0.19704	0.04632	0.40194	0.00814	0.00447	0.00129	0.00259	0.00682	0.00395	0.00432
18	0.01069	0.01129	0.04208	0.10548	0.14845	0.12381	0.36028	0.06113	0.01994	0.05431	0.00807	0.01008	0.00612	0.00379	0.00433	0.00126	0.01726	0.00391	0.00225	0.00546
19	0.02222	0.03648	0.18909	0.13233	0.25785	0.05858	0.07571	0.11210	0.00999	0.03548	0.00767	0.00950	0.00589	0.00409	0.00416	0.02243	0.00519	0.00339	0.00220	0.00565
20	0.01006	0.00873	0.03901	0.05358	0.02425	0.12240	0.00665	0.12377	0.04667	0.07904	0.01008	0.05478	0.00888	0.04600	0.15054	0.09010	0.08787	0.01731	0.01574	0.00453
21	0.65803	0.08494	0.04300	0.02343	0.00943	0.05599	0.03197	0.01190	0.00727	0.01585	0.00572	0.00683	0.00454	0.00375	0.00293	0.00120	0.02409	0.00234	0.00229	0.00448
22	0.88866	0.00767	0.00583	0.00521	0.00767	0.00889	0.00429	0.01166	0.00675	0.01779	0.00552	0.00644	0.00429	0.00368	0.00245	0.00123	0.00307	0.00215	0.00245	0.00429
23	0.00480	0.00399	0.00419	0.00420	0.00544	0.00339	0.00313	0.00589	0.00922	0.01128	0.13042	0.07564	0.70493	0.00993	0.00470	0.00134	0.00201	0.00837	0.00376	0.00339
24	0.00553	0.00390	0.00472	0.00507	0.00582	0.00354	0.00360	0.00642	0.00832	0.04240	0.07574	0.38250	0.27762	0.09658	0.00643	0.00173	0.00247	0.06057	0.00364	0.00337
25	0.01106	0.04244	0.10752	0.00918	0.02280	0.04431	0.04402	0.13284	0.45826	0.06517	0.01283	0.01234	0.00948	0.00483	0.00394	0.00127	0.00403	0.00397	0.00351	0.00617
26	0.07092	0.04705	0.10842	0.02045	0.07497	0.02022	0.00686	0.04713	0.05772	0.16915	0.05616	0.14101	0.02929	0.00566	0.00385	0.00119	0.00357	0.00474	0.00319	0.12846
27	0.00991	0.18885	0.26908	0.01135	0.04865	0.03319	0.18639	0.09250	0.00972	0.03602	0.02255	0.02073	0.02508	0.00413	0.00401	0.00119	0.02534	0.00357	0.00221	0.00552
28	0.01060	0.86304	0.02078	0.00678	0.01018	0.01569	0.00678	0.01187	0.00806	0.00933	0.00551	0.00636	0.00509	0.00339	0.00254	0.00085	0.00424	0.00212	0.00170	0.00509
29	0.00559	0.00379	0.00439	0.00452	0.00461	0.00374	0.00265	0.00578	0.00628	0.00837	0.03861	0.15179	0.03656	0.68740	0.01708	0.00337	0.00351	0.00670	0.00268	0.00259
30	0.04929	0.03530	0.23696	0.02241	0.05147	0.00839	0.02070	0.08934	0.05673	0.33341	0.01125	0.02513	0.00785	0.00460	0.00411	0.00125	0.02871	0.00365	0.00336	0.00612
31	0.02490	0.08557	0.03161	0.02664	0.18081	0.29055	0.07066	0.12765	0.01098	0.04350	0.00803	0.03450	0.00672	0.00439	0.00399	0.00115	0.02454	0.01600	0.00243	0.00538
32	0.00566	0.00425	0.00637	0.00637	0.00708	0.00496	0.00496	0.00708	0.00637	0.00920	0.01062	0.01558	0.00991	0.02974	0.84494	0.00637	0.01062	0.00425	0.00212	0.00354
33	0.01007	0.06187	0.13334	0.07379	0.19482	0.12489	0.05278	0.08718	0.03539	0.02661	0.00825	0.01071	0.00682	0.05077	0.08825	0.00184	0.02160	0.00351	0.00224	0.00527
34	0.00677	0.00451	0.00576	0.00528	0.00647	0.00422	0.00402	0.00909	0.05571	0.08076	0.69414	0.02786	0.06444	0.00778	0.00459	0.00125	0.00206	0.00682	0.00436	0.00410
35	0.01056	0.07434	0.08903	0.08713	0.07797	0.27544	0.00825	0.03485	0.02170	0.03531	0.09428	0.02978	0.04247	0.00520	0.00472	0.00121	0.08552	0.01499	0.00245	0.00481
36	0.00657	0.00579	0.04144	0.02963	0.04126	0.00518	0.01634	0.06481	0.04481	0.01439	0.37552	0.06219	0.23782	0.00798	0.00455	0.00130	0.00264	0.02984	0.00378	0.00416
