[name]
unknown

[dist]
# distance from previous block
# <min> <max>
0	49

[block]
# block no. 0 follows, 69 sequences, length 6
# corresponding to MSA columns:
# 59-64
name=unknown_A
#
# <colnr> <probs for GDERKNQSTAVLIFYWHMCP>
#	G	D	E	R	K	N	Q	S	T	A	V	L	I	F	Y	W	H	M	C	P
0	0.00688	0.03182	0.05266	0.02584	0.05381	0.02405	0.07389	0.00858	0.00834	0.01120	0.01629	0.26367	0.03172	0.00871	0.00517	0.00151	0.05204	0.26828	0.02597	0.02956
1	0.00551	0.00393	0.00532	0.00554	0.00594	0.00419	0.00393	0.00634	0.00649	0.00895	0.01383	0.18787	0.01508	0.28752	0.37483	0.00434	0.00639	0.04833	0.00257	0.00309
2	0.03433	0.04804	0.18002	0.05746	0.16772	0.04075	0.17184	0.04195	0.03125	0.01282	0.05520	0.02548	0.06329	0.00452	0.00419	0.00122	0.02505	0.00409	0.00229	0.02849
3	0.00608	0.00551	0.04533	0.02537	0.04736	0.00515	0.02497	0.00803	0.07346	0.01102	0.08593	0.42385	0.04466	0.09817	0.03420	0.00187	0.04411	0.00795	0.00320	0.00379
4	0.00804	0.03983	0.06660	0.18060	0.24022	0.04465	0.00872	0.01074	0.07134	0.01173	0.06080	0.14576	0.05695	0.00585	0.00436	0.00129	0.03003	0.00510	0.00253	0.00485
5	0.03134	0.03261	0.05480	0.06418	0.08920	0.02086	0.00657	0.07315	0.05082	0.03630	0.03244	0.08632	0.01063	0.06742	0.26514	0.01788	0.02292	0.00454	0.02846	0.00440

[dist]
# distance from previous block
# <min> <max>
5	14

[block]
# block no. 1 follows, 69 sequences, length 20
# corresponding to MSA columns:
# 80-99
name=unknown_B
#
# <colnr> <probs for GDERKNQSTAVLIFYWHMCP>
#	G	D	E	R	K	N	Q	S	T	A	V	L	I	F	Y	W	H	M	C	P
0	0.05229	0.00659	0.01618	0.02394	0.01822	0.01992	0.06452	0.09795	0.03799	0.05579	0.03585	0.18827	0.04481	0.13352	0.02955	0.00173	0.01757	0.00557	0.01585	0.13387
1	0.00961	0.00590	0.00702	0.00609	0.00784	0.00586	0.00472	0.10850	0.08537	0.18984	0.09599	0.07343	0.15823	0.08236	0.06717	0.00184	0.01577	0.00556	0.03947	0.02943
2	0.01143	0.01019	0.00936	0.00823	0.01050	0.15433	0.00641	0.10603	0.52770	0.05594	0.01338	0.01269	0.01001	0.00498	0.00385	0.00124	0.00388	0.00395	0.04002	0.00589
3	0.01215	0.00749	0.00836	0.03129	0.00949	0.02516	0.00552	0.25934	0.09794	0.20536	0.01284	0.01409	0.02426	0.09781	0.00545	0.00144	0.00348	0.00404	0.16907	0.00542
4	0.03586	0.00589	0.00780	0.00778	0.09773	0.00547	0.00537	0.04534	0.01029	0.32124	0.15877	0.08474	0.13684	0.02053	0.00441	0.00129	0.00293	0.00558	0.03706	0.00509
5	0.00982	0.00891	0.03164	0.16061	0.46825	0.00902	0.04676	0.09977	0.00997	0.04238	0.05543	0.01113	0.00800	0.00402	0.00395	0.00120	0.00458	0.00376	0.01511	0.00573
6	0.00560	0.00449	0.00557	0.00651	0.09542	0.00421	0.00399	0.00648	0.00781	0.00995	0.03774	0.07263	0.39269	0.26068	0.05137	0.00231	0.00328	0.02288	0.00302	0.00336
7	0.01392	0.01073	0.01081	0.00853	0.01128	0.08008	0.00689	0.64626	0.01637	0.04471	0.01072	0.01157	0.04029	0.06357	0.00502	0.00135	0.00439	0.00380	0.00367	0.00606
8	0.03418	0.00807	0.06553	0.03078	0.02712	0.00616	0.00580	0.06150	0.00894	0.03102	0.04039	0.00922	0.00708	0.00338	0.00315	0.00075	0.00326	0.00271	0.00249	0.64847
9	0.01177	0.48494	0.04349	0.00826	0.01122	0.27940	0.02437	0.03437	0.05059	0.01027	0.00638	0.00719	0.00544	0.00372	0.00303	0.00095	0.00516	0.00247	0.00197	0.00501
10	0.70761	0.10051	0.00802	0.04482	0.02770	0.00954	0.00508	0.01157	0.00697	0.02815	0.00571	0.00676	0.00451	0.00369	0.00272	0.00118	0.01644	0.00226	0.00233	0.00442
11	0.00910	0.03835	0.09457	0.10027	0.19759	0.00904	0.15129	0.09627	0.07456	0.02213	0.01227	0.04429	0.09712	0.00493	0.00436	0.00127	0.03025	0.00447	0.00253	0.00535
12	0.00789	0.00696	0.00939	0.05468	0.20157	0.05037	0.01517	0.03270	0.07295	0.01119	0.02899	0.12055	0.02823	0.09775	0.12476	0.04595	0.05694	0.02707	0.00254	0.00436
13	0.00505	0.00382	0.00449	0.00468	0.00543	0.00347	0.00329	0.00602	0.00852	0.01108	0.19608	0.24536	0.32154	0.13171	0.01849	0.00180	0.00243	0.01993	0.00358	0.00323
14	0.01583	0.00618	0.00828	0.00654	0.00920	0.00540	0.00533	0.01734	0.01071	0.70924	0.01548	0.05598	0.01056	0.00519	0.00387	0.00120	0.00312	0.00427	0.10011	0.00617
15	0.00650	0.00518	0.00584	0.00569	0.00694	0.00533	0.00423	0.01064	0.25430	0.01335	0.19219	0.19230	0.20979	0.02076	0.01672	0.00145	0.00249	0.00720	0.03487	0.00423
16	0.10720	0.00625	0.00648	0.00557	0.00742	0.02296	0.00442	0.13446	0.05328	0.13199	0.06750	0.01379	0.02202	0.00483	0.00329	0.00107	0.00274	0.00380	0.38177	0.01916
17	0.05440	0.08289	0.04919	0.03271	0.03680	0.03001	0.09017	0.24333	0.07253	0.02450	0.02339	0.01470	0.13268	0.03308	0.00460	0.00129	0.02591	0.00430	0.03834	0.00519
18	0.20711	0.13794	0.04037	0.04988	0.01151	0.11903	0.02300	0.21307	0.03792	0.09871	0.00830	0.02246	0.00632	0.00424	0.00336	0.00114	0.00434	0.00307	0.00287	0.00537
19	0.01062	0.25036	0.01272	0.03294	0.05962	0.10796	0.00675	0.11338	0.19370	0.03101	0.04286	0.04514	0.04922	0.00493	0.00358	0.00111	0.00404	0.00386	0.00288	0.02333

[dist]
# distance from previous block
# <min> <max>
0	1

[block]
# block no. 2 follows, 69 sequences, length 8
# corresponding to MSA columns:
# 101-108
name=unknown_C
#
# <colnr> <probs for GDERKNQSTAVLIFYWHMCP>
#	G	D	E	R	K	N	Q	S	T	A	V	L	I	F	Y	W	H	M	C	P
0	0.00990	0.13364	0.02651	0.04470	0.11134	0.05883	0.04948	0.05864	0.21506	0.06005	0.07598	0.06361	0.03434	0.00530	0.00420	0.00122	0.03446	0.00441	0.00301	0.00533
1	0.00493	0.00397	0.00441	0.00442	0.00556	0.00344	0.00332	0.00614	0.00938	0.01185	0.23264	0.08665	0.55997	0.00964	0.00468	0.00134	0.00203	0.03841	0.00380	0.00341
2	0.00747	0.02695	0.05410	0.11167	0.18241	0.02002	0.06222	0.00936	0.00830	0.02590	0.05938	0.17805	0.06531	0.00853	0.08298	0.00177	0.03330	0.00556	0.05225	0.00448
3	0.00553	0.00400	0.00475	0.00471	0.00577	0.00353	0.00347	0.00681	0.00958	0.04655	0.33104	0.17587	0.36526	0.00942	0.00467	0.00133	0.00204	0.00815	0.00394	0.00357
4	0.00584	0.00420	0.00599	0.03000	0.00690	0.00469	0.00448	0.00660	0.00641	0.00892	0.03323	0.05247	0.05806	0.11947	0.47379	0.13465	0.03407	0.00481	0.00226	0.00314
5	0.01060	0.36158	0.17939	0.00893	0.02832	0.14692	0.02864	0.06708	0.05571	0.01164	0.00736	0.02891	0.00619	0.00406	0.00345	0.00105	0.02229	0.00292	0.01973	0.00522
6	0.00768	0.00607	0.00691	0.00634	0.00772	0.05318	0.03844	0.05727	0.10911	0.06439	0.11763	0.21389	0.19231	0.07433	0.02513	0.00165	0.00321	0.00700	0.00356	0.00417
7	0.03960	0.15953	0.14884	0.02518	0.04550	0.09729	0.05756	0.14122	0.04227	0.11721	0.02430	0.02391	0.02128	0.00491	0.02087	0.00126	0.01760	0.00346	0.00273	0.00551

[dist]
# distance from previous block
# <min> <max>
3	21

[block]
# block no. 3 follows, 69 sequences, length 18
# corresponding to MSA columns:
# 130-147
name=unknown_D
#
# <colnr> <probs for GDERKNQSTAVLIFYWHMCP>
#	G	D	E	R	K	N	Q	S	T	A	V	L	I	F	Y	W	H	M	C	P
0	0.00764	0.00680	0.04207	0.03492	0.10860	0.00631	0.06697	0.04556	0.11540	0.04553	0.10235	0.08308	0.24338	0.02281	0.00490	0.02011	0.00333	0.03239	0.00328	0.00458
1	0.02086	0.02203	0.02695	0.12472	0.11057	0.00737	0.02612	0.03235	0.18590	0.06285	0.08483	0.07313	0.09350	0.02119	0.00461	0.00137	0.01621	0.06476	0.00319	0.01753
2	0.00698	0.00709	0.11308	0.00672	0.02072	0.00574	0.01473	0.03475	0.14120	0.02973	0.10504	0.17238	0.16625	0.02439	0.06673	0.00173	0.00353	0.00633	0.06851	0.00437
3	0.00707	0.05661	0.02596	0.00642	0.00800	0.00590	0.02650	0.06693	0.07871	0.01220	0.05255	0.35618	0.03950	0.04259	0.06718	0.00174	0.00353	0.00687	0.00316	0.13241
4	0.00945	0.02103	0.03226	0.07493	0.12929	0.00876	0.01610	0.05554	0.42191	0.04728	0.03105	0.07007	0.03890	0.00547	0.00402	0.00129	0.00354	0.00470	0.01875	0.00567
5	0.33151	0.07402	0.03225	0.00674	0.00903	0.02246	0.02853	0.11815	0.11549	0.04654	0.01006	0.09624	0.00896	0.07854	0.00477	0.00146	0.00354	0.00399	0.00293	0.00478
6	0.00858	0.00858	0.01201	0.01029	0.01029	0.01201	0.00858	0.00943	0.00600	0.00943	0.00515	0.00858	0.00515	0.00686	0.01287	0.00172	0.85505	0.00343	0.00172	0.00429
7	0.04066	0.00857	0.00948	0.02921	0.02805	0.05522	0.02121	0.19543	0.26471	0.13916	0.05471	0.01436	0.02698	0.02216	0.05421	0.00160	0.00415	0.02080	0.00367	0.00569
8	0.05502	0.03157	0.08378	0.20334	0.27232	0.00857	0.08581	0.03378	0.00859	0.04746	0.00868	0.06311	0.00738	0.00615	0.06627	0.00162	0.00518	0.00399	0.00219	0.00518
9	0.45553	0.00821	0.06855	0.00589	0.00888	0.00743	0.00518	0.02936	0.00772	0.03732	0.00673	0.00768	0.00525	0.00350	0.00277	0.00099	0.00318	0.00239	0.03923	0.29422
10	0.00516	0.00413	0.00452	0.00447	0.00564	0.00365	0.00333	0.02757	0.00943	0.01189	0.19546	0.09196	0.56017	0.03299	0.00507	0.00140	0.00212	0.02384	0.00375	0.00345
11	0.01420	0.01200	0.01098	0.00892	0.01159	0.20012	0.00713	0.55071	0.01570	0.05080	0.00978	0.07195	0.00784	0.00512	0.00392	0.00117	0.00475	0.00388	0.00351	0.00593
12	0.01040	0.62162	0.09800	0.00761	0.01103	0.04499	0.04005	0.05652	0.00876	0.01083	0.00636	0.00732	0.00544	0.00356	0.00284	0.00093	0.00442	0.00246	0.05176	0.00511
13	0.00481	0.00376	0.00438	0.00473	0.00557	0.00332	0.00339	0.00578	0.00856	0.01086	0.10555	0.36770	0.41766	0.01072	0.00480	0.00143	0.00213	0.02783	0.00370	0.00330
14	0.01025	0.04245	0.06046	0.01608	0.02055	0.00637	0.05370	0.07146	0.05527	0.18106	0.05484	0.01401	0.02354	0.00474	0.00346	0.00109	0.00309	0.00394	0.36869	0.00495
15	0.00624	0.00360	0.00487	0.00487	0.00509	0.00356	0.00324	0.00540	0.00580	0.00760	0.01247	0.01817	0.11892	0.17474	0.06466	0.54825	0.00372	0.00454	0.00211	0.00215
16	0.01431	0.01019	0.01102	0.00852	0.01151	0.01110	0.00701	0.71338	0.01728	0.07501	0.01204	0.01176	0.06824	0.00510	0.00398	0.00119	0.00408	0.00391	0.00396	0.00642
17	0.00929	0.02026	0.02136	0.00640	0.00978	0.00598	0.02254	0.04316	0.03459	0.08530	0.00817	0.00913	0.00648	0.01620	0.00337	0.00076	0.00316	0.00268	0.00263	0.68877

[dist]
# distance from previous block
# <min> <max>
0	1

[block]
# block no. 4 follows, 69 sequences, length 20
# corresponding to MSA columns:
# 150-169
name=unknown_E
#
# <colnr> <probs for GDERKNQSTAVLIFYWHMCP>
#	G	D	E	R	K	N	Q	S	T	A	V	L	I	F	Y	W	H	M	C	P
0	0.01138	0.64047	0.01784	0.00743	0.01040	0.21191	0.00680	0.01259	0.00872	0.00946	0.00580	0.00670	0.00517	0.00355	0.00276	0.00088	0.00481	0.00224	0.02620	0.00488
1	0.20468	0.01172	0.01025	0.00833	0.01109	0.18114	0.00672	0.46547	0.01416	0.01982	0.00782	0.00825	0.00579	0.00430	0.00350	0.00114	0.00457	0.00299	0.00317	0.02510
2	0.01093	0.04916	0.05674	0.09723	0.13785	0.14724	0.27128	0.09063	0.01014	0.05294	0.00771	0.00952	0.00591	0.00386	0.00429	0.00121	0.03209	0.00363	0.00225	0.00539
3	0.00663	0.00454	0.00560	0.00608	0.06129	0.00471	0.00421	0.00824	0.01910	0.01226	0.03388	0.05135	0.16597	0.03630	0.12490	0.00197	0.05244	0.02004	0.37676	0.00375
4	0.00488	0.00376	0.00437	0.00467	0.00545	0.00335	0.00328	0.00581	0.00848	0.01087	0.13810	0.33765	0.37636	0.06752	0.00579	0.00158	0.00219	0.00900	0.00365	0.00325
5	0.01684	0.00651	0.00886	0.00685	0.00975	0.00563	0.00563	0.01838	0.01121	0.78909	0.06657	0.01434	0.01140	0.00505	0.00398	0.00121	0.00324	0.00414	0.00482	0.00649
6	0.01289	0.00992	0.01060	0.00858	0.01133	0.01112	0.00693	0.52818	0.29864	0.02150	0.01195	0.03089	0.00894	0.00509	0.00397	0.00124	0.00385	0.00402	0.00394	0.00643
7	0.12628	0.00590	0.00690	0.00570	0.00789	0.00567	0.00460	0.05059	0.01004	0.39627	0.06423	0.01364	0.01067	0.00480	0.00342	0.00112	0.00279	0.00380	0.27042	0.00526
8	0.07336	0.01038	0.01105	0.00854	0.01157	0.01143	0.00705	0.71313	0.01707	0.06286	0.00951	0.00952	0.00673	0.00464	0.00380	0.00117	0.00412	0.00346	0.02418	0.00644
9	0.06929	0.69899	0.08160	0.00712	0.01053	0.05781	0.00718	0.01198	0.00807	0.01005	0.00560	0.00649	0.00497	0.00344	0.00265	0.00090	0.00439	0.00218	0.00174	0.00501
10	0.01048	0.86458	0.02054	0.00671	0.01006	0.01551	0.00671	0.01174	0.00797	0.00922	0.00545	0.00629	0.00503	0.00335	0.00252	0.00084	0.00419	0.00210	0.00168	0.00503
11	0.00646	0.00494	0.01571	0.07836	0.02475	0.00510	0.00470	0.03830	0.05169	0.01046	0.01473	0.22874	0.01599	0.31786	0.03357	0.00244	0.01752	0.08141	0.04382	0.00346
12	0.01033	0.00871	0.00919	0.00810	0.01042	0.01002	0.00635	0.11137	0.73920	0.01734	0.01522	0.01404	0.01137	0.00525	0.00398	0.00131	0.00324	0.00433	0.00398	0.00626
13	0.00494	0.00396	0.00442	0.00442	0.00555	0.00344	0.00331	0.00617	0.00943	0.01197	0.25264	0.09086	0.54264	0.00960	0.00468	0.00133	0.00202	0.03138	0.00382	0.00341
14	0.01743	0.01053	0.24916	0.34017	0.03661	0.02245	0.01005	0.03239	0.02749	0.01171	0.02828	0.07020	0.07306	0.00525	0.00400	0.00130	0.00467	0.02936	0.02117	0.00471
15	0.00494	0.00396	0.00450	0.00465	0.00566	0.00357	0.00340	0.00620	0.02622	0.01104	0.11986	0.21987	0.49388	0.01145	0.06100	0.00171	0.00263	0.00844	0.00362	0.00340
16	0.00739	0.00497	0.00629	0.02093	0.00710	0.00536	0.00443	0.00983	0.23700	0.01024	0.03366	0.04347	0.04559	0.01146	0.04934	0.47753	0.00354	0.01598	0.00261	0.00329
17	0.01094	0.16860	0.01345	0.03136	0.01129	0.08282	0.00793	0.20803	0.00986	0.01313	0.00636	0.00828	0.00549	0.00537	0.00776	0.00135	0.39755	0.00313	0.00227	0.00503
18	0.00524	0.00399	0.00492	0.02234	0.00622	0.00373	0.00374	0.00670	0.03433	0.01195	0.26039	0.32529	0.22545	0.04201	0.00532	0.00150	0.00226	0.02740	0.00376	0.00346
19	0.01001	0.01173	0.22591	0.01119	0.11126	0.03578	0.07186	0.17124	0.06586	0.05754	0.07199	0.04652	0.02564	0.01959	0.00458	0.00131	0.02903	0.02055	0.00286	0.00556

[dist]
# distance from previous block
# <min> <max>
0	3

[block]
# block no. 5 follows, 69 sequences, length 8
# corresponding to MSA columns:
# 173-180
name=unknown_F
#
# <colnr> <probs for GDERKNQSTAVLIFYWHMCP>
#	G	D	E	R	K	N	Q	S	T	A	V	L	I	F	Y	W	H	M	C	P
0	0.23510	0.00763	0.04329	0.02117	0.04815	0.03441	0.04255	0.03735	0.00761	0.05231	0.00845	0.02457	0.00748	0.08522	0.19709	0.00260	0.07941	0.00355	0.00237	0.05968
1	0.35511	0.01029	0.14512	0.07912	0.19858	0.00916	0.03608	0.06312	0.02654	0.03304	0.00704	0.00842	0.00538	0.00376	0.00332	0.00122	0.00423	0.00293	0.00230	0.00523
2	0.00821	0.00708	0.07369	0.04687	0.10080	0.00630	0.04042	0.08849	0.04386	0.01454	0.06250	0.07990	0.02896	0.00521	0.00358	0.00111	0.00319	0.00447	0.34122	0.03961
3	0.00506	0.00411	0.00556	0.00558	0.00649	0.00369	0.05488	0.00611	0.00840	0.01081	0.08848	0.44708	0.31816	0.01055	0.00482	0.00145	0.00241	0.00939	0.00359	0.00340
4	0.00960	0.00900	0.01308	0.19527	0.22685	0.03905	0.04707	0.11677	0.03747	0.01279	0.00740	0.00989	0.00608	0.00562	0.03811	0.00153	0.21349	0.00356	0.00218	0.00520
5	0.00663	0.00576	0.00750	0.15925	0.07048	0.00610	0.00590	0.00990	0.15331	0.01239	0.14626	0.07319	0.29399	0.00735	0.00454	0.00132	0.02227	0.00627	0.00330	0.00429
6	0.00517	0.00354	0.00454	0.00527	0.00556	0.00336	0.00356	0.00592	0.00743	0.01019	0.01977	0.65119	0.02312	0.11118	0.00660	0.00181	0.00249	0.05246	0.07371	0.00315
7	0.03522	0.00702	0.04170	0.15493	0.19659	0.00683	0.05130	0.01011	0.03528	0.02775	0.19290	0.04587	0.03919	0.00624	0.00434	0.00134	0.00385	0.13197	0.00291	0.00464

[dist]
# distance from previous block
# <min> <max>
0	4

[block]
# block no. 6 follows, 69 sequences, length 12
# corresponding to MSA columns:
# 185-196
name=unknown_G
#
# <colnr> <probs for GDERKNQSTAVLIFYWHMCP>
#	G	D	E	R	K	N	Q	S	T	A	V	L	I	F	Y	W	H	M	C	P
0	0.54607	0.00892	0.00904	0.01022	0.20136	0.05242	0.00657	0.09929	0.00869	0.01683	0.00636	0.00751	0.00500	0.00374	0.00298	0.00119	0.00376	0.00261	0.00245	0.00498
1	0.00858	0.00858	0.01201	0.01029	0.01029	0.01201	0.00858	0.00943	0.00600	0.00943	0.00515	0.00858	0.00515	0.00686	0.01287	0.00172	0.85505	0.00343	0.00172	0.00429
2	0.00999	0.00846	0.00892	0.00791	0.01017	0.00970	0.00618	0.08790	0.73038	0.01687	0.01633	0.01509	0.04356	0.00545	0.00401	0.00132	0.00316	0.00451	0.00397	0.00613
3	0.05066	0.00671	0.00791	0.00688	0.00863	0.06767	0.00543	0.04977	0.00893	0.30623	0.01163	0.01385	0.00918	0.07037	0.32970	0.00334	0.03116	0.00394	0.00318	0.00483
4	0.00857	0.00766	0.00985	0.00799	0.00969	0.00857	0.00654	0.07079	0.00782	0.01189	0.00675	0.00916	0.00600	0.00742	0.09366	0.00169	0.36275	0.00307	0.00216	0.35796
5	0.00622	0.00419	0.00522	0.00486	0.00603	0.00376	0.00368	0.00784	0.01060	0.07509	0.58736	0.03011	0.22383	0.00823	0.00458	0.00125	0.00199	0.00714	0.00420	0.00383
6	0.00875	0.00762	0.00782	0.00718	0.00896	0.05613	0.00552	0.06375	0.45465	0.01471	0.07379	0.10087	0.09619	0.00831	0.06607	0.00169	0.00367	0.00548	0.00369	0.00518
7	0.01241	0.00801	0.00886	0.00725	0.00965	0.00858	0.00584	0.32993	0.18457	0.15675	0.04540	0.01297	0.01015	0.00496	0.00374	0.00117	0.00331	0.00395	0.17663	0.00586
8	0.00505	0.00375	0.00472	0.00508	0.00577	0.00343	0.00364	0.00620	0.00896	0.01194	0.27339	0.40474	0.19254	0.01044	0.00483	0.00144	0.00215	0.04471	0.00384	0.00339
9	0.02176	0.07118	0.03733	0.03020	0.35939	0.02064	0.04853	0.04924	0.05440	0.04069	0.09001	0.02383	0.01025	0.00440	0.00373	0.00114	0.00395	0.00394	0.12001	0.00539
10	0.00568	0.00390	0.00480	0.00480	0.00498	0.00409	0.00303	0.00604	0.00586	0.00799	0.01187	0.02300	0.01310	0.64690	0.23371	0.00445	0.00553	0.00531	0.00230	0.00267
11	0.01291	0.05889	0.01094	0.00919	0.01125	0.53779	0.00709	0.07690	0.12191	0.01186	0.03358	0.01008	0.03755	0.00468	0.00402	0.00110	0.03965	0.00322	0.00253	0.00487

[dist]
# distance from previous block
# <min> <max>
0	5

[block]
# block no. 7 follows, 69 sequences, length 22
# corresponding to MSA columns:
# 202-223
name=unknown_H
#
# <colnr> <probs for GDERKNQSTAVLIFYWHMCP>
#	G	D	E	R	K	N	Q	S	T	A	V	L	I	F	Y	W	H	M	C	P
0	0.02771	0.03803	0.02247	0.02746	0.06262	0.04368	0.04338	0.23443	0.02210	0.01490	0.01917	0.03237	0.05860	0.03660	0.12293	0.00196	0.06120	0.00402	0.04524	0.08114
1	0.00993	0.00880	0.01468	0.16305	0.62833	0.00907	0.01134	0.03323	0.00913	0.06326	0.00785	0.01004	0.00627	0.00368	0.00389	0.00119	0.00466	0.00352	0.00214	0.00594
2	0.83456	0.00780	0.00614	0.00540	0.00787	0.00901	0.00445	0.06297	0.00742	0.01804	0.00571	0.00656	0.00440	0.00371	0.00252	0.00121	0.00311	0.00221	0.00252	0.00440
3	0.01421	0.01730	0.01121	0.06332	0.01306	0.72382	0.00777	0.08285	0.01151	0.01088	0.00640	0.00748	0.00520	0.00409	0.00359	0.00104	0.00672	0.00267	0.00216	0.00471
4	0.00483	0.00366	0.00448	0.00507	0.00569	0.00331	0.00357	0.00571	0.00814	0.01045	0.05262	0.53810	0.27651	0.01135	0.00490	0.00151	0.00224	0.05093	0.00366	0.00326
5	0.00479	0.00345	0.00455	0.00539	0.00568	0.00320	0.00362	0.00552	0.00767	0.01020	0.04623	0.80349	0.05758	0.01207	0.00498	0.00157	0.00225	0.01091	0.00366	0.00320
6	0.00608	0.00397	0.00448	0.00438	0.00533	0.00367	0.00316	0.00727	0.00864	0.04398	0.18088	0.06339	0.28764	0.14402	0.02925	0.00175	0.00251	0.00651	0.18965	0.00344
7	0.01410	0.01058	0.01131	0.00886	0.01185	0.01178	0.00726	0.69867	0.14577	0.02340	0.01044	0.01023	0.00750	0.00480	0.00393	0.00120	0.00412	0.00367	0.00393	0.00659
8	0.60129	0.00780	0.00686	0.00583	0.00829	0.00878	0.00478	0.16136	0.00923	0.06419	0.00740	0.00806	0.00551	0.00399	0.00281	0.00118	0.00318	0.00262	0.08206	0.00477
9	0.01510	0.01067	0.01157	0.00887	0.01200	0.01169	0.00733	0.76603	0.01791	0.08411	0.00985	0.00970	0.00689	0.00472	0.00392	0.00118	0.00424	0.00356	0.00399	0.00667
10	0.01097	0.01963	0.00809	0.00699	0.00888	0.00636	0.00574	0.16876	0.01129	0.24604	0.10273	0.06420	0.01622	0.04168	0.05657	0.00178	0.00385	0.21128	0.00392	0.00501
11	0.01048	0.86458	0.02054	0.00671	0.01006	0.01551	0.00671	0.01174	0.00797	0.00922	0.00545	0.00629	0.00503	0.00335	0.00252	0.00084	0.00419	0.00210	0.00168	0.00503
12	0.00798	0.01955	0.79097	0.01098	0.01655	0.00914	0.01398	0.01293	0.05857	0.01266	0.00758	0.00867	0.00539	0.00382	0.00374	0.00125	0.00563	0.00299	0.00180	0.00582
13	0.01382	0.01128	0.01054	0.00870	0.01136	0.17368	0.00694	0.35424	0.23136	0.12023	0.01124	0.01082	0.00813	0.00476	0.00387	0.00119	0.00441	0.00362	0.00368	0.00613
14	0.00478	0.00398	0.00417	0.00412	0.00538	0.00337	0.00309	0.00590	0.00927	0.01139	0.16446	0.03641	0.71093	0.00963	0.00463	0.00131	0.00196	0.00809	0.00375	0.00337
15	0.00875	0.00812	0.01291	0.25805	0.42308	0.00880	0.01024	0.01241	0.12944	0.01275	0.06884	0.01207	0.00901	0.00421	0.00396	0.00123	0.00439	0.00389	0.00236	0.00549
16	0.00587	0.00563	0.05874	0.00542	0.00701	0.00456	0.02913	0.04768	0.02434	0.01262	0.22565	0.04684	0.44184	0.06069	0.00547	0.00145	0.00259	0.00713	0.00357	0.00378
17	0.00681	0.00340	0.00511	0.00511	0.00511	0.00340	0.00340	0.00511	0.00511	0.00681	0.00681	0.01192	0.00681	0.01362	0.01532	0.88594	0.00340	0.00340	0.00170	0.00170
18	0.01066	0.77073	0.01954	0.00709	0.01021	0.06889	0.00685	0.01189	0.00808	0.00926	0.00548	0.00644	0.00504	0.00356	0.00306	0.00089	0.04349	0.00219	0.00170	0.00497
19	0.00655	0.00463	0.00535	0.00517	0.00638	0.00447	0.00385	0.00925	0.12225	0.04324	0.22866	0.18577	0.19287	0.00811	0.00427	0.00127	0.00222	0.00701	0.12712	0.03156
20	0.02090	0.00696	0.00883	0.07428	0.13216	0.06418	0.03811	0.04182	0.10619	0.03018	0.02512	0.32029	0.06150	0.04507	0.00504	0.00147	0.00361	0.00675	0.00308	0.00446
21	0.01242	0.01112	0.02303	0.09437	0.04555	0.15372	0.05732	0.30991	0.12627	0.05771	0.00945	0.01020	0.00706	0.00511	0.02348	0.00133	0.03959	0.00357	0.00308	0.00573

[dist]
# distance from previous block
# <min> <max>
0	29

[block]
# block no. 8 follows, 69 sequences, length 21
# corresponding to MSA columns:
# 253-273
name=unknown_I
#
# <colnr> <probs for GDERKNQSTAVLIFYWHMCP>
#	G	D	E	R	K	N	Q	S	T	A	V	L	I	F	Y	W	H	M	C	P
0	0.61763	0.00912	0.00712	0.02071	0.00895	0.11951	0.00509	0.02856	0.07325	0.05220	0.00694	0.00758	0.00530	0.00389	0.00283	0.00118	0.00364	0.00249	0.00262	0.02138
1	0.06503	0.00836	0.02096	0.21263	0.23661	0.01831	0.02627	0.08061	0.16513	0.02655	0.05058	0.01248	0.03635	0.00450	0.00388	0.00124	0.00417	0.00392	0.00270	0.01973
2	0.00800	0.00564	0.00580	0.00537	0.00677	0.04741	0.00405	0.08205	0.04706	0.03745	0.06224	0.18024	0.08609	0.00662	0.00370	0.00113	0.00260	0.00558	0.32798	0.07423
3	0.00503	0.00369	0.00477	0.00555	0.00606	0.00344	0.00401	0.00595	0.00799	0.01040	0.02418	0.59273	0.14694	0.01167	0.00502	0.00159	0.00247	0.15162	0.00363	0.00328
4	0.00889	0.00856	0.01473	0.25035	0.43660	0.00905	0.10095	0.01196	0.06244	0.01220	0.00841	0.01169	0.00693	0.00400	0.00404	0.00126	0.00489	0.03548	0.00209	0.00549
5	0.00951	0.00819	0.00865	0.00780	0.00996	0.00943	0.00606	0.02009	0.78805	0.01624	0.03951	0.01559	0.03238	0.00550	0.00402	0.00133	0.00304	0.00460	0.00399	0.00607
6	0.00503	0.00378	0.00471	0.00532	0.00600	0.00347	0.00392	0.00603	0.00829	0.01065	0.05246	0.45727	0.25726	0.01122	0.00496	0.00154	0.00241	0.14872	0.00366	0.00331
7	0.01458	0.00955	0.01030	0.00813	0.01100	0.05190	0.00662	0.42708	0.10540	0.24136	0.01166	0.01109	0.00809	0.00473	0.00384	0.00117	0.00393	0.00366	0.03755	0.02836
8	0.01619	0.10178	0.01035	0.00702	0.01003	0.00715	0.00590	0.01842	0.07442	0.68454	0.01440	0.01266	0.00936	0.00472	0.00379	0.00118	0.00341	0.00378	0.00443	0.00645
9	0.00928	0.00884	0.01198	0.01015	0.01050	0.01202	0.00845	0.09969	0.00738	0.01113	0.00562	0.00867	0.00531	0.00662	0.01188	0.00166	0.76086	0.00344	0.00196	0.00455
10	0.01437	0.01110	0.01214	0.01070	0.10351	0.05393	0.00793	0.67747	0.01686	0.03915	0.00914	0.00941	0.00660	0.00454	0.00390	0.00117	0.00447	0.00348	0.00363	0.00651
11	0.03085	0.63236	0.19362	0.00800	0.01187	0.01378	0.04045	0.01191	0.00805	0.01023	0.00588	0.00688	0.00503	0.00344	0.00285	0.00095	0.00460	0.00237	0.00170	0.00518
12	0.01044	0.00752	0.00867	0.00643	0.00964	0.00656	0.00520	0.17245	0.01051	0.10400	0.00873	0.00935	0.00666	0.00358	0.00321	0.00079	0.00316	0.00282	0.05868	0.56160
13	0.00529	0.00400	0.00488	0.00466	0.00570	0.00359	0.00349	0.00689	0.01048	0.01424	0.60667	0.03171	0.26694	0.00857	0.00463	0.00126	0.00189	0.00743	0.00412	0.00359
14	0.01057	0.00752	0.00851	0.00698	0.00909	0.00790	0.00558	0.40886	0.01447	0.05480	0.32217	0.04252	0.07119	0.00650	0.00426	0.00122	0.00314	0.00540	0.00408	0.00524
15	0.01388	0.00994	0.01218	0.00935	0.01242	0.01063	0.09734	0.52276	0.10812	0.12712	0.01084	0.01075	0.00765	0.00464	0.00398	0.00121	0.00425	0.00381	0.02274	0.00640
16	0.00501	0.00383	0.00460	0.00474	0.00561	0.00342	0.00343	0.00622	0.00931	0.01229	0.32322	0.26878	0.31557	0.00990	0.00474	0.00137	0.00202	0.00866	0.00388	0.00342
17	0.02683	0.55189	0.10828	0.00721	0.01049	0.01281	0.00725	0.04430	0.04579	0.05941	0.00734	0.00806	0.00601	0.00380	0.00313	0.00097	0.02534	0.00260	0.06331	0.00520
18	0.00523	0.00385	0.00454	0.00484	0.00539	0.00362	0.00328	0.00613	0.02487	0.01001	0.07364	0.31011	0.22225	0.25928	0.00925	0.00215	0.00270	0.04246	0.00332	0.00309
19	0.01026	0.00868	0.00968	0.00902	0.10155	0.05052	0.00638	0.17583	0.19579	0.01599	0.02168	0.01072	0.00811	0.00412	0.00351	0.00099	0.00355	0.00334	0.06388	0.29641
20	0.10575	0.03255	0.01647	0.03686	0.02426	0.04861	0.03866	0.00981	0.03148	0.03440	0.01775	0.04626	0.00854	0.06936	0.06992	0.10209	0.01174	0.01830	0.05065	0.22654

[dist]
# distance from previous block
# <min> <max>
0	6

[block]
# block no. 9 follows, 69 sequences, length 30
# corresponding to MSA columns:
# 280-309
name=unknown_J
#
# <colnr> <probs for GDERKNQSTAVLIFYWHMCP>
#	G	D	E	R	K	N	Q	S	T	A	V	L	I	F	Y	W	H	M	C	P
0	0.01260	0.00984	0.01047	0.00855	0.01128	0.01108	0.00689	0.46487	0.38201	0.02099	0.01234	0.01175	0.00904	0.00498	0.00395	0.00125	0.00377	0.00393	0.00395	0.00646
1	0.00637	0.00500	0.00550	0.00524	0.00668	0.00473	0.00413	0.12018	0.01041	0.01315	0.10447	0.06464	0.51226	0.00923	0.00465	0.00137	0.00252	0.11189	0.00374	0.00385
2	0.00491	0.00383	0.00442	0.00464	0.00554	0.00339	0.00336	0.00595	0.00881	0.01125	0.16962	0.26383	0.42822	0.03626	0.00522	0.00147	0.00214	0.03010	0.00372	0.00332
3	0.02357	0.00611	0.00731	0.00626	0.00813	0.00599	0.00491	0.17751	0.02669	0.21041	0.23783	0.13715	0.10396	0.00722	0.00430	0.00127	0.00282	0.00613	0.01749	0.00495
4	0.01338	0.00990	0.01073	0.00841	0.01119	0.01087	0.00687	0.67576	0.05288	0.02309	0.12478	0.01241	0.01112	0.00519	0.00402	0.00119	0.00392	0.00406	0.00398	0.00623
5	0.58317	0.00738	0.00686	0.00577	0.00833	0.00801	0.00475	0.05945	0.00855	0.22613	0.00852	0.00865	0.00600	0.00404	0.00291	0.00120	0.00313	0.00273	0.03944	0.00497
6	0.01490	0.01098	0.01177	0.00902	0.01216	0.01216	0.00745	0.82470	0.01843	0.02471	0.00941	0.00941	0.00667	0.00471	0.00392	0.00118	0.00431	0.00353	0.00392	0.00667
7	0.00603	0.00479	0.00687	0.00658	0.00717	0.00571	0.00513	0.00734	0.00689	0.00999	0.12476	0.01692	0.01316	0.06990	0.56171	0.00479	0.13177	0.00458	0.00237	0.00358
8	0.01048	0.86458	0.02054	0.00671	0.01006	0.01551	0.00671	0.01174	0.00797	0.00922	0.00545	0.00629	0.00503	0.00335	0.00252	0.00084	0.00419	0.00210	0.00168	0.00503
9	0.88991	0.00758	0.00576	0.00516	0.00758	0.00879	0.00425	0.01152	0.00667	0.01759	0.00546	0.00637	0.00425	0.00364	0.00243	0.00121	0.00303	0.00212	0.00243	0.00425
10	0.00640	0.00588	0.00631	0.00664	0.00730	0.12097	0.03808	0.00729	0.00815	0.01013	0.01884	0.66955	0.02205	0.01070	0.00480	0.00151	0.00318	0.04539	0.00334	0.00348
11	0.00516	0.00409	0.00470	0.00483	0.00599	0.00363	0.00380	0.00649	0.00938	0.01183	0.19207	0.03740	0.51241	0.00974	0.00479	0.00140	0.00229	0.17278	0.00377	0.00345
12	0.00740	0.00697	0.01176	0.85280	0.02700	0.00871	0.01089	0.01002	0.00784	0.01002	0.00697	0.01045	0.00523	0.00392	0.00392	0.00131	0.00523	0.00348	0.00174	0.00436
13	0.00483	0.00371	0.00443	0.00493	0.00565	0.00332	0.00350	0.00574	0.00830	0.01059	0.06776	0.46225	0.34307	0.01109	0.00486	0.00148	0.00220	0.04535	0.00367	0.00328
14	0.00578	0.00384	0.00474	0.00474	0.00487	0.00398	0.00295	0.00590	0.00577	0.00782	0.01152	0.02251	0.01276	0.62937	0.17861	0.07978	0.00506	0.00522	0.00226	0.00253
15	0.01048	0.86458	0.02054	0.00671	0.01006	0.01551	0.00671	0.01174	0.00797	0.00922	0.00545	0.00629	0.00503	0.00335	0.00252	0.00084	0.00419	0.00210	0.00168	0.00503
16	0.00841	0.00659	0.00724	0.00676	0.00846	0.00713	0.00517	0.06511	0.41242	0.04757	0.02051	0.19920	0.14335	0.00759	0.00432	0.00138	0.00283	0.02485	0.01606	0.00506
17	0.04725	0.03220	0.31313	0.13691	0.03635	0.00885	0.07998	0.09159	0.02224	0.16252	0.02603	0.01026	0.00688	0.00411	0.00383	0.00124	0.00489	0.00346	0.00262	0.00567
18	0.01181	0.01078	0.00987	0.00855	0.01089	0.16321	0.00669	0.22910	0.43854	0.01709	0.01265	0.04292	0.00983	0.00518	0.00393	0.00124	0.00411	0.00409	0.00360	0.00591
19	0.80324	0.00768	0.00617	0.00544	0.00785	0.00888	0.00447	0.06351	0.00741	0.01775	0.00589	0.00688	0.00459	0.00460	0.03171	0.00139	0.00337	0.00228	0.00251	0.00438
20	0.02777	0.01040	0.01818	0.01373	0.01624	0.07249	0.48144	0.01171	0.00829	0.01142	0.00692	0.00969	0.00566	0.00487	0.02022	0.00150	0.26865	0.00404	0.00191	0.00487
21	0.00706	0.00370	0.00387	0.00383	0.00475	0.00366	0.00287	0.00889	0.00862	0.01477	0.12740	0.01666	0.01380	0.00505	0.00300	0.00096	0.00183	0.00413	0.76147	0.00366
22	0.00476	0.00349	0.00447	0.00525	0.00563	0.00320	0.00355	0.00548	0.00770	0.01009	0.02413	0.74519	0.13878	0.01195	0.00495	0.00155	0.00223	0.01075	0.00364	0.00320
23	0.00973	0.00911	0.01461	0.06382	0.65912	0.00942	0.01104	0.03472	0.12357	0.01348	0.00860	0.01042	0.00697	0.00380	0.00390	0.00119	0.00446	0.00362	0.00227	0.00613
24	0.01043	0.00985	0.00918	0.00827	0.01046	0.12629	0.00640	0.02011	0.71654	0.01545	0.01458	0.01357	0.01100	0.00514	0.00393	0.00129	0.00366	0.00417	0.00371	0.00597
25	0.00488	0.00355	0.00477	0.00551	0.00585	0.00343	0.00379	0.00568	0.00740	0.00991	0.02086	0.70559	0.05965	0.01456	0.12221	0.00224	0.00341	0.01005	0.00342	0.00323
26	0.00756	0.00636	0.00679	0.00627	0.00802	0.00679	0.00485	0.03068	0.42021	0.01446	0.12673	0.02467	0.28797	0.00729	0.00431	0.00132	0.00261	0.02428	0.00390	0.00488
27	0.16893	0.00670	0.04103	0.00659	0.00795	0.06878	0.00537	0.00915	0.03530	0.01105	0.00933	0.01301	0.00839	0.03835	0.54746	0.00454	0.00828	0.00368	0.00221	0.00388
28	0.01108	0.49091	0.06678	0.00820	0.01101	0.14155	0.00764	0.08248	0.00910	0.01084	0.00594	0.00712	0.00519	0.00409	0.00431	0.00104	0.12324	0.00252	0.00193	0.00504
29	0.02897	0.00969	0.04957	0.05395	0.38713	0.04355	0.00952	0.11732	0.09296	0.13971	0.00964	0.01060	0.00725	0.00451	0.01737	0.00128	0.00449	0.00358	0.00283	0.00608

[dist]
# distance from previous block
# <min> <max>
1	17

[block]
# block no. 10 follows, 69 sequences, length 22
# corresponding to MSA columns:
# 328-349
name=unknown_K
#
# <colnr> <probs for GDERKNQSTAVLIFYWHMCP>
#	G	D	E	R	K	N	Q	S	T	A	V	L	I	F	Y	W	H	M	C	P
0	0.00689	0.00513	0.00612	0.03439	0.00716	0.00531	0.00417	0.07186	0.10563	0.01331	0.30843	0.04895	0.03992	0.26001	0.04199	0.00220	0.00325	0.00590	0.01464	0.01475
1	0.00918	0.00743	0.00858	0.00621	0.00965	0.00605	0.00500	0.10565	0.00942	0.03640	0.00748	0.00842	0.00601	0.00317	0.00305	0.00067	0.00308	0.00251	0.00258	0.75946
2	0.00537	0.00407	0.00459	0.00441	0.00565	0.00353	0.00333	0.00669	0.00979	0.03874	0.32662	0.03390	0.52116	0.00908	0.00461	0.00129	0.00198	0.00771	0.00392	0.00356
3	0.01382	0.01001	0.01053	0.00840	0.01116	0.05799	0.00687	0.55164	0.05867	0.11092	0.05324	0.01321	0.02783	0.00528	0.00403	0.00121	0.00409	0.04103	0.00392	0.00616
4	0.00874	0.00880	0.01238	0.01212	0.15553	0.12716	0.18702	0.01085	0.03330	0.01096	0.00911	0.01307	0.00809	0.08365	0.21906	0.00272	0.03824	0.01383	0.04083	0.00454
5	0.00613	0.00417	0.00547	0.00526	0.00628	0.00386	0.00407	0.00789	0.01068	0.05284	0.64607	0.04955	0.07181	0.00839	0.00469	0.00131	0.00214	0.10139	0.00421	0.00380
6	0.00921	0.01129	0.13678	0.21983	0.27028	0.12346	0.04468	0.01214	0.04935	0.01169	0.00941	0.01126	0.05333	0.00417	0.00388	0.00121	0.00511	0.00364	0.01406	0.00523
7	0.00613	0.00601	0.10270	0.00530	0.00618	0.01586	0.00411	0.00705	0.02233	0.00909	0.04369	0.06106	0.05210	0.57579	0.01494	0.02670	0.00377	0.00560	0.02856	0.00303
8	0.01382	0.01004	0.01094	0.00844	0.01153	0.01077	0.00692	0.61358	0.08714	0.06916	0.01004	0.00994	0.00720	0.00456	0.00381	0.00112	0.00399	0.00349	0.00379	0.10974
9	0.00871	0.00779	0.03318	0.07007	0.18494	0.00666	0.04786	0.01087	0.01875	0.05026	0.03282	0.01039	0.01733	0.01257	0.02229	0.00103	0.00386	0.00317	0.00237	0.45508
10	0.01380	0.01731	0.01119	0.10890	0.01386	0.74827	0.00796	0.01499	0.01073	0.00964	0.00617	0.00747	0.00507	0.00403	0.00358	0.00104	0.00685	0.00264	0.00199	0.00452
11	0.61365	0.00781	0.00710	0.00598	0.00859	0.00864	0.00492	0.10197	0.03128	0.16610	0.00797	0.00818	0.00570	0.00402	0.00290	0.00121	0.00323	0.00267	0.00307	0.00500
12	0.11264	0.00901	0.01431	0.12022	0.57401	0.02729	0.05017	0.01174	0.00858	0.01291	0.00730	0.02131	0.00610	0.00369	0.00376	0.00120	0.00465	0.00347	0.00200	0.00563
13	0.00581	0.00400	0.00535	0.00537	0.00588	0.00439	0.00387	0.00683	0.00637	0.00932	0.01155	0.03567	0.01148	0.27384	0.48460	0.00483	0.00732	0.00473	0.10560	0.00318
14	0.00487	0.00367	0.00436	0.00481	0.00540	0.00332	0.00328	0.00563	0.00792	0.01017	0.06231	0.45822	0.28830	0.11097	0.00662	0.00175	0.00234	0.00940	0.00352	0.00315
15	0.00489	0.00349	0.00467	0.00554	0.00583	0.00328	0.00379	0.00567	0.00770	0.01028	0.04563	0.78856	0.02606	0.01207	0.00502	0.00159	0.00234	0.05671	0.00366	0.00322
16	0.01062	0.00744	0.00834	0.00688	0.00891	0.03271	0.00548	0.32933	0.01399	0.09646	0.40952	0.01932	0.02157	0.00630	0.00425	0.00120	0.00311	0.00526	0.00414	0.00517
17	0.03979	0.00972	0.01263	0.09655	0.27066	0.01057	0.00901	0.39930	0.06984	0.02985	0.00894	0.00992	0.00671	0.00426	0.00387	0.00120	0.00437	0.00354	0.00306	0.00619
18	0.01390	0.01066	0.01104	0.00879	0.01168	0.04985	0.00714	0.59394	0.18776	0.04797	0.01082	0.01052	0.00780	0.00481	0.00392	0.00120	0.00416	0.00369	0.00388	0.00647
19	0.00539	0.00413	0.00558	0.00611	0.00636	0.00439	0.00437	0.00616	0.00731	0.00992	0.01887	0.64083	0.02226	0.05319	0.02967	0.00186	0.10264	0.06435	0.00331	0.00331
20	0.01048	0.86458	0.02054	0.00671	0.01006	0.01551	0.00671	0.01174	0.00797	0.00922	0.00545	0.00629	0.00503	0.00335	0.00252	0.00084	0.00419	0.00210	0.00168	0.00503
21	0.58418	0.00920	0.00765	0.00648	0.00906	0.08243	0.00528	0.17916	0.00973	0.06533	0.00689	0.00745	0.00512	0.00396	0.00292	0.00119	0.00367	0.00255	0.00284	0.00491

[dist]
# distance from previous block
# <min> <max>
0	2

[block]
# block no. 11 follows, 69 sequences, length 17
# corresponding to MSA columns:
# 352-368
name=unknown_L
#
# <colnr> <probs for GDERKNQSTAVLIFYWHMCP>
#	G	D	E	R	K	N	Q	S	T	A	V	L	I	F	Y	W	H	M	C	P
0	0.00782	0.00576	0.00765	0.00872	0.15670	0.00558	0.00553	0.03146	0.08590	0.08671	0.25737	0.04412	0.21520	0.02311	0.00461	0.00130	0.00277	0.01757	0.02754	0.00459
1	0.00527	0.00394	0.00465	0.00466	0.00567	0.00348	0.00342	0.00652	0.00949	0.03039	0.32076	0.18743	0.38100	0.00957	0.00468	0.00134	0.00202	0.00829	0.00391	0.00350
2	0.00858	0.00833	0.01335	0.49757	0.34234	0.04108	0.01121	0.01102	0.00839	0.01109	0.00709	0.01003	0.00560	0.00376	0.00389	0.00124	0.00508	0.00345	0.00183	0.00509
3	0.00474	0.00354	0.00442	0.00512	0.00560	0.00321	0.00349	0.00550	0.00783	0.01014	0.02568	0.67485	0.20812	0.01175	0.00492	0.00153	0.00221	0.01050	0.00364	0.00321
4	0.00655	0.00347	0.00497	0.00497	0.00513	0.00339	0.00335	0.00517	0.00557	0.00727	0.01077	0.01503	0.10670	0.01317	0.01403	0.77939	0.00323	0.00399	0.00194	0.00190
5	0.01070	0.77995	0.04380	0.00708	0.01041	0.07430	0.00700	0.01204	0.00820	0.00934	0.00554	0.00640	0.00503	0.00341	0.00262	0.00086	0.00444	0.00215	0.00170	0.00502
6	0.00612	0.00417	0.00554	0.00544	0.00616	0.00454	0.00407	0.02513	0.00740	0.01101	0.11053	0.01824	0.01368	0.13869	0.46099	0.00427	0.00684	0.00465	0.15906	0.00346
7	0.00623	0.00645	0.10645	0.00670	0.00831	0.00502	0.00610	0.00885	0.07151	0.01247	0.15083	0.10149	0.15835	0.00908	0.00481	0.00151	0.00317	0.32513	0.00352	0.00400
8	0.03885	0.07503	0.05732	0.21885	0.03915	0.20696	0.04460	0.04992	0.12165	0.01217	0.04021	0.03838	0.00807	0.00459	0.00401	0.00121	0.02809	0.00365	0.00240	0.00491
9	0.51987	0.01228	0.00802	0.00725	0.00950	0.36295	0.00565	0.01327	0.00855	0.01421	0.00571	0.00667	0.00459	0.00381	0.00289	0.00113	0.00474	0.00229	0.00225	0.00437
10	0.00981	0.05428	0.04509	0.09336	0.41780	0.02279	0.00973	0.11005	0.07459	0.01401	0.02079	0.01064	0.00731	0.00500	0.03751	0.00137	0.00464	0.00355	0.05199	0.00570
11	0.00545	0.00392	0.00503	0.00490	0.00576	0.00361	0.00362	0.00710	0.01044	0.01468	0.66346	0.12941	0.08559	0.00855	0.00462	0.00127	0.00191	0.00755	0.02951	0.00361
12	0.00631	0.00480	0.00680	0.10844	0.06142	0.00478	0.00528	0.00816	0.00997	0.03616	0.49754	0.03851	0.09479	0.00868	0.05067	0.00156	0.00305	0.04546	0.00365	0.00396
13	0.00866	0.00846	0.01500	0.37785	0.39233	0.00913	0.10928	0.01123	0.00850	0.01158	0.00727	0.01013	0.00576	0.00365	0.00399	0.00124	0.00514	0.00363	0.00186	0.00530
14	0.01066	0.00806	0.00886	0.00780	0.01006	0.00907	0.00612	0.05572	0.64334	0.11557	0.01526	0.01429	0.01132	0.00676	0.05744	0.00162	0.00365	0.00432	0.00397	0.00611
15	0.00560	0.00393	0.00485	0.00485	0.00514	0.00409	0.00315	0.00608	0.00608	0.00823	0.01355	0.02342	0.06510	0.56451	0.26085	0.00437	0.00565	0.00543	0.00238	0.00276
16	0.02604	0.00781	0.01223	0.19093	0.17041	0.01963	0.13002	0.07896	0.03721	0.01290	0.05686	0.09260	0.06322	0.02183	0.00474	0.00133	0.03252	0.00488	0.00256	0.03332

[dist]
# distance from previous block
# <min> <max>
1	61

[block]
# block no. 12 follows, 69 sequences, length 13
# corresponding to MSA columns:
# 430-442
name=unknown_M
#
# <colnr> <probs for GDERKNQSTAVLIFYWHMCP>
#	G	D	E	R	K	N	Q	S	T	A	V	L	I	F	Y	W	H	M	C	P
0	0.01072	0.04073	0.01047	0.04449	0.05399	0.17556	0.07902	0.12681	0.02821	0.07785	0.03501	0.06917	0.03398	0.03244	0.00494	0.04302	0.00441	0.03327	0.09118	0.00474
1	0.06915	0.01200	0.28917	0.02647	0.05065	0.10247	0.00870	0.02867	0.03084	0.05943	0.01204	0.23976	0.01180	0.00645	0.00406	0.00133	0.00441	0.03510	0.00267	0.00483
2	0.01013	0.01016	0.01421	0.10602	0.50722	0.12136	0.03699	0.01279	0.05857	0.02550	0.02104	0.01008	0.00680	0.00394	0.00424	0.00120	0.03846	0.00352	0.00213	0.00566
3	0.00670	0.00549	0.00717	0.03419	0.00788	0.03058	0.00525	0.03949	0.00685	0.00954	0.01023	0.04681	0.01020	0.18627	0.45160	0.00448	0.12695	0.00454	0.00221	0.00356
4	0.03635	0.03547	0.00993	0.05629	0.01122	0.22820	0.00662	0.22991	0.08347	0.06949	0.01228	0.01259	0.09101	0.00508	0.00407	0.00116	0.03571	0.00378	0.06217	0.00520
5	0.04940	0.00477	0.00484	0.00458	0.00580	0.00497	0.00348	0.06746	0.07800	0.01503	0.01439	0.05284	0.05769	0.02392	0.00350	0.00110	0.00224	0.00428	0.59767	0.00404
6	0.56076	0.04607	0.04145	0.00615	0.00865	0.06640	0.00520	0.09167	0.00840	0.01638	0.03378	0.00871	0.00631	0.05294	0.00380	0.00131	0.00360	0.00269	0.00254	0.03320
7	0.00948	0.00675	0.00830	0.00736	0.00925	0.00698	0.04153	0.18946	0.13472	0.08844	0.05787	0.11313	0.10499	0.00754	0.00446	0.00139	0.00334	0.17087	0.02918	0.00494
8	0.06434	0.24795	0.05043	0.08427	0.13091	0.09717	0.02453	0.05893	0.03631	0.06505	0.00814	0.02791	0.00664	0.00409	0.00344	0.00109	0.01417	0.00316	0.06630	0.00517
9	0.00557	0.00380	0.00431	0.00435	0.00449	0.00373	0.00254	0.00576	0.00625	0.00829	0.05081	0.07425	0.06840	0.72169	0.01745	0.00340	0.00351	0.00624	0.00261	0.00254
10	0.00660	0.00428	0.00523	0.00526	0.00626	0.00392	0.00383	0.03427	0.00899	0.09785	0.11760	0.34842	0.24425	0.06101	0.00562	0.00156	0.00246	0.03508	0.00378	0.00372
11	0.00759	0.00646	0.00830	0.00747	0.00904	0.03083	0.06550	0.01221	0.27144	0.02708	0.03913	0.01757	0.09007	0.01578	0.35529	0.00339	0.00643	0.01885	0.00298	0.00458
12	0.04185	0.02406	0.02456	0.03915	0.09305	0.11233	0.03913	0.02689	0.10326	0.05797	0.03501	0.02624	0.05833	0.02819	0.02666	0.00126	0.00406	0.00380	0.04759	0.20661

[dist]
# distance from previous block
# <min> <max>
1	43

[block]
# block no. 13 follows, 69 sequences, length 28
# corresponding to MSA columns:
# 486-513
name=unknown_N
#
# <colnr> <probs for GDERKNQSTAVLIFYWHMCP>
#	G	D	E	R	K	N	Q	S	T	A	V	L	I	F	Y	W	H	M	C	P
0	0.00845	0.00672	0.00785	0.00613	0.00881	0.03121	0.02341	0.03412	0.03334	0.06990	0.15356	0.04140	0.07093	0.00488	0.00358	0.00089	0.00293	0.00411	0.00305	0.48472
1	0.00538	0.00410	0.00550	0.00638	0.05051	0.00390	0.00438	0.00652	0.00834	0.01107	0.12713	0.38180	0.17206	0.01219	0.07867	0.01291	0.00318	0.09902	0.00347	0.00349
2	0.00520	0.00396	0.00478	0.00464	0.00566	0.00354	0.00346	0.00671	0.01019	0.01371	0.52776	0.07598	0.30239	0.00888	0.00465	0.00128	0.00192	0.00770	0.00406	0.00354
3	0.00676	0.00475	0.00544	0.00513	0.00629	0.03327	0.00385	0.02316	0.01030	0.07278	0.45177	0.11315	0.17814	0.00817	0.00445	0.00126	0.00225	0.00707	0.05816	0.00387
4	0.01391	0.02991	0.01137	0.00874	0.01150	0.06278	0.00718	0.61525	0.03165	0.05714	0.04819	0.01070	0.01831	0.00499	0.00438	0.00120	0.04924	0.00369	0.00369	0.00619
5	0.80936	0.00767	0.00617	0.00540	0.00789	0.00877	0.00445	0.04394	0.00738	0.06136	0.00614	0.00686	0.00463	0.00375	0.00257	0.00121	0.00310	0.00227	0.00261	0.00447
6	0.04782	0.10284	0.01084	0.00788	0.01038	0.04227	0.00645	0.35375	0.19294	0.03436	0.01049	0.01125	0.00815	0.02971	0.10092	0.00182	0.00473	0.00362	0.01408	0.00569
