[name]
unknown

[dist]
# distance from previous block
# <min> <max>
12	161

[block]
# block no. 0 follows, 59 sequences, length 36
# corresponding to MSA columns:
# 205-219,221-233,235-242
name=unknown_A
#
# <colnr> <probs for GDERKNQSTAVLIFYWHMCP>
#	G	D	E	R	K	N	Q	S	T	A	V	L	I	F	Y	W	H	M	C	P
0	0.09067	0.09571	0.03032	0.05598	0.08024	0.05719	0.03993	0.13601	0.05116	0.04707	0.06142	0.10171	0.03714	0.03346	0.01425	0.00156	0.04021	0.01718	0.00325	0.00554
1	0.06181	0.07602	0.03110	0.04844	0.09870	0.03256	0.08228	0.16201	0.06849	0.01639	0.06055	0.07260	0.05024	0.03193	0.01359	0.01522	0.02992	0.00502	0.00318	0.03995
2	0.07053	0.11511	0.04637	0.05647	0.06464	0.04040	0.02760	0.14801	0.05278	0.02574	0.08108	0.05580	0.12154	0.00706	0.01902	0.00147	0.00437	0.03951	0.00337	0.01913
3	0.09908	0.06070	0.04782	0.10225	0.09875	0.02281	0.02853	0.15681	0.08212	0.04443	0.05773	0.07085	0.01081	0.00558	0.00457	0.00136	0.03379	0.00454	0.00322	0.06427
4	0.09748	0.05687	0.01292	0.10829	0.07287	0.08450	0.04002	0.27833	0.06436	0.02879	0.01096	0.03018	0.03520	0.00562	0.01904	0.00142	0.00506	0.00408	0.00327	0.04072
5	0.02060	0.13286	0.04250	0.05577	0.04707	0.05466	0.01910	0.11188	0.05844	0.01427	0.01952	0.12469	0.19030	0.03253	0.00504	0.00147	0.00413	0.03365	0.00331	0.02819
6	0.12328	0.10656	0.02412	0.02570	0.00988	0.04911	0.01594	0.14280	0.04071	0.05138	0.02439	0.10668	0.09642	0.15568	0.00744	0.00189	0.00413	0.00555	0.00335	0.00499
7	0.04240	0.20897	0.03753	0.05246	0.05676	0.27612	0.00832	0.08712	0.07030	0.01388	0.06076	0.01104	0.00905	0.00603	0.04003	0.00146	0.00593	0.00352	0.00270	0.00561
8	0.03727	0.06498	0.02480	0.00876	0.01210	0.03331	0.00732	0.41919	0.01547	0.08372	0.04125	0.02253	0.00909	0.00627	0.04023	0.00144	0.00473	0.00388	0.00380	0.15986
9	0.08161	0.22226	0.12877	0.01064	0.04789	0.08468	0.05427	0.09361	0.09168	0.03700	0.00883	0.01000	0.00702	0.00566	0.03271	0.00150	0.06978	0.00345	0.00266	0.00599
10	0.17115	0.08077	0.01219	0.00938	0.01195	0.14747	0.09281	0.11843	0.09343	0.01634	0.04925	0.08117	0.01167	0.00684	0.02816	0.00156	0.00508	0.05370	0.00322	0.00543
11	0.00546	0.00419	0.00503	0.00562	0.00643	0.00376	0.00402	0.00649	0.00931	0.01184	0.05413	0.45391	0.33419	0.01256	0.00550	0.00168	0.00253	0.06550	0.00412	0.00369
12	0.04080	0.01078	0.11172	0.02804	0.01423	0.04521	0.17059	0.05189	0.09549	0.06964	0.01163	0.07498	0.00990	0.01078	0.15571	0.00253	0.08266	0.00495	0.00291	0.00557
13	0.00995	0.15311	0.59991	0.03971	0.01781	0.07959	0.01414	0.01408	0.00952	0.01306	0.00755	0.00894	0.00562	0.00417	0.00397	0.00131	0.00634	0.00311	0.00191	0.00622
14	0.00766	0.00484	0.03707	0.00598	0.00643	0.00429	0.00425	0.00700	0.00671	0.04430	0.01168	0.12337	0.01238	0.19357	0.03046	0.48517	0.00401	0.00554	0.00252	0.00276
15	0.01256	0.07611	0.03704	0.03257	0.04789	0.02729	0.02079	0.08500	0.39025	0.14482	0.04588	0.01548	0.03335	0.00567	0.00438	0.00140	0.00406	0.00467	0.00410	0.00669
16	0.01041	0.00800	0.00942	0.00680	0.01067	0.00625	0.00547	0.04335	0.00993	0.08662	0.00881	0.00974	0.00697	0.00355	0.00342	0.00074	0.00338	0.00283	0.00294	0.76071
17	0.00606	0.00516	0.00534	0.00521	0.00657	0.03648	0.00394	0.00753	0.01097	0.01383	0.29699	0.03821	0.50446	0.01024	0.00519	0.00146	0.00247	0.03166	0.00428	0.00394
18	0.01182	0.01039	0.04683	0.17212	0.04242	0.05671	0.03052	0.27100	0.07144	0.04488	0.04949	0.06831	0.05960	0.00670	0.02169	0.00154	0.02000	0.00507	0.00350	0.00597
19	0.06471	0.09897	0.04431	0.00931	0.03668	0.11047	0.00760	0.30426	0.01417	0.12991	0.01260	0.01315	0.06116	0.03031	0.00485	0.01507	0.00478	0.00404	0.02740	0.00624
20	0.01290	0.03574	0.02660	0.02139	0.03125	0.17062	0.06810	0.20017	0.27403	0.01785	0.04293	0.01345	0.01052	0.02312	0.03015	0.00159	0.00536	0.00435	0.00358	0.00631
21	0.00559	0.00441	0.00480	0.00500	0.00624	0.00378	0.00367	0.00667	0.00976	0.02814	0.03908	0.22348	0.60315	0.01169	0.00532	0.00157	0.00238	0.02735	0.00413	0.00378
22	0.11868	0.00880	0.06285	0.04505	0.05651	0.00853	0.00712	0.11788	0.16558	0.05334	0.17863	0.08099	0.05115	0.00720	0.01718	0.00152	0.00380	0.00566	0.00389	0.00566
23	0.01141	0.00927	0.01527	0.01203	0.06575	0.00825	0.26234	0.05525	0.01095	0.13313	0.05670	0.01301	0.02273	0.00435	0.00434	0.00116	0.00481	0.00429	0.00313	0.30182
24	0.55419	0.04759	0.00930	0.00744	0.01031	0.10634	0.00608	0.16471	0.02858	0.01985	0.00734	0.00813	0.00564	0.00441	0.00324	0.00132	0.00428	0.00280	0.00300	0.00543
25	0.04777	0.05072	0.26036	0.01363	0.09930	0.02730	0.17084	0.12751	0.02791	0.06241	0.06178	0.01200	0.00903	0.00464	0.00441	0.00137	0.00565	0.00416	0.00284	0.00637
26	0.00965	0.00773	0.01112	0.25131	0.06887	0.00852	0.04114	0.05656	0.16090	0.06925	0.13542	0.05988	0.03907	0.00780	0.05179	0.00178	0.00474	0.00549	0.00347	0.00553
27	0.01170	0.21003	0.04659	0.01297	0.08978	0.11388	0.19102	0.03593	0.04622	0.04833	0.01024	0.03439	0.03846	0.00505	0.00521	0.00134	0.08632	0.00421	0.00254	0.00580
28	0.00876	0.00859	0.04630	0.02623	0.04555	0.08602	0.04678	0.05297	0.05509	0.01275	0.04502	0.04135	0.04390	0.04663	0.34693	0.00390	0.03625	0.03937	0.00283	0.00477
29	0.00630	0.00452	0.00619	0.00625	0.00673	0.00498	0.00444	0.00727	0.00694	0.00972	0.01327	0.06843	0.01383	0.31627	0.49857	0.00581	0.00866	0.00577	0.00257	0.00348
30	0.01106	0.01180	0.14631	0.06493	0.02878	0.05955	0.07956	0.18198	0.08247	0.04613	0.17942	0.01781	0.02785	0.00606	0.00468	0.00141	0.00482	0.03585	0.00358	0.00594
31	0.00641	0.00433	0.00507	0.00507	0.00516	0.00442	0.00300	0.00659	0.00650	0.00875	0.01368	0.02761	0.01549	0.75380	0.11270	0.00460	0.00513	0.00623	0.00264	0.00282
32	0.01264	0.08316	0.08994	0.00946	0.01285	0.20674	0.02744	0.14199	0.07731	0.03898	0.02375	0.04222	0.00851	0.00484	0.00399	0.00114	0.00518	0.00372	0.00302	0.20313
33	0.00580	0.00447	0.00530	0.00515	0.00634	0.00397	0.00384	0.00744	0.01135	0.01512	0.47323	0.07322	0.34860	0.01010	0.00523	0.00145	0.00217	0.00872	0.00453	0.00397
34	0.01556	0.10921	0.03548	0.01164	0.04976	0.63498	0.00885	0.06155	0.01241	0.01198	0.00706	0.00819	0.00585	0.00447	0.00391	0.00114	0.00728	0.00292	0.00234	0.00544
35	0.01171	0.06146	0.01067	0.00852	0.01100	0.05762	0.00682	0.14220	0.32381	0.06514	0.06307	0.02776	0.01349	0.02520	0.06635	0.00187	0.00463	0.04505	0.00395	0.04969

[dist]
# distance from previous block
# <min> <max>
1	6

[block]
# block no. 1 follows, 59 sequences, length 24
# corresponding to MSA columns:
# 249,250,277-298
name=unknown_B
#
# <colnr> <probs for GDERKNQSTAVLIFYWHMCP>
#	G	D	E	R	K	N	Q	S	T	A	V	L	I	F	Y	W	H	M	C	P
0	0.01281	0.02800	0.01138	0.00884	0.01172	0.00976	0.04843	0.32108	0.10103	0.10050	0.05660	0.03918	0.04473	0.03438	0.06487	0.00182	0.00474	0.00485	0.00398	0.09129
1	0.46816	0.08052	0.01037	0.09654	0.02124	0.03051	0.03693	0.02123	0.02747	0.05496	0.00777	0.00964	0.00623	0.02510	0.04217	0.00170	0.04857	0.00315	0.00267	0.00508
2	0.00760	0.00569	0.00621	0.00615	0.00725	0.04255	0.00440	0.00958	0.07807	0.06668	0.09881	0.24742	0.20390	0.14230	0.05106	0.00227	0.00361	0.00837	0.00390	0.00418
3	0.17769	0.00868	0.01047	0.00913	0.03582	0.00914	0.06234	0.23609	0.03167	0.11065	0.01446	0.07724	0.03846	0.05077	0.00544	0.00164	0.00423	0.10651	0.00383	0.00575
4	0.01274	0.04465	0.11860	0.01086	0.01465	0.05395	0.12458	0.31331	0.06111	0.03246	0.04718	0.03215	0.00938	0.00503	0.00437	0.00129	0.00516	0.00426	0.00340	0.10086
5	0.03260	0.00915	0.01080	0.00971	0.05367	0.03648	0.04109	0.21066	0.19959	0.08265	0.01310	0.01577	0.01070	0.12652	0.12501	0.00261	0.00557	0.00468	0.00366	0.00596
6	0.00677	0.00497	0.00687	0.00676	0.00758	0.00550	0.00509	0.04732	0.00839	0.01183	0.10063	0.08037	0.01610	0.11894	0.54579	0.00548	0.00889	0.00581	0.00290	0.00398
7	0.00977	0.21007	0.50939	0.01228	0.01775	0.01211	0.12630	0.01377	0.00935	0.01312	0.00762	0.00919	0.00577	0.00410	0.00423	0.00132	0.02237	0.00335	0.00192	0.00622
8	0.00708	0.00485	0.00612	0.00624	0.00738	0.00458	0.00484	0.00885	0.02999	0.06267	0.21386	0.14133	0.19688	0.06350	0.03801	0.00201	0.00329	0.19015	0.00421	0.00415
9	0.00562	0.00402	0.00527	0.00619	0.00654	0.00379	0.00426	0.00646	0.00853	0.01129	0.02417	0.68074	0.05387	0.07339	0.00688	0.00199	0.00282	0.08660	0.00399	0.00357
10	0.00598	0.00478	0.00541	0.00534	0.00666	0.00435	0.00403	0.00811	0.05834	0.01420	0.28832	0.08022	0.44410	0.01037	0.00523	0.00150	0.00236	0.04226	0.00437	0.00407
11	0.00635	0.00427	0.00494	0.00501	0.00506	0.00429	0.00290	0.00647	0.00659	0.00882	0.01451	0.08247	0.01670	0.75220	0.05834	0.00425	0.00451	0.00675	0.00276	0.00280
12	0.00542	0.00416	0.00499	0.00562	0.00639	0.00373	0.00399	0.00639	0.00918	0.01164	0.03216	0.48789	0.33246	0.01272	0.00550	0.00169	0.00252	0.05579	0.00410	0.00367
13	0.01550	0.01145	0.01232	0.00977	0.01305	0.01272	0.00797	0.57783	0.21372	0.05973	0.01271	0.01223	0.00912	0.00548	0.00444	0.00137	0.00448	0.00425	0.00448	0.00738
14	0.80777	0.00846	0.00679	0.00597	0.00876	0.00964	0.00492	0.01366	0.00792	0.08359	0.00705	0.00780	0.00527	0.00421	0.00287	0.00137	0.00344	0.00255	0.00295	0.00500
15	0.01565	0.01913	0.01207	0.01090	0.01319	0.69889	0.00822	0.04807	0.07255	0.01234	0.04267	0.00978	0.00790	0.00488	0.00409	0.00118	0.00726	0.00327	0.00264	0.00531
16	0.00531	0.00437	0.00466	0.00481	0.00607	0.00373	0.00352	0.00643	0.00995	0.01217	0.08732	0.17142	0.64199	0.01149	0.00529	0.00153	0.00228	0.00977	0.00415	0.00373
17	0.00892	0.00671	0.04829	0.00556	0.00692	0.06830	0.00458	0.01101	0.00948	0.01563	0.03754	0.01558	0.01122	0.00531	0.00388	0.00112	0.04687	0.00408	0.68463	0.00436
18	0.01321	0.03766	0.07878	0.01092	0.05704	0.12008	0.03788	0.29614	0.13332	0.03688	0.04425	0.02531	0.00987	0.00688	0.04033	0.03192	0.00541	0.00425	0.00352	0.00634
19	0.00886	0.01052	0.11138	0.09155	0.01803	0.00913	0.34699	0.01212	0.03317	0.01317	0.01257	0.10655	0.01185	0.02738	0.02492	0.00180	0.04423	0.10784	0.00267	0.00527
20	0.01068	0.05450	0.01038	0.00711	0.01089	0.00748	0.00579	0.07914	0.05123	0.06353	0.00908	0.00989	0.00719	0.00374	0.00348	0.00081	0.00353	0.00295	0.00299	0.65563
21	0.03300	0.15256	0.05926	0.04895	0.03117	0.07009	0.03467	0.11204	0.02858	0.14686	0.01295	0.07110	0.04655	0.00628	0.01672	0.01652	0.00471	0.02570	0.00330	0.07900
22	0.20757	0.03525	0.07386	0.09661	0.03020	0.24748	0.04083	0.03649	0.04713	0.04765	0.00983	0.04396	0.02672	0.02057	0.01689	0.00147	0.00562	0.00383	0.00272	0.00531
23	0.02797	0.03078	0.02249	0.02030	0.00899	0.07762	0.00558	0.04719	0.08943	0.02935	0.11994	0.27236	0.05840	0.02692	0.04906	0.04737	0.00402	0.02005	0.00366	0.03851

[dist]
# distance from previous block
# <min> <max>
2	14

[block]
# block no. 2 follows, 59 sequences, length 13
# corresponding to MSA columns:
# 313-325
name=unknown_C
#
# <colnr> <probs for GDERKNQSTAVLIFYWHMCP>
#	G	D	E	R	K	N	Q	S	T	A	V	L	I	F	Y	W	H	M	C	P
0	0.00542	0.00396	0.00511	0.00593	0.00637	0.00364	0.00403	0.00632	0.00890	0.01178	0.08010	0.70271	0.11301	0.01323	0.00556	0.00173	0.00250	0.01190	0.00415	0.00364
1	0.04286	0.00997	0.04865	0.21998	0.03933	0.03944	0.07601	0.13106	0.09501	0.17166	0.04416	0.01387	0.00978	0.00566	0.01949	0.00152	0.00513	0.01675	0.00348	0.00617
2	0.00587	0.00436	0.00547	0.00548	0.00644	0.00396	0.00400	0.00749	0.01118	0.01525	0.50141	0.20620	0.18569	0.01046	0.00530	0.00149	0.00221	0.00921	0.00456	0.00396
3	0.00804	0.00596	0.00757	0.00709	0.00808	0.00672	0.00529	0.10137	0.06892	0.01242	0.01239	0.01912	0.01185	0.23323	0.41718	0.03388	0.02883	0.00504	0.00282	0.00422
4	0.00687	0.00543	0.00776	0.00751	0.00822	0.00653	0.00583	0.00871	0.03924	0.01050	0.01156	0.01729	0.01092	0.08663	0.64823	0.00611	0.10138	0.00477	0.00243	0.00407
5	0.12556	0.01024	0.01095	0.00890	0.01192	0.01133	0.00723	0.38899	0.20126	0.11040	0.01257	0.01240	0.00913	0.00690	0.05074	0.00170	0.00463	0.00410	0.00422	0.00684
6	0.00636	0.00426	0.00484	0.00490	0.00491	0.00424	0.00276	0.00641	0.00655	0.00873	0.01454	0.07786	0.01685	0.79474	0.02147	0.00413	0.00418	0.00679	0.00276	0.00273
7	0.01508	0.27525	0.01587	0.01007	0.01294	0.49354	0.00822	0.09696	0.01227	0.01243	0.00700	0.00796	0.00587	0.00439	0.00367	0.00110	0.00664	0.00281	0.00238	0.00554
8	0.02242	0.17918	0.21622	0.01093	0.04511	0.01142	0.08172	0.13636	0.01100	0.05126	0.02827	0.01069	0.00754	0.00613	0.03664	0.04175	0.04212	0.00363	0.00263	0.05497
9	0.01358	0.04950	0.07022	0.01012	0.03159	0.10164	0.00838	0.30712	0.25658	0.03365	0.01220	0.02573	0.00927	0.00530	0.00427	0.00132	0.00478	0.00413	0.00379	0.04684
10	0.09524	0.09694	0.01038	0.00816	0.02423	0.00733	0.08767	0.01046	0.02222	0.04487	0.15421	0.10155	0.11928	0.00918	0.02789	0.00169	0.00394	0.16648	0.00363	0.00466
11	0.00788	0.00598	0.00654	0.00641	0.00757	0.04309	0.00459	0.01012	0.10286	0.05434	0.06354	0.26043	0.11761	0.17671	0.00878	0.02019	0.00340	0.04301	0.00376	0.05320
12	0.08365	0.07637	0.04215	0.00907	0.01191	0.03234	0.08282	0.21856	0.08844	0.09101	0.10071	0.03353	0.01294	0.08983	0.00615	0.00165	0.00448	0.00480	0.00369	0.00590

[dist]
# distance from previous block
# <min> <max>
1	14

[block]
# block no. 3 follows, 59 sequences, length 15
# corresponding to MSA columns:
# 343-357
name=unknown_D
#
# <colnr> <probs for GDERKNQSTAVLIFYWHMCP>
#	G	D	E	R	K	N	Q	S	T	A	V	L	I	F	Y	W	H	M	C	P
0	0.02443	0.00920	0.05096	0.05376	0.06583	0.06220	0.04755	0.13238	0.03583	0.04256	0.01418	0.07931	0.01357	0.03752	0.11113	0.00236	0.01729	0.17832	0.00329	0.01831
1	0.07362	0.03647	0.09102	0.03067	0.05980	0.00823	0.04893	0.10884	0.04152	0.14596	0.08528	0.10181	0.06156	0.07941	0.00608	0.00167	0.00419	0.00567	0.00366	0.00562
2	0.04038	0.19686	0.03267	0.00884	0.02270	0.03555	0.05485	0.08215	0.11111	0.06457	0.04000	0.18700	0.02800	0.01862	0.01835	0.00154	0.04217	0.00581	0.00335	0.00549
3	0.00641	0.00431	0.00498	0.00498	0.00503	0.00437	0.00288	0.00653	0.00647	0.00868	0.01377	0.02809	0.01570	0.78758	0.07920	0.00448	0.00481	0.00630	0.00265	0.00277
4	0.04325	0.06098	0.27054	0.02904	0.07475	0.03082	0.09647	0.15760	0.09922	0.03596	0.02041	0.01130	0.00782	0.00570	0.03554	0.00158	0.00578	0.00391	0.00287	0.00644
5	0.01322	0.16247	0.11439	0.03516	0.01367	0.32743	0.03111	0.04529	0.01102	0.08055	0.00931	0.05527	0.00791	0.00711	0.06586	0.00167	0.00666	0.00376	0.00261	0.00553
6	0.87598	0.00854	0.00649	0.00581	0.00854	0.00991	0.00478	0.01298	0.00752	0.01982	0.00615	0.00717	0.00478	0.00410	0.00273	0.00137	0.00342	0.00239	0.00273	0.00478
7	0.00632	0.00469	0.00689	0.00689	0.00761	0.00541	0.00526	0.00775	0.00704	0.01010	0.01202	0.01839	0.01149	0.10648	0.75454	0.00684	0.01115	0.00488	0.00239	0.00383
8	0.00775	0.00491	0.00614	0.00621	0.00705	0.00473	0.00453	0.03083	0.00930	0.08276	0.09393	0.18814	0.06802	0.29373	0.01124	0.00258	0.00356	0.16689	0.00381	0.00389
9	0.02743	0.01480	0.26404	0.01533	0.02018	0.01066	0.44826	0.06179	0.01072	0.03955	0.00945	0.01240	0.00717	0.00432	0.00482	0.00147	0.00670	0.03230	0.00243	0.00618
10	0.14733	0.06918	0.04211	0.00819	0.01168	0.00875	0.02600	0.09483	0.01221	0.51468	0.01369	0.01256	0.00899	0.00503	0.00408	0.00134	0.00408	0.00391	0.00448	0.00690
11	0.00577	0.00433	0.00572	0.00680	0.03100	0.00415	0.00449	0.00706	0.03605	0.01162	0.02459	0.68909	0.08646	0.01399	0.04456	0.00200	0.00309	0.01142	0.00397	0.00383
12	0.04860	0.00864	0.04733	0.00832	0.01178	0.00745	0.02219	0.06278	0.05676	0.63386	0.01672	0.01490	0.02878	0.00548	0.00440	0.00138	0.00395	0.00445	0.00500	0.00723
13	0.00908	0.15122	0.05963	0.04711	0.03223	0.03011	0.04506	0.06424	0.05678	0.02519	0.13982	0.08296	0.16329	0.00820	0.03316	0.00158	0.03585	0.00602	0.00334	0.00511
14	0.01093	0.00876	0.00967	0.10244	0.01242	0.06354	0.00697	0.22066	0.09841	0.04824	0.13316	0.11919	0.08040	0.00746	0.00495	0.00145	0.02247	0.02007	0.02328	0.00553

[dist]
# distance from previous block
# <min> <max>
7	36

[block]
# block no. 4 follows, 59 sequences, length 7
# corresponding to MSA columns:
# 438-444
name=unknown_E
#
# <colnr> <probs for GDERKNQSTAVLIFYWHMCP>
#	G	D	E	R	K	N	Q	S	T	A	V	L	I	F	Y	W	H	M	C	P
0	0.00562	0.00402	0.00536	0.00615	0.00652	0.00383	0.00421	0.00656	0.00870	0.01173	0.09481	0.65363	0.02852	0.05737	0.05234	0.00219	0.00318	0.03764	0.00400	0.00363
1	0.00657	0.00502	0.00721	0.00707	0.00768	0.00591	0.00538	0.00786	0.00697	0.01002	0.01172	0.01858	0.01144	0.15680	0.64400	0.00629	0.07036	0.00493	0.00238	0.00381
2	0.00565	0.00422	0.00528	0.00576	0.00653	0.00385	0.00414	0.00688	0.00985	0.01299	0.20472	0.42275	0.21559	0.01204	0.00548	0.00165	0.00248	0.06211	0.00427	0.00378
3	0.02666	0.05609	0.10194	0.00791	0.01050	0.04991	0.00705	0.09722	0.04226	0.14805	0.28393	0.05676	0.03913	0.00719	0.00468	0.00140	0.00381	0.04582	0.00413	0.00555
4	0.00719	0.00507	0.00632	0.00601	0.00730	0.00479	0.00462	0.03884	0.03352	0.04765	0.52051	0.07340	0.14355	0.00947	0.00523	0.00148	0.00250	0.07350	0.00465	0.00440
5	0.03286	0.06960	0.15558	0.15313	0.04717	0.00954	0.13670	0.06923	0.04170	0.01478	0.11075	0.11432	0.01365	0.00604	0.00460	0.00144	0.00503	0.00546	0.00291	0.00551
6	0.00986	0.00580	0.00733	0.00683	0.00850	0.00537	0.00513	0.05137	0.04767	0.19364	0.09546	0.38496	0.05064	0.00971	0.00502	0.00152	0.00303	0.02686	0.00439	0.07691

[dist]
# distance from previous block
# <min> <max>
5	23

[block]
# block no. 5 follows, 59 sequences, length 41
# corresponding to MSA columns:
# 472-495,499-515
name=unknown_F
#
# <colnr> <probs for GDERKNQSTAVLIFYWHMCP>
#	G	D	E	R	K	N	Q	S	T	A	V	L	I	F	Y	W	H	M	C	P
0	0.04866	0.13481	0.08759	0.07982	0.04428	0.03445	0.06335	0.10055	0.07933	0.05517	0.08492	0.04671	0.02864	0.03090	0.00475	0.00139	0.00461	0.00456	0.00313	0.06238
1	0.02681	0.22596	0.02610	0.01000	0.03892	0.10528	0.04208	0.19347	0.19548	0.04024	0.02639	0.01128	0.00883	0.00487	0.00397	0.00124	0.00486	0.00374	0.00331	0.02716
2	0.12056	0.09357	0.14134	0.02063	0.01255	0.07986	0.03045	0.05597	0.04849	0.22080	0.04709	0.06712	0.01082	0.00596	0.01521	0.00143	0.00476	0.01384	0.00351	0.00603
3	0.01026	0.05561	0.05819	0.05145	0.01264	0.05776	0.08241	0.07388	0.17438	0.04239	0.05382	0.05413	0.06480	0.09563	0.00635	0.00164	0.00448	0.00518	0.00334	0.09165
4	0.00759	0.00386	0.00569	0.00569	0.00569	0.00386	0.00376	0.00580	0.00580	0.00773	0.00808	0.01443	0.00822	0.06941	0.01760	0.81497	0.00386	0.00400	0.00197	0.00197
5	0.01233	0.03258	0.11576	0.02626	0.02251	0.11491	0.00879	0.19515	0.31112	0.01827	0.04765	0.02979	0.01106	0.00565	0.00466	0.00140	0.02755	0.00443	0.00366	0.00649
6	0.00627	0.00472	0.00697	0.00696	0.00778	0.00542	0.00540	0.00785	0.00737	0.01054	0.03737	0.01870	0.03997	0.03163	0.77369	0.00673	0.01120	0.00499	0.00250	0.00394
7	0.00993	0.01348	0.22099	0.10860	0.05258	0.01085	0.26008	0.03052	0.14752	0.01454	0.01012	0.01238	0.00774	0.00476	0.00535	0.00149	0.06426	0.01614	0.00255	0.00612
8	0.00546	0.00423	0.00499	0.00545	0.00635	0.00376	0.00391	0.00655	0.00958	0.01221	0.10267	0.38954	0.37266	0.01219	0.00544	0.00164	0.00244	0.04305	0.00417	0.00372
9	0.52902	0.00953	0.00870	0.00721	0.01015	0.01072	0.00593	0.26483	0.01203	0.05514	0.00839	0.00900	0.00619	0.00458	0.00336	0.00134	0.00383	0.00306	0.04126	0.00574
10	0.00674	0.00468	0.00561	0.00531	0.00666	0.00413	0.00401	0.00838	0.01142	0.07007	0.43067	0.06365	0.34277	0.00980	0.00518	0.00144	0.00227	0.00843	0.00458	0.00420
11	0.01693	0.01215	0.01312	0.01006	0.01359	0.01337	0.00831	0.76736	0.02040	0.06350	0.01091	0.01080	0.00766	0.00531	0.00442	0.00133	0.00481	0.00400	0.00447	0.00751
12	0.00996	0.01391	0.18714	0.01704	0.02181	0.01077	0.61931	0.01389	0.01015	0.01403	0.00916	0.03476	0.00711	0.00410	0.00502	0.00148	0.00712	0.00502	0.00221	0.00601
13	0.01487	0.10912	0.01381	0.02763	0.01356	0.52027	0.02862	0.11945	0.01259	0.01306	0.00763	0.00905	0.00631	0.00649	0.05839	0.00157	0.02646	0.00317	0.00251	0.00543
14	0.03626	0.62546	0.01982	0.00817	0.01146	0.11406	0.00761	0.01397	0.04594	0.01121	0.00751	0.00956	0.00687	0.00446	0.00352	0.00108	0.02842	0.03690	0.00218	0.00554
15	0.00561	0.00421	0.00607	0.00671	0.00716	0.00393	0.03997	0.00651	0.00854	0.01140	0.02365	0.80455	0.02820	0.01338	0.00562	0.00178	0.00278	0.01223	0.00402	0.00369
16	0.03110	0.00495	0.00623	0.00582	0.00711	0.00463	0.00439	0.00965	0.03436	0.08043	0.60192	0.09194	0.08249	0.00902	0.00509	0.00143	0.00234	0.00789	0.00474	0.00446
17	0.00646	0.00451	0.00561	0.00557	0.00578	0.00480	0.00358	0.00690	0.00661	0.00906	0.01319	0.02540	0.01450	0.60884	0.23990	0.00500	0.02274	0.00592	0.00258	0.00306
18	0.01042	0.01191	0.02606	0.01862	0.02308	0.01117	0.80119	0.01415	0.01042	0.01415	0.00894	0.01191	0.00670	0.00372	0.00521	0.00149	0.00745	0.00521	0.00223	0.00596
19	0.00743	0.00399	0.00599	0.00599	0.00613	0.00413	0.00413	0.00613	0.00599	0.00813	0.00840	0.01412	0.00826	0.01847	0.15980	0.71939	0.00524	0.00399	0.00200	0.00227
20	0.01185	0.79143	0.02249	0.00779	0.01141	0.01722	0.00767	0.03334	0.00918	0.01085	0.00624	0.00728	0.00572	0.00398	0.00336	0.00100	0.03910	0.00247	0.00196	0.00568
21	0.05077	0.27358	0.06127	0.00953	0.03684	0.16667	0.00812	0.15354	0.07057	0.03590	0.05235	0.01082	0.00886	0.00588	0.03612	0.00142	0.00544	0.00348	0.00291	0.00594
22	0.04817	0.00888	0.05897	0.62085	0.07367	0.00963	0.04663	0.01161	0.00914	0.01249	0.05206	0.01255	0.00788	0.00458	0.00440	0.00145	0.00563	0.00410	0.00218	0.00512
23	0.01340	0.01128	0.06277	0.00989	0.01337	0.03071	0.06711	0.32153	0.16274	0.08329	0.01228	0.04577	0.00941	0.00529	0.00435	0.00129	0.00457	0.00437	0.00386	0.13272
24	0.00766	0.00472	0.00719	0.04260	0.00790	0.00476	0.04786	0.02005	0.00698	0.00929	0.04364	0.01719	0.04690	0.10771	0.03250	0.57922	0.00421	0.00465	0.00230	0.00267
25	0.08299	0.00532	0.00627	0.00595	0.00757	0.00487	0.00448	0.01044	0.01014	0.19507	0.09389	0.27672	0.25958	0.00992	0.00496	0.00154	0.00277	0.00851	0.00436	0.00467
26	0.01249	0.12523	0.15301	0.01117	0.02761	0.11012	0.07506	0.23592	0.03312	0.01659	0.00903	0.01106	0.00726	0.01778	0.05039	0.00170	0.07671	0.01682	0.00282	0.00612
27	0.00589	0.00429	0.00552	0.00565	0.00645	0.00395	0.00406	0.00743	0.01088	0.01500	0.48316	0.29749	0.09644	0.02626	0.00567	0.00158	0.00229	0.00955	0.00451	0.00392
28	0.00588	0.00430	0.00554	0.00574	0.00655	0.00396	0.00416	0.00742	0.01081	0.01483	0.44837	0.31429	0.10619	0.01098	0.00539	0.00156	0.00232	0.03327	0.00451	0.00392
29	0.01173	0.82677	0.04316	0.00768	0.01153	0.01729	0.00778	0.01324	0.00898	0.01048	0.00618	0.00714	0.00567	0.00379	0.00287	0.00096	0.00477	0.00238	0.00189	0.00569
30	0.01204	0.00927	0.01007	0.00876	0.01135	0.01039	0.00689	0.11154	0.58951	0.08811	0.07818	0.01695	0.01474	0.00610	0.00454	0.00146	0.00357	0.00506	0.00460	0.00688
31	0.01181	0.84744	0.02314	0.00756	0.01134	0.01748	0.00756	0.01323	0.00897	0.01039	0.00614	0.00708	0.00567	0.00378	0.00283	0.00094	0.00472	0.00236	0.00189	0.00567
32	0.03457	0.25681	0.07546	0.00882	0.01118	0.01986	0.00803	0.08804	0.00933	0.02910	0.00872	0.01201	0.00782	0.02932	0.19017	0.00270	0.17011	0.02111	0.00242	0.01443
33	0.01278	0.16229	0.12783	0.01055	0.01376	0.29388	0.04182	0.04356	0.17829	0.01351	0.00986	0.01056	0.01790	0.00488	0.00444	0.00127	0.04071	0.00353	0.00270	0.00589
34	0.01604	0.01194	0.01280	0.00998	0.01335	0.01326	0.00818	0.71491	0.09428	0.02665	0.01155	0.02654	0.00847	0.00552	0.00445	0.00135	0.00469	0.00423	0.00442	0.00739
35	0.01838	0.00728	0.00983	0.00771	0.01086	0.00638	0.00630	0.02033	0.03208	0.73041	0.05419	0.05006	0.01316	0.00599	0.00453	0.00139	0.00363	0.00495	0.00536	0.00719
36	0.00541	0.00391	0.00512	0.00603	0.00639	0.00362	0.00406	0.00626	0.00873	0.01161	0.06167	0.75867	0.07526	0.01346	0.00559	0.00176	0.00252	0.01216	0.00413	0.00362
37	0.00566	0.00414	0.00506	0.00551	0.00607	0.00382	0.00372	0.00655	0.00899	0.01186	0.14253	0.43024	0.17524	0.15957	0.00847	0.00212	0.00274	0.01020	0.00396	0.00354
38	0.00896	0.00690	0.00881	0.02384	0.00986	0.00706	0.04917	0.13762	0.11285	0.02770	0.31892	0.05024	0.10877	0.00849	0.00555	0.03742	0.00335	0.06518	0.00427	0.00505
39	0.01133	0.00945	0.00970	0.00863	0.01106	0.04573	0.00672	0.07167	0.58750	0.05476	0.04311	0.03821	0.06960	0.00651	0.00456	0.00147	0.00364	0.00538	0.00441	0.00657
40	0.66345	0.09077	0.06494	0.00684	0.00996	0.03964	0.00614	0.04934	0.00856	0.01856	0.00650	0.00750	0.00508	0.00415	0.00297	0.00132	0.00398	0.00254	0.00265	0.00513

[dist]
# distance from previous block
# <min> <max>
7	24

[block]
# block no. 6 follows, 59 sequences, length 12
# corresponding to MSA columns:
# 549-560
name=unknown_G
#
# <colnr> <probs for GDERKNQSTAVLIFYWHMCP>
#	G	D	E	R	K	N	Q	S	T	A	V	L	I	F	Y	W	H	M	C	P
0	0.07227	0.14201	0.01408	0.00997	0.03957	0.08180	0.00807	0.46627	0.03159	0.05406	0.01000	0.01103	0.00764	0.00509	0.00407	0.00128	0.00492	0.02587	0.00369	0.00672
1	0.03482	0.02804	0.03124	0.03540	0.04403	0.04486	0.07451	0.06203	0.04129	0.01340	0.02618	0.26206	0.02774	0.03356	0.10255	0.00225	0.05278	0.02454	0.00315	0.05557
2	0.00632	0.00467	0.00681	0.00681	0.00749	0.00536	0.00516	0.00770	0.00701	0.01004	0.01210	0.01883	0.01168	0.13712	0.72416	0.00674	0.01086	0.00495	0.00241	0.00378
3	0.01293	0.32958	0.07360	0.01094	0.04589	0.06859	0.10165	0.19362	0.07955	0.03052	0.00893	0.00975	0.00701	0.00442	0.00387	0.00121	0.00531	0.00348	0.00282	0.00634
4	0.00555	0.00404	0.00516	0.00581	0.00632	0.00373	0.00397	0.00653	0.00921	0.01227	0.15361	0.58814	0.11907	0.04703	0.00622	0.00180	0.00252	0.01120	0.00416	0.00366
5	0.00670	0.00522	0.00732	0.00714	0.00763	0.00616	0.00537	0.00781	0.00702	0.01003	0.01241	0.08049	0.01275	0.19571	0.49391	0.00545	0.11705	0.00555	0.00250	0.00377
6	0.00568	0.00432	0.00523	0.00537	0.00634	0.00387	0.00389	0.00710	0.01063	0.01411	0.35298	0.25378	0.28864	0.01102	0.00533	0.00153	0.00226	0.00965	0.00441	0.00387
7	0.05615	0.00484	0.00653	0.00649	0.00720	0.00548	0.00481	0.00783	0.00696	0.01040	0.01200	0.01949	0.01187	0.22280	0.59033	0.00611	0.00957	0.00500	0.00246	0.00369
8	0.06128	0.15961	0.07105	0.01004	0.03230	0.01301	0.03217	0.39418	0.05375	0.02034	0.00987	0.04208	0.00789	0.00523	0.00453	0.00131	0.04262	0.00393	0.00341	0.03141
9	0.07502	0.08622	0.08250	0.00798	0.01002	0.04456	0.00695	0.05028	0.03539	0.01276	0.02201	0.03653	0.00997	0.05476	0.36666	0.00398	0.04706	0.00430	0.00256	0.04050
10	0.06169	0.23028	0.36481	0.03341	0.05707	0.03092	0.03669	0.07828	0.03034	0.02651	0.00800	0.00919	0.00612	0.00422	0.00383	0.00127	0.00561	0.00320	0.00229	0.00624
11	0.02751	0.22107	0.10690	0.00904	0.01164	0.04398	0.04412	0.04295	0.00928	0.03684	0.05536	0.01374	0.01003	0.01292	0.22989	0.00290	0.08793	0.02622	0.00251	0.00518

[dist]
# distance from previous block
# <min> <max>
3	10

[block]
# block no. 7 follows, 59 sequences, length 17
# corresponding to MSA columns:
# 573-589
name=unknown_H
#
# <colnr> <probs for GDERKNQSTAVLIFYWHMCP>
#	G	D	E	R	K	N	Q	S	T	A	V	L	I	F	Y	W	H	M	C	P
0	0.28369	0.03534	0.01983	0.00879	0.01149	0.17729	0.04172	0.14904	0.05369	0.05160	0.05897	0.01255	0.01812	0.00557	0.01328	0.00141	0.01834	0.03045	0.00325	0.00556
1	0.00621	0.00451	0.00581	0.00652	0.00707	0.00443	0.00462	0.02607	0.04599	0.01226	0.05050	0.60478	0.02686	0.05968	0.02466	0.00204	0.00311	0.09698	0.00403	0.00387
2	0.04404	0.01499	0.03096	0.01129	0.07168	0.36818	0.00836	0.14809	0.11357	0.05384	0.00976	0.01054	0.00758	0.00617	0.04417	0.00152	0.00629	0.00354	0.00308	0.04236
3	0.00999	0.01000	0.02632	0.20125	0.07865	0.12481	0.03959	0.06424	0.00996	0.01283	0.01192	0.08931	0.04769	0.02192	0.03920	0.00178	0.13868	0.03175	0.03510	0.00502
4	0.01679	0.01237	0.01325	0.01016	0.01370	0.01370	0.00839	0.80251	0.02077	0.02783	0.01060	0.01060	0.00751	0.00530	0.00442	0.00133	0.00486	0.00398	0.00442	0.00751
5	0.00662	0.00397	0.00552	0.00581	0.00612	0.00384	0.00397	0.00618	0.00743	0.00988	0.06747	0.27102	0.08380	0.01489	0.04622	0.44067	0.00354	0.00727	0.00297	0.00281
6	0.05481	0.00483	0.00498	0.03929	0.00672	0.00504	0.00377	0.04148	0.00960	0.01687	0.01354	0.01554	0.01059	0.00507	0.00318	0.00108	0.00240	0.00401	0.75286	0.00432
7	0.01938	0.00822	0.01069	0.00819	0.01163	0.00754	0.00677	0.13525	0.01382	0.70490	0.01643	0.01439	0.01043	0.00544	0.00444	0.00136	0.00392	0.00437	0.00531	0.00752
8	0.00626	0.00494	0.00573	0.00562	0.00697	0.00460	0.00434	0.00874	0.07333	0.01480	0.33745	0.03756	0.37263	0.01005	0.00525	0.00151	0.00247	0.08913	0.00442	0.00419
9	0.00994	0.00941	0.02928	0.24813	0.20596	0.00966	0.17015	0.06927	0.03238	0.03040	0.06529	0.03498	0.03263	0.00523	0.00472	0.00144	0.00539	0.02719	0.00275	0.00579
10	0.05199	0.04774	0.01368	0.01115	0.01394	0.48253	0.06778	0.18286	0.05996	0.01546	0.00837	0.00925	0.00656	0.00468	0.00410	0.00123	0.00670	0.00335	0.00286	0.00580
11	0.71160	0.00882	0.00713	0.00635	0.00895	0.03020	0.00514	0.08148	0.00887	0.01962	0.00797	0.07257	0.00695	0.00498	0.00314	0.00139	0.00359	0.00333	0.00298	0.00494
12	0.01028	0.06512	0.01061	0.00725	0.01089	0.06870	0.02300	0.01218	0.00976	0.05230	0.04741	0.01043	0.00834	0.00380	0.00349	0.00080	0.00378	0.00302	0.00278	0.64607
13	0.01030	0.04090	0.10187	0.04308	0.01134	0.00772	0.00744	0.08299	0.01003	0.14300	0.05434	0.03976	0.02710	0.02792	0.26030	0.03371	0.04299	0.00467	0.00316	0.04742
14	0.07356	0.00465	0.00610	0.00658	0.00734	0.00452	0.03229	0.00722	0.00863	0.01217	0.02351	0.60455	0.08986	0.01316	0.03712	0.00194	0.00322	0.05590	0.00386	0.00382
15	0.00985	0.00681	0.04618	0.00704	0.00896	0.00605	0.00579	0.08626	0.03526	0.15978	0.24353	0.08722	0.10178	0.05458	0.05828	0.00199	0.00384	0.06742	0.00431	0.00509
16	0.05638	0.02399	0.01235	0.11772	0.07139	0.02765	0.00852	0.38864	0.09954	0.03572	0.01079	0.02621	0.00826	0.00644	0.04337	0.00160	0.00506	0.00408	0.00361	0.04869

[dist]
# distance from previous block
# <min> <max>
5	35

[block]
# block no. 8 follows, 59 sequences, length 28
# corresponding to MSA columns:
# 626-653
name=unknown_I
#
# <colnr> <probs for GDERKNQSTAVLIFYWHMCP>
#	G	D	E	R	K	N	Q	S	T	A	V	L	I	F	Y	W	H	M	C	P
0	0.34164	0.01214	0.04286	0.01818	0.01129	0.21063	0.02289	0.08329	0.02532	0.02787	0.02752	0.06846	0.00840	0.00616	0.02616	0.00153	0.05376	0.00383	0.00288	0.00517
1	0.58942	0.04170	0.03427	0.00698	0.00990	0.05823	0.00593	0.09645	0.00982	0.06622	0.04049	0.00916	0.00705	0.00452	0.00323	0.00133	0.00395	0.00296	0.00307	0.00531
2	0.29344	0.01009	0.00988	0.00833	0.01105	0.05884	0.03333	0.23903	0.13375	0.03484	0.01252	0.04151	0.04444	0.02344	0.00439	0.00147	0.00421	0.02597	0.00363	0.00585
3	0.00735	0.00535	0.00630	0.00609	0.00729	0.00523	0.00446	0.06471	0.07931	0.03203	0.22961	0.21480	0.20341	0.05649	0.00681	0.05111	0.00280	0.00839	0.00418	0.00428
4	0.01111	0.01087	0.01753	0.18167	0.23487	0.05961	0.21579	0.07463	0.03979	0.03131	0.00890	0.01145	0.00696	0.00488	0.01695	0.00151	0.05938	0.00426	0.00247	0.00607
5	0.03313	0.12338	0.36494	0.01422	0.04612	0.01163	0.28342	0.04619	0.01010	0.01432	0.00812	0.00998	0.00609	0.00401	0.00435	0.00136	0.00642	0.00384	0.00213	0.00623
6	0.00944	0.01017	0.02142	0.01586	0.01943	0.00963	0.61507	0.01259	0.00995	0.01348	0.01146	0.08408	0.01028	0.02437	0.05852	0.00197	0.00703	0.05729	0.00253	0.00544
7	0.00635	0.00432	0.00506	0.00513	0.00526	0.00436	0.00308	0.00659	0.00673	0.00900	0.01509	0.06514	0.03421	0.70448	0.08788	0.00430	0.00478	0.02261	0.00277	0.00287
8	0.00741	0.00558	0.00798	0.00763	0.00840	0.00655	0.00603	0.00890	0.00808	0.04446	0.10004	0.04931	0.01524	0.04874	0.46987	0.00483	0.14040	0.05346	0.00287	0.00421
9	0.00573	0.00445	0.00514	0.00505	0.00621	0.00394	0.00372	0.00720	0.01087	0.01425	0.37553	0.08103	0.40238	0.04762	0.00601	0.00159	0.00228	0.00879	0.00437	0.00386
10	0.03843	0.08788	0.04267	0.02877	0.04669	0.09904	0.05239	0.10251	0.36318	0.01695	0.01237	0.01245	0.00946	0.00501	0.00417	0.00132	0.00467	0.00406	0.00346	0.06455
11	0.64753	0.08014	0.00901	0.00691	0.00971	0.12315	0.00569	0.04890	0.00892	0.01815	0.00644	0.00743	0.00510	0.00419	0.00299	0.00130	0.00422	0.00252	0.00268	0.00502
12	0.00538	0.00384	0.00512	0.00615	0.00641	0.00359	0.00410	0.00615	0.00846	0.01127	0.02434	0.84190	0.02921	0.01384	0.00564	0.00179	0.00256	0.01256	0.00410	0.00359
13	0.01542	0.01893	0.04849	0.01143	0.01397	0.63408	0.04259	0.01761	0.06437	0.04789	0.00813	0.00914	0.00648	0.00476	0.00451	0.00123	0.03978	0.00322	0.00253	0.00544
14	0.03629	0.02425	0.04879	0.04868	0.08412	0.00942	0.00817	0.23088	0.01327	0.23466	0.01143	0.01218	0.00827	0.00488	0.00437	0.00124	0.02215	0.01990	0.00378	0.17327
15	0.01646	0.01384	0.01291	0.01030	0.01351	0.17091	0.00832	0.63123	0.01887	0.02414	0.01021	0.03027	0.00768	0.00536	0.00436	0.00130	0.00541	0.00397	0.00400	0.00695
16	0.01179	0.00978	0.01036	0.00910	0.01173	0.01121	0.00714	0.11077	0.70685	0.03363	0.01714	0.01579	0.01277	0.00591	0.00448	0.00148	0.00365	0.00487	0.00450	0.00706
17	0.01114	0.05253	0.01404	0.04845	0.20370	0.02147	0.06586	0.04984	0.43439	0.01664	0.01338	0.01371	0.01029	0.00515	0.00459	0.00142	0.01869	0.00449	0.00347	0.00672
18	0.00631	0.00473	0.00710	0.00710	0.00789	0.00552	0.00552	0.00789	0.00710	0.01025	0.01183	0.01735	0.01104	0.03312	0.82728	0.00710	0.01183	0.00473	0.00237	0.00394
19	0.02717	0.00608	0.00691	0.00627	0.00808	0.00597	0.00484	0.03316	0.16738	0.10272	0.27296	0.04712	0.27673	0.00864	0.00493	0.00145	0.00270	0.00732	0.00454	0.00503
20	0.15394	0.00718	0.00894	0.00720	0.01010	0.00665	0.00585	0.01800	0.01162	0.56712	0.10484	0.05287	0.01420	0.00602	0.00431	0.00139	0.00346	0.00487	0.00490	0.00653
21	0.00629	0.00468	0.00678	0.00673	0.00752	0.00525	0.00516	0.00783	0.00779	0.01112	0.11220	0.02040	0.03072	0.07341	0.66603	0.00613	0.01003	0.00532	0.00273	0.00390
22	0.00595	0.00432	0.00555	0.00618	0.00677	0.00409	0.00434	0.03368	0.00961	0.01284	0.13146	0.61269	0.08597	0.01264	0.00553	0.00171	0.00262	0.04602	0.00421	0.00383
23	0.00819	0.00657	0.00762	0.00743	0.03099	0.00689	0.00544	0.01404	0.31865	0.02869	0.29722	0.10411	0.12951	0.00840	0.00494	0.00148	0.00281	0.00728	0.00448	0.00527
24	0.01144	0.01206	0.15230	0.05376	0.26784	0.00998	0.14106	0.10589	0.01135	0.08816	0.01078	0.02700	0.00879	0.00549	0.01835	0.00152	0.00566	0.05928	0.00285	0.00645
25	0.03479	0.31592	0.01802	0.03447	0.30073	0.17776	0.00988	0.01403	0.00998	0.01219	0.00725	0.00904	0.00628	0.00483	0.02658	0.00131	0.00576	0.00313	0.00211	0.00594
26	0.00677	0.00496	0.00554	0.00532	0.00617	0.00483	0.00361	0.06594	0.00922	0.01197	0.08980	0.06671	0.26112	0.39014	0.04668	0.00298	0.00376	0.00745	0.00347	0.00357
27	0.25115	0.01182	0.09440	0.00932	0.03286	0.06916	0.02440	0.26169	0.01303	0.08025	0.03246	0.01251	0.05134	0.00530	0.00421	0.00137	0.02133	0.01392	0.00345	0.00605

[dist]
# distance from previous block
# <min> <max>
1	9

[block]
# block no. 9 follows, 59 sequences, length 40
# corresponding to MSA columns:
# 664-703
name=unknown_J
#
# <colnr> <probs for GDERKNQSTAVLIFYWHMCP>
#	G	D	E	R	K	N	Q	S	T	A	V	L	I	F	Y	W	H	M	C	P
0	0.03946	0.06560	0.00894	0.00722	0.00881	0.08909	0.00556	0.11194	0.03330	0.03067	0.13642	0.07105	0.09891	0.14607	0.08358	0.00239	0.03425	0.01864	0.00345	0.00464
1	0.76300	0.00868	0.00705	0.00622	0.00898	0.00998	0.00510	0.03573	0.06509	0.04593	0.00748	0.00819	0.00568	0.00431	0.00296	0.00137	0.00347	0.00269	0.00299	0.00510
2	0.87598	0.00854	0.00649	0.00581	0.00854	0.00991	0.00478	0.01298	0.00752	0.01982	0.00615	0.00717	0.00478	0.00410	0.00273	0.00137	0.00342	0.00239	0.00273	0.00478
3	0.01029	0.00579	0.00731	0.00638	0.00824	0.00537	0.00497	0.03367	0.05842	0.23176	0.42650	0.04738	0.11950	0.00817	0.00495	0.00141	0.00272	0.00702	0.00488	0.00525
4	0.00576	0.00429	0.00536	0.00553	0.00641	0.00389	0.00398	0.00723	0.01071	0.01448	0.40562	0.29383	0.19466	0.01101	0.00535	0.00154	0.00227	0.00972	0.00446	0.00389
5	0.00636	0.00440	0.00551	0.00554	0.00578	0.00463	0.00357	0.00685	0.00669	0.00915	0.01361	0.05012	0.01496	0.57792	0.26159	0.00504	0.00648	0.00611	0.00263	0.00308
6	0.01293	0.05874	0.10024	0.09984	0.03775	0.04915	0.13016	0.26910	0.04794	0.06147	0.00956	0.01090	0.00711	0.00495	0.00531	0.00141	0.07993	0.00400	0.00310	0.00641
7	0.01087	0.00966	0.01489	0.14563	0.26564	0.02604	0.09213	0.04741	0.01014	0.06251	0.00864	0.01083	0.00683	0.00426	0.00490	0.00124	0.06187	0.00376	0.00254	0.21022
8	0.00837	0.00760	0.05593	0.00857	0.02240	0.00681	0.13469	0.07698	0.03554	0.02551	0.07939	0.05445	0.08016	0.37001	0.01254	0.00268	0.00455	0.00631	0.00314	0.00436
9	0.00907	0.02564	0.27011	0.01042	0.03559	0.00887	0.06646	0.07049	0.15001	0.01537	0.07225	0.12770	0.05189	0.00788	0.04346	0.00172	0.00502	0.00571	0.00321	0.01913
10	0.00628	0.00429	0.00479	0.00481	0.00496	0.00421	0.00277	0.00641	0.00682	0.00895	0.01713	0.04667	0.09411	0.74686	0.02046	0.00396	0.00405	0.00683	0.00284	0.00280
11	0.01048	0.04806	0.30400	0.08139	0.04201	0.02068	0.05978	0.07470	0.28105	0.01613	0.01151	0.01215	0.00855	0.00485	0.00434	0.00141	0.00529	0.00406	0.00299	0.00655
12	0.01099	0.00949	0.00999	0.00899	0.01148	0.01099	0.00699	0.02347	0.80925	0.01848	0.01798	0.01648	0.01348	0.00599	0.00449	0.00150	0.00350	0.00499	0.00449	0.00699
13	0.00852	0.00727	0.03219	0.04594	0.16239	0.00689	0.08283	0.01080	0.01001	0.04310	0.01806	0.11706	0.01878	0.00926	0.00547	0.00176	0.00457	0.40668	0.00346	0.00497
14	0.03388	0.23399	0.13547	0.00881	0.01229	0.01198	0.00839	0.19902	0.09414	0.05150	0.06863	0.04728	0.03493	0.00559	0.00425	0.00129	0.02128	0.00430	0.00330	0.01968
15	0.07764	0.20695	0.07927	0.01043	0.06980	0.13353	0.00856	0.18833	0.09596	0.01661	0.00932	0.03183	0.00758	0.00478	0.00383	0.00122	0.00507	0.00353	0.00295	0.04282
16	0.07203	0.31595	0.09074	0.03123	0.01320	0.19764	0.00852	0.12425	0.04574	0.01443	0.00771	0.00861	0.00624	0.00432	0.00357	0.00114	0.00547	0.00295	0.00253	0.04376
17	0.04552	0.00976	0.03031	0.00864	0.01182	0.03148	0.00714	0.21156	0.18145	0.33186	0.03564	0.01455	0.02781	0.00559	0.00438	0.00136	0.00406	0.00445	0.00462	0.02801
18	0.00823	0.00412	0.00412	0.00412	0.00515	0.00412	0.00309	0.01029	0.00926	0.01647	0.01441	0.01647	0.01132	0.00515	0.00309	0.00103	0.00206	0.00412	0.86930	0.00412
19	0.01392	0.01318	0.12350	0.03481	0.10231	0.02666	0.06863	0.42230	0.09025	0.04421	0.01061	0.01122	0.00771	0.00492	0.00444	0.00136	0.00524	0.00405	0.00360	0.00705
20	0.00537	0.00389	0.00508	0.00603	0.00637	0.00360	0.00405	0.00616	0.00857	0.01132	0.02579	0.78502	0.08515	0.01365	0.00561	0.00177	0.00254	0.01233	0.00410	0.00360
21	0.00532	0.00446	0.00463	0.00462	0.00604	0.00377	0.00345	0.00653	0.01027	0.01248	0.11981	0.06095	0.72046	0.01104	0.00523	0.00149	0.00223	0.00927	0.00418	0.00377
22	0.00651	0.00474	0.00634	0.00625	0.00664	0.00531	0.00440	0.00734	0.00677	0.00949	0.01252	0.02231	0.01311	0.40429	0.42210	0.00558	0.04494	0.00547	0.00249	0.00340
23	0.30528	0.39461	0.01537	0.00769	0.01086	0.14393	0.00681	0.04884	0.00957	0.01442	0.00645	0.00741	0.00545	0.00408	0.00305	0.00114	0.00480	0.00252	0.00235	0.00536
24	0.00544	0.00389	0.00519	0.00622	0.00650	0.00364	0.00420	0.00625	0.00851	0.01134	0.02431	0.81489	0.02908	0.01378	0.00565	0.00180	0.00261	0.03898	0.00410	0.00360
25	0.04439	0.42330	0.25916	0.00949	0.01384	0.06091	0.01018	0.06220	0.04378	0.01326	0.00748	0.00846	0.00606	0.00420	0.00364	0.00117	0.01738	0.00289	0.00220	0.00602
26	0.00634	0.00430	0.00479	0.00479	0.00490	0.00424	0.00272	0.00642	0.00668	0.00880	0.01611	0.02987	0.07294	0.78547	0.02125	0.00408	0.00414	0.00663	0.00278	0.00275
27	0.00823	0.00412	0.00412	0.00412	0.00515	0.00412	0.00309	0.01029	0.00926	0.01647	0.01441	0.01647	0.01132	0.00515	0.00309	0.00103	0.00206	0.00412	0.86930	0.00412
28	0.04336	0.37038	0.02699	0.00978	0.05303	0.11547	0.00813	0.23022	0.04932	0.01623	0.00823	0.00900	0.00666	0.00483	0.01542	0.00122	0.00519	0.00311	0.00281	0.02063
29	0.28508	0.15419	0.07471	0.07389	0.01476	0.10212	0.13046	0.07011	0.03073	0.01578	0.00754	0.00898	0.00590	0.00420	0.00368	0.00130	0.00529	0.00324	0.00250	0.00554
30	0.00653	0.00506	0.00605	0.00573	0.00681	0.03220	0.00428	0.00851	0.01229	0.01705	0.73287	0.05479	0.07299	0.00910	0.00518	0.00140	0.00230	0.00799	0.00472	0.00417
31	0.01879	0.04282	0.01093	0.00804	0.01141	0.00755	0.00670	0.07728	0.03237	0.69361	0.01660	0.01512	0.01082	0.00553	0.00441	0.00136	0.00388	0.02022	0.00519	0.00736
32	0.00631	0.00473	0.00710	0.00710	0.00789	0.00552	0.00552	0.00789	0.00710	0.01025	0.01183	0.01735	0.01104	0.03312	0.82728	0.00710	0.01183	0.00473	0.00237	0.00394
33	0.01699	0.01175	0.01284	0.00987	0.01337	0.01282	0.00815	0.69551	0.03901	0.11697	0.01155	0.01125	0.00804	0.00534	0.00442	0.00133	0.00470	0.00405	0.00454	0.00750
34	0.00722	0.00473	0.00621	0.00572	0.00693	0.00433	0.00433	0.00927	0.01251	0.07482	0.75816	0.03171	0.03949	0.00878	0.00515	0.00139	0.00220	0.00774	0.00490	0.00441
35	0.00916	0.00785	0.00916	0.00654	0.01047	0.00589	0.00523	0.01112	0.00916	0.01439	0.00785	0.00916	0.00654	0.00327	0.00327	0.00065	0.00327	0.00262	0.00262	0.87178
