[name]
unknown

[dist]
# distance from previous block
# <min> <max>
0	13

[block]
# block no. 0 follows, 70 sequences, length 8
# corresponding to MSA columns:
# 14-21
name=unknown_A
#
# <colnr> <probs for GDERKNQSTAVLIFYWHMCP>
#	G	D	E	R	K	N	Q	S	T	A	V	L	I	F	Y	W	H	M	C	P
0	0.01985	0.00724	0.01180	0.31012	0.12218	0.02840	0.12906	0.00997	0.02558	0.01109	0.03760	0.05347	0.05208	0.03435	0.03785	0.00161	0.02275	0.07827	0.00231	0.00443
1	0.00707	0.00596	0.00674	0.00627	0.00747	0.07474	0.05499	0.04080	0.04521	0.04132	0.07098	0.24467	0.21503	0.12767	0.00664	0.00169	0.00322	0.03249	0.00330	0.00375
2	0.00924	0.00766	0.01109	0.51653	0.08521	0.04631	0.00923	0.06172	0.00916	0.09499	0.05346	0.01124	0.00753	0.00415	0.00384	0.00120	0.00464	0.00358	0.00237	0.05686
3	0.04314	0.00849	0.01276	0.36032	0.32311	0.03667	0.01031	0.04749	0.05077	0.01213	0.00741	0.00986	0.00588	0.00398	0.00428	0.00124	0.05152	0.00341	0.00204	0.00518
4	0.01110	0.01158	0.01211	0.17545	0.23063	0.26863	0.00908	0.10253	0.07645	0.01259	0.00799	0.02926	0.00654	0.00426	0.00399	0.00117	0.02570	0.00341	0.00232	0.00521
5	0.00755	0.00641	0.00768	0.04915	0.00950	0.00535	0.00484	0.00983	0.05935	0.01265	0.07847	0.03270	0.04717	0.00508	0.03692	0.00099	0.00316	0.00343	0.00262	0.61716
6	0.00589	0.00429	0.00591	0.05897	0.04982	0.00427	0.00459	0.02808	0.00807	0.02376	0.10128	0.47494	0.04987	0.06069	0.03659	0.03456	0.00302	0.02598	0.01592	0.00350
7	0.02326	0.00661	0.00818	0.05425	0.06782	0.02422	0.02930	0.12183	0.10591	0.08721	0.06433	0.15779	0.14437	0.03195	0.01995	0.00144	0.00338	0.00588	0.03759	0.00470

[dist]
# distance from previous block
# <min> <max>
1	2

[block]
# block no. 1 follows, 70 sequences, length 6
# corresponding to MSA columns:
# 24-29
name=unknown_B
#
# <colnr> <probs for GDERKNQSTAVLIFYWHMCP>
#	G	D	E	R	K	N	Q	S	T	A	V	L	I	F	Y	W	H	M	C	P
0	0.00595	0.00413	0.00511	0.00509	0.00605	0.00383	0.00376	0.00757	0.03891	0.05647	0.34732	0.22214	0.18951	0.04488	0.00527	0.00145	0.00223	0.04280	0.00389	0.00365
1	0.11696	0.00521	0.00603	0.00560	0.00701	0.00516	0.00417	0.01078	0.08927	0.18872	0.12301	0.22116	0.07412	0.11793	0.00615	0.00164	0.00277	0.00635	0.00367	0.00427
2	0.03588	0.00655	0.00754	0.00578	0.00870	0.00538	0.00457	0.01069	0.06746	0.06502	0.01056	0.06030	0.04682	0.00411	0.00320	0.00079	0.00280	0.00337	0.03062	0.61987
3	0.05138	0.00443	0.00513	0.00496	0.00610	0.00413	0.00366	0.03491	0.00929	0.07491	0.23936	0.20351	0.27512	0.05900	0.00536	0.00147	0.00232	0.00753	0.00374	0.00370
4	0.08685	0.00627	0.00706	0.00620	0.00803	0.00640	0.00479	0.11712	0.13656	0.18304	0.09134	0.13602	0.11903	0.06735	0.00518	0.00146	0.00295	0.00570	0.00380	0.00485
5	0.05168	0.00561	0.00649	0.00603	0.00739	0.00571	0.00447	0.11210	0.10253	0.11810	0.08957	0.29209	0.06719	0.10555	0.00607	0.00163	0.00288	0.00686	0.00368	0.00436

[dist]
# distance from previous block
# <min> <max>
1	6

[block]
# block no. 2 follows, 70 sequences, length 8
# corresponding to MSA columns:
# 36-43
name=unknown_C
#
# <colnr> <probs for GDERKNQSTAVLIFYWHMCP>
#	G	D	E	R	K	N	Q	S	T	A	V	L	I	F	Y	W	H	M	C	P
0	0.00523	0.00398	0.00475	0.00491	0.00574	0.00370	0.00354	0.00675	0.04424	0.01178	0.24953	0.25645	0.26780	0.07462	0.00583	0.00156	0.00225	0.04022	0.00370	0.00341
1	0.03945	0.00405	0.00539	0.00552	0.00618	0.00435	0.00408	0.00669	0.00695	0.01006	0.06854	0.18062	0.06565	0.09958	0.44069	0.00410	0.00655	0.00595	0.03224	0.00333
2	0.00673	0.00483	0.00648	0.00603	0.00681	0.00497	0.04344	0.09217	0.00780	0.01049	0.03365	0.13804	0.05225	0.26203	0.15812	0.12113	0.00470	0.03439	0.00268	0.00327
3	0.00548	0.00451	0.02908	0.00537	0.00620	0.00409	0.00400	0.00722	0.06343	0.01127	0.17750	0.31421	0.14554	0.11931	0.05194	0.00198	0.00296	0.03897	0.00345	0.00347
4	0.00533	0.00374	0.00444	0.00459	0.00489	0.00362	0.00291	0.00583	0.00695	0.00928	0.11388	0.19289	0.09840	0.47839	0.04587	0.00288	0.00332	0.00706	0.00293	0.00280
5	0.00570	0.00407	0.00473	0.03000	0.00549	0.00408	0.00302	0.00658	0.04412	0.00913	0.08996	0.07127	0.09878	0.59013	0.01485	0.00298	0.00333	0.00619	0.00277	0.00283
6	0.18336	0.00935	0.01055	0.11823	0.03515	0.03698	0.03271	0.35700	0.05322	0.04597	0.00829	0.00913	0.00613	0.00429	0.00389	0.00119	0.03576	0.00322	0.00303	0.04254
7	0.11079	0.05593	0.03376	0.16485	0.08782	0.08477	0.03935	0.16039	0.07376	0.06716	0.02497	0.01034	0.02281	0.00430	0.00383	0.00118	0.02369	0.00341	0.00270	0.02419

[dist]
# distance from previous block
# <min> <max>
3	51

[block]
# block no. 3 follows, 70 sequences, length 24
# corresponding to MSA columns:
# 117-140
name=unknown_D
#
# <colnr> <probs for GDERKNQSTAVLIFYWHMCP>
#	G	D	E	R	K	N	Q	S	T	A	V	L	I	F	Y	W	H	M	C	P
0	0.03665	0.18740	0.03766	0.03993	0.09478	0.13205	0.06885	0.20314	0.01089	0.01390	0.00941	0.06406	0.04394	0.00471	0.00383	0.00113	0.02499	0.00374	0.00252	0.01642
1	0.07726	0.26771	0.02612	0.06559	0.07167	0.03663	0.00698	0.15114	0.02782	0.10928	0.00820	0.02611	0.00648	0.00399	0.00325	0.00102	0.00400	0.00300	0.00265	0.10112
2	0.06443	0.00700	0.00943	0.06311	0.21158	0.02586	0.00683	0.01012	0.03650	0.02328	0.14376	0.04543	0.02753	0.01208	0.03732	0.01354	0.04445	0.01725	0.00262	0.19786
3	0.05757	0.00524	0.00690	0.06029	0.02746	0.00492	0.04311	0.00893	0.02054	0.10071	0.19597	0.09609	0.27389	0.00742	0.00425	0.00125	0.00274	0.02111	0.00349	0.05810
4	0.05364	0.09711	0.12720	0.06119	0.02396	0.03708	0.00659	0.01007	0.00813	0.03576	0.02517	0.14383	0.02984	0.00497	0.00346	0.00100	0.00361	0.00410	0.00244	0.32086
5	0.00933	0.23650	0.09634	0.17998	0.16346	0.01901	0.05882	0.01151	0.00840	0.06177	0.02464	0.03410	0.00686	0.00395	0.00360	0.00110	0.01364	0.00333	0.00208	0.06159
6	0.01014	0.12173	0.04879	0.02950	0.12294	0.24300	0.03669	0.07951	0.00994	0.01164	0.02265	0.04943	0.15226	0.00542	0.00406	0.00115	0.02958	0.01439	0.00246	0.00473
7	0.06023	0.00493	0.00592	0.00652	0.05970	0.00481	0.00450	0.07684	0.00918	0.01250	0.08658	0.31870	0.25729	0.00932	0.00452	0.00140	0.00260	0.06716	0.00349	0.00381
8	0.06333	0.00803	0.06141	0.00644	0.00957	0.03606	0.00546	0.04742	0.00881	0.10634	0.00906	0.08154	0.00774	0.00410	0.00325	0.00085	0.00327	0.00331	0.00271	0.53130
9	0.11169	0.11147	0.19511	0.01201	0.18810	0.09246	0.04763	0.04495	0.05947	0.07123	0.01736	0.00904	0.00634	0.00385	0.00349	0.00114	0.00469	0.00309	0.00232	0.01455
10	0.24621	0.16210	0.04380	0.00875	0.06796	0.27162	0.00685	0.04393	0.00930	0.09689	0.00692	0.00762	0.00538	0.00383	0.00311	0.00107	0.00474	0.00258	0.00238	0.00495
11	0.00831	0.00778	0.01081	0.12483	0.01205	0.01003	0.00794	0.05909	0.00722	0.01064	0.00700	0.06355	0.00674	0.00713	0.04218	0.00168	0.52731	0.00383	0.00202	0.07986
12	0.00473	0.00388	0.00406	0.00409	0.00520	0.00333	0.00297	0.00566	0.00861	0.01049	0.08278	0.08144	0.67550	0.08290	0.00590	0.00153	0.00213	0.00805	0.00353	0.00321
13	0.01244	0.00892	0.04075	0.04468	0.08153	0.00894	0.04331	0.28568	0.13155	0.19485	0.03591	0.01407	0.00983	0.00508	0.00404	0.00125	0.00398	0.06352	0.00366	0.00600
14	0.00853	0.00887	0.05878	0.05838	0.07829	0.01059	0.00867	0.06169	0.00744	0.01086	0.00867	0.01118	0.07653	0.00630	0.00973	0.00154	0.56361	0.00379	0.00201	0.00455
15	0.00563	0.00420	0.00608	0.00604	0.00661	0.00486	0.00457	0.00679	0.00614	0.00879	0.01052	0.01655	0.01022	0.15056	0.70653	0.00576	0.03038	0.00435	0.00211	0.00332
16	0.01023	0.57462	0.01775	0.06022	0.06460	0.08520	0.04306	0.01173	0.00827	0.00987	0.00589	0.00709	0.00517	0.00338	0.00287	0.00089	0.00448	0.00241	0.00178	0.08049
17	0.00508	0.00363	0.00490	0.00580	0.00618	0.00345	0.00421	0.00601	0.00777	0.01029	0.02117	0.67149	0.02487	0.01181	0.00504	0.00162	0.00256	0.19726	0.00359	0.00325
18	0.01388	0.14284	0.01236	0.00950	0.01169	0.72599	0.00736	0.01491	0.01053	0.00943	0.00590	0.00688	0.00499	0.00390	0.00335	0.00097	0.00657	0.00243	0.00195	0.00456
19	0.06416	0.00993	0.01267	0.02569	0.41566	0.11767	0.03358	0.06538	0.13415	0.01365	0.00932	0.04839	0.00793	0.00441	0.00383	0.00120	0.00450	0.01977	0.00250	0.00560
20	0.00474	0.00345	0.00448	0.00525	0.00560	0.00318	0.00355	0.00550	0.00770	0.01019	0.05871	0.75421	0.09563	0.01176	0.00490	0.00154	0.00221	0.01060	0.00363	0.00318
21	0.00976	0.01058	0.12984	0.04363	0.21408	0.00950	0.19573	0.03937	0.12697	0.07138	0.00895	0.01044	0.00683	0.00422	0.00500	0.00129	0.10057	0.00379	0.00241	0.00565
22	0.01446	0.00885	0.01002	0.00792	0.01076	0.01981	0.00646	0.38160	0.14882	0.29957	0.03213	0.01224	0.01914	0.00493	0.00392	0.00120	0.00369	0.00390	0.00418	0.00638
23	0.01105	0.00910	0.00966	0.00826	0.01070	0.02668	0.01785	0.20323	0.60319	0.03490	0.01400	0.01306	0.01038	0.00506	0.00393	0.00127	0.00347	0.00414	0.00388	0.00620

[dist]
# distance from previous block
# <min> <max>
1	3

[block]
# block no. 4 follows, 70 sequences, length 64
# corresponding to MSA columns:
# 144-207
name=unknown_E
#
# <colnr> <probs for GDERKNQSTAVLIFYWHMCP>
#	G	D	E	R	K	N	Q	S	T	A	V	L	I	F	Y	W	H	M	C	P
0	0.03135	0.02741	0.00928	0.00690	0.00989	0.00645	0.00570	0.08889	0.01131	0.64783	0.03161	0.01247	0.00939	0.00464	0.00377	0.00114	0.00333	0.00372	0.00438	0.08055
1	0.01080	0.00591	0.04027	0.00715	0.05015	0.00501	0.00536	0.02412	0.00941	0.36603	0.06920	0.26597	0.02913	0.06744	0.00539	0.00150	0.00309	0.02525	0.00391	0.00491
2	0.07274	0.00721	0.04613	0.00767	0.04129	0.04279	0.05256	0.04560	0.02351	0.23956	0.18223	0.05341	0.03947	0.03361	0.09300	0.00182	0.00419	0.00483	0.00348	0.00488
3	0.01298	0.04408	0.01203	0.01150	0.10919	0.59262	0.02428	0.04124	0.01036	0.01040	0.00656	0.02751	0.00569	0.00432	0.00428	0.00109	0.07213	0.00294	0.00205	0.00474
4	0.04510	0.03234	0.04318	0.11973	0.55289	0.02195	0.03517	0.03275	0.00880	0.03230	0.00727	0.00944	0.00591	0.00369	0.00406	0.00119	0.03314	0.00337	0.00201	0.00571
5	0.05098	0.01912	0.78304	0.01066	0.01616	0.00891	0.01363	0.01239	0.00818	0.03228	0.00708	0.00821	0.00499	0.00371	0.00363	0.00123	0.00554	0.00285	0.00175	0.00568
6	0.00862	0.02442	0.23579	0.14617	0.17450	0.03167	0.21830	0.01161	0.00838	0.01164	0.00751	0.00975	0.01750	0.00390	0.00468	0.00127	0.07360	0.00360	0.00183	0.00526
7	0.00537	0.00394	0.00503	0.00480	0.00573	0.00360	0.00358	0.00707	0.01064	0.01484	0.72946	0.05614	0.11881	0.00825	0.00459	0.00124	0.00186	0.00726	0.00418	0.00360
8	0.00472	0.00337	0.00450	0.00540	0.00562	0.00315	0.00360	0.00540	0.00742	0.00990	0.02137	0.86122	0.02564	0.01215	0.00495	0.00157	0.00225	0.01102	0.00360	0.00315
9	0.00470	0.00391	0.00411	0.00411	0.00532	0.00332	0.00306	0.00578	0.00906	0.01111	0.14165	0.06720	0.70400	0.00966	0.00459	0.00131	0.00196	0.00814	0.00369	0.00332
10	0.00502	0.00345	0.00460	0.00543	0.00572	0.00321	0.00365	0.00571	0.00751	0.02936	0.02123	0.84139	0.02527	0.01197	0.00492	0.00157	0.00227	0.01085	0.00363	0.00323
11	0.01013	0.00857	0.00904	0.00799	0.01027	0.00987	0.00625	0.09822	0.75415	0.01701	0.01516	0.01397	0.01133	0.00520	0.00394	0.00130	0.00318	0.00430	0.00394	0.00618
12	0.00804	0.00689	0.00804	0.00574	0.00919	0.00517	0.00459	0.00976	0.00804	0.01263	0.00689	0.00804	0.00574	0.00287	0.00287	0.00057	0.00287	0.00230	0.00230	0.88745
13	0.00603	0.00434	0.00598	0.00679	0.00766	0.00429	0.00582	0.00770	0.00886	0.01153	0.04358	0.10360	0.06244	0.01070	0.00527	0.00173	0.00335	0.69322	0.00359	0.00353
14	0.01276	0.00991	0.01574	0.01160	0.01500	0.00998	0.34330	0.33498	0.03362	0.15789	0.00988	0.01057	0.00694	0.00412	0.00417	0.00123	0.00501	0.00403	0.00325	0.00602
15	0.00919	0.00854	0.01220	0.18137	0.36306	0.03017	0.00942	0.02846	0.25433	0.01331	0.02506	0.01209	0.02703	0.00433	0.00390	0.00123	0.00420	0.00388	0.00260	0.00564
16	0.00564	0.00376	0.00423	0.00423	0.00423	0.00376	0.00235	0.00564	0.00564	0.00752	0.01222	0.02537	0.01409	0.86375	0.01973	0.00376	0.00376	0.00564	0.00235	0.00235
17	0.00684	0.02135	0.00828	0.00756	0.00797	0.02744	0.00594	0.00801	0.02341	0.00986	0.05696	0.23564	0.01351	0.02404	0.19592	0.00263	0.33259	0.00577	0.00248	0.00378
18	0.00903	0.18993	0.09316	0.00930	0.02135	0.05772	0.19975	0.01122	0.00849	0.01155	0.00794	0.00926	0.03579	0.00346	0.00338	0.00092	0.00450	0.00308	0.00205	0.31815
19	0.06435	0.02898	0.54899	0.02683	0.04873	0.00906	0.15396	0.01249	0.00840	0.05194	0.00740	0.00876	0.00531	0.00365	0.00376	0.00123	0.00550	0.00318	0.00190	0.00557
20	0.00554	0.00414	0.00614	0.00614	0.00681	0.00480	0.00474	0.00687	0.00620	0.00894	0.01046	0.01567	0.00988	0.06547	0.81226	0.00612	0.01010	0.00422	0.00209	0.00341
21	0.00673	0.00337	0.00505	0.00505	0.00505	0.00337	0.00337	0.00505	0.00505	0.00673	0.00673	0.01178	0.00673	0.01347	0.01515	0.88721	0.00337	0.00337	0.00168	0.00168
22	0.01121	0.35463	0.17563	0.00936	0.02449	0.15145	0.08582	0.06048	0.00943	0.07379	0.00702	0.00788	0.00551	0.00369	0.00329	0.00103	0.00510	0.00277	0.00211	0.00530
23	0.01448	0.01848	0.01099	0.00999	0.01199	0.84819	0.00749	0.01548	0.01099	0.00949	0.00599	0.00699	0.00499	0.00400	0.00350	0.00100	0.00699	0.00250	0.00200	0.00449
24	0.00470	0.00347	0.00440	0.00515	0.00556	0.00317	0.00349	0.00543	0.00767	0.01000	0.02445	0.71960	0.16528	0.01175	0.00489	0.00153	0.00220	0.01053	0.00360	0.00317
25	0.00729	0.00714	0.00652	0.00663	0.00749	0.19324	0.02103	0.02592	0.00887	0.01072	0.09463	0.52810	0.04834	0.00950	0.00454	0.00139	0.00339	0.00834	0.00328	0.00362
26	0.02780	0.00951	0.02702	0.06497	0.28096	0.05911	0.18876	0.07433	0.03018	0.11972	0.00925	0.04983	0.00740	0.00429	0.00427	0.00123	0.02919	0.00404	0.00257	0.00559
27	0.00484	0.00346	0.00463	0.00553	0.00580	0.00325	0.00380	0.00560	0.00754	0.01002	0.02130	0.79977	0.02539	0.01204	0.00498	0.00159	0.00235	0.07135	0.00360	0.00318
28	0.01126	0.00983	0.00963	0.00832	0.01070	0.08578	0.00654	0.20712	0.56960	0.01752	0.01340	0.01259	0.01000	0.00501	0.00389	0.00125	0.00370	0.00401	0.00375	0.00609
29	0.00554	0.00415	0.00623	0.00623	0.00692	0.00485	0.00485	0.00692	0.00623	0.00900	0.01038	0.01523	0.00969	0.02908	0.84839	0.00623	0.01038	0.00415	0.00208	0.00346
30	0.00860	0.21898	0.03864	0.00614	0.00963	0.00780	0.00542	0.01030	0.00800	0.01176	0.00652	0.00760	0.00553	0.00301	0.00280	0.00066	0.00328	0.00226	0.00212	0.64097
31	0.00781	0.00755	0.01179	0.50950	0.03247	0.00991	0.00988	0.00971	0.00705	0.00972	0.00619	0.00959	0.00515	0.00502	0.00736	0.00145	0.34040	0.00342	0.00172	0.00431
32	0.01085	0.10139	0.35112	0.01096	0.07890	0.05903	0.03354	0.26096	0.02183	0.02423	0.00771	0.00857	0.00569	0.00396	0.00365	0.00115	0.00507	0.00308	0.00244	0.00588
33	0.00523	0.00381	0.00485	0.00558	0.00593	0.02046	0.00382	0.00598	0.00747	0.02296	0.02003	0.73994	0.02361	0.03079	0.06026	0.00191	0.00295	0.02770	0.00346	0.00324
34	0.00505	0.00413	0.00450	0.00460	0.00576	0.00370	0.00345	0.00665	0.05357	0.01121	0.10334	0.14026	0.57387	0.00975	0.00464	0.00136	0.00214	0.05487	0.00367	0.00346
35	0.00979	0.05017	0.53489	0.01032	0.01500	0.01001	0.03260	0.20382	0.03657	0.02965	0.00785	0.00872	0.00564	0.00403	0.00392	0.00121	0.02452	0.00310	0.00230	0.00588
36	0.00475	0.00340	0.00453	0.00538	0.00563	0.00317	0.00360	0.00547	0.00756	0.01012	0.05358	0.82837	0.02607	0.01198	0.00493	0.00156	0.00223	0.01086	0.00363	0.00317
37	0.89114	0.00750	0.00570	0.00510	0.00750	0.00870	0.00420	0.01140	0.00660	0.01739	0.00540	0.00630	0.00420	0.00360	0.00240	0.00120	0.00300	0.00210	0.00240	0.00420
38	0.00564	0.00376	0.00423	0.00423	0.00423	0.00376	0.00235	0.00564	0.00564	0.00752	0.01222	0.02537	0.01409	0.86375	0.01973	0.00376	0.00376	0.00564	0.00235	0.00235
39	0.00459	0.00391	0.00394	0.00396	0.00525	0.00327	0.00296	0.00556	0.00880	0.01046	0.03887	0.05600	0.81957	0.00987	0.00459	0.00132	0.00197	0.00825	0.00360	0.00327
40	0.00547	0.00393	0.00466	0.00473	0.00550	0.00362	0.00331	0.00662	0.02501	0.03263	0.22781	0.23137	0.25089	0.16801	0.00745	0.00180	0.00239	0.00792	0.00357	0.00331
41	0.00804	0.00689	0.00804	0.00574	0.00919	0.00517	0.00459	0.00976	0.00804	0.01263	0.00689	0.00804	0.00574	0.00287	0.00287	0.00057	0.00287	0.00230	0.00230	0.88745
42	0.00778	0.00746	0.01166	0.79384	0.03653	0.04183	0.01059	0.02593	0.00810	0.01021	0.00691	0.01017	0.00520	0.00389	0.00386	0.00128	0.00522	0.00341	0.00178	0.00438
43	0.06657	0.04420	0.00969	0.00814	0.01043	0.16210	0.00639	0.09134	0.52560	0.01553	0.01236	0.01180	0.00937	0.00479	0.00370	0.00122	0.00393	0.00373	0.00340	0.00571
44	0.01165	0.03294	0.06888	0.05236	0.21890	0.03652	0.04067	0.08414	0.09167	0.21052	0.01004	0.01053	0.00731	0.00403	0.00373	0.00112	0.00417	0.00346	0.00298	0.10437
45	0.01030	0.18604	0.26306	0.00918	0.01287	0.04125	0.05154	0.13862	0.17981	0.03951	0.00936	0.02596	0.00721	0.00427	0.00360	0.00116	0.00458	0.00338	0.00262	0.00570
46	0.86197	0.00747	0.00581	0.00516	0.00758	0.00860	0.00425	0.01165	0.00675	0.04493	0.00573	0.00653	0.00438	0.00364	0.00245	0.00120	0.00301	0.00216	0.00248	0.00428
47	0.01043	0.68866	0.10040	0.00760	0.01106	0.08569	0.02852	0.01203	0.00821	0.00955	0.00566	0.00659	0.00499	0.00341	0.00274	0.00090	0.00461	0.00225	0.00169	0.00501
48	0.00949	0.04327	0.13682	0.00945	0.06296	0.03651	0.10792	0.03927	0.05902	0.14412	0.16387	0.06457	0.06414	0.00567	0.00442	0.00125	0.03413	0.00492	0.00314	0.00508
49	0.01569	0.00665	0.00873	0.00690	0.00967	0.00607	0.00563	0.01840	0.11439	0.68747	0.06599	0.01433	0.01154	0.00505	0.00395	0.00122	0.00318	0.00415	0.00466	0.00636
50	0.00483	0.00346	0.00461	0.00546	0.00576	0.00324	0.00374	0.00560	0.00763	0.01017	0.04575	0.78020	0.03635	0.01191	0.00496	0.00157	0.00231	0.05566	0.00362	0.00319
51	0.00931	0.00885	0.03553	0.12356	0.53114	0.02056	0.05944	0.02859	0.00905	0.04477	0.04141	0.03949	0.02262	0.00417	0.00396	0.00120	0.00456	0.00399	0.00222	0.00560
52	0.03817	0.00996	0.07010	0.07134	0.35215	0.03929	0.14971	0.07650	0.00957	0.08232	0.00842	0.03016	0.00673	0.01627	0.00434	0.00125	0.02198	0.00378	0.00235	0.00563
53	0.00475	0.00339	0.00452	0.00538	0.00563	0.00316	0.00360	0.00546	0.00753	0.01008	0.04718	0.83490	0.02599	0.01201	0.00494	0.00156	0.00224	0.01089	0.00362	0.00316
54	0.00820	0.07146	0.76071	0.01074	0.01617	0.04251	0.01359	0.01236	0.00828	0.01198	0.00682	0.00802	0.00492	0.00367	0.00360	0.00119	0.00568	0.00280	0.00165	0.00563
55	0.01195	0.03625	0.08469	0.03303	0.17660	0.05018	0.02599	0.09260	0.10674	0.24287	0.03125	0.01234	0.04150	0.00467	0.00414	0.00121	0.03107	0.00384	0.00322	0.00586
56	0.01646	0.00725	0.03812	0.00721	0.01016	0.00624	0.00613	0.04773	0.01106	0.74076	0.02648	0.01294	0.00955	0.00487	0.00422	0.00122	0.03474	0.00387	0.00453	0.00644
57	0.00519	0.00390	0.00482	0.00474	0.00567	0.00352	0.00352	0.00669	0.01003	0.01363	0.54062	0.12285	0.23043	0.00889	0.00463	0.00129	0.00193	0.02011	0.00402	0.00351
58	0.00962	0.02202	0.02759	0.08176	0.73600	0.00917	0.01162	0.01194	0.00879	0.03375	0.00744	0.00967	0.00613	0.00352	0.00382	0.00116	0.00462	0.00344	0.00197	0.00600
59	0.00987	0.05914	0.05776	0.07770	0.45097	0.04164	0.11011	0.01217	0.00889	0.07644	0.00851	0.05405	0.00715	0.00404	0.00389	0.00119	0.00478	0.00387	0.00220	0.00563
60	0.00870	0.00630	0.00729	0.00666	0.00822	0.00633	0.00504	0.05849	0.21358	0.06968	0.37627	0.06887	0.09725	0.00869	0.03807	0.00164	0.00310	0.00643	0.00432	0.00507
61	0.00921	0.01029	0.02193	0.01733	0.12925	0.00973	0.71726	0.01235	0.00911	0.01245	0.00777	0.01034	0.00592	0.00329	0.00448	0.00129	0.00628	0.00443	0.00196	0.00535
62	0.06657	0.00858	0.00940	0.08697	0.03294	0.04661	0.00667	0.16247	0.35727	0.10813	0.02200	0.05491	0.01007	0.00514	0.00386	0.00126	0.00366	0.00419	0.00357	0.00573
63	0.32507	0.20394	0.04452	0.00787	0.06102	0.02998	0.01999	0.12467	0.02723	0.06534	0.00708	0.00775	0.00548	0.00375	0.00298	0.00107	0.00381	0.00262	0.00253	0.05331

[dist]
# distance from previous block
# <min> <max>
1	5

[block]
# block no. 5 follows, 70 sequences, length 13
# corresponding to MSA columns:
# 213-225
name=unknown_F
#
# <colnr> <probs for GDERKNQSTAVLIFYWHMCP>
#	G	D	E	R	K	N	Q	S	T	A	V	L	I	F	Y	W	H	M	C	P
0	0.06539	0.06121	0.05899	0.01043	0.03783	0.09536	0.23167	0.08855	0.06384	0.08995	0.01084	0.14844	0.00961	0.00524	0.00402	0.00125	0.00468	0.00480	0.00279	0.00510
1	0.00882	0.00906	0.01230	0.54860	0.17445	0.13066	0.01042	0.01106	0.00836	0.01034	0.00677	0.00965	0.00532	0.00392	0.00412	0.00124	0.03515	0.00331	0.00180	0.00467
2	0.00567	0.00377	0.00441	0.00441	0.00447	0.00383	0.00258	0.00571	0.00566	0.00760	0.01186	0.02406	0.01347	0.76647	0.08351	0.03810	0.00425	0.00544	0.00230	0.00241
3	0.03265	0.00859	0.01161	0.04234	0.27091	0.02815	0.00815	0.18735	0.03037	0.27558	0.03239	0.02317	0.00841	0.00450	0.00400	0.00119	0.01741	0.00377	0.00337	0.00610
4	0.00947	0.00908	0.01551	0.07004	0.79431	0.00918	0.01183	0.01179	0.00877	0.01251	0.00727	0.00964	0.00609	0.00348	0.00384	0.00116	0.00464	0.00345	0.00191	0.00604
5	0.00490	0.00394	0.00437	0.00426	0.00543	0.00341	0.00320	0.00618	0.00959	0.01226	0.32119	0.03436	0.55496	0.00915	0.00458	0.00128	0.00192	0.00777	0.00384	0.00341
6	0.00929	0.00804	0.00861	0.00775	0.00978	0.00932	0.00604	0.01919	0.74357	0.01574	0.04602	0.01545	0.03791	0.00556	0.00434	0.00133	0.03776	0.00456	0.00385	0.00588
7	0.00467	0.00389	0.00409	0.00420	0.00537	0.00330	0.00312	0.00566	0.00875	0.01059	0.05967	0.12353	0.70777	0.01003	0.00464	0.00135	0.00203	0.03045	0.00362	0.00328
8	0.00472	0.00337	0.00450	0.00540	0.00562	0.00315	0.00360	0.00540	0.00742	0.00990	0.02137	0.86122	0.02564	0.01215	0.00495	0.00157	0.00225	0.01102	0.00360	0.00315
9	0.00743	0.00700	0.01182	0.81639	0.06393	0.00864	0.01082	0.01000	0.00780	0.01003	0.00691	0.01030	0.00521	0.00386	0.00387	0.00129	0.00514	0.00345	0.00173	0.00439
10	0.00915	0.01046	0.02288	0.01634	0.02026	0.00980	0.82549	0.01242	0.00915	0.01242	0.00784	0.01046	0.00588	0.00327	0.00458	0.00131	0.00654	0.00458	0.00196	0.00523
11	0.01060	0.70281	0.10324	0.00725	0.01074	0.05184	0.00741	0.01218	0.00819	0.04713	0.00602	0.00677	0.00518	0.00345	0.00272	0.00089	0.00440	0.00226	0.00181	0.00510
12	0.01383	0.01059	0.01092	0.00865	0.01149	0.05508	0.00703	0.62183	0.13826	0.04556	0.01034	0.01044	0.00755	0.02503	0.00424	0.00124	0.00419	0.00363	0.00378	0.00632

[dist]
# distance from previous block
# <min> <max>
0	2

[block]
# block no. 6 follows, 70 sequences, length 80
# corresponding to MSA columns:
# 228-307
name=unknown_G
#
# <colnr> <probs for GDERKNQSTAVLIFYWHMCP>
#	G	D	E	R	K	N	Q	S	T	A	V	L	I	F	Y	W	H	M	C	P
0	0.03479	0.18373	0.14064	0.01052	0.03571	0.11259	0.21328	0.01240	0.00879	0.05329	0.01759	0.00870	0.00594	0.00361	0.00375	0.00106	0.02571	0.00313	0.00208	0.12269
1	0.06884	0.01036	0.01106	0.00855	0.01158	0.01141	0.00705	0.71362	0.03481	0.06960	0.00954	0.00945	0.00673	0.00461	0.00379	0.00117	0.00411	0.00345	0.00384	0.00644
2	0.00542	0.00387	0.00469	0.00488	0.00532	0.00360	0.00313	0.00593	0.00681	0.00924	0.03711	0.38887	0.03259	0.38301	0.01121	0.00243	0.00295	0.00778	0.00296	0.07822
3	0.03568	0.32344	0.19355	0.02316	0.03312	0.14288	0.06723	0.03499	0.00892	0.05349	0.01715	0.00857	0.00601	0.03186	0.00381	0.00113	0.00502	0.00286	0.00203	0.00510
4	0.01310	0.01048	0.02475	0.03138	0.19412	0.03246	0.04694	0.51685	0.01478	0.05422	0.00899	0.00989	0.00665	0.00435	0.00391	0.00118	0.00451	0.01192	0.00326	0.00628
5	0.00720	0.00732	0.01458	0.01141	0.01362	0.00695	0.44644	0.00928	0.00832	0.01124	0.01368	0.38184	0.01449	0.00723	0.00494	0.00143	0.02571	0.00736	0.00267	0.00430
6	0.06239	0.06827	0.02296	0.01682	0.06945	0.06422	0.07470	0.14985	0.06225	0.06393	0.02327	0.21227	0.01235	0.00649	0.00430	0.00130	0.02568	0.05151	0.00308	0.00491
7	0.00798	0.01961	0.80469	0.01111	0.01673	0.00910	0.03167	0.03307	0.00846	0.01259	0.00704	0.00826	0.00497	0.00370	0.00371	0.00123	0.00571	0.00292	0.00170	0.00574
8	0.01007	0.00937	0.01577	0.02209	0.72126	0.02246	0.06505	0.02987	0.00918	0.04622	0.00767	0.00975	0.00625	0.00353	0.00388	0.00116	0.00471	0.00353	0.00208	0.00608
9	0.00973	0.48832	0.30226	0.00857	0.02545	0.01247	0.00938	0.01211	0.00808	0.05068	0.00643	0.00737	0.00520	0.00365	0.00337	0.00102	0.03630	0.00250	0.00181	0.00530
10	0.00732	0.00689	0.01163	0.85444	0.02670	0.00861	0.01077	0.00991	0.00775	0.00991	0.00689	0.01034	0.00517	0.00388	0.00388	0.00129	0.00517	0.00345	0.00172	0.00431
11	0.00848	0.00848	0.01187	0.01018	0.01018	0.01187	0.00848	0.00933	0.00594	0.00933	0.00509	0.00848	0.00509	0.00679	0.01272	0.00170	0.85666	0.00339	0.00170	0.00424
12	0.01644	0.04742	0.02664	0.02544	0.01057	0.00678	0.00616	0.08288	0.01139	0.70309	0.01400	0.01239	0.00895	0.00468	0.00383	0.00118	0.00351	0.00375	0.00445	0.00645
13	0.00496	0.00351	0.00455	0.00525	0.00549	0.00335	0.00350	0.00558	0.00716	0.00953	0.01971	0.64914	0.03487	0.16443	0.02659	0.00207	0.00275	0.04118	0.00334	0.00303
14	0.01156	0.03069	0.11682	0.02509	0.31888	0.05757	0.00956	0.15692	0.01071	0.14716	0.00928	0.04494	0.00729	0.00441	0.00411	0.00119	0.03145	0.00368	0.00275	0.00591
15	0.03501	0.00419	0.00531	0.00493	0.00596	0.00391	0.00370	0.00788	0.01059	0.05261	0.72671	0.02750	0.04662	0.04210	0.00508	0.00132	0.00201	0.00667	0.00414	0.00375
16	0.00915	0.01046	0.02288	0.01634	0.02026	0.00980	0.82549	0.01242	0.00915	0.01242	0.00784	0.01046	0.00588	0.00327	0.00458	0.00131	0.00654	0.00458	0.00196	0.00523
17	0.00960	0.00921	0.01574	0.02380	0.83957	0.00921	0.01190	0.01190	0.00883	0.01267	0.00729	0.00960	0.00614	0.00345	0.00384	0.00115	0.00461	0.00345	0.00192	0.00614
18	0.00811	0.04034	0.67469	0.01112	0.03244	0.00886	0.07358	0.01209	0.00825	0.03260	0.00761	0.02596	0.00577	0.02465	0.00413	0.00128	0.00551	0.00323	0.00181	0.01795
19	0.00732	0.00689	0.01163	0.85444	0.02670	0.00861	0.01077	0.00991	0.00775	0.00991	0.00689	0.01034	0.00517	0.00388	0.00388	0.00129	0.00517	0.00345	0.00172	0.00431
20	0.00732	0.00689	0.01163	0.85444	0.02670	0.00861	0.01077	0.00991	0.00775	0.00991	0.00689	0.01034	0.00517	0.00388	0.00388	0.00129	0.00517	0.00345	0.00172	0.00431
21	0.04289	0.00928	0.01054	0.00810	0.01115	0.00974	0.00669	0.52247	0.01540	0.30653	0.01125	0.01056	0.00756	0.00467	0.00384	0.00118	0.00389	0.00359	0.00415	0.00652
22	0.01253	0.00735	0.01019	0.00934	0.07626	0.04090	0.07746	0.08629	0.01069	0.36699	0.01460	0.06491	0.01226	0.00623	0.00432	0.00134	0.00392	0.18513	0.00379	0.00549
23	0.00625	0.00446	0.00625	0.00714	0.00803	0.00446	0.00625	0.00803	0.00892	0.01160	0.02053	0.04373	0.02231	0.01071	0.00535	0.00178	0.00357	0.81348	0.00357	0.00357
24	0.01713	0.00703	0.00926	0.00710	0.01011	0.00633	0.00587	0.09997	0.01181	0.76017	0.01469	0.01281	0.00930	0.00478	0.00390	0.00120	0.00340	0.00386	0.00471	0.00660
25	0.00590	0.00420	0.00542	0.03346	0.00693	0.00414	0.00418	0.05616	0.03139	0.03142	0.06314	0.68090	0.03630	0.01079	0.00477	0.00150	0.00249	0.00970	0.00363	0.00359
26	0.01706	0.00697	0.00920	0.00707	0.01007	0.00627	0.00584	0.08352	0.02445	0.76399	0.01482	0.01290	0.00939	0.00479	0.00390	0.00120	0.00337	0.00387	0.00471	0.00659
27	0.00732	0.00689	0.01163	0.85444	0.02670	0.00861	0.01077	0.00991	0.00775	0.00991	0.00689	0.01034	0.00517	0.00388	0.00388	0.00129	0.00517	0.00345	0.00172	0.00431
28	0.01448	0.01848	0.01099	0.00999	0.01199	0.84819	0.00749	0.01548	0.01099	0.00949	0.00599	0.00699	0.00499	0.00400	0.00350	0.00100	0.00699	0.00250	0.00200	0.00449
29	0.01175	0.01449	0.34225	0.01006	0.01424	0.01074	0.04266	0.47111	0.01388	0.01913	0.00832	0.00891	0.00590	0.00421	0.00383	0.00119	0.00494	0.00329	0.00291	0.00620
30	0.00472	0.00337	0.00450	0.00540	0.00562	0.00315	0.00360	0.00540	0.00742	0.00990	0.02137	0.86122	0.02564	0.01215	0.00495	0.00157	0.00225	0.01102	0.00360	0.00315
31	0.00498	0.00355	0.00465	0.00518	0.00556	0.00332	0.00352	0.00589	0.00816	0.01111	0.22231	0.59089	0.02745	0.07703	0.00600	0.00166	0.00226	0.00961	0.00367	0.00321
32	0.00573	0.00389	0.00439	0.00440	0.00448	0.00392	0.00253	0.00612	0.03279	0.00791	0.01274	0.06236	0.01454	0.79760	0.01855	0.00358	0.00367	0.00584	0.00246	0.00251
33	0.01302	0.01001	0.01067	0.00857	0.01137	0.01122	0.00695	0.55571	0.29195	0.02167	0.01148	0.01104	0.00835	0.00486	0.00390	0.00121	0.00386	0.00379	0.00390	0.00644
34	0.01026	0.00832	0.00888	0.00787	0.01014	0.00951	0.00616	0.04980	0.75721	0.06252	0.01552	0.01421	0.01152	0.00521	0.00394	0.00130	0.00312	0.00432	0.00399	0.00618
35	0.00464	0.00381	0.00409	0.00431	0.00537	0.00326	0.00314	0.00556	0.00852	0.01036	0.03494	0.22350	0.64188	0.01036	0.00468	0.00138	0.00205	0.02130	0.00360	0.00325
36	0.58520	0.00848	0.00788	0.00657	0.00913	0.03657	0.03803	0.17172	0.00939	0.06370	0.00722	0.02831	0.00558	0.00408	0.00296	0.00120	0.00352	0.00280	0.00282	0.00483
37	0.00876	0.00693	0.00820	0.00596	0.00927	0.00542	0.00478	0.01059	0.02108	0.07314	0.00760	0.00853	0.00610	0.00313	0.00318	0.00066	0.02146	0.00247	0.00249	0.79024
38	0.03810	0.09762	0.01076	0.02239	0.03283	0.00926	0.02931	0.11436	0.03944	0.06367	0.00885	0.03067	0.00787	0.06631	0.18919	0.00255	0.22594	0.00381	0.00245	0.00460
39	0.00946	0.00819	0.00867	0.00780	0.00992	0.00948	0.00608	0.01990	0.79024	0.01590	0.01635	0.01510	0.03875	0.00544	0.00413	0.00132	0.01889	0.00449	0.00389	0.00601
40	0.01484	0.01027	0.01133	0.03143	0.01217	0.01121	0.00727	0.71252	0.01713	0.11735	0.00993	0.00978	0.00690	0.00465	0.00388	0.00117	0.00418	0.00354	0.00393	0.00653
41	0.00673	0.00337	0.00505	0.00505	0.00505	0.00337	0.00337	0.00505	0.00505	0.00673	0.00673	0.01178	0.00673	0.01347	0.01515	0.88721	0.00337	0.00337	0.00168	0.00168
42	0.00532	0.00394	0.00484	0.00462	0.00562	0.00357	0.00346	0.00695	0.01039	0.01432	0.62645	0.03050	0.22390	0.00827	0.00452	0.00123	0.00186	0.00719	0.02945	0.00357
43	0.00480	0.00342	0.00453	0.00540	0.00563	0.00321	0.00362	0.00548	0.00739	0.00985	0.02098	0.80562	0.02509	0.04636	0.00555	0.00167	0.00235	0.03239	0.00355	0.00313
44	0.00673	0.00337	0.00505	0.00505	0.00505	0.00337	0.00337	0.00505	0.00505	0.00673	0.00673	0.01178	0.00673	0.01347	0.01515	0.88721	0.00337	0.00337	0.00168	0.00168
45	0.00487	0.00349	0.00466	0.00554	0.00585	0.00328	0.00385	0.00566	0.00759	0.01007	0.02155	0.76982	0.03737	0.01197	0.00498	0.00159	0.00237	0.08871	0.00360	0.00319
46	0.01036	0.86609	0.02032	0.00663	0.00995	0.01534	0.00663	0.01161	0.00788	0.00912	0.00539	0.00622	0.00498	0.00332	0.00249	0.00083	0.00415	0.00207	0.00166	0.00498
47	0.02957	0.00760	0.00956	0.00734	0.01036	0.00722	0.00607	0.20711	0.01269	0.63951	0.01375	0.01219	0.00882	0.00475	0.00387	0.00119	0.00352	0.00378	0.00455	0.00656
48	0.01036	0.86609	0.02032	0.00663	0.00995	0.01534	0.00663	0.01161	0.00788	0.00912	0.00539	0.00622	0.00498	0.00332	0.00249	0.00083	0.00415	0.00207	0.00166	0.00498
49	0.00468	0.00393	0.00407	0.00403	0.00530	0.00332	0.00302	0.00576	0.00907	0.01103	0.12727	0.03639	0.74966	0.00961	0.00458	0.00130	0.00195	0.00805	0.00367	0.00332
50	0.00520	0.00395	0.00478	0.00458	0.00562	0.00354	0.00343	0.00676	0.01029	0.01393	0.58374	0.03161	0.29137	0.00853	0.00458	0.00125	0.00187	0.00738	0.00406	0.00354
51	0.00778	0.02005	0.84367	0.01105	0.01678	0.00900	0.01432	0.01228	0.00818	0.01228	0.00696	0.00818	0.00491	0.00368	0.00368	0.00123	0.00573	0.00286	0.00164	0.00573
52	0.01023	0.00855	0.00905	0.00798	0.01027	0.00982	0.00625	0.09819	0.74349	0.02773	0.01515	0.01395	0.01130	0.00520	0.00394	0.00130	0.00319	0.00429	0.00395	0.00619
53	0.00817	0.00697	0.00818	0.00606	0.02056	0.00535	0.00474	0.02813	0.00827	0.01286	0.00714	0.01905	0.00602	0.00304	0.00293	0.00061	0.00292	0.00245	0.00234	0.84421
54	0.00992	0.00803	0.00936	0.01827	0.05216	0.05374	0.01857	0.09093	0.05738	0.09020	0.05673	0.01101	0.01799	0.00416	0.00401	0.00093	0.05700	0.01090	0.00283	0.42587
55	0.02246	0.00951	0.00952	0.00822	0.01061	0.06022	0.00648	0.20615	0.58502	0.01773	0.01357	0.01272	0.01012	0.00502	0.00388	0.00126	0.00358	0.00404	0.00379	0.00612
56	0.00488	0.00354	0.00461	0.00519	0.00563	0.00327	0.00357	0.00583	0.00829	0.01117	0.20104	0.62394	0.08256	0.01107	0.00484	0.00148	0.00214	0.00995	0.00375	0.00327
57	0.00467	0.00383	0.00412	0.00427	0.00535	0.00328	0.00312	0.00565	0.00872	0.01071	0.09051	0.19099	0.63110	0.01012	0.00465	0.00135	0.00201	0.00863	0.00365	0.00328
58	0.00895	0.01172	0.13376	0.01552	0.01962	0.00973	0.70218	0.01235	0.00897	0.01235	0.00768	0.01012	0.00574	0.00338	0.00459	0.00130	0.02052	0.00432	0.00191	0.00528
59	0.01033	0.82252	0.05029	0.00683	0.01023	0.01506	0.00693	0.02368	0.00804	0.00946	0.00550	0.00634	0.00500	0.00335	0.00255	0.00085	0.00421	0.00212	0.00169	0.00503
60	0.00559	0.00399	0.00550	0.00639	0.00700	0.00390	0.00511	0.00690	0.00828	0.01087	0.02089	0.39486	0.02374	0.01133	0.00518	0.00169	0.00300	0.46880	0.00358	0.00339
61	0.00972	0.00702	0.00790	0.00707	0.00909	0.00761	0.00557	0.01699	0.50945	0.13513	0.12359	0.01925	0.06511	0.00613	0.00414	0.00131	0.00290	0.05238	0.00407	0.00556
62	0.04391	0.00784	0.01029	0.02346	0.12168	0.01688	0.02786	0.17802	0.03513	0.38544	0.01284	0.03160	0.02440	0.03903	0.00455	0.00132	0.00378	0.02224	0.00379	0.00597
63	0.00829	0.00823	0.01158	0.04394	0.01066	0.01141	0.00838	0.00920	0.00608	0.00938	0.00600	0.03122	0.01563	0.00685	0.01207	0.00167	0.78979	0.00365	0.00177	0.00420
64	0.01236	0.41022	0.01551	0.00904	0.04726	0.42615	0.00729	0.01353	0.00945	0.00946	0.00577	0.00675	0.00504	0.00366	0.00304	0.00093	0.00557	0.00234	0.00184	0.00479
65	0.00937	0.00893	0.01520	0.04640	0.78317	0.00897	0.01153	0.01166	0.00888	0.01270	0.04067	0.01039	0.00734	0.00365	0.00387	0.00116	0.00451	0.00360	0.00201	0.00599
66	0.01008	0.09885	0.02842	0.00624	0.00963	0.00660	0.00529	0.03148	0.00881	0.15718	0.00826	0.00878	0.00633	0.00332	0.00305	0.00074	0.00318	0.00259	0.00269	0.59849
67	0.00533	0.00396	0.00496	0.00471	0.00569	0.00359	0.00353	0.00700	0.01059	0.01464	0.69519	0.03045	0.17948	0.00826	0.00457	0.00124	0.00185	0.00722	0.00415	0.00359
68	0.00475	0.00357	0.00441	0.00496	0.00553	0.00323	0.00343	0.00561	0.00811	0.01054	0.09688	0.56990	0.24270	0.01116	0.00482	0.00147	0.00214	0.00992	0.00366	0.00323
69	0.01447	0.00827	0.00972	0.00758	0.01034	0.00843	0.00621	0.40300	0.01448	0.33651	0.12703	0.01354	0.01192	0.00517	0.00398	0.00119	0.00356	0.00414	0.00428	0.00619
70	0.01734	0.00668	0.00905	0.00694	0.00994	0.00582	0.00573	0.03508	0.01124	0.82586	0.01517	0.01312	0.00954	0.00480	0.00390	0.00120	0.00332	0.00389	0.00478	0.00660
71	0.01448	0.01848	0.01099	0.00999	0.01199	0.84819	0.00749	0.01548	0.01099	0.00949	0.00599	0.00699	0.00499	0.00400	0.00350	0.00100	0.00699	0.00250	0.00200	0.00449
72	0.00602	0.00385	0.00463	0.00443	0.00536	0.00363	0.00332	0.00781	0.00997	0.01501	0.53990	0.02453	0.05680	0.00688	0.00397	0.00112	0.00183	0.00595	0.29137	0.00363
73	0.00570	0.00415	0.00599	0.00595	0.00647	0.00476	0.00446	0.00666	0.00606	0.00863	0.01029	0.01637	0.01005	0.15354	0.64810	0.06367	0.02956	0.00431	0.00208	0.00320
74	0.00915	0.01046	0.02288	0.01634	0.02026	0.00980	0.82549	0.01242	0.00915	0.01242	0.00784	0.01046	0.00588	0.00327	0.00458	0.00131	0.00654	0.00458	0.00196	0.00523
75	0.00756	0.00715	0.01202	0.75538	0.10213	0.00875	0.01081	0.01008	0.00781	0.01015	0.00688	0.01022	0.00526	0.00391	0.00410	0.00129	0.02685	0.00344	0.00174	0.00448
76	0.00564	0.00416	0.00585	0.00581	0.00631	0.00474	0.00429	0.00665	0.00607	0.00862	0.01072	0.01769	0.01072	0.24522	0.61191	0.00547	0.03027	0.00452	0.00214	0.00319
77	0.00620	0.00549	0.04659	0.00649	0.03840	0.00522	0.00485	0.00849	0.09557	0.01090	0.13170	0.03519	0.10310	0.20710	0.24046	0.00322	0.01906	0.02539	0.00284	0.00372
78	0.01124	0.55795	0.07828	0.00830	0.03330	0.23370	0.00757	0.01268	0.00874	0.00955	0.00571	0.00666	0.00501	0.00353	0.00288	0.00091	0.00502	0.00228	0.00175	0.00494
79	0.00968	0.23516	0.27281	0.01081	0.10753	0.11067	0.03933	0.02286	0.02511	0.01135	0.00665	0.00791	0.00536	0.00365	0.00363	0.00105	0.03288	0.00275	0.00187	0.08895

[dist]
# distance from previous block
# <min> <max>
1	3

[block]
# block no. 7 follows, 70 sequences, length 36
# corresponding to MSA columns:
# 311-346
name=unknown_H
#
# <colnr> <probs for GDERKNQSTAVLIFYWHMCP>
#	G	D	E	R	K	N	Q	S	T	A	V	L	I	F	Y	W	H	M	C	P
0	0.02632	0.01164	0.21347	0.01699	0.36708	0.00887	0.18665	0.01216	0.02295	0.03431	0.05560	0.01067	0.00770	0.00380	0.00398	0.00121	0.00504	0.00376	0.00212	0.00568
1	0.01068	0.12077	0.09876	0.00968	0.09129	0.10001	0.03045	0.07786	0.01010	0.08308	0.03673	0.05376	0.04186	0.00526	0.00393	0.00119	0.00437	0.05112	0.00287	0.16625
2	0.01322	0.15149	0.05146	0.00986	0.06608	0.03055	0.08944	0.30544	0.01258	0.20214	0.00975	0.02455	0.00712	0.00432	0.00372	0.00114	0.00438	0.00353	0.00325	0.00601
3	0.00567	0.03446	0.03835	0.00526	0.02112	0.00469	0.02104	0.03390	0.03889	0.01144	0.07425	0.03166	0.63043	0.02596	0.00472	0.00133	0.00247	0.00721	0.00342	0.00373
4	0.00726	0.00679	0.01141	0.82557	0.02599	0.00844	0.01053	0.00982	0.00786	0.01010	0.03511	0.01097	0.00624	0.00401	0.00390	0.00129	0.00505	0.00357	0.00181	0.00428
5	0.02721	0.00685	0.00816	0.00593	0.00928	0.00533	0.00478	0.01138	0.00854	0.15689	0.00832	0.00890	0.00638	0.00322	0.00304	0.00070	0.00295	0.00257	0.00273	0.71684
6	0.00554	0.00415	0.00623	0.00623	0.00692	0.00485	0.00485	0.00692	0.00623	0.00900	0.01038	0.01523	0.00969	0.02908	0.84839	0.00623	0.01038	0.00415	0.00208	0.00346
7	0.01036	0.86609	0.02032	0.00663	0.00995	0.01534	0.00663	0.01161	0.00788	0.00912	0.00539	0.00622	0.00498	0.00332	0.00249	0.00083	0.00415	0.00207	0.00166	0.00498
8	0.00560	0.00380	0.00450	0.00453	0.00463	0.00388	0.00272	0.00580	0.00577	0.00779	0.01226	0.05028	0.01387	0.72532	0.13013	0.00402	0.00460	0.00561	0.00235	0.00252
9	0.01448	0.01848	0.01099	0.00999	0.01199	0.84819	0.00749	0.01548	0.01099	0.00949	0.00599	0.00699	0.00499	0.00400	0.00350	0.00100	0.00699	0.00250	0.00200	0.00449
10	0.01451	0.01751	0.01107	0.00985	0.01199	0.74218	0.00748	0.11832	0.01190	0.01138	0.00641	0.00728	0.00520	0.00408	0.00354	0.00102	0.00665	0.00262	0.00224	0.00476
11	0.00673	0.00337	0.00505	0.00505	0.00505	0.00337	0.00337	0.00505	0.00505	0.00673	0.00673	0.01178	0.00673	0.01347	0.01515	0.88721	0.00337	0.00337	0.00168	0.00168
12	0.01048	0.00645	0.01064	0.02625	0.01098	0.00587	0.19469	0.01246	0.01033	0.30513	0.26512	0.01950	0.09295	0.00583	0.00432	0.00124	0.00352	0.00538	0.00380	0.00503
13	0.00816	0.14474	0.72232	0.01040	0.01577	0.00994	0.01319	0.01218	0.00814	0.01181	0.00673	0.00790	0.00492	0.00363	0.00351	0.00117	0.00550	0.00275	0.00164	0.00562
14	0.01474	0.01086	0.01163	0.00892	0.01202	0.01202	0.00737	0.82664	0.01823	0.02443	0.00931	0.00931	0.00659	0.00465	0.00388	0.00116	0.00427	0.00349	0.00388	0.00659
15	0.00889	0.28801	0.44364	0.00988	0.01450	0.01099	0.09211	0.02888	0.00838	0.01155	0.00659	0.00780	0.00510	0.00351	0.00336	0.00108	0.00514	0.00277	0.00175	0.04606
16	0.00811	0.03663	0.26165	0.00878	0.05151	0.02477	0.03143	0.03106	0.19337	0.04014	0.03444	0.04399	0.20613	0.00588	0.00402	0.00126	0.00388	0.00490	0.00292	0.00512
17	0.62689	0.00723	0.00670	0.00564	0.00822	0.00779	0.00465	0.01366	0.00796	0.26686	0.00839	0.00838	0.00583	0.00396	0.00285	0.00120	0.00309	0.00264	0.00312	0.00492
18	0.00505	0.00388	0.00551	0.02526	0.00674	0.00379	0.03176	0.00587	0.00748	0.00998	0.02055	0.76146	0.04699	0.01141	0.00516	0.00156	0.03053	0.01030	0.00344	0.00329
19	0.00892	0.04441	0.34016	0.08672	0.25323	0.02032	0.13003	0.01216	0.00860	0.03797	0.00753	0.00959	0.00578	0.00368	0.00385	0.00121	0.00533	0.01299	0.00190	0.00561
20	0.00493	0.00374	0.00460	0.00520	0.00590	0.00341	0.00383	0.00590	0.00815	0.01038	0.02716	0.44981	0.29444	0.01113	0.00490	0.00152	0.00238	0.14576	0.00359	0.00326
21	0.04700	0.00663	0.00889	0.00684	0.00982	0.00580	0.00565	0.01864	0.01094	0.81430	0.01496	0.01296	0.00941	0.00476	0.00385	0.00120	0.00329	0.00384	0.00472	0.00652
22	0.02630	0.03918	0.06976	0.03247	0.05018	0.07536	0.03459	0.26481	0.01264	0.33911	0.01082	0.01049	0.00735	0.00441	0.00380	0.00117	0.00430	0.00349	0.00362	0.00615
23	0.14803	0.03059	0.10247	0.02361	0.14716	0.12826	0.11092	0.15110	0.07794	0.01498	0.00779	0.00894	0.00600	0.00398	0.00381	0.00119	0.02211	0.00324	0.00247	0.00543
24	0.00578	0.00413	0.00571	0.00660	0.00729	0.00406	0.00543	0.00722	0.00846	0.01107	0.02079	0.29679	0.02334	0.01115	0.00523	0.00172	0.00316	0.56508	0.00358	0.00344
25	0.25582	0.02665	0.02084	0.01738	0.09116	0.04408	0.02485	0.09193	0.00965	0.23216	0.00890	0.00918	0.00638	0.00389	0.00328	0.00108	0.00367	0.00297	0.00305	0.14306
26	0.00952	0.52742	0.22957	0.00766	0.01160	0.01228	0.00833	0.01167	0.00803	0.02381	0.00614	0.00706	0.00513	0.00338	0.00286	0.00091	0.00438	0.00233	0.00178	0.11613
27	0.01041	0.80371	0.05174	0.00692	0.01029	0.04433	0.00696	0.01177	0.00800	0.00926	0.00547	0.00632	0.00497	0.00335	0.00257	0.00085	0.00431	0.00212	0.00167	0.00499
28	0.00808	0.10603	0.73390	0.01077	0.01619	0.00967	0.03903	0.01221	0.00818	0.01196	0.00683	0.00806	0.00495	0.00363	0.00359	0.00119	0.00559	0.00284	0.00165	0.00564
29	0.00474	0.00393	0.00415	0.00409	0.00533	0.00334	0.00307	0.00587	0.00921	0.01137	0.17970	0.03584	0.69701	0.00949	0.00458	0.00129	0.00194	0.00798	0.00372	0.00334
