[name]
unknown

[dist]
# distance from previous block
# <min> <max>
0	39

[block]
# block no. 0 follows, 65 sequences, length 31
# corresponding to MSA columns:
# 49-79
name=unknown_A
#
# <colnr> <probs for GDERKNQSTAVLIFYWHMCP>
#	G	D	E	R	K	N	Q	S	T	A	V	L	I	F	Y	W	H	M	C	P
0	0.01147	0.05508	0.01203	0.26309	0.03363	0.06414	0.01821	0.29617	0.04987	0.03975	0.01009	0.05804	0.00836	0.02632	0.00464	0.00137	0.01497	0.02421	0.00303	0.00554
1	0.02484	0.05238	0.07212	0.05354	0.22537	0.03118	0.05196	0.14433	0.03272	0.12458	0.03917	0.03669	0.04169	0.00496	0.00424	0.00126	0.01720	0.01319	0.00303	0.02554
2	0.01219	0.08208	0.03409	0.00847	0.01156	0.21381	0.02811	0.14632	0.06380	0.06088	0.02915	0.00968	0.00741	0.00413	0.00360	0.00099	0.00467	0.00312	0.00286	0.27308
3	0.06813	0.01190	0.01097	0.00918	0.01184	0.18816	0.03003	0.28877	0.26603	0.03969	0.02680	0.01137	0.00886	0.00494	0.00398	0.00125	0.00465	0.00379	0.00358	0.00610
4	0.01040	0.00766	0.03989	0.00662	0.01000	0.00588	0.00552	0.04584	0.00964	0.16787	0.03454	0.05252	0.00889	0.00419	0.00349	0.00086	0.00324	0.00344	0.00311	0.57641
5	0.01570	0.01134	0.01222	0.00937	0.01265	0.01250	0.00774	0.78924	0.01904	0.05344	0.01007	0.01000	0.00709	0.00493	0.00411	0.00123	0.00448	0.00371	0.00414	0.00698
6	0.03234	0.00579	0.02494	0.00648	0.00776	0.03339	0.00492	0.04143	0.04176	0.13841	0.04441	0.46030	0.06284	0.01095	0.04796	0.00177	0.00339	0.02298	0.00383	0.00436
7	0.00882	0.01276	0.28355	0.14838	0.32390	0.00922	0.03509	0.01243	0.04556	0.01292	0.02519	0.02530	0.03016	0.00432	0.00410	0.00130	0.00517	0.00388	0.00213	0.00584
8	0.00590	0.00426	0.00591	0.00591	0.00640	0.00476	0.00427	0.00689	0.00639	0.00902	0.01163	0.01963	0.01178	0.29966	0.57267	0.00574	0.00871	0.00491	0.00229	0.00328
9	0.00917	0.00496	0.00518	0.00471	0.00607	0.00508	0.00365	0.11452	0.01013	0.05346	0.01306	0.01454	0.01005	0.00481	0.00309	0.00101	0.00232	0.00382	0.72600	0.00438
10	0.04505	0.00934	0.01343	0.03449	0.07292	0.00998	0.19750	0.10128	0.36905	0.04762	0.01274	0.03474	0.00984	0.01763	0.00453	0.00140	0.00442	0.00458	0.00339	0.00607
11	0.00754	0.00628	0.00983	0.02321	0.20998	0.00618	0.06302	0.03505	0.00922	0.02840	0.03694	0.26413	0.09225	0.00980	0.04927	0.00178	0.00409	0.13526	0.00319	0.00458
12	0.01375	0.01058	0.01128	0.00907	0.01202	0.01186	0.00735	0.54361	0.29516	0.02288	0.01221	0.01173	0.00889	0.00515	0.00413	0.00129	0.00408	0.00402	0.00413	0.00681
13	0.00627	0.00464	0.00548	0.00513	0.00639	0.00429	0.00387	0.02945	0.04399	0.03642	0.48289	0.03187	0.29327	0.02172	0.00503	0.00137	0.00218	0.00751	0.00425	0.00399
14	0.02131	0.15737	0.49648	0.01136	0.05152	0.01036	0.07743	0.02572	0.00906	0.06283	0.00854	0.02234	0.01971	0.00412	0.00381	0.00124	0.00546	0.00336	0.00210	0.00587
15	0.00964	0.28201	0.45958	0.01090	0.03705	0.03314	0.07251	0.01300	0.00880	0.02794	0.00707	0.00831	0.00543	0.00377	0.00358	0.00117	0.00556	0.00294	0.00185	0.00577
16	0.01016	0.00837	0.00899	0.00805	0.01027	0.00952	0.00626	0.04854	0.68863	0.03991	0.07908	0.03736	0.01465	0.00593	0.00425	0.00138	0.00318	0.00498	0.00422	0.00625
17	0.00897	0.00576	0.05413	0.00608	0.00781	0.00461	0.00499	0.01062	0.01029	0.22349	0.26723	0.19273	0.12512	0.00838	0.00464	0.00137	0.00272	0.02277	0.03366	0.00463
18	0.01232	0.05273	0.14487	0.13208	0.03202	0.01010	0.09024	0.20551	0.07909	0.16974	0.01036	0.01100	0.00734	0.00452	0.00425	0.00129	0.01940	0.00378	0.00318	0.00616
19	0.01018	0.10610	0.31736	0.06437	0.13222	0.05731	0.14854	0.03983	0.00955	0.05450	0.00794	0.00952	0.00596	0.00388	0.00395	0.00124	0.00567	0.00344	0.01260	0.00584
20	0.00518	0.00365	0.00471	0.00548	0.00568	0.00346	0.00356	0.00576	0.00751	0.01001	0.02081	0.69833	0.02486	0.17071	0.00817	0.00210	0.00268	0.01060	0.00356	0.00318
21	0.13342	0.07744	0.07877	0.09332	0.04355	0.12152	0.21985	0.01297	0.02940	0.02987	0.02384	0.00971	0.00644	0.00432	0.00494	0.00131	0.09841	0.00357	0.00220	0.00514
22	0.01037	0.00890	0.00937	0.00839	0.01074	0.01029	0.00654	0.04573	0.79854	0.01743	0.01650	0.01515	0.01236	0.00555	0.00417	0.00139	0.00329	0.00461	0.00417	0.00651
23	0.01231	0.60718	0.01864	0.00795	0.01118	0.16773	0.00728	0.10447	0.01019	0.01157	0.00630	0.00711	0.00547	0.00381	0.00300	0.00095	0.00496	0.00245	0.00209	0.00537
24	0.10330	0.00659	0.00781	0.03039	0.03672	0.00633	0.00533	0.10581	0.01053	0.19170	0.06628	0.14284	0.14342	0.01780	0.00437	0.00130	0.00315	0.00572	0.00373	0.10686
25	0.00980	0.05094	0.10206	0.03559	0.25041	0.05210	0.02185	0.05388	0.11071	0.04114	0.05895	0.05377	0.04937	0.02954	0.00523	0.00138	0.06040	0.00453	0.00277	0.00558
26	0.02271	0.02604	0.04842	0.03516	0.24163	0.11155	0.00851	0.08957	0.18770	0.01443	0.03140	0.10716	0.01098	0.02994	0.01544	0.00144	0.00454	0.00475	0.00297	0.00564
27	0.88473	0.00794	0.00603	0.00540	0.00794	0.00921	0.00445	0.01207	0.00699	0.01842	0.00572	0.00667	0.00445	0.00381	0.00254	0.00127	0.00318	0.00222	0.00254	0.00445
28	0.00499	0.00361	0.00472	0.00560	0.00592	0.00334	0.00376	0.00573	0.00797	0.01052	0.02400	0.79408	0.08524	0.01268	0.00521	0.00165	0.00236	0.01145	0.00381	0.00334
29	0.02849	0.04636	0.08223	0.02003	0.01134	0.06283	0.02606	0.24570	0.12189	0.05369	0.01081	0.01170	0.00821	0.00465	0.00371	0.00114	0.00407	0.01600	0.14923	0.09186
30	0.01449	0.11188	0.01272	0.00931	0.01209	0.29289	0.00751	0.37321	0.05666	0.03318	0.00875	0.00947	0.00678	0.02790	0.00426	0.00122	0.00538	0.00328	0.00314	0.00588

[dist]
# distance from previous block
# <min> <max>
0	1

[block]
# block no. 1 follows, 65 sequences, length 31
# corresponding to MSA columns:
# 81-98,100,101,138-148
name=unknown_B
#
# <colnr> <probs for GDERKNQSTAVLIFYWHMCP>
#	G	D	E	R	K	N	Q	S	T	A	V	L	I	F	Y	W	H	M	C	P
0	0.01115	0.03024	0.12151	0.04618	0.01797	0.04290	0.41577	0.13659	0.01108	0.07842	0.00912	0.02856	0.00687	0.00419	0.00460	0.00133	0.02081	0.00432	0.00259	0.00580
1	0.00975	0.42081	0.33871	0.00997	0.01452	0.01285	0.09580	0.01289	0.02881	0.01152	0.00690	0.00809	0.00552	0.00371	0.00340	0.00111	0.00528	0.00286	0.00184	0.00564
2	0.00860	0.00496	0.00607	0.00543	0.00709	0.00440	0.00420	0.01036	0.03206	0.21084	0.31255	0.05465	0.30600	0.00836	0.00467	0.00133	0.00241	0.00712	0.00438	0.00453
3	0.01047	0.00865	0.00932	0.09745	0.05822	0.12413	0.00683	0.10813	0.10404	0.10146	0.06791	0.19666	0.04676	0.00707	0.00457	0.00137	0.01834	0.02005	0.00348	0.00510
4	0.01032	0.01029	0.01204	0.08713	0.06424	0.20289	0.10606	0.02256	0.04230	0.05669	0.00952	0.05901	0.00834	0.01043	0.17448	0.00241	0.10981	0.00423	0.00243	0.00483
5	0.03613	0.00746	0.01193	0.75235	0.02622	0.00918	0.01079	0.05511	0.00878	0.01159	0.00776	0.03110	0.00605	0.00435	0.00408	0.00136	0.00527	0.00380	0.00202	0.00466
6	0.03512	0.00875	0.07392	0.58070	0.12917	0.00912	0.05496	0.01099	0.00842	0.01144	0.00785	0.03745	0.00629	0.00427	0.00411	0.00135	0.00535	0.00388	0.00194	0.00493
7	0.08940	0.06399	0.06598	0.01995	0.02113	0.03559	0.07172	0.33010	0.03428	0.06148	0.02280	0.09445	0.03447	0.00572	0.00410	0.00130	0.00436	0.03003	0.00340	0.00575
8	0.00647	0.00851	0.18886	0.03307	0.01028	0.00561	0.05959	0.00879	0.02115	0.02599	0.14724	0.13682	0.31520	0.00819	0.00465	0.00139	0.00344	0.00710	0.00331	0.00435
9	0.00758	0.00655	0.00903	0.00824	0.00856	0.02593	0.00655	0.00830	0.00638	0.00931	0.00800	0.01265	0.00775	0.03947	0.33042	0.12798	0.36766	0.00394	0.00197	0.00374
10	0.88473	0.00794	0.00603	0.00540	0.00794	0.00921	0.00445	0.01207	0.00699	0.01842	0.00572	0.00667	0.00445	0.00381	0.00254	0.00127	0.00318	0.00222	0.00254	0.00445
11	0.00950	0.02577	0.04078	0.03172	0.03499	0.04340	0.00600	0.09509	0.07901	0.09512	0.15984	0.11879	0.08510	0.00665	0.00424	0.00123	0.00337	0.01473	0.00360	0.14108
12	0.01533	0.01956	0.01163	0.01058	0.01269	0.83926	0.00793	0.01639	0.01163	0.01005	0.00635	0.00740	0.00529	0.00423	0.00370	0.00106	0.00740	0.00264	0.00212	0.00476
13	0.00860	0.04507	0.77879	0.01148	0.01736	0.00985	0.01464	0.04441	0.00907	0.01341	0.00742	0.00865	0.00527	0.00393	0.00387	0.00129	0.00596	0.00303	0.00183	0.00608
14	0.00528	0.00392	0.00485	0.00522	0.00591	0.00358	0.00369	0.00636	0.00906	0.01199	0.22189	0.39177	0.21119	0.05964	0.00597	0.00165	0.00235	0.03829	0.00391	0.00346
15	0.01134	0.05330	0.12532	0.00824	0.01107	0.06404	0.00740	0.20252	0.14552	0.09762	0.13392	0.05824	0.01372	0.00571	0.00410	0.00126	0.00400	0.00464	0.04229	0.00575
16	0.10257	0.02941	0.05732	0.00827	0.01102	0.04869	0.03209	0.24542	0.03002	0.16826	0.12292	0.01370	0.03228	0.00539	0.00456	0.00127	0.05376	0.00416	0.00365	0.02526
17	0.00954	0.40603	0.43909	0.00990	0.03563	0.01263	0.01135	0.01266	0.00853	0.01147	0.00661	0.00775	0.00527	0.00372	0.00332	0.00110	0.00526	0.00266	0.00175	0.00571
18	0.10203	0.27020	0.47080	0.00950	0.01425	0.03069	0.01124	0.01268	0.00851	0.01256	0.01984	0.00815	0.00568	0.00385	0.00339	0.00116	0.00522	0.00276	0.00188	0.00559
19	0.06547	0.30847	0.38083	0.03118	0.06881	0.04492	0.01099	0.01287	0.02037	0.01210	0.00680	0.00802	0.00538	0.00379	0.00339	0.00114	0.00522	0.00276	0.00187	0.00563
20	0.05301	0.11865	0.67829	0.01068	0.01616	0.01018	0.01341	0.01275	0.00861	0.01296	0.02536	0.00881	0.00592	0.00395	0.00370	0.00125	0.00563	0.00299	0.00184	0.00584
21	0.01288	0.01061	0.01127	0.00866	0.01186	0.07024	0.02420	0.44268	0.03143	0.01978	0.00875	0.00936	0.00662	0.00434	0.00409	0.00105	0.03372	0.00326	0.00331	0.28190
22	0.00513	0.00374	0.00484	0.00560	0.00606	0.00346	0.00389	0.00602	0.00837	0.01106	0.08040	0.66280	0.11721	0.01220	0.00519	0.00162	0.00239	0.05277	0.00386	0.00341
23	0.00694	0.00400	0.00530	0.00523	0.00572	0.00382	0.00357	0.00679	0.00740	0.05867	0.13023	0.11391	0.09111	0.16397	0.02351	0.35483	0.00324	0.00596	0.00291	0.00287
24	0.00838	0.00719	0.01150	0.10499	0.39280	0.00735	0.00895	0.02854	0.00879	0.01204	0.02954	0.10201	0.05028	0.02927	0.00628	0.10849	0.00421	0.07203	0.00251	0.00487
25	0.00994	0.00971	0.01571	0.16686	0.65918	0.04209	0.01221	0.01238	0.00924	0.01277	0.00759	0.01019	0.00628	0.00376	0.00406	0.00124	0.00508	0.00362	0.00200	0.00610
26	0.00597	0.00398	0.00448	0.00448	0.00448	0.00398	0.00249	0.00597	0.00597	0.00796	0.01293	0.02686	0.01492	0.85574	0.02089	0.00398	0.00398	0.00597	0.00249	0.00249
27	0.00532	0.00387	0.00482	0.00532	0.00583	0.00360	0.00366	0.00620	0.00837	0.01105	0.12780	0.44992	0.14946	0.14202	0.00757	0.00195	0.00260	0.05363	0.00370	0.00332
28	0.08041	0.01040	0.05431	0.01001	0.05464	0.01050	0.04378	0.46414	0.02648	0.08104	0.01129	0.01458	0.00904	0.00548	0.00420	0.00133	0.00443	0.10399	0.00370	0.00624
29	0.01224	0.01119	0.01180	0.00998	0.02363	0.15110	0.09030	0.20426	0.33225	0.03460	0.01250	0.01353	0.00967	0.00518	0.00418	0.00130	0.00465	0.03929	0.02229	0.00605
30	0.00597	0.00398	0.00448	0.00448	0.00448	0.00398	0.00249	0.00597	0.00597	0.00796	0.01293	0.02686	0.01492	0.85574	0.02089	0.00398	0.00398	0.00597	0.00249	0.00249

[dist]
# distance from previous block
# <min> <max>
0	1

[block]
# block no. 2 follows, 65 sequences, length 67
# corresponding to MSA columns:
# 150-216
name=unknown_C
#
# <colnr> <probs for GDERKNQSTAVLIFYWHMCP>
#	G	D	E	R	K	N	Q	S	T	A	V	L	I	F	Y	W	H	M	C	P
0	0.25876	0.02797	0.35744	0.01046	0.01479	0.02078	0.14203	0.08576	0.00935	0.01561	0.00742	0.01883	0.00558	0.00400	0.00368	0.00129	0.00519	0.00325	0.00227	0.00554
1	0.01134	0.78885	0.02069	0.00732	0.01071	0.08431	0.00710	0.01263	0.00861	0.00969	0.00576	0.00665	0.00527	0.00357	0.00272	0.00089	0.00464	0.00223	0.00179	0.00523
2	0.00850	0.00740	0.00927	0.09623	0.04751	0.00605	0.00590	0.01045	0.00852	0.01307	0.00731	0.00884	0.00603	0.00318	0.00320	0.00072	0.00338	0.00261	0.00235	0.74948
3	0.00519	0.00371	0.00498	0.00593	0.00626	0.00350	0.00414	0.00605	0.00805	0.01069	0.02252	0.75728	0.02673	0.01268	0.00529	0.00169	0.00255	0.10556	0.00381	0.00339
4	0.00486	0.00414	0.00418	0.00421	0.00556	0.00346	0.00314	0.00588	0.00930	0.01107	0.04093	0.06746	0.80093	0.01048	0.00486	0.00140	0.00209	0.00877	0.00381	0.00346
5	0.00514	0.00367	0.00492	0.00588	0.00618	0.00346	0.00405	0.00596	0.00800	0.01064	0.02255	0.78273	0.02684	0.01273	0.00528	0.00169	0.00250	0.08061	0.00381	0.00337
6	0.00509	0.00364	0.00487	0.00582	0.00610	0.00341	0.00397	0.00587	0.00795	0.01058	0.02257	0.80764	0.02695	0.01277	0.00526	0.00168	0.00246	0.05620	0.00381	0.00336
7	0.00500	0.00357	0.00476	0.00572	0.00595	0.00333	0.00381	0.00572	0.00786	0.01048	0.02262	0.85306	0.02715	0.01286	0.00524	0.00167	0.00238	0.01167	0.00381	0.00333
8	0.00500	0.00417	0.00436	0.00441	0.00571	0.00355	0.00333	0.00610	0.00937	0.01132	0.07413	0.05904	0.72123	0.02425	0.00516	0.00146	0.00220	0.04791	0.00382	0.00348
9	0.76856	0.00781	0.00650	0.00565	0.00828	0.00878	0.00466	0.01313	0.00762	0.12765	0.00712	0.00765	0.00521	0.00398	0.00275	0.00127	0.00322	0.00248	0.00288	0.00479
10	0.01570	0.01134	0.01222	0.00937	0.01265	0.01250	0.00774	0.78908	0.01904	0.05360	0.01007	0.01000	0.00709	0.00493	0.00411	0.00123	0.00448	0.00371	0.00414	0.00698
11	0.01811	0.00748	0.00983	0.00754	0.01072	0.00677	0.00623	0.10705	0.01257	0.74477	0.01550	0.01352	0.00981	0.00506	0.00413	0.00127	0.00360	0.00408	0.00497	0.00699
12	0.04911	0.00480	0.00601	0.00550	0.00682	0.00444	0.00413	0.00971	0.01052	0.16153	0.45782	0.10480	0.08209	0.06744	0.00577	0.00152	0.00247	0.00697	0.00427	0.00428
13	0.00515	0.00408	0.00462	0.00467	0.00577	0.00356	0.00344	0.00639	0.00977	0.01252	0.26144	0.15784	0.48582	0.01019	0.00491	0.00140	0.00208	0.00876	0.00401	0.00356
14	0.01560	0.01150	0.01232	0.00944	0.01273	0.01273	0.00780	0.81645	0.01930	0.02587	0.00986	0.00986	0.00698	0.00493	0.00411	0.00123	0.00452	0.00370	0.00411	0.00698
15	0.00632	0.00406	0.00468	0.00467	0.00481	0.00400	0.00272	0.00645	0.00638	0.03618	0.02473	0.08524	0.01595	0.75556	0.01900	0.00369	0.00382	0.00633	0.00270	0.00272
16	0.00621	0.00397	0.00506	0.00515	0.00571	0.00376	0.00354	0.00651	0.00776	0.03394	0.12147	0.18983	0.16443	0.14840	0.05452	0.21088	0.00329	0.00704	0.01547	0.00305
17	0.00647	0.00464	0.00644	0.00736	0.00828	0.00461	0.00636	0.00827	0.00936	0.01215	0.02236	0.09153	0.04710	0.01140	0.00562	0.00186	0.00365	0.73502	0.00378	0.00375
18	0.83265	0.00847	0.03350	0.00571	0.00839	0.00931	0.00489	0.03357	0.00737	0.01844	0.00588	0.00682	0.00454	0.00384	0.00263	0.00127	0.00331	0.00229	0.00256	0.00457
19	0.01504	0.01912	0.01229	0.01093	0.01315	0.79567	0.05038	0.01622	0.01153	0.01021	0.00645	0.00760	0.00534	0.00419	0.00376	0.00107	0.00738	0.00276	0.00211	0.00480
20	0.00635	0.00547	0.00689	0.04552	0.09982	0.00539	0.00519	0.00863	0.08195	0.01238	0.12814	0.08927	0.42599	0.02540	0.00531	0.00144	0.03177	0.00735	0.00355	0.00418
21	0.01082	0.81108	0.06728	0.00729	0.01094	0.01586	0.00748	0.01233	0.00836	0.00985	0.00580	0.00670	0.00526	0.00353	0.00271	0.00090	0.00448	0.00224	0.00175	0.00531
22	0.01097	0.85821	0.02151	0.00702	0.01054	0.01624	0.00702	0.01229	0.00834	0.00966	0.00571	0.00658	0.00527	0.00351	0.00263	0.00088	0.00439	0.00219	0.00176	0.00527
23	0.03874	0.00729	0.00962	0.00739	0.01056	0.00653	0.00611	0.06964	0.01211	0.76321	0.01555	0.01354	0.00983	0.00504	0.00409	0.00127	0.00355	0.00406	0.00496	0.00693
24	0.00532	0.00418	0.00481	0.00471	0.00589	0.00368	0.00355	0.00677	0.01032	0.01345	0.38290	0.04802	0.45044	0.00959	0.00488	0.00136	0.00207	0.03028	0.00412	0.00365
25	0.01560	0.01150	0.01232	0.00944	0.01273	0.01273	0.00780	0.81645	0.01930	0.02587	0.00986	0.00986	0.00698	0.00493	0.00411	0.00123	0.00452	0.00370	0.00411	0.00698
26	0.00485	0.00416	0.00416	0.00416	0.00554	0.00347	0.00312	0.00589	0.00936	0.01109	0.04158	0.03950	0.82847	0.01040	0.00485	0.00139	0.00208	0.00866	0.00381	0.00347
27	0.01113	0.00872	0.00938	0.00824	0.01064	0.00987	0.00645	0.07104	0.68567	0.08532	0.01615	0.01513	0.01204	0.02561	0.00456	0.00143	0.00337	0.00457	0.00421	0.00647
28	0.00630	0.00398	0.00534	0.00593	0.00652	0.00370	0.00419	0.00726	0.00858	0.07988	0.08331	0.66467	0.02637	0.01176	0.00515	0.00162	0.00254	0.06521	0.00397	0.00371
29	0.01842	0.00699	0.00953	0.00730	0.01048	0.00603	0.00603	0.02000	0.01175	0.83298	0.01619	0.01397	0.01016	0.00508	0.00413	0.00127	0.00349	0.00413	0.00508	0.00699
30	0.00493	0.00416	0.00427	0.00424	0.00559	0.00350	0.00318	0.00605	0.00955	0.01154	0.10800	0.03876	0.76177	0.01023	0.00485	0.00138	0.00207	0.00856	0.00387	0.00350
31	0.00656	0.00505	0.00582	0.00573	0.00668	0.00516	0.00406	0.00988	0.19063	0.01295	0.21804	0.19330	0.11130	0.19649	0.00833	0.00200	0.00279	0.00747	0.00377	0.00400
32	0.00493	0.00416	0.00424	0.00422	0.00555	0.00350	0.00314	0.00600	0.00940	0.01131	0.08511	0.03868	0.76274	0.03237	0.00527	0.00145	0.00212	0.00852	0.00382	0.00346
33	0.00581	0.00420	0.00549	0.00516	0.00613	0.00387	0.00387	0.00775	0.01162	0.01646	0.82797	0.03066	0.03873	0.00839	0.00484	0.00129	0.00194	0.00742	0.00452	0.00387
34	0.00592	0.00435	0.00556	0.00523	0.00626	0.00407	0.00393	0.00815	0.03940	0.01626	0.76767	0.03050	0.07039	0.00838	0.00482	0.00130	0.00199	0.00738	0.00448	0.00395
35	0.01131	0.00936	0.00990	0.00858	0.01109	0.01072	0.00676	0.18396	0.65877	0.01895	0.01531	0.01420	0.01140	0.00544	0.00416	0.00136	0.00351	0.00445	0.00416	0.00660
36	0.00581	0.00420	0.00549	0.00516	0.00613	0.00387	0.00387	0.00775	0.01162	0.01646	0.82797	0.03066	0.03873	0.00839	0.00484	0.00129	0.00194	0.00742	0.00452	0.00387
37	0.88473	0.00794	0.00603	0.00540	0.00794	0.00921	0.00445	0.01207	0.00699	0.01842	0.00572	0.00667	0.00445	0.00381	0.00254	0.00127	0.00318	0.00222	0.00254	0.00445
38	0.00597	0.00398	0.00448	0.00448	0.00448	0.00398	0.00249	0.00597	0.00597	0.00796	0.01293	0.02686	0.01492	0.85574	0.02089	0.00398	0.00398	0.00597	0.00249	0.00249
39	0.00567	0.00419	0.00530	0.00502	0.00605	0.00382	0.00377	0.00748	0.01130	0.01570	0.71721	0.03191	0.14996	0.00867	0.00484	0.00130	0.00196	0.00760	0.00442	0.00382
40	0.00969	0.01107	0.02422	0.01730	0.02145	0.01038	0.81522	0.01315	0.00969	0.01315	0.00830	0.01107	0.00623	0.00346	0.00484	0.00138	0.00692	0.00484	0.00208	0.00554
41	0.00823	0.02123	0.83447	0.01170	0.01777	0.00953	0.01517	0.01300	0.00867	0.01300	0.00737	0.00867	0.00520	0.00390	0.00390	0.00130	0.00607	0.00303	0.00173	0.00607
42	0.00596	0.00454	0.00678	0.00672	0.00744	0.00536	0.00525	0.00741	0.00659	0.00954	0.01082	0.01591	0.01011	0.03006	0.81423	0.00645	0.03658	0.00437	0.00219	0.00369
43	0.00792	0.00747	0.01262	0.78798	0.08484	0.00916	0.01148	0.01064	0.00829	0.01069	0.00733	0.01089	0.00554	0.00407	0.00410	0.00136	0.00543	0.00365	0.00184	0.00470
44	0.01560	0.01150	0.01232	0.00944	0.01273	0.01273	0.00780	0.81645	0.01930	0.02587	0.00986	0.00986	0.00698	0.00493	0.00411	0.00123	0.00452	0.00370	0.00411	0.00698
45	0.00823	0.02123	0.83447	0.01170	0.01777	0.00953	0.01517	0.01300	0.00867	0.01300	0.00737	0.00867	0.00520	0.00390	0.00390	0.00130	0.00607	0.00303	0.00173	0.00607
46	0.01009	0.00993	0.01770	0.02411	0.71882	0.00984	0.12308	0.01267	0.00939	0.01337	0.00780	0.01029	0.00646	0.00363	0.00417	0.00124	0.00516	0.00382	0.00204	0.00637
47	0.01560	0.01150	0.01232	0.00944	0.01273	0.01273	0.00780	0.81645	0.01930	0.02587	0.00986	0.00986	0.00698	0.00493	0.00411	0.00123	0.00452	0.00370	0.00411	0.00698
48	0.00499	0.00362	0.00471	0.00559	0.00592	0.00335	0.00375	0.00573	0.00798	0.01053	0.02421	0.78505	0.09413	0.01265	0.00521	0.00164	0.00236	0.01142	0.00381	0.00335
49	0.00889	0.03585	0.67943	0.01263	0.06337	0.00961	0.07565	0.01324	0.00889	0.04376	0.00776	0.00909	0.00554	0.00389	0.00396	0.00129	0.00593	0.00323	0.00190	0.00607
50	0.01842	0.00699	0.00953	0.00730	0.01048	0.00603	0.00603	0.02000	0.01175	0.83298	0.01619	0.01397	0.01016	0.00508	0.00413	0.00127	0.00349	0.00413	0.00508	0.00699
51	0.00500	0.00357	0.00476	0.00572	0.00595	0.00333	0.00381	0.00572	0.00786	0.01048	0.02262	0.85306	0.02715	0.01286	0.00524	0.00167	0.00238	0.01167	0.00381	0.00333
52	0.01476	0.01822	0.01177	0.01054	0.01264	0.72547	0.01935	0.04476	0.04744	0.01096	0.00691	0.00796	0.00569	0.00443	0.00418	0.00112	0.04378	0.00284	0.00226	0.00491
53	0.00973	0.00930	0.01566	0.16864	0.62337	0.00968	0.03126	0.01276	0.05495	0.01310	0.00817	0.01061	0.00665	0.00384	0.00410	0.00126	0.00494	0.00374	0.00212	0.00614
54	0.00500	0.00357	0.00476	0.00572	0.00595	0.00333	0.00381	0.00572	0.00786	0.01048	0.02262	0.85306	0.02715	0.01286	0.00524	0.00167	0.00238	0.01167	0.00381	0.00333
55	0.00579	0.00420	0.00546	0.00514	0.00612	0.00386	0.00386	0.00770	0.01157	0.01633	0.80914	0.03087	0.05764	0.00844	0.00484	0.00129	0.00194	0.00745	0.00450	0.00386
56	0.00851	0.00730	0.00851	0.00608	0.00973	0.00547	0.00486	0.01034	0.00851	0.01338	0.00730	0.00851	0.00608	0.00304	0.00304	0.00061	0.00304	0.00243	0.00243	0.88083
57	0.01536	0.05590	0.05425	0.00750	0.01073	0.02059	0.00650	0.01738	0.03420	0.56094	0.01368	0.02934	0.00930	0.00487	0.00413	0.00118	0.02421	0.00387	0.00418	0.12191
58	0.05813	0.01722	0.57307	0.01131	0.03940	0.00945	0.04933	0.07815	0.00958	0.01439	0.04369	0.02466	0.00760	0.00453	0.00422	0.00132	0.02598	0.01995	0.00220	0.00581
59	0.01357	0.00573	0.00712	0.00588	0.00809	0.00527	0.00472	0.01569	0.04272	0.45689	0.01504	0.01458	0.01041	0.00497	0.00360	0.00114	0.00282	0.00402	0.37208	0.00564
60	0.00948	0.00963	0.01314	0.03470	0.13575	0.05734	0.00954	0.01066	0.00709	0.01044	0.00584	0.00912	0.00555	0.00641	0.01126	0.00166	0.65217	0.00355	0.00185	0.00481
61	0.00500	0.00357	0.00476	0.00572	0.00595	0.00333	0.00381	0.00572	0.00786	0.01048	0.02262	0.85306	0.02715	0.01286	0.00524	0.00167	0.00238	0.01167	0.00381	0.00333
62	0.00759	0.00641	0.00685	0.00639	0.00816	0.00679	0.00493	0.01383	0.39971	0.01471	0.12730	0.02700	0.31527	0.00786	0.00455	0.00139	0.00267	0.02952	0.00407	0.00498
63	0.00775	0.00730	0.01231	0.84587	0.02827	0.00912	0.01140	0.01049	0.00821	0.01049	0.00730	0.01094	0.00547	0.00410	0.00410	0.00137	0.00547	0.00365	0.00182	0.00456
64	0.12651	0.01290	0.05533	0.00816	0.01035	0.37354	0.00656	0.03376	0.02729	0.08820	0.00906	0.01083	0.00731	0.05942	0.04102	0.00154	0.00549	0.00325	0.11470	0.00478
65	0.77886	0.00849	0.00689	0.00653	0.04242	0.03980	0.00502	0.02791	0.00761	0.03761	0.00615	0.00708	0.00475	0.00387	0.00271	0.00126	0.00344	0.00237	0.00259	0.00465
66	0.01202	0.01195	0.02852	0.03588	0.04011	0.20596	0.23222	0.14733	0.05820	0.06742	0.06807	0.02926	0.03418	0.00489	0.00431	0.00127	0.00550	0.00440	0.00298	0.00553

[dist]
# distance from previous block
# <min> <max>
1	2

[block]
# block no. 3 follows, 65 sequences, length 57
# corresponding to MSA columns:
# 219-275
name=unknown_D
#
# <colnr> <probs for GDERKNQSTAVLIFYWHMCP>
#	G	D	E	R	K	N	Q	S	T	A	V	L	I	F	Y	W	H	M	C	P
0	0.01327	0.01262	0.13581	0.01102	0.04704	0.02250	0.07702	0.49633	0.07048	0.03407	0.00966	0.01017	0.00699	0.00470	0.00440	0.00128	0.02888	0.00375	0.00343	0.00657
1	0.01074	0.03866	0.01189	0.02419	0.11221	0.06640	0.00817	0.07723	0.34566	0.02592	0.01095	0.01172	0.00866	0.00551	0.00646	0.00142	0.22138	0.00394	0.00305	0.00584
2	0.00586	0.00436	0.00547	0.00516	0.00623	0.00405	0.00388	0.00804	0.04044	0.01587	0.70849	0.03113	0.12857	0.00852	0.00482	0.00131	0.00200	0.00747	0.00443	0.00392
3	0.00523	0.00374	0.00494	0.00582	0.00613	0.00353	0.00394	0.02036	0.00810	0.01079	0.02238	0.82051	0.02671	0.01268	0.00523	0.00166	0.00245	0.02857	0.00382	0.00341
4	0.01842	0.00699	0.00953	0.00730	0.01048	0.00603	0.00603	0.02000	0.01175	0.83298	0.01619	0.01397	0.01016	0.00508	0.00413	0.00127	0.00349	0.00413	0.00508	0.00699
5	0.01554	0.01102	0.01201	0.00926	0.01247	0.02655	0.01783	0.68180	0.03766	0.10582	0.02193	0.01066	0.00783	0.00498	0.00412	0.00124	0.00443	0.00381	0.00415	0.00687
6	0.10284	0.01020	0.05693	0.00849	0.01081	0.13777	0.05400	0.02494	0.26416	0.05704	0.13309	0.01509	0.01335	0.00582	0.01554	0.00138	0.03257	0.01994	0.03070	0.00533
7	0.00503	0.00359	0.00478	0.00570	0.00596	0.00335	0.00381	0.00578	0.00797	0.01066	0.04656	0.82862	0.02749	0.01273	0.00523	0.00166	0.00237	0.01154	0.00383	0.00335
8	0.00577	0.00419	0.00543	0.00512	0.00611	0.00386	0.00384	0.00767	0.01153	0.01624	0.79616	0.03102	0.07067	0.00847	0.00484	0.00129	0.00194	0.00747	0.00449	0.00386
9	0.00851	0.00730	0.00851	0.00608	0.00973	0.00547	0.00486	0.01034	0.00851	0.01338	0.00730	0.00851	0.00608	0.00304	0.00304	0.00061	0.00304	0.00243	0.00243	0.88083
10	0.88473	0.00794	0.00603	0.00540	0.00794	0.00921	0.00445	0.01207	0.00699	0.01842	0.00572	0.00667	0.00445	0.00381	0.00254	0.00127	0.00318	0.00222	0.00254	0.00445
11	0.01097	0.85821	0.02151	0.00702	0.01054	0.01624	0.00702	0.01229	0.00834	0.00966	0.00571	0.00658	0.00527	0.00351	0.00263	0.00088	0.00439	0.00219	0.00176	0.00527
12	0.00510	0.00365	0.00486	0.00565	0.00598	0.00340	0.00382	0.00597	0.00834	0.01124	0.12502	0.74850	0.02862	0.01229	0.00519	0.00162	0.00232	0.01113	0.00390	0.00340
13	0.00572	0.00419	0.00536	0.00507	0.00608	0.00383	0.00380	0.00757	0.01140	0.01594	0.75136	0.03152	0.11566	0.00859	0.00484	0.00130	0.00195	0.00754	0.00445	0.00383
14	0.00923	0.03391	0.02852	0.11374	0.01304	0.02648	0.02379	0.06494	0.02753	0.01137	0.00690	0.01016	0.00620	0.01996	0.06067	0.00195	0.51711	0.00367	0.01612	0.00470
15	0.00596	0.00399	0.00452	0.00450	0.00454	0.00398	0.00254	0.00604	0.00620	0.00830	0.04589	0.02702	0.01589	0.82147	0.02024	0.00387	0.00390	0.00603	0.00257	0.00254
16	0.12792	0.02703	0.01278	0.09725	0.17719	0.03894	0.03531	0.36223	0.02635	0.04332	0.00867	0.00971	0.00646	0.00436	0.00387	0.00124	0.00463	0.00349	0.00310	0.00614
17	0.00660	0.00590	0.00968	0.00786	0.00969	0.00544	0.19593	0.00884	0.02522	0.01436	0.43233	0.02761	0.20279	0.02308	0.00513	0.00138	0.00321	0.00701	0.00374	0.00420
18	0.88473	0.00794	0.00603	0.00540	0.00794	0.00921	0.00445	0.01207	0.00699	0.01842	0.00572	0.00667	0.00445	0.00381	0.00254	0.00127	0.00318	0.00222	0.00254	0.00445
19	0.01097	0.85821	0.02151	0.00702	0.01054	0.01624	0.00702	0.01229	0.00834	0.00966	0.00571	0.00658	0.00527	0.00351	0.00263	0.00088	0.00439	0.00219	0.00176	0.00527
20	0.00775	0.00730	0.01231	0.84587	0.02827	0.00912	0.01140	0.01049	0.00821	0.01049	0.00730	0.01094	0.00547	0.00410	0.00410	0.00137	0.00547	0.00365	0.00182	0.00456
21	0.00499	0.00418	0.00435	0.00434	0.00567	0.00354	0.00328	0.00613	0.00958	0.01164	0.11708	0.03882	0.73265	0.01023	0.00487	0.00139	0.00211	0.02780	0.00388	0.00351
22	0.00851	0.00730	0.00851	0.00608	0.00973	0.00547	0.00486	0.01034	0.00851	0.01338	0.00730	0.00851	0.00608	0.00304	0.00304	0.00061	0.00304	0.00243	0.00243	0.88083
23	0.01842	0.00699	0.00953	0.00730	0.01048	0.00603	0.00603	0.02000	0.01175	0.83298	0.01619	0.01397	0.01016	0.00508	0.00413	0.00127	0.00349	0.00413	0.00508	0.00699
24	0.01097	0.85821	0.02151	0.00702	0.01054	0.01624	0.00702	0.01229	0.00834	0.00966	0.00571	0.00658	0.00527	0.00351	0.00263	0.00088	0.00439	0.00219	0.00176	0.00527
25	0.00538	0.00403	0.00490	0.00498	0.00589	0.00362	0.00362	0.00676	0.01000	0.01345	0.39150	0.23191	0.26183	0.00998	0.00490	0.00140	0.00208	0.00874	0.02141	0.00362
26	0.00775	0.00730	0.01231	0.84587	0.02827	0.00912	0.01140	0.01049	0.00821	0.01049	0.00730	0.01094	0.00547	0.00410	0.00410	0.00137	0.00547	0.00365	0.00182	0.00456
27	0.00495	0.00391	0.00446	0.00486	0.00574	0.00342	0.00344	0.00588	0.00879	0.01100	0.05881	0.38634	0.46115	0.01138	0.00502	0.00150	0.00220	0.00991	0.00383	0.00342
28	0.00763	0.00623	0.00678	0.00627	0.00799	0.00653	0.00481	0.01347	0.36274	0.02845	0.21711	0.02649	0.27362	0.00774	0.00454	0.00136	0.00258	0.00655	0.00416	0.00493
29	0.00909	0.10684	0.63027	0.01164	0.04442	0.02547	0.02937	0.04871	0.00913	0.01310	0.00726	0.00859	0.00536	0.00399	0.00408	0.00126	0.03055	0.00304	0.00187	0.00596
30	0.01707	0.00828	0.01057	0.00809	0.01126	0.00797	0.02967	0.24300	0.01372	0.55943	0.01411	0.01277	0.00917	0.00498	0.00411	0.00125	0.00383	0.00402	0.02985	0.00685
31	0.00659	0.00487	0.00605	0.00558	0.00672	0.00477	0.00422	0.03252	0.06856	0.02697	0.64447	0.02873	0.08423	0.03309	0.00542	0.00139	0.02034	0.00703	0.00433	0.00414
32	0.06900	0.34381	0.01500	0.00847	0.01011	0.01297	0.00748	0.01070	0.00718	0.01033	0.00615	0.00866	0.00581	0.00810	0.09928	0.00193	0.36539	0.00304	0.00188	0.00470
33	0.00500	0.00357	0.00476	0.00572	0.00595	0.00333	0.00381	0.00572	0.00786	0.01048	0.02262	0.85306	0.02715	0.01286	0.00524	0.00167	0.00238	0.01167	0.00381	0.00333
34	0.01272	0.01044	0.05193	0.00897	0.01186	0.01097	0.02333	0.41102	0.28120	0.03685	0.01220	0.01203	0.00896	0.00511	0.00428	0.00129	0.02450	0.00401	0.06187	0.00648
35	0.00496	0.00413	0.00433	0.00434	0.00563	0.00350	0.00323	0.00608	0.00952	0.01163	0.12483	0.07912	0.70397	0.01030	0.00487	0.00139	0.00208	0.00868	0.00389	0.00350
36	0.01089	0.83350	0.04551	0.00716	0.01075	0.01604	0.00726	0.01231	0.00835	0.00976	0.00576	0.00665	0.00527	0.00352	0.00267	0.00089	0.00444	0.00222	0.00176	0.00529
37	0.00823	0.02123	0.83447	0.01170	0.01777	0.00953	0.01517	0.01300	0.00867	0.01300	0.00737	0.00867	0.00520	0.00390	0.00390	0.00130	0.00607	0.00303	0.00173	0.00607
38	0.01560	0.01150	0.01232	0.00944	0.01273	0.01273	0.00780	0.81645	0.01930	0.02587	0.00986	0.00986	0.00698	0.00493	0.00411	0.00123	0.00452	0.00370	0.00411	0.00698
39	0.01488	0.01828	0.01145	0.01033	0.01251	0.73202	0.00780	0.04822	0.08518	0.01131	0.00742	0.00821	0.00601	0.00438	0.00376	0.00109	0.00691	0.00287	0.00238	0.00500
40	0.00500	0.00357	0.00476	0.00572	0.00595	0.00333	0.00381	0.00572	0.00786	0.01048	0.02262	0.85306	0.02715	0.01286	0.00524	0.00167	0.00238	0.01167	0.00381	0.00333
41	0.01021	0.00882	0.00928	0.00835	0.01067	0.01021	0.00650	0.02181	0.82272	0.01717	0.01671	0.01532	0.01253	0.00557	0.00418	0.00139	0.00325	0.00464	0.00418	0.00650
42	0.88473	0.00794	0.00603	0.00540	0.00794	0.00921	0.00445	0.01207	0.00699	0.01842	0.00572	0.00667	0.00445	0.00381	0.00254	0.00127	0.00318	0.00222	0.00254	0.00445
43	0.00823	0.02123	0.83447	0.01170	0.01777	0.00953	0.01517	0.01300	0.00867	0.01300	0.00737	0.00867	0.00520	0.00390	0.00390	0.00130	0.00607	0.00303	0.00173	0.00607
44	0.01359	0.01567	0.01094	0.00984	0.01202	0.55104	0.02209	0.01761	0.23488	0.02978	0.00985	0.02646	0.00790	0.00478	0.00388	0.00117	0.00600	0.00346	0.01381	0.00526
45	0.00932	0.02882	0.40692	0.17471	0.09080	0.07223	0.02970	0.03587	0.02520	0.02562	0.00785	0.02256	0.00602	0.00429	0.00440	0.00131	0.04329	0.00343	0.00202	0.00563
46	0.00879	0.00729	0.00854	0.00611	0.00975	0.00549	0.00490	0.01061	0.00860	0.03667	0.00755	0.00867	0.00620	0.00310	0.00307	0.00063	0.00305	0.00248	0.00251	0.85600
47	0.00635	0.00432	0.00565	0.00536	0.00641	0.00399	0.00409	0.00823	0.01134	0.04801	0.70527	0.04488	0.05311	0.00850	0.00484	0.00133	0.00212	0.05431	0.01795	0.00397
48	0.00959	0.02638	0.01349	0.06030	0.15804	0.02243	0.06668	0.06946	0.05171	0.01226	0.00823	0.02326	0.02000	0.04378	0.00920	0.00164	0.39217	0.00402	0.00225	0.00511
49	0.01016	0.00975	0.01666	0.02520	0.83013	0.00975	0.01260	0.01260	0.00935	0.01341	0.00772	0.01016	0.00650	0.00366	0.00406	0.00122	0.00488	0.00366	0.00203	0.00650
50	0.01265	0.06720	0.01225	0.00959	0.02810	0.12422	0.05264	0.34437	0.18004	0.01841	0.03566	0.04505	0.00960	0.00612	0.03416	0.00144	0.00486	0.00417	0.00347	0.00602
51	0.01131	0.00874	0.02591	0.00800	0.02353	0.04215	0.00632	0.20142	0.26831	0.10023	0.13088	0.03469	0.05681	0.00597	0.00421	0.00128	0.00351	0.00491	0.03136	0.03046
52	0.03572	0.20715	0.16971	0.03811	0.11475	0.06027	0.07595	0.06080	0.04435	0.07631	0.02374	0.01049	0.00729	0.02157	0.00434	0.00126	0.02755	0.01250	0.00245	0.00568
53	0.01100	0.00954	0.13150	0.04417	0.02665	0.00742	0.01921	0.05420	0.09532	0.19589	0.05314	0.02819	0.00982	0.00471	0.00412	0.00113	0.02673	0.01285	0.00328	0.26113
54	0.00564	0.00437	0.00505	0.00492	0.00599	0.01691	0.00366	0.00718	0.01052	0.01413	0.47578	0.09195	0.29575	0.00920	0.00480	0.00134	0.00210	0.00796	0.02903	0.00371
55	0.02182	0.19932	0.10259	0.02338	0.05256	0.13668	0.04502	0.11745	0.13499	0.01415	0.03791	0.03830	0.02646	0.00490	0.00381	0.00119	0.00479	0.01603	0.00276	0.01587
56	0.04399	0.01000	0.02772	0.03951	0.23674	0.09760	0.00834	0.16268	0.01126	0.03743	0.04286	0.01297	0.03188	0.00514	0.01735	0.00124	0.01445	0.04177	0.00282	0.15424

[dist]
# distance from previous block
# <min> <max>
0	23

[block]
# block no. 4 follows, 65 sequences, length 166
# corresponding to MSA columns:
# 299-464
name=unknown_E
#
# <colnr> <probs for GDERKNQSTAVLIFYWHMCP>
#	G	D	E	R	K	N	Q	S	T	A	V	L	I	F	Y	W	H	M	C	P
0	0.04786	0.12671	0.02176	0.00688	0.00893	0.10066	0.04554	0.03509	0.02081	0.04146	0.07243	0.07850	0.25910	0.04447	0.00505	0.00138	0.01560	0.02889	0.00313	0.03575
1	0.00641	0.00522	0.00581	0.00518	0.00691	0.01791	0.00395	0.00826	0.03943	0.02496	0.27568	0.05225	0.34887	0.00808	0.00446	0.00121	0.00238	0.00686	0.00377	0.17239
2	0.04119	0.00768	0.00882	0.00647	0.00997	0.00635	0.00521	0.09347	0.00975	0.06551	0.00826	0.02057	0.00666	0.00352	0.00323	0.00075	0.00322	0.00279	0.00279	0.69379
3	0.00528	0.00411	0.00481	0.00494	0.00594	0.00368	0.00361	0.00669	0.02260	0.01264	0.26751	0.22963	0.38038	0.01033	0.00494	0.00143	0.00215	0.02167	0.00402	0.00361
4	0.11572	0.01127	0.01014	0.00853	0.01117	0.17991	0.00677	0.23470	0.21157	0.12791	0.03397	0.01145	0.00901	0.00493	0.00388	0.00125	0.00443	0.00370	0.00368	0.00603
5	0.02387	0.34234	0.36097	0.01018	0.01472	0.06179	0.08495	0.03571	0.00909	0.01200	0.00680	0.00801	0.00536	0.00376	0.00347	0.00113	0.00549	0.00286	0.00188	0.00563
6	0.00775	0.00730	0.01231	0.84587	0.02827	0.00912	0.01140	0.01049	0.00821	0.01049	0.00730	0.01094	0.00547	0.00410	0.00410	0.00137	0.00547	0.00365	0.00182	0.00456
7	0.01169	0.02136	0.02352	0.02938	0.02859	0.05840	0.00726	0.20104	0.39392	0.05313	0.01318	0.01303	0.02236	0.00617	0.03297	0.00150	0.05172	0.00414	0.00367	0.02297
8	0.01178	0.07131	0.00921	0.00701	0.00912	0.13585	0.00563	0.28582	0.01270	0.01769	0.01054	0.01160	0.00813	0.00465	0.00340	0.00106	0.00382	0.00348	0.38205	0.00515
9	0.00516	0.00432	0.00440	0.00435	0.00574	0.00374	0.00327	0.00664	0.03859	0.01168	0.07961	0.03761	0.73961	0.00999	0.00478	0.00137	0.00211	0.00834	0.02510	0.00360
10	0.12037	0.00704	0.00904	0.00704	0.01010	0.00637	0.00580	0.01883	0.01118	0.72123	0.03053	0.01343	0.01003	0.00499	0.00395	0.00127	0.00343	0.00397	0.00477	0.00663
11	0.00607	0.00441	0.00581	0.00572	0.00604	0.00491	0.00397	0.00676	0.00626	0.00874	0.01171	0.02126	0.01240	0.45109	0.38035	0.00502	0.04887	0.00516	0.00233	0.00310
12	0.00661	0.00472	0.00661	0.00756	0.00850	0.00472	0.00661	0.00850	0.00945	0.01228	0.02173	0.04630	0.02362	0.01134	0.00567	0.00189	0.00378	0.80250	0.00378	0.00378
13	0.88473	0.00794	0.00603	0.00540	0.00794	0.00921	0.00445	0.01207	0.00699	0.01842	0.00572	0.00667	0.00445	0.00381	0.00254	0.00127	0.00318	0.00222	0.00254	0.00445
14	0.01021	0.00882	0.00928	0.00835	0.01067	0.01021	0.00650	0.02181	0.82272	0.01717	0.01671	0.01532	0.01253	0.00557	0.00418	0.00139	0.00325	0.00464	0.00418	0.00650
15	0.00500	0.00357	0.00476	0.00572	0.00595	0.00333	0.00381	0.00572	0.00786	0.01048	0.02262	0.85306	0.02715	0.01286	0.00524	0.00167	0.00238	0.01167	0.00381	0.00333
16	0.00593	0.00432	0.00559	0.00525	0.00626	0.00405	0.00395	0.00814	0.03421	0.01648	0.80537	0.03024	0.03800	0.00831	0.00482	0.00129	0.00197	0.00735	0.00451	0.00395
17	0.00821	0.00763	0.01263	0.66695	0.14931	0.00911	0.01117	0.01119	0.03783	0.01131	0.00787	0.01110	0.00602	0.00411	0.00407	0.00133	0.00520	0.00369	0.02636	0.00491
18	0.02805	0.43492	0.36196	0.00910	0.01358	0.03598	0.01040	0.01304	0.03798	0.01153	0.00682	0.00780	0.00549	0.00378	0.00325	0.00109	0.00511	0.00265	0.00186	0.00562
19	0.88473	0.00794	0.00603	0.00540	0.00794	0.00921	0.00445	0.01207	0.00699	0.01842	0.00572	0.00667	0.00445	0.00381	0.00254	0.00127	0.00318	0.00222	0.00254	0.00445
20	0.00936	0.00964	0.01248	0.08265	0.01243	0.07528	0.00911	0.01043	0.00686	0.00994	0.00563	0.00903	0.00539	0.00669	0.01192	0.00170	0.71159	0.00352	0.00182	0.00452
21	0.88473	0.00794	0.00603	0.00540	0.00794	0.00921	0.00445	0.01207	0.00699	0.01842	0.00572	0.00667	0.00445	0.00381	0.00254	0.00127	0.00318	0.00222	0.00254	0.00445
22	0.01260	0.01018	0.01341	0.05609	0.30964	0.01096	0.00950	0.35805	0.12180	0.04125	0.01004	0.01086	0.00756	0.00452	0.00410	0.00126	0.00450	0.00382	0.00328	0.00662
23	0.88473	0.00794	0.00603	0.00540	0.00794	0.00921	0.00445	0.01207	0.00699	0.01842	0.00572	0.00667	0.00445	0.00381	0.00254	0.00127	0.00318	0.00222	0.00254	0.00445
24	0.00494	0.00415	0.00430	0.00431	0.00563	0.00351	0.00324	0.00604	0.00946	0.01144	0.09235	0.06213	0.74299	0.01035	0.00487	0.00139	0.00210	0.01943	0.00386	0.00349
25	0.00581	0.00420	0.00549	0.00516	0.00613	0.00387	0.00387	0.00775	0.01162	0.01646	0.82797	0.03066	0.03873	0.00839	0.00484	0.00129	0.00194	0.00742	0.00452	0.00387
26	0.00547	0.00418	0.00502	0.00481	0.00593	0.00373	0.00361	0.00710	0.01083	0.01458	0.55262	0.03376	0.31525	0.00909	0.00484	0.00132	0.00199	0.00786	0.00427	0.00373
27	0.49362	0.00771	0.00773	0.00635	0.00918	0.00807	0.00524	0.05053	0.00947	0.35070	0.01017	0.00978	0.00689	0.00438	0.00326	0.00127	0.00336	0.00306	0.00364	0.00559
28	0.00979	0.00844	0.00889	0.00803	0.01027	0.00967	0.00624	0.02055	0.75608	0.01680	0.03768	0.01709	0.06042	0.00592	0.00423	0.00139	0.00315	0.00494	0.00416	0.00626
29	0.67284	0.00804	0.00709	0.00602	0.00873	0.00893	0.00496	0.07274	0.00871	0.15794	0.00781	0.00815	0.00561	0.00411	0.00293	0.00127	0.00333	0.00266	0.00309	0.00507
30	0.04396	0.02258	0.01308	0.05058	0.27857	0.00996	0.02584	0.10626	0.10164	0.15284	0.00993	0.01102	0.00753	0.00480	0.00544	0.00134	0.13169	0.00378	0.00300	0.01616
31	0.01149	0.09358	0.03207	0.05743	0.17762	0.25544	0.11354	0.04474	0.00980	0.01177	0.00713	0.02223	0.00608	0.00455	0.00538	0.00127	0.13501	0.00348	0.00209	0.00530
32	0.01021	0.00882	0.00928	0.00835	0.01067	0.01021	0.00650	0.02181	0.82272	0.01717	0.01671	0.01532	0.01253	0.00557	0.00418	0.00139	0.00325	0.00464	0.00418	0.00650
33	0.01290	0.01104	0.22251	0.00856	0.01209	0.00788	0.00846	0.17205	0.01226	0.30743	0.11438	0.01561	0.01254	0.00549	0.00422	0.00130	0.00416	0.04650	0.01445	0.00615
34	0.00594	0.00398	0.00456	0.00459	0.00463	0.00400	0.00262	0.00601	0.00605	0.00809	0.01314	0.05043	0.01510	0.80053	0.05096	0.00401	0.00419	0.00608	0.00251	0.00256
35	0.88473	0.00794	0.00603	0.00540	0.00794	0.00921	0.00445	0.01207	0.00699	0.01842	0.00572	0.00667	0.00445	0.00381	0.00254	0.00127	0.00318	0.00222	0.00254	0.00445
36	0.05187	0.00863	0.01097	0.00950	0.07072	0.00872	0.03972	0.21313	0.12234	0.36453	0.04723	0.01314	0.01023	0.00502	0.00412	0.00128	0.00387	0.00414	0.00425	0.00659
37	0.00573	0.00419	0.00537	0.00508	0.00608	0.00384	0.00381	0.00759	0.01142	0.01599	0.75970	0.03143	0.10729	0.00857	0.00484	0.00130	0.00195	0.00753	0.00446	0.00384
38	0.00608	0.00414	0.00478	0.00473	0.00477	0.00427	0.00278	0.00619	0.00604	0.00819	0.01265	0.02578	0.01441	0.78811	0.04971	0.00396	0.02869	0.00581	0.01631	0.00261
39	0.03433	0.07579	0.62820	0.01059	0.01594	0.00963	0.01295	0.03712	0.00929	0.11664	0.00839	0.00917	0.00586	0.00405	0.00381	0.00126	0.00550	0.00311	0.00225	0.00611
40	0.00658	0.00470	0.00658	0.00752	0.00845	0.00470	0.00656	0.00845	0.00942	0.01225	0.02175	0.06305	0.02370	0.01137	0.00566	0.00189	0.00375	0.78609	0.00378	0.00377
41	0.00644	0.00460	0.00640	0.00725	0.00815	0.00456	0.00621	0.00825	0.00949	0.01246	0.08073	0.10303	0.02498	0.01123	0.00558	0.00183	0.00354	0.68765	0.00384	0.00375
42	0.01522	0.03645	0.01231	0.00974	0.02482	0.17836	0.00778	0.57025	0.04613	0.04449	0.00943	0.00959	0.00688	0.00476	0.00399	0.00119	0.00502	0.00349	0.00364	0.00646
43	0.02414	0.14304	0.25413	0.00988	0.01385	0.10102	0.02171	0.31907	0.04574	0.01731	0.00832	0.00894	0.00620	0.00433	0.00377	0.00119	0.00523	0.00320	0.00279	0.00614
44	0.00485	0.00416	0.00416	0.00416	0.00554	0.00347	0.00312	0.00589	0.00936	0.01109	0.04158	0.03950	0.82847	0.01040	0.00485	0.00139	0.00208	0.00866	0.00381	0.00347
45	0.00893	0.07729	0.72986	0.01120	0.01692	0.01002	0.01413	0.04190	0.00910	0.03315	0.00756	0.00870	0.00539	0.00394	0.00383	0.00127	0.00583	0.00303	0.00190	0.00607
46	0.01016	0.00972	0.01640	0.02459	0.80078	0.00977	0.01238	0.01293	0.03848	0.01355	0.00804	0.01034	0.00672	0.00373	0.00407	0.00123	0.00482	0.00369	0.00211	0.00650
47	0.00851	0.00730	0.00851	0.00608	0.00973	0.00547	0.00486	0.01034	0.00851	0.01338	0.00730	0.00851	0.00608	0.00304	0.00304	0.00061	0.00304	0.00243	0.00243	0.88083
48	0.01016	0.00975	0.01666	0.02520	0.83013	0.00975	0.01260	0.01260	0.00935	0.01341	0.00772	0.01016	0.00650	0.00366	0.00406	0.00122	0.00488	0.00366	0.00203	0.00650
49	0.01021	0.00882	0.00928	0.00835	0.01067	0.01021	0.00650	0.02181	0.82272	0.01717	0.01671	0.01532	0.01253	0.00557	0.00418	0.00139	0.00325	0.00464	0.00418	0.00650
50	0.00851	0.00730	0.00851	0.00608	0.00973	0.00547	0.00486	0.01034	0.00851	0.01338	0.00730	0.00851	0.00608	0.00304	0.00304	0.00061	0.00304	0.00243	0.00243	0.88083
