[name]
unknown

[dist]
# distance from previous block
# <min> <max>
8	41

[block]
# block no. 0 follows, 68 sequences, length 54
# corresponding to MSA columns:
# 44-97
name=unknown_A
#
# <colnr> <probs for GDERKNQSTAVLIFYWHMCP>
#	G	D	E	R	K	N	Q	S	T	A	V	L	I	F	Y	W	H	M	C	P
0	0.05515	0.00722	0.00820	0.05823	0.01011	0.04955	0.00576	0.06729	0.16537	0.25846	0.11839	0.10730	0.04737	0.00633	0.00415	0.00130	0.00333	0.01720	0.00395	0.00534
1	0.04752	0.00795	0.00946	0.00798	0.02686	0.01836	0.03086	0.29549	0.04645	0.18179	0.11690	0.04409	0.05176	0.00610	0.00419	0.00128	0.00360	0.07326	0.00394	0.02216
2	0.04111	0.00885	0.00997	0.06585	0.04826	0.07895	0.01763	0.14392	0.08133	0.15148	0.01097	0.01160	0.04219	0.02041	0.00444	0.00115	0.04630	0.00355	0.00312	0.20890
3	0.04392	0.10824	0.53772	0.00988	0.01443	0.00977	0.02610	0.04672	0.06445	0.01287	0.00811	0.02526	0.00644	0.04683	0.00466	0.00136	0.02240	0.00328	0.00205	0.00552
4	0.01226	0.00988	0.01246	0.02445	0.08928	0.11545	0.13035	0.14931	0.09617	0.17321	0.02380	0.03599	0.02998	0.00513	0.00459	0.00128	0.04693	0.03054	0.00326	0.00568
5	0.02576	0.00484	0.00567	0.00551	0.00651	0.00477	0.00397	0.06185	0.06303	0.03944	0.17216	0.24772	0.12249	0.17164	0.00757	0.00186	0.00277	0.02873	0.00359	0.02013
6	0.02601	0.00506	0.02342	0.01897	0.02859	0.00459	0.03129	0.04182	0.00850	0.05433	0.04984	0.56013	0.04102	0.03683	0.00517	0.00153	0.00284	0.00882	0.00348	0.04777
7	0.00855	0.00764	0.00837	0.00609	0.00954	0.04715	0.00485	0.01028	0.00837	0.01276	0.00700	0.00817	0.00583	0.00299	0.00297	0.00061	0.00315	0.00236	0.00233	0.84099
8	0.00985	0.00951	0.01515	0.02227	0.73072	0.03572	0.01140	0.01274	0.06667	0.01303	0.00839	0.03166	0.00716	0.00391	0.00395	0.00120	0.00462	0.00377	0.00215	0.00615
9	0.00968	0.01019	0.07320	0.02343	0.77918	0.00941	0.01234	0.01220	0.00898	0.01293	0.00743	0.00971	0.00619	0.00355	0.00391	0.00118	0.00479	0.00349	0.00194	0.00625
10	0.00564	0.00424	0.00632	0.00632	0.00704	0.00492	0.00492	0.00705	0.00643	0.00924	0.01124	0.01605	0.02716	0.02932	0.82737	0.00627	0.01044	0.00433	0.00216	0.00354
11	0.88866	0.00767	0.00583	0.00521	0.00767	0.00889	0.00429	0.01166	0.00675	0.01779	0.00552	0.00644	0.00429	0.00368	0.00245	0.00123	0.00307	0.00215	0.00245	0.00429
12	0.79145	0.00805	0.00650	0.00565	0.00818	0.00927	0.00465	0.10191	0.00807	0.01859	0.00597	0.00678	0.00457	0.00380	0.00262	0.00122	0.00321	0.00231	0.00262	0.00457
13	0.00829	0.00780	0.01298	0.53309	0.28531	0.00894	0.01103	0.01118	0.04227	0.01143	0.02536	0.01091	0.00658	0.00397	0.00397	0.00127	0.00494	0.00364	0.00198	0.00507
14	0.00569	0.00420	0.00612	0.00614	0.00676	0.00481	0.00467	0.00694	0.00635	0.00907	0.01105	0.01741	0.01071	0.13219	0.72710	0.00597	0.00965	0.01958	0.00219	0.00340
15	0.00973	0.00861	0.00944	0.00832	0.01058	0.02661	0.04062	0.01996	0.73949	0.01619	0.04379	0.01526	0.02268	0.00542	0.00408	0.00133	0.00331	0.00459	0.00392	0.00608
16	0.00556	0.00405	0.00523	0.00493	0.00589	0.00372	0.00370	0.00738	0.01110	0.01560	0.78841	0.03011	0.08302	0.00822	0.00468	0.00125	0.00188	0.00724	0.00433	0.00372
17	0.01001	0.00859	0.00905	0.00810	0.01037	0.00993	0.00631	0.04404	0.80554	0.01683	0.01595	0.01464	0.01195	0.00536	0.00403	0.00134	0.00317	0.00446	0.00403	0.00629
18	0.00483	0.00345	0.00460	0.00552	0.00575	0.00322	0.00368	0.00552	0.00759	0.01012	0.02185	0.85807	0.02622	0.01242	0.00506	0.00161	0.00230	0.01127	0.00368	0.00322
19	0.00472	0.00396	0.00410	0.00419	0.00541	0.00334	0.00309	0.00570	0.00892	0.01073	0.05112	0.12361	0.73704	0.01026	0.00472	0.00137	0.00204	0.00865	0.00369	0.00334
20	0.00822	0.00705	0.00822	0.00587	0.00940	0.00529	0.00470	0.00998	0.00822	0.01292	0.00705	0.00822	0.00587	0.00294	0.00294	0.00059	0.00294	0.00235	0.00235	0.88490
21	0.88866	0.00767	0.00583	0.00521	0.00767	0.00889	0.00429	0.01166	0.00675	0.01779	0.00552	0.00644	0.00429	0.00368	0.00245	0.00123	0.00307	0.00215	0.00245	0.00429
22	0.01078	0.82738	0.02037	0.00693	0.01026	0.05071	0.00682	0.01204	0.00819	0.00934	0.00554	0.00639	0.00509	0.00342	0.00259	0.00086	0.00436	0.00214	0.00171	0.00507
23	0.88866	0.00767	0.00583	0.00521	0.00767	0.00889	0.00429	0.01166	0.00675	0.01779	0.00552	0.00644	0.00429	0.00368	0.00245	0.00123	0.00307	0.00215	0.00245	0.00429
24	0.00599	0.00423	0.00487	0.00460	0.00591	0.00367	0.00349	0.00735	0.01001	0.07343	0.32927	0.03322	0.48166	0.00895	0.00463	0.00130	0.00206	0.00761	0.00402	0.00374
25	0.88866	0.00767	0.00583	0.00521	0.00767	0.00889	0.00429	0.01166	0.00675	0.01779	0.00552	0.00644	0.00429	0.00368	0.00245	0.00123	0.00307	0.00215	0.00245	0.00429
26	0.01059	0.00978	0.03467	0.03292	0.66569	0.03647	0.05096	0.01293	0.00929	0.08635	0.00816	0.01007	0.00650	0.00368	0.00395	0.00119	0.00480	0.00358	0.00222	0.00619
27	0.00795	0.02051	0.84011	0.01130	0.01716	0.00921	0.01465	0.01256	0.00837	0.01256	0.00712	0.00837	0.00502	0.00377	0.00377	0.00126	0.00586	0.00293	0.00167	0.00586
28	0.00532	0.00424	0.00466	0.00451	0.00576	0.00381	0.00340	0.00713	0.05059	0.01277	0.28798	0.03356	0.51634	0.00903	0.00459	0.00130	0.00202	0.00765	0.03173	0.00363
29	0.01058	0.00844	0.00905	0.00802	0.01034	0.00961	0.00627	0.03947	0.74846	0.07870	0.01595	0.01457	0.01181	0.00533	0.00403	0.00133	0.00318	0.00442	0.00410	0.00632
30	0.02412	0.72372	0.08168	0.00766	0.02986	0.03899	0.00750	0.02955	0.00840	0.01013	0.00578	0.00668	0.00513	0.00348	0.00273	0.00090	0.00444	0.00226	0.00177	0.00518
31	0.01530	0.01075	0.01168	0.00895	0.01212	0.01176	0.00739	0.75632	0.01804	0.09222	0.01003	0.00985	0.00700	0.00477	0.00397	0.00119	0.00428	0.00360	0.00404	0.00674
32	0.00561	0.00405	0.00530	0.00499	0.00592	0.00374	0.00374	0.00748	0.01122	0.01590	0.83383	0.02962	0.03741	0.00811	0.00468	0.00125	0.00187	0.00717	0.00436	0.00374
33	0.00778	0.00712	0.01212	0.10562	0.30577	0.00710	0.10950	0.01009	0.00985	0.01382	0.34633	0.01813	0.01890	0.00543	0.00433	0.00124	0.00385	0.00517	0.00293	0.00492
34	0.01173	0.03039	0.07550	0.01080	0.09068	0.02026	0.06537	0.29272	0.30431	0.03920	0.01142	0.01142	0.00845	0.00465	0.00398	0.00125	0.00424	0.00389	0.00344	0.00630
35	0.00472	0.00402	0.00406	0.00405	0.00537	0.00336	0.00304	0.00575	0.00911	0.01088	0.06528	0.03789	0.80910	0.00998	0.00469	0.00134	0.00200	0.00833	0.00370	0.00336
36	0.00574	0.00385	0.00432	0.00432	0.00435	0.00383	0.00242	0.00576	0.00584	0.00776	0.01314	0.02623	0.03373	0.84062	0.01982	0.00378	0.00380	0.00583	0.00243	0.00242
37	0.01022	0.02990	0.22111	0.02732	0.41147	0.05137	0.07092	0.03779	0.00936	0.06683	0.00786	0.00954	0.00608	0.00379	0.00406	0.00121	0.01964	0.00342	0.00214	0.00599
38	0.01506	0.07974	0.01162	0.00861	0.03119	0.06479	0.04290	0.14536	0.03850	0.44424	0.01205	0.01147	0.00821	0.00517	0.01974	0.00130	0.04631	0.00368	0.00386	0.00620
39	0.00831	0.08086	0.55097	0.01169	0.01667	0.00957	0.18336	0.01230	0.01844	0.01240	0.02623	0.01022	0.03318	0.00397	0.00392	0.00125	0.00567	0.00353	0.00190	0.00557
40	0.05060	0.01614	0.01126	0.09274	0.04920	0.62792	0.00798	0.05356	0.01099	0.03471	0.00669	0.00787	0.00535	0.00409	0.00361	0.00108	0.00645	0.00276	0.00220	0.00480
41	0.00564	0.00402	0.00509	0.00497	0.00591	0.00365	0.00367	0.00720	0.01036	0.03364	0.57411	0.15293	0.15609	0.00896	0.00472	0.00131	0.00199	0.00788	0.00417	0.00368
42	0.00822	0.00705	0.00822	0.00587	0.00940	0.00529	0.00470	0.00998	0.00822	0.01292	0.00705	0.00822	0.00587	0.00294	0.00294	0.00059	0.00294	0.00235	0.00235	0.88490
43	0.00495	0.00403	0.00438	0.00429	0.00552	0.00346	0.00322	0.00620	0.00966	0.01219	0.26687	0.03572	0.60669	0.00949	0.00468	0.00131	0.00197	0.00803	0.00388	0.00346
44	0.00996	0.61170	0.24732	0.00811	0.01215	0.03175	0.00898	0.01215	0.00821	0.01023	0.00597	0.00693	0.00507	0.00351	0.00290	0.00096	0.00475	0.00235	0.00170	0.00529
45	0.00674	0.00350	0.00505	0.00505	0.00505	0.00350	0.00330	0.00525	0.00525	0.00700	0.00765	0.01394	0.00791	0.12856	0.01613	0.76526	0.00350	0.00376	0.00181	0.00181
46	0.00811	0.07041	0.79159	0.01103	0.01675	0.00959	0.01418	0.01252	0.00835	0.01237	0.00702	0.00825	0.00503	0.00374	0.00369	0.00123	0.00576	0.00288	0.00168	0.00581
47	0.00829	0.00828	0.07911	0.09707	0.03908	0.00785	0.06890	0.05489	0.28512	0.01486	0.17771	0.01819	0.09142	0.00581	0.00421	0.00129	0.00359	0.00507	0.02411	0.00516
48	0.00526	0.00404	0.00482	0.00462	0.00571	0.00359	0.00347	0.00681	0.01040	0.01395	0.53495	0.03283	0.33751	0.00883	0.00468	0.00128	0.00192	0.00762	0.00411	0.00359
49	0.01096	0.39716	0.24047	0.00909	0.01283	0.22056	0.02576	0.02215	0.00908	0.01054	0.00620	0.00723	0.00511	0.00368	0.00319	0.00102	0.00546	0.00252	0.00181	0.00520
50	0.00525	0.00400	0.00484	0.00480	0.00580	0.00359	0.00358	0.00671	0.01005	0.01343	0.45705	0.11584	0.30370	0.00929	0.00475	0.00133	0.00202	0.03638	0.00404	0.00355
51	0.01330	0.01079	0.04628	0.00937	0.03700	0.01139	0.00764	0.56658	0.20039	0.02196	0.01080	0.01064	0.00785	0.00478	0.00395	0.00121	0.00413	0.00372	0.00379	0.02443
52	0.76421	0.00811	0.00714	0.00610	0.00866	0.02075	0.04473	0.04633	0.01977	0.03562	0.00620	0.00707	0.00473	0.00377	0.00270	0.00123	0.00336	0.00241	0.00257	0.00454
53	0.00645	0.00578	0.04787	0.00679	0.02758	0.02728	0.01453	0.03138	0.03398	0.02514	0.21574	0.41928	0.05132	0.00951	0.00508	0.00145	0.03869	0.02461	0.00360	0.00392

[dist]
# distance from previous block
# <min> <max>
1	8

[block]
# block no. 1 follows, 68 sequences, length 24
# corresponding to MSA columns:
# 106-129
name=unknown_B
#
# <colnr> <probs for GDERKNQSTAVLIFYWHMCP>
#	G	D	E	R	K	N	Q	S	T	A	V	L	I	F	Y	W	H	M	C	P
0	0.01040	0.15296	0.37562	0.01043	0.04383	0.06099	0.04457	0.09646	0.01902	0.07606	0.00838	0.00929	0.02173	0.00419	0.00414	0.00119	0.04959	0.00317	0.00228	0.00569
1	0.51019	0.06823	0.05725	0.01936	0.11718	0.03289	0.04102	0.02534	0.00802	0.07871	0.00684	0.00782	0.00522	0.00376	0.00301	0.00120	0.00386	0.00267	0.00247	0.00498
2	0.00543	0.00406	0.00510	0.00492	0.00585	0.00382	0.00366	0.00693	0.00977	0.01338	0.50184	0.02942	0.20668	0.06360	0.11596	0.00210	0.00317	0.00696	0.00380	0.00355
3	0.01022	0.13628	0.11511	0.06261	0.12308	0.06494	0.18696	0.06287	0.08666	0.03687	0.00824	0.00978	0.00643	0.00446	0.01739	0.00130	0.05543	0.00355	0.00228	0.00551
4	0.00961	0.03210	0.50502	0.04050	0.12160	0.00913	0.03259	0.03354	0.06438	0.10109	0.00873	0.00966	0.00625	0.00398	0.00384	0.00124	0.00520	0.00329	0.00228	0.00598
5	0.05765	0.00706	0.00921	0.00710	0.01014	0.00636	0.00586	0.06819	0.01158	0.75109	0.01480	0.01293	0.00937	0.00484	0.00392	0.00122	0.00342	0.00388	0.00474	0.00663
6	0.00545	0.00402	0.00509	0.00488	0.00584	0.00366	0.00364	0.00715	0.01076	0.01492	0.68772	0.06886	0.14613	0.00857	0.00470	0.00128	0.00191	0.00752	0.00424	0.00366
7	0.00848	0.11693	0.34523	0.12025	0.01544	0.05065	0.07813	0.01134	0.00847	0.04120	0.00983	0.15770	0.00904	0.00529	0.00395	0.00127	0.00501	0.00454	0.00220	0.00504
8	0.01507	0.01111	0.01190	0.00912	0.01230	0.01230	0.00754	0.82270	0.01864	0.02499	0.00952	0.00952	0.00674	0.00476	0.00397	0.00119	0.00436	0.00357	0.00397	0.00674
9	0.00480	0.00356	0.00449	0.00524	0.00568	0.00324	0.00356	0.00555	0.00786	0.01023	0.02529	0.70410	0.17797	0.01197	0.00499	0.00156	0.00225	0.01073	0.00368	0.00324
10	0.01004	0.01007	0.01555	0.09025	0.67629	0.08067	0.03501	0.01233	0.00914	0.01244	0.00733	0.00967	0.00609	0.00361	0.00392	0.00118	0.00502	0.00348	0.00195	0.00596
11	0.00762	0.00718	0.01214	0.80329	0.07409	0.00884	0.01108	0.01025	0.00799	0.01029	0.00707	0.01053	0.00534	0.00394	0.00396	0.00131	0.00525	0.00352	0.00177	0.00451
12	0.01481	0.01890	0.01124	0.01021	0.01226	0.84474	0.00766	0.01583	0.01124	0.00970	0.00613	0.00715	0.00511	0.00409	0.00358	0.00102	0.00715	0.00255	0.00204	0.00460
13	0.00971	0.00932	0.01591	0.06084	0.80023	0.00939	0.01212	0.01208	0.00898	0.01283	0.00744	0.00985	0.00624	0.00355	0.00393	0.00118	0.00474	0.00353	0.00195	0.00620
14	0.00528	0.00404	0.00484	0.00464	0.00572	0.00360	0.00348	0.00684	0.01045	0.01405	0.55139	0.03266	0.32101	0.00879	0.00468	0.00128	0.00192	0.00760	0.00412	0.00360
15	0.77320	0.00755	0.00627	0.00546	0.00799	0.00849	0.00450	0.01267	0.00736	0.12662	0.00686	0.00738	0.00503	0.00384	0.00266	0.00123	0.00311	0.00239	0.00278	0.00462
16	0.00482	0.00348	0.00457	0.00544	0.00573	0.00323	0.00364	0.00553	0.00767	0.01015	0.02284	0.81371	0.06995	0.01229	0.00504	0.00160	0.00228	0.01111	0.00368	0.00323
17	0.00981	0.00942	0.01609	0.02434	0.83592	0.00942	0.01217	0.01217	0.00903	0.01295	0.00746	0.00981	0.00628	0.00353	0.00393	0.00118	0.00471	0.00353	0.00196	0.00628
18	0.84044	0.00786	0.00616	0.00543	0.00792	0.00908	0.00447	0.05643	0.00740	0.01819	0.00574	0.00661	0.00443	0.00374	0.00254	0.00122	0.00314	0.00223	0.00254	0.00443
19	0.00474	0.00399	0.00412	0.00415	0.00541	0.00336	0.00309	0.00578	0.00908	0.01097	0.08305	0.07945	0.74916	0.01006	0.00470	0.00135	0.00202	0.00845	0.00372	0.00336
20	0.00624	0.00396	0.00526	0.00558	0.00590	0.00399	0.00379	0.00692	0.08765	0.00930	0.01459	0.38505	0.01618	0.04302	0.00994	0.37694	0.00292	0.00707	0.00284	0.00286
21	0.00780	0.00677	0.00940	0.00876	0.03812	0.00857	0.00678	0.07314	0.00728	0.01064	0.00832	0.01270	0.00788	0.06839	0.35686	0.00372	0.35465	0.00394	0.00212	0.00415
22	0.01011	0.00864	0.00910	0.00812	0.01040	0.00998	0.00634	0.05894	0.79049	0.01698	0.01583	0.01454	0.01185	0.00535	0.00403	0.00134	0.00320	0.00444	0.00403	0.00630
23	0.04163	0.08648	0.00997	0.00659	0.00996	0.03170	0.00542	0.14280	0.00994	0.01464	0.00723	0.00817	0.00586	0.00334	0.00307	0.00075	0.00341	0.00253	0.00255	0.60398

[dist]
# distance from previous block
# <min> <max>
3	7

[block]
# block no. 2 follows, 68 sequences, length 27
# corresponding to MSA columns:
# 137-163
name=unknown_C
#
# <colnr> <probs for GDERKNQSTAVLIFYWHMCP>
#	G	D	E	R	K	N	Q	S	T	A	V	L	I	F	Y	W	H	M	C	P
0	0.49561	0.00805	0.00907	0.03266	0.21479	0.00871	0.00668	0.01279	0.05624	0.07574	0.00747	0.00847	0.00574	0.00381	0.00308	0.00120	0.00356	0.00281	0.00258	0.04096
1	0.01507	0.01111	0.01190	0.00912	0.01230	0.01230	0.00754	0.82270	0.01864	0.02499	0.00952	0.00952	0.00674	0.00476	0.00397	0.00119	0.00436	0.00357	0.00397	0.00674
2	0.00508	0.00353	0.00456	0.00527	0.00544	0.00335	0.00341	0.00556	0.00715	0.00953	0.01950	0.66361	0.02324	0.18475	0.00845	0.02862	0.00265	0.00992	0.00336	0.00301
3	0.01481	0.01890	0.01124	0.01021	0.01226	0.84474	0.00766	0.01583	0.01124	0.00970	0.00613	0.00715	0.00511	0.00409	0.00358	0.00102	0.00715	0.00255	0.00204	0.00460
4	0.00561	0.00405	0.00530	0.00499	0.00592	0.00374	0.00374	0.00748	0.01122	0.01590	0.83383	0.02962	0.03741	0.00811	0.00468	0.00125	0.00187	0.00717	0.00436	0.00374
5	0.01726	0.00661	0.00901	0.00699	0.00994	0.00572	0.00574	0.01876	0.01120	0.80492	0.01590	0.04790	0.01048	0.00521	0.00403	0.00124	0.00333	0.00428	0.00486	0.00660
6	0.00504	0.00354	0.00454	0.00525	0.00543	0.00336	0.00340	0.00558	0.00718	0.00958	0.01977	0.67257	0.02359	0.20151	0.00843	0.00211	0.00264	0.01004	0.00340	0.00304
7	0.00740	0.00690	0.01158	0.81056	0.02628	0.00857	0.01066	0.01000	0.00809	0.01041	0.04669	0.01148	0.00683	0.00416	0.00400	0.00132	0.00512	0.00370	0.00189	0.00437
8	0.00968	0.00935	0.01617	0.06609	0.76260	0.00941	0.04407	0.01209	0.00899	0.01280	0.00746	0.00989	0.00622	0.00355	0.00396	0.00119	0.00482	0.00358	0.00195	0.00615
9	0.00862	0.01594	0.46237	0.01402	0.04202	0.00957	0.36458	0.01261	0.00882	0.01263	0.00752	0.00942	0.00549	0.00358	0.00417	0.00129	0.00618	0.00371	0.00183	0.00565
10	0.00483	0.00345	0.00460	0.00552	0.00575	0.00322	0.00368	0.00552	0.00759	0.01012	0.02185	0.85807	0.02622	0.01242	0.00506	0.00161	0.00230	0.01127	0.00368	0.00322
11	0.01060	0.86304	0.02078	0.00678	0.01018	0.01569	0.00678	0.01187	0.00806	0.00933	0.00551	0.00636	0.00509	0.00339	0.00254	0.00085	0.00424	0.00212	0.00170	0.00509
12	0.00476	0.00404	0.00412	0.00416	0.00548	0.00340	0.00316	0.00580	0.00904	0.01076	0.03933	0.03844	0.79898	0.01008	0.00472	0.00136	0.00208	0.04324	0.00368	0.00336
13	0.00571	0.00406	0.00541	0.00541	0.00579	0.00444	0.00376	0.00646	0.00609	0.00849	0.01150	0.02043	0.01202	0.41866	0.45890	0.00519	0.00745	0.00496	0.00225	0.00301
14	0.01779	0.00675	0.00920	0.00705	0.01012	0.00583	0.00583	0.01932	0.01135	0.83867	0.01564	0.01350	0.00981	0.00491	0.00399	0.00123	0.00337	0.00399	0.00491	0.00675
15	0.01467	0.01458	0.01161	0.00968	0.01220	0.39428	0.00764	0.41704	0.01470	0.01730	0.00778	0.00840	0.00593	0.00455	0.00418	0.00114	0.04261	0.00310	0.00299	0.00565
16	0.00525	0.00378	0.00498	0.00523	0.00584	0.00350	0.00371	0.00659	0.00956	0.01326	0.46289	0.40809	0.03230	0.01008	0.00485	0.00141	0.00207	0.00904	0.00405	0.00350
17	0.01274	0.00604	0.00787	0.00643	0.00867	0.00555	0.00515	0.05928	0.04343	0.45170	0.32374	0.01940	0.02014	0.00612	0.00425	0.00124	0.00285	0.00518	0.00462	0.00560
18	0.00535	0.00413	0.00542	0.02801	0.00657	0.00427	0.00414	0.00609	0.00750	0.01001	0.03691	0.57724	0.10506	0.09328	0.00718	0.00180	0.08096	0.00944	0.00334	0.00330
19	0.00529	0.00392	0.00416	0.00416	0.00482	0.00360	0.00270	0.00581	0.00739	0.00930	0.02574	0.03152	0.40638	0.43335	0.01235	0.00258	0.00292	0.00696	0.02414	0.00289
20	0.00981	0.00942	0.01609	0.02434	0.83592	0.00942	0.01217	0.01217	0.00903	0.01295	0.00746	0.00981	0.00628	0.00353	0.00393	0.00118	0.00471	0.00353	0.00196	0.00628
21	0.01465	0.01450	0.01143	0.00956	0.01216	0.39108	0.00752	0.40951	0.06167	0.01755	0.00835	0.00874	0.00631	0.00449	0.00379	0.00112	0.00556	0.00316	0.00309	0.00574
22	0.00498	0.00394	0.00432	0.00437	0.00536	0.00346	0.00313	0.00597	0.00884	0.01112	0.16256	0.12069	0.52231	0.11337	0.00661	0.00166	0.00224	0.00816	0.00364	0.00328
23	0.00845	0.04507	0.06914	0.00796	0.08435	0.00639	0.00617	0.01045	0.00830	0.01274	0.00702	0.00830	0.00581	0.00307	0.00307	0.00070	0.00336	0.00249	0.00224	0.70492
24	0.85105	0.00815	0.00606	0.00543	0.00787	0.04487	0.00444	0.01183	0.00694	0.01744	0.00555	0.00647	0.00433	0.00370	0.00250	0.00122	0.00324	0.00216	0.00244	0.00431
25	0.00557	0.00405	0.00524	0.00494	0.00590	0.00372	0.00371	0.00740	0.01112	0.01565	0.79578	0.03003	0.07562	0.00820	0.00468	0.00125	0.00188	0.00723	0.00433	0.00372
26	0.01000	0.05789	0.03696	0.02033	0.58803	0.06339	0.09307	0.01233	0.00909	0.01250	0.00729	0.00941	0.00606	0.00351	0.00384	0.00113	0.00497	0.00343	0.00197	0.05480

[dist]
# distance from previous block
# <min> <max>
0	1

[block]
# block no. 3 follows, 68 sequences, length 86
# corresponding to MSA columns:
# 165-250
name=unknown_D
#
# <colnr> <probs for GDERKNQSTAVLIFYWHMCP>
#	G	D	E	R	K	N	Q	S	T	A	V	L	I	F	Y	W	H	M	C	P
0	0.10622	0.00855	0.00892	0.00774	0.01012	0.00968	0.00612	0.14529	0.53999	0.05136	0.05298	0.01371	0.01153	0.00521	0.00388	0.00130	0.00327	0.00419	0.00390	0.00603
1	0.00814	0.00733	0.01215	0.55116	0.21581	0.00839	0.01049	0.01056	0.00843	0.03517	0.02329	0.01313	0.04726	0.00446	0.00405	0.00130	0.00483	0.02712	0.00209	0.00483
2	0.00576	0.00488	0.00666	0.00653	0.00725	0.00520	0.03639	0.00679	0.00783	0.01034	0.02276	0.35107	0.24134	0.01155	0.06147	0.00187	0.14402	0.06153	0.00319	0.00357
3	0.01018	0.25542	0.05990	0.01048	0.11307	0.03245	0.09639	0.09869	0.03726	0.01313	0.00728	0.00850	0.00594	0.00360	0.00350	0.00097	0.01763	0.00294	0.00225	0.22043
4	0.34319	0.33267	0.01279	0.00703	0.00974	0.21680	0.00606	0.01276	0.00834	0.01262	0.00567	0.00658	0.00479	0.00367	0.00276	0.00103	0.00451	0.00224	0.00207	0.00467
5	0.00505	0.00403	0.00452	0.00440	0.00558	0.00350	0.00330	0.00639	0.00989	0.01273	0.34931	0.03483	0.52391	0.00929	0.00468	0.00130	0.00195	0.00790	0.00395	0.00350
6	0.01060	0.86304	0.02078	0.00678	0.01018	0.01569	0.00678	0.01187	0.00806	0.00933	0.00551	0.00636	0.00509	0.00339	0.00254	0.00085	0.00424	0.00212	0.00170	0.00509
7	0.00544	0.00381	0.00481	0.00538	0.00570	0.00369	0.00371	0.00611	0.00729	0.00962	0.01908	0.39041	0.04962	0.30681	0.01038	0.00242	0.00308	0.15641	0.00323	0.00302
8	0.00917	0.00483	0.00633	0.00550	0.00708	0.00433	0.00428	0.01090	0.01106	0.25572	0.53083	0.02490	0.06839	0.00716	0.00442	0.00124	0.00232	0.00620	0.03075	0.00460
9	0.00508	0.00373	0.00477	0.00515	0.00576	0.00341	0.00362	0.00621	0.00902	0.01217	0.30174	0.47029	0.13314	0.01064	0.00488	0.00145	0.00212	0.00950	0.00391	0.00341
10	0.00503	0.00403	0.00450	0.00438	0.00557	0.00349	0.00328	0.00636	0.00985	0.01265	0.33679	0.03497	0.53648	0.00932	0.00468	0.00130	0.00196	0.00792	0.00394	0.00349
11	0.00749	0.00705	0.01189	0.85113	0.02731	0.00881	0.01101	0.01013	0.00793	0.01013	0.00705	0.01057	0.00529	0.00396	0.00396	0.00132	0.00529	0.00352	0.00176	0.00440
12	0.00795	0.02051	0.84011	0.01130	0.01716	0.00921	0.01465	0.01256	0.00837	0.01256	0.00712	0.00837	0.00502	0.00377	0.00377	0.00126	0.00586	0.00293	0.00167	0.00586
13	0.01482	0.01872	0.01125	0.01019	0.01226	0.82609	0.00766	0.03391	0.01140	0.01005	0.00620	0.00720	0.00514	0.00410	0.00358	0.00103	0.00709	0.00258	0.00209	0.00464
14	0.00986	0.00852	0.00897	0.00807	0.01031	0.00986	0.00628	0.02107	0.82876	0.01659	0.01614	0.01479	0.01210	0.00538	0.00403	0.00134	0.00314	0.00448	0.00403	0.00628
15	0.00795	0.02051	0.84011	0.01130	0.01716	0.00921	0.01465	0.01256	0.00837	0.01256	0.00712	0.00837	0.00502	0.00377	0.00377	0.00126	0.00586	0.00293	0.00167	0.00586
16	0.81745	0.00759	0.00610	0.00536	0.00787	0.00864	0.00442	0.01228	0.00712	0.08491	0.00635	0.00702	0.00475	0.00378	0.00258	0.00123	0.00309	0.00230	0.00265	0.00449
17	0.00795	0.02051	0.84011	0.01130	0.01716	0.00921	0.01465	0.01256	0.00837	0.01256	0.00712	0.00837	0.00502	0.00377	0.00377	0.00126	0.00586	0.00293	0.00167	0.00586
18	0.00568	0.00419	0.00609	0.00609	0.00670	0.00480	0.00461	0.00690	0.00629	0.00900	0.01088	0.01700	0.01053	0.14385	0.73167	0.00602	0.00969	0.00446	0.00216	0.00338
19	0.01507	0.01111	0.01190	0.00912	0.01230	0.01230	0.00754	0.82270	0.01864	0.02499	0.00952	0.00952	0.00674	0.00476	0.00397	0.00119	0.00436	0.00357	0.00397	0.00674
20	0.88866	0.00767	0.00583	0.00521	0.00767	0.00889	0.00429	0.01166	0.00675	0.01779	0.00552	0.00644	0.00429	0.00368	0.00245	0.00123	0.00307	0.00215	0.00245	0.00429
21	0.00483	0.00347	0.00458	0.00547	0.00574	0.00322	0.00366	0.00553	0.00764	0.01014	0.02247	0.83040	0.05349	0.01234	0.00505	0.00160	0.00229	0.01117	0.00368	0.00322
22	0.00795	0.02051	0.84011	0.01130	0.01716	0.00921	0.01465	0.01256	0.00837	0.01256	0.00712	0.00837	0.00502	0.00377	0.00377	0.00126	0.00586	0.00293	0.00167	0.00586
23	0.00889	0.00876	0.01214	0.01037	0.01047	0.01215	0.00864	0.03698	0.00650	0.01006	0.00535	0.00870	0.00526	0.00687	0.01271	0.00172	0.82475	0.00347	0.00181	0.00442
24	0.00897	0.01502	0.41281	0.01300	0.01766	0.00940	0.33104	0.06106	0.00944	0.02525	0.00849	0.02292	0.00658	0.00408	0.00423	0.00131	0.00592	0.03514	0.00209	0.00560
25	0.01439	0.01070	0.01154	0.00880	0.01201	0.01160	0.00726	0.74233	0.01761	0.02379	0.00927	0.00939	0.00666	0.00458	0.00386	0.00113	0.00422	0.00345	0.00381	0.09359
26	0.00585	0.00431	0.00562	0.00533	0.00628	0.00424	0.00401	0.00811	0.05402	0.01478	0.65331	0.02677	0.03161	0.03359	0.12256	0.00204	0.00321	0.00658	0.00398	0.00381
27	0.00866	0.05325	0.04454	0.00631	0.00991	0.00634	0.00537	0.04865	0.00871	0.01328	0.00709	0.00819	0.00584	0.00308	0.00300	0.00066	0.00320	0.00242	0.00236	0.75915
28	0.85452	0.04093	0.00641	0.00528	0.00777	0.00916	0.00439	0.01166	0.00680	0.01746	0.00552	0.00644	0.00432	0.00367	0.00246	0.00121	0.00311	0.00215	0.00242	0.00432
29	0.00561	0.00405	0.00530	0.00499	0.00592	0.00374	0.00374	0.00748	0.01122	0.01590	0.83383	0.02962	0.03741	0.00811	0.00468	0.00125	0.00187	0.00717	0.00436	0.00374
30	0.00561	0.00405	0.00530	0.00499	0.00592	0.00374	0.00374	0.00748	0.01122	0.01590	0.83383	0.02962	0.03741	0.00811	0.00468	0.00125	0.00187	0.00717	0.00436	0.00374
31	0.00795	0.02051	0.84011	0.01130	0.01716	0.00921	0.01465	0.01256	0.00837	0.01256	0.00712	0.00837	0.00502	0.00377	0.00377	0.00126	0.00586	0.00293	0.00167	0.00586
32	0.01507	0.01111	0.01190	0.00912	0.01230	0.01230	0.00754	0.82270	0.01864	0.02499	0.00952	0.00952	0.00674	0.00476	0.00397	0.00119	0.00436	0.00357	0.00397	0.00674
33	0.00491	0.00352	0.00463	0.00550	0.00577	0.00329	0.00371	0.00562	0.00762	0.01011	0.02199	0.78174	0.04694	0.04094	0.00557	0.00169	0.00239	0.03721	0.00364	0.00321
34	0.00981	0.00942	0.01609	0.02434	0.83592	0.00942	0.01217	0.01217	0.00903	0.01295	0.00746	0.00981	0.00628	0.00353	0.00393	0.00118	0.00471	0.00353	0.00196	0.00628
35	0.00478	0.00402	0.00415	0.00412	0.00541	0.00339	0.00309	0.00587	0.00926	0.01124	0.12113	0.03729	0.75302	0.00984	0.00469	0.00133	0.00199	0.00825	0.00375	0.00339
36	0.00577	0.00441	0.00546	0.00582	0.00692	0.00416	0.00480	0.00758	0.03309	0.01219	0.14744	0.03930	0.31281	0.01005	0.00504	0.00155	0.00279	0.38341	0.00378	0.00363
37	0.01001	0.00859	0.00905	0.00810	0.01037	0.00993	0.00631	0.04448	0.80510	0.01683	0.01594	0.01464	0.01195	0.00536	0.00403	0.00134	0.00317	0.00446	0.00403	0.00629
38	0.00905	0.00936	0.06027	0.22973	0.45588	0.00909	0.10637	0.01166	0.00875	0.02501	0.00795	0.03460	0.00656	0.00391	0.00405	0.00125	0.00506	0.00386	0.00200	0.00560
39	0.00879	0.06029	0.04561	0.02853	0.00868	0.00602	0.01794	0.02207	0.01822	0.15321	0.06653	0.01690	0.01177	0.21048	0.19278	0.00289	0.00521	0.01480	0.00286	0.10643
40	0.01033	0.01041	0.01559	0.02287	0.75013	0.09643	0.01170	0.01255	0.00926	0.01261	0.00732	0.00954	0.00616	0.00359	0.00389	0.00116	0.00496	0.00343	0.00197	0.00611
41	0.01322	0.01009	0.01076	0.00860	0.01145	0.01123	0.00699	0.57437	0.22971	0.02211	0.01271	0.01226	0.04767	0.00517	0.00402	0.00124	0.00393	0.00404	0.00397	0.00646
42	0.00806	0.05314	0.80838	0.01113	0.01689	0.00946	0.01434	0.01253	0.00836	0.01243	0.00705	0.00829	0.00503	0.00375	0.00372	0.00124	0.00580	0.00290	0.00168	0.00583
43	0.00749	0.00705	0.01189	0.85113	0.02731	0.00881	0.01101	0.01013	0.00793	0.01013	0.00705	0.01057	0.00529	0.00396	0.00396	0.00132	0.00529	0.00352	0.00176	0.00440
44	0.00472	0.00402	0.00407	0.00406	0.00538	0.00336	0.00304	0.00576	0.00913	0.01092	0.07210	0.03781	0.80226	0.00996	0.00469	0.00134	0.00200	0.00832	0.00371	0.00336
45	0.13548	0.00700	0.00883	0.00687	0.00985	0.00644	0.00567	0.04231	0.01094	0.70333	0.01409	0.01242	0.00898	0.00474	0.00378	0.00123	0.00336	0.00373	0.00455	0.00642
46	0.00836	0.00794	0.01347	0.53977	0.33182	0.00904	0.01145	0.01090	0.00834	0.01119	0.00720	0.01029	0.00566	0.00380	0.00395	0.00127	0.00507	0.00353	0.00184	0.00511
47	0.00577	0.00384	0.00432	0.00432	0.00432	0.00384	0.00240	0.00577	0.00577	0.00769	0.01249	0.02595	0.01441	0.86066	0.02018	0.00384	0.00384	0.00577	0.00240	0.00240
48	0.01779	0.00675	0.00920	0.00705	0.01012	0.00583	0.00583	0.01932	0.01135	0.83867	0.01564	0.01350	0.00981	0.00491	0.00399	0.00123	0.00337	0.00399	0.00491	0.00675
49	0.00576	0.00385	0.00436	0.00436	0.00437	0.00386	0.00245	0.00579	0.00578	0.00771	0.01246	0.02577	0.01434	0.84612	0.03461	0.00389	0.00396	0.00574	0.00240	0.00242
50	0.01064	0.81346	0.04500	0.00702	0.01045	0.03945	0.00704	0.01201	0.00816	0.00944	0.00558	0.00644	0.00509	0.00342	0.00261	0.00087	0.00437	0.00216	0.00171	0.00510
51	0.00575	0.00390	0.00462	0.00462	0.00472	0.00400	0.00277	0.00596	0.00585	0.00791	0.01222	0.02445	0.01377	0.74098	0.13897	0.00421	0.00482	0.00555	0.00236	0.00257
52	0.01779	0.00675	0.00920	0.00705	0.01012	0.00583	0.00583	0.01932	0.01135	0.83867	0.01564	0.01350	0.00981	0.00491	0.00399	0.00123	0.00337	0.00399	0.00491	0.00675
53	0.00751	0.00682	0.02396	0.01410	0.35572	0.00652	0.04495	0.02728	0.00885	0.01224	0.06634	0.33150	0.03593	0.00758	0.00450	0.00138	0.00363	0.03352	0.00290	0.00478
54	0.00949	0.00930	0.02902	0.07547	0.71609	0.00921	0.03505	0.01191	0.00896	0.01272	0.00797	0.01122	0.00683	0.00385	0.00401	0.00122	0.00478	0.03488	0.00201	0.00603
55	0.01355	0.01684	0.01086	0.00987	0.01163	0.70781	0.00747	0.01457	0.01041	0.00962	0.00647	0.00815	0.00560	0.01935	0.06410	0.00150	0.07292	0.00279	0.00203	0.00447
56	0.03903	0.18170	0.01340	0.00966	0.01205	0.62761	0.03904	0.01482	0.01042	0.00998	0.00607	0.00711	0.00512	0.00391	0.00339	0.00101	0.00645	0.00254	0.00199	0.00471
57	0.00749	0.00705	0.01189	0.85113	0.02731	0.00881	0.01101	0.01013	0.00793	0.01013	0.00705	0.01057	0.00529	0.00396	0.00396	0.00132	0.00529	0.00352	0.00176	0.00440
58	0.01022	0.01001	0.01559	0.03176	0.67345	0.05830	0.03883	0.04473	0.01930	0.01310	0.00749	0.00970	0.00624	0.00378	0.00431	0.00120	0.04034	0.00352	0.00206	0.00607
59	0.00984	0.00773	0.02844	0.07019	0.07168	0.02644	0.02527	0.20958	0.06717	0.08115	0.01423	0.30014	0.01400	0.00739	0.00467	0.00139	0.03182	0.02038	0.00342	0.00507
60	0.00561	0.00405	0.00530	0.00499	0.00592	0.00374	0.00374	0.00748	0.01122	0.01590	0.83383	0.02962	0.03741	0.00811	0.00468	0.00125	0.00187	0.00717	0.00436	0.00374
61	0.00915	0.00732	0.00771	0.00703	0.00894	0.00831	0.00544	0.01800	0.62192	0.01618	0.05454	0.01550	0.01292	0.00535	0.00381	0.00125	0.00281	0.00445	0.18375	0.00563
62	0.01724	0.00661	0.00899	0.00693	0.00990	0.00573	0.00571	0.01879	0.01129	0.79972	0.04006	0.01400	0.01065	0.00500	0.00399	0.00122	0.00330	0.00408	0.02018	0.00660
63	0.00514	0.00403	0.00465	0.00450	0.00564	0.00354	0.00337	0.00658	0.01012	0.01328	0.43317	0.03393	0.43971	0.00908	0.00468	0.00129	0.00194	0.00777	0.00402	0.00354
64	0.00867	0.00867	0.01214	0.01041	0.01041	0.01214	0.00867	0.00954	0.00607	0.00954	0.00520	0.00867	0.00520	0.00694	0.01301	0.00173	0.85340	0.00347	0.00173	0.00434
65	0.00981	0.00942	0.01609	0.02434	0.83592	0.00942	0.01217	0.01217	0.00903	0.01295	0.00746	0.00981	0.00628	0.00353	0.00393	0.00118	0.00471	0.00353	0.00196	0.00628
66	0.01779	0.00675	0.00920	0.00705	0.01012	0.00583	0.00583	0.01932	0.01135	0.83867	0.01564	0.01350	0.00981	0.00491	0.00399	0.00123	0.00337	0.00399	0.00491	0.00675
67	0.01481	0.01890	0.01124	0.01021	0.01226	0.84474	0.00766	0.01583	0.01124	0.00970	0.00613	0.00715	0.00511	0.00409	0.00358	0.00102	0.00715	0.00255	0.00204	0.00460
68	0.00469	0.00402	0.00402	0.00402	0.00536	0.00335	0.00301	0.00569	0.00904	0.01071	0.04017	0.03816	0.83432	0.01004	0.00469	0.00134	0.00201	0.00837	0.00368	0.00335
69	0.00639	0.00456	0.00639	0.00730	0.00821	0.00456	0.00639	0.00821	0.00913	0.01187	0.02099	0.04472	0.02282	0.01095	0.00548	0.00183	0.00365	0.80924	0.00365	0.00365
70	0.00981	0.00942	0.01609	0.02434	0.83592	0.00942	0.01217	0.01217	0.00903	0.01295	0.00746	0.00981	0.00628	0.00353	0.00393	0.00118	0.00471	0.00353	0.00196	0.00628
71	0.00525	0.00404	0.00607	0.00644	0.00699	0.00380	0.06324	0.00620	0.00781	0.01041	0.02080	0.74788	0.02455	0.01167	0.00506	0.00160	0.00270	0.05852	0.00356	0.00340
72	0.58403	0.00756	0.00714	0.00596	0.00863	0.00813	0.00491	0.05317	0.00871	0.26548	0.00876	0.00872	0.00608	0.00410	0.00299	0.00123	0.00322	0.00277	0.00327	0.00515
73	0.01060	0.86304	0.02078	0.00678	0.01018	0.01569	0.00678	0.01187	0.00806	0.00933	0.00551	0.00636	0.00509	0.00339	0.00254	0.00085	0.00424	0.00212	0.00170	0.00509
74	0.88866	0.00767	0.00583	0.00521	0.00767	0.00889	0.00429	0.01166	0.00675	0.01779	0.00552	0.00644	0.00429	0.00368	0.00245	0.00123	0.00307	0.00215	0.00245	0.00429
75	0.00483	0.00345	0.00460	0.00552	0.00575	0.00322	0.00368	0.00552	0.00759	0.01012	0.02185	0.85807	0.02622	0.01242	0.00506	0.00161	0.00230	0.01127	0.00368	0.00322
76	0.00577	0.00384	0.00432	0.00432	0.00432	0.00384	0.00240	0.00577	0.00577	0.00769	0.01249	0.02595	0.01441	0.86066	0.02018	0.00384	0.00384	0.00577	0.00240	0.00240
77	0.00768	0.00724	0.01224	0.78225	0.09467	0.00886	0.01111	0.01030	0.00802	0.01037	0.00708	0.01051	0.00537	0.00393	0.00396	0.00131	0.00524	0.00352	0.00178	0.00456
78	0.01276	0.01470	0.02455	0.06065	0.02518	0.44946	0.18071	0.08046	0.07553	0.02673	0.00784	0.00906	0.00609	0.00408	0.00391	0.00115	0.00629	0.00334	0.00238	0.00513
79	0.00909	0.00748	0.00793	0.00724	0.00918	0.00845	0.00558	0.04018	0.61596	0.01589	0.03009	0.06968	0.06093	0.00605	0.00403	0.00132	0.00291	0.00508	0.08731	0.00564
80	0.00547	0.00404	0.00500	0.00476	0.00577	0.00366	0.00357	0.00717	0.01071	0.01483	0.65238	0.03095	0.19724	0.00840	0.00463	0.00126	0.00190	0.00732	0.02730	0.00366
81	0.01117	0.01087	0.01456	0.03204	0.41961	0.14627	0.09613	0.04433	0.11552	0.05707	0.00892	0.01031	0.00700	0.00397	0.00397	0.00120	0.00504	0.00364	0.00247	0.00591
82	0.04352	0.23304	0.44863	0.03753	0.02655	0.01116	0.01111	0.07577	0.03846	0.01292	0.00712	0.00820	0.00543	0.00387	0.00362	0.00116	0.02148	0.00284	0.00198	0.00561
83	0.00527	0.00403	0.00484	0.00472	0.00578	0.00360	0.00355	0.00677	0.01022	0.01366	0.48776	0.06540	0.32792	0.00907	0.00472	0.00131	0.00199	0.03175	0.00407	0.00357
84	0.81451	0.00770	0.00619	0.00542	0.00793	0.00880	0.00447	0.03341	0.00733	0.06625	0.00622	0.00694	0.00468	0.00378	0.00258	0.00123	0.00312	0.00229	0.00264	0.00450
85	0.01228	0.01082	0.18458	0.01065	0.03438	0.02406	0.19400	0.02500	0.05378	0.32934	0.04794	0.02255	0.00922	0.00455	0.00428	0.00127	0.01792	0.00413	0.00330	0.00595

[dist]
# distance from previous block
# <min> <max>
0	1

[block]
# block no. 4 follows, 68 sequences, length 142
# corresponding to MSA columns:
# 252-393
name=unknown_E
#
# <colnr> <probs for GDERKNQSTAVLIFYWHMCP>
#	G	D	E	R	K	N	Q	S	T	A	V	L	I	F	Y	W	H	M	C	P
0	0.03324	0.19634	0.54098	0.01020	0.01507	0.01046	0.05964	0.02956	0.00853	0.02572	0.00725	0.01933	0.00561	0.01724	0.00381	0.00122	0.00534	0.00302	0.00186	0.00557
1	0.00566	0.00425	0.00637	0.00637	0.00708	0.00496	0.00496	0.00708	0.00637	0.00920	0.01062	0.01558	0.00991	0.02974	0.84494	0.00637	0.01062	0.00425	0.00212	0.00354
2	0.00883	0.00794	0.04453	0.00665	0.02335	0.00601	0.00546	0.06638	0.00900	0.02408	0.00734	0.00841	0.00595	0.00313	0.00307	0.00068	0.00320	0.00250	0.00246	0.76104
3	0.26515	0.17796	0.28487	0.00879	0.01268	0.03379	0.06652	0.06134	0.03191	0.01425	0.00678	0.00780	0.00520	0.00375	0.00323	0.00117	0.00466	0.00274	0.00214	0.00525
4	0.00482	0.00398	0.00423	0.00426	0.00546	0.00339	0.00316	0.00592	0.00922	0.01136	0.14496	0.09663	0.66900	0.00996	0.00471	0.00135	0.00201	0.00842	0.00377	0.00339
5	0.04536	0.10770	0.39934	0.01189	0.08908	0.10513	0.09168	0.01325	0.03213	0.04338	0.00743	0.00868	0.00561	0.00384	0.00384	0.00119	0.01981	0.00309	0.00200	0.00558
6	0.00644	0.00506	0.00592	0.00555	0.00665	0.03496	0.00420	0.00923	0.09675	0.01533	0.64916	0.02605	0.03129	0.00885	0.05372	0.00154	0.00271	0.00646	0.02610	0.00403
7	0.07319	0.02615	0.01314	0.01522	0.34332	0.22505	0.00920	0.21973	0.01187	0.01546	0.00748	0.00876	0.00594	0.00400	0.00372	0.00114	0.00513	0.00317	0.00252	0.00581
8	0.01243	0.49317	0.01668	0.00795	0.01101	0.16551	0.00708	0.18781	0.02886	0.02639	0.00688	0.00748	0.00568	0.00388	0.00309	0.00097	0.00476	0.00259	0.00235	0.00541
9	0.00523	0.00406	0.00486	0.00534	0.00630	0.00369	0.00418	0.00641	0.00875	0.01093	0.03035	0.22049	0.41179	0.01084	0.00501	0.00155	0.00257	0.25058	0.00367	0.00341
10	0.00469	0.00402	0.00402	0.00402	0.00536	0.00335	0.00301	0.00569	0.00904	0.01071	0.04017	0.03816	0.83432	0.01004	0.00469	0.00134	0.00201	0.00837	0.00368	0.00335
11	0.00561	0.00405	0.00530	0.00499	0.00592	0.00374	0.00374	0.00748	0.01122	0.01590	0.83383	0.02962	0.03741	0.00811	0.00468	0.00125	0.00187	0.00717	0.00436	0.00374
12	0.01060	0.86304	0.02078	0.00678	0.01018	0.01569	0.00678	0.01187	0.00806	0.00933	0.00551	0.00636	0.00509	0.00339	0.00254	0.00085	0.00424	0.00212	0.00170	0.00509
13	0.01481	0.01890	0.01124	0.01021	0.01226	0.84474	0.00766	0.01583	0.01124	0.00970	0.00613	0.00715	0.00511	0.00409	0.00358	0.00102	0.00715	0.00255	0.00204	0.00460
14	0.01774	0.00683	0.00925	0.00709	0.01016	0.00595	0.00586	0.03477	0.01149	0.82302	0.01552	0.01342	0.00976	0.00490	0.00399	0.00123	0.00339	0.00398	0.00489	0.00675
15	0.01496	0.01105	0.01184	0.00910	0.01225	0.01224	0.00751	0.80592	0.03561	0.02481	0.00966	0.00963	0.00686	0.00477	0.00397	0.00119	0.00434	0.00359	0.00397	0.00673
16	0.00639	0.00456	0.00639	0.00730	0.00821	0.00456	0.00639	0.00821	0.00913	0.01187	0.02099	0.04472	0.02282	0.01095	0.00548	0.00183	0.00365	0.80924	0.00365	0.00365
17	0.00936	0.01070	0.02340	0.01671	0.02072	0.01003	0.82152	0.01270	0.00936	0.01270	0.00802	0.01070	0.00602	0.00334	0.00468	0.00134	0.00668	0.00468	0.00201	0.00535
18	0.01696	0.00679	0.00902	0.00701	0.00995	0.00605	0.00576	0.03331	0.04966	0.75308	0.01545	0.01354	0.00988	0.00492	0.00394	0.00122	0.00332	0.00399	0.03956	0.00660
19	0.00621	0.00418	0.00549	0.00509	0.00613	0.00384	0.00384	0.00806	0.01123	0.05619	0.79377	0.02883	0.03606	0.00795	0.00464	0.00125	0.00194	0.00701	0.00439	0.00389
20	0.01678	0.00836	0.01020	0.00782	0.01093	0.00822	0.00646	0.31681	0.01405	0.53737	0.01337	0.01202	0.00868	0.00485	0.00398	0.00121	0.00374	0.00383	0.00456	0.00675
21	0.00966	0.00942	0.01353	0.06151	0.54319	0.10185	0.01019	0.01139	0.00859	0.01152	0.00738	0.01012	0.00637	0.00647	0.06271	0.08395	0.03141	0.00346	0.00194	0.00532
22	0.00822	0.00705	0.00822	0.00587	0.00940	0.00529	0.00470	0.00998	0.00822	0.01292	0.00705	0.00822	0.00587	0.00294	0.00294	0.00059	0.00294	0.00235	0.00235	0.88490
23	0.00901	0.01056	0.07113	0.01401	0.01664	0.01077	0.46610	0.01151	0.00807	0.01151	0.00691	0.00979	0.00565	0.00472	0.00774	0.00148	0.32341	0.00412	0.00188	0.00500
24	0.00936	0.01070	0.02340	0.01671	0.02072	0.01003	0.82152	0.01270	0.00936	0.01270	0.00802	0.01070	0.00602	0.00334	0.00468	0.00134	0.00668	0.00468	0.00201	0.00535
25	0.00577	0.00384	0.00432	0.00432	0.00432	0.00384	0.00240	0.00577	0.00577	0.00769	0.01249	0.02595	0.01441	0.86066	0.02018	0.00384	0.00384	0.00577	0.00240	0.00240
26	0.01060	0.86304	0.02078	0.00678	0.01018	0.01569	0.00678	0.01187	0.00806	0.00933	0.00551	0.00636	0.00509	0.00339	0.00254	0.00085	0.00424	0.00212	0.00170	0.00509
27	0.00559	0.00405	0.00528	0.00497	0.00591	0.00373	0.00373	0.00745	0.01118	0.01580	0.81857	0.02978	0.05274	0.00814	0.00468	0.00125	0.00187	0.00719	0.00435	0.00373
28	0.00521	0.00372	0.00504	0.00596	0.00635	0.00355	0.00434	0.00618	0.00797	0.01055	0.02164	0.65883	0.02539	0.01206	0.00516	0.00166	0.00263	0.20674	0.00367	0.00333
29	0.00561	0.00405	0.00530	0.00499	0.00592	0.00374	0.00374	0.00748	0.01122	0.01590	0.83383	0.02962	0.03741	0.00811	0.00468	0.00125	0.00187	0.00717	0.00436	0.00374
30	0.00978	0.00818	0.00874	0.00792	0.01006	0.00936	0.00616	0.03588	0.73505	0.03265	0.01641	0.06037	0.01293	0.00585	0.00412	0.00136	0.00313	0.02196	0.00402	0.00608
31	0.00822	0.00705	0.00822	0.00587	0.00940	0.00529	0.00470	0.00998	0.00822	0.01292	0.00705	0.00822	0.00587	0.00294	0.00294	0.00059	0.00294	0.00235	0.00235	0.88490
32	0.01488	0.01698	0.01140	0.00995	0.01227	0.64040	0.00763	0.21389	0.01305	0.01346	0.00696	0.00773	0.00551	0.00425	0.00367	0.00106	0.00647	0.00280	0.00252	0.00512
33	0.00530	0.00379	0.00514	0.00606	0.00650	0.00363	0.00450	0.00634	0.00806	0.01065	0.02159	0.61220	0.02519	0.01198	0.00519	0.00168	0.00271	0.25249	0.00367	0.00335
34	0.00566	0.00425	0.00637	0.00637	0.00708	0.00496	0.00496	0.00708	0.00637	0.00920	0.01062	0.01558	0.00991	0.02974	0.84494	0.00637	0.01062	0.00425	0.00212	0.00354
35	0.88866	0.00767	0.00583	0.00521	0.00767	0.00889	0.00429	0.01166	0.00675	0.01779	0.00552	0.00644	0.00429	0.00368	0.00245	0.00123	0.00307	0.00215	0.00245	0.00429
36	0.01352	0.00967	0.01054	0.00851	0.01133	0.01068	0.00689	0.44265	0.30787	0.11619	0.01260	0.01187	0.00902	0.00500	0.00399	0.00125	0.00381	0.00394	0.00410	0.00658
37	0.00469	0.00402	0.00402	0.00402	0.00536	0.00335	0.00301	0.00569	0.00904	0.01071	0.04017	0.03816	0.83432	0.01004	0.00469	0.00134	0.00201	0.00837	0.00368	0.00335
38	0.00484	0.00349	0.00459	0.00545	0.00574	0.00324	0.00365	0.00556	0.00772	0.01025	0.03761	0.80838	0.06034	0.01224	0.00504	0.00159	0.00228	0.01107	0.00369	0.00324
39	0.40878	0.00956	0.00916	0.00736	0.01021	0.01076	0.00607	0.45719	0.01328	0.02174	0.00772	0.00813	0.00564	0.00427	0.00328	0.00121	0.00378	0.00293	0.00328	0.00564
40	0.01481	0.01890	0.01124	0.01021	0.01226	0.84474	0.00766	0.01583	0.01124	0.00970	0.00613	0.00715	0.00511	0.00409	0.00358	0.00102	0.00715	0.00255	0.00204	0.00460
41	0.00472	0.00402	0.00407	0.00405	0.00538	0.00336	0.00304	0.00576	0.00912	0.01091	0.07084	0.03783	0.80352	0.00997	0.00469	0.00134	0.00200	0.00832	0.00371	0.00336
42	0.86453	0.00764	0.00592	0.00527	0.00774	0.00881	0.00434	0.01187	0.00688	0.04054	0.00580	0.00664	0.00445	0.00371	0.00250	0.00123	0.00308	0.00220	0.00252	0.00436
43	0.01690	0.00722	0.00938	0.00729	0.01030	0.00665	0.00599	0.07784	0.08272	0.70831	0.01524	0.01332	0.00979	0.00494	0.00399	0.00123	0.00343	0.00400	0.00476	0.00671
44	0.13645	0.00687	0.00874	0.00680	0.00979	0.00625	0.00562	0.01828	0.01072	0.72682	0.01426	0.01253	0.00906	0.00474	0.00378	0.00123	0.00333	0.00374	0.00457	0.00641
45	0.00484	0.00346	0.00461	0.00551	0.00575	0.00323	0.00368	0.00555	0.00765	0.01021	0.03415	0.84552	0.02639	0.01236	0.00505	0.00160	0.00229	0.01121	0.00369	0.00323
