[name]
unknown

[dist]
# distance from previous block
# <min> <max>
0	71

[block]
# block no. 0 follows, 69 sequences, length 39
# corresponding to MSA columns:
# 74-112
name=unknown_A
#
# <colnr> <probs for GDERKNQSTAVLIFYWHMCP>
#	G	D	E	R	K	N	Q	S	T	A	V	L	I	F	Y	W	H	M	C	P
0	0.00569	0.00384	0.00448	0.00448	0.00455	0.00391	0.00263	0.00583	0.00576	0.00775	0.01217	0.02463	0.01381	0.77936	0.10221	0.00405	0.00447	0.00555	0.00235	0.00249
1	0.03384	0.01083	0.01155	0.00891	0.01200	0.01201	0.00734	0.78335	0.04203	0.02431	0.00952	0.00950	0.00677	0.00470	0.00389	0.00118	0.00425	0.00353	0.00389	0.00660
2	0.01666	0.00679	0.00898	0.00694	0.00984	0.00607	0.00571	0.07498	0.01163	0.72878	0.04258	0.01365	0.01042	0.00494	0.00393	0.00120	0.00331	0.00401	0.03310	0.00647
3	0.00822	0.00705	0.00817	0.00593	0.00934	0.00547	0.00473	0.01047	0.05322	0.01297	0.00746	0.00849	0.00614	0.00304	0.00296	0.00062	0.00291	0.00244	0.00241	0.83795
4	0.81100	0.00775	0.00622	0.00544	0.00792	0.00889	0.00448	0.05835	0.00750	0.04516	0.00602	0.00677	0.00456	0.00374	0.00256	0.00121	0.00312	0.00226	0.00259	0.00446
5	0.00970	0.00931	0.01591	0.02406	0.83777	0.00931	0.01203	0.01203	0.00893	0.01281	0.00737	0.00970	0.00621	0.00349	0.00388	0.00116	0.00466	0.00349	0.00194	0.00621
6	0.01624	0.00653	0.00875	0.00680	0.00961	0.00576	0.00558	0.04529	0.01140	0.72445	0.08897	0.01467	0.01206	0.00513	0.00398	0.00121	0.00321	0.00421	0.01980	0.00635
7	0.00492	0.00348	0.00455	0.00535	0.00557	0.00328	0.00354	0.00554	0.00732	0.00976	0.02049	0.74481	0.02448	0.11321	0.00679	0.00186	0.00248	0.02600	0.00349	0.00310
8	0.00483	0.00352	0.00456	0.00531	0.00570	0.00325	0.00362	0.00563	0.00789	0.01043	0.07098	0.71405	0.10878	0.01177	0.00495	0.00155	0.00224	0.02402	0.00368	0.00323
9	0.01444	0.00598	0.00809	0.00644	0.00892	0.00522	0.00522	0.01605	0.01119	0.62498	0.22978	0.01751	0.01683	0.00568	0.00412	0.00122	0.00295	0.00476	0.00471	0.00590
10	0.88991	0.00758	0.00576	0.00516	0.00758	0.00879	0.00425	0.01152	0.00667	0.01759	0.00546	0.00637	0.00425	0.00364	0.00243	0.00121	0.00303	0.00212	0.00243	0.00425
11	0.88991	0.00758	0.00576	0.00516	0.00758	0.00879	0.00425	0.01152	0.00667	0.01759	0.00546	0.00637	0.00425	0.00364	0.00243	0.00121	0.00303	0.00212	0.00243	0.00425
12	0.00570	0.00434	0.00649	0.00643	0.00711	0.00513	0.00502	0.00708	0.00629	0.00911	0.01032	0.01518	0.00965	0.02866	0.81922	0.00615	0.03832	0.00418	0.00209	0.00353
13	0.00478	0.00341	0.00455	0.00546	0.00569	0.00318	0.00364	0.00546	0.00751	0.01001	0.02161	0.85966	0.02593	0.01228	0.00500	0.00159	0.00227	0.01114	0.00364	0.00318
14	0.00552	0.00401	0.00520	0.00490	0.00584	0.00369	0.00367	0.00734	0.01102	0.01555	0.80889	0.02957	0.06391	0.00808	0.00462	0.00124	0.00185	0.00713	0.00429	0.00369
15	0.00477	0.00343	0.00453	0.00541	0.00567	0.00319	0.00362	0.00546	0.00755	0.01003	0.02219	0.83344	0.05178	0.01221	0.00499	0.00158	0.00227	0.01105	0.00364	0.00319
16	0.01003	0.67587	0.07644	0.00787	0.05467	0.03582	0.00725	0.01148	0.00796	0.00953	0.00617	0.00801	0.00575	0.06454	0.00394	0.00110	0.00438	0.00250	0.00175	0.00495
17	0.00931	0.00728	0.00929	0.07585	0.02433	0.00609	0.03189	0.04802	0.00891	0.08943	0.00790	0.00896	0.00617	0.00327	0.00320	0.00076	0.00334	0.00271	0.00256	0.65072
18	0.01026	0.01075	0.12971	0.03970	0.21603	0.09140	0.13261	0.02096	0.04194	0.12836	0.02579	0.03892	0.08629	0.00479	0.00407	0.00123	0.00475	0.00433	0.00267	0.00545
19	0.00591	0.00468	0.00639	0.00635	0.00707	0.03349	0.00490	0.00725	0.00644	0.00906	0.01042	0.01550	0.00981	0.05993	0.78684	0.00603	0.01013	0.00420	0.00211	0.00349
20	0.06376	0.08826	0.11552	0.09558	0.15793	0.13197	0.07295	0.10120	0.00995	0.04060	0.01726	0.02369	0.02258	0.00416	0.00367	0.00116	0.00491	0.00344	0.03616	0.00527
21	0.09385	0.00912	0.01027	0.00794	0.01097	0.00955	0.00656	0.46185	0.01478	0.31812	0.01124	0.01056	0.00755	0.00466	0.00380	0.00119	0.00385	0.00355	0.00412	0.00645
22	0.00558	0.00409	0.00586	0.00590	0.00645	0.00463	0.00439	0.00670	0.00624	0.00887	0.01132	0.05391	0.01131	0.17923	0.66068	0.00564	0.00893	0.00477	0.00222	0.00328
23	0.00611	0.00429	0.00554	0.00511	0.00615	0.00402	0.00387	0.03399	0.01134	0.03412	0.79107	0.02829	0.03541	0.00784	0.00459	0.00123	0.00196	0.00691	0.00431	0.00386
24	0.00647	0.00514	0.00595	0.00559	0.00690	0.00521	0.00423	0.01056	0.22675	0.01480	0.45185	0.05873	0.16693	0.00780	0.00447	0.00129	0.00222	0.00675	0.00409	0.00427
25	0.03513	0.00686	0.00913	0.00702	0.01004	0.00607	0.00580	0.04987	0.01141	0.79253	0.01503	0.01305	0.00948	0.00482	0.00391	0.00121	0.00337	0.00389	0.00477	0.00662
26	0.00481	0.00343	0.00458	0.00544	0.00569	0.00320	0.00364	0.00553	0.00765	0.01023	0.05317	0.82748	0.02636	0.01212	0.00499	0.00158	0.00226	0.01099	0.00367	0.00320
27	0.01490	0.01098	0.01177	0.00902	0.01216	0.01216	0.00745	0.82470	0.01843	0.02471	0.00941	0.00941	0.00667	0.00471	0.00392	0.00118	0.00431	0.00353	0.00392	0.00667
28	0.01574	0.00897	0.01044	0.00801	0.01107	0.00919	0.00660	0.45560	0.01501	0.36503	0.01193	0.01110	0.00797	0.00472	0.00389	0.00117	0.00383	0.00367	0.01752	0.02853
29	0.00740	0.00697	0.01176	0.85280	0.02700	0.00871	0.01089	0.01002	0.00784	0.01002	0.00697	0.01045	0.00523	0.00392	0.00392	0.00131	0.00523	0.00348	0.00174	0.00436
30	0.00623	0.00448	0.00619	0.00705	0.00797	0.00445	0.00614	0.00799	0.00902	0.01167	0.02175	0.04388	0.06531	0.01078	0.00537	0.00178	0.00352	0.76919	0.00361	0.00359
31	0.04637	0.00777	0.01074	0.00937	0.00960	0.01062	0.00774	0.00910	0.00608	0.00973	0.00610	0.00968	0.00592	0.01067	0.15864	0.00250	0.66990	0.00351	0.00181	0.00415
32	0.02775	0.00671	0.00871	0.00678	0.00958	0.00609	0.00557	0.08399	0.01151	0.66897	0.04157	0.01355	0.01031	0.00491	0.00385	0.00119	0.00324	0.00396	0.07547	0.00630
33	0.00622	0.00486	0.00628	0.02461	0.03880	0.00486	0.00458	0.03434	0.04606	0.01446	0.52137	0.05432	0.13968	0.00832	0.01925	0.00138	0.03605	0.02673	0.00387	0.00396
34	0.00693	0.00495	0.00570	0.00525	0.00658	0.02269	0.00400	0.03558	0.04984	0.07890	0.44521	0.06030	0.24285	0.00811	0.00451	0.00127	0.00227	0.00697	0.00407	0.00405
35	0.01094	0.05806	0.14657	0.05817	0.10813	0.07498	0.05927	0.23585	0.09857	0.02350	0.00876	0.00991	0.00670	0.00555	0.04693	0.00147	0.03482	0.00346	0.00267	0.00572
36	0.07603	0.03001	0.07735	0.03539	0.07251	0.04365	0.07034	0.15287	0.05659	0.09126	0.08126	0.03111	0.01026	0.05628	0.01315	0.00138	0.01164	0.00401	0.03038	0.05452
37	0.02174	0.07891	0.08756	0.04750	0.11276	0.07815	0.07751	0.13263	0.12191	0.05296	0.03871	0.02709	0.04125	0.02390	0.02134	0.00136	0.01228	0.00399	0.01306	0.00541
38	0.04490	0.10180	0.17371	0.08799	0.07255	0.03050	0.03464	0.09993	0.04933	0.05081	0.00875	0.01052	0.01937	0.05151	0.02004	0.00133	0.00454	0.00329	0.00242	0.13207

[dist]
# distance from previous block
# <min> <max>
0	22

[block]
# block no. 1 follows, 69 sequences, length 12
# corresponding to MSA columns:
# 135-146
name=unknown_B
#
# <colnr> <probs for GDERKNQSTAVLIFYWHMCP>
#	G	D	E	R	K	N	Q	S	T	A	V	L	I	F	Y	W	H	M	C	P
0	0.09283	0.03230	0.10267	0.02161	0.07097	0.03936	0.06448	0.11062	0.07176	0.05646	0.00994	0.06650	0.02114	0.02660	0.05294	0.04087	0.06552	0.00401	0.00265	0.04679
1	0.00913	0.03881	0.02420	0.04108	0.00901	0.03358	0.00532	0.20338	0.10013	0.03318	0.05000	0.08631	0.05157	0.21966	0.03535	0.00203	0.00390	0.00509	0.02282	0.02546
2	0.00861	0.00909	0.08997	0.20426	0.14833	0.02727	0.02098	0.06075	0.13501	0.01285	0.05243	0.02838	0.05013	0.00571	0.02212	0.00142	0.09523	0.01982	0.00255	0.00509
3	0.00543	0.00450	0.00485	0.00472	0.00583	0.03458	0.00352	0.00681	0.00994	0.01289	0.40542	0.07653	0.39293	0.00895	0.00461	0.00128	0.00213	0.00767	0.00389	0.00353
4	0.00938	0.00833	0.01073	0.07389	0.15029	0.02930	0.04458	0.08702	0.32237	0.01462	0.05515	0.02956	0.04391	0.03208	0.00507	0.00137	0.05501	0.00447	0.01744	0.00545
5	0.00530	0.00396	0.00487	0.00470	0.00566	0.00358	0.00348	0.00682	0.01023	0.01394	0.57738	0.07060	0.22937	0.03651	0.00514	0.00136	0.00197	0.00752	0.00406	0.00354
6	0.00995	0.02346	0.04154	0.09850	0.17733	0.04626	0.08095	0.14003	0.15624	0.03660	0.05367	0.06412	0.03076	0.00504	0.00404	0.00125	0.00427	0.00446	0.01604	0.00549
7	0.01490	0.01098	0.01177	0.00902	0.01216	0.01216	0.00745	0.82470	0.01843	0.02471	0.00941	0.00941	0.00667	0.00471	0.00392	0.00118	0.00431	0.00353	0.00392	0.00667
8	0.01049	0.00807	0.02930	0.00714	0.02823	0.00696	0.00574	0.16806	0.04898	0.10746	0.00974	0.01013	0.03008	0.00381	0.00336	0.00085	0.00332	0.00304	0.00300	0.51224
9	0.00925	0.01058	0.02313	0.01652	0.02049	0.00991	0.82353	0.01256	0.00925	0.01256	0.00793	0.01058	0.00595	0.00330	0.00463	0.00132	0.00661	0.00463	0.00198	0.00529
10	0.00570	0.00380	0.00428	0.00428	0.00428	0.00380	0.00238	0.00570	0.00570	0.00760	0.01235	0.02566	0.01425	0.86222	0.01995	0.00380	0.00380	0.00570	0.00238	0.00238
11	0.05281	0.08639	0.06792	0.01151	0.13131	0.34037	0.06623	0.01359	0.00972	0.08151	0.03015	0.03759	0.00756	0.00447	0.00391	0.00114	0.02504	0.02139	0.00235	0.00504

[dist]
# distance from previous block
# <min> <max>
0	1

[block]
# block no. 2 follows, 69 sequences, length 9
# corresponding to MSA columns:
# 148-156
name=unknown_C
#
# <colnr> <probs for GDERKNQSTAVLIFYWHMCP>
#	G	D	E	R	K	N	Q	S	T	A	V	L	I	F	Y	W	H	M	C	P
0	0.41437	0.29143	0.05884	0.00656	0.00956	0.03225	0.00608	0.08800	0.00857	0.04507	0.00630	0.00701	0.00499	0.00370	0.00275	0.00108	0.00380	0.00237	0.00235	0.00491
1	0.00875	0.04397	0.33438	0.04060	0.08559	0.00930	0.11762	0.04457	0.15168	0.01321	0.00915	0.01070	0.00704	0.02356	0.03633	0.00149	0.02369	0.00360	0.02924	0.00553
2	0.00672	0.00346	0.00519	0.00519	0.00524	0.00351	0.00351	0.00524	0.00519	0.00697	0.00707	0.01217	0.00702	0.01475	0.07504	0.82275	0.00391	0.00346	0.00173	0.00183
3	0.01033	0.04163	0.19034	0.02350	0.04644	0.17873	0.04480	0.13452	0.10438	0.01435	0.09767	0.02608	0.03202	0.00487	0.00386	0.00118	0.00474	0.00392	0.03136	0.00526
4	0.00562	0.00414	0.00597	0.00597	0.00656	0.00472	0.00449	0.00679	0.00620	0.00886	0.01080	0.01708	0.01053	0.16543	0.71165	0.00589	0.00941	0.00445	0.00215	0.00332
5	0.00962	0.06058	0.10333	0.07647	0.11447	0.04490	0.00839	0.12636	0.19749	0.01442	0.05723	0.05183	0.01055	0.00538	0.00460	0.00129	0.06479	0.04000	0.00289	0.00541
6	0.00552	0.00402	0.00478	0.00482	0.00579	0.00365	0.00356	0.00666	0.00891	0.03799	0.21447	0.14689	0.35640	0.08359	0.04530	0.00181	0.00269	0.05606	0.00365	0.00344
7	0.04436	0.16433	0.08836	0.03281	0.11023	0.12265	0.02582	0.13265	0.07136	0.04202	0.02740	0.03930	0.00775	0.00451	0.00387	0.00114	0.03322	0.00348	0.03942	0.00534
8	0.07054	0.10851	0.06791	0.03604	0.10739	0.04946	0.04449	0.06207	0.04090	0.05114	0.01111	0.14245	0.03187	0.03732	0.04996	0.00158	0.03149	0.00463	0.00261	0.04853

[dist]
# distance from previous block
# <min> <max>
1	11

[block]
# block no. 3 follows, 69 sequences, length 24
# corresponding to MSA columns:
# 168-191
name=unknown_D
#
# <colnr> <probs for GDERKNQSTAVLIFYWHMCP>
#	G	D	E	R	K	N	Q	S	T	A	V	L	I	F	Y	W	H	M	C	P
0	0.00682	0.00532	0.00647	0.02227	0.02744	0.00482	0.00446	0.02982	0.06368	0.02943	0.19657	0.18844	0.13848	0.01621	0.00432	0.00119	0.00256	0.01706	0.01534	0.21930
1	0.00841	0.04086	0.09549	0.04696	0.11545	0.02380	0.06712	0.06480	0.07235	0.05301	0.16199	0.10124	0.08366	0.02049	0.01362	0.00137	0.00384	0.01760	0.00310	0.00487
2	0.04266	0.04083	0.58281	0.01073	0.03123	0.02686	0.04148	0.09509	0.03102	0.03362	0.00790	0.02455	0.00586	0.00403	0.00373	0.00123	0.00533	0.00319	0.00212	0.00575
3	0.00863	0.05136	0.00931	0.03106	0.11970	0.00701	0.02977	0.08228	0.11771	0.07419	0.17921	0.07367	0.15195	0.00659	0.00421	0.00125	0.00317	0.02222	0.00348	0.02323
4	0.03353	0.10585	0.05885	0.01016	0.05948	0.37118	0.05934	0.07523	0.01020	0.02771	0.00847	0.05400	0.02846	0.00526	0.02581	0.00125	0.03811	0.00347	0.00229	0.02134
5	0.50519	0.04480	0.04153	0.00831	0.06970	0.08121	0.04759	0.07440	0.02817	0.02950	0.00680	0.02082	0.00542	0.00397	0.00318	0.00120	0.01817	0.00277	0.00247	0.00481
6	0.03305	0.02673	0.01235	0.26202	0.23563	0.09905	0.02904	0.10312	0.02685	0.02902	0.00856	0.06745	0.00728	0.00445	0.00385	0.00120	0.00475	0.00386	0.00235	0.03940
7	0.02292	0.00993	0.03524	0.19718	0.22256	0.14716	0.05515	0.06058	0.03533	0.01262	0.07376	0.03714	0.01813	0.00468	0.00414	0.00122	0.02235	0.01450	0.02039	0.00502
8	0.01443	0.01833	0.01114	0.01011	0.01206	0.81695	0.00761	0.01543	0.01093	0.00959	0.00603	0.00712	0.00505	0.00414	0.00387	0.00103	0.03708	0.00256	0.00201	0.00454
9	0.00795	0.00684	0.00848	0.00691	0.05367	0.00535	0.01821	0.00969	0.00827	0.01274	0.03998	0.05570	0.00814	0.00365	0.00317	0.00070	0.00298	0.00309	0.00245	0.74201
10	0.00570	0.00380	0.00428	0.00428	0.00428	0.00380	0.00238	0.00570	0.00570	0.00760	0.01235	0.02566	0.01425	0.86222	0.01995	0.00380	0.00380	0.00570	0.00238	0.00238
11	0.00696	0.00431	0.00517	0.00495	0.00625	0.00376	0.00370	0.00813	0.00941	0.14799	0.17650	0.20319	0.38645	0.00924	0.00460	0.00134	0.00224	0.00794	0.00396	0.00391
12	0.04823	0.01698	0.60183	0.01168	0.06684	0.00903	0.06991	0.04439	0.00893	0.07482	0.00777	0.00886	0.00550	0.00380	0.00376	0.00124	0.00542	0.00312	0.00206	0.00581
13	0.01233	0.00848	0.03359	0.03369	0.19430	0.00823	0.06657	0.17715	0.04326	0.24492	0.01176	0.03005	0.00904	0.00530	0.01839	0.00133	0.00423	0.05454	0.03691	0.00594
14	0.04428	0.00724	0.00819	0.00708	0.00926	0.00775	0.00558	0.05556	0.41969	0.19091	0.18299	0.01679	0.01607	0.00568	0.00405	0.00127	0.00295	0.00474	0.00418	0.00574
15	0.00499	0.00385	0.00457	0.00476	0.00566	0.00343	0.00348	0.00617	0.00916	0.01194	0.26177	0.26141	0.35749	0.01006	0.00476	0.00139	0.00208	0.03581	0.00383	0.00340
16	0.00909	0.04758	0.15167	0.06240	0.10890	0.03634	0.02391	0.08468	0.03253	0.07713	0.03269	0.10652	0.02812	0.12765	0.02377	0.00173	0.03303	0.00475	0.00268	0.00485
17	0.01071	0.01057	0.00862	0.00779	0.00967	0.28307	0.00597	0.03772	0.27604	0.05077	0.16376	0.01632	0.05397	0.00567	0.00398	0.00120	0.00415	0.02022	0.02484	0.00498
18	0.00686	0.00435	0.00551	0.00518	0.00637	0.00396	0.00392	0.00857	0.02599	0.11381	0.48571	0.12483	0.15960	0.00843	0.00459	0.00130	0.00215	0.02073	0.00418	0.00398
19	0.00572	0.00380	0.00479	0.00513	0.00559	0.00358	0.00349	0.00650	0.00781	0.04256	0.12538	0.41382	0.06275	0.22750	0.00868	0.00208	0.00269	0.04648	0.01844	0.00321
20	0.04829	0.04354	0.01055	0.00900	0.05760	0.24554	0.00678	0.16339	0.03221	0.27425	0.02801	0.02793	0.00822	0.00464	0.00372	0.00114	0.00458	0.00352	0.02140	0.00568
21	0.00557	0.00413	0.00603	0.00607	0.00669	0.00472	0.00461	0.00681	0.00630	0.00901	0.01120	0.05616	0.01097	0.10536	0.73078	0.00585	0.00950	0.00467	0.00220	0.00338
22	0.00665	0.00432	0.00506	0.00493	0.00572	0.00421	0.00342	0.01803	0.05594	0.06096	0.15343	0.14346	0.11137	0.28509	0.02598	0.00220	0.00292	0.00655	0.09626	0.00350
23	0.07781	0.06077	0.08777	0.02898	0.07500	0.06309	0.31411	0.10078	0.00989	0.06704	0.00864	0.04027	0.00697	0.03597	0.00458	0.00133	0.00526	0.00400	0.00243	0.00529

[dist]
# distance from previous block
# <min> <max>
3	10

[block]
# block no. 4 follows, 69 sequences, length 21
# corresponding to MSA columns:
# 202-222
name=unknown_E
#
# <colnr> <probs for GDERKNQSTAVLIFYWHMCP>
#	G	D	E	R	K	N	Q	S	T	A	V	L	I	F	Y	W	H	M	C	P
0	0.09244	0.01859	0.00998	0.02574	0.12296	0.07710	0.03700	0.06258	0.09237	0.03040	0.02818	0.08671	0.01063	0.04648	0.01919	0.00149	0.09228	0.07433	0.00275	0.06878
1	0.09534	0.00808	0.05342	0.00760	0.05121	0.08099	0.00576	0.08439	0.04463	0.03322	0.02509	0.02534	0.01963	0.19867	0.12646	0.00247	0.02364	0.02793	0.00260	0.08352
2	0.06164	0.26769	0.07134	0.04244	0.07671	0.20860	0.00773	0.06450	0.00934	0.01164	0.02699	0.02466	0.01690	0.00490	0.02497	0.00121	0.04931	0.00303	0.02147	0.00490
3	0.00524	0.00402	0.00453	0.00460	0.00564	0.00357	0.00335	0.01895	0.00895	0.02679	0.13865	0.20731	0.48724	0.04064	0.02117	0.00155	0.00232	0.00840	0.00368	0.00342
4	0.00922	0.06839	0.11477	0.04753	0.10044	0.05948	0.04401	0.07884	0.13629	0.03535	0.10345	0.06103	0.03231	0.01989	0.02756	0.00143	0.03929	0.01271	0.00286	0.00514
5	0.00478	0.00394	0.00420	0.00420	0.00540	0.00336	0.00313	0.00589	0.00918	0.01134	0.15958	0.08355	0.66836	0.00977	0.00465	0.00133	0.00198	0.00826	0.00374	0.00336
6	0.00915	0.10397	0.20457	0.02181	0.04143	0.03322	0.04069	0.03796	0.35121	0.01389	0.03045	0.04613	0.03860	0.00501	0.00385	0.00124	0.00412	0.00416	0.00293	0.00561
7	0.00495	0.00406	0.00439	0.00444	0.00563	0.00356	0.00333	0.00631	0.02974	0.01136	0.13493	0.10482	0.61818	0.00981	0.00468	0.00135	0.00208	0.03922	0.00373	0.00343
8	0.00562	0.00393	0.00501	0.00506	0.00532	0.00417	0.00334	0.00616	0.00600	0.00825	0.01211	0.06014	0.01319	0.52473	0.31569	0.00460	0.00613	0.00541	0.00233	0.00282
9	0.01490	0.01098	0.01177	0.00902	0.01216	0.01216	0.00745	0.82470	0.01843	0.02471	0.00941	0.00941	0.00667	0.00471	0.00392	0.00118	0.00431	0.00353	0.00392	0.00667
10	0.01048	0.86458	0.02054	0.00671	0.01006	0.01551	0.00671	0.01174	0.00797	0.00922	0.00545	0.00629	0.00503	0.00335	0.00252	0.00084	0.00419	0.00210	0.00168	0.00503
11	0.01192	0.06739	0.01038	0.04448	0.02656	0.04620	0.00617	0.16772	0.01085	0.19206	0.00909	0.00946	0.00669	0.00386	0.00353	0.00093	0.01589	0.00298	0.00307	0.36078
12	0.54153	0.00980	0.15919	0.00669	0.00986	0.00835	0.00648	0.03160	0.00811	0.17480	0.00776	0.00813	0.00548	0.00391	0.00299	0.00122	0.00362	0.00265	0.00279	0.00505
13	0.00562	0.00412	0.00588	0.00588	0.00643	0.00467	0.00437	0.00673	0.00618	0.00879	0.01089	0.01754	0.01073	0.20329	0.67407	0.00578	0.00910	0.00451	0.00216	0.00327
14	0.00877	0.00894	0.01247	0.01056	0.01079	0.03464	0.04429	0.00974	0.00629	0.00958	0.00529	0.00862	0.00518	0.00663	0.01225	0.00168	0.79475	0.00346	0.00174	0.00434
15	0.01423	0.01065	0.01139	0.00888	0.01190	0.01184	0.00729	0.71991	0.12431	0.02362	0.01027	0.01009	0.00736	0.00479	0.00393	0.00120	0.00416	0.00365	0.00393	0.00661
16	0.00962	0.00989	0.04582	0.01403	0.04303	0.00907	0.55806	0.03438	0.06734	0.06510	0.06887	0.01218	0.00884	0.00393	0.00442	0.00128	0.00556	0.00456	0.00252	0.03151
17	0.09803	0.15718	0.24562	0.00986	0.07165	0.10822	0.04253	0.03287	0.01798	0.07762	0.01952	0.02747	0.00662	0.01602	0.00376	0.00116	0.01291	0.00313	0.00227	0.04561
18	0.11669	0.21115	0.13655	0.04613	0.04599	0.25257	0.00818	0.05054	0.05505	0.01219	0.00681	0.00779	0.00547	0.00383	0.00325	0.00106	0.00510	0.00266	0.00212	0.02686
19	0.01217	0.06204	0.03136	0.00837	0.01112	0.03569	0.00692	0.35850	0.36006	0.03537	0.01197	0.01151	0.00885	0.00484	0.00382	0.00121	0.00384	0.00379	0.02235	0.00622
20	0.04647	0.04005	0.07014	0.04432	0.04233	0.00681	0.01863	0.03199	0.17711	0.05154	0.17820	0.03640	0.18172	0.02062	0.01666	0.00139	0.00324	0.02427	0.00341	0.00469

[dist]
# distance from previous block
# <min> <max>
1	16

[block]
# block no. 5 follows, 69 sequences, length 37
# corresponding to MSA columns:
# 239-275
name=unknown_F
#
# <colnr> <probs for GDERKNQSTAVLIFYWHMCP>
#	G	D	E	R	K	N	Q	S	T	A	V	L	I	F	Y	W	H	M	C	P
0	0.00921	0.00938	0.03356	0.17600	0.50878	0.07671	0.01066	0.01140	0.00872	0.01177	0.00807	0.05967	0.00712	0.00466	0.02133	0.00129	0.00492	0.00383	0.00202	0.03088
1	0.00984	0.00971	0.08827	0.12960	0.15145	0.00923	0.11655	0.13162	0.15507	0.04170	0.03540	0.02190	0.00870	0.00458	0.00423	0.00126	0.02156	0.02551	0.00278	0.03105
2	0.00566	0.00380	0.00437	0.00441	0.00445	0.00382	0.00253	0.00574	0.00580	0.00777	0.01268	0.06158	0.01459	0.79227	0.05199	0.00380	0.00400	0.00588	0.00242	0.00246
3	0.00861	0.03769	0.00898	0.09281	0.01064	0.15641	0.02327	0.08663	0.00912	0.01144	0.01282	0.34753	0.01377	0.00810	0.02089	0.00145	0.09665	0.00633	0.02145	0.02540
4	0.00597	0.00439	0.00568	0.00590	0.02974	0.01922	0.00393	0.00662	0.00614	0.00843	0.01103	0.01965	0.01153	0.41001	0.39333	0.04151	0.00690	0.00481	0.00220	0.00301
5	0.00819	0.00799	0.01118	0.00969	0.00976	0.01103	0.00800	0.00907	0.00602	0.00933	0.00592	0.00987	0.00593	0.04205	0.09009	0.00222	0.74415	0.00359	0.00178	0.00414
6	0.06049	0.05277	0.04916	0.02291	0.19810	0.13000	0.08287	0.19653	0.05578	0.04189	0.00887	0.04932	0.00724	0.00439	0.00380	0.00117	0.00477	0.00370	0.00270	0.02356
7	0.02442	0.03224	0.10798	0.09578	0.32514	0.05851	0.06882	0.07115	0.02651	0.03198	0.00859	0.05304	0.00735	0.02994	0.02389	0.00141	0.02168	0.00389	0.00225	0.00544
8	0.04767	0.04378	0.07823	0.02501	0.06082	0.01837	0.00693	0.15911	0.13175	0.08098	0.02179	0.01004	0.00749	0.00400	0.00347	0.00100	0.00370	0.00318	0.00297	0.28971
9	0.00468	0.00396	0.00405	0.00406	0.00533	0.00333	0.00303	0.00571	0.00901	0.01084	0.08004	0.05800	0.77482	0.00989	0.00464	0.00133	0.00199	0.00829	0.00368	0.00333
10	0.02736	0.07059	0.08294	0.00866	0.01137	0.12906	0.03201	0.12730	0.32524	0.06852	0.04969	0.01190	0.00972	0.00482	0.00400	0.00122	0.02284	0.00378	0.00327	0.00572
11	0.02817	0.19630	0.21892	0.01380	0.21760	0.05270	0.13341	0.01260	0.00872	0.05199	0.00720	0.00870	0.00566	0.00367	0.00383	0.00115	0.02488	0.00316	0.00197	0.00557
12	0.00548	0.00400	0.00514	0.00486	0.00581	0.00367	0.00364	0.00726	0.01093	0.01532	0.77379	0.02994	0.09915	0.00816	0.00462	0.00124	0.00186	0.00718	0.00426	0.00367
13	0.01036	0.00801	0.04057	0.00652	0.00994	0.03500	0.00545	0.04815	0.00926	0.16306	0.00859	0.00910	0.00649	0.00341	0.00319	0.00076	0.00330	0.00270	0.00282	0.62333
14	0.00970	0.00931	0.01591	0.02406	0.83777	0.00931	0.01203	0.01203	0.00893	0.01281	0.00737	0.00970	0.00621	0.00349	0.00388	0.00116	0.00466	0.00349	0.00194	0.00621
15	0.00993	0.00851	0.00896	0.00801	0.01026	0.00983	0.00625	0.04852	0.80271	0.01669	0.01573	0.01445	0.01178	0.00530	0.00399	0.00132	0.00314	0.00440	0.00399	0.00622
16	0.88991	0.00758	0.00576	0.00516	0.00758	0.00879	0.00425	0.01152	0.00667	0.01759	0.00546	0.00637	0.00425	0.00364	0.00243	0.00121	0.00303	0.00212	0.00243	0.00425
17	0.00491	0.00351	0.00471	0.00562	0.00591	0.00330	0.00388	0.00570	0.00764	0.01016	0.02153	0.78636	0.02563	0.01215	0.00504	0.00161	0.00239	0.08308	0.00364	0.00322
18	0.88991	0.00758	0.00576	0.00516	0.00758	0.00879	0.00425	0.01152	0.00667	0.01759	0.00546	0.00637	0.00425	0.00364	0.00243	0.00121	0.00303	0.00212	0.00243	0.00425
19	0.01418	0.01044	0.01125	0.00877	0.01170	0.01152	0.00718	0.76623	0.01765	0.02366	0.01028	0.07009	0.00804	0.00525	0.00400	0.00121	0.00417	0.00407	0.00390	0.00642
20	0.01490	0.01098	0.01177	0.00902	0.01216	0.01216	0.00745	0.82470	0.01843	0.02471	0.00941	0.00941	0.00667	0.00471	0.00392	0.00118	0.00431	0.00353	0.00392	0.00667
21	0.01759	0.00667	0.00910	0.00698	0.01001	0.00576	0.00576	0.01911	0.01122	0.84048	0.01547	0.01334	0.00970	0.00485	0.00394	0.00121	0.00334	0.00394	0.00485	0.00667
22	0.65683	0.00743	0.00643	0.00554	0.00796	0.00831	0.00454	0.07465	0.00820	0.10895	0.00745	0.00802	0.00549	0.00393	0.00273	0.00119	0.00307	0.00255	0.07208	0.00465
23	0.00478	0.00341	0.00455	0.00546	0.00569	0.00318	0.00364	0.00546	0.00751	0.01001	0.02161	0.85966	0.02593	0.01228	0.00500	0.00159	0.00227	0.01114	0.00364	0.00318
24	0.00639	0.00469	0.00583	0.00541	0.00656	0.00460	0.00410	0.00954	0.12740	0.03260	0.70269	0.02688	0.03288	0.00757	0.00452	0.00125	0.00206	0.00665	0.00428	0.00412
25	0.01111	0.00867	0.00934	0.00799	0.01038	0.00975	0.00633	0.21030	0.54720	0.05959	0.06448	0.01422	0.01213	0.00532	0.00401	0.00128	0.00332	0.00436	0.00404	0.00618
26	0.00746	0.00521	0.00639	0.00563	0.00698	0.00513	0.00435	0.14075	0.01224	0.04127	0.66194	0.02531	0.03076	0.00732	0.00445	0.00122	0.00229	0.00635	0.02068	0.00427
27	0.00505	0.00361	0.00471	0.00522	0.00570	0.00335	0.00361	0.00610	0.00861	0.01178	0.25830	0.57188	0.05752	0.01080	0.00483	0.00146	0.00213	0.00971	0.02227	0.00335
28	0.00937	0.00762	0.00826	0.00750	0.00952	0.00859	0.00588	0.03972	0.62917	0.03860	0.08445	0.01810	0.03239	0.00596	0.00412	0.00134	0.00302	0.05741	0.02325	0.00573
29	0.04896	0.00796	0.00903	0.00759	0.01016	0.00850	0.00606	0.07830	0.45266	0.30382	0.01488	0.01346	0.01048	0.00504	0.00390	0.00127	0.00327	0.00410	0.00422	0.00632
30	0.01616	0.00715	0.00909	0.00704	0.00990	0.00668	0.00579	0.15734	0.01224	0.62415	0.02697	0.01301	0.00963	0.00485	0.00386	0.00118	0.00337	0.00390	0.07129	0.00640
31	0.00478	0.00347	0.00449	0.00530	0.00563	0.00321	0.00356	0.00548	0.00760	0.01002	0.02306	0.77145	0.09805	0.02720	0.00524	0.00161	0.00228	0.01079	0.00362	0.00318
32	0.00577	0.00404	0.00517	0.00555	0.00620	0.00391	0.00400	0.03298	0.01812	0.02773	0.12221	0.47836	0.08346	0.03960	0.05873	0.00187	0.00295	0.06634	0.02948	0.00351
33	0.05357	0.01003	0.01078	0.00844	0.01134	0.02482	0.00692	0.63647	0.01624	0.10464	0.01019	0.03473	0.00753	0.00590	0.03872	0.00140	0.00440	0.00374	0.00383	0.00629
34	0.00714	0.01468	0.01585	0.02567	0.00746	0.02095	0.01885	0.00884	0.03036	0.05097	0.22312	0.06319	0.04275	0.08568	0.13280	0.00224	0.09482	0.00531	0.14543	0.00387
35	0.00554	0.00382	0.00472	0.00486	0.00503	0.00393	0.00307	0.00592	0.00609	0.00826	0.01338	0.14933	0.01513	0.56915	0.18146	0.00396	0.00490	0.00622	0.00251	0.00272
36	0.08982	0.02132	0.05794	0.04008	0.23569	0.05890	0.05179	0.05539	0.04703	0.01331	0.06567	0.10871	0.06721	0.01783	0.00426	0.00131	0.00403	0.04307	0.01176	0.00490

[dist]
# distance from previous block
# <min> <max>
1	13

[block]
# block no. 6 follows, 69 sequences, length 51
# corresponding to MSA columns:
# 294-344
name=unknown_G
#
# <colnr> <probs for GDERKNQSTAVLIFYWHMCP>
#	G	D	E	R	K	N	Q	S	T	A	V	L	I	F	Y	W	H	M	C	P
0	0.01034	0.12726	0.11861	0.03139	0.16122	0.11206	0.06594	0.06612	0.11931	0.04957	0.01003	0.05273	0.01974	0.02179	0.00412	0.00124	0.00471	0.01585	0.00255	0.00543
1	0.07088	0.24476	0.02192	0.00736	0.00959	0.10033	0.02541	0.08168	0.05773	0.06243	0.04236	0.06189	0.05573	0.00651	0.03838	0.02647	0.05326	0.01481	0.01374	0.00476
2	0.00674	0.00598	0.00989	0.08018	0.16212	0.00598	0.11170	0.00868	0.03751	0.01115	0.01612	0.39882	0.04830	0.00900	0.03288	0.00160	0.00387	0.04230	0.00292	0.00425
3	0.01997	0.15875	0.12916	0.08019	0.06166	0.17307	0.08510	0.05978	0.02965	0.02307	0.02681	0.05368	0.02312	0.01785	0.00434	0.00121	0.04164	0.00370	0.00224	0.00499
4	0.00624	0.00528	0.00726	0.08927	0.07958	0.00531	0.03293	0.00872	0.10041	0.01180	0.09780	0.27366	0.22766	0.00853	0.00453	0.00138	0.00290	0.01890	0.01378	0.00406
5	0.00491	0.00402	0.00435	0.00437	0.00554	0.00351	0.00324	0.00624	0.02842	0.01146	0.16100	0.12410	0.60556	0.00978	0.00466	0.00134	0.00202	0.00831	0.00375	0.00342
6	0.00858	0.00858	0.01201	0.01029	0.01029	0.01201	0.00858	0.00943	0.00600	0.00943	0.00515	0.00858	0.00515	0.00686	0.01287	0.00172	0.85505	0.00343	0.00172	0.00429
7	0.02521	0.01750	0.01111	0.01043	0.04350	0.75281	0.00761	0.02622	0.01082	0.00998	0.00626	0.00764	0.00531	0.02289	0.00413	0.00110	0.02818	0.00266	0.00205	0.00458
8	0.00500	0.00364	0.00462	0.00525	0.00572	0.00339	0.00360	0.00607	0.02452	0.01088	0.10311	0.65197	0.11217	0.01127	0.00485	0.00151	0.00221	0.01011	0.02678	0.00332
9	0.01663	0.00800	0.00989	0.00761	0.01065	0.00776	0.00628	0.25998	0.03019	0.57969	0.01367	0.01219	0.00884	0.00482	0.00394	0.00120	0.00362	0.00383	0.00456	0.00666
10	0.00925	0.01058	0.02313	0.01652	0.02049	0.00991	0.82353	0.01256	0.00925	0.01256	0.00793	0.01058	0.00595	0.00330	0.00463	0.00132	0.00661	0.00463	0.00198	0.00529
11	0.00516	0.00400	0.00468	0.00462	0.00564	0.00358	0.00340	0.00663	0.02276	0.01281	0.38740	0.11801	0.36702	0.03054	0.00504	0.00137	0.00202	0.00792	0.00391	0.00349
12	0.04965	0.00764	0.00955	0.00735	0.01038	0.00726	0.00607	0.19297	0.01261	0.63334	0.01378	0.01223	0.00884	0.00478	0.00388	0.00121	0.00354	0.00379	0.00456	0.00658
13	0.00858	0.00858	0.01201	0.01029	0.01029	0.01201	0.00858	0.00943	0.00600	0.00943	0.00515	0.00858	0.00515	0.00686	0.01287	0.00172	0.85505	0.00343	0.00172	0.00429
14	0.00750	0.00384	0.00386	0.00379	0.00476	0.00387	0.00286	0.02968	0.00848	0.01487	0.01270	0.01448	0.00996	0.00457	0.00277	0.00092	0.00189	0.00365	0.86182	0.00373
15	0.02179	0.00896	0.04289	0.03079	0.09622	0.02407	0.39731	0.02157	0.04996	0.02384	0.01125	0.09394	0.04563	0.00747	0.09337	0.00185	0.01672	0.00505	0.00238	0.00494
16	0.01759	0.00667	0.00910	0.00698	0.01001	0.00576	0.00576	0.01911	0.01122	0.84048	0.01547	0.01334	0.00970	0.00485	0.00394	0.00121	0.00334	0.00394	0.00485	0.00667
17	0.00925	0.01058	0.02313	0.01652	0.02049	0.00991	0.82353	0.01256	0.00925	0.01256	0.00793	0.01058	0.00595	0.00330	0.00463	0.00132	0.00661	0.00463	0.00198	0.00529
18	0.64681	0.00824	0.00848	0.01012	0.22142	0.02469	0.00631	0.01173	0.00734	0.01621	0.00596	0.00724	0.00477	0.00361	0.00282	0.00120	0.00353	0.00248	0.00229	0.00476
19	0.00970	0.00931	0.01591	0.02406	0.83777	0.00931	0.01203	0.01203	0.00893	0.01281	0.00737	0.00970	0.00621	0.00349	0.00388	0.00116	0.00466	0.00349	0.00194	0.00621
20	0.00512	0.00409	0.00460	0.00445	0.00564	0.00362	0.00334	0.00670	0.02930	0.01278	0.35786	0.03380	0.49663	0.00905	0.00461	0.00129	0.00196	0.00771	0.00392	0.00353
21	0.88991	0.00758	0.00576	0.00516	0.00758	0.00879	0.00425	0.01152	0.00667	0.01759	0.00546	0.00637	0.00425	0.00364	0.00243	0.00121	0.00303	0.00212	0.00243	0.00425
22	0.01490	0.01098	0.01177	0.00902	0.01216	0.01216	0.00745	0.82470	0.01843	0.02471	0.00941	0.00941	0.00667	0.00471	0.00392	0.00118	0.00431	0.00353	0.00392	0.00667
23	0.88991	0.00758	0.00576	0.00516	0.00758	0.00879	0.00425	0.01152	0.00667	0.01759	0.00546	0.00637	0.00425	0.00364	0.00243	0.00121	0.00303	0.00212	0.00243	0.00425
24	0.00570	0.00380	0.00428	0.00428	0.00428	0.00380	0.00238	0.00570	0.00570	0.00760	0.01235	0.02566	0.01425	0.86222	0.01995	0.00380	0.00380	0.00570	0.00238	0.00238
25	0.01048	0.86458	0.02054	0.00671	0.01006	0.01551	0.00671	0.01174	0.00797	0.00922	0.00545	0.00629	0.00503	0.00335	0.00252	0.00084	0.00419	0.00210	0.00168	0.00503
26	0.00550	0.00401	0.00517	0.00488	0.00583	0.00368	0.00366	0.00730	0.01098	0.01544	0.79210	0.02975	0.08077	0.00812	0.00462	0.00124	0.00186	0.00715	0.00428	0.00368
27	0.05330	0.00671	0.00896	0.00690	0.00991	0.00589	0.00570	0.01880	0.01103	0.80680	0.01506	0.01306	0.00948	0.00480	0.00388	0.00121	0.00332	0.00387	0.00475	0.00657
28	0.01624	0.00768	0.00956	0.00743	0.01038	0.00740	0.00610	0.19360	0.07221	0.58834	0.01414	0.01261	0.00922	0.00485	0.00392	0.00121	0.00350	0.00388	0.02116	0.00658
29	0.01759	0.00667	0.00910	0.00698	0.01001	0.00576	0.00576	0.01911	0.01122	0.84048	0.01547	0.01334	0.00970	0.00485	0.00394	0.00121	0.00334	0.00394	0.00485	0.00667
30	0.00739	0.00586	0.00667	0.00613	0.00765	0.00618	0.00469	0.01293	0.34640	0.02923	0.41372	0.02379	0.09938	0.00703	0.00435	0.00128	0.00240	0.00606	0.00413	0.00474
31	0.00570	0.00397	0.00515	0.00515	0.00549	0.00428	0.00350	0.00637	0.00604	0.00846	0.01155	0.02081	0.01217	0.46985	0.38492	0.00482	0.00671	0.00498	0.02716	0.00291
32	0.88991	0.00758	0.00576	0.00516	0.00758	0.00879	0.00425	0.01152	0.00667	0.01759	0.00546	0.00637	0.00425	0.00364	0.00243	0.00121	0.00303	0.00212	0.00243	0.00425
33	0.01460	0.01083	0.01160	0.00896	0.01204	0.01202	0.00738	0.77785	0.06577	0.02422	0.00979	0.00972	0.00698	0.00474	0.00393	0.00119	0.00424	0.00358	0.00393	0.00664
34	0.00500	0.00413	0.00422	0.00415	0.00552	0.00353	0.00313	0.00629	0.03050	0.02445	0.06130	0.03649	0.77845	0.00967	0.00460	0.00132	0.00203	0.00807	0.00369	0.00345
35	0.00617	0.00498	0.00653	0.02103	0.07660	0.00476	0.02176	0.00840	0.07439	0.02437	0.24677	0.12432	0.29380	0.00852	0.00459	0.00135	0.00257	0.06143	0.00366	0.00400
36	0.00560	0.00419	0.00625	0.00625	0.00693	0.00487	0.00484	0.00697	0.00629	0.00906	0.01055	0.01565	0.00991	0.04968	0.82656	0.00624	0.01034	0.00424	0.00211	0.00347
37	0.00855	0.00870	0.01503	0.49506	0.08631	0.04339	0.22909	0.02368	0.03009	0.01129	0.00749	0.01038	0.00569	0.00377	0.00409	0.00129	0.00556	0.00378	0.00192	0.00484
38	0.00740	0.00697	0.01176	0.85280	0.02700	0.00871	0.01089	0.01002	0.00784	0.01002	0.00697	0.01045	0.00523	0.00392	0.00392	0.00131	0.00523	0.00348	0.00174	0.00436
39	0.00570	0.00380	0.00428	0.00428	0.00428	0.00380	0.00238	0.00570	0.00570	0.00760	0.01235	0.02566	0.01425	0.86222	0.01995	0.00380	0.00380	0.00570	0.00238	0.00238
40	0.00999	0.25085	0.12800	0.00974	0.03749	0.02344	0.15120	0.10554	0.02143	0.03421	0.05974	0.00981	0.00775	0.00393	0.00369	0.00105	0.01974	0.00331	0.00236	0.11672
41	0.00904	0.00750	0.03216	0.00635	0.00987	0.00566	0.02188	0.03236	0.00866	0.07556	0.00770	0.00861	0.00610	0.00313	0.00307	0.00068	0.00313	0.00254	0.00253	0.75346
42	0.04189	0.10563	0.15272	0.01076	0.10811	0.04273	0.05980	0.22669	0.01151	0.11115	0.02334	0.03768	0.00808	0.00466	0.00382	0.00120	0.00455	0.03705	0.00291	0.00575
43	0.00526	0.00404	0.00522	0.00563	0.00622	0.00391	0.01590	0.00672	0.05454	0.01099	0.09666	0.59792	0.13155	0.01094	0.00503	0.00151	0.02108	0.00976	0.00365	0.00347
44	0.00475	0.00393	0.00414	0.00418	0.00536	0.00335	0.00309	0.00579	0.00899	0.01100	0.11618	0.09599	0.68384	0.02575	0.00494	0.00138	0.00203	0.00832	0.00368	0.00332
45	0.03182	0.09559	0.12233	0.00951	0.02290	0.31460	0.02606	0.15575	0.09508	0.05434	0.00843	0.02027	0.00655	0.00433	0.00374	0.00113	0.01638	0.00315	0.00263	0.00541
46	0.06790	0.23561	0.14197	0.03034	0.05067	0.15021	0.05315	0.10053	0.00970	0.01264	0.00794	0.02579	0.02927	0.00414	0.00355	0.00108	0.02067	0.00310	0.01580	0.03593
47	0.00553	0.00381	0.00501	0.00546	0.00599	0.00360	0.00382	0.00648	0.00831	0.04591	0.16046	0.59889	0.07677	0.01129	0.02005	0.00158	0.02015	0.00969	0.00374	0.00345
48	0.00793	0.00619	0.00744	0.00669	0.04888	0.00550	0.00477	0.08902	0.02718	0.03485	0.05835	0.15529	0.08460	0.08638	0.00530	0.00127	0.00299	0.00515	0.00301	0.35922
49	0.05789	0.12242	0.10208	0.00945	0.03381	0.08013	0.10189	0.15849	0.07679	0.10153	0.00903	0.01026	0.00698	0.04834	0.00469	0.00128	0.02532	0.00342	0.00277	0.04344
50	0.04522	0.05231	0.06816	0.03576	0.04603	0.03510	0.02795	0.08287	0.05588	0.09350	0.09335	0.05838	0.11874	0.02506	0.00529	0.00136	0.08816	0.04425	0.00310	0.01953

[dist]
# distance from previous block
# <min> <max>
7	22

[block]
# block no. 7 follows, 69 sequences, length 47
# corresponding to MSA columns:
# 368-414
name=unknown_H
#
# <colnr> <probs for GDERKNQSTAVLIFYWHMCP>
#	G	D	E	R	K	N	Q	S	T	A	V	L	I	F	Y	W	H	M	C	P
0	0.00909	0.26231	0.03813	0.03487	0.02783	0.10457	0.01659	0.03238	0.00971	0.05646	0.21539	0.04186	0.12422	0.00586	0.00376	0.00111	0.00368	0.00473	0.00293	0.00453
1	0.02177	0.29517	0.21430	0.03940	0.13380	0.10376	0.00938	0.04747	0.01741	0.02029	0.01831	0.03766	0.00664	0.01465	0.00359	0.00111	0.00487	0.00312	0.00203	0.00529
2	0.02597	0.00907	0.02846	0.02492	0.04491	0.03553	0.05360	0.20151	0.30496	0.11479	0.04447	0.01372	0.03028	0.00510	0.00410	0.00126	0.01434	0.01561	0.02150	0.00591
3	0.01125	0.47656	0.06772	0.00877	0.03895	0.14258	0.04098	0.05302	0.02379	0.04303	0.00660	0.00753	0.00551	0.00378	0.00347	0.00099	0.03996	0.00261	0.00204	0.02087
4	0.00681	0.00340	0.00511	0.00511	0.00511	0.00340	0.00340	0.00511	0.00511	0.00681	0.00681	0.01192	0.00681	0.01362	0.01532	0.88594	0.00340	0.00340	0.00170	0.00170
5	0.07005	0.16003	0.11780	0.04063	0.17396	0.26687	0.00911	0.02265	0.00906	0.01127	0.00649	0.00831	0.00548	0.00405	0.00411	0.00113	0.06839	0.01358	0.00194	0.00508
6	0.00612	0.00451	0.00499	0.00490	0.00564	0.02003	0.00339	0.02272	0.02816	0.02806	0.08230	0.04745	0.23745	0.38362	0.05368	0.00268	0.00350	0.05455	0.00307	0.00319
7	0.03563	0.04375	0.03923	0.07450	0.16851	0.07411	0.03949	0.06318	0.19977	0.02733	0.08228	0.01452	0.04889	0.02280	0.00455	0.00130	0.03011	0.02189	0.00289	0.00527
8	0.01046	0.00860	0.01010	0.02020	0.02871	0.09099	0.00710	0.03994	0.07944	0.14769	0.04175	0.02853	0.05898	0.02490	0.00816	0.00150	0.36598	0.01931	0.00284	0.00484
9	0.03607	0.23404	0.23046	0.02579	0.05529	0.05710	0.02559	0.06680	0.06152	0.06268	0.06498	0.03130	0.02340	0.00447	0.00354	0.00113	0.00448	0.00351	0.00248	0.00535
10	0.02782	0.00919	0.03604	0.23224	0.16373	0.08037	0.03192	0.10981	0.00982	0.02797	0.01776	0.02378	0.03872	0.00415	0.00372	0.00110	0.00450	0.00353	0.00238	0.17144
11	0.00636	0.00427	0.00447	0.00440	0.00545	0.02203	0.00332	0.00810	0.02576	0.01349	0.20287	0.02512	0.23247	0.02382	0.00414	0.00119	0.00212	0.03707	0.36993	0.00362
12	0.06626	0.00932	0.02433	0.04496	0.06039	0.06362	0.01692	0.23977	0.16601	0.14023	0.03865	0.02993	0.00920	0.00496	0.00424	0.00124	0.04185	0.00389	0.02846	0.00577
13	0.00487	0.00348	0.00464	0.00549	0.00578	0.00326	0.00373	0.00565	0.00774	0.01036	0.06414	0.78912	0.02640	0.01201	0.00500	0.00158	0.00230	0.03756	0.00367	0.00323
14	0.00813	0.00697	0.00813	0.00581	0.00929	0.00523	0.00465	0.00987	0.00813	0.01277	0.00697	0.00813	0.00581	0.00290	0.00290	0.00058	0.00290	0.00232	0.00232	0.88619
15	0.03539	0.06339	0.02269	0.07716	0.21520	0.01755	0.04203	0.05076	0.00897	0.07460	0.00788	0.00971	0.00635	0.00399	0.01222	0.00106	0.03810	0.01541	0.00238	0.29514
16	0.67584	0.00792	0.00828	0.07363	0.02506	0.00909	0.07537	0.02478	0.00719	0.01623	0.00587	0.00726	0.00458	0.00379	0.00325	0.00125	0.04133	0.00255	0.00232	0.00442
17	0.00482	0.00370	0.00437	0.00479	0.00550	0.00330	0.00334	0.00570	0.00833	0.01067	0.10060	0.43509	0.34685	0.03755	0.00529	0.00152	0.00217	0.00948	0.00366	0.00325
18	0.00843	0.00803	0.01303	0.53602	0.26474	0.02326	0.02337	0.02276	0.04089	0.01133	0.00748	0.01033	0.00581	0.00385	0.00392	0.00126	0.00501	0.00353	0.00193	0.00503
19	0.00479	0.00353	0.00449	0.00519	0.00563	0.00323	0.00353	0.00558	0.00792	0.01038	0.06343	0.68291	0.16168	0.01169	0.00492	0.00153	0.00221	0.01047	0.00367	0.00323
20	0.00557	0.00387	0.00489	0.00517	0.00592	0.00354	0.00373	0.00662	0.00874	0.04317	0.20907	0.37786	0.19610	0.02473	0.01905	0.02076	0.00241	0.05160	0.00375	0.00344
21	0.00618	0.00443	0.00615	0.00702	0.00790	0.00440	0.00606	0.00789	0.00893	0.01160	0.02132	0.09393	0.04466	0.01089	0.00537	0.00178	0.00348	0.74083	0.00361	0.00358
22	0.85599	0.00755	0.00589	0.00523	0.00768	0.00868	0.00430	0.01182	0.00685	0.04959	0.00585	0.00664	0.00446	0.00369	0.00249	0.00121	0.00304	0.00219	0.00252	0.00434
23	0.01048	0.86458	0.02054	0.00671	0.01006	0.01551	0.00671	0.01174	0.00797	0.00922	0.00545	0.00629	0.00503	0.00335	0.00252	0.00084	0.00419	0.00210	0.00168	0.00503
24	0.00528	0.00400	0.00487	0.00465	0.00569	0.00358	0.00349	0.00687	0.01046	0.01420	0.60044	0.03178	0.27319	0.00858	0.00463	0.00126	0.00189	0.00744	0.00412	0.00358
25	0.01125	0.01176	0.04431	0.12175	0.18770	0.25101	0.04883	0.10148	0.03490	0.04612	0.02894	0.01140	0.02925	0.00446	0.00399	0.00118	0.01546	0.02294	0.01802	0.00523
26	0.49293	0.00994	0.00821	0.00695	0.00951	0.12325	0.00562	0.21661	0.03780	0.04602	0.00722	0.00774	0.00540	0.00406	0.00305	0.00118	0.00391	0.00267	0.00288	0.00504
27	0.88991	0.00758	0.00576	0.00516	0.00758	0.00879	0.00425	0.01152	0.00667	0.01759	0.00546	0.00637	0.00425	0.00364	0.00243	0.00121	0.00303	0.00212	0.00243	0.00425
28	0.01490	0.01098	0.01177	0.00902	0.01216	0.01216	0.00745	0.82470	0.01843	0.02471	0.00941	0.00941	0.00667	0.00471	0.00392	0.00118	0.00431	0.00353	0.00392	0.00667
29	0.00868	0.01916	0.69401	0.01175	0.04853	0.07702	0.04464	0.02947	0.00878	0.01246	0.00705	0.00835	0.00509	0.00375	0.00375	0.00122	0.00585	0.00297	0.00176	0.00571
30	0.00975	0.00842	0.00886	0.00798	0.01019	0.00975	0.00621	0.02083	0.83069	0.01640	0.01596	0.01463	0.01197	0.00532	0.00399	0.00133	0.00310	0.00443	0.00399	0.00621
31	0.00823	0.00697	0.00795	0.00628	0.00909	0.00624	0.00494	0.01250	0.23003	0.01414	0.11777	0.01265	0.01154	0.00422	0.00342	0.00087	0.00282	0.00351	0.00303	0.53380
32	0.00970	0.00934	0.03392	0.08818	0.69952	0.00918	0.04337	0.01211	0.00891	0.03710	0.00760	0.00987	0.00620	0.00356	0.00391	0.00118	0.00476	0.00354	0.00201	0.00603
33	0.00506	0.00361	0.00487	0.00578	0.00613	0.00343	0.00413	0.00595	0.00778	0.01032	0.02145	0.71068	0.02531	0.01202	0.00508	0.00163	0.00252	0.15736	0.00363	0.00326
34	0.00555	0.00401	0.00524	0.00493	0.00586	0.00370	0.00370	0.00740	0.01110	0.01572	0.83570	0.02928	0.03699	0.00801	0.00462	0.00123	0.00185	0.00709	0.00432	0.00370
35	0.02936	0.00932	0.01149	0.00907	0.03008	0.01951	0.06529	0.40403	0.05642	0.30674	0.01160	0.01106	0.00788	0.00464	0.00395	0.00121	0.00410	0.00376	0.00402	0.00647
36	0.00929	0.00919	0.03710	0.04649	0.60837	0.00902	0.06030	0.01252	0.08822	0.01292	0.00909	0.03970	0.00783	0.00419	0.00402	0.00123	0.00456	0.02784	0.00223	0.00591
37	0.00553	0.00401	0.00521	0.00491	0.00585	0.00369	0.00368	0.00736	0.01105	0.01562	0.81940	0.02946	0.05336	0.00805	0.00462	0.00123	0.00185	0.00711	0.00430	0.00369
38	0.00760	0.00715	0.00986	0.02415	0.25348	0.07766	0.04742	0.01875	0.00840	0.01108	0.01441	0.43886	0.01601	0.00812	0.00480	0.00140	0.03630	0.00733	0.00282	0.00440
39	0.01139	0.02617	0.10488	0.02505	0.18535	0.09326	0.22635	0.03906	0.03629	0.16970	0.00956	0.02915	0.00720	0.00409	0.00403	0.00122	0.00515	0.00390	0.01250	0.00571
