[name]
unknown

[dist]
# distance from previous block
# <min> <max>
0	140

[block]
# block no. 0 follows, 69 sequences, length 12
# corresponding to MSA columns:
# 169-180
name=unknown_A
#
# <colnr> <probs for GDERKNQSTAVLIFYWHMCP>
#	G	D	E	R	K	N	Q	S	T	A	V	L	I	F	Y	W	H	M	C	P
0	0.02635	0.21650	0.32439	0.00824	0.01181	0.00927	0.00891	0.04320	0.03135	0.08486	0.03810	0.13565	0.02076	0.00542	0.00370	0.00120	0.00427	0.01828	0.00255	0.00518
1	0.02213	0.24011	0.32838	0.00868	0.01288	0.01044	0.02225	0.11934	0.00954	0.02532	0.00732	0.02455	0.00582	0.00380	0.00332	0.00103	0.00458	0.00287	0.00217	0.14547
2	0.00954	0.36759	0.19631	0.00977	0.01375	0.04352	0.18126	0.01199	0.00845	0.01105	0.00652	0.00787	0.00530	0.00340	0.00331	0.00100	0.00501	0.00285	0.00183	0.10970
3	0.03409	0.09522	0.49624	0.01154	0.13549	0.00906	0.01150	0.01169	0.03090	0.01222	0.01101	0.01191	0.10387	0.00443	0.00371	0.00120	0.00487	0.00357	0.00202	0.00545
4	0.00857	0.23136	0.45382	0.01039	0.01495	0.01046	0.13103	0.01191	0.00854	0.01186	0.06571	0.00961	0.00741	0.00387	0.00362	0.00115	0.00523	0.00325	0.00190	0.00538
5	0.00649	0.00489	0.00601	0.10559	0.00807	0.00535	0.00416	0.00855	0.12764	0.00931	0.01209	0.02136	0.01247	0.56379	0.08552	0.00335	0.00443	0.00512	0.00252	0.00327
6	0.00636	0.00509	0.00730	0.13120	0.01018	0.00598	0.00580	0.00901	0.10423	0.01002	0.01073	0.01514	0.00963	0.06817	0.57748	0.00484	0.00848	0.00420	0.00229	0.00389
7	0.00980	0.00897	0.06248	0.00804	0.01039	0.00929	0.00662	0.13699	0.56032	0.01661	0.01509	0.11363	0.01239	0.00595	0.00408	0.00133	0.00336	0.00500	0.00379	0.00589
8	0.00826	0.00929	0.13253	0.00918	0.10902	0.00644	0.04028	0.01055	0.00836	0.01278	0.02616	0.00892	0.00645	0.00323	0.00325	0.00079	0.00366	0.00275	0.00221	0.59587
9	0.52527	0.00692	0.00669	0.00566	0.00813	0.00730	0.00463	0.01338	0.00847	0.27340	0.06349	0.01129	0.04191	0.00455	0.00313	0.00122	0.00301	0.00326	0.00335	0.00493
10	0.02188	0.04450	0.02495	0.00769	0.01034	0.01981	0.00633	0.39354	0.15162	0.01920	0.13254	0.02643	0.02714	0.00524	0.00388	0.00115	0.00357	0.00419	0.00365	0.09236
11	0.02784	0.11241	0.37505	0.02635	0.04360	0.02461	0.05297	0.04595	0.01792	0.02830	0.00755	0.00885	0.01494	0.00415	0.01218	0.01136	0.03345	0.00297	0.00203	0.14753

[dist]
# distance from previous block
# <min> <max>
0	6

[block]
# block no. 1 follows, 69 sequences, length 27
# corresponding to MSA columns:
# 187-213
name=unknown_B
#
# <colnr> <probs for GDERKNQSTAVLIFYWHMCP>
#	G	D	E	R	K	N	Q	S	T	A	V	L	I	F	Y	W	H	M	C	P
0	0.01064	0.06719	0.38343	0.02686	0.02646	0.08785	0.05705	0.07211	0.02258	0.13965	0.02140	0.04084	0.00727	0.00435	0.00379	0.00120	0.00509	0.00352	0.00253	0.01618
1	0.00508	0.00352	0.00462	0.00540	0.00574	0.00326	0.00363	0.00578	0.00762	0.02859	0.02209	0.78667	0.06158	0.02960	0.00527	0.00162	0.00232	0.01074	0.00364	0.00325
2	0.00596	0.00456	0.01845	0.03472	0.02055	0.00434	0.00453	0.00752	0.02539	0.04611	0.17629	0.20539	0.20228	0.01375	0.19368	0.00248	0.00426	0.02266	0.00336	0.00373
3	0.01053	0.19240	0.19026	0.01853	0.05861	0.06986	0.08403	0.09356	0.03186	0.07710	0.00878	0.02898	0.01825	0.01226	0.00442	0.00120	0.06257	0.01599	0.00239	0.01840
4	0.01263	0.00632	0.00779	0.00644	0.00864	0.00605	0.00514	0.10799	0.06825	0.39921	0.09013	0.03276	0.06367	0.06378	0.00510	0.00140	0.00311	0.03003	0.07610	0.00547
5	0.00740	0.00697	0.01176	0.85280	0.02700	0.00871	0.01089	0.01002	0.00784	0.01002	0.00697	0.01045	0.00523	0.00392	0.00392	0.00131	0.00523	0.00348	0.00174	0.00436
6	0.00808	0.00730	0.02154	0.14666	0.30257	0.00743	0.06611	0.03439	0.01947	0.02622	0.05083	0.15487	0.03759	0.00672	0.03083	0.00148	0.01757	0.04143	0.01403	0.00489
7	0.02296	0.09639	0.08023	0.08154	0.04905	0.01914	0.09747	0.04025	0.02295	0.04094	0.02906	0.02869	0.01009	0.30374	0.05931	0.00240	0.00484	0.00443	0.00235	0.00417
8	0.00482	0.00384	0.00429	0.00450	0.00547	0.00335	0.00326	0.00580	0.00868	0.01085	0.10678	0.23932	0.52143	0.03622	0.00521	0.00147	0.00213	0.02561	0.00366	0.00329
9	0.00847	0.00481	0.00612	0.00584	0.00719	0.00448	0.00442	0.01042	0.07117	0.21462	0.14730	0.30783	0.12883	0.00889	0.00458	0.00140	0.00257	0.05259	0.00406	0.00438
10	0.03032	0.07427	0.08215	0.15837	0.17579	0.09839	0.11311	0.02201	0.03843	0.07745	0.00886	0.01045	0.03128	0.00415	0.00424	0.00121	0.04539	0.00354	0.00226	0.01833
11	0.00778	0.16242	0.03920	0.00793	0.05486	0.01862	0.02722	0.05710	0.01753	0.01032	0.00898	0.01315	0.00836	0.09737	0.37751	0.04332	0.03831	0.00376	0.00212	0.00413
12	0.01454	0.01044	0.01145	0.00886	0.01176	0.01160	0.00731	0.71492	0.01710	0.07073	0.00960	0.00971	0.00683	0.00483	0.00440	0.00120	0.05174	0.00355	0.02297	0.00647
13	0.00536	0.00385	0.00486	0.00543	0.00601	0.00360	0.00381	0.02198	0.02146	0.02601	0.05982	0.62695	0.14127	0.01130	0.00489	0.00153	0.00234	0.04241	0.00370	0.00342
14	0.04953	0.10268	0.14667	0.04621	0.05942	0.05193	0.09429	0.04452	0.02193	0.12979	0.07777	0.05202	0.06841	0.00510	0.00388	0.00120	0.00428	0.01325	0.00282	0.02429
15	0.00856	0.00828	0.01322	0.41734	0.23880	0.04878	0.08686	0.02974	0.00866	0.01148	0.00820	0.05767	0.00690	0.00426	0.00398	0.00126	0.00499	0.00398	0.03214	0.00491
16	0.01618	0.00789	0.01009	0.00845	0.05676	0.00762	0.00652	0.20517	0.04951	0.56854	0.01364	0.01229	0.00891	0.00476	0.00394	0.00121	0.00363	0.00384	0.00444	0.00662
17	0.01067	0.01905	0.01320	0.23068	0.24022	0.06504	0.06776	0.15258	0.01061	0.07664	0.01889	0.01165	0.01968	0.00436	0.00412	0.00123	0.01777	0.02782	0.00256	0.00547
18	0.00956	0.06282	0.09457	0.22469	0.16909	0.03181	0.11291	0.03766	0.03742	0.09032	0.02385	0.03173	0.03578	0.00469	0.01528	0.00130	0.00489	0.00396	0.00240	0.00527
19	0.00751	0.00660	0.01083	0.69281	0.03479	0.00795	0.00985	0.00995	0.00824	0.03656	0.05523	0.01440	0.02899	0.00476	0.00407	0.00133	0.00479	0.05484	0.00215	0.00434
20	0.00561	0.00472	0.00600	0.02644	0.00713	0.02983	0.02989	0.00664	0.00826	0.01082	0.11900	0.47575	0.17494	0.01023	0.00536	0.00148	0.06205	0.00894	0.00344	0.00348
21	0.01062	0.12000	0.09925	0.07575	0.13641	0.06615	0.14488	0.02524	0.03414	0.14080	0.00958	0.06429	0.00785	0.00458	0.00421	0.00122	0.03492	0.01218	0.00254	0.00540
22	0.04315	0.05782	0.08224	0.08521	0.13212	0.10041	0.03821	0.05002	0.06310	0.09741	0.02113	0.12110	0.03031	0.02331	0.01426	0.00136	0.02647	0.00456	0.00273	0.00507
23	0.00830	0.01156	0.22223	0.06010	0.05103	0.00858	0.38419	0.02807	0.00873	0.01215	0.00928	0.06765	0.00807	0.06205	0.00537	0.00148	0.00558	0.02694	0.01359	0.00503
24	0.00850	0.00807	0.02507	0.35292	0.24031	0.02561	0.06147	0.05774	0.01797	0.01903	0.01056	0.02596	0.06998	0.02218	0.02397	0.00143	0.00489	0.01716	0.00222	0.00495
25	0.02965	0.03061	0.16891	0.06390	0.06591	0.05247	0.15136	0.04865	0.03850	0.13754	0.01162	0.05061	0.05571	0.01292	0.01422	0.00135	0.03149	0.01613	0.01314	0.00529
26	0.00796	0.05617	0.09201	0.12138	0.05967	0.00729	0.10342	0.04600	0.01880	0.05208	0.03338	0.12281	0.06058	0.10017	0.06231	0.00192	0.01410	0.03288	0.00262	0.00447

[dist]
# distance from previous block
# <min> <max>
3	21

[block]
# block no. 2 follows, 69 sequences, length 7
# corresponding to MSA columns:
# 239-245
name=unknown_C
#
# <colnr> <probs for GDERKNQSTAVLIFYWHMCP>
#	G	D	E	R	K	N	Q	S	T	A	V	L	I	F	Y	W	H	M	C	P
0	0.00772	0.00642	0.06793	0.00638	0.00819	0.00537	0.02161	0.03848	0.08310	0.08588	0.13693	0.11325	0.11712	0.09390	0.02535	0.02486	0.00329	0.06510	0.00337	0.08574
1	0.02720	0.00833	0.03648	0.04272	0.24674	0.03388	0.05967	0.05872	0.11424	0.04957	0.08755	0.05717	0.08389	0.02129	0.00462	0.00129	0.02856	0.00476	0.00290	0.03043
2	0.00951	0.06175	0.16658	0.06042	0.16971	0.07385	0.04808	0.04260	0.08102	0.06288	0.01090	0.04789	0.05157	0.00654	0.06431	0.00159	0.02901	0.00402	0.00247	0.00530
3	0.00730	0.00859	0.12590	0.00765	0.00961	0.06158	0.05546	0.01038	0.11239	0.01233	0.17942	0.04248	0.16081	0.02582	0.09137	0.00187	0.07426	0.00541	0.00299	0.00438
4	0.00565	0.00547	0.04597	0.00635	0.04199	0.04851	0.00455	0.00675	0.00834	0.01062	0.05828	0.47581	0.24666	0.01023	0.00470	0.00144	0.00270	0.00900	0.00341	0.00357
5	0.00964	0.02904	0.03020	0.03547	0.21008	0.08964	0.11466	0.09512	0.06948	0.03507	0.04985	0.09096	0.03745	0.00669	0.04884	0.00153	0.00483	0.03354	0.00275	0.00518
6	0.05654	0.00921	0.05030	0.08190	0.13210	0.06563	0.08150	0.09282	0.04120	0.07905	0.01054	0.04804	0.03455	0.01831	0.03479	0.00154	0.11095	0.04331	0.00264	0.00508

[dist]
# distance from previous block
# <min> <max>
0	1

[block]
# block no. 3 follows, 69 sequences, length 6
# corresponding to MSA columns:
# 247-252
name=unknown_D
#
# <colnr> <probs for GDERKNQSTAVLIFYWHMCP>
#	G	D	E	R	K	N	Q	S	T	A	V	L	I	F	Y	W	H	M	C	P
0	0.00737	0.00783	0.07541	0.73286	0.02500	0.00847	0.01087	0.01008	0.00795	0.01031	0.00787	0.01248	0.00633	0.00435	0.00400	0.00133	0.00516	0.05604	0.00186	0.00442
1	0.04897	0.07419	0.05335	0.10368	0.05604	0.11996	0.07538	0.08801	0.06063	0.06737	0.03161	0.05477	0.02399	0.00575	0.03000	0.00141	0.09332	0.00395	0.00259	0.00502
2	0.00643	0.00589	0.04540	0.03380	0.06655	0.03202	0.03608	0.00807	0.02922	0.02869	0.11962	0.31904	0.15519	0.04470	0.02571	0.00159	0.00321	0.00757	0.02731	0.00390
3	0.03764	0.01189	0.04690	0.03361	0.04118	0.34053	0.00690	0.09530	0.01081	0.08423	0.07454	0.04797	0.05396	0.00647	0.04221	0.00140	0.00519	0.03022	0.02427	0.00476
4	0.03987	0.13410	0.14687	0.02609	0.13949	0.04873	0.03845	0.12873	0.04035	0.10829	0.00921	0.02301	0.00735	0.02963	0.00434	0.00125	0.02369	0.02302	0.02195	0.00556
5	0.04169	0.02237	0.06342	0.17264	0.15523	0.06823	0.06129	0.12064	0.02478	0.01326	0.03505	0.04540	0.02683	0.04634	0.03997	0.00155	0.02122	0.00403	0.00243	0.03363

[dist]
# distance from previous block
# <min> <max>
0	1

[block]
# block no. 4 follows, 69 sequences, length 12
# corresponding to MSA columns:
# 254-265
name=unknown_E
#
# <colnr> <probs for GDERKNQSTAVLIFYWHMCP>
#	G	D	E	R	K	N	Q	S	T	A	V	L	I	F	Y	W	H	M	C	P
0	0.00607	0.00396	0.00529	0.03034	0.00672	0.00384	0.00408	0.00706	0.02000	0.06822	0.04212	0.54488	0.06546	0.04479	0.06706	0.02983	0.00313	0.02537	0.01829	0.00349
1	0.05580	0.03956	0.07661	0.02599	0.25444	0.00941	0.05689	0.22095	0.01157	0.16867	0.00940	0.01013	0.00683	0.00410	0.00378	0.00118	0.00435	0.00350	0.03078	0.00608
2	0.01059	0.03934	0.03390	0.06683	0.21699	0.14354	0.10688	0.06304	0.12873	0.04372	0.00932	0.04940	0.00770	0.00459	0.00450	0.00124	0.05779	0.00392	0.00252	0.00545
3	0.00548	0.00390	0.00483	0.00500	0.00543	0.00394	0.00342	0.00617	0.00675	0.00905	0.01729	0.13711	0.12513	0.37928	0.20283	0.00357	0.00482	0.04947	0.02358	0.00296
4	0.04803	0.06874	0.37155	0.04782	0.01463	0.02219	0.07372	0.11767	0.06555	0.07985	0.00888	0.01005	0.00652	0.00414	0.00372	0.00121	0.00491	0.01576	0.02938	0.00567
5	0.00533	0.00371	0.00485	0.00547	0.00598	0.00337	0.00373	0.00610	0.00770	0.03534	0.02138	0.75946	0.05549	0.01149	0.00485	0.00152	0.00233	0.01037	0.00361	0.04792
6	0.02562	0.00884	0.05869	0.00901	0.04178	0.13166	0.09871	0.02935	0.02870	0.05009	0.04718	0.07738	0.03958	0.06533	0.16962	0.01492	0.06160	0.02608	0.01153	0.00434
7	0.67747	0.03211	0.00676	0.00561	0.00805	0.03419	0.00461	0.04311	0.02734	0.06973	0.00847	0.00894	0.05233	0.00416	0.00278	0.00120	0.00320	0.00271	0.00271	0.00452
8	0.01321	0.00999	0.01075	0.00861	0.01140	0.01111	0.00703	0.59894	0.19049	0.02219	0.03520	0.01243	0.00928	0.00517	0.00401	0.00123	0.00396	0.03469	0.00394	0.00637
9	0.00930	0.03205	0.08070	0.01456	0.03237	0.03154	0.60721	0.01230	0.00898	0.04079	0.00828	0.01099	0.00642	0.02780	0.05693	0.00166	0.00652	0.00434	0.00207	0.00517
10	0.00686	0.00531	0.00613	0.00576	0.00705	0.00534	0.00432	0.07678	0.14762	0.01415	0.27619	0.16206	0.14979	0.06193	0.00546	0.00147	0.00255	0.02742	0.00381	0.02999
11	0.07103	0.00442	0.00525	0.00509	0.00630	0.00411	0.00385	0.00806	0.00952	0.09226	0.32285	0.18259	0.22261	0.00875	0.00450	0.00134	0.00226	0.03745	0.00391	0.00383

[dist]
# distance from previous block
# <min> <max>
0	2

[block]
# block no. 5 follows, 69 sequences, length 12
# corresponding to MSA columns:
# 268-279
name=unknown_F
#
# <colnr> <probs for GDERKNQSTAVLIFYWHMCP>
#	G	D	E	R	K	N	Q	S	T	A	V	L	I	F	Y	W	H	M	C	P
0	0.02761	0.06360	0.01145	0.00864	0.01127	0.16939	0.04185	0.38179	0.05228	0.08835	0.02600	0.01126	0.01967	0.06338	0.00490	0.00132	0.00465	0.00364	0.00329	0.00564
1	0.06626	0.13139	0.11198	0.01877	0.02305	0.04830	0.04096	0.07201	0.34707	0.03275	0.01215	0.03357	0.03548	0.00483	0.00369	0.00122	0.00398	0.00389	0.00304	0.00560
2	0.04574	0.00732	0.01207	0.70229	0.13768	0.00880	0.01076	0.01036	0.00794	0.01073	0.00696	0.01017	0.00532	0.00385	0.00385	0.00128	0.00505	0.00343	0.00180	0.00461
3	0.00997	0.00675	0.00841	0.00646	0.00923	0.00589	0.02595	0.01224	0.06613	0.17910	0.00996	0.01111	0.00775	0.04370	0.02232	0.00112	0.04015	0.00319	0.06200	0.46856
4	0.00653	0.00469	0.00545	0.00520	0.00650	0.00444	0.00391	0.00911	0.11770	0.07158	0.28050	0.13678	0.31538	0.00867	0.00454	0.00132	0.00222	0.00747	0.00398	0.00403
5	0.05221	0.01086	0.01137	0.00879	0.01186	0.03608	0.00724	0.72852	0.01738	0.06243	0.00943	0.00940	0.00666	0.00465	0.00385	0.00117	0.00429	0.00346	0.00385	0.00650
6	0.06164	0.00840	0.07390	0.05953	0.07883	0.02686	0.11637	0.06136	0.03596	0.18475	0.08529	0.02431	0.07889	0.00585	0.02184	0.00137	0.00417	0.03975	0.02574	0.00519
7	0.00575	0.00415	0.00517	0.00491	0.00596	0.00381	0.00368	0.00761	0.03038	0.03457	0.62258	0.06656	0.17339	0.00839	0.00461	0.00127	0.00196	0.00733	0.00417	0.00374
8	0.01034	0.00756	0.01084	0.36790	0.13529	0.03932	0.00870	0.04977	0.04352	0.17574	0.02107	0.04035	0.00802	0.00452	0.00388	0.00124	0.00435	0.00390	0.05852	0.00517
9	0.00624	0.00445	0.00538	0.00522	0.00599	0.00446	0.00370	0.02558	0.04024	0.04210	0.15399	0.13327	0.17091	0.25619	0.09804	0.00258	0.02825	0.00672	0.00324	0.00345
10	0.05111	0.01126	0.01105	0.00890	0.01150	0.14227	0.02278	0.50486	0.02806	0.05209	0.00915	0.01005	0.00687	0.00479	0.00433	0.00119	0.05512	0.01989	0.03888	0.00587
11	0.03584	0.03745	0.01079	0.08298	0.09153	0.11038	0.02407	0.15594	0.02531	0.01439	0.00753	0.00876	0.00598	0.00363	0.00337	0.00092	0.00414	0.00287	0.01846	0.35567

[dist]
# distance from previous block
# <min> <max>
0	7

[block]
# block no. 6 follows, 69 sequences, length 18
# corresponding to MSA columns:
# 287-304
name=unknown_G
#
# <colnr> <probs for GDERKNQSTAVLIFYWHMCP>
#	G	D	E	R	K	N	Q	S	T	A	V	L	I	F	Y	W	H	M	C	P
0	0.05116	0.17098	0.08154	0.04123	0.13946	0.07945	0.08851	0.10182	0.08658	0.03572	0.02706	0.01075	0.00752	0.00432	0.00395	0.00118	0.03101	0.02983	0.00248	0.00543
1	0.00747	0.00616	0.00890	0.03529	0.08343	0.03206	0.07538	0.03800	0.00839	0.04244	0.09342	0.22856	0.03851	0.05665	0.12013	0.02595	0.07387	0.00620	0.01509	0.00408
2	0.00685	0.00437	0.00526	0.00504	0.00623	0.00395	0.00375	0.02763	0.00956	0.11308	0.23601	0.17841	0.29413	0.05411	0.00539	0.00146	0.00234	0.02029	0.01831	0.00384
3	0.03127	0.00615	0.00825	0.00660	0.00919	0.00544	0.00536	0.01650	0.01056	0.66567	0.04832	0.06021	0.05042	0.00690	0.04894	0.00151	0.00353	0.00463	0.00452	0.00600
4	0.01042	0.00614	0.00690	0.00595	0.00775	0.00634	0.00466	0.13225	0.14988	0.16667	0.05646	0.01627	0.03830	0.06053	0.00465	0.00131	0.00284	0.01637	0.30132	0.00499
5	0.69967	0.00792	0.00682	0.00581	0.00838	0.00894	0.00479	0.11437	0.00857	0.09427	0.00688	0.00739	0.00505	0.00388	0.00275	0.00121	0.00322	0.00247	0.00284	0.00477
6	0.01565	0.07455	0.01315	0.00996	0.01298	0.03155	0.00795	0.61206	0.07976	0.02354	0.01212	0.03671	0.00962	0.00628	0.00476	0.00157	0.00488	0.00441	0.03116	0.00735
7	0.00681	0.00340	0.00511	0.00511	0.00511	0.00340	0.00340	0.00511	0.00511	0.00681	0.00681	0.01192	0.00681	0.01362	0.01532	0.88594	0.00340	0.00340	0.00170	0.00170
8	0.11643	0.33865	0.01416	0.00842	0.05871	0.11468	0.00684	0.11468	0.02946	0.12658	0.00775	0.00822	0.00602	0.00401	0.00343	0.00105	0.03017	0.00276	0.00259	0.00538
9	0.88991	0.00758	0.00576	0.00516	0.00758	0.00879	0.00425	0.01152	0.00667	0.01759	0.00546	0.00637	0.00425	0.00364	0.00243	0.00121	0.00303	0.00212	0.00243	0.00425
10	0.07827	0.23805	0.11289	0.03228	0.04565	0.13919	0.05850	0.12608	0.03341	0.03302	0.00708	0.00816	0.00562	0.00406	0.00400	0.00113	0.06216	0.00291	0.00227	0.00528
11	0.00569	0.00430	0.00495	0.00488	0.00597	0.00400	0.00360	0.00773	0.07559	0.02798	0.28753	0.15417	0.33936	0.02864	0.00493	0.00138	0.00214	0.00776	0.02571	0.00370
12	0.00955	0.00848	0.01249	0.06130	0.30171	0.02914	0.06485	0.14704	0.04265	0.01373	0.00875	0.01138	0.00730	0.02857	0.16194	0.00223	0.05536	0.00377	0.02445	0.00531
13	0.00533	0.00421	0.00513	0.00574	0.04989	0.00388	0.00379	0.00662	0.03033	0.01125	0.15860	0.25818	0.34094	0.09070	0.00613	0.00161	0.00239	0.00827	0.00355	0.00348
14	0.00518	0.00378	0.00490	0.00539	0.00584	0.00365	0.00379	0.00602	0.00790	0.01054	0.11979	0.49434	0.10613	0.07715	0.03478	0.02563	0.02173	0.05678	0.00348	0.00322
15	0.01189	0.35315	0.06399	0.00942	0.04491	0.29222	0.02719	0.07545	0.02485	0.01109	0.00636	0.00741	0.00536	0.00393	0.00369	0.00102	0.04835	0.00262	0.00202	0.00508
16	0.02297	0.03430	0.01090	0.07587	0.08429	0.04947	0.06356	0.21361	0.04644	0.03740	0.06200	0.02203	0.05006	0.00542	0.02986	0.00126	0.00418	0.00392	0.04460	0.13786
17	0.07399	0.09507	0.18914	0.01104	0.08514	0.10195	0.11206	0.09197	0.03236	0.05241	0.00794	0.01769	0.00626	0.00411	0.00404	0.00117	0.04152	0.01490	0.00234	0.05489

[dist]
# distance from previous block
# <min> <max>
15	29

[block]
# block no. 7 follows, 69 sequences, length 6
# corresponding to MSA columns:
# 334-339
name=unknown_H
#
# <colnr> <probs for GDERKNQSTAVLIFYWHMCP>
#	G	D	E	R	K	N	Q	S	T	A	V	L	I	F	Y	W	H	M	C	P
0	0.43868	0.11218	0.03769	0.00648	0.00929	0.00945	0.00564	0.09048	0.07441	0.16947	0.00857	0.00866	0.00622	0.00407	0.00303	0.00117	0.00345	0.00280	0.00302	0.00523
1	0.00568	0.00389	0.00493	0.00520	0.00599	0.00353	0.00376	0.00680	0.00894	0.05472	0.22641	0.41169	0.18608	0.01031	0.00480	0.00144	0.00223	0.04621	0.00387	0.00354
2	0.01045	0.49956	0.11723	0.00851	0.05097	0.01236	0.03484	0.04607	0.00897	0.07954	0.06647	0.00927	0.00786	0.00402	0.00343	0.00102	0.02898	0.00295	0.00224	0.00528
3	0.00664	0.00348	0.00505	0.00503	0.00509	0.00346	0.00334	0.00531	0.00555	0.00747	0.06223	0.01419	0.00942	0.08223	0.01499	0.75555	0.00333	0.00384	0.00193	0.00189
4	0.05581	0.06301	0.02459	0.02929	0.02484	0.14590	0.06088	0.17150	0.02570	0.05352	0.00852	0.06464	0.00737	0.00607	0.03125	0.00145	0.20001	0.00380	0.01684	0.00501
5	0.05179	0.03527	0.03742	0.04871	0.07215	0.03865	0.00623	0.11150	0.02106	0.03246	0.07528	0.03221	0.04794	0.01715	0.02921	0.00119	0.00376	0.02593	0.00277	0.30932

[dist]
# distance from previous block
# <min> <max>
2	13

[block]
# block no. 8 follows, 69 sequences, length 6
# corresponding to MSA columns:
# 353-358
name=unknown_I
#
# <colnr> <probs for GDERKNQSTAVLIFYWHMCP>
#	G	D	E	R	K	N	Q	S	T	A	V	L	I	F	Y	W	H	M	C	P
0	0.00632	0.00406	0.00510	0.00533	0.00622	0.00369	0.00391	0.00733	0.00854	0.09509	0.08645	0.37977	0.21492	0.06293	0.00575	0.00162	0.00252	0.09312	0.00373	0.00360
1	0.00886	0.00509	0.00623	0.00561	0.00700	0.00489	0.00418	0.01129	0.11254	0.20802	0.23702	0.09510	0.08171	0.16027	0.00711	0.00173	0.00275	0.00610	0.03009	0.00440
2	0.10143	0.00845	0.00911	0.00757	0.01002	0.00924	0.00607	0.31729	0.23950	0.10903	0.09070	0.05148	0.01198	0.00544	0.00391	0.00125	0.00342	0.00437	0.00391	0.00585
3	0.42425	0.00864	0.00726	0.00627	0.00853	0.09366	0.00503	0.15554	0.04904	0.04393	0.00831	0.00902	0.00630	0.00415	0.00298	0.00114	0.00347	0.00284	0.15487	0.00477
4	0.38219	0.00818	0.00864	0.00706	0.00972	0.00890	0.04327	0.17128	0.11460	0.16416	0.00970	0.00973	0.00695	0.00429	0.00330	0.00122	0.00347	0.00318	0.03475	0.00542
5	0.13258	0.03488	0.11325	0.00864	0.01156	0.11767	0.03267	0.21003	0.03581	0.16438	0.00906	0.00956	0.00659	0.00544	0.03795	0.00141	0.05668	0.00325	0.00303	0.00558

[dist]
# distance from previous block
# <min> <max>
0	1

[block]
# block no. 9 follows, 69 sequences, length 10
# corresponding to MSA columns:
# 360-369
name=unknown_J
#
# <colnr> <probs for GDERKNQSTAVLIFYWHMCP>
#	G	D	E	R	K	N	Q	S	T	A	V	L	I	F	Y	W	H	M	C	P
0	0.51527	0.03910	0.00803	0.03004	0.02864	0.15239	0.00552	0.03328	0.00807	0.04437	0.00654	0.00766	0.00516	0.00444	0.01920	0.00127	0.03895	0.00253	0.04505	0.00448
1	0.00870	0.00794	0.00819	0.05134	0.04744	0.14309	0.02250	0.04601	0.16414	0.03233	0.03655	0.27758	0.03756	0.00816	0.03168	0.00150	0.00394	0.02971	0.03714	0.00451
2	0.00505	0.00394	0.00460	0.00462	0.00565	0.00348	0.00344	0.00636	0.00959	0.01250	0.33914	0.13316	0.40982	0.00951	0.00470	0.00134	0.00202	0.03374	0.00390	0.00345
3	0.01108	0.01126	0.01231	0.06253	0.31306	0.25055	0.02498	0.06488	0.04373	0.03721	0.02973	0.04645	0.00806	0.02574	0.00447	0.00123	0.02566	0.00376	0.01803	0.00527
4	0.00546	0.00438	0.00523	0.00533	0.00612	0.02894	0.02102	0.00653	0.00863	0.01125	0.20245	0.31188	0.21786	0.09153	0.02473	0.00175	0.00272	0.03727	0.00355	0.00336
5	0.00714	0.00463	0.00633	0.02685	0.00669	0.00516	0.00436	0.04021	0.03338	0.00893	0.03171	0.01425	0.00896	0.12759	0.08957	0.46857	0.08894	0.00394	0.02007	0.00273
6	0.05130	0.23178	0.03402	0.04663	0.08084	0.20790	0.05776	0.09373	0.05782	0.05299	0.00786	0.00935	0.00638	0.00414	0.00366	0.00110	0.02262	0.02245	0.00239	0.00524
7	0.00756	0.00577	0.00661	0.04070	0.00815	0.03829	0.00478	0.05530	0.07852	0.05570	0.10357	0.12979	0.13572	0.06863	0.10946	0.00206	0.00395	0.04358	0.03304	0.06880
8	0.03380	0.11784	0.11106	0.01936	0.04412	0.12732	0.01897	0.23012	0.08211	0.01516	0.00864	0.03317	0.00704	0.02457	0.00426	0.00118	0.03308	0.00337	0.01494	0.06989
9	0.06858	0.14086	0.08316	0.00935	0.03464	0.06951	0.09301	0.22634	0.07131	0.07723	0.00957	0.06430	0.00776	0.00463	0.00370	0.00116	0.00446	0.00377	0.00292	0.02373

[dist]
# distance from previous block
# <min> <max>
2	28

[block]
# block no. 10 follows, 69 sequences, length 18
# corresponding to MSA columns:
# 398-415
name=unknown_K
#
# <colnr> <probs for GDERKNQSTAVLIFYWHMCP>
#	G	D	E	R	K	N	Q	S	T	A	V	L	I	F	Y	W	H	M	C	P
0	0.03438	0.05594	0.03618	0.04541	0.05718	0.08731	0.06120	0.16612	0.12666	0.19279	0.01858	0.04263	0.00889	0.00525	0.01609	0.00130	0.01508	0.01996	0.00333	0.00573
1	0.00764	0.04318	0.08222	0.02359	0.04941	0.00666	0.02305	0.07598	0.12667	0.02827	0.13029	0.03929	0.27602	0.02555	0.00451	0.00130	0.00312	0.00573	0.02386	0.02367
2	0.00602	0.02187	0.04067	0.00805	0.11620	0.00487	0.00526	0.02085	0.02457	0.01076	0.02009	0.46757	0.13003	0.06537	0.02495	0.00171	0.00309	0.02105	0.00319	0.00382
3	0.03147	0.04335	0.13832	0.06500	0.19967	0.04882	0.10139	0.07316	0.07094	0.02984	0.02893	0.01071	0.00733	0.02522	0.03800	0.00151	0.07500	0.00364	0.00231	0.00538
4	0.45244	0.05352	0.00852	0.03135	0.04184	0.02506	0.00556	0.04370	0.02793	0.26273	0.00897	0.00901	0.00631	0.00407	0.00310	0.00119	0.00344	0.00287	0.00316	0.00523
5	0.00963	0.00979	0.01190	0.01019	0.01061	0.09925	0.00840	0.06417	0.00736	0.01046	0.00552	0.00847	0.00524	0.00642	0.01130	0.00161	0.70996	0.00334	0.00189	0.00447
6	0.04089	0.17006	0.22821	0.00991	0.07028	0.06819	0.05140	0.04915	0.13212	0.02430	0.03865	0.08168	0.00918	0.00481	0.00369	0.00119	0.00451	0.00394	0.00250	0.00533
7	0.27389	0.05545	0.02557	0.06382	0.02116	0.14083	0.02690	0.09534	0.00989	0.18206	0.03843	0.00955	0.00713	0.00431	0.00365	0.00118	0.02968	0.00310	0.00293	0.00514
8	0.00740	0.00697	0.01176	0.85280	0.02700	0.00871	0.01089	0.01002	0.00784	0.01002	0.00697	0.01045	0.00523	0.00392	0.00392	0.00131	0.00523	0.00348	0.00174	0.00436
9	0.00525	0.00397	0.00470	0.00453	0.00550	0.00358	0.00331	0.00661	0.00979	0.01310	0.47543	0.03181	0.30992	0.09797	0.00623	0.00153	0.00210	0.00735	0.00388	0.00343
10	0.01267	0.00804	0.00878	0.00729	0.00969	0.06063	0.00580	0.15445	0.19713	0.28445	0.11373	0.03329	0.02434	0.00544	0.00397	0.00121	0.00340	0.00444	0.03380	0.02745
11	0.05078	0.08978	0.01433	0.23214	0.25892	0.05474	0.07871	0.09703	0.00968	0.05621	0.00759	0.00950	0.00589	0.00385	0.00385	0.00119	0.01479	0.00337	0.00225	0.00541
12	0.00707	0.00545	0.00630	0.00594	0.00726	0.00567	0.00451	0.04803	0.23577	0.01511	0.35852	0.12934	0.08004	0.00768	0.00439	0.00131	0.00241	0.02378	0.04699	0.00443
13	0.00927	0.07878	0.04782	0.12161	0.30571	0.00844	0.06125	0.05023	0.00917	0.07229	0.02094	0.11094	0.03136	0.00520	0.00401	0.00124	0.00428	0.03062	0.02158	0.00526
14	0.00593	0.00405	0.00495	0.00489	0.00513	0.00424	0.00316	0.00645	0.01941	0.00883	0.06728	0.03734	0.01448	0.55024	0.13897	0.05141	0.02809	0.00538	0.03699	0.00277
15	0.00860	0.04430	0.01194	0.00988	0.01008	0.03155	0.00821	0.00946	0.00629	0.00946	0.00607	0.05444	0.00626	0.00694	0.01179	0.00166	0.75322	0.00377	0.00183	0.00427
16	0.03454	0.00711	0.00848	0.00677	0.05401	0.00555	0.00503	0.01004	0.00813	0.01292	0.00694	0.00816	0.00578	0.00296	0.00294	0.00063	0.00300	0.00238	0.00231	0.81231
17	0.02601	0.00808	0.00903	0.00744	0.00961	0.00882	0.01855	0.39101	0.08011	0.05294	0.01425	0.04810	0.09343	0.02020	0.00465	0.00128	0.04947	0.02407	0.12759	0.00539

[dist]
# distance from previous block
# <min> <max>
2	4

[block]
# block no. 11 follows, 69 sequences, length 19
# corresponding to MSA columns:
# 421-439
name=unknown_L
#
# <colnr> <probs for GDERKNQSTAVLIFYWHMCP>
#	G	D	E	R	K	N	Q	S	T	A	V	L	I	F	Y	W	H	M	C	P
0	0.00567	0.00411	0.00556	0.00562	0.00598	0.00451	0.00398	0.00641	0.00643	0.00896	0.04242	0.15212	0.01445	0.28763	0.36098	0.02974	0.04405	0.00582	0.00248	0.00309
1	0.00661	0.00411	0.00518	0.00518	0.00614	0.00372	0.00374	0.00769	0.00891	0.11635	0.19835	0.33773	0.19223	0.05907	0.02496	0.00165	0.00254	0.00830	0.00383	0.00372
2	0.15950	0.00638	0.00765	0.00624	0.00876	0.00601	0.00506	0.01548	0.04933	0.50643	0.07387	0.03207	0.09524	0.00555	0.00383	0.00124	0.00301	0.00446	0.00422	0.00563
3	0.01404	0.01055	0.01128	0.00885	0.01183	0.01176	0.00724	0.69079	0.15374	0.02332	0.01050	0.01028	0.00755	0.00481	0.00393	0.00120	0.00411	0.00368	0.00393	0.00659
4	0.01403	0.00750	0.00895	0.00732	0.00996	0.00761	0.00590	0.09439	0.29471	0.43162	0.01491	0.01349	0.01022	0.00498	0.00389	0.00123	0.00326	0.00406	0.05563	0.00633
5	0.07001	0.01077	0.01139	0.00878	0.01187	0.01195	0.00725	0.77348	0.01769	0.02426	0.00916	0.00922	0.00651	0.00464	0.00383	0.00118	0.00423	0.00344	0.00383	0.00651
6	0.00665	0.00464	0.00562	0.00529	0.00554	0.00508	0.00350	0.03040	0.00636	0.03240	0.01144	0.02196	0.01248	0.63848	0.08060	0.00355	0.09746	0.00518	0.02044	0.00294
7	0.01048	0.86458	0.02054	0.00671	0.01006	0.01551	0.00671	0.01174	0.00797	0.00922	0.00545	0.00629	0.00503	0.00335	0.00252	0.00084	0.00419	0.00210	0.00168	0.00503
8	0.00891	0.00933	0.06615	0.01376	0.19566	0.03892	0.22574	0.06276	0.06273	0.01302	0.01127	0.09702	0.01046	0.00626	0.02885	0.00149	0.02457	0.10308	0.01488	0.00514
9	0.00950	0.00810	0.00859	0.00771	0.00985	0.00927	0.00600	0.04260	0.73449	0.01644	0.06801	0.01600	0.03478	0.00559	0.00404	0.00132	0.00303	0.00467	0.00400	0.00599
10	0.00675	0.00343	0.00506	0.00506	0.00506	0.00343	0.00334	0.00514	0.00514	0.00686	0.00713	0.01272	0.00724	0.06300	0.01559	0.83460	0.00343	0.00354	0.00174	0.00174
11	0.00904	0.00833	0.01241	0.32894	0.34005	0.06104	0.01000	0.02515	0.00896	0.04634	0.03961	0.03308	0.05133	0.00448	0.00397	0.00123	0.00466	0.00402	0.00225	0.00512
12	0.00488	0.00353	0.00463	0.00540	0.00574	0.00334	0.00368	0.00563	0.00753	0.00997	0.02202	0.70648	0.08337	0.04345	0.04673	0.00189	0.00275	0.03228	0.00352	0.00319
13	0.00664	0.00345	0.00506	0.00508	0.00514	0.00345	0.00340	0.00519	0.00531	0.00706	0.00828	0.03401	0.02821	0.04463	0.03407	0.79001	0.00352	0.00382	0.00183	0.00184
14	0.01048	0.86458	0.02054	0.00671	0.01006	0.01551	0.00671	0.01174	0.00797	0.00922	0.00545	0.00629	0.00503	0.00335	0.00252	0.00084	0.00419	0.00210	0.00168	0.00503
15	0.00608	0.00423	0.00509	0.00509	0.00608	0.00395	0.00370	0.00789	0.05923	0.04937	0.24388	0.28535	0.19192	0.03232	0.00494	0.00141	0.00222	0.00794	0.05928	0.02005
16	0.00998	0.01668	0.46480	0.02614	0.02635	0.16576	0.04044	0.05348	0.04797	0.05327	0.03937	0.02266	0.00721	0.00424	0.00381	0.00121	0.00551	0.00335	0.00225	0.00551
17	0.00949	0.00852	0.01176	0.15985	0.29607	0.03330	0.00899	0.08673	0.21640	0.01382	0.01030	0.01271	0.00838	0.02920	0.05343	0.00162	0.00469	0.02654	0.00267	0.00555
18	0.08230	0.00956	0.07003	0.01935	0.08124	0.03871	0.19791	0.06880	0.09419	0.06528	0.02551	0.02874	0.00838	0.00492	0.01638	0.00130	0.04465	0.03816	0.01518	0.08941

[dist]
# distance from previous block
# <min> <max>
0	10

[block]
# block no. 12 follows, 69 sequences, length 7
# corresponding to MSA columns:
# 450-456
name=unknown_M
#
# <colnr> <probs for GDERKNQSTAVLIFYWHMCP>
#	G	D	E	R	K	N	Q	S	T	A	V	L	I	F	Y	W	H	M	C	P
0	0.01034	0.05237	0.05221	0.02899	0.20337	0.03001	0.12135	0.09097	0.14312	0.09175	0.05632	0.04173	0.03649	0.00484	0.00417	0.00124	0.01780	0.00434	0.00295	0.00565
1	0.00906	0.04206	0.42738	0.01090	0.09369	0.05617	0.05151	0.01223	0.00873	0.06567	0.03070	0.01031	0.00707	0.02619	0.00406	0.00121	0.00491	0.00329	0.08220	0.05266
2	0.00485	0.00355	0.00456	0.00522	0.00566	0.00326	0.00357	0.00570	0.00808	0.01072	0.11467	0.66793	0.12479	0.01152	0.00492	0.00152	0.00219	0.01035	0.00371	0.00326
3	0.00574	0.00468	0.00758	0.00710	0.00803	0.00456	0.11752	0.00708	0.00797	0.01088	0.11783	0.42185	0.02106	0.04880	0.15386	0.00244	0.00439	0.04188	0.00317	0.00358
4	0.00755	0.00824	0.11786	0.01020	0.10050	0.00676	0.12936	0.07670	0.03576	0.01263	0.05802	0.25639	0.04150	0.05286	0.04539	0.00173	0.00431	0.02680	0.00288	0.00457
5	0.00925	0.01058	0.02313	0.01652	0.02049	0.00991	0.82353	0.01256	0.00925	0.01256	0.00793	0.01058	0.00595	0.00330	0.00463	0.00132	0.00661	0.00463	0.00198	0.00529
6	0.00797	0.08751	0.68764	0.01016	0.01532	0.00914	0.01269	0.01186	0.00810	0.01190	0.00721	0.00910	0.00554	0.05286	0.00452	0.00132	0.00541	0.00297	0.00173	0.04706

[dist]
# distance from previous block
# <min> <max>
0	1

[block]
# block no. 13 follows, 69 sequences, length 41
# corresponding to MSA columns:
# 458-498
name=unknown_N
#
# <colnr> <probs for GDERKNQSTAVLIFYWHMCP>
#	G	D	E	R	K	N	Q	S	T	A	V	L	I	F	Y	W	H	M	C	P
0	0.88991	0.00758	0.00576	0.00516	0.00758	0.00879	0.00425	0.01152	0.00667	0.01759	0.00546	0.00637	0.00425	0.00364	0.00243	0.00121	0.00303	0.00212	0.00243	0.00425
1	0.00858	0.00858	0.01201	0.01029	0.01029	0.01201	0.00858	0.00943	0.00600	0.00943	0.00515	0.00858	0.00515	0.00686	0.01287	0.00172	0.85505	0.00343	0.00172	0.00429
2	0.05631	0.07457	0.01133	0.00825	0.01119	0.02587	0.00685	0.48948	0.12105	0.12727	0.01066	0.01067	0.00770	0.00473	0.00377	0.00118	0.00400	0.01508	0.00377	0.00629
3	0.02792	0.02763	0.01511	0.03008	0.65472	0.02301	0.02620	0.07779	0.03806	0.03026	0.00790	0.00977	0.00642	0.00369	0.00384	0.00117	0.00459	0.00349	0.00223	0.00613
4	0.08162	0.01718	0.63463	0.00998	0.01507	0.00876	0.01218	0.04760	0.00870	0.04955	0.00737	0.00838	0.00525	0.00374	0.00357	0.00118	0.00517	0.00286	0.00201	0.07521
5	0.00530	0.00393	0.00495	0.00484	0.00574	0.00357	0.00357	0.00687	0.01030	0.01418	0.60571	0.13178	0.16703	0.00885	0.00467	0.00129	0.00192	0.00778	0.00412	0.00357
6	0.00682	0.00523	0.00628	0.00594	0.00659	0.02335	0.00429	0.06896	0.03109	0.01008	0.01218	0.03780	0.04011	0.35487	0.29766	0.00401	0.06003	0.00496	0.01633	0.00343
7	0.01255	0.03602	0.00952	0.00757	0.00999	0.07381	0.00609	0.30058	0.19109	0.13186	0.01208	0.02864	0.00900	0.00489	0.00369	0.00116	0.00368	0.00383	0.14816	0.00579
8	0.12271	0.00431	0.00490	0.00507	0.00603	0.00418	0.00367	0.00746	0.00847	0.04859	0.17155	0.38837	0.13845	0.00922	0.00436	0.00138	0.00227	0.00802	0.05736	0.00362
9	0.07466	0.10643	0.04539	0.02903	0.04910	0.00972	0.00705	0.31351	0.01281	0.26276	0.02354	0.01045	0.00766	0.00446	0.00364	0.00115	0.00392	0.00342	0.02523	0.00608
10	0.00632	0.00474	0.00557	0.00527	0.00565	0.00509	0.00358	0.04355	0.00701	0.00935	0.03574	0.02535	0.12684	0.55521	0.01540	0.00296	0.10214	0.03459	0.00264	0.00300
11	0.00955	0.01057	0.01661	0.01291	0.01481	0.10605	0.35315	0.01146	0.00796	0.01077	0.00643	0.00925	0.00547	0.00504	0.00832	0.00147	0.39973	0.00383	0.00186	0.00474
12	0.03823	0.04176	0.00966	0.00770	0.05467	0.03690	0.05140	0.06346	0.07092	0.03779	0.00952	0.01042	0.03083	0.00377	0.00326	0.00087	0.00339	0.00310	0.09150	0.43087
13	0.01066	0.73908	0.01879	0.00683	0.00998	0.03773	0.00659	0.01222	0.03282	0.04520	0.00644	0.00728	0.00566	0.00468	0.04110	0.00112	0.00449	0.00235	0.00191	0.00505
14	0.85005	0.00809	0.00601	0.00538	0.00779	0.04695	0.00440	0.01171	0.00687	0.01723	0.00549	0.00640	0.00428	0.00366	0.00248	0.00120	0.00322	0.00214	0.00241	0.00426
15	0.07004	0.01013	0.01091	0.00844	0.01150	0.02325	0.00696	0.62093	0.01633	0.16674	0.01017	0.00987	0.00702	0.00466	0.00383	0.00118	0.00410	0.00350	0.00396	0.00649
16	0.00477	0.00344	0.00452	0.00538	0.00566	0.00319	0.00360	0.00547	0.00759	0.01004	0.02261	0.81408	0.07087	0.01215	0.00498	0.00158	0.00226	0.01099	0.00364	0.00319
17	0.00574	0.00390	0.00487	0.00512	0.00581	0.00361	0.00358	0.00681	0.01948	0.05280	0.17866	0.41356	0.15225	0.10738	0.00651	0.00171	0.00240	0.01870	0.00369	0.00343
18	0.02261	0.00616	0.00725	0.00607	0.00807	0.00608	0.00482	0.16267	0.02094	0.29707	0.02353	0.05691	0.01088	0.04567	0.00439	0.00127	0.00299	0.02367	0.28377	0.00519
19	0.01360	0.01033	0.01103	0.00876	0.01166	0.01155	0.00714	0.62109	0.22416	0.02260	0.01107	0.01073	0.00801	0.00486	0.00394	0.00122	0.00401	0.00376	0.00394	0.00655
20	0.45761	0.00716	0.00736	0.00604	0.00870	0.00741	0.00497	0.03820	0.00913	0.37284	0.03855	0.01026	0.00780	0.00434	0.00320	0.00121	0.00316	0.00312	0.00358	0.00534
21	0.79036	0.02257	0.00659	0.00556	0.00807	0.00923	0.00460	0.09006	0.00783	0.01813	0.00584	0.00666	0.00449	0.00374	0.00257	0.00120	0.00318	0.00226	0.00256	0.00449
22	0.03613	0.00465	0.00623	0.00681	0.03577	0.02205	0.04687	0.00693	0.02378	0.01067	0.02001	0.62340	0.06061	0.03011	0.00515	0.00158	0.00281	0.04951	0.00339	0.00353
23	0.01035	0.82218	0.06179	0.00693	0.01041	0.01519	0.00710	0.01177	0.00798	0.00938	0.00553	0.00639	0.00503	0.00337	0.00258	0.00086	0.00427	0.00214	0.00168	0.00507
24	0.28494	0.00875	0.00872	0.00730	0.02576	0.07699	0.00580	0.17628	0.01110	0.31360	0.01016	0.00987	0.00698	0.00435	0.00340	0.00118	0.00372	0.00317	0.03229	0.00564
25	0.00616	0.00523	0.00591	0.03521	0.02245	0.03375	0.00446	0.00809	0.06832	0.02467	0.15771	0.14164	0.38417	0.00887	0.00500	0.00137	0.04646	0.03319	0.00354	0.00381
26	0.37934	0.00668	0.00666	0.00566	0.00794	0.00696	0.00457	0.06265	0.02851	0.19647	0.09537	0.01338	0.06425	0.00492	0.00329	0.00118	0.00289	0.00370	0.07429	0.03128
27	0.00695	0.00582	0.00892	0.27188	0.10280	0.00655	0.00741	0.00860	0.00789	0.03167	0.04198	0.20007	0.05804	0.03865	0.07029	0.00188	0.06812	0.05576	0.00261	0.00409
28	0.00507	0.00387	0.00452	0.00461	0.00557	0.00344	0.00338	0.00632	0.00933	0.01228	0.28951	0.19366	0.38190	0.00960	0.00465	0.00134	0.00202	0.02102	0.03449	0.00343
29	0.00681	0.00340	0.00511	0.00511	0.00511	0.00340	0.00340	0.00511	0.00511	0.00681	0.00681	0.01192	0.00681	0.01362	0.01532	0.88594	0.00340	0.00340	0.00170	0.00170
30	0.01048	0.86458	0.02054	0.00671	0.01006	0.01551	0.00671	0.01174	0.00797	0.00922	0.00545	0.00629	0.00503	0.00335	0.00252	0.00084	0.00419	0.00210	0.00168	0.00503
31	0.00493	0.00361	0.00465	0.00537	0.00584	0.00334	0.00377	0.00581	0.00804	0.01057	0.07374	0.63524	0.13426	0.01159	0.00496	0.00155	0.00232	0.07348	0.00368	0.00327
32	0.00740	0.00697	0.01176	0.85280	0.02700	0.00871	0.01089	0.01002	0.00784	0.01002	0.00697	0.01045	0.00523	0.00392	0.00392	0.00131	0.00523	0.00348	0.00174	0.00436
33	0.01284	0.00933	0.01004	0.00801	0.01064	0.01020	0.00650	0.59814	0.07276	0.03623	0.01266	0.06359	0.05477	0.00549	0.00394	0.00120	0.00377	0.00434	0.06953	0.00601
34	0.86215	0.03464	0.00623	0.00520	0.00766	0.00901	0.00432	0.01153	0.00671	0.01733	0.00546	0.00637	0.00427	0.00363	0.00243	0.00120	0.00307	0.00212	0.00240	0.00427
35	0.00947	0.00993	0.05493	0.27590	0.35797	0.08001	0.05629	0.06030	0.00929	0.01227	0.00769	0.03429	0.00633	0.00400	0.00393	0.00122	0.00511	0.00367	0.00204	0.00536
36	0.01242	0.00968	0.01056	0.08653	0.07141	0.08540	0.00729	0.38427	0.05385	0.08117	0.01097	0.02652	0.03377	0.00483	0.00384	0.00116	0.00421	0.01398	0.06007	0.03808
37	0.00531	0.00407	0.00450	0.00448	0.00568	0.00355	0.00332	0.00659	0.02455	0.03844	0.15463	0.14400	0.56755	0.00970	0.00465	0.00134	0.00207	0.00826	0.00379	0.00351
38	0.00879	0.00554	0.00707	0.00692	0.00834	0.02008	0.01538	0.06676	0.02533	0.14124	0.06130	0.06039	0.03958	0.04813	0.00549	0.00164	0.00345	0.42641	0.04386	0.00431
39	0.00956	0.02711	0.02433	0.01745	0.03125	0.13266	0.05899	0.07815	0.19387	0.04452	0.17943	0.03428	0.09803	0.00583	0.00408	0.00120	0.00377	0.00492	0.00337	0.04721
40	0.00489	0.00350	0.00458	0.00540	0.00568	0.00328	0.00364	0.00559	0.00750	0.00994	0.02160	0.74394	0.05300	0.06745	0.00598	0.00174	0.00242	0.04316	0.00356	0.00315

[dist]
# distance from previous block
# <min> <max>
1	7

[block]
# block no. 14 follows, 69 sequences, length 8
# corresponding to MSA columns:
# 506-513
name=unknown_O
#
# <colnr> <probs for GDERKNQSTAVLIFYWHMCP>
#	G	D	E	R	K	N	Q	S	T	A	V	L	I	F	Y	W	H	M	C	P
0	0.26609	0.00940	0.09314	0.00775	0.01107	0.00827	0.07680	0.13576	0.02916	0.10939	0.00816	0.00878	0.00600	0.00378	0.00329	0.00107	0.00382	0.00294	0.00282	0.21247
1	0.00505	0.00389	0.00419	0.00424	0.00535	0.00339	0.00313	0.00622	0.00903	0.01169	0.15265	0.12164	0.54955	0.00936	0.00448	0.00130	0.00198	0.00794	0.09153	0.00339
2	0.00643	0.00486	0.00695	0.00666	0.00729	0.00578	0.00517	0.04070	0.00663	0.00950	0.00957	0.01441	0.00902	0.05176	0.61229	0.09324	0.10009	0.00406	0.00210	0.00350
3	0.24660	0.00861	0.00853	0.09116	0.01101	0.08074	0.00602	0.19722	0.03653	0.14683	0.00943	0.00997	0.00683	0.00431	0.00334	0.00116	0.00378	0.00317	0.11955	0.00520
4	0.08441	0.00547	0.00650	0.00616	0.00758	0.00548	0.00480	0.10837	0.02624	0.11401	0.16959	0.25573	0.06515	0.00847	0.00447	0.00141	0.00282	0.11518	0.00384	0.00434
5	0.04126	0.58010	0.01696	0.00741	0.03658	0.01288	0.02884	0.07031	0.00902	0.07781	0.00730	0.00803	0.00599	0.00369	0.00285	0.00094	0.00397	0.00260	0.07830	0.00518
6	0.00648	0.00351	0.00488	0.00488	0.00494	0.00348	0.00317	0.00525	0.00540	0.00715	0.00945	0.01593	0.04609	0.18902	0.01579	0.66318	0.00342	0.00410	0.00193	0.00191
7	0.01262	0.00897	0.01032	0.11482	0.01267	0.00999	0.00709	0.49348	0.05061	0.07242	0.01013	0.01074	0.00735	0.00469	0.00403	0.00118	0.03012	0.00360	0.12933	0.00585

[dist]
# distance from previous block
# <min> <max>
2	5

[block]
# block no. 15 follows, 69 sequences, length 18
# corresponding to MSA columns:
# 519-536
name=unknown_P
#
# <colnr> <probs for GDERKNQSTAVLIFYWHMCP>
#	G	D	E	R	K	N	Q	S	T	A	V	L	I	F	Y	W	H	M	C	P
0	0.00927	0.01212	0.17191	0.01167	0.02569	0.09601	0.19232	0.03598	0.02561	0.01153	0.02679	0.00998	0.01722	0.00550	0.02245	0.00150	0.31383	0.00369	0.00201	0.00492
1	0.00517	0.00378	0.00468	0.00501	0.00568	0.00344	0.00351	0.00619	0.00842	0.01137	0.18494	0.44148	0.16087	0.06061	0.00561	0.00156	0.00226	0.02146	0.03414	0.02982
2	0.01398	0.00584	0.00778	0.00628	0.00865	0.00511	0.00504	0.01543	0.01065	0.59594	0.12583	0.05127	0.06922	0.03559	0.00465	0.00132	0.00299	0.00499	0.02374	0.00570
3	0.01077	0.00893	0.00944	0.00818	0.01058	0.01023	0.00645	0.17916	0.67070	0.01804	0.01467	0.01360	0.01092	0.00520	0.00398	0.00130	0.00334	0.00425	0.00398	0.00630
4	0.61050	0.00741	0.00690	0.00579	0.00842	0.00799	0.00478	0.03542	0.00832	0.25936	0.00850	0.00850	0.00591	0.00402	0.00291	0.00121	0.00316	0.00269	0.00318	0.00502
5	0.30834	0.07779	0.01038	0.00748	0.01040	0.01112	0.00627	0.46528	0.01346	0.04298	0.00793	0.00825	0.00581	0.00424	0.00331	0.00116	0.00385	0.00295	0.00327	0.00572
6	0.46354	0.02702	0.00766	0.00606	0.00875	0.00771	0.00502	0.04232	0.00906	0.35333	0.02871	0.00984	0.00732	0.00426	0.00315	0.00120	0.00320	0.00303	0.00349	0.00532
7	0.01074	0.77487	0.04144	0.00710	0.01041	0.08161	0.00698	0.01207	0.00822	0.00934	0.00554	0.00640	0.00503	0.00342	0.00263	0.00086	0.00446	0.00215	0.00170	0.00501
8	0.54186	0.00800	0.00652	0.00575	0.00789	0.07830	0.00463	0.05965	0.00823	0.06002	0.00756	0.00848	0.00579	0.00404	0.00300	0.00115	0.02394	0.00264	0.15811	0.00444
9	0.01108	0.00863	0.00976	0.00814	0.01039	0.05638	0.05278	0.29301	0.17516	0.06857	0.12971	0.08044	0.01431	0.00603	0.00418	0.00127	0.00372	0.03950	0.02145	0.00549
10	0.00500	0.00389	0.00455	0.00459	0.00557	0.00344	0.00336	0.00627	0.00951	0.01243	0.33717	0.17516	0.39579	0.00961	0.00469	0.00134	0.00198	0.00832	0.00390	0.00344
