[name]
unknown

[dist]
# distance from previous block
# <min> <max>
0	56

[block]
# block no. 0 follows, 64 sequences, length 55
# corresponding to MSA columns:
# 74-128
name=unknown_A
#
# <colnr> <probs for GDERKNQSTAVLIFYWHMCP>
#	G	D	E	R	K	N	Q	S	T	A	V	L	I	F	Y	W	H	M	C	P
0	0.04908	0.15234	0.21787	0.02801	0.01355	0.00982	0.09579	0.05749	0.02298	0.08058	0.02757	0.01356	0.02300	0.02375	0.00469	0.00132	0.03864	0.06318	0.00262	0.07416
1	0.02815	0.04214	0.01363	0.20266	0.23756	0.05255	0.08541	0.02964	0.04284	0.01274	0.00920	0.07462	0.00808	0.00540	0.02963	0.00140	0.00504	0.00420	0.00235	0.11276
2	0.00983	0.04276	0.09642	0.33295	0.04426	0.02754	0.00940	0.04861	0.15426	0.08126	0.04377	0.01305	0.03127	0.00478	0.00408	0.00130	0.00463	0.00401	0.00284	0.04299
3	0.00704	0.00626	0.00963	0.34138	0.14282	0.00680	0.00811	0.00893	0.00868	0.01128	0.04192	0.14381	0.18204	0.04775	0.00533	0.00154	0.00406	0.01550	0.00273	0.00437
4	0.00900	0.00671	0.00818	0.00739	0.00870	0.01872	0.00575	0.10437	0.12421	0.06946	0.04635	0.04636	0.04325	0.11794	0.25518	0.00332	0.09465	0.02261	0.00317	0.00469
5	0.00948	0.00963	0.04653	0.37173	0.18033	0.08166	0.04762	0.06621	0.00950	0.01227	0.00869	0.05027	0.01631	0.00518	0.00501	0.04695	0.02132	0.00407	0.00219	0.00508
6	0.00980	0.00667	0.00853	0.00728	0.00920	0.00670	0.05608	0.15865	0.06138	0.13200	0.04761	0.11404	0.18251	0.08021	0.08712	0.00212	0.00424	0.01715	0.00376	0.00494
7	0.00915	0.00844	0.01296	0.54213	0.09439	0.03435	0.04289	0.08958	0.00944	0.01232	0.00766	0.01086	0.00596	0.00528	0.02358	0.03134	0.04886	0.00373	0.00212	0.00495
8	0.00942	0.00851	0.01103	0.00914	0.02205	0.09587	0.17456	0.07273	0.03482	0.07803	0.02287	0.06620	0.31966	0.00732	0.00497	0.00138	0.03315	0.02014	0.00335	0.00481
9	0.02775	0.02542	0.04584	0.12009	0.10922	0.02554	0.29954	0.07943	0.05034	0.01360	0.00955	0.05903	0.00821	0.05828	0.00597	0.00155	0.04815	0.00469	0.00244	0.00536
10	0.00949	0.00906	0.01543	0.29056	0.56921	0.00966	0.01236	0.01206	0.00908	0.01261	0.00767	0.01054	0.00624	0.00385	0.00413	0.00128	0.00513	0.00370	0.00199	0.00594
11	0.00553	0.00383	0.00467	0.00514	0.00529	0.00369	0.00319	0.00591	0.00706	0.00938	0.01853	0.43569	0.03760	0.42040	0.01297	0.00281	0.00319	0.00895	0.00321	0.00296
12	0.06574	0.01966	0.01399	0.34155	0.30463	0.04736	0.05069	0.05399	0.00947	0.01325	0.00776	0.01040	0.00612	0.00401	0.00400	0.00128	0.00515	0.00361	0.03188	0.00547
13	0.00905	0.00788	0.00990	0.01136	0.20310	0.05850	0.02130	0.07071	0.11291	0.03671	0.09207	0.03828	0.16509	0.03682	0.10576	0.00205	0.00471	0.00545	0.00322	0.00513
14	0.01244	0.00894	0.00970	0.00825	0.01073	0.03221	0.00659	0.24154	0.32579	0.12993	0.06701	0.04185	0.01329	0.00605	0.00431	0.00136	0.00368	0.04686	0.02322	0.00626
15	0.00905	0.00799	0.01029	0.00898	0.00924	0.04291	0.00711	0.00968	0.00676	0.05296	0.00795	0.01371	0.00806	0.20763	0.01462	0.03758	0.53500	0.00419	0.00217	0.00410
16	0.06140	0.00712	0.00816	0.08477	0.04325	0.03265	0.00592	0.08424	0.16834	0.05648	0.13311	0.06187	0.12455	0.07360	0.01638	0.02050	0.00358	0.00563	0.00357	0.00487
17	0.21432	0.00625	0.00787	0.00800	0.05992	0.00660	0.05387	0.05818	0.00864	0.01387	0.03983	0.36533	0.03128	0.03299	0.04900	0.00183	0.02762	0.00716	0.00319	0.00425
18	0.00599	0.00442	0.00653	0.00652	0.00728	0.00510	0.00506	0.00751	0.00695	0.01012	0.04399	0.01688	0.01155	0.02935	0.77567	0.00627	0.01044	0.00455	0.03208	0.00372
19	0.00631	0.00488	0.00557	0.00525	0.00655	0.00458	0.00395	0.06461	0.03856	0.01466	0.36620	0.07463	0.34773	0.03149	0.00528	0.00144	0.00233	0.00783	0.00416	0.00400
20	0.00691	0.00509	0.00688	0.05164	0.08900	0.00493	0.00515	0.01871	0.00956	0.05368	0.21597	0.15547	0.20727	0.05611	0.06427	0.00190	0.00342	0.00726	0.03263	0.00415
21	0.00546	0.00394	0.00503	0.00533	0.00599	0.00364	0.00375	0.00671	0.00958	0.01311	0.34667	0.40334	0.10596	0.03691	0.00555	0.00157	0.00224	0.00946	0.02217	0.00359
22	0.00553	0.00393	0.00517	0.00596	0.00635	0.00377	0.00424	0.00641	0.00803	0.01062	0.02161	0.54683	0.04218	0.12893	0.01937	0.00212	0.00303	0.16892	0.00364	0.00335
23	0.14875	0.00611	0.00662	0.00595	0.00754	0.00626	0.00450	0.12380	0.02342	0.08361	0.16734	0.11237	0.11608	0.14328	0.00699	0.00179	0.00310	0.01532	0.01276	0.00443
24	0.01058	0.00718	0.00811	0.00700	0.00859	0.00759	0.00524	0.33159	0.01221	0.06057	0.01361	0.15515	0.01343	0.25629	0.00983	0.03747	0.00388	0.02344	0.02348	0.00476
25	0.00528	0.00380	0.00466	0.00526	0.00560	0.00355	0.00343	0.00587	0.00770	0.01007	0.02318	0.53781	0.13571	0.21730	0.00910	0.00222	0.00276	0.00998	0.00353	0.00318
26	0.16756	0.00706	0.00855	0.00682	0.00968	0.00662	0.00556	0.02846	0.02876	0.58261	0.01594	0.01485	0.05983	0.03346	0.00451	0.00139	0.00342	0.00419	0.00449	0.00624
27	0.00721	0.00492	0.00573	0.00556	0.00688	0.00458	0.00412	0.03927	0.06239	0.09379	0.12464	0.25515	0.33524	0.02460	0.00515	0.00150	0.00252	0.00849	0.00408	0.00419
28	0.00565	0.00415	0.00530	0.00603	0.00649	0.00406	0.00412	0.02039	0.06820	0.01151	0.04166	0.75590	0.02633	0.01223	0.00519	0.00165	0.00250	0.01105	0.00391	0.00368
29	0.00980	0.01120	0.02451	0.01751	0.02171	0.01050	0.81303	0.01331	0.00980	0.01331	0.00840	0.01120	0.00630	0.00350	0.00490	0.00140	0.00700	0.00490	0.00210	0.00560
30	0.00666	0.00454	0.00521	0.00505	0.00571	0.00445	0.00334	0.01798	0.05600	0.03768	0.15014	0.07840	0.11626	0.44625	0.01319	0.00274	0.00324	0.00672	0.03305	0.00341
31	0.00497	0.00418	0.00426	0.00429	0.00560	0.00352	0.00318	0.00599	0.00935	0.01120	0.05418	0.06861	0.75972	0.03579	0.00541	0.00149	0.00217	0.00877	0.00383	0.00348
32	0.40325	0.00831	0.00857	0.00692	0.00987	0.00875	0.00571	0.15833	0.01111	0.32560	0.01052	0.01010	0.00713	0.00454	0.00346	0.00128	0.00358	0.00324	0.00382	0.00592
33	0.00514	0.00414	0.00458	0.00463	0.00579	0.00358	0.00341	0.00635	0.00978	0.01233	0.21056	0.13973	0.55464	0.01039	0.00496	0.00142	0.00211	0.00887	0.00401	0.00358
34	0.15406	0.00653	0.00790	0.00656	0.00898	0.00621	0.00524	0.02537	0.02768	0.45686	0.05542	0.05913	0.06139	0.04559	0.02543	0.02106	0.00348	0.01323	0.00425	0.00565
35	0.00604	0.00403	0.00453	0.00453	0.00453	0.00403	0.00252	0.00604	0.00604	0.00805	0.01309	0.02718	0.01510	0.85402	0.02114	0.00403	0.00403	0.00604	0.00252	0.00252
36	0.00604	0.00403	0.00453	0.00453	0.00453	0.00403	0.00252	0.00604	0.00604	0.00805	0.01309	0.02718	0.01510	0.85402	0.02114	0.00403	0.00403	0.00604	0.00252	0.00252
37	0.04067	0.00849	0.00970	0.00922	0.06950	0.00929	0.00673	0.07238	0.49822	0.14277	0.01574	0.03948	0.02200	0.00558	0.00415	0.00136	0.00345	0.00464	0.03023	0.00640
38	0.00955	0.00948	0.04163	0.26699	0.45413	0.00966	0.06288	0.04676	0.00951	0.01312	0.00823	0.03441	0.00682	0.00415	0.00420	0.00131	0.00520	0.00399	0.00213	0.00585
39	0.88336	0.00803	0.00611	0.00546	0.00803	0.00932	0.00450	0.01221	0.00707	0.01864	0.00578	0.00675	0.00450	0.00386	0.00257	0.00129	0.00321	0.00225	0.00257	0.00450
40	0.00599	0.00401	0.00454	0.00459	0.00461	0.00399	0.00258	0.00603	0.00614	0.00818	0.01358	0.06839	0.01572	0.81197	0.02035	0.00391	0.00395	0.00633	0.00258	0.00256
41	0.00558	0.00400	0.00519	0.00596	0.00635	0.00383	0.00405	0.04460	0.00851	0.01135	0.02227	0.81091	0.02649	0.01263	0.00525	0.00167	0.00251	0.01142	0.00387	0.00355
42	0.00516	0.00366	0.00479	0.00566	0.00588	0.00344	0.00372	0.00581	0.00777	0.01035	0.02193	0.77053	0.02626	0.09545	0.00685	0.00192	0.00257	0.01124	0.00372	0.00329
43	0.01356	0.01034	0.01108	0.02155	0.01208	0.01159	0.00729	0.51304	0.27209	0.02265	0.01230	0.01200	0.00899	0.00517	0.00412	0.00129	0.00405	0.00405	0.04606	0.00672
44	0.00823	0.00800	0.01242	0.80237	0.02782	0.05064	0.01136	0.01091	0.00848	0.01059	0.00733	0.01089	0.00553	0.00416	0.00413	0.00137	0.00563	0.00364	0.00186	0.00462
45	0.01133	0.03014	0.03742	0.01294	0.06315	0.15728	0.25065	0.08698	0.14758	0.01416	0.00913	0.01060	0.00714	0.00458	0.00533	0.00132	0.10284	0.00395	0.00262	0.04086
46	0.00601	0.00441	0.00576	0.00534	0.00644	0.00406	0.00403	0.00794	0.01135	0.01616	0.74587	0.02922	0.03617	0.00936	0.04645	0.00154	0.00247	0.00712	0.00435	0.04595
47	0.00514	0.00376	0.00487	0.00567	0.00609	0.00344	0.00383	0.00592	0.00809	0.01073	0.02398	0.76586	0.08916	0.01256	0.00521	0.00164	0.00240	0.01132	0.00382	0.02650
48	0.03639	0.38193	0.07517	0.04771	0.01212	0.02480	0.02349	0.06194	0.00924	0.01260	0.00680	0.00795	0.00569	0.00357	0.00311	0.00091	0.00426	0.00259	0.00218	0.27755
49	0.01325	0.22233	0.01368	0.00932	0.01162	0.50337	0.00745	0.01487	0.05088	0.01037	0.00792	0.00934	0.02773	0.03538	0.00464	0.00119	0.04655	0.00299	0.00220	0.00490
50	0.00716	0.00594	0.00721	0.00647	0.00793	0.02288	0.04035	0.04936	0.07945	0.02889	0.24935	0.07429	0.30784	0.00937	0.03363	0.00158	0.05299	0.00716	0.00384	0.00431
51	0.01650	0.00945	0.01083	0.00846	0.01155	0.03679	0.00694	0.37764	0.02609	0.38856	0.01291	0.01217	0.00870	0.00635	0.04583	0.00153	0.00451	0.00395	0.00444	0.00682
52	0.01071	0.02204	0.19063	0.01110	0.07961	0.07404	0.04782	0.08761	0.34221	0.02772	0.02231	0.01242	0.01757	0.00483	0.00411	0.00130	0.00464	0.00401	0.00318	0.03215
53	0.01602	0.02335	0.02272	0.01774	0.01582	0.00552	0.02663	0.01806	0.07683	0.03727	0.05184	0.07934	0.03399	0.05778	0.04478	0.00158	0.01271	0.00489	0.40740	0.04574
54	0.04111	0.14199	0.07737	0.00950	0.03894	0.08506	0.01594	0.13057	0.10176	0.15213	0.05513	0.07266	0.01212	0.02751	0.00487	0.00152	0.00466	0.01715	0.00374	0.00629

[dist]
# distance from previous block
# <min> <max>
1	23

[block]
# block no. 1 follows, 64 sequences, length 26
# corresponding to MSA columns:
# 161-186
name=unknown_B
#
# <colnr> <probs for GDERKNQSTAVLIFYWHMCP>
#	G	D	E	R	K	N	Q	S	T	A	V	L	I	F	Y	W	H	M	C	P
0	0.00886	0.02024	0.03193	0.02584	0.10922	0.04459	0.04696	0.05889	0.03150	0.05787	0.07360	0.06983	0.14914	0.02240	0.04950	0.00176	0.08411	0.09580	0.00318	0.01479
1	0.03816	0.14469	0.10421	0.00829	0.01152	0.05747	0.07021	0.03967	0.02844	0.07426	0.03138	0.04625	0.02062	0.01970	0.07399	0.00157	0.00492	0.00375	0.00265	0.21824
2	0.08479	0.00785	0.00989	0.02576	0.05763	0.00722	0.03393	0.10443	0.01038	0.17910	0.01076	0.01144	0.03358	0.00582	0.05520	0.00136	0.00411	0.00344	0.00318	0.35013
3	0.02250	0.01028	0.05298	0.14325	0.31242	0.04421	0.15145	0.04475	0.00968	0.02742	0.03411	0.01088	0.00727	0.00415	0.00468	0.00128	0.05014	0.00387	0.00226	0.06243
4	0.00603	0.00406	0.00467	0.00467	0.00472	0.00411	0.00270	0.00613	0.00608	0.00816	0.01296	0.02645	0.01478	0.79858	0.07615	0.00421	0.00451	0.00593	0.00250	0.00260
5	0.01234	0.38378	0.11223	0.01035	0.08517	0.14275	0.00887	0.17381	0.01131	0.01385	0.00709	0.00802	0.00578	0.00401	0.00341	0.00107	0.00519	0.00283	0.00233	0.00580
6	0.01003	0.00961	0.01641	0.10995	0.74562	0.00980	0.01262	0.01253	0.00934	0.01327	0.00777	0.01036	0.00647	0.00375	0.00412	0.00125	0.00500	0.00370	0.00203	0.00638
7	0.01452	0.00694	0.00874	0.00723	0.00977	0.00667	0.00587	0.07617	0.11250	0.47231	0.03322	0.04163	0.01237	0.00657	0.02668	0.00146	0.00358	0.05504	0.09252	0.00621
8	0.00566	0.00425	0.00525	0.00503	0.00612	0.00384	0.00380	0.00740	0.01115	0.01524	0.61757	0.03356	0.22982	0.00905	0.00492	0.00134	0.00204	0.02576	0.00438	0.00382
9	0.00539	0.00412	0.00490	0.00497	0.00593	0.00369	0.00362	0.00670	0.00992	0.01307	0.33604	0.18567	0.32684	0.04653	0.00569	0.00154	0.00222	0.02547	0.00407	0.00360
10	0.00513	0.00369	0.00487	0.00569	0.00603	0.00343	0.00384	0.00598	0.00835	0.01120	0.09971	0.75157	0.05006	0.01252	0.00525	0.00164	0.00236	0.01132	0.00392	0.00343
11	0.00556	0.00418	0.00515	0.00502	0.00604	0.00377	0.00372	0.00719	0.01086	0.01477	0.56007	0.10323	0.23643	0.00939	0.00494	0.00136	0.00203	0.00819	0.00433	0.00377
12	0.00517	0.00414	0.00462	0.00467	0.00581	0.00359	0.00344	0.00640	0.00982	0.01247	0.23076	0.14577	0.52803	0.01036	0.00496	0.00142	0.00211	0.00887	0.00403	0.00359
13	0.01111	0.85652	0.02177	0.00711	0.01066	0.01644	0.00711	0.01244	0.00844	0.00977	0.00577	0.00666	0.00533	0.00355	0.00267	0.00089	0.00444	0.00222	0.00178	0.00533
14	0.01826	0.00768	0.01002	0.00768	0.01091	0.00701	0.00634	0.12592	0.01291	0.72387	0.01553	0.01358	0.00985	0.00512	0.00417	0.00128	0.00367	0.00412	0.00501	0.00707
15	0.00506	0.00361	0.00482	0.00578	0.00602	0.00337	0.00386	0.00578	0.00795	0.01060	0.02289	0.85131	0.02747	0.01301	0.00530	0.00169	0.00241	0.01181	0.00386	0.00337
16	0.00890	0.00795	0.01246	0.73298	0.02652	0.00971	0.01105	0.11757	0.00980	0.01268	0.00773	0.01093	0.00574	0.00426	0.00415	0.00137	0.00541	0.00370	0.00215	0.00494
17	0.00591	0.00397	0.00457	0.00470	0.00473	0.00394	0.00270	0.00601	0.00629	0.00839	0.01439	0.13687	0.01675	0.74209	0.01903	0.00372	0.00381	0.00681	0.00270	0.00263
18	0.01111	0.85652	0.02177	0.00711	0.01066	0.01644	0.00711	0.01244	0.00844	0.00977	0.00577	0.00666	0.00533	0.00355	0.00267	0.00089	0.00444	0.00222	0.00178	0.00533
19	0.00734	0.00504	0.00559	0.00520	0.00564	0.00521	0.00323	0.11361	0.00784	0.01047	0.01267	0.02489	0.01403	0.74102	0.01888	0.00366	0.00410	0.00573	0.00273	0.00312
20	0.00839	0.00552	0.00669	0.00599	0.00759	0.00537	0.00462	0.03229	0.13550	0.12489	0.46866	0.02704	0.13522	0.00779	0.00468	0.00133	0.00246	0.00671	0.00449	0.00477
21	0.00762	0.00510	0.00565	0.00519	0.00693	0.00456	0.00404	0.03494	0.04732	0.13224	0.08376	0.03375	0.57381	0.00923	0.00477	0.00139	0.00248	0.02880	0.00411	0.00432
22	0.00827	0.00694	0.00807	0.00594	0.00914	0.00534	0.00460	0.00987	0.00827	0.01281	0.00814	0.01108	0.00734	0.11633	0.00548	0.00107	0.00320	0.00294	0.00247	0.76271
23	0.00797	0.04171	0.00796	0.00646	0.00809	0.02845	0.03074	0.13707	0.01239	0.01673	0.48963	0.02672	0.12273	0.02146	0.00494	0.00134	0.00288	0.02412	0.00411	0.00449
24	0.03136	0.26123	0.33794	0.00923	0.01366	0.07064	0.01011	0.05046	0.00955	0.07042	0.00759	0.00844	0.00580	0.00390	0.00346	0.00110	0.00510	0.00282	0.00223	0.09497
25	0.21291	0.08546	0.19187	0.00837	0.02412	0.05013	0.02698	0.03148	0.03750	0.01415	0.03387	0.12942	0.00973	0.00543	0.00399	0.00126	0.03126	0.00425	0.00259	0.09526

[dist]
# distance from previous block
# <min> <max>
1	8

[block]
# block no. 2 follows, 64 sequences, length 14
# corresponding to MSA columns:
# 195-208
name=unknown_C
#
# <colnr> <probs for GDERKNQSTAVLIFYWHMCP>
#	G	D	E	R	K	N	Q	S	T	A	V	L	I	F	Y	W	H	M	C	P
0	0.03185	0.12942	0.08819	0.03086	0.03582	0.48256	0.00859	0.07788	0.03376	0.01221	0.00707	0.00809	0.00572	0.00419	0.00364	0.00110	0.00629	0.00283	0.00228	0.02764
1	0.02452	0.09256	0.20400	0.00963	0.06704	0.01909	0.01696	0.10954	0.04754	0.05911	0.01095	0.08470	0.00976	0.04040	0.01745	0.00142	0.00451	0.04930	0.00283	0.12869
2	0.01123	0.01272	0.00950	0.00866	0.01043	0.43096	0.00660	0.01252	0.00984	0.01076	0.04992	0.01306	0.00936	0.03900	0.19992	0.00249	0.02609	0.03394	0.00239	0.10060
3	0.00618	0.00471	0.00674	0.00661	0.00717	0.00553	0.00501	0.00736	0.00654	0.00939	0.01106	0.01768	0.01085	0.17154	0.63763	0.00587	0.06966	0.00467	0.00225	0.00356
4	0.00931	0.00954	0.01217	0.04464	0.01149	0.07698	0.00880	0.01029	0.00696	0.01007	0.00664	0.05875	0.00675	0.00725	0.01197	0.00173	0.69616	0.00404	0.00196	0.00450
5	0.01463	0.01832	0.01190	0.01073	0.01257	0.72373	0.00817	0.01568	0.01103	0.01014	0.00629	0.00771	0.00536	0.00469	0.00511	0.00117	0.12308	0.00281	0.00210	0.00478
6	0.01394	0.01667	0.01352	0.03236	0.07380	0.56729	0.08724	0.06243	0.01139	0.01167	0.00688	0.00841	0.00565	0.00442	0.00464	0.00119	0.06805	0.00313	0.00222	0.00513
7	0.00550	0.00391	0.00471	0.00516	0.00550	0.00371	0.00336	0.00604	0.00748	0.00977	0.02164	0.37768	0.13278	0.34381	0.01151	0.00258	0.00307	0.04539	0.00333	0.00308
8	0.00986	0.12952	0.05488	0.06960	0.07782	0.04744	0.02128	0.07554	0.08868	0.01378	0.00935	0.06644	0.00809	0.00445	0.00363	0.00103	0.00412	0.00365	0.00263	0.30820
9	0.00810	0.00561	0.00648	0.00583	0.00738	0.00547	0.00443	0.09450	0.08067	0.08468	0.28987	0.06206	0.24710	0.07194	0.00594	0.00155	0.00270	0.00700	0.00416	0.00450
10	0.00549	0.00397	0.00505	0.00561	0.00608	0.00367	0.00376	0.00621	0.00776	0.01043	0.02078	0.61159	0.04619	0.15470	0.00785	0.00202	0.00276	0.03494	0.00354	0.05760
11	0.00823	0.04036	0.00974	0.00870	0.03415	0.06314	0.02671	0.03253	0.07161	0.01092	0.00977	0.01362	0.00884	0.03624	0.42588	0.02966	0.15910	0.00410	0.00233	0.00437
12	0.02258	0.28386	0.27322	0.00973	0.02405	0.13448	0.01936	0.07685	0.05537	0.01297	0.00786	0.00937	0.00636	0.00421	0.00356	0.00114	0.00535	0.02310	0.00223	0.02435
13	0.03534	0.03182	0.00903	0.05005	0.03273	0.03209	0.00631	0.10210	0.06542	0.03383	0.01390	0.29185	0.01433	0.00964	0.06464	0.00182	0.10831	0.02005	0.00317	0.07358

[dist]
# distance from previous block
# <min> <max>
0	19

[block]
# block no. 3 follows, 64 sequences, length 53
# corresponding to MSA columns:
# 228-280
name=unknown_D
#
# <colnr> <probs for GDERKNQSTAVLIFYWHMCP>
#	G	D	E	R	K	N	Q	S	T	A	V	L	I	F	Y	W	H	M	C	P
0	0.07997	0.15988	0.13711	0.01852	0.01943	0.05843	0.06302	0.12138	0.02460	0.02855	0.00852	0.01048	0.00697	0.01013	0.18762	0.00240	0.02861	0.00343	0.01041	0.02055
1	0.01258	0.03525	0.02862	0.00964	0.04289	0.26420	0.00746	0.26873	0.01365	0.01689	0.18813	0.01369	0.01341	0.00558	0.00477	0.00123	0.06041	0.00418	0.00328	0.00543
2	0.06477	0.01080	0.01172	0.00903	0.01230	0.01175	0.00746	0.66008	0.01778	0.13650	0.01062	0.01037	0.00736	0.00494	0.00407	0.00125	0.00435	0.00372	0.00420	0.00692
3	0.00638	0.00520	0.00755	0.00982	0.18713	0.00497	0.00573	0.00773	0.00905	0.01229	0.15964	0.38882	0.12111	0.03368	0.01990	0.00164	0.00305	0.00862	0.00352	0.00417
4	0.00586	0.00767	0.18736	0.00722	0.00876	0.00495	0.00650	0.00750	0.00810	0.01115	0.01913	0.64817	0.02212	0.01090	0.00518	0.00161	0.02075	0.00971	0.00335	0.00401
5	0.00542	0.00389	0.00528	0.00586	0.00620	0.00394	0.00404	0.00625	0.00737	0.01002	0.01850	0.52286	0.02133	0.12657	0.22852	0.00332	0.00494	0.00911	0.00325	0.00335
6	0.01029	0.00966	0.01521	0.02174	0.64802	0.00997	0.01139	0.01480	0.18819	0.01441	0.00982	0.01143	0.00792	0.00413	0.00414	0.00127	0.00457	0.00392	0.00253	0.00658
7	0.00604	0.00403	0.00453	0.00453	0.00453	0.00403	0.00252	0.00604	0.00604	0.00805	0.01309	0.02718	0.01510	0.85402	0.02114	0.00403	0.00403	0.00604	0.00252	0.00252
8	0.00594	0.00794	0.18721	0.00675	0.00884	0.00499	0.00649	0.00785	0.00894	0.01165	0.02685	0.24330	0.33330	0.00984	0.00491	0.00152	0.00330	0.11291	0.00339	0.00409
9	0.01837	0.00749	0.00990	0.00759	0.01081	0.00673	0.00627	0.09394	0.01260	0.75629	0.01579	0.01375	0.00998	0.00513	0.00418	0.00128	0.00363	0.00414	0.00505	0.00707
10	0.01016	0.57349	0.29656	0.00871	0.01314	0.01413	0.00990	0.01268	0.00855	0.01092	0.00634	0.00738	0.00531	0.00369	0.00310	0.00103	0.00502	0.00251	0.00177	0.00560
11	0.01040	0.00831	0.00948	0.00693	0.01053	0.00717	0.00560	0.18778	0.01109	0.03302	0.00814	0.00903	0.00644	0.00354	0.00334	0.00077	0.00341	0.00278	0.00289	0.66937
12	0.01019	0.00832	0.00946	0.00690	0.01051	0.00716	0.00558	0.18758	0.01102	0.01632	0.00795	0.00891	0.00635	0.00350	0.00331	0.00075	0.00341	0.00274	0.00283	0.68719
13	0.01033	0.00892	0.00939	0.00845	0.01080	0.01033	0.00657	0.02207	0.82061	0.01738	0.01691	0.01550	0.01268	0.00564	0.00423	0.00141	0.00329	0.00470	0.00423	0.00657
14	0.00997	0.00886	0.01005	0.00893	0.01073	0.01073	0.00707	0.01912	0.62466	0.01574	0.03091	0.01440	0.01163	0.00605	0.00631	0.00150	0.18904	0.00452	0.00370	0.00607
15	0.01006	0.00896	0.01013	0.00899	0.01082	0.01086	0.00713	0.01941	0.64119	0.01575	0.01438	0.01408	0.01109	0.00600	0.00630	0.00150	0.18907	0.00446	0.00370	0.00613
16	0.00634	0.00483	0.00579	0.00622	0.00690	0.00498	0.00430	0.00940	0.18679	0.01179	0.02041	0.56940	0.02275	0.11113	0.00694	0.00190	0.00280	0.00956	0.00378	0.00398
17	0.01104	0.01105	0.02046	0.01497	0.01848	0.01129	0.54027	0.18940	0.01154	0.01575	0.00840	0.01068	0.00637	0.00428	0.00577	0.00142	0.10602	0.00450	0.00252	0.00580
18	0.00838	0.00793	0.01343	0.66367	0.20478	0.00937	0.01180	0.01108	0.00856	0.01126	0.00748	0.01090	0.00577	0.00405	0.00414	0.00135	0.00540	0.00369	0.00189	0.00505
19	0.00506	0.00361	0.00482	0.00578	0.00602	0.00337	0.00386	0.00578	0.00795	0.01060	0.02289	0.85131	0.02747	0.01301	0.00530	0.00169	0.00241	0.01181	0.00386	0.00337
20	0.01018	0.01016	0.01855	0.02374	0.65042	0.01001	0.18909	0.01287	0.00953	0.01351	0.00794	0.01048	0.00652	0.00366	0.00429	0.00127	0.00539	0.00397	0.00207	0.00636
21	0.69116	0.19500	0.00956	0.00582	0.00861	0.01089	0.00507	0.01226	0.00737	0.01668	0.00578	0.00673	0.00468	0.00379	0.00259	0.00120	0.00348	0.00224	0.00240	0.00468
22	0.00504	0.00369	0.00475	0.00560	0.00598	0.00339	0.00377	0.00580	0.00813	0.01068	0.02517	0.75509	0.12223	0.01272	0.00526	0.00165	0.00237	0.01145	0.00386	0.00339
23	0.00951	0.00782	0.00832	0.00757	0.00942	0.00888	0.00567	0.01851	0.62936	0.02715	0.01606	0.01805	0.01318	0.19257	0.00795	0.00198	0.00345	0.00498	0.00386	0.00569
24	0.01153	0.00952	0.01007	0.00870	0.01126	0.01089	0.00687	0.19663	0.64409	0.01932	0.01538	0.01428	0.01144	0.00549	0.00421	0.00137	0.00357	0.00449	0.00421	0.00668
25	0.88336	0.00803	0.00611	0.00546	0.00803	0.00932	0.00450	0.01221	0.00707	0.01864	0.00578	0.00675	0.00450	0.00386	0.00257	0.00129	0.00321	0.00225	0.00257	0.00450
26	0.01312	0.00999	0.01077	0.00883	0.01154	0.01110	0.00708	0.51605	0.22276	0.02208	0.01328	0.11117	0.01092	0.00610	0.00431	0.00134	0.00399	0.00494	0.00414	0.00650
27	0.00524	0.00375	0.00498	0.00566	0.00606	0.00349	0.00387	0.00624	0.00879	0.01194	0.19984	0.67056	0.03006	0.01202	0.00521	0.00160	0.00231	0.01086	0.00401	0.00349
28	0.00899	0.00772	0.00878	0.00666	0.01005	0.00659	0.00529	0.01302	0.18753	0.01438	0.00948	0.01013	0.00759	0.00364	0.00333	0.00079	0.00312	0.00295	0.00285	0.68709
29	0.01115	0.19601	0.01248	0.00829	0.01102	0.01198	0.00685	0.11390	0.54664	0.01674	0.01363	0.01290	0.01039	0.00510	0.00387	0.00127	0.00369	0.00404	0.00368	0.00636
30	0.00576	0.00395	0.00458	0.00479	0.00492	0.00385	0.00285	0.00598	0.00666	0.00880	0.01692	0.20951	0.06455	0.62013	0.01672	0.00336	0.00356	0.00747	0.00289	0.00276
31	0.00802	0.00477	0.00557	0.00517	0.00680	0.00409	0.00394	0.00922	0.00998	0.19216	0.08843	0.12989	0.49731	0.00949	0.00479	0.00140	0.00245	0.00803	0.00419	0.00430
32	0.01092	0.66996	0.02069	0.01116	0.19078	0.01499	0.00835	0.01251	0.00866	0.01061	0.00622	0.00746	0.00561	0.00359	0.00298	0.00096	0.00455	0.00255	0.00184	0.00561
33	0.11879	0.00648	0.00795	0.00639	0.00903	0.00599	0.00521	0.01696	0.01062	0.55495	0.01450	0.01356	0.00968	0.00492	0.00371	0.00122	0.00314	0.00388	0.19697	0.00606
34	0.58583	0.00674	0.00576	0.00526	0.00734	0.00744	0.00421	0.01051	0.00839	0.01732	0.19080	0.01604	0.10962	0.00567	0.00336	0.00130	0.00281	0.00418	0.00316	0.00425
35	0.01332	0.01030	0.01263	0.01278	0.19190	0.01110	0.00876	0.52900	0.01594	0.02152	0.01113	0.02804	0.00929	0.00560	0.00435	0.00133	0.00453	0.09832	0.00365	0.00651
36	0.01490	0.01862	0.01237	0.01246	0.10953	0.73921	0.00859	0.01613	0.01150	0.01057	0.00659	0.00782	0.00550	0.00421	0.00379	0.00109	0.00719	0.00280	0.00213	0.00502
37	0.00592	0.00398	0.00456	0.00468	0.00471	0.00395	0.00268	0.00601	0.00627	0.00836	0.01425	0.12492	0.01657	0.75428	0.01926	0.00375	0.00384	0.00672	0.00268	0.00262
38	0.01293	0.30195	0.01461	0.00893	0.01161	0.36177	0.00736	0.01644	0.18887	0.02541	0.00868	0.00908	0.00704	0.00435	0.00349	0.00109	0.00546	0.00299	0.00253	0.00542
39	0.58868	0.11126	0.00921	0.00681	0.00940	0.19262	0.00559	0.01320	0.00827	0.01572	0.00592	0.00690	0.00478	0.00391	0.00284	0.00119	0.00430	0.00234	0.00238	0.00467
40	0.01062	0.37400	0.04043	0.10640	0.02017	0.03042	0.00710	0.10245	0.03814	0.02833	0.00882	0.01007	0.00708	0.00420	0.00322	0.00105	0.00411	0.00310	0.19508	0.00522
41	0.00834	0.00572	0.02945	0.00638	0.00784	0.00528	0.00498	0.02766	0.10290	0.13333	0.36788	0.22916	0.02707	0.00859	0.00488	0.00141	0.01259	0.00753	0.00432	0.00468
42	0.00510	0.00407	0.00458	0.00476	0.00581	0.00354	0.00345	0.00622	0.00946	0.01195	0.16445	0.23994	0.50040	0.01081	0.00500	0.00146	0.00216	0.00932	0.00397	0.00354
43	0.00873	0.30159	0.30550	0.00820	0.01169	0.01053	0.00887	0.01126	0.02911	0.01090	0.02577	0.01318	0.00859	0.21102	0.00784	0.00184	0.01474	0.00365	0.00207	0.00493
44	0.00866	0.12052	0.73635	0.01128	0.01711	0.01045	0.01437	0.01307	0.00873	0.01275	0.00725	0.00852	0.00527	0.00390	0.00379	0.00126	0.00594	0.00297	0.00176	0.00604
45	0.01111	0.85652	0.02177	0.00711	0.01066	0.01644	0.00711	0.01244	0.00844	0.00977	0.00577	0.00666	0.00533	0.00355	0.00267	0.00089	0.00444	0.00222	0.00178	0.00533
46	0.01555	0.01883	0.01185	0.01057	0.01285	0.73956	0.00801	0.11119	0.01269	0.01206	0.00684	0.00778	0.00555	0.00436	0.00379	0.00109	0.00714	0.00280	0.00238	0.00508
47	0.00597	0.00386	0.00483	0.00505	0.00538	0.00367	0.00331	0.00582	0.00696	0.00902	0.01902	0.20725	0.16632	0.25085	0.01296	0.26260	0.00319	0.01838	0.00287	0.00270
48	0.00502	0.00396	0.00453	0.00492	0.00582	0.00347	0.00349	0.00599	0.00895	0.01125	0.07518	0.37899	0.45082	0.01146	0.00507	0.00152	0.00222	0.00997	0.00389	0.00347
49	0.02433	0.00837	0.01260	0.02632	0.35762	0.00923	0.00933	0.07360	0.00931	0.04434	0.01089	0.17591	0.01078	0.00658	0.00644	0.00147	0.18974	0.01501	0.00267	0.00546
50	0.00991	0.01091	0.02282	0.01927	0.19940	0.01036	0.63669	0.01318	0.00973	0.01336	0.00827	0.01100	0.00636	0.00355	0.00473	0.00136	0.00655	0.00464	0.00209	0.00582
51	0.00533	0.00379	0.00506	0.00597	0.00630	0.00360	0.00417	0.00618	0.00807	0.01072	0.02228	0.70109	0.02637	0.05527	0.00616	0.00184	0.00268	0.11795	0.00378	0.00339
52	0.00936	0.00929	0.00925	0.03553	0.01899	0.19886	0.01734	0.04086	0.00827	0.01027	0.00911	0.01468	0.00889	0.19969	0.20333	0.01742	0.16826	0.00416	0.01239	0.00405

[dist]
# distance from previous block
# <min> <max>
2	3

[block]
# block no. 4 follows, 64 sequences, length 20
# corresponding to MSA columns:
# 286-304,309
name=unknown_E
#
# <colnr> <probs for GDERKNQSTAVLIFYWHMCP>
#	G	D	E	R	K	N	Q	S	T	A	V	L	I	F	Y	W	H	M	C	P
0	0.06696	0.05931	0.05371	0.01011	0.03494	0.51259	0.02124	0.01413	0.01012	0.01088	0.00725	0.00911	0.00619	0.00872	0.14380	0.00205	0.01896	0.00302	0.00214	0.00476
1	0.01017	0.00974	0.01667	0.10102	0.69783	0.00991	0.04755	0.03271	0.00962	0.01360	0.00785	0.01039	0.00648	0.00377	0.00415	0.00126	0.00507	0.00375	0.00209	0.00637
2	0.01318	0.01341	0.03273	0.04573	0.04109	0.27365	0.03048	0.21817	0.25693	0.01666	0.01064	0.01091	0.00806	0.00481	0.00406	0.00125	0.00527	0.00370	0.00325	0.00602
3	0.00563	0.00435	0.00515	0.00493	0.00610	0.00393	0.00370	0.00750	0.03120	0.01465	0.51392	0.03397	0.33149	0.00917	0.00489	0.00134	0.00205	0.00791	0.00430	0.00383
4	0.01128	0.00608	0.00811	0.02423	0.02772	0.01651	0.00566	0.05301	0.02202	0.30553	0.01414	0.09526	0.01191	0.07063	0.28701	0.00332	0.00616	0.00506	0.02124	0.00512
5	0.00604	0.00403	0.00453	0.00453	0.00453	0.00403	0.00252	0.00604	0.00604	0.00805	0.01309	0.02718	0.01510	0.85402	0.02114	0.00403	0.00403	0.00604	0.00252	0.00252
6	0.01203	0.00587	0.00779	0.00684	0.00891	0.00537	0.00563	0.04017	0.01144	0.37904	0.20730	0.02696	0.06613	0.00769	0.00475	0.00144	0.00319	0.18948	0.00460	0.00538
7	0.73764	0.01001	0.00706	0.00634	0.00884	0.14835	0.00509	0.01294	0.00786	0.01721	0.00589	0.00687	0.00464	0.00393	0.00277	0.00125	0.00393	0.00232	0.00250	0.00455
8	0.01064	0.71631	0.15790	0.00790	0.01189	0.01530	0.00849	0.01256	0.00850	0.01034	0.00606	0.00702	0.00532	0.00362	0.00288	0.00096	0.00473	0.00236	0.00177	0.00547
9	0.01077	0.71423	0.02025	0.00775	0.01070	0.01581	0.00744	0.01203	0.00809	0.00981	0.00572	0.00707	0.00535	0.00418	0.00451	0.00104	0.14582	0.00246	0.00178	0.00520
10	0.00959	0.00817	0.00894	0.00815	0.01023	0.00947	0.00634	0.01961	0.68394	0.01608	0.01594	0.01564	0.01229	0.00992	0.14415	0.00229	0.00460	0.00465	0.00389	0.00609
11	0.00722	0.00361	0.00541	0.00541	0.00541	0.00361	0.00361	0.00541	0.00541	0.00722	0.00722	0.01263	0.00722	0.01443	0.01623	0.87915	0.00361	0.00361	0.00180	0.00180
12	0.01042	0.38946	0.05648	0.01101	0.14336	0.01254	0.03545	0.05355	0.13491	0.01283	0.00945	0.01197	0.00816	0.00559	0.03684	0.00138	0.00475	0.05370	0.00248	0.00570
13	0.01731	0.00864	0.01064	0.03614	0.02979	0.03369	0.00693	0.21245	0.01357	0.56498	0.01403	0.01273	0.00911	0.00501	0.00416	0.00127	0.00401	0.00400	0.00463	0.00691
14	0.00523	0.00386	0.00494	0.00571	0.00624	0.00356	0.00405	0.00617	0.00847	0.01105	0.04461	0.60778	0.16150	0.01232	0.00527	0.00166	0.00250	0.09774	0.00387	0.00346
15	0.00689	0.14717	0.00742	0.00496	0.00556	0.00611	0.00329	0.00711	0.00644	0.00834	0.01186	0.02374	0.01346	0.71122	0.01804	0.00350	0.00410	0.00540	0.00239	0.00299
16	0.18377	0.05156	0.05298	0.05720	0.03380	0.18813	0.02564	0.18168	0.03478	0.04898	0.00780	0.00893	0.00602	0.00465	0.00473	0.00128	0.09668	0.00317	0.00274	0.00548
17	0.00811	0.03859	0.10320	0.00721	0.03433	0.00637	0.00624	0.01014	0.00873	0.01288	0.01312	0.01389	0.14375	0.00457	0.00378	0.00089	0.02595	0.00365	0.00256	0.55204
18	0.00640	0.00449	0.00566	0.00554	0.00596	0.00482	0.00374	0.03934	0.00683	0.00939	0.01222	0.02239	0.01300	0.50982	0.32778	0.00491	0.00672	0.00535	0.00247	0.00315
19	0.00697	0.00517	0.00606	0.00609	0.00712	0.00510	0.00443	0.14175	0.01026	0.01343	0.04425	0.44599	0.18533	0.05846	0.00593	0.00169	0.00285	0.04127	0.00385	0.00400

[dist]
# distance from previous block
# <min> <max>
1	3

[block]
# block no. 5 follows, 64 sequences, length 17
# corresponding to MSA columns:
# 313-329
name=unknown_F
#
# <colnr> <probs for GDERKNQSTAVLIFYWHMCP>
#	G	D	E	R	K	N	Q	S	T	A	V	L	I	F	Y	W	H	M	C	P
0	0.00896	0.03200	0.03333	0.03702	0.09612	0.04650	0.23970	0.04376	0.02375	0.03564	0.02324	0.21131	0.01355	0.02748	0.02143	0.00162	0.02516	0.07161	0.00287	0.00493
1	0.01310	0.01125	0.01208	0.19726	0.01611	0.10973	0.00865	0.42088	0.09645	0.01912	0.00946	0.01044	0.00701	0.00489	0.00456	0.00130	0.04464	0.00369	0.00329	0.00608
2	0.00689	0.00757	0.13179	0.02921	0.06844	0.00585	0.03533	0.00849	0.00803	0.02149	0.08512	0.21461	0.01708	0.24731	0.05027	0.00245	0.02903	0.02413	0.00286	0.00405
3	0.00827	0.00699	0.00828	0.00614	0.00942	0.00545	0.00486	0.01001	0.00834	0.01297	0.00794	0.01003	0.00688	0.03791	0.08045	0.00130	0.00385	0.00278	0.00244	0.76571
4	0.00885	0.00511	0.00721	0.00671	0.00787	0.00543	0.00518	0.01014	0.00787	0.19424	0.01320	0.08095	0.01196	0.10490	0.47361	0.00463	0.03970	0.00508	0.00302	0.00435
5	0.00946	0.21354	0.37049	0.00937	0.01379	0.01097	0.01035	0.01471	0.19120	0.01335	0.00918	0.00977	0.00704	0.00414	0.00362	0.00116	0.00478	0.00317	0.00239	0.09752
6	0.01338	0.00983	0.01075	0.00871	0.01134	0.01074	0.00699	0.63249	0.01693	0.02268	0.01288	0.19913	0.01165	0.00679	0.00441	0.00135	0.00408	0.00555	0.00409	0.00623
7	0.00819	0.00445	0.00599	0.00615	0.00708	0.00410	0.00439	0.00912	0.00872	0.19493	0.02056	0.59726	0.02239	0.03716	0.04669	0.00191	0.00314	0.00956	0.00402	0.00420
8	0.01533	0.05485	0.01219	0.01055	0.01275	0.80295	0.00799	0.01641	0.01163	0.01015	0.00639	0.00746	0.00535	0.00425	0.00370	0.00106	0.00736	0.00266	0.00212	0.00484
9	0.00797	0.00774	0.00685	0.00638	0.00765	0.19127	0.00478	0.00966	0.01159	0.01479	0.58231	0.02641	0.09120	0.00770	0.00464	0.00126	0.00321	0.00652	0.00397	0.00409
10	0.02607	0.00481	0.00693	0.05102	0.02380	0.00472	0.00474	0.00932	0.00716	0.19298	0.00954	0.01339	0.00811	0.04947	0.01261	0.56185	0.00373	0.00383	0.00261	0.00331
11	0.01048	0.66878	0.20404	0.00817	0.01231	0.01491	0.00896	0.01260	0.00851	0.01053	0.00615	0.00714	0.00532	0.00364	0.00295	0.00098	0.00482	0.00241	0.00177	0.00551
12	0.00507	0.00377	0.00467	0.00537	0.00587	0.00343	0.00364	0.00583	0.00821	0.01063	0.02677	0.63257	0.20656	0.04952	0.00591	0.00173	0.00241	0.01087	0.00380	0.00337
13	0.01059	0.52559	0.06912	0.00864	0.01129	0.05558	0.00822	0.01200	0.00804	0.01006	0.00582	0.00751	0.00536	0.00466	0.00587	0.00118	0.24082	0.00269	0.00180	0.00513
14	0.01076	0.00913	0.00963	0.00854	0.01096	0.01053	0.00668	0.08356	0.75842	0.01806	0.01637	0.01507	0.01224	0.00559	0.00422	0.00140	0.00339	0.00462	0.00422	0.00661
15	0.00589	0.00429	0.00580	0.00555	0.00648	0.00421	0.00421	0.00774	0.01062	0.01508	0.64273	0.02772	0.03272	0.01359	0.19211	0.00251	0.00402	0.00682	0.00404	0.00387
16	0.01093	0.66595	0.01898	0.00741	0.01069	0.01506	0.00699	0.01460	0.19104	0.01148	0.00828	0.00865	0.00698	0.00402	0.00302	0.00101	0.00418	0.00278	0.00233	0.00561

[dist]
# distance from previous block
# <min> <max>
0	4

[block]
# block no. 6 follows, 64 sequences, length 12
# corresponding to MSA columns:
# 334-345
name=unknown_G
#
# <colnr> <probs for GDERKNQSTAVLIFYWHMCP>
#	G	D	E	R	K	N	Q	S	T	A	V	L	I	F	Y	W	H	M	C	P
0	0.01430	0.05335	0.01321	0.01272	0.12479	0.64191	0.03259	0.01594	0.03323	0.01091	0.00693	0.00817	0.00575	0.00418	0.00380	0.00110	0.00688	0.00292	0.00217	0.00515
1	0.78055	0.10804	0.00795	0.00566	0.00834	0.01016	0.00481	0.01224	0.00723	0.01759	0.00578	0.00674	0.00460	0.00382	0.00258	0.00124	0.00336	0.00225	0.00248	0.00460
2	0.00640	0.00480	0.00600	0.00561	0.00675	0.00468	0.00423	0.00952	0.10709	0.01674	0.73057	0.02920	0.03607	0.00816	0.00482	0.00132	0.00212	0.00718	0.00453	0.00423
3	0.00544	0.00447	0.00517	0.00573	0.04347	0.00396	0.00404	0.00661	0.00928	0.01145	0.06040	0.10493	0.57551	0.04621	0.00568	0.00158	0.00253	0.09614	0.00374	0.00364
4	0.01177	0.16245	0.24761	0.06940	0.08678	0.15904	0.01058	0.17826	0.01149	0.01457	0.00752	0.00872	0.00580	0.00414	0.00376	0.00118	0.00561	0.00309	0.00235	0.00589
5	0.00735	0.00636	0.00813	0.00748	0.00774	0.03275	0.00565	0.00809	0.00649	0.00921	0.00974	0.01748	0.01024	0.31875	0.23525	0.00388	0.29494	0.00469	0.00219	0.00360
6	0.00568	0.00396	0.00479	0.00518	0.00543	0.00383	0.00334	0.00618	0.00728	0.00962	0.03763	0.30782	0.06996	0.43814	0.01331	0.00286	0.00330	0.06550	0.00319	0.00299
7	0.01920	0.06783	0.18993	0.02543	0.03005	0.07212	0.06654	0.01024	0.00790	0.01068	0.00989	0.01519	0.02460	0.17928	0.15741	0.02281	0.06580	0.01851	0.00215	0.00444
8	0.00922	0.08200	0.27481	0.04944	0.03624	0.03287	0.09044	0.03024	0.00912	0.01314	0.00742	0.00892	0.00580	0.00358	0.00363	0.00102	0.00489	0.00301	0.00213	0.33210
9	0.00804	0.00780	0.03084	0.00906	0.03714	0.04585	0.00704	0.01059	0.11522	0.01151	0.01457	0.23033	0.05301	0.00977	0.04981	0.00189	0.30127	0.04884	0.00291	0.00450
10	0.00526	0.00384	0.00498	0.00560	0.00609	0.00360	0.00389	0.00621	0.00848	0.01130	0.11865	0.57523	0.11329	0.04168	0.04762	0.00195	0.00286	0.03221	0.00381	0.00345
11	0.00804	0.03280	0.07965	0.02832	0.07880	0.03754	0.07041	0.03306	0.08639	0.02138	0.03420	0.16328	0.18120	0.05532	0.00570	0.00152	0.02833	0.00636	0.00309	0.04462

[dist]
# distance from previous block
# <min> <max>
0	21

[block]
# block no. 7 follows, 64 sequences, length 40
# corresponding to MSA columns:
# 387-426
name=unknown_H
#
# <colnr> <probs for GDERKNQSTAVLIFYWHMCP>
#	G	D	E	R	K	N	Q	S	T	A	V	L	I	F	Y	W	H	M	C	P
0	0.01098	0.11349	0.04627	0.05868	0.08706	0.09486	0.04197	0.20342	0.03350	0.02435	0.01398	0.01465	0.13877	0.00572	0.01719	0.00128	0.01305	0.00426	0.03206	0.04445
1	0.02998	0.03697	0.19900	0.11330	0.13546	0.07709	0.09632	0.11215	0.07301	0.03954	0.00869	0.01016	0.00655	0.00427	0.00432	0.00129	0.02803	0.00361	0.00250	0.01778
2	0.02395	0.16504	0.28817	0.01488	0.24958	0.08307	0.04619	0.04162	0.00952	0.01290	0.00723	0.00884	0.00576	0.00392	0.00398	0.00121	0.02301	0.00317	0.00199	0.00596
3	0.00716	0.00364	0.00546	0.00546	0.00549	0.00367	0.00367	0.00549	0.00546	0.00731	0.00738	0.01278	0.00735	0.01512	0.05001	0.84327	0.00392	0.00364	0.00182	0.00188
4	0.01076	0.70348	0.15219	0.00795	0.01189	0.03347	0.00846	0.01264	0.00857	0.01033	0.00606	0.00702	0.00532	0.00363	0.00290	0.00096	0.00478	0.00237	0.00178	0.00545
5	0.00574	0.00421	0.00536	0.00519	0.00613	0.00386	0.00385	0.00747	0.01105	0.01533	0.64760	0.08640	0.12205	0.03329	0.00541	0.00143	0.00211	0.02536	0.00437	0.00380
6	0.00527	0.00380	0.00502	0.00594	0.00627	0.00360	0.00407	0.00630	0.02607	0.01085	0.02271	0.78938	0.02695	0.01277	0.00530	0.00169	0.00251	0.05417	0.00386	0.00347
7	0.00508	0.00421	0.00444	0.00438	0.00571	0.00358	0.00329	0.00628	0.00986	0.01215	0.17675	0.03844	0.69117	0.01017	0.00491	0.00139	0.00208	0.00855	0.00398	0.00358
8	0.85734	0.00800	0.00621	0.00552	0.00811	0.00922	0.00455	0.01245	0.00721	0.04308	0.00610	0.00697	0.00467	0.00389	0.00262	0.00129	0.00322	0.00231	0.00265	0.00458
9	0.00909	0.00909	0.01272	0.01091	0.01091	0.01272	0.00909	0.01000	0.00636	0.01000	0.00545	0.00909	0.00545	0.00727	0.01363	0.00182	0.84642	0.00364	0.00182	0.00454
10	0.00605	0.00430	0.00549	0.00607	0.00661	0.00422	0.00454	0.00720	0.02063	0.01067	0.02049	0.23892	0.06403	0.26708	0.01023	0.00246	0.00344	0.31077	0.00344	0.00334
11	0.00524	0.00378	0.00516	0.00590	0.00626	0.00370	0.00407	0.00615	0.00795	0.01077	0.06311	0.67374	0.02533	0.01570	0.13939	0.00247	0.00379	0.01040	0.00363	0.00346
12	0.88336	0.00803	0.00611	0.00546	0.00803	0.00932	0.00450	0.01221	0.00707	0.01864	0.00578	0.00675	0.00450	0.00386	0.00257	0.00129	0.00321	0.00225	0.00257	0.00450
13	0.00560	0.00415	0.00524	0.00527	0.00619	0.00379	0.00392	0.00717	0.01054	0.01436	0.49678	0.18232	0.17829	0.00983	0.00502	0.00142	0.00216	0.04994	0.00427	0.00374
14	0.01097	0.72009	0.02098	0.01007	0.14239	0.01538	0.00802	0.01249	0.00860	0.01038	0.00610	0.00725	0.00553	0.00358	0.00290	0.00094	0.00452	0.00246	0.00182	0.00553
15	0.00901	0.00881	0.01206	0.01014	0.01073	0.01156	0.00842	0.01007	0.00672	0.01057	0.00576	0.00901	0.00557	0.00659	0.01193	0.00162	0.71052	0.00345	0.00192	0.14552
16	0.00839	0.00535	0.00698	0.00621	0.00734	0.00562	0.00488	0.01012	0.01040	0.12589	0.44715	0.02301	0.03937	0.00732	0.00591	0.00134	0.13825	0.00591	0.13612	0.00443
17	0.69746	0.14471	0.00881	0.00583	0.00859	0.01030	0.00500	0.01267	0.00754	0.05981	0.00634	0.00712	0.00494	0.00387	0.00267	0.00122	0.00343	0.00235	0.00258	0.00477
18	0.00903	0.01108	0.14465	0.01093	0.01204	0.01210	0.00996	0.01114	0.04945	0.01089	0.00638	0.00937	0.00580	0.00665	0.01158	0.00172	0.66680	0.00360	0.00193	0.00491
19	0.01011	0.01043	0.01421	0.36424	0.36354	0.14295	0.01148	0.01248	0.00935	0.01179	0.00741	0.01016	0.00595	0.00398	0.00407	0.00127	0.00560	0.00353	0.00198	0.00548
20	0.00610	0.00472	0.00676	0.00674	0.00726	0.00551	0.00510	0.00727	0.00679	0.00968	0.01266	0.15118	0.01310	0.10183	0.54947	0.00516	0.08885	0.00570	0.00248	0.00362
21	0.74236	0.01020	0.13927	0.00649	0.00964	0.00937	0.00625	0.01236	0.00734	0.01775	0.00605	0.00707	0.00462	0.00387	0.00279	0.00129	0.00368	0.00238	0.00244	0.00476
22	0.00889	0.00763	0.00874	0.00652	0.01000	0.00631	0.00519	0.01233	0.13946	0.01415	0.00892	0.00972	0.00720	0.00349	0.00326	0.00074	0.00311	0.00282	0.00275	0.73876
23	0.02652	0.14218	0.03529	0.11131	0.05633	0.42157	0.04848	0.06493	0.01082	0.01170	0.00682	0.00835	0.00558	0.00420	0.00400	0.00115	0.03046	0.00299	0.00216	0.00516
24	0.00941	0.14565	0.01418	0.01029	0.01087	0.01332	0.00877	0.01039	0.00670	0.00996	0.00550	0.00870	0.00543	0.00667	0.01186	0.00167	0.71074	0.00341	0.00181	0.00467
25	0.00713	0.00604	0.03725	0.00609	0.00733	0.00565	0.00459	0.04083	0.00748	0.01056	0.01236	0.01998	0.05385	0.39125	0.15084	0.00333	0.06402	0.00489	0.00252	0.16400
26	0.01385	0.01062	0.07326	0.00896	0.01214	0.01053	0.00768	0.33649	0.29448	0.16686	0.01333	0.01254	0.00945	0.00516	0.00417	0.00131	0.00406	0.00410	0.00417	0.00683
27	0.00636	0.00466	0.00623	0.00697	0.00800	0.00453	0.00598	0.00814	0.00966	0.01246	0.06739	0.04492	0.15403	0.01116	0.00556	0.00180	0.00345	0.63106	0.00387	0.00378
28	0.01013	0.00851	0.02976	0.13723	0.42503	0.00848	0.01015	0.06260	0.00989	0.09143	0.01130	0.15568	0.01039	0.00559	0.00433	0.00134	0.00445	0.00513	0.00276	0.00581
29	0.00920	0.11600	0.38697	0.14665	0.06680	0.01031	0.12378	0.01291	0.02259	0.03714	0.02483	0.01005	0.00652	0.00401	0.00400	0.00128	0.00567	0.00351	0.00204	0.00574
30	0.01112	0.01147	0.01604	0.02311	0.69673	0.14321	0.01199	0.01337	0.00983	0.01302	0.00759	0.00983	0.00638	0.00379	0.00405	0.00121	0.00535	0.00354	0.00207	0.00630
31	0.00781	0.00801	0.01622	0.01257	0.01511	0.00750	0.47244	0.01014	0.00902	0.01217	0.01450	0.36481	0.01521	0.00751	0.00507	0.00152	0.00507	0.00781	0.00284	0.00466
32	0.00842	0.00950	0.05396	0.00883	0.04715	0.18322	0.07936	0.02002	0.02754	0.01168	0.04013	0.21636	0.24980	0.00820	0.00475	0.00139	0.01515	0.00704	0.00314	0.00436
33	0.00951	0.01324	0.18471	0.01638	0.02097	0.01033	0.65487	0.01328	0.00960	0.01328	0.00822	0.01072	0.00610	0.00359	0.00471	0.00138	0.00683	0.00454	0.00203	0.00571
34	0.00688	0.00465	0.00600	0.00623	0.00743	0.00433	0.00512	0.00853	0.01010	0.07124	0.19458	0.07373	0.21542	0.01024	0.00524	0.00161	0.00295	0.35765	0.00408	0.00398
35	0.01350	0.38619	0.01613	0.00907	0.01185	0.45042	0.00760	0.02835	0.02335	0.01038	0.00636	0.00730	0.00549	0.00400	0.00329	0.00100	0.00604	0.00253	0.00205	0.00511
