[name]
unknown

[dist]
# distance from previous block
# <min> <max>
0	84

[block]
# block no. 0 follows, 73 sequences, length 7
# corresponding to MSA columns:
# 84-90
name=unknown_A
#
# <colnr> <probs for GDERKNQSTAVLIFYWHMCP>
#	G	D	E	R	K	N	Q	S	T	A	V	L	I	F	Y	W	H	M	C	P
0	0.00857	0.00727	0.01070	0.14505	0.06326	0.03112	0.13718	0.07943	0.10739	0.06256	0.05541	0.10291	0.05596	0.00583	0.00414	0.00127	0.00397	0.08237	0.00292	0.03268
1	0.11680	0.00634	0.00853	0.02509	0.00903	0.02188	0.13530	0.06001	0.06348	0.06657	0.09699	0.06940	0.05907	0.23611	0.00795	0.00187	0.00364	0.00504	0.00288	0.00400
2	0.00838	0.00664	0.00878	0.18100	0.03192	0.02197	0.05579	0.09135	0.15055	0.06561	0.08158	0.05229	0.11630	0.05790	0.00485	0.00136	0.00353	0.00487	0.05078	0.00455
3	0.00832	0.00745	0.01143	0.60602	0.10627	0.00886	0.00978	0.10540	0.07703	0.01198	0.00768	0.01014	0.00579	0.00391	0.00375	0.00122	0.00468	0.00341	0.00210	0.00475
4	0.11914	0.00615	0.00796	0.13146	0.02445	0.00669	0.05041	0.12599	0.02262	0.04112	0.01176	0.22689	0.01155	0.07600	0.00525	0.00145	0.02833	0.00530	0.09333	0.00415
5	0.04753	0.00390	0.00446	0.00454	0.00490	0.00390	0.00298	0.00608	0.00643	0.00893	0.06478	0.06038	0.07122	0.57084	0.03872	0.00300	0.00348	0.08861	0.00263	0.00268
6	0.01221	0.00867	0.01025	0.00892	0.05865	0.00960	0.00683	0.43248	0.08158	0.12625	0.01088	0.09707	0.00886	0.00548	0.00485	0.00124	0.10271	0.00423	0.00349	0.00572

[dist]
# distance from previous block
# <min> <max>
2	5

[block]
# block no. 1 follows, 73 sequences, length 70
# corresponding to MSA columns:
# 96-165
name=unknown_B
#
# <colnr> <probs for GDERKNQSTAVLIFYWHMCP>
#	G	D	E	R	K	N	Q	S	T	A	V	L	I	F	Y	W	H	M	C	P
0	0.03153	0.00746	0.02359	0.06270	0.03600	0.00732	0.00629	0.19523	0.07360	0.40024	0.08258	0.03544	0.01086	0.00495	0.00382	0.00118	0.00342	0.00406	0.00393	0.00580
1	0.02332	0.00692	0.00940	0.24400	0.12585	0.00780	0.00739	0.04191	0.24890	0.02579	0.06758	0.04465	0.05504	0.02701	0.01621	0.00136	0.01951	0.00439	0.01814	0.00483
2	0.01080	0.02433	0.00940	0.00765	0.02451	0.29285	0.00588	0.10905	0.02360	0.02575	0.03457	0.00843	0.00655	0.00360	0.00320	0.00082	0.00431	0.00265	0.00242	0.39964
3	0.00575	0.00465	0.00624	0.00620	0.00692	0.04333	0.00481	0.00708	0.00624	0.00873	0.00986	0.01438	0.00917	0.02703	0.81457	0.00580	0.00990	0.00395	0.00201	0.00340
4	0.01285	0.35413	0.10901	0.00719	0.01051	0.02163	0.00695	0.06576	0.00960	0.35330	0.00956	0.00920	0.00674	0.00393	0.00320	0.00102	0.00390	0.00291	0.00299	0.00563
5	0.01098	0.18293	0.08146	0.01277	0.21048	0.03594	0.12311	0.25973	0.01119	0.02556	0.00739	0.00853	0.00573	0.00369	0.00354	0.00108	0.00467	0.00317	0.00240	0.00565
6	0.00933	0.00806	0.00848	0.00764	0.00976	0.00933	0.00594	0.01994	0.83797	0.01569	0.01527	0.01400	0.01145	0.00509	0.00382	0.00127	0.00297	0.00424	0.00382	0.00594
7	0.00459	0.00395	0.00421	0.04748	0.00614	0.00344	0.00325	0.00563	0.00854	0.01021	0.05275	0.03461	0.78403	0.00917	0.00440	0.00126	0.00206	0.00766	0.00340	0.00323
8	0.05131	0.03867	0.01338	0.04245	0.52951	0.10633	0.01965	0.02463	0.02206	0.01215	0.00688	0.00867	0.00571	0.00340	0.00348	0.00104	0.00446	0.00304	0.00197	0.10121
9	0.01401	0.01788	0.01063	0.00967	0.01160	0.85309	0.00725	0.01498	0.01063	0.00918	0.00580	0.00677	0.00483	0.00387	0.00338	0.00097	0.00677	0.00242	0.00193	0.00435
10	0.00457	0.00328	0.00433	0.00518	0.00543	0.00305	0.00346	0.00523	0.00723	0.00960	0.02126	0.83770	0.05244	0.01168	0.00478	0.00151	0.00217	0.01057	0.00348	0.00305
11	0.00792	0.00696	0.01144	0.09094	0.45028	0.00701	0.03172	0.02375	0.00828	0.03590	0.01181	0.26011	0.02581	0.00599	0.00407	0.00125	0.00381	0.00560	0.00246	0.00489
12	0.00488	0.00362	0.00449	0.00476	0.00548	0.00329	0.00344	0.00603	0.00870	0.01165	0.29507	0.34885	0.22047	0.00970	0.00456	0.00135	0.00202	0.03929	0.01910	0.00326
13	0.01050	0.01073	0.00905	0.00757	0.01012	0.26890	0.00587	0.06032	0.23575	0.01287	0.00888	0.00923	0.00699	0.00384	0.00330	0.00091	0.00414	0.00290	0.00265	0.32548
14	0.01125	0.03659	0.03597	0.01653	0.48381	0.02969	0.00955	0.17896	0.01061	0.11385	0.00825	0.00941	0.00632	0.00377	0.00376	0.00111	0.01379	0.00330	0.00256	0.02093
15	0.04048	0.67663	0.08402	0.00696	0.01024	0.04390	0.00698	0.04864	0.03438	0.01024	0.00585	0.00659	0.00506	0.00339	0.00264	0.00088	0.00417	0.00221	0.00181	0.00494
16	0.01010	0.00801	0.00859	0.00759	0.00980	0.00910	0.00594	0.04681	0.74434	0.08267	0.01502	0.01373	0.01111	0.00503	0.00381	0.00126	0.00303	0.00418	0.00388	0.00599
17	0.00918	0.00880	0.01503	0.06369	0.80492	0.00889	0.01146	0.01142	0.00849	0.01213	0.00704	0.00932	0.00590	0.00336	0.00372	0.00112	0.00448	0.00334	0.00185	0.00586
18	0.00531	0.00383	0.00501	0.00472	0.00560	0.00354	0.00354	0.00708	0.01062	0.01504	0.84277	0.02802	0.03540	0.00767	0.00442	0.00118	0.00177	0.00678	0.00413	0.00354
19	0.00450	0.00374	0.00395	0.00410	0.00521	0.00319	0.00304	0.00544	0.00836	0.01009	0.03494	0.15581	0.69936	0.00985	0.00451	0.00132	0.00199	0.03396	0.00348	0.00316
20	0.00515	0.00380	0.00467	0.00468	0.00524	0.00385	0.00325	0.00587	0.00657	0.00867	0.03522	0.03857	0.22375	0.34418	0.28640	0.00373	0.00522	0.00573	0.00255	0.00289
21	0.00886	0.01012	0.02214	0.01581	0.01961	0.00949	0.83112	0.01202	0.00886	0.01202	0.00759	0.01012	0.00569	0.00316	0.00443	0.00127	0.00633	0.00443	0.00190	0.00506
22	0.89465	0.00726	0.00551	0.00493	0.00726	0.00842	0.00406	0.01103	0.00638	0.01683	0.00522	0.00609	0.00406	0.00348	0.00232	0.00116	0.00290	0.00203	0.00232	0.00406
23	0.00546	0.00364	0.00409	0.00409	0.00409	0.00364	0.00227	0.00546	0.00546	0.00727	0.01182	0.02455	0.01364	0.86815	0.01910	0.00364	0.00364	0.00546	0.00227	0.00227
24	0.00933	0.00806	0.00848	0.00764	0.00976	0.00933	0.00594	0.01994	0.83797	0.01569	0.01527	0.01400	0.01145	0.00509	0.00382	0.00127	0.00297	0.00424	0.00382	0.00594
25	0.89465	0.00726	0.00551	0.00493	0.00726	0.00842	0.00406	0.01103	0.00638	0.01683	0.00522	0.00609	0.00406	0.00348	0.00232	0.00116	0.00290	0.00203	0.00232	0.00406
26	0.00893	0.00856	0.01459	0.15663	0.71390	0.00882	0.01134	0.01121	0.00838	0.01183	0.00699	0.00940	0.00579	0.00341	0.00372	0.00114	0.00454	0.00334	0.00183	0.00566
27	0.00886	0.01012	0.02214	0.01581	0.01961	0.00949	0.83112	0.01202	0.00886	0.01202	0.00759	0.01012	0.00569	0.00316	0.00443	0.00127	0.00633	0.00443	0.00190	0.00506
28	0.25314	0.00662	0.00785	0.00621	0.00895	0.00630	0.00512	0.01633	0.00957	0.62377	0.01222	0.01097	0.00788	0.00433	0.00338	0.00116	0.00311	0.00330	0.00402	0.00576
29	0.00988	0.00833	0.00879	0.00775	0.00996	0.00959	0.00607	0.10957	0.74744	0.01657	0.01458	0.01345	0.01089	0.00503	0.00381	0.00126	0.00310	0.00415	0.00381	0.00599
30	0.00546	0.00364	0.00409	0.00409	0.00409	0.00364	0.00227	0.00546	0.00546	0.00727	0.01182	0.02455	0.01364	0.86815	0.01910	0.00364	0.00364	0.00546	0.00227	0.00227
31	0.00821	0.00821	0.01149	0.00985	0.00985	0.01149	0.00821	0.00903	0.00575	0.00903	0.00492	0.00821	0.00492	0.00657	0.01231	0.00164	0.86128	0.00328	0.00164	0.00410
32	0.01655	0.00683	0.00898	0.00689	0.00980	0.00618	0.00569	0.10693	0.01149	0.75764	0.01417	0.01236	0.00897	0.00463	0.00377	0.00116	0.00329	0.00373	0.00455	0.00638
33	0.00899	0.06395	0.26017	0.01535	0.27417	0.02131	0.21885	0.02954	0.03664	0.02445	0.00740	0.00907	0.00569	0.00346	0.00377	0.00116	0.00518	0.00339	0.00192	0.00553
34	0.00677	0.00703	0.01299	0.01001	0.01236	0.01861	0.40990	0.00876	0.00852	0.01096	0.01994	0.15014	0.29409	0.00665	0.00447	0.00130	0.00419	0.00654	0.00268	0.00410
35	0.01556	0.00842	0.00997	0.00764	0.01059	0.00854	0.00631	0.42055	0.01415	0.44026	0.01194	0.01091	0.00785	0.00457	0.00376	0.00114	0.00366	0.00358	0.00420	0.00638
36	0.00595	0.00569	0.00979	0.00806	0.00986	0.00519	0.26147	0.00758	0.00837	0.01068	0.02366	0.20236	0.35469	0.00806	0.00456	0.00135	0.00344	0.06251	0.00299	0.00375
37	0.01093	0.24369	0.31725	0.00957	0.08908	0.00950	0.00934	0.01344	0.00868	0.24145	0.00858	0.00887	0.00613	0.00375	0.00332	0.00107	0.00438	0.00289	0.00246	0.00562
38	0.00536	0.00402	0.00603	0.00603	0.00670	0.00469	0.00469	0.00670	0.00603	0.00871	0.01005	0.01474	0.00938	0.02814	0.85328	0.00603	0.01005	0.00402	0.00201	0.00335
39	0.84289	0.00788	0.00581	0.00521	0.00751	0.05806	0.00425	0.01126	0.00663	0.01638	0.00526	0.00613	0.00411	0.00351	0.00238	0.00115	0.00313	0.00205	0.00230	0.00408
40	0.00933	0.00806	0.00848	0.00764	0.00976	0.00933	0.00594	0.01994	0.83797	0.01569	0.01527	0.01400	0.01145	0.00509	0.00382	0.00127	0.00297	0.00424	0.00382	0.00594
41	0.01145	0.07272	0.01520	0.01368	0.17608	0.40678	0.22679	0.01326	0.00955	0.01051	0.00648	0.00810	0.00528	0.00353	0.00366	0.00106	0.00601	0.00310	0.00189	0.00488
42	0.00496	0.00380	0.00454	0.00440	0.00540	0.00338	0.00328	0.00638	0.00973	0.01302	0.51445	0.06325	0.33279	0.00850	0.00444	0.00123	0.00183	0.00735	0.00387	0.00338
43	0.00531	0.00383	0.00501	0.00472	0.00560	0.00354	0.00354	0.00708	0.01062	0.01504	0.84277	0.02802	0.03540	0.00767	0.00442	0.00118	0.00177	0.00678	0.00413	0.00354
44	0.89465	0.00726	0.00551	0.00493	0.00726	0.00842	0.00406	0.01103	0.00638	0.01683	0.00522	0.00609	0.00406	0.00348	0.00232	0.00116	0.00290	0.00203	0.00232	0.00406
45	0.89465	0.00726	0.00551	0.00493	0.00726	0.00842	0.00406	0.01103	0.00638	0.01683	0.00522	0.00609	0.00406	0.00348	0.00232	0.00116	0.00290	0.00203	0.00232	0.00406
46	0.00838	0.00721	0.00759	0.00690	0.00884	0.00811	0.00534	0.01709	0.67256	0.01474	0.04565	0.01815	0.15145	0.00591	0.00394	0.00127	0.00275	0.00494	0.00377	0.00540
47	0.01401	0.01788	0.01063	0.00967	0.01160	0.85309	0.00725	0.01498	0.01063	0.00918	0.00580	0.00677	0.00483	0.00387	0.00338	0.00097	0.00677	0.00242	0.00193	0.00435
48	0.00778	0.00667	0.00778	0.00556	0.00889	0.00500	0.00445	0.00945	0.00778	0.01223	0.00667	0.00778	0.00556	0.00278	0.00278	0.00056	0.00278	0.00222	0.00222	0.89108
49	0.00907	0.00869	0.01484	0.10480	0.76466	0.00886	0.01141	0.01133	0.00844	0.01200	0.00702	0.00936	0.00585	0.00338	0.00372	0.00113	0.00451	0.00334	0.00184	0.00577
50	0.00921	0.00884	0.01509	0.05125	0.81710	0.00889	0.01148	0.01145	0.00851	0.01217	0.00704	0.00931	0.00591	0.00336	0.00372	0.00112	0.00448	0.00334	0.00185	0.00588
51	0.01683	0.00638	0.00871	0.00668	0.00958	0.00551	0.00551	0.01828	0.01074	0.84734	0.01480	0.01277	0.00929	0.00464	0.00377	0.00116	0.00319	0.00377	0.00464	0.00638
52	0.89465	0.00726	0.00551	0.00493	0.00726	0.00842	0.00406	0.01103	0.00638	0.01683	0.00522	0.00609	0.00406	0.00348	0.00232	0.00116	0.00290	0.00203	0.00232	0.00406
53	0.00915	0.01004	0.04106	0.01408	0.01764	0.00946	0.64997	0.07034	0.09377	0.01316	0.00911	0.01095	0.02457	0.00360	0.00430	0.00125	0.00571	0.00437	0.00225	0.00521
54	0.00794	0.00795	0.09234	0.00755	0.01898	0.00752	0.01549	0.03126	0.46778	0.01402	0.07151	0.15127	0.02846	0.00650	0.00408	0.00132	0.00311	0.05434	0.00349	0.00508
55	0.00821	0.00821	0.01149	0.00985	0.00985	0.01149	0.00821	0.00903	0.00575	0.00903	0.00492	0.00821	0.00492	0.00657	0.01231	0.00164	0.86128	0.00328	0.00164	0.00410
56	0.00471	0.00343	0.00474	0.00548	0.00579	0.00321	0.01882	0.00545	0.00727	0.00968	0.02041	0.81876	0.02434	0.01154	0.00480	0.00153	0.00230	0.04119	0.00345	0.00310
57	0.60596	0.24739	0.05049	0.00563	0.00835	0.01021	0.00519	0.01113	0.00680	0.01437	0.00530	0.00616	0.00431	0.00341	0.00241	0.00106	0.00334	0.00206	0.00209	0.00434
58	0.00789	0.00787	0.01472	0.24121	0.25279	0.00809	0.26109	0.01025	0.00817	0.01109	0.00908	0.13306	0.00833	0.00461	0.00410	0.00126	0.00485	0.00473	0.00205	0.00478
59	0.00778	0.00667	0.00778	0.00556	0.00889	0.00500	0.00445	0.00945	0.00778	0.01223	0.00667	0.00778	0.00556	0.00278	0.00278	0.00056	0.00278	0.00222	0.00222	0.89108
60	0.00524	0.00383	0.00492	0.00465	0.00556	0.00351	0.00348	0.00694	0.01045	0.01465	0.77747	0.02868	0.10094	0.00782	0.00443	0.00119	0.00178	0.00688	0.00408	0.00351
61	0.00545	0.00367	0.00427	0.00427	0.00434	0.00374	0.00250	0.00557	0.00551	0.00741	0.01165	0.02363	0.01324	0.78890	0.09780	0.00386	0.00424	0.00532	0.00225	0.00237
62	0.22870	0.00685	0.00823	0.00680	0.03259	0.00659	0.00541	0.05314	0.00994	0.58586	0.01201	0.01089	0.00780	0.00432	0.00342	0.00116	0.00320	0.00332	0.00396	0.00581
63	0.01220	0.01053	0.01003	0.00837	0.01086	0.12811	0.00666	0.38435	0.35381	0.01836	0.01113	0.01075	0.00825	0.00466	0.00373	0.00116	0.00402	0.00360	0.00353	0.00592
64	0.00523	0.00377	0.00495	0.00477	0.00559	0.00349	0.00353	0.00688	0.01026	0.01447	0.75626	0.11618	0.03429	0.00810	0.00446	0.00122	0.00181	0.00719	0.00406	0.00349
65	0.03093	0.00886	0.11831	0.09694	0.20623	0.00731	0.00851	0.04864	0.00974	0.41027	0.01071	0.01076	0.00727	0.00408	0.00370	0.00116	0.00400	0.00345	0.00322	0.00590
66	0.00835	0.29905	0.57627	0.00929	0.01407	0.01073	0.01142	0.01167	0.00782	0.01088	0.00623	0.00730	0.00477	0.00345	0.00318	0.00106	0.00504	0.00252	0.00159	0.00530
67	0.03771	0.00617	0.00832	0.00653	0.00920	0.00549	0.00536	0.01701	0.01020	0.74496	0.01414	0.01278	0.00917	0.00649	0.07186	0.00155	0.00371	0.00374	0.01959	0.00603
68	0.00606	0.00465	0.00571	0.02156	0.02068	0.00449	0.00468	0.07302	0.00970	0.01259	0.18955	0.03346	0.31223	0.00881	0.00460	0.00139	0.00267	0.27692	0.00356	0.00366
69	0.00994	0.00884	0.04560	0.09729	0.60101	0.01858	0.02114	0.01216	0.00871	0.11607	0.00816	0.02164	0.00647	0.00367	0.00374	0.00114	0.00441	0.00348	0.00220	0.00575

[dist]
# distance from previous block
# <min> <max>
0	3

[block]
# block no. 2 follows, 73 sequences, length 70
# corresponding to MSA columns:
# 169-238
name=unknown_C
#
# <colnr> <probs for GDERKNQSTAVLIFYWHMCP>
#	G	D	E	R	K	N	Q	S	T	A	V	L	I	F	Y	W	H	M	C	P
0	0.00895	0.01683	0.53891	0.01132	0.01590	0.12173	0.16608	0.02354	0.00869	0.03340	0.01622	0.00854	0.00542	0.00362	0.00372	0.00117	0.00573	0.00311	0.00183	0.00530
1	0.00997	0.00785	0.00846	0.00751	0.00969	0.00890	0.00587	0.01962	0.75069	0.09260	0.02600	0.01407	0.01156	0.00508	0.00382	0.00126	0.00297	0.00423	0.00390	0.00595
2	0.74998	0.00900	0.00635	0.00571	0.00797	0.14718	0.00459	0.01168	0.00708	0.01558	0.00532	0.00620	0.00419	0.00355	0.00250	0.00113	0.00354	0.00209	0.00226	0.00411
3	0.01533	0.00634	0.00843	0.00643	0.00933	0.00539	0.00529	0.01682	0.01026	0.71105	0.01364	0.01214	0.00880	0.00439	0.00361	0.00107	0.00309	0.00356	0.03039	0.12466
4	0.01037	0.14593	0.01072	0.00774	0.01009	0.09760	0.00626	0.09074	0.54749	0.01464	0.01214	0.01154	0.00926	0.00461	0.00354	0.00115	0.00363	0.00362	0.00327	0.00564
5	0.01469	0.00593	0.00790	0.00621	0.00881	0.00512	0.00508	0.01609	0.01044	0.70047	0.05259	0.01653	0.12195	0.00542	0.00389	0.00118	0.00296	0.00445	0.00447	0.00584
6	0.01080	0.00849	0.00915	0.00765	0.00996	0.00949	0.00610	0.34803	0.39420	0.01884	0.12344	0.01385	0.01260	0.00520	0.00387	0.00120	0.00328	0.00423	0.00383	0.00580
7	0.74050	0.00710	0.00607	0.00524	0.00766	0.00791	0.00432	0.01230	0.00715	0.16267	0.00691	0.00727	0.00498	0.00369	0.00258	0.00116	0.00295	0.00234	0.00273	0.00447
8	0.00455	0.00381	0.00396	0.00392	0.00514	0.00322	0.00294	0.00561	0.00883	0.01079	0.14567	0.03503	0.73515	0.00926	0.00443	0.00126	0.00188	0.00777	0.00357	0.00322
9	0.00546	0.00364	0.00409	0.00409	0.00409	0.00364	0.00227	0.00546	0.00546	0.00727	0.01182	0.02455	0.01364	0.86815	0.01910	0.00364	0.00364	0.00546	0.00227	0.00227
10	0.00578	0.00440	0.00539	0.00504	0.00612	0.00429	0.00381	0.00867	0.12115	0.01476	0.67113	0.02676	0.09335	0.00746	0.00434	0.00120	0.00194	0.00653	0.00404	0.00383
11	0.00778	0.00667	0.00778	0.00556	0.00889	0.00500	0.00445	0.00945	0.00778	0.01223	0.00667	0.00778	0.00556	0.00278	0.00278	0.00056	0.00278	0.00222	0.00222	0.89108
12	0.00778	0.00667	0.00778	0.00556	0.00889	0.00500	0.00445	0.00945	0.00778	0.01223	0.00667	0.00778	0.00556	0.00278	0.00278	0.00056	0.00278	0.00222	0.00222	0.89108
13	0.00946	0.00741	0.00856	0.00630	0.00946	0.00644	0.00509	0.16193	0.01926	0.05648	0.00757	0.00834	0.00595	0.00330	0.00322	0.00072	0.02114	0.00256	0.00263	0.65418
14	0.00467	0.00371	0.00409	0.00418	0.00513	0.00324	0.00301	0.00563	0.00843	0.01060	0.15796	0.15708	0.53400	0.07456	0.00560	0.00147	0.00205	0.00796	0.00349	0.00314
15	0.01683	0.00638	0.00871	0.00668	0.00958	0.00551	0.00551	0.01828	0.01074	0.84734	0.01480	0.01277	0.00929	0.00464	0.00377	0.00116	0.00319	0.00377	0.00464	0.00638
16	0.03685	0.00640	0.00863	0.00664	0.00952	0.00558	0.00548	0.01812	0.01064	0.82840	0.01458	0.01262	0.00917	0.00462	0.00374	0.00116	0.00319	0.00373	0.00459	0.00633
17	0.09889	0.00852	0.01080	0.01049	0.16992	0.03728	0.04018	0.21141	0.01126	0.28265	0.00978	0.00986	0.00686	0.00402	0.00355	0.00110	0.00385	0.00329	0.00328	0.07303
18	0.01626	0.00824	0.00916	0.00722	0.01000	0.11937	0.00587	0.07975	0.01125	0.67256	0.01316	0.01168	0.00847	0.00453	0.00372	0.00113	0.00374	0.00356	0.00421	0.00611
19	0.00445	0.00380	0.00382	0.00382	0.00508	0.00317	0.00286	0.00542	0.00859	0.01023	0.05308	0.03595	0.82810	0.00947	0.00443	0.00127	0.00190	0.00790	0.00350	0.00317
20	0.00834	0.01278	0.36122	0.12923	0.26598	0.00849	0.07171	0.01151	0.00824	0.03976	0.00771	0.01038	0.00607	0.00382	0.00377	0.00120	0.00503	0.03747	0.00188	0.00538
21	0.00877	0.01766	0.73633	0.01016	0.01535	0.00829	0.01274	0.01274	0.00830	0.12366	0.00781	0.00857	0.00536	0.00371	0.00359	0.00118	0.00523	0.00291	0.00199	0.00566
22	0.03385	0.00607	0.00798	0.00624	0.00886	0.00538	0.00512	0.02725	0.01035	0.70795	0.01418	0.01274	0.00918	0.00458	0.00359	0.00112	0.00301	0.00369	0.12290	0.00595
23	0.00453	0.00380	0.00393	0.00390	0.00512	0.00321	0.00292	0.00556	0.00877	0.01065	0.12217	0.03526	0.75874	0.00931	0.00443	0.00126	0.00189	0.00780	0.00355	0.00321
24	0.00851	0.04349	0.69890	0.01000	0.01501	0.00859	0.01240	0.02982	0.02722	0.08257	0.00789	0.02552	0.00572	0.00386	0.00358	0.00118	0.00514	0.00304	0.00198	0.00557
25	0.01570	0.00693	0.00970	0.00896	0.12141	0.00627	0.00640	0.05726	0.01078	0.69526	0.01348	0.01212	0.00870	0.00446	0.00376	0.00115	0.00341	0.00370	0.00423	0.00633
26	0.12623	0.01766	0.72483	0.00999	0.01508	0.00868	0.02350	0.01177	0.00773	0.01255	0.00654	0.00771	0.00467	0.00355	0.00341	0.00119	0.00520	0.00270	0.00169	0.00534
27	0.00469	0.00378	0.00418	0.00424	0.00532	0.00328	0.00318	0.00580	0.00884	0.01109	0.19208	0.10569	0.58060	0.00938	0.00450	0.00129	0.00197	0.04325	0.00361	0.00324
28	0.01792	0.02973	0.03965	0.00597	0.00934	0.00580	0.00503	0.05331	0.00840	0.04602	0.00706	0.00798	0.00568	0.00299	0.00288	0.00065	0.00300	0.00236	0.00236	0.74385
29	0.00457	0.00326	0.00435	0.00522	0.00544	0.00305	0.00348	0.00522	0.00718	0.00958	0.02068	0.86570	0.02481	0.01175	0.00479	0.00152	0.00218	0.01067	0.00348	0.00305
30	0.01357	0.00567	0.00763	0.00610	0.00844	0.00495	0.00494	0.01508	0.01064	0.61325	0.22299	0.01730	0.04126	0.00555	0.00396	0.00117	0.00280	0.00465	0.00448	0.00557
31	0.00531	0.00383	0.00501	0.00472	0.00560	0.00354	0.00354	0.00708	0.01062	0.01504	0.84277	0.02802	0.03540	0.00767	0.00442	0.00118	0.00177	0.00678	0.00413	0.00354
32	0.01081	0.00473	0.00561	0.00479	0.00647	0.00443	0.00380	0.03106	0.00916	0.32381	0.01312	0.01342	0.00942	0.00448	0.00308	0.00099	0.00234	0.00360	0.54026	0.00464
33	0.00447	0.00380	0.00385	0.00384	0.00509	0.00318	0.00288	0.00545	0.00863	0.01032	0.06908	0.03579	0.81203	0.00943	0.00443	0.00126	0.00190	0.00787	0.00351	0.00318
34	0.00941	0.00810	0.00853	0.00765	0.00979	0.00937	0.00596	0.03293	0.82484	0.01582	0.01517	0.01392	0.01137	0.00508	0.00382	0.00127	0.00299	0.00423	0.00382	0.00595
35	0.00752	0.01941	0.84871	0.01069	0.01624	0.00871	0.01386	0.01188	0.00792	0.01188	0.00673	0.00792	0.00475	0.00356	0.00356	0.00119	0.00554	0.00277	0.00158	0.00554
36	0.89465	0.00726	0.00551	0.00493	0.00726	0.00842	0.00406	0.01103	0.00638	0.01683	0.00522	0.00609	0.00406	0.00348	0.00232	0.00116	0.00290	0.00203	0.00232	0.00406
37	0.00445	0.00380	0.00382	0.00382	0.00508	0.00317	0.00286	0.00542	0.00859	0.01023	0.05404	0.03595	0.82713	0.00947	0.00443	0.00127	0.00190	0.00790	0.00350	0.00317
38	0.00778	0.00667	0.00778	0.00556	0.00889	0.00500	0.00445	0.00945	0.00778	0.01223	0.00667	0.00778	0.00556	0.00278	0.00278	0.00056	0.00278	0.00222	0.00222	0.89108
39	0.00886	0.01012	0.02214	0.01581	0.01961	0.00949	0.83112	0.01202	0.00886	0.01202	0.00759	0.01012	0.00569	0.00316	0.00443	0.00127	0.00633	0.00443	0.00190	0.00506
40	0.00863	0.00833	0.01275	0.08232	0.17468	0.01043	0.06073	0.03573	0.00709	0.02144	0.00609	0.01849	0.00551	0.00546	0.00897	0.00146	0.52198	0.00346	0.00183	0.00462
41	0.01003	0.87041	0.01966	0.00642	0.00963	0.01485	0.00642	0.01123	0.00762	0.00883	0.00522	0.00602	0.00481	0.00321	0.00241	0.00080	0.00401	0.00201	0.00160	0.00481
42	0.00615	0.00440	0.00608	0.00688	0.00776	0.00441	0.00597	0.02341	0.00875	0.01140	0.01969	0.07347	0.02143	0.01031	0.00514	0.00171	0.00342	0.77269	0.00346	0.00349
43	0.00507	0.00346	0.00437	0.00483	0.00534	0.00324	0.00338	0.00613	0.00810	0.01138	0.19533	0.51586	0.07065	0.00975	0.00441	0.00135	0.00204	0.02000	0.12209	0.00322
44	0.00647	0.00731	0.12118	0.36974	0.03365	0.00687	0.00850	0.00872	0.00696	0.00958	0.00811	0.01170	0.00683	0.01396	0.36061	0.00325	0.00718	0.00355	0.00180	0.00405
45	0.00469	0.00381	0.00416	0.00407	0.00523	0.00328	0.00305	0.00588	0.00916	0.01158	0.27444	0.03373	0.60589	0.00896	0.00443	0.00124	0.00186	0.00759	0.00367	0.00328
46	0.01408	0.00733	0.00883	0.00705	0.00964	0.02095	0.00572	0.16577	0.13493	0.47877	0.08319	0.01348	0.01120	0.00523	0.01498	0.00123	0.00336	0.00400	0.00424	0.00601
47	0.00933	0.07485	0.35626	0.01196	0.01609	0.16307	0.29152	0.01245	0.00871	0.01123	0.00675	0.00833	0.00509	0.00346	0.00375	0.00115	0.00593	0.00322	0.00176	0.00511
48	0.00591	0.00417	0.00537	0.00586	0.00688	0.00393	0.00489	0.00732	0.00858	0.04589	0.02498	0.10495	0.25972	0.00998	0.00487	0.00155	0.00289	0.48526	0.00352	0.00346
49	0.00459	0.00328	0.00437	0.00521	0.00544	0.00306	0.00348	0.00526	0.00725	0.00969	0.03718	0.84889	0.02503	0.01167	0.00478	0.00152	0.00217	0.01059	0.00350	0.00306
50	0.00916	0.00872	0.01506	0.09379	0.65820	0.00897	0.06850	0.01139	0.00838	0.02779	0.00710	0.00942	0.00586	0.00355	0.00420	0.00116	0.04781	0.00342	0.00189	0.00564
51	0.01096	0.03806	0.01016	0.00809	0.01053	0.02381	0.03522	0.32315	0.39325	0.01810	0.06590	0.01293	0.01072	0.00496	0.00382	0.00120	0.00355	0.01614	0.00363	0.00582
52	0.00886	0.01012	0.02214	0.01581	0.01961	0.00949	0.83112	0.01202	0.00886	0.01202	0.00759	0.01012	0.00569	0.00316	0.00443	0.00127	0.00633	0.00443	0.00190	0.00506
53	0.03935	0.22038	0.05879	0.00856	0.01147	0.21550	0.03422	0.31854	0.03374	0.01513	0.00719	0.00776	0.00558	0.00393	0.00331	0.00102	0.00482	0.00280	0.00257	0.00534
54	0.00929	0.00891	0.01523	0.02303	0.84475	0.00891	0.01151	0.01151	0.00854	0.01226	0.00706	0.00929	0.00594	0.00334	0.00371	0.00111	0.00446	0.00334	0.00186	0.00594
55	0.00948	0.00813	0.00857	0.00767	0.00981	0.00940	0.00597	0.04470	0.81295	0.01594	0.01508	0.01385	0.01130	0.00507	0.00382	0.00127	0.00300	0.00422	0.00382	0.00595
56	0.00709	0.00667	0.01125	0.85913	0.02584	0.00834	0.01042	0.00959	0.00750	0.00959	0.00667	0.01000	0.00500	0.00375	0.00375	0.00125	0.00500	0.00333	0.00167	0.00417
57	0.00466	0.00332	0.00441	0.00522	0.00547	0.00312	0.00352	0.00535	0.00724	0.00966	0.03766	0.79333	0.02454	0.04234	0.00531	0.00160	0.00226	0.03451	0.00345	0.00304
58	0.00517	0.00383	0.00483	0.00458	0.00552	0.00348	0.00343	0.00682	0.01030	0.01428	0.71814	0.02928	0.16050	0.00795	0.00443	0.00119	0.00179	0.00696	0.00403	0.00348
59	0.89465	0.00726	0.00551	0.00493	0.00726	0.00842	0.00406	0.01103	0.00638	0.01683	0.00522	0.00609	0.00406	0.00348	0.00232	0.00116	0.00290	0.00203	0.00232	0.00406
60	0.12643	0.00675	0.00748	0.00547	0.00867	0.00546	0.00439	0.00966	0.00759	0.01284	0.00648	0.00755	0.00536	0.00287	0.00272	0.00064	0.00280	0.00220	0.00224	0.77241
61	0.01401	0.01788	0.01063	0.00967	0.01160	0.85309	0.00725	0.01498	0.01063	0.00918	0.00580	0.00677	0.00483	0.00387	0.00338	0.00097	0.00677	0.00242	0.00193	0.00435
62	0.00712	0.00362	0.00363	0.00358	0.00449	0.00364	0.00270	0.02276	0.00803	0.01415	0.01218	0.01390	0.00956	0.00437	0.00264	0.00088	0.00179	0.00349	0.87391	0.00355
63	0.00778	0.00667	0.00778	0.00556	0.00889	0.00500	0.00445	0.00945	0.00778	0.01223	0.00667	0.00778	0.00556	0.00278	0.00278	0.00056	0.00278	0.00222	0.00222	0.89108
64	0.89465	0.00726	0.00551	0.00493	0.00726	0.00842	0.00406	0.01103	0.00638	0.01683	0.00522	0.00609	0.00406	0.00348	0.00232	0.00116	0.00290	0.00203	0.00232	0.00406
65	0.00450	0.00366	0.00399	0.00421	0.00519	0.00315	0.00304	0.00540	0.00826	0.01016	0.06179	0.25671	0.59680	0.01004	0.00453	0.00133	0.00197	0.00861	0.00351	0.00315
66	0.00458	0.00382	0.00401	0.00409	0.00529	0.00326	0.00311	0.00560	0.00858	0.01035	0.06104	0.06013	0.73696	0.00957	0.00450	0.00130	0.00201	0.06511	0.00350	0.00320
67	0.01462	0.01049	0.00964	0.00796	0.01051	0.24269	0.00632	0.15369	0.12254	0.36532	0.01139	0.01064	0.00785	0.00446	0.00367	0.00112	0.00431	0.00339	0.00363	0.00576
68	0.00778	0.00667	0.00778	0.00556	0.00889	0.00500	0.00445	0.00945	0.00778	0.01223	0.00667	0.00778	0.00556	0.00278	0.00278	0.00056	0.00278	0.00222	0.00222	0.89108
69	0.12329	0.12633	0.28314	0.05237	0.06825	0.04977	0.03546	0.07457	0.01694	0.08905	0.02084	0.01756	0.01899	0.00392	0.00336	0.00112	0.00449	0.00305	0.00228	0.00519

[dist]
# distance from previous block
# <min> <max>
0	1

[block]
# block no. 3 follows, 73 sequences, length 68
# corresponding to MSA columns:
# 240-307
name=unknown_D
#
# <colnr> <probs for GDERKNQSTAVLIFYWHMCP>
#	G	D	E	R	K	N	Q	S	T	A	V	L	I	F	Y	W	H	M	C	P
0	0.00906	0.00987	0.01695	0.19748	0.18270	0.09468	0.38494	0.01161	0.00859	0.01117	0.00703	0.00953	0.00548	0.00350	0.00427	0.00121	0.03141	0.00374	0.00184	0.00494
1	0.00616	0.00366	0.00425	0.00410	0.00498	0.00352	0.00308	0.00792	0.00924	0.01451	0.42498	0.02096	0.02243	0.00601	0.00352	0.00103	0.00176	0.00513	0.44924	0.00352
2	0.00814	0.00775	0.01317	0.45680	0.41989	0.00861	0.01095	0.01051	0.00800	0.01087	0.00686	0.00966	0.00545	0.00355	0.00373	0.00118	0.00474	0.00334	0.00176	0.00502
3	0.00455	0.00381	0.00396	0.00392	0.00514	0.00322	0.00294	0.00561	0.00883	0.01079	0.14566	0.03503	0.73516	0.00926	0.00443	0.00126	0.00188	0.00777	0.00357	0.00322
4	0.89465	0.00726	0.00551	0.00493	0.00726	0.00842	0.00406	0.01103	0.00638	0.01683	0.00522	0.00609	0.00406	0.00348	0.00232	0.00116	0.00290	0.00203	0.00232	0.00406
5	0.00443	0.00380	0.00380	0.00380	0.00507	0.00317	0.00285	0.00538	0.00855	0.01014	0.03801	0.03611	0.84322	0.00950	0.00443	0.00127	0.00190	0.00792	0.00348	0.00317
6	0.00750	0.00733	0.01439	0.01153	0.01391	0.00700	0.43410	0.00998	0.00875	0.01164	0.01350	0.02561	0.01334	0.00663	0.00479	0.00149	0.00494	0.39663	0.00265	0.00429
7	0.00778	0.00667	0.00778	0.00556	0.00889	0.00500	0.00445	0.00945	0.00778	0.01223	0.00667	0.00778	0.00556	0.00278	0.00278	0.00056	0.00278	0.00222	0.00222	0.89108
8	0.06946	0.00864	0.01029	0.00810	0.01077	0.00919	0.08014	0.36260	0.17855	0.03399	0.09332	0.01177	0.01006	0.00458	0.00370	0.00112	0.00363	0.00379	0.00341	0.09287
9	0.01108	0.00974	0.01172	0.05521	0.22041	0.08717	0.01770	0.32502	0.03263	0.01557	0.00832	0.01032	0.01626	0.06146	0.00568	0.00134	0.09885	0.00349	0.00265	0.00539
10	0.00443	0.00380	0.00380	0.00380	0.00507	0.00317	0.00285	0.00538	0.00855	0.01014	0.03801	0.03611	0.84322	0.00950	0.00443	0.00127	0.00190	0.00792	0.00348	0.00317
11	0.00675	0.00579	0.00757	0.00680	0.00680	0.00733	0.00507	0.00714	0.00559	0.00810	0.00858	0.01686	0.00954	0.46273	0.01590	0.00270	0.40720	0.00443	0.00198	0.00313
12	0.00923	0.00894	0.01538	0.02025	0.63568	0.00898	0.12338	0.02318	0.08058	0.01263	0.00807	0.02234	0.00667	0.00361	0.00384	0.00115	0.00455	0.00368	0.00208	0.00578
13	0.00809	0.00760	0.04652	0.30251	0.10830	0.00697	0.02868	0.02126	0.00803	0.03726	0.00702	0.00895	0.00550	0.00330	0.00334	0.00093	0.00397	0.00287	0.00205	0.38685
14	0.89465	0.00726	0.00551	0.00493	0.00726	0.00842	0.00406	0.01103	0.00638	0.01683	0.00522	0.00609	0.00406	0.00348	0.00232	0.00116	0.00290	0.00203	0.00232	0.00406
15	0.00859	0.00814	0.01331	0.17178	0.59796	0.02323	0.01031	0.01062	0.00808	0.01122	0.00744	0.01090	0.00652	0.09010	0.00526	0.00139	0.00451	0.00354	0.00187	0.00523
16	0.00473	0.00381	0.00420	0.00411	0.00525	0.00329	0.00308	0.00595	0.00924	0.01177	0.30552	0.03342	0.57469	0.00889	0.00443	0.00124	0.00186	0.00754	0.00370	0.00329
17	0.89465	0.00726	0.00551	0.00493	0.00726	0.00842	0.00406	0.01103	0.00638	0.01683	0.00522	0.00609	0.00406	0.00348	0.00232	0.00116	0.00290	0.00203	0.00232	0.00406
18	0.00460	0.00381	0.00404	0.00398	0.00517	0.00324	0.00298	0.00571	0.00895	0.01109	0.19434	0.03454	0.68630	0.00915	0.00443	0.00125	0.00188	0.00770	0.00361	0.00324
19	0.00509	0.00387	0.00471	0.00463	0.00564	0.00349	0.00356	0.00658	0.00973	0.01302	0.49111	0.03216	0.30422	0.00855	0.00450	0.00126	0.00198	0.08862	0.00385	0.00341
20	0.01426	0.01051	0.01126	0.00863	0.01163	0.01163	0.00713	0.83224	0.01764	0.02364	0.00901	0.00901	0.00638	0.00450	0.00375	0.00113	0.00413	0.00338	0.00375	0.00638
21	0.00827	0.00788	0.01340	0.40780	0.46789	0.00865	0.01101	0.01063	0.00806	0.01103	0.00688	0.00962	0.00551	0.00353	0.00373	0.00118	0.00471	0.00334	0.00177	0.00513
22	0.01426	0.01051	0.01126	0.00863	0.01163	0.01163	0.00713	0.83224	0.01764	0.02364	0.00901	0.00901	0.00638	0.00450	0.00375	0.00113	0.00413	0.00338	0.00375	0.00638
23	0.89465	0.00726	0.00551	0.00493	0.00726	0.00842	0.00406	0.01103	0.00638	0.01683	0.00522	0.00609	0.00406	0.00348	0.00232	0.00116	0.00290	0.00203	0.00232	0.00406
24	0.00933	0.00806	0.00848	0.00764	0.00976	0.00933	0.00594	0.01994	0.83797	0.01569	0.01527	0.01400	0.01145	0.00509	0.00382	0.00127	0.00297	0.00424	0.00382	0.00594
25	0.00457	0.00326	0.00435	0.00522	0.00544	0.00305	0.00348	0.00522	0.00718	0.00958	0.02068	0.86570	0.02481	0.01175	0.00479	0.00152	0.00218	0.01067	0.00348	0.00305
26	0.00933	0.00806	0.00848	0.00764	0.00976	0.00933	0.00594	0.01994	0.83797	0.01569	0.01527	0.01400	0.01145	0.00509	0.00382	0.00127	0.00297	0.00424	0.00382	0.00594
27	0.00536	0.00402	0.00603	0.00603	0.00670	0.00469	0.00469	0.00670	0.00603	0.00871	0.01005	0.01474	0.00938	0.02814	0.85328	0.00603	0.01005	0.00402	0.00201	0.00335
28	0.00752	0.01941	0.84871	0.01069	0.01624	0.00871	0.01386	0.01188	0.00792	0.01188	0.00673	0.00792	0.00475	0.00356	0.00356	0.00119	0.00554	0.00277	0.00158	0.00554
29	0.01683	0.00638	0.00871	0.00668	0.00958	0.00551	0.00551	0.01828	0.01074	0.84734	0.01480	0.01277	0.00929	0.00464	0.00377	0.00116	0.00319	0.00377	0.00464	0.00638
30	0.00531	0.00383	0.00501	0.00472	0.00560	0.00354	0.00354	0.00708	0.01062	0.01504	0.84277	0.02802	0.03540	0.00767	0.00442	0.00118	0.00177	0.00678	0.00413	0.00354
31	0.01232	0.05994	0.01556	0.01125	0.01436	0.17749	0.35164	0.08548	0.01035	0.21072	0.00893	0.00975	0.00638	0.00377	0.00389	0.00114	0.00535	0.00364	0.00270	0.00533
32	0.00886	0.01012	0.02214	0.01581	0.01961	0.00949	0.83112	0.01202	0.00886	0.01202	0.00759	0.01012	0.00569	0.00316	0.00443	0.00127	0.00633	0.00443	0.00190	0.00506
33	0.00933	0.00806	0.00848	0.00764	0.00976	0.00933	0.00594	0.01994	0.83797	0.01569	0.01527	0.01400	0.01145	0.00509	0.00382	0.00127	0.00297	0.00424	0.00382	0.00594
34	0.00960	0.00819	0.00863	0.00769	0.00986	0.00946	0.00600	0.06393	0.79354	0.01612	0.01493	0.01373	0.01118	0.00506	0.00381	0.00126	0.00303	0.00419	0.00381	0.00596
35	0.01970	0.00842	0.01141	0.01098	0.13709	0.13061	0.19028	0.01108	0.04899	0.08482	0.01492	0.17841	0.12475	0.00605	0.00412	0.00124	0.00422	0.00555	0.00276	0.00459
36	0.00754	0.00555	0.00655	0.00590	0.00734	0.00580	0.00457	0.02523	0.25614	0.07700	0.40909	0.02247	0.10567	0.00677	0.00448	0.00123	0.03454	0.00573	0.00391	0.00450
37	0.78626	0.06316	0.00672	0.00531	0.00766	0.05845	0.00440	0.01127	0.00671	0.01587	0.00526	0.00613	0.00416	0.00349	0.00239	0.00113	0.00320	0.00205	0.00225	0.00413
38	0.00466	0.00330	0.00433	0.00511	0.00531	0.00311	0.00336	0.00525	0.00701	0.00935	0.01979	0.78140	0.02369	0.09758	0.00622	0.00174	0.00232	0.01014	0.00336	0.00297
39	0.89465	0.00726	0.00551	0.00493	0.00726	0.00842	0.00406	0.01103	0.00638	0.01683	0.00522	0.00609	0.00406	0.00348	0.00232	0.00116	0.00290	0.00203	0.00232	0.00406
40	0.00886	0.01012	0.02214	0.01581	0.01961	0.00949	0.83112	0.01202	0.00886	0.01202	0.00759	0.01012	0.00569	0.00316	0.00443	0.00127	0.00633	0.00443	0.00190	0.00506
41	0.01289	0.01032	0.01045	0.00843	0.01112	0.06659	0.00681	0.55466	0.24297	0.02050	0.01052	0.01023	0.00767	0.00462	0.00375	0.00116	0.00398	0.00355	0.00365	0.00612
42	0.00554	0.00477	0.00499	0.00565	0.00609	0.08827	0.00388	0.00625	0.00760	0.00959	0.01980	0.73488	0.05250	0.01086	0.00464	0.00146	0.00265	0.02406	0.00333	0.00319
43	0.00522	0.00383	0.00489	0.00463	0.00555	0.00350	0.00347	0.00691	0.01041	0.01455	0.76211	0.02883	0.11636	0.00785	0.00443	0.00119	0.00178	0.00690	0.00407	0.00350
44	0.00450	0.00379	0.00389	0.00389	0.00511	0.00319	0.00291	0.00550	0.00868	0.01047	0.09422	0.04830	0.77394	0.00941	0.00444	0.00126	0.00190	0.00788	0.00353	0.00319
45	0.89465	0.00726	0.00551	0.00493	0.00726	0.00842	0.00406	0.01103	0.00638	0.01683	0.00522	0.00609	0.00406	0.00348	0.00232	0.00116	0.00290	0.00203	0.00232	0.00406
46	0.00535	0.00408	0.00507	0.00551	0.00654	0.00380	0.00459	0.00677	0.00873	0.01104	0.08153	0.03888	0.35299	0.00984	0.00483	0.00151	0.00272	0.43936	0.00351	0.00334
47	0.89465	0.00726	0.00551	0.00493	0.00726	0.00842	0.00406	0.01103	0.00638	0.01683	0.00522	0.00609	0.00406	0.00348	0.00232	0.00116	0.00290	0.00203	0.00232	0.00406
48	0.89465	0.00726	0.00551	0.00493	0.00726	0.00842	0.00406	0.01103	0.00638	0.01683	0.00522	0.00609	0.00406	0.00348	0.00232	0.00116	0.00290	0.00203	0.00232	0.00406
49	0.01003	0.87041	0.01966	0.00642	0.00963	0.01485	0.00642	0.01123	0.00762	0.00883	0.00522	0.00602	0.00481	0.00321	0.00241	0.00080	0.00401	0.00201	0.00160	0.00481
50	0.01200	0.00680	0.00840	0.00623	0.00936	0.00565	0.00507	0.06750	0.00967	0.36255	0.01023	0.00995	0.00717	0.00367	0.00326	0.00085	0.00304	0.00295	0.00334	0.46232
51	0.00574	0.00392	0.00450	0.00441	0.00469	0.00399	0.00274	0.03478	0.00623	0.00841	0.01329	0.02343	0.06763	0.66773	0.10064	0.00354	0.00412	0.00534	0.03227	0.00263
52	0.00829	0.00728	0.00937	0.00674	0.01009	0.01789	0.08743	0.03221	0.00824	0.02511	0.00693	0.00811	0.00564	0.00291	0.00299	0.00066	0.00323	0.00250	0.00226	0.75212
53	0.89465	0.00726	0.00551	0.00493	0.00726	0.00842	0.00406	0.01103	0.00638	0.01683	0.00522	0.00609	0.00406	0.00348	0.00232	0.00116	0.00290	0.00203	0.00232	0.00406
54	0.00946	0.00812	0.00855	0.00766	0.00980	0.00939	0.00597	0.04048	0.81722	0.01590	0.01511	0.01387	0.01132	0.00508	0.00382	0.00127	0.00300	0.00422	0.00382	0.00595
55	0.01188	0.37375	0.01420	0.00810	0.01059	0.41765	0.00677	0.01391	0.09229	0.00969	0.00650	0.00718	0.00549	0.00371	0.00302	0.00093	0.00523	0.00243	0.00198	0.00470
56	0.00540	0.00362	0.00414	0.00420	0.00422	0.00361	0.00239	0.00546	0.00558	0.00745	0.01238	0.07997	0.01431	0.79875	0.03089	0.00353	0.00364	0.00578	0.00235	0.00234
57	0.00446	0.00371	0.00389	0.00404	0.00513	0.00315	0.00296	0.00536	0.00832	0.01004	0.03513	0.17406	0.70713	0.00988	0.00449	0.00131	0.00195	0.00837	0.00348	0.00315
58	0.00986	0.81419	0.07443	0.00670	0.01007	0.01444	0.00691	0.01128	0.00764	0.00903	0.00532	0.00614	0.00481	0.00323	0.00248	0.00083	0.00411	0.00206	0.00160	0.00486
59	0.01338	0.00597	0.00763	0.00614	0.00846	0.00552	0.00497	0.06010	0.05681	0.53023	0.12708	0.01488	0.01285	0.00504	0.00371	0.00113	0.00284	0.00415	0.12353	0.00558
60	0.00462	0.00330	0.00440	0.00519	0.00545	0.00308	0.00349	0.00535	0.00741	0.00994	0.07499	0.81036	0.02551	0.01148	0.00476	0.00150	0.00215	0.01041	0.00353	0.00308
61	0.00976	0.00921	0.01233	0.05419	0.39198	0.06496	0.03044	0.05684	0.30280	0.01373	0.00998	0.01083	0.00779	0.00407	0.00375	0.00117	0.00414	0.00363	0.00265	0.00575
62	0.00482	0.00347	0.00465	0.00521	0.00556	0.00340	0.00359	0.00563	0.00716	0.00971	0.08488	0.58447	0.03421	0.07750	0.14468	0.00239	0.00354	0.00884	0.00320	0.00308
63	0.00544	0.00369	0.00435	0.00435	0.00443	0.00378	0.00259	0.00562	0.00553	0.00746	0.01159	0.02327	0.01308	0.75808	0.12840	0.00395	0.00448	0.00527	0.00224	0.00241
64	0.00530	0.00526	0.08969	0.00634	0.00732	0.00403	0.01926	0.00663	0.00767	0.01031	0.02997	0.55991	0.02186	0.01040	0.00475	0.00153	0.00288	0.20019	0.00327	0.00343
65	0.01096	0.05149	0.22024	0.04050	0.03228	0.44849	0.00868	0.02314	0.00941	0.02180	0.00773	0.09340	0.00693	0.00456	0.00356	0.00109	0.00568	0.00340	0.00204	0.00462
66	0.01003	0.82169	0.03494	0.00661	0.00980	0.01461	0.00661	0.02702	0.00779	0.00917	0.00531	0.00615	0.00485	0.00330	0.00264	0.00083	0.02009	0.00207	0.00165	0.00485
67	0.06286	0.03678	0.15584	0.00834	0.07499	0.00672	0.04739	0.02558	0.00798	0.01241	0.00738	0.05163	0.00633	0.00353	0.00315	0.00085	0.00361	0.00295	0.00215	0.47956

[dist]
# distance from previous block
# <min> <max>
0	3

[block]
# block no. 4 follows, 73 sequences, length 29
# corresponding to MSA columns:
# 311-339
name=unknown_E
#
# <colnr> <probs for GDERKNQSTAVLIFYWHMCP>
#	G	D	E	R	K	N	Q	S	T	A	V	L	I	F	Y	W	H	M	C	P
0	0.03367	0.02936	0.44272	0.01066	0.06238	0.04392	0.08519	0.04747	0.06546	0.09243	0.04492	0.00987	0.00720	0.00395	0.00367	0.00117	0.00488	0.00330	0.00231	0.00547
1	0.00911	0.00782	0.00829	0.00747	0.00952	0.00901	0.00580	0.01922	0.79170	0.01566	0.06154	0.01478	0.01279	0.00523	0.00385	0.00127	0.00290	0.00438	0.00383	0.00580
2	0.00800	0.06341	0.64542	0.01281	0.17341	0.00908	0.01301	0.01178	0.00802	0.01179	0.00671	0.00808	0.00498	0.00350	0.00353	0.00115	0.00526	0.00284	0.00164	0.00558
3	0.78512	0.00715	0.00591	0.00515	0.00755	0.00805	0.00424	0.01193	0.00693	0.12046	0.00642	0.00693	0.00471	0.00363	0.00250	0.00116	0.00294	0.00225	0.00261	0.00435
4	0.00446	0.00371	0.00390	0.00405	0.00513	0.00315	0.00296	0.00536	0.00832	0.01004	0.03501	0.17934	0.70192	0.00989	0.00450	0.00131	0.00195	0.00839	0.00348	0.00315
5	0.00464	0.00381	0.00409	0.00402	0.00519	0.00326	0.00301	0.00579	0.00904	0.01130	0.22849	0.03419	0.65201	0.00907	0.00443	0.00125	0.00187	0.00765	0.00364	0.00326
6	0.00526	0.00377	0.00513	0.00598	0.00652	0.00365	0.00467	0.00642	0.00790	0.01036	0.02073	0.45946	0.04369	0.01105	0.00496	0.00161	0.00277	0.38936	0.00347	0.00324
7	0.00451	0.00349	0.00412	0.00462	0.00528	0.00310	0.00321	0.00529	0.00776	0.00981	0.02803	0.51362	0.37214	0.01080	0.00464	0.00141	0.00206	0.00950	0.00348	0.00310
8	0.89465	0.00726	0.00551	0.00493	0.00726	0.00842	0.00406	0.01103	0.00638	0.01683	0.00522	0.00609	0.00406	0.00348	0.00232	0.00116	0.00290	0.00203	0.00232	0.00406
9	0.00752	0.01941	0.84871	0.01069	0.01624	0.00871	0.01386	0.01188	0.00792	0.01188	0.00673	0.00792	0.00475	0.00356	0.00356	0.00119	0.00554	0.00277	0.00158	0.00554
10	0.00443	0.00380	0.00380	0.00380	0.00507	0.00317	0.00285	0.00538	0.00855	0.01014	0.03801	0.03611	0.84322	0.00950	0.00443	0.00127	0.00190	0.00792	0.00348	0.00317
11	0.89465	0.00726	0.00551	0.00493	0.00726	0.00842	0.00406	0.01103	0.00638	0.01683	0.00522	0.00609	0.00406	0.00348	0.00232	0.00116	0.00290	0.00203	0.00232	0.00406
12	0.89465	0.00726	0.00551	0.00493	0.00726	0.00842	0.00406	0.01103	0.00638	0.01683	0.00522	0.00609	0.00406	0.00348	0.00232	0.00116	0.00290	0.00203	0.00232	0.00406
13	0.00908	0.00843	0.05895	0.02573	0.23454	0.00833	0.01918	0.15070	0.23955	0.01466	0.03281	0.15882	0.01145	0.00560	0.00395	0.00124	0.00363	0.00493	0.00304	0.00539
14	0.04070	0.00642	0.00859	0.00659	0.00949	0.00558	0.00544	0.01780	0.01052	0.79784	0.01428	0.01243	0.00902	0.00455	0.00370	0.00114	0.00317	0.00368	0.00450	0.03456
15	0.00752	0.01941	0.84871	0.01069	0.01624	0.00871	0.01386	0.01188	0.00792	0.01188	0.00673	0.00792	0.00475	0.00356	0.00356	0.00119	0.00554	0.00277	0.00158	0.00554
16	0.00578	0.04218	0.28350	0.00635	0.00901	0.00549	0.00674	0.00796	0.00851	0.01125	0.12610	0.05995	0.39863	0.00717	0.00408	0.00122	0.00318	0.00597	0.00287	0.00406
17	0.00771	0.08271	0.78704	0.01038	0.01575	0.00917	0.01331	0.01183	0.00790	0.01165	0.00662	0.00778	0.00476	0.00354	0.00348	0.00116	0.00543	0.00272	0.00159	0.00549
18	0.01683	0.00638	0.00871	0.00668	0.00958	0.00551	0.00551	0.01828	0.01074	0.84734	0.01480	0.01277	0.00929	0.00464	0.00377	0.00116	0.00319	0.00377	0.00464	0.00638
19	0.01625	0.00690	0.00895	0.00688	0.00975	0.00633	0.00568	0.13246	0.01164	0.71273	0.01393	0.01227	0.00889	0.00462	0.00374	0.00115	0.00329	0.00371	0.02452	0.00632
20	0.00793	0.07321	0.63769	0.01128	0.01627	0.00930	0.15347	0.01181	0.00802	0.01165	0.00675	0.00818	0.00492	0.00353	0.00379	0.00118	0.02097	0.00302	0.00164	0.00539
21	0.00539	0.00369	0.00450	0.00455	0.00470	0.00382	0.00284	0.00570	0.00567	0.00770	0.01195	0.06958	0.01339	0.64797	0.18939	0.00401	0.00487	0.00545	0.00229	0.00254
