[name]
unknown

[dist]
# distance from previous block
# <min> <max>
0	439

[block]
# block no. 0 follows, 64 sequences, length 12
# corresponding to MSA columns:
# 655-666
name=unknown_A
#
# <colnr> <probs for GDERKNQSTAVLIFYWHMCP>
#	G	D	E	R	K	N	Q	S	T	A	V	L	I	F	Y	W	H	M	C	P
0	0.00989	0.08458	0.03794	0.06203	0.11405	0.03966	0.08450	0.02290	0.07791	0.09302	0.03710	0.09282	0.03603	0.01545	0.03032	0.00145	0.01505	0.02945	0.00294	0.11290
1	0.00972	0.04801	0.04329	0.17284	0.19619	0.02395	0.05700	0.03828	0.09220	0.06155	0.02172	0.01380	0.06810	0.02517	0.02527	0.00146	0.02848	0.00420	0.00267	0.06610
2	0.00852	0.00701	0.00904	0.05738	0.13817	0.02585	0.00647	0.07510	0.06557	0.02724	0.05341	0.24368	0.03997	0.02890	0.00517	0.03156	0.00353	0.00615	0.00317	0.16411
3	0.03207	0.05343	0.03307	0.18543	0.24161	0.00949	0.04873	0.05782	0.08037	0.04448	0.03453	0.02664	0.00834	0.00531	0.03003	0.00143	0.03095	0.00393	0.00257	0.06978
4	0.01001	0.03023	0.05411	0.08187	0.14906	0.02908	0.04279	0.02285	0.05440	0.04685	0.10075	0.05139	0.03853	0.02283	0.00546	0.00143	0.06420	0.00474	0.00309	0.18634
5	0.03185	0.03742	0.06094	0.04126	0.07902	0.05837	0.02405	0.09338	0.03980	0.09072	0.07153	0.07134	0.12617	0.00604	0.00443	0.00123	0.03005	0.00497	0.00322	0.12423
6	0.01043	0.00949	0.01359	0.05644	0.09529	0.08460	0.20112	0.03802	0.05950	0.07805	0.05730	0.01393	0.02370	0.02557	0.00460	0.00125	0.00481	0.03151	0.00284	0.18796
7	0.00754	0.00615	0.00842	0.02564	0.06109	0.00583	0.05818	0.03590	0.06934	0.03354	0.16441	0.12639	0.16672	0.02309	0.04996	0.00163	0.00358	0.02250	0.00347	0.12661
8	0.00990	0.00717	0.00849	0.02909	0.00964	0.00788	0.00593	0.20730	0.14646	0.06331	0.01460	0.04445	0.04944	0.13020	0.18864	0.00292	0.01803	0.04805	0.00344	0.00506
9	0.05794	0.00582	0.03333	0.00613	0.00741	0.00548	0.00482	0.08961	0.00968	0.04236	0.11977	0.12360	0.08782	0.19444	0.02875	0.00215	0.00351	0.12510	0.04826	0.00403
10	0.00628	0.00576	0.04914	0.03508	0.02443	0.00504	0.00502	0.03466	0.06802	0.01277	0.14040	0.25685	0.27728	0.02985	0.02872	0.00166	0.00302	0.00821	0.00370	0.00409
11	0.03822	0.00905	0.01169	0.03472	0.19002	0.07653	0.06715	0.09208	0.06913	0.02631	0.08985	0.01681	0.12249	0.01911	0.03802	0.00159	0.08416	0.00485	0.00296	0.00526

[dist]
# distance from previous block
# <min> <max>
1	4

[block]
# block no. 1 follows, 64 sequences, length 26
# corresponding to MSA columns:
# 671-696
name=unknown_B
#
# <colnr> <probs for GDERKNQSTAVLIFYWHMCP>
#	G	D	E	R	K	N	Q	S	T	A	V	L	I	F	Y	W	H	M	C	P
0	0.04977	0.14667	0.09717	0.02471	0.03569	0.04277	0.02332	0.11695	0.17591	0.03949	0.06587	0.03986	0.03896	0.00602	0.03004	0.00139	0.00435	0.00418	0.00312	0.05375
1	0.06960	0.03387	0.09605	0.01008	0.05916	0.06190	0.03146	0.32152	0.11651	0.05128	0.01024	0.03112	0.00784	0.00513	0.01549	0.00130	0.00464	0.00376	0.00334	0.06570
2	0.01265	0.02582	0.11406	0.02591	0.01267	0.06639	0.00804	0.39541	0.03524	0.05008	0.01033	0.07512	0.00838	0.00513	0.00401	0.00119	0.00452	0.00403	0.00339	0.13765
3	0.00728	0.00548	0.00638	0.00577	0.00724	0.00529	0.00441	0.14106	0.01206	0.01626	0.40341	0.10394	0.22652	0.00869	0.00477	0.00134	0.00250	0.00746	0.00421	0.02594
4	0.00612	0.00459	0.00649	0.00640	0.00693	0.00531	0.00477	0.00723	0.00651	0.00929	0.01129	0.01847	0.01122	0.22086	0.60558	0.00581	0.05260	0.00478	0.00227	0.00348
5	0.00911	0.08023	0.45113	0.01479	0.14970	0.01026	0.18350	0.01293	0.00906	0.01295	0.00788	0.02549	0.00613	0.00396	0.00411	0.00130	0.00593	0.00366	0.00192	0.00598
6	0.00828	0.00781	0.01290	0.65051	0.10477	0.00922	0.03252	0.01123	0.03393	0.01134	0.00771	0.01096	0.00592	0.00414	0.00430	0.00134	0.02246	0.00368	0.00198	0.05499
7	0.00557	0.00439	0.00507	0.00508	0.00622	0.00401	0.00378	0.00744	0.05155	0.01321	0.28644	0.15183	0.39547	0.01001	0.00495	0.00143	0.00222	0.03343	0.00410	0.00379
8	0.01052	0.00957	0.01549	0.01255	0.05444	0.05617	0.33607	0.10011	0.07357	0.07474	0.06668	0.11122	0.02325	0.00577	0.00468	0.00139	0.00509	0.03005	0.00316	0.00549
9	0.00980	0.01120	0.02451	0.01751	0.02171	0.01050	0.81303	0.01331	0.00980	0.01331	0.00840	0.01120	0.00630	0.00350	0.00490	0.00140	0.00700	0.00490	0.00210	0.00560
10	0.00594	0.00423	0.00543	0.00513	0.00612	0.00390	0.00385	0.00787	0.01154	0.01644	0.76289	0.03054	0.06133	0.00837	0.00480	0.00129	0.00196	0.00737	0.04709	0.00390
11	0.88336	0.00803	0.00611	0.00546	0.00803	0.00932	0.00450	0.01221	0.00707	0.01864	0.00578	0.00675	0.00450	0.00386	0.00257	0.00129	0.00321	0.00225	0.00257	0.00450
12	0.00833	0.02149	0.83250	0.01184	0.01798	0.00965	0.01535	0.01315	0.00877	0.01315	0.00745	0.00877	0.00526	0.00395	0.00395	0.00132	0.00614	0.00307	0.00175	0.00614
13	0.88336	0.00803	0.00611	0.00546	0.00803	0.00932	0.00450	0.01221	0.00707	0.01864	0.00578	0.00675	0.00450	0.00386	0.00257	0.00129	0.00321	0.00225	0.00257	0.00450
14	0.01033	0.00892	0.00939	0.00845	0.01080	0.01033	0.00657	0.02207	0.82061	0.01738	0.01691	0.01550	0.01268	0.00564	0.00423	0.00141	0.00329	0.00470	0.00423	0.00657
15	0.00593	0.00445	0.00668	0.00668	0.00742	0.00519	0.00519	0.00742	0.00668	0.00964	0.01113	0.01632	0.01038	0.03115	0.83756	0.00668	0.01113	0.00445	0.00223	0.00371
16	0.88336	0.00803	0.00611	0.00546	0.00803	0.00932	0.00450	0.01221	0.00707	0.01864	0.00578	0.00675	0.00450	0.00386	0.00257	0.00129	0.00321	0.00225	0.00257	0.00450
17	0.01028	0.00987	0.01686	0.02550	0.82811	0.00987	0.01275	0.01275	0.00946	0.01357	0.00781	0.01028	0.00658	0.00370	0.00411	0.00123	0.00493	0.00370	0.00206	0.00658
18	0.00588	0.00425	0.00555	0.00523	0.00621	0.00392	0.00392	0.00784	0.01176	0.01666	0.82592	0.03103	0.03919	0.00849	0.00490	0.00131	0.00196	0.00751	0.00457	0.00392
19	0.00594	0.00441	0.00647	0.00647	0.00714	0.00508	0.00494	0.00729	0.00662	0.00949	0.01131	0.01735	0.01083	0.10948	0.75985	0.00642	0.01045	0.00460	0.00225	0.00360
20	0.01028	0.00987	0.01686	0.02550	0.82811	0.00987	0.01275	0.01275	0.00946	0.01357	0.00781	0.01028	0.00658	0.00370	0.00411	0.00123	0.00493	0.00370	0.00206	0.00658
21	0.03612	0.00695	0.00913	0.00712	0.01008	0.00622	0.00585	0.05181	0.01190	0.69127	0.05519	0.01471	0.01145	0.00525	0.00410	0.00127	0.00340	0.00426	0.05726	0.00667
22	0.00921	0.01028	0.10192	0.19891	0.44458	0.00938	0.06377	0.01224	0.03157	0.01292	0.02357	0.01215	0.04259	0.00424	0.00421	0.00130	0.00511	0.00402	0.00216	0.00586
23	0.01509	0.01889	0.01185	0.01069	0.01271	0.76286	0.00810	0.03392	0.01158	0.01051	0.00643	0.00765	0.00540	0.00450	0.00443	0.00112	0.06451	0.00276	0.00216	0.00485
24	0.00920	0.02214	0.04417	0.05300	0.09985	0.02144	0.04591	0.13074	0.18753	0.01569	0.11159	0.11200	0.11554	0.00679	0.00447	0.00137	0.00375	0.00590	0.00353	0.00538
25	0.00745	0.02435	0.00755	0.00702	0.02454	0.12188	0.02904	0.00906	0.02985	0.01243	0.23463	0.14099	0.21112	0.03162	0.05536	0.00176	0.03680	0.00702	0.00347	0.00405

[dist]
# distance from previous block
# <min> <max>
0	4

[block]
# block no. 2 follows, 64 sequences, length 34
# corresponding to MSA columns:
# 701-734
name=unknown_C
#
# <colnr> <probs for GDERKNQSTAVLIFYWHMCP>
#	G	D	E	R	K	N	Q	S	T	A	V	L	I	F	Y	W	H	M	C	P
0	0.01109	0.00994	0.01007	0.00936	0.04310	0.07040	0.00701	0.07715	0.67379	0.01732	0.01530	0.01432	0.01151	0.00542	0.00418	0.00137	0.00375	0.00444	0.00399	0.00648
1	0.39767	0.05224	0.02109	0.00901	0.08317	0.19870	0.00656	0.06589	0.04100	0.01536	0.00695	0.00824	0.00562	0.00484	0.00416	0.06481	0.00457	0.00278	0.00249	0.00488
2	0.02142	0.01318	0.23364	0.14601	0.15575	0.04863	0.12179	0.07595	0.06042	0.03466	0.00849	0.01030	0.00640	0.00425	0.00456	0.00133	0.04132	0.00370	0.00233	0.00587
3	0.00671	0.00559	0.00588	0.00617	0.00678	0.07490	0.00428	0.01999	0.04359	0.01052	0.01851	0.39059	0.05740	0.20834	0.08822	0.00263	0.00416	0.03894	0.00326	0.00355
4	0.00637	0.00454	0.00563	0.00524	0.00635	0.00428	0.00396	0.04313	0.01170	0.01656	0.66946	0.02969	0.09788	0.00823	0.00472	0.00129	0.00208	0.00718	0.06770	0.00402
5	0.01785	0.00684	0.00922	0.00714	0.01019	0.00594	0.00587	0.01948	0.01166	0.77191	0.01618	0.01424	0.01031	0.00512	0.00408	0.00126	0.00342	0.00415	0.06831	0.00684
6	0.00514	0.00376	0.00485	0.00566	0.00610	0.00347	0.00391	0.00599	0.00832	0.01092	0.04585	0.68883	0.12886	0.01251	0.00526	0.00165	0.00243	0.04918	0.00387	0.00343
7	0.01014	0.01071	0.07595	0.02451	0.76942	0.00985	0.01294	0.01278	0.00941	0.01354	0.00779	0.01017	0.00648	0.00372	0.00410	0.00124	0.00502	0.00366	0.00203	0.00655
8	0.00914	0.00870	0.01479	0.41019	0.45237	0.00957	0.01218	0.01174	0.00892	0.01218	0.00761	0.01065	0.00609	0.00391	0.00413	0.00130	0.00522	0.00370	0.00196	0.00566
9	0.00506	0.00361	0.00482	0.00578	0.00602	0.00337	0.00386	0.00578	0.00795	0.01060	0.02289	0.85131	0.02747	0.01301	0.00530	0.00169	0.00241	0.01181	0.00386	0.00337
10	0.00784	0.00738	0.01246	0.84404	0.02861	0.00923	0.01154	0.01061	0.00831	0.01061	0.00738	0.01107	0.00554	0.00415	0.00415	0.00138	0.00554	0.00369	0.00185	0.00461
11	0.00519	0.00371	0.00497	0.00593	0.00623	0.00349	0.00408	0.00601	0.00808	0.01075	0.02282	0.78772	0.02719	0.01289	0.00534	0.00170	0.00252	0.07413	0.00385	0.00341
12	0.00888	0.05084	0.71192	0.01196	0.01769	0.05146	0.06426	0.01331	0.00897	0.01289	0.00740	0.00878	0.00533	0.00392	0.00395	0.00129	0.00620	0.00313	0.00180	0.00601
13	0.24459	0.01040	0.01054	0.00861	0.01146	0.06726	0.05096	0.30623	0.17654	0.04233	0.01069	0.01079	0.02238	0.00479	0.00378	0.00129	0.00421	0.00363	0.00352	0.00599
14	0.00833	0.02149	0.83250	0.01184	0.01798	0.00965	0.01535	0.01315	0.00877	0.01315	0.00745	0.00877	0.00526	0.00395	0.00395	0.00132	0.00614	0.00307	0.00175	0.00614
15	0.00853	0.00808	0.01369	0.61510	0.25222	0.00941	0.01187	0.01121	0.00863	0.01144	0.00750	0.01085	0.00583	0.00403	0.00414	0.00134	0.00537	0.00369	0.00190	0.00516
16	0.00891	0.19518	0.66386	0.01085	0.01646	0.01106	0.01363	0.01301	0.00870	0.01245	0.00710	0.00833	0.00528	0.00386	0.00368	0.00123	0.00579	0.00289	0.00176	0.00597
17	0.86301	0.00801	0.00619	0.00551	0.00809	0.00924	0.00454	0.01240	0.00718	0.03776	0.00603	0.00692	0.00463	0.00389	0.00261	0.00129	0.00322	0.00229	0.00263	0.00456
18	0.00606	0.00405	0.00461	0.00464	0.00468	0.00405	0.00267	0.00613	0.00617	0.00821	0.01341	0.02789	0.01542	0.82368	0.02059	0.00395	0.00402	0.03464	0.00256	0.00256
19	0.00861	0.00738	0.00861	0.00615	0.00984	0.00554	0.00492	0.01046	0.00861	0.01354	0.00738	0.00861	0.00615	0.00308	0.00308	0.00062	0.00308	0.00246	0.00246	0.87941
20	0.00495	0.00421	0.00427	0.00425	0.00564	0.00352	0.00319	0.00604	0.00957	0.01146	0.07639	0.03958	0.79196	0.01043	0.00491	0.00140	0.00210	0.00871	0.00389	0.00352
21	0.01033	0.00892	0.00939	0.00845	0.01080	0.01033	0.00657	0.02207	0.82061	0.01738	0.01691	0.01550	0.01268	0.00564	0.00423	0.00141	0.00329	0.00470	0.00423	0.00657
22	0.01707	0.00959	0.01120	0.00859	0.01186	0.00984	0.00709	0.45841	0.01611	0.38686	0.01285	0.01184	0.00851	0.00506	0.00417	0.00126	0.00411	0.00394	0.00460	0.00707
23	0.00586	0.00472	0.00529	0.00532	0.00663	0.00437	0.00417	0.03665	0.02489	0.01246	0.09611	0.07390	0.53729	0.01029	0.00517	0.00149	0.01614	0.14157	0.00389	0.00379
24	0.00784	0.00738	0.01246	0.84404	0.02861	0.00923	0.01154	0.01061	0.00831	0.01061	0.00738	0.01107	0.00554	0.00415	0.00415	0.00138	0.00554	0.00369	0.00185	0.00461
25	0.00833	0.02149	0.83250	0.01184	0.01798	0.00965	0.01535	0.01315	0.00877	0.01315	0.00745	0.00877	0.00526	0.00395	0.00395	0.00132	0.00614	0.00307	0.00175	0.00614
26	0.00506	0.00424	0.00442	0.00444	0.00579	0.00360	0.00338	0.00622	0.00964	0.01167	0.09792	0.03965	0.73199	0.01042	0.00495	0.00142	0.00217	0.04556	0.00391	0.00355
27	0.07284	0.00942	0.01543	0.08351	0.67258	0.00961	0.01176	0.01290	0.00932	0.05179	0.00804	0.01027	0.00653	0.00381	0.00401	0.00125	0.00479	0.00362	0.00222	0.00631
28	0.00506	0.00363	0.00480	0.00574	0.00601	0.00338	0.00384	0.00579	0.00799	0.01062	0.02337	0.83125	0.04723	0.01295	0.00529	0.00168	0.00240	0.01173	0.00386	0.00338
29	0.00505	0.00364	0.00479	0.00571	0.00601	0.00338	0.00382	0.00579	0.00802	0.01063	0.02379	0.81351	0.06469	0.01290	0.00528	0.00167	0.00240	0.01167	0.00386	0.00338
30	0.00980	0.01120	0.02451	0.01751	0.02171	0.01050	0.81303	0.01331	0.00980	0.01331	0.00840	0.01120	0.00630	0.00350	0.00490	0.00140	0.00700	0.00490	0.00210	0.00560
31	0.02559	0.01118	0.02769	0.04260	0.01372	0.01222	0.05341	0.59440	0.10367	0.02290	0.01024	0.01058	0.00743	0.00500	0.00457	0.00130	0.03917	0.00387	0.00380	0.00668
32	0.00596	0.00396	0.00464	0.00487	0.00501	0.00392	0.00297	0.00629	0.00671	0.00914	0.01544	0.19356	0.01770	0.60516	0.01635	0.00331	0.00358	0.03818	0.05045	0.00281
33	0.01130	0.47341	0.04929	0.10604	0.01445	0.13708	0.08189	0.04429	0.00945	0.01103	0.00652	0.00797	0.00551	0.00388	0.00354	0.00107	0.02321	0.00283	0.00196	0.00528

[dist]
# distance from previous block
# <min> <max>
0	4

[block]
# block no. 3 follows, 64 sequences, length 14
# corresponding to MSA columns:
# 739-752
name=unknown_D
#
# <colnr> <probs for GDERKNQSTAVLIFYWHMCP>
#	G	D	E	R	K	N	Q	S	T	A	V	L	I	F	Y	W	H	M	C	P
0	0.00975	0.01018	0.01263	0.01088	0.01110	0.09722	0.00898	0.01067	0.00692	0.01001	0.00555	0.00892	0.00544	0.00696	0.01262	0.00174	0.76046	0.00354	0.00185	0.00457
1	0.00950	0.13330	0.23054	0.07948	0.04950	0.00892	0.02842	0.01218	0.00893	0.06426	0.02998	0.00968	0.00691	0.00385	0.00372	0.00103	0.01794	0.00307	0.00231	0.29649
2	0.01552	0.01980	0.01177	0.01070	0.01284	0.83735	0.00803	0.01659	0.01177	0.01017	0.00642	0.00749	0.00535	0.00428	0.00375	0.00107	0.00749	0.00268	0.00214	0.00482
3	0.00524	0.00422	0.00467	0.00455	0.00581	0.00365	0.00342	0.00660	0.01025	0.01307	0.30901	0.03693	0.55834	0.00983	0.00491	0.00137	0.00205	0.00834	0.00410	0.00365
4	0.01137	0.00802	0.00909	0.00743	0.00969	0.00841	0.00595	0.40528	0.01538	0.06483	0.32060	0.03915	0.06328	0.00680	0.00450	0.00129	0.00335	0.00564	0.00434	0.00560
5	0.26313	0.00845	0.00830	0.00758	0.02731	0.02638	0.00582	0.14731	0.26989	0.01791	0.03251	0.09019	0.06674	0.00601	0.00388	0.00136	0.00341	0.00476	0.00359	0.00546
6	0.00502	0.00377	0.00466	0.00538	0.00592	0.00341	0.00368	0.00583	0.00834	0.01076	0.02778	0.64450	0.23112	0.01238	0.00520	0.00161	0.00233	0.01103	0.00386	0.00341
7	0.01030	0.00872	0.00979	0.07329	0.07890	0.11636	0.01912	0.11903	0.08369	0.07468	0.04565	0.22961	0.01457	0.00823	0.03554	0.00161	0.02937	0.03307	0.00338	0.00509
8	0.00833	0.02149	0.83250	0.01184	0.01798	0.00965	0.01535	0.01315	0.00877	0.01315	0.00745	0.00877	0.00526	0.00395	0.00395	0.00132	0.00614	0.00307	0.00175	0.00614
9	0.00575	0.00448	0.00537	0.00582	0.00702	0.00410	0.00482	0.00720	0.00951	0.01179	0.03266	0.04320	0.45003	0.01097	0.00530	0.00164	0.00291	0.37994	0.00384	0.00366
10	0.00660	0.00478	0.00643	0.00716	0.00816	0.00472	0.00610	0.02646	0.00975	0.01266	0.05330	0.09987	0.09768	0.01123	0.00556	0.00181	0.00352	0.62649	0.00387	0.00384
11	0.00592	0.00420	0.00519	0.00495	0.00599	0.00385	0.00371	0.00774	0.01113	0.01575	0.63368	0.03084	0.15116	0.00844	0.00471	0.00129	0.00198	0.00735	0.08827	0.00385
12	0.00883	0.03839	0.65120	0.01081	0.01604	0.00946	0.01323	0.08567	0.00969	0.01418	0.00893	0.06675	0.00715	0.00469	0.00399	0.00131	0.00554	0.00374	0.03449	0.00593
13	0.07085	0.08812	0.03262	0.01238	0.14946	0.06223	0.06378	0.23585	0.01173	0.06168	0.00828	0.00974	0.00651	0.00570	0.03581	0.00150	0.13154	0.00353	0.00279	0.00589

[dist]
# distance from previous block
# <min> <max>
0	35

[block]
# block no. 4 follows, 64 sequences, length 80
# corresponding to MSA columns:
# 788-867
name=unknown_E
#
# <colnr> <probs for GDERKNQSTAVLIFYWHMCP>
#	G	D	E	R	K	N	Q	S	T	A	V	L	I	F	Y	W	H	M	C	P
0	0.01288	0.03428	0.01372	0.10614	0.27909	0.45995	0.00992	0.01460	0.01057	0.01131	0.00696	0.00877	0.00577	0.00406	0.00388	0.00115	0.00638	0.00311	0.00207	0.00538
1	0.03971	0.00974	0.01355	0.01071	0.01340	0.03991	0.21933	0.16079	0.23017	0.03147	0.03879	0.01503	0.05309	0.03044	0.00551	0.00147	0.05894	0.01891	0.00332	0.00574
2	0.00552	0.00441	0.00497	0.00479	0.00606	0.00395	0.00361	0.00737	0.04249	0.01370	0.36351	0.03533	0.47042	0.00949	0.00488	0.00136	0.00209	0.00809	0.00417	0.00380
3	0.00724	0.00589	0.00722	0.00693	0.00785	0.05475	0.00530	0.05909	0.02037	0.01066	0.01101	0.01653	0.01039	0.12091	0.61885	0.00555	0.02065	0.00447	0.00240	0.00391
4	0.00669	0.00478	0.00669	0.00765	0.00861	0.00478	0.00669	0.00861	0.00956	0.01243	0.02199	0.04685	0.02391	0.01147	0.00574	0.00191	0.00382	0.80015	0.00382	0.00382
5	0.06127	0.00457	0.00491	0.00469	0.00612	0.00409	0.00356	0.00743	0.01003	0.04559	0.25137	0.03442	0.52864	0.00934	0.00473	0.00136	0.00219	0.00783	0.00402	0.00382
6	0.00615	0.00412	0.00466	0.00466	0.00472	0.00413	0.00265	0.01825	0.00633	0.00844	0.01346	0.06181	0.01550	0.80558	0.02021	0.00389	0.00397	0.00625	0.00260	0.00262
7	0.05112	0.26979	0.37283	0.00998	0.01460	0.03030	0.07518	0.01309	0.03763	0.01252	0.00725	0.00843	0.00566	0.00379	0.00351	0.00114	0.00525	0.00292	0.00198	0.07300
8	0.00593	0.00445	0.00668	0.00668	0.00742	0.00519	0.00519	0.00742	0.00668	0.00964	0.01113	0.01632	0.01038	0.03115	0.83756	0.00668	0.01113	0.00445	0.00223	0.00371
9	0.01130	0.00553	0.00743	0.00700	0.00875	0.00513	0.00572	0.02779	0.01030	0.33358	0.01924	0.18550	0.01815	0.00877	0.00485	0.00156	0.00334	0.27517	0.05580	0.00507
10	0.01129	0.57928	0.12817	0.00879	0.01259	0.08579	0.05580	0.05513	0.00943	0.01133	0.00643	0.00746	0.00547	0.00374	0.00314	0.00101	0.00509	0.00261	0.00195	0.00550
11	0.01171	0.01344	0.01196	0.01063	0.01160	0.36696	0.00849	0.01275	0.00888	0.01021	0.00684	0.01063	0.00650	0.00623	0.00891	0.00150	0.43592	0.05015	0.00207	0.00462
12	0.01111	0.85652	0.02177	0.00711	0.01066	0.01644	0.00711	0.01244	0.00844	0.00977	0.00577	0.00666	0.00533	0.00355	0.00267	0.00089	0.00444	0.00222	0.00178	0.00533
13	0.00506	0.00361	0.00482	0.00578	0.00602	0.00337	0.00386	0.00578	0.00795	0.01060	0.02289	0.85131	0.02747	0.01301	0.00530	0.00169	0.00241	0.01181	0.00386	0.00337
14	0.06199	0.00963	0.01036	0.00845	0.01121	0.01063	0.00678	0.38370	0.27483	0.10662	0.01283	0.01302	0.00954	0.05517	0.00509	0.00147	0.00394	0.00415	0.00410	0.00650
15	0.83225	0.00825	0.00648	0.00570	0.00832	0.00953	0.00470	0.05946	0.00780	0.01908	0.00603	0.00694	0.00465	0.00392	0.00266	0.00128	0.00329	0.00234	0.00266	0.00465
16	0.00522	0.00383	0.00483	0.00555	0.00602	0.00354	0.00383	0.00604	0.00823	0.01074	0.03908	0.59551	0.15658	0.07241	0.00639	0.00182	0.00256	0.06069	0.00377	0.00337
17	0.00506	0.00361	0.00482	0.00578	0.00602	0.00337	0.00386	0.00578	0.00795	0.01060	0.02289	0.85131	0.02747	0.01301	0.00530	0.00169	0.00241	0.01181	0.00386	0.00337
18	0.02483	0.00812	0.05783	0.00869	0.01079	0.02175	0.07362	0.08235	0.21379	0.05639	0.01704	0.19676	0.01646	0.00808	0.00478	0.00155	0.00389	0.18438	0.00371	0.00518
19	0.01181	0.12465	0.01486	0.01176	0.06083	0.32771	0.10182	0.01322	0.00935	0.01065	0.00702	0.04075	0.00641	0.00521	0.00652	0.00132	0.23557	0.00355	0.00206	0.00495
20	0.01023	0.02094	0.08598	0.01299	0.25131	0.03641	0.00871	0.08866	0.01002	0.02950	0.00782	0.00930	0.00630	0.00372	0.00389	0.00099	0.02778	0.00307	0.00245	0.37992
21	0.04635	0.18961	0.14848	0.01137	0.04234	0.14125	0.15955	0.13233	0.05165	0.02734	0.00805	0.00916	0.00622	0.00408	0.00383	0.00119	0.00559	0.00336	0.00246	0.00579
22	0.00544	0.00428	0.00495	0.00522	0.00619	0.00393	0.00376	0.00713	0.05700	0.01209	0.13679	0.33479	0.37108	0.01089	0.00502	0.00150	0.00229	0.01998	0.00397	0.00370
23	0.00996	0.08760	0.09227	0.05971	0.16566	0.05922	0.17431	0.03400	0.08784	0.03648	0.09237	0.01414	0.02923	0.00486	0.00436	0.00130	0.01425	0.02414	0.00269	0.00561
24	0.00532	0.00391	0.00472	0.00526	0.00577	0.00362	0.00358	0.00604	0.00801	0.01033	0.02536	0.44407	0.21340	0.18525	0.00849	0.00211	0.00275	0.05517	0.00358	0.00325
25	0.01287	0.02650	0.12947	0.01047	0.04256	0.08077	0.03315	0.36772	0.21814	0.01966	0.01087	0.01098	0.00801	0.00483	0.00411	0.00128	0.00480	0.00380	0.00349	0.00653
26	0.00968	0.19004	0.26024	0.00864	0.01220	0.02899	0.00895	0.03689	0.00916	0.07143	0.05638	0.05534	0.00928	0.00645	0.05345	0.00150	0.05956	0.00375	0.00248	0.11560
27	0.31684	0.00808	0.00843	0.00684	0.00965	0.02364	0.00561	0.13569	0.01112	0.35051	0.01135	0.01093	0.00773	0.00463	0.00351	0.00125	0.00353	0.00339	0.07137	0.00589
28	0.01127	0.01383	0.06877	0.01221	0.01420	0.28512	0.17526	0.01304	0.00903	0.01094	0.00659	0.00907	0.00565	0.00560	0.01889	0.00152	0.32854	0.00355	0.00198	0.00495
29	0.00759	0.00578	0.00806	0.24916	0.10508	0.00619	0.00666	0.02462	0.00905	0.01313	0.01732	0.01890	0.18788	0.00576	0.00387	0.00122	0.00340	0.00487	0.31710	0.00437
30	0.01028	0.00987	0.01686	0.02550	0.82811	0.00987	0.01275	0.01275	0.00946	0.01357	0.00781	0.01028	0.00658	0.00370	0.00411	0.00123	0.00493	0.00370	0.00206	0.00658
31	0.00946	0.05281	0.01052	0.00878	0.00960	0.13733	0.00697	0.04210	0.02378	0.01049	0.00876	0.01462	0.00875	0.16771	0.10279	0.00258	0.33944	0.03699	0.00226	0.00426
32	0.00509	0.00398	0.00459	0.00498	0.00584	0.00352	0.00354	0.00605	0.00890	0.01123	0.07871	0.36691	0.42111	0.03351	0.00551	0.00159	0.00230	0.02531	0.00386	0.00346
33	0.05782	0.00440	0.00489	0.00494	0.00521	0.00449	0.00307	0.00689	0.02154	0.00927	0.01375	0.05639	0.01554	0.69458	0.01801	0.00357	0.00389	0.06621	0.00270	0.00284
34	0.02519	0.00938	0.02881	0.08338	0.58491	0.00941	0.06908	0.01198	0.00914	0.01307	0.00899	0.07055	0.00814	0.00463	0.00457	0.00132	0.03275	0.01654	0.00219	0.00598
35	0.01042	0.01125	0.02327	0.01669	0.02080	0.01075	0.73041	0.09549	0.01080	0.01463	0.00856	0.01108	0.00638	0.00365	0.00483	0.00138	0.00675	0.00478	0.00231	0.00575
36	0.00505	0.00367	0.00476	0.00563	0.00598	0.00339	0.00379	0.00580	0.00810	0.01066	0.02480	0.77051	0.10704	0.01276	0.00526	0.00166	0.00238	0.01151	0.00386	0.00339
37	0.00589	0.00427	0.00551	0.00626	0.00682	0.00421	0.00459	0.00759	0.06063	0.01140	0.02176	0.53039	0.03510	0.06519	0.00629	0.00185	0.00289	0.19630	0.01941	0.00364
38	0.00870	0.01369	0.35293	0.06733	0.10277	0.00918	0.08406	0.04902	0.03491	0.01360	0.06118	0.05278	0.01013	0.00540	0.00504	0.00141	0.06876	0.05112	0.00242	0.00557
39	0.84916	0.00799	0.00624	0.00554	0.00813	0.00919	0.00456	0.01253	0.00726	0.05077	0.00620	0.00704	0.00473	0.00391	0.00263	0.00129	0.00323	0.00233	0.00267	0.00460
40	0.00574	0.00422	0.00532	0.00591	0.00673	0.00397	0.00455	0.00717	0.02048	0.01197	0.08128	0.33267	0.20498	0.01129	0.00521	0.00163	0.00273	0.24449	0.03601	0.00364
41	0.01165	0.12639	0.23096	0.01164	0.04439	0.19794	0.11465	0.04428	0.03683	0.06517	0.00796	0.00921	0.00613	0.00433	0.00465	0.00125	0.07128	0.00332	0.00230	0.00566
42	0.00594	0.00443	0.00655	0.00655	0.00725	0.00512	0.00503	0.00734	0.00664	0.00955	0.01124	0.01696	0.01066	0.07963	0.78946	0.00652	0.01071	0.00454	0.00224	0.00364
43	0.00510	0.00366	0.00485	0.00578	0.00608	0.00341	0.00390	0.00586	0.00804	0.01067	0.02351	0.80443	0.05381	0.01289	0.00530	0.00168	0.00244	0.03135	0.00386	0.00339
44	0.00909	0.00909	0.01272	0.01091	0.01091	0.01272	0.00909	0.01000	0.00636	0.01000	0.00545	0.00909	0.00545	0.00727	0.01363	0.00182	0.84642	0.00364	0.00182	0.00454
45	0.02487	0.15117	0.12385	0.02931	0.15081	0.01143	0.12690	0.17530	0.03675	0.01533	0.00888	0.01155	0.00728	0.00462	0.00453	0.00129	0.05051	0.04395	0.01578	0.00591
46	0.01160	0.01239	0.01442	0.12971	0.29721	0.25521	0.07585	0.06138	0.01051	0.01279	0.00798	0.01075	0.00663	0.00435	0.00438	0.00125	0.03089	0.02649	0.02065	0.00554
47	0.15751	0.01000	0.02678	0.37933	0.05715	0.13865	0.06000	0.02925	0.00889	0.01248	0.00753	0.02523	0.00619	0.03481	0.00477	0.00142	0.02952	0.00358	0.00215	0.00476
48	0.00524	0.00422	0.00467	0.00456	0.00582	0.00365	0.00342	0.00661	0.01026	0.01310	0.31275	0.03689	0.55459	0.00982	0.00491	0.00137	0.00205	0.00833	0.00410	0.00365
49	0.00509	0.00396	0.00464	0.00508	0.00592	0.00351	0.00362	0.00608	0.00893	0.01132	0.08242	0.40475	0.39307	0.01154	0.00511	0.00154	0.00228	0.03373	0.00390	0.00348
50	0.00909	0.00909	0.01272	0.01091	0.01091	0.01272	0.00909	0.01000	0.00636	0.01000	0.00545	0.00909	0.00545	0.00727	0.01363	0.00182	0.84642	0.00364	0.00182	0.00454
51	0.00784	0.00738	0.01246	0.84404	0.02861	0.00923	0.01154	0.01061	0.00831	0.01061	0.00738	0.01107	0.00554	0.00415	0.00415	0.00138	0.00554	0.00369	0.00185	0.00461
52	0.01111	0.85652	0.02177	0.00711	0.01066	0.01644	0.00711	0.01244	0.00844	0.00977	0.00577	0.00666	0.00533	0.00355	0.00267	0.00089	0.00444	0.00222	0.00178	0.00533
53	0.00494	0.00421	0.00425	0.00424	0.00563	0.00352	0.00318	0.00601	0.00953	0.01137	0.06416	0.03972	0.80424	0.01046	0.00491	0.00140	0.00210	0.00873	0.00388	0.00352
54	0.01028	0.00987	0.01686	0.02550	0.82811	0.00987	0.01275	0.01275	0.00946	0.01357	0.00781	0.01028	0.00658	0.00370	0.00411	0.00123	0.00493	0.00370	0.00206	0.00658
55	0.80630	0.00797	0.00636	0.00556	0.00822	0.00900	0.00457	0.01234	0.00730	0.04232	0.00619	0.00708	0.00477	0.00385	0.00265	0.00125	0.00321	0.00232	0.00264	0.05612
56	0.01579	0.01163	0.01247	0.00956	0.01288	0.01288	0.00789	0.81426	0.01953	0.02618	0.00997	0.00997	0.00706	0.00499	0.00416	0.00125	0.00457	0.00374	0.00416	0.00706
57	0.01552	0.01980	0.01177	0.01070	0.01284	0.83735	0.00803	0.01659	0.01177	0.01017	0.00642	0.00749	0.00535	0.00428	0.00375	0.00107	0.00749	0.00268	0.00214	0.00482
58	0.00493	0.00414	0.00427	0.00438	0.00565	0.00349	0.00323	0.00594	0.00931	0.01115	0.04002	0.12705	0.74068	0.01079	0.00495	0.00143	0.00214	0.00909	0.00386	0.00349
59	0.00506	0.00361	0.00482	0.00578	0.00602	0.00337	0.00386	0.00578	0.00795	0.01060	0.02289	0.85131	0.02747	0.01301	0.00530	0.00169	0.00241	0.01181	0.00386	0.00337
60	0.00516	0.00403	0.00468	0.00492	0.00587	0.00355	0.00354	0.00630	0.00947	0.01216	0.19982	0.29517	0.40875	0.01089	0.00503	0.00147	0.00217	0.00947	0.00401	0.00355
61	0.01261	0.57442	0.01846	0.00822	0.01140	0.22327	0.00741	0.08084	0.01021	0.01125	0.00629	0.00715	0.00548	0.00386	0.00306	0.00096	0.00522	0.00246	0.00207	0.00535
62	0.09456	0.01637	0.02715	0.04208	0.04768	0.53631	0.03996	0.11311	0.01193	0.02360	0.00711	0.00823	0.00564	0.00427	0.00377	0.00115	0.00647	0.00296	0.00244	0.00521
63	0.00926	0.14454	0.04083	0.12753	0.26885	0.02505	0.13165	0.01190	0.03931	0.01217	0.01170	0.04460	0.07996	0.01834	0.00441	0.00132	0.00490	0.01593	0.00232	0.00543
64	0.88336	0.00803	0.00611	0.00546	0.00803	0.00932	0.00450	0.01221	0.00707	0.01864	0.00578	0.00675	0.00450	0.00386	0.00257	0.00129	0.00321	0.00225	0.00257	0.00450
65	0.01058	0.02512	0.01187	0.13256	0.03447	0.22446	0.11328	0.02794	0.04828	0.06095	0.14948	0.03894	0.05967	0.00566	0.00456	0.00129	0.02738	0.00480	0.01380	0.00491
66	0.00509	0.00372	0.00479	0.00556	0.00598	0.00342	0.00377	0.00592	0.00835	0.01102	0.07115	0.70603	0.12501	0.01245	0.00523	0.00163	0.00235	0.01119	0.00390	0.00342
67	0.00997	0.00962	0.01660	0.12309	0.70480	0.00981	0.04011	0.01251	0.00933	0.01321	0.00778	0.01041	0.00645	0.00375	0.00414	0.00126	0.00508	0.00374	0.00203	0.00631
68	0.00494	0.00415	0.00429	0.00437	0.00566	0.00350	0.00323	0.00598	0.00937	0.01127	0.05558	0.11400	0.73804	0.01071	0.00494	0.00143	0.00213	0.00902	0.00387	0.00350
69	0.01351	0.00821	0.00949	0.00805	0.01073	0.00871	0.00639	0.02137	0.51128	0.32858	0.01671	0.01498	0.01176	0.00545	0.00421	0.00136	0.00338	0.00450	0.00458	0.00676
70	0.01111	0.85652	0.02177	0.00711	0.01066	0.01644	0.00711	0.01244	0.00844	0.00977	0.00577	0.00666	0.00533	0.00355	0.00267	0.00089	0.00444	0.00222	0.00178	0.00533
71	0.00604	0.00403	0.00453	0.00453	0.00453	0.00403	0.00252	0.00604	0.00604	0.00805	0.01309	0.02718	0.01510	0.85402	0.02114	0.00403	0.00403	0.00604	0.00252	0.00252
72	0.88336	0.00803	0.00611	0.00546	0.00803	0.00932	0.00450	0.01221	0.00707	0.01864	0.00578	0.00675	0.00450	0.00386	0.00257	0.00129	0.00321	0.00225	0.00257	0.00450
73	0.00506	0.00361	0.00482	0.00578	0.00602	0.00337	0.00386	0.00578	0.00795	0.01060	0.02289	0.85131	0.02747	0.01301	0.00530	0.00169	0.00241	0.01181	0.00386	0.00337
74	0.01854	0.00722	0.00973	0.00746	0.01068	0.00633	0.00616	0.04651	0.01214	0.80437	0.01617	0.01400	0.01018	0.00514	0.00418	0.00128	0.00357	0.00416	0.00511	0.00707
75	0.00800	0.00754	0.01274	0.79227	0.07917	0.00927	0.01161	0.01075	0.00838	0.01080	0.00741	0.01102	0.00560	0.00412	0.00415	0.00137	0.00550	0.00369	0.00186	0.00474
76	0.00987	0.00922	0.01292	0.08305	0.40486	0.04339	0.00967	0.03387	0.17496	0.01417	0.02597	0.01398	0.05687	0.00478	0.00414	0.00125	0.00437	0.01970	0.00275	0.07022
77	0.00636	0.00465	0.00622	0.00694	0.00793	0.00455	0.00587	0.00823	0.02050	0.01255	0.08466	0.09529	0.12260	0.01115	0.00553	0.00178	0.00338	0.58409	0.00389	0.00380
78	0.01084	0.07534	0.01471	0.08091	0.44086	0.09400	0.01030	0.06039	0.05476	0.02873	0.02748	0.02549	0.02272	0.00444	0.00419	0.00123	0.01992	0.00385	0.00245	0.01740
79	0.02911	0.13244	0.03284	0.02840	0.01065	0.05325	0.05324	0.05559	0.16803	0.03887	0.10234	0.06348	0.09438	0.00653	0.02302	0.00135	0.00393	0.00495	0.01971	0.07789

[dist]
# distance from previous block
# <min> <max>
0	22

[block]
# block no. 5 follows, 64 sequences, length 51
# corresponding to MSA columns:
# 890-940
name=unknown_F
#
# <colnr> <probs for GDERKNQSTAVLIFYWHMCP>
#	G	D	E	R	K	N	Q	S	T	A	V	L	I	F	Y	W	H	M	C	P
0	0.03348	0.15896	0.08175	0.06580	0.08807	0.03296	0.02006	0.23426	0.05398	0.03402	0.03355	0.02289	0.04605	0.00500	0.00443	0.00124	0.05316	0.00384	0.00292	0.02359
1	0.06243	0.00924	0.01024	0.05372	0.03461	0.09070	0.02685	0.10256	0.03252	0.15795	0.02724	0.01044	0.00767	0.00415	0.00377	0.00102	0.01539	0.00326	0.00312	0.34310
2	0.03388	0.56756	0.01838	0.04453	0.01186	0.08745	0.00753	0.11236	0.00995	0.01212	0.00640	0.00749	0.00554	0.00406	0.00368	0.00104	0.05602	0.00260	0.00213	0.00540
3	0.00653	0.00541	0.00682	0.00680	0.00758	0.06052	0.00519	0.00788	0.00706	0.00967	0.01158	0.06444	0.01124	0.06334	0.69912	0.00590	0.01008	0.00482	0.00233	0.00371
4	0.01057	0.00904	0.00953	0.00850	0.01089	0.01044	0.00663	0.05673	0.78556	0.01776	0.01660	0.01526	0.01243	0.00561	0.00422	0.00140	0.00334	0.00465	0.00422	0.00660
5	0.01552	0.01980	0.01177	0.01070	0.01284	0.83735	0.00803	0.01659	0.01177	0.01017	0.00642	0.00749	0.00535	0.00428	0.00375	0.00107	0.00749	0.00268	0.00214	0.00482
6	0.00784	0.00738	0.01246	0.84404	0.02861	0.00923	0.01154	0.01061	0.00831	0.01061	0.00738	0.01107	0.00554	0.00415	0.00415	0.00138	0.00554	0.00369	0.00185	0.00461
7	0.00588	0.00425	0.00555	0.00523	0.00621	0.00392	0.00392	0.00784	0.01176	0.01666	0.82592	0.03103	0.03919	0.00849	0.00490	0.00131	0.00196	0.00751	0.00457	0.00392
8	0.00491	0.00421	0.00421	0.00421	0.00561	0.00351	0.00316	0.00596	0.00947	0.01122	0.04208	0.03997	0.82643	0.01052	0.00491	0.00140	0.00210	0.00877	0.00386	0.00351
9	0.01033	0.00892	0.00939	0.00845	0.01080	0.01033	0.00657	0.02207	0.82061	0.01738	0.01691	0.01550	0.01268	0.00564	0.00423	0.00141	0.00329	0.00470	0.00423	0.00657
10	0.00502	0.00376	0.00467	0.00540	0.00592	0.00341	0.00368	0.00583	0.00833	0.01076	0.02761	0.65168	0.22406	0.01240	0.00521	0.00162	0.00233	0.01106	0.00386	0.00341
11	0.00722	0.00361	0.00541	0.00541	0.00541	0.00361	0.00361	0.00541	0.00541	0.00722	0.00722	0.01263	0.00722	0.01443	0.01623	0.87915	0.00361	0.00361	0.00180	0.00180
12	0.00593	0.00445	0.00668	0.00668	0.00742	0.00519	0.00519	0.00742	0.00668	0.00964	0.01113	0.01632	0.01038	0.03115	0.83756	0.00668	0.01113	0.00445	0.00223	0.00371
13	0.00784	0.00738	0.01246	0.84404	0.02861	0.00923	0.01154	0.01061	0.00831	0.01061	0.00738	0.01107	0.00554	0.00415	0.00415	0.00138	0.00554	0.00369	0.00185	0.00461
14	0.00861	0.00738	0.00861	0.00615	0.00984	0.00554	0.00492	0.01046	0.00861	0.01354	0.00738	0.00861	0.00615	0.00308	0.00308	0.00062	0.00308	0.00246	0.00246	0.87941
15	0.00840	0.00720	0.00836	0.00604	0.00960	0.00542	0.00482	0.01020	0.00866	0.01340	0.00939	0.01043	0.05355	0.00351	0.00318	0.00066	0.00302	0.00283	0.00254	0.82880
16	0.00833	0.02149	0.83250	0.01184	0.01798	0.00965	0.01535	0.01315	0.00877	0.01315	0.00745	0.00877	0.00526	0.00395	0.00395	0.00132	0.00614	0.00307	0.00175	0.00614
17	0.00505	0.00365	0.00478	0.00568	0.00600	0.00338	0.00381	0.00580	0.00805	0.01064	0.02416	0.79766	0.08030	0.01285	0.00528	0.00167	0.00239	0.01161	0.00386	0.00338
18	0.00506	0.00361	0.00482	0.00578	0.00602	0.00337	0.00386	0.00578	0.00795	0.01060	0.02289	0.85131	0.02747	0.01301	0.00530	0.00169	0.00241	0.01181	0.00386	0.00337
19	0.00533	0.00384	0.00504	0.00591	0.00631	0.00361	0.00417	0.00621	0.00819	0.01079	0.02344	0.65210	0.07258	0.04944	0.00603	0.00181	0.00267	0.12533	0.00379	0.00341
20	0.88336	0.00803	0.00611	0.00546	0.00803	0.00932	0.00450	0.01221	0.00707	0.01864	0.00578	0.00675	0.00450	0.00386	0.00257	0.00129	0.00321	0.00225	0.00257	0.00450
21	0.01459	0.00928	0.01045	0.00845	0.01136	0.00993	0.00684	0.31199	0.28112	0.24756	0.01413	0.01309	0.00990	0.00524	0.00415	0.00130	0.00379	0.00418	0.02581	0.00683
22	0.01024	0.00883	0.00932	0.00839	0.01071	0.01020	0.00652	0.02179	0.80442	0.01736	0.03310	0.01581	0.01321	0.00569	0.00424	0.00141	0.00326	0.00475	0.00423	0.00652
23	0.01171	0.40725	0.01609	0.03002	0.06619	0.22792	0.00755	0.03290	0.03163	0.02210	0.00909	0.04621	0.04471	0.00471	0.00368	0.00108	0.02636	0.00336	0.00225	0.00517
24	0.00593	0.00445	0.00668	0.00668	0.00742	0.00519	0.00519	0.00742	0.00668	0.00964	0.01113	0.01632	0.01038	0.03115	0.83756	0.00668	0.01113	0.00445	0.00223	0.00371
25	0.58077	0.08524	0.00945	0.00773	0.06388	0.01068	0.00593	0.16558	0.00973	0.01894	0.00672	0.00759	0.00520	0.00403	0.00298	0.00124	0.00370	0.00263	0.00277	0.00520
26	0.08752	0.00768	0.02306	0.33956	0.01722	0.00867	0.00821	0.03651	0.19286	0.03534	0.01029	0.01235	0.00801	0.00856	0.13105	0.00213	0.00545	0.00383	0.00270	0.05898
27	0.01016	0.01878	0.67364	0.01117	0.01676	0.00904	0.02885	0.01439	0.00933	0.15583	0.00903	0.00975	0.00616	0.00415	0.00400	0.00131	0.00570	0.00330	0.00235	0.00629
28	0.00582	0.00424	0.00547	0.00516	0.00617	0.00389	0.00387	0.00773	0.01162	0.01633	0.77914	0.03156	0.08617	0.00861	0.00490	0.00131	0.00197	0.00759	0.00453	0.00389
29	0.01111	0.85652	0.02177	0.00711	0.01066	0.01644	0.00711	0.01244	0.00844	0.00977	0.00577	0.00666	0.00533	0.00355	0.00267	0.00089	0.00444	0.00222	0.00178	0.00533
30	0.00647	0.00513	0.00578	0.00617	0.00732	0.04063	0.00506	0.00804	0.00971	0.01243	0.08860	0.05169	0.29148	0.01019	0.00511	0.00159	0.00312	0.37566	0.06204	0.00377
31	0.00722	0.00361	0.00541	0.00541	0.00541	0.00361	0.00361	0.00541	0.00541	0.00722	0.00722	0.01263	0.00722	0.01443	0.01623	0.87915	0.00361	0.00361	0.00180	0.00180
32	0.88336	0.00803	0.00611	0.00546	0.00803	0.00932	0.00450	0.01221	0.00707	0.01864	0.00578	0.00675	0.00450	0.00386	0.00257	0.00129	0.00321	0.00225	0.00257	0.00450
33	0.00714	0.00415	0.00465	0.00452	0.00563	0.00390	0.00339	0.00887	0.00972	0.05052	0.22676	0.06219	0.15523	0.00712	0.00392	0.00117	0.00206	0.00600	0.42911	0.00394
34	0.88336	0.00803	0.00611	0.00546	0.00803	0.00932	0.00450	0.01221	0.00707	0.01864	0.00578	0.00675	0.00450	0.00386	0.00257	0.00129	0.00321	0.00225	0.00257	0.00450
35	0.00774	0.00387	0.00387	0.00387	0.00484	0.00387	0.00290	0.00968	0.00871	0.01549	0.01355	0.01549	0.01065	0.00484	0.00290	0.00097	0.00194	0.00387	0.87708	0.00387
36	0.00507	0.00373	0.00476	0.00553	0.00597	0.00342	0.00376	0.00590	0.00833	0.01095	0.06025	0.69983	0.14234	0.01246	0.00523	0.00163	0.00235	0.01119	0.00389	0.00342
37	0.00514	0.00366	0.00485	0.00577	0.00601	0.00343	0.00386	0.00586	0.00790	0.01053	0.02242	0.79562	0.02682	0.05191	0.00604	0.00180	0.00252	0.02873	0.00379	0.00334
38	0.00619	0.00434	0.00541	0.00537	0.00646	0.00393	0.00408	0.00773	0.01047	0.05175	0.40468	0.14027	0.23878	0.00973	0.00500	0.00144	0.00231	0.08395	0.00425	0.00388
39	0.00842	0.02089	0.78581	0.01217	0.01819	0.00970	0.06144	0.01316	0.00883	0.01316	0.00751	0.00891	0.00532	0.00392	0.00400	0.00132	0.00619	0.00318	0.00177	0.00611
40	0.00517	0.00368	0.00488	0.00580	0.00606	0.00346	0.00391	0.00591	0.00793	0.01056	0.02240	0.78155	0.02676	0.05188	0.00605	0.00180	0.00254	0.04252	0.00379	0.00335
41	0.00594	0.00416	0.00514	0.00514	0.00544	0.00434	0.00334	0.00644	0.00642	0.00870	0.01419	0.02475	0.06061	0.56484	0.25876	0.00465	0.00599	0.00573	0.00251	0.00292
42	0.01162	0.01098	0.01117	0.00946	0.01185	0.19146	0.09459	0.11960	0.27995	0.04413	0.02690	0.06514	0.03826	0.00628	0.02532	0.00144	0.00482	0.00472	0.03666	0.00564
43	0.09032	0.00947	0.01496	0.19815	0.51110	0.02656	0.03984	0.03693	0.00936	0.01371	0.00759	0.01009	0.00614	0.00386	0.00400	0.00127	0.00502	0.00359	0.00213	0.00591
44	0.02403	0.00778	0.01030	0.04475	0.16264	0.02755	0.02855	0.06240	0.16848	0.07807	0.09158	0.06638	0.05428	0.00704	0.02092	0.00150	0.03137	0.08210	0.02485	0.00543
45	0.01841	0.00743	0.00986	0.00756	0.01078	0.00663	0.00624	0.08221	0.01249	0.76818	0.01589	0.01381	0.01003	0.00513	0.00418	0.00128	0.00362	0.00414	0.00506	0.00707
46	0.00784	0.00503	0.00588	0.00546	0.00707	0.00446	0.00411	0.00963	0.05553	0.14785	0.09543	0.17479	0.37104	0.03009	0.00511	0.00145	0.00255	0.00778	0.00404	0.05487
47	0.00604	0.00403	0.00453	0.00453	0.00453	0.00403	0.00252	0.00604	0.00604	0.00805	0.01309	0.02718	0.01510	0.85402	0.02114	0.00403	0.00403	0.00604	0.00252	0.00252
48	0.00946	0.01043	0.02181	0.12941	0.02186	0.01000	0.64990	0.01275	0.00952	0.01295	0.00820	0.01101	0.00619	0.00356	0.00468	0.00135	0.00654	0.00457	0.00209	0.06373
49	0.81889	0.00817	0.00650	0.00571	0.00833	0.00939	0.00470	0.04956	0.00778	0.04183	0.00628	0.00710	0.00478	0.00394	0.00269	0.00128	0.00329	0.00237	0.00272	0.00469
50	0.01108	0.00870	0.01191	0.01060	0.06897	0.04096	0.13809	0.09035	0.21707	0.12688	0.04522	0.01857	0.03244	0.05450	0.02125	0.00165	0.00449	0.08797	0.00359	0.00571

[dist]
# distance from previous block
# <min> <max>
0	1

[block]
# block no. 6 follows, 64 sequences, length 38
# corresponding to MSA columns:
# 942-964,967-981
name=unknown_G
#
# <colnr> <probs for GDERKNQSTAVLIFYWHMCP>
#	G	D	E	R	K	N	Q	S	T	A	V	L	I	F	Y	W	H	M	C	P
0	0.01334	0.31366	0.05731	0.00926	0.01223	0.38046	0.00799	0.09250	0.05524	0.01212	0.00716	0.00794	0.00590	0.00415	0.00344	0.00105	0.00583	0.00275	0.00230	0.00538
1	0.00888	0.08300	0.73415	0.01138	0.01720	0.01030	0.01439	0.05039	0.00925	0.01351	0.00745	0.00867	0.00535	0.00397	0.00386	0.00128	0.00594	0.00304	0.00187	0.00612
2	0.00515	0.00409	0.00463	0.00477	0.00583	0.00356	0.00347	0.00632	0.00962	0.01224	0.20438	0.21699	0.48299	0.01064	0.00499	0.00144	0.00214	0.00917	0.00401	0.00356
3	0.11230	0.12378	0.26785	0.01063	0.01469	0.03156	0.12130	0.18599	0.03124	0.01608	0.00784	0.00901	0.00591	0.00424	0.00420	0.00127	0.04042	0.00332	0.00249	0.00588
4	0.00984	0.01104	0.02339	0.01684	0.02090	0.01049	0.75317	0.01396	0.06998	0.01361	0.00903	0.01152	0.00678	0.00366	0.00485	0.00140	0.00673	0.00489	0.00226	0.00567
5	0.00510	0.00368	0.00476	0.00561	0.00592	0.00342	0.00374	0.00581	0.00796	0.01052	0.02372	0.75543	0.08128	0.05430	0.00606	0.00178	0.00247	0.01132	0.00379	0.00334
6	0.00919	0.11506	0.05640	0.06717	0.03059	0.09545	0.10032	0.03496	0.00898	0.02115	0.05866	0.06601	0.03476	0.02566	0.09310	0.04615	0.08369	0.00453	0.04357	0.00460
7	0.01241	0.07222	0.05728	0.06522	0.19954	0.00942	0.01790	0.18527	0.03030	0.17522	0.06450	0.01253	0.00975	0.00472	0.00400	0.00123	0.00423	0.00396	0.06414	0.00616
8	0.00501	0.00421	0.00434	0.00431	0.00567	0.00355	0.00323	0.00615	0.00970	0.01177	0.12085	0.03908	0.74731	0.01032	0.00491	0.00139	0.00209	0.00864	0.00393	0.00355
9	0.00578	0.00411	0.00494	0.00502	0.00539	0.00413	0.00326	0.00629	0.00682	0.00904	0.01768	0.09327	0.13259	0.49786	0.18248	0.00399	0.00505	0.00658	0.00276	0.00297
10	0.01234	0.13796	0.09637	0.01425	0.19117	0.19271	0.13485	0.10108	0.01103	0.05816	0.00797	0.00931	0.00621	0.00402	0.00393	0.00119	0.00575	0.00341	0.00241	0.00589
11	0.00567	0.00472	0.00561	0.00625	0.06696	0.00425	0.00418	0.00729	0.03409	0.01256	0.18661	0.10672	0.52071	0.00970	0.00486	0.00140	0.00235	0.00830	0.00387	0.00389
12	0.00625	0.00446	0.00618	0.00714	0.00790	0.00440	0.00592	0.00784	0.00912	0.01193	0.02224	0.26644	0.02488	0.01189	0.00562	0.00185	0.00344	0.58497	0.00383	0.00370
13	0.88336	0.00803	0.00611	0.00546	0.00803	0.00932	0.00450	0.01221	0.00707	0.01864	0.00578	0.00675	0.00450	0.00386	0.00257	0.00129	0.00321	0.00225	0.00257	0.00450
14	0.01073	0.00890	0.00956	0.00853	0.01088	0.01015	0.00677	0.13042	0.63118	0.01812	0.01644	0.01777	0.01299	0.00611	0.00436	0.00144	0.00352	0.08160	0.00418	0.00638
15	0.00812	0.00692	0.00805	0.00598	0.00930	0.00526	0.00472	0.00984	0.00865	0.01319	0.01102	0.05702	0.07324	0.00422	0.00334	0.00074	0.00296	0.00348	0.00265	0.76132
16	0.01129	0.11878	0.01157	0.00888	0.03548	0.05468	0.00695	0.14193	0.48769	0.01698	0.01475	0.01407	0.04818	0.00537	0.00402	0.00129	0.00385	0.00428	0.00371	0.00625
