[name]
unknown

[dist]
# distance from previous block
# <min> <max>
0	426

[block]
# block no. 0 follows, 74 sequences, length 41
# corresponding to MSA columns:
# 689-729
name=unknown_A
#
# <colnr> <probs for GDERKNQSTAVLIFYWHMCP>
#	G	D	E	R	K	N	Q	S	T	A	V	L	I	F	Y	W	H	M	C	P
0	0.00475	0.00377	0.00442	0.00461	0.00555	0.00336	0.00335	0.00567	0.00771	0.00983	0.02685	0.31950	0.41314	0.02136	0.07584	0.00174	0.00276	0.02926	0.00324	0.05330
1	0.00941	0.03778	0.06230	0.21465	0.13716	0.16962	0.16408	0.02425	0.00866	0.04304	0.00793	0.07077	0.00676	0.00421	0.00397	0.00117	0.02371	0.00380	0.00204	0.00472
2	0.00981	0.06959	0.00984	0.00767	0.00957	0.10867	0.10040	0.07758	0.04250	0.16312	0.02348	0.29300	0.02476	0.00665	0.00412	0.00123	0.01706	0.00581	0.00314	0.02201
3	0.00900	0.15524	0.30218	0.04597	0.10095	0.03424	0.23146	0.02711	0.00844	0.04106	0.00697	0.00849	0.00528	0.00341	0.00359	0.00112	0.00524	0.00317	0.00184	0.00523
4	0.00994	0.69909	0.12026	0.00713	0.01048	0.08132	0.00732	0.01149	0.00782	0.00913	0.00539	0.00624	0.00476	0.00327	0.00260	0.00085	0.00437	0.00211	0.00161	0.00481
5	0.00457	0.00329	0.00425	0.00500	0.00527	0.00306	0.00332	0.00519	0.00709	0.00936	0.02105	0.75476	0.07994	0.06796	0.00565	0.00163	0.00223	0.01003	0.00337	0.00297
6	0.00610	0.00493	0.02699	0.05255	0.05582	0.00448	0.05144	0.00780	0.00933	0.04527	0.46887	0.19560	0.04103	0.00753	0.00433	0.00124	0.00256	0.00680	0.00352	0.00381
7	0.00890	0.00842	0.01292	0.04975	0.01320	0.03199	0.27326	0.05543	0.27700	0.02877	0.09290	0.02492	0.01079	0.00482	0.00478	0.00127	0.07928	0.01372	0.00286	0.00504
8	0.00456	0.00329	0.00432	0.00507	0.00537	0.00305	0.00342	0.00528	0.00737	0.00981	0.06786	0.77696	0.06735	0.01129	0.00470	0.00148	0.00212	0.01020	0.00348	0.00305
9	0.30599	0.00820	0.01101	0.02318	0.37264	0.00865	0.03424	0.10144	0.00889	0.06214	0.02625	0.00876	0.00614	0.00365	0.00326	0.00113	0.00379	0.00301	0.00240	0.00523
10	0.00933	0.06217	0.18515	0.02999	0.39877	0.06612	0.05944	0.05727	0.05952	0.01237	0.00756	0.02222	0.00612	0.00367	0.00361	0.00112	0.00473	0.00329	0.00202	0.00553
11	0.00447	0.00342	0.00411	0.00467	0.00525	0.00306	0.00323	0.00522	0.00758	0.00967	0.02648	0.57505	0.31274	0.01085	0.00461	0.00142	0.00206	0.00960	0.00345	0.00306
12	0.89577	0.00718	0.00546	0.00488	0.00718	0.00833	0.00402	0.01091	0.00632	0.01665	0.00517	0.00603	0.00402	0.00345	0.00230	0.00115	0.00287	0.00201	0.00230	0.00402
13	0.01370	0.00911	0.05915	0.00790	0.01076	0.02882	0.02084	0.40263	0.01329	0.30207	0.01104	0.03613	0.00786	0.00595	0.05179	0.00141	0.00422	0.00369	0.00371	0.00593
14	0.89577	0.00718	0.00546	0.00488	0.00718	0.00833	0.00402	0.01091	0.00632	0.01665	0.00517	0.00603	0.00402	0.00345	0.00230	0.00115	0.00287	0.00201	0.00230	0.00402
15	0.01339	0.01629	0.01154	0.01002	0.01212	0.71714	0.08440	0.02918	0.01040	0.03833	0.00625	0.00727	0.00504	0.00384	0.00361	0.00100	0.02102	0.00265	0.00203	0.00447
16	0.18227	0.00952	0.00979	0.00769	0.01042	0.01059	0.00631	0.64500	0.01489	0.02153	0.00846	0.02379	0.00634	0.02225	0.00377	0.00118	0.00381	0.00326	0.00341	0.00573
17	0.89577	0.00718	0.00546	0.00488	0.00718	0.00833	0.00402	0.01091	0.00632	0.01665	0.00517	0.00603	0.00402	0.00345	0.00230	0.00115	0.00287	0.00201	0.00230	0.00402
18	0.00956	0.00784	0.00843	0.00738	0.00947	0.00887	0.00581	0.16151	0.58161	0.01674	0.10934	0.01518	0.01338	0.00534	0.00386	0.00123	0.00301	0.02200	0.00379	0.00563
19	0.00525	0.00379	0.00496	0.00467	0.00555	0.00350	0.00350	0.00700	0.01051	0.01488	0.84444	0.02773	0.03502	0.00759	0.00438	0.00117	0.00175	0.00671	0.00409	0.00350
20	0.00972	0.00747	0.00809	0.00700	0.00884	0.03661	0.00555	0.38915	0.05460	0.01678	0.08265	0.16318	0.06752	0.00798	0.05211	0.00151	0.00371	0.05956	0.01316	0.00482
21	0.00911	0.00878	0.01513	0.04942	0.79738	0.00882	0.03393	0.01134	0.00843	0.01204	0.00698	0.00923	0.00584	0.00332	0.00370	0.00111	0.00448	0.00334	0.00183	0.00580
22	0.00725	0.00467	0.00578	0.00521	0.00656	0.00446	0.00400	0.00998	0.11575	0.13040	0.53587	0.02473	0.11649	0.00704	0.00421	0.00119	0.00211	0.00610	0.00405	0.00416
23	0.00481	0.00423	0.04998	0.02591	0.00652	0.00355	0.00423	0.00579	0.00724	0.00979	0.05471	0.71585	0.02261	0.01174	0.05262	0.00172	0.00282	0.00942	0.00325	0.00321
24	0.00812	0.00812	0.01137	0.00975	0.00975	0.01137	0.00812	0.00893	0.00568	0.00893	0.00487	0.00812	0.00487	0.00650	0.01218	0.00162	0.86276	0.00325	0.00162	0.00406
25	0.00515	0.00396	0.00496	0.03386	0.00627	0.00359	0.00362	0.00658	0.00929	0.01266	0.46660	0.14893	0.21449	0.00818	0.00432	0.00120	0.00200	0.00715	0.00366	0.05354
26	0.00791	0.00659	0.00772	0.00552	0.00881	0.00496	0.00442	0.00956	0.00777	0.03216	0.00679	0.00782	0.00559	0.00279	0.00277	0.00056	0.00276	0.00224	0.00226	0.87100
27	0.01044	0.16957	0.01102	0.00754	0.00999	0.02725	0.00620	0.19861	0.46867	0.01576	0.01180	0.02858	0.00913	0.00467	0.00351	0.00114	0.00344	0.00369	0.00331	0.00568
28	0.06048	0.01072	0.02920	0.04175	0.10967	0.10711	0.29957	0.25256	0.02623	0.01520	0.00762	0.00902	0.00573	0.00370	0.00382	0.00115	0.00516	0.00352	0.00246	0.00535
29	0.00878	0.00790	0.01258	0.15243	0.48744	0.00828	0.02427	0.02152	0.11855	0.03903	0.03107	0.03176	0.03166	0.00413	0.00377	0.00116	0.00410	0.00385	0.00232	0.00539
30	0.00628	0.00512	0.00563	0.00530	0.00672	0.00522	0.00405	0.01038	0.26883	0.02409	0.17078	0.04503	0.36346	0.00874	0.05220	0.00151	0.00267	0.00629	0.00360	0.00411
31	0.00550	0.00408	0.00538	0.00594	0.00685	0.00396	0.00499	0.00699	0.00844	0.01088	0.06711	0.06730	0.20327	0.01093	0.05104	0.00180	0.00330	0.52554	0.00338	0.00334
32	0.01653	0.00651	0.00873	0.00669	0.00957	0.00574	0.00553	0.05636	0.01094	0.81024	0.01437	0.01246	0.00905	0.00459	0.00373	0.00115	0.00320	0.00371	0.00455	0.00632
33	0.00866	0.00831	0.01424	0.22396	0.63528	0.00869	0.02495	0.01094	0.00821	0.01149	0.00690	0.00937	0.00565	0.00340	0.00370	0.00114	0.00457	0.00332	0.00179	0.00544
34	0.00919	0.00882	0.01507	0.02278	0.84640	0.00882	0.01139	0.01139	0.00845	0.01213	0.00698	0.00919	0.00588	0.00331	0.00367	0.00110	0.00441	0.00331	0.00184	0.00588
35	0.00695	0.00569	0.00695	0.00617	0.00776	0.00575	0.05291	0.10385	0.16667	0.01376	0.19661	0.07262	0.27806	0.00744	0.00425	0.00126	0.00266	0.05284	0.00358	0.00421
36	0.00445	0.00376	0.00385	0.00383	0.00505	0.00316	0.00287	0.00545	0.00862	0.01040	0.09895	0.03511	0.78331	0.00926	0.00439	0.00125	0.00187	0.00775	0.00350	0.00316
37	0.00799	0.00756	0.00923	0.03681	0.00965	0.05563	0.00635	0.02200	0.00724	0.01059	0.03226	0.04105	0.00752	0.00567	0.02274	0.00125	0.35817	0.03846	0.00210	0.31774
38	0.00475	0.00365	0.00427	0.00436	0.00520	0.00325	0.00313	0.00582	0.00864	0.01126	0.28460	0.20645	0.37151	0.05973	0.00531	0.00142	0.00200	0.00791	0.00358	0.00317
39	0.00811	0.19975	0.61162	0.00938	0.01419	0.02614	0.01152	0.01155	0.00782	0.01108	0.00632	0.00741	0.00476	0.00342	0.00324	0.00106	0.00504	0.00255	0.00161	0.05345
40	0.01256	0.02574	0.01102	0.01013	0.11703	0.13315	0.04503	0.25605	0.10222	0.18162	0.01055	0.04445	0.00811	0.00462	0.00374	0.00114	0.00421	0.01976	0.00325	0.00564

[dist]
# distance from previous block
# <min> <max>
1	21

[block]
# block no. 1 follows, 74 sequences, length 18
# corresponding to MSA columns:
# 751-768
name=unknown_B
#
# <colnr> <probs for GDERKNQSTAVLIFYWHMCP>
#	G	D	E	R	K	N	Q	S	T	A	V	L	I	F	Y	W	H	M	C	P
0	0.00899	0.06991	0.18938	0.05266	0.07219	0.00821	0.04847	0.12677	0.04355	0.05713	0.01874	0.03334	0.01936	0.03108	0.00442	0.00123	0.03104	0.08508	0.00253	0.09592
1	0.00767	0.01829	0.04448	0.00938	0.14812	0.00587	0.07722	0.01021	0.08283	0.09614	0.19881	0.15058	0.10501	0.00660	0.00415	0.00124	0.00313	0.02254	0.00322	0.00451
2	0.00496	0.00385	0.00453	0.00438	0.00541	0.00346	0.00328	0.00653	0.02683	0.01274	0.47229	0.06272	0.35873	0.00842	0.00438	0.00122	0.00184	0.00726	0.00380	0.00339
3	0.00850	0.00878	0.01542	0.08238	0.27625	0.04729	0.32184	0.02917	0.00880	0.01178	0.04474	0.03746	0.07056	0.00424	0.00416	0.00120	0.01600	0.00437	0.00214	0.00493
4	0.01065	0.01111	0.01097	0.03289	0.20494	0.28217	0.03266	0.08996	0.17681	0.01255	0.00969	0.09137	0.00841	0.00473	0.00372	0.00113	0.00468	0.00392	0.00258	0.00507
5	0.00955	0.00964	0.02058	0.01474	0.01841	0.00899	0.75033	0.01251	0.00895	0.09544	0.00822	0.01027	0.00599	0.00328	0.00432	0.00124	0.00595	0.00432	0.00215	0.00514
6	0.00443	0.00358	0.00395	0.00424	0.00514	0.00309	0.00303	0.00527	0.00800	0.00984	0.03179	0.31738	0.56699	0.01016	0.00451	0.00134	0.00197	0.00875	0.00345	0.00309
7	0.00641	0.00444	0.00585	0.02598	0.06738	0.00411	0.00445	0.00776	0.00890	0.09505	0.22287	0.13924	0.28109	0.00884	0.03017	0.00143	0.00264	0.07611	0.00351	0.00378
8	0.00757	0.00714	0.01221	0.73028	0.02419	0.00854	0.09223	0.05425	0.00810	0.01048	0.00681	0.00985	0.00509	0.00369	0.00378	0.00123	0.00503	0.00341	0.00178	0.00433
9	0.00744	0.01920	0.85032	0.01058	0.01607	0.00862	0.01371	0.01176	0.00784	0.01176	0.00666	0.00784	0.00470	0.00353	0.00353	0.00118	0.00549	0.00274	0.00157	0.00549
10	0.00452	0.00323	0.00431	0.00517	0.00538	0.00301	0.00345	0.00517	0.00711	0.00948	0.02046	0.86713	0.02455	0.01163	0.00474	0.00151	0.00215	0.01055	0.00345	0.00301
11	0.00876	0.00990	0.15562	0.23092	0.08509	0.00917	0.03395	0.11274	0.20911	0.01326	0.00895	0.01030	0.00680	0.00477	0.02338	0.00134	0.06486	0.00347	0.00243	0.00520
12	0.00487	0.00418	0.00422	0.00414	0.00548	0.00374	0.00313	0.00676	0.09142	0.01058	0.03536	0.03354	0.76170	0.00896	0.00433	0.00125	0.00199	0.00747	0.00348	0.00341
13	0.00567	0.00410	0.00558	0.00634	0.00707	0.00407	0.00522	0.00738	0.03472	0.01094	0.04654	0.26031	0.02234	0.01037	0.00496	0.00162	0.00301	0.55291	0.00346	0.00339
14	0.02233	0.07106	0.01371	0.17633	0.24817	0.03561	0.08606	0.02941	0.00765	0.01065	0.00628	0.00884	0.00533	0.00474	0.02179	0.00135	0.24088	0.00326	0.00178	0.00477
15	0.03642	0.05609	0.32358	0.02822	0.06664	0.19320	0.00940	0.11118	0.02975	0.01295	0.09045	0.00983	0.00816	0.00412	0.00352	0.00110	0.00491	0.00316	0.00225	0.00506
16	0.00589	0.00362	0.00403	0.00395	0.00487	0.00341	0.00295	0.00747	0.00879	0.01345	0.29293	0.04205	0.15765	0.00643	0.00354	0.00105	0.00177	0.00544	0.42733	0.00341
17	0.08641	0.18753	0.01460	0.04926	0.27334	0.08554	0.09421	0.04066	0.00838	0.03691	0.00648	0.00814	0.00535	0.00371	0.00413	0.00110	0.08429	0.00296	0.00196	0.00504

[dist]
# distance from previous block
# <min> <max>
1	5

[block]
# block no. 2 follows, 74 sequences, length 12
# corresponding to MSA columns:
# 774-785
name=unknown_C
#
# <colnr> <probs for GDERKNQSTAVLIFYWHMCP>
#	G	D	E	R	K	N	Q	S	T	A	V	L	I	F	Y	W	H	M	C	P
0	0.00912	0.13648	0.05337	0.04258	0.04495	0.04215	0.01701	0.10507	0.00900	0.02355	0.00721	0.00821	0.01794	0.00328	0.00301	0.00078	0.00358	0.00256	0.00225	0.46791
1	0.00927	0.01017	0.00774	0.00723	0.00823	0.38139	0.00528	0.01004	0.00781	0.00845	0.00830	0.01343	0.00822	0.24915	0.20132	0.00286	0.05198	0.00363	0.00201	0.00350
2	0.00443	0.00374	0.00384	0.00385	0.00505	0.00315	0.00287	0.00540	0.00851	0.01024	0.07602	0.06290	0.77856	0.00939	0.00440	0.00126	0.00188	0.00787	0.00348	0.00315
3	0.00504	0.00396	0.00457	0.00439	0.00549	0.00359	0.00330	0.00681	0.04613	0.01272	0.44416	0.03072	0.39907	0.00829	0.00436	0.00121	0.00186	0.00711	0.00378	0.00344
4	0.20084	0.12194	0.27737	0.00908	0.06293	0.03532	0.02655	0.11694	0.09144	0.01423	0.00728	0.00804	0.00552	0.00372	0.00319	0.00111	0.00428	0.00277	0.00225	0.00520
5	0.00539	0.00364	0.00424	0.00424	0.00430	0.00370	0.00248	0.00552	0.00545	0.00734	0.01152	0.02334	0.01308	0.78715	0.10073	0.00383	0.00422	0.00526	0.00222	0.00235
6	0.00559	0.00424	0.00620	0.00674	0.06487	0.00471	0.00461	0.00670	0.00602	0.00856	0.01011	0.01626	0.00993	0.20431	0.61829	0.00512	0.00821	0.00423	0.00203	0.00327
7	0.74785	0.00809	0.00628	0.00550	0.00783	0.06768	0.00448	0.06405	0.00747	0.04478	0.00577	0.00648	0.00440	0.00358	0.00251	0.00113	0.00323	0.00218	0.00244	0.00426
8	0.01485	0.00695	0.00976	0.00802	0.04786	0.00642	0.05652	0.08533	0.04397	0.62401	0.02883	0.03078	0.00947	0.00466	0.00380	0.00116	0.00343	0.00394	0.00416	0.00608
9	0.00590	0.00452	0.00488	0.00477	0.00515	0.04241	0.00314	0.00654	0.02229	0.00849	0.05348	0.02289	0.07646	0.55429	0.09920	0.00320	0.03008	0.02092	0.02861	0.00276
10	0.00606	0.00434	0.00540	0.00545	0.00622	0.02970	0.00402	0.00724	0.01974	0.06274	0.09800	0.24625	0.09587	0.08586	0.28497	0.00305	0.00500	0.02375	0.00296	0.00341
11	0.01025	0.07424	0.06192	0.05205	0.02300	0.29671	0.02253	0.06767	0.14071	0.01139	0.01070	0.04735	0.07567	0.00500	0.00439	0.00115	0.08450	0.00370	0.00243	0.00464

[dist]
# distance from previous block
# <min> <max>
1	110

[block]
# block no. 3 follows, 74 sequences, length 22
# corresponding to MSA columns:
# 897-918
name=unknown_D
#
# <colnr> <probs for GDERKNQSTAVLIFYWHMCP>
#	G	D	E	R	K	N	Q	S	T	A	V	L	I	F	Y	W	H	M	C	P
0	0.27899	0.04619	0.00947	0.00843	0.03904	0.48404	0.00633	0.02547	0.00894	0.01166	0.00566	0.00675	0.00468	0.00411	0.01528	0.00111	0.03516	0.00236	0.00203	0.00430
1	0.07288	0.20615	0.29033	0.00839	0.01196	0.06318	0.00874	0.13289	0.12124	0.02403	0.00770	0.00825	0.00586	0.00387	0.00339	0.00108	0.01967	0.00280	0.00230	0.00530
2	0.00479	0.00375	0.00434	0.00425	0.00528	0.00330	0.00316	0.00609	0.00934	0.01224	0.40802	0.07146	0.43338	0.00867	0.00440	0.00123	0.00183	0.00745	0.00374	0.00330
3	0.00520	0.00401	0.00478	0.00458	0.00564	0.00370	0.00347	0.00715	0.05280	0.01330	0.52832	0.02985	0.28869	0.00809	0.00437	0.00121	0.00189	0.02558	0.00385	0.00351
4	0.00461	0.00379	0.00409	0.00427	0.00539	0.00327	0.00328	0.00563	0.00837	0.01013	0.03400	0.09707	0.67708	0.00967	0.00451	0.00133	0.00210	0.11481	0.00344	0.00316
5	0.00604	0.00340	0.00374	0.00401	0.00469	0.00330	0.00287	0.00739	0.00760	0.01228	0.01598	0.28285	0.05502	0.00687	0.00336	0.00109	0.00187	0.00590	0.56843	0.00330
6	0.00582	0.00418	0.00579	0.00662	0.00744	0.00414	0.00570	0.00743	0.00843	0.01095	0.02026	0.10334	0.04661	0.01033	0.00508	0.00168	0.00328	0.73613	0.00342	0.00338
7	0.00744	0.01920	0.85032	0.01058	0.01607	0.00862	0.01371	0.01176	0.00784	0.01176	0.00666	0.00784	0.00470	0.00353	0.00353	0.00118	0.00549	0.00274	0.00157	0.00549
8	0.00568	0.00456	0.00606	0.00602	0.00670	0.04173	0.00462	0.00692	0.00613	0.00856	0.00985	0.01477	0.00931	0.07286	0.77188	0.00562	0.00945	0.00399	0.00200	0.00330
9	0.02238	0.00434	0.00560	0.00592	0.00697	0.00427	0.00499	0.02237	0.00879	0.06429	0.08529	0.04902	0.05277	0.00848	0.00445	0.00145	0.00290	0.49180	0.15027	0.00365
10	0.01130	0.57308	0.01633	0.00747	0.01021	0.30845	0.00664	0.01241	0.00858	0.00886	0.00536	0.00621	0.00477	0.00340	0.00272	0.00085	0.00492	0.00213	0.00170	0.00460
11	0.00669	0.00353	0.00369	0.02338	0.00490	0.00353	0.00282	0.00835	0.00777	0.01336	0.01350	0.05636	0.04665	0.00489	0.00280	0.00092	0.00183	0.00399	0.78757	0.00344
12	0.78006	0.00747	0.00628	0.00578	0.03427	0.00854	0.00452	0.07691	0.00736	0.03312	0.00571	0.00649	0.00436	0.00354	0.00248	0.00114	0.00302	0.00219	0.00244	0.00431
13	0.01420	0.01025	0.01105	0.00847	0.01144	0.01129	0.00700	0.80491	0.01721	0.05284	0.00912	0.00904	0.00642	0.00446	0.00371	0.00112	0.00405	0.00336	0.00374	0.00631
14	0.00456	0.00324	0.00430	0.00513	0.00533	0.00304	0.00340	0.00518	0.00704	0.00939	0.02012	0.83495	0.02413	0.04439	0.00528	0.00159	0.00221	0.01036	0.00340	0.00299
15	0.01005	0.81828	0.04540	0.00649	0.00973	0.01421	0.00656	0.01135	0.00765	0.03460	0.00550	0.00622	0.00490	0.00323	0.00246	0.00082	0.00399	0.00206	0.00168	0.00483
16	0.03695	0.00852	0.01322	0.14228	0.49516	0.04574	0.03446	0.01091	0.02231	0.01130	0.00692	0.00937	0.00580	0.00504	0.04982	0.00144	0.09047	0.00330	0.00185	0.00515
17	0.00482	0.00420	0.00417	0.00409	0.00530	0.02967	0.00307	0.00590	0.00886	0.01079	0.16871	0.03351	0.68618	0.00893	0.00435	0.00123	0.00201	0.00748	0.00350	0.00323
18	0.00549	0.00390	0.00501	0.00536	0.00589	0.00389	0.00379	0.04375	0.02200	0.02119	0.06511	0.49715	0.04507	0.10677	0.10978	0.00223	0.00340	0.04374	0.00321	0.00326
19	0.03426	0.00911	0.02283	0.10188	0.30787	0.04416	0.10500	0.17229	0.01811	0.07489	0.00802	0.01759	0.00618	0.00374	0.00368	0.00111	0.00446	0.00340	0.00246	0.05898
20	0.00673	0.00523	0.00690	0.00760	0.09929	0.00522	0.01966	0.03544	0.13545	0.04147	0.16812	0.28584	0.11758	0.01713	0.00446	0.00133	0.00264	0.03235	0.00344	0.00413
21	0.00744	0.00579	0.00628	0.00595	0.00699	0.06772	0.00454	0.03389	0.11930	0.03826	0.03951	0.08302	0.04054	0.06813	0.23330	0.00261	0.04605	0.01588	0.17092	0.00389

[dist]
# distance from previous block
# <min> <max>
4	26

[block]
# block no. 4 follows, 74 sequences, length 20
# corresponding to MSA columns:
# 945-964
name=unknown_E
#
# <colnr> <probs for GDERKNQSTAVLIFYWHMCP>
#	G	D	E	R	K	N	Q	S	T	A	V	L	I	F	Y	W	H	M	C	P
0	0.03203	0.03216	0.53627	0.02942	0.01346	0.05350	0.01053	0.02467	0.04684	0.01170	0.00926	0.11423	0.02378	0.00470	0.00361	0.00118	0.00470	0.00382	0.00204	0.04209
1	0.00613	0.07185	0.02869	0.01887	0.00683	0.03460	0.00427	0.00714	0.00738	0.00992	0.11453	0.26811	0.03035	0.18376	0.05961	0.00198	0.02007	0.02965	0.00275	0.09354
2	0.00672	0.00491	0.00577	0.00525	0.00666	0.00474	0.00409	0.09650	0.04622	0.04925	0.30805	0.03665	0.26796	0.00889	0.05958	0.00151	0.00281	0.04624	0.00362	0.03457
3	0.00477	0.00359	0.00437	0.00486	0.00547	0.00329	0.00340	0.02419	0.00793	0.01027	0.07014	0.55833	0.25130	0.01061	0.00460	0.00141	0.00212	0.02271	0.00349	0.00316
4	0.07819	0.00903	0.01177	0.04624	0.22246	0.00956	0.04052	0.38319	0.02315	0.12610	0.00882	0.00940	0.00639	0.00403	0.00363	0.00113	0.00406	0.00334	0.00309	0.00589
5	0.00895	0.00843	0.01369	0.13202	0.46753	0.00920	0.05519	0.07407	0.00866	0.01222	0.03468	0.00976	0.00659	0.00408	0.00507	0.00121	0.13791	0.00347	0.00200	0.00527
6	0.00492	0.00373	0.00427	0.00432	0.00532	0.00326	0.00317	0.00601	0.00874	0.03184	0.22613	0.19134	0.47513	0.00927	0.00444	0.00128	0.00193	0.00798	0.00363	0.00328
7	0.01349	0.00913	0.00961	0.00774	0.01032	0.07413	0.00624	0.39797	0.12779	0.22982	0.01156	0.04947	0.00851	0.00485	0.00372	0.00114	0.00376	0.00382	0.02103	0.00589
8	0.00719	0.00568	0.03720	0.00619	0.00705	0.03804	0.00484	0.02009	0.00671	0.08321	0.03188	0.01604	0.01021	0.25126	0.34890	0.01723	0.09824	0.00421	0.00231	0.00351
9	0.08558	0.05399	0.00909	0.00673	0.00933	0.02167	0.00555	0.22268	0.01150	0.42152	0.01187	0.04962	0.00845	0.00468	0.00351	0.00112	0.00334	0.00367	0.06047	0.00568
10	0.00517	0.00390	0.00481	0.00462	0.00560	0.00358	0.00350	0.00694	0.02872	0.01363	0.60718	0.02982	0.21933	0.00805	0.00440	0.00121	0.00188	0.04028	0.00391	0.00347
11	0.00469	0.00332	0.00438	0.00505	0.00538	0.00310	0.00343	0.00552	0.00760	0.01035	0.13543	0.72660	0.02561	0.01087	0.00463	0.00144	0.00209	0.00982	0.02762	0.00310
12	0.01182	0.08773	0.07447	0.02598	0.03483	0.25863	0.07490	0.24471	0.07181	0.02685	0.00796	0.00868	0.00607	0.00397	0.00348	0.00106	0.00494	0.00306	0.04387	0.00520
13	0.84200	0.00724	0.00572	0.00504	0.00738	0.00832	0.00415	0.03401	0.00677	0.04457	0.00559	0.00633	0.00426	0.00351	0.00238	0.00115	0.00291	0.00210	0.00241	0.00416
14	0.00451	0.00327	0.00426	0.00506	0.00536	0.00302	0.00340	0.00518	0.00721	0.00952	0.02178	0.80302	0.08781	0.01146	0.00471	0.00149	0.00213	0.01034	0.00345	0.00302
15	0.01067	0.13882	0.01028	0.00739	0.00957	0.19028	0.00595	0.17772	0.19655	0.03422	0.03807	0.05096	0.07145	0.00546	0.01830	0.00117	0.00408	0.00392	0.02017	0.00497
16	0.00540	0.00409	0.00601	0.00596	0.00655	0.00479	0.00459	0.00662	0.00592	0.00853	0.00990	0.01506	0.00943	0.08713	0.76690	0.00565	0.03818	0.00405	0.00199	0.00326
17	0.00452	0.00323	0.00431	0.00517	0.00538	0.00301	0.00345	0.00517	0.00711	0.00948	0.02046	0.86713	0.02455	0.01163	0.00474	0.00151	0.00215	0.01055	0.00345	0.00301
18	0.00568	0.00446	0.00681	0.00737	0.07147	0.00515	0.00526	0.00706	0.00615	0.00890	0.00958	0.01399	0.00890	0.02537	0.76625	0.00547	0.03275	0.00391	0.00197	0.00353
19	0.01781	0.29696	0.11955	0.12207	0.04290	0.07029	0.02623	0.06538	0.14308	0.03064	0.00776	0.00864	0.00610	0.00383	0.00343	0.00106	0.02409	0.00290	0.00220	0.00507

[dist]
# distance from previous block
# <min> <max>
0	1

[block]
# block no. 5 follows, 74 sequences, length 33
# corresponding to MSA columns:
# 966-998
name=unknown_F
#
# <colnr> <probs for GDERKNQSTAVLIFYWHMCP>
#	G	D	E	R	K	N	Q	S	T	A	V	L	I	F	Y	W	H	M	C	P
0	0.00686	0.00628	0.00853	0.00774	0.00803	0.02663	0.00619	0.00779	0.00594	0.00872	0.00798	0.05451	0.00807	0.08005	0.31039	0.00329	0.43348	0.00402	0.00190	0.00361
1	0.00891	0.00874	0.01391	0.21943	0.61140	0.05093	0.01093	0.01111	0.00831	0.01135	0.00683	0.00923	0.00561	0.00343	0.00367	0.00113	0.00465	0.00326	0.00180	0.00539
2	0.00439	0.00376	0.00376	0.00376	0.00501	0.00313	0.00282	0.00533	0.00846	0.01003	0.03760	0.03572	0.84489	0.00940	0.00439	0.00125	0.00188	0.00783	0.00345	0.00313
3	0.00470	0.00396	0.00410	0.00411	0.00534	0.00347	0.00310	0.00614	0.04996	0.01042	0.05355	0.07167	0.72735	0.00926	0.00439	0.00127	0.00198	0.02846	0.00348	0.00328
4	0.00812	0.00812	0.01137	0.00975	0.00975	0.01137	0.00812	0.00893	0.00568	0.00893	0.00487	0.00812	0.00487	0.00650	0.01218	0.00162	0.86276	0.00325	0.00162	0.00406
5	0.00701	0.00660	0.01113	0.86063	0.02556	0.00825	0.01031	0.00948	0.00742	0.00948	0.00660	0.00990	0.00495	0.00371	0.00371	0.00124	0.00495	0.00330	0.00165	0.00412
6	0.00992	0.87178	0.01945	0.00635	0.00953	0.01469	0.00635	0.01111	0.00754	0.00873	0.00516	0.00595	0.00476	0.00318	0.00238	0.00079	0.00397	0.00198	0.00159	0.00476
7	0.00456	0.00374	0.00402	0.00401	0.00514	0.00320	0.00298	0.00564	0.00879	0.01094	0.19297	0.07570	0.64711	0.00916	0.00440	0.00125	0.00187	0.00775	0.00357	0.00320
8	0.00919	0.00882	0.01507	0.02278	0.84640	0.00882	0.01139	0.01139	0.00845	0.01213	0.00698	0.00919	0.00588	0.00331	0.00367	0.00110	0.00441	0.00331	0.00184	0.00588
9	0.00770	0.00660	0.00770	0.00550	0.00880	0.00495	0.00440	0.00935	0.00770	0.01210	0.00660	0.00770	0.00550	0.00275	0.00275	0.00055	0.00275	0.00220	0.00220	0.89224
10	0.01382	0.01089	0.01089	0.00854	0.01134	0.09150	0.00697	0.73299	0.01650	0.02164	0.00893	0.03260	0.00667	0.00460	0.00371	0.00111	0.00428	0.00345	0.00353	0.00603
11	0.01387	0.01769	0.01052	0.00956	0.01148	0.85465	0.00717	0.01482	0.01052	0.00908	0.00574	0.00669	0.00478	0.00383	0.00335	0.00096	0.00669	0.00239	0.00191	0.00430
12	0.00497	0.00378	0.00456	0.00437	0.00537	0.00338	0.00328	0.00645	0.00983	0.01328	0.57805	0.03037	0.30241	0.00819	0.00438	0.00120	0.00179	0.00708	0.00388	0.00338
13	0.00452	0.00323	0.00431	0.00517	0.00538	0.00301	0.00345	0.00517	0.00711	0.00948	0.02046	0.86713	0.02455	0.01163	0.00474	0.00151	0.00215	0.01055	0.00345	0.00301
14	0.00500	0.00378	0.00469	0.00504	0.00589	0.00347	0.00391	0.00623	0.00858	0.01113	0.18592	0.22019	0.29275	0.00976	0.00465	0.00141	0.00231	0.21846	0.00356	0.00325
15	0.02797	0.08142	0.01075	0.00877	0.01090	0.54855	0.00679	0.07484	0.17257	0.01148	0.00774	0.00818	0.00616	0.00405	0.00336	0.00102	0.00549	0.00277	0.00239	0.00479
16	0.02867	0.00953	0.01085	0.00860	0.01078	0.01110	0.00712	0.58013	0.01399	0.03538	0.00805	0.00886	0.00605	0.00494	0.00573	0.00123	0.21428	0.00331	0.02576	0.00565
17	0.00866	0.00833	0.01418	0.20202	0.61703	0.00882	0.02649	0.01088	0.00811	0.01141	0.00681	0.00931	0.00563	0.00353	0.00408	0.00116	0.04301	0.00332	0.00179	0.00540
18	0.89577	0.00718	0.00546	0.00488	0.00718	0.00833	0.00402	0.01091	0.00632	0.01665	0.00517	0.00603	0.00402	0.00345	0.00230	0.00115	0.00287	0.00201	0.00230	0.00402
19	0.03041	0.08196	0.28347	0.03426	0.03397	0.07114	0.17303	0.03267	0.02343	0.01141	0.00828	0.05917	0.00709	0.04565	0.04135	0.00147	0.00513	0.00370	0.04772	0.00471
20	0.00512	0.00376	0.00451	0.00442	0.00517	0.00348	0.00317	0.00625	0.00867	0.01165	0.40496	0.02954	0.22053	0.21926	0.00798	0.00181	0.00232	0.05084	0.00345	0.00310
21	0.00919	0.00882	0.01507	0.02278	0.84640	0.00882	0.01139	0.01139	0.00845	0.01213	0.00698	0.00919	0.00588	0.00331	0.00367	0.00110	0.00441	0.00331	0.00184	0.00588
22	0.00446	0.00346	0.00407	0.00457	0.00523	0.00307	0.00318	0.00524	0.00768	0.00971	0.02774	0.51382	0.37316	0.01068	0.00459	0.00140	0.00204	0.00940	0.00345	0.00307
23	0.00692	0.00346	0.00346	0.00346	0.00432	0.00346	0.00259	0.00865	0.00778	0.01384	0.01211	0.01384	0.00951	0.00432	0.00259	0.00086	0.00173	0.00346	0.89016	0.00346
24	0.00992	0.87178	0.01945	0.00635	0.00953	0.01469	0.00635	0.01111	0.00754	0.00873	0.00516	0.00595	0.00476	0.00318	0.00238	0.00079	0.00397	0.00198	0.00159	0.00476
25	0.00540	0.00360	0.00405	0.00405	0.00405	0.00360	0.00225	0.00540	0.00540	0.00720	0.01170	0.02429	0.01349	0.86955	0.01889	0.00360	0.00360	0.00540	0.00225	0.00225
26	0.89577	0.00718	0.00546	0.00488	0.00718	0.00833	0.00402	0.01091	0.00632	0.01665	0.00517	0.00603	0.00402	0.00345	0.00230	0.00115	0.00287	0.00201	0.00230	0.00402
27	0.00525	0.00379	0.00496	0.00467	0.00555	0.00350	0.00350	0.00700	0.01051	0.01488	0.84444	0.02773	0.03502	0.00759	0.00438	0.00117	0.00175	0.00671	0.00409	0.00350
28	0.01368	0.01007	0.01083	0.00839	0.01123	0.01113	0.00689	0.79651	0.01698	0.02276	0.00943	0.04775	0.00714	0.00478	0.00376	0.00113	0.00400	0.00367	0.00370	0.00616
29	0.14335	0.00751	0.01150	0.40406	0.30514	0.00850	0.00953	0.01081	0.04387	0.01175	0.00688	0.00923	0.00541	0.00359	0.00349	0.00118	0.00436	0.00314	0.00191	0.00479
30	0.00839	0.01448	0.44808	0.01376	0.26819	0.06276	0.01160	0.01209	0.05901	0.01208	0.04906	0.00953	0.00698	0.00377	0.00362	0.00114	0.00489	0.00318	0.00193	0.00545
31	0.00495	0.00363	0.00472	0.00547	0.00586	0.00353	0.00383	0.00633	0.06067	0.01001	0.02004	0.73891	0.02342	0.01108	0.00471	0.00151	0.00232	0.08233	0.00346	0.00323
32	0.00647	0.00560	0.00551	0.00516	0.00665	0.04967	0.00394	0.02246	0.19669	0.02802	0.12433	0.02746	0.48853	0.00774	0.00417	0.00122	0.00242	0.00645	0.00354	0.00397

[dist]
# distance from previous block
# <min> <max>
2	4

[block]
# block no. 6 follows, 74 sequences, length 48
# corresponding to MSA columns:
# 1004-1051
name=unknown_G
#
# <colnr> <probs for GDERKNQSTAVLIFYWHMCP>
#	G	D	E	R	K	N	Q	S	T	A	V	L	I	F	Y	W	H	M	C	P
0	0.00501	0.00390	0.00467	0.00503	0.00603	0.00355	0.00403	0.00625	0.00849	0.01065	0.07763	0.11192	0.43201	0.00979	0.00468	0.00143	0.00244	0.29578	0.00347	0.00325
1	0.01587	0.00614	0.00836	0.00647	0.00921	0.00532	0.00532	0.01733	0.01062	0.79195	0.07136	0.01367	0.01095	0.00480	0.00378	0.00115	0.00306	0.00394	0.00456	0.00612
2	0.00980	0.82087	0.05507	0.00669	0.00997	0.01434	0.02049	0.01116	0.00758	0.00892	0.00526	0.00610	0.00478	0.00319	0.00246	0.00082	0.00407	0.00206	0.00159	0.00480
3	0.00923	0.00797	0.00839	0.00755	0.00965	0.00923	0.00588	0.01972	0.83969	0.01553	0.01511	0.01385	0.01133	0.00504	0.00378	0.00126	0.00294	0.00420	0.00378	0.00588
4	0.00540	0.00360	0.00405	0.00405	0.00405	0.00360	0.00225	0.00540	0.00540	0.00720	0.01170	0.02429	0.01349	0.86955	0.01889	0.00360	0.00360	0.00540	0.00225	0.00225
5	0.00525	0.00379	0.00496	0.00467	0.00555	0.00350	0.00350	0.00700	0.01051	0.01488	0.84444	0.02773	0.03502	0.00759	0.00438	0.00117	0.00175	0.00671	0.00409	0.00350
6	0.89577	0.00718	0.00546	0.00488	0.00718	0.00833	0.00402	0.01091	0.00632	0.01665	0.00517	0.00603	0.00402	0.00345	0.00230	0.00115	0.00287	0.00201	0.00230	0.00402
7	0.00923	0.00797	0.00839	0.00755	0.00965	0.00923	0.00588	0.01972	0.83969	0.01553	0.01511	0.01385	0.01133	0.00504	0.00378	0.00126	0.00294	0.00420	0.00378	0.00588
8	0.01411	0.01040	0.01114	0.00854	0.01151	0.01151	0.00706	0.83402	0.01745	0.02339	0.00891	0.00891	0.00631	0.00446	0.00371	0.00111	0.00408	0.00334	0.00371	0.00631
9	0.00892	0.00762	0.00816	0.00748	0.00946	0.00875	0.00589	0.01856	0.75958	0.01510	0.01555	0.01655	0.01230	0.00554	0.00391	0.00130	0.00298	0.08296	0.00374	0.00564
10	0.00530	0.00398	0.00597	0.00597	0.00663	0.00464	0.00464	0.00663	0.00597	0.00862	0.00994	0.01458	0.00928	0.02784	0.85484	0.00597	0.00994	0.00398	0.00199	0.00331
11	0.00598	0.00427	0.00598	0.00684	0.00769	0.00427	0.00598	0.00769	0.00854	0.01111	0.01965	0.04187	0.02136	0.01025	0.00513	0.00171	0.00342	0.82141	0.00342	0.00342
12	0.01383	0.01019	0.01094	0.00844	0.01133	0.01126	0.00695	0.80994	0.01715	0.02299	0.00925	0.03384	0.00684	0.00466	0.00374	0.00113	0.00403	0.00355	0.00371	0.00622
13	0.00770	0.00660	0.00770	0.00550	0.00880	0.00495	0.00440	0.00935	0.00770	0.01210	0.00660	0.00770	0.00550	0.00275	0.00275	0.00055	0.00275	0.00220	0.00220	0.89224
14	0.00744	0.01920	0.85032	0.01058	0.01607	0.00862	0.01371	0.01176	0.00784	0.01176	0.00666	0.00784	0.00470	0.00353	0.00353	0.00118	0.00549	0.00274	0.00157	0.00549
15	0.00701	0.00660	0.01113	0.86063	0.02556	0.00825	0.01031	0.00948	0.00742	0.00948	0.00660	0.00990	0.00495	0.00371	0.00371	0.00124	0.00495	0.00330	0.00165	0.00412
16	0.00439	0.00376	0.00376	0.00376	0.00501	0.00313	0.00282	0.00533	0.00846	0.01003	0.03760	0.03572	0.84489	0.00940	0.00439	0.00125	0.00188	0.00783	0.00345	0.00313
17	0.00878	0.00996	0.02161	0.01595	0.05481	0.00936	0.79774	0.01187	0.00875	0.01190	0.00749	0.00998	0.00564	0.00314	0.00435	0.00125	0.00618	0.00433	0.00188	0.00504
18	0.89577	0.00718	0.00546	0.00488	0.00718	0.00833	0.00402	0.01091	0.00632	0.01665	0.00517	0.00603	0.00402	0.00345	0.00230	0.00115	0.00287	0.00201	0.00230	0.00402
19	0.24489	0.04175	0.00784	0.00667	0.00849	0.15783	0.00523	0.13370	0.00936	0.07892	0.01071	0.21668	0.01045	0.00599	0.00367	0.00121	0.01950	0.02984	0.00289	0.00436
20	0.02472	0.05663	0.02351	0.03578	0.04427	0.12646	0.04069	0.01068	0.06173	0.08110	0.30800	0.01807	0.08407	0.00564	0.00381	0.00110	0.00330	0.00476	0.03901	0.02667
21	0.00530	0.00398	0.00597	0.00597	0.00663	0.00464	0.00464	0.00663	0.00597	0.00862	0.00994	0.01458	0.00928	0.02784	0.85484	0.00597	0.00994	0.00398	0.00199	0.00331
22	0.26987	0.00924	0.00879	0.00729	0.00980	0.05223	0.00589	0.35647	0.21244	0.01881	0.00916	0.00915	0.00678	0.00427	0.00330	0.00115	0.00358	0.00311	0.00323	0.00544
23	0.00691	0.00528	0.00605	0.00558	0.00700	0.00543	0.00427	0.01141	0.28846	0.04983	0.36993	0.04816	0.16277	0.00703	0.00416	0.00122	0.00224	0.00604	0.00388	0.00434
24	0.00943	0.00863	0.01465	0.05283	0.78045	0.00865	0.01110	0.01161	0.00851	0.04786	0.00730	0.00936	0.00599	0.00338	0.00368	0.00111	0.00438	0.00333	0.00195	0.00583
25	0.55463	0.00842	0.00765	0.00630	0.00885	0.00956	0.00519	0.32940	0.01063	0.01926	0.00662	0.00714	0.00491	0.00384	0.00285	0.00114	0.00334	0.00253	0.00285	0.00491
26	0.00992	0.87178	0.01945	0.00635	0.00953	0.01469	0.00635	0.01111	0.00754	0.00873	0.00516	0.00595	0.00476	0.00318	0.00238	0.00079	0.00397	0.00198	0.00159	0.00476
27	0.00520	0.00379	0.00488	0.00461	0.00551	0.00348	0.00346	0.00689	0.01037	0.01456	0.79078	0.02826	0.08889	0.00771	0.00438	0.00117	0.00176	0.00679	0.00404	0.00348
28	0.00645	0.00322	0.00484	0.00484	0.00484	0.00322	0.00322	0.00484	0.00484	0.00645	0.00645	0.01128	0.00645	0.01289	0.01451	0.89201	0.00322	0.00322	0.00161	0.00161
29	0.01411	0.01040	0.01114	0.00854	0.01151	0.01151	0.00706	0.83402	0.01745	0.02339	0.00891	0.00891	0.00631	0.00446	0.00371	0.00111	0.00408	0.00334	0.00371	0.00631
30	0.00515	0.00375	0.00493	0.00567	0.00613	0.00368	0.00415	0.00659	0.05481	0.01015	0.01974	0.60377	0.02277	0.03256	0.00513	0.00159	0.00253	0.20021	0.00343	0.00325
31	0.89577	0.00718	0.00546	0.00488	0.00718	0.00833	0.00402	0.01091	0.00632	0.01665	0.00517	0.00603	0.00402	0.00345	0.00230	0.00115	0.00287	0.00201	0.00230	0.00402
32	0.00451	0.00328	0.00426	0.00505	0.00535	0.00302	0.00339	0.00518	0.00722	0.00952	0.02192	0.79648	0.09426	0.01144	0.00471	0.00149	0.00213	0.01032	0.00345	0.00302
33	0.00673	0.00493	0.00643	0.00680	0.00790	0.00508	0.00581	0.06773	0.06978	0.01268	0.09987	0.03608	0.02090	0.00920	0.00485	0.00158	0.00327	0.62305	0.00353	0.00381
34	0.00453	0.00345	0.00417	0.00469	0.00530	0.00309	0.00327	0.00534	0.00773	0.00991	0.05941	0.53461	0.30718	0.01068	0.00461	0.00141	0.00206	0.02201	0.00347	0.00308
35	0.00464	0.00372	0.00427	0.00434	0.00533	0.00335	0.00322	0.00572	0.00831	0.01054	0.15638	0.13696	0.51876	0.01156	0.10409	0.00182	0.00284	0.00755	0.00337	0.00320
36	0.00744	0.01920	0.85032	0.01058	0.01607	0.00862	0.01371	0.01176	0.00784	0.01176	0.00666	0.00784	0.00470	0.00353	0.00353	0.00118	0.00549	0.00274	0.00157	0.00549
37	0.00452	0.00323	0.00431	0.00517	0.00538	0.00301	0.00345	0.00517	0.00711	0.00948	0.02046	0.86713	0.02455	0.01163	0.00474	0.00151	0.00215	0.01055	0.00345	0.00301
38	0.01215	0.00569	0.00739	0.00608	0.00818	0.00520	0.00485	0.08425	0.01076	0.47114	0.20831	0.10359	0.04361	0.00615	0.00400	0.00119	0.00277	0.00522	0.00425	0.00522
39	0.01026	0.00827	0.00882	0.03087	0.01012	0.03231	0.00608	0.27385	0.39648	0.02792	0.03169	0.09054	0.02440	0.00563	0.00389	0.00123	0.00336	0.02514	0.00362	0.00551
40	0.89577	0.00718	0.00546	0.00488	0.00718	0.00833	0.00402	0.01091	0.00632	0.01665	0.00517	0.00603	0.00402	0.00345	0.00230	0.00115	0.00287	0.00201	0.00230	0.00402
41	0.00770	0.02669	0.27420	0.13754	0.22039	0.00796	0.03742	0.04242	0.00833	0.01170	0.05396	0.04602	0.04121	0.01869	0.03534	0.00140	0.01818	0.00385	0.00205	0.00493
42	0.03247	0.00490	0.00553	0.02244	0.00614	0.00477	0.00332	0.08179	0.00702	0.00992	0.01052	0.04474	0.01132	0.56921	0.01345	0.00265	0.00346	0.00466	0.00240	0.15929
43	0.00771	0.00581	0.00694	0.00533	0.00790	0.00463	0.00421	0.02013	0.00874	0.07812	0.20035	0.01444	0.06568	0.00444	0.00331	0.00079	0.00252	0.00372	0.00292	0.55231
44	0.00539	0.00334	0.00439	0.00472	0.00481	0.00326	0.00301	0.00513	0.00588	0.00783	0.01341	0.34283	0.01552	0.27282	0.01210	0.28109	0.00293	0.00669	0.00251	0.00234
45	0.39749	0.08831	0.00836	0.00613	0.00844	0.03052	0.01660	0.12206	0.05525	0.09956	0.04653	0.00957	0.02046	0.00464	0.02069	0.00121	0.01875	0.00295	0.03782	0.00468
46	0.28912	0.25531	0.09544	0.00771	0.05508	0.08245	0.00670	0.10946	0.00872	0.01362	0.01687	0.01838	0.00569	0.00379	0.00288	0.00104	0.00398	0.01680	0.00219	0.00475
47	0.07959	0.25813	0.02521	0.06303	0.06411	0.11331	0.00731	0.03917	0.02021	0.03572	0.00633	0.00787	0.01418	0.00435	0.00535	0.00114	0.22634	0.00274	0.00194	0.02396

[dist]
# distance from previous block
# <min> <max>
0	72

[block]
# block no. 7 follows, 74 sequences, length 23
# corresponding to MSA columns:
# 1124-1146
name=unknown_H
#
# <colnr> <probs for GDERKNQSTAVLIFYWHMCP>
#	G	D	E	R	K	N	Q	S	T	A	V	L	I	F	Y	W	H	M	C	P
0	0.03631	0.25144	0.02284	0.06989	0.04310	0.06346	0.02877	0.16152	0.02305	0.05624	0.10463	0.04824	0.02177	0.00480	0.00345	0.00107	0.00384	0.03307	0.00270	0.01982
1	0.36102	0.00815	0.00876	0.04335	0.01034	0.02430	0.06956	0.10984	0.26351	0.05229	0.00931	0.00953	0.00693	0.00409	0.00322	0.00119	0.00347	0.00315	0.00295	0.00504
2	0.03093	0.00672	0.00819	0.00589	0.00916	0.00522	0.03393	0.00987	0.00783	0.04965	0.00695	0.00796	0.00563	0.00286	0.00284	0.00062	0.00290	0.00234	0.00230	0.79822
3	0.00780	0.23911	0.35042	0.02302	0.01162	0.04485	0.00880	0.01052	0.03744	0.01061	0.03463	0.16274	0.00990	0.00527	0.00352	0.00114	0.00427	0.02753	0.00213	0.00467
4	0.65142	0.00807	0.00703	0.00590	0.00838	0.00921	0.00486	0.23904	0.00940	0.01852	0.00621	0.00683	0.00466	0.00373	0.00269	0.00114	0.00321	0.00238	0.00269	0.00466
5	0.00440	0.00372	0.00380	0.00387	0.00504	0.00312	0.00287	0.00531	0.00836	0.00999	0.03629	0.09917	0.78229	0.00957	0.00441	0.00127	0.00190	0.00804	0.00345	0.00312
6	0.00459	0.00326	0.00429	0.00508	0.00528	0.00306	0.00335	0.00519	0.00698	0.00930	0.01979	0.80281	0.02371	0.07710	0.00582	0.00167	0.00226	0.01016	0.00335	0.00296
7	0.00957	0.75066	0.13749	0.00695	0.01046	0.01383	0.00740	0.01121	0.00758	0.00916	0.00537	0.00622	0.00475	0.00323	0.00254	0.00085	0.00418	0.00209	0.00158	0.00487
8	0.00462	0.00330	0.00441	0.00527	0.00553	0.00310	0.00361	0.00533	0.00720	0.00958	0.02041	0.81440	0.02435	0.01154	0.00476	0.00152	0.00223	0.06236	0.00344	0.00304
9	0.00452	0.00323	0.00431	0.00517	0.00538	0.00301	0.00345	0.00517	0.00711	0.00948	0.02046	0.86713	0.02455	0.01163	0.00474	0.00151	0.00215	0.01055	0.00345	0.00301
10	0.00876	0.01001	0.02190	0.01564	0.01940	0.00939	0.83292	0.01189	0.00876	0.01189	0.00751	0.01001	0.00563	0.00313	0.00438	0.00125	0.00626	0.00438	0.00188	0.00501
11	0.00749	0.00695	0.01155	0.77806	0.02450	0.00848	0.04184	0.05795	0.00806	0.01039	0.00677	0.00984	0.00505	0.00373	0.00374	0.00123	0.00495	0.00334	0.00178	0.00429
12	0.00442	0.00376	0.00380	0.00379	0.00503	0.00315	0.00284	0.00539	0.00853	0.01020	0.06663	0.03543	0.81576	0.00934	0.00439	0.00125	0.00188	0.00779	0.00347	0.00315
13	0.00525	0.00379	0.00496	0.00467	0.00555	0.00350	0.00350	0.00700	0.01051	0.01488	0.84444	0.02773	0.03502	0.00759	0.00438	0.00117	0.00175	0.00671	0.00409	0.00350
14	0.01278	0.01688	0.07421	0.00936	0.01144	0.73567	0.00743	0.01397	0.01010	0.00931	0.00675	0.06176	0.00604	0.00430	0.00345	0.00101	0.00631	0.00294	0.00198	0.00431
15	0.00744	0.01920	0.85032	0.01058	0.01607	0.00862	0.01371	0.01176	0.00784	0.01176	0.00666	0.00784	0.00470	0.00353	0.00353	0.00118	0.00549	0.00274	0.00157	0.00549
16	0.01925	0.09687	0.04174	0.03509	0.12606	0.01926	0.06082	0.03343	0.05088	0.03470	0.00723	0.00840	0.00582	0.00325	0.00326	0.00084	0.01685	0.00272	0.00220	0.43133
17	0.01002	0.00722	0.00842	0.00617	0.00936	0.00615	0.00500	0.15308	0.00978	0.12769	0.00809	0.00858	0.00614	0.00329	0.00305	0.00073	0.00304	0.00260	0.00279	0.61880
18	0.00770	0.00660	0.00770	0.00550	0.00880	0.00495	0.00440	0.00935	0.00770	0.01210	0.00660	0.00770	0.00550	0.00275	0.00275	0.00055	0.00275	0.00220	0.00220	0.89224
19	0.01046	0.00866	0.01125	0.12116	0.08818	0.00964	0.07063	0.32146	0.19549	0.01658	0.01031	0.02418	0.02223	0.00456	0.00413	0.00119	0.04035	0.00379	0.03025	0.00550
20	0.00457	0.00328	0.00434	0.00510	0.00539	0.00305	0.00343	0.00529	0.00736	0.00983	0.07351	0.79391	0.04455	0.01132	0.00471	0.00148	0.00212	0.01024	0.00349	0.00305
21	0.00901	0.05409	0.00978	0.05089	0.10788	0.00726	0.00608	0.11461	0.08327	0.03205	0.02036	0.02353	0.00694	0.00357	0.00318	0.00083	0.00329	0.00294	0.00253	0.45793
22	0.03685	0.01903	0.06776	0.04814	0.06419	0.18693	0.04027	0.04743	0.09311	0.16586	0.06433	0.01105	0.01765	0.00472	0.02075	0.00117	0.01292	0.00341	0.00282	0.09161

[dist]
# distance from previous block
# <min> <max>
1	59

[block]
# block no. 8 follows, 74 sequences, length 16
# corresponding to MSA columns:
# 1206-1221
name=unknown_I
#
# <colnr> <probs for GDERKNQSTAVLIFYWHMCP>
#	G	D	E	R	K	N	Q	S	T	A	V	L	I	F	Y	W	H	M	C	P
0	0.00555	0.02581	0.00527	0.00492	0.00525	0.00441	0.00335	0.00610	0.00576	0.00797	0.01109	0.05013	0.01196	0.49773	0.29352	0.00412	0.02898	0.00493	0.02038	0.00277
1	0.01210	0.21009	0.01255	0.00792	0.02399	0.04578	0.00660	0.48016	0.03422	0.01765	0.00812	0.02988	0.00640	0.00416	0.00333	0.00100	0.00397	0.00309	0.00297	0.08604
2	0.02086	0.09015	0.05460	0.10970	0.15107	0.03260	0.00737	0.04082	0.01946	0.12914	0.07329	0.02145	0.02790	0.00437	0.00362	0.00108	0.00383	0.00354	0.00273	0.20243
3	0.00847	0.16008	0.33573	0.00898	0.04649	0.03962	0.03329	0.02211	0.00819	0.07126	0.03693	0.11111	0.02052	0.00537	0.01904	0.00124	0.03116	0.02121	0.00224	0.01697
4	0.00550	0.00395	0.00490	0.00533	0.00592	0.00383	0.00386	0.05662	0.00800	0.01061	0.03521	0.47107	0.10366	0.10359	0.00618	0.00169	0.00259	0.13900	0.02526	0.00323
5	0.00730	0.00549	0.00702	0.12687	0.06982	0.02346	0.02527	0.04365	0.07523	0.01328	0.15301	0.01682	0.05977	0.01948	0.00375	0.00112	0.00286	0.02127	0.32045	0.00406
6	0.01033	0.39458	0.09489	0.03955	0.04427	0.08351	0.15783	0.07143	0.00894	0.05276	0.00664	0.00774	0.00530	0.00344	0.00319	0.00099	0.00478	0.00281	0.00198	0.00504
7	0.00540	0.00359	0.00401	0.00404	0.00415	0.00355	0.00233	0.00555	0.00571	0.00773	0.01322	0.04911	0.05353	0.75983	0.01697	0.00329	0.00338	0.00557	0.04667	0.00237
8	0.00492	0.00378	0.00449	0.00432	0.00534	0.00336	0.00324	0.00635	0.00971	0.01299	0.52994	0.03084	0.35070	0.00829	0.00438	0.00120	0.00180	0.00715	0.00384	0.00336
9	0.03450	0.38805	0.05042	0.00950	0.05525	0.28828	0.05816	0.05251	0.00950	0.01087	0.00647	0.00771	0.00552	0.00389	0.00327	0.00105	0.00527	0.00265	0.00206	0.00509
10	0.00811	0.00646	0.00974	0.32612	0.07420	0.00717	0.04709	0.12263	0.00903	0.05241	0.01106	0.19934	0.01047	0.00610	0.01490	0.00133	0.01692	0.02753	0.04500	0.00439
11	0.00720	0.00373	0.00376	0.00366	0.00460	0.00377	0.00277	0.04046	0.00816	0.01421	0.01199	0.01365	0.00939	0.00433	0.00264	0.00087	0.00182	0.00346	0.85599	0.00357
12	0.00539	0.00331	0.00400	0.00455	0.00500	0.00318	0.00314	0.00643	0.00735	0.01106	0.01742	0.55711	0.01909	0.00898	0.00396	0.00127	0.00200	0.00798	0.32560	0.00318
13	0.00547	0.00450	0.00605	0.03631	0.10882	0.00428	0.00467	0.00690	0.00874	0.01153	0.24923	0.07115	0.33863	0.00947	0.06619	0.00159	0.00295	0.05662	0.00326	0.00363
