[name]
unknown

[dist]
# distance from previous block
# <min> <max>
2	29

[block]
# block no. 0 follows, 73 sequences, length 53
# corresponding to MSA columns:
# 29-81
name=unknown_A
#
# <colnr> <probs for GDERKNQSTAVLIFYWHMCP>
#	G	D	E	R	K	N	Q	S	T	A	V	L	I	F	Y	W	H	M	C	P
0	0.00922	0.14471	0.42790	0.01050	0.09505	0.07845	0.01051	0.03186	0.03573	0.05598	0.04978	0.00918	0.00695	0.00389	0.00356	0.00111	0.01524	0.00301	0.00206	0.00533
1	0.03932	0.05620	0.03361	0.00670	0.00842	0.04635	0.05666	0.05182	0.10495	0.02440	0.18969	0.06952	0.14295	0.02682	0.00451	0.00133	0.00319	0.12613	0.00327	0.00416
2	0.04377	0.13719	0.16130	0.03749	0.00986	0.00695	0.04917	0.00941	0.00888	0.04138	0.32768	0.05468	0.02859	0.02923	0.00419	0.00119	0.00335	0.00477	0.00287	0.03806
3	0.01928	0.06892	0.18319	0.01237	0.08516	0.00884	0.34370	0.06262	0.00922	0.01291	0.09983	0.01137	0.01787	0.00390	0.00392	0.00115	0.00497	0.00395	0.00221	0.04461
4	0.02522	0.53650	0.21963	0.00769	0.02791	0.01207	0.00807	0.01151	0.02608	0.03377	0.03868	0.00836	0.02327	0.00368	0.00290	0.00095	0.00420	0.00262	0.00189	0.00499
5	0.00831	0.20149	0.41549	0.00902	0.01311	0.00941	0.06945	0.01178	0.05874	0.02983	0.05741	0.00976	0.00745	0.02582	0.00379	0.00114	0.00462	0.00311	0.00202	0.05823
6	0.02910	0.00730	0.01180	0.58589	0.19922	0.00842	0.01009	0.03975	0.00811	0.02166	0.00691	0.00967	0.00531	0.00366	0.00367	0.00119	0.00470	0.00327	0.00186	0.03844
7	0.00477	0.00337	0.00431	0.00498	0.00519	0.00319	0.00326	0.00532	0.00689	0.00915	0.01932	0.65682	0.04478	0.18762	0.00772	0.00195	0.00249	0.02273	0.00323	0.00290
8	0.00869	0.00988	0.02144	0.01536	0.01905	0.00925	0.79957	0.01177	0.00884	0.01195	0.00875	0.01111	0.03759	0.00340	0.00443	0.00127	0.00616	0.00456	0.00196	0.00499
9	0.01683	0.00638	0.00871	0.00668	0.00958	0.00551	0.00551	0.01828	0.01074	0.84734	0.01480	0.01277	0.00929	0.00464	0.00377	0.00116	0.00319	0.00377	0.00464	0.00638
10	0.00487	0.00382	0.00440	0.00426	0.00533	0.00335	0.00319	0.00623	0.00958	0.01257	0.43709	0.03210	0.44262	0.00859	0.00443	0.00122	0.00184	0.00736	0.00380	0.00335
11	0.00523	0.00383	0.00490	0.00464	0.00556	0.00351	0.00348	0.00693	0.01043	0.01460	0.76966	0.02876	0.10878	0.00784	0.00443	0.00119	0.00178	0.00689	0.00407	0.00351
12	0.00465	0.00332	0.00444	0.00531	0.00556	0.00311	0.00362	0.00536	0.00726	0.00966	0.02064	0.82298	0.02465	0.01168	0.00481	0.00153	0.00224	0.05263	0.00348	0.00307
13	0.01004	0.00811	0.00866	0.00764	0.00985	0.00925	0.00598	0.06658	0.74422	0.06295	0.01488	0.01364	0.01104	0.00503	0.00381	0.00126	0.00305	0.00417	0.00386	0.00599
14	0.01003	0.87041	0.01966	0.00642	0.00963	0.01485	0.00642	0.01123	0.00762	0.00883	0.00522	0.00602	0.00481	0.00321	0.00241	0.00080	0.00401	0.00201	0.00160	0.00481
15	0.01393	0.01019	0.01091	0.00840	0.01131	0.01127	0.00693	0.79502	0.01720	0.02321	0.00915	0.00923	0.00653	0.00450	0.00370	0.00111	0.00402	0.00338	0.04376	0.00625
16	0.00543	0.00376	0.00470	0.00470	0.00491	0.00397	0.00303	0.00584	0.00564	0.00772	0.01127	0.02148	0.01231	0.60553	0.27989	0.00439	0.00564	0.00501	0.00219	0.00261
17	0.00810	0.03620	0.48453	0.01257	0.01728	0.00911	0.34283	0.01184	0.00826	0.01180	0.00711	0.00898	0.00525	0.01457	0.00408	0.00124	0.00580	0.00346	0.00172	0.00529
18	0.00990	0.03357	0.00931	0.03880	0.03340	0.06092	0.00637	0.04417	0.66408	0.03624	0.01366	0.01287	0.01026	0.00484	0.00374	0.00123	0.00339	0.00397	0.00353	0.00577
19	0.00728	0.00687	0.01161	0.78333	0.10008	0.00839	0.01052	0.00976	0.00760	0.00983	0.00670	0.00994	0.00509	0.00371	0.00375	0.00124	0.00495	0.00333	0.00168	0.00433
20	0.00546	0.00364	0.00409	0.00409	0.00409	0.00364	0.00227	0.00546	0.00546	0.00727	0.01182	0.02455	0.01364	0.86815	0.01910	0.00364	0.00364	0.00546	0.00227	0.00227
21	0.00682	0.00540	0.03458	0.02688	0.00898	0.00507	0.04322	0.05325	0.00898	0.03466	0.01794	0.13340	0.01916	0.00935	0.00490	0.00161	0.00357	0.57511	0.00333	0.00380
22	0.00778	0.00667	0.00778	0.00556	0.00889	0.00500	0.00445	0.00945	0.00778	0.01223	0.00667	0.00778	0.00556	0.00278	0.00278	0.00056	0.00278	0.00222	0.00222	0.89108
23	0.00467	0.00334	0.00446	0.00529	0.00557	0.00313	0.00362	0.00541	0.00737	0.00984	0.04749	0.79629	0.02500	0.01155	0.00480	0.00152	0.00223	0.05184	0.00350	0.00308
24	0.01007	0.00843	0.00890	0.00778	0.01004	0.00968	0.00612	0.14138	0.71532	0.01688	0.01433	0.01325	0.01069	0.00500	0.00381	0.00125	0.00314	0.00411	0.00381	0.00600
25	0.01223	0.00749	0.00946	0.00828	0.05447	0.01859	0.02624	0.26584	0.03860	0.27775	0.01200	0.08979	0.00950	0.00856	0.12595	0.00189	0.02001	0.00430	0.00355	0.00550
26	0.00768	0.14978	0.12096	0.02583	0.01783	0.03070	0.03316	0.03979	0.10390	0.02139	0.36528	0.01777	0.03973	0.00562	0.00383	0.00113	0.00326	0.00475	0.00311	0.00452
27	0.00873	0.00817	0.02209	0.06832	0.53040	0.00842	0.00966	0.03844	0.10496	0.01248	0.00987	0.04945	0.02837	0.00510	0.02574	0.00133	0.02830	0.03242	0.00230	0.00545
28	0.00778	0.00667	0.00778	0.00556	0.00889	0.00500	0.00445	0.00945	0.00778	0.01223	0.00667	0.00778	0.00556	0.00278	0.00278	0.00056	0.00278	0.00222	0.00222	0.89108
29	0.00712	0.00671	0.01132	0.84414	0.04052	0.00835	0.01044	0.00962	0.00752	0.00963	0.00668	0.00999	0.00502	0.00374	0.00375	0.00125	0.00499	0.00333	0.00167	0.00420
30	0.00699	0.00350	0.00350	0.00350	0.00437	0.00350	0.00262	0.00874	0.00787	0.01399	0.01224	0.01399	0.00962	0.00437	0.00262	0.00087	0.00175	0.00350	0.88898	0.00350
31	0.00457	0.00326	0.00435	0.00522	0.00544	0.00305	0.00348	0.00522	0.00718	0.00958	0.02068	0.86570	0.02481	0.01175	0.00479	0.00152	0.00218	0.01067	0.00348	0.00305
32	0.00473	0.00339	0.00453	0.00539	0.00570	0.00319	0.00376	0.00551	0.00737	0.00977	0.02090	0.75812	0.03919	0.01156	0.00483	0.00154	0.00232	0.10162	0.00348	0.00310
33	0.00791	0.00678	0.00784	0.00573	0.00896	0.00536	0.00457	0.01031	0.07572	0.01251	0.00737	0.00829	0.00604	0.00297	0.00286	0.00061	0.00279	0.00239	0.00235	0.81865
34	0.00460	0.00328	0.00435	0.00519	0.00540	0.00306	0.00345	0.00523	0.00713	0.00951	0.02042	0.84141	0.02449	0.03648	0.00520	0.00158	0.00222	0.01052	0.00345	0.00302
35	0.03972	0.00583	0.00758	0.00603	0.00845	0.00521	0.00491	0.02613	0.01029	0.62049	0.08935	0.01409	0.01152	0.00485	0.00363	0.00112	0.00286	0.00395	0.12834	0.00565
36	0.01402	0.01774	0.01064	0.00965	0.01160	0.83733	0.00725	0.03028	0.01076	0.00945	0.00586	0.00681	0.00486	0.00388	0.00339	0.00097	0.00672	0.00243	0.00197	0.00439
37	0.00627	0.00485	0.00637	0.00692	0.09828	0.00467	0.00459	0.00880	0.08880	0.03318	0.53525	0.02546	0.14764	0.00715	0.00428	0.00119	0.00223	0.00626	0.00377	0.00404
38	0.00778	0.00667	0.00778	0.00556	0.00889	0.00500	0.00445	0.00945	0.00778	0.01223	0.00667	0.00778	0.00556	0.00278	0.00278	0.00056	0.00278	0.00222	0.00222	0.89108
39	0.00460	0.00329	0.00438	0.00521	0.00545	0.00307	0.00348	0.00529	0.00731	0.00977	0.05027	0.83555	0.02519	0.01161	0.00478	0.00151	0.00216	0.01053	0.00351	0.00307
40	0.00445	0.00372	0.00388	0.00401	0.00512	0.00315	0.00294	0.00536	0.00835	0.01005	0.03544	0.15885	0.72214	0.00983	0.00449	0.00130	0.00194	0.00832	0.00348	0.00315
41	0.00769	0.02731	0.73624	0.01000	0.01496	0.00841	0.01254	0.03449	0.00802	0.02219	0.00730	0.00935	0.00558	0.07436	0.00483	0.00138	0.00530	0.00301	0.00174	0.00530
42	0.00536	0.00402	0.00603	0.00603	0.00670	0.00469	0.00469	0.00670	0.00603	0.00871	0.01005	0.01474	0.00938	0.02814	0.85328	0.00603	0.01005	0.00402	0.00201	0.00335
43	0.00933	0.00806	0.00848	0.00764	0.00976	0.00933	0.00594	0.01994	0.83797	0.01569	0.01527	0.01400	0.01145	0.00509	0.00382	0.00127	0.00297	0.00424	0.00382	0.00594
44	0.00468	0.00333	0.00439	0.00520	0.00542	0.00313	0.00348	0.00532	0.00710	0.00946	0.02000	0.77739	0.02389	0.07427	0.00585	0.00168	0.00233	0.03667	0.00339	0.00300
45	0.00773	0.01912	0.83014	0.01060	0.01609	0.00864	0.01368	0.01202	0.00798	0.03035	0.00691	0.00803	0.00485	0.00359	0.00357	0.00119	0.00549	0.00279	0.00165	0.00556
46	0.00560	0.00375	0.00423	0.00420	0.00426	0.00377	0.00239	0.02054	0.00572	0.00763	0.01199	0.04477	0.01378	0.83152	0.01847	0.00354	0.00361	0.00554	0.00233	0.00237
47	0.00457	0.00326	0.00435	0.00522	0.00544	0.00305	0.00348	0.00522	0.00718	0.00958	0.02068	0.86570	0.02481	0.01175	0.00479	0.00152	0.00218	0.01067	0.00348	0.00305
48	0.01584	0.00691	0.00940	0.00817	0.07806	0.00630	0.00612	0.07111	0.03427	0.70165	0.01380	0.01227	0.00888	0.00454	0.00377	0.00116	0.00335	0.00372	0.00433	0.00634
49	0.00976	0.00999	0.01470	0.03922	0.38043	0.11370	0.18541	0.04237	0.10918	0.01251	0.00856	0.02698	0.00706	0.00392	0.00389	0.00117	0.00490	0.01861	0.00224	0.00542
50	0.02731	0.00732	0.00894	0.00696	0.00975	0.02981	0.00571	0.15070	0.02999	0.63060	0.01340	0.01197	0.00868	0.00458	0.00370	0.00114	0.00338	0.00365	0.03621	0.00618
51	0.55586	0.03186	0.04246	0.00825	0.10028	0.08916	0.03560	0.03423	0.00761	0.03017	0.00592	0.00698	0.00464	0.00358	0.00295	0.00113	0.01860	0.00242	0.00224	0.01606
52	0.00649	0.00411	0.00528	0.00484	0.00599	0.00371	0.00368	0.00811	0.01033	0.10786	0.64144	0.04117	0.12733	0.00761	0.00436	0.00119	0.00195	0.00664	0.00410	0.00381

[dist]
# distance from previous block
# <min> <max>
0	1

[block]
# block no. 1 follows, 73 sequences, length 9
# corresponding to MSA columns:
# 83-91
name=unknown_B
#
# <colnr> <probs for GDERKNQSTAVLIFYWHMCP>
#	G	D	E	R	K	N	Q	S	T	A	V	L	I	F	Y	W	H	M	C	P
0	0.01187	0.22595	0.04422	0.02853	0.06816	0.25100	0.00758	0.22439	0.01103	0.01325	0.00671	0.00769	0.00541	0.00399	0.00379	0.00103	0.05624	0.00274	0.02131	0.00511
1	0.00774	0.09396	0.77608	0.01032	0.01566	0.00925	0.01321	0.01182	0.00789	0.01161	0.00660	0.00775	0.00476	0.00353	0.00346	0.00115	0.00541	0.00271	0.00159	0.00548
2	0.00525	0.00383	0.00493	0.00466	0.00557	0.00351	0.00349	0.00696	0.01048	0.01470	0.78676	0.02859	0.09162	0.00780	0.00443	0.00119	0.00178	0.00686	0.00409	0.00351
3	0.00533	0.00399	0.00546	0.00543	0.00600	0.00440	0.00402	0.00634	0.00635	0.00881	0.04220	0.04201	0.09729	0.19601	0.52330	0.00466	0.02798	0.00497	0.00232	0.00313
4	0.00467	0.00338	0.00437	0.00502	0.00538	0.00313	0.00340	0.00544	0.00760	0.01012	0.10899	0.68252	0.09024	0.04038	0.00521	0.00154	0.00216	0.00986	0.00351	0.00308
5	0.00614	0.00437	0.00563	0.00574	0.00680	0.00421	0.00470	0.02788	0.02959	0.03570	0.33953	0.03375	0.12550	0.00879	0.00469	0.00142	0.00261	0.34552	0.00377	0.00366
6	0.00699	0.00350	0.00350	0.00350	0.00437	0.00350	0.00262	0.00874	0.00787	0.01399	0.01224	0.01399	0.00962	0.00437	0.00262	0.00087	0.00175	0.00350	0.88898	0.00350
7	0.11021	0.00804	0.00865	0.03970	0.00992	0.00876	0.00578	0.42552	0.04392	0.10470	0.00999	0.01032	0.00723	0.00437	0.00337	0.00109	0.00340	0.00332	0.18628	0.00543
8	0.01380	0.00938	0.01008	0.00786	0.01064	0.03840	0.00644	0.57897	0.01530	0.17166	0.01267	0.01215	0.08522	0.00498	0.00381	0.00114	0.00384	0.00384	0.00383	0.00601

[dist]
# distance from previous block
# <min> <max>
0	1

[block]
# block no. 2 follows, 73 sequences, length 13
# corresponding to MSA columns:
# 93-105
name=unknown_C
#
# <colnr> <probs for GDERKNQSTAVLIFYWHMCP>
#	G	D	E	R	K	N	Q	S	T	A	V	L	I	F	Y	W	H	M	C	P
0	0.00801	0.00791	0.01111	0.00958	0.00963	0.01101	0.00796	0.00887	0.00577	0.00901	0.00528	0.00867	0.00524	0.00808	0.07132	0.00195	0.80155	0.00333	0.00167	0.00405
1	0.05882	0.00610	0.00800	0.00648	0.00884	0.00567	0.00525	0.03658	0.00988	0.60601	0.01490	0.09643	0.03667	0.00663	0.04506	0.00145	0.03302	0.00447	0.00412	0.00561
2	0.03265	0.38445	0.20663	0.00947	0.10113	0.06315	0.00855	0.05939	0.03877	0.01128	0.00713	0.04875	0.00620	0.00391	0.00312	0.00101	0.00443	0.00293	0.00196	0.00510
3	0.00836	0.00907	0.01890	0.01514	0.11344	0.00856	0.62068	0.01114	0.00883	0.01209	0.06703	0.07044	0.00913	0.00409	0.00437	0.00126	0.00550	0.00490	0.00216	0.00492
4	0.00468	0.00382	0.00414	0.00410	0.00527	0.00328	0.00310	0.00583	0.00901	0.01124	0.21286	0.03454	0.64139	0.00913	0.00446	0.00126	0.00192	0.03309	0.00362	0.00326
5	0.00955	0.06453	0.18371	0.04923	0.05665	0.07082	0.37591	0.10787	0.00967	0.01283	0.00767	0.00937	0.01703	0.00357	0.00391	0.00118	0.00560	0.00363	0.00205	0.00522
6	0.02131	0.17916	0.27955	0.00961	0.02415	0.13288	0.08154	0.06520	0.03908	0.09238	0.00754	0.00834	0.00566	0.00382	0.00372	0.00110	0.03459	0.00292	0.00219	0.00527
7	0.00536	0.00402	0.00603	0.00603	0.00670	0.00469	0.00469	0.00670	0.00603	0.00871	0.01005	0.01474	0.00938	0.02814	0.85328	0.00603	0.01005	0.00402	0.00201	0.00335
8	0.00453	0.00380	0.00395	0.00399	0.00519	0.00322	0.00300	0.00553	0.00860	0.01038	0.07532	0.06816	0.74802	0.00953	0.00447	0.00129	0.00195	0.03237	0.00351	0.00319
9	0.00976	0.18630	0.38423	0.02603	0.08624	0.01026	0.01058	0.05143	0.00906	0.03349	0.00920	0.07848	0.00806	0.00598	0.03128	0.00154	0.04602	0.00386	0.00241	0.00578
10	0.02849	0.06492	0.05868	0.02313	0.15638	0.26392	0.12105	0.06228	0.10984	0.03408	0.00782	0.00892	0.00614	0.00391	0.00391	0.00112	0.03477	0.00319	0.00228	0.00516
11	0.01279	0.01072	0.09251	0.00846	0.01148	0.01057	0.00742	0.67592	0.01575	0.02134	0.00958	0.05971	0.00742	0.00484	0.00376	0.00115	0.00407	0.00375	0.03275	0.00601
12	0.00894	0.00831	0.01373	0.05173	0.67981	0.00845	0.01037	0.04596	0.00863	0.01221	0.00808	0.01066	0.02279	0.03172	0.06124	0.00153	0.00476	0.00354	0.00199	0.00555

[dist]
# distance from previous block
# <min> <max>
3	23

[block]
# block no. 3 follows, 73 sequences, length 42
# corresponding to MSA columns:
# 130-171
name=unknown_D
#
# <colnr> <probs for GDERKNQSTAVLIFYWHMCP>
#	G	D	E	R	K	N	Q	S	T	A	V	L	I	F	Y	W	H	M	C	P
0	0.01048	0.00973	0.03425	0.01078	0.07230	0.06386	0.16613	0.19154	0.21462	0.04104	0.01011	0.01121	0.01879	0.03314	0.00527	0.00132	0.09330	0.00385	0.00286	0.00542
1	0.00835	0.00689	0.00749	0.00690	0.00868	0.00769	0.00528	0.01628	0.60500	0.03313	0.07167	0.13010	0.05182	0.00631	0.00400	0.00129	0.00274	0.00540	0.00378	0.01721
2	0.00479	0.00398	0.00449	0.00479	0.03787	0.00345	0.00335	0.00591	0.00884	0.01106	0.17850	0.08041	0.62126	0.00906	0.00442	0.00126	0.00199	0.00769	0.00354	0.00333
3	0.00710	0.00598	0.00723	0.00857	0.10183	0.08385	0.00619	0.00859	0.00857	0.02884	0.01735	0.18691	0.03660	0.00897	0.00469	0.00151	0.00359	0.45282	0.00315	0.01766
4	0.01340	0.01002	0.01060	0.00834	0.01110	0.02996	0.00680	0.68680	0.08661	0.03743	0.01007	0.04299	0.00764	0.01552	0.00398	0.00118	0.00399	0.00375	0.00371	0.00612
5	0.00679	0.00539	0.00700	0.00729	0.09210	0.00483	0.00483	0.03331	0.04055	0.02647	0.09040	0.35635	0.02693	0.00716	0.00394	0.00112	0.00266	0.00637	0.00304	0.27345
6	0.00769	0.07416	0.79537	0.01042	0.01581	0.00911	0.01338	0.01184	0.00790	0.01168	0.00664	0.00780	0.00476	0.00354	0.00349	0.00116	0.00545	0.00272	0.00159	0.00550
7	0.01464	0.00951	0.01060	0.00816	0.01109	0.01018	0.00672	0.64462	0.01599	0.19901	0.01044	0.02441	0.00731	0.00466	0.00377	0.00114	0.00390	0.00359	0.00394	0.00632
8	0.00756	0.00742	0.01145	0.67242	0.03664	0.06241	0.05679	0.00994	0.00794	0.00998	0.02909	0.01207	0.00676	0.00419	0.00386	0.00126	0.00501	0.04913	0.00186	0.00420
9	0.01396	0.01021	0.01093	0.00842	0.01133	0.01129	0.00694	0.79759	0.01723	0.02324	0.00914	0.00922	0.00652	0.00450	0.00371	0.00112	0.00403	0.00338	0.04100	0.00626
10	0.00540	0.00401	0.00504	0.00475	0.00573	0.00375	0.00357	0.00746	0.04523	0.01460	0.73085	0.02821	0.11179	0.00774	0.00440	0.00119	0.00183	0.00679	0.00405	0.00361
11	0.89465	0.00726	0.00551	0.00493	0.00726	0.00842	0.00406	0.01103	0.00638	0.01683	0.00522	0.00609	0.00406	0.00348	0.00232	0.00116	0.00290	0.00203	0.00232	0.00406
12	0.00997	0.85038	0.03917	0.00652	0.00978	0.01470	0.00659	0.01125	0.00763	0.00890	0.00525	0.00606	0.00481	0.00322	0.00243	0.00081	0.00405	0.00202	0.00160	0.00483
13	0.01293	0.00559	0.00735	0.00596	0.00818	0.00499	0.00480	0.01478	0.03859	0.54810	0.20016	0.01692	0.03692	0.00544	0.00385	0.00115	0.00272	0.00455	0.07159	0.00543
14	0.00583	0.00418	0.00579	0.00664	0.00743	0.00414	0.00567	0.00741	0.00846	0.01100	0.02034	0.14241	0.03911	0.01052	0.00512	0.00169	0.00327	0.70412	0.00346	0.00340
15	0.00709	0.00667	0.01125	0.85913	0.02584	0.00834	0.01042	0.00959	0.00750	0.00959	0.00667	0.01000	0.00500	0.00375	0.00375	0.00125	0.00500	0.00333	0.00167	0.00417
16	0.00987	0.81565	0.07300	0.00669	0.01005	0.01445	0.00690	0.01128	0.00764	0.00902	0.00531	0.00614	0.00481	0.00323	0.00248	0.00083	0.00411	0.00206	0.00160	0.00486
17	0.00459	0.00350	0.00422	0.00469	0.00533	0.00313	0.00327	0.00545	0.00797	0.01026	0.10115	0.50432	0.30739	0.01061	0.00463	0.00140	0.00204	0.00937	0.00354	0.00313
18	0.01003	0.87041	0.01966	0.00642	0.00963	0.01485	0.00642	0.01123	0.00762	0.00883	0.00522	0.00602	0.00481	0.00321	0.00241	0.00080	0.00401	0.00201	0.00160	0.00481
19	0.04814	0.01483	0.01021	0.00896	0.01115	0.57334	0.00688	0.13169	0.07883	0.06992	0.00763	0.00806	0.00587	0.00410	0.00346	0.00104	0.00568	0.00278	0.00255	0.00490
20	0.00744	0.00696	0.01153	0.64626	0.16433	0.00825	0.01013	0.01013	0.03999	0.01028	0.00767	0.04691	0.00627	0.00408	0.00379	0.00124	0.00471	0.00369	0.00186	0.00449
21	0.77164	0.00796	0.00614	0.00541	0.00775	0.06268	0.00441	0.02935	0.00714	0.06133	0.00586	0.00656	0.00444	0.00359	0.00250	0.00115	0.00319	0.00218	0.00245	0.00426
22	0.00505	0.00390	0.00448	0.00468	0.00553	0.00358	0.00334	0.03784	0.01898	0.01081	0.09697	0.35640	0.37734	0.04697	0.00517	0.00146	0.00217	0.00856	0.00350	0.00327
23	0.00446	0.00380	0.00384	0.00383	0.00508	0.00318	0.00287	0.00544	0.00861	0.01028	0.06226	0.03586	0.81888	0.00945	0.00443	0.00126	0.00190	0.00788	0.00350	0.00318
24	0.01048	0.03583	0.04656	0.00875	0.02529	0.05790	0.05972	0.13579	0.51551	0.04393	0.01250	0.01199	0.00931	0.00464	0.00377	0.00121	0.00375	0.00386	0.00341	0.00582
25	0.62498	0.02114	0.00734	0.00618	0.00849	0.08959	0.00505	0.13720	0.00850	0.01670	0.00585	0.00670	0.00454	0.00380	0.00307	0.00115	0.04046	0.00233	0.00246	0.00446
26	0.01003	0.87041	0.01966	0.00642	0.00963	0.01485	0.00642	0.01123	0.00762	0.00883	0.00522	0.00602	0.00481	0.00321	0.00241	0.00080	0.00401	0.00201	0.00160	0.00481
27	0.00546	0.00364	0.00409	0.00409	0.00409	0.00364	0.00227	0.00546	0.00546	0.00727	0.01182	0.02455	0.01364	0.86815	0.01910	0.00364	0.00364	0.00546	0.00227	0.00227
28	0.00464	0.00356	0.00426	0.00460	0.00533	0.00317	0.00325	0.00559	0.00827	0.01070	0.16368	0.41424	0.33476	0.01023	0.00459	0.00137	0.00201	0.00899	0.00359	0.00317
29	0.00461	0.00329	0.00440	0.00527	0.00550	0.00308	0.00355	0.00529	0.00722	0.00962	0.02066	0.84427	0.02473	0.01172	0.00480	0.00153	0.00221	0.03171	0.00348	0.00306
30	0.00506	0.00383	0.00466	0.00448	0.00549	0.00344	0.00338	0.00657	0.00994	0.01345	0.57687	0.03082	0.28443	0.00829	0.00444	0.00122	0.00185	0.02443	0.00392	0.00342
31	0.01275	0.00951	0.01028	0.00810	0.01079	0.01051	0.00663	0.67355	0.07140	0.02132	0.01129	0.01138	0.05858	0.00637	0.05846	0.00146	0.00429	0.00376	0.00363	0.00596
32	0.89465	0.00726	0.00551	0.00493	0.00726	0.00842	0.00406	0.01103	0.00638	0.01683	0.00522	0.00609	0.00406	0.00348	0.00232	0.00116	0.00290	0.00203	0.00232	0.00406
33	0.01003	0.87041	0.01966	0.00642	0.00963	0.01485	0.00642	0.01123	0.00762	0.00883	0.00522	0.00602	0.00481	0.00321	0.00241	0.00080	0.00401	0.00201	0.00160	0.00481
34	0.00543	0.00384	0.00484	0.00482	0.00569	0.00351	0.00354	0.00691	0.02000	0.04049	0.46859	0.22599	0.16470	0.00883	0.00449	0.00128	0.00197	0.01772	0.00388	0.00349
35	0.00518	0.00382	0.00484	0.00461	0.00553	0.00348	0.00345	0.00681	0.01026	0.01427	0.71738	0.04997	0.14041	0.00801	0.00444	0.00120	0.00180	0.00703	0.00403	0.00348
36	0.01070	0.00849	0.00904	0.00774	0.01007	0.00963	0.00613	0.21818	0.59069	0.04293	0.01365	0.01274	0.01010	0.00491	0.00377	0.00122	0.00323	0.00400	0.02678	0.00600
37	0.01401	0.01788	0.01063	0.00967	0.01160	0.85309	0.00725	0.01498	0.01063	0.00918	0.00580	0.00677	0.00483	0.00387	0.00338	0.00097	0.00677	0.00242	0.00193	0.00435
38	0.00501	0.00384	0.00460	0.00490	0.00580	0.00349	0.00378	0.00617	0.00852	0.01090	0.14703	0.16597	0.36858	0.04679	0.00530	0.00150	0.00236	0.19872	0.00352	0.00323
39	0.00948	0.58485	0.15707	0.00806	0.02280	0.01271	0.06979	0.02900	0.00800	0.01013	0.00584	0.00685	0.00496	0.00327	0.00282	0.00090	0.00438	0.00238	0.00171	0.05499
40	0.00525	0.00358	0.00412	0.00428	0.00438	0.00351	0.00251	0.00541	0.00591	0.00782	0.01464	0.17215	0.05593	0.67670	0.01588	0.00315	0.00330	0.00649	0.00254	0.00245
41	0.02327	0.27040	0.09142	0.01030	0.09361	0.07150	0.11161	0.15565	0.07680	0.03450	0.00785	0.02307	0.00628	0.00386	0.00339	0.00106	0.00455	0.00315	0.00236	0.00535

[dist]
# distance from previous block
# <min> <max>
0	1

[block]
# block no. 4 follows, 73 sequences, length 34
# corresponding to MSA columns:
# 173-206
name=unknown_E
#
# <colnr> <probs for GDERKNQSTAVLIFYWHMCP>
#	G	D	E	R	K	N	Q	S	T	A	V	L	I	F	Y	W	H	M	C	P
0	0.08821	0.00858	0.02347	0.10266	0.58359	0.00863	0.02719	0.03186	0.00847	0.02579	0.00701	0.00904	0.00571	0.00341	0.00356	0.00111	0.00431	0.00319	0.00199	0.05222
1	0.01057	0.00513	0.00678	0.00583	0.00771	0.00454	0.00469	0.01208	0.00994	0.38218	0.23779	0.04851	0.06714	0.02047	0.00437	0.00126	0.00270	0.10368	0.01648	0.04817
2	0.00505	0.00358	0.00484	0.00546	0.00588	0.00350	0.00396	0.00584	0.00719	0.00958	0.02887	0.49826	0.06049	0.04621	0.11153	0.04953	0.00346	0.14056	0.00316	0.00306
3	0.01034	0.21869	0.33276	0.00970	0.03743	0.09565	0.06758	0.06117	0.02076	0.10125	0.00747	0.00822	0.00555	0.00367	0.00337	0.00107	0.00496	0.00285	0.00214	0.00537
4	0.00809	0.02907	0.00631	0.00536	0.00638	0.02232	0.02314	0.00913	0.03771	0.16704	0.05811	0.02150	0.05272	0.45755	0.05344	0.00271	0.00379	0.02917	0.00292	0.00356
5	0.00821	0.00821	0.01149	0.00985	0.00985	0.01149	0.00821	0.00903	0.00575	0.00903	0.00492	0.00821	0.00492	0.00657	0.01231	0.00164	0.86128	0.00328	0.00164	0.00410
6	0.00794	0.00748	0.01270	0.31582	0.43713	0.00803	0.02932	0.01010	0.00802	0.01099	0.00854	0.11093	0.00784	0.00448	0.00387	0.00121	0.00442	0.00423	0.00198	0.00495
7	0.00994	0.03137	0.11725	0.07718	0.19565	0.03488	0.21210	0.02735	0.00887	0.15066	0.00922	0.05230	0.00738	0.01745	0.01188	0.00128	0.01552	0.01202	0.00241	0.00528
8	0.00773	0.00698	0.01128	0.30326	0.30894	0.00772	0.00926	0.00994	0.02160	0.02252	0.04657	0.01500	0.04955	0.00573	0.03474	0.00144	0.05115	0.07973	0.00218	0.00468
9	0.00861	0.00822	0.01346	0.24992	0.46877	0.00923	0.01059	0.02725	0.00799	0.01124	0.00665	0.00930	0.00553	0.00400	0.00511	0.00124	0.14260	0.00333	0.00181	0.00517
10	0.01240	0.00804	0.03641	0.01084	0.14862	0.00747	0.11799	0.11363	0.06134	0.34875	0.02333	0.05223	0.03173	0.00471	0.00392	0.00119	0.00389	0.00422	0.00347	0.00580
11	0.01085	0.03112	0.09157	0.01179	0.13279	0.13071	0.17093	0.11132	0.04363	0.11708	0.04785	0.02818	0.02536	0.00438	0.00400	0.00116	0.01823	0.01106	0.00268	0.00530
12	0.01003	0.87041	0.01966	0.00642	0.00963	0.01485	0.00642	0.01123	0.00762	0.00883	0.00522	0.00602	0.00481	0.00321	0.00241	0.00080	0.00401	0.00201	0.00160	0.00481
13	0.00889	0.00837	0.01386	0.19339	0.60265	0.00865	0.01074	0.03533	0.00855	0.01204	0.00701	0.00934	0.00574	0.00343	0.00367	0.00111	0.00446	0.00328	0.00190	0.05760
14	0.01075	0.57517	0.10248	0.00765	0.01079	0.21870	0.00739	0.01221	0.00839	0.00923	0.00551	0.00640	0.00481	0.00341	0.00276	0.00088	0.00484	0.00218	0.00168	0.00478
15	0.00870	0.00728	0.01011	0.00873	0.00926	0.00955	0.00720	0.04263	0.00676	0.08951	0.00707	0.00999	0.00630	0.01066	0.18099	0.00246	0.57297	0.00348	0.00209	0.00426
16	0.00461	0.00386	0.00404	0.00414	0.00536	0.00329	0.00320	0.00564	0.00856	0.01025	0.03603	0.03678	0.75391	0.00960	0.00452	0.00132	0.00207	0.09614	0.00348	0.00320
17	0.00868	0.00539	0.00673	0.00618	0.00764	0.00534	0.00496	0.15089	0.01092	0.13675	0.27265	0.12038	0.02140	0.00762	0.00436	0.00132	0.00280	0.18610	0.03552	0.00437
18	0.00945	0.00812	0.00855	0.00766	0.00980	0.00939	0.00597	0.03944	0.81827	0.01589	0.01512	0.01388	0.01133	0.00508	0.00382	0.00127	0.00300	0.00422	0.00382	0.00595
19	0.00658	0.00476	0.00637	0.00698	0.00798	0.00486	0.00602	0.05650	0.03390	0.01204	0.01912	0.06631	0.02050	0.00991	0.00504	0.00167	0.00344	0.72085	0.00348	0.00369
20	0.00587	0.00369	0.00415	0.00404	0.00499	0.00346	0.00303	0.00748	0.00908	0.01372	0.34671	0.02352	0.16895	0.00660	0.00366	0.00107	0.00178	0.00559	0.37917	0.00346
21	0.00485	0.00355	0.00460	0.00537	0.00570	0.00342	0.00363	0.00609	0.05600	0.00994	0.02036	0.81566	0.02403	0.01136	0.00473	0.00151	0.00222	0.01029	0.00350	0.00322
22	0.09469	0.00911	0.00980	0.12408	0.05504	0.07275	0.00706	0.30547	0.18463	0.01671	0.01018	0.05265	0.00824	0.00484	0.00369	0.00120	0.00399	0.02742	0.00309	0.00535
23	0.00938	0.01168	0.18483	0.04695	0.25549	0.06721	0.15804	0.05683	0.10293	0.02197	0.00809	0.00951	0.00621	0.00366	0.00377	0.00115	0.00493	0.00342	0.00218	0.04179
24	0.03350	0.00616	0.00796	0.00626	0.00880	0.00558	0.00512	0.06454	0.01071	0.63360	0.06260	0.01345	0.01058	0.00476	0.00364	0.00113	0.00299	0.00386	0.10895	0.00583
25	0.02648	0.03034	0.01089	0.00885	0.04527	0.03971	0.00695	0.57535	0.13821	0.05024	0.01028	0.01015	0.02074	0.00456	0.00371	0.00114	0.00397	0.00351	0.00358	0.00610
26	0.02186	0.11078	0.08508	0.00924	0.01272	0.00811	0.23930	0.03976	0.01999	0.11780	0.02892	0.00948	0.00674	0.00346	0.00348	0.00097	0.00424	0.00324	0.00243	0.27239
27	0.00707	0.00567	0.00663	0.00621	0.00732	0.05574	0.02373	0.04415	0.05648	0.03531	0.03004	0.21579	0.01421	0.16411	0.16100	0.00255	0.01853	0.05497	0.00280	0.08769
28	0.00770	0.00716	0.00980	0.00856	0.00883	0.00951	0.00696	0.03514	0.00632	0.00957	0.00715	0.06336	0.00730	0.06671	0.08691	0.00210	0.60780	0.00394	0.01955	0.02561
29	0.00786	0.10894	0.01235	0.51261	0.14462	0.00911	0.00945	0.01018	0.02411	0.01022	0.00707	0.01002	0.00569	0.00394	0.00405	0.00119	0.05490	0.01401	0.04518	0.00450
30	0.01060	0.00834	0.00969	0.03695	0.09461	0.00929	0.00678	0.15685	0.51621	0.07881	0.01332	0.01270	0.01910	0.00479	0.00380	0.00122	0.00339	0.00398	0.00360	0.00596
31	0.00714	0.00645	0.01044	0.71666	0.02274	0.00787	0.00944	0.04933	0.00796	0.01027	0.00844	0.11101	0.00741	0.00473	0.00387	0.00128	0.00462	0.00420	0.00198	0.00414
32	0.01299	0.00935	0.01030	0.10854	0.01254	0.05107	0.00700	0.48879	0.07682	0.12456	0.00995	0.01012	0.00706	0.00444	0.00368	0.00114	0.00403	0.00345	0.04833	0.00584
33	0.11260	0.03339	0.01011	0.05879	0.06863	0.08644	0.09541	0.00943	0.00748	0.01069	0.01199	0.02556	0.14231	0.08008	0.01875	0.00154	0.19154	0.00419	0.01854	0.01253

[dist]
# distance from previous block
# <min> <max>
3	8

[block]
# block no. 5 follows, 73 sequences, length 18
# corresponding to MSA columns:
# 215-232
name=unknown_F
#
# <colnr> <probs for GDERKNQSTAVLIFYWHMCP>
#	G	D	E	R	K	N	Q	S	T	A	V	L	I	F	Y	W	H	M	C	P
0	0.00986	0.00717	0.00724	0.00647	0.00826	0.08866	0.00500	0.02649	0.30491	0.15971	0.11245	0.07025	0.05367	0.00573	0.00378	0.00118	0.00300	0.00476	0.11645	0.00496
1	0.00545	0.00367	0.00428	0.00428	0.00435	0.00374	0.00251	0.00558	0.00551	0.00741	0.01165	0.02360	0.01323	0.78643	0.10025	0.00387	0.00426	0.00532	0.00225	0.00238
2	0.00592	0.00451	0.00528	0.00506	0.00627	0.00427	0.00395	0.08674	0.01014	0.01334	0.32189	0.06052	0.33512	0.00855	0.00447	0.00129	0.00228	0.11300	0.00374	0.00365
3	0.00565	0.00411	0.00513	0.00544	0.00609	0.00402	0.00386	0.08597	0.00859	0.01148	0.10021	0.58326	0.08087	0.02937	0.02905	0.00161	0.00259	0.02577	0.00350	0.00343
4	0.00985	0.58229	0.09283	0.00712	0.01015	0.06554	0.02388	0.06318	0.00829	0.00999	0.00632	0.00832	0.00579	0.08751	0.00433	0.00115	0.00434	0.00257	0.00183	0.00471
5	0.00995	0.10064	0.11053	0.06193	0.44894	0.03101	0.02245	0.12153	0.01945	0.02786	0.00728	0.00885	0.00579	0.00359	0.00357	0.00110	0.00457	0.00315	0.00212	0.00570
6	0.02099	0.10335	0.07091	0.02271	0.12287	0.05387	0.04786	0.23968	0.06382	0.10483	0.02552	0.00955	0.00702	0.00398	0.00352	0.00106	0.00416	0.00323	0.00285	0.08823
7	0.01104	0.03923	0.00948	0.00792	0.01000	0.20649	0.00614	0.17645	0.37504	0.01468	0.01116	0.01209	0.00890	0.08859	0.00514	0.00139	0.00418	0.00369	0.00314	0.00526
8	0.06756	0.19982	0.01352	0.00911	0.01166	0.38582	0.08781	0.14160	0.01053	0.01213	0.00630	0.00727	0.00511	0.00379	0.00346	0.00101	0.02386	0.00267	0.00216	0.00482
9	0.00782	0.00791	0.04168	0.54986	0.26692	0.00856	0.04331	0.01033	0.00788	0.01055	0.00682	0.00972	0.00530	0.00360	0.00376	0.00121	0.00491	0.00336	0.00173	0.00477
10	0.00689	0.00352	0.00359	0.00357	0.00445	0.00350	0.00268	0.00864	0.00804	0.01405	0.06505	0.01488	0.01126	0.00458	0.00274	0.00089	0.00175	0.00371	0.83272	0.00350
11	0.00485	0.00381	0.00468	0.00498	0.00558	0.00367	0.00355	0.00572	0.00789	0.01031	0.11966	0.43907	0.28348	0.02632	0.00536	0.00145	0.05419	0.00880	0.00342	0.00319
12	0.00566	0.00439	0.00653	0.07554	0.00826	0.00516	0.00521	0.00700	0.00626	0.00885	0.01032	0.01656	0.00993	0.08485	0.63670	0.00502	0.04241	0.05589	0.00208	0.00338
13	0.00536	0.00401	0.00596	0.00596	0.00661	0.00465	0.00461	0.00666	0.00601	0.00866	0.01011	0.01508	0.00953	0.05751	0.82411	0.00595	0.00983	0.00407	0.00202	0.00331
14	0.00873	0.09564	0.19741	0.01334	0.03046	0.01002	0.48567	0.02503	0.00843	0.01164	0.00698	0.00907	0.00536	0.00354	0.00464	0.00123	0.07217	0.00371	0.00181	0.00510
15	0.06423	0.31591	0.20490	0.03950	0.10233	0.02548	0.04836	0.04174	0.00826	0.02616	0.00638	0.00755	0.00513	0.00338	0.00308	0.00098	0.00441	0.00260	0.00188	0.08772
16	0.00595	0.00539	0.00487	0.00484	0.00605	0.09945	0.00359	0.00690	0.00867	0.03485	0.04672	0.16550	0.56327	0.00906	0.00436	0.00128	0.00255	0.01994	0.00335	0.00339
17	0.03948	0.02374	0.01007	0.00924	0.13735	0.08915	0.02959	0.07704	0.02349	0.04785	0.00727	0.00830	0.00581	0.00327	0.00314	0.00081	0.00368	0.00266	0.00237	0.47568

[dist]
# distance from previous block
# <min> <max>
0	15

[block]
# block no. 6 follows, 73 sequences, length 13
# corresponding to MSA columns:
# 248-260
name=unknown_G
#
# <colnr> <probs for GDERKNQSTAVLIFYWHMCP>
#	G	D	E	R	K	N	Q	S	T	A	V	L	I	F	Y	W	H	M	C	P
0	0.07076	0.00956	0.01323	0.06009	0.46620	0.09922	0.06034	0.06252	0.05891	0.01295	0.00800	0.01063	0.00669	0.00391	0.00370	0.00116	0.00459	0.03995	0.00220	0.00541
1	0.14539	0.02009	0.01023	0.00947	0.10553	0.02858	0.05707	0.16142	0.24974	0.09511	0.01034	0.01060	0.00773	0.00530	0.04166	0.00138	0.00398	0.00348	0.00312	0.02978
2	0.02288	0.02424	0.01112	0.00919	0.06215	0.00953	0.05559	0.44122	0.04487	0.15570	0.02858	0.01063	0.00777	0.00569	0.04718	0.00140	0.02772	0.00360	0.02510	0.00585
3	0.00475	0.00376	0.00428	0.00425	0.00529	0.00329	0.00315	0.00597	0.00915	0.01181	0.31918	0.10899	0.48469	0.00906	0.00446	0.00126	0.00188	0.00777	0.00371	0.00329
4	0.03296	0.21806	0.04345	0.00839	0.03794	0.15025	0.03600	0.21762	0.03238	0.12142	0.00838	0.00877	0.00630	0.00397	0.00328	0.00102	0.00435	0.00295	0.05716	0.00533
5	0.00455	0.00371	0.00403	0.00420	0.00523	0.00319	0.00309	0.00551	0.00841	0.01034	0.08100	0.19362	0.62126	0.00984	0.00452	0.00132	0.00198	0.02749	0.00352	0.00317
6	0.00990	0.82748	0.06148	0.00664	0.00996	0.01454	0.00679	0.01127	0.00764	0.00898	0.00529	0.00611	0.00481	0.00323	0.00247	0.00082	0.00409	0.00204	0.00160	0.00485
7	0.03656	0.00655	0.00789	0.00655	0.05986	0.00520	0.00478	0.00934	0.00790	0.01242	0.04970	0.04184	0.00779	0.00343	0.00298	0.00068	0.00281	0.00284	0.00235	0.72851
8	0.00812	0.22021	0.65309	0.00968	0.01468	0.01016	0.01211	0.01173	0.00785	0.01116	0.00637	0.00747	0.00477	0.00348	0.00329	0.00110	0.00518	0.00259	0.00159	0.00537
9	0.00458	0.00339	0.00427	0.00492	0.00538	0.00309	0.00336	0.00533	0.00759	0.00992	0.05846	0.66845	0.18528	0.01114	0.00470	0.00146	0.00211	0.00997	0.00351	0.00309
10	0.00474	0.00338	0.00435	0.00505	0.00530	0.00318	0.00336	0.00535	0.00704	0.00932	0.02011	0.67911	0.05894	0.13720	0.00688	0.00183	0.00242	0.03619	0.00330	0.00295
11	0.00927	0.23158	0.45455	0.00934	0.01357	0.10829	0.02682	0.05385	0.02348	0.01153	0.02140	0.00787	0.00554	0.00365	0.00330	0.00107	0.00513	0.00270	0.00183	0.00523
12	0.16182	0.38554	0.14439	0.00817	0.04816	0.14681	0.00756	0.03981	0.00832	0.01139	0.00576	0.00670	0.00478	0.00347	0.00283	0.00098	0.00453	0.00230	0.00186	0.00483

[dist]
# distance from previous block
# <min> <max>
0	6

[block]
# block no. 7 follows, 73 sequences, length 58
# corresponding to MSA columns:
# 267-324
name=unknown_H
#
# <colnr> <probs for GDERKNQSTAVLIFYWHMCP>
#	G	D	E	R	K	N	Q	S	T	A	V	L	I	F	Y	W	H	M	C	P
0	0.11224	0.42261	0.10968	0.00744	0.02705	0.03546	0.00707	0.06487	0.04348	0.10482	0.00735	0.00807	0.00582	0.00376	0.00306	0.00100	0.01650	0.01231	0.00229	0.00512
1	0.00862	0.24433	0.49249	0.00960	0.02952	0.01044	0.03576	0.02450	0.08085	0.02015	0.00723	0.00811	0.00548	0.00361	0.00331	0.00109	0.00487	0.00278	0.00186	0.00540
2	0.00525	0.00359	0.00420	0.00438	0.00450	0.00351	0.00264	0.00550	0.00611	0.00813	0.03927	0.19387	0.04238	0.62868	0.01508	0.00303	0.00323	0.02149	0.00263	0.00252
3	0.03554	0.01826	0.09325	0.01616	0.04499	0.00693	0.02788	0.15584	0.08536	0.07041	0.27821	0.01766	0.05771	0.00716	0.05818	0.00149	0.00365	0.01312	0.00337	0.00480
4	0.00465	0.00366	0.00416	0.00438	0.00526	0.00322	0.00315	0.00561	0.00837	0.01059	0.14315	0.26509	0.46783	0.03543	0.00498	0.00140	0.00203	0.02035	0.00354	0.00316
5	0.00772	0.00719	0.01115	0.73356	0.02358	0.02826	0.00994	0.06214	0.00812	0.01043	0.00678	0.00987	0.00516	0.00436	0.01950	0.00134	0.04145	0.00333	0.00181	0.00430
6	0.01401	0.01788	0.01063	0.00967	0.01160	0.85309	0.00725	0.01498	0.01063	0.00918	0.00580	0.00677	0.00483	0.00387	0.00338	0.00097	0.00677	0.00242	0.00193	0.00435
7	0.01046	0.78055	0.01872	0.00674	0.00984	0.08346	0.00650	0.03063	0.00810	0.00920	0.00535	0.00615	0.00485	0.00329	0.00252	0.00082	0.00424	0.00207	0.00168	0.00481
8	0.00461	0.00328	0.00434	0.00518	0.00538	0.00307	0.00343	0.00523	0.00711	0.00948	0.02031	0.83035	0.02434	0.04774	0.00539	0.00161	0.00224	0.01045	0.00343	0.00301
9	0.00451	0.00380	0.00390	0.00388	0.00511	0.00320	0.00291	0.00553	0.00872	0.01055	0.10523	0.03543	0.77575	0.00935	0.00443	0.00126	0.00189	0.00782	0.00354	0.00320
10	0.01003	0.87041	0.01966	0.00642	0.00963	0.01485	0.00642	0.01123	0.00762	0.00883	0.00522	0.00602	0.00481	0.00321	0.00241	0.00080	0.00401	0.00201	0.00160	0.00481
11	0.00704	0.00370	0.00377	0.00363	0.00466	0.00359	0.00274	0.00879	0.00786	0.01387	0.01188	0.01359	0.00936	0.00427	0.00263	0.00085	0.00181	0.00342	0.83238	0.06015
12	0.00791	0.00770	0.01137	0.18776	0.01324	0.01036	0.03337	0.00919	0.00630	0.00943	0.00573	0.00896	0.00521	0.00606	0.02075	0.00157	0.60999	0.00335	0.03764	0.00411
13	0.00489	0.00381	0.00444	0.00430	0.00535	0.00336	0.00322	0.00627	0.00961	0.01269	0.45840	0.04474	0.40827	0.00858	0.00443	0.00123	0.00184	0.00737	0.00382	0.00336
14	0.01003	0.87041	0.01966	0.00642	0.00963	0.01485	0.00642	0.01123	0.00762	0.00883	0.00522	0.00602	0.00481	0.00321	0.00241	0.00080	0.00401	0.00201	0.00160	0.00481
15	0.00444	0.00377	0.00383	0.00388	0.00509	0.00316	0.00289	0.00537	0.00847	0.01010	0.03700	0.08419	0.79579	0.00963	0.00445	0.00128	0.00192	0.00808	0.00348	0.00316
16	0.00699	0.00350	0.00350	0.00350	0.00437	0.00350	0.00262	0.00874	0.00787	0.01399	0.01224	0.01399	0.00962	0.00437	0.00262	0.00087	0.00175	0.00350	0.88898	0.00350
17	0.01265	0.00949	0.01020	0.00820	0.01089	0.01058	0.00665	0.53156	0.28269	0.05003	0.01137	0.02018	0.00833	0.00478	0.00379	0.00118	0.00370	0.00375	0.00380	0.00620
18	0.02486	0.00678	0.01879	0.00585	0.00902	0.00528	0.01596	0.02925	0.00838	0.10853	0.00946	0.01003	0.05452	0.00345	0.00304	0.00071	0.00289	0.00279	0.00260	0.67780
19	0.00924	0.16423	0.01312	0.00912	0.01062	0.06406	0.11130	0.01080	0.03538	0.07200	0.00829	0.10855	0.00786	0.00577	0.00715	0.00134	0.35041	0.00407	0.00220	0.00448
20	0.00521	0.00383	0.00488	0.00461	0.00554	0.00350	0.00346	0.00689	0.01038	0.01448	0.75079	0.02895	0.12773	0.00788	0.00443	0.00119	0.00178	0.00691	0.00406	0.00350
21	0.00759	0.00647	0.00758	0.00554	0.00869	0.00489	0.00439	0.00920	0.00775	0.01207	0.00748	0.05750	0.00667	0.00330	0.00289	0.00061	0.00274	0.00271	0.00230	0.83961
22	0.01120	0.00697	0.01104	0.00848	0.01119	0.00633	0.19758	0.02340	0.06760	0.33288	0.04704	0.11635	0.01103	0.00507	0.00394	0.00115	0.00368	0.00471	0.00344	0.12691
23	0.00479	0.00408	0.00507	0.00491	0.00607	0.00358	0.05106	0.00591	0.01880	0.01017	0.03148	0.24854	0.57274	0.00966	0.00452	0.00133	0.00224	0.00838	0.00340	0.00328
24	0.00545	0.00364	0.00413	0.00413	0.00414	0.00366	0.00232	0.00548	0.00547	0.00730	0.01179	0.02438	0.01357	0.85352	0.03362	0.00368	0.00375	0.00543	0.00227	0.00229
25	0.00893	0.00979	0.01995	0.01450	0.01803	0.00946	0.69903	0.01329	0.14157	0.01261	0.00882	0.01074	0.00661	0.00347	0.00433	0.00127	0.00579	0.00440	0.00220	0.00520
26	0.00799	0.17798	0.69423	0.00990	0.01501	0.00986	0.01247	0.01176	0.00787	0.01131	0.00645	0.00757	0.00476	0.00350	0.00335	0.00112	0.00526	0.00263	0.00159	0.00541
27	0.01346	0.01700	0.01034	0.00943	0.01129	0.79894	0.00709	0.01445	0.01034	0.00915	0.00607	0.00727	0.00512	0.00542	0.05763	0.00129	0.00698	0.00252	0.00194	0.00429
28	0.00546	0.00364	0.00409	0.00409	0.00409	0.00364	0.00227	0.00546	0.00546	0.00727	0.01182	0.02455	0.01364	0.86815	0.01910	0.00364	0.00364	0.00546	0.00227	0.00227
29	0.00987	0.81609	0.07257	0.00669	0.01005	0.01445	0.00689	0.01128	0.00764	0.00902	0.00531	0.00614	0.00481	0.00323	0.00248	0.00083	0.00411	0.00206	0.00160	0.00486
30	0.00536	0.00402	0.00603	0.00603	0.00670	0.00469	0.00469	0.00670	0.00603	0.00871	0.01005	0.01474	0.00938	0.02814	0.85328	0.00603	0.01005	0.00402	0.00201	0.00335
31	0.00984	0.02940	0.05348	0.01416	0.01772	0.12408	0.62135	0.05994	0.00954	0.01224	0.00735	0.00943	0.00556	0.00335	0.00417	0.00120	0.00618	0.00398	0.00199	0.00505
32	0.00924	0.04556	0.03842	0.00740	0.00916	0.07957	0.00602	0.16641	0.19801	0.02350	0.01092	0.03791	0.00952	0.08899	0.18135	0.00244	0.04885	0.02919	0.00283	0.00471
33	0.00456	0.00330	0.00431	0.00512	0.00541	0.00306	0.00344	0.00524	0.00728	0.00962	0.02192	0.80616	0.08355	0.01159	0.00476	0.00151	0.00216	0.01047	0.00348	0.00306
34	0.00709	0.00667	0.01125	0.85913	0.02584	0.00834	0.01042	0.00959	0.00750	0.00959	0.00667	0.01000	0.00500	0.00375	0.00375	0.00125	0.00500	0.00333	0.00167	0.00417
35	0.03513	0.00981	0.02811	0.14185	0.12659	0.04630	0.00815	0.42366	0.11193	0.01794	0.00885	0.00960	0.00655	0.00423	0.00370	0.00116	0.00428	0.00338	0.00302	0.00576
36	0.01003	0.87041	0.01966	0.00642	0.00963	0.01485	0.00642	0.01123	0.00762	0.00883	0.00522	0.00602	0.00481	0.00321	0.00241	0.00080	0.00401	0.00201	0.00160	0.00481
37	0.00546	0.00364	0.00409	0.00409	0.00409	0.00364	0.00227	0.00546	0.00546	0.00727	0.01182	0.02455	0.01364	0.86815	0.01910	0.00364	0.00364	0.00546	0.00227	0.00227
38	0.00538	0.00395	0.00506	0.00487	0.00575	0.00372	0.00362	0.00738	0.04430	0.01440	0.70644	0.11288	0.05199	0.00802	0.00444	0.00122	0.00186	0.00710	0.00404	0.00358
39	0.00907	0.00898	0.01393	0.20060	0.58119	0.06278	0.01087	0.01122	0.00834	0.01135	0.00680	0.00923	0.00563	0.00360	0.00406	0.00116	0.04072	0.00328	0.00181	0.00538
40	0.82734	0.00793	0.00592	0.00528	0.00759	0.05743	0.00430	0.02643	0.00684	0.01652	0.00533	0.00619	0.00415	0.00352	0.00241	0.00115	0.00315	0.00208	0.00233	0.00412
41	0.00517	0.00395	0.00476	0.00454	0.00557	0.00360	0.00341	0.00697	0.03453	0.01363	0.58373	0.02996	0.27010	0.00813	0.00441	0.00121	0.00184	0.00704	0.00393	0.00350
42	0.00457	0.00334	0.00430	0.00504	0.00540	0.00307	0.00341	0.00528	0.00742	0.00975	0.03928	0.74911	0.12344	0.01140	0.00474	0.00149	0.00214	0.01026	0.00350	0.00307
43	0.03263	0.00912	0.00962	0.00795	0.01050	0.02663	0.00638	0.35602	0.39914	0.08253	0.01222	0.01151	0.00888	0.00475	0.00374	0.00119	0.00354	0.00376	0.00378	0.00608
44	0.01426	0.01064	0.01125	0.00865	0.01163	0.02682	0.00713	0.81749	0.01751	0.02338	0.00895	0.00897	0.00635	0.00449	0.00375	0.00112	0.00418	0.00336	0.00372	0.00634
45	0.00989	0.82108	0.06771	0.00667	0.01001	0.01449	0.00685	0.01127	0.00764	0.00900	0.00530	0.00613	0.00481	0.00323	0.00247	0.00082	0.00410	0.00205	0.00160	0.00486
46	0.00454	0.00340	0.00422	0.00487	0.00535	0.00308	0.00332	0.00526	0.00752	0.00972	0.02500	0.65870	0.22903	0.01119	0.00470	0.00146	0.00211	0.00998	0.00348	0.00308
47	0.00486	0.00336	0.00449	0.00526	0.00556	0.00313	0.00356	0.00558	0.00740	0.02634	0.05087	0.80732	0.02486	0.01144	0.00476	0.00151	0.00220	0.02084	0.00353	0.00314
48	0.26359	0.00834	0.01235	0.07740	0.50620	0.00878	0.03821	0.02106	0.00797	0.01351	0.00654	0.00845	0.00533	0.00342	0.00334	0.00114	0.00411	0.00300	0.00200	0.00525
49	0.00915	0.00877	0.01497	0.07639	0.79248	0.00888	0.01144	0.01139	0.00848	0.01209	0.00703	0.00933	0.00588	0.00337	0.00372	0.00112	0.00449	0.00334	0.00184	0.00583
50	0.04017	0.00893	0.01033	0.00935	0.05857	0.03072	0.00716	0.20447	0.31329	0.01531	0.00981	0.01047	0.00768	0.00519	0.00617	0.00132	0.24908	0.00360	0.00297	0.00541
