[name]
unknown

[dist]
# distance from previous block
# <min> <max>
0	208

[block]
# block no. 0 follows, 73 sequences, length 22
# corresponding to MSA columns:
# 299-320
name=unknown_A
#
# <colnr> <probs for GDERKNQSTAVLIFYWHMCP>
#	G	D	E	R	K	N	Q	S	T	A	V	L	I	F	Y	W	H	M	C	P
0	0.04573	0.00580	0.06796	0.03671	0.01845	0.03144	0.00505	0.01895	0.02344	0.02011	0.04470	0.45391	0.11725	0.00973	0.03027	0.00154	0.02739	0.03484	0.00310	0.00362
1	0.01938	0.08158	0.17849	0.05418	0.07399	0.04972	0.10011	0.11620	0.00948	0.08083	0.02706	0.10416	0.00862	0.00492	0.00423	0.00120	0.05034	0.01365	0.00250	0.01937
2	0.00960	0.46687	0.03997	0.09911	0.07534	0.02721	0.02076	0.03290	0.00810	0.05838	0.02039	0.00882	0.00632	0.02514	0.05031	0.00130	0.01594	0.00279	0.02599	0.00478
3	0.00506	0.00382	0.00476	0.00466	0.00559	0.00359	0.00350	0.00647	0.00907	0.01232	0.42008	0.06555	0.26897	0.01158	0.13934	0.00199	0.00314	0.00679	0.02034	0.00338
4	0.03835	0.01032	0.15429	0.07526	0.13138	0.06136	0.14627	0.06622	0.00854	0.01193	0.02019	0.01093	0.03940	0.00720	0.11043	0.00182	0.08312	0.00364	0.01455	0.00479
5	0.01215	0.04923	0.03183	0.05930	0.05117	0.10342	0.00748	0.40794	0.15972	0.03136	0.00924	0.00958	0.00688	0.00444	0.00400	0.00115	0.03886	0.00335	0.00313	0.00575
6	0.00665	0.00594	0.00953	0.40590	0.16341	0.00661	0.00811	0.00857	0.00801	0.01066	0.09986	0.18374	0.05589	0.00599	0.00406	0.00127	0.00384	0.00540	0.00242	0.00414
7	0.00470	0.00351	0.00429	0.00472	0.00528	0.00322	0.00325	0.00551	0.00774	0.01009	0.11026	0.46968	0.24180	0.08157	0.02489	0.00169	0.00236	0.00895	0.00342	0.00307
8	0.00769	0.00603	0.00827	0.00905	0.13996	0.05204	0.02024	0.00773	0.00638	0.02081	0.00809	0.02807	0.03167	0.03964	0.03542	0.39315	0.15187	0.00365	0.02703	0.00322
9	0.00501	0.00357	0.00426	0.00462	0.00496	0.00339	0.00303	0.00550	0.00677	0.00880	0.01969	0.33451	0.15005	0.36846	0.01072	0.00238	0.00282	0.05573	0.00298	0.00277
10	0.01053	0.00864	0.00930	0.03910	0.01083	0.00989	0.00641	0.23023	0.59478	0.01753	0.01333	0.01256	0.00990	0.00489	0.00380	0.00123	0.00334	0.00398	0.00372	0.00599
11	0.00536	0.00402	0.00603	0.00603	0.00670	0.00469	0.00469	0.00670	0.00603	0.00871	0.01005	0.01474	0.00938	0.02814	0.85328	0.00603	0.01005	0.00402	0.00201	0.00335
12	0.00743	0.00703	0.01188	0.72623	0.15601	0.00843	0.01059	0.00989	0.00767	0.01001	0.00673	0.00989	0.00515	0.00369	0.00375	0.00123	0.00491	0.00334	0.00170	0.00445
13	0.01013	0.00803	0.00830	0.00726	0.00933	0.03957	0.00569	0.13756	0.52372	0.05263	0.01345	0.01312	0.01014	0.01819	0.02798	0.00136	0.00337	0.00396	0.10064	0.00557
14	0.33468	0.21740	0.01210	0.14783	0.12980	0.05272	0.03589	0.01115	0.00747	0.01251	0.00583	0.00734	0.00476	0.00345	0.00290	0.00108	0.00405	0.00253	0.00194	0.00458
15	0.00546	0.00364	0.00409	0.00409	0.00409	0.00364	0.00227	0.00546	0.00546	0.00727	0.01182	0.02455	0.01364	0.86815	0.01910	0.00364	0.00364	0.00546	0.00227	0.00227
16	0.02252	0.04611	0.30166	0.00904	0.07002	0.00762	0.02055	0.07162	0.03922	0.05937	0.06144	0.01075	0.01729	0.01267	0.00361	0.00104	0.00404	0.01520	0.00241	0.22383
17	0.00698	0.00606	0.01949	0.02973	0.00858	0.00484	0.00454	0.00889	0.04271	0.01184	0.04252	0.12821	0.08301	0.00502	0.00338	0.00085	0.00271	0.01690	0.00263	0.57113
18	0.00445	0.00373	0.00388	0.00400	0.00512	0.00315	0.00294	0.00536	0.00836	0.01006	0.03561	0.15061	0.73026	0.00981	0.00448	0.00130	0.00194	0.00830	0.00348	0.00315
19	0.01136	0.01830	0.08376	0.03974	0.05730	0.01666	0.05026	0.05862	0.02434	0.12857	0.03413	0.04318	0.04357	0.00557	0.00437	0.00133	0.00424	0.01556	0.00342	0.35572
20	0.00930	0.00814	0.01263	0.35135	0.34675	0.00898	0.01007	0.12336	0.04665	0.03509	0.00774	0.00984	0.00597	0.00378	0.00374	0.00118	0.00453	0.00340	0.00220	0.00531
21	0.01198	0.18511	0.03073	0.00745	0.00995	0.07253	0.00638	0.14113	0.13915	0.21532	0.03906	0.01152	0.02465	0.00472	0.00408	0.00113	0.06167	0.01489	0.01315	0.00544

[dist]
# distance from previous block
# <min> <max>
17	31

[block]
# block no. 1 follows, 73 sequences, length 32
# corresponding to MSA columns:
# 358-389
name=unknown_B
#
# <colnr> <probs for GDERKNQSTAVLIFYWHMCP>
#	G	D	E	R	K	N	Q	S	T	A	V	L	I	F	Y	W	H	M	C	P
0	0.00885	0.00889	0.00783	0.00722	0.01781	0.25610	0.04548	0.04554	0.07075	0.02618	0.03306	0.13212	0.10000	0.19702	0.02516	0.00182	0.00438	0.00524	0.00270	0.00385
1	0.01110	0.30741	0.02750	0.00826	0.01997	0.28736	0.02463	0.04732	0.00907	0.03799	0.02378	0.02551	0.01625	0.00419	0.00404	0.00100	0.09147	0.00282	0.00206	0.04827
2	0.02879	0.01049	0.08041	0.01978	0.09019	0.16153	0.00704	0.14809	0.02705	0.07416	0.00867	0.04717	0.01733	0.00413	0.00355	0.00098	0.01644	0.00323	0.00260	0.24837
3	0.01035	0.32573	0.12714	0.04753	0.08865	0.18572	0.02188	0.05362	0.00901	0.02861	0.02758	0.02414	0.01605	0.00391	0.00332	0.00101	0.01594	0.00289	0.00199	0.00492
4	0.29591	0.00848	0.00689	0.00613	0.00788	0.17210	0.00482	0.06623	0.02392	0.05515	0.00825	0.00958	0.00653	0.02470	0.01456	0.00120	0.05061	0.00287	0.22997	0.00423
5	0.00545	0.00366	0.00420	0.00420	0.00424	0.00370	0.00241	0.00553	0.00549	0.00736	0.01172	0.02399	0.01340	0.82032	0.06660	0.00377	0.00400	0.00537	0.00226	0.00233
6	0.00916	0.00815	0.00822	0.00732	0.00920	0.08953	0.03009	0.05275	0.50290	0.01433	0.02814	0.03034	0.05139	0.02676	0.03254	0.00142	0.00354	0.00433	0.08475	0.00515
7	0.01210	0.00961	0.01003	0.00822	0.01081	0.03038	0.00661	0.45744	0.37659	0.01982	0.01167	0.01114	0.00856	0.00475	0.00377	0.00119	0.00368	0.00373	0.00374	0.00614
8	0.01003	0.87041	0.01966	0.00642	0.00963	0.01485	0.00642	0.01123	0.00762	0.00883	0.00522	0.00602	0.00481	0.00321	0.00241	0.00080	0.00401	0.00201	0.00160	0.00481
9	0.00720	0.00433	0.00504	0.00458	0.00600	0.00386	0.00353	0.02529	0.00957	0.14859	0.24782	0.02692	0.37251	0.00750	0.00409	0.00118	0.00210	0.00632	0.10966	0.00390
10	0.89465	0.00726	0.00551	0.00493	0.00726	0.00842	0.00406	0.01103	0.00638	0.01683	0.00522	0.00609	0.00406	0.00348	0.00232	0.00116	0.00290	0.00203	0.00232	0.00406
11	0.00652	0.00326	0.00489	0.00489	0.00489	0.00326	0.00326	0.00489	0.00489	0.00652	0.00652	0.01140	0.00652	0.01303	0.01466	0.89084	0.00326	0.00326	0.00163	0.00163
12	0.89465	0.00726	0.00551	0.00493	0.00726	0.00842	0.00406	0.01103	0.00638	0.01683	0.00522	0.00609	0.00406	0.00348	0.00232	0.00116	0.00290	0.00203	0.00232	0.00406
13	0.00699	0.00350	0.00350	0.00350	0.00437	0.00350	0.00262	0.00874	0.00787	0.01399	0.01224	0.01399	0.00962	0.00437	0.00262	0.00087	0.00175	0.00350	0.88898	0.00350
14	0.00605	0.00432	0.00605	0.00691	0.00777	0.00432	0.00605	0.00777	0.00864	0.01123	0.01986	0.04232	0.02159	0.01036	0.00518	0.00173	0.00345	0.81949	0.00345	0.00345
15	0.00450	0.00380	0.00389	0.00387	0.00511	0.00320	0.00290	0.00551	0.00871	0.01051	0.09939	0.03549	0.78161	0.00936	0.00443	0.00126	0.00189	0.00783	0.00353	0.00320
16	0.00709	0.00667	0.01125	0.85913	0.02584	0.00834	0.01042	0.00959	0.00750	0.00959	0.00667	0.01000	0.00500	0.00375	0.00375	0.00125	0.00500	0.00333	0.00167	0.00417
17	0.01012	0.00845	0.00893	0.00779	0.01006	0.00970	0.00613	0.15010	0.70652	0.01697	0.01427	0.01320	0.01064	0.00500	0.00381	0.00125	0.00315	0.00410	0.00381	0.00601
18	0.36661	0.00857	0.00848	0.00693	0.00952	0.00952	0.00574	0.40336	0.01216	0.06932	0.00851	0.01014	0.00657	0.00447	0.00327	0.00118	0.00354	0.05363	0.00321	0.00527
19	0.00886	0.01012	0.02214	0.01581	0.01961	0.00949	0.83112	0.01202	0.00886	0.01202	0.00759	0.01012	0.00569	0.00316	0.00443	0.00127	0.00633	0.00443	0.00190	0.00506
20	0.01324	0.00984	0.00995	0.00798	0.01059	0.08187	0.00646	0.50798	0.12488	0.10039	0.01039	0.01025	0.00747	0.00453	0.00364	0.00111	0.00391	0.00346	0.07614	0.00591
21	0.00464	0.00331	0.00443	0.00530	0.00555	0.00310	0.00360	0.00534	0.00725	0.00965	0.02064	0.82858	0.02467	0.01169	0.00481	0.00153	0.00223	0.04713	0.00348	0.00307
22	0.00462	0.00331	0.00440	0.00519	0.00545	0.00308	0.00349	0.00536	0.00743	0.00997	0.07916	0.80611	0.02557	0.01146	0.00476	0.00150	0.00215	0.01039	0.00353	0.00308
23	0.21310	0.00658	0.00799	0.00629	0.00906	0.00616	0.00519	0.01666	0.00976	0.66165	0.01266	0.01128	0.00812	0.00438	0.00345	0.00116	0.00313	0.00338	0.00412	0.00587
24	0.01394	0.01700	0.01039	0.00939	0.01135	0.79264	0.00707	0.01493	0.01059	0.05045	0.00695	0.00771	0.02354	0.00403	0.00343	0.00098	0.00648	0.00260	0.00210	0.00442
25	0.03254	0.00678	0.00845	0.00677	0.00940	0.00653	0.00550	0.05237	0.18284	0.58171	0.01433	0.01279	0.00952	0.00469	0.00370	0.00117	0.00311	0.00380	0.04790	0.00610
26	0.00466	0.00336	0.00438	0.00509	0.00538	0.00318	0.00342	0.00532	0.00710	0.00941	0.02066	0.71312	0.07574	0.07192	0.04660	0.00187	0.00264	0.00981	0.00333	0.00302
27	0.00774	0.00739	0.01319	0.06339	0.02609	0.02534	0.35628	0.06025	0.00893	0.03066	0.02768	0.24977	0.07147	0.00643	0.00442	0.00133	0.00440	0.02822	0.00269	0.00435
28	0.00805	0.03994	0.00971	0.25689	0.07548	0.07791	0.04074	0.01983	0.04732	0.06087	0.03399	0.07635	0.17502	0.02482	0.00458	0.00128	0.03548	0.00488	0.00258	0.00428
29	0.00633	0.00513	0.05808	0.06748	0.00824	0.00440	0.00503	0.02131	0.02796	0.07608	0.12692	0.47792	0.04123	0.00917	0.00448	0.00140	0.00272	0.04893	0.00342	0.00376
30	0.02571	0.00709	0.00957	0.10252	0.11713	0.06121	0.04191	0.03691	0.00800	0.04309	0.02684	0.12457	0.04636	0.02794	0.07718	0.00179	0.15711	0.06058	0.02027	0.00422
31	0.01742	0.04209	0.02594	0.00700	0.04529	0.03667	0.02408	0.08790	0.01892	0.03148	0.07708	0.41126	0.06861	0.00852	0.01621	0.00136	0.02074	0.00717	0.00316	0.04907

[dist]
# distance from previous block
# <min> <max>
2	31

[block]
# block no. 2 follows, 73 sequences, length 27
# corresponding to MSA columns:
# 442-468
name=unknown_C
#
# <colnr> <probs for GDERKNQSTAVLIFYWHMCP>
#	G	D	E	R	K	N	Q	S	T	A	V	L	I	F	Y	W	H	M	C	P
0	0.02789	0.11169	0.04114	0.01858	0.10072	0.09196	0.04705	0.10777	0.04203	0.06012	0.02761	0.13097	0.02916	0.02382	0.01998	0.03912	0.02363	0.02698	0.01647	0.01330
1	0.02244	0.11575	0.26476	0.15267	0.11870	0.06695	0.06521	0.04606	0.01754	0.02778	0.00699	0.00889	0.00548	0.02009	0.01811	0.00127	0.03128	0.00307	0.00189	0.00506
2	0.00461	0.00374	0.00402	0.00411	0.00513	0.00323	0.00299	0.00555	0.00837	0.01031	0.10056	0.13316	0.61477	0.06387	0.00541	0.00145	0.00206	0.02007	0.00346	0.00313
3	0.00575	0.00408	0.00476	0.00470	0.00587	0.00366	0.00362	0.00722	0.02822	0.06358	0.20970	0.09432	0.42596	0.00883	0.00444	0.00130	0.00216	0.09386	0.02443	0.00354
4	0.09644	0.12024	0.10697	0.05661	0.08231	0.05508	0.09442	0.23789	0.01079	0.03356	0.02616	0.00986	0.03207	0.01720	0.00374	0.00115	0.00445	0.00331	0.00253	0.00523
5	0.00603	0.00376	0.00572	0.00562	0.00604	0.00362	0.05030	0.00570	0.00621	0.01957	0.01324	0.27777	0.05860	0.02523	0.02145	0.45833	0.00312	0.02476	0.00242	0.00249
6	0.00546	0.00364	0.00409	0.00409	0.00409	0.00364	0.00227	0.00546	0.00546	0.00727	0.01182	0.02455	0.01364	0.86815	0.01910	0.00364	0.00364	0.00546	0.00227	0.00227
7	0.02242	0.00916	0.13241	0.07236	0.11098	0.04175	0.14987	0.01205	0.00904	0.19369	0.08298	0.02490	0.05393	0.00558	0.03333	0.00138	0.00454	0.03180	0.00279	0.00504
8	0.01003	0.87041	0.01966	0.00642	0.00963	0.01485	0.00642	0.01123	0.00762	0.00883	0.00522	0.00602	0.00481	0.00321	0.00241	0.00080	0.00401	0.00201	0.00160	0.00481
9	0.00944	0.26866	0.09138	0.06067	0.02158	0.09818	0.00708	0.04374	0.13572	0.03454	0.05503	0.02115	0.05193	0.00467	0.00384	0.00109	0.05109	0.01180	0.02359	0.00483
10	0.00736	0.00645	0.02777	0.01617	0.02650	0.00554	0.01452	0.03651	0.05932	0.01186	0.02657	0.03805	0.05568	0.02577	0.12977	0.01801	0.01497	0.00350	0.00244	0.47324
11	0.01087	0.11114	0.11494	0.04110	0.14658	0.10140	0.10861	0.18038	0.03893	0.06207	0.00831	0.01954	0.01533	0.00400	0.00379	0.00112	0.02064	0.00335	0.00245	0.00544
12	0.01266	0.00744	0.03976	0.03938	0.04667	0.01775	0.03182	0.11284	0.02615	0.40859	0.01157	0.01207	0.00823	0.02794	0.11939	0.00190	0.05047	0.00371	0.01616	0.00551
13	0.00858	0.00662	0.00786	0.00570	0.00889	0.00514	0.00458	0.01021	0.00801	0.08638	0.00745	0.00833	0.00594	0.00304	0.00304	0.00063	0.01824	0.00240	0.01707	0.78190
14	0.00602	0.00379	0.00448	0.00442	0.00463	0.00377	0.00267	0.00622	0.00588	0.05363	0.01240	0.07330	0.01380	0.71786	0.06901	0.00352	0.00392	0.00558	0.00246	0.00261
15	0.01426	0.01051	0.01126	0.00863	0.01163	0.01163	0.00713	0.83224	0.01764	0.02364	0.00901	0.00901	0.00638	0.00450	0.00375	0.00113	0.00413	0.00338	0.00375	0.00638
16	0.00458	0.00356	0.00409	0.00445	0.00519	0.00315	0.00311	0.00537	0.00786	0.00989	0.05393	0.39076	0.42205	0.05756	0.00539	0.00150	0.00211	0.00893	0.00344	0.00308
17	0.00828	0.00841	0.01261	0.01048	0.01088	0.01128	0.09469	0.00934	0.00607	0.00934	0.00521	0.00841	0.00501	0.00621	0.01148	0.00160	0.77143	0.00340	0.00167	0.00420
18	0.01270	0.01522	0.01137	0.10778	0.09101	0.61675	0.02283	0.05886	0.01043	0.01036	0.00622	0.00755	0.00506	0.00383	0.00349	0.00103	0.00620	0.00270	0.00199	0.00460
19	0.00533	0.00367	0.00414	0.00414	0.00432	0.00363	0.00245	0.00550	0.00585	0.00768	0.01490	0.02553	0.11331	0.72910	0.05278	0.00345	0.00370	0.00569	0.00241	0.00243
20	0.00604	0.00428	0.00520	0.00483	0.00601	0.00399	0.00367	0.00825	0.07090	0.05967	0.55284	0.02800	0.21662	0.00773	0.00435	0.00121	0.00197	0.00669	0.00399	0.00379
21	0.00878	0.09651	0.18066	0.14796	0.23366	0.00937	0.08787	0.05916	0.05355	0.02180	0.00798	0.04554	0.00657	0.00402	0.00384	0.00117	0.02068	0.00356	0.00206	0.00526
22	0.00773	0.00775	0.10065	0.01019	0.12845	0.00668	0.12640	0.00994	0.02547	0.06885	0.20766	0.05021	0.04245	0.05387	0.04171	0.00157	0.07778	0.00489	0.02325	0.00450
23	0.61753	0.00774	0.05562	0.00572	0.00838	0.00769	0.00501	0.01294	0.00759	0.22967	0.00777	0.00791	0.00544	0.00379	0.00277	0.00116	0.00313	0.00252	0.00287	0.00475
24	0.05538	0.00837	0.04885	0.08582	0.05062	0.08858	0.00657	0.16803	0.06510	0.08257	0.03043	0.05342	0.03172	0.06005	0.06938	0.01834	0.00446	0.05489	0.01273	0.00469
25	0.00912	0.04332	0.21473	0.03952	0.24188	0.01771	0.03014	0.10096	0.04938	0.05888	0.03189	0.04933	0.07065	0.00469	0.00394	0.00118	0.02085	0.00399	0.00248	0.00535
26	0.00963	0.00684	0.00832	0.00852	0.06051	0.00677	0.00587	0.13182	0.02718	0.06039	0.01743	0.37432	0.04447	0.02341	0.11602	0.00236	0.03091	0.00742	0.05264	0.00518

[dist]
# distance from previous block
# <min> <max>
0	2

[block]
# block no. 3 follows, 73 sequences, length 23
# corresponding to MSA columns:
# 471-493
name=unknown_D
#
# <colnr> <probs for GDERKNQSTAVLIFYWHMCP>
#	G	D	E	R	K	N	Q	S	T	A	V	L	I	F	Y	W	H	M	C	P
0	0.28115	0.10077	0.04369	0.04817	0.09902	0.13143	0.06132	0.05505	0.00944	0.01466	0.00884	0.06653	0.00792	0.00545	0.00444	0.00148	0.04853	0.00380	0.00279	0.00552
1	0.00743	0.00659	0.01059	0.01447	0.44037	0.00645	0.02127	0.00943	0.00931	0.01311	0.31285	0.01924	0.05309	0.00560	0.00410	0.00118	0.00334	0.05393	0.00285	0.00479
2	0.00981	0.00946	0.01297	0.05638	0.52220	0.11547	0.00969	0.03786	0.01810	0.03718	0.00803	0.03767	0.00700	0.00410	0.00400	0.00113	0.03286	0.02981	0.00214	0.04413
3	0.00793	0.00619	0.00731	0.00543	0.00837	0.00477	0.00432	0.00954	0.00827	0.06910	0.07768	0.01199	0.07394	0.00383	0.00311	0.00070	0.00266	0.00315	0.00264	0.68908
4	0.89465	0.00726	0.00551	0.00493	0.00726	0.00842	0.00406	0.01103	0.00638	0.01683	0.00522	0.00609	0.00406	0.00348	0.00232	0.00116	0.00290	0.00203	0.00232	0.00406
5	0.00810	0.10792	0.56775	0.01143	0.01632	0.00955	0.20352	0.01184	0.00811	0.01159	0.00677	0.00823	0.00498	0.00343	0.00364	0.00116	0.00556	0.00308	0.00166	0.00535
6	0.00652	0.00326	0.00489	0.00489	0.00489	0.00326	0.00326	0.00489	0.00489	0.00652	0.00652	0.01140	0.00652	0.01303	0.01466	0.89084	0.00326	0.00326	0.00163	0.00163
7	0.00546	0.00364	0.00409	0.00409	0.00409	0.00364	0.00227	0.00546	0.00546	0.00727	0.01182	0.02455	0.01364	0.86815	0.01910	0.00364	0.00364	0.00546	0.00227	0.00227
8	0.83119	0.00749	0.00593	0.00520	0.00757	0.00865	0.00428	0.07022	0.00720	0.01732	0.00550	0.00630	0.00423	0.00356	0.00242	0.00116	0.00299	0.00213	0.00242	0.00423
9	0.00778	0.00667	0.00778	0.00556	0.00889	0.00500	0.00445	0.00945	0.00778	0.01223	0.00667	0.00778	0.00556	0.00278	0.00278	0.00056	0.00278	0.00222	0.00222	0.89108
10	0.01463	0.01110	0.01075	0.00850	0.01130	0.15246	0.00690	0.56599	0.01537	0.15128	0.00938	0.00922	0.00658	0.00442	0.00369	0.00110	0.00443	0.00328	0.00359	0.00604
11	0.01425	0.00636	0.00807	0.00644	0.00898	0.01924	0.00523	0.02969	0.07510	0.62226	0.08143	0.01580	0.07920	0.00530	0.00387	0.00118	0.00303	0.00435	0.00439	0.00583
12	0.08634	0.00691	0.00811	0.00673	0.00921	0.00699	0.00541	0.01758	0.30564	0.43447	0.03341	0.01379	0.03858	0.00494	0.00371	0.00120	0.00301	0.00400	0.00411	0.00586
13	0.01456	0.00836	0.00966	0.00748	0.01029	0.00858	0.00615	0.44819	0.01420	0.34567	0.01290	0.01205	0.05212	0.00482	0.00377	0.00114	0.00358	0.00378	0.02654	0.00614
14	0.00731	0.00677	0.01125	0.36421	0.06206	0.00745	0.13938	0.03654	0.08190	0.01115	0.01167	0.18753	0.03537	0.00568	0.00411	0.00131	0.00428	0.01524	0.00242	0.00437
15	0.01239	0.00852	0.00916	0.00723	0.00971	0.00923	0.00591	0.58057	0.01483	0.06164	0.01149	0.01165	0.05170	0.00475	0.00356	0.00108	0.00348	0.00366	0.18381	0.00562
16	0.00474	0.00397	0.00416	0.00423	0.00548	0.00346	0.00327	0.00603	0.03118	0.01040	0.03548	0.03616	0.73432	0.00947	0.00450	0.00132	0.00209	0.09298	0.00349	0.00327
17	0.00875	0.01037	0.09450	0.07431	0.27105	0.00916	0.45188	0.01169	0.00858	0.01191	0.00729	0.00966	0.00564	0.00329	0.00409	0.00121	0.00560	0.00387	0.00184	0.00531
18	0.02837	0.00826	0.01932	0.16586	0.18582	0.02873	0.02447	0.22444	0.02886	0.13186	0.03371	0.01165	0.03516	0.01595	0.02965	0.00134	0.00430	0.00370	0.01318	0.00538
19	0.00471	0.00350	0.00441	0.00510	0.00553	0.00327	0.00347	0.00573	0.03485	0.00986	0.02300	0.71761	0.14269	0.01121	0.00471	0.00148	0.00216	0.01006	0.00349	0.00316
20	0.00607	0.00412	0.00456	0.00442	0.00553	0.00392	0.00334	0.02680	0.05323	0.02445	0.21532	0.06804	0.28247	0.00732	0.00389	0.00115	0.00200	0.02223	0.25754	0.00361
21	0.00991	0.12893	0.15174	0.04744	0.09172	0.10205	0.03312	0.15347	0.00985	0.04118	0.00923	0.04916	0.03438	0.00567	0.04245	0.00136	0.04261	0.01743	0.02329	0.00501
22	0.11929	0.10104	0.23866	0.02027	0.09861	0.15269	0.04008	0.07098	0.05000	0.05300	0.00744	0.01875	0.00576	0.00383	0.00336	0.00111	0.00480	0.00293	0.00221	0.00518

[dist]
# distance from previous block
# <min> <max>
3	50

[block]
# block no. 4 follows, 73 sequences, length 6
# corresponding to MSA columns:
# 544-549
name=unknown_E
#
# <colnr> <probs for GDERKNQSTAVLIFYWHMCP>
#	G	D	E	R	K	N	Q	S	T	A	V	L	I	F	Y	W	H	M	C	P
0	0.13404	0.02432	0.02922	0.03671	0.04753	0.13463	0.02016	0.02385	0.00846	0.01134	0.04354	0.04951	0.33096	0.03890	0.03251	0.00142	0.00363	0.00519	0.00273	0.02134
1	0.00775	0.19198	0.02696	0.00637	0.02796	0.05130	0.00506	0.04718	0.00847	0.03880	0.04732	0.30083	0.07633	0.00701	0.00376	0.00114	0.00311	0.02166	0.02233	0.10469
2	0.00983	0.06186	0.06465	0.08629	0.22125	0.08539	0.05854	0.04774	0.02605	0.08349	0.00784	0.02547	0.00651	0.02999	0.02538	0.00140	0.14762	0.00347	0.00219	0.00503
3	0.00593	0.00369	0.00428	0.00413	0.00505	0.00349	0.00310	0.00763	0.00930	0.01419	0.43000	0.02288	0.09291	0.00646	0.00368	0.00106	0.00177	0.00552	0.37143	0.00349
4	0.00567	0.00494	0.04441	0.00585	0.00692	0.00461	0.02229	0.02674	0.02759	0.01036	0.07263	0.12598	0.14513	0.07688	0.34110	0.00335	0.00568	0.04087	0.02549	0.00350
5	0.00527	0.00406	0.00458	0.00447	0.00562	0.00372	0.00335	0.00680	0.04664	0.03480	0.16327	0.06901	0.51412	0.03918	0.07657	0.00174	0.00272	0.00716	0.00347	0.00343

[dist]
# distance from previous block
# <min> <max>
0	3

[block]
# block no. 5 follows, 73 sequences, length 16
# corresponding to MSA columns:
# 553-568
name=unknown_F
#
# <colnr> <probs for GDERKNQSTAVLIFYWHMCP>
#	G	D	E	R	K	N	Q	S	T	A	V	L	I	F	Y	W	H	M	C	P
0	0.04599	0.36179	0.26641	0.00846	0.01231	0.01174	0.04160	0.17278	0.00973	0.02750	0.00668	0.00746	0.00518	0.00360	0.00312	0.00102	0.00453	0.00263	0.00211	0.00535
1	0.10104	0.01152	0.04411	0.00831	0.01107	0.16580	0.00692	0.49521	0.03806	0.04658	0.00841	0.00866	0.00613	0.00427	0.00351	0.00110	0.00442	0.00308	0.02616	0.00565
2	0.52102	0.00719	0.00668	0.00571	0.00803	0.00793	0.00468	0.12392	0.03381	0.13428	0.00845	0.00949	0.00637	0.00413	0.00288	0.00115	0.00303	0.02872	0.07784	0.00470
3	0.05745	0.70129	0.01748	0.00668	0.00968	0.08423	0.00633	0.01206	0.05777	0.00970	0.00587	0.00656	0.00518	0.00339	0.00257	0.00086	0.00412	0.00218	0.00180	0.00480
4	0.00484	0.00370	0.00441	0.00459	0.00542	0.00332	0.00335	0.00596	0.00868	0.01133	0.25990	0.23573	0.33752	0.04434	0.00515	0.00143	0.00208	0.05140	0.00362	0.00322
5	0.00552	0.00404	0.00579	0.00574	0.00634	0.00464	0.00437	0.00674	0.00619	0.00903	0.03464	0.01598	0.01050	0.11496	0.67491	0.00526	0.02853	0.00421	0.04934	0.00327
6	0.00850	0.32778	0.41847	0.03404	0.05895	0.01072	0.01032	0.02394	0.00798	0.01082	0.00696	0.03591	0.00588	0.00385	0.00323	0.00107	0.00474	0.01998	0.00174	0.00515
7	0.02508	0.42692	0.12117	0.00962	0.08265	0.10734	0.07340	0.04976	0.05185	0.01096	0.00651	0.00750	0.00538	0.00350	0.00307	0.00098	0.00467	0.00263	0.00191	0.00509
8	0.00888	0.21747	0.43873	0.03428	0.03135	0.03059	0.06190	0.03905	0.02422	0.03812	0.00750	0.00851	0.02118	0.00366	0.00337	0.00109	0.00494	0.00288	0.00188	0.02039
9	0.00485	0.00372	0.00439	0.00451	0.00537	0.00333	0.00329	0.00596	0.00873	0.01138	0.27303	0.19979	0.35772	0.05584	0.00533	0.00144	0.00208	0.04243	0.00361	0.00322
10	0.02447	0.06088	0.18916	0.08210	0.05221	0.04838	0.06081	0.02178	0.07052	0.03632	0.01187	0.16203	0.02414	0.06850	0.00505	0.00145	0.00418	0.06917	0.00250	0.00448
11	0.04299	0.09836	0.18571	0.09212	0.12113	0.02516	0.11086	0.01198	0.01883	0.10294	0.00757	0.00888	0.00572	0.00360	0.00374	0.00108	0.03202	0.00306	0.00215	0.12210
12	0.00551	0.00511	0.05945	0.00561	0.00672	0.00436	0.00457	0.00749	0.06039	0.01179	0.25177	0.24060	0.16461	0.02730	0.03469	0.00157	0.02449	0.07695	0.00344	0.00360
13	0.00818	0.00467	0.00562	0.00517	0.00608	0.00452	0.00356	0.07476	0.00799	0.17240	0.02968	0.17435	0.04505	0.42807	0.01148	0.00244	0.00323	0.00602	0.00315	0.00360
14	0.03912	0.10058	0.16324	0.05242	0.06587	0.04819	0.03897	0.04563	0.10744	0.14106	0.02399	0.06416	0.00866	0.03092	0.04078	0.00145	0.01591	0.00383	0.00269	0.00511
15	0.11034	0.12201	0.17747	0.06183	0.16876	0.04719	0.05874	0.03158	0.05017	0.06063	0.00768	0.02930	0.00613	0.00387	0.00358	0.00112	0.02239	0.00315	0.00217	0.03189

[dist]
# distance from previous block
# <min> <max>
0	226

[block]
# block no. 6 follows, 73 sequences, length 17
# corresponding to MSA columns:
# 795-811
name=unknown_G
#
# <colnr> <probs for GDERKNQSTAVLIFYWHMCP>
#	G	D	E	R	K	N	Q	S	T	A	V	L	I	F	Y	W	H	M	C	P
0	0.04256	0.04164	0.03317	0.08774	0.12394	0.06364	0.06379	0.20130	0.09600	0.16934	0.00969	0.01046	0.00713	0.02796	0.00410	0.00122	0.00426	0.00348	0.00301	0.00558
1	0.04374	0.00931	0.00920	0.04547	0.05269	0.16020	0.00609	0.13286	0.05980	0.05147	0.05052	0.00992	0.01932	0.00396	0.00348	0.00093	0.01793	0.00305	0.00267	0.31742
2	0.00526	0.00411	0.00482	0.00478	0.00578	0.00387	0.00353	0.00738	0.08658	0.01248	0.34812	0.18310	0.29874	0.00878	0.00444	0.00128	0.00200	0.00763	0.00377	0.00355
3	0.00457	0.00329	0.00433	0.00517	0.00543	0.00305	0.00346	0.00523	0.00724	0.00960	0.02136	0.83309	0.05699	0.01167	0.00477	0.00151	0.00217	0.01056	0.00348	0.00305
4	0.00472	0.00359	0.00426	0.00454	0.00525	0.00323	0.00319	0.00565	0.00822	0.01067	0.18469	0.34986	0.31959	0.06812	0.00556	0.00151	0.00210	0.00858	0.00353	0.00313
5	0.00457	0.00326	0.00435	0.00522	0.00544	0.00305	0.00348	0.00522	0.00718	0.00958	0.02068	0.86570	0.02481	0.01175	0.00479	0.00152	0.00218	0.01067	0.00348	0.00305
6	0.00588	0.00365	0.00462	0.00499	0.00543	0.00346	0.00338	0.00659	0.00722	0.06732	0.04021	0.48727	0.02015	0.21583	0.00800	0.00196	0.00261	0.04272	0.06557	0.00315
7	0.50826	0.00676	0.00619	0.00517	0.00761	0.00704	0.00419	0.02651	0.02869	0.06504	0.00719	0.00796	0.00553	0.00354	0.00261	0.00100	0.00280	0.00241	0.09516	0.20636
8	0.00509	0.00388	0.00469	0.00461	0.00556	0.00355	0.00341	0.00676	0.03496	0.01298	0.48427	0.13622	0.26298	0.00863	0.00446	0.00125	0.00190	0.00752	0.00385	0.00344
9	0.00772	0.00732	0.01240	0.61715	0.26285	0.00850	0.01074	0.01014	0.00780	0.01036	0.00678	0.00980	0.00527	0.00363	0.00374	0.00121	0.00484	0.00334	0.00172	0.00468
10	0.00457	0.00326	0.00435	0.00522	0.00544	0.00305	0.00348	0.00522	0.00718	0.00958	0.02068	0.86570	0.02481	0.01175	0.00479	0.00152	0.00218	0.01067	0.00348	0.00305
11	0.89465	0.00726	0.00551	0.00493	0.00726	0.00842	0.00406	0.01103	0.00638	0.01683	0.00522	0.00609	0.00406	0.00348	0.00232	0.00116	0.00290	0.00203	0.00232	0.00406
12	0.00471	0.00369	0.00426	0.00436	0.00530	0.00324	0.00318	0.00582	0.00883	0.01138	0.25735	0.21325	0.44232	0.00948	0.00451	0.00130	0.00192	0.00820	0.00366	0.00324
13	0.01061	0.43594	0.14644	0.00895	0.05274	0.18685	0.02385	0.05903	0.00890	0.01046	0.00592	0.00692	0.00497	0.00355	0.00316	0.00096	0.02154	0.00243	0.00181	0.00497
14	0.02533	0.04511	0.03819	0.02670	0.24244	0.21969	0.04515	0.07061	0.05335	0.11673	0.02896	0.02491	0.00805	0.02116	0.00434	0.00128	0.01597	0.00364	0.00277	0.00562
15	0.00517	0.00395	0.00476	0.00458	0.00559	0.00362	0.00342	0.00698	0.03960	0.01344	0.54887	0.06204	0.26761	0.00826	0.00442	0.00122	0.00187	0.00717	0.00391	0.00350
16	0.01367	0.01724	0.01060	0.00961	0.01148	0.79780	0.00724	0.01493	0.03599	0.00938	0.00606	0.00704	0.00504	0.00400	0.00371	0.00100	0.03636	0.00250	0.00198	0.00439

[dist]
# distance from previous block
# <min> <max>
0	1

[block]
# block no. 7 follows, 73 sequences, length 12
# corresponding to MSA columns:
# 813-824
name=unknown_H
#
# <colnr> <probs for GDERKNQSTAVLIFYWHMCP>
#	G	D	E	R	K	N	Q	S	T	A	V	L	I	F	Y	W	H	M	C	P
0	0.00982	0.09846	0.27275	0.03071	0.04192	0.00888	0.03308	0.17189	0.02719	0.07085	0.02107	0.00978	0.00667	0.00392	0.00346	0.00104	0.00428	0.02512	0.00248	0.15661
1	0.04024	0.05912	0.06047	0.09703	0.04477	0.02901	0.00580	0.04775	0.00832	0.01145	0.12159	0.11895	0.10641	0.04657	0.13728	0.00207	0.00437	0.02419	0.03071	0.00390
2	0.00537	0.00400	0.00591	0.00591	0.00654	0.00463	0.00454	0.00662	0.00599	0.00862	0.01016	0.01534	0.00964	0.07952	0.80225	0.00588	0.00966	0.00411	0.00203	0.00328
3	0.04404	0.00432	0.00590	0.03770	0.00666	0.00477	0.00423	0.02854	0.00617	0.00874	0.04108	0.02869	0.06113	0.05182	0.16073	0.42957	0.06719	0.00400	0.00206	0.00266
4	0.04483	0.28541	0.13929	0.00995	0.09393	0.11740	0.06458	0.11021	0.02058	0.04050	0.00682	0.00776	0.00540	0.00358	0.00321	0.00101	0.00468	0.00273	0.00213	0.03603
5	0.03252	0.25109	0.04542	0.00775	0.01070	0.01170	0.00687	0.45676	0.01307	0.06058	0.00809	0.00887	0.00624	0.03929	0.00416	0.00115	0.02409	0.00304	0.00297	0.00564
6	0.00465	0.00358	0.00412	0.00444	0.00515	0.00319	0.00308	0.00545	0.00786	0.00997	0.08373	0.35182	0.39132	0.09671	0.00605	0.00160	0.00217	0.00864	0.00341	0.00306
7	0.00720	0.00619	0.00975	0.14266	0.32254	0.00649	0.00761	0.02781	0.00773	0.01077	0.01092	0.19546	0.01109	0.09114	0.09095	0.00195	0.00443	0.00519	0.03576	0.00435
8	0.03386	0.11973	0.11963	0.03768	0.10925	0.03168	0.19710	0.05623	0.09129	0.02206	0.00793	0.00982	0.00637	0.03485	0.00497	0.00127	0.08366	0.00346	0.02409	0.00507
9	0.00555	0.00403	0.00469	0.00491	0.00580	0.00377	0.00355	0.02711	0.04716	0.03652	0.03959	0.37525	0.31493	0.03856	0.00497	0.00145	0.00227	0.03973	0.03674	0.00343
10	0.00491	0.00354	0.00447	0.00510	0.00540	0.00341	0.00337	0.00589	0.04214	0.00948	0.01948	0.67096	0.04462	0.15005	0.00705	0.00185	0.00244	0.00948	0.00330	0.00305
11	0.06901	0.15094	0.08560	0.03638	0.04087	0.12363	0.03065	0.26878	0.02238	0.12479	0.00818	0.00857	0.00600	0.00398	0.00340	0.00107	0.00447	0.00298	0.00281	0.00550

[dist]
# distance from previous block
# <min> <max>
2	11

[block]
# block no. 8 follows, 73 sequences, length 21
# corresponding to MSA columns:
# 836-856
name=unknown_I
#
# <colnr> <probs for GDERKNQSTAVLIFYWHMCP>
#	G	D	E	R	K	N	Q	S	T	A	V	L	I	F	Y	W	H	M	C	P
0	0.00790	0.00818	0.03794	0.01130	0.10187	0.06542	0.27801	0.02810	0.00783	0.01052	0.00903	0.04477	0.00839	0.15126	0.16927	0.00254	0.03672	0.00437	0.01235	0.00424
1	0.01243	0.00909	0.00980	0.00781	0.01027	0.01002	0.00624	0.57891	0.13110	0.04559	0.01045	0.01197	0.00818	0.12376	0.00588	0.00149	0.00387	0.00380	0.00359	0.00575
2	0.00588	0.00388	0.00488	0.00461	0.00558	0.00359	0.00349	0.00760	0.01011	0.04103	0.64860	0.02624	0.06824	0.00725	0.00417	0.00115	0.00185	0.02148	0.12676	0.00361
3	0.89465	0.00726	0.00551	0.00493	0.00726	0.00842	0.00406	0.01103	0.00638	0.01683	0.00522	0.00609	0.00406	0.00348	0.00232	0.00116	0.00290	0.00203	0.00232	0.00406
4	0.00448	0.00380	0.00386	0.00385	0.00509	0.00319	0.00289	0.00547	0.00866	0.01038	0.07852	0.03570	0.80256	0.00941	0.00443	0.00126	0.00189	0.00786	0.00352	0.00319
5	0.01625	0.00732	0.00929	0.00712	0.01004	0.00690	0.00588	0.20307	0.01231	0.66034	0.01349	0.01192	0.00863	0.00461	0.00377	0.00115	0.00340	0.00368	0.00444	0.00638
6	0.89465	0.00726	0.00551	0.00493	0.00726	0.00842	0.00406	0.01103	0.00638	0.01683	0.00522	0.00609	0.00406	0.00348	0.00232	0.00116	0.00290	0.00203	0.00232	0.00406
7	0.89465	0.00726	0.00551	0.00493	0.00726	0.00842	0.00406	0.01103	0.00638	0.01683	0.00522	0.00609	0.00406	0.00348	0.00232	0.00116	0.00290	0.00203	0.00232	0.00406
8	0.00806	0.00777	0.01351	0.47624	0.34757	0.00864	0.06340	0.01050	0.00800	0.01079	0.00688	0.00973	0.00542	0.00355	0.00378	0.00120	0.00487	0.00341	0.00176	0.00492
9	0.00785	0.00673	0.00781	0.00565	0.00893	0.00519	0.00451	0.00989	0.04313	0.01237	0.00703	0.00804	0.00581	0.00288	0.00282	0.00059	0.00279	0.00231	0.00229	0.85339
10	0.02508	0.00886	0.01015	0.00870	0.06369	0.00958	0.00661	0.55315	0.01434	0.10196	0.00974	0.01088	0.00736	0.05949	0.06949	0.00165	0.00440	0.00358	0.02553	0.00576
11	0.01334	0.01003	0.01157	0.01051	0.12643	0.01095	0.00762	0.64733	0.06651	0.04369	0.00928	0.00945	0.00671	0.00438	0.00375	0.00113	0.00408	0.00344	0.00352	0.00629
12	0.01426	0.01051	0.01126	0.00863	0.01163	0.01163	0.00713	0.83224	0.01764	0.02364	0.00901	0.00901	0.00638	0.00450	0.00375	0.00113	0.00413	0.00338	0.00375	0.00638
13	0.00582	0.00480	0.00645	0.00640	0.00654	0.00567	0.00470	0.00644	0.00640	0.00897	0.01400	0.42421	0.01628	0.16234	0.05532	0.00217	0.25034	0.00726	0.00266	0.00323
14	0.00537	0.00400	0.00591	0.00591	0.00653	0.00462	0.00453	0.00662	0.00599	0.00862	0.01016	0.01537	0.00965	0.08192	0.79987	0.00588	0.00964	0.00411	0.00203	0.00328
15	0.00546	0.00364	0.00409	0.00409	0.00409	0.00364	0.00227	0.00546	0.00546	0.00727	0.01182	0.02455	0.01364	0.86815	0.01910	0.00364	0.00364	0.00546	0.00227	0.00227
16	0.00534	0.00368	0.00438	0.00444	0.00464	0.00371	0.00276	0.00566	0.00595	0.00797	0.03226	0.07799	0.05515	0.63613	0.11881	0.00359	0.00420	0.01835	0.00244	0.00254
17	0.73994	0.12633	0.00758	0.00520	0.00767	0.00920	0.00444	0.01133	0.00672	0.04661	0.00558	0.00633	0.00436	0.00349	0.00239	0.00111	0.00307	0.00209	0.00231	0.00425
18	0.00840	0.00618	0.00830	0.00867	0.07215	0.00641	0.00596	0.00903	0.00789	0.04229	0.03712	0.03645	0.01242	0.13122	0.54267	0.00496	0.04726	0.00500	0.00293	0.00468
19	0.00911	0.05714	0.08942	0.01465	0.11395	0.06340	0.51003	0.02841	0.00888	0.01179	0.00778	0.02839	0.00633	0.01446	0.00429	0.00124	0.00573	0.01797	0.00196	0.00507
20	0.32709	0.19263	0.10463	0.00731	0.01010	0.24421	0.00663	0.02607	0.00830	0.03487	0.00587	0.00670	0.00469	0.00359	0.00284	0.00103	0.00453	0.00229	0.00207	0.00457

[dist]
# distance from previous block
# <min> <max>
1	3

[block]
# block no. 9 follows, 73 sequences, length 14
# corresponding to MSA columns:
# 860-873
name=unknown_J
#
# <colnr> <probs for GDERKNQSTAVLIFYWHMCP>
#	G	D	E	R	K	N	Q	S	T	A	V	L	I	F	Y	W	H	M	C	P
0	0.00866	0.12867	0.14672	0.07126	0.03136	0.11799	0.00757	0.07792	0.03676	0.01124	0.05483	0.01123	0.00826	0.03443	0.20615	0.00234	0.03455	0.00339	0.00217	0.00450
1	0.00468	0.00335	0.00437	0.00513	0.00540	0.00313	0.00344	0.00534	0.00722	0.00959	0.03705	0.74317	0.05357	0.06836	0.00573	0.00165	0.00229	0.03009	0.00341	0.00302
2	0.00496	0.00356	0.00426	0.00455	0.00492	0.00337	0.00296	0.00553	0.00703	0.00927	0.09261	0.32602	0.15184	0.33126	0.02901	0.00234	0.00282	0.00779	0.00306	0.00283
3	0.00547	0.00415	0.00611	0.00605	0.00666	0.00488	0.00467	0.00671	0.00598	0.00863	0.00997	0.01510	0.00948	0.07905	0.77067	0.00572	0.04129	0.00408	0.00201	0.00331
4	0.00628	0.00419	0.00519	0.00529	0.00583	0.00417	0.00365	0.04828	0.00749	0.06399	0.01747	0.42479	0.06457	0.26015	0.00912	0.00209	0.03567	0.02536	0.00315	0.00326
5	0.01025	0.82271	0.01915	0.00660	0.00974	0.06174	0.00647	0.01144	0.00779	0.00885	0.00525	0.00606	0.00482	0.00325	0.00246	0.00081	0.00417	0.00203	0.00162	0.00479
6	0.00778	0.00667	0.00778	0.00556	0.00889	0.00500	0.00445	0.00945	0.00778	0.01223	0.00667	0.00778	0.00556	0.00278	0.00278	0.00056	0.00278	0.00222	0.00222	0.89108
7	0.00821	0.00821	0.01149	0.00985	0.00985	0.01149	0.00821	0.00903	0.00575	0.00903	0.00492	0.00821	0.00492	0.00657	0.01231	0.00164	0.86128	0.00328	0.00164	0.00410
8	0.00843	0.04081	0.00918	0.01841	0.08898	0.10573	0.02186	0.08021	0.11711	0.01182	0.04928	0.11811	0.07102	0.05139	0.09670	0.00188	0.09710	0.00487	0.00270	0.00439
9	0.00897	0.00657	0.00775	0.00596	0.00869	0.00565	0.00474	0.10282	0.03725	0.09724	0.11340	0.06034	0.01106	0.00436	0.00334	0.00084	0.00282	0.00363	0.00300	0.51158
10	0.04176	0.01008	0.01901	0.04981	0.05441	0.03983	0.60440	0.08625	0.03202	0.01315	0.00771	0.00982	0.00580	0.00341	0.00418	0.00123	0.00579	0.00408	0.00212	0.00514
11	0.02715	0.03915	0.00891	0.00793	0.07632	0.10931	0.03190	0.03697	0.04093	0.05123	0.04211	0.14066	0.04578	0.03628	0.00429	0.00110	0.02022	0.00441	0.00266	0.27270
12	0.01003	0.05848	0.00849	0.02697	0.00866	0.02932	0.03139	0.09993	0.02675	0.22005	0.11440	0.01611	0.03885	0.13144	0.11110	0.00210	0.02129	0.00435	0.02630	0.01402
13	0.00790	0.02393	0.05885	0.01870	0.02839	0.02419	0.06113	0.15867	0.08727	0.02381	0.05758	0.36603	0.02715	0.02283	0.01437	0.00141	0.00341	0.00675	0.00322	0.00441

[dist]
# distance from previous block
# <min> <max>
1	58

[block]
# block no. 10 follows, 73 sequences, length 30
# corresponding to MSA columns:
# 933-962
name=unknown_K
#
# <colnr> <probs for GDERKNQSTAVLIFYWHMCP>
#	G	D	E	R	K	N	Q	S	T	A	V	L	I	F	Y	W	H	M	C	P
0	0.01941	0.22015	0.06723	0.02132	0.07535	0.11247	0.00624	0.02955	0.03384	0.03106	0.04329	0.10154	0.05898	0.11566	0.02655	0.00155	0.00413	0.02501	0.00241	0.00427
1	0.02901	0.02169	0.00679	0.00699	0.06574	0.04699	0.01506	0.00778	0.01786	0.02770	0.07493	0.15763	0.08943	0.09597	0.26081	0.00293	0.01316	0.03823	0.00268	0.01861
2	0.05251	0.17691	0.17277	0.08711	0.05213	0.08676	0.04329	0.10977	0.07591	0.06083	0.00793	0.02162	0.00616	0.00397	0.00353	0.00110	0.01807	0.00307	0.00234	0.01422
3	0.01186	0.00891	0.00958	0.00778	0.01018	0.00990	0.00620	0.48682	0.24829	0.03612	0.02685	0.01243	0.00915	0.09214	0.00534	0.00142	0.00369	0.00390	0.00365	0.00579
4	0.00626	0.00443	0.00631	0.00649	0.06354	0.00447	0.03145	0.00790	0.00836	0.02985	0.29119	0.01934	0.04334	0.02996	0.25693	0.00261	0.00463	0.00496	0.17427	0.00371
5	0.00850	0.05867	0.01197	0.02702	0.03600	0.04739	0.02270	0.00950	0.00629	0.00927	0.00537	0.00837	0.00514	0.00646	0.02878	0.00161	0.68170	0.00321	0.01783	0.00420
6	0.04368	0.00939	0.00916	0.00779	0.01018	0.09478	0.00616	0.20645	0.44446	0.04358	0.01189	0.01143	0.00889	0.00501	0.01785	0.00124	0.00373	0.00364	0.00346	0.05725
7	0.01001	0.06243	0.02735	0.05336	0.12932	0.06424	0.06431	0.09832	0.16361	0.08289	0.01021	0.03111	0.02078	0.00605	0.06210	0.00148	0.04260	0.00370	0.01383	0.05229
8	0.00944	0.05440	0.05716	0.26259	0.26594	0.13612	0.00962	0.04871	0.07601	0.01153	0.00756	0.02093	0.00609	0.00389	0.00372	0.00114	0.01476	0.00328	0.00205	0.00506
9	0.00529	0.00371	0.00461	0.00472	0.00524	0.00374	0.00328	0.00616	0.00688	0.00956	0.08009	0.14537	0.12478	0.26776	0.22984	0.00320	0.00455	0.00609	0.08213	0.00299
10	0.14886	0.05921	0.01195	0.19898	0.03237	0.22869	0.11173	0.10818	0.02870	0.01272	0.00697	0.02262	0.00555	0.00388	0.00346	0.00113	0.00504	0.00310	0.00219	0.00467
11	0.00915	0.00897	0.04863	0.11544	0.45566	0.02576	0.01912	0.06081	0.14422	0.01291	0.00888	0.01127	0.00729	0.03234	0.00427	0.00126	0.00432	0.02188	0.00231	0.00552
12	0.00548	0.00384	0.00478	0.00516	0.00586	0.00360	0.00365	0.00690	0.05358	0.04940	0.10897	0.53644	0.16418	0.01022	0.00460	0.00142	0.00220	0.02265	0.00362	0.00344
13	0.02553	0.06269	0.04317	0.00904	0.03403	0.13048	0.02056	0.08766	0.07525	0.02041	0.00730	0.03778	0.00639	0.00506	0.00660	0.00123	0.31247	0.00328	0.00224	0.10884
14	0.00480	0.00367	0.00425	0.00453	0.00527	0.00331	0.00323	0.00565	0.00788	0.01000	0.08574	0.26649	0.37650	0.13383	0.00670	0.00171	0.00233	0.06770	0.00335	0.00305
15	0.03100	0.08042	0.08286	0.03276	0.07086	0.05512	0.03612	0.43672	0.04499	0.02932	0.02708	0.00959	0.00693	0.02388	0.00407	0.00118	0.01512	0.00333	0.00298	0.00569
16	0.03635	0.24029	0.32050	0.00971	0.04074	0.04338	0.09963	0.01164	0.00812	0.05502	0.00783	0.04676	0.00663	0.00416	0.00364	0.00113	0.02457	0.03289	0.00198	0.00504
17	0.00528	0.00392	0.00503	0.00564	0.00629	0.00379	0.00425	0.00689	0.05535	0.01080	0.07800	0.45392	0.10676	0.01049	0.00478	0.00151	0.00251	0.22786	0.00354	0.00337
18	0.01003	0.87041	0.01966	0.00642	0.00963	0.01485	0.00642	0.01123	0.00762	0.00883	0.00522	0.00602	0.00481	0.00321	0.00241	0.00080	0.00401	0.00201	0.00160	0.00481
19	0.00778	0.00667	0.00778	0.00556	0.00889	0.00500	0.00445	0.00945	0.00778	0.01223	0.00667	0.00778	0.00556	0.00278	0.00278	0.00056	0.00278	0.00222	0.00222	0.89108
20	0.01426	0.01051	0.01126	0.00863	0.01163	0.01163	0.00713	0.83224	0.01764	0.02364	0.00901	0.00901	0.00638	0.00450	0.00375	0.00113	0.00413	0.00338	0.00375	0.00638
21	0.00605	0.00432	0.00605	0.00691	0.00777	0.00432	0.00605	0.00777	0.00864	0.01123	0.01986	0.04232	0.02159	0.01036	0.00518	0.00173	0.00345	0.81949	0.00345	0.00345
22	0.00512	0.00352	0.00460	0.00532	0.00578	0.00335	0.00387	0.00613	0.00767	0.01052	0.04543	0.57676	0.04160	0.01056	0.00463	0.00148	0.00236	0.16498	0.09312	0.00319
23	0.00505	0.00381	0.00426	0.00428	0.00538	0.00329	0.00316	0.00609	0.00871	0.04182	0.15298	0.17423	0.55478	0.00943	0.00447	0.00129	0.00198	0.00806	0.00362	0.00332
24	0.89465	0.00726	0.00551	0.00493	0.00726	0.00842	0.00406	0.01103	0.00638	0.01683	0.00522	0.00609	0.00406	0.00348	0.00232	0.00116	0.00290	0.00203	0.00232	0.00406
25	0.00513	0.00378	0.00444	0.00449	0.00514	0.00359	0.00311	0.00609	0.01808	0.01017	0.17604	0.11957	0.24458	0.27603	0.06700	0.00234	0.00305	0.02779	0.01656	0.00301
26	0.00520	0.00383	0.00505	0.00551	0.00601	0.00372	0.01520	0.02714	0.03502	0.01055	0.08425	0.63294	0.03994	0.04545	0.03269	0.00171	0.00263	0.03643	0.00343	0.00329
27	0.00473	0.00370	0.00424	0.00437	0.00527	0.00326	0.00317	0.00577	0.00859	0.01101	0.21260	0.21181	0.43873	0.04582	0.00514	0.00141	0.00203	0.02158	0.00358	0.00319
28	0.02079	0.03634	0.09278	0.10611	0.29028	0.06102	0.10074	0.09264	0.07866	0.01294	0.00824	0.04102	0.00676	0.00402	0.00384	0.00116	0.01461	0.00362	0.00223	0.02221
29	0.29611	0.14040	0.01025	0.00716	0.00968	0.20726	0.00589	0.20501	0.02277	0.01525	0.00657	0.00724	0.00516	0.00379	0.00296	0.00103	0.00424	0.00250	0.01934	0.02738

[dist]
# distance from previous block
# <min> <max>
0	2

[block]
# block no. 11 follows, 73 sequences, length 10
# corresponding to MSA columns:
# 965-974
name=unknown_L
#
# <colnr> <probs for GDERKNQSTAVLIFYWHMCP>
#	G	D	E	R	K	N	Q	S	T	A	V	L	I	F	Y	W	H	M	C	P
0	0.00991	0.23629	0.22704	0.04253	0.06489	0.04944	0.04710	0.09236	0.03583	0.07840	0.00836	0.06367	0.00693	0.00426	0.00356	0.00110	0.01739	0.00339	0.00229	0.00523
1	0.10937	0.43607	0.26632	0.00815	0.03727	0.01176	0.00856	0.04569	0.00809	0.02980	0.00610	0.00697	0.00491	0.00344	0.00287	0.00099	0.00435	0.00238	0.00184	0.00508
2	0.06323	0.00375	0.00510	0.00517	0.00555	0.00399	0.00367	0.00596	0.00569	0.00841	0.00953	0.11583	0.00979	0.05691	0.24412	0.41407	0.00495	0.00440	0.02736	0.00252
3	0.00868	0.14930	0.25400	0.02544	0.10228	0.06506	0.08933	0.01117	0.02080	0.05343	0.01046	0.10208	0.05916	0.00487	0.00391	0.00117	0.02764	0.00411	0.00218	0.00491
4	0.01002	0.16210	0.20785	0.00945	0.02831	0.09808	0.11607	0.07723	0.06203	0.08661	0.00941	0.09934	0.00800	0.00461	0.00364	0.00114	0.00465	0.00389	0.00246	0.00514
5	0.00580	0.00350	0.00467	0.00484	0.00500	0.00345	0.00323	0.00549	0.00606	0.00811	0.06516	0.13676	0.01435	0.27647	0.01323	0.36338	0.00315	0.07265	0.00240	0.00230
6	0.00936	0.06429	0.01522	0.04160	0.61483	0.00914	0.07608	0.02694	0.00869	0.03552	0.02346	0.01006	0.02148	0.00365	0.00391	0.00113	0.02348	0.00350	0.00202	0.00564
