[name]
unknown

[dist]
# distance from previous block
# <min> <max>
12	135

[block]
# block no. 0 follows, 67 sequences, length 9
# corresponding to MSA columns:
# 197,211-218
name=unknown_A
#
# <colnr> <probs for GDERKNQSTAVLIFYWHMCP>
#	G	D	E	R	K	N	Q	S	T	A	V	L	I	F	Y	W	H	M	C	P
0	0.00829	0.00647	0.00714	0.00668	0.03276	0.05127	0.00491	0.09217	0.07653	0.06182	0.23689	0.08472	0.16869	0.04023	0.04666	0.00161	0.00336	0.00613	0.00368	0.05999
1	0.05088	0.00850	0.01365	0.16605	0.42674	0.00873	0.05821	0.03383	0.03050	0.03902	0.00973	0.03093	0.04320	0.00423	0.00396	0.00122	0.00453	0.00394	0.00232	0.05982
2	0.05752	0.00759	0.00963	0.13675	0.08378	0.00762	0.00684	0.12766	0.06403	0.09148	0.01112	0.03393	0.04656	0.00553	0.03649	0.00129	0.00397	0.00376	0.02525	0.23919
3	0.00720	0.00612	0.00806	0.02689	0.00884	0.03183	0.04348	0.02329	0.00774	0.01103	0.07023	0.03453	0.01128	0.12595	0.30300	0.00332	0.05890	0.00431	0.00243	0.21158
4	0.04330	0.00729	0.00932	0.04176	0.01076	0.00671	0.06457	0.10660	0.05407	0.03919	0.01112	0.15860	0.01040	0.00534	0.00377	0.00105	0.00345	0.02133	0.00296	0.39843
5	0.00698	0.00548	0.00584	0.00608	0.00698	0.07148	0.00439	0.05162	0.00916	0.05245	0.04848	0.52684	0.13543	0.01055	0.00484	0.00150	0.00289	0.04155	0.00369	0.00379
6	0.02848	0.09508	0.10653	0.05715	0.06976	0.07664	0.01912	0.22493	0.03092	0.03614	0.03061	0.13239	0.04368	0.00572	0.00397	0.00123	0.00434	0.00469	0.00298	0.02564
7	0.01017	0.20228	0.24771	0.01240	0.08710	0.06829	0.19417	0.08576	0.00980	0.01292	0.00760	0.03006	0.00614	0.00394	0.00380	0.00118	0.00551	0.00348	0.00209	0.00560
8	0.00660	0.00557	0.03948	0.05217	0.00885	0.00495	0.04541	0.00880	0.06950	0.05655	0.09647	0.27863	0.24251	0.00922	0.00474	0.00145	0.00294	0.05848	0.00361	0.00407

[dist]
# distance from previous block
# <min> <max>
2	9

[block]
# block no. 1 follows, 67 sequences, length 34
# corresponding to MSA columns:
# 229-256,260-265
name=unknown_B
#
# <colnr> <probs for GDERKNQSTAVLIFYWHMCP>
#	G	D	E	R	K	N	Q	S	T	A	V	L	I	F	Y	W	H	M	C	P
0	0.02373	0.01645	0.02685	0.03601	0.01872	0.02112	0.11696	0.03775	0.02061	0.07779	0.05577	0.31844	0.13738	0.03277	0.00511	0.00147	0.01089	0.00742	0.00333	0.03142
1	0.00967	0.04849	0.01400	0.39375	0.16713	0.09934	0.07434	0.06151	0.02844	0.01193	0.00739	0.00994	0.00580	0.00410	0.00441	0.00127	0.04781	0.00351	0.00205	0.00511
2	0.00684	0.05594	0.12510	0.00633	0.00842	0.02559	0.00576	0.02054	0.10208	0.01363	0.29994	0.05255	0.24680	0.00754	0.00438	0.00128	0.00296	0.00636	0.00356	0.00439
3	0.00933	0.01073	0.03619	0.06799	0.03626	0.01004	0.74187	0.01267	0.00935	0.01269	0.00803	0.01076	0.00603	0.00343	0.00466	0.00135	0.00662	0.00461	0.00201	0.00538
4	0.00855	0.01768	0.59028	0.01281	0.01805	0.00966	0.22560	0.02543	0.00883	0.01286	0.00743	0.00911	0.00538	0.00380	0.00430	0.00130	0.02790	0.00345	0.00182	0.00577
5	0.08747	0.00766	0.00921	0.00727	0.01013	0.00753	0.00595	0.17101	0.06883	0.50092	0.04500	0.01305	0.01012	0.00498	0.00389	0.00123	0.00345	0.00395	0.03197	0.00637
6	0.00622	0.00388	0.00510	0.00561	0.00619	0.00356	0.00387	0.00705	0.00822	0.09112	0.05619	0.67613	0.06358	0.03614	0.00542	0.00163	0.00245	0.01020	0.00384	0.00361
7	0.00512	0.00404	0.00461	0.00455	0.00567	0.00353	0.00338	0.00646	0.00991	0.01285	0.34973	0.08907	0.46772	0.00955	0.00476	0.00134	0.00200	0.00818	0.00399	0.00353
8	0.00595	0.00442	0.00532	0.00522	0.00637	0.00411	0.00403	0.00792	0.04838	0.03113	0.38088	0.03368	0.29118	0.03760	0.00533	0.00146	0.00234	0.11688	0.00402	0.00378
9	0.00851	0.00936	0.08569	0.31426	0.30143	0.02669	0.05696	0.01102	0.00845	0.01147	0.00870	0.01173	0.03429	0.03197	0.03516	0.00155	0.03182	0.00382	0.00196	0.00516
10	0.01055	0.80843	0.07257	0.00715	0.01074	0.01546	0.00736	0.01205	0.00817	0.00964	0.00568	0.00656	0.00514	0.00346	0.00265	0.00088	0.00439	0.00220	0.00171	0.00520
11	0.00490	0.00354	0.00464	0.00547	0.00580	0.00328	0.00368	0.00566	0.00788	0.01046	0.04863	0.78028	0.07640	0.01228	0.00508	0.00160	0.00229	0.01109	0.00374	0.00328
12	0.00495	0.00359	0.00465	0.00548	0.00582	0.00333	0.00372	0.00569	0.00780	0.01028	0.02343	0.73819	0.09573	0.03480	0.00551	0.00167	0.00239	0.03604	0.00369	0.00326
13	0.00958	0.02172	0.00812	0.00730	0.00845	0.23767	0.00537	0.10222	0.00921	0.01106	0.01057	0.08468	0.01069	0.25011	0.14662	0.00282	0.04256	0.00469	0.02260	0.00396
14	0.03560	0.00560	0.00644	0.00582	0.00732	0.02054	0.00447	0.04795	0.11030	0.09614	0.45126	0.05290	0.09953	0.00740	0.00442	0.00128	0.00247	0.00634	0.02972	0.00451
15	0.00507	0.00363	0.00476	0.00560	0.00597	0.00340	0.00389	0.00590	0.00789	0.01047	0.02286	0.70850	0.07482	0.02517	0.00533	0.00165	0.00245	0.08092	0.01842	0.00330
16	0.00562	0.00445	0.00652	0.05418	0.00827	0.00427	0.05541	0.00697	0.00878	0.01166	0.15872	0.42617	0.12144	0.01031	0.00497	0.00153	0.00282	0.10067	0.00362	0.00361
17	0.88738	0.00776	0.00589	0.00527	0.00776	0.00900	0.00434	0.01179	0.00683	0.01799	0.00558	0.00651	0.00434	0.00372	0.00248	0.00124	0.00310	0.00217	0.00248	0.00434
18	0.00719	0.00619	0.02295	0.00789	0.04738	0.03053	0.01472	0.07773	0.00838	0.01145	0.03336	0.30245	0.02740	0.07043	0.19884	0.00280	0.10925	0.01415	0.00289	0.00400
19	0.02844	0.05100	0.73987	0.03331	0.01699	0.00964	0.01395	0.03908	0.00875	0.01305	0.00718	0.00844	0.00513	0.00383	0.00375	0.00125	0.00574	0.00295	0.00179	0.00585
20	0.88738	0.00776	0.00589	0.00527	0.00776	0.00900	0.00434	0.01179	0.00683	0.01799	0.00558	0.00651	0.00434	0.00372	0.00248	0.00124	0.00310	0.00217	0.00248	0.00434
21	0.00964	0.07345	0.01000	0.00782	0.02141	0.07096	0.05052	0.09535	0.09250	0.06834	0.14221	0.01739	0.08825	0.06213	0.02873	0.00157	0.09487	0.00478	0.05528	0.00479
22	0.00573	0.00428	0.00634	0.00634	0.00702	0.00496	0.00488	0.00709	0.00641	0.00923	0.01084	0.01628	0.01026	0.07181	0.80175	0.00632	0.01040	0.00437	0.00216	0.00352
23	0.00491	0.00407	0.00430	0.00424	0.00552	0.00346	0.00318	0.00608	0.00954	0.01178	0.18327	0.03704	0.68918	0.00980	0.00474	0.00134	0.00201	0.00825	0.00385	0.00346
24	0.00804	0.00791	0.01360	0.69863	0.05830	0.02567	0.10975	0.01076	0.00831	0.01067	0.00725	0.01061	0.00547	0.00392	0.00409	0.00133	0.00553	0.00369	0.00183	0.00465
25	0.00573	0.00418	0.00590	0.00593	0.00646	0.00469	0.00436	0.00680	0.00634	0.00897	0.01153	0.04290	0.01160	0.22725	0.62239	0.00569	0.00886	0.00487	0.00226	0.00330
26	0.02970	0.01263	0.01136	0.00989	0.05106	0.24767	0.00751	0.41591	0.04338	0.04986	0.03686	0.01023	0.00776	0.02098	0.00445	0.00123	0.02685	0.00350	0.00330	0.00587
27	0.01104	0.14719	0.23364	0.04409	0.12488	0.24896	0.01004	0.06984	0.01001	0.01209	0.00759	0.04872	0.00645	0.00431	0.00367	0.00114	0.00559	0.00328	0.00211	0.00538
28	0.02016	0.06565	0.06045	0.14411	0.16393	0.05692	0.00916	0.23461	0.10226	0.05252	0.00911	0.01022	0.00690	0.00469	0.01320	0.00129	0.03257	0.00352	0.00284	0.00589
29	0.00587	0.00497	0.04564	0.00610	0.00686	0.00490	0.00475	0.00705	0.00637	0.00904	0.01111	0.01838	0.01108	0.26397	0.56964	0.00547	0.00857	0.00467	0.00221	0.00337
30	0.01187	0.43732	0.06960	0.03463	0.01236	0.17495	0.03497	0.12992	0.03822	0.01240	0.00688	0.00775	0.00567	0.00388	0.00323	0.00102	0.00506	0.00271	0.00221	0.00537
31	0.02381	0.00833	0.07264	0.05369	0.02577	0.00673	0.00635	0.06507	0.03076	0.05573	0.00900	0.02984	0.02118	0.01846	0.02170	0.00106	0.03249	0.00318	0.00260	0.51161
32	0.02917	0.10737	0.08090	0.06648	0.02811	0.05785	0.11266	0.19294	0.11743	0.02430	0.02527	0.01100	0.01710	0.00618	0.05739	0.00157	0.05226	0.00373	0.00276	0.00553
33	0.01072	0.17858	0.02847	0.03296	0.05690	0.06041	0.03056	0.26732	0.01916	0.02311	0.06645	0.13348	0.05419	0.00603	0.00398	0.00121	0.00409	0.01396	0.00313	0.00528

[dist]
# distance from previous block
# <min> <max>
1	10

[block]
# block no. 2 follows, 67 sequences, length 56
# corresponding to MSA columns:
# 290-326,329-344,347-349
name=unknown_C
#
# <colnr> <probs for GDERKNQSTAVLIFYWHMCP>
#	G	D	E	R	K	N	Q	S	T	A	V	L	I	F	Y	W	H	M	C	P
0	0.03618	0.03796	0.05499	0.18782	0.06782	0.04595	0.02470	0.08600	0.10329	0.02562	0.08047	0.11020	0.03228	0.00613	0.00461	0.00135	0.04362	0.04318	0.00292	0.00492
1	0.63888	0.00721	0.01971	0.00547	0.00775	0.00778	0.00452	0.01135	0.00761	0.07063	0.05802	0.02357	0.04830	0.03452	0.00361	0.00136	0.00308	0.02765	0.00286	0.01613
2	0.00799	0.00680	0.00795	0.00582	0.00911	0.00516	0.00462	0.00973	0.00848	0.01307	0.04708	0.02683	0.03931	0.00367	0.00316	0.00067	0.00287	0.00301	0.00255	0.79212
3	0.01016	0.51124	0.21351	0.00994	0.06705	0.01313	0.07562	0.01249	0.00850	0.03589	0.00661	0.00772	0.00543	0.00357	0.00318	0.00103	0.00488	0.00270	0.00185	0.00548
4	0.00585	0.00410	0.00516	0.00513	0.00535	0.00439	0.00335	0.00631	0.00603	0.00829	0.01192	0.02266	0.01299	0.58508	0.27738	0.00465	0.02089	0.00531	0.00233	0.00282
5	0.00943	0.00924	0.04327	0.25702	0.51516	0.00942	0.01165	0.05917	0.00934	0.01295	0.00777	0.02362	0.00637	0.00392	0.00400	0.00124	0.00491	0.00368	0.00206	0.00578
6	0.00533	0.00437	0.00467	0.00463	0.00585	0.00396	0.00341	0.00718	0.07236	0.01175	0.13525	0.09211	0.57066	0.05379	0.00553	0.00149	0.00222	0.00808	0.00377	0.00361
7	0.04272	0.00854	0.00951	0.00760	0.01032	0.10054	0.00616	0.10126	0.01192	0.54616	0.07598	0.01339	0.01089	0.00513	0.00427	0.00123	0.02986	0.00400	0.00432	0.00620
8	0.00997	0.00936	0.01594	0.06283	0.78035	0.00943	0.01213	0.01235	0.00913	0.02896	0.00769	0.01003	0.00637	0.00362	0.00397	0.00120	0.00477	0.00358	0.00203	0.00627
9	0.08174	0.05101	0.01092	0.01019	0.08569	0.27718	0.00745	0.03609	0.03673	0.01174	0.03324	0.01245	0.00833	0.03264	0.04302	0.00160	0.17449	0.06141	0.00235	0.02173
10	0.00546	0.00399	0.00525	0.00599	0.00664	0.00377	0.00459	0.00666	0.00861	0.01126	0.07112	0.42720	0.12466	0.01150	0.00520	0.00165	0.00274	0.28649	0.00375	0.00345
11	0.01100	0.75053	0.01962	0.00717	0.01041	0.07924	0.00689	0.03098	0.00859	0.00983	0.00588	0.00685	0.00534	0.00433	0.02838	0.00105	0.00472	0.00228	0.00181	0.00510
12	0.00866	0.00645	0.00781	0.00725	0.06204	0.00599	0.00516	0.12592	0.03439	0.06564	0.14077	0.10826	0.13402	0.04617	0.00485	0.00126	0.00300	0.00555	0.00345	0.22335
13	0.02542	0.01077	0.01158	0.00900	0.01208	0.01193	0.00740	0.72603	0.06759	0.03803	0.01012	0.01015	0.00726	0.00553	0.02696	0.00136	0.00448	0.00368	0.00396	0.00667
14	0.00517	0.00373	0.00485	0.00553	0.00573	0.00365	0.00367	0.00578	0.00739	0.00992	0.03396	0.67989	0.02411	0.15141	0.00787	0.00200	0.02854	0.01017	0.00346	0.00317
15	0.00957	0.00915	0.01550	0.06486	0.75520	0.00921	0.01182	0.01190	0.00908	0.01285	0.00906	0.01130	0.04474	0.00390	0.00401	0.00121	0.00467	0.00380	0.00206	0.00612
16	0.03870	0.33128	0.03998	0.00807	0.01119	0.04046	0.03169	0.25373	0.07015	0.07380	0.02221	0.02392	0.01694	0.00446	0.00345	0.00109	0.00424	0.00334	0.01554	0.00575
17	0.00540	0.00395	0.00450	0.00454	0.00525	0.00364	0.00310	0.00626	0.00832	0.01093	0.18063	0.11426	0.29635	0.28639	0.00983	0.00218	0.00266	0.01854	0.03013	0.00315
18	0.01148	0.00752	0.00839	0.00721	0.00946	0.00812	0.00571	0.11485	0.38704	0.17747	0.01547	0.01482	0.03635	0.00616	0.03312	0.00143	0.00339	0.00431	0.14179	0.00590
19	0.00974	0.00958	0.01392	0.14113	0.52707	0.08413	0.01069	0.03744	0.00950	0.01266	0.03211	0.01219	0.06086	0.00433	0.00415	0.00122	0.01753	0.00390	0.00220	0.00564
20	0.00929	0.00834	0.01331	0.39281	0.35348	0.02777	0.01085	0.04273	0.00893	0.03736	0.00763	0.01043	0.00603	0.00440	0.00458	0.04621	0.00496	0.00356	0.00205	0.00526
21	0.00513	0.00395	0.00458	0.00488	0.00584	0.00352	0.00362	0.00626	0.00898	0.01149	0.12132	0.25954	0.42418	0.01051	0.00486	0.00145	0.00225	0.08328	0.03092	0.00343
22	0.00744	0.00523	0.00616	0.01470	0.00721	0.01830	0.00440	0.10684	0.01072	0.05924	0.28057	0.22185	0.14913	0.00938	0.03077	0.00150	0.00282	0.01481	0.04479	0.00415
23	0.03690	0.00975	0.05182	0.16889	0.40666	0.06485	0.02196	0.03911	0.02229	0.04906	0.03683	0.02720	0.00770	0.00438	0.00432	0.01172	0.02491	0.00377	0.00230	0.00558
24	0.00597	0.00475	0.00558	0.00573	0.00637	0.03007	0.00411	0.00728	0.03982	0.01048	0.06229	0.28967	0.14333	0.14620	0.14048	0.00265	0.04356	0.02137	0.02684	0.00346
25	0.67110	0.00782	0.00693	0.00588	0.00852	0.00867	0.00485	0.06758	0.00848	0.16695	0.00771	0.00802	0.00552	0.00402	0.00287	0.00124	0.00325	0.00261	0.00303	0.00496
26	0.01051	0.00947	0.01458	0.11905	0.50167	0.00999	0.03217	0.14625	0.08887	0.01511	0.00869	0.01047	0.00687	0.00400	0.00401	0.00123	0.00468	0.00370	0.00250	0.00618
27	0.00724	0.00566	0.00840	0.04701	0.03470	0.00606	0.06286	0.03348	0.03348	0.04455	0.04024	0.08044	0.08907	0.05694	0.27758	0.01718	0.05197	0.09622	0.00284	0.00409
28	0.00579	0.00429	0.00620	0.02510	0.00718	0.00487	0.00473	0.00711	0.00672	0.00960	0.04965	0.01787	0.02615	0.12094	0.66374	0.00562	0.00913	0.00465	0.01716	0.00348
29	0.01824	0.00609	0.00691	0.00624	0.00766	0.03189	0.01866	0.16055	0.02079	0.01489	0.23757	0.07966	0.16143	0.07796	0.06829	0.00190	0.00361	0.04668	0.02675	0.00421
30	0.21286	0.00754	0.02386	0.00729	0.04651	0.00777	0.00556	0.19503	0.04904	0.08886	0.11230	0.04175	0.07470	0.06043	0.00487	0.00143	0.00333	0.01779	0.03408	0.00501
31	0.00494	0.00357	0.00467	0.00545	0.00581	0.00331	0.00369	0.00575	0.00805	0.01073	0.08625	0.74176	0.07704	0.01208	0.00507	0.00158	0.00227	0.01090	0.00378	0.00331
32	0.03049	0.04551	0.05662	0.08853	0.11784	0.12233	0.00781	0.09648	0.19300	0.01466	0.10625	0.03944	0.01178	0.00548	0.01596	0.00130	0.00435	0.00422	0.03259	0.00535
33	0.04385	0.01823	0.09390	0.06096	0.14357	0.13080	0.02927	0.20106	0.02770	0.13784	0.00942	0.01913	0.00703	0.00492	0.02018	0.00131	0.01701	0.00353	0.02444	0.00585
34	0.00711	0.00435	0.00527	0.00537	0.03394	0.00426	0.00321	0.00751	0.00679	0.08208	0.04051	0.03645	0.01457	0.65787	0.03195	0.00335	0.00382	0.00560	0.04290	0.00310
35	0.03787	0.00683	0.04640	0.00700	0.00894	0.00632	0.05421	0.11999	0.06994	0.05948	0.17193	0.09080	0.19034	0.02153	0.03749	0.00159	0.00349	0.05757	0.00366	0.00460
36	0.00866	0.07666	0.47933	0.01172	0.01645	0.02775	0.20195	0.02187	0.00900	0.02153	0.03462	0.02819	0.03569	0.00425	0.00403	0.00126	0.00565	0.00383	0.00204	0.00553
37	0.00697	0.00650	0.03424	0.11946	0.10319	0.02254	0.05728	0.00870	0.01962	0.01126	0.10641	0.10633	0.12366	0.04620	0.10237	0.04949	0.03861	0.03033	0.00273	0.00410
38	0.00642	0.00459	0.00714	0.00666	0.00738	0.00494	0.06399	0.00715	0.00652	0.00925	0.01050	0.03203	0.01023	0.11676	0.41443	0.19629	0.02077	0.02923	0.04251	0.00320
39	0.04265	0.26931	0.07549	0.00845	0.01157	0.15915	0.00758	0.28051	0.04343	0.01580	0.00789	0.00849	0.00617	0.00418	0.00339	0.00107	0.00478	0.00293	0.04152	0.00563
40	0.02502	0.23913	0.08939	0.07485	0.12370	0.10990	0.07491	0.06677	0.04470	0.02650	0.00833	0.02005	0.01704	0.00477	0.02028	0.00126	0.02690	0.01891	0.00224	0.00534
41	0.00918	0.06044	0.11243	0.02835	0.04377	0.04294	0.06234	0.02219	0.15696	0.05265	0.04948	0.09039	0.02226	0.00503	0.00383	0.00112	0.00393	0.00432	0.00288	0.22552
42	0.04189	0.03653	0.11142	0.15703	0.12262	0.03518	0.06298	0.15652	0.03172	0.03149	0.07103	0.01966	0.05928	0.01672	0.00444	0.00130	0.02104	0.01109	0.00272	0.00533
43	0.00645	0.00510	0.00658	0.03229	0.00743	0.03149	0.00479	0.02316	0.00672	0.00926	0.01088	0.03114	0.01097	0.26337	0.48015	0.00495	0.05488	0.00472	0.00225	0.00342
44	0.88738	0.00776	0.00589	0.00527	0.00776	0.00900	0.00434	0.01179	0.00683	0.01799	0.00558	0.00651	0.00434	0.00372	0.00248	0.00124	0.00310	0.00217	0.00248	0.00434
45	0.00922	0.00782	0.01188	0.12896	0.24113	0.01672	0.07884	0.09043	0.05579	0.04490	0.04332	0.05940	0.07437	0.00577	0.00430	0.00132	0.00422	0.07982	0.03656	0.00523
46	0.00604	0.00452	0.00546	0.00518	0.00634	0.00427	0.00389	0.00855	0.08468	0.02862	0.54146	0.06457	0.20432	0.00849	0.00468	0.00131	0.00208	0.00738	0.00422	0.00396
47	0.00706	0.00671	0.00609	0.00622	0.00726	0.15629	0.00465	0.00826	0.00953	0.01162	0.16787	0.26124	0.20144	0.00943	0.00472	0.00141	0.00324	0.10862	0.01464	0.00369
48	0.10440	0.01022	0.01823	0.01369	0.01641	0.03961	0.48366	0.01198	0.00835	0.01243	0.00700	0.00967	0.00564	0.00443	0.00673	0.00144	0.23505	0.00405	0.00200	0.00499
49	0.02609	0.00772	0.01130	0.43482	0.10509	0.04024	0.00920	0.03124	0.00951	0.23106	0.03544	0.02388	0.00800	0.00449	0.00401	0.00128	0.00463	0.00386	0.00283	0.00530
50	0.00514	0.00362	0.00467	0.00538	0.00558	0.00346	0.00353	0.00573	0.00728	0.00972	0.01978	0.63999	0.02350	0.19771	0.02581	0.00223	0.00287	0.02749	0.00341	0.00309
51	0.16607	0.00522	0.00513	0.00471	0.00621	0.00547	0.00368	0.05829	0.03397	0.05251	0.06220	0.01471	0.03639	0.00493	0.00309	0.00106	0.00235	0.00385	0.52592	0.00424
52	0.00900	0.00716	0.04740	0.02404	0.00952	0.02670	0.05741	0.07622	0.00836	0.10888	0.01055	0.01549	0.00949	0.20037	0.23497	0.01269	0.10530	0.00434	0.02780	0.00432
53	0.03274	0.01475	0.47593	0.01004	0.01427	0.00839	0.07104	0.07405	0.00931	0.05217	0.06349	0.01196	0.00864	0.05105	0.08306	0.00189	0.00575	0.00373	0.00233	0.00541
54	0.00505	0.00407	0.00445	0.00445	0.00558	0.00356	0.00326	0.00630	0.01910	0.01177	0.19729	0.10293	0.55815	0.04941	0.00549	0.00148	0.00213	0.00829	0.00381	0.00345
55	0.02104	0.03376	0.01206	0.59840	0.08247	0.01787	0.01010	0.04442	0.02636	0.06356	0.03627	0.01128	0.00701	0.00426	0.00407	0.00130	0.01499	0.00367	0.00224	0.00488

[dist]
# distance from previous block
# <min> <max>
4	5

[block]
# block no. 3 follows, 67 sequences, length 6
# corresponding to MSA columns:
# 356-361
name=unknown_D
#
# <colnr> <probs for GDERKNQSTAVLIFYWHMCP>
#	G	D	E	R	K	N	Q	S	T	A	V	L	I	F	Y	W	H	M	C	P
0	0.02359	0.11739	0.23485	0.01063	0.06606	0.06129	0.09052	0.05607	0.03956	0.04048	0.09545	0.02998	0.01026	0.00564	0.02833	0.00140	0.05799	0.02268	0.00250	0.00530
1	0.00595	0.00456	0.00660	0.00648	0.00705	0.00538	0.00496	0.00717	0.00635	0.00915	0.01059	0.01655	0.01025	0.12978	0.68512	0.00581	0.06817	0.00443	0.00216	0.00350
2	0.00745	0.07964	0.06913	0.03977	0.04931	0.00744	0.14275	0.02929	0.02928	0.01218	0.10879	0.24858	0.06422	0.00752	0.00502	0.00140	0.05337	0.03741	0.00296	0.00447
3	0.01053	0.06262	0.03806	0.18515	0.12088	0.04288	0.13847	0.06758	0.03561	0.11777	0.01013	0.01266	0.02601	0.02421	0.00458	0.00131	0.02033	0.03256	0.00264	0.04603
4	0.00642	0.00491	0.00567	0.00551	0.00639	0.02418	0.02256	0.03338	0.06543	0.01180	0.12728	0.21828	0.16403	0.19701	0.00830	0.02129	0.00290	0.00732	0.06375	0.00358
5	0.00569	0.00407	0.00494	0.00503	0.00603	0.00364	0.00372	0.00696	0.00957	0.04570	0.28209	0.23691	0.31307	0.00997	0.00484	0.00141	0.00220	0.04655	0.00399	0.00363

[dist]
# distance from previous block
# <min> <max>
10	13

[block]
# block no. 4 follows, 67 sequences, length 11
# corresponding to MSA columns:
# 378-388
name=unknown_E
#
# <colnr> <probs for GDERKNQSTAVLIFYWHMCP>
#	G	D	E	R	K	N	Q	S	T	A	V	L	I	F	Y	W	H	M	C	P
0	0.00571	0.00393	0.00466	0.00479	0.00498	0.00393	0.00299	0.00603	0.00639	0.00849	0.01523	0.10415	0.05906	0.62470	0.08909	0.00367	0.00423	0.04259	0.00265	0.00272
1	0.07777	0.01268	0.01073	0.00892	0.01162	0.25629	0.00707	0.35718	0.14063	0.01822	0.00923	0.00945	0.00695	0.00453	0.00374	0.00115	0.00488	0.00328	0.00325	0.05243
2	0.00496	0.00381	0.00455	0.00501	0.00577	0.00341	0.00357	0.00593	0.00864	0.01106	0.10197	0.43241	0.34235	0.01118	0.00495	0.00150	0.00222	0.03956	0.00378	0.00337
3	0.03013	0.00996	0.01124	0.28935	0.01676	0.16859	0.05876	0.10314	0.09221	0.01286	0.01139	0.05059	0.07211	0.00525	0.00455	0.00130	0.05010	0.00426	0.00259	0.00486
4	0.02265	0.10794	0.16122	0.06166	0.05969	0.02965	0.09367	0.04796	0.03532	0.06876	0.05342	0.06147	0.10936	0.00629	0.02105	0.01302	0.00451	0.03457	0.00275	0.00503
5	0.00550	0.00388	0.00501	0.00563	0.00601	0.00374	0.00400	0.00635	0.00778	0.01033	0.05983	0.41309	0.04177	0.22001	0.00894	0.00221	0.00299	0.18632	0.00343	0.00318
6	0.05023	0.18950	0.34053	0.01025	0.06937	0.02944	0.02800	0.02955	0.00837	0.01192	0.02061	0.03488	0.02263	0.04365	0.02195	0.00145	0.07699	0.00346	0.00201	0.00520
7	0.00988	0.01080	0.01721	0.01351	0.04013	0.13143	0.44971	0.03911	0.06113	0.01264	0.01082	0.07627	0.03467	0.00500	0.00488	0.00135	0.04004	0.03385	0.00246	0.00510
8	0.00737	0.10223	0.11794	0.00789	0.04470	0.02254	0.04508	0.02094	0.02044	0.03429	0.11151	0.18360	0.16207	0.02112	0.00467	0.00140	0.00355	0.08113	0.00315	0.00438
9	0.00552	0.00400	0.00480	0.00525	0.00598	0.00373	0.00371	0.00688	0.04429	0.02528	0.04037	0.48235	0.23560	0.03566	0.00529	0.00157	0.00237	0.03695	0.04689	0.00351
10	0.01057	0.05499	0.04985	0.02100	0.11349	0.15924	0.08442	0.10529	0.08241	0.02894	0.02234	0.03385	0.02272	0.00644	0.03260	0.00149	0.05038	0.11200	0.00277	0.00521

[dist]
# distance from previous block
# <min> <max>
1	10

[block]
# block no. 5 follows, 67 sequences, length 23
# corresponding to MSA columns:
# 399-421
name=unknown_F
#
# <colnr> <probs for GDERKNQSTAVLIFYWHMCP>
#	G	D	E	R	K	N	Q	S	T	A	V	L	I	F	Y	W	H	M	C	P
0	0.00593	0.00436	0.00501	0.00498	0.00608	0.00412	0.00377	0.03719	0.02192	0.01283	0.18590	0.10662	0.33862	0.03494	0.05045	0.00169	0.00276	0.06252	0.10666	0.00367
1	0.13749	0.02525	0.00841	0.00684	0.00910	0.01797	0.00552	0.17449	0.08570	0.19224	0.13338	0.01722	0.09249	0.02149	0.01879	0.00141	0.02369	0.01934	0.00384	0.00534
2	0.03602	0.05997	0.06217	0.09139	0.16182	0.10275	0.02753	0.04136	0.05130	0.02574	0.02221	0.04083	0.00863	0.03474	0.15317	0.00221	0.01989	0.01813	0.00237	0.03777
3	0.00929	0.01073	0.13476	0.08181	0.39399	0.00919	0.13535	0.03185	0.02483	0.02589	0.00930	0.03783	0.03201	0.00427	0.00436	0.00127	0.02745	0.00407	0.00218	0.01957
4	0.00680	0.00440	0.00572	0.00611	0.00701	0.00420	0.00472	0.00822	0.03099	0.08366	0.04211	0.30806	0.11350	0.06763	0.00630	0.01796	0.00298	0.27217	0.00373	0.00374
5	0.03529	0.08196	0.09887	0.11286	0.07701	0.02703	0.10819	0.10998	0.09984	0.08955	0.02555	0.04392	0.00829	0.00499	0.00462	0.02935	0.03044	0.00399	0.00277	0.00549
6	0.00758	0.00749	0.06530	0.00847	0.00956	0.00786	0.05494	0.02896	0.03818	0.03043	0.02935	0.27801	0.07359	0.00835	0.00769	0.00156	0.30582	0.00651	0.02608	0.00428
7	0.02999	0.00400	0.00504	0.00566	0.00619	0.00385	0.00394	0.00689	0.03277	0.03692	0.02138	0.62420	0.06259	0.07655	0.00616	0.00177	0.00260	0.06241	0.00364	0.00347
8	0.00663	0.05397	0.00809	0.00701	0.00792	0.03732	0.02009	0.00799	0.00674	0.00937	0.00993	0.01469	0.00933	0.05175	0.66821	0.00544	0.06554	0.00412	0.00210	0.00376
9	0.00927	0.13434	0.39614	0.05304	0.02768	0.06371	0.05326	0.03214	0.04376	0.03488	0.02980	0.01967	0.00706	0.00566	0.05125	0.00151	0.02591	0.00337	0.00212	0.00545
10	0.00483	0.00386	0.00433	0.00464	0.00558	0.00336	0.00332	0.00577	0.00872	0.01085	0.06827	0.32606	0.51448	0.01092	0.00487	0.00145	0.00213	0.00945	0.00375	0.00336
11	0.04709	0.00541	0.00657	0.00608	0.02699	0.00530	0.00457	0.05211	0.05793	0.14257	0.34727	0.02272	0.11182	0.00810	0.04926	0.00151	0.00294	0.00573	0.09146	0.00459
12	0.00889	0.09561	0.06722	0.01103	0.09361	0.05302	0.18406	0.03164	0.07138	0.02745	0.04602	0.11269	0.08140	0.00596	0.00453	0.00130	0.03266	0.03310	0.03345	0.00496
13	0.01001	0.08534	0.16611	0.08426	0.11763	0.02527	0.10109	0.12077	0.04526	0.06198	0.01163	0.03057	0.06937	0.01996	0.00429	0.00129	0.00472	0.01510	0.01984	0.00551
14	0.00493	0.00403	0.00435	0.00436	0.00556	0.00345	0.00324	0.00609	0.00946	0.01180	0.19064	0.09482	0.62343	0.00995	0.00476	0.00136	0.00203	0.00844	0.00386	0.00345
15	0.00884	0.10165	0.05169	0.03549	0.03800	0.07975	0.02751	0.06482	0.00890	0.01189	0.06243	0.07625	0.05312	0.03585	0.04069	0.00166	0.20139	0.04957	0.04600	0.00449
16	0.03361	0.05433	0.14953	0.20641	0.14965	0.07648	0.10461	0.02562	0.08582	0.01243	0.00889	0.04641	0.00735	0.00443	0.00399	0.00127	0.00518	0.01646	0.00223	0.00532
17	0.02857	0.06594	0.51653	0.01036	0.05740	0.00875	0.01139	0.05730	0.00919	0.01326	0.05409	0.07053	0.05624	0.00515	0.00395	0.00128	0.00489	0.01746	0.00229	0.00544
18	0.01045	0.10154	0.04089	0.00825	0.01035	0.24627	0.00690	0.04592	0.15798	0.02636	0.03706	0.02061	0.06611	0.00650	0.00419	0.00132	0.00462	0.19677	0.00307	0.00484
19	0.02534	0.04401	0.30277	0.11841	0.06385	0.07744	0.01863	0.04133	0.07913	0.06304	0.03251	0.04135	0.04288	0.00519	0.01439	0.00133	0.00498	0.01548	0.00252	0.00540
20	0.02126	0.02753	0.19119	0.13326	0.16166	0.04409	0.04747	0.08710	0.02326	0.02630	0.04370	0.05328	0.02280	0.00577	0.02772	0.00145	0.04024	0.03417	0.00244	0.00531
21	0.00781	0.00752	0.01183	0.76414	0.04850	0.03961	0.01074	0.01035	0.00822	0.01033	0.00835	0.01158	0.03612	0.00423	0.00402	0.00132	0.00528	0.00371	0.00187	0.00447
22	0.02640	0.05028	0.02847	0.08346	0.02606	0.09386	0.11791	0.20683	0.05278	0.11347	0.01077	0.05588	0.00888	0.03118	0.00485	0.00136	0.02859	0.04013	0.01338	0.00547

[dist]
# distance from previous block
# <min> <max>
16	49

[block]
# block no. 6 follows, 67 sequences, length 65
# corresponding to MSA columns:
# 492-556
name=unknown_G
#
# <colnr> <probs for GDERKNQSTAVLIFYWHMCP>
#	G	D	E	R	K	N	Q	S	T	A	V	L	I	F	Y	W	H	M	C	P
0	0.00670	0.00472	0.00601	0.00578	0.00691	0.00443	0.02467	0.03269	0.04052	0.06568	0.16062	0.30113	0.17764	0.07334	0.02314	0.00170	0.00282	0.02598	0.00373	0.03179
1	0.07019	0.02596	0.00736	0.02254	0.00841	0.08161	0.00506	0.06084	0.05901	0.11417	0.06792	0.19173	0.08842	0.08013	0.03778	0.00175	0.00373	0.04804	0.00344	0.02193
2	0.00994	0.00785	0.02930	0.00735	0.00942	0.02389	0.00592	0.19194	0.24444	0.06834	0.06473	0.04953	0.11165	0.04253	0.08257	0.00190	0.00412	0.03554	0.00373	0.00531
3	0.01063	0.56510	0.04947	0.00741	0.01044	0.09006	0.00696	0.06167	0.02695	0.01078	0.00713	0.02959	0.00648	0.02204	0.06219	0.00139	0.00498	0.00282	0.00205	0.02187
4	0.04001	0.01005	0.01005	0.03904	0.03358	0.10813	0.00689	0.22808	0.31894	0.01708	0.01175	0.04235	0.00928	0.00595	0.03372	0.00142	0.01307	0.00401	0.00342	0.06319
5	0.03953	0.04388	0.06997	0.24846	0.04320	0.10711	0.00873	0.18669	0.12275	0.02661	0.04661	0.01143	0.01861	0.00461	0.00389	0.00124	0.00475	0.00368	0.00282	0.00542
6	0.02681	0.00770	0.00925	0.06316	0.16999	0.06892	0.00677	0.07711	0.07510	0.02688	0.13855	0.05513	0.14426	0.00666	0.02109	0.00134	0.01834	0.00520	0.03247	0.04527
7	0.01124	0.00919	0.00956	0.00805	0.00994	0.09233	0.02612	0.37578	0.03351	0.01680	0.01151	0.10601	0.01083	0.17019	0.02728	0.00191	0.03753	0.02283	0.01433	0.00505
8	0.00929	0.08524	0.04415	0.10968	0.10589	0.05567	0.00754	0.08364	0.02384	0.03591	0.01894	0.11790	0.03482	0.00562	0.00433	0.00119	0.04362	0.04367	0.00267	0.16641
9	0.00645	0.00487	0.00626	0.03827	0.00741	0.00511	0.01520	0.03206	0.02543	0.01294	0.27218	0.04881	0.14208	0.08997	0.10562	0.00216	0.06004	0.02255	0.09881	0.00378
10	0.00948	0.00501	0.00603	0.00520	0.00696	0.00454	0.00407	0.01145	0.03198	0.21228	0.21445	0.01970	0.08546	0.00594	0.00378	0.00111	0.00239	0.00496	0.28631	0.07892
11	0.00983	0.00955	0.01542	0.11540	0.69177	0.03731	0.01184	0.01248	0.03400	0.01279	0.00772	0.01007	0.00638	0.00370	0.00397	0.00121	0.00486	0.00357	0.00203	0.00608
12	0.88738	0.00776	0.00589	0.00527	0.00776	0.00900	0.00434	0.01179	0.00683	0.01799	0.00558	0.00651	0.00434	0.00372	0.00248	0.00124	0.00310	0.00217	0.00248	0.00434
13	0.86063	0.00785	0.00644	0.00563	0.00816	0.00903	0.02919	0.01182	0.00691	0.01784	0.00566	0.00665	0.00440	0.00371	0.00255	0.00124	0.00321	0.00225	0.00247	0.00438
14	0.00759	0.02840	0.00657	0.00592	0.00725	0.02186	0.00450	0.08714	0.03990	0.07252	0.22257	0.26105	0.17237	0.00903	0.00465	0.00138	0.00268	0.03647	0.00394	0.00422
15	0.00585	0.00432	0.00510	0.00500	0.00613	0.00395	0.00371	0.00771	0.05162	0.04104	0.35177	0.15656	0.32379	0.00932	0.00474	0.00136	0.00213	0.00807	0.00406	0.00379
16	0.00487	0.00356	0.00458	0.00540	0.00577	0.00327	0.00364	0.00560	0.00785	0.01031	0.02433	0.75809	0.12344	0.01228	0.00507	0.00160	0.00229	0.01105	0.00372	0.00327
17	0.03939	0.01059	0.01552	0.17096	0.23912	0.13528	0.21846	0.04309	0.00956	0.01246	0.00848	0.03037	0.02521	0.00416	0.00428	0.00126	0.02041	0.00397	0.00214	0.00528
18	0.00548	0.00413	0.00470	0.00482	0.00597	0.00363	0.00365	0.00661	0.00916	0.03755	0.10848	0.15051	0.51769	0.02722	0.00517	0.00148	0.00232	0.09410	0.00380	0.00353
19	0.00510	0.00393	0.00463	0.00475	0.00567	0.00349	0.00343	0.00629	0.00942	0.01229	0.28745	0.23214	0.36657	0.02999	0.00519	0.00145	0.00210	0.00872	0.00391	0.00346
20	0.01002	0.04106	0.07544	0.01355	0.02647	0.00981	0.47492	0.05548	0.04595	0.07250	0.00937	0.04251	0.00742	0.00518	0.03305	0.00152	0.06332	0.00454	0.00245	0.00545
21	0.00968	0.19014	0.31028	0.08310	0.07205	0.05115	0.07150	0.08215	0.03447	0.01285	0.00872	0.00996	0.03874	0.00411	0.00371	0.00118	0.00521	0.00333	0.00212	0.00556
22	0.02545	0.00689	0.01086	0.31789	0.18804	0.00764	0.02701	0.01991	0.01650	0.02428	0.02845	0.11382	0.04351	0.01576	0.00482	0.00141	0.03864	0.07521	0.02928	0.00464
23	0.00569	0.00440	0.00525	0.00570	0.02457	0.00405	0.00424	0.01966	0.02314	0.02398	0.05024	0.20615	0.42748	0.01072	0.01907	0.00158	0.00268	0.15405	0.00370	0.00365
24	0.03475	0.13928	0.15571	0.05326	0.07397	0.17027	0.03632	0.06059	0.03915	0.02880	0.04028	0.07213	0.03538	0.00568	0.02653	0.00133	0.01501	0.00399	0.00245	0.00511
25	0.02025	0.03739	0.17055	0.05067	0.06710	0.02631	0.15296	0.08035	0.02400	0.14242	0.02940	0.07143	0.03212	0.01981	0.04291	0.00157	0.01797	0.00451	0.00283	0.00545
26	0.00997	0.01151	0.06230	0.02707	0.01020	0.32039	0.00668	0.03408	0.03598	0.01066	0.03246	0.03238	0.04413	0.10862	0.16325	0.00249	0.05954	0.00407	0.01996	0.00425
27	0.00912	0.00859	0.05474	0.09430	0.21034	0.02671	0.10121	0.13304	0.00983	0.01327	0.01073	0.15791	0.01034	0.02878	0.00589	0.09059	0.00451	0.02261	0.00259	0.00491
28	0.83176	0.00784	0.00620	0.00546	0.00799	0.00902	0.00450	0.03904	0.00737	0.04319	0.00603	0.00684	0.00460	0.00380	0.00258	0.00124	0.00316	0.00228	0.00261	0.00450
29	0.01115	0.70374	0.03222	0.00736	0.01054	0.13358	0.00699	0.01242	0.00855	0.00950	0.00589	0.00713	0.00541	0.02746	0.00324	0.00097	0.00472	0.00232	0.00179	0.00501
30	0.04063	0.00849	0.07497	0.15615	0.03766	0.00765	0.11126	0.05381	0.03658	0.07825	0.04975	0.06192	0.03920	0.01575	0.00452	0.00124	0.03378	0.01691	0.00274	0.16875
31	0.01026	0.03506	0.03902	0.18224	0.09798	0.06735	0.02631	0.11669	0.13042	0.07672	0.07817	0.02313	0.06282	0.00528	0.00427	0.00128	0.02126	0.01331	0.00306	0.00537
32	0.05127	0.02181	0.01081	0.02988	0.01160	0.12731	0.00706	0.39154	0.02675	0.15361	0.02468	0.01123	0.03507	0.00504	0.00448	0.00123	0.05917	0.00369	0.01783	0.00595
33	0.00694	0.00588	0.01764	0.07332	0.01948	0.04600	0.00511	0.04163	0.03423	0.01221	0.22362	0.14648	0.05933	0.15893	0.06540	0.00216	0.04095	0.01990	0.01698	0.00382
34	0.02954	0.07266	0.22171	0.04485	0.08164	0.04001	0.10449	0.08892	0.07020	0.04930	0.01090	0.01285	0.05794	0.00488	0.00461	0.00130	0.06101	0.03514	0.00254	0.00551
35	0.00603	0.00393	0.00461	0.00466	0.00479	0.00391	0.00276	0.00620	0.00621	0.02914	0.01375	0.12237	0.01569	0.70889	0.04778	0.00365	0.00394	0.00638	0.00263	0.00268
36	0.00507	0.00361	0.00480	0.00569	0.00597	0.00341	0.00391	0.00584	0.00773	0.01028	0.02158	0.74486	0.02565	0.05231	0.00588	0.00175	0.00252	0.08221	0.00366	0.00326
37	0.01070	0.02064	0.01213	0.06506	0.19225	0.05129	0.05457	0.14333	0.26987	0.03867	0.02848	0.04291	0.02728	0.00506	0.00425	0.00128	0.01876	0.00435	0.00319	0.00590
38	0.07902	0.04430	0.05215	0.07057	0.13651	0.10390	0.13493	0.06981	0.05283	0.04204	0.03274	0.05940	0.00842	0.00542	0.02704	0.00140	0.04836	0.00406	0.00253	0.02457
39	0.00510	0.00379	0.00477	0.00534	0.00590	0.00352	0.00369	0.00628	0.02917	0.01129	0.13505	0.59618	0.15228	0.01142	0.00498	0.00153	0.00224	0.01021	0.00383	0.00343
40	0.00583	0.00400	0.00497	0.00519	0.00547	0.00406	0.00341	0.02018	0.00702	0.00964	0.03764	0.29892	0.02797	0.36410	0.09195	0.03600	0.01959	0.00733	0.04372	0.00301
41	0.01114	0.25060	0.16075	0.06592	0.03320	0.28132	0.06643	0.02234	0.01779	0.01078	0.00737	0.01931	0.01963	0.00414	0.00364	0.00989	0.00571	0.00302	0.00197	0.00507
42	0.01140	0.10300	0.12110	0.04231	0.06765	0.11919	0.05079	0.19635	0.03301	0.06621	0.05359	0.01197	0.03754	0.02890	0.01793	0.00133	0.00489	0.00375	0.00284	0.02626
43	0.00634	0.00436	0.00511	0.00487	0.00617	0.00386	0.00367	0.00787	0.02556	0.08591	0.30330	0.09913	0.41077	0.00914	0.00469	0.00134	0.00215	0.00783	0.00407	0.00387
44	0.03255	0.01076	0.01137	0.00887	0.01192	0.04546	0.00727	0.64118	0.03979	0.11386	0.01031	0.01021	0.00727	0.00539	0.02377	0.00133	0.00451	0.00363	0.00397	0.00659
45	0.03767	0.02371	0.11642	0.07106	0.12019	0.01852	0.03696	0.11822	0.06752	0.09434	0.14800	0.04982	0.04104	0.01943	0.00442	0.00132	0.00401	0.01878	0.00322	0.00537
46	0.08509	0.24293	0.03711	0.00786	0.01099	0.06644	0.07057	0.12946	0.01023	0.01424	0.07615	0.02031	0.00857	0.00412	0.00335	0.00099	0.00413	0.00321	0.00256	0.20168
47	0.00576	0.00429	0.00633	0.00636	0.00705	0.00494	0.00492	0.00713	0.00650	0.00932	0.01120	0.01732	0.01071	0.07503	0.76994	0.00615	0.01013	0.03119	0.00222	0.00352
48	0.02654	0.00439	0.00519	0.01585	0.00632	0.00432	0.00387	0.04171	0.02104	0.01421	0.27407	0.18853	0.10049	0.00875	0.02831	0.00143	0.00248	0.02844	0.22026	0.00381
49	0.02900	0.09465	0.11975	0.02829	0.13697	0.02078	0.13451	0.14636	0.08204	0.02634	0.05031	0.02542	0.03149	0.00497	0.01376	0.00131	0.04167	0.00404	0.00268	0.00564
50	0.00704	0.00535	0.00677	0.00753	0.02638	0.03201	0.00620	0.02813	0.02587	0.02481	0.03518	0.08580	0.08141	0.01030	0.00526	0.00171	0.00360	0.59906	0.00365	0.00391
51	0.00499	0.00353	0.00462	0.00546	0.00567	0.00332	0.00359	0.00561	0.00749	0.00998	0.02111	0.76965	0.02528	0.10106	0.00672	0.00186	0.00249	0.01082	0.00359	0.00317
52	0.01253	0.10299	0.06218	0.00970	0.01191	0.51635	0.02725	0.03041	0.01020	0.01045	0.02618	0.00932	0.02579	0.01557	0.03846	0.00137	0.07945	0.00307	0.00212	0.00470
53	0.01005	0.14576	0.14037	0.03901	0.12114	0.06402	0.17222	0.05548	0.04457	0.04738	0.00933	0.06661	0.00802	0.00485	0.00432	0.01888	0.01455	0.02566	0.00238	0.00539
54	0.00697	0.00348	0.00522	0.00522	0.00522	0.00348	0.00348	0.00522	0.00522	0.00697	0.00697	0.01219	0.00697	0.01393	0.01567	0.88332	0.00348	0.00348	0.00174	0.00174
55	0.00507	0.00370	0.00481	0.00560	0.00606	0.00344	0.00396	0.00596	0.00812	0.01066	0.04523	0.65012	0.11823	0.01201	0.00511	0.00161	0.00244	0.10081	0.00374	0.00333
56	0.00924	0.00931	0.07500	0.02020	0.02897	0.08777	0.04001	0.04688	0.26747	0.04367	0.07071	0.05473	0.13103	0.00699	0.02218	0.02034	0.04547	0.01162	0.00331	0.00511
57	0.01011	0.03265	0.17778	0.05357	0.13926	0.21378	0.13739	0.01264	0.02544	0.01138	0.00806	0.03850	0.00699	0.06290	0.00561	0.00143	0.05156	0.00379	0.00206	0.00510
58	0.88738	0.00776	0.00589	0.00527	0.00776	0.00900	0.00434	0.01179	0.00683	0.01799	0.00558	0.00651	0.00434	0.00372	0.00248	0.00124	0.00310	0.00217	0.00248	0.00434
59	0.00875	0.07802	0.23122	0.01054	0.08973	0.00882	0.09189	0.10455	0.06218	0.01420	0.09805	0.02647	0.13659	0.00551	0.00424	0.00126	0.01517	0.00471	0.00279	0.00532
60	0.00496	0.00378	0.00453	0.00495	0.00567	0.00338	0.00347	0.00591	0.00866	0.01119	0.13656	0.44138	0.31382	0.02596	0.00520	0.00152	0.00219	0.00971	0.00379	0.00336
61	0.01990	0.27062	0.10743	0.02243	0.03460	0.28116	0.03721	0.03511	0.00976	0.05269	0.02598	0.04238	0.01648	0.00445	0.00371	0.00109	0.02440	0.00325	0.00224	0.00509
62	0.01081	0.84342	0.02081	0.00694	0.01034	0.03360	0.00688	0.01209	0.00822	0.00944	0.00559	0.00645	0.00515	0.00345	0.00260	0.00086	0.00435	0.00215	0.00172	0.00514
63	0.00821	0.02521	0.00870	0.00638	0.00942	0.00582	0.03314	0.04172	0.01892	0.01295	0.00984	0.05050	0.03796	0.04404	0.02330	0.00104	0.00336	0.01724	0.00257	0.63969
64	0.00749	0.00596	0.03479	0.00669	0.00744	0.02426	0.00519	0.00847	0.00677	0.07150	0.01067	0.01752	0.01049	0.30081	0.30924	0.00406	0.14667	0.00457	0.01374	0.00368

[dist]
# distance from previous block
# <min> <max>
0	1

[block]
# block no. 7 follows, 67 sequences, length 11
# corresponding to MSA columns:
# 558-568
name=unknown_H
#
# <colnr> <probs for GDERKNQSTAVLIFYWHMCP>
#	G	D	E	R	K	N	Q	S	T	A	V	L	I	F	Y	W	H	M	C	P
0	0.08711	0.42543	0.14237	0.00899	0.02993	0.09465	0.07370	0.03208	0.00887	0.03559	0.00688	0.02551	0.00580	0.00385	0.00319	0.00105	0.00487	0.00284	0.00204	0.00524
1	0.00804	0.02074	0.83828	0.01143	0.01736	0.00931	0.01482	0.01270	0.00847	0.01270	0.00720	0.00847	0.00508	0.00381	0.00381	0.00127	0.00593	0.00296	0.00169	0.00593
2	0.00583	0.00389	0.00437	0.00437	0.00437	0.00389	0.00243	0.00583	0.00583	0.00778	0.01264	0.02624	0.01458	0.85906	0.02041	0.00389	0.00389	0.00583	0.00243	0.00243
3	0.00584	0.00409	0.00532	0.00595	0.00652	0.00399	0.00455	0.00697	0.00820	0.01091	0.05311	0.26275	0.05686	0.17603	0.00816	0.00211	0.00315	0.33953	0.03264	0.00332
4	0.00521	0.00429	0.00460	0.00449	0.00579	0.00380	0.00338	0.00693	0.04928	0.01233	0.22122	0.03547	0.61013	0.00948	0.00471	0.00133	0.00205	0.00800	0.00390	0.00362
5	0.00985	0.00800	0.01180	0.12861	0.19623	0.02065	0.07253	0.10202	0.06851	0.08027	0.05935	0.01477	0.05459	0.00676	0.06088	0.00163	0.03581	0.02236	0.04004	0.00534
6	0.00993	0.30229	0.19454	0.01056	0.07056	0.08000	0.08962	0.03050	0.05486	0.01191	0.04129	0.01082	0.00783	0.00434	0.00390	0.00116	0.03161	0.03676	0.00217	0.00535
7	0.01176	0.06888	0.02839	0.01045	0.08941	0.23901	0.03187	0.03046	0.27340	0.07742	0.02664	0.01190	0.00902	0.00553	0.02863	0.00137	0.03159	0.01566	0.00300	0.00558
8	0.03864	0.06408	0.03644	0.04398	0.13737	0.06062	0.02874	0.07444	0.02304	0.07495	0.06159	0.15058	0.01392	0.02194	0.00476	0.00139	0.02349	0.11436	0.00305	0.02261
9	0.05116	0.05740	0.09519	0.06798	0.14679	0.02712	0.04305	0.05998	0.04452	0.09188	0.08330	0.08199	0.03442	0.05939	0.00503	0.00140	0.00410	0.00467	0.00289	0.03775
10	0.09025	0.08906	0.01084	0.03550	0.06397	0.08818	0.04198	0.07084	0.00934	0.03698	0.02346	0.08117	0.04716	0.00513	0.00420	0.00111	0.05552	0.02293	0.00263	0.21974

[dist]
# distance from previous block
# <min> <max>
1	23

[block]
# block no. 8 follows, 67 sequences, length 14
# corresponding to MSA columns:
# 592-605
name=unknown_I
#
# <colnr> <probs for GDERKNQSTAVLIFYWHMCP>
#	G	D	E	R	K	N	Q	S	T	A	V	L	I	F	Y	W	H	M	C	P
0	0.05532	0.04039	0.00985	0.03222	0.01075	0.06297	0.00659	0.35352	0.11322	0.01840	0.05540	0.01607	0.03784	0.00678	0.03967	0.00149	0.00427	0.08673	0.04302	0.00550
1	0.00881	0.24419	0.43159	0.00978	0.01413	0.01059	0.06214	0.04603	0.00876	0.01204	0.00839	0.08591	0.00734	0.00526	0.02730	0.00134	0.00528	0.00369	0.00202	0.00541
2	0.00774	0.02772	0.08527	0.30983	0.09710	0.05161	0.05022	0.00991	0.00821	0.01064	0.01235	0.01546	0.11792	0.06771	0.08891	0.00199	0.02639	0.00438	0.00216	0.00447
3	0.00678	0.00563	0.00641	0.00639	0.00720	0.08131	0.00478	0.00791	0.00754	0.03359	0.02763	0.16181	0.08399	0.08398	0.42394	0.00411	0.02431	0.01635	0.00269	0.00363
4	0.00685	0.00356	0.00534	0.00534	0.00540	0.00362	0.00362	0.00540	0.00534	0.00718	0.00731	0.01252	0.00725	0.01541	0.09139	0.80308	0.00415	0.00356	0.00178	0.00191
5	0.01097	0.43992	0.08712	0.00859	0.03067	0.13312	0.04197	0.04075	0.03635	0.04528	0.00812	0.06224	0.00732	0.02723	0.00376	0.00112	0.00477	0.00332	0.00222	0.00516
6	0.01081	0.06010	0.26150	0.01029	0.04230	0.10832	0.02892	0.13954	0.26748	0.01541	0.01027	0.01054	0.00768	0.00448	0.00386	0.00124	0.00487	0.00353	0.00286	0.00601
7	0.00796	0.00772	0.01399	0.16974	0.25479	0.00781	0.20554	0.01017	0.00866	0.01173	0.01250	0.21303	0.04655	0.00603	0.00447	0.00137	0.00466	0.00593	0.00245	0.00491
8	0.00587	0.00424	0.00563	0.00558	0.00593	0.00470	0.00389	0.00660	0.00614	0.00858	0.01148	0.02058	0.01207	0.42787	0.42200	0.00507	0.03343	0.00501	0.00227	0.00305
9	0.02269	0.00595	0.00753	0.02981	0.04406	0.00614	0.02212	0.07592	0.14453	0.04957	0.22993	0.17621	0.06148	0.03283	0.02179	0.00154	0.00311	0.04012	0.02010	0.00459
10	0.00521	0.00417	0.00455	0.00457	0.00564	0.00374	0.00330	0.00662	0.04131	0.01144	0.14877	0.12746	0.51062	0.09698	0.00636	0.00163	0.00228	0.00820	0.00371	0.00345
11	0.00834	0.00791	0.01342	0.57980	0.29123	0.00911	0.01152	0.01092	0.00838	0.01118	0.00726	0.01044	0.00568	0.00387	0.00400	0.00129	0.00516	0.00357	0.00185	0.00508
12	0.00946	0.02526	0.03503	0.06532	0.38975	0.02229	0.02570	0.08046	0.11450	0.01400	0.03736	0.03683	0.04482	0.00608	0.04033	0.00149	0.00461	0.03836	0.00268	0.00567
13	0.01072	0.64340	0.13158	0.00835	0.03678	0.09046	0.00820	0.01248	0.00852	0.01003	0.00591	0.00689	0.00518	0.00355	0.00288	0.00094	0.00480	0.00234	0.00175	0.00524

[dist]
# distance from previous block
# <min> <max>
0	7

[block]
# block no. 9 follows, 67 sequences, length 7
# corresponding to MSA columns:
# 613-619
name=unknown_J
#
# <colnr> <probs for GDERKNQSTAVLIFYWHMCP>
#	G	D	E	R	K	N	Q	S	T	A	V	L	I	F	Y	W	H	M	C	P
