[name]
unknown

[dist]
# distance from previous block
# <min> <max>
0	20

[block]
# block no. 0 follows, 75 sequences, length 20
# corresponding to MSA columns:
# 20-39
name=unknown_A
#
# <colnr> <probs for GDERKNQSTAVLIFYWHMCP>
#	G	D	E	R	K	N	Q	S	T	A	V	L	I	F	Y	W	H	M	C	P
0	0.00617	0.00452	0.00611	0.00682	0.00776	0.00462	0.00591	0.00855	0.07455	0.01134	0.01909	0.03923	0.02035	0.00974	0.00497	0.00166	0.00334	0.75829	0.00341	0.00357
1	0.00473	0.00446	0.07152	0.00551	0.00613	0.00344	0.00418	0.00564	0.00704	0.00950	0.01893	0.77787	0.02244	0.03361	0.00496	0.00152	0.00243	0.00969	0.00323	0.00316
2	0.00770	0.00801	0.01477	0.01151	0.01329	0.00883	0.38618	0.00957	0.00731	0.01031	0.00873	0.13101	0.00848	0.00620	0.02645	0.00152	0.30514	0.02870	0.00204	0.00427
3	0.00444	0.00332	0.00413	0.00478	0.00524	0.00301	0.00326	0.00515	0.00735	0.00951	0.02432	0.66828	0.22190	0.01098	0.00460	0.00143	0.00207	0.00979	0.00341	0.00301
4	0.00813	0.09338	0.33627	0.06939	0.09034	0.00907	0.26085	0.01127	0.00802	0.01130	0.00673	0.00848	0.00511	0.00328	0.00361	0.00111	0.00521	0.00319	0.00172	0.06353
5	0.00903	0.00775	0.01069	0.00842	0.03064	0.03864	0.14943	0.14233	0.00926	0.04584	0.00787	0.00956	0.00634	0.00746	0.14835	0.00173	0.01968	0.00314	0.00239	0.34145
6	0.00954	0.04226	0.10527	0.01064	0.05492	0.18646	0.14782	0.05651	0.02227	0.02045	0.00699	0.02438	0.00604	0.03856	0.03994	0.00150	0.21654	0.00339	0.00197	0.00456
7	0.01372	0.01750	0.01041	0.00946	0.01135	0.85618	0.00710	0.01467	0.01041	0.00899	0.00568	0.00662	0.00473	0.00378	0.00331	0.00095	0.00662	0.00237	0.00189	0.00426
8	0.00453	0.00325	0.00430	0.00504	0.00533	0.00302	0.00340	0.00526	0.00733	0.00981	0.08616	0.78284	0.04381	0.01114	0.00465	0.00146	0.00209	0.01008	0.00346	0.00302
9	0.00484	0.00347	0.00452	0.00524	0.00556	0.00330	0.00355	0.03690	0.00742	0.00990	0.01981	0.83563	0.02360	0.01123	0.00465	0.00148	0.00220	0.01017	0.00342	0.00311
10	0.00454	0.00360	0.00408	0.00423	0.00515	0.00314	0.00307	0.00556	0.00844	0.01072	0.19011	0.23321	0.49220	0.00948	0.00442	0.00128	0.00190	0.00818	0.00353	0.00314
11	0.00840	0.01151	0.20198	0.01538	0.18278	0.00895	0.45051	0.01161	0.02144	0.01176	0.00767	0.00969	0.01829	0.00340	0.00414	0.00120	0.02049	0.00380	0.00183	0.00520
12	0.00982	0.03094	0.12996	0.01705	0.49945	0.04911	0.02814	0.13776	0.03839	0.01354	0.00734	0.00885	0.00583	0.00355	0.00359	0.00110	0.00455	0.00318	0.00213	0.00571
13	0.00924	0.00693	0.00764	0.00688	0.00880	0.00766	0.00533	0.01694	0.59968	0.11523	0.04065	0.09716	0.04999	0.00582	0.00387	0.00125	0.00278	0.00493	0.00380	0.00540
14	0.00469	0.00334	0.00416	0.00471	0.00497	0.00315	0.00306	0.00522	0.00679	0.00897	0.03598	0.57097	0.09190	0.22470	0.00813	0.00198	0.00245	0.00887	0.00313	0.00281
15	0.03740	0.00839	0.02219	0.02910	0.00998	0.04881	0.00602	0.17747	0.44467	0.06484	0.02552	0.04586	0.01018	0.02417	0.02748	0.00138	0.00356	0.00407	0.00346	0.00545
16	0.00816	0.07174	0.69681	0.01045	0.03548	0.04998	0.02992	0.01191	0.00798	0.03512	0.00670	0.00780	0.00483	0.00350	0.00344	0.00113	0.00532	0.00273	0.00167	0.00535
17	0.01245	0.00616	0.00898	0.24507	0.03611	0.00612	0.00670	0.02631	0.00934	0.49775	0.01235	0.07506	0.00893	0.00477	0.00373	0.00118	0.00356	0.00405	0.02606	0.00532
18	0.00486	0.00352	0.00433	0.01776	0.00530	0.00330	0.00315	0.00550	0.00730	0.00957	0.12820	0.33654	0.20431	0.18043	0.01929	0.05041	0.00251	0.00775	0.00311	0.00287
19	0.00894	0.14095	0.25961	0.00798	0.03707	0.09999	0.00769	0.07251	0.00855	0.06759	0.01052	0.03111	0.07377	0.13877	0.01846	0.00153	0.00446	0.00368	0.00226	0.00456

[dist]
# distance from previous block
# <min> <max>
1	7

[block]
# block no. 1 follows, 75 sequences, length 21
# corresponding to MSA columns:
# 47-67
name=unknown_B
#
# <colnr> <probs for GDERKNQSTAVLIFYWHMCP>
#	G	D	E	R	K	N	Q	S	T	A	V	L	I	F	Y	W	H	M	C	P
0	0.00726	0.00611	0.02014	0.00550	0.00815	0.00470	0.00435	0.02547	0.00774	0.02761	0.00971	0.16459	0.02071	0.01631	0.00337	0.00080	0.00269	0.00386	0.00248	0.65843
1	0.00664	0.00545	0.00805	0.01028	0.24952	0.00531	0.01996	0.02984	0.03604	0.02722	0.14086	0.31434	0.10288	0.00752	0.00418	0.00126	0.00285	0.00679	0.01686	0.00417
2	0.08563	0.00801	0.00838	0.00701	0.00929	0.03203	0.00560	0.26793	0.27144	0.11433	0.04560	0.01365	0.07750	0.01664	0.01933	0.00128	0.00338	0.00401	0.00357	0.00540
3	0.00489	0.00367	0.00443	0.00484	0.00547	0.00340	0.00339	0.03727	0.00790	0.01023	0.05661	0.52809	0.25021	0.03807	0.00500	0.00146	0.00219	0.02631	0.00341	0.00314
4	0.00988	0.78436	0.01909	0.00702	0.01015	0.04439	0.06203	0.01118	0.00765	0.00886	0.00528	0.00619	0.00477	0.00316	0.00252	0.00082	0.00418	0.00214	0.00160	0.00471
5	0.00723	0.00710	0.01283	0.71759	0.02425	0.00835	0.15093	0.00979	0.00757	0.00979	0.00668	0.00981	0.00501	0.00357	0.00379	0.00123	0.00512	0.00345	0.00167	0.00423
6	0.00482	0.00403	0.00425	0.00420	0.00541	0.00362	0.00314	0.00658	0.07561	0.01084	0.11978	0.07975	0.64723	0.00889	0.00431	0.00125	0.00195	0.00750	0.00350	0.00335
7	0.00481	0.00369	0.00433	0.00425	0.00516	0.00329	0.00311	0.00604	0.00902	0.01193	0.41004	0.08527	0.35978	0.06657	0.00532	0.00137	0.00193	0.00725	0.00362	0.00320
8	0.01236	0.00949	0.01012	0.00813	0.01078	0.01064	0.00659	0.56495	0.29069	0.02056	0.01085	0.01044	0.00789	0.00460	0.00370	0.00115	0.00366	0.00359	0.00370	0.00610
9	0.00982	0.87313	0.01925	0.00628	0.00943	0.01453	0.00628	0.01100	0.00746	0.00864	0.00511	0.00589	0.00471	0.00314	0.00236	0.00079	0.00393	0.00196	0.00157	0.00471
10	0.00534	0.00358	0.00408	0.00408	0.00411	0.00360	0.00232	0.00539	0.00536	0.00718	0.01150	0.02364	0.01318	0.83659	0.05280	0.00366	0.00382	0.00528	0.00221	0.00227
11	0.00982	0.87313	0.01925	0.00628	0.00943	0.01453	0.00628	0.01100	0.00746	0.00864	0.00511	0.00589	0.00471	0.00314	0.00236	0.00079	0.00393	0.00196	0.00157	0.00471
12	0.00661	0.00577	0.00592	0.00572	0.00631	0.11799	0.00407	0.02105	0.00646	0.00827	0.00988	0.01704	0.01014	0.36242	0.37726	0.00415	0.02153	0.00427	0.00208	0.00305
13	0.00885	0.00710	0.00774	0.00694	0.00885	0.00797	0.00539	0.01728	0.65604	0.05898	0.15679	0.01598	0.01510	0.00539	0.00384	0.00122	0.00272	0.00455	0.00383	0.00544
14	0.00938	0.00833	0.00901	0.00789	0.01002	0.05621	0.05234	0.01822	0.69445	0.03648	0.01452	0.03002	0.02648	0.00501	0.00378	0.00123	0.00327	0.00424	0.00354	0.00558
15	0.00517	0.00368	0.00490	0.00502	0.00535	0.00394	0.00346	0.00586	0.00584	0.00808	0.01204	0.14152	0.01305	0.36735	0.39372	0.00432	0.00618	0.00544	0.00228	0.00281
16	0.00808	0.00816	0.01195	0.01004	0.01028	0.01112	0.06364	0.00904	0.00583	0.00904	0.00500	0.00816	0.00487	0.00620	0.01153	0.00158	0.80649	0.00329	0.00162	0.00408
17	0.00462	0.00366	0.00416	0.00425	0.00523	0.00320	0.00315	0.00572	0.00866	0.01105	0.23392	0.16531	0.49201	0.00923	0.00441	0.00127	0.00192	0.03147	0.00357	0.00318
18	0.01270	0.00946	0.01016	0.00799	0.01066	0.01048	0.00654	0.67904	0.10054	0.02122	0.01063	0.01060	0.03926	0.00532	0.02833	0.00126	0.00396	0.00358	0.02233	0.00594
19	0.01124	0.03617	0.00956	0.00834	0.01037	0.39408	0.00641	0.01708	0.44084	0.01228	0.01046	0.01027	0.00809	0.00439	0.00351	0.00110	0.00462	0.00328	0.00284	0.00508
20	0.00974	0.07734	0.00908	0.00654	0.00901	0.02501	0.02075	0.17141	0.07084	0.10770	0.02031	0.12977	0.00959	0.03299	0.00392	0.00105	0.00322	0.00405	0.00298	0.28469

[dist]
# distance from previous block
# <min> <max>
2	10

[block]
# block no. 2 follows, 75 sequences, length 21
# corresponding to MSA columns:
# 78-98
name=unknown_C
#
# <colnr> <probs for GDERKNQSTAVLIFYWHMCP>
#	G	D	E	R	K	N	Q	S	T	A	V	L	I	F	Y	W	H	M	C	P
0	0.05102	0.00914	0.06728	0.07324	0.66902	0.00864	0.01080	0.02748	0.00838	0.03026	0.00698	0.00897	0.00568	0.00337	0.00357	0.00111	0.00436	0.00319	0.00191	0.00561
1	0.09164	0.02088	0.11162	0.00831	0.01106	0.03957	0.05242	0.28635	0.16539	0.06717	0.05671	0.01052	0.00836	0.00449	0.00401	0.00117	0.04834	0.00349	0.00308	0.00543
2	0.00757	0.00668	0.00943	0.02433	0.24358	0.04109	0.06116	0.04483	0.06204	0.03175	0.08645	0.15865	0.14037	0.03185	0.00451	0.00130	0.00342	0.03374	0.00285	0.00443
3	0.00448	0.00339	0.00414	0.00466	0.00523	0.00305	0.00323	0.00528	0.00766	0.00990	0.08055	0.56048	0.27352	0.01057	0.00456	0.00139	0.00202	0.00937	0.00345	0.00305
4	0.00529	0.00386	0.00494	0.00535	0.00567	0.02354	0.00375	0.00573	0.00691	0.00921	0.07417	0.51259	0.03833	0.03202	0.05281	0.13937	0.03907	0.03152	0.00296	0.00289
5	0.00470	0.00350	0.00431	0.00459	0.00522	0.00318	0.00322	0.00569	0.00824	0.01095	0.26482	0.38770	0.21716	0.05294	0.00521	0.00144	0.00202	0.00845	0.00354	0.00311
6	0.01396	0.01029	0.01102	0.00845	0.01139	0.01139	0.00698	0.83577	0.01727	0.02315	0.00882	0.00882	0.00625	0.00441	0.00367	0.00110	0.00404	0.00331	0.00367	0.00625
7	0.00470	0.00375	0.00430	0.00440	0.00543	0.00336	0.00337	0.00584	0.00845	0.01066	0.16017	0.09294	0.52462	0.01042	0.05867	0.00159	0.00252	0.08821	0.00342	0.00319
8	0.03456	0.00769	0.01039	0.31002	0.14885	0.06770	0.02135	0.10155	0.05159	0.02339	0.00798	0.01054	0.00646	0.02144	0.15878	0.00205	0.00555	0.00339	0.00215	0.00457
9	0.00786	0.00645	0.00714	0.00648	0.00816	0.00698	0.01752	0.11626	0.38856	0.01420	0.05434	0.16139	0.17547	0.00692	0.00404	0.00126	0.00272	0.00591	0.00360	0.00475
10	0.00893	0.00874	0.01484	0.10649	0.69994	0.02454	0.06028	0.01117	0.00832	0.01167	0.00688	0.00916	0.00569	0.00331	0.00368	0.00111	0.00457	0.00332	0.00180	0.00556
11	0.01194	0.00512	0.00634	0.00522	0.00716	0.00472	0.00419	0.04401	0.00957	0.43803	0.03991	0.01335	0.00994	0.00452	0.00324	0.00102	0.00252	0.00366	0.38058	0.00496
12	0.00640	0.00353	0.00498	0.00493	0.00508	0.00364	0.00333	0.00578	0.05390	0.00707	0.00749	0.01256	0.00739	0.08547	0.05460	0.72310	0.00352	0.00346	0.00179	0.00198
13	0.01027	0.08781	0.04738	0.01180	0.08627	0.11439	0.32131	0.07467	0.00952	0.09103	0.04002	0.02079	0.00711	0.00371	0.00373	0.00108	0.00497	0.00362	0.00233	0.05817
14	0.01182	0.42203	0.01485	0.00738	0.01039	0.01281	0.00661	0.41410	0.04088	0.01596	0.00726	0.00759	0.00568	0.00382	0.00305	0.00096	0.00395	0.00269	0.00267	0.00550
15	0.00538	0.00367	0.00463	0.00488	0.00555	0.00342	0.00346	0.02556	0.00845	0.03839	0.23990	0.46818	0.11043	0.00946	0.00439	0.00132	0.00205	0.00841	0.04913	0.00333
16	0.00884	0.03314	0.02171	0.01937	0.03429	0.06542	0.07038	0.09889	0.02272	0.13401	0.22211	0.19949	0.04088	0.00663	0.00406	0.00120	0.00323	0.00583	0.00338	0.00441
17	0.00995	0.01044	0.09113	0.04575	0.45467	0.08332	0.08587	0.07544	0.04440	0.05218	0.00765	0.00918	0.00598	0.00355	0.00367	0.00111	0.00470	0.00330	0.00215	0.00556
18	0.01799	0.00455	0.00569	0.00534	0.00636	0.00500	0.00417	0.04274	0.04061	0.06779	0.03015	0.02952	0.02115	0.01366	0.33215	0.00291	0.04810	0.00389	0.31442	0.00379
19	0.63290	0.11705	0.00828	0.00596	0.01966	0.04196	0.03226	0.01166	0.02548	0.06805	0.00605	0.00674	0.00466	0.00349	0.00253	0.00109	0.00328	0.00225	0.00233	0.00432
20	0.08837	0.10932	0.01799	0.02174	0.00846	0.08713	0.01768	0.07108	0.00976	0.10060	0.31084	0.03639	0.01660	0.00523	0.00355	0.00104	0.00313	0.00427	0.00313	0.08370

[dist]
# distance from previous block
# <min> <max>
2	8

[block]
# block no. 3 follows, 75 sequences, length 9
# corresponding to MSA columns:
# 107-115
name=unknown_D
#
# <colnr> <probs for GDERKNQSTAVLIFYWHMCP>
#	G	D	E	R	K	N	Q	S	T	A	V	L	I	F	Y	W	H	M	C	P
0	0.00561	0.00427	0.00581	0.00616	0.04974	0.00459	0.00419	0.02324	0.00670	0.00927	0.07080	0.10167	0.07234	0.23746	0.34573	0.00370	0.03778	0.00531	0.00243	0.00320
1	0.00453	0.00333	0.00427	0.00500	0.00540	0.00307	0.00345	0.00527	0.00730	0.00954	0.02265	0.70402	0.14278	0.01112	0.00466	0.00147	0.00216	0.05356	0.00341	0.00302
2	0.02806	0.02544	0.12479	0.03202	0.14541	0.08571	0.20491	0.03623	0.02126	0.11962	0.00985	0.13190	0.00858	0.00471	0.00386	0.00119	0.00461	0.00441	0.00246	0.00498
3	0.06262	0.09604	0.03900	0.11995	0.04327	0.03959	0.05123	0.24115	0.10426	0.12060	0.00942	0.04094	0.00720	0.00430	0.00352	0.00113	0.00402	0.00349	0.00292	0.00533
4	0.00849	0.00944	0.11592	0.06973	0.57266	0.00835	0.01055	0.03564	0.00850	0.01205	0.04147	0.01090	0.04657	0.00390	0.00393	0.00113	0.02985	0.00355	0.00199	0.00540
5	0.00515	0.00379	0.00545	0.00557	0.00609	0.00424	0.00415	0.00621	0.00600	0.00848	0.01152	0.13690	0.01181	0.12279	0.63849	0.00501	0.00802	0.00502	0.00220	0.00312
6	0.16091	0.08234	0.13889	0.00893	0.05152	0.03923	0.07614	0.20332	0.05763	0.13424	0.00838	0.00876	0.00605	0.00386	0.00335	0.00111	0.00413	0.00304	0.00277	0.00539
7	0.09701	0.05998	0.07784	0.02613	0.11864	0.16881	0.04130	0.08108	0.04448	0.09040	0.02028	0.03485	0.01606	0.00404	0.00347	0.00104	0.01572	0.00318	0.00246	0.09323
8	0.00630	0.00462	0.00656	0.00717	0.09651	0.00466	0.02485	0.00747	0.02055	0.04299	0.03242	0.14046	0.02674	0.25543	0.24082	0.00314	0.00503	0.00525	0.03068	0.03836

[dist]
# distance from previous block
# <min> <max>
2	10

[block]
# block no. 4 follows, 75 sequences, length 16
# corresponding to MSA columns:
# 126-141
name=unknown_E
#
# <colnr> <probs for GDERKNQSTAVLIFYWHMCP>
#	G	D	E	R	K	N	Q	S	T	A	V	L	I	F	Y	W	H	M	C	P
0	0.02685	0.14684	0.11709	0.02003	0.04661	0.03991	0.25207	0.07415	0.10159	0.06742	0.02540	0.01004	0.02227	0.00379	0.00360	0.00110	0.00461	0.00350	0.00238	0.03073
1	0.00773	0.00594	0.00697	0.00605	0.03552	0.00541	0.00449	0.03714	0.14224	0.05963	0.13131	0.02654	0.10603	0.04743	0.00421	0.00106	0.00264	0.00420	0.02746	0.33799
2	0.00749	0.01823	0.78112	0.01039	0.01553	0.02991	0.03485	0.01156	0.00793	0.01167	0.03374	0.00842	0.00565	0.00362	0.00353	0.00116	0.00536	0.00288	0.00165	0.00532
3	0.03108	0.00754	0.01043	0.00813	0.01074	0.04007	0.16712	0.08015	0.09540	0.15063	0.03510	0.07279	0.03114	0.00521	0.02459	0.00118	0.00384	0.02053	0.00297	0.20136
4	0.76197	0.00781	0.00616	0.00538	0.00770	0.04700	0.00440	0.07746	0.00744	0.03918	0.00569	0.00640	0.00433	0.00354	0.00247	0.00113	0.00312	0.00216	0.00243	0.00423
5	0.00530	0.00389	0.00578	0.00578	0.00639	0.00449	0.00444	0.00644	0.00583	0.00838	0.00977	0.01467	0.00923	0.06020	0.78900	0.04199	0.00932	0.00396	0.00196	0.00317
6	0.01091	0.60117	0.01646	0.00730	0.00999	0.25977	0.00657	0.01201	0.00827	0.00875	0.00527	0.00616	0.00472	0.00342	0.00289	0.00085	0.02715	0.00211	0.00167	0.00456
7	0.00533	0.00397	0.00520	0.00512	0.00555	0.00434	0.00365	0.00610	0.00618	0.00853	0.06200	0.04988	0.08119	0.33629	0.34859	0.00398	0.05373	0.00512	0.00233	0.00292
8	0.01186	0.00924	0.00984	0.00803	0.01059	0.01041	0.00647	0.48023	0.37622	0.01976	0.01149	0.01095	0.00841	0.00466	0.00370	0.00116	0.00355	0.00368	0.00370	0.00606
9	0.00473	0.00346	0.00444	0.00502	0.00550	0.00322	0.00357	0.00562	0.00766	0.01012	0.11088	0.54197	0.13136	0.04477	0.00520	0.00153	0.00225	0.10218	0.00343	0.00307
10	0.00718	0.00592	0.02083	0.02207	0.02236	0.00574	0.17264	0.04316	0.04411	0.06466	0.18672	0.11798	0.04675	0.01056	0.16925	0.00216	0.00471	0.04611	0.00296	0.00412
11	0.00497	0.00361	0.00440	0.00456	0.00537	0.00323	0.00328	0.00605	0.00856	0.03351	0.27428	0.32857	0.28734	0.00942	0.00444	0.00130	0.00195	0.00827	0.00363	0.00325
12	0.02522	0.65283	0.01767	0.00769	0.03464	0.09861	0.05773	0.02469	0.03412	0.00954	0.00573	0.00660	0.00502	0.00329	0.00268	0.00086	0.00430	0.00228	0.00174	0.00476
13	0.00496	0.00372	0.00465	0.00521	0.00572	0.00362	0.00360	0.00663	0.08869	0.01029	0.06500	0.67850	0.08458	0.01049	0.00455	0.00143	0.00217	0.00943	0.00348	0.00329
14	0.09253	0.07028	0.19595	0.00961	0.09056	0.15815	0.00824	0.14359	0.07444	0.09858	0.01933	0.00877	0.00633	0.00391	0.00336	0.00108	0.00450	0.00295	0.00255	0.00529
15	0.01027	0.05780	0.11154	0.02692	0.06783	0.05191	0.24822	0.12181	0.09957	0.10818	0.03969	0.01079	0.02017	0.00399	0.00379	0.00115	0.00465	0.00373	0.00265	0.00533

[dist]
# distance from previous block
# <min> <max>
1	15

[block]
# block no. 5 follows, 75 sequences, length 35
# corresponding to MSA columns:
# 157-191
name=unknown_F
#
# <colnr> <probs for GDERKNQSTAVLIFYWHMCP>
#	G	D	E	R	K	N	Q	S	T	A	V	L	I	F	Y	W	H	M	C	P
0	0.00942	0.07750	0.03538	0.10470	0.21625	0.04798	0.13487	0.03925	0.16081	0.06948	0.03475	0.01132	0.03371	0.00406	0.00369	0.00114	0.00428	0.00370	0.00249	0.00521
1	0.02040	0.02506	0.08230	0.00890	0.05704	0.06598	0.11964	0.04735	0.05550	0.10853	0.03367	0.10550	0.01065	0.02671	0.03501	0.00138	0.00418	0.07730	0.00274	0.11217
2	0.00932	0.19226	0.41750	0.02545	0.05815	0.05416	0.06042	0.03695	0.00843	0.08328	0.00721	0.01841	0.00546	0.00362	0.00335	0.00108	0.00488	0.00287	0.00195	0.00525
3	0.02763	0.05757	0.00774	0.00627	0.00788	0.00671	0.00490	0.19712	0.06973	0.12166	0.06473	0.28982	0.06739	0.02472	0.00451	0.00130	0.02621	0.00613	0.00347	0.00452
4	0.00505	0.00381	0.00428	0.00419	0.00534	0.00330	0.00316	0.00622	0.00894	0.04175	0.25256	0.06579	0.54708	0.00875	0.00434	0.00123	0.00192	0.02535	0.00362	0.00331
5	0.00846	0.09477	0.11988	0.01581	0.03917	0.10756	0.00639	0.07725	0.01900	0.05798	0.26228	0.08298	0.04221	0.00592	0.00392	0.00114	0.01395	0.03397	0.00298	0.00439
6	0.00861	0.07893	0.19728	0.07188	0.08350	0.02253	0.36669	0.04511	0.03107	0.01174	0.00719	0.00912	0.00551	0.00393	0.02181	0.00127	0.02338	0.00353	0.00187	0.00506
7	0.00508	0.00354	0.00445	0.00490	0.00548	0.00326	0.00341	0.01940	0.00784	0.03476	0.09921	0.59853	0.15663	0.01030	0.00451	0.00139	0.00210	0.00919	0.02280	0.00321
8	0.01425	0.00982	0.01073	0.00823	0.01116	0.01070	0.00680	0.74129	0.01649	0.11872	0.00947	0.00924	0.00657	0.00442	0.00368	0.00111	0.00394	0.00335	0.00377	0.00625
9	0.00496	0.00387	0.00456	0.00521	0.00553	0.03857	0.00352	0.00563	0.00715	0.00935	0.04151	0.71082	0.04044	0.06433	0.03450	0.00173	0.00265	0.00941	0.00324	0.00302
10	0.00460	0.00327	0.00427	0.00500	0.00524	0.00308	0.00333	0.00523	0.00698	0.00930	0.03740	0.73748	0.03611	0.09725	0.00608	0.00169	0.00228	0.02516	0.00330	0.00293
11	0.00899	0.00863	0.01473	0.06066	0.81066	0.00870	0.01122	0.01119	0.00832	0.01188	0.00689	0.00912	0.00578	0.00329	0.00364	0.00110	0.00439	0.00327	0.00181	0.00574
12	0.00671	0.00590	0.00811	0.37962	0.01499	0.00671	0.00686	0.02667	0.16932	0.01140	0.07879	0.01909	0.21043	0.00581	0.00394	0.00124	0.00348	0.03403	0.00275	0.00415
13	0.00904	0.00952	0.00879	0.00804	0.00896	0.26335	0.00629	0.02338	0.03772	0.02346	0.02237	0.11953	0.06237	0.02235	0.04115	0.00155	0.27996	0.04591	0.00234	0.00394
14	0.00816	0.00495	0.00576	0.00513	0.00665	0.00479	0.00402	0.06596	0.08818	0.15270	0.23206	0.02213	0.19505	0.00647	0.00384	0.00114	0.00230	0.02921	0.15723	0.00425
15	0.00524	0.00375	0.00492	0.00556	0.00610	0.00363	0.00428	0.00628	0.00757	0.00990	0.03711	0.30548	0.08127	0.13756	0.00689	0.00186	0.00286	0.36345	0.00324	0.00306
16	0.01519	0.00858	0.00977	0.00755	0.01040	0.04126	0.00621	0.40192	0.01368	0.42925	0.01148	0.01054	0.00759	0.00445	0.00367	0.00111	0.00369	0.00346	0.00403	0.00617
17	0.01062	0.00541	0.00721	0.00615	0.00778	0.00544	0.00483	0.07577	0.00860	0.35625	0.01183	0.01451	0.00945	0.14266	0.29514	0.00312	0.02346	0.00398	0.00319	0.00459
18	0.00896	0.00635	0.00763	0.00558	0.00866	0.00491	0.00448	0.01057	0.00823	0.15094	0.04892	0.00939	0.00747	0.00326	0.00296	0.00067	0.00274	0.00265	0.00266	0.70296
19	0.00534	0.00357	0.00406	0.00406	0.00409	0.00359	0.00230	0.00538	0.00536	0.00717	0.01152	0.02374	0.01322	0.84473	0.04471	0.00363	0.00376	0.00530	0.00222	0.00226
20	0.00755	0.02608	0.29339	0.01070	0.02761	0.02187	0.23141	0.01059	0.04323	0.01090	0.00888	0.07831	0.02136	0.02030	0.07450	0.00168	0.10090	0.00410	0.00197	0.00468
21	0.00696	0.00606	0.01000	0.05000	0.26653	0.00599	0.09688	0.02812	0.01750	0.02497	0.01367	0.39533	0.02424	0.03060	0.00460	0.00136	0.00349	0.00673	0.00267	0.00426
22	0.03569	0.00659	0.00866	0.00665	0.00949	0.00594	0.00549	0.08348	0.01096	0.76565	0.01383	0.01206	0.00875	0.00451	0.00366	0.00113	0.00319	0.00362	0.00443	0.00620
23	0.00519	0.00357	0.00397	0.00399	0.00417	0.00349	0.00233	0.00533	0.00579	0.00755	0.01521	0.04569	0.12517	0.73506	0.01644	0.00320	0.00330	0.00579	0.00241	0.00236
24	0.06092	0.20829	0.16581	0.00998	0.09379	0.13540	0.07030	0.08210	0.00914	0.09126	0.00720	0.01868	0.00563	0.00374	0.00345	0.00105	0.02311	0.00288	0.00218	0.00510
25	0.00758	0.01288	0.40189	0.28015	0.11508	0.00851	0.08487	0.01104	0.02290	0.01105	0.00683	0.00885	0.00506	0.00351	0.00364	0.00118	0.00516	0.00312	0.00167	0.00501
26	0.00653	0.00498	0.00580	0.00546	0.00604	0.03398	0.00386	0.08698	0.00695	0.00939	0.02396	0.01830	0.01105	0.43629	0.28966	0.00389	0.03699	0.00453	0.00228	0.00312
27	0.01919	0.28771	0.12409	0.00825	0.06011	0.05132	0.03169	0.04806	0.03902	0.16320	0.04657	0.02691	0.03701	0.01850	0.00372	0.00108	0.02265	0.00334	0.00254	0.00504
28	0.00820	0.01184	0.31029	0.09287	0.08437	0.03515	0.16385	0.01989	0.03344	0.05581	0.07900	0.02213	0.03873	0.00425	0.00400	0.00119	0.02400	0.00382	0.00219	0.00496
29	0.00454	0.00324	0.00431	0.00514	0.00537	0.00303	0.00346	0.00519	0.00704	0.00937	0.02003	0.82506	0.02395	0.03071	0.00501	0.00154	0.00220	0.03447	0.00338	0.00298
30	0.01388	0.00971	0.02606	0.00861	0.02525	0.07976	0.05591	0.44270	0.01376	0.24557	0.01016	0.01028	0.00710	0.00437	0.00369	0.00111	0.00412	0.01681	0.01523	0.00590
31	0.01050	0.01060	0.10378	0.01376	0.21386	0.09921	0.24715	0.03701	0.05214	0.14427	0.00883	0.02706	0.00669	0.00379	0.00382	0.00115	0.00492	0.00368	0.00242	0.00538
32	0.00804	0.02676	0.15672	0.01124	0.11416	0.02084	0.22235	0.01097	0.07134	0.06300	0.02569	0.19030	0.02829	0.00554	0.00413	0.00125	0.01274	0.01935	0.00252	0.00476
33	0.02694	0.02123	0.00876	0.00693	0.00915	0.07387	0.06383	0.05238	0.03437	0.12819	0.03654	0.01181	0.03076	0.03402	0.17481	0.00200	0.02748	0.00343	0.00262	0.25089
34	0.00927	0.02207	0.15232	0.00772	0.01076	0.00646	0.10603	0.04404	0.05961	0.18208	0.11081	0.01425	0.08922	0.00466	0.00368	0.00106	0.00356	0.00405	0.00299	0.16536

[dist]
# distance from previous block
# <min> <max>
1	24

[block]
# block no. 6 follows, 75 sequences, length 12
# corresponding to MSA columns:
# 216-227
name=unknown_G
#
# <colnr> <probs for GDERKNQSTAVLIFYWHMCP>
#	G	D	E	R	K	N	Q	S	T	A	V	L	I	F	Y	W	H	M	C	P
0	0.03153	0.11166	0.06381	0.00932	0.07270	0.06521	0.10983	0.17488	0.07066	0.08611	0.05146	0.04135	0.00882	0.05616	0.01482	0.00130	0.00422	0.00377	0.00274	0.01964
1	0.05092	0.07524	0.05469	0.02439	0.05666	0.21635	0.03459	0.28257	0.09032	0.06690	0.00824	0.00864	0.00616	0.00402	0.00345	0.00107	0.00462	0.00303	0.00278	0.00536
2	0.07590	0.10745	0.31489	0.00934	0.05334	0.05737	0.04282	0.10163	0.04656	0.12799	0.00827	0.02459	0.00615	0.00390	0.00339	0.00111	0.00448	0.00306	0.00242	0.00535
3	0.03477	0.02980	0.22363	0.02767	0.09881	0.02960	0.02596	0.09618	0.17249	0.01363	0.04529	0.01135	0.05048	0.00421	0.00351	0.00108	0.00392	0.00347	0.00254	0.12162
4	0.00553	0.00386	0.00477	0.00468	0.00563	0.00351	0.00346	0.00703	0.02854	0.05559	0.42934	0.20291	0.21433	0.00853	0.00436	0.00125	0.00194	0.00747	0.00379	0.00348
5	0.00587	0.00465	0.00640	0.06940	0.00797	0.00527	0.00508	0.03106	0.00703	0.00956	0.01438	0.24341	0.04591	0.11411	0.16955	0.00258	0.11681	0.13499	0.00263	0.00333
6	0.00851	0.00741	0.04614	0.02636	0.04844	0.04327	0.05626	0.05264	0.14124	0.08927	0.25382	0.04149	0.03081	0.00577	0.00485	0.00122	0.09719	0.01790	0.00318	0.02423
7	0.00449	0.00366	0.00397	0.00404	0.00509	0.00314	0.00297	0.00550	0.00849	0.01057	0.15588	0.14588	0.61487	0.00933	0.00439	0.00126	0.00188	0.00795	0.00350	0.00314
8	0.00937	0.07407	0.10681	0.03755	0.24840	0.12112	0.20264	0.02785	0.00838	0.01102	0.00647	0.00846	0.00527	0.00374	0.00470	0.00116	0.11294	0.00324	0.00180	0.00502
9	0.00618	0.00539	0.00651	0.00635	0.00707	0.08491	0.00491	0.00739	0.00629	0.00854	0.00927	0.01372	0.00870	0.05314	0.70808	0.00516	0.04927	0.00380	0.00195	0.00337
10	0.00694	0.00653	0.01102	0.86210	0.02530	0.00816	0.01020	0.00938	0.00734	0.00938	0.00653	0.00979	0.00490	0.00367	0.00367	0.00122	0.00490	0.00326	0.00163	0.00408
11	0.21017	0.52499	0.04066	0.00614	0.00912	0.04160	0.00584	0.01119	0.00741	0.03859	0.00559	0.00634	0.00475	0.00325	0.00248	0.00088	0.00370	0.00208	0.00189	0.07332

[dist]
# distance from previous block
# <min> <max>
0	1

[block]
# block no. 7 follows, 75 sequences, length 42
# corresponding to MSA columns:
# 229-270
name=unknown_H
#
# <colnr> <probs for GDERKNQSTAVLIFYWHMCP>
#	G	D	E	R	K	N	Q	S	T	A	V	L	I	F	Y	W	H	M	C	P
0	0.00898	0.41056	0.27878	0.00849	0.01217	0.03478	0.07846	0.03285	0.00802	0.02635	0.00684	0.03455	0.00584	0.00422	0.02171	0.00111	0.00472	0.01485	0.00180	0.00491
1	0.00737	0.01900	0.85189	0.01047	0.01590	0.00853	0.01357	0.01163	0.00775	0.01163	0.00659	0.00775	0.00465	0.00349	0.00349	0.00116	0.00543	0.00271	0.00155	0.00543
2	0.09937	0.01097	0.00989	0.00813	0.01051	0.23267	0.04549	0.35480	0.06293	0.02856	0.03026	0.00921	0.00692	0.00419	0.00341	0.00106	0.00439	0.00313	0.06897	0.00513
3	0.00455	0.00368	0.00384	0.00389	0.00487	0.00319	0.00278	0.00533	0.00784	0.00952	0.04414	0.07327	0.64527	0.15172	0.00674	0.00164	0.00217	0.01936	0.00322	0.00296
4	0.00529	0.00377	0.00509	0.00509	0.00546	0.00415	0.00357	0.00603	0.00566	0.00792	0.01058	0.01857	0.01098	0.39073	0.49564	0.00489	0.00713	0.00454	0.00208	0.00283
5	0.00448	0.00366	0.00395	0.00402	0.00508	0.00313	0.00296	0.00548	0.00847	0.01051	0.14529	0.14287	0.62865	0.00934	0.00438	0.00126	0.00188	0.00795	0.00350	0.00313
6	0.00910	0.00906	0.01414	0.09779	0.63796	0.06939	0.04694	0.01140	0.02377	0.01167	0.02918	0.00958	0.00651	0.00348	0.00367	0.00110	0.00456	0.00336	0.00190	0.00545
7	0.00925	0.00664	0.00790	0.00573	0.00892	0.00524	0.00462	0.04463	0.00846	0.14228	0.00786	0.00842	0.00604	0.00307	0.00291	0.00066	0.00284	0.00246	0.00260	0.71947
8	0.01415	0.01019	0.01081	0.00833	0.01123	0.03626	0.00686	0.74781	0.01654	0.08679	0.00916	0.00904	0.00642	0.00440	0.00366	0.00110	0.00405	0.00331	0.00369	0.00619
9	0.05130	0.00969	0.00787	0.00695	0.00830	0.27400	0.00512	0.18381	0.00952	0.01163	0.00855	0.01362	0.00827	0.31403	0.04289	0.00214	0.03232	0.00370	0.00240	0.00389
10	0.00982	0.87313	0.01925	0.00628	0.00943	0.01453	0.00628	0.01100	0.00746	0.00864	0.00511	0.00589	0.00471	0.00314	0.00236	0.00079	0.00393	0.00196	0.00157	0.00471
11	0.00694	0.00653	0.01102	0.86210	0.02530	0.00816	0.01020	0.00938	0.00734	0.00938	0.00653	0.00979	0.00490	0.00367	0.00367	0.00122	0.00490	0.00326	0.00163	0.00408
12	0.00488	0.00374	0.00447	0.00429	0.00529	0.00333	0.00322	0.00632	0.00965	0.01295	0.54738	0.03036	0.33445	0.00817	0.00434	0.00119	0.00178	0.00705	0.00381	0.00333
13	0.00914	0.00789	0.00830	0.00747	0.00955	0.00914	0.00581	0.01952	0.84138	0.01536	0.01495	0.01370	0.01121	0.00498	0.00374	0.00125	0.00291	0.00415	0.00374	0.00581
14	0.00542	0.00381	0.00496	0.00464	0.00556	0.00350	0.00349	0.00713	0.01035	0.03286	0.80802	0.02730	0.05407	0.00749	0.00432	0.00116	0.00177	0.00661	0.00404	0.00352
15	0.00458	0.00384	0.00388	0.00385	0.00509	0.00330	0.00289	0.00583	0.03338	0.01031	0.05466	0.03388	0.77817	0.00898	0.00427	0.00123	0.00188	0.00749	0.02930	0.00320
16	0.00534	0.00356	0.00401	0.00401	0.00401	0.00356	0.00223	0.00534	0.00534	0.00712	0.01157	0.02403	0.01335	0.87092	0.01869	0.00356	0.00356	0.00534	0.00223	0.00223
17	0.03806	0.02768	0.28365	0.00926	0.01291	0.09336	0.03313	0.42601	0.01277	0.01726	0.00758	0.00816	0.00547	0.00396	0.00353	0.00111	0.00477	0.00299	0.00268	0.00566
18	0.00900	0.00777	0.00818	0.00737	0.00942	0.00897	0.00573	0.01912	0.81849	0.01521	0.01556	0.01430	0.03416	0.00510	0.00375	0.00125	0.00288	0.00425	0.00373	0.00574
19	0.00592	0.00463	0.00577	0.00634	0.08842	0.00440	0.00418	0.01944	0.06232	0.03016	0.26370	0.03705	0.32561	0.09336	0.00566	0.00144	0.00242	0.03213	0.00337	0.00368
20	0.00534	0.00356	0.00401	0.00401	0.00401	0.00356	0.00223	0.00534	0.00534	0.00712	0.01157	0.02403	0.01335	0.87092	0.01869	0.00356	0.00356	0.00534	0.00223	0.00223
21	0.00884	0.00977	0.04299	0.07862	0.27097	0.03081	0.46784	0.02284	0.00862	0.01174	0.00716	0.00949	0.00556	0.00324	0.00401	0.00118	0.00550	0.00382	0.00185	0.00517
22	0.05092	0.79341	0.05709	0.00641	0.00962	0.01396	0.00651	0.01102	0.00742	0.00914	0.00518	0.00598	0.00468	0.00317	0.00241	0.00082	0.00395	0.00200	0.00160	0.00471
23	0.00727	0.05599	0.73128	0.00983	0.01469	0.00841	0.01236	0.01110	0.00756	0.01119	0.00684	0.00833	0.00510	0.00584	0.08723	0.00161	0.00579	0.00280	0.00159	0.00518
24	0.00950	0.00879	0.00871	0.00781	0.00987	0.09224	0.02176	0.01862	0.72460	0.01457	0.01400	0.01358	0.01070	0.00495	0.00374	0.00123	0.00335	0.02291	0.00351	0.00559
25	0.00982	0.87313	0.01925	0.00628	0.00943	0.01453	0.00628	0.01100	0.00746	0.00864	0.00511	0.00589	0.00471	0.00314	0.00236	0.00079	0.00393	0.00196	0.00157	0.00471
26	0.00886	0.00878	0.01582	0.08136	0.64353	0.00878	0.15588	0.01122	0.00834	0.01177	0.00697	0.00928	0.00571	0.00327	0.00376	0.00113	0.00472	0.00346	0.00181	0.00554
27	0.00490	0.00383	0.00445	0.00428	0.00534	0.00343	0.00321	0.00647	0.02868	0.01257	0.46093	0.03070	0.40141	0.00826	0.00432	0.00120	0.00182	0.00709	0.00375	0.00335
28	0.00528	0.00353	0.00402	0.00409	0.00410	0.00352	0.00231	0.00532	0.00546	0.00728	0.01220	0.08480	0.01414	0.80909	0.01769	0.00341	0.00346	0.00571	0.00231	0.00228
29	0.77376	0.00755	0.00618	0.00533	0.00770	0.00868	0.00440	0.12582	0.00779	0.01741	0.00563	0.00636	0.00429	0.00355	0.00247	0.00113	0.00301	0.00217	0.00247	0.00429
30	0.00903	0.00866	0.01480	0.04685	0.82419	0.00871	0.01124	0.01122	0.00833	0.01192	0.00690	0.00911	0.00579	0.00328	0.00364	0.00109	0.00438	0.00327	0.00181	0.00577
31	0.00518	0.00375	0.00488	0.00460	0.00547	0.00346	0.00345	0.00689	0.01035	0.01461	0.82589	0.02763	0.05492	0.00755	0.00433	0.00116	0.00174	0.00667	0.00403	0.00346
32	0.00534	0.00356	0.00401	0.00401	0.00401	0.00356	0.00223	0.00534	0.00534	0.00712	0.01157	0.02403	0.01335	0.87092	0.01869	0.00356	0.00356	0.00534	0.00223	0.00223
33	0.00446	0.00326	0.00419	0.00494	0.00528	0.00300	0.00333	0.00513	0.00720	0.00945	0.02240	0.76240	0.12902	0.01123	0.00464	0.00146	0.00210	0.01010	0.00341	0.00300
34	0.00867	0.00991	0.02167	0.01548	0.01920	0.00929	0.83467	0.01176	0.00867	0.01176	0.00743	0.00991	0.00557	0.00310	0.00433	0.00124	0.00619	0.00433	0.00186	0.00495
35	0.00737	0.01900	0.85189	0.01047	0.01590	0.00853	0.01357	0.01163	0.00775	0.01163	0.00659	0.00775	0.00465	0.00349	0.00349	0.00116	0.00543	0.00271	0.00155	0.00543
36	0.00534	0.00356	0.00401	0.00401	0.00401	0.00356	0.00223	0.00534	0.00534	0.00712	0.01157	0.02403	0.01335	0.87092	0.01869	0.00356	0.00356	0.00534	0.00223	0.00223
37	0.00635	0.00467	0.00566	0.00510	0.00629	0.00455	0.00393	0.12234	0.01113	0.01538	0.63780	0.02582	0.11026	0.00729	0.00425	0.00116	0.00209	0.01821	0.00392	0.00382
38	0.00982	0.87313	0.01925	0.00628	0.00943	0.01453	0.00628	0.01100	0.00746	0.00864	0.00511	0.00589	0.00471	0.00314	0.00236	0.00079	0.00393	0.00196	0.00157	0.00471
39	0.01612	0.00683	0.00888	0.00681	0.00966	0.00625	0.00562	0.13445	0.01147	0.73265	0.01368	0.01198	0.00869	0.00453	0.00369	0.00113	0.00326	0.00364	0.00442	0.00625
40	0.00694	0.00653	0.01102	0.86210	0.02530	0.00816	0.01020	0.00938	0.00734	0.00938	0.00653	0.00979	0.00490	0.00367	0.00367	0.00122	0.00490	0.00326	0.00163	0.00408
41	0.00873	0.00836	0.01426	0.16321	0.71017	0.00863	0.01109	0.01096	0.00819	0.01156	0.00684	0.00921	0.00566	0.00334	0.00364	0.00111	0.00445	0.00327	0.00179	0.00553

[dist]
# distance from previous block
# <min> <max>
0	2

[block]
# block no. 8 follows, 75 sequences, length 13
# corresponding to MSA columns:
# 273-285
name=unknown_I
#
# <colnr> <probs for GDERKNQSTAVLIFYWHMCP>
#	G	D	E	R	K	N	Q	S	T	A	V	L	I	F	Y	W	H	M	C	P
0	0.00694	0.00653	0.01102	0.86210	0.02530	0.00816	0.01020	0.00938	0.00734	0.00938	0.00653	0.00979	0.00490	0.00367	0.00367	0.00122	0.00490	0.00326	0.00163	0.00408
1	0.03734	0.03826	0.01068	0.00798	0.01080	0.03764	0.02818	0.52709	0.03026	0.20337	0.00987	0.00978	0.00692	0.01995	0.00387	0.00115	0.00392	0.00336	0.00363	0.00596
2	0.00462	0.00373	0.00411	0.00401	0.00513	0.00322	0.00301	0.00581	0.00903	0.01148	0.29914	0.03278	0.58362	0.00872	0.00434	0.00121	0.00182	0.00739	0.00362	0.00322
3	0.00867	0.00991	0.02167	0.01548	0.01920	0.00929	0.83467	0.01176	0.00867	0.01176	0.00743	0.00991	0.00557	0.00310	0.00433	0.00124	0.00619	0.00433	0.00186	0.00495
4	0.01206	0.01063	0.01064	0.00999	0.10805	0.14715	0.00718	0.38769	0.23672	0.01747	0.00974	0.00981	0.00729	0.00433	0.00363	0.00111	0.00419	0.00338	0.00319	0.00576
5	0.01583	0.00660	0.00867	0.00668	0.00946	0.00598	0.00550	0.10534	0.01123	0.73340	0.04205	0.01261	0.00965	0.00463	0.00371	0.00113	0.00318	0.00375	0.00444	0.00616
6	0.00762	0.00653	0.00762	0.00544	0.00870	0.00490	0.00435	0.00925	0.00762	0.01197	0.00653	0.00762	0.00544	0.00272	0.00272	0.00054	0.00272	0.00218	0.00218	0.89338
7	0.00867	0.00991	0.02167	0.01548	0.01920	0.00929	0.83467	0.01176	0.00867	0.01176	0.00743	0.00991	0.00557	0.00310	0.00433	0.00124	0.00619	0.00433	0.00186	0.00495
8	0.00520	0.00375	0.00491	0.00462	0.00549	0.00347	0.00347	0.00693	0.01040	0.01473	0.84608	0.02743	0.03465	0.00751	0.00433	0.00116	0.00173	0.00664	0.00404	0.00347
9	0.00451	0.00333	0.00422	0.00492	0.00535	0.00305	0.00339	0.00524	0.00734	0.00954	0.02337	0.68148	0.17733	0.01104	0.00464	0.00145	0.00213	0.04125	0.00341	0.00302
10	0.00657	0.00584	0.00579	0.00562	0.00623	0.13365	0.00398	0.00735	0.00668	0.00848	0.06739	0.01785	0.01187	0.34826	0.34450	0.00392	0.00637	0.00443	0.00220	0.00303
11	0.01313	0.00961	0.01037	0.00814	0.01086	0.01064	0.00665	0.67317	0.12950	0.04547	0.00974	0.00967	0.00701	0.00476	0.00403	0.03030	0.00383	0.00343	0.00364	0.00603
12	0.00876	0.03862	0.01275	0.01042	0.02830	0.07047	0.11314	0.02720	0.03831	0.00982	0.00573	0.00835	0.00520	0.00554	0.00946	0.00145	0.59705	0.00329	0.00179	0.00433

[dist]
# distance from previous block
# <min> <max>
0	1

[block]
# block no. 9 follows, 75 sequences, length 12
# corresponding to MSA columns:
# 287-298
name=unknown_J
#
# <colnr> <probs for GDERKNQSTAVLIFYWHMCP>
#	G	D	E	R	K	N	Q	S	T	A	V	L	I	F	Y	W	H	M	C	P
0	0.00790	0.10689	0.63768	0.00969	0.01440	0.00910	0.03174	0.04300	0.04730	0.01206	0.04185	0.00875	0.00630	0.00372	0.00344	0.00113	0.00496	0.00293	0.00185	0.00531
1	0.00809	0.00627	0.00758	0.04607	0.00926	0.00496	0.00462	0.00972	0.00800	0.08203	0.04496	0.01007	0.03986	0.00338	0.00298	0.00068	0.00278	0.00277	0.00248	0.70343
2	0.00762	0.00653	0.00762	0.00544	0.00870	0.00490	0.00435	0.00925	0.00762	0.01197	0.00653	0.00762	0.00544	0.00272	0.00272	0.00054	0.00272	0.00218	0.00218	0.89338
3	0.00462	0.00339	0.00466	0.05570	0.00651	0.00329	0.00381	0.00537	0.00705	0.00938	0.01943	0.81784	0.02315	0.01104	0.00463	0.00148	0.00229	0.01002	0.00330	0.00305
4	0.00789	0.20254	0.67297	0.00957	0.01451	0.00982	0.01200	0.01150	0.00769	0.01099	0.00627	0.00735	0.00467	0.00341	0.00325	0.00108	0.00511	0.00255	0.00156	0.00527
5	0.00561	0.00409	0.00457	0.00455	0.00571	0.00370	0.00337	0.00725	0.06971	0.06922	0.06856	0.21849	0.50360	0.00906	0.00433	0.00129	0.00208	0.00775	0.00354	0.00351
6	0.05339	0.00862	0.01451	0.20764	0.08196	0.00863	0.28052	0.07677	0.00981	0.20348	0.00956	0.01118	0.00695	0.00421	0.00416	0.00133	0.00497	0.00391	0.00284	0.00557
7	0.02536	0.05432	0.04092	0.08536	0.09504	0.16504	0.04402	0.27866	0.01115	0.03346	0.00708	0.00831	0.00549	0.00416	0.00453	0.00113	0.10821	0.00304	0.00245	0.02228
8	0.00670	0.00492	0.01940	0.00593	0.00700	0.00477	0.03534	0.05960	0.00918	0.07185	0.33984	0.22492	0.04097	0.05252	0.03008	0.00153	0.05107	0.02716	0.00346	0.00376
9	0.02289	0.00617	0.03939	0.00611	0.02097	0.04546	0.01730	0.02302	0.12467	0.06364	0.23464	0.05681	0.14293	0.02645	0.02761	0.00135	0.00295	0.04678	0.04499	0.04587
10	0.03517	0.00917	0.04604	0.05517	0.14283	0.06045	0.11309	0.15707	0.04131	0.07095	0.03694	0.01010	0.00716	0.00404	0.00415	0.00109	0.06128	0.01462	0.00254	0.12682
11	0.08851	0.00901	0.03391	0.05371	0.09635	0.12122	0.06792	0.08682	0.06572	0.06549	0.02181	0.03395	0.00727	0.02962	0.03894	0.00132	0.02837	0.00336	0.00247	0.14424

[dist]
# distance from previous block
# <min> <max>
0	11

[block]
# block no. 10 follows, 75 sequences, length 18
# corresponding to MSA columns:
# 310-327
name=unknown_K
#
# <colnr> <probs for GDERKNQSTAVLIFYWHMCP>
#	G	D	E	R	K	N	Q	S	T	A	V	L	I	F	Y	W	H	M	C	P
0	0.05127	0.27575	0.11947	0.01032	0.14689	0.05864	0.04125	0.10556	0.04134	0.08533	0.00732	0.00811	0.00569	0.00367	0.00338	0.00103	0.02464	0.00281	0.00225	0.00527
1	0.07880	0.26166	0.10887	0.03501	0.12760	0.09330	0.02531	0.07502	0.01923	0.07519	0.00708	0.01845	0.00568	0.00402	0.01567	0.00108	0.01744	0.00278	0.00215	0.02565
2	0.01187	0.16813	0.08672	0.00974	0.05305	0.33433	0.06018	0.19181	0.02861	0.01269	0.00671	0.00755	0.00529	0.00374	0.00332	0.00100	0.00526	0.00274	0.00223	0.00503
3	0.00785	0.06467	0.01177	0.22583	0.36352	0.02813	0.00883	0.01010	0.03649	0.01096	0.04875	0.01392	0.08589	0.00517	0.02818	0.00129	0.00423	0.03753	0.00214	0.00474
4	0.39830	0.00752	0.00841	0.27542	0.02874	0.02891	0.00673	0.06169	0.07188	0.01381	0.00657	0.00815	0.00507	0.00388	0.00361	0.00120	0.06081	0.00275	0.00221	0.00433
5	0.00529	0.00377	0.00505	0.00505	0.00541	0.00413	0.00352	0.00601	0.00565	0.00789	0.01062	0.01876	0.01106	0.40803	0.47846	0.00485	0.00701	0.00457	0.00208	0.00280
6	0.00506	0.00381	0.00434	0.00416	0.00531	0.00332	0.00314	0.00632	0.00923	0.03853	0.35304	0.03152	0.50216	0.00845	0.00432	0.00120	0.00185	0.00719	0.00369	0.00334
7	0.00914	0.00789	0.00830	0.00747	0.00955	0.00914	0.00581	0.01952	0.84138	0.01536	0.01495	0.01370	0.01121	0.00498	0.00374	0.00125	0.00291	0.00415	0.00374	0.00581
8	0.00534	0.00356	0.00401	0.00401	0.00401	0.00356	0.00223	0.00534	0.00534	0.00712	0.01157	0.02403	0.01335	0.87092	0.01869	0.00356	0.00356	0.00534	0.00223	0.00223
9	0.00520	0.00375	0.00491	0.00462	0.00549	0.00347	0.00347	0.00693	0.01040	0.01473	0.84608	0.02743	0.03465	0.00751	0.00433	0.00116	0.00173	0.00664	0.00404	0.00347
10	0.00447	0.00320	0.00426	0.00511	0.00533	0.00298	0.00341	0.00511	0.00703	0.00938	0.02024	0.86853	0.02429	0.01151	0.00469	0.00149	0.00213	0.01044	0.00341	0.00298
11	0.00534	0.00356	0.00401	0.00401	0.00401	0.00356	0.00223	0.00534	0.00534	0.00712	0.01157	0.02403	0.01335	0.87092	0.01869	0.00356	0.00356	0.00534	0.00223	0.00223
12	0.00765	0.00665	0.00812	0.00580	0.00908	0.00505	0.03421	0.00934	0.00765	0.01196	0.00656	0.00770	0.00544	0.00273	0.00278	0.00057	0.00284	0.00225	0.00216	0.86143
13	0.00737	0.00652	0.01090	0.82296	0.02457	0.00803	0.00998	0.00977	0.00749	0.04787	0.00689	0.00992	0.00509	0.00371	0.00367	0.00122	0.00481	0.00328	0.00177	0.00418
14	0.00804	0.00804	0.01125	0.00964	0.00964	0.01125	0.00804	0.00884	0.00562	0.00884	0.00482	0.00804	0.00482	0.00643	0.01205	0.00161	0.86420	0.00321	0.00161	0.00402
15	0.00489	0.00341	0.00427	0.00474	0.00493	0.00332	0.00306	0.00534	0.00639	0.00851	0.01672	0.45759	0.03727	0.34684	0.05120	0.00251	0.00309	0.03033	0.00288	0.00272
16	0.00982	0.02494	0.05135	0.02156	0.01202	0.00780	0.22657	0.11631	0.15417	0.14173	0.16802	0.01431	0.02482	0.00475	0.00396	0.00118	0.00389	0.00442	0.00323	0.00516
17	0.01046	0.00887	0.01008	0.04687	0.12657	0.10196	0.03400	0.10938	0.29639	0.09666	0.01155	0.03593	0.02735	0.00452	0.00366	0.00112	0.00381	0.00379	0.00307	0.06396

[dist]
# distance from previous block
# <min> <max>
0	1

[block]
# block no. 11 follows, 75 sequences, length 51
# corresponding to MSA columns:
# 329-379
name=unknown_L
#
# <colnr> <probs for GDERKNQSTAVLIFYWHMCP>
#	G	D	E	R	K	N	Q	S	T	A	V	L	I	F	Y	W	H	M	C	P
0	0.00903	0.28647	0.35180	0.00938	0.01329	0.07975	0.10748	0.02298	0.01805	0.02579	0.00692	0.00882	0.00561	0.00367	0.00329	0.00106	0.00497	0.03484	0.00180	0.00500
1	0.00662	0.00532	0.00805	0.21109	0.14722	0.00560	0.00648	0.01818	0.03417	0.04179	0.14713	0.30763	0.03173	0.00709	0.00414	0.00128	0.00316	0.00639	0.00289	0.00403
2	0.00777	0.00863	0.06346	0.39001	0.10065	0.00852	0.31570	0.01051	0.00799	0.01070	0.00734	0.01073	0.00578	0.00363	0.00395	0.00123	0.00530	0.03166	0.00179	0.00462
3	0.00666	0.12222	0.20202	0.00634	0.00812	0.00633	0.02469	0.00766	0.00622	0.00846	0.00868	0.03828	0.00891	0.33127	0.03309	0.15657	0.01531	0.00397	0.00188	0.00332
4	0.01230	0.03845	0.01055	0.03156	0.04661	0.45644	0.00708	0.20139	0.04956	0.01271	0.00786	0.04550	0.00672	0.00452	0.00378	0.00107	0.03093	0.02574	0.00246	0.00477
5	0.00985	0.00710	0.00747	0.00638	0.00831	0.00787	0.00506	0.26894	0.29920	0.01720	0.01203	0.01218	0.00905	0.00456	0.00332	0.00107	0.00285	0.00364	0.30879	0.00513
6	0.00459	0.00373	0.00407	0.00399	0.00512	0.00321	0.00299	0.00576	0.00897	0.01134	0.27551	0.03302	0.60734	0.00877	0.00434	0.00122	0.00182	0.00742	0.00360	0.00321
7	0.01156	0.00802	0.00911	0.00730	0.00965	0.00868	0.03627	0.42796	0.13619	0.08494	0.02247	0.01121	0.00826	0.00483	0.01661	0.00116	0.00347	0.00358	0.18327	0.00548
