[name]
unknown

[dist]
# distance from previous block
# <min> <max>
2	186

[block]
# block no. 0 follows, 70 sequences, length 33
# corresponding to MSA columns:
# 206-238
name=unknown_A
#
# <colnr> <probs for GDERKNQSTAVLIFYWHMCP>
#	G	D	E	R	K	N	Q	S	T	A	V	L	I	F	Y	W	H	M	C	P
0	0.02842	0.28295	0.02135	0.02757	0.05155	0.13663	0.01508	0.06959	0.05917	0.07288	0.04793	0.01070	0.03046	0.03574	0.00389	0.00109	0.00421	0.00320	0.00253	0.09508
1	0.05952	0.03259	0.04139	0.04780	0.13083	0.05251	0.03697	0.06539	0.38465	0.02890	0.01132	0.01168	0.00868	0.00559	0.04256	0.00145	0.00424	0.00375	0.00303	0.02717
2	0.03456	0.15940	0.02392	0.13030	0.15117	0.07151	0.04402	0.23611	0.06077	0.04000	0.00808	0.00918	0.00621	0.00401	0.00359	0.00113	0.00461	0.00323	0.00261	0.00560
3	0.04578	0.07965	0.03034	0.07301	0.22332	0.28901	0.08081	0.04319	0.03093	0.01177	0.00716	0.02234	0.00594	0.00386	0.00361	0.00109	0.00538	0.00317	0.00209	0.03756
4	0.00710	0.00562	0.00798	0.06065	0.09604	0.00621	0.00603	0.06292	0.03589	0.02757	0.01245	0.08175	0.05998	0.03989	0.41928	0.00378	0.03858	0.00475	0.00249	0.02104
5	0.00877	0.00856	0.03923	0.15603	0.17697	0.02815	0.06276	0.02794	0.09653	0.02345	0.01524	0.02768	0.02376	0.00439	0.00481	0.00117	0.10670	0.00363	0.00231	0.18191
6	0.00558	0.00373	0.00425	0.00430	0.00432	0.00372	0.00243	0.00562	0.00575	0.00767	0.01280	0.07915	0.01484	0.80896	0.01878	0.00362	0.00366	0.00598	0.00243	0.00240
7	0.01042	0.00893	0.01413	0.12002	0.59717	0.03839	0.01075	0.01280	0.02676	0.11066	0.00833	0.01012	0.00652	0.00372	0.00384	0.00117	0.00457	0.00349	0.00228	0.00592
8	0.00559	0.00377	0.00421	0.00421	0.00428	0.00374	0.00238	0.00563	0.00579	0.00766	0.01348	0.02593	0.05266	0.82378	0.01902	0.00364	0.00367	0.00576	0.00241	0.00239
9	0.00832	0.06876	0.59563	0.01148	0.05478	0.00922	0.09139	0.01245	0.03866	0.03003	0.01660	0.03121	0.00630	0.00396	0.00376	0.00122	0.00538	0.00334	0.00191	0.00560
10	0.02162	0.15108	0.01036	0.00623	0.00955	0.03120	0.00521	0.05610	0.03008	0.01278	0.00696	0.00792	0.00578	0.00315	0.00290	0.00069	0.00329	0.00238	0.00231	0.63043
11	0.00620	0.00463	0.00601	0.00667	0.08570	0.00491	0.00387	0.00659	0.00601	0.00825	0.01112	0.02194	0.01239	0.65934	0.08127	0.00356	0.06120	0.00516	0.00224	0.00293
12	0.00472	0.00337	0.00450	0.00540	0.00562	0.00315	0.00360	0.00540	0.00742	0.00990	0.02137	0.86122	0.02564	0.01215	0.00495	0.00157	0.00225	0.01102	0.00360	0.00315
13	0.00759	0.00762	0.04177	0.50119	0.14808	0.03659	0.00981	0.00988	0.00779	0.01027	0.00796	0.04302	0.00673	0.00779	0.12567	0.00198	0.01611	0.00378	0.00188	0.00448
14	0.00966	0.00987	0.04795	0.14048	0.28245	0.04052	0.20673	0.09236	0.07607	0.01347	0.00864	0.01129	0.00690	0.00401	0.00407	0.00124	0.00509	0.03137	0.00230	0.00553
15	0.00775	0.01771	0.69148	0.01113	0.01623	0.00863	0.08382	0.01188	0.00834	0.01222	0.00835	0.01182	0.00668	0.00433	0.00392	0.00129	0.00559	0.08149	0.00185	0.00548
16	0.00569	0.00430	0.00620	0.00612	0.00668	0.00502	0.00465	0.00685	0.00613	0.00880	0.01040	0.01640	0.01012	0.15009	0.68809	0.00566	0.04903	0.00434	0.00210	0.00334
17	0.13366	0.03501	0.01179	0.09558	0.01348	0.33014	0.08508	0.17093	0.01103	0.03904	0.00706	0.00823	0.00544	0.00409	0.00386	0.00114	0.03402	0.00299	0.00245	0.00498
18	0.00546	0.00371	0.00441	0.00458	0.00467	0.00371	0.00275	0.00567	0.00602	0.00807	0.01386	0.18583	0.01605	0.64755	0.06858	0.00349	0.00388	0.00658	0.00257	0.00257
19	0.42140	0.15189	0.01025	0.00723	0.04195	0.01059	0.00583	0.21027	0.05383	0.04390	0.00729	0.00780	0.00557	0.00393	0.00296	0.00113	0.00358	0.00267	0.00278	0.00517
20	0.00603	0.00469	0.00612	0.06941	0.00821	0.00459	0.01273	0.04588	0.04883	0.01147	0.05659	0.56307	0.04300	0.00959	0.00454	0.00140	0.00268	0.00860	0.00338	0.08920
21	0.01056	0.61196	0.01763	0.12929	0.01268	0.14244	0.00736	0.01196	0.00834	0.00929	0.00570	0.00693	0.00501	0.00350	0.00284	0.00092	0.00473	0.00234	0.00172	0.00480
22	0.00802	0.00707	0.00782	0.00583	0.00889	0.04482	0.00461	0.00972	0.00855	0.01285	0.11247	0.01065	0.00963	0.00357	0.00312	0.00068	0.00293	0.00291	0.00253	0.73335
23	0.01080	0.64652	0.05574	0.00803	0.04319	0.13672	0.00730	0.01246	0.03081	0.00965	0.00591	0.00678	0.00521	0.00349	0.00278	0.00090	0.00462	0.00229	0.00178	0.00502
24	0.00693	0.00646	0.01052	0.73190	0.02361	0.00784	0.00964	0.00928	0.00791	0.00999	0.01156	0.01422	0.12515	0.00473	0.00398	0.00129	0.00471	0.00413	0.00199	0.00416
25	0.00801	0.03296	0.00893	0.12804	0.01173	0.00597	0.00554	0.00984	0.00799	0.01213	0.00685	0.00831	0.00564	0.00303	0.00300	0.00069	0.00324	0.00246	0.00219	0.73344
26	0.00656	0.00446	0.00531	0.00500	0.00629	0.00410	0.00378	0.00861	0.06790	0.09340	0.35559	0.09921	0.30820	0.00844	0.00450	0.00129	0.00214	0.00727	0.00401	0.00394
27	0.00723	0.00361	0.00361	0.00361	0.00452	0.00361	0.00271	0.00903	0.00813	0.01445	0.01265	0.01445	0.00994	0.00452	0.00271	0.00090	0.00181	0.00361	0.88528	0.00361
28	0.00850	0.01211	0.24771	0.10974	0.07487	0.03350	0.24236	0.01156	0.00851	0.01206	0.00718	0.00911	0.00549	0.00340	0.00379	0.00110	0.00523	0.00332	0.00191	0.19855
29	0.03908	0.08565	0.00692	0.00553	0.00615	0.03977	0.00395	0.00726	0.00634	0.00864	0.01083	0.06860	0.01181	0.45555	0.17324	0.00349	0.05686	0.00495	0.00225	0.00312
30	0.00578	0.00392	0.00558	0.00558	0.00600	0.00434	0.00404	0.00630	0.00588	0.00826	0.01009	0.01675	0.01008	0.20421	0.51528	0.17098	0.00765	0.00432	0.00206	0.00289
31	0.01067	0.13407	0.04440	0.02070	0.04034	0.34293	0.00683	0.02743	0.00947	0.04299	0.02623	0.14210	0.06276	0.00591	0.00420	0.00117	0.04514	0.02570	0.00249	0.00446
32	0.09874	0.00834	0.01011	0.00828	0.02835	0.08004	0.10316	0.07140	0.05282	0.10310	0.01002	0.01118	0.03958	0.00733	0.11279	0.00171	0.02873	0.00346	0.00271	0.21815

[dist]
# distance from previous block
# <min> <max>
5	40

[block]
# block no. 1 follows, 70 sequences, length 6
# corresponding to MSA columns:
# 279-284
name=unknown_B
#
# <colnr> <probs for GDERKNQSTAVLIFYWHMCP>
#	G	D	E	R	K	N	Q	S	T	A	V	L	I	F	Y	W	H	M	C	P
0	0.76257	0.00831	0.00654	0.00583	0.00801	0.06536	0.00476	0.01151	0.00684	0.01623	0.00541	0.00652	0.00432	0.00388	0.00329	0.00123	0.07064	0.00223	0.00232	0.00422
1	0.01185	0.06835	0.01098	0.03666	0.03010	0.17756	0.03747	0.22541	0.12392	0.07197	0.03379	0.04197	0.02404	0.00497	0.00397	0.01913	0.00438	0.00379	0.02036	0.04935
2	0.01012	0.08096	0.04068	0.02934	0.01009	0.16612	0.03499	0.15381	0.01078	0.06458	0.13171	0.13907	0.01416	0.04665	0.03272	0.00149	0.00438	0.02065	0.00307	0.00463
3	0.00723	0.00361	0.00361	0.00361	0.00452	0.00361	0.00271	0.00903	0.00813	0.01445	0.01265	0.01445	0.00994	0.00452	0.00271	0.00090	0.00181	0.00361	0.88528	0.00361
4	0.00793	0.00777	0.06667	0.00638	0.00967	0.00579	0.00550	0.00978	0.00785	0.01225	0.00696	0.00842	0.00584	0.00439	0.04360	0.00095	0.05094	0.00249	0.00221	0.73461
5	0.01049	0.10688	0.01069	0.00966	0.10476	0.36713	0.00664	0.01149	0.00875	0.00949	0.00852	0.04754	0.00849	0.17352	0.03892	0.00181	0.03940	0.02951	0.00213	0.00418

[dist]
# distance from previous block
# <min> <max>
5	7

[block]
# block no. 2 follows, 70 sequences, length 48
# corresponding to MSA columns:
# 293-340
name=unknown_C
#
# <colnr> <probs for GDERKNQSTAVLIFYWHMCP>
#	G	D	E	R	K	N	Q	S	T	A	V	L	I	F	Y	W	H	M	C	P
0	0.02761	0.00604	0.00691	0.00760	0.08903	0.05362	0.00537	0.02895	0.05756	0.05426	0.09135	0.04956	0.30738	0.00817	0.00449	0.00137	0.00309	0.19005	0.00345	0.00416
1	0.00681	0.00491	0.00582	0.00548	0.00614	0.00530	0.00378	0.08778	0.07022	0.01023	0.01173	0.02035	0.01205	0.49867	0.23049	0.00395	0.00546	0.00495	0.00255	0.00334
2	0.03749	0.00981	0.01264	0.02073	0.08691	0.08877	0.14916	0.26702	0.01120	0.01508	0.00843	0.02938	0.00722	0.08958	0.02718	0.00161	0.10484	0.00389	0.00263	0.02641
3	0.01450	0.01808	0.01102	0.00993	0.01199	0.80445	0.00748	0.05791	0.01137	0.01027	0.00617	0.00711	0.00508	0.00403	0.00352	0.00101	0.00685	0.00255	0.00210	0.00460
4	0.00942	0.00903	0.01542	0.08728	0.77745	0.00917	0.01181	0.01175	0.00875	0.01245	0.00726	0.00965	0.00607	0.00349	0.00384	0.00116	0.00465	0.00345	0.00190	0.00600
5	0.00494	0.00411	0.00459	0.00456	0.00562	0.00377	0.00341	0.00600	0.00885	0.01111	0.15438	0.12488	0.58604	0.00963	0.00505	0.00135	0.04668	0.00807	0.00360	0.00337
6	0.00549	0.00396	0.00518	0.00488	0.00579	0.00366	0.00366	0.00732	0.01097	0.01555	0.83752	0.02896	0.03658	0.00793	0.00457	0.00122	0.00183	0.00701	0.00427	0.00366
7	0.00723	0.00361	0.00361	0.00361	0.00452	0.00361	0.00271	0.00903	0.00813	0.01445	0.01265	0.01445	0.00994	0.00452	0.00271	0.00090	0.00181	0.00361	0.88528	0.00361
8	0.01019	0.00878	0.01477	0.08312	0.69838	0.00882	0.01121	0.01244	0.00897	0.09397	0.00805	0.01000	0.00641	0.00362	0.00385	0.00117	0.00452	0.00350	0.00219	0.00605
9	0.00804	0.00783	0.01103	0.00959	0.00969	0.01082	0.00794	0.00897	0.00598	0.00928	0.00588	0.00949	0.00578	0.01013	0.13811	0.00238	0.72968	0.00351	0.00175	0.00412
10	0.00673	0.00337	0.00505	0.00505	0.00505	0.00337	0.00337	0.00505	0.00505	0.00673	0.00673	0.01178	0.00673	0.01347	0.01515	0.88721	0.00337	0.00337	0.00168	0.00168
11	0.00472	0.00337	0.00450	0.00540	0.00562	0.00315	0.00360	0.00540	0.00742	0.00990	0.02137	0.86122	0.02564	0.01215	0.00495	0.00157	0.00225	0.01102	0.00360	0.00315
12	0.00772	0.00729	0.01234	0.71041	0.16764	0.00872	0.01096	0.01025	0.00794	0.01038	0.00696	0.01021	0.00534	0.00380	0.00387	0.00127	0.00507	0.00345	0.00176	0.00462
13	0.89114	0.00750	0.00570	0.00510	0.00750	0.00870	0.00420	0.01140	0.00660	0.01739	0.00540	0.00630	0.00420	0.00360	0.00240	0.00120	0.00300	0.00210	0.00240	0.00420
14	0.00472	0.00337	0.00450	0.00540	0.00562	0.00315	0.00360	0.00540	0.00742	0.00990	0.02137	0.86122	0.02564	0.01215	0.00495	0.00157	0.00225	0.01102	0.00360	0.00315
15	0.00723	0.00361	0.00361	0.00361	0.00452	0.00361	0.00271	0.00903	0.00813	0.01445	0.01265	0.01445	0.00994	0.00452	0.00271	0.00090	0.00181	0.00361	0.88528	0.00361
16	0.00960	0.00921	0.01574	0.02380	0.83957	0.00921	0.01190	0.01190	0.00883	0.01267	0.00729	0.00960	0.00614	0.00345	0.00384	0.00115	0.00461	0.00345	0.00192	0.00614
17	0.00909	0.00850	0.01431	0.02130	0.71480	0.00850	0.01105	0.01132	0.00884	0.01251	0.00928	0.01472	0.00857	0.00454	0.00407	0.00125	0.00445	0.12500	0.00217	0.00576
18	0.46137	0.01276	0.00830	0.00748	0.00970	0.40674	0.00581	0.02650	0.00887	0.01376	0.00574	0.00668	0.00461	0.00380	0.00294	0.00110	0.00491	0.00231	0.00223	0.00438
19	0.01026	0.79649	0.04913	0.00682	0.01015	0.01477	0.00686	0.03117	0.00813	0.00962	0.00589	0.02498	0.00546	0.00355	0.00262	0.00087	0.00416	0.00233	0.00175	0.00500
20	0.01024	0.12907	0.01664	0.03199	0.01444	0.10845	0.30621	0.02259	0.05166	0.05217	0.00740	0.00932	0.00595	0.00442	0.00604	0.00129	0.21141	0.00362	0.00212	0.00498
21	0.00723	0.00361	0.00361	0.00361	0.00452	0.00361	0.00271	0.00903	0.00813	0.01445	0.01265	0.01445	0.00994	0.00452	0.00271	0.00090	0.00181	0.00361	0.88528	0.00361
22	0.00830	0.19125	0.67706	0.01016	0.01540	0.01029	0.01277	0.01214	0.00812	0.01164	0.00664	0.00779	0.00492	0.00361	0.00344	0.00115	0.00541	0.00270	0.00164	0.00558
23	0.00560	0.00391	0.00498	0.00498	0.00524	0.00417	0.00328	0.00612	0.00586	0.00807	0.01153	0.02157	0.01244	0.55101	0.33022	0.00468	0.00624	0.00508	0.00225	0.00277
24	0.00472	0.00337	0.00450	0.00540	0.00562	0.00315	0.00360	0.00540	0.00742	0.00990	0.02137	0.86122	0.02564	0.01215	0.00495	0.00157	0.00225	0.01102	0.00360	0.00315
25	0.00848	0.00848	0.01187	0.01018	0.01018	0.01187	0.00848	0.00933	0.00594	0.00933	0.00509	0.00848	0.00509	0.00679	0.01272	0.00170	0.85666	0.00339	0.00170	0.00424
26	0.00778	0.02005	0.84367	0.01105	0.01678	0.00900	0.01432	0.01228	0.00818	0.01228	0.00696	0.00818	0.00491	0.00368	0.00368	0.00123	0.00573	0.00286	0.00164	0.00573
27	0.00555	0.00411	0.00603	0.00603	0.00666	0.00474	0.00460	0.00680	0.00617	0.00885	0.01056	0.01623	0.01012	0.11108	0.76697	0.00599	0.00973	0.00430	0.00210	0.00335
28	0.01448	0.01848	0.01099	0.00999	0.01199	0.84819	0.00749	0.01548	0.01099	0.00949	0.00599	0.00699	0.00499	0.00400	0.00350	0.00100	0.00699	0.00250	0.00200	0.00449
29	0.00475	0.00341	0.00446	0.00529	0.00556	0.00317	0.00353	0.00541	0.00744	0.00985	0.02198	0.79243	0.06642	0.03960	0.00541	0.00163	0.00228	0.01070	0.00356	0.00313
30	0.00848	0.00757	0.01253	0.65436	0.07865	0.00891	0.06142	0.07494	0.00884	0.03659	0.00742	0.01030	0.00552	0.00390	0.00392	0.00127	0.00509	0.00353	0.00201	0.00474
31	0.00917	0.00878	0.01498	0.17742	0.68924	0.00910	0.01169	0.01153	0.00863	0.01216	0.00722	0.00973	0.00596	0.00353	0.00385	0.00118	0.00471	0.00345	0.00188	0.00580
32	0.00612	0.00437	0.00610	0.00700	0.00783	0.00435	0.00603	0.00781	0.00880	0.01146	0.02060	0.11160	0.02259	0.01083	0.00532	0.00177	0.00346	0.74685	0.00357	0.00353
33	0.00804	0.00689	0.00804	0.00574	0.00919	0.00517	0.00459	0.00976	0.00804	0.01263	0.00689	0.00804	0.00574	0.00287	0.00287	0.00057	0.00287	0.00230	0.00230	0.88745
34	0.00778	0.02005	0.84367	0.01105	0.01678	0.00900	0.01432	0.01228	0.00818	0.01228	0.00696	0.00818	0.00491	0.00368	0.00368	0.00123	0.00573	0.00286	0.00164	0.00573
35	0.00723	0.00361	0.00361	0.00361	0.00452	0.00361	0.00271	0.00903	0.00813	0.01445	0.01265	0.01445	0.00994	0.00452	0.00271	0.00090	0.00181	0.00361	0.88528	0.00361
36	0.00882	0.00559	0.00728	0.00646	0.00801	0.00548	0.03457	0.07816	0.10224	0.16483	0.29486	0.22952	0.02261	0.00767	0.00442	0.00131	0.00271	0.00677	0.00405	0.00464
37	0.00610	0.00454	0.00564	0.00543	0.00569	0.00509	0.00368	0.00703	0.04768	0.00845	0.01130	0.02099	0.01215	0.55739	0.19563	0.00396	0.08894	0.00504	0.00231	0.00296
38	0.00559	0.00396	0.00524	0.00524	0.00559	0.00431	0.00361	0.00629	0.00594	0.00827	0.01129	0.02025	0.01187	0.44266	0.43779	0.00501	0.00710	0.00489	0.00221	0.00291
39	0.01359	0.00901	0.01132	0.00875	0.01165	0.00941	0.08694	0.40292	0.10563	0.21889	0.07131	0.01235	0.01000	0.00486	0.00401	0.00121	0.00395	0.00405	0.00395	0.00620
40	0.00952	0.00994	0.09633	0.10406	0.55302	0.00903	0.05152	0.01256	0.05492	0.04965	0.00808	0.01001	0.00638	0.00367	0.00387	0.00119	0.00472	0.00352	0.00212	0.00589
41	0.01340	0.01604	0.01088	0.00973	0.01161	0.63520	0.00744	0.05784	0.09619	0.01095	0.00709	0.00803	0.00580	0.00443	0.00447	0.00111	0.08992	0.00283	0.00227	0.00475
42	0.89114	0.00750	0.00570	0.00510	0.00750	0.00870	0.00420	0.01140	0.00660	0.01739	0.00540	0.00630	0.00420	0.00360	0.00240	0.00120	0.00300	0.00210	0.00240	0.00420
43	0.00652	0.00495	0.00677	0.00626	0.00716	0.00525	0.04714	0.04929	0.05884	0.01089	0.11085	0.02139	0.01492	0.28613	0.28901	0.00373	0.00584	0.05876	0.00273	0.00356
44	0.00723	0.00361	0.00361	0.00361	0.00452	0.00361	0.00271	0.00903	0.00813	0.01445	0.01265	0.01445	0.00994	0.00452	0.00271	0.00090	0.00181	0.00361	0.88528	0.00361
45	0.00996	0.00837	0.00913	0.00798	0.01028	0.02960	0.03082	0.01926	0.68479	0.05883	0.01495	0.03224	0.01136	0.00517	0.00392	0.00127	0.00325	0.00436	0.00379	0.05067
46	0.09578	0.00971	0.01992	0.01445	0.01801	0.00926	0.68310	0.01212	0.00886	0.03310	0.00847	0.05321	0.00681	0.00379	0.00436	0.00131	0.00589	0.00464	0.00216	0.00506
47	0.15902	0.00853	0.00863	0.00736	0.00966	0.02973	0.00586	0.30054	0.23378	0.03811	0.01330	0.09578	0.05182	0.00570	0.00380	0.00126	0.00345	0.01462	0.00358	0.00547

[dist]
# distance from previous block
# <min> <max>
0	54

[block]
# block no. 3 follows, 70 sequences, length 13
# corresponding to MSA columns:
# 395-407
name=unknown_D
#
# <colnr> <probs for GDERKNQSTAVLIFYWHMCP>
#	G	D	E	R	K	N	Q	S	T	A	V	L	I	F	Y	W	H	M	C	P
0	0.02503	0.00848	0.05539	0.00859	0.11244	0.03256	0.00630	0.05510	0.00886	0.03881	0.00728	0.00840	0.00586	0.00319	0.00313	0.00076	0.00346	0.00259	0.00237	0.61138
1	0.00833	0.20198	0.66662	0.01010	0.01531	0.01037	0.01267	0.01213	0.00812	0.01160	0.00662	0.00776	0.00492	0.00360	0.00343	0.00114	0.00539	0.00269	0.00164	0.00557
2	0.00723	0.00361	0.00361	0.00361	0.00452	0.00361	0.00271	0.00903	0.00813	0.01445	0.01265	0.01445	0.00994	0.00452	0.00271	0.00090	0.00181	0.00361	0.88528	0.00361
3	0.00698	0.00659	0.01152	0.00919	0.01135	0.00602	0.28525	0.00916	0.03839	0.01176	0.05912	0.32129	0.05288	0.00705	0.00442	0.00128	0.00381	0.00684	0.00288	0.14422
4	0.00668	0.00496	0.00679	0.00645	0.00740	0.00567	0.00502	0.10814	0.00768	0.01082	0.01035	0.01506	0.00955	0.07213	0.69830	0.00547	0.00926	0.00415	0.00231	0.00379
5	0.00694	0.00577	0.00966	0.12212	0.01187	0.00578	0.16821	0.05222	0.00852	0.04078	0.01586	0.50143	0.01736	0.00860	0.00463	0.00145	0.00364	0.00806	0.00308	0.00403
6	0.00848	0.00848	0.01187	0.01018	0.01018	0.01187	0.00848	0.00933	0.00594	0.00933	0.00509	0.00848	0.00509	0.00679	0.01272	0.00170	0.85666	0.00339	0.00170	0.00424
7	0.00515	0.00398	0.00473	0.00476	0.00582	0.00356	0.00366	0.00654	0.00961	0.01256	0.34665	0.07313	0.38772	0.00930	0.00469	0.00135	0.00212	0.10736	0.00386	0.00345
8	0.01056	0.75683	0.01944	0.00799	0.06576	0.06577	0.00704	0.01186	0.00813	0.00938	0.00555	0.00649	0.00505	0.00337	0.00264	0.00086	0.00435	0.00219	0.00170	0.00502
9	0.00876	0.00725	0.00925	0.00828	0.11188	0.00607	0.00577	0.01049	0.00818	0.05724	0.00729	0.00853	0.00596	0.00326	0.00359	0.00074	0.05046	0.00259	0.00235	0.68202
10	0.01011	0.04959	0.09028	0.01391	0.15099	0.09573	0.31090	0.07663	0.02515	0.04618	0.00938	0.05881	0.01840	0.00436	0.00411	0.00123	0.00535	0.02116	0.00237	0.00534
11	0.01310	0.06838	0.01159	0.00872	0.01143	0.12261	0.03050	0.46504	0.11907	0.04474	0.01027	0.05888	0.00811	0.00495	0.00382	0.00117	0.00439	0.00386	0.00344	0.00591
12	0.16693	0.00878	0.01382	0.07194	0.53803	0.00929	0.05535	0.01154	0.00818	0.01310	0.00681	0.00903	0.00565	0.00372	0.00422	0.00121	0.06166	0.00327	0.00198	0.00550

[dist]
# distance from previous block
# <min> <max>
0	90

[block]
# block no. 4 follows, 70 sequences, length 8
# corresponding to MSA columns:
# 498-505
name=unknown_E
#
# <colnr> <probs for GDERKNQSTAVLIFYWHMCP>
#	G	D	E	R	K	N	Q	S	T	A	V	L	I	F	Y	W	H	M	C	P
0	0.00506	0.00473	0.03779	0.05803	0.00716	0.00390	0.00405	0.00642	0.00908	0.01143	0.18448	0.06889	0.56730	0.00895	0.00452	0.00130	0.00230	0.00758	0.00353	0.00350
1	0.00943	0.00962	0.12639	0.00891	0.01271	0.00707	0.17352	0.05670	0.00912	0.08706	0.00798	0.00908	0.00605	0.00333	0.00348	0.00090	0.00413	0.00305	0.00245	0.45903
2	0.00808	0.01401	0.43271	0.05909	0.04826	0.05111	0.06467	0.01128	0.00859	0.02866	0.07119	0.07275	0.00915	0.00455	0.00383	0.00118	0.00486	0.00389	0.00217	0.09997
3	0.00723	0.00361	0.00361	0.00361	0.00452	0.00361	0.00271	0.00903	0.00813	0.01445	0.01265	0.01445	0.00994	0.00452	0.00271	0.00090	0.00181	0.00361	0.88528	0.00361
4	0.00811	0.04161	0.35572	0.02596	0.01341	0.00814	0.08622	0.05092	0.07015	0.01259	0.02126	0.05889	0.00844	0.02477	0.02248	0.02205	0.01880	0.03984	0.00229	0.10836
5	0.01214	0.25904	0.10412	0.00893	0.01190	0.30763	0.04404	0.08415	0.01012	0.07123	0.00718	0.00810	0.00571	0.00505	0.04364	0.00127	0.00568	0.00277	0.00223	0.00508
6	0.00555	0.00413	0.00609	0.00609	0.00673	0.00477	0.00467	0.00683	0.00619	0.00890	0.01051	0.01595	0.01000	0.08793	0.78996	0.00606	0.00992	0.00426	0.00210	0.00338
7	0.01054	0.07362	0.23161	0.05152	0.15290	0.19321	0.03150	0.06524	0.06109	0.04054	0.00864	0.01035	0.02068	0.00419	0.00372	0.00116	0.00523	0.02661	0.00226	0.00540

[dist]
# distance from previous block
# <min> <max>
0	1

[block]
# block no. 5 follows, 70 sequences, length 16
# corresponding to MSA columns:
# 507-522
name=unknown_F
#
# <colnr> <probs for GDERKNQSTAVLIFYWHMCP>
#	G	D	E	R	K	N	Q	S	T	A	V	L	I	F	Y	W	H	M	C	P
0	0.00740	0.00579	0.00916	0.14067	0.10022	0.00593	0.06795	0.00949	0.03192	0.06094	0.03647	0.19038	0.03073	0.00801	0.00467	0.00149	0.00379	0.27764	0.00309	0.00425
1	0.89114	0.00750	0.00570	0.00510	0.00750	0.00870	0.00420	0.01140	0.00660	0.01739	0.00540	0.00630	0.00420	0.00360	0.00240	0.00120	0.00300	0.00210	0.00240	0.00420
2	0.00563	0.00379	0.00441	0.00441	0.00448	0.00386	0.00258	0.00576	0.00569	0.00765	0.01205	0.02444	0.01369	0.78734	0.09560	0.00398	0.00437	0.00550	0.00232	0.00245
3	0.00723	0.00361	0.00361	0.00361	0.00452	0.00361	0.00271	0.00903	0.00813	0.01445	0.01265	0.01445	0.00994	0.00452	0.00271	0.00090	0.00181	0.00361	0.88528	0.00361
4	0.00891	0.00708	0.00884	0.09190	0.05134	0.01845	0.00585	0.07200	0.00891	0.06623	0.02169	0.02321	0.00727	0.01831	0.07375	0.00131	0.00399	0.00308	0.00253	0.50535
5	0.00845	0.17140	0.16890	0.03083	0.03821	0.00810	0.09132	0.02373	0.00855	0.08115	0.02338	0.21103	0.01255	0.00679	0.01681	0.00137	0.00423	0.08581	0.00268	0.00472
6	0.89114	0.00750	0.00570	0.00510	0.00750	0.00870	0.00420	0.01140	0.00660	0.01739	0.00540	0.00630	0.00420	0.00360	0.00240	0.00120	0.00300	0.00210	0.00240	0.00420
7	0.00909	0.02873	0.00888	0.00630	0.00961	0.02100	0.02191	0.04349	0.02919	0.06559	0.02115	0.00890	0.00664	0.00324	0.00307	0.00070	0.00312	0.00262	0.00256	0.70421
8	0.06406	0.04795	0.04426	0.01177	0.12309	0.21357	0.14297	0.09185	0.06473	0.12407	0.00900	0.01032	0.00688	0.00416	0.00378	0.00117	0.00510	0.02311	0.00270	0.00545
9	0.00723	0.00361	0.00361	0.00361	0.00452	0.00361	0.00271	0.00903	0.00813	0.01445	0.01265	0.01445	0.00994	0.00452	0.00271	0.00090	0.00181	0.00361	0.88528	0.00361
10	0.01010	0.00920	0.03928	0.01443	0.34544	0.04207	0.05394	0.07073	0.09139	0.06759	0.00964	0.02312	0.02637	0.00399	0.00372	0.00107	0.00415	0.00358	0.00258	0.17762
11	0.00963	0.00950	0.01230	0.21925	0.36099	0.14818	0.00955	0.02561	0.00880	0.02541	0.00786	0.01133	0.00676	0.07538	0.00525	0.00139	0.01822	0.01568	0.02391	0.00499
12	0.00787	0.00745	0.01262	0.65295	0.22388	0.00876	0.01104	0.01039	0.00801	0.01057	0.00699	0.01016	0.00540	0.00377	0.00387	0.00126	0.00503	0.00345	0.00177	0.00475
13	0.00848	0.00848	0.01187	0.01018	0.01018	0.01187	0.00848	0.00933	0.00594	0.00933	0.00509	0.00848	0.00509	0.00679	0.01272	0.00170	0.85666	0.00339	0.00170	0.00424
14	0.00545	0.00410	0.00482	0.00463	0.00576	0.00368	0.00347	0.00711	0.03125	0.03067	0.44169	0.06221	0.36358	0.00872	0.00456	0.00127	0.00196	0.00750	0.00397	0.00361
15	0.00879	0.00830	0.01305	0.37843	0.35764	0.03079	0.01060	0.05453	0.00875	0.01178	0.00761	0.04102	0.00639	0.00418	0.00427	0.00125	0.04178	0.00370	0.00199	0.00514

[dist]
# distance from previous block
# <min> <max>
1	68

[block]
# block no. 6 follows, 70 sequences, length 15
# corresponding to MSA columns:
# 591-605
name=unknown_G
#
# <colnr> <probs for GDERKNQSTAVLIFYWHMCP>
#	G	D	E	R	K	N	Q	S	T	A	V	L	I	F	Y	W	H	M	C	P
0	0.02344	0.00633	0.03748	0.08376	0.02896	0.01701	0.00545	0.04519	0.15729	0.01370	0.23922	0.03775	0.23739	0.00709	0.00426	0.00127	0.00287	0.02659	0.00350	0.02147
1	0.00558	0.00402	0.00505	0.00543	0.00629	0.00370	0.00413	0.00671	0.00840	0.03381	0.07836	0.31269	0.22989	0.03978	0.02401	0.00167	0.00274	0.19817	0.00356	0.02600
2	0.00723	0.00361	0.00361	0.00361	0.00452	0.00361	0.00271	0.00903	0.00813	0.01445	0.01265	0.01445	0.00994	0.00452	0.00271	0.00090	0.00181	0.00361	0.88528	0.00361
3	0.00841	0.00861	0.07292	0.00866	0.01230	0.00651	0.20005	0.01067	0.00837	0.03099	0.00766	0.02963	0.00629	0.00330	0.00341	0.00083	0.00394	0.00313	0.00226	0.57205
4	0.00780	0.00759	0.00931	0.30549	0.10422	0.13226	0.00771	0.00945	0.00819	0.01020	0.01147	0.23031	0.01170	0.02634	0.04947	0.00163	0.00474	0.03607	0.02194	0.00410
5	0.00561	0.00408	0.00600	0.00600	0.00660	0.00468	0.00456	0.00672	0.00612	0.00876	0.01035	0.01591	0.00991	0.09819	0.73700	0.05042	0.00948	0.00424	0.00208	0.00328
6	0.00510	0.00370	0.00487	0.00555	0.00607	0.00347	0.00406	0.00615	0.00826	0.01096	0.12215	0.53609	0.09314	0.01117	0.00495	0.00155	0.00243	0.16338	0.00367	0.00330
7	0.01033	0.00821	0.00839	0.00752	0.00950	0.07718	0.00580	0.05427	0.47808	0.11076	0.04268	0.09157	0.01284	0.02606	0.03749	0.00154	0.00366	0.00485	0.00375	0.00553
8	0.89114	0.00750	0.00570	0.00510	0.00750	0.00870	0.00420	0.01140	0.00660	0.01739	0.00540	0.00630	0.00420	0.00360	0.00240	0.00120	0.00300	0.00210	0.00240	0.00420
9	0.00564	0.00376	0.00423	0.00423	0.00423	0.00376	0.00235	0.00564	0.00564	0.00752	0.01222	0.02537	0.01409	0.86375	0.01973	0.00376	0.00376	0.00564	0.00235	0.00235
10	0.00723	0.00361	0.00361	0.00361	0.00452	0.00361	0.00271	0.00903	0.00813	0.01445	0.01265	0.01445	0.00994	0.00452	0.00271	0.00090	0.00181	0.00361	0.88528	0.00361
11	0.05901	0.00728	0.03583	0.00587	0.00926	0.00545	0.00487	0.00983	0.00795	0.01283	0.00716	0.02893	0.00611	0.00317	0.00292	0.00066	0.00296	0.00252	0.00231	0.78508
12	0.00779	0.05491	0.03015	0.01275	0.29815	0.00667	0.05956	0.00938	0.00833	0.05359	0.04099	0.35127	0.01521	0.02749	0.00465	0.00138	0.00361	0.00665	0.00281	0.00466
13	0.89114	0.00750	0.00570	0.00510	0.00750	0.00870	0.00420	0.01140	0.00660	0.01739	0.00540	0.00630	0.00420	0.00360	0.00240	0.00120	0.00300	0.00210	0.00240	0.00420
14	0.00892	0.03332	0.06275	0.21639	0.20348	0.00764	0.00852	0.02913	0.02072	0.07203	0.00826	0.02588	0.00672	0.02738	0.03100	0.00128	0.00436	0.00335	0.00227	0.22660

[dist]
# distance from previous block
# <min> <max>
3	4

[block]
# block no. 7 follows, 70 sequences, length 7
# corresponding to MSA columns:
# 610-616
name=unknown_H
#
# <colnr> <probs for GDERKNQSTAVLIFYWHMCP>
#	G	D	E	R	K	N	Q	S	T	A	V	L	I	F	Y	W	H	M	C	P
0	0.10952	0.04182	0.00807	0.00724	0.02524	0.05212	0.06201	0.03775	0.00776	0.01109	0.01234	0.14838	0.01302	0.12346	0.09357	0.07283	0.02338	0.14412	0.00263	0.00366
1	0.05425	0.03203	0.26570	0.00882	0.01243	0.00857	0.04662	0.09477	0.17062	0.21067	0.04845	0.01161	0.00898	0.00451	0.00379	0.00122	0.00418	0.00368	0.00322	0.00589
2	0.00848	0.00848	0.01187	0.01018	0.01018	0.01187	0.00848	0.00933	0.00594	0.00933	0.00509	0.00848	0.00509	0.00679	0.01272	0.00170	0.85666	0.00339	0.00170	0.00424
3	0.00763	0.00649	0.00757	0.00556	0.00869	0.00494	0.00442	0.00931	0.00830	0.01269	0.06685	0.01145	0.06335	0.00369	0.00310	0.00067	0.00274	0.00302	0.00252	0.76703
4	0.10407	0.00917	0.04613	0.06623	0.31966	0.02372	0.09339	0.07858	0.04787	0.04855	0.02728	0.01026	0.00705	0.02093	0.00401	0.00120	0.00437	0.00348	0.00242	0.08163
5	0.00645	0.00424	0.00513	0.00502	0.00529	0.00441	0.00322	0.00701	0.03919	0.04724	0.01276	0.11175	0.01402	0.57971	0.04272	0.05716	0.04345	0.00579	0.00258	0.00287
6	0.02101	0.16387	0.06279	0.03543	0.05181	0.09108	0.00618	0.01020	0.06266	0.02411	0.12422	0.16092	0.04777	0.00763	0.03833	0.04283	0.00393	0.01931	0.00275	0.02318

[dist]
# distance from previous block
# <min> <max>
3	12

[block]
# block no. 8 follows, 70 sequences, length 19
# corresponding to MSA columns:
# 629-647
name=unknown_I
#
# <colnr> <probs for GDERKNQSTAVLIFYWHMCP>
#	G	D	E	R	K	N	Q	S	T	A	V	L	I	F	Y	W	H	M	C	P
0	0.04498	0.00853	0.03150	0.23751	0.29855	0.06408	0.00926	0.03936	0.04094	0.01174	0.00799	0.01104	0.00673	0.04906	0.10293	0.00191	0.01427	0.00353	0.00207	0.01401
1	0.00545	0.00425	0.02879	0.00575	0.00640	0.00378	0.00434	0.00656	0.01587	0.02455	0.03692	0.50780	0.07371	0.07705	0.03560	0.00190	0.00298	0.15152	0.00343	0.00335
2	0.02509	0.00699	0.01137	0.61303	0.14416	0.00824	0.00998	0.01012	0.03132	0.01061	0.00906	0.03582	0.04402	0.00452	0.00410	0.01648	0.00472	0.00388	0.00197	0.00450
3	0.00465	0.00393	0.00403	0.00400	0.00528	0.00330	0.00300	0.00570	0.00900	0.01087	0.10190	0.03665	0.77512	0.00967	0.00458	0.00130	0.00195	0.00809	0.00365	0.00330
4	0.00889	0.00901	0.07854	0.28351	0.43328	0.00868	0.01101	0.01160	0.02980	0.04458	0.02308	0.01063	0.00673	0.01952	0.00415	0.00126	0.00471	0.00355	0.00205	0.00543
5	0.00956	0.00803	0.00997	0.05036	0.12529	0.03123	0.00674	0.11154	0.08076	0.04782	0.00914	0.06504	0.00779	0.00445	0.00424	0.00102	0.07048	0.00357	0.00269	0.35028
6	0.01046	0.72506	0.01934	0.00884	0.10921	0.05254	0.00730	0.01182	0.00813	0.00956	0.00564	0.00666	0.00512	0.00336	0.00269	0.00088	0.00433	0.00226	0.00170	0.00509
7	0.05016	0.07829	0.24162	0.13671	0.01462	0.07282	0.03716	0.04162	0.06406	0.01236	0.00746	0.00890	0.00579	0.00443	0.02768	0.00121	0.01364	0.00294	0.00210	0.17643
8	0.00830	0.09906	0.30611	0.00990	0.07039	0.00815	0.07487	0.01126	0.03840	0.05978	0.03707	0.11868	0.05456	0.00526	0.00403	0.00120	0.02178	0.00450	0.00243	0.06425
9	0.00720	0.04501	0.04118	0.06284	0.04256	0.02595	0.00513	0.00894	0.03877	0.09668	0.07333	0.10707	0.39675	0.00830	0.02182	0.00138	0.00304	0.00658	0.00334	0.00413
10	0.00930	0.03953	0.04614	0.05879	0.16128	0.19044	0.04630	0.01120	0.03241	0.05707	0.03974	0.08114	0.18838	0.00593	0.00413	0.00121	0.01470	0.00498	0.00268	0.00466
11	0.13396	0.00898	0.05784	0.04386	0.07694	0.05409	0.04544	0.05535	0.21865	0.13011	0.03735	0.01338	0.02457	0.00481	0.00375	0.00123	0.00385	0.04238	0.00318	0.04027
12	0.03665	0.03511	0.19245	0.15101	0.18386	0.00888	0.08640	0.01268	0.07308	0.09145	0.00858	0.01025	0.00650	0.00521	0.04513	0.00148	0.04010	0.00350	0.00227	0.00541
13	0.00973	0.12069	0.02742	0.11417	0.29623	0.00927	0.01740	0.07390	0.07368	0.06053	0.00889	0.04753	0.00746	0.00523	0.02450	0.03626	0.02002	0.00367	0.00241	0.04100
14	0.00886	0.00917	0.13796	0.07553	0.16241	0.00769	0.04978	0.14127	0.02909	0.04642	0.06216	0.15868	0.02797	0.00615	0.00421	0.00131	0.00409	0.05924	0.00291	0.00510
15	0.02589	0.22932	0.14299	0.00928	0.09320	0.03577	0.00793	0.05201	0.07456	0.09946	0.04417	0.03625	0.04211	0.00508	0.00390	0.00118	0.02911	0.05986	0.00269	0.00523
16	0.02577	0.04256	0.23304	0.05286	0.13269	0.06913	0.03450	0.02611	0.00904	0.07967	0.08523	0.09631	0.01140	0.00539	0.00412	0.00125	0.01945	0.04740	0.00258	0.02151
17	0.04999	0.04251	0.40092	0.06431	0.07927	0.05011	0.04780	0.04503	0.00895	0.07688	0.02755	0.06090	0.00747	0.00438	0.00375	0.00121	0.00494	0.00363	0.00226	0.01813
18	0.02826	0.01100	0.18831	0.03165	0.32862	0.05112	0.00992	0.04998	0.04527	0.10204	0.03771	0.08057	0.00904	0.00469	0.00389	0.00121	0.00443	0.00409	0.00257	0.00563

[dist]
# distance from previous block
# <min> <max>
3	88

# created by:
# /st0/software/busco_prod/Augustus/scripts/msa2prfl.pl ./align_prep/17426.fa
