[name]
unknown

[dist]
# distance from previous block
# <min> <max>
0	58

[block]
# block no. 0 follows, 65 sequences, length 34
# corresponding to MSA columns:
# 58-91
name=unknown_A
#
# <colnr> <probs for GDERKNQSTAVLIFYWHMCP>
#	G	D	E	R	K	N	Q	S	T	A	V	L	I	F	Y	W	H	M	C	P
0	0.05231	0.00751	0.01050	0.07330	0.03495	0.00797	0.08561	0.12680	0.05320	0.08513	0.03650	0.05248	0.04736	0.01051	0.16715	0.00234	0.05389	0.01723	0.00303	0.07223
1	0.00975	0.00880	0.01101	0.12188	0.12431	0.10240	0.06425	0.11627	0.08268	0.01310	0.01153	0.10847	0.03590	0.02877	0.02153	0.12224	0.00473	0.00485	0.00272	0.00478
2	0.00894	0.00595	0.00709	0.00596	0.00819	0.00520	0.00460	0.01138	0.08626	0.14829	0.11660	0.11171	0.13804	0.02903	0.00453	0.00121	0.00278	0.00562	0.02529	0.27334
3	0.00721	0.00598	0.00868	0.18369	0.12180	0.00642	0.00684	0.02813	0.02751	0.02052	0.12531	0.11161	0.12268	0.08945	0.06200	0.01772	0.03322	0.01403	0.00294	0.00426
4	0.07029	0.00839	0.01349	0.14826	0.29906	0.02129	0.12688	0.03547	0.00972	0.02645	0.11713	0.01535	0.08061	0.00497	0.00424	0.00129	0.00454	0.00464	0.00263	0.00530
5	0.00621	0.00447	0.00535	0.00528	0.00640	0.00417	0.00393	0.00817	0.05828	0.04671	0.29468	0.17549	0.27443	0.02674	0.02419	0.00157	0.00249	0.02773	0.01981	0.00390
6	0.02043	0.00523	0.00621	0.00599	0.00715	0.00490	0.00434	0.02448	0.05076	0.08194	0.30016	0.21503	0.13268	0.07945	0.00635	0.00174	0.00276	0.00793	0.03804	0.00443
7	0.00705	0.00620	0.00943	0.34803	0.08849	0.00700	0.00790	0.00928	0.03172	0.01192	0.15214	0.13805	0.09260	0.02665	0.00529	0.00147	0.04360	0.00599	0.00285	0.00434
8	0.05161	0.00737	0.00807	0.00699	0.00927	0.02209	0.00542	0.03777	0.31096	0.11654	0.03459	0.12367	0.01288	0.01969	0.00423	0.00127	0.00314	0.00496	0.05367	0.16583
9	0.04792	0.00526	0.00627	0.00570	0.00719	0.00495	0.00424	0.03823	0.03480	0.18662	0.16269	0.16033	0.16523	0.13022	0.00689	0.00174	0.00286	0.00691	0.00396	0.01799
10	0.00757	0.00457	0.00557	0.00538	0.00643	0.00420	0.00382	0.02730	0.00911	0.13693	0.12199	0.25402	0.19784	0.18662	0.00818	0.00197	0.00282	0.00796	0.00382	0.00390
11	0.01104	0.00772	0.00849	0.00724	0.00931	0.03425	0.00575	0.32279	0.01367	0.09764	0.15001	0.13219	0.09954	0.00741	0.00447	0.00134	0.00343	0.04348	0.03496	0.00529
12	0.08160	0.00487	0.00537	0.00523	0.00658	0.00464	0.00396	0.00859	0.06040	0.05194	0.21607	0.12728	0.34636	0.02283	0.00491	0.00144	0.00241	0.03762	0.00393	0.00398
13	0.00665	0.00488	0.00563	0.00534	0.00654	0.01771	0.00385	0.00813	0.03873	0.04977	0.21260	0.18090	0.19974	0.13353	0.00720	0.01516	0.00269	0.00739	0.00366	0.08988
14	0.00637	0.00478	0.00555	0.00542	0.00658	0.00458	0.00407	0.02856	0.07343	0.02941	0.22796	0.07696	0.30148	0.10724	0.02665	0.00184	0.00283	0.07857	0.00386	0.00388
15	0.00684	0.00435	0.00499	0.00483	0.00510	0.00434	0.00291	0.02950	0.00671	0.04739	0.01324	0.02630	0.01471	0.76906	0.01922	0.00372	0.00397	0.02726	0.00269	0.00286
16	0.00614	0.00434	0.00510	0.00512	0.00612	0.00398	0.00368	0.00759	0.03896	0.05492	0.18364	0.21556	0.31129	0.11227	0.00683	0.00175	0.00250	0.02263	0.00387	0.00370
17	0.00830	0.00847	0.08281	0.00917	0.01139	0.03810	0.18392	0.06886	0.06162	0.03304	0.04779	0.24962	0.07214	0.07739	0.00599	0.00163	0.00421	0.00683	0.02409	0.00464
18	0.65292	0.06074	0.00753	0.00589	0.00842	0.03143	0.00487	0.04259	0.02345	0.05733	0.04548	0.00867	0.00681	0.00418	0.00286	0.00123	0.00334	0.00271	0.02484	0.00472
19	0.00966	0.00537	0.00601	0.00531	0.00692	0.00532	0.00414	0.09525	0.04587	0.13354	0.12025	0.01857	0.08344	0.00581	0.00366	0.00113	0.00249	0.00476	0.43779	0.00470
20	0.00563	0.00402	0.00501	0.00542	0.00601	0.00378	0.00374	0.00682	0.03043	0.02542	0.14624	0.46717	0.12830	0.11530	0.00702	0.00185	0.00255	0.02803	0.00379	0.00349
21	0.02996	0.00817	0.00910	0.00746	0.00981	0.00867	0.00598	0.37697	0.06515	0.12514	0.09015	0.03813	0.02442	0.04901	0.00494	0.00139	0.00358	0.02702	0.10917	0.00576
22	0.00507	0.00416	0.00449	0.00467	0.00581	0.00365	0.00340	0.00637	0.03355	0.01126	0.05555	0.22947	0.59662	0.01078	0.00492	0.00145	0.00218	0.00922	0.00384	0.00354
23	0.00635	0.00473	0.00611	0.06708	0.00813	0.00467	0.00464	0.01709	0.05815	0.02906	0.42391	0.16567	0.11410	0.03273	0.00528	0.00147	0.00255	0.04026	0.00403	0.00399
24	0.05704	0.00523	0.00598	0.00568	0.00678	0.00524	0.00409	0.06725	0.05764	0.06839	0.13135	0.17063	0.11734	0.23334	0.00912	0.01775	0.00309	0.02654	0.00358	0.00395
25	0.00997	0.02502	0.00995	0.00838	0.01039	0.03269	0.05236	0.14837	0.28384	0.03461	0.01561	0.07558	0.06980	0.02573	0.07507	0.00189	0.05791	0.03700	0.02044	0.00542
26	0.00966	0.01097	0.02367	0.01699	0.02095	0.01048	0.77730	0.01299	0.00953	0.01299	0.00817	0.01097	0.00619	0.00364	0.00525	0.00140	0.04650	0.00479	0.00206	0.00549
27	0.02271	0.00478	0.02213	0.02045	0.00684	0.00441	0.00421	0.00824	0.02149	0.07447	0.16174	0.16015	0.11167	0.17814	0.04442	0.04852	0.00331	0.04922	0.04942	0.00368
28	0.00638	0.00485	0.00563	0.00551	0.00665	0.00466	0.00403	0.06607	0.05224	0.01337	0.19238	0.25816	0.24606	0.05274	0.02172	0.00164	0.00266	0.00820	0.01973	0.02733
29	0.24223	0.00617	0.00647	0.00581	0.00769	0.00638	0.00458	0.03425	0.08106	0.12011	0.18512	0.02173	0.16008	0.04536	0.02728	0.00159	0.00308	0.03271	0.00372	0.00460
30	0.02639	0.02156	0.01038	0.03296	0.23946	0.12211	0.02909	0.01087	0.05125	0.02005	0.03583	0.21291	0.05961	0.01817	0.02495	0.03465	0.00433	0.01728	0.02340	0.00474
31	0.00721	0.00538	0.00636	0.00617	0.00722	0.01814	0.00454	0.02379	0.10759	0.04353	0.09624	0.24531	0.09643	0.11651	0.05310	0.02182	0.03606	0.03785	0.02120	0.04556
32	0.00593	0.00431	0.00517	0.02628	0.00639	0.00417	0.00375	0.01966	0.03444	0.01197	0.18381	0.23630	0.16716	0.19945	0.00840	0.00200	0.00274	0.02403	0.05054	0.00350
33	0.01820	0.00460	0.00583	0.00614	0.02592	0.00477	0.00413	0.03954	0.03232	0.01052	0.03047	0.25202	0.04818	0.27306	0.19443	0.03146	0.00497	0.00702	0.00296	0.00345

[dist]
# distance from previous block
# <min> <max>
0	6

[block]
# block no. 1 follows, 65 sequences, length 31
# corresponding to MSA columns:
# 115-142,144-146
name=unknown_B
#
# <colnr> <probs for GDERKNQSTAVLIFYWHMCP>
#	G	D	E	R	K	N	Q	S	T	A	V	L	I	F	Y	W	H	M	C	P
0	0.08616	0.08140	0.01226	0.07477	0.07175	0.18947	0.05946	0.12821	0.04157	0.03405	0.02413	0.01102	0.00753	0.05976	0.04168	0.01504	0.03725	0.00355	0.00259	0.01835
1	0.02840	0.17190	0.02381	0.02849	0.03458	0.34527	0.00763	0.18399	0.01189	0.01362	0.00865	0.03851	0.02895	0.02206	0.00437	0.00119	0.03547	0.00341	0.00257	0.00524
2	0.02460	0.02415	0.04196	0.06969	0.08876	0.00733	0.03743	0.06969	0.03760	0.09530	0.06016	0.03018	0.00920	0.00422	0.00368	0.00100	0.00375	0.00359	0.00290	0.38479
3	0.02623	0.07966	0.09553	0.04650	0.02962	0.02837	0.03151	0.06078	0.03131	0.10130	0.08693	0.07492	0.11136	0.00687	0.02198	0.00139	0.03244	0.04567	0.00317	0.08448
4	0.02022	0.00745	0.03904	0.14274	0.08426	0.02238	0.07797	0.02989	0.07408	0.06748	0.06452	0.11741	0.05520	0.04284	0.09189	0.02588	0.02363	0.00545	0.00291	0.00474
5	0.00818	0.00702	0.01113	0.24784	0.16045	0.00762	0.06130	0.03053	0.07044	0.02678	0.04201	0.09173	0.03262	0.04489	0.08069	0.04681	0.00504	0.01759	0.00260	0.00473
6	0.00940	0.01007	0.01919	0.05274	0.10678	0.02767	0.48190	0.01247	0.03576	0.01278	0.04994	0.01190	0.00807	0.00507	0.02843	0.00155	0.11416	0.00457	0.00222	0.00534
7	0.04540	0.00797	0.02572	0.07590	0.09072	0.02512	0.03000	0.09606	0.08084	0.20575	0.07011	0.10490	0.04944	0.00657	0.01738	0.00144	0.05240	0.00516	0.00358	0.00554
8	0.06072	0.00499	0.00652	0.00648	0.02139	0.00529	0.01549	0.00785	0.00804	0.02866	0.12615	0.12207	0.09931	0.05460	0.04733	0.15604	0.08806	0.08185	0.05562	0.00354
9	0.00553	0.00403	0.00500	0.00545	0.00623	0.00371	0.00398	0.00658	0.00872	0.02666	0.08614	0.38397	0.25966	0.04510	0.03162	0.00182	0.00278	0.10572	0.00378	0.00351
10	0.04846	0.37022	0.05751	0.00871	0.01177	0.31784	0.00770	0.08042	0.01055	0.04302	0.00677	0.00755	0.00557	0.00398	0.00327	0.00103	0.00551	0.00260	0.00224	0.00529
11	0.00795	0.02414	0.03341	0.09259	0.03693	0.03254	0.04275	0.05981	0.02577	0.03595	0.01332	0.17251	0.03251	0.14949	0.15114	0.00275	0.05825	0.02118	0.00276	0.00423
12	0.01113	0.00928	0.00980	0.00854	0.01103	0.01064	0.00672	0.15786	0.68517	0.01866	0.01553	0.01438	0.01158	0.00546	0.00416	0.00136	0.00347	0.00448	0.00416	0.00658
13	0.01002	0.00994	0.03688	0.05704	0.77843	0.00972	0.01261	0.01253	0.00929	0.01329	0.00770	0.01015	0.00643	0.00368	0.00406	0.00123	0.00493	0.00364	0.00202	0.00642
14	0.00996	0.03056	0.05077	0.12421	0.37785	0.06461	0.07381	0.03121	0.10685	0.01330	0.03299	0.01165	0.00807	0.02731	0.00471	0.00134	0.01871	0.00391	0.00238	0.00580
15	0.02510	0.01022	0.01267	0.02952	0.03948	0.09846	0.10380	0.20118	0.04985	0.09464	0.01018	0.05804	0.01872	0.00638	0.02901	0.00155	0.19837	0.00429	0.00301	0.00553
16	0.00597	0.00398	0.00448	0.00448	0.00448	0.00398	0.00249	0.00597	0.00597	0.00796	0.01293	0.02686	0.01492	0.85574	0.02089	0.00398	0.00398	0.00597	0.00249	0.00249
17	0.02942	0.00420	0.00462	0.00463	0.00581	0.00371	0.00343	0.00651	0.00968	0.01258	0.23768	0.13416	0.50916	0.01000	0.00483	0.00139	0.00211	0.00853	0.00396	0.00358
18	0.00748	0.02193	0.00743	0.00647	0.00803	0.00548	0.05793	0.07191	0.05089	0.05485	0.18163	0.18237	0.23925	0.00873	0.00469	0.00139	0.00285	0.03871	0.04366	0.00432
19	0.03969	0.00396	0.00496	0.00564	0.00616	0.00378	0.00390	0.00651	0.02297	0.01154	0.09743	0.66060	0.07786	0.01177	0.00506	0.00160	0.00240	0.02684	0.00383	0.00350
20	0.00513	0.00374	0.00478	0.00554	0.00596	0.00346	0.00380	0.00593	0.00811	0.01063	0.03957	0.65020	0.12970	0.05486	0.00599	0.00175	0.00249	0.05126	0.00376	0.00334
21	0.06777	0.00683	0.00744	0.00674	0.00863	0.00727	0.00526	0.08247	0.29629	0.06181	0.15486	0.07385	0.15904	0.00735	0.00441	0.00138	0.00291	0.03647	0.00407	0.00517
22	0.04868	0.00721	0.00779	0.00687	0.00858	0.00789	0.00514	0.13981	0.29421	0.06762	0.01385	0.03519	0.01201	0.25479	0.02628	0.00220	0.00375	0.00484	0.04821	0.00508
23	0.00535	0.00419	0.00475	0.00487	0.00597	0.00374	0.00363	0.00681	0.02627	0.01239	0.19722	0.16703	0.45745	0.01017	0.00489	0.00143	0.00221	0.04990	0.02813	0.00362
24	0.00738	0.00568	0.00653	0.00646	0.00759	0.00603	0.00469	0.01203	0.30141	0.02805	0.08412	0.29286	0.05780	0.11489	0.00698	0.02008	0.00292	0.02625	0.00381	0.00446
25	0.02629	0.01820	0.02890	0.11374	0.06041	0.05968	0.09853	0.24193	0.11434	0.11198	0.01022	0.01106	0.00749	0.00475	0.00477	0.00131	0.06327	0.00387	0.01323	0.00602
26	0.00615	0.00429	0.00507	0.00505	0.00600	0.00394	0.00363	0.00711	0.01963	0.05310	0.13820	0.17258	0.35791	0.10274	0.00758	0.06598	0.01532	0.01856	0.00365	0.00351
27	0.00794	0.00533	0.00606	0.00561	0.00691	0.03628	0.00418	0.00993	0.05585	0.12197	0.36192	0.08794	0.15388	0.08595	0.00612	0.00157	0.00267	0.00693	0.02874	0.00423
28	0.01562	0.01093	0.01041	0.00853	0.01131	0.19055	0.00681	0.20858	0.11688	0.32597	0.01249	0.01177	0.00865	0.00491	0.00399	0.00122	0.00450	0.00375	0.03680	0.00632
29	0.00925	0.00804	0.00959	0.04336	0.05817	0.02404	0.00597	0.07000	0.00935	0.01402	0.00744	0.00880	0.00611	0.00338	0.00349	0.00076	0.02364	0.00268	0.00248	0.68942
30	0.01272	0.04087	0.01051	0.00854	0.03095	0.04202	0.00671	0.37617	0.22374	0.04729	0.01206	0.01206	0.00894	0.00497	0.00386	0.00121	0.00385	0.00388	0.14346	0.00619

[dist]
# distance from previous block
# <min> <max>
0	2

[block]
# block no. 2 follows, 65 sequences, length 8
# corresponding to MSA columns:
# 149-156
name=unknown_C
#
# <colnr> <probs for GDERKNQSTAVLIFYWHMCP>
#	G	D	E	R	K	N	Q	S	T	A	V	L	I	F	Y	W	H	M	C	P
0	0.04100	0.03937	0.06550	0.03840	0.32861	0.09545	0.05143	0.06186	0.08320	0.05973	0.00879	0.01037	0.00695	0.00509	0.02903	0.00143	0.06177	0.00361	0.00250	0.00592
1	0.00537	0.00413	0.00484	0.00493	0.00592	0.00370	0.00365	0.00664	0.00965	0.01254	0.27653	0.13599	0.37574	0.06558	0.00601	0.00160	0.00232	0.06738	0.00394	0.00353
2	0.00950	0.00874	0.07587	0.39309	0.07439	0.02541	0.00957	0.08938	0.01003	0.08756	0.06954	0.03485	0.05785	0.00522	0.00450	0.00134	0.03093	0.00439	0.00271	0.00512
3	0.00515	0.00410	0.00463	0.00465	0.00577	0.00357	0.00343	0.00642	0.00984	0.01261	0.27237	0.13598	0.49677	0.01010	0.00490	0.00139	0.00207	0.00866	0.00402	0.00357
4	0.01110	0.00901	0.00957	0.00828	0.01070	0.01024	0.00653	0.19541	0.57873	0.01898	0.05133	0.01480	0.01240	0.00552	0.00414	0.00134	0.00342	0.00453	0.03759	0.00638
5	0.05556	0.00697	0.00799	0.02326	0.00897	0.00798	0.00564	0.07055	0.27038	0.01418	0.07521	0.03400	0.10267	0.09438	0.08793	0.02255	0.09849	0.00517	0.00333	0.00479
6	0.01078	0.60765	0.09347	0.04049	0.01201	0.05059	0.00783	0.04516	0.00897	0.01098	0.00625	0.00727	0.00541	0.00362	0.00295	0.00094	0.00461	0.00243	0.00192	0.07667
7	0.03037	0.06424	0.11419	0.01128	0.11978	0.23685	0.00873	0.09668	0.05483	0.09018	0.02585	0.01012	0.00740	0.00557	0.04087	0.00141	0.02881	0.00334	0.00270	0.04681

[dist]
# distance from previous block
# <min> <max>
10	23

[block]
# block no. 3 follows, 65 sequences, length 45
# corresponding to MSA columns:
# 182-226
name=unknown_D
#
# <colnr> <probs for GDERKNQSTAVLIFYWHMCP>
#	G	D	E	R	K	N	Q	S	T	A	V	L	I	F	Y	W	H	M	C	P
0	0.52119	0.04333	0.05410	0.03452	0.07955	0.11151	0.01905	0.02404	0.01990	0.01586	0.01834	0.01831	0.01752	0.00415	0.00312	0.00124	0.00415	0.00285	0.00245	0.00483
1	0.08011	0.02066	0.00994	0.23730	0.05601	0.12189	0.01582	0.01133	0.07322	0.01196	0.04457	0.11219	0.04293	0.02976	0.02482	0.00158	0.06568	0.03307	0.00263	0.00453
2	0.00597	0.00421	0.00511	0.00537	0.00624	0.00385	0.00382	0.03170	0.00922	0.04698	0.12167	0.45009	0.25519	0.02413	0.00524	0.00155	0.00238	0.00966	0.00394	0.00369
3	0.00884	0.00828	0.07016	0.09470	0.12477	0.00809	0.00786	0.13946	0.03121	0.02569	0.06627	0.13737	0.11205	0.00698	0.00540	0.00140	0.09644	0.01781	0.03221	0.00501
4	0.01366	0.00979	0.01071	0.00868	0.01146	0.01074	0.00700	0.48992	0.20692	0.09273	0.01312	0.08432	0.01031	0.00578	0.00422	0.00131	0.00394	0.00464	0.00418	0.00655
5	0.01906	0.00928	0.01128	0.04679	0.16043	0.08906	0.03623	0.16312	0.05894	0.04668	0.04581	0.04644	0.07371	0.03953	0.02468	0.00157	0.08178	0.03719	0.00305	0.00533
6	0.00654	0.00453	0.00587	0.00635	0.00688	0.00420	0.01659	0.00717	0.00854	0.03582	0.06217	0.57421	0.03777	0.13359	0.00775	0.00210	0.00305	0.06914	0.00390	0.00381
7	0.03350	0.11444	0.07136	0.06267	0.15859	0.04960	0.06883	0.10481	0.05309	0.06226	0.01041	0.04705	0.02997	0.00463	0.00383	0.00118	0.00449	0.00393	0.05195	0.06342
8	0.02384	0.10530	0.04532	0.12794	0.04604	0.05066	0.05574	0.09759	0.03501	0.04264	0.00789	0.00935	0.00623	0.00399	0.00415	0.00106	0.05427	0.00313	0.00248	0.27735
9	0.04372	0.02619	0.01360	0.05914	0.15402	0.42500	0.08292	0.04791	0.01054	0.01196	0.00697	0.00872	0.00573	0.00429	0.00456	0.00120	0.06855	0.00319	0.01661	0.00517
10	0.01600	0.00993	0.01124	0.00872	0.01189	0.01053	0.00717	0.51382	0.08334	0.26539	0.01231	0.01153	0.00839	0.00503	0.00412	0.00126	0.00411	0.00390	0.00440	0.00694
11	0.00537	0.00415	0.00489	0.00477	0.00588	0.00368	0.00355	0.00687	0.01049	0.01392	0.45880	0.07434	0.36960	0.00945	0.00486	0.00135	0.00202	0.00815	0.00419	0.00368
12	0.00681	0.00470	0.00565	0.00564	0.00669	0.00450	0.00417	0.03111	0.06372	0.05915	0.13418	0.22809	0.22607	0.08356	0.00686	0.04620	0.00274	0.07250	0.00379	0.00385
13	0.00498	0.00417	0.00429	0.00429	0.00560	0.00353	0.00321	0.00605	0.00936	0.01129	0.08172	0.03873	0.74121	0.04019	0.00544	0.00148	0.00217	0.02504	0.00380	0.00346
14	0.06269	0.00840	0.00975	0.00762	0.01054	0.00851	0.00626	0.32330	0.01402	0.38538	0.01288	0.01216	0.00868	0.00492	0.00389	0.00122	0.00368	0.00382	0.10580	0.00648
15	0.01533	0.01956	0.01163	0.01058	0.01269	0.83926	0.00793	0.01639	0.01163	0.01005	0.00635	0.00740	0.00529	0.00423	0.00370	0.00106	0.00740	0.00264	0.00212	0.00476
16	0.00898	0.00898	0.01257	0.01078	0.01078	0.01257	0.00898	0.00988	0.00629	0.00988	0.00539	0.00898	0.00539	0.00718	0.01347	0.00180	0.84823	0.00359	0.00180	0.00449
17	0.00969	0.01107	0.02422	0.01730	0.02145	0.01038	0.81522	0.01315	0.00969	0.01315	0.00830	0.01107	0.00623	0.00346	0.00484	0.00138	0.00692	0.00484	0.00208	0.00554
18	0.00486	0.00412	0.00420	0.00427	0.00557	0.00346	0.00317	0.00588	0.00925	0.01104	0.04021	0.09852	0.77034	0.01057	0.00488	0.00141	0.00210	0.00888	0.00381	0.00346
19	0.00586	0.00440	0.00660	0.00660	0.00733	0.00513	0.00513	0.00733	0.00660	0.00953	0.01100	0.01613	0.01026	0.03079	0.83947	0.00660	0.01100	0.00440	0.00220	0.00367
20	0.01054	0.00894	0.00942	0.00835	0.01073	0.01027	0.00653	0.08773	0.73730	0.01776	0.01670	0.01541	0.03053	0.00562	0.00419	0.00138	0.00333	0.00465	0.00416	0.00647
21	0.01097	0.85821	0.02151	0.00702	0.01054	0.01624	0.00702	0.01229	0.00834	0.00966	0.00571	0.00658	0.00527	0.00351	0.00263	0.00088	0.00439	0.00219	0.00176	0.00527
22	0.00713	0.00357	0.00535	0.00535	0.00535	0.00357	0.00357	0.00535	0.00535	0.00713	0.00713	0.01248	0.00713	0.01426	0.01604	0.88057	0.00357	0.00357	0.00178	0.00178
23	0.00568	0.00405	0.00503	0.00516	0.00600	0.00367	0.00369	0.00693	0.00966	0.03480	0.33752	0.30668	0.19999	0.04507	0.00562	0.00155	0.00224	0.00896	0.00406	0.00363
24	0.00593	0.00406	0.00495	0.00497	0.00513	0.00422	0.00309	0.00626	0.00615	0.00836	0.01272	0.04224	0.01417	0.65729	0.19954	0.00450	0.00548	0.00575	0.00245	0.00276
25	0.00528	0.00381	0.00511	0.00592	0.00623	0.00369	0.00411	0.00605	0.00798	0.01067	0.04356	0.72715	0.03788	0.01249	0.00571	0.02161	0.02491	0.06074	0.00373	0.00337
26	0.00713	0.00357	0.00535	0.00535	0.00535	0.00357	0.00357	0.00535	0.00535	0.00713	0.00713	0.01248	0.00713	0.01426	0.01604	0.88057	0.00357	0.00357	0.00178	0.00178
27	0.00672	0.00373	0.00516	0.00516	0.00519	0.00377	0.00333	0.00564	0.00560	0.00751	0.00906	0.01695	0.00962	0.26559	0.06161	0.57284	0.00409	0.00433	0.00201	0.00209
28	0.00521	0.00373	0.00473	0.00544	0.00584	0.00348	0.00369	0.00600	0.00804	0.01068	0.04848	0.62035	0.11227	0.08676	0.00653	0.00182	0.00251	0.03661	0.02450	0.00332
29	0.03579	0.00825	0.00947	0.00773	0.01048	0.03920	0.00622	0.12228	0.19751	0.43431	0.01504	0.04626	0.01065	0.00541	0.00409	0.00129	0.00362	0.00437	0.03155	0.00649
30	0.00637	0.00486	0.00726	0.00693	0.00782	0.00550	0.03367	0.03891	0.00719	0.01021	0.01125	0.03597	0.01069	0.08207	0.70468	0.00592	0.00994	0.00466	0.00233	0.00378
31	0.00926	0.00753	0.00811	0.00748	0.00946	0.00842	0.00577	0.01793	0.59322	0.03934	0.03345	0.09235	0.08766	0.00678	0.00433	0.00141	0.00302	0.02368	0.03504	0.00576
32	0.15577	0.01078	0.01045	0.00836	0.01134	0.12162	0.00680	0.36160	0.01422	0.24354	0.01045	0.01014	0.00722	0.00470	0.00381	0.00123	0.00441	0.00344	0.00385	0.00628
33	0.13275	0.18297	0.05352	0.13867	0.11525	0.23983	0.02976	0.01339	0.02666	0.01199	0.00676	0.00836	0.00552	0.00397	0.00360	0.00115	0.01576	0.00290	0.00207	0.00512
34	0.00566	0.00404	0.00534	0.02038	0.01973	0.00396	0.00411	0.00669	0.00838	0.01162	0.14795	0.52437	0.02549	0.08479	0.00654	0.00176	0.02173	0.03065	0.06334	0.00349
35	0.22533	0.00813	0.00930	0.00735	0.01031	0.00825	0.00607	0.17051	0.01191	0.46149	0.01218	0.01130	0.00806	0.00480	0.00399	0.00128	0.02565	0.00357	0.00420	0.00631
36	0.47854	0.17878	0.04792	0.00692	0.00977	0.11208	0.00609	0.04143	0.03050	0.03332	0.00662	0.00748	0.00527	0.00433	0.01560	0.00125	0.00424	0.00250	0.00245	0.00491
37	0.03530	0.04575	0.01073	0.09125	0.04125	0.32345	0.00722	0.14612	0.01128	0.05979	0.00912	0.03364	0.00783	0.09671	0.02840	0.00161	0.00558	0.00370	0.03632	0.00496
38	0.00594	0.00425	0.00525	0.00502	0.00603	0.00387	0.00372	0.00752	0.01060	0.03303	0.55881	0.03209	0.19058	0.08670	0.00633	0.00157	0.00224	0.02855	0.00419	0.00373
39	0.00621	0.00484	0.00683	0.00662	0.00717	0.00572	0.00505	0.00736	0.00661	0.00946	0.02457	0.01802	0.03429	0.16594	0.57084	0.00538	0.10453	0.00474	0.00228	0.00356
40	0.00485	0.00416	0.00416	0.00416	0.00554	0.00347	0.00312	0.00589	0.00936	0.01109	0.04158	0.03950	0.82847	0.01040	0.00485	0.00139	0.00208	0.00866	0.00381	0.00347
41	0.00562	0.00428	0.00528	0.00569	0.00671	0.00394	0.00454	0.00704	0.00950	0.01217	0.14053	0.14939	0.33142	0.01078	0.00519	0.00159	0.00269	0.28613	0.00390	0.00361
42	0.00535	0.00383	0.00515	0.00608	0.00650	0.00364	0.00440	0.00632	0.00823	0.01088	0.02277	0.66474	0.04080	0.01249	0.00533	0.00171	0.00268	0.18188	0.00380	0.00343
43	0.01016	0.00975	0.01666	0.02520	0.83013	0.00975	0.01260	0.01260	0.00935	0.01341	0.00772	0.01016	0.00650	0.00366	0.00406	0.00122	0.00488	0.00366	0.00203	0.00650
44	0.01120	0.21944	0.07391	0.03634	0.41387	0.03612	0.03646	0.01343	0.00936	0.10060	0.00808	0.00955	0.00643	0.00381	0.00372	0.00115	0.00485	0.00331	0.00227	0.00609

[dist]
# distance from previous block
# <min> <max>
0	1

[block]
# block no. 4 follows, 65 sequences, length 38
# corresponding to MSA columns:
# 228-265
name=unknown_E
#
# <colnr> <probs for GDERKNQSTAVLIFYWHMCP>
#	G	D	E	R	K	N	Q	S	T	A	V	L	I	F	Y	W	H	M	C	P
0	0.00506	0.00366	0.00481	0.00571	0.00604	0.00340	0.00390	0.00585	0.00801	0.01059	0.02365	0.77160	0.07217	0.01265	0.00524	0.00166	0.00243	0.04639	0.00381	0.00336
1	0.01231	0.01270	0.25217	0.06544	0.05583	0.00957	0.04525	0.26427	0.01254	0.16454	0.01065	0.05793	0.00802	0.00492	0.00414	0.00130	0.00485	0.00408	0.00323	0.00626
2	0.03212	0.01001	0.01392	0.12185	0.38576	0.06009	0.02510	0.18826	0.01135	0.03975	0.00842	0.01039	0.00666	0.00564	0.05129	0.00155	0.01561	0.00365	0.00257	0.00602
3	0.00505	0.00425	0.00441	0.00445	0.00575	0.00367	0.00330	0.00641	0.03313	0.01141	0.06708	0.10655	0.70960	0.01039	0.00486	0.00141	0.00213	0.00875	0.00385	0.00356
4	0.00851	0.00730	0.00851	0.00608	0.00973	0.00547	0.00486	0.01034	0.00851	0.01338	0.00730	0.00851	0.00608	0.00304	0.00304	0.00061	0.00304	0.00243	0.00243	0.88083
5	0.00531	0.00405	0.00487	0.00494	0.00589	0.00362	0.00360	0.00667	0.01002	0.01331	0.38283	0.21409	0.30580	0.01006	0.00493	0.00141	0.00208	0.00878	0.00412	0.00362
6	0.00511	0.00372	0.00485	0.00572	0.00612	0.00346	0.00397	0.00595	0.00812	0.01068	0.02426	0.71637	0.09885	0.01252	0.00524	0.00166	0.00246	0.07376	0.00381	0.00338
7	0.84122	0.00790	0.00629	0.03157	0.00862	0.00915	0.00469	0.01217	0.00711	0.03345	0.00596	0.00694	0.00458	0.00384	0.00262	0.00127	0.00325	0.00230	0.00257	0.00450
8	0.03617	0.00503	0.00680	0.00655	0.01934	0.00542	0.01385	0.05008	0.00723	0.01046	0.01066	0.01654	0.01842	0.16277	0.45656	0.10915	0.00767	0.00439	0.00234	0.05057
9	0.88473	0.00794	0.00603	0.00540	0.00794	0.00921	0.00445	0.01207	0.00699	0.01842	0.00572	0.00667	0.00445	0.00381	0.00254	0.00127	0.00318	0.00222	0.00254	0.00445
10	0.00661	0.00472	0.00661	0.00756	0.00850	0.00472	0.00661	0.00850	0.00945	0.01228	0.02173	0.04630	0.02362	0.01134	0.00567	0.00189	0.00378	0.80250	0.00378	0.00378
11	0.05917	0.00967	0.05658	0.12883	0.46616	0.00949	0.04415	0.01351	0.10694	0.03591	0.00915	0.02655	0.00738	0.00417	0.00404	0.00128	0.00472	0.00387	0.00239	0.00602
12	0.01475	0.01850	0.01132	0.02676	0.01267	0.77361	0.00779	0.01610	0.02819	0.01042	0.01923	0.00817	0.00607	0.00433	0.00372	0.00107	0.00707	0.00280	0.02266	0.00476
13	0.00590	0.00426	0.00589	0.00589	0.00638	0.00475	0.00426	0.00688	0.00639	0.00901	0.01164	0.01968	0.01181	0.30413	0.56824	0.00573	0.00867	0.00492	0.00229	0.00327
14	0.06443	0.10798	0.06770	0.13252	0.20305	0.31818	0.00966	0.02885	0.00992	0.01184	0.00682	0.00854	0.00557	0.00397	0.00367	0.00115	0.00581	0.00299	0.00205	0.00530
15	0.00603	0.00396	0.00453	0.00453	0.00453	0.00396	0.00255	0.00593	0.00593	0.00791	0.01261	0.02605	0.01448	0.80830	0.02062	0.05340	0.00396	0.00583	0.00245	0.00245
16	0.00501	0.00411	0.00444	0.00467	0.00584	0.00354	0.00350	0.00607	0.00913	0.01109	0.03705	0.16825	0.63958	0.01086	0.00498	0.00147	0.00226	0.07088	0.00381	0.00347
17	0.00596	0.00400	0.00460	0.00460	0.00464	0.00404	0.00264	0.00605	0.00600	0.00805	0.01282	0.02626	0.01466	0.80923	0.06705	0.00413	0.00438	0.00588	0.00247	0.00255
18	0.00563	0.00404	0.00547	0.00640	0.00694	0.00388	0.00489	0.00681	0.00851	0.01120	0.02272	0.51930	0.04466	0.01221	0.00540	0.00175	0.00292	0.31997	0.00380	0.00351
19	0.01459	0.02896	0.01197	0.00999	0.03960	0.23702	0.00773	0.48598	0.05149	0.01985	0.00949	0.03507	0.00738	0.00494	0.00399	0.00119	0.00515	0.00367	0.01579	0.00615
20	0.00775	0.00730	0.01231	0.84587	0.02827	0.00912	0.01140	0.01049	0.00821	0.01049	0.00730	0.01094	0.00547	0.00410	0.00410	0.00137	0.00547	0.00365	0.00182	0.00456
21	0.00992	0.00952	0.01616	0.09399	0.73505	0.00979	0.01238	0.01233	0.00915	0.01305	0.00761	0.01019	0.00638	0.00381	0.00438	0.00125	0.03313	0.00365	0.00201	0.00627
22	0.00708	0.00358	0.00531	0.00531	0.00531	0.00358	0.00352	0.00538	0.00538	0.00717	0.00739	0.01311	0.00747	0.05137	0.01626	0.84191	0.00358	0.00367	0.00181	0.00181
23	0.02006	0.08986	0.44112	0.01007	0.01464	0.03405	0.04513	0.07262	0.01009	0.14693	0.02930	0.01109	0.03287	0.00490	0.01851	0.00134	0.00530	0.00355	0.00263	0.00596
24	0.01060	0.07219	0.05893	0.02387	0.17467	0.09248	0.07570	0.02821	0.10384	0.03324	0.04886	0.16958	0.01323	0.00727	0.01951	0.00162	0.05161	0.00565	0.00316	0.00578
25	0.01097	0.85821	0.02151	0.00702	0.01054	0.01624	0.00702	0.01229	0.00834	0.00966	0.00571	0.00658	0.00527	0.00351	0.00263	0.00088	0.00439	0.00219	0.00176	0.00527
26	0.00953	0.00962	0.03831	0.19279	0.55037	0.00978	0.06816	0.01209	0.00898	0.01262	0.00756	0.01029	0.00619	0.00390	0.00454	0.00129	0.04236	0.00372	0.00197	0.00593
27	0.02344	0.00669	0.05853	0.00676	0.03051	0.02122	0.02708	0.04694	0.07023	0.02753	0.22594	0.09945	0.28255	0.02797	0.00497	0.00140	0.00294	0.00697	0.00370	0.02517
28	0.01087	0.01159	0.01020	0.02600	0.04185	0.29252	0.03382	0.01548	0.26457	0.01315	0.08102	0.03444	0.04879	0.00680	0.04315	0.00152	0.04047	0.00443	0.01419	0.00515
29	0.00556	0.00402	0.00537	0.00624	0.00680	0.00383	0.00473	0.00672	0.00858	0.01126	0.04065	0.50904	0.07667	0.01209	0.00535	0.00172	0.00283	0.28124	0.00382	0.00351
30	0.06578	0.02472	0.02222	0.00865	0.03272	0.03708	0.02571	0.14999	0.23584	0.11242	0.06773	0.02520	0.07876	0.00591	0.00505	0.00135	0.08687	0.00461	0.00366	0.00574
31	0.01336	0.03086	0.04646	0.06391	0.09121	0.51813	0.02685	0.06801	0.06216	0.01207	0.00782	0.02607	0.00645	0.00443	0.00386	0.00115	0.00637	0.00324	0.00236	0.00522
32	0.01012	0.00992	0.01694	0.17330	0.06529	0.02809	0.32764	0.13868	0.01911	0.01410	0.00860	0.01111	0.01844	0.00532	0.03345	0.00156	0.10635	0.00421	0.00237	0.00541
33	0.00516	0.00366	0.00482	0.00569	0.00594	0.00345	0.00382	0.00586	0.00776	0.01034	0.02173	0.74433	0.02591	0.08742	0.00664	0.00188	0.00258	0.04604	0.00369	0.00328
34	0.10529	0.00927	0.02257	0.05677	0.05091	0.12772	0.06120	0.10283	0.03979	0.13148	0.01287	0.22564	0.01207	0.00659	0.00434	0.00136	0.01529	0.00558	0.00328	0.00513
35	0.06518	0.11474	0.30058	0.05199	0.04118	0.08364	0.01009	0.06869	0.07805	0.07065	0.03260	0.01088	0.00771	0.00455	0.00400	0.00125	0.02398	0.02197	0.00256	0.00570
36	0.00526	0.00407	0.00485	0.00533	0.00625	0.00367	0.00402	0.00637	0.00895	0.01127	0.05467	0.30912	0.39151	0.01133	0.00513	0.00157	0.00249	0.15684	0.00383	0.00349
37	0.01169	0.62065	0.03253	0.00776	0.01096	0.16028	0.00722	0.03145	0.04404	0.01060	0.00659	0.00742	0.00574	0.00379	0.00295	0.00095	0.00484	0.00247	0.02281	0.00525

[dist]
# distance from previous block
# <min> <max>
0	44

[block]
# block no. 5 follows, 65 sequences, length 33
# corresponding to MSA columns:
# 318-347,350-352
name=unknown_F
#
# <colnr> <probs for GDERKNQSTAVLIFYWHMCP>
#	G	D	E	R	K	N	Q	S	T	A	V	L	I	F	Y	W	H	M	C	P
0	0.02056	0.06480	0.01010	0.06655	0.07905	0.00768	0.05497	0.10956	0.03755	0.03330	0.08167	0.12417	0.19137	0.02337	0.00514	0.00140	0.04611	0.00609	0.03180	0.00474
1	0.00880	0.00598	0.05613	0.00841	0.10638	0.00526	0.00566	0.04041	0.00716	0.07898	0.00838	0.01271	0.00758	0.05325	0.01264	0.56914	0.00392	0.00372	0.00222	0.00329
2	0.00922	0.00851	0.00985	0.00902	0.12247	0.06553	0.00614	0.01108	0.00885	0.01314	0.00729	0.00866	0.00608	0.00321	0.00323	0.00072	0.00360	0.00262	0.00235	0.69841
3	0.00688	0.00592	0.00754	0.00726	0.00805	0.05816	0.00568	0.00854	0.02771	0.01010	0.04666	0.01547	0.01078	0.02507	0.64421	0.00539	0.09602	0.00435	0.00231	0.00390
4	0.01030	0.01014	0.08022	0.00984	0.01214	0.11454	0.16913	0.11610	0.04574	0.03296	0.00944	0.02880	0.00806	0.00742	0.00758	0.23163	0.02505	0.03960	0.03676	0.00455
5	0.00512	0.00367	0.00481	0.00563	0.00595	0.00343	0.00381	0.00589	0.00801	0.01064	0.05162	0.72457	0.05832	0.05548	0.00602	0.00177	0.00248	0.03568	0.00377	0.00333
6	0.00528	0.00434	0.00480	0.00497	0.00607	0.00396	0.00367	0.00676	0.04524	0.01139	0.05873	0.23102	0.53989	0.01067	0.00511	0.00147	0.01910	0.03010	0.00381	0.00361
7	0.00512	0.00387	0.00476	0.00536	0.00603	0.00351	0.00382	0.00609	0.00863	0.01111	0.06992	0.50362	0.26905	0.01177	0.00513	0.00158	0.00237	0.07098	0.00385	0.00344
8	0.00595	0.00404	0.00477	0.00477	0.00488	0.00414	0.00286	0.00616	0.00606	0.00818	0.01266	0.02536	0.01427	0.74059	0.13515	0.00434	0.00496	0.00575	0.00245	0.00265
9	0.00875	0.00729	0.00854	0.00611	0.00975	0.00549	0.00489	0.01057	0.00859	0.03298	0.00751	0.00864	0.00618	0.00309	0.00307	0.00062	0.00305	0.00247	0.00250	0.85994
10	0.00823	0.02123	0.83447	0.01170	0.01777	0.00953	0.01517	0.01300	0.00867	0.01300	0.00737	0.00867	0.00520	0.00390	0.00390	0.00130	0.00607	0.00303	0.00173	0.00607
11	0.88473	0.00794	0.00603	0.00540	0.00794	0.00921	0.00445	0.01207	0.00699	0.01842	0.00572	0.00667	0.00445	0.00381	0.00254	0.00127	0.00318	0.00222	0.00254	0.00445
12	0.01021	0.00882	0.00928	0.00835	0.01067	0.01021	0.00650	0.02181	0.82272	0.01717	0.01671	0.01532	0.01253	0.00557	0.00418	0.00139	0.00325	0.00464	0.00418	0.00650
13	0.01236	0.01477	0.00972	0.00889	0.01064	0.57861	0.00667	0.01369	0.01163	0.01205	0.26270	0.01466	0.01572	0.00553	0.00406	0.00113	0.00570	0.00414	0.00286	0.00448
14	0.00665	0.00535	0.00655	0.00684	0.02432	0.02062	0.00503	0.00867	0.07376	0.01180	0.01935	0.40420	0.05664	0.02603	0.00532	0.00154	0.02243	0.15634	0.00349	0.13508
15	0.01527	0.01133	0.01213	0.00938	0.01260	0.01258	0.00772	0.76785	0.06843	0.02534	0.01027	0.01019	0.00732	0.00497	0.00411	0.00124	0.00444	0.00375	0.00411	0.00695
16	0.03428	0.17063	0.05977	0.00882	0.05287	0.00899	0.05121	0.02528	0.03320	0.26058	0.02509	0.02785	0.00828	0.00445	0.00407	0.00111	0.04156	0.00353	0.00314	0.17530
17	0.04683	0.05492	0.01172	0.16468	0.01467	0.44659	0.00824	0.02628	0.03204	0.01102	0.00750	0.00920	0.02001	0.00466	0.00480	0.00121	0.10115	0.00311	0.02663	0.00474
18	0.04888	0.00860	0.00949	0.10647	0.01262	0.01004	0.00698	0.02005	0.69084	0.01644	0.01511	0.01442	0.01134	0.00532	0.00410	0.00138	0.00351	0.00442	0.00383	0.00618
19	0.00863	0.00807	0.01289	0.50154	0.18390	0.00933	0.03629	0.01272	0.14041	0.01224	0.00929	0.03087	0.00734	0.00443	0.00416	0.00135	0.00497	0.00403	0.00230	0.00526
20	0.06608	0.04808	0.16681	0.03983	0.19128	0.12570	0.05511	0.07504	0.01017	0.07545	0.00850	0.03534	0.00677	0.00423	0.00384	0.00118	0.00511	0.00350	0.00248	0.07552
21	0.03125	0.00889	0.01378	0.25021	0.44987	0.04587	0.02370	0.01150	0.00912	0.01242	0.02448	0.01312	0.07928	0.00448	0.00412	0.00127	0.00485	0.00410	0.00219	0.00550
22	0.01493	0.01163	0.01191	0.00937	0.01248	0.05919	0.00765	0.67362	0.11751	0.02391	0.01050	0.01039	0.00757	0.00497	0.00409	0.00124	0.00452	0.00375	0.00400	0.00680
23	0.01162	0.22046	0.12277	0.05613	0.06511	0.15787	0.01745	0.01352	0.00969	0.15186	0.03147	0.05432	0.04590	0.01977	0.00406	0.00122	0.00484	0.00390	0.00269	0.00536
24	0.01100	0.06225	0.16312	0.03870	0.23056	0.05011	0.04065	0.03520	0.02043	0.16694	0.04035	0.01415	0.09009	0.01337	0.00425	0.00127	0.00461	0.00420	0.00288	0.00584
25	0.00595	0.00420	0.00567	0.00567	0.00607	0.00460	0.00397	0.00670	0.00630	0.00880	0.01170	0.02054	0.01213	0.37749	0.47113	0.03080	0.00783	0.00504	0.00231	0.00311
26	0.05282	0.00600	0.00730	0.00611	0.00841	0.00551	0.00493	0.03166	0.03847	0.41313	0.05474	0.02084	0.18347	0.00645	0.00413	0.00128	0.00294	0.03018	0.11616	0.00548
27	0.03005	0.04548	0.20503	0.03380	0.12309	0.02313	0.07330	0.05321	0.03593	0.29133	0.01126	0.03818	0.00815	0.00462	0.00406	0.00128	0.00471	0.00395	0.00322	0.00624
28	0.01078	0.01033	0.05607	0.08389	0.58168	0.02664	0.01162	0.09861	0.01036	0.04244	0.00826	0.01049	0.00666	0.01930	0.00436	0.00128	0.00493	0.00367	0.00234	0.00629
29	0.00867	0.00733	0.00846	0.07822	0.06540	0.09407	0.03140	0.04526	0.03637	0.07518	0.17146	0.08150	0.21949	0.00760	0.00458	0.00135	0.00361	0.05196	0.00354	0.00456
30	0.45757	0.10142	0.02462	0.00759	0.01007	0.28897	0.00622	0.01349	0.00870	0.01432	0.00595	0.00701	0.00486	0.00403	0.00331	0.00117	0.03133	0.00242	0.00228	0.00467
31	0.00732	0.00613	0.00995	0.21810	0.11206	0.00649	0.06628	0.00917	0.00863	0.03451	0.07212	0.25791	0.03138	0.02366	0.04954	0.00178	0.01608	0.04814	0.01638	0.00437
32	0.00994	0.05044	0.08676	0.01326	0.24455	0.00864	0.06871	0.04589	0.08041	0.04604	0.02269	0.01033	0.00741	0.00381	0.00374	0.00105	0.00426	0.00340	0.00256	0.28612

[dist]
# distance from previous block
# <min> <max>
0	1

[block]
# block no. 6 follows, 65 sequences, length 20
# corresponding to MSA columns:
# 354-373
name=unknown_G
#
# <colnr> <probs for GDERKNQSTAVLIFYWHMCP>
#	G	D	E	R	K	N	Q	S	T	A	V	L	I	F	Y	W	H	M	C	P
0	0.02919	0.00774	0.00924	0.02244	0.12212	0.04719	0.00605	0.02533	0.02367	0.02531	0.05086	0.08579	0.02933	0.01781	0.00388	0.00098	0.00347	0.00398	0.00271	0.48291
1	0.00561	0.00390	0.00480	0.00520	0.00544	0.00376	0.00331	0.00605	0.00700	0.00939	0.01741	0.40304	0.02043	0.41318	0.02750	0.00283	0.00335	0.03000	0.00312	0.02469
2	0.01076	0.10843	0.08141	0.17002	0.30932	0.17159	0.01063	0.04528	0.00987	0.01234	0.02841	0.00976	0.00668	0.00403	0.00385	0.00119	0.00543	0.00334	0.00210	0.00558
3	0.01095	0.01214	0.01190	0.01037	0.01135	0.28821	0.03452	0.01233	0.02974	0.01042	0.00670	0.00931	0.00602	0.00718	0.05283	0.00175	0.44056	0.00340	0.03571	0.00460
4	0.00701	0.00506	0.00619	0.00599	0.00702	0.00478	0.00438	0.00925	0.07124	0.01636	0.59920	0.14176	0.03388	0.00907	0.00508	0.00148	0.00240	0.00780	0.05759	0.00444
5	0.00516	0.00372	0.00491	0.00570	0.00609	0.00347	0.00394	0.00608	0.00838	0.01121	0.10539	0.69845	0.05589	0.01224	0.00521	0.00163	0.00240	0.05284	0.00388	0.00342
6	0.00556	0.00402	0.00517	0.00590	0.00637	0.00384	0.00409	0.04352	0.00854	0.01131	0.02293	0.73552	0.06573	0.01230	0.00519	0.00164	0.00253	0.04847	0.00382	0.00353
7	0.00851	0.00730	0.00851	0.00608	0.00973	0.00547	0.00486	0.01034	0.00851	0.01338	0.00730	0.00851	0.00608	0.00304	0.00304	0.00061	0.00304	0.00243	0.00243	0.88083
8	0.00815	0.00782	0.01249	0.59766	0.04368	0.01008	0.01077	0.01038	0.00771	0.01040	0.00679	0.01039	0.00548	0.00493	0.00666	0.00148	0.23511	0.00363	0.00182	0.00459
9	0.00900	0.00623	0.02878	0.00636	0.00819	0.00584	0.00512	0.06223	0.13503	0.14103	0.41663	0.02505	0.10463	0.00737	0.00458	0.00132	0.00269	0.02059	0.00437	0.00496
10	0.00963	0.00863	0.01130	0.20679	0.15993	0.00987	0.00872	0.01754	0.48857	0.01495	0.01292	0.01338	0.00982	0.00489	0.00414	0.00136	0.00406	0.00423	0.00325	0.00605
11	0.88473	0.00794	0.00603	0.00540	0.00794	0.00921	0.00445	0.01207	0.00699	0.01842	0.00572	0.00667	0.00445	0.00381	0.00254	0.00127	0.00318	0.00222	0.00254	0.00445
12	0.00534	0.00368	0.00485	0.00569	0.00601	0.00342	0.00381	0.00606	0.00794	0.02980	0.02267	0.79376	0.04496	0.03377	0.00560	0.00171	0.00244	0.01128	0.00381	0.00340
13	0.00693	0.00587	0.00924	0.37490	0.05841	0.00691	0.00779	0.00874	0.00733	0.00987	0.00955	0.01548	0.00881	0.16631	0.28292	0.00356	0.00700	0.00431	0.00208	0.00399
14	0.00643	0.00570	0.04123	0.00621	0.00688	0.03382	0.00457	0.00784	0.05011	0.01044	0.07425	0.30026	0.01892	0.27904	0.08681	0.00278	0.05072	0.00740	0.00306	0.00353
15	0.01303	0.00773	0.00897	0.00738	0.00985	0.00793	0.00600	0.27190	0.08960	0.24384	0.08340	0.01781	0.05791	0.00602	0.00419	0.00128	0.00344	0.05603	0.09774	0.00594
16	0.00549	0.00391	0.00487	0.00551	0.00604	0.00373	0.00380	0.00689	0.04538	0.01153	0.06063	0.63448	0.09544	0.01142	0.00494	0.00155	0.00233	0.01022	0.07828	0.00356
17	0.00849	0.00977	0.11230	0.14718	0.23525	0.00849	0.19640	0.01135	0.02322	0.01249	0.01067	0.14431	0.00989	0.00536	0.00441	0.00137	0.00505	0.01771	0.03101	0.00529
18	0.04059	0.01095	0.11259	0.02763	0.29182	0.06392	0.06113	0.06533	0.09002	0.04707	0.00990	0.05614	0.00827	0.00611	0.04844	0.00158	0.03245	0.00413	0.01612	0.00580
19	0.00514	0.00367	0.00492	0.00587	0.00617	0.00345	0.00405	0.00595	0.00799	0.01063	0.02255	0.78442	0.02685	0.01273	0.00528	0.00169	0.00250	0.07896	0.00381	0.00337

[dist]
# distance from previous block
# <min> <max>
0	1

[block]
# block no. 7 follows, 65 sequences, length 18
# corresponding to MSA columns:
# 375-392
name=unknown_H
#
# <colnr> <probs for GDERKNQSTAVLIFYWHMCP>
#	G	D	E	R	K	N	Q	S	T	A	V	L	I	F	Y	W	H	M	C	P
0	0.13391	0.07444	0.02207	0.01059	0.12346	0.20778	0.02964	0.11862	0.02471	0.01479	0.02862	0.00901	0.00673	0.00400	0.00351	0.00105	0.00477	0.00301	0.00255	0.17672
1	0.01258	0.01010	0.01143	0.01069	0.10178	0.01127	0.00774	0.37119	0.37892	0.02059	0.01270	0.01234	0.00942	0.00508	0.00413	0.00130	0.00399	0.00412	0.00391	0.00671
2	0.00805	0.00533	0.00611	0.00574	0.00711	0.00541	0.00434	0.04439	0.15935	0.06535	0.22322	0.14336	0.08018	0.00746	0.00423	0.00129	0.00245	0.00640	0.21569	0.00455
3	0.01067	0.24028	0.33964	0.01162	0.10154	0.14551	0.02643	0.01374	0.02988	0.03442	0.00730	0.00843	0.00571	0.00389	0.00358	0.00114	0.00559	0.00292	0.00199	0.00572
4	0.00657	0.00590	0.05769	0.00654	0.02800	0.00523	0.00514	0.02138	0.08295	0.01401	0.35582	0.07021	0.09159	0.04670	0.14844	0.00233	0.00410	0.00637	0.03682	0.00420
5	0.00545	0.00405	0.00508	0.00510	0.00598	0.00368	0.00372	0.00695	0.01037	0.01414	0.50429	0.21544	0.18109	0.00975	0.00493	0.00139	0.00206	0.00860	0.00423	0.00368
6	0.00582	0.00433	0.00640	0.00646	0.00713	0.00498	0.00494	0.00718	0.00664	0.00951	0.01172	0.06302	0.01140	0.06575	0.75752	0.00621	0.01021	0.00487	0.00230	0.00360
7	0.01097	0.85821	0.02151	0.00702	0.01054	0.01624	0.00702	0.01229	0.00834	0.00966	0.00571	0.00658	0.00527	0.00351	0.00263	0.00088	0.00439	0.00219	0.00176	0.00527
8	0.00675	0.00440	0.00517	0.00500	0.00604	0.00406	0.00359	0.00819	0.03090	0.07905	0.23160	0.12494	0.24558	0.15560	0.00745	0.00180	0.00254	0.00741	0.06615	0.00378
9	0.01075	0.00891	0.00945	0.00838	0.01078	0.01022	0.00655	0.06432	0.75529	0.04218	0.01632	0.01498	0.01216	0.00552	0.00417	0.00138	0.00332	0.00457	0.00420	0.00654
10	0.00664	0.00505	0.00553	0.00544	0.00686	0.00490	0.00420	0.00976	0.15343	0.03379	0.07779	0.08206	0.41275	0.00902	0.00464	0.00141	0.00249	0.08614	0.08393	0.00417
11	0.53965	0.00748	0.00730	0.00609	0.00882	0.00788	0.00501	0.01487	0.00888	0.31863	0.03365	0.01006	0.00756	0.00441	0.00319	0.00127	0.00326	0.00308	0.00353	0.00537
12	0.00587	0.00438	0.00648	0.00648	0.00717	0.00507	0.00499	0.00726	0.00656	0.00944	0.01110	0.01671	0.01052	0.07583	0.79478	0.00645	0.01061	0.00448	0.00221	0.00360
13	0.11137	0.01173	0.07008	0.00913	0.01251	0.01205	0.00792	0.65153	0.03586	0.02392	0.00938	0.00954	0.00670	0.00475	0.00392	0.00124	0.00445	0.00351	0.00377	0.00662
14	0.71651	0.13306	0.00886	0.00604	0.00875	0.02843	0.02432	0.01222	0.00735	0.01682	0.00579	0.00678	0.00463	0.00377	0.00263	0.00121	0.00354	0.00229	0.00240	0.00460
15	0.00612	0.00495	0.00658	0.00639	0.00696	0.00541	0.00482	0.00739	0.00919	0.01285	0.34956	0.29069	0.08449	0.00973	0.00669	0.00152	0.17108	0.00811	0.00370	0.00379
16	0.07002	0.03599	0.01236	0.06899	0.33663	0.04471	0.00893	0.04932	0.17966	0.03571	0.02276	0.08297	0.00980	0.00505	0.00402	0.00128	0.00421	0.00441	0.00286	0.02032
17	0.01119	0.02313	0.08337	0.07988	0.10436	0.04205	0.09680	0.04714	0.00990	0.16560	0.00916	0.01018	0.00677	0.00383	0.00378	0.00106	0.00448	0.00336	0.00278	0.29118

[dist]
# distance from previous block
# <min> <max>
0	1

[block]
# block no. 8 follows, 65 sequences, length 37
# corresponding to MSA columns:
# 394-430
name=unknown_I
#
# <colnr> <probs for GDERKNQSTAVLIFYWHMCP>
#	G	D	E	R	K	N	Q	S	T	A	V	L	I	F	Y	W	H	M	C	P
0	0.15651	0.31894	0.12363	0.00820	0.01125	0.06350	0.00786	0.05073	0.09361	0.01315	0.00742	0.00848	0.00611	0.00503	0.02645	0.00132	0.08739	0.00286	0.00228	0.00529
1	0.02601	0.07671	0.57435	0.01202	0.03416	0.01016	0.11916	0.01362	0.07107	0.01322	0.00806	0.00934	0.00591	0.00394	0.00393	0.00129	0.00576	0.00333	0.00199	0.00595
2	0.00586	0.00432	0.00617	0.00617	0.00678	0.00489	0.00462	0.00706	0.00654	0.00928	0.01194	0.01851	0.02708	0.17831	0.67639	0.00603	0.00956	0.00476	0.00228	0.00345
3	0.54558	0.00758	0.00737	0.00610	0.00891	0.00795	0.00503	0.01486	0.00874	0.31036	0.00952	0.00935	0.00655	0.00424	0.00313	0.00125	0.00328	0.00291	0.00345	0.03386
