[name]
unknown

[dist]
# distance from previous block
# <min> <max>
0	220

[block]
# block no. 0 follows, 68 sequences, length 22
# corresponding to MSA columns:
# 268-289
name=unknown_A
#
# <colnr> <probs for GDERKNQSTAVLIFYWHMCP>
#	G	D	E	R	K	N	Q	S	T	A	V	L	I	F	Y	W	H	M	C	P
0	0.02259	0.05912	0.07401	0.01094	0.14048	0.10176	0.04122	0.12942	0.11429	0.06418	0.05359	0.03010	0.05285	0.00513	0.00409	0.00121	0.01824	0.03197	0.00299	0.04185
1	0.06078	0.10072	0.12925	0.07073	0.05141	0.05660	0.01916	0.08967	0.10444	0.04734	0.07089	0.05227	0.07929	0.00535	0.00404	0.00122	0.02392	0.00430	0.00286	0.02574
2	0.02104	0.10341	0.12687	0.06502	0.03654	0.06449	0.08066	0.07456	0.04202	0.06548	0.02632	0.06575	0.05752	0.01647	0.06237	0.00159	0.01526	0.01895	0.00264	0.05304
3	0.05150	0.08295	0.04698	0.00879	0.09502	0.11644	0.03075	0.03878	0.03129	0.02135	0.08834	0.04351	0.02593	0.16030	0.05544	0.00189	0.00456	0.00428	0.00257	0.08932
4	0.00886	0.15650	0.18932	0.03662	0.07291	0.03223	0.08497	0.05170	0.00887	0.02652	0.04104	0.08604	0.00902	0.00667	0.06187	0.02215	0.01802	0.00403	0.00229	0.08036
5	0.05809	0.08242	0.02378	0.02678	0.21941	0.09257	0.02260	0.10774	0.08604	0.03426	0.02130	0.03893	0.01697	0.01586	0.00429	0.00120	0.04003	0.01503	0.03272	0.05998
6	0.02046	0.04910	0.00820	0.04867	0.07359	0.00641	0.00572	0.05175	0.02116	0.01094	0.03193	0.08195	0.05337	0.08141	0.39463	0.00382	0.02538	0.00487	0.00248	0.02417
7	0.05823	0.00791	0.04451	0.04326	0.10116	0.02145	0.07068	0.07367	0.11492	0.02235	0.01073	0.01478	0.02740	0.13803	0.13225	0.02313	0.07026	0.01806	0.00257	0.00466
8	0.00513	0.00396	0.00455	0.00487	0.00571	0.00360	0.00347	0.00625	0.03855	0.01044	0.02942	0.32729	0.41822	0.04423	0.00598	0.04656	0.00235	0.03258	0.00354	0.00330
9	0.01074	0.09734	0.22376	0.03799	0.12077	0.08951	0.02623	0.18174	0.04694	0.02915	0.01917	0.01035	0.02259	0.02994	0.00459	0.00127	0.03634	0.00343	0.00249	0.00565
10	0.00850	0.00635	0.00690	0.00604	0.00789	0.00644	0.00472	0.19678	0.12210	0.04887	0.13775	0.05143	0.34459	0.00767	0.00437	0.00129	0.00274	0.00638	0.02448	0.00472
11	0.00893	0.00767	0.03846	0.05308	0.04799	0.00781	0.01709	0.21432	0.15000	0.01553	0.05227	0.16786	0.14541	0.00753	0.01573	0.00142	0.02486	0.01552	0.00350	0.00503
12	0.00610	0.00417	0.00540	0.00502	0.00608	0.00381	0.00379	0.00790	0.01111	0.05190	0.75296	0.02939	0.08116	0.00807	0.00465	0.00125	0.00194	0.00710	0.00435	0.00385
13	0.01334	0.01075	0.01130	0.00976	0.05831	0.05844	0.00746	0.51333	0.23802	0.02116	0.01101	0.01084	0.00808	0.00482	0.00396	0.00122	0.00421	0.00376	0.00376	0.00647
14	0.01079	0.41355	0.03571	0.00906	0.01195	0.05407	0.10208	0.10480	0.09162	0.01234	0.00735	0.00844	0.00610	0.00423	0.00450	0.00112	0.11168	0.00303	0.00225	0.00532
15	0.00859	0.00704	0.00826	0.00592	0.00942	0.00531	0.00474	0.01035	0.00834	0.04507	0.00738	0.00843	0.00603	0.00301	0.00298	0.00061	0.00295	0.00241	0.00245	0.85071
16	0.00865	0.00885	0.01554	0.01182	0.01452	0.04476	0.42810	0.03550	0.05486	0.02612	0.05962	0.07950	0.13397	0.00571	0.00506	0.00136	0.05287	0.00565	0.00272	0.00483
17	0.00963	0.00901	0.01410	0.19024	0.52527	0.02463	0.01093	0.05764	0.07454	0.01335	0.02711	0.01075	0.00726	0.00395	0.00395	0.00122	0.00466	0.00367	0.00225	0.00583
18	0.00890	0.28363	0.22479	0.12959	0.01619	0.01117	0.16887	0.01163	0.00848	0.01129	0.05335	0.00971	0.00711	0.00395	0.00397	0.00117	0.03579	0.00336	0.00191	0.00513
19	0.00953	0.00830	0.01028	0.19859	0.04701	0.09938	0.04886	0.09771	0.07715	0.06504	0.04450	0.15572	0.01152	0.00773	0.06362	0.00168	0.04059	0.00510	0.00289	0.00481
20	0.17739	0.44188	0.15682	0.00751	0.01105	0.05018	0.00766	0.03954	0.02680	0.02566	0.00638	0.00720	0.00523	0.00365	0.00289	0.00102	0.00437	0.00242	0.00204	0.02031
21	0.36855	0.17044	0.09194	0.00719	0.01017	0.01026	0.02476	0.07253	0.05043	0.09907	0.02250	0.00859	0.00633	0.00413	0.00346	0.00118	0.03784	0.00283	0.00267	0.00514

[dist]
# distance from previous block
# <min> <max>
1	24

[block]
# block no. 1 follows, 68 sequences, length 11
# corresponding to MSA columns:
# 314-324
name=unknown_B
#
# <colnr> <probs for GDERKNQSTAVLIFYWHMCP>
#	G	D	E	R	K	N	Q	S	T	A	V	L	I	F	Y	W	H	M	C	P
0	0.05975	0.01271	0.01220	0.01273	0.19985	0.31522	0.03494	0.13571	0.04578	0.12060	0.00862	0.00933	0.00651	0.00417	0.00376	0.00114	0.00529	0.00324	0.00279	0.00566
1	0.03067	0.00774	0.00912	0.00716	0.00989	0.00752	0.01846	0.19230	0.09625	0.15994	0.01080	0.02695	0.00851	0.06807	0.03725	0.00144	0.01812	0.00366	0.00334	0.28282
2	0.00583	0.00421	0.00554	0.00547	0.00579	0.00466	0.00378	0.00650	0.00605	0.00844	0.01138	0.02065	0.01205	0.45599	0.38953	0.00490	0.03901	0.00500	0.00225	0.00299
3	0.00622	0.00509	0.00562	0.00531	0.00672	0.00502	0.00403	0.00993	0.20297	0.01388	0.30726	0.02972	0.36668	0.00828	0.00453	0.00131	0.00223	0.00704	0.00400	0.00417
4	0.01292	0.01064	0.01050	0.00859	0.01128	0.08780	0.00690	0.47439	0.23779	0.02032	0.01310	0.01269	0.06449	0.00523	0.00400	0.00123	0.00413	0.00405	0.00379	0.00619
5	0.00567	0.00422	0.00622	0.00622	0.00688	0.00487	0.00477	0.00698	0.00633	0.00909	0.01076	0.01634	0.01024	0.09113	0.78401	0.00619	0.01012	0.00436	0.00214	0.00346
6	0.00686	0.00658	0.01187	0.00991	0.01135	0.00672	0.27495	0.00846	0.00796	0.01089	0.01495	0.45921	0.01661	0.00865	0.00604	0.00154	0.12250	0.00800	0.00285	0.00408
7	0.00496	0.00395	0.00444	0.00448	0.00556	0.00344	0.00330	0.00615	0.00944	0.01204	0.25239	0.14559	0.51060	0.00984	0.00473	0.00135	0.00201	0.00843	0.00387	0.00344
8	0.01167	0.01136	0.09884	0.03057	0.08338	0.06721	0.06843	0.27687	0.23470	0.03737	0.03189	0.01142	0.00864	0.00464	0.00401	0.00124	0.00451	0.00386	0.00328	0.00610
9	0.00892	0.00750	0.00797	0.00719	0.00919	0.00834	0.00557	0.06917	0.56194	0.01595	0.07813	0.04117	0.14905	0.00648	0.00421	0.00133	0.00292	0.00543	0.00399	0.00556
10	0.00954	0.01160	0.20617	0.06730	0.38157	0.00937	0.01118	0.04522	0.13847	0.03399	0.02499	0.01075	0.00753	0.00414	0.00410	0.00124	0.02079	0.00362	0.00240	0.00601

[dist]
# distance from previous block
# <min> <max>
3	36

[block]
# block no. 2 follows, 68 sequences, length 41
# corresponding to MSA columns:
# 375-415
name=unknown_C
#
# <colnr> <probs for GDERKNQSTAVLIFYWHMCP>
#	G	D	E	R	K	N	Q	S	T	A	V	L	I	F	Y	W	H	M	C	P
0	0.01962	0.10986	0.04568	0.00970	0.08598	0.05969	0.05601	0.13974	0.11898	0.06501	0.05168	0.03096	0.01814	0.03483	0.07486	0.00175	0.00478	0.06442	0.00302	0.00528
1	0.05016	0.10033	0.15035	0.05116	0.12230	0.03654	0.02498	0.06618	0.09694	0.03370	0.08589	0.06721	0.04735	0.00521	0.00396	0.00121	0.01475	0.00433	0.00274	0.03470
2	0.00818	0.02278	0.07041	0.00842	0.08874	0.04373	0.00632	0.06126	0.20904	0.01333	0.02093	0.04510	0.28372	0.02549	0.00465	0.00131	0.01857	0.00546	0.00322	0.05934
3	0.00597	0.00529	0.04245	0.00518	0.00626	0.01871	0.00392	0.02191	0.04785	0.01115	0.15473	0.06512	0.27239	0.26451	0.05544	0.00235	0.00338	0.00668	0.00323	0.00347
4	0.00862	0.00692	0.00961	0.06172	0.13315	0.00725	0.04357	0.12522	0.08951	0.03261	0.30531	0.01880	0.04636	0.00685	0.03480	0.00143	0.02395	0.00518	0.03416	0.00495
5	0.00619	0.00436	0.00553	0.00517	0.00625	0.00409	0.00390	0.00844	0.05135	0.04495	0.70501	0.04287	0.08065	0.00804	0.00463	0.00126	0.00200	0.00706	0.00432	0.00394
6	0.00770	0.00730	0.01138	0.49676	0.01980	0.00945	0.00959	0.00968	0.00753	0.01034	0.06682	0.01145	0.00770	0.00579	0.02489	0.00156	0.28222	0.00379	0.00195	0.00432
7	0.00749	0.00705	0.01189	0.85113	0.02731	0.00881	0.01101	0.01013	0.00793	0.01013	0.00705	0.01057	0.00529	0.00396	0.00396	0.00132	0.00529	0.00352	0.00176	0.00440
8	0.00749	0.00705	0.01189	0.85113	0.02731	0.00881	0.01101	0.01013	0.00793	0.01013	0.00705	0.01057	0.00529	0.00396	0.00396	0.00132	0.00529	0.00352	0.00176	0.00440
9	0.00569	0.00413	0.00575	0.00575	0.00625	0.00462	0.00418	0.00668	0.00619	0.00875	0.01119	0.01871	0.01127	0.28074	0.59580	0.00561	0.00857	0.00471	0.00221	0.00320
10	0.24839	0.01079	0.01023	0.00816	0.01106	0.07606	0.00668	0.54338	0.01489	0.02188	0.00819	0.00851	0.00596	0.00442	0.00353	0.00119	0.00423	0.00311	0.00341	0.00592
11	0.01048	0.82528	0.05750	0.00699	0.01049	0.01540	0.00714	0.01190	0.00807	0.00947	0.00558	0.00645	0.00509	0.00341	0.00260	0.00087	0.00431	0.00216	0.00170	0.00512
12	0.00562	0.00379	0.00438	0.00452	0.00457	0.00375	0.00262	0.00576	0.00615	0.00821	0.02972	0.15126	0.01663	0.71657	0.01761	0.00346	0.00357	0.00662	0.00263	0.00255
13	0.00796	0.03989	0.02254	0.23480	0.03081	0.06994	0.03744	0.07045	0.00944	0.01231	0.15403	0.16022	0.03434	0.00780	0.04915	0.00159	0.04461	0.00555	0.00280	0.00432
14	0.00566	0.00427	0.00521	0.04313	0.00655	0.01911	0.00378	0.00654	0.02573	0.00933	0.01734	0.34269	0.06948	0.31749	0.10307	0.00289	0.00399	0.00768	0.00294	0.00312
15	0.00483	0.00346	0.00459	0.00549	0.00574	0.00322	0.00366	0.00552	0.00762	0.01014	0.02228	0.83891	0.04511	0.01237	0.00505	0.00160	0.00229	0.01120	0.00368	0.00322
16	0.00702	0.00627	0.00951	0.00842	0.00906	0.00784	0.06277	0.00828	0.00643	0.00947	0.00860	0.01340	0.00822	0.07230	0.43339	0.00418	0.31487	0.00409	0.00199	0.00388
17	0.01090	0.21434	0.15453	0.01057	0.03243	0.15368	0.14058	0.09887	0.07623	0.01295	0.02531	0.00920	0.00669	0.00409	0.00397	0.00115	0.03352	0.00327	0.00229	0.00542
18	0.00705	0.00495	0.00601	0.03571	0.00733	0.00487	0.04047	0.07991	0.00980	0.01414	0.13067	0.02303	0.26074	0.00758	0.03518	0.00135	0.00279	0.00561	0.31886	0.00396
19	0.00482	0.00347	0.00458	0.00546	0.00573	0.00323	0.00365	0.00553	0.00765	0.01015	0.02259	0.82508	0.05874	0.01233	0.00505	0.00160	0.00229	0.01115	0.00368	0.00323
20	0.04268	0.00801	0.00886	0.00756	0.00969	0.03725	0.02154	0.29974	0.10612	0.09331	0.06198	0.16387	0.06085	0.00740	0.02440	0.00144	0.00371	0.03246	0.00380	0.00533
21	0.02377	0.01528	0.04268	0.02874	0.01296	0.50784	0.08100	0.10724	0.04804	0.02926	0.00796	0.02919	0.00653	0.01793	0.02326	0.00128	0.00631	0.00330	0.00244	0.00498
22	0.01002	0.67984	0.18515	0.02153	0.01186	0.01427	0.00843	0.01198	0.00812	0.00999	0.00586	0.00683	0.00508	0.00348	0.00281	0.00094	0.00458	0.00231	0.00169	0.00523
23	0.00699	0.00606	0.00752	0.00696	0.00722	0.04059	0.00519	0.00765	0.00630	0.00878	0.01010	0.03539	0.02147	0.34239	0.20070	0.00355	0.27287	0.00473	0.00216	0.00338
24	0.00837	0.00700	0.00839	0.00612	0.00949	0.00540	0.01859	0.01032	0.02577	0.03160	0.00799	0.03919	0.00683	0.00338	0.00309	0.00067	0.00299	0.00279	0.00249	0.79954
25	0.01166	0.00841	0.03976	0.00849	0.01114	0.00845	0.07746	0.02827	0.45150	0.22972	0.01487	0.01471	0.01091	0.02044	0.00436	0.00135	0.00361	0.02324	0.02553	0.00611
26	0.00846	0.00517	0.00595	0.01496	0.00691	0.00530	0.00420	0.11787	0.02995	0.06793	0.16614	0.12791	0.02701	0.00646	0.00394	0.00117	0.01992	0.00541	0.37101	0.00432
27	0.00733	0.00445	0.00555	0.00545	0.00673	0.00398	0.00421	0.00862	0.00951	0.15242	0.15973	0.19944	0.28823	0.00946	0.00475	0.00143	0.00250	0.11822	0.00400	0.00401
28	0.00504	0.00405	0.00451	0.00444	0.00564	0.00351	0.00336	0.00634	0.00973	0.01239	0.28923	0.03570	0.55453	0.00946	0.00471	0.00133	0.00202	0.03662	0.00390	0.00348
29	0.00822	0.00705	0.00822	0.00587	0.00940	0.00529	0.00470	0.00998	0.00822	0.01292	0.00705	0.00822	0.00587	0.00294	0.00294	0.00059	0.00294	0.00235	0.00235	0.88490
30	0.00822	0.00705	0.00822	0.00587	0.00940	0.00529	0.00470	0.00998	0.00822	0.01292	0.00705	0.00822	0.00587	0.00294	0.00294	0.00059	0.00294	0.00235	0.00235	0.88490
31	0.00486	0.00350	0.00462	0.00549	0.00579	0.00326	0.00371	0.00559	0.00770	0.01019	0.02271	0.79887	0.06499	0.01227	0.00505	0.00160	0.00232	0.03054	0.00368	0.00324
32	0.00822	0.00705	0.00822	0.00587	0.00940	0.00529	0.00470	0.00998	0.00822	0.01292	0.00705	0.00822	0.00587	0.00294	0.00294	0.00059	0.00294	0.00235	0.00235	0.88490
33	0.01220	0.43122	0.07668	0.00817	0.01147	0.15368	0.00759	0.18535	0.01096	0.03606	0.00691	0.00756	0.00559	0.00386	0.00316	0.00098	0.00482	0.00262	0.00234	0.02877
34	0.00968	0.00930	0.01576	0.05355	0.76974	0.00952	0.01197	0.01198	0.00886	0.01270	0.00734	0.00979	0.00620	0.00370	0.00433	0.00121	0.04277	0.00353	0.00195	0.00613
35	0.01031	0.00943	0.03273	0.01616	0.32873	0.00924	0.19103	0.18445	0.01100	0.03486	0.01015	0.12429	0.00906	0.00499	0.00425	0.00128	0.00475	0.00484	0.00270	0.00576
36	0.00870	0.00887	0.00916	0.30246	0.01508	0.20988	0.00730	0.03020	0.01017	0.01240	0.29261	0.01734	0.04856	0.00567	0.00414	0.00122	0.00441	0.00473	0.00285	0.00424
37	0.00530	0.00370	0.00457	0.00506	0.00528	0.00356	0.00328	0.00579	0.00698	0.00924	0.01868	0.43023	0.05519	0.36492	0.01136	0.00254	0.00301	0.05525	0.00315	0.00291
38	0.00927	0.01445	0.32482	0.01575	0.23588	0.07866	0.20593	0.01257	0.00913	0.01258	0.03811	0.01000	0.00681	0.00379	0.00405	0.00123	0.00571	0.00364	0.00196	0.00567
39	0.00601	0.00450	0.00658	0.00647	0.00727	0.00523	0.00505	0.03743	0.00683	0.00979	0.01058	0.01535	0.00979	0.02881	0.81365	0.00618	0.01039	0.00422	0.00219	0.00366
40	0.00477	0.00377	0.00427	0.00467	0.00550	0.00331	0.00328	0.00562	0.00834	0.01039	0.03168	0.38736	0.46973	0.03194	0.00523	0.00152	0.00218	0.00954	0.00365	0.00327

[dist]
# distance from previous block
# <min> <max>
0	2

[block]
# block no. 3 follows, 68 sequences, length 39
# corresponding to MSA columns:
# 418,421-458
name=unknown_D
#
# <colnr> <probs for GDERKNQSTAVLIFYWHMCP>
#	G	D	E	R	K	N	Q	S	T	A	V	L	I	F	Y	W	H	M	C	P
0	0.12508	0.75152	0.01883	0.00658	0.00985	0.01480	0.00646	0.01184	0.00789	0.01043	0.00551	0.00637	0.00498	0.00343	0.00253	0.00090	0.00409	0.00212	0.00179	0.00498
1	0.00813	0.00744	0.01110	0.62300	0.02271	0.00909	0.00973	0.01309	0.23004	0.01188	0.00951	0.01171	0.00713	0.00435	0.00398	0.00133	0.00470	0.00378	0.00238	0.00491
2	0.00577	0.00384	0.00432	0.00432	0.00432	0.00384	0.00240	0.00577	0.00577	0.00769	0.01249	0.02595	0.01441	0.86066	0.02018	0.00384	0.00384	0.00577	0.00240	0.00240
3	0.18541	0.00995	0.01034	0.00825	0.01104	0.01122	0.00678	0.52349	0.10410	0.03918	0.00940	0.00954	0.00685	0.00471	0.00408	0.00124	0.04132	0.00340	0.00360	0.00611
4	0.00924	0.07031	0.17830	0.02447	0.01407	0.04445	0.19357	0.05478	0.14014	0.01317	0.02720	0.05223	0.00837	0.00509	0.01740	0.00134	0.07603	0.00408	0.00248	0.06329
5	0.01054	0.05121	0.34647	0.09675	0.01514	0.03395	0.01041	0.20161	0.03171	0.07541	0.00873	0.02297	0.00651	0.00520	0.03245	0.00140	0.02314	0.00339	0.00259	0.02041
6	0.00577	0.00384	0.00432	0.00432	0.00432	0.00384	0.00240	0.00577	0.00577	0.00769	0.01249	0.02595	0.01441	0.86066	0.02018	0.00384	0.00384	0.00577	0.00240	0.00240
7	0.00847	0.00709	0.00774	0.00704	0.00889	0.00790	0.00544	0.01666	0.56828	0.01614	0.24165	0.01989	0.05524	0.00633	0.00424	0.00132	0.00274	0.00539	0.00411	0.00545
8	0.01026	0.00985	0.01488	0.01201	0.03778	0.08342	0.28513	0.06957	0.07334	0.06276	0.04302	0.03201	0.00897	0.00531	0.00635	0.00140	0.19774	0.03843	0.00262	0.00515
9	0.00959	0.00919	0.01569	0.10386	0.75815	0.00936	0.01206	0.01197	0.00892	0.01268	0.00742	0.00989	0.00618	0.00357	0.00393	0.00119	0.00477	0.00353	0.00194	0.00610
10	0.00749	0.00705	0.01189	0.85113	0.02731	0.00881	0.01101	0.01013	0.00793	0.01013	0.00705	0.01057	0.00529	0.00396	0.00396	0.00132	0.00529	0.00352	0.00176	0.00440
11	0.00979	0.00487	0.00585	0.00538	0.00680	0.00466	0.00409	0.06377	0.00955	0.21947	0.01580	0.24231	0.01420	0.00681	0.00377	0.00120	0.00251	0.00581	0.36883	0.00453
12	0.03003	0.00903	0.01114	0.04398	0.01114	0.08302	0.04334	0.08095	0.00863	0.06199	0.03424	0.01276	0.09457	0.00639	0.00875	0.00149	0.44737	0.00408	0.00246	0.00464
13	0.01525	0.01083	0.01173	0.00899	0.01216	0.01188	0.00743	0.77124	0.01817	0.07711	0.00991	0.00977	0.00694	0.00477	0.00397	0.00119	0.00430	0.00360	0.00403	0.00674
14	0.00483	0.00347	0.00458	0.00548	0.00574	0.00322	0.00366	0.00553	0.00763	0.01014	0.02236	0.83523	0.04873	0.01236	0.00505	0.00160	0.00229	0.01119	0.00368	0.00322
15	0.01109	0.20739	0.06450	0.01177	0.01499	0.23339	0.30272	0.02588	0.03633	0.01132	0.00707	0.00867	0.00569	0.00381	0.00415	0.00115	0.03960	0.00336	0.00201	0.00513
16	0.01070	0.01210	0.01096	0.37250	0.01824	0.36586	0.00875	0.01338	0.08602	0.01058	0.00909	0.01082	0.04556	0.00444	0.00384	0.00120	0.00572	0.00343	0.00219	0.00461
17	0.00577	0.00384	0.00432	0.00432	0.00432	0.00384	0.00240	0.00577	0.00577	0.00769	0.01249	0.02595	0.01441	0.86066	0.02018	0.00384	0.00384	0.00577	0.00240	0.00240
18	0.00500	0.00367	0.00472	0.00540	0.00591	0.00339	0.00381	0.00592	0.00823	0.01082	0.09092	0.60342	0.14618	0.01160	0.00501	0.00156	0.00233	0.07506	0.00373	0.00332
19	0.02130	0.02929	0.03662	0.33326	0.12203	0.07022	0.13483	0.10274	0.02326	0.01268	0.00764	0.01037	0.00603	0.02995	0.00487	0.00135	0.04267	0.00365	0.00215	0.00508
20	0.00708	0.00627	0.01008	0.59914	0.04372	0.00755	0.00887	0.00909	0.00741	0.00964	0.00842	0.01409	0.00751	0.18574	0.05801	0.00215	0.00529	0.00404	0.00192	0.00398
21	0.00515	0.00411	0.00463	0.00469	0.00577	0.00370	0.00344	0.00673	0.04532	0.01200	0.21031	0.19120	0.46904	0.00986	0.00473	0.00137	0.00208	0.00849	0.00385	0.00354
22	0.02438	0.00848	0.00892	0.00744	0.00972	0.05545	0.00591	0.33968	0.08891	0.13963	0.03148	0.11634	0.04253	0.00598	0.00398	0.00123	0.00358	0.00485	0.09591	0.00560
23	0.03222	0.01031	0.09460	0.04849	0.18082	0.08108	0.22023	0.03396	0.01941	0.04115	0.01018	0.13706	0.00923	0.00512	0.00434	0.00129	0.02117	0.00484	0.03936	0.00515
24	0.00886	0.00875	0.01214	0.01037	0.01046	0.01215	0.00864	0.03315	0.00644	0.00999	0.00533	0.00870	0.00525	0.00688	0.01275	0.00172	0.82875	0.00347	0.00180	0.00441
25	0.00890	0.00842	0.04628	0.05902	0.13706	0.00700	0.04278	0.05963	0.02346	0.01353	0.00746	0.00891	0.00603	0.00329	0.00334	0.00083	0.00372	0.00284	0.00234	0.55517
26	0.00665	0.05406	0.05148	0.02160	0.02872	0.00546	0.02869	0.02308	0.03400	0.04100	0.23137	0.11766	0.25432	0.00958	0.06192	0.00165	0.00333	0.01788	0.00346	0.00410
27	0.00485	0.00347	0.00465	0.00554	0.00579	0.00327	0.00372	0.00556	0.00756	0.01010	0.02154	0.83466	0.02577	0.01290	0.02839	0.00174	0.00253	0.01108	0.00364	0.00323
28	0.01311	0.01012	0.01264	0.06853	0.21088	0.01097	0.00873	0.53168	0.01514	0.04206	0.00934	0.03192	0.00712	0.00462	0.00399	0.00121	0.00443	0.00377	0.00336	0.00638
29	0.01027	0.01125	0.01751	0.13048	0.18050	0.14972	0.35865	0.03734	0.02313	0.01226	0.00758	0.00990	0.00592	0.00375	0.00440	0.00125	0.02484	0.00388	0.00206	0.00531
30	0.01432	0.00991	0.02568	0.00852	0.01145	0.01045	0.00705	0.59674	0.04139	0.14246	0.01162	0.08193	0.00897	0.00543	0.00406	0.00124	0.00403	0.00430	0.00404	0.00642
31	0.01124	0.04691	0.03549	0.09076	0.24853	0.05193	0.06700	0.24131	0.03809	0.02877	0.00843	0.01026	0.00663	0.00425	0.00425	0.00120	0.03757	0.01767	0.00265	0.04707
32	0.00551	0.00430	0.00485	0.00477	0.00600	0.00390	0.00361	0.00730	0.05313	0.02687	0.23312	0.08407	0.48581	0.00977	0.02072	0.00144	0.00230	0.03500	0.00386	0.00367
33	0.00541	0.00378	0.00482	0.00514	0.00538	0.00382	0.00336	0.00597	0.00667	0.00905	0.03701	0.31999	0.01839	0.38406	0.16594	0.00345	0.00449	0.00748	0.00286	0.00294
34	0.00856	0.03197	0.13590	0.03799	0.07777	0.00973	0.00916	0.01035	0.00753	0.04694	0.02024	0.02715	0.02634	0.00688	0.02007	0.00162	0.41245	0.10241	0.00223	0.00471
35	0.00735	0.00573	0.00649	0.00622	0.00760	0.02483	0.01479	0.02799	0.20806	0.05343	0.08000	0.20133	0.22189	0.03299	0.04324	0.00170	0.00315	0.04514	0.00372	0.00435
36	0.00577	0.00384	0.00432	0.00432	0.00432	0.00384	0.00240	0.00577	0.00577	0.00769	0.01249	0.02595	0.01441	0.86066	0.02018	0.00384	0.00384	0.00577	0.00240	0.00240
37	0.00490	0.00360	0.00460	0.00524	0.00571	0.00330	0.00359	0.00577	0.00822	0.01087	0.11761	0.64534	0.14352	0.01159	0.00496	0.00153	0.00221	0.01038	0.00376	0.00330
38	0.00964	0.01229	0.28887	0.00878	0.01222	0.00897	0.00891	0.22260	0.16981	0.01691	0.12703	0.01515	0.05363	0.00541	0.00408	0.00127	0.00415	0.02133	0.00324	0.00570

[dist]
# distance from previous block
# <min> <max>
0	1

[block]
# block no. 4 follows, 68 sequences, length 14
# corresponding to MSA columns:
# 460-473
name=unknown_E
#
# <colnr> <probs for GDERKNQSTAVLIFYWHMCP>
#	G	D	E	R	K	N	Q	S	T	A	V	L	I	F	Y	W	H	M	C	P
0	0.03597	0.06140	0.01211	0.00880	0.01193	0.01217	0.00733	0.70731	0.04445	0.04475	0.00956	0.00954	0.00684	0.00468	0.00385	0.00118	0.00426	0.00349	0.00382	0.00657
1	0.06712	0.08730	0.05071	0.00984	0.06166	0.27321	0.02512	0.08548	0.06284	0.06180	0.03283	0.01004	0.00739	0.00461	0.00452	0.00117	0.08742	0.01939	0.00257	0.04500
2	0.00916	0.43290	0.22445	0.10512	0.01363	0.03699	0.00908	0.01144	0.00803	0.01023	0.00667	0.00838	0.00562	0.00645	0.09517	0.00161	0.00555	0.00273	0.00176	0.00502
3	0.00717	0.00428	0.00726	0.00649	0.00695	0.00420	0.09756	0.00603	0.00565	0.00756	0.00702	0.01190	0.00679	0.01257	0.01425	0.78302	0.00382	0.00359	0.00175	0.00214
4	0.03172	0.21751	0.10726	0.00882	0.01164	0.34599	0.00782	0.04539	0.03128	0.07942	0.00820	0.03467	0.01811	0.00444	0.00375	0.00109	0.03239	0.00307	0.00235	0.00509
5	0.01181	0.00868	0.01102	0.04843	0.01228	0.02735	0.10022	0.15798	0.31684	0.17067	0.05090	0.01431	0.04080	0.00515	0.00413	0.00128	0.00389	0.00443	0.00380	0.00599
6	0.00665	0.00476	0.00634	0.00590	0.00685	0.00499	0.00439	0.00770	0.00673	0.04827	0.01164	0.01780	0.03620	0.24431	0.42845	0.00444	0.04286	0.00452	0.00239	0.10481
7	0.00984	0.00954	0.01293	0.22215	0.29409	0.10517	0.04690	0.03016	0.13731	0.02708	0.00959	0.01267	0.00786	0.00448	0.00404	0.00127	0.00488	0.05215	0.00244	0.00544
8	0.11118	0.00883	0.01315	0.18778	0.33549	0.02284	0.06295	0.09207	0.04609	0.04530	0.01882	0.02313	0.00695	0.00408	0.00385	0.00124	0.00458	0.00366	0.00244	0.00556
9	0.11452	0.01301	0.01048	0.00911	0.02579	0.33497	0.00704	0.25927	0.06091	0.04568	0.04290	0.00952	0.00748	0.00462	0.00402	0.00116	0.03794	0.00323	0.00298	0.00537
10	0.00673	0.00446	0.00569	0.05662	0.00765	0.02411	0.00439	0.00765	0.00818	0.10541	0.02081	0.61923	0.07301	0.02980	0.00515	0.00157	0.00274	0.00945	0.00364	0.00372
11	0.12862	0.00937	0.01192	0.02386	0.30077	0.07466	0.04247	0.13134	0.02433	0.06833	0.06656	0.01172	0.03587	0.00446	0.00392	0.00119	0.01699	0.00374	0.00279	0.03710
12	0.16220	0.05049	0.02338	0.00598	0.00782	0.02724	0.00481	0.04870	0.11971	0.05187	0.04587	0.10402	0.25268	0.02635	0.03462	0.00154	0.01930	0.00571	0.00330	0.00440
13	0.01133	0.01046	0.01177	0.10240	0.15976	0.13657	0.03038	0.20067	0.18672	0.02676	0.02169	0.02307	0.03392	0.00481	0.00416	0.00124	0.02166	0.00393	0.00300	0.00570

[dist]
# distance from previous block
# <min> <max>
1	36

[block]
# block no. 5 follows, 68 sequences, length 18
# corresponding to MSA columns:
# 510-527
name=unknown_F
#
# <colnr> <probs for GDERKNQSTAVLIFYWHMCP>
#	G	D	E	R	K	N	Q	S	T	A	V	L	I	F	Y	W	H	M	C	P
0	0.07022	0.01314	0.03749	0.02653	0.03659	0.40334	0.01909	0.11159	0.02660	0.01347	0.12716	0.01357	0.05453	0.00518	0.00386	0.00115	0.00519	0.02375	0.00278	0.00476
1	0.00811	0.01022	0.21566	0.02890	0.19107	0.03132	0.00881	0.04262	0.05146	0.03334	0.06607	0.22221	0.02804	0.03830	0.00483	0.00142	0.00409	0.00574	0.00278	0.00500
2	0.00958	0.42083	0.40745	0.00904	0.01359	0.01245	0.01054	0.05419	0.00875	0.01166	0.00648	0.00747	0.00514	0.00364	0.00320	0.00106	0.00501	0.00258	0.00180	0.00554
3	0.25910	0.03476	0.22593	0.00779	0.01071	0.00800	0.03170	0.03855	0.08455	0.03035	0.01135	0.17991	0.01076	0.00600	0.00376	0.00134	0.00387	0.04397	0.00276	0.00483
4	0.00524	0.00386	0.00474	0.00490	0.00560	0.00355	0.00346	0.00637	0.00903	0.01212	0.32692	0.26190	0.19209	0.11880	0.00678	0.00171	0.00230	0.02353	0.00377	0.00334
5	0.01272	0.00973	0.01100	0.00889	0.01170	0.01079	0.04331	0.39593	0.36778	0.06562	0.01265	0.01207	0.00920	0.00497	0.00403	0.00127	0.00388	0.00404	0.00396	0.00648
6	0.00976	0.59636	0.28012	0.00821	0.01239	0.01364	0.00927	0.01209	0.00816	0.01035	0.00602	0.00700	0.00507	0.00351	0.00293	0.00098	0.00475	0.00238	0.00169	0.00533
7	0.01024	0.00684	0.00844	0.00805	0.06049	0.00724	0.00587	0.04047	0.31633	0.18157	0.14116	0.01691	0.01483	0.04321	0.11810	0.00207	0.00416	0.00473	0.00381	0.00547
8	0.00513	0.00377	0.00453	0.00482	0.00539	0.00348	0.00326	0.00596	0.00819	0.01077	0.16883	0.34070	0.21617	0.19105	0.00811	0.00196	0.00248	0.00869	0.00353	0.00317
9	0.00604	0.00440	0.00593	0.00666	0.00759	0.00429	0.00567	0.00770	0.00913	0.01183	0.06659	0.09258	0.12408	0.01078	0.00531	0.00172	0.00327	0.61912	0.00369	0.00359
10	0.01484	0.01813	0.01130	0.01011	0.01226	0.76328	0.00765	0.09479	0.01196	0.01120	0.00646	0.00738	0.00527	0.00415	0.00361	0.00104	0.00688	0.00265	0.00223	0.00481
11	0.01472	0.00638	0.00834	0.00667	0.00906	0.00585	0.00528	0.07282	0.01061	0.58444	0.01458	0.03357	0.01073	0.15070	0.04602	0.00191	0.00384	0.00443	0.00426	0.00579
12	0.00561	0.00378	0.00437	0.00452	0.00456	0.00374	0.00261	0.00573	0.00606	0.00808	0.01401	0.16121	0.01633	0.72278	0.01772	0.00348	0.00359	0.00666	0.00261	0.00254
13	0.01078	0.00907	0.01322	0.01729	0.47860	0.00947	0.00967	0.06957	0.24770	0.07742	0.01074	0.01152	0.00827	0.00425	0.00396	0.00123	0.00413	0.00385	0.00292	0.00635
14	0.01081	0.00905	0.01225	0.05817	0.27477	0.00967	0.00869	0.20314	0.11811	0.04122	0.00910	0.01032	0.00711	0.00472	0.01632	0.00126	0.08117	0.00353	0.00281	0.11777
15	0.00960	0.00672	0.00790	0.00637	0.00868	0.00637	0.00506	0.19270	0.03262	0.09585	0.32246	0.01839	0.04935	0.00581	0.00402	0.00108	0.00287	0.00488	0.00381	0.21546
16	0.01071	0.01037	0.01265	0.01357	0.24067	0.11587	0.02889	0.11727	0.10470	0.01370	0.00801	0.00962	0.00657	0.00472	0.00597	0.00126	0.20456	0.00343	0.00245	0.08501
17	0.00947	0.00916	0.01147	0.05447	0.10317	0.12282	0.07103	0.07074	0.00921	0.02919	0.09235	0.01398	0.03889	0.02765	0.07676	0.00185	0.22772	0.02291	0.00248	0.00468

[dist]
# distance from previous block
# <min> <max>
0	3

[block]
# block no. 6 follows, 68 sequences, length 53
# corresponding to MSA columns:
# 531-581,584,585
name=unknown_G
#
# <colnr> <probs for GDERKNQSTAVLIFYWHMCP>
#	G	D	E	R	K	N	Q	S	T	A	V	L	I	F	Y	W	H	M	C	P
0	0.00947	0.01074	0.07016	0.01226	0.01541	0.07452	0.38028	0.01428	0.20479	0.01304	0.00978	0.01138	0.00757	0.00586	0.06293	0.00163	0.03687	0.00415	0.00249	0.05239
1	0.01400	0.03832	0.01187	0.04204	0.07728	0.32320	0.00786	0.29526	0.06536	0.07373	0.00873	0.00922	0.00655	0.00439	0.00378	0.00113	0.00532	0.00323	0.00301	0.00574
2	0.00935	0.19986	0.17867	0.08230	0.35264	0.01057	0.05184	0.01195	0.00858	0.01184	0.00694	0.00880	0.00566	0.00355	0.00359	0.00111	0.00490	0.00311	0.00185	0.04288
3	0.00889	0.18246	0.59602	0.01022	0.01517	0.06832	0.01236	0.01250	0.00853	0.01171	0.00721	0.00914	0.00565	0.00396	0.00358	0.00118	0.00556	0.03022	0.00177	0.00555
4	0.00556	0.00391	0.00436	0.00443	0.00482	0.00375	0.00280	0.00596	0.00682	0.00885	0.01963	0.05398	0.20466	0.57283	0.01495	0.00302	0.00332	0.04966	0.02396	0.00274
5	0.00656	0.00567	0.00898	0.00856	0.06624	0.00539	0.14253	0.00882	0.06138	0.02104	0.21460	0.28214	0.13511	0.00839	0.00470	0.00139	0.00313	0.00773	0.00348	0.00416
6	0.00813	0.07242	0.75408	0.01079	0.01640	0.00945	0.01374	0.01241	0.00835	0.01237	0.00701	0.00824	0.00506	0.00371	0.00366	0.00120	0.00564	0.00285	0.00170	0.04279
7	0.00604	0.00429	0.00465	0.00443	0.00590	0.00363	0.00339	0.00717	0.00943	0.09045	0.09767	0.03524	0.68295	0.00942	0.00463	0.00133	0.00215	0.01968	0.00385	0.00371
8	0.01026	0.01098	0.07126	0.11006	0.40406	0.11555	0.04017	0.08573	0.03962	0.01323	0.00827	0.03647	0.00689	0.00476	0.02451	0.00133	0.00522	0.00371	0.00225	0.00567
9	0.00895	0.23261	0.50920	0.01031	0.04249	0.01099	0.01170	0.03931	0.03169	0.01213	0.00723	0.02232	0.00570	0.00400	0.00383	0.00117	0.03590	0.00297	0.00187	0.00562
10	0.00920	0.00907	0.01508	0.28950	0.49094	0.03773	0.06784	0.01167	0.00877	0.01192	0.00732	0.01003	0.00590	0.00368	0.00398	0.00123	0.00512	0.00358	0.00190	0.00555
11	0.01176	0.00812	0.00912	0.06606	0.01093	0.03802	0.00626	0.34676	0.04096	0.13888	0.01488	0.18839	0.06154	0.00663	0.00419	0.00129	0.00369	0.00552	0.03154	0.00546
12	0.02350	0.39880	0.11082	0.01113	0.18227	0.07666	0.00856	0.01244	0.05863	0.01113	0.00854	0.03977	0.03408	0.00419	0.00330	0.00106	0.00452	0.00322	0.00207	0.00532
13	0.00968	0.00944	0.01534	0.13706	0.69537	0.03957	0.01185	0.01202	0.00896	0.01245	0.00735	0.00982	0.00610	0.00361	0.00392	0.00119	0.00488	0.00350	0.00194	0.00596
14	0.00498	0.00354	0.00464	0.00547	0.00572	0.00333	0.00367	0.00566	0.00752	0.00999	0.02127	0.73818	0.03725	0.08681	0.00640	0.00181	0.00249	0.04453	0.00357	0.00317
15	0.00940	0.37733	0.08907	0.00891	0.01199	0.03107	0.15689	0.01138	0.00824	0.04521	0.00846	0.01030	0.02595	0.00878	0.16670	0.00208	0.00602	0.00333	0.01397	0.00490
16	0.00887	0.13650	0.36558	0.04513	0.01395	0.04315	0.01846	0.03903	0.00824	0.01157	0.03237	0.00914	0.00631	0.00544	0.03047	0.00146	0.21412	0.00317	0.00189	0.00516
17	0.01412	0.05222	0.01110	0.00949	0.01164	0.64986	0.00725	0.02852	0.08542	0.05526	0.00779	0.00843	0.00618	0.00425	0.00358	0.00105	0.00625	0.00284	0.02988	0.00489
18	0.00499	0.00374	0.00463	0.00501	0.00569	0.00338	0.00353	0.00605	0.00885	0.01169	0.22592	0.44822	0.23234	0.01076	0.00487	0.00145	0.00212	0.00953	0.00385	0.00338
19	0.03300	0.01008	0.00939	0.00839	0.03417	0.18027	0.00636	0.27559	0.06949	0.07915	0.06879	0.11973	0.06394	0.00623	0.00411	0.00124	0.00417	0.01710	0.00352	0.00529
20	0.00923	0.00885	0.01488	0.11479	0.58491	0.00941	0.03514	0.01145	0.00859	0.01219	0.00791	0.01167	0.00693	0.00435	0.00504	0.00130	0.09882	0.04686	0.00201	0.00569
21	0.00505	0.00403	0.00455	0.00477	0.00575	0.00362	0.00344	0.00647	0.04330	0.01132	0.11804	0.29725	0.45744	0.01040	0.00478	0.00142	0.00213	0.00900	0.00377	0.00347
22	0.01047	0.70515	0.13102	0.00756	0.01123	0.04700	0.00789	0.02278	0.00836	0.00999	0.00581	0.00670	0.00510	0.00349	0.00277	0.00091	0.00457	0.00227	0.00174	0.00520
23	0.00929	0.00886	0.01485	0.17118	0.63105	0.00930	0.01156	0.02099	0.00884	0.01241	0.00813	0.01060	0.02632	0.00391	0.00428	0.00123	0.03579	0.00365	0.00198	0.00581
24	0.00660	0.00512	0.00544	0.00518	0.00657	0.02760	0.00390	0.03234	0.08047	0.05694	0.16967	0.11800	0.44949	0.00896	0.00458	0.00133	0.00240	0.00760	0.00386	0.00397
25	0.00673	0.00460	0.00542	0.00533	0.00581	0.02414	0.00360	0.00757	0.03060	0.05327	0.01304	0.04956	0.01386	0.53056	0.17850	0.00387	0.00514	0.05265	0.00264	0.00312
26	0.06665	0.02945	0.01147	0.00919	0.01116	0.04723	0.05827	0.19991	0.15302	0.08005	0.03625	0.02017	0.00838	0.00547	0.00646	0.00138	0.24311	0.00384	0.00308	0.00547
27	0.00898	0.00859	0.01448	0.29841	0.52278	0.00936	0.01160	0.01135	0.00850	0.01183	0.00720	0.01000	0.00589	0.00386	0.00443	0.00126	0.05051	0.00353	0.00188	0.00555
28	0.00593	0.00436	0.00544	0.00539	0.00631	0.00417	0.00397	0.06272	0.01024	0.01397	0.41072	0.28049	0.11987	0.00996	0.02497	0.00150	0.00242	0.01983	0.00399	0.00374
29	0.00777	0.00705	0.00662	0.00637	0.01560	0.15847	0.00468	0.02092	0.03606	0.03681	0.43167	0.15646	0.08022	0.00791	0.00448	0.00127	0.00306	0.00679	0.00376	0.00402
30	0.00982	0.00977	0.01456	0.17372	0.57724	0.08187	0.01129	0.01253	0.04785	0.01233	0.00768	0.00996	0.00627	0.00375	0.00391	0.00120	0.00495	0.00349	0.00203	0.00579
31	0.00870	0.00829	0.01392	0.34373	0.45367	0.00915	0.01128	0.01104	0.00840	0.01159	0.00760	0.03481	0.00642	0.00414	0.00446	0.00128	0.05047	0.00375	0.00192	0.00536
32	0.01067	0.01362	0.09463	0.01256	0.03826	0.29891	0.30246	0.01295	0.00963	0.01138	0.03897	0.01069	0.02684	0.00540	0.04280	0.00146	0.05793	0.00383	0.00210	0.00491
33	0.10533	0.24268	0.13288	0.02660	0.02095	0.04445	0.02379	0.14236	0.02121	0.05171	0.00715	0.00833	0.00569	0.00473	0.01617	0.00127	0.13409	0.00294	0.00236	0.00532
34	0.03661	0.32101	0.12901	0.00782	0.01096	0.04266	0.00748	0.18874	0.01072	0.06549	0.02922	0.11512	0.00914	0.00512	0.00352	0.00113	0.00421	0.00395	0.00274	0.00535
35	0.00494	0.00375	0.00447	0.00495	0.00568	0.00335	0.00352	0.00572	0.00821	0.01038	0.03739	0.42966	0.36624	0.01136	0.00536	0.03865	0.00228	0.04725	0.00360	0.00324
36	0.07008	0.03092	0.08993	0.01993	0.06032	0.05425	0.00745	0.34921	0.01328	0.11264	0.05797	0.01353	0.09282	0.00518	0.00391	0.00120	0.00411	0.00406	0.00344	0.00577
37	0.00958	0.15122	0.20132	0.03997	0.04015	0.07740	0.07015	0.04161	0.07315	0.05688	0.07204	0.01407	0.07300	0.00505	0.00416	0.00122	0.03216	0.02906	0.00260	0.00520
38	0.01068	0.75256	0.07708	0.00731	0.01079	0.06629	0.00738	0.01216	0.00827	0.00958	0.00566	0.00655	0.00508	0.00346	0.00269	0.00089	0.00453	0.00220	0.00172	0.00511
39	0.00561	0.00407	0.00564	0.00584	0.00634	0.00443	0.00422	0.01834	0.00676	0.00941	0.01381	0.23314	0.01483	0.16896	0.47455	0.00464	0.00722	0.00630	0.00260	0.00331
40	0.09030	0.08889	0.14341	0.02759	0.04244	0.14366	0.03311	0.07651	0.02405	0.09624	0.01735	0.05654	0.00813	0.04793	0.07346	0.00174	0.01727	0.00375	0.00259	0.00504
41	0.03872	0.15262	0.07509	0.09504	0.29085	0.03031	0.13691	0.04106	0.01505	0.01234	0.00807	0.06205	0.00705	0.00420	0.00392	0.00120	0.01413	0.00385	0.00210	0.00542
42	0.00548	0.00379	0.00457	0.00488	0.00509	0.00370	0.00310	0.00590	0.00679	0.00903	0.04457	0.27164	0.04630	0.49447	0.02794	0.00295	0.00337	0.05067	0.00295	0.00281
43	0.24298	0.00953	0.02213	0.00813	0.01091	0.01037	0.03705	0.42028	0.04775	0.07436	0.00942	0.04413	0.00723	0.00483	0.00395	0.00125	0.03286	0.00361	0.00344	0.00579
44	0.01161	0.12210	0.03612	0.01170	0.12703	0.11733	0.13781	0.09972	0.11084	0.11203	0.01061	0.05621	0.01982	0.00465	0.00391	0.00120	0.00475	0.00405	0.00287	0.00565
45	0.03596	0.01280	0.16852	0.01260	0.01611	0.09188	0.34215	0.11481	0.03455	0.02193	0.00794	0.00977	0.00605	0.00484	0.02963	0.00145	0.07750	0.00381	0.00228	0.00542
46	0.00587	0.00401	0.00474	0.00480	0.00557	0.00366	0.00332	0.00671	0.00832	0.05509	0.14539	0.21576	0.26490	0.23033	0.00876	0.00204	0.00263	0.02130	0.00352	0.00332
47	0.06257	0.04231	0.04365	0.04159	0.09172	0.09071	0.15043	0.11213	0.06547	0.06854	0.02071	0.08758	0.04999	0.00550	0.00412	0.00129	0.00458	0.04900	0.00291	0.00521
48	0.02474	0.11750	0.11465	0.09641	0.41510	0.05391	0.03610	0.01218	0.00880	0.03729	0.00768	0.03312	0.00644	0.00395	0.00387	0.00118	0.01591	0.00347	0.00203	0.00565
49	0.00487	0.00351	0.00459	0.00542	0.00572	0.00327	0.00365	0.00558	0.00765	0.01011	0.02265	0.77237	0.07370	0.03702	0.00549	0.00166	0.00235	0.02353	0.00364	0.00321
50	0.04245	0.01102	0.05851	0.05517	0.01433	0.12762	0.18650	0.14160	0.10482	0.20192	0.01045	0.01083	0.00741	0.00432	0.00402	0.00124	0.00499	0.00378	0.00319	0.00582
51	0.03490	0.01304	0.36164	0.00980	0.03894	0.02581	0.06184	0.05719	0.02673	0.08915	0.03732	0.02732	0.13780	0.00536	0.00456	0.00129	0.05502	0.00433	0.00264	0.00532
52	0.00515	0.00385	0.00503	0.02338	0.00637	0.00372	0.00394	0.00625	0.02215	0.01105	0.13298	0.62959	0.09179	0.01123	0.00510	0.00153	0.01976	0.01004	0.00370	0.00340

[dist]
# distance from previous block
# <min> <max>
2	49

[block]
# block no. 7 follows, 68 sequences, length 10
# corresponding to MSA columns:
# 636-645
name=unknown_H
#
# <colnr> <probs for GDERKNQSTAVLIFYWHMCP>
#	G	D	E	R	K	N	Q	S	T	A	V	L	I	F	Y	W	H	M	C	P
0	0.05379	0.15471	0.13526	0.04219	0.07068	0.05611	0.04889	0.08233	0.05939	0.13106	0.03594	0.02770	0.03733	0.00462	0.00370	0.00117	0.00436	0.01468	0.00282	0.03328
1	0.00650	0.00535	0.00558	0.00581	0.00666	0.07269	0.00416	0.04773	0.00901	0.02661	0.07787	0.47032	0.17235	0.03902	0.00529	0.00154	0.00283	0.03347	0.00359	0.00362
2	0.07877	0.10324	0.09519	0.05398	0.01194	0.02343	0.03906	0.18160	0.05465	0.17259	0.09001	0.02294	0.01019	0.00475	0.00374	0.00118	0.00399	0.00381	0.01661	0.02833
3	0.04367	0.05550	0.09071	0.02588	0.13855	0.11774	0.04851	0.13710	0.06077	0.03870	0.05640	0.09647	0.02596	0.00531	0.00395	0.00121	0.00445	0.01466	0.00284	0.03160
4	0.02713	0.01283	0.08748	0.02723	0.19574	0.23696	0.11193	0.07449	0.07733	0.01331	0.02761	0.00976	0.00698	0.00400	0.00384	0.00114	0.00535	0.00341	0.00238	0.07109
5	0.00575	0.00385	0.00461	0.00472	0.00503	0.00373	0.00298	0.00612	0.00691	0.02515	0.07891	0.19003	0.08350	0.49359	0.03738	0.03156	0.00341	0.00701	0.00292	0.00283
6	0.03124	0.10775	0.01450	0.06105	0.41734	0.00963	0.04702	0.07127	0.04665	0.07690	0.02731	0.03920	0.02417	0.00434	0.00385	0.00119	0.00435	0.00390	0.00254	0.00581
7	0.00872	0.02168	0.02356	0.00828	0.09732	0.00685	0.00581	0.13628	0.09019	0.06872	0.16644	0.09351	0.17913	0.04391	0.00528	0.00141	0.02849	0.00600	0.00359	0.00482
8	0.00562	0.00383	0.00432	0.00438	0.00450	0.00376	0.00253	0.00574	0.00615	0.00809	0.01535	0.07994	0.08224	0.73705	0.01795	0.00350	0.00360	0.00633	0.00259	0.00253
9	0.05472	0.01178	0.01033	0.00866	0.01107	0.27858	0.02097	0.25372	0.01273	0.17052	0.01097	0.07944	0.02723	0.00530	0.00412	0.00120	0.02584	0.00401	0.00333	0.00549

[dist]
# distance from previous block
# <min> <max>
0	3

[block]
# block no. 8 follows, 68 sequences, length 65
# corresponding to MSA columns:
# 649-713
name=unknown_I
#
# <colnr> <probs for GDERKNQSTAVLIFYWHMCP>
#	G	D	E	R	K	N	Q	S	T	A	V	L	I	F	Y	W	H	M	C	P
0	0.06683	0.20025	0.33211	0.07839	0.03118	0.01088	0.06266	0.10328	0.00941	0.02973	0.00713	0.00840	0.00541	0.00383	0.00365	0.00116	0.01852	0.00297	0.00210	0.02211
1	0.37115	0.01006	0.00845	0.03055	0.01007	0.15090	0.00585	0.20407	0.04262	0.05276	0.00854	0.00911	0.02156	0.00430	0.00323	0.00118	0.00405	0.00297	0.05352	0.00506
2	0.00575	0.00446	0.00524	0.00559	0.00635	0.01985	0.00399	0.03850	0.04377	0.01186	0.12844	0.50420	0.16159	0.01067	0.00485	0.00149	0.00244	0.03358	0.00376	0.00361
3	0.01063	0.05889	0.01255	0.06968	0.08050	0.11682	0.10690	0.15739	0.11761	0.03274	0.02252	0.04910	0.03951	0.00603	0.03019	0.00143	0.04189	0.03745	0.00288	0.00529
4	0.03383	0.02773	0.04751	0.04132	0.15341	0.04902	0.24533	0.02629	0.01988	0.07352	0.00917	0.01220	0.00756	0.06166	0.15913	0.00234	0.00628	0.00405	0.01475	0.00503
5	0.00586	0.00436	0.00508	0.00540	0.00587	0.02048	0.00368	0.02655	0.03045	0.01023	0.04964	0.37321	0.07357	0.28665	0.02430	0.00237	0.00317	0.06267	0.00325	0.00322
6	0.07524	0.00978	0.01069	0.00844	0.01128	0.01066	0.01790	0.61487	0.01607	0.07489	0.01118	0.07473	0.01955	0.00544	0.00399	0.00124	0.00404	0.01995	0.00386	0.00618
7	0.02370	0.09994	0.16595	0.01073	0.14796	0.04113	0.03207	0.03023	0.02740	0.01138	0.01018	0.04600	0.03758	0.01916	0.27604	0.00288	0.00667	0.00399	0.00218	0.00482
8	0.25350	0.03657	0.00993	0.06456	0.03546	0.17426	0.00674	0.19151	0.01083	0.09118	0.00799	0.01774	0.00616	0.00548	0.04119	0.00142	0.03439	0.00308	0.00282	0.00516
9	0.00691	0.00467	0.00602	0.00599	0.00661	0.00491	0.00429	0.06868	0.05342	0.02254	0.03029	0.28458	0.03018	0.09256	0.10358	0.22007	0.02803	0.02042	0.00292	0.00335
10	0.09372	0.05711	0.01158	0.08420	0.06900	0.17353	0.04388	0.12585	0.04975	0.08305	0.00843	0.01037	0.00679	0.05619	0.02226	0.00149	0.09165	0.00342	0.00263	0.00511
11	0.02258	0.33169	0.14526	0.00977	0.09741	0.04986	0.03084	0.10660	0.00979	0.02368	0.05379	0.04292	0.00835	0.00486	0.02009	0.00118	0.00458	0.00341	0.02804	0.00530
12	0.00512	0.00367	0.00486	0.00570	0.00604	0.00348	0.00394	0.01978	0.00793	0.01056	0.02966	0.77812	0.02576	0.01214	0.00507	0.00161	0.00243	0.06714	0.00369	0.00332
13	0.03037	0.01108	0.01118	0.03471	0.13651	0.23454	0.00797	0.12437	0.05652	0.01276	0.00797	0.01019	0.00676	0.02305	0.12624	0.00204	0.15292	0.00343	0.00238	0.00500
14	0.00964	0.05831	0.09167	0.18488	0.29702	0.06067	0.04699	0.02434	0.07557	0.03038	0.00807	0.01027	0.00646	0.00418	0.00454	0.00125	0.06636	0.01174	0.00215	0.00550
15	0.00717	0.02294	0.02255	0.00775	0.04947	0.02291	0.05071	0.06244	0.03154	0.01055	0.01061	0.01667	0.01020	0.22790	0.42396	0.00441	0.00752	0.00447	0.00234	0.00388
16	0.00555	0.00462	0.00506	0.00522	0.00620	0.03643	0.00385	0.00696	0.03281	0.01138	0.14739	0.24793	0.35330	0.01163	0.07225	0.00181	0.00305	0.03743	0.00360	0.00353
17	0.01059	0.62786	0.16723	0.00786	0.01161	0.06196	0.00826	0.03376	0.00862	0.02250	0.00609	0.00696	0.00519	0.00356	0.00288	0.00095	0.00469	0.00236	0.00182	0.00527
18	0.00774	0.01068	0.27087	0.00806	0.01066	0.05593	0.00802	0.01088	0.08307	0.04315	0.01132	0.04000	0.03327	0.08961	0.29545	0.00326	0.00683	0.00421	0.00238	0.00460
19	0.01104	0.11949	0.31734	0.01050	0.03416	0.13644	0.04184	0.18778	0.03632	0.01440	0.00752	0.00853	0.00571	0.00417	0.00415	0.00118	0.04834	0.00307	0.00232	0.00569
20	0.00569	0.00408	0.00556	0.00557	0.00600	0.00450	0.00396	0.00655	0.00616	0.00864	0.01155	0.03589	0.01195	0.34693	0.51347	0.00531	0.00787	0.00496	0.00226	0.00310
21	0.00583	0.01400	0.00515	0.00534	0.00616	0.03133	0.00380	0.00692	0.02059	0.04308	0.10097	0.48043	0.24048	0.01062	0.00479	0.00146	0.00242	0.00935	0.00372	0.00355
22	0.04145	0.00604	0.00642	0.00590	0.00736	0.04104	0.00451	0.03981	0.18881	0.01544	0.44472	0.02506	0.14330	0.00733	0.00438	0.00127	0.00252	0.00624	0.00401	0.00440
