[name]
unknown

[dist]
# distance from previous block
# <min> <max>
2	183

[block]
# block no. 0 follows, 67 sequences, length 46
# corresponding to MSA columns:
# 257-302
name=unknown_A
#
# <colnr> <probs for GDERKNQSTAVLIFYWHMCP>
#	G	D	E	R	K	N	Q	S	T	A	V	L	I	F	Y	W	H	M	C	P
0	0.16122	0.00966	0.03574	0.07232	0.04007	0.09775	0.11530	0.11353	0.06148	0.06050	0.00970	0.05247	0.01760	0.00664	0.06993	0.00164	0.01481	0.00389	0.00275	0.05299
1	0.04427	0.03811	0.01152	0.11199	0.01354	0.13867	0.07982	0.12752	0.05107	0.15667	0.02455	0.04658	0.00840	0.00473	0.00402	0.00118	0.01776	0.01247	0.00307	0.10404
2	0.04295	0.12754	0.03646	0.03077	0.03433	0.08646	0.02805	0.26654	0.06937	0.04136	0.03649	0.03501	0.09072	0.00534	0.00420	0.00120	0.03671	0.00412	0.00312	0.01926
3	0.01033	0.13224	0.01109	0.00811	0.03734	0.17952	0.04981	0.06945	0.01948	0.06606	0.07262	0.02932	0.15804	0.01401	0.02123	0.00123	0.00435	0.00443	0.00290	0.10843
4	0.05597	0.18359	0.01229	0.00799	0.00995	0.03405	0.08430	0.12135	0.03324	0.03063	0.02263	0.01401	0.03534	0.18040	0.05847	0.00208	0.10252	0.00404	0.00254	0.00460
5	0.02880	0.03968	0.01536	0.01180	0.01455	0.30619	0.31778	0.01323	0.03636	0.01155	0.01039	0.03515	0.07178	0.00463	0.00446	0.00122	0.03654	0.00419	0.00229	0.03404
6	0.06510	0.01032	0.00870	0.00790	0.00971	0.25482	0.00627	0.14820	0.01142	0.03370	0.08744	0.03366	0.11827	0.00684	0.00462	0.00132	0.04002	0.14387	0.00321	0.00461
7	0.02323	0.00837	0.01015	0.00808	0.01077	0.03260	0.04686	0.24668	0.04695	0.26846	0.01292	0.12760	0.01047	0.00570	0.00430	0.00123	0.02512	0.00472	0.00386	0.10193
8	0.00999	0.00895	0.01443	0.30443	0.40521	0.03685	0.05378	0.03608	0.00930	0.07067	0.00803	0.01040	0.00622	0.00387	0.00402	0.00125	0.00504	0.00363	0.00219	0.00564
9	0.00595	0.00456	0.00552	0.00612	0.03745	0.03193	0.00391	0.00662	0.00711	0.00946	0.04213	0.30175	0.02687	0.34242	0.13663	0.00318	0.00445	0.01789	0.00289	0.00317
10	0.00798	0.00734	0.01203	0.80506	0.02682	0.00910	0.01095	0.05303	0.00859	0.01104	0.00726	0.01064	0.00542	0.00405	0.00401	0.00133	0.00530	0.00357	0.00190	0.00458
11	0.00757	0.00713	0.01203	0.84942	0.02762	0.00891	0.01114	0.01025	0.00802	0.01025	0.00713	0.01069	0.00535	0.00401	0.00401	0.00134	0.00535	0.00356	0.00178	0.00446
12	0.00922	0.38865	0.48063	0.00943	0.01427	0.01218	0.01134	0.01240	0.00833	0.01127	0.00649	0.00758	0.00511	0.00364	0.00327	0.00109	0.00521	0.00261	0.00170	0.00559
13	0.01523	0.01165	0.01200	0.00929	0.01244	0.05628	0.00763	0.77819	0.01846	0.02446	0.00945	0.00950	0.00673	0.00478	0.00399	0.00119	0.00456	0.00356	0.00391	0.00671
14	0.00499	0.00406	0.00436	0.00443	0.00560	0.00351	0.00331	0.00606	0.00910	0.01120	0.11096	0.07941	0.62932	0.05496	0.00563	0.00152	0.00222	0.05226	0.00372	0.00338
15	0.01691	0.00849	0.00965	0.00805	0.03490	0.12130	0.00627	0.01839	0.01127	0.67147	0.01445	0.04003	0.00970	0.00505	0.00401	0.00122	0.00394	0.00406	0.00444	0.00640
16	0.01001	0.01085	0.01234	0.01062	0.01111	0.17561	0.02522	0.01097	0.00724	0.00975	0.00551	0.00851	0.00526	0.00638	0.01111	0.00160	0.66827	0.00335	0.00182	0.00446
17	0.01319	0.00949	0.01032	0.00818	0.01075	0.01036	0.00655	0.60978	0.02573	0.04795	0.01150	0.02840	0.03283	0.12363	0.03128	0.00174	0.00437	0.00425	0.00376	0.00595
18	0.02259	0.01055	0.02099	0.01781	0.18751	0.03434	0.59447	0.01261	0.00936	0.01281	0.00829	0.03413	0.00666	0.00370	0.00452	0.00132	0.00619	0.00458	0.00207	0.00550
19	0.76713	0.00932	0.00665	0.00597	0.00840	0.12395	0.00481	0.01237	0.00745	0.01687	0.00567	0.00661	0.00446	0.00378	0.00264	0.00121	0.00367	0.00223	0.00242	0.00439
20	0.00634	0.00452	0.00591	0.00647	0.00756	0.00432	0.00550	0.00797	0.00935	0.03584	0.05340	0.04214	0.22530	0.01057	0.00527	0.00169	0.00321	0.55716	0.00376	0.00371
21	0.76755	0.00763	0.00636	0.00553	0.00810	0.00857	0.00456	0.01286	0.00747	0.13086	0.00700	0.00750	0.00511	0.00389	0.00270	0.00124	0.00315	0.00243	0.00282	0.00469
22	0.86210	0.00773	0.00599	0.00533	0.00783	0.00891	0.00439	0.01201	0.00696	0.04181	0.00588	0.00672	0.00451	0.00376	0.00253	0.00124	0.00311	0.00223	0.00255	0.00442
23	0.00542	0.00409	0.00501	0.00478	0.00584	0.00368	0.00358	0.00708	0.01075	0.01466	0.61680	0.03231	0.25385	0.00873	0.00473	0.00129	0.00193	0.00758	0.00423	0.00368
24	0.01429	0.01053	0.01133	0.00892	0.01192	0.01167	0.00729	0.64593	0.15606	0.05056	0.01116	0.02313	0.00814	0.00504	0.00404	0.00124	0.00414	0.00390	0.00405	0.00669
25	0.00676	0.00352	0.00512	0.00517	0.00518	0.00351	0.00340	0.00530	0.00540	0.00720	0.00821	0.05495	0.00860	0.08881	0.01558	0.76198	0.00346	0.00408	0.00190	0.00188
26	0.76713	0.00932	0.00665	0.00597	0.00840	0.12395	0.00481	0.01237	0.00745	0.01687	0.00567	0.00661	0.00446	0.00378	0.00264	0.00121	0.00367	0.00223	0.00242	0.00439
27	0.12191	0.01189	0.01119	0.00890	0.01186	0.12650	0.00724	0.61079	0.01635	0.02225	0.00866	0.00892	0.00629	0.00459	0.00377	0.00118	0.00464	0.00329	0.00356	0.00622
28	0.00550	0.00422	0.00553	0.00576	0.00631	0.00425	0.00419	0.00666	0.00889	0.01216	0.28205	0.42877	0.09580	0.01045	0.00566	0.00150	0.07525	0.02974	0.00377	0.00355
29	0.04374	0.00915	0.01064	0.01043	0.12429	0.01001	0.00732	0.20796	0.40676	0.08118	0.01283	0.01240	0.00950	0.00486	0.00395	0.00126	0.00370	0.00400	0.00374	0.03227
30	0.00494	0.00409	0.00434	0.00433	0.00561	0.00349	0.00328	0.00611	0.00945	0.01161	0.15033	0.03765	0.69049	0.00992	0.00477	0.00136	0.00208	0.03889	0.00382	0.00345
31	0.71317	0.00954	0.00703	0.00622	0.00869	0.12416	0.00502	0.06242	0.00820	0.01732	0.00592	0.00681	0.00461	0.00385	0.00273	0.00121	0.00375	0.00232	0.00252	0.00454
32	0.01529	0.01219	0.01186	0.00932	0.01237	0.12672	0.00759	0.68592	0.01760	0.04729	0.00934	0.00942	0.00668	0.00472	0.00396	0.00118	0.00477	0.00348	0.00377	0.00652
33	0.00697	0.00348	0.00522	0.00522	0.00522	0.00348	0.00348	0.00522	0.00522	0.00697	0.00697	0.01219	0.00697	0.01393	0.01567	0.88332	0.00348	0.00348	0.00174	0.00174
34	0.00489	0.00349	0.00465	0.00558	0.00582	0.00326	0.00372	0.00558	0.00768	0.01024	0.02210	0.85644	0.02653	0.01256	0.00512	0.00163	0.00233	0.01140	0.00372	0.00326
35	0.00980	0.01001	0.01411	0.31268	0.43722	0.12419	0.01127	0.01209	0.00905	0.01165	0.00721	0.00982	0.00584	0.00380	0.00394	0.00122	0.00531	0.00343	0.00192	0.00545
36	0.01049	0.78722	0.09319	0.00727	0.01092	0.01529	0.00756	0.01207	0.00818	0.00972	0.00572	0.00661	0.00514	0.00346	0.00268	0.00089	0.00443	0.00222	0.00171	0.00522
37	0.00875	0.15868	0.67245	0.01064	0.01601	0.04233	0.01324	0.01271	0.00853	0.01205	0.00689	0.00809	0.00509	0.00376	0.00360	0.00119	0.00571	0.00281	0.00171	0.00575
38	0.00646	0.00473	0.00554	0.00531	0.00637	0.03593	0.00395	0.00803	0.01058	0.05772	0.54852	0.14321	0.13101	0.00871	0.00471	0.00131	0.00225	0.00762	0.00417	0.00386
39	0.00718	0.00524	0.00715	0.00740	0.00855	0.00528	0.03233	0.05956	0.04089	0.02749	0.02020	0.13951	0.04664	0.04115	0.00580	0.00179	0.00360	0.53258	0.00366	0.00399
40	0.00725	0.00606	0.00688	0.00708	0.03901	0.06505	0.02758	0.05589	0.02991	0.01119	0.01878	0.14792	0.12839	0.25198	0.00927	0.00218	0.00373	0.17499	0.00314	0.00370
41	0.01025	0.01023	0.01096	0.04912	0.01165	0.21298	0.07428	0.07089	0.00952	0.04633	0.03665	0.11866	0.04175	0.01525	0.02643	0.00155	0.21704	0.02925	0.00264	0.00456
42	0.07500	0.01016	0.01140	0.03785	0.14959	0.13848	0.03153	0.10690	0.10724	0.22634	0.01052	0.01076	0.00761	0.00448	0.00411	0.00121	0.02947	0.00355	0.00327	0.03052
43	0.05606	0.00836	0.00950	0.00841	0.00985	0.10040	0.06023	0.07711	0.10770	0.03294	0.03509	0.23493	0.03577	0.00749	0.00601	0.00144	0.16207	0.02665	0.00309	0.01689
44	0.06032	0.00899	0.01212	0.00987	0.01220	0.08833	0.20761	0.13929	0.04483	0.03726	0.01274	0.12219	0.03824	0.00777	0.05932	0.00169	0.02674	0.07987	0.00298	0.02766
45	0.01886	0.15325	0.01326	0.03786	0.11558	0.13745	0.03747	0.16874	0.06153	0.03913	0.01747	0.02446	0.03335	0.00541	0.03098	0.00131	0.04147	0.00357	0.00269	0.05619

[dist]
# distance from previous block
# <min> <max>
11	125

[block]
# block no. 1 follows, 67 sequences, length 49
# corresponding to MSA columns:
# 446-494
name=unknown_B
#
# <colnr> <probs for GDERKNQSTAVLIFYWHMCP>
#	G	D	E	R	K	N	Q	S	T	A	V	L	I	F	Y	W	H	M	C	P
0	0.10471	0.02128	0.00937	0.00874	0.08906	0.05576	0.03253	0.12925	0.03557	0.04934	0.04608	0.06276	0.09907	0.08110	0.00577	0.00143	0.04603	0.00461	0.00299	0.11454
1	0.02554	0.01061	0.01028	0.00840	0.01104	0.21791	0.05766	0.13038	0.05984	0.14600	0.01119	0.06787	0.02731	0.00490	0.00380	0.00110	0.00448	0.00394	0.02914	0.16862
2	0.01130	0.01041	0.01355	0.01075	0.01330	0.12530	0.21727	0.18480	0.10603	0.05792	0.01009	0.03620	0.00809	0.00803	0.11224	0.00196	0.06024	0.00420	0.00289	0.00542
3	0.13267	0.01042	0.00962	0.00805	0.01067	0.13819	0.00641	0.23409	0.22501	0.10448	0.01095	0.01076	0.00804	0.00466	0.00368	0.00119	0.00410	0.00349	0.03100	0.04251
4	0.07159	0.00870	0.00989	0.00781	0.01066	0.00899	0.00636	0.37133	0.04333	0.25628	0.02471	0.06499	0.00940	0.00525	0.00406	0.00121	0.01610	0.00413	0.00402	0.07118
5	0.00603	0.05528	0.00723	0.00638	0.00723	0.00561	0.00501	0.00739	0.00652	0.00925	0.01051	0.01564	0.00993	0.06332	0.75859	0.00601	0.01007	0.00423	0.00213	0.00363
6	0.00493	0.00356	0.00467	0.00555	0.00587	0.00331	0.00377	0.00568	0.00781	0.01033	0.02318	0.78291	0.07437	0.01238	0.00511	0.00162	0.00235	0.03562	0.00372	0.00328
7	0.01028	0.00737	0.00871	0.00640	0.00982	0.00602	0.00516	0.05587	0.04575	0.14312	0.00904	0.00952	0.00689	0.00349	0.00324	0.00076	0.00313	0.00280	0.00295	0.65969
8	0.01291	0.25260	0.04800	0.00993	0.05183	0.42797	0.00795	0.06538	0.05105	0.01130	0.00683	0.00775	0.00567	0.00406	0.00358	0.00104	0.02213	0.00270	0.00217	0.00514
9	0.00501	0.00354	0.00462	0.00542	0.00562	0.00334	0.00355	0.00562	0.00743	0.00991	0.02084	0.74564	0.02493	0.12554	0.00716	0.00193	0.00254	0.01066	0.00355	0.00315
10	0.00804	0.02074	0.83828	0.01143	0.01736	0.00931	0.01482	0.01270	0.00847	0.01270	0.00720	0.00847	0.00508	0.00381	0.00381	0.00127	0.00593	0.00296	0.00169	0.00593
11	0.01343	0.00924	0.11434	0.01243	0.21246	0.00730	0.05853	0.01563	0.01017	0.43027	0.01266	0.06567	0.00928	0.00487	0.00410	0.00126	0.00419	0.00430	0.00357	0.00628
12	0.01091	0.31279	0.01965	0.01288	0.10296	0.11705	0.29515	0.04751	0.02277	0.01188	0.00711	0.00873	0.00580	0.00361	0.00370	0.00111	0.00557	0.00337	0.00204	0.00540
13	0.00574	0.00425	0.00620	0.00620	0.00684	0.00488	0.00471	0.00701	0.00637	0.00913	0.01096	0.01698	0.01056	0.12709	0.74688	0.00615	0.00994	0.00448	0.00218	0.00345
14	0.00742	0.00374	0.00376	0.00376	0.00466	0.00374	0.00279	0.00922	0.00832	0.01470	0.01307	0.01535	0.01043	0.03447	0.00342	0.00104	0.00194	0.00381	0.85066	0.00369
15	0.00976	0.00936	0.01597	0.08413	0.77586	0.00948	0.01222	0.01216	0.00905	0.01290	0.00751	0.00998	0.00628	0.00360	0.00397	0.00120	0.00481	0.00357	0.00197	0.00622
16	0.01090	0.82551	0.02060	0.00701	0.01038	0.05117	0.00690	0.01218	0.00829	0.00945	0.00560	0.00647	0.00515	0.00346	0.00262	0.00087	0.00441	0.00216	0.00173	0.00513
17	0.00573	0.00430	0.00645	0.00645	0.00716	0.00501	0.00501	0.00716	0.00645	0.00931	0.01074	0.01576	0.01003	0.03008	0.84316	0.00645	0.01074	0.00430	0.00215	0.00358
18	0.01492	0.01197	0.01174	0.00926	0.01224	0.11298	0.00753	0.69983	0.01763	0.02297	0.00957	0.03341	0.00718	0.00495	0.00400	0.00119	0.00470	0.00371	0.00377	0.00646
19	0.00748	0.00374	0.00374	0.00374	0.00467	0.00374	0.00280	0.00934	0.00841	0.01495	0.01308	0.01495	0.01028	0.00467	0.00280	0.00093	0.00187	0.00374	0.88132	0.00374
20	0.00748	0.00374	0.00374	0.00374	0.00467	0.00374	0.00280	0.00934	0.00841	0.01495	0.01308	0.01495	0.01028	0.00467	0.00280	0.00093	0.00187	0.00374	0.88132	0.00374
21	0.86927	0.02539	0.00621	0.00531	0.00781	0.00914	0.00440	0.01179	0.00685	0.01782	0.00558	0.00651	0.00436	0.00372	0.00248	0.00123	0.00313	0.00217	0.00247	0.00436
22	0.00738	0.00902	0.11895	0.03684	0.01366	0.03159	0.30163	0.00973	0.00889	0.01191	0.06843	0.27860	0.07135	0.00714	0.00468	0.00141	0.00459	0.00692	0.00278	0.00450
23	0.00859	0.00696	0.00753	0.03058	0.00887	0.05984	0.00539	0.20717	0.07098	0.01458	0.04552	0.45673	0.03166	0.00910	0.00473	0.00144	0.01423	0.00791	0.00366	0.00451
24	0.00489	0.00349	0.00465	0.00558	0.00582	0.00326	0.00372	0.00558	0.00768	0.01024	0.02210	0.85644	0.02653	0.01256	0.00512	0.00163	0.00233	0.01140	0.00372	0.00326
25	0.00832	0.00713	0.00832	0.00594	0.00950	0.00535	0.00475	0.01010	0.00832	0.01307	0.00713	0.00832	0.00594	0.00297	0.00297	0.00059	0.00297	0.00238	0.00238	0.88357
26	0.23264	0.00903	0.00898	0.00769	0.01024	0.01032	0.00615	0.21149	0.42524	0.01913	0.01200	0.01155	0.00894	0.00486	0.00366	0.00129	0.00345	0.00372	0.00366	0.00596
27	0.00489	0.00349	0.00465	0.00558	0.00582	0.00326	0.00372	0.00558	0.00768	0.01024	0.02210	0.85644	0.02653	0.01256	0.00512	0.00163	0.00233	0.01140	0.00372	0.00326
28	0.00877	0.00877	0.01228	0.01053	0.01053	0.01228	0.00877	0.00965	0.00614	0.00965	0.00526	0.00877	0.00526	0.00702	0.01316	0.00175	0.85172	0.00351	0.00175	0.00439
29	0.01072	0.86147	0.02102	0.00686	0.01029	0.01587	0.00686	0.01201	0.00815	0.00944	0.00558	0.00643	0.00515	0.00343	0.00257	0.00086	0.00429	0.00214	0.00172	0.00515
30	0.00489	0.00349	0.00465	0.00558	0.00582	0.00326	0.00372	0.00558	0.00768	0.01024	0.02210	0.85644	0.02653	0.01256	0.00512	0.00163	0.00233	0.01140	0.00372	0.00326
31	0.00550	0.00395	0.00509	0.00580	0.00621	0.00380	0.00395	0.05408	0.00834	0.01113	0.02136	0.80606	0.02535	0.01210	0.00505	0.00160	0.00245	0.01094	0.00374	0.00347
32	0.00859	0.00865	0.01274	0.65718	0.11166	0.08983	0.03353	0.01110	0.00850	0.01058	0.00711	0.01028	0.00546	0.00396	0.00399	0.00129	0.00551	0.00350	0.00184	0.00470
33	0.00877	0.00877	0.01228	0.01053	0.01053	0.01228	0.00877	0.00965	0.00614	0.00965	0.00526	0.00877	0.00526	0.00702	0.01316	0.00175	0.85172	0.00351	0.00175	0.00439
34	0.00573	0.00430	0.00645	0.00645	0.00716	0.00501	0.00501	0.00716	0.00645	0.00931	0.01074	0.01576	0.01003	0.03008	0.84316	0.00645	0.01074	0.00430	0.00215	0.00358
35	0.00804	0.02074	0.83828	0.01143	0.01736	0.00931	0.01482	0.01270	0.00847	0.01270	0.00720	0.00847	0.00508	0.00381	0.00381	0.00127	0.00593	0.00296	0.00169	0.00593
36	0.00837	0.07086	0.70914	0.01217	0.06913	0.00975	0.04083	0.01264	0.00852	0.01253	0.00715	0.00851	0.00520	0.00376	0.00378	0.00124	0.00578	0.00301	0.00172	0.00589
37	0.01458	0.00737	0.00883	0.00733	0.00983	0.05942	0.00601	0.07540	0.02389	0.51125	0.09892	0.01911	0.01415	0.00611	0.00429	0.00131	0.00361	0.11820	0.00446	0.00592
38	0.00877	0.00877	0.01228	0.01053	0.01053	0.01228	0.00877	0.00965	0.00614	0.00965	0.00526	0.00877	0.00526	0.00702	0.01316	0.00175	0.85172	0.00351	0.00175	0.00439
39	0.00490	0.00410	0.00428	0.00432	0.00562	0.00348	0.00329	0.00601	0.00927	0.01120	0.08459	0.03850	0.73896	0.01010	0.00479	0.00138	0.00212	0.05591	0.00376	0.00343
40	0.02891	0.01125	0.06198	0.01005	0.01325	0.09639	0.14545	0.31996	0.05828	0.12219	0.04512	0.02141	0.00860	0.00465	0.00407	0.00122	0.00480	0.00394	0.00339	0.03510
41	0.05969	0.00958	0.05858	0.00784	0.01072	0.08795	0.03070	0.07454	0.20615	0.09643	0.04648	0.02568	0.02100	0.00478	0.00375	0.00111	0.00383	0.02375	0.00325	0.22418
42	0.02790	0.09049	0.03703	0.00866	0.01169	0.04917	0.02087	0.53981	0.01526	0.03902	0.00954	0.04033	0.00756	0.04167	0.00454	0.00127	0.00441	0.00374	0.00345	0.04358
43	0.00887	0.00791	0.00863	0.00668	0.00958	0.06310	0.01825	0.06972	0.02274	0.01328	0.01040	0.06472	0.05668	0.01993	0.00403	0.00090	0.03147	0.00359	0.00264	0.57688
44	0.16786	0.05961	0.00949	0.04467	0.01059	0.10189	0.01908	0.04994	0.07421	0.03289	0.04292	0.00959	0.00750	0.00400	0.00340	0.01183	0.00378	0.00293	0.00264	0.34119
45	0.02042	0.00922	0.03555	0.00850	0.01094	0.07454	0.07302	0.15602	0.18067	0.05753	0.04538	0.07493	0.06943	0.00632	0.02166	0.00136	0.04449	0.01450	0.00333	0.09217
46	0.03863	0.15318	0.19082	0.00906	0.03128	0.06193	0.02510	0.08774	0.10481	0.01329	0.02848	0.02395	0.08265	0.01693	0.00496	0.00130	0.08958	0.02851	0.00260	0.00522
47	0.03247	0.01029	0.03573	0.00866	0.01118	0.16248	0.07987	0.11362	0.12977	0.03953	0.06036	0.05002	0.05933	0.00543	0.00426	0.00119	0.02842	0.02908	0.00308	0.13522
48	0.04620	0.02285	0.00941	0.00806	0.03711	0.10154	0.01553	0.10034	0.11598	0.11835	0.01444	0.02846	0.11789	0.02103	0.00488	0.00124	0.06911	0.01965	0.00322	0.14470

[dist]
# distance from previous block
# <min> <max>
15	228

[block]
# block no. 2 follows, 67 sequences, length 7
# corresponding to MSA columns:
# 847-853
name=unknown_C
#
# <colnr> <probs for GDERKNQSTAVLIFYWHMCP>
#	G	D	E	R	K	N	Q	S	T	A	V	L	I	F	Y	W	H	M	C	P
0	0.04755	0.00515	0.00626	0.00574	0.00684	0.00529	0.00443	0.07010	0.01073	0.01528	0.51756	0.02708	0.09534	0.06092	0.00617	0.00149	0.06079	0.04542	0.00390	0.00396
1	0.00701	0.00539	0.00731	0.00643	0.00706	0.00565	0.07869	0.06927	0.00734	0.00992	0.01227	0.09114	0.01355	0.58589	0.01594	0.00311	0.06235	0.00586	0.00258	0.00324
2	0.04899	0.04924	0.00885	0.00759	0.00902	0.13952	0.08000	0.06466	0.00924	0.01175	0.01655	0.38901	0.06732	0.04662	0.00519	0.00151	0.00389	0.03385	0.00311	0.00405
3	0.03032	0.08331	0.01475	0.03363	0.08966	0.23158	0.18351	0.08579	0.11655	0.04042	0.00867	0.00974	0.00671	0.00405	0.00387	0.00116	0.00543	0.00350	0.00256	0.04477
4	0.02719	0.01054	0.08595	0.00825	0.01103	0.13755	0.03501	0.11854	0.08955	0.10779	0.04951	0.02863	0.07769	0.00533	0.00419	0.00117	0.02716	0.03062	0.00318	0.14114
5	0.12092	0.07581	0.02899	0.08688	0.04156	0.14751	0.05345	0.07590	0.05829	0.01297	0.00991	0.01128	0.07431	0.00509	0.00541	0.00129	0.16078	0.00360	0.00241	0.02365
6	0.09259	0.09604	0.01119	0.01989	0.04680	0.05783	0.02166	0.08152	0.08474	0.14116	0.02091	0.04349	0.00832	0.00674	0.05757	0.00160	0.15342	0.00375	0.00292	0.04785

[dist]
# distance from previous block
# <min> <max>
9	251

[block]
# block no. 3 follows, 67 sequences, length 21
# corresponding to MSA columns:
# 1315-1335
name=unknown_D
#
# <colnr> <probs for GDERKNQSTAVLIFYWHMCP>
#	G	D	E	R	K	N	Q	S	T	A	V	L	I	F	Y	W	H	M	C	P
0	0.01712	0.05609	0.07738	0.00966	0.06501	0.03203	0.13846	0.06112	0.08414	0.04469	0.02572	0.02992	0.20165	0.01388	0.02228	0.00143	0.00426	0.07062	0.00300	0.04153
1	0.02203	0.11661	0.04296	0.07157	0.07251	0.23566	0.01983	0.16217	0.06889	0.03130	0.00883	0.01140	0.00738	0.03143	0.00467	0.00128	0.03921	0.04433	0.00263	0.00531
2	0.02237	0.12846	0.11280	0.04932	0.08596	0.05783	0.01937	0.17938	0.01921	0.01462	0.07430	0.02519	0.13057	0.00554	0.00411	0.00121	0.02078	0.02161	0.00286	0.02449
3	0.02693	0.19022	0.09265	0.03018	0.26330	0.06005	0.07667	0.02151	0.00884	0.01215	0.00690	0.00861	0.00573	0.00361	0.00379	0.00105	0.03062	0.00302	0.00200	0.15216
4	0.01097	0.15449	0.06148	0.02134	0.04123	0.12560	0.18182	0.08766	0.15064	0.03454	0.00962	0.01165	0.00776	0.00489	0.01629	0.00131	0.03108	0.03950	0.00263	0.00550
5	0.00914	0.12741	0.14027	0.01025	0.02492	0.02102	0.22185	0.04831	0.06238	0.04304	0.19943	0.02405	0.01394	0.00493	0.00412	0.00121	0.00453	0.00456	0.00284	0.03181
6	0.36900	0.00678	0.00746	0.00823	0.10994	0.01680	0.00580	0.01060	0.00849	0.04277	0.10752	0.01977	0.03080	0.01843	0.00402	0.00139	0.00334	0.18612	0.00302	0.03974
7	0.00624	0.00465	0.00606	0.10955	0.00876	0.00503	0.00477	0.00811	0.04417	0.01092	0.01775	0.02101	0.19235	0.09558	0.29393	0.00327	0.00563	0.00519	0.15333	0.00369
8	0.00680	0.00660	0.00591	0.00525	0.00719	0.10761	0.00401	0.00799	0.00923	0.01120	0.02894	0.02801	0.54691	0.00782	0.00421	0.00115	0.00288	0.00639	0.00322	0.19868
9	0.01227	0.57153	0.01750	0.00758	0.01074	0.11669	0.00693	0.08554	0.04269	0.08461	0.00735	0.00780	0.00601	0.00386	0.00302	0.00096	0.00454	0.00259	0.00235	0.00543
10	0.01032	0.63744	0.20178	0.00803	0.01195	0.05137	0.00867	0.01234	0.00836	0.01018	0.00596	0.00692	0.00513	0.00355	0.00289	0.00096	0.00478	0.00235	0.00173	0.00530
11	0.00801	0.00673	0.00783	0.00575	0.00887	0.00517	0.00447	0.00957	0.00801	0.01241	0.00781	0.01053	0.00701	0.10881	0.00513	0.00100	0.00308	0.00280	0.00238	0.77464
12	0.01487	0.00779	0.00852	0.00696	0.00925	0.10907	0.00539	0.03277	0.01037	0.53385	0.01380	0.01557	0.01031	0.19421	0.00761	0.00180	0.00401	0.00424	0.00402	0.00558
13	0.00702	0.00606	0.00954	0.55782	0.01989	0.00723	0.00843	0.00891	0.00752	0.00971	0.00967	0.01748	0.00917	0.23614	0.00857	0.00207	0.00483	0.06401	0.00210	0.00385
14	0.00959	0.00904	0.01309	0.33720	0.17568	0.04381	0.02470	0.11097	0.00928	0.01254	0.00705	0.00982	0.00571	0.00474	0.00620	0.00138	0.20844	0.00354	0.00211	0.00512
15	0.00765	0.00689	0.00774	0.00924	0.12907	0.10867	0.00578	0.06856	0.00918	0.01173	0.01707	0.56375	0.01945	0.00962	0.00468	0.00146	0.00345	0.00858	0.00328	0.00415
16	0.00650	0.00527	0.00809	0.00811	0.06940	0.00554	0.05262	0.00797	0.00691	0.00994	0.01026	0.01567	0.00972	0.12662	0.55535	0.00492	0.00853	0.00429	0.00218	0.08210
17	0.00784	0.00590	0.00693	0.00627	0.00780	0.00614	0.00485	0.05919	0.24584	0.04169	0.49354	0.02444	0.04339	0.00721	0.00450	0.00130	0.00249	0.02162	0.00428	0.00478
18	0.00799	0.00721	0.07752	0.00724	0.00903	0.01496	0.00640	0.13883	0.04335	0.02293	0.03611	0.04325	0.15211	0.07205	0.00601	0.00172	0.00370	0.34171	0.00351	0.00438
19	0.02748	0.23779	0.26730	0.00974	0.04928	0.01152	0.00963	0.14628	0.01004	0.01393	0.06833	0.00979	0.00789	0.00459	0.00472	0.00121	0.10940	0.00325	0.00232	0.00551
20	0.01090	0.01296	0.09005	0.08188	0.01412	0.25899	0.09071	0.08442	0.02677	0.01193	0.00777	0.05820	0.00683	0.00533	0.00633	0.00135	0.22050	0.00380	0.00224	0.00491

[dist]
# distance from previous block
# <min> <max>
1	23

[block]
# block no. 4 follows, 67 sequences, length 49
# corresponding to MSA columns:
# 1359-1407
name=unknown_E
#
# <colnr> <probs for GDERKNQSTAVLIFYWHMCP>
#	G	D	E	R	K	N	Q	S	T	A	V	L	I	F	Y	W	H	M	C	P
0	0.00978	0.16183	0.04664	0.00937	0.01082	0.12416	0.02733	0.04815	0.00806	0.01055	0.00706	0.04581	0.00670	0.00816	0.08948	0.00189	0.37398	0.00357	0.00202	0.00463
1	0.00936	0.00895	0.01525	0.22476	0.63836	0.00938	0.01202	0.01181	0.00886	0.01241	0.00744	0.01011	0.00611	0.00368	0.00398	0.00123	0.00491	0.00357	0.00194	0.00589
2	0.00832	0.00713	0.00832	0.00594	0.00950	0.00535	0.00475	0.01010	0.00832	0.01307	0.00713	0.00832	0.00594	0.00297	0.00297	0.00059	0.00297	0.00238	0.00238	0.88357
3	0.00582	0.00394	0.00461	0.00461	0.00470	0.00402	0.00273	0.00599	0.00590	0.00795	0.01242	0.02504	0.01406	0.76359	0.11516	0.00418	0.00468	0.00566	0.00240	0.00256
4	0.00971	0.00939	0.01617	0.08937	0.67467	0.00954	0.07083	0.01257	0.04433	0.01301	0.00793	0.01027	0.00651	0.00367	0.00403	0.00122	0.00489	0.00370	0.00206	0.00613
5	0.00748	0.00374	0.00374	0.00374	0.00467	0.00374	0.00280	0.00934	0.00841	0.01495	0.01308	0.01495	0.01028	0.00467	0.00280	0.00093	0.00187	0.00374	0.88132	0.00374
6	0.00832	0.00713	0.00832	0.00594	0.00950	0.00535	0.00475	0.01010	0.00832	0.01307	0.00713	0.00832	0.00594	0.00297	0.00297	0.00059	0.00297	0.00238	0.00238	0.88357
7	0.00568	0.00410	0.00536	0.00505	0.00599	0.00378	0.00378	0.00757	0.01135	0.01608	0.83192	0.02996	0.03784	0.00820	0.00473	0.00126	0.00189	0.00725	0.00441	0.00378
8	0.00515	0.00453	0.00442	0.00440	0.00570	0.03079	0.00328	0.00622	0.00931	0.01116	0.09663	0.07166	0.71307	0.00992	0.00472	0.00135	0.00220	0.00831	0.00372	0.00345
9	0.84940	0.00825	0.00613	0.00549	0.00796	0.04530	0.00449	0.01197	0.00702	0.01764	0.00561	0.00655	0.00438	0.00374	0.00253	0.00123	0.00328	0.00219	0.00246	0.00436
10	0.00748	0.00374	0.00374	0.00374	0.00467	0.00374	0.00280	0.00934	0.00841	0.01495	0.01308	0.01495	0.01028	0.00467	0.00280	0.00093	0.00187	0.00374	0.88132	0.00374
11	0.06131	0.59383	0.18427	0.00786	0.01169	0.04078	0.00837	0.03270	0.00851	0.01100	0.00603	0.00695	0.00513	0.00358	0.00289	0.00098	0.00465	0.00236	0.00182	0.00528
12	0.00993	0.00953	0.01628	0.02462	0.83404	0.00953	0.01231	0.01231	0.00913	0.01310	0.00754	0.00993	0.00635	0.00357	0.00397	0.00119	0.00476	0.00357	0.00199	0.00635
13	0.01161	0.05726	0.01016	0.00822	0.01070	0.07178	0.00653	0.08075	0.57511	0.10114	0.01441	0.01337	0.01067	0.00513	0.00395	0.00128	0.00366	0.00413	0.00388	0.00624
14	0.00573	0.00430	0.00645	0.00645	0.00716	0.00501	0.00501	0.00716	0.00645	0.00931	0.01074	0.01576	0.01003	0.03008	0.84316	0.00645	0.01074	0.00430	0.00215	0.00358
15	0.00993	0.00953	0.01628	0.02462	0.83404	0.00953	0.01231	0.01231	0.00913	0.01310	0.00754	0.00993	0.00635	0.00357	0.00397	0.00119	0.00476	0.00357	0.00199	0.00635
16	0.01498	0.01911	0.01137	0.01033	0.01240	0.84295	0.00775	0.01601	0.01137	0.00982	0.00620	0.00723	0.00517	0.00413	0.00362	0.00103	0.00723	0.00258	0.00207	0.00465
17	0.00944	0.01073	0.02317	0.01663	0.02051	0.01023	0.78451	0.01271	0.00932	0.01271	0.00799	0.01073	0.00605	0.00354	0.00510	0.00137	0.04320	0.00468	0.00202	0.00536
18	0.01498	0.01911	0.01137	0.01033	0.01240	0.84295	0.00775	0.01601	0.01137	0.00982	0.00620	0.00723	0.00517	0.00413	0.00362	0.00103	0.00723	0.00258	0.00207	0.00465
19	0.88738	0.00776	0.00589	0.00527	0.00776	0.00900	0.00434	0.01179	0.00683	0.01799	0.00558	0.00651	0.00434	0.00372	0.00248	0.00124	0.00310	0.00217	0.00248	0.00434
20	0.00489	0.00349	0.00465	0.00558	0.00582	0.00326	0.00372	0.00558	0.00768	0.01024	0.02210	0.85644	0.02653	0.01256	0.00512	0.00163	0.00233	0.01140	0.00372	0.00326
21	0.00993	0.00953	0.01628	0.02462	0.83404	0.00953	0.01231	0.01231	0.00913	0.01310	0.00754	0.00993	0.00635	0.00357	0.00397	0.00119	0.00476	0.00357	0.00199	0.00635
22	0.00573	0.00430	0.00645	0.00645	0.00716	0.00501	0.00501	0.00716	0.00645	0.00931	0.01074	0.01576	0.01003	0.03008	0.84316	0.00645	0.01074	0.00430	0.00215	0.00358
23	0.00877	0.00877	0.01228	0.01053	0.01053	0.01228	0.00877	0.00965	0.00614	0.00965	0.00526	0.00877	0.00526	0.00702	0.01316	0.00175	0.85172	0.00351	0.00175	0.00439
24	0.00844	0.00801	0.01359	0.54636	0.32392	0.00914	0.01157	0.01100	0.00843	0.01130	0.00728	0.01041	0.00572	0.00385	0.00400	0.00128	0.00513	0.00357	0.00186	0.00515
25	0.00711	0.00529	0.00776	0.00778	0.04376	0.00509	0.08056	0.04545	0.04457	0.06639	0.02006	0.54505	0.07059	0.00998	0.00485	0.00151	0.00306	0.02341	0.00360	0.00414
26	0.00877	0.00877	0.01228	0.01053	0.01053	0.01228	0.00877	0.00965	0.00614	0.00965	0.00526	0.00877	0.00526	0.00702	0.01316	0.00175	0.85172	0.00351	0.00175	0.00439
27	0.88738	0.00776	0.00589	0.00527	0.00776	0.00900	0.00434	0.01179	0.00683	0.01799	0.00558	0.00651	0.00434	0.00372	0.00248	0.00124	0.00310	0.00217	0.00248	0.00434
28	0.00877	0.00877	0.01228	0.01053	0.01053	0.01228	0.00877	0.00965	0.00614	0.00965	0.00526	0.00877	0.00526	0.00702	0.01316	0.00175	0.85172	0.00351	0.00175	0.00439
29	0.00935	0.01162	0.08972	0.01646	0.02067	0.01007	0.75423	0.01283	0.00938	0.01283	0.00804	0.01063	0.00600	0.00342	0.00466	0.00135	0.00669	0.00459	0.00200	0.00545
30	0.19527	0.05283	0.01067	0.00910	0.01135	0.60796	0.00700	0.04096	0.01053	0.01199	0.00616	0.00713	0.00505	0.00404	0.00335	0.00107	0.00616	0.00251	0.00220	0.00468
31	0.00940	0.01125	0.05913	0.01667	0.02080	0.01011	0.78444	0.01284	0.00942	0.01284	0.00807	0.01072	0.00604	0.00340	0.00469	0.00135	0.00673	0.00466	0.00201	0.00543
32	0.00964	0.00907	0.01254	0.02876	0.44833	0.06121	0.00937	0.03457	0.17784	0.01375	0.04017	0.06853	0.03110	0.00520	0.00415	0.00128	0.00423	0.03173	0.00277	0.00577
33	0.00489	0.00349	0.00465	0.00558	0.00582	0.00326	0.00372	0.00558	0.00768	0.01024	0.02210	0.85644	0.02653	0.01256	0.00512	0.00163	0.00233	0.01140	0.00372	0.00326
34	0.00834	0.00813	0.01278	0.22334	0.13978	0.01002	0.05904	0.01011	0.00769	0.01093	0.05417	0.01204	0.04334	0.00572	0.00811	0.00149	0.37418	0.00403	0.00205	0.00469
35	0.00927	0.01706	0.60306	0.01109	0.01622	0.00865	0.09338	0.01320	0.00889	0.11110	0.00885	0.03973	0.00655	0.00419	0.00395	0.00127	0.00549	0.00355	0.00221	0.03227
36	0.01498	0.01911	0.01137	0.01033	0.01240	0.84295	0.00775	0.01601	0.01137	0.00982	0.00620	0.00723	0.00517	0.00413	0.00362	0.00103	0.00723	0.00258	0.00207	0.00465
37	0.00937	0.12139	0.13382	0.00736	0.01120	0.02869	0.02002	0.05324	0.00904	0.03292	0.00727	0.00830	0.00583	0.00333	0.00317	0.00080	0.00384	0.00258	0.00232	0.53550
38	0.01072	0.86147	0.02102	0.00686	0.01029	0.01587	0.00686	0.01201	0.00815	0.00944	0.00558	0.00643	0.00515	0.00343	0.00257	0.00086	0.00429	0.00214	0.00172	0.00515
39	0.88738	0.00776	0.00589	0.00527	0.00776	0.00900	0.00434	0.01179	0.00683	0.01799	0.00558	0.00651	0.00434	0.00372	0.00248	0.00124	0.00310	0.00217	0.00248	0.00434
40	0.01031	0.00878	0.00926	0.00823	0.01056	0.01013	0.00643	0.07210	0.77545	0.01732	0.01590	0.01462	0.01190	0.00540	0.00408	0.00135	0.00325	0.00448	0.00408	0.00638
41	0.00557	0.00393	0.00453	0.00458	0.00491	0.00387	0.00286	0.00593	0.00659	0.00861	0.01804	0.07728	0.16140	0.57900	0.09329	0.00354	0.00410	0.00649	0.00271	0.00276
42	0.01473	0.01098	0.01175	0.00912	0.01224	0.01220	0.00750	0.74279	0.09757	0.02445	0.01028	0.01015	0.00735	0.00488	0.00402	0.00122	0.00429	0.00370	0.00402	0.00677
43	0.00505	0.00407	0.00449	0.00439	0.00561	0.00352	0.00329	0.00635	0.00987	0.01256	0.30019	0.03576	0.57177	0.00951	0.00474	0.00132	0.00199	0.00807	0.00395	0.00352
44	0.00476	0.00399	0.00414	0.00426	0.00547	0.00337	0.00314	0.00573	0.00895	0.01076	0.03819	0.14644	0.72614	0.01047	0.00479	0.00139	0.00207	0.00885	0.00372	0.00337
45	0.01139	0.73179	0.01956	0.00736	0.01062	0.11410	0.00699	0.04056	0.00890	0.01003	0.00579	0.00664	0.00521	0.00356	0.00275	0.00089	0.00464	0.00225	0.00184	0.00515
46	0.00832	0.00713	0.00832	0.00594	0.00950	0.00535	0.00475	0.01010	0.00832	0.01307	0.00713	0.00832	0.00594	0.00297	0.00297	0.00059	0.00297	0.00238	0.00238	0.88357
47	0.00900	0.25553	0.43298	0.00942	0.01361	0.02525	0.01077	0.04661	0.00874	0.01199	0.02509	0.06858	0.00740	0.00465	0.00412	0.00120	0.05417	0.00347	0.00201	0.00540
48	0.03400	0.01122	0.01164	0.00909	0.01217	0.04099	0.00745	0.71012	0.08384	0.02389	0.00996	0.00991	0.00715	0.00482	0.00397	0.00121	0.00438	0.00362	0.00392	0.00665

[dist]
# distance from previous block
# <min> <max>
0	14

[block]
# block no. 5 follows, 67 sequences, length 32
# corresponding to MSA columns:
# 1423-1454
name=unknown_F
#
# <colnr> <probs for GDERKNQSTAVLIFYWHMCP>
#	G	D	E	R	K	N	Q	S	T	A	V	L	I	F	Y	W	H	M	C	P
0	0.46466	0.02375	0.12765	0.00679	0.00971	0.03634	0.00632	0.04394	0.00873	0.13860	0.06504	0.03616	0.00842	0.00456	0.00324	0.00124	0.00366	0.00327	0.00294	0.00499
1	0.00677	0.01766	0.00623	0.00626	0.00699	0.02753	0.00471	0.06585	0.00840	0.01104	0.01656	0.22522	0.01832	0.23744	0.09913	0.00275	0.00433	0.22814	0.00315	0.00352
2	0.00876	0.14035	0.69362	0.01063	0.01611	0.01013	0.01338	0.01283	0.00852	0.04000	0.00726	0.00835	0.00525	0.00379	0.00364	0.00121	0.00561	0.00288	0.00181	0.00585
3	0.00934	0.00881	0.01380	0.04176	0.60934	0.03901	0.01043	0.03649	0.00935	0.01297	0.03738	0.13321	0.01028	0.00510	0.00415	0.00126	0.00441	0.00480	0.00238	0.00572
4	0.01068	0.77514	0.07707	0.00729	0.01085	0.04323	0.00744	0.01219	0.00828	0.00967	0.00571	0.00660	0.00514	0.00348	0.00269	0.00089	0.00450	0.00222	0.00173	0.00518
5	0.00993	0.00953	0.01628	0.02462	0.83404	0.00953	0.01231	0.01231	0.00913	0.01310	0.00754	0.00993	0.00635	0.00357	0.00397	0.00119	0.00476	0.00357	0.00199	0.00635
6	0.00832	0.00713	0.00832	0.00594	0.00950	0.00535	0.00475	0.01010	0.00832	0.01307	0.00713	0.00832	0.00594	0.00297	0.00297	0.00059	0.00297	0.00238	0.00238	0.88357
7	0.00573	0.00430	0.00645	0.00645	0.00716	0.00501	0.00501	0.00716	0.00645	0.00931	0.01074	0.01576	0.01003	0.03008	0.84316	0.00645	0.01074	0.00430	0.00215	0.00358
8	0.00814	0.00728	0.01222	0.76003	0.08258	0.00884	0.01102	0.01075	0.00823	0.04233	0.00749	0.01075	0.00559	0.00402	0.00401	0.00132	0.00523	0.00358	0.00192	0.00468
9	0.00748	0.00374	0.00374	0.00374	0.00467	0.00374	0.00280	0.00934	0.00841	0.01495	0.01308	0.01495	0.01028	0.00467	0.00280	0.00093	0.00187	0.00374	0.88132	0.00374
10	0.00861	0.07647	0.75161	0.01096	0.01661	0.00962	0.01394	0.01292	0.00856	0.04427	0.00742	0.00853	0.00527	0.00383	0.00374	0.00124	0.00572	0.00295	0.00182	0.00591
11	0.03878	0.03622	0.06632	0.00572	0.00720	0.00503	0.00481	0.03345	0.01077	0.01539	0.60565	0.08335	0.05649	0.00780	0.00451	0.00127	0.00243	0.00678	0.00397	0.00405
12	0.00748	0.00374	0.00374	0.00374	0.00467	0.00374	0.00280	0.00934	0.00841	0.01495	0.01308	0.01495	0.01028	0.00467	0.00280	0.00093	0.00187	0.00374	0.88132	0.00374
13	0.88738	0.00776	0.00589	0.00527	0.00776	0.00900	0.00434	0.01179	0.00683	0.01799	0.00558	0.00651	0.00434	0.00372	0.00248	0.00124	0.00310	0.00217	0.00248	0.00434
14	0.00984	0.00944	0.01612	0.05505	0.80428	0.00951	0.01226	0.01223	0.00909	0.01300	0.00753	0.00995	0.00632	0.00359	0.00397	0.00120	0.00479	0.00357	0.00198	0.00628
15	0.00757	0.00713	0.01203	0.84942	0.02762	0.00891	0.01114	0.01025	0.00802	0.01025	0.00713	0.01069	0.00535	0.00401	0.00401	0.00134	0.00535	0.00356	0.00178	0.00446
16	0.00573	0.00430	0.00645	0.00645	0.00716	0.00501	0.00501	0.00716	0.00645	0.00931	0.01074	0.01576	0.01003	0.03008	0.84316	0.00645	0.01074	0.00430	0.00215	0.00358
17	0.00967	0.00927	0.01582	0.11374	0.74690	0.00946	0.01218	0.01209	0.00901	0.01279	0.00750	0.01001	0.00624	0.00362	0.00397	0.00121	0.00483	0.00357	0.00196	0.00615
18	0.01498	0.01911	0.01137	0.01033	0.01240	0.84295	0.00775	0.01601	0.01137	0.00982	0.00620	0.00723	0.00517	0.00413	0.00362	0.00103	0.00723	0.00258	0.00207	0.00465
19	0.00495	0.00352	0.00463	0.00550	0.00572	0.00330	0.00363	0.00560	0.00755	0.01007	0.02145	0.79916	0.02570	0.07096	0.00617	0.00178	0.00243	0.01102	0.00363	0.00320
20	0.01498	0.01911	0.01137	0.01033	0.01240	0.84295	0.00775	0.01601	0.01137	0.00982	0.00620	0.00723	0.00517	0.00413	0.00362	0.00103	0.00723	0.00258	0.00207	0.00465
21	0.88738	0.00776	0.00589	0.00527	0.00776	0.00900	0.00434	0.01179	0.00683	0.01799	0.00558	0.00651	0.00434	0.00372	0.00248	0.00124	0.00310	0.00217	0.00248	0.00434
22	0.00489	0.00349	0.00465	0.00558	0.00582	0.00326	0.00372	0.00558	0.00768	0.01024	0.02210	0.85644	0.02653	0.01256	0.00512	0.00163	0.00233	0.01140	0.00372	0.00326
23	0.00993	0.00953	0.01628	0.02462	0.83404	0.00953	0.01231	0.01231	0.00913	0.01310	0.00754	0.00993	0.00635	0.00357	0.00397	0.00119	0.00476	0.00357	0.00199	0.00635
24	0.00573	0.00430	0.00645	0.00645	0.00716	0.00501	0.00501	0.00716	0.00645	0.00931	0.01074	0.01576	0.01003	0.03008	0.84316	0.00645	0.01074	0.00430	0.00215	0.00358
25	0.00877	0.00877	0.01228	0.01053	0.01053	0.01228	0.00877	0.00965	0.00614	0.00965	0.00526	0.00877	0.00526	0.00702	0.01316	0.00175	0.85172	0.00351	0.00175	0.00439
26	0.00823	0.00780	0.01321	0.61947	0.25244	0.00908	0.01146	0.01082	0.00833	0.01104	0.00724	0.01048	0.00563	0.00389	0.00400	0.00130	0.00518	0.00357	0.00184	0.00498
27	0.70210	0.00775	0.00659	0.00578	0.00830	0.00878	0.00472	0.01362	0.09591	0.10308	0.00781	0.00817	0.00578	0.00404	0.00282	0.00125	0.00314	0.00262	0.00291	0.00482
28	0.00877	0.00877	0.01228	0.01053	0.01053	0.01228	0.00877	0.00965	0.00614	0.00965	0.00526	0.00877	0.00526	0.00702	0.01316	0.00175	0.85172	0.00351	0.00175	0.00439
29	0.01309	0.01016	0.01082	0.00879	0.01162	0.01143	0.00710	0.49421	0.34882	0.02180	0.01236	0.01181	0.00903	0.00507	0.00404	0.00127	0.00391	0.00399	0.00404	0.00663
30	0.00955	0.00832	0.00916	0.00820	0.01013	0.00980	0.00643	0.01910	0.68187	0.01596	0.07139	0.01533	0.01325	0.00580	0.00511	0.00140	0.09477	0.00461	0.00385	0.00596
31	0.00861	0.00847	0.01186	0.01030	0.01037	0.01173	0.00861	0.00955	0.00637	0.00982	0.00642	0.01141	0.00655	0.00731	0.01261	0.00176	0.79036	0.06165	0.00190	0.00434

[dist]
# distance from previous block
# <min> <max>
0	2

# created by:
# /st0/software/busco_prod/Augustus/scripts/msa2prfl.pl ./align_prep/17607.fa
