[name]
unknown

[dist]
# distance from previous block
# <min> <max>
0	61

[block]
# block no. 0 follows, 73 sequences, length 28
# corresponding to MSA columns:
# 61-88
name=unknown_A
#
# <colnr> <probs for GDERKNQSTAVLIFYWHMCP>
#	G	D	E	R	K	N	Q	S	T	A	V	L	I	F	Y	W	H	M	C	P
0	0.03436	0.00492	0.00671	0.05123	0.06491	0.00497	0.00551	0.03982	0.01838	0.04462	0.05607	0.26513	0.04465	0.00996	0.05900	0.00173	0.00350	0.24973	0.00319	0.03160
1	0.03742	0.02953	0.03895	0.16209	0.45414	0.14018	0.02069	0.03973	0.02061	0.01181	0.00688	0.00887	0.00558	0.00356	0.00360	0.00112	0.00488	0.00314	0.00193	0.00530
2	0.00466	0.00381	0.00412	0.00404	0.00521	0.00326	0.00303	0.00583	0.00909	0.01142	0.24883	0.03399	0.63159	0.00902	0.00443	0.00124	0.00187	0.00762	0.00365	0.00326
3	0.03511	0.00624	0.00825	0.00653	0.00918	0.00556	0.00532	0.01712	0.04896	0.72048	0.01549	0.06459	0.02916	0.00518	0.00382	0.00119	0.00308	0.00427	0.00446	0.00604
4	0.00540	0.00361	0.00411	0.00417	0.00418	0.00360	0.00235	0.00544	0.00557	0.00743	0.01240	0.07997	0.01438	0.81173	0.01815	0.00350	0.00354	0.00580	0.00235	0.00232
5	0.00464	0.00378	0.00412	0.00417	0.00527	0.00325	0.00312	0.00573	0.00878	0.01094	0.16993	0.10563	0.61392	0.00941	0.00449	0.00129	0.00195	0.03276	0.00359	0.00323
6	0.00821	0.00821	0.01149	0.00985	0.00985	0.01149	0.00821	0.00903	0.00575	0.00903	0.00492	0.00821	0.00492	0.00657	0.01231	0.00164	0.86128	0.00328	0.00164	0.00410
7	0.00778	0.00667	0.00778	0.00556	0.00889	0.00500	0.00445	0.00945	0.00778	0.01223	0.00667	0.00778	0.00556	0.00278	0.00278	0.00056	0.00278	0.00222	0.00222	0.89108
8	0.01003	0.87041	0.01966	0.00642	0.00963	0.01485	0.00642	0.01123	0.00762	0.00883	0.00522	0.00602	0.00481	0.00321	0.00241	0.00080	0.00401	0.00201	0.00160	0.00481
9	0.00457	0.00326	0.00435	0.00522	0.00544	0.00305	0.00348	0.00522	0.00718	0.00958	0.02068	0.86570	0.02481	0.01175	0.00479	0.00152	0.00218	0.01067	0.00348	0.00305
10	0.89465	0.00726	0.00551	0.00493	0.00726	0.00842	0.00406	0.01103	0.00638	0.01683	0.00522	0.00609	0.00406	0.00348	0.00232	0.00116	0.00290	0.00203	0.00232	0.00406
11	0.00444	0.00378	0.00383	0.00387	0.00508	0.00316	0.00288	0.00538	0.00849	0.01011	0.03720	0.07480	0.80505	0.00961	0.00445	0.00128	0.00191	0.00805	0.00348	0.00316
12	0.89465	0.00726	0.00551	0.00493	0.00726	0.00842	0.00406	0.01103	0.00638	0.01683	0.00522	0.00609	0.00406	0.00348	0.00232	0.00116	0.00290	0.00203	0.00232	0.00406
13	0.89465	0.00726	0.00551	0.00493	0.00726	0.00842	0.00406	0.01103	0.00638	0.01683	0.00522	0.00609	0.00406	0.00348	0.00232	0.00116	0.00290	0.00203	0.00232	0.00406
14	0.01683	0.00638	0.00871	0.00668	0.00958	0.00551	0.00551	0.01828	0.01074	0.84734	0.01480	0.01277	0.00929	0.00464	0.00377	0.00116	0.00319	0.00377	0.00464	0.00638
15	0.00752	0.01941	0.84871	0.01069	0.01624	0.00871	0.01386	0.01188	0.00792	0.01188	0.00673	0.00792	0.00475	0.00356	0.00356	0.00119	0.00554	0.00277	0.00158	0.00554
16	0.00709	0.00667	0.01125	0.85913	0.02584	0.00834	0.01042	0.00959	0.00750	0.00959	0.00667	0.01000	0.00500	0.00375	0.00375	0.00125	0.00500	0.00333	0.00167	0.00417
17	0.00463	0.00326	0.00437	0.00521	0.00543	0.00305	0.00348	0.00521	0.00712	0.00949	0.02028	0.84190	0.02430	0.01179	0.00506	0.02630	0.00221	0.01046	0.00343	0.00301
18	0.00518	0.00385	0.00484	0.00463	0.00559	0.00350	0.00351	0.00681	0.01019	0.01405	0.67303	0.02994	0.17687	0.00808	0.00445	0.00121	0.00185	0.03496	0.00399	0.00347
19	0.00518	0.00380	0.00485	0.00465	0.00554	0.00348	0.00346	0.00681	0.01024	0.01427	0.71848	0.06796	0.12118	0.00806	0.00444	0.00121	0.00180	0.00709	0.00403	0.00348
20	0.01003	0.87041	0.01966	0.00642	0.00963	0.01485	0.00642	0.01123	0.00762	0.00883	0.00522	0.00602	0.00481	0.00321	0.00241	0.00080	0.00401	0.00201	0.00160	0.00481
21	0.01514	0.00611	0.00820	0.00645	0.00906	0.00542	0.00528	0.03430	0.01044	0.70924	0.03047	0.01393	0.03843	0.00627	0.05494	0.00145	0.00351	0.00397	0.03143	0.00595
22	0.01683	0.00638	0.00871	0.00668	0.00958	0.00551	0.00551	0.01828	0.01074	0.84734	0.01480	0.01277	0.00929	0.00464	0.00377	0.00116	0.00319	0.00377	0.00464	0.00638
23	0.00548	0.00379	0.00491	0.00520	0.00596	0.00353	0.00393	0.00678	0.00883	0.03435	0.28765	0.30323	0.11393	0.00949	0.00460	0.00139	0.00226	0.15684	0.03445	0.00340
24	0.73010	0.00736	0.00628	0.00538	0.00782	0.00826	0.00444	0.06438	0.00764	0.11974	0.00665	0.00710	0.00486	0.00369	0.00259	0.00116	0.00302	0.00233	0.00270	0.00450
25	0.00464	0.00332	0.00443	0.00530	0.00555	0.00311	0.00360	0.00535	0.00725	0.00966	0.02064	0.82646	0.02466	0.01169	0.00481	0.00153	0.00224	0.04921	0.00348	0.00307
26	0.00981	0.01053	0.02154	0.01739	0.14424	0.00988	0.69700	0.01256	0.00938	0.01290	0.00840	0.01120	0.00658	0.00379	0.00470	0.00140	0.00631	0.00454	0.00220	0.00565
27	0.01031	0.14065	0.34174	0.01023	0.04251	0.19026	0.06896	0.08616	0.00950	0.03619	0.00682	0.00784	0.00518	0.00364	0.00343	0.00107	0.00534	0.00279	0.00199	0.02538

[dist]
# distance from previous block
# <min> <max>
1	3

[block]
# block no. 1 follows, 73 sequences, length 20
# corresponding to MSA columns:
# 92-111
name=unknown_B
#
# <colnr> <probs for GDERKNQSTAVLIFYWHMCP>
#	G	D	E	R	K	N	Q	S	T	A	V	L	I	F	Y	W	H	M	C	P
0	0.00971	0.01073	0.01089	0.00954	0.01012	0.25225	0.00768	0.01058	0.00715	0.00903	0.00551	0.00836	0.00524	0.02310	0.04252	0.00166	0.56698	0.00310	0.00175	0.00411
1	0.00890	0.23555	0.31310	0.03085	0.05949	0.04688	0.05666	0.03453	0.09870	0.01140	0.00760	0.00919	0.00614	0.04841	0.00428	0.00122	0.01697	0.00302	0.00198	0.00514
2	0.00509	0.00383	0.00472	0.00449	0.00547	0.00345	0.00337	0.00666	0.01011	0.01384	0.64519	0.03001	0.23373	0.00812	0.00443	0.00120	0.00180	0.00706	0.00397	0.00345
3	0.00843	0.04969	0.00986	0.00976	0.15141	0.00818	0.04104	0.04142	0.39467	0.01411	0.11166	0.01685	0.11595	0.00545	0.00390	0.00121	0.00318	0.00471	0.00329	0.00524
4	0.00497	0.00389	0.00418	0.00416	0.00538	0.00333	0.00316	0.00603	0.00873	0.03432	0.10717	0.04873	0.67757	0.02218	0.00468	0.00132	0.00204	0.05130	0.00355	0.00329
5	0.00689	0.00456	0.00646	0.00610	0.00686	0.00516	0.00468	0.00799	0.00644	0.10269	0.01045	0.01556	0.00969	0.15747	0.55781	0.00475	0.07638	0.00416	0.00232	0.00358
6	0.00948	0.00814	0.00857	0.00767	0.00981	0.00940	0.00598	0.04511	0.81255	0.01594	0.01508	0.01384	0.01130	0.00507	0.00382	0.00127	0.00301	0.00421	0.00382	0.00595
7	0.01424	0.01131	0.01119	0.00874	0.01163	0.10283	0.00714	0.74366	0.01688	0.02208	0.00866	0.00876	0.00621	0.00443	0.00371	0.00111	0.00441	0.00327	0.00356	0.00616
8	0.00789	0.00770	0.01071	0.00926	0.00928	0.01063	0.00761	0.00866	0.00573	0.00888	0.00566	0.00974	0.00578	0.07627	0.04223	0.00195	0.76291	0.00348	0.00171	0.00393
9	0.00663	0.00372	0.00411	0.00408	0.00478	0.00387	0.00300	0.00805	0.00731	0.01230	0.01201	0.01636	0.01044	0.13922	0.07529	0.00177	0.02773	0.02855	0.62747	0.00331
10	0.01047	0.77582	0.01866	0.00678	0.00985	0.10785	0.00651	0.01165	0.00796	0.00887	0.00528	0.00610	0.00482	0.00328	0.00252	0.00082	0.00432	0.00205	0.00164	0.00476
11	0.00819	0.00817	0.04749	0.10581	0.41107	0.03284	0.00892	0.01020	0.00818	0.01152	0.00889	0.10347	0.00837	0.00450	0.00370	0.00109	0.00402	0.03682	0.00214	0.17462
12	0.01198	0.08153	0.02322	0.01052	0.12898	0.22088	0.00752	0.23956	0.19896	0.02633	0.00908	0.00941	0.00697	0.00420	0.00356	0.00109	0.00457	0.00321	0.00285	0.00557
13	0.00815	0.00813	0.01148	0.05378	0.01068	0.01133	0.00832	0.00906	0.00584	0.00906	0.00502	0.00830	0.00493	0.00642	0.01187	0.00162	0.81699	0.00329	0.00164	0.00411
14	0.00811	0.00402	0.00424	0.00397	0.00510	0.00399	0.00304	0.04172	0.00849	0.08514	0.01233	0.01369	0.00946	0.00440	0.00276	0.00091	0.00196	0.00352	0.77929	0.00385
15	0.00546	0.00364	0.00409	0.00409	0.00409	0.00364	0.00227	0.00546	0.00546	0.00727	0.01182	0.02455	0.01364	0.86815	0.01910	0.00364	0.00364	0.00546	0.00227	0.00227
16	0.00815	0.19724	0.55470	0.01050	0.08065	0.00977	0.01157	0.01151	0.00793	0.01126	0.00687	0.00877	0.00544	0.00367	0.00336	0.00110	0.00498	0.02976	0.00169	0.03106
17	0.00752	0.01941	0.84871	0.01069	0.01624	0.00871	0.01386	0.01188	0.00792	0.01188	0.00673	0.00792	0.00475	0.00356	0.00356	0.00119	0.00554	0.00277	0.00158	0.00554
18	0.00618	0.07369	0.00638	0.00503	0.00636	0.00504	0.00393	0.00868	0.10175	0.03161	0.47460	0.04362	0.20415	0.00744	0.00419	0.00119	0.00215	0.00638	0.00375	0.00388
19	0.01005	0.00852	0.01287	0.10900	0.50976	0.02488	0.00967	0.13205	0.00986	0.05421	0.00807	0.00982	0.00634	0.00371	0.00363	0.00111	0.00423	0.00336	0.07324	0.00561

[dist]
# distance from previous block
# <min> <max>
1	9

[block]
# block no. 2 follows, 73 sequences, length 8
# corresponding to MSA columns:
# 121-128
name=unknown_C
#
# <colnr> <probs for GDERKNQSTAVLIFYWHMCP>
#	G	D	E	R	K	N	Q	S	T	A	V	L	I	F	Y	W	H	M	C	P
0	0.00464	0.00339	0.00430	0.00493	0.00533	0.00313	0.00333	0.00537	0.00749	0.00986	0.07197	0.65342	0.14022	0.05709	0.00548	0.00158	0.00219	0.00977	0.00346	0.00305
1	0.00966	0.09488	0.05701	0.04086	0.57552	0.03950	0.02421	0.02901	0.00866	0.03789	0.00704	0.00888	0.00579	0.00349	0.00375	0.00109	0.02295	0.00316	0.00195	0.02471
2	0.00631	0.00447	0.00553	0.00506	0.00619	0.00432	0.00386	0.04434	0.03599	0.05349	0.55277	0.02643	0.15817	0.02855	0.02803	0.00139	0.02103	0.00641	0.00387	0.00379
3	0.00781	0.02484	0.32713	0.01094	0.12116	0.03480	0.07668	0.03593	0.02866	0.01267	0.17006	0.01459	0.03486	0.00496	0.00429	0.00122	0.04188	0.04018	0.00241	0.00493
4	0.00606	0.00462	0.00566	0.00526	0.00638	0.00462	0.00399	0.00948	0.16492	0.01517	0.68844	0.02541	0.03093	0.00719	0.00431	0.00120	0.00199	0.00631	0.00407	0.00399
5	0.05570	0.00443	0.00576	0.01836	0.00661	0.00488	0.00431	0.00715	0.00677	0.03555	0.03602	0.10572	0.10435	0.12267	0.35681	0.00356	0.06253	0.02562	0.02985	0.00337
6	0.78017	0.00714	0.00593	0.00516	0.00756	0.00804	0.00425	0.01197	0.00695	0.12514	0.00647	0.00697	0.00474	0.00363	0.00251	0.00116	0.00294	0.00226	0.00262	0.00437
7	0.01015	0.64816	0.04966	0.00810	0.01136	0.09133	0.11432	0.01171	0.00807	0.00939	0.00564	0.00669	0.00493	0.00328	0.00280	0.00089	0.00462	0.00239	0.00167	0.00483

[dist]
# distance from previous block
# <min> <max>
0	1

[block]
# block no. 3 follows, 73 sequences, length 26
# corresponding to MSA columns:
# 130-155
name=unknown_D
#
# <colnr> <probs for GDERKNQSTAVLIFYWHMCP>
#	G	D	E	R	K	N	Q	S	T	A	V	L	I	F	Y	W	H	M	C	P
0	0.05505	0.02283	0.02012	0.01355	0.02427	0.00521	0.02678	0.06614	0.00706	0.01926	0.01311	0.04042	0.08217	0.52423	0.02848	0.01566	0.01571	0.01433	0.00248	0.00314
1	0.00482	0.00338	0.00429	0.00489	0.00520	0.00317	0.00325	0.00545	0.00717	0.00962	0.05087	0.61813	0.08522	0.11819	0.00668	0.02153	0.00233	0.00925	0.03359	0.00296
2	0.00778	0.00667	0.00778	0.00556	0.00889	0.00500	0.00445	0.00945	0.00778	0.01223	0.00667	0.00778	0.00556	0.00278	0.00278	0.00056	0.00278	0.00222	0.00222	0.89108
3	0.00921	0.00833	0.00893	0.10681	0.01162	0.05515	0.00651	0.03201	0.61188	0.01431	0.01374	0.01333	0.03315	0.00498	0.00407	0.00125	0.03275	0.00405	0.00335	0.02459
4	0.01219	0.02596	0.01151	0.03040	0.02413	0.37008	0.06536	0.18448	0.14738	0.01349	0.00811	0.00887	0.00633	0.00434	0.00429	0.00113	0.07112	0.00315	0.00258	0.00509
5	0.00497	0.00373	0.00426	0.00440	0.00506	0.00344	0.00300	0.01632	0.00767	0.00985	0.10231	0.22133	0.32892	0.24039	0.02587	0.00205	0.00261	0.00764	0.00319	0.00298
6	0.08754	0.00542	0.00680	0.02228	0.07064	0.02173	0.02166	0.04392	0.00792	0.10836	0.02182	0.19684	0.01361	0.19810	0.04865	0.00204	0.00361	0.06313	0.05204	0.00388
7	0.58461	0.00941	0.00818	0.02312	0.10532	0.15495	0.02809	0.02648	0.00766	0.01484	0.00569	0.00681	0.00452	0.00355	0.00277	0.00113	0.00390	0.00236	0.00220	0.00440
8	0.00854	0.00815	0.01387	0.30787	0.56576	0.00872	0.01114	0.01086	0.00819	0.01135	0.00692	0.00953	0.00562	0.00348	0.00373	0.00116	0.00464	0.00334	0.00179	0.00534
9	0.03125	0.00369	0.00415	0.00425	0.00436	0.00370	0.00249	0.00566	0.00576	0.00800	0.01278	0.13248	0.01472	0.71367	0.01640	0.00323	0.00339	0.00599	0.02158	0.00245
10	0.00890	0.00670	0.00878	0.00810	0.04949	0.02081	0.02598	0.13281	0.00847	0.08988	0.01000	0.01586	0.00940	0.20476	0.13162	0.00256	0.19816	0.06092	0.00259	0.00421
11	0.00443	0.00380	0.00380	0.00380	0.00507	0.00317	0.00285	0.00538	0.00855	0.01014	0.03801	0.03611	0.84322	0.00950	0.00443	0.00127	0.00190	0.00792	0.00348	0.00317
12	0.00520	0.00365	0.00464	0.00491	0.00554	0.00336	0.00349	0.00625	0.00846	0.03168	0.27975	0.39121	0.13024	0.06659	0.00557	0.00152	0.00218	0.03886	0.00363	0.00326
13	0.03526	0.00373	0.00396	0.00394	0.00433	0.00373	0.00246	0.00654	0.00632	0.00959	0.01315	0.02168	0.05753	0.55606	0.01323	0.00267	0.00300	0.00494	0.24519	0.00272
14	0.01625	0.00769	0.00923	0.00716	0.01003	0.05281	0.00588	0.15270	0.01187	0.66536	0.01335	0.01182	0.00856	0.00458	0.00375	0.00114	0.00354	0.00363	0.00435	0.00627
15	0.00891	0.00934	0.00707	0.00656	0.00811	0.29504	0.00493	0.02456	0.12081	0.02481	0.04380	0.02099	0.30252	0.06761	0.00500	0.00133	0.00392	0.02352	0.01714	0.00401
16	0.00466	0.00338	0.00433	0.00503	0.00537	0.00313	0.00339	0.00536	0.00734	0.00970	0.04898	0.69212	0.10257	0.06499	0.00564	0.00162	0.00225	0.02367	0.00343	0.00303
17	0.00725	0.00683	0.01155	0.79761	0.08609	0.00838	0.01050	0.00973	0.00758	0.00978	0.00670	0.00995	0.00507	0.00372	0.00375	0.00124	0.00496	0.00333	0.00168	0.00430
18	0.00886	0.01012	0.02214	0.01581	0.01961	0.00949	0.83112	0.01202	0.00886	0.01202	0.00759	0.01012	0.00569	0.00316	0.00443	0.00127	0.00633	0.00443	0.00190	0.00506
19	0.00498	0.00346	0.00442	0.00504	0.00543	0.00320	0.00341	0.00565	0.00730	0.03137	0.02159	0.66203	0.11212	0.08818	0.00602	0.00168	0.00233	0.02529	0.00340	0.00309
20	0.00619	0.00460	0.00633	0.00608	0.00666	0.01710	0.00465	0.00707	0.00643	0.03061	0.06295	0.01632	0.03866	0.09502	0.47626	0.09506	0.09920	0.01533	0.00222	0.00326
21	0.00462	0.00330	0.00440	0.00527	0.00551	0.00309	0.00356	0.00530	0.00723	0.00963	0.02065	0.84108	0.02472	0.01171	0.00480	0.00153	0.00221	0.03485	0.00348	0.00306
22	0.00718	0.00546	0.00620	0.00568	0.00714	0.00561	0.00435	0.05855	0.24403	0.04295	0.32426	0.07049	0.17584	0.00718	0.00419	0.00123	0.00234	0.00615	0.01682	0.00438
23	0.03214	0.00479	0.02976	0.00541	0.00635	0.00449	0.00407	0.04029	0.04975	0.05878	0.02983	0.28320	0.08053	0.16850	0.05559	0.03040	0.00324	0.05193	0.05742	0.00352
24	0.00870	0.00794	0.04001	0.05735	0.20008	0.04908	0.13156	0.04473	0.05447	0.05692	0.03712	0.01371	0.03694	0.03598	0.09513	0.04863	0.00493	0.03038	0.04165	0.00468
25	0.00473	0.00343	0.00448	0.00516	0.00557	0.00319	0.00360	0.00558	0.00773	0.01029	0.10657	0.66349	0.09016	0.01107	0.00475	0.00148	0.00219	0.05985	0.00355	0.00313

[dist]
# distance from previous block
# <min> <max>
1	6

[block]
# block no. 4 follows, 73 sequences, length 21
# corresponding to MSA columns:
# 162-182
name=unknown_E
#
# <colnr> <probs for GDERKNQSTAVLIFYWHMCP>
#	G	D	E	R	K	N	Q	S	T	A	V	L	I	F	Y	W	H	M	C	P
0	0.08487	0.04999	0.09893	0.03033	0.15234	0.16796	0.01915	0.09093	0.03613	0.05920	0.00903	0.04379	0.02966	0.05128	0.01718	0.01422	0.03423	0.00354	0.00239	0.00485
1	0.01017	0.05973	0.10847	0.05059	0.19798	0.10487	0.17301	0.05928	0.07117	0.07318	0.01713	0.02161	0.00681	0.00390	0.00385	0.00115	0.01443	0.00355	0.01378	0.00534
2	0.00661	0.00567	0.00739	0.00714	0.02808	0.03902	0.00542	0.02707	0.02559	0.00943	0.02599	0.01472	0.03636	0.09348	0.48452	0.00420	0.16947	0.00410	0.00213	0.00363
3	0.00998	0.83648	0.01976	0.00679	0.01002	0.01463	0.03895	0.01127	0.00767	0.00895	0.00531	0.00618	0.00485	0.00321	0.00249	0.00082	0.00410	0.00210	0.00162	0.00482
4	0.00538	0.00372	0.00489	0.00506	0.00562	0.00363	0.00359	0.00641	0.00787	0.03197	0.24783	0.29935	0.05074	0.14508	0.14043	0.00245	0.00357	0.02592	0.00327	0.00321
5	0.00528	0.00374	0.00451	0.00451	0.00486	0.00378	0.00294	0.00578	0.00626	0.00836	0.05432	0.03959	0.12397	0.52283	0.19016	0.00367	0.00463	0.00564	0.00249	0.00269
6	0.00464	0.00382	0.00404	0.00403	0.00519	0.00327	0.00302	0.00569	0.00872	0.01073	0.14448	0.03480	0.68112	0.03943	0.00497	0.00135	0.00199	0.03201	0.00353	0.00319
7	0.00526	0.00399	0.00487	0.00473	0.00569	0.00372	0.00351	0.00721	0.05404	0.01345	0.53851	0.11715	0.20720	0.00836	0.00443	0.00124	0.00190	0.00730	0.00391	0.00354
8	0.01003	0.87041	0.01966	0.00642	0.00963	0.01485	0.00642	0.01123	0.00762	0.00883	0.00522	0.00602	0.00481	0.00321	0.00241	0.00080	0.00401	0.00201	0.00160	0.00481
9	0.00886	0.01012	0.02214	0.01581	0.01961	0.00949	0.83112	0.01202	0.00886	0.01202	0.00759	0.01012	0.00569	0.00316	0.00443	0.00127	0.00633	0.00443	0.00190	0.00506
10	0.00514	0.00415	0.00473	0.00549	0.00581	0.05453	0.00371	0.00581	0.00739	0.00955	0.01978	0.81368	0.02360	0.01128	0.00470	0.00149	0.00245	0.01017	0.00339	0.00313
11	0.01333	0.00996	0.01076	0.00819	0.01124	0.01069	0.00675	0.71445	0.01623	0.02201	0.00867	0.00883	0.00626	0.00426	0.00361	0.00104	0.00394	0.00321	0.00353	0.13303
12	0.00825	0.00586	0.00673	0.00616	0.00763	0.00628	0.00468	0.03202	0.31883	0.10377	0.03283	0.01965	0.10717	0.16766	0.12317	0.00236	0.00399	0.03514	0.00333	0.00451
13	0.06929	0.00484	0.00495	0.00445	0.00582	0.00501	0.00348	0.11736	0.00921	0.06279	0.01148	0.01272	0.00879	0.00434	0.00282	0.00094	0.00222	0.00340	0.66201	0.00408
14	0.00487	0.00371	0.00449	0.00464	0.00550	0.00333	0.00342	0.00608	0.00896	0.01181	0.32048	0.23515	0.31168	0.00944	0.00456	0.00132	0.00200	0.05156	0.00371	0.00329
15	0.00749	0.00638	0.00746	0.00549	0.00858	0.00483	0.00434	0.00908	0.00776	0.01201	0.00837	0.06050	0.02943	0.00350	0.00295	0.00063	0.00272	0.00289	0.00233	0.81323
16	0.00558	0.00397	0.00477	0.00520	0.00554	0.00369	0.00337	0.00594	0.00740	0.00987	0.06504	0.48310	0.09151	0.27517	0.00942	0.00225	0.00283	0.00876	0.00336	0.00321
17	0.00459	0.00343	0.00422	0.00482	0.00530	0.00311	0.00328	0.00532	0.00753	0.00976	0.04568	0.60714	0.22412	0.04652	0.00528	0.00154	0.00216	0.00968	0.00345	0.00306
18	0.02875	0.00832	0.01143	0.06267	0.07639	0.05007	0.07752	0.08762	0.01904	0.02976	0.01918	0.01040	0.00664	0.05860	0.04974	0.00175	0.37630	0.00357	0.01780	0.00447
19	0.02008	0.00439	0.00587	0.00633	0.03648	0.00445	0.01497	0.00756	0.04710	0.04346	0.02734	0.34100	0.08982	0.06187	0.10084	0.02496	0.02535	0.10661	0.02800	0.00352
20	0.05174	0.00480	0.00516	0.02501	0.00594	0.05525	0.00348	0.00687	0.00646	0.02941	0.03173	0.16029	0.01402	0.44974	0.11456	0.02015	0.00429	0.00569	0.00250	0.00291

[dist]
# distance from previous block
# <min> <max>
1	20

[block]
# block no. 5 follows, 73 sequences, length 17
# corresponding to MSA columns:
# 203-219
name=unknown_F
#
# <colnr> <probs for GDERKNQSTAVLIFYWHMCP>
#	G	D	E	R	K	N	Q	S	T	A	V	L	I	F	Y	W	H	M	C	P
0	0.11827	0.00730	0.00823	0.00658	0.00916	0.02094	0.00536	0.16423	0.08704	0.38424	0.01186	0.01120	0.00812	0.00439	0.00343	0.00110	0.00320	0.00341	0.09468	0.04726
1	0.00834	0.02251	0.01351	0.33479	0.44545	0.00866	0.03679	0.01092	0.03337	0.01138	0.03363	0.01026	0.00666	0.00368	0.00375	0.00117	0.00458	0.00349	0.00191	0.00515
2	0.00544	0.00423	0.00486	0.00472	0.00582	0.00400	0.00352	0.00779	0.10118	0.01285	0.36293	0.10326	0.31890	0.00829	0.00433	0.00124	0.00198	0.00714	0.03389	0.00363
3	0.00476	0.00344	0.00448	0.00523	0.00559	0.00322	0.00364	0.00554	0.00743	0.00979	0.03717	0.66769	0.08727	0.04745	0.00540	0.00161	0.00234	0.09145	0.00344	0.00307
4	0.00545	0.00365	0.00417	0.00417	0.00419	0.00368	0.00236	0.00550	0.00548	0.00733	0.01175	0.02418	0.01348	0.83637	0.05066	0.00373	0.00388	0.00540	0.00226	0.00231
5	0.00536	0.00402	0.00603	0.00603	0.00670	0.00469	0.00469	0.00670	0.00603	0.00871	0.01005	0.01474	0.00938	0.02814	0.85328	0.00603	0.01005	0.00402	0.00201	0.00335
6	0.07683	0.00379	0.00366	0.00361	0.00460	0.00388	0.00274	0.00892	0.00775	0.01421	0.01169	0.01337	0.00918	0.00430	0.00260	0.00090	0.00184	0.00338	0.81922	0.00354
7	0.00821	0.00821	0.01149	0.00985	0.00985	0.01149	0.00821	0.00903	0.00575	0.00903	0.00492	0.00821	0.00492	0.00657	0.01231	0.00164	0.86128	0.00328	0.00164	0.00410
8	0.00562	0.00394	0.00461	0.00452	0.00453	0.00416	0.00272	0.00569	0.00553	0.00746	0.01162	0.04878	0.01338	0.78345	0.01820	0.00344	0.06221	0.00546	0.00227	0.00242
9	0.00778	0.00667	0.00778	0.00556	0.00889	0.00500	0.00445	0.00945	0.00778	0.01223	0.00667	0.00778	0.00556	0.00278	0.00278	0.00056	0.00278	0.00222	0.00222	0.89108
10	0.01003	0.87041	0.01966	0.00642	0.00963	0.01485	0.00642	0.01123	0.00762	0.00883	0.00522	0.00602	0.00481	0.00321	0.00241	0.00080	0.00401	0.00201	0.00160	0.00481
11	0.00815	0.00878	0.01827	0.01464	0.09792	0.00829	0.60070	0.01079	0.00855	0.01164	0.00989	0.14671	0.00911	0.00471	0.00443	0.00130	0.00542	0.02371	0.00218	0.00479
12	0.00522	0.00412	0.00521	0.00632	0.05181	0.03236	0.00403	0.00596	0.00725	0.00957	0.01864	0.72005	0.02204	0.05466	0.03229	0.00173	0.00278	0.00951	0.00323	0.00322
13	0.00516	0.00342	0.00456	0.00529	0.00564	0.00317	0.00358	0.00585	0.00735	0.04991	0.02040	0.82463	0.02407	0.01141	0.00474	0.00151	0.00223	0.01033	0.00354	0.00321
14	0.01481	0.00696	0.00877	0.00691	0.00959	0.00664	0.00564	0.13295	0.09985	0.57960	0.07613	0.01351	0.01106	0.00490	0.00382	0.00117	0.00319	0.00399	0.00439	0.00612
15	0.01999	0.02999	0.02578	0.09382	0.24708	0.05392	0.14768	0.13707	0.02486	0.01338	0.02763	0.03555	0.03996	0.00482	0.02723	0.00126	0.00468	0.00386	0.00236	0.05908
16	0.00783	0.00761	0.01180	0.55332	0.14665	0.03550	0.01001	0.00996	0.00748	0.00994	0.00642	0.00946	0.00514	0.00412	0.00508	0.00127	0.14108	0.00328	0.00171	0.02233

[dist]
# distance from previous block
# <min> <max>
0	3

[block]
# block no. 6 follows, 73 sequences, length 44
# corresponding to MSA columns:
# 223-266
name=unknown_G
#
# <colnr> <probs for GDERKNQSTAVLIFYWHMCP>
#	G	D	E	R	K	N	Q	S	T	A	V	L	I	F	Y	W	H	M	C	P
0	0.10646	0.18055	0.05919	0.00863	0.07554	0.01024	0.01712	0.15151	0.24546	0.06122	0.02301	0.01073	0.00808	0.00433	0.00339	0.00113	0.00367	0.02131	0.00294	0.00548
1	0.24486	0.00987	0.00948	0.00761	0.01030	0.06069	0.00622	0.51545	0.05418	0.02047	0.02126	0.00865	0.00638	0.00428	0.00337	0.00113	0.00387	0.00306	0.00328	0.00559
2	0.00594	0.00442	0.00517	0.00553	0.01665	0.02264	0.00380	0.02093	0.08108	0.03632	0.03547	0.47977	0.13548	0.09235	0.00625	0.03057	0.00257	0.00829	0.00333	0.00343
3	0.00487	0.00359	0.00437	0.00475	0.00545	0.00322	0.00336	0.00580	0.00818	0.02524	0.14111	0.45721	0.28709	0.01032	0.00461	0.00139	0.00207	0.02056	0.00359	0.00322
4	0.00887	0.00840	0.01413	0.23091	0.61810	0.00884	0.01112	0.03335	0.00853	0.01190	0.00701	0.00946	0.00572	0.00348	0.00372	0.00115	0.00458	0.00334	0.00186	0.00551
5	0.00987	0.00879	0.01425	0.09657	0.56229	0.00905	0.05614	0.11314	0.02569	0.04086	0.00793	0.01015	0.00639	0.00371	0.00379	0.00115	0.00448	0.01775	0.00223	0.00576
6	0.00635	0.00437	0.00528	0.00559	0.00636	0.00397	0.00391	0.00722	0.02886	0.05941	0.08795	0.49738	0.19378	0.04728	0.00556	0.00165	0.00255	0.02492	0.00382	0.00379
7	0.00536	0.00402	0.00603	0.00603	0.00670	0.00469	0.00469	0.00670	0.00603	0.00871	0.01005	0.01474	0.00938	0.02814	0.85328	0.00603	0.01005	0.00402	0.00201	0.00335
8	0.00709	0.00667	0.01125	0.85913	0.02584	0.00834	0.01042	0.00959	0.00750	0.00959	0.00667	0.01000	0.00500	0.00375	0.00375	0.00125	0.00500	0.00333	0.00167	0.00417
9	0.00562	0.00422	0.00557	0.00647	0.08427	0.00392	0.00420	0.00671	0.00833	0.03311	0.17927	0.25198	0.25028	0.05495	0.02428	0.02343	0.00260	0.04397	0.00334	0.00348
10	0.00771	0.00632	0.00744	0.00549	0.00849	0.00484	0.00433	0.00927	0.00784	0.03258	0.03466	0.04469	0.00769	0.03326	0.00350	0.00074	0.00276	0.00287	0.00240	0.77311
11	0.00542	0.00363	0.00418	0.00421	0.00426	0.00364	0.00243	0.00548	0.00558	0.00744	0.01240	0.05567	0.02613	0.78079	0.04710	0.01761	0.00377	0.00560	0.00232	0.00234
12	0.01017	0.84057	0.01934	0.00653	0.00970	0.04419	0.00645	0.01137	0.00773	0.00884	0.00524	0.00604	0.00482	0.00323	0.00244	0.00081	0.00411	0.00202	0.00162	0.00480
13	0.00682	0.00440	0.00578	0.00633	0.05443	0.00428	0.00419	0.00811	0.05933	0.09892	0.02650	0.34063	0.06837	0.17159	0.03058	0.05443	0.00305	0.04552	0.00316	0.00356
14	0.00481	0.00365	0.00434	0.00471	0.00533	0.00338	0.00325	0.00585	0.03081	0.01003	0.07887	0.42856	0.28046	0.09852	0.01814	0.00169	0.00235	0.00874	0.00339	0.00312
15	0.00752	0.01941	0.84871	0.01069	0.01624	0.00871	0.01386	0.01188	0.00792	0.01188	0.00673	0.00792	0.00475	0.00356	0.00356	0.00119	0.00554	0.00277	0.00158	0.00554
16	0.00839	0.03357	0.34062	0.01359	0.03362	0.00930	0.46362	0.01210	0.02593	0.01197	0.00736	0.00924	0.00544	0.00336	0.00402	0.00122	0.00586	0.00371	0.00181	0.00528
17	0.00542	0.00360	0.00455	0.00465	0.00496	0.00355	0.00307	0.00566	0.00656	0.00881	0.11544	0.13839	0.08139	0.34611	0.08876	0.15413	0.00359	0.01612	0.00264	0.00261
18	0.01099	0.00873	0.00931	0.00790	0.01030	0.00990	0.00628	0.25939	0.57304	0.04123	0.01341	0.01249	0.00990	0.00490	0.00380	0.00123	0.00332	0.00397	0.00382	0.00608
19	0.00761	0.00622	0.00711	0.00700	0.00852	0.00684	0.00564	0.01396	0.44952	0.01352	0.03163	0.06771	0.06404	0.00754	0.00438	0.00144	0.00302	0.28591	0.00366	0.00474
20	0.37431	0.00890	0.00830	0.03352	0.00980	0.06913	0.00568	0.29936	0.02270	0.07290	0.00836	0.00885	0.02577	0.00494	0.03135	0.00130	0.00391	0.00293	0.00297	0.00503
21	0.00906	0.00526	0.00624	0.00554	0.00701	0.00529	0.00428	0.10458	0.06970	0.16644	0.11297	0.06978	0.05563	0.07308	0.06703	0.01105	0.00321	0.02060	0.19885	0.00437
22	0.01574	0.00813	0.00979	0.00750	0.01045	0.00811	0.00620	0.36332	0.01366	0.49817	0.01235	0.01117	0.00805	0.00458	0.00376	0.00115	0.00359	0.00361	0.00427	0.00638
23	0.01003	0.87041	0.01966	0.00642	0.00963	0.01485	0.00642	0.01123	0.00762	0.00883	0.00522	0.00602	0.00481	0.00321	0.00241	0.00080	0.00401	0.00201	0.00160	0.00481
24	0.02625	0.00862	0.07153	0.06986	0.27159	0.00809	0.11805	0.10017	0.04981	0.03849	0.05234	0.04320	0.00900	0.02263	0.00422	0.00123	0.01393	0.01466	0.07118	0.00515
25	0.00487	0.00386	0.00439	0.00433	0.00539	0.00342	0.00322	0.00629	0.02535	0.01204	0.33723	0.09508	0.46335	0.00890	0.00445	0.00125	0.00189	0.00763	0.00373	0.00335
26	0.00520	0.00377	0.00488	0.00473	0.00553	0.00347	0.00348	0.00678	0.01005	0.01409	0.70384	0.11993	0.06460	0.02708	0.00479	0.00127	0.00186	0.00722	0.00399	0.00344
27	0.00531	0.00383	0.00501	0.00472	0.00560	0.00354	0.00354	0.00708	0.01062	0.01504	0.84277	0.02802	0.03540	0.00767	0.00442	0.00118	0.00177	0.00678	0.00413	0.00354
28	0.01401	0.01788	0.01063	0.00967	0.01160	0.85309	0.00725	0.01498	0.01063	0.00918	0.00580	0.00677	0.00483	0.00387	0.00338	0.00097	0.00677	0.00242	0.00193	0.00435
29	0.01426	0.01051	0.01126	0.00863	0.01163	0.01163	0.00713	0.83224	0.01764	0.02364	0.00901	0.00901	0.00638	0.00450	0.00375	0.00113	0.00413	0.00338	0.00375	0.00638
30	0.04334	0.01302	0.06793	0.01279	0.22021	0.36248	0.03699	0.02168	0.04247	0.02198	0.00750	0.00893	0.02442	0.00466	0.02426	0.00123	0.07612	0.00306	0.00205	0.00488
31	0.00545	0.00365	0.00418	0.00418	0.00421	0.00368	0.00238	0.00551	0.00548	0.00734	0.01174	0.02412	0.01345	0.83155	0.05544	0.00374	0.00392	0.00539	0.00226	0.00232
32	0.00933	0.00806	0.00848	0.00764	0.00976	0.00933	0.00594	0.01994	0.83797	0.01569	0.01527	0.01400	0.01145	0.00509	0.00382	0.00127	0.00297	0.00424	0.00382	0.00594
33	0.03357	0.00849	0.01438	0.17260	0.65807	0.00881	0.02720	0.01116	0.00830	0.01190	0.00695	0.00934	0.00572	0.00342	0.00370	0.00114	0.00455	0.00333	0.00184	0.00555
34	0.14567	0.06130	0.04013	0.00910	0.06504	0.03387	0.03788	0.45218	0.06604	0.01890	0.00855	0.02974	0.00656	0.00431	0.00349	0.00113	0.00404	0.00332	0.00309	0.00566
35	0.00516	0.00408	0.00471	0.00468	0.00581	0.00373	0.00363	0.00694	0.04904	0.01214	0.29697	0.03320	0.43508	0.00880	0.00450	0.00130	0.00211	0.11095	0.00371	0.00346
36	0.00541	0.00377	0.00478	0.00474	0.00505	0.00394	0.00314	0.00602	0.00625	0.00864	0.11181	0.02207	0.01501	0.51584	0.26382	0.00405	0.00531	0.00519	0.00242	0.00274
37	0.00885	0.04928	0.07149	0.10750	0.10986	0.04622	0.07495	0.01055	0.00746	0.08647	0.00769	0.01071	0.00655	0.06255	0.10259	0.00198	0.22518	0.00352	0.00205	0.00456
38	0.00930	0.11044	0.12499	0.12212	0.39282	0.03263	0.07502	0.06689	0.00892	0.01214	0.00689	0.00879	0.00552	0.00349	0.00360	0.00111	0.00480	0.00317	0.00190	0.00545
39	0.00974	0.00826	0.04495	0.00758	0.00987	0.00877	0.00616	0.01897	0.70154	0.08572	0.04532	0.01415	0.01186	0.00508	0.00383	0.00126	0.00306	0.00423	0.00380	0.00587
40	0.00542	0.00362	0.00410	0.00413	0.00414	0.00362	0.00232	0.00545	0.00552	0.00736	0.01215	0.05620	0.01406	0.83593	0.01856	0.00356	0.00358	0.00565	0.00232	0.00230
41	0.02633	0.00922	0.01211	0.12213	0.30927	0.10251	0.05139	0.04007	0.11928	0.01248	0.00795	0.00945	0.00633	0.00362	0.00355	0.00105	0.00436	0.00320	0.00224	0.15346
42	0.02530	0.00605	0.00755	0.05885	0.07251	0.03806	0.00567	0.08071	0.03981	0.02971	0.01357	0.17957	0.05194	0.09432	0.09143	0.03409	0.05938	0.08787	0.00275	0.02085
43	0.00539	0.00404	0.00474	0.00522	0.00583	0.02764	0.00367	0.00642	0.02616	0.03464	0.05902	0.57636	0.15863	0.02883	0.00494	0.00149	0.00237	0.03785	0.00348	0.00329

[dist]
# distance from previous block
# <min> <max>
1	6

[block]
# block no. 7 follows, 73 sequences, length 16
# corresponding to MSA columns:
# 273-288
name=unknown_H
#
# <colnr> <probs for GDERKNQSTAVLIFYWHMCP>
#	G	D	E	R	K	N	Q	S	T	A	V	L	I	F	Y	W	H	M	C	P
0	0.00916	0.23248	0.25002	0.00992	0.11662	0.10233	0.00879	0.04415	0.03268	0.01130	0.03465	0.01009	0.04001	0.03670	0.00390	0.00112	0.00455	0.00309	0.00203	0.04641
1	0.00725	0.00606	0.00713	0.00546	0.00816	0.00476	0.00424	0.00898	0.02756	0.01210	0.07335	0.08776	0.01007	0.03687	0.00373	0.00083	0.00268	0.00351	0.00252	0.68699
2	0.20739	0.10915	0.11881	0.02500	0.07408	0.15747	0.03404	0.13754	0.04362	0.01400	0.00709	0.02721	0.00573	0.00398	0.00339	0.00111	0.02018	0.00291	0.00231	0.00497
3	0.00540	0.00397	0.00507	0.00477	0.00571	0.00371	0.00358	0.00741	0.03705	0.01483	0.77783	0.02796	0.07318	0.00767	0.00441	0.00119	0.00181	0.00676	0.00409	0.00360
4	0.00535	0.00415	0.00476	0.00456	0.00569	0.00378	0.00342	0.05264	0.00978	0.01283	0.35945	0.10011	0.40247	0.00867	0.00442	0.00125	0.00200	0.00743	0.00376	0.00349
5	0.00553	0.00426	0.00635	0.00625	0.00688	0.00509	0.00490	0.00684	0.00601	0.00873	0.00975	0.01436	0.00912	0.02688	0.80407	0.00577	0.05986	0.00398	0.00199	0.00339
6	0.00778	0.00667	0.00778	0.00556	0.00889	0.00500	0.00445	0.00945	0.00778	0.01223	0.00667	0.00778	0.00556	0.00278	0.00278	0.00056	0.00278	0.00222	0.00222	0.89108
7	0.00692	0.00351	0.00356	0.00355	0.00443	0.00350	0.00266	0.00867	0.00799	0.01403	0.04939	0.01462	0.01077	0.00452	0.00270	0.00089	0.00175	0.00364	0.84940	0.00350
8	0.00519	0.00383	0.00484	0.00459	0.00553	0.00349	0.00344	0.00684	0.01033	0.01435	0.72947	0.02916	0.14913	0.00793	0.00443	0.00119	0.00179	0.00694	0.00404	0.00349
9	0.12902	0.46486	0.05729	0.00693	0.00998	0.10587	0.00648	0.07761	0.00872	0.03933	0.00607	0.00678	0.00503	0.00346	0.00274	0.00091	0.00415	0.00228	0.00205	0.06042
10	0.00742	0.03848	0.00715	0.01990	0.02113	0.00635	0.00494	0.06885	0.25968	0.02987	0.10898	0.28843	0.05686	0.02286	0.00449	0.00137	0.00275	0.04254	0.00355	0.00442
11	0.01080	0.17596	0.28765	0.01025	0.06314	0.05653	0.04014	0.10789	0.05238	0.06967	0.02425	0.02327	0.03927	0.00484	0.00403	0.00129	0.01652	0.00362	0.00269	0.00583
12	0.02520	0.02234	0.14735	0.02729	0.03485	0.07638	0.05265	0.07310	0.12071	0.08017	0.07549	0.06677	0.10698	0.02529	0.00419	0.00123	0.00384	0.00457	0.00293	0.04867
13	0.04350	0.03498	0.18984	0.02303	0.02861	0.01889	0.04010	0.14003	0.07603	0.04791	0.03217	0.08824	0.05684	0.00549	0.00413	0.00126	0.01976	0.01249	0.00297	0.13376
14	0.00910	0.02236	0.20827	0.03471	0.05588	0.03101	0.04364	0.08885	0.11218	0.01417	0.08535	0.08351	0.06934	0.00586	0.00436	0.00133	0.01877	0.00473	0.00302	0.10357
15	0.00771	0.10289	0.06282	0.00796	0.08998	0.03919	0.04714	0.02478	0.06253	0.05004	0.09103	0.02927	0.24783	0.06091	0.00484	0.00130	0.00337	0.02137	0.00286	0.04220

[dist]
# distance from previous block
# <min> <max>
7	19

[block]
# block no. 8 follows, 73 sequences, length 31
# corresponding to MSA columns:
# 309-339
name=unknown_I
#
# <colnr> <probs for GDERKNQSTAVLIFYWHMCP>
#	G	D	E	R	K	N	Q	S	T	A	V	L	I	F	Y	W	H	M	C	P
0	0.13285	0.06943	0.00791	0.01630	0.06105	0.06580	0.00498	0.05824	0.01722	0.04650	0.01120	0.06693	0.04607	0.23384	0.00819	0.02139	0.03604	0.05431	0.00254	0.03920
1	0.10970	0.09552	0.05117	0.01094	0.19508	0.09986	0.03405	0.10334	0.05149	0.04289	0.00737	0.00835	0.00581	0.00357	0.00325	0.00099	0.00414	0.00283	0.00236	0.16729
2	0.13005	0.25378	0.06384	0.00982	0.11943	0.15598	0.04747	0.04846	0.02234	0.04647	0.00664	0.00768	0.00537	0.00365	0.00333	0.00102	0.02870	0.00266	0.01671	0.02661
3	0.03868	0.18710	0.05977	0.01868	0.03151	0.11636	0.01704	0.15705	0.09208	0.04329	0.03587	0.01019	0.00772	0.02087	0.05624	0.00139	0.01803	0.00318	0.06537	0.01957
4	0.00881	0.03056	0.10687	0.16477	0.35592	0.03120	0.03727	0.04888	0.04164	0.01219	0.00777	0.00958	0.01960	0.00360	0.00360	0.00109	0.00448	0.00324	0.00202	0.10691
5	0.00552	0.00392	0.00506	0.00505	0.00543	0.00421	0.00347	0.00643	0.02634	0.00849	0.04801	0.02096	0.01304	0.45330	0.35046	0.00438	0.00609	0.02465	0.00232	0.00288
6	0.00529	0.00376	0.00490	0.00498	0.00534	0.00395	0.00341	0.00600	0.00627	0.00864	0.06668	0.11670	0.03303	0.38059	0.32968	0.00408	0.00572	0.00565	0.00246	0.00287
7	0.00458	0.00334	0.00432	0.00507	0.00541	0.00308	0.00342	0.00530	0.00743	0.00981	0.04958	0.75643	0.10561	0.01140	0.00474	0.00149	0.00214	0.01027	0.00350	0.00308
8	0.01426	0.01051	0.01126	0.00863	0.01163	0.01163	0.00713	0.83224	0.01764	0.02364	0.00901	0.00901	0.00638	0.00450	0.00375	0.00113	0.00413	0.00338	0.00375	0.00638
9	0.00466	0.00377	0.00414	0.00412	0.00522	0.00325	0.00306	0.00579	0.00897	0.01131	0.23578	0.08756	0.59084	0.00919	0.00445	0.00126	0.00189	0.00782	0.00364	0.00325
10	0.01401	0.01788	0.01063	0.00967	0.01160	0.85309	0.00725	0.01498	0.01063	0.00918	0.00580	0.00677	0.00483	0.00387	0.00338	0.00097	0.00677	0.00242	0.00193	0.00435
11	0.00709	0.00667	0.01125	0.85913	0.02584	0.00834	0.01042	0.00959	0.00750	0.00959	0.00667	0.01000	0.00500	0.00375	0.00375	0.00125	0.00500	0.00333	0.00167	0.00417
12	0.00544	0.00371	0.00448	0.00448	0.00461	0.00385	0.00275	0.00570	0.00557	0.00756	0.01147	0.02261	0.01279	0.70154	0.18455	0.00411	0.00491	0.00517	0.00222	0.00249
13	0.00764	0.05758	0.81152	0.01050	0.01594	0.00899	0.01353	0.01185	0.00791	0.01174	0.00666	0.00784	0.00476	0.00355	0.00351	0.00117	0.00548	0.00274	0.00159	0.00551
14	0.01993	0.01791	0.01165	0.60300	0.15851	0.01872	0.02534	0.00983	0.00780	0.01033	0.02320	0.03174	0.01924	0.00400	0.00374	0.00121	0.00469	0.00360	0.00185	0.02371
15	0.00972	0.00843	0.01347	0.01886	0.62566	0.00852	0.00998	0.05858	0.04096	0.06477	0.00853	0.04624	0.00721	0.00433	0.01618	0.00121	0.02286	0.00370	0.00229	0.02850
16	0.00929	0.00891	0.01523	0.02303	0.84475	0.00891	0.01151	0.01151	0.00854	0.01226	0.00706	0.00929	0.00594	0.00334	0.00371	0.00111	0.00446	0.00334	0.00186	0.00594
17	0.01345	0.11176	0.02839	0.00933	0.01147	0.74392	0.00729	0.01451	0.01025	0.00920	0.00575	0.00671	0.00483	0.00379	0.00328	0.00095	0.00644	0.00238	0.00189	0.00442
18	0.00461	0.00376	0.00408	0.00410	0.00520	0.00323	0.00304	0.00570	0.00884	0.01104	0.19215	0.10297	0.61956	0.00933	0.00446	0.00127	0.00190	0.00793	0.00361	0.00323
19	0.03451	0.08050	0.44295	0.02803	0.03583	0.00881	0.03432	0.11879	0.00931	0.05900	0.01917	0.06960	0.00740	0.00445	0.00363	0.00118	0.00466	0.01918	0.00229	0.01640
20	0.00457	0.00326	0.00435	0.00522	0.00544	0.00305	0.00348	0.00522	0.00718	0.00958	0.02068	0.86570	0.02481	0.01175	0.00479	0.00152	0.00218	0.01067	0.00348	0.00305
21	0.01683	0.00638	0.00871	0.00668	0.00958	0.00551	0.00551	0.01828	0.01074	0.84734	0.01480	0.01277	0.00929	0.00464	0.00377	0.00116	0.00319	0.00377	0.00464	0.00638
22	0.00450	0.00367	0.00399	0.00418	0.00518	0.00315	0.00303	0.00542	0.00831	0.01021	0.06771	0.23718	0.61049	0.00997	0.00452	0.00133	0.00196	0.00854	0.00351	0.00315
23	0.00862	0.01108	0.18658	0.12953	0.34039	0.04744	0.11661	0.01177	0.05373	0.01170	0.00780	0.03035	0.00636	0.01700	0.00403	0.00122	0.00495	0.00358	0.00194	0.00531
24	0.03970	0.00833	0.00985	0.00779	0.02543	0.00849	0.00629	0.40134	0.01383	0.39999	0.03242	0.01113	0.00837	0.00460	0.00374	0.00114	0.00361	0.00361	0.00410	0.00624
25	0.00541	0.00372	0.00459	0.00461	0.00479	0.00389	0.00292	0.00576	0.00565	0.00770	0.01163	0.04631	0.01289	0.63174	0.22896	0.00418	0.00521	0.00524	0.00224	0.00257
26	0.04295	0.00776	0.00990	0.00858	0.07120	0.04213	0.01925	0.11021	0.01078	0.54621	0.01194	0.01119	0.00793	0.00460	0.00444	0.00119	0.07635	0.00355	0.00385	0.00598
27	0.00778	0.02868	0.07891	0.04809	0.32726	0.00705	0.06131	0.03664	0.00833	0.03195	0.01205	0.25857	0.02504	0.02115	0.01335	0.00136	0.00396	0.02125	0.00249	0.00476
28	0.00953	0.00654	0.00744	0.00649	0.00805	0.00694	0.00493	0.29009	0.08073	0.08022	0.01360	0.17500	0.02726	0.18582	0.04786	0.00198	0.00368	0.02233	0.01695	0.00456
29	0.02555	0.00844	0.05725	0.09095	0.20558	0.07869	0.04183	0.09121	0.03535	0.02809	0.04101	0.19367	0.05907	0.00591	0.00397	0.00122	0.00395	0.00521	0.00267	0.02035
30	0.00946	0.11758	0.21888	0.03574	0.17816	0.04923	0.09881	0.04954	0.03357	0.06149	0.02166	0.02485	0.00684	0.00413	0.00419	0.00117	0.05862	0.01864	0.00216	0.00528

[dist]
# distance from previous block
# <min> <max>
0	20

[block]
# block no. 9 follows, 73 sequences, length 34
# corresponding to MSA columns:
# 360-393
name=unknown_J
#
# <colnr> <probs for GDERKNQSTAVLIFYWHMCP>
#	G	D	E	R	K	N	Q	S	T	A	V	L	I	F	Y	W	H	M	C	P
0	0.06583	0.13502	0.07268	0.05141	0.09978	0.08508	0.02047	0.24195	0.09188	0.02284	0.02012	0.02644	0.01650	0.00420	0.00345	0.00109	0.00423	0.00328	0.00267	0.03109
1	0.02998	0.05009	0.05795	0.06698	0.25234	0.22446	0.01910	0.06250	0.05159	0.04884	0.01722	0.01958	0.00680	0.04222	0.00444	0.00122	0.02423	0.00328	0.01214	0.00505
2	0.00826	0.00639	0.02192	0.00680	0.00872	0.01612	0.06418	0.07620	0.06655	0.09139	0.13601	0.13914	0.05013	0.02338	0.04686	0.00142	0.04004	0.00516	0.02747	0.16385
3	0.00883	0.00838	0.01364	0.13952	0.62774	0.02174	0.01053	0.03364	0.00870	0.01207	0.02544	0.02811	0.03725	0.00392	0.00378	0.00115	0.00437	0.00371	0.00202	0.00547
4	0.00459	0.00328	0.00437	0.00521	0.00545	0.00306	0.00348	0.00528	0.00728	0.00973	0.04350	0.84245	0.02511	0.01164	0.00478	0.00151	0.00217	0.01056	0.00350	0.00306
5	0.00525	0.00383	0.00473	0.00456	0.00551	0.00348	0.00338	0.00667	0.00961	0.02762	0.52687	0.07995	0.23791	0.03670	0.02600	0.00142	0.00212	0.00714	0.00382	0.00342
6	0.00468	0.00375	0.00418	0.00419	0.00525	0.00325	0.00310	0.00582	0.00896	0.01138	0.24966	0.11970	0.54439	0.00925	0.00447	0.00127	0.00189	0.00790	0.00366	0.00325
7	0.01335	0.00608	0.00752	0.00604	0.00834	0.00576	0.00490	0.10909	0.03969	0.48013	0.03901	0.01317	0.00992	0.00467	0.00349	0.00109	0.00287	0.00376	0.23559	0.00553
8	0.89465	0.00726	0.00551	0.00493	0.00726	0.00842	0.00406	0.01103	0.00638	0.01683	0.00522	0.00609	0.00406	0.00348	0.00232	0.00116	0.00290	0.00203	0.00232	0.00406
9	0.89465	0.00726	0.00551	0.00493	0.00726	0.00842	0.00406	0.01103	0.00638	0.01683	0.00522	0.00609	0.00406	0.00348	0.00232	0.00116	0.00290	0.00203	0.00232	0.00406
10	0.00539	0.00396	0.00580	0.00580	0.00638	0.00455	0.00440	0.00653	0.00595	0.00851	0.01019	0.01577	0.00981	0.12126	0.74683	0.02025	0.00923	0.00417	0.00203	0.00320
11	0.01028	0.83897	0.01926	0.00643	0.00963	0.01451	0.00639	0.01149	0.00774	0.03934	0.00556	0.00626	0.00498	0.00326	0.00246	0.00082	0.00398	0.00207	0.00172	0.00487
12	0.01047	0.05909	0.19795	0.00872	0.04866	0.08648	0.00791	0.12892	0.00973	0.12733	0.01564	0.03685	0.00697	0.01976	0.02020	0.00119	0.05184	0.00324	0.00257	0.15649
13	0.00805	0.00783	0.01126	0.68399	0.07933	0.09047	0.00994	0.01032	0.00793	0.02635	0.00708	0.02842	0.00557	0.00393	0.00374	0.00122	0.00504	0.00341	0.00180	0.00433
14	0.00578	0.00467	0.00541	0.00509	0.00598	0.04606	0.00382	0.00735	0.01008	0.01387	0.67644	0.05005	0.07935	0.03239	0.00509	0.00127	0.03336	0.00658	0.00382	0.00353
15	0.00943	0.03381	0.10277	0.10492	0.03854	0.03471	0.02394	0.13957	0.09637	0.09906	0.05411	0.08699	0.05220	0.03443	0.00473	0.01331	0.02446	0.01873	0.00297	0.02496
16	0.03308	0.03768	0.76754	0.01048	0.03000	0.00869	0.01307	0.01164	0.00780	0.01181	0.00665	0.00795	0.00480	0.00382	0.00382	0.02606	0.00535	0.00276	0.00161	0.00538
17	0.01401	0.01788	0.01063	0.00967	0.01160	0.85309	0.00725	0.01498	0.01063	0.00918	0.00580	0.00677	0.00483	0.00387	0.00338	0.00097	0.00677	0.00242	0.00193	0.00435
18	0.00639	0.00534	0.00803	0.04253	0.18456	0.00516	0.03564	0.01834	0.00984	0.01368	0.49663	0.02356	0.10432	0.00663	0.00426	0.00119	0.00271	0.02367	0.00339	0.00413
