[name]
unknown

[dist]
# distance from previous block
# <min> <max>
0	11

[block]
# block no. 0 follows, 62 sequences, length 12
# corresponding to MSA columns:
# 11-22
name=unknown_A
#
# <colnr> <probs for GDERKNQSTAVLIFYWHMCP>
#	G	D	E	R	K	N	Q	S	T	A	V	L	I	F	Y	W	H	M	C	P
0	0.00615	0.00454	0.00592	0.00650	0.00748	0.00432	0.00532	0.00778	0.00992	0.01293	0.15204	0.14722	0.18515	0.01129	0.00552	0.00173	0.00308	0.41526	0.00405	0.00381
1	0.01001	0.11820	0.36034	0.05619	0.16502	0.09549	0.06583	0.01327	0.00935	0.01254	0.00779	0.03025	0.00632	0.00429	0.00427	0.00129	0.02817	0.00351	0.00198	0.00590
2	0.01750	0.00800	0.01016	0.00789	0.01104	0.00755	0.00648	0.16611	0.03990	0.60458	0.06304	0.01476	0.01175	0.00546	0.00432	0.00131	0.00371	0.00441	0.00501	0.00703
3	0.03687	0.00986	0.05367	0.01204	0.15818	0.00975	0.03354	0.24976	0.07345	0.15317	0.01129	0.01279	0.00863	0.05274	0.07837	0.00196	0.03002	0.00412	0.00347	0.00631
4	0.01139	0.01025	0.01023	0.03599	0.01171	0.15159	0.03593	0.07692	0.23051	0.07466	0.04278	0.01538	0.09389	0.00552	0.00437	0.00122	0.02375	0.00442	0.00346	0.15601
5	0.00532	0.00410	0.00508	0.00565	0.00624	0.00386	0.00395	0.00620	0.00865	0.01122	0.05490	0.56429	0.24969	0.01225	0.00562	0.00164	0.03311	0.01077	0.00390	0.00356
6	0.01040	0.00959	0.04100	0.01120	0.01415	0.00953	0.25258	0.05895	0.34089	0.06131	0.05775	0.08791	0.01309	0.00580	0.00466	0.00144	0.00456	0.00553	0.00361	0.00603
7	0.00711	0.00508	0.00588	0.00549	0.00693	0.00471	0.00416	0.07817	0.01135	0.05852	0.29647	0.12316	0.35786	0.00957	0.00496	0.00142	0.00244	0.00819	0.00429	0.00423
8	0.00786	0.00718	0.01026	0.00923	0.00957	0.00957	0.00752	0.00906	0.00666	0.01008	0.00819	0.01263	0.00785	0.01842	0.38153	0.00409	0.46989	0.00410	0.00205	0.00427
9	0.00739	0.00370	0.00554	0.00554	0.00554	0.00370	0.00370	0.00554	0.00554	0.00739	0.00739	0.01293	0.00739	0.01478	0.01663	0.87620	0.00370	0.00370	0.00185	0.00185
10	0.00931	0.00931	0.01303	0.01117	0.01117	0.01303	0.00931	0.01024	0.00652	0.01024	0.00559	0.00931	0.00559	0.00745	0.01396	0.00186	0.84267	0.00372	0.00186	0.00465
11	0.01147	0.36421	0.27486	0.00914	0.01342	0.01267	0.00984	0.09811	0.04804	0.08552	0.00887	0.03086	0.00702	0.00442	0.00359	0.00117	0.00492	0.00327	0.00255	0.00608

[dist]
# distance from previous block
# <min> <max>
0	1

[block]
# block no. 1 follows, 62 sequences, length 13
# corresponding to MSA columns:
# 24-36
name=unknown_B
#
# <colnr> <probs for GDERKNQSTAVLIFYWHMCP>
#	G	D	E	R	K	N	Q	S	T	A	V	L	I	F	Y	W	H	M	C	P
0	0.04257	0.01312	0.02980	0.00994	0.02800	0.19886	0.00793	0.40186	0.11145	0.09814	0.01063	0.01060	0.00771	0.00495	0.00412	0.00126	0.00510	0.00368	0.00375	0.00654
1	0.01041	0.01058	0.05883	0.01611	0.11428	0.00970	0.47369	0.01332	0.00975	0.09137	0.01041	0.08630	0.00872	0.00492	0.00543	0.00145	0.06113	0.00526	0.00257	0.00575
2	0.00981	0.00753	0.00892	0.00642	0.01016	0.00573	0.00516	0.01168	0.00915	0.09202	0.00845	0.00937	0.00671	0.00335	0.00326	0.00070	0.00320	0.00269	0.00278	0.79291
3	0.00546	0.00433	0.00490	0.00476	0.00601	0.00377	0.00357	0.00693	0.01071	0.01389	0.37787	0.03701	0.48593	0.00988	0.00502	0.00139	0.00209	0.00843	0.00427	0.00377
4	0.00608	0.00456	0.00684	0.00684	0.00760	0.00532	0.00532	0.00760	0.00684	0.00988	0.01140	0.01672	0.01064	0.03191	0.83360	0.00684	0.01140	0.00456	0.00228	0.00380
5	0.01584	0.01175	0.01258	0.00972	0.01307	0.01304	0.00801	0.76245	0.06783	0.02627	0.01064	0.01056	0.00758	0.00515	0.00426	0.00129	0.00460	0.00389	0.00426	0.00721
6	0.02457	0.00433	0.00533	0.00540	0.00637	0.00402	0.00393	0.00824	0.00991	0.06702	0.27718	0.31660	0.11765	0.00975	0.00480	0.00144	0.00231	0.00857	0.11859	0.00399
7	0.09470	0.28472	0.01348	0.00766	0.01017	0.03604	0.02904	0.08983	0.11165	0.03033	0.00956	0.01054	0.00767	0.00472	0.00423	0.00118	0.07744	0.00333	0.16834	0.00538
8	0.00648	0.00459	0.00512	0.00510	0.00542	0.00467	0.00311	0.00774	0.08438	0.00952	0.01605	0.08408	0.05889	0.66683	0.01799	0.00356	0.00383	0.00661	0.00291	0.00309
9	0.01046	0.01255	0.05502	0.04475	0.02118	0.08974	0.65319	0.01377	0.01005	0.01314	0.00826	0.01095	0.00627	0.00380	0.00507	0.00141	0.02798	0.00465	0.00213	0.00562
10	0.03932	0.00897	0.02552	0.06435	0.05142	0.02434	0.06455	0.09163	0.00986	0.01468	0.00810	0.03111	0.00680	0.00417	0.00449	0.00101	0.07337	0.00333	0.00258	0.47039
11	0.14005	0.04122	0.02252	0.03488	0.04679	0.17859	0.03768	0.16705	0.06633	0.05005	0.04140	0.03011	0.02485	0.00520	0.00423	0.00127	0.02922	0.02158	0.01976	0.03722
12	0.08515	0.03353	0.10672	0.08233	0.15127	0.06387	0.05146	0.13145	0.05440	0.07586	0.04774	0.02341	0.00882	0.00550	0.02612	0.00146	0.02605	0.00395	0.00292	0.01799

[dist]
# distance from previous block
# <min> <max>
0	23

[block]
# block no. 2 follows, 62 sequences, length 18
# corresponding to MSA columns:
# 60-77
name=unknown_C
#
# <colnr> <probs for GDERKNQSTAVLIFYWHMCP>
#	G	D	E	R	K	N	Q	S	T	A	V	L	I	F	Y	W	H	M	C	P
0	0.07634	0.03944	0.04379	0.12605	0.09501	0.12680	0.03772	0.07908	0.05223	0.06725	0.02020	0.01170	0.00784	0.02053	0.00439	0.00127	0.01864	0.01981	0.03940	0.11252
1	0.00868	0.00864	0.03857	0.60947	0.22977	0.00963	0.01225	0.01150	0.00882	0.01172	0.00768	0.01107	0.00593	0.00413	0.00424	0.00138	0.00553	0.00376	0.00194	0.00528
2	0.00539	0.00380	0.00491	0.00568	0.00591	0.00359	0.00371	0.00603	0.00792	0.01059	0.04550	0.67855	0.02626	0.16102	0.00828	0.00214	0.00275	0.01092	0.00373	0.00332
3	0.01041	0.00521	0.00676	0.00604	0.00757	0.00470	0.00449	0.01168	0.01029	0.29687	0.22061	0.16163	0.07310	0.15190	0.00767	0.00188	0.00302	0.00706	0.00436	0.00478
4	0.01082	0.00926	0.00975	0.00871	0.01115	0.01069	0.00679	0.05571	0.78275	0.01818	0.01702	0.01564	0.01275	0.00574	0.00433	0.00144	0.00342	0.00477	0.00433	0.00676
5	0.25019	0.00725	0.00818	0.00662	0.00941	0.00713	0.00542	0.05273	0.01073	0.45642	0.01314	0.01244	0.00884	0.00486	0.00365	0.00127	0.00335	0.00368	0.12863	0.00606
6	0.88052	0.00823	0.00625	0.00560	0.00823	0.00955	0.00461	0.01251	0.00724	0.01909	0.00592	0.00691	0.00461	0.00395	0.00263	0.00132	0.00329	0.00230	0.00263	0.00461
7	0.88052	0.00823	0.00625	0.00560	0.00823	0.00955	0.00461	0.01251	0.00724	0.01909	0.00592	0.00691	0.00461	0.00395	0.00263	0.00132	0.00329	0.00230	0.00263	0.00461
8	0.01138	0.85302	0.02230	0.00728	0.01092	0.01684	0.00728	0.01274	0.00865	0.01001	0.00592	0.00683	0.00546	0.00364	0.00273	0.00091	0.00455	0.00228	0.00182	0.00546
9	0.05499	0.01828	0.01204	0.01097	0.03519	0.65785	0.00817	0.12839	0.01289	0.01321	0.00710	0.00808	0.00572	0.00445	0.00385	0.00114	0.00698	0.00290	0.00250	0.00529
10	0.01264	0.01439	0.01432	0.12523	0.35300	0.38317	0.01070	0.01456	0.01061	0.01193	0.00730	0.00934	0.00603	0.00412	0.00405	0.00121	0.00632	0.00331	0.00212	0.00566
11	0.00604	0.00444	0.00521	0.00496	0.00624	0.00390	0.00374	0.00761	0.01098	0.04380	0.43831	0.03533	0.39493	0.00952	0.00500	0.00138	0.00213	0.00816	0.00437	0.00394
12	0.00839	0.00793	0.01341	0.72393	0.14282	0.00955	0.01199	0.01118	0.00868	0.01130	0.00763	0.01123	0.00582	0.00419	0.00425	0.00140	0.00558	0.00378	0.00192	0.00501
13	0.00668	0.00478	0.00542	0.00518	0.00662	0.00425	0.00394	0.03830	0.01066	0.06854	0.20924	0.09632	0.48541	0.00994	0.00500	0.00144	0.00239	0.02760	0.00421	0.00407
14	0.00739	0.00370	0.00554	0.00554	0.00554	0.00370	0.00370	0.00554	0.00554	0.00739	0.00739	0.01293	0.00739	0.01478	0.01663	0.87620	0.00370	0.00370	0.00185	0.00185
15	0.01025	0.01049	0.04308	0.26184	0.23347	0.05089	0.17181	0.08556	0.01035	0.01379	0.00852	0.01194	0.00686	0.00443	0.00473	0.00138	0.03239	0.03020	0.00230	0.00572
16	0.00589	0.00455	0.00536	0.00582	0.00642	0.02893	0.00399	0.00679	0.00865	0.01145	0.11190	0.53192	0.08079	0.10610	0.00706	0.00188	0.00280	0.02840	0.00377	0.03755
17	0.01246	0.03415	0.05380	0.04903	0.12832	0.38541	0.00866	0.09100	0.01178	0.01329	0.07550	0.02579	0.06957	0.00533	0.00429	0.00123	0.01835	0.00407	0.00269	0.00529

[dist]
# distance from previous block
# <min> <max>
4	32

[block]
# block no. 3 follows, 62 sequences, length 24
# corresponding to MSA columns:
# 115-138
name=unknown_D
#
# <colnr> <probs for GDERKNQSTAVLIFYWHMCP>
#	G	D	E	R	K	N	Q	S	T	A	V	L	I	F	Y	W	H	M	C	P
0	0.03232	0.03471	0.03425	0.03466	0.03977	0.02959	0.00501	0.00851	0.01041	0.02449	0.33502	0.04079	0.30472	0.02978	0.00514	0.00142	0.00283	0.00713	0.00382	0.01562
1	0.01287	0.16771	0.10951	0.01097	0.04540	0.18200	0.05102	0.05204	0.08781	0.03642	0.07571	0.03823	0.01161	0.00629	0.01669	0.00154	0.00568	0.00438	0.00328	0.08085
2	0.07686	0.13156	0.04077	0.02251	0.08706	0.01196	0.00801	0.27320	0.23300	0.03711	0.01098	0.01110	0.00828	0.00478	0.00390	0.00126	0.00425	0.00371	0.00347	0.02622
3	0.00553	0.00432	0.00502	0.00496	0.00614	0.00382	0.00373	0.00702	0.01064	0.01389	0.37345	0.07157	0.42464	0.01004	0.00507	0.00143	0.00217	0.03852	0.00426	0.00378
4	0.01011	0.30931	0.43240	0.01030	0.01515	0.03426	0.02980	0.04071	0.04391	0.01278	0.00750	0.00860	0.00583	0.00407	0.00379	0.00120	0.01932	0.00298	0.00202	0.00598
5	0.00608	0.00437	0.00586	0.00586	0.00634	0.00477	0.00413	0.00697	0.00668	0.00928	0.01339	0.02211	0.04291	0.36147	0.47495	0.00554	0.00812	0.00538	0.00246	0.00330
6	0.00523	0.00386	0.00492	0.00574	0.00622	0.00354	0.00396	0.00609	0.00848	0.01105	0.02667	0.67765	0.15977	0.01284	0.00538	0.00169	0.00248	0.04697	0.00395	0.00350
7	0.05804	0.01040	0.01122	0.00888	0.01197	0.01138	0.00726	0.51929	0.14322	0.11633	0.01204	0.01169	0.00856	0.00517	0.00413	0.00130	0.00416	0.00397	0.04411	0.00688
8	0.03944	0.01036	0.01094	0.00908	0.01194	0.01173	0.00728	0.37637	0.43357	0.02189	0.01378	0.01306	0.01015	0.00542	0.00425	0.00136	0.00396	0.00429	0.00425	0.00690
9	0.00521	0.00375	0.00496	0.00591	0.00621	0.00349	0.00399	0.00599	0.00824	0.01093	0.02417	0.80019	0.05774	0.01320	0.00543	0.00172	0.00249	0.02897	0.00395	0.00347
10	0.01244	0.01019	0.01148	0.08432	0.07579	0.11356	0.04142	0.09163	0.28154	0.13763	0.07153	0.01415	0.01160	0.00525	0.00430	0.00133	0.00447	0.00439	0.00371	0.01926
11	0.18095	0.00982	0.01659	0.03995	0.35404	0.01011	0.23287	0.01270	0.00907	0.01449	0.00810	0.03540	0.00680	0.00425	0.00465	0.00137	0.04671	0.00409	0.00226	0.00579
12	0.00870	0.00829	0.01138	0.00989	0.00989	0.01128	0.00799	0.00944	0.00645	0.00985	0.00712	0.01295	0.00753	0.17299	0.01547	0.00231	0.67801	0.00421	0.00200	0.00425
13	0.01048	0.01522	0.37127	0.01035	0.01461	0.01065	0.01089	0.13159	0.34581	0.01719	0.01203	0.01202	0.00881	0.00491	0.00419	0.00138	0.00484	0.00393	0.00320	0.00661
14	0.03581	0.01111	0.02301	0.01918	0.17925	0.01060	0.62856	0.01348	0.00989	0.01384	0.00841	0.01116	0.00646	0.00364	0.00479	0.00140	0.00664	0.00470	0.00216	0.00590
15	0.01707	0.00755	0.00981	0.00752	0.01084	0.00663	0.00617	0.04620	0.05441	0.64024	0.01527	0.01360	0.00994	0.00498	0.00412	0.00122	0.00358	0.00404	0.00479	0.13202
16	0.00593	0.00435	0.00556	0.00526	0.00630	0.00398	0.00394	0.00786	0.01183	0.01657	0.75210	0.03260	0.11003	0.00888	0.00502	0.00135	0.00202	0.00781	0.00462	0.00398
17	0.01589	0.02028	0.01206	0.01096	0.01315	0.83338	0.00822	0.01699	0.01206	0.01041	0.00658	0.00767	0.00548	0.00438	0.00384	0.00110	0.00767	0.00274	0.00219	0.00493
18	0.00751	0.00473	0.00593	0.00546	0.00673	0.00443	0.00415	0.00982	0.04161	0.08695	0.59150	0.02818	0.06682	0.00793	0.00468	0.00130	0.00220	0.00690	0.10878	0.00437
19	0.05445	0.00544	0.00654	0.00583	0.00739	0.00522	0.00451	0.07129	0.01201	0.11108	0.50588	0.04530	0.10024	0.00792	0.00468	0.00133	0.00249	0.00679	0.03698	0.00462
20	0.00892	0.00826	0.01358	0.64857	0.17274	0.00977	0.01185	0.05344	0.00933	0.01226	0.00778	0.01114	0.00595	0.00422	0.00425	0.00138	0.00551	0.00379	0.00205	0.00522
21	0.00619	0.00413	0.00464	0.00464	0.00464	0.00413	0.00258	0.00619	0.00619	0.00825	0.01341	0.02785	0.01547	0.85046	0.02166	0.00413	0.00413	0.00619	0.00258	0.00258
22	0.01422	0.34071	0.01621	0.00923	0.01230	0.30500	0.00782	0.22032	0.01279	0.01450	0.00726	0.00800	0.00593	0.00428	0.00352	0.00107	0.00569	0.00284	0.00258	0.00573
23	0.01050	0.00919	0.02184	0.02032	0.05577	0.02743	0.00693	0.16544	0.02211	0.01576	0.00807	0.00955	0.00658	0.00491	0.02586	0.00114	0.10622	0.00310	0.00275	0.47652

[dist]
# distance from previous block
# <min> <max>
1	9

[block]
# block no. 4 follows, 62 sequences, length 20
# corresponding to MSA columns:
# 160-179
name=unknown_E
#
# <colnr> <probs for GDERKNQSTAVLIFYWHMCP>
#	G	D	E	R	K	N	Q	S	T	A	V	L	I	F	Y	W	H	M	C	P
0	0.72607	0.02836	0.00767	0.00640	0.00898	0.03705	0.03763	0.01231	0.00763	0.01771	0.00771	0.00877	0.03963	0.00474	0.01589	0.00141	0.02202	0.00278	0.00261	0.00463
1	0.01048	0.22623	0.23093	0.01267	0.13567	0.09008	0.07330	0.01434	0.10064	0.01287	0.02696	0.01024	0.00748	0.00490	0.02465	0.00136	0.00557	0.00346	0.00228	0.00591
2	0.00668	0.00521	0.00664	0.00671	0.02163	0.00521	0.01856	0.04049	0.07503	0.01335	0.16167	0.18980	0.18730	0.03729	0.11858	0.00234	0.00403	0.09152	0.00379	0.00416
3	0.00516	0.00379	0.00485	0.00570	0.00611	0.00348	0.00385	0.00595	0.00837	0.01095	0.02622	0.73398	0.14006	0.01297	0.00537	0.00169	0.00242	0.01166	0.00395	0.00348
4	0.01909	0.00724	0.00987	0.00757	0.01086	0.00625	0.00625	0.02074	0.01218	0.82687	0.01679	0.01448	0.01053	0.00527	0.00428	0.00132	0.00362	0.00428	0.00527	0.00724
5	0.10151	0.01041	0.01083	0.00883	0.01176	0.01171	0.00715	0.45009	0.27688	0.02279	0.01220	0.01189	0.00895	0.00520	0.00408	0.00133	0.00404	0.00400	0.02967	0.00671
6	0.11625	0.00702	0.00886	0.00698	0.00996	0.00640	0.00573	0.01870	0.01129	0.65270	0.01525	0.01376	0.00989	0.00508	0.00396	0.00128	0.00342	0.00402	0.09281	0.00661
7	0.75124	0.00878	0.00723	0.00622	0.00897	0.01009	0.00513	0.13175	0.00915	0.02025	0.00657	0.00741	0.00500	0.00412	0.00288	0.00131	0.00350	0.00253	0.00288	0.00500
8	0.01138	0.85302	0.02230	0.00728	0.01092	0.01684	0.00728	0.01274	0.00865	0.01001	0.00592	0.00683	0.00546	0.00364	0.00273	0.00091	0.00455	0.00228	0.00182	0.00546
9	0.01138	0.85302	0.02230	0.00728	0.01092	0.01684	0.00728	0.01274	0.00865	0.01001	0.00592	0.00683	0.00546	0.00364	0.00273	0.00091	0.00455	0.00228	0.00182	0.00546
10	0.83423	0.00833	0.00684	0.00669	0.05162	0.00958	0.00506	0.01254	0.00737	0.01881	0.00604	0.00710	0.00472	0.00394	0.00272	0.00131	0.00339	0.00238	0.00261	0.00472
11	0.01110	0.01003	0.01451	0.01201	0.01454	0.04292	0.25013	0.03163	0.23143	0.01624	0.06259	0.10996	0.01554	0.01009	0.08936	0.00234	0.00601	0.03376	0.02951	0.00632
12	0.00579	0.00415	0.00513	0.00538	0.00625	0.00374	0.00384	0.00701	0.00980	0.03680	0.25757	0.37332	0.24341	0.01108	0.00517	0.00153	0.00229	0.00977	0.00420	0.00376
13	0.00550	0.00413	0.00509	0.00566	0.00641	0.00379	0.00415	0.00657	0.00900	0.01157	0.07126	0.39265	0.26810	0.05019	0.00610	0.00177	0.00266	0.13792	0.00392	0.00356
14	0.00532	0.00410	0.00485	0.00529	0.00609	0.00371	0.00371	0.00650	0.02441	0.01173	0.10086	0.43685	0.33124	0.02797	0.00553	0.00162	0.00236	0.01027	0.00400	0.00360
15	0.00739	0.00370	0.00554	0.00554	0.00554	0.00370	0.00370	0.00554	0.00554	0.00739	0.00739	0.01293	0.00739	0.01478	0.01663	0.87620	0.00370	0.00370	0.00185	0.00185
16	0.03264	0.01168	0.15989	0.10047	0.25981	0.01007	0.03797	0.08396	0.15234	0.06323	0.01027	0.01150	0.00775	0.00452	0.00435	0.00134	0.01948	0.00389	0.01850	0.00635
17	0.00800	0.00772	0.03598	0.08590	0.29515	0.00730	0.09035	0.01001	0.00900	0.01240	0.01463	0.32680	0.02718	0.00765	0.00477	0.00147	0.00428	0.02234	0.00285	0.02621
18	0.01352	0.02472	0.06519	0.00932	0.01212	0.22959	0.01894	0.29646	0.02954	0.07521	0.05626	0.03067	0.09149	0.00580	0.00446	0.00128	0.02168	0.00443	0.00349	0.00584
19	0.01072	0.44057	0.19797	0.00931	0.02932	0.02910	0.03679	0.05551	0.07617	0.01271	0.00842	0.00924	0.02244	0.00412	0.00343	0.00110	0.00490	0.00304	0.00225	0.04291

[dist]
# distance from previous block
# <min> <max>
14	73

[block]
# block no. 5 follows, 62 sequences, length 9
# corresponding to MSA columns:
# 254-262
name=unknown_F
#
# <colnr> <probs for GDERKNQSTAVLIFYWHMCP>
#	G	D	E	R	K	N	Q	S	T	A	V	L	I	F	Y	W	H	M	C	P
0	0.03580	0.01119	0.01269	0.01204	0.14316	0.03221	0.00850	0.53220	0.10246	0.02282	0.01054	0.01091	0.00778	0.00492	0.00417	0.00128	0.00455	0.00387	0.03205	0.00687
1	0.00723	0.00380	0.00570	0.00570	0.00579	0.00389	0.00389	0.00579	0.00570	0.00769	0.00787	0.01339	0.00778	0.01685	0.11505	0.77147	0.00462	0.00380	0.00190	0.00208
2	0.03642	0.00606	0.00794	0.03422	0.11121	0.00632	0.00576	0.02281	0.09002	0.04400	0.13073	0.04123	0.11963	0.15044	0.13586	0.00267	0.01818	0.00579	0.02620	0.00452
3	0.00717	0.00545	0.00694	0.00614	0.00787	0.00488	0.03400	0.00949	0.06100	0.04455	0.29790	0.14782	0.16262	0.00820	0.00464	0.00129	0.00263	0.00718	0.02795	0.15227
4	0.00849	0.00715	0.02504	0.14866	0.22840	0.00743	0.00821	0.03583	0.02876	0.01263	0.12863	0.01583	0.03026	0.03562	0.02639	0.17793	0.03978	0.00457	0.02578	0.00460
5	0.00993	0.01020	0.06101	0.03643	0.24394	0.05006	0.04317	0.04368	0.19117	0.01428	0.03901	0.06936	0.04050	0.00590	0.00574	0.00144	0.12060	0.00485	0.00291	0.00583
6	0.01038	0.00866	0.01062	0.20415	0.11505	0.08303	0.00814	0.07954	0.07935	0.09079	0.06084	0.07253	0.09647	0.00619	0.00442	0.00135	0.00438	0.02388	0.00325	0.03698
7	0.00652	0.00463	0.00543	0.00584	0.00637	0.02672	0.00417	0.00761	0.00823	0.01177	0.01882	0.40346	0.04012	0.09531	0.05392	0.00209	0.03877	0.05580	0.20079	0.00363
8	0.00973	0.00918	0.01227	0.56196	0.03986	0.08885	0.01039	0.10746	0.01025	0.01293	0.03747	0.01207	0.00744	0.03260	0.00510	0.00147	0.02976	0.00391	0.00233	0.00499

[dist]
# distance from previous block
# <min> <max>
1	13

[block]
# block no. 6 follows, 62 sequences, length 30
# corresponding to MSA columns:
# 276-305
name=unknown_G
#
# <colnr> <probs for GDERKNQSTAVLIFYWHMCP>
#	G	D	E	R	K	N	Q	S	T	A	V	L	I	F	Y	W	H	M	C	P
0	0.02638	0.01074	0.01205	0.00987	0.01262	0.14184	0.11479	0.11687	0.22140	0.13435	0.03481	0.02581	0.03733	0.00556	0.00449	0.00134	0.01519	0.03360	0.00367	0.03728
1	0.01430	0.00953	0.01075	0.00858	0.01137	0.01012	0.00692	0.51212	0.01622	0.14201	0.03873	0.10268	0.01137	0.03111	0.03274	0.00159	0.00437	0.00498	0.00423	0.02631
2	0.00853	0.02201	0.82841	0.01213	0.01842	0.00988	0.01572	0.01348	0.00898	0.01348	0.00764	0.00898	0.00539	0.00404	0.00404	0.00135	0.00629	0.00314	0.00180	0.00629
3	0.00521	0.00432	0.00457	0.00451	0.00586	0.00367	0.00338	0.00647	0.01014	0.01254	0.18886	0.03923	0.67579	0.01039	0.00503	0.00142	0.00213	0.00874	0.00409	0.00367
4	0.00608	0.00456	0.00684	0.00684	0.00760	0.00532	0.00532	0.00760	0.00684	0.00988	0.01140	0.01672	0.01064	0.03191	0.83360	0.00684	0.01140	0.00456	0.00228	0.00380
5	0.03538	0.73623	0.02080	0.00752	0.01110	0.01623	0.00730	0.10179	0.00988	0.01213	0.00640	0.00721	0.00564	0.00381	0.00290	0.00096	0.00453	0.00245	0.00211	0.00564
6	0.00521	0.00398	0.00480	0.00539	0.00611	0.00357	0.00379	0.00615	0.00888	0.01134	0.05482	0.50453	0.31526	0.01221	0.00529	0.00162	0.00239	0.03714	0.00397	0.00354
7	0.01495	0.14943	0.01178	0.00755	0.01053	0.00972	0.00640	0.25589	0.01338	0.30509	0.01247	0.01216	0.00876	0.00489	0.00378	0.00118	0.00381	0.00375	0.15812	0.00636
8	0.00739	0.00370	0.00554	0.00554	0.00554	0.00370	0.00370	0.00554	0.00554	0.00739	0.00739	0.01293	0.00739	0.01478	0.01663	0.87620	0.00370	0.00370	0.00185	0.00185
9	0.01615	0.01272	0.01270	0.00990	0.01319	0.09199	0.00810	0.73357	0.01924	0.02524	0.00987	0.00997	0.00707	0.00504	0.00422	0.00126	0.00497	0.00373	0.00406	0.00701
10	0.00931	0.00755	0.00887	0.00636	0.01012	0.00570	0.00510	0.01119	0.00898	0.05251	0.00800	0.00909	0.00650	0.00325	0.00320	0.00066	0.00317	0.00260	0.00265	0.83515
11	0.01124	0.61943	0.01935	0.00827	0.03824	0.03843	0.04592	0.05047	0.00942	0.01182	0.00728	0.00843	0.00628	0.00389	0.00302	0.00098	0.00449	0.00275	0.10489	0.00541
12	0.20880	0.17587	0.01301	0.00834	0.01154	0.06427	0.00708	0.39194	0.01409	0.05502	0.00847	0.00884	0.00633	0.00452	0.00357	0.00120	0.00449	0.00314	0.00333	0.00616
13	0.01055	0.03918	0.03870	0.13827	0.32575	0.08313	0.14502	0.01420	0.09988	0.02733	0.00943	0.03283	0.00767	0.00437	0.00431	0.00132	0.00547	0.00417	0.00242	0.00599
14	0.00678	0.00510	0.00679	0.00664	0.00737	0.02234	0.00507	0.02115	0.00727	0.01057	0.01149	0.01727	0.01082	0.11959	0.59542	0.00554	0.04630	0.00460	0.08608	0.00379
15	0.00524	0.00418	0.00466	0.00482	0.00590	0.00364	0.00349	0.00636	0.00963	0.01211	0.15471	0.21079	0.51528	0.03285	0.00555	0.00155	0.00225	0.00938	0.00402	0.00360
16	0.00922	0.00504	0.00641	0.00577	0.00734	0.00455	0.00443	0.01105	0.02359	0.21411	0.37927	0.10661	0.12838	0.00826	0.00473	0.00136	0.00249	0.00714	0.06550	0.00474
17	0.03328	0.00699	0.00783	0.00689	0.00904	0.00724	0.00540	0.03475	0.31907	0.17187	0.13559	0.02191	0.15797	0.00686	0.00442	0.00137	0.00296	0.00571	0.05517	0.00569
18	0.70821	0.00803	0.00698	0.00599	0.00876	0.00889	0.00494	0.01415	0.00823	0.18067	0.00810	0.00843	0.00579	0.00421	0.00296	0.00132	0.00336	0.00270	0.00316	0.00513
19	0.01362	0.00976	0.01066	0.00853	0.01122	0.01077	0.00694	0.58661	0.01667	0.02300	0.01115	0.02837	0.00857	0.00824	0.09676	0.00187	0.00499	0.00410	0.13188	0.00630
20	0.00690	0.00503	0.00680	0.00765	0.00864	0.00510	0.00649	0.00938	0.06344	0.01284	0.02230	0.14473	0.02417	0.01155	0.00572	0.00190	0.00370	0.64566	0.00395	0.00405
21	0.01188	0.75997	0.02115	0.00769	0.01117	0.10808	0.00739	0.01322	0.00903	0.01006	0.00599	0.00692	0.00546	0.00372	0.00285	0.00093	0.00490	0.00233	0.00186	0.00540
22	0.01452	0.01758	0.01173	0.01058	0.01261	0.63838	0.00806	0.03255	0.10150	0.01154	0.00791	0.00902	0.00651	0.00555	0.02757	0.00136	0.07235	0.00312	0.00245	0.00513
23	0.03288	0.00751	0.00856	0.00769	0.03126	0.01852	0.00588	0.17823	0.15053	0.10266	0.15528	0.01981	0.10917	0.00942	0.09705	0.00194	0.00422	0.00534	0.04853	0.00551
24	0.02774	0.00573	0.00646	0.00588	0.00755	0.00560	0.00453	0.06291	0.11779	0.06929	0.29676	0.05025	0.30594	0.00859	0.00479	0.00139	0.00256	0.00727	0.00433	0.00465
25	0.00852	0.00806	0.01364	0.68131	0.18443	0.00958	0.01206	0.01130	0.00874	0.01146	0.00765	0.01119	0.00588	0.00416	0.00425	0.00139	0.00555	0.00378	0.00193	0.00512
26	0.00545	0.00427	0.00488	0.00483	0.00597	0.00376	0.00356	0.00681	0.01035	0.01342	0.33029	0.09856	0.44630	0.03576	0.00556	0.00150	0.00218	0.00865	0.00418	0.00371
27	0.00603	0.00426	0.00518	0.00518	0.00554	0.00438	0.00337	0.00655	0.00675	0.00904	0.01620	0.02637	0.10434	0.54076	0.23393	0.00454	0.00582	0.00607	0.00265	0.00301
28	0.01259	0.43946	0.05098	0.00924	0.02379	0.18539	0.02033	0.12252	0.01082	0.01268	0.00706	0.02214	0.00613	0.00441	0.00401	0.00110	0.05656	0.00294	0.00228	0.00557
29	0.00827	0.00496	0.00627	0.00563	0.00715	0.00448	0.00433	0.01026	0.02864	0.16038	0.52344	0.02999	0.17274	0.00839	0.00487	0.00135	0.00235	0.00725	0.00465	0.00457

[dist]
# distance from previous block
# <min> <max>
7	17

[block]
# block no. 7 follows, 62 sequences, length 38
# corresponding to MSA columns:
# 332-369
name=unknown_H
#
# <colnr> <probs for GDERKNQSTAVLIFYWHMCP>
#	G	D	E	R	K	N	Q	S	T	A	V	L	I	F	Y	W	H	M	C	P
0	0.00854	0.00649	0.04107	0.00814	0.08166	0.00565	0.02691	0.04588	0.02674	0.11895	0.11157	0.13271	0.27020	0.04017	0.01462	0.00158	0.00328	0.02367	0.02743	0.00475
1	0.05348	0.00919	0.01106	0.03717	0.15522	0.06337	0.00771	0.14117	0.10216	0.23644	0.08739	0.04441	0.02118	0.00555	0.00428	0.00132	0.00413	0.00462	0.00390	0.00627
2	0.04572	0.36566	0.31843	0.00945	0.01375	0.08661	0.02744	0.01312	0.00926	0.01221	0.05663	0.00933	0.00755	0.00418	0.00350	0.00114	0.00533	0.00303	0.00206	0.00560
3	0.00952	0.00967	0.01300	0.01116	0.01124	0.03966	0.00927	0.01046	0.00670	0.01025	0.00562	0.00926	0.00558	0.00735	0.01364	0.00184	0.81557	0.00369	0.00187	0.00466
4	0.09518	0.01671	0.01165	0.01013	0.01260	0.53499	0.00784	0.18881	0.01320	0.03678	0.00756	0.00838	0.00592	0.00461	0.00410	0.00118	0.02914	0.00301	0.00276	0.00546
5	0.00976	0.08576	0.01383	0.01081	0.01123	0.04674	0.00908	0.01074	0.00693	0.01023	0.00566	0.00902	0.00557	0.00698	0.01254	0.00174	0.73321	0.00355	0.00187	0.00474
6	0.00612	0.00451	0.00659	0.00656	0.00732	0.00513	0.00505	0.00764	0.00733	0.01061	0.08452	0.01845	0.01347	0.05821	0.71045	0.00611	0.01007	0.00489	0.02319	0.00378
7	0.00641	0.00453	0.00580	0.00542	0.00654	0.00419	0.00408	0.00856	0.02874	0.03869	0.73534	0.03154	0.08667	0.00867	0.00498	0.00135	0.00209	0.00762	0.00465	0.00413
8	0.01004	0.01148	0.02511	0.01793	0.02224	0.01076	0.80846	0.01363	0.01004	0.01363	0.00861	0.01148	0.00646	0.00359	0.00502	0.00143	0.00717	0.00502	0.00215	0.00574
9	0.88052	0.00823	0.00625	0.00560	0.00823	0.00955	0.00461	0.01251	0.00724	0.01909	0.00592	0.00691	0.00461	0.00395	0.00263	0.00132	0.00329	0.00230	0.00263	0.00461
10	0.00642	0.00435	0.00550	0.00524	0.00629	0.00400	0.00392	0.00827	0.01135	0.03799	0.61965	0.08054	0.09491	0.00871	0.00484	0.00134	0.00209	0.00763	0.08292	0.00403
11	0.01381	0.00779	0.04230	0.00756	0.01027	0.00709	0.00630	0.07427	0.14894	0.40068	0.21330	0.01843	0.01776	0.00613	0.00446	0.00134	0.00337	0.00513	0.00475	0.00633
12	0.00739	0.00370	0.00554	0.00554	0.00554	0.00370	0.00370	0.00554	0.00554	0.00739	0.00739	0.01293	0.00739	0.01478	0.01663	0.87620	0.00370	0.00370	0.00185	0.00185
13	0.01138	0.85302	0.02230	0.00728	0.01092	0.01684	0.00728	0.01274	0.00865	0.01001	0.00592	0.00683	0.00546	0.00364	0.00273	0.00091	0.00455	0.00228	0.00182	0.00546
14	0.00882	0.00756	0.00882	0.00630	0.01008	0.00567	0.00504	0.01071	0.00882	0.01387	0.00756	0.00882	0.00630	0.00315	0.00315	0.00063	0.00315	0.00252	0.00252	0.87647
15	0.00719	0.00652	0.01098	0.14920	0.06024	0.01903	0.16112	0.00898	0.00873	0.01165	0.01633	0.42876	0.01788	0.02866	0.00540	0.00163	0.00421	0.02871	0.02045	0.00432
16	0.19876	0.07816	0.01157	0.00956	0.01195	0.59956	0.00739	0.01573	0.01079	0.01222	0.00639	0.00745	0.00529	0.00424	0.00350	0.00113	0.00652	0.00261	0.00226	0.00490
17	0.00948	0.04538	0.50511	0.03316	0.18012	0.01015	0.10741	0.01353	0.00931	0.03545	0.00801	0.00971	0.00593	0.00396	0.00416	0.00133	0.00600	0.00351	0.00200	0.00628
18	0.00602	0.00428	0.00572	0.00588	0.00628	0.00458	0.00410	0.00685	0.00684	0.00945	0.01414	0.13716	0.01531	0.34812	0.38031	0.00494	0.00713	0.02693	0.00267	0.00328
19	0.00529	0.00423	0.00468	0.00475	0.00588	0.00368	0.00346	0.00646	0.00980	0.01236	0.19100	0.15098	0.52588	0.04528	0.00577	0.00157	0.00225	0.00905	0.00404	0.00361
20	0.01076	0.00541	0.00670	0.00588	0.00771	0.00480	0.00449	0.02238	0.01038	0.31704	0.08719	0.11433	0.24627	0.09791	0.00648	0.00168	0.00296	0.00691	0.03579	0.00493
21	0.01348	0.01045	0.01118	0.00914	0.01202	0.01171	0.00736	0.46455	0.32750	0.02272	0.03954	0.02844	0.01091	0.00563	0.00433	0.00135	0.00405	0.00449	0.00429	0.00687
22	0.00946	0.01041	0.02223	0.01629	0.02005	0.00979	0.68717	0.01273	0.00991	0.01338	0.01077	0.06578	0.00940	0.00492	0.00512	0.00150	0.00659	0.07665	0.00242	0.00544
23	0.11959	0.01119	0.01181	0.00915	0.01246	0.01233	0.00756	0.66619	0.01800	0.07489	0.01011	0.01008	0.00712	0.00498	0.00406	0.00128	0.00445	0.00368	0.00412	0.00692
24	0.01856	0.00748	0.00996	0.00767	0.01092	0.00667	0.00632	0.06480	0.02573	0.75442	0.03071	0.01457	0.01091	0.00533	0.00429	0.00132	0.00365	0.00432	0.00518	0.00718
25	0.01138	0.85302	0.02230	0.00728	0.01092	0.01684	0.00728	0.01274	0.00865	0.01001	0.00592	0.00683	0.00546	0.00364	0.00273	0.00091	0.00455	0.00228	0.00182	0.00546
26	0.00803	0.00734	0.01222	0.78902	0.02781	0.00912	0.01128	0.01081	0.00853	0.01118	0.00795	0.01162	0.00599	0.00430	0.00418	0.00139	0.00545	0.00379	0.05531	0.00468
27	0.06902	0.01081	0.01170	0.00913	0.01238	0.01179	0.00750	0.58354	0.08774	0.13564	0.01148	0.01110	0.00803	0.00512	0.00417	0.00130	0.00434	0.00388	0.00430	0.00703
28	0.00739	0.00533	0.00652	0.00655	0.00761	0.00480	0.00483	0.00862	0.01151	0.02747	0.44334	0.19352	0.15255	0.01096	0.00574	0.00174	0.00284	0.08930	0.00478	0.00460
29	0.02944	0.00976	0.01058	0.00915	0.01019	0.13922	0.02302	0.05227	0.00908	0.04384	0.03253	0.01143	0.00806	0.00609	0.00836	0.00146	0.38856	0.00376	0.19844	0.00477
30	0.00540	0.00425	0.00487	0.00490	0.00604	0.00373	0.00363	0.00674	0.01026	0.01323	0.29174	0.14027	0.45739	0.01044	0.00509	0.00145	0.00217	0.02048	0.00419	0.00372
31	0.00704	0.00581	0.00784	0.00751	0.00820	0.03374	0.00592	0.00847	0.00708	0.01031	0.01044	0.01517	0.00966	0.02542	0.62360	0.00549	0.14567	0.00433	0.05430	0.00399
32	0.02265	0.01263	0.19083	0.11946	0.31174	0.05441	0.05045	0.06112	0.03324	0.04776	0.03082	0.02903	0.00793	0.00446	0.00423	0.00132	0.00535	0.00397	0.00246	0.00612
33	0.00565	0.00435	0.00520	0.00537	0.00640	0.00381	0.00383	0.00669	0.00905	0.01189	0.11311	0.37333	0.28144	0.03367	0.00572	0.01879	0.00247	0.02324	0.00382	0.08216
34	0.06250	0.02071	0.07138	0.01262	0.22194	0.06982	0.05285	0.03045	0.06393	0.02817	0.08337	0.06286	0.18025	0.00648	0.00443	0.00135	0.00420	0.01428	0.00309	0.00531
35	0.02039	0.02418	0.07206	0.12991	0.04374	0.05637	0.01774	0.04515	0.08010	0.04118	0.01138	0.04167	0.02713	0.10901	0.12403	0.05972	0.07063	0.01830	0.00263	0.00468
36	0.03972	0.27412	0.07253	0.03441	0.04035	0.13903	0.04498	0.12227	0.09923	0.01429	0.02614	0.02643	0.00781	0.00463	0.00395	0.00119	0.02494	0.00347	0.00265	0.01787
37	0.08756	0.09769	0.10363	0.01148	0.08691	0.14699	0.07083	0.11072	0.06731	0.07046	0.02080	0.01007	0.00720	0.00463	0.00465	0.00128	0.06795	0.00350	0.00277	0.02359

[dist]
# distance from previous block
# <min> <max>
1	17

[block]
# block no. 8 follows, 62 sequences, length 13
# corresponding to MSA columns:
# 387-399
name=unknown_I
#
# <colnr> <probs for GDERKNQSTAVLIFYWHMCP>
#	G	D	E	R	K	N	Q	S	T	A	V	L	I	F	Y	W	H	M	C	P
0	0.03118	0.01004	0.03961	0.01617	0.36465	0.05767	0.03702	0.06669	0.16053	0.01560	0.04499	0.03643	0.01016	0.00487	0.00415	0.00129	0.00445	0.00432	0.08407	0.00610
1	0.00759	0.03094	0.05943	0.00696	0.00847	0.03584	0.00551	0.03558	0.11021	0.02912	0.07060	0.43010	0.03909	0.04352	0.00550	0.00160	0.00325	0.01856	0.00368	0.05442
2	0.00772	0.00714	0.06295	0.02904	0.09949	0.00671	0.00680	0.03462	0.04376	0.03177	0.11009	0.11617	0.10486	0.10653	0.08435	0.00231	0.07778	0.06016	0.00320	0.00454
3	0.01259	0.01178	0.01170	0.01045	0.04493	0.27871	0.07617	0.07037	0.01064	0.12517	0.01050	0.06764	0.00916	0.05780	0.10540	0.00215	0.08241	0.00440	0.00288	0.00516
4	0.01025	0.01013	0.01565	0.15864	0.60526	0.06461	0.01213	0.01268	0.00965	0.01307	0.00927	0.01172	0.03978	0.00419	0.00423	0.00129	0.00521	0.00393	0.00215	0.00616
5	0.00671	0.00543	0.00590	0.00552	0.00700	0.00523	0.00422	0.10871	0.01087	0.01368	0.08386	0.11323	0.55855	0.01003	0.00534	0.00146	0.03787	0.00833	0.00395	0.00411
6	0.02505	0.00703	0.00796	0.00700	0.00887	0.02381	0.01588	0.16342	0.10922	0.07837	0.18642	0.05305	0.09121	0.02141	0.02398	0.01467	0.00343	0.05534	0.09875	0.00512
7	0.00944	0.00899	0.01529	0.38325	0.47534	0.00982	0.01251	0.01210	0.00917	0.01257	0.00781	0.01089	0.00627	0.00399	0.00423	0.00133	0.00533	0.00379	0.00201	0.00586
8	0.30015	0.00764	0.00813	0.00681	0.00939	0.00795	0.00550	0.11435	0.04572	0.27751	0.06567	0.06963	0.01144	0.00560	0.00380	0.00133	0.00337	0.00434	0.04595	0.00572
9	0.00967	0.35407	0.50630	0.01019	0.01542	0.01266	0.01235	0.01318	0.00885	0.01209	0.00695	0.00812	0.00542	0.00388	0.00352	0.00117	0.00559	0.00280	0.00181	0.00596
10	0.02352	0.00412	0.00519	0.00584	0.00635	0.00395	0.00403	0.00688	0.03156	0.01178	0.10264	0.59597	0.07142	0.06806	0.00638	0.00183	0.00261	0.04036	0.00391	0.00360
11	0.03307	0.02121	0.00945	0.03699	0.01101	0.02505	0.00566	0.06486	0.02433	0.05444	0.02292	0.00972	0.00720	0.00363	0.00337	0.00080	0.00348	0.00287	0.00280	0.65716
12	0.04512	0.00912	0.01017	0.11399	0.03857	0.11282	0.05021	0.05325	0.18649	0.05975	0.05784	0.06585	0.01216	0.03209	0.00473	0.00141	0.00431	0.02203	0.08343	0.03666

[dist]
# distance from previous block
# <min> <max>
3	177

[block]
# block no. 9 follows, 62 sequences, length 33
# corresponding to MSA columns:
# 613-645
name=unknown_J
#
# <colnr> <probs for GDERKNQSTAVLIFYWHMCP>
#	G	D	E	R	K	N	Q	S	T	A	V	L	I	F	Y	W	H	M	C	P
0	0.00658	0.00549	0.00584	0.00645	0.00697	0.07762	0.00441	0.03604	0.00883	0.01128	0.02100	0.70375	0.02477	0.05199	0.00602	0.00177	0.00309	0.01068	0.00374	0.00368
1	0.00595	0.00432	0.00556	0.00561	0.00613	0.00454	0.00391	0.00677	0.00700	0.00948	0.01673	0.06360	0.11492	0.35198	0.36962	0.00485	0.00694	0.00611	0.00269	0.00327
2	0.00871	0.00836	0.01183	0.01016	0.01033	0.01121	0.03560	0.00959	0.00659	0.01000	0.00720	0.01278	0.00746	0.15348	0.03708	0.00237	0.64671	0.00422	0.00201	0.00431
3	0.01558	0.01579	0.01192	0.01079	0.05116	0.48583	0.00800	0.14777	0.05440	0.11593	0.00910	0.00954	0.00687	0.00462	0.00398	0.00116	0.00618	0.00326	0.00303	0.03509
4	0.00913	0.03691	0.67333	0.01270	0.01850	0.04923	0.11439	0.01365	0.00926	0.01328	0.00767	0.00919	0.00553	0.00399	0.00413	0.00134	0.00643	0.00334	0.00186	0.00614
5	0.04791	0.00886	0.00911	0.00808	0.01034	0.04587	0.00630	0.06695	0.52560	0.05157	0.15474	0.01747	0.01654	0.00608	0.00435	0.00139	0.00341	0.00503	0.00426	0.00615
6	0.00637	0.15037	0.00800	0.00619	0.00704	0.00586	0.00459	0.00724	0.00822	0.01069	0.01997	0.63384	0.02354	0.04641	0.00566	0.00170	0.00296	0.04405	0.00352	0.00379
7	0.00900	0.00882	0.03977	0.04187	0.01362	0.00773	0.20819	0.01263	0.12045	0.01352	0.00991	0.01295	0.00836	0.10971	0.00617	0.00144	0.00452	0.00400	0.00264	0.36471
8	0.01614	0.01296	0.01268	0.00994	0.01319	0.11582	0.00810	0.71054	0.01901	0.02476	0.00976	0.00990	0.00702	0.00502	0.00420	0.00125	0.00506	0.00369	0.00400	0.00695
9	0.00619	0.00413	0.00464	0.00464	0.00464	0.00413	0.00258	0.00619	0.00619	0.00825	0.01341	0.02785	0.01547	0.85046	0.02166	0.00413	0.00413	0.00619	0.00258	0.00258
10	0.00619	0.00413	0.00464	0.00464	0.00464	0.00413	0.00258	0.00619	0.00619	0.00825	0.01341	0.02785	0.01547	0.85046	0.02166	0.00413	0.00413	0.00619	0.00258	0.00258
11	0.00804	0.00756	0.01276	0.84023	0.02931	0.00945	0.01182	0.01087	0.00851	0.01087	0.00756	0.01134	0.00567	0.00425	0.00425	0.00142	0.00567	0.00378	0.00189	0.00473
12	0.00835	0.00788	0.01333	0.73837	0.12873	0.00954	0.01197	0.01115	0.00866	0.01125	0.00762	0.01124	0.00581	0.00420	0.00425	0.00140	0.00559	0.00378	0.00192	0.00498
13	0.00592	0.00411	0.00535	0.00597	0.00659	0.00374	0.00413	0.00684	0.00836	0.03075	0.02179	0.71727	0.02545	0.01207	0.00517	0.00162	0.00257	0.03159	0.03409	0.06663
14	0.02304	0.04881	0.01250	0.01007	0.05074	0.00966	0.10711	0.13389	0.26039	0.19124	0.04730	0.01408	0.01106	0.00515	0.00424	0.00132	0.00409	0.00445	0.05441	0.00643
15	0.00619	0.00443	0.00505	0.00514	0.00563	0.00434	0.00341	0.00712	0.03797	0.00996	0.03648	0.05493	0.16416	0.53046	0.01540	0.00317	0.00363	0.09628	0.00313	0.00312
16	0.01581	0.01174	0.01256	0.00972	0.01306	0.01302	0.00800	0.75819	0.07214	0.02623	0.01068	0.01059	0.00761	0.00515	0.00426	0.00129	0.00460	0.00390	0.00426	0.00720
17	0.00870	0.00742	0.00869	0.00626	0.00992	0.00560	0.00500	0.01060	0.00896	0.01400	0.04279	0.00982	0.00777	0.00339	0.00323	0.00066	0.00310	0.00274	0.00261	0.83872
18	0.00990	0.48919	0.01444	0.00586	0.00837	0.01132	0.00544	0.01153	0.00876	0.01252	0.00933	0.01070	0.00779	0.00420	0.00283	0.00094	0.00345	0.00300	0.37560	0.00482
19	0.88052	0.00823	0.00625	0.00560	0.00823	0.00955	0.00461	0.01251	0.00724	0.01909	0.00592	0.00691	0.00461	0.00395	0.00263	0.00132	0.00329	0.00230	0.00263	0.00461
20	0.05624	0.01288	0.01126	0.00942	0.01208	0.23106	0.00746	0.43382	0.03171	0.03469	0.01085	0.09297	0.00923	0.00582	0.00422	0.00129	0.00514	0.02020	0.00361	0.00604
21	0.00523	0.00383	0.00485	0.00562	0.00604	0.00352	0.00379	0.00602	0.00837	0.01099	0.04643	0.67414	0.13880	0.05333	0.00615	0.00179	0.00249	0.01126	0.00390	0.00345
22	0.00527	0.00378	0.00494	0.00578	0.00610	0.00352	0.00387	0.00606	0.00832	0.01110	0.06683	0.73845	0.05513	0.05154	0.00614	0.00181	0.00251	0.01148	0.00393	0.00345
23	0.02353	0.00421	0.00501	0.00513	0.00592	0.00404	0.00364	0.00841	0.00923	0.04816	0.19954	0.27371	0.02308	0.09117	0.00606	0.00162	0.00244	0.00748	0.27377	0.00384
24	0.00892	0.00649	0.00744	0.00680	0.00856	0.00678	0.00522	0.03038	0.31595	0.08450	0.27647	0.09427	0.10024	0.00776	0.00468	0.00141	0.00276	0.00667	0.01939	0.00529
25	0.00945	0.00770	0.00896	0.00655	0.01018	0.00612	0.00524	0.03975	0.04272	0.04338	0.02730	0.00990	0.00755	0.00353	0.00332	0.00073	0.00320	0.00284	0.00280	0.75878
26	0.01508	0.00819	0.00998	0.00807	0.01083	0.00833	0.00654	0.24186	0.08598	0.37601	0.01454	0.04990	0.01061	0.00895	0.10807	0.00202	0.00479	0.00457	0.01913	0.00654
27	0.88052	0.00823	0.00625	0.00560	0.00823	0.00955	0.00461	0.01251	0.00724	0.01909	0.00592	0.00691	0.00461	0.00395	0.00263	0.00132	0.00329	0.00230	0.00263	0.00461
28	0.00557	0.00476	0.00599	0.00549	0.00697	0.00414	0.05615	0.00700	0.01015	0.01278	0.20381	0.06979	0.57210	0.00997	0.00504	0.00143	0.00247	0.00858	0.00399	0.00382
29	0.00660	0.00469	0.00621	0.00596	0.00636	0.00499	0.02249	0.02331	0.00681	0.00932	0.01278	0.04885	0.02719	0.45724	0.23631	0.07753	0.03209	0.00563	0.00251	0.00312
30	0.01021	0.00952	0.01617	0.19428	0.64050	0.00988	0.01264	0.01278	0.00950	0.03214	0.00812	0.01079	0.00661	0.00392	0.00422	0.00130	0.00515	0.00380	0.00213	0.00633
31	0.01200	0.03299	0.03833	0.01019	0.03124	0.24614	0.07468	0.11930	0.16766	0.02550	0.03895	0.01256	0.01960	0.00811	0.10231	0.00190	0.00612	0.00400	0.01431	0.03410
32	0.04787	0.11319	0.13291	0.00930	0.02126	0.07593	0.04602	0.09863	0.08839	0.04372	0.00934	0.01074	0.00740	0.02233	0.01383	0.00134	0.08833	0.00349	0.07718	0.08881

[dist]
# distance from previous block
# <min> <max>
1	114

[block]
# block no. 10 follows, 62 sequences, length 16
# corresponding to MSA columns:
# 760-775
name=unknown_K
#
# <colnr> <probs for GDERKNQSTAVLIFYWHMCP>
#	G	D	E	R	K	N	Q	S	T	A	V	L	I	F	Y	W	H	M	C	P
0	0.02424	0.20623	0.43333	0.00971	0.01448	0.01075	0.01119	0.03100	0.04580	0.06497	0.04048	0.01046	0.01867	0.00435	0.00375	0.00121	0.00510	0.00332	0.00239	0.05857
1	0.00984	0.02230	0.17939	0.00854	0.01109	0.02052	0.00766	0.08296	0.03684	0.05299	0.07836	0.18233	0.09492	0.08321	0.05432	0.00220	0.00478	0.00676	0.02172	0.03929
2	0.01207	0.00846	0.00976	0.00830	0.01054	0.05775	0.04090	0.15038	0.15686	0.18765	0.04730	0.14482	0.07140	0.00716	0.00491	0.00142	0.03502	0.01974	0.01976	0.00577
3	0.01517	0.01969	0.04835	0.01103	0.01327	0.74732	0.00862	0.01643	0.01159	0.01054	0.00656	0.00783	0.00548	0.00455	0.00446	0.00115	0.05801	0.00282	0.00215	0.00498
4	0.01287	0.00793	0.00894	0.00763	0.01011	0.00844	0.00605	0.07702	0.39864	0.24009	0.01606	0.01508	0.01154	0.00545	0.00408	0.00132	0.00329	0.00445	0.15458	0.00643
5	0.00694	0.00448	0.00581	0.00542	0.00654	0.00413	0.00409	0.00888	0.01172	0.06761	0.69170	0.05719	0.03598	0.00840	0.00485	0.00133	0.00212	0.00739	0.06122	0.00420
6	0.00650	0.00515	0.00755	0.00731	0.00794	0.00626	0.00572	0.00788	0.00677	0.00986	0.01073	0.01622	0.01018	0.06223	0.69491	0.00609	0.11809	0.00452	0.00224	0.00386
7	0.00531	0.00427	0.00468	0.00473	0.00591	0.00371	0.00349	0.00649	0.00982	0.01229	0.17504	0.10868	0.56388	0.04747	0.00581	0.00157	0.00228	0.02693	0.00402	0.00362
8	0.00671	0.00504	0.00686	0.00663	0.00721	0.00581	0.00492	0.03694	0.00712	0.01006	0.01152	0.01912	0.01153	0.26164	0.51533	0.00552	0.06706	0.00494	0.00241	0.00364
9	0.06291	0.00879	0.00949	0.00837	0.01052	0.01018	0.00661	0.08995	0.53136	0.01775	0.08123	0.01645	0.04251	0.00617	0.00514	0.00145	0.07612	0.00486	0.00402	0.00614
10	0.00804	0.00756	0.01276	0.84023	0.02931	0.00945	0.01182	0.01087	0.00851	0.01087	0.00756	0.01134	0.00567	0.00425	0.00425	0.00142	0.00567	0.00378	0.00189	0.00473
11	0.13290	0.00879	0.01017	0.00828	0.02658	0.02044	0.01777	0.21975	0.05590	0.36222	0.03248	0.01303	0.00963	0.03730	0.00471	0.00140	0.00394	0.00402	0.00428	0.02639
12	0.35176	0.00986	0.00902	0.00757	0.01025	0.09878	0.00613	0.20503	0.01159	0.14175	0.00987	0.01047	0.02199	0.00717	0.07980	0.00179	0.00487	0.00335	0.00337	0.00558
13	0.00527	0.00385	0.00484	0.00555	0.00598	0.00355	0.00372	0.00603	0.00833	0.01091	0.04751	0.63065	0.15118	0.08322	0.00672	0.00187	0.00255	0.01099	0.00385	0.00342
14	0.04142	0.01212	0.03744	0.01215	0.16067	0.26025	0.00824	0.08238	0.02741	0.07271	0.02823	0.13539	0.03083	0.00627	0.00483	0.00135	0.05140	0.01853	0.00299	0.00540
15	0.01098	0.02404	0.01614	0.24341	0.18852	0.07288	0.17157	0.14868	0.01123	0.01472	0.00849	0.02802	0.00677	0.00446	0.00467	0.00135	0.03173	0.00411	0.00246	0.00578

[dist]
# distance from previous block
# <min> <max>
1	9

[block]
# block no. 11 follows, 62 sequences, length 24
# corresponding to MSA columns:
# 785-789,794-812
name=unknown_L
#
# <colnr> <probs for GDERKNQSTAVLIFYWHMCP>
#	G	D	E	R	K	N	Q	S	T	A	V	L	I	F	Y	W	H	M	C	P
