[name]
unknown

[dist]
# distance from previous block
# <min> <max>
21	189

[block]
# block no. 0 follows, 71 sequences, length 26
# corresponding to MSA columns:
# 317-342
name=unknown_A
#
# <colnr> <probs for GDERKNQSTAVLIFYWHMCP>
#	G	D	E	R	K	N	Q	S	T	A	V	L	I	F	Y	W	H	M	C	P
0	0.03799	0.01772	0.02705	0.10608	0.16165	0.02782	0.02672	0.21644	0.01707	0.09061	0.01002	0.02165	0.04392	0.04329	0.00528	0.04179	0.03510	0.00372	0.00277	0.06329
1	0.03282	0.09796	0.01195	0.09072	0.19869	0.06677	0.01686	0.15093	0.02114	0.02952	0.06100	0.04845	0.00901	0.04065	0.01878	0.00135	0.06343	0.00383	0.00252	0.03361
2	0.09159	0.06284	0.02694	0.15892	0.21919	0.02162	0.00837	0.13112	0.09351	0.01405	0.03315	0.05575	0.00812	0.00460	0.00408	0.00121	0.04485	0.00377	0.00253	0.01377
3	0.01963	0.16350	0.11269	0.15343	0.10556	0.06792	0.00860	0.12905	0.04797	0.04381	0.01492	0.01008	0.00664	0.03770	0.00432	0.00122	0.02347	0.01339	0.00234	0.03374
4	0.03715	0.04615	0.04803	0.03515	0.21390	0.06620	0.02590	0.07114	0.03758	0.07969	0.07915	0.04580	0.06316	0.03363	0.00461	0.00126	0.02883	0.03044	0.00277	0.04947
5	0.00924	0.00769	0.01042	0.07234	0.16362	0.02720	0.03597	0.12399	0.08902	0.05136	0.03254	0.01243	0.04065	0.00873	0.15227	0.00201	0.04371	0.00381	0.00267	0.11034
6	0.02355	0.00601	0.07511	0.00672	0.02734	0.00547	0.02779	0.03499	0.03930	0.01010	0.03160	0.01830	0.03050	0.27142	0.35269	0.00399	0.00652	0.02265	0.00235	0.00361
7	0.00950	0.05678	0.04063	0.02778	0.11767	0.00815	0.05299	0.05196	0.28330	0.10061	0.04954	0.05766	0.05718	0.06309	0.00498	0.00140	0.00360	0.00467	0.00323	0.00531
8	0.01054	0.70369	0.01804	0.00683	0.00984	0.05293	0.00649	0.07816	0.00862	0.01018	0.00584	0.00686	0.00523	0.00442	0.02329	0.03568	0.00436	0.00228	0.00185	0.00487
9	0.00765	0.19143	0.05666	0.00646	0.00815	0.00750	0.00542	0.13908	0.00920	0.01205	0.01518	0.44519	0.03881	0.00890	0.02919	0.00144	0.00337	0.00707	0.00304	0.00421
10	0.01065	0.78598	0.01923	0.00685	0.01003	0.07027	0.00664	0.03597	0.00830	0.00949	0.00548	0.00629	0.00497	0.00336	0.00257	0.00084	0.00429	0.00212	0.00173	0.00494
11	0.01051	0.52843	0.23626	0.00775	0.01162	0.01224	0.00844	0.01262	0.00830	0.12188	0.00705	0.00759	0.00552	0.00357	0.00296	0.00097	0.00440	0.00250	0.00205	0.00533
12	0.01025	0.86756	0.02009	0.00656	0.00984	0.01517	0.00656	0.01148	0.00779	0.00902	0.00533	0.00615	0.00492	0.00328	0.00246	0.00082	0.00410	0.00205	0.00164	0.00492
13	0.00657	0.00336	0.00493	0.00493	0.00493	0.00336	0.00325	0.00504	0.00504	0.00672	0.00710	0.01275	0.00726	0.08304	0.01536	0.81605	0.00336	0.00351	0.00172	0.00172
14	0.01204	0.36931	0.01512	0.00917	0.07873	0.16049	0.00727	0.25513	0.01144	0.01390	0.00717	0.03063	0.00605	0.00404	0.00322	0.00099	0.00462	0.00289	0.00243	0.00536
15	0.01477	0.17574	0.01090	0.00669	0.00955	0.00760	0.00572	0.04923	0.01063	0.57874	0.08040	0.01281	0.01066	0.00470	0.00364	0.00111	0.00335	0.00374	0.00406	0.00597
16	0.09301	0.19882	0.12932	0.00813	0.03778	0.19862	0.00717	0.03028	0.06460	0.01250	0.17227	0.01180	0.01158	0.00458	0.00342	0.00107	0.00434	0.00346	0.00250	0.00474
17	0.00527	0.00413	0.00472	0.00474	0.00571	0.00386	0.00343	0.00713	0.07635	0.01178	0.23447	0.19100	0.35329	0.06983	0.00561	0.00149	0.00218	0.00785	0.00367	0.00348
18	0.09058	0.44712	0.16993	0.01960	0.01129	0.01176	0.02848	0.06045	0.00838	0.01167	0.00657	0.03470	0.00568	0.00371	0.00294	0.00097	0.00420	0.00267	0.00196	0.07734
19	0.00995	0.30351	0.19419	0.01080	0.14054	0.07914	0.02276	0.05451	0.04656	0.02755	0.00800	0.00900	0.03323	0.00398	0.00370	0.00107	0.04119	0.00297	0.00205	0.00530
20	0.05339	0.14184	0.08475	0.00672	0.00869	0.04356	0.00594	0.02191	0.08919	0.05336	0.09971	0.03487	0.02778	0.04326	0.21798	0.00251	0.01679	0.02000	0.02337	0.00438
21	0.00977	0.06914	0.08324	0.02192	0.01712	0.18562	0.00657	0.10050	0.15419	0.03268	0.12110	0.13524	0.01370	0.02688	0.00428	0.00126	0.00408	0.00484	0.00305	0.00480
22	0.00900	0.05945	0.03522	0.02106	0.02461	0.11136	0.00605	0.10422	0.12558	0.03004	0.14453	0.04099	0.08375	0.00642	0.00408	0.00123	0.00363	0.13186	0.00326	0.05366
23	0.03084	0.06950	0.08338	0.02234	0.08135	0.02116	0.02928	0.11384	0.04092	0.05901	0.07220	0.04013	0.05515	0.00452	0.00353	0.00100	0.00359	0.00375	0.00277	0.26172
24	0.05700	0.03627	0.00852	0.04653	0.10403	0.05386	0.00575	0.07901	0.05061	0.08133	0.11262	0.03674	0.19837	0.00582	0.00383	0.00113	0.00324	0.00483	0.00313	0.10739
25	0.07522	0.05665	0.10687	0.05567	0.14559	0.06675	0.04514	0.08519	0.02421	0.05706	0.05179	0.02027	0.00766	0.00393	0.00348	0.00104	0.00417	0.00325	0.00246	0.18358

[dist]
# distance from previous block
# <min> <max>
17	125

[block]
# block no. 1 follows, 71 sequences, length 20
# corresponding to MSA columns:
# 498-517
name=unknown_B
#
# <colnr> <probs for GDERKNQSTAVLIFYWHMCP>
#	G	D	E	R	K	N	Q	S	T	A	V	L	I	F	Y	W	H	M	C	P
0	0.00753	0.04158	0.04082	0.02639	0.00794	0.00554	0.00486	0.08372	0.05507	0.07550	0.16172	0.25030	0.14530	0.00782	0.00422	0.00126	0.00272	0.00674	0.02411	0.04687
1	0.01003	0.01188	0.14100	0.01112	0.04486	0.14372	0.23317	0.07353	0.11158	0.04494	0.01092	0.03433	0.05895	0.00444	0.00396	0.00118	0.00506	0.00405	0.00255	0.04871
2	0.05104	0.03094	0.28926	0.03689	0.15040	0.03219	0.04459	0.06320	0.05214	0.07516	0.05460	0.02240	0.06357	0.00457	0.00386	0.00120	0.01230	0.00382	0.00251	0.00537
3	0.00755	0.02447	0.04341	0.00800	0.03677	0.03402	0.11080	0.03080	0.00868	0.08856	0.06291	0.40705	0.03737	0.02550	0.00482	0.00144	0.00342	0.05706	0.00325	0.00412
4	0.01168	0.15474	0.08599	0.03081	0.08688	0.39691	0.02862	0.05355	0.03419	0.01117	0.03388	0.00837	0.00638	0.00390	0.00342	0.00102	0.00551	0.00283	0.00211	0.03803
5	0.01174	0.03301	0.01145	0.03210	0.04625	0.04569	0.10736	0.22229	0.07042	0.17182	0.01154	0.05862	0.03595	0.00472	0.00382	0.00112	0.00402	0.00405	0.00327	0.12077
6	0.03053	0.03860	0.05717	0.06811	0.06898	0.00584	0.05998	0.00852	0.00800	0.02661	0.06184	0.21797	0.08399	0.02985	0.06788	0.00166	0.00391	0.03439	0.00273	0.12345
7	0.03811	0.04989	0.04755	0.03150	0.04941	0.16670	0.11854	0.04081	0.00931	0.01164	0.05216	0.09235	0.11607	0.00654	0.00430	0.00130	0.01482	0.14199	0.00271	0.00430
8	0.03957	0.03174	0.01164	0.03897	0.09202	0.10355	0.11112	0.16740	0.04170	0.08620	0.08561	0.01293	0.04065	0.02438	0.05084	0.00152	0.04814	0.00403	0.00289	0.00509
9	0.00808	0.08034	0.05001	0.36418	0.31682	0.00879	0.01018	0.01032	0.00805	0.01082	0.00822	0.09193	0.00739	0.00442	0.00380	0.00121	0.00457	0.00400	0.00194	0.00492
10	0.00553	0.00438	0.00560	0.06584	0.00740	0.00457	0.00433	0.00686	0.03461	0.01003	0.06349	0.18094	0.23542	0.14637	0.11498	0.00239	0.04423	0.05667	0.00300	0.00334
11	0.04431	0.03923	0.10444	0.04448	0.01113	0.06153	0.00715	0.13213	0.12251	0.19673	0.01280	0.06252	0.05170	0.00546	0.00443	0.00126	0.06091	0.02863	0.00327	0.00538
12	0.00903	0.00864	0.01474	0.19246	0.67597	0.00899	0.01154	0.01137	0.00851	0.01197	0.00713	0.00964	0.00588	0.00350	0.00380	0.00117	0.00467	0.00341	0.00186	0.00571
13	0.00552	0.00376	0.00452	0.00456	0.00468	0.00386	0.00278	0.00577	0.00575	0.00778	0.01222	0.06313	0.01377	0.68888	0.15382	0.00401	0.00471	0.00559	0.00234	0.00254
14	0.00981	0.15392	0.03505	0.10935	0.25666	0.14948	0.06925	0.01242	0.07023	0.01122	0.03092	0.00967	0.00690	0.00471	0.03207	0.00128	0.02660	0.00329	0.00206	0.00512
15	0.01905	0.02530	0.05756	0.06860	0.25779	0.07667	0.00861	0.15653	0.06568	0.12764	0.00945	0.02346	0.00724	0.00481	0.02286	0.00127	0.02102	0.00353	0.03725	0.00566
16	0.00486	0.00382	0.00441	0.00454	0.00552	0.00337	0.00336	0.00603	0.00903	0.01158	0.23793	0.18481	0.44952	0.00969	0.00463	0.00134	0.00203	0.04647	0.00373	0.00333
17	0.00491	0.00362	0.00461	0.00514	0.00566	0.00338	0.00356	0.00606	0.02873	0.01098	0.16485	0.60242	0.12018	0.01086	0.00476	0.00146	0.00214	0.00973	0.00368	0.00329
18	0.01095	0.03026	0.04296	0.04573	0.21784	0.11530	0.10228	0.08270	0.11365	0.09440	0.00901	0.01014	0.00689	0.00423	0.00449	0.00120	0.07233	0.00353	0.02658	0.00552
19	0.05006	0.10383	0.14820	0.00798	0.01134	0.07399	0.02771	0.08871	0.07655	0.24693	0.00982	0.00974	0.00697	0.00403	0.00346	0.00106	0.00411	0.00312	0.00304	0.11935

[dist]
# distance from previous block
# <min> <max>
1	6

[block]
# block no. 2 follows, 71 sequences, length 56
# corresponding to MSA columns:
# 524-579
name=unknown_C
#
# <colnr> <probs for GDERKNQSTAVLIFYWHMCP>
#	G	D	E	R	K	N	Q	S	T	A	V	L	I	F	Y	W	H	M	C	P
0	0.00891	0.00940	0.05806	0.01660	0.01033	0.16217	0.09700	0.07244	0.08671	0.03485	0.08099	0.02708	0.24974	0.00600	0.00404	0.00117	0.00397	0.00505	0.00300	0.06249
1	0.00647	0.00520	0.00629	0.00583	0.00710	0.00455	0.05185	0.00729	0.00964	0.01247	0.21045	0.06452	0.47613	0.10512	0.00675	0.00179	0.00286	0.00778	0.00388	0.00402
2	0.01190	0.18358	0.12080	0.01123	0.11399	0.40950	0.04278	0.03346	0.00974	0.02045	0.00635	0.00750	0.00519	0.00371	0.00339	0.00102	0.00578	0.00268	0.00193	0.00500
3	0.00527	0.00429	0.00636	0.00625	0.00717	0.00395	0.08650	0.00644	0.00818	0.01069	0.07890	0.47401	0.19331	0.01024	0.00479	0.00147	0.00268	0.08265	0.00344	0.00342
4	0.02123	0.04656	0.09970	0.02463	0.02550	0.19328	0.24847	0.11425	0.03920	0.09056	0.02163	0.01841	0.00677	0.00403	0.00398	0.00116	0.01567	0.00360	0.00252	0.01883
5	0.00900	0.19300	0.48531	0.02218	0.08912	0.01025	0.02086	0.02517	0.00829	0.05226	0.00695	0.00815	0.00526	0.00376	0.00386	0.00115	0.04526	0.00284	0.00184	0.00551
6	0.00467	0.00336	0.00443	0.00528	0.00555	0.00312	0.00353	0.00535	0.00740	0.00981	0.02182	0.83060	0.05706	0.01192	0.00488	0.00155	0.00221	0.01079	0.00356	0.00312
7	0.00785	0.00754	0.01306	0.62006	0.20895	0.00872	0.05866	0.01038	0.00799	0.01055	0.00696	0.01006	0.00537	0.00370	0.00387	0.00125	0.00507	0.00347	0.00176	0.00472
8	0.00948	0.07715	0.06070	0.14463	0.41906	0.07175	0.11416	0.02251	0.02242	0.01177	0.00713	0.00926	0.00575	0.00354	0.00376	0.00115	0.00505	0.00336	0.00190	0.00546
9	0.00534	0.00444	0.00694	0.00666	0.00759	0.00410	0.11539	0.00649	0.00796	0.01047	0.04805	0.56071	0.14172	0.01028	0.00480	0.00148	0.00281	0.04796	0.00336	0.00345
10	0.01506	0.00965	0.01080	0.00831	0.01133	0.01032	0.00686	0.61041	0.04007	0.22096	0.01081	0.01028	0.00739	0.00465	0.00384	0.00116	0.00395	0.00357	0.00406	0.00651
11	0.00662	0.00335	0.00503	0.00503	0.00505	0.00338	0.00338	0.00505	0.00503	0.00673	0.00677	0.01176	0.00675	0.01380	0.04101	0.86095	0.00355	0.00335	0.00168	0.00172
12	0.05401	0.01534	0.01078	0.00975	0.03151	0.58275	0.00735	0.11215	0.03675	0.02780	0.00673	0.00768	0.00543	0.00427	0.00419	0.00109	0.07257	0.00275	0.00230	0.00479
13	0.89233	0.00741	0.00564	0.00504	0.00741	0.00860	0.00415	0.01127	0.00653	0.01720	0.00534	0.00623	0.00415	0.00356	0.00237	0.00119	0.00297	0.00208	0.00237	0.00415
14	0.00506	0.00412	0.00450	0.00439	0.00560	0.00369	0.00330	0.00680	0.05509	0.01204	0.25665	0.05339	0.55373	0.00900	0.00450	0.00128	0.00197	0.00763	0.00376	0.00350
15	0.00795	0.00681	0.00795	0.00568	0.00909	0.00511	0.00454	0.00965	0.00795	0.01249	0.00681	0.00795	0.00568	0.00284	0.00284	0.00057	0.00284	0.00227	0.00227	0.88869
16	0.00973	0.06022	0.03663	0.05444	0.17280	0.09193	0.01672	0.10532	0.02984	0.07032	0.01200	0.09933	0.02544	0.00619	0.01613	0.00131	0.00422	0.13130	0.01293	0.04320
17	0.00848	0.04127	0.31346	0.05823	0.03148	0.05395	0.02484	0.08229	0.01722	0.02867	0.07907	0.02817	0.08464	0.00473	0.00371	0.00111	0.00431	0.00386	0.01513	0.11538
18	0.00622	0.00556	0.00741	0.00713	0.00757	0.03013	0.03037	0.00710	0.00708	0.00967	0.01615	0.43019	0.08205	0.01108	0.07299	0.00191	0.25352	0.00750	0.00280	0.00357
19	0.00742	0.00699	0.01182	0.79109	0.08998	0.00856	0.01074	0.00995	0.00775	0.01001	0.00685	0.01017	0.00519	0.00380	0.00383	0.00127	0.00507	0.00341	0.00172	0.00440
20	0.03260	0.00736	0.00866	0.00660	0.00966	0.00656	0.00540	0.16115	0.01995	0.20392	0.01000	0.01144	0.00769	0.00409	0.00340	0.00091	0.00323	0.05042	0.00321	0.44375
21	0.00599	0.00510	0.00757	0.04803	0.08196	0.00494	0.07280	0.01883	0.01974	0.01152	0.13237	0.27279	0.22432	0.00865	0.00467	0.00138	0.01321	0.05904	0.00326	0.00382
22	0.00842	0.00618	0.00712	0.00621	0.00789	0.00643	0.00485	0.15470	0.19152	0.05511	0.42908	0.02187	0.07139	0.00666	0.00424	0.00122	0.00257	0.00568	0.00407	0.00477
23	0.00666	0.00333	0.00500	0.00500	0.00500	0.00333	0.00333	0.00500	0.00500	0.00666	0.00666	0.01166	0.00666	0.01332	0.01499	0.88844	0.00333	0.00333	0.00167	0.00167
24	0.00892	0.00915	0.01752	0.07730	0.32982	0.00894	0.37583	0.02751	0.00888	0.01230	0.00822	0.05678	0.00695	0.00384	0.00416	0.00122	0.00526	0.00429	0.00204	0.03105
25	0.00484	0.00353	0.00458	0.00526	0.00571	0.00327	0.00369	0.00572	0.00792	0.01049	0.09805	0.63606	0.11405	0.01128	0.00485	0.00151	0.00225	0.07010	0.00362	0.00320
26	0.00467	0.00334	0.00445	0.00534	0.00556	0.00311	0.00356	0.00534	0.00734	0.00979	0.02113	0.86275	0.02536	0.01201	0.00489	0.00156	0.00222	0.01090	0.00356	0.00311
27	0.00470	0.00357	0.00433	0.00482	0.00545	0.00320	0.00336	0.00556	0.00811	0.01048	0.10142	0.52049	0.28889	0.01089	0.00474	0.00144	0.00210	0.00963	0.00362	0.00320
28	0.84058	0.00738	0.00598	0.05480	0.00853	0.00860	0.00453	0.01118	0.00659	0.01677	0.00543	0.00646	0.00421	0.00358	0.00246	0.00119	0.00309	0.00215	0.00233	0.00416
29	0.00548	0.00411	0.00616	0.00616	0.00685	0.00479	0.00479	0.00685	0.00616	0.00890	0.01027	0.01506	0.00959	0.02876	0.85006	0.00616	0.01027	0.00411	0.00205	0.00342
30	0.00566	0.00369	0.00485	0.00541	0.00598	0.00340	0.00381	0.00652	0.00794	0.06915	0.05467	0.65527	0.08980	0.01106	0.00480	0.00151	0.00234	0.05707	0.00367	0.00341
31	0.00913	0.00720	0.00836	0.00606	0.00941	0.00583	0.00488	0.09325	0.00914	0.05945	0.00752	0.00836	0.00597	0.00312	0.00300	0.00066	0.00300	0.00248	0.00257	0.75061
32	0.01157	0.00745	0.00867	0.00746	0.02553	0.00767	0.00584	0.13689	0.30092	0.23576	0.04229	0.02849	0.05969	0.00547	0.00394	0.00121	0.00319	0.03812	0.00394	0.06591
33	0.01432	0.01827	0.01087	0.00988	0.01185	0.84986	0.00741	0.01531	0.01087	0.00938	0.00593	0.00691	0.00494	0.00395	0.00346	0.00099	0.00691	0.00247	0.00198	0.00444
34	0.03690	0.00798	0.00957	0.03048	0.19683	0.05682	0.00683	0.11323	0.14920	0.04954	0.04308	0.08549	0.11887	0.00566	0.00401	0.00119	0.01310	0.00478	0.00307	0.06338
35	0.01134	0.05789	0.06212	0.06714	0.31724	0.06664	0.00935	0.23078	0.07286	0.05480	0.00851	0.00955	0.00650	0.00400	0.00371	0.00114	0.00452	0.00334	0.00266	0.00590
36	0.00745	0.00693	0.01106	0.74788	0.02424	0.00855	0.01001	0.01091	0.09985	0.01050	0.00831	0.01110	0.01916	0.00408	0.00385	0.00128	0.00483	0.00359	0.00198	0.00444
37	0.00828	0.00877	0.01715	0.33951	0.02141	0.00947	0.42295	0.01099	0.00817	0.01099	0.00710	0.01008	0.00546	0.00384	0.00514	0.00133	0.09887	0.00397	0.00182	0.00471
38	0.02818	0.05420	0.32780	0.01870	0.02472	0.02561	0.11593	0.15624	0.01046	0.05652	0.11448	0.02312	0.00981	0.00448	0.00393	0.00120	0.01283	0.00381	0.00260	0.00538
39	0.02186	0.03044	0.02802	0.03550	0.01256	0.03740	0.10394	0.41195	0.07323	0.12705	0.01023	0.03903	0.00762	0.00458	0.00386	0.00117	0.00428	0.00381	0.00343	0.04006
40	0.00755	0.00615	0.00819	0.00724	0.00881	0.00641	0.09205	0.01219	0.29430	0.04787	0.11780	0.19377	0.09277	0.05358	0.01805	0.00155	0.01726	0.00640	0.00352	0.00455
41	0.00486	0.00339	0.00448	0.00531	0.00559	0.00315	0.00356	0.00556	0.00741	0.02010	0.02113	0.82824	0.03484	0.01177	0.00484	0.00154	0.00223	0.01066	0.01816	0.00317
42	0.01060	0.01050	0.07780	0.06865	0.29301	0.08281	0.15380	0.06651	0.03359	0.10228	0.00873	0.01020	0.01821	0.00398	0.00429	0.00120	0.04223	0.00362	0.00238	0.00558
43	0.00755	0.00732	0.01245	0.72779	0.06384	0.02064	0.07426	0.01011	0.00788	0.01012	0.00732	0.01051	0.01633	0.00385	0.00389	0.00127	0.00517	0.00354	0.00176	0.00441
44	0.00949	0.00911	0.01556	0.02353	0.84133	0.00911	0.01177	0.01177	0.00873	0.01253	0.00721	0.00949	0.00607	0.00342	0.00380	0.00114	0.00456	0.00342	0.00190	0.00607
45	0.00724	0.00681	0.01150	0.85604	0.02641	0.00852	0.01065	0.00980	0.00767	0.00980	0.00681	0.01022	0.00511	0.00383	0.00383	0.00128	0.00511	0.00341	0.00170	0.00426
46	0.00910	0.00993	0.03845	0.03027	0.24279	0.02397	0.50862	0.01190	0.00889	0.02291	0.00828	0.05131	0.00683	0.00376	0.00429	0.00125	0.00567	0.00443	0.00203	0.00532
47	0.00803	0.04701	0.75289	0.01056	0.01590	0.00921	0.01331	0.03098	0.05415	0.01253	0.00737	0.00840	0.00528	0.00374	0.00362	0.00120	0.00544	0.00290	0.00180	0.00568
48	0.00548	0.00410	0.00612	0.00612	0.00678	0.00477	0.00473	0.00682	0.00615	0.00887	0.01031	0.01530	0.00969	0.04851	0.83045	0.00610	0.01012	0.00414	0.00206	0.00340
49	0.03383	0.00701	0.01043	0.16772	0.16999	0.02759	0.06985	0.03560	0.05372	0.04491	0.06152	0.15493	0.03194	0.01706	0.00477	0.01089	0.03781	0.03771	0.01811	0.00458
50	0.04181	0.45681	0.08596	0.00859	0.01178	0.18617	0.08726	0.04638	0.00897	0.01063	0.00625	0.00766	0.00535	0.00364	0.00307	0.00098	0.00500	0.01687	0.00189	0.00492
51	0.62168	0.00820	0.00707	0.00607	0.00852	0.02124	0.00495	0.17097	0.07482	0.01821	0.00722	0.02382	0.00563	0.00406	0.00284	0.00119	0.00326	0.00270	0.00280	0.00475
52	0.00484	0.00374	0.00443	0.00465	0.00550	0.00332	0.00337	0.00595	0.00885	0.01150	0.23827	0.29040	0.36217	0.00996	0.00466	0.00136	0.00203	0.02794	0.00373	0.00330
53	0.04195	0.10399	0.11758	0.01027	0.08867	0.05192	0.07191	0.22091	0.09029	0.10655	0.01995	0.02901	0.00748	0.00437	0.00382	0.00116	0.01800	0.00355	0.00292	0.00571
54	0.01789	0.02311	0.07364	0.08785	0.02623	0.02595	0.26807	0.06676	0.03372	0.02960	0.02800	0.08870	0.00828	0.00523	0.00609	0.00137	0.19794	0.00447	0.00229	0.00481
55	0.00654	0.00546	0.03331	0.00627	0.00771	0.00500	0.05019	0.02016	0.11221	0.03940	0.31728	0.13062	0.15072	0.00832	0.01615	0.00140	0.00276	0.07872	0.00371	0.00407

[dist]
# distance from previous block
# <min> <max>
1	30

[block]
# block no. 3 follows, 71 sequences, length 70
# corresponding to MSA columns:
# 611-680
name=unknown_D
#
# <colnr> <probs for GDERKNQSTAVLIFYWHMCP>
#	G	D	E	R	K	N	Q	S	T	A	V	L	I	F	Y	W	H	M	C	P
0	0.05667	0.04703	0.17475	0.00974	0.06343	0.20218	0.02699	0.13207	0.10130	0.03820	0.00863	0.04063	0.00690	0.00427	0.00357	0.00111	0.00479	0.00330	0.00255	0.07190
1	0.00835	0.03715	0.01234	0.40469	0.28800	0.07101	0.00990	0.01047	0.00827	0.01071	0.02055	0.08585	0.00767	0.00448	0.00385	0.00122	0.00472	0.00402	0.00199	0.00477
2	0.01048	0.65463	0.11812	0.00752	0.01092	0.12351	0.00759	0.01206	0.00823	0.00944	0.00559	0.00648	0.00492	0.00341	0.00273	0.00089	0.00466	0.00220	0.00168	0.00495
3	0.03867	0.00951	0.07988	0.01320	0.24110	0.07151	0.15881	0.01162	0.06902	0.03498	0.06460	0.02334	0.12108	0.01421	0.00430	0.00123	0.01715	0.00447	0.00252	0.01881
4	0.00987	0.00879	0.01279	0.00969	0.01271	0.07115	0.26348	0.04355	0.09525	0.09761	0.02343	0.04031	0.03051	0.00422	0.00384	0.00107	0.00435	0.01369	0.00275	0.25094
5	0.00742	0.00573	0.00654	0.00633	0.00777	0.00604	0.00488	0.01253	0.34303	0.04999	0.10496	0.17697	0.14344	0.00800	0.00440	0.00139	0.00266	0.09954	0.00381	0.00458
6	0.00656	0.00384	0.00551	0.03403	0.00615	0.01728	0.00389	0.00567	0.00540	0.00723	0.00742	0.01242	0.00726	0.03236	0.16731	0.66556	0.00472	0.00351	0.00176	0.00213
7	0.00839	0.00839	0.01174	0.01007	0.01007	0.01174	0.00839	0.00923	0.00587	0.00923	0.00503	0.00839	0.00503	0.00671	0.01258	0.00168	0.85823	0.00336	0.00168	0.00419
8	0.00905	0.01034	0.02262	0.01616	0.02004	0.00970	0.82741	0.01228	0.00905	0.01228	0.00776	0.01034	0.00582	0.00323	0.00452	0.00129	0.00646	0.00452	0.00194	0.00517
9	0.00453	0.00388	0.00388	0.00388	0.00518	0.00324	0.00291	0.00550	0.00874	0.01036	0.03884	0.03690	0.83978	0.00971	0.00453	0.00129	0.00194	0.00809	0.00356	0.00324
10	0.01013	0.08640	0.31985	0.01208	0.17484	0.11089	0.01036	0.12697	0.02073	0.03471	0.00902	0.00993	0.04919	0.00411	0.00363	0.00113	0.00497	0.00324	0.00224	0.00556
11	0.00453	0.00388	0.00388	0.00388	0.00518	0.00324	0.00291	0.00550	0.00874	0.01036	0.03884	0.03690	0.83978	0.00971	0.00453	0.00129	0.00194	0.00809	0.00356	0.00324
12	0.01025	0.86756	0.02009	0.00656	0.00984	0.01517	0.00656	0.01148	0.00779	0.00902	0.00533	0.00615	0.00492	0.00328	0.00246	0.00082	0.00410	0.00205	0.00164	0.00492
13	0.00493	0.00388	0.00445	0.00436	0.00544	0.00340	0.00325	0.00626	0.00961	0.01254	0.39038	0.06899	0.45086	0.00899	0.00454	0.00127	0.00190	0.00770	0.00385	0.00340
14	0.00834	0.00746	0.01044	0.04019	0.27910	0.00647	0.00706	0.01023	0.00818	0.01234	0.00734	0.03190	0.00633	0.00331	0.00324	0.00080	0.00346	0.00292	0.00217	0.54876
15	0.00724	0.00681	0.01150	0.85604	0.02641	0.00852	0.01065	0.00980	0.00767	0.00980	0.00681	0.01022	0.00511	0.00383	0.00383	0.00128	0.00511	0.00341	0.00170	0.00426
16	0.00954	0.00824	0.00867	0.00780	0.00997	0.00954	0.00607	0.02037	0.83441	0.01604	0.01561	0.01431	0.01170	0.00520	0.00390	0.00130	0.00303	0.00433	0.00390	0.00607
17	0.01332	0.01611	0.01098	0.00979	0.01154	0.65612	0.00751	0.05908	0.03173	0.01034	0.00622	0.00745	0.00521	0.00443	0.00486	0.00111	0.13483	0.00270	0.00208	0.00456
18	0.00861	0.00708	0.00917	0.00658	0.01000	0.00551	0.06974	0.01042	0.00823	0.06407	0.00741	0.00846	0.00593	0.00299	0.00304	0.00066	0.00315	0.00255	0.00240	0.76402
19	0.03220	0.09888	0.01196	0.01890	0.01066	0.01082	0.05983	0.10194	0.19233	0.01276	0.00896	0.04889	0.00781	0.02367	0.00753	0.00144	0.34008	0.00388	0.00254	0.00492
20	0.00470	0.00389	0.00413	0.00420	0.00535	0.00335	0.00310	0.00585	0.02213	0.01075	0.09540	0.14031	0.66397	0.00979	0.00457	0.00132	0.00199	0.00830	0.00361	0.00330
21	0.00977	0.00833	0.01262	0.01631	0.49342	0.00784	0.00896	0.05009	0.01887	0.06647	0.00780	0.00931	0.00626	0.00341	0.00352	0.00098	0.00393	0.00312	0.00231	0.26669
22	0.00473	0.00336	0.00443	0.00527	0.00548	0.00315	0.00348	0.00535	0.00723	0.00964	0.02057	0.81077	0.02465	0.06496	0.00580	0.00169	0.00232	0.01057	0.00348	0.00307
23	0.00549	0.00407	0.00596	0.00596	0.00657	0.00468	0.00454	0.00671	0.00610	0.00875	0.01046	0.01610	0.01004	0.11565	0.76378	0.00591	0.00959	0.00426	0.00208	0.00331
24	0.13483	0.00970	0.01481	0.01104	0.01428	0.02285	0.33974	0.25381	0.04575	0.10187	0.00890	0.00982	0.00640	0.00393	0.00391	0.00122	0.00485	0.00376	0.00293	0.00559
25	0.00679	0.00594	0.00630	0.00605	0.00652	0.10294	0.00431	0.00747	0.00642	0.00834	0.01013	0.01798	0.01059	0.39300	0.31572	0.00411	0.07766	0.00450	0.00213	0.00312
26	0.00933	0.02141	0.16854	0.01217	0.18234	0.00826	0.11513	0.06587	0.07022	0.05101	0.00822	0.00947	0.00633	0.00397	0.01586	0.00112	0.01782	0.00325	0.00235	0.22734
27	0.01210	0.00913	0.08611	0.00882	0.06219	0.00840	0.01882	0.30759	0.08197	0.19893	0.05019	0.07643	0.03737	0.00537	0.00395	0.00121	0.00372	0.00444	0.01743	0.00582
28	0.00721	0.00590	0.00661	0.00609	0.00761	0.00629	0.00466	0.01307	0.38864	0.01512	0.37194	0.02298	0.11457	0.00684	0.00424	0.00126	0.00239	0.00587	0.00400	0.00470
29	0.00906	0.01010	0.02123	0.01657	0.10596	0.00976	0.69222	0.01204	0.00883	0.01212	0.00754	0.01014	0.00580	0.00346	0.00493	0.00130	0.05749	0.00434	0.00192	0.00521
30	0.00922	0.09043	0.11067	0.19077	0.15297	0.05318	0.09243	0.02168	0.04791	0.06944	0.04631	0.03314	0.00860	0.00450	0.00396	0.00121	0.01523	0.04093	0.00234	0.00507
31	0.01458	0.01010	0.01105	0.00852	0.01150	0.01100	0.00702	0.72203	0.01701	0.10916	0.01014	0.03259	0.00734	0.00482	0.00387	0.00117	0.00407	0.00369	0.00392	0.00643
32	0.00484	0.00346	0.00464	0.00553	0.00583	0.00326	0.00385	0.00563	0.00751	0.00998	0.02104	0.77074	0.02499	0.01185	0.00494	0.00158	0.00237	0.10124	0.00356	0.00316
33	0.00867	0.01195	0.22794	0.19865	0.05553	0.00935	0.35607	0.06233	0.00905	0.01245	0.00739	0.00964	0.00547	0.00356	0.00408	0.00125	0.00574	0.00374	0.00192	0.00522
34	0.00795	0.00753	0.01277	0.59495	0.28199	0.00870	0.01100	0.01041	0.00800	0.01065	0.00694	0.00999	0.00541	0.00370	0.00382	0.00123	0.00494	0.00341	0.00176	0.00483
35	0.00464	0.00386	0.00405	0.00405	0.00526	0.00328	0.00302	0.00569	0.00892	0.01091	0.12934	0.07096	0.71365	0.00959	0.00455	0.00130	0.00194	0.00808	0.00364	0.00328
36	0.00467	0.00334	0.00445	0.00534	0.00556	0.00311	0.00356	0.00534	0.00734	0.00979	0.02113	0.86275	0.02536	0.01201	0.00489	0.00156	0.00222	0.01090	0.00356	0.00311
37	0.00558	0.00422	0.00618	0.00612	0.00673	0.00494	0.00470	0.00682	0.00610	0.00879	0.01025	0.01569	0.00980	0.09948	0.75080	0.00580	0.03836	0.00421	0.00206	0.00336
38	0.00569	0.00368	0.00483	0.00533	0.00586	0.00342	0.00368	0.00649	0.00773	0.07203	0.05527	0.64847	0.07411	0.04213	0.04032	0.00177	0.00265	0.00956	0.00357	0.00338
39	0.00666	0.00333	0.00500	0.00500	0.00500	0.00333	0.00333	0.00500	0.00500	0.00666	0.00666	0.01166	0.00666	0.01332	0.01499	0.88844	0.00333	0.00333	0.00167	0.00167
40	0.01697	0.00690	0.00913	0.00700	0.00998	0.00620	0.00578	0.09149	0.01161	0.77029	0.01459	0.01270	0.00922	0.00473	0.00385	0.00118	0.00335	0.00382	0.00466	0.00652
41	0.00481	0.00390	0.00428	0.00421	0.00538	0.00337	0.00317	0.00604	0.00934	0.01180	0.26511	0.03467	0.59791	0.00920	0.00454	0.00128	0.00193	0.02197	0.00375	0.00335
42	0.00724	0.00681	0.01150	0.85604	0.02641	0.00852	0.01065	0.00980	0.00767	0.00980	0.00681	0.01022	0.00511	0.00383	0.00383	0.00128	0.00511	0.00341	0.00170	0.00426
43	0.00835	0.00834	0.01174	0.03621	0.01057	0.01164	0.00846	0.00925	0.00593	0.00925	0.00509	0.00845	0.00504	0.00662	0.01231	0.00167	0.83186	0.00336	0.00168	0.00420
44	0.00844	0.00711	0.00822	0.00591	0.00930	0.00562	0.00475	0.07061	0.00870	0.01336	0.00699	0.00804	0.00574	0.00297	0.00291	0.00061	0.00294	0.00236	0.00239	0.82302
45	0.01644	0.00697	0.00908	0.00704	0.00996	0.00639	0.00579	0.07910	0.07280	0.72132	0.01472	0.01286	0.00943	0.00477	0.00386	0.00119	0.00332	0.00386	0.00462	0.00649
46	0.01404	0.01048	0.01121	0.00871	0.01169	0.01164	0.00716	0.74341	0.10403	0.02331	0.00988	0.00974	0.00707	0.00467	0.00384	0.00117	0.00409	0.00355	0.00384	0.00647
47	0.89233	0.00741	0.00564	0.00504	0.00741	0.00860	0.00415	0.01127	0.00653	0.01720	0.00534	0.00623	0.00415	0.00356	0.00237	0.00119	0.00297	0.00208	0.00237	0.00415
48	0.00548	0.00411	0.00616	0.00616	0.00685	0.00479	0.00479	0.00685	0.00616	0.00890	0.01027	0.01506	0.00959	0.02876	0.85006	0.00616	0.01027	0.00411	0.00205	0.00342
49	0.00543	0.00392	0.00513	0.00482	0.00573	0.00362	0.00362	0.00724	0.01085	0.01538	0.83931	0.02864	0.03618	0.00784	0.00452	0.00121	0.00181	0.00693	0.00422	0.00362
50	0.00905	0.01034	0.02262	0.01616	0.02004	0.00970	0.82741	0.01228	0.00905	0.01228	0.00776	0.01034	0.00582	0.00323	0.00452	0.00129	0.00646	0.00452	0.00194	0.00517
51	0.89233	0.00741	0.00564	0.00504	0.00741	0.00860	0.00415	0.01127	0.00653	0.01720	0.00534	0.00623	0.00415	0.00356	0.00237	0.00119	0.00297	0.00208	0.00237	0.00415
52	0.00453	0.00388	0.00388	0.00388	0.00518	0.00324	0.00291	0.00550	0.00874	0.01036	0.03884	0.03690	0.83978	0.00971	0.00453	0.00129	0.00194	0.00809	0.00356	0.00324
53	0.01432	0.01827	0.01087	0.00988	0.01185	0.84986	0.00741	0.01531	0.01087	0.00938	0.00593	0.00691	0.00494	0.00395	0.00346	0.00099	0.00691	0.00247	0.00198	0.00444
54	0.01025	0.86756	0.02009	0.00656	0.00984	0.01517	0.00656	0.01148	0.00779	0.00902	0.00533	0.00615	0.00492	0.00328	0.00246	0.00082	0.00410	0.00205	0.00164	0.00492
55	0.00465	0.00342	0.00436	0.00511	0.00550	0.00313	0.00346	0.00536	0.00756	0.00988	0.02389	0.73429	0.15204	0.01165	0.00484	0.00152	0.00218	0.01046	0.00356	0.00313
56	0.00782	0.00444	0.00540	0.00488	0.00612	0.00422	0.00375	0.04591	0.01029	0.11842	0.43851	0.03071	0.02338	0.00633	0.00385	0.00111	0.00210	0.00541	0.27328	0.00409
57	0.00954	0.00824	0.00867	0.00780	0.00997	0.00954	0.00607	0.02037	0.83441	0.01604	0.01561	0.01431	0.01170	0.00520	0.00390	0.00130	0.00303	0.00433	0.00390	0.00607
58	0.00812	0.00696	0.00803	0.00590	0.00918	0.00558	0.00470	0.01078	0.09502	0.01287	0.00774	0.00862	0.00631	0.00309	0.00295	0.00065	0.00286	0.00249	0.00244	0.79571
59	0.00548	0.00372	0.00417	0.00419	0.00428	0.00367	0.00239	0.00556	0.00583	0.00769	0.01410	0.04756	0.06924	0.78618	0.01814	0.00350	0.00356	0.00588	0.00244	0.00240
60	0.00548	0.00390	0.00516	0.00518	0.00556	0.00422	0.00359	0.00619	0.00598	0.00829	0.01204	0.04297	0.03072	0.41064	0.42819	0.00481	0.00687	0.00505	0.00225	0.00291
61	0.00888	0.01035	0.04784	0.01529	0.01885	0.00969	0.71739	0.01193	0.00877	0.01202	0.00785	0.01097	0.00615	0.00370	0.00513	0.00133	0.07146	0.02537	0.00195	0.00507
62	0.00670	0.00550	0.00610	0.00569	0.00715	0.00570	0.00434	0.01162	0.31499	0.01422	0.31264	0.03668	0.23872	0.00741	0.00430	0.00127	0.00230	0.00633	0.00392	0.00442
63	0.00558	0.00372	0.00418	0.00418	0.00418	0.00372	0.00232	0.00558	0.00558	0.00743	0.01208	0.02509	0.01394	0.86525	0.01952	0.00372	0.00372	0.00558	0.00232	0.00232
64	0.00475	0.00338	0.00446	0.00525	0.00548	0.00317	0.00348	0.00542	0.00735	0.00983	0.04822	0.78259	0.02502	0.06482	0.00579	0.00168	0.00230	0.01044	0.00350	0.00308
65	0.08213	0.01008	0.06221	0.00877	0.01133	0.09435	0.08868	0.19756	0.22605	0.05933	0.01145	0.10022	0.00947	0.00523	0.00398	0.00125	0.01495	0.00434	0.00321	0.00543
66	0.01093	0.10457	0.26594	0.00944	0.01257	0.20400	0.01902	0.06857	0.00932	0.08894	0.00736	0.02047	0.00578	0.00440	0.00485	0.00117	0.13236	0.00301	0.00220	0.02509
67	0.00562	0.00431	0.00643	0.00635	0.00700	0.00513	0.00497	0.00696	0.00615	0.00892	0.01002	0.01474	0.00937	0.02769	0.80958	0.00595	0.05125	0.00407	0.00204	0.00346
68	0.00519	0.00372	0.00477	0.00522	0.00588	0.00350	0.00377	0.00616	0.00793	0.03178	0.07597	0.46950	0.19912	0.01274	0.09383	0.00197	0.00309	0.05907	0.00347	0.00332
69	0.02256	0.07495	0.10524	0.00778	0.03023	0.06644	0.05245	0.08725	0.00856	0.03426	0.03100	0.05285	0.02833	0.00675	0.00652	0.22492	0.01195	0.00362	0.00231	0.14201

[dist]
# distance from previous block
# <min> <max>
0	59

[block]
# block no. 4 follows, 71 sequences, length 9
# corresponding to MSA columns:
# 754-762
name=unknown_E
#
# <colnr> <probs for GDERKNQSTAVLIFYWHMCP>
#	G	D	E	R	K	N	Q	S	T	A	V	L	I	F	Y	W	H	M	C	P
0	0.03525	0.43747	0.06444	0.00836	0.05020	0.12615	0.00726	0.05981	0.13294	0.01163	0.00774	0.00888	0.00650	0.00396	0.00309	0.00101	0.00440	0.02352	0.00223	0.00516
1	0.00566	0.00395	0.00496	0.00478	0.00574	0.00357	0.00353	0.00700	0.00961	0.03445	0.49173	0.13236	0.16918	0.00862	0.00495	0.04300	0.00202	0.00715	0.02859	0.02914
2	0.04072	0.16568	0.37115	0.02655	0.01282	0.04199	0.02024	0.04190	0.04337	0.06697	0.03490	0.01989	0.00715	0.00515	0.03974	0.00135	0.02108	0.00316	0.03098	0.00521
3	0.01086	0.03872	0.07100	0.03834	0.12657	0.32056	0.02126	0.06505	0.13779	0.01233	0.04344	0.02882	0.05938	0.00473	0.00375	0.00113	0.00497	0.00372	0.00255	0.00503
4	0.00570	0.00420	0.00519	0.02992	0.02618	0.00427	0.00370	0.00711	0.06851	0.00973	0.03680	0.27363	0.08430	0.32488	0.06687	0.00257	0.00347	0.00703	0.03272	0.00321
5	0.01112	0.61884	0.01742	0.00764	0.03547	0.10729	0.00679	0.11046	0.00940	0.01115	0.00613	0.00694	0.00529	0.00355	0.00278	0.00089	0.00438	0.00235	0.02706	0.00506
6	0.00823	0.00721	0.00890	0.00657	0.00984	0.00597	0.05233	0.01125	0.11959	0.01296	0.00806	0.00895	0.00650	0.00318	0.00308	0.00071	0.00308	0.00268	0.00247	0.71845
7	0.14274	0.09576	0.11185	0.03644	0.05986	0.04089	0.05335	0.11685	0.04617	0.15320	0.03317	0.03716	0.02153	0.00464	0.00359	0.00118	0.00407	0.02932	0.00291	0.00530
8	0.00884	0.06166	0.08789	0.10290	0.05930	0.04608	0.05114	0.08750	0.19428	0.01304	0.04430	0.07374	0.01032	0.01655	0.00503	0.07730	0.00404	0.02761	0.02365	0.00481

[dist]
# distance from previous block
# <min> <max>
0	1

[block]
# block no. 5 follows, 71 sequences, length 81
# corresponding to MSA columns:
# 764-844
name=unknown_F
#
# <colnr> <probs for GDERKNQSTAVLIFYWHMCP>
#	G	D	E	R	K	N	Q	S	T	A	V	L	I	F	Y	W	H	M	C	P
0	0.04484	0.00380	0.00486	0.00559	0.00614	0.00366	0.00411	0.00623	0.00780	0.01066	0.04187	0.57237	0.07682	0.01107	0.00484	0.00156	0.00251	0.18448	0.00352	0.00327
1	0.02053	0.05004	0.00960	0.00730	0.00996	0.02532	0.00586	0.25012	0.26711	0.03076	0.01928	0.02114	0.00870	0.04302	0.00425	0.00116	0.00347	0.00357	0.00327	0.21553
2	0.03166	0.06351	0.12729	0.04721	0.18729	0.00877	0.06596	0.07674	0.04660	0.13019	0.02867	0.01012	0.00718	0.00435	0.01463	0.00120	0.04953	0.00338	0.00258	0.09315
3	0.03544	0.14035	0.34102	0.19412	0.01675	0.04450	0.05327	0.05249	0.02571	0.05121	0.00728	0.00870	0.00540	0.00375	0.00353	0.00116	0.00509	0.00300	0.00200	0.00522
4	0.00789	0.08953	0.01316	0.00932	0.01170	0.00734	0.30320	0.04129	0.02457	0.04285	0.21496	0.09248	0.11295	0.00603	0.00430	0.00124	0.00394	0.00578	0.00301	0.00448
5	0.00620	0.00487	0.00609	0.00621	0.01625	0.00491	0.02831	0.03065	0.14354	0.01137	0.02929	0.33761	0.14486	0.09604	0.00627	0.01281	0.00283	0.10470	0.00341	0.00376
6	0.02466	0.10732	0.06512	0.03063	0.06633	0.16860	0.05023	0.17003	0.05723	0.03240	0.07618	0.08186	0.01883	0.00536	0.01371	0.00121	0.01837	0.00411	0.00276	0.00505
7	0.01004	0.25936	0.02185	0.00673	0.00902	0.08742	0.03243	0.03125	0.02625	0.14767	0.07888	0.04286	0.15875	0.00561	0.00390	0.00111	0.03373	0.00440	0.03406	0.00469
8	0.00493	0.00381	0.00450	0.00452	0.00547	0.00338	0.00332	0.00621	0.00940	0.01239	0.37464	0.17018	0.36484	0.00930	0.00459	0.00130	0.00193	0.00807	0.00384	0.00338
9	0.00769	0.01983	0.84538	0.01093	0.01659	0.00890	0.01417	0.01214	0.00810	0.01214	0.00688	0.00810	0.00486	0.00364	0.00364	0.00121	0.00567	0.00283	0.00162	0.00567
10	0.01705	0.00678	0.00905	0.00694	0.00991	0.00601	0.00573	0.06681	0.01139	0.79528	0.01477	0.01282	0.00931	0.00474	0.00385	0.00118	0.00332	0.00383	0.00469	0.00652
11	0.01025	0.86756	0.02009	0.00656	0.00984	0.01517	0.00656	0.01148	0.00779	0.00902	0.00533	0.00615	0.00492	0.00328	0.00246	0.00082	0.00410	0.00205	0.00164	0.00492
12	0.01075	0.00845	0.00901	0.00777	0.01009	0.00956	0.00614	0.18059	0.59909	0.05211	0.01417	0.01324	0.01049	0.00503	0.00383	0.00125	0.00322	0.00410	0.04507	0.00606
13	0.00553	0.00383	0.00481	0.00483	0.00505	0.00404	0.00312	0.00597	0.00580	0.00794	0.01170	0.03919	0.01281	0.58519	0.27984	0.00444	0.00574	0.00522	0.00226	0.00268
14	0.00666	0.00333	0.00500	0.00500	0.00500	0.00333	0.00333	0.00500	0.00500	0.00666	0.00666	0.01166	0.00666	0.01332	0.01499	0.88844	0.00333	0.00333	0.00167	0.00167
15	0.00715	0.00357	0.00357	0.00357	0.00447	0.00357	0.00268	0.00893	0.00804	0.01429	0.01251	0.01429	0.00983	0.00447	0.00268	0.00089	0.00179	0.00357	0.88654	0.00357
16	0.00479	0.00340	0.00442	0.00517	0.00540	0.00320	0.00341	0.00541	0.00724	0.00965	0.03935	0.73244	0.03746	0.11128	0.00658	0.00180	0.00238	0.01014	0.00343	0.00304
17	0.01126	0.07662	0.01032	0.00793	0.01045	0.01042	0.00641	0.23119	0.51798	0.05527	0.01310	0.01227	0.00971	0.00487	0.00377	0.00122	0.00344	0.00390	0.00374	0.00612
18	0.00880	0.00841	0.01432	0.27728	0.59294	0.00893	0.01143	0.01117	0.00841	0.01169	0.00709	0.00971	0.00578	0.00354	0.00381	0.00118	0.00472	0.00341	0.00184	0.00552
19	0.00483	0.00347	0.00443	0.00506	0.00539	0.00323	0.00338	0.00554	0.00754	0.01003	0.08950	0.63679	0.08672	0.10723	0.00648	0.00175	0.00234	0.00976	0.00348	0.00308
20	0.00472	0.00337	0.00449	0.00531	0.00557	0.00314	0.00356	0.00545	0.00755	0.01012	0.06978	0.81316	0.02600	0.01176	0.00487	0.00154	0.00220	0.01066	0.00360	0.00314
21	0.00868	0.34789	0.52601	0.00924	0.01398	0.01133	0.01122	0.01189	0.00798	0.01093	0.00628	0.00734	0.00488	0.00350	0.00319	0.00106	0.00506	0.00253	0.00163	0.00538
22	0.14183	0.01077	0.01358	0.01068	0.01350	0.15503	0.28613	0.07916	0.22303	0.01442	0.00922	0.01007	0.00700	0.00402	0.00380	0.00121	0.00496	0.00367	0.00267	0.00523
23	0.00453	0.00388	0.00388	0.00388	0.00518	0.00324	0.00291	0.00550	0.00874	0.01036	0.03884	0.03690	0.83978	0.00971	0.00453	0.00129	0.00194	0.00809	0.00356	0.00324
24	0.00900	0.00855	0.01311	0.01050	0.01313	0.00905	0.28533	0.01631	0.47026	0.01428	0.01382	0.01574	0.02888	0.00506	0.00424	0.00133	0.00422	0.06849	0.00320	0.00550
25	0.01025	0.86756	0.02009	0.00656	0.00984	0.01517	0.00656	0.01148	0.00779	0.00902	0.00533	0.00615	0.00492	0.00328	0.00246	0.00082	0.00410	0.00205	0.00164	0.00492
26	0.01354	0.01701	0.01045	0.00955	0.01141	0.77465	0.00718	0.01456	0.01045	0.00934	0.00631	0.00764	0.00535	0.00616	0.07881	0.00145	0.00721	0.00262	0.00198	0.00435
27	0.00548	0.00409	0.00606	0.00606	0.00672	0.00474	0.00467	0.00678	0.00613	0.00883	0.01036	0.01556	0.00980	0.07009	0.80901	0.00604	0.00995	0.00418	0.00207	0.00337
28	0.00462	0.00389	0.00400	0.00397	0.00523	0.00327	0.00298	0.00566	0.00894	0.01083	0.11351	0.03613	0.76482	0.00954	0.00453	0.00129	0.00193	0.00798	0.00362	0.00327
29	0.00835	0.00836	0.01192	0.01013	0.01024	0.01153	0.03216	0.00925	0.00596	0.00928	0.00525	0.00877	0.00523	0.02309	0.01248	0.00171	0.81699	0.00343	0.00170	0.00419
30	0.40018	0.01204	0.32151	0.00790	0.01164	0.00831	0.03648	0.01273	0.00786	0.13805	0.00746	0.00808	0.00527	0.00376	0.00314	0.00120	0.00414	0.00271	0.00243	0.00511
31	0.00905	0.01034	0.02262	0.01616	0.02004	0.00970	0.82741	0.01228	0.00905	0.01228	0.00776	0.01034	0.00582	0.00323	0.00452	0.00129	0.00646	0.00452	0.00194	0.00517
32	0.00795	0.00681	0.00795	0.00568	0.00909	0.00511	0.00454	0.00965	0.00795	0.01249	0.00681	0.00795	0.00568	0.00284	0.00284	0.00057	0.00284	0.00227	0.00227	0.88869
33	0.87293	0.00740	0.00571	0.00508	0.00747	0.00854	0.00419	0.01144	0.00662	0.03554	0.00556	0.00638	0.00427	0.00359	0.00241	0.00119	0.00297	0.00212	0.00243	0.00421
34	0.00453	0.00388	0.00388	0.00388	0.00518	0.00324	0.00291	0.00550	0.00874	0.01036	0.03884	0.03690	0.83978	0.00971	0.00453	0.00129	0.00194	0.00809	0.00356	0.00324
35	0.00531	0.00442	0.00618	0.00614	0.00688	0.00439	0.05654	0.00627	0.00774	0.01011	0.02347	0.48319	0.23724	0.01031	0.00548	0.00149	0.07992	0.03823	0.00328	0.00339
36	0.00852	0.00843	0.02348	0.44979	0.35316	0.04441	0.01087	0.01116	0.03238	0.01109	0.00719	0.00988	0.00568	0.00371	0.00380	0.00121	0.00491	0.00339	0.00186	0.00507
37	0.00905	0.01034	0.02262	0.01616	0.02004	0.00970	0.82741	0.01228	0.00905	0.01228	0.00776	0.01034	0.00582	0.00323	0.00452	0.00129	0.00646	0.00452	0.00194	0.00517
38	0.00531	0.00391	0.00496	0.00470	0.00566	0.00357	0.00353	0.00701	0.01058	0.01473	0.73596	0.02971	0.13993	0.00808	0.00452	0.00122	0.00183	0.00708	0.00414	0.00357
39	0.05406	0.01091	0.03267	0.03041	0.36911	0.16538	0.00915	0.13258	0.04153	0.08778	0.00813	0.00927	0.00628	0.00396	0.00386	0.00114	0.02231	0.00324	0.00253	0.00570
40	0.03423	0.14785	0.22084	0.01064	0.07803	0.27140	0.02978	0.03266	0.02030	0.02699	0.00650	0.00778	0.00523	0.00402	0.00428	0.00112	0.08858	0.00277	0.00193	0.00505
41	0.00467	0.00334	0.00445	0.00534	0.00556	0.00311	0.00356	0.00534	0.00734	0.00979	0.02113	0.86275	0.02536	0.01201	0.00489	0.00156	0.00222	0.01090	0.00356	0.00311
42	0.14688	0.00993	0.11127	0.13823	0.20057	0.00924	0.05960	0.19207	0.01038	0.03558	0.04482	0.00986	0.00700	0.00401	0.00365	0.00119	0.00441	0.00338	0.00251	0.00540
43	0.02711	0.18429	0.01717	0.01226	0.07159	0.25593	0.30390	0.04443	0.02672	0.01142	0.00687	0.00841	0.00552	0.00356	0.00367	0.00109	0.00577	0.00326	0.00201	0.00502
44	0.00493	0.00364	0.00464	0.00537	0.00578	0.00347	0.00365	0.00617	0.05268	0.01017	0.02205	0.75929	0.08087	0.01148	0.00481	0.00152	0.00225	0.01035	0.00358	0.00328
45	0.00634	0.00471	0.00534	0.00497	0.00623	0.00462	0.00379	0.04550	0.11326	0.01442	0.38743	0.02631	0.23663	0.00742	0.00418	0.00120	0.00210	0.00633	0.11526	0.00395
46	0.01092	0.01001	0.05116	0.02838	0.46591	0.03128	0.03651	0.22117	0.03183	0.04160	0.00848	0.03018	0.00680	0.00404	0.00385	0.00116	0.00451	0.00363	0.00256	0.00602
47	0.00781	0.00739	0.01252	0.64673	0.23129	0.00867	0.01093	0.01029	0.00793	0.01048	0.00691	0.01004	0.00535	0.00373	0.00382	0.00124	0.00497	0.00341	0.00175	0.00472
48	0.00513	0.07971	0.00545	0.00425	0.00565	0.00432	0.00332	0.00620	0.00883	0.01073	0.11516	0.05404	0.66608	0.00902	0.00436	0.00125	0.00213	0.00752	0.00346	0.00342
49	0.01003	0.79312	0.09256	0.00694	0.01043	0.01462	0.00723	0.01154	0.00782	0.00929	0.00547	0.00632	0.00491	0.00331	0.00256	0.00085	0.00424	0.00212	0.00164	0.00499
50	0.06872	0.00787	0.02860	0.04622	0.01000	0.06588	0.02749	0.14892	0.03132	0.10080	0.08907	0.07279	0.05695	0.00611	0.03395	0.00128	0.01320	0.00430	0.03433	0.15218
51	0.01999	0.36075	0.18793	0.00953	0.09186	0.04202	0.02477	0.06085	0.02295	0.04894	0.02710	0.00857	0.00637	0.01666	0.00360	0.00106	0.02084	0.00282	0.00210	0.04133
52	0.00467	0.00334	0.00445	0.00534	0.00556	0.00311	0.00356	0.00534	0.00734	0.00979	0.02113	0.86275	0.02536	0.01201	0.00489	0.00156	0.00222	0.01090	0.00356	0.00311
53	0.00735	0.00508	0.00645	0.00611	0.00722	0.02011	0.00468	0.04863	0.05877	0.09323	0.08080	0.12235	0.07844	0.05095	0.37711	0.00354	0.01674	0.00546	0.00300	0.00399
54	0.01184	0.11467	0.13154	0.07759	0.10775	0.13213	0.12983	0.06429	0.06115	0.08673	0.02437	0.01121	0.00779	0.00471	0.00432	0.00136	0.01627	0.00374	0.00276	0.00595
