[name]
unknown

[dist]
# distance from previous block
# <min> <max>
5	41

[block]
# block no. 0 follows, 59 sequences, length 16
# corresponding to MSA columns:
# 47-62
name=unknown_A
#
# <colnr> <probs for GDERKNQSTAVLIFYWHMCP>
#	G	D	E	R	K	N	Q	S	T	A	V	L	I	F	Y	W	H	M	C	P
0	0.06685	0.14031	0.09957	0.04198	0.12087	0.15231	0.09284	0.15517	0.02437	0.02850	0.00876	0.03310	0.00710	0.00463	0.00409	0.00128	0.00571	0.00375	0.00270	0.00611
1	0.00605	0.00449	0.00523	0.00519	0.00641	0.00394	0.00384	0.00746	0.01072	0.03951	0.29774	0.15827	0.41384	0.01068	0.00525	0.00150	0.00228	0.00921	0.00440	0.00397
2	0.02871	0.48733	0.05635	0.01036	0.08617	0.04560	0.03074	0.09598	0.04033	0.01354	0.00751	0.00858	0.00633	0.00414	0.00363	0.00110	0.02175	0.00296	0.00235	0.04656
3	0.02678	0.14655	0.13681	0.04058	0.06801	0.02496	0.07908	0.17928	0.11619	0.08241	0.02171	0.02585	0.00858	0.00487	0.00419	0.00132	0.00503	0.00402	0.00321	0.02058
4	0.03776	0.00871	0.05967	0.15013	0.26862	0.00861	0.02254	0.01098	0.02296	0.01308	0.05037	0.17002	0.04374	0.03076	0.00608	0.00159	0.08035	0.00596	0.00274	0.00531
5	0.00664	0.00464	0.00519	0.00514	0.00656	0.00398	0.00382	0.00779	0.01013	0.08622	0.07623	0.18478	0.56093	0.01104	0.00522	0.00153	0.00243	0.00940	0.00426	0.00407
6	0.03573	0.20278	0.14238	0.04230	0.06694	0.08818	0.07118	0.10930	0.04703	0.07208	0.01001	0.01100	0.03291	0.00478	0.00451	0.00130	0.04504	0.00369	0.00274	0.00612
7	0.02380	0.13056	0.35312	0.03921	0.04685	0.03829	0.08693	0.05021	0.01043	0.10777	0.03155	0.01139	0.02443	0.00465	0.00439	0.00134	0.02242	0.00378	0.00261	0.00625
8	0.00552	0.00420	0.00508	0.00546	0.00630	0.00376	0.00387	0.00670	0.00989	0.01292	0.20662	0.39409	0.29587	0.01188	0.00540	0.00160	0.00235	0.01046	0.00427	0.00376
9	0.01081	0.04048	0.39059	0.07750	0.07613	0.14594	0.08009	0.05933	0.02302	0.01399	0.00935	0.01087	0.03331	0.00453	0.00429	0.00135	0.00637	0.00371	0.00226	0.00610
10	0.07513	0.08790	0.14626	0.03991	0.15463	0.06345	0.08323	0.10343	0.03638	0.06079	0.03138	0.06223	0.00910	0.00514	0.00446	0.00136	0.02195	0.00432	0.00285	0.00611
11	0.00925	0.07396	0.28043	0.01243	0.09213	0.00924	0.12697	0.03491	0.03671	0.03919	0.01380	0.17459	0.05141	0.00687	0.01698	0.00154	0.00526	0.00580	0.00278	0.00575
12	0.00900	0.05023	0.01508	0.50854	0.12569	0.00998	0.10138	0.02686	0.00955	0.01251	0.03516	0.03357	0.03399	0.00486	0.00450	0.00143	0.00559	0.00451	0.00228	0.00528
13	0.03787	0.16732	0.10941	0.01056	0.06189	0.03696	0.06498	0.13771	0.07468	0.07585	0.04608	0.11753	0.01163	0.00600	0.00449	0.00136	0.02146	0.00497	0.00325	0.00601
14	0.02954	0.07050	0.13078	0.12720	0.07984	0.04278	0.11453	0.05929	0.04268	0.11947	0.01167	0.05102	0.03647	0.00568	0.01576	0.00149	0.04793	0.00453	0.00290	0.00596
15	0.00596	0.00484	0.00556	0.03250	0.00734	0.02752	0.00430	0.00725	0.02622	0.01208	0.09376	0.44406	0.26963	0.03064	0.00574	0.00169	0.00274	0.01034	0.00402	0.00382

[dist]
# distance from previous block
# <min> <max>
22	54

[block]
# block no. 1 follows, 59 sequences, length 19
# corresponding to MSA columns:
# 135-152,155
name=unknown_B
#
# <colnr> <probs for GDERKNQSTAVLIFYWHMCP>
#	G	D	E	R	K	N	Q	S	T	A	V	L	I	F	Y	W	H	M	C	P
0	0.05844	0.15529	0.10211	0.00868	0.02670	0.06068	0.00774	0.18784	0.01225	0.06556	0.04644	0.03051	0.10811	0.00608	0.01624	0.00132	0.01451	0.00436	0.00325	0.08389
1	0.04875	0.10568	0.07354	0.04951	0.10285	0.07699	0.04712	0.10107	0.08079	0.05590	0.02240	0.05212	0.04513	0.02492	0.02353	0.00151	0.02481	0.00446	0.01721	0.04170
2	0.03792	0.09720	0.10567	0.04415	0.06676	0.08644	0.03017	0.05340	0.04208	0.17287	0.08150	0.01568	0.07844	0.00616	0.01989	0.00143	0.02461	0.00452	0.01402	0.01710
3	0.08355	0.10743	0.15468	0.12388	0.06351	0.06225	0.05692	0.06454	0.03650	0.09034	0.06087	0.03905	0.00969	0.00510	0.00439	0.00136	0.02308	0.00414	0.00287	0.00585
4	0.04408	0.10820	0.01286	0.02046	0.05424	0.11510	0.00773	0.27699	0.08634	0.10498	0.05376	0.03194	0.01023	0.00544	0.00439	0.00130	0.02354	0.00415	0.02791	0.00637
5	0.00695	0.00576	0.02401	0.00665	0.00777	0.03516	0.01787	0.03325	0.02001	0.02903	0.12217	0.42057	0.13640	0.01261	0.06144	0.00197	0.00359	0.02055	0.01589	0.01834
6	0.03644	0.13312	0.13718	0.02093	0.03127	0.01020	0.03117	0.16278	0.02405	0.24204	0.05591	0.01433	0.02842	0.00536	0.00423	0.00132	0.00456	0.02893	0.00373	0.02403
7	0.04855	0.21311	0.17223	0.07897	0.01493	0.09984	0.04737	0.06706	0.05273	0.06334	0.03336	0.01191	0.04491	0.00493	0.00427	0.00129	0.02891	0.00376	0.00270	0.00584
8	0.00644	0.00455	0.00547	0.00552	0.00664	0.00413	0.00407	0.00807	0.02440	0.04583	0.28453	0.22363	0.28240	0.01058	0.00521	0.00152	0.00239	0.03143	0.03912	0.00407
9	0.03699	0.20491	0.23744	0.01061	0.03615	0.07020	0.06758	0.04938	0.01048	0.11126	0.05109	0.01180	0.02724	0.00544	0.02211	0.00141	0.03339	0.00377	0.00273	0.00601
10	0.04937	0.13431	0.13748	0.05523	0.13686	0.04269	0.07368	0.08723	0.03790	0.11301	0.00976	0.03091	0.00760	0.00470	0.00440	0.00131	0.02897	0.00386	0.00285	0.03786
11	0.00546	0.00393	0.00510	0.00596	0.00631	0.00365	0.00399	0.00627	0.00864	0.01147	0.06033	0.71776	0.07778	0.05296	0.00639	0.00188	0.00260	0.01186	0.00407	0.00358
12	0.04346	0.00776	0.06192	0.19199	0.14533	0.00714	0.02150	0.02236	0.00979	0.01314	0.05571	0.08667	0.30076	0.00766	0.00475	0.00146	0.00401	0.00661	0.00312	0.00485
13	0.02547	0.06409	0.28411	0.04324	0.04031	0.01007	0.04014	0.11702	0.05919	0.11358	0.01255	0.08642	0.03615	0.00581	0.00483	0.00143	0.04154	0.00472	0.00312	0.00622
14	0.02723	0.04451	0.18377	0.07680	0.32871	0.03488	0.10109	0.02971	0.06626	0.01449	0.02747	0.02816	0.00816	0.00450	0.00439	0.00137	0.00557	0.00416	0.00242	0.00636
15	0.00747	0.00645	0.00800	0.00767	0.00835	0.06318	0.00588	0.00872	0.00734	0.01011	0.01098	0.01728	0.01067	0.13910	0.55340	0.00562	0.11875	0.00472	0.00235	0.00397
16	0.79896	0.00861	0.00715	0.00685	0.04706	0.00977	0.00522	0.01293	0.00771	0.01934	0.00632	0.00744	0.00496	0.00406	0.00283	0.00133	0.00350	0.00247	0.00270	0.04079
17	0.01244	0.15686	0.09396	0.02436	0.06933	0.23812	0.06358	0.06880	0.04240	0.01345	0.00784	0.00926	0.00639	0.00443	0.00457	0.00119	0.06011	0.00326	0.00241	0.11723
18	0.00581	0.00497	0.03751	0.00628	0.00709	0.00424	0.00462	0.00742	0.04467	0.01226	0.08466	0.61403	0.12507	0.01242	0.00545	0.00170	0.00268	0.01112	0.00409	0.00392

[dist]
# distance from previous block
# <min> <max>
0	3

[block]
# block no. 2 follows, 59 sequences, length 35
# corresponding to MSA columns:
# 159-193
name=unknown_C
#
# <colnr> <probs for GDERKNQSTAVLIFYWHMCP>
#	G	D	E	R	K	N	Q	S	T	A	V	L	I	F	Y	W	H	M	C	P
0	0.01246	0.05317	0.11854	0.03896	0.08643	0.02948	0.13440	0.08789	0.03995	0.16965	0.02104	0.02771	0.00847	0.00460	0.00427	0.00125	0.00502	0.00409	0.00319	0.14942
1	0.00699	0.00503	0.00592	0.00563	0.00696	0.00468	0.00422	0.03855	0.03611	0.04938	0.34537	0.09315	0.29874	0.05369	0.00609	0.00162	0.00255	0.02664	0.00441	0.00425
2	0.00572	0.00420	0.00548	0.00645	0.03140	0.00394	0.00416	0.00656	0.00864	0.01148	0.07256	0.59547	0.09610	0.11685	0.00764	0.00204	0.00280	0.01096	0.00391	0.00363
3	0.01045	0.19416	0.04531	0.09729	0.10357	0.03958	0.03599	0.07711	0.07409	0.04561	0.09009	0.09012	0.06640	0.00618	0.00431	0.00133	0.00445	0.00520	0.00314	0.00563
4	0.02709	0.10040	0.19952	0.05401	0.08019	0.07396	0.21992	0.06093	0.01078	0.06068	0.04407	0.01151	0.00814	0.00506	0.02341	0.00148	0.00618	0.00407	0.00254	0.00606
5	0.00747	0.00470	0.00596	0.00620	0.00719	0.00435	0.00443	0.00904	0.04523	0.11187	0.10047	0.51832	0.13447	0.01164	0.00534	0.00165	0.00266	0.01035	0.00436	0.00430
6	0.02288	0.05658	0.29726	0.13165	0.24012	0.01075	0.06295	0.04903	0.02669	0.01426	0.00913	0.01113	0.02541	0.00441	0.00446	0.00138	0.01957	0.00383	0.00223	0.00628
7	0.05189	0.02555	0.10645	0.02368	0.07888	0.11890	0.10331	0.10664	0.13584	0.05375	0.04718	0.03183	0.01998	0.03941	0.00510	0.00147	0.00520	0.00445	0.00318	0.03731
8	0.00876	0.02229	0.02820	0.00944	0.04244	0.07695	0.10321	0.03823	0.02281	0.05432	0.01884	0.42528	0.05964	0.03625	0.00597	0.00168	0.02887	0.00863	0.00353	0.00466
9	0.00616	0.00484	0.03078	0.00594	0.00667	0.00430	0.00428	0.00716	0.00851	0.02654	0.09403	0.35483	0.11741	0.20207	0.10324	0.00287	0.00407	0.00904	0.00361	0.00366
10	0.01060	0.05008	0.18091	0.10807	0.13993	0.04209	0.05506	0.07760	0.04353	0.07098	0.05800	0.05974	0.05798	0.00568	0.00466	0.00140	0.01991	0.00486	0.00296	0.00596
11	0.02551	0.04875	0.24177	0.07713	0.11888	0.03657	0.19192	0.05896	0.07555	0.03162	0.01024	0.03323	0.02036	0.00466	0.00447	0.00140	0.00587	0.00432	0.00255	0.00621
12	0.00993	0.01049	0.05770	0.21882	0.34399	0.01018	0.18978	0.03138	0.01012	0.01390	0.02927	0.01279	0.03260	0.00440	0.00461	0.00140	0.00578	0.00445	0.00230	0.00607
13	0.00977	0.04822	0.18779	0.04309	0.07736	0.03623	0.17246	0.03529	0.05324	0.05059	0.04197	0.11563	0.05279	0.02117	0.00518	0.00151	0.01837	0.02075	0.00291	0.00567
14	0.01225	0.02418	0.15455	0.10593	0.08591	0.03262	0.07166	0.05956	0.06713	0.20463	0.07409	0.02695	0.02380	0.00539	0.00482	0.00141	0.03082	0.00459	0.00342	0.00628
15	0.02345	0.00698	0.02311	0.06263	0.11125	0.02797	0.01959	0.02375	0.04683	0.09070	0.08249	0.31048	0.04496	0.03774	0.00586	0.00165	0.03026	0.02240	0.02297	0.00493
16	0.01007	0.05786	0.18122	0.02536	0.12024	0.02139	0.12477	0.05544	0.13532	0.03198	0.04508	0.04424	0.07128	0.00574	0.00475	0.00142	0.02188	0.02028	0.01563	0.00604
17	0.03072	0.03093	0.07617	0.04956	0.13044	0.11064	0.04184	0.08627	0.04265	0.15970	0.01297	0.11588	0.02978	0.00617	0.00509	0.00142	0.05535	0.00507	0.00332	0.00601
18	0.05106	0.03182	0.15027	0.04871	0.01488	0.07444	0.13369	0.06281	0.11471	0.13728	0.05303	0.04546	0.02875	0.02741	0.00495	0.00148	0.00513	0.00476	0.00335	0.00603
19	0.00944	0.00871	0.04652	0.06928	0.12141	0.06467	0.07076	0.03035	0.04449	0.07042	0.09633	0.15779	0.12493	0.00769	0.00505	0.00148	0.02030	0.02733	0.01786	0.00520
20	0.02620	0.12388	0.22286	0.07774	0.10397	0.03978	0.08673	0.10501	0.02886	0.05828	0.02311	0.02850	0.03341	0.00488	0.00440	0.00135	0.01810	0.00408	0.00269	0.00617
21	0.00989	0.05107	0.08184	0.06533	0.09040	0.04601	0.04999	0.01215	0.02791	0.12544	0.10881	0.13122	0.07120	0.05801	0.03756	0.00182	0.00461	0.01806	0.00341	0.00524
22	0.00724	0.00493	0.00721	0.04141	0.00883	0.00468	0.05020	0.00845	0.00915	0.08799	0.05573	0.54790	0.07229	0.03031	0.03992	0.00196	0.00348	0.01017	0.00396	0.00418
23	0.02906	0.12203	0.17967	0.09049	0.10980	0.04359	0.07655	0.04536	0.04104	0.01432	0.10659	0.06163	0.02379	0.00553	0.00447	0.00136	0.01707	0.00473	0.01724	0.00567
24	0.03825	0.13519	0.12021	0.05755	0.16011	0.06313	0.08314	0.07054	0.05412	0.07453	0.01059	0.05325	0.02315	0.00508	0.00455	0.00135	0.03213	0.00425	0.00277	0.00612
25	0.07108	0.00562	0.00682	0.00633	0.00783	0.00555	0.00478	0.05324	0.01003	0.15871	0.09696	0.17645	0.11764	0.07686	0.13003	0.01633	0.00440	0.00692	0.03975	0.00464
26	0.01193	0.09368	0.21708	0.05665	0.10233	0.10636	0.16050	0.03009	0.01062	0.11580	0.02813	0.02960	0.00806	0.00460	0.00436	0.00134	0.00595	0.00408	0.00265	0.00616
27	0.02620	0.11684	0.05477	0.06730	0.08114	0.05664	0.11333	0.11387	0.07560	0.05064	0.03763	0.08587	0.02952	0.00568	0.00450	0.00135	0.01780	0.00489	0.03571	0.02071
28	0.00688	0.04091	0.08925	0.02875	0.02493	0.00579	0.03314	0.00893	0.02943	0.02989	0.12732	0.17364	0.33629	0.02315	0.00532	0.00155	0.00327	0.02338	0.00374	0.00444
29	0.00872	0.04778	0.19977	0.00965	0.04249	0.03628	0.03971	0.05838	0.04139	0.02529	0.06521	0.19517	0.10401	0.00863	0.02995	0.00166	0.04046	0.02292	0.00320	0.01932
30	0.03880	0.19791	0.09292	0.02408	0.04073	0.12870	0.08962	0.08805	0.10001	0.05125	0.03168	0.02828	0.04283	0.00513	0.00430	0.00129	0.02149	0.00409	0.00292	0.00593
31	0.02191	0.06383	0.22700	0.06437	0.13800	0.04698	0.15075	0.06419	0.02373	0.08945	0.02638	0.02384	0.00790	0.00452	0.00437	0.00135	0.00573	0.00407	0.00267	0.02898
32	0.00598	0.03105	0.00666	0.00656	0.00741	0.00458	0.03720	0.00726	0.02200	0.01196	0.05931	0.56086	0.15761	0.01225	0.00545	0.00170	0.00285	0.05143	0.00399	0.00388
33	0.05110	0.09888	0.07599	0.02271	0.07322	0.14522	0.02452	0.13040	0.06043	0.07818	0.01428	0.04043	0.09790	0.03263	0.00477	0.00140	0.00488	0.00456	0.03273	0.00577
34	0.06344	0.06655	0.11006	0.06016	0.05316	0.07523	0.12449	0.13261	0.06235	0.09980	0.02887	0.02651	0.02180	0.00509	0.00451	0.00136	0.02011	0.01654	0.00314	0.02425

[dist]
# distance from previous block
# <min> <max>
40	89

[block]
# block no. 3 follows, 59 sequences, length 14
# corresponding to MSA columns:
# 289-302
name=unknown_D
#
# <colnr> <probs for GDERKNQSTAVLIFYWHMCP>
#	G	D	E	R	K	N	Q	S	T	A	V	L	I	F	Y	W	H	M	C	P
0	0.00695	0.00474	0.00593	0.00647	0.03275	0.00457	0.00416	0.03417	0.00859	0.04789	0.02146	0.38616	0.10215	0.28118	0.03021	0.00264	0.00352	0.00912	0.00361	0.00374
1	0.01072	0.04635	0.19939	0.05908	0.15392	0.08051	0.05803	0.07358	0.09463	0.03593	0.09676	0.01466	0.04661	0.00527	0.00443	0.00136	0.00520	0.00450	0.00296	0.00610
2	0.02122	0.02782	0.09354	0.01199	0.11166	0.02721	0.09150	0.15703	0.10978	0.03334	0.04610	0.11585	0.05771	0.03490	0.00566	0.00155	0.03818	0.00567	0.00337	0.00590
3	0.03514	0.03467	0.16158	0.02134	0.05361	0.04380	0.03411	0.04955	0.05926	0.04995	0.05829	0.17273	0.13268	0.03771	0.02321	0.00169	0.01564	0.00651	0.00332	0.00519
4	0.00759	0.00697	0.03528	0.08375	0.05656	0.04691	0.05855	0.03563	0.00958	0.02465	0.04325	0.51090	0.04198	0.01035	0.00521	0.00163	0.00381	0.00938	0.00357	0.00444
5	0.03304	0.00821	0.05456	0.03037	0.09161	0.03198	0.05210	0.08752	0.03327	0.04024	0.01778	0.36040	0.06224	0.02871	0.00585	0.00165	0.04410	0.00791	0.00348	0.00499
6	0.03916	0.07361	0.29695	0.03185	0.08878	0.12910	0.02789	0.03528	0.02321	0.02880	0.04792	0.02467	0.09824	0.00549	0.00457	0.00135	0.03048	0.00432	0.00259	0.00574
7	0.05196	0.01060	0.05728	0.06419	0.06090	0.06005	0.04379	0.25890	0.03139	0.09927	0.05713	0.01599	0.08807	0.03371	0.00524	0.00147	0.02208	0.00473	0.02722	0.00605
8	0.05313	0.13471	0.01522	0.08263	0.27316	0.14637	0.03603	0.03360	0.01007	0.01301	0.01041	0.04941	0.05308	0.00575	0.02159	0.00143	0.04812	0.00420	0.00241	0.00568
9	0.00804	0.00443	0.00609	0.00598	0.00630	0.00458	0.00411	0.00782	0.08761	0.00929	0.00912	0.01392	0.00848	0.01379	0.01512	0.73121	0.00370	0.00397	0.05388	0.00256
10	0.00916	0.41534	0.08749	0.00839	0.04692	0.01135	0.00741	0.01083	0.00905	0.01148	0.03731	0.23519	0.03461	0.00781	0.02235	0.00143	0.00432	0.03178	0.00272	0.00506
11	0.03429	0.07758	0.04850	0.01056	0.06762	0.05988	0.03225	0.25395	0.19586	0.07811	0.01416	0.04132	0.05501	0.00570	0.00434	0.00136	0.00456	0.00460	0.00378	0.00657
12	0.05121	0.04699	0.13169	0.01187	0.09586	0.11430	0.08440	0.12857	0.03191	0.07055	0.01113	0.01205	0.05155	0.00510	0.01550	0.00132	0.00534	0.00388	0.00294	0.12386
13	0.03360	0.10533	0.11133	0.02686	0.18053	0.03428	0.09672	0.05987	0.05030	0.03664	0.00994	0.03811	0.01950	0.00568	0.01920	0.00148	0.10329	0.02054	0.00259	0.04422

[dist]
# distance from previous block
# <min> <max>
3	24

[block]
# block no. 4 follows, 59 sequences, length 14
# corresponding to MSA columns:
# 327-340
name=unknown_E
#
# <colnr> <probs for GDERKNQSTAVLIFYWHMCP>
#	G	D	E	R	K	N	Q	S	T	A	V	L	I	F	Y	W	H	M	C	P
0	0.01185	0.09917	0.14853	0.02851	0.07174	0.03718	0.04932	0.15798	0.08747	0.07835	0.01143	0.08717	0.00957	0.00567	0.00488	0.00137	0.05289	0.00458	0.01630	0.03603
1	0.00610	0.00441	0.00539	0.00582	0.00667	0.00406	0.00416	0.00747	0.02940	0.03496	0.11115	0.42540	0.24183	0.04100	0.00603	0.00175	0.00262	0.05372	0.00418	0.00388
2	0.02278	0.00917	0.01171	0.30521	0.10539	0.07854	0.00926	0.09513	0.05001	0.04202	0.05420	0.08192	0.02890	0.01757	0.00503	0.00145	0.03093	0.00494	0.01700	0.02884
3	0.01140	0.09292	0.21644	0.06277	0.15731	0.03893	0.07075	0.10572	0.07593	0.06162	0.03766	0.03041	0.00889	0.00483	0.00431	0.00135	0.00537	0.00413	0.00284	0.00640
4	0.04489	0.03323	0.03408	0.02278	0.07841	0.03897	0.09558	0.06147	0.08158	0.09344	0.01608	0.20572	0.04053	0.00880	0.04332	0.00177	0.01556	0.05143	0.02692	0.00541
5	0.01148	0.00804	0.00901	0.00767	0.00958	0.00853	0.00585	0.35311	0.03077	0.05525	0.06791	0.11893	0.03724	0.22113	0.00930	0.00217	0.00408	0.03059	0.00399	0.00537
6	0.05970	0.03712	0.04149	0.02929	0.04331	0.08143	0.05534	0.33481	0.13077	0.05063	0.03831	0.01190	0.00906	0.00530	0.00488	0.00138	0.05098	0.00409	0.00364	0.00656
7	0.01121	0.10283	0.11587	0.09097	0.10426	0.10641	0.09424	0.07299	0.04326	0.05513	0.01160	0.09151	0.03515	0.00596	0.01456	0.00145	0.02925	0.00477	0.00278	0.00580
8	0.00536	0.00392	0.00505	0.00595	0.00635	0.00360	0.00401	0.00617	0.00864	0.01135	0.02673	0.74823	0.12134	0.01353	0.00559	0.00176	0.00252	0.01218	0.00410	0.00360
9	0.00592	0.00441	0.00560	0.00575	0.00647	0.00440	0.00410	0.00700	0.00844	0.01128	0.10864	0.17443	0.19194	0.18080	0.25669	0.00377	0.00557	0.00781	0.00338	0.00361
10	0.01042	0.09827	0.07376	0.12164	0.11717	0.08220	0.14083	0.05950	0.04984	0.01390	0.04327	0.04180	0.04753	0.00592	0.02342	0.00150	0.03668	0.00463	0.02207	0.00564
11	0.00557	0.00399	0.00507	0.00583	0.00628	0.00372	0.00395	0.00645	0.00867	0.01160	0.04809	0.64051	0.11732	0.04764	0.02701	0.00195	0.00280	0.01127	0.03865	0.00361
12	0.03148	0.03945	0.03488	0.01459	0.01844	0.08714	0.45043	0.15214	0.02907	0.05960	0.00947	0.01132	0.00705	0.00456	0.00509	0.02538	0.00647	0.00450	0.00282	0.00612
13	0.04322	0.02376	0.03537	0.01154	0.05677	0.06969	0.14914	0.26493	0.02532	0.12570	0.02874	0.05906	0.06380	0.00580	0.00471	0.00139	0.01609	0.00499	0.00367	0.00631

[dist]
# distance from previous block
# <min> <max>
5	26

[block]
# block no. 5 follows, 59 sequences, length 9
# corresponding to MSA columns:
# 391-398,400
name=unknown_F
#
# <colnr> <probs for GDERKNQSTAVLIFYWHMCP>
#	G	D	E	R	K	N	Q	S	T	A	V	L	I	F	Y	W	H	M	C	P
0	0.01150	0.06618	0.07826	0.00986	0.07474	0.07332	0.00785	0.14390	0.03339	0.03891	0.02394	0.03183	0.00807	0.00448	0.00404	0.00105	0.02126	0.00350	0.00294	0.36097
1	0.02495	0.20553	0.20398	0.06823	0.04538	0.07340	0.06151	0.06006	0.02379	0.02558	0.04284	0.01191	0.00847	0.04451	0.00506	0.00140	0.02264	0.01567	0.00245	0.05265
2	0.01093	0.02512	0.07387	0.09964	0.02795	0.03526	0.10428	0.10901	0.19327	0.05276	0.08875	0.01497	0.03233	0.00529	0.00443	0.00133	0.00463	0.00461	0.00343	0.10811
3	0.00625	0.00409	0.00554	0.00599	0.00637	0.00400	0.00416	0.00649	0.00783	0.01044	0.05273	0.35735	0.07564	0.07788	0.09125	0.22852	0.00397	0.04503	0.00329	0.00318
4	0.00824	0.00426	0.00632	0.04519	0.00721	0.00428	0.00435	0.00695	0.00654	0.05019	0.03984	0.01467	0.00934	0.03987	0.01568	0.72438	0.00387	0.00411	0.00224	0.00246
5	0.09888	0.01487	0.01132	0.00965	0.01244	0.41952	0.00753	0.09243	0.01286	0.26334	0.01039	0.01032	0.00740	0.00486	0.00405	0.00125	0.00594	0.00340	0.00351	0.00605
6	0.00630	0.00439	0.00521	0.00547	0.00575	0.00434	0.00347	0.00710	0.03264	0.01025	0.04909	0.23297	0.04473	0.51084	0.01568	0.00326	0.00367	0.04836	0.00329	0.00320
7	0.01065	0.26044	0.18132	0.01369	0.15911	0.03173	0.12548	0.05544	0.01045	0.01389	0.06560	0.01200	0.03250	0.00457	0.00408	0.00125	0.00540	0.00394	0.00241	0.00604
8	0.04243	0.00683	0.00770	0.02107	0.02753	0.00705	0.00535	0.18779	0.03784	0.08342	0.09988	0.08160	0.08735	0.00677	0.00419	0.00130	0.00311	0.00559	0.27793	0.00528

[dist]
# distance from previous block
# <min> <max>
0	1

[block]
# block no. 6 follows, 59 sequences, length 15
# corresponding to MSA columns:
# 402-416
name=unknown_G
#
# <colnr> <probs for GDERKNQSTAVLIFYWHMCP>
#	G	D	E	R	K	N	Q	S	T	A	V	L	I	F	Y	W	H	M	C	P
0	0.00564	0.00423	0.00527	0.00590	0.00665	0.00386	0.00429	0.00677	0.00946	0.01228	0.10233	0.45904	0.23602	0.01250	0.00555	0.00171	0.00262	0.10798	0.00417	0.00374
1	0.02786	0.00792	0.04887	0.00788	0.01040	0.00711	0.00647	0.11912	0.07238	0.34396	0.03939	0.25676	0.01649	0.00795	0.00477	0.00150	0.00362	0.00680	0.00462	0.00614
2	0.04316	0.03873	0.13894	0.02987	0.11000	0.24730	0.12565	0.06738	0.01098	0.01372	0.00948	0.01116	0.04591	0.00494	0.00525	0.00136	0.08419	0.00386	0.00240	0.00574
3	0.05029	0.03449	0.01124	0.00904	0.01211	0.35095	0.00705	0.09300	0.05099	0.01456	0.00808	0.00903	0.00653	0.00419	0.00371	0.00100	0.00545	0.00295	0.00273	0.32264
4	0.00627	0.00432	0.00486	0.00483	0.00508	0.00421	0.00286	0.00656	0.00729	0.00963	0.07704	0.03075	0.10881	0.68784	0.01923	0.00375	0.00389	0.00687	0.00300	0.00291
5	0.00987	0.00896	0.01338	0.09367	0.26812	0.04456	0.08395	0.01292	0.07540	0.05276	0.10661	0.04105	0.09662	0.02042	0.00554	0.00148	0.05050	0.00543	0.00308	0.00568
6	0.00761	0.00655	0.00737	0.00715	0.03081	0.03923	0.02793	0.03888	0.13635	0.01445	0.16965	0.10781	0.31375	0.05035	0.00591	0.00163	0.00314	0.02277	0.00406	0.00461
7	0.03031	0.00895	0.01469	0.45834	0.31929	0.01003	0.01221	0.03460	0.00975	0.04777	0.00847	0.01146	0.00653	0.00430	0.00436	0.00140	0.00547	0.00392	0.00228	0.00586
8	0.00642	0.00428	0.00482	0.00482	0.00482	0.00428	0.00268	0.00642	0.00642	0.00856	0.01392	0.02890	0.01606	0.84478	0.02248	0.00428	0.00428	0.00642	0.00268	0.00268
9	0.00994	0.06947	0.00972	0.00853	0.03863	0.22657	0.00643	0.01250	0.09555	0.01288	0.09527	0.03833	0.24837	0.00786	0.00506	0.00141	0.03739	0.06787	0.00341	0.00481
10	0.00633	0.00465	0.00671	0.00671	0.00736	0.00531	0.00503	0.00764	0.00698	0.00996	0.01219	0.01933	0.01190	0.17254	0.68905	0.00661	0.01053	0.00502	0.00242	0.00373
11	0.00943	0.00934	0.01306	0.01130	0.01131	0.01298	0.00936	0.01038	0.00686	0.01066	0.00682	0.05555	0.00709	0.00807	0.01401	0.00192	0.79070	0.00434	0.00205	0.00476
12	0.00638	0.00430	0.00497	0.00500	0.00505	0.00434	0.00289	0.00650	0.00653	0.00875	0.01411	0.05297	0.01615	0.76955	0.07145	0.00438	0.00469	0.00651	0.00270	0.00278
13	0.03575	0.09430	0.14207	0.03426	0.01372	0.29756	0.00946	0.05838	0.04947	0.02423	0.05648	0.01128	0.00870	0.00539	0.00559	0.00135	0.12743	0.01649	0.00258	0.00552
14	0.10916	0.11375	0.05068	0.01057	0.03526	0.25104	0.05396	0.15024	0.14128	0.02907	0.00949	0.01008	0.00733	0.00470	0.00396	0.00127	0.00559	0.00349	0.00303	0.00606

[dist]
# distance from previous block
# <min> <max>
2	12

[block]
# block no. 7 follows, 59 sequences, length 28
# corresponding to MSA columns:
# 429-456
name=unknown_H
#
# <colnr> <probs for GDERKNQSTAVLIFYWHMCP>
#	G	D	E	R	K	N	Q	S	T	A	V	L	I	F	Y	W	H	M	C	P
0	0.01345	0.20123	0.01632	0.01060	0.02496	0.07506	0.10645	0.31843	0.03964	0.02801	0.00971	0.01208	0.00798	0.05217	0.00563	0.00146	0.04198	0.02543	0.00318	0.00621
1	0.01182	0.03948	0.01604	0.12890	0.47285	0.02258	0.01176	0.17628	0.02901	0.01665	0.00917	0.01179	0.00744	0.00451	0.00437	0.00134	0.00521	0.02143	0.00270	0.00669
2	0.00766	0.00641	0.00738	0.00591	0.00867	0.00505	0.00461	0.00933	0.00960	0.01375	0.08670	0.04513	0.21861	0.03066	0.00464	0.00111	0.00294	0.02680	0.00327	0.50178
3	0.00911	0.02220	0.76260	0.01304	0.03421	0.02757	0.04272	0.01406	0.00944	0.01393	0.00794	0.00941	0.00566	0.00418	0.00423	0.00139	0.00656	0.00333	0.00189	0.00649
4	0.00786	0.00554	0.00669	0.00669	0.00746	0.03103	0.00487	0.02100	0.12217	0.01120	0.02438	0.13787	0.06837	0.04221	0.06857	0.35100	0.00422	0.07224	0.00306	0.00356
5	0.01194	0.00584	0.00801	0.00701	0.00877	0.00580	0.00548	0.01340	0.00938	0.33668	0.01440	0.01763	0.01154	0.11795	0.33323	0.00398	0.02044	0.00477	0.05851	0.00525
6	0.00598	0.00410	0.00495	0.00538	0.00549	0.00399	0.00328	0.00631	0.00728	0.00971	0.01833	0.37292	0.02162	0.49317	0.01535	0.00323	0.00355	0.00902	0.00328	0.00306
7	0.01330	0.06460	0.05045	0.08826	0.21489	0.25082	0.08563	0.08386	0.03146	0.06241	0.00873	0.01028	0.00679	0.00440	0.00425	0.00128	0.00617	0.00367	0.00261	0.00614
8	0.00638	0.00445	0.00566	0.00566	0.00595	0.00474	0.00373	0.00696	0.00667	0.00919	0.01314	0.02463	0.01420	0.54433	0.32039	0.00532	0.00708	0.00580	0.00256	0.00315
9	0.00563	0.00410	0.00517	0.00579	0.00631	0.00380	0.00398	0.00656	0.00898	0.01187	0.11346	0.52666	0.13728	0.09927	0.00730	0.00198	0.00270	0.04153	0.00403	0.00360
10	0.01090	0.12409	0.37293	0.01204	0.06173	0.16373	0.04081	0.03866	0.02836	0.01346	0.03650	0.03127	0.02470	0.00485	0.00429	0.00131	0.01832	0.00377	0.00232	0.00596
11	0.04137	0.09273	0.09989	0.05603	0.16404	0.13659	0.02040	0.06622	0.17144	0.04219	0.01074	0.03708	0.00865	0.00573	0.02684	0.00149	0.00542	0.00403	0.00293	0.00619
12	0.00640	0.00455	0.00628	0.00628	0.00677	0.00504	0.00450	0.00731	0.00682	0.00958	0.01236	0.02106	0.01259	0.30416	0.52573	0.04041	0.00899	0.00526	0.00245	0.00344
13	0.00554	0.00397	0.00522	0.00614	0.00648	0.00372	0.00418	0.00639	0.00861	0.01144	0.04511	0.71734	0.05038	0.05185	0.00642	0.00190	0.00270	0.05496	0.00405	0.00359
14	0.02391	0.15633	0.10253	0.03958	0.09360	0.04939	0.02954	0.22932	0.09675	0.05091	0.01076	0.01154	0.02926	0.00547	0.01841	0.00141	0.03786	0.00385	0.00314	0.00644
15	0.02284	0.15363	0.25268	0.01317	0.11414	0.10415	0.08530	0.06140	0.06163	0.03846	0.00913	0.03289	0.00732	0.00464	0.00431	0.00131	0.02054	0.00378	0.00249	0.00621
16	0.01483	0.04027	0.01298	0.01175	0.04777	0.58766	0.00874	0.04516	0.03872	0.01180	0.00738	0.00890	0.00622	0.00568	0.02512	0.00141	0.11479	0.00317	0.00237	0.00530
17	0.00647	0.00489	0.00580	0.00638	0.00701	0.03421	0.00451	0.00742	0.00906	0.03669	0.05177	0.58098	0.11512	0.03657	0.00619	0.00180	0.02131	0.05598	0.00401	0.00383
18	0.05681	0.05397	0.03771	0.00906	0.07565	0.00811	0.02000	0.09291	0.02692	0.04350	0.01330	0.03831	0.07062	0.10593	0.17645	0.00280	0.03902	0.00473	0.01221	0.11201
19	0.00920	0.04101	0.01259	0.04653	0.34932	0.00820	0.02141	0.03015	0.02314	0.04092	0.07075	0.16423	0.06688	0.00917	0.07398	0.00191	0.01579	0.00618	0.00304	0.00557
20	0.00799	0.00470	0.00557	0.00557	0.00664	0.00455	0.00409	0.02011	0.03087	0.08092	0.07766	0.23636	0.09631	0.05605	0.04302	0.00182	0.00304	0.02414	0.28634	0.00426
21	0.01913	0.03802	0.16839	0.03708	0.08745	0.13998	0.01716	0.02118	0.04211	0.01330	0.06885	0.03476	0.25573	0.00704	0.00457	0.00138	0.00466	0.02075	0.01330	0.00515
22	0.02260	0.09736	0.03004	0.02758	0.10802	0.12148	0.01864	0.11405	0.02190	0.05443	0.04280	0.17535	0.08401	0.04377	0.01709	0.00159	0.00463	0.00604	0.00330	0.00532
23	0.00688	0.00554	0.00668	0.00744	0.06879	0.02335	0.00506	0.00835	0.02043	0.04126	0.10748	0.21026	0.37642	0.01079	0.01545	0.00163	0.02884	0.04715	0.00395	0.00425
24	0.00619	0.00433	0.00500	0.00502	0.00537	0.00421	0.00312	0.00667	0.00772	0.01025	0.11011	0.07420	0.12153	0.56594	0.04929	0.00357	0.00398	0.00723	0.00317	0.00308
25	0.24336	0.09193	0.07158	0.02081	0.01189	0.06735	0.02952	0.09591	0.04449	0.04339	0.00822	0.00977	0.00659	0.00626	0.04108	0.00164	0.15137	0.00334	0.02459	0.02693
26	0.03487	0.49167	0.06650	0.00918	0.04142	0.07364	0.03926	0.03985	0.00981	0.03950	0.00979	0.06629	0.03967	0.00502	0.00371	0.00115	0.01693	0.00374	0.00241	0.00561
27	0.01114	0.02447	0.16289	0.00936	0.01268	0.04986	0.04031	0.11465	0.14544	0.07507	0.05599	0.01562	0.03989	0.03881	0.00543	0.00144	0.03671	0.02545	0.02646	0.10830

[dist]
# distance from previous block
# <min> <max>
2	8

[block]
# block no. 8 follows, 59 sequences, length 26
# corresponding to MSA columns:
# 476-501
name=unknown_I
#
# <colnr> <probs for GDERKNQSTAVLIFYWHMCP>
#	G	D	E	R	K	N	Q	S	T	A	V	L	I	F	Y	W	H	M	C	P
0	0.00982	0.06127	0.10280	0.00925	0.04020	0.03378	0.00780	0.09176	0.19207	0.01547	0.07482	0.06088	0.07181	0.04497	0.02247	0.00169	0.07776	0.03380	0.01567	0.03191
1	0.10264	0.07761	0.07493	0.04425	0.20219	0.14687	0.03937	0.05407	0.01036	0.04345	0.00851	0.04044	0.00717	0.00471	0.00452	0.00127	0.04888	0.00369	0.00253	0.08252
2	0.09212	0.01140	0.14266	0.21512	0.10983	0.04098	0.08838	0.04326	0.02039	0.04879	0.00957	0.05969	0.00785	0.00482	0.00424	0.00136	0.00529	0.00421	0.02009	0.06995
3	0.00714	0.00552	0.00634	0.00619	0.01664	0.00541	0.00447	0.07764	0.05296	0.01343	0.08346	0.13597	0.29638	0.15023	0.07673	0.00243	0.00381	0.02536	0.00376	0.02614
4	0.17091	0.00563	0.00608	0.00565	0.00711	0.00560	0.00421	0.02546	0.00989	0.08953	0.22757	0.05947	0.14161	0.16821	0.00794	0.00197	0.00306	0.02603	0.02978	0.00428
5	0.00982	0.03161	0.04088	0.01062	0.06068	0.01055	0.00829	0.04203	0.13002	0.04852	0.07950	0.10891	0.02647	0.00768	0.00891	0.00167	0.35992	0.00544	0.00311	0.00537
6	0.00933	0.02547	0.16905	0.02973	0.06653	0.00911	0.09081	0.09728	0.08093	0.01424	0.01106	0.01526	0.00953	0.08570	0.22418	0.00319	0.02799	0.02244	0.00269	0.00548
7	0.01012	0.01702	0.37763	0.01397	0.03648	0.10284	0.26404	0.01381	0.00990	0.01347	0.00877	0.03154	0.00687	0.00477	0.00498	0.03369	0.00659	0.00414	0.03349	0.00586
8	0.00624	0.00449	0.00522	0.00520	0.00574	0.00439	0.00339	0.00721	0.02897	0.01098	0.13511	0.07292	0.16028	0.45835	0.07014	0.00337	0.00401	0.00732	0.00334	0.00332
9	0.00534	0.00444	0.00468	0.00479	0.00613	0.00378	0.00358	0.00650	0.01003	0.01216	0.07511	0.11352	0.68718	0.01136	0.00528	0.00153	0.00232	0.03440	0.00413	0.00375
10	0.01273	0.05736	0.01144	0.00995	0.03544	0.29380	0.00754	0.08435	0.29218	0.01520	0.01476	0.04137	0.06400	0.00608	0.00436	0.00135	0.00519	0.03357	0.00346	0.00588
11	0.03362	0.00909	0.01112	0.02262	0.01158	0.02035	0.00759	0.18200	0.09767	0.20813	0.01188	0.01283	0.00891	0.00844	0.07982	0.00201	0.21759	0.00419	0.04440	0.00616
12	0.00787	0.00507	0.00626	0.00622	0.00748	0.00476	0.00460	0.01009	0.07756	0.11580	0.17621	0.33341	0.18343	0.01063	0.00524	0.00159	0.00268	0.03212	0.00445	0.00452
13	0.00537	0.00387	0.00510	0.00608	0.00639	0.00359	0.00407	0.00616	0.00852	0.01130	0.02519	0.80857	0.06199	0.01373	0.00562	0.00178	0.00255	0.01242	0.00410	0.00359
14	0.02560	0.04709	0.08923	0.01122	0.08106	0.12717	0.11940	0.02727	0.04291	0.06777	0.16178	0.01939	0.12165	0.00630	0.00485	0.00138	0.02356	0.01366	0.00328	0.00545
15	0.00916	0.00785	0.00916	0.00654	0.01047	0.00589	0.00523	0.01112	0.00916	0.01439	0.00785	0.00916	0.00654	0.00327	0.00327	0.00065	0.00327	0.00262	0.00262	0.87178
16	0.00612	0.00444	0.00545	0.00556	0.00660	0.00399	0.00410	0.00757	0.01066	0.03506	0.33193	0.23956	0.26682	0.01093	0.00534	0.00155	0.00238	0.04357	0.00443	0.00397
17	0.00912	0.00879	0.01419	0.64309	0.19221	0.03440	0.01242	0.01194	0.00919	0.01192	0.00791	0.01149	0.00611	0.00432	0.00439	0.00143	0.00582	0.00389	0.00202	0.00534
18	0.01098	0.14100	0.28140	0.04254	0.05211	0.07507	0.10058	0.10337	0.02353	0.02777	0.01033	0.05506	0.03337	0.00507	0.00442	0.00134	0.01927	0.00420	0.00254	0.00605
19	0.01073	0.01030	0.01750	0.07946	0.74348	0.01053	0.01336	0.01333	0.00989	0.01412	0.00821	0.01095	0.00689	0.00407	0.00466	0.00134	0.02830	0.00393	0.00216	0.00680
20	0.00592	0.00440	0.00535	0.00553	0.00640	0.00404	0.00402	0.00721	0.01004	0.01328	0.27472	0.19050	0.24113	0.12249	0.00769	0.00194	0.00270	0.08475	0.00414	0.00373
21	0.01100	0.03781	0.09093	0.04180	0.10200	0.19073	0.08154	0.04947	0.07563	0.03411	0.05826	0.07697	0.07041	0.05328	0.00554	0.00153	0.00534	0.00520	0.00299	0.00546
22	0.02700	0.01072	0.01488	0.05029	0.23406	0.07177	0.11689	0.16365	0.04776	0.08705	0.04380	0.03598	0.01811	0.02540	0.00529	0.00146	0.03176	0.00462	0.00320	0.00631
23	0.00953	0.06000	0.06399	0.00804	0.01029	0.02015	0.00698	0.07688	0.22275	0.03586	0.05793	0.02655	0.10282	0.02563	0.03143	0.00177	0.00411	0.18989	0.03997	0.00542
24	0.00621	0.00475	0.02443	0.00607	0.00703	0.00407	0.00456	0.00741	0.00950	0.04429	0.08690	0.45845	0.22849	0.01211	0.00546	0.00168	0.00271	0.07778	0.00416	0.00393
25	0.11393	0.04142	0.09369	0.04850	0.09504	0.06934	0.02665	0.10751	0.09360	0.01602	0.04856	0.05801	0.03695	0.03267	0.00530	0.00152	0.03932	0.04587	0.02049	0.00559

[dist]
# distance from previous block
# <min> <max>
1	41

[block]
# block no. 9 follows, 59 sequences, length 28
# corresponding to MSA columns:
# 543-570
name=unknown_J
#
# <colnr> <probs for GDERKNQSTAVLIFYWHMCP>
#	G	D	E	R	K	N	Q	S	T	A	V	L	I	F	Y	W	H	M	C	P
0	0.04023	0.08451	0.08915	0.07266	0.17711	0.19436	0.10246	0.07519	0.04892	0.04319	0.00944	0.01088	0.02347	0.00450	0.00422	0.00130	0.00594	0.00378	0.00260	0.00607
1	0.02803	0.30303	0.01574	0.00968	0.03575	0.24608	0.00790	0.12073	0.02133	0.02771	0.00795	0.00945	0.00673	0.01854	0.05056	0.00154	0.05841	0.00316	0.02207	0.00561
2	0.20636	0.04405	0.05153	0.03002	0.02826	0.00784	0.03116	0.10048	0.01035	0.01617	0.09625	0.25765	0.06107	0.00794	0.00442	0.00146	0.00358	0.00672	0.00348	0.03120
3	0.02789	0.00974	0.03422	0.31722	0.25270	0.04415	0.04860	0.04463	0.00977	0.02745	0.02622	0.02088	0.00791	0.04887	0.00602	0.00158	0.05997	0.00421	0.00235	0.00561
4	0.00847	0.00775	0.04276	0.00775	0.00942	0.03737	0.00609	0.04749	0.28818	0.01476	0.02180	0.34236	0.08535	0.00967	0.00505	0.00162	0.00341	0.05144	0.00409	0.00516
5	0.00588	0.00407	0.00539	0.00626	0.00670	0.00380	0.00435	0.00680	0.00878	0.02973	0.04239	0.70273	0.04974	0.03030	0.00597	0.00184	0.00273	0.07471	0.00412	0.00371
6	0.01041	0.00787	0.00856	0.00732	0.00955	0.00816	0.00580	0.31021	0.07442	0.02955	0.12698	0.07238	0.27987	0.00838	0.00489	0.00144	0.00338	0.02097	0.00437	0.00551
7	0.00918	0.00848	0.01068	0.04837	0.01105	0.04530	0.00776	0.01146	0.08315	0.03358	0.09367	0.05731	0.09094	0.02689	0.01011	0.00177	0.42097	0.02156	0.00295	0.00482
8	0.00547	0.00388	0.00510	0.00604	0.00628	0.00364	0.00398	0.00617	0.00829	0.01106	0.02350	0.77613	0.02815	0.08105	0.00700	0.00199	0.00270	0.01206	0.00398	0.00351
9	0.00539	0.00446	0.00472	0.00469	0.00608	0.00379	0.00350	0.00665	0.01041	0.01283	0.16646	0.06084	0.67312	0.01091	0.00523	0.00148	0.00222	0.00919	0.00422	0.00379
10	0.01166	0.05283	0.01069	0.03176	0.05012	0.00992	0.00662	0.35165	0.06325	0.01821	0.01336	0.03469	0.04555	0.24085	0.03758	0.00236	0.00473	0.00507	0.00354	0.00557
11	0.00959	0.01771	0.44772	0.01542	0.02098	0.01069	0.38534	0.01406	0.00984	0.01406	0.00840	0.01054	0.00612	0.00397	0.00467	0.00144	0.00696	0.00418	0.00204	0.00626
12	0.00636	0.00492	0.00562	0.00578	0.00696	0.00464	0.00422	0.02009	0.08732	0.02577	0.10287	0.30885	0.36353	0.01123	0.00528	0.00159	0.00255	0.02403	0.00423	0.00416
13	0.00940	0.00752	0.01067	0.00927	0.04093	0.00756	0.13121	0.13590	0.07547	0.04113	0.07196	0.10975	0.11146	0.20703	0.00913	0.00214	0.00425	0.00668	0.00357	0.00495
14	0.01290	0.01088	0.04643	0.01122	0.12080	0.09612	0.02591	0.23118	0.06166	0.12138	0.01841	0.01834	0.18077	0.01808	0.00481	0.00140	0.00458	0.00515	0.00378	0.00620
15	0.00880	0.00730	0.00724	0.00674	0.00796	0.05867	0.00472	0.05397	0.24406	0.01305	0.01784	0.04841	0.09337	0.39411	0.01287	0.00276	0.00406	0.00612	0.00346	0.00448
16	0.01181	0.84744	0.02314	0.00756	0.01134	0.01748	0.00756	0.01323	0.00897	0.01039	0.00614	0.00708	0.00567	0.00378	0.00283	0.00094	0.00472	0.00236	0.00189	0.00567
17	0.01171	0.02958	0.12728	0.03953	0.19163	0.17040	0.29678	0.01472	0.01060	0.03788	0.00868	0.01125	0.00684	0.00422	0.00458	0.00137	0.00669	0.01789	0.00230	0.00607
18	0.01206	0.01160	0.10993	0.22305	0.03512	0.14735	0.00946	0.02419	0.04545	0.17522	0.01247	0.02992	0.04634	0.03349	0.04077	0.00173	0.02881	0.00435	0.00304	0.00564
19	0.00540	0.00402	0.00505	0.00585	0.00640	0.00366	0.00403	0.00628	0.00885	0.01147	0.02864	0.64817	0.19596	0.01322	0.00556	0.00174	0.00254	0.03542	0.00410	0.00363
20	0.00869	0.00690	0.00945	0.15463	0.12193	0.00720	0.00726	0.11060	0.02294	0.03114	0.09675	0.15692	0.16681	0.03142	0.00563	0.02296	0.00380	0.00686	0.02316	0.00494
21	0.01202	0.01326	0.08332	0.08446	0.30535	0.18293	0.03304	0.07240	0.04701	0.03266	0.02399	0.03760	0.00822	0.00492	0.00478	0.00135	0.03982	0.00409	0.00260	0.00616
22	0.02846	0.03816	0.08320	0.01566	0.26183	0.16957	0.05436	0.11682	0.08398	0.04057	0.02693	0.01232	0.03878	0.00485	0.00432	0.00131	0.00553	0.00406	0.00290	0.00635
23	0.00716	0.00577	0.00787	0.00740	0.00773	0.00703	0.00555	0.00805	0.00679	0.00976	0.01109	0.01946	0.01150	0.30540	0.35495	0.00488	0.20844	0.00510	0.00237	0.00372
24	0.07351	0.00865	0.01171	0.02421	0.22800	0.05198	0.02630	0.03076	0.00882	0.04313	0.01034	0.05352	0.00989	0.12861	0.11640	0.00263	0.14528	0.01854	0.00258	0.00513
25	0.00628	0.00461	0.00640	0.00640	0.00703	0.00512	0.00471	0.00745	0.00709	0.00993	0.01407	0.02152	0.05455	0.23173	0.58600	0.00611	0.00947	0.00539	0.00253	0.00362
26	0.01326	0.20619	0.01553	0.05764	0.01405	0.29904	0.06381	0.04406	0.05637	0.05464	0.00880	0.01108	0.00738	0.00545	0.01657	0.00137	0.08372	0.03293	0.00258	0.00553
27	0.40411	0.00812	0.00824	0.00649	0.00976	0.00778	0.03047	0.01182	0.00850	0.01673	0.00905	0.01010	0.04826	0.00408	0.00319	0.00105	0.00342	0.00295	0.00274	0.40318

[dist]
# distance from previous block
# <min> <max>
0	14

[block]
# block no. 10 follows, 59 sequences, length 7
# corresponding to MSA columns:
# 594-600
name=unknown_K
#
# <colnr> <probs for GDERKNQSTAVLIFYWHMCP>
#	G	D	E	R	K	N	Q	S	T	A	V	L	I	F	Y	W	H	M	C	P
0	0.70085	0.05036	0.00770	0.00623	0.00888	0.01005	0.00512	0.06895	0.00861	0.01923	0.00794	0.07497	0.00700	0.00496	0.00309	0.00138	0.00352	0.00333	0.00292	0.00493
1	0.00542	0.00395	0.00502	0.00585	0.00626	0.00365	0.00392	0.00619	0.00855	0.01120	0.02641	0.68937	0.13176	0.06202	0.00657	0.00190	0.00262	0.01177	0.00402	0.00355
2	0.00975	0.00660	0.00752	0.00676	0.00857	0.00676	0.00510	0.01479	0.27981	0.13751	0.16566	0.02575	0.16073	0.13599	0.00750	0.00188	0.00318	0.00644	0.00436	0.00532
3	0.16527	0.05683	0.01156	0.00876	0.01183	0.08888	0.00719	0.34066	0.03675	0.16040	0.01070	0.01092	0.00774	0.00671	0.05508	0.00166	0.00510	0.00366	0.00384	0.00647
4	0.00939	0.28071	0.01230	0.00738	0.00935	0.05373	0.00621	0.07417	0.01018	0.01285	0.01632	0.27728	0.03881	0.00865	0.00448	0.00144	0.00394	0.12620	0.04182	0.00477
5	0.00628	0.00453	0.00531	0.00541	0.00636	0.00416	0.00381	0.00766	0.03330	0.03913	0.16894	0.25126	0.29512	0.13899	0.00793	0.00198	0.00270	0.00922	0.00407	0.00383
6	0.05620	0.06195	0.00868	0.00672	0.00910	0.04071	0.00525	0.06029	0.06631	0.01431	0.03366	0.15832	0.13877	0.04045	0.00497	0.00135	0.00343	0.02234	0.00337	0.26381

[dist]
# distance from previous block
# <min> <max>
1	8

[block]
# block no. 11 follows, 59 sequences, length 19
# corresponding to MSA columns:
# 609-627
name=unknown_L
#
# <colnr> <probs for GDERKNQSTAVLIFYWHMCP>
#	G	D	E	R	K	N	Q	S	T	A	V	L	I	F	Y	W	H	M	C	P
0	0.01077	0.13016	0.16157	0.10226	0.07165	0.08031	0.05015	0.05338	0.03776	0.05565	0.02904	0.06888	0.02059	0.01880	0.00520	0.00143	0.05600	0.02706	0.00270	0.01665
1	0.04412	0.04965	0.03125	0.00676	0.00899	0.00651	0.02209	0.05899	0.02605	0.17960	0.21780	0.03803	0.22956	0.00928	0.05007	0.00171	0.00363	0.00651	0.00423	0.00517
2	0.00750	0.00442	0.00590	0.00599	0.00654	0.00427	0.00414	0.00794	0.02931	0.06498	0.13241	0.26389	0.02097	0.13068	0.01136	0.26327	0.00326	0.02632	0.00345	0.00340
3	0.01130	0.23777	0.27127	0.01198	0.09137	0.13107	0.03166	0.04853	0.05678	0.01346	0.02379	0.03573	0.00775	0.00464	0.00394	0.00125	0.00570	0.00359	0.00236	0.00606
4	0.01189	0.01108	0.01204	0.05039	0.23034	0.18903	0.00876	0.04864	0.11321	0.07813	0.06568	0.09030	0.03753	0.00674	0.02532	0.00151	0.00513	0.00512	0.00326	0.00587
5	0.00767	0.00384	0.00575	0.00575	0.00575	0.00384	0.00384	0.00575	0.00575	0.00767	0.00767	0.01343	0.00767	0.01534	0.01726	0.87150	0.00384	0.00384	0.00192	0.00192
6	0.00583	0.00460	0.00647	0.00672	0.00740	0.00439	0.04498	0.00690	0.00899	0.01193	0.07968	0.60800	0.13220	0.01242	0.00585	0.00172	0.03303	0.01112	0.00398	0.00381
7	0.01432	0.08594	0.08891	0.03344	0.04207	0.35811	0.09401	0.14428	0.04246	0.04296	0.00857	0.00963	0.00661	0.00455	0.00417	0.00125	0.00655	0.00348	0.00273	0.00598
8	0.00751	0.00643	0.00679	0.02976	0.00767	0.09125	0.00469	0.00824	0.00759	0.00971	0.01397	0.09454	0.03732	0.40146	0.21699	0.00418	0.03963	0.00608	0.00267	0.00351
9	0.00893	0.02145	0.73478	0.04022	0.01939	0.01039	0.04731	0.01379	0.00926	0.01379	0.00789	0.00952	0.00566	0.00431	0.00460	0.00142	0.03564	0.00338	0.00189	0.00639
10	0.00886	0.00797	0.02587	0.04630	0.12035	0.08061	0.00665	0.04046	0.05626	0.04628	0.16804	0.12076	0.19039	0.04480	0.01539	0.00163	0.00386	0.00694	0.00368	0.00491
11	0.04510	0.12971	0.28116	0.07300	0.06624	0.09423	0.08413	0.02959	0.06994	0.01366	0.00962	0.02526	0.02812	0.00473	0.00440	0.00135	0.02767	0.00381	0.00235	0.00594
12	0.00888	0.00625	0.00734	0.00690	0.00828	0.00639	0.00511	0.15517	0.07332	0.05536	0.11660	0.30134	0.08586	0.10027	0.02827	0.00200	0.00348	0.02026	0.00415	0.00477
13	0.01637	0.00900	0.01033	0.00830	0.01129	0.05253	0.00671	0.16027	0.11064	0.44040	0.09445	0.01639	0.03095	0.00593	0.00451	0.00137	0.00396	0.00479	0.00490	0.00691
14	0.01086	0.04792	0.01083	0.01031	0.08737	0.14211	0.02110	0.06321	0.20285	0.04110	0.06036	0.12622	0.06099	0.03148	0.00536	0.00153	0.02056	0.04670	0.00360	0.00555
15	0.04657	0.03027	0.02984	0.12690	0.30646	0.08069	0.02254	0.12701	0.03254	0.06428	0.03009	0.01138	0.00790	0.00478	0.00495	0.00137	0.05940	0.00392	0.00281	0.00630
