[name]
unknown

[dist]
# distance from previous block
# <min> <max>
0	34

[block]
# block no. 0 follows, 70 sequences, length 24
# corresponding to MSA columns:
# 34-57
name=unknown_A
#
# <colnr> <probs for GDERKNQSTAVLIFYWHMCP>
#	G	D	E	R	K	N	Q	S	T	A	V	L	I	F	Y	W	H	M	C	P
0	0.03023	0.01517	0.51192	0.07007	0.09456	0.00866	0.06109	0.03254	0.01895	0.04413	0.00850	0.01151	0.00670	0.00426	0.00387	0.00127	0.00524	0.06377	0.00206	0.00550
1	0.01871	0.12472	0.14035	0.11837	0.20197	0.08453	0.12463	0.08197	0.02519	0.01252	0.00717	0.00893	0.00565	0.00376	0.00392	0.00116	0.02576	0.00326	0.00204	0.00540
2	0.00959	0.56300	0.25773	0.02290	0.01261	0.01315	0.03773	0.02516	0.00818	0.01041	0.00602	0.00706	0.00502	0.00345	0.00295	0.00097	0.00471	0.00244	0.00170	0.00522
3	0.01166	0.00540	0.00698	0.00585	0.00798	0.00475	0.00470	0.01304	0.01003	0.45875	0.08814	0.02214	0.24708	0.00842	0.06737	0.00162	0.00334	0.02343	0.00418	0.00512
4	0.00697	0.02610	0.27674	0.07495	0.03643	0.04937	0.02738	0.00943	0.00870	0.01161	0.10910	0.10370	0.16641	0.00664	0.00434	0.00130	0.01833	0.05539	0.00266	0.00443
5	0.00909	0.04824	0.53066	0.07399	0.03127	0.00920	0.06511	0.04358	0.04719	0.07827	0.00808	0.00918	0.00578	0.00391	0.00391	0.00123	0.02035	0.00319	0.00211	0.00566
6	0.01464	0.00992	0.01097	0.00838	0.01149	0.01056	0.00691	0.64397	0.01639	0.14661	0.01003	0.00980	0.00698	0.00454	0.00381	0.00112	0.00402	0.00346	0.00390	0.07250
7	0.02087	0.00638	0.00770	0.00757	0.07007	0.02042	0.00537	0.14581	0.06582	0.10776	0.11325	0.05309	0.11407	0.10462	0.10796	0.00214	0.00414	0.03496	0.00339	0.00461
8	0.03057	0.00931	0.08882	0.00874	0.09030	0.03702	0.00684	0.10363	0.05173	0.03566	0.00793	0.01848	0.00636	0.00365	0.00355	0.00089	0.02799	0.00288	0.00252	0.46314
9	0.00604	0.03485	0.00638	0.00583	0.00654	0.00528	0.00434	0.00777	0.06796	0.00915	0.01110	0.01757	0.01087	0.25029	0.53299	0.00501	0.00784	0.00450	0.00227	0.00342
10	0.00480	0.00342	0.00455	0.00542	0.00566	0.00321	0.00365	0.00549	0.00742	0.00988	0.02105	0.80848	0.02517	0.03879	0.00542	0.00165	0.00234	0.03691	0.00356	0.00314
11	0.35886	0.00793	0.06990	0.00642	0.00918	0.00730	0.00564	0.04514	0.03453	0.32331	0.08621	0.01145	0.00956	0.00454	0.00336	0.00121	0.00326	0.00340	0.00351	0.00530
12	0.01471	0.01158	0.01157	0.00902	0.01202	0.09153	0.00738	0.74952	0.01754	0.02301	0.00899	0.00909	0.00644	0.00459	0.00384	0.00115	0.00453	0.00340	0.00370	0.00639
13	0.01092	0.75686	0.01921	0.00693	0.01021	0.01492	0.00673	0.11570	0.00920	0.01108	0.00589	0.00661	0.00518	0.00349	0.00267	0.00087	0.00416	0.00225	0.00194	0.00518
14	0.00778	0.02005	0.84367	0.01105	0.01678	0.00900	0.01432	0.01228	0.00818	0.01228	0.00696	0.00818	0.00491	0.00368	0.00368	0.00123	0.00573	0.00286	0.00164	0.00573
15	0.10868	0.06702	0.01476	0.05807	0.51571	0.02573	0.07203	0.03253	0.04560	0.01320	0.00738	0.00926	0.00602	0.00359	0.00364	0.00116	0.00454	0.00332	0.00209	0.00567
16	0.12124	0.00979	0.01016	0.00801	0.01087	0.04709	0.00656	0.50794	0.04168	0.15603	0.03571	0.01026	0.00783	0.00464	0.00371	0.00117	0.00396	0.00348	0.00378	0.00610
17	0.01441	0.01052	0.01082	0.00902	0.04222	0.11183	0.00703	0.50224	0.01515	0.16916	0.03097	0.04037	0.00835	0.00490	0.00389	0.00117	0.00430	0.00380	0.00374	0.00613
18	0.01053	0.01062	0.02396	0.00817	0.01013	0.23518	0.00638	0.09448	0.35014	0.01401	0.04768	0.06657	0.01110	0.00765	0.08419	0.00169	0.00488	0.00428	0.00319	0.00518
19	0.00742	0.00573	0.00732	0.03356	0.03400	0.03186	0.04054	0.08586	0.03766	0.03825	0.01454	0.20316	0.04087	0.22321	0.12968	0.00268	0.00462	0.05230	0.00291	0.00383
20	0.00977	0.00945	0.01287	0.29527	0.33477	0.10184	0.01004	0.09139	0.00957	0.01255	0.00718	0.00941	0.00571	0.00373	0.00374	0.00114	0.00489	0.00326	0.00208	0.07134
21	0.01180	0.19301	0.16126	0.03855	0.01224	0.23616	0.00818	0.07465	0.03227	0.11938	0.03396	0.02057	0.00720	0.00456	0.01384	0.00115	0.02038	0.00311	0.00250	0.00522
22	0.01196	0.00785	0.05024	0.02031	0.10252	0.00694	0.05689	0.11593	0.01100	0.30800	0.11508	0.01566	0.01231	0.00514	0.00402	0.00119	0.00370	0.06461	0.00362	0.08303
23	0.03038	0.09178	0.21125	0.09839	0.03232	0.02870	0.04343	0.10876	0.06222	0.03989	0.11502	0.01312	0.04788	0.00538	0.02639	0.00131	0.00444	0.00390	0.00267	0.03279

[dist]
# distance from previous block
# <min> <max>
2	41

[block]
# block no. 1 follows, 70 sequences, length 48
# corresponding to MSA columns:
# 99-146
name=unknown_B
#
# <colnr> <probs for GDERKNQSTAVLIFYWHMCP>
#	G	D	E	R	K	N	Q	S	T	A	V	L	I	F	Y	W	H	M	C	P
0	0.04017	0.10246	0.06202	0.01138	0.10778	0.13919	0.14782	0.11105	0.06818	0.03319	0.04483	0.00991	0.00749	0.00412	0.00408	0.00113	0.04131	0.00344	0.00248	0.05798
1	0.02174	0.00914	0.07474	0.06309	0.15257	0.00882	0.17569	0.04175	0.08859	0.01278	0.06075	0.02458	0.02840	0.00530	0.02572	0.00139	0.12839	0.00408	0.00238	0.07009
2	0.03028	0.04279	0.01179	0.02912	0.16223	0.00764	0.10145	0.07593	0.02989	0.05058	0.05298	0.01067	0.01944	0.00381	0.00362	0.00096	0.01348	0.00337	0.01687	0.33312
3	0.04471	0.04528	0.23520	0.02101	0.08860	0.07307	0.15388	0.01329	0.12300	0.03291	0.02201	0.01022	0.01865	0.00396	0.00386	0.00116	0.01603	0.00347	0.00231	0.08737
4	0.00652	0.00513	0.00606	0.00556	0.00692	0.00512	0.00423	0.01046	0.20734	0.01517	0.53945	0.02526	0.09487	0.00722	0.00435	0.00122	0.00218	0.00627	0.00405	0.04260
5	0.00990	0.00894	0.01465	0.02034	0.66027	0.00874	0.03275	0.04282	0.00919	0.04490	0.00764	0.00957	0.00624	0.00348	0.00375	0.00109	0.00440	0.00337	0.00215	0.10581
6	0.00847	0.00744	0.00886	0.00750	0.08276	0.02409	0.00537	0.02841	0.00840	0.01283	0.00696	0.00818	0.00578	0.00299	0.00299	0.00065	0.00315	0.00243	0.00229	0.77044
7	0.00662	0.00344	0.00516	0.00516	0.00523	0.00351	0.00351	0.00523	0.00516	0.00695	0.00708	0.01211	0.00701	0.01494	0.09378	0.80408	0.00403	0.00344	0.00172	0.00185
8	0.00546	0.00396	0.00514	0.00485	0.00577	0.00365	0.00363	0.00726	0.01090	0.01538	0.81161	0.02923	0.06259	0.00799	0.00457	0.00122	0.00183	0.00705	0.00425	0.00365
9	0.00868	0.00881	0.01185	0.01017	0.01024	0.03920	0.00845	0.00953	0.00610	0.00934	0.00512	0.00843	0.00509	0.00669	0.01242	0.00167	0.82890	0.00336	0.00171	0.00425
10	0.00564	0.00376	0.00423	0.00423	0.00423	0.00376	0.00235	0.00564	0.00564	0.00752	0.01222	0.02537	0.01409	0.86375	0.01973	0.00376	0.00376	0.00564	0.00235	0.00235
11	0.00537	0.00395	0.00500	0.00476	0.00569	0.00361	0.00355	0.00705	0.01057	0.01470	0.71390	0.04265	0.13275	0.02353	0.00485	0.00128	0.00189	0.00719	0.00414	0.00358
12	0.01739	0.00660	0.00900	0.00690	0.00990	0.00570	0.00570	0.01889	0.01110	0.84226	0.01529	0.01320	0.00960	0.00480	0.00390	0.00120	0.00330	0.00390	0.00480	0.00660
13	0.89114	0.00750	0.00570	0.00510	0.00750	0.00870	0.00420	0.01140	0.00660	0.01739	0.00540	0.00630	0.00420	0.00360	0.00240	0.00120	0.00300	0.00210	0.00240	0.00420
14	0.89114	0.00750	0.00570	0.00510	0.00750	0.00870	0.00420	0.01140	0.00660	0.01739	0.00540	0.00630	0.00420	0.00360	0.00240	0.00120	0.00300	0.00210	0.00240	0.00420
15	0.00558	0.00406	0.00460	0.00457	0.00571	0.00357	0.00337	0.00683	0.02255	0.05797	0.16867	0.16847	0.49207	0.02817	0.00492	0.00138	0.00212	0.00809	0.00376	0.00353
16	0.89114	0.00750	0.00570	0.00510	0.00750	0.00870	0.00420	0.01140	0.00660	0.01739	0.00540	0.00630	0.00420	0.00360	0.00240	0.00120	0.00300	0.00210	0.00240	0.00420
17	0.89114	0.00750	0.00570	0.00510	0.00750	0.00870	0.00420	0.01140	0.00660	0.01739	0.00540	0.00630	0.00420	0.00360	0.00240	0.00120	0.00300	0.00210	0.00240	0.00420
18	0.00649	0.00474	0.00641	0.00714	0.00813	0.00484	0.00618	0.00897	0.07146	0.01205	0.03995	0.04115	0.02186	0.01023	0.00523	0.00174	0.00349	0.73257	0.00362	0.00377
19	0.01271	0.00593	0.00762	0.00633	0.00855	0.00553	0.00510	0.01546	0.10957	0.46969	0.18084	0.01790	0.01585	0.00570	0.00400	0.00122	0.00286	0.03812	0.08146	0.00556
20	0.89114	0.00750	0.00570	0.00510	0.00750	0.00870	0.00420	0.01140	0.00660	0.01739	0.00540	0.00630	0.00420	0.00360	0.00240	0.00120	0.00300	0.00210	0.00240	0.00420
21	0.01632	0.00649	0.00860	0.00667	0.00948	0.00577	0.00549	0.05180	0.01111	0.72989	0.01479	0.01315	0.00950	0.00477	0.00379	0.00117	0.00320	0.00385	0.08784	0.00632
22	0.00505	0.00395	0.00457	0.00441	0.00552	0.00347	0.00331	0.00646	0.00993	0.01307	0.44793	0.03303	0.42772	0.00885	0.00458	0.00126	0.00189	0.00758	0.00394	0.00347
23	0.00765	0.00434	0.00540	0.00494	0.00606	0.00398	0.00362	0.00892	0.00938	0.16088	0.35425	0.05428	0.11012	0.17746	0.00734	0.00172	0.00250	0.00620	0.06709	0.00386
24	0.00964	0.00833	0.00877	0.00789	0.01008	0.00964	0.00614	0.02060	0.83257	0.01622	0.01578	0.01446	0.01183	0.00526	0.00394	0.00131	0.00307	0.00438	0.00394	0.00614
25	0.00821	0.00456	0.00466	0.00431	0.00550	0.00471	0.00332	0.11607	0.00945	0.01576	0.01221	0.01378	0.00950	0.00453	0.00286	0.00094	0.00213	0.00360	0.76989	0.00400
26	0.00804	0.00689	0.00804	0.00574	0.00919	0.00517	0.00459	0.00976	0.00804	0.01263	0.00689	0.00804	0.00574	0.00287	0.00287	0.00057	0.00287	0.00230	0.00230	0.88745
27	0.00525	0.00359	0.00434	0.00473	0.00482	0.00350	0.00288	0.00554	0.00640	0.00853	0.01611	0.38116	0.01901	0.50126	0.01344	0.00283	0.00312	0.00793	0.00288	0.00269
28	0.01036	0.86609	0.02032	0.00663	0.00995	0.01534	0.00663	0.01161	0.00788	0.00912	0.00539	0.00622	0.00498	0.00332	0.00249	0.00083	0.00415	0.00207	0.00166	0.00498
29	0.00528	0.00380	0.00500	0.00502	0.00575	0.00352	0.00364	0.00680	0.01001	0.01401	0.61587	0.25499	0.03361	0.00907	0.00467	0.00132	0.00194	0.00810	0.00409	0.00352
30	0.00547	0.00396	0.00515	0.00486	0.00578	0.00365	0.00364	0.00728	0.01093	0.01543	0.81960	0.02915	0.05457	0.00797	0.00457	0.00122	0.00183	0.00704	0.00425	0.00365
31	0.00960	0.00921	0.01574	0.02380	0.83957	0.00921	0.01190	0.01190	0.00883	0.01267	0.00729	0.00960	0.00614	0.00345	0.00384	0.00115	0.00461	0.00345	0.00192	0.00614
32	0.00964	0.00833	0.00877	0.00789	0.01008	0.00964	0.00614	0.02060	0.83257	0.01622	0.01578	0.01446	0.01183	0.00526	0.00394	0.00131	0.00307	0.00438	0.00394	0.00614
33	0.00732	0.00689	0.01163	0.85444	0.02670	0.00861	0.01077	0.00991	0.00775	0.00991	0.00689	0.01034	0.00517	0.00388	0.00388	0.00129	0.00517	0.00345	0.00172	0.00431
34	0.00472	0.00337	0.00450	0.00540	0.00562	0.00315	0.00360	0.00540	0.00742	0.00990	0.02137	0.86122	0.02564	0.01215	0.00495	0.00157	0.00225	0.01102	0.00360	0.00315
35	0.00915	0.01046	0.02288	0.01634	0.02026	0.00980	0.82549	0.01242	0.00915	0.01242	0.00784	0.01046	0.00588	0.00327	0.00458	0.00131	0.00654	0.00458	0.00196	0.00523
36	0.01484	0.01070	0.01153	0.00884	0.01194	0.01178	0.00731	0.79603	0.01796	0.05543	0.00953	0.00946	0.00671	0.00466	0.00388	0.00116	0.00423	0.00351	0.00391	0.00659
37	0.01106	0.72928	0.01893	0.00700	0.01028	0.01481	0.00675	0.14199	0.00953	0.01157	0.00602	0.00671	0.00523	0.00353	0.00271	0.00088	0.00417	0.00230	0.00201	0.00523
38	0.06162	0.00521	0.03697	0.00537	0.00679	0.00458	0.00433	0.03292	0.01040	0.08455	0.54565	0.02576	0.09371	0.03979	0.00492	0.00133	0.00237	0.02575	0.00394	0.00402
39	0.00557	0.00403	0.00562	0.00562	0.00610	0.00452	0.00409	0.00653	0.00605	0.00855	0.01094	0.01831	0.01103	0.28270	0.59660	0.00548	0.00837	0.00460	0.00216	0.00312
40	0.00904	0.00895	0.01514	0.16598	0.18562	0.03497	0.22849	0.01139	0.02664	0.03670	0.00772	0.03799	0.00650	0.00463	0.00612	0.00136	0.20175	0.00399	0.00204	0.00499
41	0.04988	0.10102	0.04890	0.00919	0.05391	0.15241	0.02076	0.21016	0.15566	0.14497	0.01000	0.00996	0.00733	0.00436	0.00362	0.00114	0.00442	0.00332	0.00319	0.00580
42	0.00904	0.00569	0.00785	0.00690	0.00862	0.00553	0.06151	0.06110	0.06488	0.19180	0.12143	0.13769	0.11150	0.00966	0.08411	0.00182	0.00378	0.09877	0.00372	0.00460
43	0.00543	0.00406	0.00599	0.00608	0.00674	0.00462	0.00466	0.00673	0.00642	0.00913	0.01229	0.10646	0.03218	0.02678	0.73683	0.00561	0.00930	0.00499	0.00228	0.00342
44	0.01071	0.01095	0.01294	0.10642	0.37293	0.22237	0.02002	0.02571	0.03602	0.04300	0.00799	0.03349	0.00678	0.00432	0.00437	0.00119	0.05785	0.01545	0.00218	0.00530
45	0.01177	0.01012	0.04399	0.04552	0.16561	0.01062	0.05279	0.40697	0.12300	0.01843	0.00942	0.01045	0.00716	0.02448	0.00466	0.00128	0.04087	0.00368	0.00312	0.00605
46	0.03566	0.00920	0.01214	0.02714	0.17342	0.06757	0.10488	0.12024	0.18136	0.09360	0.03448	0.01326	0.03073	0.00486	0.00439	0.00126	0.04251	0.03464	0.00305	0.00560
47	0.02187	0.00771	0.00862	0.03898	0.01008	0.07382	0.00571	0.12052	0.02209	0.26840	0.10647	0.02812	0.02208	0.00537	0.01489	0.00115	0.00360	0.03925	0.00357	0.19770

[dist]
# distance from previous block
# <min> <max>
2	20

[block]
# block no. 2 follows, 70 sequences, length 57
# corresponding to MSA columns:
# 167-223
name=unknown_C
#
# <colnr> <probs for GDERKNQSTAVLIFYWHMCP>
#	G	D	E	R	K	N	Q	S	T	A	V	L	I	F	Y	W	H	M	C	P
0	0.02321	0.00689	0.03807	0.05116	0.08599	0.01854	0.00619	0.13183	0.05859	0.04022	0.08404	0.10288	0.18429	0.00797	0.03334	0.00148	0.00355	0.09149	0.00330	0.02698
1	0.02284	0.01901	0.03385	0.05823	0.15804	0.07014	0.26120	0.15653	0.04122	0.01397	0.02038	0.01143	0.00733	0.07144	0.03578	0.00159	0.00539	0.00397	0.00242	0.00525
2	0.21525	0.00647	0.00725	0.00604	0.00842	0.00636	0.00491	0.06652	0.03468	0.36254	0.06427	0.01725	0.14827	0.00572	0.00375	0.00124	0.00299	0.02896	0.00389	0.00521
3	0.17813	0.00548	0.00630	0.00573	0.00723	0.00555	0.00434	0.04520	0.02169	0.20840	0.02664	0.16307	0.04097	0.13483	0.05891	0.05036	0.00354	0.02612	0.00330	0.00420
4	0.04031	0.00828	0.01261	0.12914	0.01449	0.07288	0.25677	0.01158	0.10230	0.02742	0.07796	0.10262	0.04589	0.00572	0.00460	0.00133	0.03537	0.04342	0.00271	0.00460
5	0.00919	0.00875	0.01185	0.01004	0.01039	0.01189	0.00836	0.10223	0.00733	0.01105	0.00557	0.00858	0.00526	0.00654	0.01172	0.00164	0.75977	0.00340	0.00194	0.00451
6	0.00537	0.00371	0.00439	0.00454	0.00477	0.00359	0.00281	0.00580	0.00686	0.00919	0.12038	0.20361	0.06160	0.53078	0.01390	0.00285	0.00310	0.00708	0.00292	0.00273
7	0.00975	0.00820	0.01287	0.14571	0.43731	0.00852	0.02197	0.11307	0.00994	0.06049	0.02985	0.06468	0.00903	0.00476	0.00403	0.00124	0.00434	0.04615	0.00254	0.00555
8	0.00861	0.03452	0.73400	0.01073	0.01611	0.00946	0.01339	0.10483	0.00932	0.01360	0.00720	0.00828	0.00510	0.00379	0.00368	0.00121	0.00553	0.00292	0.00189	0.00581
9	0.00946	0.00816	0.00868	0.00765	0.00998	0.00913	0.00596	0.01937	0.73885	0.01581	0.01477	0.01373	0.01114	0.00499	0.00382	0.00123	0.00305	0.00415	0.00376	0.10631
10	0.21675	0.00462	0.00456	0.00447	0.00533	0.00485	0.00309	0.00771	0.00689	0.01186	0.05889	0.07894	0.04304	0.35903	0.01001	0.00224	0.00296	0.01549	0.15610	0.00319
11	0.41585	0.03245	0.00957	0.00831	0.06108	0.06101	0.04854	0.21273	0.04586	0.03248	0.00776	0.02314	0.00612	0.00419	0.00321	0.00119	0.00387	0.01472	0.00281	0.00510
12	0.00576	0.00415	0.00455	0.00433	0.00570	0.00353	0.00329	0.00693	0.00940	0.07730	0.17946	0.03391	0.62969	0.00908	0.00453	0.00128	0.00205	0.00763	0.00381	0.00360
13	0.00465	0.00365	0.00422	0.00467	0.00543	0.00321	0.00328	0.00548	0.00812	0.01018	0.03023	0.45338	0.42776	0.01099	0.00477	0.00144	0.00211	0.00962	0.00360	0.00321
14	0.32376	0.00854	0.00975	0.17043	0.11043	0.07077	0.03530	0.09141	0.01923	0.01437	0.00733	0.03358	0.00611	0.01954	0.03952	0.00148	0.02820	0.00324	0.00234	0.00467
15	0.10932	0.05983	0.04535	0.00961	0.03095	0.49500	0.03139	0.11737	0.04419	0.01277	0.00683	0.00768	0.00543	0.00400	0.00344	0.00107	0.00578	0.00273	0.00232	0.00493
16	0.00530	0.00392	0.00497	0.00498	0.00586	0.00359	0.00375	0.00683	0.00997	0.01362	0.52902	0.14720	0.16249	0.00904	0.00469	0.00133	0.00205	0.07386	0.00401	0.00352
17	0.00563	0.00429	0.00644	0.02318	0.00738	0.00505	0.00503	0.00703	0.00626	0.00902	0.01022	0.01501	0.00952	0.02817	0.81651	0.00605	0.02554	0.00413	0.00206	0.00349
18	0.00866	0.00761	0.01221	0.31570	0.30539	0.00824	0.03324	0.03554	0.06051	0.04495	0.09467	0.01315	0.03447	0.00445	0.00398	0.00123	0.00434	0.00407	0.00244	0.00515
19	0.00969	0.00981	0.01263	0.02616	0.01282	0.14743	0.23852	0.08683	0.17774	0.01366	0.08866	0.06665	0.04582	0.00591	0.02622	0.00139	0.01734	0.00482	0.00292	0.00498
20	0.00778	0.02005	0.84367	0.01105	0.01678	0.00900	0.01432	0.01228	0.00818	0.01228	0.00696	0.00818	0.00491	0.00368	0.00368	0.00123	0.00573	0.00286	0.00164	0.00573
21	0.89114	0.00750	0.00570	0.00510	0.00750	0.00870	0.00420	0.01140	0.00660	0.01739	0.00540	0.00630	0.00420	0.00360	0.00240	0.00120	0.00300	0.00210	0.00240	0.00420
22	0.04639	0.00517	0.00581	0.00515	0.00625	0.00508	0.00355	0.07011	0.03750	0.04460	0.07515	0.02055	0.03452	0.47712	0.03317	0.00265	0.00358	0.00491	0.00279	0.11594
23	0.00811	0.00750	0.01176	0.72342	0.06499	0.02259	0.01043	0.06585	0.02709	0.01116	0.00726	0.01027	0.00546	0.00394	0.00387	0.00127	0.00506	0.00345	0.00193	0.00460
24	0.01606	0.00873	0.01032	0.00791	0.01096	0.00886	0.00653	0.42318	0.01467	0.43293	0.01230	0.01125	0.00809	0.00473	0.00389	0.00118	0.00378	0.00369	0.00434	0.00660
25	0.00472	0.00337	0.00450	0.00540	0.00562	0.00315	0.00360	0.00540	0.00742	0.00990	0.02137	0.86122	0.02564	0.01215	0.00495	0.00157	0.00225	0.01102	0.00360	0.00315
26	0.00564	0.00376	0.00423	0.00423	0.00423	0.00376	0.00235	0.00564	0.00564	0.00752	0.01222	0.02537	0.01409	0.86375	0.01973	0.00376	0.00376	0.00564	0.00235	0.00235
27	0.00937	0.00898	0.01533	0.10537	0.75974	0.00915	0.01179	0.01170	0.00872	0.01239	0.00725	0.00967	0.00605	0.00350	0.00384	0.00117	0.00466	0.00345	0.00190	0.00596
28	0.89114	0.00750	0.00570	0.00510	0.00750	0.00870	0.00420	0.01140	0.00660	0.01739	0.00540	0.00630	0.00420	0.00360	0.00240	0.00120	0.00300	0.00210	0.00240	0.00420
29	0.00476	0.00340	0.00454	0.00544	0.00568	0.00318	0.00367	0.00547	0.00746	0.00994	0.02135	0.84038	0.02556	0.01211	0.00496	0.00158	0.00228	0.03148	0.00360	0.00316
30	0.86866	0.00741	0.00568	0.00509	0.00745	0.00857	0.00418	0.01129	0.00671	0.01735	0.02651	0.00687	0.00502	0.00371	0.00245	0.00120	0.00297	0.00222	0.00245	0.00418
31	0.00804	0.00689	0.00804	0.00574	0.00919	0.00517	0.00459	0.00976	0.00804	0.01263	0.00689	0.00804	0.00574	0.00287	0.00287	0.00057	0.00287	0.00230	0.00230	0.88745
32	0.11414	0.01691	0.01041	0.00939	0.01148	0.71725	0.00711	0.04947	0.01080	0.01102	0.00607	0.00701	0.00497	0.00398	0.00339	0.00103	0.00642	0.00249	0.00212	0.00455
33	0.00472	0.00337	0.00450	0.00540	0.00562	0.00315	0.00360	0.00540	0.00742	0.00990	0.02137	0.86122	0.02564	0.01215	0.00495	0.00157	0.00225	0.01102	0.00360	0.00315
34	0.00536	0.00396	0.00501	0.00474	0.00571	0.00360	0.00356	0.00707	0.01068	0.01484	0.72609	0.03012	0.14845	0.00819	0.00457	0.00123	0.00185	0.00717	0.00417	0.00360
35	0.89114	0.00750	0.00570	0.00510	0.00750	0.00870	0.00420	0.01140	0.00660	0.01739	0.00540	0.00630	0.00420	0.00360	0.00240	0.00120	0.00300	0.00210	0.00240	0.00420
36	0.00635	0.00466	0.00581	0.00530	0.00643	0.00452	0.00404	0.07132	0.04122	0.01626	0.74362	0.02691	0.03336	0.00758	0.00450	0.00122	0.00206	0.00664	0.00423	0.00398
37	0.00470	0.00393	0.00409	0.00405	0.00531	0.00332	0.00304	0.00579	0.00911	0.01112	0.14107	0.03624	0.73580	0.00958	0.00458	0.00130	0.00195	0.00803	0.00369	0.00332
38	0.00804	0.00689	0.00804	0.00574	0.00919	0.00517	0.00459	0.00976	0.00804	0.01263	0.00689	0.00804	0.00574	0.00287	0.00287	0.00057	0.00287	0.00230	0.00230	0.88745
39	0.01733	0.00670	0.00906	0.00695	0.00995	0.00585	0.00574	0.03870	0.01127	0.82220	0.01515	0.01310	0.00952	0.00479	0.00390	0.00120	0.00332	0.00389	0.00478	0.00660
40	0.00732	0.00689	0.01163	0.85444	0.02670	0.00861	0.01077	0.00991	0.00775	0.00991	0.00689	0.01034	0.00517	0.00388	0.00388	0.00129	0.00517	0.00345	0.00172	0.00431
41	0.01474	0.01086	0.01163	0.00892	0.01202	0.01202	0.00737	0.82664	0.01823	0.02443	0.00931	0.00931	0.00659	0.00465	0.00388	0.00116	0.00427	0.00349	0.00388	0.00659
42	0.00458	0.00393	0.00393	0.00393	0.00524	0.00327	0.00295	0.00556	0.00884	0.01047	0.03927	0.03731	0.83800	0.00982	0.00458	0.00131	0.00196	0.00818	0.00360	0.00327
43	0.01448	0.01848	0.01099	0.00999	0.01199	0.84819	0.00749	0.01548	0.01099	0.00949	0.00599	0.00699	0.00499	0.00400	0.00350	0.00100	0.00699	0.00250	0.00200	0.00449
44	0.00564	0.00376	0.00423	0.00423	0.00423	0.00376	0.00235	0.00564	0.00564	0.00752	0.01222	0.02537	0.01409	0.86375	0.01973	0.00376	0.00376	0.00564	0.00235	0.00235
45	0.00560	0.00374	0.00424	0.00427	0.00428	0.00373	0.00240	0.00563	0.00571	0.00761	0.01257	0.05814	0.01455	0.83036	0.01915	0.00367	0.00370	0.00585	0.00240	0.00238
46	0.00957	0.00825	0.00870	0.00783	0.01000	0.00953	0.00609	0.02036	0.81758	0.01621	0.03076	0.01473	0.01229	0.00531	0.00396	0.00131	0.00305	0.00443	0.00395	0.00609
47	0.00554	0.00415	0.00623	0.00623	0.00692	0.00485	0.00485	0.00692	0.00623	0.00900	0.01038	0.01523	0.00969	0.02908	0.84839	0.00623	0.01038	0.00415	0.00208	0.00346
48	0.89114	0.00750	0.00570	0.00510	0.00750	0.00870	0.00420	0.01140	0.00660	0.01739	0.00540	0.00630	0.00420	0.00360	0.00240	0.00120	0.00300	0.00210	0.00240	0.00420
49	0.00917	0.00617	0.00733	0.00666	0.00834	0.00653	0.00514	0.05776	0.29114	0.14716	0.11618	0.15955	0.04612	0.00959	0.10292	0.00189	0.00370	0.00581	0.00383	0.00501
50	0.11120	0.00865	0.00904	0.00774	0.01018	0.00978	0.00618	0.20327	0.49482	0.06107	0.01319	0.01284	0.00985	0.00501	0.00378	0.00127	0.00336	0.01900	0.00379	0.00600
51	0.00960	0.00921	0.01574	0.02380	0.83957	0.00921	0.01190	0.01190	0.00883	0.01267	0.00729	0.00960	0.00614	0.00345	0.00384	0.00115	0.00461	0.00345	0.00192	0.00614
52	0.00955	0.55819	0.24697	0.00870	0.01273	0.01311	0.08074	0.01186	0.00807	0.01028	0.00604	0.00713	0.00504	0.00341	0.00300	0.00098	0.00479	0.00251	0.00168	0.00520
53	0.00544	0.00393	0.00457	0.00471	0.00537	0.00367	0.00324	0.00639	0.02321	0.02327	0.11697	0.18523	0.25769	0.28312	0.00952	0.00216	0.00271	0.05239	0.00330	0.00312
54	0.00557	0.00394	0.00525	0.00543	0.00620	0.00399	0.00403	0.00669	0.00746	0.03859	0.04385	0.26675	0.18043	0.01809	0.35423	0.00341	0.00557	0.00702	0.03003	0.00345
55	0.01216	0.00895	0.01051	0.06340	0.07553	0.00971	0.00713	0.50777	0.03676	0.05644	0.07481	0.06236	0.03152	0.00536	0.00399	0.00120	0.00387	0.00437	0.01835	0.00584
56	0.03605	0.00972	0.07277	0.26944	0.28680	0.04271	0.07675	0.07365	0.03596	0.03390	0.00768	0.00980	0.00592	0.00385	0.00399	0.00122	0.01881	0.00346	0.00214	0.00537

[dist]
# distance from previous block
# <min> <max>
4	16

[block]
# block no. 3 follows, 70 sequences, length 38
# corresponding to MSA columns:
# 241-278
name=unknown_D
#
# <colnr> <probs for GDERKNQSTAVLIFYWHMCP>
#	G	D	E	R	K	N	Q	S	T	A	V	L	I	F	Y	W	H	M	C	P
0	0.02511	0.01253	0.20007	0.01528	0.15232	0.04688	0.39319	0.02709	0.04231	0.01267	0.00770	0.00968	0.00587	0.00363	0.00435	0.00126	0.02877	0.00382	0.00200	0.00547
1	0.00778	0.02005	0.84367	0.01105	0.01678	0.00900	0.01432	0.01228	0.00818	0.01228	0.00696	0.00818	0.00491	0.00368	0.00368	0.00123	0.00573	0.00286	0.00164	0.00573
2	0.01416	0.06536	0.08764	0.00826	0.01138	0.08779	0.03056	0.14278	0.11437	0.37946	0.01193	0.01117	0.00814	0.00452	0.00377	0.00117	0.00414	0.00357	0.00371	0.00612
3	0.01103	0.00792	0.00900	0.00705	0.01002	0.00766	0.00566	0.15268	0.23976	0.14033	0.01104	0.01082	0.00816	0.00413	0.00350	0.00097	0.00323	0.00332	0.00340	0.36034
4	0.00674	0.00400	0.00582	0.00640	0.05613	0.00398	0.00412	0.02122	0.00632	0.02181	0.02432	0.16322	0.01152	0.05819	0.03669	0.53192	0.00347	0.02929	0.00227	0.00256
5	0.00495	0.00396	0.00446	0.00451	0.00564	0.00346	0.00344	0.00619	0.00928	0.01174	0.22365	0.07488	0.53844	0.00957	0.00467	0.00134	0.00209	0.08060	0.00375	0.00338
6	0.00848	0.00848	0.01187	0.01018	0.01018	0.01187	0.00848	0.00933	0.00594	0.00933	0.00509	0.00848	0.00509	0.00679	0.01272	0.00170	0.85666	0.00339	0.00170	0.00424
7	0.00482	0.00341	0.00447	0.00528	0.00548	0.00321	0.00347	0.00542	0.00724	0.00966	0.02045	0.77736	0.02448	0.09759	0.00643	0.00179	0.00240	0.01048	0.00347	0.00307
8	0.00602	0.00414	0.00526	0.00556	0.00639	0.00392	0.00418	0.02335	0.02356	0.04837	0.17256	0.35868	0.12789	0.02412	0.00503	0.00151	0.00249	0.15431	0.01907	0.00360
9	0.01638	0.00822	0.01000	0.00767	0.01071	0.00811	0.00633	0.32656	0.01381	0.53075	0.01301	0.01171	0.00845	0.00474	0.00389	0.00119	0.00367	0.00374	0.00445	0.00660
10	0.45572	0.00705	0.00734	0.00599	0.00869	0.00720	0.00495	0.01513	0.00884	0.42845	0.01033	0.00974	0.00689	0.00420	0.00315	0.00120	0.00315	0.00300	0.00359	0.00539
11	0.01180	0.00539	0.00687	0.00572	0.00789	0.00465	0.00456	0.01312	0.01019	0.47474	0.08289	0.06171	0.27998	0.00699	0.00422	0.00125	0.00271	0.00584	0.00432	0.00515
12	0.01159	0.01151	0.00939	0.00834	0.01047	0.28484	0.00643	0.11046	0.38037	0.02891	0.01266	0.02889	0.03900	0.00504	0.00379	0.00118	0.00440	0.00389	0.03343	0.00541
13	0.01739	0.00660	0.00900	0.00690	0.00990	0.00570	0.00570	0.01889	0.01110	0.84226	0.01529	0.01320	0.00960	0.00480	0.00390	0.00120	0.00330	0.00390	0.00480	0.00660
14	0.89114	0.00750	0.00570	0.00510	0.00750	0.00870	0.00420	0.01140	0.00660	0.01739	0.00540	0.00630	0.00420	0.00360	0.00240	0.00120	0.00300	0.00210	0.00240	0.00420
15	0.00591	0.00364	0.00463	0.00461	0.00489	0.00351	0.00300	0.00556	0.00642	0.00848	0.09928	0.03700	0.12725	0.29563	0.01394	0.36300	0.00312	0.00530	0.00247	0.00236
16	0.01123	0.00541	0.00714	0.00599	0.00791	0.00494	0.00473	0.01336	0.05863	0.39547	0.39157	0.02045	0.02201	0.00647	0.00448	0.02272	0.00261	0.00534	0.00443	0.00511
17	0.00964	0.00833	0.00877	0.00789	0.01008	0.00964	0.00614	0.02060	0.83257	0.01622	0.01578	0.01446	0.01183	0.00526	0.00394	0.00131	0.00307	0.00438	0.00394	0.00614
18	0.01502	0.01041	0.01135	0.00870	0.01180	0.01135	0.00719	0.74070	0.01747	0.11145	0.00994	0.00972	0.00691	0.00467	0.00388	0.00117	0.00416	0.00353	0.00398	0.00659
19	0.00964	0.00833	0.00877	0.00789	0.01008	0.00964	0.00614	0.02060	0.83257	0.01622	0.01578	0.01446	0.01183	0.00526	0.00394	0.00131	0.00307	0.00438	0.00394	0.00614
20	0.01595	0.00634	0.00855	0.00670	0.00943	0.00556	0.00547	0.03240	0.01103	0.72987	0.06770	0.04547	0.01186	0.00526	0.00396	0.00121	0.00316	0.00435	0.01951	0.00623
21	0.00964	0.00833	0.00877	0.00789	0.01008	0.00964	0.00614	0.02060	0.83257	0.01622	0.01578	0.01446	0.01183	0.00526	0.00394	0.00131	0.00307	0.00438	0.00394	0.00614
22	0.01448	0.01848	0.01099	0.00999	0.01199	0.84819	0.00749	0.01548	0.01099	0.00949	0.00599	0.00699	0.00499	0.00400	0.00350	0.00100	0.00699	0.00250	0.00200	0.00449
23	0.00804	0.00689	0.00804	0.00574	0.00919	0.00517	0.00459	0.00976	0.00804	0.01263	0.00689	0.00804	0.00574	0.00287	0.00287	0.00057	0.00287	0.00230	0.00230	0.88745
24	0.00458	0.00393	0.00393	0.00393	0.00524	0.00327	0.00295	0.00556	0.00884	0.01047	0.03927	0.03731	0.83800	0.00982	0.00458	0.00131	0.00196	0.00818	0.00360	0.00327
25	0.00673	0.00337	0.00505	0.00505	0.00505	0.00337	0.00337	0.00505	0.00505	0.00673	0.00673	0.01178	0.00673	0.01347	0.01515	0.88721	0.00337	0.00337	0.00168	0.00168
26	0.00487	0.00348	0.00466	0.00556	0.00585	0.00327	0.00385	0.00565	0.00757	0.01006	0.02129	0.78354	0.02532	0.01201	0.00499	0.00159	0.00237	0.08727	0.00360	0.00319
27	0.00497	0.00394	0.00446	0.00433	0.00547	0.00344	0.00325	0.00631	0.00975	0.01265	0.38114	0.03373	0.49478	0.00901	0.00458	0.00127	0.00191	0.00768	0.00389	0.00344
28	0.00960	0.00921	0.01574	0.02380	0.83957	0.00921	0.01190	0.01190	0.00883	0.01267	0.00729	0.00960	0.00614	0.00345	0.00384	0.00115	0.00461	0.00345	0.00192	0.00614
29	0.00964	0.00833	0.00877	0.00789	0.01008	0.00964	0.00614	0.02060	0.83257	0.01622	0.01578	0.01446	0.01183	0.00526	0.00394	0.00131	0.00307	0.00438	0.00394	0.00614
30	0.00732	0.00689	0.01163	0.85444	0.02670	0.00861	0.01077	0.00991	0.00775	0.00991	0.00689	0.01034	0.00517	0.00388	0.00388	0.00129	0.00517	0.00345	0.00172	0.00431
31	0.00481	0.00344	0.00458	0.00534	0.00564	0.00321	0.00361	0.00562	0.00783	0.01055	0.11555	0.76518	0.02690	0.01166	0.00490	0.00153	0.00220	0.01056	0.00368	0.00321
32	0.00915	0.01046	0.02288	0.01634	0.02026	0.00980	0.82549	0.01242	0.00915	0.01242	0.00784	0.01046	0.00588	0.00327	0.00458	0.00131	0.00654	0.00458	0.00196	0.00523
33	0.00472	0.00337	0.00450	0.00540	0.00562	0.00315	0.00360	0.00540	0.00742	0.00990	0.02137	0.86122	0.02564	0.01215	0.00495	0.00157	0.00225	0.01102	0.00360	0.00315
34	0.01062	0.83503	0.01991	0.00664	0.00995	0.01499	0.00660	0.01187	0.00799	0.03922	0.00575	0.00647	0.00514	0.00337	0.00254	0.00084	0.00412	0.00214	0.00177	0.00503
35	0.00943	0.00914	0.01590	0.07532	0.74055	0.00921	0.05965	0.01180	0.00878	0.01248	0.00730	0.00969	0.00606	0.00347	0.00388	0.00117	0.00475	0.00352	0.00191	0.00597
36	0.06810	0.00805	0.00998	0.00832	0.04449	0.02205	0.03581	0.16680	0.11398	0.44561	0.01284	0.01208	0.00872	0.02006	0.00411	0.00125	0.00367	0.00379	0.00406	0.00621
37	0.35320	0.03969	0.02596	0.02463	0.23090	0.00949	0.02201	0.10044	0.10867	0.03898	0.00795	0.00885	0.00613	0.00390	0.00326	0.00119	0.00377	0.00301	0.00262	0.00535

[dist]
# distance from previous block
# <min> <max>
1	5

[block]
# block no. 4 follows, 70 sequences, length 55
# corresponding to MSA columns:
# 286-340
name=unknown_E
#
# <colnr> <probs for GDERKNQSTAVLIFYWHMCP>
#	G	D	E	R	K	N	Q	S	T	A	V	L	I	F	Y	W	H	M	C	P
0	0.00892	0.00839	0.01432	0.31083	0.53356	0.00896	0.02362	0.01132	0.00849	0.02418	0.00728	0.00992	0.00585	0.00362	0.00386	0.00120	0.00481	0.00347	0.00189	0.00550
1	0.00899	0.00976	0.06771	0.03225	0.09627	0.05378	0.30163	0.01183	0.06141	0.04424	0.03274	0.04590	0.06984	0.00507	0.00561	0.00134	0.13971	0.00458	0.00238	0.00498
2	0.00560	0.00424	0.00632	0.00628	0.00695	0.00498	0.00488	0.00695	0.00621	0.00898	0.01030	0.01526	0.00967	0.04305	0.81588	0.00609	0.02865	0.00416	0.00207	0.00346
3	0.00950	0.00894	0.01515	0.07233	0.73361	0.00906	0.02219	0.01201	0.02830	0.02372	0.00784	0.01047	0.00657	0.00368	0.00388	0.00118	0.00459	0.01901	0.00203	0.00598
4	0.04311	0.01746	0.01087	0.00974	0.01184	0.74881	0.00737	0.08518	0.01147	0.01103	0.00626	0.00717	0.00511	0.00404	0.00349	0.00102	0.00663	0.00257	0.00217	0.00467
5	0.01474	0.01086	0.01163	0.00892	0.01202	0.01202	0.00737	0.82664	0.01823	0.02443	0.00931	0.00931	0.00659	0.00465	0.00388	0.00116	0.00427	0.00349	0.00388	0.00659
6	0.00633	0.00346	0.00500	0.00512	0.00522	0.00346	0.00345	0.00527	0.00554	0.00740	0.00970	0.11204	0.02542	0.05837	0.06016	0.66194	0.00362	0.01445	0.00202	0.00204
7	0.02730	0.79942	0.03849	0.00676	0.01006	0.01481	0.00677	0.01175	0.00790	0.02745	0.00564	0.00645	0.00506	0.00341	0.00269	0.00087	0.01629	0.00215	0.00174	0.00500
8	0.00723	0.00361	0.00361	0.00361	0.00452	0.00361	0.00271	0.00903	0.00813	0.01445	0.01265	0.01445	0.00994	0.00452	0.00271	0.00090	0.00181	0.00361	0.88528	0.00361
9	0.00502	0.00376	0.00442	0.00477	0.00535	0.00349	0.00322	0.00596	0.02720	0.01004	0.06802	0.39111	0.26056	0.17972	0.00773	0.00190	0.00246	0.00876	0.00340	0.00312
10	0.00958	0.00891	0.01297	0.11670	0.48461	0.05887	0.00987	0.04179	0.09077	0.03056	0.06634	0.01225	0.01996	0.00428	0.00392	0.00119	0.00438	0.01500	0.00244	0.00561
11	0.03114	0.02837	0.01302	0.01331	0.23228	0.06419	0.06010	0.22331	0.04414	0.01479	0.00780	0.00961	0.00636	0.00621	0.06169	0.00160	0.17063	0.00348	0.00249	0.00548
12	0.00500	0.00394	0.00451	0.00437	0.00550	0.00345	0.00328	0.00638	0.00983	0.01284	0.41142	0.03342	0.46437	0.00894	0.00458	0.00127	0.00190	0.00764	0.00391	0.00345
13	0.00521	0.00388	0.00486	0.00520	0.00593	0.00361	0.00384	0.00654	0.02177	0.01173	0.23787	0.32723	0.18614	0.04274	0.00538	0.00154	0.00233	0.11710	0.00373	0.00338
14	0.00907	0.00857	0.01482	0.25523	0.53681	0.00905	0.05907	0.01147	0.00855	0.02772	0.00733	0.00991	0.00591	0.00363	0.00402	0.00121	0.01664	0.00353	0.00192	0.00556
15	0.01160	0.01323	0.01102	0.05295	0.04060	0.43248	0.03162	0.04232	0.09920	0.01106	0.02624	0.02283	0.00712	0.00583	0.04104	0.00141	0.13916	0.00333	0.00229	0.00469
16	0.00778	0.02005	0.84367	0.01105	0.01678	0.00900	0.01432	0.01228	0.00818	0.01228	0.00696	0.00818	0.00491	0.00368	0.00368	0.00123	0.00573	0.00286	0.00164	0.00573
17	0.89114	0.00750	0.00570	0.00510	0.00750	0.00870	0.00420	0.01140	0.00660	0.01739	0.00540	0.00630	0.00420	0.00360	0.00240	0.00120	0.00300	0.00210	0.00240	0.00420
18	0.00539	0.00392	0.00436	0.00427	0.00502	0.00358	0.00289	0.00614	0.00800	0.02526	0.16950	0.03071	0.35780	0.34455	0.01051	0.00225	0.00267	0.00690	0.00325	0.00304
19	0.02351	0.00593	0.00829	0.13518	0.10109	0.00637	0.02321	0.03758	0.08999	0.04580	0.01276	0.16849	0.02417	0.19914	0.07453	0.00226	0.01770	0.00552	0.00273	0.01576
20	0.56442	0.00837	0.00759	0.00630	0.00894	0.02276	0.00519	0.20750	0.00998	0.11590	0.00751	0.00784	0.00542	0.00400	0.00295	0.00119	0.00340	0.00265	0.00303	0.00506
21	0.00480	0.00342	0.00456	0.00544	0.00569	0.00321	0.00368	0.00551	0.00744	0.00991	0.02114	0.81163	0.02527	0.03003	0.00528	0.00163	0.00233	0.04230	0.00357	0.00315
22	0.00554	0.00415	0.00623	0.00623	0.00692	0.00485	0.00485	0.00692	0.00623	0.00900	0.01038	0.01523	0.00969	0.02908	0.84839	0.00623	0.01038	0.00415	0.00208	0.00346
23	0.00901	0.00861	0.01467	0.23870	0.62926	0.00906	0.01161	0.01138	0.00855	0.01195	0.00719	0.00979	0.00589	0.00356	0.00385	0.00119	0.00475	0.00345	0.00187	0.00567
24	0.89114	0.00750	0.00570	0.00510	0.00750	0.00870	0.00420	0.01140	0.00660	0.01739	0.00540	0.00630	0.00420	0.00360	0.00240	0.00120	0.00300	0.00210	0.00240	0.00420
25	0.00597	0.00428	0.00540	0.00623	0.00657	0.00389	0.00415	0.00633	0.00820	0.01105	0.02230	0.84750	0.02640	0.01278	0.00544	0.00178	0.00268	0.01127	0.00398	0.00379
26	0.01389	0.01040	0.01114	0.00875	0.01168	0.01156	0.00718	0.70136	0.12994	0.02308	0.01040	0.01063	0.00759	0.00484	0.00391	0.00120	0.00409	0.01801	0.00388	0.00648
27	0.01739	0.00660	0.00900	0.00690	0.00990	0.00570	0.00570	0.01889	0.01110	0.84226	0.01529	0.01320	0.00960	0.00480	0.00390	0.00120	0.00330	0.00390	0.00480	0.00660
28	0.01474	0.01086	0.01163	0.00892	0.01202	0.01202	0.00737	0.82664	0.01823	0.02443	0.00931	0.00931	0.00659	0.00465	0.00388	0.00116	0.00427	0.00349	0.00388	0.00659
29	0.00554	0.00415	0.00623	0.00623	0.00692	0.00485	0.00485	0.00692	0.00623	0.00900	0.01038	0.01523	0.00969	0.02908	0.84839	0.00623	0.01038	0.00415	0.00208	0.00346
30	0.00472	0.00337	0.00450	0.00540	0.00562	0.00315	0.00360	0.00540	0.00742	0.00990	0.02137	0.86122	0.02564	0.01215	0.00495	0.00157	0.00225	0.01102	0.00360	0.00315
31	0.89114	0.00750	0.00570	0.00510	0.00750	0.00870	0.00420	0.01140	0.00660	0.01739	0.00540	0.00630	0.00420	0.00360	0.00240	0.00120	0.00300	0.00210	0.00240	0.00420
32	0.22289	0.00992	0.01014	0.00794	0.01088	0.01102	0.00656	0.60581	0.01523	0.05038	0.00858	0.00872	0.00613	0.00441	0.00353	0.00117	0.00393	0.00317	0.00356	0.00602
33	0.00652	0.00440	0.00535	0.00491	0.00618	0.00400	0.00375	0.03544	0.01061	0.08262	0.51172	0.02940	0.26422	0.00810	0.00450	0.00124	0.00207	0.00697	0.00411	0.00389
34	0.00778	0.02005	0.84367	0.01105	0.01678	0.00900	0.01432	0.01228	0.00818	0.01228	0.00696	0.00818	0.00491	0.00368	0.00368	0.00123	0.00573	0.00286	0.00164	0.00573
35	0.36784	0.00950	0.00924	0.00738	0.01020	0.01068	0.00609	0.49818	0.01354	0.02160	0.00773	0.00810	0.00563	0.00423	0.00328	0.00118	0.00376	0.00293	0.00328	0.00563
36	0.00720	0.00613	0.00646	0.00600	0.00771	0.00650	0.00461	0.01325	0.42148	0.01380	0.09810	0.02513	0.35345	0.00737	0.00426	0.00130	0.00250	0.00618	0.00383	0.00474
37	0.00470	0.00345	0.00442	0.00520	0.00557	0.00317	0.00351	0.00542	0.00761	0.00997	0.02373	0.75242	0.13292	0.01184	0.00490	0.00154	0.00221	0.01065	0.00360	0.00317
38	0.00915	0.01046	0.02288	0.01634	0.02026	0.00980	0.82549	0.01242	0.00915	0.01242	0.00784	0.01046	0.00588	0.00327	0.00458	0.00131	0.00654	0.00458	0.00196	0.00523
39	0.00673	0.00337	0.00505	0.00505	0.00505	0.00337	0.00337	0.00505	0.00505	0.00673	0.00673	0.01178	0.00673	0.01347	0.01515	0.88721	0.00337	0.00337	0.00168	0.00168
40	0.00506	0.00378	0.00470	0.00483	0.00562	0.00342	0.00348	0.00635	0.00942	0.01271	0.41408	0.28409	0.20899	0.00963	0.00469	0.00135	0.00199	0.00849	0.00392	0.00342
41	0.00472	0.00337	0.00450	0.00540	0.00562	0.00315	0.00360	0.00540	0.00742	0.00990	0.02137	0.86122	0.02564	0.01215	0.00495	0.00157	0.00225	0.01102	0.00360	0.00315
42	0.00554	0.00415	0.00623	0.00623	0.00692	0.00485	0.00485	0.00692	0.00623	0.00900	0.01038	0.01523	0.00969	0.02908	0.84839	0.00623	0.01038	0.00415	0.00208	0.00346
43	0.00778	0.02005	0.84367	0.01105	0.01678	0.00900	0.01432	0.01228	0.00818	0.01228	0.00696	0.00818	0.00491	0.00368	0.00368	0.00123	0.00573	0.00286	0.00164	0.00573
44	0.00913	0.01066	0.04380	0.01646	0.04784	0.00976	0.77710	0.01240	0.00911	0.01242	0.00780	0.01037	0.00587	0.00328	0.00453	0.00130	0.00645	0.00449	0.00195	0.00527
45	0.00604	0.00437	0.00595	0.00674	0.00763	0.00430	0.00579	0.00768	0.00880	0.01136	0.02202	0.06503	0.09467	0.03086	0.00562	0.00178	0.00340	0.70092	0.00354	0.00350
46	0.00922	0.00882	0.01505	0.16217	0.70416	0.00911	0.01171	0.01157	0.00865	0.01221	0.00723	0.00972	0.00598	0.00352	0.00384	0.00117	0.00470	0.00345	0.00189	0.00584
47	0.00957	0.00791	0.01100	0.14555	0.06177	0.02522	0.06425	0.16364	0.03583	0.06157	0.01157	0.08709	0.03455	0.00625	0.00586	0.00141	0.16432	0.09496	0.00283	0.00488
48	0.00575	0.00397	0.00484	0.00486	0.00563	0.00368	0.00348	0.00681	0.00865	0.04306	0.27523	0.14463	0.18895	0.20944	0.00821	0.00193	0.00256	0.07147	0.00356	0.00331
49	0.00466	0.00386	0.00408	0.00417	0.00532	0.00328	0.00307	0.00566	0.00880	0.01073	0.08842	0.14004	0.68458	0.00999	0.00463	0.00134	0.00199	0.00846	0.00364	0.00328
50	0.01121	0.01271	0.07389	0.05415	0.32226	0.24921	0.04102	0.10076	0.01016	0.01261	0.00695	0.00870	0.00564	0.00402	0.00444	0.00117	0.07040	0.00318	0.00211	0.00543
51	0.00867	0.02440	0.12071	0.10961	0.19653	0.07200	0.17306	0.01163	0.04868	0.01180	0.01004	0.04700	0.00907	0.00545	0.02019	0.00140	0.00517	0.11729	0.00227	0.00503
52	0.00825	0.00772	0.01222	0.64062	0.12841	0.03574	0.02906	0.02769	0.00832	0.02568	0.00714	0.01009	0.00543	0.00381	0.00384	0.00124	0.00506	0.00341	0.00188	0.03439
53	0.01460	0.04318	0.03977	0.00873	0.01188	0.04069	0.00741	0.65659	0.01651	0.10743	0.00958	0.00947	0.00673	0.00456	0.00381	0.00115	0.00431	0.00342	0.00375	0.00643
54	0.00608	0.03852	0.04821	0.04053	0.06688	0.00530	0.04935	0.02682	0.02196	0.01113	0.04596	0.22958	0.35637	0.02078	0.00466	0.00137	0.00297	0.01645	0.00316	0.00390

[dist]
# distance from previous block
# <min> <max>
1	14

[block]
# block no. 5 follows, 70 sequences, length 43
# corresponding to MSA columns:
# 355-397
name=unknown_F
#
# <colnr> <probs for GDERKNQSTAVLIFYWHMCP>
#	G	D	E	R	K	N	Q	S	T	A	V	L	I	F	Y	W	H	M	C	P
0	0.05217	0.04614	0.01399	0.21679	0.51487	0.02432	0.01066	0.01161	0.03116	0.01211	0.00753	0.01031	0.00626	0.00378	0.00375	0.00119	0.00462	0.02131	0.00198	0.00548
1	0.02305	0.03287	0.01005	0.03041	0.02133	0.03794	0.00668	0.25043	0.47797	0.02797	0.01271	0.01224	0.00949	0.00543	0.02264	0.00135	0.00381	0.00392	0.00366	0.00605
2	0.03936	0.00985	0.04704	0.06874	0.12178	0.07418	0.02054	0.12764	0.38107	0.02914	0.03272	0.01200	0.00933	0.00465	0.00385	0.00123	0.00402	0.00385	0.00320	0.00579
3	0.03473	0.00715	0.00919	0.04641	0.12366	0.00755	0.01743	0.23345	0.05000	0.04222	0.02118	0.07639	0.03150	0.08953	0.04653	0.11076	0.00410	0.01760	0.00291	0.02771
4	0.00969	0.58772	0.19815	0.00772	0.01136	0.02812	0.00827	0.03280	0.00831	0.01035	0.00685	0.02379	0.00620	0.00396	0.00298	0.00099	0.00448	0.04134	0.00184	0.00507
5	0.01003	0.02897	0.10254	0.02748	0.30137	0.02019	0.03770	0.16950	0.06363	0.01442	0.02580	0.01009	0.00703	0.00529	0.03397	0.00143	0.12895	0.00355	0.00242	0.00566
6	0.00556	0.00407	0.00467	0.00460	0.00551	0.00372	0.00329	0.02399	0.00879	0.02937	0.21399	0.10847	0.35135	0.18532	0.00772	0.00182	0.00245	0.02846	0.00353	0.00331
7	0.00778	0.00682	0.01073	0.01503	0.43388	0.00683	0.00822	0.02327	0.02639	0.01188	0.03961	0.15337	0.04029	0.06457	0.04589	0.00172	0.00412	0.09215	0.00261	0.00483
8	0.00846	0.17592	0.59465	0.01155	0.09302	0.01022	0.03067	0.01212	0.00821	0.01173	0.00672	0.00800	0.00506	0.00358	0.00350	0.00115	0.00535	0.00281	0.00167	0.00562
9	0.00673	0.00337	0.00505	0.00505	0.00505	0.00337	0.00337	0.00505	0.00505	0.00673	0.00673	0.01178	0.00673	0.01347	0.01515	0.88721	0.00337	0.00337	0.00168	0.00168
10	0.06394	0.00617	0.00664	0.00560	0.00738	0.00642	0.00440	0.22320	0.01087	0.13282	0.01167	0.01338	0.00903	0.07850	0.00463	0.00128	0.00290	0.00370	0.40274	0.00473
11	0.01275	0.00801	0.01455	0.01110	0.02998	0.00731	0.34443	0.01499	0.01000	0.40522	0.01258	0.03739	0.00928	0.00474	0.00430	0.00129	0.00465	0.05825	0.00346	0.00573
12	0.00737	0.00698	0.01191	0.83338	0.02654	0.00864	0.03123	0.00997	0.00779	0.00997	0.00691	0.01034	0.00519	0.00386	0.00389	0.00129	0.00520	0.00347	0.00173	0.00433
13	0.01474	0.01086	0.01163	0.00892	0.01202	0.01202	0.00737	0.82664	0.01823	0.02443	0.00931	0.00931	0.00659	0.00465	0.00388	0.00116	0.00427	0.00349	0.00388	0.00659
