[name]
unknown

[dist]
# distance from previous block
# <min> <max>
0	96

[block]
# block no. 0 follows, 70 sequences, length 37
# corresponding to MSA columns:
# 96-132
name=unknown_A
#
# <colnr> <probs for GDERKNQSTAVLIFYWHMCP>
#	G	D	E	R	K	N	Q	S	T	A	V	L	I	F	Y	W	H	M	C	P
0	0.00614	0.00439	0.00613	0.00702	0.00787	0.00437	0.00607	0.00785	0.00882	0.01149	0.02058	0.09971	0.02254	0.01081	0.00533	0.00177	0.00348	0.75853	0.00357	0.00354
1	0.86018	0.00789	0.00588	0.00527	0.00766	0.03834	0.00431	0.01154	0.00675	0.01711	0.00542	0.00632	0.00423	0.00361	0.00244	0.00119	0.00314	0.00211	0.00238	0.00421
2	0.00498	0.00373	0.00535	0.00585	0.00625	0.00349	0.04118	0.00577	0.00752	0.01006	0.04008	0.77271	0.02459	0.04171	0.00544	0.00163	0.00249	0.01044	0.00350	0.00323
3	0.00856	0.17353	0.01376	0.55241	0.11885	0.01007	0.00992	0.03942	0.00831	0.02036	0.00683	0.00945	0.00535	0.00376	0.00360	0.00118	0.00485	0.00319	0.00185	0.00476
4	0.00746	0.00699	0.01156	0.80262	0.03872	0.00867	0.01057	0.01043	0.04553	0.01024	0.00730	0.01051	0.00549	0.00393	0.00388	0.00129	0.00506	0.00349	0.00183	0.00442
5	0.36555	0.00887	0.00855	0.00692	0.00954	0.00995	0.00569	0.42747	0.01267	0.02073	0.00803	0.00856	0.00593	0.00422	0.00318	0.00115	0.00354	0.00294	0.08114	0.00537
6	0.89114	0.00750	0.00570	0.00510	0.00750	0.00870	0.00420	0.01140	0.00660	0.01739	0.00540	0.00630	0.00420	0.00360	0.00240	0.00120	0.00300	0.00210	0.00240	0.00420
7	0.00960	0.00921	0.01574	0.02380	0.83957	0.00921	0.01190	0.01190	0.00883	0.01267	0.00729	0.00960	0.00614	0.00345	0.00384	0.00115	0.00461	0.00345	0.00192	0.00614
8	0.01474	0.01086	0.01163	0.00892	0.01202	0.01202	0.00737	0.82664	0.01823	0.02443	0.00931	0.00931	0.00659	0.00465	0.00388	0.00116	0.00427	0.00349	0.00388	0.00659
9	0.01474	0.01086	0.01163	0.00892	0.01202	0.01202	0.00737	0.82664	0.01823	0.02443	0.00931	0.00931	0.00659	0.00465	0.00388	0.00116	0.00427	0.00349	0.00388	0.00659
10	0.00458	0.00393	0.00393	0.00393	0.00524	0.00327	0.00295	0.00556	0.00884	0.01047	0.03927	0.03731	0.83800	0.00982	0.00458	0.00131	0.00196	0.00818	0.00360	0.00327
11	0.00886	0.00556	0.00612	0.05109	0.00764	0.00590	0.00435	0.20453	0.01080	0.01670	0.08977	0.01438	0.01141	0.00484	0.00323	0.00102	0.00258	0.00390	0.54298	0.00437
12	0.00958	0.01013	0.05452	0.02178	0.66335	0.03183	0.12739	0.01209	0.00890	0.01253	0.00732	0.00958	0.00602	0.00345	0.00393	0.00117	0.00500	0.00356	0.00191	0.00595
13	0.00588	0.00438	0.00552	0.00516	0.00620	0.00423	0.00389	0.00858	0.08890	0.01561	0.75958	0.02758	0.03423	0.00767	0.00451	0.00123	0.00195	0.00676	0.00424	0.00389
14	0.00534	0.00384	0.00506	0.00506	0.00582	0.00357	0.00372	0.00690	0.01011	0.01415	0.62861	0.21801	0.03368	0.00896	0.00468	0.00132	0.00198	0.03156	0.00410	0.00354
15	0.00564	0.00376	0.00423	0.00423	0.00423	0.00376	0.00235	0.00564	0.00564	0.00752	0.01222	0.02537	0.01409	0.86375	0.01973	0.00376	0.00376	0.00564	0.00235	0.00235
16	0.00957	0.00975	0.01180	0.01006	0.01065	0.11204	0.02725	0.07000	0.00753	0.01052	0.00576	0.00865	0.00537	0.00702	0.04116	0.00173	0.64143	0.00335	0.00191	0.00444
17	0.09711	0.06342	0.01128	0.01018	0.06154	0.67205	0.00740	0.01466	0.01027	0.01041	0.00598	0.00704	0.00499	0.00389	0.00336	0.00102	0.00631	0.00249	0.00201	0.00459
18	0.00783	0.06980	0.10815	0.00754	0.00941	0.00601	0.00715	0.01004	0.02511	0.09035	0.01721	0.04530	0.01759	0.00868	0.00477	0.00158	0.00382	0.55209	0.00332	0.00426
19	0.00867	0.01065	0.09811	0.01426	0.01766	0.00953	0.59014	0.01166	0.00881	0.01226	0.06828	0.01136	0.00795	0.00407	0.00547	0.00134	0.10823	0.00445	0.00207	0.00504
20	0.00825	0.00758	0.01091	0.00779	0.01133	0.00606	0.16341	0.01028	0.00825	0.01259	0.00707	0.00851	0.00577	0.00295	0.00320	0.00072	0.00358	0.00274	0.00223	0.71677
21	0.00730	0.00520	0.00748	0.00699	0.00813	0.00508	0.08220	0.10574	0.00912	0.07291	0.01788	0.59240	0.01986	0.01034	0.02823	0.00160	0.00320	0.00879	0.00352	0.00402
22	0.01044	0.56612	0.07090	0.01055	0.17108	0.09275	0.00822	0.01207	0.00838	0.01004	0.00591	0.00707	0.00520	0.00343	0.00292	0.00093	0.00461	0.00243	0.00174	0.00520
23	0.01058	0.01029	0.00920	0.00830	0.01045	0.17187	0.00640	0.01961	0.67362	0.01492	0.01389	0.01302	0.01051	0.00502	0.00386	0.00125	0.00383	0.00402	0.00357	0.00582
24	0.00604	0.00526	0.00629	0.00778	0.10621	0.06589	0.00481	0.00699	0.00806	0.01038	0.04207	0.58604	0.09899	0.02007	0.00484	0.00147	0.00286	0.00905	0.00328	0.00362
25	0.00545	0.00403	0.00581	0.00584	0.00651	0.00443	0.00443	0.00682	0.00725	0.01031	0.17150	0.09840	0.01652	0.04581	0.58287	0.00475	0.00778	0.00540	0.00265	0.00344
26	0.00468	0.00355	0.00432	0.00493	0.00550	0.00319	0.00339	0.00545	0.00788	0.01008	0.02710	0.59739	0.28577	0.01140	0.00483	0.00149	0.00216	0.01011	0.00360	0.00319
27	0.00932	0.09999	0.60448	0.01043	0.01520	0.17196	0.01227	0.01283	0.00870	0.01144	0.00662	0.00777	0.00493	0.00371	0.00353	0.00115	0.00582	0.00272	0.00171	0.00542
28	0.01232	0.00917	0.00998	0.00814	0.01060	0.01008	0.00652	0.59131	0.09338	0.02084	0.01225	0.17461	0.01078	0.00616	0.00409	0.00126	0.00376	0.00503	0.00383	0.00588
29	0.18018	0.00817	0.00817	0.00735	0.00958	0.00946	0.00576	0.01882	0.67277	0.01645	0.01377	0.01288	0.01036	0.00494	0.00365	0.00129	0.00305	0.00394	0.00365	0.00576
30	0.01404	0.01201	0.01114	0.00900	0.01177	0.17349	0.00724	0.56711	0.12049	0.02050	0.00949	0.00952	0.00695	0.00460	0.00381	0.00115	0.00464	0.00341	0.00352	0.00613
31	0.01015	0.01013	0.01183	0.09073	0.32905	0.20374	0.00886	0.04032	0.03907	0.03582	0.00816	0.01042	0.00680	0.00872	0.16716	0.00212	0.00622	0.00341	0.00218	0.00510
32	0.00760	0.00638	0.00751	0.00565	0.00856	0.00504	0.00447	0.00968	0.03859	0.01333	0.16791	0.01232	0.01193	0.00394	0.00324	0.00073	0.00268	0.00328	0.00274	0.68442
33	0.01071	0.01028	0.00921	0.00823	0.01040	0.17179	0.00637	0.06610	0.59638	0.01526	0.02657	0.01342	0.02781	0.00512	0.00388	0.00124	0.00386	0.00409	0.00356	0.00575
34	0.00824	0.00729	0.03546	0.00729	0.01736	0.02562	0.02677	0.11617	0.26031	0.01457	0.08415	0.05040	0.17404	0.00813	0.04298	0.00157	0.00356	0.10769	0.00356	0.00483
35	0.00719	0.01385	0.49791	0.00855	0.01243	0.00733	0.00992	0.03453	0.05665	0.01218	0.04449	0.01660	0.16856	0.08672	0.00543	0.00149	0.00447	0.00441	0.00238	0.00491
36	0.00853	0.01135	0.19462	0.01117	0.05717	0.06687	0.14270	0.02143	0.03967	0.01191	0.11051	0.04106	0.01013	0.00540	0.00657	0.00137	0.24827	0.00417	0.00226	0.00484

[dist]
# distance from previous block
# <min> <max>
0	3

[block]
# block no. 1 follows, 70 sequences, length 15
# corresponding to MSA columns:
# 136-150
name=unknown_B
#
# <colnr> <probs for GDERKNQSTAVLIFYWHMCP>
#	G	D	E	R	K	N	Q	S	T	A	V	L	I	F	Y	W	H	M	C	P
0	0.00665	0.00551	0.00702	0.00875	0.17441	0.03927	0.00500	0.00748	0.00721	0.00946	0.01496	0.09511	0.09625	0.41332	0.03773	0.00263	0.00394	0.05926	0.00255	0.00348
1	0.18993	0.06704	0.08250	0.08732	0.09675	0.02662	0.00797	0.32566	0.02606	0.01755	0.00784	0.02361	0.00606	0.00423	0.00359	0.00118	0.01461	0.00318	0.00278	0.00553
2	0.01266	0.01028	0.01184	0.01174	0.17931	0.04499	0.00802	0.48119	0.14915	0.01982	0.01005	0.02597	0.00765	0.00462	0.00389	0.00119	0.00421	0.00373	0.00341	0.00628
3	0.00483	0.00342	0.00447	0.00527	0.00547	0.00322	0.00346	0.00542	0.00722	0.00963	0.02035	0.76812	0.02435	0.10701	0.00660	0.00182	0.00242	0.01042	0.00346	0.00306
4	0.00515	0.00420	0.00460	0.00467	0.00579	0.00384	0.00343	0.00702	0.07934	0.01142	0.12403	0.20140	0.51184	0.00969	0.00460	0.00135	0.00210	0.00830	0.00370	0.00354
5	0.01042	0.71359	0.06346	0.00821	0.06540	0.06422	0.00744	0.01189	0.00814	0.00955	0.00564	0.00659	0.00505	0.00339	0.00270	0.00088	0.00443	0.00223	0.00169	0.00506
6	0.00490	0.00352	0.00438	0.00498	0.00528	0.00329	0.00326	0.00547	0.00721	0.00946	0.02150	0.58920	0.11694	0.19216	0.00804	0.00201	0.00254	0.00955	0.00333	0.00299
7	0.10476	0.00880	0.01189	0.01161	0.17928	0.00910	0.08292	0.20517	0.12061	0.21050	0.01061	0.01075	0.00758	0.00429	0.00379	0.00121	0.00403	0.00365	0.00337	0.00607
8	0.00526	0.00389	0.00480	0.00469	0.00554	0.00355	0.00340	0.00667	0.00980	0.01340	0.54298	0.10351	0.18631	0.08196	0.00591	0.00149	0.00206	0.00747	0.00392	0.00343
9	0.00694	0.00575	0.00923	0.00842	0.00991	0.00583	0.14598	0.04712	0.03023	0.01180	0.01640	0.07333	0.04664	0.01278	0.17593	0.00253	0.00535	0.37881	0.00302	0.00401
10	0.00778	0.02005	0.84367	0.01105	0.01678	0.00900	0.01432	0.01228	0.00818	0.01228	0.00696	0.00818	0.00491	0.00368	0.00368	0.00123	0.00573	0.00286	0.00164	0.00573
11	0.00496	0.00361	0.00471	0.00537	0.00585	0.00336	0.00381	0.00593	0.00817	0.01087	0.13109	0.59308	0.10145	0.01123	0.00491	0.00152	0.00230	0.09082	0.00368	0.00327
12	0.00799	0.00956	0.17741	0.00682	0.01073	0.00595	0.00657	0.01027	0.00807	0.01256	0.00690	0.00807	0.00557	0.00304	0.00304	0.00071	0.00345	0.00241	0.00216	0.70874
13	0.71346	0.00972	0.00677	0.00609	0.00841	0.17885	0.00487	0.01222	0.00749	0.01579	0.00552	0.00644	0.00436	0.00368	0.00262	0.00116	0.00381	0.00218	0.00232	0.00426
14	0.00844	0.00910	0.01910	0.01389	0.01701	0.00858	0.65865	0.01104	0.00844	0.01142	0.00873	0.01348	0.00755	0.17767	0.00765	0.00180	0.00597	0.00479	0.00204	0.00465

[dist]
# distance from previous block
# <min> <max>
0	35

[block]
# block no. 2 follows, 70 sequences, length 7
# corresponding to MSA columns:
# 186-192
name=unknown_C
#
# <colnr> <probs for GDERKNQSTAVLIFYWHMCP>
#	G	D	E	R	K	N	Q	S	T	A	V	L	I	F	Y	W	H	M	C	P
0	0.00528	0.00640	0.14881	0.00603	0.00748	0.00422	0.00532	0.00678	0.00813	0.01090	0.09135	0.48093	0.18398	0.00987	0.00463	0.00143	0.00276	0.00872	0.00332	0.00366
1	0.01320	0.28397	0.01395	0.00888	0.01135	0.54215	0.00722	0.05770	0.01040	0.01017	0.00598	0.00687	0.00507	0.00382	0.00320	0.00095	0.00595	0.00242	0.00199	0.00476
2	0.00744	0.00439	0.00590	0.00561	0.00664	0.00434	0.00421	0.00862	0.00814	0.15346	0.14602	0.11595	0.08012	0.13144	0.27539	0.00322	0.00517	0.02683	0.00326	0.00383
3	0.00663	0.00471	0.00526	0.00506	0.00554	0.00490	0.00323	0.06998	0.08718	0.00990	0.01326	0.10745	0.01447	0.62849	0.01549	0.00310	0.00358	0.00589	0.00275	0.00312
4	0.00805	0.16619	0.43711	0.01019	0.01436	0.00953	0.12625	0.01126	0.00793	0.01117	0.00739	0.00937	0.00588	0.00793	0.14891	0.00203	0.00636	0.00319	0.00176	0.00513
5	0.01018	0.16652	0.01179	0.00919	0.15229	0.00783	0.00640	0.01188	0.00862	0.14014	0.00798	0.00877	0.00626	0.00335	0.00313	0.00082	0.00347	0.00270	0.00250	0.43619
6	0.01241	0.12579	0.03132	0.00862	0.01110	0.27953	0.00713	0.21266	0.13496	0.04115	0.00992	0.01237	0.00823	0.00493	0.00372	0.00115	0.00488	0.08187	0.00294	0.00532

[dist]
# distance from previous block
# <min> <max>
0	3

[block]
# block no. 3 follows, 70 sequences, length 42
# corresponding to MSA columns:
# 196-237
name=unknown_D
#
# <colnr> <probs for GDERKNQSTAVLIFYWHMCP>
#	G	D	E	R	K	N	Q	S	T	A	V	L	I	F	Y	W	H	M	C	P
0	0.00713	0.00635	0.04515	0.00748	0.00913	0.00621	0.08467	0.10155	0.00818	0.01144	0.01127	0.01506	0.05180	0.06437	0.49828	0.00425	0.00790	0.00425	0.00236	0.05318
1	0.11090	0.67109	0.11276	0.00696	0.01045	0.01386	0.00723	0.01166	0.00777	0.01043	0.00557	0.00645	0.00488	0.00339	0.00261	0.00092	0.00420	0.00217	0.00174	0.00497
2	0.01153	0.00872	0.01035	0.00879	0.05011	0.00945	0.04240	0.45097	0.05925	0.04641	0.01280	0.01446	0.08822	0.10415	0.02848	0.00165	0.03904	0.00431	0.00340	0.00550
3	0.01106	0.07859	0.43822	0.00983	0.01420	0.09067	0.02890	0.14247	0.01044	0.12732	0.00828	0.00884	0.00585	0.00398	0.00366	0.00116	0.00519	0.00305	0.00247	0.00580
4	0.00921	0.00873	0.02719	0.41948	0.24249	0.04020	0.03218	0.08987	0.00918	0.02669	0.00727	0.00983	0.00565	0.00400	0.00435	0.00125	0.05182	0.00344	0.00205	0.00511
5	0.00479	0.00356	0.00433	0.00490	0.00537	0.00325	0.00329	0.00547	0.00757	0.00977	0.02477	0.56066	0.22632	0.10905	0.00655	0.00176	0.00235	0.00970	0.00346	0.00309
6	0.00569	0.00384	0.00451	0.00460	0.00471	0.00387	0.00284	0.00593	0.00598	0.00798	0.01294	0.02670	0.01470	0.74456	0.05477	0.00368	0.00403	0.08370	0.00246	0.00252
7	0.01147	0.10818	0.05495	0.02290	0.32190	0.01049	0.09107	0.23498	0.02232	0.07211	0.00832	0.00947	0.00635	0.00388	0.00377	0.00114	0.00460	0.00343	0.00264	0.00603
8	0.01278	0.23010	0.06011	0.00886	0.02742	0.08878	0.01672	0.43225	0.05717	0.01770	0.00816	0.00854	0.00620	0.00419	0.00349	0.00108	0.00453	0.00306	0.00296	0.00589
9	0.00551	0.00393	0.00487	0.00463	0.00560	0.00360	0.00348	0.00722	0.01043	0.01474	0.65392	0.02887	0.14659	0.00789	0.00441	0.00120	0.00185	0.00688	0.08078	0.00360
10	0.70792	0.13842	0.00826	0.01562	0.00830	0.00985	0.00479	0.04725	0.00732	0.01635	0.00559	0.00647	0.00443	0.00361	0.00250	0.00114	0.00326	0.00217	0.00234	0.00442
11	0.03388	0.00689	0.00858	0.00682	0.00950	0.00657	0.00556	0.09208	0.10540	0.56592	0.02317	0.01313	0.00978	0.00482	0.00376	0.00118	0.00319	0.00388	0.08971	0.00617
12	0.00477	0.00355	0.00444	0.00504	0.00556	0.00322	0.00347	0.00562	0.00806	0.01056	0.10408	0.60661	0.19839	0.01125	0.00483	0.00148	0.00215	0.01003	0.00366	0.00322
13	0.00518	0.00395	0.00476	0.00456	0.00561	0.00353	0.00342	0.00673	0.01026	0.01385	0.57105	0.03175	0.30411	0.00856	0.00458	0.00125	0.00187	0.00740	0.00404	0.00353
14	0.00554	0.00415	0.00623	0.00623	0.00692	0.00485	0.00485	0.00692	0.00623	0.00900	0.01038	0.01523	0.00969	0.02908	0.84839	0.00623	0.01038	0.00415	0.00208	0.00346
15	0.00545	0.00396	0.00513	0.00484	0.00577	0.00364	0.00363	0.00724	0.01089	0.01534	0.80486	0.02930	0.06937	0.00800	0.00457	0.00122	0.00183	0.00706	0.00424	0.00364
16	0.00473	0.00393	0.00413	0.00408	0.00533	0.00334	0.00306	0.00585	0.00918	0.01130	0.16892	0.03595	0.70784	0.00951	0.00458	0.00129	0.00194	0.00799	0.00371	0.00334
17	0.01036	0.86609	0.02032	0.00663	0.00995	0.01534	0.00663	0.01161	0.00788	0.00912	0.00539	0.00622	0.00498	0.00332	0.00249	0.00083	0.00415	0.00207	0.00166	0.00498
18	0.01388	0.00935	0.01017	0.00792	0.01069	0.01013	0.00650	0.62337	0.01600	0.10489	0.01041	0.01047	0.00739	0.00465	0.00371	0.00113	0.00380	0.00355	0.13584	0.00615
19	0.00878	0.00953	0.01948	0.01431	0.01768	0.00914	0.65221	0.01268	0.10324	0.01261	0.01006	0.09319	0.00847	0.00435	0.00454	0.00133	0.00572	0.00518	0.00235	0.00513
20	0.01083	0.72280	0.01871	0.00696	0.01019	0.01466	0.00669	0.10539	0.05270	0.01125	0.00639	0.00701	0.00552	0.00357	0.00272	0.00089	0.00410	0.00236	0.00203	0.00522
21	0.00778	0.02005	0.84367	0.01105	0.01678	0.00900	0.01432	0.01228	0.00818	0.01228	0.00696	0.00818	0.00491	0.00368	0.00368	0.00123	0.00573	0.00286	0.00164	0.00573
22	0.00554	0.00415	0.00623	0.00623	0.00692	0.00485	0.00485	0.00692	0.00623	0.00900	0.01038	0.01523	0.00969	0.02908	0.84839	0.00623	0.01038	0.00415	0.00208	0.00346
23	0.00543	0.00414	0.00583	0.00738	0.08663	0.00395	0.00479	0.00645	0.00786	0.01046	0.02075	0.60966	0.06316	0.01096	0.00489	0.00155	0.00267	0.13648	0.00343	0.00351
24	0.06039	0.01253	0.00998	0.00864	0.01079	0.39221	0.00680	0.12125	0.01113	0.18779	0.00916	0.01066	0.00713	0.00588	0.04467	0.00140	0.05291	0.03868	0.00291	0.00509
25	0.01588	0.00748	0.00936	0.00734	0.01024	0.00721	0.00601	0.13910	0.13097	0.60132	0.01448	0.01280	0.00947	0.00484	0.00390	0.00121	0.00341	0.00391	0.00454	0.00653
26	0.00469	0.00356	0.00433	0.00493	0.00551	0.00320	0.00340	0.00548	0.00792	0.01017	0.04085	0.59203	0.27724	0.01135	0.00483	0.00149	0.00215	0.01007	0.00361	0.00320
27	0.01232	0.00953	0.01128	0.00914	0.01183	0.09019	0.11715	0.11435	0.36830	0.19375	0.01289	0.01231	0.00926	0.00470	0.00397	0.00124	0.00411	0.00402	0.00366	0.00601
28	0.01448	0.01848	0.01099	0.00999	0.01199	0.84819	0.00749	0.01548	0.01099	0.00949	0.00599	0.00699	0.00499	0.00400	0.00350	0.00100	0.00699	0.00250	0.00200	0.00449
29	0.00478	0.00340	0.00449	0.00533	0.00555	0.00319	0.00354	0.00544	0.00738	0.00986	0.03324	0.80541	0.02521	0.05612	0.00571	0.00168	0.00232	0.01068	0.00354	0.00312
30	0.07117	0.00762	0.00966	0.00772	0.01014	0.00780	0.05142	0.24403	0.01208	0.31012	0.08815	0.09470	0.01198	0.00569	0.00445	0.00126	0.04782	0.00465	0.00390	0.00564
31	0.05701	0.04816	0.00821	0.00735	0.00889	0.10256	0.04181	0.03778	0.05944	0.01257	0.09576	0.02892	0.08401	0.00823	0.01547	0.00151	0.00387	0.37113	0.00325	0.00409
32	0.00469	0.00387	0.00411	0.00419	0.00533	0.00330	0.00309	0.00571	0.00888	0.01090	0.11442	0.13082	0.66750	0.00990	0.00462	0.00133	0.00198	0.00839	0.00366	0.00330
33	0.00556	0.00406	0.00463	0.00452	0.00574	0.00353	0.00342	0.00680	0.00945	0.05583	0.24744	0.07985	0.51067	0.00921	0.00459	0.00131	0.00207	0.03391	0.00384	0.00355
34	0.00896	0.05447	0.60469	0.01105	0.06072	0.02117	0.01241	0.12685	0.00964	0.01376	0.00772	0.03736	0.00593	0.00408	0.00371	0.00121	0.00529	0.00322	0.00204	0.00574
35	0.00635	0.00447	0.00616	0.00611	0.00681	0.00495	0.00461	0.00787	0.04297	0.04928	0.01275	0.11479	0.01280	0.15235	0.47296	0.00447	0.03621	0.04796	0.00257	0.00355
36	0.01588	0.00627	0.00849	0.00662	0.00937	0.00543	0.00543	0.01740	0.01103	0.73837	0.10096	0.01536	0.03060	0.00523	0.00398	0.00120	0.00312	0.00432	0.00472	0.00622
37	0.00637	0.00445	0.00643	0.00653	0.02901	0.00490	0.00484	0.00774	0.00726	0.05641	0.10534	0.09827	0.01411	0.03649	0.53409	0.00445	0.03658	0.00509	0.02795	0.00371
38	0.01009	0.09330	0.06132	0.06890	0.45624	0.07160	0.05348	0.07442	0.00949	0.01279	0.00713	0.00899	0.00582	0.00357	0.00367	0.00110	0.00483	0.00322	0.00204	0.04800
39	0.00760	0.00659	0.04642	0.00598	0.00729	0.08620	0.00477	0.00911	0.00977	0.08496	0.43322	0.02367	0.09744	0.10515	0.00656	0.00152	0.05042	0.00585	0.00355	0.00394
40	0.01227	0.01456	0.01018	0.05617	0.01163	0.58366	0.00720	0.01343	0.00972	0.00995	0.00679	0.00846	0.00572	0.00556	0.04500	0.00134	0.10382	0.00284	0.08737	0.00432
41	0.00835	0.00724	0.00899	0.00790	0.10431	0.00582	0.00550	0.02303	0.02273	0.01288	0.00713	0.00835	0.00591	0.00301	0.00302	0.00066	0.00310	0.00248	0.00231	0.75729

[dist]
# distance from previous block
# <min> <max>
0	9

[block]
# block no. 4 follows, 70 sequences, length 40
# corresponding to MSA columns:
# 247-286
name=unknown_E
#
# <colnr> <probs for GDERKNQSTAVLIFYWHMCP>
#	G	D	E	R	K	N	Q	S	T	A	V	L	I	F	Y	W	H	M	C	P
0	0.04738	0.12241	0.03707	0.04832	0.27980	0.09553	0.00891	0.11549	0.03605	0.01298	0.00734	0.01762	0.00618	0.00529	0.03994	0.00139	0.10750	0.00324	0.00221	0.00534
1	0.00471	0.00386	0.00415	0.00423	0.00535	0.00330	0.00312	0.00575	0.00891	0.01101	0.13310	0.14218	0.63710	0.00989	0.00463	0.00133	0.00198	0.00841	0.00368	0.00330
2	0.01230	0.01460	0.01275	0.02353	0.11223	0.49907	0.07795	0.03186	0.00980	0.01043	0.00623	0.00796	0.00526	0.00437	0.00526	0.00117	0.15550	0.00298	0.00197	0.00476
3	0.00482	0.00391	0.00408	0.00406	0.00514	0.00338	0.00292	0.00573	0.00856	0.01050	0.10756	0.03481	0.64525	0.13425	0.00679	0.00166	0.00221	0.00770	0.00348	0.00317
4	0.04604	0.01812	0.70729	0.01069	0.01558	0.00934	0.01318	0.01188	0.00785	0.01214	0.00666	0.00814	0.00490	0.00405	0.00472	0.00128	0.10808	0.00290	0.00168	0.00548
5	0.00544	0.00396	0.00511	0.00482	0.00576	0.00364	0.00362	0.00722	0.01085	0.01526	0.79253	0.02943	0.08175	0.00803	0.00457	0.00122	0.00184	0.00708	0.00423	0.00364
6	0.00479	0.00340	0.00448	0.00532	0.00553	0.00319	0.00351	0.00541	0.00730	0.00973	0.02074	0.80365	0.02485	0.07080	0.00597	0.00172	0.00235	0.01065	0.00351	0.00309
7	0.00469	0.00393	0.00408	0.00404	0.00530	0.00332	0.00303	0.00577	0.00909	0.01108	0.13540	0.03630	0.74149	0.00959	0.00458	0.00130	0.00195	0.00804	0.00368	0.00332
8	0.00848	0.00848	0.01187	0.01018	0.01018	0.01187	0.00848	0.00933	0.00594	0.00933	0.00509	0.00848	0.00509	0.00679	0.01272	0.00170	0.85666	0.00339	0.00170	0.00424
9	0.00960	0.00921	0.01574	0.02380	0.83957	0.00921	0.01190	0.01190	0.00883	0.01267	0.00729	0.00960	0.00614	0.00345	0.00384	0.00115	0.00461	0.00345	0.00192	0.00614
10	0.00510	0.00395	0.00464	0.00447	0.00555	0.00349	0.00335	0.00656	0.01005	0.01335	0.49250	0.03257	0.38297	0.00874	0.00458	0.00126	0.00189	0.00752	0.00398	0.00349
11	0.01036	0.86609	0.02032	0.00663	0.00995	0.01534	0.00663	0.01161	0.00788	0.00912	0.00539	0.00622	0.00498	0.00332	0.00249	0.00083	0.00415	0.00207	0.00166	0.00498
12	0.82338	0.00776	0.00616	0.00539	0.00785	0.00895	0.00444	0.07443	0.00750	0.01794	0.00570	0.00653	0.00438	0.00368	0.00251	0.00120	0.00310	0.00221	0.00251	0.00438
13	0.00483	0.00342	0.00447	0.00526	0.00546	0.00322	0.00345	0.00543	0.00721	0.00961	0.02027	0.76057	0.02425	0.11469	0.00673	0.00184	0.00243	0.01037	0.00345	0.00305
14	0.01445	0.01149	0.01142	0.00897	0.01192	0.09526	0.00732	0.70401	0.05970	0.02252	0.00931	0.00934	0.00671	0.00462	0.00384	0.00115	0.00448	0.00344	0.00369	0.00636
15	0.00809	0.12160	0.74484	0.01052	0.01596	0.00976	0.01340	0.01220	0.00815	0.01190	0.00677	0.00795	0.00492	0.00364	0.00354	0.00118	0.00554	0.00277	0.00164	0.00564
16	0.01024	0.82684	0.05851	0.00684	0.01027	0.01505	0.00699	0.01164	0.00789	0.00927	0.00546	0.00631	0.00497	0.00333	0.00254	0.00085	0.00422	0.00211	0.00166	0.00501
17	0.00562	0.00383	0.00461	0.00461	0.00475	0.00397	0.00283	0.00588	0.00575	0.00780	0.01186	0.02342	0.01325	0.70356	0.17878	0.00423	0.00503	0.00535	0.00230	0.00256
18	0.00848	0.00807	0.01372	0.43133	0.44075	0.00892	0.01134	0.01092	0.00830	0.01131	0.00710	0.00996	0.00566	0.00366	0.00386	0.00122	0.00488	0.00345	0.00182	0.00524
19	0.03638	0.00447	0.00579	0.00564	0.00680	0.00404	0.03167	0.00699	0.00855	0.01189	0.17897	0.35057	0.14004	0.00916	0.00451	0.00134	0.00249	0.07736	0.00347	0.10989
20	0.01020	0.81301	0.07197	0.00691	0.01038	0.01494	0.00712	0.01165	0.00790	0.00932	0.00549	0.00634	0.00497	0.00334	0.00256	0.00085	0.00425	0.00212	0.00166	0.00502
21	0.01116	0.00696	0.00794	0.00684	0.00911	0.00722	0.00541	0.01731	0.42122	0.27307	0.03032	0.01797	0.14545	0.00588	0.00403	0.00127	0.00293	0.00487	0.01530	0.00575
22	0.00896	0.00934	0.01958	0.07565	0.01889	0.00893	0.63926	0.01193	0.00909	0.04101	0.00956	0.01455	0.00794	0.00426	0.00459	0.00136	0.00597	0.10188	0.00224	0.00501
23	0.00739	0.00702	0.01203	0.82424	0.02647	0.00866	0.04012	0.01000	0.00780	0.01000	0.00692	0.01034	0.00519	0.00385	0.00390	0.00129	0.00522	0.00349	0.00173	0.00434
24	0.01001	0.75118	0.13214	0.00723	0.01088	0.01448	0.00768	0.01170	0.00792	0.00955	0.00560	0.00649	0.00497	0.00337	0.00265	0.00088	0.00436	0.00218	0.00166	0.00508
25	0.00458	0.00393	0.00393	0.00393	0.00524	0.00327	0.00295	0.00556	0.00884	0.01047	0.03927	0.03731	0.83800	0.00982	0.00458	0.00131	0.00196	0.00818	0.00360	0.00327
26	0.00652	0.00715	0.14237	0.03707	0.00998	0.00541	0.00750	0.00897	0.03089	0.01170	0.01893	0.03560	0.07104	0.00913	0.00494	0.00163	0.00386	0.58012	0.00320	0.00400
27	0.04803	0.01110	0.02004	0.04161	0.01869	0.11059	0.64783	0.01280	0.00926	0.03010	0.00764	0.00992	0.00576	0.00342	0.00431	0.00126	0.00632	0.00417	0.00204	0.00510
28	0.00754	0.00732	0.01298	0.75351	0.02593	0.00876	0.10887	0.01021	0.00792	0.01021	0.00701	0.01035	0.00525	0.00380	0.00396	0.00129	0.00533	0.00358	0.00175	0.00442
29	0.00726	0.00594	0.00665	0.00613	0.00767	0.00633	0.00469	0.01313	0.38377	0.01521	0.36403	0.02343	0.12610	0.00695	0.00429	0.00127	0.00241	0.00596	0.00404	0.00473
30	0.58125	0.00873	0.00829	0.00692	0.00949	0.04461	0.06337	0.12991	0.08750	0.01761	0.00715	0.00784	0.00543	0.00390	0.00296	0.00120	0.00361	0.00271	0.00271	0.00481
31	0.00920	0.57178	0.20402	0.00758	0.01112	0.01265	0.00815	0.01119	0.00775	0.00982	0.00634	0.00775	0.00553	0.00650	0.10462	0.00157	0.00525	0.00250	0.00170	0.00496
32	0.00757	0.10402	0.62203	0.00965	0.01426	0.00872	0.01178	0.01117	0.00818	0.01181	0.04443	0.11160	0.00878	0.00485	0.00375	0.00123	0.00498	0.00395	0.00199	0.00525
33	0.00472	0.00337	0.00450	0.00540	0.00562	0.00315	0.00360	0.00540	0.00742	0.00990	0.02137	0.86122	0.02564	0.01215	0.00495	0.00157	0.00225	0.01102	0.00360	0.00315
34	0.00560	0.00371	0.00466	0.00522	0.00574	0.00353	0.00360	0.00682	0.03563	0.03615	0.03981	0.63920	0.05702	0.02214	0.00479	0.00148	0.00225	0.00940	0.10982	0.00342
35	0.00947	0.57370	0.30486	0.00816	0.01231	0.01315	0.00929	0.01184	0.00798	0.01021	0.00593	0.00690	0.00495	0.00344	0.00290	0.00097	0.00469	0.00235	0.00165	0.00524
36	0.00609	0.02738	0.00552	0.00561	0.00634	0.02957	0.00403	0.00697	0.00792	0.06452	0.02146	0.57252	0.12004	0.01199	0.06180	0.00180	0.00307	0.03638	0.00347	0.00352
37	0.77681	0.07291	0.00711	0.02539	0.00827	0.03478	0.00464	0.01150	0.00686	0.01635	0.00545	0.00641	0.00430	0.00360	0.00247	0.00117	0.00326	0.00214	0.00231	0.00427
38	0.00521	0.00416	0.00533	0.00568	0.00617	0.00428	0.00412	0.00605	0.00771	0.01017	0.04673	0.52373	0.20613	0.01081	0.00580	0.00153	0.10510	0.03454	0.00339	0.00334
39	0.00850	0.27761	0.51543	0.00924	0.01383	0.01066	0.01108	0.01207	0.03612	0.01163	0.05440	0.00899	0.00698	0.00387	0.00338	0.00111	0.00493	0.00291	0.00187	0.00539

[dist]
# distance from previous block
# <min> <max>
0	6

[block]
# block no. 5 follows, 70 sequences, length 41
# corresponding to MSA columns:
# 293-333
name=unknown_F
#
# <colnr> <probs for GDERKNQSTAVLIFYWHMCP>
#	G	D	E	R	K	N	Q	S	T	A	V	L	I	F	Y	W	H	M	C	P
0	0.00766	0.00495	0.00691	0.00734	0.10313	0.00458	0.00489	0.00945	0.01061	0.13607	0.57988	0.03598	0.05885	0.00708	0.00439	0.00122	0.00238	0.00624	0.00404	0.00436
1	0.01073	0.05763	0.04723	0.01346	0.08050	0.01042	0.38405	0.16541	0.01048	0.06949	0.00808	0.00981	0.00611	0.00407	0.00514	0.00128	0.10423	0.00390	0.00245	0.00554
2	0.00567	0.00426	0.00516	0.00510	0.00611	0.00398	0.00385	0.05035	0.01004	0.01344	0.38595	0.17501	0.23995	0.00917	0.00466	0.00134	0.00219	0.06623	0.00391	0.00362
3	0.01342	0.11094	0.01197	0.00854	0.01125	0.16013	0.00697	0.49975	0.06012	0.01865	0.00878	0.00968	0.00681	0.05030	0.00450	0.00124	0.00464	0.00331	0.00321	0.00578
4	0.00583	0.00415	0.00501	0.00489	0.00497	0.00447	0.00308	0.00605	0.00573	0.00782	0.01149	0.02297	0.01293	0.70482	0.11539	0.00390	0.06630	0.00530	0.00227	0.00262
5	0.00657	0.00567	0.00821	0.00761	0.00806	0.00731	0.00612	0.00777	0.00613	0.00912	0.00853	0.01286	0.00808	0.02126	0.55538	0.00464	0.30712	0.00389	0.00194	0.00373
6	0.10767	0.00391	0.00473	0.00546	0.00597	0.00387	0.00381	0.00624	0.00741	0.01086	0.01947	0.71679	0.02297	0.01107	0.00467	0.00154	0.00241	0.05438	0.00346	0.00329
7	0.00964	0.00833	0.00877	0.00789	0.01008	0.00964	0.00614	0.02060	0.83257	0.01622	0.01578	0.01446	0.01183	0.00526	0.00394	0.00131	0.00307	0.00438	0.00394	0.00614
8	0.01474	0.01086	0.01163	0.00892	0.01202	0.01202	0.00737	0.82664	0.01823	0.02443	0.00931	0.00931	0.00659	0.00465	0.00388	0.00116	0.00427	0.00349	0.00388	0.00659
9	0.00458	0.00393	0.00393	0.00393	0.00524	0.00327	0.00295	0.00556	0.00884	0.01047	0.03927	0.03731	0.83800	0.00982	0.00458	0.00131	0.00196	0.00818	0.00360	0.00327
10	0.00562	0.00383	0.00461	0.00461	0.00474	0.00396	0.00282	0.00588	0.00575	0.00780	0.01187	0.02346	0.01326	0.70644	0.17591	0.00422	0.00501	0.00536	0.00230	0.00256
11	0.01121	0.69212	0.01840	0.00732	0.01037	0.18628	0.00681	0.01240	0.00852	0.00920	0.00551	0.00638	0.00498	0.00346	0.00269	0.00086	0.00473	0.00216	0.00173	0.00488
12	0.00820	0.00821	0.01273	0.07174	0.01236	0.01070	0.11325	0.00954	0.00651	0.00974	0.00608	0.00951	0.00563	0.00825	0.09061	0.00205	0.60520	0.00362	0.00177	0.00430
13	0.01449	0.01074	0.01150	0.00887	0.01193	0.01191	0.00731	0.78763	0.05764	0.02404	0.00962	0.00956	0.00685	0.00468	0.00388	0.00117	0.00421	0.00353	0.00388	0.00657
14	0.00463	0.00393	0.00400	0.00398	0.00527	0.00329	0.00298	0.00566	0.00895	0.01075	0.08324	0.03685	0.79386	0.00971	0.00458	0.00130	0.00196	0.00812	0.00364	0.00329
15	0.00577	0.00439	0.00624	0.00610	0.00664	0.00511	0.00462	0.00690	0.00637	0.00913	0.05607	0.01722	0.01159	0.16774	0.60076	0.00521	0.07008	0.00451	0.00222	0.00334
16	0.00791	0.06524	0.79969	0.01081	0.01641	0.00934	0.01391	0.01224	0.00817	0.01211	0.00687	0.00808	0.00491	0.00366	0.00362	0.00121	0.00564	0.00282	0.00164	0.00569
17	0.01601	0.00629	0.00855	0.00666	0.00942	0.00546	0.00546	0.01755	0.01108	0.74632	0.11071	0.01502	0.01273	0.00516	0.00398	0.00120	0.00313	0.00426	0.00474	0.00626
18	0.00567	0.00382	0.00447	0.00462	0.00473	0.00381	0.00286	0.00590	0.00610	0.00810	0.01360	0.06558	0.01557	0.72596	0.01739	0.00343	0.00367	0.09963	0.00255	0.00253
19	0.01474	0.01086	0.01163	0.00892	0.01202	0.01202	0.00737	0.82664	0.01823	0.02443	0.00931	0.00931	0.00659	0.00465	0.00388	0.00116	0.00427	0.00349	0.00388	0.00659
20	0.00734	0.00831	0.10792	0.61320	0.09270	0.00824	0.01066	0.00996	0.00787	0.01041	0.00818	0.08308	0.00698	0.00453	0.00394	0.00130	0.00493	0.00403	0.00189	0.00453
21	0.00465	0.00393	0.00402	0.00400	0.00528	0.00330	0.00300	0.00569	0.00900	0.01085	0.09879	0.03669	0.77825	0.00968	0.00458	0.00130	0.00195	0.00809	0.00365	0.00330
22	0.00545	0.00424	0.00499	0.00475	0.00589	0.00392	0.00358	0.00760	0.06503	0.01384	0.50734	0.03087	0.31140	0.00840	0.00453	0.00126	0.00196	0.00724	0.00402	0.00369
23	0.00980	0.01050	0.02157	0.01548	0.01931	0.01006	0.73055	0.10691	0.01020	0.01381	0.00801	0.01032	0.00596	0.00343	0.00449	0.00129	0.00627	0.00445	0.00218	0.00539
24	0.01007	0.01019	0.01501	0.05719	0.70928	0.10655	0.01134	0.01223	0.00903	0.01218	0.00712	0.00932	0.00597	0.00353	0.00380	0.00114	0.00491	0.00334	0.00192	0.00587
25	0.00472	0.00337	0.00450	0.00540	0.00562	0.00315	0.00360	0.00540	0.00742	0.00990	0.02137	0.86122	0.02564	0.01215	0.00495	0.00157	0.00225	0.01102	0.00360	0.00315
26	0.00499	0.00408	0.00443	0.00432	0.00555	0.00358	0.00324	0.00653	0.03614	0.01204	0.25647	0.03429	0.59238	0.00915	0.00456	0.00128	0.00196	0.00774	0.00379	0.00347
27	0.00783	0.00672	0.00797	0.00643	0.03245	0.01848	0.00486	0.02286	0.00811	0.01229	0.02842	0.06625	0.00821	0.02164	0.05229	0.00110	0.02228	0.00324	0.00242	0.66616
28	0.00804	0.07856	0.61793	0.01072	0.06048	0.00887	0.03483	0.01184	0.00822	0.01233	0.00755	0.00891	0.00559	0.00373	0.00352	0.00116	0.00512	0.00297	0.10421	0.00544
29	0.00489	0.00352	0.00466	0.00544	0.00580	0.00329	0.00378	0.00575	0.00785	0.01048	0.08624	0.71171	0.05055	0.01164	0.00494	0.00155	0.00230	0.06874	0.00365	0.00322
30	0.00963	0.06981	0.00958	0.00642	0.00976	0.00717	0.00527	0.14803	0.02697	0.03750	0.00761	0.00840	0.00606	0.00331	0.00306	0.00072	0.00321	0.00257	0.00262	0.63230
31	0.01030	0.00743	0.00900	0.00737	0.00927	0.00791	0.05187	0.32080	0.07867	0.06523	0.09170	0.01639	0.01218	0.22104	0.07145	0.00222	0.00434	0.00458	0.00335	0.00490
32	0.00474	0.00342	0.00445	0.00527	0.00556	0.00317	0.00352	0.00542	0.00747	0.00988	0.02233	0.78528	0.07952	0.03338	0.00530	0.00161	0.00227	0.01070	0.00357	0.00314
33	0.00785	0.01870	0.75303	0.05592	0.01694	0.00902	0.01368	0.01261	0.05377	0.01237	0.00744	0.00865	0.00531	0.00378	0.00371	0.00124	0.00555	0.00298	0.00177	0.00568
34	0.01375	0.01728	0.01160	0.01023	0.01229	0.74251	0.05270	0.01489	0.01059	0.00973	0.00608	0.00728	0.00507	0.00404	0.00393	0.00103	0.04265	0.00264	0.00199	0.02972
35	0.00550	0.00401	0.00534	0.00614	0.00683	0.00385	0.00490	0.00679	0.00837	0.01085	0.02301	0.33942	0.11818	0.01113	0.00512	0.00165	0.00290	0.42904	0.00358	0.00338
36	0.00472	0.00337	0.00450	0.00540	0.00562	0.00315	0.00360	0.00540	0.00742	0.00990	0.02137	0.86122	0.02564	0.01215	0.00495	0.00157	0.00225	0.01102	0.00360	0.00315
37	0.01151	0.63343	0.01781	0.00747	0.01051	0.18284	0.00686	0.07142	0.00925	0.01030	0.00579	0.00660	0.00510	0.00355	0.00279	0.00089	0.00473	0.00226	0.00189	0.00500
38	0.01084	0.01207	0.00905	0.00830	0.00978	0.42383	0.00631	0.02025	0.06933	0.03434	0.05630	0.11147	0.10029	0.00623	0.00496	0.00122	0.10381	0.00463	0.00268	0.00433
39	0.00485	0.00344	0.00448	0.00524	0.00546	0.00324	0.00345	0.00547	0.00729	0.00974	0.04016	0.73894	0.02450	0.11595	0.00674	0.00183	0.00242	0.01027	0.00346	0.00306
40	0.00599	0.00403	0.00476	0.00467	0.00568	0.00382	0.00359	0.00792	0.03188	0.01412	0.39686	0.02733	0.15420	0.00749	0.00413	0.00120	0.00203	0.07775	0.23890	0.00364

[dist]
# distance from previous block
# <min> <max>
0	2

[block]
# block no. 6 follows, 70 sequences, length 22
# corresponding to MSA columns:
# 336-357
name=unknown_G
#
# <colnr> <probs for GDERKNQSTAVLIFYWHMCP>
#	G	D	E	R	K	N	Q	S	T	A	V	L	I	F	Y	W	H	M	C	P
0	0.00962	0.07597	0.13602	0.01301	0.01681	0.00933	0.50275	0.02705	0.00919	0.08181	0.01930	0.02606	0.00694	0.00376	0.00414	0.00123	0.00558	0.00417	0.04196	0.00529
1	0.00861	0.00877	0.01126	0.04338	0.01067	0.07460	0.00815	0.00959	0.00642	0.00933	0.00573	0.00908	0.00552	0.00856	0.09050	0.00205	0.67842	0.00340	0.00176	0.00419
2	0.01342	0.01045	0.01054	0.00842	0.01112	0.07240	0.00682	0.60570	0.09951	0.02144	0.01023	0.02798	0.00766	0.00481	0.00379	0.00116	0.00412	0.00368	0.07069	0.00609
3	0.21859	0.02567	0.01148	0.03064	0.30389	0.10496	0.00813	0.17688	0.02210	0.02500	0.00759	0.02377	0.00612	0.00401	0.00345	0.00115	0.00432	0.00316	0.01364	0.00545
4	0.00481	0.00381	0.00412	0.00430	0.00519	0.00335	0.00303	0.00559	0.00806	0.00991	0.03128	0.18547	0.54165	0.14888	0.00712	0.00176	0.00234	0.02283	0.00340	0.00311
5	0.00871	0.32635	0.54559	0.00945	0.01431	0.01130	0.01154	0.01204	0.00807	0.01113	0.00639	0.00747	0.00493	0.00355	0.00325	0.00108	0.00516	0.00258	0.00164	0.00546
6	0.00955	0.00934	0.01646	0.02304	0.75626	0.00927	0.09463	0.01195	0.00886	0.01264	0.00735	0.00968	0.00611	0.00344	0.00391	0.00117	0.00480	0.00357	0.00192	0.00605
7	0.01021	0.00506	0.00642	0.00549	0.00725	0.00460	0.00432	0.02770	0.02253	0.31719	0.31079	0.03564	0.09804	0.00648	0.00407	0.00119	0.00245	0.00550	0.12032	0.00477
8	0.00563	0.00380	0.00443	0.00443	0.00450	0.00387	0.00260	0.00577	0.00570	0.00767	0.01203	0.02434	0.01365	0.77888	0.10399	0.00401	0.00443	0.00549	0.00232	0.00246
9	0.00472	0.00340	0.00448	0.00534	0.00561	0.00315	0.00357	0.00540	0.00748	0.00992	0.02205	0.82967	0.05675	0.01206	0.00493	0.00156	0.00224	0.01091	0.00360	0.00315
10	0.00572	0.00375	0.00426	0.00427	0.00442	0.00372	0.00252	0.00604	0.00631	0.00879	0.07527	0.05500	0.01588	0.69705	0.01664	0.00325	0.00340	0.00577	0.07536	0.00258
11	0.01036	0.86609	0.02032	0.00663	0.00995	0.01534	0.00663	0.01161	0.00788	0.00912	0.00539	0.00622	0.00498	0.00332	0.00249	0.00083	0.00415	0.00207	0.00166	0.00498
12	0.00554	0.00405	0.00474	0.00451	0.00569	0.00356	0.00340	0.00695	0.00997	0.04605	0.42953	0.03226	0.41228	0.00869	0.00455	0.00126	0.00195	0.00744	0.00397	0.00359
13	0.03981	0.01693	0.01125	0.04435	0.08069	0.72090	0.00789	0.01484	0.01055	0.01000	0.00612	0.00732	0.00507	0.00393	0.00351	0.00103	0.00660	0.00260	0.00199	0.00461
14	0.01432	0.01065	0.01140	0.00883	0.01186	0.01183	0.00727	0.76016	0.08540	0.02376	0.00984	0.00973	0.00703	0.00470	0.00388	0.00118	0.00417	0.00356	0.00388	0.00656
15	0.00960	0.00921	0.01574	0.02380	0.83957	0.00921	0.01190	0.01190	0.00883	0.01267	0.00729	0.00960	0.00614	0.00345	0.00384	0.00115	0.00461	0.00345	0.00192	0.00614
16	0.00468	0.00383	0.00414	0.00436	0.00543	0.00329	0.00321	0.00563	0.00855	0.01040	0.03486	0.20663	0.63906	0.01033	0.00469	0.00138	0.00209	0.04059	0.00360	0.00326
17	0.00555	0.00410	0.00597	0.00597	0.00657	0.00470	0.00452	0.00675	0.00615	0.00880	0.01062	0.01656	0.01027	0.13872	0.73954	0.00591	0.00951	0.00435	0.00211	0.00332
18	0.00540	0.00390	0.00499	0.00482	0.00562	0.00361	0.00351	0.00695	0.01016	0.01421	0.66882	0.09504	0.06991	0.07893	0.00585	0.00146	0.00203	0.00727	0.00403	0.00349
19	0.01573	0.00747	0.00935	0.00725	0.01010	0.00714	0.00596	0.22394	0.01290	0.56549	0.08159	0.01350	0.01106	0.00502	0.00395	0.00119	0.00342	0.00405	0.00452	0.00635
20	0.01016	0.00859	0.00906	0.00799	0.01028	0.00988	0.00626	0.10256	0.74976	0.01705	0.01512	0.01394	0.01130	0.00520	0.00394	0.00130	0.00319	0.00429	0.00394	0.00618
21	0.01068	0.80171	0.01961	0.00689	0.01010	0.07860	0.00670	0.01190	0.00811	0.00915	0.00544	0.00628	0.00498	0.00337	0.00256	0.00084	0.00436	0.00211	0.00168	0.00494

[dist]
# distance from previous block
# <min> <max>
0	3

[block]
# block no. 7 follows, 70 sequences, length 29
# corresponding to MSA columns:
# 361-389
name=unknown_H
#
# <colnr> <probs for GDERKNQSTAVLIFYWHMCP>
#	G	D	E	R	K	N	Q	S	T	A	V	L	I	F	Y	W	H	M	C	P
0	0.01474	0.01086	0.01163	0.00892	0.01202	0.01202	0.00737	0.82664	0.01823	0.02443	0.00931	0.00931	0.00659	0.00465	0.00388	0.00116	0.00427	0.00349	0.00388	0.00659
1	0.01439	0.01151	0.01130	0.00893	0.01182	0.11278	0.00725	0.67141	0.05110	0.03427	0.00944	0.02122	0.00693	0.00471	0.00385	0.00116	0.00450	0.00352	0.00366	0.00627
2	0.08145	0.00693	0.00789	0.00574	0.00908	0.00548	0.00461	0.01028	0.00805	0.04767	0.00712	0.00811	0.00578	0.00301	0.00287	0.00065	0.00290	0.00235	0.00241	0.77763
3	0.00615	0.00446	0.00567	0.00526	0.00632	0.00426	0.00403	0.06323	0.01138	0.01597	0.74405	0.02829	0.03389	0.00783	0.00456	0.00124	0.00207	0.04328	0.00421	0.00385
4	0.08324	0.70032	0.07002	0.00695	0.01027	0.05564	0.00695	0.01182	0.00794	0.01002	0.00552	0.00639	0.00491	0.00340	0.00260	0.00089	0.00429	0.00215	0.00174	0.00493
5	0.07912	0.00516	0.00518	0.00489	0.00644	0.02243	0.00381	0.06271	0.00941	0.01245	0.08042	0.04851	0.53455	0.00853	0.00432	0.00129	0.00246	0.06429	0.00347	0.04057
6	0.00902	0.00902	0.05313	0.02265	0.01558	0.00807	0.47469	0.01229	0.06536	0.08130	0.07978	0.08995	0.01092	0.00474	0.00438	0.00128	0.00503	0.00511	0.00267	0.04503
7	0.00960	0.00802	0.00851	0.00769	0.00970	0.02757	0.00604	0.12431	0.54268	0.01620	0.03725	0.07469	0.02841	0.00624	0.00414	0.00134	0.00325	0.07489	0.00384	0.00562
8	0.00560	0.00418	0.00623	0.00631	0.00701	0.00481	0.00496	0.00701	0.00645	0.00921	0.01122	0.01759	0.01074	0.02756	0.77868	0.00586	0.00982	0.07108	0.00220	0.00347
9	0.00784	0.01963	0.80733	0.01128	0.01693	0.00904	0.05023	0.01228	0.00823	0.01228	0.00700	0.00829	0.00495	0.00366	0.00372	0.00123	0.00577	0.00294	0.00165	0.00571
10	0.00671	0.00516	0.00633	0.00574	0.00689	0.00533	0.00444	0.05964	0.07965	0.02667	0.52454	0.04012	0.12744	0.00766	0.00515	0.00128	0.07282	0.00644	0.00392	0.00408
11	0.00710	0.00363	0.00366	0.00366	0.00449	0.00363	0.00268	0.00875	0.00792	0.01388	0.01261	0.01536	0.01028	0.07557	0.00412	0.00114	0.00197	0.00378	0.81226	0.00351
12	0.03024	0.00771	0.00948	0.00741	0.01033	0.00753	0.00608	0.19170	0.10147	0.56449	0.01391	0.01239	0.00911	0.00480	0.00387	0.00120	0.00348	0.00383	0.00447	0.00651
13	0.00852	0.23196	0.58082	0.01030	0.01530	0.01065	0.06772	0.01212	0.00817	0.01149	0.00662	0.00785	0.00499	0.00356	0.00344	0.00113	0.00539	0.00278	0.00166	0.00551
14	0.00564	0.00376	0.00423	0.00423	0.00423	0.00376	0.00235	0.00564	0.00564	0.00752	0.01222	0.02537	0.01409	0.86375	0.01973	0.00376	0.00376	0.00564	0.00235	0.00235
15	0.00484	0.00394	0.00428	0.00419	0.00539	0.00338	0.00315	0.00606	0.00944	0.01190	0.26394	0.03496	0.61244	0.00929	0.00458	0.00128	0.00193	0.00785	0.00379	0.00338
16	0.01036	0.86609	0.02032	0.00663	0.00995	0.01534	0.00663	0.01161	0.00788	0.00912	0.00539	0.00622	0.00498	0.00332	0.00249	0.00083	0.00415	0.00207	0.00166	0.00498
17	0.00512	0.00389	0.00471	0.00462	0.00559	0.00348	0.00342	0.00656	0.00993	0.01334	0.49698	0.11336	0.29699	0.00896	0.00461	0.00128	0.00191	0.00779	0.00398	0.00348
18	0.01134	0.00890	0.00952	0.00811	0.01058	0.01007	0.00643	0.22959	0.58134	0.05857	0.01408	0.01306	0.01037	0.00508	0.00393	0.00127	0.00339	0.00413	0.00397	0.00628
19	0.00494	0.00393	0.00445	0.00449	0.00559	0.00344	0.00339	0.00617	0.00930	0.01184	0.24729	0.09846	0.51364	0.00955	0.00466	0.00134	0.00205	0.05834	0.00377	0.00338
20	0.01036	0.86609	0.02032	0.00663	0.00995	0.01534	0.00663	0.01161	0.00788	0.00912	0.00539	0.00622	0.00498	0.00332	0.00249	0.00083	0.00415	0.00207	0.00166	0.00498
21	0.00478	0.00346	0.00454	0.00538	0.00571	0.00322	0.00367	0.00553	0.00759	0.01001	0.02255	0.76802	0.08090	0.01192	0.00494	0.00157	0.00229	0.04716	0.00360	0.00318
22	0.01032	0.39177	0.02908	0.03526	0.02557	0.14579	0.05253	0.01163	0.00815	0.04627	0.00692	0.00930	0.00622	0.07507	0.04309	0.00149	0.09197	0.00296	0.00195	0.00464
23	0.13015	0.43196	0.02593	0.00819	0.04501	0.21491	0.00689	0.07657	0.00931	0.01171	0.00594	0.00683	0.00505	0.00363	0.00290	0.00096	0.00473	0.00236	0.00202	0.00494
24	0.00471	0.00341	0.00446	0.00531	0.00560	0.00316	0.00356	0.00541	0.00751	0.00993	0.02248	0.80981	0.07633	0.01200	0.00493	0.00156	0.00223	0.01084	0.00360	0.00316
25	0.00554	0.00415	0.00623	0.00623	0.00692	0.00485	0.00485	0.00692	0.00623	0.00900	0.01038	0.01523	0.00969	0.02908	0.84839	0.00623	0.01038	0.00415	0.00208	0.00346
26	0.07606	0.05864	0.15135	0.01159	0.24493	0.00761	0.00810	0.04647	0.00885	0.05040	0.09055	0.07203	0.06007	0.07617	0.00511	0.00141	0.00387	0.00451	0.01737	0.00493
27	0.03940	0.14145	0.15737	0.00849	0.04751	0.10204	0.01557	0.09438	0.04362	0.05091	0.03395	0.01442	0.10188	0.00504	0.00366	0.00112	0.00423	0.05414	0.00266	0.07818
28	0.05339	0.06513	0.08465	0.00986	0.05022	0.16338	0.08156	0.19553	0.12438	0.04201	0.02773	0.00977	0.00730	0.00422	0.00375	0.00113	0.01304	0.00334	0.00280	0.05680

[dist]
