[name]
unknown

[dist]
# distance from previous block
# <min> <max>
0	33

[block]
# block no. 0 follows, 74 sequences, length 11
# corresponding to MSA columns:
# 33-43
name=unknown_A
#
# <colnr> <probs for GDERKNQSTAVLIFYWHMCP>
#	G	D	E	R	K	N	Q	S	T	A	V	L	I	F	Y	W	H	M	C	P
0	0.01974	0.00670	0.00820	0.05845	0.02119	0.03295	0.02590	0.09848	0.12781	0.15358	0.14822	0.03280	0.08816	0.02062	0.00475	0.00128	0.05412	0.07102	0.00343	0.02260
1	0.00682	0.00569	0.00780	0.13964	0.07801	0.00614	0.00590	0.05741	0.05924	0.01179	0.16480	0.01755	0.10446	0.05682	0.16349	0.00219	0.04598	0.00465	0.00269	0.05891
2	0.00692	0.00346	0.00346	0.00346	0.00432	0.00346	0.00259	0.00865	0.00778	0.01384	0.01211	0.01384	0.00951	0.00432	0.00259	0.00086	0.00173	0.00346	0.89016	0.00346
3	0.01410	0.00836	0.04221	0.00733	0.01014	0.00810	0.00621	0.36804	0.03585	0.36116	0.01164	0.01099	0.00786	0.00448	0.00361	0.00111	0.00351	0.00351	0.08576	0.00601
4	0.21201	0.14350	0.01058	0.05963	0.01064	0.03079	0.00611	0.26557	0.01107	0.20353	0.00855	0.00864	0.00608	0.00400	0.00318	0.00108	0.00370	0.00289	0.00309	0.00537
5	0.00817	0.00574	0.00656	0.00568	0.00759	0.03781	0.00431	0.04995	0.00861	0.13650	0.01583	0.30173	0.10092	0.00685	0.00381	0.00108	0.00274	0.00591	0.00317	0.28704
6	0.00959	0.22875	0.06697	0.01124	0.02847	0.11555	0.34757	0.02482	0.06123	0.01096	0.00736	0.02232	0.00605	0.01917	0.00408	0.00115	0.02441	0.00348	0.00196	0.00487
7	0.00692	0.00346	0.00346	0.00346	0.00432	0.00346	0.00259	0.00865	0.00778	0.01384	0.01211	0.01384	0.00951	0.00432	0.00259	0.00086	0.00173	0.00346	0.89016	0.00346
8	0.71695	0.00796	0.04328	0.00652	0.05977	0.00845	0.00513	0.06001	0.00734	0.04793	0.00592	0.00672	0.00450	0.00354	0.00257	0.00114	0.00316	0.00227	0.00241	0.00442
9	0.01017	0.01000	0.01374	0.03724	0.62159	0.12981	0.01022	0.04238	0.04619	0.03223	0.00741	0.00913	0.00604	0.00354	0.00364	0.00109	0.00464	0.00323	0.00207	0.00564
10	0.00814	0.04917	0.51578	0.02721	0.05465	0.00785	0.01054	0.02553	0.02784	0.07498	0.03767	0.01156	0.08243	0.00426	0.00358	0.00113	0.00452	0.00344	0.00218	0.04752

[dist]
# distance from previous block
# <min> <max>
1	2

[block]
# block no. 1 follows, 74 sequences, length 38
# corresponding to MSA columns:
# 46-83
name=unknown_B
#
# <colnr> <probs for GDERKNQSTAVLIFYWHMCP>
#	G	D	E	R	K	N	Q	S	T	A	V	L	I	F	Y	W	H	M	C	P
0	0.09182	0.01011	0.01064	0.00822	0.01113	0.01123	0.00679	0.76147	0.01647	0.02280	0.00858	0.00866	0.00611	0.00437	0.00359	0.00112	0.00398	0.00322	0.00359	0.00611
1	0.09975	0.00986	0.04014	0.00860	0.01119	0.11779	0.10153	0.23005	0.13847	0.10985	0.01970	0.03493	0.00847	0.00473	0.00372	0.00118	0.00421	0.04739	0.00314	0.00530
2	0.00458	0.00327	0.00437	0.00523	0.00548	0.00306	0.00355	0.00527	0.00716	0.00954	0.02043	0.83447	0.02442	0.01157	0.00475	0.00152	0.00220	0.04265	0.00344	0.00303
3	0.00917	0.00887	0.01534	0.02249	0.81281	0.00884	0.04476	0.01141	0.00846	0.01212	0.00700	0.00922	0.00587	0.00330	0.00370	0.00111	0.00448	0.00335	0.00184	0.00584
4	0.00692	0.00346	0.00346	0.00346	0.00432	0.00346	0.00259	0.00865	0.00778	0.01384	0.01211	0.01384	0.00951	0.00432	0.00259	0.00086	0.00173	0.00346	0.89016	0.00346
5	0.00770	0.00660	0.00770	0.00550	0.00880	0.00495	0.00440	0.00935	0.00770	0.01210	0.00660	0.00770	0.00550	0.00275	0.00275	0.00055	0.00275	0.00220	0.00220	0.89224
6	0.00529	0.00437	0.00473	0.00462	0.00574	0.02327	0.00346	0.00718	0.06843	0.01207	0.31519	0.08239	0.42024	0.00848	0.00435	0.00124	0.00206	0.01974	0.00366	0.00348
7	0.00692	0.00346	0.00346	0.00346	0.00432	0.00346	0.00259	0.00865	0.00778	0.01384	0.01211	0.01384	0.00951	0.00432	0.00259	0.00086	0.00173	0.00346	0.89016	0.00346
8	0.00490	0.00333	0.00444	0.00521	0.00551	0.00309	0.00351	0.00557	0.00722	0.03567	0.02028	0.84047	0.02407	0.01141	0.00471	0.00150	0.00218	0.01034	0.00348	0.00312
9	0.00917	0.00887	0.01535	0.02249	0.81188	0.00884	0.04568	0.01141	0.00846	0.01212	0.00700	0.00922	0.00587	0.00330	0.00370	0.00111	0.00449	0.00335	0.00184	0.00584
10	0.01033	0.08607	0.07457	0.01132	0.02646	0.11151	0.34729	0.07872	0.02508	0.09452	0.00854	0.04446	0.00686	0.02659	0.00451	0.00123	0.03068	0.00389	0.00235	0.00502
11	0.74413	0.09405	0.00721	0.00536	0.00772	0.06981	0.00448	0.01121	0.00674	0.01532	0.00521	0.00607	0.00415	0.00345	0.00238	0.00110	0.00326	0.00203	0.00220	0.00411
12	0.00518	0.00438	0.00524	0.00543	0.03995	0.01601	0.02380	0.00665	0.03499	0.01126	0.20156	0.15768	0.45681	0.00874	0.00438	0.00126	0.00221	0.00755	0.00347	0.00345
13	0.00943	0.09617	0.15702	0.00809	0.01089	0.07727	0.03926	0.15875	0.19738	0.01416	0.07260	0.01315	0.08414	0.00490	0.00388	0.00114	0.02708	0.00389	0.00285	0.01793
14	0.01289	0.01051	0.03774	0.00948	0.02650	0.07782	0.10713	0.52176	0.01435	0.08227	0.00933	0.02247	0.00700	0.00448	0.00380	0.00114	0.00446	0.02714	0.01391	0.00580
15	0.00612	0.00437	0.00575	0.00520	0.00637	0.00417	0.02216	0.02646	0.00932	0.04923	0.44892	0.02372	0.13324	0.02646	0.13222	0.00191	0.01295	0.00582	0.03450	0.04112
16	0.00540	0.00361	0.00411	0.00411	0.00412	0.00363	0.00232	0.00543	0.00541	0.00724	0.01164	0.02400	0.01337	0.84456	0.04371	0.00367	0.00379	0.00536	0.00224	0.00228
17	0.00692	0.00346	0.00346	0.00346	0.00432	0.00346	0.00259	0.00865	0.00778	0.01384	0.01211	0.01384	0.00951	0.00432	0.00259	0.00086	0.00173	0.00346	0.89016	0.00346
18	0.06172	0.40631	0.02711	0.00772	0.01042	0.30372	0.00670	0.11658	0.00976	0.01120	0.00586	0.00662	0.00492	0.00358	0.00290	0.00092	0.00489	0.00231	0.00201	0.00477
19	0.00877	0.05063	0.26816	0.01336	0.05990	0.00948	0.42856	0.05946	0.04180	0.01253	0.00751	0.00923	0.00559	0.00341	0.00394	0.00119	0.00557	0.00366	0.00195	0.00529
20	0.09375	0.13950	0.06194	0.00845	0.05520	0.08916	0.01678	0.21180	0.17336	0.05951	0.01000	0.02464	0.03151	0.00436	0.00339	0.00110	0.00396	0.00334	0.00289	0.00535
21	0.00692	0.00346	0.00346	0.00346	0.00432	0.00346	0.00259	0.00865	0.00778	0.01384	0.01211	0.01384	0.00951	0.00432	0.00259	0.00086	0.00173	0.00346	0.89016	0.00346
22	0.00537	0.00371	0.00463	0.00463	0.00484	0.00392	0.00298	0.00577	0.00557	0.00763	0.01116	0.02133	0.01221	0.61281	0.27387	0.00432	0.00553	0.00496	0.00217	0.00257
23	0.00825	0.00858	0.05848	0.33380	0.45321	0.00866	0.03979	0.01068	0.00800	0.01106	0.00680	0.00939	0.00544	0.00352	0.00385	0.00117	0.01911	0.00331	0.00175	0.00514
24	0.08053	0.08697	0.03880	0.19557	0.09462	0.21672	0.00804	0.15017	0.04818	0.02391	0.00725	0.00882	0.00571	0.00391	0.00341	0.00109	0.00481	0.01430	0.00228	0.00490
25	0.11240	0.01224	0.00981	0.00820	0.01062	0.33318	0.00648	0.32406	0.01261	0.10144	0.00795	0.00825	0.00585	0.00411	0.00339	0.00105	0.00479	0.00287	0.02549	0.00522
26	0.00588	0.00358	0.00529	0.00529	0.00559	0.00388	0.00380	0.00567	0.00537	0.00746	0.00831	0.01351	0.00812	0.06892	0.39011	0.44506	0.00625	0.00369	0.00182	0.00241
27	0.08147	0.03508	0.01180	0.05516	0.35509	0.02075	0.01831	0.08832	0.03919	0.15090	0.00864	0.02352	0.00667	0.00386	0.00362	0.00109	0.01663	0.00330	0.00261	0.07400
28	0.01007	0.00732	0.03551	0.01970	0.02174	0.03500	0.10405	0.09625	0.10332	0.21423	0.06241	0.08608	0.12540	0.00610	0.00408	0.00124	0.00351	0.05555	0.00348	0.00495
29	0.00812	0.00812	0.01137	0.00975	0.00975	0.01137	0.00812	0.00893	0.00568	0.00893	0.00487	0.00812	0.00487	0.00650	0.01218	0.00162	0.86276	0.00325	0.00162	0.00406
30	0.00919	0.00882	0.01507	0.02278	0.84640	0.00882	0.01139	0.01139	0.00845	0.01213	0.00698	0.00919	0.00588	0.00331	0.00367	0.00110	0.00441	0.00331	0.00184	0.00588
31	0.03204	0.00723	0.00914	0.00716	0.00980	0.01874	0.02723	0.18141	0.02052	0.54723	0.01298	0.04657	0.00905	0.02520	0.01711	0.00129	0.01337	0.00394	0.00408	0.00590
32	0.00498	0.00397	0.00487	0.00495	0.00585	0.00367	0.02397	0.00651	0.05614	0.01076	0.13282	0.33306	0.34245	0.03202	0.00487	0.00140	0.00220	0.01870	0.00348	0.00332
33	0.00812	0.00812	0.01137	0.00975	0.00975	0.01137	0.00812	0.00893	0.00568	0.00893	0.00487	0.00812	0.00487	0.00650	0.01218	0.00162	0.86276	0.00325	0.00162	0.00406
34	0.00858	0.00733	0.01955	0.01029	0.20024	0.05749	0.03807	0.05622	0.03321	0.04430	0.02236	0.03329	0.01889	0.03369	0.08420	0.12524	0.00435	0.00351	0.00229	0.19691
35	0.04276	0.05089	0.01246	0.02725	0.33796	0.05740	0.05582	0.08560	0.06729	0.14114	0.02826	0.03242	0.00773	0.00405	0.00362	0.00110	0.00408	0.00357	0.00267	0.03393
36	0.00906	0.19994	0.39861	0.00908	0.05386	0.02298	0.00957	0.02042	0.02124	0.09663	0.00800	0.04340	0.00644	0.02647	0.00371	0.00112	0.00448	0.00308	0.00209	0.05982
37	0.24548	0.42377	0.04431	0.00810	0.06672	0.07118	0.06154	0.02267	0.00772	0.01161	0.00559	0.00662	0.00472	0.00333	0.00271	0.00097	0.00411	0.00232	0.00186	0.00467

[dist]
# distance from previous block
# <min> <max>
2	9

[block]
# block no. 2 follows, 74 sequences, length 49
# corresponding to MSA columns:
# 93-141
name=unknown_C
#
# <colnr> <probs for GDERKNQSTAVLIFYWHMCP>
#	G	D	E	R	K	N	Q	S	T	A	V	L	I	F	Y	W	H	M	C	P
0	0.01109	0.03108	0.03055	0.02082	0.01985	0.03761	0.00614	0.27820	0.16483	0.10297	0.04931	0.02163	0.00878	0.00434	0.00351	0.00102	0.00349	0.00346	0.00328	0.19804
1	0.00541	0.00405	0.00587	0.00585	0.00650	0.00468	0.00448	0.00687	0.02785	0.00868	0.01022	0.01536	0.00968	0.09630	0.76387	0.00565	0.00924	0.00410	0.00206	0.00329
2	0.01051	0.66598	0.01705	0.00690	0.00975	0.18401	0.00638	0.01164	0.00818	0.00885	0.00652	0.00724	0.03688	0.00354	0.00265	0.00084	0.00444	0.00229	0.00172	0.00461
3	0.00770	0.00660	0.00770	0.00550	0.00880	0.00495	0.00440	0.00935	0.00770	0.01210	0.00660	0.00770	0.00550	0.00275	0.00275	0.00055	0.00275	0.00220	0.00220	0.89224
4	0.00541	0.00361	0.00418	0.00418	0.00421	0.00365	0.00241	0.00546	0.00542	0.00727	0.01150	0.02349	0.01312	0.80509	0.06824	0.01898	0.00397	0.00528	0.00222	0.00230
5	0.00784	0.00717	0.03401	0.00674	0.05091	0.00543	0.01871	0.01924	0.01779	0.01223	0.00691	0.01709	0.00578	0.00295	0.00289	0.00063	0.00298	0.00243	0.00221	0.77605
6	0.01071	0.04055	0.11159	0.01372	0.29103	0.21283	0.03922	0.07914	0.08441	0.03964	0.00773	0.00881	0.00605	0.00372	0.00354	0.00107	0.00488	0.00307	0.00224	0.03605
7	0.00587	0.00461	0.03268	0.00508	0.00558	0.00438	0.03121	0.03462	0.00609	0.00826	0.01105	0.02137	0.01210	0.66343	0.13536	0.00369	0.00466	0.00501	0.00223	0.00274
8	0.01116	0.07008	0.08777	0.01364	0.32020	0.07825	0.03920	0.09750	0.02251	0.16179	0.02340	0.00960	0.00682	0.00378	0.00356	0.00107	0.00434	0.00324	0.00257	0.03951
9	0.00532	0.00392	0.00568	0.00568	0.00625	0.00449	0.00429	0.00645	0.00588	0.00841	0.01020	0.01602	0.00990	0.15249	0.73105	0.00561	0.00900	0.00419	0.00203	0.00316
10	0.01033	0.00813	0.00914	0.05920	0.02673	0.00899	0.00631	0.16537	0.50510	0.06961	0.01261	0.01206	0.00933	0.00461	0.00367	0.00116	0.00329	0.00378	0.00353	0.07705
11	0.89577	0.00718	0.00546	0.00488	0.00718	0.00833	0.00402	0.01091	0.00632	0.01665	0.00517	0.00603	0.00402	0.00345	0.00230	0.00115	0.00287	0.00201	0.00230	0.00402
12	0.03591	0.27240	0.15021	0.01004	0.14104	0.06960	0.02012	0.07040	0.05731	0.02779	0.00696	0.00788	0.00558	0.00348	0.00311	0.00096	0.00427	0.00266	0.00208	0.10821
13	0.00467	0.00341	0.00462	0.00524	0.00561	0.00317	0.01508	0.00549	0.00755	0.01011	0.10654	0.72953	0.05307	0.01100	0.00469	0.00146	0.00218	0.01998	0.00349	0.00310
14	0.00725	0.00684	0.01156	0.76995	0.11440	0.00831	0.01043	0.00969	0.00753	0.00977	0.00664	0.00982	0.00505	0.00367	0.00371	0.00122	0.00489	0.00330	0.00167	0.00431
15	0.01290	0.00643	0.00823	0.00614	0.00919	0.00524	0.00501	0.01443	0.00940	0.49856	0.01127	0.01057	0.00764	0.00382	0.00332	0.00090	0.00299	0.00309	0.00359	0.37726
16	0.01137	0.00739	0.01034	0.01992	0.01053	0.03157	0.12039	0.12935	0.02855	0.28640	0.13490	0.04326	0.01221	0.03709	0.00542	0.00131	0.09705	0.00442	0.00343	0.00511
17	0.00530	0.00397	0.00592	0.00592	0.00657	0.00462	0.00459	0.00660	0.00595	0.00859	0.00998	0.01479	0.00937	0.04604	0.83676	0.00591	0.00981	0.00401	0.00199	0.00329
18	0.00770	0.00660	0.00770	0.00550	0.00880	0.00495	0.00440	0.00935	0.00770	0.01210	0.00660	0.00770	0.00550	0.00275	0.00275	0.00055	0.00275	0.00220	0.00220	0.89224
19	0.00452	0.00323	0.00431	0.00517	0.00538	0.00301	0.00345	0.00517	0.00711	0.00948	0.02046	0.86713	0.02455	0.01163	0.00474	0.00151	0.00215	0.01055	0.00345	0.00301
20	0.01154	0.00878	0.00952	0.00792	0.01035	0.00990	0.00635	0.32720	0.45190	0.07360	0.01247	0.01175	0.00912	0.00483	0.00397	0.00121	0.02600	0.00382	0.00375	0.00602
21	0.00842	0.04865	0.00846	0.00595	0.02319	0.00563	0.00471	0.02793	0.00815	0.05996	0.02693	0.00842	0.00640	0.00304	0.00286	0.00063	0.00287	0.00243	0.00238	0.74301
22	0.00797	0.00749	0.01237	0.45088	0.34968	0.00836	0.01031	0.01068	0.04732	0.01091	0.00748	0.01057	0.00604	0.00376	0.00372	0.00118	0.00456	0.02398	0.00188	0.02086
23	0.00738	0.00666	0.01096	0.79760	0.02439	0.00813	0.00994	0.02379	0.00768	0.02901	0.00682	0.00987	0.00509	0.00371	0.00368	0.00121	0.00482	0.00327	0.00177	0.03424
24	0.02520	0.00971	0.22227	0.00838	0.05438	0.00704	0.01596	0.05426	0.10583	0.15569	0.04218	0.03168	0.03192	0.02918	0.08679	0.00166	0.02258	0.00376	0.00279	0.08873
25	0.00492	0.00377	0.00451	0.00436	0.00535	0.00336	0.00326	0.00636	0.00969	0.01301	0.53448	0.05178	0.32501	0.00834	0.00439	0.00121	0.00181	0.00721	0.00384	0.00336
26	0.02241	0.02677	0.00867	0.00719	0.08642	0.01854	0.00514	0.00981	0.00783	0.02378	0.00668	0.00782	0.00553	0.00286	0.00284	0.00063	0.00300	0.00232	0.00218	0.74958
27	0.00940	0.27135	0.28243	0.01141	0.17914	0.01029	0.04113	0.04028	0.01766	0.06137	0.00695	0.00801	0.00542	0.00345	0.00324	0.00102	0.00453	0.00277	0.00194	0.03822
28	0.06771	0.13944	0.10325	0.02446	0.04062	0.10892	0.02125	0.18668	0.03087	0.01315	0.00650	0.00788	0.00529	0.00448	0.00552	0.00119	0.22274	0.00289	0.00220	0.00495
29	0.00449	0.00376	0.00390	0.00387	0.00508	0.00318	0.00290	0.00552	0.00870	0.01059	0.13086	0.03480	0.75129	0.00919	0.00439	0.00124	0.00187	0.00770	0.00352	0.00318
30	0.02923	0.01947	0.16262	0.02491	0.22529	0.00689	0.02297	0.01146	0.02843	0.12212	0.12511	0.01215	0.01035	0.00414	0.00357	0.00104	0.00372	0.01392	0.00260	0.17002
31	0.00755	0.00653	0.01049	0.11111	0.41200	0.00666	0.00812	0.00943	0.02907	0.03391	0.03512	0.25934	0.01250	0.03589	0.00454	0.00133	0.00364	0.00561	0.00248	0.00467
32	0.00811	0.00666	0.00777	0.00565	0.00887	0.00521	0.00452	0.01025	0.05432	0.04326	0.00737	0.00822	0.00596	0.00295	0.00284	0.00061	0.00277	0.00237	0.00238	0.80991
33	0.00945	0.70865	0.17843	0.00716	0.01078	0.01353	0.00776	0.01124	0.00760	0.00931	0.00545	0.00631	0.00475	0.00324	0.00260	0.00087	0.00426	0.00213	0.00158	0.00490
34	0.00592	0.00396	0.00589	0.00579	0.00616	0.00455	0.00433	0.00610	0.00552	0.00782	0.00829	0.01291	0.00792	0.02080	0.48224	0.34030	0.06331	0.00364	0.00182	0.00272
35	0.01594	0.00650	0.00871	0.00673	0.00947	0.00587	0.00555	0.06123	0.01086	0.75730	0.04004	0.01279	0.00973	0.00473	0.00397	0.00116	0.02500	0.00379	0.00446	0.00617
36	0.04555	0.08771	0.11830	0.02962	0.08698	0.02259	0.15806	0.04301	0.05268	0.17683	0.03727	0.08675	0.00911	0.00513	0.02279	0.00128	0.00433	0.00415	0.00274	0.00514
37	0.02867	0.33833	0.01378	0.00831	0.02225	0.41574	0.00681	0.02801	0.04491	0.02187	0.00608	0.00692	0.00515	0.00374	0.00332	0.00094	0.03622	0.00239	0.00194	0.00462
38	0.89577	0.00718	0.00546	0.00488	0.00718	0.00833	0.00402	0.01091	0.00632	0.01665	0.00517	0.00603	0.00402	0.00345	0.00230	0.00115	0.00287	0.00201	0.00230	0.00402
39	0.00667	0.03310	0.08350	0.08401	0.14252	0.00594	0.07157	0.00838	0.00793	0.03178	0.03588	0.23263	0.13677	0.04937	0.00490	0.00141	0.00355	0.05334	0.00267	0.00409
40	0.00797	0.00659	0.00772	0.00553	0.00882	0.00496	0.00443	0.00961	0.00779	0.03762	0.00684	0.00785	0.00561	0.00281	0.00278	0.00057	0.00276	0.00225	0.00227	0.86522
41	0.00590	0.00518	0.01874	0.06475	0.09221	0.00497	0.00501	0.00808	0.07691	0.01178	0.21373	0.11493	0.29982	0.00750	0.00439	0.00123	0.02424	0.00644	0.00323	0.03095
42	0.05230	0.02032	0.07369	0.00828	0.01116	0.04001	0.02365	0.55510	0.03865	0.05540	0.01006	0.06176	0.02300	0.00483	0.00370	0.00115	0.00404	0.00377	0.00338	0.00576
43	0.00744	0.01920	0.85032	0.01058	0.01607	0.00862	0.01371	0.01176	0.00784	0.01176	0.00666	0.00784	0.00470	0.00353	0.00353	0.00118	0.00549	0.00274	0.00157	0.00549
44	0.00682	0.00702	0.01323	0.08021	0.01366	0.00675	0.39465	0.00891	0.00835	0.01091	0.04542	0.09275	0.24803	0.01514	0.00474	0.00131	0.02959	0.00587	0.00251	0.00412
45	0.00868	0.00860	0.05735	0.23045	0.40367	0.03387	0.06525	0.01094	0.00834	0.05429	0.02171	0.04318	0.02916	0.00404	0.00379	0.00117	0.00454	0.00379	0.00206	0.00511
46	0.01220	0.02776	0.03812	0.00875	0.01069	0.65255	0.00679	0.03758	0.02598	0.00995	0.03094	0.05083	0.06303	0.00470	0.00352	0.00102	0.00579	0.00333	0.00222	0.00428
47	0.04023	0.71012	0.01789	0.00682	0.00979	0.03333	0.05576	0.01091	0.00767	0.00936	0.03282	0.00748	0.00604	0.02548	0.01243	0.00098	0.00412	0.00240	0.00174	0.00462
48	0.00763	0.00683	0.01087	0.69892	0.03759	0.00838	0.00966	0.03705	0.05755	0.02882	0.00748	0.01048	0.00571	0.00430	0.01484	0.00131	0.03443	0.01185	0.00193	0.00436

[dist]
# distance from previous block
# <min> <max>
0	3

[block]
# block no. 3 follows, 74 sequences, length 6
# corresponding to MSA columns:
# 145-150
name=unknown_D
#
# <colnr> <probs for GDERKNQSTAVLIFYWHMCP>
#	G	D	E	R	K	N	Q	S	T	A	V	L	I	F	Y	W	H	M	C	P
0	0.00503	0.00451	0.00603	0.00534	0.00684	0.00393	0.09800	0.00631	0.00862	0.01059	0.08113	0.03264	0.65577	0.00862	0.00443	0.00127	0.00246	0.05181	0.00330	0.00339
1	0.00852	0.00865	0.05563	0.08639	0.06291	0.07512	0.00674	0.02959	0.22541	0.01231	0.01065	0.03127	0.05165	0.00449	0.00416	0.00106	0.07212	0.00354	0.00256	0.24722
2	0.00516	0.00423	0.00520	0.00488	0.00607	0.00386	0.03562	0.00702	0.05949	0.01205	0.30963	0.09700	0.41921	0.00845	0.00437	0.00124	0.00209	0.00731	0.00362	0.00349
3	0.00534	0.00433	0.00529	0.00558	0.00618	0.03951	0.00411	0.00636	0.00739	0.00977	0.08419	0.37582	0.11353	0.01493	0.23642	0.00265	0.02984	0.04254	0.00298	0.00325
4	0.03894	0.07122	0.04069	0.00874	0.05399	0.14208	0.02668	0.19356	0.25492	0.01470	0.01095	0.10789	0.00935	0.00510	0.00366	0.00116	0.00401	0.00413	0.00300	0.00522
5	0.06000	0.10975	0.25131	0.01182	0.23586	0.00842	0.00930	0.01225	0.00830	0.14338	0.00774	0.00862	0.00579	0.00350	0.00331	0.00103	0.00419	0.00286	0.00223	0.11035

[dist]
# distance from previous block
# <min> <max>
0	1

[block]
# block no. 4 follows, 74 sequences, length 91
# corresponding to MSA columns:
# 152-242
name=unknown_E
#
# <colnr> <probs for GDERKNQSTAVLIFYWHMCP>
#	G	D	E	R	K	N	Q	S	T	A	V	L	I	F	Y	W	H	M	C	P
0	0.00934	0.30380	0.29451	0.01153	0.18668	0.01916	0.01922	0.06717	0.00857	0.02556	0.00648	0.00765	0.00517	0.00349	0.00332	0.00103	0.01745	0.00268	0.00183	0.00536
1	0.00790	0.06435	0.66261	0.01061	0.01551	0.00908	0.08775	0.01210	0.04514	0.02134	0.00709	0.00826	0.00514	0.00362	0.00375	0.00117	0.02453	0.00294	0.00173	0.00540
2	0.00448	0.00381	0.00412	0.00412	0.00530	0.00323	0.01680	0.00542	0.00832	0.01000	0.03520	0.12731	0.74003	0.00954	0.00443	0.00128	0.00198	0.00808	0.00342	0.00315
3	0.00976	0.01028	0.15772	0.03347	0.51706	0.02247	0.01058	0.01261	0.04856	0.11358	0.02297	0.00989	0.00682	0.00368	0.00367	0.00113	0.00437	0.00335	0.00226	0.00576
4	0.03717	0.00822	0.02380	0.09189	0.56058	0.00820	0.05524	0.01137	0.03175	0.05291	0.00938	0.02196	0.04552	0.00399	0.00375	0.00116	0.00425	0.02130	0.00215	0.00542
5	0.00497	0.00389	0.00441	0.00463	0.00572	0.00345	0.00364	0.00608	0.00839	0.02034	0.04329	0.07276	0.56237	0.03452	0.00499	0.00144	0.00233	0.20614	0.00343	0.00322
6	0.00726	0.00687	0.01168	0.76360	0.10912	0.00832	0.02177	0.00971	0.00755	0.00979	0.00665	0.00983	0.00505	0.00366	0.00372	0.00122	0.00491	0.00331	0.00167	0.00431
7	0.00902	0.00912	0.05602	0.03324	0.60377	0.04345	0.02494	0.01134	0.02810	0.03452	0.02238	0.02446	0.04026	0.00447	0.02293	0.00124	0.01953	0.00366	0.00207	0.00548
8	0.01080	0.00512	0.00678	0.00567	0.00752	0.00461	0.00449	0.02319	0.02365	0.40701	0.40546	0.03478	0.02163	0.00613	0.00404	0.00116	0.00247	0.00526	0.01535	0.00489
9	0.13061	0.00613	0.00607	0.00524	0.00700	0.04654	0.00415	0.11553	0.02641	0.16533	0.01097	0.01160	0.00811	0.00426	0.00296	0.00100	0.00270	0.00326	0.43762	0.00450
10	0.00800	0.02520	0.02499	0.07470	0.24660	0.00652	0.04201	0.02031	0.04137	0.08078	0.04132	0.06790	0.11827	0.00637	0.00417	0.00130	0.00363	0.17911	0.00284	0.00462
11	0.00506	0.01890	0.00496	0.00523	0.00581	0.00366	0.00378	0.00615	0.02153	0.01841	0.09564	0.51469	0.10923	0.02431	0.08216	0.00188	0.00297	0.06908	0.00334	0.00323
12	0.48432	0.00749	0.00738	0.00603	0.00861	0.00805	0.00497	0.15772	0.00953	0.26062	0.00859	0.00846	0.00593	0.00396	0.00296	0.00114	0.00317	0.00275	0.00322	0.00509
13	0.00701	0.00660	0.01113	0.86063	0.02556	0.00825	0.01031	0.00948	0.00742	0.00948	0.00660	0.00990	0.00495	0.00371	0.00371	0.00124	0.00495	0.00330	0.00165	0.00412
14	0.00752	0.01823	0.77588	0.01121	0.05703	0.00857	0.03370	0.01164	0.00790	0.01175	0.00716	0.00837	0.01734	0.00359	0.00357	0.00117	0.00540	0.00289	0.00162	0.00546
15	0.00491	0.00378	0.00449	0.00431	0.00533	0.00336	0.00323	0.00634	0.00970	0.01296	0.52441	0.03090	0.35625	0.00831	0.00438	0.00120	0.00180	0.00716	0.00383	0.00336
16	0.00465	0.00337	0.00440	0.00519	0.00549	0.00319	0.00349	0.00557	0.02976	0.00966	0.02081	0.81971	0.04811	0.01138	0.00470	0.00149	0.00217	0.01030	0.00345	0.00310
17	0.00992	0.87178	0.01945	0.00635	0.00953	0.01469	0.00635	0.01111	0.00754	0.00873	0.00516	0.00595	0.00476	0.00318	0.00238	0.00079	0.00397	0.00198	0.00159	0.00476
18	0.00799	0.00482	0.00600	0.00608	0.06832	0.00425	0.00426	0.00931	0.01938	0.22334	0.07483	0.06034	0.47062	0.00767	0.00418	0.00123	0.00243	0.01708	0.00366	0.00420
19	0.09181	0.00653	0.00793	0.00648	0.00893	0.00640	0.00524	0.01676	0.20221	0.50137	0.09427	0.01379	0.01173	0.00488	0.00368	0.00118	0.00295	0.00398	0.00415	0.00574
20	0.13384	0.00643	0.00819	0.00637	0.00917	0.00584	0.00526	0.01713	0.01005	0.73802	0.01338	0.01175	0.00850	0.00444	0.00354	0.00115	0.00312	0.00350	0.00429	0.00601
21	0.01522	0.00756	0.02843	0.03129	0.06389	0.00698	0.00646	0.17429	0.01165	0.59513	0.01265	0.01152	0.00821	0.00444	0.00372	0.00114	0.00352	0.00360	0.00410	0.00621
22	0.01316	0.00693	0.01812	0.00755	0.00946	0.00728	0.00628	0.04625	0.00919	0.50569	0.01178	0.04511	0.00862	0.00590	0.02093	0.00139	0.24865	0.01870	0.00357	0.00543
23	0.00512	0.00379	0.00454	0.00441	0.00542	0.00337	0.00328	0.00647	0.00948	0.03064	0.46098	0.09379	0.33816	0.00851	0.00439	0.00123	0.00186	0.00736	0.00381	0.00339
24	0.00883	0.00828	0.02477	0.25331	0.50412	0.00857	0.05491	0.01142	0.03543	0.04362	0.00746	0.00969	0.00590	0.00352	0.00373	0.00116	0.00458	0.00340	0.00195	0.00536
25	0.00755	0.00644	0.00752	0.00544	0.00861	0.00486	0.00434	0.00919	0.00782	0.01217	0.03935	0.00895	0.02111	0.00305	0.00284	0.00059	0.00270	0.00247	0.00229	0.84273
26	0.89577	0.00718	0.00546	0.00488	0.00718	0.00833	0.00402	0.01091	0.00632	0.01665	0.00517	0.00603	0.00402	0.00345	0.00230	0.00115	0.00287	0.00201	0.00230	0.00402
27	0.00478	0.00378	0.00430	0.00417	0.00525	0.00330	0.00313	0.00608	0.00938	0.01221	0.40065	0.03212	0.48048	0.00859	0.00438	0.00121	0.00182	0.00733	0.00373	0.00330
28	0.00923	0.00800	0.00864	0.00812	0.04069	0.00922	0.00608	0.01941	0.80886	0.01540	0.01481	0.01368	0.01113	0.00497	0.00377	0.00125	0.00299	0.00416	0.00370	0.00588
29	0.00946	0.00809	0.00852	0.00760	0.00974	0.00934	0.00593	0.05829	0.80075	0.01590	0.01481	0.01361	0.01109	0.00501	0.00377	0.00125	0.00299	0.00416	0.00377	0.00590
30	0.00964	0.77367	0.11507	0.00684	0.01028	0.01399	0.00720	0.01119	0.00758	0.00908	0.00533	0.00617	0.00476	0.00322	0.00251	0.00084	0.00414	0.00207	0.00159	0.00485
31	0.00791	0.03667	0.78716	0.01034	0.01564	0.00877	0.01316	0.03875	0.00820	0.03013	0.00688	0.00794	0.00485	0.00357	0.00351	0.00116	0.00536	0.00277	0.00170	0.00552
32	0.00445	0.00352	0.00401	0.00439	0.00518	0.00308	0.00310	0.00526	0.00785	0.00978	0.02993	0.40799	0.47758	0.01040	0.00454	0.00137	0.00200	0.00905	0.00345	0.00308
33	0.00992	0.87178	0.01945	0.00635	0.00953	0.01469	0.00635	0.01111	0.00754	0.00873	0.00516	0.00595	0.00476	0.00318	0.00238	0.00079	0.00397	0.00198	0.00159	0.00476
34	0.01139	0.01119	0.31293	0.14867	0.03641	0.00728	0.02423	0.02381	0.00909	0.36294	0.01005	0.01027	0.00669	0.00400	0.00366	0.00117	0.00439	0.00330	0.00289	0.00562
35	0.00443	0.00373	0.00383	0.00387	0.00505	0.00314	0.00288	0.00538	0.00846	0.01017	0.06580	0.08020	0.77149	0.00946	0.00441	0.00126	0.00189	0.00794	0.00347	0.00314
36	0.00549	0.00382	0.00487	0.00480	0.00563	0.00356	0.00352	0.00716	0.02922	0.03424	0.55058	0.20930	0.07244	0.00830	0.00436	0.00124	0.00191	0.00734	0.03873	0.00350
37	0.00812	0.00812	0.01137	0.00975	0.00975	0.01137	0.00812	0.00893	0.00568	0.00893	0.00487	0.00812	0.00487	0.00650	0.01218	0.00162	0.86276	0.00325	0.00162	0.00406
38	0.00980	0.04096	0.29077	0.11273	0.22067	0.18127	0.01064	0.02441	0.00877	0.05584	0.00696	0.00839	0.00530	0.00361	0.00353	0.00111	0.00521	0.00291	0.00191	0.00522
39	0.00876	0.01695	0.69557	0.01004	0.01503	0.00823	0.02652	0.01287	0.03541	0.12418	0.00802	0.00871	0.00554	0.00371	0.00358	0.00118	0.00510	0.00295	0.00205	0.00560
40	0.00852	0.00643	0.00671	0.00612	0.00780	0.00722	0.00473	0.04118	0.51460	0.01512	0.01416	0.01397	0.02134	0.00483	0.00337	0.00112	0.00254	0.00396	0.31125	0.00502
41	0.00481	0.00388	0.00434	0.00447	0.00556	0.00344	0.00345	0.00611	0.02297	0.01085	0.13422	0.08928	0.55929	0.00937	0.00450	0.00132	0.00212	0.12323	0.00353	0.00326
42	0.00970	0.02227	0.11211	0.02832	0.60794	0.02214	0.01087	0.03876	0.00877	0.07130	0.00745	0.00916	0.00592	0.00355	0.00385	0.00112	0.02570	0.00324	0.00205	0.00577
43	0.00694	0.00652	0.01082	0.78254	0.02391	0.00815	0.00988	0.00928	0.00736	0.00946	0.00759	0.01074	0.03247	0.00442	0.01835	0.00133	0.04099	0.00346	0.00171	0.00407
44	0.27201	0.07728	0.03350	0.03599	0.07681	0.39420	0.03816	0.01276	0.00866	0.01172	0.00574	0.00690	0.00468	0.00359	0.00305	0.00104	0.00508	0.00243	0.00198	0.00443
45	0.08340	0.00617	0.00768	0.00608	0.00858	0.00573	0.00498	0.06670	0.01025	0.59621	0.01313	0.01208	0.00866	0.00445	0.00343	0.00110	0.00296	0.00353	0.14920	0.00567
46	0.00530	0.00398	0.00597	0.00597	0.00663	0.00464	0.00464	0.00663	0.00597	0.00862	0.00994	0.01458	0.00928	0.02784	0.85484	0.00597	0.00994	0.00398	0.00199	0.00331
47	0.00770	0.00660	0.00770	0.00550	0.00880	0.00495	0.00440	0.00935	0.00770	0.01210	0.00660	0.00770	0.00550	0.00275	0.00275	0.00055	0.00275	0.00220	0.00220	0.89224
48	0.01411	0.01040	0.01114	0.00854	0.01151	0.01151	0.00706	0.83402	0.01745	0.02339	0.00891	0.00891	0.00631	0.00446	0.00371	0.00111	0.00408	0.00334	0.00371	0.00631
49	0.00770	0.00660	0.00770	0.00550	0.00880	0.00495	0.00440	0.00935	0.00770	0.01210	0.00660	0.00770	0.00550	0.00275	0.00275	0.00055	0.00275	0.00220	0.00220	0.89224
50	0.00454	0.00324	0.00434	0.00518	0.00541	0.00305	0.00347	0.00520	0.00708	0.00946	0.02026	0.85082	0.02426	0.01194	0.02100	0.00159	0.00230	0.01043	0.00342	0.00302
51	0.01387	0.01769	0.01052	0.00956	0.01148	0.85465	0.00717	0.01482	0.01052	0.00908	0.00574	0.00669	0.00478	0.00383	0.00335	0.00096	0.00669	0.00239	0.00191	0.00430
52	0.00530	0.00398	0.00597	0.00597	0.00663	0.00464	0.00464	0.00663	0.00597	0.00862	0.00994	0.01458	0.00928	0.02784	0.85484	0.00597	0.00994	0.00398	0.00199	0.00331
53	0.00533	0.00393	0.00575	0.00575	0.00634	0.00451	0.00438	0.00647	0.00589	0.00844	0.01006	0.01551	0.00966	0.11268	0.75669	0.02011	0.00919	0.00411	0.00201	0.00318
54	0.01355	0.01716	0.01057	0.00957	0.01138	0.80821	0.00722	0.01450	0.01025	0.00908	0.00569	0.00677	0.00479	0.00397	0.00383	0.00099	0.05384	0.00244	0.00190	0.00429
55	0.00539	0.00365	0.00430	0.00430	0.00439	0.00373	0.00256	0.00556	0.00547	0.00738	0.01147	0.02302	0.01294	0.75942	0.12827	0.00391	0.00443	0.00521	0.00222	0.00239
56	0.00782	0.00668	0.00776	0.00558	0.00885	0.00512	0.00446	0.02200	0.02118	0.01232	0.00677	0.00781	0.00560	0.00281	0.00278	0.00057	0.00277	0.00225	0.00225	0.86462
57	0.00913	0.00876	0.01496	0.04554	0.82410	0.00880	0.01136	0.01134	0.00842	0.01205	0.00697	0.00921	0.00585	0.00332	0.00368	0.00111	0.00442	0.00331	0.00183	0.00583
58	0.01415	0.01033	0.01110	0.00851	0.01148	0.01140	0.00703	0.81971	0.01733	0.03787	0.00901	0.00898	0.00636	0.00446	0.00371	0.00111	0.00407	0.00335	0.00373	0.00631
59	0.00516	0.00367	0.00468	0.00469	0.00539	0.00341	0.00340	0.00653	0.00923	0.01293	0.53288	0.19561	0.06766	0.06630	0.00537	0.00140	0.00200	0.02747	0.03890	0.00330
60	0.00692	0.00346	0.00346	0.00346	0.00432	0.00346	0.00259	0.00865	0.00778	0.01384	0.01211	0.01384	0.00951	0.00432	0.00259	0.00086	0.00173	0.00346	0.89016	0.00346
61	0.00895	0.00773	0.00812	0.00733	0.00938	0.00887	0.00570	0.01888	0.79095	0.01520	0.01643	0.01513	0.06021	0.00529	0.00381	0.00126	0.00288	0.00441	0.00376	0.00571
62	0.01400	0.01029	0.01102	0.00846	0.01140	0.01139	0.00699	0.82153	0.01731	0.02325	0.00896	0.00899	0.00636	0.00445	0.00370	0.00111	0.00405	0.00334	0.01713	0.00627
63	0.00511	0.00378	0.00477	0.00455	0.00547	0.00344	0.00340	0.00672	0.01013	0.01406	0.70902	0.04963	0.15024	0.00795	0.00439	0.00119	0.00178	0.00697	0.00398	0.00344
64	0.01387	0.01769	0.01052	0.00956	0.01148	0.85465	0.00717	0.01482	0.01052	0.00908	0.00574	0.00669	0.00478	0.00383	0.00335	0.00096	0.00669	0.00239	0.00191	0.00430
65	0.00744	0.01920	0.85032	0.01058	0.01607	0.00862	0.01371	0.01176	0.00784	0.01176	0.00666	0.00784	0.00470	0.00353	0.00353	0.00118	0.00549	0.00274	0.00157	0.00549
66	0.00515	0.00395	0.00474	0.00451	0.00555	0.00362	0.00339	0.00700	0.04253	0.01346	0.57013	0.02958	0.27667	0.00803	0.00436	0.00120	0.00184	0.00695	0.00388	0.00349
67	0.00453	0.00377	0.00396	0.00391	0.00510	0.00319	0.00293	0.00560	0.00880	0.01083	0.17015	0.03441	0.71184	0.00910	0.00439	0.00124	0.00186	0.00765	0.00355	0.00319
68	0.00692	0.00346	0.00346	0.00346	0.00432	0.00346	0.00259	0.00865	0.00778	0.01384	0.01211	0.01384	0.00951	0.00432	0.00259	0.00086	0.00173	0.00346	0.89016	0.00346
69	0.00812	0.00812	0.01137	0.00975	0.00975	0.01137	0.00812	0.00893	0.00568	0.00893	0.00487	0.00812	0.00487	0.00650	0.01218	0.00162	0.86276	0.00325	0.00162	0.00406
70	0.89577	0.00718	0.00546	0.00488	0.00718	0.00833	0.00402	0.01091	0.00632	0.01665	0.00517	0.00603	0.00402	0.00345	0.00230	0.00115	0.00287	0.00201	0.00230	0.00402
71	0.00453	0.00377	0.00396	0.00391	0.00510	0.00320	0.00294	0.00561	0.00881	0.01085	0.17377	0.03437	0.70821	0.00909	0.00439	0.00124	0.00186	0.00764	0.00355	0.00320
72	0.00770	0.00660	0.00770	0.00550	0.00880	0.00495	0.00440	0.00935	0.00770	0.01210	0.00660	0.00770	0.00550	0.00275	0.00275	0.00055	0.00275	0.00220	0.00220	0.89224
73	0.00992	0.87178	0.01945	0.00635	0.00953	0.01469	0.00635	0.01111	0.00754	0.00873	0.00516	0.00595	0.00476	0.00318	0.00238	0.00079	0.00397	0.00198	0.00159	0.00476
74	0.00920	0.00895	0.01654	0.06520	0.54353	0.00883	0.24001	0.01166	0.00856	0.04034	0.00737	0.00957	0.00587	0.00332	0.00388	0.00115	0.00491	0.00362	0.00193	0.00556
75	0.00794	0.00703	0.00933	0.36645	0.01608	0.00840	0.00763	0.01423	0.41390	0.01236	0.01106	0.01225	0.00846	0.00654	0.08083	0.00168	0.00442	0.00380	0.00272	0.00491
76	0.00681	0.00569	0.00775	0.00827	0.16089	0.00497	0.00525	0.00860	0.00913	0.01335	0.38987	0.01750	0.03053	0.00515	0.00369	0.00094	0.00259	0.00454	0.00301	0.31148
77	0.00452	0.00323	0.00431	0.00517	0.00538	0.00301	0.00345	0.00517	0.00711	0.00948	0.02046	0.86713	0.02455	0.01163	0.00474	0.00151	0.00215	0.01055	0.00345	0.00301
78	0.00872	0.01063	0.16044	0.01779	0.44541	0.00862	0.21397	0.01148	0.00855	0.02627	0.04646	0.01008	0.00704	0.00352	0.00386	0.00116	0.00491	0.00364	0.00195	0.00549
79	0.00908	0.56798	0.29642	0.00779	0.01171	0.01254	0.00880	0.01152	0.02627	0.00989	0.00588	0.00676	0.00489	0.00333	0.00279	0.00093	0.00445	0.00229	0.00163	0.00503
80	0.89577	0.00718	0.00546	0.00488	0.00718	0.00833	0.00402	0.01091	0.00632	0.01665	0.00517	0.00603	0.00402	0.00345	0.00230	0.00115	0.00287	0.00201	0.00230	0.00402
81	0.00992	0.87178	0.01945	0.00635	0.00953	0.01469	0.00635	0.01111	0.00754	0.00873	0.00516	0.00595	0.00476	0.00318	0.00238	0.00079	0.00397	0.00198	0.00159	0.00476
82	0.00441	0.00376	0.00379	0.00379	0.00503	0.00314	0.00284	0.00537	0.00852	0.01016	0.06002	0.03550	0.82239	0.00935	0.00439	0.00125	0.00188	0.00780	0.00346	0.00314
83	0.00500	0.00376	0.00463	0.00446	0.00540	0.00339	0.00333	0.00650	0.00983	0.01340	0.60208	0.06862	0.23952	0.00823	0.00440	0.00120	0.00180	0.00717	0.00389	0.00339
84	0.01387	0.01769	0.01052	0.00956	0.01148	0.85465	0.00717	0.01482	0.01052	0.00908	0.00574	0.00669	0.00478	0.00383	0.00335	0.00096	0.00669	0.00239	0.00191	0.00430
85	0.00451	0.00335	0.00421	0.00488	0.00531	0.00305	0.00332	0.00524	0.00745	0.00970	0.04127	0.68559	0.18637	0.01110	0.00466	0.00145	0.00209	0.00994	0.00346	0.00305
86	0.00992	0.87178	0.01945	0.00635	0.00953	0.01469	0.00635	0.01111	0.00754	0.00873	0.00516	0.00595	0.00476	0.00318	0.00238	0.00079	0.00397	0.00198	0.00159	0.00476
87	0.00511	0.00379	0.00476	0.00452	0.00546	0.00344	0.00339	0.00673	0.01017	0.01408	0.71053	0.02905	0.16943	0.00789	0.00438	0.00118	0.00177	0.00690	0.00398	0.00344
88	0.01246	0.00954	0.01019	0.00819	0.01085	0.01068	0.00664	0.56962	0.27234	0.02075	0.01100	0.02269	0.00813	0.00474	0.00375	0.00116	0.00370	0.00371	0.00373	0.00613
89	0.00457	0.00352	0.00418	0.00453	0.00526	0.00313	0.00320	0.00550	0.00814	0.01048	0.14598	0.41136	0.35653	0.01015	0.00454	0.00136	0.00199	0.00890	0.00354	0.00313
90	0.00532	0.00392	0.00565	0.00565	0.00621	0.00447	0.00425	0.00643	0.00587	0.00839	0.01023	0.01615	0.00996	0.16420	0.71942	0.00558	0.00891	0.00421	0.00203	0.00314

[dist]
# distance from previous block
# <min> <max>
0	1

[block]
# block no. 5 follows, 74 sequences, length 15
# corresponding to MSA columns:
# 244-258
name=unknown_F
#
# <colnr> <probs for GDERKNQSTAVLIFYWHMCP>
#	G	D	E	R	K	N	Q	S	T	A	V	L	I	F	Y	W	H	M	C	P
0	0.03420	0.14955	0.03390	0.00979	0.02530	0.20475	0.22389	0.02482	0.00861	0.01048	0.00941	0.14699	0.00927	0.01911	0.00425	0.00121	0.02669	0.05122	0.00221	0.00435
1	0.89577	0.00718	0.00546	0.00488	0.00718	0.00833	0.00402	0.01091	0.00632	0.01665	0.00517	0.00603	0.00402	0.00345	0.00230	0.00115	0.00287	0.00201	0.00230	0.00402
2	0.00537	0.00373	0.00465	0.00471	0.00504	0.00375	0.00317	0.00605	0.00676	0.00925	0.16697	0.06190	0.01806	0.48485	0.12863	0.00322	0.00404	0.07438	0.00270	0.00276
3	0.00836	0.00852	0.01133	0.00974	0.00982	0.04661	0.00808	0.00918	0.00589	0.00894	0.00491	0.00806	0.00487	0.00639	0.01181	0.00160	0.82699	0.00321	0.00164	0.00407
4	0.01586	0.00759	0.00940	0.00721	0.01011	0.00735	0.00596	0.27297	0.01276	0.59107	0.01285	0.01147	0.00829	0.00455	0.00373	0.00114	0.00345	0.00361	0.00432	0.00632
5	0.00992	0.87178	0.01945	0.00635	0.00953	0.01469	0.00635	0.01111	0.00754	0.00873	0.00516	0.00595	0.00476	0.00318	0.00238	0.00079	0.00397	0.00198	0.00159	0.00476
6	0.00475	0.00339	0.00457	0.00543	0.00575	0.00321	0.00384	0.00556	0.00733	0.00973	0.02033	0.73771	0.02405	0.01141	0.00480	0.00154	0.00235	0.13771	0.00344	0.00308
7	0.01387	0.01769	0.01052	0.00956	0.01148	0.85465	0.00717	0.01482	0.01052	0.00908	0.00574	0.00669	0.00478	0.00383	0.00335	0.00096	0.00669	0.00239	0.00191	0.00430
8	0.00822	0.01770	0.74759	0.01022	0.01527	0.00848	0.01282	0.01215	0.00797	0.07914	0.00723	0.00824	0.00507	0.00374	0.00390	0.00119	0.04093	0.00284	0.00181	0.00549
9	0.00923	0.00797	0.00839	0.00755	0.00965	0.00923	0.00588	0.01972	0.83969	0.01553	0.01511	0.01385	0.01133	0.00504	0.00378	0.00126	0.00294	0.00420	0.00378	0.00588
10	0.00530	0.00398	0.00597	0.00597	0.00663	0.00464	0.00464	0.00663	0.00597	0.00862	0.00994	0.01458	0.00928	0.02784	0.85484	0.00597	0.00994	0.00398	0.00199	0.00331
11	0.00531	0.00395	0.00581	0.00581	0.00642	0.00456	0.00445	0.00653	0.00592	0.00850	0.01008	0.01536	0.00962	0.09570	0.78744	0.00577	0.00943	0.00409	0.00201	0.00323
12	0.00521	0.00379	0.00490	0.00462	0.00552	0.00348	0.00346	0.00691	0.01039	0.01462	0.79995	0.02817	0.07968	0.00769	0.00438	0.00117	0.00176	0.00677	0.00405	0.00348
13	0.85319	0.00702	0.00543	0.00487	0.00710	0.00810	0.00400	0.01072	0.00652	0.01657	0.04530	0.00707	0.00550	0.00364	0.00240	0.00115	0.00282	0.00223	0.00238	0.00400
14	0.12272	0.37320	0.32511	0.00801	0.01187	0.01117	0.02680	0.01187	0.05818	0.01135	0.00637	0.00723	0.00506	0.00345	0.00292	0.00102	0.00438	0.00246	0.00181	0.00501

[dist]
# distance from previous block
# <min> <max>
1	6

[block]
# block no. 6 follows, 74 sequences, length 144
# corresponding to MSA columns:
# 265-408
name=unknown_G
#
# <colnr> <probs for GDERKNQSTAVLIFYWHMCP>
#	G	D	E	R	K	N	Q	S	T	A	V	L	I	F	Y	W	H	M	C	P
0	0.01274	0.21453	0.02854	0.03437	0.01139	0.31484	0.00703	0.24778	0.01162	0.06016	0.00706	0.00762	0.00548	0.00387	0.00325	0.00098	0.00498	0.00267	0.00249	0.01857
1	0.02704	0.00781	0.01187	0.05322	0.44410	0.00732	0.01912	0.01108	0.01988	0.05583	0.00732	0.00891	0.00592	0.00323	0.00335	0.00093	0.00378	0.00296	0.00213	0.30420
2	0.00889	0.39763	0.39423	0.00918	0.03761	0.02223	0.03998	0.03196	0.00803	0.01068	0.00608	0.00713	0.00484	0.00338	0.00306	0.00100	0.00479	0.00249	0.00165	0.00516
3	0.00968	0.00530	0.00661	0.00589	0.00756	0.00508	0.00454	0.02392	0.14525	0.29781	0.16705	0.20419	0.08711	0.00714	0.00413	0.00126	0.00256	0.00617	0.00401	0.00475
4	0.00483	0.00372	0.00441	0.00435	0.00531	0.00330	0.00322	0.00614	0.00934	0.01237	0.43422	0.11398	0.36397	0.00873	0.00442	0.00124	0.00184	0.00755	0.00376	0.00330
5	0.01170	0.01418	0.01071	0.27885	0.01593	0.58684	0.00816	0.01313	0.00954	0.00921	0.00601	0.00771	0.00483	0.00379	0.00346	0.00105	0.00614	0.00268	0.00183	0.00425
6	0.00632	0.00502	0.00587	0.00601	0.00697	0.00534	0.00434	0.01068	0.31392	0.01215	0.08698	0.48321	0.02055	0.00887	0.00435	0.00139	0.00241	0.00789	0.00362	0.00411
7	0.00528	0.00387	0.00496	0.00468	0.00559	0.00359	0.00351	0.00715	0.02588	0.01464	0.78613	0.02789	0.07757	0.00764	0.00437	0.00117	0.00178	0.00673	0.00405	0.00353
8	0.00757	0.06372	0.80693	0.01036	0.01572	0.00894	0.01333	0.01172	0.00782	0.01160	0.00658	0.00774	0.00471	0.00351	0.00347	0.00116	0.00541	0.00270	0.00157	0.00545
9	0.03027	0.00803	0.00840	0.00752	0.00965	0.00928	0.00587	0.04355	0.79579	0.01579	0.01469	0.01352	0.01101	0.00498	0.00374	0.00125	0.00297	0.00412	0.00374	0.00584
10	0.01238	0.00769	0.00880	0.00734	0.00981	0.00820	0.00587	0.11695	0.45491	0.30402	0.01420	0.01284	0.00999	0.00481	0.00375	0.00120	0.00315	0.00393	0.00405	0.00608
11	0.00701	0.00660	0.01113	0.86063	0.02556	0.00825	0.01031	0.00948	0.00742	0.00948	0.00660	0.00990	0.00495	0.00371	0.00371	0.00124	0.00495	0.00330	0.00165	0.00412
12	0.00799	0.01811	0.76855	0.01060	0.01587	0.00849	0.05068	0.01209	0.00802	0.05548	0.00712	0.00819	0.00498	0.00356	0.00358	0.00118	0.00540	0.00287	0.00174	0.00551
13	0.00911	0.00484	0.00521	0.00459	0.00600	0.00491	0.00360	0.13583	0.00958	0.10908	0.01190	0.01295	0.00899	0.00437	0.00289	0.00093	0.00225	0.00347	0.65526	0.00422
14	0.00453	0.00324	0.00432	0.00516	0.00539	0.00302	0.00345	0.00520	0.00716	0.00956	0.03392	0.85342	0.02472	0.01156	0.00473	0.00150	0.00215	0.01049	0.00346	0.00302
15	0.01049	0.37221	0.04107	0.01310	0.33821	0.04879	0.00849	0.01219	0.00839	0.10440	0.00701	0.00806	0.00570	0.00343	0.00312	0.00097	0.00422	0.00274	0.00204	0.00538
16	0.00782	0.00692	0.04020	0.00957	0.15573	0.07533	0.04374	0.01737	0.03643	0.08748	0.01538	0.41537	0.04677	0.00774	0.00432	0.00131	0.01436	0.00692	0.00299	0.00426
17	0.01665	0.00632	0.00861	0.00660	0.00948	0.00546	0.00546	0.01809	0.01062	0.84897	0.01464	0.01263	0.00919	0.00459	0.00373	0.00115	0.00316	0.00373	0.00459	0.00632
18	0.00451	0.00386	0.00387	0.00385	0.00513	0.00328	0.00289	0.00568	0.02881	0.01016	0.03705	0.03519	0.82449	0.00929	0.00437	0.00125	0.00191	0.00774	0.00345	0.00320
19	0.01079	0.03203	0.09116	0.04801	0.41417	0.00847	0.08454	0.06700	0.00940	0.18502	0.00864	0.00977	0.00639	0.00366	0.00371	0.00113	0.00441	0.00341	0.00249	0.00579
20	0.00966	0.00685	0.00996	0.01668	0.02172	0.01953	0.12051	0.07190	0.06122	0.19372	0.01396	0.13885	0.05494	0.00710	0.02761	0.00147	0.12833	0.08814	0.00315	0.00471
21	0.00605	0.00362	0.00415	0.00402	0.00491	0.00346	0.00301	0.00776	0.00904	0.01414	0.38924	0.02109	0.05843	0.00603	0.00348	0.00102	0.00175	0.00512	0.45020	0.00346
22	0.00919	0.00882	0.01507	0.02278	0.84640	0.00882	0.01139	0.01139	0.00845	0.01213	0.00698	0.00919	0.00588	0.00331	0.00367	0.00110	0.00441	0.00331	0.00184	0.00588
23	0.00770	0.00660	0.00770	0.00550	0.00880	0.00495	0.00440	0.00935	0.00770	0.01210	0.00660	0.00770	0.00550	0.00275	0.00275	0.00055	0.00275	0.00220	0.00220	0.89224
