[name]
unknown

[dist]
# distance from previous block
# <min> <max>
0	119

[block]
# block no. 0 follows, 68 sequences, length 40
# corresponding to MSA columns:
# 190-229
name=unknown_A
#
# <colnr> <probs for GDERKNQSTAVLIFYWHMCP>
#	G	D	E	R	K	N	Q	S	T	A	V	L	I	F	Y	W	H	M	C	P
0	0.07210	0.01971	0.01072	0.06174	0.10078	0.07818	0.10114	0.14396	0.00998	0.01362	0.01220	0.17389	0.03843	0.06015	0.04447	0.00169	0.00461	0.02690	0.00280	0.02293
1	0.06704	0.06616	0.06019	0.06813	0.02116	0.04426	0.01774	0.06424	0.05727	0.02000	0.07495	0.12279	0.11672	0.05665	0.00493	0.00138	0.00357	0.03210	0.00296	0.09777
2	0.01061	0.02013	0.03839	0.08991	0.06631	0.19862	0.02947	0.13326	0.03275	0.04363	0.03995	0.10248	0.00975	0.00728	0.06362	0.00163	0.08212	0.00437	0.02082	0.00491
3	0.00726	0.00507	0.00584	0.00542	0.00632	0.00536	0.00396	0.09235	0.04072	0.01302	0.13729	0.04435	0.07283	0.25711	0.04461	0.00221	0.04845	0.02259	0.18150	0.00373
4	0.01318	0.00686	0.00823	0.00749	0.06407	0.03854	0.00552	0.05946	0.06002	0.39135	0.01338	0.01309	0.00935	0.00466	0.00358	0.00111	0.00319	0.00377	0.26178	0.03137
5	0.00987	0.02555	0.03830	0.00753	0.01095	0.00741	0.06448	0.18691	0.01065	0.03326	0.00901	0.02742	0.02880	0.00383	0.00342	0.00086	0.00361	0.00318	0.00276	0.52222
6	0.00519	0.00400	0.00496	0.00526	0.00604	0.00363	0.01338	0.00635	0.02521	0.01097	0.09537	0.46367	0.24235	0.04370	0.00543	0.00156	0.00236	0.02504	0.00363	0.03190
7	0.01146	0.04151	0.03216	0.12506	0.09121	0.30911	0.04768	0.06578	0.08980	0.03962	0.00891	0.04994	0.00753	0.03311	0.00466	0.00128	0.02993	0.00372	0.00247	0.00504
8	0.00823	0.00688	0.00746	0.01922	0.00885	0.00760	0.00530	0.03231	0.50217	0.01464	0.07177	0.08086	0.13314	0.06413	0.00535	0.00153	0.00295	0.01865	0.00383	0.00515
9	0.00820	0.00690	0.00816	0.00604	0.00926	0.00550	0.00483	0.03884	0.00840	0.01296	0.00751	0.00905	0.00633	0.00584	0.09206	0.00122	0.00380	0.00259	0.00238	0.76013
10	0.00597	0.00390	0.00503	0.00541	0.00601	0.00364	0.00384	0.01683	0.00795	0.04655	0.04854	0.44465	0.15152	0.03983	0.00695	0.12773	0.00262	0.06632	0.00344	0.00325
11	0.00972	0.02111	0.16431	0.08382	0.18698	0.03917	0.09755	0.08042	0.00935	0.05040	0.00817	0.02809	0.00658	0.00518	0.03280	0.00142	0.09369	0.00364	0.02107	0.05656
12	0.00832	0.00805	0.01225	0.67840	0.04188	0.06004	0.03423	0.01072	0.00812	0.02542	0.00705	0.01026	0.00539	0.00419	0.00465	0.00133	0.06985	0.00350	0.00185	0.00452
13	0.10072	0.00711	0.01125	0.76163	0.02523	0.00882	0.01030	0.01029	0.00780	0.01094	0.00689	0.01013	0.00518	0.00393	0.00380	0.00131	0.00505	0.00338	0.00184	0.00439
14	0.00542	0.00372	0.00486	0.02598	0.00617	0.00357	0.00376	0.00609	0.00743	0.02444	0.01975	0.60648	0.03977	0.14790	0.00760	0.01923	0.00270	0.03958	0.02236	0.00318
15	0.00897	0.01345	0.25841	0.01486	0.01935	0.00979	0.56178	0.01294	0.03631	0.01279	0.00803	0.01016	0.00593	0.00353	0.00439	0.00131	0.00633	0.00417	0.00198	0.00553
16	0.03605	0.00959	0.00911	0.00821	0.01044	0.09816	0.00636	0.02024	0.71826	0.01589	0.01477	0.01374	0.01114	0.00519	0.00394	0.00131	0.00356	0.00421	0.00378	0.00604
17	0.00609	0.00390	0.00506	0.00547	0.00613	0.00358	0.00384	0.00702	0.00842	0.08101	0.11413	0.56596	0.09550	0.04351	0.00548	0.00161	0.00242	0.03351	0.00381	0.00357
18	0.10526	0.00677	0.00820	0.00663	0.00914	0.00649	0.00537	0.10410	0.02968	0.46274	0.10429	0.01656	0.05771	0.03692	0.00456	0.00134	0.00323	0.02100	0.00428	0.00574
19	0.00576	0.00413	0.00522	0.00501	0.00599	0.00383	0.00373	0.00765	0.03057	0.02629	0.63214	0.10353	0.11675	0.00851	0.00465	0.00128	0.00197	0.00748	0.02174	0.00376
20	0.00952	0.00493	0.00627	0.00571	0.00729	0.00440	0.00438	0.01089	0.02149	0.29329	0.12642	0.18540	0.19415	0.05883	0.00547	0.00151	0.00272	0.04867	0.00411	0.00453
21	0.00762	0.00429	0.00574	0.00548	0.00586	0.00441	0.00379	0.09187	0.00683	0.00926	0.00828	0.04099	0.00817	0.07250	0.01379	0.66662	0.00347	0.00389	0.03471	0.00242
22	0.00844	0.00840	0.01229	0.01043	0.01072	0.01135	0.05797	0.00949	0.00633	0.00973	0.00610	0.02868	0.00603	0.00829	0.06513	0.00200	0.72871	0.00377	0.00182	0.00432
23	0.00696	0.00540	0.00591	0.00559	0.00700	0.00558	0.00423	0.01154	0.27266	0.01435	0.22165	0.06586	0.21589	0.01707	0.00441	0.00130	0.00235	0.00632	0.12153	0.00441
24	0.11863	0.00779	0.02601	0.00677	0.00896	0.00808	0.00548	0.29731	0.08444	0.04911	0.12295	0.04154	0.10480	0.05544	0.00487	0.00139	0.00329	0.00485	0.04316	0.00511
25	0.01320	0.00933	0.01027	0.00835	0.01102	0.01020	0.00686	0.51822	0.13510	0.08218	0.01233	0.01458	0.00963	0.00551	0.00408	0.00127	0.00391	0.08898	0.04878	0.00619
26	0.00523	0.00402	0.00452	0.00472	0.00558	0.00365	0.00344	0.00612	0.00822	0.01026	0.05067	0.09681	0.43609	0.21267	0.00852	0.00203	0.00271	0.12817	0.00339	0.00317
27	0.06579	0.00547	0.00631	0.00526	0.00723	0.00469	0.00396	0.00850	0.00856	0.03031	0.20599	0.05482	0.08646	0.11459	0.00605	0.02122	0.00272	0.00487	0.00305	0.35414
28	0.00608	0.00427	0.00524	0.00532	0.00610	0.00418	0.00380	0.03148	0.02593	0.03847	0.09825	0.26072	0.17188	0.15900	0.12535	0.00254	0.00377	0.02355	0.02057	0.00350
29	0.02154	0.00484	0.00550	0.00539	0.00613	0.00490	0.00376	0.11097	0.00850	0.01147	0.01730	0.18722	0.09733	0.38249	0.01142	0.00250	0.00333	0.07612	0.03589	0.00340
30	0.00859	0.00622	0.00696	0.00628	0.00804	0.00633	0.00479	0.09426	0.22786	0.07625	0.04591	0.17895	0.16272	0.03102	0.00465	0.00136	0.00281	0.00627	0.05440	0.06634
31	0.06154	0.00640	0.00703	0.00617	0.00808	0.00660	0.00490	0.14329	0.13864	0.11910	0.09998	0.03478	0.16466	0.00654	0.00401	0.00125	0.00285	0.04582	0.13341	0.00494
32	0.00549	0.00385	0.00458	0.00490	0.00530	0.00369	0.00321	0.02090	0.00749	0.01000	0.05070	0.36437	0.11806	0.32143	0.01042	0.00235	0.00285	0.02002	0.03732	0.00305
33	0.00921	0.00618	0.00691	0.00610	0.00732	0.02038	0.00439	0.15758	0.08542	0.09463	0.04209	0.02023	0.01291	0.42319	0.05467	0.00277	0.00412	0.02242	0.01530	0.00417
34	0.00518	0.00370	0.00452	0.00501	0.00546	0.00345	0.00339	0.00582	0.00758	0.00994	0.03931	0.44414	0.17596	0.18321	0.00829	0.02572	0.00263	0.04302	0.02059	0.00308
35	0.03032	0.00392	0.00477	0.00499	0.00547	0.00395	0.00340	0.00656	0.00720	0.01034	0.06818	0.25600	0.06211	0.26916	0.15046	0.00296	0.00409	0.00696	0.09604	0.00315
36	0.00830	0.00498	0.00612	0.00589	0.00713	0.00483	0.00444	0.08065	0.03541	0.13791	0.10129	0.33484	0.07450	0.02446	0.00477	0.00143	0.00267	0.05915	0.09694	0.00428
37	0.00568	0.00383	0.00455	0.00480	0.00544	0.00357	0.00332	0.01466	0.00791	0.02046	0.05684	0.30604	0.23440	0.12329	0.00766	0.08266	0.00252	0.01673	0.09248	0.00316
38	0.10640	0.00794	0.00908	0.00736	0.00994	0.00827	0.00596	0.26264	0.09917	0.29022	0.06821	0.03750	0.01085	0.00638	0.03962	0.01253	0.00379	0.00415	0.00404	0.00593
39	0.00948	0.00992	0.00772	0.00745	0.02226	0.31395	0.00536	0.02425	0.03163	0.03083	0.04708	0.15267	0.15356	0.12588	0.00668	0.00162	0.02923	0.01358	0.00288	0.00397

[dist]
# distance from previous block
# <min> <max>
0	1

[block]
# block no. 1 follows, 68 sequences, length 7
# corresponding to MSA columns:
# 231-237
name=unknown_B
#
# <colnr> <probs for GDERKNQSTAVLIFYWHMCP>
#	G	D	E	R	K	N	Q	S	T	A	V	L	I	F	Y	W	H	M	C	P
0	0.00775	0.00665	0.03690	0.04260	0.00941	0.00541	0.02770	0.04021	0.00793	0.01161	0.00932	0.05395	0.02769	0.10740	0.00702	0.12197	0.00342	0.00367	0.00237	0.46701
1	0.00644	0.00486	0.00641	0.09136	0.00873	0.00478	0.02241	0.03614	0.02487	0.03064	0.15691	0.23282	0.14590	0.11112	0.00644	0.00166	0.00296	0.04398	0.01949	0.04207
2	0.07158	0.00487	0.00570	0.00569	0.00661	0.00491	0.00415	0.06873	0.02548	0.04802	0.09972	0.28808	0.04132	0.19271	0.00793	0.00198	0.00299	0.09456	0.02127	0.00371
3	0.00668	0.00354	0.00513	0.00513	0.00517	0.00358	0.00341	0.00535	0.00531	0.00711	0.00777	0.01391	0.00796	0.11559	0.06345	0.72952	0.00390	0.00377	0.00183	0.00191
4	0.03185	0.00507	0.00592	0.00540	0.00681	0.00472	0.00397	0.02426	0.07346	0.03596	0.18550	0.15033	0.13737	0.10650	0.00669	0.05074	0.00268	0.00627	0.00337	0.15312
5	0.00641	0.00439	0.00522	0.00516	0.00595	0.00426	0.00366	0.03903	0.03595	0.03544	0.21115	0.17708	0.10971	0.23684	0.00875	0.00203	0.00276	0.04678	0.05592	0.00352
6	0.00717	0.00509	0.00598	0.00566	0.00699	0.00490	0.00438	0.11643	0.01063	0.05287	0.20753	0.13011	0.27636	0.04321	0.00532	0.00149	0.00267	0.10529	0.00388	0.00404

[dist]
# distance from previous block
# <min> <max>
0	1

[block]
# block no. 2 follows, 68 sequences, length 7
# corresponding to MSA columns:
# 239-245
name=unknown_C
#
# <colnr> <probs for GDERKNQSTAVLIFYWHMCP>
#	G	D	E	R	K	N	Q	S	T	A	V	L	I	F	Y	W	H	M	C	P
0	0.03371	0.00433	0.00482	0.00479	0.00595	0.00395	0.00351	0.00737	0.03934	0.05493	0.13445	0.18546	0.43603	0.05666	0.00548	0.00151	0.00229	0.00804	0.00374	0.00364
1	0.00804	0.00620	0.00736	0.00570	0.00851	0.00488	0.00455	0.00972	0.00891	0.06783	0.10572	0.01646	0.10968	0.00492	0.00354	0.00086	0.00277	0.04551	0.00297	0.57586
2	0.00566	0.00425	0.00637	0.00637	0.00708	0.00496	0.00496	0.00708	0.00637	0.00920	0.01062	0.01558	0.00991	0.02974	0.84494	0.00637	0.01062	0.00425	0.00212	0.00354
3	0.03463	0.00461	0.00557	0.00575	0.00653	0.00461	0.00420	0.04376	0.04618	0.03458	0.09017	0.29395	0.05553	0.20451	0.00833	0.00206	0.00302	0.14497	0.00347	0.00359
4	0.03280	0.00433	0.00499	0.00488	0.00603	0.00396	0.00363	0.00754	0.02927	0.05691	0.26286	0.13435	0.35377	0.05094	0.00539	0.00147	0.00227	0.02707	0.00385	0.00369
5	0.00592	0.00402	0.00577	0.00577	0.00622	0.00446	0.00421	0.00647	0.00603	0.00848	0.01021	0.01670	0.01010	0.17260	0.53577	0.17983	0.00801	0.00436	0.00209	0.00298
6	0.00714	0.00451	0.00606	0.00590	0.00654	0.00480	0.00427	0.00812	0.04317	0.08189	0.01262	0.11370	0.01272	0.22577	0.27029	0.12582	0.03428	0.02633	0.00267	0.00340

[dist]
# distance from previous block
# <min> <max>
3	5

[block]
# block no. 3 follows, 68 sequences, length 7
# corresponding to MSA columns:
# 251-257
name=unknown_D
#
# <colnr> <probs for GDERKNQSTAVLIFYWHMCP>
#	G	D	E	R	K	N	Q	S	T	A	V	L	I	F	Y	W	H	M	C	P
0	0.00877	0.05444	0.04860	0.38804	0.18761	0.04753	0.05868	0.01106	0.00813	0.01081	0.00679	0.00967	0.00549	0.00426	0.00526	0.00131	0.13334	0.00344	0.00182	0.00494
1	0.01275	0.04758	0.01087	0.00845	0.01122	0.01104	0.00686	0.39409	0.37087	0.06439	0.01256	0.01189	0.00917	0.00498	0.00393	0.00124	0.00377	0.00393	0.00395	0.00647
2	0.00909	0.00716	0.00861	0.00644	0.00951	0.00610	0.00519	0.05318	0.00872	0.06816	0.00786	0.00914	0.00640	0.00513	0.05762	0.00110	0.05745	0.00272	0.00255	0.66785
3	0.09228	0.00955	0.06239	0.00801	0.01100	0.00937	0.00685	0.32953	0.14011	0.23753	0.01178	0.01168	0.00836	0.03803	0.00447	0.00133	0.00387	0.00374	0.00389	0.00623
4	0.01398	0.09728	0.01193	0.00970	0.01189	0.69356	0.00746	0.01592	0.08273	0.01027	0.00695	0.00775	0.00572	0.00413	0.00352	0.00103	0.00652	0.00268	0.00219	0.00479
5	0.88866	0.00767	0.00583	0.00521	0.00767	0.00889	0.00429	0.01166	0.00675	0.01779	0.00552	0.00644	0.00429	0.00368	0.00245	0.00123	0.00307	0.00215	0.00245	0.00429
6	0.14873	0.04660	0.08261	0.03211	0.14559	0.20504	0.02856	0.08905	0.03376	0.11219	0.00858	0.01009	0.00666	0.00427	0.00363	0.00118	0.00490	0.02834	0.00267	0.00544

[dist]
# distance from previous block
# <min> <max>
0	2

[block]
# block no. 4 follows, 68 sequences, length 37
# corresponding to MSA columns:
# 260-296
name=unknown_E
#
# <colnr> <probs for GDERKNQSTAVLIFYWHMCP>
#	G	D	E	R	K	N	Q	S	T	A	V	L	I	F	Y	W	H	M	C	P
0	0.04477	0.04436	0.02105	0.14157	0.27485	0.03290	0.03762	0.05930	0.01988	0.01211	0.00843	0.02763	0.00729	0.01038	0.20527	0.01510	0.02662	0.00376	0.00215	0.00498
1	0.00749	0.00693	0.01153	0.72841	0.07670	0.00844	0.01037	0.00990	0.00782	0.01011	0.00753	0.01180	0.00611	0.07503	0.00531	0.00152	0.00513	0.00371	0.00183	0.00436
2	0.02125	0.00522	0.00772	0.14382	0.01072	0.00585	0.02545	0.00897	0.04126	0.04555	0.19112	0.01753	0.01510	0.03260	0.39052	0.00367	0.02213	0.00476	0.00275	0.00402
3	0.01249	0.00942	0.01106	0.12581	0.04676	0.01050	0.00764	0.55659	0.01513	0.02046	0.02924	0.01113	0.00777	0.02677	0.05385	0.00157	0.00470	0.00375	0.03945	0.00591
4	0.02170	0.10031	0.09162	0.00867	0.04363	0.16251	0.02307	0.04308	0.04248	0.03073	0.02057	0.06560	0.00874	0.00505	0.01100	0.00111	0.02931	0.05308	0.00250	0.23525
5	0.00757	0.00472	0.00664	0.06589	0.03512	0.00491	0.01286	0.06152	0.01865	0.02537	0.00960	0.03829	0.02591	0.13890	0.02220	0.49702	0.00379	0.01599	0.00221	0.00283
6	0.00627	0.00426	0.00540	0.00545	0.00600	0.00417	0.01512	0.02351	0.00757	0.02079	0.06950	0.07193	0.08750	0.37602	0.01259	0.09031	0.00344	0.18420	0.00297	0.00301
7	0.00811	0.00768	0.01301	0.63097	0.24263	0.00897	0.01132	0.01067	0.00822	0.01088	0.00716	0.01037	0.00555	0.00385	0.00395	0.00128	0.00513	0.00353	0.00182	0.00490
8	0.06084	0.01337	0.01110	0.04119	0.03893	0.33691	0.00753	0.34121	0.04670	0.01669	0.00813	0.00894	0.00625	0.00542	0.03819	0.00135	0.00564	0.00316	0.00291	0.00552
9	0.00601	0.00417	0.00521	0.00565	0.00618	0.00405	0.00386	0.06836	0.00836	0.02961	0.02026	0.65494	0.04743	0.10792	0.00666	0.00181	0.00265	0.00981	0.00358	0.00348
10	0.06077	0.01780	0.02918	0.05125	0.05422	0.02352	0.00586	0.10870	0.03878	0.08655	0.01461	0.05794	0.13987	0.04394	0.01326	0.00127	0.01374	0.00444	0.00303	0.23126
11	0.00523	0.00417	0.00455	0.00473	0.00558	0.02083	0.00334	0.00610	0.00850	0.01069	0.11568	0.23080	0.40781	0.11585	0.00687	0.01646	0.00245	0.02359	0.00353	0.00325
12	0.04286	0.00366	0.00520	0.00521	0.00534	0.00373	0.00352	0.00554	0.00538	0.00756	0.00767	0.04239	0.00780	0.03737	0.04831	0.75717	0.00369	0.00377	0.00186	0.00197
13	0.00920	0.05764	0.10075	0.20639	0.35310	0.03670	0.04159	0.02714	0.04839	0.01201	0.00770	0.01017	0.00625	0.01966	0.00467	0.03014	0.01758	0.00348	0.00201	0.00541
14	0.04302	0.00574	0.02083	0.02472	0.01553	0.05073	0.00523	0.01702	0.00678	0.03822	0.00954	0.06251	0.00910	0.02901	0.35851	0.23293	0.06079	0.00418	0.00220	0.00340
15	0.00567	0.00401	0.00522	0.00526	0.00560	0.00430	0.00357	0.00633	0.00615	0.00849	0.01249	0.04883	0.02792	0.45323	0.38075	0.00483	0.00673	0.00533	0.00235	0.00295
16	0.02591	0.00478	0.00554	0.06373	0.00744	0.00489	0.00412	0.03939	0.05470	0.05013	0.21076	0.01891	0.06161	0.00575	0.00357	0.00110	0.00235	0.00479	0.42638	0.00413
17	0.02745	0.40756	0.13559	0.06768	0.02278	0.22179	0.01895	0.02481	0.00910	0.02276	0.00627	0.00739	0.00520	0.00371	0.00316	0.00101	0.00528	0.00254	0.00189	0.00508
18	0.00567	0.00422	0.00621	0.00621	0.00686	0.00487	0.00476	0.00698	0.00632	0.00909	0.01077	0.01639	0.01026	0.09481	0.78035	0.00617	0.01009	0.00437	0.00215	0.00345
19	0.00575	0.00392	0.00469	0.00469	0.00482	0.00404	0.00286	0.00600	0.00587	0.00796	0.01216	0.02410	0.01361	0.71248	0.16726	0.00429	0.00505	0.00550	0.00235	0.00261
20	0.00829	0.00726	0.00912	0.00651	0.01006	0.00556	0.05280	0.01014	0.00829	0.01291	0.00710	0.00837	0.00588	0.00296	0.00304	0.00063	0.00316	0.00249	0.00233	0.83310
21	0.00477	0.00397	0.00417	0.00423	0.00543	0.00336	0.00313	0.00581	0.00906	0.01104	0.09751	0.11477	0.69887	0.01012	0.00472	0.00136	0.00203	0.00855	0.00373	0.00336
22	0.01027	0.00955	0.02860	0.17316	0.16975	0.05599	0.02638	0.15540	0.22882	0.01505	0.01121	0.01218	0.04111	0.00476	0.00437	0.00128	0.03961	0.00394	0.00289	0.00568
23	0.00558	0.00398	0.00498	0.00535	0.00608	0.00371	0.00380	0.00701	0.04191	0.03673	0.17677	0.48911	0.16433	0.01067	0.00486	0.00148	0.00226	0.02395	0.00386	0.00358
24	0.00750	0.02992	0.00952	0.02031	0.02010	0.00872	0.00666	0.00860	0.00714	0.02233	0.09431	0.01591	0.09827	0.04916	0.14817	0.00246	0.43997	0.00457	0.00235	0.00404
25	0.00946	0.00912	0.01573	0.14354	0.69245	0.00935	0.03846	0.01189	0.00888	0.01254	0.00742	0.00995	0.00613	0.00359	0.00396	0.00120	0.00486	0.00357	0.00194	0.00598
26	0.01098	0.00905	0.03234	0.00818	0.01067	0.00983	0.00661	0.16829	0.58170	0.05915	0.03742	0.02527	0.01169	0.00537	0.00404	0.00131	0.00340	0.00441	0.00400	0.00626
27	0.01088	0.00695	0.02973	0.00770	0.04098	0.00649	0.00577	0.01324	0.09581	0.20477	0.29125	0.02087	0.02023	0.03725	0.00566	0.00156	0.04978	0.00547	0.14006	0.00552
28	0.00984	0.49500	0.18786	0.00832	0.03854	0.05389	0.00831	0.01190	0.00839	0.01071	0.02183	0.00760	0.00583	0.00354	0.00298	0.00093	0.00453	0.00248	0.00185	0.11567
29	0.00485	0.00349	0.00456	0.00541	0.00569	0.00325	0.00361	0.00554	0.00761	0.01008	0.02252	0.79103	0.06771	0.03736	0.00549	0.00166	0.00233	0.01096	0.00364	0.00320
30	0.00913	0.01443	0.42497	0.02313	0.13899	0.00846	0.09446	0.01265	0.01844	0.07505	0.00846	0.00971	0.01732	0.00377	0.00381	0.00116	0.00509	0.00330	0.00214	0.12554
31	0.00822	0.00705	0.00822	0.00587	0.00940	0.00529	0.00470	0.00998	0.00822	0.01292	0.00705	0.00822	0.00587	0.00294	0.00294	0.00059	0.00294	0.00235	0.00235	0.88490
32	0.01023	0.00870	0.00917	0.00814	0.01045	0.01004	0.00637	0.07816	0.77106	0.01718	0.01567	0.01442	0.01172	0.00534	0.00403	0.00133	0.00323	0.00442	0.00403	0.00631
33	0.00586	0.00405	0.00485	0.00482	0.00489	0.00424	0.00296	0.00601	0.00589	0.00797	0.01227	0.05769	0.01394	0.69771	0.09174	0.02583	0.03858	0.00570	0.00239	0.00260
34	0.01013	0.02387	0.05891	0.02760	0.07587	0.03707	0.00732	0.10005	0.49639	0.01622	0.04930	0.01332	0.01099	0.00496	0.00393	0.00125	0.00368	0.00411	0.00350	0.05153
35	0.03496	0.05538	0.21791	0.04668	0.05133	0.05455	0.04268	0.09154	0.05717	0.04556	0.03174	0.03848	0.00896	0.00694	0.04102	0.06318	0.02359	0.00399	0.01190	0.07244
36	0.00844	0.05829	0.07472	0.06366	0.17803	0.01451	0.01637	0.07929	0.01004	0.04276	0.15251	0.01905	0.15354	0.00638	0.02147	0.00131	0.00378	0.02917	0.02766	0.03901

[dist]
# distance from previous block
# <min> <max>
0	146

[block]
# block no. 5 follows, 68 sequences, length 24
# corresponding to MSA columns:
# 448-471
name=unknown_F
#
# <colnr> <probs for GDERKNQSTAVLIFYWHMCP>
#	G	D	E	R	K	N	Q	S	T	A	V	L	I	F	Y	W	H	M	C	P
0	0.03391	0.04643	0.06320	0.09852	0.12445	0.00850	0.06227	0.02674	0.07234	0.05073	0.05734	0.12099	0.01404	0.01043	0.11565	0.01154	0.00557	0.05906	0.00338	0.01490
1	0.00868	0.01019	0.18787	0.03215	0.14185	0.03225	0.03435	0.12552	0.01090	0.02699	0.25363	0.02773	0.06390	0.02113	0.00449	0.00128	0.00400	0.00491	0.00306	0.00511
2	0.03271	0.00905	0.08545	0.12500	0.16242	0.00818	0.00844	0.13376	0.04325	0.21002	0.03900	0.02178	0.00853	0.00446	0.00384	0.00119	0.00409	0.00374	0.02907	0.06603
3	0.03088	0.14354	0.02230	0.00752	0.00992	0.02453	0.00617	0.03522	0.54188	0.02709	0.04209	0.01496	0.06654	0.00536	0.00381	0.00125	0.00333	0.00432	0.00356	0.00574
4	0.77481	0.00769	0.00649	0.00612	0.04463	0.00861	0.00468	0.01154	0.00697	0.01716	0.00574	0.00674	0.00452	0.00361	0.00256	0.00117	0.00313	0.00223	0.00242	0.07918
5	0.00802	0.00685	0.00828	0.03754	0.02451	0.00538	0.00506	0.00984	0.00842	0.01295	0.05304	0.01060	0.00810	0.00351	0.00316	0.00070	0.00302	0.02674	0.00247	0.76180
6	0.00840	0.00806	0.01259	0.56996	0.13017	0.03309	0.04920	0.01210	0.11431	0.01144	0.00830	0.01093	0.00633	0.00406	0.00399	0.00130	0.00505	0.00368	0.00210	0.00494
7	0.00566	0.00425	0.00637	0.00637	0.00708	0.00496	0.00496	0.00708	0.00637	0.00920	0.01062	0.01558	0.00991	0.02974	0.84494	0.00637	0.01062	0.00425	0.00212	0.00354
8	0.00481	0.00401	0.00420	0.00424	0.00549	0.00340	0.00318	0.00589	0.00915	0.01112	0.10050	0.07283	0.71705	0.01002	0.00472	0.00136	0.00205	0.02887	0.00373	0.00338
9	0.00577	0.00384	0.00432	0.00432	0.00432	0.00384	0.00240	0.00577	0.00577	0.00769	0.01249	0.02595	0.01441	0.86066	0.02018	0.00384	0.00384	0.00577	0.00240	0.00240
10	0.78403	0.00741	0.00596	0.00527	0.00769	0.00842	0.00433	0.01207	0.00715	0.07510	0.00660	0.00735	0.00497	0.00381	0.00258	0.00121	0.00303	0.00235	0.04625	0.00444
11	0.00560	0.00416	0.00606	0.00613	0.00683	0.00471	0.00471	0.00695	0.00664	0.00949	0.01288	0.08264	0.04785	0.02683	0.71914	0.00563	0.00935	0.00497	0.02593	0.00351
12	0.00867	0.00867	0.01214	0.01041	0.01041	0.01214	0.00867	0.00954	0.00607	0.00954	0.00520	0.00867	0.00520	0.00694	0.01301	0.00173	0.85340	0.00347	0.00173	0.00434
13	0.00822	0.00705	0.00822	0.00587	0.00940	0.00529	0.00470	0.00998	0.00822	0.01292	0.00705	0.00822	0.00587	0.00294	0.00294	0.00059	0.00294	0.00235	0.00235	0.88490
14	0.00867	0.00867	0.01214	0.01041	0.01041	0.01214	0.00867	0.00954	0.00607	0.00954	0.00520	0.00867	0.00520	0.00694	0.01301	0.00173	0.85340	0.00347	0.00173	0.00434
15	0.88866	0.00767	0.00583	0.00521	0.00767	0.00889	0.00429	0.01166	0.00675	0.01779	0.00552	0.00644	0.00429	0.00368	0.00245	0.00123	0.00307	0.00215	0.00245	0.00429
16	0.00525	0.00404	0.00480	0.00461	0.00570	0.00359	0.00346	0.00678	0.01037	0.01387	0.52378	0.03295	0.34873	0.00886	0.00468	0.00128	0.00192	0.00764	0.00410	0.00359
17	0.17081	0.00533	0.00576	0.00509	0.00697	0.00503	0.00402	0.01039	0.00947	0.20921	0.14462	0.02453	0.34438	0.00721	0.00405	0.00127	0.00250	0.00587	0.02909	0.00440
18	0.05954	0.00871	0.01012	0.00782	0.01084	0.00889	0.00645	0.38706	0.01438	0.40174	0.01226	0.01136	0.00814	0.00477	0.00387	0.00120	0.00377	0.00370	0.02887	0.00654
19	0.00540	0.00387	0.00516	0.00600	0.00649	0.00371	0.00450	0.00645	0.00807	0.01060	0.02182	0.50583	0.05769	0.05702	0.00599	0.00179	0.00283	0.27985	0.00360	0.00333
20	0.70734	0.00801	0.00686	0.00585	0.00844	0.00905	0.00482	0.11197	0.00860	0.08840	0.00687	0.00742	0.00506	0.00392	0.00277	0.00122	0.00325	0.00248	0.00285	0.00480
21	0.10032	0.00670	0.00809	0.00651	0.00904	0.00637	0.00529	0.11571	0.01154	0.44890	0.13365	0.01727	0.10176	0.00578	0.00401	0.00124	0.00310	0.00468	0.00434	0.00571
22	0.00611	0.00433	0.00503	0.00506	0.00550	0.00438	0.00338	0.00744	0.07157	0.00977	0.08454	0.02842	0.05264	0.57103	0.01497	0.00305	0.00352	0.11332	0.00292	0.00303
23	0.84611	0.00773	0.00606	0.00536	0.00784	0.00891	0.00441	0.03263	0.00716	0.03697	0.00586	0.00668	0.00448	0.00374	0.00253	0.00123	0.00311	0.00223	0.00255	0.00441

[dist]
# distance from previous block
# <min> <max>
0	1

[block]
# block no. 6 follows, 68 sequences, length 6
# corresponding to MSA columns:
# 473-478
name=unknown_G
#
# <colnr> <probs for GDERKNQSTAVLIFYWHMCP>
#	G	D	E	R	K	N	Q	S	T	A	V	L	I	F	Y	W	H	M	C	P
0	0.00582	0.00392	0.00467	0.00486	0.00531	0.00372	0.00320	0.00637	0.00731	0.03823	0.05708	0.24008	0.13430	0.41219	0.01212	0.00261	0.00308	0.04897	0.00315	0.00302
1	0.16786	0.00679	0.00791	0.00636	0.00892	0.00662	0.00519	0.09862	0.01085	0.45372	0.05062	0.01278	0.00986	0.00478	0.00357	0.00118	0.00313	0.00373	0.13177	0.00574
2	0.01031	0.00893	0.00886	0.00793	0.00990	0.08461	0.00609	0.08444	0.56844	0.01525	0.01334	0.01327	0.01027	0.00643	0.00565	0.12952	0.00365	0.00408	0.00351	0.00550
3	0.13911	0.06525	0.28938	0.00966	0.01312	0.39619	0.00947	0.01390	0.00944	0.01181	0.00634	0.00741	0.00496	0.00388	0.00342	0.00112	0.00596	0.00260	0.00196	0.00500
4	0.59602	0.00718	0.00648	0.00560	0.00798	0.00785	0.00456	0.04771	0.00850	0.14237	0.09106	0.01118	0.04056	0.00460	0.00306	0.00123	0.00301	0.00323	0.00313	0.00468
5	0.00970	0.00569	0.00782	0.05311	0.12844	0.00552	0.00574	0.04510	0.00939	0.20656	0.01610	0.23390	0.05765	0.00682	0.00404	0.00126	0.00304	0.00595	0.18936	0.00481

[dist]
# distance from previous block
# <min> <max>
0	42

[block]
# block no. 7 follows, 68 sequences, length 10
# corresponding to MSA columns:
# 521-530
name=unknown_H
#
# <colnr> <probs for GDERKNQSTAVLIFYWHMCP>
#	G	D	E	R	K	N	Q	S	T	A	V	L	I	F	Y	W	H	M	C	P
0	0.26096	0.05695	0.01205	0.01275	0.24108	0.23859	0.03694	0.04236	0.00918	0.01354	0.00645	0.00792	0.00530	0.00389	0.00371	0.00116	0.03706	0.00284	0.00218	0.00510
1	0.10195	0.00504	0.02440	0.00566	0.00617	0.00531	0.00413	0.00685	0.00594	0.00905	0.00992	0.01648	0.04374	0.26256	0.08028	0.30960	0.09376	0.00425	0.00212	0.00278
2	0.04649	0.02831	0.13447	0.01159	0.11726	0.03906	0.06464	0.39434	0.06275	0.04874	0.00908	0.00967	0.00663	0.00431	0.00389	0.00121	0.00472	0.00350	0.00311	0.00623
3	0.00900	0.01043	0.13777	0.15939	0.26995	0.02200	0.11517	0.05054	0.00923	0.01298	0.02587	0.01120	0.00710	0.00397	0.00394	0.00119	0.00492	0.02724	0.02334	0.09478
4	0.00595	0.00462	0.00670	0.00790	0.09391	0.00449	0.02430	0.00707	0.00827	0.02550	0.09006	0.54718	0.07318	0.01037	0.00514	0.00152	0.03141	0.04518	0.00347	0.00376
5	0.00557	0.00379	0.00450	0.00469	0.00478	0.00379	0.00281	0.00580	0.00617	0.00827	0.01425	0.19169	0.01650	0.64077	0.06707	0.00355	0.00395	0.00677	0.00264	0.00263
6	0.00877	0.00703	0.00828	0.00594	0.00944	0.00532	0.00476	0.01052	0.00840	0.06031	0.00754	0.00852	0.00610	0.00305	0.00300	0.00062	0.00296	0.00244	0.00250	0.83450
7	0.83000	0.00842	0.00619	0.00555	0.00798	0.06501	0.00452	0.01194	0.00705	0.01725	0.00556	0.00649	0.00435	0.00371	0.00253	0.00121	0.00334	0.00217	0.00243	0.00431
8	0.00478	0.00396	0.00419	0.00425	0.00544	0.00337	0.00314	0.00583	0.00909	0.01111	0.10752	0.11717	0.68629	0.01010	0.00472	0.00136	0.00202	0.00855	0.00374	0.00337
9	0.26643	0.00850	0.00938	0.11060	0.14410	0.07591	0.00674	0.01130	0.00813	0.01379	0.00672	0.00829	0.00544	0.00350	0.00313	0.00100	0.00386	0.00267	0.02137	0.28913

[dist]
# distance from previous block
# <min> <max>
0	1

[block]
# block no. 8 follows, 68 sequences, length 38
# corresponding to MSA columns:
# 532-569
name=unknown_I
#
# <colnr> <probs for GDERKNQSTAVLIFYWHMCP>
#	G	D	E	R	K	N	Q	S	T	A	V	L	I	F	Y	W	H	M	C	P
0	0.00670	0.00515	0.00595	0.00565	0.00703	0.01688	0.00440	0.00972	0.13287	0.03969	0.36341	0.02985	0.22352	0.00821	0.00459	0.00133	0.00245	0.10087	0.00399	0.02774
1	0.00976	0.00673	0.00741	0.00630	0.00773	0.00738	0.00480	0.30560	0.01119	0.01607	0.01107	0.01568	0.00983	0.24559	0.03409	0.00205	0.05009	0.00423	0.23990	0.00448
2	0.00574	0.00416	0.00535	0.00570	0.00650	0.00377	0.00400	0.00694	0.03086	0.02854	0.04532	0.66176	0.02318	0.01070	0.00474	0.00146	0.00245	0.03106	0.00357	0.11418
3	0.00540	0.00374	0.00498	0.00583	0.00628	0.00359	0.00428	0.00645	0.00802	0.01089	0.02100	0.59715	0.02423	0.01150	0.00500	0.00161	0.00260	0.20746	0.06662	0.00336
4	0.00986	0.00852	0.00897	0.00807	0.01031	0.00986	0.00628	0.02107	0.82876	0.01659	0.01614	0.01479	0.01210	0.00538	0.00403	0.00134	0.00314	0.00448	0.00403	0.00628
5	0.00481	0.00352	0.00453	0.00533	0.00570	0.00324	0.00360	0.00554	0.00778	0.01020	0.02419	0.75325	0.12953	0.01212	0.00501	0.00158	0.00226	0.01090	0.00368	0.00324
6	0.00772	0.03399	0.02717	0.00622	0.00794	0.04877	0.00496	0.05537	0.19208	0.03033	0.23458	0.06628	0.23852	0.00758	0.00437	0.00129	0.00285	0.02164	0.00378	0.00453
7	0.01256	0.01410	0.04203	0.00926	0.01160	0.41463	0.00732	0.05470	0.34986	0.02779	0.01063	0.01058	0.00816	0.00465	0.00380	0.00118	0.00525	0.00344	0.00299	0.00548
8	0.01033	0.01216	0.02122	0.01555	0.01921	0.15945	0.67583	0.01326	0.00969	0.01216	0.00768	0.01006	0.00585	0.00348	0.00448	0.00128	0.00677	0.00430	0.00201	0.00521
9	0.00577	0.00384	0.00432	0.00432	0.00432	0.00384	0.00240	0.00577	0.00577	0.00769	0.01249	0.02595	0.01441	0.86066	0.02018	0.00384	0.00384	0.00577	0.00240	0.00240
10	0.00911	0.00850	0.01488	0.06852	0.09345	0.00894	0.30024	0.03193	0.10366	0.05262	0.04410	0.05860	0.01805	0.00665	0.06003	0.00170	0.10653	0.00474	0.00259	0.00514
11	0.00492	0.00385	0.00445	0.00470	0.00560	0.00340	0.00338	0.00596	0.00886	0.01129	0.15717	0.29447	0.42668	0.02714	0.00512	0.00147	0.00214	0.02229	0.00376	0.00336
12	0.00822	0.00705	0.00822	0.00587	0.00940	0.00529	0.00470	0.00998	0.00822	0.01292	0.00705	0.00822	0.00587	0.00294	0.00294	0.00059	0.00294	0.00235	0.00235	0.88490
13	0.00546	0.00381	0.00442	0.00457	0.00482	0.00368	0.00281	0.00582	0.00677	0.00893	0.06053	0.17858	0.11093	0.55325	0.02648	0.00305	0.00335	0.00711	0.00288	0.00274
14	0.00578	0.00440	0.00641	0.00638	0.00697	0.00514	0.00489	0.00702	0.00638	0.00916	0.01112	0.06378	0.01093	0.08765	0.69574	0.00569	0.05215	0.00472	0.00221	0.00348
15	0.00755	0.00711	0.01200	0.82975	0.04822	0.00882	0.01104	0.01018	0.00796	0.01020	0.00706	0.01055	0.00531	0.00395	0.00396	0.00132	0.00527	0.00352	0.00177	0.00445
16	0.01017	0.72732	0.15277	0.00751	0.01130	0.01464	0.00805	0.01198	0.00811	0.00985	0.00577	0.00668	0.00508	0.00345	0.00274	0.00091	0.00450	0.00225	0.00169	0.00521
17	0.00566	0.00425	0.00637	0.00637	0.00708	0.00496	0.00496	0.00708	0.00637	0.00920	0.01062	0.01558	0.00991	0.02974	0.84494	0.00637	0.01062	0.00425	0.00212	0.00354
18	0.00482	0.00350	0.00455	0.00540	0.00572	0.00323	0.00363	0.00553	0.00771	0.01017	0.02334	0.79154	0.09179	0.01223	0.00503	0.00159	0.00228	0.01104	0.00368	0.00323
19	0.00560	0.00413	0.00591	0.00659	0.00721	0.00397	0.03083	0.00682	0.00826	0.01090	0.02107	0.50675	0.02422	0.01155	0.00521	0.00169	0.00298	0.32924	0.00362	0.00346
20	0.11525	0.00839	0.00964	0.00758	0.01047	0.00859	0.00623	0.33205	0.01347	0.37968	0.01232	0.03586	0.00872	0.01543	0.00406	0.00126	0.00371	0.01687	0.00417	0.00626
21	0.00564	0.00397	0.00504	0.00562	0.00610	0.00380	0.00389	0.04242	0.00817	0.02224	0.03047	0.64062	0.06332	0.08664	0.00633	0.00178	0.00260	0.05436	0.00360	0.00339
22	0.86174	0.00777	0.00601	0.00533	0.00781	0.00900	0.00439	0.03665	0.00711	0.01801	0.00564	0.00654	0.00437	0.00371	0.00250	0.00123	0.00311	0.00219	0.00250	0.00437
23	0.00521	0.00385	0.00441	0.00457	0.00547	0.00345	0.00329	0.00638	0.00898	0.01198	0.19981	0.23766	0.36119	0.03347	0.00502	0.00142	0.00209	0.00831	0.09005	0.00341
24	0.06036	0.00917	0.00978	0.00814	0.01077	0.01024	0.00653	0.30590	0.41207	0.09127	0.01311	0.01234	0.00954	0.00501	0.00390	0.00127	0.00357	0.00398	0.01671	0.00634
25	0.01453	0.01026	0.01118	0.00873	0.01170	0.01121	0.00715	0.68628	0.04783	0.08642	0.01091	0.05636	0.00824	0.00521	0.00403	0.00122	0.00413	0.00406	0.00403	0.00653
26	0.00869	0.00487	0.00638	0.00558	0.00707	0.00445	0.00433	0.03207	0.01145	0.20672	0.62223	0.02534	0.03020	0.00728	0.00450	0.00124	0.00229	0.00634	0.00448	0.00452
27	0.09054	0.01028	0.01094	0.00855	0.01157	0.01134	0.00703	0.62834	0.08481	0.08146	0.01016	0.00998	0.00720	0.00473	0.00384	0.00121	0.00408	0.00355	0.00391	0.00649
28	0.03653	0.00803	0.01310	0.31500	0.38840	0.00858	0.01046	0.01233	0.00884	0.12877	0.00848	0.01063	0.00645	0.00446	0.02233	0.00135	0.00481	0.00357	0.00233	0.00556
29	0.00996	0.00994	0.04098	0.13185	0.56172	0.05016	0.01131	0.06868	0.00956	0.01316	0.01809	0.00993	0.00644	0.00390	0.00427	0.00121	0.03739	0.00351	0.00209	0.00586
30	0.06256	0.01736	0.01102	0.00981	0.01201	0.70001	0.00746	0.11165	0.01187	0.01196	0.00650	0.00739	0.00526	0.00414	0.00356	0.00105	0.00660	0.00265	0.00229	0.00484
31	0.00955	0.00521	0.00618	0.00538	0.00718	0.00475	0.00425	0.06276	0.01053	0.24284	0.14752	0.02511	0.29566	0.00726	0.00420	0.00124	0.00254	0.02726	0.12596	0.00463
32	0.00716	0.00548	0.00766	0.04716	0.14393	0.00549	0.00599	0.00954	0.09851	0.05675	0.01930	0.40145	0.08636	0.00907	0.00466	0.00147	0.00308	0.07919	0.00342	0.00435
33	0.01212	0.01011	0.02935	0.11843	0.32336	0.05671	0.00965	0.25857	0.03505	0.09431	0.00897	0.01013	0.00670	0.00417	0.00393	0.00120	0.00466	0.00355	0.00288	0.00613
34	0.00541	0.00407	0.00506	0.00537	0.00610	0.00386	0.00384	0.00723	0.06321	0.01243	0.27305	0.42611	0.13315	0.01029	0.00483	0.00145	0.00221	0.02479	0.00391	0.00361
35	0.00488	0.00367	0.00454	0.00519	0.00577	0.00333	0.00363	0.00573	0.00812	0.01047	0.04192	0.58180	0.24432	0.01163	0.00497	0.00154	0.00228	0.04921	0.00369	0.00329
36	0.02022	0.05423	0.17026	0.07919	0.26591	0.14489	0.08988	0.06917	0.00990	0.04830	0.00758	0.00919	0.00586	0.00382	0.00384	0.00118	0.00544	0.00331	0.00217	0.00567
37	0.01116	0.06083	0.01482	0.16893	0.15376	0.32305	0.15544	0.01314	0.00958	0.01090	0.00689	0.00895	0.00556	0.00387	0.00406	0.00117	0.02655	0.00329	0.01305	0.00499

[dist]
# distance from previous block
# <min> <max>
0	1

[block]
# block no. 9 follows, 68 sequences, length 18
# corresponding to MSA columns:
# 571-588
name=unknown_J
#
# <colnr> <probs for GDERKNQSTAVLIFYWHMCP>
#	G	D	E	R	K	N	Q	S	T	A	V	L	I	F	Y	W	H	M	C	P
0	0.11349	0.30893	0.01372	0.00855	0.03433	0.34237	0.00690	0.01297	0.00898	0.01053	0.00619	0.00773	0.00547	0.02216	0.04548	0.00134	0.04166	0.00257	0.00197	0.00467
1	0.00909	0.00942	0.02461	0.04301	0.01244	0.15645	0.19032	0.02403	0.06938	0.02517	0.00991	0.06756	0.00895	0.05584	0.20387	0.00264	0.07598	0.00447	0.00236	0.00450
2	0.01507	0.01111	0.01190	0.00912	0.01230	0.01230	0.00754	0.82270	0.01864	0.02499	0.00952	0.00952	0.00674	0.00476	0.00397	0.00119	0.00436	0.00357	0.00397	0.00674
3	0.00519	0.00411	0.00468	0.00457	0.00572	0.00365	0.00341	0.00676	0.02874	0.01291	0.35934	0.07357	0.45461	0.00927	0.00469	0.00131	0.00199	0.00793	0.00397	0.00357
4	0.03826	0.00443	0.00471	0.00439	0.00567	0.00444	0.00338	0.01099	0.05299	0.10448	0.04310	0.01490	0.01103	0.00479	0.00303	0.00100	0.00212	0.00384	0.67824	0.00419
5	0.00471	0.00391	0.00413	0.00431	0.00543	0.00332	0.00314	0.00566	0.00876	0.01060	0.03665	0.19573	0.67901	0.01050	0.00476	0.00139	0.00206	0.00893	0.00368	0.00332
6	0.00561	0.00405	0.00530	0.00499	0.00592	0.00374	0.00374	0.00748	0.01122	0.01590	0.83383	0.02962	0.03741	0.00811	0.00468	0.00125	0.00187	0.00717	0.00436	0.00374
7	0.00554	0.00425	0.00516	0.00481	0.00603	0.00374	0.00362	0.00715	0.01034	0.01418	0.54525	0.04979	0.24369	0.00833	0.00456	0.00123	0.00200	0.00722	0.00402	0.06907
8	0.88866	0.00767	0.00583	0.00521	0.00767	0.00889	0.00429	0.01166	0.00675	0.01779	0.00552	0.00644	0.00429	0.00368	0.00245	0.00123	0.00307	0.00215	0.00245	0.00429
9	0.88866	0.00767	0.00583	0.00521	0.00767	0.00889	0.00429	0.01166	0.00675	0.01779	0.00552	0.00644	0.00429	0.00368	0.00245	0.00123	0.00307	0.00215	0.00245	0.00429
10	0.01727	0.00663	0.00903	0.00697	0.00994	0.00574	0.00574	0.01881	0.01134	0.80337	0.05075	0.01419	0.01100	0.00504	0.00402	0.00123	0.00331	0.00412	0.00488	0.00662
11	0.01011	0.00977	0.03674	0.18178	0.10030	0.00978	0.35886	0.14198	0.01051	0.04423	0.00862	0.01147	0.00664	0.00409	0.00449	0.00131	0.02209	0.02935	0.00241	0.00547
12	0.00795	0.02051	0.84011	0.01130	0.01716	0.00921	0.01465	0.01256	0.00837	0.01256	0.00712	0.00837	0.00502	0.00377	0.00377	0.00126	0.00586	0.00293	0.00167	0.00586
13	0.01577	0.00999	0.01121	0.00859	0.01174	0.01064	0.00710	0.61762	0.01678	0.23270	0.01108	0.01053	0.00753	0.00480	0.00397	0.00120	0.00411	0.00368	0.00421	0.00674
14	0.00553	0.00363	0.00485	0.00560	0.00599	0.00336	0.00380	0.00627	0.00779	0.05486	0.02152	0.81247	0.02534	0.01202	0.00500	0.00159	0.00236	0.01088	0.00375	0.00341
15	0.00610	0.00406	0.00532	0.00580	0.00641	0.00389	0.00414	0.00717	0.02347	0.07205	0.04302	0.63113	0.08070	0.01121	0.00518	0.00156	0.02705	0.05438	0.00374	0.00362
16	0.05178	0.01052	0.01036	0.00852	0.02332	0.15754	0.01911	0.32654	0.03498	0.19846	0.07143	0.01155	0.00946	0.00480	0.00385	0.00116	0.00433	0.00370	0.01996	0.02864
17	0.06220	0.10709	0.04284	0.12810	0.19667	0.07404	0.07741	0.09146	0.04711	0.02988	0.02265	0.02074	0.02021	0.02642	0.00452	0.00128	0.03607	0.00363	0.00238	0.00530

[dist]
# distance from previous block
# <min> <max>
2	128

[block]
# block no. 10 follows, 68 sequences, length 19
# corresponding to MSA columns:
# 719-737
name=unknown_K
#
# <colnr> <probs for GDERKNQSTAVLIFYWHMCP>
#	G	D	E	R	K	N	Q	S	T	A	V	L	I	F	Y	W	H	M	C	P
0	0.03342	0.01064	0.07859	0.02507	0.12142	0.04610	0.11784	0.26998	0.11514	0.03314	0.08485	0.01201	0.00981	0.00462	0.00404	0.00122	0.00452	0.00401	0.00314	0.02043
1	0.00917	0.00720	0.00725	0.00667	0.00837	0.09402	0.00522	0.06682	0.15559	0.10431	0.13774	0.06446	0.18996	0.02387	0.00474	0.00139	0.00328	0.10147	0.00380	0.00467
2	0.02748	0.44072	0.14035	0.04571	0.12146	0.08328	0.06751	0.01233	0.00856	0.01076	0.00630	0.00767	0.00530	0.00355	0.00321	0.00103	0.00498	0.00271	0.00180	0.00529
3	0.00482	0.00359	0.00449	0.00517	0.00567	0.00326	0.00353	0.00561	0.00801	0.01041	0.04746	0.65048	0.20954	0.01177	0.00497	0.00154	0.00222	0.01051	0.00370	0.00326
4	0.00528	0.00404	0.00485	0.00464	0.00572	0.00360	0.00348	0.00685	0.01045	0.01406	0.55271	0.03264	0.31968	0.00879	0.00468	0.00128	0.00192	0.00759	0.00412	0.00360
5	0.00482	0.00348	0.00457	0.00544	0.00573	0.00323	0.00365	0.00553	0.00766	0.01015	0.02278	0.81660	0.06710	0.01230	0.00504	0.00160	0.00229	0.01112	0.00368	0.00323
6	0.01158	0.03189	0.02458	0.06441	0.27370	0.34043	0.04536	0.02627	0.01003	0.04266	0.03096	0.06380	0.00798	0.00454	0.00389	0.00116	0.00552	0.00377	0.00229	0.00518
7	0.00984	0.00989	0.01475	0.19220	0.58775	0.09309	0.01148	0.01212	0.00902	0.01205	0.00724	0.00970	0.00596	0.00368	0.00390	0.00119	0.00507	0.00343	0.00193	0.00573
8	0.00749	0.00705	0.01189	0.85113	0.02731	0.00881	0.01101	0.01013	0.00793	0.01013	0.00705	0.01057	0.00529	0.00396	0.00396	0.00132	0.00529	0.00352	0.00176	0.00440
9	0.00988	0.00934	0.01565	0.07719	0.74895	0.00950	0.01190	0.04614	0.00936	0.01328	0.00752	0.00985	0.00624	0.00361	0.00393	0.00119	0.00473	0.00353	0.00203	0.00618
10	0.88866	0.00767	0.00583	0.00521	0.00767	0.00889	0.00429	0.01166	0.00675	0.01779	0.00552	0.00644	0.00429	0.00368	0.00245	0.00123	0.00307	0.00215	0.00245	0.00429
11	0.00577	0.00384	0.00432	0.00432	0.00432	0.00384	0.00240	0.00577	0.00577	0.00769	0.01249	0.02595	0.01441	0.86066	0.02018	0.00384	0.00384	0.00577	0.00240	0.00240
12	0.00523	0.00404	0.00476	0.00458	0.00569	0.00358	0.00344	0.00673	0.01031	0.01373	0.50237	0.03318	0.37023	0.00891	0.00468	0.00129	0.00193	0.00767	0.00408	0.00358
13	0.00947	0.00907	0.01547	0.14767	0.71530	0.00933	0.01200	0.01186	0.00886	0.01253	0.00740	0.00993	0.00613	0.00360	0.00393	0.00120	0.00480	0.00353	0.00193	0.00600
14	0.00486	0.00356	0.00456	0.00529	0.00571	0.00327	0.00359	0.00566	0.00800	0.01053	0.07121	0.69962	0.13589	0.01185	0.00499	0.00155	0.00224	0.01064	0.00372	0.00327
15	0.06078	0.00679	0.00903	0.00696	0.01000	0.00598	0.00575	0.01894	0.01112	0.79815	0.01514	0.01315	0.00954	0.00485	0.00391	0.00123	0.00336	0.00390	0.00479	0.00663
16	0.00509	0.00383	0.00476	0.00528	0.00600	0.00350	0.00387	0.00615	0.00860	0.01114	0.11360	0.42656	0.25495	0.01109	0.00497	0.00152	0.00236	0.11962	0.00375	0.00337
17	0.00938	0.08280	0.51953	0.01142	0.02876	0.02428	0.12181	0.05794	0.04878	0.04673	0.00802	0.00911	0.00581	0.00386	0.00383	0.00123	0.00554	0.00326	0.00210	0.00582
18	0.00914	0.00737	0.00799	0.00737	0.00900	0.07273	0.02782	0.05079	0.30820	0.07968	0.08538	0.28482	0.01760	0.00764	0.00439	0.00138	0.00325	0.00665	0.00380	0.00499

[dist]
# distance from previous block
# <min> <max>
3	31

[block]
# block no. 11 follows, 68 sequences, length 24
# corresponding to MSA columns:
# 774-796,798
name=unknown_L
#
# <colnr> <probs for GDERKNQSTAVLIFYWHMCP>
#	G	D	E	R	K	N	Q	S	T	A	V	L	I	F	Y	W	H	M	C	P
0	0.10054	0.00968	0.03074	0.00786	0.01040	0.09667	0.02705	0.29953	0.03078	0.15155	0.02536	0.01089	0.00793	0.00467	0.00392	0.00117	0.03182	0.00350	0.14035	0.00560
1	0.00488	0.00354	0.00461	0.00536	0.00573	0.00327	0.00363	0.00568	0.00798	0.01061	0.08484	0.73101	0.09041	0.01191	0.00500	0.00156	0.00224	0.01073	0.00373	0.00327
2	0.00561	0.00405	0.00530	0.00499	0.00592	0.00374	0.00374	0.00748	0.01122	0.01590	0.83383	0.02962	0.03741	0.00811	0.00468	0.00125	0.00187	0.00717	0.00436	0.00374
3	0.00822	0.00705	0.00822	0.00587	0.00940	0.00529	0.00470	0.00998	0.00822	0.01292	0.00705	0.00822	0.00587	0.00294	0.00294	0.00059	0.00294	0.00235	0.00235	0.88490
4	0.00673	0.00523	0.00572	0.00538	0.00680	0.00531	0.00410	0.01092	0.23612	0.01438	0.26327	0.02621	0.26765	0.00749	0.00426	0.00126	0.00226	0.00635	0.11625	0.00432
5	0.00568	0.00399	0.00515	0.00522	0.00553	0.00422	0.00353	0.00633	0.00631	0.00869	0.03435	0.07106	0.01425	0.46860	0.31831	0.00452	0.00616	0.02272	0.00245	0.00293
6	0.22282	0.00692	0.00793	0.00639	0.00905	0.00676	0.00523	0.07026	0.02469	0.46639	0.03836	0.01367	0.06171	0.00502	0.00364	0.00122	0.00318	0.00389	0.03712	0.00574
7	0.00576	0.00387	0.00445	0.00445	0.00450	0.00391	0.00257	0.00585	0.00580	0.00778	0.01237	0.02529	0.01413	0.80770	0.07275	0.00401	0.00428	0.00567	0.00238	0.00247
8	0.88866	0.00767	0.00583	0.00521	0.00767	0.00889	0.00429	0.01166	0.00675	0.01779	0.00552	0.00644	0.00429	0.00368	0.00245	0.00123	0.00307	0.00215	0.00245	0.00429
9	0.00795	0.02051	0.84011	0.01130	0.01716	0.00921	0.01465	0.01256	0.00837	0.01256	0.00712	0.00837	0.00502	0.00377	0.00377	0.00126	0.00586	0.00293	0.00167	0.00586
10	0.01307	0.03035	0.00999	0.00856	0.01085	0.33274	0.00664	0.01796	0.31090	0.16374	0.04604	0.01203	0.00988	0.00486	0.00384	0.00118	0.00471	0.00371	0.00339	0.00558
11	0.01170	0.48944	0.07798	0.00880	0.04761	0.18944	0.00780	0.06256	0.03044	0.03206	0.00662	0.00742	0.00554	0.00375	0.00307	0.00097	0.00495	0.00253	0.00206	0.00527
12	0.00708	0.00438	0.00502	0.00482	0.00600	0.00414	0.00362	0.02275	0.04479	0.07442	0.21111	0.12787	0.19582	0.00762	0.00408	0.00122	0.00215	0.00650	0.26264	0.00396
