[name]
unknown

[dist]
# distance from previous block
# <min> <max>
13	310

[block]
# block no. 0 follows, 74 sequences, length 10
# corresponding to MSA columns:
# 325-334
name=unknown_A
#
# <colnr> <probs for GDERKNQSTAVLIFYWHMCP>
#	G	D	E	R	K	N	Q	S	T	A	V	L	I	F	Y	W	H	M	C	P
0	0.32739	0.03459	0.06136	0.03201	0.00998	0.05719	0.00608	0.13686	0.11066	0.13672	0.00850	0.00873	0.00619	0.00406	0.00336	0.00114	0.02737	0.00287	0.00289	0.02204
1	0.05051	0.05429	0.05240	0.02721	0.15167	0.17080	0.02465	0.07017	0.03304	0.08091	0.00785	0.02652	0.00633	0.00454	0.03219	0.00113	0.00448	0.00300	0.00237	0.19593
2	0.03522	0.00387	0.00471	0.00487	0.00564	0.00368	0.00351	0.00675	0.04487	0.01221	0.34890	0.35054	0.14322	0.00915	0.00442	0.00131	0.00201	0.00808	0.00368	0.00338
3	0.01337	0.00966	0.01045	0.00822	0.01102	0.01067	0.00672	0.62545	0.17086	0.07877	0.01047	0.01009	0.00745	0.00457	0.00373	0.00114	0.00381	0.00353	0.00379	0.00623
4	0.01030	0.02755	0.06123	0.02740	0.13053	0.03292	0.00750	0.22002	0.33470	0.02801	0.02401	0.02620	0.02039	0.00470	0.00395	0.00119	0.02672	0.00382	0.00316	0.00569
5	0.00463	0.00335	0.00438	0.00501	0.00539	0.00310	0.00342	0.00547	0.00773	0.01037	0.15319	0.68575	0.07276	0.01086	0.00466	0.00144	0.00207	0.00978	0.00355	0.00310
6	0.01207	0.00884	0.03325	0.10659	0.07954	0.00932	0.00744	0.39806	0.06865	0.14331	0.03201	0.01084	0.00778	0.03008	0.00447	0.00124	0.03392	0.00358	0.00330	0.00570
7	0.00536	0.00378	0.00480	0.00465	0.00552	0.00345	0.00342	0.00681	0.00968	0.03499	0.59560	0.13349	0.13075	0.03511	0.00486	0.00130	0.00191	0.00721	0.00388	0.00343
8	0.00691	0.00597	0.00914	0.06733	0.28291	0.00590	0.02657	0.03352	0.00957	0.01326	0.37850	0.02038	0.11303	0.00593	0.00408	0.00116	0.00303	0.00534	0.00305	0.00440
9	0.00498	0.00373	0.00462	0.00450	0.00541	0.00337	0.00334	0.00644	0.00971	0.01324	0.57878	0.10632	0.22515	0.00839	0.00441	0.00122	0.00182	0.00733	0.00388	0.00337

[dist]
# distance from previous block
# <min> <max>
0	1

[block]
# block no. 1 follows, 74 sequences, length 7
# corresponding to MSA columns:
# 336-342
name=unknown_B
#
# <colnr> <probs for GDERKNQSTAVLIFYWHMCP>
#	G	D	E	R	K	N	Q	S	T	A	V	L	I	F	Y	W	H	M	C	P
0	0.03169	0.01060	0.00951	0.08064	0.03590	0.34015	0.03004	0.01095	0.00916	0.01093	0.22125	0.01292	0.01272	0.00570	0.02400	0.00127	0.14224	0.00382	0.00241	0.00408
1	0.22012	0.00961	0.00848	0.00704	0.00954	0.22448	0.00563	0.04975	0.00988	0.40527	0.00991	0.00942	0.00673	0.00412	0.00330	0.00110	0.00404	0.00297	0.00333	0.00527
2	0.66807	0.00746	0.00682	0.00697	0.08484	0.00852	0.00500	0.01241	0.14384	0.01605	0.00697	0.00761	0.00540	0.00369	0.00267	0.00116	0.00302	0.00249	0.00250	0.00450
3	0.01334	0.00947	0.01030	0.00813	0.01091	0.01041	0.00664	0.57849	0.19048	0.10620	0.01081	0.01034	0.00767	0.00459	0.00373	0.00115	0.00375	0.00356	0.00382	0.00622
4	0.23606	0.00754	0.01109	0.33999	0.31559	0.00847	0.00908	0.01054	0.00751	0.01227	0.00637	0.00865	0.00504	0.00350	0.00333	0.00117	0.00422	0.00297	0.00188	0.00473
5	0.01048	0.04659	0.00845	0.00678	0.00863	0.04551	0.00541	0.16798	0.08731	0.19958	0.01100	0.01298	0.00879	0.07755	0.28265	0.00289	0.00576	0.00377	0.00306	0.00482
6	0.45954	0.03260	0.03556	0.00626	0.00895	0.03584	0.02430	0.06694	0.00860	0.25518	0.00829	0.00833	0.00580	0.00382	0.00294	0.00112	0.00335	0.00269	0.00298	0.02692

[dist]
# distance from previous block
# <min> <max>
0	1

[block]
# block no. 2 follows, 74 sequences, length 14
# corresponding to MSA columns:
# 344-357
name=unknown_C
#
# <colnr> <probs for GDERKNQSTAVLIFYWHMCP>
#	G	D	E	R	K	N	Q	S	T	A	V	L	I	F	Y	W	H	M	C	P
0	0.00913	0.00764	0.01206	0.01560	0.48016	0.00728	0.03348	0.03469	0.00901	0.08136	0.11117	0.02539	0.00999	0.00402	0.00366	0.00104	0.00373	0.00374	0.00248	0.14437
1	0.01072	0.21048	0.04239	0.00694	0.00974	0.03288	0.04183	0.13161	0.00979	0.17178	0.05432	0.02238	0.01932	0.05651	0.00422	0.00111	0.00365	0.00335	0.00282	0.16414
2	0.89577	0.00718	0.00546	0.00488	0.00718	0.00833	0.00402	0.01091	0.00632	0.01665	0.00517	0.00603	0.00402	0.00345	0.00230	0.00115	0.00287	0.00201	0.00230	0.00402
3	0.00591	0.00406	0.00513	0.00515	0.00601	0.00387	0.00374	0.00787	0.07516	0.06132	0.36849	0.34711	0.07418	0.00886	0.00443	0.00131	0.00209	0.00787	0.00381	0.00365
4	0.04715	0.00751	0.00914	0.00701	0.00991	0.00722	0.00578	0.24537	0.01217	0.53015	0.01214	0.01101	0.00794	0.00439	0.00361	0.00110	0.00338	0.00346	0.00410	0.06748
5	0.00812	0.00812	0.01137	0.00975	0.00975	0.01137	0.00812	0.00893	0.00568	0.00893	0.00487	0.00812	0.00487	0.00650	0.01218	0.00162	0.86276	0.00325	0.00162	0.00406
6	0.00513	0.00342	0.00453	0.00517	0.00557	0.00316	0.00352	0.00588	0.00750	0.04930	0.06509	0.75622	0.04952	0.01101	0.00466	0.00146	0.00217	0.00994	0.00353	0.00320
7	0.00479	0.00350	0.00454	0.00530	0.00562	0.00336	0.00358	0.00599	0.05392	0.00982	0.02016	0.81915	0.02381	0.01126	0.00468	0.00149	0.00220	0.01019	0.00346	0.00318
8	0.01318	0.01138	0.12376	0.00900	0.01231	0.03185	0.04668	0.59288	0.01498	0.09337	0.00897	0.00909	0.00628	0.00427	0.00371	0.00113	0.00436	0.00332	0.00337	0.00609
9	0.00916	0.00797	0.01214	0.37283	0.30635	0.02376	0.00975	0.07914	0.07356	0.05737	0.00800	0.00997	0.00611	0.00379	0.00370	0.00117	0.00447	0.00338	0.00221	0.00517
10	0.00722	0.00506	0.00572	0.00517	0.00586	0.00536	0.00348	0.17924	0.00798	0.01073	0.01095	0.02015	0.01159	0.60892	0.09442	0.00330	0.00430	0.00483	0.00253	0.00320
11	0.03221	0.01227	0.00963	0.00826	0.01056	0.40754	0.00643	0.08407	0.12445	0.25298	0.00983	0.00955	0.00706	0.00426	0.00353	0.00107	0.00487	0.00309	0.00310	0.00526
12	0.00598	0.00377	0.00444	0.00434	0.00454	0.00378	0.00261	0.00616	0.00572	0.05112	0.01170	0.02289	0.01292	0.75543	0.08675	0.00367	0.00410	0.00519	0.00235	0.00255
13	0.00670	0.00632	0.02266	0.05114	0.03236	0.00641	0.20810	0.03786	0.00793	0.01085	0.05644	0.37114	0.01541	0.03073	0.00576	0.00146	0.10464	0.01747	0.00270	0.00392

[dist]
# distance from previous block
# <min> <max>
0	1

[block]
# block no. 3 follows, 74 sequences, length 28
# corresponding to MSA columns:
# 359-386
name=unknown_D
#
# <colnr> <probs for GDERKNQSTAVLIFYWHMCP>
#	G	D	E	R	K	N	Q	S	T	A	V	L	I	F	Y	W	H	M	C	P
0	0.01288	0.21073	0.01251	0.00876	0.01099	0.61839	0.00695	0.04020	0.02879	0.00961	0.00592	0.00676	0.00497	0.00373	0.00315	0.00093	0.00591	0.00237	0.00194	0.00451
1	0.01002	0.00962	0.00875	0.00789	0.00996	0.15236	0.00609	0.01889	0.69932	0.01444	0.01352	0.01264	0.01022	0.00483	0.00370	0.00121	0.00357	0.00389	0.00346	0.00561
2	0.20472	0.02442	0.15246	0.03540	0.02978	0.16846	0.03418	0.08413	0.03435	0.11386	0.03783	0.00892	0.00664	0.00391	0.00329	0.00109	0.00436	0.00292	0.00255	0.04673
3	0.05105	0.09703	0.07781	0.00871	0.06377	0.15054	0.00706	0.15659	0.08406	0.14500	0.03779	0.00963	0.00745	0.00416	0.00363	0.00106	0.02694	0.00312	0.00285	0.06177
4	0.00885	0.00848	0.01446	0.15090	0.72088	0.00873	0.01123	0.01110	0.00829	0.01172	0.00692	0.00930	0.00574	0.00337	0.00368	0.00112	0.00449	0.00331	0.00181	0.00561
5	0.01411	0.01040	0.01114	0.00854	0.01151	0.01151	0.00706	0.83402	0.01745	0.02339	0.00891	0.00891	0.00631	0.00446	0.00371	0.00111	0.00408	0.00334	0.00371	0.00631
6	0.19334	0.00662	0.00806	0.00632	0.00908	0.00622	0.00522	0.04175	0.00997	0.65621	0.01256	0.01119	0.00806	0.00436	0.00344	0.00115	0.00313	0.00337	0.00411	0.00585
7	0.00452	0.00323	0.00431	0.00517	0.00538	0.00301	0.00345	0.00517	0.00711	0.00948	0.02046	0.86713	0.02455	0.01163	0.00474	0.00151	0.00215	0.01055	0.00345	0.00301
8	0.00707	0.00666	0.01124	0.83711	0.04860	0.00826	0.01034	0.00954	0.00745	0.00956	0.00661	0.00988	0.00497	0.00370	0.00371	0.00123	0.00493	0.00330	0.00165	0.00417
9	0.00476	0.00334	0.00422	0.00483	0.00501	0.00318	0.00310	0.00524	0.00667	0.00887	0.01848	0.61632	0.04165	0.24612	0.00860	0.00207	0.00254	0.00908	0.00312	0.00281
10	0.00785	0.00609	0.00774	0.00807	0.10751	0.00643	0.00550	0.01260	0.29361	0.06523	0.38782	0.01932	0.02106	0.00599	0.00426	0.00120	0.02609	0.00517	0.00368	0.00478
11	0.00701	0.00660	0.01113	0.86063	0.02556	0.00825	0.01031	0.00948	0.00742	0.00948	0.00660	0.00990	0.00495	0.00371	0.00371	0.00124	0.00495	0.00330	0.00165	0.00412
12	0.00744	0.01920	0.85032	0.01058	0.01607	0.00862	0.01371	0.01176	0.00784	0.01176	0.00666	0.00784	0.00470	0.00353	0.00353	0.00118	0.00549	0.00274	0.00157	0.00549
13	0.01359	0.00961	0.01047	0.00818	0.01098	0.01053	0.00670	0.67300	0.08130	0.09000	0.01029	0.04060	0.00760	0.00477	0.00376	0.00114	0.00385	0.00370	0.00378	0.00616
14	0.00744	0.01920	0.85032	0.01058	0.01607	0.00862	0.01371	0.01176	0.00784	0.01176	0.00666	0.00784	0.00470	0.00353	0.00353	0.00118	0.00549	0.00274	0.00157	0.00549
15	0.00459	0.00329	0.00434	0.00508	0.00536	0.00307	0.00341	0.00531	0.00735	0.00984	0.08122	0.76965	0.04319	0.02903	0.00500	0.00152	0.00215	0.01010	0.00347	0.00304
16	0.00462	0.00334	0.00434	0.00506	0.00539	0.00310	0.00344	0.00535	0.00733	0.00972	0.05726	0.71926	0.07901	0.04224	0.00522	0.00156	0.00221	0.03509	0.00343	0.00303
17	0.84806	0.00735	0.00576	0.00508	0.00741	0.00850	0.00418	0.05545	0.00692	0.01702	0.00537	0.00619	0.00414	0.00350	0.00237	0.00115	0.00294	0.00208	0.00237	0.00414
18	0.82445	0.00720	0.00577	0.00506	0.00741	0.00822	0.00417	0.02906	0.00681	0.06635	0.00581	0.00648	0.00438	0.00354	0.00241	0.00115	0.00291	0.00214	0.00246	0.00421
19	0.01833	0.00931	0.09480	0.12697	0.18380	0.02827	0.13055	0.08054	0.12062	0.04029	0.04324	0.01182	0.04397	0.00429	0.00408	0.00119	0.03233	0.00384	0.01656	0.00516
20	0.00522	0.00366	0.00452	0.00467	0.00494	0.00368	0.00303	0.00590	0.01966	0.00884	0.09673	0.20945	0.03125	0.45298	0.12648	0.00314	0.00391	0.00650	0.00271	0.00276
21	0.03326	0.01207	0.23631	0.01222	0.17984	0.05265	0.07557	0.19131	0.06483	0.04221	0.00816	0.00929	0.00615	0.00500	0.04463	0.00138	0.01391	0.00327	0.00242	0.00554
22	0.07634	0.00957	0.01028	0.00808	0.01081	0.01063	0.00664	0.60841	0.10343	0.07703	0.00956	0.00946	0.00683	0.00452	0.00388	0.00115	0.03037	0.00336	0.00361	0.00603
23	0.03259	0.04633	0.05708	0.01003	0.09831	0.03921	0.07861	0.08597	0.28061	0.01331	0.01051	0.01194	0.02347	0.02211	0.06701	0.00162	0.09664	0.01683	0.00268	0.00513
24	0.00563	0.00431	0.00551	0.00511	0.00611	0.00415	0.00386	0.00752	0.03965	0.01380	0.61761	0.10222	0.04784	0.00750	0.00465	0.00118	0.04420	0.00650	0.00374	0.06889
25	0.03305	0.32675	0.01219	0.02090	0.02300	0.01063	0.00592	0.04426	0.36358	0.01268	0.01096	0.07312	0.00924	0.00470	0.00325	0.00108	0.00332	0.00370	0.03256	0.00511
26	0.00701	0.00660	0.01113	0.86063	0.02556	0.00825	0.01031	0.00948	0.00742	0.00948	0.00660	0.00990	0.00495	0.00371	0.00371	0.00124	0.00495	0.00330	0.00165	0.00412
27	0.00902	0.48615	0.36705	0.00823	0.01233	0.04031	0.00946	0.01151	0.00777	0.01001	0.00581	0.00677	0.00474	0.00334	0.00289	0.00096	0.00470	0.00232	0.00159	0.00505

[dist]
# distance from previous block
# <min> <max>
0	1

[block]
# block no. 4 follows, 74 sequences, length 68
# corresponding to MSA columns:
# 388-455
name=unknown_E
#
# <colnr> <probs for GDERKNQSTAVLIFYWHMCP>
#	G	D	E	R	K	N	Q	S	T	A	V	L	I	F	Y	W	H	M	C	P
0	0.02572	0.05107	0.00927	0.00743	0.03156	0.05350	0.00580	0.22408	0.01059	0.25482	0.01036	0.01217	0.00810	0.10238	0.13371	0.00212	0.04544	0.00363	0.00317	0.00508
1	0.00447	0.00372	0.00392	0.00405	0.00514	0.00319	0.00297	0.00549	0.01917	0.01000	0.03435	0.17887	0.69239	0.00973	0.00444	0.00130	0.00194	0.00825	0.00345	0.00315
2	0.00643	0.00611	0.06400	0.00581	0.00743	0.00554	0.00482	0.01080	0.25831	0.01368	0.34960	0.02331	0.18479	0.00761	0.03398	0.00138	0.00268	0.00581	0.00362	0.00427
3	0.00452	0.00323	0.00431	0.00517	0.00538	0.00301	0.00345	0.00517	0.00711	0.00948	0.02046	0.86713	0.02455	0.01163	0.00474	0.00151	0.00215	0.01055	0.00345	0.00301
4	0.01026	0.02436	0.10000	0.04324	0.37516	0.07152	0.00955	0.18684	0.10246	0.01445	0.00833	0.02255	0.00661	0.00394	0.00365	0.00112	0.00443	0.00338	0.00244	0.00569
5	0.01463	0.00700	0.00872	0.00697	0.00965	0.00679	0.00566	0.07119	0.21888	0.58674	0.01439	0.01270	0.00954	0.00470	0.00374	0.00117	0.00316	0.00382	0.00433	0.00621
6	0.00985	0.00908	0.01175	0.05049	0.13692	0.06730	0.12449	0.09980	0.37671	0.02719	0.03939	0.01188	0.00922	0.00438	0.00383	0.00119	0.00406	0.00391	0.00301	0.00553
7	0.00540	0.00360	0.00405	0.00405	0.00405	0.00360	0.00225	0.00540	0.00540	0.00720	0.01170	0.02429	0.01349	0.86955	0.01889	0.00360	0.00360	0.00540	0.00225	0.00225
8	0.00469	0.00343	0.00469	0.00580	0.03570	0.00322	0.00373	0.00539	0.00716	0.00957	0.01997	0.83621	0.02388	0.01133	0.00470	0.00149	0.00223	0.01029	0.00339	0.00312
9	0.00910	0.00873	0.01500	0.08524	0.73281	0.00885	0.04717	0.02670	0.00856	0.01213	0.00701	0.00927	0.00581	0.00335	0.00371	0.00112	0.00452	0.00335	0.00186	0.00572
10	0.00840	0.06382	0.52112	0.02877	0.01640	0.00917	0.22271	0.04152	0.00847	0.03474	0.00709	0.00850	0.00513	0.00347	0.00370	0.00117	0.00547	0.00318	0.00181	0.00535
11	0.03720	0.55375	0.01612	0.00732	0.01002	0.16801	0.01668	0.04062	0.00843	0.04789	0.00584	0.00669	0.00502	0.00363	0.00332	0.00092	0.05963	0.00230	0.00189	0.00474
12	0.00503	0.00336	0.00449	0.00523	0.00556	0.00312	0.00353	0.00571	0.00725	0.04480	0.02021	0.83117	0.02390	0.01133	0.00470	0.00149	0.00220	0.01027	0.00349	0.00315
13	0.00769	0.00702	0.03611	0.00567	0.00904	0.00507	0.00471	0.00943	0.00770	0.01208	0.00660	0.00770	0.00547	0.00278	0.00278	0.00057	0.00284	0.00222	0.00218	0.86234
14	0.00532	0.00391	0.00565	0.00565	0.00620	0.00447	0.00424	0.00642	0.00587	0.00838	0.01023	0.01620	0.00998	0.16787	0.71577	0.00557	0.00889	0.00421	0.00203	0.00314
15	0.00533	0.00375	0.00488	0.00491	0.00521	0.00403	0.00332	0.00592	0.00570	0.00789	0.01126	0.05049	0.01208	0.47666	0.37787	0.00454	0.00627	0.00497	0.00218	0.00273
16	0.00517	0.00373	0.00483	0.00467	0.00546	0.00345	0.00343	0.00672	0.00994	0.01395	0.71269	0.10647	0.05634	0.04064	0.00496	0.00129	0.00186	0.00705	0.00394	0.00340
17	0.01092	0.05647	0.33353	0.00996	0.01351	0.33865	0.05074	0.10779	0.02325	0.01198	0.00667	0.00763	0.00507	0.00374	0.00347	0.00107	0.00572	0.00274	0.00200	0.00507
18	0.01500	0.00742	0.03260	0.00720	0.01002	0.03477	0.03558	0.09709	0.01100	0.63258	0.02523	0.03588	0.02829	0.00481	0.00379	0.00116	0.00347	0.00396	0.00417	0.00598
19	0.00460	0.00334	0.00428	0.00497	0.00531	0.00310	0.00336	0.00529	0.00726	0.00956	0.04015	0.69118	0.11656	0.06026	0.00551	0.00159	0.00222	0.02508	0.00339	0.00300
20	0.52746	0.00802	0.00716	0.00600	0.00848	0.06622	0.00490	0.09657	0.00881	0.22323	0.00794	0.00801	0.00559	0.00386	0.00287	0.00113	0.00333	0.00260	0.00298	0.00484
21	0.01262	0.31497	0.01368	0.00818	0.01073	0.40152	0.00681	0.14058	0.01056	0.03950	0.00633	0.00698	0.00516	0.00372	0.00308	0.00093	0.00522	0.00244	0.00217	0.00484
22	0.00623	0.00466	0.00568	0.00526	0.00641	0.00465	0.00399	0.02500	0.15368	0.02625	0.63983	0.04165	0.04779	0.00717	0.00426	0.00119	0.00203	0.00628	0.00401	0.00399
23	0.00506	0.00349	0.00455	0.00499	0.00547	0.00323	0.00344	0.00598	0.00802	0.03330	0.22264	0.57394	0.05840	0.04283	0.00514	0.00148	0.00213	0.00913	0.00359	0.00320
24	0.03417	0.00740	0.00898	0.00816	0.04937	0.03638	0.02292	0.17023	0.16150	0.12024	0.01051	0.01186	0.00826	0.01173	0.26452	0.00266	0.05947	0.00369	0.00295	0.00500
25	0.06166	0.01083	0.09056	0.01746	0.50384	0.10519	0.05717	0.06384	0.00902	0.01263	0.00680	0.00860	0.00552	0.00354	0.00381	0.00112	0.02783	0.00314	0.00196	0.00548
26	0.00982	0.00788	0.00855	0.00723	0.00967	0.00849	0.00570	0.09663	0.56850	0.05890	0.01296	0.01221	0.00969	0.00455	0.00358	0.00111	0.00303	0.00373	0.00353	0.16423
27	0.01161	0.00864	0.01135	0.00918	0.03850	0.00908	0.12489	0.42186	0.07358	0.09612	0.09268	0.06423	0.01078	0.00503	0.00394	0.00118	0.00389	0.00436	0.00350	0.00560
28	0.00532	0.00365	0.00445	0.00451	0.00466	0.00377	0.00281	0.00563	0.00562	0.00763	0.01191	0.07721	0.01336	0.64306	0.18742	0.00394	0.00479	0.00545	0.00227	0.00251
29	0.00912	0.03205	0.01295	0.29498	0.38575	0.06714	0.02725	0.01170	0.05096	0.05138	0.01710	0.00979	0.00623	0.00367	0.00366	0.00114	0.00461	0.00333	0.00203	0.00514
30	0.00850	0.04757	0.03491	0.04141	0.15675	0.00657	0.02376	0.01065	0.03530	0.04919	0.00726	0.00844	0.00585	0.00309	0.00307	0.00077	0.00336	0.00262	0.00222	0.54873
31	0.00716	0.00664	0.00934	0.00828	0.00846	0.00893	0.00673	0.00802	0.00573	0.00870	0.00670	0.01095	0.00664	0.06743	0.24064	0.01639	0.56420	0.00358	0.00176	0.00371
32	0.00761	0.01792	0.73843	0.01113	0.01629	0.00877	0.10536	0.01171	0.00789	0.01171	0.00672	0.00809	0.00481	0.00355	0.00382	0.00119	0.02508	0.00294	0.00160	0.00540
33	0.00484	0.00342	0.00436	0.00487	0.00510	0.00333	0.00319	0.00537	0.00656	0.00876	0.01757	0.52169	0.04696	0.25860	0.08542	0.00250	0.00326	0.00839	0.00297	0.00283
34	0.01015	0.09854	0.03484	0.00688	0.02656	0.08801	0.00558	0.04224	0.10296	0.16983	0.17334	0.01305	0.01251	0.00455	0.00347	0.00098	0.00332	0.00367	0.00313	0.19640
35	0.00744	0.01920	0.85032	0.01058	0.01607	0.00862	0.01371	0.01176	0.00784	0.01176	0.00666	0.00784	0.00470	0.00353	0.00353	0.00118	0.00549	0.00274	0.00157	0.00549
36	0.02788	0.02559	0.08863	0.05356	0.00999	0.00753	0.01467	0.23011	0.12822	0.01567	0.19148	0.01818	0.16128	0.00589	0.00391	0.00118	0.00321	0.00487	0.00334	0.00480
37	0.00626	0.00412	0.00528	0.00485	0.00596	0.00380	0.00369	0.00818	0.03404	0.08443	0.69564	0.02662	0.08803	0.00739	0.00431	0.00117	0.00191	0.00647	0.00408	0.00378
38	0.05663	0.00417	0.00547	0.00635	0.06514	0.00398	0.00412	0.00707	0.00752	0.08031	0.03994	0.55247	0.08056	0.03777	0.00513	0.02576	0.00248	0.00832	0.00329	0.00351
39	0.00763	0.00652	0.00762	0.00549	0.00872	0.00491	0.00438	0.00926	0.00768	0.01204	0.00690	0.02644	0.00591	0.00294	0.00279	0.00057	0.00274	0.00238	0.00223	0.87285
40	0.01168	0.00561	0.00754	0.00632	0.00828	0.00523	0.02285	0.03921	0.05650	0.44824	0.10671	0.13976	0.01448	0.05234	0.05605	0.00163	0.00337	0.00519	0.00396	0.00508
41	0.01426	0.00598	0.00798	0.00633	0.00878	0.00532	0.00514	0.05210	0.01078	0.64750	0.14692	0.04722	0.01376	0.00533	0.00387	0.00116	0.00294	0.00445	0.00443	0.00574
42	0.01733	0.00811	0.03459	0.05307	0.27936	0.07091	0.06936	0.05217	0.01684	0.06397	0.01161	0.22186	0.03342	0.00588	0.00437	0.00124	0.04336	0.00524	0.00255	0.00477
43	0.01050	0.00748	0.00836	0.04590	0.00945	0.12563	0.00590	0.02633	0.03659	0.25226	0.03099	0.08562	0.00981	0.02660	0.17407	0.00223	0.13058	0.00420	0.00293	0.00456
44	0.00875	0.47849	0.28780	0.00788	0.01161	0.01164	0.02433	0.01147	0.04831	0.01034	0.03835	0.00811	0.00636	0.00425	0.02726	0.00111	0.00454	0.00262	0.00180	0.00497
45	0.00934	0.00564	0.00684	0.00621	0.00760	0.04400	0.00476	0.05927	0.03747	0.24182	0.07778	0.21333	0.02123	0.04514	0.18293	0.00234	0.02093	0.00562	0.00338	0.00437
46	0.01118	0.00861	0.10732	0.04841	0.06138	0.04871	0.08766	0.03302	0.06220	0.32021	0.04034	0.08557	0.02660	0.00583	0.03455	0.00137	0.00416	0.00437	0.00324	0.00529
47	0.00896	0.02075	0.05266	0.02699	0.08232	0.02278	0.03064	0.06203	0.06534	0.16768	0.18398	0.14343	0.07482	0.00641	0.00432	0.00123	0.03211	0.00550	0.00338	0.00468
48	0.02814	0.00674	0.00890	0.05319	0.04215	0.01904	0.00597	0.07365	0.02329	0.60392	0.03422	0.03669	0.00957	0.00528	0.02271	0.00127	0.01147	0.00390	0.00405	0.00586
49	0.01028	0.09558	0.16480	0.03529	0.03607	0.16125	0.07453	0.09580	0.07240	0.07371	0.02210	0.04510	0.01639	0.01545	0.01311	0.00122	0.05597	0.00353	0.00243	0.00500
50	0.09427	0.00796	0.01003	0.00844	0.04954	0.03189	0.07644	0.20036	0.06722	0.32408	0.01218	0.04689	0.02889	0.00479	0.00372	0.00118	0.00368	0.01923	0.00359	0.00562
51	0.01086	0.22150	0.01092	0.00684	0.00899	0.19474	0.00569	0.20688	0.01067	0.01377	0.03084	0.00946	0.00717	0.00409	0.00317	0.00095	0.01697	0.00292	0.22892	0.00465
52	0.01083	0.00878	0.00890	0.00684	0.00978	0.11001	0.00547	0.20796	0.02132	0.09779	0.02702	0.00889	0.00672	0.00361	0.00320	0.00082	0.00357	0.00278	0.00283	0.45289
53	0.03089	0.01789	0.04708	0.00781	0.06460	0.01551	0.06585	0.11839	0.02307	0.10589	0.18600	0.06295	0.18952	0.00657	0.01331	0.00126	0.03020	0.00539	0.00329	0.00453
54	0.01682	0.00595	0.00685	0.02292	0.12032	0.07329	0.00465	0.00878	0.05464	0.06275	0.01132	0.07663	0.01168	0.45519	0.05056	0.00265	0.00410	0.00491	0.00246	0.00353
55	0.00849	0.00777	0.01106	0.05744	0.33544	0.05225	0.05252	0.04510	0.10932	0.02832	0.15551	0.04362	0.06699	0.00504	0.00392	0.00116	0.00374	0.00456	0.00274	0.00500
56	0.09815	0.00681	0.00858	0.00664	0.00947	0.00634	0.00548	0.10031	0.01092	0.68770	0.01318	0.01164	0.00842	0.00447	0.00360	0.00115	0.00323	0.00353	0.00429	0.00610
57	0.00713	0.00921	0.22559	0.02600	0.07487	0.01967	0.02294	0.08907	0.03682	0.01226	0.07832	0.30323	0.03707	0.02345	0.00449	0.00133	0.01527	0.00609	0.00278	0.00441
58	0.01779	0.19840	0.59755	0.00954	0.01422	0.07120	0.01152	0.01983	0.00805	0.01109	0.00628	0.00735	0.00473	0.00348	0.00326	0.00108	0.00521	0.00256	0.00163	0.00524
59	0.05625	0.00831	0.15963	0.00886	0.10170	0.00631	0.02216	0.06862	0.00890	0.19637	0.02460	0.28574	0.01272	0.00649	0.00406	0.00127	0.01442	0.00563	0.00310	0.00484
60	0.00578	0.00358	0.00475	0.00525	0.00579	0.00328	0.00363	0.00655	0.00761	0.09564	0.04265	0.72557	0.05431	0.01072	0.00461	0.00145	0.00224	0.00965	0.00358	0.00337
61	0.00702	0.00651	0.00868	0.00785	0.00819	0.04006	0.00630	0.00800	0.00596	0.00870	0.00739	0.01170	0.00720	0.06813	0.35599	0.00349	0.42970	0.00365	0.00182	0.00365
62	0.04254	0.01989	0.22627	0.00971	0.01319	0.15967	0.11173	0.21881	0.01836	0.13184	0.00829	0.00882	0.00590	0.00392	0.00363	0.00112	0.00500	0.00315	0.00267	0.00549
63	0.00630	0.00423	0.00497	0.00481	0.00601	0.00385	0.00359	0.00803	0.06470	0.10620	0.18591	0.20760	0.36242	0.00869	0.00434	0.00128	0.00213	0.00749	0.00372	0.00372
64	0.01188	0.00825	0.00914	0.00754	0.00999	0.00901	0.00605	0.29559	0.36802	0.15748	0.06637	0.01286	0.01079	0.00493	0.00379	0.00119	0.00329	0.00399	0.00391	0.00594
65	0.00538	0.00369	0.00450	0.00450	0.00466	0.00384	0.00281	0.00569	0.00553	0.00753	0.01128	0.02200	0.01250	0.67075	0.21633	0.00416	0.00510	0.00506	0.00219	0.00250
66	0.00724	0.00683	0.01155	0.77273	0.11168	0.00831	0.01042	0.00968	0.00753	0.00976	0.00664	0.00982	0.00505	0.00367	0.00371	0.00122	0.00489	0.00330	0.00167	0.00431
67	0.03222	0.01055	0.01200	0.14126	0.30925	0.20097	0.00895	0.11395	0.08702	0.01277	0.00753	0.00902	0.00598	0.00388	0.00383	0.00112	0.02909	0.00315	0.00224	0.00521

[dist]
# distance from previous block
# <min> <max>
0	2

[block]
# block no. 5 follows, 74 sequences, length 9
# corresponding to MSA columns:
# 458-466
name=unknown_F
#
# <colnr> <probs for GDERKNQSTAVLIFYWHMCP>
#	G	D	E	R	K	N	Q	S	T	A	V	L	I	F	Y	W	H	M	C	P
0	0.64580	0.14129	0.00768	0.00519	0.00747	0.03380	0.00440	0.01073	0.00695	0.01500	0.06119	0.00772	0.00639	0.00372	0.00249	0.00108	0.00304	0.00237	0.02959	0.00409
1	0.00459	0.00330	0.00446	0.00524	0.00550	0.00316	0.00355	0.00530	0.00700	0.00940	0.01951	0.79030	0.02317	0.01309	0.08135	0.00191	0.00286	0.00996	0.00331	0.00304
2	0.84229	0.00782	0.00576	0.00517	0.00744	0.05965	0.00421	0.01115	0.00657	0.01619	0.00520	0.00607	0.00407	0.00347	0.00236	0.00114	0.00310	0.00203	0.00227	0.00404
3	0.01199	0.01344	0.01180	0.01165	0.13842	0.47814	0.08160	0.03810	0.04240	0.05177	0.00768	0.05035	0.00652	0.00427	0.00392	0.00108	0.03658	0.00331	0.00222	0.00475
4	0.04601	0.00710	0.00811	0.00602	0.00914	0.00609	0.00485	0.10376	0.05150	0.08669	0.00794	0.00851	0.00615	0.00325	0.00298	0.00073	0.00295	0.00256	0.00266	0.63303
5	0.00488	0.00359	0.00480	0.03963	0.00625	0.00341	0.00372	0.00601	0.00840	0.01145	0.31841	0.49557	0.06049	0.00976	0.00455	0.00136	0.00211	0.00876	0.00360	0.00324
6	0.00584	0.00393	0.00550	0.00565	0.00622	0.00417	0.00414	0.00680	0.00666	0.06471	0.01427	0.34028	0.01531	0.08522	0.38643	0.00364	0.02859	0.00656	0.00273	0.00334
7	0.00615	0.00410	0.00587	0.00569	0.00648	0.00447	0.00435	0.00742	0.00681	0.07171	0.11149	0.01689	0.01276	0.09833	0.61444	0.00482	0.00788	0.00442	0.00246	0.00347
8	0.00985	0.57628	0.07170	0.02938	0.02957	0.06190	0.04902	0.03768	0.04063	0.00994	0.00598	0.00701	0.00515	0.00354	0.00328	0.00094	0.04906	0.00244	0.00178	0.00486

[dist]
# distance from previous block
# <min> <max>
0	1

[block]
# block no. 6 follows, 74 sequences, length 42
# corresponding to MSA columns:
# 468-509
name=unknown_G
#
# <colnr> <probs for GDERKNQSTAVLIFYWHMCP>
#	G	D	E	R	K	N	Q	S	T	A	V	L	I	F	Y	W	H	M	C	P
0	0.51040	0.08214	0.08084	0.00735	0.04162	0.01706	0.07518	0.03065	0.00748	0.06944	0.00634	0.00721	0.00481	0.00347	0.00279	0.00110	0.00361	0.00247	0.00230	0.04373
1	0.03280	0.00621	0.00726	0.00631	0.00787	0.00665	0.00496	0.18788	0.12666	0.05827	0.35238	0.06937	0.03891	0.00702	0.02538	0.00133	0.04708	0.00536	0.00371	0.00458
2	0.01008	0.16124	0.16888	0.01069	0.11486	0.03614	0.08637	0.18700	0.12084	0.02352	0.03908	0.00966	0.00734	0.00397	0.00353	0.00110	0.00440	0.00330	0.00252	0.00549
3	0.01011	0.02447	0.03943	0.02115	0.22789	0.05893	0.00775	0.15540	0.07254	0.04707	0.00783	0.00894	0.00618	0.00389	0.00420	0.00102	0.08191	0.00303	0.00248	0.21579
4	0.00497	0.00378	0.00458	0.00445	0.00537	0.00347	0.00330	0.00629	0.00909	0.01220	0.44381	0.04512	0.29918	0.06016	0.07618	0.00174	0.00259	0.00685	0.00358	0.00328
5	0.02232	0.01039	0.05131	0.00876	0.02934	0.04994	0.01859	0.50401	0.20043	0.05110	0.01016	0.00999	0.00735	0.00446	0.00369	0.00115	0.00401	0.00347	0.00349	0.00603
6	0.00570	0.00439	0.00542	0.00538	0.00614	0.00446	0.00396	0.07055	0.00869	0.01165	0.18965	0.35788	0.18301	0.03116	0.03192	0.00156	0.06381	0.00782	0.00339	0.00346
7	0.00881	0.33497	0.45677	0.00915	0.01356	0.01088	0.05710	0.02615	0.00803	0.03380	0.00641	0.00741	0.00493	0.00342	0.00316	0.00104	0.00488	0.00259	0.00171	0.00523
8	0.00956	0.51513	0.24403	0.00785	0.01149	0.05475	0.00843	0.04525	0.04126	0.01044	0.00614	0.00697	0.00507	0.00348	0.00299	0.00095	0.01702	0.00237	0.00177	0.00503
9	0.00476	0.00372	0.00431	0.00427	0.00527	0.00328	0.00316	0.00601	0.00918	0.01199	0.37069	0.11260	0.42977	0.00886	0.00442	0.00124	0.00185	0.00763	0.00371	0.00328
10	0.00994	0.00829	0.02477	0.09342	0.49172	0.00819	0.06867	0.04826	0.02298	0.12408	0.03809	0.01119	0.00768	0.00389	0.00379	0.00115	0.00428	0.02159	0.00242	0.00559
11	0.01151	0.11012	0.16640	0.01056	0.07348	0.05377	0.16990	0.06653	0.04261	0.24461	0.00932	0.00972	0.00659	0.00382	0.00364	0.00112	0.00461	0.00337	0.00273	0.00557
12	0.00593	0.00406	0.00524	0.00508	0.00541	0.00441	0.00347	0.00648	0.00580	0.03995	0.01087	0.01975	0.01147	0.50868	0.30056	0.00421	0.04879	0.00475	0.00222	0.00286
13	0.05103	0.00666	0.00873	0.00722	0.04259	0.00613	0.00561	0.08686	0.01069	0.66911	0.01332	0.01250	0.00882	0.04784	0.00443	0.00127	0.00330	0.00370	0.00420	0.00600
14	0.01178	0.20318	0.06078	0.03163	0.15041	0.07067	0.05614	0.19663	0.02745	0.14408	0.00828	0.00884	0.00617	0.00382	0.00342	0.00105	0.00436	0.00307	0.00266	0.00557
15	0.03011	0.05982	0.13627	0.01445	0.31509	0.00910	0.11591	0.11583	0.00969	0.13136	0.00815	0.00928	0.00608	0.00369	0.00379	0.00113	0.01883	0.00332	0.00242	0.00569
16	0.00837	0.00555	0.00689	0.00598	0.00750	0.04282	0.03769	0.04049	0.05196	0.17129	0.45635	0.08082	0.05540	0.00678	0.00418	0.00119	0.00260	0.00592	0.00390	0.00430
17	0.00530	0.00390	0.00556	0.00556	0.00610	0.00441	0.00415	0.00637	0.00591	0.00837	0.01083	0.01686	0.02685	0.18803	0.67831	0.00542	0.00857	0.00433	0.00207	0.00311
18	0.00994	0.00883	0.00930	0.00835	0.03529	0.08843	0.04101	0.09422	0.53545	0.03550	0.03577	0.02470	0.02888	0.02232	0.00410	0.00126	0.00354	0.00417	0.00344	0.00551
19	0.06880	0.01978	0.03542	0.12804	0.33978	0.00842	0.05761	0.09253	0.03192	0.12980	0.02515	0.00996	0.00680	0.00378	0.00362	0.00113	0.00417	0.00338	0.00251	0.02741
20	0.11649	0.13676	0.30385	0.00852	0.01228	0.04337	0.02904	0.19541	0.01017	0.09967	0.00757	0.00809	0.00547	0.00378	0.00329	0.00109	0.00447	0.00281	0.00246	0.00542
21	0.01398	0.01724	0.01044	0.00944	0.01140	0.82088	0.00710	0.01495	0.01052	0.04248	0.00609	0.00693	0.00496	0.00386	0.00336	0.00096	0.00655	0.00244	0.00202	0.00438
22	0.00549	0.00390	0.00447	0.00433	0.00550	0.00338	0.00324	0.00665	0.00904	0.06992	0.25067	0.10440	0.49803	0.00877	0.00437	0.00125	0.00196	0.00748	0.00370	0.00344
23	0.01002	0.03446	0.31799	0.02764	0.02069	0.03675	0.03923	0.13193	0.03174	0.14958	0.03689	0.02637	0.04730	0.02463	0.00447	0.00124	0.04742	0.00367	0.00268	0.00529
24	0.00459	0.00368	0.00411	0.00420	0.00519	0.00319	0.00307	0.00565	0.00866	0.01095	0.20419	0.17832	0.53233	0.00941	0.00445	0.00128	0.00190	0.00807	0.00358	0.00319
25	0.00682	0.00587	0.06247	0.00614	0.02215	0.00526	0.00497	0.03212	0.10837	0.06121	0.36949	0.06595	0.11013	0.02410	0.06494	0.00160	0.03499	0.00580	0.00349	0.00412
26	0.45947	0.00698	0.00712	0.00585	0.00841	0.00730	0.00481	0.04818	0.04122	0.36265	0.00965	0.00920	0.00655	0.00403	0.00301	0.00115	0.00304	0.00287	0.00337	0.00514
27	0.01005	0.02654	0.22540	0.06007	0.07497	0.07247	0.09630	0.25259	0.04380	0.01475	0.01763	0.03421	0.00689	0.03724	0.00436	0.00125	0.01014	0.00356	0.00248	0.00532
28	0.55780	0.05356	0.00784	0.00643	0.00870	0.24451	0.00515	0.04360	0.00804	0.02780	0.00562	0.00643	0.00444	0.00359	0.00267	0.00108	0.00404	0.00219	0.00225	0.00426
29	0.00712	0.00422	0.00539	0.00489	0.00615	0.00377	0.00374	0.00863	0.01006	0.16271	0.53155	0.06047	0.16179	0.00751	0.00428	0.00119	0.00204	0.00652	0.00405	0.00392
30	0.01035	0.16887	0.09959	0.00784	0.01018	0.38052	0.00680	0.03101	0.02804	0.01075	0.13936	0.01227	0.07023	0.00471	0.00345	0.00101	0.00481	0.00348	0.00235	0.00438
31	0.02421	0.01497	0.54563	0.00995	0.04255	0.00817	0.03908	0.05157	0.05977	0.07307	0.00911	0.00980	0.03905	0.00391	0.00357	0.00114	0.00474	0.00317	0.00217	0.05438
32	0.07360	0.03017	0.18933	0.00902	0.07480	0.04307	0.01733	0.11206	0.01686	0.38126	0.01036	0.01003	0.00698	0.00410	0.00354	0.00113	0.00404	0.00324	0.00326	0.00581
33	0.01025	0.71354	0.01731	0.00636	0.00936	0.01313	0.00613	0.02297	0.04118	0.07619	0.04843	0.00793	0.00691	0.00360	0.00266	0.00086	0.00375	0.00247	0.00207	0.00489
34	0.00462	0.00327	0.00428	0.00504	0.00523	0.00308	0.00331	0.00519	0.00691	0.00922	0.01947	0.77181	0.02330	0.10865	0.00634	0.00174	0.00232	0.00997	0.00331	0.00293
35	0.01042	0.02519	0.06877	0.01412	0.29991	0.10145	0.11152	0.08879	0.11114	0.08109	0.01850	0.03634	0.00751	0.00408	0.00376	0.00114	0.00454	0.00369	0.00254	0.00551
36	0.09601	0.04336	0.01394	0.13834	0.30443	0.05247	0.15097	0.08148	0.02832	0.04488	0.00735	0.00909	0.00571	0.00356	0.00361	0.00114	0.00465	0.00330	0.00216	0.00522
37	0.00523	0.00353	0.00410	0.00426	0.00430	0.00349	0.00248	0.00535	0.00572	0.00763	0.01336	0.18426	0.01559	0.70672	0.01621	0.00320	0.00332	0.00638	0.00248	0.00239
38	0.00503	0.00377	0.00466	0.00449	0.00541	0.00342	0.00334	0.00652	0.00975	0.01333	0.60081	0.05639	0.22081	0.02532	0.01941	0.00133	0.00197	0.00702	0.00385	0.00337
39	0.12396	0.03604	0.11745	0.02570	0.06027	0.12892	0.05181	0.12760	0.02735	0.25175	0.00912	0.00926	0.00639	0.00398	0.00346	0.00112	0.00434	0.00310	0.00295	0.00544
40	0.02880	0.32606	0.37848	0.00853	0.01256	0.04081	0.00956	0.07951	0.06212	0.01187	0.00678	0.00755	0.00527	0.00358	0.00311	0.00103	0.00464	0.00258	0.00192	0.00524
41	0.01367	0.01013	0.01059	0.00835	0.01101	0.07180	0.00683	0.61254	0.03193	0.10313	0.00926	0.00942	0.00665	0.00544	0.03788	0.00132	0.03723	0.00335	0.00352	0.00595

[dist]
# distance from previous block
# <min> <max>
0	2

[block]
# block no. 7 follows, 74 sequences, length 9
# corresponding to MSA columns:
# 512-520
name=unknown_H
#
# <colnr> <probs for GDERKNQSTAVLIFYWHMCP>
#	G	D	E	R	K	N	Q	S	T	A	V	L	I	F	Y	W	H	M	C	P
0	0.00497	0.00348	0.00411	0.00442	0.00464	0.00334	0.00274	0.00531	0.00635	0.00833	0.01765	0.33176	0.10641	0.46585	0.01220	0.00259	0.00289	0.00753	0.00281	0.00262
1	0.06599	0.00959	0.03960	0.00837	0.05810	0.11000	0.00653	0.33163	0.02906	0.16809	0.03899	0.01041	0.00786	0.00491	0.02355	0.00120	0.00407	0.00335	0.07323	0.00548
2	0.05633	0.08917	0.09552	0.00827	0.03428	0.00901	0.04033	0.24904	0.09980	0.15415	0.01015	0.04034	0.00778	0.00657	0.08111	0.00157	0.00444	0.00360	0.00309	0.00547
3	0.00555	0.00356	0.00461	0.00513	0.00569	0.00324	0.00355	0.00630	0.00757	0.08190	0.02197	0.69592	0.11948	0.01076	0.00461	0.00145	0.00221	0.00965	0.00354	0.00331
4	0.00901	0.00727	0.00906	0.04318	0.05168	0.00626	0.02723	0.11536	0.00913	0.05246	0.00731	0.00831	0.00577	0.00313	0.00305	0.00072	0.00321	0.00258	0.00245	0.63282
5	0.01154	0.00912	0.09484	0.00963	0.08803	0.03074	0.08113	0.16189	0.11195	0.24245	0.05656	0.02525	0.03839	0.00475	0.00385	0.00118	0.00389	0.01582	0.00336	0.00562
6	0.63702	0.00801	0.03629	0.00724	0.08708	0.00854	0.00544	0.08450	0.02865	0.05851	0.00645	0.00717	0.00486	0.00362	0.00270	0.00114	0.00323	0.00242	0.00251	0.00461
7	0.03673	0.00932	0.03560	0.00981	0.11212	0.04596	0.03937	0.32614	0.16320	0.09807	0.01224	0.01214	0.07304	0.00469	0.00374	0.00115	0.00386	0.00383	0.00331	0.00570
8	0.05094	0.03457	0.01071	0.00996	0.13748	0.06444	0.02096	0.32561	0.10218	0.06859	0.03257	0.03456	0.02003	0.00445	0.00359	0.00109	0.00386	0.00359	0.00311	0.06772

[dist]
# distance from previous block
# <min> <max>
2	5

[block]
# block no. 8 follows, 74 sequences, length 8
# corresponding to MSA columns:
# 526-533
name=unknown_I
#
# <colnr> <probs for GDERKNQSTAVLIFYWHMCP>
#	G	D	E	R	K	N	Q	S	T	A	V	L	I	F	Y	W	H	M	C	P
0	0.04010	0.00723	0.04672	0.00709	0.02753	0.01951	0.02547	0.08288	0.11943	0.27640	0.13779	0.06525	0.03065	0.00527	0.00376	0.00113	0.00312	0.00444	0.00363	0.09261
1	0.04724	0.00920	0.09180	0.00870	0.08153	0.06288	0.02832	0.04419	0.19010	0.14741	0.02609	0.01033	0.00781	0.00393	0.00342	0.00101	0.00365	0.00322	0.00290	0.22625
2	0.00834	0.00665	0.00913	0.00714	0.00952	0.00619	0.11814	0.05278	0.13875	0.07067	0.15323	0.01482	0.02971	0.07968	0.00497	0.00121	0.00324	0.00414	0.00300	0.27869
3	0.01002	0.02964	0.10977	0.01614	0.43629	0.10021	0.04915	0.03963	0.07853	0.05790	0.00794	0.00926	0.00623	0.00361	0.00361	0.00110	0.00461	0.00323	0.00219	0.03092
4	0.00978	0.00835	0.02404	0.00746	0.00945	0.08144	0.04422	0.14825	0.32987	0.06296	0.01392	0.05900	0.06000	0.11743	0.00580	0.00152	0.00365	0.00456	0.00329	0.00501
5	0.00681	0.00585	0.00654	0.00614	0.00664	0.07929	0.00448	0.03942	0.00671	0.00894	0.03097	0.05230	0.01101	0.34033	0.24824	0.00349	0.13280	0.00459	0.00221	0.00322
6	0.03081	0.00834	0.03322	0.00880	0.07726	0.05384	0.03541	0.17751	0.20478	0.06146	0.12494	0.06211	0.04494	0.00551	0.00435	0.00121	0.05258	0.00453	0.00327	0.00512
7	0.70874	0.00819	0.03610	0.00552	0.00772	0.08245	0.00460	0.01079	0.00681	0.01519	0.00660	0.08100	0.00590	0.00419	0.00265	0.00116	0.00324	0.00281	0.00234	0.00401

[dist]
# distance from previous block
# <min> <max>
8	12

[block]
# block no. 9 follows, 74 sequences, length 11
# corresponding to MSA columns:
# 547-557
name=unknown_J
#
# <colnr> <probs for GDERKNQSTAVLIFYWHMCP>
#	G	D	E	R	K	N	Q	S	T	A	V	L	I	F	Y	W	H	M	C	P
0	0.12207	0.07230	0.20880	0.00875	0.05855	0.03360	0.04840	0.06417	0.04414	0.08452	0.04704	0.04209	0.00777	0.00418	0.00364	0.00109	0.03124	0.00332	0.00246	0.11186
1	0.01280	0.01152	0.01130	0.00910	0.01175	0.19338	0.06704	0.45277	0.16083	0.01807	0.00922	0.00939	0.00682	0.00433	0.00369	0.00112	0.00460	0.00336	0.00320	0.00571
2	0.03677	0.00540	0.00653	0.00571	0.00730	0.00538	0.00445	0.06484	0.13119	0.17079	0.42466	0.03565	0.04344	0.01902	0.02106	0.00131	0.00257	0.00545	0.00396	0.00453
3	0.03409	0.00542	0.00704	0.00582	0.00784	0.00489	0.00461	0.03417	0.01004	0.48833	0.18858	0.07656	0.04100	0.04356	0.00455	0.00128	0.00275	0.00497	0.02940	0.00509
4	0.05511	0.00651	0.00760	0.00645	0.00848	0.00664	0.00508	0.14591	0.16746	0.27082	0.10376	0.11741	0.04271	0.03338	0.00436	0.00129	0.00295	0.00501	0.00388	0.00518
5	0.00460	0.00366	0.00394	0.00405	0.00495	0.00320	0.00286	0.00540	0.00791	0.00976	0.07102	0.14982	0.56549	0.13882	0.00661	0.00164	0.00217	0.00779	0.00330	0.00300
6	0.50388	0.00712	0.00707	0.00580	0.00837	0.00753	0.00479	0.07977	0.00879	0.32105	0.00893	0.00867	0.00609	0.00395	0.00294	0.00115	0.00307	0.00275	0.00325	0.00504
7	0.00517	0.00393	0.00496	0.00519	0.03740	0.00370	0.00355	0.00637	0.00853	0.01151	0.35897	0.07809	0.23163	0.13686	0.08592	0.00201	0.00295	0.00665	0.00333	0.00327
8	0.04099	0.00658	0.00774	0.00563	0.00883	0.00514	0.00453	0.01062	0.00806	0.12906	0.00767	0.00833	0.00596	0.00303	0.00287	0.00065	0.00281	0.00241	0.00254	0.73654
9	0.00637	0.00436	0.00533	0.00497	0.00609	0.00410	0.00373	0.04877	0.03650	0.07040	0.47097	0.11633	0.16779	0.03170	0.00472	0.00128	0.00212	0.00683	0.00386	0.00376
10	0.01109	0.10309	0.09121	0.01181	0.22222	0.04386	0.06940	0.04963	0.06164	0.22574	0.02988	0.01141	0.04406	0.00417	0.00363	0.00111	0.00410	0.00359	0.00282	0.00555

[dist]
# distance from previous block
# <min> <max>
1	4

[block]
# block no. 10 follows, 74 sequences, length 12
# corresponding to MSA columns:
# 562-573
name=unknown_K
#
# <colnr> <probs for GDERKNQSTAVLIFYWHMCP>
#	G	D	E	R	K	N	Q	S	T	A	V	L	I	F	Y	W	H	M	C	P
0	0.00799	0.00514	0.00615	0.00589	0.03410	0.00520	0.00396	0.12111	0.03921	0.10652	0.03627	0.13299	0.04277	0.41065	0.02391	0.00242	0.00341	0.00560	0.00301	0.00371
1	0.12945	0.06504	0.00903	0.00665	0.03168	0.00675	0.00534	0.05766	0.00950	0.42985	0.01045	0.00992	0.00715	0.00389	0.00323	0.00099	0.00317	0.00301	0.00343	0.20381
2	0.01077	0.00811	0.04069	0.02354	0.17388	0.00800	0.05465	0.08266	0.26910	0.19667	0.06450	0.03051	0.01050	0.00467	0.00382	0.00119	0.00359	0.00409	0.00336	0.00571
3	0.00584	0.00396	0.00558	0.00553	0.00613	0.00435	0.00409	0.00684	0.00615	0.05039	0.01122	0.07054	0.01116	0.20819	0.57720	0.00493	0.00773	0.00469	0.00227	0.00321
4	0.00997	0.04599	0.42370	0.01004	0.01414	0.02851	0.12259	0.05726	0.00895	0.17441	0.00841	0.00924	0.00594	0.00458	0.03037	0.00132	0.03358	0.00321	0.00234	0.00546
5	0.00688	0.00436	0.00552	0.00523	0.00635	0.00412	0.00391	0.00905	0.08080	0.12333	0.43468	0.21284	0.07231	0.00798	0.00432	0.00125	0.00214	0.00703	0.00395	0.00395
6	0.00465	0.00333	0.00442	0.00508	0.00541	0.00310	0.00346	0.00550	0.00772	0.01044	0.16791	0.71692	0.02642	0.01091	0.00467	0.00145	0.00208	0.00987	0.00356	0.00310
7	0.05801	0.00814	0.02845	0.00842	0.07360	0.00801	0.00646	0.29283	0.04571	0.36302	0.06017	0.01161	0.00921	0.00456	0.00368	0.00114	0.00351	0.00365	0.00384	0.00597
8	0.01282	0.00918	0.01017	0.06638	0.07861	0.14820	0.02222	0.14651	0.06842	0.29471	0.02220	0.01077	0.00774	0.00556	0.04656	0.00138	0.03639	0.00346	0.00323	0.00547
9	0.05520	0.00561	0.00657	0.00603	0.00725	0.05497	0.00463	0.02013	0.02894	0.16614	0.05249	0.04723	0.04297	0.11304	0.34256	0.00336	0.03171	0.00440	0.00278	0.00396
10	0.00518	0.00351	0.00451	0.00500	0.00555	0.00320	0.00347	0.00602	0.00782	0.05132	0.11048	0.62405	0.13493	0.01055	0.00460	0.00142	0.00212	0.00944	0.00357	0.00324
11	0.31499	0.00803	0.00837	0.00845	0.10602	0.04636	0.02082	0.09968	0.22431	0.01564	0.05847	0.05559	0.00934	0.00463	0.00333	0.00118	0.00332	0.00366	0.00292	0.00491

[dist]
# distance from previous block
# <min> <max>
6	29

[block]
# block no. 11 follows, 74 sequences, length 6
# corresponding to MSA columns:
# 603-608
name=unknown_L
#
# <colnr> <probs for GDERKNQSTAVLIFYWHMCP>
#	G	D	E	R	K	N	Q	S	T	A	V	L	I	F	Y	W	H	M	C	P
0	0.03659	0.00931	0.04719	0.03405	0.36312	0.03882	0.05311	0.15083	0.07945	0.05872	0.00843	0.01008	0.00667	0.03240	0.01931	0.00132	0.03915	0.00345	0.00247	0.00553
1	0.00642	0.00454	0.00525	0.00528	0.00602	0.04919	0.00375	0.00737	0.00801	0.08346	0.18754	0.33387	0.06033	0.13143	0.08819	0.00209	0.00334	0.00724	0.00329	0.00340
2	0.00895	0.22376	0.05474	0.00782	0.04889	0.02791	0.02847	0.01090	0.05765	0.12013	0.03082	0.10987	0.00973	0.02603	0.13382	0.00193	0.08740	0.00413	0.00250	0.00455
3	0.04104	0.00829	0.01128	0.05166	0.33369	0.04429	0.02799	0.09818	0.11611	0.06733	0.08175	0.01163	0.00935	0.02129	0.00396	0.00115	0.00387	0.00366	0.00270	0.06078
4	0.00631	0.00486	0.00695	0.00643	0.00730	0.00552	0.03451	0.07896	0.00699	0.00986	0.00980	0.01491	0.00926	0.12973	0.61471	0.00492	0.03922	0.00409	0.00215	0.00353
5	0.12677	0.05361	0.07041	0.00987	0.06629	0.08844	0.12468	0.22564	0.03656	0.10155	0.00806	0.00877	0.00594	0.00394	0.00377	0.00112	0.03327	0.00315	0.00271	0.02543

[dist]
# distance from previous block
# <min> <max>
1	3

[block]
# block no. 12 follows, 74 sequences, length 12
# corresponding to MSA columns:
# 612-623
name=unknown_M
#
# <colnr> <probs for GDERKNQSTAVLIFYWHMCP>
#	G	D	E	R	K	N	Q	S	T	A	V	L	I	F	Y	W	H	M	C	P
0	0.09860	0.00739	0.00816	0.00704	0.03326	0.07239	0.00546	0.10441	0.05006	0.35884	0.10633	0.01372	0.04409	0.00589	0.03826	0.00134	0.01749	0.00392	0.01809	0.00525
