[name]
unknown

[dist]
# distance from previous block
# <min> <max>
2	20

[block]
# block no. 0 follows, 73 sequences, length 27
# corresponding to MSA columns:
# 21-47
name=unknown_A
#
# <colnr> <probs for GDERKNQSTAVLIFYWHMCP>
#	G	D	E	R	K	N	Q	S	T	A	V	L	I	F	Y	W	H	M	C	P
0	0.01159	0.09054	0.01042	0.00797	0.02289	0.11029	0.00634	0.25685	0.28060	0.07461	0.06812	0.01203	0.02164	0.00478	0.00366	0.00113	0.00380	0.00374	0.00341	0.00560
1	0.00481	0.00383	0.00433	0.00432	0.00536	0.00338	0.00319	0.00616	0.02406	0.01171	0.28708	0.12840	0.48179	0.00911	0.00446	0.00127	0.00191	0.00781	0.00369	0.00332
2	0.02427	0.00689	0.00842	0.00658	0.00924	0.00645	0.00534	0.15437	0.05735	0.39128	0.12813	0.01339	0.01186	0.00474	0.00368	0.00106	0.00307	0.00387	0.00393	0.15611
3	0.06435	0.00943	0.06092	0.06917	0.17507	0.09786	0.12552	0.04984	0.07588	0.05453	0.03405	0.07770	0.02116	0.02119	0.01322	0.00131	0.03725	0.00417	0.00248	0.00493
4	0.00490	0.00359	0.00461	0.00497	0.00550	0.00350	0.00349	0.00579	0.00728	0.00978	0.08095	0.39509	0.15695	0.09440	0.17850	0.00255	0.00383	0.00792	0.02328	0.00310
5	0.00465	0.00330	0.00433	0.00512	0.00532	0.00310	0.00337	0.00524	0.00703	0.00937	0.01989	0.79054	0.02382	0.08828	0.00607	0.00171	0.00231	0.01020	0.00337	0.00298
6	0.04865	0.06399	0.27647	0.01021	0.06949	0.09449	0.07072	0.09716	0.06396	0.15600	0.00874	0.00921	0.00627	0.00391	0.00357	0.00114	0.00473	0.00315	0.00258	0.00556
7	0.00853	0.08021	0.15190	0.05648	0.06336	0.02165	0.43532	0.03552	0.00866	0.01171	0.00836	0.08508	0.00715	0.00408	0.00405	0.00122	0.00541	0.00434	0.00201	0.00497
8	0.01426	0.01051	0.01126	0.00863	0.01163	0.01163	0.00713	0.83224	0.01764	0.02364	0.00901	0.00901	0.00638	0.00450	0.00375	0.00113	0.00413	0.00338	0.00375	0.00638
9	0.00487	0.00360	0.00485	0.00518	0.00574	0.00333	0.01930	0.00592	0.00834	0.01130	0.26835	0.54154	0.08322	0.01021	0.00465	0.00140	0.00212	0.00919	0.00365	0.00324
10	0.00913	0.17502	0.02519	0.00729	0.00912	0.17716	0.03666	0.06910	0.00951	0.02915	0.16682	0.08416	0.09707	0.00594	0.00449	0.00114	0.08143	0.00464	0.00272	0.00428
11	0.03127	0.00685	0.00852	0.00646	0.00925	0.00612	0.00527	0.03252	0.00874	0.28653	0.00917	0.00946	0.00670	0.00386	0.00416	0.00090	0.09697	0.00287	0.00299	0.46138
12	0.03260	0.01045	0.04369	0.10340	0.01522	0.10648	0.24500	0.23440	0.02654	0.13176	0.00873	0.00969	0.00624	0.00393	0.00387	0.00117	0.00503	0.00358	0.00280	0.00543
13	0.00909	0.00814	0.00934	0.00863	0.05597	0.06905	0.05611	0.09219	0.36344	0.01339	0.01213	0.01422	0.02630	0.12843	0.07540	0.00196	0.04411	0.00417	0.00298	0.00495
14	0.01630	0.00723	0.00923	0.00708	0.01000	0.00677	0.00585	0.18542	0.01216	0.67821	0.01361	0.01200	0.00869	0.00461	0.00377	0.00115	0.00338	0.00369	0.00446	0.00638
15	0.00903	0.00893	0.01371	0.15458	0.58309	0.06538	0.01060	0.01109	0.00831	0.01135	0.00725	0.03807	0.00630	0.00391	0.00421	0.00117	0.05228	0.00352	0.00187	0.00535
16	0.01037	0.08881	0.08571	0.01934	0.01249	0.03749	0.18802	0.19425	0.04302	0.09310	0.02552	0.04250	0.05438	0.01781	0.00424	0.00119	0.02401	0.01192	0.00280	0.04302
17	0.01509	0.00661	0.00847	0.00659	0.00932	0.00602	0.00541	0.11969	0.01136	0.64756	0.01672	0.01496	0.10421	0.00518	0.00385	0.00117	0.00316	0.00420	0.00440	0.00602
18	0.03284	0.05693	0.73893	0.01064	0.01588	0.00903	0.06118	0.01184	0.00792	0.01189	0.00667	0.00791	0.00479	0.00352	0.00353	0.00117	0.00545	0.00281	0.00162	0.00544
19	0.04456	0.00859	0.02349	0.10792	0.22354	0.02902	0.20669	0.07690	0.00951	0.14751	0.03524	0.03830	0.00776	0.00413	0.00405	0.00120	0.01973	0.00394	0.00258	0.00532
20	0.03247	0.01085	0.07670	0.02101	0.06238	0.08937	0.22143	0.25849	0.06852	0.02621	0.03267	0.01896	0.02573	0.00431	0.00418	0.00119	0.03364	0.00381	0.00271	0.00538
21	0.00457	0.00326	0.00435	0.00522	0.00544	0.00305	0.00348	0.00522	0.00718	0.00958	0.02068	0.86570	0.02481	0.01175	0.00479	0.00152	0.00218	0.01067	0.00348	0.00305
22	0.03109	0.05822	0.01302	0.31034	0.41360	0.00860	0.00998	0.01071	0.00808	0.04092	0.00780	0.05702	0.00667	0.00399	0.00368	0.00117	0.00441	0.00365	0.00198	0.00507
23	0.05432	0.03076	0.17105	0.01014	0.04858	0.02137	0.13613	0.28842	0.01180	0.16307	0.00916	0.02281	0.00658	0.00412	0.00374	0.00116	0.00453	0.00350	0.00298	0.00577
24	0.00590	0.00443	0.02206	0.00552	0.00662	0.00386	0.04159	0.00704	0.00820	0.07367	0.09484	0.32798	0.26512	0.03918	0.04124	0.00164	0.00283	0.04136	0.00341	0.00352
25	0.00763	0.05572	0.81333	0.01051	0.01596	0.00897	0.01354	0.01185	0.00791	0.01175	0.00667	0.00784	0.00476	0.00355	0.00352	0.00117	0.00548	0.00274	0.00159	0.00551
26	0.04927	0.06192	0.01073	0.01771	0.04633	0.21480	0.05236	0.18602	0.16054	0.03101	0.01937	0.07274	0.00877	0.00488	0.00366	0.00114	0.00439	0.02237	0.01612	0.01587

[dist]
# distance from previous block
# <min> <max>
0	1

[block]
# block no. 1 follows, 73 sequences, length 40
# corresponding to MSA columns:
# 49-88
name=unknown_B
#
# <colnr> <probs for GDERKNQSTAVLIFYWHMCP>
#	G	D	E	R	K	N	Q	S	T	A	V	L	I	F	Y	W	H	M	C	P
0	0.00855	0.01070	0.12614	0.01277	0.01599	0.03390	0.47753	0.01237	0.11044	0.01197	0.00904	0.06740	0.00747	0.00432	0.00486	0.00129	0.07362	0.00446	0.00218	0.00500
1	0.00881	0.09564	0.16527	0.00809	0.01176	0.04437	0.10515	0.03493	0.00845	0.04114	0.00742	0.00849	0.01764	0.00327	0.00320	0.00085	0.00405	0.00274	0.00214	0.42660
2	0.68565	0.03905	0.04085	0.00599	0.00830	0.09662	0.00511	0.01137	0.00689	0.01511	0.00533	0.00636	0.00425	0.00369	0.00306	0.00116	0.05267	0.00217	0.00219	0.00418
3	0.00545	0.00368	0.00429	0.00429	0.00436	0.00375	0.00252	0.00559	0.00552	0.00742	0.01164	0.02353	0.01320	0.78084	0.10580	0.00389	0.00430	0.00531	0.00225	0.00239
4	0.23350	0.00771	0.00834	0.00658	0.00935	0.00785	0.00539	0.22495	0.04341	0.25773	0.02847	0.00982	0.00738	0.00414	0.00328	0.00107	0.00326	0.00310	0.00345	0.13121
5	0.00525	0.00412	0.00473	0.00491	0.00584	0.00389	0.00354	0.03132	0.07396	0.01120	0.10276	0.37082	0.34431	0.00975	0.00451	0.00136	0.00215	0.00851	0.00358	0.00347
6	0.01022	0.01112	0.05447	0.00794	0.01007	0.26511	0.00640	0.06914	0.34955	0.01328	0.04292	0.02898	0.09636	0.00531	0.00378	0.00117	0.00418	0.01192	0.00309	0.00502
7	0.00468	0.00334	0.00446	0.00524	0.00554	0.00313	0.00358	0.00545	0.00749	0.01005	0.08280	0.77361	0.02550	0.01140	0.00477	0.00150	0.00219	0.03863	0.00353	0.00310
8	0.00466	0.00334	0.00445	0.00530	0.00558	0.00313	0.00364	0.00539	0.00731	0.00970	0.02098	0.79542	0.04141	0.01162	0.00481	0.00153	0.00225	0.06292	0.00348	0.00308
9	0.00852	0.00905	0.04432	0.05746	0.05701	0.03100	0.11403	0.01096	0.09309	0.01042	0.00664	0.00917	0.00575	0.00547	0.00894	0.00147	0.51671	0.00350	0.00192	0.00458
10	0.00517	0.00395	0.00477	0.00472	0.00565	0.00366	0.00347	0.00700	0.05319	0.01286	0.44837	0.17014	0.24575	0.00870	0.00446	0.00127	0.00194	0.00760	0.00383	0.00349
11	0.00507	0.00383	0.00469	0.00458	0.00552	0.00348	0.00340	0.00666	0.02257	0.01324	0.54022	0.11692	0.23898	0.00852	0.00446	0.00124	0.00186	0.00744	0.00389	0.00343
12	0.01549	0.00767	0.01064	0.00807	0.01106	0.02891	0.10047	0.12820	0.01146	0.61762	0.01295	0.01180	0.00836	0.00443	0.00384	0.00116	0.00377	0.00376	0.00414	0.00618
13	0.01396	0.07186	0.01131	0.00835	0.01112	0.14437	0.00684	0.52737	0.02843	0.11093	0.00917	0.02338	0.00674	0.00446	0.00362	0.00109	0.00438	0.00331	0.00341	0.00588
14	0.10532	0.05684	0.06462	0.02780	0.03839	0.09219	0.05602	0.07187	0.30134	0.08078	0.01025	0.01033	0.00767	0.00421	0.00357	0.00114	0.01137	0.00336	0.00294	0.04999
15	0.07208	0.06307	0.01147	0.00941	0.01164	0.62790	0.05184	0.08903	0.01073	0.01115	0.00612	0.00707	0.00497	0.00382	0.00335	0.00100	0.00609	0.00257	0.00211	0.00458
16	0.00517	0.00369	0.00491	0.00527	0.00583	0.00348	0.01637	0.00619	0.01975	0.03141	0.11706	0.56428	0.09694	0.04789	0.05158	0.00178	0.00270	0.00902	0.00344	0.00326
17	0.01038	0.10506	0.05046	0.00742	0.01064	0.05934	0.04620	0.17729	0.04507	0.06565	0.00784	0.00846	0.00604	0.00351	0.00319	0.00086	0.00377	0.00276	0.00262	0.38345
18	0.00932	0.00853	0.03793	0.00781	0.03053	0.15458	0.05712	0.07586	0.02431	0.09714	0.05428	0.08690	0.14840	0.00640	0.00419	0.00121	0.01873	0.09992	0.00305	0.07378
19	0.07286	0.09957	0.01137	0.00802	0.01087	0.07776	0.02045	0.45970	0.05937	0.11235	0.00903	0.00901	0.00652	0.00424	0.00348	0.00108	0.00408	0.00315	0.00333	0.02374
20	0.00717	0.00599	0.00645	0.00592	0.00756	0.00637	0.00456	0.03243	0.40301	0.01408	0.18748	0.02334	0.26667	0.00692	0.00412	0.00125	0.00244	0.00584	0.00378	0.00463
21	0.00737	0.00696	0.01177	0.75128	0.13147	0.00841	0.01056	0.00983	0.00764	0.00993	0.00672	0.00991	0.00512	0.00370	0.00375	0.00123	0.00493	0.00334	0.00169	0.00440
22	0.00457	0.00326	0.00435	0.00522	0.00544	0.00305	0.00348	0.00522	0.00718	0.00958	0.02068	0.86570	0.02481	0.01175	0.00479	0.00152	0.00218	0.01067	0.00348	0.00305
23	0.01656	0.00682	0.00898	0.00688	0.00980	0.00617	0.00569	0.10510	0.01147	0.75949	0.01418	0.01237	0.00898	0.00463	0.00377	0.00116	0.00329	0.00373	0.00455	0.00638
24	0.62300	0.00699	0.00650	0.00547	0.00797	0.00752	0.00451	0.01327	0.00773	0.27385	0.00819	0.00816	0.00568	0.00384	0.00277	0.00116	0.00299	0.00257	0.00304	0.00478
25	0.01591	0.00680	0.00886	0.00684	0.00965	0.00622	0.00563	0.12541	0.01165	0.69622	0.05596	0.01304	0.01022	0.00478	0.00380	0.00116	0.00324	0.00387	0.00450	0.00624
26	0.00461	0.00339	0.00432	0.00496	0.00540	0.00310	0.00339	0.00539	0.00765	0.01007	0.08507	0.67341	0.15330	0.01110	0.00471	0.00146	0.00210	0.00995	0.00353	0.00310
27	0.00633	0.00517	0.00506	0.00496	0.00526	0.09208	0.00315	0.00663	0.00608	0.00769	0.01093	0.02124	0.01209	0.65303	0.14188	0.00372	0.00492	0.00493	0.00220	0.00265
28	0.00537	0.00360	0.00412	0.00420	0.00422	0.00358	0.00239	0.00543	0.00562	0.00750	0.01268	0.10634	0.01473	0.78488	0.01770	0.00343	0.00350	0.00596	0.00239	0.00235
29	0.00929	0.00891	0.01523	0.02303	0.84475	0.00891	0.01151	0.01151	0.00854	0.01226	0.00706	0.00929	0.00594	0.00334	0.00371	0.00111	0.00446	0.00334	0.00186	0.00594
30	0.01401	0.01788	0.01063	0.00967	0.01160	0.85309	0.00725	0.01498	0.01063	0.00918	0.00580	0.00677	0.00483	0.00387	0.00338	0.00097	0.00677	0.00242	0.00193	0.00435
31	0.00505	0.00349	0.00432	0.00471	0.00484	0.00343	0.00295	0.00542	0.00626	0.00839	0.01571	0.40239	0.01843	0.43697	0.05828	0.00282	0.00333	0.00772	0.00280	0.00268
32	0.00468	0.00377	0.00417	0.00415	0.00524	0.00326	0.00308	0.00583	0.00902	0.01142	0.25415	0.09097	0.56878	0.00916	0.00446	0.00126	0.00188	0.00780	0.00366	0.00326
33	0.03100	0.00839	0.01413	0.20201	0.64802	0.00878	0.01109	0.01109	0.00827	0.01180	0.00693	0.00936	0.00569	0.00343	0.00369	0.00114	0.00453	0.00331	0.00183	0.00551
34	0.00735	0.00705	0.01140	0.80253	0.05991	0.02969	0.01039	0.00980	0.00762	0.00969	0.00666	0.00989	0.00504	0.00374	0.00374	0.00124	0.00502	0.00331	0.00168	0.00425
35	0.00903	0.00854	0.01438	0.12059	0.70616	0.00876	0.01107	0.03116	0.00861	0.01215	0.00741	0.03170	0.00633	0.00364	0.00375	0.00114	0.00445	0.00353	0.00192	0.00567
36	0.00647	0.00327	0.00486	0.00486	0.00486	0.00327	0.00322	0.00491	0.00491	0.00655	0.00673	0.01194	0.00680	0.04761	0.01484	0.85497	0.00327	0.00335	0.00166	0.00166
37	0.00530	0.00419	0.00483	0.00472	0.00581	0.00394	0.00351	0.00754	0.09543	0.01257	0.34792	0.12730	0.34590	0.00859	0.00441	0.00126	0.00199	0.00741	0.00377	0.00359
38	0.01101	0.60898	0.01680	0.00729	0.01013	0.21247	0.00660	0.02640	0.05242	0.00952	0.00595	0.00667	0.00520	0.00349	0.00273	0.00087	0.00461	0.00224	0.00184	0.00479
39	0.02840	0.04674	0.64034	0.00942	0.01412	0.00834	0.01157	0.04967	0.00850	0.03476	0.01995	0.01116	0.09244	0.00429	0.00361	0.00118	0.00488	0.00336	0.00201	0.00528

[dist]
# distance from previous block
# <min> <max>
7	12

[block]
# block no. 2 follows, 73 sequences, length 53
# corresponding to MSA columns:
# 101-117,120-155
name=unknown_C
#
# <colnr> <probs for GDERKNQSTAVLIFYWHMCP>
#	G	D	E	R	K	N	Q	S	T	A	V	L	I	F	Y	W	H	M	C	P
0	0.01150	0.71557	0.03736	0.00764	0.01082	0.07888	0.00712	0.04513	0.03122	0.01079	0.00685	0.00800	0.00611	0.00411	0.00310	0.00106	0.00460	0.00255	0.00216	0.00545
1	0.00596	0.00418	0.00522	0.00487	0.00593	0.00392	0.00368	0.02156	0.04231	0.04568	0.64396	0.05115	0.11906	0.00767	0.00435	0.00120	0.00193	0.00670	0.01693	0.00373
2	0.04294	0.08476	0.32620	0.04800	0.10136	0.11713	0.09551	0.01208	0.05083	0.01164	0.03130	0.01794	0.02755	0.00400	0.00360	0.00114	0.00503	0.01191	0.00199	0.00507
3	0.00881	0.03655	0.03700	0.00857	0.09375	0.03845	0.04025	0.01046	0.03052	0.18134	0.02377	0.29290	0.01435	0.00904	0.07374	0.00171	0.03551	0.05566	0.00313	0.00448
4	0.00470	0.00377	0.00420	0.00418	0.00525	0.00327	0.00310	0.00586	0.00904	0.01151	0.26938	0.10221	0.54201	0.00916	0.00446	0.00126	0.00189	0.00782	0.00367	0.00327
5	0.00917	0.00880	0.01502	0.06579	0.80286	0.00888	0.01146	0.01142	0.00849	0.01212	0.00704	0.00932	0.00589	0.00336	0.00372	0.00112	0.00448	0.00334	0.00185	0.00585
6	0.02212	0.03229	0.01183	0.09444	0.28510	0.09302	0.00836	0.17673	0.04241	0.12949	0.00903	0.03002	0.00710	0.02851	0.00419	0.00121	0.01238	0.00353	0.00273	0.00552
7	0.00831	0.01875	0.72898	0.01070	0.01581	0.08058	0.03745	0.03555	0.00846	0.01199	0.00674	0.00792	0.00483	0.00360	0.00358	0.00117	0.00563	0.00281	0.00169	0.00545
8	0.00495	0.00408	0.00428	0.00416	0.00545	0.00356	0.00317	0.03747	0.00913	0.01121	0.12339	0.03435	0.70293	0.00913	0.00443	0.00126	0.00201	0.02815	0.00356	0.00334
9	0.00483	0.00370	0.00443	0.00450	0.00538	0.00330	0.00328	0.00606	0.00913	0.01208	0.37351	0.21361	0.32417	0.00922	0.00451	0.00129	0.00191	0.00804	0.00376	0.00330
10	0.14213	0.22178	0.01115	0.04933	0.01018	0.07765	0.01698	0.04954	0.00823	0.01223	0.00614	0.00721	0.00510	0.00322	0.00279	0.00081	0.00365	0.00230	0.00210	0.36746
11	0.00495	0.00356	0.00443	0.00488	0.00540	0.00333	0.00337	0.00606	0.02654	0.01077	0.15311	0.52795	0.12499	0.05082	0.00523	0.00150	0.00214	0.00895	0.04883	0.00319
12	0.00605	0.00432	0.00605	0.00691	0.00777	0.00432	0.00605	0.00777	0.00864	0.01123	0.01986	0.04232	0.02159	0.01036	0.00518	0.00173	0.00345	0.81949	0.00345	0.00345
13	0.00465	0.00395	0.00403	0.00401	0.00527	0.00341	0.00300	0.00598	0.04050	0.01046	0.05699	0.05871	0.76742	0.00935	0.00442	0.00127	0.00195	0.00783	0.00351	0.00328
14	0.01012	0.03378	0.03182	0.02315	0.13503	0.04149	0.19037	0.18216	0.13778	0.04590	0.06293	0.04459	0.02137	0.00462	0.00407	0.00120	0.01713	0.00422	0.00288	0.00540
15	0.00470	0.00346	0.00487	0.00553	0.00585	0.00323	0.02757	0.00542	0.00723	0.00965	0.02030	0.84080	0.02426	0.01150	0.00478	0.00152	0.00230	0.01048	0.00344	0.00311
16	0.03445	0.00669	0.00771	0.00554	0.00884	0.00510	0.00443	0.00949	0.00774	0.01236	0.00662	0.00773	0.00551	0.00280	0.00276	0.00057	0.00278	0.00222	0.00223	0.86441
17	0.16280	0.10753	0.03299	0.00798	0.01049	0.38995	0.00650	0.11352	0.01019	0.06079	0.00663	0.00728	0.00519	0.00378	0.00313	0.00099	0.00500	0.00250	0.00235	0.06041
18	0.01229	0.01396	0.01180	0.03264	0.01251	0.49727	0.12134	0.12009	0.01091	0.02771	0.00909	0.01001	0.06914	0.00437	0.00394	0.00108	0.03157	0.00332	0.00232	0.00465
19	0.00456	0.00329	0.00433	0.00515	0.00542	0.00305	0.00345	0.00523	0.00725	0.00960	0.02153	0.82486	0.06510	0.01164	0.00477	0.00151	0.00216	0.01053	0.00348	0.00305
20	0.00883	0.00997	0.02151	0.03732	0.06197	0.00943	0.76863	0.01193	0.00881	0.01197	0.00754	0.01007	0.00569	0.00319	0.00437	0.00126	0.00620	0.00434	0.00189	0.00508
21	0.00727	0.00484	0.00593	0.02669	0.01892	0.00456	0.00416	0.07932	0.01053	0.11105	0.40515	0.02626	0.26587	0.00742	0.00427	0.00120	0.00230	0.00634	0.00387	0.00406
22	0.00886	0.01012	0.02214	0.01581	0.01961	0.00949	0.83112	0.01202	0.00886	0.01202	0.00759	0.01012	0.00569	0.00316	0.00443	0.00127	0.00633	0.00443	0.00190	0.00506
23	0.00460	0.00375	0.00407	0.00417	0.00525	0.00323	0.00310	0.00562	0.00861	0.01065	0.12570	0.13996	0.62587	0.00960	0.00450	0.00130	0.00196	0.03129	0.00356	0.00320
24	0.89465	0.00726	0.00551	0.00493	0.00726	0.00842	0.00406	0.01103	0.00638	0.01683	0.00522	0.00609	0.00406	0.00348	0.00232	0.00116	0.00290	0.00203	0.00232	0.00406
25	0.00752	0.01941	0.84871	0.01069	0.01624	0.00871	0.01386	0.01188	0.00792	0.01188	0.00673	0.00792	0.00475	0.00356	0.00356	0.00119	0.00554	0.00277	0.00158	0.00554
26	0.01533	0.00724	0.00900	0.00702	0.00981	0.00698	0.00576	0.18482	0.07641	0.58059	0.01355	0.01214	0.00887	0.00464	0.00373	0.00115	0.00331	0.00372	0.03969	0.00623
27	0.00456	0.00381	0.00398	0.00393	0.00514	0.00322	0.00295	0.00563	0.00885	0.01084	0.15394	0.03494	0.72685	0.00924	0.00443	0.00125	0.00188	0.00775	0.00358	0.00322
28	0.01397	0.00992	0.01077	0.00837	0.01127	0.01089	0.00688	0.68211	0.10074	0.09091	0.01013	0.00983	0.00714	0.00458	0.00376	0.00114	0.00393	0.00350	0.00383	0.00634
29	0.02256	0.00410	0.00469	0.00464	0.00571	0.00375	0.00343	0.04164	0.00914	0.03193	0.22454	0.21799	0.39399	0.00912	0.00443	0.00129	0.00208	0.00786	0.00366	0.00346
30	0.00454	0.00384	0.00395	0.00401	0.00525	0.00325	0.00307	0.00555	0.00856	0.01021	0.03678	0.03653	0.78767	0.00956	0.00448	0.00130	0.00201	0.06279	0.00348	0.00319
31	0.01683	0.00638	0.00871	0.00668	0.00958	0.00551	0.00551	0.01828	0.01074	0.84734	0.01480	0.01277	0.00929	0.00464	0.00377	0.00116	0.00319	0.00377	0.00464	0.00638
32	0.00906	0.50102	0.36483	0.00826	0.01242	0.02696	0.00953	0.01157	0.00780	0.01011	0.00586	0.00682	0.00479	0.00337	0.00291	0.00097	0.00470	0.00233	0.00160	0.00511
33	0.01372	0.01006	0.01080	0.00837	0.01121	0.01111	0.00688	0.78030	0.01700	0.02288	0.00950	0.03891	0.00711	0.00475	0.00376	0.00113	0.00399	0.00363	0.02869	0.00618
34	0.00976	0.77950	0.10822	0.00688	0.01034	0.01419	0.00721	0.01130	0.00765	0.00915	0.00538	0.00622	0.00481	0.00325	0.00253	0.00084	0.00418	0.00209	0.00160	0.00489
35	0.00546	0.00364	0.00409	0.00409	0.00409	0.00364	0.00227	0.00546	0.00546	0.00727	0.01182	0.02455	0.01364	0.86815	0.01910	0.00364	0.00364	0.00546	0.00227	0.00227
36	0.00778	0.00667	0.00778	0.00556	0.00889	0.00500	0.00445	0.00945	0.00778	0.01223	0.00667	0.00778	0.00556	0.00278	0.00278	0.00056	0.00278	0.00222	0.00222	0.89108
37	0.03529	0.14960	0.16696	0.03525	0.01236	0.07569	0.08586	0.01126	0.02501	0.04252	0.00660	0.00881	0.00556	0.00501	0.01737	0.00134	0.29225	0.01666	0.00189	0.00470
38	0.00898	0.00934	0.01047	0.45127	0.08191	0.22667	0.00866	0.01078	0.00833	0.02673	0.00793	0.07250	0.00701	0.04856	0.00451	0.00131	0.00510	0.00375	0.00198	0.00422
39	0.00652	0.00326	0.00489	0.00489	0.00489	0.00326	0.00326	0.00489	0.00489	0.00652	0.00652	0.01140	0.00652	0.01303	0.01466	0.89084	0.00326	0.00326	0.00163	0.00163
40	0.05171	0.00846	0.08813	0.00682	0.01012	0.02511	0.04048	0.03614	0.05945	0.02455	0.02344	0.00867	0.00641	0.00329	0.00318	0.00078	0.01448	0.00265	0.00236	0.58377
41	0.05935	0.15551	0.08925	0.00838	0.01100	0.32382	0.00721	0.06291	0.22292	0.01231	0.00838	0.00870	0.00657	0.00406	0.00331	0.00106	0.00486	0.00289	0.00246	0.00505
42	0.00459	0.00327	0.00435	0.00520	0.00541	0.00306	0.00346	0.00523	0.00715	0.00953	0.02049	0.84794	0.02458	0.02984	0.00509	0.00157	0.00221	0.01056	0.00346	0.00303
43	0.00467	0.00362	0.00422	0.00452	0.00531	0.00322	0.00323	0.00560	0.00819	0.01043	0.12339	0.32868	0.40264	0.04318	0.00515	0.00145	0.00210	0.03375	0.00351	0.00314
44	0.01016	0.54583	0.07501	0.00743	0.01062	0.09239	0.03168	0.05351	0.02693	0.01039	0.00599	0.00688	0.00514	0.00343	0.00296	0.00088	0.02025	0.00233	0.00186	0.08634
45	0.00952	0.44209	0.27087	0.00803	0.01171	0.09635	0.00863	0.03379	0.03078	0.01043	0.00749	0.00823	0.04025	0.00373	0.00302	0.00098	0.00464	0.00263	0.00183	0.00499
46	0.00461	0.00329	0.00437	0.00523	0.00545	0.00308	0.00350	0.00527	0.00717	0.00955	0.02048	0.83558	0.02453	0.02977	0.00510	0.00157	0.00223	0.02274	0.00346	0.00304
47	0.00645	0.00424	0.00532	0.00489	0.00607	0.00390	0.00372	0.00840	0.04341	0.09527	0.59297	0.03963	0.15606	0.00761	0.00434	0.00120	0.00198	0.00662	0.00406	0.00385
48	0.08649	0.03532	0.03526	0.00770	0.01036	0.06387	0.01562	0.34091	0.13912	0.14315	0.05047	0.02123	0.02434	0.00473	0.00364	0.00115	0.00377	0.00368	0.00352	0.00567
49	0.00865	0.00817	0.01375	0.33169	0.49228	0.00882	0.02821	0.04242	0.00851	0.01170	0.00700	0.00956	0.00561	0.00353	0.00374	0.00117	0.00469	0.00336	0.00186	0.00528
50	0.00466	0.00332	0.00431	0.00505	0.00528	0.00312	0.00333	0.00525	0.00704	0.00934	0.02029	0.74563	0.05115	0.10548	0.00634	0.00175	0.00233	0.01000	0.00335	0.00297
51	0.06049	0.03189	0.01099	0.00834	0.01124	0.02705	0.00688	0.70619	0.06391	0.02219	0.00901	0.00902	0.00648	0.00444	0.00364	0.00113	0.00404	0.00330	0.00359	0.00616
52	0.00908	0.03364	0.08362	0.00689	0.00927	0.06085	0.01326	0.02045	0.14570	0.13409	0.02356	0.20459	0.01205	0.00587	0.00375	0.00112	0.00333	0.02343	0.00310	0.20232

[dist]
# distance from previous block
# <min> <max>
0	1

[block]
# block no. 3 follows, 73 sequences, length 57
# corresponding to MSA columns:
# 159-215
name=unknown_D
#
# <colnr> <probs for GDERKNQSTAVLIFYWHMCP>
#	G	D	E	R	K	N	Q	S	T	A	V	L	I	F	Y	W	H	M	C	P
0	0.01066	0.73783	0.01829	0.00688	0.00994	0.10750	0.00654	0.04812	0.00840	0.00952	0.00545	0.00623	0.00489	0.00334	0.00258	0.00083	0.00432	0.00211	0.00174	0.00483
1	0.00628	0.00422	0.00548	0.00578	0.00653	0.00409	0.00454	0.00733	0.00755	0.04248	0.01675	0.05572	0.03850	0.28445	0.00962	0.01837	0.00339	0.43329	0.00304	0.04257
2	0.00664	0.00597	0.08350	0.00664	0.05742	0.00479	0.00522	0.02924	0.01009	0.06337	0.54828	0.04309	0.08849	0.00698	0.00443	0.00120	0.02086	0.00604	0.00366	0.00408
3	0.00888	0.00817	0.00894	0.02413	0.07467	0.09586	0.03523	0.05016	0.39596	0.01416	0.14458	0.09660	0.01487	0.00576	0.00397	0.00123	0.00342	0.00495	0.00338	0.00507
4	0.01373	0.03321	0.01070	0.00952	0.01148	0.80010	0.00718	0.01513	0.04733	0.00946	0.00621	0.00707	0.00513	0.00391	0.00338	0.00098	0.00655	0.00249	0.00201	0.00443
5	0.00971	0.00957	0.01254	0.12750	0.47152	0.15591	0.00954	0.01162	0.00890	0.04813	0.03313	0.01126	0.05520	0.00434	0.01434	0.00118	0.00472	0.00357	0.00213	0.00519
6	0.76586	0.00721	0.00604	0.00523	0.00764	0.00812	0.00431	0.02921	0.00717	0.12131	0.00651	0.00699	0.00477	0.00365	0.00253	0.00116	0.00296	0.00228	0.00264	0.00440
7	0.00507	0.00381	0.00470	0.00450	0.00547	0.00343	0.00337	0.00661	0.01002	0.01368	0.62132	0.05074	0.23704	0.00823	0.00444	0.00121	0.00181	0.00716	0.00395	0.00343
8	0.00461	0.00328	0.00434	0.00517	0.00538	0.00307	0.00343	0.00523	0.00711	0.00947	0.02028	0.82833	0.02432	0.04980	0.00542	0.00162	0.00224	0.01043	0.00343	0.00301
9	0.00836	0.04554	0.00931	0.00917	0.11505	0.03347	0.03850	0.02495	0.37689	0.02908	0.03411	0.20370	0.04311	0.00636	0.00400	0.00127	0.00323	0.00558	0.00327	0.00502
10	0.00531	0.00383	0.00501	0.00472	0.00560	0.00354	0.00354	0.00708	0.01062	0.01504	0.84277	0.02802	0.03540	0.00767	0.00442	0.00118	0.00177	0.00678	0.00413	0.00354
11	0.01650	0.00692	0.00904	0.00693	0.00984	0.00631	0.00572	0.12372	0.01163	0.74064	0.01405	0.01228	0.00891	0.00463	0.00377	0.00116	0.00331	0.00372	0.00453	0.00638
12	0.00830	0.00836	0.01148	0.00985	0.00988	0.02503	0.00819	0.00912	0.00582	0.00903	0.00494	0.00818	0.00492	0.00652	0.01217	0.00163	0.84754	0.00327	0.00165	0.00411
13	0.01374	0.01120	0.07653	0.00879	0.01199	0.01141	0.00766	0.76830	0.01688	0.02273	0.00883	0.00892	0.00625	0.00443	0.00374	0.00113	0.00424	0.00333	0.00358	0.00632
14	0.00450	0.00379	0.00391	0.00390	0.00512	0.00319	0.00292	0.00551	0.00869	0.01051	0.10041	0.05078	0.76517	0.00940	0.00444	0.00126	0.00190	0.00788	0.00353	0.00319
15	0.00556	0.00363	0.00405	0.00405	0.00411	0.00363	0.00230	0.00568	0.00562	0.00774	0.01185	0.02382	0.01336	0.80869	0.01796	0.00345	0.00351	0.00532	0.06331	0.00236
16	0.00927	0.00881	0.01488	0.07497	0.77239	0.00895	0.01133	0.03220	0.00871	0.01238	0.00708	0.00932	0.00589	0.00340	0.00372	0.00112	0.00448	0.00334	0.00189	0.00584
17	0.00757	0.00717	0.01213	0.67413	0.20703	0.00846	0.01066	0.01001	0.00773	0.01018	0.00675	0.00984	0.00521	0.00366	0.00374	0.00122	0.00488	0.00334	0.00171	0.00456
18	0.00652	0.00326	0.00489	0.00489	0.00489	0.00326	0.00326	0.00489	0.00489	0.00652	0.00652	0.01140	0.00652	0.01303	0.01466	0.89084	0.00326	0.00326	0.00163	0.00163
19	0.00709	0.00667	0.01125	0.85913	0.02584	0.00834	0.01042	0.00959	0.00750	0.00959	0.00667	0.01000	0.00500	0.00375	0.00375	0.00125	0.00500	0.00333	0.00167	0.00417
20	0.00830	0.00689	0.00813	0.00592	0.00907	0.00560	0.00477	0.04327	0.00816	0.03450	0.00689	0.00798	0.00566	0.00308	0.00331	0.00065	0.04493	0.00236	0.00232	0.78820
21	0.00457	0.00326	0.00435	0.00522	0.00544	0.00305	0.00348	0.00522	0.00718	0.00958	0.02068	0.86570	0.02481	0.01175	0.00479	0.00152	0.00218	0.01067	0.00348	0.00305
22	0.00608	0.00386	0.00442	0.00426	0.00450	0.00377	0.00249	0.00620	0.00578	0.04860	0.01182	0.02349	0.01319	0.80080	0.01787	0.00343	0.00359	0.00528	0.00239	0.02818
23	0.03708	0.00697	0.01092	0.73498	0.02352	0.00849	0.00975	0.06404	0.02594	0.01095	0.00696	0.00984	0.00521	0.00380	0.00368	0.00122	0.00477	0.00329	0.00189	0.02671
24	0.01409	0.01042	0.01116	0.00860	0.01157	0.01155	0.00709	0.80314	0.04703	0.02336	0.00923	0.00919	0.00656	0.00452	0.00376	0.00113	0.00409	0.00341	0.00376	0.00636
25	0.01046	0.77795	0.01868	0.00677	0.00984	0.10575	0.00651	0.01164	0.00795	0.00887	0.00528	0.00610	0.00482	0.00328	0.00251	0.00082	0.00431	0.00205	0.00164	0.00476
26	0.00878	0.13954	0.64928	0.00970	0.01465	0.00928	0.01199	0.01241	0.00815	0.09218	0.00730	0.00812	0.00520	0.00362	0.00342	0.00113	0.00510	0.00276	0.00188	0.00552
27	0.00457	0.00326	0.00435	0.00522	0.00544	0.00305	0.00348	0.00522	0.00718	0.00958	0.02068	0.86570	0.02481	0.01175	0.00479	0.00152	0.00218	0.01067	0.00348	0.00305
28	0.00565	0.00402	0.00436	0.00437	0.00446	0.02646	0.00256	0.00576	0.00569	0.00748	0.01193	0.05649	0.01366	0.77551	0.05388	0.00359	0.00394	0.00552	0.00230	0.00241
29	0.00553	0.00421	0.00543	0.06179	0.00743	0.00427	0.00434	0.03738	0.07518	0.01068	0.01966	0.64080	0.05939	0.01026	0.00460	0.00147	0.00253	0.03815	0.00340	0.00350
30	0.00752	0.01941	0.84871	0.01069	0.01624	0.00871	0.01386	0.01188	0.00792	0.01188	0.00673	0.00792	0.00475	0.00356	0.00356	0.00119	0.00554	0.00277	0.00158	0.00554
31	0.00443	0.00380	0.00380	0.00380	0.00507	0.00317	0.00285	0.00538	0.00855	0.01014	0.03801	0.03611	0.84322	0.00950	0.00443	0.00127	0.00190	0.00792	0.00348	0.00317
32	0.00884	0.00847	0.01430	0.01947	0.62588	0.02626	0.09074	0.01092	0.00851	0.02343	0.00937	0.09975	0.02834	0.00439	0.00391	0.00117	0.00437	0.00431	0.00211	0.00546
33	0.00546	0.00398	0.00557	0.00686	0.07126	0.00383	0.00454	0.00641	0.00752	0.02062	0.02850	0.55361	0.02178	0.07695	0.00587	0.00169	0.00272	0.16620	0.00328	0.00334
34	0.00553	0.00388	0.00509	0.00476	0.00568	0.00358	0.00358	0.00729	0.01062	0.03100	0.82690	0.02773	0.03490	0.00761	0.00441	0.00118	0.00180	0.00673	0.00414	0.00359
35	0.00457	0.00326	0.00435	0.00522	0.00544	0.00305	0.00348	0.00522	0.00718	0.00958	0.02068	0.86570	0.02481	0.01175	0.00479	0.00152	0.00218	0.01067	0.00348	0.00305
36	0.05349	0.52384	0.16576	0.00788	0.03134	0.04379	0.00785	0.09428	0.02132	0.01146	0.00609	0.00689	0.00505	0.00347	0.00283	0.00094	0.00434	0.00236	0.00190	0.00509
37	0.00865	0.00918	0.07897	0.01785	0.53109	0.02581	0.09004	0.01106	0.01758	0.02295	0.10150	0.04227	0.00995	0.01187	0.00402	0.00118	0.00435	0.00407	0.00221	0.00539
38	0.00546	0.00364	0.00409	0.00409	0.00409	0.00364	0.00227	0.00546	0.00546	0.00727	0.01182	0.02455	0.01364	0.86815	0.01910	0.00364	0.00364	0.00546	0.00227	0.00227
39	0.01170	0.00669	0.00913	0.00728	0.00961	0.00655	0.09187	0.09285	0.13597	0.32847	0.12985	0.01463	0.01268	0.00493	0.00379	0.00115	0.00319	0.00426	0.12000	0.00540
40	0.04446	0.05789	0.29599	0.00917	0.01266	0.00808	0.14044	0.07048	0.05556	0.04558	0.14745	0.01348	0.03897	0.00463	0.00380	0.00117	0.00430	0.01594	0.00259	0.02737
41	0.00773	0.00654	0.00764	0.00559	0.00870	0.00510	0.00445	0.02238	0.02909	0.01271	0.07208	0.00953	0.00804	0.00324	0.00295	0.00063	0.00273	0.00265	0.00244	0.78577
42	0.00544	0.00367	0.00426	0.00427	0.00433	0.00372	0.00250	0.00556	0.00553	0.00743	0.01178	0.03428	0.01342	0.78554	0.09027	0.00382	0.00417	0.00540	0.00227	0.00238
43	0.00503	0.00366	0.00503	0.00603	0.02843	0.00353	0.00420	0.00594	0.00741	0.00987	0.01952	0.63101	0.02281	0.03362	0.03832	0.00178	0.00283	0.16446	0.00335	0.00319
44	0.02843	0.01826	0.05216	0.01207	0.18912	0.14988	0.06865	0.11080	0.10889	0.12903	0.00922	0.01040	0.00706	0.00434	0.00435	0.00118	0.06742	0.02054	0.00273	0.00547
45	0.00467	0.00335	0.00445	0.00525	0.00555	0.00313	0.00359	0.00543	0.00744	0.00991	0.05759	0.76939	0.04510	0.01145	0.00478	0.00151	0.00221	0.04859	0.00351	0.00309
46	0.00512	0.00357	0.00447	0.00498	0.00526	0.00347	0.00331	0.00594	0.02738	0.00940	0.03838	0.50526	0.02085	0.26469	0.00895	0.00213	0.00268	0.05430	0.02691	0.00294
47	0.00786	0.00791	0.04362	0.02381	0.27981	0.02205	0.19124	0.01029	0.04377	0.02711	0.07300	0.15221	0.07914	0.00564	0.00425	0.00125	0.01429	0.00540	0.00255	0.00480
48	0.01912	0.01136	0.22706	0.09171	0.09441	0.06100	0.04654	0.09707	0.13773	0.04112	0.03038	0.01173	0.02888	0.00549	0.04171	0.00142	0.02446	0.02105	0.00251	0.00523
49	0.00591	0.00451	0.00549	0.00528	0.00630	0.00448	0.00393	0.01797	0.14539	0.01416	0.53139	0.16101	0.06372	0.00795	0.00438	0.00125	0.00206	0.00701	0.00394	0.00387
50	0.00996	0.83675	0.01934	0.00655	0.00964	0.01471	0.00649	0.01115	0.00755	0.00883	0.00520	0.00610	0.00482	0.00334	0.00279	0.00084	0.03747	0.00206	0.00161	0.00479
51	0.02557	0.02507	0.33752	0.07814	0.08901	0.02472	0.21389	0.05779	0.01615	0.02207	0.00735	0.01978	0.00567	0.01472	0.00441	0.00125	0.04629	0.00346	0.00193	0.00521
52	0.00699	0.00715	0.03068	0.04388	0.03871	0.01534	0.35267	0.01864	0.00811	0.01091	0.01330	0.37926	0.01413	0.00710	0.00466	0.00138	0.02065	0.01969	0.00261	0.00416
53	0.00447	0.00380	0.00386	0.00384	0.00509	0.00318	0.00288	0.00546	0.00864	0.01036	0.07422	0.03574	0.80687	0.00942	0.00443	0.00126	0.00189	0.00787	0.00351	0.00318
54	0.02110	0.31626	0.12741	0.00889	0.02088	0.01787	0.11551	0.11570	0.15323	0.02130	0.01790	0.00996	0.00714	0.00402	0.00338	0.00108	0.00432	0.02636	0.00242	0.00530
55	0.04154	0.02107	0.17844	0.01123	0.08830	0.02647	0.19157	0.08379	0.06433	0.19192	0.00955	0.01867	0.00694	0.00471	0.02852	0.00133	0.01971	0.00364	0.00273	0.00555
56	0.01327	0.01352	0.02551	0.00914	0.02549	0.45972	0.00709	0.14197	0.04344	0.11847	0.00811	0.01856	0.00630	0.00514	0.03140	0.00125	0.06098	0.00304	0.00263	0.00497

[dist]
# distance from previous block
# <min> <max>
0	3

[block]
# block no. 4 follows, 73 sequences, length 52
# corresponding to MSA columns:
# 219-270
name=unknown_E
#
# <colnr> <probs for GDERKNQSTAVLIFYWHMCP>
#	G	D	E	R	K	N	Q	S	T	A	V	L	I	F	Y	W	H	M	C	P
0	0.05962	0.12447	0.02692	0.02084	0.01172	0.43880	0.05371	0.13975	0.03902	0.02930	0.00681	0.00762	0.00539	0.00391	0.00348	0.00103	0.01772	0.00273	0.00229	0.00486
1	0.01256	0.33084	0.01398	0.00842	0.01088	0.50426	0.00694	0.05319	0.00987	0.00975	0.00574	0.00660	0.00490	0.00366	0.00304	0.00091	0.00563	0.00231	0.00190	0.00462
2	0.04578	0.00985	0.12890	0.02863	0.37277	0.00834	0.09770	0.03466	0.06808	0.08634	0.02250	0.01866	0.02006	0.00386	0.00373	0.00115	0.00436	0.00359	0.00237	0.03867
3	0.02367	0.03548	0.05855	0.00749	0.02815	0.02052	0.03598	0.01619	0.01006	0.61762	0.02870	0.02520	0.00905	0.00448	0.00368	0.00112	0.00349	0.00370	0.00395	0.06294
4	0.00974	0.00885	0.02104	0.03544	0.17698	0.06531	0.19654	0.12502	0.03948	0.06353	0.06561	0.08831	0.01025	0.00498	0.00435	0.00122	0.03638	0.02534	0.00270	0.01892
5	0.00461	0.00329	0.00439	0.00524	0.00548	0.00308	0.00353	0.00530	0.00728	0.00971	0.03719	0.83549	0.02497	0.01165	0.00479	0.00152	0.00219	0.02372	0.00350	0.00306
6	0.01893	0.07450	0.08786	0.02292	0.05198	0.20888	0.04152	0.05623	0.11101	0.07143	0.04239	0.09688	0.03905	0.00508	0.00376	0.00112	0.01255	0.00412	0.00270	0.04711
7	0.00500	0.00502	0.06923	0.00502	0.00638	0.00375	0.01690	0.00629	0.00837	0.01082	0.11652	0.23247	0.44034	0.00908	0.00439	0.00130	0.00233	0.01669	0.02108	0.01901
8	0.00498	0.00352	0.00487	0.00546	0.00585	0.00353	0.00384	0.00583	0.00693	0.02297	0.01773	0.62316	0.02041	0.01604	0.23277	0.00273	0.00431	0.00877	0.00311	0.00318
9	0.00535	0.00361	0.00421	0.00434	0.00442	0.00357	0.00258	0.00553	0.00592	0.00791	0.03576	0.14053	0.01598	0.70351	0.01635	0.00323	0.00338	0.02884	0.00252	0.00245
10	0.00894	0.44718	0.30597	0.04701	0.06902	0.01183	0.04100	0.01143	0.00783	0.01027	0.00602	0.00723	0.00491	0.00336	0.00303	0.00099	0.00470	0.00251	0.00163	0.00512
11	0.00918	0.00901	0.00731	0.00664	0.00808	0.28122	0.00503	0.05374	0.05463	0.03014	0.39567	0.02644	0.02010	0.00586	0.00387	0.00109	0.00362	0.00478	0.06947	0.00413
12	0.00501	0.00377	0.00546	0.00586	0.00631	0.00356	0.04946	0.00584	0.00725	0.00966	0.01913	0.67650	0.02253	0.08422	0.00602	0.00171	0.00264	0.07867	0.00329	0.00313
13	0.03460	0.00515	0.00512	0.00569	0.00617	0.10411	0.00390	0.00658	0.00749	0.00966	0.01802	0.69877	0.02128	0.04835	0.00517	0.00154	0.00281	0.00918	0.00321	0.00320
14	0.00511	0.00405	0.00470	0.00523	0.00571	0.04066	0.00361	0.00599	0.00803	0.01054	0.16310	0.62282	0.08541	0.01054	0.00464	0.00142	0.00229	0.00943	0.00353	0.00320
15	0.00469	0.00382	0.02837	0.00528	0.00579	0.00327	0.00380	0.00552	0.00740	0.00976	0.02215	0.72226	0.11366	0.01123	0.00473	0.00149	0.00229	0.03793	0.00343	0.00315
16	0.00556	0.00423	0.00514	0.00503	0.00602	0.00407	0.00381	0.00787	0.08839	0.01319	0.45690	0.08241	0.17501	0.04624	0.00511	0.00138	0.00217	0.08006	0.00380	0.00361
17	0.00928	0.01006	0.09209	0.01963	0.54417	0.00891	0.20686	0.01190	0.00864	0.04108	0.00742	0.00948	0.00589	0.00336	0.00387	0.00116	0.00496	0.00356	0.00194	0.00571
18	0.00449	0.00359	0.00402	0.00436	0.00522	0.00312	0.00310	0.00532	0.00801	0.00992	0.03117	0.36332	0.52042	0.01039	0.00457	0.00137	0.00201	0.00900	0.00348	0.00312
19	0.00540	0.00398	0.00583	0.00583	0.00646	0.00459	0.00447	0.00664	0.00602	0.00870	0.01023	0.01548	0.00971	0.09203	0.77382	0.00575	0.00941	0.00412	0.01827	0.00327
20	0.00542	0.00403	0.00585	0.00582	0.00639	0.00465	0.00441	0.00656	0.00595	0.00851	0.01022	0.01600	0.00990	0.14494	0.72371	0.00563	0.02256	0.00421	0.00204	0.00321
21	0.01003	0.87041	0.01966	0.00642	0.00963	0.01485	0.00642	0.01123	0.00762	0.00883	0.00522	0.00602	0.00481	0.00321	0.00241	0.00080	0.00401	0.00201	0.00160	0.00481
22	0.00481	0.00337	0.00431	0.00497	0.00515	0.00321	0.00323	0.00532	0.00678	0.00904	0.01852	0.64934	0.02205	0.21971	0.00827	0.00204	0.00255	0.02127	0.00319	0.00287
23	0.01401	0.01788	0.01063	0.00967	0.01160	0.85309	0.00725	0.01498	0.01063	0.00918	0.00580	0.00677	0.00483	0.00387	0.00338	0.00097	0.00677	0.00242	0.00193	0.00435
24	0.00744	0.00393	0.00398	0.00381	0.00482	0.00400	0.00290	0.05953	0.00847	0.01458	0.01204	0.01368	0.00942	0.00438	0.00269	0.00089	0.00190	0.00349	0.83438	0.00367
25	0.00886	0.01012	0.02214	0.01581	0.01961	0.00949	0.83112	0.01202	0.00886	0.01202	0.00759	0.01012	0.00569	0.00316	0.00443	0.00127	0.00633	0.00443	0.00190	0.00506
26	0.00998	0.85164	0.03794	0.00651	0.00977	0.01471	0.00658	0.01125	0.00763	0.00889	0.00525	0.00606	0.00481	0.00322	0.00243	0.00081	0.00405	0.00202	0.00160	0.00483
27	0.00444	0.00378	0.00383	0.00387	0.00509	0.00316	0.00288	0.00538	0.00849	0.01011	0.03718	0.07569	0.80417	0.00961	0.00445	0.00128	0.00191	0.00805	0.00348	0.00316
28	0.00778	0.00667	0.00778	0.00556	0.00889	0.00500	0.00445	0.00945	0.00778	0.01223	0.00667	0.00778	0.00556	0.00278	0.00278	0.00056	0.00278	0.00222	0.00222	0.89108
29	0.00840	0.01818	0.76932	0.01031	0.01561	0.00841	0.01307	0.01249	0.00819	0.09084	0.00750	0.00838	0.00518	0.00367	0.00358	0.00119	0.00532	0.00287	0.00187	0.00562
30	0.00545	0.00366	0.00420	0.00420	0.00424	0.00370	0.00241	0.00553	0.00549	0.00736	0.01172	0.02398	0.01339	0.81929	0.06762	0.00378	0.00401	0.00537	0.00226	0.00234
31	0.00546	0.00364	0.00409	0.00409	0.00409	0.00364	0.00227	0.00546	0.00546	0.00727	0.01182	0.02455	0.01364	0.86815	0.01910	0.00364	0.00364	0.00546	0.00227	0.00227
32	0.00752	0.01941	0.84871	0.01069	0.01624	0.00871	0.01386	0.01188	0.00792	0.01188	0.00673	0.00792	0.00475	0.00356	0.00356	0.00119	0.00554	0.00277	0.00158	0.00554
33	0.00987	0.81642	0.07225	0.00669	0.01005	0.01446	0.00689	0.01128	0.00764	0.00902	0.00531	0.00614	0.00481	0.00323	0.00248	0.00083	0.00411	0.00205	0.00160	0.00486
34	0.01222	0.01489	0.01090	0.00972	0.01106	0.59307	0.00755	0.01314	0.00912	0.00913	0.00553	0.00721	0.00486	0.00470	0.00614	0.00118	0.27077	0.00268	0.00184	0.00427
35	0.00541	0.00391	0.00496	0.00543	0.00629	0.00363	0.00428	0.00663	0.00843	0.03072	0.08588	0.25453	0.25390	0.01015	0.00478	0.00149	0.00255	0.30013	0.00355	0.00334
36	0.01076	0.04918	0.06066	0.02660	0.08755	0.19741	0.21244	0.07531	0.04834	0.08135	0.04943	0.01170	0.00824	0.00432	0.00403	0.00117	0.02085	0.04311	0.00250	0.00506
37	0.00826	0.04229	0.19856	0.00889	0.02211	0.04203	0.12826	0.03225	0.14603	0.05333	0.12435	0.06542	0.06235	0.00632	0.04145	0.00142	0.00433	0.00466	0.00281	0.00487
38	0.65276	0.00621	0.00516	0.00487	0.00661	0.00702	0.00377	0.00954	0.00645	0.01472	0.00841	0.14249	0.00834	0.08881	0.00434	0.00145	0.00284	0.00374	0.01874	0.00372
39	0.00594	0.00421	0.00575	0.00649	0.00723	0.00420	0.00548	0.00741	0.00817	0.01065	0.01877	0.05384	0.02055	0.12870	0.00709	0.00199	0.00346	0.69349	0.00329	0.00328
40	0.33842	0.03861	0.09473	0.00788	0.03889	0.11254	0.00668	0.19865	0.07088	0.04898	0.00748	0.00797	0.00559	0.00392	0.00312	0.00113	0.00403	0.00273	0.00268	0.00509
41	0.00458	0.00373	0.00405	0.00417	0.00523	0.00321	0.00308	0.00558	0.00857	0.01059	0.12114	0.16166	0.61761	0.00966	0.00450	0.00130	0.00196	0.02263	0.00355	0.00319
42	0.00538	0.00389	0.00497	0.00541	0.00620	0.00365	0.00424	0.00657	0.00837	0.02143	0.12314	0.21734	0.21253	0.04440	0.00554	0.01737	0.00261	0.30020	0.00348	0.00327
43	0.00787	0.00774	0.01073	0.00983	0.04616	0.02230	0.00773	0.00873	0.00612	0.00924	0.00706	0.11853	0.00753	0.00705	0.01084	0.00159	0.70076	0.00422	0.00189	0.00405
44	0.02130	0.00904	0.01470	0.07430	0.75550	0.03625	0.01121	0.01150	0.00852	0.01205	0.00697	0.00921	0.00582	0.00339	0.00369	0.00112	0.00454	0.00329	0.00185	0.00576
45	0.00536	0.00402	0.00603	0.00603	0.00670	0.00469	0.00469	0.00670	0.00603	0.00871	0.01005	0.01474	0.00938	0.02814	0.85328	0.00603	0.01005	0.00402	0.00201	0.00335
46	0.00462	0.00330	0.00440	0.00522	0.00545	0.00312	0.00349	0.00528	0.00710	0.00948	0.02007	0.81346	0.02398	0.03551	0.03456	0.00174	0.00249	0.01029	0.00340	0.00304
47	0.04298	0.00760	0.02938	0.02239	0.05333	0.08516	0.01473	0.09065	0.07444	0.18472	0.14047	0.04110	0.12948	0.00579	0.00402	0.00117	0.02046	0.00474	0.04255	0.00483
48	0.00532	0.00394	0.00575	0.00580	0.00638	0.00449	0.00439	0.00649	0.00605	0.00864	0.01090	0.07142	0.01077	0.10210	0.72313	0.00552	0.00896	0.00458	0.00213	0.00323
49	0.01098	0.13178	0.12266	0.01061	0.09055	0.09766	0.08489	0.22170	0.11053	0.03126	0.00822	0.00899	0.00629	0.00407	0.00396	0.00113	0.04342	0.00321	0.00256	0.00552
50	0.01321	0.02732	0.01044	0.00915	0.01126	0.66233	0.00696	0.06763	0.09367	0.01090	0.00699	0.00767	0.00563	0.00397	0.00341	0.00099	0.00599	0.00265	0.00225	0.04760
51	0.02545	0.05115	0.00952	0.02494	0.03727	0.07250	0.02348	0.06649	0.07460	0.04664	0.00783	0.01731	0.00630	0.00346	0.00321	0.00080	0.01353	0.00273	0.00247	0.51033

[dist]
# distance from previous block
# <min> <max>
4	13

[block]
# block no. 5 follows, 73 sequences, length 46
# corresponding to MSA columns:
# 284-314,316-330
name=unknown_F
#
# <colnr> <probs for GDERKNQSTAVLIFYWHMCP>
#	G	D	E	R	K	N	Q	S	T	A	V	L	I	F	Y	W	H	M	C	P
0	0.00943	0.51186	0.23417	0.00771	0.01143	0.01235	0.00829	0.04536	0.08461	0.01094	0.00673	0.00742	0.00549	0.00352	0.00290	0.00095	0.00429	0.00247	0.00191	0.02817
1	0.00927	0.24838	0.43764	0.00922	0.01347	0.05542	0.02770	0.08307	0.06045	0.01216	0.00702	0.00786	0.00535	0.00365	0.00329	0.00107	0.00493	0.00272	0.00194	0.00537
2	0.00821	0.09516	0.55864	0.01066	0.01513	0.04192	0.10736	0.01186	0.02644	0.01138	0.00691	0.01940	0.00530	0.00384	0.00416	0.00119	0.06244	0.00305	0.00171	0.00526
3	0.00952	0.00566	0.00673	0.00571	0.00768	0.00530	0.00454	0.10258	0.05777	0.23593	0.16667	0.03403	0.25111	0.00674	0.00408	0.00118	0.00264	0.03155	0.00388	0.05671
4	0.14802	0.35630	0.04259	0.00721	0.01014	0.06118	0.00651	0.22675	0.08403	0.01467	0.00719	0.00763	0.00570	0.00381	0.00297	0.00101	0.00399	0.00262	0.00249	0.00521
5	0.00584	0.00439	0.00510	0.00472	0.00604	0.00394	0.00357	0.03507	0.03050	0.03739	0.34484	0.08544	0.34103	0.00805	0.00428	0.00119	0.00207	0.00690	0.00370	0.06594
6	0.00522	0.00389	0.00475	0.00507	0.00570	0.02124	0.00357	0.00627	0.00847	0.02482	0.26717	0.49968	0.09811	0.00993	0.00458	0.00137	0.00215	0.00887	0.00364	0.01550
