[name]
unknown

[dist]
# distance from previous block
# <min> <max>
0	4

[block]
# block no. 0 follows, 70 sequences, length 12
# corresponding to MSA columns:
# 4-15
name=unknown_A
#
# <colnr> <probs for GDERKNQSTAVLIFYWHMCP>
#	G	D	E	R	K	N	Q	S	T	A	V	L	I	F	Y	W	H	M	C	P
0	0.00538	0.00427	0.00493	0.00484	0.00599	0.00397	0.00368	0.00741	0.06864	0.01261	0.31014	0.06829	0.39834	0.00966	0.03409	0.00149	0.00238	0.04649	0.00380	0.00363
1	0.00595	0.00469	0.00673	0.00650	0.00700	0.00566	0.00500	0.00708	0.00611	0.00884	0.00991	0.01568	0.00966	0.13942	0.62146	0.00527	0.12528	0.00425	0.00206	0.00342
2	0.00888	0.00746	0.00880	0.00762	0.00950	0.00833	0.04355	0.11208	0.41091	0.01549	0.12373	0.01748	0.08324	0.02839	0.05018	0.00163	0.04897	0.00492	0.00360	0.00524
3	0.01676	0.00673	0.00899	0.00693	0.00985	0.00597	0.00571	0.06423	0.01150	0.76255	0.04811	0.01361	0.01051	0.00492	0.00392	0.00120	0.00329	0.00400	0.00472	0.00648
4	0.01384	0.01071	0.01111	0.00878	0.01168	0.04396	0.00716	0.65490	0.15975	0.02242	0.01031	0.01012	0.00744	0.00473	0.00388	0.00118	0.00416	0.00361	0.00382	0.00643
5	0.01038	0.00722	0.00852	0.02730	0.05363	0.00761	0.00588	0.15231	0.26614	0.14366	0.15013	0.01777	0.09995	0.00585	0.00406	0.00124	0.00309	0.00489	0.02488	0.00548
6	0.00983	0.00846	0.00915	0.00857	0.04356	0.00971	0.00641	0.04961	0.76973	0.01637	0.01520	0.01408	0.01141	0.00516	0.00394	0.00130	0.00317	0.00431	0.00386	0.00615
7	0.06901	0.00682	0.00890	0.00687	0.00984	0.00612	0.00567	0.04998	0.01111	0.76150	0.01448	0.01264	0.00916	0.00472	0.00381	0.00120	0.00332	0.00378	0.00462	0.00646
8	0.00804	0.00689	0.00804	0.00574	0.00919	0.00517	0.00459	0.00976	0.00804	0.01263	0.00689	0.00804	0.00574	0.00287	0.00287	0.00057	0.00287	0.00230	0.00230	0.88745
9	0.00549	0.00396	0.00518	0.00488	0.00579	0.00366	0.00366	0.00732	0.01097	0.01555	0.83752	0.02896	0.03658	0.00793	0.00457	0.00122	0.00183	0.00701	0.00427	0.00366
10	0.01448	0.01848	0.01099	0.00999	0.01199	0.84819	0.00749	0.01548	0.01099	0.00949	0.00599	0.00699	0.00499	0.00400	0.00350	0.00100	0.00699	0.00250	0.00200	0.00449
11	0.00458	0.00393	0.00393	0.00393	0.00524	0.00327	0.00295	0.00556	0.00884	0.01047	0.03927	0.03731	0.83800	0.00982	0.00458	0.00131	0.00196	0.00818	0.00360	0.00327

[dist]
# distance from previous block
# <min> <max>
0	2

[block]
# block no. 1 follows, 70 sequences, length 56
# corresponding to MSA columns:
# 18-73
name=unknown_B
#
# <colnr> <probs for GDERKNQSTAVLIFYWHMCP>
#	G	D	E	R	K	N	Q	S	T	A	V	L	I	F	Y	W	H	M	C	P
0	0.01734	0.00668	0.00905	0.00694	0.00994	0.00582	0.00573	0.03447	0.01123	0.82648	0.01518	0.01312	0.00954	0.00480	0.00390	0.00120	0.00332	0.00389	0.00478	0.00660
1	0.00951	0.00819	0.00865	0.00779	0.00994	0.00945	0.00606	0.02018	0.80636	0.01620	0.04199	0.01493	0.01262	0.00534	0.00396	0.00131	0.00303	0.00447	0.00396	0.00606
2	0.00472	0.00337	0.00450	0.00540	0.00562	0.00315	0.00360	0.00540	0.00742	0.00990	0.02137	0.86122	0.02564	0.01215	0.00495	0.00157	0.00225	0.01102	0.00360	0.00315
3	0.00960	0.00921	0.01574	0.02380	0.83957	0.00921	0.01190	0.01190	0.00883	0.01267	0.00729	0.00960	0.00614	0.00345	0.00384	0.00115	0.00461	0.00345	0.00192	0.00614
4	0.00554	0.00415	0.00623	0.00623	0.00692	0.00485	0.00485	0.00692	0.00623	0.00900	0.01038	0.01523	0.00969	0.02908	0.84839	0.00623	0.01038	0.00415	0.00208	0.00346
5	0.00673	0.00337	0.00505	0.00505	0.00505	0.00337	0.00337	0.00505	0.00505	0.00673	0.00673	0.01178	0.00673	0.01347	0.01515	0.88721	0.00337	0.00337	0.00168	0.00168
6	0.89114	0.00750	0.00570	0.00510	0.00750	0.00870	0.00420	0.01140	0.00660	0.01739	0.00540	0.00630	0.00420	0.00360	0.00240	0.00120	0.00300	0.00210	0.00240	0.00420
7	0.00960	0.00921	0.01574	0.02380	0.83957	0.00921	0.01190	0.01190	0.00883	0.01267	0.00729	0.00960	0.00614	0.00345	0.00384	0.00115	0.00461	0.00345	0.00192	0.00614
8	0.00732	0.00689	0.01163	0.85444	0.02670	0.00861	0.01077	0.00991	0.00775	0.00991	0.00689	0.01034	0.00517	0.00388	0.00388	0.00129	0.00517	0.00345	0.00172	0.00431
9	0.01045	0.84809	0.02012	0.00670	0.00999	0.03302	0.00665	0.01169	0.00794	0.00913	0.00540	0.00624	0.00498	0.00333	0.00251	0.00083	0.00421	0.00208	0.00167	0.00496
10	0.00979	0.00854	0.01271	0.01701	0.49765	0.00883	0.00936	0.02628	0.23745	0.05236	0.05404	0.01210	0.00949	0.00426	0.00389	0.00119	0.00393	0.00390	0.00277	0.02445
11	0.01085	0.15234	0.04865	0.01105	0.16152	0.10439	0.03909	0.12100	0.13829	0.06142	0.06825	0.02154	0.02606	0.00459	0.00380	0.00114	0.01392	0.00374	0.00283	0.00550
12	0.00472	0.00337	0.00450	0.00540	0.00562	0.00315	0.00360	0.00540	0.00742	0.00990	0.02137	0.86122	0.02564	0.01215	0.00495	0.00157	0.00225	0.01102	0.00360	0.00315
13	0.01448	0.01848	0.01099	0.00999	0.01199	0.84819	0.00749	0.01548	0.01099	0.00949	0.00599	0.00699	0.00499	0.00400	0.00350	0.00100	0.00699	0.00250	0.00200	0.00449
14	0.00472	0.00337	0.00450	0.00540	0.00562	0.00315	0.00360	0.00540	0.00742	0.00990	0.02137	0.86122	0.02564	0.01215	0.00495	0.00157	0.00225	0.01102	0.00360	0.00315
15	0.00804	0.00689	0.00804	0.00574	0.00919	0.00517	0.00459	0.00976	0.00804	0.01263	0.00689	0.00804	0.00574	0.00287	0.00287	0.00057	0.00287	0.00230	0.00230	0.88745
16	0.00964	0.00833	0.00877	0.00789	0.01008	0.00964	0.00614	0.02060	0.83257	0.01622	0.01578	0.01446	0.01183	0.00526	0.00394	0.00131	0.00307	0.00438	0.00394	0.00614
17	0.01448	0.01848	0.01099	0.00999	0.01199	0.84819	0.00749	0.01548	0.01099	0.00949	0.00599	0.00699	0.00499	0.00400	0.00350	0.00100	0.00699	0.00250	0.00200	0.00449
18	0.01473	0.01122	0.01160	0.00897	0.01202	0.05129	0.00737	0.78855	0.01789	0.02373	0.00915	0.00920	0.00652	0.00462	0.00386	0.00116	0.00439	0.00344	0.00379	0.00649
19	0.01474	0.01086	0.01163	0.00892	0.01202	0.01202	0.00737	0.82664	0.01823	0.02443	0.00931	0.00931	0.00659	0.00465	0.00388	0.00116	0.00427	0.00349	0.00388	0.00659
20	0.00458	0.00393	0.00393	0.00393	0.00524	0.00327	0.00295	0.00556	0.00884	0.01047	0.03927	0.03731	0.83800	0.00982	0.00458	0.00131	0.00196	0.00818	0.00360	0.00327
21	0.01474	0.01086	0.01163	0.00892	0.01202	0.01202	0.00737	0.82664	0.01823	0.02443	0.00931	0.00931	0.00659	0.00465	0.00388	0.00116	0.00427	0.00349	0.00388	0.00659
22	0.00549	0.00396	0.00518	0.00488	0.00579	0.00366	0.00366	0.00732	0.01097	0.01555	0.83752	0.02896	0.03658	0.00793	0.00457	0.00122	0.00183	0.00701	0.00427	0.00366
23	0.00964	0.00833	0.00877	0.00789	0.01008	0.00964	0.00614	0.02060	0.83257	0.01622	0.01578	0.01446	0.01183	0.00526	0.00394	0.00131	0.00307	0.00438	0.00394	0.00614
24	0.00472	0.00337	0.00450	0.00540	0.00562	0.00315	0.00360	0.00540	0.00742	0.00990	0.02137	0.86122	0.02564	0.01215	0.00495	0.00157	0.00225	0.01102	0.00360	0.00315
25	0.01450	0.14365	0.01223	0.00800	0.01106	0.01094	0.00678	0.49909	0.01478	0.20756	0.01012	0.00981	0.00709	0.00447	0.00364	0.00111	0.00398	0.00336	0.02153	0.00628
26	0.00917	0.01038	0.02233	0.01601	0.01987	0.00980	0.79382	0.01273	0.04098	0.01257	0.00815	0.01061	0.00611	0.00334	0.00455	0.00131	0.00640	0.00457	0.00204	0.00526
27	0.01110	0.43604	0.16182	0.00931	0.07214	0.12008	0.01846	0.03926	0.00902	0.08025	0.00687	0.00765	0.00550	0.00365	0.00311	0.00099	0.00479	0.00260	0.00206	0.00532
28	0.01048	0.84200	0.02005	0.00673	0.01001	0.03900	0.00666	0.01172	0.00797	0.00913	0.00541	0.00624	0.00498	0.00334	0.00252	0.00083	0.00423	0.00209	0.00167	0.00496
29	0.00472	0.00337	0.00450	0.00540	0.00562	0.00315	0.00360	0.00540	0.00742	0.00990	0.02137	0.86122	0.02564	0.01215	0.00495	0.00157	0.00225	0.01102	0.00360	0.00315
30	0.00791	0.00702	0.01173	0.72800	0.09932	0.00845	0.01050	0.01041	0.00799	0.04242	0.00738	0.01047	0.00553	0.00389	0.00385	0.00127	0.00497	0.00347	0.02089	0.00455
31	0.01028	0.00819	0.00878	0.00781	0.01007	0.00932	0.00610	0.02046	0.76552	0.08364	0.01574	0.01436	0.01165	0.00522	0.00394	0.00131	0.00309	0.00434	0.00401	0.00617
32	0.00531	0.00395	0.00501	0.00566	0.00611	0.00393	0.00388	0.00709	0.09566	0.01047	0.02008	0.71355	0.02321	0.03685	0.03787	0.00179	0.00270	0.00989	0.00354	0.00346
33	0.00964	0.00833	0.00877	0.00789	0.01008	0.00964	0.00614	0.02060	0.83257	0.01622	0.01578	0.01446	0.01183	0.00526	0.00394	0.00131	0.00307	0.00438	0.00394	0.00614
34	0.01243	0.00971	0.01034	0.00845	0.01114	0.01095	0.00681	0.46198	0.38664	0.02072	0.01224	0.01164	0.00896	0.00493	0.00391	0.00123	0.00372	0.00389	0.00391	0.00639
35	0.01294	0.00561	0.00757	0.00614	0.00836	0.00493	0.00493	0.01456	0.01105	0.53287	0.32301	0.01909	0.01969	0.00597	0.00415	0.00121	0.00275	0.00506	0.00460	0.00550
36	0.02914	0.00798	0.00941	0.02772	0.01061	0.03443	0.00626	0.22623	0.06178	0.44635	0.01336	0.01381	0.00941	0.00508	0.00391	0.00122	0.00367	0.05361	0.02989	0.00613
37	0.01128	0.00703	0.00789	0.00682	0.00899	0.00752	0.00538	0.04358	0.43540	0.22452	0.01483	0.01398	0.01073	0.00498	0.00369	0.00120	0.00291	0.00408	0.17943	0.00577
38	0.11593	0.03031	0.01065	0.00808	0.01100	0.01102	0.00669	0.63544	0.01582	0.06239	0.00921	0.00931	0.00658	0.00450	0.00362	0.00115	0.00395	0.00332	0.04491	0.00614
39	0.00988	0.04979	0.27424	0.04591	0.05699	0.00851	0.01974	0.15784	0.01013	0.06348	0.00781	0.00875	0.00582	0.00366	0.00347	0.00101	0.00435	0.00292	0.00244	0.26325
40	0.02188	0.20004	0.17966	0.03872	0.05351	0.04849	0.02863	0.19510	0.08572	0.05628	0.02016	0.02671	0.00725	0.01681	0.00378	0.00117	0.00450	0.00335	0.00265	0.00559
41	0.00554	0.00377	0.00442	0.00448	0.00460	0.00380	0.00268	0.00574	0.00590	0.00790	0.01345	0.08082	0.03844	0.70596	0.09362	0.00377	0.00421	0.00594	0.00244	0.00253
42	0.00942	0.04535	0.23715	0.01171	0.16799	0.02138	0.02789	0.05675	0.25266	0.03535	0.03423	0.02053	0.00862	0.00434	0.00377	0.00119	0.00427	0.00367	0.00271	0.05101
43	0.01003	0.08332	0.21662	0.04357	0.26552	0.08105	0.13966	0.07520	0.00956	0.02861	0.00733	0.00896	0.00568	0.00365	0.00378	0.00116	0.00531	0.00330	0.00204	0.00564
44	0.01048	0.84206	0.02005	0.00673	0.01001	0.03894	0.00666	0.01172	0.00797	0.00913	0.00541	0.00624	0.00498	0.00334	0.00252	0.00083	0.00423	0.00208	0.00167	0.00496
45	0.00977	0.01025	0.05604	0.13335	0.23320	0.04750	0.24392	0.09392	0.08917	0.01349	0.00829	0.01018	0.00639	0.00386	0.00424	0.00124	0.02357	0.00379	0.00228	0.00553
46	0.00472	0.00337	0.00450	0.00540	0.00562	0.00315	0.00360	0.00540	0.00742	0.00990	0.02137	0.86122	0.02564	0.01215	0.00495	0.00157	0.00225	0.01102	0.00360	0.00315
47	0.00657	0.00345	0.00508	0.00506	0.00514	0.00347	0.00341	0.00528	0.00544	0.00734	0.05132	0.01344	0.00877	0.05020	0.05293	0.76203	0.00362	0.00369	0.00187	0.00190
48	0.00471	0.00341	0.00446	0.00530	0.00560	0.00316	0.00355	0.00541	0.00752	0.00994	0.02260	0.80434	0.08173	0.01199	0.00492	0.00156	0.00223	0.01083	0.00360	0.00316
49	0.01448	0.01848	0.01099	0.00999	0.01199	0.84819	0.00749	0.01548	0.01099	0.00949	0.00599	0.00699	0.00499	0.00400	0.00350	0.00100	0.00699	0.00250	0.00200	0.00449
50	0.82965	0.00781	0.00627	0.02947	0.00836	0.03059	0.01713	0.01148	0.00678	0.01690	0.00549	0.00649	0.00427	0.00361	0.00250	0.00120	0.00322	0.00219	0.00236	0.00423
51	0.00923	0.01051	0.16939	0.01614	0.41075	0.00849	0.04754	0.04701	0.03763	0.05481	0.06760	0.01269	0.05844	0.00446	0.00419	0.00121	0.02784	0.00398	0.00242	0.00567
52	0.00766	0.01195	0.34731	0.02958	0.04789	0.00729	0.04628	0.04793	0.05345	0.01254	0.01124	0.18720	0.02674	0.00555	0.00392	0.00120	0.00425	0.00481	0.00244	0.14075
53	0.00803	0.08291	0.57161	0.01058	0.01493	0.00973	0.05344	0.01151	0.00778	0.01143	0.00680	0.00857	0.00525	0.00547	0.05096	0.00154	0.12942	0.00304	0.00169	0.00531
54	0.05269	0.03946	0.04855	0.00818	0.01117	0.01039	0.00696	0.56721	0.01502	0.06051	0.00996	0.07547	0.00792	0.00499	0.00377	0.00115	0.00397	0.00388	0.00355	0.06520
55	0.00522	0.00421	0.00584	0.00609	0.02018	0.00389	0.05437	0.00645	0.02384	0.01064	0.05377	0.50201	0.23422	0.01051	0.00480	0.00147	0.00253	0.04299	0.00350	0.00345

[dist]
# distance from previous block
# <min> <max>
2	4

[block]
# block no. 2 follows, 70 sequences, length 19
# corresponding to MSA columns:
# 78-96
name=unknown_C
#
# <colnr> <probs for GDERKNQSTAVLIFYWHMCP>
#	G	D	E	R	K	N	Q	S	T	A	V	L	I	F	Y	W	H	M	C	P
0	0.00927	0.04562	0.29269	0.01202	0.21211	0.00786	0.00981	0.01203	0.00862	0.09221	0.02320	0.00928	0.00647	0.00358	0.00349	0.00102	0.00433	0.00300	0.00223	0.24116
1	0.00732	0.00689	0.01163	0.85444	0.02670	0.00861	0.01077	0.00991	0.00775	0.00991	0.00689	0.01034	0.00517	0.00388	0.00388	0.00129	0.00517	0.00345	0.00172	0.00431
2	0.00844	0.00701	0.00763	0.00717	0.00882	0.00788	0.00541	0.04577	0.56476	0.01461	0.01683	0.22846	0.01521	0.03773	0.00476	0.00146	0.00293	0.00607	0.00380	0.00526
3	0.00830	0.00861	0.03161	0.03671	0.10279	0.00823	0.39465	0.02571	0.11453	0.01281	0.05331	0.10087	0.07311	0.00522	0.00441	0.00131	0.00478	0.00540	0.00264	0.00501
4	0.01280	0.05372	0.03577	0.01031	0.01318	0.14172	0.22490	0.02612	0.04879	0.29425	0.01049	0.01152	0.00762	0.00448	0.00459	0.00123	0.06393	0.02600	0.00305	0.00553
5	0.00686	0.00369	0.00395	0.00388	0.00479	0.00362	0.00291	0.00867	0.00874	0.01469	0.18827	0.01754	0.01561	0.00524	0.00311	0.00097	0.00181	0.00434	0.69770	0.00362
6	0.00482	0.00344	0.00444	0.00520	0.00545	0.00322	0.00343	0.00543	0.00729	0.00965	0.02117	0.72686	0.06268	0.10929	0.00662	0.00181	0.00241	0.01027	0.00346	0.00306
7	0.02247	0.02845	0.03399	0.09640	0.16619	0.10214	0.12131	0.08328	0.01022	0.20322	0.02576	0.02923	0.03097	0.00474	0.01435	0.00126	0.01375	0.00391	0.00286	0.00549
8	0.02408	0.58176	0.17671	0.00800	0.01169	0.06542	0.02896	0.04507	0.00856	0.01058	0.00595	0.00688	0.00504	0.00349	0.00289	0.00095	0.00467	0.00237	0.00178	0.00515
9	0.00472	0.00337	0.00450	0.00540	0.00562	0.00315	0.00360	0.00540	0.00742	0.00990	0.02137	0.86122	0.02564	0.01215	0.00495	0.00157	0.00225	0.01102	0.00360	0.00315
10	0.00756	0.00713	0.01205	0.76838	0.11091	0.00868	0.01088	0.01011	0.00786	0.01019	0.00693	0.01026	0.00527	0.00383	0.00387	0.00128	0.00511	0.00345	0.00174	0.00450
11	0.03433	0.06407	0.06289	0.03667	0.21311	0.07506	0.09947	0.09756	0.04643	0.12406	0.01019	0.08709	0.00858	0.00479	0.00390	0.00121	0.00451	0.01779	0.00276	0.00550
12	0.00600	0.00437	0.00647	0.00773	0.09191	0.00416	0.02770	0.00700	0.00778	0.04956	0.01887	0.66508	0.02172	0.01120	0.03333	0.00167	0.00296	0.02540	0.00338	0.00370
13	0.00732	0.00689	0.01163	0.85444	0.02670	0.00861	0.01077	0.00991	0.00775	0.00991	0.00689	0.01034	0.00517	0.00388	0.00388	0.00129	0.00517	0.00345	0.00172	0.00431
14	0.01049	0.00930	0.07324	0.15872	0.31196	0.02182	0.09377	0.05013	0.02119	0.14972	0.02711	0.01078	0.00721	0.00402	0.00411	0.00122	0.02252	0.00368	0.01338	0.00565
15	0.03928	0.02320	0.34384	0.04491	0.12182	0.03271	0.11715	0.04848	0.00915	0.10230	0.00976	0.04488	0.03645	0.00434	0.00388	0.00123	0.00499	0.00380	0.00235	0.00551
16	0.00556	0.00427	0.00607	0.07150	0.05932	0.00421	0.00500	0.00684	0.00840	0.01130	0.16138	0.45977	0.05341	0.00997	0.00477	0.00148	0.00271	0.11700	0.00346	0.00357
17	0.00778	0.02005	0.84367	0.01105	0.01678	0.00900	0.01432	0.01228	0.00818	0.01228	0.00696	0.00818	0.00491	0.00368	0.00368	0.00123	0.00573	0.00286	0.00164	0.00573
18	0.02384	0.14686	0.10653	0.00966	0.06819	0.05494	0.06936	0.13030	0.05370	0.24682	0.02261	0.02115	0.00774	0.00434	0.00380	0.00115	0.01656	0.00351	0.00311	0.00582

[dist]
# distance from previous block
# <min> <max>
0	7

[block]
# block no. 3 follows, 70 sequences, length 198
# corresponding to MSA columns:
# 104-301
name=unknown_D
#
# <colnr> <probs for GDERKNQSTAVLIFYWHMCP>
#	G	D	E	R	K	N	Q	S	T	A	V	L	I	F	Y	W	H	M	C	P
0	0.02233	0.05578	0.07823	0.00875	0.06178	0.00906	0.00720	0.31242	0.03737	0.16421	0.00947	0.00961	0.00682	0.00407	0.00356	0.00103	0.00387	0.00319	0.00326	0.19798
1	0.01342	0.05019	0.03726	0.00966	0.05693	0.09974	0.01621	0.49177	0.08096	0.06260	0.00953	0.02278	0.00712	0.00462	0.00395	0.00116	0.01909	0.00352	0.00339	0.00610
2	0.00553	0.00375	0.00490	0.00553	0.00600	0.00353	0.00381	0.01973	0.01848	0.04519	0.05213	0.73621	0.04369	0.01139	0.00486	0.00153	0.00234	0.02430	0.00368	0.00342
3	0.00787	0.00730	0.04383	0.00598	0.00930	0.00539	0.00499	0.01005	0.04258	0.01266	0.01793	0.02701	0.03757	0.00351	0.00308	0.00069	0.00294	0.00286	0.00243	0.75204
4	0.02817	0.00842	0.01296	0.07040	0.51069	0.00823	0.00953	0.02164	0.05294	0.03827	0.00786	0.00960	0.00637	0.00351	0.00361	0.00105	0.00410	0.00324	0.00222	0.19718
5	0.00517	0.00375	0.00474	0.00537	0.00586	0.00354	0.00387	0.00602	0.00768	0.00998	0.02244	0.43674	0.14415	0.14288	0.00726	0.00192	0.00272	0.17941	0.00340	0.00313
6	0.01496	0.01050	0.01141	0.00875	0.01184	0.01149	0.00723	0.75873	0.01763	0.09320	0.00981	0.00963	0.00685	0.00467	0.00388	0.00117	0.00418	0.00352	0.00396	0.00659
7	0.00988	0.04365	0.22715	0.01349	0.10764	0.03241	0.29408	0.09831	0.08687	0.03563	0.00851	0.00986	0.00634	0.00379	0.00401	0.00123	0.00540	0.00372	0.00232	0.00569
8	0.00634	0.00377	0.00556	0.00556	0.00583	0.00382	0.02193	0.00581	0.00589	0.00790	0.01017	0.07249	0.01073	0.11826	0.10678	0.51539	0.00421	0.08510	0.00213	0.00233
9	0.12604	0.00922	0.01265	0.04054	0.48645	0.07729	0.00940	0.01140	0.00819	0.01233	0.00698	0.00972	0.00610	0.05315	0.00538	0.00134	0.08814	0.00328	0.00200	0.03040
10	0.00481	0.00346	0.00457	0.00536	0.00569	0.00322	0.00366	0.00559	0.00773	0.01029	0.06853	0.75443	0.06013	0.01176	0.00492	0.00155	0.00225	0.03520	0.00364	0.00320
11	0.00862	0.00870	0.01212	0.03029	0.02924	0.03399	0.03535	0.00977	0.01893	0.00964	0.00574	0.02331	0.00559	0.00652	0.01154	0.00164	0.73935	0.00356	0.00179	0.00433
12	0.00461	0.00391	0.00398	0.00401	0.00527	0.00328	0.00299	0.00561	0.00885	0.01060	0.06210	0.06537	0.78655	0.00984	0.00459	0.00132	0.00197	0.00825	0.00362	0.00328
13	0.00618	0.00412	0.00533	0.00494	0.00597	0.00377	0.00371	0.00789	0.01073	0.06553	0.72598	0.02828	0.07154	0.03296	0.00498	0.00130	0.00198	0.00684	0.00421	0.00378
14	0.01474	0.01086	0.01163	0.00892	0.01202	0.01202	0.00737	0.82664	0.01823	0.02443	0.00931	0.00931	0.00659	0.00465	0.00388	0.00116	0.00427	0.00349	0.00388	0.00659
15	0.00766	0.01881	0.77124	0.01103	0.04029	0.00869	0.01361	0.01191	0.00827	0.01226	0.02119	0.00977	0.04028	0.00400	0.00374	0.00123	0.00548	0.00317	0.00177	0.00561
16	0.01448	0.01848	0.01099	0.00999	0.01199	0.84819	0.00749	0.01548	0.01099	0.00949	0.00599	0.00699	0.00499	0.00400	0.00350	0.00100	0.00699	0.00250	0.00200	0.00449
17	0.01448	0.01848	0.01099	0.00999	0.01199	0.84819	0.00749	0.01548	0.01099	0.00949	0.00599	0.00699	0.00499	0.00400	0.00350	0.00100	0.00699	0.00250	0.00200	0.00449
18	0.00564	0.00376	0.00423	0.00423	0.00423	0.00376	0.00235	0.00564	0.00564	0.00752	0.01222	0.02537	0.01409	0.86375	0.01973	0.00376	0.00376	0.00564	0.00235	0.00235
19	0.00804	0.00689	0.00804	0.00574	0.00919	0.00517	0.00459	0.00976	0.00804	0.01263	0.00689	0.00804	0.00574	0.00287	0.00287	0.00057	0.00287	0.00230	0.00230	0.88745
20	0.00964	0.00833	0.00877	0.00789	0.01008	0.00964	0.00614	0.02060	0.83257	0.01622	0.01578	0.01446	0.01183	0.00526	0.00394	0.00131	0.00307	0.00438	0.00394	0.00614
21	0.01739	0.00660	0.00900	0.00690	0.00990	0.00570	0.00570	0.01889	0.01110	0.84226	0.01529	0.01320	0.00960	0.00480	0.00390	0.00120	0.00330	0.00390	0.00480	0.00660
22	0.01739	0.00660	0.00900	0.00690	0.00990	0.00570	0.00570	0.01889	0.01110	0.84226	0.01529	0.01320	0.00960	0.00480	0.00390	0.00120	0.00330	0.00390	0.00480	0.00660
23	0.89114	0.00750	0.00570	0.00510	0.00750	0.00870	0.00420	0.01140	0.00660	0.01739	0.00540	0.00630	0.00420	0.00360	0.00240	0.00120	0.00300	0.00210	0.00240	0.00420
24	0.00472	0.00337	0.00450	0.00540	0.00562	0.00315	0.00360	0.00540	0.00742	0.00990	0.02137	0.86122	0.02564	0.01215	0.00495	0.00157	0.00225	0.01102	0.00360	0.00315
25	0.01739	0.00660	0.00900	0.00690	0.00990	0.00570	0.00570	0.01889	0.01110	0.84226	0.01529	0.01320	0.00960	0.00480	0.00390	0.00120	0.00330	0.00390	0.00480	0.00660
26	0.01474	0.01086	0.01163	0.00892	0.01202	0.01202	0.00737	0.82664	0.01823	0.02443	0.00931	0.00931	0.00659	0.00465	0.00388	0.00116	0.00427	0.00349	0.00388	0.00659
27	0.01474	0.01086	0.01163	0.00892	0.01202	0.01202	0.00737	0.82664	0.01823	0.02443	0.00931	0.00931	0.00659	0.00465	0.00388	0.00116	0.00427	0.00349	0.00388	0.00659
28	0.01739	0.00660	0.00900	0.00690	0.00990	0.00570	0.00570	0.01889	0.01110	0.84226	0.01529	0.01320	0.00960	0.00480	0.00390	0.00120	0.00330	0.00390	0.00480	0.00660
29	0.01732	0.00671	0.00907	0.00695	0.00995	0.00587	0.00574	0.04062	0.01129	0.82025	0.01513	0.01309	0.00952	0.00479	0.00390	0.00120	0.00332	0.00389	0.00477	0.00660
30	0.89114	0.00750	0.00570	0.00510	0.00750	0.00870	0.00420	0.01140	0.00660	0.01739	0.00540	0.00630	0.00420	0.00360	0.00240	0.00120	0.00300	0.00210	0.00240	0.00420
31	0.00560	0.00374	0.00424	0.00427	0.00428	0.00374	0.00240	0.00563	0.00570	0.00761	0.01256	0.05674	0.01453	0.83179	0.01918	0.00368	0.00370	0.00584	0.00240	0.00238
32	0.01725	0.00683	0.00914	0.00701	0.01001	0.00605	0.00579	0.06376	0.01149	0.79683	0.01496	0.01298	0.00943	0.00479	0.00390	0.00120	0.00335	0.00388	0.00475	0.00660
33	0.01739	0.00660	0.00900	0.00690	0.00990	0.00570	0.00570	0.01889	0.01110	0.84226	0.01529	0.01320	0.00960	0.00480	0.00390	0.00120	0.00330	0.00390	0.00480	0.00660
34	0.00483	0.00344	0.00455	0.00540	0.00564	0.00323	0.00363	0.00551	0.00738	0.00983	0.02081	0.78204	0.02486	0.06051	0.00580	0.00171	0.00239	0.04180	0.00353	0.00312
35	0.00532	0.00396	0.00495	0.00470	0.00569	0.00359	0.00353	0.00699	0.01058	0.01460	0.68910	0.03051	0.18560	0.00828	0.00457	0.00124	0.00185	0.00723	0.00414	0.00359
36	0.01007	0.00728	0.00926	0.06918	0.06369	0.02524	0.03135	0.20470	0.06809	0.10895	0.23590	0.01804	0.01643	0.01821	0.03695	0.00147	0.00379	0.05200	0.01432	0.00509
37	0.01623	0.00681	0.00885	0.00687	0.00971	0.00622	0.00565	0.09011	0.03362	0.68881	0.01459	0.01297	0.00941	0.00478	0.00381	0.00118	0.00327	0.00386	0.06687	0.00637
38	0.00475	0.00393	0.00416	0.00411	0.00534	0.00335	0.00308	0.00589	0.00924	0.01143	0.19015	0.03573	0.68652	0.00946	0.00458	0.00129	0.00194	0.00796	0.00373	0.00335
39	0.01702	0.00702	0.00923	0.00710	0.01009	0.00635	0.00586	0.09296	0.02608	0.75288	0.01475	0.01286	0.00936	0.00479	0.00390	0.00120	0.00338	0.00387	0.00470	0.00659
40	0.00983	0.02716	0.01486	0.04421	0.69185	0.07800	0.01104	0.02131	0.00901	0.01229	0.00768	0.04104	0.00673	0.00384	0.00383	0.00115	0.00472	0.00363	0.00200	0.00583
41	0.00474	0.00338	0.00451	0.00539	0.00563	0.00316	0.00360	0.00543	0.00748	0.01000	0.03561	0.84670	0.02583	0.01207	0.00494	0.00157	0.00224	0.01095	0.00361	0.00316
42	0.00551	0.00408	0.00596	0.00600	0.00660	0.00467	0.00454	0.00673	0.00622	0.00889	0.01103	0.05162	0.01080	0.11172	0.73037	0.00579	0.00938	0.00459	0.00217	0.00334
43	0.02319	0.01409	0.35628	0.01535	0.18027	0.00938	0.30705	0.02521	0.00880	0.01268	0.00736	0.00927	0.00552	0.00350	0.00402	0.00124	0.00573	0.00360	0.00186	0.00562
44	0.00472	0.00337	0.00450	0.00540	0.00562	0.00315	0.00360	0.00540	0.00742	0.00990	0.02137	0.86122	0.02564	0.01215	0.00495	0.00157	0.00225	0.01102	0.00360	0.00315
45	0.00826	0.05652	0.02222	0.00691	0.04642	0.00609	0.02337	0.01006	0.00809	0.01242	0.00684	0.00806	0.00571	0.00294	0.00294	0.00064	0.00315	0.00239	0.00223	0.76473
46	0.00895	0.09419	0.14252	0.01369	0.01757	0.01008	0.54170	0.01252	0.05422	0.01217	0.00870	0.01061	0.02835	0.00370	0.00438	0.00126	0.02396	0.00414	0.00203	0.00525
47	0.01281	0.29361	0.01419	0.00805	0.01110	0.04209	0.00697	0.47352	0.04182	0.01811	0.00835	0.02702	0.00659	0.00435	0.00342	0.00105	0.00422	0.00317	0.00306	0.01652
48	0.00949	0.01574	0.01674	0.00699	0.00894	0.02573	0.00584	0.04358	0.05467	0.17757	0.01476	0.06155	0.01383	0.00858	0.06301	0.00167	0.02277	0.28787	0.00340	0.15727
49	0.01353	0.01130	0.07958	0.00897	0.01217	0.01148	0.00779	0.65883	0.11940	0.02241	0.00993	0.00986	0.00711	0.00465	0.00387	0.00119	0.00424	0.00355	0.00370	0.00646
50	0.00809	0.10693	0.72982	0.01078	0.01620	0.00968	0.04216	0.01221	0.00819	0.01196	0.00683	0.00806	0.00495	0.00363	0.00359	0.00119	0.00559	0.00284	0.00165	0.00563
51	0.00467	0.00358	0.00428	0.00484	0.00548	0.00320	0.00335	0.00546	0.00795	0.01011	0.02811	0.55119	0.33132	0.01127	0.00481	0.00147	0.00214	0.00995	0.00360	0.00320
52	0.01474	0.01086	0.01163	0.00892	0.01202	0.01202	0.00737	0.82664	0.01823	0.02443	0.00931	0.00931	0.00659	0.00465	0.00388	0.00116	0.00427	0.00349	0.00388	0.00659
53	0.00866	0.00837	0.02605	0.14108	0.60595	0.00840	0.01074	0.01090	0.00867	0.01210	0.02743	0.03523	0.05796	0.00435	0.00396	0.00121	0.00440	0.01691	0.00211	0.00552
54	0.00462	0.00390	0.00400	0.00403	0.00528	0.00328	0.00300	0.00562	0.00885	0.01064	0.06882	0.07618	0.76884	0.00986	0.00460	0.00132	0.00197	0.00827	0.00363	0.00328
55	0.01739	0.00660	0.00900	0.00690	0.00990	0.00570	0.00570	0.01889	0.01110	0.84226	0.01529	0.01320	0.00960	0.00480	0.00390	0.00120	0.00330	0.00390	0.00480	0.00660
56	0.00732	0.00689	0.01163	0.85444	0.02670	0.00861	0.01077	0.00991	0.00775	0.00991	0.00689	0.01034	0.00517	0.00388	0.00388	0.00129	0.00517	0.00345	0.00172	0.00431
57	0.00944	0.00944	0.01731	0.02180	0.63390	0.00929	0.20507	0.01197	0.00891	0.01259	0.00760	0.01025	0.00629	0.00351	0.00403	0.00120	0.00505	0.01449	0.00195	0.00589
58	0.89114	0.00750	0.00570	0.00510	0.00750	0.00870	0.00420	0.01140	0.00660	0.01739	0.00540	0.00630	0.00420	0.00360	0.00240	0.00120	0.00300	0.00210	0.00240	0.00420
59	0.01474	0.01086	0.01163	0.00892	0.01202	0.01202	0.00737	0.82664	0.01823	0.02443	0.00931	0.00931	0.00659	0.00465	0.00388	0.00116	0.00427	0.00349	0.00388	0.00659
60	0.89114	0.00750	0.00570	0.00510	0.00750	0.00870	0.00420	0.01140	0.00660	0.01739	0.00540	0.00630	0.00420	0.00360	0.00240	0.00120	0.00300	0.00210	0.00240	0.00420
61	0.01474	0.01086	0.01163	0.00892	0.01202	0.01202	0.00737	0.82664	0.01823	0.02443	0.00931	0.00931	0.00659	0.00465	0.00388	0.00116	0.00427	0.00349	0.00388	0.00659
62	0.01739	0.00660	0.00900	0.00690	0.00990	0.00570	0.00570	0.01889	0.01110	0.84226	0.01529	0.01320	0.00960	0.00480	0.00390	0.00120	0.00330	0.00390	0.00480	0.00660
63	0.00723	0.00361	0.00361	0.00361	0.00452	0.00361	0.00271	0.00903	0.00813	0.01445	0.01265	0.01445	0.00994	0.00452	0.00271	0.00090	0.00181	0.00361	0.88528	0.00361
64	0.00732	0.00689	0.01163	0.85444	0.02670	0.00861	0.01077	0.00991	0.00775	0.00991	0.00689	0.01034	0.00517	0.00388	0.00388	0.00129	0.00517	0.00345	0.00172	0.00431
65	0.01474	0.01086	0.01163	0.00892	0.01202	0.01202	0.00737	0.82664	0.01823	0.02443	0.00931	0.00931	0.00659	0.00465	0.00388	0.00116	0.00427	0.00349	0.00388	0.00659
66	0.00479	0.00342	0.00456	0.00542	0.00568	0.00320	0.00366	0.00553	0.00759	0.01014	0.05111	0.81225	0.02596	0.01196	0.00494	0.00157	0.00226	0.02915	0.00362	0.00318
67	0.00563	0.00378	0.00437	0.00442	0.00448	0.00380	0.00259	0.00575	0.00581	0.00776	0.01263	0.04800	0.01448	0.78365	0.05083	0.00374	0.00397	0.02945	0.00241	0.00245
68	0.89114	0.00750	0.00570	0.00510	0.00750	0.00870	0.00420	0.01140	0.00660	0.01739	0.00540	0.00630	0.00420	0.00360	0.00240	0.00120	0.00300	0.00210	0.00240	0.00420
69	0.89114	0.00750	0.00570	0.00510	0.00750	0.00870	0.00420	0.01140	0.00660	0.01739	0.00540	0.00630	0.00420	0.00360	0.00240	0.00120	0.00300	0.00210	0.00240	0.00420
70	0.00557	0.00404	0.00566	0.00566	0.00616	0.00454	0.00413	0.00656	0.00606	0.00858	0.01091	0.01812	0.01095	0.26683	0.61235	0.00553	0.00850	0.00458	0.00215	0.00314
71	0.00549	0.00396	0.00518	0.00488	0.00579	0.00366	0.00366	0.00732	0.01097	0.01555	0.83752	0.02896	0.03658	0.00793	0.00457	0.00122	0.00183	0.00701	0.00427	0.00366
72	0.04305	0.00662	0.00890	0.00684	0.00983	0.00579	0.00565	0.01867	0.01096	0.81803	0.01500	0.01299	0.00944	0.00476	0.00385	0.00120	0.00329	0.00385	0.00473	0.00653
73	0.00673	0.00337	0.00505	0.00505	0.00505	0.00337	0.00337	0.00505	0.00505	0.00673	0.00673	0.01178	0.00673	0.01347	0.01515	0.88721	0.00337	0.00337	0.00168	0.00168
74	0.00805	0.05349	0.78920	0.01085	0.01638	0.03131	0.01384	0.01234	0.00825	0.01208	0.00687	0.00808	0.00492	0.00368	0.00363	0.00121	0.00570	0.00282	0.00165	0.00567
75	0.00625	0.00446	0.00625	0.00714	0.00803	0.00446	0.00625	0.00803	0.00892	0.01160	0.02053	0.04373	0.02231	0.01071	0.00535	0.00178	0.00357	0.81348	0.00357	0.00357
76	0.89114	0.00750	0.00570	0.00510	0.00750	0.00870	0.00420	0.01140	0.00660	0.01739	0.00540	0.00630	0.00420	0.00360	0.00240	0.00120	0.00300	0.00210	0.00240	0.00420
77	0.01054	0.09109	0.25046	0.01078	0.04863	0.04554	0.13052	0.20345	0.08515	0.03832	0.03026	0.02179	0.00738	0.00422	0.00382	0.00119	0.00491	0.00359	0.00263	0.00572
78	0.00891	0.01034	0.21071	0.01193	0.21231	0.03703	0.00894	0.07493	0.00918	0.07977	0.01203	0.25860	0.01180	0.00637	0.00437	0.00131	0.02809	0.00553	0.00273	0.00513
79	0.01113	0.08082	0.19492	0.00850	0.02271	0.02180	0.05325	0.08640	0.06252	0.22866	0.04327	0.05002	0.03595	0.00478	0.00378	0.00115	0.00405	0.00397	0.00314	0.07918
80	0.01136	0.66154	0.01806	0.00744	0.01044	0.21632	0.00684	0.01254	0.00863	0.00921	0.00554	0.00641	0.00498	0.00348	0.00273	0.00087	0.00483	0.00218	0.00174	0.00486
81	0.89114	0.00750	0.00570	0.00510	0.00750	0.00870	0.00420	0.01140	0.00660	0.01739	0.00540	0.00630	0.00420	0.00360	0.00240	0.00120	0.00300	0.00210	0.00240	0.00420
82	0.01199	0.01268	0.22322	0.00946	0.01300	0.01072	0.02894	0.49812	0.05755	0.01961	0.00925	0.03194	0.00693	0.00467	0.00414	0.00122	0.03123	0.00360	0.01562	0.00611
83	0.01036	0.86609	0.02032	0.00663	0.00995	0.01534	0.00663	0.01161	0.00788	0.00912	0.00539	0.00622	0.00498	0.00332	0.00249	0.00083	0.00415	0.00207	0.00166	0.00498
84	0.01474	0.01086	0.01163	0.00892	0.01202	0.01202	0.00737	0.82664	0.01823	0.02443	0.00931	0.00931	0.00659	0.00465	0.00388	0.00116	0.00427	0.00349	0.00388	0.00659
85	0.00918	0.00886	0.02578	0.07862	0.62526	0.00882	0.06262	0.03279	0.00898	0.01262	0.00855	0.03671	0.00758	0.00419	0.00401	0.00122	0.00464	0.05174	0.00210	0.00572
86	0.01739	0.00660	0.00900	0.00690	0.00990	0.00570	0.00570	0.01889	0.01110	0.84226	0.01529	0.01320	0.00960	0.00480	0.00390	0.00120	0.00330	0.00390	0.00480	0.00660
87	0.00553	0.00438	0.02716	0.00500	0.00602	0.00379	0.00388	0.00735	0.01070	0.01510	0.77149	0.02855	0.05723	0.03089	0.00496	0.00129	0.00199	0.00690	0.00413	0.00367
88	0.00816	0.01649	0.56302	0.01220	0.01721	0.00897	0.24410	0.01216	0.00845	0.01239	0.00736	0.00899	0.00534	0.00356	0.00389	0.00122	0.00577	0.00335	0.02498	0.03238
89	0.00514	0.00395	0.00470	0.00451	0.00558	0.00351	0.00338	0.00664	0.01015	0.01358	0.52830	0.03219	0.34704	0.00866	0.00458	0.00125	0.00188	0.00746	0.00401	0.00351
90	0.04478	0.00680	0.00891	0.00689	0.00981	0.00612	0.00568	0.06881	0.01130	0.73952	0.01465	0.02541	0.00948	0.00486	0.00385	0.00120	0.00331	0.00392	0.01829	0.00642
91	0.00934	0.07078	0.02287	0.00657	0.00987	0.00742	0.00546	0.13059	0.09018	0.01445	0.00801	0.00872	0.00639	0.00341	0.00311	0.00076	0.00323	0.00267	0.00263	0.59355
92	0.00688	0.00570	0.00903	0.05195	0.14047	0.00555	0.08947	0.03376	0.00866	0.03007	0.07581	0.40070	0.04630	0.00838	0.00456	0.00140	0.00334	0.05055	0.00313	0.02428
93	0.02927	0.13104	0.41460	0.01008	0.03758	0.05199	0.02219	0.20945	0.01079	0.03704	0.00748	0.00830	0.00549	0.00390	0.00355	0.00114	0.00508	0.00294	0.00231	0.00577
94	0.00899	0.05042	0.02332	0.01006	0.01056	0.01166	0.03387	0.01001	0.00640	0.04735	0.00568	0.00864	0.00531	0.00638	0.01145	0.00161	0.73863	0.00338	0.00184	0.00443
95	0.00673	0.00337	0.00505	0.00505	0.00505	0.00337	0.00337	0.00505	0.00505	0.00673	0.00673	0.01178	0.00673	0.01347	0.01515	0.88721	0.00337	0.00337	0.00168	0.00168
96	0.00828	0.00703	0.00817	0.00585	0.00929	0.00541	0.00469	0.03870	0.00840	0.01305	0.00698	0.00808	0.00577	0.00293	0.00291	0.00060	0.00292	0.00234	0.00235	0.85625
97	0.01064	0.13090	0.26316	0.01048	0.01421	0.17010	0.13393	0.11120	0.09444	0.01320	0.00788	0.00881	0.00599	0.00391	0.00367	0.00114	0.00543	0.00318	0.00226	0.00546
98	0.00597	0.00431	0.00589	0.00668	0.00755	0.00423	0.00569	0.00759	0.00883	0.01147	0.04346	0.11750	0.08303	0.01070	0.00524	0.00172	0.00329	0.65975	0.00359	0.00351
99	0.00928	0.00889	0.01517	0.13779	0.72802	0.00913	0.01174	0.01162	0.00868	0.01229	0.00724	0.00970	0.00601	0.00351	0.00384	0.00117	0.00468	0.00345	0.00189	0.00589
100	0.01739	0.00660	0.00900	0.00690	0.00990	0.00570	0.00570	0.01889	0.01110	0.84226	0.01529	0.01320	0.00960	0.00480	0.00390	0.00120	0.00330	0.00390	0.00480	0.00660
101	0.01413	0.00573	0.00753	0.00606	0.00842	0.00506	0.00490	0.01567	0.01039	0.59473	0.07112	0.04074	0.02282	0.00525	0.00376	0.00116	0.00287	0.00433	0.16966	0.00569
102	0.00472	0.00393	0.00411	0.00407	0.00532	0.00333	0.00305	0.00582	0.00915	0.01123	0.15765	0.03607	0.71915	0.00954	0.00458	0.00130	0.00194	0.00801	0.00370	0.00333
103	0.00479	0.00339	0.00447	0.00534	0.00558	0.00317	0.00356	0.00548	0.00741	0.00996	0.02103	0.82948	0.02511	0.02466	0.00512	0.00159	0.00226	0.01077	0.02366	0.00315
104	0.00547	0.00396	0.00515	0.00486	0.00578	0.00365	0.00364	0.00728	0.01093	0.01543	0.81934	0.02915	0.05483	0.00797	0.00457	0.00122	0.00183	0.00704	0.00425	0.00365
105	0.00673	0.00425	0.00552	0.00504	0.00620	0.00386	0.00384	0.00847	0.01086	0.10502	0.70039	0.02775	0.08168	0.00770	0.00450	0.00122	0.00200	0.00674	0.00429	0.00395
106	0.01393	0.01032	0.01076	0.00839	0.01123	0.03602	0.00688	0.71580	0.01694	0.02293	0.00956	0.00978	0.00690	0.00462	0.00374	0.00113	0.00409	0.00347	0.09729	0.00621
107	0.01393	0.41515	0.01459	0.00692	0.01008	0.01034	0.01870	0.01533	0.00954	0.43357	0.01047	0.00984	0.00734	0.00407	0.00324	0.00103	0.00375	0.00304	0.00326	0.00581
108	0.01033	0.50119	0.03980	0.00715	0.00998	0.01180	0.03052	0.07303	0.00913	0.08834	0.04693	0.05330	0.03478	0.00482	0.00355	0.00105	0.03180	0.03503	0.00248	0.00499
109	0.00951	0.00912	0.01558	0.05574	0.80831	0.00919	0.01185	0.01182	0.00879	0.01256	0.00728	0.00962	0.00610	0.00347	0.00384	0.00116	0.00463	0.00345	0.00191	0.00607
110	0.00960	0.00921	0.01574	0.02380	0.83957	0.00921	0.01190	0.01190	0.00883	0.01267	0.00729	0.00960	0.00614	0.00345	0.00384	0.00115	0.00461	0.00345	0.00192	0.00614
111	0.01029	0.84022	0.04548	0.00677	0.01016	0.01515	0.00687	0.01163	0.00789	0.00922	0.00544	0.00628	0.00497	0.00333	0.00252	0.00084	0.00419	0.00210	0.00166	0.00500
112	0.00813	0.00679	0.00744	0.00678	0.00854	0.00752	0.00522	0.01583	0.54352	0.01570	0.25984	0.02003	0.06563	0.00630	0.00417	0.00129	0.00264	0.00537	0.00402	0.00524
113	0.01011	0.00812	0.00915	0.00673	0.01007	0.00729	0.00545	0.26287	0.01120	0.01629	0.00764	0.00843	0.00601	0.00342	0.00318	0.00076	0.00330	0.00267	0.00279	0.61453
114	0.01474	0.01086	0.01163	0.00892	0.01202	0.01202	0.00737	0.82664	0.01823	0.02443	0.00931	0.00931	0.00659	0.00465	0.00388	0.00116	0.00427	0.00349	0.00388	0.00659
115	0.00964	0.00833	0.00877	0.00789	0.01008	0.00964	0.00614	0.02060	0.83257	0.01622	0.01578	0.01446	0.01183	0.00526	0.00394	0.00131	0.00307	0.00438	0.00394	0.00614
116	0.01341	0.01008	0.01176	0.00912	0.01208	0.01099	0.06851	0.59086	0.13411	0.05613	0.03569	0.01090	0.00833	0.00474	0.00396	0.00120	0.00415	0.00382	0.00379	0.00634
117	0.89114	0.00750	0.00570	0.00510	0.00750	0.00870	0.00420	0.01140	0.00660	0.01739	0.00540	0.00630	0.00420	0.00360	0.00240	0.00120	0.00300	0.00210	0.00240	0.00420
118	0.00625	0.00446	0.00625	0.00714	0.00803	0.00446	0.00625	0.00803	0.00892	0.01160	0.02053	0.04373	0.02231	0.01071	0.00535	0.00178	0.00357	0.81348	0.00357	0.00357
119	0.00915	0.01046	0.02288	0.01634	0.02026	0.00980	0.82549	0.01242	0.00915	0.01242	0.00784	0.01046	0.00588	0.00327	0.00458	0.00131	0.00654	0.00458	0.00196	0.00523
120	0.00768	0.00587	0.00763	0.00707	0.00831	0.00623	0.04842	0.07617	0.16750	0.05637	0.06973	0.40748	0.04022	0.00867	0.00509	0.00144	0.06058	0.00757	0.00358	0.00440
121	0.00964	0.00833	0.00877	0.00789	0.01008	0.00964	0.00614	0.02060	0.83257	0.01622	0.01578	0.01446	0.01183	0.00526	0.00394	0.00131	0.00307	0.00438	0.00394	0.00614
122	0.00549	0.00396	0.00518	0.00488	0.00579	0.00366	0.00366	0.00732	0.01097	0.01555	0.83752	0.02896	0.03658	0.00793	0.00457	0.00122	0.00183	0.00701	0.00427	0.00366
123	0.02287	0.00932	0.02658	0.02712	0.26039	0.08436	0.08867	0.01439	0.01951	0.29044	0.00972	0.01053	0.00706	0.00437	0.00494	0.00124	0.10622	0.00360	0.00289	0.00577
124	0.00968	0.00868	0.03076	0.00799	0.01029	0.00966	0.00637	0.03359	0.79755	0.01625	0.01544	0.01421	0.01157	0.00521	0.00394	0.00131	0.00316	0.00433	0.00388	0.00613
125	0.01474	0.01086	0.01163	0.00892	0.01202	0.01202	0.00737	0.82664	0.01823	0.02443	0.00931	0.00931	0.00659	0.00465	0.00388	0.00116	0.00427	0.00349	0.00388	0.00659
126	0.01011	0.60051	0.11927	0.00735	0.01087	0.01338	0.00747	0.05766	0.07344	0.01111	0.00670	0.00738	0.00564	0.00356	0.00285	0.00092	0.00419	0.00244	0.00199	0.05316
127	0.00472	0.00337	0.00450	0.00540	0.00562	0.00315	0.00360	0.00540	0.00742	0.00990	0.02137	0.86122	0.02564	0.01215	0.00495	0.00157	0.00225	0.01102	0.00360	0.00315
128	0.00564	0.00376	0.00423	0.00423	0.00423	0.00376	0.00235	0.00564	0.00564	0.00752	0.01222	0.02537	0.01409	0.86375	0.01973	0.00376	0.00376	0.00564	0.00235	0.00235
129	0.01016	0.00999	0.01913	0.01761	0.26939	0.03489	0.48119	0.01291	0.00928	0.08404	0.00826	0.01032	0.00625	0.00348	0.00426	0.00124	0.00568	0.00411	0.00219	0.00560
130	0.00771	0.01279	0.39391	0.01038	0.05989	0.00858	0.02036	0.01008	0.00709	0.01054	0.00684	0.00952	0.00574	0.00816	0.08929	0.11818	0.21135	0.00324	0.00172	0.00464
131	0.00732	0.00689	0.01163	0.85444	0.02670	0.00861	0.01077	0.00991	0.00775	0.00991	0.00689	0.01034	0.00517	0.00388	0.00388	0.00129	0.00517	0.00345	0.00172	0.00431
132	0.00492	0.00407	0.00433	0.00424	0.00550	0.00354	0.00319	0.00637	0.03444	0.01166	0.19824	0.03494	0.65242	0.00930	0.00456	0.00129	0.00197	0.00783	0.00374	0.00344
133	0.02361	0.09716	0.09299	0.05558	0.22382	0.13309	0.05124	0.02779	0.13883	0.04998	0.00950	0.01992	0.00769	0.00475	0.00449	0.00134	0.04595	0.00369	0.00266	0.00592
134	0.01063	0.02850	0.26839	0.01963	0.02321	0.28937	0.05427	0.05815	0.06603	0.01207	0.04231	0.00932	0.00693	0.00441	0.00462	0.00120	0.09046	0.00320	0.00218	0.00511
135	0.00541	0.00395	0.00508	0.00482	0.00575	0.00362	0.00361	0.00717	0.01077	0.01511	0.76989	0.04070	0.09336	0.00812	0.00458	0.00123	0.00184	0.00715	0.00421	0.00362
136	0.00549	0.00396	0.00518	0.00488	0.00579	0.00366	0.00366	0.00732	0.01097	0.01555	0.83752	0.02896	0.03658	0.00793	0.00457	0.00122	0.00183	0.00701	0.00427	0.00366
137	0.00804	0.00689	0.00804	0.00574	0.00919	0.00517	0.00459	0.00976	0.00804	0.01263	0.00689	0.00804	0.00574	0.00287	0.00287	0.00057	0.00287	0.00230	0.00230	0.88745
138	0.00967	0.03335	0.08814	0.09350	0.37897	0.03572	0.19205	0.01239	0.02122	0.05536	0.00776	0.00977	0.00606	0.00361	0.00404	0.00119	0.01581	0.00359	0.00207	0.02573
139	0.00732	0.00689	0.01163	0.85444	0.02670	0.00861	0.01077	0.00991	0.00775	0.00991	0.00689	0.01034	0.00517	0.00388	0.00388	0.00129	0.00517	0.00345	0.00172	0.00431
140	0.00563	0.00380	0.00442	0.00442	0.00449	0.00386	0.00259	0.00576	0.00570	0.00766	0.01204	0.02439	0.01367	0.78269	0.10021	0.00400	0.00440	0.00549	0.00232	0.00246
141	0.02256	0.07284	0.53484	0.01072	0.08239	0.00870	0.02211	0.03014	0.02082	0.03073	0.02277	0.04182	0.07392	0.00457	0.00375	0.00121	0.00488	0.00372	0.00210	0.00540
142	0.00850	0.03503	0.50757	0.01203	0.05580	0.00883	0.17941	0.01214	0.00855	0.05333	0.02119	0.03891	0.01997	0.00413	0.00406	0.00125	0.01809	0.00371	0.00201	0.00549
143	0.00625	0.00446	0.00625	0.00714	0.00803	0.00446	0.00625	0.00803	0.00892	0.01160	0.02053	0.04373	0.02231	0.01071	0.00535	0.00178	0.00357	0.81348	0.00357	0.00357
144	0.00974	0.00905	0.01520	0.06149	0.70967	0.00914	0.03324	0.04813	0.00929	0.02669	0.02642	0.01014	0.00686	0.00365	0.00388	0.00117	0.00458	0.00357	0.00210	0.00600
145	0.02333	0.04122	0.14033	0.03962	0.33273	0.06051	0.16316	0.03718	0.06364	0.03602	0.00820	0.01016	0.00647	0.00380	0.00390	0.00120	0.00509	0.01559	0.00218	0.00567
146	0.01608	0.00818	0.00991	0.00766	0.01065	0.00811	0.00631	0.30211	0.05418	0.51478	0.01322	0.01190	0.00865	0.00477	0.00389	0.00119	0.00363	0.00378	0.00443	0.00657
147	0.00458	0.00393	0.00393	0.00393	0.00524	0.00327	0.00295	0.00556	0.00884	0.01047	0.03927	0.03731	0.83800	0.00982	0.00458	0.00131	0.00196	0.00818	0.00360	0.00327
148	0.00633	0.00539	0.03195	0.06643	0.04775	0.01766	0.05063	0.00774	0.00852	0.04037	0.13949	0.35326	0.13305	0.00880	0.00479	0.01189	0.01618	0.01896	0.02702	0.00381
149	0.01207	0.22544	0.17819	0.02907	0.04535	0.25581	0.00867	0.06254	0.00988	0.11491	0.00745	0.00815	0.00569	0.00392	0.00352	0.00106	0.01790	0.00277	0.00229	0.00530
150	0.00894	0.00861	0.01434	0.27148	0.56245	0.01907	0.01141	0.01127	0.00845	0.01170	0.00709	0.00975	0.00581	0.00368	0.00411	0.00121	0.02982	0.00344	0.00185	0.00552
