[name]
unknown

[dist]
# distance from previous block
# <min> <max>
0	51

[block]
# block no. 0 follows, 69 sequences, length 13
# corresponding to MSA columns:
# 60-72
name=unknown_A
#
# <colnr> <probs for GDERKNQSTAVLIFYWHMCP>
#	G	D	E	R	K	N	Q	S	T	A	V	L	I	F	Y	W	H	M	C	P
0	0.11238	0.00693	0.00837	0.07527	0.02424	0.03745	0.05100	0.09592	0.02020	0.05911	0.07371	0.07567	0.12528	0.05492	0.00551	0.01944	0.04584	0.01947	0.03245	0.05683
1	0.03022	0.00819	0.10666	0.08442	0.03794	0.01584	0.02211	0.09719	0.06886	0.05147	0.07303	0.10122	0.06648	0.04749	0.06373	0.02138	0.05097	0.00496	0.01212	0.03571
2	0.03451	0.00834	0.10677	0.10478	0.03271	0.04208	0.04507	0.08606	0.04606	0.02970	0.07106	0.16113	0.04372	0.03612	0.02607	0.03426	0.01602	0.01505	0.03246	0.02801
3	0.08829	0.00718	0.01036	0.07113	0.02181	0.00740	0.15195	0.13082	0.02846	0.04220	0.06506	0.14296	0.03664	0.06985	0.00549	0.00146	0.02679	0.00526	0.03427	0.05262
4	0.05517	0.00702	0.00964	0.24686	0.09334	0.01788	0.01638	0.06323	0.01957	0.04225	0.05749	0.06912	0.10492	0.03393	0.11401	0.00214	0.03444	0.00503	0.00285	0.00474
5	0.00800	0.00714	0.01134	0.67430	0.05784	0.00864	0.01006	0.01152	0.10495	0.03402	0.00864	0.03184	0.00669	0.00430	0.00395	0.00131	0.00483	0.00380	0.00215	0.00469
6	0.11151	0.12363	0.01033	0.04144	0.03013	0.09440	0.02186	0.07416	0.14436	0.05544	0.01003	0.05615	0.00855	0.05108	0.02521	0.01272	0.03873	0.00376	0.05196	0.03454
7	0.00561	0.00417	0.00617	0.00617	0.00682	0.00483	0.00474	0.00692	0.00626	0.00900	0.01062	0.01606	0.01009	0.08309	0.79340	0.00614	0.01007	0.00430	0.00212	0.00343
8	0.00940	0.00942	0.01267	0.22272	0.33391	0.11231	0.02308	0.01256	0.10567	0.01189	0.00968	0.01227	0.03772	0.00449	0.00431	0.00125	0.03916	0.02996	0.00225	0.00526
9	0.00691	0.00430	0.00562	0.00515	0.00632	0.00391	0.00391	0.00865	0.01091	0.11254	0.68128	0.05259	0.06698	0.00785	0.00456	0.00125	0.00204	0.00689	0.00433	0.00402
10	0.00637	0.00385	0.00518	0.00573	0.00632	0.00356	0.00403	0.00720	0.00802	0.10797	0.02084	0.71793	0.02384	0.01133	0.00490	0.00156	0.00247	0.05150	0.00378	0.00362
11	0.04816	0.10799	0.01020	0.00684	0.00976	0.00744	0.00577	0.08639	0.01109	0.58885	0.01322	0.01200	0.00871	0.00460	0.00364	0.00115	0.00341	0.00360	0.06098	0.00619
12	0.00486	0.00392	0.00418	0.00429	0.00533	0.00341	0.00311	0.00576	0.00850	0.01038	0.05713	0.10810	0.61520	0.11056	0.00650	0.00165	0.00228	0.03811	0.00351	0.00321

[dist]
# distance from previous block
# <min> <max>
0	1

[block]
# block no. 1 follows, 69 sequences, length 15
# corresponding to MSA columns:
# 74-88
name=unknown_B
#
# <colnr> <probs for GDERKNQSTAVLIFYWHMCP>
#	G	D	E	R	K	N	Q	S	T	A	V	L	I	F	Y	W	H	M	C	P
0	0.01150	0.17811	0.01207	0.00805	0.01078	0.01164	0.00669	0.26933	0.41549	0.01757	0.01185	0.01136	0.00895	0.00474	0.00368	0.00119	0.00369	0.00369	0.00351	0.00612
1	0.01307	0.00964	0.01069	0.00848	0.01114	0.01073	0.00695	0.66339	0.01604	0.02163	0.00963	0.01059	0.00729	0.00958	0.17017	0.00219	0.00553	0.00366	0.00356	0.00604
2	0.00681	0.00361	0.00383	0.00401	0.00479	0.00356	0.00292	0.00841	0.00808	0.01371	0.01453	0.18131	0.01318	0.00609	0.00319	0.00105	0.00192	0.00513	0.71033	0.00356
3	0.01135	0.69620	0.01881	0.00716	0.01048	0.01485	0.00685	0.17211	0.01003	0.01228	0.00623	0.00690	0.00535	0.00362	0.00279	0.00091	0.00422	0.00238	0.00212	0.00535
4	0.01002	0.69541	0.01809	0.00653	0.00991	0.01348	0.00630	0.01137	0.00800	0.00992	0.00575	0.00665	0.00518	0.00327	0.00259	0.00079	0.00394	0.00214	0.00180	0.17885
5	0.01294	0.01092	0.01009	0.00856	0.01107	0.17499	0.00675	0.22989	0.36476	0.10953	0.01224	0.01163	0.00896	0.00485	0.00388	0.00121	0.00423	0.00377	0.00368	0.00605
6	0.00824	0.00482	0.00524	0.00476	0.00604	0.00492	0.00368	0.10979	0.02985	0.03923	0.17485	0.01683	0.01498	0.00529	0.00332	0.00103	0.00221	0.00434	0.55638	0.00418
7	0.00651	0.00533	0.00869	0.00719	0.00875	0.00492	0.16537	0.00847	0.01022	0.03578	0.51275	0.07194	0.09317	0.02278	0.00487	0.00132	0.00290	0.00676	0.01829	0.00401
8	0.01617	0.00711	0.00906	0.00706	0.00992	0.00664	0.00580	0.12526	0.04826	0.63843	0.01450	0.01297	0.00943	0.00483	0.00386	0.00119	0.00335	0.00389	0.06582	0.00644
9	0.00487	0.00362	0.00452	0.00507	0.00563	0.00331	0.00351	0.00567	0.00799	0.01041	0.07831	0.54523	0.23114	0.01202	0.03325	0.02647	0.00248	0.00970	0.00358	0.00322
10	0.00484	0.00361	0.00455	0.00520	0.00572	0.00332	0.00362	0.00568	0.00795	0.01034	0.05012	0.60559	0.20344	0.01204	0.02705	0.00165	0.00246	0.03598	0.00362	0.00325
11	0.01037	0.55947	0.15448	0.00841	0.01209	0.05900	0.06175	0.04779	0.03463	0.01089	0.00641	0.00734	0.00537	0.00357	0.00302	0.00098	0.00474	0.00255	0.00188	0.00526
12	0.00799	0.04921	0.01229	0.61771	0.10927	0.00921	0.01024	0.01096	0.06046	0.01075	0.00755	0.01044	0.00584	0.00407	0.00420	0.00128	0.04064	0.00348	0.01971	0.00468
13	0.01853	0.09934	0.07093	0.02486	0.12535	0.04418	0.00711	0.07855	0.02741	0.01167	0.00942	0.04426	0.00873	0.07806	0.24796	0.00283	0.02728	0.01931	0.00230	0.05191
14	0.09535	0.07607	0.07660	0.03132	0.05288	0.06294	0.01748	0.34552	0.04235	0.04554	0.00854	0.02687	0.00660	0.00446	0.00399	0.00116	0.04091	0.00332	0.00298	0.05513

[dist]
# distance from previous block
# <min> <max>
0	11

[block]
# block no. 2 follows, 69 sequences, length 13
# corresponding to MSA columns:
# 100-112
name=unknown_C
#
# <colnr> <probs for GDERKNQSTAVLIFYWHMCP>
#	G	D	E	R	K	N	Q	S	T	A	V	L	I	F	Y	W	H	M	C	P
0	0.00847	0.01973	0.17475	0.10218	0.20399	0.02658	0.07957	0.02361	0.06729	0.03585	0.07677	0.07414	0.05067	0.00549	0.01560	0.00134	0.02167	0.00460	0.00252	0.00519
1	0.00565	0.00409	0.00502	0.00505	0.00598	0.00378	0.00368	0.00736	0.04357	0.03713	0.37146	0.26122	0.21251	0.00943	0.00469	0.00136	0.00209	0.00828	0.00398	0.00366
2	0.00494	0.00379	0.00469	0.02905	0.00620	0.00347	0.00365	0.00597	0.00859	0.01117	0.16603	0.43113	0.28598	0.01056	0.00479	0.00144	0.00219	0.00932	0.00370	0.00335
3	0.02268	0.24124	0.05711	0.00712	0.01989	0.00881	0.03840	0.05795	0.05917	0.09870	0.11264	0.01369	0.03287	0.00786	0.10353	0.01710	0.00437	0.00388	0.08816	0.00484
4	0.01040	0.04532	0.14346	0.01111	0.01338	0.20363	0.13138	0.05846	0.00881	0.01127	0.00632	0.00844	0.00530	0.00493	0.00715	0.00136	0.31916	0.00327	0.00194	0.00490
5	0.02203	0.00572	0.03118	0.05784	0.06447	0.00567	0.03418	0.03376	0.00820	0.02952	0.07387	0.31425	0.08347	0.08425	0.04310	0.00187	0.07017	0.02953	0.00303	0.00390
6	0.00984	0.00920	0.01502	0.07569	0.69394	0.00945	0.01138	0.05607	0.05631	0.01347	0.00795	0.01002	0.00650	0.00369	0.00389	0.00118	0.00459	0.00355	0.00215	0.00611
7	0.01062	0.06117	0.21088	0.05796	0.13432	0.02005	0.02328	0.23757	0.02787	0.06066	0.02156	0.05340	0.03241	0.00480	0.00411	0.00122	0.02573	0.00391	0.00276	0.00573
8	0.01076	0.00891	0.00966	0.05360	0.01153	0.01023	0.00673	0.19805	0.60681	0.01789	0.01403	0.01325	0.01043	0.00511	0.00397	0.00129	0.00348	0.00418	0.00385	0.00621
9	0.00478	0.00341	0.00455	0.00546	0.00569	0.00318	0.00364	0.00546	0.00751	0.01001	0.02161	0.85966	0.02593	0.01228	0.00500	0.00159	0.00227	0.01114	0.00364	0.00318
10	0.01205	0.39642	0.03970	0.00888	0.04205	0.28135	0.00746	0.05502	0.00959	0.04565	0.00666	0.02193	0.00573	0.00406	0.00364	0.00101	0.04903	0.00269	0.00208	0.00503
11	0.01419	0.06662	0.01205	0.00888	0.01187	0.07922	0.00732	0.64440	0.08052	0.02184	0.00940	0.00943	0.00684	0.00461	0.00380	0.00115	0.00443	0.00343	0.00363	0.00635
12	0.03858	0.00678	0.02543	0.02144	0.08845	0.00638	0.03031	0.05952	0.05888	0.28142	0.24603	0.03008	0.06358	0.00594	0.00430	0.00124	0.01735	0.00507	0.00391	0.00531

[dist]
# distance from previous block
# <min> <max>
0	1

[block]
# block no. 3 follows, 69 sequences, length 27
# corresponding to MSA columns:
# 114-140
name=unknown_D
#
# <colnr> <probs for GDERKNQSTAVLIFYWHMCP>
#	G	D	E	R	K	N	Q	S	T	A	V	L	I	F	Y	W	H	M	C	P
0	0.04069	0.13787	0.20673	0.02626	0.20559	0.02799	0.06032	0.11812	0.00986	0.05567	0.00792	0.02915	0.00630	0.00399	0.00373	0.00114	0.01435	0.00332	0.00231	0.03868
1	0.01078	0.18462	0.08316	0.00763	0.01035	0.02215	0.05422	0.07100	0.09262	0.18957	0.07736	0.01458	0.05787	0.06634	0.03067	0.00150	0.01307	0.00413	0.00315	0.00524
2	0.86193	0.00764	0.00608	0.00576	0.03398	0.00881	0.00449	0.01154	0.00674	0.01744	0.00552	0.00647	0.00431	0.00363	0.00247	0.00121	0.00308	0.00217	0.00241	0.00431
3	0.88991	0.00758	0.00576	0.00516	0.00758	0.00879	0.00425	0.01152	0.00667	0.01759	0.00546	0.00637	0.00425	0.00364	0.00243	0.00121	0.00303	0.00212	0.00243	0.00425
4	0.00489	0.00395	0.00435	0.00431	0.00547	0.00341	0.00321	0.00610	0.00945	0.01196	0.25664	0.07794	0.57551	0.00953	0.00465	0.00131	0.00196	0.00810	0.00383	0.00341
5	0.00548	0.00469	0.00546	0.00558	0.03499	0.02399	0.02277	0.00681	0.00946	0.01192	0.21802	0.05764	0.50891	0.00910	0.00464	0.00133	0.00239	0.05959	0.00366	0.00359
6	0.00813	0.00697	0.00813	0.00581	0.00929	0.00523	0.00465	0.00987	0.00813	0.01277	0.00697	0.00813	0.00581	0.00290	0.00290	0.00058	0.00290	0.00232	0.00232	0.88619
7	0.00982	0.03794	0.00945	0.00878	0.06574	0.02857	0.00641	0.01851	0.62733	0.05005	0.01573	0.05809	0.03514	0.00557	0.00399	0.00130	0.00327	0.00468	0.00373	0.00591
8	0.01040	0.17158	0.07698	0.10798	0.23621	0.00921	0.02802	0.02623	0.00904	0.16062	0.02639	0.07989	0.00881	0.00474	0.00391	0.00119	0.01769	0.01306	0.00261	0.00546
9	0.01697	0.00653	0.00890	0.00687	0.00979	0.00566	0.00566	0.01850	0.01121	0.79781	0.05790	0.01417	0.01112	0.00502	0.00398	0.00121	0.00326	0.00411	0.00482	0.00652
10	0.00862	0.00713	0.00986	0.02152	0.00948	0.00894	0.02967	0.01044	0.07419	0.08484	0.03059	0.05336	0.02280	0.10386	0.07225	0.00217	0.43902	0.00444	0.00248	0.00433
11	0.03052	0.04472	0.16229	0.00774	0.01009	0.16710	0.02095	0.03169	0.06416	0.04487	0.10047	0.18606	0.09995	0.00676	0.00410	0.00126	0.00409	0.00563	0.00298	0.00456
12	0.00764	0.00713	0.00983	0.00868	0.00876	0.00956	0.00696	0.00840	0.00604	0.00911	0.00752	0.04306	0.00793	0.15524	0.09955	0.00254	0.59210	0.00418	0.00194	0.00384
13	0.00903	0.00938	0.01174	0.01013	0.01034	0.08688	0.00836	0.00991	0.00653	0.00948	0.00602	0.00911	0.02423	0.00668	0.01184	0.00164	0.75917	0.00346	0.00179	0.00429
14	0.00852	0.00888	0.01738	0.08901	0.01735	0.00898	0.49574	0.02387	0.05134	0.01218	0.01028	0.08614	0.00921	0.00514	0.00526	0.00141	0.07161	0.07047	0.00235	0.00488
15	0.01031	0.00857	0.07290	0.05361	0.14061	0.00771	0.13742	0.07836	0.06633	0.16957	0.03348	0.07194	0.04422	0.02402	0.02532	0.00147	0.00443	0.04123	0.00310	0.00541
16	0.01164	0.02571	0.02348	0.04144	0.08975	0.16607	0.10048	0.17764	0.15867	0.05503	0.01008	0.01198	0.00799	0.00512	0.01649	0.00132	0.04544	0.04320	0.00293	0.00556
17	0.00502	0.00397	0.00455	0.00480	0.00575	0.00358	0.00349	0.00640	0.03851	0.01121	0.11869	0.30137	0.43217	0.01034	0.00475	0.00142	0.00216	0.03466	0.00372	0.00343
18	0.23965	0.00753	0.00845	0.00660	0.00956	0.00731	0.00542	0.12350	0.01054	0.39097	0.01076	0.01021	0.00729	0.00422	0.00339	0.00111	0.00332	0.00317	0.00371	0.14330
19	0.08377	0.05594	0.00987	0.03221	0.07938	0.10245	0.02883	0.08592	0.03406	0.01368	0.06156	0.04240	0.03520	0.00534	0.03404	0.00118	0.00404	0.00360	0.02338	0.26317
20	0.00532	0.00399	0.00542	0.00596	0.00654	0.00381	0.02429	0.00668	0.03789	0.01087	0.06403	0.60210	0.07227	0.01125	0.00497	0.00157	0.00256	0.12341	0.00364	0.00344
21	0.00659	0.00459	0.00562	0.00533	0.00648	0.00443	0.00400	0.00929	0.10755	0.05927	0.49343	0.12357	0.10674	0.00808	0.00449	0.00128	0.00214	0.00707	0.03600	0.00406
22	0.04790	0.06513	0.04296	0.17349	0.13668	0.07256	0.20643	0.09225	0.02626	0.04098	0.00805	0.01842	0.00626	0.00394	0.00397	0.00121	0.01427	0.00364	0.03030	0.00526
23	0.02009	0.09318	0.24690	0.10920	0.17697	0.02516	0.16647	0.04378	0.02972	0.02045	0.00781	0.02874	0.00619	0.00388	0.00386	0.00121	0.00527	0.00358	0.00202	0.00549
24	0.00907	0.00487	0.00626	0.00572	0.00697	0.00457	0.00427	0.02258	0.00911	0.24718	0.15711	0.16754	0.07730	0.18552	0.00792	0.00187	0.02445	0.04968	0.00379	0.00421
25	0.00578	0.00414	0.02423	0.00503	0.00570	0.00373	0.00362	0.02437	0.00811	0.01167	0.08291	0.44094	0.06613	0.09064	0.00581	0.00159	0.00240	0.00810	0.20171	0.00340
26	0.03040	0.02669	0.09571	0.09434	0.14241	0.02429	0.19115	0.07604	0.04579	0.11590	0.02049	0.06351	0.02192	0.00472	0.00423	0.00127	0.01784	0.01515	0.00270	0.00545

[dist]
# distance from previous block
# <min> <max>
1	19

[block]
# block no. 4 follows, 69 sequences, length 33
# corresponding to MSA columns:
# 161-193
name=unknown_E
#
# <colnr> <probs for GDERKNQSTAVLIFYWHMCP>
#	G	D	E	R	K	N	Q	S	T	A	V	L	I	F	Y	W	H	M	C	P
0	0.10270	0.04887	0.09458	0.02718	0.06278	0.26998	0.03725	0.08441	0.09152	0.02105	0.01772	0.02020	0.01690	0.00423	0.00363	0.00111	0.01344	0.00317	0.00247	0.07679
1	0.03137	0.11472	0.02652	0.05153	0.17208	0.05668	0.00733	0.09550	0.06242	0.02272	0.00783	0.00898	0.00629	0.00362	0.00332	0.00094	0.00395	0.00291	0.02354	0.29773
2	0.00643	0.00545	0.00609	0.00503	0.00729	0.00442	0.00390	0.00818	0.03849	0.01214	0.08471	0.03883	0.36366	0.00656	0.00385	0.00099	0.00243	0.00547	0.00312	0.39296
3	0.01038	0.71306	0.08178	0.00833	0.06606	0.04472	0.00768	0.01195	0.00817	0.00972	0.00572	0.00670	0.00511	0.00342	0.00273	0.00090	0.00445	0.00227	0.00171	0.00515
4	0.00499	0.00356	0.00474	0.00549	0.00583	0.00335	0.00379	0.00586	0.00796	0.01070	0.11206	0.69116	0.02664	0.03347	0.00537	0.00162	0.00236	0.06412	0.00368	0.00325
5	0.00501	0.00394	0.00452	0.00447	0.00555	0.00345	0.00332	0.00632	0.00969	0.01258	0.35460	0.09725	0.45665	0.00935	0.00466	0.00131	0.00195	0.00802	0.00391	0.00345
6	0.00789	0.00385	0.00403	0.00389	0.00493	0.00378	0.00295	0.00970	0.00848	0.06506	0.03453	0.01492	0.01073	0.00468	0.00286	0.00094	0.00192	0.00376	0.80726	0.00384
7	0.00941	0.00487	0.00630	0.00548	0.00706	0.00446	0.00427	0.01139	0.03168	0.25957	0.48399	0.02262	0.02539	0.00664	0.00420	0.00120	0.00232	0.00572	0.09880	0.00464
8	0.00975	0.00842	0.00886	0.00798	0.01019	0.00975	0.00621	0.02083	0.83069	0.01640	0.01596	0.01463	0.01197	0.00532	0.00399	0.00133	0.00310	0.00443	0.00399	0.00621
9	0.00752	0.00703	0.01194	0.75961	0.05356	0.00862	0.03018	0.00996	0.00778	0.01005	0.00697	0.01045	0.00533	0.00429	0.00450	0.03335	0.01925	0.00351	0.00175	0.00434
10	0.88991	0.00758	0.00576	0.00516	0.00758	0.00879	0.00425	0.01152	0.00667	0.01759	0.00546	0.00637	0.00425	0.00364	0.00243	0.00121	0.00303	0.00212	0.00243	0.00425
11	0.00813	0.00697	0.00813	0.00581	0.00929	0.00523	0.00465	0.00987	0.00813	0.01277	0.00697	0.00813	0.00581	0.00290	0.00290	0.00058	0.00290	0.00232	0.00232	0.88619
12	0.88991	0.00758	0.00576	0.00516	0.00758	0.00879	0.00425	0.01152	0.00667	0.01759	0.00546	0.00637	0.00425	0.00364	0.00243	0.00121	0.00303	0.00212	0.00243	0.00425
13	0.00626	0.00447	0.00625	0.00716	0.00803	0.00446	0.00622	0.00802	0.00897	0.01167	0.02079	0.07409	0.02269	0.01088	0.00540	0.00180	0.00356	0.78207	0.00361	0.00359
14	0.02546	0.00613	0.00756	0.04558	0.01954	0.00544	0.00499	0.03973	0.03833	0.11187	0.20864	0.04409	0.03741	0.02595	0.00415	0.00107	0.00289	0.02495	0.00330	0.34291
15	0.79322	0.00778	0.00623	0.00551	0.00795	0.00900	0.00452	0.04725	0.06234	0.01782	0.00633	0.00705	0.00487	0.00380	0.00260	0.00122	0.00309	0.00234	0.00260	0.00448
16	0.01417	0.01007	0.01085	0.00842	0.01131	0.01105	0.00692	0.71235	0.01711	0.05154	0.01011	0.02373	0.00738	0.00482	0.00384	0.00116	0.00403	0.00368	0.08112	0.00635
17	0.00478	0.00341	0.00455	0.00546	0.00569	0.00318	0.00364	0.00546	0.00751	0.01001	0.02161	0.85966	0.02593	0.01228	0.00500	0.00159	0.00227	0.01114	0.00364	0.00318
18	0.05452	0.00928	0.01012	0.00799	0.01078	0.01006	0.00653	0.52055	0.09170	0.13364	0.05432	0.01159	0.00922	0.00490	0.00384	0.00119	0.00376	0.00380	0.04600	0.00621
19	0.18007	0.00656	0.00732	0.00616	0.00835	0.00663	0.00493	0.10267	0.07358	0.25120	0.21973	0.01777	0.08730	0.00587	0.00388	0.00123	0.00288	0.00475	0.00398	0.00513
20	0.70478	0.00830	0.00703	0.00597	0.00855	0.00951	0.00492	0.18357	0.00916	0.01910	0.00630	0.00701	0.00476	0.00386	0.00274	0.00121	0.00330	0.00242	0.00274	0.00476
21	0.00538	0.00404	0.00522	0.00562	0.00624	0.00407	0.00402	0.00707	0.06620	0.01078	0.08826	0.46290	0.09488	0.03561	0.16679	0.00248	0.00391	0.01966	0.00339	0.00350
22	0.01000	0.30858	0.11940	0.01045	0.01403	0.03577	0.24162	0.06064	0.12380	0.01259	0.02205	0.00951	0.00689	0.00384	0.00362	0.00113	0.00498	0.00342	0.00227	0.00542
23	0.00602	0.00421	0.00490	0.00490	0.00525	0.00424	0.00313	0.02815	0.04877	0.00982	0.10314	0.14409	0.01827	0.56133	0.01457	0.00296	0.00335	0.02700	0.00292	0.00297
24	0.10508	0.00682	0.00875	0.00683	0.00977	0.00620	0.00562	0.01840	0.03885	0.72945	0.01448	0.01269	0.00923	0.00475	0.00379	0.00122	0.00330	0.00378	0.00458	0.00641
25	0.00937	0.00893	0.01517	0.03289	0.75118	0.00891	0.02698	0.01165	0.00891	0.01269	0.00897	0.01156	0.03865	0.00390	0.00394	0.00118	0.00454	0.01958	0.01503	0.00597
26	0.76884	0.00746	0.00623	0.00541	0.00792	0.00837	0.00446	0.01258	0.00730	0.13180	0.00685	0.00734	0.00500	0.00381	0.00264	0.00121	0.00307	0.00238	0.00276	0.00458
27	0.00483	0.00345	0.00461	0.00552	0.00577	0.00323	0.00374	0.00556	0.00756	0.01007	0.02158	0.83013	0.02581	0.01223	0.00502	0.00160	0.00232	0.04013	0.00364	0.00320
28	0.01582	0.00951	0.01086	0.00832	0.01142	0.00998	0.00688	0.55002	0.01597	0.30286	0.01148	0.01075	0.00770	0.00476	0.00393	0.00119	0.00398	0.00367	0.00424	0.00667
29	0.00575	0.00404	0.00511	0.00497	0.00595	0.00367	0.00371	0.00730	0.01023	0.04390	0.54554	0.13256	0.17267	0.00883	0.00467	0.00131	0.00203	0.02998	0.00412	0.00367
30	0.12023	0.00699	0.00879	0.00684	0.00977	0.00647	0.00564	0.06719	0.01112	0.67629	0.03096	0.01261	0.00944	0.00477	0.00378	0.00121	0.00333	0.00377	0.00450	0.00632
31	0.00717	0.00458	0.00575	0.02169	0.00632	0.04156	0.00399	0.04512	0.00656	0.00849	0.01012	0.11486	0.03928	0.02495	0.04975	0.59687	0.00378	0.00455	0.00215	0.00244
32	0.23298	0.15481	0.01174	0.02196	0.02008	0.33153	0.05189	0.02872	0.00919	0.02280	0.00629	0.00736	0.00513	0.00373	0.00311	0.00103	0.00503	0.00254	0.01640	0.06368

[dist]
# distance from previous block
# <min> <max>
0	1

[block]
# block no. 5 follows, 69 sequences, length 20
# corresponding to MSA columns:
# 195-214
name=unknown_F
#
# <colnr> <probs for GDERKNQSTAVLIFYWHMCP>
#	G	D	E	R	K	N	Q	S	T	A	V	L	I	F	Y	W	H	M	C	P
0	0.00757	0.00641	0.00932	0.08586	0.26731	0.00648	0.00706	0.05491	0.03793	0.01371	0.22850	0.05820	0.14808	0.00631	0.00420	0.00123	0.00324	0.00558	0.04336	0.00470
1	0.00812	0.00722	0.00976	0.16721	0.06206	0.00628	0.03245	0.01011	0.00816	0.01225	0.00702	0.00874	0.00573	0.00314	0.00321	0.00078	0.00356	0.00269	0.00218	0.63934
2	0.00542	0.00364	0.00476	0.00527	0.00551	0.00354	0.00352	0.00585	0.01888	0.00930	0.03294	0.48079	0.03241	0.17475	0.03699	0.13438	0.00304	0.03307	0.00308	0.00289
3	0.00505	0.00382	0.00466	0.00480	0.00564	0.00343	0.00347	0.00630	0.00939	0.01251	0.35866	0.27745	0.27087	0.00985	0.00474	0.00137	0.00202	0.00864	0.00392	0.00343
4	0.73522	0.00703	0.00574	0.00514	0.00737	0.00794	0.00417	0.01087	0.00737	0.01719	0.12962	0.00984	0.00918	0.00427	0.00277	0.00120	0.00285	0.00287	0.00271	0.02664
5	0.00559	0.00399	0.00512	0.00489	0.00567	0.00373	0.00356	0.00716	0.01024	0.01441	0.69318	0.02910	0.03325	0.13579	0.00693	0.00163	0.00218	0.02605	0.00401	0.00350
6	0.00878	0.00921	0.01069	0.00932	0.00979	0.12020	0.00761	0.00968	0.00711	0.00963	0.01043	0.01274	0.12938	0.00695	0.01041	0.00156	0.61624	0.00404	0.00204	0.00418
7	0.00799	0.00789	0.01081	0.00935	0.00955	0.01071	0.00774	0.00887	0.00644	0.00961	0.01031	0.01294	0.12939	0.00732	0.01163	0.00166	0.72751	0.00415	0.00200	0.00414
8	0.00616	0.00436	0.00594	0.00671	0.00745	0.00435	0.00562	0.00766	0.00847	0.01105	0.01953	0.07355	0.02145	0.13818	0.00757	0.00209	0.00359	0.65942	0.00343	0.00341
9	0.00511	0.00343	0.00466	0.00539	0.00561	0.00324	0.00361	0.00548	0.00729	0.00976	0.05182	0.69984	0.02351	0.01231	0.00653	0.13379	0.00243	0.00983	0.00338	0.00298
10	0.68996	0.00698	0.00594	0.00526	0.00751	0.00780	0.00428	0.01150	0.00769	0.08121	0.13036	0.01034	0.00957	0.00439	0.00287	0.00122	0.00288	0.00301	0.00290	0.00435
11	0.00858	0.00858	0.01201	0.01029	0.01029	0.01201	0.00858	0.00943	0.00600	0.00943	0.00515	0.00858	0.00515	0.00686	0.01287	0.00172	0.85505	0.00343	0.00172	0.00429
12	0.00479	0.00346	0.00454	0.00535	0.00567	0.00321	0.00360	0.00553	0.00770	0.01021	0.04713	0.78563	0.07467	0.01201	0.00497	0.00157	0.00224	0.01085	0.00366	0.00321
13	0.00485	0.00346	0.00463	0.00554	0.00580	0.00325	0.00377	0.00558	0.00758	0.01009	0.02157	0.82119	0.02577	0.01221	0.00502	0.00160	0.00234	0.04890	0.00364	0.00320
14	0.00659	0.00540	0.00600	0.00569	0.00714	0.00551	0.00436	0.01106	0.27031	0.01392	0.25635	0.04803	0.29412	0.00802	0.00447	0.00133	0.00238	0.04103	0.00394	0.00435
15	0.01045	0.00733	0.00865	0.00639	0.00964	0.00618	0.00516	0.12041	0.01014	0.14807	0.04402	0.01005	0.00788	0.00368	0.00328	0.00079	0.00312	0.00295	0.00303	0.58880
16	0.00839	0.00800	0.01181	0.61447	0.04806	0.05973	0.04484	0.06430	0.02183	0.01125	0.00858	0.01189	0.03088	0.02241	0.00431	0.00134	0.00513	0.01615	0.00205	0.00456
17	0.00554	0.00394	0.00531	0.00614	0.00665	0.00383	0.00472	0.00667	0.00803	0.01057	0.02044	0.42500	0.02343	0.08437	0.00647	0.00188	0.00300	0.36720	0.00352	0.00330
18	0.00846	0.01812	0.19963	0.02500	0.03973	0.02711	0.05816	0.03919	0.05765	0.05603	0.01013	0.03693	0.01680	0.20963	0.01884	0.00182	0.01325	0.00406	0.00245	0.15701
19	0.01231	0.04983	0.02793	0.01043	0.11340	0.04844	0.04017	0.26328	0.13933	0.14007	0.02064	0.02355	0.00855	0.02767	0.02990	0.00143	0.02994	0.00387	0.00335	0.00593

[dist]
# distance from previous block
# <min> <max>
1	14

[block]
# block no. 6 follows, 69 sequences, length 33
# corresponding to MSA columns:
# 229-261
name=unknown_G
#
# <colnr> <probs for GDERKNQSTAVLIFYWHMCP>
#	G	D	E	R	K	N	Q	S	T	A	V	L	I	F	Y	W	H	M	C	P
0	0.00718	0.00603	0.00705	0.00556	0.00821	0.00474	0.00431	0.00887	0.02374	0.01230	0.04190	0.13617	0.10432	0.00529	0.00349	0.00085	0.00267	0.00449	0.00276	0.61007
1	0.00949	0.03729	0.20234	0.11439	0.13094	0.05431	0.22952	0.04212	0.07718	0.03050	0.00828	0.01000	0.00625	0.00385	0.00408	0.00124	0.01457	0.00366	0.01450	0.00549
2	0.00711	0.00510	0.00642	0.00650	0.02727	0.00528	0.00431	0.02903	0.00710	0.00989	0.01236	0.02174	0.01286	0.45807	0.36355	0.00486	0.00699	0.00527	0.00265	0.00364
3	0.00813	0.00697	0.00813	0.00581	0.00929	0.00523	0.00465	0.00987	0.00813	0.01277	0.00697	0.00813	0.00581	0.00290	0.00290	0.00058	0.00290	0.00232	0.00232	0.88619
4	0.00611	0.00452	0.00468	0.00467	0.00479	0.04366	0.00276	0.00623	0.00607	0.00785	0.01238	0.04307	0.01415	0.77353	0.03230	0.00363	0.00403	0.02063	0.00240	0.00254
5	0.00548	0.00384	0.00491	0.00531	0.00593	0.00361	0.00372	0.00666	0.02638	0.03827	0.15441	0.51955	0.12218	0.03386	0.04503	0.00176	0.00265	0.00929	0.00369	0.00346
6	0.01434	0.01100	0.01143	0.00895	0.01194	0.04385	0.00732	0.70691	0.10586	0.02323	0.00999	0.00989	0.00718	0.00475	0.00391	0.00119	0.00429	0.00359	0.00386	0.00654
7	0.00485	0.00346	0.00463	0.00554	0.00580	0.00325	0.00377	0.00558	0.00758	0.01009	0.02157	0.82111	0.02577	0.01221	0.00502	0.00160	0.00234	0.04898	0.00364	0.00320
8	0.00480	0.00345	0.00457	0.00545	0.00572	0.00321	0.00367	0.00552	0.00758	0.01006	0.02212	0.81924	0.04965	0.01218	0.00500	0.00159	0.00229	0.02706	0.00364	0.00320
9	0.00703	0.00417	0.00520	0.00481	0.00592	0.00387	0.00365	0.00883	0.01041	0.09001	0.55769	0.02460	0.04191	0.00696	0.00413	0.00116	0.00198	0.00603	0.20770	0.00395
10	0.01490	0.01098	0.01177	0.00902	0.01216	0.01216	0.00745	0.82470	0.01843	0.02471	0.00941	0.00941	0.00667	0.00471	0.00392	0.00118	0.00431	0.00353	0.00392	0.00667
11	0.88991	0.00758	0.00576	0.00516	0.00758	0.00879	0.00425	0.01152	0.00667	0.01759	0.00546	0.00637	0.00425	0.00364	0.00243	0.00121	0.00303	0.00212	0.00243	0.00425
12	0.88991	0.00758	0.00576	0.00516	0.00758	0.00879	0.00425	0.01152	0.00667	0.01759	0.00546	0.00637	0.00425	0.00364	0.00243	0.00121	0.00303	0.00212	0.00243	0.00425
13	0.00858	0.00858	0.01201	0.01029	0.01029	0.01201	0.00858	0.00943	0.00600	0.00943	0.00515	0.00858	0.00515	0.00686	0.01287	0.00172	0.85505	0.00343	0.00172	0.00429
14	0.00987	0.00840	0.00884	0.00791	0.01013	0.00969	0.00617	0.04789	0.78380	0.01664	0.01566	0.01445	0.01174	0.00528	0.00396	0.00131	0.00311	0.00438	0.02460	0.00616
15	0.00640	0.00498	0.00729	0.00721	0.00840	0.00488	0.07807	0.00855	0.04841	0.01208	0.07983	0.12944	0.09285	0.02533	0.00525	0.00163	0.00335	0.42852	0.04374	0.00379
16	0.00505	0.00352	0.00457	0.00524	0.00558	0.00330	0.00354	0.00591	0.00791	0.01086	0.12020	0.67363	0.02587	0.04890	0.00549	0.00161	0.00226	0.00999	0.05334	0.00324
17	0.00549	0.00401	0.00516	0.00487	0.00582	0.00367	0.00365	0.00728	0.01096	0.01539	0.78477	0.02982	0.08812	0.00814	0.00462	0.00124	0.00186	0.00717	0.00427	0.00367
18	0.00549	0.00419	0.00570	0.02806	0.00688	0.00445	0.00443	0.02328	0.00755	0.01027	0.03576	0.63530	0.02172	0.02516	0.08861	0.00207	0.07509	0.00929	0.00328	0.00341
19	0.01384	0.01028	0.01107	0.00870	0.01158	0.01138	0.00710	0.70862	0.08030	0.02310	0.01072	0.06600	0.00835	0.00525	0.00400	0.00122	0.00409	0.00410	0.00391	0.00640
20	0.00949	0.01140	0.19585	0.17000	0.32929	0.02717	0.02310	0.04703	0.07953	0.04541	0.00831	0.01002	0.00636	0.00394	0.00399	0.00123	0.01648	0.00345	0.00221	0.00574
21	0.06519	0.08679	0.01197	0.00863	0.01159	0.11985	0.00713	0.55919	0.01551	0.06372	0.00872	0.00886	0.00633	0.00445	0.00366	0.00113	0.00453	0.00321	0.00344	0.00611
22	0.00556	0.00391	0.00481	0.00501	0.00588	0.00349	0.00358	0.00664	0.00881	0.04640	0.19390	0.40279	0.23966	0.01012	0.00470	0.00140	0.00217	0.00892	0.01578	0.02647
23	0.01946	0.07274	0.02652	0.00714	0.00896	0.02372	0.02018	0.10169	0.26984	0.02533	0.07579	0.19216	0.04411	0.02245	0.06013	0.00169	0.00372	0.01602	0.00346	0.00490
24	0.00972	0.26904	0.27660	0.01185	0.15786	0.06557	0.03198	0.03516	0.04765	0.01184	0.01860	0.00855	0.00607	0.00384	0.00371	0.00111	0.03044	0.00295	0.00196	0.00551
25	0.00858	0.00858	0.01201	0.01029	0.01029	0.01201	0.00858	0.00943	0.00600	0.00943	0.00515	0.00858	0.00515	0.00686	0.01287	0.00172	0.85505	0.00343	0.00172	0.00429
26	0.00852	0.02954	0.59030	0.06071	0.08452	0.04886	0.03901	0.01298	0.06590	0.01241	0.00764	0.00895	0.00561	0.00382	0.00377	0.00123	0.00554	0.00311	0.00187	0.00569
27	0.00477	0.00398	0.00416	0.00411	0.00538	0.00337	0.00309	0.00589	0.00926	0.01136	0.15861	0.03647	0.71680	0.00964	0.00463	0.00131	0.00197	0.00810	0.00374	0.00337
28	0.00477	0.00356	0.00444	0.00509	0.00560	0.00323	0.00349	0.00557	0.00797	0.01035	0.05520	0.63749	0.21582	0.01158	0.00490	0.00152	0.00219	0.01033	0.00366	0.00323
29	0.00697	0.00400	0.00453	0.00434	0.00545	0.00373	0.00327	0.00858	0.00927	0.07087	0.22862	0.05490	0.17309	0.00677	0.00375	0.00112	0.00198	0.00571	0.39926	0.00379
30	0.01154	0.50627	0.09004	0.00819	0.01132	0.27467	0.00766	0.01323	0.02728	0.00978	0.00601	0.00689	0.00519	0.00365	0.00297	0.00094	0.00521	0.00235	0.00183	0.00497
31	0.00959	0.00797	0.00857	0.00765	0.00975	0.00901	0.00600	0.10131	0.61005	0.01684	0.09754	0.01738	0.03627	0.00587	0.00412	0.00132	0.00309	0.03786	0.00399	0.00582
32	0.02796	0.00629	0.06262	0.02422	0.00806	0.02983	0.02317	0.06816	0.00951	0.02809	0.10343	0.21541	0.29171	0.00873	0.00450	0.00137	0.00295	0.06027	0.01977	0.00395

[dist]
# distance from previous block
# <min> <max>
0	1

[block]
# block no. 7 follows, 69 sequences, length 37
# corresponding to MSA columns:
# 263-299
name=unknown_H
#
# <colnr> <probs for GDERKNQSTAVLIFYWHMCP>
#	G	D	E	R	K	N	Q	S	T	A	V	L	I	F	Y	W	H	M	C	P
0	0.02738	0.78334	0.02045	0.00742	0.01080	0.01496	0.06853	0.01180	0.00804	0.00964	0.00564	0.00661	0.00509	0.00336	0.00267	0.00088	0.00435	0.00229	0.00171	0.00504
1	0.00511	0.00438	0.00500	0.00559	0.06840	0.00380	0.00373	0.00628	0.00915	0.01126	0.11473	0.03478	0.69554	0.00925	0.00458	0.00130	0.00217	0.00780	0.00358	0.00357
2	0.01747	0.00686	0.00922	0.00707	0.01010	0.00604	0.00584	0.05454	0.01154	0.80460	0.01520	0.01317	0.00957	0.00485	0.00394	0.00121	0.00338	0.00392	0.00481	0.00667
3	0.00917	0.00482	0.00613	0.00540	0.00706	0.00427	0.00424	0.01070	0.01043	0.27115	0.33449	0.04183	0.20238	0.00751	0.00439	0.00126	0.00241	0.03416	0.03367	0.00452
4	0.88991	0.00758	0.00576	0.00516	0.00758	0.00879	0.00425	0.01152	0.00667	0.01759	0.00546	0.00637	0.00425	0.00364	0.00243	0.00121	0.00303	0.00212	0.00243	0.00425
5	0.01065	0.83010	0.02016	0.00685	0.01015	0.04938	0.00674	0.01190	0.00809	0.00924	0.00548	0.00632	0.00503	0.00338	0.00256	0.00085	0.00431	0.00211	0.00169	0.00501
6	0.01543	0.00934	0.01066	0.00823	0.01126	0.00978	0.00680	0.53329	0.01575	0.28867	0.01213	0.01186	0.02247	0.00496	0.00397	0.00120	0.00394	0.01949	0.00421	0.00655
7	0.00479	0.00351	0.00451	0.00525	0.00564	0.00322	0.00356	0.00556	0.00783	0.01031	0.05703	0.72414	0.12661	0.01182	0.00494	0.00154	0.00222	0.01062	0.00367	0.00322
8	0.01048	0.86458	0.02054	0.00671	0.01006	0.01551	0.00671	0.01174	0.00797	0.00922	0.00545	0.00629	0.00503	0.00335	0.00252	0.00084	0.00419	0.00210	0.00168	0.00503
9	0.00970	0.00931	0.01591	0.02406	0.83777	0.00931	0.01203	0.01203	0.00893	0.01281	0.00737	0.00970	0.00621	0.00349	0.00388	0.00116	0.00466	0.00349	0.00194	0.00621
10	0.00767	0.00411	0.00415	0.00402	0.00506	0.00420	0.00305	0.03783	0.04277	0.01504	0.01280	0.01444	0.01001	0.00460	0.00283	0.00094	0.00197	0.00368	0.81696	0.00386
11	0.29574	0.00708	0.00810	0.00645	0.00929	0.00690	0.00532	0.03800	0.00996	0.55645	0.01211	0.01102	0.00788	0.00446	0.00346	0.00121	0.00327	0.00335	0.00405	0.00590
12	0.00740	0.00697	0.01176	0.85280	0.02700	0.00871	0.01089	0.01002	0.00784	0.01002	0.00697	0.01045	0.00523	0.00392	0.00392	0.00131	0.00523	0.00348	0.00174	0.00436
13	0.00800	0.01653	0.61120	0.02849	0.02738	0.00854	0.03028	0.05999	0.02772	0.01321	0.05888	0.07437	0.00881	0.00472	0.00392	0.00127	0.00513	0.00391	0.00217	0.00549
14	0.00481	0.00366	0.00444	0.00504	0.00568	0.00330	0.00355	0.00566	0.00808	0.01030	0.02785	0.53134	0.30695	0.01139	0.00490	0.00151	0.00224	0.05242	0.00364	0.00325
15	0.82324	0.00771	0.00653	0.00659	0.07046	0.00883	0.00484	0.01156	0.00684	0.01723	0.00560	0.00662	0.00439	0.00363	0.00254	0.00121	0.00316	0.00223	0.00239	0.00439
16	0.00504	0.00383	0.00447	0.00484	0.00556	0.00348	0.00345	0.00588	0.00802	0.01014	0.04084	0.28946	0.35517	0.14793	0.00730	0.00185	0.00254	0.09361	0.00344	0.00316
17	0.00912	0.00898	0.03565	0.20711	0.28219	0.05352	0.06495	0.06493	0.07386	0.01294	0.06805	0.01188	0.00878	0.00587	0.05759	0.00156	0.02153	0.00388	0.00236	0.00526
18	0.86890	0.00766	0.00591	0.00525	0.00769	0.00888	0.00432	0.03105	0.00695	0.01776	0.00555	0.00644	0.00430	0.00366	0.00246	0.00121	0.00306	0.00216	0.00246	0.00430
19	0.01298	0.04979	0.01046	0.00908	0.01105	0.67517	0.00688	0.01426	0.03026	0.01001	0.03124	0.01132	0.10176	0.00482	0.00366	0.00105	0.00614	0.00333	0.00230	0.00444
20	0.00677	0.00531	0.00656	0.00735	0.00830	0.05338	0.00633	0.00850	0.00911	0.01157	0.01992	0.06020	0.02162	0.01047	0.00530	0.00175	0.00378	0.74661	0.00352	0.00365
21	0.00514	0.00435	0.00460	0.01771	0.00605	0.03256	0.00356	0.00605	0.00844	0.01031	0.03075	0.31661	0.47822	0.02970	0.00508	0.00147	0.00239	0.03017	0.00353	0.00331
22	0.55499	0.00723	0.00704	0.00585	0.00851	0.00763	0.00483	0.01443	0.00842	0.33353	0.00930	0.00905	0.00634	0.00410	0.00301	0.00121	0.00315	0.00282	0.00336	0.00518
23	0.00932	0.00895	0.01520	0.10803	0.65095	0.00896	0.04872	0.01168	0.00877	0.01250	0.00733	0.00970	0.00606	0.00348	0.00384	0.00114	0.00467	0.00345	0.00195	0.07531
24	0.00874	0.01808	0.68227	0.01041	0.01551	0.03582	0.01280	0.04442	0.01787	0.05267	0.04106	0.00957	0.00673	0.00403	0.00375	0.00122	0.00539	0.00316	0.02079	0.00570
25	0.00566	0.00405	0.00548	0.00625	0.00686	0.00394	0.00486	0.02008	0.00858	0.01137	0.07399	0.43874	0.02488	0.01125	0.00514	0.00165	0.00286	0.35724	0.00368	0.00346
26	0.00841	0.09294	0.73869	0.01069	0.01614	0.02689	0.01351	0.01255	0.00836	0.02710	0.00703	0.00817	0.00506	0.00372	0.00362	0.00120	0.00564	0.00284	0.00172	0.00572
27	0.01063	0.00952	0.08241	0.07417	0.29477	0.01964	0.04119	0.12389	0.08948	0.11276	0.02743	0.05794	0.01968	0.00478	0.00402	0.00124	0.00432	0.01342	0.00290	0.00582
28	0.00556	0.00384	0.00480	0.00492	0.00513	0.00396	0.00316	0.00596	0.00612	0.00830	0.01348	0.13288	0.02824	0.52503	0.21037	0.02184	0.00512	0.00606	0.00248	0.00275
29	0.00575	0.00416	0.00475	0.00467	0.00582	0.00377	0.00348	0.00741	0.04182	0.04281	0.25113	0.13870	0.39768	0.00900	0.00451	0.00130	0.00207	0.00772	0.05979	0.00366
30	0.04429	0.13554	0.04677	0.09515	0.05673	0.36596	0.11326	0.01377	0.00969	0.06361	0.00736	0.00865	0.01473	0.00390	0.00359	0.00110	0.00580	0.00304	0.00213	0.00494
31	0.02465	0.06092	0.24030	0.03905	0.02282	0.11293	0.06338	0.20708	0.06084	0.08816	0.00919	0.03723	0.00699	0.00443	0.00381	0.00120	0.00500	0.00354	0.00277	0.00572
32	0.04545	0.09823	0.07223	0.01953	0.04027	0.16186	0.08203	0.03782	0.02444	0.04698	0.01378	0.01524	0.15981	0.02790	0.04974	0.00152	0.05325	0.01621	0.00251	0.03119
33	0.00948	0.13078	0.03976	0.06383	0.04546	0.09496	0.03117	0.05563	0.02460	0.04489	0.01921	0.07338	0.03900	0.02516	0.00389	0.00105	0.00399	0.01075	0.00251	0.28050
34	0.03172	0.13746	0.23091	0.02117	0.03497	0.03591	0.10944	0.02058	0.02734	0.01196	0.06741	0.09819	0.08406	0.01381	0.00419	0.00123	0.01981	0.00463	0.00241	0.04281
35	0.04802	0.16324	0.16283	0.00850	0.01167	0.04608	0.07344	0.06116	0.00906	0.08972	0.02790	0.03841	0.00746	0.01398	0.00437	0.00113	0.07134	0.00338	0.03277	0.12555
36	0.00956	0.03121	0.07900	0.00828	0.06283	0.00644	0.04809	0.07710	0.05297	0.15649	0.09036	0.13137	0.03303	0.01956	0.00627	0.15106	0.00358	0.00510	0.00316	0.02453

[dist]
# distance from previous block
# <min> <max>
3	19

[block]
# block no. 8 follows, 69 sequences, length 9
# corresponding to MSA columns:
# 319-327
name=unknown_I
#
# <colnr> <probs for GDERKNQSTAVLIFYWHMCP>
#	G	D	E	R	K	N	Q	S	T	A	V	L	I	F	Y	W	H	M	C	P
0	0.01975	0.07724	0.05679	0.20471	0.17512	0.07983	0.08313	0.02520	0.04677	0.01193	0.05749	0.01321	0.04329	0.00518	0.02585	0.00133	0.00488	0.03273	0.00229	0.03328
1	0.00559	0.00398	0.00494	0.00537	0.00604	0.00376	0.00385	0.00687	0.03961	0.03343	0.07180	0.44092	0.16835	0.09308	0.00634	0.00174	0.00255	0.09476	0.00360	0.00342
2	0.02954	0.00829	0.01018	0.04830	0.14986	0.02870	0.00681	0.10513	0.11117	0.05603	0.00879	0.00964	0.00685	0.00370	0.00342	0.00093	0.00362	0.00305	0.00274	0.40325
3	0.00897	0.01090	0.12002	0.00925	0.05792	0.22696	0.02637	0.03796	0.04002	0.01144	0.02685	0.25043	0.03452	0.00732	0.00454	0.00135	0.02736	0.09059	0.00279	0.00443
4	0.00813	0.00697	0.00813	0.00581	0.00929	0.00523	0.00465	0.00987	0.00813	0.01277	0.00697	0.00813	0.00581	0.00290	0.00290	0.00058	0.00290	0.00232	0.00232	0.88619
5	0.00529	0.00375	0.00495	0.00556	0.00591	0.00368	0.00392	0.00612	0.00743	0.00995	0.05031	0.46829	0.02219	0.17641	0.08179	0.00245	0.00348	0.13210	0.00328	0.00314
6	0.03382	0.04135	0.03472	0.20297	0.16662	0.00873	0.08303	0.09354	0.07743	0.03199	0.01075	0.08657	0.02121	0.00598	0.03083	0.00146	0.01643	0.04488	0.00259	0.00510
7	0.11486	0.01278	0.01049	0.02704	0.12956	0.39430	0.00748	0.04170	0.06470	0.05684	0.00838	0.01051	0.00694	0.00519	0.03071	0.00130	0.00550	0.04352	0.00249	0.02572
8	0.00989	0.00889	0.01299	0.03555	0.20992	0.04849	0.14393	0.07456	0.04845	0.05050	0.02418	0.01048	0.00721	0.02423	0.00462	0.02028	0.02655	0.00352	0.00247	0.23330

[dist]
# distance from previous block
# <min> <max>
1	8

[block]
# block no. 9 follows, 69 sequences, length 19
# corresponding to MSA columns:
# 336-354
name=unknown_J
#
# <colnr> <probs for GDERKNQSTAVLIFYWHMCP>
#	G	D	E	R	K	N	Q	S	T	A	V	L	I	F	Y	W	H	M	C	P
0	0.00867	0.08658	0.03648	0.02832	0.07873	0.03023	0.03892	0.07830	0.08711	0.05853	0.17796	0.12932	0.04208	0.02789	0.00458	0.00133	0.00348	0.05381	0.00329	0.02441
1	0.00731	0.02129	0.03442	0.00821	0.03786	0.00554	0.15556	0.00914	0.02268	0.07974	0.10150	0.24246	0.17879	0.01803	0.00473	0.00138	0.00338	0.03508	0.00330	0.02960
2	0.06520	0.00872	0.07443	0.03864	0.15460	0.00768	0.10096	0.04559	0.00991	0.37068	0.01114	0.02393	0.00788	0.00537	0.03732	0.00144	0.02346	0.00383	0.00331	0.00592
3	0.00564	0.00384	0.00458	0.00463	0.00474	0.00393	0.00281	0.00588	0.00588	0.00794	0.01256	0.06717	0.01421	0.69799	0.13872	0.00405	0.00469	0.00576	0.00240	0.00258
4	0.07454	0.00951	0.01058	0.00823	0.01113	0.01026	0.02601	0.55602	0.03210	0.13613	0.03056	0.01066	0.00795	0.00471	0.00379	0.00118	0.00392	0.00363	0.05289	0.00622
5	0.00570	0.00380	0.00428	0.00428	0.00428	0.00380	0.00238	0.00570	0.00570	0.00760	0.01235	0.02566	0.01425	0.86222	0.01995	0.00380	0.00380	0.00570	0.00238	0.00238
6	0.09264	0.00792	0.00936	0.00731	0.01021	0.00789	0.00601	0.24730	0.03812	0.48059	0.01278	0.01170	0.00844	0.00471	0.00376	0.00120	0.00353	0.00367	0.03652	0.00633
7	0.11251	0.00842	0.01035	0.00787	0.01080	0.00840	0.06769	0.20950	0.01063	0.09186	0.00806	0.00895	0.00614	0.00403	0.00430	0.00102	0.08754	0.00303	0.00287	0.33604
8	0.00562	0.00382	0.00442	0.00445	0.00456	0.00384	0.00262	0.00578	0.00594	0.00791	0.01367	0.05398	0.04844	0.73847	0.07767	0.00380	0.00415	0.00589	0.00245	0.00252
9	0.00729	0.07149	0.05122	0.00715	0.02677	0.04112	0.04499	0.03296	0.00883	0.04972	0.08748	0.30373	0.17979	0.00845	0.00497	0.00136	0.05818	0.00722	0.00320	0.00409
10	0.08934	0.00981	0.01037	0.00831	0.01115	0.01092	0.00677	0.50766	0.22441	0.06403	0.01105	0.01068	0.00797	0.00478	0.00381	0.00122	0.00384	0.00366	0.00386	0.00634
11	0.05228	0.00880	0.01143	0.00909	0.01175	0.07618	0.15942	0.10134	0.15303	0.22545	0.03940	0.01404	0.04781	0.00632	0.05149	0.00153	0.00460	0.01698	0.00348	0.00557
12	0.00531	0.00400	0.00494	0.00505	0.00593	0.00370	0.00372	0.00695	0.03428	0.01296	0.38941	0.24482	0.20802	0.00958	0.00474	0.00137	0.00211	0.04558	0.00395	0.00355
13	0.03772	0.03066	0.03075	0.24958	0.26147	0.05137	0.17891	0.03686	0.02187	0.01230	0.00737	0.00974	0.00579	0.00364	0.00390	0.00120	0.00518	0.00355	0.00201	0.04610
14	0.07678	0.02220	0.07409	0.13026	0.17601	0.04777	0.07558	0.15863	0.06839	0.03522	0.00953	0.03750	0.01832	0.00463	0.00408	0.00126	0.02183	0.02985	0.00263	0.00544
15	0.04604	0.00800	0.01017	0.00894	0.03676	0.08549	0.10404	0.09124	0.02792	0.04763	0.04939	0.04912	0.05526	0.05557	0.19251	0.00255	0.11772	0.00453	0.00264	0.00447
16	0.00678	0.00552	0.00781	0.05961	0.16773	0.00551	0.00611	0.06565	0.00917	0.01223	0.07718	0.33866	0.13189	0.00880	0.00461	0.00142	0.00311	0.08078	0.00326	0.00418
17	0.02106	0.05168	0.15468	0.01204	0.18243	0.04791	0.05097	0.06046	0.06367	0.16966	0.01049	0.02465	0.02712	0.00457	0.00430	0.00121	0.04830	0.01886	0.00279	0.04315
18	0.02306	0.09659	0.05099	0.05580	0.31857	0.08643	0.04409	0.09361	0.03111	0.04166	0.02858	0.01930	0.00759	0.00481	0.02395	0.00128	0.01871	0.02411	0.00239	0.02737

[dist]
# distance from previous block
# <min> <max>
0	20

[block]
# block no. 10 follows, 69 sequences, length 33
# corresponding to MSA columns:
# 375-407
name=unknown_K
#
# <colnr> <probs for GDERKNQSTAVLIFYWHMCP>
#	G	D	E	R	K	N	Q	S	T	A	V	L	I	F	Y	W	H	M	C	P
0	0.03088	0.00639	0.04742	0.00749	0.04084	0.04374	0.05286	0.02170	0.02817	0.05659	0.05653	0.26058	0.04815	0.08745	0.13820	0.01195	0.01327	0.01897	0.02484	0.00398
1	0.01152	0.32912	0.01489	0.00869	0.03877	0.06974	0.04901	0.18844	0.15907	0.03362	0.00881	0.00919	0.00692	0.00408	0.00336	0.00105	0.00426	0.00310	0.01254	0.04383
2	0.00890	0.23733	0.31275	0.00883	0.03719	0.01785	0.02975	0.02642	0.02987	0.05488	0.04744	0.05583	0.07025	0.00480	0.00359	0.00113	0.00438	0.00384	0.00235	0.04260
3	0.02112	0.06288	0.16395	0.08133	0.11339	0.04787	0.06071	0.07403	0.06076	0.08182	0.07465	0.01288	0.00963	0.01978	0.02549	0.00139	0.02444	0.03015	0.01466	0.01907
4	0.00804	0.05076	0.22054	0.00874	0.01163	0.02032	0.09370	0.03534	0.18418	0.01289	0.06152	0.04011	0.12767	0.05627	0.00537	0.00144	0.03711	0.01658	0.00282	0.00496
5	0.00822	0.00762	0.01191	0.29478	0.27296	0.02493	0.04070	0.01111	0.07318	0.01960	0.06324	0.06180	0.04542	0.00513	0.00426	0.00129	0.01796	0.02850	0.00243	0.00496
6	0.03326	0.00776	0.02497	0.39108	0.08557	0.00810	0.08605	0.04052	0.02226	0.13797	0.00902	0.01159	0.00679	0.00413	0.00390	0.00122	0.00463	0.02940	0.00250	0.08929
7	0.03650	0.00869	0.09448	0.10136	0.03556	0.04245	0.04796	0.15659	0.01030	0.09756	0.06035	0.02972	0.04167	0.12297	0.01302	0.01157	0.00424	0.04440	0.03581	0.00479
8	0.00620	0.00414	0.00534	0.00572	0.00661	0.00386	0.00445	0.00732	0.00862	0.06276	0.07652	0.25282	0.20038	0.03335	0.00580	0.03877	0.00277	0.26742	0.00363	0.00352
