[name]
unknown

[dist]
# distance from previous block
# <min> <max>
0	192

[block]
# block no. 0 follows, 55 sequences, length 11
# corresponding to MSA columns:
# 287-297
name=unknown_A
#
# <colnr> <probs for GDERKNQSTAVLIFYWHMCP>
#	G	D	E	R	K	N	Q	S	T	A	V	L	I	F	Y	W	H	M	C	P
0	0.00906	0.00850	0.03001	0.03225	0.16390	0.00824	0.09968	0.03196	0.15641	0.01599	0.14853	0.08039	0.18003	0.00773	0.00515	0.00153	0.00411	0.00698	0.00381	0.00575
1	0.00965	0.00827	0.00965	0.00689	0.01102	0.00620	0.00551	0.01171	0.00965	0.01516	0.00827	0.00965	0.00689	0.00345	0.00345	0.00069	0.00345	0.00276	0.00276	0.86494
2	0.00808	0.00404	0.00606	0.00606	0.00606	0.00404	0.00404	0.00606	0.00606	0.00808	0.00808	0.01414	0.00808	0.01616	0.01818	0.86465	0.00404	0.00404	0.00202	0.00202
3	0.00665	0.00496	0.00734	0.00734	0.00812	0.00574	0.00564	0.00822	0.00744	0.01070	0.01259	0.01897	0.01193	0.08076	0.77261	0.00731	0.01201	0.00509	0.00251	0.00408
4	0.00608	0.00434	0.00585	0.00685	0.00733	0.00412	0.00495	0.00722	0.00949	0.01264	0.06682	0.63784	0.03068	0.01397	0.00601	0.00192	0.00298	0.16265	0.00435	0.00391
5	0.01133	0.04756	0.01593	0.39587	0.07079	0.14882	0.11484	0.05538	0.04038	0.01359	0.01002	0.01265	0.03299	0.00486	0.00464	0.00145	0.00642	0.00428	0.00248	0.00571
6	0.05968	0.15210	0.09843	0.00952	0.05623	0.00956	0.04112	0.05072	0.06887	0.01570	0.15029	0.06096	0.12430	0.00758	0.00475	0.00148	0.00418	0.07546	0.00356	0.00551
7	0.09139	0.14885	0.22994	0.00926	0.01312	0.01043	0.03058	0.04693	0.08207	0.03958	0.19777	0.01609	0.01589	0.00574	0.00432	0.00136	0.00457	0.00463	0.00332	0.04413
8	0.05270	0.06795	0.15702	0.05890	0.12482	0.15515	0.03152	0.12632	0.03247	0.05435	0.03758	0.01227	0.03076	0.00504	0.00437	0.00135	0.00580	0.00399	0.00298	0.03465
9	0.01223	0.08479	0.05317	0.12812	0.11027	0.07400	0.02642	0.12535	0.11862	0.06227	0.04674	0.07336	0.01143	0.00582	0.00455	0.00140	0.00506	0.00488	0.00339	0.04814
10	0.03711	0.01406	0.20700	0.01279	0.08804	0.01109	0.08394	0.26140	0.04848	0.02001	0.05396	0.01319	0.03072	0.00517	0.00457	0.00138	0.00533	0.00436	0.00335	0.09406

[dist]
# distance from previous block
# <min> <max>
2	16

[block]
# block no. 1 follows, 55 sequences, length 8
# corresponding to MSA columns:
# 314-321
name=unknown_B
#
# <colnr> <probs for GDERKNQSTAVLIFYWHMCP>
#	G	D	E	R	K	N	Q	S	T	A	V	L	I	F	Y	W	H	M	C	P
0	0.07875	0.03293	0.11208	0.04672	0.16557	0.03475	0.13531	0.02721	0.05581	0.03246	0.01068	0.01534	0.00927	0.09374	0.02420	0.00192	0.03313	0.04017	0.00272	0.04723
1	0.01012	0.05894	0.05905	0.03932	0.05038	0.03049	0.08703	0.04541	0.03356	0.09008	0.14184	0.07533	0.16842	0.00736	0.00488	0.00142	0.00420	0.00642	0.00375	0.08200
2	0.05370	0.05401	0.22516	0.01485	0.10115	0.04035	0.22039	0.04715	0.02997	0.01527	0.00984	0.06328	0.00827	0.00508	0.00506	0.00145	0.03883	0.00464	0.00255	0.05899
3	0.00844	0.03882	0.14257	0.00992	0.07142	0.00748	0.03938	0.04373	0.02859	0.01429	0.06979	0.12026	0.13561	0.08257	0.03136	0.00197	0.00459	0.07388	0.00338	0.07196
4	0.00738	0.00694	0.04660	0.00623	0.00885	0.00516	0.00511	0.00919	0.01038	0.01433	0.12127	0.09203	0.31372	0.00826	0.00471	0.00125	0.00299	0.00698	0.00372	0.32490
5	0.01030	0.06798	0.30182	0.06842	0.13279	0.03000	0.05912	0.05391	0.07209	0.01539	0.07346	0.01384	0.01056	0.03164	0.03741	0.00177	0.00604	0.00438	0.00271	0.00636
6	0.00611	0.00449	0.00559	0.00591	0.00656	0.00432	0.00408	0.00710	0.00908	0.01205	0.11469	0.30343	0.18006	0.18473	0.12724	0.00312	0.00436	0.00948	0.00384	0.00374
7	0.00965	0.00827	0.00965	0.00689	0.01102	0.00620	0.00551	0.01171	0.00965	0.01516	0.00827	0.00965	0.00689	0.00345	0.00345	0.00069	0.00345	0.00276	0.00276	0.86494

[dist]
# distance from previous block
# <min> <max>
0	1

[block]
# block no. 2 follows, 55 sequences, length 15
# corresponding to MSA columns:
# 327-341
name=unknown_C
#
# <colnr> <probs for GDERKNQSTAVLIFYWHMCP>
#	G	D	E	R	K	N	Q	S	T	A	V	L	I	F	Y	W	H	M	C	P
0	0.02427	0.08394	0.23183	0.02441	0.07525	0.05039	0.07246	0.05592	0.14609	0.04508	0.01061	0.01204	0.00822	0.02730	0.00538	0.00148	0.04312	0.00401	0.00290	0.07530
1	0.05445	0.19764	0.07218	0.01049	0.01369	0.27370	0.03304	0.07484	0.02553	0.03630	0.00796	0.00924	0.00650	0.00487	0.00502	0.00126	0.08799	0.00323	0.00260	0.07945
2	0.01605	0.00949	0.01108	0.00891	0.01198	0.00982	0.00722	0.30460	0.11314	0.28497	0.08056	0.03415	0.02896	0.00730	0.03063	0.00164	0.00438	0.00516	0.02275	0.00720
3	0.00973	0.00835	0.00969	0.00701	0.01107	0.00645	0.00560	0.01231	0.04563	0.01536	0.00875	0.01000	0.00722	0.00358	0.00350	0.00073	0.00346	0.00287	0.00285	0.82586
4	0.04614	0.09546	0.18365	0.01308	0.08459	0.09948	0.10751	0.06115	0.04381	0.12500	0.01001	0.01106	0.00745	0.00478	0.00486	0.00138	0.04370	0.00386	0.00296	0.05007
5	0.01512	0.01233	0.02878	0.02817	0.05950	0.03746	0.03484	0.49352	0.15421	0.02439	0.03741	0.01337	0.01014	0.02297	0.00510	0.00150	0.00503	0.00455	0.00426	0.00736
6	0.00591	0.00433	0.00555	0.00608	0.00675	0.00397	0.00424	0.00717	0.01034	0.01392	0.25334	0.50664	0.12903	0.01277	0.00575	0.00173	0.00251	0.01142	0.00455	0.00397
7	0.02560	0.06298	0.15702	0.13351	0.12687	0.03295	0.05830	0.04924	0.04422	0.04890	0.11085	0.01584	0.04262	0.01880	0.00555	0.00152	0.05139	0.00480	0.00299	0.00605
8	0.01166	0.15529	0.13039	0.03774	0.07498	0.06690	0.03474	0.09166	0.10100	0.03672	0.03719	0.01434	0.06593	0.01782	0.00485	0.00137	0.02497	0.00431	0.00307	0.08508
9	0.00588	0.00456	0.00508	0.00531	0.00629	0.00407	0.00372	0.00684	0.00969	0.01214	0.07710	0.20710	0.43678	0.16308	0.00894	0.00218	0.00287	0.03055	0.00409	0.00373
10	0.03620	0.00678	0.00769	0.00714	0.00887	0.00701	0.00542	0.09242	0.16967	0.06856	0.17325	0.21021	0.08850	0.00904	0.00501	0.00155	0.00307	0.00777	0.08644	0.00541
11	0.01221	0.08464	0.14849	0.05819	0.18399	0.11722	0.02995	0.06458	0.10385	0.04717	0.04661	0.02930	0.00985	0.00531	0.00492	0.00142	0.03852	0.00430	0.00295	0.00652
12	0.00740	0.02268	0.00771	0.00714	0.00798	0.00606	0.02008	0.03791	0.00877	0.01212	0.05942	0.22627	0.01904	0.23103	0.20069	0.00377	0.05120	0.02415	0.00328	0.04331
13	0.00655	0.00526	0.04253	0.00678	0.00762	0.00437	0.00509	0.00776	0.00940	0.03679	0.05292	0.59991	0.07015	0.04224	0.00640	0.00192	0.00306	0.06595	0.02122	0.00409
14	0.04300	0.02200	0.01316	0.15895	0.06214	0.05052	0.09863	0.08225	0.09405	0.15225	0.04631	0.05378	0.06962	0.00615	0.00477	0.00149	0.00492	0.00537	0.02447	0.00617

[dist]
# distance from previous block
# <min> <max>
0	1

[block]
# block no. 3 follows, 55 sequences, length 16
# corresponding to MSA columns:
# 343-358
name=unknown_D
#
# <colnr> <probs for GDERKNQSTAVLIFYWHMCP>
#	G	D	E	R	K	N	Q	S	T	A	V	L	I	F	Y	W	H	M	C	P
0	0.01111	0.15419	0.24346	0.06246	0.32666	0.04438	0.06530	0.01443	0.01024	0.01400	0.00821	0.01035	0.00658	0.00423	0.00433	0.00136	0.00612	0.00371	0.00215	0.00673
1	0.00612	0.00459	0.00672	0.00720	0.00777	0.00461	0.03152	0.00726	0.00859	0.01169	0.02150	0.58350	0.02475	0.01974	0.22708	0.00340	0.00553	0.01072	0.00375	0.00397
2	0.71182	0.00941	0.03180	0.00674	0.00979	0.01017	0.00574	0.04521	0.00900	0.09157	0.00794	0.00878	0.00593	0.00527	0.02375	0.00159	0.00401	0.00287	0.00317	0.00544
3	0.00667	0.00455	0.00594	0.00660	0.00735	0.00421	0.00480	0.00789	0.00997	0.04802	0.10519	0.52016	0.11574	0.01313	0.00586	0.00183	0.00289	0.12064	0.00446	0.00411
4	0.01221	0.08928	0.10886	0.03289	0.04147	0.02893	0.04990	0.17167	0.30938	0.01892	0.04486	0.01428	0.01130	0.00673	0.03724	0.00169	0.00520	0.00459	0.00373	0.00688
5	0.04921	0.58693	0.06617	0.00903	0.01279	0.18509	0.00858	0.01494	0.01019	0.01167	0.00673	0.00780	0.00593	0.00419	0.00332	0.00108	0.00574	0.00265	0.00211	0.00586
6	0.00574	0.00460	0.00503	0.00516	0.00637	0.00399	0.00372	0.00691	0.01042	0.01299	0.13506	0.17052	0.53914	0.06116	0.00665	0.00178	0.00252	0.01002	0.00433	0.00389
7	0.00838	0.00843	0.06778	0.01332	0.21273	0.00753	0.03693	0.01143	0.08156	0.01440	0.08863	0.27906	0.09334	0.00914	0.00557	0.00163	0.02795	0.02317	0.00361	0.00544
8	0.00628	0.00456	0.00531	0.00538	0.00649	0.00411	0.00394	0.00786	0.01107	0.01510	0.29871	0.18364	0.30635	0.01075	0.00531	0.00153	0.00234	0.00931	0.10785	0.00411
9	0.00674	0.00457	0.00526	0.00531	0.00545	0.00458	0.00317	0.00695	0.00712	0.00945	0.01632	0.03138	0.05013	0.73262	0.05813	0.00443	0.00477	0.03772	0.00293	0.00298
10	0.01278	0.70379	0.03995	0.00926	0.03332	0.09332	0.02698	0.01442	0.00988	0.01127	0.00670	0.00783	0.00603	0.00407	0.00323	0.00105	0.00542	0.00267	0.00204	0.00598
11	0.00787	0.00580	0.00745	0.00764	0.00883	0.00583	0.02469	0.01138	0.15673	0.04908	0.05554	0.43182	0.06747	0.01177	0.00568	0.00181	0.00327	0.12811	0.00444	0.00480
12	0.01236	0.00991	0.02581	0.27834	0.11720	0.02922	0.05364	0.11317	0.09005	0.12559	0.01200	0.04915	0.00934	0.00627	0.02552	0.00167	0.02629	0.00479	0.00333	0.00638
13	0.04530	0.07807	0.12227	0.04581	0.09128	0.10576	0.07809	0.12194	0.06642	0.01608	0.01129	0.10206	0.01008	0.00606	0.00510	0.00147	0.04607	0.01665	0.00301	0.02720
14	0.04246	0.05311	0.02165	0.06257	0.03252	0.05964	0.06037	0.14688	0.01209	0.10263	0.01645	0.32560	0.01661	0.01904	0.00526	0.00162	0.00449	0.00757	0.00386	0.00559
15	0.02343	0.20500	0.09424	0.03366	0.09794	0.05104	0.03490	0.03819	0.00991	0.01364	0.01980	0.01099	0.03105	0.00514	0.00599	0.00131	0.15689	0.00362	0.00241	0.16085

[dist]
# distance from previous block
# <min> <max>
1	17

[block]
# block no. 4 follows, 55 sequences, length 31
# corresponding to MSA columns:
# 376-406
name=unknown_E
#
# <colnr> <probs for GDERKNQSTAVLIFYWHMCP>
#	G	D	E	R	K	N	Q	S	T	A	V	L	I	F	Y	W	H	M	C	P
0	0.10952	0.38718	0.05159	0.05408	0.12616	0.09022	0.04190	0.06545	0.01068	0.01428	0.00746	0.00894	0.00625	0.00427	0.00367	0.00122	0.00549	0.00313	0.00237	0.00614
1	0.00680	0.00496	0.00656	0.00657	0.00717	0.00542	0.00467	0.00829	0.04036	0.01064	0.01527	0.06909	0.03802	0.31548	0.43367	0.00569	0.00844	0.00623	0.00286	0.00379
2	0.00729	0.00516	0.00666	0.00697	0.00822	0.00495	0.00571	0.00936	0.02320	0.03830	0.20336	0.05990	0.18672	0.01251	0.04600	0.00207	0.00372	0.33842	0.02709	0.00437
3	0.00596	0.00465	0.00540	0.00537	0.00661	0.00410	0.00397	0.00750	0.01144	0.01494	0.35042	0.13109	0.40954	0.01119	0.00554	0.00156	0.00233	0.00964	0.00464	0.00410
4	0.00581	0.00455	0.00529	0.00565	0.00672	0.00402	0.00413	0.00706	0.01039	0.01319	0.13377	0.29334	0.41804	0.01245	0.00569	0.00169	0.00256	0.05727	0.00442	0.00396
5	0.24087	0.00802	0.00855	0.00707	0.00984	0.00826	0.00574	0.11665	0.03119	0.28485	0.01352	0.01346	0.00951	0.00529	0.00385	0.00135	0.00356	0.00397	0.21820	0.00625
6	0.01298	0.01102	0.03285	0.01000	0.01303	0.01203	0.03107	0.22451	0.52117	0.02170	0.01620	0.01540	0.01204	0.00597	0.00467	0.00151	0.00421	0.00490	0.03742	0.00735
7	0.45764	0.00817	0.00809	0.00683	0.00966	0.00863	0.00556	0.04792	0.01074	0.24401	0.11023	0.01377	0.01208	0.00546	0.00380	0.00143	0.00354	0.00400	0.03256	0.00587
8	0.02710	0.01038	0.01760	0.13017	0.60250	0.01066	0.04701	0.01387	0.02600	0.01482	0.00968	0.03756	0.00837	0.00473	0.00469	0.00145	0.00553	0.01865	0.00243	0.00682
9	0.01768	0.01303	0.01396	0.01070	0.01443	0.01443	0.00884	0.79197	0.02187	0.02932	0.01117	0.01117	0.00791	0.00558	0.00465	0.00140	0.00512	0.00419	0.00465	0.00791
10	0.09531	0.02689	0.27659	0.01006	0.03114	0.06407	0.00991	0.03143	0.11067	0.07023	0.04501	0.03907	0.02590	0.05925	0.00557	0.00159	0.00508	0.00443	0.00314	0.08465
11	0.01076	0.01024	0.01740	0.18629	0.62365	0.01064	0.01364	0.01351	0.01027	0.01442	0.00928	0.04199	0.00800	0.00463	0.00466	0.00143	0.00556	0.00448	0.00233	0.00680
12	0.01018	0.01018	0.01425	0.01221	0.01221	0.01425	0.01018	0.01120	0.00712	0.01120	0.00611	0.01018	0.00611	0.00814	0.01527	0.00204	0.82799	0.00407	0.00204	0.00509
13	0.09341	0.00555	0.00558	0.00548	0.00695	0.02448	0.00411	0.01024	0.01001	0.07458	0.02522	0.17111	0.23713	0.00876	0.00446	0.00143	0.00274	0.00729	0.29699	0.00448
14	0.01094	0.00975	0.04674	0.01200	0.01456	0.02629	0.23211	0.05873	0.01021	0.10428	0.01216	0.01571	0.03223	0.05775	0.21978	0.00330	0.11988	0.00506	0.00294	0.00559
15	0.01238	0.01276	0.03438	0.08012	0.48036	0.14409	0.01220	0.05753	0.05640	0.01508	0.00941	0.01213	0.00784	0.03916	0.00534	0.00151	0.00591	0.00411	0.00258	0.00671
16	0.03438	0.00924	0.01089	0.00858	0.01179	0.00930	0.00701	0.28156	0.04722	0.38093	0.04384	0.01500	0.01149	0.00579	0.00451	0.00139	0.00407	0.00459	0.10110	0.00731
17	0.05034	0.00838	0.00904	0.00774	0.00979	0.06000	0.00588	0.13731	0.04541	0.22221	0.05606	0.02124	0.01434	0.25929	0.04106	0.00261	0.00481	0.03482	0.00409	0.00559
18	0.00958	0.10696	0.08305	0.00920	0.03749	0.04254	0.03900	0.08300	0.06538	0.01619	0.22629	0.04677	0.08990	0.01007	0.08033	0.00201	0.00497	0.03811	0.00371	0.00545
19	0.01000	0.04486	0.61447	0.01346	0.04488	0.01071	0.07068	0.03820	0.01034	0.03796	0.00973	0.05635	0.00764	0.00501	0.00456	0.00148	0.00647	0.00419	0.00233	0.00671
20	0.00592	0.00441	0.00571	0.00646	0.00693	0.00424	0.00448	0.00687	0.00926	0.01227	0.06670	0.63116	0.12091	0.03350	0.00661	0.00191	0.03010	0.03444	0.00425	0.00386
21	0.01306	0.01378	0.01240	0.15202	0.09563	0.33313	0.00942	0.04971	0.05408	0.04025	0.04944	0.01773	0.04653	0.00623	0.00473	0.00144	0.00619	0.08552	0.00308	0.00562
22	0.02346	0.01155	0.06479	0.06615	0.24569	0.04895	0.09008	0.08527	0.13721	0.04836	0.01197	0.06397	0.00994	0.00659	0.03268	0.00171	0.03693	0.00496	0.00314	0.00662
23	0.00713	0.00564	0.00710	0.02241	0.00807	0.03026	0.00531	0.00819	0.00843	0.01141	0.06237	0.23572	0.02024	0.22070	0.19691	0.00379	0.07119	0.06794	0.00329	0.00388
24	0.00662	0.00463	0.00556	0.00588	0.00695	0.00410	0.00423	0.00777	0.01022	0.06021	0.09496	0.39213	0.33840	0.01251	0.00566	0.00171	0.00263	0.02724	0.00447	0.00414
25	0.01151	0.01105	0.01888	0.02855	0.80748	0.01105	0.01428	0.01428	0.01059	0.01520	0.00875	0.01151	0.00737	0.00415	0.00461	0.00138	0.00553	0.00415	0.00230	0.00737
26	0.01203	0.04271	0.05194	0.04301	0.06500	0.08570	0.14170	0.06322	0.07036	0.05453	0.00960	0.03517	0.00804	0.00620	0.00836	0.00165	0.28747	0.00453	0.00276	0.00603
27	0.01138	0.05727	0.35043	0.01457	0.11883	0.12434	0.06922	0.02859	0.10681	0.01480	0.01012	0.01146	0.02048	0.00489	0.00489	0.00144	0.03742	0.00393	0.00252	0.00660
28	0.00716	0.00536	0.00718	0.02218	0.00767	0.00612	0.00505	0.00792	0.00725	0.01011	0.01327	0.05130	0.01416	0.38200	0.29393	0.03034	0.09810	0.02463	0.00267	0.00362
29	0.21489	0.15813	0.05802	0.01234	0.12793	0.12845	0.05772	0.10623	0.01141	0.01687	0.00823	0.01004	0.00671	0.00456	0.00388	0.00130	0.00542	0.01609	0.01401	0.03778
30	0.01043	0.00926	0.07166	0.00890	0.03695	0.03796	0.00720	0.10765	0.11520	0.07000	0.17729	0.05043	0.10512	0.03396	0.06415	0.00202	0.04735	0.00618	0.03260	0.00567

[dist]
# distance from previous block
# <min> <max>
0	1

[block]
# block no. 5 follows, 55 sequences, length 25
# corresponding to MSA columns:
# 410-434
name=unknown_F
#
# <colnr> <probs for GDERKNQSTAVLIFYWHMCP>
#	G	D	E	R	K	N	Q	S	T	A	V	L	I	F	Y	W	H	M	C	P
0	0.00840	0.00689	0.00937	0.00816	0.01001	0.01989	0.09638	0.08519	0.02733	0.02825	0.17177	0.17314	0.20016	0.04285	0.03176	0.00189	0.00396	0.04350	0.00411	0.02700
1	0.05691	0.00801	0.00936	0.00708	0.01067	0.00662	0.00565	0.04515	0.01069	0.12838	0.04320	0.05265	0.01030	0.00475	0.00384	0.00096	0.00348	0.00386	0.02368	0.56476
2	0.01060	0.03590	0.03352	0.03360	0.09740	0.04311	0.06947	0.10527	0.05404	0.03351	0.02528	0.04040	0.02926	0.06421	0.18645	0.00302	0.10104	0.00500	0.00299	0.02593
3	0.00750	0.00592	0.00770	0.00850	0.09181	0.00566	0.00572	0.05579	0.01216	0.01638	0.35295	0.07077	0.24051	0.01070	0.03513	0.00176	0.00330	0.05859	0.00439	0.00475
4	0.00966	0.02399	0.77984	0.01321	0.01990	0.04368	0.01685	0.01489	0.00996	0.01460	0.00830	0.00976	0.00590	0.00444	0.00441	0.00146	0.00694	0.00342	0.00198	0.00682
5	0.86937	0.00900	0.00684	0.00612	0.00900	0.01044	0.00504	0.01368	0.00792	0.02087	0.00648	0.00756	0.00504	0.00432	0.00288	0.00144	0.00360	0.00252	0.00288	0.00504
6	0.07903	0.00842	0.00877	0.04858	0.01097	0.13811	0.04357	0.01086	0.01031	0.01368	0.03365	0.25764	0.03897	0.01002	0.00529	0.00172	0.00451	0.22151	0.04987	0.00452
7	0.00814	0.03877	0.00751	0.00656	0.00803	0.04942	0.00495	0.04086	0.05467	0.03699	0.31815	0.13874	0.19577	0.04644	0.02265	0.00177	0.00329	0.00826	0.00440	0.00465
8	0.03259	0.01394	0.01429	0.01485	0.19844	0.18034	0.00984	0.32078	0.13215	0.02067	0.01083	0.01151	0.00826	0.00517	0.00452	0.00138	0.00565	0.00405	0.00361	0.00712
9	0.06842	0.04646	0.03763	0.01076	0.05601	0.14418	0.04101	0.16966	0.01380	0.24991	0.03261	0.01222	0.00912	0.00509	0.00435	0.00131	0.00519	0.00397	0.00392	0.08440
10	0.09936	0.01402	0.01344	0.05727	0.04027	0.26935	0.07213	0.13758	0.06775	0.16770	0.01095	0.01143	0.00795	0.00506	0.00441	0.00138	0.00600	0.00391	0.00357	0.00648
11	0.00982	0.12825	0.20095	0.01041	0.04413	0.00983	0.07069	0.06492	0.05641	0.03170	0.03721	0.07263	0.16270	0.00702	0.00472	0.00145	0.00478	0.03829	0.00324	0.04087
12	0.02530	0.01080	0.09827	0.00971	0.03054	0.06083	0.00810	0.16474	0.15310	0.03393	0.03923	0.22093	0.03255	0.00856	0.00529	0.00162	0.02120	0.06534	0.00401	0.00594
13	0.01167	0.00960	0.01347	0.24530	0.13570	0.05269	0.05754	0.08832	0.01143	0.10070	0.01250	0.05872	0.04194	0.03585	0.00534	0.00151	0.00525	0.00489	0.00311	0.10448
14	0.01031	0.00823	0.01277	0.22015	0.26916	0.00860	0.01004	0.02468	0.03987	0.09154	0.14443	0.05502	0.07269	0.00643	0.00490	0.00149	0.00457	0.00575	0.00340	0.00598
15	0.01166	0.03210	0.03349	0.26337	0.10430	0.00946	0.11338	0.01509	0.06293	0.16274	0.03192	0.03882	0.01153	0.00598	0.00495	0.00156	0.00537	0.08188	0.00334	0.00613
16	0.00976	0.00972	0.01773	0.28379	0.18500	0.01035	0.23232	0.01303	0.03484	0.01363	0.01126	0.06708	0.03082	0.00607	0.02443	0.00170	0.03478	0.00533	0.00250	0.00585
17	0.00948	0.00892	0.01508	0.54368	0.26204	0.01031	0.01294	0.01241	0.00959	0.01282	0.00864	0.01245	0.00684	0.00613	0.04841	0.00182	0.00634	0.00418	0.00216	0.00577
18	0.00889	0.00838	0.01415	0.79431	0.06223	0.01036	0.01297	0.01198	0.00935	0.01202	0.00829	0.01237	0.00625	0.00463	0.00465	0.00154	0.00618	0.00413	0.00208	0.00525
19	0.00659	0.00479	0.00618	0.00691	0.00759	0.00466	0.00500	0.04927	0.00992	0.01311	0.02575	0.59508	0.08284	0.01440	0.03559	0.00208	0.00338	0.11849	0.00427	0.00410
20	0.03498	0.01000	0.04238	0.01486	0.22367	0.06265	0.08915	0.01548	0.01118	0.24540	0.01501	0.16957	0.01323	0.00683	0.00493	0.00152	0.00494	0.02400	0.00375	0.00645
21	0.00978	0.00929	0.01589	0.49768	0.30707	0.01049	0.03399	0.01275	0.00985	0.01320	0.00893	0.01321	0.00721	0.00468	0.00471	0.00151	0.00595	0.02565	0.00222	0.00596
22	0.01058	0.01024	0.01574	0.41269	0.31373	0.05002	0.01291	0.03764	0.01021	0.01358	0.00834	0.01169	0.00667	0.00474	0.00534	0.00150	0.06200	0.00408	0.00225	0.00607
23	0.12006	0.00963	0.01064	0.02078	0.05496	0.06062	0.00716	0.12165	0.09741	0.26498	0.08936	0.04491	0.01338	0.00599	0.00447	0.00140	0.00420	0.00482	0.00440	0.05918
24	0.06775	0.01298	0.01310	0.24031	0.13394	0.25510	0.01016	0.05447	0.02986	0.01417	0.01011	0.01358	0.02678	0.00523	0.00444	0.00139	0.00614	0.04533	0.00266	0.05250

[dist]
# distance from previous block
# <min> <max>
6	19

[block]
# block no. 6 follows, 55 sequences, length 9
# corresponding to MSA columns:
# 459-467
name=unknown_G
#
# <colnr> <probs for GDERKNQSTAVLIFYWHMCP>
#	G	D	E	R	K	N	Q	S	T	A	V	L	I	F	Y	W	H	M	C	P
0	0.01452	0.05794	0.12699	0.03002	0.05512	0.03845	0.02927	0.12225	0.05677	0.25575	0.02834	0.03429	0.01027	0.00544	0.00449	0.00136	0.00485	0.01740	0.00392	0.10257
1	0.01495	0.12093	0.20195	0.01155	0.01544	0.37814	0.01076	0.16413	0.01359	0.01553	0.00813	0.00914	0.00633	0.00476	0.00419	0.00128	0.00700	0.00326	0.00267	0.00629
2	0.09804	0.09710	0.01347	0.00944	0.01293	0.01313	0.00789	0.47257	0.07849	0.10787	0.01172	0.01160	0.00843	0.00537	0.00428	0.00137	0.00464	0.00399	0.03040	0.00729
3	0.00808	0.00404	0.00606	0.00606	0.00606	0.00404	0.00404	0.00606	0.00606	0.00808	0.00808	0.01414	0.00808	0.01616	0.01818	0.86465	0.00404	0.00404	0.00202	0.00202
4	0.00664	0.00477	0.00615	0.00601	0.00704	0.00478	0.00452	0.00838	0.01023	0.01447	0.30703	0.02910	0.15148	0.06183	0.27126	0.00357	0.00569	0.00704	0.08585	0.00415
5	0.00788	0.00584	0.00781	0.06751	0.01070	0.00601	0.00690	0.07946	0.01107	0.01450	0.02342	0.27991	0.05586	0.01207	0.00595	0.00193	0.00395	0.39053	0.00417	0.00451
6	0.00682	0.00463	0.00498	0.00499	0.00630	0.00421	0.00381	0.00853	0.01072	0.01512	0.14839	0.03476	0.38587	0.00942	0.00482	0.00143	0.00239	0.05336	0.28532	0.00415
7	0.05645	0.56462	0.08726	0.00883	0.01258	0.01604	0.00875	0.03941	0.00985	0.06739	0.00756	0.00862	0.00637	0.00461	0.00446	0.00120	0.08458	0.00293	0.00238	0.00611
8	0.01045	0.00757	0.00839	0.00754	0.00927	0.00845	0.00587	0.11545	0.21850	0.01824	0.01573	0.10300	0.01334	0.00685	0.00522	0.00142	0.07866	0.00544	0.32957	0.03105

[dist]
# distance from previous block
# <min> <max>
1	8

[block]
# block no. 7 follows, 55 sequences, length 26
# corresponding to MSA columns:
# 478-503
name=unknown_H
#
# <colnr> <probs for GDERKNQSTAVLIFYWHMCP>
#	G	D	E	R	K	N	Q	S	T	A	V	L	I	F	Y	W	H	M	C	P
0	0.47660	0.06482	0.01062	0.02734	0.02746	0.26219	0.00698	0.04996	0.01036	0.01737	0.00699	0.00816	0.00559	0.00451	0.00345	0.00134	0.00534	0.00281	0.00272	0.00538
1	0.00644	0.00491	0.00547	0.00533	0.00675	0.00433	0.00396	0.00812	0.02986	0.03881	0.23443	0.08116	0.50402	0.03820	0.00607	0.00165	0.00249	0.00927	0.00453	0.00420
2	0.00739	0.04883	0.00685	0.00585	0.00658	0.00578	0.00411	0.00859	0.02426	0.01230	0.14469	0.02799	0.06556	0.40127	0.07041	0.00330	0.03519	0.02291	0.09439	0.00376
3	0.00613	0.00468	0.00559	0.00554	0.00670	0.00419	0.00410	0.00776	0.01161	0.01544	0.41656	0.11342	0.32039	0.03158	0.00601	0.00163	0.00241	0.02744	0.00468	0.00412
4	0.01359	0.01542	0.01378	0.01205	0.01324	0.35715	0.00961	0.04951	0.01037	0.01209	0.00680	0.00946	0.00614	0.00660	0.01006	0.00165	0.44120	0.00362	0.00231	0.00535
5	0.00611	0.00472	0.00552	0.00584	0.00696	0.00426	0.00443	0.00744	0.01039	0.01315	0.12302	0.15912	0.40603	0.07143	0.00704	0.00192	0.00290	0.15148	0.00430	0.00394
6	0.00595	0.00427	0.00571	0.00676	0.00718	0.00403	0.00479	0.00697	0.00923	0.01221	0.02600	0.69396	0.04876	0.01424	0.00600	0.00192	0.00294	0.13093	0.00431	0.00386
7	0.01268	0.01054	0.01114	0.00969	0.01252	0.01209	0.00763	0.16403	0.65796	0.02125	0.01752	0.01623	0.01306	0.00618	0.00472	0.00154	0.00394	0.00507	0.00472	0.00746
8	0.03765	0.10030	0.27983	0.04542	0.11257	0.01072	0.08949	0.01412	0.02404	0.03336	0.00860	0.01033	0.00668	0.00424	0.00442	0.00127	0.02431	0.00356	0.00239	0.18671
9	0.02737	0.12155	0.29757	0.02469	0.09866	0.14057	0.08778	0.04332	0.04288	0.02687	0.00872	0.01017	0.00671	0.00445	0.00429	0.00134	0.00639	0.00360	0.00243	0.04066
10	0.00919	0.00868	0.01468	0.70863	0.14562	0.01044	0.01312	0.01224	0.00949	0.01237	0.00834	0.01227	0.00637	0.00458	0.00464	0.00153	0.00610	0.00414	0.00210	0.00549
11	0.00879	0.00827	0.01395	0.82532	0.03204	0.01034	0.01292	0.01189	0.00930	0.01189	0.00827	0.01240	0.00620	0.00465	0.00465	0.00155	0.00620	0.00413	0.00207	0.00517
12	0.01120	0.08245	0.23201	0.02618	0.12340	0.03052	0.12948	0.06300	0.08750	0.04728	0.02375	0.03833	0.00944	0.00666	0.04439	0.00176	0.01611	0.01716	0.00286	0.00654
13	0.01088	0.17070	0.45383	0.01162	0.01691	0.01172	0.06009	0.04512	0.01054	0.06842	0.01137	0.01282	0.05389	0.00511	0.00459	0.00142	0.02450	0.01741	0.00254	0.00652
14	0.00596	0.00430	0.00570	0.00662	0.00711	0.00403	0.00469	0.00707	0.00955	0.01270	0.08824	0.63771	0.06430	0.01384	0.00595	0.00187	0.00285	0.10925	0.00438	0.00390
15	0.01646	0.08007	0.01440	0.01282	0.06775	0.68738	0.00930	0.01778	0.01260	0.01161	0.00722	0.00857	0.00609	0.00477	0.00439	0.00122	0.02661	0.00306	0.00235	0.00556
16	0.00567	0.00405	0.00540	0.00648	0.00675	0.00378	0.00432	0.00648	0.00891	0.01188	0.02564	0.83347	0.03077	0.01457	0.00594	0.00189	0.00270	0.01323	0.00432	0.00378
17	0.00933	0.02406	0.81240	0.01326	0.02014	0.01080	0.01719	0.01473	0.00982	0.01473	0.00835	0.00982	0.00589	0.00442	0.00442	0.00147	0.00688	0.00344	0.00196	0.00688
18	0.02742	0.01646	0.39588	0.01180	0.01646	0.01050	0.07315	0.16850	0.03065	0.01716	0.01080	0.05950	0.00883	0.00957	0.12014	0.00234	0.00701	0.00456	0.00283	0.00644
19	0.00581	0.00415	0.00556	0.00664	0.00697	0.00390	0.00456	0.00672	0.00904	0.01203	0.02556	0.77427	0.03047	0.01444	0.00597	0.00191	0.00282	0.07106	0.00432	0.00382
20	0.00716	0.00464	0.00691	0.00691	0.00743	0.00515	0.00511	0.00747	0.00695	0.00979	0.01096	0.01711	0.01050	0.04852	0.51312	0.31264	0.00926	0.00469	0.00233	0.00336
21	0.01348	0.06494	0.04840	0.00709	0.00968	0.00752	0.00607	0.10511	0.01228	0.25650	0.03830	0.05240	0.01241	0.00592	0.00407	0.00129	0.00350	0.00477	0.34024	0.00604
22	0.01090	0.06076	0.14288	0.07453	0.11331	0.00965	0.00964	0.05857	0.09497	0.03813	0.00982	0.01108	0.00765	0.00431	0.00405	0.00114	0.00470	0.00353	0.00288	0.33749
23	0.01201	0.08343	0.24776	0.01079	0.04715	0.02509	0.04170	0.07580	0.01138	0.12082	0.03441	0.02672	0.00880	0.00472	0.00420	0.00122	0.00508	0.00384	0.00306	0.23201
24	0.03910	0.04166	0.43145	0.01288	0.07274	0.05489	0.03605	0.05880	0.01070	0.05134	0.01050	0.01188	0.04086	0.00578	0.02615	0.00159	0.04741	0.00389	0.00253	0.03981
25	0.01093	0.29278	0.39686	0.01228	0.07087	0.01327	0.02699	0.01442	0.00975	0.03664	0.00796	0.00939	0.00625	0.00442	0.00444	0.00131	0.04296	0.00325	0.00214	0.03310

[dist]
# distance from previous block
# <min> <max>
6	26

[block]
# block no. 8 follows, 55 sequences, length 11
# corresponding to MSA columns:
# 570-579,582
name=unknown_I
#
# <colnr> <probs for GDERKNQSTAVLIFYWHMCP>
#	G	D	E	R	K	N	Q	S	T	A	V	L	I	F	Y	W	H	M	C	P
0	0.02653	0.10520	0.06334	0.00960	0.05027	0.07069	0.02623	0.11073	0.06029	0.05864	0.16422	0.05148	0.04585	0.04261	0.05780	0.00190	0.01516	0.00544	0.00363	0.03039
1	0.03674	0.09596	0.18918	0.00992	0.01350	0.06858	0.04032	0.16598	0.05116	0.02980	0.03743	0.06877	0.10308	0.02779	0.00531	0.00151	0.02477	0.00523	0.00332	0.02163
2	0.02749	0.42028	0.19010	0.00980	0.01414	0.03847	0.03486	0.07794	0.01081	0.05169	0.00855	0.03269	0.00714	0.00468	0.00397	0.00122	0.02145	0.00340	0.00252	0.03881
3	0.05975	0.14311	0.12483	0.03298	0.01431	0.03558	0.08799	0.18505	0.03316	0.03696	0.04774	0.04788	0.09441	0.00603	0.00447	0.00139	0.00503	0.00495	0.00333	0.03104
4	0.03781	0.58842	0.06060	0.00850	0.01246	0.08608	0.00820	0.03851	0.01016	0.01249	0.00696	0.00801	0.00610	0.00408	0.00326	0.00103	0.00517	0.00266	0.00222	0.09730
5	0.01445	0.19018	0.10080	0.06805	0.01558	0.25715	0.00997	0.20280	0.01344	0.01600	0.00812	0.00942	0.00646	0.00500	0.00488	0.00132	0.06400	0.00338	0.00276	0.00624
6	0.00642	0.00535	0.00555	0.00548	0.00669	0.03657	0.00397	0.00773	0.01089	0.01377	0.24928	0.09438	0.42576	0.09873	0.00741	0.00186	0.00281	0.00907	0.00430	0.00398
7	0.00632	0.00432	0.00520	0.00564	0.00575	0.00422	0.00342	0.00665	0.00763	0.01017	0.01907	0.35318	0.02248	0.50617	0.01655	0.00346	0.00378	0.00936	0.00342	0.00320
8	0.01211	0.00756	0.00919	0.03555	0.01058	0.00786	0.00626	0.17150	0.06090	0.18318	0.01891	0.16244	0.07886	0.12220	0.06456	0.00239	0.02919	0.00679	0.00424	0.00570
9	0.73311	0.00905	0.00744	0.00659	0.00948	0.01037	0.00538	0.01533	0.09229	0.06269	0.00843	0.00904	0.00636	0.00461	0.00317	0.00145	0.00363	0.00293	0.00323	0.00544
10	0.00651	0.06330	0.00751	0.09315	0.00965	0.00559	0.00527	0.00772	0.00947	0.01215	0.05905	0.45257	0.19888	0.03980	0.00608	0.00179	0.00320	0.01033	0.00390	0.00411

[dist]
# distance from previous block
# <min> <max>
2	11

[block]
# block no. 9 follows, 55 sequences, length 8
# corresponding to MSA columns:
# 594-601
name=unknown_J
#
# <colnr> <probs for GDERKNQSTAVLIFYWHMCP>
#	G	D	E	R	K	N	Q	S	T	A	V	L	I	F	Y	W	H	M	C	P
0	0.00664	0.00479	0.00663	0.00676	0.00732	0.00526	0.00491	0.00778	0.00752	0.01051	0.01462	0.08785	0.01526	0.25965	0.49577	0.00598	0.00910	0.03710	0.00280	0.00375
1	0.01451	0.01179	0.01389	0.01121	0.01346	0.01421	0.00927	0.45474	0.05778	0.02192	0.00966	0.01112	0.00756	0.00659	0.00869	0.00165	0.31727	0.00420	0.00366	0.00681
2	0.01179	0.00994	0.01059	0.00951	0.01212	0.01140	0.00748	0.08230	0.69099	0.01987	0.01870	0.01906	0.01450	0.00666	0.00483	0.00160	0.00383	0.05292	0.00470	0.00721
3	0.01129	0.00871	0.02440	0.00990	0.03910	0.00872	0.07888	0.20345	0.06606	0.07161	0.15127	0.06280	0.08628	0.02953	0.00586	0.00165	0.01949	0.09101	0.02411	0.00589
4	0.04000	0.01056	0.01142	0.03239	0.01296	0.04289	0.00752	0.28396	0.18371	0.17336	0.01489	0.01437	0.03724	0.00568	0.00449	0.00137	0.00438	0.00447	0.02514	0.08920
5	0.01250	0.03306	0.08332	0.15400	0.05816	0.03578	0.02711	0.12873	0.07035	0.11398	0.01174	0.01368	0.02278	0.00537	0.00514	0.00139	0.05603	0.02660	0.00332	0.13695
6	0.01208	0.03966	0.03547	0.09309	0.11248	0.07199	0.04960	0.07777	0.05406	0.11692	0.02656	0.06344	0.01114	0.08949	0.02887	0.00184	0.00523	0.00495	0.01874	0.08662
7	0.02877	0.04672	0.02994	0.07991	0.05990	0.00903	0.03903	0.07694	0.08881	0.08292	0.10662	0.06480	0.04864	0.04709	0.04272	0.02475	0.06450	0.00561	0.02277	0.03053

[dist]
# distance from previous block
# <min> <max>
16	103

[block]
# block no. 10 follows, 55 sequences, length 16
# corresponding to MSA columns:
# 780-795
name=unknown_K
#
# <colnr> <probs for GDERKNQSTAVLIFYWHMCP>
#	G	D	E	R	K	N	Q	S	T	A	V	L	I	F	Y	W	H	M	C	P
0	0.03556	0.05898	0.04149	0.04345	0.07733	0.07702	0.00823	0.07969	0.24372	0.13962	0.05161	0.04241	0.04345	0.00701	0.02838	0.00163	0.00478	0.00503	0.00400	0.00660
1	0.01232	0.09837	0.13715	0.01127	0.07496	0.05142	0.04453	0.12176	0.10435	0.09268	0.05388	0.03971	0.03459	0.04247	0.00538	0.00153	0.00499	0.01757	0.00350	0.04757
2	0.01022	0.08412	0.11257	0.02135	0.06849	0.05429	0.04142	0.02926	0.01124	0.10170	0.13025	0.11427	0.15872	0.00786	0.00491	0.00147	0.00433	0.02053	0.00369	0.01929
3	0.01237	0.20909	0.12269	0.02508	0.07677	0.08039	0.04677	0.14486	0.03418	0.03001	0.01068	0.02988	0.03415	0.03015	0.02314	0.00155	0.03778	0.00409	0.00286	0.04351
4	0.03521	0.04752	0.00888	0.00737	0.00933	0.03145	0.00570	0.08731	0.12186	0.08513	0.17707	0.15534	0.09904	0.03545	0.00594	0.02489	0.00349	0.01765	0.00431	0.03706
5	0.03221	0.07368	0.17043	0.03585	0.15663	0.09547	0.13375	0.03043	0.08634	0.06100	0.02715	0.01289	0.03197	0.00500	0.00485	0.00143	0.02725	0.00433	0.00283	0.00650
6	0.05523	0.05420	0.12634	0.04611	0.21871	0.07136	0.12568	0.07793	0.01166	0.09605	0.03095	0.02998	0.00880	0.00545	0.02011	0.00153	0.00596	0.00438	0.00294	0.00661
7	0.00745	0.00501	0.00720	0.02767	0.03112	0.00521	0.01732	0.00769	0.02800	0.01033	0.01527	0.17666	0.06184	0.08395	0.12697	0.34947	0.02605	0.00659	0.00282	0.00336
8	0.00829	0.00766	0.03339	0.02899	0.24711	0.00714	0.03572	0.03120	0.01064	0.01443	0.13095	0.12080	0.19133	0.04227	0.06737	0.00209	0.00464	0.00726	0.00346	0.00527
9	0.02536	0.04896	0.06024	0.06900	0.17142	0.09242	0.05975	0.10534	0.08826	0.13419	0.03180	0.04628	0.01039	0.00560	0.00482	0.00145	0.01883	0.01577	0.00346	0.00667
10	0.03175	0.04123	0.05245	0.02965	0.01083	0.01899	0.05762	0.11516	0.03675	0.06028	0.04012	0.13307	0.10219	0.20444	0.00945	0.00226	0.00442	0.04066	0.00366	0.00502
11	0.00665	0.00450	0.00513	0.00517	0.00530	0.00444	0.00300	0.00684	0.00733	0.00976	0.05339	0.07460	0.04932	0.72170	0.02117	0.00411	0.00422	0.00731	0.00307	0.00299
12	0.01285	0.40511	0.19049	0.01037	0.01455	0.18674	0.03211	0.05123	0.01094	0.01285	0.00785	0.03083	0.00675	0.00461	0.00378	0.00120	0.00614	0.00325	0.00227	0.00608
13	0.02630	0.03033	0.07936	0.02937	0.13980	0.06193	0.07611	0.19610	0.01330	0.14132	0.02713	0.04560	0.00949	0.00638	0.02479	0.00162	0.07619	0.00463	0.00349	0.00674
14	0.03475	0.04390	0.03245	0.02128	0.06069	0.08376	0.03981	0.06918	0.06520	0.15632	0.12208	0.03078	0.04903	0.03859	0.00600	0.00155	0.05699	0.00522	0.07650	0.00592
15	0.00811	0.00512	0.00620	0.00597	0.00643	0.00528	0.00392	0.03985	0.06911	0.01124	0.04956	0.02267	0.01437	0.37968	0.01764	0.29220	0.00408	0.00558	0.04973	0.00326

[dist]
# distance from previous block
# <min> <max>
3	12

[block]
# block no. 11 follows, 55 sequences, length 22
# corresponding to MSA columns:
# 808-829
name=unknown_L
#
# <colnr> <probs for GDERKNQSTAVLIFYWHMCP>
#	G	D	E	R	K	N	Q	S	T	A	V	L	I	F	Y	W	H	M	C	P
0	0.03020	0.10640	0.01378	0.01035	0.03795	0.07418	0.02318	0.28498	0.18629	0.11313	0.01329	0.04655	0.01027	0.00638	0.02084	0.00153	0.00499	0.00458	0.00411	0.00703
1	0.01113	0.07876	0.07884	0.07941	0.03456	0.04751	0.02591	0.09653	0.05712	0.09759	0.08244	0.06027	0.13103	0.03876	0.01880	0.00163	0.00462	0.00574	0.00366	0.04568
2	0.05343	0.10640	0.24406	0.04137	0.10376	0.06250	0.14139	0.03601	0.04629	0.03443	0.04284	0.04761	0.00946	0.00509	0.00451	0.00143	0.00595	0.00447	0.00267	0.00632
3	0.00909	0.14191	0.11800	0.00933	0.01136	0.01017	0.03082	0.01094	0.00823	0.03058	0.01035	0.03694	0.00986	0.11316	0.25981	0.00374	0.17369	0.00464	0.00241	0.00498
4	0.00798	0.00526	0.03322	0.00684	0.00718	0.00520	0.00505	0.00703	0.00649	0.00893	0.00894	0.01524	0.00888	0.06428	0.12951	0.61184	0.05895	0.00431	0.00213	0.00272
5	0.03937	0.08159	0.08046	0.04383	0.06822	0.18787	0.05898	0.19039	0.02914	0.03608	0.01097	0.05187	0.03119	0.00554	0.00476	0.00137	0.03075	0.00434	0.00311	0.04017
6	0.00943	0.02793	0.06005	0.04353	0.08344	0.00739	0.02229	0.06579	0.08006	0.07415	0.04629	0.25903	0.14011	0.02610	0.00550	0.00165	0.00382	0.00795	0.03011	0.00541
7	0.00907	0.00850	0.01433	0.66034	0.14668	0.01019	0.01272	0.01204	0.00939	0.01232	0.00858	0.01260	0.00668	0.00627	0.05022	0.00186	0.00645	0.00418	0.00213	0.00544
8	0.00744	0.00529	0.00690	0.02210	0.00775	0.00543	0.02152	0.05432	0.02262	0.01207	0.05938	0.23074	0.01976	0.31129	0.11160	0.06922	0.00497	0.02046	0.00337	0.00378
9	0.01092	0.10637	0.13195	0.07722	0.16085	0.07612	0.08841	0.03019	0.01026	0.03743	0.01175	0.06597	0.05115	0.02169	0.02169	0.00165	0.08299	0.00486	0.00259	0.00595
10	0.00702	0.00460	0.00545	0.00557	0.00582	0.00454	0.00345	0.00735	0.00753	0.03169	0.01740	0.13444	0.03746	0.62647	0.03890	0.00397	0.00439	0.04754	0.00320	0.00322
11	0.00695	0.00472	0.00645	0.00668	0.00736	0.00489	0.00482	0.00803	0.00837	0.04272	0.04454	0.25623	0.05501	0.14197	0.33179	0.02994	0.00694	0.02526	0.00339	0.00394
12	0.01107	0.03667	0.07252	0.12054	0.34462	0.01077	0.05772	0.11693	0.03543	0.01614	0.01189	0.06052	0.04033	0.00657	0.03655	0.00169	0.00570	0.00494	0.00283	0.00655
13	0.00859	0.00666	0.03208	0.00757	0.00912	0.00627	0.01796	0.07064	0.10478	0.06065	0.08218	0.34850	0.11246	0.03119	0.01786	0.00187	0.00351	0.06877	0.00437	0.00498
14	0.00583	0.00427	0.00538	0.00620	0.00679	0.00392	0.00432	0.00685	0.00944	0.01242	0.04936	0.60714	0.17170	0.01362	0.00581	0.00181	0.00270	0.05379	0.02476	0.00386
15	0.01292	0.01399	0.01225	0.01088	0.01230	0.32247	0.00852	0.07931	0.03208	0.01290	0.00901	0.03667	0.00830	0.04459	0.10649	0.00240	0.26284	0.00420	0.00262	0.00526
16	0.00896	0.03009	0.04540	0.05065	0.09181	0.02598	0.00688	0.02355	0.09187	0.04571	0.07397	0.22975	0.07430	0.04957	0.00585	0.00169	0.00375	0.02728	0.10780	0.00514
17	0.01211	0.00873	0.02139	0.00924	0.06110	0.07277	0.02645	0.11643	0.02463	0.17133	0.07936	0.11725	0.16714	0.00810	0.00496	0.00149	0.00401	0.02504	0.06271	0.00578
18	0.02581	0.23162	0.03640	0.07674	0.08715	0.19543	0.03448	0.04303	0.02853	0.04669	0.00957	0.04034	0.00850	0.07264	0.00595	0.00155	0.02792	0.00403	0.01790	0.00572
19	0.06050	0.00879	0.02946	0.03546	0.07121	0.00763	0.00703	0.04414	0.02138	0.04724	0.01053	0.07411	0.00940	0.00512	0.00445	0.00109	0.03932	0.02389	0.00304	0.49620
20	0.05162	0.09232	0.10649	0.01303	0.06295	0.08626	0.14810	0.17952	0.03629	0.03142	0.02749	0.03164	0.02345	0.00547	0.00556	0.00146	0.08306	0.00443	0.00303	0.00639
21	0.01000	0.00864	0.04386	0.08368	0.03931	0.06489	0.05371	0.02980	0.04641	0.09836	0.16211	0.17268	0.06969	0.05320	0.00659	0.00173	0.03907	0.00719	0.00384	0.00524

[dist]
# distance from previous block
# <min> <max>
5	25

[block]
# block no. 12 follows, 55 sequences, length 16
# corresponding to MSA columns:
# 855-870
name=unknown_M
#
# <colnr> <probs for GDERKNQSTAVLIFYWHMCP>
#	G	D	E	R	K	N	Q	S	T	A	V	L	I	F	Y	W	H	M	C	P
0	0.00644	0.00456	0.00558	0.00583	0.00663	0.00426	0.00408	0.00757	0.00976	0.02990	0.16446	0.28994	0.20453	0.14770	0.05213	0.00245	0.00340	0.02490	0.02198	0.00389
1	0.01058	0.01332	0.20251	0.03450	0.11780	0.08489	0.01016	0.02668	0.20621	0.02555	0.02912	0.08904	0.03443	0.01894	0.00548	0.03504	0.00505	0.00524	0.02562	0.01983
2	0.04118	0.29498	0.12720	0.03850	0.04856	0.18531	0.08721	0.05042	0.03256	0.01365	0.00816	0.00976	0.00668	0.01543	0.00421	0.00129	0.00617	0.00339	0.01928	0.00605
3	0.00975	0.00796	0.00827	0.00765	0.00916	0.09727	0.00587	0.06626	0.06448	0.05331	0.07589	0.02246	0.11498	0.08667	0.25698	0.00356	0.02775	0.01943	0.05744	0.00487
4	0.00604	0.00432	0.00532	0.00592	0.00633	0.00407	0.00391	0.00676	0.00872	0.01146	0.05085	0.46412	0.12075	0.24174	0.01080	0.00257	0.00319	0.03562	0.00393	0.00357
5	0.00830	0.00731	0.05932	0.04319	0.07017	0.00652	0.04154	0.03040	0.06358	0.04470	0.07630	0.35220	0.04027	0.01185	0.05003	0.05175	0.00432	0.02956	0.00376	0.00490
6	0.03663	0.19444	0.05520	0.00760	0.00989	0.00914	0.00645	0.05791	0.04328	0.11663	0.01632	0.22206	0.03794	0.10251	0.00735	0.03879	0.00410	0.02494	0.00358	0.00524
7	0.01129	0.01103	0.01955	0.02662	0.67544	0.01092	0.11420	0.01418	0.01065	0.01511	0.00945	0.01324	0.00808	0.00445	0.00479	0.00144	0.00578	0.03429	0.00239	0.00711
8	0.00995	0.00807	0.01336	0.06223	0.07905	0.00842	0.15886	0.07061	0.01059	0.07148	0.06735	0.07548	0.01372	0.03193	0.24062	0.00335	0.03736	0.02892	0.00318	0.00544
9	0.03732	0.00943	0.01120	0.03003	0.01249	0.00969	0.00735	0.33339	0.01599	0.30979	0.05788	0.06275	0.01266	0.00743	0.03530	0.00167	0.00458	0.00512	0.02884	0.00710
10	0.03519	0.03722	0.01254	0.03232	0.01323	0.01156	0.01932	0.40801	0.02978	0.11292	0.01381	0.05101	0.01157	0.00698	0.00560	0.00156	0.06478	0.10431	0.02153	0.00676
11	0.41044	0.00843	0.00700	0.00675	0.00864	0.09137	0.00510	0.01165	0.00917	0.03851	0.04381	0.23060	0.06031	0.04338	0.00501	0.00167	0.00378	0.00628	0.00345	0.00464
12	0.09400	0.08419	0.13146	0.01076	0.07289	0.07678	0.03195	0.07998	0.05610	0.04168	0.04993	0.03030	0.02596	0.06002	0.02636	0.00175	0.04962	0.00444	0.05067	0.02117
13	0.02094	0.08155	0.05473	0.05174	0.04593	0.00815	0.06135	0.08143	0.01118	0.06863	0.04099	0.18633	0.15499	0.03126	0.00555	0.00163	0.00420	0.05541	0.00369	0.03034
14	0.00845	0.00536	0.00663	0.00639	0.00783	0.00482	0.00468	0.02975	0.01056	0.12193	0.10625	0.33835	0.19115	0.04702	0.02831	0.00189	0.00320	0.00939	0.00438	0.06366
15	0.04998	0.01014	0.04883	0.03306	0.06859	0.04792	0.03934	0.07329	0.32397	0.01758	0.05231	0.10938	0.04945	0.00711	0.00481	0.00154	0.00425	0.01994	0.03228	0.00624

[dist]
# distance from previous block
# <min> <max>
0	10

[block]
# block no. 13 follows, 55 sequences, length 16
# corresponding to MSA columns:
# 881-896
name=unknown_N
#
# <colnr> <probs for GDERKNQSTAVLIFYWHMCP>
#	G	D	E	R	K	N	Q	S	T	A	V	L	I	F	Y	W	H	M	C	P
0	0.05253	0.01004	0.09046	0.12943	0.19806	0.00908	0.04382	0.03601	0.08288	0.04930	0.07233	0.03648	0.08654	0.03574	0.00546	0.00161	0.00480	0.03301	0.00324	0.01918
1	0.02900	0.09651	0.21647	0.01303	0.09356	0.12731	0.05985	0.08614	0.06668	0.03820	0.00954	0.01131	0.00755	0.02695	0.03081	0.00165	0.04377	0.00383	0.00272	0.03511
2	0.01172	0.60154	0.16541	0.01021	0.01478	0.01631	0.09690	0.01418	0.00969	0.01206	0.00713	0.00845	0.00608	0.00405	0.00352	0.00114	0.00563	0.00299	0.00203	0.00617
3	0.00624	0.00467	0.00580	0.00623	0.00699	0.00448	0.00438	0.00795	0.04899	0.01314	0.14340	0.42129	0.16037	0.07339	0.05554	0.00228	0.00336	0.02323	0.00424	0.00403
4	0.03354	0.05543	0.02929	0.02846	0.04788	0.03270	0.00612	0.05560	0.09835	0.03255	0.15172	0.11947	0.26078	0.00894	0.00501	0.00151	0.00344	0.00754	0.01653	0.00515
5	0.05656	0.06178	0.23455	0.02482	0.16050	0.03391	0.09009	0.09332	0.04563	0.04808	0.01011	0.01270	0.00805	0.03543	0.02748	0.00170	0.00598	0.02001	0.00278	0.02651
6	0.00674	0.00472	0.00609	0.00621	0.00661	0.00496	0.00428	0.00755	0.00763	0.01045	0.04328	0.06070	0.01754	0.45050	0.27508	0.00505	0.00688	0.06928	0.00298	0.00346
7	0.00712	0.00471	0.00607	0.00660	0.00734	0.00444	0.00481	0.00824	0.00959	0.05804	0.07054	0.38746	0.09662	0.13981	0.00863	0.00227	0.00331	0.16617	0.00421	0.00402
8	0.01221	0.08901	0.15635	0.05220	0.25638	0.10699	0.17710	0.03904	0.01114	0.04309	0.00883	0.01089	0.00688	0.00433	0.00457	0.00139	0.00650	0.00404	0.00242	0.00664
