[name]
unknown

[dist]
# distance from previous block
# <min> <max>
0	786

[block]
# block no. 0 follows, 69 sequences, length 20
# corresponding to MSA columns:
# 801-820
name=unknown_A
#
# <colnr> <probs for GDERKNQSTAVLIFYWHMCP>
#	G	D	E	R	K	N	Q	S	T	A	V	L	I	F	Y	W	H	M	C	P
0	0.06674	0.03501	0.00949	0.03931	0.10388	0.02583	0.03206	0.12034	0.07082	0.05074	0.06542	0.08435	0.08355	0.00658	0.00435	0.00132	0.02042	0.13209	0.00321	0.04449
1	0.02057	0.03781	0.01912	0.04665	0.11111	0.00779	0.00672	0.14587	0.09221	0.06073	0.02812	0.03297	0.02797	0.02095	0.00417	0.00116	0.01318	0.07786	0.02083	0.22421
2	0.00954	0.00839	0.02774	0.13741	0.37361	0.00841	0.04113	0.07516	0.01929	0.05307	0.02466	0.02651	0.00819	0.00445	0.00415	0.00120	0.02534	0.04982	0.02522	0.07673
3	0.07477	0.05858	0.06773	0.05193	0.37261	0.02451	0.07043	0.01138	0.00852	0.01269	0.00817	0.00993	0.03259	0.00365	0.00356	0.00107	0.00435	0.00329	0.01891	0.16133
4	0.01077	0.07487	0.01426	0.03205	0.44981	0.12934	0.02426	0.07235	0.03870	0.02504	0.00758	0.00916	0.00618	0.00368	0.00366	0.00108	0.00475	0.00320	0.00222	0.08703
5	0.00512	0.00395	0.00466	0.00456	0.00561	0.00350	0.00339	0.00653	0.00996	0.01320	0.44992	0.08574	0.37154	0.00909	0.00465	0.00129	0.00193	0.00784	0.00399	0.00350
6	0.00485	0.00395	0.00429	0.00428	0.00545	0.00339	0.00318	0.00602	0.00934	0.01172	0.21885	0.08447	0.60729	0.00963	0.00465	0.00132	0.00197	0.00818	0.00379	0.00339
7	0.00966	0.00666	0.00759	0.00645	0.00827	0.03020	0.00508	0.19997	0.06822	0.11484	0.44720	0.02138	0.04478	0.00663	0.00431	0.00122	0.00283	0.00561	0.00418	0.00492
8	0.00476	0.00398	0.00414	0.00410	0.00537	0.00336	0.00307	0.00586	0.00922	0.01128	0.14604	0.03660	0.72942	0.00967	0.00463	0.00131	0.00197	0.00812	0.00373	0.00336
9	0.00931	0.00482	0.00616	0.00548	0.00711	0.00424	0.00422	0.01068	0.01014	0.29284	0.26188	0.14132	0.20999	0.00798	0.00445	0.00130	0.00244	0.00686	0.00425	0.00454
10	0.88991	0.00758	0.00576	0.00516	0.00758	0.00879	0.00425	0.01152	0.00667	0.01759	0.00546	0.00637	0.00425	0.00364	0.00243	0.00121	0.00303	0.00212	0.00243	0.00425
11	0.01062	0.00910	0.00934	0.00819	0.01053	0.03650	0.00642	0.13247	0.69185	0.01734	0.01473	0.01366	0.01101	0.00519	0.00397	0.00130	0.00340	0.00425	0.00392	0.00622
12	0.00975	0.00842	0.00886	0.00798	0.01019	0.00975	0.00621	0.02083	0.83069	0.01640	0.01596	0.01463	0.01197	0.00532	0.00399	0.00133	0.00310	0.00443	0.00399	0.00621
13	0.76859	0.00746	0.00623	0.00541	0.00792	0.00837	0.00446	0.01258	0.00730	0.13204	0.00685	0.00734	0.00500	0.00381	0.00264	0.00121	0.00307	0.00238	0.00276	0.00458
14	0.00613	0.00462	0.00574	0.00536	0.00646	0.00454	0.00405	0.00927	0.12508	0.01582	0.72169	0.02725	0.03351	0.00764	0.00454	0.00125	0.00202	0.00672	0.00427	0.00405
15	0.88991	0.00758	0.00576	0.00516	0.00758	0.00879	0.00425	0.01152	0.00667	0.01759	0.00546	0.00637	0.00425	0.00364	0.00243	0.00121	0.00303	0.00212	0.00243	0.00425
16	0.00970	0.00931	0.01591	0.02406	0.83777	0.00931	0.01203	0.01203	0.00893	0.01281	0.00737	0.00970	0.00621	0.00349	0.00388	0.00116	0.00466	0.00349	0.00194	0.00621
17	0.01490	0.01098	0.01177	0.00902	0.01216	0.01216	0.00745	0.82470	0.01843	0.02471	0.00941	0.00941	0.00667	0.00471	0.00392	0.00118	0.00431	0.00353	0.00392	0.00667
18	0.00942	0.17069	0.02137	0.01526	0.11021	0.01073	0.55845	0.01217	0.00893	0.01190	0.00774	0.03062	0.00630	0.00356	0.00416	0.00122	0.00583	0.00418	0.00196	0.00529
19	0.00507	0.00357	0.00446	0.00502	0.00524	0.00339	0.00322	0.00558	0.00709	0.00942	0.03780	0.54871	0.05658	0.27480	0.00960	0.00226	0.00272	0.00925	0.00326	0.00295

[dist]
# distance from previous block
# <min> <max>
0	4

[block]
# block no. 1 follows, 69 sequences, length 47
# corresponding to MSA columns:
# 825-871
name=unknown_B
#
# <colnr> <probs for GDERKNQSTAVLIFYWHMCP>
#	G	D	E	R	K	N	Q	S	T	A	V	L	I	F	Y	W	H	M	C	P
0	0.01753	0.00676	0.00915	0.00702	0.01005	0.00589	0.00580	0.03550	0.01137	0.82388	0.01534	0.01326	0.00964	0.00485	0.00394	0.00121	0.00336	0.00393	0.00483	0.00667
1	0.01038	0.00964	0.04733	0.10999	0.33342	0.02047	0.07432	0.13647	0.12715	0.04477	0.00935	0.02412	0.00732	0.00425	0.00417	0.00124	0.02328	0.00382	0.00263	0.00588
2	0.01022	0.00786	0.02727	0.27126	0.23075	0.00838	0.02306	0.02303	0.00891	0.18121	0.04551	0.02918	0.00825	0.00469	0.00501	0.00130	0.10228	0.00390	0.00261	0.00532
3	0.00535	0.00386	0.00458	0.00462	0.00513	0.00371	0.00307	0.00607	0.00756	0.01003	0.16515	0.11428	0.18820	0.37941	0.07971	0.00281	0.00347	0.00692	0.00309	0.00298
4	0.06706	0.04708	0.01149	0.00976	0.01199	0.67408	0.02857	0.08385	0.01130	0.01142	0.00634	0.00729	0.00516	0.00403	0.00349	0.00104	0.00648	0.00263	0.00219	0.00474
5	0.88991	0.00758	0.00576	0.00516	0.00758	0.00879	0.00425	0.01152	0.00667	0.01759	0.00546	0.00637	0.00425	0.00364	0.00243	0.00121	0.00303	0.00212	0.00243	0.00425
6	0.00786	0.02028	0.84191	0.01117	0.01697	0.00910	0.01448	0.01242	0.00828	0.01242	0.00704	0.00828	0.00497	0.00372	0.00372	0.00124	0.00579	0.00290	0.00166	0.00579
7	0.00497	0.00398	0.00444	0.00433	0.00550	0.00345	0.00324	0.00628	0.00973	0.01248	0.33358	0.03461	0.54113	0.00922	0.00463	0.00129	0.00194	0.00784	0.00389	0.00345
8	0.00467	0.00397	0.00402	0.00401	0.00532	0.00333	0.00301	0.00570	0.00902	0.01080	0.07200	0.03739	0.80376	0.00985	0.00463	0.00132	0.00198	0.00823	0.00367	0.00333
9	0.01464	0.01868	0.01111	0.01010	0.01212	0.84648	0.00757	0.01565	0.01111	0.00959	0.00606	0.00707	0.00505	0.00404	0.00353	0.00101	0.00707	0.00252	0.00202	0.00454
10	0.05465	0.00872	0.01016	0.00785	0.01089	0.00891	0.00648	0.38647	0.03310	0.41299	0.01227	0.01127	0.00813	0.00474	0.00387	0.00120	0.00376	0.00369	0.00430	0.00655
11	0.01048	0.86458	0.02054	0.00671	0.01006	0.01551	0.00671	0.01174	0.00797	0.00922	0.00545	0.00629	0.00503	0.00335	0.00252	0.00084	0.00419	0.00210	0.00168	0.00503
12	0.01505	0.01075	0.01162	0.00891	0.01204	0.01181	0.00736	0.78097	0.01804	0.06898	0.00974	0.00963	0.00683	0.00471	0.00392	0.00118	0.00426	0.00355	0.00397	0.00667
13	0.00628	0.00448	0.00627	0.00717	0.00806	0.00448	0.00625	0.00805	0.00899	0.01169	0.02078	0.06545	0.02265	0.01087	0.00540	0.00180	0.00358	0.79055	0.00361	0.00360
14	0.00925	0.01058	0.02313	0.01652	0.02049	0.00991	0.82353	0.01256	0.00925	0.01256	0.00793	0.01058	0.00595	0.00330	0.00463	0.00132	0.00661	0.00463	0.00198	0.00529
15	0.00572	0.00415	0.00550	0.00570	0.00660	0.00393	0.00456	0.00745	0.01006	0.01374	0.46318	0.07707	0.07922	0.00933	0.00492	0.00146	0.00249	0.28730	0.00400	0.00362
16	0.00560	0.00420	0.00630	0.00630	0.00700	0.00490	0.00490	0.00700	0.00630	0.00910	0.01050	0.01540	0.00980	0.02940	0.84669	0.00630	0.01050	0.00420	0.00210	0.00350
17	0.00921	0.00880	0.02638	0.20025	0.52668	0.00903	0.06506	0.01179	0.02263	0.03022	0.01926	0.01040	0.00661	0.00377	0.00408	0.00122	0.01920	0.00364	0.01613	0.00565
18	0.44874	0.21942	0.01133	0.03982	0.09637	0.06925	0.00634	0.01177	0.00755	0.01383	0.00574	0.00700	0.00478	0.00373	0.00319	0.00113	0.04084	0.00240	0.00211	0.00467
19	0.00642	0.00408	0.00506	0.00511	0.00613	0.00363	0.00371	0.00752	0.00904	0.11137	0.17875	0.36383	0.26076	0.00990	0.00470	0.00140	0.00224	0.00868	0.00391	0.00374
20	0.00928	0.34717	0.02843	0.00637	0.00983	0.00960	0.00573	0.03711	0.00840	0.01175	0.00645	0.00744	0.00551	0.00316	0.00280	0.00071	0.00351	0.00228	0.00211	0.49236
21	0.00596	0.00550	0.00727	0.00627	0.00801	0.01508	0.11630	0.00833	0.09337	0.01165	0.06731	0.05724	0.56583	0.00846	0.00456	0.00132	0.00280	0.00735	0.00346	0.00391
22	0.00474	0.00398	0.00412	0.00409	0.00536	0.00336	0.00307	0.00584	0.00920	0.01121	0.13548	0.03671	0.74003	0.00970	0.00463	0.00131	0.00197	0.00813	0.00372	0.00336
23	0.01031	0.00895	0.00916	0.00813	0.01041	0.03711	0.00635	0.08354	0.74054	0.01683	0.01512	0.01397	0.01133	0.00523	0.00397	0.00131	0.00333	0.00430	0.00392	0.00619
24	0.01464	0.01868	0.01111	0.01010	0.01212	0.84648	0.00757	0.01565	0.01111	0.00959	0.00606	0.00707	0.00505	0.00404	0.00353	0.00101	0.00707	0.00252	0.00202	0.00454
25	0.00970	0.00931	0.01591	0.02406	0.83777	0.00931	0.01203	0.01203	0.00893	0.01281	0.00737	0.00970	0.00621	0.00349	0.00388	0.00116	0.00466	0.00349	0.00194	0.00621
26	0.00858	0.00858	0.01201	0.01029	0.01029	0.01201	0.00858	0.00943	0.00600	0.00943	0.00515	0.00858	0.00515	0.00686	0.01287	0.00172	0.85505	0.00343	0.00172	0.00429
27	0.00828	0.00706	0.00821	0.00588	0.00935	0.00538	0.00471	0.02778	0.00836	0.01304	0.00702	0.00816	0.00583	0.00294	0.00293	0.00059	0.00293	0.00235	0.00236	0.86686
28	0.00528	0.00457	0.03317	0.00527	0.00638	0.00386	0.00420	0.00672	0.02273	0.01140	0.13367	0.20874	0.36470	0.02454	0.01918	0.00157	0.00260	0.13429	0.00361	0.00350
29	0.02145	0.10070	0.40391	0.03840	0.04616	0.04121	0.01882	0.03176	0.00911	0.15927	0.01800	0.03098	0.00685	0.00413	0.00364	0.00116	0.00483	0.00328	0.00243	0.05391
30	0.00808	0.04502	0.78998	0.01111	0.01674	0.02324	0.02783	0.01245	0.00833	0.01228	0.00699	0.00824	0.00499	0.00371	0.00370	0.00123	0.00578	0.00290	0.00167	0.00574
31	0.00740	0.00697	0.01176	0.85280	0.02700	0.00871	0.01089	0.01002	0.00784	0.01002	0.00697	0.01045	0.00523	0.00392	0.00392	0.00131	0.00523	0.00348	0.00174	0.00436
32	0.02171	0.04113	0.30466	0.07443	0.10314	0.13453	0.03433	0.02932	0.00884	0.02970	0.00835	0.02593	0.00714	0.01493	0.00478	0.00130	0.07487	0.06342	0.01236	0.00513
33	0.79400	0.00880	0.00635	0.00570	0.00808	0.10059	0.00461	0.01198	0.00716	0.01671	0.00552	0.00645	0.00433	0.00368	0.00255	0.00119	0.00348	0.00217	0.00238	0.00428
34	0.00497	0.00398	0.00444	0.00432	0.00550	0.00345	0.00324	0.00628	0.00973	0.01247	0.33144	0.03463	0.54327	0.00923	0.00463	0.00129	0.00194	0.00784	0.00389	0.00345
35	0.00948	0.00732	0.02666	0.02968	0.05521	0.00588	0.00562	0.02331	0.03666	0.12325	0.03586	0.01026	0.01773	0.00360	0.00327	0.00079	0.00316	0.00296	0.00277	0.59653
36	0.00858	0.00858	0.01201	0.01029	0.01029	0.01201	0.00858	0.00943	0.00600	0.00943	0.00515	0.00858	0.00515	0.00686	0.01287	0.00172	0.85505	0.00343	0.00172	0.00429
37	0.00878	0.00893	0.01185	0.01020	0.01030	0.04866	0.00845	0.00966	0.00624	0.00943	0.00530	0.00866	0.00524	0.00722	0.03023	0.00178	0.79964	0.00341	0.00174	0.00428
38	0.00534	0.00388	0.00504	0.00507	0.00586	0.00358	0.00373	0.00687	0.01007	0.01395	0.57162	0.22242	0.08221	0.00921	0.00474	0.00134	0.00202	0.03538	0.00409	0.00355
39	0.00598	0.00434	0.00588	0.00668	0.00757	0.00425	0.00568	0.00758	0.00886	0.01143	0.02294	0.12482	0.11303	0.01087	0.00529	0.00173	0.00330	0.64261	0.00362	0.00353
40	0.10011	0.38715	0.01470	0.00812	0.01077	0.39989	0.00686	0.01353	0.00929	0.01023	0.00573	0.00666	0.00496	0.00370	0.00298	0.00096	0.00541	0.00230	0.00191	0.00473
41	0.00780	0.00738	0.01024	0.00899	0.00907	0.00999	0.00729	0.00860	0.00605	0.00920	0.00711	0.03899	0.00741	0.11349	0.09880	0.00243	0.63729	0.00404	0.00190	0.00394
42	0.00546	0.00406	0.00510	0.00493	0.00588	0.00375	0.00366	0.00733	0.03093	0.01456	0.63807	0.10298	0.14150	0.00858	0.00464	0.00128	0.00194	0.00754	0.00416	0.00366
43	0.08545	0.26952	0.04249	0.00794	0.03615	0.12943	0.02151	0.06745	0.05503	0.02459	0.00707	0.00789	0.00577	0.00360	0.00307	0.00092	0.00424	0.00259	0.00229	0.22299
44	0.00677	0.04138	0.00573	0.00521	0.00538	0.00392	0.00357	0.00543	0.00547	0.00724	0.00823	0.09640	0.00864	0.01303	0.01373	0.75852	0.00333	0.00412	0.00189	0.00200
45	0.03650	0.31494	0.05652	0.07512	0.06949	0.12113	0.00793	0.12376	0.11007	0.01297	0.00767	0.00856	0.00618	0.00405	0.00359	0.00108	0.02982	0.00292	0.00235	0.00536
46	0.00895	0.13870	0.57054	0.01079	0.04180	0.04126	0.02377	0.04836	0.02925	0.01241	0.00706	0.00825	0.00529	0.00386	0.00389	0.00119	0.03426	0.00290	0.00185	0.00564

[dist]
# distance from previous block
# <min> <max>
0	1

[block]
# block no. 2 follows, 69 sequences, length 39
# corresponding to MSA columns:
# 873-911
name=unknown_C
#
# <colnr> <probs for GDERKNQSTAVLIFYWHMCP>
#	G	D	E	R	K	N	Q	S	T	A	V	L	I	F	Y	W	H	M	C	P
0	0.00907	0.15669	0.54219	0.01105	0.03605	0.01050	0.08484	0.08230	0.00920	0.01297	0.00707	0.00829	0.00524	0.00371	0.00363	0.00118	0.00545	0.00299	0.00189	0.00571
1	0.00560	0.00420	0.00630	0.00630	0.00700	0.00490	0.00490	0.00700	0.00630	0.00910	0.01050	0.01540	0.00980	0.02940	0.84669	0.00630	0.01050	0.00420	0.00210	0.00350
2	0.04848	0.00675	0.00703	0.00660	0.00743	0.10722	0.00490	0.03980	0.03501	0.01009	0.02150	0.01628	0.01019	0.25875	0.32937	0.00390	0.07650	0.00429	0.00232	0.00362
3	0.00542	0.00400	0.00463	0.00486	0.00581	0.00357	0.00349	0.02554	0.00876	0.03891	0.07128	0.37663	0.41189	0.01051	0.00475	0.00142	0.00220	0.00915	0.00372	0.00347
4	0.00903	0.00870	0.01204	0.01082	0.05955	0.01154	0.00853	0.06255	0.00708	0.01078	0.00564	0.00868	0.00534	0.00634	0.01129	0.00160	0.70973	0.00339	0.00190	0.04546
5	0.00774	0.03659	0.04420	0.53380	0.10897	0.00856	0.06451	0.01042	0.02796	0.01077	0.00851	0.08337	0.00732	0.00454	0.00398	0.00128	0.00488	0.00415	0.00201	0.02646
6	0.00569	0.00383	0.00444	0.00444	0.00450	0.00389	0.00258	0.00581	0.00575	0.00773	0.01220	0.02481	0.01389	0.79349	0.08819	0.00401	0.00435	0.00558	0.00235	0.00247
7	0.00992	0.01594	0.46624	0.04508	0.13824	0.06731	0.01201	0.11382	0.03558	0.04762	0.00793	0.00904	0.00579	0.00394	0.00378	0.00121	0.00532	0.00315	0.00221	0.00587
8	0.00949	0.02920	0.10371	0.13150	0.34435	0.02658	0.17628	0.05409	0.01977	0.02551	0.00830	0.01037	0.02304	0.00383	0.00413	0.00123	0.01719	0.00373	0.00209	0.00561
9	0.00849	0.19597	0.63251	0.01028	0.01543	0.01048	0.02983	0.01249	0.02858	0.01185	0.00694	0.00807	0.00517	0.00368	0.00350	0.00116	0.00541	0.00280	0.00172	0.00563
10	0.01296	0.00541	0.00672	0.00553	0.00762	0.00495	0.00445	0.03007	0.01002	0.45691	0.01416	0.01384	0.00980	0.00472	0.00341	0.00108	0.00268	0.00381	0.39653	0.00533
11	0.03322	0.00893	0.05456	0.02504	0.00974	0.19296	0.06482	0.01026	0.03292	0.04967	0.06608	0.25607	0.11918	0.00772	0.00436	0.00134	0.00402	0.05188	0.00308	0.00416
12	0.02032	0.04850	0.15522	0.02447	0.13819	0.07798	0.10377	0.17798	0.02362	0.16935	0.00920	0.00986	0.00661	0.00412	0.00395	0.00119	0.01336	0.00348	0.00287	0.00596
13	0.01345	0.00721	0.00991	0.02017	0.16551	0.00687	0.00678	0.07791	0.06221	0.43649	0.06446	0.01512	0.06947	0.00515	0.00400	0.00121	0.00345	0.00434	0.02023	0.00605
14	0.00478	0.00400	0.00418	0.00421	0.00549	0.00340	0.00321	0.00587	0.00907	0.01096	0.08679	0.03758	0.74256	0.00986	0.00468	0.00135	0.00207	0.05291	0.00368	0.00335
15	0.01080	0.25307	0.25253	0.03384	0.12806	0.13182	0.02302	0.03789	0.00923	0.07483	0.00723	0.00826	0.00561	0.00375	0.00342	0.00108	0.00514	0.00284	0.00208	0.00550
16	0.03963	0.58410	0.17075	0.03195	0.03821	0.02895	0.02505	0.02325	0.00824	0.01052	0.00596	0.00703	0.00508	0.00348	0.00290	0.00097	0.00460	0.00241	0.00175	0.00518
17	0.00479	0.00391	0.00400	0.00406	0.00528	0.00332	0.00301	0.00581	0.00879	0.01077	0.03687	0.09769	0.72981	0.00981	0.00456	0.00132	0.00200	0.00823	0.05265	0.00332
18	0.00806	0.00765	0.01063	0.00932	0.00944	0.01037	0.00762	0.00910	0.03046	0.00966	0.02407	0.07509	0.00785	0.00839	0.04006	0.05106	0.67095	0.00415	0.00200	0.00408
19	0.04226	0.03741	0.05365	0.09529	0.04538	0.05777	0.06407	0.36152	0.01326	0.15709	0.00971	0.02850	0.00708	0.00451	0.00387	0.00120	0.00455	0.00365	0.00330	0.00595
20	0.00786	0.05335	0.01202	0.70441	0.04978	0.04493	0.01027	0.01027	0.00808	0.01010	0.00791	0.01156	0.02269	0.00420	0.00388	0.00128	0.00512	0.02603	0.00185	0.00442
21	0.72207	0.02871	0.00698	0.02471	0.00864	0.03842	0.00485	0.06382	0.00785	0.05556	0.00623	0.00700	0.00472	0.00378	0.00267	0.00120	0.00335	0.00234	0.00259	0.00454
22	0.00965	0.00926	0.01581	0.04470	0.81758	0.00930	0.01200	0.01198	0.00890	0.01274	0.00736	0.00972	0.00619	0.00350	0.00388	0.00117	0.00467	0.00349	0.00194	0.00616
23	0.00531	0.00417	0.00484	0.00493	0.00594	0.00387	0.00362	0.00720	0.06836	0.01226	0.24696	0.23517	0.35074	0.00967	0.00469	0.00137	0.00213	0.02132	0.00385	0.00360
24	0.00894	0.00694	0.00821	0.00591	0.00935	0.00527	0.00474	0.01066	0.00839	0.08372	0.00770	0.00858	0.00614	0.00307	0.00299	0.00063	0.00294	0.00246	0.00254	0.81081
25	0.00466	0.00397	0.00401	0.00400	0.00531	0.00332	0.00300	0.00567	0.00899	0.01073	0.06115	0.03750	0.81465	0.00988	0.00463	0.00132	0.00198	0.00824	0.00366	0.00332
26	0.00494	0.00386	0.00447	0.00457	0.00554	0.00340	0.00333	0.00612	0.00927	0.01199	0.27203	0.20970	0.42707	0.00986	0.00471	0.00135	0.00201	0.00853	0.00384	0.00340
27	0.00536	0.00400	0.00498	0.00474	0.00574	0.00362	0.00355	0.00704	0.01066	0.01467	0.67320	0.03101	0.20015	0.00841	0.00463	0.00125	0.00188	0.00733	0.00418	0.00362
28	0.88991	0.00758	0.00576	0.00516	0.00758	0.00879	0.00425	0.01152	0.00667	0.01759	0.00546	0.00637	0.00425	0.00364	0.00243	0.00121	0.00303	0.00212	0.00243	0.00425
29	0.88991	0.00758	0.00576	0.00516	0.00758	0.00879	0.00425	0.01152	0.00667	0.01759	0.00546	0.00637	0.00425	0.00364	0.00243	0.00121	0.00303	0.00212	0.00243	0.00425
30	0.00975	0.00842	0.00886	0.00798	0.01019	0.00975	0.00621	0.02083	0.83069	0.01640	0.01596	0.01463	0.01197	0.00532	0.00399	0.00133	0.00310	0.00443	0.00399	0.00621
31	0.00858	0.00858	0.01201	0.01029	0.01029	0.01201	0.00858	0.00943	0.00600	0.00943	0.00515	0.00858	0.00515	0.00686	0.01287	0.00172	0.85505	0.00343	0.00172	0.00429
32	0.00560	0.00420	0.00630	0.00630	0.00700	0.00490	0.00490	0.00700	0.00630	0.00910	0.01050	0.01540	0.00980	0.02940	0.84669	0.00630	0.01050	0.00420	0.00210	0.00350
33	0.00560	0.00420	0.00630	0.00630	0.00700	0.00490	0.00490	0.00700	0.00630	0.00910	0.01050	0.01540	0.00980	0.02940	0.84669	0.00630	0.01050	0.00420	0.00210	0.00350
34	0.00515	0.00402	0.00477	0.00557	0.00591	0.03541	0.00376	0.00586	0.00771	0.01002	0.02185	0.78896	0.06272	0.01186	0.00493	0.00156	0.00244	0.01068	0.00358	0.00324
35	0.00983	0.01119	0.02179	0.01594	0.03202	0.07396	0.72601	0.03547	0.00965	0.01267	0.00782	0.01026	0.00590	0.00340	0.00451	0.00129	0.00655	0.00442	0.00204	0.00528
36	0.01245	0.00877	0.00945	0.00820	0.04110	0.06174	0.00629	0.28300	0.16293	0.17856	0.05987	0.01548	0.08499	0.02311	0.00435	0.00128	0.00370	0.01462	0.01432	0.00580
37	0.00488	0.00352	0.00456	0.00526	0.00561	0.00327	0.00354	0.00565	0.00783	0.01044	0.09505	0.69548	0.07694	0.05118	0.00564	0.00165	0.00229	0.01035	0.00364	0.00320
38	0.00516	0.00360	0.00451	0.00508	0.00528	0.00345	0.00328	0.00565	0.00696	0.00924	0.01870	0.51887	0.03847	0.31039	0.01026	0.00237	0.00286	0.03975	0.00319	0.00292

[dist]
# distance from previous block
# <min> <max>
0	2

[block]
# block no. 3 follows, 69 sequences, length 6
# corresponding to MSA columns:
# 914-919
name=unknown_D
#
# <colnr> <probs for GDERKNQSTAVLIFYWHMCP>
#	G	D	E	R	K	N	Q	S	T	A	V	L	I	F	Y	W	H	M	C	P
0	0.01292	0.06421	0.03879	0.01019	0.04397	0.51211	0.03419	0.05706	0.01070	0.05162	0.00828	0.01156	0.00723	0.00481	0.00408	0.00115	0.03453	0.08542	0.00238	0.00481
1	0.00981	0.00908	0.01454	0.02089	0.67358	0.00927	0.01094	0.05288	0.09336	0.01371	0.00898	0.01181	0.00759	0.00408	0.00397	0.00121	0.00443	0.04143	0.00233	0.00611
2	0.00849	0.00741	0.00931	0.22386	0.04176	0.02848	0.00730	0.05213	0.31191	0.01353	0.05501	0.10061	0.01224	0.00652	0.02654	0.00148	0.04136	0.02647	0.02060	0.00500
3	0.03600	0.09224	0.00670	0.00510	0.00659	0.00512	0.00409	0.00816	0.00960	0.07158	0.29931	0.06273	0.30850	0.00820	0.00436	0.00128	0.00242	0.06043	0.00371	0.00390
4	0.13024	0.09551	0.11129	0.02586	0.09641	0.11062	0.00758	0.03461	0.03813	0.18311	0.02686	0.05266	0.00865	0.00476	0.00361	0.00118	0.00424	0.03396	0.00288	0.02784
5	0.08729	0.06192	0.22071	0.04641	0.05642	0.04568	0.08801	0.14522	0.12316	0.01501	0.02547	0.01122	0.04765	0.00443	0.00377	0.00122	0.00464	0.00365	0.00263	0.00551

[dist]
# distance from previous block
# <min> <max>
1	29

[block]
# block no. 4 follows, 69 sequences, length 7
# corresponding to MSA columns:
# 949-955
name=unknown_E
#
# <colnr> <probs for GDERKNQSTAVLIFYWHMCP>
#	G	D	E	R	K	N	Q	S	T	A	V	L	I	F	Y	W	H	M	C	P
0	0.03018	0.08590	0.15921	0.03364	0.09135	0.04691	0.09957	0.05301	0.04333	0.06486	0.07234	0.01199	0.02779	0.00429	0.00372	0.00110	0.00439	0.01810	0.00256	0.14577
1	0.02806	0.08255	0.45656	0.02594	0.05643	0.05424	0.02784	0.04149	0.03414	0.06289	0.02359	0.00915	0.00624	0.00417	0.00437	0.00123	0.07030	0.00313	0.00212	0.00556
2	0.00817	0.05485	0.50192	0.01171	0.01628	0.00933	0.20480	0.01188	0.00859	0.01240	0.07047	0.01035	0.00766	0.00410	0.00444	0.00127	0.05082	0.00362	0.00194	0.00540
3	0.00829	0.00793	0.02653	0.18260	0.22194	0.04004	0.09757	0.02862	0.02260	0.02730	0.01242	0.13699	0.07675	0.02063	0.00439	0.00129	0.00432	0.00505	0.00246	0.07226
4	0.02882	0.10394	0.19606	0.03510	0.11168	0.04730	0.06888	0.06201	0.00967	0.19004	0.01039	0.08261	0.00849	0.00483	0.00385	0.00122	0.00457	0.02220	0.00279	0.00556
5	0.00513	0.00389	0.00465	0.00488	0.00565	0.00361	0.00352	0.00610	0.00820	0.01059	0.11897	0.21723	0.32045	0.13428	0.07140	0.00215	0.00307	0.06960	0.00342	0.00323
6	0.00480	0.00351	0.00453	0.00527	0.00565	0.00323	0.00357	0.00559	0.00786	0.01039	0.06900	0.72435	0.11425	0.01179	0.00494	0.00154	0.00222	0.01061	0.00368	0.00323

[dist]
# distance from previous block
# <min> <max>
1	4

[block]
# block no. 5 follows, 69 sequences, length 52
# corresponding to MSA columns:
# 960-1011
name=unknown_F
#
# <colnr> <probs for GDERKNQSTAVLIFYWHMCP>
#	G	D	E	R	K	N	Q	S	T	A	V	L	I	F	Y	W	H	M	C	P
0	0.43465	0.03880	0.07516	0.02218	0.06589	0.16448	0.00649	0.05845	0.01831	0.01484	0.00667	0.00827	0.00544	0.04321	0.00378	0.00128	0.00427	0.00268	0.02053	0.00465
1	0.02339	0.28930	0.03919	0.00741	0.01063	0.15726	0.01800	0.07049	0.00938	0.02288	0.00660	0.00752	0.00549	0.00345	0.00302	0.00083	0.00431	0.00244	0.00218	0.31622
2	0.03446	0.00812	0.00876	0.02317	0.02357	0.06019	0.00565	0.19306	0.06410	0.04773	0.16793	0.01319	0.01252	0.00512	0.01895	0.00108	0.00352	0.00379	0.00323	0.30184
3	0.01068	0.26215	0.22068	0.02590	0.03896	0.07987	0.07385	0.08790	0.02028	0.06878	0.00760	0.02188	0.00603	0.00412	0.00404	0.00114	0.05538	0.00311	0.00222	0.00543
4	0.03348	0.00904	0.20815	0.05136	0.08893	0.00625	0.03877	0.00986	0.02143	0.06445	0.12455	0.22748	0.07377	0.00694	0.00426	0.00132	0.00369	0.00612	0.00296	0.01720
5	0.00499	0.00380	0.00460	0.00490	0.00567	0.00344	0.00348	0.00620	0.02100	0.01166	0.22252	0.38946	0.28319	0.01042	0.00478	0.00142	0.00209	0.00917	0.00381	0.00339
6	0.00581	0.00436	0.00586	0.00576	0.00617	0.00493	0.00416	0.00659	0.00625	0.00870	0.01268	0.05514	0.05601	0.30779	0.40496	0.01820	0.07605	0.00515	0.00230	0.00313
7	0.04388	0.11912	0.29639	0.03807	0.11605	0.10998	0.05775	0.07630	0.00969	0.08589	0.00769	0.00873	0.00573	0.00384	0.00362	0.00115	0.00520	0.00306	0.00225	0.00561
8	0.00953	0.00972	0.14308	0.05080	0.10258	0.00862	0.02084	0.03197	0.30099	0.09283	0.02330	0.01475	0.06082	0.00586	0.02425	0.00144	0.06001	0.02988	0.00311	0.00561
9	0.00478	0.00341	0.00455	0.00546	0.00569	0.00318	0.00364	0.00546	0.00751	0.01001	0.02161	0.85966	0.02593	0.01228	0.00500	0.00159	0.00227	0.01114	0.00364	0.00318
10	0.01995	0.00940	0.04099	0.06551	0.30060	0.04705	0.22761	0.02303	0.05480	0.02739	0.06135	0.01322	0.03222	0.00434	0.00412	0.00124	0.00486	0.02601	0.03096	0.00536
11	0.02742	0.02081	0.23124	0.11973	0.27706	0.04167	0.09588	0.06132	0.02867	0.01307	0.01841	0.01050	0.01833	0.00397	0.00391	0.00123	0.00514	0.01398	0.00210	0.00558
12	0.00596	0.00482	0.00586	0.00576	0.01673	0.02809	0.00432	0.00741	0.00945	0.01293	0.40206	0.10507	0.17598	0.00976	0.05568	0.00163	0.07452	0.03586	0.03444	0.00367
13	0.01048	0.86458	0.02054	0.00671	0.01006	0.01551	0.00671	0.01174	0.00797	0.00922	0.00545	0.00629	0.00503	0.00335	0.00252	0.00084	0.00419	0.00210	0.00168	0.00503
14	0.00855	0.00692	0.00813	0.00591	0.00926	0.00533	0.00472	0.02718	0.00845	0.04735	0.00786	0.03694	0.00666	0.00334	0.00304	0.00065	0.00293	0.00271	0.00251	0.80156
15	0.00730	0.08907	0.08414	0.00708	0.04269	0.00641	0.02794	0.04615	0.04668	0.03323	0.25353	0.09606	0.17172	0.00739	0.01947	0.00131	0.00315	0.00595	0.00332	0.04740
16	0.00522	0.00403	0.00445	0.00442	0.00563	0.00347	0.00332	0.00639	0.00931	0.03457	0.18588	0.08873	0.58979	0.00961	0.00466	0.00133	0.00206	0.02985	0.00380	0.00348
17	0.03354	0.00751	0.00954	0.00733	0.01037	0.00703	0.00605	0.17204	0.01251	0.66993	0.01413	0.01246	0.00902	0.00480	0.00391	0.00121	0.00352	0.00383	0.00463	0.00663
18	0.06166	0.03745	0.17960	0.02772	0.09729	0.09719	0.14524	0.17881	0.04632	0.06708	0.00845	0.00946	0.00624	0.00400	0.00382	0.00120	0.00511	0.00342	0.01422	0.00571
19	0.00954	0.00915	0.01562	0.08168	0.78140	0.00927	0.01195	0.01189	0.00885	0.01261	0.00735	0.00975	0.00614	0.00352	0.00388	0.00117	0.00470	0.00349	0.00193	0.00608
20	0.00576	0.00388	0.00489	0.00489	0.00508	0.00407	0.00314	0.00600	0.00582	0.00794	0.01140	0.02175	0.01244	0.56716	0.24363	0.07657	0.00558	0.00511	0.00225	0.00263
21	0.00858	0.00858	0.01201	0.01029	0.01029	0.01201	0.00858	0.00943	0.00600	0.00943	0.00515	0.00858	0.00515	0.00686	0.01287	0.00172	0.85505	0.00343	0.00172	0.00429
22	0.00806	0.00692	0.00809	0.01907	0.00948	0.00532	0.00473	0.00999	0.02539	0.01275	0.00806	0.00912	0.02878	0.00316	0.00299	0.00063	0.00292	0.00255	0.00238	0.82963
23	0.01335	0.01664	0.02325	0.02879	0.03312	0.63828	0.13020	0.03007	0.01070	0.01044	0.00644	0.00782	0.00525	0.00399	0.00395	0.00109	0.02692	0.00293	0.00203	0.00474
24	0.01048	0.86458	0.02054	0.00671	0.01006	0.01551	0.00671	0.01174	0.00797	0.00922	0.00545	0.00629	0.00503	0.00335	0.00252	0.00084	0.00419	0.00210	0.00168	0.00503
25	0.02513	0.01973	0.02443	0.07939	0.05484	0.03193	0.06334	0.06305	0.34801	0.01397	0.01413	0.02336	0.09150	0.00605	0.02345	0.00145	0.10344	0.00445	0.00306	0.00531
26	0.00759	0.00711	0.01171	0.78419	0.04802	0.00878	0.01066	0.01066	0.05285	0.01044	0.00747	0.01066	0.00562	0.00398	0.00392	0.00130	0.00509	0.00354	0.00187	0.00451
27	0.00819	0.00778	0.01319	0.56760	0.30601	0.00892	0.01128	0.01071	0.00821	0.01098	0.00711	0.01019	0.00556	0.00377	0.00391	0.00126	0.00503	0.00349	0.00181	0.00499
28	0.00513	0.00384	0.00476	0.00485	0.00568	0.00347	0.00351	0.00646	0.00962	0.01297	0.42908	0.25550	0.22153	0.00962	0.00473	0.00135	0.00200	0.00846	0.00397	0.00347
29	0.00777	0.00739	0.01284	0.46313	0.18561	0.00835	0.09230	0.01013	0.00807	0.01079	0.00858	0.07534	0.00752	0.00595	0.05035	0.00159	0.02366	0.01398	0.00199	0.00468
30	0.00791	0.00772	0.01193	0.76632	0.06573	0.05454	0.01076	0.01042	0.00807	0.01013	0.00694	0.01023	0.00526	0.00391	0.00390	0.00128	0.00530	0.00343	0.00177	0.00446
31	0.01187	0.00555	0.00762	0.00702	0.00896	0.00511	0.00596	0.01354	0.01008	0.41845	0.01798	0.02838	0.01596	0.00775	0.00463	0.00149	0.00343	0.39636	0.02474	0.00511
32	0.00478	0.00348	0.00451	0.00530	0.00565	0.00321	0.00358	0.00552	0.00774	0.01021	0.04356	0.75762	0.10652	0.01194	0.00496	0.00156	0.00224	0.01076	0.00366	0.00321
33	0.00831	0.01923	0.75627	0.01177	0.06161	0.00927	0.01401	0.05201	0.00881	0.01304	0.00717	0.00841	0.00512	0.00376	0.00374	0.00123	0.00566	0.00296	0.00178	0.00586
34	0.00471	0.00398	0.00413	0.00412	0.00540	0.00340	0.00310	0.00576	0.00889	0.01071	0.06768	0.03633	0.76637	0.01081	0.04570	0.00156	0.00240	0.00803	0.00359	0.00333
35	0.00597	0.00435	0.00645	0.00613	0.00685	0.00474	0.04409	0.00705	0.00644	0.00927	0.01116	0.01715	0.02464	0.17617	0.53025	0.05915	0.00790	0.00448	0.06450	0.00328
36	0.00552	0.00403	0.00573	0.00584	0.00639	0.00448	0.00433	0.00657	0.00641	0.00900	0.01275	0.11788	0.03342	0.13918	0.59586	0.02344	0.00825	0.00532	0.00235	0.00327
37	0.00959	0.00803	0.02918	0.01952	0.04589	0.00854	0.02655	0.14073	0.41519	0.02679	0.05763	0.11534	0.01333	0.00596	0.00406	0.00130	0.00330	0.00510	0.05842	0.00557
38	0.00982	0.00837	0.00911	0.03633	0.02639	0.00963	0.00643	0.06748	0.71059	0.01634	0.01510	0.02575	0.01156	0.02377	0.00434	0.00137	0.00328	0.00445	0.00383	0.00605
39	0.62194	0.00907	0.00828	0.02249	0.16019	0.09800	0.00613	0.01203	0.00757	0.01575	0.00590	0.00712	0.00471	0.00366	0.00283	0.00118	0.00379	0.00244	0.00228	0.00464
40	0.00902	0.01189	0.19901	0.05730	0.28078	0.04266	0.19108	0.01270	0.07845	0.01268	0.02488	0.01157	0.03028	0.00407	0.00407	0.00125	0.00519	0.01537	0.00217	0.00559
41	0.00924	0.00895	0.02499	0.16431	0.56494	0.02339	0.01088	0.02408	0.01981	0.01246	0.00758	0.02105	0.00632	0.00369	0.00381	0.00114	0.00460	0.00348	0.00202	0.08328
42	0.01042	0.00682	0.00824	0.00623	0.00935	0.00557	0.00498	0.01269	0.06517	0.21781	0.01040	0.05139	0.00817	0.00401	0.00334	0.00084	0.00299	0.00330	0.00313	0.56514
43	0.01490	0.01098	0.01177	0.00902	0.01216	0.01216	0.00745	0.82470	0.01843	0.02471	0.00941	0.00941	0.00667	0.00471	0.00392	0.00118	0.00431	0.00353	0.00392	0.00667
44	0.00955	0.28664	0.35686	0.02027	0.05000	0.03226	0.05531	0.03014	0.03754	0.04506	0.03672	0.00902	0.00671	0.00386	0.00345	0.00111	0.00494	0.00302	0.00206	0.00549
45	0.00832	0.00554	0.00665	0.00615	0.00762	0.00564	0.00476	0.02314	0.15859	0.15255	0.06260	0.15162	0.24158	0.02188	0.04654	0.00166	0.05026	0.03663	0.00374	0.00452
46	0.00564	0.00406	0.00559	0.00559	0.00605	0.00452	0.00402	0.00655	0.00609	0.00858	0.01115	0.01899	0.01136	0.32109	0.55713	0.00543	0.00815	0.00473	0.00220	0.00311
47	0.04852	0.06104	0.04549	0.05413	0.05865	0.06409	0.05531	0.11126	0.02488	0.18149	0.01181	0.13204	0.03006	0.00614	0.01806	0.00137	0.08273	0.00466	0.00307	0.00520
48	0.02082	0.06572	0.38650	0.05056	0.04705	0.05274	0.06107	0.11042	0.01002	0.11117	0.02038	0.02204	0.00663	0.00416	0.00388	0.00121	0.01413	0.00337	0.00244	0.00571
49	0.00925	0.01058	0.02313	0.01652	0.02049	0.00991	0.82353	0.01256	0.00925	0.01256	0.00793	0.01058	0.00595	0.00330	0.00463	0.00132	0.00661	0.00463	0.00198	0.00529
50	0.00984	0.08576	0.12535	0.09789	0.41700	0.04691	0.08025	0.01237	0.00893	0.05528	0.01944	0.00972	0.00640	0.00370	0.00381	0.00117	0.00499	0.00342	0.00205	0.00571
51	0.00854	0.01886	0.07282	0.00833	0.04934	0.11397	0.06462	0.01072	0.06877	0.08278	0.06061	0.27095	0.06004	0.06960	0.00545	0.00150	0.00385	0.00641	0.00311	0.01975

[dist]
# distance from previous block
# <min> <max>
4	12

[block]
# block no. 6 follows, 69 sequences, length 28
# corresponding to MSA columns:
# 1035-1062
name=unknown_G
#
# <colnr> <probs for GDERKNQSTAVLIFYWHMCP>
#	G	D	E	R	K	N	Q	S	T	A	V	L	I	F	Y	W	H	M	C	P
0	0.01182	0.39154	0.01586	0.06362	0.06194	0.32675	0.02656	0.02801	0.00942	0.01004	0.00605	0.00724	0.00518	0.00367	0.00315	0.00097	0.00541	0.00252	0.00188	0.01835
1	0.00973	0.00804	0.00861	0.00773	0.00989	0.00915	0.00604	0.03295	0.71979	0.04349	0.05015	0.01628	0.03072	0.00563	0.00406	0.00133	0.00307	0.02332	0.00401	0.00600
2	0.00477	0.00345	0.00451	0.00535	0.00566	0.00319	0.00359	0.00547	0.00761	0.01005	0.02296	0.79842	0.08630	0.01211	0.00498	0.00157	0.00225	0.01093	0.00364	0.00319
3	0.00640	0.00459	0.00498	0.00485	0.00533	0.03623	0.00308	0.00687	0.00707	0.03804	0.10071	0.11656	0.04357	0.55345	0.01432	0.00288	0.00344	0.00621	0.00283	0.03860
4	0.00541	0.00371	0.00449	0.00476	0.00489	0.00367	0.00293	0.00574	0.00642	0.00861	0.03475	0.28115	0.01814	0.53610	0.05955	0.00320	0.00365	0.00732	0.00279	0.00272
5	0.00682	0.00341	0.00506	0.00506	0.00509	0.00341	0.00338	0.00523	0.00520	0.00705	0.00699	0.01200	0.00691	0.01334	0.01494	0.85881	0.00336	0.00341	0.02875	0.00176
6	0.00499	0.00371	0.00465	0.00500	0.00566	0.00337	0.00353	0.00611	0.00894	0.01195	0.28493	0.43142	0.19045	0.01045	0.00481	0.00142	0.00208	0.00928	0.00386	0.00337
7	0.00571	0.00409	0.00596	0.00596	0.00652	0.00465	0.00448	0.00669	0.00613	0.00874	0.01043	0.01636	0.01010	0.12828	0.68165	0.07546	0.00914	0.00432	0.00210	0.00322
8	0.01410	0.00941	0.01027	0.00800	0.01080	0.01018	0.00657	0.61253	0.01611	0.11738	0.01060	0.01063	0.00751	0.00470	0.00375	0.00114	0.00384	0.00360	0.13265	0.00623
9	0.01033	0.35890	0.15292	0.05358	0.12612	0.06888	0.05370	0.04162	0.05294	0.03634	0.00723	0.00835	0.00581	0.00370	0.00333	0.00106	0.00482	0.00289	0.00205	0.00543
10	0.00868	0.00758	0.01135	0.04611	0.08403	0.00659	0.14229	0.02081	0.02197	0.04428	0.00876	0.03834	0.00750	0.00417	0.01417	0.00099	0.00392	0.03704	0.00244	0.48898
11	0.00973	0.15444	0.30380	0.00957	0.03363	0.02170	0.06730	0.07530	0.08301	0.06725	0.00968	0.03324	0.03022	0.00426	0.00363	0.00113	0.00461	0.00348	0.00245	0.08156
12	0.02241	0.00740	0.10378	0.00674	0.02016	0.00575	0.03032	0.04184	0.07512	0.10074	0.23674	0.02194	0.21108	0.00651	0.00416	0.00120	0.00299	0.00553	0.00353	0.09206
13	0.00478	0.00341	0.00455	0.00546	0.00569	0.00318	0.00364	0.00546	0.00751	0.01001	0.02161	0.85966	0.02593	0.01228	0.00500	0.00159	0.00227	0.01114	0.00364	0.00318
14	0.04218	0.32764	0.09844	0.02516	0.07867	0.21628	0.02826	0.06127	0.00954	0.03725	0.01737	0.00830	0.00599	0.02385	0.00364	0.00109	0.00507	0.00278	0.00210	0.00512
15	0.03231	0.06286	0.14903	0.02548	0.27122	0.03194	0.07086	0.03371	0.03752	0.07862	0.04083	0.03633	0.00807	0.00412	0.00375	0.00113	0.00445	0.00365	0.00243	0.10170
16	0.00740	0.00697	0.01176	0.85280	0.02700	0.00871	0.01089	0.01002	0.00784	0.01002	0.00697	0.01045	0.00523	0.00392	0.00392	0.00131	0.00523	0.00348	0.00174	0.00436
17	0.00478	0.00341	0.00455	0.00546	0.00569	0.00318	0.00364	0.00546	0.00751	0.01001	0.02161	0.85966	0.02593	0.01228	0.00500	0.00159	0.00227	0.01114	0.00364	0.00318
18	0.01054	0.81703	0.02004	0.00690	0.01012	0.03786	0.00679	0.01178	0.00799	0.00924	0.00546	0.00638	0.00503	0.00347	0.00284	0.00087	0.02882	0.00215	0.00169	0.00500
19	0.01117	0.23944	0.08131	0.02366	0.13945	0.06907	0.04482	0.13317	0.04767	0.08892	0.04304	0.04445	0.00841	0.00444	0.00361	0.00112	0.00443	0.00360	0.00267	0.00556
20	0.00740	0.00697	0.01176	0.85280	0.02700	0.00871	0.01089	0.01002	0.00784	0.01002	0.00697	0.01045	0.00523	0.00392	0.00392	0.00131	0.00523	0.00348	0.00174	0.00436
21	0.00555	0.00401	0.00524	0.00493	0.00586	0.00370	0.00370	0.00740	0.01110	0.01572	0.83570	0.02928	0.03699	0.00801	0.00462	0.00123	0.00185	0.00709	0.00432	0.00370
22	0.01048	0.86458	0.02054	0.00671	0.01006	0.01551	0.00671	0.01174	0.00797	0.00922	0.00545	0.00629	0.00503	0.00335	0.00252	0.00084	0.00419	0.00210	0.00168	0.00503
23	0.02534	0.14709	0.01488	0.02618	0.38438	0.05485	0.05409	0.06057	0.07284	0.07753	0.02802	0.01059	0.00758	0.00402	0.00371	0.00114	0.00448	0.01444	0.00249	0.00579
24	0.00632	0.00451	0.00632	0.00722	0.00812	0.00451	0.00632	0.00812	0.00902	0.01173	0.02076	0.04422	0.02256	0.01083	0.00541	0.00180	0.00361	0.81138	0.00361	0.00361
25	0.00549	0.00394	0.00526	0.00599	0.00658	0.00379	0.00462	0.00668	0.00833	0.01097	0.07352	0.39004	0.06915	0.05552	0.00590	0.00176	0.00285	0.33266	0.00360	0.00335
26	0.02451	0.13395	0.26321	0.04541	0.17226	0.03378	0.05673	0.02935	0.05029	0.12684	0.00859	0.00958	0.00639	0.00429	0.01728	0.00125	0.00494	0.00325	0.00237	0.00574
27	0.04349	0.04283	0.05595	0.04975	0.04926	0.16966	0.05873	0.13740	0.10565	0.06479	0.02345	0.09081	0.05441	0.00547	0.00394	0.00123	0.00448	0.01923	0.01433	0.00515

[dist]
# distance from previous block
# <min> <max>
1	3

[block]
# block no. 7 follows, 69 sequences, length 15
# corresponding to MSA columns:
# 1067-1081
name=unknown_H
#
# <colnr> <probs for GDERKNQSTAVLIFYWHMCP>
#	G	D	E	R	K	N	Q	S	T	A	V	L	I	F	Y	W	H	M	C	P
0	0.30737	0.00672	0.00763	0.00625	0.00886	0.00657	0.00509	0.01551	0.00941	0.50102	0.01261	0.07742	0.00916	0.00503	0.00352	0.00124	0.00315	0.00390	0.00395	0.00559
1	0.00552	0.00468	0.02743	0.00651	0.02890	0.00424	0.02406	0.00691	0.02582	0.01094	0.06006	0.46433	0.15834	0.01054	0.00507	0.00153	0.02224	0.12580	0.00349	0.00358
2	0.02421	0.32779	0.24723	0.00952	0.05394	0.06543	0.03746	0.03406	0.05363	0.08691	0.00794	0.00900	0.00622	0.00391	0.00335	0.00109	0.00477	0.01581	0.00223	0.00550
3	0.00800	0.06517	0.79824	0.01094	0.01660	0.00945	0.01407	0.01238	0.00826	0.01225	0.00695	0.00817	0.00497	0.00370	0.00366	0.00122	0.00571	0.00285	0.00166	0.00575
4	0.00479	0.00392	0.00423	0.00427	0.00542	0.00336	0.00316	0.00589	0.00914	0.01135	0.16423	0.11727	0.62965	0.00986	0.00467	0.00134	0.00199	0.00837	0.00375	0.00336
5	0.02575	0.05106	0.07669	0.17214	0.16443	0.13874	0.22118	0.02694	0.00916	0.02846	0.00762	0.02275	0.00614	0.00394	0.00412	0.00122	0.02004	0.01243	0.00204	0.00515
6	0.00881	0.04448	0.39796	0.02074	0.01504	0.02715	0.17561	0.05065	0.00893	0.05267	0.01791	0.07594	0.00793	0.04152	0.01970	0.00147	0.02188	0.00413	0.00222	0.00526
7	0.00513	0.00367	0.00496	0.00587	0.00625	0.00349	0.00426	0.00608	0.00786	0.01041	0.02141	0.67089	0.02515	0.01195	0.00510	0.00164	0.00258	0.19640	0.00363	0.00328
8	0.00664	0.00575	0.02449	0.00692	0.00769	0.03308	0.00549	0.03417	0.00679	0.00958	0.00974	0.01497	0.00930	0.11169	0.57823	0.00499	0.12053	0.00415	0.00213	0.00367
9	0.05138	0.13824	0.26699	0.02748	0.15451	0.04227	0.07597	0.06148	0.04926	0.07336	0.00799	0.00907	0.00603	0.00387	0.00374	0.00117	0.01608	0.00318	0.00227	0.00568
10	0.00648	0.01773	0.00690	0.00743	0.08670	0.00529	0.00483	0.02525	0.00698	0.02348	0.02396	0.10567	0.02862	0.27604	0.33101	0.00399	0.02827	0.00536	0.00246	0.00355
11	0.00570	0.00428	0.00631	0.04725	0.00763	0.00495	0.00488	0.00698	0.00630	0.00896	0.01056	0.01645	0.01014	0.13266	0.70193	0.00574	0.00940	0.00435	0.00212	0.00340
12	0.00990	0.02227	0.04675	0.08281	0.27404	0.02448	0.17818	0.08411	0.08870	0.05382	0.00985	0.07578	0.00825	0.00458	0.00425	0.00126	0.01842	0.00437	0.00256	0.00560
13	0.01152	0.02890	0.12881	0.05549	0.08051	0.09837	0.12908	0.16197	0.07042	0.11206	0.01824	0.01081	0.00727	0.00445	0.00444	0.00124	0.05021	0.01772	0.00280	0.00568
14	0.06813	0.02100	0.07960	0.05263	0.06632	0.14440	0.10478	0.06709	0.02793	0.01232	0.00953	0.10022	0.00888	0.00699	0.05576	0.00162	0.10606	0.04351	0.01852	0.00471

[dist]
# distance from previous block
# <min> <max>
1	8

[block]
# block no. 8 follows, 69 sequences, length 24
# corresponding to MSA columns:
# 1091-1114
name=unknown_I
#
# <colnr> <probs for GDERKNQSTAVLIFYWHMCP>
#	G	D	E	R	K	N	Q	S	T	A	V	L	I	F	Y	W	H	M	C	P
0	0.04044	0.05057	0.24616	0.00837	0.01210	0.00804	0.04879	0.10533	0.00940	0.02588	0.02186	0.03211	0.00717	0.00411	0.00375	0.00102	0.02860	0.02295	0.02065	0.30270
1	0.01011	0.28096	0.05154	0.01095	0.08789	0.09850	0.18399	0.04152	0.05295	0.01182	0.01720	0.03809	0.00692	0.00391	0.00353	0.00105	0.00486	0.00342	0.00216	0.08861
2	0.00788	0.02144	0.00542	0.00538	0.02729	0.00433	0.00405	0.00951	0.00860	0.09151	0.03882	0.10941	0.01445	0.02758	0.00404	0.00125	0.00248	0.13758	0.47505	0.00395
3	0.02177	0.20155	0.28084	0.01030	0.06219	0.01072	0.06954	0.02331	0.20462	0.01275	0.00921	0.03143	0.00735	0.00431	0.00392	0.00120	0.03356	0.00348	0.00235	0.00558
4	0.05141	0.03194	0.01087	0.15293	0.04042	0.22150	0.00771	0.20034	0.04634	0.01447	0.08591	0.01091	0.00886	0.00520	0.01767	0.00129	0.08099	0.00354	0.00270	0.00501
5	0.86012	0.00770	0.00597	0.00529	0.00774	0.00891	0.00435	0.03922	0.00707	0.01783	0.00559	0.00647	0.00433	0.00368	0.00248	0.00121	0.00308	0.00217	0.00248	0.00433
6	0.00536	0.00427	0.00492	0.00456	0.00592	0.00366	0.00345	0.00680	0.00980	0.01302	0.38171	0.03127	0.41111	0.00843	0.00447	0.00121	0.00201	0.00720	0.00381	0.08703
7	0.00642	0.00347	0.00505	0.00517	0.00523	0.00348	0.00345	0.00529	0.00551	0.00739	0.00923	0.12199	0.00986	0.06332	0.05754	0.67535	0.00365	0.00458	0.00201	0.00203
8	0.00925	0.01058	0.02313	0.01652	0.02049	0.00991	0.82353	0.01256	0.00925	0.01256	0.00793	0.01058	0.00595	0.00330	0.00463	0.00132	0.00661	0.00463	0.00198	0.00529
9	0.00669	0.00426	0.00561	0.00513	0.00625	0.00389	0.00389	0.00851	0.01111	0.09377	0.75808	0.02778	0.03441	0.00772	0.00456	0.00123	0.00199	0.00679	0.00437	0.00398
10	0.00463	0.00397	0.00397	0.00397	0.00530	0.00331	0.00298	0.00563	0.00894	0.01059	0.03971	0.03773	0.83618	0.00993	0.00463	0.00132	0.00199	0.00827	0.00364	0.00331
11	0.88991	0.00758	0.00576	0.00516	0.00758	0.00879	0.00425	0.01152	0.00667	0.01759	0.00546	0.00637	0.00425	0.00364	0.00243	0.00121	0.00303	0.00212	0.00243	0.00425
12	0.00570	0.00382	0.00439	0.00439	0.00443	0.00386	0.00252	0.00578	0.00574	0.00769	0.01225	0.02507	0.01400	0.81464	0.06719	0.00394	0.00418	0.00562	0.00236	0.00244
13	0.00963	0.00924	0.01579	0.04892	0.81345	0.00930	0.01200	0.01197	0.00889	0.01272	0.00736	0.00973	0.00618	0.00351	0.00388	0.00117	0.00467	0.00349	0.00193	0.00615
14	0.00786	0.02028	0.84191	0.01117	0.01697	0.00910	0.01448	0.01242	0.00828	0.01242	0.00704	0.00828	0.00497	0.00372	0.00372	0.00124	0.00579	0.00290	0.00166	0.00579
15	0.00585	0.00379	0.00422	0.00422	0.00430	0.00379	0.00241	0.00603	0.00594	0.00827	0.01239	0.02461	0.01385	0.78106	0.01832	0.00353	0.00361	0.00551	0.08581	0.00250
16	0.00489	0.00356	0.00475	0.03300	0.00631	0.00339	0.00380	0.00562	0.00750	0.00994	0.02146	0.76901	0.05529	0.04456	0.00553	0.00166	0.00242	0.01058	0.00353	0.00320
