[name]
unknown

[dist]
# distance from previous block
# <min> <max>
0	35

[block]
# block no. 0 follows, 71 sequences, length 14
# corresponding to MSA columns:
# 35-48
name=unknown_A
#
# <colnr> <probs for GDERKNQSTAVLIFYWHMCP>
#	G	D	E	R	K	N	Q	S	T	A	V	L	I	F	Y	W	H	M	C	P
0	0.03139	0.00880	0.01004	0.03769	0.06687	0.02678	0.00665	0.36420	0.03804	0.02867	0.00915	0.01135	0.00738	0.00436	0.00359	0.00102	0.00378	0.05995	0.00307	0.27721
1	0.04624	0.00883	0.01221	0.09851	0.33196	0.02537	0.02966	0.12108	0.17932	0.03827	0.00927	0.01035	0.00716	0.00399	0.00372	0.00115	0.00414	0.00350	0.00267	0.06260
2	0.00471	0.00338	0.00442	0.00523	0.00548	0.00315	0.00347	0.00536	0.00730	0.00969	0.02129	0.79067	0.05329	0.05589	0.00563	0.00166	0.00229	0.01053	0.00350	0.00308
3	0.00636	0.00506	0.00678	0.05945	0.00836	0.03353	0.06192	0.03601	0.01858	0.03627	0.03597	0.50774	0.06998	0.08808	0.00598	0.00165	0.00309	0.00839	0.00323	0.00358
4	0.01226	0.00979	0.01044	0.10555	0.03815	0.09059	0.00715	0.44978	0.06509	0.05301	0.02568	0.03586	0.00828	0.06502	0.00494	0.00135	0.00434	0.00386	0.00329	0.00557
5	0.00518	0.00370	0.00459	0.00490	0.00528	0.00362	0.00330	0.00581	0.00692	0.00916	0.04575	0.29101	0.11849	0.32425	0.10874	0.00285	0.00372	0.04684	0.00295	0.00291
6	0.01025	0.86756	0.02009	0.00656	0.00984	0.01517	0.00656	0.01148	0.00779	0.00902	0.00533	0.00615	0.00492	0.00328	0.00246	0.00082	0.00410	0.00205	0.00164	0.00492
7	0.01444	0.00588	0.00798	0.00641	0.00884	0.00513	0.00517	0.01591	0.01066	0.65345	0.13804	0.08407	0.01474	0.00579	0.00404	0.00122	0.00296	0.00488	0.00457	0.00582
8	0.00558	0.00372	0.00418	0.00418	0.00418	0.00372	0.00232	0.00558	0.00558	0.00743	0.01208	0.02509	0.01394	0.86525	0.01952	0.00372	0.00372	0.00558	0.00232	0.00232
9	0.10686	0.00828	0.00927	0.00731	0.01010	0.03578	0.00599	0.27164	0.04099	0.40947	0.04668	0.01163	0.00905	0.00470	0.00371	0.00117	0.00358	0.00364	0.00407	0.00607
10	0.00923	0.00885	0.01510	0.11850	0.74838	0.00904	0.01164	0.01154	0.00861	0.01221	0.00717	0.00957	0.00596	0.00346	0.00380	0.00115	0.00462	0.00342	0.00188	0.00587
11	0.01025	0.00827	0.00889	0.00768	0.01007	0.00922	0.00604	0.09369	0.65553	0.05679	0.01432	0.01328	0.01066	0.00494	0.00381	0.00122	0.00314	0.00407	0.00381	0.07431
12	0.00813	0.07843	0.24820	0.00754	0.01042	0.00725	0.02543	0.06809	0.06282	0.06578	0.31407	0.03363	0.04291	0.00572	0.00398	0.00119	0.00355	0.00483	0.00317	0.00486
13	0.07053	0.17373	0.60008	0.00954	0.01443	0.00989	0.01171	0.01224	0.00805	0.04699	0.00684	0.00782	0.00501	0.00362	0.00335	0.00114	0.00509	0.00268	0.00181	0.00546

[dist]
# distance from previous block
# <min> <max>
0	1

[block]
# block no. 1 follows, 71 sequences, length 84
# corresponding to MSA columns:
# 50-133
name=unknown_B
#
# <colnr> <probs for GDERKNQSTAVLIFYWHMCP>
#	G	D	E	R	K	N	Q	S	T	A	V	L	I	F	Y	W	H	M	C	P
0	0.00996	0.77703	0.07135	0.04383	0.01098	0.01449	0.00721	0.01145	0.00780	0.00925	0.00549	0.00645	0.00492	0.00333	0.00259	0.00086	0.00424	0.00216	0.00164	0.00494
1	0.01108	0.00550	0.00746	0.06742	0.00922	0.00513	0.00514	0.03828	0.01090	0.38377	0.38648	0.01976	0.02113	0.00607	0.00415	0.00120	0.00277	0.00520	0.00426	0.00505
2	0.00772	0.00734	0.01246	0.67298	0.14049	0.00869	0.04622	0.01055	0.03622	0.01050	0.00721	0.01026	0.00550	0.00380	0.00386	0.00126	0.00502	0.00349	0.00182	0.00462
3	0.00491	0.00390	0.00442	0.00429	0.00541	0.00340	0.00321	0.00624	0.00964	0.01250	0.38125	0.03337	0.49603	0.00891	0.00453	0.00126	0.00189	0.00760	0.00384	0.00340
4	0.00802	0.00761	0.01290	0.56885	0.30753	0.00872	0.01103	0.01048	0.00803	0.01074	0.00695	0.00997	0.00544	0.00369	0.00382	0.00123	0.00492	0.00341	0.00177	0.00489
5	0.00954	0.00824	0.00867	0.00780	0.00997	0.00954	0.00607	0.02037	0.83441	0.01604	0.01561	0.01431	0.01170	0.00520	0.00390	0.00130	0.00303	0.00433	0.00390	0.00607
6	0.01079	0.00795	0.01027	0.29244	0.06687	0.04641	0.00794	0.03887	0.25683	0.19534	0.01133	0.01182	0.00815	0.00444	0.00383	0.00123	0.00408	0.00373	0.00312	0.01458
7	0.01331	0.00944	0.01033	0.00827	0.01101	0.01036	0.00673	0.52659	0.20246	0.10610	0.01176	0.03209	0.00874	0.00504	0.00390	0.00121	0.00379	0.01863	0.00393	0.00628
8	0.89233	0.00741	0.00564	0.00504	0.00741	0.00860	0.00415	0.01127	0.00653	0.01720	0.00534	0.00623	0.00415	0.00356	0.00237	0.00119	0.00297	0.00208	0.00237	0.00415
9	0.83525	0.00736	0.00585	0.00516	0.00757	0.00841	0.00425	0.01175	0.00682	0.07114	0.00598	0.00667	0.00450	0.00364	0.00247	0.00119	0.00299	0.00219	0.00253	0.00431
10	0.00485	0.00375	0.00438	0.00467	0.00547	0.00338	0.00336	0.00579	0.00820	0.01043	0.09960	0.28030	0.39510	0.07616	0.02859	0.00171	0.00247	0.05514	0.00348	0.00319
11	0.00473	0.00388	0.00417	0.00413	0.00531	0.00332	0.00309	0.00588	0.00918	0.01146	0.21682	0.05516	0.64086	0.00935	0.00454	0.00128	0.00192	0.00790	0.00371	0.00332
12	0.01008	0.00836	0.00887	0.00785	0.01010	0.00960	0.00614	0.07550	0.75729	0.03810	0.01516	0.01392	0.01129	0.00515	0.00390	0.00129	0.00312	0.00426	0.00392	0.00611
13	0.00471	0.00352	0.00438	0.00494	0.00549	0.00319	0.00341	0.00557	0.00802	0.01048	0.10732	0.58483	0.21805	0.01105	0.00477	0.00146	0.00212	0.00984	0.00363	0.00319
14	0.14744	0.00606	0.00652	0.00580	0.00746	0.00628	0.00449	0.18233	0.03063	0.06309	0.17637	0.15927	0.13778	0.03175	0.00445	0.00133	0.00276	0.00594	0.01589	0.00437
15	0.00886	0.00442	0.00476	0.00433	0.00562	0.00440	0.00335	0.06700	0.00908	0.11401	0.01259	0.01379	0.00956	0.00451	0.00290	0.00095	0.00213	0.00360	0.72001	0.00413
16	0.00611	0.00413	0.00477	0.00461	0.00579	0.00368	0.00343	0.00752	0.02759	0.08282	0.21563	0.13346	0.39997	0.03144	0.00480	0.00134	0.00212	0.00743	0.04971	0.00365
17	0.00516	0.00382	0.00464	0.00491	0.00558	0.00357	0.00346	0.00650	0.03682	0.01137	0.21690	0.35996	0.18984	0.08407	0.00592	0.00159	0.00225	0.02663	0.02370	0.00331
18	0.00680	0.00534	0.00612	0.00580	0.00713	0.00549	0.00440	0.04364	0.23862	0.02198	0.29183	0.14667	0.16451	0.00795	0.00439	0.00131	0.00239	0.02743	0.00389	0.00430
19	0.00794	0.00614	0.00688	0.00635	0.00800	0.00654	0.00490	0.01392	0.40906	0.06185	0.20787	0.06730	0.13728	0.00697	0.00423	0.00130	0.00258	0.03206	0.00394	0.00489
20	0.00505	0.00370	0.00452	0.00486	0.00548	0.00342	0.00344	0.00601	0.00820	0.01085	0.17559	0.33771	0.20899	0.12250	0.00665	0.00172	0.00237	0.06675	0.01905	0.00317
21	0.00588	0.00415	0.00512	0.00519	0.00582	0.00412	0.00370	0.04561	0.01849	0.01079	0.13838	0.19032	0.10540	0.22317	0.07864	0.05800	0.00345	0.07530	0.01529	0.00318
22	0.00467	0.00334	0.00445	0.00534	0.00556	0.00311	0.00356	0.00534	0.00734	0.00979	0.02113	0.86275	0.02536	0.01201	0.00489	0.00156	0.00222	0.01090	0.00356	0.00311
23	0.00507	0.00394	0.00466	0.00509	0.00583	0.00372	0.00358	0.00675	0.07887	0.01070	0.05559	0.50920	0.27172	0.01058	0.00469	0.00144	0.00219	0.00934	0.00361	0.00342
24	0.02759	0.00508	0.00664	0.16987	0.01017	0.01703	0.02048	0.03360	0.02961	0.01119	0.12747	0.19364	0.17551	0.10851	0.03659	0.00178	0.00340	0.01520	0.00303	0.00362
25	0.08119	0.01317	0.01050	0.03849	0.04257	0.38198	0.00715	0.29584	0.01256	0.01521	0.00777	0.04522	0.00640	0.00464	0.00380	0.01723	0.00526	0.00323	0.00270	0.00509
26	0.00778	0.04997	0.81604	0.01077	0.01635	0.00913	0.01390	0.01212	0.00808	0.01203	0.00683	0.00803	0.00486	0.00363	0.00360	0.00120	0.00561	0.00281	0.00162	0.00564
27	0.00610	0.00368	0.00546	0.00545	0.00577	0.00395	0.00392	0.00586	0.00574	0.00797	0.04450	0.01404	0.00928	0.03529	0.35635	0.47224	0.00611	0.00385	0.00195	0.00248
28	0.00868	0.00733	0.00975	0.16598	0.08593	0.05408	0.06599	0.11986	0.05050	0.04677	0.05139	0.08942	0.11187	0.06369	0.02038	0.03191	0.00411	0.00504	0.00282	0.00450
29	0.01016	0.31523	0.10554	0.03442	0.02892	0.04011	0.22554	0.04769	0.00884	0.07129	0.00746	0.02790	0.00605	0.00390	0.00400	0.00112	0.05125	0.00333	0.00210	0.00516
30	0.00542	0.00387	0.00534	0.00546	0.00587	0.00422	0.00389	0.00623	0.00614	0.00856	0.01223	0.13879	0.01297	0.25785	0.47664	0.02858	0.00712	0.00546	0.00233	0.00303
31	0.01046	0.01091	0.01049	0.10136	0.04556	0.27465	0.05650	0.04645	0.22615	0.01204	0.00973	0.01191	0.00801	0.04276	0.02100	0.02662	0.03403	0.02640	0.02017	0.00480
32	0.01015	0.01090	0.16153	0.10444	0.10308	0.00973	0.05850	0.20354	0.23506	0.02886	0.01010	0.01826	0.00758	0.00440	0.00399	0.00124	0.01628	0.00371	0.00288	0.00580
33	0.00531	0.00415	0.00487	0.00461	0.00579	0.00372	0.00349	0.00708	0.03657	0.01330	0.46372	0.03085	0.34594	0.00834	0.00446	0.00123	0.00196	0.01686	0.00388	0.03389
34	0.04498	0.00598	0.07264	0.00550	0.00717	0.00495	0.00468	0.04967	0.05528	0.03454	0.43121	0.02593	0.22803	0.00740	0.00428	0.00123	0.00242	0.00629	0.00374	0.00406
35	0.00893	0.00821	0.02672	0.00780	0.02300	0.08771	0.03354	0.08732	0.28336	0.03110	0.06247	0.07873	0.12224	0.00759	0.04809	0.00155	0.04052	0.03290	0.00333	0.00490
36	0.00750	0.01753	0.04763	0.65309	0.08011	0.02659	0.01015	0.01878	0.00799	0.01035	0.02774	0.05001	0.00693	0.00459	0.01463	0.00133	0.00497	0.00379	0.00189	0.00440
37	0.00858	0.00705	0.00819	0.00590	0.00928	0.00554	0.00474	0.06000	0.00864	0.03349	0.00716	0.00815	0.00582	0.00299	0.00293	0.00062	0.00293	0.00238	0.00243	0.81318
38	0.00863	0.04490	0.45539	0.03274	0.03149	0.00953	0.24805	0.05233	0.05633	0.01283	0.00770	0.00916	0.00564	0.00365	0.00389	0.00123	0.00559	0.00344	0.00196	0.00554
39	0.00475	0.00339	0.00453	0.00538	0.00565	0.00318	0.00365	0.00549	0.00752	0.01004	0.04988	0.80532	0.02563	0.01182	0.00489	0.00155	0.00225	0.03834	0.00358	0.00315
40	0.00573	0.00411	0.00530	0.00496	0.00594	0.00386	0.00374	0.00782	0.03896	0.02822	0.76624	0.02786	0.05244	0.00809	0.01873	0.00129	0.00202	0.00677	0.00417	0.00374
41	0.00528	0.00388	0.00494	0.00476	0.00566	0.00354	0.00354	0.00692	0.01038	0.01444	0.69542	0.08674	0.12357	0.00833	0.00455	0.00124	0.00185	0.00733	0.00410	0.00354
42	0.01037	0.84365	0.01983	0.00665	0.00990	0.03867	0.00658	0.01159	0.00788	0.00903	0.00535	0.00617	0.00492	0.00330	0.00249	0.00082	0.00418	0.00206	0.00165	0.00491
43	0.00790	0.00730	0.01188	0.69497	0.11991	0.00877	0.01048	0.04603	0.03501	0.01094	0.00725	0.01023	0.00550	0.00386	0.00383	0.00126	0.00494	0.00344	0.00189	0.00463
44	0.01039	0.68114	0.05159	0.00674	0.00987	0.01321	0.00662	0.01198	0.02650	0.08206	0.00716	0.03505	0.00629	0.00462	0.03180	0.00109	0.00422	0.00265	0.00204	0.00501
45	0.00734	0.00664	0.00999	0.51447	0.01895	0.00803	0.00854	0.06210	0.00848	0.01110	0.06466	0.01509	0.13196	0.00537	0.00507	0.00132	0.11008	0.00433	0.00228	0.00420
46	0.13100	0.09998	0.01231	0.02759	0.01171	0.30884	0.08121	0.07827	0.00943	0.04483	0.00644	0.00781	0.00524	0.00433	0.00496	0.00117	0.15511	0.00287	0.00219	0.00472
47	0.00811	0.06657	0.12996	0.02463	0.24535	0.00737	0.04184	0.04015	0.02240	0.05019	0.02587	0.26624	0.03274	0.00645	0.00410	0.00128	0.00386	0.01535	0.00267	0.00489
48	0.00905	0.05766	0.03038	0.14954	0.50071	0.00948	0.11543	0.01158	0.02386	0.01184	0.00720	0.00954	0.00588	0.00358	0.00406	0.00118	0.02942	0.00347	0.00189	0.01427
49	0.00490	0.00350	0.00472	0.00560	0.00593	0.00331	0.00396	0.00574	0.00757	0.01005	0.02100	0.73624	0.02485	0.01179	0.00496	0.00159	0.00243	0.13512	0.00355	0.00318
50	0.00994	0.54710	0.18688	0.00799	0.02933	0.05181	0.00813	0.03816	0.00843	0.02448	0.01664	0.02361	0.00586	0.00367	0.00293	0.00095	0.00446	0.00257	0.00186	0.02520
51	0.00466	0.00368	0.00419	0.00455	0.00539	0.00323	0.00325	0.00554	0.00820	0.01023	0.04860	0.35653	0.47608	0.02196	0.00489	0.00144	0.00211	0.02871	0.00356	0.00319
52	0.01227	0.03047	0.02088	0.05597	0.01181	0.56406	0.00722	0.06497	0.02085	0.01060	0.03021	0.00986	0.04263	0.01573	0.04001	0.00132	0.05135	0.00312	0.00221	0.00445
53	0.00533	0.00367	0.00482	0.00542	0.00589	0.00345	0.00386	0.00624	0.00789	0.03205	0.09498	0.55770	0.05966	0.07280	0.00593	0.00169	0.00249	0.11934	0.00356	0.00325
54	0.01082	0.74937	0.01881	0.00702	0.01012	0.13133	0.00668	0.01201	0.00822	0.00907	0.00541	0.00626	0.00492	0.00337	0.00260	0.00084	0.00449	0.00211	0.00169	0.00485
55	0.00481	0.00391	0.00424	0.00421	0.00538	0.00337	0.00317	0.00596	0.00913	0.01141	0.20909	0.03511	0.62003	0.02785	0.00488	0.00135	0.00201	0.03713	0.00367	0.00331
56	0.01136	0.00941	0.02782	0.00825	0.01082	0.01039	0.00669	0.31859	0.51510	0.01895	0.01305	0.01229	0.00964	0.00495	0.00387	0.00124	0.00353	0.00398	0.00383	0.00623
57	0.00558	0.00372	0.00418	0.00418	0.00418	0.00372	0.00232	0.00558	0.00558	0.00743	0.01208	0.02509	0.01394	0.86525	0.01952	0.00372	0.00372	0.00558	0.00232	0.00232
58	0.00811	0.00680	0.00811	0.00600	0.00906	0.00552	0.01426	0.04063	0.00841	0.02584	0.02884	0.02761	0.03961	0.00366	0.00341	0.00071	0.03335	0.00293	0.00247	0.72468
59	0.01140	0.08059	0.06420	0.00980	0.01190	0.31065	0.07073	0.11952	0.03660	0.01181	0.00684	0.00863	0.00574	0.02585	0.01932	0.00134	0.19498	0.00310	0.00217	0.00482
60	0.00511	0.00385	0.00481	0.00530	0.00609	0.00355	0.00406	0.00629	0.00855	0.01104	0.12052	0.30644	0.26775	0.01047	0.00485	0.00149	0.00243	0.22044	0.00363	0.00332
61	0.00838	0.00707	0.00818	0.00588	0.00927	0.00555	0.00472	0.06216	0.00860	0.01324	0.00697	0.00803	0.00573	0.00295	0.00290	0.00061	0.00293	0.00235	0.00237	0.83213
62	0.00715	0.00357	0.00357	0.00357	0.00447	0.00357	0.00268	0.00893	0.00804	0.01429	0.01251	0.01429	0.00983	0.00447	0.00268	0.00089	0.00179	0.00357	0.88654	0.00357
63	0.12993	0.45299	0.09221	0.00711	0.01018	0.05247	0.00687	0.05055	0.04434	0.05607	0.00692	0.00774	0.00568	0.00500	0.04809	0.00126	0.01293	0.00253	0.00214	0.00499
64	0.00503	0.00367	0.00475	0.00532	0.00589	0.00342	0.00387	0.00607	0.00828	0.01097	0.15329	0.48184	0.12952	0.02634	0.00512	0.00154	0.00235	0.13582	0.00364	0.00326
65	0.00501	0.00364	0.00460	0.00510	0.00572	0.00333	0.00364	0.00598	0.00827	0.02112	0.14254	0.51100	0.19102	0.01076	0.00478	0.00146	0.00221	0.06287	0.00367	0.00328
66	0.02947	0.02208	0.01033	0.00865	0.01110	0.26257	0.00682	0.27851	0.27039	0.04554	0.01031	0.01015	0.00771	0.00456	0.00370	0.00115	0.00460	0.00340	0.00328	0.00569
67	0.00500	0.00360	0.00476	0.00552	0.00594	0.00340	0.00397	0.00593	0.00782	0.01035	0.06493	0.60589	0.06634	0.03439	0.00532	0.00162	0.00246	0.15598	0.00356	0.00320
68	0.01025	0.86756	0.02009	0.00656	0.00984	0.01517	0.00656	0.01148	0.00779	0.00902	0.00533	0.00615	0.00492	0.00328	0.00246	0.00082	0.00410	0.00205	0.00164	0.00492
69	0.00523	0.00396	0.00433	0.00427	0.00549	0.00339	0.00319	0.00632	0.00904	0.04737	0.15707	0.10077	0.61722	0.00940	0.00453	0.00130	0.00200	0.00796	0.00371	0.00343
70	0.00549	0.00398	0.00530	0.00600	0.00669	0.00383	0.00478	0.00678	0.00836	0.01092	0.06640	0.29804	0.10134	0.03885	0.00552	0.00169	0.00288	0.41627	0.00354	0.00334
71	0.01019	0.84828	0.03886	0.00666	0.00999	0.01503	0.00673	0.01150	0.00780	0.00909	0.00537	0.00619	0.00492	0.00329	0.00249	0.00083	0.00414	0.00207	0.00164	0.00494
72	0.02149	0.21370	0.11191	0.00679	0.00927	0.02971	0.01578	0.11079	0.02792	0.03106	0.20043	0.06450	0.11779	0.00601	0.00379	0.00114	0.00345	0.01685	0.00300	0.00462
73	0.03384	0.00921	0.01016	0.00809	0.01090	0.00999	0.00659	0.45116	0.21475	0.18642	0.01186	0.01115	0.00832	0.00475	0.00382	0.00120	0.00371	0.00372	0.00400	0.00636
74	0.87595	0.00740	0.00574	0.02079	0.00777	0.00860	0.00427	0.01124	0.00655	0.01707	0.00537	0.00630	0.00417	0.00356	0.00240	0.00119	0.00301	0.00210	0.00236	0.00415
75	0.03051	0.36177	0.42098	0.00880	0.01308	0.05936	0.01018	0.01190	0.00817	0.01093	0.02858	0.00775	0.00571	0.00362	0.00315	0.00104	0.00494	0.00259	0.00174	0.00520
76	0.00560	0.00420	0.00555	0.00565	0.00647	0.00401	0.02995	0.00737	0.06360	0.02529	0.20608	0.41776	0.11823	0.03247	0.00508	0.00148	0.00241	0.05158	0.00366	0.00356
77	0.00899	0.01030	0.05464	0.04248	0.04581	0.00962	0.64273	0.04145	0.00906	0.01240	0.00793	0.03302	0.00627	0.00376	0.00488	0.00131	0.05376	0.00445	0.00201	0.00513
78	0.00636	0.00445	0.00608	0.00610	0.00697	0.00427	0.04514	0.00819	0.08438	0.07612	0.03980	0.58406	0.06779	0.03472	0.00509	0.00153	0.00261	0.00901	0.00358	0.00375
79	0.03945	0.67444	0.04451	0.00707	0.01027	0.08455	0.00682	0.05989	0.00868	0.02631	0.00585	0.00659	0.00508	0.00346	0.00269	0.00089	0.00434	0.00223	0.00188	0.00500
80	0.00489	0.00373	0.00451	0.00480	0.00557	0.00338	0.00343	0.00608	0.01974	0.01141	0.22283	0.37787	0.28800	0.01017	0.00468	0.00139	0.00206	0.01842	0.00372	0.00332
81	0.00672	0.09533	0.02798	0.00626	0.00753	0.00568	0.03363	0.02423	0.08091	0.04620	0.04182	0.46574	0.07845	0.02263	0.00465	0.00143	0.00285	0.04068	0.00334	0.00394
82	0.04843	0.22408	0.17346	0.01131	0.11805	0.08196	0.10701	0.04629	0.01924	0.03797	0.00717	0.00909	0.00588	0.00400	0.00414	0.00114	0.06963	0.02390	0.00204	0.00521
83	0.07061	0.04032	0.08474	0.00916	0.02808	0.07214	0.06179	0.41665	0.01322	0.07726	0.00875	0.00950	0.00647	0.00632	0.07622	0.00158	0.00506	0.00334	0.00308	0.00572

[dist]
# distance from previous block
# <min> <max>
0	3

[block]
# block no. 2 follows, 71 sequences, length 11
# corresponding to MSA columns:
# 137-147
name=unknown_C
#
# <colnr> <probs for GDERKNQSTAVLIFYWHMCP>
#	G	D	E	R	K	N	Q	S	T	A	V	L	I	F	Y	W	H	M	C	P
0	0.00550	0.00367	0.00436	0.00452	0.00466	0.00361	0.00278	0.00562	0.00617	0.00817	0.03275	0.14609	0.05139	0.59270	0.01556	0.06669	0.00335	0.03731	0.00260	0.00250
1	0.00854	0.03348	0.14419	0.00973	0.05712	0.00835	0.12833	0.07831	0.25567	0.01438	0.11356	0.06560	0.05491	0.00542	0.00407	0.00126	0.00391	0.00484	0.00307	0.00526
2	0.00873	0.00821	0.01391	0.07749	0.62069	0.00828	0.03779	0.01096	0.00868	0.01213	0.00984	0.01498	0.02951	0.00460	0.00405	0.00124	0.00445	0.11681	0.00216	0.00549
3	0.00765	0.00654	0.05141	0.00633	0.00794	0.00632	0.00506	0.02785	0.30514	0.05216	0.06941	0.06301	0.13284	0.15386	0.05868	0.00202	0.00351	0.03240	0.00338	0.00449
4	0.00758	0.04861	0.05653	0.69631	0.04101	0.00900	0.01043	0.01043	0.03930	0.01016	0.00704	0.01000	0.00536	0.00392	0.00401	0.00126	0.02943	0.00335	0.00178	0.00447
5	0.00494	0.00373	0.00491	0.00521	0.00587	0.00341	0.02527	0.00595	0.00826	0.01099	0.15879	0.51877	0.18894	0.01046	0.00470	0.00142	0.00220	0.00935	0.02354	0.00329
6	0.05110	0.41815	0.01305	0.00640	0.00870	0.05773	0.00559	0.06780	0.05129	0.01146	0.06218	0.15240	0.06887	0.00570	0.00336	0.00107	0.00356	0.00448	0.00257	0.00453
7	0.03293	0.06927	0.09097	0.03180	0.19370	0.01799	0.06218	0.15604	0.02015	0.05559	0.00790	0.01948	0.00622	0.00379	0.00373	0.00104	0.02459	0.00318	0.00247	0.19697
8	0.05265	0.14332	0.17062	0.07907	0.02396	0.18737	0.04302	0.13414	0.02614	0.02134	0.00745	0.03221	0.00613	0.02248	0.00413	0.00118	0.03437	0.00316	0.00224	0.00504
9	0.66022	0.00752	0.00674	0.00654	0.05613	0.00849	0.00488	0.05022	0.07290	0.01667	0.00724	0.04798	0.00603	0.00411	0.00278	0.00119	0.00308	0.00282	0.00259	0.03185
10	0.02923	0.03863	0.11908	0.07190	0.12154	0.22092	0.11383	0.03797	0.02053	0.07437	0.04025	0.05536	0.00796	0.00446	0.00404	0.00118	0.02760	0.00375	0.00235	0.00503

[dist]
# distance from previous block
# <min> <max>
17	52

[block]
# block no. 3 follows, 71 sequences, length 14
# corresponding to MSA columns:
# 200-213
name=unknown_D
#
# <colnr> <probs for GDERKNQSTAVLIFYWHMCP>
#	G	D	E	R	K	N	Q	S	T	A	V	L	I	F	Y	W	H	M	C	P
0	0.11662	0.30450	0.10664	0.03609	0.02419	0.08599	0.04624	0.01264	0.02756	0.10074	0.00720	0.00796	0.00562	0.00359	0.00306	0.00099	0.00429	0.00263	0.00223	0.10121
1	0.05553	0.08235	0.21385	0.00786	0.01124	0.05771	0.02865	0.02248	0.02130	0.07771	0.07255	0.00991	0.00805	0.00400	0.00384	0.00100	0.05090	0.00305	0.00240	0.26563
2	0.17300	0.28102	0.02696	0.00818	0.05125	0.24593	0.00657	0.03565	0.03829	0.03717	0.03426	0.00816	0.00644	0.00455	0.02699	0.00116	0.00477	0.00265	0.00221	0.00477
3	0.00655	0.00651	0.09697	0.00713	0.02724	0.01773	0.00601	0.02022	0.01953	0.02603	0.02269	0.01358	0.00901	0.02151	0.59903	0.01729	0.00849	0.00382	0.00215	0.06851
4	0.00729	0.00392	0.00431	0.00481	0.05612	0.00392	0.00324	0.00911	0.00808	0.01419	0.01218	0.01400	0.00960	0.00440	0.00275	0.00091	0.00196	0.00356	0.83194	0.00373
5	0.84708	0.00738	0.00575	0.00507	0.00750	0.00842	0.00417	0.01119	0.00660	0.01696	0.00541	0.00632	0.00423	0.00352	0.00240	0.00115	0.00296	0.00209	0.00237	0.04942
6	0.01139	0.04001	0.01010	0.00726	0.01047	0.02673	0.00596	0.38523	0.01268	0.03406	0.00800	0.00854	0.00610	0.00372	0.00332	0.00087	0.00361	0.00284	0.00301	0.41610
7	0.00715	0.00357	0.00357	0.00357	0.00447	0.00357	0.00268	0.00893	0.00804	0.01429	0.01251	0.01429	0.00983	0.00447	0.00268	0.00089	0.00179	0.00357	0.88654	0.00357
8	0.00552	0.00407	0.00606	0.00606	0.00669	0.00471	0.00466	0.00674	0.00610	0.00877	0.01020	0.01526	0.00962	0.05524	0.79307	0.03792	0.00981	0.00413	0.00205	0.00332
9	0.85589	0.00729	0.00566	0.00513	0.00744	0.00843	0.00424	0.01113	0.00662	0.01697	0.00595	0.00775	0.00489	0.00385	0.00249	0.00121	0.00299	0.03553	0.00242	0.00413
10	0.01623	0.00703	0.00909	0.00705	0.00993	0.00649	0.00579	0.11330	0.04909	0.68796	0.03685	0.01308	0.00997	0.00483	0.00387	0.00119	0.00332	0.00391	0.00459	0.00642
11	0.00719	0.00637	0.06091	0.17304	0.13813	0.00580	0.01996	0.00897	0.00848	0.07347	0.12315	0.29707	0.04729	0.00728	0.00430	0.00133	0.00343	0.00655	0.00298	0.00430
12	0.01008	0.41042	0.01416	0.00666	0.00989	0.06239	0.00594	0.09239	0.00906	0.01184	0.00630	0.00717	0.00536	0.00329	0.00280	0.00077	0.00382	0.00230	0.00211	0.33325
13	0.04900	0.06408	0.10762	0.01472	0.04144	0.00989	0.63153	0.01216	0.00875	0.01230	0.00739	0.00964	0.00559	0.00330	0.00419	0.00125	0.00602	0.00405	0.00191	0.00519

[dist]
# distance from previous block
# <min> <max>
1	12

[block]
# block no. 4 follows, 71 sequences, length 42
# corresponding to MSA columns:
# 227-268
name=unknown_E
#
# <colnr> <probs for GDERKNQSTAVLIFYWHMCP>
#	G	D	E	R	K	N	Q	S	T	A	V	L	I	F	Y	W	H	M	C	P
0	0.00624	0.05694	0.06639	0.06701	0.00906	0.01501	0.03992	0.00805	0.00888	0.01218	0.36008	0.04462	0.09387	0.03811	0.13233	0.00205	0.02674	0.00560	0.00305	0.00386
1	0.00745	0.00420	0.00389	0.00384	0.00478	0.03986	0.00288	0.00921	0.00816	0.01408	0.01223	0.01398	0.00962	0.00444	0.00271	0.00090	0.00201	0.00353	0.84861	0.00361
2	0.00715	0.00357	0.00357	0.00357	0.00447	0.00357	0.00268	0.00893	0.00804	0.01429	0.01251	0.01429	0.00983	0.00447	0.00268	0.00089	0.00179	0.00357	0.88654	0.00357
3	0.01190	0.03175	0.01492	0.01213	0.03697	0.48723	0.28708	0.01368	0.00997	0.01047	0.00723	0.04483	0.00614	0.00402	0.00387	0.00112	0.00644	0.00355	0.00202	0.00469
4	0.01067	0.16218	0.01125	0.00783	0.01033	0.04736	0.00641	0.14678	0.52189	0.01579	0.01234	0.01172	0.00938	0.00471	0.00361	0.00118	0.00358	0.00371	0.00340	0.00587
5	0.00715	0.00357	0.00357	0.00357	0.00447	0.00357	0.00268	0.00893	0.00804	0.01429	0.01251	0.01429	0.00983	0.00447	0.00268	0.00089	0.00179	0.00357	0.88654	0.00357
6	0.03049	0.12251	0.41093	0.02016	0.03631	0.07775	0.09953	0.02098	0.00853	0.05535	0.00804	0.05826	0.00656	0.00469	0.02259	0.00128	0.00532	0.00345	0.00202	0.00523
7	0.01160	0.31657	0.10931	0.00823	0.01157	0.01113	0.06094	0.12804	0.13220	0.16011	0.00945	0.00950	0.00701	0.00405	0.00338	0.00108	0.00414	0.00315	0.00285	0.00570
8	0.00539	0.00392	0.00507	0.00478	0.00570	0.00360	0.00359	0.00716	0.01076	0.01516	0.80459	0.02900	0.07104	0.00792	0.00452	0.00121	0.00181	0.00698	0.00419	0.00360
9	0.00749	0.00714	0.01206	0.63572	0.13080	0.00843	0.04529	0.00989	0.00788	0.01028	0.00875	0.01166	0.05470	0.00419	0.00416	0.00127	0.03026	0.00373	0.00185	0.00447
10	0.00976	0.14350	0.06637	0.18893	0.11310	0.06181	0.05342	0.03401	0.03215	0.11876	0.01008	0.12061	0.00888	0.00500	0.00378	0.00120	0.00439	0.01674	0.00252	0.00498
11	0.01656	0.00663	0.00911	0.05716	0.01082	0.00593	0.00597	0.03480	0.01092	0.77774	0.01451	0.01280	0.00917	0.00469	0.00385	0.00119	0.00339	0.00382	0.00455	0.00639
12	0.00548	0.00411	0.00616	0.00616	0.00685	0.00479	0.00479	0.00685	0.00616	0.00890	0.01027	0.01506	0.00959	0.02876	0.85006	0.00616	0.01027	0.00411	0.00205	0.00342
13	0.04311	0.00704	0.00880	0.00716	0.00959	0.05577	0.04198	0.03961	0.03080	0.52962	0.03556	0.11818	0.01923	0.01614	0.00418	0.00127	0.00347	0.01876	0.00411	0.00563
14	0.01036	0.06851	0.29804	0.03150	0.05218	0.06619	0.10970	0.04004	0.06999	0.14651	0.04436	0.01045	0.00769	0.00415	0.00397	0.00119	0.02358	0.00349	0.00255	0.00553
15	0.01039	0.00775	0.01163	0.08429	0.33833	0.03803	0.03910	0.03238	0.01917	0.18737	0.11549	0.01509	0.03847	0.00487	0.00401	0.00120	0.00399	0.04004	0.00297	0.00542
16	0.43155	0.00902	0.03910	0.01955	0.07945	0.09974	0.06980	0.01186	0.00802	0.07201	0.04348	0.03630	0.00739	0.00431	0.00342	0.00120	0.02408	0.01900	0.00251	0.01821
17	0.00666	0.00333	0.00500	0.00500	0.00500	0.00333	0.00333	0.00500	0.00500	0.00666	0.00666	0.01166	0.00666	0.01332	0.01499	0.88844	0.00333	0.00333	0.00167	0.00167
18	0.08813	0.00746	0.01111	0.00917	0.06606	0.00692	0.12236	0.04635	0.01044	0.57258	0.01253	0.01172	0.00819	0.00434	0.00382	0.00120	0.00381	0.00376	0.00393	0.00611
19	0.00576	0.00393	0.00439	0.00435	0.00445	0.00399	0.00250	0.00626	0.04395	0.00783	0.01224	0.02459	0.01384	0.82543	0.01879	0.00361	0.00369	0.00552	0.00240	0.00250
20	0.02461	0.00572	0.05600	0.00666	0.03805	0.00569	0.00493	0.00768	0.04093	0.00909	0.01035	0.01794	0.01060	0.38691	0.27158	0.00387	0.08928	0.00454	0.00219	0.00338
21	0.01025	0.86756	0.02009	0.00656	0.00984	0.01517	0.00656	0.01148	0.00779	0.00902	0.00533	0.00615	0.00492	0.00328	0.00246	0.00082	0.00410	0.00205	0.00164	0.00492
22	0.89233	0.00741	0.00564	0.00504	0.00741	0.00860	0.00415	0.01127	0.00653	0.01720	0.00534	0.00623	0.00415	0.00356	0.00237	0.00119	0.00297	0.00208	0.00237	0.00415
23	0.01068	0.01160	0.18015	0.03873	0.34545	0.02022	0.03483	0.21358	0.01090	0.05264	0.00790	0.00927	0.00601	0.00395	0.00413	0.00119	0.03704	0.00335	0.00244	0.00595
24	0.21094	0.16123	0.07153	0.00880	0.03377	0.41624	0.02398	0.01336	0.00906	0.01143	0.00583	0.00685	0.00480	0.00370	0.00309	0.00103	0.00538	0.00240	0.00198	0.00461
25	0.00484	0.00387	0.00414	0.00409	0.00513	0.00337	0.00295	0.00581	0.00863	0.01078	0.17221	0.03373	0.57934	0.13636	0.00675	0.00164	0.00218	0.00752	0.00349	0.00317
26	0.00872	0.07805	0.64864	0.02261	0.06224	0.00912	0.01264	0.01270	0.02493	0.07451	0.00758	0.00856	0.00542	0.00372	0.00359	0.00118	0.00525	0.00293	0.00192	0.00569
27	0.00900	0.01019	0.02199	0.01571	0.01956	0.00950	0.79171	0.01217	0.00900	0.01229	0.00772	0.01024	0.00581	0.00322	0.00445	0.00126	0.00631	0.00443	0.00195	0.04350
28	0.00715	0.00357	0.00357	0.00357	0.00447	0.00357	0.00268	0.00893	0.00804	0.01429	0.01251	0.01429	0.00983	0.00447	0.00268	0.00089	0.00179	0.00357	0.88654	0.00357
29	0.00773	0.03787	0.68791	0.01147	0.08915	0.00866	0.01296	0.01169	0.00832	0.01226	0.05671	0.00987	0.02075	0.00396	0.00370	0.00120	0.00524	0.00320	0.00183	0.00552
30	0.00892	0.06492	0.07095	0.40380	0.13483	0.08336	0.03615	0.03482	0.01907	0.03811	0.04232	0.01066	0.00701	0.02449	0.00412	0.00125	0.00493	0.00346	0.00206	0.00479
31	0.00767	0.01901	0.79631	0.01060	0.01604	0.00872	0.01358	0.02526	0.00829	0.01226	0.00826	0.00932	0.04000	0.00391	0.00368	0.00122	0.00549	0.00306	0.00174	0.00558
32	0.77699	0.00830	0.00660	0.00648	0.05712	0.06905	0.00484	0.01159	0.00697	0.01636	0.00549	0.00647	0.00432	0.00358	0.00253	0.00117	0.00334	0.00218	0.00232	0.00429
33	0.00548	0.00409	0.00608	0.00608	0.00673	0.00475	0.00469	0.00679	0.00614	0.00884	0.01035	0.01548	0.00977	0.06394	0.81513	0.00606	0.00999	0.00417	0.00207	0.00338
34	0.03060	0.00491	0.00638	0.00630	0.06148	0.00451	0.00440	0.00855	0.03012	0.03319	0.61009	0.02326	0.02798	0.00662	0.00416	0.00112	0.00222	0.00580	0.00376	0.12456
35	0.02125	0.06614	0.38379	0.01233	0.12790	0.01852	0.12063	0.05709	0.04521	0.09856	0.00827	0.00927	0.00601	0.00377	0.00374	0.00119	0.00506	0.00328	0.00226	0.00573
36	0.00911	0.00787	0.01292	0.35965	0.27260	0.02024	0.07071	0.03084	0.01996	0.08318	0.00864	0.05702	0.00707	0.00428	0.00408	0.00124	0.01932	0.00394	0.00223	0.00510
37	0.00516	0.00402	0.00474	0.00497	0.00588	0.00373	0.00367	0.00684	0.05762	0.01155	0.18255	0.28794	0.32926	0.00986	0.00466	0.00139	0.00218	0.06681	0.00370	0.00346
38	0.01121	0.01342	0.06835	0.13799	0.12723	0.36886	0.10031	0.03296	0.05809	0.02132	0.02011	0.00911	0.00618	0.00392	0.00375	0.00113	0.00578	0.00321	0.00212	0.00496
39	0.01036	0.09232	0.28377	0.03014	0.07507	0.02733	0.10355	0.13202	0.00985	0.11008	0.00840	0.01005	0.00640	0.05494	0.00488	0.00133	0.02820	0.00339	0.00242	0.00550
40	0.00870	0.00898	0.06765	0.32712	0.02659	0.05789	0.12315	0.01110	0.02773	0.05984	0.00879	0.01213	0.02919	0.00487	0.00567	0.00135	0.16963	0.04288	0.00212	0.00461
41	0.00599	0.00511	0.00582	0.00674	0.08445	0.05402	0.00436	0.00697	0.00828	0.02748	0.03750	0.28934	0.36467	0.02180	0.04047	0.01941	0.00300	0.00780	0.00323	0.00357

[dist]
# distance from previous block
# <min> <max>
0	2

[block]
# block no. 5 follows, 71 sequences, length 29
# corresponding to MSA columns:
# 271-299
name=unknown_F
#
# <colnr> <probs for GDERKNQSTAVLIFYWHMCP>
#	G	D	E	R	K	N	Q	S	T	A	V	L	I	F	Y	W	H	M	C	P
0	0.03838	0.07920	0.04514	0.02561	0.02408	0.43079	0.06524	0.02577	0.10177	0.01087	0.00716	0.00845	0.00588	0.01397	0.00471	0.00116	0.10193	0.00297	0.00215	0.00475
1	0.08407	0.01823	0.69929	0.01064	0.01579	0.04188	0.05376	0.01220	0.00812	0.01248	0.00675	0.00800	0.00485	0.00363	0.00357	0.00121	0.00552	0.00284	0.00171	0.00546
2	0.89233	0.00741	0.00564	0.00504	0.00741	0.00860	0.00415	0.01127	0.00653	0.01720	0.00534	0.00623	0.00415	0.00356	0.00237	0.00119	0.00297	0.00208	0.00237	0.00415
3	0.00715	0.00357	0.00357	0.00357	0.00447	0.00357	0.00268	0.00893	0.00804	0.01429	0.01251	0.01429	0.00983	0.00447	0.00268	0.00089	0.00179	0.00357	0.88654	0.00357
4	0.00843	0.00875	0.01162	0.70098	0.02391	0.14566	0.02680	0.01075	0.00822	0.00978	0.00669	0.00969	0.00510	0.00384	0.00379	0.00123	0.00543	0.00328	0.00175	0.00431
5	0.00507	0.00393	0.00463	0.00453	0.00561	0.00349	0.00345	0.00650	0.00978	0.01289	0.43099	0.03322	0.39692	0.00884	0.00457	0.00128	0.00197	0.05500	0.00388	0.00344
6	0.02349	0.00842	0.03008	0.07250	0.33881	0.00821	0.08090	0.10165	0.02085	0.17712	0.05427	0.01223	0.03512	0.00458	0.01372	0.00124	0.00429	0.00393	0.00286	0.00572
7	0.89233	0.00741	0.00564	0.00504	0.00741	0.00860	0.00415	0.01127	0.00653	0.01720	0.00534	0.00623	0.00415	0.00356	0.00237	0.00119	0.00297	0.00208	0.00237	0.00415
8	0.02593	0.02097	0.01138	0.08944	0.12061	0.09913	0.03540	0.23526	0.23888	0.01596	0.01028	0.01168	0.00804	0.00466	0.00406	0.00122	0.02507	0.03337	0.00303	0.00564
9	0.05527	0.00608	0.00767	0.00628	0.00860	0.00566	0.00503	0.01548	0.09697	0.51179	0.12522	0.03658	0.06234	0.03377	0.00445	0.00130	0.00294	0.00470	0.00430	0.00557
10	0.00907	0.00962	0.08433	0.04896	0.24781	0.03141	0.19381	0.10967	0.03660	0.01320	0.00997	0.14129	0.00917	0.01994	0.00451	0.00131	0.01685	0.00481	0.00244	0.00522
11	0.00477	0.00366	0.00438	0.00470	0.00545	0.00326	0.00333	0.00578	0.00857	0.01113	0.19309	0.38882	0.32862	0.01032	0.00468	0.00139	0.00204	0.00906	0.00369	0.00326
12	0.05032	0.01613	0.01160	0.01071	0.06087	0.64774	0.05382	0.06832	0.01093	0.02597	0.00646	0.00749	0.00521	0.00392	0.00352	0.00104	0.00634	0.00271	0.00216	0.00474
13	0.00770	0.00728	0.01232	0.68772	0.19116	0.00864	0.01087	0.01019	0.00788	0.01035	0.00690	0.01007	0.00531	0.00375	0.00383	0.00125	0.00500	0.00341	0.00174	0.00463
14	0.00488	0.00387	0.00438	0.00430	0.00540	0.00338	0.00321	0.00615	0.00948	0.01224	0.34174	0.06884	0.50036	0.00910	0.00454	0.00127	0.00190	0.00777	0.00381	0.00338
15	0.09329	0.04514	0.07326	0.04563	0.07248	0.03456	0.15105	0.17185	0.01062	0.16177	0.02887	0.01068	0.02723	0.00435	0.00426	0.00121	0.05179	0.00364	0.00288	0.00547
16	0.89233	0.00741	0.00564	0.00504	0.00741	0.00860	0.00415	0.01127	0.00653	0.01720	0.00534	0.00623	0.00415	0.00356	0.00237	0.00119	0.00297	0.00208	0.00237	0.00415
17	0.01319	0.01576	0.01030	0.00929	0.01130	0.64514	0.00703	0.04696	0.14783	0.01129	0.04033	0.00908	0.00735	0.00434	0.00359	0.00105	0.00597	0.00299	0.00245	0.00476
18	0.00501	0.00369	0.00447	0.00492	0.00546	0.00343	0.00345	0.00578	0.00761	0.00981	0.04685	0.36544	0.23122	0.18274	0.00778	0.00194	0.00259	0.10142	0.00333	0.00305
19	0.00859	0.10191	0.01265	0.00968	0.01004	0.01212	0.00819	0.00947	0.00608	0.00920	0.00507	0.00814	0.00502	0.00634	0.01148	0.00158	0.76526	0.00321	0.00167	0.00427
20	0.00558	0.00372	0.00418	0.00418	0.00418	0.00372	0.00232	0.00558	0.00558	0.00743	0.01208	0.02509	0.01394	0.86525	0.01952	0.00372	0.00372	0.00558	0.00232	0.00232
21	0.05102	0.00649	0.00860	0.00668	0.00950	0.00576	0.00549	0.03448	0.01094	0.74564	0.06308	0.01362	0.01079	0.00488	0.00384	0.00119	0.00319	0.00396	0.00460	0.00626
22	0.00824	0.00681	0.00798	0.00571	0.00911	0.00513	0.00458	0.00994	0.00804	0.03841	0.00707	0.00811	0.00580	0.00290	0.00287	0.00059	0.00285	0.00232	0.00235	0.86119
23	0.89233	0.00741	0.00564	0.00504	0.00741	0.00860	0.00415	0.01127	0.00653	0.01720	0.00534	0.00623	0.00415	0.00356	0.00237	0.00119	0.00297	0.00208	0.00237	0.00415
24	0.01162	0.02369	0.11275	0.05345	0.19432	0.00792	0.00829	0.14720	0.02005	0.24495	0.05368	0.03239	0.03559	0.00466	0.00384	0.00117	0.00395	0.00393	0.00320	0.03334
25	0.09615	0.00912	0.01011	0.00783	0.01081	0.00958	0.02156	0.45439	0.07361	0.13643	0.00979	0.00969	0.00697	0.00431	0.00359	0.00109	0.00374	0.00331	0.00359	0.12435
26	0.00692	0.00513	0.00622	0.00589	0.00668	0.00553	0.00434	0.11453	0.03070	0.01142	0.06670	0.10161	0.05872	0.30782	0.12413	0.00286	0.05325	0.08110	0.00291	0.00355
27	0.00964	0.00893	0.02493	0.08635	0.01324	0.04611	0.15908	0.17199	0.21664	0.01514	0.08147	0.01455	0.05491	0.00520	0.00460	0.00128	0.05374	0.02392	0.00307	0.00522
28	0.06809	0.04473	0.01813	0.09155	0.03070	0.20706	0.02376	0.13351	0.06217	0.10170	0.02842	0.02384	0.04754	0.02155	0.05398	0.00150	0.03038	0.00366	0.00280	0.00492

[dist]
# distance from previous block
# <min> <max>
0	7

[block]
# block no. 6 follows, 71 sequences, length 14
# corresponding to MSA columns:
# 307-320
name=unknown_G
#
# <colnr> <probs for GDERKNQSTAVLIFYWHMCP>
#	G	D	E	R	K	N	Q	S	T	A	V	L	I	F	Y	W	H	M	C	P
0	0.27304	0.04527	0.06013	0.17135	0.09556	0.07606	0.05312	0.06352	0.03429	0.02490	0.00803	0.00980	0.03006	0.00434	0.01312	0.00125	0.01415	0.01496	0.00228	0.00476
1	0.27853	0.00744	0.00996	0.25312	0.07366	0.00842	0.07330	0.04611	0.07707	0.01371	0.00914	0.03849	0.02010	0.00466	0.00370	0.00129	0.01519	0.05911	0.00243	0.00457
2	0.00839	0.00839	0.01174	0.01007	0.01007	0.01174	0.00839	0.00923	0.00587	0.00923	0.00503	0.00839	0.00503	0.00671	0.01258	0.00168	0.85823	0.00336	0.00168	0.00419
3	0.00763	0.00543	0.00618	0.02307	0.00709	0.02987	0.00422	0.10942	0.03499	0.06487	0.17015	0.12843	0.08383	0.24741	0.03344	0.00211	0.00335	0.03137	0.00333	0.00381
4	0.00839	0.00839	0.01174	0.01007	0.01007	0.01174	0.00839	0.00923	0.00587	0.00923	0.00503	0.00839	0.00503	0.00671	0.01258	0.00168	0.85823	0.00336	0.00168	0.00419
5	0.01025	0.86756	0.02009	0.00656	0.00984	0.01517	0.00656	0.01148	0.00779	0.00902	0.00533	0.00615	0.00492	0.00328	0.00246	0.00082	0.00410	0.00205	0.00164	0.00492
6	0.00677	0.05271	0.00687	0.00624	0.00733	0.00554	0.01735	0.02471	0.17312	0.03922	0.07804	0.46014	0.03369	0.00922	0.00450	0.00143	0.00268	0.06280	0.00359	0.00408
7	0.01456	0.01126	0.01146	0.00889	0.01189	0.06929	0.00730	0.77284	0.01754	0.02315	0.00898	0.00905	0.00641	0.00456	0.00381	0.00114	0.00440	0.00338	0.00371	0.00638
8	0.00526	0.00381	0.00519	0.00567	0.00612	0.00365	0.02210	0.00603	0.00750	0.03164	0.02111	0.69864	0.07927	0.03496	0.00549	0.00159	0.02977	0.02545	0.00346	0.00328
9	0.00556	0.00401	0.00582	0.00582	0.00637	0.00456	0.00437	0.00656	0.00601	0.00857	0.01029	0.01620	0.00999	0.14003	0.68710	0.06027	0.00896	0.00426	0.00207	0.00317
10	0.04359	0.28172	0.17625	0.03747	0.08267	0.07605	0.04897	0.01226	0.06019	0.04505	0.02232	0.02496	0.01914	0.00507	0.03736	0.00129	0.00481	0.01365	0.00214	0.00507
11	0.03542	0.03654	0.03713	0.10078	0.46213	0.03020	0.06717	0.02581	0.07746	0.04213	0.00862	0.03264	0.00714	0.00401	0.00382	0.00119	0.00452	0.01545	0.00225	0.00559
12	0.00881	0.02006	0.00960	0.02374	0.03560	0.06468	0.01930	0.10159	0.13748	0.01229	0.02609	0.01198	0.00838	0.04206	0.21076	0.00256	0.20281	0.00374	0.00250	0.05599
13	0.04993	0.06361	0.12010	0.02143	0.12510	0.01901	0.03110	0.16284	0.01010	0.08541	0.00830	0.02821	0.00659	0.00407	0.00385	0.00105	0.03966	0.01329	0.00260	0.20376

[dist]
# distance from previous block
# <min> <max>
0	1

[block]
# block no. 7 follows, 71 sequences, length 17
# corresponding to MSA columns:
# 322-338
name=unknown_H
#
# <colnr> <probs for GDERKNQSTAVLIFYWHMCP>
#	G	D	E	R	K	N	Q	S	T	A	V	L	I	F	Y	W	H	M	C	P
0	0.00951	0.08152	0.06273	0.08622	0.25808	0.08513	0.03277	0.06665	0.00882	0.01191	0.00718	0.02383	0.00617	0.00470	0.02192	0.00125	0.11624	0.01354	0.00205	0.09977
1	0.00543	0.00391	0.00495	0.00519	0.00535	0.00408	0.00344	0.00588	0.00636	0.00861	0.01494	0.31878	0.01729	0.41549	0.08832	0.00300	0.05299	0.03040	0.00273	0.00284
2	0.01348	0.01512	0.01085	0.00994	0.04471	0.54641	0.00737	0.15913	0.13190	0.01308	0.00796	0.00850	0.00625	0.00423	0.00360	0.00107	0.00578	0.00295	0.00258	0.00511
3	0.00548	0.00372	0.00425	0.00427	0.00439	0.00366	0.00249	0.00567	0.00612	0.00818	0.06801	0.06637	0.04617	0.73608	0.01727	0.00336	0.00345	0.00602	0.00255	0.00248
4	0.01228	0.28491	0.01429	0.04982	0.07140	0.29243	0.03125	0.07077	0.04245	0.08567	0.00736	0.00811	0.00583	0.00384	0.00329	0.00101	0.00508	0.00277	0.00230	0.00512
5	0.00839	0.00839	0.01174	0.01007	0.01007	0.01174	0.00839	0.00923	0.00587	0.00923	0.00503	0.00839	0.00503	0.00671	0.01258	0.00168	0.85823	0.00336	0.00168	0.00419
6	0.00657	0.00606	0.01914	0.04055	0.08937	0.03857	0.00511	0.00959	0.14771	0.01233	0.16578	0.02597	0.38886	0.00779	0.01859	0.00133	0.00288	0.00625	0.00338	0.00418
7	0.00464	0.00389	0.00404	0.00400	0.00525	0.00328	0.00300	0.00572	0.00900	0.01098	0.13850	0.03587	0.73973	0.00948	0.00453	0.00128	0.00193	0.00795	0.00364	0.00328
8	0.01179	0.01405	0.01124	0.00996	0.01109	0.49215	0.00783	0.01271	0.00873	0.00932	0.00555	0.00754	0.00498	0.00513	0.00735	0.00128	0.37026	0.00285	0.00185	0.00434
9	0.00916	0.03707	0.02535	0.01061	0.05839	0.01124	0.02659	0.03233	0.03258	0.05195	0.00620	0.00886	0.00557	0.00608	0.01048	0.00155	0.65600	0.00339	0.00197	0.00461
10	0.00498	0.00351	0.00435	0.00486	0.00510	0.00333	0.00312	0.00547	0.00694	0.00920	0.03984	0.52134	0.07001	0.28848	0.00961	0.00223	0.00268	0.00891	0.00318	0.00288
11	0.01402	0.01035	0.01127	0.00877	0.01162	0.01157	0.00722	0.71554	0.06794	0.04494	0.00955	0.00958	0.00685	0.00475	0.00428	0.00119	0.04690	0.00351	0.00376	0.00638
12	0.00558	0.00372	0.00418	0.00418	0.00418	0.00372	0.00232	0.00558	0.00558	0.00743	0.01208	0.02509	0.01394	0.86525	0.01952	0.00372	0.00372	0.00558	0.00232	0.00232
13	0.89233	0.00741	0.00564	0.00504	0.00741	0.00860	0.00415	0.01127	0.00653	0.01720	0.00534	0.00623	0.00415	0.00356	0.00237	0.00119	0.00297	0.00208	0.00237	0.00415
14	0.02454	0.05504	0.16195	0.01186	0.21223	0.03077	0.04532	0.06612	0.03308	0.04259	0.00776	0.02142	0.00621	0.00360	0.00344	0.00099	0.00421	0.00306	0.00227	0.26355
15	0.02928	0.25223	0.13218	0.00888	0.06150	0.04733	0.04199	0.05108	0.05435	0.05245	0.02746	0.01145	0.02992	0.00438	0.00375	0.00107	0.03779	0.04827	0.00236	0.10226
16	0.03648	0.02752	0.00705	0.00573	0.00760	0.02964	0.02634	0.02093	0.00887	0.02476	0.19854	0.10932	0.18461	0.00660	0.00423	0.00108	0.03631	0.00554	0.00311	0.25574

[dist]
# distance from previous block
# <min> <max>
2	19

[block]
# block no. 8 follows, 71 sequences, length 8
# corresponding to MSA columns:
# 362-369
name=unknown_I
#
# <colnr> <probs for GDERKNQSTAVLIFYWHMCP>
#	G	D	E	R	K	N	Q	S	T	A	V	L	I	F	Y	W	H	M	C	P
0	0.02608	0.05344	0.00892	0.05175	0.01005	0.02180	0.02078	0.11929	0.34209	0.02819	0.05031	0.06496	0.11658	0.02197	0.00419	0.00127	0.00325	0.00486	0.00342	0.04680
1	0.05359	0.05657	0.01155	0.00910	0.01085	0.18433	0.02890	0.15577	0.02827	0.11534	0.00753	0.00876	0.00594	0.00507	0.00666	0.00129	0.29968	0.00317	0.00258	0.00505
2	0.00795	0.00681	0.00795	0.00568	0.00909	0.00511	0.00454	0.00965	0.00795	0.01249	0.00681	0.00795	0.00568	0.00284	0.00284	0.00057	0.00284	0.00227	0.00227	0.88869
3	0.00467	0.00334	0.00445	0.00534	0.00556	0.00311	0.00356	0.00534	0.00734	0.00979	0.02113	0.86275	0.02536	0.01201	0.00489	0.00156	0.00222	0.01090	0.00356	0.00311
4	0.01029	0.68033	0.04921	0.05228	0.01095	0.06448	0.00697	0.01170	0.00812	0.03779	0.00694	0.00773	0.03250	0.00363	0.00275	0.00090	0.00428	0.00244	0.00183	0.00488
5	0.58267	0.05399	0.00839	0.02930	0.03379	0.12691	0.02494	0.03561	0.00777	0.03339	0.00589	0.00692	0.00464	0.00374	0.00303	0.00116	0.02874	0.00238	0.00231	0.00444
