[name]
unknown

[dist]
# distance from previous block
# <min> <max>
0	0

[block]
# block no. 0 follows, 67 sequences, length 9
# corresponding to MSA columns:
# 0-8
name=unknown_A
#
# <colnr> <probs for GDERKNQSTAVLIFYWHMCP>
#	G	D	E	R	K	N	Q	S	T	A	V	L	I	F	Y	W	H	M	C	P
0	0.00646	0.00462	0.00646	0.00739	0.00831	0.00462	0.00646	0.00831	0.00923	0.01200	0.02123	0.04524	0.02308	0.01108	0.00554	0.00185	0.00369	0.80704	0.00369	0.00369
1	0.00748	0.00374	0.00374	0.00374	0.00467	0.00374	0.00280	0.00934	0.00841	0.01495	0.01308	0.01495	0.01028	0.00467	0.00280	0.00093	0.00187	0.00374	0.88132	0.00374
2	0.88738	0.00776	0.00589	0.00527	0.00776	0.00900	0.00434	0.01179	0.00683	0.01799	0.00558	0.00651	0.00434	0.00372	0.00248	0.00124	0.00310	0.00217	0.00248	0.00434
3	0.00474	0.00406	0.00406	0.00406	0.00542	0.00339	0.00305	0.00576	0.00914	0.01083	0.04063	0.03860	0.83241	0.01016	0.00474	0.00135	0.00203	0.00846	0.00372	0.00339
4	0.00503	0.00355	0.00461	0.00540	0.00560	0.00335	0.00353	0.00562	0.00740	0.00986	0.02066	0.72970	0.02470	0.14179	0.00745	0.00197	0.00257	0.01055	0.00353	0.00313
5	0.00653	0.00405	0.00512	0.00543	0.00600	0.00393	0.00377	0.00759	0.02787	0.06649	0.04235	0.41118	0.02014	0.18170	0.03895	0.02340	0.00308	0.04909	0.08987	0.00347
6	0.00891	0.00794	0.01127	0.13372	0.04418	0.02625	0.04937	0.06313	0.03258	0.03403	0.00829	0.02866	0.00735	0.04087	0.10719	0.00217	0.34680	0.00397	0.03873	0.00459
7	0.00726	0.00553	0.00692	0.02871	0.00774	0.02502	0.00498	0.03152	0.03464	0.04606	0.15555	0.02023	0.08858	0.12871	0.24917	0.00316	0.10192	0.00519	0.04521	0.00391
8	0.06158	0.04827	0.01144	0.02675	0.04426	0.12069	0.04636	0.28771	0.05157	0.08654	0.02506	0.03186	0.00812	0.00596	0.04027	0.00144	0.04863	0.00375	0.04415	0.00561

[dist]
# distance from previous block
# <min> <max>
1	131

[block]
# block no. 1 follows, 67 sequences, length 24
# corresponding to MSA columns:
# 163-186
name=unknown_B
#
# <colnr> <probs for GDERKNQSTAVLIFYWHMCP>
#	G	D	E	R	K	N	Q	S	T	A	V	L	I	F	Y	W	H	M	C	P
0	0.02465	0.22253	0.05913	0.03469	0.04616	0.04897	0.04371	0.15951	0.05677	0.04478	0.01128	0.06353	0.05602	0.01640	0.04887	0.01148	0.01340	0.01227	0.00275	0.02309
1	0.05180	0.14734	0.10618	0.10478	0.05412	0.06349	0.04743	0.07478	0.04608	0.03418	0.00800	0.00998	0.00653	0.03406	0.05913	0.00156	0.03793	0.00324	0.00231	0.10709
2	0.04841	0.11416	0.07315	0.00701	0.02812	0.05042	0.00585	0.04763	0.08428	0.01279	0.12411	0.09723	0.19339	0.02955	0.00509	0.02386	0.02698	0.02043	0.00313	0.00442
3	0.00589	0.00438	0.01778	0.00491	0.00540	0.00410	0.00323	0.00658	0.02951	0.00914	0.03303	0.12920	0.08889	0.53500	0.03509	0.02551	0.00362	0.02345	0.00278	0.03252
4	0.04072	0.21467	0.08252	0.01973	0.09287	0.21694	0.04623	0.03030	0.04637	0.03273	0.03687	0.04641	0.03888	0.00475	0.00395	0.00115	0.03380	0.00364	0.00236	0.00510
5	0.03432	0.09152	0.06600	0.08099	0.06844	0.06743	0.08575	0.29754	0.03830	0.06639	0.00878	0.00984	0.00659	0.00523	0.03349	0.00139	0.02573	0.00350	0.00291	0.00584
6	0.00652	0.00528	0.04108	0.00647	0.02408	0.00458	0.00484	0.03062	0.05539	0.05053	0.03200	0.50563	0.12090	0.01027	0.00480	0.00150	0.00275	0.05556	0.00365	0.03357
7	0.00599	0.00484	0.00620	0.00632	0.04570	0.00449	0.03275	0.04149	0.00979	0.01278	0.20043	0.11942	0.38883	0.00978	0.03059	0.00152	0.00278	0.05087	0.02159	0.00384
8	0.00866	0.00731	0.01004	0.03652	0.05606	0.00638	0.08269	0.05523	0.00901	0.03609	0.01011	0.01161	0.05652	0.00630	0.08390	0.00139	0.00427	0.00340	0.01958	0.49493
9	0.00814	0.04226	0.02127	0.03276	0.21603	0.04285	0.03552	0.00996	0.01955	0.04735	0.01303	0.14481	0.05455	0.01230	0.21840	0.00259	0.01419	0.00521	0.05459	0.00464
10	0.00511	0.00421	0.00450	0.00441	0.00569	0.00367	0.00331	0.00662	0.03392	0.01219	0.21776	0.03595	0.62947	0.00958	0.00472	0.00133	0.00203	0.00808	0.00389	0.00356
11	0.01110	0.00640	0.00826	0.06322	0.02126	0.00638	0.00595	0.14180	0.02836	0.25479	0.16248	0.09983	0.03160	0.02453	0.00478	0.00141	0.00334	0.10601	0.01329	0.00519
12	0.03408	0.06201	0.11841	0.05788	0.01324	0.11188	0.07837	0.13031	0.03118	0.21699	0.01005	0.01055	0.00717	0.00444	0.00412	0.00121	0.03440	0.00351	0.06450	0.00571
13	0.00757	0.00713	0.01203	0.84942	0.02762	0.00891	0.01114	0.01025	0.00802	0.01025	0.00713	0.01069	0.00535	0.00401	0.00401	0.00134	0.00535	0.00356	0.00178	0.00446
14	0.88738	0.00776	0.00589	0.00527	0.00776	0.00900	0.00434	0.01179	0.00683	0.01799	0.00558	0.00651	0.00434	0.00372	0.00248	0.00124	0.00310	0.00217	0.00248	0.00434
15	0.05553	0.00753	0.00850	0.00625	0.00967	0.00628	0.00502	0.07013	0.04762	0.01440	0.00766	0.00863	0.00622	0.00326	0.00307	0.00071	0.00309	0.00256	0.00258	0.73129
16	0.01297	0.41609	0.01591	0.00870	0.01141	0.45318	0.00733	0.01413	0.00985	0.00964	0.00591	0.00686	0.00516	0.00380	0.00312	0.00095	0.00585	0.00238	0.00190	0.00488
17	0.00637	0.00476	0.00658	0.00637	0.00707	0.00546	0.00482	0.05218	0.00702	0.00994	0.01084	0.01705	0.01050	0.17470	0.62389	0.00555	0.03654	0.00451	0.00229	0.00358
18	0.01215	0.00762	0.05301	0.00763	0.01010	0.00685	0.05462	0.15908	0.04002	0.29905	0.02968	0.17280	0.03356	0.00639	0.00418	0.00129	0.00350	0.00549	0.08740	0.00557
19	0.08188	0.01246	0.01329	0.03758	0.04559	0.22913	0.14744	0.31055	0.01315	0.03135	0.00848	0.02512	0.00662	0.00445	0.00395	0.00121	0.00543	0.01380	0.00290	0.00561
20	0.00584	0.00415	0.00551	0.00574	0.00626	0.00433	0.00410	0.03217	0.00743	0.01023	0.04265	0.29499	0.03231	0.16636	0.29316	0.02613	0.00557	0.02977	0.01997	0.00334
21	0.00800	0.02132	0.06238	0.28431	0.07575	0.02813	0.02889	0.05167	0.10353	0.01237	0.04006	0.08053	0.10340	0.03513	0.02004	0.00152	0.00439	0.03112	0.00272	0.00472
22	0.03193	0.00963	0.07863	0.03928	0.04561	0.05036	0.14904	0.07064	0.15758	0.04793	0.10530	0.05649	0.02412	0.00622	0.02785	0.00149	0.08492	0.00474	0.00300	0.00525
23	0.02265	0.01694	0.05027	0.00724	0.02539	0.02681	0.02030	0.16892	0.02649	0.01328	0.02251	0.08527	0.10809	0.23247	0.04585	0.00224	0.06173	0.02773	0.03155	0.00426

[dist]
# distance from previous block
# <min> <max>
2	11

[block]
# block no. 2 follows, 67 sequences, length 20
# corresponding to MSA columns:
# 198-217
name=unknown_C
#
# <colnr> <probs for GDERKNQSTAVLIFYWHMCP>
#	G	D	E	R	K	N	Q	S	T	A	V	L	I	F	Y	W	H	M	C	P
0	0.00781	0.00578	0.00666	0.00673	0.04017	0.01976	0.00480	0.04286	0.15254	0.07212	0.03460	0.12654	0.21372	0.14939	0.02727	0.00194	0.00332	0.07614	0.00355	0.00430
1	0.01025	0.00967	0.11660	0.03009	0.01331	0.00831	0.19801	0.15186	0.08276	0.09715	0.02936	0.07860	0.02690	0.02021	0.00505	0.03888	0.00452	0.02990	0.04323	0.00534
2	0.00720	0.00448	0.00586	0.00583	0.00640	0.00458	0.00415	0.03243	0.06369	0.04499	0.02899	0.19512	0.04126	0.10436	0.03528	0.33886	0.01880	0.05177	0.00284	0.00313
3	0.00574	0.00392	0.00472	0.00483	0.00504	0.00398	0.00304	0.00614	0.00639	0.00868	0.02842	0.11146	0.03226	0.59146	0.13093	0.00381	0.00455	0.02088	0.02099	0.00277
4	0.05206	0.01094	0.01161	0.00900	0.01213	0.01215	0.00741	0.74190	0.06318	0.02449	0.00983	0.00979	0.00702	0.00480	0.00395	0.00121	0.00429	0.00360	0.00395	0.00669
5	0.01546	0.01088	0.01182	0.00906	0.01226	0.01192	0.00749	0.75731	0.01827	0.08945	0.01012	0.00995	0.00707	0.00483	0.00401	0.00121	0.00433	0.00364	0.00409	0.00682
6	0.00544	0.00409	0.00503	0.00480	0.00585	0.00368	0.00360	0.00711	0.01079	0.01476	0.63218	0.03214	0.23841	0.00869	0.00473	0.00128	0.00193	0.00756	0.00424	0.00368
7	0.00489	0.00349	0.00465	0.00558	0.00582	0.00326	0.00372	0.00558	0.00768	0.01024	0.02210	0.85644	0.02653	0.01256	0.00512	0.00163	0.00233	0.01140	0.00372	0.00326
8	0.01536	0.01105	0.01192	0.00914	0.01235	0.01217	0.00755	0.78797	0.01856	0.05839	0.00988	0.00979	0.00695	0.00482	0.00401	0.00121	0.00437	0.00363	0.00405	0.00682
9	0.00488	0.00353	0.00461	0.00548	0.00579	0.00327	0.00368	0.00560	0.00778	0.01028	0.02341	0.79895	0.08318	0.01240	0.00509	0.00161	0.00231	0.01119	0.00372	0.00327
10	0.00757	0.00713	0.01203	0.84942	0.02762	0.00891	0.01114	0.01025	0.00802	0.01025	0.00713	0.01069	0.00535	0.00401	0.00401	0.00134	0.00535	0.00356	0.00178	0.00446
11	0.01026	0.02479	0.12955	0.02723	0.04070	0.00990	0.39533	0.15655	0.04586	0.03190	0.00922	0.04483	0.00723	0.00419	0.00431	0.00128	0.00554	0.00434	0.00256	0.04443
12	0.00832	0.00713	0.00832	0.00594	0.00950	0.00535	0.00475	0.01010	0.00832	0.01307	0.00713	0.00832	0.00594	0.00297	0.00297	0.00059	0.00297	0.00238	0.00238	0.88357
13	0.00561	0.00382	0.00442	0.00460	0.00469	0.00375	0.00271	0.00578	0.00631	0.00836	0.01543	0.19079	0.04400	0.66361	0.01687	0.00336	0.00352	0.00702	0.00273	0.00263
14	0.01033	0.00829	0.00909	0.00797	0.01022	0.02503	0.02553	0.05318	0.60031	0.07257	0.05018	0.01570	0.03529	0.00615	0.02523	0.00145	0.00347	0.00462	0.02936	0.00601
15	0.01019	0.00969	0.05127	0.07801	0.52787	0.00925	0.04256	0.08069	0.02377	0.03848	0.00814	0.01007	0.00649	0.00376	0.00391	0.00117	0.00466	0.00354	0.01482	0.07167
16	0.00947	0.01082	0.02366	0.01690	0.02096	0.01014	0.81947	0.01285	0.00947	0.01285	0.00811	0.01082	0.00609	0.00338	0.00473	0.00135	0.00676	0.00473	0.00203	0.00541
17	0.01073	0.00835	0.00932	0.00696	0.01021	0.00777	0.00564	0.30000	0.01209	0.01757	0.00845	0.00926	0.00657	0.00375	0.00333	0.00084	0.00341	0.00292	0.06607	0.50677
18	0.00547	0.00418	0.00496	0.02219	0.00633	0.00386	0.00373	0.00683	0.02470	0.02439	0.18812	0.17270	0.38548	0.05961	0.04534	0.00178	0.00273	0.03037	0.00370	0.00354
19	0.00850	0.05193	0.16989	0.03923	0.06137	0.01666	0.07719	0.06078	0.05599	0.03602	0.08947	0.03855	0.06977	0.07928	0.00600	0.00153	0.04501	0.04929	0.03864	0.00487

[dist]
# distance from previous block
# <min> <max>
0	13

[block]
# block no. 3 follows, 67 sequences, length 10
# corresponding to MSA columns:
# 231-240
name=unknown_D
#
# <colnr> <probs for GDERKNQSTAVLIFYWHMCP>
#	G	D	E	R	K	N	Q	S	T	A	V	L	I	F	Y	W	H	M	C	P
0	0.00671	0.16306	0.00808	0.00546	0.00631	0.00645	0.00403	0.00738	0.00645	0.00855	0.01076	0.01942	0.01146	0.45117	0.26443	0.00409	0.00602	0.00469	0.00221	0.00328
1	0.01369	0.01942	0.16473	0.01054	0.01332	0.68834	0.00906	0.01540	0.01083	0.01035	0.00638	0.00746	0.00515	0.00407	0.00365	0.00108	0.00699	0.00265	0.00200	0.00489
2	0.88738	0.00776	0.00589	0.00527	0.00776	0.00900	0.00434	0.01179	0.00683	0.01799	0.00558	0.00651	0.00434	0.00372	0.00248	0.00124	0.00310	0.00217	0.00248	0.00434
3	0.00746	0.01754	0.68367	0.01035	0.01522	0.00819	0.01276	0.01138	0.00832	0.01224	0.00996	0.16574	0.00906	0.00543	0.00405	0.00134	0.00526	0.00453	0.00207	0.00543
4	0.00507	0.00356	0.00453	0.00532	0.00570	0.00330	0.00360	0.00588	0.00786	0.01064	0.02296	0.72460	0.09235	0.01177	0.00491	0.00155	0.00227	0.01058	0.07025	0.00330
5	0.00574	0.00427	0.00631	0.00631	0.00698	0.00494	0.00485	0.00708	0.00641	0.00921	0.01086	0.01643	0.01032	0.08323	0.79041	0.00628	0.01030	0.00440	0.00217	0.00351
6	0.04297	0.05407	0.01173	0.00981	0.01216	0.62592	0.00758	0.16494	0.01247	0.01293	0.00679	0.00762	0.00545	0.00422	0.00361	0.00106	0.00645	0.00274	0.00243	0.00506
7	0.02545	0.14298	0.10417	0.01170	0.12380	0.05470	0.09665	0.27383	0.02475	0.02840	0.00949	0.01037	0.04205	0.00436	0.00395	0.00117	0.01700	0.00357	0.00274	0.01887
8	0.06137	0.12820	0.33976	0.00976	0.02831	0.00955	0.04902	0.09433	0.02418	0.04532	0.01028	0.01547	0.00894	0.00525	0.00397	0.00132	0.00484	0.15217	0.00254	0.00543
9	0.17041	0.00594	0.00541	0.00505	0.00671	0.04172	0.00390	0.04462	0.04935	0.03485	0.02430	0.04578	0.38496	0.00724	0.00387	0.00125	0.00263	0.00580	0.15215	0.00406

[dist]
# distance from previous block
# <min> <max>
1	18

[block]
# block no. 4 follows, 67 sequences, length 11
# corresponding to MSA columns:
# 259-269
name=unknown_E
#
# <colnr> <probs for GDERKNQSTAVLIFYWHMCP>
#	G	D	E	R	K	N	Q	S	T	A	V	L	I	F	Y	W	H	M	C	P
0	0.01501	0.01829	0.01144	0.01022	0.01240	0.75571	0.00774	0.10054	0.01215	0.01144	0.00656	0.00748	0.00534	0.00420	0.00366	0.00105	0.00694	0.00269	0.00227	0.00488
1	0.01072	0.86147	0.02102	0.00686	0.01029	0.01587	0.00686	0.01201	0.00815	0.00944	0.00558	0.00643	0.00515	0.00343	0.00257	0.00086	0.00429	0.00214	0.00172	0.00515
2	0.08378	0.00814	0.00844	0.00756	0.00975	0.00927	0.00591	0.05456	0.62748	0.01693	0.07089	0.01615	0.05252	0.00568	0.00402	0.00134	0.00308	0.00466	0.00395	0.00589
3	0.00952	0.02932	0.23629	0.04126	0.09368	0.00979	0.27729	0.07216	0.04868	0.03605	0.00893	0.04968	0.00716	0.00444	0.00478	0.00133	0.05753	0.00419	0.00231	0.00562
4	0.00587	0.00401	0.00540	0.00544	0.00576	0.00431	0.00374	0.00634	0.00611	0.00847	0.01157	0.05599	0.01223	0.36168	0.38231	0.10365	0.00680	0.00513	0.00228	0.00290
5	0.00562	0.00422	0.00457	0.00455	0.00576	0.00369	0.00333	0.00682	0.02779	0.05035	0.06052	0.13871	0.59191	0.06696	0.00579	0.00155	0.00228	0.00832	0.00373	0.00355
6	0.02057	0.00583	0.00748	0.02965	0.00869	0.01769	0.02771	0.07297	0.02182	0.14731	0.21428	0.10852	0.11198	0.03406	0.02954	0.00162	0.02890	0.10308	0.00383	0.00450
7	0.05887	0.22083	0.16789	0.02507	0.04280	0.15443	0.07468	0.13086	0.01042	0.03826	0.00718	0.00827	0.00561	0.00402	0.00385	0.00114	0.03507	0.00298	0.00228	0.00548
8	0.00751	0.00645	0.02262	0.06183	0.15015	0.00628	0.09728	0.02482	0.05380	0.03253	0.01582	0.36133	0.01672	0.00821	0.00465	0.00146	0.00370	0.08594	0.03438	0.00452
9	0.00487	0.00355	0.00459	0.00542	0.00577	0.00327	0.00365	0.00560	0.00784	0.01030	0.02410	0.76843	0.11325	0.01231	0.00508	0.00160	0.00229	0.01109	0.00372	0.00327
10	0.03048	0.02135	0.12250	0.08790	0.10702	0.07189	0.08929	0.09785	0.02883	0.04060	0.05054	0.06222	0.04949	0.00539	0.00515	0.00132	0.10314	0.00440	0.01546	0.00518

[dist]
# distance from previous block
# <min> <max>
1	18

[block]
# block no. 5 follows, 67 sequences, length 43
# corresponding to MSA columns:
# 288-330
name=unknown_F
#
# <colnr> <probs for GDERKNQSTAVLIFYWHMCP>
#	G	D	E	R	K	N	Q	S	T	A	V	L	I	F	Y	W	H	M	C	P
0	0.13529	0.09795	0.15578	0.02991	0.09761	0.08504	0.04627	0.07587	0.02900	0.03608	0.02354	0.05362	0.00803	0.00500	0.00438	0.01334	0.05062	0.03411	0.00246	0.01611
1	0.09912	0.25700	0.07780	0.00778	0.02306	0.06088	0.00699	0.09185	0.05183	0.18378	0.00917	0.00936	0.00682	0.00415	0.00342	0.00108	0.01445	0.00300	0.03315	0.05531
2	0.00542	0.00407	0.00482	0.00472	0.00581	0.00360	0.00351	0.00683	0.01008	0.02751	0.41150	0.11201	0.36683	0.00937	0.00476	0.00133	0.00202	0.00810	0.00407	0.00362
3	0.00723	0.02037	0.04578	0.00701	0.04412	0.00516	0.00509	0.00840	0.02041	0.02494	0.11690	0.26378	0.19357	0.08549	0.00634	0.00174	0.00313	0.03047	0.02684	0.08322
4	0.01125	0.17502	0.07030	0.02212	0.17620	0.10969	0.05296	0.07724	0.06793	0.07688	0.03458	0.01911	0.00774	0.00437	0.00421	0.00116	0.05079	0.00347	0.00256	0.03240
5	0.00765	0.00583	0.00683	0.00653	0.02263	0.00604	0.00484	0.01260	0.29284	0.05346	0.34320	0.10000	0.10608	0.00761	0.00450	0.00134	0.00251	0.00660	0.00415	0.00477
6	0.00510	0.00405	0.00457	0.00471	0.00573	0.00361	0.00342	0.01908	0.00907	0.01145	0.12876	0.23144	0.49222	0.02513	0.03166	0.00161	0.00243	0.00877	0.00374	0.00345
7	0.15154	0.00834	0.04431	0.34034	0.17090	0.00899	0.00932	0.04133	0.04836	0.05109	0.02046	0.01044	0.00661	0.00422	0.00409	0.00129	0.03857	0.00345	0.03126	0.00510
8	0.03195	0.01987	0.09472	0.05123	0.17217	0.02871	0.09313	0.18152	0.10277	0.02490	0.01031	0.04477	0.01978	0.02559	0.02265	0.00147	0.04819	0.01782	0.00278	0.00567
9	0.00509	0.00358	0.00470	0.00556	0.00587	0.00337	0.00380	0.00588	0.00778	0.01046	0.02189	0.74286	0.04254	0.03302	0.00543	0.00167	0.00242	0.05560	0.03520	0.00328
10	0.01045	0.23828	0.20508	0.02238	0.09221	0.10346	0.00928	0.11576	0.02883	0.01286	0.00759	0.00906	0.00617	0.00651	0.08475	0.00163	0.02361	0.00304	0.01362	0.00544
11	0.88738	0.00776	0.00589	0.00527	0.00776	0.00900	0.00434	0.01179	0.00683	0.01799	0.00558	0.00651	0.00434	0.00372	0.00248	0.00124	0.00310	0.00217	0.00248	0.00434
12	0.02597	0.02048	0.82130	0.01131	0.01716	0.00931	0.01460	0.01268	0.00843	0.01281	0.00716	0.00843	0.00507	0.00381	0.00378	0.00127	0.00587	0.00295	0.00171	0.00589
13	0.00588	0.00388	0.00447	0.00447	0.00449	0.00391	0.00255	0.00585	0.00583	0.00779	0.01234	0.02534	0.01412	0.79838	0.04532	0.04078	0.00408	0.00569	0.00239	0.00244
14	0.01799	0.00683	0.00931	0.00714	0.01024	0.00589	0.00589	0.01954	0.01148	0.83682	0.01582	0.01365	0.00993	0.00496	0.00403	0.00124	0.00341	0.00403	0.00496	0.00683
15	0.00599	0.00425	0.00583	0.00580	0.00652	0.00459	0.00432	0.00710	0.00686	0.03550	0.01515	0.05400	0.10668	0.16886	0.54421	0.00506	0.00798	0.00532	0.00253	0.00345
16	0.00969	0.00754	0.00804	0.00708	0.00906	0.02955	0.00552	0.12009	0.37900	0.05240	0.20372	0.01878	0.06278	0.00615	0.00416	0.00128	0.00301	0.00513	0.06156	0.00546
17	0.00486	0.00395	0.00431	0.00447	0.00556	0.00340	0.00326	0.00591	0.00907	0.01125	0.11727	0.20225	0.58958	0.01044	0.00482	0.00140	0.00208	0.00893	0.00379	0.00340
18	0.00642	0.00517	0.00647	0.00628	0.00726	0.02467	0.01504	0.01942	0.10316	0.01092	0.05783	0.09437	0.11365	0.09671	0.40940	0.00405	0.00676	0.00571	0.00287	0.00385
19	0.01073	0.76552	0.02019	0.00732	0.01059	0.02903	0.03164	0.01207	0.00829	0.02325	0.02017	0.00718	0.00583	0.00366	0.00305	0.00092	0.03122	0.00239	0.00183	0.00513
20	0.00774	0.00693	0.00998	0.11764	0.23330	0.02392	0.01723	0.02192	0.08352	0.01218	0.04012	0.24756	0.07132	0.00724	0.00472	0.00138	0.03234	0.03136	0.00291	0.02669
21	0.00864	0.00911	0.06638	0.05608	0.14831	0.09003	0.12287	0.03503	0.00916	0.02761	0.06545	0.18582	0.03423	0.04726	0.00568	0.00149	0.05190	0.02755	0.00270	0.00470
22	0.01025	0.09654	0.30106	0.02827	0.04607	0.07922	0.03149	0.10999	0.18855	0.01437	0.00939	0.01039	0.00719	0.00447	0.00415	0.00125	0.03498	0.01398	0.00257	0.00583
23	0.18531	0.01184	0.02603	0.11977	0.12270	0.24174	0.10095	0.07272	0.01955	0.02858	0.00725	0.00884	0.00566	0.00400	0.00378	0.00120	0.01650	0.00316	0.01534	0.00510
24	0.00928	0.00939	0.04443	0.09002	0.37677	0.07950	0.05620	0.02406	0.05670	0.01296	0.05523	0.07078	0.02102	0.00495	0.00408	0.00125	0.00454	0.01972	0.05374	0.00538
25	0.00567	0.00426	0.00492	0.00488	0.00585	0.01587	0.00354	0.00690	0.00951	0.03273	0.31872	0.16104	0.31528	0.07350	0.01787	0.00162	0.00240	0.00804	0.00386	0.00354
26	0.00606	0.00445	0.00630	0.00621	0.00691	0.00507	0.00471	0.03181	0.00677	0.00968	0.01100	0.01696	0.01054	0.13954	0.69507	0.00586	0.00950	0.00447	0.01557	0.00353
27	0.00583	0.00390	0.00443	0.00443	0.00445	0.00392	0.00250	0.00587	0.00585	0.00782	0.01259	0.02597	0.01446	0.83719	0.04211	0.00396	0.00407	0.00579	0.00242	0.00246
28	0.83749	0.00756	0.00586	0.00530	0.00770	0.00873	0.00437	0.01162	0.00694	0.01773	0.00627	0.00795	0.00509	0.00398	0.00259	0.00125	0.00309	0.02773	0.02446	0.00431
29	0.00814	0.00770	0.01304	0.65260	0.22005	0.00906	0.01142	0.01074	0.00828	0.01093	0.00723	0.01051	0.00559	0.00391	0.00400	0.00130	0.00521	0.00357	0.00183	0.00491
30	0.01072	0.86147	0.02102	0.00686	0.01029	0.01587	0.00686	0.01201	0.00815	0.00944	0.00558	0.00643	0.00515	0.00343	0.00257	0.00086	0.00429	0.00214	0.00172	0.00515
31	0.01050	0.03531	0.01037	0.02052	0.01077	0.05519	0.06138	0.22747	0.07137	0.03841	0.03939	0.01344	0.06557	0.03325	0.04931	0.00146	0.02519	0.00397	0.03665	0.19050
32	0.00511	0.00407	0.00460	0.00464	0.00573	0.00360	0.00341	0.00650	0.02498	0.01224	0.24715	0.16555	0.47829	0.00993	0.00478	0.00137	0.00206	0.00853	0.00391	0.00353
33	0.88738	0.00776	0.00589	0.00527	0.00776	0.00900	0.00434	0.01179	0.00683	0.01799	0.00558	0.00651	0.00434	0.00372	0.00248	0.00124	0.00310	0.00217	0.00248	0.00434
34	0.00944	0.00903	0.01540	0.19516	0.66730	0.00940	0.01207	0.01188	0.00890	0.01251	0.00746	0.01008	0.00614	0.00366	0.00398	0.00122	0.00488	0.00357	0.00194	0.00596
35	0.00793	0.00749	0.01268	0.72359	0.15064	0.00900	0.01132	0.01056	0.00819	0.01068	0.00719	0.01058	0.00550	0.00394	0.00400	0.00131	0.00526	0.00357	0.00181	0.00474
36	0.01524	0.01086	0.01173	0.00901	0.01217	0.01192	0.00744	0.76251	0.01826	0.06832	0.01002	0.00994	0.00705	0.00482	0.00399	0.00120	0.00431	0.00364	0.02079	0.00676
37	0.00489	0.00349	0.00465	0.00558	0.00582	0.00326	0.00372	0.00558	0.00768	0.01024	0.02210	0.85644	0.02653	0.01256	0.00512	0.00163	0.00233	0.01140	0.00372	0.00326
38	0.02452	0.00753	0.00838	0.00698	0.00912	0.00794	0.00555	0.36706	0.02592	0.12040	0.04812	0.13038	0.01210	0.00602	0.00391	0.00121	0.00328	0.00493	0.20118	0.00546
39	0.00578	0.00420	0.00604	0.00603	0.00661	0.00475	0.00450	0.00689	0.00640	0.00912	0.02758	0.01771	0.01127	0.16941	0.66175	0.03263	0.00918	0.00459	0.00223	0.00333
40	0.01038	0.00915	0.04987	0.14953	0.12671	0.03559	0.02987	0.22888	0.05551	0.02985	0.01004	0.02622	0.01829	0.03217	0.05038	0.00161	0.04128	0.00393	0.08535	0.00538
41	0.00615	0.00485	0.00656	0.01778	0.01858	0.00481	0.04243	0.02776	0.05831	0.01235	0.19846	0.34054	0.11922	0.06180	0.00614	0.01324	0.02394	0.02969	0.00362	0.00379
42	0.04743	0.29835	0.03235	0.00857	0.07541	0.09163	0.00675	0.08508	0.06193	0.03788	0.04983	0.08411	0.06948	0.00539	0.00372	0.00114	0.01660	0.00419	0.01509	0.00507

[dist]
# distance from previous block
# <min> <max>
1	31

[block]
# block no. 6 follows, 67 sequences, length 10
# corresponding to MSA columns:
# 362-371
name=unknown_G
#
# <colnr> <probs for GDERKNQSTAVLIFYWHMCP>
#	G	D	E	R	K	N	Q	S	T	A	V	L	I	F	Y	W	H	M	C	P
0	0.27952	0.13167	0.03100	0.03051	0.10779	0.11907	0.04546	0.09069	0.00952	0.05510	0.00774	0.00880	0.02024	0.00409	0.00353	0.00117	0.02586	0.00297	0.02010	0.00516
1	0.12937	0.07493	0.41496	0.02609	0.04480	0.00908	0.07157	0.01237	0.03113	0.05343	0.00904	0.08951	0.00759	0.00467	0.00376	0.00128	0.00489	0.00386	0.00226	0.00540
2	0.00552	0.00415	0.00489	0.00531	0.00598	0.00401	0.00366	0.00726	0.08583	0.01087	0.02432	0.48163	0.20029	0.10181	0.00650	0.00176	0.00250	0.00927	0.03094	0.00351
3	0.00654	0.00507	0.00609	0.00579	0.00691	0.00534	0.00439	0.04419	0.10738	0.01254	0.15741	0.04634	0.21182	0.07995	0.22567	0.00287	0.02565	0.00606	0.03605	0.00397
4	0.00690	0.00444	0.00518	0.00484	0.00628	0.00384	0.00368	0.00820	0.00996	0.13126	0.23711	0.08036	0.46495	0.00905	0.00466	0.00133	0.00221	0.00769	0.00408	0.00398
5	0.01500	0.00981	0.01089	0.00849	0.01150	0.01055	0.00697	0.55346	0.09241	0.18681	0.01163	0.01114	0.00809	0.00490	0.00398	0.00122	0.00400	0.00379	0.03872	0.00666
6	0.01404	0.01039	0.01121	0.00884	0.01172	0.01146	0.00720	0.71051	0.05067	0.02350	0.01109	0.09049	0.00892	0.00558	0.00412	0.00125	0.00416	0.00439	0.00399	0.00646
7	0.00669	0.00504	0.00547	0.00532	0.00633	0.05373	0.00393	0.00859	0.03692	0.02969	0.43607	0.15583	0.08014	0.00808	0.00439	0.00126	0.00235	0.00701	0.13929	0.00386
8	0.09451	0.00876	0.00930	0.00770	0.01015	0.04788	0.02220	0.24602	0.16560	0.04528	0.03693	0.05418	0.03284	0.02986	0.02574	0.00141	0.02281	0.01444	0.00341	0.12097
9	0.36771	0.04898	0.00908	0.00690	0.00945	0.02251	0.02724	0.06151	0.03269	0.03172	0.02479	0.00845	0.00618	0.00416	0.00419	0.00113	0.10563	0.00276	0.00255	0.22237

[dist]
# distance from previous block
# <min> <max>
0	8

[block]
# block no. 7 follows, 67 sequences, length 7
# corresponding to MSA columns:
# 401-407
name=unknown_H
#
# <colnr> <probs for GDERKNQSTAVLIFYWHMCP>
#	G	D	E	R	K	N	Q	S	T	A	V	L	I	F	Y	W	H	M	C	P
0	0.04220	0.05344	0.35270	0.05224	0.04995	0.02919	0.03828	0.05316	0.07773	0.03102	0.03931	0.03768	0.04993	0.00496	0.00408	0.00127	0.01862	0.02675	0.00249	0.03501
1	0.30828	0.05768	0.02856	0.00775	0.01001	0.21316	0.03826	0.04387	0.04965	0.03739	0.00931	0.03768	0.03426	0.02653	0.00422	0.00129	0.03994	0.02708	0.02039	0.00466
2	0.00669	0.00449	0.00523	0.00509	0.00554	0.00462	0.00325	0.00808	0.08849	0.04388	0.03767	0.07200	0.01523	0.60932	0.07094	0.00348	0.00410	0.00589	0.00282	0.00317
3	0.00843	0.00886	0.06037	0.05465	0.10872	0.04473	0.18711	0.05378	0.05480	0.01284	0.05196	0.08874	0.14548	0.01984	0.00520	0.00138	0.05774	0.00548	0.02505	0.00485
4	0.01052	0.22647	0.43522	0.00991	0.01432	0.18043	0.01106	0.01349	0.00910	0.04503	0.00695	0.00793	0.00531	0.00383	0.00348	0.00112	0.00569	0.00273	0.00191	0.00551
5	0.00773	0.00423	0.00427	0.00418	0.00525	0.00436	0.00316	0.01054	0.09027	0.01513	0.01341	0.01495	0.01048	0.00475	0.00293	0.00098	0.00200	0.00382	0.79358	0.00400
6	0.00851	0.10196	0.19651	0.03654	0.22767	0.00842	0.02911	0.01110	0.02732	0.04707	0.06551	0.11585	0.08047	0.00573	0.00423	0.00127	0.01996	0.00495	0.00257	0.00524

[dist]
# distance from previous block
# <min> <max>
0	1

[block]
# block no. 8 follows, 67 sequences, length 12
# corresponding to MSA columns:
# 409-420
name=unknown_I
#
# <colnr> <probs for GDERKNQSTAVLIFYWHMCP>
#	G	D	E	R	K	N	Q	S	T	A	V	L	I	F	Y	W	H	M	C	P
0	0.37104	0.03951	0.00920	0.00808	0.04114	0.26161	0.00613	0.06691	0.00969	0.11026	0.00789	0.03820	0.00630	0.00436	0.00326	0.00117	0.00455	0.00299	0.00274	0.00495
1	0.00885	0.00864	0.12071	0.03717	0.09573	0.00712	0.04033	0.12347	0.04799	0.06820	0.23011	0.04165	0.12330	0.00642	0.00436	0.00129	0.00362	0.02251	0.00345	0.00509
2	0.00515	0.00406	0.00463	0.00473	0.00580	0.00359	0.00356	0.00638	0.00942	0.01199	0.21767	0.11367	0.48050	0.03525	0.00531	0.00148	0.00223	0.07730	0.00384	0.00346
3	0.00624	0.00498	0.00742	0.00765	0.04746	0.00591	0.00564	0.00761	0.00652	0.00947	0.01012	0.01517	0.00955	0.05753	0.68962	0.00563	0.09337	0.00424	0.00211	0.00375
4	0.00751	0.00835	0.11141	0.00966	0.13153	0.03757	0.05554	0.03938	0.04320	0.01386	0.25331	0.02273	0.21601	0.00669	0.00437	0.00127	0.00349	0.00582	0.02364	0.00468
5	0.00604	0.00416	0.00573	0.00571	0.00624	0.00450	0.00411	0.00694	0.00665	0.02879	0.05102	0.06610	0.01346	0.26391	0.47194	0.03628	0.00746	0.00524	0.00248	0.00325
6	0.01160	0.58070	0.04064	0.00819	0.01141	0.12835	0.03857	0.09643	0.00971	0.01136	0.00621	0.00716	0.00536	0.00377	0.00325	0.00097	0.02652	0.00251	0.00201	0.00526
7	0.00677	0.00514	0.00666	0.03666	0.02714	0.00524	0.02204	0.01876	0.11622	0.03174	0.07772	0.27047	0.11176	0.09365	0.00644	0.00174	0.01462	0.12043	0.02280	0.00401
8	0.03995	0.06091	0.14847	0.06269	0.14972	0.12995	0.10458	0.07576	0.07162	0.03927	0.04489	0.01143	0.00836	0.00475	0.00447	0.00136	0.02937	0.00382	0.00269	0.00592
9	0.01209	0.06018	0.02795	0.02758	0.06116	0.13830	0.02728	0.24775	0.23819	0.02959	0.01065	0.02930	0.00832	0.00534	0.01797	0.00133	0.04411	0.00382	0.00321	0.00589
10	0.08982	0.02392	0.03255	0.04475	0.20568	0.15037	0.03503	0.04769	0.00898	0.04157	0.00896	0.07805	0.00827	0.06238	0.04232	0.00168	0.09434	0.00410	0.01464	0.00491
11	0.00979	0.05912	0.13933	0.04284	0.11940	0.02956	0.04306	0.09999	0.19315	0.03890	0.04069	0.03461	0.07037	0.00529	0.00459	0.00129	0.05514	0.00434	0.00294	0.00562

[dist]
# distance from previous block
# <min> <max>
5	28

[block]
# block no. 9 follows, 67 sequences, length 6
# corresponding to MSA columns:
# 451-456
name=unknown_J
#
# <colnr> <probs for GDERKNQSTAVLIFYWHMCP>
#	G	D	E	R	K	N	Q	S	T	A	V	L	I	F	Y	W	H	M	C	P
0	0.00860	0.05888	0.02692	0.07991	0.03230	0.08451	0.00604	0.06363	0.00944	0.06325	0.05064	0.24866	0.09597	0.02164	0.00488	0.00137	0.03510	0.03586	0.02312	0.04930
1	0.00943	0.06207	0.04579	0.05455	0.02872	0.00707	0.03093	0.07358	0.02856	0.10403	0.01167	0.05611	0.05932	0.04546	0.04686	0.05373	0.02051	0.00406	0.00280	0.25473
2	0.04937	0.06513	0.12480	0.04621	0.09438	0.03912	0.00786	0.09738	0.06199	0.04077	0.07844	0.08354	0.01168	0.03737	0.02155	0.00146	0.04860	0.03197	0.01623	0.04215
3	0.02633	0.07200	0.09025	0.02680	0.05852	0.08364	0.06773	0.07144	0.05976	0.03339	0.00880	0.04431	0.00749	0.02579	0.04687	0.00141	0.04518	0.00356	0.00248	0.22424
4	0.00713	0.00596	0.02704	0.03060	0.02812	0.02094	0.05139	0.04137	0.03036	0.02601	0.04054	0.05394	0.03598	0.18520	0.32532	0.01786	0.03139	0.03440	0.00258	0.00387
5	0.03559	0.02311	0.09761	0.02907	0.07889	0.05553	0.05276	0.08990	0.07577	0.04159	0.10772	0.06046	0.04357	0.04076	0.01725	0.00144	0.03487	0.03608	0.00298	0.07507

[dist]
# distance from previous block
# <min> <max>
3	27

[block]
# block no. 10 follows, 67 sequences, length 29
# corresponding to MSA columns:
# 484-512
name=unknown_K
#
# <colnr> <probs for GDERKNQSTAVLIFYWHMCP>
#	G	D	E	R	K	N	Q	S	T	A	V	L	I	F	Y	W	H	M	C	P
0	0.05155	0.12749	0.12655	0.03396	0.03629	0.10592	0.06790	0.14303	0.03439	0.02574	0.01014	0.05239	0.04890	0.00530	0.01910	0.00127	0.03841	0.00382	0.01407	0.05380
1	0.00692	0.00873	0.20630	0.02968	0.00993	0.00597	0.00696	0.05585	0.04942	0.02293	0.10038	0.27460	0.11535	0.02162	0.04716	0.00168	0.00383	0.00688	0.00318	0.02261
2	0.02359	0.14088	0.24767	0.02774	0.07717	0.07275	0.12071	0.05909	0.05042	0.02266	0.04615	0.01083	0.03153	0.00426	0.00395	0.00118	0.01883	0.00357	0.00230	0.03471
3	0.04960	0.12940	0.14807	0.04819	0.09722	0.02153	0.11357	0.13542	0.05562	0.04336	0.02567	0.01119	0.03397	0.00456	0.01224	0.00123	0.00475	0.01171	0.00259	0.05009
4	0.00755	0.04179	0.00865	0.06810	0.03392	0.05311	0.05684	0.02156	0.03185	0.04745	0.09938	0.27199	0.09841	0.00985	0.06918	0.00178	0.03535	0.01477	0.02430	0.00417
5	0.00703	0.00598	0.04329	0.00685	0.04537	0.00540	0.00514	0.07163	0.08683	0.03033	0.20789	0.21828	0.19583	0.00868	0.00461	0.00138	0.00273	0.03219	0.01623	0.00432
6	0.02628	0.13574	0.15571	0.02114	0.09700	0.09959	0.06188	0.15599	0.02679	0.05132	0.02199	0.02030	0.03976	0.00455	0.00402	0.00118	0.02999	0.00360	0.03763	0.00555
7	0.05258	0.03596	0.15565	0.06042	0.19842	0.05960	0.12780	0.04478	0.02758	0.08423	0.02230	0.04478	0.02143	0.00463	0.00403	0.00126	0.00492	0.02812	0.01598	0.00553
8	0.00492	0.00358	0.00464	0.00542	0.00579	0.00330	0.00366	0.00571	0.00801	0.01061	0.06780	0.73746	0.10011	0.01211	0.00506	0.00158	0.00228	0.01091	0.00376	0.00330
9	0.00714	0.02125	0.03377	0.00758	0.02435	0.06246	0.00594	0.01846	0.00728	0.01002	0.05143	0.02831	0.01091	0.09724	0.46056	0.00436	0.12822	0.01456	0.00227	0.00386
10	0.06026	0.08572	0.23054	0.02649	0.08715	0.06918	0.03757	0.09059	0.06365	0.04505	0.04548	0.02193	0.03145	0.03746	0.00465	0.00132	0.02732	0.00374	0.02505	0.00539
11	0.00874	0.00892	0.07315	0.05775	0.09922	0.03239	0.13889	0.09083	0.03641	0.01418	0.17144	0.04894	0.04522	0.00582	0.00526	0.00133	0.09603	0.01545	0.04507	0.00495
12	0.00498	0.00356	0.00470	0.00557	0.00585	0.00334	0.00377	0.00570	0.00772	0.01024	0.02232	0.77208	0.05052	0.04067	0.00563	0.00170	0.00242	0.04228	0.00368	0.00325
13	0.02755	0.04515	0.01191	0.09578	0.16374	0.13112	0.04177	0.15086	0.10208	0.02526	0.02711	0.07838	0.02630	0.00644	0.04752	0.00151	0.00496	0.00434	0.00283	0.00537
14	0.04122	0.13323	0.11188	0.11578	0.17773	0.07292	0.04834	0.05594	0.02189	0.07318	0.00885	0.03433	0.02050	0.00443	0.00419	0.00121	0.04548	0.00358	0.01989	0.00542
15	0.01634	0.00889	0.01053	0.00810	0.01119	0.00901	0.00668	0.40807	0.01506	0.42138	0.03423	0.01213	0.00915	0.00498	0.00404	0.00122	0.00386	0.00391	0.00449	0.00674
16	0.00681	0.00485	0.00558	0.00523	0.00651	0.00480	0.00397	0.01014	0.14853	0.03225	0.40486	0.02602	0.16292	0.00740	0.00428	0.00124	0.00216	0.00634	0.15192	0.00421
17	0.02508	0.02357	0.07901	0.17784	0.15993	0.04977	0.01609	0.05422	0.02148	0.07900	0.02152	0.04143	0.00862	0.08544	0.07319	0.01917	0.03044	0.00407	0.02522	0.00491
18	0.00858	0.02034	0.02578	0.09609	0.31255	0.00815	0.11983	0.03782	0.06485	0.01327	0.07092	0.04372	0.10881	0.00530	0.00423	0.00127	0.00426	0.01522	0.03374	0.00527
19	0.00789	0.00730	0.01203	0.81444	0.02699	0.00906	0.01099	0.04398	0.00847	0.01087	0.00723	0.01065	0.00541	0.00404	0.00401	0.00133	0.00531	0.00357	0.00187	0.00455
20	0.00653	0.00600	0.00987	0.00821	0.00997	0.00569	0.21067	0.00880	0.05066	0.01250	0.17590	0.17242	0.23856	0.00875	0.02691	0.00153	0.01644	0.02310	0.00337	0.00413
21	0.00960	0.11670	0.21887	0.04535	0.06603	0.10849	0.05705	0.06534	0.08311	0.01290	0.04517	0.05069	0.05216	0.00512	0.00423	0.00124	0.03261	0.01755	0.00250	0.00528
22	0.01234	0.01084	0.02750	0.00876	0.01138	0.11316	0.00704	0.24674	0.45031	0.04857	0.01297	0.01232	0.00960	0.00505	0.00400	0.00127	0.00409	0.00398	0.00380	0.00628
23	0.00477	0.00406	0.00411	0.00409	0.00544	0.00340	0.00307	0.00581	0.00921	0.01101	0.06643	0.03831	0.80650	0.01009	0.00474	0.00135	0.00203	0.00842	0.00375	0.00340
24	0.00834	0.02612	0.03782	0.03745	0.01137	0.01047	0.09257	0.00958	0.00668	0.00995	0.00696	0.01159	0.00679	0.11847	0.03345	0.00205	0.54210	0.00392	0.02007	0.00427
25	0.00868	0.00719	0.00838	0.00609	0.00957	0.00560	0.00487	0.01094	0.04984	0.03695	0.00784	0.00881	0.00637	0.00315	0.00306	0.00065	0.00299	0.00253	0.00254	0.81394
26	0.00600	0.00424	0.00536	0.01526	0.00667	0.01703	0.00423	0.00726	0.03290	0.04664	0.08087	0.60217	0.04877	0.02882	0.00532	0.00162	0.00262	0.07686	0.00376	0.00360
27	0.00938	0.04928	0.04434	0.01120	0.05837	0.09406	0.05745	0.01089	0.02351	0.01045	0.02133	0.02608	0.02264	0.00619	0.00970	0.00154	0.53322	0.00375	0.00198	0.00467
28	0.02353	0.03630	0.12200	0.00819	0.02518	0.06394	0.03554	0.06485	0.08538	0.04264	0.04744	0.06839	0.14442	0.00627	0.00466	0.00126	0.05692	0.04658	0.00299	0.11351

[dist]
# distance from previous block
# <min> <max>
2	7

[block]
# block no. 11 follows, 67 sequences, length 24
# corresponding to MSA columns:
# 520-543
name=unknown_L
#
# <colnr> <probs for GDERKNQSTAVLIFYWHMCP>
#	G	D	E	R	K	N	Q	S	T	A	V	L	I	F	Y	W	H	M	C	P
0	0.02499	0.00970	0.01041	0.04569	0.04209	0.07684	0.00696	0.39327	0.04598	0.15035	0.05558	0.02901	0.06529	0.00536	0.00405	0.00122	0.00411	0.00425	0.00378	0.02106
1	0.01100	0.02646	0.03182	0.02300	0.15886	0.16663	0.02605	0.09030	0.03060	0.05540	0.00850	0.04875	0.00719	0.00445	0.00440	0.00108	0.06961	0.00348	0.00255	0.22986
2	0.00573	0.00401	0.00481	0.00494	0.00573	0.00368	0.00346	0.00664	0.00841	0.04729	0.13203	0.26645	0.27771	0.15803	0.05080	0.00212	0.00293	0.00828	0.00356	0.00340
3	0.26057	0.00818	0.00894	0.00709	0.00999	0.00845	0.00585	0.22942	0.01206	0.37306	0.01125	0.01062	0.00755	0.00457	0.00356	0.00122	0.00355	0.00339	0.02462	0.00606
4	0.00516	0.00403	0.00468	0.00462	0.00570	0.00355	0.00342	0.00653	0.00997	0.01306	0.38184	0.10485	0.41922	0.00951	0.00477	0.00134	0.00200	0.00819	0.00402	0.00355
5	0.00489	0.00349	0.00465	0.00558	0.00582	0.00326	0.00372	0.00558	0.00768	0.01024	0.02210	0.85644	0.02653	0.01256	0.00512	0.00163	0.00233	0.01140	0.00372	0.00326
6	0.00583	0.00391	0.00448	0.00448	0.00452	0.00395	0.00256	0.00590	0.00586	0.00785	0.01254	0.02571	0.01435	0.81686	0.06229	0.00402	0.00424	0.00575	0.00242	0.00249
7	0.01525	0.01123	0.01204	0.00923	0.01244	0.01244	0.00762	0.82067	0.01886	0.02528	0.00963	0.00963	0.00682	0.00481	0.00401	0.00120	0.00441	0.00361	0.00401	0.00682
8	0.88738	0.00776	0.00589	0.00527	0.00776	0.00900	0.00434	0.01179	0.00683	0.01799	0.00558	0.00651	0.00434	0.00372	0.00248	0.00124	0.00310	0.00217	0.00248	0.00434
9	0.88738	0.00776	0.00589	0.00527	0.00776	0.00900	0.00434	0.01179	0.00683	0.01799	0.00558	0.00651	0.00434	0.00372	0.00248	0.00124	0.00310	0.00217	0.00248	0.00434
10	0.00489	0.00366	0.00454	0.00519	0.00573	0.00331	0.00356	0.00571	0.00819	0.01064	0.06239	0.62279	0.22123	0.01179	0.00501	0.00155	0.00224	0.01051	0.00375	0.00331
11	0.01072	0.86147	0.02102	0.00686	0.01029	0.01587	0.00686	0.01201	0.00815	0.00944	0.00558	0.00643	0.00515	0.00343	0.00257	0.00086	0.00429	0.00214	0.00172	0.00515
12	0.00748	0.00374	0.00374	0.00374	0.00467	0.00374	0.00280	0.00934	0.00841	0.01495	0.01308	0.01495	0.01028	0.00467	0.00280	0.00093	0.00187	0.00374	0.88132	0.00374
13	0.01279	0.00982	0.01051	0.00864	0.01140	0.01103	0.00695	0.40836	0.40895	0.04763	0.01306	0.01234	0.00954	0.00512	0.00405	0.00128	0.00378	0.00407	0.00408	0.00659
14	0.00539	0.00408	0.00499	0.00495	0.00591	0.00372	0.00364	0.00706	0.02731	0.01377	0.47581	0.17227	0.23758	0.00938	0.00479	0.00135	0.00203	0.00821	0.00411	0.00365
15	0.00495	0.00392	0.00446	0.00463	0.00563	0.00343	0.00336	0.00605	0.00918	0.01167	0.18444	0.24539	0.47790	0.01040	0.00483	0.00141	0.00208	0.00899	0.00385	0.00343
16	0.01498	0.00659	0.00862	0.00696	0.00957	0.00605	0.00561	0.03712	0.08962	0.59631	0.10151	0.07260	0.01412	0.00586	0.00418	0.00128	0.00318	0.00491	0.00471	0.00622
17	0.16070	0.00746	0.00881	0.05124	0.01058	0.02937	0.00595	0.07203	0.01064	0.48586	0.01428	0.01345	0.06412	0.00549	0.01767	0.00134	0.02718	0.00392	0.00402	0.00587
18	0.00508	0.00379	0.00494	0.00592	0.02878	0.00351	0.00393	0.00590	0.00795	0.01042	0.02427	0.66338	0.14736	0.03013	0.00537	0.00163	0.00243	0.03821	0.00365	0.00336
19	0.00678	0.00429	0.00499	0.00488	0.00616	0.00376	0.00365	0.00795	0.00929	0.11807	0.10004	0.19985	0.42153	0.00943	0.00460	0.00137	0.00227	0.02068	0.06653	0.00387
20	0.06133	0.00520	0.00582	0.00505	0.00680	0.00505	0.00399	0.05073	0.00970	0.24534	0.01415	0.01462	0.03648	0.00488	0.00325	0.00106	0.00250	0.00388	0.51540	0.00477
21	0.00974	0.03421	0.38645	0.02591	0.10431	0.02067	0.20712	0.08477	0.02561	0.04017	0.00805	0.00956	0.00592	0.00388	0.00417	0.00127	0.01657	0.00357	0.00217	0.00589
22	0.00900	0.00970	0.03077	0.00946	0.01152	0.18053	0.19485	0.02114	0.06656	0.01212	0.06697	0.10298	0.13038	0.01979	0.01557	0.00141	0.04245	0.02041	0.04989	0.00450
23	0.00800	0.00568	0.00655	0.01749	0.00758	0.00584	0.00459	0.18292	0.03805	0.02918	0.03162	0.21012	0.17878	0.08084	0.05473	0.05103	0.00347	0.01714	0.06224	0.00415

[dist]
# distance from previous block
# <min> <max>
1	9

[block]
# block no. 12 follows, 67 sequences, length 42
# corresponding to MSA columns:
# 553-594
name=unknown_M
#
# <colnr> <probs for GDERKNQSTAVLIFYWHMCP>
#	G	D	E	R	K	N	Q	S	T	A	V	L	I	F	Y	W	H	M	C	P
0	0.14412	0.09888	0.04418	0.09200	0.15421	0.20439	0.00836	0.06899	0.00953	0.02562	0.00685	0.00843	0.00557	0.00446	0.01728	0.00123	0.05284	0.00292	0.00222	0.04794
1	0.05526	0.00765	0.00897	0.03323	0.02914	0.00836	0.02332	0.07217	0.36768	0.10801	0.05362	0.01541	0.03222	0.06567	0.03255	0.00164	0.02767	0.00444	0.01774	0.03525
2	0.00926	0.01823	0.00898	0.00836	0.06760	0.02490	0.02691	0.09689	0.22825	0.06529	0.21135	0.03270	0.09671	0.00709	0.03163	0.00144	0.01942	0.00532	0.00373	0.03593
3	0.00495	0.00398	0.00441	0.00450	0.00559	0.00344	0.00330	0.00608	0.00934	0.01177	0.19238	0.16612	0.54976	0.01015	0.00480	0.00138	0.00205	0.00869	0.00386	0.00344
4	0.00994	0.46260	0.35096	0.00895	0.01330	0.07091	0.01014	0.01257	0.00850	0.01078	0.00628	0.00731	0.00512	0.00363	0.00315	0.00104	0.00516	0.00251	0.00173	0.00543
5	0.00489	0.00349	0.00465	0.00558	0.00582	0.00326	0.00372	0.00558	0.00768	0.01024	0.02210	0.85644	0.02653	0.01256	0.00512	0.00163	0.00233	0.01140	0.00372	0.00326
6	0.00495	0.00356	0.00468	0.00556	0.00586	0.00332	0.00376	0.00568	0.00776	0.01028	0.02268	0.78236	0.05956	0.02661	0.00537	0.00166	0.00239	0.03699	0.00370	0.00326
7	0.01348	0.01574	0.01069	0.00965	0.01181	0.57002	0.00732	0.03925	0.25689	0.01233	0.00934	0.00962	0.00734	0.00454	0.00377	0.00114	0.00594	0.00320	0.00272	0.00522
8	0.00565	0.00410	0.00532	0.00501	0.00597	0.00377	0.00376	0.00751	0.01128	0.01591	0.80626	0.03024	0.06361	0.00826	0.00473	0.00126	0.00190	0.00729	0.00439	0.00377
9	0.55351	0.00834	0.00779	0.00644	0.00918	0.00921	0.00531	0.18618	0.01019	0.15825	0.00818	0.00839	0.00582	0.00417	0.00307	0.00123	0.00344	0.00279	0.00323	0.00529
10	0.00583	0.00389	0.00437	0.00437	0.00437	0.00389	0.00243	0.00583	0.00583	0.00778	0.01264	0.02624	0.01458	0.85906	0.02041	0.00389	0.00389	0.00583	0.00243	0.00243
11	0.00871	0.17716	0.55785	0.00987	0.01464	0.01024	0.01186	0.05507	0.00874	0.01236	0.00745	0.00931	0.00587	0.04181	0.05129	0.00159	0.00572	0.00304	0.00188	0.00555
12	0.01498	0.01911	0.01137	0.01033	0.01240	0.84295	0.00775	0.01601	0.01137	0.00982	0.00620	0.00723	0.00517	0.00413	0.00362	0.00103	0.00723	0.00258	0.00207	0.00465
13	0.00846	0.00713	0.00873	0.00631	0.00978	0.00547	0.03042	0.01026	0.00838	0.03050	0.00764	0.02156	0.00642	0.00366	0.01832	0.00075	0.00323	0.00266	0.00244	0.80787
14	0.00757	0.00713	0.01203	0.84942	0.02762	0.00891	0.01114	0.01025	0.00802	0.01025	0.00713	0.01069	0.00535	0.00401	0.00401	0.00134	0.00535	0.00356	0.00178	0.00446
15	0.01036	0.00834	0.00893	0.00797	0.01025	0.00948	0.00622	0.02069	0.74330	0.07252	0.02996	0.01554	0.02727	0.00554	0.00410	0.00135	0.00315	0.00461	0.00414	0.00629
16	0.53051	0.01011	0.00863	0.00883	0.10636	0.15178	0.00619	0.07711	0.00884	0.01629	0.00660	0.02591	0.00542	0.00411	0.00322	0.00121	0.01884	0.00275	0.00249	0.00481
17	0.00670	0.00556	0.00865	0.00889	0.06520	0.00545	0.10537	0.02268	0.05324	0.01213	0.05654	0.35758	0.04213	0.00964	0.00500	0.00158	0.00346	0.22264	0.00344	0.00411
18	0.05528	0.02636	0.03376	0.01263	0.19632	0.00866	0.11656	0.15493	0.06408	0.03313	0.02259	0.09014	0.01164	0.02667	0.00473	0.00143	0.00433	0.12837	0.00302	0.00537
19	0.01102	0.00717	0.00870	0.00645	0.00976	0.00587	0.00521	0.05857	0.00963	0.21910	0.00959	0.01003	0.00715	0.00469	0.03794	0.00103	0.00348	0.00294	0.00311	0.57856
