[name]
unknown

[dist]
# distance from previous block
# <min> <max>
1	15

[block]
# block no. 0 follows, 73 sequences, length 25
# corresponding to MSA columns:
# 17-41
name=unknown_A
#
# <colnr> <probs for GDERKNQSTAVLIFYWHMCP>
#	G	D	E	R	K	N	Q	S	T	A	V	L	I	F	Y	W	H	M	C	P
0	0.01021	0.07740	0.15182	0.01187	0.14155	0.02989	0.12201	0.14431	0.15484	0.02767	0.01141	0.03740	0.05220	0.00484	0.00403	0.00128	0.00458	0.00410	0.00283	0.00577
1	0.00911	0.00774	0.00814	0.00726	0.00934	0.00878	0.00566	0.07649	0.68234	0.01562	0.01747	0.01622	0.10816	0.00556	0.00388	0.00126	0.00293	0.00461	0.00377	0.00565
2	0.01126	0.26860	0.11266	0.00967	0.01270	0.32680	0.12827	0.05633	0.00947	0.01057	0.00616	0.00731	0.00503	0.00361	0.00341	0.00101	0.01774	0.00269	0.00188	0.00483
3	0.00595	0.00436	0.00538	0.00575	0.00639	0.00438	0.00404	0.10252	0.05246	0.01154	0.01903	0.72055	0.02195	0.01055	0.00462	0.00146	0.00245	0.00947	0.00353	0.00359
4	0.06087	0.45518	0.04553	0.00894	0.11986	0.10361	0.02155	0.01100	0.00812	0.01011	0.00944	0.01022	0.10279	0.00410	0.00312	0.00097	0.01496	0.00301	0.00194	0.00470
5	0.60095	0.05369	0.04051	0.00587	0.00829	0.09436	0.00498	0.02400	0.00735	0.04006	0.00657	0.05213	0.00556	0.00397	0.00270	0.00112	0.00344	0.00264	0.00237	0.03946
6	0.00779	0.00719	0.00682	0.00706	0.07625	0.14872	0.00488	0.00965	0.07209	0.06756	0.06348	0.03914	0.44282	0.00727	0.00427	0.00120	0.02061	0.00595	0.00318	0.00406
7	0.00465	0.00336	0.00433	0.00501	0.00535	0.00312	0.00337	0.00536	0.00743	0.00984	0.07091	0.70183	0.09713	0.05265	0.00543	0.00158	0.00220	0.00994	0.00346	0.00305
8	0.00796	0.00693	0.00865	0.00760	0.10644	0.00546	0.00527	0.00969	0.00787	0.01223	0.00671	0.00796	0.00560	0.00284	0.00289	0.00062	0.00297	0.00235	0.00218	0.78778
9	0.00457	0.00326	0.00435	0.00522	0.00544	0.00305	0.00348	0.00522	0.00718	0.00958	0.02068	0.86570	0.02481	0.01175	0.00479	0.00152	0.00218	0.01067	0.00348	0.00305
10	0.00480	0.00359	0.00445	0.00470	0.00541	0.00325	0.00335	0.00592	0.00872	0.01164	0.31491	0.37095	0.22504	0.00977	0.00458	0.00134	0.00197	0.00864	0.00371	0.00325
11	0.04886	0.00702	0.00863	0.00675	0.00953	0.04415	0.00553	0.04310	0.02291	0.72164	0.01381	0.01218	0.00884	0.00456	0.00368	0.00115	0.00334	0.00364	0.02456	0.00613
12	0.00784	0.00756	0.01317	0.55949	0.25964	0.00858	0.06958	0.01031	0.00790	0.01052	0.00685	0.00981	0.00532	0.00359	0.00379	0.00121	0.00494	0.00342	0.00174	0.00474
13	0.89465	0.00726	0.00551	0.00493	0.00726	0.00842	0.00406	0.01103	0.00638	0.01683	0.00522	0.00609	0.00406	0.00348	0.00232	0.00116	0.00290	0.00203	0.00232	0.00406
14	0.00929	0.00891	0.01523	0.02303	0.84475	0.00891	0.01151	0.01151	0.00854	0.01226	0.00706	0.00929	0.00594	0.00334	0.00371	0.00111	0.00446	0.00334	0.00186	0.00594
15	0.00531	0.00383	0.00501	0.00472	0.00560	0.00354	0.00354	0.00708	0.01062	0.01504	0.84277	0.02802	0.03540	0.00767	0.00442	0.00118	0.00177	0.00678	0.00413	0.00354
16	0.00709	0.00667	0.01125	0.85913	0.02584	0.00834	0.01042	0.00959	0.00750	0.00959	0.00667	0.01000	0.00500	0.00375	0.00375	0.00125	0.00500	0.00333	0.00167	0.00417
17	0.00985	0.80938	0.07911	0.00673	0.01010	0.01441	0.00695	0.01128	0.00764	0.00905	0.00532	0.00615	0.00481	0.00324	0.00249	0.00083	0.00412	0.00206	0.00160	0.00487
18	0.00450	0.00373	0.00394	0.00405	0.00515	0.00317	0.00298	0.00545	0.00847	0.01032	0.07822	0.15363	0.68402	0.00972	0.00448	0.00130	0.00193	0.00825	0.00352	0.00317
19	0.00536	0.00402	0.00603	0.00603	0.00670	0.00469	0.00469	0.00670	0.00603	0.00871	0.01005	0.01474	0.00938	0.02814	0.85328	0.00603	0.01005	0.00402	0.00201	0.00335
20	0.00894	0.01443	0.43654	0.01268	0.09136	0.00894	0.22302	0.05460	0.04457	0.05712	0.00790	0.00919	0.00572	0.00361	0.00383	0.00120	0.00534	0.00340	0.00206	0.00556
21	0.00527	0.00385	0.00490	0.00488	0.00567	0.00359	0.00356	0.02727	0.00973	0.01344	0.54282	0.24724	0.09608	0.00880	0.00450	0.00128	0.00195	0.00780	0.00390	0.00345
22	0.01055	0.52012	0.01549	0.00713	0.00998	0.15090	0.00637	0.03775	0.12628	0.01055	0.00696	0.00749	0.00586	0.00359	0.00283	0.00089	0.00423	0.00245	0.00208	0.06850
23	0.02207	0.37312	0.17617	0.00777	0.01134	0.03793	0.02626	0.11490	0.00938	0.09773	0.00717	0.00773	0.00554	0.00357	0.00305	0.00095	0.00425	0.00259	0.00226	0.08622
24	0.02887	0.03666	0.15092	0.01146	0.09986	0.39261	0.08273	0.09900	0.02676	0.01198	0.00673	0.00789	0.00529	0.00381	0.00370	0.00108	0.02065	0.00289	0.00209	0.00502

[dist]
# distance from previous block
# <min> <max>
0	2

[block]
# block no. 1 follows, 73 sequences, length 37
# corresponding to MSA columns:
# 44-80
name=unknown_B
#
# <colnr> <probs for GDERKNQSTAVLIFYWHMCP>
#	G	D	E	R	K	N	Q	S	T	A	V	L	I	F	Y	W	H	M	C	P
0	0.00940	0.00814	0.00919	0.00848	0.04529	0.02906	0.03407	0.08907	0.59089	0.01531	0.02535	0.03662	0.01098	0.00669	0.06269	0.00158	0.00379	0.00429	0.00349	0.00562
1	0.00457	0.00328	0.00434	0.00519	0.00543	0.00305	0.00347	0.00523	0.00722	0.00959	0.02111	0.84525	0.04499	0.01170	0.00478	0.00152	0.00217	0.01060	0.00348	0.00305
2	0.00456	0.00330	0.00432	0.00514	0.00542	0.00305	0.00345	0.00523	0.00726	0.00961	0.02166	0.81873	0.07115	0.01163	0.00477	0.00151	0.00216	0.01051	0.00348	0.00305
3	0.00546	0.00364	0.00409	0.00409	0.00409	0.00364	0.00227	0.00546	0.00546	0.00727	0.01182	0.02455	0.01364	0.86815	0.01910	0.00364	0.00364	0.00546	0.00227	0.00227
4	0.00518	0.00383	0.00483	0.00458	0.00552	0.00348	0.00344	0.00682	0.01031	0.01430	0.72058	0.02925	0.15805	0.00795	0.00443	0.00119	0.00179	0.00696	0.00403	0.00348
5	0.01683	0.00638	0.00871	0.00668	0.00958	0.00551	0.00551	0.01828	0.01074	0.84734	0.01480	0.01277	0.00929	0.00464	0.00377	0.00116	0.00319	0.00377	0.00464	0.00638
6	0.00954	0.00816	0.00860	0.00768	0.00984	0.00943	0.00599	0.05498	0.80258	0.01604	0.01500	0.01378	0.01123	0.00506	0.00381	0.00127	0.00302	0.00420	0.00381	0.00596
7	0.01003	0.87041	0.01966	0.00642	0.00963	0.01485	0.00642	0.01123	0.00762	0.00883	0.00522	0.00602	0.00481	0.00321	0.00241	0.00080	0.00401	0.00201	0.00160	0.00481
8	0.00709	0.00667	0.01125	0.85913	0.02584	0.00834	0.01042	0.00959	0.00750	0.00959	0.00667	0.01000	0.00500	0.00375	0.00375	0.00125	0.00500	0.00333	0.00167	0.00417
9	0.00447	0.00380	0.00385	0.00384	0.00509	0.00318	0.00288	0.00545	0.00863	0.01033	0.06990	0.03579	0.81120	0.00943	0.00443	0.00126	0.00190	0.00787	0.00351	0.00318
10	0.01426	0.01051	0.01126	0.00863	0.01163	0.01163	0.00713	0.83224	0.01764	0.02364	0.00901	0.00901	0.00638	0.00450	0.00375	0.00113	0.00413	0.00338	0.00375	0.00638
11	0.01683	0.00638	0.00871	0.00668	0.00958	0.00551	0.00551	0.01828	0.01074	0.84734	0.01480	0.01277	0.00929	0.00464	0.00377	0.00116	0.00319	0.00377	0.00464	0.00638
12	0.00536	0.00402	0.00603	0.00603	0.00670	0.00469	0.00469	0.00670	0.00603	0.00871	0.01005	0.01474	0.00938	0.02814	0.85328	0.00603	0.01005	0.00402	0.00201	0.00335
13	0.01003	0.87041	0.01966	0.00642	0.00963	0.01485	0.00642	0.01123	0.00762	0.00883	0.00522	0.00602	0.00481	0.00321	0.00241	0.00080	0.00401	0.00201	0.00160	0.00481
14	0.00538	0.00382	0.00495	0.00467	0.00555	0.00354	0.00350	0.00715	0.01051	0.01500	0.80886	0.02745	0.03435	0.00754	0.00435	0.00117	0.00177	0.00665	0.04025	0.00354
15	0.00489	0.00408	0.00418	0.00405	0.00537	0.00353	0.00307	0.03924	0.00904	0.01098	0.08415	0.03452	0.76155	0.00919	0.00441	0.00126	0.00198	0.00767	0.00353	0.00332
16	0.00598	0.00427	0.00597	0.00684	0.00767	0.00426	0.00594	0.00767	0.00858	0.01116	0.01990	0.07721	0.02173	0.01042	0.00517	0.00172	0.00340	0.78522	0.00346	0.00344
17	0.07827	0.02653	0.41532	0.01034	0.06625	0.07985	0.03842	0.09180	0.07563	0.07081	0.00802	0.00874	0.00582	0.00384	0.00353	0.00116	0.00488	0.00301	0.00230	0.00550
18	0.01401	0.01788	0.01063	0.00967	0.01160	0.85309	0.00725	0.01498	0.01063	0.00918	0.00580	0.00677	0.00483	0.00387	0.00338	0.00097	0.00677	0.00242	0.00193	0.00435
19	0.51885	0.00739	0.00682	0.00587	0.00829	0.00818	0.00474	0.03380	0.19955	0.10044	0.00871	0.00878	0.00646	0.00395	0.00288	0.00114	0.00297	0.00276	0.00293	0.06547
20	0.00456	0.00381	0.00397	0.00393	0.00514	0.00322	0.00295	0.00562	0.00884	0.01083	0.15163	0.03497	0.72916	0.00924	0.00443	0.00125	0.00188	0.00776	0.00358	0.00322
21	0.00840	0.00733	0.02138	0.00701	0.06077	0.00594	0.00528	0.07079	0.03732	0.01319	0.00716	0.00818	0.00583	0.00303	0.00296	0.00067	0.00303	0.00246	0.00236	0.72692
22	0.02215	0.42949	0.22105	0.00841	0.01209	0.07091	0.05353	0.09041	0.00903	0.04208	0.00647	0.00730	0.00515	0.00352	0.00305	0.00098	0.00467	0.00255	0.00197	0.00517
23	0.00929	0.00891	0.01523	0.02303	0.84475	0.00891	0.01151	0.01151	0.00854	0.01226	0.00706	0.00929	0.00594	0.00334	0.00371	0.00111	0.00446	0.00334	0.00186	0.00594
24	0.89465	0.00726	0.00551	0.00493	0.00726	0.00842	0.00406	0.01103	0.00638	0.01683	0.00522	0.00609	0.00406	0.00348	0.00232	0.00116	0.00290	0.00203	0.00232	0.00406
25	0.00788	0.00679	0.01084	0.05043	0.43266	0.00664	0.02807	0.00977	0.00899	0.05238	0.17159	0.03015	0.15716	0.00543	0.00401	0.00117	0.00348	0.00494	0.00272	0.00489
26	0.00461	0.00353	0.00425	0.00475	0.00541	0.00316	0.00336	0.00547	0.00789	0.01008	0.06187	0.49087	0.32673	0.01069	0.00466	0.00142	0.00211	0.04251	0.00351	0.00313
27	0.00457	0.00326	0.00435	0.00522	0.00544	0.00305	0.00348	0.00522	0.00718	0.00958	0.02068	0.86570	0.02481	0.01175	0.00479	0.00152	0.00218	0.01067	0.00348	0.00305
28	0.00933	0.00806	0.00848	0.00764	0.00976	0.00933	0.00594	0.01994	0.83797	0.01569	0.01527	0.01400	0.01145	0.00509	0.00382	0.00127	0.00297	0.00424	0.00382	0.00594
29	0.00954	0.00873	0.01559	0.12494	0.50180	0.00877	0.17588	0.02755	0.00880	0.07034	0.00769	0.00978	0.00602	0.00347	0.00387	0.00117	0.00481	0.00359	0.00207	0.00558
30	0.00460	0.00335	0.00434	0.00511	0.00546	0.00310	0.00348	0.00531	0.00738	0.00969	0.02263	0.74874	0.11787	0.01146	0.00476	0.00150	0.00218	0.03250	0.00348	0.00307
31	0.01426	0.01051	0.01126	0.00863	0.01163	0.01163	0.00713	0.83224	0.01764	0.02364	0.00901	0.00901	0.00638	0.00450	0.00375	0.00113	0.00413	0.00338	0.00375	0.00638
32	0.00745	0.02713	0.58430	0.04658	0.07760	0.00794	0.02256	0.01101	0.00829	0.02455	0.09392	0.02314	0.04071	0.00432	0.00372	0.00119	0.00482	0.00358	0.00202	0.00518
33	0.00546	0.00364	0.00409	0.00409	0.00409	0.00364	0.00227	0.00546	0.00546	0.00727	0.01182	0.02455	0.01364	0.86815	0.01910	0.00364	0.00364	0.00546	0.00227	0.00227
34	0.00652	0.00326	0.00489	0.00489	0.00489	0.00326	0.00326	0.00489	0.00489	0.00652	0.00652	0.01140	0.00652	0.01303	0.01466	0.89084	0.00326	0.00326	0.00163	0.00163
35	0.00546	0.00364	0.00409	0.00409	0.00409	0.00364	0.00227	0.00546	0.00546	0.00727	0.01182	0.02455	0.01364	0.86815	0.01910	0.00364	0.00364	0.00546	0.00227	0.00227
36	0.01068	0.26262	0.14950	0.01035	0.09029	0.18297	0.06324	0.09810	0.00941	0.02242	0.00643	0.00765	0.00522	0.00388	0.00390	0.01313	0.05042	0.00275	0.00198	0.00506

[dist]
# distance from previous block
# <min> <max>
3	6

[block]
# block no. 2 follows, 73 sequences, length 6
# corresponding to MSA columns:
# 87-92
name=unknown_C
#
# <colnr> <probs for GDERKNQSTAVLIFYWHMCP>
#	G	D	E	R	K	N	Q	S	T	A	V	L	I	F	Y	W	H	M	C	P
0	0.00598	0.00423	0.00488	0.00459	0.00578	0.00390	0.00344	0.00790	0.06514	0.06172	0.34374	0.02872	0.35082	0.05635	0.00511	0.00135	0.00209	0.00670	0.03391	0.00365
1	0.00845	0.00885	0.08297	0.25782	0.27506	0.00838	0.03383	0.05669	0.00842	0.01189	0.00685	0.00906	0.00546	0.00363	0.00408	0.00110	0.05495	0.00313	0.00194	0.15743
2	0.01269	0.01552	0.00985	0.00897	0.01088	0.67577	0.00676	0.01500	0.12567	0.01016	0.00939	0.00984	0.06479	0.00443	0.00352	0.00103	0.00589	0.00306	0.00230	0.00449
3	0.00821	0.00821	0.01149	0.00985	0.00985	0.01149	0.00821	0.00903	0.00575	0.00903	0.00492	0.00821	0.00492	0.00657	0.01231	0.00164	0.86128	0.00328	0.00164	0.00410
4	0.00459	0.00341	0.00429	0.00491	0.00538	0.00310	0.00336	0.00538	0.00768	0.01004	0.07770	0.64563	0.18876	0.01104	0.00469	0.00145	0.00210	0.00986	0.00353	0.00310
5	0.00697	0.00475	0.00611	0.02974	0.04963	0.00453	0.00448	0.03214	0.00924	0.11503	0.21657	0.10814	0.30460	0.00873	0.03737	0.00145	0.02647	0.02657	0.00354	0.00394

[dist]
# distance from previous block
# <min> <max>
4	11

[block]
# block no. 3 follows, 73 sequences, length 6
# corresponding to MSA columns:
# 104-109
name=unknown_D
#
# <colnr> <probs for GDERKNQSTAVLIFYWHMCP>
#	G	D	E	R	K	N	Q	S	T	A	V	L	I	F	Y	W	H	M	C	P
0	0.00674	0.00461	0.00617	0.00537	0.00636	0.00428	0.06427	0.00738	0.00680	0.08131	0.01481	0.04723	0.11890	0.47819	0.03729	0.02470	0.00364	0.00535	0.00262	0.07397
1	0.03774	0.25847	0.14570	0.01062	0.10998	0.09920	0.10876	0.04254	0.03264	0.10941	0.00757	0.00841	0.00579	0.00362	0.00334	0.00105	0.00472	0.00294	0.00222	0.00529
2	0.10785	0.00642	0.04814	0.04082	0.10279	0.01995	0.01891	0.02531	0.00711	0.04845	0.01095	0.08968	0.03352	0.27164	0.07006	0.00233	0.05915	0.00465	0.02848	0.00380
3	0.00606	0.00375	0.00509	0.00545	0.00607	0.00357	0.00386	0.00698	0.00769	0.10064	0.08432	0.59619	0.02198	0.01278	0.11456	0.00204	0.00327	0.00875	0.00347	0.00349
4	0.00827	0.10052	0.00976	0.00732	0.08150	0.00673	0.00538	0.01060	0.06927	0.01212	0.00718	0.00818	0.00595	0.00305	0.00290	0.00068	0.00307	0.00245	0.00224	0.65285
5	0.10569	0.10417	0.07957	0.03838	0.19783	0.03234	0.08811	0.06871	0.02612	0.09494	0.01050	0.01161	0.07868	0.02609	0.00391	0.00118	0.00414	0.00358	0.00246	0.02199

[dist]
# distance from previous block
# <min> <max>
2	6

[block]
# block no. 4 follows, 73 sequences, length 49
# corresponding to MSA columns:
# 116-164
name=unknown_E
#
# <colnr> <probs for GDERKNQSTAVLIFYWHMCP>
#	G	D	E	R	K	N	Q	S	T	A	V	L	I	F	Y	W	H	M	C	P
0	0.00885	0.03784	0.11696	0.01730	0.53667	0.00824	0.02068	0.01125	0.01802	0.03919	0.00957	0.01105	0.06799	0.00384	0.00364	0.00108	0.00422	0.00351	0.00208	0.07801
1	0.00541	0.00411	0.00622	0.00609	0.00676	0.00460	0.03128	0.00662	0.00617	0.00876	0.01108	0.09097	0.01104	0.10673	0.67010	0.00524	0.00861	0.00476	0.00216	0.00328
2	0.03743	0.00782	0.01309	0.28961	0.42701	0.00835	0.05047	0.01101	0.02321	0.03904	0.03531	0.02646	0.00711	0.00385	0.00376	0.00118	0.00447	0.00363	0.00205	0.00515
3	0.01174	0.08104	0.13274	0.00946	0.04423	0.11019	0.06462	0.26558	0.08080	0.10489	0.01749	0.04383	0.00753	0.00444	0.00367	0.00113	0.00450	0.00358	0.00294	0.00559
4	0.00843	0.01021	0.08179	0.01441	0.01805	0.00887	0.68898	0.01154	0.00889	0.01218	0.06255	0.01220	0.00809	0.00373	0.00439	0.00127	0.00587	0.03153	0.00207	0.00494
5	0.00456	0.00338	0.00427	0.00495	0.00538	0.00308	0.00337	0.00530	0.00751	0.00980	0.04248	0.69348	0.17625	0.01125	0.00471	0.00147	0.00212	0.01007	0.00350	0.00308
6	0.00948	0.06561	0.41143	0.01192	0.13961	0.00894	0.08051	0.08890	0.00936	0.09232	0.04095	0.00956	0.00682	0.00383	0.00366	0.00115	0.00485	0.00326	0.00225	0.00560
7	0.56099	0.24924	0.01017	0.00592	0.00849	0.07798	0.01987	0.01142	0.00712	0.01390	0.00531	0.00620	0.00436	0.00343	0.00247	0.00105	0.00358	0.00210	0.00208	0.00431
8	0.00709	0.00667	0.01125	0.85913	0.02584	0.00834	0.01042	0.00959	0.00750	0.00959	0.00667	0.01000	0.00500	0.00375	0.00375	0.00125	0.00500	0.00333	0.00167	0.00417
9	0.01336	0.00866	0.00951	0.00743	0.01004	0.00929	0.00609	0.56581	0.01489	0.14402	0.01044	0.01045	0.00738	0.00450	0.00356	0.00109	0.00357	0.00346	0.16060	0.00587
10	0.00472	0.00338	0.00451	0.00537	0.00567	0.00318	0.00373	0.00548	0.00735	0.00975	0.02088	0.76943	0.03786	0.01158	0.00482	0.00154	0.00230	0.09188	0.00348	0.00309
11	0.00459	0.00340	0.00430	0.00493	0.00538	0.00310	0.00337	0.00537	0.00766	0.01004	0.07759	0.66032	0.17407	0.01108	0.00470	0.00145	0.00210	0.00991	0.00353	0.00310
12	0.00519	0.00383	0.00485	0.00460	0.00553	0.00349	0.00345	0.00685	0.01034	0.01438	0.73423	0.02911	0.14435	0.00792	0.00443	0.00119	0.00179	0.00694	0.00404	0.00349
13	0.00913	0.00973	0.01484	0.21940	0.24426	0.12256	0.21034	0.01134	0.00842	0.01089	0.01930	0.00951	0.00585	0.00383	0.00466	0.00121	0.08447	0.00353	0.00185	0.00488
14	0.00908	0.00871	0.01486	0.09962	0.76973	0.00886	0.01141	0.01134	0.00845	0.01201	0.00702	0.00935	0.00586	0.00338	0.00372	0.00113	0.00451	0.00334	0.00184	0.00578
15	0.00598	0.00468	0.00632	0.00616	0.00648	0.00552	0.00463	0.00682	0.00626	0.00897	0.01176	0.15032	0.01264	0.22338	0.24858	0.00331	0.18505	0.05407	0.04587	0.00321
16	0.00914	0.06317	0.03624	0.07359	0.70734	0.00925	0.02434	0.01139	0.00841	0.01186	0.00692	0.00910	0.00578	0.00336	0.00364	0.00111	0.00452	0.00326	0.00182	0.00574
17	0.00470	0.00346	0.00443	0.00517	0.00554	0.00325	0.00350	0.00568	0.03216	0.00981	0.02205	0.76667	0.09697	0.01135	0.00473	0.00149	0.00218	0.01023	0.00349	0.00314
18	0.00461	0.00377	0.00403	0.00403	0.00514	0.00323	0.00298	0.00565	0.00870	0.01079	0.16338	0.08044	0.64315	0.03732	0.00493	0.00134	0.00195	0.00781	0.00355	0.00319
19	0.00778	0.00667	0.00778	0.00556	0.00889	0.00500	0.00445	0.00945	0.00778	0.01223	0.00667	0.00778	0.00556	0.00278	0.00278	0.00056	0.00278	0.00222	0.00222	0.89108
20	0.00457	0.00328	0.00433	0.00518	0.00543	0.00305	0.00346	0.00523	0.00723	0.00960	0.02125	0.83815	0.05200	0.01168	0.00478	0.00152	0.00217	0.01057	0.00348	0.00305
21	0.00752	0.01941	0.84871	0.01069	0.01624	0.00871	0.01386	0.01188	0.00792	0.01188	0.00673	0.00792	0.00475	0.00356	0.00356	0.00119	0.00554	0.00277	0.00158	0.00554
22	0.00712	0.00416	0.00538	0.00487	0.00604	0.00381	0.00372	0.00884	0.01035	0.13272	0.63840	0.02439	0.02900	0.00690	0.00414	0.00115	0.00197	0.00601	0.09709	0.00394
23	0.00443	0.00380	0.00380	0.00380	0.00507	0.00317	0.00285	0.00538	0.00855	0.01014	0.03801	0.03611	0.84322	0.00950	0.00443	0.00127	0.00190	0.00792	0.00348	0.00317
24	0.00531	0.00383	0.00501	0.00472	0.00560	0.00354	0.00354	0.00708	0.01062	0.01504	0.84277	0.02802	0.03540	0.00767	0.00442	0.00118	0.00177	0.00678	0.00413	0.00354
25	0.00709	0.00667	0.01125	0.85913	0.02584	0.00834	0.01042	0.00959	0.00750	0.00959	0.00667	0.01000	0.00500	0.00375	0.00375	0.00125	0.00500	0.00333	0.00167	0.00417
26	0.89465	0.00726	0.00551	0.00493	0.00726	0.00842	0.00406	0.01103	0.00638	0.01683	0.00522	0.00609	0.00406	0.00348	0.00232	0.00116	0.00290	0.00203	0.00232	0.00406
27	0.00543	0.00405	0.00586	0.00583	0.00639	0.00468	0.00441	0.00657	0.00594	0.00851	0.01020	0.01601	0.00990	0.14773	0.71728	0.00560	0.02614	0.00421	0.00204	0.00321
28	0.00447	0.00375	0.00388	0.00396	0.00512	0.00316	0.00293	0.00540	0.00846	0.01018	0.05303	0.11938	0.74408	0.00969	0.00447	0.00129	0.00193	0.00817	0.00350	0.00316
29	0.00933	0.00806	0.00848	0.00764	0.00976	0.00933	0.00594	0.01994	0.83797	0.01569	0.01527	0.01400	0.01145	0.00509	0.00382	0.00127	0.00297	0.00424	0.00382	0.00594
30	0.89465	0.00726	0.00551	0.00493	0.00726	0.00842	0.00406	0.01103	0.00638	0.01683	0.00522	0.00609	0.00406	0.00348	0.00232	0.00116	0.00290	0.00203	0.00232	0.00406
31	0.01426	0.01051	0.01126	0.00863	0.01163	0.01163	0.00713	0.83224	0.01764	0.02364	0.00901	0.00901	0.00638	0.00450	0.00375	0.00113	0.00413	0.00338	0.00375	0.00638
32	0.12027	0.00649	0.00833	0.00647	0.00930	0.00586	0.00534	0.01743	0.01023	0.74948	0.01367	0.01198	0.00867	0.00451	0.00360	0.00116	0.00316	0.00357	0.00437	0.00611
33	0.00648	0.00328	0.00492	0.00492	0.00494	0.00330	0.00330	0.00494	0.00492	0.00658	0.00663	0.01151	0.00660	0.01350	0.04050	0.86358	0.00347	0.00328	0.00164	0.00168
34	0.01025	0.00965	0.01462	0.01999	0.65359	0.05247	0.03590	0.13303	0.01000	0.01378	0.00730	0.00914	0.00594	0.00354	0.00373	0.00111	0.00458	0.00333	0.00214	0.00590
35	0.00752	0.01941	0.84871	0.01069	0.01624	0.00871	0.01386	0.01188	0.00792	0.01188	0.00673	0.00792	0.00475	0.00356	0.00356	0.00119	0.00554	0.00277	0.00158	0.00554
36	0.00536	0.00402	0.00603	0.00603	0.00670	0.00469	0.00469	0.00670	0.00603	0.00871	0.01005	0.01474	0.00938	0.02814	0.85328	0.00603	0.01005	0.00402	0.00201	0.00335
37	0.00899	0.00829	0.01379	0.01721	0.49167	0.00832	0.12266	0.07214	0.05210	0.01328	0.04692	0.06710	0.00899	0.00430	0.00387	0.00116	0.00421	0.00419	0.04538	0.00543
38	0.00971	0.00954	0.03884	0.03611	0.68192	0.04368	0.03854	0.03300	0.02673	0.03496	0.00744	0.00937	0.00606	0.00347	0.00373	0.00112	0.00458	0.00336	0.00202	0.00583
39	0.01120	0.00910	0.02825	0.02160	0.05217	0.01985	0.01505	0.36560	0.25449	0.03848	0.01083	0.02142	0.00845	0.05897	0.01537	0.00142	0.05489	0.00384	0.00334	0.00567
40	0.59175	0.00796	0.00908	0.02395	0.22800	0.01875	0.04893	0.01123	0.00715	0.01518	0.00586	0.00721	0.00466	0.00344	0.00283	0.00115	0.00357	0.00252	0.00216	0.00461
41	0.00951	0.00829	0.00857	0.00769	0.00982	0.02489	0.00598	0.03497	0.80748	0.01572	0.01498	0.01377	0.01124	0.00506	0.00381	0.00126	0.00306	0.00419	0.00378	0.00592
42	0.00522	0.00383	0.00488	0.00462	0.00555	0.00350	0.00347	0.00690	0.01040	0.01452	0.75606	0.02890	0.12244	0.00787	0.00443	0.00119	0.00178	0.00691	0.00406	0.00350
43	0.00838	0.00850	0.01147	0.00984	0.00990	0.03668	0.00818	0.00921	0.00589	0.00903	0.00495	0.00816	0.00492	0.00649	0.01205	0.00162	0.83571	0.00326	0.00165	0.00411
44	0.74639	0.00755	0.00619	0.00545	0.00780	0.00872	0.00445	0.06460	0.09335	0.01715	0.00651	0.00710	0.00498	0.00371	0.00257	0.00117	0.00299	0.00235	0.00257	0.00441
45	0.00592	0.00456	0.00626	0.00630	0.01785	0.00439	0.05477	0.01897	0.06639	0.02796	0.08190	0.36354	0.16136	0.00937	0.00459	0.00142	0.00268	0.13870	0.01941	0.00365
46	0.00966	0.00826	0.02190	0.03114	0.31727	0.00780	0.07604	0.07526	0.07902	0.07533	0.02510	0.00997	0.00712	0.00361	0.00356	0.00100	0.00390	0.00331	0.00251	0.23824
47	0.00745	0.00563	0.00929	0.00758	0.00944	0.00515	0.19734	0.00926	0.00936	0.12042	0.25073	0.07574	0.19162	0.00742	0.02045	0.00137	0.00334	0.06084	0.00341	0.00415
48	0.04720	0.08219	0.15488	0.00732	0.04419	0.01703	0.00654	0.01053	0.00798	0.07995	0.00862	0.09734	0.00760	0.00411	0.00320	0.00089	0.00346	0.00335	0.00237	0.41125

[dist]
# distance from previous block
# <min> <max>
3	8

[block]
# block no. 5 follows, 73 sequences, length 34
# corresponding to MSA columns:
# 173-206
name=unknown_F
#
# <colnr> <probs for GDERKNQSTAVLIFYWHMCP>
#	G	D	E	R	K	N	Q	S	T	A	V	L	I	F	Y	W	H	M	C	P
0	0.01300	0.01020	0.05977	0.00814	0.01104	0.01049	0.00699	0.68593	0.01590	0.02180	0.00926	0.00954	0.00667	0.00443	0.00361	0.00110	0.00393	0.00336	0.10884	0.00599
1	0.00938	0.03094	0.19907	0.01334	0.01729	0.00947	0.51000	0.07703	0.00933	0.05220	0.00773	0.00954	0.00567	0.00352	0.00432	0.00123	0.02866	0.00387	0.00209	0.00530
2	0.00881	0.01453	0.48251	0.01291	0.16685	0.00840	0.10133	0.02739	0.00863	0.08172	0.02743	0.01007	0.00657	0.00383	0.00376	0.00119	0.00507	0.02137	0.00206	0.00556
3	0.00548	0.00395	0.00521	0.00501	0.00528	0.00387	0.05144	0.00580	0.00600	0.00801	0.01333	0.19033	0.01538	0.64744	0.01540	0.00308	0.00351	0.00643	0.00249	0.00259
4	0.00900	0.03141	0.10253	0.00760	0.05959	0.02780	0.00630	0.08362	0.03906	0.06014	0.00947	0.01010	0.05540	0.00368	0.00320	0.00083	0.00342	0.00295	0.00251	0.48140
5	0.00910	0.01039	0.14678	0.03734	0.22763	0.01960	0.08992	0.05831	0.29810	0.01387	0.02150	0.01134	0.01889	0.00418	0.00380	0.00119	0.00423	0.00375	0.00265	0.01742
6	0.00911	0.00663	0.00792	0.00572	0.00899	0.00508	0.00460	0.01074	0.00821	0.13474	0.00786	0.00851	0.00610	0.00305	0.00292	0.00064	0.00284	0.00245	0.00258	0.76129
7	0.00459	0.00381	0.00405	0.00419	0.00534	0.00326	0.00319	0.00559	0.00846	0.01019	0.03506	0.09876	0.70729	0.00975	0.00453	0.00133	0.00206	0.08190	0.00348	0.00318
8	0.00545	0.00367	0.00425	0.00425	0.00430	0.00372	0.00246	0.00555	0.00550	0.00739	0.01168	0.02378	0.01330	0.80176	0.08502	0.00383	0.00414	0.00534	0.00225	0.00236
9	0.00933	0.00806	0.00848	0.00764	0.00976	0.00933	0.00594	0.01994	0.83797	0.01569	0.01527	0.01400	0.01145	0.00509	0.00382	0.00127	0.00297	0.00424	0.00382	0.00594
10	0.00778	0.00667	0.00778	0.00556	0.00889	0.00500	0.00445	0.00945	0.00778	0.01223	0.00667	0.00778	0.00556	0.00278	0.00278	0.00056	0.00278	0.00222	0.00222	0.89108
11	0.01426	0.01051	0.01126	0.00863	0.01163	0.01163	0.00713	0.83224	0.01764	0.02364	0.00901	0.00901	0.00638	0.00450	0.00375	0.00113	0.00413	0.00338	0.00375	0.00638
12	0.00933	0.00806	0.00848	0.00764	0.00976	0.00933	0.00594	0.01994	0.83797	0.01569	0.01527	0.01400	0.01145	0.00509	0.00382	0.00127	0.00297	0.00424	0.00382	0.00594
13	0.00929	0.00891	0.01523	0.02303	0.84475	0.00891	0.01151	0.01151	0.00854	0.01226	0.00706	0.00929	0.00594	0.00334	0.00371	0.00111	0.00446	0.00334	0.00186	0.00594
14	0.01683	0.00638	0.00871	0.00668	0.00958	0.00551	0.00551	0.01828	0.01074	0.84734	0.01480	0.01277	0.00929	0.00464	0.00377	0.00116	0.00319	0.00377	0.00464	0.00638
15	0.00775	0.09548	0.77460	0.01031	0.01565	0.00926	0.01320	0.01182	0.00789	0.01161	0.00660	0.00775	0.00476	0.00353	0.00346	0.00115	0.00541	0.00270	0.00159	0.00548
16	0.00885	0.01009	0.02122	0.01529	0.01891	0.03185	0.78089	0.01187	0.00885	0.01186	0.00799	0.03917	0.00632	0.00347	0.00441	0.00127	0.00620	0.00459	0.00195	0.00497
17	0.89465	0.00726	0.00551	0.00493	0.00726	0.00842	0.00406	0.01103	0.00638	0.01683	0.00522	0.00609	0.00406	0.00348	0.00232	0.00116	0.00290	0.00203	0.00232	0.00406
18	0.00828	0.07204	0.60292	0.01046	0.03666	0.00858	0.06859	0.01185	0.00813	0.06935	0.00816	0.06372	0.00646	0.00411	0.00365	0.00119	0.00509	0.00343	0.00195	0.00537
19	0.00825	0.00824	0.01164	0.01036	0.04244	0.01139	0.00834	0.00913	0.00585	0.00915	0.00501	0.00825	0.00496	0.00644	0.01198	0.00162	0.82784	0.00329	0.00165	0.00418
20	0.01003	0.87041	0.01966	0.00642	0.00963	0.01485	0.00642	0.01123	0.00762	0.00883	0.00522	0.00602	0.00481	0.00321	0.00241	0.00080	0.00401	0.00201	0.00160	0.00481
21	0.00752	0.01941	0.84871	0.01069	0.01624	0.00871	0.01386	0.01188	0.00792	0.01188	0.00673	0.00792	0.00475	0.00356	0.00356	0.00119	0.00554	0.00277	0.00158	0.00554
22	0.01401	0.01788	0.01063	0.00967	0.01160	0.85309	0.00725	0.01498	0.01063	0.00918	0.00580	0.00677	0.00483	0.00387	0.00338	0.00097	0.00677	0.00242	0.00193	0.00435
23	0.00443	0.00380	0.00380	0.00380	0.00507	0.00317	0.00285	0.00538	0.00855	0.01014	0.03801	0.03611	0.84322	0.00950	0.00443	0.00127	0.00190	0.00792	0.00348	0.00317
24	0.01312	0.01000	0.01089	0.00859	0.01124	0.01130	0.00705	0.65744	0.13031	0.02144	0.00957	0.00964	0.00697	0.00474	0.00441	0.00119	0.06887	0.00349	0.00360	0.00615
25	0.00697	0.00646	0.03472	0.00773	0.11943	0.00513	0.01621	0.00866	0.00834	0.01202	0.10054	0.03736	0.17956	0.00499	0.00351	0.00089	0.00284	0.00426	0.00264	0.43775
26	0.00943	0.08959	0.61174	0.00971	0.01454	0.00868	0.02724	0.01298	0.00842	0.16127	0.00806	0.00867	0.00559	0.00372	0.00352	0.00115	0.00501	0.00292	0.00214	0.00562
27	0.00911	0.01038	0.08382	0.03746	0.16700	0.00914	0.56746	0.01211	0.00877	0.04557	0.00770	0.00990	0.00579	0.00330	0.00419	0.00123	0.00577	0.00405	0.00197	0.00529
28	0.01647	0.00631	0.00859	0.00661	0.00945	0.00545	0.00545	0.01793	0.01073	0.82132	0.04068	0.01325	0.01010	0.00474	0.00379	0.00116	0.00315	0.00387	0.00463	0.00630
29	0.04033	0.07019	0.07186	0.00847	0.06431	0.00711	0.07141	0.04885	0.02536	0.43283	0.04531	0.01355	0.07400	0.00472	0.00374	0.00115	0.00362	0.00397	0.00357	0.00564
30	0.00951	0.04938	0.30842	0.02626	0.28729	0.00876	0.12971	0.01249	0.00858	0.11227	0.00787	0.00921	0.00583	0.00355	0.00372	0.00116	0.00495	0.00329	0.00209	0.00566
31	0.00456	0.00359	0.00412	0.00453	0.00533	0.00316	0.00324	0.00541	0.00797	0.00994	0.02995	0.38805	0.46419	0.01049	0.00461	0.00139	0.00208	0.04076	0.00348	0.00313
32	0.00526	0.00381	0.00476	0.00463	0.00555	0.00344	0.00343	0.00672	0.00978	0.02901	0.56453	0.13246	0.19574	0.00848	0.00446	0.00124	0.00187	0.00743	0.00393	0.00346
33	0.81446	0.04428	0.00636	0.00523	0.00757	0.04971	0.00432	0.01123	0.00664	0.01612	0.00525	0.00612	0.00413	0.00349	0.00238	0.00114	0.00314	0.00205	0.00227	0.00411

[dist]
# distance from previous block
# <min> <max>
1	3

[block]
# block no. 6 follows, 73 sequences, length 39
# corresponding to MSA columns:
# 210-248
name=unknown_G
#
# <colnr> <probs for GDERKNQSTAVLIFYWHMCP>
#	G	D	E	R	K	N	Q	S	T	A	V	L	I	F	Y	W	H	M	C	P
0	0.00895	0.33304	0.41722	0.01029	0.09755	0.03292	0.01055	0.02981	0.00816	0.01098	0.00623	0.00735	0.00493	0.00344	0.00315	0.00103	0.00487	0.00255	0.00168	0.00530
1	0.00481	0.00367	0.00448	0.00514	0.00557	0.01970	0.00354	0.00560	0.00765	0.00999	0.07053	0.68178	0.12448	0.01106	0.00471	0.00147	0.00224	0.02698	0.00349	0.00312
2	0.00895	0.00464	0.00523	0.00482	0.01744	0.01341	0.00366	0.03016	0.03497	0.17512	0.08864	0.01602	0.05967	0.00502	0.00320	0.00100	0.00222	0.00411	0.51748	0.00423
3	0.03658	0.47212	0.14943	0.04128	0.02930	0.04429	0.03179	0.05315	0.03639	0.05384	0.00666	0.00749	0.00537	0.00357	0.00307	0.00098	0.01505	0.00255	0.00199	0.00508
4	0.00815	0.05365	0.05338	0.43714	0.35410	0.00893	0.01081	0.01056	0.00795	0.01073	0.00675	0.00940	0.00536	0.00355	0.00366	0.00117	0.00476	0.00324	0.00174	0.00498
5	0.00488	0.00369	0.00451	0.00458	0.00541	0.00331	0.00333	0.00614	0.00919	0.01231	0.41263	0.23465	0.26331	0.00919	0.00452	0.00129	0.00191	0.00805	0.00379	0.00331
6	0.10385	0.03250	0.30668	0.00796	0.01170	0.00756	0.00838	0.07539	0.00965	0.35409	0.01107	0.01071	0.03532	0.00426	0.00354	0.00116	0.00404	0.00331	0.00314	0.00570
7	0.01011	0.04485	0.20476	0.02586	0.28599	0.02540	0.08010	0.02889	0.02506	0.16061	0.06431	0.01083	0.00824	0.00397	0.00374	0.00115	0.00446	0.00356	0.00251	0.00560
8	0.00627	0.00513	0.00747	0.00957	0.21364	0.00489	0.01820	0.00777	0.03063	0.03289	0.06967	0.36918	0.19305	0.00845	0.00437	0.00133	0.00277	0.00759	0.00313	0.00402
9	0.01655	0.00683	0.00898	0.00689	0.00980	0.00618	0.00569	0.10625	0.01148	0.75833	0.01418	0.01236	0.00897	0.00463	0.00377	0.00116	0.00329	0.00373	0.00455	0.00638
10	0.00460	0.00379	0.00405	0.00403	0.00518	0.00323	0.00300	0.00569	0.00887	0.01101	0.18447	0.06821	0.66237	0.00926	0.00445	0.00126	0.00189	0.00782	0.00360	0.00323
11	0.00885	0.09366	0.32946	0.11267	0.19860	0.02429	0.04647	0.01182	0.01873	0.06942	0.00780	0.03811	0.00618	0.00390	0.00370	0.00116	0.01456	0.00332	0.00198	0.00532
12	0.00457	0.00328	0.00434	0.00519	0.00543	0.00305	0.00347	0.00523	0.00721	0.00959	0.02106	0.84758	0.04269	0.01170	0.00478	0.00152	0.00217	0.01061	0.00348	0.00305
13	0.00536	0.00402	0.00603	0.00603	0.00670	0.00469	0.00469	0.00670	0.00603	0.00871	0.01005	0.01474	0.00938	0.02814	0.85328	0.00603	0.01005	0.00402	0.00201	0.00335
14	0.03008	0.00870	0.02795	0.00836	0.05503	0.00927	0.00647	0.36124	0.25591	0.06135	0.05735	0.01249	0.02704	0.00485	0.00372	0.00116	0.00345	0.00390	0.05592	0.00577
15	0.00924	0.00870	0.03065	0.07043	0.70235	0.00853	0.02192	0.01148	0.00860	0.04570	0.02404	0.01037	0.02381	0.00363	0.00375	0.00113	0.00438	0.00352	0.00203	0.00573
16	0.01355	0.00552	0.00705	0.00567	0.00791	0.00498	0.00460	0.03193	0.00994	0.55713	0.01384	0.01309	0.00934	0.00455	0.00340	0.00107	0.00274	0.00367	0.29458	0.00544
17	0.00911	0.00803	0.01335	0.26331	0.49028	0.00868	0.01054	0.01127	0.00820	0.07068	0.00735	0.00967	0.00584	0.00378	0.00432	0.00119	0.06371	0.00337	0.00199	0.00533
18	0.00945	0.40448	0.36926	0.00890	0.03917	0.04532	0.00972	0.01203	0.00806	0.05310	0.00643	0.00730	0.00505	0.00346	0.00305	0.00100	0.00474	0.00248	0.00177	0.00522
19	0.00533	0.00397	0.00585	0.00588	0.00650	0.00456	0.00450	0.00657	0.00604	0.00866	0.01058	0.04955	0.01025	0.07635	0.77061	0.00571	0.00936	0.00437	0.00208	0.00327
20	0.01673	0.00655	0.00881	0.00675	0.00966	0.00575	0.00558	0.05017	0.01101	0.81507	0.01457	0.01262	0.00917	0.00464	0.00377	0.00116	0.00323	0.00376	0.00461	0.00638
21	0.00976	0.03082	0.06997	0.07482	0.44298	0.00794	0.02569	0.02916	0.01813	0.13839	0.02665	0.07235	0.00839	0.00487	0.02256	0.00127	0.00428	0.00398	0.00247	0.00550
22	0.03895	0.00939	0.06234	0.00872	0.05252	0.02391	0.00689	0.19482	0.50637	0.01680	0.01259	0.03051	0.00959	0.00485	0.00375	0.00122	0.00350	0.00395	0.00348	0.00586
23	0.00870	0.00844	0.01399	0.25096	0.54458	0.02322	0.02670	0.01092	0.00815	0.01129	0.00682	0.00940	0.00561	0.00364	0.00420	0.00118	0.05176	0.00334	0.00180	0.00531
24	0.86454	0.00762	0.00569	0.00510	0.00740	0.03730	0.00417	0.01116	0.00653	0.01657	0.00524	0.00612	0.00409	0.00350	0.00236	0.00115	0.00303	0.00204	0.00231	0.00407
25	0.00446	0.00380	0.00383	0.00383	0.00508	0.00318	0.00287	0.00543	0.00861	0.01027	0.06042	0.03588	0.82073	0.00945	0.00443	0.00126	0.00190	0.00789	0.00350	0.00318
26	0.00446	0.00379	0.00384	0.00386	0.00509	0.00317	0.00288	0.00542	0.00857	0.01024	0.05630	0.05626	0.80436	0.00951	0.00444	0.00127	0.00190	0.00796	0.00350	0.00317
27	0.00445	0.00375	0.00385	0.00393	0.00510	0.00316	0.00291	0.00537	0.00842	0.01008	0.03637	0.11425	0.76613	0.00971	0.00447	0.00129	0.00193	0.00818	0.00348	0.00316
28	0.01683	0.00638	0.00871	0.00668	0.00958	0.00551	0.00551	0.01828	0.01074	0.84734	0.01480	0.01277	0.00929	0.00464	0.00377	0.00116	0.00319	0.00377	0.00464	0.00638
29	0.01003	0.87041	0.01966	0.00642	0.00963	0.01485	0.00642	0.01123	0.00762	0.00883	0.00522	0.00602	0.00481	0.00321	0.00241	0.00080	0.00401	0.00201	0.00160	0.00481
30	0.00933	0.00806	0.00848	0.00764	0.00976	0.00933	0.00594	0.01994	0.83797	0.01569	0.01527	0.01400	0.01145	0.00509	0.00382	0.00127	0.00297	0.00424	0.00382	0.00594
31	0.00929	0.00891	0.01523	0.02303	0.84475	0.00891	0.01151	0.01151	0.00854	0.01226	0.00706	0.00929	0.00594	0.00334	0.00371	0.00111	0.00446	0.00334	0.00186	0.00594
32	0.00546	0.00364	0.00409	0.00409	0.00409	0.00364	0.00227	0.00546	0.00546	0.00727	0.01182	0.02455	0.01364	0.86815	0.01910	0.00364	0.00364	0.00546	0.00227	0.00227
33	0.00752	0.01941	0.84871	0.01069	0.01624	0.00871	0.01386	0.01188	0.00792	0.01188	0.00673	0.00792	0.00475	0.00356	0.00356	0.00119	0.00554	0.00277	0.00158	0.00554
34	0.00546	0.00364	0.00409	0.00409	0.00409	0.00364	0.00227	0.00546	0.00546	0.00727	0.01182	0.02455	0.01364	0.86815	0.01910	0.00364	0.00364	0.00546	0.00227	0.00227
35	0.89465	0.00726	0.00551	0.00493	0.00726	0.00842	0.00406	0.01103	0.00638	0.01683	0.00522	0.00609	0.00406	0.00348	0.00232	0.00116	0.00290	0.00203	0.00232	0.00406
36	0.00463	0.00358	0.00431	0.00466	0.00539	0.00326	0.00332	0.00555	0.00794	0.01020	0.09547	0.39912	0.35533	0.01169	0.06589	0.00172	0.00260	0.00875	0.00343	0.00316
37	0.01001	0.72028	0.01790	0.00699	0.02667	0.03242	0.00648	0.01247	0.11736	0.00981	0.00659	0.00715	0.00571	0.00348	0.00264	0.00087	0.00394	0.00234	0.00191	0.00498
38	0.03217	0.13136	0.53878	0.01123	0.12179	0.00941	0.01160	0.02316	0.01838	0.02089	0.00675	0.00793	0.00509	0.00350	0.00337	0.00110	0.00493	0.00274	0.00176	0.04408

[dist]
# distance from previous block
# <min> <max>
0	2

[block]
# block no. 7 follows, 73 sequences, length 74
# corresponding to MSA columns:
# 251-324
name=unknown_H
#
# <colnr> <probs for GDERKNQSTAVLIFYWHMCP>
#	G	D	E	R	K	N	Q	S	T	A	V	L	I	F	Y	W	H	M	C	P
0	0.21637	0.27806	0.01237	0.00786	0.02974	0.34609	0.00637	0.03346	0.00878	0.01128	0.00559	0.00652	0.00472	0.00362	0.00297	0.00098	0.01650	0.00226	0.00196	0.00451
1	0.00952	0.05344	0.52520	0.01065	0.04902	0.23824	0.01141	0.01294	0.03525	0.01116	0.00670	0.00778	0.00504	0.00367	0.00348	0.00111	0.00568	0.00271	0.00176	0.00522
2	0.00455	0.00358	0.00411	0.00445	0.00526	0.00314	0.00316	0.00542	0.00811	0.01021	0.08079	0.38259	0.45070	0.01033	0.00458	0.00137	0.00201	0.00900	0.00352	0.00314
3	0.00500	0.00382	0.00459	0.00440	0.00542	0.00341	0.00330	0.00649	0.00990	0.01333	0.56231	0.03084	0.31692	0.00831	0.00443	0.00121	0.00182	0.00718	0.00390	0.00341
4	0.00457	0.00326	0.00435	0.00522	0.00544	0.00305	0.00348	0.00522	0.00718	0.00958	0.02068	0.86570	0.02481	0.01175	0.00479	0.00152	0.00218	0.01067	0.00348	0.00305
5	0.00527	0.00383	0.00496	0.00468	0.00558	0.00352	0.00351	0.00700	0.01052	0.01482	0.80523	0.02840	0.07308	0.00776	0.00443	0.00118	0.00178	0.00684	0.00410	0.00352
6	0.01003	0.87041	0.01966	0.00642	0.00963	0.01485	0.00642	0.01123	0.00762	0.00883	0.00522	0.00602	0.00481	0.00321	0.00241	0.00080	0.00401	0.00201	0.00160	0.00481
7	0.00752	0.01941	0.84871	0.01069	0.01624	0.00871	0.01386	0.01188	0.00792	0.01188	0.00673	0.00792	0.00475	0.00356	0.00356	0.00119	0.00554	0.00277	0.00158	0.00554
8	0.00552	0.00388	0.00508	0.00475	0.00568	0.00358	0.00358	0.00728	0.01062	0.02986	0.82803	0.02775	0.03493	0.00762	0.00441	0.00118	0.00180	0.00673	0.00414	0.00359
9	0.00457	0.00326	0.00435	0.00522	0.00544	0.00305	0.00348	0.00522	0.00718	0.00958	0.02068	0.86570	0.02481	0.01175	0.00479	0.00152	0.00218	0.01067	0.00348	0.00305
10	0.00933	0.00806	0.00848	0.00764	0.00976	0.00933	0.00594	0.01994	0.83797	0.01569	0.01527	0.01400	0.01145	0.00509	0.00382	0.00127	0.00297	0.00424	0.00382	0.00594
11	0.00778	0.00667	0.00778	0.00556	0.00889	0.00500	0.00445	0.00945	0.00778	0.01223	0.00667	0.00778	0.00556	0.00278	0.00278	0.00056	0.00278	0.00222	0.00222	0.89108
12	0.01003	0.87041	0.01966	0.00642	0.00963	0.01485	0.00642	0.01123	0.00762	0.00883	0.00522	0.00602	0.00481	0.00321	0.00241	0.00080	0.00401	0.00201	0.00160	0.00481
13	0.01426	0.01051	0.01126	0.00863	0.01163	0.01163	0.00713	0.83224	0.01764	0.02364	0.00901	0.00901	0.00638	0.00450	0.00375	0.00113	0.00413	0.00338	0.00375	0.00638
14	0.01426	0.01051	0.01126	0.00863	0.01163	0.01163	0.00713	0.83224	0.01764	0.02364	0.00901	0.00901	0.00638	0.00450	0.00375	0.00113	0.00413	0.00338	0.00375	0.00638
15	0.00709	0.00667	0.01125	0.85913	0.02584	0.00834	0.01042	0.00959	0.00750	0.00959	0.00667	0.01000	0.00500	0.00375	0.00375	0.00125	0.00500	0.00333	0.00167	0.00417
16	0.00546	0.00364	0.00409	0.00409	0.00409	0.00364	0.00227	0.00546	0.00546	0.00727	0.01182	0.02455	0.01364	0.86815	0.01910	0.00364	0.00364	0.00546	0.00227	0.00227
17	0.00652	0.00326	0.00489	0.00489	0.00489	0.00326	0.00326	0.00489	0.00489	0.00652	0.00652	0.01140	0.00652	0.01303	0.01466	0.89084	0.00326	0.00326	0.00163	0.00163
18	0.03152	0.02772	0.01136	0.03678	0.02703	0.47347	0.04782	0.22706	0.01199	0.02611	0.00692	0.00777	0.00538	0.00394	0.00349	0.00102	0.00563	0.00281	0.00245	0.03972
19	0.22887	0.00700	0.00881	0.02990	0.10209	0.00702	0.02538	0.07225	0.01918	0.36507	0.01136	0.08878	0.00869	0.00481	0.00352	0.00119	0.00335	0.00391	0.00345	0.00537
20	0.01248	0.11071	0.07771	0.03266	0.17621	0.03438	0.04248	0.20009	0.02151	0.24080	0.00944	0.00972	0.00673	0.00400	0.00360	0.00111	0.00421	0.00330	0.00302	0.00587
21	0.01152	0.03506	0.01115	0.03271	0.11210	0.26961	0.03372	0.11529	0.25467	0.04427	0.00966	0.01859	0.00751	0.00436	0.00383	0.00113	0.02326	0.00341	0.00279	0.00535
22	0.00537	0.00397	0.00580	0.00580	0.00639	0.00456	0.00440	0.00655	0.00596	0.00854	0.01026	0.01592	0.00989	0.12886	0.75326	0.00574	0.00928	0.00419	0.00204	0.00322
23	0.00976	0.01111	0.23467	0.01417	0.27114	0.00806	0.14094	0.01285	0.03963	0.15178	0.06135	0.01100	0.00821	0.00393	0.00385	0.00118	0.00461	0.00369	0.00247	0.00562
24	0.00491	0.00366	0.00457	0.00472	0.00547	0.00332	0.00341	0.00616	0.00909	0.01228	0.41009	0.29226	0.19742	0.00936	0.00455	0.00131	0.00195	0.01839	0.00379	0.00331
25	0.89465	0.00726	0.00551	0.00493	0.00726	0.00842	0.00406	0.01103	0.00638	0.01683	0.00522	0.00609	0.00406	0.00348	0.00232	0.00116	0.00290	0.00203	0.00232	0.00406
26	0.00896	0.00970	0.09142	0.11857	0.43185	0.00894	0.15146	0.03327	0.05006	0.02375	0.01813	0.00988	0.00637	0.00362	0.00397	0.00118	0.01777	0.00357	0.00203	0.00550
27	0.17343	0.08448	0.02064	0.00759	0.01048	0.01057	0.01916	0.46153	0.07712	0.01929	0.00824	0.00851	0.00612	0.00408	0.00331	0.00107	0.00375	0.00300	0.00314	0.07449
28	0.00882	0.01001	0.02168	0.01548	0.01926	0.00934	0.80465	0.01194	0.00882	0.01202	0.00756	0.01005	0.00569	0.00315	0.00437	0.00124	0.00621	0.00436	0.00191	0.03343
29	0.00969	0.71746	0.13811	0.00715	0.01061	0.02636	0.00754	0.01134	0.00767	0.00927	0.00544	0.00635	0.00481	0.00334	0.00280	0.00088	0.02253	0.00215	0.00161	0.00490
30	0.01426	0.01051	0.01126	0.00863	0.01163	0.01163	0.00713	0.83224	0.01764	0.02364	0.00901	0.00901	0.00638	0.00450	0.00375	0.00113	0.00413	0.00338	0.00375	0.00638
31	0.00537	0.00400	0.00591	0.00591	0.00654	0.00463	0.00454	0.00662	0.00599	0.00862	0.01016	0.01533	0.00964	0.07880	0.80297	0.00589	0.00966	0.00411	0.00203	0.00328
32	0.01003	0.87041	0.01966	0.00642	0.00963	0.01485	0.00642	0.01123	0.00762	0.00883	0.00522	0.00602	0.00481	0.00321	0.00241	0.00080	0.00401	0.00201	0.00160	0.00481
33	0.00929	0.00891	0.01523	0.02303	0.84475	0.00891	0.01151	0.01151	0.00854	0.01226	0.00706	0.00929	0.00594	0.00334	0.00371	0.00111	0.00446	0.00334	0.00186	0.00594
34	0.00886	0.01012	0.02214	0.01581	0.01961	0.00949	0.83112	0.01202	0.00886	0.01202	0.00759	0.01012	0.00569	0.00316	0.00443	0.00127	0.00633	0.00443	0.00190	0.00506
35	0.00545	0.00367	0.00428	0.00428	0.00434	0.00374	0.00250	0.00558	0.00551	0.00741	0.01165	0.02361	0.01323	0.78769	0.09900	0.00387	0.00425	0.00532	0.00225	0.00238
36	0.00460	0.00329	0.00438	0.00520	0.00545	0.00307	0.00348	0.00530	0.00732	0.00979	0.05290	0.83287	0.02523	0.01159	0.00477	0.00151	0.00216	0.01051	0.00351	0.00307
