[name]
unknown

[dist]
# distance from previous block
# <min> <max>
0	106

[block]
# block no. 0 follows, 67 sequences, length 35
# corresponding to MSA columns:
# 141-175
name=unknown_A
#
# <colnr> <probs for GDERKNQSTAVLIFYWHMCP>
#	G	D	E	R	K	N	Q	S	T	A	V	L	I	F	Y	W	H	M	C	P
0	0.00918	0.07283	0.31429	0.00919	0.05100	0.00800	0.00924	0.03620	0.01936	0.06459	0.00870	0.01113	0.00704	0.00407	0.00357	0.00104	0.00435	0.05428	0.00238	0.30955
1	0.00481	0.00388	0.00429	0.00458	0.00556	0.00336	0.00329	0.00575	0.00873	0.01079	0.05657	0.30272	0.54989	0.01088	0.00486	0.00144	0.00212	0.00938	0.00374	0.00336
2	0.00896	0.00744	0.00882	0.00635	0.00989	0.00589	0.01815	0.06219	0.00907	0.02960	0.00747	0.00854	0.00608	0.00313	0.00309	0.00066	0.00313	0.00252	0.00252	0.79649
3	0.00903	0.00948	0.06504	0.01048	0.01096	0.01189	0.00907	0.01017	0.00646	0.03654	0.00573	0.00891	0.00540	0.00675	0.01227	0.00171	0.77022	0.00349	0.00185	0.00456
4	0.00536	0.00409	0.00493	0.00472	0.00580	0.00365	0.00354	0.00696	0.01061	0.01433	0.56710	0.03285	0.30376	0.00885	0.00473	0.00129	0.00194	0.00766	0.00418	0.00365
5	0.00995	0.06162	0.33271	0.00963	0.01354	0.01010	0.03093	0.07933	0.34873	0.04516	0.01142	0.01139	0.00839	0.00457	0.00390	0.00128	0.00451	0.00370	0.00299	0.00615
6	0.00964	0.06401	0.10569	0.00751	0.00987	0.11264	0.02753	0.05904	0.06991	0.10127	0.15520	0.03110	0.13492	0.05263	0.00507	0.00140	0.00394	0.04050	0.00333	0.00482
7	0.01498	0.01911	0.01137	0.01033	0.01240	0.84295	0.00775	0.01601	0.01137	0.00982	0.00620	0.00723	0.00517	0.00413	0.00362	0.00103	0.00723	0.00258	0.00207	0.00465
8	0.00741	0.00701	0.01252	0.00994	0.01213	0.00668	0.31901	0.04142	0.00918	0.01209	0.04573	0.05541	0.18328	0.08995	0.06594	0.00202	0.00497	0.10818	0.00286	0.00427
9	0.00628	0.00529	0.02475	0.00582	0.00712	0.00493	0.01877	0.01710	0.14469	0.02042	0.19786	0.21570	0.25852	0.03849	0.00523	0.00149	0.00255	0.01712	0.00382	0.00406
10	0.00961	0.04655	0.01028	0.00708	0.01061	0.00722	0.04714	0.14249	0.01009	0.01488	0.00752	0.00857	0.00606	0.00331	0.00321	0.00074	0.00346	0.00269	0.00260	0.65589
11	0.00496	0.00354	0.00466	0.00553	0.00578	0.00332	0.00369	0.00565	0.00763	0.01015	0.02185	0.78556	0.03748	0.05773	0.00594	0.00175	0.00243	0.02547	0.00365	0.00322
12	0.09603	0.01012	0.01128	0.00992	0.08870	0.03483	0.00741	0.48406	0.02957	0.16337	0.01012	0.01007	0.00712	0.00459	0.00385	0.00120	0.00420	0.00352	0.00377	0.01625
13	0.00860	0.02760	0.00913	0.04605	0.02343	0.14173	0.05786	0.06676	0.07258	0.01318	0.18181	0.24057	0.01914	0.00768	0.00472	0.00136	0.02587	0.04421	0.00332	0.00441
14	0.00561	0.00409	0.00474	0.00474	0.00586	0.00358	0.00349	0.00681	0.00954	0.04935	0.23923	0.18904	0.43969	0.00987	0.00478	0.00138	0.00211	0.00851	0.00396	0.00362
15	0.00516	0.00404	0.00471	0.00502	0.00592	0.00368	0.00363	0.00658	0.03981	0.01149	0.12508	0.34355	0.37832	0.01068	0.00488	0.00146	0.00223	0.03642	0.00382	0.00351
16	0.04952	0.00962	0.06527	0.37662	0.17302	0.03133	0.04760	0.14057	0.01013	0.03266	0.00773	0.01000	0.00584	0.00408	0.00410	0.00128	0.01944	0.00351	0.00229	0.00538
17	0.01116	0.01234	0.01005	0.16371	0.03081	0.39064	0.00735	0.03756	0.09884	0.01084	0.00881	0.01222	0.00774	0.14357	0.03620	0.00179	0.00589	0.00361	0.00235	0.00450
18	0.00569	0.00440	0.00637	0.00637	0.00700	0.00457	0.03677	0.00687	0.00785	0.01084	0.13594	0.35188	0.03579	0.06517	0.22904	0.00298	0.04405	0.03170	0.00317	0.00353
19	0.04016	0.00693	0.00756	0.00666	0.00867	0.00747	0.00522	0.05982	0.37689	0.12788	0.08397	0.01635	0.04415	0.00553	0.00383	0.00124	0.00285	0.00455	0.18476	0.00551
20	0.00719	0.07832	0.07322	0.00889	0.01118	0.00700	0.21829	0.00951	0.02029	0.01313	0.28976	0.12333	0.09354	0.00687	0.00468	0.00132	0.01953	0.00637	0.00316	0.00443
21	0.00793	0.06363	0.15816	0.00784	0.00958	0.09984	0.02079	0.00944	0.00730	0.00963	0.00916	0.01510	0.00901	0.26078	0.19500	0.00319	0.10346	0.00410	0.00207	0.00401
22	0.01325	0.00810	0.00934	0.00770	0.01027	0.00853	0.00615	0.18422	0.31090	0.28560	0.06682	0.01482	0.01209	0.03765	0.00471	0.00138	0.00345	0.00440	0.00431	0.00629
23	0.00653	0.00471	0.00615	0.00594	0.00685	0.00500	0.00455	0.03178	0.00803	0.04493	0.08235	0.02438	0.17181	0.14178	0.33634	0.00376	0.04431	0.06420	0.00294	0.00367
24	0.02611	0.00941	0.01492	0.05794	0.58795	0.00969	0.03706	0.08273	0.08289	0.03907	0.00872	0.01046	0.00694	0.00390	0.00399	0.00122	0.00461	0.00369	0.00244	0.00625
25	0.00844	0.01746	0.58188	0.04173	0.04245	0.00951	0.21638	0.01264	0.00872	0.01267	0.00743	0.00918	0.00538	0.00370	0.00405	0.00129	0.00608	0.00345	0.00179	0.00576
26	0.00496	0.00370	0.00449	0.00505	0.00558	0.00336	0.00343	0.00571	0.00801	0.01034	0.04920	0.53907	0.24106	0.08867	0.00640	0.00175	0.00238	0.00999	0.00363	0.00323
27	0.06811	0.00911	0.01139	0.06920	0.12121	0.02502	0.04717	0.28560	0.11685	0.09948	0.07133	0.02298	0.02462	0.00497	0.00403	0.00125	0.00410	0.00415	0.00348	0.00594
28	0.00953	0.01291	0.19422	0.05236	0.01691	0.09528	0.32704	0.01413	0.15036	0.01283	0.00926	0.02020	0.00714	0.00500	0.03155	0.00148	0.02797	0.00407	0.00232	0.00545
29	0.00756	0.00490	0.00631	0.00590	0.00687	0.00491	0.01968	0.06706	0.00856	0.09316	0.08487	0.15162	0.07042	0.26962	0.16262	0.00307	0.00465	0.02122	0.00321	0.00378
30	0.00540	0.00399	0.00485	0.00525	0.00593	0.00372	0.00383	0.00637	0.00833	0.01077	0.09630	0.25390	0.23547	0.17457	0.00802	0.00200	0.00277	0.16172	0.00353	0.00326
31	0.00942	0.02708	0.26897	0.01716	0.41831	0.02470	0.01186	0.02922	0.00911	0.03943	0.00912	0.04311	0.01909	0.00449	0.00421	0.00126	0.02429	0.03109	0.00217	0.00590
32	0.00957	0.00918	0.00834	0.00777	0.00954	0.15665	0.00589	0.01622	0.45667	0.01389	0.04429	0.11383	0.05238	0.03219	0.03325	0.00158	0.00399	0.01600	0.00356	0.00521
33	0.00860	0.00845	0.01978	0.00724	0.00834	0.21432	0.00530	0.07037	0.03359	0.02475	0.01669	0.52910	0.01869	0.00941	0.00459	0.00143	0.00381	0.00816	0.00333	0.00406
34	0.00969	0.00920	0.08885	0.00878	0.02601	0.05377	0.11723	0.10976	0.01085	0.08494	0.18194	0.06144	0.03517	0.00538	0.00409	0.00114	0.00397	0.00475	0.00319	0.17986

[dist]
# distance from previous block
# <min> <max>
5	32

[block]
# block no. 1 follows, 67 sequences, length 21
# corresponding to MSA columns:
# 208-218,222-229,231,232
name=unknown_B
#
# <colnr> <probs for GDERKNQSTAVLIFYWHMCP>
#	G	D	E	R	K	N	Q	S	T	A	V	L	I	F	Y	W	H	M	C	P
0	0.00569	0.03262	0.00554	0.00491	0.00616	0.00437	0.00374	0.00772	0.05862	0.01357	0.40648	0.06013	0.35820	0.00882	0.00464	0.00130	0.00212	0.00756	0.00400	0.00380
1	0.05636	0.00773	0.00862	0.06008	0.03415	0.05791	0.00609	0.17057	0.09825	0.03800	0.01164	0.08304	0.01088	0.16543	0.10313	0.00239	0.05251	0.02558	0.00299	0.00467
2	0.00617	0.00431	0.00523	0.00560	0.00635	0.00415	0.00396	0.03335	0.05444	0.04059	0.02297	0.51454	0.14367	0.06085	0.00575	0.00166	0.00256	0.04045	0.03971	0.00368
3	0.00757	0.00713	0.01203	0.84942	0.02762	0.00891	0.01114	0.01025	0.00802	0.01025	0.00713	0.01069	0.00535	0.00401	0.00401	0.00134	0.00535	0.00356	0.00178	0.00446
4	0.01055	0.01462	0.18257	0.03842	0.06489	0.23823	0.30258	0.01355	0.02871	0.01204	0.03167	0.00992	0.00668	0.00397	0.00434	0.00124	0.02494	0.00373	0.00207	0.00528
5	0.01097	0.25692	0.07452	0.01184	0.01533	0.19649	0.31897	0.01365	0.04296	0.01135	0.00724	0.00878	0.00580	0.00368	0.00378	0.00113	0.00595	0.00339	0.00201	0.00524
6	0.00576	0.00392	0.00466	0.00471	0.00482	0.00399	0.00284	0.00599	0.00602	0.00812	0.01296	0.07489	0.01472	0.70233	0.12446	0.00408	0.00467	0.00597	0.00247	0.00263
7	0.00506	0.00384	0.00467	0.00495	0.00574	0.00345	0.00353	0.00620	0.00918	0.01208	0.25753	0.36374	0.28437	0.01057	0.00489	0.00144	0.00211	0.00930	0.00392	0.00345
8	0.00909	0.00868	0.01477	0.31757	0.54761	0.00931	0.01189	0.01158	0.00874	0.01209	0.00740	0.01020	0.00600	0.00373	0.00398	0.00124	0.00497	0.00357	0.00191	0.00568
9	0.00511	0.00387	0.00474	0.00529	0.00594	0.00358	0.00370	0.00635	0.03733	0.01100	0.07417	0.55497	0.23154	0.01142	0.00497	0.00153	0.00228	0.02501	0.00378	0.00344
10	0.00565	0.00420	0.00617	0.00626	0.00689	0.00479	0.00476	0.00694	0.00654	0.00933	0.01194	0.09803	0.01185	0.06878	0.72156	0.00585	0.00959	0.00506	0.00232	0.00349
11	0.00700	0.00515	0.00628	0.00578	0.00708	0.00517	0.00440	0.01089	0.18484	0.04331	0.63148	0.02623	0.03147	0.00751	0.00457	0.00128	0.00221	0.00657	0.00436	0.00443
12	0.00488	0.00352	0.00462	0.00549	0.00579	0.00327	0.00368	0.00559	0.00777	0.01027	0.02320	0.80790	0.07436	0.01242	0.00510	0.00161	0.00231	0.01123	0.00372	0.00327
13	0.00724	0.00555	0.00637	0.00584	0.00730	0.00566	0.00453	0.09351	0.13892	0.01541	0.33368	0.02633	0.20289	0.00907	0.05425	0.00160	0.00296	0.02987	0.04463	0.00439
14	0.00990	0.00960	0.01669	0.02418	0.78831	0.00956	0.05770	0.01234	0.00915	0.01309	0.00758	0.00998	0.00634	0.00356	0.00401	0.00120	0.00488	0.00364	0.00199	0.00630
15	0.00697	0.00348	0.00522	0.00522	0.00522	0.00348	0.00348	0.00522	0.00522	0.00697	0.00697	0.01219	0.00697	0.01393	0.01567	0.88332	0.00348	0.00348	0.00174	0.00174
16	0.01414	0.00740	0.00878	0.00699	0.00954	0.00738	0.00568	0.25480	0.03340	0.36254	0.06694	0.01381	0.01096	0.00509	0.00384	0.00117	0.00331	0.00407	0.17415	0.00602
17	0.01046	0.00905	0.01432	0.28148	0.34404	0.00975	0.06052	0.15994	0.01068	0.04890	0.00818	0.01032	0.00625	0.00398	0.00404	0.00125	0.00495	0.00367	0.00242	0.00580
18	0.01104	0.01098	0.00956	0.04303	0.03812	0.26139	0.00672	0.08539	0.25422	0.03110	0.13145	0.01493	0.04518	0.00626	0.03173	0.00139	0.00468	0.00432	0.00329	0.00523
19	0.01209	0.00767	0.00894	0.00733	0.00959	0.00801	0.00593	0.28273	0.03880	0.22256	0.01916	0.06751	0.20588	0.00679	0.00504	0.00133	0.07575	0.00535	0.00397	0.00557
20	0.00975	0.07376	0.07280	0.08224	0.52672	0.00975	0.08850	0.01228	0.00898	0.03070	0.00756	0.00972	0.00614	0.00360	0.00389	0.00117	0.00494	0.00350	0.00202	0.04199

[dist]
# distance from previous block
# <min> <max>
0	2

[block]
# block no. 2 follows, 67 sequences, length 20
# corresponding to MSA columns:
# 235-254
name=unknown_C
#
# <colnr> <probs for GDERKNQSTAVLIFYWHMCP>
#	G	D	E	R	K	N	Q	S	T	A	V	L	I	F	Y	W	H	M	C	P
0	0.01209	0.43503	0.07106	0.00939	0.04451	0.30728	0.02802	0.03116	0.00961	0.01036	0.00613	0.00717	0.00526	0.00374	0.00316	0.00098	0.00552	0.00251	0.00191	0.00511
1	0.00547	0.00399	0.00454	0.00446	0.00510	0.00371	0.00296	0.00626	0.00823	0.01083	0.23291	0.03084	0.26133	0.38898	0.01174	0.00246	0.00283	0.00697	0.00332	0.00306
2	0.04423	0.01116	0.06312	0.01003	0.01244	0.08855	0.08377	0.30453	0.05744	0.02798	0.00848	0.00994	0.00664	0.00682	0.06554	0.00171	0.18561	0.00361	0.00285	0.00557
3	0.00919	0.00830	0.01268	0.14978	0.38912	0.01801	0.02825	0.04161	0.12550	0.02555	0.04610	0.06774	0.03037	0.00510	0.00417	0.00129	0.00430	0.02469	0.00267	0.00558
4	0.00630	0.00439	0.00533	0.00588	0.00646	0.02988	0.00425	0.00731	0.00826	0.04620	0.05264	0.49754	0.02301	0.08386	0.00626	0.00177	0.00285	0.14809	0.05621	0.00351
5	0.00474	0.00406	0.00406	0.00406	0.00542	0.00339	0.00305	0.00576	0.00914	0.01083	0.04063	0.03860	0.83241	0.01016	0.00474	0.00135	0.00203	0.00846	0.00372	0.00339
6	0.01055	0.72147	0.02093	0.00906	0.06981	0.01488	0.08317	0.01211	0.00834	0.01001	0.00595	0.00709	0.00532	0.00344	0.00287	0.00093	0.00455	0.00249	0.00176	0.00526
7	0.00505	0.00365	0.00479	0.00547	0.00589	0.00339	0.00377	0.00600	0.00841	0.01132	0.16319	0.66037	0.06210	0.01167	0.00505	0.00156	0.00227	0.02886	0.00384	0.00336
8	0.00537	0.00378	0.00489	0.00541	0.00578	0.00361	0.00372	0.00624	0.00808	0.01091	0.16126	0.46419	0.02570	0.18741	0.00827	0.00205	0.00270	0.08385	0.00357	0.00322
9	0.01417	0.02943	0.01051	0.00883	0.01114	0.43043	0.00687	0.15755	0.01265	0.14747	0.12112	0.01178	0.01069	0.00493	0.00389	0.00112	0.00533	0.00363	0.00319	0.00528
10	0.00688	0.00396	0.00573	0.00560	0.00565	0.00427	0.00386	0.00575	0.00545	0.00742	0.00774	0.01373	0.00789	0.10558	0.07761	0.66078	0.06433	0.00380	0.00185	0.00214
11	0.00538	0.00374	0.00472	0.00531	0.00553	0.00361	0.00351	0.00593	0.00715	0.00951	0.01859	0.47928	0.02187	0.31971	0.01071	0.00247	0.00302	0.08371	0.00325	0.00300
12	0.00824	0.00793	0.01166	0.70281	0.02461	0.05858	0.01037	0.04321	0.00865	0.01084	0.00855	0.01158	0.04077	0.00441	0.00431	0.00133	0.03197	0.00372	0.00197	0.00451
13	0.28750	0.03045	0.07897	0.04007	0.01092	0.05061	0.04533	0.07373	0.16464	0.01572	0.04449	0.04310	0.04151	0.00532	0.00369	0.00131	0.00387	0.05081	0.00299	0.00500
14	0.00970	0.01036	0.09340	0.01344	0.08221	0.00919	0.37385	0.06585	0.13702	0.05087	0.01168	0.08441	0.02884	0.00487	0.00444	0.00134	0.00517	0.00500	0.00276	0.00560
15	0.01125	0.06292	0.10758	0.09719	0.04807	0.38677	0.10971	0.01336	0.02056	0.01087	0.01007	0.01132	0.08412	0.00452	0.00389	0.00116	0.00602	0.00360	0.00215	0.00487
16	0.09089	0.00858	0.02920	0.00829	0.00999	0.15193	0.11662	0.01058	0.02079	0.03994	0.03356	0.06280	0.02723	0.18040	0.00767	0.00192	0.00461	0.18810	0.00283	0.00407
17	0.01829	0.01027	0.08861	0.00860	0.03284	0.16449	0.05586	0.09560	0.06036	0.04708	0.03462	0.05591	0.04149	0.00708	0.06560	0.00157	0.02789	0.00424	0.17472	0.00487
18	0.00544	0.00397	0.00472	0.00471	0.00536	0.00373	0.00321	0.00638	0.00847	0.01131	0.27079	0.10731	0.20860	0.29146	0.04518	0.00240	0.00300	0.00732	0.00344	0.00319
19	0.12991	0.13552	0.08270	0.00863	0.02289	0.21858	0.05094	0.06549	0.08010	0.03535	0.00967	0.01147	0.04222	0.08421	0.00509	0.00140	0.00490	0.00346	0.00252	0.00494

[dist]
# distance from previous block
# <min> <max>
0	1

[block]
# block no. 3 follows, 67 sequences, length 10
# corresponding to MSA columns:
# 256-265
name=unknown_D
#
# <colnr> <probs for GDERKNQSTAVLIFYWHMCP>
#	G	D	E	R	K	N	Q	S	T	A	V	L	I	F	Y	W	H	M	C	P
0	0.05744	0.05020	0.01324	0.03375	0.01352	0.53225	0.13382	0.03250	0.01044	0.01105	0.00704	0.03672	0.00604	0.00439	0.00416	0.00115	0.04213	0.00327	0.00215	0.00476
1	0.00770	0.00530	0.00569	0.00551	0.00660	0.04648	0.00407	0.07803	0.00989	0.03950	0.17327	0.27929	0.02002	0.00778	0.00408	0.00124	0.00257	0.00672	0.27497	0.02128
2	0.05109	0.00565	0.00584	0.00561	0.00709	0.03878	0.00426	0.03631	0.08810	0.07253	0.07277	0.17883	0.37309	0.00894	0.00454	0.00138	0.00269	0.03458	0.00377	0.00414
3	0.03883	0.00554	0.02506	0.00653	0.00710	0.03090	0.00504	0.00728	0.00672	0.00934	0.01231	0.07639	0.06145	0.09552	0.12744	0.26851	0.12341	0.08712	0.00236	0.00312
4	0.17080	0.00899	0.04467	0.00874	0.01166	0.03846	0.11628	0.09413	0.07472	0.30067	0.01182	0.03236	0.00874	0.00494	0.00410	0.00130	0.02194	0.03633	0.00357	0.00577
5	0.00513	0.00372	0.00480	0.00557	0.00600	0.00349	0.00392	0.00597	0.00792	0.01037	0.02342	0.61097	0.11337	0.06538	0.00609	0.00177	0.00257	0.11262	0.00364	0.00328
6	0.09351	0.01086	0.01335	0.03425	0.35171	0.16680	0.06741	0.08649	0.01034	0.05392	0.04116	0.01032	0.00750	0.00486	0.02935	0.00135	0.00520	0.00353	0.00248	0.00561
7	0.24095	0.05141	0.09589	0.00803	0.01088	0.12784	0.03714	0.10878	0.07793	0.12535	0.00919	0.01045	0.00709	0.06703	0.00471	0.00140	0.00444	0.00329	0.00293	0.00528
8	0.00723	0.00689	0.04134	0.00634	0.00778	0.08224	0.00502	0.08650	0.04069	0.01248	0.04474	0.27837	0.28639	0.00939	0.00468	0.00142	0.00316	0.06776	0.00354	0.00405
9	0.08976	0.00920	0.05337	0.01121	0.19282	0.10355	0.02164	0.10424	0.03602	0.01408	0.08328	0.18200	0.03287	0.04237	0.00482	0.00140	0.00406	0.00545	0.00295	0.00491

[dist]
# distance from previous block
# <min> <max>
0	4

[block]
# block no. 4 follows, 67 sequences, length 26
# corresponding to MSA columns:
# 270-295
name=unknown_E
#
# <colnr> <probs for GDERKNQSTAVLIFYWHMCP>
#	G	D	E	R	K	N	Q	S	T	A	V	L	I	F	Y	W	H	M	C	P
0	0.16337	0.07758	0.01093	0.06312	0.01175	0.06323	0.00683	0.36772	0.07211	0.04379	0.00898	0.01018	0.00695	0.05232	0.00473	0.00136	0.02284	0.00338	0.00319	0.00564
1	0.00653	0.00525	0.00603	0.00644	0.00715	0.05148	0.00481	0.00847	0.08203	0.01076	0.01774	0.31447	0.01950	0.13945	0.10488	0.00252	0.00422	0.20135	0.00328	0.00363
2	0.21454	0.00757	0.00760	0.00666	0.00878	0.04415	0.00528	0.14422	0.09705	0.12133	0.04565	0.08455	0.11752	0.00762	0.05085	0.00159	0.00374	0.02275	0.00354	0.00500
3	0.36194	0.04807	0.00940	0.03123	0.01058	0.23640	0.00615	0.11705	0.01018	0.09206	0.00732	0.00795	0.00553	0.00406	0.00320	0.00114	0.00453	0.00269	0.00274	0.03778
4	0.01754	0.00693	0.00929	0.00719	0.01025	0.00612	0.00592	0.01964	0.05710	0.79093	0.01585	0.01372	0.01006	0.00499	0.00404	0.00125	0.00340	0.00406	0.00491	0.00680
5	0.00976	0.00942	0.01629	0.07773	0.75029	0.00951	0.04353	0.01220	0.00907	0.01291	0.00754	0.01001	0.00628	0.00359	0.00400	0.00121	0.00488	0.00362	0.00197	0.00619
6	0.00546	0.00393	0.00507	0.00578	0.00621	0.00377	0.00397	0.04797	0.00833	0.01108	0.02189	0.77304	0.04511	0.01207	0.00506	0.00161	0.00246	0.03000	0.00374	0.00346
7	0.00818	0.00713	0.00899	0.15998	0.01281	0.00600	0.00592	0.01013	0.00826	0.01255	0.00713	0.00875	0.00583	0.00316	0.00316	0.00073	0.00340	0.00259	0.00227	0.72302
8	0.01395	0.06075	0.05250	0.01137	0.07095	0.68362	0.02617	0.01532	0.01086	0.01024	0.00635	0.00752	0.00527	0.00403	0.00362	0.00105	0.00684	0.00270	0.00202	0.00487
9	0.01025	0.00767	0.00881	0.00667	0.00967	0.00692	0.00533	0.21267	0.01132	0.06650	0.09122	0.01203	0.01003	0.04680	0.00434	0.00102	0.00330	0.00345	0.00315	0.47886
10	0.01072	0.86147	0.02102	0.00686	0.01029	0.01587	0.00686	0.01201	0.00815	0.00944	0.00558	0.00643	0.00515	0.00343	0.00257	0.00086	0.00429	0.00214	0.00172	0.00515
11	0.00485	0.00364	0.00449	0.00517	0.00571	0.00329	0.00354	0.00563	0.00807	0.01040	0.02710	0.63602	0.24372	0.01192	0.00502	0.00155	0.00225	0.01061	0.00372	0.00329
12	0.00761	0.00835	0.14710	0.03653	0.01066	0.00631	0.07894	0.06487	0.05083	0.05041	0.15444	0.11189	0.20586	0.03120	0.00493	0.00142	0.00358	0.01715	0.00334	0.00459
13	0.01036	0.00881	0.00929	0.00824	0.01058	0.01016	0.00644	0.07987	0.76761	0.01740	0.01583	0.01457	0.01185	0.00540	0.00408	0.00135	0.00326	0.00447	0.00408	0.00638
14	0.01699	0.00843	0.01030	0.00790	0.01104	0.00828	0.00652	0.31148	0.01417	0.54108	0.01357	0.01218	0.00880	0.00491	0.00403	0.00123	0.00378	0.00388	0.00462	0.00682
15	0.00494	0.00359	0.00467	0.00546	0.00584	0.00332	0.00372	0.00575	0.00802	0.01062	0.06570	0.72912	0.09530	0.01211	0.00507	0.00159	0.00230	0.02580	0.00376	0.00330
16	0.00835	0.05281	0.68865	0.01204	0.01759	0.00969	0.13014	0.01269	0.00860	0.01259	0.00726	0.00872	0.00523	0.00373	0.00389	0.00127	0.00598	0.00319	0.00174	0.00582
17	0.00561	0.00410	0.00527	0.00498	0.00595	0.00376	0.00373	0.00745	0.01120	0.01573	0.77905	0.03053	0.09093	0.00833	0.00473	0.00127	0.00190	0.00733	0.00437	0.00376
18	0.00512	0.00362	0.00459	0.00523	0.00548	0.00342	0.00341	0.00571	0.00744	0.00990	0.04845	0.60945	0.05424	0.20415	0.00856	0.00212	0.00265	0.00989	0.00345	0.00309
19	0.00846	0.00660	0.00752	0.00693	0.00853	0.01689	0.00545	0.18450	0.15145	0.01517	0.08337	0.12186	0.12585	0.02149	0.12605	0.00217	0.00429	0.09507	0.00364	0.00472
20	0.00773	0.00678	0.01038	0.05647	0.27450	0.02780	0.04677	0.00948	0.02666	0.03299	0.01462	0.40423	0.01583	0.00800	0.00490	0.00143	0.03659	0.00728	0.00290	0.00466
21	0.77097	0.00806	0.00769	0.00741	0.07186	0.00910	0.05057	0.01189	0.00715	0.01733	0.00588	0.00702	0.00459	0.00369	0.00272	0.00124	0.00343	0.00242	0.00242	0.00456
22	0.00880	0.00737	0.01198	0.65271	0.08328	0.00880	0.01047	0.02593	0.00855	0.08325	0.00845	0.01127	0.01970	0.00430	0.00439	0.00133	0.03878	0.00369	0.00215	0.00482
23	0.00846	0.00725	0.00838	0.00613	0.00958	0.00574	0.00489	0.01105	0.07791	0.01338	0.00791	0.00888	0.00648	0.00318	0.00306	0.00066	0.00299	0.00256	0.00252	0.80899
24	0.01104	0.05344	0.01730	0.03639	0.04812	0.22813	0.38890	0.01424	0.08485	0.03363	0.00923	0.02574	0.02163	0.00412	0.00422	0.00124	0.00607	0.00412	0.00234	0.00526
25	0.00578	0.00406	0.00523	0.00581	0.00631	0.00396	0.00402	0.00708	0.05036	0.04348	0.02196	0.69877	0.06798	0.02590	0.00547	0.00163	0.02461	0.01029	0.00372	0.00358

[dist]
# distance from previous block
# <min> <max>
0	1

[block]
# block no. 5 follows, 67 sequences, length 8
# corresponding to MSA columns:
# 297-304
name=unknown_F
#
# <colnr> <probs for GDERKNQSTAVLIFYWHMCP>
#	G	D	E	R	K	N	Q	S	T	A	V	L	I	F	Y	W	H	M	C	P
0	0.04909	0.00985	0.09944	0.00919	0.08962	0.05667	0.04251	0.07488	0.00953	0.03213	0.00958	0.01056	0.05760	0.00388	0.00347	0.00092	0.00395	0.00317	0.00251	0.43146
1	0.01152	0.20554	0.01345	0.02912	0.01183	0.05687	0.05506	0.24328	0.24657	0.01644	0.02877	0.04514	0.00930	0.00492	0.00378	0.00119	0.00420	0.00394	0.00322	0.00583
2	0.00856	0.12466	0.05123	0.00836	0.00948	0.09323	0.00706	0.00971	0.00708	0.00948	0.00767	0.01204	0.00747	0.11586	0.20317	0.00288	0.31226	0.00367	0.00195	0.00417
3	0.11359	0.08201	0.01087	0.00901	0.03674	0.37229	0.03389	0.05928	0.08006	0.01279	0.05832	0.04344	0.04188	0.02425	0.00406	0.00121	0.00513	0.00375	0.00264	0.00480
4	0.00711	0.09793	0.03808	0.00612	0.00726	0.00653	0.00481	0.05867	0.03873	0.01057	0.01470	0.12798	0.07220	0.30145	0.11976	0.00289	0.03684	0.04191	0.00274	0.00373
5	0.02170	0.00594	0.00720	0.07357	0.06749	0.05130	0.01664	0.02392	0.03274	0.04947	0.18065	0.20539	0.17780	0.06141	0.00552	0.00151	0.00315	0.00708	0.00344	0.00409
6	0.04109	0.01915	0.03738	0.07603	0.08442	0.00637	0.07504	0.03900	0.00888	0.02449	0.06220	0.17786	0.04210	0.06011	0.00530	0.00146	0.00374	0.09612	0.00291	0.13635
7	0.02570	0.01144	0.09417	0.09807	0.15616	0.11278	0.04557	0.18203	0.10625	0.03759	0.03214	0.01106	0.02049	0.00442	0.00393	0.00120	0.00481	0.00367	0.00281	0.04568

[dist]
# distance from previous block
# <min> <max>
0	22

[block]
# block no. 6 follows, 67 sequences, length 27
# corresponding to MSA columns:
# 327-353
name=unknown_G
#
# <colnr> <probs for GDERKNQSTAVLIFYWHMCP>
#	G	D	E	R	K	N	Q	S	T	A	V	L	I	F	Y	W	H	M	C	P
0	0.01045	0.07713	0.04839	0.01132	0.19295	0.06422	0.01865	0.11506	0.05754	0.07308	0.02258	0.08371	0.04813	0.01713	0.00408	0.00117	0.00407	0.00427	0.00288	0.14321
1	0.00932	0.00890	0.06534	0.04030	0.32456	0.02655	0.00865	0.03720	0.06706	0.04946	0.04836	0.07446	0.01843	0.02017	0.00421	0.00119	0.00401	0.01273	0.00266	0.17643
2	0.00498	0.00389	0.00451	0.00474	0.00566	0.00343	0.00341	0.00607	0.00914	0.01172	0.19608	0.29127	0.41981	0.01051	0.00486	0.00142	0.00209	0.00913	0.00386	0.00343
3	0.01140	0.03169	0.01057	0.02552	0.03903	0.04292	0.00646	0.32162	0.03577	0.01757	0.00828	0.00902	0.00641	0.00385	0.00347	0.00091	0.00385	0.00298	0.00300	0.41569
4	0.01140	0.00887	0.00956	0.00775	0.03783	0.07574	0.00595	0.16064	0.04767	0.12058	0.00977	0.02186	0.01982	0.00403	0.00349	0.00090	0.00369	0.00319	0.00308	0.44416
5	0.02295	0.07856	0.17514	0.05771	0.28464	0.04229	0.15035	0.03724	0.00928	0.01288	0.04992	0.01048	0.00750	0.00435	0.01573	0.00130	0.02827	0.00368	0.00210	0.00561
6	0.00681	0.00551	0.00776	0.03931	0.15907	0.00559	0.00597	0.03130	0.08353	0.01203	0.05804	0.45523	0.02007	0.04938	0.00546	0.00160	0.00313	0.04261	0.00335	0.00426
7	0.00520	0.00437	0.00456	0.00448	0.00583	0.00388	0.00337	0.00701	0.06546	0.01179	0.12334	0.05353	0.67377	0.00967	0.00470	0.00135	0.00210	0.00813	0.00382	0.00363
8	0.02292	0.00368	0.00474	0.00553	0.00593	0.00348	0.00379	0.00584	0.00776	0.01044	0.02278	0.72240	0.09039	0.01288	0.03929	0.00180	0.00269	0.02672	0.00363	0.00331
9	0.00975	0.04675	0.16952	0.08946	0.32300	0.02195	0.14346	0.07475	0.00954	0.01328	0.00747	0.00960	0.00589	0.00392	0.00454	0.00126	0.05443	0.00357	0.00205	0.00580
10	0.00824	0.00722	0.01019	0.18190	0.19317	0.00788	0.00789	0.01314	0.24684	0.01444	0.24686	0.01730	0.01690	0.00553	0.00423	0.00129	0.00360	0.00491	0.00325	0.00523
11	0.00495	0.00359	0.00465	0.00546	0.00580	0.00333	0.00370	0.00569	0.00778	0.01025	0.02332	0.73387	0.09448	0.04229	0.00564	0.00169	0.00240	0.03418	0.00368	0.00325
12	0.00902	0.04608	0.04351	0.28361	0.26845	0.04603	0.09823	0.01138	0.00842	0.01133	0.00721	0.01007	0.00589	0.00517	0.03943	0.00151	0.09398	0.00359	0.00189	0.00518
13	0.01106	0.64259	0.09409	0.00781	0.01124	0.13260	0.00770	0.01288	0.03007	0.00998	0.00609	0.00696	0.00533	0.00362	0.00287	0.00093	0.00483	0.00234	0.00183	0.00518
14	0.00510	0.00366	0.00488	0.00573	0.00610	0.00344	0.00402	0.00600	0.00807	0.01075	0.06420	0.70470	0.04368	0.01212	0.00514	0.00163	0.00245	0.10122	0.00376	0.00334
15	0.01429	0.12861	0.01275	0.01026	0.03390	0.71311	0.00775	0.01539	0.01089	0.00985	0.00615	0.00720	0.00519	0.00403	0.00349	0.00101	0.00678	0.00255	0.00202	0.00476
16	0.00564	0.00426	0.00525	0.00544	0.00628	0.00407	0.00396	0.00770	0.07339	0.01300	0.31712	0.31849	0.14738	0.02375	0.00511	0.00148	0.00228	0.04770	0.00398	0.00372
17	0.00800	0.00741	0.10129	0.00655	0.00850	0.02875	0.00568	0.04906	0.11022	0.07835	0.08745	0.15460	0.18877	0.00900	0.05451	0.00163	0.00355	0.01710	0.07500	0.00457
18	0.00526	0.00401	0.00491	0.00555	0.00606	0.02095	0.00389	0.00620	0.00843	0.01109	0.12143	0.61243	0.11065	0.01154	0.00502	0.00155	0.00242	0.05147	0.00377	0.00339
19	0.01353	0.00946	0.01053	0.00855	0.01127	0.01028	0.00703	0.54014	0.09110	0.09817	0.02494	0.04028	0.01058	0.00590	0.00424	0.00131	0.00402	0.09834	0.00407	0.00626
20	0.00780	0.00543	0.00618	0.00568	0.00728	0.00526	0.00438	0.05212	0.13447	0.10312	0.17286	0.06245	0.34220	0.03198	0.00501	0.00142	0.00259	0.04133	0.00402	0.00444
21	0.00894	0.00858	0.01478	0.36451	0.47398	0.00929	0.03910	0.01148	0.00868	0.01192	0.00739	0.01027	0.00593	0.00375	0.00401	0.00126	0.00507	0.00361	0.00190	0.00554
22	0.00537	0.00408	0.00490	0.00526	0.00615	0.00374	0.00401	0.00653	0.00887	0.01133	0.11787	0.18631	0.34124	0.07952	0.00627	0.00172	0.00261	0.19712	0.00369	0.00340
23	0.01673	0.00838	0.01022	0.00787	0.01096	0.00825	0.00649	0.31378	0.01412	0.52247	0.01367	0.02850	0.00911	0.00506	0.00405	0.00123	0.00376	0.00402	0.00459	0.00675
24	0.00598	0.00431	0.00601	0.00644	0.00710	0.00416	0.03197	0.03980	0.00855	0.02294	0.03365	0.60992	0.02405	0.01152	0.00528	0.01577	0.00283	0.15248	0.00367	0.00359
25	0.00867	0.00665	0.04144	0.00770	0.00967	0.01621	0.07750	0.05256	0.04247	0.12650	0.05689	0.03079	0.19263	0.00831	0.00482	0.00150	0.00364	0.30378	0.00369	0.00458
26	0.01045	0.38148	0.17685	0.03107	0.03338	0.15122	0.02249	0.01324	0.07412	0.01100	0.00807	0.02597	0.02311	0.00412	0.00332	0.00106	0.00499	0.00301	0.00206	0.01900

[dist]
# distance from previous block
# <min> <max>
5	10

[block]
# block no. 7 follows, 67 sequences, length 26
# corresponding to MSA columns:
# 366-391
name=unknown_H
#
# <colnr> <probs for GDERKNQSTAVLIFYWHMCP>
#	G	D	E	R	K	N	Q	S	T	A	V	L	I	F	Y	W	H	M	C	P
0	0.01251	0.06386	0.03728	0.02595	0.03901	0.40383	0.08829	0.07774	0.10830	0.01239	0.00794	0.00907	0.00635	0.00444	0.00453	0.00118	0.07351	0.00323	0.01542	0.00518
1	0.00630	0.00503	0.00762	0.00828	0.08342	0.00581	0.00581	0.00773	0.00665	0.00962	0.01020	0.01519	0.00958	0.05639	0.68754	0.00559	0.05903	0.00424	0.00212	0.00384
2	0.00913	0.01148	0.22259	0.07017	0.11976	0.02144	0.07311	0.11227	0.10792	0.01403	0.03759	0.01307	0.02532	0.07044	0.06325	0.00183	0.01455	0.00405	0.00256	0.00542
3	0.00509	0.00406	0.00443	0.00434	0.00554	0.00352	0.00324	0.00634	0.00968	0.01234	0.26303	0.03539	0.57312	0.02772	0.00503	0.00137	0.00203	0.00797	0.02227	0.00349
4	0.01075	0.00921	0.03043	0.12903	0.53738	0.02843	0.03753	0.01309	0.00935	0.12600	0.00872	0.01057	0.00673	0.00385	0.00398	0.00122	0.00474	0.00364	0.01931	0.00604
5	0.01241	0.52682	0.01718	0.00824	0.01113	0.34445	0.00721	0.01360	0.00943	0.00959	0.00582	0.00675	0.00515	0.00371	0.00299	0.00093	0.00546	0.00232	0.00185	0.00495
6	0.88738	0.00776	0.00589	0.00527	0.00776	0.00900	0.00434	0.01179	0.00683	0.01799	0.00558	0.00651	0.00434	0.00372	0.00248	0.00124	0.00310	0.00217	0.00248	0.00434
7	0.00825	0.00736	0.01230	0.68206	0.13934	0.00875	0.01089	0.01083	0.00830	0.03884	0.00765	0.01080	0.00578	0.00400	0.00397	0.00130	0.00510	0.00359	0.02608	0.00478
8	0.00704	0.00428	0.00530	0.00505	0.00620	0.00384	0.00376	0.00815	0.00957	0.11530	0.28695	0.13279	0.25726	0.00928	0.00562	0.08257	0.00232	0.00722	0.04371	0.00379
9	0.00745	0.00544	0.00679	0.00658	0.02654	0.00581	0.00488	0.03352	0.15963	0.05444	0.11182	0.02045	0.11348	0.08496	0.30656	0.00335	0.00570	0.00525	0.03303	0.00433
10	0.00535	0.00397	0.00435	0.00433	0.00499	0.00366	0.00284	0.00597	0.00776	0.00989	0.10411	0.04726	0.35294	0.41166	0.01216	0.00255	0.00290	0.00716	0.00318	0.00297
11	0.01005	0.05989	0.08731	0.11232	0.05647	0.09057	0.02122	0.08171	0.25488	0.02376	0.04987	0.01269	0.00966	0.04504	0.00523	0.00140	0.05414	0.00393	0.01443	0.00542
12	0.00566	0.00412	0.00509	0.00487	0.00593	0.00370	0.00364	0.00727	0.01063	0.03113	0.58158	0.07190	0.23201	0.00883	0.00474	0.00130	0.00198	0.00769	0.00422	0.00372
13	0.00966	0.05861	0.20363	0.00921	0.06246	0.01716	0.02615	0.07295	0.02687	0.07170	0.00862	0.03095	0.00704	0.03902	0.00463	0.00114	0.04008	0.00330	0.00250	0.30432
14	0.15373	0.12547	0.02599	0.02785	0.11117	0.40219	0.00778	0.04423	0.00993	0.01218	0.00634	0.00758	0.00526	0.00397	0.00357	0.00109	0.02509	0.00266	0.00214	0.02179
15	0.03174	0.01693	0.60807	0.01085	0.04821	0.00877	0.01244	0.05634	0.00892	0.04705	0.00839	0.02936	0.00650	0.03192	0.05590	0.00167	0.00577	0.00341	0.00208	0.00568
16	0.00581	0.00398	0.00484	0.00484	0.00500	0.00414	0.00301	0.00613	0.00597	0.00812	0.01221	0.02388	0.01355	0.67203	0.20603	0.00447	0.00543	0.00549	0.00237	0.00269
17	0.00884	0.03655	0.53385	0.03170	0.01777	0.00974	0.21014	0.06219	0.00939	0.01345	0.02439	0.00956	0.00611	0.00385	0.00404	0.00128	0.00590	0.00352	0.00198	0.00576
18	0.00664	0.00437	0.00507	0.00485	0.00611	0.00395	0.00365	0.00834	0.03483	0.08478	0.26479	0.10455	0.33896	0.00860	0.00448	0.00130	0.00215	0.00735	0.10132	0.00392
19	0.01076	0.06673	0.02441	0.02621	0.01366	0.00955	0.27275	0.23254	0.01179	0.05668	0.02785	0.01361	0.08353	0.00485	0.00440	0.00124	0.03244	0.00442	0.09719	0.00540
20	0.00502	0.00372	0.00462	0.00512	0.00568	0.00340	0.00352	0.00593	0.00845	0.01111	0.14675	0.51526	0.20027	0.05453	0.00576	0.00163	0.00228	0.00987	0.00376	0.00332
21	0.08498	0.00975	0.01043	0.00839	0.01127	0.01077	0.00682	0.44909	0.23698	0.11180	0.01180	0.01127	0.00844	0.00491	0.00391	0.00125	0.00386	0.00379	0.00401	0.00649
22	0.00758	0.00626	0.00695	0.00655	0.00818	0.00669	0.00509	0.01374	0.39601	0.01494	0.21027	0.04749	0.16967	0.00762	0.00451	0.00139	0.00269	0.07541	0.00405	0.00490
23	0.08540	0.00631	0.00731	0.00632	0.00849	0.00620	0.00499	0.01469	0.18533	0.31023	0.08241	0.07142	0.18066	0.00673	0.00418	0.00132	0.00287	0.00558	0.00419	0.00536
24	0.03322	0.41593	0.01584	0.00835	0.01120	0.27656	0.00721	0.12255	0.03742	0.01214	0.00667	0.00744	0.00559	0.00398	0.00335	0.00100	0.02150	0.00259	0.00223	0.00522
25	0.00965	0.43683	0.06219	0.10691	0.01415	0.01233	0.13815	0.03096	0.02746	0.01102	0.00721	0.02037	0.00614	0.00491	0.03909	0.00129	0.01782	0.00313	0.01646	0.03393

[dist]
# distance from previous block
# <min> <max>
1	31

[block]
# block no. 8 follows, 67 sequences, length 13
# corresponding to MSA columns:
# 425-437
name=unknown_I
#
# <colnr> <probs for GDERKNQSTAVLIFYWHMCP>
#	G	D	E	R	K	N	Q	S	T	A	V	L	I	F	Y	W	H	M	C	P
0	0.03466	0.00796	0.01043	0.07892	0.07917	0.02479	0.06072	0.03387	0.00884	0.03511	0.00746	0.00892	0.00600	0.00329	0.00331	0.00082	0.00372	0.00281	0.00238	0.58683
1	0.00553	0.00380	0.00464	0.00500	0.00515	0.00374	0.00315	0.00591	0.00665	0.00887	0.01623	0.31369	0.01892	0.49823	0.04441	0.00311	0.00359	0.04364	0.00292	0.00281
2	0.00604	0.00430	0.00542	0.03035	0.00602	0.00467	0.00361	0.00654	0.00622	0.00864	0.01221	0.06537	0.01339	0.55348	0.17526	0.00396	0.05128	0.00556	0.03477	0.00291
3	0.00551	0.00380	0.00469	0.00516	0.00535	0.00371	0.00335	0.00598	0.00691	0.00919	0.01731	0.36330	0.02025	0.43318	0.01276	0.00277	0.00324	0.08757	0.00308	0.00289
4	0.00534	0.00409	0.00489	0.00469	0.00579	0.00364	0.00352	0.00692	0.01056	0.01420	0.54767	0.03306	0.32327	0.00890	0.00473	0.00129	0.00194	0.00769	0.00417	0.00364
5	0.03506	0.72396	0.01909	0.00708	0.01021	0.05460	0.00679	0.02693	0.00834	0.00998	0.00593	0.00703	0.00540	0.00487	0.04406	0.00117	0.02030	0.00232	0.00182	0.00504
6	0.00586	0.00395	0.00478	0.00497	0.00533	0.00384	0.00324	0.00637	0.00707	0.03056	0.05157	0.21981	0.08021	0.46030	0.05652	0.00304	0.00364	0.04294	0.00302	0.00298
7	0.01027	0.03120	0.05000	0.16533	0.35560	0.11546	0.04302	0.01295	0.05128	0.04204	0.00782	0.00991	0.00627	0.00416	0.00472	0.00126	0.07753	0.00349	0.00214	0.00556
8	0.00546	0.00377	0.00453	0.00486	0.00502	0.00369	0.00300	0.00579	0.00662	0.00880	0.01686	0.32006	0.04606	0.50220	0.04313	0.00309	0.00351	0.00784	0.00292	0.00279
9	0.05250	0.03048	0.03146	0.00755	0.05057	0.07321	0.00539	0.07262	0.03081	0.04224	0.01697	0.53281	0.01887	0.00938	0.00454	0.00145	0.00327	0.00825	0.00340	0.00421
10	0.00567	0.00382	0.00442	0.00458	0.00461	0.00378	0.00265	0.00579	0.00614	0.00819	0.01422	0.16472	0.01657	0.71786	0.01786	0.00351	0.00363	0.00676	0.00265	0.00257
11	0.24385	0.02255	0.01017	0.02053	0.11205	0.16351	0.03046	0.12383	0.03149	0.05240	0.00895	0.01084	0.02166	0.01618	0.00396	0.00123	0.02484	0.03010	0.04186	0.02952
12	0.06484	0.09783	0.09164	0.00802	0.04658	0.05439	0.00668	0.19014	0.03350	0.02952	0.02547	0.07129	0.14808	0.04161	0.02479	0.00143	0.00406	0.00471	0.00301	0.05240

[dist]
# distance from previous block
# <min> <max>
6	54

[block]
# block no. 9 follows, 67 sequences, length 10
# corresponding to MSA columns:
# 512-521
name=unknown_J
#
# <colnr> <probs for GDERKNQSTAVLIFYWHMCP>
#	G	D	E	R	K	N	Q	S	T	A	V	L	I	F	Y	W	H	M	C	P
0	0.03604	0.07786	0.06289	0.01908	0.13208	0.00856	0.03178	0.02921	0.06319	0.11981	0.03837	0.03805	0.06716	0.02653	0.03374	0.00154	0.12478	0.04145	0.00286	0.04500
1	0.00882	0.09753	0.01252	0.17271	0.26741	0.04625	0.00888	0.01179	0.09697	0.01199	0.03339	0.01557	0.08708	0.00599	0.03047	0.00143	0.03290	0.05069	0.00247	0.00513
2	0.00569	0.00423	0.00516	0.00559	0.00628	0.00404	0.00393	0.05532	0.02603	0.01161	0.05744	0.57314	0.16449	0.03172	0.00533	0.00159	0.00247	0.02864	0.00374	0.00357
3	0.00870	0.01756	0.60699	0.01186	0.04191	0.03036	0.08659	0.01263	0.00856	0.04357	0.00768	0.00927	0.00565	0.00527	0.04622	0.00155	0.04477	0.00327	0.00189	0.00571
4	0.01021	0.00999	0.01392	0.08537	0.33275	0.09883	0.09068	0.04352	0.12525	0.02573	0.00959	0.04336	0.00810	0.00473	0.00472	0.00130	0.06125	0.02258	0.00249	0.00563
5	0.00734	0.00643	0.00922	0.02835	0.07631	0.04311	0.09398	0.00913	0.02024	0.03682	0.19180	0.13483	0.11861	0.01054	0.11347	0.00204	0.06373	0.02670	0.00313	0.00424
6	0.06023	0.00546	0.00616	0.00553	0.00721	0.00524	0.00431	0.10320	0.01068	0.13402	0.16355	0.09592	0.29233	0.00793	0.00434	0.00130	0.00260	0.02355	0.06201	0.00443
7	0.01400	0.07356	0.01168	0.00964	0.01196	0.70050	0.00738	0.01513	0.01083	0.01013	0.00626	0.00729	0.00525	0.00396	0.00348	0.00098	0.00659	0.00253	0.00208	0.09677
8	0.02376	0.12952	0.20633	0.10548	0.01490	0.04810	0.08860	0.06760	0.13247	0.06386	0.01054	0.03378	0.03497	0.00463	0.00401	0.00124	0.01825	0.00383	0.00261	0.00551
9	0.00681	0.00562	0.03436	0.00676	0.04486	0.00530	0.00504	0.00859	0.03948	0.06220	0.25000	0.14283	0.24417	0.03024	0.00594	0.00146	0.09149	0.00713	0.00362	0.00410

[dist]
# distance from previous block
# <min> <max>
3	9

[block]
# block no. 10 follows, 67 sequences, length 30
# corresponding to MSA columns:
# 536-565
name=unknown_K
#
# <colnr> <probs for GDERKNQSTAVLIFYWHMCP>
#	G	D	E	R	K	N	Q	S	T	A	V	L	I	F	Y	W	H	M	C	P
0	0.02273	0.04595	0.08804	0.08551	0.27168	0.11645	0.05865	0.10381	0.04774	0.01346	0.00808	0.01822	0.00657	0.00556	0.04837	0.00150	0.04626	0.00354	0.00229	0.00558
1	0.30569	0.00789	0.00748	0.00604	0.00874	0.04910	0.00484	0.09404	0.00928	0.01619	0.06928	0.00990	0.00817	0.00399	0.00307	0.00097	0.00322	0.00291	0.06721	0.32197
2	0.00499	0.00355	0.00472	0.00562	0.00588	0.00334	0.00380	0.00571	0.00768	0.01023	0.02175	0.79336	0.02597	0.04094	0.00565	0.00171	0.00244	0.04572	0.00368	0.00325
3	0.04147	0.02964	0.02323	0.05642	0.02304	0.05169	0.11769	0.03977	0.08909	0.03649	0.04528	0.05959	0.02026	0.14053	0.09238	0.00225	0.09312	0.00472	0.01352	0.01982
4	0.31875	0.05521	0.16050	0.03866	0.01133	0.03469	0.00733	0.10524	0.00969	0.14995	0.03501	0.04113	0.00767	0.00455	0.00342	0.00123	0.00402	0.00335	0.00295	0.00532
5	0.00502	0.00358	0.00474	0.00548	0.00580	0.00334	0.00370	0.00586	0.00813	0.01096	0.13056	0.72466	0.02774	0.03324	0.00545	0.00164	0.00231	0.01070	0.00378	0.00331
6	0.00625	0.00685	0.13001	0.00709	0.00852	0.00578	0.00635	0.00807	0.00677	0.00994	0.01024	0.01506	0.00942	0.07627	0.60788	0.00515	0.03766	0.00415	0.03465	0.00389
7	0.01050	0.14621	0.16999	0.10392	0.10309	0.18098	0.09616	0.04899	0.03218	0.01191	0.00774	0.02030	0.01538	0.00415	0.00406	0.00119	0.03253	0.00334	0.00207	0.00531
8	0.00570	0.00412	0.00483	0.00512	0.00559	0.00406	0.00336	0.00709	0.07199	0.01020	0.04187	0.35488	0.10827	0.31996	0.01050	0.00237	0.00291	0.00820	0.02573	0.00324
9	0.00492	0.00351	0.00463	0.00551	0.00576	0.00328	0.00367	0.00560	0.00764	0.01016	0.02209	0.81277	0.04023	0.04242	0.00565	0.00170	0.00238	0.01115	0.00368	0.00323
10	0.00958	0.03574	0.01126	0.02837	0.01051	0.05244	0.00785	0.06969	0.00797	0.04700	0.00798	0.03746	0.00750	0.00776	0.04740	0.00180	0.52723	0.04305	0.03483	0.00458
11	0.01097	0.01143	0.02592	0.09369	0.47336	0.18396	0.01057	0.07535	0.01019	0.01296	0.00839	0.01027	0.03212	0.00410	0.00409	0.00119	0.02002	0.00351	0.00219	0.00573
12	0.00638	0.00484	0.00702	0.00797	0.10293	0.00530	0.00517	0.00758	0.00671	0.00968	0.01088	0.01751	0.01066	0.22840	0.48835	0.00485	0.01927	0.00455	0.04831	0.00364
13	0.00979	0.00663	0.00761	0.00655	0.00850	0.00676	0.00514	0.16773	0.15797	0.12930	0.25810	0.04889	0.15607	0.00708	0.00439	0.00129	0.00285	0.00596	0.00422	0.00516
14	0.00641	0.00563	0.00681	0.00723	0.04876	0.05789	0.04047	0.00824	0.06159	0.01175	0.12414	0.42311	0.15043	0.00976	0.00478	0.00145	0.00293	0.02117	0.00357	0.00389
15	0.04429	0.05475	0.01054	0.00892	0.05176	0.10485	0.00667	0.25468	0.27079	0.03050	0.01135	0.01278	0.00910	0.10450	0.00577	0.00153	0.00423	0.00392	0.00336	0.00571
16	0.00594	0.00500	0.04891	0.00580	0.00657	0.00448	0.00435	0.02326	0.03468	0.01064	0.05584	0.34698	0.02677	0.20869	0.15407	0.00290	0.00436	0.00751	0.03976	0.00348
17	0.00951	0.00965	0.01807	0.11852	0.48753	0.00965	0.26269	0.01223	0.00911	0.01269	0.00767	0.01029	0.00615	0.00356	0.00421	0.00126	0.00545	0.00393	0.00197	0.00584
18	0.00510	0.00376	0.00475	0.00546	0.00598	0.00349	0.00387	0.00597	0.00807	0.01045	0.02512	0.55334	0.18197	0.05439	0.00587	0.00172	0.00252	0.11122	0.00365	0.00330
19	0.00727	0.00565	0.00760	0.00702	0.00807	0.04742	0.04763	0.03400	0.00744	0.04975	0.01112	0.03762	0.01048	0.13201	0.56236	0.00504	0.00870	0.00458	0.00241	0.00383
20	0.00555	0.00404	0.00529	0.00599	0.00660	0.00388	0.00447	0.02530	0.00855	0.01125	0.04857	0.51777	0.09520	0.01201	0.02197	0.00174	0.00285	0.21177	0.00371	0.00348
21	0.00535	0.00391	0.00445	0.00468	0.00562	0.00356	0.00343	0.00653	0.00870	0.01163	0.08539	0.22997	0.39280	0.01086	0.04855	0.00163	0.00258	0.03284	0.13409	0.00345
22	0.00978	0.00804	0.01135	0.01092	0.10620	0.02134	0.02858	0.06127	0.00805	0.10060	0.00829	0.01154	0.00725	0.05446	0.14172	0.00243	0.39711	0.00384	0.00238	0.00483
23	0.00940	0.00818	0.01431	0.16644	0.22366	0.01845	0.20741	0.02078	0.00956	0.09293	0.09988	0.04918	0.03510	0.00498	0.00435	0.00130	0.00474	0.02138	0.00269	0.00526
24	0.00864	0.02316	0.31407	0.03978	0.01782	0.02008	0.37187	0.01252	0.04442	0.01259	0.01038	0.01205	0.06656	0.00423	0.00449	0.00132	0.02424	0.00424	0.00210	0.00542
25	0.05145	0.00413	0.00563	0.00599	0.00658	0.00394	0.04459	0.00630	0.00771	0.01068	0.02104	0.68378	0.06646	0.05462	0.00572	0.00170	0.00265	0.01014	0.00351	0.00339
26	0.03607	0.04361	0.00982	0.10724	0.08277	0.03163	0.07766	0.02964	0.02996	0.06705	0.13843	0.19512	0.10643	0.00723	0.00440	0.00134	0.00361	0.02025	0.00322	0.00451
27	0.03742	0.19821	0.09689	0.08632	0.06937	0.17831	0.00811	0.05756	0.05511	0.05305	0.09126	0.02307	0.01981	0.00464	0.00365	0.00114	0.00475	0.00357	0.00257	0.00518
28	0.00582	0.00434	0.00569	0.00619	0.00673	0.00443	0.00452	0.04710	0.00832	0.01113	0.02068	0.58589	0.06169	0.01282	0.06256	0.00195	0.04446	0.09856	0.00353	0.00357
29	0.04802	0.01300	0.27075	0.14314	0.04573	0.10598	0.01785	0.11284	0.01014	0.06272	0.01715	0.09698	0.00859	0.00517	0.00400	0.00129	0.00503	0.02374	0.00256	0.00530

[dist]
# distance from previous block
# <min> <max>
14	18

[block]
# block no. 11 follows, 67 sequences, length 11
# corresponding to MSA columns:
# 584-594
name=unknown_L
#
# <colnr> <probs for GDERKNQSTAVLIFYWHMCP>
#	G	D	E	R	K	N	Q	S	T	A	V	L	I	F	Y	W	H	M	C	P
