[name]
unknown

[dist]
# distance from previous block
# <min> <max>
0	135

[block]
# block no. 0 follows, 50 sequences, length 12
# corresponding to MSA columns:
# 135-146
name=unknown_A
#
# <colnr> <probs for GDERKNQSTAVLIFYWHMCP>
#	G	D	E	R	K	N	Q	S	T	A	V	L	I	F	Y	W	H	M	C	P
0	0.01160	0.11625	0.03026	0.05260	0.01357	0.05651	0.00863	0.10613	0.04334	0.01672	0.06229	0.02295	0.01488	0.00762	0.00624	0.00158	0.09370	0.17803	0.00355	0.15353
1	0.03626	0.02142	0.03377	0.02607	0.10713	0.09797	0.02166	0.05613	0.07744	0.01606	0.12086	0.06069	0.10992	0.07264	0.04974	0.00221	0.04817	0.03248	0.00371	0.00567
2	0.00910	0.00827	0.01404	0.19548	0.01821	0.00946	0.14482	0.01216	0.04297	0.01330	0.01156	0.01623	0.00988	0.01917	0.34918	0.00442	0.07876	0.00513	0.03253	0.00535
3	0.00628	0.00494	0.00567	0.00574	0.00704	0.00433	0.00421	0.00781	0.01189	0.01533	0.27290	0.17608	0.43528	0.01239	0.00597	0.00171	0.00253	0.01068	0.00489	0.00433
4	0.00762	0.00582	0.00785	0.00761	0.00801	0.00676	0.00550	0.00857	0.00772	0.01091	0.01394	0.05435	0.01472	0.34490	0.36319	0.00577	0.11363	0.00631	0.00282	0.00400
5	0.00807	0.00446	0.00622	0.00631	0.00638	0.00442	0.00410	0.00681	0.00724	0.00970	0.04455	0.09064	0.01434	0.18215	0.01896	0.57013	0.00422	0.00599	0.00270	0.00261
6	0.01213	0.00920	0.01080	0.00783	0.01217	0.00736	0.00631	0.07024	0.01168	0.09258	0.01013	0.01110	0.00794	0.00410	0.00391	0.00087	0.00388	0.00326	0.00341	0.71109
7	0.01266	0.05406	0.04249	0.04428	0.10126	0.11703	0.08389	0.07084	0.18425	0.03236	0.06979	0.06046	0.01356	0.00753	0.03065	0.00180	0.05735	0.00548	0.00360	0.00666
8	0.04286	0.24459	0.14552	0.01339	0.12519	0.05612	0.01106	0.06027	0.02635	0.02955	0.05367	0.01197	0.00944	0.00600	0.01759	0.00155	0.11013	0.00395	0.00276	0.02803
9	0.02714	0.00610	0.03399	0.00720	0.00821	0.00551	0.00528	0.06025	0.01086	0.03319	0.11134	0.48626	0.02841	0.11816	0.00844	0.00224	0.00345	0.01092	0.02851	0.00455
10	0.04322	0.00848	0.04496	0.07182	0.11618	0.03581	0.00782	0.04119	0.02641	0.04328	0.08181	0.17038	0.15048	0.05066	0.02245	0.00195	0.00445	0.03376	0.03946	0.00542
11	0.02678	0.04849	0.05643	0.15232	0.11732	0.05357	0.06765	0.11618	0.04262	0.01641	0.01320	0.07301	0.04260	0.05203	0.03691	0.00200	0.04354	0.00547	0.00313	0.03033

[dist]
# distance from previous block
# <min> <max>
1	12

[block]
# block no. 1 follows, 50 sequences, length 8
# corresponding to MSA columns:
# 160-167
name=unknown_B
#
# <colnr> <probs for GDERKNQSTAVLIFYWHMCP>
#	G	D	E	R	K	N	Q	S	T	A	V	L	I	F	Y	W	H	M	C	P
0	0.15560	0.17036	0.21064	0.04611	0.05680	0.01322	0.04722	0.09860	0.04742	0.01814	0.06037	0.01227	0.00965	0.00530	0.00468	0.00149	0.02841	0.00404	0.00300	0.00668
1	0.03023	0.08645	0.10508	0.09249	0.11281	0.08379	0.06520	0.09979	0.02714	0.05264	0.01385	0.04133	0.07382	0.00584	0.00477	0.00144	0.00576	0.00489	0.00320	0.08950
2	0.08715	0.00690	0.00912	0.06059	0.03863	0.00712	0.03053	0.05272	0.03082	0.08402	0.08434	0.26820	0.03521	0.04719	0.07441	0.02829	0.00473	0.00813	0.03666	0.00523
3	0.00821	0.00640	0.02581	0.00760	0.00918	0.00601	0.03686	0.01098	0.06383	0.04999	0.27152	0.08821	0.13532	0.06519	0.15102	0.00300	0.00516	0.02666	0.02410	0.00496
4	0.01052	0.00571	0.00755	0.00695	0.00856	0.00515	0.00523	0.01218	0.01270	0.20245	0.37402	0.18093	0.08188	0.01079	0.00648	0.04641	0.00302	0.00889	0.00526	0.00531
5	0.00625	0.00484	0.00570	0.00597	0.00708	0.00429	0.00429	0.00767	0.01150	0.01493	0.23571	0.29010	0.35793	0.01294	0.00604	0.00176	0.00260	0.01128	0.00485	0.00429
6	0.41346	0.00917	0.00935	0.00771	0.01098	0.00959	0.00633	0.08231	0.01219	0.29946	0.05417	0.01353	0.01063	0.00563	0.00410	0.00153	0.00400	0.00408	0.03511	0.00670
7	0.00722	0.00709	0.07405	0.00756	0.00897	0.00611	0.00627	0.00872	0.00949	0.01278	0.06789	0.13959	0.21975	0.07609	0.22446	0.05192	0.05607	0.00801	0.00353	0.00442

[dist]
# distance from previous block
# <min> <max>
4	9

[block]
# block no. 2 follows, 50 sequences, length 10
# corresponding to MSA columns:
# 178-187
name=unknown_C
#
# <colnr> <probs for GDERKNQSTAVLIFYWHMCP>
#	G	D	E	R	K	N	Q	S	T	A	V	L	I	F	Y	W	H	M	C	P
0	0.04255	0.38733	0.04048	0.00860	0.01197	0.07053	0.00783	0.03464	0.01152	0.10908	0.05839	0.01729	0.13160	0.00646	0.00476	0.00136	0.04139	0.00471	0.00334	0.00618
1	0.02754	0.02887	0.00825	0.02190	0.00899	0.00656	0.00576	0.00923	0.02339	0.01235	0.03619	0.11292	0.07129	0.08603	0.34412	0.09310	0.03927	0.00654	0.00311	0.05461
2	0.00674	0.00501	0.00632	0.00645	0.00756	0.00459	0.00484	0.00860	0.01246	0.01686	0.42799	0.18678	0.18797	0.01203	0.00607	0.00175	0.00271	0.08572	0.00507	0.00447
3	0.00820	0.00554	0.00695	0.00642	0.00793	0.00510	0.00487	0.01078	0.04185	0.07610	0.59515	0.03668	0.15510	0.01013	0.00579	0.00159	0.00257	0.00882	0.00539	0.00502
4	0.00643	0.00474	0.00575	0.00621	0.00694	0.00436	0.00427	0.00752	0.01035	0.01358	0.14887	0.36875	0.21006	0.14685	0.00931	0.00234	0.00309	0.03205	0.00450	0.00403
5	0.05359	0.13328	0.03926	0.01199	0.03193	0.02965	0.14076	0.14186	0.05277	0.19753	0.01328	0.05479	0.01026	0.00597	0.00532	0.00153	0.04116	0.00500	0.02292	0.00715
6	0.00779	0.00562	0.00682	0.03317	0.00872	0.00544	0.00511	0.01045	0.07712	0.03530	0.19586	0.25674	0.16814	0.03958	0.00635	0.00181	0.00304	0.02960	0.07689	0.02645
7	0.00797	0.00573	0.02509	0.00650	0.00784	0.00505	0.00492	0.01015	0.03943	0.05944	0.28913	0.21901	0.15540	0.05212	0.00664	0.00182	0.00291	0.00949	0.08658	0.00476
8	0.03061	0.03968	0.15274	0.04912	0.05970	0.02914	0.03986	0.05267	0.07685	0.04394	0.04156	0.02970	0.01034	0.02019	0.02619	0.00157	0.03703	0.00437	0.00318	0.25156
9	0.04988	0.04306	0.15041	0.06723	0.12930	0.08400	0.08372	0.06882	0.02828	0.03729	0.01222	0.03639	0.02729	0.03036	0.05852	0.00205	0.00663	0.03134	0.01745	0.03577

[dist]
# distance from previous block
# <min> <max>
4	32

[block]
# block no. 3 follows, 50 sequences, length 11
# corresponding to MSA columns:
# 222-232
name=unknown_D
#
# <colnr> <probs for GDERKNQSTAVLIFYWHMCP>
#	G	D	E	R	K	N	Q	S	T	A	V	L	I	F	Y	W	H	M	C	P
0	0.06925	0.04553	0.25103	0.04269	0.15563	0.04964	0.05930	0.05776	0.01148	0.03439	0.01265	0.10090	0.03195	0.00618	0.00484	0.00155	0.00587	0.00528	0.03018	0.02389
1	0.01348	0.10271	0.03383	0.03996	0.11809	0.06335	0.04249	0.13203	0.03750	0.08069	0.01122	0.03477	0.00920	0.00857	0.08233	0.00204	0.05676	0.00444	0.00332	0.12323
2	0.18078	0.08931	0.03937	0.08937	0.04676	0.01044	0.03245	0.04747	0.01051	0.01722	0.00843	0.01023	0.00684	0.00438	0.00419	0.00118	0.02552	0.00330	0.00283	0.36941
3	0.00679	0.00494	0.00691	0.00727	0.00786	0.00528	0.00524	0.00808	0.00869	0.01209	0.05278	0.28449	0.02140	0.12555	0.41260	0.00538	0.00840	0.00863	0.00348	0.00415
4	0.01330	0.01135	0.08272	0.05605	0.09285	0.01066	0.05470	0.20278	0.07770	0.09599	0.08456	0.03577	0.01376	0.02673	0.04832	0.00198	0.02333	0.00539	0.05513	0.00692
5	0.00908	0.00933	0.07797	0.09818	0.05883	0.04095	0.00798	0.06599	0.03033	0.01676	0.20957	0.05136	0.25460	0.00898	0.00567	0.00161	0.02035	0.00755	0.01947	0.00545
6	0.00735	0.00542	0.00623	0.00607	0.00748	0.00496	0.00446	0.00955	0.05510	0.04574	0.26093	0.12380	0.36219	0.06953	0.00725	0.00191	0.00282	0.00975	0.00485	0.00462
7	0.65936	0.00936	0.00834	0.00711	0.01038	0.01026	0.00586	0.01696	0.00987	0.20798	0.00999	0.01022	0.00706	0.00500	0.00355	0.00154	0.00395	0.00325	0.00382	0.00614
8	0.02773	0.01000	0.05355	0.04957	0.05493	0.02393	0.03447	0.03764	0.28904	0.01763	0.09519	0.02266	0.09638	0.01029	0.07868	0.00225	0.04057	0.03022	0.01893	0.00636
9	0.00855	0.00681	0.00938	0.11009	0.07868	0.00698	0.02134	0.05556	0.01124	0.01494	0.13449	0.10197	0.21041	0.08010	0.00879	0.07856	0.02555	0.00777	0.02400	0.00481
10	0.08679	0.19422	0.09845	0.03113	0.05076	0.25154	0.02662	0.06298	0.01218	0.01516	0.03082	0.05555	0.00930	0.00631	0.02355	0.00153	0.00659	0.00413	0.00281	0.02958

[dist]
# distance from previous block
# <min> <max>
9	51

[block]
# block no. 4 follows, 50 sequences, length 35
# corresponding to MSA columns:
# 306-340
name=unknown_E
#
# <colnr> <probs for GDERKNQSTAVLIFYWHMCP>
#	G	D	E	R	K	N	Q	S	T	A	V	L	I	F	Y	W	H	M	C	P
0	0.04087	0.16344	0.06067	0.04570	0.06251	0.06809	0.04851	0.16547	0.10031	0.06613	0.03676	0.02404	0.01039	0.00569	0.00481	0.00144	0.01972	0.01766	0.00360	0.05419
1	0.01001	0.02148	0.00918	0.03600	0.01069	0.00760	0.00640	0.11049	0.06981	0.05322	0.17431	0.09059	0.09899	0.02808	0.13908	0.00271	0.00530	0.04109	0.01912	0.06583
2	0.02361	0.00893	0.01270	0.03071	0.07489	0.00932	0.11990	0.05434	0.19956	0.03729	0.02757	0.02169	0.05123	0.07330	0.05627	0.00224	0.00527	0.05117	0.12317	0.01684
3	0.00733	0.00611	0.00654	0.00650	0.00782	0.03984	0.00473	0.00953	0.05588	0.01551	0.26033	0.20348	0.28871	0.04298	0.00659	0.00181	0.00302	0.00999	0.00473	0.01858
4	0.00657	0.00523	0.00592	0.00576	0.00725	0.00465	0.00435	0.00862	0.03213	0.01633	0.34993	0.04303	0.45404	0.01151	0.00589	0.00165	0.00253	0.02511	0.00499	0.00451
5	0.00970	0.01252	0.21777	0.04053	0.03364	0.00949	0.02304	0.03282	0.16416	0.01566	0.04556	0.06093	0.02871	0.06781	0.12237	0.02974	0.04183	0.01562	0.02206	0.00603
6	0.00722	0.00496	0.00606	0.00606	0.00627	0.00517	0.00380	0.00765	0.00743	0.01013	0.01514	0.02946	0.01675	0.63433	0.21399	0.00560	0.00689	0.00679	0.00294	0.00337
7	0.01219	0.24054	0.13698	0.10623	0.15340	0.01345	0.02644	0.07384	0.04063	0.03689	0.03453	0.03158	0.00968	0.00579	0.00517	0.02574	0.02032	0.01705	0.00285	0.00671
8	0.01207	0.00965	0.03641	0.03793	0.01362	0.00817	0.04822	0.04759	0.10048	0.11445	0.04184	0.01577	0.05961	0.00535	0.00448	0.00118	0.00422	0.00450	0.00380	0.43066
9	0.01034	0.00886	0.01034	0.00738	0.01181	0.00664	0.00591	0.01255	0.01034	0.01624	0.00886	0.01034	0.00738	0.00369	0.00369	0.00074	0.00369	0.00295	0.00295	0.85530
10	0.01372	0.01503	0.01544	0.13381	0.27882	0.29936	0.01153	0.03040	0.01219	0.01429	0.01013	0.07440	0.00912	0.00563	0.00482	0.00143	0.00677	0.00467	0.00271	0.05572
11	0.00838	0.00583	0.00714	0.00689	0.00826	0.00526	0.00484	0.03715	0.01036	0.05592	0.06336	0.39425	0.06129	0.15570	0.00911	0.00222	0.00349	0.00977	0.00420	0.14657
12	0.01259	0.04770	0.04110	0.14983	0.28327	0.12473	0.04798	0.02947	0.08059	0.01539	0.00983	0.01215	0.00792	0.00497	0.00523	0.00146	0.04027	0.00421	0.00272	0.07858
13	0.01132	0.01134	0.01013	0.09654	0.01341	0.24214	0.00779	0.05660	0.01177	0.01364	0.01735	0.26019	0.02955	0.02852	0.02447	0.04767	0.00581	0.10327	0.00356	0.00493
14	0.00725	0.00518	0.00713	0.00828	0.00909	0.00506	0.00667	0.00897	0.01070	0.01404	0.02682	0.36233	0.03040	0.01451	0.00668	0.00219	0.00391	0.46181	0.00460	0.00437
15	0.01123	0.01591	0.20322	0.03699	0.02398	0.01259	0.51223	0.01547	0.01105	0.01547	0.00946	0.01253	0.00716	0.00477	0.00660	0.00170	0.08532	0.00520	0.00239	0.00672
16	0.00721	0.00499	0.00621	0.00621	0.00648	0.00525	0.00398	0.00774	0.00748	0.01024	0.01500	0.02870	0.01642	0.58826	0.25961	0.00579	0.00739	0.00668	0.00292	0.00345
17	0.00713	0.00502	0.00651	0.00658	0.00696	0.00537	0.00443	0.00791	0.00769	0.01061	0.01537	0.06954	0.01659	0.45733	0.34530	0.00599	0.00823	0.00683	0.00296	0.00366
18	0.01857	0.01339	0.01446	0.01121	0.01510	0.01476	0.00922	0.67196	0.08847	0.07175	0.01310	0.01281	0.00926	0.00606	0.00500	0.00152	0.00529	0.00461	0.00506	0.00843
19	0.00924	0.00707	0.00824	0.00838	0.00950	0.00678	0.00598	0.04330	0.03547	0.01625	0.08919	0.39668	0.22043	0.04355	0.00812	0.00232	0.04820	0.03063	0.00512	0.00553
20	0.02611	0.14684	0.31318	0.03250	0.09174	0.05280	0.02562	0.01625	0.11185	0.01535	0.01158	0.04186	0.00973	0.00737	0.04757	0.00188	0.00654	0.03166	0.00279	0.00679
21	0.01116	0.00915	0.01064	0.00766	0.01205	0.00717	0.00615	0.05726	0.01120	0.03843	0.00933	0.01061	0.00758	0.00389	0.00380	0.00080	0.00381	0.00310	0.00316	0.78303
22	0.00599	0.00506	0.00520	0.00528	0.00690	0.00427	0.00399	0.00728	0.01131	0.01350	0.04875	0.07273	0.73569	0.01277	0.00595	0.00172	0.00262	0.04214	0.00463	0.00422
23	0.01442	0.01139	0.01311	0.01137	0.04629	0.05723	0.04926	0.36676	0.04463	0.05086	0.01549	0.19710	0.01430	0.00871	0.02640	0.00175	0.00528	0.00669	0.00440	0.05456
24	0.00671	0.00499	0.00671	0.03049	0.03160	0.00480	0.00531	0.02778	0.01015	0.01352	0.04492	0.70754	0.05771	0.01449	0.00622	0.00196	0.00313	0.01310	0.00452	0.00434
25	0.03713	0.05476	0.08077	0.01270	0.08044	0.01012	0.15772	0.08261	0.07934	0.07259	0.08669	0.02292	0.18637	0.00718	0.00527	0.00158	0.00504	0.00640	0.00390	0.00647
26	0.00888	0.00649	0.00778	0.00787	0.00909	0.00655	0.00577	0.16940	0.01271	0.01683	0.02585	0.55279	0.08367	0.01327	0.00607	0.00190	0.00350	0.05184	0.00470	0.00502
27	0.01036	0.00933	0.05528	0.00869	0.01218	0.00751	0.03652	0.01406	0.10348	0.04423	0.02510	0.04359	0.01307	0.07518	0.00635	0.00154	0.00429	0.08837	0.00353	0.43734
28	0.16475	0.21124	0.40218	0.01176	0.04281	0.03078	0.01299	0.01534	0.01016	0.01597	0.00809	0.00951	0.00626	0.00457	0.00404	0.00141	0.00611	0.00325	0.00234	0.03643
29	0.01249	0.01283	0.07889	0.08970	0.37336	0.06717	0.01253	0.07545	0.03495	0.02961	0.01028	0.03174	0.00860	0.01863	0.00587	0.02732	0.02508	0.00449	0.00285	0.07815
30	0.01242	0.13567	0.12684	0.03859	0.06215	0.04955	0.02907	0.13862	0.05498	0.05717	0.09668	0.07036	0.03931	0.03881	0.01764	0.00174	0.00538	0.01481	0.00368	0.00652
31	0.04675	0.04697	0.08794	0.07335	0.03984	0.05487	0.05464	0.07269	0.06509	0.05122	0.14194	0.05966	0.04695	0.02061	0.07552	0.00217	0.00577	0.01900	0.00373	0.03130
32	0.05502	0.13402	0.07785	0.01189	0.07661	0.05001	0.04286	0.16840	0.05040	0.01827	0.06290	0.07383	0.01272	0.03733	0.03967	0.00190	0.04551	0.00521	0.00345	0.03215
33	0.01296	0.10313	0.01409	0.01098	0.04696	0.08138	0.05914	0.14855	0.12035	0.05217	0.03178	0.07392	0.06553	0.04854	0.00626	0.00172	0.01781	0.05671	0.00394	0.04407
34	0.14099	0.09595	0.05613	0.06359	0.05115	0.07407	0.02555	0.08537	0.08476	0.05550	0.01344	0.04766	0.05129	0.02188	0.00510	0.00152	0.02251	0.00469	0.01757	0.08126

[dist]
# distance from previous block
# <min> <max>
23	54

[block]
# block no. 5 follows, 50 sequences, length 11
# corresponding to MSA columns:
# 480-490
name=unknown_F
#
# <colnr> <probs for GDERKNQSTAVLIFYWHMCP>
#	G	D	E	R	K	N	Q	S	T	A	V	L	I	F	Y	W	H	M	C	P
0	0.00684	0.00559	0.00736	0.00694	0.00853	0.00499	0.06875	0.00842	0.01100	0.01419	0.05630	0.20819	0.44605	0.01193	0.00581	0.00173	0.00315	0.03914	0.08064	0.00445
1	0.08792	0.02089	0.01274	0.01161	0.01415	0.66645	0.00875	0.01832	0.01340	0.01316	0.01148	0.01242	0.07688	0.00577	0.00450	0.00134	0.00798	0.00382	0.00280	0.00561
2	0.08177	0.00951	0.01100	0.04915	0.01274	0.08024	0.06552	0.10470	0.04471	0.01687	0.03433	0.20846	0.06488	0.02538	0.00649	0.00183	0.05453	0.08756	0.03490	0.00546
3	0.00991	0.00771	0.00802	0.00759	0.00897	0.07827	0.00572	0.10163	0.01119	0.01560	0.01682	0.09393	0.05501	0.09624	0.26592	0.00389	0.00718	0.00616	0.19534	0.00491
4	0.00969	0.04644	0.01264	0.05768	0.01311	0.03432	0.10414	0.05207	0.00986	0.01340	0.03485	0.06559	0.01222	0.05815	0.24398	0.11540	0.06052	0.00554	0.00286	0.04754
5	0.01063	0.01057	0.07774	0.23243	0.13738	0.01017	0.05805	0.05372	0.11202	0.04031	0.01651	0.08475	0.08125	0.00825	0.04266	0.00195	0.00585	0.00604	0.00334	0.00637
6	0.08264	0.04510	0.03157	0.01120	0.02631	0.13150	0.03516	0.01416	0.06195	0.03196	0.01259	0.04409	0.05581	0.01174	0.12332	0.00266	0.26472	0.00498	0.00292	0.00563
7	0.03760	0.00907	0.09990	0.21254	0.04451	0.00799	0.00925	0.05326	0.01136	0.01596	0.14101	0.25831	0.02163	0.00916	0.00543	0.00172	0.00456	0.02107	0.03031	0.00537
8	0.04315	0.03060	0.10286	0.07530	0.09370	0.07117	0.05066	0.05175	0.03331	0.02943	0.01819	0.16752	0.10639	0.00906	0.02555	0.00185	0.05865	0.02160	0.00339	0.00587
9	0.01417	0.01197	0.06140	0.07427	0.07945	0.10064	0.03881	0.12206	0.05627	0.16535	0.03607	0.12180	0.05070	0.00741	0.00562	0.00162	0.03541	0.00617	0.00409	0.00673
10	0.00658	0.00468	0.00591	0.00646	0.00683	0.00460	0.00426	0.00731	0.00872	0.01163	0.02340	0.40592	0.07844	0.28120	0.11736	0.00370	0.00487	0.01051	0.00385	0.00378

[dist]
# distance from previous block
# <min> <max>
0	4

[block]
# block no. 6 follows, 50 sequences, length 12
# corresponding to MSA columns:
# 495-506
name=unknown_G
#
# <colnr> <probs for GDERKNQSTAVLIFYWHMCP>
#	G	D	E	R	K	N	Q	S	T	A	V	L	I	F	Y	W	H	M	C	P
0	0.01247	0.08948	0.08053	0.11764	0.10622	0.10108	0.09223	0.07539	0.01183	0.04719	0.03371	0.04830	0.01000	0.00844	0.06983	0.00209	0.07942	0.00488	0.00292	0.00636
1	0.01246	0.06041	0.07118	0.16354	0.15485	0.07137	0.05569	0.03402	0.07333	0.07848	0.01194	0.06245	0.00989	0.00589	0.00549	0.00155	0.05073	0.00495	0.03045	0.04133
2	0.01037	0.05018	0.05329	0.09426	0.10942	0.00868	0.05845	0.04396	0.03210	0.06230	0.04927	0.12619	0.06257	0.05675	0.02982	0.07057	0.00516	0.04359	0.00348	0.02958
3	0.03835	0.00842	0.00999	0.04191	0.01155	0.06312	0.02543	0.04423	0.02702	0.05287	0.05518	0.07956	0.09711	0.04945	0.29543	0.03284	0.05188	0.00660	0.00368	0.00539
4	0.06307	0.01149	0.09750	0.00962	0.03863	0.02795	0.00812	0.12326	0.03416	0.04939	0.02651	0.04122	0.04321	0.03902	0.00550	0.00138	0.02294	0.00447	0.00348	0.34909
5	0.03845	0.04397	0.08081	0.14537	0.10102	0.05597	0.05215	0.08232	0.09000	0.08332	0.01568	0.03322	0.06302	0.03560	0.02717	0.00200	0.01802	0.02128	0.00371	0.00692
6	0.06632	0.00799	0.03572	0.07718	0.01224	0.00809	0.00730	0.11492	0.01155	0.04687	0.03421	0.24200	0.06801	0.02618	0.12977	0.00276	0.04340	0.02832	0.00386	0.03329
7	0.08465	0.03033	0.06861	0.04254	0.04544	0.05531	0.06845	0.15409	0.04271	0.09037	0.04546	0.03398	0.05345	0.03922	0.00676	0.02998	0.04159	0.03772	0.02298	0.00636
8	0.10189	0.05640	0.09328	0.09938	0.05525	0.03542	0.00951	0.18181	0.08266	0.01922	0.01272	0.03061	0.04010	0.03471	0.03996	0.00185	0.00558	0.00459	0.00344	0.09159
9	0.04039	0.03184	0.06658	0.08073	0.13559	0.06889	0.02745	0.10347	0.12676	0.04206	0.03257	0.04220	0.04772	0.02513	0.00617	0.00164	0.06267	0.00514	0.00350	0.04951
10	0.03603	0.03031	0.07943	0.09351	0.07847	0.07269	0.05321	0.10486	0.03291	0.07660	0.06952	0.05028	0.03848	0.00732	0.00626	0.05035	0.03262	0.03749	0.00355	0.04612
11	0.02266	0.01092	0.11570	0.08555	0.04470	0.04096	0.04285	0.03886	0.08192	0.03384	0.12082	0.08345	0.01802	0.08953	0.00750	0.00194	0.02183	0.06143	0.00364	0.07389

[dist]
# distance from previous block
# <min> <max>
9	52

[block]
# block no. 7 follows, 50 sequences, length 15
# corresponding to MSA columns:
# 566-580
name=unknown_H
#
# <colnr> <probs for GDERKNQSTAVLIFYWHMCP>
#	G	D	E	R	K	N	Q	S	T	A	V	L	I	F	Y	W	H	M	C	P
0	0.05642	0.02603	0.01228	0.03720	0.04916	0.06409	0.08080	0.09981	0.04460	0.01600	0.02733	0.01737	0.04125	0.07669	0.12612	0.07637	0.06193	0.00510	0.07601	0.00543
1	0.03368	0.00612	0.00690	0.00665	0.00821	0.00592	0.00496	0.07051	0.04709	0.05117	0.12599	0.20624	0.27673	0.04319	0.00663	0.01632	0.00314	0.02145	0.05418	0.00492
2	0.03745	0.00611	0.00712	0.00682	0.00826	0.00590	0.00496	0.06852	0.02742	0.09834	0.10891	0.26283	0.16809	0.12658	0.00843	0.00217	0.00341	0.00936	0.03436	0.00495
3	0.00833	0.00633	0.00806	0.04013	0.04531	0.00634	0.00578	0.02186	0.03688	0.04439	0.07718	0.19724	0.18470	0.16356	0.04059	0.00254	0.04842	0.00864	0.00397	0.04972
4	0.00938	0.00686	0.00912	0.00829	0.00987	0.00744	0.00646	0.06621	0.04076	0.04556	0.04341	0.01869	0.01297	0.06620	0.46040	0.03768	0.04606	0.00518	0.00319	0.09627
5	0.05586	0.00645	0.00734	0.00740	0.00880	0.00603	0.00541	0.02939	0.03134	0.01665	0.17092	0.27222	0.22209	0.04456	0.00705	0.00209	0.00347	0.06811	0.00494	0.02986
6	0.00954	0.00689	0.00782	0.00727	0.00916	0.00689	0.00554	0.03253	0.19907	0.08208	0.18617	0.08778	0.25331	0.05327	0.00669	0.00185	0.00326	0.03033	0.00496	0.00560
7	0.00871	0.00655	0.00872	0.04069	0.05121	0.00630	0.03027	0.05343	0.01238	0.05109	0.19067	0.07498	0.25398	0.06274	0.00713	0.00194	0.00375	0.12591	0.00451	0.00505
8	0.03118	0.00673	0.00775	0.00727	0.00885	0.00680	0.00547	0.11398	0.04978	0.08053	0.05535	0.16849	0.10177	0.12313	0.00866	0.03487	0.00374	0.06526	0.11521	0.00517
9	0.00856	0.00555	0.00660	0.00644	0.00787	0.00514	0.00477	0.01043	0.04088	0.10069	0.12520	0.15264	0.28855	0.10518	0.04010	0.00233	0.00359	0.04441	0.03632	0.00477
10	0.01080	0.00994	0.01579	0.22097	0.02014	0.05270	0.20151	0.01353	0.01054	0.03769	0.01240	0.04592	0.02980	0.00659	0.01856	0.00173	0.11513	0.00533	0.16531	0.00564
11	0.01070	0.00876	0.01090	0.01021	0.05133	0.05375	0.06128	0.11219	0.04372	0.04671	0.12621	0.10520	0.09598	0.11911	0.04773	0.00242	0.03306	0.05113	0.00409	0.00551
12	0.00764	0.00537	0.00641	0.00658	0.00768	0.00506	0.00471	0.02876	0.04127	0.04607	0.12980	0.32935	0.21354	0.09040	0.00781	0.00209	0.00312	0.03317	0.02664	0.00455
13	0.01577	0.00796	0.00984	0.00833	0.01097	0.00766	0.00649	0.09260	0.09546	0.37887	0.02111	0.15808	0.04741	0.07122	0.00679	0.00188	0.00399	0.00699	0.04168	0.00690
14	0.10738	0.01138	0.12363	0.04663	0.08561	0.04227	0.00901	0.08590	0.04463	0.04838	0.03330	0.04996	0.19906	0.00986	0.06148	0.00206	0.00538	0.02435	0.00368	0.00603

[dist]
# distance from previous block
# <min> <max>
11	23

[block]
# block no. 8 follows, 50 sequences, length 33
# corresponding to MSA columns:
# 630-662
name=unknown_I
#
# <colnr> <probs for GDERKNQSTAVLIFYWHMCP>
#	G	D	E	R	K	N	Q	S	T	A	V	L	I	F	Y	W	H	M	C	P
0	0.03369	0.01294	0.01446	0.01264	0.08653	0.09134	0.04392	0.32195	0.03686	0.04921	0.01080	0.01180	0.00820	0.00532	0.00515	0.00135	0.04228	0.00411	0.02283	0.18462
1	0.00652	0.00470	0.00603	0.00694	0.00741	0.00445	0.00469	0.03177	0.01001	0.01327	0.02783	0.72929	0.07215	0.04075	0.00689	0.00208	0.00302	0.01344	0.00459	0.00417
2	0.00828	0.00657	0.00899	0.06121	0.10525	0.00646	0.00671	0.01136	0.06538	0.03106	0.45306	0.05362	0.14392	0.00935	0.00565	0.00160	0.00324	0.00822	0.00475	0.00534
3	0.04169	0.14068	0.13075	0.04630	0.08984	0.20123	0.04791	0.08913	0.05274	0.04492	0.00993	0.01150	0.00783	0.00709	0.05595	0.00184	0.00712	0.00393	0.00292	0.00671
4	0.00724	0.00553	0.00687	0.02787	0.02067	0.00528	0.01578	0.00914	0.03697	0.02810	0.14854	0.13867	0.31681	0.09803	0.08309	0.00261	0.00412	0.00917	0.03100	0.00451
5	0.01778	0.01306	0.01406	0.01095	0.01456	0.01440	0.00892	0.70306	0.02197	0.02944	0.01279	0.04526	0.00999	0.05262	0.00619	0.00171	0.00535	0.00503	0.00486	0.00799
6	0.01648	0.00907	0.03021	0.05292	0.08260	0.00842	0.03617	0.04144	0.04217	0.42065	0.14442	0.02001	0.01723	0.00678	0.00557	0.00159	0.02999	0.02188	0.00507	0.00736
7	0.01064	0.00870	0.00951	0.00881	0.01091	0.00974	0.00670	0.02033	0.52098	0.01892	0.11862	0.07432	0.03273	0.05426	0.00686	0.02936	0.00368	0.01920	0.02915	0.00657
8	0.01479	0.00681	0.00872	0.00742	0.00958	0.00622	0.00564	0.02754	0.01169	0.39274	0.04327	0.02676	0.05568	0.26970	0.01169	0.00264	0.00427	0.05660	0.03220	0.00602
9	0.01043	0.01086	0.02145	0.21446	0.10811	0.01092	0.39584	0.01381	0.01102	0.01477	0.01298	0.10313	0.03670	0.00596	0.00561	0.00169	0.00690	0.00644	0.00274	0.00618
10	0.01174	0.01337	0.02897	0.02076	0.02565	0.01269	0.75199	0.01584	0.01164	0.01584	0.00997	0.01337	0.00753	0.00434	0.00621	0.00170	0.03336	0.00584	0.00251	0.00668
11	0.00639	0.00483	0.00563	0.00606	0.00716	0.00426	0.00433	0.00759	0.01083	0.02881	0.08504	0.37109	0.40032	0.01362	0.00609	0.00183	0.00274	0.02441	0.00471	0.00426
12	0.01358	0.80474	0.02571	0.00854	0.01279	0.01937	0.00849	0.01519	0.01024	0.03386	0.00729	0.00825	0.00656	0.00432	0.00325	0.00108	0.00530	0.00273	0.00225	0.00646
13	0.00621	0.00434	0.00582	0.00692	0.00719	0.00406	0.00461	0.00692	0.00938	0.01251	0.02647	0.77875	0.03168	0.01571	0.00706	0.04732	0.00297	0.01365	0.00450	0.00395
14	0.00952	0.00897	0.01514	0.78457	0.06178	0.01110	0.01390	0.01283	0.01002	0.01286	0.00888	0.01325	0.00669	0.00496	0.00498	0.00165	0.00662	0.00443	0.00222	0.00562
15	0.00875	0.00513	0.00599	0.00618	0.00731	0.00489	0.00450	0.03137	0.01079	0.06787	0.02484	0.32079	0.11217	0.03246	0.00567	0.00171	0.00291	0.03272	0.30925	0.00469
16	0.01152	0.01238	0.02516	0.14808	0.19216	0.01220	0.49214	0.01531	0.01139	0.01552	0.00974	0.01318	0.00749	0.00438	0.00554	0.00163	0.00759	0.00534	0.00246	0.00679
17	0.01151	0.01303	0.02834	0.02037	0.02519	0.01222	0.74057	0.01556	0.01166	0.01582	0.01087	0.05019	0.00872	0.00472	0.00590	0.00170	0.00815	0.00626	0.00262	0.00660
18	0.00709	0.00497	0.00609	0.00633	0.00711	0.00470	0.00436	0.00811	0.01007	0.04034	0.12172	0.32160	0.19018	0.19011	0.03930	0.00271	0.01629	0.01048	0.00433	0.00413
19	0.01248	0.00921	0.00760	0.00698	0.00877	0.16086	0.00533	0.05116	0.03286	0.06755	0.01472	0.01630	0.01137	0.00573	0.00389	0.00124	0.00393	0.00441	0.57023	0.00538
20	0.00765	0.00616	0.00821	0.00815	0.00909	0.04250	0.00628	0.00935	0.00826	0.01154	0.01317	0.01951	0.01236	0.06069	0.74414	0.00760	0.01288	0.00530	0.00268	0.00447
21	0.00746	0.00485	0.00570	0.00578	0.00606	0.00472	0.00354	0.00755	0.00800	0.02616	0.01964	0.10840	0.08854	0.57065	0.02050	0.07889	0.00438	0.02255	0.00334	0.00329
22	0.01034	0.00886	0.01034	0.00738	0.01181	0.00664	0.00591	0.01255	0.01034	0.01624	0.00886	0.01034	0.00738	0.00369	0.00369	0.00074	0.00369	0.00295	0.00295	0.85530
23	0.00756	0.00609	0.02994	0.00667	0.00825	0.00532	0.00525	0.01038	0.06179	0.03812	0.44832	0.10171	0.20999	0.01080	0.00584	0.00166	0.00279	0.02951	0.00509	0.00491
24	0.01167	0.01410	0.07028	0.02065	0.02581	0.01255	0.73542	0.01596	0.01170	0.01596	0.01002	0.01329	0.00750	0.00423	0.00582	0.00168	0.00835	0.00577	0.00250	0.00676
25	0.00722	0.00512	0.00701	0.00701	0.00755	0.00565	0.00499	0.00821	0.00768	0.01077	0.01406	0.02421	0.01441	0.32561	0.49242	0.03551	0.00992	0.00601	0.00278	0.00385
26	0.00718	0.00575	0.03031	0.00757	0.00848	0.00516	0.00570	0.04965	0.01075	0.01427	0.04104	0.58224	0.07198	0.02466	0.00652	0.00203	0.00339	0.11430	0.00456	0.00447
27	0.01032	0.00851	0.01290	0.42659	0.09713	0.00980	0.02473	0.06214	0.03797	0.01578	0.01167	0.01591	0.00933	0.03748	0.00551	0.00166	0.00541	0.01736	0.18405	0.00575
28	0.00653	0.00530	0.00614	0.00612	0.00753	0.00504	0.00461	0.00839	0.03778	0.01349	0.07783	0.06577	0.48487	0.03617	0.20815	0.00336	0.00536	0.00902	0.00416	0.00439
29	0.06651	0.01232	0.01243	0.12472	0.08673	0.21167	0.00941	0.02653	0.07975	0.01417	0.01071	0.01390	0.00908	0.01464	0.23497	0.00339	0.05614	0.00438	0.00281	0.00574
30	0.11273	0.14425	0.13022	0.04297	0.16102	0.12666	0.04819	0.05607	0.01172	0.03795	0.01805	0.01289	0.00843	0.00623	0.03048	0.00167	0.00646	0.03460	0.00281	0.00661
31	0.02525	0.03990	0.01564	0.15019	0.18635	0.18345	0.03756	0.09520	0.03332	0.01589	0.01223	0.02623	0.06054	0.00590	0.00566	0.00152	0.06375	0.00468	0.00295	0.03380
32	0.03721	0.06348	0.04853	0.02818	0.12944	0.07071	0.00930	0.18280	0.01446	0.08056	0.07835	0.02287	0.09612	0.00742	0.00514	0.00157	0.00508	0.09610	0.00403	0.01866

[dist]
# distance from previous block
# <min> <max>
2	36

[block]
# block no. 9 follows, 50 sequences, length 46
# corresponding to MSA columns:
# 704-736,739-751
name=unknown_J
#
# <colnr> <probs for GDERKNQSTAVLIFYWHMCP>
#	G	D	E	R	K	N	Q	S	T	A	V	L	I	F	Y	W	H	M	C	P
0	0.01374	0.18109	0.13277	0.01053	0.01438	0.03185	0.04000	0.19559	0.09409	0.07386	0.03240	0.03457	0.02625	0.02762	0.02038	0.03928	0.00555	0.01552	0.00368	0.00686
1	0.01158	0.04477	0.01094	0.04258	0.08526	0.11354	0.00744	0.07691	0.01169	0.07992	0.01725	0.26829	0.01798	0.11895	0.02156	0.00219	0.00509	0.03449	0.00382	0.02576
2	0.00945	0.00795	0.01014	0.03842	0.06202	0.00720	0.00682	0.02989	0.04442	0.01538	0.01478	0.24080	0.01511	0.00854	0.02865	0.00151	0.03639	0.00656	0.00347	0.41248
3	0.01351	0.01236	0.01064	0.04149	0.03141	0.22247	0.00748	0.13469	0.10759	0.01813	0.01379	0.01552	0.02546	0.02360	0.05714	0.00187	0.00583	0.00455	0.24647	0.00600
4	0.01136	0.09030	0.17581	0.01293	0.12480	0.06770	0.03177	0.02581	0.06420	0.06686	0.02134	0.02157	0.21834	0.00719	0.00545	0.00155	0.03739	0.00582	0.00340	0.00642
5	0.01289	0.01305	0.01156	0.01032	0.01232	0.27250	0.04108	0.11288	0.04780	0.01518	0.04345	0.05307	0.01311	0.11320	0.18803	0.00336	0.00815	0.01924	0.00331	0.00549
6	0.01107	0.01157	0.01046	0.00981	0.01131	0.25623	0.00757	0.01267	0.00999	0.01198	0.01099	0.01537	0.01001	0.02422	0.47490	0.00526	0.06080	0.00452	0.00262	0.03865
7	0.01229	0.00979	0.01120	0.00854	0.01243	0.00883	0.00693	0.21730	0.01408	0.02034	0.04558	0.02698	0.01119	0.00543	0.00438	0.00110	0.00416	0.05329	0.00374	0.52242
8	0.01396	0.42288	0.20526	0.01103	0.01557	0.22842	0.01116	0.01646	0.01129	0.01281	0.00761	0.00886	0.00638	0.00461	0.00391	0.00125	0.00679	0.00305	0.00224	0.00646
9	0.00712	0.00534	0.00801	0.00801	0.00890	0.00623	0.00623	0.00890	0.00801	0.01157	0.01335	0.01958	0.01246	0.03738	0.80507	0.00801	0.01335	0.00534	0.00267	0.00445
10	0.00622	0.00530	0.00538	0.00532	0.00703	0.00459	0.00400	0.00809	0.04554	0.01403	0.07601	0.04629	0.73050	0.01228	0.00585	0.00168	0.00258	0.01025	0.00468	0.00439
11	0.01315	0.01366	0.01525	0.55326	0.02880	0.22448	0.01282	0.01541	0.01194	0.01391	0.01059	0.04270	0.00884	0.00631	0.00548	0.00182	0.00756	0.00489	0.00288	0.00626
12	0.00681	0.00472	0.00590	0.00644	0.00668	0.00466	0.00418	0.00741	0.00849	0.01135	0.02100	0.35605	0.02445	0.39447	0.06747	0.00374	0.00458	0.05423	0.00375	0.00363
13	0.00712	0.00533	0.00794	0.00794	0.00880	0.00619	0.00614	0.00885	0.00799	0.01152	0.01342	0.01995	0.01262	0.05939	0.78328	0.00792	0.01311	0.00539	0.00268	0.00441
14	0.01862	0.02376	0.01413	0.01284	0.01541	0.80482	0.00963	0.01990	0.01413	0.01220	0.00770	0.00899	0.00642	0.00514	0.00449	0.00128	0.00899	0.00321	0.00257	0.00578
15	0.01485	0.01192	0.01265	0.01064	0.01389	0.01354	0.00848	0.30695	0.50028	0.02480	0.01718	0.01612	0.01270	0.00647	0.00504	0.00162	0.00452	0.00521	0.00504	0.00811
16	0.00614	0.00469	0.00564	0.00617	0.00708	0.00419	0.00434	0.00735	0.01081	0.01396	0.13822	0.43915	0.30668	0.01382	0.00613	0.00184	0.00269	0.01217	0.00474	0.00419
17	0.00866	0.00433	0.00649	0.00649	0.00649	0.00433	0.00433	0.00649	0.00649	0.00866	0.00866	0.01515	0.00866	0.01732	0.01948	0.85498	0.00433	0.00433	0.00216	0.00216
18	0.00607	0.00434	0.00578	0.00694	0.00723	0.00405	0.00463	0.00694	0.00954	0.01272	0.02747	0.82157	0.03297	0.01562	0.00636	0.00202	0.00289	0.01417	0.00463	0.00405
19	0.00631	0.00510	0.00552	0.00557	0.00703	0.00444	0.00420	0.00770	0.01142	0.01412	0.13653	0.04627	0.58259	0.06945	0.00734	0.00194	0.00284	0.07281	0.00462	0.00422
20	0.00912	0.00541	0.00680	0.00653	0.00782	0.00491	0.00471	0.01052	0.01157	0.14012	0.25155	0.22294	0.14861	0.13589	0.00884	0.00219	0.00319	0.00957	0.00488	0.00482
21	0.01862	0.02376	0.01413	0.01284	0.01541	0.80482	0.00963	0.01990	0.01413	0.01220	0.00770	0.00899	0.00642	0.00514	0.00449	0.00128	0.00899	0.00321	0.00257	0.00578
22	0.01333	0.82783	0.02612	0.00853	0.01279	0.01972	0.00853	0.01493	0.01013	0.01173	0.00693	0.00800	0.00640	0.00426	0.00320	0.00107	0.00533	0.00267	0.00213	0.00640
23	0.00651	0.00515	0.00597	0.00601	0.00736	0.00469	0.00449	0.00837	0.03011	0.01517	0.23659	0.13216	0.42109	0.01384	0.05819	0.00212	0.00332	0.02970	0.00473	0.00443
24	0.01298	0.00962	0.01054	0.00903	0.01154	0.01025	0.00707	0.39923	0.05086	0.02289	0.02223	0.23490	0.12907	0.00956	0.00544	0.00166	0.00418	0.00802	0.03443	0.00651
25	0.00667	0.00472	0.00555	0.00591	0.00627	0.00453	0.00371	0.00718	0.00860	0.01124	0.02458	0.28076	0.13962	0.43125	0.03460	0.00355	0.00408	0.00986	0.00376	0.00355
26	0.80506	0.00992	0.00782	0.00688	0.01002	0.01146	0.00566	0.06449	0.00946	0.02296	0.00727	0.00835	0.00560	0.00472	0.00321	0.00154	0.00396	0.00282	0.00321	0.00560
27	0.00846	0.00581	0.00759	0.00755	0.00870	0.00567	0.01970	0.04027	0.02930	0.07020	0.14642	0.37484	0.10110	0.05691	0.02086	0.00213	0.02299	0.06202	0.00468	0.00482
28	0.01209	0.00923	0.00999	0.00888	0.01154	0.00996	0.00701	0.09676	0.41667	0.08451	0.02709	0.02680	0.20511	0.00841	0.00535	0.00169	0.00381	0.04317	0.00502	0.00694
29	0.00717	0.00488	0.00603	0.00627	0.00710	0.00450	0.00433	0.00838	0.01073	0.04538	0.20887	0.33594	0.15339	0.14870	0.00925	0.00230	0.00307	0.01069	0.01878	0.00424
30	0.42398	0.00910	0.00923	0.02763	0.01110	0.01031	0.00658	0.11943	0.01089	0.08523	0.01022	0.01252	0.00820	0.02985	0.16107	0.02169	0.02985	0.00388	0.00346	0.00578
31	0.13432	0.01028	0.01183	0.07584	0.03154	0.05225	0.00820	0.09856	0.08808	0.35677	0.01525	0.04351	0.01092	0.00623	0.00516	0.00159	0.03276	0.00485	0.00472	0.00733
32	0.00675	0.00510	0.00635	0.00674	0.00760	0.00501	0.00480	0.00859	0.04973	0.01350	0.09338	0.34902	0.18154	0.08901	0.13210	0.00308	0.00466	0.02445	0.00428	0.00432
33	0.00610	0.00460	0.00565	0.00639	0.00710	0.00420	0.00440	0.00709	0.00994	0.01280	0.03322	0.54297	0.25097	0.03933	0.03859	0.00225	0.00326	0.01256	0.00450	0.00408
34	0.03449	0.03821	0.04360	0.07833	0.04720	0.04865	0.05415	0.02700	0.06207	0.09151	0.03985	0.14790	0.09988	0.04317	0.04460	0.00214	0.02458	0.06311	0.00385	0.00570
35	0.01088	0.18354	0.37737	0.02885	0.06475	0.01292	0.07826	0.03164	0.02935	0.01504	0.01205	0.03194	0.05876	0.00558	0.00513	0.00152	0.03859	0.00450	0.00253	0.00679
36	0.01535	0.01773	0.01426	0.01431	0.10736	0.46280	0.01002	0.04691	0.01241	0.01327	0.00848	0.01099	0.00735	0.00910	0.08523	0.02443	0.12773	0.00382	0.00259	0.00587
37	0.04522	0.01000	0.01564	0.20102	0.10316	0.02625	0.15155	0.07768	0.01119	0.04391	0.01107	0.01608	0.00942	0.12753	0.02414	0.00221	0.06122	0.00508	0.05170	0.00591
38	0.02656	0.26346	0.15832	0.03687	0.02730	0.05736	0.02092	0.02788	0.08848	0.01424	0.01183	0.03431	0.04218	0.02202	0.02144	0.03924	0.06343	0.00434	0.01490	0.02492
39	0.01247	0.05670	0.02526	0.09959	0.08103	0.03157	0.06797	0.10600	0.08192	0.09114	0.04529	0.03037	0.01223	0.11085	0.02868	0.06686	0.00552	0.00524	0.00355	0.03776
40	0.00611	0.00490	0.00536	0.00561	0.00685	0.00426	0.00404	0.00727	0.01082	0.01337	0.07540	0.21450	0.52951	0.06677	0.00730	0.00197	0.00279	0.02449	0.00456	0.00412
41	0.02785	0.00789	0.00915	0.00769	0.01015	0.02261	0.00604	0.13703	0.01436	0.25321	0.17870	0.04866	0.12087	0.05665	0.00638	0.00173	0.00376	0.00676	0.07423	0.00629
42	0.01303	0.01300	0.08533	0.04158	0.17003	0.08988	0.05407	0.14964	0.05937	0.05278	0.04807	0.03532	0.07504	0.00714	0.02427	0.00168	0.00580	0.02194	0.00363	0.04843
43	0.01033	0.00773	0.00806	0.03651	0.00936	0.07432	0.00540	0.06217	0.04233	0.07095	0.03997	0.07986	0.05050	0.40302	0.02555	0.02012	0.00501	0.04056	0.00369	0.00455
44	0.04086	0.00532	0.00606	0.00626	0.00731	0.00501	0.00438	0.03522	0.01064	0.02837	0.08650	0.32977	0.26828	0.13243	0.00877	0.00225	0.00318	0.01067	0.00443	0.00429
45	0.01357	0.07005	0.01570	0.05549	0.04954	0.19790	0.05664	0.09708	0.06164	0.01572	0.03816	0.01412	0.00986	0.00657	0.00771	0.00163	0.20836	0.03733	0.00304	0.03988

[dist]
# distance from previous block
# <min> <max>
0	1

[block]
# block no. 10 follows, 50 sequences, length 19
# corresponding to MSA columns:
# 753-771
name=unknown_K
#
# <colnr> <probs for GDERKNQSTAVLIFYWHMCP>
#	G	D	E	R	K	N	Q	S	T	A	V	L	I	F	Y	W	H	M	C	P
0	0.01129	0.04843	0.01303	0.13909	0.09201	0.04865	0.02429	0.07172	0.20706	0.01623	0.04031	0.01914	0.04322	0.13200	0.03030	0.00227	0.04581	0.00547	0.00352	0.00616
1	0.03386	0.00665	0.00747	0.00712	0.00848	0.03130	0.00533	0.06353	0.02474	0.03285	0.24300	0.15952	0.16502	0.07232	0.05183	0.00227	0.02916	0.02323	0.02746	0.00484
2	0.00747	0.00573	0.00647	0.00676	0.00782	0.02773	0.00485	0.00936	0.05291	0.03401	0.11688	0.33482	0.22236	0.08865	0.00783	0.00211	0.00328	0.05191	0.00458	0.00447
3	0.01275	0.01514	0.11627	0.11074	0.06463	0.16362	0.10221	0.04773	0.16516	0.01601	0.01154	0.01405	0.00918	0.00593	0.00601	0.01756	0.05964	0.02538	0.00308	0.03338
4	0.03416	0.06633	0.07298	0.08046	0.15387	0.05788	0.06168	0.01392	0.05231	0.04637	0.03477	0.01709	0.01132	0.12849	0.12944	0.01814	0.00701	0.00500	0.00291	0.00588
5	0.00821	0.00528	0.00662	0.00662	0.00764	0.00524	0.00477	0.00973	0.03102	0.06867	0.04411	0.18810	0.14319	0.14999	0.19144	0.02801	0.00563	0.00825	0.08305	0.00444
6	0.00732	0.00469	0.00602	0.00671	0.00725	0.00438	0.00450	0.00819	0.00961	0.06000	0.02585	0.61104	0.05625	0.12618	0.00879	0.00234	0.00321	0.01223	0.03123	0.00420
7	0.03986	0.00699	0.00778	0.00743	0.00859	0.05173	0.00547	0.05260	0.03076	0.01369	0.06516	0.02483	0.08095	0.22349	0.33965	0.00502	0.00816	0.00621	0.01712	0.00452
8	0.03117	0.15457	0.18963	0.02990	0.08238	0.10247	0.04856	0.07992	0.07719	0.04515	0.03150	0.02665	0.00961	0.00569	0.00530	0.00151	0.05176	0.01713	0.00305	0.00685
9	0.05799	0.06461	0.11033	0.02897	0.13271	0.09456	0.07182	0.03235	0.01100	0.01497	0.03151	0.12399	0.07852	0.04255	0.03004	0.00191	0.03562	0.00618	0.02449	0.00587
10	0.00730	0.00549	0.00690	0.00688	0.00817	0.00488	0.00500	0.00875	0.01054	0.01460	0.16243	0.34950	0.06076	0.09441	0.00777	0.00201	0.00328	0.08294	0.00432	0.15407
11	0.00964	0.02793	0.03385	0.11287	0.11201	0.02976	0.08130	0.01215	0.02331	0.01410	0.05019	0.05785	0.08691	0.02550	0.06280	0.00230	0.13198	0.11681	0.00318	0.00556
12	0.01193	0.05297	0.08907	0.12791	0.15162	0.05474	0.09214	0.10160	0.06379	0.01646	0.01141	0.03398	0.00968	0.04838	0.04620	0.00207	0.04249	0.01851	0.01851	0.00653
13	0.03812	0.00595	0.00680	0.00681	0.00813	0.00588	0.00498	0.03557	0.09864	0.01622	0.19520	0.26603	0.20918	0.05650	0.00689	0.00193	0.00307	0.02455	0.00473	0.00481
14	0.01126	0.00905	0.00969	0.00870	0.01124	0.00982	0.00682	0.08966	0.42751	0.04532	0.05609	0.02776	0.22136	0.00860	0.00537	0.00168	0.00369	0.03463	0.00498	0.00675
15	0.04517	0.01067	0.07745	0.04497	0.09644	0.05287	0.03707	0.04470	0.14262	0.06040	0.06275	0.11095	0.10421	0.00907	0.02748	0.00186	0.00501	0.05610	0.00400	0.00622
16	0.01065	0.00676	0.02237	0.02421	0.00927	0.00666	0.00568	0.07633	0.07726	0.08963	0.03545	0.05698	0.06291	0.13282	0.03854	0.32593	0.00461	0.00593	0.00354	0.00446
17	0.00621	0.00450	0.00586	0.00671	0.00723	0.00416	0.00458	0.00732	0.01035	0.01385	0.14212	0.64982	0.08968	0.01460	0.00626	0.00193	0.00279	0.01314	0.00475	0.00416
18	0.10260	0.03335	0.05363	0.00992	0.01335	0.04367	0.00859	0.26559	0.03225	0.20934	0.03847	0.02041	0.01334	0.00712	0.00505	0.00163	0.00499	0.12481	0.00470	0.00719

[dist]
# distance from previous block
# <min> <max>
0	1

[block]
# block no. 11 follows, 50 sequences, length 33
# corresponding to MSA columns:
# 773-805
name=unknown_L
#
# <colnr> <probs for GDERKNQSTAVLIFYWHMCP>
#	G	D	E	R	K	N	Q	S	T	A	V	L	I	F	Y	W	H	M	C	P
0	0.01384	0.14537	0.15718	0.05430	0.09291	0.19131	0.14492	0.05474	0.01218	0.03973	0.00897	0.01089	0.00704	0.00492	0.00519	0.00146	0.04169	0.00402	0.00260	0.00672
1	0.01634	0.01835	0.01372	0.01211	0.01416	0.48545	0.00934	0.11511	0.01344	0.01431	0.00814	0.01030	0.00692	0.00704	0.00810	0.08222	0.15278	0.00369	0.00277	0.00573
2	0.01034	0.00886	0.01034	0.00738	0.01181	0.00664	0.00591	0.01255	0.01034	0.01624	0.00886	0.01034	0.00738	0.00369	0.00369	0.00074	0.00369	0.00295	0.00295	0.85530
3	0.11804	0.00657	0.00784	0.00705	0.00882	0.00634	0.00514	0.01382	0.01032	0.27160	0.03370	0.15617	0.02971	0.26541	0.03532	0.00285	0.00436	0.00713	0.00440	0.00538
4	0.86003	0.00964	0.00733	0.00655	0.00964	0.01118	0.00540	0.01465	0.00848	0.02236	0.00694	0.00810	0.00540	0.00463	0.00308	0.00154	0.00386	0.00270	0.00308	0.00540
5	0.00633	0.00489	0.00531	0.00546	0.00646	0.00438	0.00372	0.00722	0.01004	0.01250	0.06001	0.15000	0.44803	0.24030	0.01141	0.00261	0.00322	0.01006	0.00420	0.00387
6	0.01234	0.01184	0.02023	0.03059	0.79373	0.01184	0.01530	0.01530	0.01135	0.01628	0.00938	0.01234	0.00790	0.00444	0.00493	0.00148	0.00592	0.00444	0.00247	0.00790
7	0.00607	0.00434	0.00578	0.00694	0.00723	0.00405	0.00463	0.00694	0.00954	0.01272	0.02747	0.82157	0.03297	0.01562	0.00636	0.00202	0.00289	0.01417	0.00463	0.00405
8	0.01862	0.02376	0.01413	0.01284	0.01541	0.80482	0.00963	0.01990	0.01413	0.01220	0.00770	0.00899	0.00642	0.00514	0.00449	0.00128	0.00899	0.00321	0.00257	0.00578
9	0.14790	0.12950	0.11301	0.01094	0.01467	0.15903	0.05250	0.01945	0.21023	0.06408	0.01170	0.01214	0.00893	0.00538	0.00459	0.00149	0.02032	0.00402	0.00338	0.00676
10	0.01060	0.10637	0.69707	0.01359	0.02050	0.03687	0.01715	0.01583	0.01059	0.01527	0.00870	0.01022	0.00633	0.00470	0.00457	0.00152	0.00721	0.00357	0.00212	0.00722
11	0.00614	0.00439	0.00586	0.00702	0.00734	0.00411	0.00475	0.00706	0.00961	0.01280	0.02743	0.79496	0.03282	0.01555	0.00638	0.00203	0.00295	0.04012	0.00463	0.00407
12	0.32256	0.01009	0.01057	0.00858	0.01203	0.01069	0.00703	0.17731	0.06887	0.27834	0.03803	0.01349	0.01034	0.00574	0.00434	0.00154	0.00428	0.00424	0.00471	0.00721
13	0.04183	0.01122	0.01747	0.10543	0.30966	0.03221	0.12418	0.08730	0.04841	0.03823	0.03598	0.03171	0.03218	0.00577	0.00537	0.00159	0.02320	0.02477	0.01658	0.00693
