[name]
unknown

[dist]
# distance from previous block
# <min> <max>
1	135

[block]
# block no. 0 follows, 74 sequences, length 146
# corresponding to MSA columns:
# 164-309
name=unknown_A
#
# <colnr> <probs for GDERKNQSTAVLIFYWHMCP>
#	G	D	E	R	K	N	Q	S	T	A	V	L	I	F	Y	W	H	M	C	P
0	0.05390	0.02715	0.00890	0.03380	0.11006	0.02574	0.05550	0.04221	0.10280	0.07615	0.13323	0.04467	0.14114	0.03061	0.02868	0.00137	0.02710	0.00483	0.00300	0.04917
1	0.04409	0.06668	0.03393	0.09041	0.24631	0.04158	0.03631	0.02014	0.08846	0.07899	0.02756	0.02302	0.01941	0.00456	0.01700	0.00118	0.04396	0.02154	0.00240	0.09247
2	0.00786	0.01864	0.00930	0.04256	0.07171	0.01596	0.10743	0.05108	0.04166	0.07683	0.18414	0.03114	0.12890	0.01759	0.05936	0.00149	0.01560	0.02598	0.00301	0.08977
3	0.00505	0.00485	0.05194	0.00502	0.02490	0.00388	0.00389	0.00662	0.03924	0.01090	0.15332	0.10462	0.49859	0.05370	0.01570	0.00144	0.00237	0.00721	0.00333	0.00343
4	0.01051	0.62626	0.01738	0.03197	0.03510	0.14149	0.02878	0.04108	0.00838	0.00952	0.00553	0.00652	0.00488	0.00339	0.00284	0.00088	0.01676	0.00225	0.00173	0.00476
5	0.00906	0.00866	0.01464	0.07179	0.77418	0.00880	0.01117	0.01152	0.03201	0.01207	0.00719	0.00936	0.00598	0.00338	0.00368	0.00111	0.00440	0.00333	0.00188	0.00578
6	0.03518	0.02326	0.01501	0.13024	0.02498	0.14499	0.33107	0.08046	0.02212	0.01176	0.00714	0.01769	0.00571	0.00473	0.03234	0.00138	0.10161	0.00363	0.00203	0.00469
7	0.01355	0.01039	0.01081	0.00847	0.01130	0.04251	0.00693	0.71135	0.11040	0.02197	0.00950	0.00939	0.00682	0.00450	0.00371	0.00112	0.00405	0.00340	0.00365	0.00619
8	0.00679	0.00414	0.00533	0.00535	0.00622	0.00391	0.00391	0.03115	0.01967	0.12298	0.14981	0.38734	0.07028	0.07896	0.01846	0.01393	0.00261	0.06197	0.00357	0.00362
9	0.00951	0.24597	0.41951	0.02261	0.01417	0.03303	0.06233	0.01208	0.00836	0.03461	0.00742	0.00909	0.00595	0.00499	0.03119	0.00141	0.05631	0.00304	0.00203	0.01640
10	0.00530	0.00398	0.00597	0.00597	0.00663	0.00464	0.00464	0.00663	0.00597	0.00862	0.00994	0.01458	0.00928	0.02784	0.85484	0.00597	0.00994	0.00398	0.00199	0.00331
11	0.00484	0.00378	0.00438	0.00423	0.00529	0.00332	0.00317	0.00619	0.00952	0.01254	0.45483	0.03159	0.42609	0.00846	0.00438	0.00121	0.00181	0.00725	0.00378	0.00332
12	0.00516	0.00370	0.00460	0.00475	0.00552	0.00342	0.00347	0.00639	0.01874	0.02306	0.30289	0.27323	0.21189	0.00973	0.02398	0.02967	0.00222	0.03618	0.02812	0.00328
13	0.00752	0.00706	0.01186	0.51273	0.29215	0.00802	0.01009	0.00977	0.00773	0.01034	0.00795	0.05096	0.01945	0.00461	0.02359	0.00132	0.00471	0.00373	0.00183	0.00461
14	0.01365	0.01014	0.01086	0.00843	0.01130	0.01124	0.00693	0.76738	0.07373	0.02267	0.00949	0.02041	0.00689	0.00459	0.00373	0.00113	0.00398	0.00349	0.00371	0.00624
15	0.84488	0.00713	0.00564	0.00498	0.00731	0.00816	0.00410	0.01133	0.00657	0.06484	0.00572	0.00641	0.00432	0.00351	0.00238	0.00115	0.00289	0.00211	0.00243	0.00415
16	0.00459	0.00349	0.00416	0.00456	0.00519	0.00313	0.00316	0.00540	0.00779	0.01003	0.09968	0.45017	0.31551	0.05870	0.00538	0.00150	0.00210	0.00896	0.00344	0.00306
17	0.01650	0.00657	0.00877	0.00672	0.00960	0.00583	0.00555	0.06859	0.01105	0.79787	0.01429	0.01240	0.00901	0.00459	0.00373	0.00115	0.00322	0.00371	0.00454	0.00632
18	0.89577	0.00718	0.00546	0.00488	0.00718	0.00833	0.00402	0.01091	0.00632	0.01665	0.00517	0.00603	0.00402	0.00345	0.00230	0.00115	0.00287	0.00201	0.00230	0.00402
19	0.89577	0.00718	0.00546	0.00488	0.00718	0.00833	0.00402	0.01091	0.00632	0.01665	0.00517	0.00603	0.00402	0.00345	0.00230	0.00115	0.00287	0.00201	0.00230	0.00402
20	0.00501	0.00373	0.00451	0.00461	0.00551	0.00334	0.00342	0.00623	0.00895	0.02487	0.32413	0.20895	0.31847	0.00919	0.00449	0.00130	0.00200	0.05428	0.00369	0.00331
21	0.01600	0.00736	0.00926	0.00710	0.00999	0.00700	0.00586	0.22634	0.01237	0.63825	0.01318	0.01168	0.00845	0.00456	0.00373	0.00114	0.00339	0.00363	0.00437	0.00632
22	0.89577	0.00718	0.00546	0.00488	0.00718	0.00833	0.00402	0.01091	0.00632	0.01665	0.00517	0.00603	0.00402	0.00345	0.00230	0.00115	0.00287	0.00201	0.00230	0.00402
23	0.01163	0.00830	0.00888	0.00706	0.00941	0.00901	0.00575	0.57926	0.01467	0.02026	0.05941	0.01266	0.06347	0.00494	0.00359	0.00108	0.00337	0.00385	0.16799	0.00541
24	0.01106	0.00524	0.00620	0.00521	0.00700	0.00505	0.00414	0.09169	0.02235	0.31551	0.04827	0.01369	0.01027	0.01887	0.00348	0.00106	0.00252	0.00373	0.41989	0.00478
25	0.04327	0.00634	0.00852	0.00655	0.00941	0.00554	0.00541	0.01787	0.01049	0.82377	0.01436	0.01243	0.00903	0.00456	0.00369	0.00115	0.00315	0.00368	0.00452	0.00625
26	0.00919	0.00882	0.01507	0.02278	0.84640	0.00882	0.01139	0.01139	0.00845	0.01213	0.00698	0.00919	0.00588	0.00331	0.00367	0.00110	0.00441	0.00331	0.00184	0.00588
27	0.00978	0.00825	0.00870	0.00767	0.00986	0.00949	0.00601	0.11177	0.74675	0.01642	0.01441	0.01329	0.01076	0.00497	0.00377	0.00124	0.00307	0.00410	0.00377	0.00592
28	0.00454	0.00327	0.00430	0.00508	0.00537	0.00303	0.00342	0.00523	0.00727	0.00965	0.04413	0.80150	0.06669	0.01140	0.00471	0.00149	0.00213	0.01031	0.00346	0.00303
29	0.00450	0.00376	0.00392	0.00388	0.00508	0.00318	0.00291	0.00555	0.00873	0.01067	0.14497	0.03466	0.73712	0.00916	0.00439	0.00124	0.00186	0.00768	0.00353	0.00318
30	0.01665	0.00632	0.00861	0.00660	0.00948	0.00546	0.00546	0.01809	0.01062	0.84897	0.01464	0.01263	0.00919	0.00459	0.00373	0.00115	0.00316	0.00373	0.00459	0.00632
31	0.00770	0.00660	0.00770	0.00550	0.00880	0.00495	0.00440	0.00935	0.00770	0.01210	0.00660	0.00770	0.00550	0.00275	0.00275	0.00055	0.00275	0.00220	0.00220	0.89224
32	0.00454	0.00324	0.00433	0.00519	0.00541	0.00303	0.00348	0.00520	0.00713	0.00950	0.02045	0.85596	0.02451	0.01161	0.00474	0.00151	0.00217	0.02153	0.00345	0.00302
33	0.00992	0.87178	0.01945	0.00635	0.00953	0.01469	0.00635	0.01111	0.00754	0.00873	0.00516	0.00595	0.00476	0.00318	0.00238	0.00079	0.00397	0.00198	0.00159	0.00476
34	0.00701	0.00660	0.01113	0.86063	0.02556	0.00825	0.01031	0.00948	0.00742	0.00948	0.00660	0.00990	0.00495	0.00371	0.00371	0.00124	0.00495	0.00330	0.00165	0.00412
35	0.00467	0.00377	0.00415	0.00405	0.00519	0.00325	0.00304	0.00587	0.00912	0.01160	0.29854	0.03314	0.58297	0.00881	0.00438	0.00123	0.00184	0.00747	0.00365	0.00325
36	0.00919	0.00882	0.01507	0.02278	0.84640	0.00882	0.01139	0.01139	0.00845	0.01213	0.00698	0.00919	0.00588	0.00331	0.00367	0.00110	0.00441	0.00331	0.00184	0.00588
37	0.00439	0.00375	0.00377	0.00378	0.00502	0.00313	0.00283	0.00532	0.00844	0.01002	0.03734	0.04848	0.83230	0.00943	0.00439	0.00126	0.00188	0.00788	0.00345	0.00313
38	0.00452	0.00323	0.00431	0.00517	0.00538	0.00301	0.00345	0.00517	0.00711	0.00948	0.02046	0.86713	0.02455	0.01163	0.00474	0.00151	0.00215	0.01055	0.00345	0.00301
39	0.00540	0.00360	0.00405	0.00405	0.00405	0.00360	0.00225	0.00540	0.00540	0.00720	0.01170	0.02429	0.01349	0.86955	0.01889	0.00360	0.00360	0.00540	0.00225	0.00225
40	0.00876	0.01001	0.02190	0.01564	0.01940	0.00939	0.83292	0.01189	0.00876	0.01189	0.00751	0.01001	0.00563	0.00313	0.00438	0.00125	0.00626	0.00438	0.00188	0.00501
41	0.00923	0.00797	0.00839	0.00755	0.00965	0.00923	0.00588	0.01972	0.83969	0.01553	0.01511	0.01385	0.01133	0.00504	0.00378	0.00126	0.00294	0.00420	0.00378	0.00588
42	0.09081	0.01037	0.01059	0.00858	0.03325	0.06610	0.00684	0.64941	0.01548	0.05945	0.00859	0.00869	0.00613	0.00430	0.00357	0.00111	0.00412	0.00318	0.00346	0.00597
43	0.01388	0.01727	0.01055	0.00950	0.01148	0.80558	0.00717	0.06250	0.01092	0.00992	0.00592	0.00682	0.00487	0.00386	0.00337	0.00097	0.00654	0.00245	0.00202	0.00442
44	0.00770	0.00660	0.00770	0.00550	0.00880	0.00495	0.00440	0.00935	0.00770	0.01210	0.00660	0.00770	0.00550	0.00275	0.00275	0.00055	0.00275	0.00220	0.00220	0.89224
45	0.00786	0.05051	0.33756	0.01000	0.01243	0.01012	0.04239	0.01015	0.00682	0.01024	0.01913	0.02137	0.00561	0.00516	0.00785	0.00139	0.43188	0.00321	0.00168	0.00466
46	0.00535	0.00379	0.00500	0.00500	0.00533	0.00412	0.00344	0.00601	0.00568	0.00790	0.01083	0.01947	0.01140	0.45169	0.43389	0.00477	0.00675	0.00469	0.00212	0.00278
47	0.00784	0.00577	0.00781	0.06734	0.13351	0.00591	0.00584	0.05783	0.12554	0.09239	0.09371	0.28247	0.07435	0.00728	0.00416	0.00129	0.00296	0.01620	0.00331	0.00449
48	0.00889	0.00913	0.03651	0.06172	0.58696	0.00905	0.15631	0.01124	0.00827	0.01175	0.00692	0.00927	0.00570	0.00350	0.00433	0.00117	0.05849	0.00348	0.00182	0.00552
49	0.00527	0.00387	0.00555	0.00561	0.00614	0.00437	0.00418	0.00634	0.00595	0.00844	0.01088	0.06948	0.01091	0.16206	0.66735	0.00531	0.00844	0.00462	0.00212	0.00312
50	0.01177	0.00766	0.01016	0.31082	0.01569	0.00840	0.00762	0.27421	0.03345	0.23311	0.04263	0.01110	0.00784	0.00437	0.00375	0.00117	0.00403	0.00358	0.00323	0.00541
51	0.89577	0.00718	0.00546	0.00488	0.00718	0.00833	0.00402	0.01091	0.00632	0.01665	0.00517	0.00603	0.00402	0.00345	0.00230	0.00115	0.00287	0.00201	0.00230	0.00402
52	0.01288	0.00976	0.01081	0.00918	0.06202	0.01079	0.00706	0.65083	0.12597	0.02124	0.00996	0.03514	0.00750	0.00468	0.00375	0.00114	0.00389	0.00367	0.00360	0.00613
53	0.00559	0.00394	0.00497	0.02946	0.00610	0.00396	0.00384	0.01922	0.01831	0.00917	0.01609	0.20327	0.04246	0.38045	0.01104	0.01856	0.00323	0.21459	0.00285	0.00289
54	0.08823	0.00716	0.00855	0.05286	0.09050	0.06601	0.03651	0.11218	0.03080	0.02420	0.09974	0.10701	0.03843	0.10749	0.00627	0.00153	0.06714	0.04840	0.00278	0.00420
55	0.89577	0.00718	0.00546	0.00488	0.00718	0.00833	0.00402	0.01091	0.00632	0.01665	0.00517	0.00603	0.00402	0.00345	0.00230	0.00115	0.00287	0.00201	0.00230	0.00402
56	0.00488	0.00345	0.00453	0.00524	0.00554	0.00329	0.00365	0.00562	0.00717	0.00955	0.04254	0.60569	0.02284	0.13086	0.00676	0.00182	0.00253	0.12777	0.00329	0.00298
57	0.01698	0.00487	0.00569	0.00590	0.02686	0.02691	0.00397	0.00712	0.01658	0.01114	0.21639	0.17853	0.11201	0.20225	0.07440	0.06447	0.00356	0.01556	0.00329	0.00353
58	0.00808	0.05867	0.13035	0.25151	0.18653	0.05137	0.09734	0.03022	0.00823	0.01091	0.00858	0.10804	0.00779	0.00458	0.00380	0.00120	0.00471	0.02138	0.00200	0.00472
59	0.01647	0.00636	0.00861	0.00663	0.00948	0.00555	0.00547	0.01813	0.03086	0.82863	0.01466	0.01266	0.00924	0.00460	0.00373	0.00115	0.00315	0.00374	0.00457	0.00631
60	0.37235	0.00637	0.00639	0.00552	0.00759	0.00668	0.00444	0.09454	0.00882	0.19009	0.04158	0.03753	0.11137	0.05147	0.00414	0.00132	0.00294	0.03921	0.00320	0.00446
61	0.02323	0.00923	0.01229	0.13976	0.37584	0.12726	0.03123	0.05689	0.00895	0.01185	0.06287	0.02790	0.00808	0.01298	0.00448	0.00119	0.06577	0.01311	0.00212	0.00496
62	0.00802	0.00786	0.03898	0.13950	0.11717	0.00912	0.06112	0.03869	0.01791	0.02355	0.01894	0.06366	0.00737	0.04284	0.02855	0.00161	0.36480	0.00396	0.00200	0.00438
63	0.00439	0.00376	0.00376	0.00376	0.00501	0.00313	0.00282	0.00533	0.00846	0.01003	0.03760	0.03572	0.84489	0.00940	0.00439	0.00125	0.00188	0.00783	0.00345	0.00313
64	0.02902	0.00490	0.00659	0.03770	0.06514	0.02211	0.00482	0.06568	0.00695	0.00974	0.02822	0.05575	0.00919	0.05037	0.25128	0.30167	0.00530	0.01386	0.02857	0.00315
65	0.02992	0.00752	0.01922	0.07610	0.14739	0.05022	0.01788	0.14226	0.07632	0.08876	0.05250	0.08331	0.13048	0.03583	0.00454	0.00129	0.01558	0.01306	0.00303	0.00480
66	0.01098	0.03246	0.01074	0.07897	0.01206	0.33279	0.06567	0.11696	0.07151	0.03694	0.05633	0.01081	0.01952	0.00608	0.06140	0.00145	0.05497	0.01327	0.00248	0.00463
67	0.00987	0.72086	0.08717	0.00725	0.01061	0.03418	0.04483	0.03137	0.00794	0.00949	0.00550	0.00638	0.00484	0.00325	0.00262	0.00086	0.00427	0.00220	0.00166	0.00486
68	0.85906	0.00719	0.00575	0.02714	0.02080	0.00833	0.00430	0.01088	0.00638	0.01640	0.00523	0.00618	0.00407	0.00345	0.00235	0.00115	0.00295	0.00206	0.00227	0.00405
69	0.00580	0.00413	0.00484	0.00462	0.00572	0.00367	0.00335	0.01849	0.00830	0.05471	0.16692	0.16615	0.29784	0.14066	0.00651	0.00158	0.00237	0.02438	0.00333	0.07662
70	0.00707	0.00533	0.00829	0.37496	0.05536	0.00593	0.00708	0.00855	0.00750	0.07348	0.02165	0.15518	0.05357	0.03071	0.03478	0.07814	0.00401	0.06217	0.00245	0.00379
71	0.89577	0.00718	0.00546	0.00488	0.00718	0.00833	0.00402	0.01091	0.00632	0.01665	0.00517	0.00603	0.00402	0.00345	0.00230	0.00115	0.00287	0.00201	0.00230	0.00402
72	0.00492	0.00341	0.00422	0.00469	0.00482	0.00330	0.00294	0.00531	0.00640	0.00855	0.02785	0.47895	0.01970	0.38432	0.02149	0.00247	0.00287	0.00818	0.00292	0.00269
73	0.00535	0.00378	0.00496	0.00496	0.00527	0.00409	0.00338	0.00598	0.00567	0.00787	0.01086	0.01968	0.01149	0.47016	0.41555	0.00472	0.00661	0.00472	0.00213	0.00275
74	0.00870	0.00987	0.02130	0.03795	0.01928	0.00942	0.78647	0.01174	0.00863	0.01174	0.00741	0.00995	0.00559	0.00324	0.00459	0.00126	0.03173	0.00432	0.00186	0.00495
75	0.89577	0.00718	0.00546	0.00488	0.00718	0.00833	0.00402	0.01091	0.00632	0.01665	0.00517	0.00603	0.00402	0.00345	0.00230	0.00115	0.00287	0.00201	0.00230	0.00402
76	0.00837	0.00854	0.01133	0.00974	0.00982	0.04842	0.00808	0.00919	0.00590	0.00894	0.00491	0.00806	0.00487	0.00638	0.01179	0.00159	0.82515	0.00321	0.00164	0.00407
77	0.01382	0.01018	0.01094	0.00844	0.01133	0.01126	0.00695	0.80934	0.01714	0.02298	0.00926	0.03447	0.00686	0.00467	0.00374	0.00113	0.00403	0.00356	0.00371	0.00621
78	0.01165	0.00522	0.00696	0.00573	0.00776	0.00459	0.00459	0.01316	0.01040	0.48604	0.30617	0.01996	0.07795	0.00606	0.00402	0.00117	0.00258	0.01659	0.00432	0.00507
79	0.00923	0.00797	0.00839	0.00755	0.00965	0.00923	0.00588	0.01972	0.83969	0.01553	0.01511	0.01385	0.01133	0.00504	0.00378	0.00126	0.00294	0.00420	0.00378	0.00588
80	0.00452	0.00325	0.00428	0.00510	0.00537	0.00302	0.00342	0.00518	0.00717	0.00950	0.02123	0.82949	0.06169	0.01153	0.00472	0.00150	0.00214	0.01043	0.00345	0.00302
81	0.00474	0.00342	0.00432	0.00491	0.00541	0.00312	0.00339	0.00553	0.00762	0.02262	0.06910	0.63827	0.18229	0.01086	0.00464	0.00144	0.00211	0.01960	0.00350	0.00312
82	0.00701	0.00660	0.01113	0.86063	0.02556	0.00825	0.01031	0.00948	0.00742	0.00948	0.00660	0.00990	0.00495	0.00371	0.00371	0.00124	0.00495	0.00330	0.00165	0.00412
83	0.00450	0.00377	0.00391	0.00391	0.00512	0.00319	0.00295	0.00553	0.00864	0.01048	0.10873	0.03514	0.75567	0.00926	0.00440	0.00126	0.00190	0.02497	0.00350	0.00317
84	0.00540	0.00360	0.00405	0.00405	0.00405	0.00360	0.00225	0.00540	0.00540	0.00720	0.01170	0.02429	0.01349	0.86955	0.01889	0.00360	0.00360	0.00540	0.00225	0.00225
85	0.00770	0.00660	0.00770	0.00550	0.00880	0.00495	0.00440	0.00935	0.00770	0.01210	0.00660	0.00770	0.00550	0.00275	0.00275	0.00055	0.00275	0.00220	0.00220	0.89224
86	0.00530	0.00398	0.00597	0.00597	0.00663	0.00464	0.00464	0.00663	0.00597	0.00862	0.00994	0.01458	0.00928	0.02784	0.85484	0.00597	0.00994	0.00398	0.00199	0.00331
87	0.01665	0.00632	0.00861	0.00660	0.00948	0.00546	0.00546	0.01809	0.01062	0.84897	0.01464	0.01263	0.00919	0.00459	0.00373	0.00115	0.00316	0.00373	0.00459	0.00632
88	0.06709	0.00651	0.00852	0.00657	0.00942	0.00584	0.00543	0.04684	0.01062	0.77163	0.01389	0.01212	0.00879	0.00452	0.00365	0.00115	0.00318	0.00362	0.00443	0.00618
89	0.00455	0.00377	0.00399	0.00396	0.00514	0.00321	0.00298	0.00564	0.00880	0.01085	0.17102	0.03449	0.69822	0.00911	0.00440	0.00125	0.00188	0.01998	0.00355	0.00320
90	0.00919	0.00882	0.01507	0.02278	0.84640	0.00882	0.01139	0.01139	0.00845	0.01213	0.00698	0.00919	0.00588	0.00331	0.00367	0.00110	0.00441	0.00331	0.00184	0.00588
91	0.00542	0.00359	0.00407	0.00407	0.00407	0.00359	0.00227	0.00539	0.00539	0.00718	0.01158	0.02400	0.01334	0.85020	0.01879	0.02367	0.00359	0.00535	0.00223	0.00223
92	0.00501	0.00378	0.00463	0.00442	0.00540	0.00340	0.00331	0.00654	0.00994	0.01354	0.62055	0.02995	0.25975	0.00809	0.00438	0.00119	0.00179	0.00702	0.00391	0.00340
93	0.01408	0.00607	0.00783	0.00626	0.00868	0.00558	0.00508	0.04521	0.06951	0.60253	0.04850	0.01405	0.01062	0.02434	0.00400	0.00119	0.00297	0.01632	0.10144	0.00572
94	0.00530	0.00398	0.00597	0.00597	0.00663	0.00464	0.00464	0.00663	0.00597	0.00862	0.00994	0.01458	0.00928	0.02784	0.85484	0.00597	0.00994	0.00398	0.00199	0.00331
95	0.00744	0.01920	0.85032	0.01058	0.01607	0.00862	0.01371	0.01176	0.00784	0.01176	0.00666	0.00784	0.00470	0.00353	0.00353	0.00118	0.00549	0.00274	0.00157	0.00549
96	0.00874	0.01018	0.03691	0.01555	0.01934	0.00937	0.81808	0.01189	0.00874	0.01189	0.00749	0.00997	0.00562	0.00314	0.00437	0.00125	0.00624	0.00435	0.00187	0.00501
97	0.00455	0.00373	0.00394	0.00396	0.00504	0.00320	0.00290	0.00552	0.00845	0.01039	0.12810	0.07853	0.65962	0.05919	0.00525	0.00139	0.00198	0.00771	0.00345	0.00312
98	0.00701	0.00660	0.01113	0.86063	0.02556	0.00825	0.01031	0.00948	0.00742	0.00948	0.00660	0.00990	0.00495	0.00371	0.00371	0.00124	0.00495	0.00330	0.00165	0.00412
99	0.01211	0.01101	0.01000	0.04768	0.01135	0.25523	0.01750	0.17412	0.24682	0.10414	0.01004	0.01015	0.00749	0.00478	0.01401	0.00120	0.05061	0.00336	0.00305	0.00533
100	0.00512	0.00391	0.00453	0.00454	0.00540	0.00363	0.00327	0.01798	0.03500	0.01128	0.24968	0.15545	0.32546	0.12616	0.00640	0.00160	0.00223	0.03165	0.00347	0.00324
101	0.00479	0.00340	0.00439	0.00505	0.00541	0.00319	0.00349	0.00558	0.00739	0.00990	0.06963	0.62722	0.07134	0.07213	0.00568	0.00162	0.00230	0.06748	0.02699	0.00304
102	0.00439	0.00376	0.00376	0.00376	0.00501	0.00313	0.00282	0.00533	0.00846	0.01003	0.03760	0.03572	0.84489	0.00940	0.00439	0.00125	0.00188	0.00783	0.00345	0.00313
103	0.00813	0.00669	0.00782	0.00561	0.00889	0.00514	0.00450	0.03241	0.00805	0.03619	0.00689	0.00787	0.00563	0.00285	0.00280	0.00058	0.00280	0.00227	0.00231	0.84256
104	0.03710	0.02113	0.01068	0.06569	0.03242	0.25022	0.00721	0.38381	0.10837	0.01658	0.00829	0.00879	0.00624	0.00427	0.00374	0.00110	0.02291	0.00311	0.00292	0.00541
105	0.00980	0.38570	0.01527	0.03737	0.18293	0.07742	0.04113	0.03015	0.00825	0.03576	0.00645	0.00782	0.00548	0.00438	0.03635	0.01189	0.00448	0.00263	0.00190	0.09485
106	0.00951	0.14901	0.30705	0.05550	0.02654	0.11035	0.07865	0.10756	0.00936	0.02987	0.02412	0.03925	0.01636	0.00409	0.00363	0.00111	0.01761	0.00327	0.00210	0.00506
107	0.00595	0.00490	0.00752	0.00711	0.02271	0.00574	0.05144	0.00719	0.00611	0.00879	0.00941	0.01476	0.00904	0.10928	0.58594	0.00475	0.11868	0.01523	0.00198	0.00344
108	0.00744	0.01920	0.85032	0.01058	0.01607	0.00862	0.01371	0.01176	0.00784	0.01176	0.00666	0.00784	0.00470	0.00353	0.00353	0.00118	0.00549	0.00274	0.00157	0.00549
109	0.00939	0.00794	0.00862	0.00757	0.00969	0.00904	0.01946	0.09451	0.69193	0.01609	0.06050	0.01440	0.02383	0.00515	0.00382	0.00124	0.00302	0.00431	0.00375	0.00573
110	0.05539	0.00790	0.00964	0.00790	0.00961	0.05155	0.00649	0.06526	0.02905	0.31913	0.01941	0.01001	0.00707	0.00514	0.00675	0.00128	0.32436	0.00333	0.00301	0.05771
111	0.09558	0.00478	0.00572	0.00516	0.00640	0.00466	0.00381	0.01682	0.05008	0.14135	0.10666	0.05374	0.08541	0.11708	0.02888	0.20764	0.00303	0.00458	0.00292	0.05570
112	0.00701	0.00660	0.01113	0.86063	0.02556	0.00825	0.01031	0.00948	0.00742	0.00948	0.00660	0.00990	0.00495	0.00371	0.00371	0.00124	0.00495	0.00330	0.00165	0.00412
113	0.00701	0.00660	0.01113	0.86063	0.02556	0.00825	0.01031	0.00948	0.00742	0.00948	0.00660	0.00990	0.00495	0.00371	0.00371	0.00124	0.00495	0.00330	0.00165	0.00412
114	0.00486	0.00341	0.00434	0.00493	0.00515	0.00326	0.00326	0.00543	0.00684	0.00911	0.04165	0.55665	0.03165	0.24504	0.00860	0.00208	0.00260	0.05516	0.00314	0.00284
115	0.00622	0.00388	0.00519	0.00560	0.00635	0.00365	0.00427	0.00739	0.00826	0.08953	0.11673	0.42982	0.03219	0.00983	0.00462	0.00146	0.00251	0.22249	0.03649	0.00351
116	0.01508	0.00863	0.01002	0.00770	0.01061	0.00891	0.00636	0.47322	0.03199	0.37084	0.01146	0.01058	0.00763	0.00453	0.00372	0.00113	0.00367	0.00352	0.00409	0.00631
117	0.89577	0.00718	0.00546	0.00488	0.00718	0.00833	0.00402	0.01091	0.00632	0.01665	0.00517	0.00603	0.00402	0.00345	0.00230	0.00115	0.00287	0.00201	0.00230	0.00402
118	0.01382	0.01018	0.01094	0.00844	0.01133	0.01126	0.00695	0.80934	0.01714	0.02298	0.00926	0.03447	0.00686	0.00467	0.00374	0.00113	0.00403	0.00356	0.00371	0.00621
119	0.00461	0.00329	0.00423	0.00496	0.00528	0.00305	0.00333	0.00529	0.00720	0.00960	0.02148	0.74631	0.09569	0.03370	0.00501	0.00152	0.00215	0.00996	0.03030	0.00302
120	0.01532	0.00778	0.00945	0.00730	0.01013	0.00770	0.00601	0.32932	0.01313	0.50867	0.01263	0.03666	0.00855	0.00475	0.00376	0.00115	0.00348	0.00379	0.00422	0.00622
121	0.89577	0.00718	0.00546	0.00488	0.00718	0.00833	0.00402	0.01091	0.00632	0.01665	0.00517	0.00603	0.00402	0.00345	0.00230	0.00115	0.00287	0.00201	0.00230	0.00402
122	0.00468	0.00339	0.00443	0.00502	0.00544	0.00314	0.00347	0.00558	0.00786	0.01056	0.17605	0.63708	0.07974	0.01070	0.00466	0.00143	0.00209	0.02798	0.00357	0.00312
123	0.02858	0.00526	0.00600	0.00527	0.00693	0.00525	0.00416	0.07825	0.09189	0.21274	0.03738	0.04784	0.05015	0.00524	0.00336	0.00108	0.00248	0.02981	0.37372	0.00459
124	0.01411	0.01040	0.01114	0.00854	0.01151	0.01151	0.00706	0.83402	0.01745	0.02339	0.00891	0.00891	0.00631	0.00446	0.00371	0.00111	0.00408	0.00334	0.00371	0.00631
125	0.00523	0.00379	0.00493	0.00464	0.00553	0.00349	0.00348	0.00696	0.01045	0.01474	0.82116	0.02796	0.05838	0.00764	0.00438	0.00117	0.00175	0.00675	0.00407	0.00349
126	0.00590	0.00385	0.00442	0.00430	0.00448	0.00388	0.00255	0.02600	0.00585	0.02958	0.01163	0.02322	0.01304	0.79182	0.05198	0.00357	0.00386	0.00525	0.00234	0.00250
127	0.00574	0.00377	0.00445	0.00451	0.00512	0.00362	0.00316	0.00678	0.01776	0.02956	0.16797	0.11182	0.11243	0.29901	0.00911	0.00204	0.00262	0.07882	0.12865	0.00307
128	0.00934	0.00795	0.00840	0.00754	0.00965	0.00918	0.00587	0.01970	0.82725	0.02804	0.01510	0.01383	0.01130	0.00503	0.00378	0.00126	0.00294	0.00419	0.00379	0.00588
129	0.00530	0.00398	0.00597	0.00597	0.00663	0.00464	0.00464	0.00663	0.00597	0.00862	0.00994	0.01458	0.00928	0.02784	0.85484	0.00597	0.00994	0.00398	0.00199	0.00331
130	0.00770	0.00660	0.00770	0.00550	0.00880	0.00495	0.00440	0.00935	0.00770	0.01210	0.00660	0.00770	0.00550	0.00275	0.00275	0.00055	0.00275	0.00220	0.00220	0.89224
131	0.00452	0.00323	0.00431	0.00517	0.00538	0.00301	0.00345	0.00517	0.00711	0.00948	0.02046	0.86713	0.02455	0.01163	0.00474	0.00151	0.00215	0.01055	0.00345	0.00301
132	0.00978	0.82397	0.06605	0.00659	0.00989	0.01435	0.00676	0.01115	0.00756	0.00890	0.00524	0.00606	0.00476	0.00320	0.00245	0.00082	0.00405	0.00203	0.00159	0.00480
133	0.00455	0.00325	0.00433	0.00515	0.00539	0.00304	0.00345	0.00524	0.00725	0.00970	0.05453	0.83242	0.02498	0.01146	0.00472	0.00149	0.00214	0.01039	0.00347	0.00304
134	0.00475	0.00383	0.00425	0.00421	0.00530	0.00337	0.00313	0.00612	0.02777	0.01150	0.26677	0.09338	0.53459	0.00895	0.00440	0.00125	0.00189	0.00763	0.00364	0.00329
135	0.00701	0.00660	0.01113	0.86063	0.02556	0.00825	0.01031	0.00948	0.00742	0.00948	0.00660	0.00990	0.00495	0.00371	0.00371	0.00124	0.00495	0.00330	0.00165	0.00412
136	0.00524	0.00379	0.00494	0.00465	0.00553	0.00349	0.00349	0.00697	0.01046	0.01478	0.82735	0.02790	0.05218	0.00763	0.00438	0.00117	0.00175	0.00674	0.00407	0.00349
137	0.00718	0.00682	0.01165	0.78999	0.07258	0.00831	0.03226	0.00966	0.00752	0.00970	0.00664	0.00986	0.00502	0.00367	0.00373	0.00123	0.00495	0.00333	0.00167	0.00425
138	0.00484	0.00346	0.00467	0.00553	0.00589	0.00329	0.00400	0.00572	0.00742	0.00983	0.02028	0.68603	0.02385	0.01133	0.00482	0.00155	0.00243	0.18849	0.00344	0.00310
139	0.01665	0.00632	0.00861	0.00660	0.00948	0.00546	0.00546	0.01809	0.01062	0.84897	0.01464	0.01263	0.00919	0.00459	0.00373	0.00115	0.00316	0.00373	0.00459	0.00632
140	0.00535	0.00380	0.00506	0.00506	0.00541	0.00415	0.00351	0.00605	0.00570	0.00795	0.01077	0.01918	0.01127	0.42611	0.45930	0.00485	0.00694	0.00465	0.00211	0.00281
141	0.00698	0.05915	0.40204	0.03061	0.01168	0.00687	0.02839	0.01970	0.00871	0.03535	0.21974	0.05935	0.08522	0.00548	0.00385	0.00118	0.00391	0.00462	0.00257	0.00461
142	0.00924	0.00794	0.00835	0.00749	0.00959	0.00914	0.00583	0.04104	0.79753	0.01560	0.01549	0.01425	0.03154	0.00513	0.00379	0.00125	0.00294	0.00426	0.00377	0.00582
143	0.00889	0.13534	0.18405	0.14445	0.19541	0.03352	0.00989	0.06478	0.03300	0.01140	0.00660	0.00844	0.00534	0.00404	0.00479	0.00118	0.13895	0.00299	0.00187	0.00506
144	0.00932	0.03311	0.04613	0.13390	0.09261	0.16441	0.00858	0.02305	0.01692	0.01978	0.00591	0.00827	0.00512	0.00491	0.00731	0.00131	0.38365	0.00304	0.00181	0.03089
145	0.00826	0.03251	0.03033	0.05758	0.23479	0.06489	0.03928	0.07044	0.02118	0.01170	0.05135	0.16985	0.03001	0.00624	0.01590	0.00132	0.10415	0.02920	0.00246	0.01856

[dist]
# distance from previous block
# <min> <max>
0	22

[block]
# block no. 1 follows, 74 sequences, length 15
# corresponding to MSA columns:
# 332-346
name=unknown_B
#
# <colnr> <probs for GDERKNQSTAVLIFYWHMCP>
#	G	D	E	R	K	N	Q	S	T	A	V	L	I	F	Y	W	H	M	C	P
0	0.09733	0.13353	0.02697	0.37565	0.12269	0.07683	0.03444	0.02988	0.00793	0.01085	0.00625	0.00845	0.00499	0.00364	0.00363	0.00112	0.03354	0.00292	0.00181	0.01754
1	0.36617	0.00636	0.00653	0.03573	0.00806	0.02634	0.00465	0.01108	0.00822	0.18699	0.14788	0.01440	0.10026	0.00520	0.00384	0.00119	0.05576	0.00389	0.00311	0.00433
2	0.00839	0.00783	0.01279	0.34766	0.32794	0.00879	0.04486	0.06201	0.02620	0.01151	0.00728	0.02325	0.00595	0.00449	0.02387	0.00132	0.06549	0.00350	0.00194	0.00495
3	0.00476	0.00348	0.00437	0.00487	0.00535	0.00323	0.00339	0.00559	0.00765	0.01007	0.11877	0.49754	0.15881	0.09583	0.00607	0.00165	0.00228	0.05984	0.00340	0.00304
4	0.04526	0.00465	0.00570	0.06604	0.00740	0.00475	0.00416	0.06490	0.03503	0.03189	0.09254	0.15686	0.14365	0.13431	0.02500	0.12611	0.00306	0.03267	0.00291	0.01310
5	0.04292	0.05041	0.03486	0.06324	0.13996	0.02570	0.07466	0.13184	0.02584	0.07008	0.00799	0.02827	0.00645	0.01586	0.00433	0.00109	0.07312	0.00327	0.01854	0.18158
6	0.00681	0.00502	0.00570	0.00543	0.00675	0.00505	0.00407	0.01051	0.23976	0.07209	0.16606	0.16983	0.25113	0.02894	0.00458	0.00133	0.00233	0.00675	0.00370	0.00414
7	0.00537	0.00396	0.00457	0.00447	0.00555	0.00356	0.00335	0.02899	0.00925	0.03222	0.29433	0.12324	0.40061	0.00865	0.00434	0.00124	0.00199	0.02580	0.03509	0.00342
8	0.02776	0.00836	0.02620	0.20159	0.45803	0.03088	0.04573	0.03540	0.00849	0.03888	0.00801	0.04517	0.00687	0.00406	0.00388	0.00118	0.01645	0.02582	0.00206	0.00519
9	0.05118	0.07616	0.05283	0.07233	0.06446	0.08937	0.15635	0.04880	0.11236	0.04642	0.01021	0.07483	0.01761	0.00483	0.00395	0.00119	0.02700	0.04373	0.04164	0.00477
10	0.00471	0.00395	0.00411	0.00404	0.00528	0.00345	0.00304	0.00617	0.04559	0.01087	0.13533	0.03377	0.70881	0.00899	0.00436	0.00124	0.00191	0.00754	0.00354	0.00330
11	0.04743	0.00401	0.00552	0.00555	0.00614	0.00452	0.00414	0.00651	0.00594	0.00879	0.01059	0.07056	0.01060	0.15397	0.61359	0.02440	0.00799	0.00451	0.00213	0.00313
12	0.01129	0.01136	0.02967	0.03342	0.10067	0.31793	0.02461	0.07890	0.05632	0.09411	0.00836	0.02854	0.00682	0.00713	0.10340	0.00169	0.07525	0.00331	0.00242	0.00479
13	0.05031	0.01791	0.71355	0.01045	0.01549	0.04625	0.05157	0.03148	0.00816	0.01215	0.00664	0.00783	0.00476	0.00354	0.00350	0.00117	0.00542	0.00278	0.00168	0.00536
14	0.02946	0.00938	0.03374	0.10304	0.05490	0.15373	0.02699	0.06196	0.05313	0.08259	0.00845	0.02841	0.02155	0.00417	0.00420	0.00103	0.08382	0.00317	0.00242	0.23387

[dist]
# distance from previous block
# <min> <max>
0	33

[block]
# block no. 2 follows, 74 sequences, length 49
# corresponding to MSA columns:
# 382-430
name=unknown_C
#
# <colnr> <probs for GDERKNQSTAVLIFYWHMCP>
#	G	D	E	R	K	N	Q	S	T	A	V	L	I	F	Y	W	H	M	C	P
0	0.01799	0.00670	0.02783	0.04033	0.02662	0.06271	0.04065	0.13000	0.03292	0.05051	0.03199	0.05833	0.02941	0.03495	0.02640	0.32011	0.00383	0.00392	0.01474	0.04006
1	0.00566	0.00414	0.00537	0.00633	0.09203	0.00396	0.00375	0.00628	0.00696	0.02384	0.05701	0.21247	0.14883	0.36100	0.01057	0.02352	0.00298	0.01942	0.00280	0.00307
2	0.02695	0.00696	0.01045	0.04149	0.07525	0.01498	0.12850	0.07680	0.00995	0.33141	0.08126	0.05933	0.02029	0.02552	0.00423	0.00122	0.00367	0.01954	0.02076	0.04141
3	0.13481	0.00815	0.01034	0.07149	0.02770	0.03753	0.05135	0.10891	0.00848	0.11827	0.00725	0.00881	0.00568	0.00476	0.00639	0.00127	0.30169	0.00312	0.02394	0.06005
4	0.00531	0.00346	0.00442	0.00464	0.00512	0.00322	0.00324	0.00525	0.00673	0.00860	0.03450	0.21195	0.26484	0.04678	0.00884	0.33077	0.00258	0.04449	0.00273	0.00253
5	0.03667	0.00765	0.00863	0.02113	0.02813	0.01900	0.02079	0.31929	0.10696	0.04741	0.01016	0.01091	0.00767	0.00456	0.00408	0.00111	0.07664	0.00345	0.26067	0.00508
6	0.01387	0.01769	0.01052	0.00956	0.01148	0.85465	0.00717	0.01482	0.01052	0.00908	0.00574	0.00669	0.00478	0.00383	0.00335	0.00096	0.00669	0.00239	0.00191	0.00430
7	0.00539	0.00361	0.00412	0.00412	0.00414	0.00364	0.00234	0.00544	0.00542	0.00725	0.01163	0.02393	0.01334	0.83862	0.04961	0.00369	0.00383	0.00535	0.00224	0.00229
8	0.00530	0.00398	0.00597	0.00597	0.00663	0.00464	0.00464	0.00663	0.00597	0.00862	0.00994	0.01458	0.00928	0.02784	0.85484	0.00597	0.00994	0.00398	0.00199	0.00331
9	0.00737	0.00684	0.01124	0.78596	0.04552	0.00846	0.01016	0.04251	0.00781	0.01010	0.00666	0.00980	0.00502	0.00379	0.00390	0.00124	0.02432	0.00330	0.00174	0.00425
10	0.89577	0.00718	0.00546	0.00488	0.00718	0.00833	0.00402	0.01091	0.00632	0.01665	0.00517	0.00603	0.00402	0.00345	0.00230	0.00115	0.00287	0.00201	0.00230	0.00402
11	0.00538	0.00369	0.00450	0.00450	0.00466	0.00385	0.00282	0.00569	0.00553	0.00754	0.01128	0.02198	0.01249	0.66921	0.21787	0.00416	0.00511	0.00506	0.00219	0.00250
12	0.06427	0.00568	0.00657	0.00594	0.00769	0.00575	0.00472	0.03209	0.20417	0.19096	0.12850	0.06900	0.13860	0.00670	0.00400	0.00126	0.00267	0.08886	0.02790	0.00466
13	0.00795	0.00666	0.00777	0.00557	0.00886	0.00507	0.00446	0.02398	0.00792	0.02582	0.00677	0.00780	0.00557	0.00281	0.00278	0.00057	0.00278	0.00224	0.00226	0.86235
14	0.00938	0.00805	0.00848	0.00758	0.00971	0.00930	0.00591	0.04421	0.81496	0.01576	0.01492	0.01370	0.01118	0.00502	0.00377	0.00125	0.00297	0.00417	0.00377	0.00589
15	0.00485	0.00381	0.00441	0.00441	0.00548	0.00337	0.00339	0.00614	0.00914	0.01178	0.30977	0.05146	0.46753	0.00892	0.00447	0.00128	0.00200	0.09085	0.00366	0.00329
16	0.00483	0.00355	0.00464	0.00526	0.00577	0.00341	0.00383	0.00573	0.00736	0.00965	0.02153	0.50688	0.14303	0.03801	0.09224	0.00202	0.00315	0.13276	0.00326	0.00310
17	0.89577	0.00718	0.00546	0.00488	0.00718	0.00833	0.00402	0.01091	0.00632	0.01665	0.00517	0.00603	0.00402	0.00345	0.00230	0.00115	0.00287	0.00201	0.00230	0.00402
18	0.00598	0.00427	0.00598	0.00684	0.00769	0.00427	0.00598	0.00769	0.00854	0.01111	0.01965	0.04187	0.02136	0.01025	0.00513	0.00171	0.00342	0.82141	0.00342	0.00342
19	0.00457	0.00375	0.00403	0.00399	0.00514	0.00321	0.00298	0.00568	0.00886	0.01104	0.20829	0.05388	0.65357	0.00907	0.00439	0.00124	0.00186	0.00766	0.00358	0.00321
20	0.00770	0.00660	0.00770	0.00550	0.00880	0.00495	0.00440	0.00935	0.00770	0.01210	0.00660	0.00770	0.00550	0.00275	0.00275	0.00055	0.00275	0.00220	0.00220	0.89224
21	0.00530	0.00398	0.00597	0.00597	0.00663	0.00464	0.00464	0.00663	0.00597	0.00862	0.00994	0.01458	0.00928	0.02784	0.85484	0.00597	0.00994	0.00398	0.00199	0.00331
22	0.01665	0.00632	0.00861	0.00660	0.00948	0.00546	0.00546	0.01809	0.01062	0.84897	0.01464	0.01263	0.00919	0.00459	0.00373	0.00115	0.00316	0.00373	0.00459	0.00632
23	0.89577	0.00718	0.00546	0.00488	0.00718	0.00833	0.00402	0.01091	0.00632	0.01665	0.00517	0.00603	0.00402	0.00345	0.00230	0.00115	0.00287	0.00201	0.00230	0.00402
24	0.00525	0.00379	0.00496	0.00467	0.00555	0.00350	0.00350	0.00700	0.01051	0.01488	0.84444	0.02773	0.03502	0.00759	0.00438	0.00117	0.00175	0.00671	0.00409	0.00350
25	0.01437	0.00998	0.01088	0.00834	0.01130	0.01089	0.00689	0.75044	0.01675	0.10796	0.00950	0.00929	0.00661	0.00447	0.00372	0.00112	0.00399	0.00338	0.00380	0.00631
26	0.00540	0.00360	0.00405	0.00405	0.00405	0.00360	0.00225	0.00540	0.00540	0.00720	0.01170	0.02429	0.01349	0.86955	0.01889	0.00360	0.00360	0.00540	0.00225	0.00225
27	0.00540	0.00366	0.00486	0.00494	0.00520	0.00388	0.00334	0.00576	0.00571	0.00785	0.01131	0.10031	0.01223	0.38508	0.32091	0.10387	0.00572	0.00513	0.00220	0.00264
28	0.01267	0.00713	0.00846	0.00702	0.00945	0.00733	0.00562	0.06564	0.36826	0.39506	0.06102	0.01379	0.01139	0.00494	0.00379	0.00120	0.00304	0.00408	0.00416	0.00597
29	0.00805	0.00802	0.01124	0.00965	0.00967	0.01121	0.00804	0.00888	0.00569	0.00893	0.00500	0.00828	0.00498	0.00701	0.03260	0.00173	0.84209	0.00327	0.00163	0.00404
30	0.00992	0.87178	0.01945	0.00635	0.00953	0.01469	0.00635	0.01111	0.00754	0.00873	0.00516	0.00595	0.00476	0.00318	0.00238	0.00079	0.00397	0.00198	0.00159	0.00476
31	0.00614	0.00407	0.00512	0.00541	0.00609	0.00397	0.00382	0.03470	0.05663	0.06905	0.03297	0.56135	0.05018	0.07853	0.02517	0.00170	0.00264	0.03179	0.01718	0.00350
32	0.00512	0.00358	0.00403	0.00429	0.00500	0.00330	0.00304	0.00605	0.00759	0.01030	0.04129	0.23605	0.30736	0.13843	0.00638	0.00162	0.00226	0.05157	0.15969	0.00305
33	0.08689	0.00800	0.01096	0.00934	0.00965	0.01091	0.02724	0.00917	0.00585	0.00977	0.00509	0.00808	0.00490	0.00611	0.01095	0.00156	0.75103	0.00317	0.01725	0.00407
34	0.00992	0.87178	0.01945	0.00635	0.00953	0.01469	0.00635	0.01111	0.00754	0.00873	0.00516	0.00595	0.00476	0.00318	0.00238	0.00079	0.00397	0.00198	0.00159	0.00476
35	0.00458	0.00370	0.00402	0.00410	0.00512	0.00321	0.00300	0.00556	0.00841	0.01045	0.13398	0.13084	0.59701	0.04981	0.00512	0.00139	0.00200	0.02108	0.00347	0.00313
36	0.00511	0.00349	0.00420	0.00453	0.00463	0.00342	0.00278	0.00539	0.00609	0.00812	0.01500	0.31831	0.01759	0.54345	0.01353	0.00281	0.00309	0.03321	0.00270	0.00255
37	0.00750	0.00711	0.01198	0.66197	0.20069	0.00844	0.01049	0.00988	0.00760	0.01004	0.00664	0.00970	0.00515	0.00369	0.00390	0.00122	0.02452	0.00330	0.00169	0.00450
38	0.02155	0.00912	0.01002	0.00806	0.01031	0.02946	0.01631	0.55345	0.04463	0.01919	0.02491	0.06695	0.03095	0.00553	0.01320	0.00124	0.08953	0.00401	0.03608	0.00550
39	0.02249	0.00809	0.03222	0.07720	0.22656	0.02957	0.02697	0.04744	0.00839	0.02426	0.00685	0.00839	0.00557	0.00323	0.00342	0.00086	0.02451	0.00274	0.00212	0.43913
40	0.00540	0.00400	0.00545	0.00584	0.01719	0.00415	0.00419	0.01593	0.00709	0.00969	0.05960	0.42351	0.04180	0.04515	0.14721	0.06007	0.05438	0.06498	0.00292	0.02142
41	0.00472	0.00338	0.00422	0.00480	0.00516	0.00315	0.00321	0.00533	0.00710	0.00935	0.03013	0.58826	0.13802	0.12984	0.00674	0.01312	0.00234	0.02120	0.01701	0.00293
42	0.01357	0.00745	0.03898	0.17217	0.05894	0.00705	0.00720	0.12076	0.01060	0.49338	0.01159	0.01130	0.00767	0.00465	0.01664	0.00123	0.00387	0.00354	0.00362	0.00580
43	0.03521	0.05507	0.03364	0.02942	0.11517	0.03328	0.06483	0.04886	0.00844	0.05932	0.00705	0.00828	0.00563	0.00330	0.00349	0.00085	0.03854	0.00270	0.00224	0.44467
44	0.00536	0.00397	0.00572	0.00567	0.00629	0.00448	0.00432	0.00650	0.00633	0.00899	0.07628	0.01683	0.04076	0.08505	0.65598	0.03552	0.02216	0.00439	0.00220	0.00320
45	0.01186	0.00777	0.00877	0.00735	0.00969	0.00836	0.00587	0.21782	0.36263	0.21737	0.01371	0.04880	0.01036	0.01737	0.00402	0.00124	0.00324	0.02175	0.01620	0.00583
46	0.00518	0.00376	0.00488	0.00472	0.00556	0.00347	0.00352	0.00681	0.01012	0.01419	0.73074	0.09154	0.06799	0.00803	0.00442	0.00121	0.00182	0.02460	0.00400	0.00345
47	0.00798	0.07112	0.04364	0.02426	0.09021	0.00683	0.13266	0.04984	0.02022	0.08363	0.04018	0.25966	0.03814	0.00788	0.05060	0.00154	0.02733	0.03705	0.00282	0.00441
48	0.06484	0.14360	0.09678	0.05459	0.11659	0.02984	0.11399	0.10675	0.02728	0.05427	0.00734	0.00861	0.00572	0.00418	0.02516	0.00116	0.02024	0.00301	0.00224	0.11380

[dist]
# distance from previous block
# <min> <max>
3	37

[block]
# block no. 3 follows, 74 sequences, length 41
# corresponding to MSA columns:
# 468-508
name=unknown_D
#
# <colnr> <probs for GDERKNQSTAVLIFYWHMCP>
#	G	D	E	R	K	N	Q	S	T	A	V	L	I	F	Y	W	H	M	C	P
0	0.05266	0.34201	0.10584	0.05522	0.07664	0.08562	0.05079	0.02653	0.01960	0.07148	0.00675	0.00794	0.00546	0.00444	0.03140	0.00119	0.04683	0.00271	0.00199	0.00490
1	0.13955	0.00912	0.02623	0.13071	0.10166	0.03061	0.17200	0.21344	0.04902	0.01497	0.00751	0.00908	0.00574	0.00432	0.01809	0.00128	0.05581	0.00336	0.00242	0.00510
2	0.02258	0.00899	0.01241	0.53730	0.14049	0.08489	0.02554	0.05433	0.01957	0.01177	0.00778	0.01078	0.00620	0.00449	0.00442	0.00139	0.03624	0.00357	0.00221	0.00508
3	0.00827	0.00619	0.02240	0.14975	0.10676	0.00598	0.01857	0.02063	0.07520	0.13288	0.15726	0.10316	0.07381	0.00569	0.00389	0.00115	0.00320	0.00499	0.00309	0.09713
4	0.00744	0.00631	0.00743	0.00552	0.00854	0.00480	0.00438	0.00903	0.00768	0.01190	0.00788	0.06452	0.00720	0.00355	0.00295	0.00065	0.00273	0.02672	0.00232	0.80846
5	0.00452	0.00323	0.00431	0.00517	0.00538	0.00301	0.00345	0.00517	0.00711	0.00948	0.02046	0.86713	0.02455	0.01163	0.00474	0.00151	0.00215	0.01055	0.00345	0.00301
6	0.00912	0.00911	0.01225	0.15399	0.37696	0.12538	0.04320	0.01212	0.10334	0.01161	0.02030	0.01124	0.00735	0.00466	0.02767	0.00128	0.00473	0.03248	0.02814	0.00507
7	0.01122	0.00762	0.00841	0.00723	0.00947	0.02986	0.00572	0.06480	0.49409	0.22837	0.06646	0.01440	0.01198	0.00510	0.00381	0.00122	0.00309	0.01742	0.00395	0.00578
8	0.00641	0.00358	0.00527	0.00517	0.00537	0.00374	0.00362	0.01750	0.00527	0.00719	0.00706	0.01171	0.00689	0.01507	0.15719	0.70099	0.01803	0.00334	0.00172	0.01490
9	0.01665	0.00632	0.00861	0.00660	0.00948	0.00546	0.00546	0.01809	0.01062	0.84897	0.01464	0.01263	0.00919	0.00459	0.00373	0.00115	0.00316	0.00373	0.00459	0.00632
10	0.00816	0.01418	0.39794	0.01335	0.01789	0.00904	0.46106	0.01183	0.00834	0.01183	0.00712	0.00902	0.00521	0.00331	0.00399	0.00122	0.00591	0.00364	0.00174	0.00522
11	0.00452	0.00323	0.00431	0.00517	0.00538	0.00301	0.00345	0.00517	0.00711	0.00948	0.02046	0.86713	0.02455	0.01163	0.00474	0.00151	0.00215	0.01055	0.00345	0.00301
12	0.01752	0.00434	0.00509	0.00497	0.00600	0.00419	0.00365	0.02149	0.09642	0.04428	0.28256	0.20958	0.21782	0.05876	0.00518	0.00141	0.00221	0.00724	0.00365	0.00365
13	0.01615	0.00712	0.00911	0.00699	0.00988	0.00665	0.00577	0.17927	0.01197	0.68588	0.01351	0.01190	0.00862	0.00457	0.00373	0.00114	0.00334	0.00366	0.00442	0.00632
14	0.89577	0.00718	0.00546	0.00488	0.00718	0.00833	0.00402	0.01091	0.00632	0.01665	0.00517	0.00603	0.00402	0.00345	0.00230	0.00115	0.00287	0.00201	0.00230	0.00402
15	0.89577	0.00718	0.00546	0.00488	0.00718	0.00833	0.00402	0.01091	0.00632	0.01665	0.00517	0.00603	0.00402	0.00345	0.00230	0.00115	0.00287	0.00201	0.00230	0.00402
16	0.04482	0.00388	0.00479	0.00520	0.00586	0.00372	0.00365	0.01792	0.02919	0.05619	0.05217	0.61275	0.08912	0.03336	0.00488	0.00149	0.00231	0.02186	0.00346	0.00337
17	0.01640	0.00673	0.00887	0.00680	0.00968	0.00606	0.00562	0.09985	0.01131	0.76624	0.01407	0.01226	0.00890	0.00458	0.00373	0.00115	0.00325	0.00369	0.00451	0.00632
18	0.89577	0.00718	0.00546	0.00488	0.00718	0.00833	0.00402	0.01091	0.00632	0.01665	0.00517	0.00603	0.00402	0.00345	0.00230	0.00115	0.00287	0.00201	0.00230	0.00402
19	0.00571	0.00413	0.00565	0.00644	0.00726	0.00406	0.00549	0.00726	0.00839	0.01086	0.02105	0.12692	0.08184	0.01033	0.00503	0.00165	0.00317	0.67799	0.00342	0.00336
20	0.00934	0.00446	0.00563	0.00517	0.00649	0.00410	0.00387	0.01066	0.01997	0.29476	0.05936	0.25241	0.02811	0.06913	0.00489	0.00136	0.00249	0.00591	0.20766	0.00425
21	0.01471	0.00943	0.01054	0.00808	0.01103	0.01008	0.00668	0.64084	0.01584	0.21886	0.01027	0.00979	0.00699	0.00449	0.00372	0.00112	0.00387	0.00343	0.00392	0.00631
22	0.00876	0.01001	0.02190	0.01564	0.01940	0.00939	0.83292	0.01189	0.00876	0.01189	0.00751	0.01001	0.00563	0.00313	0.00438	0.00125	0.00626	0.00438	0.00188	0.00501
23	0.01018	0.00776	0.00842	0.00743	0.00963	0.00875	0.00582	0.01951	0.73345	0.12233	0.01505	0.01369	0.01106	0.00498	0.00377	0.00124	0.00297	0.00414	0.00388	0.00593
24	0.01639	0.00673	0.00887	0.00680	0.00968	0.00607	0.00562	0.10127	0.01132	0.76481	0.01406	0.01225	0.00890	0.00458	0.00373	0.00115	0.00325	0.00369	0.00450	0.00632
25	0.01610	0.00720	0.00916	0.00702	0.00992	0.00677	0.00580	0.19504	0.01210	0.66993	0.01340	0.01183	0.00856	0.00456	0.00373	0.00114	0.00336	0.00365	0.00440	0.00632
26	0.00530	0.00398	0.00597	0.00597	0.00663	0.00464	0.00464	0.00663	0.00597	0.00862	0.00994	0.01458	0.00928	0.02784	0.85484	0.00597	0.00994	0.00398	0.00199	0.00331
27	0.00770	0.00660	0.00770	0.00550	0.00880	0.00495	0.00440	0.00935	0.00770	0.01210	0.00660	0.00770	0.00550	0.00275	0.00275	0.00055	0.00275	0.00220	0.00220	0.89224
