[name]
unknown

[dist]
# distance from previous block
# <min> <max>
1	11

[block]
# block no. 0 follows, 74 sequences, length 10
# corresponding to MSA columns:
# 12-21
name=unknown_A
#
# <colnr> <probs for GDERKNQSTAVLIFYWHMCP>
#	G	D	E	R	K	N	Q	S	T	A	V	L	I	F	Y	W	H	M	C	P
0	0.01068	0.15736	0.06088	0.00779	0.01073	0.00954	0.05644	0.31213	0.04307	0.05739	0.00916	0.07672	0.00764	0.00499	0.02359	0.00114	0.00397	0.00360	0.00287	0.14032
1	0.05980	0.00943	0.05980	0.00785	0.01033	0.04053	0.00652	0.17496	0.55447	0.01664	0.01251	0.01184	0.00932	0.00470	0.00365	0.00121	0.00345	0.00376	0.00348	0.00577
2	0.00661	0.00463	0.00588	0.00599	0.05705	0.00440	0.00423	0.00861	0.06350	0.09560	0.29820	0.02539	0.29405	0.00969	0.09779	0.00172	0.00307	0.00611	0.00354	0.00394
3	0.00451	0.00327	0.00426	0.00506	0.00535	0.00302	0.00340	0.00518	0.00721	0.00952	0.02182	0.80126	0.08954	0.01145	0.00471	0.00149	0.00213	0.01034	0.00345	0.00302
4	0.05562	0.00778	0.00844	0.00702	0.00932	0.06284	0.00563	0.17633	0.16702	0.28331	0.03128	0.01306	0.04884	0.00739	0.09732	0.00169	0.00417	0.00386	0.00363	0.00545
5	0.00932	0.01130	0.16983	0.00949	0.06600	0.11811	0.03507	0.02965	0.43192	0.01365	0.04401	0.01218	0.02377	0.00458	0.00372	0.00119	0.00407	0.00378	0.00293	0.00544
6	0.00455	0.00332	0.00423	0.00494	0.00527	0.00306	0.00331	0.00520	0.00719	0.00943	0.02216	0.72053	0.12655	0.05476	0.00541	0.00158	0.00219	0.00995	0.00339	0.00299
7	0.00815	0.00727	0.01137	0.68862	0.07293	0.00875	0.00991	0.12727	0.00892	0.01163	0.00695	0.00971	0.00520	0.00379	0.00371	0.00121	0.00479	0.00331	0.00196	0.00454
8	0.07061	0.01015	0.23616	0.01004	0.10316	0.00752	0.06480	0.10052	0.04168	0.01311	0.01195	0.11125	0.03724	0.00593	0.00413	0.00131	0.01912	0.14397	0.00258	0.00477
9	0.00925	0.01495	0.48841	0.01154	0.07700	0.03039	0.12303	0.06910	0.04344	0.08570	0.00798	0.00894	0.00569	0.00368	0.00369	0.00117	0.00514	0.00319	0.00214	0.00556

[dist]
# distance from previous block
# <min> <max>
1	5

[block]
# block no. 1 follows, 74 sequences, length 28
# corresponding to MSA columns:
# 27-54
name=unknown_B
#
# <colnr> <probs for GDERKNQSTAVLIFYWHMCP>
#	G	D	E	R	K	N	Q	S	T	A	V	L	I	F	Y	W	H	M	C	P
0	0.01102	0.41722	0.04245	0.00765	0.01063	0.14616	0.03616	0.16955	0.01008	0.02056	0.02638	0.00756	0.00592	0.00362	0.00299	0.00090	0.00440	0.00257	0.00219	0.07196
1	0.04372	0.02586	0.09603	0.00692	0.01025	0.03560	0.01391	0.15452	0.00982	0.11831	0.00791	0.00843	0.00592	0.00343	0.00313	0.00084	0.00351	0.00266	0.00267	0.44655
2	0.00912	0.22021	0.44251	0.00986	0.03622	0.05932	0.05501	0.07796	0.03532	0.01195	0.00676	0.00775	0.00514	0.00356	0.00332	0.00107	0.00501	0.00274	0.00186	0.00531
3	0.00523	0.00372	0.00474	0.00532	0.00580	0.00357	0.00367	0.02268	0.04683	0.02694	0.04079	0.71349	0.05261	0.02545	0.00488	0.00150	0.00228	0.02372	0.00348	0.00329
4	0.01090	0.00787	0.08687	0.02452	0.02637	0.02037	0.04453	0.13672	0.01053	0.28761	0.08425	0.01684	0.15935	0.00609	0.02297	0.00130	0.03148	0.01283	0.00348	0.00512
5	0.15969	0.02244	0.02978	0.00746	0.01018	0.10821	0.07151	0.11748	0.03798	0.04739	0.01504	0.00854	0.00603	0.00474	0.04285	0.00118	0.02835	0.00281	0.00247	0.27587
6	0.02486	0.03358	0.00609	0.00562	0.00645	0.00434	0.04449	0.00694	0.02671	0.03878	0.11037	0.43966	0.10100	0.09046	0.02302	0.00167	0.01430	0.01504	0.00323	0.00339
7	0.00533	0.00373	0.00438	0.00445	0.00470	0.00375	0.00279	0.00589	0.02591	0.00812	0.02557	0.10433	0.07663	0.59953	0.09440	0.00333	0.00389	0.01817	0.00251	0.00261
8	0.00633	0.07960	0.06413	0.06819	0.00929	0.00632	0.03386	0.02615	0.02348	0.00942	0.00950	0.04011	0.00884	0.06522	0.52779	0.00424	0.00780	0.00396	0.00203	0.00375
9	0.00917	0.13709	0.19037	0.02080	0.03607	0.00971	0.26393	0.06530	0.14014	0.03994	0.00903	0.02757	0.00711	0.00400	0.00375	0.00117	0.00479	0.02247	0.00234	0.00527
10	0.00498	0.00347	0.00425	0.00468	0.00488	0.00334	0.00300	0.00540	0.00646	0.00855	0.01721	0.40987	0.05537	0.39924	0.01114	0.00245	0.00286	0.04726	0.00290	0.00269
11	0.00763	0.03802	0.77051	0.01026	0.01545	0.00880	0.01298	0.01231	0.06778	0.01196	0.00724	0.00823	0.00518	0.00363	0.00352	0.00117	0.00527	0.00283	0.00173	0.00550
12	0.00954	0.54214	0.08096	0.00791	0.05360	0.01230	0.02596	0.08252	0.03740	0.01105	0.04500	0.01789	0.02941	0.00393	0.00317	0.00095	0.02645	0.00286	0.00205	0.00492
13	0.00506	0.02621	0.00494	0.00505	0.00538	0.00378	0.00344	0.00571	0.00648	0.00878	0.01575	0.46002	0.01816	0.22948	0.16900	0.00285	0.00403	0.00769	0.01525	0.00293
14	0.00631	0.00514	0.00638	0.00621	0.00691	0.06606	0.00475	0.02685	0.00644	0.00876	0.00922	0.01374	0.00866	0.05207	0.64578	0.08838	0.02928	0.00381	0.00199	0.00328
15	0.00797	0.15479	0.64118	0.01021	0.01513	0.00966	0.07114	0.01182	0.02438	0.01136	0.00665	0.00781	0.00491	0.00347	0.00341	0.00112	0.00525	0.00277	0.00164	0.00534
16	0.00802	0.00817	0.03556	0.54560	0.04221	0.03068	0.21056	0.02710	0.00813	0.02725	0.00702	0.00978	0.00525	0.00358	0.00385	0.00122	0.00523	0.00352	0.00182	0.01544
17	0.00911	0.00874	0.01493	0.05122	0.81854	0.00880	0.01135	0.01133	0.00842	0.01204	0.00697	0.00921	0.00585	0.00332	0.00368	0.00111	0.00443	0.00331	0.00183	0.00582
18	0.00452	0.00323	0.00431	0.00517	0.00538	0.00301	0.00345	0.00517	0.00711	0.00948	0.02046	0.86713	0.02455	0.01163	0.00474	0.00151	0.00215	0.01055	0.00345	0.00301
19	0.00639	0.00326	0.00490	0.00490	0.00493	0.00330	0.00330	0.00493	0.00490	0.00656	0.00663	0.01146	0.00660	0.01370	0.05958	0.84448	0.00358	0.00326	0.00163	0.00170
20	0.00781	0.00767	0.00974	0.00856	0.00876	0.06418	0.00689	0.00859	0.00599	0.00868	0.00640	0.01088	0.00650	0.12089	0.10999	0.00234	0.59705	0.00356	0.00177	0.00375
21	0.00865	0.00982	0.02139	0.01534	0.01899	0.00924	0.80647	0.01172	0.00867	0.01179	0.00759	0.01016	0.00575	0.00392	0.03154	0.00140	0.00638	0.00437	0.00188	0.00495
22	0.00452	0.00324	0.00429	0.00513	0.00537	0.00302	0.00343	0.00517	0.00714	0.00949	0.02089	0.84607	0.04533	0.01157	0.00473	0.00150	0.00215	0.01048	0.00345	0.00302
23	0.00981	0.00813	0.00862	0.00761	0.00980	0.00932	0.00596	0.08538	0.75241	0.03721	0.01460	0.01342	0.01087	0.00498	0.00377	0.00124	0.00304	0.00412	0.00379	0.00592
24	0.01731	0.06692	0.23360	0.01064	0.04572	0.03200	0.24961	0.02225	0.03352	0.01144	0.02919	0.17879	0.03014	0.00536	0.00400	0.00124	0.00463	0.01668	0.00228	0.00467
25	0.00993	0.00780	0.02844	0.09248	0.14701	0.04275	0.03855	0.12693	0.11655	0.12745	0.13966	0.04646	0.01230	0.00495	0.00382	0.00116	0.00364	0.00429	0.04068	0.00514
26	0.00458	0.00327	0.00437	0.00519	0.00544	0.00306	0.00350	0.00529	0.00726	0.00971	0.05131	0.81821	0.02487	0.01145	0.00473	0.00150	0.00217	0.02758	0.00347	0.00304
27	0.02330	0.19884	0.22835	0.03591	0.09575	0.08183	0.02034	0.06962	0.02796	0.06603	0.06477	0.02879	0.03467	0.00426	0.00342	0.00107	0.00436	0.00337	0.00231	0.00505

[dist]
# distance from previous block
# <min> <max>
9	15

[block]
# block no. 2 follows, 74 sequences, length 31
# corresponding to MSA columns:
# 71-101
name=unknown_C
#
# <colnr> <probs for GDERKNQSTAVLIFYWHMCP>
#	G	D	E	R	K	N	Q	S	T	A	V	L	I	F	Y	W	H	M	C	P
0	0.00510	0.00407	0.00602	0.00586	0.00659	0.00382	0.08380	0.00604	0.00737	0.00976	0.06596	0.47926	0.13266	0.11861	0.04543	0.00190	0.00303	0.00842	0.00311	0.00317
1	0.00771	0.00736	0.01262	0.58482	0.27254	0.00845	0.03355	0.01013	0.00777	0.01035	0.00674	0.00969	0.00525	0.00357	0.00372	0.00120	0.00482	0.00333	0.00171	0.00468
2	0.00648	0.00562	0.00775	0.00750	0.03137	0.05221	0.09591	0.00788	0.02701	0.03021	0.06833	0.41447	0.05441	0.02744	0.01480	0.00151	0.06234	0.07807	0.00305	0.00366
3	0.00778	0.04290	0.01242	0.40100	0.23354	0.00824	0.07295	0.02377	0.03598	0.01084	0.00848	0.09297	0.00746	0.00438	0.00378	0.00120	0.00445	0.00407	0.01914	0.00465
4	0.00481	0.00370	0.00437	0.00462	0.00538	0.00338	0.00327	0.00607	0.03621	0.01081	0.18302	0.35448	0.31194	0.04417	0.00508	0.00143	0.00207	0.00845	0.00353	0.00321
5	0.00534	0.00383	0.00520	0.00520	0.00560	0.00423	0.00369	0.00614	0.00574	0.00805	0.01064	0.01844	0.01096	0.36269	0.52228	0.00502	0.00742	0.00454	0.00209	0.00289
6	0.00964	0.19650	0.18658	0.04400	0.02546	0.11036	0.01910	0.06584	0.20221	0.02462	0.00900	0.04593	0.00734	0.00436	0.00370	0.00111	0.03337	0.00334	0.00240	0.00514
7	0.01015	0.01090	0.01342	0.04926	0.02945	0.24957	0.28197	0.04752	0.12017	0.03231	0.01943	0.09078	0.00856	0.00464	0.00396	0.00119	0.00520	0.01430	0.00247	0.00476
8	0.00539	0.00361	0.00409	0.00407	0.00411	0.00359	0.00230	0.00546	0.00561	0.00751	0.04610	0.02443	0.01438	0.83394	0.01829	0.00350	0.00352	0.00545	0.00232	0.00230
9	0.00484	0.00373	0.00442	0.00434	0.00532	0.00331	0.00322	0.00617	0.00939	0.01245	0.44590	0.10210	0.36410	0.00867	0.00441	0.00123	0.00184	0.00749	0.00377	0.00331
10	0.05536	0.00942	0.09110	0.03523	0.02210	0.05715	0.05131	0.27333	0.11692	0.06024	0.02739	0.16247	0.01045	0.00558	0.00384	0.00122	0.00387	0.00469	0.00315	0.00516
11	0.00906	0.00873	0.03742	0.05267	0.25346	0.03830	0.16937	0.03919	0.11104	0.04697	0.02721	0.04886	0.00807	0.01827	0.00427	0.00118	0.02824	0.00392	0.00240	0.09135
12	0.00529	0.00363	0.00411	0.00410	0.00427	0.00358	0.00242	0.00548	0.00590	0.00779	0.04464	0.02526	0.09488	0.73135	0.03994	0.00335	0.00354	0.00564	0.00243	0.00241
13	0.01978	0.02807	0.06101	0.01054	0.10031	0.03052	0.21501	0.06829	0.03159	0.05789	0.01900	0.02991	0.13593	0.02075	0.10431	0.01948	0.03605	0.00448	0.00248	0.00460
14	0.01001	0.35102	0.04703	0.02773	0.09679	0.07731	0.04823	0.09627	0.02672	0.04514	0.00809	0.03171	0.00717	0.00509	0.02534	0.02706	0.00443	0.05776	0.00222	0.00485
15	0.00991	0.00958	0.01398	0.08497	0.62888	0.08304	0.01052	0.09141	0.00943	0.01275	0.00703	0.00900	0.00575	0.00350	0.00365	0.00110	0.00462	0.00323	0.00201	0.00565
16	0.00448	0.00354	0.00404	0.00439	0.00519	0.00310	0.00311	0.00534	0.00799	0.01002	0.06708	0.38421	0.46387	0.01025	0.00453	0.00136	0.00199	0.00892	0.00348	0.00310
17	0.01344	0.11189	0.01152	0.00918	0.01126	0.74113	0.00708	0.03453	0.01036	0.00940	0.00575	0.00667	0.00482	0.00377	0.00325	0.00094	0.00633	0.00237	0.00192	0.00440
18	0.02088	0.09267	0.03305	0.02842	0.01520	0.00863	0.47036	0.02688	0.00860	0.05808	0.00836	0.03421	0.02040	0.00355	0.00382	0.00108	0.00495	0.00387	0.00216	0.15483
19	0.00507	0.00396	0.00480	0.02953	0.00633	0.00384	0.00377	0.00682	0.08831	0.01022	0.02381	0.50874	0.23403	0.02299	0.00475	0.00145	0.00230	0.03252	0.00341	0.00336
20	0.01008	0.04875	0.01441	0.08911	0.52818	0.04427	0.05478	0.11097	0.00959	0.04360	0.00736	0.00913	0.00586	0.00353	0.00365	0.00110	0.00454	0.00329	0.00214	0.00564
21	0.00544	0.00409	0.00497	0.00505	0.00570	0.02826	0.00363	0.00664	0.00872	0.02162	0.40071	0.31344	0.05439	0.05375	0.03643	0.00158	0.01640	0.00763	0.01823	0.00332
22	0.00581	0.00448	0.00538	0.00504	0.00616	0.00440	0.00381	0.00890	0.14696	0.01441	0.61158	0.02639	0.12761	0.00738	0.00428	0.00119	0.00196	0.00643	0.00396	0.00385
23	0.00958	0.30543	0.29508	0.01921	0.02579	0.04808	0.07104	0.09279	0.02253	0.03567	0.00741	0.00831	0.02350	0.00371	0.00337	0.00104	0.01744	0.00284	0.00199	0.00518
24	0.00528	0.00357	0.00418	0.00429	0.00436	0.00358	0.00253	0.00543	0.00565	0.00756	0.01273	0.13202	0.01469	0.71490	0.06125	0.00346	0.00375	0.00598	0.00239	0.00240
25	0.15428	0.00400	0.00457	0.00504	0.00565	0.00402	0.00347	0.00645	0.00689	0.02949	0.01691	0.62159	0.01969	0.09339	0.00568	0.00164	0.00244	0.00847	0.00316	0.00318
26	0.00480	0.00358	0.00441	0.00492	0.00549	0.00331	0.00341	0.02938	0.00787	0.01025	0.06132	0.61548	0.21069	0.01073	0.00461	0.00142	0.00213	0.00955	0.00348	0.00316
27	0.00915	0.00754	0.08392	0.01991	0.04508	0.00651	0.13782	0.09742	0.03436	0.16254	0.02908	0.19473	0.03150	0.04613	0.06065	0.00167	0.00419	0.00539	0.01771	0.00471
28	0.01375	0.00866	0.00979	0.00762	0.01035	0.00913	0.00625	0.52760	0.03390	0.23200	0.06355	0.01208	0.03813	0.00487	0.00378	0.00113	0.00360	0.00383	0.00395	0.00602
29	0.02018	0.00454	0.00564	0.00556	0.00642	0.00452	0.01782	0.07517	0.04237	0.06663	0.01782	0.42307	0.08516	0.15170	0.05387	0.00200	0.00314	0.00757	0.00324	0.00357
30	0.01052	0.10104	0.11694	0.02743	0.18321	0.07380	0.06647	0.13468	0.02354	0.10720	0.04614	0.01962	0.00777	0.03188	0.00418	0.00117	0.01553	0.00345	0.00254	0.02287

[dist]
# distance from previous block
# <min> <max>
1	7

[block]
# block no. 3 follows, 74 sequences, length 15
# corresponding to MSA columns:
# 109-123
name=unknown_D
#
# <colnr> <probs for GDERKNQSTAVLIFYWHMCP>
#	G	D	E	R	K	N	Q	S	T	A	V	L	I	F	Y	W	H	M	C	P
0	0.00958	0.17738	0.29680	0.02808	0.06606	0.06535	0.14749	0.10153	0.03866	0.02467	0.00714	0.00829	0.00543	0.00357	0.00348	0.00109	0.00505	0.00303	0.00202	0.00530
1	0.00863	0.18125	0.51691	0.00943	0.01384	0.03294	0.04986	0.01223	0.04468	0.05429	0.03754	0.00878	0.00638	0.00372	0.00339	0.00110	0.00490	0.00292	0.00194	0.00528
2	0.01232	0.00789	0.00941	0.02322	0.08872	0.04355	0.02394	0.22078	0.10939	0.26033	0.01226	0.01205	0.03462	0.00453	0.00360	0.00111	0.00350	0.00369	0.11949	0.00560
3	0.00484	0.00356	0.00467	0.00540	0.01887	0.00336	0.00365	0.01737	0.00758	0.01011	0.07811	0.65852	0.08814	0.02485	0.03333	0.00164	0.00248	0.02697	0.00340	0.00316
4	0.05313	0.18755	0.28581	0.02351	0.10266	0.08454	0.02154	0.03736	0.03667	0.02168	0.07026	0.00960	0.00763	0.02053	0.00381	0.00113	0.02250	0.00306	0.00206	0.00498
5	0.00653	0.00547	0.00754	0.02502	0.12234	0.02886	0.02092	0.02186	0.05225	0.00964	0.01124	0.06031	0.03677	0.17715	0.37714	0.00373	0.02270	0.00456	0.00225	0.00372
6	0.00464	0.00331	0.00444	0.00530	0.00557	0.00311	0.00365	0.00537	0.00722	0.00960	0.02039	0.80186	0.02430	0.01152	0.00477	0.00152	0.00225	0.07469	0.00344	0.00305
7	0.00931	0.02045	0.06148	0.00995	0.11413	0.14257	0.07481	0.09658	0.17126	0.02569	0.01326	0.13810	0.07803	0.00560	0.00387	0.00119	0.00406	0.00482	0.01997	0.00488
8	0.06640	0.19155	0.17064	0.00940	0.03576	0.08765	0.11940	0.09154	0.10120	0.03910	0.02434	0.02270	0.00678	0.00395	0.00350	0.00110	0.01432	0.00320	0.00233	0.00513
9	0.00466	0.00327	0.00427	0.00502	0.00529	0.00305	0.00335	0.00526	0.00707	0.00946	0.02037	0.75550	0.06214	0.03416	0.00535	0.02995	0.00220	0.00987	0.02679	0.00297
10	0.00924	0.02317	0.07424	0.10502	0.40160	0.02688	0.11432	0.02804	0.04815	0.05922	0.00836	0.01010	0.01954	0.00374	0.00394	0.00115	0.02725	0.00350	0.02714	0.00538
11	0.02256	0.17557	0.12023	0.02996	0.16871	0.04191	0.11238	0.07739	0.05585	0.08196	0.00854	0.04837	0.00701	0.00413	0.00370	0.00112	0.02066	0.01235	0.00234	0.00526
12	0.05213	0.07024	0.11572	0.05017	0.21526	0.06480	0.10522	0.12529	0.06012	0.04591	0.01828	0.04515	0.00708	0.00408	0.00363	0.00114	0.00452	0.00357	0.00239	0.00531
13	0.00565	0.00375	0.00454	0.00458	0.00510	0.00358	0.00308	0.00630	0.00718	0.04927	0.12754	0.16943	0.13095	0.38685	0.04182	0.00250	0.00308	0.03885	0.00301	0.00294
14	0.00772	0.03082	0.15115	0.04210	0.20117	0.06330	0.03006	0.04039	0.02564	0.02103	0.11622	0.12788	0.10531	0.00587	0.00394	0.00120	0.00383	0.01514	0.00261	0.00460

[dist]
# distance from previous block
# <min> <max>
0	38

[block]
# block no. 4 follows, 74 sequences, length 21
# corresponding to MSA columns:
# 162-182
name=unknown_E
#
# <colnr> <probs for GDERKNQSTAVLIFYWHMCP>
#	G	D	E	R	K	N	Q	S	T	A	V	L	I	F	Y	W	H	M	C	P
0	0.00898	0.11113	0.03978	0.08077	0.06619	0.11143	0.00757	0.06381	0.05732	0.01068	0.00923	0.01094	0.07633	0.00631	0.04811	0.00149	0.27989	0.00347	0.00210	0.00448
1	0.01641	0.13966	0.19568	0.05728	0.03736	0.04663	0.06111	0.03596	0.02556	0.01105	0.07539	0.05387	0.10813	0.03896	0.07110	0.00161	0.01327	0.00428	0.00230	0.00440
2	0.00961	0.20559	0.26708	0.01024	0.01382	0.16666	0.18159	0.03598	0.00862	0.01076	0.00650	0.00818	0.00523	0.02855	0.00408	0.00115	0.02673	0.00296	0.00178	0.00490
3	0.25862	0.00752	0.02429	0.00647	0.00910	0.00751	0.00541	0.19645	0.01084	0.35640	0.05747	0.01076	0.00850	0.00439	0.00334	0.00114	0.00322	0.00331	0.01981	0.00545
4	0.00634	0.00539	0.00661	0.06163	0.06542	0.04992	0.02819	0.03456	0.03092	0.01109	0.09749	0.23341	0.19508	0.05081	0.04773	0.00160	0.00327	0.00658	0.06029	0.00367
5	0.00513	0.00387	0.00497	0.00569	0.05293	0.00353	0.00375	0.00617	0.00828	0.02530	0.19481	0.39043	0.24698	0.02465	0.00474	0.00138	0.00217	0.00840	0.00349	0.00335
6	0.00502	0.00363	0.00481	0.00508	0.00547	0.00377	0.00354	0.00577	0.00635	0.00862	0.01556	0.28398	0.07257	0.23514	0.31949	0.00365	0.00535	0.00665	0.00261	0.00294
7	0.03021	0.00427	0.00483	0.00462	0.00589	0.00389	0.00348	0.02373	0.03383	0.08470	0.19896	0.13845	0.43244	0.00851	0.00429	0.00125	0.00210	0.00724	0.00366	0.00364
8	0.00996	0.42912	0.15139	0.02392	0.06570	0.09948	0.09945	0.06157	0.00869	0.01072	0.00609	0.00723	0.00502	0.00339	0.00307	0.00097	0.00480	0.00260	0.00180	0.00501
9	0.00565	0.00442	0.00462	0.00471	0.00570	0.02992	0.00343	0.05392	0.01962	0.01117	0.03868	0.30327	0.38305	0.00901	0.00422	0.00127	0.00224	0.00774	0.10396	0.00339
10	0.00774	0.01627	0.60313	0.05987	0.01741	0.00878	0.21103	0.01166	0.00804	0.01166	0.00686	0.00848	0.00494	0.00344	0.00374	0.00120	0.00564	0.00317	0.00165	0.00529
11	0.00528	0.00453	0.00543	0.00572	0.04965	0.00416	0.02635	0.00715	0.07384	0.01074	0.04261	0.08885	0.58165	0.00876	0.00438	0.00130	0.00235	0.07033	0.00335	0.00356
12	0.01525	0.00652	0.00842	0.00654	0.00925	0.00593	0.00537	0.10952	0.01117	0.67389	0.01550	0.01383	0.06634	0.00490	0.00374	0.00114	0.00314	0.00396	0.02957	0.00602
13	0.02215	0.02829	0.01220	0.62617	0.09125	0.02629	0.06168	0.05671	0.00825	0.02227	0.00685	0.00960	0.00518	0.00368	0.00369	0.00120	0.00489	0.00330	0.00185	0.00450
14	0.00544	0.00403	0.00513	0.00513	0.00590	0.00415	0.00382	0.00713	0.05247	0.01092	0.19132	0.13628	0.13809	0.07688	0.24498	0.00276	0.01746	0.02551	0.05922	0.00337
15	0.00795	0.01704	0.01098	0.01307	0.31939	0.02914	0.05832	0.03846	0.01725	0.02058	0.00856	0.02013	0.00747	0.01229	0.30195	0.00283	0.05405	0.00366	0.05225	0.00463
16	0.00454	0.00327	0.00430	0.00509	0.00537	0.00303	0.00342	0.00523	0.00727	0.00966	0.04536	0.80224	0.06469	0.01140	0.00471	0.00149	0.00213	0.01031	0.00346	0.00303
17	0.03960	0.02190	0.05995	0.08048	0.10541	0.02919	0.16816	0.02581	0.02166	0.03318	0.03011	0.15088	0.07701	0.04139	0.04061	0.00156	0.06123	0.00513	0.00242	0.00433
18	0.00622	0.00541	0.01829	0.03305	0.11233	0.00516	0.10429	0.00805	0.05471	0.02279	0.01719	0.45790	0.07387	0.03289	0.00484	0.00144	0.00316	0.03155	0.00299	0.00388
19	0.39462	0.06190	0.06625	0.00867	0.08034	0.23167	0.03226	0.05188	0.00838	0.01356	0.00582	0.00688	0.00464	0.00360	0.00305	0.00108	0.01632	0.00242	0.00211	0.00454
20	0.00901	0.26007	0.21256	0.05787	0.11478	0.10597	0.09239	0.01122	0.00804	0.01019	0.00688	0.02910	0.00598	0.05590	0.00425	0.00120	0.00491	0.00310	0.00177	0.00481

[dist]
# distance from previous block
# <min> <max>
0	1

[block]
# block no. 5 follows, 74 sequences, length 12
# corresponding to MSA columns:
# 184-195
name=unknown_F
#
# <colnr> <probs for GDERKNQSTAVLIFYWHMCP>
#	G	D	E	R	K	N	Q	S	T	A	V	L	I	F	Y	W	H	M	C	P
0	0.00557	0.00498	0.05286	0.00628	0.04579	0.00426	0.00451	0.02459	0.04963	0.01065	0.08357	0.47577	0.07724	0.09645	0.00590	0.00160	0.00266	0.02486	0.00319	0.01961
1	0.00883	0.20205	0.13543	0.00725	0.02278	0.10991	0.00664	0.04972	0.01948	0.05571	0.19870	0.04561	0.06196	0.00532	0.00376	0.00108	0.02187	0.01896	0.00270	0.02223
2	0.08173	0.09928	0.26208	0.05236	0.21668	0.03951	0.06853	0.06793	0.00863	0.02732	0.00702	0.02498	0.00560	0.00371	0.00360	0.00113	0.01959	0.00309	0.00197	0.00525
3	0.03970	0.00758	0.00918	0.00712	0.00991	0.00747	0.00586	0.27603	0.03305	0.51253	0.04362	0.01187	0.00915	0.00464	0.00371	0.00114	0.00339	0.00368	0.00421	0.00614
4	0.00800	0.05652	0.22496	0.32234	0.13892	0.00866	0.01021	0.06511	0.04136	0.01187	0.05317	0.01065	0.02446	0.00401	0.00364	0.00117	0.00458	0.00341	0.00204	0.00492
5	0.03629	0.37734	0.18226	0.00884	0.06349	0.01114	0.04694	0.06892	0.06843	0.07686	0.02250	0.00841	0.00631	0.00367	0.00312	0.00101	0.00421	0.00281	0.00222	0.00525
6	0.00633	0.01839	0.01970	0.00547	0.02107	0.00469	0.00414	0.03732	0.10453	0.05547	0.07339	0.18993	0.36987	0.02916	0.00465	0.00135	0.00244	0.04478	0.00347	0.00383
7	0.00460	0.00339	0.00433	0.00505	0.00548	0.00312	0.00352	0.00537	0.00743	0.00968	0.02319	0.67507	0.15780	0.01117	0.00471	0.00148	0.00220	0.06591	0.00344	0.00306
8	0.01026	0.48261	0.11658	0.00837	0.06675	0.09445	0.00753	0.06504	0.03365	0.04174	0.00758	0.00822	0.03564	0.00371	0.00295	0.00094	0.00432	0.00263	0.00202	0.00501
9	0.00989	0.17564	0.20934	0.03209	0.13534	0.03662	0.04467	0.10332	0.04990	0.08171	0.02054	0.02259	0.00672	0.00467	0.02892	0.00124	0.02595	0.00321	0.00232	0.00532
10	0.00689	0.00426	0.00507	0.00490	0.00606	0.00391	0.00366	0.04557	0.00888	0.12313	0.11349	0.24247	0.27517	0.03686	0.00471	0.00135	0.00230	0.03254	0.07505	0.00372
11	0.10056	0.05003	0.25274	0.03451	0.04008	0.05404	0.04405	0.23591	0.06208	0.04692	0.00838	0.03968	0.00646	0.00418	0.00351	0.00115	0.00445	0.00330	0.00259	0.00539

[dist]
# distance from previous block
# <min> <max>
8	14

[block]
# block no. 6 follows, 74 sequences, length 38
# corresponding to MSA columns:
# 212-249
name=unknown_G
#
# <colnr> <probs for GDERKNQSTAVLIFYWHMCP>
#	G	D	E	R	K	N	Q	S	T	A	V	L	I	F	Y	W	H	M	C	P
0	0.01030	0.22318	0.08723	0.00733	0.01045	0.14320	0.00661	0.16465	0.00996	0.01281	0.00741	0.00813	0.02877	0.00360	0.00305	0.00086	0.00414	0.00260	0.00226	0.26346
1	0.02381	0.00760	0.00735	0.00659	0.00825	0.13729	0.00500	0.17261	0.01017	0.10470	0.01494	0.31724	0.07257	0.00726	0.00413	0.01376	0.00340	0.00602	0.00324	0.07408
2	0.00773	0.00771	0.04272	0.30029	0.33187	0.00783	0.05185	0.01886	0.03617	0.01132	0.04634	0.03748	0.07504	0.00443	0.00384	0.00119	0.00429	0.00409	0.00213	0.00483
3	0.00562	0.00398	0.00459	0.00441	0.00560	0.00350	0.00331	0.00697	0.02243	0.07136	0.28330	0.09413	0.46005	0.00860	0.00435	0.00124	0.00197	0.00734	0.00373	0.00351
4	0.01133	0.01277	0.01000	0.01016	0.10662	0.44807	0.00706	0.02908	0.21724	0.01148	0.02543	0.01128	0.02878	0.00500	0.02113	0.00119	0.00519	0.03083	0.00253	0.00482
5	0.08283	0.00840	0.00954	0.00759	0.01020	0.09591	0.05298	0.18367	0.01132	0.41895	0.01180	0.07148	0.00863	0.00481	0.00369	0.00115	0.00380	0.00390	0.00372	0.00562
6	0.01514	0.00736	0.00912	0.00713	0.00989	0.00715	0.00587	0.24356	0.03735	0.55206	0.01335	0.03623	0.00917	0.00490	0.00379	0.00117	0.00339	0.02297	0.00427	0.00614
7	0.00534	0.00381	0.00513	0.00513	0.00550	0.00418	0.00359	0.00609	0.00572	0.00799	0.01071	0.01884	0.01113	0.39664	0.48856	0.00493	0.00716	0.00460	0.00210	0.00285
8	0.00531	0.00396	0.00588	0.00588	0.00651	0.00459	0.00453	0.00657	0.00594	0.00855	0.01002	0.01503	0.00947	0.06655	0.81640	0.00586	0.00965	0.00404	0.00200	0.00327
9	0.06613	0.01672	0.00908	0.02249	0.09990	0.03286	0.00623	0.34931	0.01153	0.02495	0.01158	0.25102	0.01138	0.02553	0.01971	0.00138	0.02691	0.00530	0.00313	0.00488
10	0.01013	0.00706	0.03367	0.00672	0.00885	0.00709	0.00547	0.07392	0.36543	0.19413	0.18849	0.01635	0.03018	0.00545	0.00386	0.00119	0.00284	0.00456	0.02924	0.00537
11	0.01081	0.01132	0.01066	0.03159	0.20011	0.32479	0.02509	0.13514	0.02144	0.01217	0.01020	0.07677	0.06689	0.00506	0.00400	0.02602	0.00482	0.00389	0.01450	0.00472
12	0.03227	0.00655	0.00782	0.00638	0.00863	0.00649	0.00516	0.20605	0.03689	0.38040	0.01317	0.07344	0.00990	0.00513	0.00359	0.00113	0.00304	0.02271	0.16581	0.00543
13	0.00850	0.10489	0.39231	0.01186	0.10198	0.02333	0.16292	0.06362	0.00864	0.01203	0.00783	0.04635	0.01771	0.00394	0.00379	0.00116	0.01853	0.00348	0.00191	0.00523
14	0.00554	0.00479	0.03003	0.00606	0.00675	0.03151	0.00470	0.00672	0.00656	0.00909	0.03491	0.23725	0.01364	0.04349	0.50430	0.00415	0.03908	0.00569	0.00240	0.00333
15	0.00689	0.02143	0.00703	0.00649	0.00738	0.09093	0.01863	0.00812	0.00686	0.03497	0.02493	0.01542	0.00983	0.08222	0.52744	0.00430	0.04867	0.04321	0.03173	0.00353
16	0.00867	0.00905	0.05968	0.08732	0.57025	0.00859	0.11020	0.01896	0.00839	0.01183	0.00774	0.03803	0.00669	0.00382	0.00392	0.00117	0.01462	0.02369	0.00192	0.00544
17	0.01847	0.00455	0.00589	0.03808	0.04830	0.00437	0.00431	0.02066	0.00825	0.12607	0.09014	0.27435	0.22108	0.08248	0.01446	0.00155	0.02279	0.00709	0.00334	0.00375
18	0.00961	0.02114	0.01323	0.05438	0.49452	0.12754	0.03298	0.04742	0.03588	0.01179	0.00786	0.06325	0.00698	0.00420	0.00418	0.00115	0.05286	0.00368	0.00207	0.00528
19	0.11669	0.02439	0.16493	0.06193	0.22359	0.13459	0.00911	0.10438	0.00942	0.08107	0.00725	0.00840	0.00549	0.00379	0.00367	0.00112	0.02972	0.00293	0.00227	0.00526
20	0.01049	0.53219	0.13336	0.00805	0.02884	0.21232	0.00768	0.01209	0.00831	0.00931	0.00555	0.00646	0.00478	0.00338	0.00280	0.00089	0.00483	0.00222	0.00167	0.00478
21	0.00542	0.00391	0.00519	0.00514	0.00547	0.00432	0.00358	0.00610	0.00568	0.00794	0.01065	0.01910	0.01120	0.43392	0.42816	0.00470	0.02996	0.00464	0.00210	0.00282
22	0.01345	0.01580	0.01025	0.00918	0.01120	0.68349	0.00696	0.06082	0.10505	0.03880	0.00728	0.00783	0.00576	0.00402	0.00343	0.00101	0.00600	0.00269	0.00231	0.00466
23	0.01232	0.07195	0.08446	0.00854	0.03478	0.15399	0.01806	0.28354	0.03255	0.15907	0.01014	0.09600	0.00825	0.00489	0.00366	0.00112	0.00430	0.00386	0.00311	0.00541
24	0.00536	0.00376	0.00485	0.00484	0.00513	0.00402	0.00325	0.00593	0.00574	0.00794	0.02909	0.02042	0.01225	0.50913	0.35792	0.00451	0.00613	0.00485	0.00218	0.00271
25	0.00530	0.00398	0.00597	0.00597	0.00663	0.00464	0.00464	0.00663	0.00597	0.00862	0.00994	0.01458	0.00928	0.02784	0.85484	0.00597	0.00994	0.00398	0.00199	0.00331
26	0.00704	0.00561	0.00799	0.14458	0.05220	0.00650	0.00624	0.06955	0.08600	0.02595	0.01005	0.04845	0.00890	0.01718	0.45855	0.00377	0.03096	0.00406	0.00232	0.00410
27	0.01173	0.01345	0.01041	0.00918	0.01122	0.47535	0.05389	0.01631	0.31469	0.01161	0.00926	0.00954	0.00724	0.00430	0.00378	0.00110	0.02627	0.00319	0.00259	0.00491
28	0.21141	0.00884	0.00914	0.00725	0.00993	0.00972	0.00596	0.49180	0.05191	0.10611	0.00909	0.00909	0.00647	0.00426	0.00335	0.00112	0.00356	0.00313	0.04219	0.00565
29	0.00452	0.00323	0.00431	0.00517	0.00538	0.00301	0.00345	0.00517	0.00711	0.00948	0.02046	0.86713	0.02455	0.01163	0.00474	0.00151	0.00215	0.01055	0.00345	0.00301
30	0.00461	0.00334	0.00454	0.03389	0.00606	0.00319	0.00368	0.00531	0.00712	0.00948	0.01999	0.83835	0.02389	0.01136	0.00470	0.00150	0.00225	0.01031	0.00339	0.00305
31	0.00533	0.00387	0.00542	0.00542	0.00589	0.00434	0.00396	0.00628	0.00580	0.00821	0.01044	0.01736	0.01048	0.26844	0.61589	0.00529	0.00813	0.00438	0.00206	0.00301
32	0.00451	0.00327	0.00427	0.00507	0.00536	0.00302	0.00340	0.00518	0.00720	0.00951	0.02168	0.80787	0.08302	0.01147	0.00471	0.00149	0.00213	0.01036	0.00345	0.00302
33	0.01483	0.00924	0.01042	0.00799	0.01093	0.00980	0.00660	0.60302	0.01552	0.25712	0.01053	0.00997	0.00713	0.00449	0.00372	0.00112	0.00382	0.00345	0.00396	0.00631
34	0.00967	0.00677	0.00714	0.00618	0.00803	0.00745	0.00488	0.21075	0.30074	0.03578	0.01245	0.01263	0.00937	0.00461	0.00330	0.00107	0.00275	0.00370	0.34768	0.00505
35	0.00643	0.00436	0.00523	0.00502	0.00621	0.00409	0.00379	0.04903	0.02838	0.09058	0.18043	0.19129	0.31596	0.01002	0.06497	0.00161	0.00277	0.02251	0.00359	0.00372
36	0.02968	0.31127	0.17058	0.00888	0.02185	0.07365	0.12149	0.04649	0.06091	0.01141	0.00678	0.00778	0.00543	0.00341	0.00314	0.00097	0.00455	0.00272	0.00196	0.10704
37	0.02611	0.12405	0.03985	0.00864	0.08486	0.16014	0.01510	0.11249	0.05927	0.06475	0.03888	0.12522	0.04131	0.01343	0.00380	0.00112	0.01100	0.01272	0.00273	0.05455

[dist]
# distance from previous block
# <min> <max>
2	16

[block]
# block no. 7 follows, 74 sequences, length 19
# corresponding to MSA columns:
# 266-284
name=unknown_H
#
# <colnr> <probs for GDERKNQSTAVLIFYWHMCP>
#	G	D	E	R	K	N	Q	S	T	A	V	L	I	F	Y	W	H	M	C	P
0	0.00874	0.05687	0.04747	0.02332	0.07959	0.02099	0.03655	0.12523	0.09808	0.07816	0.04966	0.21310	0.05005	0.02407	0.02169	0.00136	0.02483	0.00543	0.00306	0.03175
1	0.00869	0.13772	0.25571	0.00842	0.04388	0.04183	0.03454	0.03637	0.08830	0.07919	0.07690	0.06264	0.08219	0.00501	0.00363	0.00113	0.00397	0.00412	0.00261	0.02316
2	0.02105	0.15129	0.30122	0.04136	0.03105	0.08665	0.06898	0.01088	0.00802	0.04041	0.03335	0.09584	0.00825	0.03861	0.00439	0.00123	0.03060	0.00378	0.00206	0.02097
3	0.00821	0.00771	0.01311	0.09484	0.31581	0.03094	0.18277	0.03656	0.00824	0.01118	0.02618	0.07554	0.01696	0.01484	0.01773	0.10079	0.00457	0.02734	0.00210	0.00459
4	0.00801	0.03825	0.14442	0.04785	0.12086	0.01821	0.24315	0.02609	0.00880	0.03870	0.15892	0.03550	0.03124	0.02090	0.01968	0.00132	0.02652	0.00444	0.00240	0.00474
5	0.01020	0.06774	0.14419	0.04619	0.14508	0.15223	0.14534	0.07713	0.04634	0.06546	0.00847	0.05165	0.00692	0.00414	0.00371	0.00114	0.00497	0.01165	0.00230	0.00516
6	0.00502	0.00395	0.01968	0.03541	0.02063	0.00360	0.00357	0.00576	0.00707	0.00932	0.04502	0.39167	0.16940	0.23480	0.00824	0.00196	0.00266	0.00792	0.02129	0.00299
7	0.03454	0.00558	0.00743	0.02551	0.09245	0.00513	0.00511	0.01268	0.00939	0.37249	0.11447	0.01539	0.06490	0.00496	0.00355	0.00108	0.00277	0.00414	0.17850	0.03993
8	0.00641	0.00545	0.00748	0.02594	0.05554	0.03941	0.02325	0.00770	0.00649	0.00917	0.00888	0.01317	0.00828	0.06692	0.53822	0.02255	0.05622	0.00371	0.00197	0.09325
9	0.01029	0.39220	0.21222	0.00891	0.02515	0.23068	0.05109	0.01227	0.00846	0.00975	0.00581	0.00685	0.00482	0.00343	0.00302	0.00095	0.00516	0.00241	0.00169	0.00484
10	0.00458	0.00338	0.00430	0.00498	0.00542	0.00310	0.00344	0.00535	0.00750	0.00980	0.04921	0.66614	0.16503	0.01107	0.00468	0.00146	0.00214	0.04188	0.00346	0.00307
11	0.03850	0.00631	0.00686	0.00579	0.00757	0.00674	0.00463	0.30557	0.01122	0.06829	0.01145	0.01248	0.03341	0.00689	0.08915	0.00151	0.00353	0.00357	0.37188	0.00465
12	0.00498	0.00384	0.00439	0.00435	0.00546	0.00342	0.00329	0.00611	0.00854	0.03215	0.17077	0.07659	0.53988	0.01097	0.09026	0.00173	0.00275	0.02379	0.00344	0.00330
13	0.04062	0.00780	0.00943	0.00725	0.01014	0.00771	0.00599	0.31041	0.01295	0.52943	0.01232	0.01111	0.00801	0.00451	0.00369	0.00114	0.00348	0.00354	0.00421	0.00625
14	0.08028	0.00612	0.00794	0.00623	0.00888	0.00545	0.00511	0.01634	0.01017	0.70309	0.04888	0.01415	0.06044	0.00492	0.00369	0.00116	0.00300	0.00397	0.00433	0.00584
15	0.00452	0.00326	0.00428	0.00510	0.00536	0.00302	0.00341	0.00518	0.00718	0.00950	0.02134	0.82436	0.06675	0.01151	0.00472	0.00149	0.00214	0.01041	0.00345	0.00302
16	0.00452	0.00323	0.00431	0.00517	0.00538	0.00301	0.00345	0.00517	0.00711	0.00948	0.02046	0.86713	0.02455	0.01163	0.00474	0.00151	0.00215	0.01055	0.00345	0.00301
17	0.76980	0.00705	0.00591	0.00513	0.00751	0.00792	0.00423	0.01194	0.00693	0.13592	0.00653	0.00698	0.00476	0.00361	0.00250	0.00115	0.00291	0.00226	0.00263	0.00435
18	0.00989	0.73647	0.08961	0.00690	0.01018	0.05452	0.00701	0.01156	0.02836	0.00918	0.00556	0.00635	0.00492	0.00328	0.00256	0.00085	0.00420	0.00212	0.00166	0.00483

[dist]
# distance from previous block
# <min> <max>
0	1

[block]
# block no. 8 follows, 74 sequences, length 16
# corresponding to MSA columns:
# 286-301
name=unknown_I
#
# <colnr> <probs for GDERKNQSTAVLIFYWHMCP>
#	G	D	E	R	K	N	Q	S	T	A	V	L	I	F	Y	W	H	M	C	P
0	0.00449	0.00376	0.00390	0.00387	0.00508	0.00318	0.00290	0.00553	0.00871	0.01061	0.13457	0.03476	0.74756	0.00918	0.00439	0.00124	0.00186	0.00770	0.00352	0.00318
1	0.00539	0.00408	0.00605	0.00600	0.00662	0.00480	0.00465	0.00665	0.00594	0.00857	0.00986	0.01476	0.00931	0.05885	0.79901	0.00575	0.03442	0.00401	0.00199	0.00330
2	0.01299	0.01617	0.01056	0.00952	0.01120	0.72124	0.00725	0.01422	0.03549	0.00926	0.00592	0.00710	0.00499	0.00420	0.00448	0.00105	0.11553	0.00256	0.00193	0.00432
3	0.00536	0.00361	0.00419	0.00422	0.00427	0.00365	0.00245	0.00547	0.00549	0.00737	0.01187	0.05204	0.01358	0.78387	0.07479	0.00369	0.00398	0.00548	0.00227	0.00235
4	0.74611	0.00848	0.00623	0.00555	0.00782	0.11592	0.00448	0.01171	0.00704	0.05112	0.00564	0.00640	0.00434	0.00354	0.00249	0.00112	0.00337	0.00213	0.00235	0.00415
5	0.00744	0.01920	0.85032	0.01058	0.01607	0.00862	0.01371	0.01176	0.00784	0.01176	0.00666	0.00784	0.00470	0.00353	0.00353	0.00118	0.00549	0.00274	0.00157	0.00549
6	0.00449	0.00337	0.00416	0.00479	0.00528	0.00305	0.00328	0.00521	0.00747	0.00962	0.02508	0.64300	0.24570	0.01103	0.00464	0.00144	0.00208	0.00982	0.00345	0.00305
7	0.00447	0.00345	0.00408	0.00459	0.00523	0.00306	0.00319	0.00523	0.00766	0.00970	0.02748	0.52646	0.36069	0.01072	0.00459	0.00140	0.00204	0.00944	0.00345	0.00306
8	0.00843	0.11787	0.01038	0.00797	0.00957	0.13256	0.08818	0.06544	0.05453	0.01110	0.01295	0.22118	0.02413	0.00707	0.00467	0.00131	0.06475	0.15103	0.00273	0.00415
9	0.00910	0.00975	0.01122	0.00971	0.01004	0.15459	0.00796	0.00993	0.00651	0.00896	0.00502	0.00788	0.00486	0.00604	0.01068	0.00151	0.71737	0.00310	0.00167	0.00410
10	0.00865	0.26821	0.11949	0.00817	0.01176	0.02870	0.14412	0.01073	0.00791	0.01094	0.00631	0.00755	0.00518	0.00306	0.00302	0.00083	0.00413	0.00257	0.00188	0.34678
11	0.00492	0.00386	0.00440	0.00435	0.00528	0.00355	0.00322	0.00560	0.00802	0.01002	0.11933	0.07966	0.56336	0.00965	0.00605	0.11464	0.04079	0.00708	0.00320	0.00301
12	0.00543	0.00384	0.00488	0.00528	0.00587	0.00371	0.00389	0.00666	0.03103	0.02353	0.11802	0.30801	0.08922	0.16802	0.00732	0.00187	0.00269	0.20424	0.00332	0.00317
13	0.01045	0.11416	0.08369	0.04619	0.19078	0.17474	0.11069	0.09185	0.03278	0.04607	0.00767	0.02099	0.00629	0.04270	0.00424	0.00119	0.00495	0.00329	0.00219	0.00508
14	0.00990	0.06739	0.09298	0.00752	0.00991	0.04682	0.00655	0.25358	0.19487	0.03097	0.05544	0.03777	0.00987	0.03171	0.10304	0.00177	0.00448	0.00388	0.02641	0.00515
15	0.00546	0.00619	0.11217	0.00547	0.00693	0.03300	0.00469	0.02780	0.00824	0.01052	0.06173	0.30774	0.35530	0.03164	0.00472	0.00137	0.00269	0.00768	0.00316	0.00351

[dist]
# distance from previous block
# <min> <max>
0	10

[block]
# block no. 9 follows, 74 sequences, length 19
# corresponding to MSA columns:
# 312-330
name=unknown_J
#
# <colnr> <probs for GDERKNQSTAVLIFYWHMCP>
#	G	D	E	R	K	N	Q	S	T	A	V	L	I	F	Y	W	H	M	C	P
0	0.00937	0.06343	0.28683	0.01226	0.10422	0.08115	0.22122	0.04976	0.01975	0.04442	0.00725	0.00864	0.00546	0.00350	0.00375	0.00111	0.01450	0.00321	0.00199	0.05818
1	0.00735	0.02532	0.00722	0.00670	0.02064	0.11463	0.00506	0.07600	0.02588	0.01030	0.03889	0.04381	0.04063	0.07717	0.47002	0.00394	0.01615	0.00422	0.00234	0.00374
2	0.00978	0.17004	0.25570	0.01059	0.07789	0.10335	0.12866	0.04028	0.00863	0.07759	0.00741	0.00910	0.00586	0.04519	0.01844	0.00128	0.02000	0.00310	0.00203	0.00506
3	0.00669	0.00402	0.00618	0.00719	0.11616	0.00402	0.00434	0.00590	0.00566	0.00773	0.03219	0.01223	0.02741	0.01174	0.04069	0.68124	0.00351	0.00348	0.01724	0.00236
4	0.00466	0.00378	0.02928	0.00524	0.00572	0.00323	0.00375	0.00550	0.00741	0.00987	0.06037	0.73083	0.08029	0.01102	0.00467	0.00147	0.00224	0.02413	0.00342	0.00313
5	0.00676	0.00700	0.11858	0.05441	0.10406	0.00590	0.00631	0.04139	0.02696	0.02473	0.03302	0.06752	0.04867	0.23936	0.17881	0.00281	0.02283	0.00468	0.00232	0.00388
6	0.04045	0.14067	0.13498	0.03274	0.09162	0.09364	0.24213	0.04674	0.00884	0.08039	0.00722	0.00863	0.00552	0.00364	0.00400	0.00113	0.04722	0.00323	0.00209	0.00511
7	0.00470	0.00333	0.00435	0.00506	0.00527	0.00317	0.00335	0.00529	0.00685	0.00915	0.01888	0.70300	0.02246	0.13947	0.02816	0.00193	0.00259	0.02685	0.00323	0.00292
8	0.00464	0.00344	0.00435	0.00490	0.00541	0.00314	0.00342	0.00553	0.00786	0.01035	0.13284	0.57439	0.17739	0.01064	0.00464	0.00142	0.00209	0.03691	0.00353	0.00312
9	0.00904	0.01132	0.12179	0.00932	0.01143	0.23428	0.14026	0.02503	0.05654	0.01050	0.02768	0.07404	0.03332	0.08580	0.03130	0.00158	0.09635	0.01390	0.00222	0.00430
10	0.04790	0.05218	0.00979	0.00805	0.05154	0.07176	0.01655	0.16569	0.12626	0.29083	0.02853	0.01173	0.02610	0.00607	0.05930	0.00145	0.01365	0.00361	0.00346	0.00555
11	0.00462	0.00336	0.00436	0.00497	0.00538	0.00310	0.00340	0.00546	0.00774	0.01035	0.14788	0.66803	0.09599	0.01082	0.00465	0.00143	0.00207	0.00973	0.00354	0.00310
12	0.01191	0.01291	0.00949	0.00838	0.01036	0.45289	0.00643	0.14426	0.16451	0.01330	0.11883	0.01114	0.01023	0.00465	0.00362	0.00106	0.00494	0.00345	0.00283	0.00480
13	0.04904	0.02553	0.11656	0.00821	0.01101	0.12537	0.05427	0.24554	0.01164	0.15432	0.08079	0.02898	0.04214	0.00487	0.00373	0.00114	0.00420	0.02429	0.00314	0.00523
14	0.77855	0.00745	0.00707	0.00689	0.07677	0.00842	0.04606	0.01100	0.00661	0.01604	0.00543	0.00649	0.00425	0.00342	0.00251	0.00115	0.00317	0.00224	0.00224	0.00422
15	0.01059	0.48780	0.02912	0.00786	0.02297	0.20478	0.02048	0.02718	0.00828	0.02627	0.00586	0.00707	0.00515	0.00489	0.04614	0.00119	0.07554	0.00241	0.00179	0.00462
16	0.00476	0.00349	0.00411	0.00446	0.00490	0.00323	0.00294	0.00533	0.00706	0.00911	0.04663	0.38236	0.23355	0.26058	0.00876	0.00204	0.00249	0.00824	0.00312	0.00284
17	0.02417	0.12463	0.08574	0.00940	0.09238	0.11547	0.06878	0.05990	0.05101	0.10315	0.02790	0.14842	0.02425	0.00524	0.00381	0.00114	0.01895	0.00441	0.00265	0.02860
18	0.00973	0.06765	0.18848	0.03444	0.27659	0.04303	0.14526	0.06152	0.03229	0.07422	0.01763	0.00932	0.00621	0.00364	0.00377	0.00113	0.01408	0.00334	0.00216	0.00549

[dist]
# distance from previous block
# <min> <max>
0	5

[block]
# block no. 10 follows, 74 sequences, length 6
# corresponding to MSA columns:
# 336-341
name=unknown_K
#
# <colnr> <probs for GDERKNQSTAVLIFYWHMCP>
#	G	D	E	R	K	N	Q	S	T	A	V	L	I	F	Y	W	H	M	C	P
0	0.00538	0.00365	0.00431	0.00431	0.00440	0.00374	0.00258	0.00557	0.00548	0.00739	0.01145	0.02295	0.01291	0.75349	0.13416	0.00392	0.00447	0.00520	0.00221	0.00240
1	0.08515	0.21381	0.12230	0.00822	0.01113	0.18864	0.05448	0.09825	0.11129	0.01248	0.00903	0.00953	0.05245	0.00409	0.00326	0.00105	0.00455	0.00305	0.00232	0.00492
2	0.01003	0.05692	0.12317	0.04202	0.33164	0.10860	0.09705	0.06362	0.02817	0.04975	0.00729	0.00885	0.00573	0.00371	0.00405	0.00113	0.04758	0.00321	0.00207	0.00539
3	0.00761	0.00570	0.00647	0.04472	0.00788	0.04642	0.00469	0.16316	0.00945	0.03759	0.05737	0.27173	0.13699	0.00927	0.02471	0.11686	0.00320	0.03930	0.00314	0.00373
4	0.00662	0.00500	0.00594	0.00605	0.03823	0.00493	0.00435	0.10865	0.06513	0.03506	0.09466	0.25402	0.28232	0.00906	0.02423	0.00142	0.00267	0.04426	0.00349	0.00391
5	0.06031	0.06332	0.03867	0.03393	0.13714	0.10884	0.09134	0.12887	0.03695	0.14432	0.02457	0.00945	0.00675	0.00391	0.00373	0.00108	0.02714	0.00322	0.00267	0.07379

[dist]
# distance from previous block
# <min> <max>
2	7

[block]
# block no. 11 follows, 74 sequences, length 23
# corresponding to MSA columns:
# 349-371
name=unknown_L
#
# <colnr> <probs for GDERKNQSTAVLIFYWHMCP>
#	G	D	E	R	K	N	Q	S	T	A	V	L	I	F	Y	W	H	M	C	P
0	0.07068	0.01027	0.12373	0.01940	0.10508	0.08423	0.06935	0.11605	0.08893	0.06406	0.02559	0.01045	0.04128	0.00401	0.00349	0.00105	0.00411	0.00332	0.00260	0.15230
1	0.00952	0.02791	0.01528	0.05966	0.49516	0.09193	0.15239	0.02381	0.04112	0.01179	0.00718	0.00920	0.00585	0.00352	0.00399	0.00114	0.02979	0.00341	0.00193	0.00542
2	0.00901	0.00809	0.09189	0.00761	0.04360	0.03900	0.02065	0.19006	0.07198	0.07660	0.14270	0.05658	0.10537	0.00807	0.09042	0.00166	0.00407	0.00478	0.02309	0.00477
3	0.00893	0.01809	0.00890	0.00740	0.07387	0.00625	0.01408	0.07827	0.06580	0.05913	0.00803	0.02070	0.00646	0.00332	0.00306	0.00074	0.00307	0.00274	0.00254	0.60861
4	0.00673	0.07826	0.05515	0.00620	0.02265	0.00566	0.04960	0.05987	0.01661	0.03721	0.09718	0.14730	0.25135	0.10364	0.00572	0.00147	0.00300	0.01766	0.00301	0.03174
5	0.00555	0.00475	0.00542	0.00638	0.05658	0.06733	0.00415	0.00643	0.00786	0.01010	0.08690	0.59723	0.10734	0.00998	0.00450	0.00139	0.00257	0.00891	0.00329	0.00334
6	0.01052	0.01093	0.23863	0.02641	0.08763	0.01925	0.09028	0.14475	0.02091	0.18651	0.03278	0.05814	0.00827	0.00526	0.03201	0.00134	0.01420	0.00387	0.00282	0.00546
7	0.01065	0.01106	0.11432	0.01139	0.10779	0.11649	0.13814	0.14789	0.08534	0.08457	0.00892	0.04473	0.00707	0.00448	0.00463	0.00120	0.08973	0.00371	0.00258	0.00530
8	0.01207	0.04614	0.01200	0.10622	0.01319	0.14408	0.02794	0.13714	0.01043	0.05454	0.01023	0.06458	0.00934	0.06320	0.03646	0.00199	0.23730	0.00447	0.00308	0.00558
9	0.00682	0.03334	0.31944	0.00878	0.02222	0.01996	0.11386	0.00928	0.00798	0.02569	0.06238	0.23587	0.05055	0.03565	0.00458	0.00136	0.00413	0.03127	0.00247	0.00436
10	0.05688	0.08019	0.05729	0.00863	0.09454	0.05093	0.03369	0.17499	0.03831	0.05667	0.09391	0.04751	0.04440	0.02294	0.00385	0.00110	0.00363	0.00388	0.01278	0.11388
11	0.00533	0.00357	0.00407	0.00413	0.00415	0.00355	0.00234	0.00538	0.00553	0.00737	0.01236	0.08803	0.01433	0.80467	0.01782	0.00344	0.00349	0.00579	0.00234	0.00231
