[name]
unknown

[dist]
# distance from previous block
# <min> <max>
0	232

[block]
# block no. 0 follows, 75 sequences, length 8
# corresponding to MSA columns:
# 232-239
name=unknown_A
#
# <colnr> <probs for GDERKNQSTAVLIFYWHMCP>
#	G	D	E	R	K	N	Q	S	T	A	V	L	I	F	Y	W	H	M	C	P
0	0.02502	0.02279	0.00806	0.00796	0.08028	0.00605	0.03448	0.12219	0.04501	0.02819	0.24102	0.04789	0.01927	0.00704	0.00426	0.00130	0.00313	0.26205	0.00336	0.03065
1	0.00819	0.00814	0.01179	0.01154	0.13288	0.01088	0.00851	0.00920	0.00603	0.00930	0.00513	0.00819	0.00497	0.00596	0.01082	0.00153	0.73781	0.00322	0.00164	0.00428
2	0.00762	0.00659	0.00938	0.00919	0.10455	0.00710	0.09231	0.05189	0.26224	0.01284	0.11351	0.01491	0.03072	0.01138	0.24609	0.00253	0.00527	0.00435	0.00285	0.00468
3	0.01439	0.00683	0.00937	0.00887	0.12437	0.00640	0.00626	0.01723	0.13236	0.61283	0.01352	0.01221	0.00895	0.00444	0.00369	0.00115	0.00326	0.00370	0.00405	0.00613
4	0.00738	0.03814	0.55851	0.03561	0.03585	0.00809	0.06747	0.01116	0.05742	0.01111	0.00780	0.01054	0.00634	0.12245	0.00562	0.00149	0.00499	0.00328	0.00181	0.00493
5	0.00517	0.00370	0.00499	0.00511	0.00547	0.00400	0.00358	0.00592	0.00586	0.00814	0.01189	0.13497	0.01276	0.32917	0.43785	0.00445	0.00652	0.00533	0.00226	0.00286
6	0.00515	0.00591	0.12900	0.00576	0.00706	0.00419	0.00492	0.00697	0.05740	0.01018	0.02137	0.52138	0.18780	0.00949	0.00438	0.00138	0.00261	0.00838	0.00316	0.00354
7	0.01013	0.30300	0.13851	0.00832	0.04360	0.05177	0.04173	0.14712	0.02555	0.04449	0.00691	0.00766	0.00545	0.00346	0.00306	0.00092	0.00417	0.00261	0.00220	0.14936

[dist]
# distance from previous block
# <min> <max>
0	7

[block]
# block no. 1 follows, 75 sequences, length 81
# corresponding to MSA columns:
# 247-327
name=unknown_B
#
# <colnr> <probs for GDERKNQSTAVLIFYWHMCP>
#	G	D	E	R	K	N	Q	S	T	A	V	L	I	F	Y	W	H	M	C	P
0	0.00939	0.00778	0.00817	0.00726	0.01801	0.04164	0.00556	0.06162	0.56606	0.05329	0.04016	0.01366	0.01096	0.05407	0.02180	0.00139	0.00327	0.00401	0.00346	0.06843
1	0.00967	0.16822	0.26782	0.00920	0.02191	0.07104	0.09215	0.14807	0.00955	0.02328	0.00677	0.00779	0.00520	0.00352	0.00344	0.00100	0.02033	0.00277	0.00209	0.12617
2	0.00461	0.00384	0.00407	0.00404	0.00529	0.00325	0.00308	0.00566	0.00847	0.01039	0.09207	0.04638	0.70074	0.00902	0.00433	0.00124	0.00197	0.05350	0.00341	0.03465
3	0.04991	0.00967	0.01053	0.00859	0.04015	0.01066	0.00680	0.67245	0.07242	0.03180	0.00907	0.00919	0.00656	0.00485	0.02250	0.00121	0.00402	0.00331	0.00350	0.02280
4	0.01402	0.01020	0.01097	0.00841	0.01135	0.01126	0.00695	0.81806	0.01712	0.04106	0.00894	0.00890	0.00631	0.00441	0.00367	0.00110	0.00402	0.00332	0.00369	0.00625
5	0.00473	0.00369	0.00429	0.00424	0.00522	0.00325	0.00314	0.00598	0.00914	0.01198	0.38997	0.10393	0.41988	0.00871	0.00437	0.00122	0.00183	0.00750	0.00369	0.00325
6	0.00447	0.00320	0.00426	0.00511	0.00533	0.00298	0.00341	0.00511	0.00703	0.00938	0.02024	0.86853	0.02429	0.01151	0.00469	0.00149	0.00213	0.01044	0.00341	0.00298
7	0.02879	0.00849	0.01447	0.01062	0.01384	0.00810	0.35793	0.15198	0.01078	0.34062	0.01037	0.01066	0.00703	0.00389	0.00394	0.00117	0.00458	0.00387	0.00322	0.00566
8	0.84673	0.00707	0.00552	0.00486	0.00719	0.00805	0.00400	0.01071	0.00633	0.01622	0.00519	0.00606	0.00406	0.00337	0.00230	0.00110	0.00283	0.00200	0.00227	0.05413
9	0.82804	0.00735	0.00584	0.00511	0.00744	0.00848	0.00421	0.07511	0.00711	0.01700	0.00540	0.00619	0.00415	0.00349	0.00238	0.00113	0.00293	0.00209	0.00238	0.00415
10	0.00525	0.00394	0.00590	0.00590	0.00656	0.00459	0.00459	0.00656	0.00590	0.00853	0.00984	0.01443	0.00918	0.02755	0.85637	0.00590	0.00984	0.00394	0.00197	0.00328
11	0.01367	0.01498	0.01009	0.00893	0.01086	0.65244	0.00681	0.04370	0.01033	0.12431	0.00706	0.00791	0.00555	0.02062	0.00410	0.00106	0.04803	0.00268	0.00231	0.00455
12	0.00822	0.00834	0.01122	0.00964	0.00970	0.03831	0.00801	0.00903	0.00578	0.00884	0.00485	0.00799	0.00482	0.00634	0.01177	0.00159	0.83673	0.00319	0.00162	0.00403
13	0.00768	0.00646	0.00757	0.00544	0.00864	0.00487	0.00435	0.00931	0.00771	0.02284	0.02523	0.00812	0.00613	0.00285	0.00277	0.00057	0.00270	0.00229	0.00225	0.86223
14	0.00454	0.00325	0.00432	0.00507	0.00534	0.00303	0.00341	0.00528	0.00734	0.00987	0.09604	0.79133	0.02524	0.01114	0.00466	0.00146	0.00209	0.01009	0.00347	0.00303
15	0.00909	0.00608	0.00712	0.00648	0.00799	0.00632	0.00492	0.23952	0.10589	0.11516	0.01576	0.42823	0.01594	0.00795	0.00418	0.00131	0.00287	0.00692	0.00366	0.00461
16	0.00694	0.00653	0.01102	0.86210	0.02530	0.00816	0.01020	0.00938	0.00734	0.00938	0.00653	0.00979	0.00490	0.00367	0.00367	0.00122	0.00490	0.00326	0.00163	0.00408
17	0.00812	0.04967	0.63215	0.01077	0.01563	0.00870	0.13685	0.02290	0.00817	0.04950	0.01973	0.00853	0.00547	0.00354	0.00360	0.00116	0.00531	0.00304	0.00180	0.00535
18	0.00638	0.00319	0.00478	0.00478	0.00478	0.00319	0.00319	0.00478	0.00478	0.00638	0.00638	0.01116	0.00638	0.01276	0.01435	0.89314	0.00319	0.00319	0.00159	0.00159
19	0.00865	0.00985	0.02136	0.01530	0.01891	0.00935	0.80980	0.01168	0.00858	0.01168	0.00735	0.00985	0.00555	0.00320	0.00457	0.00125	0.03201	0.00430	0.00185	0.00493
20	0.01212	0.01171	0.01194	0.00968	0.01187	0.27798	0.12064	0.26658	0.01149	0.06296	0.00779	0.03880	0.00627	0.00458	0.00489	0.00116	0.12852	0.00341	0.00261	0.00500
21	0.05634	0.03865	0.69865	0.01036	0.02939	0.05648	0.03717	0.01174	0.00785	0.01168	0.00645	0.00764	0.00467	0.00348	0.00341	0.00114	0.00532	0.00269	0.00162	0.00526
22	0.00781	0.00710	0.01128	0.71387	0.09167	0.02290	0.00996	0.05639	0.00810	0.02645	0.00683	0.00968	0.00513	0.00370	0.00366	0.00120	0.00480	0.00326	0.00182	0.00439
23	0.00808	0.00871	0.01780	0.07639	0.01721	0.00844	0.60857	0.02139	0.02709	0.01172	0.04539	0.02390	0.05500	0.00413	0.00446	0.00126	0.02444	0.02922	0.00215	0.00466
24	0.00447	0.00320	0.00426	0.00511	0.00533	0.00298	0.00341	0.00511	0.00703	0.00938	0.02024	0.86853	0.02429	0.01151	0.00469	0.00149	0.00213	0.01044	0.00341	0.00298
25	0.00958	0.02711	0.00951	0.02099	0.01806	0.04597	0.03276	0.04067	0.61482	0.04227	0.01280	0.01232	0.00968	0.00489	0.00444	0.00125	0.08011	0.00389	0.00334	0.00554
26	0.00909	0.00871	0.01478	0.02225	0.83175	0.00873	0.01117	0.01143	0.02452	0.01206	0.00706	0.00918	0.00592	0.00331	0.00364	0.00109	0.00433	0.00329	0.00186	0.00582
27	0.02514	0.11527	0.01169	0.00916	0.03764	0.48714	0.00706	0.23969	0.01183	0.01304	0.00650	0.00721	0.00517	0.00386	0.00330	0.00098	0.00548	0.00260	0.00235	0.00490
28	0.00611	0.00444	0.00601	0.00670	0.00764	0.00448	0.00581	0.02236	0.03808	0.01132	0.01977	0.03965	0.05180	0.00983	0.00497	0.00165	0.00332	0.74912	0.00340	0.00351
29	0.00516	0.00348	0.00406	0.00424	0.00429	0.00344	0.00248	0.00529	0.00570	0.00761	0.01343	0.20537	0.01570	0.68639	0.01569	0.00312	0.00325	0.00644	0.00248	0.00239
30	0.00440	0.00372	0.00380	0.00378	0.00500	0.00313	0.00284	0.00539	0.00851	0.01025	0.09290	0.03480	0.79063	0.00918	0.00434	0.00123	0.00185	0.00767	0.00345	0.00313
31	0.00531	0.00364	0.00446	0.00447	0.00463	0.00380	0.00281	0.00563	0.00550	0.00749	0.01128	0.03341	0.01251	0.65784	0.21835	0.00409	0.00504	0.00508	0.00218	0.00249
32	0.00762	0.00653	0.00762	0.00544	0.00870	0.00490	0.00435	0.00925	0.00762	0.01197	0.00653	0.00762	0.00544	0.00272	0.00272	0.00054	0.00272	0.00218	0.00218	0.89338
33	0.00446	0.00324	0.00421	0.00499	0.00529	0.00299	0.00335	0.00513	0.00715	0.00942	0.02176	0.79386	0.09798	0.01131	0.00466	0.00147	0.00211	0.01020	0.00341	0.00299
34	0.00534	0.00356	0.00401	0.00401	0.00401	0.00356	0.00223	0.00534	0.00534	0.00712	0.01157	0.02403	0.01335	0.87092	0.01869	0.00356	0.00356	0.00534	0.00223	0.00223
35	0.00473	0.00374	0.00426	0.00418	0.00524	0.00327	0.00315	0.00599	0.00917	0.01189	0.36503	0.04843	0.48253	0.00863	0.00436	0.00122	0.00185	0.02542	0.00367	0.00325
36	0.01262	0.00962	0.01027	0.00818	0.01088	0.01076	0.00666	0.60926	0.24596	0.02099	0.01052	0.01017	0.00762	0.00457	0.00369	0.00114	0.00373	0.00354	0.00369	0.00613
37	0.00978	0.82435	0.01863	0.00635	0.00943	0.01423	0.00626	0.01148	0.05448	0.00902	0.00566	0.00633	0.00508	0.00325	0.00243	0.00081	0.00387	0.00209	0.00169	0.00478
38	0.00916	0.27690	0.08231	0.03055	0.01021	0.13328	0.04023	0.11246	0.00945	0.01133	0.02611	0.02202	0.18828	0.00511	0.00343	0.00105	0.00407	0.02719	0.00239	0.00447
39	0.00836	0.13409	0.11479	0.00626	0.00970	0.00677	0.00585	0.01024	0.00774	0.05882	0.00684	0.00779	0.00551	0.00346	0.01921	0.00079	0.00339	0.00233	0.00214	0.58589
40	0.00980	0.67423	0.14044	0.00717	0.01054	0.08624	0.00742	0.01141	0.00776	0.00911	0.00537	0.00623	0.00471	0.00325	0.00260	0.00085	0.00438	0.00211	0.00160	0.00478
41	0.00821	0.20632	0.60216	0.00929	0.01397	0.00982	0.01135	0.01208	0.05476	0.02976	0.00691	0.00778	0.00513	0.00352	0.00326	0.00108	0.00490	0.00265	0.00174	0.00531
42	0.00796	0.09787	0.66991	0.00952	0.01426	0.01861	0.01180	0.02035	0.00797	0.03949	0.01864	0.00892	0.00574	0.01353	0.00358	0.00115	0.00501	0.01706	0.02339	0.00524
43	0.00958	0.02046	0.03889	0.00797	0.02067	0.05680	0.03099	0.09610	0.58564	0.01509	0.02047	0.01278	0.01004	0.03048	0.00412	0.00126	0.00342	0.00392	0.02579	0.00552
44	0.00927	0.10607	0.18756	0.00725	0.03212	0.00684	0.00682	0.01159	0.03780	0.18170	0.03923	0.08860	0.02454	0.00449	0.00337	0.00098	0.00346	0.00369	0.00270	0.24192
45	0.00441	0.00374	0.00382	0.00385	0.00508	0.00315	0.00293	0.00537	0.00838	0.00997	0.03643	0.03561	0.81058	0.00934	0.00437	0.00126	0.00193	0.04327	0.00341	0.00311
46	0.00846	0.20758	0.22066	0.00730	0.01088	0.00853	0.01543	0.02469	0.00776	0.03582	0.00641	0.00747	0.00517	0.00330	0.00342	0.00085	0.05231	0.00240	0.00194	0.36962
47	0.01388	0.00984	0.01068	0.00824	0.01111	0.01079	0.00679	0.75238	0.02873	0.07885	0.00951	0.02565	0.00686	0.00456	0.00370	0.00111	0.00393	0.00348	0.00373	0.00618
48	0.00447	0.00320	0.00426	0.00511	0.00533	0.00298	0.00341	0.00511	0.00703	0.00938	0.02024	0.86853	0.02429	0.01151	0.00469	0.00149	0.00213	0.01044	0.00341	0.00298
49	0.00762	0.00653	0.00762	0.00544	0.00870	0.00490	0.00435	0.00925	0.00762	0.01197	0.00653	0.00762	0.00544	0.00272	0.00272	0.00054	0.00272	0.00218	0.00218	0.89338
50	0.12674	0.01553	0.03982	0.02256	0.06063	0.65419	0.00722	0.01378	0.00961	0.01023	0.00572	0.00677	0.00470	0.00369	0.00321	0.00099	0.00593	0.00240	0.00192	0.00435
51	0.00520	0.00483	0.00698	0.00596	0.00760	0.00425	0.14737	0.00655	0.00843	0.01031	0.03088	0.03133	0.64653	0.00828	0.00439	0.00127	0.00271	0.06056	0.00314	0.00344
52	0.00916	0.00886	0.01412	0.10044	0.70087	0.04464	0.01080	0.03238	0.00858	0.01190	0.00706	0.00953	0.00593	0.00346	0.00365	0.00111	0.00449	0.01558	0.00187	0.00556
53	0.00703	0.00672	0.01162	0.81436	0.02495	0.00822	0.05669	0.00952	0.00742	0.00952	0.00658	0.00980	0.00493	0.00364	0.00371	0.00122	0.00497	0.00332	0.00164	0.00413
54	0.00570	0.00398	0.00528	0.08193	0.00665	0.00430	0.00366	0.00595	0.00577	0.00779	0.04043	0.01928	0.03212	0.46339	0.12236	0.14826	0.03385	0.00466	0.00211	0.00255
55	0.89687	0.00710	0.00540	0.00483	0.00710	0.00824	0.00398	0.01080	0.00625	0.01648	0.00511	0.00597	0.00398	0.00341	0.00227	0.00114	0.00284	0.00199	0.00227	0.00398
56	0.00529	0.00414	0.00474	0.00461	0.00560	0.02240	0.00343	0.00691	0.03443	0.02174	0.46092	0.11639	0.27927	0.00828	0.00432	0.00121	0.00197	0.00717	0.00373	0.00342
57	0.03023	0.01632	0.01066	0.02582	0.07119	0.74572	0.00739	0.03203	0.01027	0.00966	0.00584	0.00689	0.00483	0.00375	0.00333	0.00097	0.00630	0.00246	0.00193	0.00440
58	0.00887	0.00844	0.01400	0.10706	0.69894	0.00870	0.01074	0.01172	0.07294	0.01199	0.00749	0.00952	0.00614	0.00345	0.00365	0.00112	0.00430	0.00334	0.00195	0.00564
59	0.00452	0.00334	0.00423	0.00485	0.00530	0.00305	0.00334	0.00529	0.00751	0.00983	0.07309	0.64858	0.17898	0.01083	0.00461	0.00143	0.00208	0.02267	0.00345	0.00304
60	0.02088	0.00498	0.00624	0.01639	0.07236	0.01601	0.00446	0.01796	0.03875	0.15331	0.25368	0.11443	0.25144	0.00733	0.00413	0.00121	0.00244	0.00631	0.00361	0.00410
61	0.08023	0.11224	0.05418	0.00670	0.00990	0.03650	0.05556	0.02341	0.00821	0.13172	0.00744	0.00810	0.00571	0.00321	0.00295	0.00080	0.00344	0.00253	0.00241	0.44472
62	0.00530	0.00398	0.00586	0.00583	0.00643	0.00463	0.00449	0.00651	0.00586	0.00844	0.00988	0.01498	0.00940	0.08446	0.78605	0.00568	0.02303	0.00402	0.00198	0.00322
63	0.00495	0.00358	0.00468	0.00480	0.00547	0.00331	0.00348	0.00629	0.00917	0.01272	0.52796	0.30598	0.05692	0.00895	0.00447	0.00128	0.00191	0.02698	0.00380	0.00329
64	0.09761	0.11837	0.13245	0.09422	0.27709	0.00881	0.00886	0.03320	0.03488	0.12337	0.03216	0.00938	0.00670	0.00371	0.00335	0.00109	0.00407	0.00308	0.00231	0.00527
65	0.09907	0.00859	0.06825	0.00690	0.02031	0.02594	0.00581	0.14744	0.15381	0.02384	0.00830	0.00876	0.00640	0.00356	0.00310	0.00088	0.00328	0.00276	0.00267	0.40032
66	0.00447	0.00320	0.00426	0.00511	0.00533	0.00298	0.00341	0.00511	0.00703	0.00938	0.02024	0.86853	0.02429	0.01151	0.00469	0.00149	0.00213	0.01044	0.00341	0.00298
67	0.00507	0.00375	0.00473	0.00449	0.00541	0.00341	0.00336	0.00668	0.01009	0.01401	0.72449	0.02862	0.15669	0.00778	0.00433	0.00117	0.00175	0.00681	0.00395	0.00341
68	0.01209	0.05819	0.21947	0.02191	0.14396	0.03298	0.03095	0.04304	0.02003	0.36563	0.01007	0.01003	0.00688	0.00393	0.00357	0.00111	0.00417	0.00325	0.00298	0.00576
69	0.00909	0.00873	0.01491	0.02254	0.84801	0.00873	0.01127	0.01127	0.00836	0.01200	0.00691	0.00909	0.00582	0.00327	0.00364	0.00109	0.00436	0.00327	0.00182	0.00582
70	0.89687	0.00710	0.00540	0.00483	0.00710	0.00824	0.00398	0.01080	0.00625	0.01648	0.00511	0.00597	0.00398	0.00341	0.00227	0.00114	0.00284	0.00199	0.00227	0.00398
71	0.00447	0.00320	0.00426	0.00511	0.00533	0.00298	0.00341	0.00511	0.00703	0.00938	0.02024	0.86853	0.02429	0.01151	0.00469	0.00149	0.00213	0.01044	0.00341	0.00298
72	0.00778	0.00707	0.01163	0.63194	0.18589	0.00831	0.01009	0.02610	0.03732	0.02858	0.00712	0.00983	0.00542	0.00367	0.00367	0.00119	0.00467	0.00331	0.00185	0.00457
73	0.01498	0.00866	0.01002	0.00768	0.01058	0.00898	0.00634	0.50616	0.01455	0.35660	0.01110	0.01030	0.00739	0.00446	0.00368	0.00112	0.00367	0.00346	0.00403	0.00625
74	0.00518	0.00375	0.00488	0.00460	0.00548	0.00346	0.00345	0.00689	0.01035	0.01462	0.82815	0.02761	0.05265	0.00755	0.00433	0.00116	0.00174	0.00667	0.00403	0.00346
75	0.00436	0.00366	0.00378	0.00387	0.00500	0.00309	0.00286	0.00525	0.00823	0.00986	0.03538	0.12499	0.75805	0.00954	0.00438	0.00127	0.00189	0.00804	0.00341	0.00309
76	0.00446	0.00325	0.00421	0.00497	0.00529	0.00300	0.00335	0.00513	0.00717	0.00943	0.02197	0.78347	0.10823	0.01128	0.00465	0.00147	0.00210	0.01017	0.00341	0.00300
77	0.00534	0.00356	0.00401	0.00401	0.00401	0.00356	0.00223	0.00534	0.00534	0.00712	0.01157	0.02403	0.01335	0.87092	0.01869	0.00356	0.00356	0.00534	0.00223	0.00223
78	0.89687	0.00710	0.00540	0.00483	0.00710	0.00824	0.00398	0.01080	0.00625	0.01648	0.00511	0.00597	0.00398	0.00341	0.00227	0.00114	0.00284	0.00199	0.00227	0.00398
79	0.00520	0.00375	0.00491	0.00462	0.00549	0.00347	0.00347	0.00693	0.01040	0.01473	0.84608	0.02743	0.03465	0.00751	0.00433	0.00116	0.00173	0.00664	0.00404	0.00347
80	0.00708	0.00599	0.00700	0.00524	0.00806	0.00459	0.00414	0.00864	0.00789	0.01198	0.08170	0.03883	0.06696	0.00387	0.00303	0.00068	0.00256	0.00321	0.00246	0.72609

[dist]
# distance from previous block
# <min> <max>
3	4

[block]
# block no. 2 follows, 75 sequences, length 112
# corresponding to MSA columns:
# 332-443
name=unknown_C
#
# <colnr> <probs for GDERKNQSTAVLIFYWHMCP>
#	G	D	E	R	K	N	Q	S	T	A	V	L	I	F	Y	W	H	M	C	P
0	0.00917	0.00574	0.01826	0.00569	0.00740	0.01344	0.00455	0.13898	0.04721	0.17826	0.38720	0.01946	0.04865	0.00599	0.00388	0.00112	0.00251	0.00506	0.09288	0.00456
1	0.00909	0.00873	0.01491	0.02254	0.84801	0.00873	0.01127	0.01127	0.00836	0.01200	0.00691	0.00909	0.00582	0.00327	0.00364	0.00109	0.00436	0.00327	0.00182	0.00582
2	0.00982	0.87313	0.01925	0.00628	0.00943	0.01453	0.00628	0.01100	0.00746	0.00864	0.00511	0.00589	0.00471	0.00314	0.00236	0.00079	0.00393	0.00196	0.00157	0.00471
3	0.00936	0.03599	0.18871	0.00746	0.01086	0.02558	0.04043	0.03814	0.02442	0.14650	0.00844	0.02599	0.00654	0.00406	0.01674	0.00099	0.02523	0.01167	0.00248	0.37041
4	0.00576	0.00697	0.16099	0.04918	0.00906	0.00498	0.05018	0.00776	0.00850	0.01188	0.34930	0.09141	0.07709	0.06990	0.07919	0.00178	0.00368	0.00570	0.00294	0.00377
5	0.83232	0.00704	0.00563	0.00495	0.00727	0.00803	0.00408	0.01132	0.00656	0.07763	0.00580	0.00645	0.00435	0.00349	0.00238	0.00114	0.00286	0.00211	0.00244	0.00414
6	0.00980	0.00822	0.00868	0.00761	0.00980	0.00945	0.00597	0.13173	0.72808	0.01643	0.01411	0.01303	0.01053	0.00490	0.00373	0.00123	0.00306	0.00404	0.00373	0.00587
7	0.01463	0.00737	0.00891	0.00694	0.00962	0.02580	0.00566	0.22518	0.02050	0.52022	0.01216	0.02296	0.00820	0.00492	0.00418	0.04569	0.00341	0.00357	0.00399	0.04609
8	0.01648	0.00625	0.00852	0.00653	0.00938	0.00540	0.00540	0.01790	0.01051	0.85056	0.01449	0.01250	0.00909	0.00455	0.00369	0.00114	0.00313	0.00369	0.00455	0.00625
9	0.00982	0.87313	0.01925	0.00628	0.00943	0.01453	0.00628	0.01100	0.00746	0.00864	0.00511	0.00589	0.00471	0.00314	0.00236	0.00079	0.00393	0.00196	0.00157	0.00471
10	0.00983	0.81874	0.01891	0.00714	0.05137	0.02524	0.00654	0.01106	0.00755	0.00881	0.00520	0.00606	0.00477	0.00316	0.00243	0.00080	0.00398	0.00203	0.00159	0.00476
11	0.00783	0.00727	0.05836	0.00577	0.00915	0.00513	0.00493	0.00962	0.00770	0.03395	0.00674	0.00775	0.00549	0.00281	0.00279	0.00060	0.00289	0.00225	0.00220	0.81675
12	0.00914	0.11294	0.52547	0.01032	0.04700	0.14057	0.03663	0.03709	0.00854	0.03023	0.00657	0.00763	0.00489	0.00353	0.00338	0.00108	0.00533	0.00269	0.00176	0.00521
13	0.85249	0.00714	0.00554	0.00496	0.00723	0.00828	0.00407	0.01123	0.04800	0.01642	0.00561	0.00635	0.00434	0.00349	0.00235	0.00114	0.00284	0.00210	0.00235	0.00407
14	0.00762	0.00653	0.00762	0.00544	0.00870	0.00490	0.00435	0.00925	0.00762	0.01197	0.00653	0.00762	0.00544	0.00272	0.00272	0.00054	0.00272	0.00218	0.00218	0.89338
15	0.00518	0.00375	0.00489	0.00461	0.00548	0.00346	0.00345	0.00691	0.01036	0.01465	0.83349	0.02756	0.04729	0.00754	0.00433	0.00116	0.00173	0.00666	0.00403	0.00346
16	0.00434	0.00372	0.00372	0.00372	0.00496	0.00310	0.00279	0.00527	0.00837	0.00992	0.03721	0.03535	0.84652	0.00930	0.00434	0.00124	0.00186	0.00775	0.00341	0.00310
17	0.00843	0.00859	0.01684	0.06458	0.04978	0.00839	0.53241	0.04621	0.06631	0.02524	0.03042	0.08649	0.00877	0.00437	0.00424	0.00126	0.00514	0.02539	0.00232	0.00482
18	0.21242	0.00668	0.00769	0.00616	0.00871	0.00660	0.00505	0.08544	0.05188	0.49616	0.01177	0.01086	0.00783	0.00428	0.00330	0.00112	0.00304	0.00328	0.06219	0.00553
19	0.00477	0.00402	0.00417	0.00408	0.00534	0.00356	0.00307	0.00644	0.06683	0.01081	0.12145	0.03299	0.70200	0.00881	0.00430	0.00123	0.00192	0.00738	0.00350	0.00333
20	0.00890	0.00858	0.01436	0.08132	0.75267	0.01762	0.01097	0.01104	0.00826	0.01169	0.00725	0.00946	0.01740	0.00345	0.00381	0.00111	0.02136	0.00332	0.00182	0.00560
21	0.00829	0.00472	0.00638	0.00662	0.05510	0.00447	0.00461	0.00966	0.03758	0.23472	0.05658	0.40535	0.06437	0.02966	0.00484	0.00140	0.02444	0.03346	0.00359	0.00417
22	0.00447	0.00322	0.00424	0.00505	0.00531	0.00299	0.00338	0.00512	0.00709	0.00940	0.02103	0.82987	0.06244	0.01140	0.00467	0.00148	0.00212	0.01032	0.00341	0.00299
23	0.00791	0.00748	0.01268	0.47112	0.39748	0.00836	0.01059	0.01023	0.00781	0.01062	0.00677	0.00952	0.00537	0.00350	0.00364	0.00116	0.00461	0.00327	0.01301	0.00486
24	0.00927	0.01060	0.22068	0.15910	0.32300	0.00820	0.04262	0.03453	0.01857	0.11555	0.00803	0.01980	0.00607	0.00370	0.00366	0.00115	0.00458	0.00332	0.00215	0.00542
25	0.01118	0.02407	0.24863	0.03221	0.10375	0.32624	0.00922	0.03119	0.02420	0.10857	0.00737	0.00828	0.00554	0.00412	0.01392	0.00114	0.03034	0.00283	0.00215	0.00504
26	0.00534	0.00355	0.00403	0.00405	0.00408	0.00356	0.00230	0.00541	0.00543	0.00731	0.01179	0.04670	0.01353	0.82165	0.02934	0.00349	0.00358	0.00543	0.01716	0.00228
27	0.00762	0.00653	0.00762	0.00544	0.00870	0.00490	0.00435	0.00925	0.00762	0.01197	0.00653	0.00762	0.00544	0.00272	0.00272	0.00054	0.00272	0.00218	0.00218	0.89338
28	0.07481	0.59767	0.08875	0.00696	0.01013	0.04353	0.01796	0.08798	0.00843	0.01089	0.00590	0.02166	0.00516	0.00348	0.00267	0.00090	0.00409	0.00235	0.00186	0.00482
29	0.00447	0.00320	0.00426	0.00511	0.00533	0.00298	0.00341	0.00511	0.00703	0.00938	0.02024	0.86853	0.02429	0.01151	0.00469	0.00149	0.00213	0.01044	0.00341	0.00298
30	0.00527	0.00380	0.00523	0.00524	0.00567	0.00421	0.00377	0.00612	0.00573	0.00806	0.01059	0.03069	0.01084	0.31535	0.55733	0.00504	0.00758	0.00451	0.00208	0.00291
31	0.00454	0.00372	0.00400	0.00395	0.00509	0.00318	0.00295	0.00565	0.00881	0.01101	0.22154	0.04731	0.64763	0.00893	0.00434	0.00122	0.00184	0.00754	0.00355	0.00318
32	0.00558	0.00409	0.00531	0.00588	0.00684	0.00390	0.00498	0.00704	0.00845	0.02117	0.03466	0.05668	0.24465	0.00984	0.00484	0.00155	0.00292	0.56486	0.00341	0.00333
33	0.00751	0.00381	0.00398	0.00382	0.00485	0.00381	0.00291	0.00961	0.04704	0.06420	0.02606	0.01385	0.00990	0.00438	0.00272	0.00090	0.00185	0.00353	0.78158	0.00371
34	0.00982	0.87313	0.01925	0.00628	0.00943	0.01453	0.00628	0.01100	0.00746	0.00864	0.00511	0.00589	0.00471	0.00314	0.00236	0.00079	0.00393	0.00196	0.00157	0.00471
35	0.00535	0.00392	0.00504	0.00473	0.00565	0.00369	0.00356	0.00743	0.04322	0.01475	0.81324	0.02689	0.03373	0.00741	0.00431	0.00116	0.00178	0.00654	0.00403	0.00356
36	0.00685	0.00342	0.00342	0.00342	0.00428	0.00342	0.00257	0.00856	0.00770	0.01369	0.01198	0.01369	0.00941	0.00428	0.00257	0.00086	0.00171	0.00342	0.89131	0.00342
37	0.00452	0.00324	0.00431	0.00515	0.00540	0.00303	0.00349	0.00521	0.00710	0.00944	0.02047	0.82652	0.03654	0.01142	0.00470	0.00149	0.00217	0.03938	0.00341	0.00300
38	0.00685	0.00342	0.00342	0.00342	0.00428	0.00342	0.00257	0.00856	0.00770	0.01369	0.01198	0.01369	0.00941	0.00428	0.00257	0.00086	0.00171	0.00342	0.89131	0.00342
39	0.00737	0.01900	0.85189	0.01047	0.01590	0.00853	0.01357	0.01163	0.00775	0.01163	0.00659	0.00775	0.00465	0.00349	0.00349	0.00116	0.00543	0.00271	0.00155	0.00543
40	0.00525	0.00392	0.00582	0.00582	0.00644	0.00454	0.00448	0.00650	0.00588	0.00846	0.00992	0.01487	0.00937	0.06646	0.81772	0.00579	0.00955	0.00400	0.00198	0.00323
41	0.00914	0.00789	0.00830	0.00747	0.00955	0.00914	0.00581	0.01952	0.84138	0.01536	0.01495	0.01370	0.01121	0.00498	0.00374	0.00125	0.00291	0.00415	0.00374	0.00581
42	0.01322	0.14280	0.01215	0.00810	0.01099	0.05399	0.00682	0.65677	0.01529	0.02008	0.00814	0.00833	0.00598	0.00418	0.00344	0.00104	0.00412	0.00306	0.01565	0.00587
43	0.00809	0.00803	0.01110	0.00953	0.00964	0.01114	0.00792	0.00937	0.04740	0.00917	0.00533	0.00832	0.00514	0.00636	0.01164	0.00159	0.82115	0.00326	0.00171	0.00411
44	0.89687	0.00710	0.00540	0.00483	0.00710	0.00824	0.00398	0.01080	0.00625	0.01648	0.00511	0.00597	0.00398	0.00341	0.00227	0.00114	0.00284	0.00199	0.00227	0.00398
45	0.00804	0.00804	0.01125	0.00964	0.00964	0.01125	0.00804	0.00884	0.00562	0.00884	0.00482	0.00804	0.00482	0.00643	0.01205	0.00161	0.86420	0.00321	0.00161	0.00402
46	0.00685	0.00342	0.00342	0.00342	0.00428	0.00342	0.00257	0.00856	0.00770	0.01369	0.01198	0.01369	0.00941	0.00428	0.00257	0.00086	0.00171	0.00342	0.89131	0.00342
47	0.89687	0.00710	0.00540	0.00483	0.00710	0.00824	0.00398	0.01080	0.00625	0.01648	0.00511	0.00597	0.00398	0.00341	0.00227	0.00114	0.00284	0.00199	0.00227	0.00398
48	0.00483	0.00373	0.00440	0.00426	0.00527	0.00330	0.00319	0.00620	0.00947	0.01261	0.49155	0.05326	0.36798	0.00835	0.00435	0.00120	0.00180	0.00720	0.00377	0.00330
49	0.00447	0.00320	0.00426	0.00511	0.00533	0.00298	0.00341	0.00511	0.00703	0.00938	0.02024	0.86853	0.02429	0.01151	0.00469	0.00149	0.00213	0.01044	0.00341	0.00298
50	0.00683	0.04109	0.00787	0.14131	0.01014	0.10507	0.01635	0.00813	0.00681	0.00881	0.00930	0.07062	0.00895	0.08682	0.40031	0.00356	0.04138	0.00409	0.01904	0.00352
51	0.00828	0.30837	0.49105	0.00919	0.03260	0.01042	0.02839	0.01130	0.00768	0.01064	0.00611	0.00719	0.00476	0.00332	0.00309	0.00101	0.00478	0.00248	0.00160	0.04774
52	0.00996	0.84349	0.01896	0.00636	0.00949	0.01442	0.00631	0.03934	0.00780	0.00914	0.00523	0.00599	0.00477	0.00319	0.00240	0.00080	0.00393	0.00201	0.00164	0.00477
53	0.89687	0.00710	0.00540	0.00483	0.00710	0.00824	0.00398	0.01080	0.00625	0.01648	0.00511	0.00597	0.00398	0.00341	0.00227	0.00114	0.00284	0.00199	0.00227	0.00398
54	0.01210	0.00918	0.00998	0.00807	0.01068	0.01024	0.01611	0.47196	0.34125	0.05328	0.01144	0.01090	0.00831	0.00463	0.00371	0.00116	0.00358	0.00367	0.00371	0.00606
55	0.00440	0.00358	0.00390	0.00413	0.00508	0.00308	0.00298	0.00528	0.00806	0.00991	0.05651	0.26322	0.59737	0.00985	0.00444	0.00131	0.00193	0.00845	0.00343	0.00308
56	0.01172	0.06287	0.01070	0.03591	0.10667	0.59123	0.00714	0.01287	0.00969	0.00943	0.00932	0.01016	0.09853	0.00430	0.00342	0.00099	0.00563	0.00307	0.00203	0.00433
57	0.00702	0.00651	0.01045	0.74170	0.02288	0.00795	0.00944	0.00998	0.07095	0.00991	0.00803	0.02968	0.02093	0.00402	0.00369	0.00122	0.00458	0.00355	0.00188	0.02565
58	0.00803	0.12045	0.64674	0.01013	0.04267	0.02799	0.02177	0.01162	0.00789	0.02735	0.01627	0.00789	0.00516	0.00349	0.00336	0.00109	0.00509	0.00270	0.00168	0.02862
59	0.00715	0.00942	0.20821	0.12713	0.08589	0.00685	0.09654	0.01001	0.05348	0.01125	0.02142	0.15771	0.02578	0.00495	0.00373	0.00113	0.00405	0.00448	0.00224	0.15857
60	0.01377	0.01019	0.01092	0.00841	0.01132	0.01130	0.00693	0.80363	0.04972	0.02284	0.00906	0.00901	0.00644	0.00443	0.00368	0.00111	0.00400	0.00334	0.00368	0.00623
61	0.00586	0.00398	0.00515	0.00475	0.00575	0.00367	0.00360	0.02030	0.01046	0.05539	0.77139	0.02663	0.05427	0.00736	0.00429	0.00116	0.00184	0.00648	0.00405	0.00363
62	0.00860	0.00782	0.05386	0.38858	0.05962	0.00797	0.13094	0.10949	0.00898	0.07364	0.00901	0.09784	0.00759	0.01504	0.00405	0.00125	0.00456	0.00419	0.00232	0.00465
63	0.00694	0.00653	0.01102	0.86210	0.02530	0.00816	0.01020	0.00938	0.00734	0.00938	0.00653	0.00979	0.00490	0.00367	0.00367	0.00122	0.00490	0.00326	0.00163	0.00408
64	0.00437	0.00359	0.00385	0.00406	0.00505	0.00307	0.00294	0.00523	0.00805	0.00979	0.03311	0.23669	0.64782	0.00983	0.00442	0.00130	0.00193	0.00840	0.00341	0.00307
65	0.13790	0.00632	0.00789	0.00619	0.00885	0.00583	0.00510	0.03529	0.00994	0.67412	0.01293	0.01157	0.00833	0.00437	0.00344	0.00112	0.00304	0.00343	0.04854	0.00579
66	0.01592	0.00650	0.00881	0.00716	0.03700	0.00579	0.00568	0.05838	0.01074	0.76657	0.01405	0.01272	0.00906	0.00460	0.00372	0.00114	0.00322	0.01837	0.00439	0.00618
67	0.00517	0.00375	0.00487	0.00459	0.00547	0.00345	0.00344	0.00687	0.01032	0.01456	0.81724	0.02772	0.06360	0.00757	0.00433	0.00116	0.00174	0.00668	0.00402	0.00345
68	0.01648	0.00625	0.00852	0.00653	0.00938	0.00540	0.00540	0.01790	0.01051	0.85056	0.01449	0.01250	0.00909	0.00455	0.00369	0.00114	0.00313	0.00369	0.00455	0.00625
69	0.00560	0.00396	0.00508	0.00478	0.00573	0.00371	0.00359	0.00759	0.04190	0.03638	0.74386	0.05791	0.05084	0.00752	0.00431	0.00117	0.00183	0.00664	0.00401	0.00360
70	0.01380	0.01638	0.01040	0.00957	0.03242	0.76093	0.00708	0.02932	0.01048	0.06751	0.00637	0.00713	0.00509	0.00384	0.00335	0.00097	0.00628	0.00250	0.00211	0.00447
71	0.00525	0.00394	0.00590	0.00590	0.00656	0.00459	0.00459	0.00656	0.00590	0.00853	0.00984	0.01443	0.00918	0.02755	0.85637	0.00590	0.00984	0.00394	0.00197	0.00328
72	0.02832	0.00617	0.00835	0.00644	0.00920	0.00537	0.00531	0.01739	0.01045	0.80788	0.04526	0.01296	0.00997	0.00464	0.00370	0.00114	0.00307	0.00378	0.00450	0.00612
73	0.00880	0.00828	0.01413	0.12931	0.68037	0.00844	0.03164	0.01099	0.00828	0.02744	0.00792	0.01005	0.03083	0.00352	0.00368	0.00112	0.00438	0.00344	0.00189	0.00550
74	0.01644	0.00631	0.00856	0.00656	0.00941	0.00549	0.00542	0.03009	0.01061	0.83822	0.01441	0.01245	0.00905	0.00454	0.00369	0.00114	0.00314	0.00369	0.00453	0.00625
75	0.89687	0.00710	0.00540	0.00483	0.00710	0.00824	0.00398	0.01080	0.00625	0.01648	0.00511	0.00597	0.00398	0.00341	0.00227	0.00114	0.00284	0.00199	0.00227	0.00398
76	0.01566	0.00605	0.00821	0.00636	0.00905	0.00525	0.00523	0.01710	0.01043	0.78657	0.05623	0.01328	0.01039	0.00469	0.00370	0.00113	0.00302	0.00383	0.02779	0.00604
77	0.01012	0.17759	0.01253	0.00894	0.01013	0.27069	0.00741	0.01104	0.00744	0.00885	0.00514	0.00719	0.00477	0.00499	0.00751	0.00125	0.43580	0.00271	0.00169	0.00423
78	0.01101	0.00657	0.00718	0.00587	0.00783	0.00690	0.00473	0.34351	0.01194	0.13023	0.01104	0.01157	0.00809	0.00437	0.00317	0.00099	0.00284	0.00341	0.41380	0.00494
79	0.00511	0.00374	0.00479	0.00455	0.00544	0.00342	0.00340	0.00675	0.01016	0.01421	0.75974	0.04301	0.10648	0.00774	0.00434	0.00117	0.00175	0.00681	0.00398	0.00342
80	0.01648	0.00625	0.00852	0.00653	0.00938	0.00540	0.00540	0.01790	0.01051	0.85056	0.01449	0.01250	0.00909	0.00455	0.00369	0.00114	0.00313	0.00369	0.00455	0.00625
81	0.00762	0.00653	0.00762	0.00544	0.00870	0.00490	0.00435	0.00925	0.00762	0.01197	0.00653	0.00762	0.00544	0.00272	0.00272	0.00054	0.00272	0.00218	0.00218	0.89338
82	0.01396	0.01029	0.01102	0.00845	0.01139	0.01139	0.00698	0.83577	0.01727	0.02315	0.00882	0.00882	0.00625	0.00441	0.00367	0.00110	0.00404	0.00331	0.00367	0.00625
83	0.00982	0.87313	0.01925	0.00628	0.00943	0.01453	0.00628	0.01100	0.00746	0.00864	0.00511	0.00589	0.00471	0.00314	0.00236	0.00079	0.00393	0.00196	0.00157	0.00471
84	0.00592	0.00423	0.00592	0.00676	0.00761	0.00423	0.00592	0.00761	0.00845	0.01099	0.01945	0.04143	0.02114	0.01015	0.00507	0.00169	0.00338	0.82329	0.00338	0.00338
85	0.00484	0.00390	0.00439	0.00455	0.00568	0.00348	0.00362	0.00614	0.02001	0.01061	0.09338	0.03588	0.58077	0.00931	0.00450	0.00134	0.00222	0.19870	0.00346	0.00323
86	0.00982	0.87313	0.01925	0.00628	0.00943	0.01453	0.00628	0.01100	0.00746	0.00864	0.00511	0.00589	0.00471	0.00314	0.00236	0.00079	0.00393	0.00196	0.00157	0.00471
87	0.89687	0.00710	0.00540	0.00483	0.00710	0.00824	0.00398	0.01080	0.00625	0.01648	0.00511	0.00597	0.00398	0.00341	0.00227	0.00114	0.00284	0.00199	0.00227	0.00398
88	0.00694	0.00653	0.01102	0.86210	0.02530	0.00816	0.01020	0.00938	0.00734	0.00938	0.00653	0.00979	0.00490	0.00367	0.00367	0.00122	0.00490	0.00326	0.00163	0.00408
89	0.00452	0.00373	0.00396	0.00391	0.00507	0.00318	0.00293	0.00561	0.00879	0.01091	0.20315	0.03372	0.67997	0.00893	0.00434	0.00122	0.00183	0.00752	0.00354	0.00318
90	0.04787	0.00700	0.01144	0.35980	0.31669	0.00773	0.02766	0.00964	0.00774	0.01091	0.04970	0.07531	0.00833	0.02306	0.00421	0.00125	0.02112	0.00399	0.00200	0.00456
91	0.01042	0.38005	0.25804	0.00757	0.01119	0.01015	0.00816	0.01258	0.00827	0.20301	0.00833	0.00949	0.00642	0.00415	0.01366	0.00108	0.00423	0.03569	0.00233	0.00520
92	0.00438	0.00373	0.00377	0.00378	0.00501	0.00312	0.00284	0.00533	0.00840	0.01001	0.04905	0.03531	0.82300	0.00929	0.00435	0.00125	0.00188	0.01898	0.00342	0.00311
93	0.00909	0.00873	0.01491	0.02254	0.84801	0.00873	0.01127	0.01127	0.00836	0.01200	0.00691	0.00909	0.00582	0.00327	0.00364	0.00109	0.00436	0.00327	0.00182	0.00582
94	0.00681	0.00647	0.03144	0.20256	0.14339	0.00665	0.09436	0.01899	0.03242	0.01058	0.02109	0.25738	0.02500	0.00699	0.02082	0.00142	0.04492	0.06212	0.00246	0.00415
95	0.81075	0.00702	0.00570	0.00500	0.00733	0.00796	0.00412	0.01149	0.00667	0.09807	0.00603	0.00661	0.00448	0.00352	0.00241	0.00114	0.00287	0.00216	0.00250	0.00420
96	0.00455	0.00325	0.00434	0.00520	0.00544	0.00305	0.00353	0.00524	0.00710	0.00946	0.02020	0.82718	0.02413	0.01144	0.00471	0.00150	0.00219	0.05107	0.00341	0.00300
97	0.00457	0.00369	0.00409	0.00427	0.00530	0.00321	0.00322	0.00559	0.00833	0.01029	0.09248	0.15824	0.58909	0.00957	0.00446	0.00131	0.00203	0.08366	0.00345	0.00314
98	0.01101	0.18770	0.13199	0.02959	0.14906	0.22672	0.04773	0.10023	0.01873	0.05416	0.00687	0.00787	0.00539	0.00361	0.00332	0.00102	0.00499	0.00278	0.00210	0.00513
99	0.01535	0.00779	0.04312	0.00706	0.00977	0.08005	0.00596	0.01682	0.01018	0.69551	0.02454	0.01181	0.00870	0.00456	0.00402	0.00114	0.04008	0.00356	0.00406	0.00591
100	0.63582	0.07922	0.03038	0.01627	0.04993	0.06832	0.03917	0.01112	0.00689	0.01458	0.00539	0.00644	0.00429	0.00344	0.00270	0.00111	0.01638	0.00222	0.00211	0.00423
101	0.00455	0.00325	0.00433	0.00506	0.00534	0.00303	0.00342	0.00530	0.00738	0.00993	0.10518	0.78203	0.02536	0.01110	0.00465	0.00146	0.00209	0.01005	0.00347	0.00303
102	0.02568	0.02437	0.10496	0.00698	0.01012	0.00603	0.00635	0.02584	0.01016	0.71987	0.01324	0.01172	0.00841	0.00438	0.00363	0.00113	0.00341	0.00352	0.00411	0.00610
103	0.00921	0.01003	0.01094	0.00950	0.01002	0.20497	0.02001	0.01011	0.00678	0.00890	0.00531	0.00806	0.00503	0.00683	0.05214	0.00166	0.61168	0.00307	0.00169	0.00405
104	0.00935	0.00931	0.01469	0.07145	0.67381	0.06779	0.06044	0.02769	0.00864	0.01184	0.00687	0.00900	0.00568	0.00334	0.00366	0.00110	0.00466	0.00327	0.00185	0.00556
105	0.00823	0.00608	0.00653	0.00596	0.00758	0.00669	0.00460	0.01477	0.47496	0.04577	0.11557	0.01582	0.03277	0.00519	0.00352	0.00113	0.00244	0.00433	0.23319	0.00486
106	0.00527	0.00361	0.00440	0.00473	0.00492	0.00356	0.00313	0.00570	0.00624	0.00827	0.01474	0.19749	0.01696	0.54229	0.01341	0.00281	0.00324	0.15395	0.00267	0.00259
107	0.00504	0.00364	0.00476	0.00470	0.00544	0.00336	0.00344	0.00654	0.00970	0.01358	0.66738	0.19182	0.05016	0.00833	0.00440	0.00122	0.00181	0.00741	0.00391	0.00336
108	0.00567	0.00409	0.00561	0.00640	0.00720	0.00403	0.00546	0.00720	0.00830	0.01076	0.02068	0.12506	0.07526	0.01023	0.00499	0.00164	0.00316	0.68755	0.00339	0.00332
109	0.01405	0.01015	0.01094	0.00838	0.01132	0.01118	0.00693	0.80761	0.01704	0.05163	0.00901	0.00894	0.00634	0.00441	0.00367	0.00110	0.00401	0.00332	0.00370	0.00625
110	0.00525	0.00394	0.00590	0.00590	0.00656	0.00459	0.00459	0.00656	0.00590	0.00853	0.00984	0.01443	0.00918	0.02755	0.85637	0.00590	0.00984	0.00394	0.00197	0.00328
111	0.01499	0.00844	0.00985	0.00758	0.01046	0.00867	0.00625	0.45488	0.03044	0.39211	0.01147	0.01056	0.00761	0.00448	0.00368	0.00112	0.00361	0.00350	0.00406	0.00624

[dist]
# distance from previous block
# <min> <max>
0	1

[block]
# block no. 3 follows, 75 sequences, length 130
# corresponding to MSA columns:
# 445-574
name=unknown_D
#
# <colnr> <probs for GDERKNQSTAVLIFYWHMCP>
#	G	D	E	R	K	N	Q	S	T	A	V	L	I	F	Y	W	H	M	C	P
0	0.00909	0.00873	0.01491	0.02254	0.84801	0.00873	0.01127	0.01127	0.00836	0.01200	0.00691	0.00909	0.00582	0.00327	0.00364	0.00109	0.00436	0.00327	0.00182	0.00582
1	0.00534	0.00356	0.00401	0.00401	0.00401	0.00356	0.00223	0.00534	0.00534	0.00712	0.01157	0.02403	0.01335	0.87092	0.01869	0.00356	0.00356	0.00534	0.00223	0.00223
2	0.01431	0.00973	0.01068	0.00819	0.01111	0.01057	0.00676	0.72322	0.01634	0.13700	0.00960	0.00932	0.00664	0.00443	0.00368	0.00111	0.00392	0.00336	0.00379	0.00625
3	0.86494	0.00707	0.00551	0.00489	0.00719	0.00814	0.00403	0.01105	0.00641	0.04673	0.00545	0.00620	0.00416	0.00345	0.00232	0.00114	0.00285	0.00205	0.00236	0.00406
4	0.02356	0.03384	0.02812	0.00928	0.01150	0.65745	0.03665	0.08725	0.01068	0.02436	0.00620	0.00707	0.00498	0.00376	0.00333	0.00096	0.00604	0.00253	0.00210	0.04033
5	0.00451	0.00321	0.00425	0.00507	0.00527	0.00301	0.00336	0.00512	0.00696	0.00928	0.01989	0.83451	0.02385	0.04612	0.00525	0.00157	0.00219	0.01024	0.00336	0.00295
6	0.00525	0.00394	0.00590	0.00590	0.00656	0.00459	0.00459	0.00656	0.00590	0.00853	0.00984	0.01443	0.00918	0.02755	0.85637	0.00590	0.00984	0.00394	0.00197	0.00328
7	0.89687	0.00710	0.00540	0.00483	0.00710	0.00824	0.00398	0.01080	0.00625	0.01648	0.00511	0.00597	0.00398	0.00341	0.00227	0.00114	0.00284	0.00199	0.00227	0.00398
8	0.00762	0.00653	0.00762	0.00544	0.00870	0.00490	0.00435	0.00925	0.00762	0.01197	0.00653	0.00762	0.00544	0.00272	0.00272	0.00054	0.00272	0.00218	0.00218	0.89338
9	0.00534	0.00356	0.00401	0.00401	0.00401	0.00356	0.00223	0.00534	0.00534	0.00712	0.01157	0.02403	0.01335	0.87092	0.01869	0.00356	0.00356	0.00534	0.00223	0.00223
10	0.00694	0.00653	0.01102	0.86210	0.02530	0.00816	0.01020	0.00938	0.00734	0.00938	0.00653	0.00979	0.00490	0.00367	0.00367	0.00122	0.00490	0.00326	0.00163	0.00408
11	0.00950	0.76262	0.12698	0.00683	0.01026	0.01376	0.00723	0.01108	0.00750	0.00903	0.00530	0.00613	0.00471	0.00319	0.00250	0.00083	0.00412	0.00206	0.00157	0.00481
12	0.01553	0.00614	0.00822	0.00638	0.00911	0.00535	0.00525	0.01716	0.03226	0.77637	0.01591	0.01395	0.06115	0.00485	0.00373	0.00115	0.00304	0.00396	0.00445	0.00604
13	0.01618	0.00618	0.00843	0.00648	0.00927	0.00535	0.00535	0.01761	0.01051	0.82855	0.03639	0.01289	0.00976	0.00462	0.00371	0.00114	0.00309	0.00377	0.00453	0.00618
14	0.37121	0.00515	0.00461	0.00430	0.00570	0.00578	0.00341	0.00949	0.00701	0.01460	0.00882	0.01025	0.00696	0.00403	0.00291	0.00101	0.04430	0.00283	0.48395	0.00368
15	0.01396	0.01029	0.01102	0.00845	0.01139	0.01139	0.00698	0.83577	0.01727	0.02315	0.00882	0.00882	0.00625	0.00441	0.00367	0.00110	0.00404	0.00331	0.00367	0.00625
16	0.01391	0.00675	0.00898	0.00712	0.01926	0.00640	0.04780	0.15510	0.02097	0.51675	0.04072	0.01275	0.00948	0.00459	0.00364	0.00111	0.00325	0.01531	0.10037	0.00573
17	0.00762	0.00653	0.00762	0.00544	0.00870	0.00490	0.00435	0.00925	0.00762	0.01197	0.00653	0.00762	0.00544	0.00272	0.00272	0.00054	0.00272	0.00218	0.00218	0.89338
18	0.13564	0.00949	0.01013	0.00827	0.04052	0.01045	0.00657	0.64244	0.01496	0.05496	0.00853	0.00868	0.00610	0.00423	0.00346	0.00110	0.00380	0.00314	0.02167	0.00586
19	0.00887	0.01938	0.03591	0.01104	0.09894	0.02840	0.14749	0.11499	0.00813	0.02099	0.00706	0.01058	0.00637	0.11013	0.02087	0.00168	0.33896	0.00365	0.00205	0.00450
20	0.89687	0.00710	0.00540	0.00483	0.00710	0.00824	0.00398	0.01080	0.00625	0.01648	0.00511	0.00597	0.00398	0.00341	0.00227	0.00114	0.00284	0.00199	0.00227	0.00398
21	0.00987	0.86129	0.01912	0.00633	0.00945	0.02618	0.00630	0.01105	0.00750	0.00865	0.00511	0.00590	0.00471	0.00315	0.00237	0.00079	0.00397	0.00197	0.00158	0.00471
22	0.00694	0.00653	0.01102	0.86210	0.02530	0.00816	0.01020	0.00938	0.00734	0.00938	0.00653	0.00979	0.00490	0.00367	0.00367	0.00122	0.00490	0.00326	0.00163	0.00408
23	0.00878	0.00841	0.01435	0.14272	0.73025	0.00865	0.01112	0.01100	0.00822	0.01162	0.00685	0.00919	0.00569	0.00333	0.00364	0.00111	0.00444	0.00327	0.00179	0.00557
24	0.01044	0.00625	0.00661	0.08038	0.00863	0.08920	0.00472	0.06249	0.00925	0.23359	0.01157	0.03504	0.00868	0.00445	0.00316	0.00100	0.00300	0.00356	0.41351	0.00447
25	0.00525	0.00394	0.00590	0.00590	0.00656	0.00459	0.00459	0.00656	0.00590	0.00853	0.00984	0.01443	0.00918	0.02755	0.85637	0.00590	0.00984	0.00394	0.00197	0.00328
26	0.00867	0.00991	0.02167	0.01548	0.01920	0.00929	0.83467	0.01176	0.00867	0.01176	0.00743	0.00991	0.00557	0.00310	0.00433	0.00124	0.00619	0.00433	0.00186	0.00495
27	0.00447	0.00320	0.00426	0.00511	0.00533	0.00298	0.00341	0.00511	0.00703	0.00938	0.02024	0.86853	0.02429	0.01151	0.00469	0.00149	0.00213	0.01044	0.00341	0.00298
28	0.00762	0.00653	0.00762	0.00544	0.00870	0.00490	0.00435	0.00925	0.00762	0.01197	0.00653	0.00762	0.00544	0.00272	0.00272	0.00054	0.00272	0.00218	0.00218	0.89338
29	0.01107	0.00838	0.00946	0.00726	0.01010	0.00846	0.01618	0.40830	0.07748	0.05261	0.03091	0.02159	0.00746	0.00410	0.00353	0.00095	0.01655	0.00322	0.00317	0.29924
30	0.64089	0.00716	0.00633	0.00547	0.00781	0.00802	0.00447	0.04683	0.09371	0.12529	0.01956	0.00804	0.00593	0.00382	0.00270	0.00115	0.00292	0.00256	0.00280	0.00455
31	0.80165	0.00701	0.00574	0.00501	0.00735	0.00793	0.00413	0.01156	0.00671	0.10669	0.00613	0.00667	0.00453	0.00353	0.00243	0.00114	0.00287	0.00217	0.00252	0.00422
32	0.00985	0.00773	0.01104	0.45580	0.13686	0.05164	0.00897	0.10333	0.00925	0.14501	0.00826	0.02216	0.00611	0.00395	0.00367	0.00117	0.00449	0.00339	0.00239	0.00491
33	0.89687	0.00710	0.00540	0.00483	0.00710	0.00824	0.00398	0.01080	0.00625	0.01648	0.00511	0.00597	0.00398	0.00341	0.00227	0.00114	0.00284	0.00199	0.00227	0.00398
34	0.00447	0.00320	0.00426	0.00511	0.00533	0.00298	0.00341	0.00511	0.00703	0.00938	0.02024	0.86853	0.02429	0.01151	0.00469	0.00149	0.00213	0.01044	0.00341	0.00298
35	0.04799	0.00628	0.00841	0.00647	0.00929	0.00550	0.00535	0.01764	0.01036	0.82070	0.01415	0.01227	0.00891	0.00451	0.00364	0.00114	0.00312	0.00363	0.00446	0.00617
36	0.00701	0.00663	0.01096	0.77781	0.02370	0.00837	0.00993	0.00931	0.00723	0.00940	0.01630	0.00985	0.00524	0.00396	0.00441	0.00126	0.07961	0.00330	0.00166	0.00407
37	0.00694	0.00653	0.01102	0.86210	0.02530	0.00816	0.01020	0.00938	0.00734	0.00938	0.00653	0.00979	0.00490	0.00367	0.00367	0.00122	0.00490	0.00326	0.00163	0.00408
