[name]
unknown

[dist]
# distance from previous block
# <min> <max>
1	92

[block]
# block no. 0 follows, 65 sequences, length 19
# corresponding to MSA columns:
# 93-111
name=unknown_A
#
# <colnr> <probs for GDERKNQSTAVLIFYWHMCP>
#	G	D	E	R	K	N	Q	S	T	A	V	L	I	F	Y	W	H	M	C	P
0	0.32974	0.32104	0.23561	0.00769	0.01154	0.01186	0.00828	0.01240	0.00793	0.01376	0.00616	0.00718	0.00495	0.00373	0.00294	0.00114	0.00440	0.00243	0.00204	0.00518
1	0.00857	0.26542	0.39889	0.03451	0.01361	0.01037	0.01035	0.01156	0.00854	0.01183	0.04349	0.07900	0.00881	0.00562	0.03119	0.00136	0.00506	0.00376	0.02841	0.01963
2	0.00495	0.00401	0.00440	0.00463	0.00569	0.00346	0.00335	0.00597	0.00912	0.01128	0.08820	0.24961	0.56920	0.01090	0.00495	0.00145	0.00215	0.00936	0.00386	0.00346
3	0.00851	0.00730	0.00851	0.00608	0.00973	0.00547	0.00486	0.01034	0.00851	0.01338	0.00730	0.00851	0.00608	0.00304	0.00304	0.00061	0.00304	0.00243	0.00243	0.88083
4	0.01028	0.11979	0.14346	0.02250	0.08093	0.03720	0.15036	0.09769	0.05898	0.04115	0.02780	0.01342	0.00876	0.00468	0.00404	0.00123	0.00491	0.07247	0.01231	0.08803
5	0.00500	0.00357	0.00476	0.00572	0.00595	0.00333	0.00381	0.00572	0.00786	0.01048	0.02262	0.85306	0.02715	0.01286	0.00524	0.00167	0.00238	0.01167	0.00381	0.00333
6	0.00574	0.00418	0.00541	0.00514	0.00610	0.00384	0.00384	0.00761	0.01141	0.01606	0.77080	0.05444	0.07281	0.00861	0.00485	0.00131	0.00196	0.00760	0.00447	0.00384
7	0.04839	0.04134	0.24075	0.03354	0.01243	0.00927	0.00862	0.05220	0.33810	0.02836	0.06617	0.03973	0.02670	0.03092	0.00456	0.00141	0.00409	0.00443	0.00323	0.00577
8	0.38098	0.22287	0.11549	0.00727	0.01043	0.03854	0.00696	0.09075	0.00910	0.01572	0.04597	0.00844	0.00669	0.00416	0.00327	0.00118	0.02188	0.00276	0.00246	0.00509
9	0.03018	0.06908	0.22076	0.01878	0.03446	0.08738	0.02595	0.03714	0.05807	0.01268	0.05084	0.24009	0.03854	0.00705	0.00428	0.00135	0.00432	0.03020	0.00286	0.02599
10	0.04017	0.10922	0.37388	0.00967	0.03543	0.05712	0.01022	0.04958	0.05037	0.01355	0.00764	0.00869	0.00588	0.00380	0.00353	0.00108	0.00490	0.00288	0.00219	0.21023
11	0.01089	0.11431	0.31777	0.01063	0.04317	0.04335	0.09309	0.05636	0.04148	0.12634	0.00935	0.02057	0.00694	0.00419	0.00383	0.00120	0.00506	0.00348	0.03323	0.05477
12	0.01123	0.20873	0.08693	0.00823	0.01090	0.29161	0.00719	0.01332	0.05126	0.05095	0.07561	0.04275	0.09306	0.00537	0.00376	0.00113	0.00494	0.00404	0.00267	0.02632
13	0.12358	0.00618	0.03951	0.02873	0.09211	0.00571	0.00545	0.03797	0.00874	0.05210	0.02054	0.29860	0.19127	0.06432	0.00553	0.00160	0.00314	0.00737	0.00331	0.00423
14	0.07354	0.11125	0.07962	0.03055	0.07974	0.11671	0.07726	0.04035	0.09988	0.04747	0.06949	0.01381	0.05839	0.00499	0.00401	0.00121	0.01448	0.02320	0.00280	0.05128
15	0.00851	0.15369	0.20253	0.00899	0.05077	0.02697	0.04094	0.04392	0.03560	0.01233	0.07195	0.02869	0.08448	0.09213	0.05389	0.00179	0.02879	0.00440	0.00252	0.04713
16	0.00766	0.00742	0.08007	0.01803	0.09709	0.00620	0.06431	0.05544	0.01883	0.05220	0.05305	0.18556	0.27330	0.02319	0.00514	0.00144	0.02444	0.00705	0.00331	0.01627
17	0.00803	0.00705	0.02947	0.00989	0.13278	0.02720	0.04062	0.05809	0.08979	0.02772	0.05512	0.34334	0.03400	0.02807	0.02711	0.00159	0.00368	0.00719	0.00332	0.06594
18	0.13936	0.12001	0.13804	0.02095	0.06053	0.07804	0.03679	0.12119	0.02585	0.01501	0.08781	0.07140	0.04508	0.00545	0.00385	0.00125	0.00437	0.01701	0.00282	0.00519

[dist]
# distance from previous block
# <min> <max>
7	47

[block]
# block no. 1 follows, 65 sequences, length 29
# corresponding to MSA columns:
# 159-187
name=unknown_B
#
# <colnr> <probs for GDERKNQSTAVLIFYWHMCP>
#	G	D	E	R	K	N	Q	S	T	A	V	L	I	F	Y	W	H	M	C	P
0	0.04102	0.18332	0.14071	0.03129	0.02585	0.11243	0.05692	0.11781	0.05240	0.06130	0.06290	0.01250	0.03423	0.01720	0.00419	0.00124	0.01586	0.02058	0.00277	0.00548
1	0.04253	0.01146	0.12119	0.05194	0.07426	0.04503	0.02979	0.12534	0.05405	0.03990	0.08137	0.10406	0.04546	0.00745	0.00553	0.00170	0.04065	0.02801	0.00379	0.08648
2	0.03079	0.09110	0.09648	0.04897	0.14049	0.04618	0.10493	0.05990	0.12978	0.09708	0.01059	0.02151	0.02137	0.02587	0.00437	0.00129	0.00468	0.00388	0.00282	0.05793
3	0.00956	0.08845	0.01566	0.19078	0.37692	0.00991	0.09074	0.03868	0.03410	0.01312	0.05441	0.01133	0.00816	0.00406	0.00403	0.00122	0.00486	0.00384	0.00226	0.03791
4	0.00949	0.00910	0.01562	0.25136	0.59210	0.00959	0.02903	0.01203	0.00904	0.01260	0.00762	0.01039	0.00621	0.00378	0.00409	0.00126	0.00508	0.00368	0.00198	0.00595
5	0.00506	0.00415	0.00445	0.00442	0.00568	0.00355	0.00330	0.00627	0.00977	0.01218	0.20392	0.06541	0.63747	0.01006	0.00486	0.00138	0.00206	0.00851	0.00396	0.00355
6	0.00851	0.00730	0.00851	0.00608	0.00973	0.00547	0.00486	0.01034	0.00851	0.01338	0.00730	0.00851	0.00608	0.00304	0.00304	0.00061	0.00304	0.00243	0.00243	0.88083
7	0.00539	0.00418	0.00491	0.00473	0.00588	0.00370	0.00355	0.00694	0.01064	0.01413	0.48605	0.03451	0.38210	0.00926	0.00485	0.00133	0.00200	0.00796	0.00421	0.00370
8	0.01106	0.00924	0.00976	0.00853	0.01100	0.01061	0.00670	0.14681	0.69634	0.01854	0.01563	0.01446	0.01166	0.00547	0.00417	0.00137	0.00345	0.00449	0.00417	0.00657
9	0.00492	0.00416	0.00425	0.00423	0.00558	0.00349	0.00317	0.00602	0.00951	0.01145	0.09444	0.03891	0.77539	0.01026	0.00485	0.00138	0.00207	0.00858	0.00386	0.00349
10	0.00498	0.00414	0.00435	0.00434	0.00563	0.00351	0.00324	0.00612	0.00959	0.01175	0.14085	0.06586	0.70107	0.01022	0.00486	0.00138	0.00207	0.00861	0.00390	0.00351
11	0.01021	0.00882	0.00928	0.00835	0.01067	0.01021	0.00650	0.02181	0.82272	0.01717	0.01671	0.01532	0.01253	0.00557	0.00418	0.00139	0.00325	0.00464	0.00418	0.00650
12	0.88473	0.00794	0.00603	0.00540	0.00794	0.00921	0.00445	0.01207	0.00699	0.01842	0.00572	0.00667	0.00445	0.00381	0.00254	0.00127	0.00318	0.00222	0.00254	0.00445
13	0.00587	0.00436	0.00643	0.00643	0.00710	0.00504	0.00492	0.00722	0.00655	0.00940	0.01115	0.01699	0.01064	0.09747	0.77330	0.00639	0.01043	0.00453	0.00222	0.00357
14	0.00500	0.00357	0.00476	0.00572	0.00595	0.00333	0.00381	0.00572	0.00786	0.01048	0.02262	0.85306	0.02715	0.01286	0.00524	0.00167	0.00238	0.01167	0.00381	0.00333
15	0.88473	0.00794	0.00603	0.00540	0.00794	0.00921	0.00445	0.01207	0.00699	0.01842	0.00572	0.00667	0.00445	0.00381	0.00254	0.00127	0.00318	0.00222	0.00254	0.00445
16	0.01574	0.01127	0.01218	0.00934	0.01262	0.01240	0.00771	0.77672	0.01892	0.06612	0.01017	0.01006	0.00714	0.00494	0.00411	0.00123	0.00447	0.00372	0.00415	0.00698
17	0.88473	0.00794	0.00603	0.00540	0.00794	0.00921	0.00445	0.01207	0.00699	0.01842	0.00572	0.00667	0.00445	0.00381	0.00254	0.00127	0.00318	0.00222	0.00254	0.00445
18	0.01016	0.00975	0.01666	0.02520	0.83013	0.00975	0.01260	0.01260	0.00935	0.01341	0.00772	0.01016	0.00650	0.00366	0.00406	0.00122	0.00488	0.00366	0.00203	0.00650
19	0.01515	0.01116	0.01200	0.00928	0.01244	0.01233	0.00763	0.78174	0.01881	0.02521	0.01040	0.04596	0.00784	0.00527	0.00415	0.00125	0.00443	0.00404	0.00409	0.00682
20	0.01021	0.00882	0.00928	0.00835	0.01067	0.01021	0.00650	0.02181	0.82272	0.01717	0.01671	0.01532	0.01253	0.00557	0.00418	0.00139	0.00325	0.00464	0.00418	0.00650
21	0.00550	0.00378	0.00507	0.00594	0.00633	0.00354	0.00415	0.00636	0.00812	0.03141	0.02237	0.74961	0.02636	0.01251	0.00526	0.00168	0.00255	0.09215	0.00384	0.00347
22	0.00500	0.00357	0.00476	0.00572	0.00595	0.00333	0.00381	0.00572	0.00786	0.01048	0.02262	0.85306	0.02715	0.01286	0.00524	0.00167	0.00238	0.01167	0.00381	0.00333
23	0.00988	0.11105	0.47648	0.01240	0.07068	0.11414	0.09233	0.03048	0.02240	0.01264	0.00737	0.00875	0.00556	0.00389	0.00385	0.00123	0.00598	0.00315	0.00193	0.00582
24	0.00955	0.00957	0.04088	0.03060	0.24574	0.07722	0.14186	0.04511	0.03362	0.02452	0.02203	0.01618	0.00979	0.02930	0.10927	0.00209	0.04047	0.10443	0.00250	0.00526
25	0.00492	0.00406	0.00432	0.00448	0.00564	0.00346	0.00327	0.00594	0.00919	0.01121	0.07188	0.18400	0.65196	0.01075	0.00492	0.00143	0.00213	0.00915	0.00384	0.00346
26	0.21092	0.00746	0.00858	0.00699	0.00979	0.00746	0.00569	0.03749	0.13634	0.46588	0.05176	0.01322	0.01050	0.00502	0.00381	0.00129	0.00334	0.00392	0.00432	0.00619
27	0.00841	0.00880	0.05613	0.10518	0.29225	0.07453	0.04379	0.01053	0.02483	0.01187	0.01325	0.28015	0.02558	0.00696	0.00448	0.00139	0.00441	0.01981	0.00267	0.00498
28	0.00988	0.00969	0.02871	0.10493	0.47418	0.02241	0.05581	0.03361	0.09897	0.01339	0.00873	0.02324	0.00722	0.00443	0.00504	0.00132	0.08622	0.00392	0.00230	0.00599

[dist]
# distance from previous block
# <min> <max>
0	5

[block]
# block no. 2 follows, 65 sequences, length 27
# corresponding to MSA columns:
# 193-212,218-224
name=unknown_C
#
# <colnr> <probs for GDERKNQSTAVLIFYWHMCP>
#	G	D	E	R	K	N	Q	S	T	A	V	L	I	F	Y	W	H	M	C	P
0	0.18592	0.01028	0.01194	0.00983	0.04745	0.01130	0.06971	0.46197	0.04909	0.05948	0.00926	0.00973	0.00673	0.00465	0.00418	0.00128	0.03389	0.00355	0.00352	0.00624
1	0.07297	0.42267	0.12239	0.00985	0.08390	0.15607	0.00856	0.01341	0.03935	0.01139	0.00661	0.00769	0.00559	0.00387	0.00337	0.00106	0.02129	0.00263	0.00199	0.00536
2	0.00880	0.00815	0.01364	0.22024	0.48856	0.00857	0.01098	0.01110	0.00895	0.01234	0.01021	0.08932	0.00964	0.00528	0.00432	0.00136	0.00470	0.07603	0.00230	0.00550
3	0.00922	0.00880	0.01497	0.34379	0.51884	0.00951	0.01213	0.01178	0.00890	0.01228	0.00756	0.01046	0.00610	0.00383	0.00408	0.00128	0.00511	0.00365	0.00195	0.00575
4	0.00499	0.00390	0.00450	0.00496	0.00578	0.00345	0.00351	0.00588	0.00860	0.01077	0.03179	0.41110	0.42410	0.03000	0.00540	0.00158	0.00230	0.03020	0.00378	0.00339
5	0.01842	0.00699	0.00953	0.00730	0.01048	0.00603	0.00603	0.02000	0.01175	0.83298	0.01619	0.01397	0.01016	0.00508	0.00413	0.00127	0.00349	0.00413	0.00508	0.00699
6	0.00546	0.00418	0.00500	0.00480	0.00592	0.00372	0.00360	0.00707	0.01079	0.01450	0.54078	0.03389	0.32714	0.00912	0.00485	0.00133	0.00199	0.00788	0.00426	0.00372
7	0.00485	0.00416	0.00416	0.00416	0.00554	0.00347	0.00312	0.00589	0.00936	0.01109	0.04158	0.03950	0.82847	0.01040	0.00485	0.00139	0.00208	0.00866	0.00381	0.00347
8	0.00515	0.00368	0.00493	0.00588	0.00619	0.00346	0.00407	0.00597	0.00800	0.01064	0.02254	0.77949	0.02683	0.01272	0.00528	0.00169	0.00251	0.08379	0.00381	0.00337
9	0.01533	0.01956	0.01163	0.01058	0.01269	0.83926	0.00793	0.01639	0.01163	0.01005	0.00635	0.00740	0.00529	0.00423	0.00370	0.00106	0.00740	0.00264	0.00212	0.00476
10	0.00823	0.02123	0.83447	0.01170	0.01777	0.00953	0.01517	0.01300	0.00867	0.01300	0.00737	0.00867	0.00520	0.00390	0.00390	0.00130	0.00607	0.00303	0.00173	0.00607
11	0.00597	0.00398	0.00448	0.00448	0.00448	0.00398	0.00249	0.00597	0.00597	0.00796	0.01293	0.02686	0.01492	0.85574	0.02089	0.00398	0.00398	0.00597	0.00249	0.00249
12	0.88473	0.00794	0.00603	0.00540	0.00794	0.00921	0.00445	0.01207	0.00699	0.01842	0.00572	0.00667	0.00445	0.00381	0.00254	0.00127	0.00318	0.00222	0.00254	0.00445
13	0.01118	0.79524	0.02105	0.00744	0.01089	0.05957	0.02490	0.01253	0.00854	0.00976	0.00580	0.00673	0.00529	0.00355	0.00274	0.00090	0.00460	0.00228	0.00178	0.00525
14	0.01480	0.01110	0.01187	0.00928	0.01242	0.01235	0.00761	0.69806	0.13900	0.02457	0.01088	0.01067	0.00781	0.00502	0.00412	0.00126	0.00433	0.00384	0.00412	0.00691
15	0.01400	0.00948	0.01036	0.00826	0.01101	0.03089	0.00669	0.50688	0.01593	0.15358	0.06254	0.07872	0.06075	0.00609	0.00428	0.00128	0.00396	0.00488	0.00420	0.00624
16	0.01067	0.19464	0.36552	0.00897	0.01320	0.00974	0.00997	0.03244	0.03216	0.16474	0.07980	0.02706	0.00968	0.00464	0.00378	0.00120	0.00464	0.00365	0.00277	0.02073
17	0.00493	0.00416	0.00426	0.00424	0.00559	0.00350	0.00318	0.00604	0.00953	0.01151	0.10302	0.03881	0.76677	0.01024	0.00485	0.00138	0.00207	0.00857	0.00387	0.00350
18	0.00823	0.02123	0.83447	0.01170	0.01777	0.00953	0.01517	0.01300	0.00867	0.01300	0.00737	0.00867	0.00520	0.00390	0.00390	0.00130	0.00607	0.00303	0.00173	0.00607
19	0.01000	0.00959	0.01638	0.07830	0.77825	0.00971	0.01252	0.01246	0.00927	0.01322	0.00769	0.01021	0.00644	0.00369	0.00407	0.00123	0.00492	0.00366	0.00202	0.00638
20	0.01582	0.01033	0.01151	0.00889	0.01206	0.01108	0.00732	0.63028	0.01741	0.18725	0.01154	0.03816	0.00828	0.00522	0.00415	0.00125	0.00424	0.00404	0.00429	0.00686
21	0.00572	0.00422	0.00546	0.00596	0.00681	0.00396	0.00468	0.00717	0.00951	0.01253	0.20193	0.24333	0.17335	0.01090	0.00523	0.00161	0.00272	0.28732	0.00395	0.00363
22	0.01037	0.00871	0.00932	0.00850	0.02432	0.00994	0.00651	0.04416	0.73836	0.03612	0.01722	0.01589	0.04077	0.00568	0.00420	0.00138	0.00328	0.00473	0.00415	0.00642
23	0.00512	0.00417	0.00453	0.00444	0.00571	0.00358	0.00333	0.00641	0.00999	0.01259	0.26111	0.03704	0.60801	0.00984	0.00485	0.00136	0.00204	0.00832	0.00401	0.00358
24	0.00913	0.00887	0.01513	0.22091	0.28265	0.00958	0.15895	0.01286	0.11441	0.01272	0.00925	0.03121	0.00756	0.00548	0.03856	0.00157	0.04908	0.00422	0.00230	0.00555
25	0.04132	0.39203	0.04293	0.00904	0.01208	0.33299	0.04242	0.04853	0.01017	0.02540	0.00648	0.00743	0.00545	0.00390	0.00327	0.00102	0.00567	0.00261	0.00209	0.00519
26	0.34108	0.06504	0.02811	0.02682	0.14651	0.08421	0.09977	0.05604	0.03158	0.07402	0.00773	0.00885	0.00591	0.00397	0.00346	0.00123	0.00454	0.00312	0.00260	0.00540

[dist]
# distance from previous block
# <min> <max>
2	9

[block]
# block no. 3 follows, 65 sequences, length 32
# corresponding to MSA columns:
# 234-265
name=unknown_D
#
# <colnr> <probs for GDERKNQSTAVLIFYWHMCP>
#	G	D	E	R	K	N	Q	S	T	A	V	L	I	F	Y	W	H	M	C	P
0	0.01406	0.01181	0.09819	0.03803	0.02527	0.08107	0.00820	0.42442	0.04268	0.14555	0.02322	0.01207	0.04639	0.00506	0.00410	0.00125	0.00461	0.00392	0.00372	0.00638
1	0.00641	0.00464	0.00636	0.00616	0.00710	0.00501	0.00471	0.00851	0.05584	0.03343	0.23046	0.02111	0.04286	0.06090	0.48230	0.00446	0.00733	0.00541	0.00307	0.00391
2	0.00869	0.01568	0.43813	0.01310	0.01791	0.00947	0.30486	0.01313	0.05080	0.01352	0.06715	0.01146	0.00836	0.00415	0.00433	0.00133	0.00594	0.00409	0.00218	0.00574
3	0.00840	0.07271	0.78447	0.01141	0.01732	0.00995	0.01467	0.01296	0.00865	0.01279	0.00726	0.00854	0.00520	0.00388	0.00382	0.00127	0.00596	0.00298	0.00173	0.00602
4	0.00713	0.00357	0.00535	0.00535	0.00535	0.00357	0.00357	0.00535	0.00535	0.00713	0.00713	0.01248	0.00713	0.01426	0.01604	0.88057	0.00357	0.00357	0.00178	0.00178
5	0.00500	0.00357	0.00476	0.00572	0.00595	0.00333	0.00381	0.00572	0.00786	0.01048	0.02262	0.85306	0.02715	0.01286	0.00524	0.00167	0.00238	0.01167	0.00381	0.00333
6	0.01073	0.78457	0.09303	0.00744	0.01117	0.01565	0.00774	0.01235	0.00837	0.00995	0.00585	0.00677	0.00526	0.00355	0.00275	0.00092	0.00454	0.00227	0.00175	0.00534
7	0.00499	0.00363	0.00470	0.00555	0.00591	0.00335	0.00374	0.00573	0.00801	0.01054	0.02458	0.76912	0.10982	0.01261	0.00520	0.00164	0.00235	0.01136	0.00381	0.00335
8	0.80776	0.04795	0.00686	0.00550	0.00813	0.00939	0.00458	0.01201	0.00711	0.01780	0.00578	0.00674	0.00455	0.00376	0.00257	0.00122	0.00323	0.00223	0.00250	0.04031
9	0.01533	0.01956	0.01163	0.01058	0.01269	0.83926	0.00793	0.01639	0.01163	0.01005	0.00635	0.00740	0.00529	0.00423	0.00370	0.00106	0.00740	0.00264	0.00212	0.00476
10	0.88473	0.00794	0.00603	0.00540	0.00794	0.00921	0.00445	0.01207	0.00699	0.01842	0.00572	0.00667	0.00445	0.00381	0.00254	0.00127	0.00318	0.00222	0.00254	0.00445
11	0.00765	0.00383	0.00383	0.00383	0.00478	0.00383	0.00287	0.00956	0.00861	0.01530	0.01339	0.01530	0.01052	0.00478	0.00287	0.00096	0.00191	0.00383	0.87853	0.00383
12	0.00499	0.00361	0.00472	0.00560	0.00592	0.00334	0.00376	0.00573	0.00797	0.01052	0.02399	0.79460	0.08473	0.01268	0.00521	0.00165	0.00236	0.01145	0.00381	0.00334
13	0.00765	0.00383	0.00383	0.00383	0.00478	0.00383	0.00287	0.00956	0.00861	0.01530	0.01339	0.01530	0.01052	0.00478	0.00287	0.00096	0.00191	0.00383	0.87853	0.00383
14	0.00765	0.00383	0.00383	0.00383	0.00478	0.00383	0.00287	0.00956	0.00861	0.01530	0.01339	0.01530	0.01052	0.00478	0.00287	0.00096	0.00191	0.00383	0.87853	0.00383
15	0.01351	0.01046	0.01114	0.00902	0.01193	0.01175	0.00729	0.50762	0.33154	0.02249	0.01252	0.01198	0.00914	0.00518	0.00413	0.00129	0.00402	0.00406	0.00413	0.00679
16	0.00558	0.00401	0.00530	0.00550	0.00621	0.00374	0.00402	0.00708	0.01018	0.01412	0.49833	0.31813	0.03378	0.01013	0.00503	0.00146	0.00220	0.05728	0.00423	0.00368
17	0.00998	0.00978	0.01730	0.06619	0.69763	0.00979	0.10343	0.01255	0.00933	0.01323	0.00777	0.01030	0.00642	0.00366	0.00415	0.00125	0.00514	0.00379	0.00203	0.00629
18	0.01175	0.70928	0.01976	0.00765	0.01092	0.16240	0.00718	0.01302	0.00893	0.00973	0.00582	0.00673	0.00527	0.00364	0.00282	0.00091	0.00492	0.00227	0.00182	0.00518
19	0.01088	0.01007	0.00831	0.00738	0.00919	0.27448	0.00565	0.08267	0.01204	0.09558	0.31402	0.02075	0.11892	0.00666	0.00434	0.00122	0.00410	0.00538	0.00368	0.00469
20	0.88473	0.00794	0.00603	0.00540	0.00794	0.00921	0.00445	0.01207	0.00699	0.01842	0.00572	0.00667	0.00445	0.00381	0.00254	0.00127	0.00318	0.00222	0.00254	0.00445
21	0.00578	0.00419	0.00544	0.00513	0.00611	0.00386	0.00385	0.00768	0.01154	0.01628	0.80099	0.03097	0.06582	0.00846	0.00484	0.00129	0.00194	0.00747	0.00449	0.00386
22	0.01104	0.00859	0.01381	0.03131	0.43906	0.00854	0.06461	0.01432	0.10216	0.15739	0.04623	0.06397	0.01043	0.00488	0.00425	0.00129	0.00432	0.00458	0.00302	0.00618
23	0.01842	0.00699	0.00953	0.00730	0.01048	0.00603	0.00603	0.02000	0.01175	0.83298	0.01619	0.01397	0.01016	0.00508	0.00413	0.00127	0.00349	0.00413	0.00508	0.00699
24	0.00485	0.00416	0.00416	0.00416	0.00554	0.00347	0.00312	0.00589	0.00936	0.01109	0.04158	0.03950	0.82847	0.01040	0.00485	0.00139	0.00208	0.00866	0.00381	0.00347
25	0.00823	0.02123	0.83447	0.01170	0.01777	0.00953	0.01517	0.01300	0.00867	0.01300	0.00737	0.00867	0.00520	0.00390	0.00390	0.00130	0.00607	0.00303	0.00173	0.00607
26	0.02829	0.30672	0.01593	0.09408	0.03267	0.27041	0.06183	0.08057	0.01052	0.05314	0.00716	0.00831	0.00576	0.00400	0.00349	0.00108	0.00556	0.00291	0.00228	0.00530
27	0.00550	0.00393	0.00533	0.00628	0.00674	0.00376	0.00468	0.00658	0.00835	0.01104	0.02235	0.60428	0.02606	0.01239	0.00537	0.00174	0.00281	0.25554	0.00380	0.00347
28	0.00543	0.00422	0.00496	0.00490	0.00607	0.00376	0.00376	0.00694	0.01037	0.01358	0.38841	0.03618	0.40760	0.00959	0.00492	0.00139	0.00217	0.07795	0.00412	0.00367
29	0.01239	0.05489	0.25838	0.01180	0.11871	0.02839	0.05407	0.10575	0.06000	0.22618	0.01071	0.02324	0.00768	0.00449	0.00402	0.00126	0.00484	0.00374	0.00311	0.00635
30	0.00967	0.01032	0.03178	0.50201	0.15526	0.15659	0.01092	0.02546	0.00913	0.01118	0.00718	0.01005	0.00562	0.00417	0.00434	0.00130	0.03462	0.00346	0.00194	0.00499
31	0.01323	0.01053	0.01263	0.03419	0.11955	0.05550	0.06593	0.47556	0.01513	0.03322	0.00996	0.03045	0.00762	0.00477	0.00403	0.00122	0.00459	0.00392	0.09173	0.00622

[dist]
# distance from previous block
# <min> <max>
0	1

[block]
# block no. 4 follows, 65 sequences, length 55
# corresponding to MSA columns:
# 267-321
name=unknown_E
#
# <colnr> <probs for GDERKNQSTAVLIFYWHMCP>
#	G	D	E	R	K	N	Q	S	T	A	V	L	I	F	Y	W	H	M	C	P
0	0.48335	0.21046	0.02554	0.00738	0.03988	0.02744	0.03754	0.01271	0.03393	0.04546	0.02232	0.00819	0.00605	0.00447	0.01994	0.00129	0.00396	0.00268	0.00247	0.00493
1	0.15284	0.01029	0.05159	0.04607	0.44172	0.04370	0.01003	0.11859	0.01991	0.02415	0.00797	0.01009	0.00650	0.03430	0.00440	0.00133	0.00467	0.00346	0.00244	0.00593
2	0.00510	0.00412	0.00423	0.00423	0.00531	0.00358	0.00298	0.00591	0.00861	0.01040	0.03526	0.03671	0.64892	0.19696	0.00839	0.00196	0.00250	0.00807	0.00352	0.00325
3	0.01097	0.85821	0.02151	0.00702	0.01054	0.01624	0.00702	0.01229	0.00834	0.00966	0.00571	0.00658	0.00527	0.00351	0.00263	0.00088	0.00439	0.00219	0.00176	0.00527
4	0.00653	0.00541	0.00762	0.00733	0.00796	0.02207	0.00578	0.00787	0.00668	0.00962	0.01031	0.03730	0.00983	0.02596	0.66671	0.00558	0.14705	0.00443	0.00218	0.00381
5	0.00488	0.00416	0.00420	0.00419	0.00556	0.00348	0.00314	0.00595	0.00943	0.01126	0.06670	0.03922	0.80325	0.01033	0.00485	0.00138	0.00207	0.00862	0.00383	0.00348
6	0.00501	0.00375	0.00466	0.00537	0.00592	0.00340	0.00371	0.00584	0.00828	0.01068	0.02741	0.62505	0.23027	0.01219	0.00515	0.00160	0.00234	0.03217	0.00381	0.00338
7	0.00500	0.00357	0.00476	0.00572	0.00595	0.00333	0.00381	0.00572	0.00786	0.01048	0.02262	0.85306	0.02715	0.01286	0.00524	0.00167	0.00238	0.01167	0.00381	0.00333
8	0.00823	0.02123	0.83447	0.01170	0.01777	0.00953	0.01517	0.01300	0.00867	0.01300	0.00737	0.00867	0.00520	0.00390	0.00390	0.00130	0.00607	0.00303	0.00173	0.00607
9	0.01021	0.00882	0.00928	0.00835	0.01067	0.01021	0.00650	0.02181	0.82272	0.01717	0.01671	0.01532	0.01253	0.00557	0.00418	0.00139	0.00325	0.00464	0.00418	0.00650
10	0.01353	0.01047	0.01115	0.00902	0.01194	0.01176	0.00730	0.51080	0.32833	0.02252	0.01249	0.01196	0.00912	0.00517	0.00413	0.00129	0.00403	0.00406	0.00413	0.00679
11	0.88473	0.00794	0.00603	0.00540	0.00794	0.00921	0.00445	0.01207	0.00699	0.01842	0.00572	0.00667	0.00445	0.00381	0.00254	0.00127	0.00318	0.00222	0.00254	0.00445
12	0.00531	0.00414	0.00486	0.00503	0.00608	0.00369	0.00380	0.00662	0.00971	0.01248	0.23529	0.16297	0.41709	0.01037	0.00500	0.00146	0.00228	0.09626	0.00399	0.00358
13	0.01842	0.00699	0.00953	0.00730	0.01048	0.00603	0.00603	0.02000	0.01175	0.83298	0.01619	0.01397	0.01016	0.00508	0.00413	0.00127	0.00349	0.00413	0.00508	0.00699
14	0.01097	0.85821	0.02151	0.00702	0.01054	0.01624	0.00702	0.01229	0.00834	0.00966	0.00571	0.00658	0.00527	0.00351	0.00263	0.00088	0.00439	0.00219	0.00176	0.00527
15	0.00851	0.00730	0.00851	0.00608	0.00973	0.00547	0.00486	0.01034	0.00851	0.01338	0.00730	0.00851	0.00608	0.00304	0.00304	0.00061	0.00304	0.00243	0.00243	0.88083
16	0.20337	0.00738	0.00898	0.04898	0.01079	0.00745	0.01871	0.01701	0.09970	0.45008	0.05573	0.01310	0.01027	0.00501	0.00406	0.00130	0.02403	0.00392	0.00411	0.00601
17	0.00926	0.00865	0.00886	0.00658	0.01005	0.09732	0.00520	0.01100	0.00886	0.01301	0.00719	0.00839	0.00599	0.00317	0.00311	0.00066	0.00352	0.00246	0.00240	0.78433
18	0.00488	0.00409	0.00424	0.00435	0.00560	0.00346	0.00321	0.00590	0.00923	0.01110	0.05133	0.12899	0.72832	0.01064	0.00489	0.00142	0.00211	0.00898	0.00382	0.00346
19	0.01720	0.00687	0.00924	0.00720	0.01019	0.00606	0.00590	0.01923	0.04630	0.74176	0.07233	0.01518	0.01224	0.00533	0.00418	0.00128	0.00337	0.00438	0.00500	0.00675
20	0.01066	0.01029	0.02929	0.06770	0.60497	0.06257	0.01143	0.02481	0.08571	0.03972	0.00874	0.01060	0.00703	0.00396	0.00405	0.00124	0.00489	0.00369	0.00235	0.00630
21	0.00661	0.00472	0.00661	0.00756	0.00850	0.00472	0.00661	0.00850	0.00945	0.01228	0.02173	0.04630	0.02362	0.01134	0.00567	0.00189	0.00378	0.80250	0.00378	0.00378
22	0.00597	0.00398	0.00448	0.00448	0.00448	0.00398	0.00249	0.00597	0.00597	0.00796	0.01293	0.02686	0.01492	0.85574	0.02089	0.00398	0.00398	0.00597	0.00249	0.00249
23	0.00713	0.00357	0.00535	0.00535	0.00535	0.00357	0.00357	0.00535	0.00535	0.00713	0.00713	0.01248	0.00713	0.01426	0.01604	0.88057	0.00357	0.00357	0.00178	0.00178
24	0.00671	0.00627	0.01163	0.00976	0.01144	0.00586	0.28767	0.00848	0.00872	0.01170	0.04780	0.48273	0.04187	0.00930	0.00509	0.00155	0.00399	0.03205	0.00323	0.00414
25	0.01085	0.81913	0.05947	0.00724	0.01087	0.01593	0.00740	0.01232	0.00836	0.00981	0.00578	0.00668	0.00526	0.00353	0.00269	0.00090	0.00447	0.00223	0.00175	0.00531
26	0.01002	0.36783	0.38487	0.01008	0.04079	0.02256	0.02357	0.06115	0.02207	0.01243	0.00699	0.00805	0.00551	0.00382	0.00341	0.00112	0.00522	0.00279	0.00194	0.00579
27	0.63894	0.00840	0.00748	0.00629	0.00902	0.00940	0.00518	0.14355	0.00956	0.11813	0.00765	0.00807	0.00555	0.00415	0.00299	0.00126	0.00343	0.00269	0.00310	0.00516
28	0.00501	0.00361	0.00475	0.00564	0.00594	0.00335	0.00378	0.00576	0.00800	0.01063	0.03978	0.80354	0.05968	0.01267	0.00522	0.00165	0.00236	0.01146	0.00382	0.00335
29	0.01291	0.01012	0.00979	0.00915	0.04790	0.21686	0.00696	0.12281	0.01152	0.21125	0.02405	0.05280	0.01151	0.00874	0.08831	0.00186	0.01536	0.12928	0.00347	0.00534
30	0.01545	0.01128	0.01213	0.00935	0.01259	0.01247	0.00771	0.76562	0.05150	0.04457	0.01028	0.01017	0.00728	0.00496	0.00411	0.00124	0.00444	0.00374	0.00413	0.00696
31	0.01504	0.01641	0.01122	0.00981	0.01215	0.58183	0.00753	0.17204	0.02702	0.05194	0.00803	0.00873	0.00624	0.00446	0.00377	0.00110	0.00630	0.00301	0.04807	0.00528
32	0.00542	0.00415	0.00497	0.00482	0.00591	0.00370	0.00360	0.00698	0.01062	0.01422	0.50377	0.07228	0.32601	0.00933	0.00486	0.00134	0.00201	0.00807	0.00423	0.00370
33	0.00653	0.00504	0.00745	0.09913	0.00983	0.00590	0.00589	0.04543	0.00735	0.01036	0.01058	0.01549	0.00968	0.04441	0.69081	0.00571	0.00993	0.00432	0.00225	0.00389
34	0.00492	0.00398	0.00437	0.00465	0.00568	0.00343	0.00334	0.00588	0.00895	0.01102	0.05282	0.28421	0.57023	0.01109	0.00497	0.00147	0.00217	0.00954	0.00383	0.00343
35	0.01097	0.85821	0.02151	0.00702	0.01054	0.01624	0.00702	0.01229	0.00834	0.00966	0.00571	0.00658	0.00527	0.00351	0.00263	0.00088	0.00439	0.00219	0.00176	0.00527
36	0.82709	0.00810	0.00641	0.00563	0.00822	0.00934	0.00464	0.05276	0.00768	0.03178	0.00609	0.00695	0.00466	0.00389	0.00264	0.00127	0.00325	0.00233	0.00266	0.00461
37	0.00526	0.00417	0.00473	0.00459	0.00580	0.00364	0.00344	0.00668	0.01032	0.01338	0.37768	0.03573	0.49094	0.00954	0.00485	0.00135	0.00202	0.00813	0.00411	0.00364
38	0.00535	0.00416	0.00487	0.00473	0.00586	0.00367	0.00353	0.00684	0.01048	0.01385	0.44762	0.06277	0.39263	0.00944	0.00486	0.00135	0.00202	0.00813	0.00418	0.00367
39	0.01048	0.00855	0.00909	0.00814	0.01045	0.00979	0.00634	0.02128	0.75657	0.05345	0.01656	0.01525	0.01235	0.00552	0.00413	0.00137	0.00321	0.00459	0.03646	0.00642
40	0.00581	0.00420	0.00549	0.00516	0.00613	0.00387	0.00387	0.00775	0.01162	0.01646	0.82797	0.03066	0.03873	0.00839	0.00484	0.00129	0.00194	0.00742	0.00452	0.00387
41	0.00520	0.00372	0.00488	0.00557	0.00600	0.00346	0.00383	0.00616	0.00858	0.01160	0.15736	0.65910	0.05916	0.01188	0.00513	0.00159	0.00231	0.02481	0.01620	0.00344
42	0.01097	0.85821	0.02151	0.00702	0.01054	0.01624	0.00702	0.01229	0.00834	0.00966	0.00571	0.00658	0.00527	0.00351	0.00263	0.00088	0.00439	0.00219	0.00176	0.00527
43	0.04674	0.00844	0.00984	0.00771	0.01061	0.00857	0.00632	0.34032	0.01422	0.37504	0.01312	0.03199	0.00911	0.00513	0.00396	0.00123	0.00371	0.00403	0.09342	0.00649
44	0.06020	0.01663	0.56398	0.01045	0.03074	0.00878	0.03032	0.04106	0.03111	0.04729	0.02273	0.01276	0.09680	0.00479	0.00399	0.00131	0.00516	0.00383	0.00235	0.00573
45	0.01273	0.01523	0.01202	0.01066	0.01191	0.50051	0.00836	0.01372	0.00944	0.00998	0.00595	0.00805	0.00533	0.00544	0.00770	0.00136	0.35195	0.00303	0.00198	0.00465
46	0.00519	0.00423	0.00462	0.00468	0.00596	0.00366	0.00361	0.00645	0.00970	0.01201	0.15449	0.03896	0.62423	0.01021	0.00494	0.00143	0.00225	0.09593	0.00391	0.00356
47	0.00775	0.03557	0.13667	0.00917	0.09955	0.04497	0.00715	0.02047	0.02548	0.04915	0.09755	0.31477	0.07665	0.00845	0.00462	0.00143	0.00363	0.04910	0.00328	0.00460
48	0.01132	0.01106	0.04158	0.02925	0.32920	0.08795	0.08612	0.10838	0.20486	0.03330	0.01021	0.01123	0.00788	0.00434	0.00413	0.00127	0.00490	0.00390	0.00285	0.00627
49	0.00803	0.00477	0.00486	0.00476	0.00579	0.02402	0.00354	0.04979	0.04698	0.01485	0.01391	0.10699	0.01198	0.00618	0.00393	0.04502	0.00237	0.00468	0.63358	0.00397
50	0.00509	0.00365	0.00483	0.00562	0.00597	0.00340	0.00380	0.00594	0.00830	0.01115	0.11172	0.74604	0.04461	0.01232	0.00519	0.00162	0.00233	0.01114	0.00389	0.00340
51	0.01159	0.64093	0.06691	0.00825	0.03841	0.06080	0.00772	0.05517	0.02071	0.04714	0.00674	0.00749	0.00571	0.00375	0.00298	0.00097	0.00462	0.00252	0.00209	0.00551
52	0.07625	0.69828	0.07499	0.00723	0.01083	0.01479	0.00734	0.01268	0.00842	0.04898	0.00631	0.00708	0.00543	0.00363	0.00278	0.00095	0.00437	0.00234	0.00197	0.00534
53	0.00691	0.00571	0.00841	0.02756	0.16543	0.00551	0.03459	0.01809	0.02493	0.01471	0.46818	0.05199	0.09994	0.04360	0.00535	0.00142	0.00292	0.00662	0.00371	0.00442
54	0.37323	0.02911	0.00937	0.00738	0.01028	0.01042	0.00608	0.31412	0.08058	0.09255	0.00914	0.00926	0.00663	0.00447	0.00341	0.00124	0.00374	0.00315	0.00347	0.02238

[dist]
# distance from previous block
# <min> <max>
0	37

[block]
# block no. 5 follows, 65 sequences, length 23
# corresponding to MSA columns:
# 361-383
name=unknown_F
#
# <colnr> <probs for GDERKNQSTAVLIFYWHMCP>
#	G	D	E	R	K	N	Q	S	T	A	V	L	I	F	Y	W	H	M	C	P
0	0.01076	0.04446	0.01060	0.00959	0.06854	0.01067	0.00707	0.09714	0.65439	0.01743	0.01496	0.01406	0.01127	0.00529	0.00410	0.00134	0.00353	0.00438	0.00392	0.00649
1	0.00753	0.00604	0.00648	0.00600	0.00776	0.00618	0.00461	0.01271	0.31822	0.04606	0.13113	0.02821	0.38677	0.00810	0.00457	0.00137	0.00256	0.00680	0.00409	0.00480
2	0.01674	0.00693	0.00909	0.00708	0.01006	0.00613	0.00581	0.06460	0.01192	0.69416	0.01867	0.01659	0.10160	0.00567	0.00421	0.00128	0.00339	0.00461	0.00488	0.00659
3	0.00934	0.00878	0.01198	0.01076	0.04633	0.01168	0.00853	0.06709	0.04142	0.01166	0.00713	0.03396	0.00672	0.00724	0.02372	0.00175	0.65043	0.00390	0.03280	0.00477
4	0.00583	0.00443	0.00612	0.00757	0.09800	0.00423	0.00456	0.00679	0.00826	0.01119	0.12352	0.49114	0.05238	0.14729	0.00757	0.00193	0.00285	0.00920	0.00349	0.00363
5	0.00969	0.01107	0.02422	0.01730	0.02145	0.01038	0.81522	0.01315	0.00969	0.01315	0.00830	0.01107	0.00623	0.00346	0.00484	0.00138	0.00692	0.00484	0.00208	0.00554
6	0.00500	0.00403	0.00446	0.00463	0.00571	0.00348	0.00337	0.00608	0.00929	0.01160	0.13219	0.22303	0.55133	0.01071	0.00494	0.00144	0.00213	0.00920	0.00390	0.00348
7	0.05580	0.00692	0.00922	0.00714	0.01020	0.00609	0.00588	0.01918	0.01154	0.76559	0.04733	0.01430	0.01102	0.00515	0.00409	0.00127	0.00342	0.00417	0.00495	0.00675
8	0.00607	0.00455	0.00615	0.00678	0.00747	0.00463	0.00545	0.00745	0.00884	0.01168	0.06557	0.30373	0.08515	0.01134	0.00592	0.00174	0.05692	0.39317	0.00371	0.00366
9	0.04855	0.00702	0.00940	0.00724	0.01039	0.00614	0.00598	0.01973	0.01158	0.80464	0.01583	0.01372	0.00996	0.00504	0.00407	0.00127	0.00348	0.00406	0.00499	0.00690
10	0.01097	0.85821	0.02151	0.00702	0.01054	0.01624	0.00702	0.01229	0.00834	0.00966	0.00571	0.00658	0.00527	0.00351	0.00263	0.00088	0.00439	0.00219	0.00176	0.00527
11	0.00960	0.00678	0.00907	0.12088	0.11232	0.00702	0.00673	0.07689	0.11003	0.12162	0.21555	0.01964	0.09679	0.00614	0.00428	0.00128	0.00335	0.00527	0.06151	0.00522
12	0.00497	0.00408	0.00438	0.00448	0.00566	0.00349	0.00329	0.00607	0.00940	0.01158	0.12340	0.14857	0.63536	0.01051	0.00490	0.00141	0.00210	0.00894	0.00389	0.00349
13	0.00509	0.00386	0.00470	0.00513	0.00586	0.00347	0.00360	0.00611	0.00896	0.01168	0.16447	0.45859	0.28096	0.01133	0.00505	0.00152	0.00221	0.01001	0.00393	0.00347
14	0.00519	0.00378	0.00492	0.00566	0.00613	0.00351	0.00397	0.00614	0.00848	0.01124	0.09929	0.63362	0.10565	0.01208	0.00520	0.00162	0.00242	0.07378	0.00387	0.00343
15	0.01533	0.01956	0.01163	0.01058	0.01269	0.83926	0.00793	0.01639	0.01163	0.01005	0.00635	0.00740	0.00529	0.00423	0.00370	0.00106	0.00740	0.00264	0.00212	0.00476
16	0.01016	0.00975	0.01666	0.02520	0.83013	0.00975	0.01260	0.01260	0.00935	0.01341	0.00772	0.01016	0.00650	0.00366	0.00406	0.00122	0.00488	0.00366	0.00203	0.00650
17	0.00699	0.00502	0.00611	0.03243	0.00766	0.00486	0.00466	0.06066	0.02073	0.05319	0.20118	0.05534	0.28057	0.06810	0.04701	0.00187	0.00324	0.13252	0.00381	0.00402
18	0.01097	0.85821	0.02151	0.00702	0.01054	0.01624	0.00702	0.01229	0.00834	0.00966	0.00571	0.00658	0.00527	0.00351	0.00263	0.00088	0.00439	0.00219	0.00176	0.00527
19	0.00935	0.00896	0.01455	0.19540	0.44230	0.02384	0.06747	0.01275	0.09622	0.01291	0.00967	0.07076	0.00836	0.00461	0.00422	0.00131	0.00484	0.00440	0.00235	0.00577
20	0.00602	0.00413	0.00497	0.00509	0.00607	0.00370	0.00370	0.00722	0.00944	0.05675	0.20875	0.28982	0.29327	0.02403	0.00512	0.00148	0.00227	0.02220	0.04226	0.00371
21	0.09380	0.05914	0.31577	0.03536	0.04678	0.09394	0.03002	0.14971	0.02217	0.04385	0.00833	0.00940	0.01835	0.00441	0.00431	0.00127	0.05192	0.00325	0.00246	0.00577
22	0.16168	0.24019	0.09931	0.00869	0.04760	0.10742	0.00757	0.08997	0.03034	0.04958	0.02431	0.03443	0.04123	0.00474	0.00381	0.00118	0.03670	0.00339	0.00257	0.00529

[dist]
# distance from previous block
# <min> <max>
2	9

[block]
# block no. 6 follows, 65 sequences, length 24
# corresponding to MSA columns:
# 394-417
name=unknown_G
#
# <colnr> <probs for GDERKNQSTAVLIFYWHMCP>
#	G	D	E	R	K	N	Q	S	T	A	V	L	I	F	Y	W	H	M	C	P
0	0.01018	0.04930	0.18965	0.09212	0.12439	0.03739	0.07562	0.07798	0.06504	0.07680	0.03548	0.03065	0.01703	0.00529	0.02242	0.00138	0.00500	0.02721	0.00270	0.05436
1	0.00516	0.00399	0.00471	0.00496	0.00587	0.00355	0.00359	0.00633	0.00943	0.01220	0.22302	0.29317	0.37219	0.01071	0.00499	0.00146	0.00217	0.02499	0.00398	0.00353
2	0.00859	0.03216	0.36335	0.05415	0.17064	0.03387	0.04378	0.01245	0.06395	0.01307	0.05042	0.03655	0.05681	0.00502	0.00414	0.00131	0.00501	0.02631	0.01281	0.00560
3	0.02302	0.12949	0.16028	0.03941	0.07521	0.14806	0.05747	0.12278	0.04204	0.07587	0.03404	0.05655	0.00851	0.00479	0.00391	0.00121	0.00512	0.00386	0.00272	0.00566
4	0.00825	0.00754	0.01224	0.52652	0.17941	0.00879	0.01049	0.03068	0.04077	0.01181	0.03473	0.02556	0.00779	0.00649	0.07052	0.00175	0.00552	0.00400	0.00216	0.00496
5	0.00568	0.00425	0.00485	0.00468	0.00595	0.00370	0.00352	0.00706	0.01023	0.04178	0.32884	0.06006	0.48558	0.00955	0.00483	0.00136	0.00209	0.00814	0.00412	0.00373
6	0.03575	0.00887	0.01449	0.45421	0.23015	0.03874	0.10186	0.02566	0.00902	0.03126	0.00769	0.01056	0.00592	0.00395	0.00412	0.00131	0.00542	0.00372	0.00205	0.00527
7	0.09882	0.04719	0.13953	0.03155	0.04285	0.09184	0.14694	0.20244	0.03449	0.05574	0.00916	0.02946	0.00721	0.00463	0.00417	0.00129	0.01961	0.02452	0.00281	0.00576
8	0.00493	0.00416	0.00427	0.00424	0.00559	0.00350	0.00318	0.00604	0.00954	0.01153	0.10665	0.03877	0.76312	0.01023	0.00485	0.00138	0.00207	0.00856	0.00387	0.00350
9	0.01533	0.01956	0.01163	0.01058	0.01269	0.83926	0.00793	0.01639	0.01163	0.01005	0.00635	0.00740	0.00529	0.00423	0.00370	0.00106	0.00740	0.00264	0.00212	0.00476
10	0.08347	0.03578	0.04751	0.00927	0.01238	0.09249	0.07877	0.32210	0.05945	0.15522	0.01116	0.02195	0.02492	0.00483	0.00397	0.00124	0.00460	0.00384	0.02091	0.00613
11	0.00975	0.00812	0.04195	0.00708	0.00902	0.09832	0.00574	0.09574	0.09156	0.11429	0.17586	0.11407	0.15378	0.00768	0.00454	0.00136	0.00347	0.04890	0.00389	0.00489
12	0.01609	0.00730	0.00924	0.00723	0.01013	0.00681	0.00592	0.12657	0.04252	0.57303	0.05125	0.01419	0.01103	0.00516	0.00403	0.00123	0.00342	0.00417	0.07423	0.02646
13	0.00879	0.00864	0.07452	0.00726	0.03528	0.00626	0.00604	0.03410	0.03008	0.01381	0.00763	0.00879	0.00622	0.00325	0.00320	0.00072	0.00338	0.00261	0.00246	0.73697
14	0.00527	0.00419	0.00476	0.00494	0.00607	0.00370	0.00378	0.00650	0.00945	0.01184	0.13740	0.11226	0.51749	0.02874	0.00535	0.00153	0.00238	0.12692	0.00387	0.00353
15	0.00653	0.00542	0.00759	0.00725	0.00775	0.00661	0.00567	0.00766	0.00683	0.00974	0.01300	0.08411	0.06499	0.08867	0.42493	0.00434	0.21542	0.02734	0.00240	0.00374
16	0.00853	0.02170	0.15547	0.09073	0.03548	0.01942	0.02801	0.05533	0.08273	0.01258	0.00969	0.04486	0.00854	0.08173	0.09683	0.00209	0.10590	0.00407	0.02033	0.11599
17	0.01136	0.00870	0.00942	0.00827	0.01072	0.00981	0.00649	0.04939	0.70000	0.11266	0.01641	0.01497	0.01206	0.00549	0.00417	0.00137	0.00332	0.00455	0.00428	0.00657
18	0.01183	0.01031	0.03182	0.05461	0.36219	0.01063	0.05526	0.25784	0.11388	0.03592	0.00969	0.01085	0.00739	0.00433	0.00413	0.00126	0.00470	0.00386	0.00298	0.00651
19	0.00592	0.00419	0.00553	0.00553	0.00589	0.00455	0.00380	0.00664	0.00628	0.00874	0.01197	0.02155	0.01262	0.44743	0.42604	0.00528	0.00745	0.00519	0.00234	0.00307
20	0.73724	0.00814	0.00685	0.00589	0.00855	0.00920	0.00486	0.07683	0.00840	0.09263	0.00699	0.00758	0.00516	0.00401	0.00281	0.00127	0.00331	0.00251	0.00289	0.00488
21	0.01043	0.47419	0.23560	0.01060	0.09713	0.06922	0.02756	0.01281	0.00878	0.01103	0.00645	0.00766	0.00540	0.00368	0.00324	0.00105	0.00514	0.00266	0.00181	0.00558
22	0.00537	0.00436	0.00479	0.00481	0.00602	0.00393	0.00355	0.00716	0.05871	0.01232	0.17641	0.15151	0.52624	0.01010	0.00486	0.00141	0.00217	0.00863	0.00396	0.00370
23	0.04555	0.24334	0.15210	0.00854	0.01231	0.05352	0.03047	0.16602	0.01073	0.03516	0.00748	0.00835	0.00587	0.00389	0.00352	0.00102	0.01647	0.00284	0.00249	0.19035

[dist]
# distance from previous block
# <min> <max>
0	1

[block]
# block no. 7 follows, 65 sequences, length 16
# corresponding to MSA columns:
# 419-434
name=unknown_H
#
# <colnr> <probs for GDERKNQSTAVLIFYWHMCP>
#	G	D	E	R	K	N	Q	S	T	A	V	L	I	F	Y	W	H	M	C	P
0	0.00528	0.00386	0.00488	0.00544	0.00599	0.00359	0.00376	0.00633	0.02748	0.01125	0.11376	0.57139	0.15900	0.01185	0.00559	0.04081	0.00236	0.01018	0.00381	0.00342
1	0.03096	0.36096	0.08636	0.03704	0.11026	0.12706	0.02812	0.11835	0.01042	0.02320	0.00700	0.00812	0.00573	0.00388	0.00338	0.00106	0.00505	0.00284	0.00223	0.02797
2	0.00977	0.10203	0.06219	0.02925	0.50138	0.03011	0.06940	0.01226	0.02206	0.01251	0.00826	0.03911	0.00721	0.00552	0.04804	0.00151	0.02756	0.00385	0.00209	0.00590
3	0.00505	0.00402	0.00453	0.00471	0.00574	0.00350	0.00342	0.00617	0.00938	0.01186	0.17122	0.23531	0.49932	0.01065	0.00494	0.00144	0.00213	0.00918	0.00393	0.00350
4	0.00512	0.00367	0.00482	0.00569	0.00600	0.00344	0.00387	0.00587	0.00791	0.01048	0.02286	0.74539	0.05645	0.05032	0.00595	0.00177	0.00251	0.05082	0.00375	0.00332
5	0.02843	0.59334	0.05259	0.00743	0.01038	0.10666	0.00699	0.01202	0.00838	0.00984	0.00662	0.00903	0.00630	0.09600	0.00511	0.00129	0.03007	0.00273	0.00189	0.00490
6	0.00509	0.00376	0.00491	0.02695	0.00648	0.00352	0.00392	0.00594	0.00819	0.01079	0.05625	0.70282	0.12191	0.01217	0.00515	0.00161	0.00241	0.01094	0.00379	0.00340
7	0.00999	0.01057	0.01281	0.04768	0.09030	0.13625	0.00927	0.01114	0.00746	0.01027	0.00584	0.00894	0.00548	0.00627	0.01070	0.00161	0.60534	0.00346	0.00187	0.00473
8	0.11185	0.00767	0.00950	0.00737	0.01049	0.00723	0.00609	0.12086	0.01220	0.64171	0.01425	0.01266	0.00914	0.00492	0.00395	0.00127	0.00359	0.00387	0.00468	0.00671
9	0.00589	0.00418	0.00558	0.00560	0.00599	0.00456	0.00389	0.00666	0.00634	0.00884	0.01220	0.04396	0.01285	0.40718	0.44265	0.00527	0.00755	0.00532	0.00237	0.00312
10	0.05795	0.35202	0.36720	0.00914	0.01359	0.01237	0.01036	0.04686	0.07214	0.01283	0.00745	0.00829	0.00583	0.00391	0.00335	0.00113	0.00496	0.00281	0.00208	0.00573
11	0.07934	0.02490	0.03165	0.03992	0.02262	0.05922	0.01659	0.28218	0.07934	0.23449	0.04312	0.02383	0.00963	0.00512	0.00401	0.00126	0.00416	0.01879	0.00388	0.01593
12	0.01024	0.03410	0.03675	0.09676	0.06873	0.11966	0.00708	0.14193	0.07105	0.05010	0.13110	0.04921	0.03784	0.09102	0.03511	0.00172	0.00458	0.00483	0.00317	0.00501
13	0.03643	0.14801	0.04643	0.04195	0.13093	0.11711	0.00756	0.07833	0.09057	0.06991	0.06263	0.03523	0.05367	0.05808	0.00492	0.00137	0.00441	0.00420	0.00291	0.00534
14	0.03947	0.10157	0.04113	0.03380	0.06955	0.02923	0.01478	0.09840	0.05991	0.03001	0.09975	0.06564	0.11987	0.14580	0.00715	0.00173	0.02912	0.00535	0.00308	0.00466
15	0.04279	0.04477	0.10287	0.01017	0.14654	0.03363	0.00733	0.06679	0.03993	0.01342	0.07441	0.24158	0.04011	0.01960	0.04178	0.00159	0.00408	0.00607	0.00300	0.05954

[dist]
# distance from previous block
# <min> <max>
0	34

[block]
# block no. 8 follows, 65 sequences, length 6
# corresponding to MSA columns:
# 469-474
name=unknown_I
#
# <colnr> <probs for GDERKNQSTAVLIFYWHMCP>
#	G	D	E	R	K	N	Q	S	T	A	V	L	I	F	Y	W	H	M	C	P
0	0.04383	0.13958	0.14426	0.03765	0.06878	0.06056	0.05951	0.13342	0.03829	0.06600	0.05193	0.03298	0.03936	0.00519	0.00421	0.00126	0.02613	0.03865	0.00284	0.00555
1	0.06505	0.07582	0.04179	0.00891	0.03948	0.14053	0.02208	0.13726	0.09877	0.08066	0.02451	0.04404	0.04004	0.01932	0.03531	0.00145	0.04850	0.00398	0.00305	0.06947
2	0.02866	0.10527	0.12616	0.09151	0.03992	0.10446	0.07392	0.06635	0.12417	0.01321	0.00997	0.05746	0.00863	0.00528	0.00478	0.00132	0.07311	0.04320	0.00257	0.02004
3	0.13297	0.08524	0.01120	0.00845	0.03534	0.06000	0.03080	0.19492	0.05402	0.12524	0.03421	0.02854	0.00834	0.00475	0.00414	0.00118	0.04784	0.00357	0.02354	0.10569
4	0.08692	0.03927	0.01069	0.00902	0.04106	0.06617	0.05043	0.16311	0.28520	0.06649	0.09533	0.04494	0.01257	0.00548	0.00407	0.00130	0.00391	0.00452	0.00368	0.00584
5	0.00670	0.03649	0.00654	0.00596	0.00657	0.03458	0.00428	0.00770	0.03565	0.00971	0.04526	0.10361	0.06272	0.32064	0.16786	0.04900	0.05088	0.03978	0.00272	0.00335

[dist]
# distance from previous block
# <min> <max>
2	5

[block]
