[name]
unknown

[dist]
# distance from previous block
# <min> <max>
0	41

[block]
# block no. 0 follows, 67 sequences, length 39
# corresponding to MSA columns:
# 41-79
name=unknown_A
#
# <colnr> <probs for GDERKNQSTAVLIFYWHMCP>
#	G	D	E	R	K	N	Q	S	T	A	V	L	I	F	Y	W	H	M	C	P
0	0.00639	0.00456	0.00638	0.00730	0.00820	0.00455	0.00634	0.00819	0.00916	0.01192	0.02127	0.08211	0.02324	0.01115	0.00552	0.00184	0.00363	0.77088	0.00369	0.00367
1	0.00601	0.00416	0.00523	0.00495	0.00601	0.00378	0.00372	0.00770	0.01076	0.04589	0.61760	0.06541	0.16095	0.00847	0.00467	0.00128	0.00199	0.00740	0.03021	0.00381
2	0.01085	0.00737	0.00775	0.00653	0.00854	0.00804	0.00520	0.32332	0.13796	0.01920	0.01225	0.01291	0.00925	0.00484	0.00346	0.00110	0.00305	0.00381	0.40924	0.00532
3	0.01072	0.86147	0.02102	0.00686	0.01029	0.01587	0.00686	0.01201	0.00815	0.00944	0.00558	0.00643	0.00515	0.00343	0.00257	0.00086	0.00429	0.00214	0.00172	0.00515
4	0.00584	0.00393	0.00453	0.00455	0.00461	0.00396	0.00266	0.00596	0.00595	0.00796	0.01275	0.02616	0.01455	0.79539	0.06271	0.00397	0.00424	0.02529	0.00245	0.00252
5	0.00583	0.00389	0.00437	0.00437	0.00437	0.00389	0.00243	0.00583	0.00583	0.00778	0.01264	0.02624	0.01458	0.85906	0.02041	0.00389	0.00389	0.00583	0.00243	0.00243
6	0.00574	0.00426	0.00628	0.00628	0.00694	0.00492	0.00480	0.00705	0.00640	0.00919	0.01090	0.01660	0.01039	0.09711	0.77664	0.00624	0.01019	0.00442	0.00217	0.00349
7	0.00832	0.00713	0.00832	0.00594	0.00950	0.00535	0.00475	0.01010	0.00832	0.01307	0.00713	0.00832	0.00594	0.00297	0.00297	0.00059	0.00297	0.00238	0.00238	0.88357
8	0.00947	0.01082	0.02366	0.01690	0.02096	0.01014	0.81947	0.01285	0.00947	0.01285	0.00811	0.01082	0.00609	0.00338	0.00473	0.00135	0.00676	0.00473	0.00203	0.00541
9	0.00696	0.00544	0.00664	0.00590	0.00781	0.00452	0.00439	0.02725	0.00833	0.02407	0.01473	0.41008	0.01616	0.00777	0.00409	0.00114	0.00272	0.02622	0.00312	0.41264
10	0.88738	0.00776	0.00589	0.00527	0.00776	0.00900	0.00434	0.01179	0.00683	0.01799	0.00558	0.00651	0.00434	0.00372	0.00248	0.00124	0.00310	0.00217	0.00248	0.00434
11	0.88738	0.00776	0.00589	0.00527	0.00776	0.00900	0.00434	0.01179	0.00683	0.01799	0.00558	0.00651	0.00434	0.00372	0.00248	0.00124	0.00310	0.00217	0.00248	0.00434
12	0.00560	0.00411	0.00526	0.00500	0.00598	0.00376	0.00377	0.00741	0.01110	0.01550	0.74068	0.03108	0.11351	0.00844	0.00475	0.00128	0.00194	0.02276	0.00433	0.00374
13	0.00804	0.02074	0.83828	0.01143	0.01736	0.00931	0.01482	0.01270	0.00847	0.01270	0.00720	0.00847	0.00508	0.00381	0.00381	0.00127	0.00593	0.00296	0.00169	0.00593
14	0.00628	0.00433	0.00502	0.00505	0.00535	0.00436	0.00316	0.06633	0.00729	0.00973	0.01492	0.24455	0.01716	0.57171	0.01515	0.00309	0.00351	0.00714	0.00289	0.00298
15	0.00877	0.00877	0.01228	0.01053	0.01053	0.01228	0.00877	0.00965	0.00614	0.00965	0.00526	0.00877	0.00526	0.00702	0.01316	0.00175	0.85172	0.00351	0.00175	0.00439
16	0.00532	0.00424	0.00481	0.00483	0.00604	0.00379	0.00375	0.00689	0.02789	0.01246	0.24046	0.03670	0.50718	0.00967	0.00482	0.00139	0.00223	0.11001	0.00391	0.00359
17	0.00581	0.00438	0.00648	0.00644	0.00710	0.00513	0.00497	0.00715	0.00641	0.00924	0.01071	0.01612	0.01014	0.07152	0.78184	0.00620	0.03031	0.00436	0.00215	0.00354
18	0.00886	0.00903	0.01372	0.01133	0.01184	0.01201	0.11089	0.01005	0.00656	0.01005	0.00562	0.00903	0.00537	0.00656	0.01210	0.00170	0.74529	0.00366	0.00179	0.00452
19	0.00492	0.00352	0.00468	0.00556	0.00582	0.00328	0.00373	0.00567	0.00783	0.01048	0.05525	0.82262	0.02699	0.01239	0.00510	0.00161	0.00231	0.01123	0.00375	0.00328
20	0.01618	0.00973	0.01111	0.00852	0.01169	0.01021	0.00703	0.54798	0.01635	0.30151	0.01174	0.01100	0.00788	0.00487	0.00402	0.00122	0.00407	0.00375	0.00434	0.00682
21	0.00972	0.01084	0.02316	0.01657	0.02059	0.01024	0.78396	0.04818	0.00988	0.01339	0.00818	0.01077	0.00612	0.00344	0.00470	0.00135	0.00666	0.00468	0.00212	0.00547
22	0.01064	0.01151	0.04162	0.05854	0.54244	0.14747	0.09073	0.02615	0.00962	0.01259	0.00738	0.00955	0.00605	0.00369	0.00398	0.00119	0.00543	0.00350	0.00202	0.00589
23	0.00489	0.00349	0.00465	0.00558	0.00582	0.00326	0.00372	0.00558	0.00768	0.01024	0.02210	0.85644	0.02653	0.01256	0.00512	0.00163	0.00233	0.01140	0.00372	0.00326
24	0.00493	0.00415	0.00444	0.00469	0.02137	0.00355	0.00340	0.00600	0.00910	0.01099	0.05484	0.08975	0.72092	0.01017	0.00478	0.00138	0.00216	0.03624	0.00370	0.00345
25	0.01170	0.16800	0.15035	0.04436	0.12299	0.13811	0.08894	0.09157	0.01034	0.10489	0.00841	0.02795	0.00657	0.00414	0.00375	0.00116	0.00523	0.00340	0.00246	0.00566
26	0.00600	0.00480	0.00741	0.20400	0.01183	0.00502	0.04238	0.00738	0.00801	0.02182	0.01808	0.54413	0.03124	0.00991	0.00485	0.00155	0.00333	0.06133	0.00321	0.00371
27	0.84773	0.00827	0.00614	0.00550	0.00797	0.04691	0.00450	0.01198	0.00703	0.01762	0.00561	0.00655	0.00438	0.00374	0.00253	0.00123	0.00329	0.00219	0.00246	0.00436
28	0.00889	0.00899	0.01211	0.01042	0.01051	0.03807	0.00865	0.00979	0.00631	0.00965	0.00543	0.00890	0.00538	0.00749	0.03300	0.00185	0.80492	0.00350	0.00177	0.00438
29	0.01484	0.01244	0.01181	0.00941	0.01227	0.15977	0.00762	0.64047	0.01697	0.02182	0.00908	0.02217	0.00678	0.00488	0.00424	0.00120	0.03080	0.00354	0.00359	0.00631
30	0.00568	0.00410	0.00536	0.00505	0.00599	0.00378	0.00378	0.00757	0.01135	0.01608	0.83192	0.02996	0.03784	0.00820	0.00473	0.00126	0.00189	0.00725	0.00441	0.00378
31	0.00536	0.00406	0.00478	0.00463	0.00572	0.00362	0.00346	0.00688	0.01031	0.01387	0.47793	0.04984	0.34677	0.00893	0.00467	0.00129	0.00195	0.00769	0.03461	0.00362
32	0.00503	0.00407	0.00446	0.00436	0.00559	0.00351	0.00327	0.00631	0.00982	0.01245	0.28357	0.03594	0.58847	0.00956	0.00474	0.00133	0.00199	0.00809	0.00394	0.00351
33	0.00485	0.00405	0.00420	0.00419	0.00546	0.00343	0.00312	0.00591	0.00924	0.01123	0.10992	0.05819	0.72769	0.02449	0.00502	0.00140	0.00206	0.00839	0.00376	0.00340
34	0.01014	0.00848	0.00902	0.00806	0.01033	0.00973	0.00628	0.03678	0.76531	0.03692	0.04167	0.01529	0.01288	0.00550	0.00410	0.00135	0.00316	0.00459	0.00411	0.00629
35	0.00877	0.00877	0.01228	0.01053	0.01053	0.01228	0.00877	0.00965	0.00614	0.00965	0.00526	0.00877	0.00526	0.00702	0.01316	0.00175	0.85172	0.00351	0.00175	0.00439
36	0.01603	0.09676	0.01153	0.00798	0.01100	0.06133	0.03625	0.12766	0.01191	0.52924	0.01277	0.01176	0.00848	0.00471	0.00404	0.00119	0.02090	0.00370	0.01638	0.00637
37	0.00586	0.00449	0.00670	0.00662	0.00731	0.00533	0.00518	0.00727	0.00643	0.00932	0.01050	0.01545	0.00982	0.02907	0.80686	0.00624	0.04752	0.00426	0.00213	0.00362
38	0.55097	0.09627	0.02227	0.02754	0.12219	0.02925	0.02397	0.06284	0.00825	0.01635	0.00623	0.00740	0.00495	0.00375	0.00292	0.00119	0.00380	0.00256	0.00238	0.00491

[dist]
# distance from previous block
# <min> <max>
0	1

[block]
# block no. 1 follows, 67 sequences, length 146
# corresponding to MSA columns:
# 81-226
name=unknown_B
#
# <colnr> <probs for GDERKNQSTAVLIFYWHMCP>
#	G	D	E	R	K	N	Q	S	T	A	V	L	I	F	Y	W	H	M	C	P
0	0.04939	0.50271	0.06853	0.00851	0.03331	0.10909	0.02303	0.14052	0.01023	0.01272	0.00649	0.00734	0.00543	0.00377	0.00307	0.00099	0.00476	0.00257	0.00216	0.00541
1	0.00757	0.00713	0.01203	0.84942	0.02762	0.00891	0.01114	0.01025	0.00802	0.01025	0.00713	0.01069	0.00535	0.00401	0.00401	0.00134	0.00535	0.00356	0.00178	0.00446
2	0.00954	0.00868	0.00911	0.07203	0.02017	0.10572	0.02678	0.05428	0.36452	0.02674	0.13308	0.01897	0.07132	0.00614	0.00426	0.00132	0.00375	0.05469	0.00360	0.00527
3	0.83319	0.00846	0.00623	0.00559	0.00804	0.06080	0.00455	0.01205	0.00711	0.01749	0.00562	0.00656	0.00439	0.00375	0.00255	0.00123	0.00336	0.00220	0.00246	0.00436
4	0.00538	0.00409	0.00495	0.00473	0.00581	0.00366	0.00355	0.00699	0.01065	0.01441	0.58018	0.03271	0.29063	0.00882	0.00473	0.00129	0.00194	0.00764	0.00420	0.00366
5	0.00757	0.00713	0.01203	0.84942	0.02762	0.00891	0.01114	0.01025	0.00802	0.01025	0.00713	0.01069	0.00535	0.00401	0.00401	0.00134	0.00535	0.00356	0.00178	0.00446
6	0.00655	0.00519	0.00702	0.00682	0.00777	0.00600	0.00537	0.00945	0.12692	0.01119	0.08005	0.01889	0.03476	0.02157	0.52643	0.00457	0.05815	0.05651	0.00273	0.00405
7	0.00488	0.00353	0.00462	0.00549	0.00579	0.00327	0.00368	0.00559	0.00777	0.01027	0.02325	0.80564	0.07659	0.01242	0.00510	0.00161	0.00231	0.01122	0.00372	0.00327
8	0.01173	0.00925	0.00971	0.00834	0.01085	0.03227	0.00659	0.17287	0.58859	0.08163	0.01474	0.01364	0.01085	0.00525	0.00405	0.00131	0.00354	0.00427	0.00408	0.00643
9	0.01477	0.01848	0.01153	0.01068	0.03422	0.78448	0.00788	0.04050	0.01147	0.01037	0.00633	0.00740	0.00525	0.00418	0.00376	0.00105	0.01813	0.00265	0.00212	0.00476
10	0.88738	0.00776	0.00589	0.00527	0.00776	0.00900	0.00434	0.01179	0.00683	0.01799	0.00558	0.00651	0.00434	0.00372	0.00248	0.00124	0.00310	0.00217	0.00248	0.00434
11	0.00488	0.00351	0.00463	0.00553	0.00580	0.00326	0.00370	0.00559	0.00773	0.01026	0.02272	0.82946	0.05310	0.01249	0.00511	0.00162	0.00232	0.01130	0.00372	0.00326
12	0.00980	0.00940	0.01605	0.06896	0.79069	0.00950	0.01225	0.01220	0.00907	0.01295	0.00752	0.00997	0.00630	0.00360	0.00397	0.00120	0.00480	0.00357	0.00197	0.00625
13	0.00589	0.00415	0.00541	0.00506	0.00606	0.00382	0.00381	0.00776	0.01130	0.03193	0.79752	0.02984	0.05589	0.00818	0.00472	0.00126	0.00192	0.00722	0.00441	0.00383
14	0.00573	0.00430	0.00645	0.00645	0.00716	0.00501	0.00501	0.00716	0.00645	0.00931	0.01074	0.01576	0.01003	0.03008	0.84316	0.00645	0.01074	0.00430	0.00215	0.00358
15	0.00645	0.00535	0.00782	0.00741	0.00795	0.00672	0.00590	0.00775	0.00637	0.00939	0.00945	0.01411	0.00891	0.02466	0.64797	0.00534	0.20852	0.00411	0.00206	0.00377
16	0.00564	0.00412	0.00496	0.00474	0.00585	0.00369	0.00356	0.00722	0.01050	0.02996	0.52448	0.04265	0.29816	0.00875	0.00468	0.00129	0.00197	0.00755	0.02654	0.00370
17	0.00832	0.00713	0.00832	0.00594	0.00950	0.00535	0.00475	0.01010	0.00832	0.01307	0.00713	0.00832	0.00594	0.00297	0.00297	0.00059	0.00297	0.00238	0.00238	0.88357
18	0.00637	0.00432	0.00568	0.00567	0.00615	0.00459	0.00397	0.01864	0.00690	0.04564	0.02396	0.17889	0.01503	0.33476	0.29368	0.00408	0.02944	0.00621	0.00272	0.00330
19	0.00676	0.00411	0.00527	0.00542	0.00595	0.00397	0.00365	0.00750	0.02576	0.08986	0.05285	0.38206	0.01958	0.26408	0.04779	0.05750	0.00335	0.00788	0.00330	0.00337
20	0.00629	0.00464	0.00633	0.00564	0.00694	0.00423	0.04763	0.00823	0.02315	0.04906	0.59799	0.02959	0.17863	0.00812	0.00469	0.00128	0.00226	0.00716	0.00418	0.00396
21	0.00566	0.00389	0.00490	0.00523	0.00585	0.00360	0.00364	0.00661	0.00852	0.04029	0.17749	0.41884	0.13728	0.12298	0.00699	0.00181	0.00250	0.03679	0.00373	0.00341
22	0.00641	0.00507	0.00709	0.00686	0.00758	0.00604	0.00534	0.00845	0.06979	0.00997	0.02091	0.01689	0.01080	0.08780	0.59228	0.00516	0.09705	0.03035	0.00235	0.00380
23	0.00754	0.00705	0.01185	0.82218	0.02700	0.00877	0.01099	0.01018	0.00806	0.01030	0.00758	0.01181	0.00592	0.00424	0.00406	0.00135	0.00529	0.02955	0.00184	0.00443
24	0.05898	0.01610	0.41003	0.01126	0.01576	0.07950	0.13223	0.18069	0.01100	0.03560	0.00788	0.00898	0.00568	0.00400	0.00391	0.00125	0.00563	0.00331	0.00238	0.00586
25	0.01190	0.00923	0.00986	0.00832	0.01088	0.01041	0.00663	0.27769	0.50932	0.05105	0.01405	0.01320	0.01035	0.00520	0.00402	0.00129	0.00354	0.00419	0.03246	0.00643
26	0.01178	0.00863	0.00946	0.00807	0.01055	0.00958	0.00639	0.16472	0.53373	0.12677	0.05440	0.01455	0.01219	0.00540	0.00409	0.00131	0.00337	0.00443	0.00420	0.00637
27	0.00577	0.00387	0.00444	0.00448	0.00456	0.00383	0.00259	0.00586	0.00620	0.00827	0.04297	0.07301	0.03726	0.73824	0.01847	0.02517	0.00367	0.00621	0.00259	0.00253
28	0.00832	0.00713	0.00832	0.00594	0.00950	0.00535	0.00475	0.01010	0.00832	0.01307	0.00713	0.00832	0.00594	0.00297	0.00297	0.00059	0.00297	0.00238	0.00238	0.88357
29	0.01174	0.00946	0.00972	0.00833	0.01081	0.04747	0.00658	0.20060	0.54526	0.06081	0.01425	0.01335	0.01053	0.00520	0.00401	0.00129	0.00361	0.00419	0.02644	0.00634
30	0.00789	0.00563	0.00679	0.00652	0.00763	0.00501	0.00470	0.00901	0.01204	0.03261	0.65110	0.11702	0.09606	0.00995	0.00561	0.00168	0.00273	0.00826	0.00493	0.00485
31	0.00587	0.00395	0.00455	0.00456	0.00457	0.00401	0.00263	0.00589	0.00589	0.00789	0.01269	0.05219	0.01460	0.78967	0.03224	0.02094	0.01701	0.00591	0.00244	0.00249
32	0.16609	0.00921	0.00973	0.00784	0.01055	0.01009	0.00638	0.47427	0.04960	0.09362	0.02553	0.06463	0.00886	0.00587	0.02526	0.00138	0.00399	0.00402	0.01713	0.00596
33	0.04189	0.00814	0.00950	0.00770	0.01028	0.00848	0.02188	0.27633	0.13978	0.26441	0.01370	0.03385	0.02056	0.05013	0.00486	0.00140	0.00366	0.02470	0.05271	0.00603
34	0.00567	0.00382	0.00445	0.00460	0.00466	0.00378	0.00269	0.00583	0.00629	0.00841	0.03515	0.16954	0.01723	0.69136	0.01737	0.00343	0.00357	0.00683	0.00270	0.00261
35	0.00820	0.00700	0.00819	0.00593	0.00937	0.00527	0.00472	0.00994	0.00829	0.01297	0.00766	0.03820	0.00667	0.00331	0.00305	0.00063	0.00295	0.00269	0.00242	0.85256
36	0.00537	0.00421	0.00457	0.00450	0.00578	0.00366	0.00341	0.00665	0.02419	0.02798	0.15299	0.03580	0.62989	0.00984	0.00510	0.03006	0.00217	0.03654	0.00379	0.00352
37	0.00511	0.00379	0.00470	0.00517	0.00577	0.00347	0.00362	0.00607	0.00855	0.01124	0.15742	0.45913	0.20275	0.06302	0.00593	0.00166	0.00234	0.04317	0.00376	0.00334
38	0.00757	0.00713	0.01203	0.84942	0.02762	0.00891	0.01114	0.01025	0.00802	0.01025	0.00713	0.01069	0.00535	0.00401	0.00401	0.00134	0.00535	0.00356	0.00178	0.00446
39	0.01380	0.01698	0.01305	0.01191	0.06432	0.64503	0.09966	0.03076	0.02578	0.01078	0.00672	0.00803	0.00551	0.00412	0.00402	0.00111	0.02842	0.00297	0.00212	0.00491
40	0.00474	0.00405	0.00408	0.00410	0.00543	0.00338	0.00307	0.00575	0.00910	0.01082	0.04014	0.06030	0.81102	0.01022	0.00475	0.00136	0.00204	0.00854	0.00372	0.00338
41	0.00538	0.00373	0.00460	0.00507	0.00523	0.00363	0.00321	0.00580	0.00684	0.00911	0.01762	0.42239	0.03073	0.40398	0.03692	0.00282	0.00332	0.02367	0.00308	0.00289
42	0.00479	0.00401	0.00417	0.00425	0.00548	0.00339	0.00314	0.00580	0.00907	0.01095	0.06511	0.12181	0.72365	0.01034	0.00478	0.00138	0.00206	0.00872	0.00375	0.00339
43	0.00772	0.00728	0.01229	0.79818	0.07771	0.00895	0.01121	0.01037	0.00809	0.01042	0.00715	0.01064	0.00541	0.00398	0.00401	0.00133	0.00531	0.00356	0.00179	0.00457
44	0.00804	0.02074	0.83828	0.01143	0.01736	0.00931	0.01482	0.01270	0.00847	0.01270	0.00720	0.00847	0.00508	0.00381	0.00381	0.00127	0.00593	0.00296	0.00169	0.00593
45	0.01163	0.02579	0.06240	0.03381	0.07224	0.18119	0.36845	0.16776	0.01152	0.01450	0.00786	0.00960	0.00597	0.00386	0.00422	0.00124	0.00616	0.00384	0.00238	0.00559
46	0.00478	0.00406	0.00411	0.00410	0.00544	0.00340	0.00308	0.00583	0.00923	0.01104	0.07132	0.03826	0.80159	0.01008	0.00474	0.00135	0.00203	0.00842	0.00375	0.00340
47	0.01056	0.35103	0.16356	0.01073	0.01444	0.13303	0.20425	0.02211	0.00905	0.01107	0.00660	0.00807	0.00539	0.00371	0.00380	0.00111	0.03132	0.00303	0.00187	0.00527
48	0.00484	0.00403	0.00422	0.00428	0.00553	0.00342	0.00319	0.00590	0.00918	0.01115	0.09050	0.09595	0.71165	0.01021	0.00478	0.00137	0.00207	0.02053	0.00377	0.00341
49	0.00554	0.00409	0.00518	0.00492	0.00591	0.00372	0.00368	0.00730	0.01101	0.01530	0.71509	0.04204	0.14426	0.00852	0.00474	0.00128	0.00192	0.00747	0.00431	0.00372
50	0.00877	0.00877	0.01228	0.01053	0.01053	0.01228	0.00877	0.00965	0.00614	0.00965	0.00526	0.00877	0.00526	0.00702	0.01316	0.00175	0.85172	0.00351	0.00175	0.00439
51	0.43808	0.00924	0.00879	0.00717	0.00997	0.01038	0.00590	0.35470	0.05536	0.05317	0.00826	0.00856	0.00603	0.00432	0.00327	0.00123	0.00367	0.00298	0.00331	0.00559
52	0.00877	0.00877	0.01228	0.01053	0.01053	0.01228	0.00877	0.00965	0.00614	0.00965	0.00526	0.00877	0.00526	0.00702	0.01316	0.00175	0.85172	0.00351	0.00175	0.00439
53	0.68352	0.00709	0.00603	0.00536	0.00763	0.00793	0.00435	0.01161	0.00788	0.07250	0.14278	0.01087	0.01025	0.00455	0.00296	0.00124	0.00292	0.00314	0.00297	0.00442
54	0.03150	0.01048	0.01120	0.00882	0.01180	0.01164	0.00721	0.64775	0.14113	0.03554	0.01087	0.02112	0.00795	0.00499	0.00399	0.00123	0.00412	0.00383	0.01823	0.00660
55	0.02408	0.00447	0.00584	0.00566	0.00670	0.00425	0.00424	0.00891	0.00941	0.13481	0.30804	0.20414	0.02470	0.08211	0.07394	0.00201	0.00325	0.06356	0.02588	0.00399
56	0.01492	0.01107	0.01185	0.00916	0.01231	0.01228	0.00754	0.77101	0.06904	0.02475	0.01004	0.00996	0.00716	0.00485	0.00402	0.00121	0.00434	0.00367	0.00402	0.00679
57	0.01224	0.03137	0.01043	0.00833	0.01099	0.02562	0.00668	0.35661	0.35978	0.04051	0.02735	0.01273	0.00991	0.03266	0.00450	0.00133	0.00380	0.00405	0.00387	0.03723
58	0.00521	0.00375	0.00466	0.00526	0.00565	0.00353	0.00357	0.00589	0.00760	0.00992	0.02243	0.49408	0.13219	0.20011	0.00850	0.00211	0.00275	0.07623	0.00343	0.00313
59	0.13309	0.00659	0.00751	0.00616	0.00853	0.00654	0.00499	0.10124	0.03947	0.37133	0.01299	0.01267	0.00902	0.00471	0.00346	0.00115	0.00302	0.00367	0.25830	0.00557
60	0.02005	0.00802	0.01128	0.00971	0.01033	0.02945	0.06418	0.02139	0.00728	0.05479	0.00950	0.17917	0.00985	0.00763	0.00998	0.00164	0.53379	0.00517	0.00239	0.00440
61	0.00804	0.02074	0.83828	0.01143	0.01736	0.00931	0.01482	0.01270	0.00847	0.01270	0.00720	0.00847	0.00508	0.00381	0.00381	0.00127	0.00593	0.00296	0.00169	0.00593
62	0.11173	0.00769	0.00919	0.00721	0.01014	0.00752	0.00593	0.17156	0.03874	0.52757	0.01341	0.01220	0.00881	0.00480	0.00380	0.00122	0.00349	0.00375	0.04484	0.00640
63	0.00483	0.00397	0.00426	0.00443	0.00556	0.00340	0.00325	0.00583	0.00894	0.01092	0.06343	0.19096	0.64204	0.01056	0.00482	0.00141	0.00211	0.02216	0.00375	0.00338
64	0.00550	0.00399	0.00486	0.00529	0.00576	0.00383	0.00357	0.02161	0.02870	0.01047	0.05447	0.46658	0.11779	0.21238	0.00865	0.00211	0.00275	0.03498	0.00346	0.00326
65	0.00875	0.00869	0.01213	0.01041	0.01043	0.01213	0.00867	0.00965	0.00618	0.00974	0.00540	0.00888	0.00535	0.00698	0.01298	0.00174	0.83681	0.00351	0.01718	0.00438
66	0.30467	0.00725	0.00825	0.00658	0.00948	0.00709	0.00543	0.03768	0.01013	0.54579	0.01229	0.01119	0.00801	0.00455	0.00352	0.00124	0.00334	0.00341	0.00412	0.00601
67	0.03534	0.01281	0.01167	0.25165	0.08245	0.36048	0.00887	0.07550	0.05872	0.03771	0.00770	0.00929	0.00598	0.00425	0.00398	0.00119	0.02183	0.00319	0.00234	0.00505
68	0.00970	0.00783	0.00842	0.00749	0.00964	0.00873	0.00584	0.06241	0.59391	0.05081	0.09513	0.01827	0.09209	0.00609	0.00420	0.00134	0.00302	0.00509	0.00411	0.00587
69	0.00630	0.00450	0.00627	0.00720	0.00805	0.00447	0.00618	0.00802	0.00907	0.01182	0.02133	0.13005	0.02344	0.01123	0.00550	0.00182	0.00355	0.72386	0.00370	0.00365
70	0.77401	0.09761	0.00762	0.00556	0.00814	0.03017	0.00469	0.01192	0.00708	0.01690	0.00560	0.00652	0.00445	0.00370	0.00252	0.00120	0.00333	0.00218	0.00239	0.00444
71	0.00501	0.00376	0.00474	0.01601	0.00619	0.00346	0.00386	0.00589	0.00815	0.01051	0.02622	0.59127	0.21619	0.01178	0.00505	0.00158	0.00240	0.07091	0.00370	0.00334
72	0.00897	0.00851	0.02507	0.24551	0.40992	0.00866	0.06441	0.01139	0.00867	0.02770	0.00795	0.02295	0.00655	0.00502	0.04300	0.00144	0.00513	0.00369	0.00205	0.08341
73	0.01063	0.00867	0.00923	0.00817	0.01052	0.00991	0.00639	0.06291	0.74602	0.05608	0.01595	0.01462	0.01185	0.00539	0.00407	0.00135	0.00325	0.00446	0.00412	0.00640
74	0.00559	0.00407	0.00526	0.00503	0.00596	0.00374	0.00375	0.00738	0.01107	0.01554	0.75430	0.07139	0.07486	0.00851	0.00475	0.00128	0.00192	0.00752	0.00435	0.00374
75	0.00568	0.00387	0.00438	0.00446	0.00456	0.00380	0.00258	0.00581	0.00619	0.00818	0.01518	0.09759	0.06640	0.73436	0.01814	0.00354	0.00364	0.00647	0.00262	0.00256
76	0.00998	0.00862	0.00907	0.00816	0.01043	0.00998	0.00635	0.02131	0.82679	0.01678	0.01632	0.01496	0.01224	0.00544	0.00408	0.00136	0.00317	0.00453	0.00408	0.00635
77	0.01066	0.84172	0.04021	0.00697	0.01046	0.01571	0.00705	0.01203	0.00816	0.00951	0.00561	0.00648	0.00515	0.00344	0.00260	0.00087	0.00433	0.00216	0.00172	0.00517
78	0.00877	0.00877	0.01228	0.01053	0.01053	0.01228	0.00877	0.00965	0.00614	0.00965	0.00526	0.00877	0.00526	0.00702	0.01316	0.00175	0.85172	0.00351	0.00175	0.00439
79	0.01525	0.01123	0.01204	0.00923	0.01244	0.01244	0.00762	0.82067	0.01886	0.02528	0.00963	0.00963	0.00682	0.00481	0.00401	0.00120	0.00441	0.00361	0.00401	0.00682
80	0.00489	0.00349	0.00465	0.00558	0.00582	0.00326	0.00372	0.00558	0.00768	0.01024	0.02210	0.85644	0.02653	0.01256	0.00512	0.00163	0.00233	0.01140	0.00372	0.00326
81	0.00594	0.00421	0.00554	0.00550	0.00591	0.00459	0.00381	0.01993	0.00636	0.00884	0.01163	0.02070	0.01216	0.42814	0.43385	0.00513	0.00734	0.00502	0.00231	0.00308
82	0.81986	0.00770	0.00610	0.00534	0.00790	0.00872	0.00439	0.01180	0.00699	0.02985	0.00583	0.00673	0.00453	0.00369	0.00254	0.00120	0.00310	0.00221	0.00251	0.05900
83	0.00583	0.00389	0.00437	0.00437	0.00437	0.00389	0.00243	0.00583	0.00583	0.00778	0.01264	0.02624	0.01458	0.85906	0.02041	0.00389	0.00389	0.00583	0.00243	0.00243
84	0.06370	0.20043	0.04447	0.01776	0.01093	0.09086	0.00680	0.05738	0.02589	0.39969	0.01093	0.01043	0.00757	0.00448	0.00386	0.00115	0.03094	0.00329	0.00348	0.00595
85	0.02792	0.32738	0.04883	0.00819	0.01121	0.12611	0.00726	0.23475	0.10027	0.01525	0.05018	0.00963	0.00803	0.00439	0.00343	0.00108	0.00453	0.00316	0.00280	0.00562
86	0.00643	0.00448	0.00538	0.00533	0.00644	0.00416	0.00393	0.00833	0.06566	0.07045	0.22470	0.24941	0.24750	0.03954	0.00529	0.00149	0.00237	0.02977	0.00394	0.01538
87	0.55505	0.00842	0.00775	0.00659	0.00914	0.02041	0.01993	0.14230	0.09429	0.06165	0.00826	0.02378	0.00633	0.00445	0.00327	0.01389	0.00345	0.00298	0.00302	0.00504
88	0.01477	0.01092	0.04083	0.00916	0.01223	0.01161	0.00775	0.64642	0.03154	0.10574	0.01002	0.01004	0.00707	0.00494	0.00458	0.00125	0.05698	0.00364	0.00389	0.00663
89	0.00481	0.00407	0.00416	0.00414	0.00546	0.00342	0.00310	0.00589	0.00931	0.01122	0.09951	0.03795	0.77329	0.01001	0.00474	0.00135	0.00202	0.00837	0.00378	0.00342
90	0.00541	0.00367	0.00486	0.00547	0.00589	0.00342	0.00378	0.00601	0.00791	0.02187	0.08286	0.58871	0.09002	0.01203	0.00626	0.10155	0.00247	0.04104	0.00357	0.00320
91	0.39056	0.00649	0.00632	0.00575	0.00750	0.03590	0.01447	0.01042	0.00893	0.07241	0.28501	0.10044	0.01825	0.00625	0.00381	0.00129	0.01358	0.00499	0.00340	0.00424
92	0.01499	0.01898	0.01138	0.01031	0.01240	0.82926	0.00775	0.02928	0.01149	0.01007	0.00626	0.00727	0.00519	0.00414	0.00362	0.00104	0.00719	0.00260	0.00210	0.00469
93	0.00993	0.00953	0.01628	0.02462	0.83404	0.00953	0.01231	0.01231	0.00913	0.01310	0.00754	0.00993	0.00635	0.00357	0.00397	0.00119	0.00476	0.00357	0.00199	0.00635
94	0.00625	0.00420	0.00537	0.00579	0.00650	0.00399	0.00411	0.02556	0.04115	0.06271	0.09017	0.60197	0.07659	0.01107	0.00494	0.00154	0.00247	0.03800	0.00388	0.00375
95	0.00517	0.00357	0.00477	0.00564	0.00593	0.00333	0.00380	0.00589	0.00777	0.02663	0.02197	0.82987	0.02615	0.01240	0.00510	0.00162	0.00236	0.02094	0.00375	0.00333
96	0.00946	0.00899	0.03033	0.16772	0.51326	0.00930	0.01094	0.01312	0.12329	0.02634	0.00916	0.03236	0.00753	0.00422	0.00415	0.00126	0.01644	0.00390	0.00233	0.00591
97	0.00583	0.00389	0.00437	0.00437	0.00437	0.00389	0.00243	0.00583	0.00583	0.00778	0.01264	0.02624	0.01458	0.85906	0.02041	0.00389	0.00389	0.00583	0.00243	0.00243
98	0.01179	0.00905	0.00977	0.00830	0.01081	0.01021	0.00660	0.22027	0.53952	0.07698	0.01439	0.01345	0.01059	0.00526	0.00417	0.00131	0.01570	0.00424	0.02117	0.00642
99	0.00570	0.00419	0.00528	0.00590	0.00644	0.00411	0.00411	0.03959	0.05913	0.01137	0.03166	0.70083	0.04345	0.02186	0.00520	0.00162	0.00252	0.03968	0.00375	0.00361
100	0.03428	0.00930	0.00974	0.00836	0.02036	0.02973	0.00657	0.26403	0.44858	0.05552	0.01346	0.01282	0.00994	0.00509	0.00393	0.00127	0.00360	0.00407	0.05307	0.00628
101	0.01141	0.34924	0.04061	0.00791	0.01038	0.31076	0.00677	0.03322	0.00951	0.01053	0.00815	0.08337	0.00770	0.02473	0.00369	0.00109	0.00504	0.00339	0.06780	0.00470
102	0.00683	0.00501	0.00577	0.00537	0.00681	0.00482	0.00409	0.00998	0.15018	0.06519	0.34243	0.04885	0.31268	0.00832	0.00459	0.00132	0.00227	0.00711	0.00413	0.00426
103	0.40781	0.34530	0.01271	0.00664	0.00947	0.11064	0.00586	0.04122	0.00831	0.01392	0.00580	0.00668	0.00485	0.00370	0.00271	0.00106	0.00411	0.00226	0.00219	0.00478
104	0.04347	0.00803	0.01204	0.27086	0.04058	0.01001	0.03791	0.01158	0.00775	0.13283	0.00759	0.01011	0.00601	0.00542	0.00799	0.00150	0.37560	0.00360	0.00228	0.00486
105	0.00615	0.00444	0.00564	0.00534	0.00639	0.00421	0.00403	0.02715	0.04008	0.02619	0.67489	0.08077	0.06135	0.00839	0.00473	0.00130	0.00210	0.02859	0.00432	0.00394
106	0.00474	0.00406	0.00406	0.00406	0.00542	0.00339	0.00305	0.00576	0.00914	0.01083	0.04063	0.03860	0.83241	0.01016	0.00474	0.00135	0.00203	0.00846	0.00372	0.00339
107	0.00905	0.00420	0.00457	0.00425	0.00551	0.00406	0.00327	0.01087	0.00887	0.13810	0.01349	0.01476	0.01023	0.00472	0.00299	0.00098	0.00210	0.00378	0.75001	0.00420
108	0.00568	0.00410	0.00536	0.00505	0.00599	0.00378	0.00378	0.00757	0.01135	0.01608	0.83192	0.02996	0.03784	0.00820	0.00473	0.00126	0.00189	0.00725	0.00441	0.00378
109	0.01525	0.01123	0.01204	0.00923	0.01244	0.01244	0.00762	0.82067	0.01886	0.02528	0.00963	0.00963	0.00682	0.00481	0.00401	0.00120	0.00441	0.00361	0.00401	0.00682
110	0.01145	0.01312	0.01262	0.01082	0.01197	0.34679	0.05870	0.02848	0.00870	0.01023	0.00590	0.00830	0.00531	0.00559	0.00861	0.00143	0.44225	0.00321	0.00194	0.00460
111	0.00946	0.00802	0.00847	0.00765	0.00981	0.00910	0.00594	0.01938	0.71267	0.02850	0.03427	0.01772	0.09941	0.00598	0.00416	0.00136	0.00303	0.00499	0.00406	0.00599
112	0.00770	0.00417	0.00421	0.00413	0.00518	0.00429	0.00312	0.01041	0.08100	0.01511	0.01337	0.01495	0.01045	0.00474	0.00292	0.00097	0.00198	0.00381	0.80350	0.00397
113	0.00988	0.00948	0.01620	0.04026	0.81874	0.00952	0.01229	0.01227	0.00911	0.01305	0.00754	0.00994	0.00633	0.00358	0.00397	0.00119	0.00478	0.00357	0.00198	0.00632
114	0.00820	0.06942	0.79095	0.01117	0.01695	0.00969	0.01436	0.01266	0.00845	0.01251	0.00710	0.00835	0.00508	0.00379	0.00374	0.00125	0.00583	0.00292	0.00169	0.00588
115	0.01498	0.01911	0.01137	0.01033	0.01240	0.84295	0.00775	0.01601	0.01137	0.00982	0.00620	0.00723	0.00517	0.00413	0.00362	0.00103	0.00723	0.00258	0.00207	0.00465
116	0.00768	0.00620	0.00718	0.00718	0.00868	0.00671	0.00577	0.01350	0.36781	0.01392	0.04011	0.10290	0.09879	0.00858	0.00476	0.00155	0.00314	0.28686	0.00389	0.00479
117	0.00586	0.00419	0.00504	0.00487	0.00597	0.00385	0.00371	0.00766	0.02362	0.02530	0.48347	0.03124	0.24508	0.00847	0.00458	0.00129	0.00206	0.04800	0.08198	0.00375
118	0.00513	0.00374	0.00487	0.00545	0.00597	0.00348	0.00384	0.00616	0.00858	0.01151	0.18418	0.55833	0.10161	0.01186	0.02644	0.00166	0.00249	0.04749	0.00382	0.00340
119	0.00757	0.00713	0.01203	0.84942	0.02762	0.00891	0.01114	0.01025	0.00802	0.01025	0.00713	0.01069	0.00535	0.00401	0.00401	0.00134	0.00535	0.00356	0.00178	0.00446
120	0.13231	0.00759	0.00883	0.00718	0.00996	0.00767	0.00583	0.07280	0.20502	0.45627	0.01408	0.01277	0.00953	0.00489	0.00380	0.00126	0.00334	0.00387	0.02669	0.00630
121	0.12574	0.18310	0.04112	0.05430	0.08995	0.06946	0.00784	0.30021	0.05184	0.02846	0.00805	0.00877	0.00617	0.00418	0.00349	0.00114	0.00447	0.00308	0.00284	0.00579
122	0.00528	0.00404	0.00506	0.05754	0.00710	0.00385	0.00402	0.00643	0.02055	0.01083	0.06738	0.44182	0.24411	0.05496	0.00566	0.00162	0.00253	0.02961	0.02419	0.00342
123	0.01129	0.55701	0.08840	0.00811	0.02045	0.12845	0.00771	0.04688	0.00912	0.03558	0.00670	0.02773	0.00589	0.00399	0.00330	0.00099	0.02851	0.00267	0.00201	0.00521
124	0.00832	0.00713	0.00832	0.00594	0.00950	0.00535	0.00475	0.01010	0.00832	0.01307	0.00713	0.00832	0.00594	0.00297	0.00297	0.00059	0.00297	0.00238	0.00238	0.88357
125	0.01135	0.09475	0.09117	0.00873	0.02356	0.05878	0.03404	0.30508	0.04721	0.06063	0.02275	0.15756	0.02081	0.00628	0.00436	0.02178	0.00423	0.01814	0.00330	0.00550
126	0.01018	0.07922	0.01282	0.08799	0.23190	0.15459	0.04670	0.06085	0.07922	0.01259	0.01177	0.02497	0.08781	0.01578	0.00444	0.00125	0.03264	0.01598	0.02406	0.00522
127	0.00597	0.00415	0.00514	0.00495	0.00602	0.00380	0.00375	0.00760	0.01034	0.04085	0.49948	0.06716	0.20614	0.00915	0.02606	0.00143	0.00227	0.03333	0.05864	0.00376
128	0.01342	0.00986	0.01078	0.00851	0.01120	0.01089	0.00691	0.66524	0.01660	0.02233	0.03200	0.02700	0.00875	0.06023	0.07571	0.00182	0.00481	0.00404	0.00376	0.00613
129	0.00568	0.00410	0.00536	0.00505	0.00599	0.00378	0.00378	0.00757	0.01135	0.01608	0.83192	0.02996	0.03784	0.00820	0.00473	0.00126	0.00189	0.00725	0.00441	0.00378
130	0.00474	0.00406	0.00406	0.00406	0.00542	0.00339	0.00305	0.00576	0.00914	0.01083	0.04063	0.03860	0.83241	0.01016	0.00474	0.00135	0.00203	0.00846	0.00372	0.00339
131	0.00832	0.00713	0.00832	0.00594	0.00950	0.00535	0.00475	0.01010	0.00832	0.01307	0.00713	0.00832	0.00594	0.00297	0.00297	0.00059	0.00297	0.00238	0.00238	0.88357
132	0.01498	0.01911	0.01137	0.01033	0.01240	0.84295	0.00775	0.01601	0.01137	0.00982	0.00620	0.00723	0.00517	0.00413	0.00362	0.00103	0.00723	0.00258	0.00207	0.00465
133	0.01799	0.00683	0.00931	0.00714	0.01024	0.00589	0.00589	0.01954	0.01148	0.83682	0.01582	0.01365	0.00993	0.00496	0.00403	0.00124	0.00341	0.00403	0.00496	0.00683
134	0.00566	0.00409	0.00535	0.00506	0.00599	0.00377	0.00378	0.00753	0.01128	0.01597	0.81665	0.04555	0.03763	0.00828	0.00474	0.00127	0.00190	0.00733	0.00440	0.00377
135	0.00531	0.00407	0.00486	0.00470	0.00577	0.00362	0.00351	0.00683	0.01042	0.01396	0.51372	0.06106	0.32950	0.00907	0.00475	0.00131	0.00196	0.00784	0.00414	0.00362
136	0.03588	0.02041	0.01135	0.00870	0.01173	0.03223	0.00716	0.59449	0.01635	0.14665	0.01037	0.02400	0.00743	0.00491	0.00417	0.00121	0.02545	0.00369	0.00394	0.02988
137	0.01079	0.05344	0.25346	0.05585	0.22897	0.00981	0.05327	0.12542	0.01033	0.10089	0.00843	0.00970	0.00626	0.00408	0.00422	0.00123	0.03483	0.00342	0.00247	0.02315
138	0.01119	0.77887	0.02006	0.00713	0.01047	0.06160	0.00692	0.03512	0.00868	0.02136	0.00587	0.00667	0.00526	0.00353	0.00269	0.00088	0.00444	0.00224	0.00184	0.00519
139	0.00583	0.00389	0.00437	0.00437	0.00437	0.00389	0.00243	0.00583	0.00583	0.00778	0.01264	0.02624	0.01458	0.85906	0.02041	0.00389	0.00389	0.00583	0.00243	0.00243
140	0.01007	0.00869	0.02397	0.12598	0.27096	0.00891	0.11715	0.03226	0.18765	0.09060	0.02674	0.04418	0.00947	0.00474	0.00419	0.00131	0.00448	0.01997	0.00288	0.00581
141	0.00835	0.00722	0.00871	0.00622	0.00980	0.00547	0.02557	0.01017	0.00835	0.01306	0.00715	0.00838	0.00594	0.00298	0.00302	0.00061	0.00307	0.00244	0.00237	0.86113
142	0.00991	0.14828	0.09416	0.11218	0.07038	0.03049	0.01932	0.03997	0.02370	0.14478	0.03129	0.14309	0.04461	0.00602	0.00402	0.00126	0.00407	0.04198	0.00296	0.02756
143	0.04827	0.13536	0.13541	0.00907	0.06618	0.02283	0.03924	0.09655	0.06460	0.03941	0.00936	0.04119	0.02100	0.02741	0.01916	0.00122	0.00425	0.00348	0.00257	0.21344
144	0.03339	0.06920	0.05269	0.04972	0.10066	0.06892	0.00742	0.18724	0.03105	0.06988	0.09270	0.01422	0.07698	0.00521	0.00424	0.00118	0.03674	0.01367	0.00308	0.08181
145	0.03552	0.09053	0.06832	0.09347	0.22181	0.09217	0.02040	0.05816	0.07973	0.05447	0.01044	0.01175	0.05281	0.01829	0.00412	0.00121	0.01381	0.00365	0.02726	0.04208

[dist]
# distance from previous block
# <min> <max>
1	38

[block]
# block no. 2 follows, 67 sequences, length 127
# corresponding to MSA columns:
# 265-391
name=unknown_C
#
# <colnr> <probs for GDERKNQSTAVLIFYWHMCP>
#	G	D	E	R	K	N	Q	S	T	A	V	L	I	F	Y	W	H	M	C	P
0	0.02000	0.03920	0.04527	0.07665	0.23667	0.07966	0.03756	0.11333	0.06713	0.02426	0.00961	0.09265	0.00847	0.00487	0.00417	0.00119	0.02831	0.00415	0.00261	0.10426
1	0.18583	0.22754	0.08911	0.04215	0.13151	0.12542	0.00802	0.05845	0.01824	0.01314	0.00738	0.05134	0.00645	0.00423	0.00331	0.00112	0.00459	0.00314	0.00223	0.01682
2	0.04058	0.01973	0.06106	0.23626	0.16802	0.04004	0.05809	0.07979	0.06623	0.01312	0.02873	0.02153	0.00777	0.03518	0.04596	0.00162	0.04320	0.00385	0.01216	0.01709
3	0.00515	0.00443	0.00503	0.00473	0.00617	0.00384	0.03680	0.00652	0.02855	0.01119	0.05579	0.04696	0.72275	0.02397	0.00496	0.00139	0.00228	0.00811	0.01785	0.00354
4	0.00994	0.00886	0.00939	0.03030	0.04535	0.04402	0.00667	0.01985	0.70352	0.01614	0.04971	0.01496	0.01261	0.00539	0.00408	0.00133	0.00341	0.00450	0.00387	0.00612
5	0.00490	0.00404	0.00430	0.00430	0.00553	0.00344	0.00320	0.00604	0.00942	0.01165	0.16730	0.07794	0.66415	0.00996	0.00476	0.00135	0.00202	0.00842	0.00384	0.00344
6	0.00581	0.00432	0.00575	0.00580	0.04011	0.00400	0.00410	0.00767	0.01115	0.01570	0.75871	0.02956	0.07592	0.00811	0.00470	0.00126	0.00202	0.00716	0.00428	0.00387
7	0.01930	0.00442	0.00565	0.00576	0.04012	0.00414	0.00406	0.00784	0.02394	0.01520	0.63245	0.04654	0.13209	0.00812	0.00460	0.00127	0.00208	0.00711	0.03144	0.00388
8	0.00491	0.00409	0.00422	0.00428	0.00560	0.00348	0.00328	0.00600	0.00913	0.01099	0.03878	0.03860	0.76150	0.01012	0.00476	0.00138	0.00214	0.06299	0.02034	0.00341
9	0.07404	0.01031	0.01093	0.00863	0.01152	0.02471	0.02284	0.59194	0.10588	0.02263	0.01024	0.01035	0.00745	0.00476	0.00384	0.00120	0.00410	0.00363	0.06468	0.00632
10	0.00788	0.00762	0.01200	0.81481	0.02699	0.04330	0.01100	0.01048	0.00816	0.01023	0.00709	0.01055	0.00534	0.00401	0.00399	0.00132	0.00542	0.00352	0.00179	0.00446
11	0.00510	0.00370	0.00484	0.00569	0.00601	0.00353	0.00383	0.00623	0.04146	0.01051	0.02187	0.82174	0.02594	0.01227	0.00508	0.00162	0.00236	0.01112	0.00374	0.00338
12	0.00576	0.00400	0.00489	0.00489	0.00513	0.00415	0.00311	0.00617	0.00612	0.00829	0.01331	0.02408	0.04715	0.61291	0.22932	0.00443	0.00556	0.00555	0.00241	0.00276
13	0.00960	0.00881	0.05315	0.02841	0.01197	0.04100	0.10529	0.01209	0.04209	0.08420	0.00834	0.00937	0.00647	0.00341	0.00342	0.00084	0.00387	0.00296	0.00256	0.56215
14	0.01498	0.01911	0.01137	0.01033	0.01240	0.84295	0.00775	0.01601	0.01137	0.00982	0.00620	0.00723	0.00517	0.00413	0.00362	0.00103	0.00723	0.00258	0.00207	0.00465
15	0.01013	0.00992	0.01608	0.02403	0.80016	0.04390	0.01212	0.01246	0.00922	0.01297	0.00749	0.00981	0.00630	0.00360	0.00396	0.00118	0.00487	0.00353	0.00199	0.00628
16	0.85142	0.00790	0.00615	0.00544	0.00795	0.00914	0.00448	0.04515	0.00732	0.01829	0.00575	0.00664	0.00445	0.00377	0.00254	0.00124	0.00316	0.00223	0.00254	0.00445
17	0.01548	0.00673	0.00864	0.00679	0.00955	0.00609	0.00556	0.09398	0.01180	0.60862	0.04757	0.01635	0.09042	0.00556	0.00407	0.00123	0.00324	0.00453	0.04756	0.00623
18	0.07658	0.73193	0.05916	0.00705	0.01051	0.02519	0.00708	0.02570	0.00829	0.01051	0.00573	0.00660	0.00511	0.00350	0.00266	0.00091	0.00432	0.00222	0.00182	0.00515
19	0.00488	0.00350	0.00464	0.00555	0.00581	0.00326	0.00371	0.00559	0.00771	0.01025	0.02249	0.83928	0.04343	0.01251	0.00511	0.00162	0.00232	0.01134	0.00372	0.00326
20	0.00489	0.00349	0.00465	0.00558	0.00582	0.00326	0.00372	0.00558	0.00768	0.01024	0.02210	0.85644	0.02653	0.01256	0.00512	0.00163	0.00233	0.01140	0.00372	0.00326
21	0.00933	0.00765	0.00812	0.00731	0.00934	0.01826	0.00567	0.04949	0.55997	0.03880	0.10287	0.03457	0.10035	0.00628	0.00420	0.00133	0.00298	0.00526	0.02255	0.00567
22	0.02373	0.05149	0.01140	0.14195	0.08253	0.02037	0.00788	0.01405	0.00921	0.34298	0.03546	0.02589	0.00857	0.00529	0.00606	0.00135	0.19916	0.00388	0.00319	0.00555
23	0.00518	0.00405	0.00472	0.00494	0.00593	0.00364	0.00366	0.00654	0.02521	0.01187	0.18331	0.24398	0.40644	0.01037	0.00488	0.00144	0.00222	0.06426	0.00386	0.00351
24	0.00483	0.00405	0.00420	0.00420	0.00548	0.00342	0.00314	0.00592	0.00930	0.01130	0.11346	0.06321	0.73365	0.01005	0.00475	0.00135	0.00203	0.00844	0.00379	0.00342
25	0.00832	0.00713	0.00832	0.00594	0.00950	0.00535	0.00475	0.01010	0.00832	0.01307	0.00713	0.00832	0.00594	0.00297	0.00297	0.00059	0.00297	0.00238	0.00238	0.88357
26	0.00849	0.00799	0.01227	0.35376	0.25338	0.02083	0.02651	0.02523	0.09344	0.01208	0.01184	0.02349	0.09280	0.00488	0.00444	0.00131	0.03549	0.00428	0.00235	0.00513
27	0.00492	0.00402	0.00435	0.00437	0.00555	0.00345	0.00324	0.00606	0.00941	0.01172	0.18004	0.10897	0.61992	0.01002	0.00477	0.00136	0.00203	0.00851	0.00385	0.00345
28	0.00748	0.00374	0.00374	0.00374	0.00467	0.00374	0.00280	0.00934	0.00841	0.01495	0.01308	0.01495	0.01028	0.00467	0.00280	0.00093	0.00187	0.00374	0.88132	0.00374
29	0.02535	0.04134	0.08360	0.01192	0.07661	0.07422	0.10903	0.22097	0.03436	0.17533	0.01227	0.05015	0.00981	0.01784	0.00520	0.00160	0.02330	0.01656	0.00379	0.00677
30	0.00986	0.04843	0.02917	0.03158	0.06671	0.04517	0.05290	0.10155	0.03591	0.13791	0.03869	0.12206	0.14465	0.00769	0.02458	0.00147	0.00394	0.08931	0.00344	0.00496
31	0.01010	0.10024	0.03541	0.11689	0.04927	0.18678	0.07097	0.01166	0.00821	0.01030	0.00677	0.00924	0.01670	0.00548	0.01901	0.00144	0.31882	0.00334	0.01467	0.00470
32	0.01021	0.12548	0.09001	0.00981	0.09355	0.00935	0.05427	0.15436	0.03777	0.02451	0.01736	0.00915	0.00657	0.00376	0.00363	0.00097	0.01917	0.00304	0.00255	0.32448
33	0.01132	0.30582	0.06366	0.04304	0.16225	0.22389	0.00866	0.04246	0.04650	0.01136	0.00725	0.00890	0.00616	0.00462	0.02475	0.00120	0.00537	0.01540	0.00209	0.00531
34	0.00550	0.00406	0.00514	0.00495	0.00590	0.00370	0.00368	0.00720	0.01082	0.01501	0.67513	0.08475	0.14176	0.00874	0.00476	0.00130	0.00194	0.00768	0.00428	0.00370
35	0.01061	0.22048	0.06083	0.21382	0.16769	0.20823	0.02052	0.01258	0.00905	0.01063	0.00658	0.00852	0.00543	0.00387	0.00378	0.00113	0.02629	0.00297	0.00187	0.00511
36	0.00583	0.00389	0.00437	0.00437	0.00437	0.00389	0.00243	0.00583	0.00583	0.00778	0.01264	0.02624	0.01458	0.85906	0.02041	0.00389	0.00389	0.00583	0.00243	0.00243
37	0.00513	0.00411	0.00477	0.00523	0.02148	0.00370	0.00366	0.00643	0.03441	0.01111	0.06989	0.33706	0.44552	0.01069	0.00485	0.00145	0.00225	0.02102	0.00373	0.00351
38	0.00503	0.00408	0.00448	0.00445	0.00566	0.00352	0.00335	0.00629	0.00968	0.01219	0.24089	0.05383	0.58819	0.00974	0.00477	0.00135	0.00205	0.03304	0.00390	0.00349
39	0.07944	0.00681	0.00894	0.00694	0.00993	0.00605	0.00572	0.01862	0.01114	0.75307	0.04046	0.01365	0.01040	0.00498	0.00394	0.00124	0.00334	0.00400	0.00477	0.00655
40	0.88738	0.00776	0.00589	0.00527	0.00776	0.00900	0.00434	0.01179	0.00683	0.01799	0.00558	0.00651	0.00434	0.00372	0.00248	0.00124	0.00310	0.00217	0.00248	0.00434
41	0.01115	0.78048	0.02016	0.00709	0.01050	0.01554	0.00693	0.08903	0.00917	0.01094	0.00596	0.00674	0.00531	0.00356	0.00271	0.00089	0.00430	0.00228	0.00193	0.00531
42	0.88738	0.00776	0.00589	0.00527	0.00776	0.00900	0.00434	0.01179	0.00683	0.01799	0.00558	0.00651	0.00434	0.00372	0.00248	0.00124	0.00310	0.00217	0.00248	0.00434
43	0.00832	0.00713	0.00832	0.00594	0.00950	0.00535	0.00475	0.01010	0.00832	0.01307	0.00713	0.00832	0.00594	0.00297	0.00297	0.00059	0.00297	0.00238	0.00238	0.88357
44	0.00992	0.00974	0.01515	0.08093	0.68015	0.06464	0.01162	0.01220	0.00921	0.01263	0.00813	0.01161	0.00706	0.00403	0.00403	0.00122	0.00491	0.04477	0.00206	0.00597
45	0.00603	0.00554	0.08404	0.00529	0.00593	0.00453	0.00391	0.00664	0.00615	0.00842	0.01190	0.02334	0.01315	0.68196	0.11375	0.00393	0.00487	0.00538	0.00233	0.00290
46	0.00510	0.00400	0.00462	0.00467	0.00571	0.00352	0.00344	0.00637	0.00965	0.01251	0.30091	0.16081	0.43351	0.00989	0.00481	0.00137	0.00205	0.01962	0.00395	0.00350
47	0.01069	0.68403	0.11709	0.00769	0.01132	0.02467	0.01978	0.01240	0.00833	0.04348	0.00622	0.00710	0.00535	0.00363	0.00308	0.00095	0.02466	0.00239	0.00185	0.00529
48	0.00526	0.00368	0.00453	0.00503	0.00524	0.00351	0.00319	0.00572	0.00709	0.00939	0.03016	0.48353	0.06221	0.33982	0.01101	0.00248	0.00291	0.00905	0.00323	0.00295
49	0.00876	0.02517	0.30443	0.01419	0.01872	0.00957	0.48417	0.01246	0.00918	0.01285	0.04223	0.01116	0.01965	0.00383	0.00438	0.00131	0.00617	0.00425	0.00203	0.00549
50	0.00947	0.01082	0.02366	0.01690	0.02096	0.01014	0.81947	0.01285	0.00947	0.01285	0.00811	0.01082	0.00609	0.00338	0.00473	0.00135	0.00676	0.00473	0.00203	0.00541
51	0.00661	0.00473	0.00648	0.00732	0.00829	0.00478	0.00637	0.00878	0.03696	0.01224	0.02087	0.04348	0.02240	0.01073	0.00542	0.00181	0.00363	0.76031	0.02501	0.00378
52	0.00586	0.00519	0.00709	0.31296	0.01358	0.00544	0.00607	0.00757	0.00894	0.01111	0.10277	0.02759	0.45560	0.00773	0.00447	0.00134	0.00323	0.00656	0.00308	0.00381
53	0.00804	0.02074	0.83828	0.01143	0.01736	0.00931	0.01482	0.01270	0.00847	0.01270	0.00720	0.00847	0.00508	0.00381	0.00381	0.00127	0.00593	0.00296	0.00169	0.00593
54	0.01070	0.00911	0.01235	0.06676	0.30469	0.04300	0.03517	0.11768	0.18399	0.06736	0.01281	0.01444	0.06102	0.00499	0.00413	0.00128	0.00428	0.03725	0.00305	0.00592
