[name]
unknown

[dist]
# distance from previous block
# <min> <max>
9	105

[block]
# block no. 0 follows, 65 sequences, length 9
# corresponding to MSA columns:
# 130-138
name=unknown_A
#
# <colnr> <probs for GDERKNQSTAVLIFYWHMCP>
#	G	D	E	R	K	N	Q	S	T	A	V	L	I	F	Y	W	H	M	C	P
0	0.05751	0.08326	0.04172	0.00742	0.02374	0.03917	0.01732	0.11250	0.08361	0.15259	0.13317	0.04352	0.06675	0.08238	0.00555	0.00148	0.00365	0.00487	0.00358	0.03622
1	0.15345	0.13703	0.05474	0.04058	0.05094	0.07815	0.03105	0.18229	0.03658	0.14265	0.00898	0.00949	0.00662	0.00443	0.00377	0.01515	0.00446	0.00320	0.00304	0.03341
2	0.30125	0.06795	0.04696	0.08659	0.02746	0.05772	0.02381	0.12526	0.02408	0.06128	0.00791	0.00982	0.00634	0.05000	0.02492	0.00155	0.06616	0.00320	0.00267	0.00508
3	0.01000	0.03760	0.01277	0.06746	0.22194	0.05455	0.08104	0.05690	0.09963	0.05505	0.13024	0.02738	0.03137	0.00513	0.00453	0.00125	0.03606	0.00451	0.00297	0.05962
4	0.00727	0.00542	0.00607	0.02272	0.00731	0.03154	0.00430	0.03286	0.07477	0.06511	0.29199	0.10943	0.23743	0.07810	0.00603	0.00157	0.00271	0.00728	0.00396	0.00414
5	0.00583	0.00412	0.00523	0.00528	0.00562	0.00434	0.00353	0.00644	0.00645	0.00880	0.01416	0.06039	0.05606	0.47828	0.31314	0.00468	0.00633	0.00580	0.00251	0.00300
6	0.03964	0.00756	0.03634	0.00766	0.00949	0.03322	0.04167	0.12854	0.11365	0.03190	0.14724	0.01714	0.04028	0.02927	0.25282	0.00292	0.02678	0.00480	0.02424	0.00483
7	0.00985	0.00771	0.00849	0.00754	0.00956	0.00853	0.00584	0.08979	0.49503	0.05336	0.17976	0.04571	0.01777	0.03620	0.00493	0.00145	0.00311	0.00537	0.00421	0.00579
8	0.03295	0.06191	0.01519	0.03988	0.10032	0.03613	0.24377	0.07962	0.20320	0.05837	0.03866	0.05139	0.00993	0.00485	0.00427	0.00132	0.00480	0.00461	0.00304	0.00580

[dist]
# distance from previous block
# <min> <max>
6	39

[block]
# block no. 1 follows, 65 sequences, length 13
# corresponding to MSA columns:
# 181-193
name=unknown_B
#
# <colnr> <probs for GDERKNQSTAVLIFYWHMCP>
#	G	D	E	R	K	N	Q	S	T	A	V	L	I	F	Y	W	H	M	C	P
0	0.00899	0.00827	0.04180	0.00795	0.00980	0.06808	0.05075	0.03160	0.20590	0.06393	0.11164	0.06531	0.15364	0.02572	0.04442	0.00169	0.08642	0.00569	0.00346	0.00494
1	0.02088	0.02371	0.07771	0.09337	0.09551	0.01919	0.13846	0.13263	0.09292	0.03220	0.11958	0.01480	0.04677	0.01575	0.00491	0.00135	0.04311	0.00458	0.00300	0.01957
2	0.00578	0.00424	0.00556	0.00633	0.03041	0.00408	0.00423	0.04256	0.00885	0.01194	0.12609	0.61921	0.04471	0.03918	0.02481	0.00177	0.00274	0.01011	0.00378	0.00364
3	0.00599	0.00474	0.00653	0.10362	0.00921	0.00471	0.03085	0.03916	0.00893	0.01173	0.09791	0.44942	0.15347	0.04720	0.00563	0.00163	0.00295	0.00906	0.00354	0.00373
4	0.03295	0.13429	0.09058	0.00946	0.02309	0.28377	0.02173	0.17243	0.01187	0.09154	0.00827	0.00904	0.00635	0.00546	0.04243	0.00136	0.00575	0.00308	0.00273	0.04382
5	0.09357	0.02258	0.01196	0.00990	0.04181	0.14570	0.05715	0.31820	0.06014	0.13055	0.00980	0.01036	0.00722	0.02021	0.00465	0.00130	0.04185	0.00359	0.00341	0.00604
6	0.01493	0.01536	0.02905	0.01023	0.01274	0.48934	0.05193	0.09148	0.04570	0.15032	0.00885	0.00936	0.00662	0.00457	0.00432	0.00118	0.04243	0.00324	0.00286	0.00547
7	0.01048	0.70840	0.16702	0.00786	0.01183	0.01504	0.00848	0.01242	0.00840	0.01026	0.00600	0.00696	0.00526	0.00358	0.00286	0.00095	0.00469	0.00234	0.00175	0.00541
8	0.04120	0.00714	0.00830	0.00607	0.00951	0.00559	0.00487	0.01125	0.00876	0.08869	0.00833	0.00925	0.00659	0.00333	0.00311	0.00071	0.00304	0.00264	0.04194	0.72970
9	0.00562	0.00389	0.00484	0.00515	0.00535	0.00388	0.00327	0.00610	0.00691	0.00932	0.04863	0.30760	0.01956	0.44791	0.10078	0.00336	0.00409	0.00781	0.00299	0.00295
10	0.08965	0.02669	0.04714	0.00825	0.01100	0.05302	0.05118	0.17745	0.05296	0.27020	0.01277	0.09604	0.01014	0.02355	0.03769	0.00156	0.00437	0.00457	0.01594	0.00583
11	0.02138	0.01904	0.07268	0.04872	0.01062	0.02142	0.03591	0.05253	0.20793	0.06200	0.11481	0.07687	0.05813	0.08269	0.06511	0.00197	0.03442	0.00541	0.00338	0.00498
12	0.00583	0.00425	0.00493	0.00479	0.00602	0.00372	0.00358	0.00719	0.01014	0.05107	0.31762	0.10313	0.44359	0.00964	0.00485	0.00137	0.00212	0.00826	0.00412	0.00376

[dist]
# distance from previous block
# <min> <max>
0	34

[block]
# block no. 2 follows, 65 sequences, length 20
# corresponding to MSA columns:
# 228-247
name=unknown_C
#
# <colnr> <probs for GDERKNQSTAVLIFYWHMCP>
#	G	D	E	R	K	N	Q	S	T	A	V	L	I	F	Y	W	H	M	C	P
0	0.03061	0.04985	0.10151	0.03180	0.13581	0.04768	0.09231	0.14752	0.09601	0.05903	0.08433	0.05002	0.02372	0.02602	0.00458	0.00135	0.00455	0.00452	0.00307	0.00571
1	0.02720	0.00576	0.00705	0.02613	0.02915	0.00566	0.00492	0.06870	0.08269	0.12309	0.11112	0.25931	0.08246	0.09604	0.00623	0.00165	0.00304	0.00708	0.00379	0.04891
2	0.02863	0.00747	0.00793	0.00708	0.00907	0.04245	0.00547	0.05677	0.33348	0.12850	0.12461	0.07898	0.12225	0.02274	0.00467	0.00140	0.00315	0.00579	0.00412	0.00544
3	0.01153	0.00843	0.00916	0.00778	0.01012	0.02488	0.00613	0.20188	0.35341	0.11324	0.12933	0.01728	0.04893	0.03311	0.00480	0.00140	0.00344	0.00493	0.00420	0.00601
4	0.00588	0.00443	0.00533	0.00519	0.00626	0.00409	0.00384	0.04559	0.01072	0.01441	0.43452	0.17523	0.25022	0.00955	0.00488	0.00138	0.00218	0.00832	0.00418	0.00382
5	0.05353	0.00629	0.00660	0.00651	0.03007	0.04574	0.00443	0.03012	0.16049	0.04961	0.04438	0.11871	0.08064	0.33279	0.01068	0.00238	0.00357	0.00609	0.00326	0.00410
6	0.00941	0.00730	0.00805	0.00744	0.00933	0.00803	0.00568	0.03524	0.51428	0.07148	0.04688	0.18067	0.06390	0.00733	0.00444	0.00143	0.00301	0.00629	0.00416	0.00566
7	0.01210	0.42665	0.02974	0.00823	0.01123	0.17276	0.00730	0.08494	0.06174	0.03788	0.00734	0.00811	0.00610	0.00412	0.00373	0.00103	0.04862	0.00273	0.00234	0.06334
8	0.14504	0.11096	0.15857	0.00884	0.01231	0.01020	0.06412	0.23135	0.01164	0.08786	0.03567	0.06664	0.00865	0.00492	0.00378	0.00124	0.00439	0.00392	0.00306	0.02683
9	0.01171	0.05466	0.05225	0.06938	0.07132	0.11848	0.06097	0.15975	0.09883	0.09392	0.07220	0.03468	0.02730	0.00529	0.00449	0.01365	0.02442	0.00423	0.00317	0.01929
10	0.03760	0.05240	0.03098	0.00867	0.04945	0.00910	0.02904	0.02789	0.47359	0.04467	0.09407	0.04507	0.05226	0.00589	0.00416	0.00133	0.00337	0.00498	0.00378	0.02172
11	0.00516	0.00375	0.00481	0.00541	0.00587	0.00347	0.00369	0.00608	0.00853	0.01140	0.15556	0.59867	0.10778	0.05223	0.00589	0.00169	0.00236	0.01041	0.00386	0.00339
12	0.00562	0.00417	0.00533	0.00589	0.03140	0.00389	0.00390	0.00659	0.00845	0.01137	0.16537	0.37969	0.11758	0.16287	0.02119	0.00202	0.00282	0.02724	0.00357	0.03103
13	0.03874	0.05093	0.06066	0.09578	0.28375	0.10647	0.12894	0.04459	0.03051	0.05201	0.00829	0.01048	0.00663	0.02360	0.02397	0.00143	0.02156	0.00368	0.00231	0.00567
14	0.19009	0.01159	0.01079	0.00877	0.01164	0.21359	0.04862	0.21263	0.01251	0.22662	0.00971	0.00973	0.00683	0.00450	0.00374	0.00121	0.00482	0.00331	0.00345	0.00585
15	0.00554	0.00390	0.00502	0.00569	0.00620	0.00366	0.00390	0.00671	0.03431	0.03208	0.06369	0.70107	0.08881	0.01202	0.00513	0.00161	0.00239	0.01081	0.00389	0.00357
16	0.00942	0.00755	0.00885	0.00653	0.00995	0.00623	0.00524	0.03657	0.06061	0.06115	0.00843	0.00931	0.00673	0.00349	0.00350	0.00075	0.02656	0.00274	0.00273	0.72364
17	0.00816	0.05628	0.01056	0.02369	0.00975	0.03205	0.05618	0.04932	0.00794	0.01089	0.03187	0.08914	0.07152	0.12473	0.09596	0.00240	0.30775	0.00516	0.00247	0.00418
18	0.00511	0.00366	0.00473	0.00550	0.00580	0.00342	0.00365	0.00581	0.00786	0.01044	0.04612	0.70741	0.06790	0.09369	0.00671	0.00186	0.00251	0.01084	0.00370	0.00328
19	0.06175	0.02074	0.00999	0.00853	0.03048	0.10509	0.03568	0.26020	0.01203	0.07597	0.01249	0.07551	0.05738	0.01947	0.16374	0.00229	0.00567	0.00454	0.00322	0.03522

[dist]
# distance from previous block
# <min> <max>
3	15

[block]
# block no. 3 follows, 65 sequences, length 8
# corresponding to MSA columns:
# 266-273
name=unknown_D
#
# <colnr> <probs for GDERKNQSTAVLIFYWHMCP>
#	G	D	E	R	K	N	Q	S	T	A	V	L	I	F	Y	W	H	M	C	P
0	0.01086	0.00862	0.01094	0.01116	0.18910	0.06413	0.03504	0.06907	0.01044	0.13288	0.06443	0.01355	0.07124	0.00460	0.00386	0.00104	0.00390	0.00393	0.00305	0.28816
1	0.00675	0.00458	0.00563	0.00537	0.00655	0.00429	0.00401	0.00863	0.04823	0.08144	0.33899	0.11424	0.22842	0.05360	0.06889	0.00190	0.00300	0.00746	0.00402	0.00401
2	0.00659	0.00563	0.00590	0.00559	0.00679	0.06752	0.00419	0.00886	0.06341	0.01471	0.52370	0.05476	0.19996	0.00845	0.00473	0.00131	0.00248	0.00727	0.00414	0.00401
3	0.00652	0.00512	0.00544	0.00520	0.00641	0.03250	0.00384	0.04180	0.00984	0.04115	0.17687	0.11204	0.42272	0.08831	0.00645	0.00162	0.01881	0.00781	0.00378	0.00377
4	0.01107	0.01188	0.01133	0.00989	0.01101	0.26006	0.00791	0.06889	0.05687	0.01175	0.03335	0.01155	0.06003	0.00629	0.00852	0.00147	0.40714	0.00382	0.00240	0.00478
5	0.00821	0.00551	0.00666	0.00588	0.00744	0.00534	0.00455	0.10115	0.05164	0.09448	0.51427	0.02714	0.13579	0.00781	0.00466	0.00130	0.00246	0.00672	0.00442	0.00460
6	0.01009	0.19653	0.30163	0.05666	0.08832	0.05236	0.03550	0.04118	0.00940	0.06090	0.04751	0.01004	0.00746	0.00448	0.00415	0.03239	0.00508	0.00328	0.00224	0.03079
7	0.00543	0.00409	0.00502	0.00555	0.00620	0.00386	0.00389	0.00694	0.05445	0.01145	0.09329	0.52718	0.17579	0.04148	0.00564	0.00166	0.00244	0.03823	0.00384	0.00357

[dist]
# distance from previous block
# <min> <max>
1	9

[block]
# block no. 4 follows, 65 sequences, length 12
# corresponding to MSA columns:
# 283-294
name=unknown_E
#
# <colnr> <probs for GDERKNQSTAVLIFYWHMCP>
#	G	D	E	R	K	N	Q	S	T	A	V	L	I	F	Y	W	H	M	C	P
0	0.06151	0.60480	0.15768	0.00799	0.01177	0.07577	0.00832	0.01270	0.00856	0.01076	0.00604	0.00700	0.00521	0.00365	0.00292	0.00099	0.00483	0.00237	0.00182	0.00532
1	0.00593	0.00445	0.00627	0.00622	0.00683	0.00507	0.00467	0.00709	0.00662	0.00934	0.01280	0.01908	0.05456	0.17771	0.62133	0.00570	0.03566	0.00488	0.00232	0.00347
2	0.05178	0.02733	0.05572	0.00933	0.01240	0.04320	0.06548	0.39902	0.03112	0.15194	0.01035	0.01063	0.00737	0.00481	0.00447	0.00126	0.04945	0.00370	0.05439	0.00627
3	0.00826	0.08494	0.02474	0.00669	0.04369	0.02306	0.00510	0.02661	0.05113	0.11019	0.12727	0.10090	0.31799	0.00871	0.02975	0.00147	0.00318	0.00667	0.00367	0.01601
4	0.00594	0.00427	0.00497	0.00483	0.00606	0.00373	0.00361	0.00728	0.01010	0.05797	0.30510	0.11790	0.43401	0.00967	0.00485	0.00138	0.00214	0.00830	0.00412	0.00378
5	0.01062	0.00806	0.00906	0.00737	0.01016	0.00806	0.00586	0.14914	0.26825	0.08176	0.01382	0.02900	0.05541	0.00639	0.04839	0.00140	0.00375	0.00410	0.00357	0.27585
6	0.03999	0.06584	0.00999	0.00739	0.01006	0.00781	0.00602	0.17847	0.02701	0.43291	0.01482	0.14097	0.01174	0.02208	0.00446	0.00135	0.00359	0.00505	0.00432	0.00614
7	0.00600	0.00425	0.00526	0.00567	0.00624	0.00411	0.00391	0.06179	0.00894	0.01214	0.10044	0.57527	0.05669	0.08336	0.00634	0.00176	0.00259	0.00976	0.04187	0.00359
8	0.00943	0.00876	0.01415	0.21898	0.48568	0.00940	0.01112	0.03360	0.08267	0.01311	0.00871	0.01122	0.00707	0.00583	0.06146	0.00164	0.00528	0.00380	0.00224	0.00585
9	0.01073	0.64678	0.04324	0.00856	0.01180	0.04199	0.07938	0.01228	0.00837	0.01010	0.00597	0.00731	0.00536	0.00391	0.00399	0.00103	0.08957	0.00261	0.00180	0.00522
10	0.00679	0.00489	0.00603	0.00622	0.00696	0.00495	0.00440	0.13077	0.00950	0.01276	0.04256	0.58324	0.02240	0.08145	0.05471	0.00206	0.00333	0.00943	0.00367	0.00386
11	0.27522	0.04328	0.02179	0.02399	0.01088	0.11905	0.07020	0.09577	0.02656	0.07247	0.06441	0.01124	0.00868	0.05387	0.00488	0.00138	0.03462	0.00349	0.00286	0.05534

[dist]
# distance from previous block
# <min> <max>
0	5

[block]
# block no. 5 follows, 65 sequences, length 6
# corresponding to MSA columns:
# 300-305
name=unknown_F
#
# <colnr> <probs for GDERKNQSTAVLIFYWHMCP>
#	G	D	E	R	K	N	Q	S	T	A	V	L	I	F	Y	W	H	M	C	P
0	0.00669	0.00620	0.00787	0.00781	0.06797	0.06213	0.07668	0.00827	0.00989	0.01268	0.23928	0.11192	0.31960	0.00929	0.03381	0.00154	0.00338	0.00737	0.00354	0.00406
1	0.10134	0.01076	0.01126	0.00889	0.01196	0.01202	0.00728	0.62371	0.13200	0.02389	0.01041	0.01031	0.00752	0.00491	0.00396	0.00126	0.00420	0.00368	0.00396	0.00666
2	0.01051	0.07196	0.01236	0.01001	0.04598	0.14572	0.12403	0.16569	0.04120	0.01376	0.01129	0.15335	0.01091	0.08310	0.05751	0.00187	0.02774	0.00520	0.00285	0.00496
3	0.10052	0.13320	0.09412	0.00910	0.01211	0.26615	0.00792	0.17191	0.13941	0.01533	0.00861	0.00906	0.00666	0.00440	0.00361	0.00116	0.00521	0.00310	0.00278	0.00564
4	0.01214	0.00845	0.02651	0.00808	0.02672	0.02422	0.02340	0.28705	0.03475	0.16976	0.07033	0.10941	0.05609	0.03748	0.00485	0.00135	0.00373	0.00518	0.00388	0.08662
5	0.02706	0.04645	0.09399	0.04594	0.12489	0.07722	0.12838	0.06668	0.03720	0.09019	0.03433	0.03755	0.14626	0.00547	0.00422	0.00127	0.00463	0.00480	0.00291	0.02052

[dist]
# distance from previous block
# <min> <max>
2	18

[block]
# block no. 6 follows, 65 sequences, length 12
# corresponding to MSA columns:
# 324-335
name=unknown_G
#
# <colnr> <probs for GDERKNQSTAVLIFYWHMCP>
#	G	D	E	R	K	N	Q	S	T	A	V	L	I	F	Y	W	H	M	C	P
0	0.09831	0.04741	0.04295	0.03466	0.07765	0.18899	0.08870	0.09865	0.01039	0.06011	0.02260	0.15268	0.01007	0.00580	0.00449	0.00131	0.04257	0.00477	0.00280	0.00511
1	0.04721	0.00989	0.03742	0.05865	0.19288	0.03230	0.26006	0.04008	0.17133	0.01423	0.01124	0.05203	0.02261	0.00482	0.00436	0.00135	0.00504	0.02609	0.00270	0.00569
2	0.04516	0.00834	0.00913	0.00709	0.01015	0.03863	0.00566	0.16452	0.06040	0.12371	0.03267	0.04528	0.00899	0.01870	0.00390	0.00102	0.00352	0.00360	0.00331	0.40621
3	0.03930	0.00454	0.00556	0.00528	0.00645	0.00427	0.00403	0.00834	0.03239	0.03810	0.58693	0.04788	0.15041	0.00856	0.00476	0.00134	0.00217	0.04140	0.00430	0.00398
4	0.00545	0.00387	0.00462	0.00494	0.00530	0.00366	0.00317	0.00601	0.00759	0.01000	0.08556	0.33181	0.13511	0.36084	0.01163	0.00255	0.00296	0.00855	0.00332	0.00305
5	0.00935	0.00959	0.01252	0.01077	0.01089	0.06031	0.00892	0.01025	0.00660	0.00989	0.00544	0.00889	0.00538	0.00701	0.01291	0.00175	0.79968	0.00354	0.00181	0.00451
6	0.00634	0.00408	0.00476	0.00476	0.00498	0.00402	0.00286	0.00655	0.00650	0.04141	0.01473	0.10439	0.03889	0.69217	0.04390	0.00366	0.00397	0.00646	0.00274	0.00281
7	0.00557	0.00420	0.00527	0.00524	0.00604	0.00419	0.00381	0.00668	0.00805	0.01074	0.14503	0.04617	0.24939	0.18472	0.29269	0.00367	0.00548	0.00655	0.00311	0.00340
8	0.01282	0.06908	0.04624	0.00875	0.01117	0.24461	0.01954	0.15032	0.04478	0.13729	0.09351	0.07078	0.01163	0.00613	0.02133	0.00134	0.03760	0.00433	0.00329	0.00542
9	0.00897	0.04526	0.09986	0.00767	0.01029	0.03354	0.03767	0.09965	0.00956	0.03687	0.04102	0.09226	0.03620	0.09363	0.06049	0.00176	0.04179	0.00456	0.00278	0.23619
10	0.01109	0.04581	0.13058	0.01013	0.05630	0.08229	0.07497	0.17628	0.08656	0.06174	0.04514	0.02594	0.00932	0.05483	0.03847	0.00157	0.00500	0.00400	0.00298	0.07701
11	0.07125	0.05920	0.11142	0.06886	0.09039	0.11440	0.04297	0.11339	0.07748	0.06409	0.01023	0.04386	0.02272	0.00630	0.05395	0.00156	0.00520	0.00386	0.01396	0.02493

[dist]
# distance from previous block
# <min> <max>
13	105

[block]
# block no. 7 follows, 65 sequences, length 13
# corresponding to MSA columns:
# 460-472
name=unknown_H
#
# <colnr> <probs for GDERKNQSTAVLIFYWHMCP>
#	G	D	E	R	K	N	Q	S	T	A	V	L	I	F	Y	W	H	M	C	P
0	0.07137	0.02028	0.05891	0.05150	0.23808	0.02865	0.03343	0.19358	0.06318	0.10087	0.02214	0.01076	0.00753	0.00476	0.00470	0.02375	0.04253	0.00368	0.00298	0.01733
1	0.03442	0.02597	0.02983	0.01405	0.25575	0.13697	0.02014	0.22561	0.11969	0.05214	0.00957	0.01043	0.00735	0.00496	0.01976	0.00133	0.01918	0.00362	0.00301	0.00620
2	0.05439	0.00819	0.01019	0.00768	0.01098	0.02709	0.06782	0.09625	0.03367	0.19265	0.01039	0.01082	0.02058	0.00473	0.02664	0.00112	0.00391	0.00333	0.00322	0.40636
3	0.01031	0.08049	0.12800	0.03432	0.24451	0.01039	0.07314	0.11363	0.17682	0.01516	0.01019	0.04232	0.00823	0.00455	0.00403	0.00126	0.00465	0.00402	0.00274	0.03125
4	0.01038	0.26186	0.01358	0.00826	0.01072	0.08088	0.05570	0.03789	0.26583	0.02456	0.09444	0.01316	0.02251	0.00553	0.00470	0.04500	0.03270	0.00397	0.00300	0.00533
5	0.01250	0.00590	0.00771	0.00659	0.00868	0.00538	0.00517	0.04939	0.02588	0.43025	0.11839	0.18802	0.07430	0.00830	0.03235	0.00154	0.00327	0.00638	0.00451	0.00550
6	0.00521	0.00404	0.00462	0.00473	0.00567	0.00358	0.00338	0.00631	0.00933	0.01201	0.22583	0.19219	0.41493	0.08195	0.00628	0.00164	0.00226	0.00871	0.00387	0.00346
7	0.00538	0.00400	0.00496	0.00508	0.00590	0.00363	0.00365	0.00671	0.00989	0.01334	0.40378	0.26705	0.20565	0.03531	0.00543	0.00150	0.00216	0.00886	0.00410	0.00359
8	0.01013	0.02848	0.00845	0.00767	0.00908	0.31545	0.00575	0.02355	0.00976	0.05175	0.07963	0.14833	0.08495	0.06176	0.11384	0.00213	0.02663	0.00551	0.00292	0.00422
9	0.00532	0.00384	0.00498	0.00561	0.00601	0.00358	0.00374	0.00603	0.00762	0.01028	0.02027	0.68056	0.02402	0.11712	0.03533	0.00207	0.00290	0.01026	0.00352	0.04695
10	0.53902	0.00922	0.00838	0.00695	0.00974	0.01048	0.00572	0.29294	0.05115	0.02095	0.00770	0.00820	0.00572	0.00429	0.00317	0.00126	0.00365	0.00285	0.00317	0.00543
11	0.03154	0.03480	0.04725	0.00951	0.01283	0.10583	0.14866	0.13817	0.01100	0.11020	0.00916	0.02409	0.00709	0.00540	0.04544	0.00134	0.00507	0.00354	0.00287	0.24621
12	0.00831	0.00584	0.00821	0.00731	0.00868	0.00617	0.05447	0.07749	0.02236	0.09158	0.04198	0.15265	0.04554	0.05713	0.29596	0.00333	0.05098	0.00577	0.03276	0.02347

[dist]
# distance from previous block
# <min> <max>
7	19

[block]
# block no. 8 follows, 65 sequences, length 27
# corresponding to MSA columns:
# 492,495-520
name=unknown_I
#
# <colnr> <probs for GDERKNQSTAVLIFYWHMCP>
#	G	D	E	R	K	N	Q	S	T	A	V	L	I	F	Y	W	H	M	C	P
0	0.11863	0.19951	0.03964	0.02153	0.05797	0.23115	0.04666	0.13151	0.02474	0.01388	0.00757	0.03795	0.00644	0.00450	0.00396	0.00117	0.04223	0.00323	0.00244	0.00530
1	0.01021	0.00635	0.00737	0.00649	0.00827	0.03732	0.00501	0.04453	0.12052	0.22113	0.28428	0.07798	0.07935	0.04080	0.03018	0.00158	0.00321	0.00612	0.00426	0.00504
2	0.19394	0.00641	0.00726	0.00629	0.00842	0.00627	0.00493	0.07596	0.01013	0.24575	0.09106	0.20121	0.04079	0.00687	0.00404	0.00131	0.00302	0.00571	0.01675	0.06390
3	0.00593	0.00438	0.00534	0.00565	0.00647	0.00415	0.00396	0.00776	0.07814	0.02759	0.10119	0.49984	0.14129	0.05053	0.00569	0.00163	0.00249	0.00949	0.00382	0.03466
4	0.00545	0.00412	0.00486	0.00497	0.00594	0.00378	0.00361	0.00652	0.00875	0.02713	0.11507	0.19824	0.40610	0.07208	0.11223	0.00227	0.00342	0.00832	0.00361	0.00351
5	0.01207	0.23252	0.03880	0.04206	0.06105	0.16348	0.02866	0.18410	0.05329	0.03815	0.02326	0.04063	0.00807	0.03515	0.02045	0.00134	0.00507	0.00363	0.00273	0.00551
6	0.00543	0.00428	0.00476	0.00464	0.00593	0.00367	0.00345	0.00667	0.00971	0.02396	0.21787	0.10385	0.52684	0.02063	0.00501	0.00139	0.00215	0.00829	0.00392	0.03755
7	0.01044	0.01076	0.01285	0.23649	0.24086	0.18552	0.02708	0.03941	0.09409	0.01242	0.00907	0.05261	0.00767	0.00507	0.01644	0.00136	0.02616	0.00398	0.00237	0.00536
8	0.00688	0.00580	0.03987	0.00605	0.00757	0.00517	0.01825	0.06400	0.06694	0.02493	0.48156	0.08708	0.15332	0.00829	0.00473	0.00134	0.00252	0.00722	0.00416	0.00432
9	0.00582	0.00430	0.00627	0.00633	0.00696	0.00490	0.00478	0.00709	0.00662	0.00944	0.01197	0.07402	0.01186	0.10973	0.70326	0.00601	0.00973	0.00504	0.00234	0.00353
10	0.00944	0.00883	0.01477	0.44592	0.19528	0.00993	0.11429	0.10290	0.00984	0.01318	0.00775	0.01061	0.00596	0.00411	0.00446	0.00134	0.03004	0.00381	0.00216	0.00537
11	0.00892	0.00801	0.00900	0.00708	0.04309	0.04742	0.00533	0.01073	0.00870	0.01321	0.00727	0.00852	0.00606	0.00312	0.00311	0.00066	0.00333	0.00249	0.00240	0.80155
12	0.00685	0.04723	0.00598	0.00530	0.00566	0.03818	0.00351	0.00654	0.00661	0.00853	0.04360	0.11434	0.03027	0.35251	0.01494	0.29553	0.00370	0.00560	0.00246	0.00265
13	0.01162	0.22165	0.07987	0.05821	0.04307	0.18032	0.03358	0.17937	0.01137	0.01384	0.00973	0.04432	0.04798	0.00545	0.02561	0.00128	0.00528	0.00366	0.00255	0.02124
14	0.00717	0.00502	0.00585	0.00567	0.00665	0.00494	0.00401	0.09083	0.04370	0.04705	0.11310	0.27560	0.15594	0.20545	0.00854	0.00204	0.00295	0.00793	0.00368	0.00388
15	0.02215	0.12694	0.17373	0.01120	0.07869	0.03143	0.10720	0.15268	0.02225	0.11662	0.02951	0.02505	0.00772	0.00449	0.00428	0.00122	0.03692	0.00370	0.00282	0.04140
16	0.01148	0.09321	0.12581	0.06044	0.10912	0.06745	0.19616	0.14936	0.01107	0.07846	0.00875	0.02224	0.00671	0.00469	0.01869	0.00135	0.02275	0.00381	0.00258	0.00586
17	0.00519	0.00379	0.00467	0.00521	0.00566	0.00350	0.00349	0.00594	0.00812	0.01066	0.08733	0.51716	0.16595	0.14439	0.00760	0.00195	0.00254	0.00992	0.00366	0.00327
18	0.00626	0.00482	0.03694	0.00644	0.03559	0.00410	0.00452	0.00726	0.00825	0.05966	0.04301	0.51372	0.11012	0.11210	0.00691	0.00186	0.00286	0.02830	0.00360	0.00370
19	0.03461	0.04676	0.15675	0.02701	0.15927	0.11343	0.08364	0.15799	0.04329	0.12390	0.00926	0.01007	0.00679	0.00425	0.00399	0.00123	0.00522	0.00354	0.00285	0.00614
20	0.00932	0.05113	0.06071	0.00818	0.01041	0.08824	0.10071	0.07189	0.02818	0.09109	0.08834	0.18585	0.15530	0.00797	0.02250	0.00146	0.00411	0.00646	0.00339	0.00477
21	0.00526	0.00403	0.00484	0.00516	0.00598	0.00367	0.00367	0.00662	0.02945	0.01217	0.20702	0.38993	0.28546	0.01090	0.00500	0.00149	0.00221	0.00959	0.00398	0.00357
22	0.00948	0.00755	0.00888	0.02450	0.01036	0.00611	0.00528	0.05643	0.02989	0.05938	0.00817	0.00911	0.00651	0.00335	0.00321	0.00072	0.00321	0.00268	0.00270	0.74248
23	0.01353	0.00989	0.03140	0.02129	0.08975	0.02754	0.00755	0.41807	0.04620	0.14064	0.02633	0.03769	0.04990	0.01886	0.00440	0.00128	0.00416	0.00428	0.00381	0.04342
24	0.08294	0.01063	0.01141	0.00902	0.01196	0.02675	0.02559	0.58424	0.09495	0.02294	0.04112	0.01102	0.00852	0.00556	0.02160	0.00137	0.01623	0.00383	0.00385	0.00644
25	0.00630	0.00533	0.03712	0.00551	0.00688	0.00466	0.00438	0.03734	0.05365	0.01535	0.54221	0.02987	0.18866	0.03823	0.00531	0.00141	0.00235	0.00717	0.00417	0.00408
26	0.00974	0.05318	0.23197	0.07816	0.18961	0.06224	0.10913	0.04302	0.10978	0.01333	0.00938	0.01129	0.01938	0.03651	0.00469	0.00137	0.00533	0.00379	0.00232	0.00577

[dist]
# distance from previous block
# <min> <max>
0	4

[block]
# block no. 9 follows, 65 sequences, length 8
# corresponding to MSA columns:
# 525-532
name=unknown_J
#
# <colnr> <probs for GDERKNQSTAVLIFYWHMCP>
#	G	D	E	R	K	N	Q	S	T	A	V	L	I	F	Y	W	H	M	C	P
0	0.00503	0.00391	0.00451	0.00488	0.00571	0.00346	0.00343	0.00595	0.00876	0.01108	0.08825	0.37029	0.41041	0.04785	0.00570	0.00161	0.00227	0.00969	0.00380	0.00340
1	0.05832	0.00721	0.00872	0.00736	0.00960	0.02420	0.03653	0.08434	0.15751	0.25918	0.17204	0.09967	0.04435	0.00659	0.00434	0.00134	0.00328	0.00560	0.00425	0.00559
2	0.00544	0.00415	0.00493	0.00518	0.00602	0.00383	0.00371	0.00689	0.03768	0.01207	0.19925	0.30221	0.28230	0.06979	0.00611	0.00166	0.00239	0.03895	0.00388	0.00356
3	0.00680	0.00431	0.00541	0.00529	0.00638	0.00388	0.00390	0.00822	0.01016	0.09834	0.36533	0.23698	0.17906	0.00942	0.00480	0.00139	0.00224	0.00825	0.03587	0.00398
4	0.00901	0.01502	0.37839	0.01342	0.01810	0.00965	0.35066	0.04590	0.03733	0.01359	0.00970	0.04051	0.03037	0.00432	0.00439	0.00135	0.00602	0.00434	0.00219	0.00572
5	0.18644	0.03047	0.01809	0.08199	0.04538	0.04097	0.46178	0.06090	0.00963	0.01457	0.00764	0.00983	0.00580	0.00371	0.00415	0.00132	0.00579	0.00397	0.00226	0.00532
6	0.05239	0.00896	0.00978	0.00794	0.01062	0.00961	0.00641	0.40508	0.13802	0.12875	0.04788	0.04547	0.09877	0.00601	0.00420	0.00130	0.00369	0.00480	0.00415	0.00616
7	0.01210	0.02303	0.01132	0.02942	0.03626	0.16714	0.06194	0.14832	0.15066	0.10111	0.01187	0.05049	0.02750	0.02188	0.03648	0.00153	0.06019	0.00427	0.02221	0.02227

[dist]
# distance from previous block
# <min> <max>
1	12

[block]
# block no. 10 follows, 65 sequences, length 14
# corresponding to MSA columns:
# 545-558
name=unknown_K
#
# <colnr> <probs for GDERKNQSTAVLIFYWHMCP>
#	G	D	E	R	K	N	Q	S	T	A	V	L	I	F	Y	W	H	M	C	P
0	0.01004	0.00915	0.02322	0.09237	0.01252	0.09801	0.07847	0.11414	0.19637	0.03924	0.05963	0.06442	0.04339	0.09700	0.02029	0.00170	0.01822	0.00501	0.00323	0.01358
1	0.02235	0.02266	0.01022	0.06216	0.03981	0.11330	0.01689	0.13863	0.20232	0.10570	0.06297	0.08900	0.01220	0.03375	0.00522	0.00142	0.04753	0.00482	0.00351	0.00555
2	0.20801	0.03383	0.02830	0.08304	0.04612	0.06558	0.13674	0.11768	0.07704	0.09816	0.01043	0.02318	0.03613	0.00461	0.00395	0.00129	0.01363	0.00383	0.00296	0.00549
3	0.00612	0.00397	0.00480	0.00482	0.00495	0.00398	0.00296	0.00605	0.00623	0.00832	0.03081	0.02504	0.04083	0.61198	0.06632	0.13764	0.00421	0.02594	0.00248	0.00254
4	0.09204	0.03882	0.22160	0.01091	0.01485	0.01040	0.18039	0.26547	0.01215	0.05037	0.00925	0.04633	0.00714	0.00456	0.00405	0.00129	0.00512	0.00396	0.01536	0.00595
5	0.00996	0.00838	0.00911	0.00672	0.01023	0.05044	0.00538	0.09636	0.00993	0.04211	0.00782	0.00878	0.00627	0.00337	0.00322	0.00072	0.00344	0.00263	0.00268	0.71245
6	0.00568	0.00397	0.00492	0.00529	0.00595	0.00364	0.00368	0.00661	0.00863	0.03810	0.13601	0.42935	0.18589	0.11034	0.00692	0.00182	0.00253	0.03339	0.00379	0.00347
7	0.00586	0.00401	0.00545	0.00593	0.00648	0.00373	0.02031	0.00677	0.00833	0.04667	0.08057	0.63130	0.05052	0.06388	0.00613	0.00176	0.00263	0.04233	0.00380	0.00355
8	0.00532	0.00412	0.00601	0.00635	0.00694	0.00382	0.05626	0.00628	0.00821	0.01090	0.05147	0.71766	0.07719	0.01194	0.00517	0.00162	0.00264	0.01089	0.00372	0.00350
9	0.01131	0.67837	0.09023	0.00781	0.01144	0.06840	0.00783	0.06378	0.00928	0.01100	0.00615	0.00702	0.00537	0.00368	0.00291	0.00095	0.00474	0.00239	0.00193	0.00541
10	0.00565	0.00399	0.00459	0.00468	0.00503	0.00384	0.00292	0.00609	0.00717	0.00943	0.07675	0.13038	0.15064	0.53174	0.03738	0.00315	0.00352	0.00717	0.00300	0.00288
11	0.00567	0.00393	0.00464	0.00481	0.00506	0.00380	0.00298	0.00612	0.00725	0.00970	0.11360	0.20690	0.06914	0.52195	0.01464	0.00300	0.00328	0.00754	0.00309	0.00289
12	0.05287	0.06047	0.01370	0.03091	0.09952	0.06534	0.12652	0.16158	0.06001	0.27106	0.01106	0.01120	0.00777	0.00446	0.00404	0.00125	0.00466	0.00382	0.00350	0.00627
13	0.01215	0.35094	0.11933	0.03375	0.01242	0.14823	0.02040	0.08697	0.01035	0.10594	0.00926	0.03330	0.03163	0.00448	0.00349	0.00110	0.00495	0.00328	0.00253	0.00551

[dist]
# distance from previous block
# <min> <max>
2	9

[block]
# block no. 11 follows, 65 sequences, length 14
# corresponding to MSA columns:
# 568-581
name=unknown_L
#
# <colnr> <probs for GDERKNQSTAVLIFYWHMCP>
#	G	D	E	R	K	N	Q	S	T	A	V	L	I	F	Y	W	H	M	C	P
0	0.18652	0.02495	0.01106	0.06042	0.08855	0.28872	0.02198	0.13704	0.05658	0.04705	0.00814	0.00947	0.00642	0.03119	0.00418	0.00128	0.00522	0.00318	0.00272	0.00532
1	0.00622	0.00478	0.00492	0.00485	0.00575	0.03728	0.00334	0.00699	0.00849	0.04093	0.08911	0.10414	0.37300	0.28074	0.00995	0.00222	0.00297	0.00756	0.00342	0.00335
2	0.01037	0.19294	0.08018	0.02106	0.08678	0.02726	0.03857	0.07412	0.13611	0.06291	0.04301	0.03951	0.00960	0.02668	0.02514	0.00134	0.00432	0.00387	0.02213	0.09410
3	0.01032	0.01095	0.06362	0.02955	0.27037	0.05843	0.24174	0.09977	0.05136	0.01440	0.02586	0.05168	0.02169	0.00462	0.00459	0.00131	0.02692	0.00450	0.00252	0.00581
4	0.00541	0.00419	0.00493	0.00486	0.00596	0.00369	0.00356	0.00674	0.00987	0.01306	0.33814	0.15907	0.35080	0.03236	0.00527	0.00143	0.00216	0.00834	0.00400	0.03616
5	0.00703	0.04572	0.00699	0.00659	0.05604	0.00503	0.00463	0.00895	0.03731	0.06902	0.41437	0.13240	0.17327	0.00849	0.00467	0.00133	0.00246	0.00740	0.00405	0.00425
6	0.06931	0.00783	0.00849	0.00714	0.00941	0.05699	0.00566	0.17391	0.05746	0.21018	0.16177	0.07145	0.05368	0.00745	0.04423	0.00152	0.00382	0.00511	0.00400	0.04059
7	0.01161	0.00756	0.00864	0.00734	0.00946	0.00797	0.00572	0.23698	0.17155	0.16571	0.03383	0.09039	0.06143	0.09849	0.04895	0.00188	0.00393	0.00532	0.01765	0.00559
8	0.03149	0.01291	0.06328	0.05163	0.07804	0.25457	0.18328	0.06341	0.06415	0.02421	0.00898	0.05063	0.00759	0.02493	0.02047	0.00145	0.04721	0.00407	0.00245	0.00525
9	0.00528	0.00388	0.00474	0.00509	0.00568	0.00357	0.00347	0.00620	0.00863	0.01141	0.18542	0.39187	0.19553	0.14098	0.00748	0.00189	0.00248	0.00932	0.00375	0.00334
10	0.65141	0.00777	0.00691	0.00648	0.03423	0.00873	0.00498	0.07610	0.00838	0.05894	0.00842	0.09658	0.00739	0.00491	0.00308	0.00131	0.00327	0.00348	0.00291	0.00472
11	0.00940	0.06300	0.07601	0.06308	0.08725	0.04069	0.07526	0.09687	0.05244	0.04245	0.08108	0.03579	0.03365	0.08324	0.09303	0.00206	0.02642	0.00455	0.00280	0.03094
12	0.00627	0.00521	0.00662	0.00638	0.02255	0.02884	0.04303	0.02249	0.00973	0.01298	0.27186	0.23652	0.19937	0.02164	0.04225	0.00164	0.00307	0.00796	0.00371	0.04789
13	0.02342	0.17754	0.03180	0.00996	0.09387	0.07600	0.04276	0.10373	0.17759	0.03269	0.06529	0.01221	0.02609	0.00471	0.00389	0.00115	0.01631	0.00378	0.01900	0.07822

[dist]
# distance from previous block
# <min> <max>
0	8

[block]
# block no. 12 follows, 65 sequences, length 10
# corresponding to MSA columns:
# 590-599
name=unknown_M
#
# <colnr> <probs for GDERKNQSTAVLIFYWHMCP>
#	G	D	E	R	K	N	Q	S	T	A	V	L	I	F	Y	W	H	M	C	P
0	0.01167	0.00676	0.00812	0.00682	0.00896	0.00668	0.00538	0.15641	0.09480	0.26278	0.21564	0.07076	0.08200	0.03795	0.00504	0.00141	0.00311	0.00579	0.00441	0.00551
1	0.00614	0.00425	0.00526	0.00535	0.00621	0.00393	0.00382	0.02816	0.00963	0.04734	0.27708	0.34087	0.16667	0.06859	0.00605	0.00163	0.00240	0.00890	0.00400	0.00372
2	0.03414	0.07199	0.09651	0.03054	0.07846	0.06853	0.14720	0.17749	0.05289	0.09452	0.08059	0.01197	0.00961	0.00467	0.00430	0.00126	0.02242	0.00402	0.00304	0.00586
3	0.04302	0.05054	0.14217	0.01237	0.16113	0.09915	0.09592	0.05848	0.06164	0.06681	0.01330	0.05843	0.09625	0.00535	0.00415	0.00129	0.00481	0.01692	0.00277	0.00553
4	0.00657	0.00473	0.00552	0.00542	0.00661	0.00441	0.00400	0.07735	0.01023	0.04738	0.16640	0.29583	0.32992	0.01015	0.00488	0.00144	0.00242	0.00880	0.00401	0.00395
5	0.00586	0.00447	0.00529	0.00538	0.00633	0.00424	0.00388	0.03357	0.05680	0.01303	0.24119	0.30996	0.24247	0.04147	0.00551	0.00155	0.00236	0.00886	0.00398	0.00378
6	0.04165	0.03948	0.02767	0.00982	0.03513	0.13050	0.06223	0.31982	0.07108	0.18806	0.01092	0.02711	0.00795	0.00482	0.00403	0.00124	0.00475	0.00382	0.00365	0.00629
7	0.01488	0.01871	0.01207	0.01185	0.08390	0.76700	0.00834	0.01606	0.01143	0.01034	0.00646	0.00764	0.00539	0.00418	0.00373	0.00107	0.00718	0.00273	0.00211	0.00491
8	0.00843	0.00600	0.00668	0.00622	0.00771	0.03590	0.00469	0.08586	0.08562	0.10156	0.19794	0.23306	0.18632	0.00883	0.00470	0.00140	0.00281	0.00761	0.00410	0.00455
9	0.01026	0.04673	0.08970	0.19497	0.18005	0.11295	0.05202	0.07325	0.08401	0.01307	0.00869	0.03863	0.00715	0.00467	0.00473	0.00131	0.06614	0.00383	0.00235	0.00550

[dist]
# distance from previous block
# <min> <max>
0	1

[block]
# block no. 13 follows, 65 sequences, length 14
# corresponding to MSA columns:
# 602-615
name=unknown_N
#
# <colnr> <probs for GDERKNQSTAVLIFYWHMCP>
#	G	D	E	R	K	N	Q	S	T	A	V	L	I	F	Y	W	H	M	C	P
0	0.02828	0.00949	0.01091	0.00973	0.07752	0.02247	0.00723	0.46170	0.03874	0.14371	0.01295	0.12186	0.02467	0.00598	0.00424	0.00130	0.00405	0.00488	0.00399	0.00631
1	0.04987	0.19466	0.25461	0.01014	0.05783	0.02928	0.03704	0.16104	0.02549	0.06389	0.00853	0.03153	0.00668	0.00428	0.00366	0.00116	0.00483	0.00332	0.00258	0.04956
2	0.01252	0.03546	0.06987	0.01356	0.21378	0.15958	0.03171	0.23179	0.05633	0.05082	0.00930	0.03798	0.00747	0.00512	0.01722	0.00132	0.03347	0.00379	0.00288	0.00603
3	0.00887	0.00753	0.00870	0.00629	0.00989	0.00593	0.00504	0.04636	0.03214	0.01404	0.00768	0.00876	0.00630	0.00320	0.00312	0.00066	0.00311	0.00255	0.00256	0.81728
4	0.00881	0.14954	0.06581	0.00736	0.03692	0.10521	0.00608	0.05519	0.01056	0.03290	0.25035	0.03963	0.15967	0.00720	0.02252	0.00132	0.00378	0.00543	0.02712	0.00461
5	0.00958	0.01065	0.05067	0.01484	0.05869	0.04418	0.51219	0.01319	0.07627	0.02708	0.01028	0.09526	0.00880	0.00483	0.00508	0.00140	0.04391	0.00522	0.00245	0.00541
6	0.12031	0.05754	0.01120	0.04157	0.01226	0.46657	0.00736	0.07421	0.09405	0.05328	0.00805	0.00874	0.00629	0.00441	0.00377	0.00115	0.01844	0.00298	0.00263	0.00518
7	0.00565	0.00474	0.03599	0.00668	0.03411	0.00414	0.00468	0.02270	0.02411	0.01129	0.04087	0.70405	0.04851	0.01172	0.00509	0.00161	0.00266	0.02399	0.00370	0.00370
8	0.00787	0.00541	0.00654	0.00613	0.00704	0.00576	0.00437	0.07887	0.08266	0.06179	0.04423	0.11627	0.02678	0.34317	0.16182	0.00336	0.02492	0.00595	0.00312	0.00394
9	0.00577	0.00428	0.00503	0.00511	0.00583	0.00409	0.00353	0.03749	0.00851	0.01113	0.10817	0.22854	0.24451	0.23566	0.07160	0.00251	0.00340	0.00804	0.00343	0.00337
10	0.74073	0.03282	0.00730	0.00606	0.00867	0.05218	0.00499	0.08160	0.00832	0.01838	0.00610	0.00698	0.00473	0.00392	0.00274	0.00124	0.00354	0.00237	0.00263	0.00470
11	0.03916	0.12368	0.16800	0.02640	0.22341	0.05765	0.05524	0.11213	0.06463	0.03378	0.01006	0.01109	0.04829	0.00438	0.00387	0.00122	0.00492	0.00365	0.00252	0.00592
12	0.02184	0.00901	0.04707	0.03017	0.04053	0.06487	0.04443	0.13282	0.12187	0.06345	0.15037	0.07322	0.01454	0.01620	0.00435	0.00124	0.00385	0.01345	0.00344	0.14327
13	0.01130	0.03827	0.07368	0.00943	0.06918	0.15753	0.00731	0.17411	0.07401	0.06631	0.07221	0.06482	0.03074	0.05874	0.04579	0.00165	0.00487	0.00452	0.00317	0.03235

[dist]
# distance from previous block
# <min> <max>
0	17

[block]
# block no. 14 follows, 65 sequences, length 21
# corresponding to MSA columns:
# 633-653
name=unknown_O
#
# <colnr> <probs for GDERKNQSTAVLIFYWHMCP>
#	G	D	E	R	K	N	Q	S	T	A	V	L	I	F	Y	W	H	M	C	P
0	0.04756	0.01813	0.03672	0.00752	0.01002	0.03426	0.00623	0.25364	0.01290	0.24083	0.13478	0.03896	0.01353	0.03126	0.06923	0.00174	0.00429	0.00459	0.02809	0.00572
1	0.05818	0.02523	0.07290	0.00779	0.03530	0.00665	0.07299	0.06932	0.02077	0.01388	0.15986	0.09657	0.27483	0.00781	0.00500	0.00138	0.04745	0.01625	0.00337	0.00445
2	0.01119	0.03432	0.08238	0.05970	0.24681	0.03288	0.06822	0.09115	0.12214	0.12013	0.01103	0.05539	0.00879	0.00561	0.03067	0.00146	0.00484	0.00426	0.00298	0.00606
3	0.09139	0.03709	0.05631	0.02611	0.17335	0.20912	0.03589	0.08284	0.01072	0.12148	0.05807	0.01171	0.00884	0.05386	0.00485	0.00136	0.00502	0.00367	0.00283	0.00548
4	0.01163	0.00756	0.05726	0.00777	0.01035	0.00653	0.07387	0.07421	0.06056	0.30171	0.27384	0.01992	0.06411	0.00624	0.00444	0.00130	0.00342	0.00542	0.00426	0.00560
5	0.00829	0.00710	0.00974	0.01781	0.12009	0.02212	0.05799	0.10327	0.02153	0.01317	0.04987	0.17013	0.10022	0.06263	0.06496	0.01769	0.06621	0.00599	0.00298	0.07822
6	0.01195	0.07150	0.06887	0.01089	0.11324	0.15708	0.01725	0.22893	0.06529	0.04734	0.01095	0.12413	0.00979	0.02984	0.00465	0.00134	0.01365	0.00459	0.00307	0.00565
7	0.00683	0.00590	0.05592	0.00672	0.00775	0.00526	0.00518	0.12528	0.00956	0.01288	0.01951	0.66265	0.02246	0.01105	0.00515	0.00158	0.01875	0.00983	0.00369	0.00406
8	0.00891	0.09783	0.71048	0.01120	0.01680	0.06005	0.01398	0.01314	0.00881	0.01252	0.00715	0.00840	0.00521	0.00388	0.00377	0.00125	0.00599	0.00293	0.00176	0.00591
9	0.06141	0.18210	0.08142	0.01034	0.03005	0.11112	0.16845	0.08343	0.08905	0.02121	0.00977	0.08800	0.00859	0.01729	0.01907	0.00137	0.00515	0.00424	0.00259	0.00534
10	0.01593	0.00714	0.00919	0.00721	0.01014	0.00651	0.00588	0.07697	0.06084	0.60430	0.06950	0.01568	0.04568	0.00545	0.00416	0.00125	0.00338	0.00446	0.00476	0.04156
11	0.00586	0.00440	0.00660	0.00660	0.00733	0.00513	0.00513	0.00733	0.00660	0.00953	0.01100	0.01613	0.01026	0.03079	0.83947	0.00660	0.01100	0.00440	0.00220	0.00367
12	0.00657	0.00544	0.02883	0.00618	0.00734	0.00511	0.00474	0.05091	0.11328	0.01322	0.14115	0.33320	0.15328	0.04228	0.00552	0.00160	0.00276	0.07061	0.00387	0.00411
13	0.00994	0.02693	0.01539	0.10439	0.63423	0.00975	0.01159	0.03514	0.06196	0.01355	0.00870	0.03450	0.00736	0.00412	0.00408	0.00125	0.00474	0.00392	0.00225	0.00621
14	0.00554	0.00413	0.00519	0.00526	0.00619	0.00377	0.00395	0.00708	0.01032	0.01397	0.45761	0.17331	0.19916	0.00982	0.00498	0.00143	0.00220	0.07820	0.00419	0.00369
15	0.00502	0.00360	0.00477	0.00566	0.00595	0.00335	0.00379	0.00578	0.00800	0.01066	0.04528	0.81015	0.04742	0.01268	0.00522	0.00165	0.00236	0.01148	0.00383	0.00335
16	0.01031	0.07356	0.08063	0.14592	0.23328	0.09131	0.15559	0.03187	0.00942	0.04514	0.00794	0.01022	0.00630	0.00537	0.04803	0.00154	0.03221	0.00367	0.00214	0.00555
17	0.00983	0.01256	0.10693	0.01637	0.02062	0.05363	0.69070	0.01330	0.00969	0.01297	0.00811	0.01063	0.00607	0.00355	0.00469	0.00136	0.00686	0.00454	0.00204	0.00555
18	0.00688	0.00461	0.00573	0.00560	0.00668	0.00430	0.00412	0.05461	0.01045	0.07391	0.32555	0.30619	0.15613	0.00977	0.00488	0.00143	0.00237	0.00859	0.00419	0.00404
19	0.00821	0.02214	0.00659	0.00601	0.00671	0.13843	0.00408	0.00878	0.00789	0.05125	0.09316	0.05836	0.01545	0.48602	0.04651	0.00300	0.02570	0.00555	0.00278	0.00340
20	0.24885	0.11780	0.03431	0.00859	0.05645	0.03287	0.02370	0.19388	0.06996	0.06553	0.00847	0.00900	0.00643	0.00414	0.00338	0.00114	0.00401	0.00303	0.00298	0.10551

[dist]
# distance from previous block
# <min> <max>
0	2

[block]
# block no. 15 follows, 65 sequences, length 7
# corresponding to MSA columns:
# 656-662
name=unknown_P
#
# <colnr> <probs for GDERKNQSTAVLIFYWHMCP>
#	G	D	E	R	K	N	Q	S	T	A	V	L	I	F	Y	W	H	M	C	P
0	0.03897	0.04218	0.05224	0.03753	0.07647	0.51744	0.00862	0.07824	0.01109	0.01193	0.00682	0.00825	0.00562	0.00501	0.02397	0.00129	0.06410	0.00294	0.00222	0.00509
1	0.00701	0.00515	0.00624	0.00635	0.00729	0.00518	0.00461	0.13599	0.03969	0.01386	0.10289	0.55065	0.05323	0.01074	0.00498	0.00155	0.00274	0.03380	0.00394	0.00410
2	0.01220	0.09303	0.05911	0.02897	0.11927	0.25392	0.13983	0.07892	0.05985	0.04395	0.00807	0.00945	0.00636	0.00432	0.00462	0.00123	0.06547	0.00346	0.00241	0.00557
3	0.00516	0.00411	0.00456	0.00456	0.00568	0.00358	0.00334	0.00636	0.00966	0.01228	0.24042	0.10183	0.52528	0.04802	0.00560	0.00150	0.00215	0.00847	0.00393	0.00352
4	0.00519	0.00371	0.00479	0.00546	0.00585	0.00347	0.00369	0.00586	0.00792	0.01046	0.05493	0.61786	0.11643	0.05986	0.03216	0.04249	0.00274	0.01025	0.00362	0.00326
5	0.01533	0.01956	0.01163	0.01058	0.01269	0.83926	0.00793	0.01639	0.01163	0.01005	0.00635	0.00740	0.00529	0.00423	0.00370	0.00106	0.00740	0.00264	0.00212	0.00476
6	0.01117	0.15344	0.25468	0.01168	0.05272	0.05728	0.16249	0.10354	0.01053	0.09222	0.00901	0.01113	0.00698	0.00433	0.00399	0.00125	0.00545	0.03975	0.00252	0.00587

[dist]
# distance from previous block
# <min> <max>
4	13

[block]
# block no. 16 follows, 65 sequences, length 31
# corresponding to MSA columns:
# 676-706
name=unknown_Q
#
# <colnr> <probs for GDERKNQSTAVLIFYWHMCP>
#	G	D	E	R	K	N	Q	S	T	A	V	L	I	F	Y	W	H	M	C	P
0	0.01262	0.01082	0.01029	0.00868	0.01125	0.13779	0.00684	0.28938	0.28379	0.04678	0.02742	0.06394	0.01045	0.00548	0.00409	0.00125	0.00424	0.00435	0.00375	0.05678
1	0.01388	0.01390	0.01137	0.08319	0.01354	0.36442	0.00784	0.27484	0.09442	0.03130	0.04497	0.01044	0.00813	0.00478	0.00397	0.00119	0.00557	0.00351	0.00310	0.00563
2	0.00837	0.00715	0.00836	0.00607	0.00958	0.00539	0.00482	0.01015	0.00849	0.01326	0.00790	0.04194	0.00691	0.00343	0.00313	0.00065	0.00301	0.00280	0.00249	0.84610
3	0.00862	0.02091	0.79617	0.01158	0.01749	0.03167	0.01479	0.01323	0.00881	0.02910	0.00751	0.00874	0.00530	0.00393	0.00390	0.00129	0.00605	0.00304	0.00181	0.00605
4	0.00609	0.00449	0.00609	0.00599	0.00638	0.00510	0.00429	0.00693	0.00633	0.00892	0.01145	0.02002	0.01185	0.36062	0.46315	0.00527	0.05651	0.00498	0.00229	0.00324
5	0.81336	0.00797	0.00639	0.00561	0.00820	0.00911	0.00462	0.03201	0.00756	0.06591	0.00642	0.00717	0.00484	0.00391	0.00267	0.00127	0.00323	0.00237	0.00273	0.00465
6	0.00590	0.00407	0.00503	0.00507	0.00527	0.00425	0.00322	0.00631	0.00621	0.00847	0.01284	0.05834	0.01423	0.60913	0.23030	0.00456	0.00571	0.00580	0.00247	0.00282
7	0.88473	0.00794	0.00603	0.00540	0.00794	0.00921	0.00445	0.01207	0.00699	0.01842	0.00572	0.00667	0.00445	0.00381	0.00254	0.00127	0.00318	0.00222	0.00254	0.00445
8	0.03269	0.00830	0.01160	0.09036	0.26586	0.02293	0.00852	0.15674	0.01102	0.14751	0.01194	0.15234	0.01059	0.00664	0.03126	0.00150	0.01622	0.00505	0.00319	0.00576
9	0.00653	0.00421	0.00524	0.00517	0.00551	0.00433	0.00334	0.00698	0.00647	0.04930	0.01298	0.05329	0.01402	0.58714	0.21421	0.00439	0.00557	0.00571	0.00259	0.00302
10	0.00549	0.00404	0.00513	0.00581	0.00630	0.00388	0.00398	0.02315	0.04698	0.01138	0.05500	0.71851	0.07086	0.01204	0.00513	0.00161	0.00243	0.01084	0.00386	0.00359
