[name]
unknown

[dist]
# distance from previous block
# <min> <max>
8	54

[block]
# block no. 0 follows, 66 sequences, length 28
# corresponding to MSA columns:
# 59-86
name=unknown_A
#
# <colnr> <probs for GDERKNQSTAVLIFYWHMCP>
#	G	D	E	R	K	N	Q	S	T	A	V	L	I	F	Y	W	H	M	C	P
0	0.07585	0.00944	0.02479	0.01244	0.23138	0.02673	0.00811	0.28489	0.04379	0.07228	0.04687	0.01381	0.09184	0.00523	0.00435	0.00126	0.03349	0.00422	0.00329	0.00594
1	0.02406	0.03546	0.02999	0.04463	0.21034	0.09974	0.01856	0.26407	0.11643	0.07484	0.02314	0.01075	0.00783	0.00455	0.00411	0.00123	0.01726	0.00368	0.00316	0.00619
2	0.01155	0.03058	0.01286	0.02857	0.32991	0.19855	0.00908	0.13766	0.04711	0.02645	0.02860	0.05392	0.04267	0.00495	0.00419	0.00121	0.01970	0.00410	0.00269	0.00568
3	0.02916	0.08675	0.09238	0.01174	0.18359	0.06738	0.00844	0.22857	0.05570	0.01621	0.07728	0.07189	0.04280	0.00539	0.00401	0.00123	0.00433	0.00444	0.00303	0.00569
4	0.02726	0.23304	0.27466	0.00889	0.01267	0.06372	0.01940	0.10221	0.05115	0.05287	0.01003	0.01082	0.05191	0.00608	0.05716	0.00150	0.00527	0.00337	0.00245	0.00554
5	0.00831	0.00580	0.00646	0.00614	0.00762	0.03651	0.00459	0.01127	0.15260	0.13421	0.10954	0.27075	0.19559	0.00880	0.00461	0.00140	0.00275	0.00761	0.00400	0.02143
6	0.01041	0.10337	0.12063	0.04160	0.16198	0.07403	0.04600	0.09284	0.07718	0.06661	0.02765	0.10892	0.02236	0.00546	0.00406	0.00127	0.00457	0.02268	0.00283	0.00555
7	0.01451	0.08971	0.07493	0.00979	0.07342	0.01045	0.00798	0.35230	0.06121	0.24790	0.01116	0.01082	0.00777	0.00465	0.00391	0.00121	0.00424	0.00364	0.00378	0.00661
8	0.00537	0.00418	0.00498	0.00574	0.00613	0.03483	0.00390	0.00616	0.00817	0.01069	0.06710	0.74689	0.05663	0.01205	0.00509	0.00159	0.00250	0.01086	0.00374	0.00338
9	0.01454	0.00743	0.01075	0.01145	0.21413	0.00689	0.00738	0.01687	0.05591	0.50876	0.06958	0.01472	0.03259	0.00506	0.00413	0.00125	0.00364	0.00433	0.00415	0.00646
10	0.01067	0.08452	0.39236	0.08088	0.12598	0.00930	0.04327	0.01394	0.00925	0.17841	0.00898	0.00993	0.00637	0.00403	0.00387	0.00124	0.00517	0.00335	0.00244	0.00603
11	0.01033	0.00976	0.01638	0.02388	0.77023	0.00982	0.02864	0.05703	0.00979	0.01393	0.00776	0.01004	0.00645	0.00368	0.00403	0.00121	0.00484	0.00364	0.00212	0.00643
12	0.00509	0.00425	0.00474	0.00483	0.00587	0.00391	0.00357	0.00607	0.00885	0.01096	0.06397	0.20906	0.58647	0.01054	0.00535	0.00145	0.04899	0.00887	0.00368	0.00347
13	0.01020	0.00892	0.01450	0.14266	0.57209	0.00918	0.01112	0.03763	0.04147	0.06687	0.00978	0.01167	0.03750	0.00413	0.00406	0.00124	0.00464	0.00387	0.00239	0.00608
14	0.01181	0.00948	0.06179	0.11021	0.17191	0.00860	0.24710	0.04015	0.01012	0.24299	0.01082	0.03079	0.01606	0.00433	0.00429	0.00130	0.00507	0.00429	0.00295	0.00595
15	0.01086	0.01083	0.01413	0.19095	0.29458	0.14915	0.07065	0.12068	0.01056	0.01349	0.00811	0.04124	0.00678	0.00442	0.00441	0.00126	0.03623	0.00383	0.00231	0.00554
16	0.01558	0.00932	0.07332	0.00923	0.04399	0.06046	0.06367	0.01842	0.08578	0.55542	0.01390	0.01277	0.00917	0.00476	0.00409	0.00126	0.00416	0.00398	0.00418	0.00653
17	0.00696	0.00647	0.07533	0.00937	0.13701	0.00532	0.00638	0.02387	0.02426	0.04172	0.01824	0.50790	0.04257	0.00955	0.00474	0.00149	0.00320	0.03972	0.00334	0.03256
18	0.01014	0.01469	0.38967	0.02699	0.18149	0.03645	0.09783	0.03251	0.00948	0.11124	0.00916	0.04607	0.00707	0.00432	0.00407	0.00128	0.00539	0.00382	0.00236	0.00598
19	0.01120	0.05845	0.11720	0.06435	0.31989	0.21967	0.10058	0.01359	0.00972	0.03695	0.00743	0.00924	0.00592	0.00383	0.00392	0.00118	0.00579	0.00335	0.00206	0.00567
20	0.00952	0.01026	0.06977	0.07852	0.31782	0.01880	0.27215	0.01225	0.00910	0.03125	0.00856	0.02246	0.00713	0.00423	0.00479	0.00132	0.04930	0.03677	0.00215	0.03386
21	0.00941	0.00989	0.10133	0.03004	0.35148	0.00860	0.14712	0.03754	0.03460	0.05378	0.01175	0.11756	0.04599	0.00527	0.00445	0.00132	0.01663	0.00502	0.00256	0.00567
22	0.05351	0.09180	0.17513	0.07259	0.21116	0.03502	0.10953	0.03276	0.03239	0.06421	0.03489	0.03035	0.00772	0.00420	0.00390	0.00122	0.00495	0.00373	0.00237	0.02855
23	0.05295	0.04013	0.17381	0.01981	0.07511	0.02248	0.16495	0.06679	0.05965	0.07102	0.05350	0.10663	0.02103	0.00554	0.00454	0.00134	0.03264	0.01989	0.00282	0.00539
24	0.01840	0.05232	0.11456	0.02090	0.15311	0.03430	0.11605	0.09673	0.05884	0.08705	0.06877	0.02220	0.04854	0.00481	0.00432	0.00123	0.02780	0.00419	0.00287	0.06302
25	0.02237	0.06782	0.26466	0.02566	0.12527	0.03965	0.08321	0.05443	0.08906	0.07417	0.01947	0.07093	0.00853	0.00473	0.00399	0.00125	0.00486	0.00409	0.00261	0.03321
26	0.02344	0.03603	0.09310	0.01131	0.12950	0.06447	0.07857	0.13340	0.08451	0.09607	0.09359	0.02203	0.01053	0.00471	0.00409	0.00119	0.01299	0.00402	0.00309	0.09336
27	0.02685	0.13095	0.27006	0.02888	0.04968	0.02994	0.04670	0.08631	0.08079	0.05390	0.07017	0.01109	0.00889	0.00472	0.01572	0.00124	0.00475	0.00353	0.00262	0.07321

[dist]
# distance from previous block
# <min> <max>
0	46

[block]
# block no. 1 follows, 66 sequences, length 187
# corresponding to MSA columns:
# 133-180,185-323
name=unknown_B
#
# <colnr> <probs for GDERKNQSTAVLIFYWHMCP>
#	G	D	E	R	K	N	Q	S	T	A	V	L	I	F	Y	W	H	M	C	P
0	0.03335	0.05950	0.22566	0.02533	0.05093	0.04935	0.05824	0.15193	0.05239	0.13354	0.03924	0.01132	0.02022	0.01477	0.00409	0.00123	0.00471	0.00365	0.00297	0.05757
1	0.03617	0.09285	0.21682	0.00959	0.05632	0.04879	0.04414	0.07602	0.09781	0.09255	0.10925	0.01392	0.05386	0.00501	0.00394	0.00122	0.00435	0.00411	0.00300	0.03030
2	0.01031	0.12454	0.22708	0.01206	0.15825	0.03386	0.05261	0.07563	0.08930	0.07415	0.05140	0.01243	0.05156	0.00463	0.00392	0.00122	0.00467	0.00387	0.00270	0.00584
3	0.04545	0.09730	0.28139	0.00964	0.04503	0.04664	0.03841	0.06317	0.12464	0.04323	0.11945	0.01318	0.03061	0.00487	0.00390	0.00123	0.00449	0.00396	0.00282	0.02061
4	0.03090	0.04897	0.33287	0.01078	0.06508	0.03221	0.07695	0.11702	0.03903	0.02429	0.07859	0.04106	0.05829	0.00518	0.00410	0.00128	0.00483	0.02034	0.00268	0.00555
5	0.06076	0.20894	0.23095	0.00920	0.02985	0.05025	0.05257	0.07094	0.03873	0.06098	0.08769	0.02104	0.01968	0.00458	0.00379	0.00117	0.01553	0.00360	0.00259	0.02716
6	0.03032	0.12393	0.25359	0.00924	0.02290	0.07535	0.03749	0.11516	0.03030	0.07367	0.03743	0.00969	0.00727	0.00408	0.00362	0.00109	0.00474	0.00317	0.00259	0.15437
7	0.03762	0.21363	0.30438	0.02098	0.04548	0.09700	0.02552	0.10638	0.06599	0.01359	0.00771	0.00871	0.00598	0.00440	0.01454	0.00123	0.01589	0.00301	0.00224	0.00570
8	0.09384	0.05672	0.20008	0.00922	0.02391	0.03779	0.04881	0.17223	0.05929	0.17048	0.02469	0.01036	0.00750	0.00435	0.00376	0.00120	0.00450	0.00343	0.00314	0.06470
9	0.08567	0.05575	0.44356	0.01066	0.06899	0.00956	0.01113	0.08686	0.04681	0.03799	0.02094	0.00946	0.00649	0.00470	0.02363	0.00134	0.01414	0.00317	0.00232	0.05683
10	0.00956	0.02176	0.20539	0.01185	0.16026	0.08589	0.04605	0.03640	0.02189	0.05123	0.04330	0.10487	0.00976	0.00501	0.00411	0.00118	0.01871	0.00428	0.00254	0.15597
11	0.03055	0.05035	0.09272	0.03569	0.17193	0.04411	0.06499	0.08649	0.19881	0.02717	0.04082	0.05195	0.03875	0.00521	0.00449	0.00130	0.04165	0.00440	0.00292	0.00570
12	0.00602	0.00438	0.00523	0.00540	0.03285	0.00423	0.00333	0.00679	0.02121	0.00991	0.11031	0.06042	0.11458	0.51750	0.04316	0.00305	0.00363	0.00632	0.00290	0.03877
13	0.00961	0.03438	0.37008	0.02793	0.13358	0.04954	0.07750	0.06831	0.12076	0.01415	0.03679	0.01063	0.00766	0.00429	0.00414	0.00127	0.01746	0.00362	0.00239	0.00593
14	0.01409	0.03072	0.01173	0.00904	0.01202	0.01205	0.00741	0.63225	0.16154	0.02317	0.01101	0.02554	0.00816	0.00512	0.00419	0.00125	0.01612	0.00392	0.00398	0.00668
15	0.00590	0.00393	0.00442	0.00442	0.00442	0.00393	0.00246	0.00590	0.00590	0.00787	0.01278	0.02655	0.01475	0.85742	0.02065	0.00393	0.00393	0.00590	0.00246	0.00246
16	0.02317	0.03810	0.04929	0.08621	0.11030	0.08881	0.02556	0.30151	0.09665	0.08422	0.01040	0.04957	0.00812	0.00489	0.00402	0.00125	0.00465	0.00397	0.00326	0.00605
17	0.03562	0.25002	0.49929	0.01026	0.01520	0.01146	0.05229	0.05913	0.00908	0.01284	0.00697	0.00813	0.00529	0.00378	0.00353	0.00117	0.00541	0.00287	0.00190	0.00576
18	0.00508	0.00359	0.00467	0.00547	0.00567	0.00339	0.00357	0.00569	0.00749	0.00999	0.02095	0.73293	0.02506	0.13697	0.00745	0.00198	0.00259	0.01070	0.00357	0.00317
19	0.19166	0.22070	0.03052	0.01207	0.21009	0.24938	0.00817	0.01335	0.00915	0.01240	0.00634	0.00766	0.00534	0.00378	0.00325	0.00109	0.00510	0.00267	0.00206	0.00521
20	0.00497	0.00359	0.00471	0.00555	0.00587	0.00333	0.00374	0.00575	0.00801	0.01066	0.06069	0.77914	0.06419	0.01239	0.00514	0.00162	0.00232	0.01120	0.00380	0.00333
21	0.00651	0.00518	0.00703	0.00699	0.06265	0.00497	0.03170	0.04550	0.01109	0.01527	0.54580	0.02843	0.17718	0.00799	0.00490	0.00130	0.02241	0.00696	0.00401	0.00414
22	0.00877	0.03601	0.00968	0.00671	0.01028	0.00632	0.04270	0.02985	0.03658	0.01351	0.00758	0.00873	0.00623	0.00317	0.00314	0.00069	0.00327	0.00261	0.00246	0.76173
23	0.00876	0.18584	0.63728	0.01050	0.01583	0.01076	0.01301	0.01311	0.04637	0.01239	0.00739	0.00846	0.00549	0.00386	0.00362	0.00121	0.00554	0.00291	0.00183	0.00586
24	0.00491	0.00366	0.00458	0.00531	0.00580	0.00332	0.00362	0.00569	0.00809	0.01049	0.02650	0.67471	0.20422	0.01217	0.00509	0.00159	0.00229	0.01088	0.00377	0.00332
25	0.00556	0.00465	0.00705	0.00676	0.00779	0.00426	0.10559	0.00675	0.00850	0.01104	0.04544	0.50541	0.21824	0.01080	0.00504	0.00154	0.00288	0.03551	0.00357	0.00363
26	0.02305	0.07218	0.60847	0.01138	0.01668	0.00967	0.09926	0.01346	0.01936	0.07761	0.00806	0.00916	0.00572	0.00390	0.00387	0.00127	0.00570	0.00323	0.00206	0.00594
27	0.01695	0.00802	0.01000	0.00776	0.01086	0.00774	0.00638	0.19485	0.07736	0.59319	0.01467	0.01302	0.00954	0.00503	0.00408	0.00126	0.00365	0.00403	0.00474	0.00687
28	0.00630	0.00390	0.00397	0.00402	0.00510	0.00361	0.00299	0.00777	0.00876	0.01317	0.02500	0.07322	0.34195	0.00742	0.00376	0.00116	0.00198	0.00616	0.47616	0.00361
29	0.00973	0.10154	0.26963	0.01573	0.25056	0.01009	0.18689	0.01288	0.00914	0.05374	0.02722	0.01007	0.00676	0.00385	0.00412	0.00124	0.01517	0.00364	0.00210	0.00590
30	0.05073	0.01316	0.02402	0.01311	0.14913	0.30599	0.13435	0.09139	0.04163	0.10954	0.00862	0.00963	0.00652	0.00421	0.00412	0.00120	0.02085	0.00347	0.00268	0.00564
31	0.00539	0.00385	0.00522	0.00616	0.00659	0.00368	0.00454	0.00642	0.00821	0.01086	0.02212	0.62888	0.02586	0.01229	0.00530	0.00171	0.00274	0.23303	0.00376	0.00342
32	0.01275	0.01477	0.01384	0.01726	0.39849	0.44957	0.01001	0.01444	0.01043	0.01150	0.00691	0.00860	0.00579	0.00391	0.00383	0.00112	0.00614	0.00308	0.00205	0.00551
33	0.00586	0.00408	0.00517	0.00517	0.00542	0.00434	0.00338	0.00638	0.00612	0.00841	0.01211	0.02280	0.01312	0.56531	0.31053	0.00485	0.00638	0.00535	0.00236	0.00287
34	0.01159	0.09569	0.03272	0.04768	0.03281	0.02043	0.00725	0.14107	0.45835	0.08848	0.01331	0.01273	0.00987	0.00499	0.00394	0.00128	0.00380	0.00402	0.00370	0.00629
35	0.01015	0.00972	0.01654	0.02393	0.76563	0.00974	0.04463	0.03164	0.02390	0.01360	0.00786	0.01016	0.00653	0.00367	0.00405	0.00121	0.00486	0.00368	0.00210	0.00640
36	0.00841	0.00721	0.00841	0.00601	0.00961	0.00541	0.00481	0.01022	0.00841	0.01322	0.00721	0.00841	0.00601	0.00300	0.00300	0.00060	0.00300	0.00240	0.00240	0.88222
37	0.01009	0.00872	0.00917	0.00826	0.01055	0.01009	0.00642	0.02156	0.82478	0.01697	0.01651	0.01514	0.01238	0.00550	0.00413	0.00138	0.00321	0.00459	0.00413	0.00642
38	0.00839	0.00830	0.07370	0.00645	0.01024	0.00572	0.00561	0.01042	0.00842	0.01319	0.00722	0.00842	0.00594	0.00307	0.00307	0.00065	0.00324	0.00245	0.00235	0.81313
39	0.00480	0.00411	0.00411	0.00411	0.00548	0.00343	0.00308	0.00582	0.00925	0.01096	0.04110	0.03905	0.83046	0.01028	0.00480	0.00137	0.00206	0.00856	0.00377	0.00343
40	0.00958	0.01094	0.02394	0.01710	0.02120	0.01026	0.81737	0.01300	0.00958	0.01300	0.00821	0.01094	0.00616	0.00342	0.00479	0.00137	0.00684	0.00479	0.00205	0.00547
41	0.01631	0.00803	0.00985	0.00763	0.01063	0.00781	0.00628	0.26448	0.01376	0.51624	0.04243	0.01380	0.03099	0.00521	0.00408	0.00124	0.00364	0.00417	0.02679	0.00663
42	0.02260	0.01336	0.30765	0.09460	0.23434	0.00926	0.13686	0.02420	0.00929	0.09674	0.00841	0.01006	0.00618	0.00387	0.00407	0.00128	0.00544	0.00360	0.00223	0.00597
43	0.01691	0.00897	0.01070	0.00820	0.01139	0.00904	0.00677	0.39060	0.01508	0.45919	0.01310	0.01192	0.00858	0.00495	0.00407	0.00124	0.00392	0.00388	0.00457	0.00690
44	0.00481	0.00404	0.00418	0.00430	0.00553	0.00341	0.00317	0.00580	0.00906	0.01088	0.03877	0.14056	0.73046	0.01058	0.00484	0.00140	0.00209	0.00893	0.00377	0.00341
45	0.03772	0.00723	0.00833	0.00599	0.00956	0.00553	0.00479	0.01027	0.00836	0.01339	0.00716	0.00835	0.00596	0.00303	0.00299	0.00062	0.00301	0.00240	0.00241	0.85291
46	0.00928	0.00746	0.00976	0.00789	0.00979	0.00800	0.00645	0.01068	0.00771	0.09532	0.00784	0.01001	0.00665	0.00791	0.10469	0.00179	0.31410	0.00322	0.00241	0.36903
47	0.03823	0.00718	0.00949	0.00730	0.01043	0.00641	0.00603	0.06506	0.01193	0.76985	0.01541	0.01341	0.00973	0.00498	0.00404	0.00125	0.00350	0.00401	0.00491	0.00685
48	0.00494	0.00354	0.00469	0.00561	0.00588	0.00330	0.00375	0.00565	0.00780	0.01037	0.02280	0.83580	0.04552	0.01265	0.00517	0.00164	0.00235	0.01146	0.00377	0.00330
49	0.00990	0.01539	0.42909	0.01512	0.21320	0.02000	0.12903	0.01351	0.00921	0.09480	0.00835	0.00977	0.00608	0.00385	0.00405	0.00127	0.00560	0.00351	0.00217	0.00610
50	0.88607	0.00785	0.00596	0.00534	0.00785	0.00910	0.00439	0.01193	0.00690	0.01820	0.00565	0.00659	0.00439	0.00377	0.00251	0.00126	0.00314	0.00220	0.00251	0.00439
51	0.01062	0.01039	0.01378	0.24496	0.33674	0.11844	0.01065	0.11040	0.01017	0.01324	0.00740	0.00976	0.00596	0.00425	0.00476	0.00127	0.07597	0.00348	0.00219	0.00557
52	0.01085	0.85986	0.02126	0.00694	0.01041	0.01605	0.00694	0.01215	0.00824	0.00955	0.00564	0.00651	0.00521	0.00347	0.00260	0.00087	0.00434	0.00217	0.00174	0.00521
53	0.00484	0.00410	0.00418	0.00418	0.00551	0.00344	0.00313	0.00589	0.00930	0.01115	0.07146	0.05768	0.78084	0.01025	0.00480	0.00137	0.00206	0.00858	0.00379	0.00344
54	0.00483	0.00411	0.00416	0.00415	0.00550	0.00344	0.00311	0.00590	0.00934	0.01117	0.07286	0.03869	0.79857	0.01020	0.00479	0.00137	0.00205	0.00851	0.00380	0.00344
55	0.88607	0.00785	0.00596	0.00534	0.00785	0.00910	0.00439	0.01193	0.00690	0.01820	0.00565	0.00659	0.00439	0.00377	0.00251	0.00126	0.00314	0.00220	0.00251	0.00439
56	0.00491	0.00366	0.00458	0.00531	0.00580	0.00332	0.00362	0.00569	0.00809	0.01049	0.02648	0.67533	0.20361	0.01217	0.00509	0.00159	0.00229	0.01088	0.00377	0.00332
57	0.01820	0.00690	0.00942	0.00722	0.01036	0.00596	0.00596	0.01977	0.01161	0.83492	0.01601	0.01381	0.01004	0.00502	0.00408	0.00126	0.00345	0.00408	0.00502	0.00690
58	0.00920	0.01079	0.05512	0.01589	0.01981	0.00970	0.71824	0.01255	0.00969	0.01326	0.07568	0.01244	0.00875	0.00384	0.00475	0.00136	0.00640	0.00493	0.00224	0.00536
59	0.01009	0.00872	0.00917	0.00826	0.01055	0.01009	0.00642	0.02156	0.82478	0.01697	0.01651	0.01514	0.01238	0.00550	0.00413	0.00138	0.00321	0.00459	0.00413	0.00642
60	0.88607	0.00785	0.00596	0.00534	0.00785	0.00910	0.00439	0.01193	0.00690	0.01820	0.00565	0.00659	0.00439	0.00377	0.00251	0.00126	0.00314	0.00220	0.00251	0.00439
61	0.01542	0.01136	0.01218	0.00933	0.01258	0.01258	0.00771	0.81858	0.01908	0.02557	0.00974	0.00974	0.00690	0.00487	0.00406	0.00122	0.00446	0.00365	0.00406	0.00690
62	0.88607	0.00785	0.00596	0.00534	0.00785	0.00910	0.00439	0.01193	0.00690	0.01820	0.00565	0.00659	0.00439	0.00377	0.00251	0.00126	0.00314	0.00220	0.00251	0.00439
63	0.01004	0.00964	0.01647	0.02490	0.83211	0.00964	0.01245	0.01245	0.00924	0.01325	0.00763	0.01004	0.00643	0.00361	0.00402	0.00120	0.00482	0.00361	0.00201	0.00643
64	0.01009	0.00872	0.00917	0.00826	0.01055	0.01009	0.00642	0.02156	0.82478	0.01697	0.01651	0.01514	0.01238	0.00550	0.00413	0.00138	0.00321	0.00459	0.00413	0.00642
65	0.01820	0.00690	0.00942	0.00722	0.01036	0.00596	0.00596	0.01977	0.01161	0.83492	0.01601	0.01381	0.01004	0.00502	0.00408	0.00126	0.00345	0.00408	0.00502	0.00690
66	0.01820	0.00690	0.00942	0.00722	0.01036	0.00596	0.00596	0.01977	0.01161	0.83492	0.01601	0.01381	0.01004	0.00502	0.00408	0.00126	0.00345	0.00408	0.00502	0.00690
67	0.00590	0.00393	0.00442	0.00442	0.00442	0.00393	0.00246	0.00590	0.00590	0.00787	0.01278	0.02655	0.01475	0.85742	0.02065	0.00393	0.00393	0.00590	0.00246	0.00246
68	0.01820	0.00690	0.00942	0.00722	0.01036	0.00596	0.00596	0.01977	0.01161	0.83492	0.01601	0.01381	0.01004	0.00502	0.00408	0.00126	0.00345	0.00408	0.00502	0.00690
69	0.00480	0.00408	0.00414	0.00418	0.00550	0.00342	0.00312	0.00581	0.00918	0.01093	0.04019	0.07849	0.79161	0.01039	0.00481	0.00138	0.00207	0.00871	0.00377	0.00342
70	0.00841	0.00721	0.00841	0.00601	0.00961	0.00541	0.00481	0.01022	0.00841	0.01322	0.00721	0.00841	0.00601	0.00300	0.00300	0.00060	0.00300	0.00240	0.00240	0.88222
71	0.00490	0.00411	0.00426	0.00422	0.00555	0.00347	0.00317	0.00603	0.00950	0.01156	0.13061	0.03805	0.74057	0.01005	0.00479	0.00136	0.00204	0.00842	0.00385	0.00347
72	0.00494	0.00353	0.00471	0.00565	0.00588	0.00330	0.00377	0.00565	0.00777	0.01036	0.02236	0.85477	0.02683	0.01271	0.00518	0.00165	0.00235	0.01153	0.00377	0.00330
73	0.01213	0.01479	0.01824	0.01405	0.01723	0.39101	0.44640	0.01446	0.01046	0.01159	0.00732	0.00928	0.00573	0.00377	0.00427	0.00122	0.00706	0.00379	0.00207	0.00512
74	0.01375	0.00889	0.01376	0.10427	0.08554	0.00888	0.17138	0.16502	0.04473	0.32382	0.01159	0.01187	0.00794	0.00446	0.00421	0.00128	0.00465	0.00407	0.00359	0.00629
75	0.00494	0.00353	0.00471	0.00565	0.00588	0.00330	0.00377	0.00565	0.00777	0.01036	0.02236	0.85477	0.02683	0.01271	0.00518	0.00165	0.00235	0.01153	0.00377	0.00330
76	0.00695	0.00359	0.00538	0.00538	0.00543	0.00364	0.00364	0.00543	0.00538	0.00722	0.00733	0.01260	0.00728	0.01532	0.07767	0.81641	0.00407	0.00359	0.00179	0.00190
77	0.00851	0.07989	0.22058	0.01001	0.02318	0.02292	0.00958	0.01093	0.04009	0.01081	0.00724	0.01000	0.00635	0.00962	0.14387	0.00231	0.37384	0.00346	0.00192	0.00487
78	0.01365	0.43591	0.02722	0.00834	0.04902	0.01152	0.03500	0.02958	0.00983	0.32831	0.00991	0.00973	0.00719	0.00410	0.00336	0.00106	0.00413	0.00310	0.00307	0.00597
79	0.01017	0.01022	0.02094	0.03798	0.11692	0.00961	0.60216	0.01324	0.00960	0.07452	0.00865	0.01093	0.00645	0.00356	0.00454	0.00130	0.00613	0.00445	0.00228	0.04635
80	0.00988	0.00949	0.04381	0.02367	0.01479	0.00928	0.32444	0.10415	0.22953	0.03972	0.01288	0.12501	0.01100	0.00557	0.00453	0.00139	0.00480	0.01727	0.00316	0.00562
81	0.00889	0.00725	0.00856	0.00637	0.00965	0.00596	0.00510	0.03155	0.04652	0.04404	0.00821	0.00940	0.00670	0.00491	0.05168	0.00104	0.02146	0.00274	0.00260	0.71737
82	0.00650	0.00548	0.00679	0.00675	0.00755	0.07089	0.00518	0.00785	0.00696	0.00947	0.01107	0.05437	0.01061	0.04237	0.72177	0.00582	0.01007	0.00457	0.00225	0.00367
83	0.00584	0.00417	0.00565	0.00565	0.00607	0.00460	0.00398	0.00668	0.00626	0.00877	0.01167	0.02036	0.01206	0.37511	0.49928	0.00544	0.00798	0.00499	0.00229	0.00314
84	0.12318	0.00669	0.00832	0.00658	0.00937	0.00617	0.00540	0.02969	0.01075	0.61805	0.01429	0.01303	0.00935	0.00483	0.00373	0.00122	0.00323	0.00380	0.11614	0.00620
85	0.00674	0.00381	0.00422	0.00451	0.00525	0.00376	0.00323	0.00846	0.02724	0.01356	0.01638	0.29758	0.01597	0.00743	0.00365	0.00119	0.00208	0.00641	0.56482	0.00368
86	0.00552	0.00414	0.00512	0.00487	0.00593	0.00373	0.00365	0.00723	0.01096	0.01503	0.64637	0.03234	0.22265	0.00876	0.00479	0.00130	0.00195	0.00762	0.00430	0.00373
87	0.00508	0.00363	0.00487	0.00581	0.00610	0.00342	0.00401	0.00589	0.00790	0.01051	0.02228	0.78432	0.02653	0.01258	0.00522	0.00167	0.00247	0.08061	0.00376	0.00333
88	0.01697	0.00709	0.00935	0.00724	0.01022	0.00639	0.00595	0.09108	0.01228	0.69716	0.07962	0.01474	0.01199	0.00527	0.00413	0.00125	0.00342	0.00430	0.00489	0.00666
89	0.00841	0.00721	0.00841	0.00601	0.00961	0.00541	0.00481	0.01022	0.00841	0.01322	0.00721	0.00841	0.00601	0.00300	0.00300	0.00060	0.00300	0.00240	0.00240	0.88222
90	0.01009	0.00872	0.00917	0.00826	0.01055	0.01009	0.00642	0.02156	0.82478	0.01697	0.01651	0.01514	0.01238	0.00550	0.00413	0.00138	0.00321	0.00459	0.00413	0.00642
91	0.00766	0.00721	0.01217	0.84767	0.02794	0.00901	0.01127	0.01037	0.00811	0.01037	0.00721	0.01082	0.00541	0.00406	0.00406	0.00135	0.00541	0.00361	0.00180	0.00451
92	0.00814	0.02099	0.83640	0.01156	0.01756	0.00942	0.01499	0.01285	0.00857	0.01285	0.00728	0.00857	0.00514	0.00385	0.00385	0.00128	0.00600	0.00300	0.00171	0.00600
93	0.00494	0.00353	0.00471	0.00565	0.00588	0.00330	0.00377	0.00565	0.00777	0.01036	0.02236	0.85477	0.02683	0.01271	0.00518	0.00165	0.00235	0.01153	0.00377	0.00330
94	0.01820	0.00690	0.00942	0.00722	0.01036	0.00596	0.00596	0.01977	0.01161	0.83492	0.01601	0.01381	0.01004	0.00502	0.00408	0.00126	0.00345	0.00408	0.00502	0.00690
95	0.00730	0.00665	0.01240	0.00994	0.01176	0.00663	0.30183	0.00914	0.00769	0.02154	0.01123	0.08220	0.01086	0.17336	0.30463	0.00370	0.00733	0.00536	0.00235	0.00410
96	0.00958	0.01094	0.02394	0.01710	0.02120	0.01026	0.81737	0.01300	0.00958	0.01300	0.00821	0.01094	0.00616	0.00342	0.00479	0.00137	0.00684	0.00479	0.00205	0.00547
97	0.00494	0.00423	0.00424	0.00422	0.00561	0.00360	0.00317	0.00624	0.03093	0.01112	0.04045	0.03841	0.80872	0.01015	0.00478	0.00137	0.00209	0.00846	0.00378	0.00350
98	0.00993	0.00949	0.01627	0.13562	0.62063	0.00974	0.07553	0.04961	0.00957	0.01341	0.00772	0.01020	0.00629	0.00372	0.00408	0.00124	0.00504	0.00371	0.00208	0.00611
99	0.00866	0.11420	0.64215	0.01235	0.08115	0.01023	0.05111	0.01275	0.00863	0.01251	0.00717	0.00856	0.00530	0.00377	0.00377	0.00124	0.00576	0.00304	0.00175	0.00592
100	0.01017	0.00882	0.01005	0.00877	0.01118	0.01005	0.05463	0.02103	0.76580	0.02731	0.01601	0.01487	0.01198	0.00537	0.00417	0.00137	0.00343	0.00459	0.00402	0.00637
101	0.00590	0.00393	0.00442	0.00442	0.00442	0.00393	0.00246	0.00590	0.00590	0.00787	0.01278	0.02655	0.01475	0.85742	0.02065	0.00393	0.00393	0.00590	0.00246	0.00246
102	0.01072	0.82094	0.05908	0.00716	0.01074	0.01575	0.00732	0.01218	0.00826	0.00970	0.00572	0.00660	0.00520	0.00349	0.00266	0.00089	0.00442	0.00221	0.00173	0.00524
103	0.01692	0.00881	0.01077	0.00824	0.01144	0.00877	0.01872	0.35041	0.01467	0.48763	0.01330	0.01208	0.00868	0.00494	0.00408	0.00124	0.00392	0.00391	0.00458	0.00688
104	0.00494	0.00354	0.00469	0.00561	0.00588	0.00330	0.00375	0.00565	0.00780	0.01037	0.02280	0.83554	0.04578	0.01265	0.00517	0.00164	0.00235	0.01146	0.00377	0.00330
105	0.88607	0.00785	0.00596	0.00534	0.00785	0.00910	0.00439	0.01193	0.00690	0.01820	0.00565	0.00659	0.00439	0.00377	0.00251	0.00126	0.00314	0.00220	0.00251	0.00439
106	0.08921	0.00985	0.01061	0.00841	0.01128	0.01073	0.00686	0.57775	0.03792	0.09616	0.02562	0.07697	0.00924	0.00548	0.00403	0.00126	0.00401	0.00428	0.00400	0.00633
107	0.13925	0.03155	0.07372	0.00762	0.00987	0.13149	0.00636	0.14149	0.04274	0.09119	0.03288	0.23737	0.02444	0.00680	0.00405	0.00132	0.00400	0.00555	0.00331	0.00498
108	0.00654	0.00467	0.00654	0.00747	0.00841	0.00467	0.00654	0.00841	0.00934	0.01214	0.02148	0.04576	0.02335	0.01121	0.00560	0.00187	0.00374	0.80480	0.00374	0.00374
109	0.88607	0.00785	0.00596	0.00534	0.00785	0.00910	0.00439	0.01193	0.00690	0.01820	0.00565	0.00659	0.00439	0.00377	0.00251	0.00126	0.00314	0.00220	0.00251	0.00439
110	0.00562	0.00387	0.00512	0.00548	0.00608	0.00358	0.00385	0.00682	0.00933	0.03535	0.33902	0.50820	0.03086	0.01077	0.00499	0.00149	0.00221	0.00968	0.00408	0.00360
111	0.00785	0.00740	0.01251	0.78279	0.09135	0.00906	0.01136	0.01053	0.00820	0.01059	0.00724	0.01076	0.00549	0.00402	0.00405	0.00134	0.00536	0.00361	0.00182	0.00466
112	0.01255	0.00911	0.00972	0.00796	0.01051	0.01010	0.00641	0.42421	0.24511	0.04244	0.01246	0.01236	0.00917	0.00503	0.00386	0.00121	0.00361	0.00395	0.16403	0.00620
113	0.00927	0.00644	0.00728	0.00640	0.00815	0.00680	0.00499	0.12527	0.22421	0.06467	0.30912	0.01979	0.02049	0.00626	0.00412	0.00123	0.00269	0.00528	0.16245	0.00510
114	0.00782	0.00447	0.00459	0.00445	0.00558	0.00464	0.00337	0.01102	0.11981	0.01543	0.05157	0.01583	0.01196	0.00500	0.00310	0.00102	0.00207	0.00406	0.72005	0.00414
115	0.00490	0.00410	0.00426	0.00424	0.00555	0.00347	0.00317	0.00601	0.00946	0.01151	0.12378	0.05297	0.73247	0.01011	0.00480	0.00137	0.00205	0.00849	0.00384	0.00347
116	0.00589	0.00429	0.00551	0.00518	0.00619	0.00398	0.00391	0.02235	0.01150	0.01616	0.77041	0.03053	0.06936	0.00836	0.00479	0.00129	0.00200	0.02002	0.00442	0.00387
117	0.88607	0.00785	0.00596	0.00534	0.00785	0.00910	0.00439	0.01193	0.00690	0.01820	0.00565	0.00659	0.00439	0.00377	0.00251	0.00126	0.00314	0.00220	0.00251	0.00439
118	0.88607	0.00785	0.00596	0.00534	0.00785	0.00910	0.00439	0.01193	0.00690	0.01820	0.00565	0.00659	0.00439	0.00377	0.00251	0.00126	0.00314	0.00220	0.00251	0.00439
119	0.00654	0.00467	0.00654	0.00747	0.00841	0.00467	0.00654	0.00841	0.00934	0.01214	0.02148	0.04576	0.02335	0.01121	0.00560	0.00187	0.00374	0.80480	0.00374	0.00374
120	0.01296	0.41838	0.01612	0.00857	0.01146	0.35413	0.00732	0.08477	0.01054	0.01121	0.00630	0.00717	0.00538	0.00387	0.00317	0.00096	0.00554	0.00249	0.00210	0.02754
121	0.00651	0.00466	0.00649	0.00741	0.00835	0.00465	0.00648	0.00836	0.00934	0.01212	0.02183	0.04564	0.03780	0.01119	0.00559	0.00186	0.00371	0.79054	0.00374	0.00373
122	0.00611	0.00451	0.00594	0.00664	0.00766	0.00435	0.00566	0.00777	0.00934	0.01195	0.04639	0.06105	0.19895	0.01096	0.00540	0.00174	0.00330	0.59485	0.00376	0.00366
123	0.01012	0.63393	0.24079	0.00819	0.01234	0.01427	0.00911	0.01234	0.00833	0.01043	0.00608	0.00706	0.00519	0.00357	0.00294	0.00098	0.00479	0.00239	0.00173	0.00542
124	0.00958	0.01094	0.02394	0.01710	0.02120	0.01026	0.81737	0.01300	0.00958	0.01300	0.00821	0.01094	0.00616	0.00342	0.00479	0.00137	0.00684	0.00479	0.00205	0.00547
125	0.01782	0.00753	0.00980	0.00751	0.01067	0.00689	0.00621	0.13118	0.01265	0.72204	0.01513	0.01324	0.00960	0.00500	0.00408	0.00125	0.00359	0.00402	0.00489	0.00690
126	0.00771	0.00721	0.01206	0.70306	0.10846	0.00867	0.01083	0.01024	0.00824	0.01068	0.00882	0.05061	0.02757	0.00457	0.00412	0.00135	0.00512	0.00410	0.00197	0.00462
127	0.01047	0.58570	0.22767	0.00839	0.01250	0.01375	0.02963	0.01270	0.00852	0.04877	0.00660	0.00748	0.00544	0.00364	0.00305	0.00100	0.00478	0.00254	0.00189	0.00549
128	0.00494	0.00353	0.00471	0.00565	0.00588	0.00330	0.00377	0.00565	0.00777	0.01036	0.02236	0.85477	0.02683	0.01271	0.00518	0.00165	0.00235	0.01153	0.00377	0.00330
129	0.00670	0.00486	0.00666	0.00751	0.00851	0.00492	0.00653	0.00902	0.04717	0.01237	0.02125	0.04434	0.02284	0.01094	0.00554	0.00185	0.00371	0.76767	0.00375	0.00386
130	0.00791	0.00746	0.01262	0.76179	0.11187	0.00908	0.01139	0.01058	0.00823	0.01067	0.00725	0.01074	0.00551	0.00401	0.00405	0.00134	0.00535	0.00361	0.00182	0.00471
131	0.00995	0.00955	0.01630	0.05665	0.80108	0.00962	0.01241	0.01237	0.00919	0.01314	0.00762	0.01007	0.00639	0.00363	0.00402	0.00121	0.00484	0.00361	0.00200	0.00635
132	0.00841	0.00721	0.00841	0.00601	0.00961	0.00541	0.00481	0.01022	0.00841	0.01322	0.00721	0.00841	0.00601	0.00300	0.00300	0.00060	0.00300	0.00240	0.00240	0.88222
133	0.00888	0.00888	0.01243	0.01065	0.01065	0.01243	0.00888	0.00976	0.00621	0.00976	0.00533	0.00888	0.00533	0.00710	0.01331	0.00178	0.84999	0.00355	0.00178	0.00444
134	0.00521	0.00413	0.00468	0.00454	0.00573	0.00360	0.00341	0.00662	0.01022	0.01327	0.38463	0.03524	0.48549	0.00941	0.00479	0.00133	0.00199	0.00803	0.00407	0.00360
135	0.00489	0.00409	0.00426	0.00426	0.00555	0.00346	0.00318	0.00599	0.00940	0.01144	0.11454	0.06990	0.72478	0.01018	0.00481	0.00137	0.00205	0.00856	0.00383	0.00346
136	0.00523	0.00413	0.00471	0.00457	0.00575	0.00361	0.00342	0.00666	0.01027	0.01339	0.40222	0.03504	0.46783	0.00937	0.00479	0.00133	0.00199	0.00800	0.00409	0.00361
137	0.02998	0.00692	0.00937	0.00719	0.01032	0.00601	0.00594	0.01967	0.01155	0.82383	0.01587	0.01371	0.00997	0.00500	0.00406	0.00126	0.00345	0.00405	0.00499	0.00687
138	0.01019	0.00876	0.00923	0.00828	0.01059	0.01014	0.00645	0.03606	0.81012	0.01713	0.01639	0.01504	0.01228	0.00549	0.00413	0.00137	0.00323	0.00457	0.00413	0.00643
139	0.00841	0.00721	0.00841	0.00601	0.00961	0.00541	0.00481	0.01022	0.00841	0.01322	0.00721	0.00841	0.00601	0.00300	0.00300	0.00060	0.00300	0.00240	0.00240	0.88222
140	0.88607	0.00785	0.00596	0.00534	0.00785	0.00910	0.00439	0.01193	0.00690	0.01820	0.00565	0.00659	0.00439	0.00377	0.00251	0.00126	0.00314	0.00220	0.00251	0.00439
141	0.00766	0.00721	0.01217	0.84767	0.02794	0.00901	0.01127	0.01037	0.00811	0.01037	0.00721	0.01082	0.00541	0.00406	0.00406	0.00135	0.00541	0.00361	0.00180	0.00451
142	0.00491	0.00366	0.00458	0.00531	0.00580	0.00332	0.00362	0.00569	0.00809	0.01049	0.02643	0.67751	0.20146	0.01218	0.00510	0.00159	0.00229	0.01089	0.00377	0.00332
143	0.00646	0.00467	0.00639	0.00715	0.00813	0.00463	0.00617	0.00844	0.02196	0.01251	0.08945	0.04374	0.05691	0.01084	0.00548	0.00179	0.00351	0.69420	0.00380	0.00377
144	0.01085	0.85986	0.02126	0.00694	0.01041	0.01605	0.00694	0.01215	0.00824	0.00955	0.00564	0.00651	0.00521	0.00347	0.00260	0.00087	0.00434	0.00217	0.00174	0.00521
145	0.00888	0.00888	0.01243	0.01065	0.01065	0.01243	0.00888	0.00976	0.00621	0.00976	0.00533	0.00888	0.00533	0.00710	0.01331	0.00178	0.84999	0.00355	0.00178	0.00444
146	0.00494	0.00353	0.00471	0.00565	0.00588	0.00330	0.00377	0.00565	0.00777	0.01036	0.02236	0.85477	0.02683	0.01271	0.00518	0.00165	0.00235	0.01153	0.00377	0.00330
147	0.00814	0.02099	0.83640	0.01156	0.01756	0.00942	0.01499	0.01285	0.00857	0.01285	0.00728	0.00857	0.00514	0.00385	0.00385	0.00128	0.00600	0.00300	0.00171	0.00600
148	0.01284	0.01545	0.01179	0.01049	0.01184	0.53322	0.00819	0.01399	0.02173	0.00998	0.00609	0.00799	0.00537	0.00524	0.00711	0.00131	0.30777	0.00298	0.00201	0.00463
149	0.00997	0.00859	0.00907	0.00820	0.01044	0.00993	0.00636	0.02119	0.80578	0.01682	0.01665	0.03467	0.01272	0.00567	0.00415	0.00138	0.00319	0.00475	0.00412	0.00635
150	0.00986	0.00946	0.01615	0.08590	0.77249	0.00959	0.01236	0.01230	0.00915	0.01304	0.00760	0.01010	0.00635	0.00365	0.00402	0.00122	0.00486	0.00361	0.00199	0.00628
151	0.88607	0.00785	0.00596	0.00534	0.00785	0.00910	0.00439	0.01193	0.00690	0.01820	0.00565	0.00659	0.00439	0.00377	0.00251	0.00126	0.00314	0.00220	0.00251	0.00439
152	0.00590	0.00393	0.00442	0.00442	0.00442	0.00393	0.00246	0.00590	0.00590	0.00787	0.01278	0.02655	0.01475	0.85742	0.02065	0.00393	0.00393	0.00590	0.00246	0.00246
153	0.01528	0.01227	0.01208	0.00967	0.02473	0.11857	0.00776	0.68448	0.02753	0.03315	0.00942	0.00955	0.00678	0.00477	0.00401	0.00120	0.00481	0.00354	0.00379	0.00661
154	0.00500	0.00357	0.00477	0.00571	0.00597	0.00334	0.00386	0.00575	0.00782	0.01042	0.02233	0.82610	0.02671	0.01266	0.00519	0.00166	0.00240	0.03964	0.00377	0.00331
155	0.00857	0.00814	0.01381	0.53377	0.33475	0.00925	0.01172	0.01116	0.00854	0.01147	0.00737	0.01052	0.00580	0.00389	0.00404	0.00130	0.00518	0.00361	0.00188	0.00524
156	0.01348	0.02455	0.01310	0.01531	0.33769	0.24943	0.00919	0.04771	0.04861	0.18731	0.00948	0.01023	0.00712	0.00421	0.00391	0.00117	0.00516	0.00345	0.00285	0.00603
157	0.00494	0.00353	0.00471	0.00565	0.00588	0.00330	0.00377	0.00565	0.00777	0.01036	0.02236	0.85477	0.02683	0.01271	0.00518	0.00165	0.00235	0.01153	0.00377	0.00330
158	0.00965	0.00942	0.01662	0.14318	0.63166	0.00961	0.09572	0.01221	0.00911	0.01281	0.00763	0.01025	0.00625	0.00366	0.00410	0.00124	0.00511	0.00374	0.00198	0.00605
159	0.00585	0.00414	0.00547	0.00547	0.00584	0.00450	0.00377	0.00657	0.00621	0.00864	0.01182	0.02123	0.01244	0.44303	0.43188	0.00523	0.00741	0.00512	0.00232	0.00304
160	0.00494	0.00353	0.00471	0.00565	0.00588	0.00330	0.00377	0.00565	0.00777	0.01036	0.02236	0.85477	0.02683	0.01271	0.00518	0.00165	0.00235	0.01153	0.00377	0.00330
161	0.00561	0.00414	0.00524	0.00497	0.00598	0.00377	0.00372	0.00740	0.01117	0.01553	0.72032	0.03152	0.14839	0.00857	0.00479	0.00129	0.00193	0.00751	0.00437	0.00377
162	0.00644	0.00461	0.00641	0.00733	0.00824	0.00459	0.00635	0.00824	0.00927	0.01204	0.02183	0.08319	0.03636	0.01126	0.00557	0.00185	0.00364	0.75532	0.00374	0.00371
163	0.01085	0.85986	0.02126	0.00694	0.01041	0.01605	0.00694	0.01215	0.00824	0.00955	0.00564	0.00651	0.00521	0.00347	0.00260	0.00087	0.00434	0.00217	0.00174	0.00521
164	0.00814	0.02099	0.83640	0.01156	0.01756	0.00942	0.01499	0.01285	0.00857	0.01285	0.00728	0.00857	0.00514	0.00385	0.00385	0.00128	0.00600	0.00300	0.00171	0.00600
165	0.01770	0.00679	0.00925	0.00713	0.01018	0.00588	0.00588	0.01928	0.01161	0.80196	0.04877	0.01447	0.01118	0.00515	0.00411	0.00126	0.00339	0.00421	0.00500	0.00678
166	0.01085	0.85986	0.02126	0.00694	0.01041	0.01605	0.00694	0.01215	0.00824	0.00955	0.00564	0.00651	0.00521	0.00347	0.00260	0.00087	0.00434	0.00217	0.00174	0.00521
167	0.00766	0.00721	0.01217	0.84767	0.02794	0.00901	0.01127	0.01037	0.00811	0.01037	0.00721	0.01082	0.00541	0.00406	0.00406	0.00135	0.00541	0.00361	0.00180	0.00451
168	0.00501	0.00358	0.00478	0.00572	0.00599	0.00335	0.00388	0.00576	0.00783	0.01043	0.02233	0.82220	0.02669	0.01265	0.00520	0.00166	0.00241	0.04347	0.00376	0.00331
169	0.00494	0.00355	0.00468	0.00559	0.00587	0.00330	0.00374	0.00566	0.00783	0.01038	0.02312	0.82193	0.05918	0.01261	0.00516	0.00164	0.00234	0.01141	0.00377	0.00330
170	0.01069	0.81043	0.06929	0.00721	0.01083	0.01566	0.00742	0.01219	0.00826	0.00974	0.00574	0.00663	0.00520	0.00349	0.00268	0.00089	0.00444	0.00222	0.00173	0.00525
171	0.00609	0.00435	0.00602	0.00696	0.00769	0.00428	0.00575	0.00762	0.00889	0.01164	0.02173	0.27500	0.02434	0.01163	0.00548	0.00181	0.00334	0.58003	0.00374	0.00361
172	0.00906	0.30559	0.55985	0.01000	0.01514	0.01167	0.01226	0.01261	0.00846	0.01173	0.00672	0.00787	0.00516	0.00372	0.00343	0.00114	0.00543	0.00272	0.00172	0.00573
173	0.00590	0.00395	0.00451	0.00451	0.00454	0.00398	0.00256	0.00595	0.00592	0.00793	0.01271	0.02612	0.01456	0.82413	0.05369	0.00404	0.00421	0.00584	0.00245	0.00251
174	0.81041	0.00842	0.04463	0.00570	0.00840	0.00899	0.00495	0.01228	0.00717	0.05083	0.00614	0.00697	0.00466	0.00382	0.00264	0.00126	0.00328	0.00231	0.00257	0.00457
175	0.00851	0.00716	0.00861	0.00675	0.04257	0.00551	0.00509	0.01034	0.00864	0.02645	0.04554	0.00958	0.00759	0.00331	0.00315	0.00067	0.00303	0.00271	0.00253	0.79227
176	0.01136	0.00633	0.05508	0.00640	0.00861	0.00509	0.00540	0.01327	0.01134	0.37698	0.41274	0.02190	0.03485	0.00662	0.00442	0.00127	0.00283	0.00567	0.00454	0.00530
177	0.00491	0.00366	0.00457	0.00530	0.00579	0.00332	0.00361	0.00569	0.00810	0.01049	0.02659	0.67070	0.20817	0.01216	0.00509	0.00159	0.00229	0.01086	0.00377	0.00332
178	0.01105	0.82086	0.02081	0.00710	0.01051	0.05433	0.00698	0.01234	0.00839	0.00956	0.00567	0.00655	0.00521	0.00350	0.00265	0.00088	0.00448	0.00219	0.00175	0.00518
179	0.00909	0.00871	0.01489	0.34819	0.46179	0.00943	0.04423	0.01188	0.02963	0.01220	0.00772	0.01051	0.00617	0.00383	0.00407	0.00127	0.00509	0.00368	0.00198	0.00563
180	0.00483	0.00411	0.00416	0.00414	0.00550	0.00344	0.00311	0.00589	0.00932	0.01114	0.06841	0.03874	0.80303	0.01021	0.00479	0.00137	0.00205	0.00852	0.00379	0.00344
181	0.00498	0.00355	0.00470	0.00560	0.00583	0.00332	0.00372	0.00566	0.00770	0.01026	0.02200	0.82322	0.02637	0.04489	0.00577	0.00173	0.00241	0.01132	0.00372	0.00326
182	0.01021	0.00984	0.01602	0.09091	0.60657	0.04376	0.07870	0.01307	0.04716	0.03240	0.00820	0.01039	0.00663	0.00378	0.00408	0.00123	0.00503	0.00373	0.00217	0.00613
183	0.00585	0.00516	0.00576	0.00538	0.00670	0.04759	0.03639	0.00726	0.01005	0.01273	0.30014	0.07643	0.44744	0.00915	0.00475	0.00134	0.00249	0.00785	0.00384	0.00370
184	0.00482	0.00402	0.00420	0.00434	0.00554	0.00341	0.00319	0.00580	0.00902	0.01087	0.03828	0.16200	0.70933	0.01064	0.00485	0.00141	0.00210	0.00901	0.00377	0.00341
185	0.00841	0.00721	0.00841	0.00601	0.00961	0.00541	0.00481	0.01022	0.00841	0.01322	0.00721	0.00841	0.00601	0.00300	0.00300	0.00060	0.00300	0.00240	0.00240	0.88222
186	0.00916	0.00808	0.01007	0.22832	0.07448	0.03004	0.00777	0.06652	0.33319	0.01483	0.09299	0.02703	0.04787	0.00543	0.00416	0.00131	0.00389	0.00463	0.00328	0.02693

[dist]
# distance from previous block
# <min> <max>
0	5

[block]
# block no. 2 follows, 66 sequences, length 20
# corresponding to MSA columns:
# 329-348
name=unknown_C
#
# <colnr> <probs for GDERKNQSTAVLIFYWHMCP>
#	G	D	E	R	K	N	Q	S	T	A	V	L	I	F	Y	W	H	M	C	P
0	0.35210	0.04237	0.21770	0.01180	0.12267	0.00972	0.16394	0.01244	0.00819	0.01491	0.00681	0.00837	0.00522	0.00369	0.00348	0.00126	0.00482	0.00308	0.00213	0.00530
1	0.00766	0.00721	0.01217	0.84767	0.02794	0.00901	0.01127	0.01037	0.00811	0.01037	0.00721	0.01082	0.00541	0.00406	0.00406	0.00135	0.00541	0.00361	0.00180	0.00451
2	0.00915	0.00846	0.00917	0.15832	0.03449	0.07549	0.00693	0.03632	0.40631	0.01422	0.03158	0.01814	0.16234	0.00600	0.00421	0.00133	0.00377	0.00499	0.00343	0.00535
3	0.01101	0.01041	0.00961	0.00862	0.01091	0.13677	0.00667	0.04345	0.67793	0.01614	0.01476	0.01379	0.01114	0.00528	0.00405	0.00132	0.00387	0.00426	0.00382	0.00617
4	0.00581	0.00427	0.00615	0.00615	0.00674	0.00487	0.00460	0.00700	0.00641	0.00914	0.01121	0.01784	0.01097	0.17844	0.69445	0.00606	0.00963	0.00462	0.00222	0.00341
5	0.00494	0.00353	0.00471	0.00565	0.00588	0.00330	0.00377	0.00565	0.00777	0.01036	0.02236	0.85477	0.02683	0.01271	0.00518	0.00165	0.00235	0.01153	0.00377	0.00330
6	0.00588	0.00400	0.00476	0.00476	0.00488	0.00412	0.00288	0.00612	0.00600	0.00812	0.01247	0.02483	0.01400	0.72358	0.15347	0.00435	0.00506	0.00565	0.00241	0.00265
7	0.01456	0.01094	0.01169	0.00916	0.01225	0.01218	0.00750	0.68959	0.14947	0.02418	0.01084	0.01061	0.00779	0.00497	0.00407	0.00124	0.00426	0.00380	0.00407	0.00682
8	0.01820	0.00690	0.00942	0.00722	0.01036	0.00596	0.00596	0.01977	0.01161	0.83492	0.01601	0.01381	0.01004	0.00502	0.00408	0.00126	0.00345	0.00408	0.00502	0.00690
9	0.01009	0.00872	0.00917	0.00826	0.01055	0.01009	0.00642	0.02156	0.82478	0.01697	0.01651	0.01514	0.01238	0.00550	0.00413	0.00138	0.00321	0.00459	0.00413	0.00642
10	0.00616	0.00440	0.00610	0.00704	0.00781	0.00434	0.00588	0.00775	0.00897	0.01172	0.02169	0.23711	0.02417	0.01156	0.00550	0.00182	0.00341	0.61717	0.00374	0.00363
11	0.01095	0.00914	0.00966	0.00843	0.01088	0.01049	0.00663	0.15055	0.69439	0.01836	0.01542	0.01426	0.01150	0.00540	0.00412	0.00135	0.00341	0.00444	0.00412	0.00650
12	0.02887	0.01382	0.13740	0.14550	0.01568	0.19783	0.00933	0.34841	0.03523	0.01729	0.00828	0.00928	0.00611	0.00443	0.00391	0.00122	0.00543	0.00331	0.00287	0.00582
13	0.00973	0.01148	0.14916	0.02274	0.70028	0.00960	0.01286	0.01252	0.00913	0.01319	0.00757	0.00980	0.00622	0.00365	0.00399	0.00122	0.00501	0.00352	0.00196	0.00636
14	0.00486	0.00401	0.00428	0.00443	0.00558	0.00342	0.00324	0.00587	0.00908	0.01109	0.07285	0.18466	0.65138	0.01062	0.00486	0.00142	0.00210	0.00904	0.00380	0.00342
15	0.01079	0.28983	0.38983	0.00960	0.01399	0.13802	0.01067	0.01362	0.00912	0.06944	0.00722	0.00808	0.00552	0.00386	0.00344	0.00111	0.00548	0.00275	0.00201	0.00561
16	0.01004	0.00964	0.01647	0.02490	0.83211	0.00964	0.01245	0.01245	0.00924	0.01325	0.00763	0.01004	0.00643	0.00361	0.00402	0.00120	0.00482	0.00361	0.00201	0.00643
17	0.00510	0.00360	0.00466	0.00545	0.00565	0.00340	0.00355	0.00569	0.00747	0.00995	0.02081	0.72073	0.02488	0.14942	0.00768	0.00202	0.00261	0.01062	0.00355	0.00316
18	0.00973	0.01039	0.02048	0.01702	0.15082	0.01013	0.56356	0.01421	0.13372	0.01364	0.00938	0.01144	0.00715	0.00377	0.00456	0.00134	0.00596	0.00457	0.00236	0.00577
19	0.00802	0.00758	0.01282	0.72232	0.15046	0.00911	0.01145	0.01068	0.00828	0.01081	0.00728	0.01070	0.00556	0.00399	0.00405	0.00133	0.00532	0.00361	0.00183	0.00480

[dist]
# distance from previous block
# <min> <max>
0	1

[block]
# block no. 3 follows, 66 sequences, length 95
# corresponding to MSA columns:
# 350-444
name=unknown_D
#
# <colnr> <probs for GDERKNQSTAVLIFYWHMCP>
#	G	D	E	R	K	N	Q	S	T	A	V	L	I	F	Y	W	H	M	C	P
0	0.01567	0.01098	0.01194	0.00915	0.01239	0.01200	0.00756	0.74894	0.01842	0.09613	0.01029	0.01010	0.00717	0.00488	0.00406	0.00122	0.00438	0.00369	0.00414	0.00690
1	0.00494	0.00353	0.00471	0.00565	0.00588	0.00330	0.00377	0.00565	0.00777	0.01036	0.02236	0.85477	0.02683	0.01271	0.00518	0.00165	0.00235	0.01153	0.00377	0.00330
2	0.01044	0.01006	0.01123	0.10484	0.04467	0.12512	0.04295	0.09113	0.28090	0.01444	0.06089	0.01306	0.02575	0.00545	0.00559	0.00136	0.13949	0.00416	0.00304	0.00544
