[name]
unknown

[dist]
# distance from previous block
# <min> <max>
0	0

[block]
# block no. 0 follows, 70 sequences, length 26
# corresponding to MSA columns:
# 0-25
name=unknown_A
#
# <colnr> <probs for GDERKNQSTAVLIFYWHMCP>
#	G	D	E	R	K	N	Q	S	T	A	V	L	I	F	Y	W	H	M	C	P
0	0.00625	0.00446	0.00625	0.00714	0.00803	0.00446	0.00625	0.00803	0.00892	0.01160	0.02053	0.04373	0.02231	0.01071	0.00535	0.00178	0.00357	0.81348	0.00357	0.00357
1	0.01036	0.86609	0.02032	0.00663	0.00995	0.01534	0.00663	0.01161	0.00788	0.00912	0.00539	0.00622	0.00498	0.00332	0.00249	0.00083	0.00415	0.00207	0.00166	0.00498
2	0.00469	0.00361	0.00426	0.00476	0.00543	0.00321	0.00330	0.00547	0.00796	0.01008	0.02853	0.50206	0.36017	0.03116	0.00514	0.00152	0.00217	0.00972	0.00357	0.00318
3	0.02467	0.00413	0.00529	0.00497	0.00600	0.00382	0.00374	0.00780	0.01061	0.05598	0.70172	0.07310	0.06749	0.00799	0.00451	0.00124	0.00195	0.00702	0.00419	0.00377
4	0.00472	0.00337	0.00450	0.00540	0.00562	0.00315	0.00360	0.00540	0.00742	0.00990	0.02137	0.86122	0.02564	0.01215	0.00495	0.00157	0.00225	0.01102	0.00360	0.00315
5	0.00778	0.02005	0.84367	0.01105	0.01678	0.00900	0.01432	0.01228	0.00818	0.01228	0.00696	0.00818	0.00491	0.00368	0.00368	0.00123	0.00573	0.00286	0.00164	0.00573
6	0.03414	0.00450	0.00513	0.00485	0.00594	0.00432	0.00354	0.00820	0.07655	0.04739	0.30983	0.02790	0.26097	0.16564	0.02290	0.00181	0.00258	0.00654	0.00362	0.00365
7	0.00863	0.00437	0.00526	0.00492	0.00601	0.00414	0.00358	0.00992	0.02066	0.19364	0.04873	0.13978	0.03332	0.19681	0.00726	0.00174	0.00269	0.02181	0.28277	0.00395
8	0.01036	0.86609	0.02032	0.00663	0.00995	0.01534	0.00663	0.01161	0.00788	0.00912	0.00539	0.00622	0.00498	0.00332	0.00249	0.00083	0.00415	0.00207	0.00166	0.00498
9	0.01083	0.00792	0.00923	0.00789	0.00991	0.00900	0.00632	0.20412	0.32040	0.11119	0.01229	0.01277	0.00938	0.00979	0.16749	0.00225	0.07613	0.00399	0.00348	0.00562
10	0.00593	0.00415	0.00565	0.00559	0.00610	0.00455	0.00403	0.00682	0.00636	0.03337	0.02535	0.06013	0.02890	0.29660	0.46385	0.00477	0.02720	0.00507	0.00238	0.00320
11	0.13361	0.00440	0.00499	0.00502	0.00599	0.00431	0.00362	0.00756	0.00827	0.05899	0.19753	0.30319	0.11966	0.09369	0.01839	0.00167	0.00256	0.00738	0.01562	0.00355
12	0.03147	0.00372	0.00444	0.00481	0.00502	0.00366	0.00303	0.00579	0.00660	0.00907	0.03538	0.37624	0.01932	0.44542	0.01240	0.00267	0.00305	0.02216	0.00294	0.00279
13	0.01036	0.86609	0.02032	0.00663	0.00995	0.01534	0.00663	0.01161	0.00788	0.00912	0.00539	0.00622	0.00498	0.00332	0.00249	0.00083	0.00415	0.00207	0.00166	0.00498
14	0.00884	0.09974	0.01255	0.08354	0.30287	0.03870	0.02163	0.07018	0.00855	0.01156	0.00848	0.01127	0.02434	0.02319	0.19350	0.02094	0.04953	0.00358	0.00208	0.00491
15	0.00653	0.00413	0.00537	0.00529	0.00616	0.00386	0.00385	0.00801	0.03096	0.09114	0.39557	0.27260	0.04434	0.05957	0.00578	0.02404	0.00231	0.02286	0.00391	0.00371
16	0.00554	0.00414	0.00617	0.00617	0.00685	0.00481	0.00477	0.00689	0.00621	0.00896	0.01044	0.01552	0.00982	0.05307	0.82457	0.00616	0.01019	0.00420	0.00208	0.00343
17	0.04743	0.00764	0.02679	0.00728	0.01028	0.00703	0.00610	0.13886	0.05716	0.62826	0.01390	0.01234	0.00898	0.00474	0.00384	0.00120	0.00347	0.00378	0.00446	0.00647
18	0.01016	0.02866	0.01391	0.15059	0.41773	0.05526	0.04725	0.07503	0.09592	0.04272	0.00844	0.01013	0.00663	0.00392	0.00397	0.00119	0.01690	0.00354	0.00235	0.00571
19	0.00638	0.00427	0.00532	0.00540	0.00631	0.00405	0.00389	0.00827	0.07732	0.08151	0.21494	0.40274	0.12336	0.03136	0.00502	0.00146	0.00231	0.00845	0.00385	0.00380
20	0.00557	0.00365	0.00458	0.00502	0.00527	0.00348	0.00321	0.00603	0.00689	0.04222	0.01766	0.51125	0.02063	0.33394	0.01050	0.00239	0.00286	0.00870	0.00317	0.00298
21	0.00804	0.00689	0.00804	0.00574	0.00919	0.00517	0.00459	0.00976	0.00804	0.01263	0.00689	0.00804	0.00574	0.00287	0.00287	0.00057	0.00287	0.00230	0.00230	0.88745
22	0.01122	0.00713	0.01020	0.03405	0.24275	0.00705	0.00726	0.06644	0.07912	0.26554	0.15279	0.01546	0.03831	0.00608	0.03782	0.00140	0.00375	0.00445	0.00354	0.00564
23	0.06597	0.08029	0.04383	0.00881	0.03046	0.06198	0.02545	0.45383	0.06573	0.06537	0.00899	0.00920	0.00658	0.00430	0.00361	0.00111	0.00426	0.00324	0.00329	0.05369
24	0.16521	0.00488	0.00572	0.02341	0.00721	0.02174	0.02084	0.00768	0.00767	0.03836	0.02817	0.50350	0.01941	0.02444	0.01609	0.00159	0.00293	0.09428	0.00328	0.00358
25	0.04067	0.00868	0.05962	0.00963	0.10510	0.04298	0.04864	0.13674	0.02100	0.29991	0.03447	0.05832	0.03918	0.00577	0.03105	0.00135	0.00411	0.00421	0.00347	0.04510

[dist]
# distance from previous block
# <min> <max>
0	1

[block]
# block no. 1 follows, 70 sequences, length 6
# corresponding to MSA columns:
# 27-32
name=unknown_B
#
# <colnr> <probs for GDERKNQSTAVLIFYWHMCP>
#	G	D	E	R	K	N	Q	S	T	A	V	L	I	F	Y	W	H	M	C	P
0	0.03020	0.03795	0.02548	0.04277	0.05807	0.05472	0.02633	0.18305	0.03408	0.05636	0.15838	0.07829	0.03286	0.02306	0.00497	0.04349	0.02205	0.00465	0.00314	0.08009
1	0.05125	0.06141	0.01145	0.00927	0.04907	0.07685	0.07739	0.07807	0.07605	0.16544	0.00972	0.03939	0.00778	0.00700	0.07808	0.00167	0.14625	0.00374	0.00284	0.04729
2	0.00700	0.00612	0.03592	0.03361	0.00872	0.04553	0.06984	0.00870	0.02708	0.05337	0.16953	0.11328	0.17953	0.06852	0.00581	0.02132	0.00328	0.10442	0.00327	0.03516
3	0.09563	0.03687	0.02639	0.00701	0.03146	0.00687	0.03425	0.10526	0.03225	0.06169	0.00910	0.05121	0.00800	0.08863	0.03856	0.02965	0.00373	0.00353	0.00266	0.32725
4	0.05365	0.08264	0.08385	0.00745	0.04229	0.03082	0.02446	0.05573	0.04290	0.06359	0.11778	0.13105	0.06505	0.03593	0.00454	0.00124	0.02046	0.00498	0.00297	0.12862
5	0.09747	0.00973	0.06368	0.01129	0.13160	0.05867	0.14755	0.14420	0.06135	0.07526	0.03589	0.01271	0.04763	0.00455	0.00385	0.00120	0.00437	0.02841	0.02512	0.03546

[dist]
# distance from previous block
# <min> <max>
6	69

[block]
# block no. 2 follows, 70 sequences, length 11
# corresponding to MSA columns:
# 102-112
name=unknown_C
#
# <colnr> <probs for GDERKNQSTAVLIFYWHMCP>
#	G	D	E	R	K	N	Q	S	T	A	V	L	I	F	Y	W	H	M	C	P
0	0.02830	0.00875	0.07158	0.00810	0.02906	0.06605	0.03589	0.15667	0.13327	0.13092	0.04630	0.17390	0.05925	0.00654	0.00415	0.00129	0.00370	0.02758	0.00351	0.00518
1	0.04037	0.04324	0.04339	0.04718	0.01922	0.02337	0.02821	0.13208	0.02274	0.08874	0.10364	0.10430	0.03857	0.06324	0.06217	0.02484	0.02491	0.00483	0.00305	0.08192
2	0.03725	0.04970	0.04397	0.07700	0.13899	0.00793	0.12724	0.04090	0.03961	0.11589	0.01043	0.04782	0.02082	0.00676	0.07654	0.00163	0.02330	0.04222	0.00262	0.08935
3	0.07167	0.03499	0.04614	0.07662	0.08891	0.11853	0.02977	0.08513	0.07664	0.07045	0.09549	0.01459	0.08740	0.02938	0.00422	0.00123	0.00402	0.00413	0.02088	0.03981
4	0.04626	0.03259	0.08704	0.01039	0.11651	0.19010	0.04802	0.10416	0.07447	0.05156	0.03464	0.02655	0.00781	0.00422	0.00359	0.00108	0.00455	0.00340	0.04996	0.10311
5	0.09438	0.04992	0.02798	0.11532	0.13973	0.06088	0.04348	0.19349	0.02844	0.05035	0.02899	0.02280	0.00749	0.00491	0.02538	0.00127	0.00447	0.02098	0.00269	0.07707
6	0.06656	0.27229	0.38304	0.03037	0.05003	0.03717	0.03061	0.01177	0.00800	0.01136	0.00663	0.02680	0.00544	0.00388	0.00368	0.00113	0.04138	0.00285	0.00177	0.00521
7	0.00593	0.00469	0.00597	0.02684	0.05865	0.00438	0.00430	0.02363	0.00938	0.01271	0.34272	0.02714	0.24795	0.08172	0.04981	0.00169	0.00289	0.02472	0.00344	0.06145
8	0.00554	0.00415	0.00623	0.00623	0.00692	0.00485	0.00485	0.00692	0.00623	0.00900	0.01038	0.01523	0.00969	0.02908	0.84839	0.00623	0.01038	0.00415	0.00208	0.00346
9	0.83337	0.00832	0.06049	0.00549	0.00810	0.00872	0.00486	0.01145	0.00670	0.01706	0.00550	0.00642	0.00425	0.00360	0.00248	0.00120	0.00318	0.00215	0.00235	0.00430
10	0.00657	0.00660	0.06055	0.02280	0.04949	0.02768	0.06830	0.00820	0.00769	0.01068	0.10781	0.13085	0.06010	0.03186	0.28379	0.00301	0.09007	0.00543	0.00254	0.01597

[dist]
# distance from previous block
# <min> <max>
4	8

[block]
# block no. 3 follows, 70 sequences, length 99
# corresponding to MSA columns:
# 123-221
name=unknown_D
#
# <colnr> <probs for GDERKNQSTAVLIFYWHMCP>
#	G	D	E	R	K	N	Q	S	T	A	V	L	I	F	Y	W	H	M	C	P
0	0.00863	0.02987	0.14107	0.00691	0.00906	0.00572	0.00636	0.01087	0.04862	0.16070	0.08990	0.07637	0.01548	0.12632	0.00655	0.01185	0.00359	0.18066	0.00325	0.05821
1	0.10902	0.01957	0.00982	0.00808	0.01061	0.06977	0.00648	0.31479	0.32287	0.01850	0.01084	0.01065	0.00810	0.00469	0.00389	0.00120	0.02600	0.00354	0.00347	0.03809
2	0.00952	0.15583	0.26477	0.00929	0.05981	0.03125	0.03679	0.04446	0.05790	0.08550	0.05180	0.02147	0.02905	0.00439	0.00358	0.00110	0.00431	0.02148	0.01388	0.09383
3	0.00788	0.07018	0.00857	0.00710	0.01718	0.03551	0.02836	0.05409	0.08442	0.05222	0.01116	0.07595	0.01034	0.07473	0.40220	0.01663	0.03226	0.00449	0.00256	0.00416
4	0.01097	0.00724	0.00818	0.00710	0.00928	0.00770	0.00559	0.06302	0.43413	0.21431	0.02638	0.01764	0.08554	0.05184	0.00489	0.00142	0.00313	0.03191	0.00402	0.00570
5	0.03569	0.12175	0.00848	0.00622	0.00733	0.07429	0.00477	0.04257	0.00745	0.04141	0.01058	0.03631	0.03184	0.29517	0.15883	0.00292	0.08104	0.00432	0.02532	0.00371
6	0.14084	0.02873	0.09800	0.00873	0.02856	0.05657	0.09307	0.10526	0.05056	0.23560	0.01129	0.09230	0.00902	0.00505	0.00380	0.00124	0.00411	0.01860	0.00324	0.00544
7	0.01466	0.01082	0.01159	0.00890	0.01199	0.01199	0.00735	0.81405	0.03095	0.02430	0.00941	0.00939	0.00667	0.00466	0.00388	0.00117	0.00425	0.00350	0.00388	0.00659
8	0.00549	0.00386	0.00479	0.00520	0.00577	0.00365	0.00360	0.00664	0.03792	0.03464	0.07886	0.48395	0.13835	0.12786	0.00685	0.00180	0.00250	0.04143	0.00352	0.00332
9	0.00485	0.00345	0.00444	0.00518	0.00541	0.00324	0.00340	0.00544	0.00722	0.00958	0.02073	0.71302	0.05367	0.13240	0.00702	0.00187	0.00245	0.01016	0.00342	0.00304
10	0.10388	0.03055	0.04155	0.02926	0.00990	0.00697	0.00555	0.13635	0.00969	0.09096	0.00903	0.06739	0.00751	0.00417	0.00326	0.00092	0.00327	0.00330	0.03308	0.40342
11	0.00732	0.00689	0.01163	0.85444	0.02670	0.00861	0.01077	0.00991	0.00775	0.00991	0.00689	0.01034	0.00517	0.00388	0.00388	0.00129	0.00517	0.00345	0.00172	0.00431
12	0.03842	0.05620	0.00986	0.00784	0.00985	0.08421	0.00632	0.29672	0.11071	0.02767	0.00971	0.01145	0.00791	0.03103	0.23316	0.00261	0.04464	0.00362	0.00294	0.00513
13	0.01411	0.01753	0.01107	0.00996	0.01187	0.76107	0.00755	0.04829	0.01096	0.01009	0.00607	0.00718	0.00507	0.00420	0.00409	0.00105	0.06062	0.00259	0.00206	0.00456
14	0.00525	0.00407	0.00490	0.00507	0.00605	0.00368	0.00375	0.00655	0.02427	0.01126	0.13929	0.30180	0.29249	0.01975	0.02754	0.00154	0.00250	0.07950	0.00356	0.05718
15	0.00533	0.00376	0.00446	0.00469	0.00530	0.00345	0.00317	0.00605	0.00779	0.03241	0.10190	0.32380	0.24356	0.22642	0.00853	0.00201	0.00254	0.00831	0.00338	0.00312
16	0.00732	0.00689	0.01163	0.85444	0.02670	0.00861	0.01077	0.00991	0.00775	0.00991	0.00689	0.01034	0.00517	0.00388	0.00388	0.00129	0.00517	0.00345	0.00172	0.00431
17	0.00860	0.01378	0.31647	0.01425	0.01877	0.00941	0.52098	0.01228	0.00884	0.01242	0.02172	0.00996	0.00606	0.00350	0.00426	0.00128	0.00617	0.00400	0.00188	0.00538
18	0.01885	0.00600	0.00681	0.00599	0.00738	0.00618	0.00444	0.20846	0.04408	0.09614	0.06696	0.10114	0.06845	0.28165	0.00915	0.00207	0.00335	0.02732	0.03130	0.00428
19	0.00531	0.00380	0.00460	0.00501	0.00566	0.00350	0.00346	0.00631	0.02717	0.03573	0.04475	0.48573	0.24111	0.09210	0.00620	0.00169	0.00237	0.01867	0.00354	0.00330
20	0.01414	0.01056	0.01130	0.00880	0.01179	0.01174	0.00722	0.73201	0.11383	0.02347	0.01007	0.00991	0.00721	0.00472	0.00389	0.00118	0.00413	0.00360	0.00389	0.00654
21	0.00497	0.00363	0.00459	0.00525	0.00567	0.00341	0.00360	0.00589	0.02170	0.01008	0.04065	0.61430	0.11735	0.08781	0.00623	0.00174	0.00243	0.05403	0.00351	0.00318
22	0.00649	0.00468	0.01437	0.00539	0.00592	0.00476	0.00368	0.01867	0.13699	0.00963	0.02201	0.13044	0.01443	0.40523	0.02430	0.14190	0.00348	0.04175	0.00274	0.00312
23	0.00679	0.00436	0.00534	0.00505	0.00628	0.00394	0.00380	0.01676	0.02166	0.11343	0.31985	0.14765	0.25691	0.02712	0.00484	0.00135	0.00224	0.02532	0.01231	0.01498
24	0.00487	0.00388	0.00437	0.00444	0.00550	0.00339	0.00330	0.00603	0.00917	0.01164	0.22555	0.13856	0.52148	0.00969	0.00465	0.00134	0.00202	0.03303	0.00376	0.00336
25	0.00780	0.00613	0.00709	0.00676	0.00825	0.00665	0.00531	0.01378	0.39545	0.03040	0.22073	0.04731	0.02045	0.04244	0.00505	0.00149	0.00287	0.16336	0.00389	0.00479
26	0.01055	0.00773	0.00853	0.00741	0.00953	0.00856	0.00580	0.13014	0.50166	0.09846	0.04413	0.01451	0.03338	0.00607	0.00495	0.08025	0.00319	0.00431	0.01517	0.00565
27	0.00521	0.00405	0.00462	0.00456	0.00555	0.00370	0.00331	0.00674	0.04220	0.01204	0.29970	0.10228	0.38512	0.09634	0.00613	0.00155	0.00217	0.00762	0.00371	0.00341
28	0.00600	0.00385	0.00437	0.00431	0.00440	0.00382	0.00245	0.00605	0.00581	0.03319	0.01231	0.02500	0.01396	0.83734	0.01925	0.00368	0.00374	0.00558	0.00242	0.00248
29	0.86427	0.00747	0.00580	0.00515	0.00757	0.00860	0.00424	0.01163	0.00674	0.04276	0.00570	0.00651	0.00436	0.00364	0.00245	0.00120	0.00301	0.00215	0.00247	0.00427
30	0.00723	0.00376	0.00535	0.00524	0.00555	0.00372	0.00360	0.00649	0.03000	0.05799	0.03928	0.06121	0.01990	0.03519	0.02412	0.67941	0.00332	0.00412	0.00219	0.00233
31	0.02669	0.00396	0.00489	0.00522	0.00598	0.00367	0.00367	0.00705	0.02071	0.08122	0.06095	0.53734	0.16686	0.04619	0.00532	0.00156	0.00236	0.00919	0.00366	0.00352
32	0.00472	0.00337	0.00450	0.00540	0.00562	0.00315	0.00360	0.00540	0.00742	0.00990	0.02137	0.86122	0.02564	0.01215	0.00495	0.00157	0.00225	0.01102	0.00360	0.00315
33	0.00554	0.00415	0.00623	0.00623	0.00692	0.00485	0.00485	0.00692	0.00623	0.00900	0.01038	0.01523	0.00969	0.02908	0.84839	0.00623	0.01038	0.00415	0.00208	0.00346
34	0.00521	0.00359	0.00441	0.00483	0.00496	0.00351	0.00301	0.00556	0.00649	0.00867	0.01644	0.41599	0.01937	0.44110	0.03701	0.00281	0.00325	0.00811	0.00293	0.00276
35	0.14022	0.00701	0.00755	0.00647	0.00850	0.00737	0.00512	0.25368	0.06053	0.10552	0.09536	0.11728	0.12316	0.02653	0.00435	0.00133	0.00310	0.01829	0.00369	0.00493
36	0.00680	0.00496	0.00590	0.00552	0.00666	0.00501	0.00415	0.03303	0.15249	0.03094	0.45310	0.02568	0.05417	0.11181	0.00625	0.00157	0.00247	0.04909	0.03635	0.00405
37	0.01739	0.00660	0.00900	0.00690	0.00990	0.00570	0.00570	0.01889	0.01110	0.84226	0.01529	0.01320	0.00960	0.00480	0.00390	0.00120	0.00330	0.00390	0.00480	0.00660
38	0.01108	0.00844	0.00939	0.00791	0.01017	0.00949	0.00632	0.34779	0.30866	0.03672	0.01190	0.01239	0.00911	0.00954	0.15722	0.02576	0.00490	0.00394	0.00354	0.00573
39	0.02934	0.00385	0.00475	0.00515	0.00557	0.00373	0.00353	0.00632	0.00736	0.02483	0.07857	0.37794	0.04556	0.28475	0.00962	0.00225	0.00288	0.09770	0.00323	0.00307
40	0.01478	0.01104	0.01157	0.00892	0.01198	0.04058	0.00734	0.78440	0.01785	0.03854	0.00930	0.00930	0.00659	0.00463	0.00387	0.00116	0.00434	0.00346	0.00383	0.00652
41	0.00554	0.00414	0.00615	0.00615	0.00681	0.00480	0.00474	0.00687	0.00621	0.00894	0.01046	0.01565	0.00987	0.06367	0.81405	0.00613	0.01011	0.00422	0.00209	0.00342
42	0.00603	0.00449	0.00585	0.02376	0.01650	0.00461	0.00437	0.00756	0.03702	0.03373	0.25326	0.20849	0.11505	0.09542	0.06134	0.00195	0.05938	0.05416	0.00342	0.00360
43	0.00575	0.00397	0.00456	0.00461	0.00477	0.00404	0.00276	0.00644	0.04882	0.00827	0.01328	0.11047	0.01501	0.70232	0.04634	0.00349	0.00380	0.00607	0.00255	0.00267
44	0.00527	0.00395	0.00488	0.00465	0.00566	0.00356	0.00348	0.00689	0.01045	0.01431	0.64323	0.03099	0.23164	0.00839	0.00457	0.00124	0.00186	0.00730	0.00411	0.00356
45	0.00562	0.00382	0.00453	0.00453	0.00464	0.00392	0.00273	0.00583	0.00573	0.00774	0.01194	0.02384	0.01343	0.73757	0.14501	0.00413	0.00476	0.00541	0.00231	0.00252
46	0.01051	0.83703	0.02000	0.00675	0.01002	0.04389	0.00666	0.01174	0.00798	0.00913	0.00541	0.00625	0.00498	0.00334	0.00252	0.00084	0.00424	0.00209	0.00167	0.00496
47	0.00909	0.00869	0.01464	0.19554	0.62965	0.00919	0.01146	0.01153	0.02114	0.01203	0.00726	0.00979	0.00599	0.00368	0.00415	0.00120	0.03391	0.00346	0.00190	0.00569
48	0.01280	0.03238	0.07973	0.06092	0.16638	0.07532	0.00834	0.14121	0.11039	0.25686	0.01076	0.01082	0.00763	0.00433	0.00380	0.00118	0.00429	0.00354	0.00327	0.00604
49	0.00660	0.00627	0.00563	0.00536	0.00678	0.10938	0.00406	0.00893	0.10696	0.01197	0.17816	0.02937	0.48088	0.00822	0.00438	0.00126	0.00271	0.01567	0.00356	0.00384
50	0.00568	0.00380	0.00436	0.00441	0.00447	0.00380	0.00260	0.00579	0.00585	0.00777	0.01274	0.02653	0.01461	0.80992	0.01882	0.00363	0.00375	0.05662	0.00243	0.00243
51	0.01433	0.04943	0.01133	0.00987	0.01191	0.81778	0.00746	0.01534	0.01087	0.00947	0.00597	0.00696	0.00499	0.00397	0.00346	0.00099	0.00689	0.00248	0.00199	0.00451
52	0.00848	0.00848	0.01187	0.01018	0.01018	0.01187	0.00848	0.00933	0.00594	0.00933	0.00509	0.00848	0.00509	0.00679	0.01272	0.00170	0.85666	0.00339	0.00170	0.00424
53	0.00804	0.00689	0.00804	0.00574	0.00919	0.00517	0.00459	0.00976	0.00804	0.01263	0.00689	0.00804	0.00574	0.00287	0.00287	0.00057	0.00287	0.00230	0.00230	0.88745
54	0.00769	0.00727	0.01230	0.71797	0.16025	0.00871	0.01095	0.01023	0.00793	0.01036	0.00696	0.01021	0.00533	0.00381	0.00387	0.00127	0.00508	0.00345	0.00175	0.00461
55	0.00555	0.00412	0.00607	0.00607	0.00671	0.00476	0.00465	0.00682	0.00618	0.00888	0.01053	0.01604	0.01004	0.09547	0.78248	0.00603	0.00986	0.00427	0.00210	0.00337
56	0.00472	0.00337	0.00450	0.00540	0.00562	0.00315	0.00360	0.00540	0.00742	0.00990	0.02137	0.86122	0.02564	0.01215	0.00495	0.00157	0.00225	0.01102	0.00360	0.00315
57	0.00959	0.00924	0.01588	0.02364	0.82252	0.00922	0.02883	0.01191	0.00883	0.01266	0.00730	0.00961	0.00614	0.00345	0.00385	0.00115	0.00465	0.00348	0.00192	0.00612
58	0.01448	0.01848	0.01099	0.00999	0.01199	0.84819	0.00749	0.01548	0.01099	0.00949	0.00599	0.00699	0.00499	0.00400	0.00350	0.00100	0.00699	0.00250	0.00200	0.00449
59	0.00915	0.01046	0.02288	0.01634	0.02026	0.00980	0.82549	0.01242	0.00915	0.01242	0.00784	0.01046	0.00588	0.00327	0.00458	0.00131	0.00654	0.00458	0.00196	0.00523
60	0.00592	0.00431	0.00580	0.00644	0.00737	0.00419	0.00548	0.00760	0.00914	0.01193	0.12624	0.05812	0.11997	0.01028	0.00516	0.00165	0.00313	0.60006	0.00366	0.00354
61	0.01240	0.00841	0.01031	0.09045	0.06300	0.00908	0.00715	0.38915	0.05710	0.15171	0.01117	0.01229	0.02691	0.00702	0.06717	0.04118	0.00450	0.02181	0.00346	0.00573
62	0.00518	0.00387	0.00559	0.00617	0.00667	0.00366	0.03922	0.00616	0.00776	0.01030	0.02064	0.68122	0.02421	0.01151	0.00500	0.00160	0.00266	0.15172	0.00352	0.00331
63	0.00778	0.02005	0.84367	0.01105	0.01678	0.00900	0.01432	0.01228	0.00818	0.01228	0.00696	0.00818	0.00491	0.00368	0.00368	0.00123	0.00573	0.00286	0.00164	0.00573
64	0.00482	0.00409	0.00441	0.00472	0.02975	0.00350	0.00340	0.00587	0.00880	0.01058	0.03680	0.06220	0.74575	0.00975	0.00461	0.00134	0.00213	0.05054	0.00355	0.00337
65	0.02018	0.00861	0.03209	0.03590	0.42201	0.00883	0.07798	0.02991	0.05149	0.04797	0.04210	0.01118	0.01890	0.00497	0.00578	0.05818	0.11252	0.00378	0.00227	0.00535
66	0.00777	0.00786	0.01572	0.12393	0.01661	0.00771	0.45559	0.01015	0.00847	0.02465	0.01169	0.24610	0.01149	0.00597	0.00470	0.00139	0.01743	0.01580	0.00244	0.00452
67	0.04326	0.00677	0.00899	0.00691	0.00990	0.00600	0.00571	0.04636	0.01121	0.78971	0.01480	0.01286	0.00933	0.00476	0.00385	0.00120	0.00332	0.00383	0.00470	0.00653
68	0.00740	0.00523	0.00637	0.00626	0.00741	0.00533	0.00482	0.08650	0.11400	0.05275	0.17040	0.24005	0.03876	0.06782	0.00569	0.00161	0.00288	0.16881	0.00376	0.00414
69	0.07399	0.00970	0.01018	0.01922	0.04652	0.03938	0.00682	0.39467	0.29881	0.01943	0.01113	0.01126	0.00835	0.02784	0.00421	0.00128	0.00387	0.00372	0.00358	0.00603
70	0.01682	0.00752	0.00957	0.00734	0.01036	0.00707	0.00606	0.19423	0.01264	0.66473	0.01400	0.01235	0.00894	0.00477	0.00389	0.00119	0.00351	0.00381	0.00460	0.00660
71	0.00464	0.00392	0.00402	0.00407	0.00533	0.00330	0.00307	0.00563	0.00879	0.01048	0.03807	0.06758	0.78452	0.00993	0.00462	0.00133	0.00202	0.03179	0.00360	0.00328
72	0.00804	0.00689	0.00804	0.00574	0.00919	0.00517	0.00459	0.00976	0.00804	0.01263	0.00689	0.00804	0.00574	0.00287	0.00287	0.00057	0.00287	0.00230	0.00230	0.88745
73	0.02844	0.00438	0.00535	0.00517	0.00601	0.00438	0.00379	0.00781	0.07560	0.01237	0.35903	0.04492	0.11472	0.12788	0.03301	0.10397	0.01379	0.04256	0.00341	0.00341
74	0.00625	0.00446	0.00625	0.00714	0.00803	0.00446	0.00625	0.00803	0.00892	0.01160	0.02053	0.04373	0.02231	0.01071	0.00535	0.00178	0.00357	0.81348	0.00357	0.00357
75	0.00901	0.00640	0.00749	0.00636	0.00809	0.00661	0.00501	0.25148	0.06656	0.05346	0.50359	0.02152	0.02493	0.00665	0.00430	0.00121	0.00269	0.00566	0.00415	0.00481
76	0.00572	0.00383	0.00496	0.00547	0.00603	0.00361	0.00387	0.00677	0.02267	0.05413	0.06980	0.55916	0.07688	0.07566	0.00599	0.00170	0.00251	0.08423	0.00361	0.00340
77	0.00496	0.00346	0.00456	0.00533	0.00562	0.00330	0.00361	0.00571	0.00737	0.01001	0.02008	0.72666	0.02366	0.05422	0.03638	0.00183	0.00264	0.03236	0.04510	0.00315
78	0.00964	0.00833	0.00877	0.00789	0.01008	0.00964	0.00614	0.02060	0.83257	0.01622	0.01578	0.01446	0.01183	0.00526	0.00394	0.00131	0.00307	0.00438	0.00394	0.00614
79	0.00792	0.00513	0.00596	0.00535	0.00677	0.03128	0.00411	0.04934	0.01070	0.14170	0.43194	0.06185	0.17877	0.00758	0.00436	0.00123	0.00238	0.00650	0.03296	0.00419
80	0.00814	0.00673	0.00787	0.00569	0.00899	0.00510	0.00453	0.00980	0.00809	0.03452	0.00810	0.00935	0.02845	0.02230	0.00332	0.00068	0.00288	0.00257	0.00240	0.82049
81	0.00653	0.00347	0.00476	0.00476	0.00483	0.00347	0.00309	0.00548	0.00541	0.00749	0.00838	0.01496	0.00859	0.19871	0.01521	0.62684	0.00333	0.00388	0.06882	0.00198
82	0.00566	0.00375	0.00424	0.00424	0.00424	0.00375	0.00237	0.00563	0.00563	0.00750	0.01211	0.02511	0.01395	0.84750	0.01964	0.02064	0.00375	0.00559	0.00234	0.00234
83	0.00546	0.00394	0.00502	0.00544	0.00611	0.00372	0.00394	0.02476	0.02194	0.02202	0.18329	0.49046	0.11293	0.01057	0.00482	0.00148	0.00233	0.08457	0.00375	0.00347
84	0.00744	0.00419	0.00556	0.00577	0.00666	0.00386	0.00424	0.00840	0.00832	0.17266	0.02927	0.49896	0.05703	0.06120	0.00566	0.00164	0.00269	0.10884	0.00376	0.00384
85	0.00783	0.03797	0.82623	0.01096	0.01663	0.00914	0.01416	0.01226	0.00818	0.01221	0.00692	0.00814	0.00491	0.00368	0.00366	0.00122	0.00570	0.00285	0.00164	0.00571
86	0.00483	0.00346	0.00445	0.00520	0.00558	0.00321	0.00354	0.00562	0.00770	0.01028	0.04406	0.71962	0.10527	0.01153	0.00483	0.00152	0.00221	0.02006	0.03384	0.00320
87	0.01010	0.01118	0.01359	0.13589	0.07539	0.22414	0.13519	0.02094	0.00834	0.01035	0.00622	0.00877	0.00529	0.00483	0.00706	0.00135	0.31150	0.00336	0.00186	0.00463
88	0.89114	0.00750	0.00570	0.00510	0.00750	0.00870	0.00420	0.01140	0.00660	0.01739	0.00540	0.00630	0.00420	0.00360	0.00240	0.00120	0.00300	0.00210	0.00240	0.00420
89	0.00605	0.00467	0.00666	0.00645	0.00689	0.00558	0.00493	0.00696	0.00612	0.00878	0.01018	0.04200	0.01020	0.14344	0.51450	0.05738	0.13380	0.02000	0.00211	0.00330
90	0.01474	0.01086	0.01163	0.00892	0.01202	0.01202	0.00737	0.82664	0.01823	0.02443	0.00931	0.00931	0.00659	0.00465	0.00388	0.00116	0.00427	0.00349	0.00388	0.00659
91	0.00924	0.00866	0.01302	0.13380	0.47441	0.04591	0.00991	0.05653	0.00876	0.01212	0.00769	0.01087	0.00666	0.06507	0.02868	0.00152	0.07222	0.00358	0.02606	0.00528
92	0.00486	0.00347	0.00466	0.00556	0.00584	0.00327	0.00384	0.00564	0.00756	0.01005	0.02129	0.78623	0.02534	0.01201	0.00499	0.00159	0.00237	0.08463	0.00360	0.00319
93	0.00561	0.00425	0.00636	0.00632	0.00700	0.00501	0.00493	0.00698	0.00622	0.00901	0.01026	0.01507	0.00959	0.02856	0.82917	0.00613	0.02985	0.00414	0.00207	0.00348
94	0.00673	0.00460	0.01407	0.00621	0.00699	0.00460	0.00488	0.04529	0.02623	0.03285	0.01563	0.13325	0.03487	0.09677	0.11531	0.15849	0.00425	0.28268	0.00297	0.00334
95	0.04850	0.26524	0.10556	0.00954	0.06720	0.23002	0.03173	0.06437	0.06109	0.01180	0.02560	0.00863	0.00650	0.00506	0.04248	0.00128	0.00529	0.00288	0.00216	0.00506
96	0.00566	0.02223	0.00546	0.00486	0.00607	0.00412	0.00369	0.00702	0.00946	0.02303	0.38187	0.08533	0.30162	0.02801	0.00503	0.00129	0.02838	0.00706	0.00369	0.06612
97	0.03149	0.43991	0.08617	0.00846	0.03943	0.24048	0.00751	0.01292	0.02356	0.02436	0.00618	0.00707	0.00524	0.00358	0.00298	0.00093	0.00495	0.00239	0.00190	0.05049
98	0.03536	0.06323	0.28068	0.00922	0.06284	0.00804	0.03830	0.07908	0.05448	0.02202	0.01861	0.03777	0.03057	0.10076	0.10120	0.02129	0.00516	0.00392	0.00233	0.02515

[dist]
# distance from previous block
# <min> <max>
1	9

[block]
# block no. 4 follows, 70 sequences, length 147
# corresponding to MSA columns:
# 231-289,296-319,333-396
name=unknown_E
#
# <colnr> <probs for GDERKNQSTAVLIFYWHMCP>
#	G	D	E	R	K	N	Q	S	T	A	V	L	I	F	Y	W	H	M	C	P
0	0.00842	0.00701	0.01120	0.26839	0.29194	0.00765	0.00890	0.02753	0.03686	0.04159	0.02222	0.05853	0.01963	0.00600	0.00595	0.13728	0.03005	0.00403	0.00219	0.00462
1	0.01173	0.04833	0.02246	0.03547	0.08945	0.06182	0.14840	0.05531	0.00964	0.27909	0.01073	0.01246	0.00811	0.03035	0.14355	0.00209	0.00558	0.01706	0.00300	0.00535
2	0.00518	0.00398	0.00461	0.00492	0.00557	0.01936	0.00344	0.00600	0.00808	0.01043	0.12478	0.34708	0.25799	0.10977	0.02571	0.02280	0.00263	0.03108	0.00343	0.00316
3	0.00672	0.00403	0.00506	0.00506	0.00584	0.00370	0.00353	0.00747	0.00816	0.11772	0.13681	0.31058	0.14196	0.17708	0.00805	0.04091	0.00263	0.00772	0.00352	0.00346
4	0.01987	0.00414	0.00561	0.00627	0.04320	0.00410	0.01511	0.00652	0.02109	0.00971	0.02915	0.34774	0.06717	0.16772	0.07560	0.09341	0.00356	0.07392	0.00295	0.00316
5	0.00851	0.01493	0.40583	0.01387	0.01864	0.00943	0.44703	0.01235	0.00870	0.01235	0.00743	0.00940	0.00543	0.00346	0.00416	0.00127	0.00616	0.00378	0.00181	0.00546
6	0.00572	0.00398	0.00497	0.00498	0.00565	0.00398	0.00354	0.00661	0.00724	0.03433	0.06989	0.08969	0.18550	0.26535	0.24609	0.00342	0.00493	0.02139	0.02957	0.00318
7	0.00786	0.00565	0.00677	0.00540	0.00766	0.00460	0.00410	0.00926	0.00838	0.08545	0.12913	0.06729	0.03280	0.12340	0.00570	0.00125	0.00280	0.00428	0.02279	0.46542
8	0.00895	0.00596	0.00761	0.00759	0.06238	0.00621	0.01577	0.10692	0.11364	0.10981	0.01419	0.16674	0.01309	0.04448	0.13345	0.00214	0.00424	0.05184	0.12033	0.00466
9	0.00564	0.00376	0.00423	0.00423	0.00423	0.00376	0.00235	0.00564	0.00564	0.00752	0.01222	0.02537	0.01409	0.86375	0.01973	0.00376	0.00376	0.00564	0.00235	0.00235
10	0.00461	0.00383	0.00403	0.00419	0.00531	0.00325	0.00306	0.00553	0.00858	0.01037	0.03606	0.18529	0.69209	0.01024	0.00465	0.00136	0.00201	0.00869	0.00360	0.00325
11	0.00582	0.00398	0.00532	0.00601	0.00656	0.00387	0.00461	0.00689	0.00789	0.02953	0.01948	0.35953	0.02208	0.14014	0.00734	0.00199	0.00308	0.35917	0.00342	0.00329
12	0.00564	0.00376	0.00423	0.00423	0.00423	0.00376	0.00235	0.00564	0.00564	0.00752	0.01222	0.02537	0.01409	0.86375	0.01973	0.00376	0.00376	0.00564	0.00235	0.00235
13	0.00964	0.00833	0.00877	0.00789	0.01008	0.00964	0.00614	0.02060	0.83257	0.01622	0.01578	0.01446	0.01183	0.00526	0.00394	0.00131	0.00307	0.00438	0.00394	0.00614
14	0.01036	0.86609	0.02032	0.00663	0.00995	0.01534	0.00663	0.01161	0.00788	0.00912	0.00539	0.00622	0.00498	0.00332	0.00249	0.00083	0.00415	0.00207	0.00166	0.00498
15	0.00698	0.00363	0.00371	0.00372	0.00449	0.00363	0.00268	0.00854	0.00780	0.01349	0.01271	0.02790	0.01070	0.11646	0.00496	0.00128	0.00207	0.00398	0.75784	0.00344
16	0.71014	0.00667	0.00543	0.00505	0.00702	0.00760	0.00400	0.01031	0.00669	0.01590	0.00773	0.10600	0.00721	0.02686	0.00346	0.02302	0.00289	0.00331	0.03675	0.00395
17	0.00478	0.00394	0.00421	0.00414	0.00536	0.00336	0.00310	0.00595	0.00931	0.01161	0.21750	0.03545	0.65907	0.00940	0.00458	0.00129	0.00193	0.00792	0.00375	0.00336
18	0.00554	0.00415	0.00623	0.00623	0.00692	0.00485	0.00485	0.00692	0.00623	0.00900	0.01038	0.01523	0.00969	0.02908	0.84839	0.00623	0.01038	0.00415	0.00208	0.00346
19	0.00514	0.00354	0.00437	0.00488	0.00502	0.00341	0.00306	0.00555	0.00669	0.00897	0.01742	0.49999	0.02059	0.36797	0.01110	0.00248	0.00287	0.00867	0.01545	0.00282
20	0.02134	0.00445	0.00524	0.00496	0.00640	0.00389	0.00374	0.00870	0.00904	0.19585	0.05237	0.21489	0.41988	0.00897	0.00444	0.00133	0.00233	0.00765	0.02052	0.00402
21	0.00848	0.00848	0.01187	0.01018	0.01018	0.01187	0.00848	0.00933	0.00594	0.00933	0.00509	0.00848	0.00509	0.00679	0.01272	0.00170	0.85666	0.00339	0.00170	0.00424
22	0.00732	0.00689	0.01163	0.85444	0.02670	0.00861	0.01077	0.00991	0.00775	0.00991	0.00689	0.01034	0.00517	0.00388	0.00388	0.00129	0.00517	0.00345	0.00172	0.00431
23	0.08985	0.00393	0.00525	0.00509	0.00549	0.00399	0.00352	0.00634	0.00559	0.04787	0.00796	0.01232	0.02717	0.03462	0.01328	0.71679	0.00331	0.00345	0.00196	0.00221
24	0.00472	0.00337	0.00450	0.00540	0.00562	0.00315	0.00360	0.00540	0.00742	0.00990	0.02137	0.86122	0.02564	0.01215	0.00495	0.00157	0.00225	0.01102	0.00360	0.00315
25	0.00848	0.00848	0.01187	0.01018	0.01018	0.01187	0.00848	0.00933	0.00594	0.00933	0.00509	0.00848	0.00509	0.00679	0.01272	0.00170	0.85666	0.00339	0.00170	0.00424
26	0.00712	0.00436	0.00588	0.00569	0.00583	0.02771	0.00399	0.00617	0.02851	0.00735	0.00702	0.01177	0.00689	0.02609	0.03665	0.73073	0.07089	0.00343	0.00178	0.00215
27	0.00807	0.00696	0.00837	0.02685	0.03574	0.00538	0.00497	0.00983	0.00806	0.01257	0.00690	0.00814	0.00574	0.00291	0.00293	0.00061	0.00298	0.00236	0.00227	0.83835
28	0.03022	0.00857	0.01030	0.19929	0.07650	0.05120	0.00756	0.29296	0.04664	0.05224	0.01080	0.06678	0.04459	0.00538	0.00436	0.03883	0.00418	0.00410	0.00297	0.04251
29	0.00540	0.00394	0.00508	0.00488	0.00579	0.00362	0.00366	0.00710	0.01059	0.01479	0.71702	0.06956	0.09874	0.00834	0.00461	0.00126	0.00190	0.02595	0.00417	0.00360
30	0.00554	0.00415	0.00623	0.00623	0.00692	0.00485	0.00485	0.00692	0.00623	0.00900	0.01038	0.01523	0.00969	0.02908	0.84839	0.00623	0.01038	0.00415	0.00208	0.00346
31	0.00934	0.00895	0.01527	0.11829	0.74709	0.00914	0.01177	0.01167	0.00871	0.01235	0.00725	0.00968	0.00603	0.00350	0.00384	0.00117	0.00467	0.00345	0.00190	0.00593
32	0.01043	0.00638	0.00895	0.15165	0.07227	0.01659	0.00673	0.01249	0.05220	0.28016	0.08339	0.10059	0.04901	0.00660	0.01540	0.01641	0.06580	0.03655	0.00341	0.00498
33	0.00476	0.00340	0.00454	0.00540	0.00563	0.00320	0.00361	0.00544	0.00737	0.00984	0.02096	0.82773	0.02507	0.02556	0.02585	0.00172	0.00247	0.01077	0.00354	0.00314
34	0.00848	0.00848	0.01187	0.01018	0.01018	0.01187	0.00848	0.00933	0.00594	0.00933	0.00509	0.00848	0.00509	0.00679	0.01272	0.00170	0.85666	0.00339	0.00170	0.00424
35	0.00960	0.00921	0.01574	0.02380	0.83957	0.00921	0.01190	0.01190	0.00883	0.01267	0.00729	0.00960	0.00614	0.00345	0.00384	0.00115	0.00461	0.00345	0.00192	0.00614
36	0.00813	0.00703	0.00850	0.00683	0.05900	0.00541	0.00503	0.00989	0.00809	0.01263	0.00691	0.00813	0.00577	0.00291	0.00293	0.00061	0.00298	0.00237	0.00227	0.83458
37	0.00848	0.00848	0.01187	0.01018	0.01018	0.01187	0.00848	0.00933	0.00594	0.00933	0.00509	0.00848	0.00509	0.00679	0.01272	0.00170	0.85666	0.00339	0.00170	0.00424
38	0.00848	0.00848	0.01187	0.01018	0.01018	0.01187	0.00848	0.00933	0.00594	0.00933	0.00509	0.00848	0.00509	0.00679	0.01272	0.00170	0.85666	0.00339	0.00170	0.00424
39	0.00960	0.00921	0.01574	0.02380	0.83957	0.00921	0.01190	0.01190	0.00883	0.01267	0.00729	0.00960	0.00614	0.00345	0.00384	0.00115	0.00461	0.00345	0.00192	0.00614
40	0.00673	0.00337	0.00505	0.00505	0.00505	0.00337	0.00337	0.00505	0.00505	0.00673	0.00673	0.01178	0.00673	0.01347	0.01515	0.88721	0.00337	0.00337	0.00168	0.00168
41	0.00466	0.00364	0.00423	0.00470	0.00544	0.00321	0.00329	0.00548	0.00809	0.01017	0.02984	0.47126	0.41013	0.01104	0.00477	0.00145	0.00211	0.00968	0.00360	0.00321
42	0.00551	0.00399	0.00522	0.00499	0.00591	0.00370	0.00379	0.00733	0.01082	0.01524	0.77850	0.02992	0.04938	0.00811	0.00462	0.00125	0.00193	0.05193	0.00422	0.00365
43	0.00814	0.00537	0.00563	0.00508	0.00665	0.00556	0.00392	0.03476	0.21940	0.01499	0.01274	0.01363	0.00988	0.00453	0.00308	0.00098	0.00231	0.00367	0.54093	0.09876
44	0.00980	0.00841	0.00886	0.00792	0.01014	0.00972	0.00618	0.04596	0.80694	0.01648	0.01558	0.01430	0.01167	0.00524	0.00394	0.00131	0.00311	0.00435	0.00394	0.00615
45	0.00804	0.00689	0.00804	0.00574	0.00919	0.00517	0.00459	0.00976	0.00804	0.01263	0.00689	0.00804	0.00574	0.00287	0.00287	0.00057	0.00287	0.00230	0.00230	0.88745
46	0.00561	0.00387	0.00480	0.00480	0.00499	0.00407	0.00306	0.00600	0.00581	0.00794	0.01170	0.02249	0.01285	0.62697	0.25481	0.00446	0.00564	0.00522	0.00227	0.00266
47	0.01739	0.00660	0.00900	0.00690	0.00990	0.00570	0.00570	0.01889	0.01110	0.84226	0.01529	0.01320	0.00960	0.00480	0.00390	0.00120	0.00330	0.00390	0.00480	0.00660
48	0.01474	0.01086	0.01163	0.00892	0.01202	0.01202	0.00737	0.82664	0.01823	0.02443	0.00931	0.00931	0.00659	0.00465	0.00388	0.00116	0.00427	0.00349	0.00388	0.00659
49	0.00848	0.00848	0.01187	0.01018	0.01018	0.01187	0.00848	0.00933	0.00594	0.00933	0.00509	0.00848	0.00509	0.00679	0.01272	0.00170	0.85666	0.00339	0.00170	0.00424
50	0.01709	0.00709	0.00930	0.00713	0.01014	0.00642	0.00589	0.11147	0.01191	0.74853	0.01461	0.01275	0.00925	0.00478	0.00390	0.00120	0.00341	0.00385	0.00469	0.00660
51	0.00564	0.00376	0.00423	0.00423	0.00423	0.00376	0.00235	0.00564	0.00564	0.00752	0.01222	0.02537	0.01409	0.86375	0.01973	0.00376	0.00376	0.00564	0.00235	0.00235
52	0.00894	0.02093	0.01193	0.01012	0.01030	0.07155	0.00839	0.00980	0.00632	0.00934	0.00516	0.00834	0.00508	0.00654	0.01192	0.00163	0.78440	0.00331	0.00172	0.00427
53	0.00804	0.00689	0.00804	0.00574	0.00919	0.00517	0.00459	0.00976	0.00804	0.01263	0.00689	0.00804	0.00574	0.00287	0.00287	0.00057	0.00287	0.00230	0.00230	0.88745
54	0.00547	0.00395	0.00513	0.00490	0.00577	0.00366	0.00365	0.00718	0.01057	0.01488	0.74730	0.05548	0.04788	0.04220	0.00521	0.00135	0.00196	0.02576	0.00414	0.00358
55	0.01036	0.86609	0.02032	0.00663	0.00995	0.01534	0.00663	0.01161	0.00788	0.00912	0.00539	0.00622	0.00498	0.00332	0.00249	0.00083	0.00415	0.00207	0.00166	0.00498
56	0.89114	0.00750	0.00570	0.00510	0.00750	0.00870	0.00420	0.01140	0.00660	0.01739	0.00540	0.00630	0.00420	0.00360	0.00240	0.00120	0.00300	0.00210	0.00240	0.00420
57	0.00571	0.00399	0.00578	0.00578	0.00628	0.00449	0.00428	0.00649	0.00599	0.00848	0.01018	0.01629	0.00996	0.15116	0.61585	0.12143	0.00848	0.00427	0.00207	0.00306
58	0.02870	0.00474	0.00579	0.00534	0.00656	0.00442	0.00390	0.00987	0.02161	0.23984	0.01846	0.11387	0.13200	0.30228	0.00962	0.00218	0.00314	0.06817	0.01555	0.00396
59	0.00915	0.01046	0.02288	0.01634	0.02026	0.00980	0.82549	0.01242	0.00915	0.01242	0.00784	0.01046	0.00588	0.00327	0.00458	0.00131	0.00654	0.00458	0.00196	0.00523
60	0.01474	0.01086	0.01163	0.00892	0.01202	0.01202	0.00737	0.82664	0.01823	0.02443	0.00931	0.00931	0.00659	0.00465	0.00388	0.00116	0.00427	0.00349	0.00388	0.00659
61	0.00477	0.00345	0.00451	0.00527	0.00561	0.00319	0.00356	0.00554	0.00775	0.01031	0.07721	0.75596	0.07510	0.01172	0.00490	0.00153	0.00220	0.01058	0.00364	0.00319
62	0.00870	0.00721	0.00835	0.00602	0.00943	0.00574	0.00484	0.07719	0.00892	0.02363	0.00719	0.00821	0.00586	0.00304	0.00297	0.00063	0.00299	0.00241	0.00246	0.80422
63	0.00554	0.00415	0.00623	0.00623	0.00692	0.00485	0.00485	0.00692	0.00623	0.00900	0.01038	0.01523	0.00969	0.02908	0.84839	0.00623	0.01038	0.00415	0.00208	0.00346
64	0.00848	0.00848	0.01187	0.01018	0.01018	0.01187	0.00848	0.00933	0.00594	0.00933	0.00509	0.00848	0.00509	0.00679	0.01272	0.00170	0.85666	0.00339	0.00170	0.00424
65	0.00502	0.00374	0.00444	0.00466	0.00548	0.00334	0.00336	0.00577	0.00833	0.01061	0.13475	0.25074	0.40329	0.01061	0.00586	0.09857	0.00222	0.03262	0.00348	0.00313
66	0.00556	0.00406	0.00577	0.00577	0.00630	0.00460	0.00427	0.00663	0.00609	0.00866	0.01080	0.01756	0.01070	0.22046	0.65838	0.00566	0.00886	0.00449	0.00214	0.00321
67	0.03257	0.00691	0.00797	0.00572	0.00914	0.00527	0.00458	0.00981	0.00800	0.01277	0.00685	0.00799	0.00570	0.00289	0.00286	0.00059	0.00287	0.00229	0.00230	0.86292
68	0.00581	0.00400	0.00513	0.00559	0.00611	0.00390	0.00417	0.00674	0.00764	0.02268	0.05045	0.19990	0.05567	0.29455	0.00997	0.00235	0.00323	0.30579	0.00322	0.00312
69	0.00489	0.00361	0.00450	0.00502	0.00554	0.00331	0.00347	0.00575	0.00807	0.01062	0.12811	0.52376	0.18382	0.06412	0.00576	0.00162	0.00227	0.02896	0.00361	0.00320
70	0.00558	0.00377	0.00445	0.00465	0.00477	0.00374	0.00288	0.00583	0.00618	0.00821	0.01419	0.13645	0.01637	0.67269	0.01646	0.00329	0.00354	0.08176	0.00263	0.00257
71	0.00806	0.00693	0.00816	0.00602	0.02215	0.00523	0.00471	0.00980	0.00805	0.01263	0.00690	0.00806	0.00575	0.00288	0.00289	0.00058	0.00290	0.00231	0.00229	0.87370
72	0.00472	0.00337	0.00450	0.00540	0.00562	0.00315	0.00360	0.00540	0.00742	0.00990	0.02137	0.86122	0.02564	0.01215	0.00495	0.00157	0.00225	0.01102	0.00360	0.00315
73	0.01005	0.01121	0.01303	0.01090	0.01189	0.21889	0.11075	0.01124	0.00759	0.00976	0.00566	0.00836	0.00516	0.00565	0.00941	0.00147	0.53941	0.00332	0.00180	0.00443
74	0.00960	0.00921	0.01574	0.02380	0.83957	0.00921	0.01190	0.01190	0.00883	0.01267	0.00729	0.00960	0.00614	0.00345	0.00384	0.00115	0.00461	0.00345	0.00192	0.00614
75	0.00556	0.00397	0.00504	0.00486	0.00579	0.00365	0.00360	0.00710	0.01008	0.03230	0.58604	0.09975	0.15204	0.02846	0.03311	0.00149	0.00225	0.00733	0.00401	0.00359
76	0.01259	0.00888	0.00980	0.00793	0.01039	0.00959	0.00636	0.57466	0.03073	0.07510	0.01281	0.17113	0.02928	0.01668	0.00429	0.00128	0.00374	0.00509	0.00386	0.00581
77	0.00554	0.00415	0.00623	0.00623	0.00692	0.00485	0.00485	0.00692	0.00623	0.00900	0.01038	0.01523	0.00969	0.02908	0.84839	0.00623	0.01038	0.00415	0.00208	0.00346
78	0.00474	0.00342	0.00449	0.00531	0.00561	0.00317	0.00357	0.00546	0.00760	0.01008	0.04517	0.79509	0.06815	0.01191	0.00492	0.00155	0.00222	0.01076	0.00362	0.00317
79	0.05853	0.00396	0.00434	0.00449	0.00525	0.00373	0.00309	0.00618	0.00777	0.01065	0.09760	0.22534	0.29684	0.21313	0.00808	0.00193	0.00250	0.00760	0.03585	0.00313
80	0.00476	0.00340	0.00454	0.00544	0.00568	0.00318	0.00366	0.00546	0.00746	0.00994	0.02135	0.84144	0.02556	0.01211	0.00496	0.00158	0.00228	0.03044	0.00360	0.00316
81	0.00564	0.00376	0.00423	0.00423	0.00423	0.00376	0.00235	0.00564	0.00564	0.00752	0.01222	0.02537	0.01409	0.86375	0.01973	0.00376	0.00376	0.00564	0.00235	0.00235
82	0.03391	0.00805	0.00847	0.00766	0.00979	0.00925	0.00598	0.03025	0.74229	0.01606	0.02664	0.01580	0.03531	0.00552	0.00397	0.00132	0.00305	0.02690	0.00388	0.00591
83	0.00610	0.00388	0.00444	0.00437	0.00455	0.00381	0.00255	0.00622	0.00602	0.04464	0.01336	0.04838	0.03708	0.77836	0.01820	0.00352	0.00365	0.00578	0.00253	0.00259
84	0.00540	0.00396	0.00506	0.00479	0.00574	0.00362	0.00359	0.00715	0.01077	0.01506	0.76164	0.02975	0.11277	0.00811	0.00457	0.00123	0.00184	0.00712	0.00420	0.00362
85	0.01448	0.01848	0.01099	0.00999	0.01199	0.84819	0.00749	0.01548	0.01099	0.00949	0.00599	0.00699	0.00499	0.00400	0.00350	0.00100	0.00699	0.00250	0.00200	0.00449
86	0.00557	0.00377	0.00425	0.00425	0.00453	0.00367	0.00258	0.00596	0.00663	0.00898	0.08365	0.05166	0.10727	0.62310	0.01537	0.00305	0.00324	0.00608	0.05373	0.00266
87	0.00673	0.00337	0.00505	0.00505	0.00505	0.00337	0.00337	0.00505	0.00505	0.00673	0.00673	0.01178	0.00673	0.01347	0.01515	0.88721	0.00337	0.00337	0.00168	0.00168
88	0.00972	0.00836	0.00881	0.00790	0.01011	0.00968	0.00615	0.03233	0.82072	0.01634	0.01568	0.01439	0.01176	0.00525	0.00394	0.00131	0.00309	0.00437	0.00394	0.00614
89	0.00537	0.00396	0.00502	0.00476	0.00572	0.00361	0.00357	0.00709	0.01070	0.01490	0.73655	0.03002	0.13796	0.00817	0.00457	0.00123	0.00185	0.00716	0.00418	0.00361
90	0.00617	0.00441	0.00616	0.00705	0.00791	0.00440	0.00611	0.00790	0.00885	0.01151	0.02057	0.08555	0.02248	0.01078	0.00533	0.00177	0.00350	0.77243	0.00357	0.00355
91	0.00458	0.00393	0.00393	0.00393	0.00524	0.00327	0.00295	0.00556	0.00884	0.01047	0.03927	0.03731	0.83800	0.00982	0.00458	0.00131	0.00196	0.00818	0.00360	0.00327
92	0.00848	0.00848	0.01187	0.01018	0.01018	0.01187	0.00848	0.00933	0.00594	0.00933	0.00509	0.00848	0.00509	0.00679	0.01272	0.00170	0.85666	0.00339	0.00170	0.00424
93	0.03702	0.84010	0.01987	0.00659	0.00988	0.01514	0.00656	0.01160	0.00784	0.00937	0.00539	0.00622	0.00495	0.00333	0.00248	0.00084	0.00411	0.00207	0.00168	0.00495
94	0.85059	0.00758	0.00593	0.00524	0.00767	0.00875	0.00432	0.03619	0.00702	0.03084	0.00568	0.00650	0.00436	0.00365	0.00247	0.00120	0.00304	0.00217	0.00248	0.00431
