[name]
unknown

[dist]
# distance from previous block
# <min> <max>
3	55

[block]
# block no. 0 follows, 67 sequences, length 9
# corresponding to MSA columns:
# 61-69
name=unknown_A
#
# <colnr> <probs for GDERKNQSTAVLIFYWHMCP>
#	G	D	E	R	K	N	Q	S	T	A	V	L	I	F	Y	W	H	M	C	P
0	0.04252	0.03124	0.00639	0.03533	0.00744	0.00456	0.03760	0.00705	0.00783	0.03512	0.03401	0.54537	0.06057	0.10044	0.00645	0.00178	0.00291	0.02648	0.00338	0.00354
1	0.01057	0.08171	0.17534	0.06663	0.25277	0.03210	0.10382	0.06573	0.02283	0.09514	0.00866	0.02441	0.00670	0.00401	0.00390	0.00120	0.00500	0.00360	0.00240	0.03346
2	0.00640	0.00468	0.00546	0.00585	0.03940	0.01948	0.00355	0.02894	0.02505	0.00951	0.04252	0.14146	0.01664	0.58340	0.01533	0.00311	0.00369	0.03968	0.00279	0.00305
3	0.01178	0.23972	0.08088	0.03553	0.17704	0.19718	0.06865	0.10121	0.01042	0.03161	0.00714	0.00842	0.00575	0.00384	0.00357	0.00109	0.00537	0.00302	0.00220	0.00556
4	0.07698	0.03202	0.04751	0.06782	0.31125	0.00906	0.11746	0.04044	0.08502	0.03796	0.00988	0.04863	0.00857	0.04000	0.00485	0.00140	0.01569	0.03744	0.00251	0.00550
5	0.01175	0.05903	0.06790	0.02700	0.02938	0.07015	0.05579	0.28769	0.06021	0.04204	0.00870	0.00937	0.00658	0.00403	0.00365	0.00103	0.00438	0.00321	0.00296	0.24514
6	0.00482	0.00396	0.00424	0.00439	0.00552	0.00339	0.00321	0.00583	0.00901	0.01103	0.08325	0.18569	0.64081	0.01048	0.00481	0.00140	0.00208	0.00892	0.00376	0.00339
7	0.00597	0.00450	0.00501	0.00486	0.00614	0.00406	0.00363	0.05512	0.00997	0.03842	0.17382	0.15078	0.50383	0.00967	0.00473	0.00136	0.00223	0.00824	0.00390	0.00375
8	0.01385	0.00984	0.01089	0.00825	0.01153	0.01014	0.00678	0.55254	0.01565	0.09847	0.00961	0.00969	0.00690	0.00439	0.00377	0.00106	0.00398	0.00336	0.00371	0.21558

[dist]
# distance from previous block
# <min> <max>
7	16

[block]
# block no. 1 follows, 67 sequences, length 12
# corresponding to MSA columns:
# 86-97
name=unknown_B
#
# <colnr> <probs for GDERKNQSTAVLIFYWHMCP>
#	G	D	E	R	K	N	Q	S	T	A	V	L	I	F	Y	W	H	M	C	P
0	0.01213	0.07288	0.12077	0.02525	0.08111	0.12088	0.06193	0.09090	0.09964	0.18621	0.03162	0.01265	0.05661	0.00477	0.00394	0.00121	0.00464	0.00391	0.00314	0.00579
1	0.00494	0.00356	0.00469	0.00548	0.00582	0.00330	0.00370	0.00575	0.00803	0.01073	0.08784	0.75972	0.05732	0.01212	0.00507	0.00159	0.00228	0.01096	0.00378	0.00330
2	0.01036	0.00829	0.01127	0.00929	0.01064	0.00999	0.06228	0.16585	0.03340	0.08276	0.05010	0.01206	0.00871	0.03684	0.05800	0.00185	0.37218	0.00401	0.04712	0.00500
3	0.00983	0.30595	0.34239	0.00985	0.04195	0.08118	0.02560	0.02590	0.07354	0.01198	0.03196	0.00894	0.00674	0.00397	0.00345	0.00111	0.00509	0.00297	0.00205	0.00554
4	0.00822	0.01840	0.67710	0.01179	0.04607	0.00933	0.05441	0.01284	0.04970	0.01278	0.00855	0.00978	0.02772	0.00413	0.00420	0.00129	0.03264	0.00332	0.00190	0.00582
5	0.00491	0.00355	0.00460	0.00543	0.00574	0.00329	0.00363	0.00561	0.00773	0.01020	0.02321	0.76705	0.08760	0.03993	0.00559	0.00168	0.00236	0.01100	0.00368	0.00324
6	0.01507	0.01041	0.01157	0.00927	0.03209	0.01130	0.00745	0.65606	0.04537	0.12404	0.01084	0.01114	0.00776	0.00497	0.00405	0.00123	0.00424	0.02235	0.00407	0.00672
7	0.05891	0.01947	0.02960	0.00887	0.06301	0.05770	0.02041	0.17299	0.15058	0.22460	0.01482	0.02719	0.08283	0.00544	0.00411	0.00126	0.01419	0.01704	0.02109	0.00589
8	0.00608	0.00423	0.00524	0.00549	0.00625	0.00401	0.00386	0.02095	0.04999	0.04894	0.16241	0.46742	0.12556	0.06296	0.00583	0.00163	0.00244	0.00917	0.00384	0.00369
9	0.02428	0.47789	0.13996	0.01897	0.06411	0.03125	0.03656	0.03764	0.01874	0.01153	0.06092	0.00904	0.00755	0.00400	0.00348	0.00104	0.02906	0.00293	0.00205	0.01900
10	0.00986	0.08207	0.02145	0.01472	0.01859	0.01017	0.64208	0.01318	0.03767	0.04587	0.00844	0.01056	0.00637	0.00350	0.00440	0.00126	0.00607	0.00434	0.00221	0.05720
11	0.16055	0.27197	0.27126	0.00837	0.01217	0.07366	0.00886	0.05537	0.05009	0.01320	0.00810	0.00885	0.03409	0.00406	0.00325	0.00113	0.00469	0.00285	0.00218	0.00530

[dist]
# distance from previous block
# <min> <max>
4	11

[block]
# block no. 2 follows, 67 sequences, length 44
# corresponding to MSA columns:
# 111-138,142-157
name=unknown_C
#
# <colnr> <probs for GDERKNQSTAVLIFYWHMCP>
#	G	D	E	R	K	N	Q	S	T	A	V	L	I	F	Y	W	H	M	C	P
0	0.01165	0.26888	0.18649	0.02201	0.11233	0.07894	0.00925	0.08716	0.04622	0.11801	0.00837	0.00902	0.00636	0.00405	0.00362	0.00112	0.01516	0.00304	0.00250	0.00582
1	0.04543	0.06084	0.04979	0.09753	0.20834	0.07990	0.08571	0.15023	0.01094	0.08860	0.04259	0.01052	0.00760	0.00423	0.00407	0.00120	0.02093	0.00361	0.00268	0.02525
2	0.00549	0.00413	0.00535	0.00528	0.00621	0.00413	0.00400	0.00691	0.00864	0.01183	0.25965	0.04876	0.22772	0.03582	0.31970	0.00329	0.00530	0.00643	0.02777	0.00356
3	0.01031	0.00853	0.02983	0.18607	0.37961	0.00864	0.03717	0.04375	0.05951	0.11244	0.00977	0.03367	0.00767	0.00429	0.00399	0.00124	0.00448	0.00393	0.04933	0.00578
4	0.02399	0.18190	0.05041	0.05634	0.15917	0.05998	0.02350	0.07371	0.10002	0.13778	0.04661	0.01189	0.03520	0.00459	0.00388	0.00117	0.01754	0.00370	0.00291	0.00570
5	0.04131	0.55685	0.07437	0.00894	0.03143	0.06047	0.10078	0.02810	0.00883	0.04685	0.00658	0.00758	0.00549	0.00360	0.00308	0.00100	0.00478	0.00267	0.00199	0.00531
6	0.00488	0.00352	0.00462	0.00550	0.00579	0.00326	0.00369	0.00559	0.00776	0.01027	0.02313	0.81097	0.07132	0.01243	0.00510	0.00161	0.00231	0.01124	0.00372	0.00326
7	0.01920	0.00493	0.00562	0.00521	0.00661	0.02501	0.00399	0.01963	0.01031	0.11654	0.33459	0.06074	0.30851	0.02306	0.00486	0.00136	0.00241	0.02933	0.01404	0.00405
8	0.01406	0.13396	0.01281	0.00977	0.01200	0.60600	0.00767	0.08762	0.01129	0.01115	0.00637	0.00743	0.00532	0.00426	0.00406	0.00107	0.05543	0.00267	0.00218	0.00490
9	0.00933	0.00894	0.01499	0.16951	0.52458	0.00919	0.06313	0.01216	0.04494	0.01268	0.00783	0.01020	0.00637	0.00372	0.00408	0.00120	0.01692	0.00359	0.00207	0.07454
10	0.00999	0.00963	0.01606	0.07509	0.72247	0.02402	0.03793	0.03296	0.00936	0.01317	0.00757	0.00995	0.00627	0.00364	0.00399	0.00120	0.00490	0.00359	0.00203	0.00619
11	0.00488	0.00358	0.00458	0.00535	0.00576	0.00329	0.00362	0.00564	0.00796	0.01042	0.03861	0.72223	0.14510	0.01214	0.00506	0.00158	0.00228	0.01090	0.00373	0.00329
12	0.00499	0.00369	0.00463	0.00532	0.00578	0.00341	0.00361	0.00591	0.02022	0.01053	0.04744	0.66027	0.16180	0.03543	0.00545	0.00163	0.00232	0.01053	0.00371	0.00332
13	0.01070	0.03788	0.03584	0.08718	0.50041	0.10505	0.02479	0.04529	0.00961	0.04296	0.00772	0.00974	0.00626	0.00392	0.00421	0.00120	0.03628	0.00344	0.02167	0.00584
14	0.01048	0.01075	0.01211	0.01036	0.01104	0.15010	0.00848	0.09557	0.00834	0.01131	0.00588	0.00861	0.00541	0.00631	0.01062	0.00158	0.62296	0.00337	0.00204	0.00469
15	0.01149	0.00957	0.01329	0.06920	0.35946	0.06277	0.04375	0.10661	0.10078	0.11458	0.01004	0.03333	0.00786	0.00437	0.00400	0.00121	0.00454	0.00389	0.00286	0.03639
16	0.01299	0.41774	0.01601	0.00857	0.01140	0.36053	0.00731	0.10149	0.01065	0.01131	0.00628	0.00711	0.00534	0.00387	0.00316	0.00097	0.00553	0.00249	0.00211	0.00512
17	0.02866	0.00823	0.03249	0.02463	0.07600	0.03755	0.07280	0.12192	0.06228	0.12789	0.07071	0.09422	0.10126	0.00622	0.00478	0.00130	0.05627	0.01597	0.00336	0.05346
18	0.82368	0.00769	0.00614	0.00541	0.00794	0.00877	0.00446	0.01236	0.00717	0.07799	0.00633	0.00704	0.00475	0.00381	0.00260	0.00124	0.00313	0.00231	0.00266	0.00453
19	0.00547	0.00409	0.00508	0.00483	0.00587	0.00370	0.00362	0.00717	0.01087	0.01494	0.65897	0.03185	0.21151	0.00863	0.00473	0.00128	0.00192	0.00752	0.00426	0.00370
20	0.00888	0.00925	0.01820	0.31606	0.07795	0.00957	0.43142	0.03570	0.00916	0.01224	0.00809	0.03007	0.00633	0.00387	0.00441	0.00134	0.00595	0.00435	0.00203	0.00512
21	0.01658	0.00698	0.00914	0.00713	0.01007	0.00631	0.00585	0.06319	0.05371	0.69491	0.04065	0.01490	0.04096	0.00527	0.00408	0.00125	0.00336	0.00429	0.00480	0.00658
22	0.00571	0.00411	0.00544	0.00556	0.00588	0.00445	0.00383	0.00641	0.00639	0.00884	0.01330	0.16224	0.01457	0.36816	0.33990	0.00445	0.02905	0.00611	0.00252	0.00307
23	0.00861	0.00584	0.00693	0.00625	0.00785	0.00600	0.00481	0.02547	0.25588	0.11223	0.40814	0.05589	0.02467	0.00695	0.00437	0.00129	0.00251	0.00601	0.04538	0.00493
24	0.03530	0.00617	0.00760	0.00613	0.00852	0.00575	0.00497	0.07625	0.01091	0.48625	0.01421	0.01360	0.00967	0.00483	0.00359	0.00114	0.00297	0.00386	0.29251	0.00575
25	0.00799	0.00404	0.00413	0.00399	0.00505	0.00405	0.00303	0.03371	0.00880	0.03717	0.01305	0.01476	0.01017	0.00468	0.00287	0.00095	0.00199	0.00374	0.83190	0.00391
26	0.04971	0.00427	0.00445	0.00419	0.00543	0.00422	0.00322	0.01059	0.00868	0.10604	0.01304	0.01441	0.00996	0.00466	0.00292	0.00098	0.00210	0.00370	0.74332	0.00411
27	0.00490	0.00366	0.00449	0.00514	0.00569	0.00331	0.00353	0.00572	0.00813	0.01056	0.03816	0.61237	0.24136	0.01173	0.00497	0.00154	0.00223	0.01043	0.01878	0.00331
28	0.01548	0.00950	0.01066	0.00827	0.01129	0.02125	0.00679	0.49991	0.03051	0.27578	0.01253	0.01185	0.02911	0.00499	0.00399	0.00121	0.00398	0.00387	0.03242	0.00660
29	0.01063	0.83234	0.04933	0.00702	0.01054	0.01564	0.00714	0.01203	0.00816	0.00955	0.00563	0.00650	0.00514	0.00344	0.00262	0.00087	0.00435	0.00217	0.00171	0.00517
30	0.00495	0.00407	0.00437	0.00442	0.00565	0.00349	0.00334	0.00610	0.00935	0.01151	0.13489	0.07183	0.66048	0.01007	0.00480	0.00138	0.00211	0.04993	0.00381	0.00344
31	0.00495	0.00355	0.00471	0.00562	0.00591	0.00332	0.00382	0.00570	0.00778	0.01033	0.02257	0.80059	0.04826	0.01244	0.00513	0.00163	0.00238	0.04432	0.00372	0.00328
32	0.00757	0.00713	0.01203	0.84942	0.02762	0.00891	0.01114	0.01025	0.00802	0.01025	0.00713	0.01069	0.00535	0.00401	0.00401	0.00134	0.00535	0.00356	0.00178	0.00446
33	0.00489	0.00368	0.00450	0.00511	0.00568	0.00332	0.00351	0.00570	0.00817	0.01053	0.05105	0.58259	0.25693	0.02786	0.00529	0.00158	0.00226	0.01033	0.00372	0.00329
34	0.00646	0.00518	0.00672	0.00656	0.00733	0.03894	0.00501	0.02416	0.02504	0.00966	0.01075	0.01623	0.01019	0.11449	0.67027	0.00564	0.02711	0.00436	0.00225	0.00365
35	0.01799	0.00683	0.00931	0.00714	0.01024	0.00589	0.00589	0.01954	0.01148	0.83682	0.01582	0.01365	0.00993	0.00496	0.00403	0.00124	0.00341	0.00403	0.00496	0.00683
36	0.00832	0.00713	0.00832	0.00594	0.00950	0.00535	0.00475	0.01010	0.00832	0.01307	0.00713	0.00832	0.00594	0.00297	0.00297	0.00059	0.00297	0.00238	0.00238	0.88357
37	0.01113	0.63704	0.06910	0.00778	0.01102	0.14992	0.00750	0.01258	0.00868	0.00980	0.01732	0.00708	0.00561	0.00373	0.00314	0.00094	0.02836	0.00238	0.00181	0.00507
38	0.01799	0.00683	0.00931	0.00714	0.01024	0.00589	0.00589	0.01954	0.01148	0.83682	0.01582	0.01365	0.00993	0.00496	0.00403	0.00124	0.00341	0.00403	0.00496	0.00683
39	0.00832	0.00713	0.00832	0.00594	0.00950	0.00535	0.00475	0.01010	0.00832	0.01307	0.00713	0.00832	0.00594	0.00297	0.00297	0.00059	0.00297	0.00238	0.00238	0.88357
40	0.00576	0.00419	0.00591	0.00591	0.00644	0.00472	0.00435	0.00682	0.00629	0.00891	0.01123	0.01846	0.01120	0.24418	0.63067	0.00578	0.00897	0.00469	0.00222	0.00328
41	0.01121	0.02439	0.00990	0.00850	0.01090	0.11567	0.00665	0.11548	0.59671	0.01671	0.01387	0.01307	0.01045	0.00512	0.00397	0.00128	0.00385	0.00409	0.00374	0.02445
42	0.03663	0.31417	0.14492	0.00783	0.01127	0.01036	0.01740	0.04402	0.00954	0.26851	0.01017	0.05829	0.00792	0.00463	0.00370	0.00113	0.02358	0.00352	0.00296	0.01945
43	0.04142	0.03528	0.13234	0.01136	0.12441	0.08834	0.07019	0.12308	0.14173	0.06939	0.05734	0.01138	0.00897	0.00443	0.00389	0.00119	0.00457	0.00371	0.00294	0.06402

[dist]
# distance from previous block
# <min> <max>
0	9

[block]
# block no. 3 follows, 67 sequences, length 9
# corresponding to MSA columns:
# 167-175
name=unknown_D
#
# <colnr> <probs for GDERKNQSTAVLIFYWHMCP>
#	G	D	E	R	K	N	Q	S	T	A	V	L	I	F	Y	W	H	M	C	P
0	0.00560	0.00418	0.00532	0.00625	0.06484	0.00398	0.00376	0.00626	0.00748	0.00987	0.05181	0.33058	0.14940	0.32020	0.01054	0.00236	0.00301	0.00818	0.00315	0.00322
1	0.03547	0.05994	0.06870	0.02295	0.21709	0.06299	0.04334	0.14724	0.01053	0.06454	0.03993	0.11433	0.01014	0.02360	0.02129	0.00142	0.04369	0.00458	0.00279	0.00543
2	0.00960	0.01130	0.07041	0.01535	0.01924	0.03131	0.65239	0.03262	0.06330	0.01329	0.00899	0.01190	0.00695	0.00383	0.00461	0.00135	0.00634	0.02951	0.00224	0.00546
3	0.00565	0.00389	0.00453	0.00473	0.00492	0.00381	0.00293	0.00595	0.00657	0.00864	0.01663	0.15233	0.07578	0.61594	0.01603	0.00323	0.00351	0.05943	0.00280	0.00271
4	0.05117	0.02405	0.11472	0.10121	0.34773	0.00919	0.04979	0.10844	0.00995	0.04506	0.00896	0.07063	0.00760	0.00447	0.00396	0.00124	0.00466	0.00402	0.00244	0.03072
5	0.04287	0.00913	0.04999	0.16968	0.08292	0.08603	0.07645	0.08760	0.00923	0.01241	0.01049	0.16647	0.01028	0.03075	0.01715	0.00154	0.10147	0.02836	0.00251	0.00468
6	0.00557	0.00373	0.00488	0.00557	0.00603	0.00345	0.00382	0.00634	0.00795	0.04906	0.02274	0.71434	0.07914	0.03675	0.00550	0.00166	0.00244	0.03386	0.00374	0.00342
7	0.21138	0.05320	0.05092	0.06596	0.08016	0.08319	0.07885	0.14182	0.03687	0.10959	0.00864	0.02148	0.00656	0.00452	0.00397	0.02680	0.00452	0.00337	0.00282	0.00540
8	0.01132	0.47129	0.09705	0.00899	0.04613	0.16639	0.02340	0.03689	0.03993	0.03034	0.00689	0.00786	0.00578	0.00451	0.02694	0.00115	0.00518	0.00265	0.00204	0.00528

[dist]
# distance from previous block
# <min> <max>
0	10

[block]
# block no. 4 follows, 67 sequences, length 28
# corresponding to MSA columns:
# 186-213
name=unknown_E
#
# <colnr> <probs for GDERKNQSTAVLIFYWHMCP>
#	G	D	E	R	K	N	Q	S	T	A	V	L	I	F	Y	W	H	M	C	P
0	0.03675	0.07944	0.01241	0.00975	0.01231	0.52415	0.04857	0.12463	0.01175	0.04204	0.00710	0.00796	0.00563	0.00408	0.00360	0.00105	0.00611	0.00283	0.00244	0.05741
1	0.35625	0.00760	0.00830	0.00659	0.00947	0.00751	0.05328	0.03478	0.06218	0.06233	0.04070	0.02583	0.00765	0.00401	0.00316	0.00105	0.00327	0.00307	0.00281	0.30016
2	0.00627	0.00485	0.00638	0.00628	0.00698	0.03046	0.00472	0.02773	0.00680	0.00947	0.01090	0.01713	0.01057	0.16998	0.65623	0.00571	0.00931	0.00449	0.00224	0.00350
3	0.00607	0.00475	0.00668	0.03648	0.00756	0.00555	0.00497	0.00718	0.00661	0.00933	0.03228	0.04801	0.04039	0.19011	0.48118	0.00478	0.09736	0.00497	0.00232	0.00345
4	0.00883	0.05252	0.03099	0.00926	0.06451	0.07271	0.11462	0.04006	0.06756	0.05694	0.05417	0.16323	0.14071	0.00678	0.00457	0.00129	0.03036	0.01331	0.00308	0.06452
5	0.00921	0.03167	0.06189	0.03171	0.01841	0.04940	0.59154	0.01215	0.00918	0.01222	0.00913	0.07305	0.00784	0.00446	0.00495	0.00137	0.03972	0.02484	0.00216	0.00513
6	0.00877	0.00854	0.01653	0.01260	0.01508	0.00881	0.43757	0.01113	0.00839	0.05343	0.02264	0.05229	0.00843	0.00986	0.17288	0.00243	0.13874	0.00478	0.00228	0.00483
7	0.00776	0.00611	0.00703	0.00679	0.02875	0.02663	0.00508	0.05243	0.21804	0.01482	0.24623	0.03362	0.05527	0.01055	0.14204	0.00212	0.00406	0.02753	0.10053	0.00461
8	0.00631	0.00522	0.00721	0.00691	0.00778	0.04513	0.03417	0.00773	0.00676	0.00939	0.01051	0.01563	0.00985	0.06438	0.73688	0.00589	0.01013	0.00430	0.00215	0.00365
9	0.00497	0.00358	0.00472	0.00557	0.00590	0.00334	0.00380	0.00577	0.00793	0.01054	0.05088	0.75776	0.06424	0.01224	0.00510	0.00161	0.00235	0.04264	0.00375	0.00330
10	0.00554	0.00390	0.00480	0.00524	0.00598	0.00353	0.00367	0.00659	0.01952	0.04719	0.08096	0.53034	0.24558	0.01119	0.00493	0.00151	0.00228	0.00991	0.00383	0.00353
11	0.00969	0.01214	0.21125	0.01451	0.28135	0.03122	0.02292	0.03793	0.29575	0.01450	0.01076	0.02260	0.00836	0.00445	0.00399	0.00127	0.00454	0.00386	0.00273	0.00616
12	0.00994	0.00988	0.01246	0.51375	0.12532	0.14837	0.01034	0.09984	0.00990	0.01217	0.00730	0.00990	0.00560	0.00406	0.00394	0.00125	0.00549	0.00341	0.00210	0.00499
13	0.00496	0.00364	0.00466	0.00536	0.00581	0.00334	0.00368	0.00582	0.00822	0.01085	0.09510	0.66371	0.13527	0.01184	0.00504	0.00156	0.00227	0.02176	0.00378	0.00333
14	0.01004	0.00519	0.00681	0.00612	0.00769	0.00478	0.00467	0.05313	0.01067	0.28860	0.27076	0.27478	0.02348	0.00827	0.00458	0.00136	0.00266	0.00725	0.00437	0.00480
15	0.00812	0.01910	0.72284	0.06695	0.01830	0.00935	0.07493	0.01255	0.00851	0.01255	0.00726	0.00879	0.00517	0.00379	0.00389	0.00128	0.00595	0.00314	0.00172	0.00579
16	0.00716	0.00489	0.00624	0.00577	0.00692	0.00497	0.00438	0.03832	0.07542	0.06277	0.43969	0.02344	0.02490	0.06969	0.17832	0.00250	0.00413	0.00590	0.03044	0.00414
17	0.00840	0.00809	0.01406	0.54861	0.26776	0.00918	0.06465	0.01103	0.00845	0.01127	0.00732	0.01047	0.00570	0.00384	0.00405	0.00129	0.00527	0.00364	0.00186	0.00508
18	0.01316	0.00954	0.01027	0.00821	0.01084	0.01048	0.00665	0.61472	0.05565	0.02232	0.01147	0.08611	0.00924	0.00552	0.00397	0.00122	0.00387	0.00437	0.10626	0.00612
19	0.00545	0.00444	0.00463	0.00450	0.00588	0.00396	0.00338	0.00728	0.07025	0.02473	0.09993	0.03541	0.67237	0.03368	0.00512	0.00142	0.00218	0.00793	0.00379	0.00367
20	0.00761	0.00457	0.00570	0.00515	0.00659	0.00405	0.00396	0.00920	0.01077	0.16035	0.46944	0.02944	0.25138	0.00816	0.00461	0.00128	0.00220	0.00701	0.00432	0.00421
21	0.00488	0.00352	0.00462	0.00551	0.00580	0.00326	0.00369	0.00559	0.00775	0.01027	0.02301	0.81649	0.06589	0.01245	0.00510	0.00162	0.00231	0.01126	0.00372	0.00326
22	0.00593	0.00425	0.00509	0.00523	0.00634	0.00384	0.00400	0.00733	0.02157	0.05381	0.16273	0.19411	0.37205	0.01010	0.00488	0.00146	0.00240	0.12729	0.00390	0.00369
23	0.02800	0.00870	0.00882	0.00790	0.01006	0.06379	0.00612	0.03842	0.58739	0.08048	0.05278	0.06483	0.01332	0.00582	0.00410	0.00133	0.00338	0.00483	0.00398	0.00594
24	0.01048	0.77752	0.07447	0.00729	0.01077	0.01532	0.00745	0.01198	0.00810	0.00966	0.00567	0.00665	0.00515	0.00358	0.00301	0.00092	0.03288	0.00224	0.00172	0.00517
25	0.00498	0.00357	0.00467	0.00544	0.00574	0.00333	0.00364	0.00574	0.00788	0.01053	0.07722	0.73228	0.05215	0.05520	0.00586	0.00171	0.00237	0.01074	0.00370	0.00326
26	0.00895	0.05579	0.04000	0.06200	0.01122	0.00690	0.00595	0.05190	0.00883	0.02915	0.00728	0.00856	0.00593	0.00335	0.00344	0.00076	0.02981	0.00259	0.00239	0.65519
27	0.02180	0.34871	0.05168	0.00916	0.05243	0.14310	0.01496	0.15253	0.04644	0.05259	0.00756	0.00828	0.00606	0.00410	0.00369	0.00106	0.03831	0.00285	0.00247	0.03222

[dist]
# distance from previous block
# <min> <max>
0	1

[block]
# block no. 5 follows, 67 sequences, length 14
# corresponding to MSA columns:
# 215-228
name=unknown_F
#
# <colnr> <probs for GDERKNQSTAVLIFYWHMCP>
#	G	D	E	R	K	N	Q	S	T	A	V	L	I	F	Y	W	H	M	C	P
0	0.03068	0.16490	0.26120	0.01064	0.04658	0.06147	0.10726	0.10270	0.03586	0.03750	0.00818	0.02186	0.00651	0.00417	0.00388	0.00117	0.02099	0.01825	0.00232	0.05386
1	0.01114	0.09032	0.03524	0.07221	0.31080	0.05979	0.12980	0.08574	0.03923	0.08933	0.00873	0.01053	0.00684	0.02762	0.00440	0.00127	0.00499	0.00368	0.00249	0.00584
2	0.00500	0.00356	0.00471	0.00559	0.00583	0.00335	0.00376	0.00571	0.00764	0.01017	0.02154	0.77800	0.02572	0.06001	0.00599	0.00176	0.00247	0.04233	0.00365	0.00323
3	0.00589	0.00444	0.00511	0.00509	0.00630	0.00407	0.00386	0.00782	0.06407	0.04063	0.20671	0.13972	0.41393	0.00961	0.00478	0.00140	0.00228	0.06654	0.00394	0.00379
4	0.00970	0.07295	0.37062	0.02530	0.04236	0.03582	0.04863	0.08697	0.13065	0.04604	0.04128	0.01157	0.02913	0.01523	0.00423	0.00128	0.01618	0.00369	0.00259	0.00576
5	0.04066	0.09355	0.24991	0.06066	0.07189	0.03499	0.11600	0.12846	0.02486	0.03852	0.00939	0.09587	0.00802	0.00482	0.00396	0.00126	0.00500	0.00417	0.00249	0.00552
6	0.00543	0.00385	0.00481	0.00531	0.00599	0.00351	0.00377	0.00636	0.00842	0.03638	0.07674	0.50848	0.21924	0.03485	0.00542	0.00160	0.00239	0.06024	0.00377	0.00344
7	0.00583	0.00389	0.00437	0.00437	0.00437	0.00389	0.00243	0.00583	0.00583	0.00778	0.01264	0.02624	0.01458	0.85906	0.02041	0.00389	0.00389	0.00583	0.00243	0.00243
8	0.01024	0.15636	0.28036	0.02154	0.07411	0.08082	0.11536	0.04464	0.06031	0.05392	0.03254	0.00982	0.00706	0.00413	0.00408	0.00120	0.03219	0.00340	0.00228	0.00563
9	0.04423	0.03597	0.00681	0.02550	0.00799	0.03874	0.00478	0.01084	0.17938	0.04134	0.12942	0.09287	0.29401	0.00812	0.00443	0.00136	0.00284	0.06331	0.00370	0.00436
10	0.00606	0.00410	0.00470	0.00476	0.00500	0.00409	0.00299	0.02249	0.00668	0.00894	0.01483	0.04823	0.04971	0.67834	0.01709	0.00339	0.00370	0.08336	0.02880	0.00274
11	0.00570	0.00424	0.00623	0.00627	0.00691	0.00487	0.00478	0.00701	0.00645	0.00924	0.01130	0.04795	0.01097	0.08825	0.75343	0.00608	0.00994	0.00467	0.00223	0.00349
12	0.05475	0.36891	0.08273	0.03712	0.03139	0.08780	0.02165	0.08447	0.06324	0.06055	0.00816	0.03567	0.00676	0.00418	0.00329	0.00106	0.00450	0.00308	0.00243	0.03826
13	0.00769	0.08026	0.02681	0.00862	0.10649	0.02184	0.02672	0.03970	0.01943	0.04401	0.06661	0.33508	0.08800	0.00816	0.00439	0.00133	0.00325	0.03447	0.00322	0.07391

[dist]
# distance from previous block
# <min> <max>
6	9

[block]
# block no. 6 follows, 67 sequences, length 37
# corresponding to MSA columns:
# 238-251,255-258,260-278
name=unknown_G
#
# <colnr> <probs for GDERKNQSTAVLIFYWHMCP>
#	G	D	E	R	K	N	Q	S	T	A	V	L	I	F	Y	W	H	M	C	P
0	0.01014	0.04475	0.09780	0.15779	0.41884	0.09965	0.05607	0.03416	0.00939	0.02315	0.00741	0.00957	0.00593	0.00377	0.00391	0.00120	0.00531	0.00342	0.00202	0.00573
1	0.00500	0.00360	0.00475	0.00554	0.00591	0.00335	0.00380	0.00584	0.00807	0.01075	0.08007	0.72865	0.06479	0.01209	0.00509	0.00160	0.00234	0.04169	0.00377	0.00332
2	0.00767	0.06452	0.43206	0.00915	0.01281	0.00805	0.04866	0.01978	0.03930	0.01159	0.02952	0.02921	0.02953	0.13619	0.07618	0.02925	0.00550	0.00403	0.00213	0.00486
3	0.03427	0.00878	0.01013	0.00998	0.13159	0.09129	0.02834	0.04017	0.12999	0.04530	0.00986	0.04812	0.00845	0.04523	0.03762	0.00139	0.03229	0.00373	0.00272	0.28076
4	0.00574	0.00417	0.00514	0.00530	0.00613	0.00393	0.00385	0.00678	0.00886	0.04826	0.16241	0.37662	0.28736	0.01046	0.00526	0.00147	0.04180	0.00906	0.00380	0.00360
5	0.00725	0.00450	0.00532	0.00505	0.00644	0.00395	0.00384	0.00843	0.00949	0.14894	0.13383	0.10416	0.42480	0.06113	0.00566	0.00153	0.00248	0.05531	0.00394	0.00396
6	0.29572	0.00818	0.00817	0.00681	0.00933	0.00896	0.00552	0.23777	0.12739	0.11108	0.02969	0.01206	0.04761	0.00489	0.00349	0.00123	0.00334	0.00365	0.06962	0.00549
7	0.24185	0.37293	0.11663	0.00736	0.01073	0.02421	0.00724	0.12918	0.00945	0.01452	0.00668	0.00778	0.00547	0.00388	0.00297	0.00108	0.00419	0.01214	0.01649	0.00523
8	0.00519	0.00411	0.00471	0.00498	0.00602	0.00369	0.00376	0.00651	0.02423	0.01137	0.09841	0.20414	0.46690	0.02262	0.00514	0.00151	0.00235	0.11713	0.00376	0.00348
9	0.00496	0.00354	0.00473	0.00566	0.00593	0.00332	0.00384	0.00570	0.00775	0.01032	0.02207	0.82054	0.02637	0.01250	0.00514	0.00164	0.00239	0.04661	0.00372	0.00328
10	0.28754	0.02025	0.00865	0.00709	0.00966	0.04907	0.00574	0.22014	0.12512	0.11969	0.05003	0.01243	0.05839	0.00501	0.00358	0.00124	0.00358	0.00373	0.00354	0.00550
11	0.00862	0.04353	0.69551	0.01176	0.01731	0.00948	0.10409	0.01293	0.00867	0.04061	0.00755	0.00885	0.00536	0.00379	0.00388	0.00127	0.00589	0.00317	0.00184	0.00588
12	0.00580	0.00431	0.00521	0.00505	0.00613	0.00398	0.00376	0.00781	0.05290	0.02938	0.47632	0.12338	0.24305	0.00900	0.00473	0.00133	0.00207	0.00783	0.00415	0.00381
13	0.00508	0.00412	0.00444	0.00448	0.00562	0.00363	0.00329	0.00636	0.02811	0.01135	0.12635	0.10799	0.58718	0.06276	0.00574	0.00153	0.00221	0.02258	0.00373	0.00343
14	0.02747	0.05038	0.03360	0.00911	0.01227	0.01153	0.03923	0.60971	0.04450	0.07382	0.01034	0.04159	0.00775	0.00497	0.00399	0.00122	0.00433	0.00390	0.00380	0.00648
15	0.00804	0.02074	0.83828	0.01143	0.01736	0.00931	0.01482	0.01270	0.00847	0.01270	0.00720	0.00847	0.00508	0.00381	0.00381	0.00127	0.00593	0.00296	0.00169	0.00593
16	0.01151	0.00639	0.00745	0.00623	0.00808	0.00642	0.00482	0.19088	0.03730	0.22693	0.03577	0.01650	0.04618	0.14214	0.01496	0.05494	0.00338	0.00443	0.17073	0.00495
17	0.00991	0.36178	0.37747	0.00913	0.01358	0.04957	0.01034	0.06336	0.00912	0.01205	0.00664	0.00765	0.00526	0.00369	0.00327	0.00106	0.00509	0.00263	0.00190	0.04651
18	0.01139	0.02552	0.01095	0.00863	0.01117	0.03289	0.09421	0.27470	0.15803	0.09286	0.10637	0.01658	0.07374	0.01488	0.02965	0.00146	0.00414	0.02341	0.00374	0.00568
19	0.00517	0.00399	0.00474	0.00492	0.00587	0.00356	0.00365	0.00643	0.00948	0.01234	0.26958	0.21701	0.36363	0.01017	0.00488	0.00142	0.00217	0.06358	0.00393	0.00350
20	0.00957	0.02611	0.00921	0.00660	0.01004	0.02912	0.00533	0.12458	0.03360	0.01473	0.00769	0.00862	0.00621	0.00334	0.00316	0.00072	0.00332	0.00261	0.00263	0.69280
21	0.00825	0.00724	0.00990	0.00915	0.03807	0.02584	0.08203	0.07347	0.08891	0.01289	0.01507	0.16605	0.04501	0.00792	0.00614	0.00151	0.14858	0.18920	0.00310	0.06169
22	0.03743	0.12638	0.07864	0.10248	0.18418	0.08088	0.05006	0.18288	0.02219	0.01474	0.00759	0.00901	0.00595	0.00390	0.00366	0.00112	0.00487	0.00319	0.00242	0.07843
23	0.00706	0.00464	0.00581	0.00531	0.00661	0.00432	0.00405	0.00937	0.06016	0.09910	0.59310	0.02855	0.14040	0.00797	0.00462	0.00128	0.00214	0.00692	0.00436	0.00419
24	0.00520	0.00378	0.00488	0.00541	0.00592	0.00352	0.00374	0.01784	0.00877	0.01181	0.20544	0.59953	0.08665	0.01130	0.00499	0.00152	0.00224	0.01014	0.00388	0.00344
25	0.01004	0.05431	0.01533	0.10438	0.52861	0.00993	0.04701	0.07941	0.05768	0.01379	0.00856	0.01130	0.00711	0.00406	0.00400	0.00123	0.00473	0.03021	0.00230	0.00600
26	0.00552	0.00431	0.00540	0.02124	0.02491	0.01747	0.00432	0.00688	0.04493	0.01077	0.02306	0.62682	0.11654	0.01139	0.00499	0.00157	0.00260	0.06010	0.00364	0.00355
27	0.00489	0.00405	0.00428	0.00426	0.00552	0.00344	0.00318	0.00603	0.00943	0.01162	0.16211	0.06434	0.68313	0.00993	0.00475	0.00135	0.00202	0.00837	0.00383	0.00344
28	0.00529	0.00370	0.00458	0.00508	0.00531	0.00354	0.00326	0.00580	0.00717	0.00954	0.04358	0.46790	0.05383	0.33414	0.01092	0.00247	0.00292	0.02472	0.00325	0.00297
29	0.01416	0.03110	0.01259	0.01192	0.10783	0.55530	0.04438	0.09889	0.02563	0.05059	0.00741	0.00837	0.00586	0.00415	0.00376	0.00110	0.00633	0.00299	0.00242	0.00524
30	0.01007	0.00932	0.01549	0.07658	0.59830	0.00977	0.04907	0.03976	0.02160	0.03841	0.00778	0.01009	0.00639	0.00403	0.00489	0.00127	0.08536	0.00365	0.00214	0.00603
31	0.00563	0.00383	0.00440	0.00455	0.00466	0.00376	0.00267	0.00579	0.00629	0.00832	0.01553	0.15932	0.05686	0.68208	0.01720	0.00340	0.00355	0.00685	0.00270	0.00261
32	0.00638	0.00526	0.03252	0.00633	0.00717	0.02406	0.00466	0.02308	0.10305	0.03329	0.02017	0.65722	0.02281	0.01089	0.00488	0.00156	0.00275	0.02632	0.00370	0.00390
33	0.01164	0.00896	0.00938	0.04715	0.01106	0.07281	0.00645	0.15509	0.37470	0.12541	0.06793	0.02634	0.02461	0.03445	0.00465	0.00137	0.00374	0.00449	0.00388	0.00588
34	0.01106	0.01032	0.01082	0.02043	0.04313	0.20584	0.02661	0.02276	0.07170	0.10733	0.00870	0.01058	0.00714	0.00884	0.12913	0.00207	0.24483	0.00352	0.00252	0.05267
35	0.06978	0.11204	0.06712	0.01106	0.14275	0.18636	0.01837	0.13519	0.07211	0.03050	0.00838	0.00943	0.01451	0.01747	0.00382	0.00113	0.00481	0.00313	0.00257	0.08946
36	0.02965	0.05496	0.03800	0.07841	0.10142	0.00823	0.02225	0.05393	0.16204	0.02847	0.02629	0.02566	0.01678	0.03307	0.01562	0.00124	0.02394	0.01518	0.00275	0.26209

[dist]
# distance from previous block
# <min> <max>
2	19

[block]
# block no. 7 follows, 67 sequences, length 40
# corresponding to MSA columns:
# 298-337
name=unknown_H
#
# <colnr> <probs for GDERKNQSTAVLIFYWHMCP>
#	G	D	E	R	K	N	Q	S	T	A	V	L	I	F	Y	W	H	M	C	P
0	0.13852	0.02321	0.02929	0.00936	0.06539	0.03792	0.05917	0.28092	0.07829	0.08933	0.03357	0.08222	0.00967	0.02609	0.00430	0.00132	0.00406	0.00430	0.00338	0.01969
1	0.06456	0.01033	0.00858	0.00792	0.02733	0.26824	0.00593	0.10446	0.05516	0.02807	0.13042	0.06723	0.08868	0.00809	0.07555	0.00164	0.00492	0.00472	0.00308	0.03510
2	0.00935	0.01760	0.00890	0.02837	0.07633	0.01735	0.04077	0.10518	0.12386	0.10881	0.08516	0.02184	0.26559	0.03113	0.00474	0.00134	0.00330	0.00560	0.00360	0.04118
3	0.01179	0.00911	0.01166	0.06959	0.15927	0.00981	0.02902	0.34746	0.12158	0.06138	0.06528	0.06443	0.01076	0.00529	0.00415	0.00127	0.00409	0.00450	0.00351	0.00605
4	0.01221	0.19203	0.01217	0.00811	0.01055	0.28207	0.00661	0.13784	0.04291	0.05596	0.09415	0.02470	0.03033	0.00489	0.00376	0.00108	0.01693	0.00359	0.01709	0.04305
5	0.00958	0.00723	0.00888	0.00672	0.00971	0.00636	0.05193	0.09313	0.05695	0.06186	0.00951	0.01044	0.00739	0.00373	0.00327	0.00084	0.00318	0.00309	0.15639	0.48980
6	0.53392	0.00908	0.07152	0.00659	0.00956	0.00891	0.00584	0.11777	0.02612	0.12479	0.00786	0.00826	0.00569	0.00403	0.00304	0.00121	0.00353	0.00272	0.00297	0.04660
7	0.00576	0.00401	0.00508	0.00512	0.00537	0.00424	0.00335	0.00627	0.00612	0.00839	0.01241	0.05860	0.01358	0.54563	0.29453	0.00464	0.00611	0.00556	0.00239	0.00285
8	0.01179	0.05310	0.27570	0.01137	0.07365	0.26823	0.05688	0.03358	0.05274	0.09840	0.00888	0.00964	0.01988	0.00419	0.00382	0.00118	0.00572	0.00326	0.00241	0.00559
9	0.00549	0.00392	0.00462	0.00479	0.00520	0.00376	0.00314	0.00607	0.00731	0.00959	0.08049	0.16808	0.16218	0.43408	0.04712	0.00289	0.00343	0.04186	0.00306	0.00294
10	0.01414	0.01057	0.01122	0.00891	0.01188	0.02561	0.00726	0.58825	0.20464	0.05809	0.01138	0.01099	0.00818	0.00495	0.00402	0.00124	0.00413	0.00382	0.00404	0.00668
11	0.00561	0.00434	0.00620	0.00796	0.11142	0.00412	0.00486	0.00663	0.00818	0.01103	0.07180	0.64988	0.05300	0.01103	0.00494	0.00154	0.00263	0.02758	0.00354	0.00370
12	0.02464	0.02581	0.02185	0.00721	0.00959	0.05724	0.02135	0.10027	0.09282	0.29183	0.01973	0.02885	0.21505	0.00688	0.02303	0.00140	0.03807	0.00506	0.00387	0.00546
13	0.00484	0.00394	0.00429	0.00448	0.00555	0.00338	0.00325	0.00585	0.00897	0.01107	0.09246	0.22303	0.59382	0.01056	0.00482	0.00141	0.00209	0.00904	0.00377	0.00338
14	0.00779	0.00404	0.00408	0.00396	0.00499	0.00409	0.00300	0.04240	0.00884	0.01537	0.01294	0.01473	0.01014	0.00468	0.00285	0.00095	0.00197	0.00373	0.84558	0.00386
15	0.00981	0.10681	0.33981	0.01185	0.06073	0.14741	0.14476	0.01348	0.06634	0.01213	0.00911	0.01027	0.04155	0.00413	0.00387	0.00121	0.00568	0.00349	0.00208	0.00549
16	0.02364	0.01104	0.06771	0.00853	0.01121	0.18415	0.01951	0.12476	0.15600	0.22854	0.04305	0.03792	0.02407	0.00557	0.01198	0.00130	0.00450	0.02712	0.00363	0.00577
17	0.03447	0.01302	0.00926	0.00857	0.01021	0.48947	0.00651	0.01294	0.00956	0.03969	0.00827	0.01048	0.00708	0.01240	0.26973	0.00276	0.00787	0.00322	0.04016	0.00434
18	0.02415	0.00786	0.00872	0.00724	0.00958	0.00818	0.00582	0.35083	0.08038	0.06132	0.11753	0.06574	0.12374	0.00661	0.00425	0.00126	0.00336	0.04453	0.00391	0.06500
19	0.03484	0.52835	0.01706	0.00788	0.01089	0.18653	0.00706	0.09428	0.03697	0.02153	0.00659	0.00733	0.00559	0.00386	0.00315	0.00097	0.01723	0.00250	0.00216	0.00524
20	0.00781	0.00727	0.01195	0.67885	0.11686	0.00867	0.01063	0.02780	0.00846	0.01094	0.00957	0.01253	0.06330	0.00441	0.00406	0.00132	0.00503	0.00391	0.00199	0.00465
21	0.00578	0.00415	0.00567	0.00658	0.00723	0.00404	0.00527	0.00714	0.00860	0.01126	0.02201	0.37524	0.04208	0.01166	0.00535	0.00175	0.00310	0.46587	0.00371	0.00351
22	0.20134	0.00978	0.01014	0.00806	0.01101	0.01079	0.00662	0.48399	0.10101	0.10312	0.01009	0.00993	0.00717	0.00466	0.00369	0.00123	0.00390	0.00344	0.00379	0.00624
23	0.00800	0.00712	0.01192	0.81478	0.02691	0.00879	0.01092	0.01063	0.00816	0.04423	0.00749	0.01081	0.00553	0.00405	0.00401	0.00133	0.00527	0.00358	0.00191	0.00455
24	0.00815	0.00800	0.01342	0.01089	0.01239	0.02107	0.25101	0.03513	0.00798	0.01119	0.01032	0.16003	0.01037	0.02476	0.10339	0.00216	0.28065	0.02231	0.00236	0.00443
25	0.00533	0.00387	0.00476	0.00492	0.00554	0.00359	0.00339	0.00636	0.00886	0.01193	0.31116	0.27351	0.15495	0.17422	0.00788	0.00189	0.00243	0.00839	0.00372	0.00331
26	0.02363	0.00922	0.00916	0.00789	0.01032	0.10122	0.00621	0.08207	0.41889	0.19376	0.01640	0.01521	0.07706	0.00550	0.00405	0.00128	0.00368	0.00442	0.00399	0.00603
27	0.00953	0.00974	0.01840	0.06565	0.37405	0.00976	0.34061	0.02967	0.00918	0.01279	0.00784	0.01066	0.00636	0.01946	0.01900	0.00143	0.04408	0.00410	0.00204	0.00567
28	0.00571	0.00406	0.00542	0.00549	0.00587	0.00439	0.00381	0.00647	0.00628	0.00873	0.01246	0.08726	0.01328	0.38238	0.42530	0.00497	0.00715	0.00552	0.00239	0.00306
29	0.00574	0.00406	0.00517	0.00516	0.00551	0.00429	0.00347	0.00638	0.00634	0.00869	0.03344	0.02287	0.04706	0.48900	0.33102	0.00469	0.00636	0.00539	0.00243	0.00294
30	0.01499	0.01087	0.01172	0.00907	0.01221	0.01200	0.00746	0.73247	0.07439	0.05806	0.01035	0.01016	0.00732	0.00486	0.00402	0.00122	0.00429	0.00369	0.00406	0.00679
31	0.00845	0.14708	0.71547	0.01074	0.01630	0.01030	0.01362	0.01260	0.00842	0.01221	0.00695	0.00816	0.00509	0.00375	0.00362	0.00121	0.00568	0.00284	0.00170	0.00581
32	0.00556	0.00488	0.02896	0.00528	0.00667	0.00419	0.00433	0.00747	0.05220	0.01200	0.12232	0.05254	0.50180	0.00974	0.00484	0.00144	0.00252	0.16578	0.00376	0.00372
33	0.00513	0.00380	0.00478	0.00541	0.00599	0.00351	0.00388	0.00607	0.00828	0.01075	0.06270	0.50420	0.19751	0.04901	0.00575	0.00168	0.00249	0.11203	0.00369	0.00333
34	0.00727	0.06056	0.00801	0.00689	0.00793	0.07690	0.00540	0.04162	0.00749	0.00999	0.01033	0.04359	0.00983	0.06187	0.59714	0.00502	0.02977	0.00428	0.00225	0.00386
35	0.07073	0.15634	0.45598	0.01013	0.02763	0.05336	0.03501	0.03743	0.02708	0.01290	0.04092	0.00910	0.00666	0.00411	0.00393	0.00121	0.03689	0.00307	0.00202	0.00550
36	0.04128	0.00853	0.00792	0.00690	0.00887	0.13529	0.00537	0.18756	0.05972	0.08248	0.13931	0.06036	0.20497	0.00683	0.00420	0.00125	0.00356	0.00554	0.02518	0.00488
37	0.01093	0.00835	0.00887	0.00766	0.00988	0.03464	0.00601	0.21897	0.34335	0.08148	0.06716	0.09276	0.07947	0.00640	0.00423	0.00132	0.00338	0.00531	0.00403	0.00577
38	0.02902	0.04488	0.04593	0.06232	0.18351	0.34895	0.04363	0.06651	0.08205	0.04371	0.00809	0.00922	0.00635	0.00412	0.00379	0.00115	0.00567	0.00322	0.00242	0.00546
39	0.07989	0.15530	0.18480	0.01009	0.08119	0.06419	0.04331	0.08344	0.05790	0.01355	0.02336	0.07228	0.00828	0.00482	0.00401	0.00119	0.03606	0.01678	0.00244	0.05710

[dist]
# distance from previous block
# <min> <max>
3	34

[block]
# block no. 8 follows, 67 sequences, length 56
# corresponding to MSA columns:
# 372-427
name=unknown_I
#
# <colnr> <probs for GDERKNQSTAVLIFYWHMCP>
#	G	D	E	R	K	N	Q	S	T	A	V	L	I	F	Y	W	H	M	C	P
0	0.10319	0.10448	0.05772	0.00747	0.01015	0.00824	0.03929	0.10627	0.07512	0.22209	0.01417	0.13939	0.05111	0.00600	0.00392	0.00127	0.00362	0.01826	0.00353	0.02470
1	0.00686	0.00520	0.00693	0.00725	0.05232	0.00542	0.01646	0.07409	0.02217	0.02183	0.03034	0.20244	0.10809	0.13070	0.20772	0.00300	0.02228	0.06996	0.00306	0.00389
2	0.00959	0.09126	0.17574	0.11333	0.26758	0.02817	0.02316	0.06307	0.08521	0.02829	0.03348	0.02353	0.03147	0.00440	0.00389	0.00122	0.00471	0.00378	0.00240	0.00571
3	0.01092	0.00929	0.04924	0.00999	0.06074	0.06158	0.12351	0.06252	0.25185	0.14646	0.11180	0.01584	0.05733	0.00535	0.00423	0.00128	0.00406	0.00471	0.00358	0.00572
4	0.00529	0.00399	0.00517	0.00579	0.00622	0.00394	0.00406	0.00645	0.03298	0.01084	0.06850	0.66200	0.08421	0.01164	0.00540	0.00159	0.03909	0.03568	0.00369	0.00345
5	0.03888	0.02650	0.17169	0.06148	0.20650	0.00885	0.05595	0.05273	0.15088	0.02490	0.07831	0.03184	0.05542	0.00500	0.00415	0.00128	0.01294	0.00436	0.00276	0.00558
6	0.00998	0.00949	0.01596	0.04296	0.78295	0.00958	0.01207	0.02873	0.02516	0.01335	0.00775	0.01004	0.00645	0.00364	0.00397	0.00120	0.00474	0.00359	0.00206	0.00632
7	0.00606	0.00399	0.00494	0.00526	0.00611	0.00356	0.00373	0.00699	0.00865	0.08439	0.07482	0.50060	0.25407	0.01095	0.00489	0.00149	0.00231	0.00967	0.00387	0.00364
8	0.08059	0.00934	0.01221	0.01037	0.01086	0.05717	0.04343	0.01031	0.00663	0.01048	0.00546	0.00859	0.00522	0.00644	0.01141	0.00166	0.70015	0.00340	0.00184	0.00444
9	0.03411	0.02579	0.04856	0.12624	0.29945	0.09479	0.00974	0.08046	0.09710	0.02538	0.00889	0.03660	0.00740	0.00466	0.00469	0.00128	0.07475	0.01208	0.00245	0.00559
10	0.00521	0.00366	0.00484	0.00565	0.00594	0.00347	0.00380	0.02345	0.00782	0.01042	0.02116	0.80069	0.02523	0.01245	0.00556	0.04044	0.00242	0.01088	0.00364	0.00327
11	0.01096	0.01895	0.00860	0.00713	0.00934	0.00804	0.00567	0.23628	0.21143	0.12398	0.14094	0.05741	0.09806	0.00638	0.00420	0.00128	0.00316	0.00529	0.03732	0.00559
12	0.00730	0.00518	0.00602	0.00553	0.00693	0.00500	0.00422	0.12132	0.02128	0.05125	0.30617	0.13311	0.25508	0.00888	0.01697	0.00139	0.00255	0.00729	0.03033	0.00419
13	0.00917	0.01293	0.26127	0.15078	0.06303	0.08655	0.16997	0.01216	0.00895	0.04531	0.04578	0.02742	0.00772	0.00536	0.03697	0.00150	0.04389	0.00389	0.00214	0.00521
14	0.00509	0.00385	0.00449	0.00486	0.00571	0.00339	0.00344	0.00601	0.00862	0.02578	0.06788	0.41040	0.41400	0.01107	0.00490	0.00147	0.00218	0.00967	0.00378	0.00341
15	0.00697	0.00348	0.00522	0.00522	0.00522	0.00348	0.00348	0.00522	0.00522	0.00697	0.00697	0.01219	0.00697	0.01393	0.01567	0.88332	0.00348	0.00348	0.00174	0.00174
16	0.03630	0.01127	0.19451	0.09683	0.34031	0.00902	0.05279	0.04168	0.06628	0.03155	0.00978	0.02980	0.03344	0.00430	0.00397	0.00125	0.00477	0.00387	0.02252	0.00577
17	0.00935	0.00693	0.00829	0.00746	0.00874	0.04649	0.00582	0.04047	0.15360	0.12182	0.01184	0.03329	0.01018	0.09582	0.28131	0.00329	0.12938	0.00438	0.01688	0.00467
18	0.00795	0.00481	0.00609	0.00545	0.00686	0.00444	0.00418	0.02194	0.03851	0.15473	0.54971	0.02724	0.11761	0.02654	0.00493	0.00133	0.00229	0.00666	0.00437	0.00436
19	0.00832	0.00713	0.00832	0.00594	0.00950	0.00535	0.00475	0.01010	0.00832	0.01307	0.00713	0.00832	0.00594	0.00297	0.00297	0.00059	0.00297	0.00238	0.00238	0.88357
20	0.02965	0.29214	0.48592	0.00961	0.01441	0.01165	0.01138	0.06736	0.02115	0.01268	0.00693	0.00794	0.00531	0.00378	0.00340	0.00113	0.00519	0.00275	0.00191	0.00570
21	0.00512	0.00377	0.00483	0.00547	0.00604	0.00348	0.00392	0.00612	0.00848	0.01114	0.10937	0.54342	0.16348	0.01154	0.00506	0.00157	0.00238	0.09766	0.00379	0.00338
22	0.00517	0.00378	0.00488	0.00536	0.00594	0.00349	0.00380	0.00630	0.00897	0.01208	0.25877	0.49448	0.11284	0.01098	0.00499	0.00150	0.00223	0.04708	0.00392	0.00344
23	0.20677	0.00934	0.01030	0.00829	0.01093	0.05379	0.06217	0.28285	0.05654	0.13803	0.04564	0.04606	0.00899	0.00505	0.00414	0.00127	0.03679	0.00391	0.00349	0.00566
24	0.01497	0.01115	0.01151	0.00897	0.01206	0.06818	0.00733	0.63691	0.05232	0.08896	0.01009	0.00997	0.00716	0.00474	0.00395	0.00118	0.00442	0.00357	0.00390	0.03865
25	0.00587	0.00415	0.00531	0.00500	0.00603	0.00378	0.00376	0.00764	0.01105	0.03628	0.70964	0.04481	0.12480	0.00841	0.00472	0.00128	0.00195	0.00738	0.00434	0.00381
26	0.00626	0.00489	0.00579	0.00604	0.00728	0.00477	0.00490	0.03027	0.09141	0.01241	0.05587	0.09342	0.33180	0.00999	0.00499	0.00156	0.00287	0.31781	0.00378	0.00390
27	0.75531	0.00761	0.00625	0.00544	0.00798	0.00853	0.00447	0.02313	0.00740	0.07107	0.00658	0.00733	0.00497	0.00381	0.00263	0.00120	0.00310	0.00236	0.02601	0.04481
28	0.00580	0.00445	0.00642	0.00618	0.00667	0.00435	0.07596	0.00648	0.00713	0.00958	0.03843	0.39052	0.01951	0.36760	0.01169	0.00255	0.02237	0.00818	0.00300	0.00314
29	0.00500	0.00393	0.00449	0.00468	0.00565	0.00346	0.00339	0.00609	0.00911	0.01159	0.17845	0.24010	0.45602	0.02925	0.00519	0.00147	0.00215	0.02274	0.00382	0.00341
30	0.02578	0.26004	0.15053	0.00798	0.01051	0.07427	0.00767	0.02827	0.00792	0.01049	0.00784	0.01043	0.00694	0.01347	0.30872	0.00304	0.05629	0.00321	0.00196	0.00465
31	0.01045	0.25053	0.03774	0.01181	0.01468	0.13221	0.30297	0.01246	0.00872	0.01085	0.00657	0.00863	0.00551	0.00420	0.00553	0.00124	0.16553	0.00343	0.00189	0.00505
32	0.00783	0.05517	0.70820	0.01060	0.01579	0.00894	0.01327	0.01192	0.00839	0.01231	0.00880	0.08883	0.00745	0.00476	0.00391	0.00130	0.00547	0.01952	0.00192	0.00560
33	0.00488	0.00352	0.00463	0.00551	0.00580	0.00326	0.00369	0.00559	0.00775	0.01027	0.02295	0.81896	0.06345	0.01245	0.00510	0.00162	0.00231	0.01127	0.00372	0.00326
34	0.01052	0.06102	0.06391	0.00750	0.00947	0.24490	0.00616	0.10544	0.06148	0.01339	0.01088	0.09301	0.00966	0.04505	0.02693	0.00139	0.00456	0.00415	0.21595	0.00463
35	0.01503	0.00897	0.01036	0.00809	0.01101	0.00933	0.00663	0.43472	0.06038	0.29680	0.08533	0.01309	0.01093	0.00520	0.00409	0.00123	0.00378	0.00413	0.00437	0.00653
36	0.01050	0.58458	0.17534	0.00809	0.01197	0.01384	0.02392	0.06299	0.03096	0.02137	0.00662	0.00745	0.00552	0.00365	0.00300	0.00098	0.00459	0.00253	0.00197	0.02010
37	0.01295	0.34973	0.03200	0.00915	0.02626	0.39230	0.00764	0.08597	0.01055	0.01116	0.00628	0.00724	0.00533	0.00397	0.00347	0.00100	0.02528	0.00255	0.00209	0.00509
