[name]
unknown

[dist]
# distance from previous block
# <min> <max>
0	65

[block]
# block no. 0 follows, 64 sequences, length 10
# corresponding to MSA columns:
# 65-74
name=unknown_A
#
# <colnr> <probs for GDERKNQSTAVLIFYWHMCP>
#	G	D	E	R	K	N	Q	S	T	A	V	L	I	F	Y	W	H	M	C	P
0	0.00989	0.00697	0.00873	0.06169	0.01072	0.00747	0.00675	0.16566	0.07571	0.08460	0.04523	0.02704	0.01586	0.08859	0.00683	0.00180	0.04430	0.30356	0.00368	0.02492
1	0.03824	0.00940	0.03010	0.14892	0.19414	0.02702	0.03620	0.14462	0.05844	0.20345	0.01043	0.01130	0.00752	0.00454	0.00440	0.00129	0.03231	0.00380	0.00321	0.03066
2	0.19455	0.00853	0.01054	0.08738	0.20164	0.03464	0.00778	0.12970	0.04468	0.04883	0.04124	0.01222	0.00864	0.05085	0.09971	0.00203	0.00507	0.00378	0.00282	0.00536
3	0.00536	0.00393	0.00505	0.00555	0.00617	0.00362	0.00395	0.00653	0.00927	0.01243	0.24380	0.48200	0.12824	0.01139	0.00517	0.00156	0.00233	0.05604	0.00405	0.00356
4	0.05057	0.00822	0.01359	0.53754	0.28776	0.00944	0.01159	0.01138	0.00862	0.01196	0.00745	0.01061	0.00583	0.00399	0.00406	0.00133	0.00523	0.00363	0.00195	0.00525
5	0.01177	0.00906	0.01052	0.00904	0.01139	0.00986	0.03854	0.10626	0.46712	0.08986	0.13388	0.01768	0.01588	0.00647	0.00511	0.00154	0.03983	0.00518	0.00443	0.00658
6	0.00604	0.00403	0.00453	0.00453	0.00453	0.00403	0.00252	0.00604	0.00604	0.00805	0.01309	0.02718	0.01510	0.85402	0.02114	0.00403	0.00403	0.00604	0.00252	0.00252
7	0.01111	0.85652	0.02177	0.00711	0.01066	0.01644	0.00711	0.01244	0.00844	0.00977	0.00577	0.00666	0.00533	0.00355	0.00267	0.00089	0.00444	0.00222	0.00178	0.00533
8	0.01864	0.00707	0.00964	0.00739	0.01060	0.00611	0.00611	0.02024	0.01189	0.83099	0.01639	0.01414	0.01028	0.00514	0.00418	0.00129	0.00353	0.00418	0.00514	0.00707
9	0.00604	0.00403	0.00453	0.00453	0.00453	0.00403	0.00252	0.00604	0.00604	0.00805	0.01309	0.02718	0.01510	0.85402	0.02114	0.00403	0.00403	0.00604	0.00252	0.00252

[dist]
# distance from previous block
# <min> <max>
2	22

[block]
# block no. 1 follows, 64 sequences, length 13
# corresponding to MSA columns:
# 97-109
name=unknown_B
#
# <colnr> <probs for GDERKNQSTAVLIFYWHMCP>
#	G	D	E	R	K	N	Q	S	T	A	V	L	I	F	Y	W	H	M	C	P
0	0.00740	0.00594	0.00683	0.00643	0.00788	0.00625	0.00486	0.01285	0.31535	0.01594	0.38608	0.11197	0.07946	0.00803	0.00469	0.00139	0.00252	0.00699	0.00432	0.00483
1	0.02906	0.29123	0.14889	0.00920	0.01298	0.06169	0.08367	0.02806	0.06417	0.19400	0.00955	0.00984	0.00704	0.00416	0.00362	0.00115	0.00480	0.00327	0.00281	0.03080
2	0.01114	0.07700	0.27372	0.01057	0.06843	0.01008	0.02839	0.21503	0.03525	0.05133	0.00865	0.00947	0.00644	0.00408	0.00379	0.00113	0.00477	0.00324	0.00274	0.17477
3	0.01090	0.01160	0.14598	0.05298	0.01619	0.02516	0.25418	0.06670	0.12901	0.11020	0.03111	0.01190	0.00828	0.00478	0.00545	0.00140	0.10120	0.00424	0.00287	0.00587
4	0.00999	0.06679	0.01307	0.01038	0.01139	0.12434	0.06182	0.01122	0.00767	0.03378	0.00689	0.00998	0.00630	0.00956	0.12321	0.00227	0.48100	0.00362	0.00203	0.00466
5	0.00893	0.00953	0.11218	0.06647	0.06107	0.00832	0.14690	0.05567	0.18424	0.03295	0.19287	0.03071	0.06015	0.00582	0.00450	0.00135	0.00423	0.00530	0.00334	0.00545
6	0.00855	0.00816	0.01186	0.06981	0.25895	0.07698	0.08788	0.01079	0.01063	0.01443	0.37223	0.01943	0.02091	0.00590	0.00451	0.00128	0.00407	0.00543	0.00317	0.00502
7	0.00982	0.00956	0.08274	0.34150	0.23771	0.00933	0.04805	0.06196	0.02592	0.06809	0.04659	0.01180	0.00795	0.00438	0.00433	0.00133	0.01692	0.00393	0.00244	0.00564
8	0.01498	0.01090	0.01182	0.00910	0.01239	0.01179	0.00748	0.66055	0.06780	0.06205	0.01048	0.01039	0.00748	0.00487	0.00407	0.00121	0.00432	0.00371	0.00406	0.08056
9	0.01080	0.00972	0.03570	0.06441	0.14920	0.01003	0.13603	0.21943	0.16625	0.01694	0.03384	0.03472	0.00960	0.02234	0.06049	0.00174	0.00517	0.00449	0.00313	0.00599
10	0.00932	0.00910	0.01445	0.42961	0.39462	0.04823	0.01193	0.01187	0.00900	0.01195	0.00754	0.01054	0.00601	0.00395	0.00412	0.00130	0.00535	0.00365	0.00196	0.00553
11	0.83529	0.00783	0.00607	0.00545	0.00793	0.00902	0.00447	0.01197	0.00733	0.01853	0.05071	0.00808	0.00640	0.00411	0.00270	0.00129	0.00314	0.00254	0.00268	0.00447
12	0.52240	0.00900	0.00826	0.00782	0.05982	0.04802	0.00583	0.16913	0.01008	0.04004	0.00848	0.07901	0.00726	0.00489	0.00330	0.00130	0.00373	0.00351	0.00300	0.00512

[dist]
# distance from previous block
# <min> <max>
0	1

[block]
# block no. 2 follows, 64 sequences, length 34
# corresponding to MSA columns:
# 111-144
name=unknown_C
#
# <colnr> <probs for GDERKNQSTAVLIFYWHMCP>
#	G	D	E	R	K	N	Q	S	T	A	V	L	I	F	Y	W	H	M	C	P
0	0.00552	0.00399	0.00534	0.00571	0.00622	0.00399	0.00402	0.00652	0.00801	0.01092	0.13094	0.38140	0.06945	0.10423	0.21920	0.01454	0.00474	0.00846	0.00337	0.00343
1	0.01415	0.01023	0.01170	0.07441	0.03683	0.01127	0.00793	0.51898	0.13098	0.09194	0.01168	0.01255	0.00862	0.00523	0.00422	0.00131	0.00436	0.03294	0.00400	0.00667
2	0.01225	0.00988	0.01047	0.00884	0.01153	0.01123	0.00704	0.30091	0.53864	0.02047	0.01447	0.01355	0.01070	0.00541	0.00420	0.00135	0.00374	0.00436	0.00420	0.00675
3	0.00518	0.00408	0.00472	0.00497	0.00596	0.00362	0.00363	0.00631	0.00931	0.01183	0.14775	0.25894	0.44633	0.01153	0.02891	0.00163	0.00248	0.03537	0.00391	0.00355
4	0.00591	0.00407	0.00529	0.00578	0.00643	0.00380	0.00418	0.00703	0.00898	0.03778	0.16819	0.44762	0.09212	0.06635	0.00625	0.00177	0.00264	0.11826	0.00393	0.00361
5	0.00828	0.00676	0.00748	0.00714	0.00873	0.00743	0.00544	0.01514	0.45533	0.01458	0.06187	0.10873	0.09398	0.07369	0.00624	0.02685	0.00313	0.08016	0.00393	0.00511
6	0.14844	0.00504	0.00628	0.00615	0.00730	0.00555	0.00483	0.00838	0.00782	0.02390	0.12089	0.02015	0.06885	0.03413	0.46464	0.00435	0.00739	0.04919	0.00284	0.00389
7	0.00772	0.00458	0.00579	0.00566	0.00659	0.00430	0.00400	0.00905	0.03354	0.13763	0.19969	0.28487	0.05547	0.20196	0.00860	0.00206	0.00288	0.01770	0.00392	0.00398
8	0.03389	0.00432	0.00481	0.00484	0.00528	0.00432	0.00309	0.03105	0.00741	0.01058	0.03046	0.14605	0.05857	0.50658	0.01419	0.00293	0.00339	0.01524	0.10990	0.00310
9	0.15003	0.00527	0.00575	0.00589	0.00708	0.00542	0.00437	0.03656	0.07178	0.03713	0.03582	0.39542	0.09189	0.00935	0.00447	0.00149	0.00271	0.04675	0.07869	0.00413
10	0.00592	0.00392	0.00510	0.00574	0.00619	0.00367	0.00393	0.00669	0.00813	0.04968	0.03622	0.62548	0.05774	0.11096	0.00710	0.00194	0.00271	0.05162	0.00377	0.00349
11	0.00588	0.00404	0.00497	0.00516	0.00536	0.00410	0.00329	0.00631	0.00668	0.00901	0.02832	0.16896	0.01730	0.55140	0.13018	0.00387	0.00468	0.03480	0.00279	0.00290
12	0.00529	0.00411	0.00471	0.00497	0.00590	0.00367	0.00361	0.00632	0.00901	0.01137	0.10515	0.21709	0.42994	0.09534	0.00669	0.00176	0.00249	0.07533	0.00379	0.00344
13	0.00902	0.00503	0.00631	0.00605	0.00750	0.00462	0.00455	0.01083	0.05929	0.22480	0.06114	0.33884	0.18440	0.00962	0.00482	0.00149	0.00272	0.03607	0.01829	0.00461
14	0.00704	0.00377	0.00550	0.00550	0.00571	0.00390	0.00382	0.00612	0.00591	0.00834	0.00843	0.01350	0.00805	0.01647	0.15560	0.65451	0.00475	0.00377	0.07700	0.00231
15	0.07113	0.00734	0.00781	0.00681	0.00874	0.02534	0.00538	0.20907	0.12958	0.01839	0.28832	0.02195	0.09680	0.00690	0.00435	0.00131	0.00308	0.03260	0.05002	0.00509
16	0.00847	0.02054	0.75825	0.01236	0.01832	0.00973	0.08865	0.01317	0.00886	0.01317	0.00754	0.00899	0.00536	0.00391	0.00403	0.00132	0.00622	0.00324	0.00179	0.00609
17	0.00551	0.00405	0.00461	0.00472	0.00533	0.00375	0.00312	0.00622	0.00819	0.01060	0.13249	0.16173	0.27549	0.34291	0.01136	0.00247	0.00289	0.00800	0.00342	0.00315
18	0.80821	0.00798	0.00665	0.07744	0.00980	0.00931	0.00510	0.01207	0.00718	0.01795	0.00592	0.00712	0.00459	0.00388	0.00271	0.00129	0.00341	0.00237	0.00251	0.00451
19	0.43366	0.00983	0.01855	0.02579	0.02069	0.04587	0.03322	0.28784	0.01167	0.01984	0.00780	0.00926	0.00609	0.04853	0.00428	0.00141	0.00414	0.00312	0.00305	0.00537
20	0.00595	0.00420	0.00568	0.00576	0.00616	0.00456	0.00403	0.00671	0.00650	0.00904	0.01266	0.08515	0.01339	0.33994	0.43886	0.03268	0.00753	0.00560	0.00245	0.00317
21	0.00642	0.00466	0.00521	0.00511	0.00582	0.00454	0.00340	0.07540	0.00856	0.01110	0.04686	0.16472	0.22298	0.40268	0.01246	0.00265	0.00326	0.00753	0.00328	0.00334
22	0.59287	0.21916	0.01047	0.00632	0.00910	0.08215	0.00545	0.01264	0.00781	0.01571	0.00584	0.00679	0.00478	0.00382	0.00269	0.00117	0.00388	0.00228	0.00234	0.00473
23	0.85384	0.00816	0.00632	0.00560	0.00820	0.00944	0.00461	0.03951	0.00749	0.01889	0.00593	0.00686	0.00459	0.00389	0.00262	0.00128	0.00326	0.00230	0.00262	0.00459
24	0.00689	0.00717	0.10306	0.00807	0.00953	0.00656	0.04860	0.00871	0.00709	0.02299	0.01029	0.01525	0.00947	0.07898	0.56010	0.00511	0.08144	0.00435	0.00219	0.00413
25	0.00574	0.00659	0.11895	0.00568	0.00755	0.00450	0.00514	0.00764	0.01017	0.01348	0.32612	0.05747	0.39780	0.00894	0.00478	0.00136	0.00262	0.00761	0.00383	0.00402
26	0.01014	0.61995	0.20744	0.00805	0.01208	0.01420	0.00880	0.01227	0.00857	0.01063	0.00805	0.00888	0.04807	0.00401	0.00308	0.00101	0.00471	0.00276	0.00188	0.00542
27	0.00887	0.01209	0.20588	0.14760	0.02702	0.01098	0.15590	0.01160	0.01717	0.01156	0.00692	0.00980	0.00567	0.00525	0.00804	0.00154	0.34330	0.00375	0.00189	0.00516
28	0.00927	0.01009	0.02047	0.03269	0.03111	0.00975	0.61246	0.01305	0.07254	0.01322	0.01194	0.01409	0.07728	0.00516	0.02887	0.00156	0.02349	0.00514	0.00241	0.00542
29	0.00600	0.00421	0.00544	0.00544	0.00575	0.00452	0.00365	0.00662	0.00631	0.00873	0.01226	0.02258	0.01310	0.50546	0.36697	0.00515	0.00703	0.00537	0.00239	0.00302
30	0.06795	0.00894	0.09619	0.06343	0.05049	0.00821	0.00728	0.11923	0.17369	0.05583	0.09632	0.02770	0.12961	0.03293	0.00497	0.00145	0.01730	0.02959	0.00350	0.00537
31	0.00573	0.00417	0.00538	0.00522	0.00615	0.00383	0.00386	0.00749	0.01119	0.01564	0.68711	0.12062	0.08982	0.00912	0.00494	0.00135	0.00202	0.00806	0.00445	0.00383
32	0.01169	0.56063	0.07200	0.00850	0.03197	0.10373	0.00786	0.05052	0.07914	0.02900	0.00738	0.00805	0.00617	0.00394	0.00314	0.00101	0.00478	0.00269	0.00221	0.00558
33	0.02557	0.24703	0.03691	0.05664	0.24155	0.16066	0.00906	0.04661	0.03125	0.03388	0.00820	0.00950	0.02377	0.00405	0.00359	0.00110	0.00504	0.00315	0.00227	0.05017

[dist]
# distance from previous block
# <min> <max>
0	5

[block]
# block no. 3 follows, 64 sequences, length 32
# corresponding to MSA columns:
# 150-181
name=unknown_D
#
# <colnr> <probs for GDERKNQSTAVLIFYWHMCP>
#	G	D	E	R	K	N	Q	S	T	A	V	L	I	F	Y	W	H	M	C	P
0	0.00975	0.12368	0.17655	0.03471	0.11647	0.06205	0.20227	0.01351	0.08927	0.02319	0.07030	0.02279	0.02788	0.00456	0.00416	0.00127	0.00528	0.00421	0.00247	0.00563
1	0.00573	0.00443	0.00532	0.00526	0.00640	0.00399	0.00390	0.00746	0.03424	0.01357	0.34207	0.19955	0.26344	0.00973	0.00490	0.00140	0.00225	0.03307	0.00407	0.04924
2	0.02051	0.03876	0.02958	0.47097	0.11425	0.01949	0.12319	0.02348	0.00891	0.03908	0.02026	0.01099	0.00643	0.00427	0.00472	0.00136	0.05269	0.00384	0.00210	0.00513
3	0.03309	0.02602	0.32674	0.07913	0.08492	0.03042	0.03372	0.16370	0.12241	0.01599	0.00943	0.02363	0.00714	0.00449	0.00403	0.00130	0.00514	0.00366	0.00266	0.02239
4	0.02729	0.19626	0.03251	0.03921	0.01149	0.07487	0.00704	0.09420	0.34398	0.03410	0.06321	0.03668	0.01139	0.00526	0.00387	0.00125	0.00404	0.00415	0.00337	0.00584
5	0.00909	0.00505	0.00647	0.00617	0.00756	0.00468	0.00465	0.01093	0.05618	0.22273	0.13802	0.30551	0.10583	0.04145	0.00548	0.00159	0.00280	0.05698	0.00426	0.00459
6	0.01026	0.03847	0.04198	0.06708	0.03027	0.03750	0.41551	0.08311	0.10191	0.01448	0.02737	0.01142	0.00765	0.00415	0.00468	0.00131	0.02970	0.00432	0.00255	0.06627
7	0.00498	0.00419	0.00433	0.00443	0.00574	0.00354	0.00332	0.00604	0.00937	0.01122	0.04011	0.09457	0.74576	0.01072	0.00496	0.00144	0.00218	0.03573	0.00386	0.00351
8	0.01552	0.01980	0.01177	0.01070	0.01284	0.83735	0.00803	0.01659	0.01177	0.01017	0.00642	0.00749	0.00535	0.00428	0.00375	0.00107	0.00749	0.00268	0.00214	0.00482
9	0.00574	0.00420	0.00546	0.00601	0.00676	0.00396	0.00462	0.00709	0.00930	0.01229	0.17394	0.30544	0.13506	0.04260	0.00590	0.00174	0.00279	0.25956	0.00393	0.00360
10	0.01131	0.81686	0.02129	0.00728	0.01076	0.05535	0.00715	0.01263	0.00860	0.00979	0.00581	0.00670	0.00533	0.00359	0.00272	0.00090	0.00459	0.00224	0.00179	0.00531
11	0.00571	0.00433	0.00539	0.00591	0.00690	0.00401	0.00472	0.00711	0.00941	0.01201	0.09331	0.18925	0.30703	0.01118	0.00530	0.00164	0.00282	0.31644	0.00390	0.00364
12	0.00641	0.00479	0.00588	0.00594	0.01515	0.00497	0.00416	0.02760	0.07516	0.01111	0.07659	0.12222	0.11081	0.28240	0.20256	0.00349	0.00506	0.02893	0.00312	0.00364
13	0.00577	0.00422	0.00542	0.00517	0.00615	0.00387	0.00386	0.00762	0.01144	0.01601	0.73552	0.06220	0.09958	0.00882	0.00491	0.00133	0.00199	0.00777	0.00449	0.00387
14	0.03199	0.01021	0.01249	0.01291	0.20081	0.13567	0.03109	0.03194	0.02190	0.32939	0.01072	0.01119	0.00771	0.00492	0.00546	0.00132	0.12709	0.00374	0.00331	0.00614
15	0.00807	0.00603	0.00746	0.00772	0.00916	0.00639	0.00645	0.01282	0.24936	0.04148	0.02093	0.05920	0.04425	0.00955	0.00520	0.00172	0.00356	0.49192	0.00399	0.00473
16	0.00926	0.03799	0.01080	0.00935	0.12041	0.00700	0.03355	0.01188	0.06259	0.02832	0.00821	0.00941	0.00669	0.00340	0.00336	0.00080	0.00353	0.00288	0.00254	0.62803
17	0.00774	0.00387	0.00387	0.00387	0.00484	0.00387	0.00290	0.00968	0.00871	0.01549	0.01355	0.01549	0.01065	0.00484	0.00290	0.00097	0.00194	0.00387	0.87708	0.00387
18	0.01048	0.10150	0.17456	0.04123	0.29396	0.11444	0.17916	0.01333	0.00955	0.01253	0.00747	0.00948	0.00595	0.00378	0.00405	0.00123	0.00588	0.00355	0.00198	0.00588
19	0.00732	0.00564	0.00651	0.00633	0.00683	0.06003	0.00448	0.03434	0.02075	0.00954	0.01157	0.10338	0.01218	0.25310	0.21924	0.17962	0.04814	0.00531	0.00246	0.00323
20	0.00506	0.00384	0.00467	0.00525	0.00590	0.00345	0.00364	0.00597	0.00867	0.01117	0.07831	0.54229	0.28290	0.01194	0.00515	0.00157	0.00228	0.01057	0.00390	0.00345
21	0.03555	0.17763	0.05944	0.02680	0.04111	0.03632	0.05161	0.09446	0.08727	0.02824	0.00992	0.01249	0.00851	0.00676	0.00811	0.00181	0.30011	0.00418	0.00314	0.00655
22	0.00816	0.00597	0.00689	0.00628	0.00786	0.00617	0.00478	0.01317	0.28151	0.06993	0.36522	0.02508	0.10342	0.05346	0.00547	0.00149	0.00263	0.00632	0.02127	0.00490
23	0.01250	0.01482	0.01053	0.07415	0.03550	0.53183	0.00748	0.01441	0.06419	0.01096	0.03666	0.03784	0.06684	0.04622	0.00497	0.00132	0.01861	0.00396	0.00252	0.00469
24	0.00987	0.00523	0.00681	0.00591	0.00753	0.00477	0.00456	0.03411	0.01136	0.25093	0.45466	0.02490	0.06981	0.03644	0.00584	0.04917	0.00266	0.00625	0.00447	0.00473
25	0.00802	0.00845	0.08176	0.31691	0.06706	0.01999	0.06498	0.02635	0.04362	0.01240	0.08483	0.07316	0.01268	0.03117	0.02054	0.00162	0.03468	0.08440	0.00262	0.00476
26	0.01111	0.85652	0.02177	0.00711	0.01066	0.01644	0.00711	0.01244	0.00844	0.00977	0.00577	0.00666	0.00533	0.00355	0.00267	0.00089	0.00444	0.00222	0.00178	0.00533
27	0.00676	0.01771	0.06267	0.03379	0.07448	0.00612	0.08257	0.00912	0.05535	0.01235	0.08954	0.11839	0.33661	0.00906	0.03272	0.00159	0.02395	0.01951	0.00330	0.00441
28	0.01103	0.00904	0.00961	0.00849	0.01094	0.01034	0.00665	0.07645	0.73365	0.05007	0.01641	0.01506	0.01220	0.00557	0.00422	0.00139	0.00339	0.00461	0.00426	0.00663
29	0.32973	0.09870	0.07655	0.05434	0.05985	0.04223	0.04462	0.08769	0.00924	0.01551	0.00860	0.04011	0.00760	0.00563	0.02624	0.00146	0.02157	0.06271	0.00258	0.00504
30	0.01111	0.85652	0.02177	0.00711	0.01066	0.01644	0.00711	0.01244	0.00844	0.00977	0.00577	0.00666	0.00533	0.00355	0.00267	0.00089	0.00444	0.00222	0.00178	0.00533
31	0.00862	0.00839	0.01187	0.48243	0.04225	0.06281	0.04041	0.01204	0.10377	0.01159	0.01097	0.03152	0.05210	0.00530	0.00506	0.00142	0.07487	0.02738	0.00237	0.00483

[dist]
# distance from previous block
# <min> <max>
0	2

[block]
# block no. 4 follows, 64 sequences, length 12
# corresponding to MSA columns:
# 184-195
name=unknown_E
#
# <colnr> <probs for GDERKNQSTAVLIFYWHMCP>
#	G	D	E	R	K	N	Q	S	T	A	V	L	I	F	Y	W	H	M	C	P
0	0.05621	0.00798	0.01017	0.08274	0.22077	0.08774	0.02416	0.01026	0.02822	0.01143	0.01181	0.12981	0.03005	0.16473	0.07768	0.00230	0.03162	0.00529	0.00251	0.00454
1	0.00625	0.05667	0.00669	0.00665	0.03897	0.00495	0.00456	0.03144	0.00856	0.01132	0.06124	0.49703	0.06119	0.11290	0.00697	0.00187	0.00297	0.07254	0.00354	0.00370
2	0.01098	0.00539	0.00713	0.00605	0.00795	0.00478	0.00476	0.01275	0.01169	0.34563	0.45579	0.02469	0.07048	0.00725	0.00461	0.00130	0.00260	0.00623	0.00476	0.00517
3	0.12172	0.01078	0.02999	0.04316	0.01288	0.07878	0.06415	0.36320	0.03882	0.11493	0.01108	0.03346	0.03233	0.00509	0.00421	0.00129	0.02051	0.00398	0.00356	0.00607
4	0.00938	0.07055	0.59307	0.01323	0.11372	0.06223	0.03809	0.02951	0.00927	0.01308	0.00741	0.00884	0.00550	0.00392	0.00391	0.00127	0.00597	0.00314	0.00187	0.00606
5	0.00810	0.08552	0.21510	0.07744	0.02577	0.05336	0.02316	0.01141	0.09210	0.01218	0.05773	0.19973	0.03176	0.02100	0.05079	0.00171	0.01981	0.00568	0.00276	0.00490
6	0.00507	0.00374	0.00476	0.00551	0.00597	0.00342	0.00375	0.00590	0.00836	0.01097	0.06179	0.68669	0.15402	0.01242	0.00522	0.00163	0.00234	0.01114	0.00389	0.00342
7	0.01217	0.01411	0.08220	0.01277	0.12878	0.30110	0.08723	0.12045	0.05643	0.01415	0.05919	0.01155	0.03104	0.00484	0.00459	0.00125	0.04612	0.00383	0.00266	0.00554
8	0.00596	0.00414	0.00525	0.00561	0.00593	0.00419	0.00388	0.00663	0.00713	0.00955	0.01636	0.18779	0.01851	0.43470	0.11733	0.00352	0.00457	0.15291	0.00298	0.00307
9	0.00875	0.01867	0.61729	0.01384	0.06847	0.00984	0.17823	0.01316	0.00902	0.01321	0.00767	0.00936	0.00556	0.00384	0.00415	0.00133	0.00624	0.00348	0.00184	0.00606
10	0.40811	0.23386	0.03368	0.00737	0.02648	0.10420	0.00629	0.05451	0.00894	0.04738	0.00662	0.00745	0.00529	0.00391	0.00296	0.00113	0.00421	0.00250	0.00246	0.03266
11	0.04106	0.00500	0.00616	0.01863	0.00788	0.00498	0.00533	0.02183	0.05572	0.01304	0.10326	0.11041	0.18679	0.03373	0.00562	0.00172	0.00315	0.36793	0.00382	0.00394

[dist]
# distance from previous block
# <min> <max>
10	15

[block]
# block no. 5 follows, 64 sequences, length 17
# corresponding to MSA columns:
# 213-229
name=unknown_F
#
# <colnr> <probs for GDERKNQSTAVLIFYWHMCP>
#	G	D	E	R	K	N	Q	S	T	A	V	L	I	F	Y	W	H	M	C	P
0	0.01178	0.07974	0.01231	0.02827	0.10011	0.32309	0.02379	0.06533	0.04846	0.01190	0.00899	0.01143	0.03092	0.06881	0.04505	0.00166	0.08911	0.00358	0.00239	0.03328
1	0.04039	0.18895	0.26692	0.01034	0.07132	0.04506	0.04420	0.04249	0.00910	0.03139	0.01060	0.03905	0.06755	0.04624	0.00515	0.00137	0.05094	0.00389	0.00229	0.02274
2	0.04442	0.00589	0.00696	0.00638	0.00751	0.00653	0.00504	0.02909	0.04648	0.01239	0.10862	0.03799	0.40334	0.01031	0.06135	0.00183	0.19182	0.00665	0.00334	0.00407
3	0.01013	0.06073	0.09437	0.05307	0.03680	0.05734	0.01573	0.18141	0.04565	0.03681	0.17337	0.01577	0.04512	0.00807	0.07775	0.00178	0.07305	0.00458	0.00319	0.00529
4	0.01142	0.07214	0.01089	0.00856	0.01118	0.01127	0.00686	0.17131	0.60889	0.01848	0.01477	0.01380	0.01107	0.00536	0.00410	0.00134	0.00362	0.00433	0.00403	0.00658
5	0.00964	0.00787	0.00925	0.00705	0.01014	0.00710	0.00566	0.10481	0.04736	0.03676	0.00906	0.05539	0.00778	0.00436	0.00426	0.00090	0.07156	0.00337	0.00284	0.59483
6	0.09250	0.35581	0.25108	0.01020	0.07903	0.06282	0.00980	0.07222	0.00951	0.01312	0.00677	0.00786	0.00546	0.00386	0.00332	0.00111	0.00505	0.00273	0.00207	0.00568
7	0.00622	0.00403	0.00517	0.00570	0.00636	0.00368	0.00398	0.00707	0.00846	0.07711	0.02467	0.61796	0.13678	0.04166	0.00573	0.00170	0.00256	0.03358	0.00391	0.00367
8	0.01076	0.68265	0.07492	0.00756	0.01102	0.03552	0.00756	0.03811	0.00876	0.01053	0.00647	0.00772	0.00579	0.00588	0.07046	0.00140	0.00518	0.00252	0.00190	0.00530
9	0.03601	0.09649	0.56118	0.02098	0.04596	0.04360	0.02723	0.02339	0.00903	0.03051	0.02825	0.00930	0.00632	0.00420	0.00424	0.00128	0.04100	0.00318	0.00199	0.00586
10	0.00610	0.00440	0.00528	0.00513	0.00638	0.00392	0.00397	0.00766	0.01059	0.04879	0.38332	0.03562	0.36645	0.00949	0.00496	0.00141	0.00227	0.08617	0.00422	0.00387
11	0.00661	0.00544	0.00606	0.00674	0.00744	0.07154	0.00515	0.00778	0.00879	0.01109	0.02122	0.37063	0.05677	0.07991	0.00661	0.00190	0.00349	0.31563	0.00360	0.00360
12	0.15648	0.05377	0.06533	0.13251	0.01498	0.01006	0.10961	0.14037	0.03916	0.13910	0.00953	0.03180	0.00720	0.00477	0.00463	0.00134	0.06691	0.00381	0.00299	0.00565
13	0.04673	0.10706	0.38625	0.09127	0.11329	0.04999	0.06131	0.01269	0.00873	0.01247	0.00710	0.00896	0.00550	0.00412	0.00455	0.00130	0.06791	0.00321	0.00188	0.00568
14	0.09515	0.00927	0.01032	0.00819	0.01124	0.02667	0.00669	0.29721	0.12437	0.34773	0.01304	0.01206	0.00885	0.00502	0.00402	0.00128	0.00392	0.00389	0.00438	0.00672
15	0.02906	0.00482	0.00562	0.00571	0.00688	0.00455	0.00428	0.06681	0.00983	0.04802	0.06773	0.32687	0.31015	0.01059	0.00498	0.00153	0.00264	0.08205	0.00393	0.00395
16	0.00827	0.00788	0.03223	0.22736	0.14186	0.00727	0.05045	0.01051	0.00879	0.01253	0.02719	0.06468	0.04633	0.00458	0.00390	0.00109	0.00418	0.00411	0.00240	0.33440

[dist]
# distance from previous block
# <min> <max>
0	1

[block]
# block no. 6 follows, 64 sequences, length 9
# corresponding to MSA columns:
# 231-239
name=unknown_G
#
# <colnr> <probs for GDERKNQSTAVLIFYWHMCP>
#	G	D	E	R	K	N	Q	S	T	A	V	L	I	F	Y	W	H	M	C	P
0	0.04278	0.00712	0.00923	0.00724	0.01021	0.00643	0.00591	0.07049	0.01143	0.58606	0.01467	0.04670	0.01018	0.00691	0.05859	0.00159	0.00400	0.00424	0.00449	0.09172
1	0.00999	0.06207	0.41417	0.05169	0.12421	0.00984	0.16086	0.01367	0.00932	0.09271	0.00845	0.00993	0.00613	0.00394	0.00411	0.00130	0.00577	0.00358	0.00219	0.00607
2	0.00645	0.00463	0.00591	0.00676	0.08511	0.00469	0.00374	0.00681	0.00643	0.00873	0.01241	0.02462	0.01387	0.70182	0.08819	0.00398	0.00471	0.00568	0.00245	0.00301
3	0.06822	0.04088	0.01261	0.37112	0.07344	0.03686	0.04572	0.16379	0.03906	0.04736	0.00901	0.03636	0.00708	0.00525	0.02474	0.00145	0.00513	0.00389	0.00265	0.00539
4	0.00847	0.08086	0.19707	0.06627	0.03364	0.00847	0.05270	0.07131	0.00971	0.02943	0.09576	0.09763	0.08160	0.00755	0.04269	0.00160	0.06071	0.02717	0.00281	0.02456
5	0.04135	0.04101	0.15182	0.11827	0.17694	0.04269	0.09808	0.07316	0.07645	0.05445	0.03060	0.04768	0.00849	0.00465	0.00413	0.00130	0.00502	0.00412	0.00263	0.01715
6	0.32043	0.00848	0.03247	0.06257	0.02896	0.10243	0.00577	0.03754	0.00910	0.01462	0.06558	0.06597	0.15795	0.02510	0.00424	0.00140	0.00376	0.04629	0.00298	0.00437
7	0.01135	0.23773	0.05826	0.03059	0.01202	0.11663	0.07188	0.05627	0.01027	0.11199	0.08890	0.03981	0.01044	0.00575	0.03522	0.00132	0.00487	0.00385	0.00281	0.09005
8	0.06722	0.05715	0.06194	0.18672	0.03420	0.03033	0.00799	0.04743	0.10613	0.03118	0.01073	0.10175	0.00992	0.07896	0.00685	0.00164	0.12079	0.01640	0.00267	0.02000

[dist]
# distance from previous block
# <min> <max>
3	17

[block]
# block no. 7 follows, 64 sequences, length 26
# corresponding to MSA columns:
# 257-282
name=unknown_H
#
# <colnr> <probs for GDERKNQSTAVLIFYWHMCP>
#	G	D	E	R	K	N	Q	S	T	A	V	L	I	F	Y	W	H	M	C	P
0	0.16540	0.14968	0.19764	0.00990	0.05073	0.17006	0.03068	0.02222	0.06599	0.04324	0.02931	0.00924	0.00687	0.00429	0.00382	0.00121	0.02879	0.00309	0.00240	0.00544
1	0.01828	0.05675	0.03964	0.00624	0.00783	0.00578	0.01907	0.01860	0.02134	0.21501	0.04317	0.11534	0.06423	0.31393	0.03467	0.00247	0.00389	0.00596	0.00343	0.00438
2	0.03543	0.25876	0.01318	0.00752	0.01077	0.18129	0.00633	0.03611	0.03362	0.01236	0.00703	0.00800	0.00592	0.00362	0.00315	0.00085	0.00444	0.00253	0.00230	0.36680
3	0.42130	0.00779	0.00823	0.00678	0.00948	0.00827	0.00559	0.03313	0.03215	0.36255	0.01066	0.01034	0.00729	0.00468	0.00399	0.00132	0.05381	0.00325	0.00370	0.00570
4	0.00774	0.00387	0.00387	0.00387	0.00484	0.00387	0.00290	0.00968	0.00871	0.01549	0.01355	0.01549	0.01065	0.00484	0.00290	0.00097	0.00194	0.00387	0.87708	0.00387
5	0.00904	0.00893	0.01300	0.13649	0.01390	0.01214	0.03121	0.02489	0.00699	0.01047	0.00591	0.00946	0.00552	0.00666	0.01179	0.00173	0.68169	0.00368	0.00187	0.00463
6	0.00513	0.00418	0.00454	0.00453	0.00576	0.00359	0.00336	0.00636	0.00987	0.01236	0.21105	0.08763	0.60670	0.01023	0.00493	0.00140	0.00209	0.00868	0.00401	0.00359
7	0.00660	0.00458	0.00549	0.00531	0.00568	0.00482	0.00344	0.05469	0.00699	0.00949	0.01246	0.02371	0.01356	0.61844	0.20348	0.00446	0.00565	0.00555	0.00255	0.00306
8	0.88336	0.00803	0.00611	0.00546	0.00803	0.00932	0.00450	0.01221	0.00707	0.01864	0.00578	0.00675	0.00450	0.00386	0.00257	0.00129	0.00321	0.00225	0.00257	0.00450
9	0.01468	0.01114	0.01208	0.00947	0.01256	0.03878	0.03000	0.62460	0.10043	0.04737	0.03361	0.01132	0.00862	0.00556	0.01903	0.00136	0.00462	0.00397	0.00405	0.00675
10	0.00522	0.00420	0.00466	0.00458	0.00581	0.00363	0.00342	0.00655	0.01015	0.01293	0.29054	0.06352	0.55027	0.00996	0.00492	0.00138	0.00207	0.00847	0.00408	0.00363
11	0.00930	0.07097	0.01037	0.00748	0.03770	0.03017	0.02311	0.03284	0.06485	0.01369	0.00834	0.02780	0.00703	0.00362	0.00330	0.00078	0.00349	0.00294	0.00258	0.63965
12	0.00600	0.00428	0.00543	0.00515	0.00621	0.00389	0.00386	0.00778	0.01131	0.03380	0.67140	0.05936	0.14827	0.00885	0.00490	0.00133	0.00203	0.00776	0.00446	0.00391
13	0.01538	0.01934	0.01172	0.01062	0.01279	0.79824	0.00798	0.03242	0.03431	0.01068	0.00678	0.00776	0.00559	0.00433	0.00377	0.00108	0.00732	0.00275	0.00224	0.00491
14	0.00925	0.00817	0.01390	0.31946	0.16250	0.00917	0.11538	0.01163	0.00882	0.06677	0.00969	0.01511	0.00832	0.00571	0.01830	0.00155	0.11307	0.09568	0.00237	0.00514
15	0.00581	0.00419	0.00549	0.00527	0.00619	0.00387	0.00391	0.00766	0.01142	0.01613	0.75562	0.10284	0.03817	0.00889	0.00493	0.00134	0.00200	0.00789	0.00451	0.00387
16	0.01116	0.01020	0.09668	0.11850	0.27553	0.00911	0.09312	0.07037	0.01928	0.14136	0.00941	0.01103	0.00704	0.00503	0.03145	0.00144	0.02331	0.00380	0.00268	0.05952
17	0.88336	0.00803	0.00611	0.00546	0.00803	0.00932	0.00450	0.01221	0.00707	0.01864	0.00578	0.00675	0.00450	0.00386	0.00257	0.00129	0.00321	0.00225	0.00257	0.00450
18	0.01023	0.28600	0.36645	0.00946	0.01388	0.02691	0.04308	0.02564	0.00920	0.08751	0.01004	0.01099	0.05623	0.02266	0.00402	0.00124	0.00510	0.00339	0.00228	0.00569
19	0.00647	0.00452	0.00546	0.00600	0.00625	0.00425	0.00385	0.00670	0.00786	0.01056	0.01976	0.49588	0.02312	0.34090	0.01186	0.00277	0.00342	0.03318	0.00363	0.00355
20	0.00873	0.00978	0.06635	0.10913	0.03980	0.00995	0.31782	0.01115	0.00847	0.01184	0.03376	0.02659	0.03061	0.04534	0.00787	0.00164	0.23148	0.02257	0.00218	0.00494
21	0.00501	0.00420	0.00428	0.00427	0.00558	0.00355	0.00316	0.00604	0.00939	0.01129	0.07369	0.03895	0.75212	0.05314	0.00573	0.00153	0.00220	0.00858	0.00382	0.00347
22	0.01003	0.00825	0.00880	0.00789	0.01003	0.00931	0.00608	0.06784	0.62150	0.03279	0.03647	0.04103	0.05760	0.05686	0.00532	0.00156	0.00330	0.00519	0.00412	0.00605
23	0.12732	0.00816	0.00905	0.00722	0.01020	0.05658	0.00584	0.03242	0.08389	0.43601	0.03973	0.01254	0.00972	0.00476	0.00380	0.00118	0.00360	0.00372	0.00410	0.14014
24	0.00979	0.00998	0.03786	0.13234	0.53003	0.05988	0.03506	0.02274	0.00944	0.01282	0.00958	0.06135	0.03144	0.00461	0.00432	0.00129	0.01510	0.00429	0.00221	0.00587
25	0.68142	0.03341	0.02974	0.00617	0.00899	0.00965	0.00525	0.08265	0.03122	0.01855	0.00660	0.00744	0.00510	0.00395	0.00283	0.00123	0.00344	0.00248	0.00270	0.05718

[dist]
# distance from previous block
# <min> <max>
2	9

[block]
# block no. 8 follows, 64 sequences, length 36
# corresponding to MSA columns:
# 294-329
name=unknown_I
#
# <colnr> <probs for GDERKNQSTAVLIFYWHMCP>
#	G	D	E	R	K	N	Q	S	T	A	V	L	I	F	Y	W	H	M	C	P
0	0.05840	0.00770	0.01084	0.25788	0.07195	0.03308	0.04598	0.04791	0.01904	0.03107	0.05248	0.01864	0.09260	0.02451	0.01761	0.00159	0.11127	0.09006	0.00270	0.00469
1	0.00987	0.00628	0.00783	0.00739	0.04843	0.00609	0.00543	0.01371	0.18307	0.19522	0.25773	0.05109	0.11210	0.00711	0.00451	0.00133	0.00287	0.02725	0.00427	0.04842
2	0.03297	0.04116	0.01035	0.05481	0.01166	0.03163	0.04844	0.03620	0.00919	0.05342	0.00859	0.00977	0.02519	0.00363	0.00352	0.00083	0.01689	0.00294	0.00258	0.59622
3	0.00794	0.03314	0.09387	0.02125	0.09767	0.00659	0.01634	0.04853	0.00909	0.02608	0.05048	0.11741	0.12760	0.06254	0.04271	0.03167	0.02237	0.01562	0.00287	0.16623
4	0.01073	0.32281	0.32784	0.01050	0.02855	0.08405	0.07580	0.05175	0.00960	0.03243	0.00718	0.00831	0.00561	0.00387	0.00356	0.00114	0.00555	0.00295	0.00203	0.00576
5	0.10784	0.01062	0.18018	0.02709	0.07923	0.00817	0.03717	0.10989	0.01092	0.24681	0.05427	0.08799	0.01075	0.00543	0.00411	0.00133	0.00426	0.00453	0.00347	0.00595
6	0.00538	0.00412	0.00525	0.00603	0.03059	0.00384	0.00413	0.00639	0.00852	0.01105	0.05557	0.44308	0.25077	0.03878	0.05809	0.00198	0.00306	0.05611	0.00368	0.00355
7	0.01463	0.17198	0.01371	0.01028	0.02699	0.64831	0.00794	0.03952	0.01135	0.01063	0.00643	0.00746	0.00542	0.00416	0.00357	0.00105	0.00680	0.00264	0.00213	0.00501
8	0.00591	0.00397	0.00457	0.00469	0.00473	0.00394	0.00269	0.00601	0.00629	0.00839	0.01437	0.13521	0.01672	0.74378	0.01907	0.00372	0.00382	0.00680	0.00269	0.00263
9	0.01371	0.02774	0.01105	0.00891	0.01174	0.06672	0.00716	0.33587	0.34908	0.10325	0.01317	0.01245	0.00956	0.00519	0.00413	0.00130	0.00413	0.00408	0.00410	0.00668
10	0.00909	0.00909	0.01272	0.01091	0.01091	0.01272	0.00909	0.01000	0.00636	0.01000	0.00545	0.00909	0.00545	0.00727	0.01363	0.00182	0.84642	0.00364	0.00182	0.00454
11	0.00707	0.00453	0.00585	0.00541	0.00662	0.00413	0.00412	0.00887	0.01138	0.09603	0.63297	0.03060	0.10795	0.02525	0.00518	0.00139	0.00223	0.03176	0.00450	0.00416
12	0.00507	0.00420	0.00433	0.00431	0.00556	0.00358	0.00315	0.00610	0.00933	0.01133	0.09473	0.03825	0.70140	0.08279	0.00630	0.00162	0.00226	0.00844	0.00379	0.00345
13	0.01361	0.04356	0.01341	0.01101	0.02367	0.43078	0.10720	0.12989	0.05892	0.03127	0.00823	0.00967	0.00662	0.02284	0.02905	0.00142	0.04752	0.00342	0.00259	0.00533
14	0.00833	0.02149	0.83250	0.01184	0.01798	0.00965	0.01535	0.01315	0.00877	0.01315	0.00745	0.00877	0.00526	0.00395	0.00395	0.00132	0.00614	0.00307	0.00175	0.00614
15	0.00580	0.00397	0.00480	0.00513	0.00528	0.00392	0.00322	0.00616	0.00681	0.00909	0.01635	0.26345	0.01902	0.54035	0.03946	0.00331	0.00376	0.05428	0.00297	0.00287
16	0.01579	0.01163	0.01247	0.00956	0.01288	0.01288	0.00789	0.81426	0.01953	0.02618	0.00997	0.00997	0.00706	0.00499	0.00416	0.00125	0.00457	0.00374	0.00416	0.00706
17	0.00602	0.00411	0.00493	0.00493	0.00507	0.00425	0.00302	0.00630	0.00616	0.00835	0.01272	0.02514	0.01421	0.69941	0.17455	0.00452	0.00536	0.00574	0.00246	0.00274
18	0.88336	0.00803	0.00611	0.00546	0.00803	0.00932	0.00450	0.01221	0.00707	0.01864	0.00578	0.00675	0.00450	0.00386	0.00257	0.00129	0.00321	0.00225	0.00257	0.00450
19	0.01004	0.45406	0.30454	0.00907	0.01347	0.02982	0.02732	0.01309	0.04145	0.01153	0.00696	0.00797	0.00566	0.00377	0.00327	0.00106	0.00504	0.00270	0.00191	0.04727
20	0.00603	0.00406	0.00471	0.00471	0.00477	0.00412	0.00274	0.00615	0.00609	0.00819	0.01293	0.02628	0.01471	0.78600	0.08863	0.00425	0.00461	0.00591	0.00249	0.00262
21	0.00591	0.00431	0.00608	0.00614	0.00669	0.00482	0.00451	0.00701	0.00661	0.00934	0.01226	0.06780	0.01245	0.21489	0.60533	0.00579	0.00902	0.00524	0.00239	0.00342
22	0.00861	0.00738	0.00861	0.00615	0.00984	0.00554	0.00492	0.01046	0.00861	0.01354	0.00738	0.00861	0.00615	0.00308	0.00308	0.00062	0.00308	0.00246	0.00246	0.87941
23	0.00632	0.00476	0.00682	0.00756	0.07437	0.00515	0.00500	0.00746	0.00696	0.00979	0.03561	0.03839	0.01294	0.26738	0.47104	0.00509	0.00794	0.02141	0.00243	0.00360
24	0.00510	0.00412	0.00455	0.00476	0.00588	0.00357	0.00352	0.00621	0.00937	0.01162	0.10452	0.19855	0.56659	0.01088	0.00502	0.00147	0.00223	0.04460	0.00392	0.00353
25	0.01152	0.43780	0.05483	0.00870	0.02912	0.23821	0.00759	0.01327	0.03359	0.01074	0.04885	0.04985	0.00838	0.00465	0.00363	0.00107	0.02763	0.00326	0.00220	0.00510
26	0.01552	0.01980	0.01177	0.01070	0.01284	0.83735	0.00803	0.01659	0.01177	0.01017	0.00642	0.00749	0.00535	0.00428	0.00375	0.00107	0.00749	0.00268	0.00214	0.00482
27	0.00888	0.00757	0.00875	0.00636	0.00997	0.00598	0.00509	0.02968	0.05552	0.01405	0.00799	0.00904	0.00655	0.00327	0.00317	0.00068	0.00312	0.00262	0.00260	0.80913
28	0.00506	0.00361	0.00482	0.00578	0.00602	0.00337	0.00386	0.00578	0.00795	0.01060	0.02289	0.85131	0.02747	0.01301	0.00530	0.00169	0.00241	0.01181	0.00386	0.00337
29	0.01111	0.85652	0.02177	0.00711	0.01066	0.01644	0.00711	0.01244	0.00844	0.00977	0.00577	0.00666	0.00533	0.00355	0.00267	0.00089	0.00444	0.00222	0.00178	0.00533
30	0.17178	0.00976	0.00987	0.04399	0.05051	0.18157	0.06419	0.04084	0.00954	0.12725	0.01059	0.01583	0.00942	0.16475	0.00716	0.00182	0.00486	0.06860	0.00290	0.00477
31	0.00979	0.00807	0.00866	0.00775	0.00991	0.00903	0.00603	0.07315	0.58087	0.02961	0.10724	0.03334	0.08559	0.00644	0.00437	0.00139	0.00312	0.00540	0.00424	0.00601
32	0.30487	0.00731	0.00804	0.00662	0.00930	0.00740	0.00540	0.05479	0.03770	0.39093	0.04558	0.02650	0.02184	0.00583	0.02827	0.00145	0.00355	0.00386	0.02497	0.00578
33	0.00964	0.00949	0.01682	0.21027	0.46578	0.00986	0.15091	0.01281	0.04884	0.01303	0.00826	0.01088	0.00659	0.00386	0.00426	0.00131	0.00535	0.00396	0.00212	0.00596
34	0.00633	0.00488	0.00568	0.00558	0.00666	0.00481	0.00409	0.03223	0.10189	0.01320	0.22331	0.16246	0.23835	0.10683	0.04414	0.00197	0.00299	0.02681	0.00386	0.00395
35	0.01130	0.04130	0.02081	0.00810	0.01059	0.05068	0.00648	0.08864	0.44114	0.10214	0.05341	0.05108	0.01266	0.00628	0.02413	0.00143	0.00379	0.00465	0.00393	0.05746

[dist]
# distance from previous block
# <min> <max>
1	3

[block]
# block no. 9 follows, 64 sequences, length 36
# corresponding to MSA columns:
# 338-357,360-375
name=unknown_J
#
# <colnr> <probs for GDERKNQSTAVLIFYWHMCP>
#	G	D	E	R	K	N	Q	S	T	A	V	L	I	F	Y	W	H	M	C	P
0	0.01006	0.20562	0.45192	0.01129	0.03070	0.07213	0.08461	0.02828	0.00926	0.03298	0.00733	0.00862	0.00557	0.00395	0.00393	0.00122	0.02167	0.00308	0.00196	0.00583
1	0.02212	0.00957	0.01243	0.14866	0.14987	0.07476	0.04066	0.08361	0.00968	0.02620	0.00749	0.00956	0.00609	0.00430	0.00520	0.00116	0.12791	0.00329	0.00235	0.25508
2	0.04480	0.00614	0.00698	0.04848	0.02393	0.07436	0.02803	0.00881	0.03360	0.03620	0.06829	0.37735	0.10777	0.05878	0.00578	0.00166	0.00339	0.05819	0.00349	0.00396
3	0.01055	0.00918	0.01441	0.03632	0.09149	0.00968	0.22706	0.08758	0.21676	0.06839	0.02933	0.01609	0.03085	0.00550	0.00519	0.00143	0.06324	0.06787	0.00323	0.00584
4	0.02966	0.00922	0.01132	0.05523	0.10242	0.00986	0.01816	0.31867	0.14771	0.14617	0.02818	0.03116	0.02892	0.00552	0.00427	0.00133	0.00411	0.03782	0.00389	0.00638
5	0.00598	0.00433	0.00615	0.00615	0.00673	0.00487	0.00455	0.00704	0.00656	0.00927	0.01201	0.01890	0.02717	0.19938	0.62817	0.03294	0.00926	0.00484	0.00230	0.00340
6	0.02373	0.00891	0.01236	0.06810	0.13145	0.08791	0.12608	0.05001	0.02195	0.01274	0.06114	0.07888	0.06933	0.01926	0.04952	0.00175	0.11600	0.05330	0.00270	0.00487
7	0.00593	0.00445	0.00668	0.00668	0.00742	0.00519	0.00519	0.00742	0.00668	0.00964	0.01113	0.01632	0.01038	0.03115	0.83756	0.00668	0.01113	0.00445	0.00223	0.00371
8	0.00774	0.10488	0.00964	0.03260	0.00888	0.03627	0.03152	0.03471	0.00749	0.01004	0.01049	0.05744	0.01068	0.23117	0.28193	0.00379	0.10973	0.00477	0.00232	0.00391
9	0.00976	0.00635	0.00748	0.00694	0.00868	0.00647	0.00532	0.06839	0.22585	0.16417	0.03834	0.26513	0.11426	0.00859	0.00470	0.00148	0.00302	0.04564	0.00422	0.00520
10	0.01349	0.12425	0.01448	0.03049	0.19619	0.06264	0.01806	0.37735	0.04102	0.05648	0.00918	0.00995	0.00696	0.00481	0.01534	0.00127	0.00486	0.00354	0.00319	0.00645
11	0.00663	0.00440	0.00569	0.00534	0.00645	0.00400	0.00401	0.00842	0.01136	0.07168	0.66285	0.08285	0.09307	0.00870	0.00488	0.00134	0.00211	0.00765	0.00451	0.00407
12	0.00565	0.00421	0.00525	0.00504	0.00608	0.00381	0.00376	0.00738	0.01114	0.01531	0.63489	0.06608	0.19789	0.00908	0.00492	0.00134	0.00201	0.00794	0.00440	0.00381
13	0.00861	0.00738	0.00861	0.00615	0.00984	0.00554	0.00492	0.01046	0.00861	0.01354	0.00738	0.00861	0.00615	0.00308	0.00308	0.00062	0.00308	0.00246	0.00246	0.87941
14	0.01028	0.00877	0.00930	0.00833	0.01064	0.01009	0.00648	0.04580	0.75572	0.01761	0.05687	0.01610	0.01382	0.00576	0.00426	0.00140	0.00326	0.00481	0.00424	0.00646
15	0.00728	0.00680	0.07109	0.03912	0.04520	0.00592	0.01681	0.02152	0.11133	0.04528	0.09879	0.20184	0.20940	0.02514	0.03087	0.00167	0.01563	0.03821	0.00358	0.00452
16	0.00595	0.00439	0.00638	0.00638	0.00701	0.00503	0.00482	0.00722	0.00659	0.00942	0.01140	0.01784	0.01104	0.14619	0.72343	0.00631	0.01013	0.00467	0.00227	0.00354
17	0.03477	0.01329	0.22800	0.19251	0.23888	0.07242	0.09485	0.05254	0.00968	0.01332	0.00763	0.00982	0.00586	0.00395	0.00409	0.00129	0.00572	0.00354	0.00206	0.00578
18	0.01065	0.00994	0.01643	0.07572	0.66640	0.01015	0.04208	0.09198	0.01039	0.01462	0.00802	0.01034	0.00655	0.00385	0.00415	0.00125	0.00501	0.00375	0.00225	0.00647
19	0.09222	0.00422	0.00518	0.00597	0.00655	0.00415	0.00428	0.00679	0.00810	0.01165	0.02144	0.64769	0.03945	0.01186	0.00508	0.00167	0.00267	0.11376	0.00372	0.00355
20	0.79709	0.00818	0.00673	0.04731	0.00929	0.00949	0.00502	0.05169	0.00774	0.01861	0.00607	0.00712	0.00468	0.00393	0.00273	0.00129	0.00340	0.00239	0.00261	0.00463
21	0.03160	0.00636	0.00868	0.00885	0.10434	0.00605	0.00609	0.04659	0.01059	0.31785	0.11316	0.19851	0.06845	0.00756	0.00481	0.00140	0.02725	0.02230	0.00413	0.00542
22	0.00884	0.01452	0.40498	0.02588	0.08308	0.04916	0.02188	0.07314	0.01024	0.02664	0.11386	0.03470	0.08790	0.00596	0.02006	0.00141	0.00505	0.00453	0.00265	0.00552
23	0.00538	0.00420	0.00488	0.00476	0.00591	0.00370	0.00355	0.00685	0.01050	0.01379	0.41532	0.07020	0.41678	0.00966	0.00492	0.00137	0.00205	0.00830	0.00420	0.00370
24	0.01031	0.48232	0.10280	0.02536	0.02412	0.05812	0.06296	0.01237	0.02571	0.01082	0.02617	0.00927	0.02375	0.00494	0.02331	0.00124	0.08611	0.00306	0.00200	0.00525
25	0.01033	0.00892	0.00939	0.00845	0.01080	0.01033	0.00657	0.02207	0.82061	0.01738	0.01691	0.01550	0.01268	0.00564	0.00423	0.00141	0.00329	0.00470	0.00423	0.00657
26	0.01249	0.01423	0.01088	0.00969	0.01167	0.46794	0.04675	0.04360	0.13935	0.01182	0.00939	0.01152	0.00795	0.06362	0.11893	0.00211	0.00697	0.00361	0.00258	0.00491
27	0.00980	0.01120	0.02451	0.01751	0.02171	0.01050	0.81303	0.01331	0.00980	0.01331	0.00840	0.01120	0.00630	0.00350	0.00490	0.00140	0.00700	0.00490	0.00210	0.00560
28	0.00594	0.00442	0.00650	0.00650	0.00718	0.00510	0.00497	0.00730	0.00662	0.00951	0.01129	0.01721	0.01077	0.09855	0.77069	0.00646	0.01054	0.00458	0.00225	0.00361
29	0.01650	0.01049	0.01176	0.00901	0.01231	0.01118	0.00745	0.61512	0.01761	0.22802	0.01158	0.01102	0.00787	0.00503	0.00416	0.00126	0.00431	0.00385	0.00440	0.00707
30	0.00593	0.00426	0.00551	0.00573	0.00651	0.00408	0.00415	0.00774	0.04555	0.02728	0.34340	0.37289	0.06582	0.01149	0.04612	0.00176	0.00274	0.03110	0.00410	0.00383
31	0.05835	0.02782	0.01213	0.05173	0.09371	0.12085	0.03095	0.28471	0.22828	0.03334	0.01077	0.01107	0.00807	0.00477	0.00403	0.00127	0.00468	0.00378	0.00342	0.00626
32	0.00876	0.04030	0.46867	0.01096	0.05490	0.00898	0.03625	0.05362	0.04931	0.02943	0.03409	0.06985	0.00961	0.06043	0.00547	0.00153	0.02286	0.02693	0.00243	0.00562
33	0.00959	0.06403	0.01247	0.02551	0.02185	0.08575	0.16888	0.05944	0.15517	0.03150	0.05862	0.02743	0.07267	0.05036	0.13579	0.00228	0.00574	0.00488	0.00298	0.00507
34	0.01015	0.05789	0.19606	0.03330	0.13627	0.07351	0.05572	0.05447	0.04954	0.02883	0.02779	0.01065	0.02165	0.00513	0.00648	0.00140	0.21960	0.00370	0.00229	0.00558
35	0.00892	0.00809	0.01026	0.07999	0.10136	0.04861	0.01889	0.06868	0.14291	0.01300	0.02875	0.03791	0.09127	0.04151	0.13895	0.00237	0.14595	0.00482	0.00283	0.00496

[dist]
# distance from previous block
# <min> <max>
1	10

[block]
# block no. 10 follows, 64 sequences, length 71
# corresponding to MSA columns:
# 388-444,446-459
name=unknown_K
#
# <colnr> <probs for GDERKNQSTAVLIFYWHMCP>
#	G	D	E	R	K	N	Q	S	T	A	V	L	I	F	Y	W	H	M	C	P
0	0.10216	0.04363	0.00934	0.07060	0.03777	0.05567	0.01814	0.09704	0.04075	0.07267	0.07702	0.07057	0.05072	0.05102	0.00496	0.00140	0.00384	0.06523	0.00323	0.12424
1	0.05821	0.04724	0.02865	0.16389	0.10467	0.03183	0.13299	0.08528	0.07633	0.03817	0.06956	0.06153	0.04373	0.00573	0.01389	0.00140	0.00471	0.02399	0.00289	0.00530
2	0.22412	0.01036	0.08666	0.08999	0.04778	0.07721	0.02737	0.09227	0.07373	0.03490	0.00876	0.02856	0.00709	0.00710	0.08130	0.00180	0.05736	0.00352	0.00265	0.03746
