[name]
unknown

[dist]
# distance from previous block
# <min> <max>
0	48

[block]
# block no. 0 follows, 64 sequences, length 8
# corresponding to MSA columns:
# 49-56
name=unknown_A
#
# <colnr> <probs for GDERKNQSTAVLIFYWHMCP>
#	G	D	E	R	K	N	Q	S	T	A	V	L	I	F	Y	W	H	M	C	P
0	0.01259	0.05449	0.16228	0.03633	0.13961	0.04114	0.03498	0.18324	0.08289	0.16363	0.04034	0.01162	0.00869	0.00464	0.00408	0.00126	0.00473	0.00383	0.00326	0.00637
1	0.05397	0.01193	0.12762	0.03380	0.11987	0.03723	0.03865	0.32329	0.05729	0.13991	0.01023	0.01060	0.00729	0.00458	0.00407	0.00127	0.00476	0.00369	0.00342	0.00654
2	0.00662	0.00454	0.00595	0.00574	0.00662	0.00461	0.00425	0.03349	0.00930	0.03938	0.31522	0.08674	0.04491	0.12686	0.25281	0.00327	0.00511	0.00642	0.03436	0.00382
3	0.05805	0.04509	0.16763	0.03083	0.03518	0.10097	0.17951	0.08136	0.12580	0.03995	0.00904	0.01030	0.00688	0.00455	0.00501	0.00134	0.08642	0.00374	0.00259	0.00575
4	0.01037	0.27421	0.25955	0.01012	0.04748	0.05034	0.04442	0.08217	0.04634	0.02794	0.06461	0.02640	0.00874	0.00457	0.00396	0.00119	0.02596	0.00353	0.00242	0.00569
5	0.02952	0.14767	0.29392	0.01066	0.03718	0.05815	0.08946	0.04819	0.03582	0.03906	0.07803	0.01097	0.00883	0.00457	0.00453	0.00125	0.06207	0.00361	0.00240	0.03409
6	0.04204	0.03745	0.01017	0.00735	0.01072	0.03934	0.03101	0.13586	0.04418	0.05974	0.03542	0.01005	0.00776	0.00387	0.00346	0.00088	0.00365	0.00308	0.00297	0.51102
7	0.01405	0.07020	0.01303	0.00992	0.04171	0.05851	0.04685	0.52552	0.03544	0.05175	0.08212	0.01182	0.00989	0.00506	0.00413	0.00123	0.00456	0.00400	0.00377	0.00644

[dist]
# distance from previous block
# <min> <max>
0	2

[block]
# block no. 1 follows, 64 sequences, length 23
# corresponding to MSA columns:
# 59-81
name=unknown_B
#
# <colnr> <probs for GDERKNQSTAVLIFYWHMCP>
#	G	D	E	R	K	N	Q	S	T	A	V	L	I	F	Y	W	H	M	C	P
0	0.01152	0.00570	0.00747	0.00627	0.00834	0.00507	0.00494	0.01353	0.03394	0.36020	0.35762	0.06017	0.03312	0.00688	0.00446	0.00128	0.00274	0.00591	0.01978	0.05106
1	0.00695	0.00447	0.00561	0.00520	0.00630	0.00408	0.00383	0.00848	0.01067	0.08923	0.53894	0.03006	0.13157	0.12801	0.00713	0.00170	0.00241	0.00716	0.00424	0.00396
2	0.48736	0.00745	0.00711	0.00624	0.00857	0.00811	0.00499	0.09032	0.02435	0.14103	0.04845	0.12890	0.01063	0.00570	0.00349	0.00134	0.00322	0.00433	0.00342	0.00499
3	0.01573	0.01107	0.01155	0.00905	0.01214	0.07350	0.00739	0.56524	0.03043	0.16571	0.04772	0.01156	0.00904	0.00513	0.00416	0.00125	0.00447	0.00392	0.00420	0.00675
4	0.00782	0.08108	0.00717	0.00552	0.00637	0.00640	0.00378	0.09551	0.05047	0.01104	0.01260	0.04610	0.01340	0.58267	0.01556	0.00312	0.00395	0.00546	0.03843	0.00355
5	0.00619	0.00402	0.00451	0.00450	0.00463	0.00401	0.00261	0.00644	0.00651	0.00907	0.04628	0.02630	0.01569	0.74384	0.01885	0.00364	0.00376	0.00591	0.08056	0.00269
6	0.18563	0.01324	0.01231	0.01474	0.30463	0.33212	0.00886	0.01402	0.00984	0.01325	0.00684	0.00840	0.00566	0.00392	0.00361	0.00115	0.00549	0.00295	0.00221	0.05111
7	0.74254	0.03025	0.00727	0.00608	0.00848	0.00966	0.00505	0.01239	0.00727	0.05531	0.00625	0.00730	0.00487	0.00421	0.00363	0.00132	0.07842	0.00246	0.00260	0.00464
8	0.00558	0.00399	0.00486	0.00517	0.00572	0.00374	0.00354	0.00650	0.00855	0.01145	0.17921	0.30553	0.14817	0.21974	0.00905	0.00214	0.00273	0.04674	0.02424	0.00332
9	0.01189	0.01134	0.08273	0.18213	0.07119	0.06445	0.07967	0.26941	0.09584	0.04844	0.00986	0.02670	0.00745	0.00472	0.00432	0.00132	0.01550	0.00397	0.00304	0.00603
10	0.00741	0.00468	0.00585	0.00533	0.00675	0.00414	0.00407	0.00907	0.01102	0.12416	0.48590	0.06362	0.21113	0.00854	0.00477	0.00132	0.00225	0.00738	0.00440	0.02820
11	0.00953	0.02403	0.00923	0.00650	0.01014	0.00641	0.00525	0.08151	0.00965	0.03380	0.00779	0.00883	0.00631	0.00330	0.00319	0.00069	0.00324	0.00261	0.00266	0.76531
12	0.01058	0.01374	0.28010	0.01449	0.23714	0.03311	0.04062	0.10971	0.08400	0.04647	0.01871	0.01044	0.00721	0.00418	0.00402	0.00123	0.00505	0.00357	0.00259	0.07302
13	0.01163	0.42983	0.14012	0.02511	0.07802	0.09406	0.00906	0.12430	0.02953	0.01309	0.00712	0.00809	0.00584	0.00395	0.00335	0.00107	0.00504	0.00281	0.00222	0.00576
14	0.01242	0.00817	0.00930	0.00798	0.01048	0.00879	0.00632	0.06437	0.49017	0.23150	0.07829	0.01647	0.01392	0.00577	0.00428	0.00137	0.00333	0.01608	0.00448	0.00649
15	0.01055	0.02337	0.22391	0.01603	0.32406	0.06282	0.01139	0.09800	0.12338	0.01491	0.00943	0.03135	0.00755	0.00450	0.00425	0.00129	0.02058	0.00380	0.00254	0.00627
16	0.00604	0.00403	0.00453	0.00453	0.00453	0.00403	0.00252	0.00604	0.00604	0.00805	0.01309	0.02718	0.01510	0.85402	0.02114	0.00403	0.00403	0.00604	0.00252	0.00252
17	0.01061	0.30835	0.28200	0.01086	0.03847	0.03412	0.10842	0.09925	0.04662	0.01352	0.00767	0.00878	0.00598	0.00394	0.00365	0.00117	0.00536	0.00315	0.00219	0.00589
18	0.00705	0.00483	0.00602	0.00623	0.00710	0.00474	0.00445	0.07956	0.04625	0.05583	0.10507	0.59257	0.04202	0.01103	0.00504	0.00157	0.00265	0.00986	0.00404	0.00410
19	0.00594	0.00440	0.00643	0.00640	0.00712	0.00500	0.00490	0.00736	0.00709	0.01016	0.08389	0.01836	0.01327	0.08429	0.70862	0.00602	0.00983	0.00483	0.00245	0.00365
20	0.01015	0.00986	0.03520	0.21041	0.41915	0.01023	0.09377	0.09640	0.01013	0.01401	0.00788	0.01043	0.00628	0.00409	0.00464	0.00132	0.04405	0.00381	0.00221	0.00597
21	0.01209	0.08733	0.01341	0.02221	0.14507	0.21703	0.00871	0.06031	0.04859	0.06467	0.00773	0.00935	0.00638	0.00504	0.00644	0.00131	0.23373	0.00332	0.00243	0.04485
22	0.01054	0.01047	0.01547	0.04227	0.64582	0.08332	0.01152	0.01296	0.02192	0.01320	0.00775	0.00998	0.00649	0.00380	0.00414	0.00119	0.01782	0.00352	0.00212	0.07571

[dist]
# distance from previous block
# <min> <max>
1	18

[block]
# block no. 2 follows, 64 sequences, length 10
# corresponding to MSA columns:
# 100-109
name=unknown_C
#
# <colnr> <probs for GDERKNQSTAVLIFYWHMCP>
#	G	D	E	R	K	N	Q	S	T	A	V	L	I	F	Y	W	H	M	C	P
0	0.05737	0.13140	0.26441	0.02918	0.14677	0.07902	0.07298	0.11510	0.01054	0.04429	0.00782	0.00909	0.00595	0.00402	0.00382	0.00122	0.00543	0.00326	0.00234	0.00598
1	0.00641	0.00475	0.00612	0.00602	0.00671	0.00519	0.00433	0.00856	0.09468	0.01075	0.09840	0.04914	0.01570	0.28176	0.37810	0.00455	0.00681	0.00554	0.00283	0.00366
2	0.00700	0.00541	0.02220	0.00638	0.02808	0.00499	0.00472	0.09423	0.01086	0.03228	0.28154	0.24625	0.18354	0.02652	0.00522	0.00149	0.00267	0.02842	0.00403	0.00418
3	0.00514	0.00392	0.00463	0.00505	0.00578	0.00351	0.00351	0.00605	0.00874	0.01120	0.09887	0.41592	0.33423	0.06611	0.00614	0.00170	0.00236	0.00990	0.00383	0.00342
4	0.00917	0.00910	0.01316	0.04633	0.09960	0.01227	0.00958	0.01032	0.00677	0.01041	0.00579	0.00930	0.00558	0.00676	0.01222	0.00174	0.72166	0.00364	0.00184	0.00477
5	0.88336	0.00803	0.00611	0.00546	0.00803	0.00932	0.00450	0.01221	0.00707	0.01864	0.00578	0.00675	0.00450	0.00386	0.00257	0.00129	0.00321	0.00225	0.00257	0.00450
6	0.00862	0.01965	0.69910	0.01363	0.10541	0.00972	0.06007	0.01312	0.00890	0.01321	0.00755	0.00907	0.00546	0.00389	0.00402	0.00131	0.00606	0.00324	0.00181	0.00616
7	0.01494	0.04855	0.01209	0.01011	0.01258	0.54980	0.00783	0.19275	0.08659	0.01433	0.00813	0.00873	0.00639	0.00453	0.00384	0.00113	0.00635	0.00308	0.00276	0.00549
8	0.01112	0.28907	0.31794	0.01067	0.06023	0.01240	0.03468	0.16577	0.01088	0.03954	0.00771	0.00864	0.00589	0.00403	0.00362	0.00116	0.00517	0.00305	0.00235	0.00609
9	0.03813	0.00874	0.01175	0.49549	0.05741	0.05803	0.00989	0.03127	0.18542	0.01277	0.00934	0.01154	0.00712	0.00461	0.00450	0.00138	0.04118	0.00380	0.00246	0.00519

[dist]
# distance from previous block
# <min> <max>
0	1

[block]
# block no. 3 follows, 64 sequences, length 8
# corresponding to MSA columns:
# 112-119
name=unknown_D
#
# <colnr> <probs for GDERKNQSTAVLIFYWHMCP>
#	G	D	E	R	K	N	Q	S	T	A	V	L	I	F	Y	W	H	M	C	P
0	0.00530	0.00391	0.00500	0.00572	0.00630	0.00361	0.00411	0.00631	0.00866	0.01131	0.07336	0.55348	0.16914	0.01210	0.00527	0.00164	0.00252	0.11488	0.00389	0.00349
1	0.00850	0.12746	0.61384	0.08982	0.01752	0.01021	0.01342	0.01250	0.00865	0.01236	0.00790	0.04537	0.00626	0.00431	0.00386	0.00128	0.00570	0.00340	0.00186	0.00577
2	0.00606	0.00441	0.00647	0.00647	0.00723	0.00510	0.00503	0.00758	0.00682	0.01006	0.01130	0.01626	0.01040	0.02926	0.77749	0.00626	0.01046	0.00441	0.06519	0.00372
3	0.01217	0.20960	0.15702	0.01059	0.07291	0.23246	0.00913	0.07571	0.08739	0.04746	0.00897	0.00967	0.02369	0.00442	0.00388	0.00116	0.02240	0.00320	0.00249	0.00569
4	0.70745	0.00843	0.00719	0.00613	0.00885	0.00954	0.00506	0.11670	0.00904	0.07928	0.00711	0.00771	0.00526	0.00410	0.00289	0.00128	0.00341	0.00258	0.00296	0.00502
5	0.03936	0.07332	0.15669	0.03528	0.05825	0.02080	0.08241	0.10624	0.04043	0.03728	0.18491	0.05130	0.04319	0.00630	0.02046	0.00140	0.00438	0.01465	0.01807	0.00529
6	0.01127	0.03545	0.01009	0.00819	0.01080	0.04058	0.00651	0.20807	0.41014	0.01826	0.04168	0.04086	0.01148	0.00541	0.00404	0.00125	0.00365	0.00438	0.02556	0.10233
7	0.03699	0.37764	0.06559	0.00792	0.02360	0.09065	0.00712	0.04783	0.04735	0.03773	0.10819	0.05113	0.02607	0.00539	0.00379	0.00115	0.01904	0.03496	0.00271	0.00515

[dist]
# distance from previous block
# <min> <max>
1	6

[block]
# block no. 4 follows, 64 sequences, length 13
# corresponding to MSA columns:
# 126-138
name=unknown_E
#
# <colnr> <probs for GDERKNQSTAVLIFYWHMCP>
#	G	D	E	R	K	N	Q	S	T	A	V	L	I	F	Y	W	H	M	C	P
0	0.07628	0.05209	0.09890	0.00953	0.02432	0.09516	0.02124	0.30397	0.02803	0.08152	0.00986	0.04324	0.00796	0.00534	0.00486	0.00131	0.08113	0.03069	0.00322	0.02134
1	0.06211	0.03483	0.07487	0.01014	0.02927	0.29012	0.06003	0.17045	0.06749	0.01505	0.01820	0.01011	0.00718	0.00621	0.05539	0.00155	0.03431	0.00344	0.04383	0.00543
2	0.03230	0.18024	0.09930	0.01407	0.10086	0.03644	0.35153	0.03961	0.03158	0.04069	0.00851	0.03091	0.00682	0.00401	0.00413	0.00126	0.00570	0.00404	0.00228	0.00572
3	0.00679	0.00506	0.00709	0.00684	0.00777	0.00581	0.00532	0.07723	0.00776	0.01101	0.01111	0.01621	0.01029	0.06230	0.73225	0.00610	0.01027	0.00445	0.00240	0.00395
4	0.00718	0.00450	0.00564	0.00544	0.00653	0.00433	0.00413	0.00924	0.03758	0.07024	0.39768	0.09950	0.05468	0.02447	0.04808	0.00164	0.00276	0.04866	0.16360	0.00411
5	0.00561	0.00415	0.00523	0.00514	0.00608	0.00378	0.00379	0.00725	0.01085	0.01493	0.58638	0.14783	0.16469	0.00946	0.00496	0.00138	0.00205	0.00832	0.00436	0.00378
6	0.41405	0.00751	0.00802	0.00651	0.00943	0.00757	0.00537	0.01657	0.00968	0.45952	0.01154	0.01076	0.00764	0.00455	0.00344	0.00129	0.00339	0.00330	0.00397	0.00589
7	0.00551	0.00407	0.00516	0.00532	0.00615	0.00372	0.00388	0.00695	0.01017	0.01381	0.42791	0.27574	0.16518	0.01028	0.00505	0.00146	0.00219	0.03956	0.00421	0.00369
8	0.00587	0.00437	0.00615	0.00615	0.00683	0.00488	0.00462	0.00709	0.00679	0.00952	0.01381	0.01982	0.07376	0.15765	0.64657	0.00586	0.00933	0.00503	0.00240	0.00351
9	0.01220	0.61040	0.04377	0.00811	0.01146	0.16896	0.00759	0.07478	0.00992	0.01121	0.00627	0.00714	0.00547	0.00381	0.00302	0.00096	0.00507	0.00245	0.00203	0.00539
10	0.01028	0.00803	0.01000	0.02664	0.08215	0.00696	0.00626	0.08638	0.00990	0.08407	0.00836	0.00942	0.00659	0.00364	0.00373	0.00084	0.03105	0.00290	0.00278	0.60001
11	0.01222	0.07197	0.09399	0.01218	0.15326	0.10483	0.04551	0.23870	0.04134	0.06647	0.07683	0.04387	0.01027	0.00504	0.00412	0.00124	0.00482	0.00417	0.00315	0.00603
12	0.07843	0.01065	0.01287	0.03268	0.30102	0.10085	0.02192	0.12251	0.17319	0.01578	0.00958	0.01077	0.00755	0.00461	0.00461	0.00130	0.06116	0.00370	0.02078	0.00604

[dist]
# distance from previous block
# <min> <max>
0	1

[block]
# block no. 5 follows, 64 sequences, length 6
# corresponding to MSA columns:
# 140-145
name=unknown_F
#
# <colnr> <probs for GDERKNQSTAVLIFYWHMCP>
#	G	D	E	R	K	N	Q	S	T	A	V	L	I	F	Y	W	H	M	C	P
0	0.01293	0.01089	0.03385	0.03872	0.09274	0.07462	0.00806	0.37865	0.17146	0.04768	0.01194	0.07883	0.00963	0.00553	0.00422	0.00131	0.00445	0.00448	0.00367	0.00634
1	0.00679	0.00447	0.00539	0.00511	0.00642	0.00394	0.00384	0.00823	0.01050	0.10134	0.35118	0.11010	0.34847	0.00937	0.00486	0.00138	0.00223	0.00806	0.00428	0.00404
2	0.00954	0.13727	0.43154	0.01320	0.05474	0.05037	0.21988	0.01324	0.00916	0.01259	0.00743	0.00911	0.00561	0.00378	0.00401	0.00126	0.00613	0.00343	0.00188	0.00584
3	0.00506	0.00361	0.00482	0.00578	0.00602	0.00337	0.00386	0.00578	0.00795	0.01060	0.02289	0.85131	0.02747	0.01301	0.00530	0.00169	0.00241	0.01181	0.00386	0.00337
4	0.00614	0.00470	0.00653	0.00646	0.00707	0.00532	0.00491	0.00737	0.00731	0.01026	0.07922	0.05596	0.05474	0.14650	0.46753	0.00476	0.07231	0.04665	0.00266	0.00360
5	0.01005	0.04690	0.03731	0.11270	0.43520	0.06341	0.07299	0.01241	0.00919	0.01263	0.00745	0.00982	0.00617	0.00389	0.00447	0.00120	0.04877	0.00351	0.00205	0.09987

[dist]
# distance from previous block
# <min> <max>
5	6

[block]
# block no. 6 follows, 64 sequences, length 7
# corresponding to MSA columns:
# 153-159
name=unknown_G
#
# <colnr> <probs for GDERKNQSTAVLIFYWHMCP>
#	G	D	E	R	K	N	Q	S	T	A	V	L	I	F	Y	W	H	M	C	P
0	0.14436	0.00845	0.00904	0.00764	0.01015	0.00921	0.00610	0.21257	0.26376	0.13869	0.06664	0.06094	0.01223	0.00572	0.00402	0.00133	0.00346	0.00458	0.02506	0.00603
1	0.01056	0.00981	0.01494	0.11807	0.45695	0.02971	0.04671	0.10252	0.08575	0.01480	0.02718	0.01122	0.00772	0.00434	0.00459	0.00130	0.04124	0.00391	0.00252	0.00617
2	0.00772	0.00538	0.00683	0.05744	0.00855	0.00532	0.00490	0.05648	0.06478	0.07557	0.56275	0.02695	0.08544	0.00773	0.00471	0.00132	0.00254	0.00672	0.00435	0.00452
3	0.01052	0.00754	0.00845	0.00746	0.00964	0.00807	0.00590	0.11311	0.36284	0.11999	0.07846	0.03904	0.13400	0.00745	0.02219	0.00151	0.00338	0.05048	0.00423	0.00577
4	0.01384	0.00946	0.01053	0.00823	0.01115	0.00994	0.00672	0.52053	0.01638	0.12340	0.11332	0.01486	0.06185	0.00567	0.00423	0.00123	0.00388	0.00450	0.00421	0.05605
5	0.00935	0.00885	0.01485	0.11477	0.63682	0.00900	0.01148	0.01166	0.00922	0.01290	0.01063	0.07179	0.05093	0.00477	0.00424	0.00129	0.00467	0.00454	0.00226	0.00597
6	0.01399	0.09039	0.06201	0.03869	0.03835	0.00974	0.06670	0.24308	0.03974	0.27494	0.01207	0.04920	0.00899	0.02749	0.00456	0.00134	0.00440	0.00423	0.00374	0.00634

[dist]
# distance from previous block
# <min> <max>
1	5

[block]
# block no. 7 follows, 64 sequences, length 6
# corresponding to MSA columns:
# 174-179
name=unknown_H
#
# <colnr> <probs for GDERKNQSTAVLIFYWHMCP>
#	G	D	E	R	K	N	Q	S	T	A	V	L	I	F	Y	W	H	M	C	P
0	0.56913	0.00707	0.00633	0.00556	0.00794	0.00764	0.00451	0.01219	0.00849	0.13502	0.08502	0.01418	0.11221	0.00530	0.00331	0.00130	0.00301	0.00382	0.00328	0.00469
1	0.00966	0.00816	0.01162	0.01082	0.16228	0.00682	0.07849	0.01176	0.00908	0.06524	0.00812	0.00950	0.00651	0.00336	0.00350	0.00084	0.00380	0.00302	0.00252	0.58490
2	0.01152	0.16296	0.08276	0.17146	0.15969	0.04507	0.00947	0.10422	0.03405	0.11804	0.03660	0.01081	0.00779	0.00434	0.00385	0.00120	0.00476	0.00353	0.00273	0.02514
3	0.00533	0.00422	0.00479	0.00465	0.00587	0.00369	0.00349	0.00678	0.01046	0.01358	0.38243	0.03609	0.48460	0.00964	0.00490	0.00136	0.00204	0.00822	0.00417	0.00369
4	0.01116	0.00913	0.01522	0.13295	0.60235	0.00924	0.01162	0.01354	0.00965	0.13141	0.00900	0.01095	0.00697	0.00397	0.00413	0.00126	0.00481	0.00377	0.00247	0.00639
5	0.01115	0.01260	0.13584	0.03821	0.01741	0.04111	0.34611	0.23050	0.01204	0.01628	0.00893	0.04044	0.00701	0.00459	0.00506	0.00137	0.05846	0.00437	0.00265	0.00587

[dist]
# distance from previous block
# <min> <max>
2	6

[block]
# block no. 8 follows, 64 sequences, length 56
# corresponding to MSA columns:
# 186-241
name=unknown_I
#
# <colnr> <probs for GDERKNQSTAVLIFYWHMCP>
#	G	D	E	R	K	N	Q	S	T	A	V	L	I	F	Y	W	H	M	C	P
0	0.03095	0.01163	0.01008	0.08992	0.01257	0.32053	0.00715	0.04863	0.01087	0.21349	0.02027	0.01323	0.03047	0.01755	0.09241	0.00182	0.00601	0.03071	0.00310	0.02860
1	0.05288	0.00964	0.00966	0.12482	0.01273	0.15575	0.00705	0.19295	0.01233	0.10121	0.12183	0.01776	0.05966	0.01811	0.02265	0.00147	0.00464	0.06625	0.00345	0.00519
2	0.01764	0.03762	0.16241	0.00746	0.01008	0.01756	0.02019	0.01231	0.11657	0.13007	0.12974	0.11281	0.17459	0.00740	0.00448	0.00138	0.00352	0.02544	0.00366	0.00508
3	0.00876	0.00900	0.01810	0.01406	0.03639	0.00855	0.51878	0.03794	0.00975	0.01313	0.01278	0.17179	0.01240	0.00629	0.00503	0.00151	0.00563	0.10235	0.00270	0.00504
4	0.00793	0.00747	0.01261	0.81635	0.05565	0.00925	0.01158	0.01068	0.00834	0.01071	0.00740	0.01105	0.00557	0.00414	0.00415	0.00138	0.00552	0.00369	0.00185	0.00468
5	0.01368	0.01649	0.01153	0.01098	0.05657	0.61061	0.02547	0.01604	0.09303	0.01163	0.05941	0.01133	0.00892	0.00488	0.00398	0.00116	0.00645	0.03026	0.00255	0.00502
6	0.01735	0.00807	0.01018	0.00884	0.06638	0.05849	0.00666	0.03043	0.02625	0.67810	0.01525	0.03365	0.01013	0.00519	0.00417	0.00128	0.00386	0.00424	0.00468	0.00680
7	0.00506	0.00361	0.00482	0.00578	0.00602	0.00337	0.00386	0.00578	0.00795	0.01060	0.02289	0.85131	0.02747	0.01301	0.00530	0.00169	0.00241	0.01181	0.00386	0.00337
8	0.88336	0.00803	0.00611	0.00546	0.00803	0.00932	0.00450	0.01221	0.00707	0.01864	0.00578	0.00675	0.00450	0.00386	0.00257	0.00129	0.00321	0.00225	0.00257	0.00450
9	0.00894	0.02030	0.69594	0.01237	0.01805	0.06154	0.09900	0.01339	0.00907	0.01298	0.00749	0.00895	0.00538	0.00392	0.00403	0.00131	0.00631	0.00324	0.00181	0.00600
10	0.01672	0.00956	0.12902	0.00823	0.01185	0.00725	0.00759	0.08096	0.03134	0.63058	0.01461	0.01307	0.00936	0.00497	0.00414	0.00129	0.00399	0.00400	0.00455	0.00692
11	0.00604	0.00403	0.00453	0.00453	0.00453	0.00403	0.00252	0.00604	0.00604	0.00805	0.01309	0.02718	0.01510	0.85402	0.02114	0.00403	0.00403	0.00604	0.00252	0.00252
12	0.88336	0.00803	0.00611	0.00546	0.00803	0.00932	0.00450	0.01221	0.00707	0.01864	0.00578	0.00675	0.00450	0.00386	0.00257	0.00129	0.00321	0.00225	0.00257	0.00450
13	0.01043	0.00897	0.00945	0.00847	0.01084	0.01038	0.00660	0.03610	0.80642	0.01753	0.01678	0.01540	0.01258	0.00562	0.00423	0.00141	0.00331	0.00468	0.00423	0.00658
14	0.00982	0.00934	0.01586	0.06950	0.73247	0.00943	0.01212	0.01219	0.00930	0.01322	0.00873	0.06296	0.00783	0.00431	0.00419	0.00127	0.00481	0.00421	0.00216	0.00627
15	0.01009	0.00967	0.01651	0.09065	0.76448	0.00982	0.01265	0.01258	0.00937	0.01333	0.00778	0.01034	0.00650	0.00374	0.00412	0.00125	0.00498	0.00370	0.00204	0.00642
16	0.01864	0.00707	0.00964	0.00739	0.01060	0.00611	0.00611	0.02024	0.01189	0.83099	0.01639	0.01414	0.01028	0.00514	0.00418	0.00129	0.00353	0.00418	0.00514	0.00707
17	0.01015	0.00973	0.01662	0.07073	0.78392	0.00983	0.01268	0.01263	0.00939	0.01341	0.00779	0.01032	0.00652	0.00373	0.00411	0.00124	0.00497	0.00370	0.00204	0.00647
18	0.01161	0.00942	0.01589	0.09185	0.51146	0.00941	0.09117	0.04938	0.01023	0.14478	0.00930	0.01105	0.00708	0.00401	0.00421	0.00127	0.00495	0.00390	0.00263	0.00641
19	0.01772	0.00710	0.00950	0.00739	0.01048	0.00630	0.00607	0.01997	0.06250	0.75468	0.04166	0.01475	0.01133	0.00528	0.00420	0.00129	0.00347	0.00431	0.00507	0.00694
20	0.00493	0.00414	0.00428	0.00439	0.00566	0.00349	0.00324	0.00594	0.00929	0.01115	0.03984	0.13484	0.73301	0.01081	0.00496	0.00144	0.00214	0.00912	0.00386	0.00349
21	0.01421	0.00812	0.00947	0.00783	0.01040	0.02804	0.00624	0.11442	0.23841	0.37507	0.04397	0.03041	0.01212	0.05252	0.00534	0.00149	0.01759	0.01357	0.00444	0.00637
22	0.01292	0.51825	0.01784	0.00839	0.01155	0.22719	0.00746	0.13017	0.01091	0.01226	0.00655	0.00736	0.00559	0.00395	0.00316	0.00099	0.00525	0.00256	0.00222	0.00545
23	0.00572	0.00447	0.00531	0.00605	0.00657	0.03369	0.00427	0.01705	0.00850	0.01099	0.02360	0.65067	0.09855	0.01253	0.01900	0.00174	0.00286	0.08110	0.00377	0.00353
24	0.00946	0.01923	0.69050	0.01229	0.06212	0.00934	0.03168	0.01382	0.00913	0.09202	0.00836	0.00942	0.00584	0.00404	0.00400	0.00131	0.00584	0.00325	0.00210	0.00624
25	0.00888	0.00869	0.01342	0.52727	0.26179	0.05498	0.01140	0.01140	0.00888	0.01148	0.00871	0.01168	0.03539	0.00426	0.00415	0.00132	0.00534	0.00382	0.00200	0.00516
26	0.01552	0.01980	0.01177	0.01070	0.01284	0.83735	0.00803	0.01659	0.01177	0.01017	0.00642	0.00749	0.00535	0.00428	0.00375	0.00107	0.00749	0.00268	0.00214	0.00482
27	0.00881	0.00875	0.01374	0.60204	0.15844	0.06119	0.05574	0.01145	0.00878	0.01121	0.00749	0.01079	0.00579	0.00436	0.01370	0.00140	0.00571	0.00370	0.00192	0.00499
28	0.00498	0.00421	0.00431	0.00429	0.00566	0.00354	0.00321	0.00610	0.00964	0.01164	0.10195	0.03929	0.76630	0.01036	0.00491	0.00140	0.00209	0.00867	0.00391	0.00354
29	0.01104	0.79661	0.06463	0.00743	0.01109	0.03135	0.00756	0.01255	0.00852	0.00996	0.00588	0.00679	0.00533	0.00359	0.00275	0.00091	0.00459	0.00227	0.00178	0.00536
30	0.01638	0.00954	0.01106	0.00854	0.01172	0.00984	0.00702	0.46930	0.01602	0.33226	0.01281	0.03999	0.00896	0.00528	0.00418	0.00126	0.00407	0.00416	0.00449	0.02311
31	0.04142	0.49667	0.17933	0.00845	0.01228	0.06554	0.00870	0.05678	0.07385	0.01226	0.00726	0.00801	0.00597	0.00393	0.00319	0.00106	0.00484	0.00270	0.00215	0.00562
32	0.01050	0.01032	0.06728	0.06499	0.69184	0.00961	0.01248	0.01308	0.00949	0.05857	0.00824	0.01044	0.00665	0.00382	0.00411	0.00125	0.00496	0.00369	0.00220	0.00648
33	0.00508	0.00363	0.00484	0.00577	0.00603	0.00339	0.00386	0.00584	0.00806	0.01078	0.04594	0.82777	0.02781	0.01288	0.00529	0.00168	0.00240	0.01169	0.00388	0.00339
34	0.01020	0.02888	0.15193	0.01078	0.01417	0.00815	0.25273	0.03498	0.06085	0.14653	0.21898	0.01647	0.01557	0.00529	0.00451	0.00133	0.00466	0.00504	0.00334	0.00559
35	0.09389	0.54864	0.13617	0.00795	0.01163	0.01426	0.00815	0.06880	0.03124	0.01247	0.00661	0.00752	0.00557	0.00390	0.00330	0.00105	0.02871	0.00256	0.00208	0.00550
36	0.01096	0.02939	0.05239	0.00770	0.00994	0.05716	0.00646	0.26941	0.01283	0.08402	0.11062	0.03937	0.08303	0.08580	0.03199	0.00176	0.00425	0.09399	0.00370	0.00520
37	0.01243	0.01406	0.38093	0.01079	0.01540	0.00827	0.12618	0.01576	0.01019	0.32648	0.03110	0.01172	0.00817	0.00445	0.00420	0.00132	0.00516	0.00387	0.00317	0.00636
38	0.00740	0.08483	0.00752	0.00612	0.00754	0.00587	0.00490	0.06715	0.01958	0.04258	0.16546	0.17267	0.20238	0.03637	0.00534	0.00155	0.00297	0.15179	0.00381	0.00418
39	0.01114	0.75421	0.04750	0.00728	0.01082	0.01544	0.00727	0.03747	0.00899	0.02863	0.03477	0.00785	0.00667	0.00382	0.00287	0.00094	0.00440	0.00252	0.00202	0.00540
40	0.00497	0.00421	0.00429	0.00427	0.00565	0.00353	0.00320	0.00608	0.00961	0.01156	0.09113	0.03941	0.77716	0.01039	0.00491	0.00140	0.00209	0.00869	0.00390	0.00353
41	0.00564	0.00423	0.00523	0.00504	0.00610	0.00382	0.00379	0.00735	0.01107	0.01511	0.60059	0.05193	0.23050	0.00915	0.00493	0.00135	0.00204	0.02395	0.00437	0.00380
42	0.04239	0.66561	0.09699	0.00774	0.01144	0.03877	0.00785	0.05703	0.00918	0.02190	0.00632	0.00717	0.00545	0.00372	0.00292	0.00097	0.00464	0.00242	0.00199	0.00548
43	0.01514	0.01213	0.01154	0.00935	0.01229	0.15585	0.00751	0.46088	0.14950	0.10636	0.01117	0.01089	0.00803	0.00499	0.00410	0.00125	0.00476	0.00376	0.00392	0.00659
44	0.00570	0.00424	0.00530	0.00504	0.00609	0.00384	0.00378	0.00749	0.01133	0.01564	0.67942	0.03270	0.18633	0.00887	0.00490	0.00132	0.00199	0.00775	0.00444	0.00384
45	0.01074	0.00953	0.01541	0.16147	0.44283	0.02966	0.08801	0.02724	0.07783	0.08244	0.00928	0.01120	0.00718	0.00408	0.00420	0.00129	0.00504	0.00391	0.00250	0.00615
46	0.02359	0.07454	0.21609	0.00886	0.01232	0.00987	0.00863	0.12473	0.27605	0.09189	0.09899	0.01382	0.01201	0.00520	0.00407	0.00130	0.00414	0.00419	0.00351	0.00617
47	0.04297	0.00967	0.01013	0.00824	0.01101	0.09985	0.00663	0.22444	0.10490	0.33480	0.04130	0.03564	0.02813	0.00549	0.00429	0.00129	0.01632	0.00430	0.00424	0.00636
48	0.03711	0.00906	0.00978	0.00836	0.01091	0.01011	0.00662	0.20902	0.48436	0.09173	0.02858	0.05200	0.01201	0.00577	0.00422	0.00137	0.00355	0.00472	0.00423	0.00649
49	0.02237	0.01026	0.08831	0.05114	0.28418	0.00931	0.05308	0.13568	0.06793	0.18352	0.03365	0.02331	0.00883	0.00462	0.00419	0.00129	0.00459	0.00408	0.00322	0.00643
50	0.02098	0.30465	0.04353	0.00959	0.05131	0.19619	0.03668	0.06062	0.06045	0.08010	0.00910	0.01019	0.02463	0.00447	0.00384	0.00112	0.02920	0.01736	0.00256	0.03342
51	0.00581	0.00437	0.00537	0.00607	0.00655	0.02253	0.00421	0.03815	0.00871	0.01149	0.04792	0.72731	0.03990	0.01225	0.00522	0.00165	0.00265	0.04241	0.00385	0.00359
52	0.00917	0.00781	0.00904	0.00696	0.03608	0.02491	0.00532	0.02420	0.00897	0.03200	0.00762	0.00879	0.00626	0.00320	0.00317	0.00067	0.00327	0.00257	0.00253	0.79749
53	0.01244	0.00989	0.01069	0.00892	0.01160	0.02977	0.02502	0.30161	0.43351	0.04842	0.03990	0.02669	0.01137	0.00551	0.00424	0.00134	0.00387	0.00450	0.00414	0.00657
54	0.02354	0.00951	0.04136	0.36742	0.16338	0.02865	0.16475	0.04857	0.02024	0.06594	0.00840	0.01091	0.00631	0.00411	0.00441	0.00135	0.01945	0.00391	0.00230	0.00549
55	0.01039	0.06379	0.41774	0.01300	0.08344	0.02924	0.14531	0.09072	0.02180	0.06333	0.01756	0.00993	0.00651	0.00408	0.00409	0.00129	0.00572	0.00357	0.00235	0.00614

[dist]
# distance from previous block
# <min> <max>
0	17

[block]
# block no. 9 follows, 64 sequences, length 42
# corresponding to MSA columns:
# 260-301
name=unknown_J
#
# <colnr> <probs for GDERKNQSTAVLIFYWHMCP>
#	G	D	E	R	K	N	Q	S	T	A	V	L	I	F	Y	W	H	M	C	P
0	0.01958	0.08993	0.22492	0.01105	0.05406	0.14096	0.11340	0.07047	0.01843	0.03094	0.11191	0.02227	0.03922	0.00506	0.00430	0.00126	0.02054	0.01363	0.00263	0.00542
1	0.03322	0.51191	0.08131	0.00778	0.01094	0.09303	0.00742	0.01308	0.03689	0.05968	0.01887	0.03612	0.00742	0.03363	0.01270	0.00121	0.02418	0.00310	0.00225	0.00526
2	0.03852	0.00767	0.01236	0.75290	0.04976	0.00942	0.01116	0.04832	0.00882	0.01170	0.00746	0.01085	0.00560	0.00417	0.00410	0.00137	0.00539	0.00364	0.00198	0.00478
3	0.00857	0.00729	0.00843	0.00637	0.00966	0.00596	0.00503	0.01156	0.10503	0.01406	0.05105	0.03589	0.00926	0.00396	0.00337	0.00078	0.00302	0.00327	0.00282	0.70461
4	0.00881	0.00683	0.00738	0.00670	0.00869	0.00722	0.00519	0.01542	0.42338	0.07779	0.09102	0.02478	0.28482	0.00745	0.00450	0.00139	0.00281	0.00624	0.00420	0.00538
5	0.00861	0.00738	0.00861	0.00615	0.00984	0.00554	0.00492	0.01046	0.00861	0.01354	0.00738	0.00861	0.00615	0.00308	0.00308	0.00062	0.00308	0.00246	0.00246	0.87941
6	0.00806	0.00803	0.07928	0.05231	0.08982	0.00647	0.11728	0.01019	0.00915	0.04594	0.08011	0.17388	0.07081	0.02026	0.00463	0.00130	0.00393	0.01758	0.00295	0.19803
7	0.01270	0.00631	0.00829	0.00678	0.00895	0.00599	0.00541	0.01416	0.00980	0.40474	0.05255	0.01609	0.03757	0.07457	0.08112	0.00194	0.07558	0.00440	0.07506	0.09800
8	0.01503	0.11281	0.01288	0.01030	0.01260	0.74609	0.00792	0.01613	0.01140	0.01012	0.00635	0.00740	0.00535	0.00420	0.00363	0.00105	0.00715	0.00262	0.00210	0.00487
9	0.00681	0.00618	0.09484	0.00626	0.00780	0.00458	0.00537	0.00874	0.01043	0.06853	0.44214	0.20606	0.06419	0.00897	0.00487	0.00142	0.00270	0.04178	0.00409	0.00423
10	0.02132	0.51978	0.22596	0.00875	0.01279	0.10345	0.00929	0.03603	0.00919	0.01125	0.00639	0.00738	0.00536	0.00378	0.00315	0.00103	0.00519	0.00253	0.00189	0.00552
11	0.01814	0.00718	0.00962	0.00745	0.01062	0.00636	0.00613	0.02035	0.06019	0.78239	0.01642	0.01422	0.01043	0.00517	0.00418	0.00129	0.00352	0.00421	0.00509	0.00704
12	0.00996	0.04355	0.03060	0.02077	0.02680	0.01012	0.00685	0.02013	0.69087	0.01638	0.01626	0.06473	0.01285	0.00589	0.00422	0.00140	0.00342	0.00494	0.00397	0.00629
13	0.01309	0.37224	0.04596	0.03396	0.01244	0.24939	0.00796	0.13755	0.01116	0.04162	0.00708	0.00797	0.00579	0.00420	0.00372	0.00107	0.03416	0.00278	0.00237	0.00549
14	0.00663	0.00456	0.00589	0.00547	0.00657	0.00427	0.00412	0.03425	0.01186	0.04635	0.73730	0.06325	0.03662	0.00844	0.00487	0.00132	0.00212	0.00744	0.00455	0.00411
15	0.00935	0.08848	0.65433	0.01122	0.01661	0.09348	0.01362	0.01377	0.03859	0.01273	0.00756	0.00872	0.00555	0.00401	0.00383	0.00126	0.00603	0.00302	0.00188	0.00596
16	0.01066	0.48313	0.07828	0.01096	0.02399	0.01388	0.25144	0.04547	0.00930	0.01179	0.00687	0.00840	0.00571	0.00369	0.00371	0.00111	0.02088	0.00320	0.00197	0.00554
17	0.00498	0.00421	0.00431	0.00429	0.00566	0.00354	0.00321	0.00610	0.00964	0.01164	0.10203	0.03929	0.76622	0.01036	0.00491	0.00140	0.00209	0.00867	0.00391	0.00354
18	0.00594	0.00444	0.00660	0.00660	0.00732	0.00515	0.00510	0.00737	0.00665	0.00959	0.01120	0.01670	0.01055	0.06026	0.80868	0.00658	0.01087	0.00451	0.00224	0.00367
19	0.00922	0.00762	0.02363	0.00633	0.01004	0.00565	0.00518	0.01110	0.00881	0.06308	0.00793	0.00895	0.00639	0.00322	0.00316	0.00067	0.00316	0.00258	0.00261	0.81069
20	0.00521	0.00396	0.00480	0.00514	0.00594	0.00355	0.00365	0.00635	0.00938	0.01230	0.22747	0.38862	0.28640	0.01110	0.00508	0.00150	0.00220	0.00977	0.00403	0.00355
21	0.00926	0.09893	0.33015	0.02070	0.05992	0.03481	0.01082	0.07179	0.00896	0.01266	0.01790	0.01011	0.00666	0.00845	0.12179	0.00210	0.16405	0.00342	0.00208	0.00543
22	0.19472	0.01500	0.01076	0.00974	0.03705	0.45653	0.00734	0.14255	0.02591	0.04373	0.00742	0.00821	0.00579	0.00437	0.00371	0.00117	0.01516	0.00289	0.00269	0.00527
23	0.00500	0.00418	0.00443	0.00450	0.00576	0.00361	0.00335	0.00607	0.00923	0.01119	0.05420	0.10106	0.70044	0.01190	0.05467	0.00174	0.00266	0.00872	0.00377	0.00352
24	0.00498	0.00415	0.00434	0.00442	0.00568	0.00352	0.00327	0.00604	0.00944	0.01145	0.08210	0.12111	0.70393	0.01066	0.00495	0.00143	0.00213	0.00901	0.00390	0.00352
25	0.00966	0.00805	0.00916	0.00678	0.01031	0.00688	0.00544	0.11044	0.08519	0.01545	0.00858	0.00942	0.00687	0.00355	0.00332	0.00077	0.00328	0.00283	0.00283	0.69121
26	0.01144	0.08756	0.08483	0.01848	0.45213	0.01050	0.06857	0.09372	0.02253	0.08742	0.00873	0.01027	0.00679	0.00402	0.00415	0.00124	0.01501	0.00366	0.00252	0.00643
27	0.00989	0.01074	0.09637	0.23046	0.36893	0.07002	0.01146	0.01241	0.00914	0.04119	0.00807	0.02535	0.00658	0.00457	0.01484	0.00135	0.03887	0.00369	0.00213	0.03393
28	0.00842	0.13310	0.64261	0.01047	0.01575	0.00999	0.01303	0.01237	0.00867	0.01240	0.00957	0.01105	0.05648	0.03366	0.00443	0.00136	0.00559	0.00341	0.00191	0.00574
29	0.00788	0.00430	0.00630	0.03563	0.00726	0.00422	0.01719	0.00747	0.00699	0.08763	0.01232	0.16817	0.01272	0.06313	0.01207	0.47839	0.00355	0.05918	0.00268	0.00293
30	0.06469	0.03808	0.01510	0.01197	0.06271	0.09654	0.24338	0.15271	0.06717	0.12446	0.04320	0.01153	0.00851	0.00443	0.00418	0.00126	0.00514	0.00406	0.00314	0.03775
31	0.00879	0.00551	0.00688	0.00624	0.00727	0.00579	0.00453	0.09675	0.00860	0.12074	0.01332	0.04538	0.02817	0.36328	0.23383	0.00388	0.02872	0.00528	0.00302	0.00404
32	0.00493	0.00411	0.00431	0.00447	0.00568	0.00348	0.00327	0.00593	0.00922	0.01112	0.03893	0.17329	0.69515	0.01093	0.00497	0.00145	0.00215	0.00927	0.00386	0.00348
33	0.00784	0.00738	0.01246	0.84404	0.02861	0.00923	0.01154	0.01061	0.00831	0.01061	0.00738	0.01107	0.00554	0.00415	0.00415	0.00138	0.00554	0.00369	0.00185	0.00461
34	0.00707	0.00482	0.00601	0.00547	0.00675	0.00453	0.00418	0.05651	0.01195	0.05857	0.64523	0.02943	0.10941	0.00823	0.00478	0.00130	0.00221	0.00716	0.02216	0.00423
35	0.39748	0.15439	0.06154	0.00861	0.01172	0.14693	0.10345	0.04916	0.00906	0.01512	0.00649	0.00766	0.00516	0.00389	0.00321	0.00120	0.00481	0.00275	0.00233	0.00504
36	0.03042	0.00926	0.02697	0.00807	0.01127	0.02103	0.00670	0.30854	0.02958	0.26658	0.01171	0.03999	0.00853	0.00493	0.00414	0.00116	0.02074	0.00385	0.00395	0.18256
37	0.00517	0.00408	0.00458	0.00484	0.00582	0.00360	0.00350	0.00617	0.00904	0.01129	0.08854	0.23492	0.48872	0.06686	0.00612	0.00166	0.00237	0.04547	0.00382	0.00345
38	0.00557	0.00407	0.00543	0.00595	0.00641	0.00386	0.02264	0.00641	0.00799	0.01053	0.03143	0.50590	0.07816	0.17231	0.00833	0.00213	0.00298	0.11297	0.00357	0.00334
39	0.01091	0.11665	0.11289	0.06497	0.28017	0.06421	0.01013	0.05677	0.10648	0.06213	0.01020	0.01133	0.03537	0.00453	0.00428	0.00125	0.03545	0.00370	0.00258	0.00601
40	0.00943	0.09735	0.63375	0.01070	0.01607	0.00986	0.01314	0.01386	0.04276	0.08017	0.00931	0.01009	0.02697	0.00425	0.00388	0.00128	0.00554	0.00329	0.00219	0.00609
41	0.02749	0.02379	0.26359	0.01175	0.07713	0.01860	0.11431	0.12108	0.16419	0.03100	0.01090	0.02145	0.02853	0.00456	0.00411	0.00128	0.00494	0.00395	0.00282	0.06453

[dist]
# distance from previous block
# <min> <max>
1	5

[block]
# block no. 10 follows, 64 sequences, length 8
# corresponding to MSA columns:
# 325-332
name=unknown_K
#
# <colnr> <probs for GDERKNQSTAVLIFYWHMCP>
#	G	D	E	R	K	N	Q	S	T	A	V	L	I	F	Y	W	H	M	C	P
0	0.00846	0.00796	0.01296	0.45944	0.18607	0.00856	0.04937	0.01098	0.00871	0.01188	0.00879	0.01155	0.03605	0.00407	0.00402	0.00122	0.00493	0.00372	0.00208	0.15919
1	0.00686	0.00496	0.00666	0.00662	0.00765	0.00476	0.04347	0.04983	0.04727	0.05418	0.05758	0.53285	0.11213	0.01087	0.00507	0.00158	0.00284	0.03688	0.00390	0.00407
2	0.00936	0.11682	0.57975	0.01227	0.05857	0.01073	0.07476	0.06643	0.00956	0.01366	0.00752	0.00887	0.00554	0.00392	0.00389	0.00126	0.00584	0.00319	0.00196	0.00609
3	0.00669	0.00522	0.00770	0.00779	0.03387	0.00511	0.07757	0.04820	0.00901	0.01217	0.01994	0.39409	0.06885	0.04525	0.05342	0.00199	0.00378	0.14934	0.04606	0.00396
4	0.00555	0.00386	0.00488	0.00549	0.00571	0.00373	0.00362	0.00612	0.00740	0.00985	0.01929	0.48526	0.02272	0.31528	0.01103	0.00255	0.00311	0.07806	0.00337	0.00310
5	0.00852	0.00702	0.00812	0.00592	0.00933	0.00537	0.00471	0.01038	0.00862	0.01374	0.00802	0.00932	0.00662	0.00326	0.00306	0.00065	0.00296	0.00261	0.09256	0.78922
6	0.00797	0.00569	0.00752	0.00693	0.00789	0.00648	0.00530	0.10217	0.00827	0.05100	0.01121	0.01714	0.01058	0.19427	0.46793	0.00486	0.07347	0.00462	0.00262	0.00408
7	0.11645	0.02694	0.02547	0.03465	0.06686	0.02640	0.09505	0.24766	0.21334	0.06150	0.01141	0.01168	0.02086	0.00475	0.00402	0.00130	0.00437	0.00394	0.00345	0.01992

[dist]
# distance from previous block
# <min> <max>
1	3

[block]
# block no. 11 follows, 64 sequences, length 8
# corresponding to MSA columns:
# 336,337,351-356
name=unknown_L
#
# <colnr> <probs for GDERKNQSTAVLIFYWHMCP>
#	G	D	E	R	K	N	Q	S	T	A	V	L	I	F	Y	W	H	M	C	P
0	0.01067	0.05745	0.14201	0.05437	0.12823	0.03398	0.16534	0.07452	0.03013	0.08028	0.00945	0.01085	0.02622	0.00424	0.00448	0.00122	0.04293	0.00375	0.00254	0.11733
1	0.00597	0.00438	0.00613	0.00620	0.00682	0.00485	0.00466	0.00715	0.00686	0.00957	0.01356	0.02170	0.04545	0.20083	0.57458	0.00557	0.00876	0.06105	0.00247	0.00346
2	0.00529	0.00414	0.00479	0.00481	0.00589	0.00364	0.00354	0.00663	0.01011	0.01316	0.33086	0.14982	0.42226	0.01011	0.00496	0.00141	0.00209	0.00872	0.00412	0.00364
3	0.02698	0.01005	0.03807	0.13127	0.08141	0.10864	0.00814	0.15926	0.08763	0.20090	0.02519	0.06966	0.00995	0.00543	0.00420	0.00131	0.00457	0.01789	0.00351	0.00592
4	0.01140	0.10238	0.01615	0.07549	0.44496	0.06198	0.04301	0.10433	0.01054	0.04454	0.00797	0.00987	0.00643	0.00409	0.00436	0.00123	0.03922	0.00354	0.00236	0.00615
5	0.01023	0.01002	0.01593	0.11035	0.36896	0.04411	0.13314	0.06888	0.02839	0.01345	0.00825	0.03388	0.00697	0.00464	0.00560	0.00137	0.12369	0.00408	0.00226	0.00580
6	0.00551	0.00400	0.00511	0.00579	0.00627	0.00378	0.00397	0.03757	0.00870	0.01155	0.06285	0.71876	0.08603	0.01230	0.00521	0.00163	0.00245	0.01106	0.00390	0.00355
7	0.05646	0.08252	0.05433	0.00796	0.03764	0.00819	0.00661	0.11367	0.03635	0.20953	0.02463	0.01105	0.00815	0.00611	0.06238	0.00143	0.00428	0.00337	0.00328	0.26206

[dist]
# distance from previous block
# <min> <max>
3	13

[block]
# block no. 12 follows, 64 sequences, length 21
# corresponding to MSA columns:
# 376-396
name=unknown_M
#
# <colnr> <probs for GDERKNQSTAVLIFYWHMCP>
#	G	D	E	R	K	N	Q	S	T	A	V	L	I	F	Y	W	H	M	C	P
0	0.00899	0.00760	0.03151	0.01092	0.14114	0.00764	0.03335	0.05472	0.19287	0.04635	0.02877	0.09653	0.05877	0.00780	0.00503	0.00154	0.02610	0.23156	0.00355	0.00527
1	0.01839	0.01268	0.29678	0.01127	0.07855	0.00872	0.09067	0.03661	0.16368	0.03037	0.03027	0.06094	0.04404	0.00683	0.05670	0.00167	0.00518	0.00455	0.00276	0.03936
2	0.01009	0.00971	0.01657	0.08257	0.70501	0.00987	0.04617	0.01299	0.04150	0.01350	0.00817	0.01058	0.00674	0.00380	0.00415	0.00126	0.00500	0.00379	0.00213	0.00640
3	0.00577	0.00414	0.00524	0.00584	0.00644	0.00395	0.00407	0.00730	0.05956	0.02832	0.07155	0.63021	0.09844	0.01188	0.00533	0.01503	0.00248	0.02685	0.00392	0.00368
4	0.01024	0.01104	0.02262	0.01752	0.09760	0.01059	0.66442	0.06392	0.03226	0.01425	0.00868	0.01115	0.00655	0.00367	0.00476	0.00138	0.00655	0.00471	0.00228	0.00581
5	0.00532	0.00385	0.00503	0.00585	0.00629	0.00361	0.00413	0.00624	0.00835	0.01101	0.05071	0.62941	0.08861	0.03943	0.00582	0.00176	0.00261	0.11470	0.00383	0.00343
6	0.00504	0.00371	0.00472	0.00554	0.00596	0.00339	0.00375	0.00581	0.00819	0.01070	0.02591	0.72389	0.15295	0.01262	0.00524	0.00164	0.00236	0.01133	0.00386	0.00339
7	0.00591	0.00439	0.00632	0.00632	0.00700	0.00499	0.00479	0.00720	0.00669	0.00950	0.01240	0.01847	0.03817	0.13345	0.70763	0.00617	0.00994	0.00479	0.00232	0.00355
8	0.00593	0.00445	0.00668	0.00668	0.00742	0.00519	0.00519	0.00742	0.00668	0.00964	0.01113	0.01632	0.01038	0.03115	0.83756	0.00668	0.01113	0.00445	0.00223	0.00371
9	0.00961	0.00499	0.00650	0.00621	0.00761	0.00451	0.00460	0.03177	0.00979	0.26766	0.05705	0.45624	0.09668	0.00991	0.00487	0.00151	0.00277	0.00874	0.00430	0.00466
10	0.06509	0.01155	0.01201	0.00930	0.01254	0.03696	0.00766	0.72329	0.01838	0.04736	0.00981	0.00983	0.00696	0.00491	0.00405	0.00124	0.00455	0.00364	0.00403	0.00685
11	0.00572	0.00386	0.00505	0.00569	0.00618	0.00356	0.00389	0.00659	0.00848	0.04570	0.09228	0.68258	0.07105	0.03140	0.00556	0.00168	0.00244	0.01082	0.00394	0.00356
12	0.00506	0.00361	0.00482	0.00578	0.00602	0.00337	0.00386	0.00578	0.00795	0.01060	0.02289	0.85131	0.02747	0.01301	0.00530	0.00169	0.00241	0.01181	0.00386	0.00337
13	0.00587	0.00406	0.00516	0.00574	0.00625	0.00384	0.00407	0.00674	0.00816	0.03029	0.03869	0.42933	0.10001	0.18261	0.00851	0.00216	0.00297	0.14851	0.00362	0.00339
14	0.79912	0.00820	0.00661	0.00577	0.00841	0.00939	0.00476	0.05805	0.00797	0.05195	0.00645	0.00723	0.00488	0.00397	0.00273	0.00128	0.00330	0.00241	0.00276	0.00475
15	0.00618	0.00468	0.00568	0.00546	0.00655	0.00450	0.00409	0.00878	0.08876	0.01500	0.51977	0.05494	0.15468	0.06202	0.00591	0.00154	0.00233	0.04090	0.00425	0.00400
16	0.00622	0.00488	0.00679	0.00673	0.00745	0.02469	0.00519	0.00761	0.00675	0.00957	0.01101	0.01657	0.01043	0.07535	0.75720	0.00630	0.02684	0.00448	0.00223	0.00369
17	0.01101	0.10130	0.27216	0.09547	0.01519	0.08044	0.04473	0.03161	0.00950	0.15354	0.00965	0.05776	0.00766	0.00557	0.02472	0.00144	0.06618	0.00387	0.00259	0.00561
18	0.01450	0.07110	0.01330	0.01118	0.03145	0.66491	0.05380	0.03224	0.01131	0.01072	0.00655	0.00784	0.00547	0.00433	0.00422	0.00112	0.04599	0.00286	0.00214	0.00497
19	0.00819	0.00774	0.01309	0.72656	0.14335	0.00932	0.01171	0.01092	0.00847	0.01104	0.00744	0.01096	0.00569	0.00409	0.00415	0.00136	0.00545	0.00369	0.00188	0.00490
20	0.00801	0.00758	0.01264	0.76076	0.05760	0.00947	0.01143	0.01065	0.00823	0.01069	0.00728	0.01092	0.00557	0.00433	0.00475	0.00141	0.05846	0.00369	0.00185	0.00468

[dist]
# distance from previous block
# <min> <max>
0	1

[block]
# block no. 13 follows, 64 sequences, length 12
# corresponding to MSA columns:
# 398-409
name=unknown_N
#
# <colnr> <probs for GDERKNQSTAVLIFYWHMCP>
#	G	D	E	R	K	N	Q	S	T	A	V	L	I	F	Y	W	H	M	C	P
0	0.00771	0.02683	0.00738	0.00621	0.00777	0.00544	0.04259	0.06104	0.04649	0.06369	0.43186	0.07247	0.13696	0.00790	0.00463	0.00131	0.00262	0.00689	0.05576	0.00445
1	0.01250	0.01198	0.01317	0.12264	0.19887	0.18791	0.00951	0.25126	0.01238	0.01569	0.00796	0.00993	0.00638	0.02300	0.00547	0.00135	0.09803	0.00353	0.00265	0.00578
2	0.01317	0.28396	0.03016	0.01077	0.07832	0.28506	0.03731	0.12625	0.01122	0.03588	0.00715	0.00822	0.00586	0.00424	0.00402	0.00111	0.04647	0.00294	0.00236	0.00554
3	0.00992	0.00951	0.01622	0.14524	0.71115	0.00978	0.01257	0.01244	0.00929	0.01314	0.00775	0.01040	0.00643	0.00377	0.00412	0.00126	0.00502	0.00370	0.00203	0.00629
4	0.01124	0.10322	0.13948	0.02928	0.01346	0.07691	0.13743	0.03468	0.09052	0.16159	0.09922	0.03681	0.03738	0.00522	0.00419	0.00128	0.00472	0.00453	0.00319	0.00566
5	0.01210	0.11909	0.01438	0.02563	0.24085	0.03662	0.06277	0.06875	0.18688	0.14689	0.01150	0.01269	0.00885	0.00468	0.00406	0.00127	0.00446	0.02908	0.00319	0.00629
6	0.00505	0.00366	0.00477	0.00566	0.00599	0.00338	0.00380	0.00580	0.00808	0.01065	0.02444	0.78571	0.09207	0.01281	0.00527	0.00166	0.00239	0.01156	0.00386	0.00338
