[name]
unknown

[dist]
# distance from previous block
# <min> <max>
0	181

[block]
# block no. 0 follows, 66 sequences, length 49
# corresponding to MSA columns:
# 205-226,230-256
name=unknown_A
#
# <colnr> <probs for GDERKNQSTAVLIFYWHMCP>
#	G	D	E	R	K	N	Q	S	T	A	V	L	I	F	Y	W	H	M	C	P
0	0.08008	0.01805	0.03035	0.13471	0.15699	0.04236	0.08636	0.07852	0.06806	0.06796	0.06592	0.02388	0.03727	0.00476	0.00400	0.00123	0.00437	0.01731	0.00284	0.07498
1	0.02621	0.00950	0.03269	0.13830	0.41670	0.04497	0.01024	0.05403	0.06728	0.02513	0.02909	0.02384	0.00771	0.00427	0.00428	0.00122	0.03413	0.00374	0.00239	0.06427
2	0.00892	0.00890	0.03939	0.39173	0.44850	0.00935	0.01200	0.01153	0.00872	0.01195	0.00743	0.01034	0.00593	0.00382	0.00403	0.00127	0.00512	0.00359	0.00191	0.00556
3	0.00919	0.00821	0.01387	0.45210	0.32901	0.00904	0.03259	0.01172	0.00877	0.05603	0.00787	0.01064	0.00607	0.00390	0.00404	0.00128	0.00507	0.00364	0.00207	0.02490
4	0.00948	0.00925	0.03626	0.29721	0.47873	0.00960	0.03229	0.05523	0.00939	0.01294	0.00761	0.01027	0.00607	0.00383	0.00405	0.00126	0.00508	0.00363	0.00204	0.00578
5	0.00968	0.00923	0.01570	0.09886	0.73119	0.00939	0.01205	0.01210	0.00921	0.01309	0.03545	0.01080	0.00741	0.00381	0.00405	0.00122	0.00477	0.00374	0.00207	0.00616
6	0.00805	0.00578	0.00703	0.00670	0.03312	0.02395	0.00494	0.06962	0.07845	0.07375	0.49185	0.09288	0.02805	0.00770	0.00460	0.00131	0.00265	0.03365	0.00420	0.02173
7	0.09778	0.09434	0.14076	0.03660	0.01143	0.05793	0.03639	0.07922	0.08394	0.05472	0.05880	0.01340	0.03794	0.06919	0.05318	0.02133	0.04141	0.00393	0.00273	0.00500
8	0.00810	0.00744	0.01164	0.16789	0.33773	0.00769	0.02142	0.02194	0.00912	0.01238	0.05660	0.03031	0.16230	0.00585	0.00466	0.00131	0.03906	0.04890	0.00258	0.04307
9	0.01699	0.00824	0.01017	0.00786	0.01099	0.00803	0.00647	0.24192	0.05752	0.56585	0.01429	0.01275	0.00930	0.00501	0.00408	0.00125	0.00372	0.00399	0.00471	0.00688
10	0.00756	0.00378	0.00378	0.00378	0.00473	0.00378	0.00284	0.00945	0.00851	0.01513	0.01324	0.01513	0.01040	0.00473	0.00284	0.00095	0.00189	0.00378	0.87994	0.00378
11	0.00556	0.00448	0.02464	0.00525	0.00631	0.00386	0.00407	0.00723	0.01045	0.01432	0.53309	0.13747	0.17520	0.00923	0.00485	0.00137	0.00217	0.04256	0.00416	0.00374
12	0.00585	0.00414	0.00549	0.00549	0.00586	0.00451	0.00378	0.00658	0.00621	0.00865	0.01181	0.02116	0.01241	0.43759	0.43728	0.00525	0.00745	0.00511	0.00231	0.00305
13	0.00756	0.00378	0.00378	0.00378	0.00473	0.00378	0.00284	0.00945	0.00851	0.01513	0.01324	0.01513	0.01040	0.00473	0.00284	0.00095	0.00189	0.00378	0.87994	0.00378
14	0.00789	0.00745	0.01259	0.76765	0.10615	0.00907	0.01138	0.01057	0.00822	0.01065	0.00725	0.01074	0.00551	0.00401	0.00405	0.00134	0.00535	0.00361	0.00182	0.00469
15	0.00766	0.00721	0.01217	0.84767	0.02794	0.00901	0.01127	0.01037	0.00811	0.01037	0.00721	0.01082	0.00541	0.00406	0.00406	0.00135	0.00541	0.00361	0.00180	0.00451
16	0.01542	0.01136	0.01218	0.00933	0.01258	0.01258	0.00771	0.81858	0.01908	0.02557	0.00974	0.00974	0.00690	0.00487	0.00406	0.00122	0.00446	0.00365	0.00406	0.00690
17	0.00888	0.00888	0.01243	0.01065	0.01065	0.01243	0.00888	0.00976	0.00621	0.00976	0.00533	0.00888	0.00533	0.00710	0.01331	0.00178	0.84999	0.00355	0.00178	0.00444
18	0.00615	0.00440	0.00604	0.00668	0.00753	0.00430	0.00555	0.00788	0.00965	0.01289	0.21234	0.14424	0.02731	0.01071	0.00536	0.00170	0.00313	0.51652	0.00391	0.00370
19	0.00684	0.00636	0.00589	0.00558	0.00706	0.09327	0.00422	0.00950	0.12127	0.01291	0.21851	0.03038	0.44611	0.00851	0.00458	0.00131	0.00274	0.00710	0.00380	0.00406
20	0.00756	0.00378	0.00378	0.00378	0.00473	0.00378	0.00284	0.00945	0.00851	0.01513	0.01324	0.01513	0.01040	0.00473	0.00284	0.00095	0.00189	0.00378	0.87994	0.00378
21	0.01121	0.79089	0.02049	0.00719	0.01059	0.05456	0.00701	0.04049	0.00877	0.01012	0.00581	0.00666	0.00527	0.00355	0.00270	0.00089	0.00448	0.00224	0.00183	0.00524
22	0.13202	0.20832	0.35426	0.01004	0.05756	0.03277	0.02132	0.05365	0.02714	0.01349	0.01644	0.00836	0.00579	0.00396	0.00366	0.00118	0.02728	0.00287	0.00208	0.01781
23	0.10407	0.01100	0.06187	0.03382	0.09453	0.03931	0.31986	0.16948	0.01105	0.06398	0.00836	0.00998	0.00622	0.00409	0.00457	0.00131	0.04428	0.00388	0.00262	0.00574
24	0.00783	0.00735	0.01222	0.78844	0.05657	0.00907	0.01114	0.01083	0.03667	0.01070	0.00755	0.01094	0.00569	0.00409	0.00406	0.00135	0.00531	0.00364	0.00189	0.00464
25	0.00841	0.00721	0.00841	0.00601	0.00961	0.00541	0.00481	0.01022	0.00841	0.01322	0.00721	0.00841	0.00601	0.00300	0.00300	0.00060	0.00300	0.00240	0.00240	0.88222
26	0.00756	0.00378	0.00378	0.00378	0.00473	0.00378	0.00284	0.00945	0.00851	0.01513	0.01324	0.01513	0.01040	0.00473	0.00284	0.00095	0.00189	0.00378	0.87994	0.00378
27	0.01250	0.01063	0.03942	0.03033	0.04945	0.01086	0.20230	0.37660	0.13506	0.05555	0.01071	0.02956	0.00801	0.00469	0.00426	0.00129	0.00484	0.00423	0.00341	0.00631
28	0.00766	0.00721	0.01217	0.84767	0.02794	0.00901	0.01127	0.01037	0.00811	0.01037	0.00721	0.01082	0.00541	0.00406	0.00406	0.00135	0.00541	0.00361	0.00180	0.00451
29	0.00756	0.00378	0.00378	0.00378	0.00473	0.00378	0.00284	0.00945	0.00851	0.01513	0.01324	0.01513	0.01040	0.00473	0.00284	0.00095	0.00189	0.00378	0.87994	0.00378
30	0.00508	0.00409	0.00453	0.00456	0.00573	0.00354	0.00340	0.00631	0.00966	0.01221	0.22801	0.10412	0.55464	0.01002	0.00484	0.00138	0.00209	0.02833	0.00393	0.00352
31	0.00995	0.00949	0.01538	0.17427	0.63129	0.02824	0.01193	0.04710	0.00951	0.01319	0.00762	0.01011	0.00623	0.00376	0.00402	0.00123	0.00497	0.00359	0.00206	0.00606
32	0.00766	0.00721	0.01217	0.84767	0.02794	0.00901	0.01127	0.01037	0.00811	0.01037	0.00721	0.01082	0.00541	0.00406	0.00406	0.00135	0.00541	0.00361	0.00180	0.00451
33	0.22160	0.25516	0.05285	0.00940	0.07754	0.26215	0.00747	0.04977	0.00949	0.01292	0.00626	0.00730	0.00519	0.00385	0.00314	0.00108	0.00507	0.00253	0.00215	0.00507
34	0.00480	0.00411	0.00411	0.00411	0.00548	0.00343	0.00308	0.00582	0.00925	0.01096	0.04110	0.03905	0.83046	0.01028	0.00480	0.00137	0.00206	0.00856	0.00377	0.00343
35	0.43413	0.00817	0.00822	0.00670	0.00952	0.00870	0.00552	0.16874	0.01073	0.27689	0.00992	0.02080	0.00695	0.00449	0.00334	0.00125	0.00348	0.00319	0.00362	0.00565
36	0.00895	0.00904	0.01232	0.01053	0.01072	0.03773	0.02445	0.00994	0.00667	0.01011	0.04116	0.00980	0.00677	0.00699	0.01248	0.00172	0.77057	0.00371	0.00191	0.00444
37	0.00494	0.00353	0.00471	0.00565	0.00588	0.00330	0.00377	0.00565	0.00777	0.01036	0.02236	0.85477	0.02683	0.01271	0.00518	0.00165	0.00235	0.01153	0.00377	0.00330
38	0.00756	0.00378	0.00378	0.00378	0.00473	0.00378	0.00284	0.00945	0.00851	0.01513	0.01324	0.01513	0.01040	0.00473	0.00284	0.00095	0.00189	0.00378	0.87994	0.00378
39	0.00871	0.00786	0.01049	0.14924	0.05701	0.03441	0.02023	0.03898	0.12938	0.01256	0.06638	0.01291	0.00970	0.00818	0.09075	0.00194	0.25969	0.00407	0.07274	0.00478
40	0.01055	0.59384	0.07697	0.00811	0.04637	0.01357	0.00752	0.04957	0.02630	0.03280	0.00726	0.02981	0.00642	0.00504	0.03918	0.00120	0.00462	0.00281	0.00209	0.03597
41	0.03676	0.14721	0.52832	0.01058	0.01549	0.05921	0.04515	0.06050	0.03694	0.01323	0.00742	0.00851	0.00552	0.00391	0.00367	0.00121	0.00558	0.00299	0.00200	0.00580
42	0.04685	0.18284	0.13517	0.00821	0.04334	0.05422	0.02769	0.01143	0.00883	0.05047	0.06614	0.06483	0.00963	0.02449	0.00388	0.00108	0.00406	0.00365	0.00248	0.25072
43	0.03984	0.06031	0.03917	0.04568	0.04625	0.08779	0.02015	0.17003	0.09798	0.07202	0.04853	0.07172	0.08563	0.00561	0.00397	0.00120	0.00401	0.00457	0.00326	0.09229
44	0.08914	0.07422	0.03458	0.05059	0.06673	0.14429	0.02709	0.18432	0.03068	0.10848	0.03113	0.02925	0.00833	0.00479	0.00393	0.00119	0.01758	0.03064	0.00304	0.05998
45	0.10076	0.03800	0.03666	0.06905	0.05386	0.06505	0.07590	0.12315	0.06570	0.08348	0.05575	0.05727	0.03288	0.01609	0.00427	0.00126	0.01737	0.01161	0.00305	0.08883
46	0.04280	0.02020	0.02189	0.21205	0.08693	0.07352	0.08262	0.08379	0.08175	0.03628	0.06755	0.02801	0.06716	0.00520	0.00413	0.00127	0.00452	0.02919	0.00282	0.04833
47	0.07848	0.00984	0.06790	0.02166	0.02301	0.06859	0.20599	0.07031	0.09665	0.09548	0.03389	0.07015	0.04460	0.00548	0.00425	0.00132	0.00463	0.05075	0.00308	0.04394
48	0.07324	0.05038	0.18516	0.17214	0.13379	0.00967	0.04866	0.13127	0.04576	0.02581	0.02168	0.05606	0.00773	0.00459	0.00393	0.00127	0.00479	0.00390	0.00251	0.01767

[dist]
# distance from previous block
# <min> <max>
1	203

[block]
# block no. 1 follows, 66 sequences, length 46
# corresponding to MSA columns:
# 479-524
name=unknown_B
#
# <colnr> <probs for GDERKNQSTAVLIFYWHMCP>
#	G	D	E	R	K	N	Q	S	T	A	V	L	I	F	Y	W	H	M	C	P
0	0.06935	0.01921	0.00928	0.02922	0.01961	0.10305	0.01514	0.16832	0.06046	0.18641	0.15241	0.01644	0.03943	0.01891	0.02673	0.00142	0.00407	0.03083	0.00374	0.02595
1	0.09834	0.02994	0.00951	0.00837	0.04728	0.10565	0.03262	0.15823	0.04147	0.03010	0.04925	0.15203	0.05373	0.00630	0.00420	0.00124	0.02110	0.03070	0.00316	0.11678
2	0.03313	0.00983	0.03091	0.02176	0.08871	0.09015	0.14710	0.15421	0.09989	0.08385	0.02353	0.09586	0.04141	0.03340	0.00477	0.00137	0.00459	0.00489	0.00317	0.02746
3	0.07471	0.02078	0.01268	0.05087	0.07305	0.08656	0.17978	0.10025	0.08128	0.04239	0.06505	0.01513	0.05282	0.00635	0.04566	0.00154	0.00500	0.04488	0.00292	0.03829
4	0.06559	0.01110	0.08958	0.03819	0.01174	0.14182	0.01739	0.18974	0.11157	0.03736	0.04723	0.07226	0.02950	0.00633	0.02738	0.00142	0.03329	0.02533	0.00314	0.04006
5	0.09314	0.00742	0.00803	0.00735	0.02604	0.02749	0.00550	0.22054	0.10250	0.08403	0.01616	0.23318	0.06665	0.06728	0.00544	0.00156	0.00344	0.01554	0.00370	0.00504
6	0.14235	0.00792	0.03414	0.00698	0.02375	0.07101	0.00541	0.09092	0.04009	0.09778	0.01396	0.12498	0.07085	0.11181	0.02841	0.00171	0.00387	0.02248	0.00317	0.09842
7	0.03597	0.02859	0.03547	0.00697	0.00818	0.08601	0.04527	0.03675	0.00860	0.01132	0.05585	0.33665	0.05696	0.09669	0.10407	0.00229	0.00449	0.03295	0.00308	0.00384
8	0.01151	0.01078	0.01109	0.00934	0.02367	0.24849	0.11950	0.06965	0.03703	0.11362	0.01334	0.10179	0.07838	0.03492	0.01908	0.00138	0.00500	0.00481	0.00301	0.08360
9	0.02993	0.01035	0.02477	0.06694	0.03352	0.11049	0.43242	0.01198	0.00905	0.01197	0.00839	0.02113	0.00692	0.02958	0.11285	0.00200	0.00680	0.00423	0.00212	0.06458
10	0.00988	0.01276	0.14784	0.01258	0.01631	0.11738	0.35230	0.01338	0.06749	0.01273	0.00809	0.00987	0.00625	0.00386	0.00459	0.00121	0.04870	0.00375	0.00219	0.14882
11	0.03782	0.09045	0.01069	0.00746	0.03670	0.05048	0.04576	0.01089	0.00858	0.01279	0.00734	0.02599	0.00629	0.00338	0.00315	0.00075	0.00360	0.00273	0.00232	0.63284
12	0.00855	0.00742	0.00780	0.00769	0.04040	0.11126	0.02994	0.04070	0.13249	0.03393	0.06460	0.13919	0.02658	0.25118	0.00914	0.00213	0.00399	0.07562	0.00320	0.00420
13	0.00614	0.00425	0.00481	0.00458	0.00493	0.00408	0.00269	0.00632	0.00614	0.00838	0.01224	0.02480	0.01391	0.77485	0.01894	0.00361	0.00384	0.00556	0.00245	0.08748
14	0.09212	0.00478	0.00583	0.00549	0.00660	0.00483	0.00407	0.00873	0.00849	0.10207	0.21683	0.05198	0.08611	0.18112	0.20030	0.00303	0.00469	0.00576	0.00333	0.00385
15	0.01569	0.01093	0.01191	0.00913	0.01237	0.01194	0.00754	0.74138	0.01835	0.10378	0.01035	0.01013	0.00720	0.00488	0.00406	0.00122	0.00437	0.00369	0.00415	0.00690
16	0.00820	0.02035	0.78896	0.01171	0.01749	0.00953	0.03990	0.01277	0.00853	0.01277	0.00726	0.00865	0.00518	0.00393	0.00414	0.00130	0.02861	0.00307	0.00173	0.00594
17	0.01072	0.01196	0.01241	0.01073	0.01143	0.25308	0.02624	0.01170	0.00782	0.00988	0.00566	0.00847	0.00531	0.00617	0.01032	0.00155	0.58681	0.00331	0.00187	0.00454
18	0.01313	0.00630	0.00812	0.00667	0.00900	0.00580	0.00540	0.09223	0.01204	0.44154	0.23850	0.02107	0.06961	0.00653	0.00439	0.00129	0.00306	0.04499	0.00463	0.00569
19	0.79808	0.00901	0.00652	0.00585	0.00832	0.09316	0.00474	0.01236	0.00737	0.01737	0.00571	0.00666	0.00448	0.00381	0.00263	0.00123	0.00356	0.00224	0.00247	0.00443
20	0.01440	0.01087	0.01143	0.00901	0.01193	0.03860	0.00733	0.71395	0.01774	0.02359	0.01085	0.09132	0.00877	0.00561	0.00415	0.00125	0.00435	0.00438	0.00397	0.00648
21	0.00814	0.02099	0.83640	0.01156	0.01756	0.00942	0.01499	0.01285	0.00857	0.01285	0.00728	0.00857	0.00514	0.00385	0.00385	0.00128	0.00600	0.00300	0.00171	0.00600
22	0.00589	0.00397	0.00463	0.00463	0.00470	0.00404	0.00271	0.00603	0.00596	0.00802	0.01260	0.02552	0.01430	0.77750	0.09996	0.00418	0.00460	0.00575	0.00243	0.00257
23	0.04235	0.01217	0.01154	0.00921	0.01214	0.14850	0.00745	0.60867	0.01684	0.04970	0.00965	0.03580	0.00728	0.00497	0.00398	0.00121	0.00479	0.00370	0.00371	0.00635
24	0.01491	0.01111	0.01189	0.00923	0.01239	0.01234	0.00759	0.74156	0.09694	0.02474	0.01040	0.01026	0.00743	0.00493	0.00407	0.00123	0.00434	0.00374	0.00407	0.00685
25	0.00492	0.00360	0.00463	0.00546	0.00584	0.00331	0.00368	0.00567	0.00795	0.01043	0.02465	0.75505	0.12507	0.01241	0.00513	0.00161	0.00232	0.01117	0.00377	0.00331
26	0.04449	0.01764	0.01114	0.01001	0.01221	0.70664	0.00758	0.04945	0.05611	0.03773	0.00727	0.00803	0.00581	0.00429	0.00368	0.00108	0.00671	0.00280	0.00239	0.00495
27	0.02779	0.32146	0.49948	0.00963	0.01456	0.01168	0.01159	0.01280	0.00851	0.03848	0.00694	0.00796	0.00531	0.00375	0.00338	0.00113	0.00526	0.00272	0.00185	0.00571
28	0.00590	0.00393	0.00442	0.00442	0.00442	0.00393	0.00246	0.00590	0.00590	0.00787	0.01278	0.02655	0.01475	0.85742	0.02065	0.00393	0.00393	0.00590	0.00246	0.00246
29	0.00564	0.00382	0.00510	0.00589	0.00631	0.00361	0.00416	0.00650	0.00802	0.03696	0.02154	0.67054	0.02518	0.05608	0.00601	0.00178	0.00267	0.12303	0.00373	0.00343
30	0.03995	0.03833	0.01140	0.00941	0.03261	0.08340	0.01871	0.34197	0.28552	0.01902	0.01134	0.01174	0.00864	0.00512	0.00448	0.00129	0.04941	0.01789	0.00358	0.00620
31	0.00631	0.00454	0.00625	0.00714	0.00804	0.00449	0.00612	0.00803	0.00920	0.01193	0.02256	0.11531	0.06510	0.01129	0.00553	0.00182	0.00353	0.69538	0.00374	0.00368
32	0.00491	0.00380	0.00444	0.00493	0.00566	0.00337	0.00342	0.00573	0.00836	0.01054	0.03027	0.46949	0.37924	0.03934	0.00552	0.00160	0.00227	0.01004	0.00372	0.00332
33	0.01012	0.41230	0.35428	0.00945	0.01383	0.09292	0.03201	0.01285	0.00873	0.01103	0.00644	0.00755	0.00521	0.00370	0.00328	0.00107	0.00537	0.00262	0.00177	0.00549
34	0.01091	0.73380	0.08816	0.00756	0.01115	0.07100	0.00767	0.01248	0.00849	0.00984	0.00582	0.00673	0.00520	0.00355	0.00278	0.00091	0.00468	0.00227	0.00176	0.00524
35	0.00927	0.09009	0.00992	0.00655	0.00990	0.01960	0.00536	0.06448	0.08135	0.01406	0.03502	0.00961	0.00760	0.00358	0.00320	0.00076	0.00328	0.00282	0.00266	0.62089
36	0.00890	0.13684	0.15193	0.00743	0.00990	0.03569	0.00696	0.06477	0.00958	0.09177	0.04266	0.26321	0.06988	0.00766	0.00428	0.00135	0.00377	0.06040	0.00319	0.01984
37	0.00619	0.00438	0.00591	0.00615	0.00691	0.00422	0.02329	0.02983	0.00841	0.03901	0.05059	0.47454	0.06831	0.07375	0.07873	0.00218	0.00353	0.09148	0.00354	0.01907
38	0.02288	0.00703	0.05158	0.00637	0.00777	0.08717	0.00506	0.03033	0.04467	0.03397	0.17146	0.19172	0.13655	0.10281	0.00639	0.00167	0.00334	0.06666	0.00348	0.01908
39	0.07024	0.10088	0.15155	0.00866	0.01130	0.23169	0.03492	0.02243	0.00902	0.01151	0.00982	0.14041	0.02068	0.03397	0.03081	0.00145	0.03398	0.00434	0.00235	0.07000
40	0.13443	0.10167	0.01259	0.00869	0.01175	0.03896	0.13826	0.09978	0.07226	0.12815	0.02818	0.01120	0.03431	0.00438	0.00386	0.00114	0.02136	0.00361	0.00302	0.14239
41	0.06128	0.05197	0.04329	0.00749	0.00992	0.05946	0.04353	0.07634	0.09486	0.11547	0.06348	0.05343	0.07269	0.03463	0.08539	0.00180	0.00448	0.01581	0.00323	0.10143
42	0.05973	0.10289	0.02158	0.00753	0.00984	0.18124	0.00601	0.06904	0.08957	0.04847	0.01134	0.17649	0.01076	0.00659	0.02994	0.00131	0.00436	0.00466	0.00292	0.15574
43	0.02972	0.02038	0.03024	0.01861	0.01005	0.12737	0.04084	0.13225	0.08026	0.02319	0.08672	0.21014	0.01486	0.03363	0.03133	0.00153	0.01242	0.01174	0.00324	0.08149
44	0.13251	0.12661	0.02102	0.00806	0.01058	0.16677	0.05063	0.11849	0.04543	0.01417	0.03616	0.05586	0.06056	0.01711	0.00418	0.00119	0.03304	0.00390	0.00274	0.09100
45	0.05353	0.10543	0.08467	0.00995	0.02436	0.16655	0.12788	0.11507	0.05071	0.03495	0.04186	0.04196	0.00826	0.00457	0.00407	0.00116	0.02893	0.00372	0.00264	0.08973

[dist]
# distance from previous block
# <min> <max>
4	209

[block]
# block no. 2 follows, 66 sequences, length 16
# corresponding to MSA columns:
# 754-769
name=unknown_C
#
# <colnr> <probs for GDERKNQSTAVLIFYWHMCP>
#	G	D	E	R	K	N	Q	S	T	A	V	L	I	F	Y	W	H	M	C	P
0	0.04925	0.07493	0.05032	0.04313	0.03483	0.05866	0.24668	0.03833	0.12118	0.05610	0.01895	0.04798	0.00820	0.00448	0.00429	0.00123	0.03051	0.00411	0.00266	0.10418
1	0.02125	0.04560	0.03236	0.02521	0.05765	0.03382	0.02127	0.08120	0.07334	0.03949	0.02639	0.16587	0.03524	0.00687	0.03670	0.00135	0.03214	0.00494	0.00296	0.25634
2	0.04341	0.09231	0.08744	0.02359	0.01169	0.13872	0.09212	0.05476	0.02665	0.03309	0.09849	0.01425	0.05801	0.03274	0.01300	0.01276	0.03080	0.01977	0.00267	0.11371
3	0.04438	0.10004	0.05959	0.00875	0.01134	0.05793	0.16920	0.07959	0.02810	0.01373	0.15188	0.01851	0.15255	0.02465	0.04617	0.00155	0.00455	0.00510	0.00296	0.01943
4	0.01291	0.05981	0.01592	0.01183	0.04300	0.06633	0.27675	0.23260	0.03289	0.15090	0.03596	0.01124	0.00806	0.00434	0.00420	0.00124	0.00515	0.00406	0.00320	0.01959
5	0.01020	0.18925	0.06004	0.00827	0.04753	0.04132	0.02121	0.10811	0.06095	0.01400	0.00777	0.00867	0.00629	0.00361	0.00327	0.00088	0.00396	0.00278	0.00249	0.39940
6	0.01154	0.03596	0.01019	0.04549	0.01160	0.01003	0.00674	0.15731	0.50503	0.08939	0.01400	0.01323	0.01033	0.00508	0.00400	0.00128	0.00357	0.00413	0.00391	0.05721
7	0.01249	0.00637	0.00811	0.00679	0.00914	0.00576	0.00531	0.06825	0.04671	0.39208	0.01614	0.25084	0.01411	0.00692	0.00424	0.00127	0.00313	0.00594	0.00418	0.13222
8	0.00975	0.00941	0.03769	0.29520	0.36790	0.04127	0.01092	0.10325	0.01018	0.01373	0.05535	0.01129	0.00790	0.00420	0.00406	0.00126	0.00494	0.00378	0.00231	0.00561
9	0.01074	0.32398	0.40095	0.00923	0.01380	0.03202	0.01059	0.01367	0.00896	0.12938	0.00791	0.00854	0.00587	0.00389	0.00343	0.00112	0.00506	0.00284	0.00220	0.00581
10	0.01153	0.01208	0.01538	0.01641	0.29845	0.19594	0.13513	0.10455	0.01043	0.01331	0.00729	0.00935	0.00599	0.00441	0.00556	0.00129	0.14147	0.00357	0.00223	0.00563
11	0.00624	0.00450	0.00533	0.00513	0.00513	0.00490	0.00319	0.00634	0.00594	0.00808	0.01194	0.02454	0.01368	0.76078	0.01982	0.00369	0.10008	0.00563	0.00238	0.00268
12	0.00698	0.00481	0.00544	0.00520	0.00564	0.00494	0.00334	0.09839	0.00767	0.01022	0.01329	0.05628	0.01480	0.68033	0.01732	0.00342	0.00392	0.05218	0.00276	0.00307
13	0.00502	0.00356	0.00469	0.00555	0.00577	0.00334	0.00366	0.00567	0.00762	0.01016	0.02162	0.79069	0.02590	0.07807	0.00638	0.00182	0.00248	0.01110	0.00366	0.00323
14	0.01009	0.00872	0.00917	0.00826	0.01055	0.01009	0.00642	0.02156	0.82478	0.01697	0.01651	0.01514	0.01238	0.00550	0.00413	0.00138	0.00321	0.00459	0.00413	0.00642
15	0.01786	0.00832	0.00965	0.00759	0.01061	0.10088	0.00618	0.01937	0.01160	0.74116	0.01490	0.01307	0.00950	0.00493	0.00403	0.00123	0.00389	0.00391	0.00469	0.00665

[dist]
# distance from previous block
# <min> <max>
0	10

[block]
# block no. 3 follows, 66 sequences, length 37
# corresponding to MSA columns:
# 780-816
name=unknown_D
#
# <colnr> <probs for GDERKNQSTAVLIFYWHMCP>
#	G	D	E	R	K	N	Q	S	T	A	V	L	I	F	Y	W	H	M	C	P
0	0.00869	0.00681	0.00804	0.00598	0.00923	0.00522	0.00474	0.01037	0.00863	0.06881	0.01040	0.06227	0.04804	0.00409	0.00330	0.00075	0.00295	0.00338	0.00273	0.72557
1	0.00854	0.02006	0.76911	0.01130	0.01702	0.00950	0.01432	0.06223	0.00927	0.01370	0.02393	0.00907	0.00591	0.00401	0.00389	0.00128	0.00582	0.00313	0.00191	0.00601
2	0.05466	0.24322	0.41297	0.01038	0.01491	0.01092	0.12027	0.01219	0.00848	0.01211	0.00781	0.06020	0.00659	0.00423	0.00366	0.00120	0.00529	0.00350	0.00193	0.00546
3	0.00795	0.00744	0.01223	0.74848	0.07343	0.00912	0.01104	0.01117	0.05834	0.01094	0.00781	0.01104	0.00590	0.00412	0.00406	0.00135	0.00524	0.00367	0.00196	0.00474
4	0.00557	0.00450	0.00512	0.00594	0.00629	0.05475	0.00402	0.00630	0.00800	0.01033	0.02137	0.80272	0.02551	0.01219	0.00509	0.00161	0.00266	0.01099	0.00366	0.00338
5	0.00933	0.00886	0.01503	0.15973	0.64842	0.00915	0.01172	0.01169	0.00896	0.01260	0.00847	0.06205	0.00751	0.00425	0.00409	0.00126	0.00477	0.00410	0.00208	0.00592
6	0.00877	0.00802	0.01400	0.01104	0.01342	0.00787	0.33940	0.15798	0.01059	0.01424	0.01422	0.35222	0.01466	0.00745	0.00481	0.00145	0.00459	0.00731	0.00311	0.00485
7	0.00574	0.00415	0.00542	0.00510	0.00606	0.00383	0.00383	0.00766	0.01148	0.01627	0.82997	0.03031	0.03828	0.00829	0.00479	0.00128	0.00191	0.00734	0.00447	0.00383
8	0.00482	0.00403	0.00419	0.00432	0.00553	0.00341	0.00318	0.00580	0.00905	0.01088	0.03856	0.14953	0.72161	0.01060	0.00485	0.00141	0.00210	0.00896	0.00377	0.00341
9	0.01309	0.01681	0.12398	0.02665	0.13769	0.49241	0.00952	0.08422	0.01121	0.01218	0.00700	0.00834	0.00563	0.00460	0.01865	0.00123	0.01635	0.00297	0.00219	0.00530
10	0.01780	0.00699	0.00940	0.00727	0.01037	0.00617	0.00599	0.01986	0.05154	0.79476	0.01603	0.01387	0.01016	0.00505	0.00408	0.00126	0.00344	0.00410	0.00498	0.00688
11	0.01004	0.00964	0.01647	0.02490	0.83211	0.00964	0.01245	0.01245	0.00924	0.01325	0.00763	0.01004	0.00643	0.00361	0.00402	0.00120	0.00482	0.00361	0.00201	0.00643
12	0.00576	0.00459	0.00624	0.00662	0.00686	0.00507	0.00481	0.00659	0.00769	0.01056	0.05454	0.63577	0.02320	0.01142	0.00670	0.00166	0.16140	0.03354	0.00342	0.00355
13	0.00855	0.04289	0.60807	0.01323	0.08301	0.00965	0.13320	0.01272	0.00878	0.01279	0.00771	0.00980	0.00580	0.00392	0.00401	0.00129	0.00593	0.02096	0.00183	0.00588
14	0.01820	0.00690	0.00942	0.00722	0.01036	0.00596	0.00596	0.01977	0.01161	0.83492	0.01601	0.01381	0.01004	0.00502	0.00408	0.00126	0.00345	0.00408	0.00502	0.00690
15	0.88607	0.00785	0.00596	0.00534	0.00785	0.00910	0.00439	0.01193	0.00690	0.01820	0.00565	0.00659	0.00439	0.00377	0.00251	0.00126	0.00314	0.00220	0.00251	0.00439
16	0.00494	0.00353	0.00471	0.00565	0.00588	0.00330	0.00377	0.00565	0.00777	0.01036	0.02236	0.85477	0.02683	0.01271	0.00518	0.00165	0.00235	0.01153	0.00377	0.00330
17	0.00503	0.00359	0.00480	0.00574	0.00602	0.00337	0.00391	0.00579	0.00785	0.01045	0.02232	0.81257	0.02665	0.01263	0.00520	0.00166	0.00243	0.05291	0.00376	0.00332
18	0.00944	0.00999	0.01983	0.13978	0.25141	0.00990	0.45684	0.01263	0.02506	0.01276	0.00806	0.01075	0.00624	0.00361	0.00445	0.00132	0.00599	0.00428	0.00204	0.00562
19	0.00841	0.00721	0.00841	0.00601	0.00961	0.00541	0.00481	0.01022	0.00841	0.01322	0.00721	0.00841	0.00601	0.00300	0.00300	0.00060	0.00300	0.00240	0.00240	0.88222
20	0.00581	0.00431	0.00633	0.00633	0.00699	0.00497	0.00483	0.00712	0.00646	0.00928	0.01104	0.01691	0.01057	0.10646	0.76588	0.00628	0.01023	0.00449	0.00220	0.00352
21	0.01401	0.24263	0.01409	0.00952	0.01198	0.62194	0.00760	0.01512	0.01063	0.00983	0.00610	0.00710	0.00522	0.00399	0.00338	0.00100	0.00653	0.00250	0.00200	0.00484
22	0.00621	0.00496	0.00732	0.00708	0.00771	0.00607	0.00559	0.00759	0.00648	0.00947	0.01012	0.01498	0.00949	0.02727	0.72918	0.00588	0.12453	0.00424	0.00212	0.00373
23	0.01598	0.00744	0.01120	0.00849	0.01160	0.00667	0.11578	0.05220	0.01165	0.62731	0.07589	0.01449	0.01151	0.00504	0.00423	0.00127	0.00384	0.00440	0.00454	0.00648
24	0.00962	0.05310	0.02754	0.13201	0.38718	0.02709	0.09057	0.01183	0.00907	0.06908	0.01024	0.12510	0.00938	0.00509	0.00420	0.00129	0.00471	0.01492	0.00244	0.00553
25	0.76815	0.00832	0.00680	0.00588	0.00849	0.00957	0.00484	0.12119	0.00855	0.01920	0.00620	0.00702	0.00473	0.00392	0.00272	0.00125	0.00332	0.00239	0.00272	0.00473
26	0.00580	0.00435	0.00652	0.00652	0.00724	0.00507	0.00507	0.00724	0.00652	0.00942	0.01087	0.01594	0.01014	0.03043	0.84134	0.00652	0.01087	0.00435	0.00217	0.00362
27	0.03683	0.09430	0.01228	0.01056	0.14662	0.00854	0.02989	0.07318	0.06738	0.45926	0.01269	0.01199	0.00865	0.00458	0.00390	0.00122	0.00391	0.00379	0.00392	0.00652
28	0.00810	0.00766	0.01296	0.69583	0.17635	0.00913	0.01149	0.01075	0.00832	0.01090	0.00729	0.01067	0.00560	0.00397	0.00405	0.00132	0.00530	0.00361	0.00184	0.00486
29	0.00507	0.00359	0.00467	0.00548	0.00569	0.00338	0.00359	0.00568	0.00751	0.01002	0.02106	0.74259	0.02520	0.12713	0.00727	0.00196	0.00257	0.01077	0.00359	0.00318
30	0.00881	0.00964	0.02016	0.05856	0.01896	0.00936	0.62543	0.01170	0.00909	0.01234	0.00993	0.12513	0.00888	0.00489	0.00522	0.00143	0.04755	0.00558	0.00226	0.00508
31	0.02094	0.02710	0.05083	0.09279	0.09952	0.22283	0.02233	0.11154	0.10313	0.06887	0.05324	0.08822	0.01040	0.00534	0.00406	0.00125	0.00489	0.00437	0.00297	0.00538
32	0.00580	0.00433	0.00644	0.00644	0.00713	0.00503	0.00497	0.00719	0.00650	0.00936	0.01094	0.01635	0.01032	0.06272	0.80929	0.00642	0.01060	0.00441	0.00218	0.00358
33	0.00632	0.00452	0.00629	0.00722	0.00806	0.00448	0.00616	0.00803	0.00913	0.01190	0.02160	0.15534	0.02382	0.01141	0.00555	0.00184	0.00355	0.69735	0.00374	0.00368
34	0.01144	0.72110	0.01990	0.00777	0.03374	0.01540	0.00720	0.12139	0.00974	0.01182	0.00625	0.00705	0.00547	0.00366	0.00284	0.00092	0.00437	0.00241	0.00206	0.00547
35	0.01138	0.02720	0.14139	0.07180	0.25062	0.27962	0.01037	0.06824	0.02144	0.01263	0.00807	0.01082	0.00675	0.00478	0.01748	0.00129	0.00585	0.04253	0.00223	0.00550
36	0.00777	0.12221	0.00979	0.00750	0.00859	0.08091	0.00608	0.00904	0.00713	0.00950	0.00897	0.01307	0.00842	0.03889	0.51214	0.00451	0.13558	0.00381	0.00205	0.00403

[dist]
# distance from previous block
# <min> <max>
0	4

[block]
# block no. 4 follows, 66 sequences, length 131
# corresponding to MSA columns:
# 821-940,942-948,950-953
name=unknown_E
#
# <colnr> <probs for GDERKNQSTAVLIFYWHMCP>
#	G	D	E	R	K	N	Q	S	T	A	V	L	I	F	Y	W	H	M	C	P
0	0.00748	0.00627	0.00708	0.00780	0.00886	0.09587	0.00668	0.00926	0.00957	0.01190	0.01982	0.04157	0.02137	0.01044	0.00539	0.00178	0.00413	0.71734	0.00356	0.00384
1	0.01431	0.14622	0.02658	0.00959	0.01211	0.55852	0.00766	0.07910	0.04949	0.04959	0.00739	0.00807	0.00591	0.00422	0.00357	0.00106	0.00624	0.00279	0.00242	0.00516
2	0.00923	0.02250	0.12322	0.00970	0.01287	0.00743	0.22365	0.03807	0.03738	0.10808	0.03830	0.04985	0.14699	0.03998	0.00506	0.00136	0.01430	0.00511	0.00296	0.10397
3	0.01255	0.02679	0.16425	0.00996	0.01356	0.01079	0.08047	0.42350	0.09235	0.06163	0.01098	0.03158	0.02373	0.00516	0.01282	0.00132	0.00475	0.00401	0.00343	0.00634
4	0.01497	0.01106	0.01169	0.00904	0.01214	0.02486	0.00744	0.76034	0.01836	0.02474	0.00989	0.01001	0.00707	0.00485	0.00398	0.00120	0.00436	0.00364	0.05368	0.00669
5	0.00901	0.00863	0.01481	0.37874	0.46553	0.00939	0.03233	0.01157	0.00876	0.01201	0.00747	0.01040	0.00598	0.00380	0.00405	0.00127	0.00512	0.00364	0.00192	0.00558
6	0.01019	0.01175	0.03276	0.01613	0.04029	0.10062	0.67042	0.01326	0.00975	0.02288	0.00837	0.02852	0.00654	0.00373	0.00463	0.00133	0.00669	0.00463	0.00212	0.00539
7	0.00766	0.00721	0.01217	0.84767	0.02794	0.00901	0.01127	0.01037	0.00811	0.01037	0.00721	0.01082	0.00541	0.00406	0.00406	0.00135	0.00541	0.00361	0.00180	0.00451
8	0.00482	0.00411	0.00415	0.00414	0.00550	0.00344	0.00310	0.00587	0.00931	0.01111	0.06348	0.03880	0.80799	0.01022	0.00479	0.00137	0.00205	0.00853	0.00379	0.00344
9	0.00493	0.00359	0.00464	0.00548	0.00584	0.00331	0.00369	0.00567	0.00793	0.01042	0.02440	0.76583	0.11445	0.01245	0.00514	0.00162	0.00232	0.01121	0.00377	0.00331
10	0.01022	0.05408	0.01625	0.02291	0.73831	0.02499	0.01177	0.01251	0.00920	0.02786	0.00774	0.01002	0.00650	0.00432	0.02515	0.00132	0.00497	0.00355	0.00205	0.00627
11	0.00985	0.00739	0.00872	0.00631	0.00985	0.00584	0.00509	0.05352	0.00932	0.10346	0.00830	0.00907	0.00650	0.00332	0.00318	0.00070	0.00313	0.00265	0.00278	0.74103
12	0.00492	0.00360	0.00463	0.00545	0.00583	0.00331	0.00368	0.00567	0.00796	0.01043	0.02475	0.75098	0.12909	0.01240	0.00513	0.00161	0.00232	0.01116	0.00377	0.00331
13	0.01488	0.03366	0.01204	0.00931	0.01229	0.12616	0.00759	0.65556	0.01733	0.02244	0.00965	0.03052	0.00737	0.00503	0.00402	0.00121	0.00479	0.01602	0.00372	0.00642
14	0.00778	0.00655	0.00680	0.00621	0.00801	0.02173	0.00482	0.08339	0.27599	0.01477	0.11086	0.02732	0.37718	0.00795	0.00451	0.00135	0.00276	0.02329	0.00395	0.00478
15	0.00540	0.00404	0.00445	0.00440	0.00514	0.00370	0.00295	0.00615	0.00823	0.01054	0.15666	0.03248	0.36589	0.35972	0.01134	0.00241	0.00281	0.00727	0.00334	0.00309
16	0.00792	0.00748	0.01264	0.75796	0.11562	0.00908	0.01140	0.01059	0.00824	0.01068	0.00726	0.01073	0.00552	0.00401	0.00405	0.00134	0.00534	0.00361	0.00183	0.00472
17	0.00841	0.00721	0.00841	0.00601	0.00961	0.00541	0.00481	0.01022	0.00841	0.01322	0.00721	0.00841	0.00601	0.00300	0.00300	0.00060	0.00300	0.00240	0.00240	0.88222
18	0.10664	0.00891	0.12106	0.00761	0.01107	0.00676	0.00702	0.01802	0.01071	0.63908	0.01375	0.01235	0.00879	0.00473	0.00389	0.00126	0.00376	0.00374	0.00431	0.00652
19	0.00580	0.00389	0.00446	0.00456	0.00458	0.00386	0.00260	0.00587	0.00610	0.00814	0.01383	0.11685	0.01607	0.76532	0.01896	0.00368	0.00376	0.00651	0.00260	0.00255
20	0.00787	0.00762	0.01345	0.75711	0.02721	0.00915	0.09916	0.01065	0.00827	0.01065	0.00732	0.01083	0.00549	0.00399	0.00414	0.00135	0.00556	0.00373	0.00183	0.00461
21	0.01754	0.00733	0.00960	0.00743	0.01053	0.00668	0.00612	0.07833	0.05798	0.72959	0.01558	0.01359	0.00994	0.00504	0.00408	0.00126	0.00351	0.00408	0.00490	0.00688
22	0.00489	0.00411	0.00424	0.00421	0.00554	0.00347	0.00316	0.00601	0.00947	0.01150	0.12084	0.03816	0.75039	0.01007	0.00479	0.00136	0.00204	0.00844	0.00384	0.00347
23	0.01732	0.00710	0.00939	0.00733	0.01038	0.00641	0.00601	0.01997	0.10027	0.74574	0.01606	0.01395	0.01030	0.00507	0.00409	0.00127	0.00343	0.00414	0.00492	0.00685
24	0.00858	0.00977	0.10443	0.44041	0.25409	0.00936	0.09244	0.01149	0.00863	0.01172	0.00744	0.01036	0.00574	0.00385	0.00410	0.00130	0.00545	0.00366	0.00188	0.00531
25	0.01374	0.01040	0.01114	0.00894	0.01187	0.01163	0.00725	0.54102	0.28257	0.03973	0.01209	0.01159	0.00876	0.00508	0.00408	0.00127	0.00403	0.00397	0.00410	0.00674
26	0.00494	0.00353	0.00471	0.00565	0.00588	0.00330	0.00377	0.00565	0.00777	0.01036	0.02236	0.85477	0.02683	0.01271	0.00518	0.00165	0.00235	0.01153	0.00377	0.00330
27	0.01010	0.01008	0.01634	0.02184	0.63082	0.05307	0.09945	0.01282	0.03909	0.01307	0.00866	0.01113	0.02069	0.00397	0.00429	0.00124	0.02044	0.01463	0.00214	0.00611
28	0.01058	0.76689	0.01986	0.00684	0.01033	0.01489	0.00671	0.01194	0.00826	0.00995	0.00581	0.00672	0.00529	0.00342	0.00265	0.00084	0.00419	0.00219	0.00181	0.10083
29	0.00547	0.00406	0.00511	0.00505	0.00598	0.00370	0.00374	0.00706	0.01051	0.01438	0.55514	0.14868	0.18047	0.00934	0.00486	0.00136	0.00204	0.02516	0.00422	0.00368
30	0.01055	0.76840	0.11013	0.00745	0.01119	0.01533	0.00782	0.01222	0.00828	0.00991	0.00582	0.00673	0.00520	0.00351	0.00274	0.00091	0.00452	0.00226	0.00173	0.00529
31	0.00498	0.00356	0.00475	0.00569	0.00594	0.00333	0.00383	0.00571	0.00780	0.01040	0.02234	0.83698	0.02676	0.01268	0.00519	0.00165	0.00238	0.02898	0.00377	0.00331
32	0.00551	0.00418	0.00510	0.00501	0.00603	0.00382	0.00373	0.00726	0.02832	0.01413	0.49588	0.12252	0.24946	0.00930	0.00483	0.00136	0.00206	0.02360	0.00418	0.00372
33	0.00521	0.00385	0.00532	0.00666	0.04908	0.00363	0.00422	0.00600	0.00784	0.01051	0.02159	0.81061	0.02577	0.01224	0.00512	0.00162	0.00248	0.01112	0.00367	0.00346
34	0.00562	0.00414	0.00525	0.00497	0.00599	0.00378	0.00373	0.00742	0.01119	0.01558	0.72714	0.03145	0.14155	0.00855	0.00479	0.00129	0.00193	0.00750	0.00438	0.00378
35	0.00814	0.02099	0.83640	0.01156	0.01756	0.00942	0.01499	0.01285	0.00857	0.01285	0.00728	0.00857	0.00514	0.00385	0.00385	0.00128	0.00600	0.00300	0.00171	0.00600
36	0.00814	0.02099	0.83640	0.01156	0.01756	0.00942	0.01499	0.01285	0.00857	0.01285	0.00728	0.00857	0.00514	0.00385	0.00385	0.00128	0.00600	0.00300	0.00171	0.00600
37	0.08592	0.01267	0.01114	0.02698	0.01218	0.24576	0.00737	0.40415	0.01461	0.09842	0.01821	0.00943	0.00682	0.00467	0.00404	0.00119	0.02382	0.00332	0.00338	0.00594
38	0.00590	0.00393	0.00442	0.00442	0.00442	0.00393	0.00246	0.00590	0.00590	0.00787	0.01278	0.02655	0.01475	0.85742	0.02065	0.00393	0.00393	0.00590	0.00246	0.00246
39	0.00814	0.02099	0.83640	0.01156	0.01756	0.00942	0.01499	0.01285	0.00857	0.01285	0.00728	0.00857	0.00514	0.00385	0.00385	0.00128	0.00600	0.00300	0.00171	0.00600
40	0.00773	0.00728	0.01229	0.82433	0.05076	0.00903	0.01130	0.01043	0.00814	0.01045	0.00722	0.01079	0.00544	0.00404	0.00406	0.00135	0.00539	0.00361	0.00181	0.00456
41	0.00624	0.00448	0.00618	0.00708	0.00793	0.00442	0.00601	0.00791	0.00911	0.01184	0.02232	0.16296	0.05330	0.01139	0.00551	0.00182	0.00347	0.66060	0.00374	0.00366
42	0.00494	0.00353	0.00471	0.00565	0.00588	0.00330	0.00377	0.00565	0.00777	0.01036	0.02236	0.85477	0.02683	0.01271	0.00518	0.00165	0.00235	0.01153	0.00377	0.00330
43	0.00512	0.00365	0.00491	0.00585	0.00616	0.00345	0.00407	0.00595	0.00794	0.01055	0.02227	0.76656	0.02645	0.01255	0.00522	0.00167	0.00250	0.09802	0.00376	0.00334
44	0.10836	0.37717	0.01538	0.00793	0.01113	0.05701	0.00702	0.34105	0.01268	0.01704	0.00735	0.00788	0.00581	0.00411	0.00324	0.00106	0.00441	0.00280	0.00279	0.00578
45	0.00580	0.00435	0.00652	0.00652	0.00724	0.00507	0.00507	0.00724	0.00652	0.00942	0.01087	0.01594	0.01014	0.03043	0.84134	0.00652	0.01087	0.00435	0.00217	0.00362
46	0.01085	0.85986	0.02126	0.00694	0.01041	0.01605	0.00694	0.01215	0.00824	0.00955	0.00564	0.00651	0.00521	0.00347	0.00260	0.00087	0.00434	0.00217	0.00174	0.00521
47	0.00763	0.00702	0.01181	0.80363	0.02676	0.00873	0.01086	0.01010	0.00796	0.01019	0.00720	0.01090	0.00549	0.00458	0.00467	0.04739	0.00531	0.00360	0.00180	0.00436
48	0.00575	0.00417	0.00543	0.00519	0.00616	0.00386	0.00394	0.00763	0.01129	0.01586	0.75893	0.03143	0.06640	0.00852	0.00483	0.00131	0.00201	0.04907	0.00440	0.00381
49	0.00590	0.00393	0.00442	0.00442	0.00442	0.00393	0.00246	0.00590	0.00590	0.00787	0.01278	0.02655	0.01475	0.85742	0.02065	0.00393	0.00393	0.00590	0.00246	0.00246
50	0.01095	0.00914	0.00966	0.00843	0.01088	0.01049	0.00663	0.15012	0.69481	0.01836	0.01542	0.01427	0.01150	0.00540	0.00412	0.00135	0.00341	0.00444	0.00412	0.00650
51	0.01554	0.01100	0.01193	0.00917	0.01239	0.01207	0.00757	0.74926	0.03036	0.08382	0.01029	0.01011	0.00721	0.00489	0.00406	0.00122	0.00437	0.00370	0.00413	0.00689
52	0.00672	0.00488	0.00668	0.00751	0.00852	0.00495	0.00653	0.00909	0.05197	0.01239	0.02122	0.04416	0.02278	0.01091	0.00553	0.00184	0.00371	0.76297	0.00376	0.00388
53	0.01707	0.00872	0.01054	0.00808	0.01126	0.00866	0.00668	0.34538	0.01465	0.50502	0.01345	0.01215	0.00876	0.00496	0.00407	0.00124	0.00386	0.00391	0.00463	0.00690
54	0.00559	0.00434	0.00522	0.00555	0.00670	0.00396	0.00453	0.00705	0.00953	0.01201	0.11933	0.04076	0.42390	0.01043	0.00511	0.00156	0.00271	0.32431	0.00383	0.00359
55	0.00841	0.00721	0.00841	0.00601	0.00961	0.00541	0.00481	0.01022	0.00841	0.01322	0.00721	0.00841	0.00601	0.00300	0.00300	0.00060	0.00300	0.00240	0.00240	0.88222
56	0.01820	0.00690	0.00942	0.00722	0.01036	0.00596	0.00596	0.01977	0.01161	0.83492	0.01601	0.01381	0.01004	0.00502	0.00408	0.00126	0.00345	0.00408	0.00502	0.00690
57	0.00756	0.00378	0.00378	0.00378	0.00473	0.00378	0.00284	0.00945	0.00851	0.01513	0.01324	0.01513	0.01040	0.00473	0.00284	0.00095	0.00189	0.00378	0.87994	0.00378
58	0.00494	0.00355	0.00469	0.00561	0.00587	0.00330	0.00375	0.00565	0.00781	0.01037	0.02289	0.83163	0.04963	0.01264	0.00517	0.00164	0.00235	0.01145	0.00377	0.00330
59	0.00706	0.00353	0.00525	0.00525	0.00527	0.00353	0.00351	0.00539	0.00536	0.00724	0.00720	0.01240	0.00713	0.01387	0.01554	0.86057	0.00348	0.00353	0.02308	0.00181
60	0.00766	0.00721	0.01217	0.84767	0.02794	0.00901	0.01127	0.01037	0.00811	0.01037	0.00721	0.01082	0.00541	0.00406	0.00406	0.00135	0.00541	0.00361	0.00180	0.00451
61	0.00766	0.00721	0.01217	0.84767	0.02794	0.00901	0.01127	0.01037	0.00811	0.01037	0.00721	0.01082	0.00541	0.00406	0.00406	0.00135	0.00541	0.00361	0.00180	0.00451
62	0.01009	0.00872	0.00917	0.00826	0.01055	0.01009	0.00642	0.02156	0.82478	0.01697	0.01651	0.01514	0.01238	0.00550	0.00413	0.00138	0.00321	0.00459	0.00413	0.00642
63	0.88607	0.00785	0.00596	0.00534	0.00785	0.00910	0.00439	0.01193	0.00690	0.01820	0.00565	0.00659	0.00439	0.00377	0.00251	0.00126	0.00314	0.00220	0.00251	0.00439
64	0.00829	0.01989	0.74781	0.01217	0.01796	0.00951	0.10247	0.01286	0.00868	0.01286	0.00738	0.00882	0.00525	0.00381	0.00396	0.00129	0.00609	0.00319	0.00175	0.00594
65	0.00480	0.00411	0.00411	0.00411	0.00548	0.00343	0.00308	0.00582	0.00925	0.01096	0.04110	0.03905	0.83046	0.01028	0.00480	0.00137	0.00206	0.00856	0.00377	0.00343
66	0.00581	0.00430	0.00626	0.00626	0.00690	0.00493	0.00475	0.00708	0.00644	0.00923	0.01110	0.01724	0.01071	0.13174	0.74080	0.00620	0.01002	0.00454	0.00221	0.00348
67	0.00766	0.00721	0.01217	0.84767	0.02794	0.00901	0.01127	0.01037	0.00811	0.01037	0.00721	0.01082	0.00541	0.00406	0.00406	0.00135	0.00541	0.00361	0.00180	0.00451
68	0.63617	0.00757	0.00696	0.00588	0.00857	0.00820	0.00485	0.01419	0.00826	0.25338	0.00863	0.00867	0.00602	0.00413	0.00296	0.00126	0.00323	0.00274	0.00323	0.00512
69	0.01516	0.01934	0.01150	0.01045	0.01254	0.84113	0.00784	0.01620	0.01150	0.00993	0.00627	0.00732	0.00523	0.00418	0.00366	0.00105	0.00732	0.00261	0.00209	0.00470
70	0.00966	0.00925	0.01577	0.15762	0.70239	0.00954	0.01226	0.01211	0.00906	0.01279	0.00756	0.01017	0.00626	0.00369	0.00402	0.00123	0.00491	0.00361	0.00198	0.00612
71	0.00814	0.02099	0.83640	0.01156	0.01756	0.00942	0.01499	0.01285	0.00857	0.01285	0.00728	0.00857	0.00514	0.00385	0.00385	0.00128	0.00600	0.00300	0.00171	0.00600
72	0.00590	0.00393	0.00442	0.00442	0.00442	0.00393	0.00246	0.00590	0.00590	0.00787	0.01278	0.02655	0.01475	0.85742	0.02065	0.00393	0.00393	0.00590	0.00246	0.00246
73	0.01820	0.00690	0.00942	0.00722	0.01036	0.00596	0.00596	0.01977	0.01161	0.83492	0.01601	0.01381	0.01004	0.00502	0.00408	0.00126	0.00345	0.00408	0.00502	0.00690
74	0.05446	0.01094	0.05416	0.00892	0.01203	0.02243	0.00758	0.53732	0.14126	0.06579	0.01113	0.02131	0.00824	0.00508	0.00403	0.00126	0.00424	0.01940	0.00389	0.00653
75	0.00494	0.00353	0.00471	0.00565	0.00588	0.00330	0.00377	0.00565	0.00777	0.01036	0.02236	0.85477	0.02683	0.01271	0.00518	0.00165	0.00235	0.01153	0.00377	0.00330
76	0.00574	0.00415	0.00542	0.00510	0.00606	0.00383	0.00383	0.00766	0.01148	0.01627	0.82997	0.03031	0.03828	0.00829	0.00479	0.00128	0.00191	0.00734	0.00447	0.00383
77	0.39343	0.22919	0.23480	0.00762	0.01130	0.04131	0.00804	0.01239	0.00786	0.01424	0.00611	0.00713	0.00483	0.00373	0.00294	0.00116	0.00437	0.00242	0.00208	0.00505
78	0.00719	0.00405	0.00468	0.00446	0.00549	0.00388	0.00337	0.00908	0.00987	0.04551	0.35631	0.02145	0.02209	0.00624	0.00370	0.00110	0.00196	0.00529	0.48038	0.00391
79	0.03417	0.04074	0.01157	0.01107	0.14484	0.02994	0.00771	0.28550	0.27578	0.02693	0.01211	0.02120	0.01986	0.00505	0.00400	0.00126	0.00402	0.02678	0.00352	0.03396
80	0.00687	0.00500	0.00605	0.00558	0.00689	0.00488	0.00425	0.01896	0.12988	0.04836	0.57988	0.02821	0.12351	0.00795	0.00465	0.00130	0.00221	0.00691	0.00435	0.00432
81	0.04043	0.73171	0.08590	0.00721	0.01074	0.01481	0.00739	0.01196	0.00821	0.01014	0.00638	0.03762	0.00596	0.00385	0.00279	0.00094	0.00436	0.00258	0.00183	0.00517
82	0.01030	0.68036	0.17815	0.00805	0.01202	0.01465	0.02577	0.01230	0.00833	0.01025	0.00601	0.00700	0.00521	0.00354	0.00289	0.00096	0.00471	0.00238	0.00174	0.00536
83	0.00494	0.00353	0.00471	0.00565	0.00588	0.00330	0.00377	0.00565	0.00777	0.01036	0.02236	0.85477	0.02683	0.01271	0.00518	0.00165	0.00235	0.01153	0.00377	0.00330
84	0.00833	0.00789	0.01330	0.56964	0.27808	0.00907	0.01143	0.01090	0.00849	0.01128	0.00821	0.01129	0.02677	0.00408	0.00406	0.00131	0.00514	0.00373	0.00192	0.00508
85	0.01213	0.60992	0.05677	0.00768	0.01104	0.13014	0.00734	0.01358	0.00908	0.09974	0.00694	0.00751	0.00573	0.00376	0.00297	0.00095	0.00474	0.00248	0.00214	0.00536
86	0.88607	0.00785	0.00596	0.00534	0.00785	0.00910	0.00439	0.01193	0.00690	0.01820	0.00565	0.00659	0.00439	0.00377	0.00251	0.00126	0.00314	0.00220	0.00251	0.00439
87	0.01065	0.01004	0.01546	0.08669	0.64626	0.04427	0.01165	0.10034	0.01032	0.01423	0.00777	0.00996	0.00635	0.00381	0.00401	0.00121	0.00493	0.00358	0.00222	0.00626
88	0.00530	0.00398	0.00559	0.09751	0.00839	0.00398	0.00469	0.00628	0.00789	0.01044	0.02089	0.72045	0.03376	0.01168	0.00507	0.00162	0.00274	0.04275	0.00355	0.00345
