[name]
unknown

[dist]
# distance from previous block
# <min> <max>
0	177

[block]
# block no. 0 follows, 71 sequences, length 6
# corresponding to MSA columns:
# 177-182
name=unknown_A
#
# <colnr> <probs for GDERKNQSTAVLIFYWHMCP>
#	G	D	E	R	K	N	Q	S	T	A	V	L	I	F	Y	W	H	M	C	P
0	0.00618	0.00441	0.00618	0.00706	0.00794	0.00441	0.00618	0.00794	0.00883	0.01147	0.02030	0.04325	0.02207	0.01059	0.00530	0.00177	0.00353	0.81553	0.00353	0.00353
1	0.43554	0.00699	0.00721	0.00582	0.00856	0.00699	0.00478	0.01393	0.00844	0.33691	0.00933	0.00910	0.00642	0.00392	0.00301	0.00110	0.00306	0.00279	0.00328	0.12282
2	0.00949	0.00911	0.01556	0.02353	0.84133	0.00911	0.01177	0.01177	0.00873	0.01253	0.00721	0.00949	0.00607	0.00342	0.00380	0.00114	0.00456	0.00342	0.00190	0.00607
3	0.01341	0.00660	0.04481	0.00644	0.00903	0.00547	0.00546	0.05112	0.01086	0.54888	0.13189	0.01788	0.11937	0.00576	0.00402	0.00120	0.00304	0.00476	0.00434	0.00566
4	0.01202	0.06577	0.06330	0.00699	0.01007	0.04160	0.00606	0.07178	0.07431	0.30196	0.05380	0.01123	0.00899	0.00420	0.00348	0.00099	0.00348	0.00334	0.00337	0.25328
5	0.01059	0.00998	0.01353	0.16464	0.46800	0.11964	0.01027	0.09844	0.00990	0.04750	0.00751	0.00940	0.00595	0.00374	0.00376	0.00115	0.00487	0.00331	0.00220	0.00561

[dist]
# distance from previous block
# <min> <max>
8	18

[block]
# block no. 1 follows, 71 sequences, length 60
# corresponding to MSA columns:
# 202-261
name=unknown_B
#
# <colnr> <probs for GDERKNQSTAVLIFYWHMCP>
#	G	D	E	R	K	N	Q	S	T	A	V	L	I	F	Y	W	H	M	C	P
0	0.06525	0.11737	0.02055	0.02446	0.02703	0.00954	0.00646	0.23654	0.15575	0.24057	0.01098	0.01052	0.00779	0.00438	0.00354	0.00112	0.00364	0.00339	0.00355	0.04757
1	0.09806	0.00742	0.00952	0.00734	0.01029	0.00708	0.03816	0.13947	0.02490	0.59738	0.01304	0.01175	0.00844	0.00456	0.00374	0.00119	0.00350	0.00366	0.00426	0.00624
2	0.04012	0.08905	0.38748	0.00921	0.01325	0.11505	0.02336	0.10295	0.00982	0.08328	0.04036	0.00910	0.00672	0.00396	0.00352	0.00111	0.00495	0.00301	0.00234	0.05137
3	0.02820	0.06956	0.01418	0.03931	0.50218	0.00912	0.04609	0.05668	0.05267	0.08664	0.05155	0.01079	0.00810	0.00392	0.00376	0.00114	0.00424	0.00361	0.00247	0.00580
4	0.00942	0.00988	0.05586	0.04771	0.07188	0.08610	0.06916	0.01086	0.00725	0.05386	0.00620	0.00878	0.00540	0.00552	0.00909	0.00146	0.51847	0.00335	0.00191	0.01782
5	0.12778	0.00482	0.00606	0.05086	0.05396	0.00498	0.00501	0.00784	0.04032	0.01161	0.02868	0.42282	0.05662	0.00926	0.00444	0.00148	0.00286	0.15370	0.00322	0.00369
6	0.04947	0.01390	0.00994	0.00880	0.01085	0.48516	0.00675	0.15626	0.09924	0.01305	0.00956	0.05376	0.03965	0.00488	0.00383	0.00111	0.02277	0.00350	0.00266	0.00485
7	0.01320	0.01080	0.01131	0.01038	0.10700	0.10436	0.00754	0.47374	0.15557	0.05195	0.00994	0.01001	0.00730	0.00450	0.00380	0.00116	0.00432	0.00351	0.00345	0.00616
8	0.00538	0.00392	0.00506	0.00477	0.00570	0.00360	0.00358	0.00715	0.01074	0.01511	0.79770	0.02907	0.07795	0.00794	0.00452	0.00121	0.00182	0.00699	0.00419	0.00360
9	0.00558	0.00372	0.00418	0.00418	0.00418	0.00372	0.00232	0.00558	0.00558	0.00743	0.01208	0.02509	0.01394	0.86525	0.01952	0.00372	0.00372	0.00558	0.00232	0.00232
10	0.00949	0.00908	0.01529	0.02292	0.80878	0.00913	0.01154	0.01210	0.04106	0.01266	0.00754	0.00968	0.00629	0.00349	0.00380	0.00115	0.00450	0.00345	0.00198	0.00607
11	0.00568	0.00383	0.00452	0.00466	0.00481	0.00383	0.00297	0.00597	0.00612	0.00811	0.01345	0.02813	0.01530	0.72243	0.01714	0.00339	0.00369	0.14092	0.00253	0.00253
12	0.01432	0.01827	0.01087	0.00988	0.01185	0.84986	0.00741	0.01531	0.01087	0.00938	0.00593	0.00691	0.00494	0.00395	0.00346	0.00099	0.00691	0.00247	0.00198	0.00444
13	0.00953	0.00827	0.00894	0.00842	0.04252	0.00952	0.00629	0.02004	0.80208	0.01590	0.01528	0.01412	0.01148	0.00513	0.00390	0.00129	0.00309	0.00430	0.00382	0.00607
14	0.13023	0.52924	0.02956	0.00771	0.02414	0.17161	0.03897	0.01222	0.00827	0.01043	0.00560	0.00656	0.00487	0.00345	0.00276	0.00093	0.00460	0.00227	0.00182	0.00477
15	0.00470	0.00337	0.00442	0.00525	0.00549	0.00314	0.00349	0.00535	0.00732	0.00971	0.02136	0.80277	0.05171	0.04535	0.00545	0.00163	0.00227	0.01060	0.00351	0.00309
16	0.89233	0.00741	0.00564	0.00504	0.00741	0.00860	0.00415	0.01127	0.00653	0.01720	0.00534	0.00623	0.00415	0.00356	0.00237	0.00119	0.00297	0.00208	0.00237	0.00415
17	0.00905	0.01034	0.02262	0.01616	0.02004	0.00970	0.82741	0.01228	0.00905	0.01228	0.00776	0.01034	0.00582	0.00323	0.00452	0.00129	0.00646	0.00452	0.00194	0.00517
18	0.00839	0.00839	0.01174	0.01007	0.01007	0.01174	0.00839	0.00923	0.00587	0.00923	0.00503	0.00839	0.00503	0.00671	0.01258	0.00168	0.85823	0.00336	0.00168	0.00419
19	0.00462	0.00389	0.00402	0.00410	0.00534	0.00329	0.00310	0.00562	0.00870	0.01040	0.03730	0.06441	0.77047	0.00983	0.00458	0.00133	0.00203	0.05015	0.00356	0.00325
20	0.00467	0.00334	0.00445	0.00534	0.00556	0.00311	0.00356	0.00534	0.00734	0.00979	0.02113	0.86275	0.02536	0.01201	0.00489	0.00156	0.00222	0.01090	0.00356	0.00311
21	0.00949	0.00911	0.01556	0.02353	0.84133	0.00911	0.01177	0.01177	0.00873	0.01253	0.00721	0.00949	0.00607	0.00342	0.00380	0.00114	0.00456	0.00342	0.00190	0.00607
22	0.01432	0.01827	0.01087	0.00988	0.01185	0.84986	0.00741	0.01531	0.01087	0.00938	0.00593	0.00691	0.00494	0.00395	0.00346	0.00099	0.00691	0.00247	0.00198	0.00444
23	0.00795	0.00681	0.00795	0.00568	0.00909	0.00511	0.00454	0.00965	0.00795	0.01249	0.00681	0.00795	0.00568	0.00284	0.00284	0.00057	0.00284	0.00227	0.00227	0.88869
24	0.00475	0.00346	0.00478	0.00554	0.00583	0.00323	0.01861	0.00547	0.00737	0.00983	0.02089	0.84718	0.02500	0.01185	0.00489	0.00155	0.00230	0.01078	0.00353	0.00315
25	0.00520	0.00391	0.00481	0.00458	0.00559	0.00352	0.00344	0.00679	0.01031	0.01409	0.63473	0.03075	0.24156	0.00832	0.00452	0.00123	0.00184	0.00723	0.00405	0.00352
26	0.01720	0.00653	0.00890	0.00682	0.00979	0.00564	0.00564	0.01869	0.01097	0.84399	0.01513	0.01305	0.00949	0.00475	0.00386	0.00119	0.00326	0.00386	0.00475	0.00653
27	0.00907	0.01028	0.02226	0.01654	0.06273	0.00967	0.78501	0.01226	0.00903	0.01229	0.00773	0.01030	0.00583	0.00324	0.00449	0.00128	0.00636	0.00447	0.00194	0.00522
28	0.81088	0.00733	0.00594	0.00521	0.00764	0.00833	0.00429	0.01196	0.00694	0.09416	0.00625	0.00686	0.00465	0.00367	0.00251	0.00119	0.00299	0.00224	0.00259	0.00437
29	0.00453	0.00388	0.00388	0.00388	0.00518	0.00324	0.00291	0.00550	0.00874	0.01036	0.03884	0.03690	0.83978	0.00971	0.00453	0.00129	0.00194	0.00809	0.00356	0.00324
30	0.00543	0.00392	0.00513	0.00482	0.00573	0.00362	0.00362	0.00724	0.01085	0.01538	0.83931	0.02864	0.03618	0.00784	0.00452	0.00121	0.00181	0.00693	0.00422	0.00362
31	0.01025	0.86756	0.02009	0.00656	0.00984	0.01517	0.00656	0.01148	0.00779	0.00902	0.00533	0.00615	0.00492	0.00328	0.00246	0.00082	0.00410	0.00205	0.00164	0.00492
32	0.00949	0.00911	0.01556	0.02353	0.84133	0.00911	0.01177	0.01177	0.00873	0.01253	0.00721	0.00949	0.00607	0.00342	0.00380	0.00114	0.00456	0.00342	0.00190	0.00607
33	0.01689	0.00668	0.00895	0.00690	0.00984	0.00591	0.00569	0.03712	0.03823	0.79814	0.01501	0.01300	0.00950	0.00476	0.00386	0.00119	0.00328	0.00386	0.00470	0.00651
34	0.05874	0.11813	0.20223	0.01218	0.01600	0.11009	0.37483	0.01256	0.00876	0.03032	0.00705	0.00873	0.00537	0.00351	0.00391	0.00118	0.01592	0.00344	0.00192	0.00513
35	0.00456	0.00378	0.00400	0.00417	0.00525	0.00321	0.00304	0.00547	0.00846	0.01025	0.03534	0.20033	0.67861	0.01017	0.00460	0.00135	0.00200	0.00865	0.00356	0.00321
36	0.00883	0.00846	0.01449	0.26596	0.59134	0.00895	0.02393	0.01120	0.00843	0.01173	0.00710	0.00972	0.00579	0.00353	0.00382	0.00118	0.00475	0.00343	0.00184	0.00553
37	0.00842	0.00713	0.00819	0.00601	0.00930	0.00581	0.00481	0.05306	0.07309	0.01338	0.00763	0.00851	0.00619	0.00312	0.00297	0.00066	0.00293	0.00249	0.00248	0.77383
38	0.01432	0.01064	0.01152	0.00887	0.01181	0.01188	0.00733	0.79464	0.01752	0.02355	0.00903	0.00917	0.00646	0.00469	0.00420	0.00117	0.03957	0.00345	0.00375	0.00642
39	0.01014	0.83247	0.05425	0.00674	0.01012	0.01491	0.00688	0.01151	0.00780	0.00915	0.00539	0.00623	0.00492	0.00330	0.00251	0.00084	0.00417	0.00208	0.00164	0.00495
40	0.00667	0.00550	0.00601	0.00558	0.00709	0.00566	0.00427	0.02383	0.29477	0.01396	0.25811	0.02632	0.31216	0.00754	0.00430	0.00127	0.00232	0.00639	0.00387	0.00437
41	0.00543	0.00392	0.00513	0.00482	0.00573	0.00362	0.00362	0.00724	0.01085	0.01538	0.83931	0.02864	0.03618	0.00784	0.00452	0.00121	0.00181	0.00693	0.00422	0.00362
42	0.00467	0.00334	0.00445	0.00534	0.00556	0.00311	0.00356	0.00534	0.00734	0.00979	0.02113	0.86275	0.02536	0.01201	0.00489	0.00156	0.00222	0.01090	0.00356	0.00311
43	0.00769	0.01983	0.84538	0.01093	0.01659	0.00890	0.01417	0.01214	0.00810	0.01214	0.00688	0.00810	0.00486	0.00364	0.00364	0.00121	0.00567	0.00283	0.00162	0.00567
44	0.00522	0.00391	0.00484	0.00460	0.00560	0.00353	0.00345	0.00683	0.01036	0.01420	0.65254	0.03057	0.22368	0.00828	0.00452	0.00123	0.00184	0.00720	0.00407	0.00353
45	0.89233	0.00741	0.00564	0.00504	0.00741	0.00860	0.00415	0.01127	0.00653	0.01720	0.00534	0.00623	0.00415	0.00356	0.00237	0.00119	0.00297	0.00208	0.00237	0.00415
46	0.00795	0.00681	0.00795	0.00568	0.00909	0.00511	0.00454	0.00965	0.00795	0.01249	0.00681	0.00795	0.00568	0.00284	0.00284	0.00057	0.00284	0.00227	0.00227	0.88869
47	0.89233	0.00741	0.00564	0.00504	0.00741	0.00860	0.00415	0.01127	0.00653	0.01720	0.00534	0.00623	0.00415	0.00356	0.00237	0.00119	0.00297	0.00208	0.00237	0.00415
48	0.00954	0.00824	0.00867	0.00780	0.00997	0.00954	0.00607	0.02037	0.83441	0.01604	0.01561	0.01431	0.01170	0.00520	0.00390	0.00130	0.00303	0.00433	0.00390	0.00607
49	0.89233	0.00741	0.00564	0.00504	0.00741	0.00860	0.00415	0.01127	0.00653	0.01720	0.00534	0.00623	0.00415	0.00356	0.00237	0.00119	0.00297	0.00208	0.00237	0.00415
50	0.01432	0.01827	0.01087	0.00988	0.01185	0.84986	0.00741	0.01531	0.01087	0.00938	0.00593	0.00691	0.00494	0.00395	0.00346	0.00099	0.00691	0.00247	0.00198	0.00444
51	0.00467	0.00334	0.00445	0.00534	0.00556	0.00311	0.00356	0.00534	0.00734	0.00979	0.02113	0.86275	0.02536	0.01201	0.00489	0.00156	0.00222	0.01090	0.00356	0.00311
52	0.00954	0.00824	0.00867	0.00780	0.00997	0.00954	0.00607	0.02037	0.83441	0.01604	0.01561	0.01431	0.01170	0.00520	0.00390	0.00130	0.00303	0.00433	0.00390	0.00607
53	0.00562	0.00407	0.00536	0.00525	0.00617	0.00385	0.00409	0.00757	0.02414	0.01473	0.68802	0.03086	0.03340	0.00826	0.00464	0.00130	0.00212	0.14280	0.00410	0.00364
54	0.00764	0.00723	0.01223	0.70653	0.17276	0.00862	0.01085	0.01015	0.00786	0.01029	0.00689	0.01009	0.00528	0.00376	0.00383	0.00125	0.00501	0.00341	0.00174	0.00459
55	0.00453	0.00388	0.00388	0.00388	0.00518	0.00324	0.00291	0.00550	0.00874	0.01036	0.03884	0.03690	0.83978	0.00971	0.00453	0.00129	0.00194	0.00809	0.00356	0.00324
56	0.00466	0.00338	0.00440	0.00523	0.00553	0.00312	0.00351	0.00535	0.00745	0.00983	0.02252	0.79818	0.08903	0.01183	0.00487	0.00154	0.00220	0.01068	0.00356	0.00312
57	0.00785	0.01872	0.74861	0.01154	0.01700	0.00900	0.10982	0.01216	0.00821	0.01216	0.00698	0.00836	0.00497	0.00359	0.00375	0.00122	0.00576	0.00303	0.00166	0.00561
58	0.00918	0.00928	0.01838	0.02865	0.29154	0.00893	0.46545	0.01194	0.00888	0.02832	0.00808	0.01042	0.00628	0.00343	0.00412	0.00121	0.00539	0.00405	0.07113	0.00536
59	0.03332	0.00739	0.00889	0.00697	0.00980	0.07164	0.00569	0.01798	0.01088	0.74122	0.03589	0.01285	0.00974	0.00474	0.00381	0.00117	0.00350	0.00379	0.00447	0.00624

[dist]
# distance from previous block
# <min> <max>
0	1

[block]
# block no. 2 follows, 71 sequences, length 25
# corresponding to MSA columns:
# 263-287
name=unknown_C
#
# <colnr> <probs for GDERKNQSTAVLIFYWHMCP>
#	G	D	E	R	K	N	Q	S	T	A	V	L	I	F	Y	W	H	M	C	P
0	0.00785	0.00744	0.01261	0.62896	0.24869	0.00868	0.01095	0.01033	0.00796	0.01054	0.00692	0.01002	0.00537	0.00372	0.00382	0.00124	0.00496	0.00341	0.00176	0.00475
1	0.00988	0.00998	0.01476	0.07874	0.69287	0.10326	0.01120	0.01203	0.00890	0.01199	0.00704	0.00925	0.00588	0.00350	0.00376	0.00113	0.00486	0.00331	0.00189	0.00577
2	0.00571	0.00392	0.00515	0.00497	0.00584	0.00361	0.00368	0.00734	0.01033	0.04261	0.68838	0.15351	0.03365	0.00836	0.00456	0.00126	0.00192	0.00743	0.00414	0.00364
3	0.00501	0.00398	0.00458	0.00449	0.00558	0.00362	0.00337	0.00644	0.02473	0.01185	0.28625	0.05121	0.46585	0.02486	0.07936	0.00174	0.00269	0.00733	0.00362	0.00341
4	0.01569	0.00608	0.00810	0.00633	0.00899	0.00533	0.00519	0.01722	0.01053	0.71925	0.01473	0.01324	0.00954	0.00470	0.00368	0.00114	0.00304	0.00381	0.13731	0.00608
5	0.00679	0.00494	0.00596	0.00533	0.00659	0.00484	0.00410	0.13144	0.01172	0.01632	0.63514	0.02594	0.08908	0.00740	0.00437	0.00120	0.00218	0.00641	0.02623	0.00403
6	0.00769	0.01983	0.84538	0.01093	0.01659	0.00890	0.01417	0.01214	0.00810	0.01214	0.00688	0.00810	0.00486	0.00364	0.00364	0.00121	0.00567	0.00283	0.00162	0.00567
7	0.00593	0.00425	0.00587	0.00640	0.00717	0.00431	0.00531	0.00748	0.00836	0.01117	0.11342	0.03562	0.02108	0.09254	0.13353	0.00254	0.00436	0.52398	0.00328	0.00341
8	0.01025	0.86756	0.02009	0.00656	0.00984	0.01517	0.00656	0.01148	0.00779	0.00902	0.00533	0.00615	0.00492	0.00328	0.00246	0.00082	0.00410	0.00205	0.00164	0.00492
9	0.00795	0.00681	0.00795	0.00568	0.00909	0.00511	0.00454	0.00965	0.00795	0.01249	0.00681	0.00795	0.00568	0.00284	0.00284	0.00057	0.00284	0.00227	0.00227	0.88869
10	0.00746	0.00703	0.01189	0.77646	0.10430	0.00858	0.01076	0.00998	0.00777	0.01006	0.00685	0.01015	0.00520	0.00379	0.00383	0.00126	0.00506	0.00341	0.00172	0.00443
11	0.00618	0.00441	0.00618	0.00706	0.00794	0.00441	0.00618	0.00794	0.00883	0.01147	0.02030	0.04325	0.02207	0.01059	0.00530	0.00177	0.00353	0.81553	0.00353	0.00353
12	0.12107	0.00663	0.00851	0.00661	0.00951	0.00599	0.00546	0.01781	0.01045	0.74586	0.01396	0.01224	0.00886	0.00460	0.00368	0.00119	0.00323	0.00364	0.00446	0.00624
13	0.01676	0.00723	0.00934	0.00716	0.01014	0.00669	0.00591	0.15494	0.01216	0.70606	0.01413	0.01240	0.00899	0.00472	0.00385	0.00118	0.00342	0.00379	0.00459	0.00652
14	0.00769	0.01983	0.84538	0.01093	0.01659	0.00890	0.01417	0.01214	0.00810	0.01214	0.00688	0.00810	0.00486	0.00364	0.00364	0.00121	0.00567	0.00283	0.00162	0.00567
15	0.00469	0.00335	0.00447	0.00532	0.00557	0.00313	0.00356	0.00540	0.00745	0.00996	0.04595	0.83744	0.02569	0.01189	0.00488	0.00155	0.00221	0.01078	0.00358	0.00313
16	0.00901	0.00760	0.00815	0.00747	0.00939	0.00867	0.00574	0.05096	0.67688	0.01543	0.01618	0.14165	0.01355	0.00620	0.00405	0.00133	0.00296	0.00529	0.00385	0.00564
17	0.00949	0.00911	0.01556	0.02353	0.84133	0.00911	0.01177	0.01177	0.00873	0.01253	0.00721	0.00949	0.00607	0.00342	0.00380	0.00114	0.00456	0.00342	0.00190	0.00607
18	0.00724	0.00681	0.01150	0.85604	0.02641	0.00852	0.01065	0.00980	0.00767	0.00980	0.00681	0.01022	0.00511	0.00383	0.00383	0.00128	0.00511	0.00341	0.00170	0.00426
19	0.00529	0.00391	0.00494	0.00468	0.00565	0.00356	0.00351	0.00698	0.01054	0.01462	0.71897	0.02988	0.15699	0.00812	0.00452	0.00122	0.00183	0.00711	0.00412	0.00356
20	0.00902	0.00871	0.01486	0.11032	0.13938	0.01017	0.21297	0.01090	0.00755	0.05179	0.00674	0.00948	0.00561	0.00492	0.00782	0.00143	0.37785	0.00369	0.00193	0.00484
21	0.71303	0.00837	0.00681	0.00585	0.00833	0.03946	0.00480	0.14892	0.00862	0.01809	0.00601	0.00675	0.00458	0.00375	0.00266	0.00117	0.00332	0.00232	0.00260	0.00456
22	0.00925	0.01008	0.13525	0.01008	0.10628	0.00939	0.00794	0.01815	0.61552	0.01505	0.01333	0.01282	0.01003	0.00476	0.00385	0.00127	0.00360	0.00400	0.00333	0.00601
23	0.01051	0.03600	0.00868	0.00607	0.00935	0.00574	0.00495	0.03044	0.00893	0.22208	0.00891	0.00920	0.00663	0.00337	0.00311	0.00075	0.00302	0.00269	0.00291	0.61666
24	0.16725	0.00912	0.10637	0.00862	0.01152	0.04609	0.18461	0.02069	0.00856	0.07459	0.09282	0.04261	0.00984	0.03610	0.03144	0.00138	0.00435	0.00390	0.00257	0.13756

[dist]
# distance from previous block
# <min> <max>
0	4

[block]
# block no. 3 follows, 71 sequences, length 14
# corresponding to MSA columns:
# 292-305
name=unknown_D
#
# <colnr> <probs for GDERKNQSTAVLIFYWHMCP>
#	G	D	E	R	K	N	Q	S	T	A	V	L	I	F	Y	W	H	M	C	P
0	0.00838	0.01501	0.42768	0.01358	0.01834	0.00931	0.42704	0.01221	0.00858	0.01221	0.00733	0.00924	0.00534	0.00343	0.00409	0.00125	0.00607	0.00369	0.00178	0.00542
1	0.01007	0.01038	0.01446	0.09288	0.63829	0.14388	0.01097	0.01217	0.00898	0.01179	0.00697	0.00914	0.00581	0.00354	0.00374	0.00113	0.00498	0.00326	0.00189	0.00566
2	0.00914	0.00891	0.01442	0.22124	0.61584	0.04085	0.01134	0.01143	0.00856	0.01176	0.00707	0.00957	0.00580	0.00354	0.00379	0.00117	0.00478	0.00338	0.00185	0.00558
3	0.00479	0.00346	0.00453	0.00519	0.00557	0.00320	0.00354	0.00565	0.00797	0.01071	0.15318	0.68952	0.06602	0.01123	0.00482	0.00149	0.00214	0.01013	0.00367	0.00320
4	0.00803	0.13165	0.73653	0.01035	0.01570	0.00973	0.01316	0.01206	0.00805	0.01173	0.00668	0.00784	0.00487	0.00359	0.00349	0.00116	0.00546	0.00273	0.00162	0.00557
5	0.00458	0.00389	0.00396	0.00394	0.00521	0.00326	0.00295	0.00560	0.00886	0.01065	0.08588	0.03641	0.79255	0.00960	0.00453	0.00129	0.00193	0.00802	0.00360	0.00326
6	0.00496	0.00382	0.00459	0.00501	0.00587	0.00346	0.00379	0.00605	0.00848	0.01074	0.08338	0.28706	0.38024	0.01045	0.00479	0.00146	0.00233	0.16664	0.00360	0.00328
7	0.00483	0.00355	0.00457	0.00531	0.00579	0.00329	0.00377	0.00568	0.00774	0.01008	0.02387	0.63168	0.15556	0.01147	0.00488	0.00154	0.00234	0.10730	0.00356	0.00318
8	0.75200	0.00727	0.00616	0.00533	0.00780	0.00813	0.00439	0.01246	0.00724	0.14979	0.00691	0.00732	0.00501	0.00375	0.00261	0.00119	0.00301	0.00236	0.00275	0.00453
9	0.01025	0.86756	0.02009	0.00656	0.00984	0.01517	0.00656	0.01148	0.00779	0.00902	0.00533	0.00615	0.00492	0.00328	0.00246	0.00082	0.00410	0.00205	0.00164	0.00492
10	0.00567	0.00373	0.00424	0.00421	0.00437	0.00370	0.00249	0.00599	0.00631	0.00876	0.10026	0.02472	0.01602	0.71400	0.01675	0.00325	0.00338	0.00558	0.06404	0.00255
11	0.00748	0.00467	0.00591	0.00598	0.00736	0.00434	0.00499	0.00916	0.03007	0.14472	0.02557	0.03554	0.29395	0.00922	0.00477	0.00150	0.00294	0.39409	0.00374	0.00398
12	0.00949	0.00911	0.01556	0.02353	0.84133	0.00911	0.01177	0.01177	0.00873	0.01253	0.00721	0.00949	0.00607	0.00342	0.00380	0.00114	0.00456	0.00342	0.00190	0.00607
13	0.00863	0.00679	0.00784	0.00702	0.00891	0.00734	0.03136	0.01513	0.45910	0.08153	0.03918	0.05503	0.18725	0.00665	0.00438	0.00133	0.02449	0.03914	0.00376	0.00515

[dist]
# distance from previous block
# <min> <max>
0	3

[block]
# block no. 4 follows, 71 sequences, length 26
# corresponding to MSA columns:
# 309-334
name=unknown_E
#
# <colnr> <probs for GDERKNQSTAVLIFYWHMCP>
#	G	D	E	R	K	N	Q	S	T	A	V	L	I	F	Y	W	H	M	C	P
0	0.00832	0.30127	0.35820	0.00908	0.05339	0.01018	0.00949	0.01128	0.04386	0.01097	0.00868	0.12353	0.00803	0.00469	0.00342	0.00111	0.00444	0.00374	0.00202	0.02427
1	0.00467	0.00334	0.00445	0.00534	0.00556	0.00311	0.00356	0.00534	0.00734	0.00979	0.02113	0.86275	0.02536	0.01201	0.00489	0.00156	0.00222	0.01090	0.00356	0.00311
2	0.00805	0.00701	0.00878	0.04924	0.08153	0.00562	0.00547	0.00984	0.00800	0.01236	0.00685	0.00820	0.00568	0.00294	0.00297	0.00065	0.00310	0.00243	0.00221	0.76906
3	0.00685	0.00634	0.00762	0.00716	0.00818	0.11949	0.04605	0.00826	0.00694	0.00913	0.00956	0.01372	0.00877	0.02413	0.69335	0.00522	0.00963	0.00391	0.00204	0.00365
4	0.00567	0.00394	0.00464	0.00453	0.00466	0.00404	0.00277	0.00598	0.00638	0.00870	0.13536	0.02492	0.01689	0.70101	0.01698	0.00326	0.03941	0.00569	0.00258	0.00260
5	0.01025	0.86756	0.02009	0.00656	0.00984	0.01517	0.00656	0.01148	0.00779	0.00902	0.00533	0.00615	0.00492	0.00328	0.00246	0.00082	0.00410	0.00205	0.00164	0.00492
6	0.00505	0.00390	0.00461	0.00443	0.00550	0.00346	0.00332	0.00652	0.00997	0.01329	0.50657	0.03207	0.37022	0.00862	0.00453	0.00124	0.00186	0.00742	0.00395	0.00346
7	0.00715	0.00357	0.00357	0.00357	0.00447	0.00357	0.00268	0.00893	0.00804	0.01429	0.01251	0.01429	0.00983	0.00447	0.00268	0.00089	0.00179	0.00357	0.88654	0.00357
8	0.00453	0.00388	0.00388	0.00388	0.00518	0.00324	0.00291	0.00550	0.00874	0.01036	0.03884	0.03690	0.83978	0.00971	0.00453	0.00129	0.00194	0.00809	0.00356	0.00324
9	0.01458	0.01074	0.01151	0.00882	0.01189	0.01189	0.00729	0.82855	0.01803	0.02416	0.00921	0.00921	0.00652	0.00460	0.00384	0.00115	0.00422	0.00345	0.00384	0.00652
10	0.01432	0.01827	0.01087	0.00988	0.01185	0.84986	0.00741	0.01531	0.01087	0.00938	0.00593	0.00691	0.00494	0.00395	0.00346	0.00099	0.00691	0.00247	0.00198	0.00444
11	0.00954	0.00824	0.00867	0.00780	0.00997	0.00954	0.00607	0.02037	0.83441	0.01604	0.01561	0.01431	0.01170	0.00520	0.00390	0.00130	0.00303	0.00433	0.00390	0.00607
12	0.00795	0.00681	0.00795	0.00568	0.00909	0.00511	0.00454	0.00965	0.00795	0.01249	0.00681	0.00795	0.00568	0.00284	0.00284	0.00057	0.00284	0.00227	0.00227	0.88869
13	0.00548	0.00411	0.00616	0.00616	0.00685	0.00479	0.00479	0.00685	0.00616	0.00890	0.01027	0.01506	0.00959	0.02876	0.85006	0.00616	0.01027	0.00411	0.00205	0.00342
14	0.00905	0.01034	0.02262	0.01616	0.02004	0.00970	0.82741	0.01228	0.00905	0.01228	0.00776	0.01034	0.00582	0.00323	0.00452	0.00129	0.00646	0.00452	0.00194	0.00517
15	0.00453	0.00388	0.00388	0.00388	0.00518	0.00324	0.00291	0.00550	0.00874	0.01036	0.03884	0.03690	0.83978	0.00971	0.00453	0.00129	0.00194	0.00809	0.00356	0.00324
16	0.01458	0.01074	0.01151	0.00882	0.01189	0.01189	0.00729	0.82855	0.01803	0.02416	0.00921	0.00921	0.00652	0.00460	0.00384	0.00115	0.00422	0.00345	0.00384	0.00652
17	0.01458	0.01074	0.01151	0.00882	0.01189	0.01189	0.00729	0.82855	0.01803	0.02416	0.00921	0.00921	0.00652	0.00460	0.00384	0.00115	0.00422	0.00345	0.00384	0.00652
18	0.16022	0.00652	0.00700	0.00533	0.00827	0.00546	0.00425	0.00937	0.00781	0.01302	0.01090	0.01157	0.11838	0.00389	0.00299	0.00077	0.00274	0.00303	0.00246	0.61601
19	0.00463	0.00351	0.00427	0.00489	0.00544	0.00315	0.00336	0.00539	0.00777	0.00996	0.02659	0.60828	0.27631	0.01130	0.00478	0.00148	0.00214	0.01003	0.00356	0.00315
20	0.00607	0.00460	0.00568	0.00529	0.00639	0.00455	0.00400	0.00930	0.14027	0.01548	0.70987	0.02639	0.03233	0.00742	0.00442	0.00122	0.00200	0.00653	0.00417	0.00400
21	0.00558	0.00372	0.00418	0.00418	0.00418	0.00372	0.00232	0.00558	0.00558	0.00743	0.01208	0.02509	0.01394	0.86525	0.01952	0.00372	0.00372	0.00558	0.00232	0.00232
22	0.00904	0.00865	0.01475	0.18945	0.67892	0.00899	0.01154	0.01137	0.00852	0.01198	0.00713	0.00964	0.00588	0.00350	0.00380	0.00117	0.00467	0.00341	0.00186	0.00571
23	0.00467	0.00336	0.00443	0.00528	0.00555	0.00312	0.00353	0.00535	0.00740	0.00981	0.02187	0.82855	0.05908	0.01192	0.00488	0.00155	0.00221	0.01078	0.00356	0.00312
24	0.00462	0.00355	0.00423	0.00478	0.00542	0.00316	0.00331	0.00540	0.00787	0.01001	0.02789	0.54759	0.33615	0.01113	0.00476	0.00146	0.00212	0.00983	0.00356	0.00316
25	0.01432	0.01587	0.06397	0.00940	0.01188	0.58013	0.00759	0.11425	0.01157	0.12439	0.00763	0.00810	0.00574	0.00412	0.00357	0.00105	0.00601	0.00280	0.00255	0.00506

[dist]
# distance from previous block
# <min> <max>
0	1

[block]
# block no. 5 follows, 71 sequences, length 74
# corresponding to MSA columns:
# 336-409
name=unknown_F
#
# <colnr> <probs for GDERKNQSTAVLIFYWHMCP>
#	G	D	E	R	K	N	Q	S	T	A	V	L	I	F	Y	W	H	M	C	P
0	0.00815	0.00979	0.10583	0.01309	0.01638	0.00819	0.53899	0.01108	0.00876	0.01209	0.01043	0.07022	0.00934	0.00489	0.00447	0.00135	0.00549	0.11291	0.04374	0.00480
1	0.00804	0.00711	0.00917	0.00655	0.01000	0.00549	0.07290	0.00987	0.00804	0.01248	0.00689	0.00815	0.00569	0.00287	0.00298	0.00063	0.00314	0.00246	0.00224	0.81530
2	0.00827	0.00808	0.01335	0.48504	0.26193	0.03296	0.07308	0.01071	0.00819	0.01090	0.00698	0.00982	0.00547	0.00362	0.00382	0.00120	0.00500	0.00342	0.00181	0.04637
3	0.00807	0.00688	0.00801	0.00573	0.00914	0.00523	0.00459	0.02418	0.00813	0.01270	0.00686	0.00797	0.00569	0.00287	0.00286	0.00058	0.00286	0.00229	0.00230	0.87304
4	0.00795	0.00681	0.00795	0.00568	0.00909	0.00511	0.00454	0.00965	0.00795	0.01249	0.00681	0.00795	0.00568	0.00284	0.00284	0.00057	0.00284	0.00227	0.00227	0.88869
5	0.00724	0.00681	0.01150	0.85604	0.02641	0.00852	0.01065	0.00980	0.00767	0.00980	0.00681	0.01022	0.00511	0.00383	0.00383	0.00128	0.00511	0.00341	0.00170	0.00426
6	0.00581	0.00450	0.00555	0.00523	0.00629	0.00444	0.00401	0.00831	0.08855	0.01430	0.57667	0.02837	0.15654	0.00794	0.00478	0.00127	0.03296	0.03670	0.00397	0.00381
7	0.01474	0.00988	0.01087	0.00836	0.01134	0.01069	0.00690	0.68117	0.01666	0.14734	0.01020	0.00994	0.00707	0.00462	0.00380	0.00115	0.00400	0.00352	0.03132	0.00643
8	0.00484	0.00390	0.00432	0.00421	0.00537	0.00337	0.00316	0.00611	0.00948	0.01211	0.31797	0.03402	0.55956	0.00906	0.00453	0.00126	0.00190	0.00769	0.00379	0.00337
9	0.00467	0.00334	0.00445	0.00534	0.00556	0.00311	0.00356	0.00534	0.00734	0.00979	0.02113	0.86275	0.02536	0.01201	0.00489	0.00156	0.00222	0.01090	0.00356	0.00311
10	0.00618	0.00441	0.00618	0.00706	0.00794	0.00441	0.00618	0.00794	0.00883	0.01147	0.02030	0.04325	0.02207	0.01059	0.00530	0.00177	0.00353	0.81553	0.00353	0.00353
11	0.00558	0.00372	0.00418	0.00418	0.00418	0.00372	0.00232	0.00558	0.00558	0.00743	0.01208	0.02509	0.01394	0.86525	0.01952	0.00372	0.00372	0.00558	0.00232	0.00232
12	0.00905	0.01034	0.02262	0.01616	0.02004	0.00970	0.82741	0.01228	0.00905	0.01228	0.00776	0.01034	0.00582	0.00323	0.00452	0.00129	0.00646	0.00452	0.00194	0.00517
13	0.00727	0.00686	0.01151	0.83429	0.02599	0.00860	0.01059	0.00978	0.00762	0.00978	0.00677	0.01018	0.00511	0.00391	0.00406	0.00129	0.02704	0.00341	0.00170	0.00426
14	0.00769	0.01983	0.84538	0.01093	0.01659	0.00890	0.01417	0.01214	0.00810	0.01214	0.00688	0.00810	0.00486	0.00364	0.00364	0.00121	0.00567	0.00283	0.00162	0.00567
15	0.00558	0.00372	0.00418	0.00418	0.00418	0.00372	0.00232	0.00558	0.00558	0.00743	0.01208	0.02509	0.01394	0.86525	0.01952	0.00372	0.00372	0.00558	0.00232	0.00232
16	0.01720	0.00653	0.00890	0.00682	0.00979	0.00564	0.00564	0.01869	0.01097	0.84399	0.01513	0.01305	0.00949	0.00475	0.00386	0.00119	0.00326	0.00386	0.00475	0.00653
17	0.00551	0.00412	0.00602	0.00657	0.00724	0.00397	0.04254	0.00677	0.00805	0.01062	0.02016	0.47452	0.02306	0.01100	0.00505	0.00163	0.00298	0.35332	0.00347	0.00339
18	0.00763	0.00751	0.01111	0.75677	0.02440	0.06869	0.01007	0.01000	0.00794	0.00979	0.00820	0.01119	0.04282	0.00411	0.00384	0.00126	0.00510	0.00355	0.00181	0.00423
19	0.00467	0.00334	0.00445	0.00534	0.00556	0.00311	0.00356	0.00534	0.00734	0.00979	0.02113	0.86275	0.02536	0.01201	0.00489	0.00156	0.00222	0.01090	0.00356	0.00311
20	0.00554	0.00412	0.00507	0.00533	0.00606	0.00403	0.00380	0.00777	0.10521	0.01230	0.25284	0.44869	0.07358	0.00963	0.00457	0.00139	0.00217	0.00858	0.03570	0.00363
21	0.01720	0.00653	0.00890	0.00682	0.00979	0.00564	0.00564	0.01869	0.01097	0.84399	0.01513	0.01305	0.00949	0.00475	0.00386	0.00119	0.00326	0.00386	0.00475	0.00653
22	0.00773	0.00731	0.01238	0.67548	0.20315	0.00865	0.01089	0.01022	0.00790	0.01039	0.00690	0.01006	0.00532	0.00374	0.00383	0.00125	0.00499	0.00341	0.00175	0.00465
23	0.00795	0.00681	0.00795	0.00568	0.00909	0.00511	0.00454	0.00965	0.00795	0.01249	0.00681	0.00795	0.00568	0.00284	0.00284	0.00057	0.00284	0.00227	0.00227	0.88869
24	0.89233	0.00741	0.00564	0.00504	0.00741	0.00860	0.00415	0.01127	0.00653	0.01720	0.00534	0.00623	0.00415	0.00356	0.00237	0.00119	0.00297	0.00208	0.00237	0.00415
25	0.00979	0.71520	0.16842	0.00735	0.01105	0.01405	0.00793	0.01160	0.00785	0.00958	0.00561	0.00650	0.00491	0.00335	0.00267	0.00089	0.00438	0.00219	0.00164	0.00505
26	0.02269	0.04174	0.09423	0.00912	0.01248	0.03845	0.09458	0.38007	0.03739	0.13611	0.00934	0.00958	0.00664	0.00416	0.00372	0.00111	0.00438	0.00338	0.00324	0.08760
27	0.00707	0.00508	0.00617	0.00694	0.00737	0.00455	0.00461	0.00714	0.00884	0.01201	0.02292	0.83637	0.02683	0.01323	0.00584	0.00196	0.00305	0.01138	0.00429	0.00435
28	0.00548	0.00411	0.00616	0.00616	0.00685	0.00479	0.00479	0.00685	0.00616	0.00890	0.01027	0.01506	0.00959	0.02876	0.85006	0.00616	0.01027	0.00411	0.00205	0.00342
29	0.04077	0.00619	0.00534	0.00492	0.00623	0.10365	0.00378	0.09691	0.00938	0.01487	0.01113	0.01260	0.00870	0.00439	0.00288	0.00094	0.00269	0.00338	0.65724	0.00401
30	0.00724	0.00681	0.01150	0.85604	0.02641	0.00852	0.01065	0.00980	0.00767	0.00980	0.00681	0.01022	0.00511	0.00383	0.00383	0.00128	0.00511	0.00341	0.00170	0.00426
31	0.00467	0.00334	0.00445	0.00534	0.00556	0.00311	0.00356	0.00534	0.00734	0.00979	0.02113	0.86275	0.02536	0.01201	0.00489	0.00156	0.00222	0.01090	0.00356	0.00311
32	0.01449	0.01070	0.01146	0.00880	0.01186	0.01185	0.00727	0.81441	0.03231	0.02402	0.00932	0.00929	0.00661	0.00461	0.00384	0.00115	0.00420	0.00347	0.00384	0.00651
33	0.01433	0.00578	0.00766	0.00610	0.00851	0.00509	0.00495	0.01590	0.01051	0.62316	0.10790	0.01500	0.01256	0.00505	0.00375	0.00114	0.00287	0.00416	0.13983	0.00574
34	0.01433	0.01804	0.01089	0.00985	0.01185	0.82390	0.00740	0.04051	0.01109	0.00984	0.00603	0.00699	0.00499	0.00397	0.00347	0.00099	0.00683	0.00250	0.00203	0.00451
35	0.00659	0.00418	0.00545	0.00498	0.00612	0.00381	0.00379	0.00833	0.01077	0.10001	0.71733	0.02743	0.07116	0.00761	0.00445	0.00121	0.00196	0.00667	0.00424	0.00390
36	0.00934	0.01020	0.02213	0.01582	0.01967	0.00955	0.79771	0.01251	0.00912	0.04234	0.00802	0.01044	0.00595	0.00329	0.00450	0.00129	0.00635	0.00450	0.00204	0.00522
37	0.00597	0.00426	0.00594	0.00682	0.00761	0.00423	0.00581	0.00758	0.00862	0.01124	0.02042	0.15792	0.02253	0.01079	0.00524	0.00174	0.00335	0.70294	0.00353	0.00347
38	0.00644	0.00346	0.00514	0.00514	0.00525	0.00357	0.00352	0.00530	0.00519	0.00703	0.00741	0.01266	0.00737	0.04647	0.14313	0.72126	0.00441	0.00353	0.00175	0.00196
39	0.05814	0.00677	0.00887	0.00684	0.00978	0.00608	0.00565	0.05806	0.01111	0.76498	0.01438	0.01254	0.00909	0.00468	0.00379	0.00118	0.00330	0.00375	0.00459	0.00641
40	0.01346	0.05691	0.01164	0.02463	0.07317	0.70438	0.00775	0.01472	0.02230	0.00970	0.00613	0.00726	0.00512	0.00396	0.00365	0.00102	0.02506	0.00258	0.00197	0.00460
41	0.00586	0.00438	0.00550	0.00514	0.00618	0.00425	0.00388	0.00863	0.09842	0.01545	0.75173	0.02712	0.03358	0.00756	0.00446	0.00122	0.00194	0.00666	0.00419	0.00388
42	0.00969	0.00856	0.01094	0.01171	0.19613	0.00944	0.04592	0.06355	0.54340	0.01548	0.02496	0.01330	0.01035	0.00478	0.00393	0.00126	0.00359	0.01365	0.00336	0.00599
43	0.00839	0.00839	0.01174	0.01007	0.01007	0.01174	0.00839	0.00923	0.00587	0.00923	0.00503	0.00839	0.00503	0.00671	0.01258	0.00168	0.85823	0.00336	0.00168	0.00419
44	0.00477	0.00389	0.00422	0.00414	0.00533	0.00334	0.00310	0.00597	0.00931	0.01172	0.25624	0.03466	0.62153	0.00920	0.00453	0.00127	0.00191	0.00778	0.00374	0.00334
45	0.00618	0.00441	0.00618	0.00706	0.00794	0.00441	0.00618	0.00794	0.00883	0.01147	0.02030	0.04325	0.02207	0.01059	0.00530	0.00177	0.00353	0.81553	0.00353	0.00353
46	0.00949	0.00911	0.01556	0.02353	0.84133	0.00911	0.01177	0.01177	0.00873	0.01253	0.00721	0.00949	0.00607	0.00342	0.00380	0.00114	0.00456	0.00342	0.00190	0.00607
47	0.00543	0.00392	0.00513	0.00482	0.00573	0.00362	0.00362	0.00724	0.01085	0.01538	0.83931	0.02864	0.03618	0.00784	0.00452	0.00121	0.00181	0.00693	0.00422	0.00362
48	0.76463	0.09900	0.00740	0.00535	0.00785	0.00943	0.00453	0.04287	0.00710	0.01660	0.00549	0.00634	0.00433	0.00357	0.00244	0.00115	0.00314	0.00213	0.00235	0.00433
49	0.00899	0.00860	0.01466	0.20829	0.66048	0.00898	0.01152	0.01133	0.00849	0.01192	0.00712	0.00965	0.00586	0.00351	0.00380	0.00117	0.00468	0.00341	0.00185	0.00567
50	0.06409	0.01766	0.01057	0.00960	0.01160	0.80217	0.00722	0.01508	0.01062	0.00983	0.00589	0.00688	0.00489	0.00393	0.00340	0.00100	0.00669	0.00245	0.00200	0.00443
51	0.01432	0.01827	0.01087	0.00988	0.01185	0.84986	0.00741	0.01531	0.01087	0.00938	0.00593	0.00691	0.00494	0.00395	0.00346	0.00099	0.00691	0.00247	0.00198	0.00444
52	0.00558	0.00372	0.00418	0.00418	0.00418	0.00372	0.00232	0.00558	0.00558	0.00743	0.01208	0.02509	0.01394	0.86525	0.01952	0.00372	0.00372	0.00558	0.00232	0.00232
53	0.00755	0.00713	0.01206	0.74173	0.13830	0.00860	0.01080	0.01007	0.00781	0.01017	0.00687	0.01012	0.00524	0.00378	0.00383	0.00126	0.00503	0.00341	0.00173	0.00451
54	0.00795	0.00681	0.00795	0.00568	0.00909	0.00511	0.00454	0.00965	0.00795	0.01249	0.00681	0.00795	0.00568	0.00284	0.00284	0.00057	0.00284	0.00227	0.00227	0.88869
55	0.00795	0.00681	0.00795	0.00568	0.00909	0.00511	0.00454	0.00965	0.00795	0.01249	0.00681	0.00795	0.00568	0.00284	0.00284	0.00057	0.00284	0.00227	0.00227	0.88869
56	0.00795	0.00681	0.00795	0.00568	0.00909	0.00511	0.00454	0.00965	0.00795	0.01249	0.00681	0.00795	0.00568	0.00284	0.00284	0.00057	0.00284	0.00227	0.00227	0.88869
57	0.00945	0.01019	0.01931	0.01883	0.34707	0.04546	0.46715	0.01221	0.00900	0.01226	0.00746	0.00986	0.00588	0.00334	0.00419	0.00122	0.00572	0.00399	0.00192	0.00550
58	0.00543	0.00392	0.00513	0.00482	0.00573	0.00362	0.00362	0.00724	0.01085	0.01538	0.83931	0.02864	0.03618	0.00784	0.00452	0.00121	0.00181	0.00693	0.00422	0.00362
59	0.00769	0.01983	0.84538	0.01093	0.01659	0.00890	0.01417	0.01214	0.00810	0.01214	0.00688	0.00810	0.00486	0.00364	0.00364	0.00121	0.00567	0.00283	0.00162	0.00567
60	0.01458	0.01074	0.01151	0.00882	0.01189	0.01189	0.00729	0.82855	0.01803	0.02416	0.00921	0.00921	0.00652	0.00460	0.00384	0.00115	0.00422	0.00345	0.00384	0.00652
61	0.01458	0.01074	0.01151	0.00882	0.01189	0.01189	0.00729	0.82855	0.01803	0.02416	0.00921	0.00921	0.00652	0.00460	0.00384	0.00115	0.00422	0.00345	0.00384	0.00652
62	0.00533	0.00392	0.00499	0.00472	0.00567	0.00358	0.00354	0.00705	0.01063	0.01484	0.75420	0.02952	0.12162	0.00804	0.00452	0.00122	0.00182	0.00706	0.00415	0.00358
63	0.00533	0.00392	0.00499	0.00472	0.00567	0.00358	0.00354	0.00705	0.01063	0.01484	0.75420	0.02952	0.12162	0.00804	0.00452	0.00122	0.00182	0.00706	0.00415	0.00358
64	0.00779	0.00738	0.01249	0.65219	0.22595	0.00866	0.01092	0.01028	0.00793	0.01046	0.00691	0.01004	0.00535	0.00373	0.00382	0.00124	0.00497	0.00341	0.00175	0.00470
65	0.00460	0.00374	0.00407	0.00430	0.00530	0.00322	0.00311	0.00551	0.00843	0.01036	0.05865	0.25814	0.59670	0.01027	0.00463	0.00136	0.00201	0.00881	0.00358	0.00322
66	0.00758	0.01909	0.80595	0.01064	0.01608	0.00866	0.01367	0.01191	0.00822	0.01229	0.04595	0.00906	0.00633	0.00384	0.00368	0.00121	0.00549	0.00303	0.00174	0.00557
67	0.00580	0.00478	0.00544	0.00467	0.00650	0.00390	0.00359	0.00721	0.00906	0.01233	0.24143	0.02599	0.37556	0.00715	0.00402	0.00105	0.00218	0.00603	0.00335	0.26996
68	0.00949	0.00911	0.01556	0.02353	0.84133	0.00911	0.01177	0.01177	0.00873	0.01253	0.00721	0.00949	0.00607	0.00342	0.00380	0.00114	0.00456	0.00342	0.00190	0.00607
69	0.01116	0.01299	0.01005	0.03523	0.02227	0.47573	0.05846	0.04411	0.05338	0.01074	0.02276	0.05311	0.13414	0.02163	0.00426	0.00118	0.01780	0.00416	0.00248	0.00437
70	0.00811	0.00706	0.00876	0.00758	0.09758	0.00554	0.00531	0.00988	0.00803	0.01250	0.00686	0.00811	0.00572	0.00290	0.00294	0.00063	0.00302	0.00239	0.00223	0.79485
71	0.00756	0.00732	0.01290	0.72135	0.07016	0.00868	0.09755	0.01017	0.00787	0.01021	0.00694	0.01020	0.00524	0.00375	0.00390	0.00127	0.00522	0.00353	0.00174	0.00446
72	0.00776	0.00656	0.00776	0.00583	0.00897	0.00504	0.00472	0.00947	0.00804	0.01239	0.00825	0.01170	0.00742	0.00366	0.00310	0.00070	0.00291	0.08874	0.00241	0.79457
73	0.01130	0.01299	0.02382	0.02172	0.04888	0.35690	0.27958	0.01369	0.04841	0.03400	0.00758	0.01846	0.00603	0.00374	0.00382	0.00108	0.00587	0.00341	0.00217	0.09656

[dist]
# distance from previous block
# <min> <max>
0	4

[block]
# block no. 6 follows, 71 sequences, length 46
# corresponding to MSA columns:
# 414-459
name=unknown_G
#
# <colnr> <probs for GDERKNQSTAVLIFYWHMCP>
#	G	D	E	R	K	N	Q	S	T	A	V	L	I	F	Y	W	H	M	C	P
0	0.00521	0.00421	0.00475	0.00442	0.00580	0.00357	0.00334	0.00653	0.00932	0.01223	0.29890	0.04955	0.46486	0.00839	0.00435	0.00119	0.00200	0.00713	0.00364	0.10062
1	0.01026	0.62814	0.04369	0.00757	0.03550	0.09216	0.01862	0.01168	0.00815	0.00969	0.00569	0.00664	0.00505	0.00331	0.00270	0.00084	0.00432	0.00222	0.00175	0.10202
2	0.00562	0.00388	0.00485	0.00495	0.00520	0.00404	0.00330	0.00612	0.00607	0.00821	0.01258	0.02482	0.01385	0.58250	0.20548	0.00405	0.00518	0.09421	0.00240	0.00270
3	0.02218	0.12055	0.08029	0.00934	0.01179	0.54000	0.01582	0.02594	0.09605	0.01057	0.00697	0.00779	0.00566	0.00405	0.00364	0.00104	0.02870	0.00270	0.00213	0.00480
4	0.00784	0.01879	0.75501	0.01150	0.01697	0.00899	0.10350	0.01216	0.00820	0.01216	0.00698	0.00834	0.00496	0.00360	0.00374	0.00122	0.00575	0.00302	0.00165	0.00561
5	0.00651	0.00340	0.00494	0.00494	0.00496	0.00342	0.00326	0.00511	0.00509	0.00681	0.00736	0.01323	0.00755	0.10737	0.04079	0.76453	0.00358	0.00360	0.00175	0.00179
6	0.01025	0.86756	0.02009	0.00656	0.00984	0.01517	0.00656	0.01148	0.00779	0.00902	0.00533	0.00615	0.00492	0.00328	0.00246	0.00082	0.00410	0.00205	0.00164	0.00492
7	0.80970	0.00844	0.00613	0.00550	0.00783	0.08777	0.00446	0.01165	0.00693	0.01647	0.00539	0.00629	0.00423	0.00360	0.00247	0.00117	0.00334	0.00211	0.00234	0.00418
8	0.00480	0.00345	0.00467	0.00547	0.00576	0.00332	0.00376	0.00557	0.00728	0.00976	0.02008	0.75508	0.02376	0.01354	0.08445	0.00200	0.00303	0.03765	0.00342	0.00316
9	0.00467	0.00334	0.00445	0.00534	0.00556	0.00311	0.00356	0.00534	0.00734	0.00979	0.02113	0.86275	0.02536	0.01201	0.00489	0.00156	0.00222	0.01090	0.00356	0.00311
10	0.00745	0.00703	0.01188	0.77769	0.10310	0.00857	0.01075	0.00998	0.00777	0.01005	0.00685	0.01015	0.00520	0.00379	0.00383	0.00126	0.00506	0.00341	0.00172	0.00443
11	0.00483	0.00386	0.00412	0.00407	0.00511	0.00337	0.00293	0.00578	0.00857	0.01066	0.15639	0.03380	0.58855	0.14310	0.00687	0.00166	0.00220	0.00752	0.00347	0.00315
12	0.00716	0.00406	0.00488	0.00458	0.00570	0.00376	0.00346	0.00878	0.00955	0.10525	0.35692	0.07042	0.09965	0.00681	0.00387	0.00113	0.00200	0.00583	0.29234	0.00386
13	0.00558	0.00372	0.00418	0.00418	0.00418	0.00372	0.00232	0.00558	0.00558	0.00743	0.01208	0.02509	0.01394	0.86525	0.01952	0.00372	0.00372	0.00558	0.00232	0.00232
14	0.00799	0.00812	0.00676	0.00637	0.00753	0.25439	0.00474	0.00945	0.01053	0.01307	0.51531	0.10070	0.02590	0.00708	0.00424	0.00117	0.00336	0.00598	0.00349	0.00382
15	0.00745	0.00703	0.01188	0.77769	0.10310	0.00857	0.01075	0.00998	0.00777	0.01005	0.00685	0.01015	0.00520	0.00379	0.00383	0.00126	0.00506	0.00341	0.00172	0.00443
16	0.00943	0.00896	0.01480	0.04548	0.74016	0.00913	0.01120	0.01252	0.08641	0.01278	0.00799	0.00996	0.00658	0.00360	0.00381	0.00116	0.00443	0.00350	0.00208	0.00602
17	0.01432	0.01827	0.01087	0.00988	0.01185	0.84986	0.00741	0.01531	0.01087	0.00938	0.00593	0.00691	0.00494	0.00395	0.00346	0.00099	0.00691	0.00247	0.00198	0.00444
18	0.00863	0.00824	0.01402	0.34026	0.53130	0.00889	0.01134	0.01102	0.00833	0.01149	0.00706	0.00977	0.00571	0.00357	0.00381	0.00119	0.00477	0.00341	0.00182	0.00538
19	0.00940	0.00808	0.00857	0.00777	0.00989	0.00933	0.00607	0.01986	0.80039	0.01585	0.01580	0.01550	0.01213	0.00542	0.00396	0.00132	0.00305	0.03776	0.00389	0.00596
20	0.00459	0.00372	0.00407	0.00433	0.00530	0.00321	0.00312	0.00549	0.00836	0.01028	0.04819	0.28152	0.58374	0.01036	0.00464	0.00137	0.00202	0.00890	0.00357	0.00321
21	0.03517	0.01073	0.01014	0.08796	0.01230	0.24510	0.00690	0.17887	0.01194	0.34707	0.01034	0.01013	0.00708	0.00438	0.00370	0.00113	0.00465	0.00330	0.00344	0.00567
22	0.01678	0.00720	0.00931	0.00714	0.01012	0.00664	0.00590	0.14813	0.01210	0.71295	0.01418	0.01244	0.00902	0.00472	0.00385	0.00118	0.00342	0.00379	0.00460	0.00652
23	0.54824	0.00965	0.00688	0.00624	0.00839	0.20520	0.00491	0.01219	0.05458	0.01473	0.02645	0.00973	0.07099	0.00432	0.00293	0.00116	0.00379	0.00287	0.00250	0.00425
24	0.00558	0.00372	0.00418	0.00418	0.00418	0.00372	0.00232	0.00558	0.00558	0.00743	0.01208	0.02509	0.01394	0.86525	0.01952	0.00372	0.00372	0.00558	0.00232	0.00232
25	0.00990	0.01011	0.01445	0.11759	0.63296	0.12506	0.01104	0.01203	0.00890	0.01178	0.00699	0.00922	0.00581	0.00354	0.00375	0.00113	0.00494	0.00328	0.00189	0.00564
26	0.01435	0.01305	0.01122	0.00913	0.01182	0.27665	0.00729	0.54744	0.04010	0.01925	0.00836	0.00863	0.00618	0.00441	0.00372	0.00110	0.00504	0.00317	0.00325	0.00585
27	0.01200	0.01102	0.01192	0.01266	0.22652	0.15568	0.01829	0.29193	0.18025	0.01662	0.00954	0.01985	0.00740	0.00437	0.00379	0.00116	0.00454	0.00355	0.00300	0.00590
28	0.01313	0.01139	0.01065	0.01054	0.12617	0.27078	0.00731	0.10123	0.20758	0.18595	0.01066	0.01054	0.00782	0.00441	0.00373	0.00114	0.00463	0.00343	0.00319	0.00570
