[name]
unknown

[dist]
# distance from previous block
# <min> <max>
3	28

[block]
# block no. 0 follows, 68 sequences, length 14
# corresponding to MSA columns:
# 29-42
name=unknown_A
#
# <colnr> <probs for GDERKNQSTAVLIFYWHMCP>
#	G	D	E	R	K	N	Q	S	T	A	V	L	I	F	Y	W	H	M	C	P
0	0.03235	0.00980	0.03975	0.09204	0.07810	0.14320	0.02619	0.12764	0.03277	0.10523	0.03297	0.05547	0.02643	0.03245	0.03030	0.00138	0.00463	0.00397	0.00289	0.12245
1	0.02620	0.06768	0.00954	0.00875	0.06049	0.24854	0.03472	0.03410	0.02250	0.02305	0.01408	0.34677	0.04230	0.00795	0.01605	0.00138	0.02235	0.00644	0.00285	0.00427
2	0.04035	0.01122	0.01091	0.10972	0.06811	0.28580	0.05261	0.10353	0.02217	0.08163	0.03239	0.09295	0.00933	0.00632	0.04157	0.00145	0.00541	0.01684	0.00275	0.00494
3	0.06893	0.00959	0.11137	0.07460	0.20395	0.00865	0.12121	0.04204	0.00898	0.09825	0.03709	0.07894	0.00887	0.00538	0.01799	0.00140	0.09057	0.00432	0.00253	0.00533
4	0.00668	0.00658	0.04652	0.21167	0.13253	0.00632	0.05441	0.00855	0.00844	0.01120	0.06393	0.21799	0.16489	0.00781	0.02261	0.00148	0.01484	0.00652	0.00277	0.00426
5	0.00624	0.00503	0.00760	0.00798	0.06331	0.00597	0.00581	0.00767	0.00652	0.00949	0.00987	0.01451	0.00920	0.02572	0.70602	0.00556	0.09350	0.00412	0.00207	0.00380
6	0.00955	0.03895	0.05062	0.10595	0.32078	0.00879	0.03828	0.06266	0.02702	0.05505	0.07743	0.01194	0.02357	0.00443	0.00450	0.00119	0.06154	0.00381	0.00249	0.09144
7	0.02814	0.07728	0.01277	0.07398	0.06226	0.17670	0.11839	0.01101	0.00809	0.01027	0.00748	0.01075	0.00668	0.04577	0.17592	0.00242	0.16210	0.00358	0.00197	0.00446
8	0.00906	0.00716	0.00853	0.00673	0.02950	0.00589	0.00525	0.04325	0.05210	0.06200	0.00908	0.01143	0.00762	0.00381	0.00329	0.00079	0.00312	0.05706	0.00273	0.67162
9	0.00491	0.00352	0.00472	0.00553	0.00582	0.00333	0.00374	0.00570	0.00772	0.01038	0.06406	0.77414	0.02603	0.01302	0.04524	0.00182	0.00268	0.01072	0.00364	0.00326
10	0.00822	0.00705	0.00822	0.00587	0.00940	0.00529	0.00470	0.00998	0.00822	0.01292	0.00705	0.00822	0.00587	0.00294	0.00294	0.00059	0.00294	0.00235	0.00235	0.88490
11	0.00503	0.00394	0.00455	0.00462	0.00561	0.00352	0.00337	0.00619	0.00913	0.01175	0.23512	0.16064	0.44150	0.04001	0.04548	0.00168	0.00249	0.00823	0.00374	0.00340
12	0.00915	0.10784	0.21162	0.00963	0.03935	0.04807	0.00900	0.06607	0.08412	0.01261	0.06923	0.02616	0.03478	0.00547	0.00630	0.00133	0.23635	0.00379	0.00239	0.01674
13	0.00697	0.00522	0.00619	0.00548	0.00719	0.00456	0.00406	0.00891	0.06387	0.04504	0.13910	0.20778	0.10037	0.08083	0.00545	0.00136	0.00262	0.00622	0.02355	0.27523

[dist]
# distance from previous block
# <min> <max>
5	18

[block]
# block no. 1 follows, 68 sequences, length 16
# corresponding to MSA columns:
# 62-64,67-71,77-84
name=unknown_B
#
# <colnr> <probs for GDERKNQSTAVLIFYWHMCP>
#	G	D	E	R	K	N	Q	S	T	A	V	L	I	F	Y	W	H	M	C	P
0	0.01338	0.01741	0.09435	0.01045	0.01291	0.61274	0.04197	0.04799	0.05294	0.01108	0.00691	0.00798	0.00557	0.00425	0.00411	0.00111	0.04491	0.00286	0.00217	0.00491
1	0.07862	0.00746	0.00791	0.00596	0.00907	0.04858	0.00468	0.01011	0.00813	0.01283	0.00751	0.03062	0.00663	0.04343	0.00379	0.00084	0.00319	0.00273	0.00238	0.70551
2	0.00511	0.00389	0.00461	0.00471	0.00557	0.00349	0.00337	0.00627	0.00923	0.01214	0.30361	0.22026	0.32535	0.06725	0.00581	0.00154	0.00215	0.00844	0.00383	0.00339
3	0.01401	0.01075	0.01291	0.00984	0.01299	0.01167	0.09981	0.69768	0.01714	0.02299	0.00985	0.04397	0.00745	0.00491	0.00409	0.00122	0.00454	0.00401	0.00373	0.00644
4	0.00780	0.00428	0.00585	0.00547	0.00620	0.00407	0.00386	0.00753	0.04037	0.06863	0.03660	0.05602	0.00932	0.01120	0.01170	0.59762	0.00322	0.00395	0.02577	0.09055
5	0.00666	0.00439	0.00530	0.00520	0.00616	0.00409	0.00372	0.04539	0.00921	0.08149	0.18673	0.27548	0.20379	0.13562	0.00700	0.00176	0.00256	0.00801	0.00375	0.00369
6	0.02701	0.00597	0.00744	0.02264	0.00816	0.04879	0.04221	0.06599	0.05059	0.01147	0.08791	0.06497	0.04430	0.08614	0.25239	0.12879	0.01992	0.00491	0.01668	0.00373
7	0.00638	0.00384	0.00512	0.00513	0.00545	0.00395	0.00348	0.00640	0.00625	0.02607	0.02716	0.07972	0.01210	0.27025	0.19297	0.27082	0.00488	0.00499	0.06236	0.00271
8	0.05119	0.00444	0.00529	0.00534	0.00635	0.00425	0.00388	0.00844	0.04774	0.09277	0.10725	0.34543	0.14945	0.04930	0.00553	0.02526	0.00250	0.02455	0.05725	0.00380
9	0.02363	0.00546	0.00650	0.00665	0.02935	0.04817	0.00483	0.02971	0.05423	0.03157	0.02314	0.14692	0.07348	0.05390	0.31380	0.06851	0.00596	0.03430	0.03612	0.00377
10	0.00963	0.10509	0.03240	0.13603	0.14194	0.04275	0.04174	0.10756	0.00993	0.06028	0.02329	0.05815	0.08937	0.00529	0.00400	0.01548	0.00406	0.00434	0.10369	0.00497
11	0.00567	0.00390	0.00548	0.00569	0.00616	0.00414	0.00413	0.00641	0.00683	0.00950	0.05593	0.21255	0.02902	0.09460	0.37898	0.12028	0.00626	0.02190	0.01944	0.00314
12	0.00772	0.00444	0.00569	0.00548	0.00660	0.00415	0.00407	0.00895	0.02181	0.15934	0.15050	0.21389	0.14609	0.05836	0.07588	0.04642	0.00325	0.03075	0.04269	0.00394
13	0.00938	0.00798	0.01148	0.12740	0.16365	0.01994	0.08413	0.11711	0.12857	0.03487	0.02344	0.05061	0.03064	0.06914	0.00556	0.00151	0.02027	0.06262	0.02654	0.00516
14	0.08088	0.00809	0.00967	0.07420	0.02534	0.03350	0.06264	0.26225	0.03582	0.06466	0.06763	0.06198	0.14030	0.02784	0.00449	0.00132	0.00380	0.00498	0.00338	0.02723
15	0.02592	0.00815	0.02882	0.00710	0.00879	0.13669	0.02373	0.06536	0.07888	0.10639	0.09406	0.05917	0.07159	0.03365	0.05900	0.11856	0.01779	0.00469	0.03385	0.01783

[dist]
# distance from previous block
# <min> <max>
15	42

[block]
# block no. 2 follows, 68 sequences, length 36
# corresponding to MSA columns:
# 135-170
name=unknown_C
#
# <colnr> <probs for GDERKNQSTAVLIFYWHMCP>
#	G	D	E	R	K	N	Q	S	T	A	V	L	I	F	Y	W	H	M	C	P
0	0.02676	0.00475	0.00596	0.02521	0.00698	0.00460	0.00421	0.06427	0.01148	0.03381	0.69297	0.02720	0.06121	0.00768	0.00455	0.00125	0.00219	0.00669	0.00422	0.00403
1	0.01054	0.04901	0.05116	0.11235	0.11818	0.05952	0.03691	0.08556	0.13531	0.11427	0.04696	0.02878	0.03502	0.00515	0.01650	0.00127	0.00424	0.00404	0.03714	0.04810
2	0.08358	0.44170	0.04900	0.05139	0.03350	0.10490	0.04746	0.07813	0.01960	0.02777	0.02605	0.00810	0.00618	0.00381	0.00312	0.00102	0.00464	0.00274	0.00216	0.00516
3	0.04695	0.08163	0.23589	0.05698	0.04632	0.02037	0.05725	0.08404	0.01784	0.06929	0.01986	0.04249	0.00744	0.02580	0.02640	0.02019	0.01553	0.00355	0.00243	0.11975
4	0.02204	0.13133	0.19888	0.02196	0.08336	0.03746	0.05298	0.16189	0.03997	0.08282	0.02764	0.00989	0.00707	0.00489	0.01591	0.02819	0.04113	0.00335	0.00261	0.02663
5	0.03815	0.30818	0.09839	0.00990	0.01320	0.01200	0.18033	0.12627	0.02119	0.04233	0.00747	0.00887	0.00597	0.00510	0.04027	0.00138	0.07012	0.00324	0.00227	0.00538
6	0.00649	0.00508	0.00753	0.13616	0.01121	0.00527	0.03322	0.00838	0.00888	0.01145	0.02000	0.03747	0.09218	0.02503	0.00542	0.00173	0.00386	0.57358	0.00329	0.00377
7	0.00873	0.12370	0.08098	0.07478	0.16978	0.07845	0.04602	0.01107	0.04383	0.03192	0.04488	0.12748	0.07310	0.00609	0.00409	0.00127	0.00428	0.06207	0.00263	0.00486
8	0.02804	0.00694	0.04455	0.12761	0.11881	0.02589	0.01693	0.01936	0.08790	0.01136	0.02949	0.06891	0.02770	0.01539	0.34942	0.00338	0.00687	0.00454	0.00243	0.00446
9	0.00541	0.00361	0.00478	0.00551	0.00590	0.00335	0.00374	0.00621	0.00790	0.04142	0.05619	0.77161	0.02572	0.01178	0.00495	0.00156	0.00231	0.01065	0.02401	0.00339
10	0.00689	0.00344	0.00517	0.00517	0.00517	0.00344	0.00344	0.00517	0.00517	0.00689	0.00689	0.01205	0.00689	0.01377	0.01550	0.88464	0.00344	0.00344	0.00172	0.00172
11	0.00937	0.09594	0.16866	0.25058	0.08992	0.13657	0.05081	0.03768	0.00889	0.01124	0.00739	0.00988	0.00596	0.02525	0.06234	0.00160	0.00585	0.00329	0.01382	0.00495
12	0.07234	0.02680	0.05797	0.03924	0.03450	0.33465	0.10550	0.07419	0.01005	0.01230	0.00780	0.01095	0.00670	0.00480	0.00489	0.00125	0.10532	0.05916	0.02677	0.00482
13	0.88866	0.00767	0.00583	0.00521	0.00767	0.00889	0.00429	0.01166	0.00675	0.01779	0.00552	0.00644	0.00429	0.00368	0.00245	0.00123	0.00307	0.00215	0.00245	0.00429
14	0.00580	0.00387	0.00445	0.00445	0.00452	0.00392	0.00259	0.00595	0.00587	0.00798	0.01237	0.02494	0.01399	0.78096	0.07683	0.00394	0.00426	0.00561	0.02518	0.00251
15	0.00571	0.00387	0.00441	0.00441	0.00450	0.00388	0.00255	0.00582	0.00593	0.00789	0.01359	0.02598	0.04932	0.78498	0.05847	0.00386	0.00409	0.00581	0.00244	0.00250
16	0.88866	0.00767	0.00583	0.00521	0.00767	0.00889	0.00429	0.01166	0.00675	0.01779	0.00552	0.00644	0.00429	0.00368	0.00245	0.00123	0.00307	0.00215	0.00245	0.00429
17	0.00983	0.00904	0.01306	0.01741	0.48448	0.00961	0.00966	0.01596	0.35797	0.01450	0.01115	0.01193	0.00876	0.00432	0.00397	0.00125	0.00404	0.00394	0.00284	0.00628
18	0.81948	0.00759	0.00610	0.00536	0.00786	0.00865	0.00442	0.01226	0.00711	0.08301	0.00632	0.00700	0.00473	0.00378	0.00258	0.00123	0.00309	0.00229	0.00265	0.00449
19	0.00914	0.00907	0.01268	0.03486	0.01305	0.08389	0.25869	0.08076	0.18232	0.01392	0.05956	0.01827	0.19457	0.00572	0.00436	0.00129	0.00445	0.00527	0.00309	0.00503
20	0.00502	0.00355	0.00464	0.00544	0.00567	0.00336	0.00363	0.00567	0.00742	0.00988	0.02060	0.71466	0.02455	0.12212	0.00704	0.00191	0.00256	0.04562	0.00351	0.00313
21	0.01507	0.01111	0.01190	0.00912	0.01230	0.01230	0.00754	0.82270	0.01864	0.02499	0.00952	0.00952	0.00674	0.00476	0.00397	0.00119	0.00436	0.00357	0.00397	0.00674
22	0.00749	0.00705	0.01189	0.85113	0.02731	0.00881	0.01101	0.01013	0.00793	0.01013	0.00705	0.01057	0.00529	0.00396	0.00396	0.00132	0.00529	0.00352	0.00176	0.00440
23	0.01488	0.01101	0.01179	0.00908	0.01222	0.01221	0.00749	0.79297	0.04869	0.02468	0.00976	0.00971	0.00694	0.00478	0.00397	0.00120	0.00432	0.00360	0.00397	0.00673
24	0.00844	0.13288	0.65471	0.01119	0.01655	0.01015	0.08793	0.01248	0.00842	0.01214	0.00698	0.00831	0.00512	0.00368	0.00369	0.00121	0.00572	0.00298	0.00171	0.00571
25	0.00903	0.00702	0.00830	0.00597	0.00946	0.00533	0.00479	0.01078	0.00849	0.08302	0.00778	0.00867	0.00621	0.00310	0.00303	0.00064	0.00297	0.00249	0.00257	0.81034
26	0.01094	0.00944	0.00951	0.00832	0.01066	0.05740	0.00651	0.16050	0.62199	0.01752	0.01455	0.03287	0.01110	0.00536	0.00402	0.00131	0.00356	0.00437	0.00390	0.00619
27	0.00685	0.00346	0.00513	0.00513	0.00513	0.00346	0.00340	0.00519	0.00519	0.00692	0.00710	0.01257	0.00717	0.04541	0.01567	0.85174	0.00346	0.00353	0.00175	0.00175
28	0.00763	0.02727	0.03550	0.09348	0.24674	0.00743	0.05292	0.02369	0.00790	0.01097	0.01081	0.13451	0.02008	0.08808	0.16482	0.00251	0.05377	0.00505	0.00229	0.00456
29	0.04050	0.05842	0.14296	0.01091	0.07577	0.08022	0.13836	0.10156	0.09028	0.09857	0.01160	0.03252	0.06089	0.01563	0.00437	0.00128	0.02376	0.00408	0.00281	0.00553
30	0.00752	0.00709	0.01190	0.82859	0.02685	0.00890	0.01095	0.01011	0.00788	0.01011	0.00700	0.01052	0.00528	0.00404	0.00421	0.00133	0.02802	0.00352	0.00176	0.00440
31	0.00967	0.00820	0.00969	0.00920	0.06744	0.00911	0.03794	0.06261	0.57494	0.02785	0.08526	0.01655	0.03110	0.00561	0.00415	0.00133	0.00334	0.02626	0.00383	0.00592
32	0.00838	0.00786	0.07677	0.04644	0.13861	0.01707	0.06379	0.07504	0.05293	0.05322	0.05678	0.18009	0.07103	0.03901	0.01910	0.00154	0.01179	0.06038	0.01537	0.00479
33	0.05716	0.04457	0.02275	0.30688	0.11132	0.11673	0.00872	0.06971	0.06905	0.09184	0.04613	0.01134	0.01828	0.00440	0.00382	0.00122	0.00471	0.00360	0.00262	0.00517
34	0.00809	0.04257	0.04289	0.65634	0.05172	0.00893	0.01035	0.04695	0.00864	0.02418	0.03823	0.02905	0.00708	0.00430	0.00395	0.00129	0.00498	0.00375	0.00205	0.00464
35	0.00632	0.01885	0.00576	0.00608	0.01727	0.02217	0.00418	0.03862	0.03895	0.04169	0.03462	0.64613	0.04344	0.04920	0.00552	0.00163	0.00267	0.00962	0.00361	0.00368

[dist]
# distance from previous block
# <min> <max>
0	24

[block]
# block no. 3 follows, 68 sequences, length 38
# corresponding to MSA columns:
# 195-218,220-233
name=unknown_D
#
# <colnr> <probs for GDERKNQSTAVLIFYWHMCP>
#	G	D	E	R	K	N	Q	S	T	A	V	L	I	F	Y	W	H	M	C	P
0	0.08558	0.08377	0.11514	0.04305	0.05913	0.13636	0.06559	0.11046	0.08362	0.02201	0.05516	0.03534	0.02259	0.01534	0.00415	0.00122	0.02391	0.00375	0.00263	0.03120
1	0.02436	0.00578	0.00767	0.07965	0.00961	0.04453	0.06726	0.00863	0.03557	0.03405	0.14982	0.28967	0.08149	0.04753	0.01921	0.00161	0.02129	0.05049	0.00329	0.01850
2	0.02911	0.02322	0.00980	0.02207	0.02783	0.03583	0.02595	0.17287	0.22282	0.25204	0.04316	0.01417	0.01068	0.08577	0.00550	0.00149	0.00377	0.00420	0.00386	0.00588
3	0.00827	0.00714	0.00748	0.00748	0.03797	0.10108	0.00543	0.13283	0.01007	0.01304	0.02597	0.38624	0.03768	0.00866	0.00448	0.00136	0.00346	0.09631	0.00333	0.10172
4	0.00795	0.02051	0.84011	0.01130	0.01716	0.00921	0.01465	0.01256	0.00837	0.01256	0.00712	0.00837	0.00502	0.00377	0.00377	0.00126	0.00586	0.00293	0.00167	0.00586
5	0.00972	0.25811	0.30847	0.02309	0.12746	0.01118	0.04057	0.02744	0.00859	0.05682	0.01681	0.00869	0.00595	0.00402	0.00429	0.00117	0.07706	0.00302	0.00199	0.00557
6	0.00530	0.00410	0.00486	0.00490	0.00589	0.00374	0.00361	0.00698	0.03973	0.01288	0.34738	0.18516	0.32461	0.00957	0.00474	0.00136	0.00208	0.02552	0.00396	0.00359
7	0.00949	0.00815	0.00863	0.00779	0.00994	0.00935	0.00605	0.01991	0.76184	0.01640	0.06384	0.01621	0.03343	0.00565	0.00409	0.00134	0.00304	0.00473	0.00404	0.00606
8	0.01068	0.04007	0.18945	0.08738	0.20319	0.06961	0.16825	0.02947	0.00951	0.12907	0.00895	0.01035	0.01784	0.00393	0.00399	0.00122	0.00531	0.00364	0.00237	0.00572
9	0.00745	0.00725	0.05330	0.06772	0.11405	0.00655	0.15579	0.02852	0.02268	0.03244	0.10099	0.14599	0.15285	0.05008	0.00540	0.00148	0.01321	0.02683	0.00295	0.00448
10	0.00749	0.00705	0.01189	0.85113	0.02731	0.00881	0.01101	0.01013	0.00793	0.01013	0.00705	0.01057	0.00529	0.00396	0.00396	0.00132	0.00529	0.00352	0.00176	0.00440
11	0.00749	0.00705	0.01189	0.85113	0.02731	0.00881	0.01101	0.01013	0.00793	0.01013	0.00705	0.01057	0.00529	0.00396	0.00396	0.00132	0.00529	0.00352	0.00176	0.00440
12	0.00799	0.06403	0.21617	0.07191	0.04072	0.02869	0.12494	0.01918	0.02974	0.02670	0.02065	0.18747	0.04091	0.01649	0.00522	0.03125	0.04566	0.01512	0.00245	0.00471
13	0.00856	0.03279	0.31533	0.03018	0.11740	0.00925	0.33677	0.01198	0.00877	0.01236	0.00859	0.07358	0.00718	0.00422	0.00423	0.00130	0.00573	0.00433	0.00200	0.00546
14	0.00771	0.00727	0.01229	0.77306	0.10366	0.00887	0.01112	0.01032	0.00803	0.01040	0.00709	0.01050	0.00538	0.00392	0.00396	0.00131	0.00523	0.00352	0.00178	0.00458
15	0.00816	0.00758	0.04815	0.06365	0.24061	0.01858	0.07039	0.05990	0.02058	0.03653	0.01459	0.29915	0.04342	0.00728	0.00446	0.00139	0.00394	0.04391	0.00290	0.00483
16	0.03024	0.02596	0.30654	0.04587	0.16224	0.00789	0.05061	0.01097	0.00857	0.05544	0.01384	0.05059	0.14215	0.02808	0.00479	0.00136	0.03407	0.01324	0.00239	0.00516
17	0.00563	0.00388	0.00446	0.00449	0.00467	0.00387	0.00269	0.00585	0.00617	0.00816	0.01522	0.04899	0.09181	0.69319	0.08184	0.00374	0.00415	0.00604	0.00254	0.00260
18	0.00981	0.00942	0.01609	0.02434	0.83592	0.00942	0.01217	0.01217	0.00903	0.01295	0.00746	0.00981	0.00628	0.00353	0.00393	0.00118	0.00471	0.00353	0.00196	0.00628
19	0.00957	0.03769	0.16532	0.20105	0.21222	0.05781	0.04585	0.02561	0.04059	0.07643	0.00923	0.07280	0.00768	0.00460	0.00409	0.00126	0.01646	0.00401	0.00233	0.00540
20	0.00843	0.01461	0.43882	0.02674	0.08626	0.00867	0.19285	0.02509	0.00881	0.03320	0.00936	0.09965	0.00801	0.00472	0.00416	0.00131	0.00544	0.01625	0.00213	0.00548
21	0.00766	0.00739	0.01298	0.77234	0.02669	0.00892	0.08755	0.01037	0.00806	0.01037	0.00714	0.01058	0.00535	0.00391	0.00403	0.00132	0.00542	0.00363	0.00178	0.00449
22	0.01253	0.06244	0.15641	0.01979	0.04470	0.00860	0.05756	0.18083	0.02826	0.27325	0.05475	0.05298	0.01976	0.00503	0.00399	0.00123	0.00419	0.00420	0.00350	0.00598
23	0.02062	0.01152	0.20536	0.15535	0.30716	0.03458	0.07220	0.03820	0.00909	0.02786	0.02150	0.04545	0.02494	0.00431	0.00400	0.00125	0.00504	0.00392	0.00214	0.00552
24	0.00671	0.00477	0.02263	0.00585	0.00661	0.00459	0.00431	0.04539	0.00804	0.06149	0.05959	0.31207	0.03786	0.22059	0.11618	0.00270	0.02095	0.05289	0.00321	0.00357
25	0.00872	0.12609	0.49546	0.01210	0.01706	0.01028	0.23041	0.01271	0.02787	0.01227	0.00736	0.00889	0.00546	0.00364	0.00386	0.00123	0.00581	0.00333	0.00182	0.00563
26	0.03580	0.09103	0.17537	0.09216	0.21023	0.02149	0.09255	0.01380	0.00925	0.20692	0.00908	0.01010	0.00656	0.00392	0.00381	0.00120	0.00482	0.00345	0.00258	0.00585
27	0.00775	0.00797	0.07526	0.03118	0.16205	0.02236	0.11899	0.01070	0.09548	0.02739	0.03133	0.22378	0.05934	0.02771	0.05863	0.00175	0.00447	0.02626	0.00285	0.00475
28	0.00738	0.01191	0.34252	0.05640	0.12787	0.00737	0.06855	0.01017	0.00825	0.01168	0.03973	0.16131	0.02267	0.08650	0.00571	0.00157	0.00469	0.01852	0.00232	0.00487
29	0.00711	0.00637	0.02500	0.05498	0.07268	0.08179	0.00569	0.02278	0.03770	0.03003	0.06341	0.50051	0.02038	0.00944	0.00467	0.00146	0.00330	0.04537	0.00333	0.00401
30	0.00909	0.08190	0.29761	0.03458	0.24409	0.03229	0.05819	0.02171	0.03944	0.02058	0.00827	0.02344	0.00688	0.00483	0.02063	0.00136	0.05342	0.03406	0.00205	0.00560
31	0.00695	0.02065	0.05644	0.03910	0.05143	0.04347	0.07359	0.03460	0.00820	0.01081	0.01507	0.33556	0.01658	0.13944	0.05373	0.00211	0.00424	0.08127	0.00289	0.00389
32	0.00778	0.00727	0.01226	0.60184	0.17624	0.00847	0.02504	0.01031	0.00847	0.01125	0.08521	0.01223	0.00852	0.00426	0.00404	0.00129	0.00488	0.00389	0.00205	0.00471
33	0.00952	0.00922	0.01522	0.14877	0.26121	0.03751	0.21463	0.08641	0.03979	0.01327	0.00921	0.07205	0.00793	0.00461	0.00449	0.00130	0.03143	0.01414	0.01393	0.00539
34	0.11042	0.03365	0.05808	0.07755	0.15922	0.16303	0.14414	0.03879	0.05624	0.04168	0.03107	0.03204	0.00785	0.00439	0.00387	0.00123	0.00509	0.02402	0.00244	0.00521
35	0.39742	0.03872	0.12289	0.02723	0.04130	0.07620	0.00657	0.02104	0.01934	0.03702	0.02795	0.04846	0.07376	0.00494	0.00333	0.00123	0.00383	0.02369	0.00258	0.02250
36	0.09977	0.12125	0.08593	0.00659	0.00877	0.02442	0.05477	0.02938	0.00896	0.02627	0.10989	0.14363	0.22572	0.00713	0.00403	0.00126	0.00327	0.00600	0.02875	0.00424
37	0.03389	0.04467	0.05214	0.02236	0.05299	0.02410	0.03519	0.19416	0.12711	0.06315	0.07146	0.15288	0.05867	0.00660	0.00429	0.00132	0.01138	0.03496	0.00346	0.00524

[dist]
# distance from previous block
# <min> <max>
34	88

[block]
# block no. 4 follows, 68 sequences, length 19
# corresponding to MSA columns:
# 342-360
name=unknown_E
#
# <colnr> <probs for GDERKNQSTAVLIFYWHMCP>
#	G	D	E	R	K	N	Q	S	T	A	V	L	I	F	Y	W	H	M	C	P
0	0.00792	0.00776	0.06169	0.04786	0.11032	0.01877	0.15447	0.02016	0.07392	0.04855	0.13952	0.09311	0.15798	0.00661	0.00446	0.00133	0.00387	0.03382	0.00312	0.00476
1	0.01101	0.32181	0.04621	0.03723	0.04519	0.20973	0.16845	0.02570	0.00929	0.01090	0.00652	0.00794	0.00542	0.00357	0.00341	0.00101	0.00542	0.00290	0.00194	0.07636
2	0.00558	0.00516	0.03821	0.00701	0.00815	0.00442	0.10760	0.00687	0.00812	0.01070	0.02222	0.53832	0.14965	0.01078	0.01817	0.00160	0.00314	0.04729	0.00337	0.00363
3	0.00795	0.02051	0.84011	0.01130	0.01716	0.00921	0.01465	0.01256	0.00837	0.01256	0.00712	0.00837	0.00502	0.00377	0.00377	0.00126	0.00586	0.00293	0.00167	0.00586
4	0.00869	0.04449	0.09357	0.00869	0.07384	0.01664	0.02910	0.10846	0.04469	0.05899	0.11973	0.01597	0.01262	0.12167	0.20645	0.00279	0.02165	0.00444	0.00283	0.00470
5	0.00511	0.00365	0.00490	0.00562	0.00595	0.00355	0.00390	0.00594	0.00755	0.01014	0.04432	0.63090	0.02380	0.07671	0.09148	0.00226	0.00334	0.06419	0.00345	0.00324
6	0.00810	0.01257	0.28579	0.01258	0.01661	0.00849	0.39458	0.01149	0.00920	0.01281	0.09428	0.01475	0.07059	0.00465	0.00440	0.00131	0.00550	0.02483	0.00230	0.00516
7	0.00483	0.00345	0.00460	0.00552	0.00575	0.00322	0.00368	0.00552	0.00759	0.01012	0.02185	0.85807	0.02622	0.01242	0.00506	0.00161	0.00230	0.01127	0.00368	0.00322
8	0.00810	0.00732	0.02393	0.00997	0.01206	0.00722	0.22708	0.05472	0.12778	0.01331	0.01579	0.06249	0.01554	0.02842	0.00529	0.00162	0.00442	0.36711	0.00322	0.00464
9	0.00912	0.02745	0.02669	0.00800	0.09015	0.00611	0.00584	0.02794	0.00888	0.10097	0.01172	0.04831	0.07406	0.00460	0.00371	0.00092	0.02207	0.03051	0.00278	0.49015
10	0.00674	0.00694	0.12609	0.00620	0.00804	0.00523	0.00558	0.00990	0.09439	0.03503	0.50429	0.02379	0.06351	0.00773	0.03162	0.00141	0.00290	0.00598	0.05030	0.00435
11	0.00795	0.02051	0.84011	0.01130	0.01716	0.00921	0.01465	0.01256	0.00837	0.01256	0.00712	0.00837	0.00502	0.00377	0.00377	0.00126	0.00586	0.00293	0.00167	0.00586
12	0.03572	0.00621	0.00800	0.00670	0.00889	0.00600	0.00535	0.04081	0.09550	0.43272	0.12366	0.04381	0.01413	0.02612	0.12572	0.00205	0.00419	0.00471	0.00416	0.00557
13	0.00539	0.00392	0.00470	0.00506	0.00556	0.00373	0.00346	0.00631	0.02505	0.01009	0.06870	0.31103	0.16712	0.27795	0.00974	0.00226	0.00285	0.08064	0.00332	0.00312
14	0.00575	0.00391	0.00465	0.00465	0.00476	0.00402	0.00281	0.00598	0.00586	0.00793	0.01219	0.02429	0.01370	0.72804	0.15181	0.00425	0.00493	0.00552	0.00236	0.00258
15	0.00483	0.00345	0.00460	0.00552	0.00575	0.00322	0.00368	0.00552	0.00759	0.01012	0.02185	0.85807	0.02622	0.01242	0.00506	0.00161	0.00230	0.01127	0.00368	0.00322
16	0.01064	0.00921	0.02719	0.03404	0.26965	0.00972	0.04261	0.18993	0.20429	0.03685	0.03643	0.03873	0.00942	0.00536	0.02109	0.00137	0.04022	0.00418	0.00308	0.00599
17	0.00565	0.00394	0.00480	0.00503	0.00530	0.00395	0.00324	0.02190	0.00678	0.00907	0.01597	0.25967	0.04391	0.47022	0.10123	0.00330	0.00407	0.02623	0.00283	0.00290
18	0.07045	0.00668	0.00790	0.00652	0.00879	0.04149	0.00515	0.03778	0.01012	0.50615	0.01532	0.05428	0.04251	0.12015	0.00614	0.00160	0.00348	0.02868	0.02134	0.00547

[dist]
# distance from previous block
# <min> <max>
1	2

[block]
# block no. 5 follows, 68 sequences, length 6
# corresponding to MSA columns:
# 363-368
name=unknown_F
#
# <colnr> <probs for GDERKNQSTAVLIFYWHMCP>
#	G	D	E	R	K	N	Q	S	T	A	V	L	I	F	Y	W	H	M	C	P
0	0.00821	0.00626	0.00759	0.07649	0.07203	0.05100	0.00550	0.08335	0.01067	0.06766	0.34561	0.07383	0.07562	0.05429	0.00519	0.00139	0.00312	0.00592	0.04190	0.00437
1	0.00776	0.00706	0.05337	0.00813	0.09319	0.07350	0.00572	0.00987	0.06803	0.07691	0.10129	0.28886	0.17380	0.00837	0.00448	0.00136	0.00319	0.00728	0.00345	0.00437
2	0.01027	0.22573	0.08551	0.05036	0.08904	0.09491	0.03786	0.07597	0.07121	0.04936	0.11025	0.01255	0.04019	0.00476	0.00391	0.00114	0.02529	0.00378	0.00266	0.00524
3	0.04101	0.00610	0.00669	0.00655	0.03806	0.07504	0.03142	0.00876	0.02587	0.04210	0.22731	0.06254	0.27322	0.05420	0.00531	0.00144	0.00302	0.06436	0.00350	0.02349
4	0.00978	0.23313	0.02959	0.05001	0.05058	0.05334	0.03894	0.14908	0.05236	0.01340	0.04757	0.01310	0.08506	0.00762	0.10000	0.00169	0.00491	0.00383	0.00264	0.05337
5	0.05373	0.03267	0.05541	0.00725	0.02389	0.09107	0.00578	0.05612	0.07635	0.07475	0.07664	0.16390	0.03945	0.07841	0.00571	0.00150	0.03080	0.04688	0.02693	0.05277

[dist]
# distance from previous block
# <min> <max>
8	36

[block]
# block no. 6 follows, 68 sequences, length 38
# corresponding to MSA columns:
# 422-459
name=unknown_G
#
# <colnr> <probs for GDERKNQSTAVLIFYWHMCP>
#	G	D	E	R	K	N	Q	S	T	A	V	L	I	F	Y	W	H	M	C	P
0	0.02327	0.06530	0.06601	0.03375	0.04478	0.05256	0.03216	0.25000	0.11935	0.04199	0.02066	0.06004	0.03871	0.02001	0.01599	0.00138	0.08621	0.00422	0.01812	0.00549
1	0.05015	0.00584	0.04149	0.00629	0.02575	0.01497	0.01609	0.02855	0.03237	0.01136	0.04329	0.11098	0.20479	0.11951	0.17292	0.00261	0.01483	0.01906	0.01171	0.06744
2	0.03503	0.12545	0.12956	0.03425	0.08281	0.06201	0.04573	0.11907	0.10528	0.10167	0.04273	0.02385	0.02186	0.01320	0.00421	0.00122	0.03054	0.00372	0.00286	0.01492
3	0.03728	0.16547	0.06908	0.02701	0.02557	0.07707	0.07313	0.08799	0.03356	0.11398	0.04786	0.01001	0.00782	0.00398	0.00348	0.00101	0.00425	0.00320	0.00272	0.20554
4	0.00805	0.19008	0.04910	0.00697	0.02102	0.11287	0.03063	0.03774	0.01855	0.01091	0.02022	0.19811	0.26584	0.00754	0.00408	0.00124	0.00365	0.00627	0.00289	0.00422
5	0.04347	0.09052	0.08034	0.05504	0.12638	0.27775	0.01756	0.03815	0.02257	0.02200	0.00729	0.03013	0.00623	0.00501	0.02147	0.00129	0.11241	0.00321	0.01953	0.01967
6	0.03889	0.02835	0.12106	0.08584	0.25358	0.04234	0.08695	0.14797	0.03334	0.03010	0.02184	0.02834	0.00721	0.00503	0.03092	0.00139	0.01589	0.00373	0.00246	0.01476
7	0.00690	0.00563	0.02220	0.03161	0.00698	0.05264	0.00410	0.00863	0.09753	0.03429	0.01569	0.24427	0.04123	0.39730	0.01166	0.00253	0.00356	0.00681	0.00298	0.00346
8	0.00534	0.00385	0.00443	0.00470	0.00560	0.00345	0.00341	0.00645	0.00871	0.02174	0.09957	0.30159	0.36975	0.00999	0.00461	0.00139	0.00214	0.03539	0.10444	0.00343
9	0.00660	0.00580	0.02140	0.11028	0.03354	0.02377	0.01605	0.01867	0.10180	0.01218	0.14627	0.23555	0.13978	0.00951	0.04838	0.00167	0.01816	0.04314	0.00334	0.00410
10	0.00955	0.08525	0.09328	0.13773	0.21063	0.08354	0.18988	0.03965	0.00915	0.01199	0.00803	0.04446	0.00682	0.00462	0.01824	0.00132	0.02444	0.01406	0.00206	0.00528
11	0.00567	0.00413	0.00591	0.00596	0.00654	0.00466	0.00446	0.00684	0.00639	0.00914	0.01159	0.06521	0.01153	0.15321	0.65631	0.00561	0.00895	0.00487	0.01967	0.00335
12	0.00802	0.00474	0.00597	0.00539	0.00683	0.00429	0.00416	0.03138	0.01080	0.17365	0.44127	0.07026	0.18497	0.00805	0.00456	0.00129	0.00231	0.02350	0.00428	0.00430
13	0.00981	0.00517	0.00664	0.00569	0.00746	0.00467	0.00447	0.03103	0.02205	0.28758	0.43676	0.02463	0.12335	0.00716	0.00442	0.00125	0.00246	0.00614	0.00445	0.00479
14	0.00566	0.00425	0.00637	0.00637	0.00708	0.00496	0.00496	0.00708	0.00637	0.00920	0.01062	0.01558	0.00991	0.02974	0.84494	0.00637	0.01062	0.00425	0.00212	0.00354
15	0.00953	0.00852	0.01140	0.00972	0.01029	0.01123	0.00802	0.12310	0.00809	0.03719	0.00725	0.05765	0.00691	0.00761	0.03760	0.00178	0.63319	0.00397	0.00227	0.00466
16	0.00900	0.00779	0.01066	0.00923	0.00963	0.02318	0.00756	0.00996	0.00664	0.08212	0.00727	0.01094	0.00675	0.05427	0.12907	0.00244	0.60333	0.00373	0.00211	0.00434
17	0.00556	0.00407	0.00579	0.00592	0.00645	0.00453	0.00436	0.00665	0.00644	0.00909	0.01249	0.13492	0.01292	0.16217	0.59379	0.00530	0.00836	0.00548	0.00239	0.00331
18	0.00778	0.00735	0.01242	0.74659	0.12955	0.00889	0.01116	0.01039	0.00807	0.01049	0.00710	0.01048	0.00541	0.00391	0.00396	0.00130	0.00521	0.00352	0.00179	0.00464
19	0.01461	0.01198	0.01157	0.00919	0.01213	0.12836	0.00745	0.64438	0.08393	0.02217	0.00959	0.00962	0.00695	0.00472	0.00392	0.00118	0.00465	0.00350	0.00370	0.00640
20	0.00762	0.00713	0.00997	0.05701	0.19824	0.04572	0.00758	0.00888	0.00772	0.01062	0.01257	0.33881	0.01389	0.00806	0.00681	0.00151	0.23125	0.01966	0.00259	0.00435
21	0.82870	0.00779	0.00653	0.00652	0.06418	0.00893	0.00483	0.01169	0.00690	0.01746	0.00565	0.00667	0.00443	0.00367	0.00255	0.00122	0.00318	0.00224	0.00242	0.00443
22	0.00672	0.00356	0.00533	0.00533	0.00543	0.00365	0.00365	0.00543	0.00533	0.00721	0.00741	0.01254	0.00731	0.01600	0.13134	0.76198	0.00445	0.00356	0.00178	0.00198
23	0.00728	0.00400	0.00403	0.00393	0.00499	0.00395	0.00297	0.03748	0.00878	0.01457	0.01662	0.01786	0.12514	0.00538	0.00308	0.00099	0.00196	0.00434	0.72887	0.00375
24	0.00608	0.00423	0.00550	0.00512	0.00615	0.00394	0.00386	0.00814	0.02869	0.04147	0.79095	0.02880	0.03601	0.00795	0.00464	0.00125	0.00194	0.00701	0.00437	0.00389
25	0.00777	0.00734	0.01240	0.75083	0.12540	0.00888	0.01115	0.01038	0.00806	0.01047	0.00710	0.01048	0.00541	0.00391	0.00396	0.00130	0.00522	0.00352	0.00179	0.00463
26	0.01415	0.06824	0.08511	0.00918	0.01258	0.03057	0.00811	0.68045	0.01688	0.02253	0.00897	0.00916	0.00645	0.00457	0.00385	0.00117	0.00455	0.00340	0.00357	0.00651
27	0.86927	0.00765	0.00590	0.00526	0.00772	0.00883	0.00433	0.01183	0.00685	0.03607	0.00575	0.00660	0.00442	0.00371	0.00249	0.00123	0.00307	0.00219	0.00251	0.00435
28	0.00521	0.00415	0.00462	0.00463	0.00573	0.00373	0.00342	0.00672	0.03986	0.01187	0.20717	0.10274	0.49171	0.05823	0.00560	0.00150	0.00220	0.03365	0.00377	0.00349
29	0.00981	0.00942	0.01609	0.02434	0.83592	0.00942	0.01217	0.01217	0.00903	0.01295	0.00746	0.00981	0.00628	0.00353	0.00393	0.00118	0.00471	0.00353	0.00196	0.00628
30	0.00577	0.00384	0.00432	0.00432	0.00432	0.00384	0.00240	0.00577	0.00577	0.00769	0.01249	0.02595	0.01441	0.86066	0.02018	0.00384	0.00384	0.00577	0.00240	0.00240
31	0.78413	0.00795	0.00647	0.00562	0.00816	0.00910	0.00463	0.08411	0.00795	0.04365	0.00619	0.00693	0.00468	0.00381	0.00264	0.00122	0.00319	0.00233	0.00266	0.00459
32	0.01027	0.00588	0.00650	0.00567	0.00743	0.00608	0.00446	0.10479	0.15168	0.14934	0.05619	0.01475	0.01147	0.00499	0.00342	0.00109	0.00260	0.00404	0.44435	0.00498
33	0.01140	0.74053	0.08112	0.00792	0.01144	0.02633	0.00781	0.03041	0.00890	0.01083	0.00666	0.00793	0.00600	0.00415	0.00333	0.00108	0.02390	0.00257	0.00207	0.00563
34	0.00575	0.00405	0.00531	0.00539	0.00575	0.00434	0.00375	0.00647	0.00629	0.00865	0.01251	0.03734	0.01340	0.44653	0.35399	0.00469	0.00656	0.06384	0.00240	0.00297
35	0.00483	0.00359	0.00451	0.00523	0.00571	0.00327	0.00359	0.00561	0.00793	0.01028	0.02576	0.66697	0.19940	0.01188	0.00499	0.00156	0.00226	0.02569	0.00368	0.00326
36	0.00493	0.00358	0.00466	0.00534	0.00575	0.00330	0.00364	0.00581	0.00820	0.01097	0.13659	0.68274	0.08656	0.01165	0.00498	0.00154	0.00222	0.01049	0.00378	0.00330
37	0.00566	0.00425	0.00637	0.00637	0.00708	0.00496	0.00496	0.00708	0.00637	0.00920	0.01062	0.01558	0.00991	0.02974	0.84494	0.00637	0.01062	0.00425	0.00212	0.00354

[dist]
# distance from previous block
# <min> <max>
0	1

[block]
# block no. 7 follows, 68 sequences, length 19
# corresponding to MSA columns:
# 461-479
name=unknown_H
#
# <colnr> <probs for GDERKNQSTAVLIFYWHMCP>
#	G	D	E	R	K	N	Q	S	T	A	V	L	I	F	Y	W	H	M	C	P
0	0.00951	0.01015	0.05887	0.14881	0.54810	0.04289	0.09978	0.01208	0.00895	0.01234	0.00739	0.00984	0.00599	0.00361	0.00399	0.00121	0.00517	0.00359	0.00192	0.00580
1	0.03229	0.00748	0.01259	0.69245	0.13854	0.00893	0.03115	0.01052	0.00808	0.01080	0.00709	0.01035	0.00541	0.00388	0.00393	0.00130	0.00518	0.00352	0.00181	0.00468
2	0.88866	0.00767	0.00583	0.00521	0.00767	0.00889	0.00429	0.01166	0.00675	0.01779	0.00552	0.00644	0.00429	0.00368	0.00245	0.00123	0.00307	0.00215	0.00245	0.00429
3	0.00822	0.00705	0.00822	0.00587	0.00940	0.00529	0.00470	0.00998	0.00822	0.01292	0.00705	0.00822	0.00587	0.00294	0.00294	0.00059	0.00294	0.00235	0.00235	0.88490
4	0.00797	0.00682	0.00833	0.00608	0.00933	0.00525	0.02732	0.00979	0.00858	0.01324	0.09689	0.01061	0.00930	0.00351	0.00317	0.00068	0.00292	0.00294	0.00256	0.76470
5	0.00571	0.00382	0.00434	0.00439	0.00440	0.00381	0.00247	0.00575	0.00587	0.00782	0.01301	0.07169	0.01506	0.81403	0.01935	0.00372	0.00376	0.00607	0.00247	0.00245
6	0.00986	0.01029	0.06185	0.01250	0.01548	0.01021	0.37577	0.13743	0.11074	0.01450	0.01028	0.01270	0.03388	0.00486	0.00570	0.00139	0.13106	0.03345	0.00261	0.00543
7	0.00867	0.00867	0.01214	0.01041	0.01041	0.01214	0.00867	0.00954	0.00607	0.00954	0.00520	0.00867	0.00520	0.00694	0.01301	0.00173	0.85340	0.00347	0.00173	0.00434
8	0.01755	0.00713	0.00944	0.00724	0.01031	0.00640	0.00598	0.09058	0.01200	0.76650	0.01510	0.01314	0.00954	0.00489	0.00399	0.00122	0.00346	0.00395	0.00482	0.00675
9	0.00839	0.11566	0.67805	0.01157	0.05234	0.00999	0.04587	0.01247	0.00840	0.01221	0.00698	0.00830	0.00512	0.00370	0.00367	0.00121	0.00566	0.00293	0.00170	0.00577
10	0.00597	0.00444	0.00577	0.00561	0.00589	0.00499	0.00390	0.00658	0.00608	0.00847	0.01178	0.02094	0.03054	0.46731	0.31233	0.00449	0.08455	0.00507	0.00227	0.00301
11	0.17287	0.00661	0.00712	0.00595	0.00817	0.00681	0.00480	0.12430	0.05853	0.25752	0.01209	0.01216	0.00863	0.00460	0.00331	0.00113	0.00294	0.00353	0.29367	0.00526
12	0.00526	0.00407	0.00480	0.00475	0.00578	0.00367	0.00351	0.00687	0.02846	0.01323	0.41273	0.13046	0.34343	0.00930	0.00471	0.00133	0.00200	0.00806	0.00401	0.00358
13	0.00657	0.00528	0.00715	0.09076	0.05571	0.01634	0.00601	0.02599	0.03639	0.01218	0.13565	0.20116	0.08696	0.00959	0.02385	0.00163	0.02169	0.24971	0.00340	0.00395
14	0.02498	0.00442	0.00517	0.00488	0.00609	0.00408	0.00369	0.02726	0.02688	0.03124	0.47326	0.04949	0.30682	0.00857	0.00460	0.00129	0.00207	0.00736	0.00407	0.00379
15	0.00603	0.00468	0.00665	0.09842	0.03741	0.00469	0.02385	0.02015	0.00866	0.01155	0.07895	0.35175	0.10878	0.00966	0.00479	0.00151	0.00304	0.17383	0.04190	0.00372
16	0.07060	0.22633	0.03758	0.00874	0.04389	0.09196	0.05489	0.09140	0.07243	0.03949	0.00775	0.00871	0.00623	0.00444	0.02104	0.00113	0.04061	0.00292	0.00244	0.16741
17	0.04059	0.08251	0.01058	0.00854	0.05103	0.15027	0.00647	0.15603	0.05225	0.14080	0.04629	0.01266	0.02547	0.08159	0.03471	0.00158	0.05756	0.00376	0.00306	0.03425
18	0.01015	0.28670	0.14359	0.00986	0.07085	0.12979	0.04931	0.03356	0.08859	0.01157	0.00790	0.00924	0.00650	0.00616	0.07613	0.00154	0.02248	0.00306	0.02780	0.00521

[dist]
# distance from previous block
# <min> <max>
0	36

[block]
# block no. 8 follows, 68 sequences, length 29
# corresponding to MSA columns:
# 516-544
name=unknown_I
#
# <colnr> <probs for GDERKNQSTAVLIFYWHMCP>
#	G	D	E	R	K	N	Q	S	T	A	V	L	I	F	Y	W	H	M	C	P
0	0.00865	0.00818	0.03033	0.03235	0.21050	0.07210	0.03299	0.01072	0.03612	0.03219	0.01094	0.03024	0.01047	0.04594	0.11413	0.00212	0.10133	0.15404	0.00248	0.05416
1	0.01109	0.52529	0.06532	0.02508	0.07776	0.01345	0.00778	0.14918	0.02200	0.02552	0.00684	0.00768	0.00567	0.00370	0.00305	0.00097	0.00433	0.00263	0.00221	0.04045
2	0.00751	0.00446	0.00613	0.00588	0.00656	0.00473	0.00427	0.00839	0.07374	0.07896	0.01029	0.01516	0.00944	0.11307	0.29590	0.33989	0.00590	0.00411	0.00239	0.00322
3	0.00849	0.00982	0.18138	0.00775	0.01023	0.02102	0.00711	0.05237	0.34809	0.01384	0.05519	0.02957	0.07297	0.08431	0.00649	0.07476	0.00376	0.00465	0.00315	0.00506
4	0.00837	0.24608	0.04209	0.02182	0.00935	0.02801	0.08406	0.02796	0.00730	0.00930	0.00827	0.07404	0.00816	0.03244	0.03068	0.33466	0.00433	0.01747	0.00201	0.00361
5	0.00607	0.00461	0.00614	0.00590	0.00697	0.00466	0.03042	0.02809	0.02017	0.03127	0.02142	0.08529	0.26859	0.08803	0.32824	0.00352	0.00583	0.04818	0.00297	0.00363
6	0.03582	0.00888	0.01057	0.00849	0.01107	0.00945	0.05646	0.47632	0.03030	0.10391	0.01246	0.13657	0.01068	0.00605	0.00416	0.00129	0.00394	0.03766	0.03009	0.00585
7	0.14755	0.00960	0.01002	0.00800	0.01089	0.03684	0.00653	0.40396	0.12301	0.18735	0.01093	0.01048	0.00766	0.00469	0.00374	0.00122	0.00389	0.00353	0.00387	0.00624
8	0.00741	0.00551	0.00768	0.11930	0.08847	0.00547	0.01817	0.02345	0.04359	0.08629	0.16543	0.16913	0.21356	0.00786	0.00449	0.00135	0.00304	0.02198	0.00349	0.00434
9	0.03676	0.00806	0.00902	0.00737	0.00991	0.07019	0.00590	0.17822	0.02669	0.44110	0.01418	0.12390	0.01093	0.00578	0.00402	0.00125	0.00365	0.00471	0.03241	0.00595
10	0.00749	0.00705	0.01189	0.85113	0.02731	0.00881	0.01101	0.01013	0.00793	0.01013	0.00705	0.01057	0.00529	0.00396	0.00396	0.00132	0.00529	0.00352	0.00176	0.00440
11	0.00553	0.00405	0.00519	0.00491	0.00588	0.00371	0.00368	0.00733	0.01104	0.01546	0.76666	0.03034	0.10486	0.00827	0.00468	0.00125	0.00188	0.00727	0.00431	0.00371
12	0.00568	0.00427	0.00493	0.00478	0.00594	0.00389	0.00357	0.01958	0.03700	0.02719	0.34062	0.10966	0.37649	0.00905	0.00462	0.00131	0.00207	0.00778	0.02785	0.00370
13	0.65469	0.00869	0.00726	0.00619	0.00877	0.04914	0.00506	0.14066	0.00913	0.06949	0.00681	0.00740	0.00506	0.00395	0.00284	0.00121	0.00349	0.00251	0.00283	0.00485
14	0.59928	0.00834	0.00715	0.00624	0.00869	0.02670	0.00505	0.10524	0.14752	0.01818	0.02961	0.00883	0.00678	0.00422	0.00297	0.00124	0.00328	0.00284	0.00293	0.00490
15	0.01156	0.00560	0.00737	0.00612	0.00812	0.00509	0.00486	0.05173	0.01163	0.38742	0.42546	0.02139	0.02350	0.00650	0.00433	0.00124	0.00267	0.00556	0.00459	0.00524
16	0.01009	0.01020	0.01425	0.17065	0.48603	0.12896	0.03253	0.03575	0.00944	0.01227	0.00791	0.01125	0.00673	0.00407	0.00398	0.00122	0.00516	0.04188	0.00208	0.00556
17	0.00981	0.00942	0.01609	0.02434	0.83592	0.00942	0.01217	0.01217	0.00903	0.01295	0.00746	0.00981	0.00628	0.00353	0.00393	0.00118	0.00471	0.00353	0.00196	0.00628
18	0.01105	0.00996	0.01057	0.01046	0.11996	0.11571	0.02562	0.12546	0.38974	0.03369	0.01295	0.01283	0.03464	0.00486	0.00391	0.00122	0.00402	0.00400	0.03327	0.03609
19	0.00565	0.00399	0.00510	0.00567	0.00607	0.00396	0.00403	0.00677	0.03373	0.01006	0.01844	0.38552	0.02107	0.24821	0.03389	0.00240	0.00329	0.18549	0.01344	0.00320
20	0.00553	0.00406	0.00488	0.00474	0.00581	0.00361	0.00353	0.00698	0.01014	0.03465	0.46151	0.10009	0.32182	0.00907	0.00469	0.00131	0.00199	0.00785	0.00408	0.00363
21	0.00599	0.00418	0.00585	0.00606	0.00672	0.00397	0.04066	0.00716	0.03240	0.05566	0.03242	0.62840	0.04858	0.07327	0.02719	0.00184	0.00289	0.00964	0.00356	0.00356
22	0.00860	0.00544	0.00604	0.00554	0.00696	0.02029	0.00435	0.08704	0.07813	0.07347	0.20577	0.02074	0.04154	0.00621	0.00382	0.00117	0.00256	0.07287	0.34503	0.00442
23	0.00633	0.11786	0.00794	0.00609	0.00704	0.00620	0.00478	0.00750	0.00650	0.00897	0.01025	0.01605	0.01001	0.16177	0.59892	0.00523	0.00867	0.00421	0.00211	0.00356
24	0.00544	0.00405	0.00507	0.00481	0.00582	0.00367	0.00361	0.00716	0.01083	0.01496	0.69036	0.03116	0.18147	0.00846	0.00468	0.00126	0.00190	0.00739	0.00424	0.00367
25	0.02303	0.22181	0.47822	0.00996	0.01460	0.03663	0.04263	0.03868	0.04272	0.03437	0.00736	0.00835	0.00555	0.00384	0.00363	0.00116	0.01696	0.00290	0.00197	0.00564
26	0.04192	0.02128	0.02071	0.09655	0.02382	0.01843	0.03180	0.15290	0.04046	0.03913	0.09021	0.10917	0.13396	0.02093	0.04061	0.00152	0.00371	0.01987	0.06777	0.02525
27	0.00822	0.00816	0.04824	0.03029	0.02408	0.05466	0.07445	0.01092	0.08234	0.01250	0.01111	0.13631	0.02543	0.00507	0.00371	0.00100	0.00363	0.02277	0.01313	0.42396
28	0.02468	0.04592	0.07191	0.03005	0.08947	0.06031	0.00695	0.10801	0.10794	0.08067	0.06549	0.09121	0.07594	0.00617	0.00424	0.01647	0.00377	0.04319	0.01715	0.05047

[dist]
# distance from previous block
# <min> <max>
6	32

[block]
# block no. 9 follows, 68 sequences, length 24
# corresponding to MSA columns:
# 579-602
name=unknown_J
#
# <colnr> <probs for GDERKNQSTAVLIFYWHMCP>
#	G	D	E	R	K	N	Q	S	T	A	V	L	I	F	Y	W	H	M	C	P
0	0.00852	0.00598	0.00702	0.00715	0.00772	0.00562	0.00476	0.00834	0.00871	0.01209	0.04958	0.24406	0.04347	0.33503	0.16039	0.03395	0.00542	0.02538	0.02232	0.00450
1	0.04079	0.05229	0.05535	0.08684	0.09985	0.01929	0.02536	0.04804	0.08076	0.09151	0.05246	0.10342	0.04720	0.02560	0.02505	0.00153	0.07045	0.06633	0.00298	0.00491
2	0.02066	0.11521	0.13895	0.07402	0.11358	0.08246	0.07300	0.10000	0.03711	0.08456	0.02935	0.06034	0.04403	0.00483	0.00388	0.00120	0.00469	0.00407	0.00266	0.00541
3	0.00586	0.00390	0.00510	0.00566	0.01918	0.00362	0.00384	0.00675	0.00825	0.06011	0.11815	0.55454	0.08591	0.08058	0.00615	0.00170	0.00248	0.02101	0.00370	0.00349
4	0.00547	0.00447	0.04079	0.00520	0.00570	0.00386	0.00366	0.00616	0.00714	0.00957	0.06798	0.32645	0.06423	0.38095	0.03069	0.00264	0.00330	0.02567	0.00304	0.00303
5	0.05702	0.01149	0.07274	0.03993	0.17453	0.12839	0.06014	0.23695	0.03150	0.11797	0.00906	0.00983	0.00665	0.00421	0.00384	0.00119	0.00485	0.00344	0.02034	0.00592
6	0.00998	0.00815	0.01075	0.01081	0.13897	0.04813	0.07771	0.21999	0.02033	0.04691	0.02301	0.25246	0.01311	0.00687	0.00464	0.00134	0.03478	0.02559	0.04135	0.00511
7	0.00616	0.00444	0.00591	0.00578	0.00645	0.00493	0.00428	0.03832	0.00694	0.00988	0.01237	0.01862	0.04654	0.22242	0.51460	0.00494	0.02033	0.00471	0.05898	0.00341
8	0.01002	0.02852	0.04398	0.13960	0.48809	0.01954	0.05968	0.10298	0.02275	0.01372	0.00767	0.00983	0.00615	0.00385	0.00417	0.00122	0.02659	0.00355	0.00217	0.00590
9	0.00534	0.00415	0.00488	0.00470	0.00583	0.00373	0.00355	0.00706	0.02834	0.01373	0.47758	0.03304	0.36141	0.00889	0.00468	0.00130	0.00199	0.02211	0.00407	0.00363
10	0.19484	0.10991	0.04288	0.02795	0.01122	0.13209	0.03465	0.12193	0.18422	0.03388	0.00890	0.00943	0.00686	0.00442	0.00390	0.00120	0.04723	0.00317	0.01600	0.00532
11	0.00845	0.05136	0.67800	0.01150	0.01693	0.00957	0.09756	0.04018	0.00881	0.01288	0.00723	0.00857	0.00520	0.00372	0.00380	0.00123	0.00577	0.00309	0.00180	0.02433
12	0.00549	0.00399	0.00484	0.00483	0.00574	0.00361	0.00351	0.00675	0.00950	0.02893	0.36669	0.16668	0.26493	0.07970	0.00603	0.00156	0.00222	0.02763	0.00389	0.00349
13	0.02606	0.00457	0.00542	0.00549	0.00649	0.00443	0.00407	0.04968	0.05422	0.01321	0.24426	0.30394	0.19618	0.00969	0.00473	0.00142	0.00237	0.05610	0.00387	0.00379
