[name]
unknown

[dist]
# distance from previous block
# <min> <max>
0	30

[block]
# block no. 0 follows, 65 sequences, length 7
# corresponding to MSA columns:
# 30-36
name=unknown_A
#
# <colnr> <probs for GDERKNQSTAVLIFYWHMCP>
#	G	D	E	R	K	N	Q	S	T	A	V	L	I	F	Y	W	H	M	C	P
0	0.05260	0.07130	0.08922	0.03470	0.06915	0.05280	0.11454	0.04876	0.09070	0.02910	0.07804	0.04158	0.10817	0.00651	0.02339	0.00143	0.00449	0.05769	0.00296	0.02285
1	0.00800	0.02436	0.04825	0.02464	0.12878	0.02470	0.02347	0.05231	0.04028	0.03763	0.06454	0.23328	0.14550	0.02306	0.00471	0.00136	0.00343	0.00664	0.00323	0.10186
2	0.00765	0.00383	0.00383	0.00383	0.00478	0.00383	0.00287	0.00956	0.00861	0.01530	0.01339	0.01530	0.01052	0.00478	0.00287	0.00096	0.00191	0.00383	0.87853	0.00383
3	0.04678	0.01016	0.01789	0.06490	0.25504	0.03111	0.34722	0.08854	0.01033	0.03674	0.00890	0.04704	0.00725	0.00418	0.00438	0.00132	0.00558	0.00443	0.00242	0.00578
4	0.00811	0.00766	0.01296	0.72350	0.14784	0.00921	0.01158	0.01080	0.00838	0.01092	0.00736	0.01083	0.00563	0.00404	0.00410	0.00135	0.00538	0.00365	0.00185	0.00485
5	0.00765	0.00383	0.00383	0.00383	0.00478	0.00383	0.00287	0.00956	0.00861	0.01530	0.01339	0.01530	0.01052	0.00478	0.00287	0.00096	0.00191	0.00383	0.87853	0.00383
6	0.06005	0.06600	0.01413	0.07920	0.43244	0.06001	0.01004	0.07366	0.03564	0.01391	0.00864	0.02909	0.00749	0.00445	0.00413	0.00123	0.02283	0.03674	0.00238	0.03795

[dist]
# distance from previous block
# <min> <max>
1	6

[block]
# block no. 1 follows, 65 sequences, length 30
# corresponding to MSA columns:
# 46-75
name=unknown_B
#
# <colnr> <probs for GDERKNQSTAVLIFYWHMCP>
#	G	D	E	R	K	N	Q	S	T	A	V	L	I	F	Y	W	H	M	C	P
0	0.04669	0.12600	0.12086	0.01969	0.05220	0.12395	0.04259	0.05123	0.04204	0.06840	0.05349	0.04896	0.00906	0.00496	0.01474	0.00118	0.01638	0.00368	0.00266	0.15124
1	0.04673	0.00723	0.00923	0.00726	0.01019	0.00672	0.00594	0.07399	0.06664	0.63263	0.05238	0.01433	0.01122	0.00520	0.00407	0.00127	0.00342	0.00421	0.03072	0.00663
2	0.00810	0.00676	0.03646	0.00656	0.00844	0.00646	0.02240	0.12167	0.15168	0.02746	0.31007	0.03411	0.19818	0.00748	0.00452	0.00132	0.00283	0.00637	0.03432	0.00481
3	0.00616	0.00415	0.00524	0.00524	0.00618	0.00377	0.00382	0.00758	0.01010	0.05728	0.40752	0.26828	0.15335	0.00970	0.00486	0.00140	0.00217	0.00855	0.03082	0.00382
4	0.00758	0.00715	0.04819	0.00951	0.13440	0.03038	0.01610	0.01729	0.06496	0.02722	0.22069	0.10686	0.14946	0.03386	0.02361	0.00157	0.07396	0.00633	0.01630	0.00457
5	0.01536	0.01091	0.01140	0.00898	0.01203	0.06756	0.00732	0.54831	0.08133	0.15507	0.03227	0.01133	0.00864	0.00505	0.00411	0.00124	0.00438	0.00387	0.00415	0.00671
6	0.00775	0.00730	0.01231	0.84587	0.02827	0.00912	0.01140	0.01049	0.00821	0.01049	0.00730	0.01094	0.00547	0.00410	0.00410	0.00137	0.00547	0.00365	0.00182	0.00456
7	0.05309	0.00996	0.01461	0.05899	0.55733	0.07337	0.03311	0.05228	0.01005	0.01412	0.07614	0.01154	0.00897	0.00418	0.00405	0.00123	0.00481	0.00386	0.00237	0.00595
8	0.00863	0.12475	0.70911	0.01102	0.01666	0.01039	0.01390	0.01317	0.03275	0.01271	0.00744	0.00861	0.00543	0.00390	0.00375	0.00125	0.00577	0.00298	0.00181	0.00598
9	0.00900	0.04841	0.00990	0.03465	0.14441	0.04232	0.00664	0.03335	0.06084	0.06393	0.08863	0.09527	0.03733	0.04785	0.09134	0.01801	0.03946	0.00493	0.00294	0.12081
10	0.00606	0.00423	0.00502	0.00495	0.00505	0.00439	0.00304	0.00632	0.00646	0.00878	0.06841	0.05487	0.01634	0.69422	0.05370	0.00373	0.04296	0.00609	0.00263	0.00275
11	0.00765	0.00383	0.00383	0.00383	0.00478	0.00383	0.00287	0.00956	0.00861	0.01530	0.01339	0.01530	0.01052	0.00478	0.00287	0.00096	0.00191	0.00383	0.87853	0.00383
12	0.07919	0.08622	0.03919	0.01326	0.22421	0.14397	0.05741	0.11333	0.03958	0.11260	0.00923	0.01009	0.01780	0.00421	0.00380	0.00118	0.00491	0.00343	0.00279	0.03360
13	0.06042	0.17498	0.29440	0.02845	0.03541	0.08875	0.07809	0.04292	0.02896	0.06475	0.02028	0.00947	0.01397	0.00406	0.00367	0.00117	0.00524	0.00320	0.00230	0.03951
14	0.00765	0.00383	0.00383	0.00383	0.00478	0.00383	0.00287	0.00956	0.00861	0.01530	0.01339	0.01530	0.01052	0.00478	0.00287	0.00096	0.00191	0.00383	0.87853	0.00383
15	0.00595	0.00404	0.00481	0.00481	0.00492	0.00416	0.00290	0.00618	0.00607	0.00820	0.01263	0.02519	0.01420	0.72759	0.14805	0.00439	0.00507	0.00573	0.00244	0.00267
16	0.00819	0.02987	0.02054	0.07944	0.02325	0.06317	0.03776	0.08386	0.06773	0.02552	0.12565	0.12471	0.22353	0.00754	0.00442	0.00132	0.00343	0.00643	0.05916	0.00451
17	0.00853	0.00783	0.01255	0.35568	0.31213	0.02003	0.01035	0.01092	0.02596	0.01167	0.02815	0.01463	0.00866	0.05995	0.00575	0.02696	0.01467	0.05836	0.00219	0.00502
18	0.00658	0.00447	0.00502	0.00487	0.00511	0.00455	0.00291	0.06121	0.00697	0.00930	0.01317	0.06375	0.01494	0.75892	0.01903	0.00369	0.00394	0.00608	0.00266	0.00283
19	0.00538	0.00420	0.00491	0.00492	0.00606	0.00373	0.00376	0.00682	0.01013	0.01314	0.32628	0.07163	0.42731	0.00986	0.00494	0.00141	0.00221	0.08559	0.00407	0.00364
20	0.02287	0.00830	0.01094	0.35336	0.03112	0.00952	0.00860	0.29817	0.03539	0.01645	0.02099	0.08952	0.00941	0.03070	0.00471	0.00143	0.00456	0.02321	0.01545	0.00530
21	0.43902	0.00647	0.00640	0.00611	0.00782	0.00708	0.02340	0.03685	0.04666	0.03035	0.01314	0.33364	0.01381	0.00743	0.00379	0.00143	0.00301	0.00612	0.00320	0.00427
22	0.01000	0.00959	0.01637	0.08115	0.77546	0.00971	0.01252	0.01245	0.00927	0.01321	0.00769	0.01021	0.00643	0.00369	0.00407	0.00123	0.00492	0.00366	0.00202	0.00637
23	0.00866	0.00929	0.01933	0.01425	0.01750	0.00868	0.60709	0.01143	0.00920	0.01252	0.02855	0.13494	0.01051	0.05716	0.00584	0.00156	0.00586	0.00590	0.00242	0.02930
24	0.00775	0.00730	0.01231	0.84587	0.02827	0.00912	0.01140	0.01049	0.00821	0.01049	0.00730	0.01094	0.00547	0.00410	0.00410	0.00137	0.00547	0.00365	0.00182	0.00456
25	0.00995	0.00954	0.01628	0.09682	0.76016	0.00970	0.01249	0.01241	0.00925	0.01316	0.00768	0.01023	0.00641	0.00370	0.00407	0.00123	0.00493	0.00366	0.00201	0.00633
26	0.01033	0.01028	0.01925	0.03458	0.01803	0.01032	0.52299	0.12425	0.07022	0.02625	0.00990	0.04829	0.00797	0.00458	0.00515	0.00140	0.05060	0.01736	0.00263	0.00562
27	0.00620	0.00445	0.00613	0.00705	0.00785	0.00438	0.00589	0.00781	0.00909	0.01184	0.02246	0.22827	0.04580	0.01166	0.00555	0.00183	0.00342	0.60286	0.00379	0.00367
28	0.05577	0.00727	0.00957	0.06571	0.01151	0.05841	0.09443	0.07601	0.01006	0.01342	0.03968	0.07638	0.07052	0.00841	0.00522	0.00159	0.03391	0.35448	0.00327	0.00437
29	0.05418	0.20361	0.05992	0.00860	0.02833	0.02483	0.00743	0.33265	0.04299	0.07343	0.01031	0.07254	0.00859	0.00523	0.00393	0.00121	0.01862	0.01838	0.01931	0.00593

[dist]
# distance from previous block
# <min> <max>
1	8

[block]
# block no. 2 follows, 65 sequences, length 8
# corresponding to MSA columns:
# 84-91
name=unknown_C
#
# <colnr> <probs for GDERKNQSTAVLIFYWHMCP>
#	G	D	E	R	K	N	Q	S	T	A	V	L	I	F	Y	W	H	M	C	P
0	0.00780	0.02241	0.00953	0.09453	0.23559	0.00673	0.00712	0.05136	0.00974	0.02943	0.06926	0.07754	0.29905	0.00716	0.00457	0.00132	0.01882	0.00616	0.03712	0.00475
1	0.00599	0.00416	0.00526	0.00533	0.00562	0.00437	0.00358	0.00656	0.00642	0.00875	0.01305	0.02524	0.01424	0.54996	0.25833	0.00458	0.00601	0.06711	0.00250	0.00293
2	0.00989	0.00947	0.01617	0.11811	0.73935	0.00968	0.01246	0.01236	0.00922	0.01308	0.00767	0.01025	0.00639	0.00371	0.00407	0.00124	0.00494	0.00366	0.00201	0.00628
3	0.00671	0.00457	0.00582	0.00537	0.00667	0.00410	0.00413	0.00851	0.01108	0.06848	0.59521	0.03034	0.12561	0.00830	0.00475	0.00130	0.00222	0.05258	0.00432	0.04994
4	0.00936	0.00857	0.01101	0.03044	0.26396	0.09401	0.03527	0.05187	0.07289	0.03454	0.04121	0.14760	0.07967	0.00694	0.00451	0.00139	0.00421	0.09429	0.00308	0.00516
5	0.00656	0.00495	0.00692	0.00668	0.00742	0.00576	0.00512	0.05123	0.00719	0.01023	0.01092	0.01685	0.01046	0.13692	0.64594	0.00573	0.05056	0.00453	0.00232	0.00373
6	0.27193	0.04250	0.02720	0.01219	0.22956	0.00875	0.07215	0.03719	0.00887	0.06703	0.00864	0.06619	0.00738	0.00436	0.00356	0.00119	0.00402	0.00367	0.00260	0.12101
7	0.01022	0.26490	0.04718	0.08967	0.17967	0.01113	0.03590	0.01329	0.10483	0.06312	0.00912	0.03694	0.00768	0.02369	0.00456	0.00125	0.05027	0.00363	0.00243	0.04053

[dist]
# distance from previous block
# <min> <max>
1	13

[block]
# block no. 3 follows, 65 sequences, length 9
# corresponding to MSA columns:
# 105-113
name=unknown_D
#
# <colnr> <probs for GDERKNQSTAVLIFYWHMCP>
#	G	D	E	R	K	N	Q	S	T	A	V	L	I	F	Y	W	H	M	C	P
0	0.06851	0.09614	0.04668	0.12953	0.10006	0.07234	0.02054	0.04808	0.10304	0.03719	0.11888	0.03433	0.04868	0.00525	0.00405	0.00123	0.01462	0.00431	0.00289	0.04364
1	0.02431	0.05918	0.11285	0.00985	0.01311	0.01049	0.11540	0.24628	0.16659	0.04834	0.04962	0.01188	0.00921	0.00482	0.00445	0.00127	0.04107	0.00398	0.02551	0.04176
2	0.00949	0.01049	0.07283	0.25811	0.31568	0.11578	0.01070	0.01223	0.04237	0.01211	0.02984	0.07461	0.00859	0.00478	0.00413	0.00129	0.00513	0.00422	0.00225	0.00537
3	0.00648	0.00437	0.00541	0.00508	0.00630	0.00391	0.00383	0.00810	0.01088	0.07675	0.52477	0.06336	0.24768	0.00885	0.00481	0.00133	0.00211	0.00767	0.00434	0.00398
4	0.00571	0.00386	0.00508	0.00573	0.00625	0.00357	0.00399	0.00665	0.00854	0.04605	0.10479	0.66042	0.06726	0.01189	0.00515	0.00161	0.00243	0.04351	0.00393	0.00357
5	0.00568	0.00393	0.00515	0.00563	0.00616	0.00370	0.00396	0.00672	0.00868	0.03093	0.19001	0.49786	0.05006	0.08055	0.03241	0.00193	0.00279	0.05653	0.00383	0.00350
6	0.01168	0.05750	0.00957	0.00667	0.00991	0.00670	0.00546	0.05817	0.03707	0.24442	0.07242	0.01191	0.00992	0.00424	0.00356	0.00092	0.00325	0.00342	0.00344	0.43975
7	0.00556	0.00388	0.00483	0.00542	0.00586	0.00370	0.00377	0.00638	0.00786	0.01053	0.02184	0.43964	0.10494	0.19103	0.00844	0.00212	0.00285	0.11331	0.05479	0.00325
8	0.01362	0.13708	0.01353	0.09033	0.03871	0.05214	0.00805	0.52893	0.01554	0.02032	0.00918	0.03750	0.00716	0.00483	0.00390	0.00120	0.00467	0.00368	0.00337	0.00625

[dist]
# distance from previous block
# <min> <max>
3	10

[block]
# block no. 4 follows, 65 sequences, length 17
# corresponding to MSA columns:
# 125-141
name=unknown_E
#
# <colnr> <probs for GDERKNQSTAVLIFYWHMCP>
#	G	D	E	R	K	N	Q	S	T	A	V	L	I	F	Y	W	H	M	C	P
0	0.03637	0.01171	0.04467	0.00947	0.01280	0.04933	0.02744	0.63066	0.01725	0.10401	0.01009	0.01006	0.00707	0.00481	0.00406	0.00124	0.00463	0.00366	0.00393	0.00675
1	0.09184	0.01083	0.01137	0.00883	0.01194	0.01201	0.00728	0.70830	0.01772	0.02473	0.00965	0.00983	0.00692	0.00482	0.00391	0.00122	0.00428	0.00357	0.04433	0.00661
2	0.00518	0.00387	0.00486	0.00542	0.00600	0.00361	0.00376	0.00625	0.02058	0.01113	0.09644	0.55277	0.18260	0.02965	0.04591	0.00186	0.00275	0.01014	0.00377	0.00345
3	0.00954	0.00541	0.00687	0.00602	0.00771	0.00505	0.00469	0.04981	0.04242	0.22271	0.44946	0.05734	0.08755	0.00765	0.00463	0.00132	0.00256	0.01987	0.00454	0.00486
4	0.00704	0.00445	0.00585	0.00623	0.00711	0.00426	0.00473	0.00873	0.04036	0.08805	0.12632	0.41285	0.02497	0.01056	0.00504	0.00159	0.00276	0.19138	0.04374	0.00399
5	0.00529	0.00380	0.00492	0.00560	0.00595	0.00360	0.00376	0.00633	0.02593	0.01112	0.11710	0.66625	0.02715	0.08468	0.00652	0.00182	0.00249	0.01052	0.00379	0.00339
6	0.01088	0.73853	0.02110	0.00804	0.01141	0.03363	0.06776	0.01234	0.00842	0.00994	0.00590	0.00705	0.00535	0.00369	0.00331	0.00096	0.04220	0.00247	0.00179	0.00524
7	0.00660	0.00557	0.00575	0.00567	0.00694	0.06669	0.00441	0.02151	0.01040	0.02574	0.27319	0.05538	0.35133	0.00936	0.00488	0.00142	0.00278	0.13463	0.00392	0.00385
8	0.00517	0.00381	0.00484	0.00545	0.00599	0.00350	0.00380	0.00615	0.00866	0.01145	0.13973	0.56166	0.15449	0.02617	0.00541	0.00162	0.00235	0.04242	0.00389	0.00343
9	0.07222	0.02811	0.00817	0.00715	0.00871	0.17631	0.00554	0.01196	0.06077	0.09873	0.17485	0.04337	0.08829	0.07311	0.00623	0.00153	0.07073	0.04129	0.01843	0.00450
10	0.04501	0.17693	0.16072	0.03613	0.02582	0.05158	0.09709	0.24155	0.01184	0.03631	0.00912	0.07297	0.00762	0.00479	0.00387	0.00122	0.00497	0.00392	0.00275	0.00576
11	0.00648	0.00508	0.00651	0.00664	0.00762	0.00526	0.02205	0.00982	0.17554	0.01265	0.10774	0.38787	0.05374	0.01218	0.08559	0.00205	0.00356	0.08169	0.00377	0.00417
12	0.00509	0.00364	0.00481	0.00564	0.00593	0.00342	0.00378	0.00585	0.00796	0.01065	0.05894	0.75571	0.04073	0.04268	0.02257	0.00183	0.00259	0.01108	0.00376	0.00334
13	0.00970	0.02260	0.08346	0.10821	0.19238	0.10573	0.09241	0.02950	0.03983	0.05697	0.03186	0.14932	0.03776	0.00580	0.00430	0.00132	0.00480	0.00521	0.01358	0.00524
14	0.03057	0.05791	0.64146	0.01067	0.01578	0.07158	0.01298	0.01274	0.00909	0.01306	0.07950	0.01036	0.00815	0.00430	0.00388	0.00126	0.00565	0.00333	0.00203	0.00570
15	0.00963	0.01089	0.02319	0.01673	0.02051	0.01057	0.74417	0.01286	0.00939	0.01286	0.00805	0.01089	0.00615	0.00379	0.00560	0.00142	0.08107	0.00473	0.00205	0.00544
16	0.00863	0.00769	0.00942	0.12139	0.12739	0.09613	0.02066	0.03140	0.04532	0.04853	0.01547	0.16370	0.10444	0.06468	0.09662	0.00211	0.02318	0.00584	0.00286	0.00456

[dist]
# distance from previous block
# <min> <max>
4	6

[block]
# block no. 5 follows, 65 sequences, length 15
# corresponding to MSA columns:
# 148-162
name=unknown_F
#
# <colnr> <probs for GDERKNQSTAVLIFYWHMCP>
#	G	D	E	R	K	N	Q	S	T	A	V	L	I	F	Y	W	H	M	C	P
0	0.00908	0.00857	0.01374	0.18522	0.45099	0.02741	0.02684	0.01148	0.02706	0.01242	0.03420	0.04408	0.02299	0.00517	0.00493	0.02015	0.04299	0.04492	0.00228	0.00548
1	0.00908	0.00833	0.01307	0.05863	0.01397	0.00868	0.25040	0.01519	0.32747	0.03527	0.08652	0.03607	0.06638	0.00623	0.02096	0.00150	0.00445	0.02895	0.00338	0.00547
2	0.88473	0.00794	0.00603	0.00540	0.00794	0.00921	0.00445	0.01207	0.00699	0.01842	0.00572	0.00667	0.00445	0.00381	0.00254	0.00127	0.00318	0.00222	0.00254	0.00445
3	0.00592	0.00396	0.00449	0.00454	0.00456	0.00394	0.00256	0.00596	0.00607	0.00810	0.01346	0.07182	0.01559	0.80987	0.02004	0.00385	0.00389	0.00628	0.00256	0.00253
4	0.00931	0.06843	0.20919	0.08027	0.09797	0.05057	0.09728	0.03365	0.07146	0.02527	0.01031	0.01205	0.05540	0.00654	0.06043	0.00168	0.09859	0.00391	0.00229	0.00540
5	0.00523	0.00387	0.00489	0.00527	0.00594	0.00353	0.00371	0.00639	0.00932	0.01249	0.28294	0.44864	0.17068	0.01100	0.00504	0.00150	0.00219	0.00979	0.00404	0.00353
6	0.00913	0.24911	0.14555	0.00899	0.06163	0.07377	0.00796	0.01189	0.06515	0.01279	0.21331	0.03025	0.01519	0.00560	0.00435	0.00121	0.04605	0.03027	0.00276	0.00505
7	0.00685	0.00463	0.00578	0.00542	0.00664	0.00432	0.00408	0.00911	0.05919	0.07822	0.54642	0.09095	0.14544	0.00858	0.00478	0.00134	0.00219	0.00750	0.00439	0.00417
8	0.00603	0.00400	0.00511	0.00545	0.00619	0.00368	0.00390	0.00723	0.00922	0.05149	0.22218	0.45152	0.11122	0.01062	0.00493	0.00149	0.00231	0.03529	0.05446	0.00370
9	0.00896	0.00921	0.05265	0.00736	0.00913	0.15987	0.00593	0.01274	0.19416	0.03165	0.14201	0.07285	0.16025	0.02576	0.02348	0.00150	0.04012	0.00571	0.03198	0.00470
10	0.00584	0.00398	0.00440	0.00448	0.00550	0.00362	0.00329	0.00724	0.00932	0.01316	0.17185	0.15566	0.33184	0.00882	0.00435	0.00129	0.00205	0.00753	0.25217	0.00362
11	0.03260	0.21284	0.04590	0.00729	0.03331	0.05117	0.01892	0.03318	0.00868	0.01185	0.12112	0.04535	0.01311	0.09391	0.19238	0.00262	0.00551	0.00441	0.06151	0.00436
12	0.02368	0.18161	0.28492	0.04691	0.05576	0.02932	0.02384	0.03860	0.04231	0.01212	0.00943	0.06862	0.00859	0.08955	0.01693	0.00159	0.02463	0.01699	0.01945	0.00515
13	0.12583	0.13366	0.10030	0.05107	0.07729	0.06861	0.03502	0.15679	0.02876	0.06054	0.00839	0.01002	0.00666	0.03478	0.05087	0.00159	0.02419	0.00331	0.00264	0.01967
14	0.04436	0.12280	0.25550	0.01082	0.06593	0.03646	0.06500	0.15297	0.06273	0.07856	0.00925	0.01061	0.00703	0.00436	0.00384	0.00122	0.00495	0.02537	0.00273	0.03550

[dist]
# distance from previous block
# <min> <max>
17	37

[block]
# block no. 6 follows, 65 sequences, length 11
# corresponding to MSA columns:
# 202-212
name=unknown_G
#
# <colnr> <probs for GDERKNQSTAVLIFYWHMCP>
#	G	D	E	R	K	N	Q	S	T	A	V	L	I	F	Y	W	H	M	C	P
0	0.05437	0.08353	0.03340	0.03391	0.14379	0.11378	0.02912	0.11199	0.03442	0.02595	0.01191	0.03779	0.07826	0.02102	0.00431	0.00122	0.02510	0.00405	0.09803	0.05405
1	0.00537	0.00482	0.03776	0.00510	0.00634	0.00399	0.00402	0.00667	0.00909	0.01167	0.16032	0.10177	0.44896	0.06662	0.08466	0.00206	0.00325	0.03032	0.00360	0.00359
2	0.02620	0.05534	0.07285	0.03416	0.28272	0.08242	0.09440	0.11745	0.11335	0.01478	0.00961	0.02337	0.02084	0.00447	0.00433	0.00126	0.02998	0.00388	0.00260	0.00598
3	0.00599	0.00423	0.00512	0.00506	0.00548	0.00427	0.00328	0.00676	0.02338	0.00956	0.08560	0.07439	0.04687	0.52616	0.15010	0.00379	0.00473	0.00616	0.00278	0.02628
4	0.00914	0.00867	0.01265	0.04966	0.27970	0.02527	0.00936	0.02552	0.06229	0.01234	0.07168	0.03015	0.00956	0.00709	0.04942	0.00174	0.32401	0.00418	0.00235	0.00522
5	0.00672	0.02723	0.02351	0.00644	0.01777	0.02904	0.03670	0.03194	0.06241	0.01259	0.18266	0.17772	0.20916	0.11420	0.01649	0.00179	0.00316	0.03294	0.00357	0.00397
6	0.00533	0.00401	0.00487	0.00499	0.00584	0.00362	0.00358	0.00660	0.00972	0.01295	0.35280	0.24894	0.26055	0.05036	0.00571	0.00154	0.00219	0.00882	0.00403	0.00355
7	0.03434	0.37097	0.09089	0.00951	0.04476	0.15415	0.02329	0.13032	0.04078	0.01370	0.00773	0.00875	0.00635	0.00425	0.00349	0.00112	0.00512	0.00295	0.02224	0.02527
8	0.00642	0.00502	0.01959	0.05191	0.00806	0.00451	0.00463	0.03227	0.00918	0.03442	0.10824	0.31897	0.20934	0.01006	0.02897	0.00154	0.00293	0.02901	0.02861	0.08633
9	0.01214	0.23843	0.21936	0.01041	0.03482	0.29831	0.03431	0.08421	0.01058	0.01224	0.00683	0.00790	0.00547	0.00398	0.00355	0.00110	0.00595	0.00281	0.00210	0.00548
10	0.01235	0.06678	0.05718	0.04513	0.05367	0.02587	0.09284	0.34549	0.06600	0.07428	0.01172	0.04780	0.02482	0.00538	0.00422	0.00130	0.00462	0.05106	0.00341	0.00606

[dist]
# distance from previous block
# <min> <max>
11	17

[block]
# block no. 7 follows, 65 sequences, length 8
# corresponding to MSA columns:
# 230-237
name=unknown_H
#
# <colnr> <probs for GDERKNQSTAVLIFYWHMCP>
#	G	D	E	R	K	N	Q	S	T	A	V	L	I	F	Y	W	H	M	C	P
0	0.03868	0.08944	0.11068	0.01136	0.13550	0.04399	0.07878	0.11011	0.08008	0.02914	0.05988	0.06399	0.03722	0.00556	0.01948	0.00131	0.00454	0.00436	0.00284	0.07306
1	0.03792	0.25815	0.12674	0.00990	0.05568	0.14836	0.02683	0.07126	0.15174	0.04248	0.00878	0.00937	0.00689	0.00430	0.00379	0.00116	0.02522	0.00316	0.00256	0.00572
2	0.00686	0.00494	0.00612	0.00585	0.00636	0.00539	0.00408	0.07224	0.00736	0.01009	0.01213	0.02236	0.01286	0.48740	0.25297	0.00435	0.04015	0.03264	0.00255	0.00331
3	0.04614	0.06477	0.08481	0.03198	0.08957	0.06337	0.09053	0.10413	0.15446	0.07443	0.02827	0.05332	0.04999	0.00541	0.00429	0.00131	0.01881	0.02561	0.00311	0.00567
4	0.04619	0.00739	0.00837	0.00714	0.00936	0.00773	0.00564	0.16961	0.21336	0.18003	0.13578	0.07755	0.05994	0.00644	0.00424	0.00132	0.00316	0.00536	0.04572	0.00570
5	0.00784	0.03673	0.00954	0.16908	0.08614	0.00724	0.02882	0.07888	0.05397	0.01248	0.04117	0.10233	0.10213	0.10034	0.09519	0.00222	0.00475	0.05376	0.00290	0.00447
6	0.05280	0.00849	0.03256	0.01039	0.14120	0.03017	0.02700	0.20460	0.04521	0.08857	0.15547	0.03196	0.05952	0.00717	0.04865	0.00156	0.00419	0.01922	0.02577	0.00552
7	0.00968	0.04867	0.04587	0.02611	0.11888	0.09402	0.04938	0.09829	0.05439	0.05538	0.12496	0.08126	0.14560	0.02356	0.00467	0.00134	0.00404	0.00556	0.00327	0.00507

[dist]
# distance from previous block
# <min> <max>
3	15

[block]
# block no. 8 follows, 65 sequences, length 8
# corresponding to MSA columns:
# 253-260
name=unknown_I
#
# <colnr> <probs for GDERKNQSTAVLIFYWHMCP>
#	G	D	E	R	K	N	Q	S	T	A	V	L	I	F	Y	W	H	M	C	P
0	0.06028	0.10131	0.06444	0.02770	0.10174	0.09299	0.05972	0.18657	0.04923	0.06354	0.02546	0.02780	0.06943	0.02529	0.00432	0.00127	0.00460	0.00405	0.00297	0.02728
1	0.00741	0.02636	0.03038	0.01949	0.03689	0.00623	0.01718	0.04269	0.06077	0.02823	0.09567	0.15398	0.03842	0.07082	0.17475	0.00265	0.04777	0.07352	0.04071	0.02610
2	0.03538	0.01059	0.01036	0.03989	0.01196	0.10011	0.00709	0.26595	0.41372	0.01883	0.01274	0.01238	0.00950	0.00510	0.00402	0.00129	0.00413	0.00401	0.02666	0.00626
3	0.00600	0.00439	0.00540	0.00558	0.00644	0.00421	0.00412	0.04742	0.00957	0.01282	0.20564	0.29607	0.17539	0.05941	0.04062	0.00185	0.00290	0.08298	0.02551	0.00368
4	0.01109	0.16582	0.17367	0.02821	0.09921	0.09065	0.04253	0.09601	0.08101	0.06582	0.02164	0.02892	0.02490	0.00460	0.00404	0.00120	0.02498	0.00364	0.00264	0.02943
5	0.05001	0.30954	0.25042	0.00985	0.03556	0.05592	0.05994	0.06940	0.03734	0.01297	0.03119	0.02291	0.00701	0.00424	0.00378	0.00116	0.02781	0.00320	0.00220	0.00555
6	0.00545	0.00410	0.00496	0.00537	0.00613	0.00378	0.00383	0.02854	0.00902	0.01172	0.11192	0.44244	0.25808	0.03768	0.00556	0.00162	0.00243	0.05001	0.00385	0.00353
7	0.00503	0.00367	0.00467	0.00546	0.00583	0.00338	0.00366	0.00575	0.00795	0.01043	0.02452	0.70843	0.12741	0.05561	0.00599	0.00175	0.00243	0.01100	0.00374	0.00331

[dist]
# distance from previous block
# <min> <max>
5	10

[block]
# block no. 9 follows, 65 sequences, length 23
# corresponding to MSA columns:
# 271-293
name=unknown_J
#
# <colnr> <probs for GDERKNQSTAVLIFYWHMCP>
#	G	D	E	R	K	N	Q	S	T	A	V	L	I	F	Y	W	H	M	C	P
0	0.00890	0.00849	0.01278	0.39543	0.28868	0.05651	0.01053	0.03571	0.00919	0.01208	0.03344	0.09203	0.00893	0.00496	0.00420	0.00132	0.00495	0.00448	0.00225	0.00515
1	0.01519	0.01158	0.01174	0.00928	0.01235	0.08211	0.00755	0.60768	0.10549	0.07880	0.01074	0.01052	0.00766	0.00495	0.00408	0.00124	0.00455	0.00374	0.00401	0.00674
2	0.01411	0.00981	0.01080	0.00868	0.01156	0.01071	0.00703	0.46671	0.21916	0.13391	0.02566	0.04171	0.01001	0.00544	0.00418	0.00129	0.00394	0.00433	0.00425	0.00668
3	0.00917	0.00816	0.02687	0.41471	0.24354	0.00882	0.03807	0.04636	0.00934	0.05134	0.03786	0.02576	0.00800	0.00489	0.01878	0.00141	0.00505	0.01236	0.02422	0.00528
4	0.02779	0.07006	0.52833	0.01150	0.04139	0.02807	0.07709	0.02366	0.02363	0.09362	0.00874	0.00974	0.01601	0.00413	0.00407	0.00128	0.01936	0.00334	0.00222	0.00598
5	0.01086	0.82287	0.05583	0.00722	0.01084	0.01596	0.00737	0.01232	0.00835	0.00980	0.00578	0.00667	0.00526	0.00353	0.00269	0.00090	0.00446	0.00223	0.00175	0.00530
6	0.00528	0.00380	0.00474	0.00534	0.00573	0.00357	0.00359	0.00598	0.00784	0.01028	0.04315	0.51853	0.12711	0.18551	0.00842	0.00211	0.00273	0.04953	0.00355	0.00321
7	0.00720	0.01729	0.00786	0.05668	0.07946	0.00556	0.03360	0.06339	0.02374	0.03937	0.06150	0.41618	0.11881	0.02385	0.00532	0.02098	0.00315	0.00836	0.00349	0.00420
8	0.06389	0.07880	0.07907	0.00994	0.05012	0.13642	0.05600	0.11259	0.24377	0.02951	0.01105	0.01154	0.02613	0.00543	0.02139	0.01361	0.02609	0.00374	0.01518	0.00571
9	0.00614	0.00430	0.00509	0.00505	0.00608	0.00392	0.00372	0.00728	0.00918	0.05676	0.18552	0.09472	0.34805	0.14357	0.04265	0.00205	0.00295	0.06562	0.00374	0.00361
10	0.00653	0.00443	0.00512	0.00493	0.00626	0.00388	0.00373	0.00778	0.00983	0.09238	0.20172	0.07222	0.46451	0.05340	0.00567	0.00153	0.00238	0.04584	0.00401	0.00385
11	0.00751	0.01470	0.00919	0.11244	0.12971	0.00712	0.01804	0.01096	0.15085	0.01246	0.08896	0.03408	0.14021	0.04842	0.15771	0.00244	0.02960	0.01795	0.00298	0.00468
12	0.00993	0.07039	0.13403	0.16961	0.07538	0.09468	0.09981	0.02761	0.17765	0.02099	0.00938	0.01093	0.00726	0.00535	0.03454	0.00149	0.03926	0.00373	0.00245	0.00553
13	0.01069	0.08676	0.17505	0.05022	0.05935	0.10021	0.14787	0.06250	0.00945	0.05719	0.00759	0.00951	0.00599	0.00512	0.02141	0.00144	0.17846	0.00353	0.00221	0.00546
14	0.00613	0.00464	0.02436	0.00589	0.00680	0.00412	0.00441	0.02294	0.02985	0.04451	0.11321	0.49102	0.14784	0.01103	0.00504	0.00156	0.00258	0.06636	0.00390	0.00380
15	0.00518	0.00405	0.00445	0.00454	0.00562	0.00354	0.00330	0.00624	0.00925	0.01172	0.14696	0.15241	0.53289	0.04002	0.00560	0.01735	0.00219	0.00857	0.03267	0.00345
16	0.00839	0.00825	0.04399	0.01615	0.43205	0.03651	0.00902	0.01045	0.02463	0.01233	0.03737	0.18394	0.05644	0.04909	0.02408	0.00160	0.00430	0.03356	0.00268	0.00519
17	0.03865	0.04448	0.01493	0.20113	0.25282	0.05255	0.13173	0.06031	0.04130	0.01327	0.03289	0.04124	0.00797	0.00454	0.00457	0.00131	0.04441	0.00411	0.00234	0.00546
18	0.00763	0.00542	0.00675	0.00627	0.00731	0.00574	0.01765	0.02378	0.12549	0.06747	0.06934	0.04217	0.08787	0.28923	0.16128	0.00320	0.03423	0.03196	0.00318	0.00402
19	0.03315	0.00684	0.00894	0.00715	0.00988	0.00638	0.00583	0.05644	0.05019	0.59850	0.04336	0.01453	0.01102	0.00774	0.08736	0.00179	0.00416	0.00422	0.03614	0.00636
20	0.00778	0.00687	0.04053	0.00859	0.07459	0.03756	0.05667	0.05096	0.01781	0.04095	0.11420	0.11238	0.11304	0.06107	0.19210	0.00267	0.01920	0.00595	0.03268	0.00438
21	0.01019	0.04534	0.10546	0.06099	0.08588	0.02275	0.31277	0.10307	0.02422	0.05763	0.04006	0.05482	0.03628	0.00480	0.00453	0.00133	0.01691	0.00472	0.00266	0.00560
22	0.08998	0.03691	0.16854	0.03823	0.07553	0.11048	0.03689	0.01133	0.02399	0.01189	0.01017	0.11247	0.03815	0.02570	0.02475	0.00158	0.17177	0.00450	0.00231	0.00484

[dist]
# distance from previous block
# <min> <max>
0	1

[block]
# block no. 10 follows, 65 sequences, length 36
# corresponding to MSA columns:
# 295,299-333
name=unknown_K
#
# <colnr> <probs for GDERKNQSTAVLIFYWHMCP>
#	G	D	E	R	K	N	Q	S	T	A	V	L	I	F	Y	W	H	M	C	P
0	0.30010	0.09197	0.02050	0.02686	0.17314	0.17072	0.07324	0.05723	0.00951	0.03199	0.00693	0.00827	0.00552	0.00390	0.00342	0.00119	0.00490	0.00295	0.00236	0.00529
1	0.00849	0.00545	0.00638	0.00583	0.00698	0.02347	0.01527	0.06635	0.02075	0.05998	0.03675	0.01683	0.02149	0.10129	0.16611	0.00248	0.04513	0.01375	0.37306	0.00416
2	0.15316	0.02906	0.06914	0.01630	0.34421	0.05837	0.13448	0.01364	0.09444	0.01422	0.00913	0.01067	0.02720	0.00407	0.00390	0.00126	0.00489	0.00370	0.00237	0.00578
3	0.03539	0.00736	0.00900	0.00750	0.00994	0.00746	0.02173	0.08696	0.23201	0.31816	0.15976	0.01798	0.01590	0.01986	0.00456	0.00137	0.00332	0.03126	0.00444	0.00603
4	0.00498	0.00405	0.00441	0.00456	0.00568	0.00348	0.00333	0.00606	0.00931	0.01155	0.12177	0.19256	0.59266	0.01065	0.00492	0.00143	0.00212	0.00910	0.00389	0.00348
5	0.00745	0.00522	0.00627	0.00669	0.00743	0.00468	0.00462	0.00793	0.00966	0.04003	0.11441	0.50762	0.13697	0.07186	0.00692	0.00205	0.00313	0.04828	0.00438	0.00441
6	0.00680	0.00549	0.06465	0.00746	0.06272	0.00485	0.00538	0.00700	0.00646	0.00898	0.00998	0.08620	0.01006	0.07253	0.24367	0.38208	0.00583	0.00462	0.00213	0.00311
7	0.63936	0.00789	0.00681	0.00577	0.00844	0.00865	0.00472	0.07386	0.00835	0.04432	0.00696	0.00781	0.00533	0.00389	0.00279	0.00117	0.00321	0.00251	0.04792	0.11022
8	0.01006	0.07493	0.01265	0.00993	0.01071	0.06548	0.00823	0.09931	0.00822	0.01154	0.00645	0.00983	0.00612	0.04944	0.02742	0.00182	0.57745	0.00357	0.00211	0.00473
9	0.01492	0.01139	0.01176	0.00921	0.01229	0.04908	0.00753	0.69514	0.07505	0.02416	0.01031	0.01033	0.00743	0.00494	0.00405	0.00123	0.00446	0.00372	0.03628	0.00673
10	0.00653	0.00468	0.00649	0.00737	0.00828	0.00468	0.00633	0.00847	0.02051	0.01235	0.04555	0.10214	0.02417	0.01128	0.00559	0.00185	0.00362	0.71252	0.00381	0.00379
11	0.01136	0.00981	0.00990	0.00865	0.01112	0.05340	0.00679	0.15255	0.64841	0.01824	0.01504	0.01401	0.01124	0.00539	0.00414	0.00135	0.00367	0.00438	0.00406	0.00649
12	0.00890	0.00828	0.01387	0.33627	0.35801	0.00898	0.05237	0.04089	0.00900	0.01223	0.00866	0.04726	0.00757	0.06416	0.00535	0.00150	0.00503	0.00422	0.00214	0.00531
13	0.00518	0.00376	0.00493	0.00577	0.00619	0.00350	0.00405	0.00607	0.00824	0.01086	0.04381	0.68293	0.09131	0.01239	0.00524	0.00166	0.00249	0.09437	0.00382	0.00340
14	0.01816	0.00740	0.00978	0.00750	0.01068	0.00665	0.00619	0.09280	0.01244	0.75920	0.01561	0.01360	0.00987	0.00507	0.00413	0.00127	0.00359	0.00409	0.00499	0.00699
15	0.02813	0.34591	0.11489	0.00800	0.01110	0.12942	0.00756	0.06894	0.08394	0.01291	0.09687	0.01234	0.05452	0.00485	0.00354	0.00111	0.00452	0.00360	0.00261	0.00526
16	0.01925	0.13690	0.45701	0.01187	0.05046	0.03209	0.12021	0.05417	0.00947	0.01330	0.04000	0.00964	0.00683	0.00406	0.00402	0.00124	0.01825	0.00338	0.00205	0.00578
17	0.00603	0.00485	0.00524	0.00493	0.00638	0.00446	0.00375	0.06390	0.03978	0.01365	0.22987	0.03440	0.54922	0.00935	0.00477	0.00135	0.00226	0.00787	0.00402	0.00392
18	0.00528	0.00408	0.00487	0.00527	0.00620	0.00367	0.00396	0.00645	0.00916	0.01166	0.11556	0.28351	0.37678	0.01107	0.00510	0.00154	0.00243	0.13600	0.00388	0.00352
19	0.06632	0.00974	0.01107	0.00917	0.04827	0.02725	0.00717	0.41664	0.04338	0.30083	0.01186	0.01123	0.00806	0.00487	0.00402	0.00125	0.00412	0.00377	0.00422	0.00675
20	0.00748	0.06441	0.00728	0.00674	0.00763	0.13998	0.00490	0.03146	0.00890	0.01093	0.01831	0.59476	0.02119	0.01044	0.00476	0.00150	0.00344	0.03688	0.01519	0.00382
21	0.00749	0.00608	0.00688	0.00641	0.00795	0.00643	0.00488	0.01329	0.34810	0.01588	0.36590	0.06766	0.11114	0.00766	0.00459	0.00136	0.00252	0.00662	0.00427	0.00489
22	0.00580	0.00416	0.00512	0.00488	0.00592	0.00380	0.00366	0.00758	0.01097	0.01543	0.62306	0.03092	0.17374	0.00844	0.00468	0.00128	0.00196	0.00734	0.07749	0.00380
23	0.00947	0.00900	0.01495	0.17403	0.60838	0.00936	0.01167	0.01230	0.04496	0.01293	0.00962	0.01190	0.04502	0.00414	0.00411	0.00126	0.00478	0.00393	0.00217	0.00600
24	0.88473	0.00794	0.00603	0.00540	0.00794	0.00921	0.00445	0.01207	0.00699	0.01842	0.00572	0.00667	0.00445	0.00381	0.00254	0.00127	0.00318	0.00222	0.00254	0.00445
25	0.00800	0.00755	0.01275	0.76258	0.10965	0.00918	0.01152	0.01070	0.00832	0.01078	0.00734	0.01086	0.00558	0.00406	0.00410	0.00135	0.00541	0.00365	0.00185	0.00476
26	0.76749	0.00800	0.00662	0.00575	0.00838	0.00906	0.00473	0.04676	0.00795	0.09447	0.00686	0.00748	0.00508	0.00398	0.00275	0.00127	0.00326	0.00246	0.00284	0.00479
27	0.01357	0.03199	0.10312	0.00863	0.01189	0.01001	0.00772	0.44838	0.01493	0.15664	0.02767	0.02453	0.06600	0.00643	0.03939	0.00148	0.00453	0.00420	0.00383	0.01507
28	0.00937	0.03571	0.25688	0.02253	0.01499	0.06214	0.20501	0.08661	0.03691	0.02211	0.05344	0.07941	0.06507	0.00542	0.00457	0.00134	0.02563	0.00486	0.00262	0.00538
29	0.00504	0.00415	0.00445	0.00454	0.00578	0.00356	0.00342	0.00619	0.00947	0.01162	0.11409	0.09621	0.65543	0.01043	0.00492	0.00142	0.00217	0.04971	0.00388	0.00351
30	0.09954	0.00845	0.00947	0.00779	0.01007	0.07999	0.00630	0.06745	0.01003	0.32949	0.01091	0.01163	0.00799	0.02202	0.08637	0.00183	0.12985	0.00361	0.01442	0.08279
31	0.01811	0.05047	0.05582	0.13764	0.13501	0.10723	0.03958	0.13631	0.13163	0.03902	0.01006	0.04064	0.00827	0.04862	0.00498	0.00140	0.01254	0.00402	0.00280	0.01585
32	0.01160	0.03114	0.05993	0.02042	0.11271	0.03947	0.03936	0.16071	0.06930	0.16351	0.01257	0.08660	0.01084	0.08286	0.02847	0.00171	0.02140	0.03840	0.00336	0.00563
33	0.00564	0.00422	0.00516	0.00557	0.00628	0.00400	0.00391	0.03344	0.03721	0.01199	0.12007	0.51776	0.17603	0.03282	0.00545	0.00161	0.00243	0.01888	0.00388	0.00364
34	0.01185	0.27107	0.03010	0.03625	0.01175	0.18412	0.03514	0.05360	0.12117	0.08813	0.01841	0.08825	0.00921	0.00516	0.00387	0.00117	0.01855	0.00399	0.00282	0.00537
35	0.01210	0.39063	0.01536	0.00812	0.01102	0.21080	0.00702	0.10067	0.05239	0.02419	0.00808	0.01019	0.00706	0.02105	0.00369	0.00108	0.00492	0.04234	0.00243	0.06685

[dist]
# distance from previous block
# <min> <max>
0	41

[block]
# block no. 11 follows, 65 sequences, length 20
# corresponding to MSA columns:
# 377-396
name=unknown_L
#
# <colnr> <probs for GDERKNQSTAVLIFYWHMCP>
#	G	D	E	R	K	N	Q	S	T	A	V	L	I	F	Y	W	H	M	C	P
0	0.02711	0.01061	0.00810	0.00766	0.02443	0.32772	0.00570	0.01088	0.01045	0.01189	0.16890	0.02228	0.25924	0.00708	0.00470	0.00125	0.04194	0.02186	0.00310	0.02509
1	0.00572	0.00450	0.00578	0.00645	0.04655	0.00417	0.01850	0.02181	0.00885	0.01140	0.06305	0.34910	0.29457	0.06923	0.00612	0.00170	0.00272	0.07250	0.00364	0.00364
2	0.00716	0.00625	0.00831	0.04713	0.00893	0.03546	0.00610	0.00824	0.00664	0.00940	0.00946	0.01558	0.00937	0.17453	0.39062	0.00434	0.24222	0.00437	0.00212	0.00376
3	0.00897	0.00728	0.00856	0.00614	0.00976	0.00550	0.00492	0.01078	0.00866	0.05093	0.00770	0.00876	0.00627	0.00313	0.00309	0.00064	0.00306	0.00251	0.00255	0.84079
4	0.02439	0.00384	0.00502	0.00583	0.00622	0.00366	0.00404	0.00635	0.00795	0.02502	0.02162	0.71351	0.02549	0.05217	0.00594	0.00178	0.00261	0.07741	0.00374	0.00342
5	0.00854	0.00794	0.01309	0.52865	0.20188	0.00914	0.04169	0.01189	0.07196	0.01198	0.00845	0.01132	0.00652	0.00413	0.00407	0.00132	0.00506	0.00378	0.04346	0.00514
6	0.01085	0.71040	0.12393	0.00779	0.01156	0.05646	0.00810	0.01259	0.00855	0.01010	0.00595	0.00689	0.00526	0.00360	0.00285	0.00094	0.00475	0.00232	0.00177	0.00534
7	0.00584	0.00426	0.00509	0.00503	0.00610	0.00387	0.00371	0.00753	0.03116	0.03338	0.37996	0.16820	0.28632	0.00951	0.00482	0.00138	0.00213	0.00826	0.02965	0.00380
8	0.00604	0.00430	0.00538	0.00581	0.00626	0.00426	0.00393	0.06831	0.00833	0.01115	0.01928	0.59414	0.02251	0.17064	0.04747	0.00230	0.00325	0.00965	0.00351	0.00347
9	0.00769	0.07637	0.05535	0.00849	0.03411	0.05300	0.09794	0.05244	0.00878	0.01147	0.01506	0.35726	0.02456	0.09207	0.07247	0.00209	0.00459	0.01909	0.00294	0.00422
10	0.07250	0.02553	0.01054	0.00823	0.01105	0.03110	0.00670	0.41990	0.09170	0.17463	0.03891	0.01235	0.00933	0.03838	0.02913	0.00151	0.00427	0.00395	0.00399	0.00630
11	0.00823	0.02123	0.83447	0.01170	0.01777	0.00953	0.01517	0.01300	0.00867	0.01300	0.00737	0.00867	0.00520	0.00390	0.00390	0.00130	0.00607	0.00303	0.00173	0.00607
12	0.00539	0.00433	0.00483	0.00479	0.00599	0.00388	0.00356	0.00714	0.04714	0.01286	0.26553	0.11264	0.48759	0.00983	0.00485	0.00139	0.00212	0.00841	0.00403	0.00371
13	0.01024	0.38214	0.17374	0.03440	0.09233	0.05422	0.00896	0.04666	0.00928	0.03545	0.03298	0.03117	0.03032	0.00538	0.03549	0.00131	0.00499	0.00334	0.00220	0.00542
14	0.01499	0.00862	0.05194	0.00917	0.06332	0.03914	0.02017	0.06483	0.05731	0.49581	0.01461	0.01482	0.02666	0.00620	0.03279	0.00149	0.02944	0.03813	0.00417	0.00638
15	0.00585	0.00431	0.00622	0.00623	0.00686	0.00488	0.00469	0.00713	0.00679	0.00968	0.05071	0.03819	0.01264	0.13767	0.67200	0.00588	0.00943	0.00492	0.00239	0.00351
16	0.00872	0.00527	0.00602	0.00554	0.00689	0.00530	0.00422	0.12568	0.01031	0.08059	0.06908	0.12795	0.09042	0.05790	0.05326	0.00169	0.00317	0.01960	0.31403	0.00435
17	0.00975	0.07905	0.10601	0.02521	0.14642	0.06208	0.05923	0.05092	0.02529	0.05928	0.04376	0.04121	0.06763	0.02625	0.05769	0.00172	0.12632	0.00439	0.00257	0.00522
18	0.00614	0.00470	0.00581	0.00593	0.00689	0.01417	0.02499	0.04197	0.01914	0.02624	0.08951	0.41717	0.23392	0.02995	0.00538	0.00159	0.00269	0.05625	0.00381	0.00375
19	0.01137	0.00906	0.02625	0.04518	0.14945	0.03714	0.05792	0.16296	0.10009	0.12393	0.05823	0.05980	0.04060	0.02075	0.00528	0.00139	0.06707	0.01439	0.00336	0.00577

[dist]
# distance from previous block
# <min> <max>
0	3

[block]
# block no. 12 follows, 65 sequences, length 7
# corresponding to MSA columns:
# 400-406
name=unknown_M
#
# <colnr> <probs for GDERKNQSTAVLIFYWHMCP>
#	G	D	E	R	K	N	Q	S	T	A	V	L	I	F	Y	W	H	M	C	P
0	0.16891	0.17753	0.15418	0.01044	0.07181	0.16288	0.05977	0.05296	0.06131	0.01365	0.00731	0.00842	0.00581	0.00406	0.00370	0.00118	0.02543	0.00296	0.00227	0.00541
1	0.00578	0.00466	0.00576	0.00693	0.04790	0.03953	0.00453	0.00667	0.00816	0.01065	0.02155	0.68209	0.06004	0.01255	0.03660	0.00180	0.00308	0.03455	0.00359	0.00359
2	0.08219	0.20658	0.12797	0.00980	0.04302	0.10522	0.07495	0.07484	0.08553	0.05557	0.02462	0.04004	0.00820	0.00473	0.00391	0.00122	0.02135	0.02212	0.00264	0.00551
3	0.02223	0.02399	0.07841	0.06546	0.16419	0.04422	0.15863	0.10670	0.02400	0.04008	0.03341	0.05306	0.08480	0.00517	0.00451	0.00128	0.02886	0.00465	0.00272	0.05363
4	0.00625	0.00441	0.00586	0.00590	0.00650	0.00454	0.00418	0.00715	0.00731	0.03654	0.04872	0.28798	0.01760	0.21680	0.24641	0.00354	0.03549	0.00711	0.00297	0.04475
5	0.00779	0.00715	0.06833	0.02324	0.04542	0.03169	0.01868	0.04593	0.07374	0.04748	0.14322	0.30175	0.07035	0.00831	0.00472	0.00139	0.01817	0.00726	0.02957	0.04581
6	0.00688	0.00565	0.00701	0.00654	0.00753	0.03157	0.01951	0.04507	0.00913	0.01240	0.21221	0.10558	0.11201	0.09817	0.16291	0.00264	0.08386	0.03922	0.00325	0.02887

[dist]
# distance from previous block
# <min> <max>
2	24

[block]
# block no. 13 follows, 65 sequences, length 24
# corresponding to MSA columns:
# 437-460
name=unknown_N
#
# <colnr> <probs for GDERKNQSTAVLIFYWHMCP>
#	G	D	E	R	K	N	Q	S	T	A	V	L	I	F	Y	W	H	M	C	P
0	0.01012	0.03322	0.07326	0.02029	0.12689	0.14181	0.00737	0.09259	0.05051	0.05039	0.09031	0.05268	0.13812	0.00599	0.00422	0.00122	0.01363	0.00490	0.03913	0.04335
1	0.03213	0.06024	0.02147	0.03185	0.11841	0.10528	0.07198	0.10859	0.01841	0.03731	0.09797	0.05527	0.06110	0.00619	0.03419	0.00135	0.00456	0.00449	0.00291	0.12630
2	0.06886	0.02720	0.09098	0.02929	0.15245	0.08593	0.11639	0.08825	0.04198	0.03554	0.05699	0.01268	0.06008	0.00457	0.00397	0.00118	0.00469	0.00397	0.00270	0.11228
3	0.05410	0.03670	0.01184	0.06672	0.15008	0.02705	0.03888	0.25306	0.07159	0.03442	0.11197	0.01375	0.02686	0.00502	0.00405	0.00122	0.00412	0.01494	0.00327	0.07036
4	0.00907	0.00832	0.01205	0.11021	0.37546	0.04152	0.00920	0.04203	0.06853	0.01334	0.06603	0.09127	0.02906	0.02649	0.01681	0.00144	0.00439	0.03382	0.00270	0.03825
5	0.00803	0.00652	0.00701	0.04474	0.00885	0.07910	0.00533	0.08776	0.01039	0.04687	0.10533	0.25532	0.15909	0.00919	0.00478	0.00145	0.00335	0.12246	0.00368	0.03075
6	0.01037	0.00895	0.00910	0.04625	0.06786	0.14024	0.00641	0.08378	0.15111	0.08401	0.16411	0.05991	0.10310	0.00636	0.00428	0.00126	0.00384	0.00529	0.00360	0.04017
7	0.00984	0.00966	0.01573	0.20239	0.59902	0.04377	0.03550	0.01231	0.00920	0.01263	0.00759	0.01024	0.00622	0.00377	0.00408	0.00125	0.00517	0.00365	0.00199	0.00598
8	0.01482	0.01700	0.01255	0.01079	0.01324	0.62551	0.08109	0.05561	0.04885	0.07097	0.00788	0.00869	0.00614	0.00432	0.00388	0.00113	0.00675	0.00309	0.00252	0.00518
9	0.00792	0.00645	0.00960	0.01239	0.24437	0.00639	0.00791	0.04815	0.00962	0.01305	0.01661	0.14718	0.01761	0.00866	0.00495	0.00158	0.00390	0.38589	0.00324	0.04454
10	0.01092	0.00917	0.00968	0.00850	0.01095	0.01054	0.00667	0.12707	0.71629	0.01832	0.01580	0.01459	0.01180	0.00548	0.00417	0.00137	0.00342	0.00452	0.00417	0.00656
11	0.00521	0.00422	0.00466	0.00467	0.00593	0.00366	0.00359	0.00652	0.00986	0.01236	0.21034	0.03818	0.58705	0.01004	0.00492	0.00141	0.00220	0.07765	0.00396	0.00358
12	0.04417	0.14419	0.03361	0.14834	0.05387	0.36688	0.02863	0.09574	0.01085	0.01228	0.00686	0.00837	0.00554	0.00415	0.00383	0.00114	0.02123	0.00296	0.00221	0.00515
13	0.03900	0.21284	0.45939	0.01047	0.01522	0.01071	0.09092	0.01283	0.00875	0.05245	0.00814	0.04702	0.00653	0.00423	0.00372	0.00122	0.00537	0.00344	0.00206	0.00569
14	0.00569	0.00424	0.00517	0.00561	0.00637	0.00399	0.00406	0.04303	0.00902	0.01170	0.06501	0.45649	0.22432	0.04620	0.00576	0.00168	0.00259	0.09169	0.00380	0.00357
15	0.01091	0.00681	0.00804	0.00699	0.00906	0.00696	0.00547	0.06628	0.27383	0.22121	0.21534	0.07669	0.06095	0.00684	0.00443	0.00135	0.00295	0.00582	0.00444	0.00564
16	0.03101	0.00849	0.02811	0.29723	0.07668	0.03790	0.00876	0.11614	0.12566	0.04867	0.01106	0.06782	0.00941	0.00587	0.00494	0.03315	0.03086	0.05016	0.00287	0.00520
17	0.02823	0.10179	0.12985	0.03624	0.15514	0.18494	0.21102	0.03491	0.00995	0.02686	0.00799	0.01057	0.00651	0.00410	0.00404	0.00123	0.00594	0.03298	0.00217	0.00553
18	0.00586	0.00440	0.00660	0.00660	0.00733	0.00513	0.00513	0.00733	0.00660	0.00953	0.01100	0.01613	0.01026	0.03079	0.83947	0.00660	0.01100	0.00440	0.00220	0.00367
19	0.00590	0.00397	0.00460	0.00466	0.00471	0.00400	0.00270	0.00602	0.00612	0.00820	0.01345	0.07860	0.01546	0.76097	0.06102	0.00396	0.00423	0.00625	0.00256	0.00260
20	0.01152	0.33340	0.07479	0.07525	0.10233	0.13367	0.08090	0.07507	0.03079	0.03564	0.00739	0.00866	0.00596	0.00391	0.00354	0.00110	0.00526	0.00306	0.00221	0.00556
21	0.04505	0.22751	0.01427	0.03998	0.01243	0.12034	0.08894	0.09080	0.16888	0.03492	0.04031	0.01295	0.00944	0.00496	0.00402	0.00123	0.02175	0.05389	0.00288	0.00546
22	0.00516	0.00400	0.00462	0.00479	0.00576	0.00352	0.00346	0.00619	0.00928	0.01185	0.19132	0.24020	0.44134	0.01076	0.00536	0.03390	0.00218	0.00898	0.00388	0.00345
23	0.06253	0.29210	0.49576	0.00996	0.01493	0.01172	0.03566	0.01272	0.00849	0.01225	0.00675	0.00794	0.00521	0.00376	0.00343	0.00116	0.00537	0.00277	0.00180	0.00569

[dist]
# distance from previous block
# <min> <max>
0	1

[block]
# block no. 14 follows, 65 sequences, length 22
# corresponding to MSA columns:
# 462-483
