[name]
unknown

[dist]
# distance from previous block
# <min> <max>
14	127

[block]
# block no. 0 follows, 73 sequences, length 15
# corresponding to MSA columns:
# 170-184
name=unknown_A
#
# <colnr> <probs for GDERKNQSTAVLIFYWHMCP>
#	G	D	E	R	K	N	Q	S	T	A	V	L	I	F	Y	W	H	M	C	P
0	0.03536	0.05332	0.03998	0.05463	0.08645	0.12092	0.05617	0.20095	0.08484	0.06641	0.03920	0.03806	0.03103	0.02178	0.00400	0.00118	0.00425	0.01842	0.00286	0.04018
1	0.05617	0.02179	0.02456	0.02411	0.08650	0.11593	0.05013	0.14278	0.07462	0.08501	0.03981	0.03326	0.06696	0.00534	0.02227	0.00124	0.06142	0.00384	0.00283	0.08145
2	0.08205	0.04122	0.00939	0.03611	0.09562	0.04927	0.03211	0.14284	0.09293	0.02587	0.04194	0.06839	0.10524	0.02864	0.00457	0.00127	0.04263	0.04624	0.00290	0.05079
3	0.07092	0.00883	0.01027	0.04861	0.22482	0.10927	0.00730	0.09328	0.08570	0.08885	0.04069	0.02270	0.03729	0.00482	0.02095	0.00119	0.01908	0.00355	0.00271	0.09919
4	0.04366	0.02092	0.05259	0.06806	0.09272	0.06719	0.00654	0.08384	0.13739	0.05154	0.04597	0.05129	0.09448	0.01835	0.01976	0.00124	0.00372	0.01647	0.00286	0.12143
5	0.07149	0.00934	0.06775	0.00929	0.07644	0.08293	0.09232	0.13083	0.09106	0.06602	0.06228	0.02888	0.06162	0.02181	0.00418	0.00117	0.02219	0.00393	0.00284	0.09363
6	0.03341	0.08550	0.04528	0.03372	0.19031	0.02630	0.06876	0.06114	0.03543	0.06104	0.05254	0.10561	0.06404	0.00510	0.00388	0.00112	0.02113	0.00443	0.00261	0.09863
7	0.16109	0.02613	0.03958	0.04465	0.04183	0.12517	0.08116	0.17162	0.02031	0.06710	0.01949	0.07205	0.02091	0.00468	0.00369	0.00114	0.01891	0.01834	0.00272	0.05942
8	0.06773	0.00884	0.02167	0.02425	0.06863	0.11795	0.03108	0.09971	0.12430	0.06407	0.08403	0.01247	0.04294	0.00456	0.00375	0.00105	0.02357	0.01491	0.00289	0.18160
9	0.03493	0.00881	0.01184	0.24896	0.32646	0.12073	0.02039	0.01090	0.03070	0.01092	0.00831	0.09944	0.00757	0.00459	0.00411	0.00120	0.03931	0.00399	0.00204	0.00479
10	0.06942	0.00546	0.00586	0.00547	0.00688	0.02800	0.00419	0.06888	0.09355	0.06665	0.19103	0.13694	0.23355	0.02911	0.00454	0.00133	0.00257	0.03895	0.00359	0.00403
11	0.66242	0.00751	0.00617	0.00558	0.00762	0.05211	0.00449	0.01133	0.05316	0.03235	0.02636	0.04242	0.00642	0.00505	0.03401	0.00137	0.03221	0.00279	0.00249	0.00415
12	0.10839	0.00671	0.00741	0.00596	0.00849	0.04948	0.00469	0.01185	0.00852	0.25676	0.01088	0.12852	0.00926	0.01888	0.00360	0.00101	0.00305	0.00389	0.00310	0.34955
13	0.00866	0.00961	0.02020	0.10928	0.06300	0.00940	0.66879	0.01162	0.00858	0.01166	0.00737	0.01000	0.00560	0.00336	0.00459	0.00127	0.03598	0.00421	0.00186	0.00497
14	0.00709	0.00667	0.01125	0.85913	0.02584	0.00834	0.01042	0.00959	0.00750	0.00959	0.00667	0.01000	0.00500	0.00375	0.00375	0.00125	0.00500	0.00333	0.00167	0.00417

[dist]
# distance from previous block
# <min> <max>
0	2

[block]
# block no. 1 follows, 73 sequences, length 17
# corresponding to MSA columns:
# 187-203
name=unknown_B
#
# <colnr> <probs for GDERKNQSTAVLIFYWHMCP>
#	G	D	E	R	K	N	Q	S	T	A	V	L	I	F	Y	W	H	M	C	P
0	0.00726	0.00676	0.01130	0.67992	0.13662	0.00808	0.01001	0.00957	0.00750	0.00981	0.00707	0.01078	0.00569	0.05018	0.02354	0.00147	0.00497	0.00346	0.00173	0.00429
1	0.00847	0.00733	0.00801	0.00773	0.04970	0.00821	0.00568	0.01695	0.64707	0.01471	0.05007	0.01747	0.13089	0.00573	0.00392	0.00126	0.00284	0.00482	0.00369	0.00545
2	0.01207	0.00829	0.00885	0.00746	0.00986	0.05317	0.00595	0.16306	0.37491	0.23028	0.01483	0.01413	0.05402	0.00514	0.00383	0.00121	0.00339	0.01981	0.00389	0.00585
3	0.00879	0.00976	0.02056	0.03633	0.01867	0.00945	0.72425	0.03015	0.00880	0.01199	0.00779	0.03199	0.00614	0.00362	0.00485	0.00129	0.05418	0.00447	0.00196	0.00496
4	0.00929	0.00891	0.01523	0.02303	0.84475	0.00891	0.01151	0.01151	0.00854	0.01226	0.00706	0.00929	0.00594	0.00334	0.00371	0.00111	0.00446	0.00334	0.00186	0.00594
5	0.00469	0.00335	0.00449	0.00536	0.00564	0.00315	0.00370	0.00544	0.00730	0.00971	0.02061	0.79703	0.02455	0.01164	0.00482	0.00154	0.00228	0.07812	0.00348	0.00308
6	0.00906	0.00868	0.01482	0.10981	0.75975	0.00885	0.01140	0.01131	0.00843	0.01198	0.00702	0.00936	0.00585	0.00339	0.00372	0.00113	0.00451	0.00334	0.00184	0.00576
7	0.00454	0.00337	0.00424	0.00493	0.00537	0.00307	0.00335	0.00526	0.00746	0.00969	0.02421	0.69661	0.19162	0.01129	0.00472	0.00147	0.00212	0.01011	0.00348	0.00307
8	0.00457	0.00326	0.00435	0.00522	0.00544	0.00305	0.00348	0.00522	0.00718	0.00958	0.02068	0.86570	0.02481	0.01175	0.00479	0.00152	0.00218	0.01067	0.00348	0.00305
9	0.00778	0.00667	0.00778	0.00556	0.00889	0.00500	0.00445	0.00945	0.00778	0.01223	0.00667	0.00778	0.00556	0.00278	0.00278	0.00056	0.00278	0.00222	0.00222	0.89108
10	0.00848	0.18909	0.54757	0.00979	0.01440	0.02867	0.05496	0.04116	0.03029	0.01181	0.02646	0.00830	0.00577	0.00365	0.00341	0.00111	0.00510	0.00285	0.00181	0.00534
11	0.07903	0.25185	0.36226	0.00853	0.01250	0.04023	0.02200	0.08173	0.02344	0.05501	0.02663	0.00816	0.00594	0.00372	0.00320	0.00107	0.00459	0.00274	0.00210	0.00525
12	0.00856	0.07053	0.00910	0.00732	0.07916	0.00627	0.00530	0.04200	0.03791	0.06373	0.00914	0.10945	0.00828	0.00418	0.00320	0.00082	0.00302	0.00351	0.00256	0.52597
13	0.00777	0.25809	0.06574	0.00653	0.00847	0.06125	0.04632	0.00905	0.01985	0.00915	0.01057	0.04099	0.06609	0.25300	0.05392	0.00203	0.02697	0.00405	0.00210	0.04806
14	0.05197	0.04640	0.06116	0.01738	0.06947	0.13388	0.07956	0.03712	0.07502	0.02280	0.01147	0.13592	0.05331	0.00809	0.10394	0.00173	0.01486	0.00453	0.00249	0.06891
15	0.07548	0.15644	0.05797	0.14793	0.03768	0.04112	0.00672	0.05119	0.11559	0.01178	0.02672	0.08439	0.03523	0.05170	0.03461	0.00145	0.00405	0.02460	0.00246	0.03288
16	0.09738	0.16486	0.15989	0.02523	0.04244	0.05547	0.07305	0.08787	0.06150	0.03985	0.01840	0.02241	0.05886	0.00448	0.01231	0.00114	0.01734	0.00336	0.00237	0.05179

[dist]
# distance from previous block
# <min> <max>
2	83

[block]
# block no. 2 follows, 73 sequences, length 14
# corresponding to MSA columns:
# 304-317
name=unknown_C
#
# <colnr> <probs for GDERKNQSTAVLIFYWHMCP>
#	G	D	E	R	K	N	Q	S	T	A	V	L	I	F	Y	W	H	M	C	P
0	0.21865	0.20225	0.06444	0.04515	0.01062	0.05785	0.01815	0.13756	0.02601	0.06097	0.02405	0.00808	0.00599	0.00372	0.00300	0.00101	0.00385	0.00265	0.00246	0.10354
1	0.03371	0.00950	0.04549	0.22540	0.08874	0.15625	0.04247	0.02470	0.11065	0.12811	0.06542	0.02270	0.00877	0.00441	0.00386	0.00118	0.01737	0.00367	0.00265	0.00495
2	0.10633	0.23021	0.19113	0.12447	0.04941	0.00950	0.00810	0.04507	0.02526	0.01173	0.00782	0.09166	0.00701	0.00429	0.00323	0.00107	0.00408	0.00338	0.00207	0.07417
3	0.00607	0.00488	0.00663	0.05480	0.09872	0.00481	0.00492	0.00854	0.07481	0.01400	0.55983	0.02467	0.10878	0.00696	0.00426	0.00119	0.00235	0.00613	0.00365	0.00399
4	0.00700	0.00556	0.00837	0.00737	0.00868	0.00617	0.08590	0.12765	0.00800	0.01121	0.00966	0.01345	0.00858	0.02225	0.64630	0.00485	0.00882	0.00397	0.00225	0.00396
5	0.01179	0.00878	0.00981	0.00794	0.01032	0.00980	0.00646	0.58068	0.06566	0.01951	0.00965	0.01071	0.00743	0.01030	0.21080	0.00233	0.00550	0.00359	0.00333	0.00561
6	0.01017	0.01021	0.01949	0.01406	0.01766	0.01001	0.63030	0.21192	0.01100	0.01485	0.00794	0.00985	0.00586	0.00349	0.00426	0.00123	0.00579	0.00417	0.00235	0.00538
7	0.00558	0.00379	0.00495	0.00490	0.00571	0.00348	0.00358	0.00700	0.00962	0.04965	0.55234	0.25287	0.06490	0.00871	0.00449	0.00128	0.00195	0.00774	0.00395	0.00352
8	0.06131	0.04586	0.04996	0.09274	0.13897	0.20652	0.14432	0.05660	0.14329	0.01251	0.00805	0.00928	0.00626	0.00383	0.00364	0.00114	0.00504	0.00330	0.00228	0.00511
9	0.00790	0.00763	0.01290	0.43909	0.23286	0.00890	0.06681	0.01011	0.00764	0.01041	0.00698	0.01053	0.00578	0.00421	0.00506	0.00129	0.12769	0.02777	0.00178	0.00465
10	0.00443	0.00380	0.00380	0.00380	0.00507	0.00317	0.00285	0.00538	0.00855	0.01014	0.03801	0.03611	0.84322	0.00950	0.00443	0.00127	0.00190	0.00792	0.00348	0.00317
11	0.00910	0.00824	0.01150	0.01481	0.40335	0.00884	0.00851	0.01527	0.40392	0.01380	0.01165	0.03375	0.00946	0.00457	0.00383	0.00122	0.00366	0.02583	0.00287	0.00580
12	0.01008	0.80066	0.05412	0.00673	0.00999	0.04803	0.00677	0.01141	0.00776	0.00897	0.00530	0.00613	0.00481	0.00325	0.00249	0.00083	0.00419	0.00205	0.00162	0.00483
13	0.00927	0.00820	0.01090	0.25046	0.20822	0.05510	0.00849	0.06108	0.22080	0.04603	0.04648	0.01217	0.00880	0.00438	0.00379	0.00120	0.00413	0.02067	0.00267	0.01716

[dist]
# distance from previous block
# <min> <max>
0	1

[block]
# block no. 3 follows, 73 sequences, length 42
# corresponding to MSA columns:
# 319-360
name=unknown_D
#
# <colnr> <probs for GDERKNQSTAVLIFYWHMCP>
#	G	D	E	R	K	N	Q	S	T	A	V	L	I	F	Y	W	H	M	C	P
0	0.01048	0.00808	0.00860	0.00660	0.00950	0.07008	0.00526	0.16403	0.04449	0.11594	0.03628	0.00987	0.00754	0.02448	0.00362	0.00089	0.00337	0.00295	0.00291	0.46502
1	0.01683	0.00638	0.00871	0.00668	0.00958	0.00551	0.00551	0.01828	0.01074	0.84734	0.01480	0.01277	0.00929	0.00464	0.00377	0.00116	0.00319	0.00377	0.00464	0.00638
2	0.00709	0.00667	0.01125	0.85913	0.02584	0.00834	0.01042	0.00959	0.00750	0.00959	0.00667	0.01000	0.00500	0.00375	0.00375	0.00125	0.00500	0.00333	0.00167	0.00417
3	0.05677	0.00773	0.01266	0.34590	0.44463	0.00841	0.01031	0.01047	0.00802	0.01138	0.00814	0.01054	0.04155	0.00377	0.00368	0.00118	0.00447	0.00346	0.00188	0.00503
4	0.01003	0.87041	0.01966	0.00642	0.00963	0.01485	0.00642	0.01123	0.00762	0.00883	0.00522	0.00602	0.00481	0.00321	0.00241	0.00080	0.00401	0.00201	0.00160	0.00481
5	0.01683	0.00638	0.00871	0.00668	0.00958	0.00551	0.00551	0.01828	0.01074	0.84734	0.01480	0.01277	0.00929	0.00464	0.00377	0.00116	0.00319	0.00377	0.00464	0.00638
6	0.00759	0.01895	0.80803	0.01095	0.01640	0.00875	0.05408	0.01189	0.00797	0.01189	0.00678	0.00803	0.00480	0.00354	0.00361	0.00119	0.00558	0.00285	0.00160	0.00552
7	0.00818	0.00757	0.01189	0.29681	0.36823	0.00825	0.00960	0.02225	0.11334	0.01177	0.01054	0.01316	0.06270	0.00439	0.00384	0.00121	0.00424	0.03471	0.00224	0.00508
8	0.00457	0.00326	0.00435	0.00522	0.00544	0.00305	0.00348	0.00522	0.00718	0.00958	0.02068	0.86570	0.02481	0.01175	0.00479	0.00152	0.00218	0.01067	0.00348	0.00305
9	0.83296	0.00779	0.00589	0.00524	0.00756	0.04371	0.00428	0.03450	0.00688	0.01671	0.00536	0.00621	0.00416	0.00353	0.00241	0.00115	0.00310	0.00209	0.00235	0.00414
10	0.00916	0.00879	0.01501	0.06887	0.79984	0.00888	0.01145	0.01141	0.00849	0.01211	0.00704	0.00932	0.00589	0.00337	0.00372	0.00112	0.00449	0.00334	0.00185	0.00585
11	0.09416	0.00930	0.05647	0.01132	0.21805	0.06874	0.00765	0.18895	0.01092	0.21797	0.02901	0.05356	0.00817	0.00450	0.00365	0.00115	0.00398	0.00369	0.00311	0.00563
12	0.00834	0.00932	0.06014	0.01143	0.01272	0.01082	0.22062	0.00996	0.00667	0.00996	0.00571	0.00869	0.00511	0.00552	0.00980	0.00152	0.59399	0.00355	0.00170	0.00443
13	0.00709	0.00667	0.01125	0.85913	0.02584	0.00834	0.01042	0.00959	0.00750	0.00959	0.00667	0.01000	0.00500	0.00375	0.00375	0.00125	0.00500	0.00333	0.00167	0.00417
14	0.01037	0.20284	0.01384	0.01095	0.15059	0.01171	0.00806	0.19816	0.00946	0.03132	0.00650	0.00818	0.00550	0.00476	0.00649	0.00124	0.30963	0.00304	0.00222	0.00514
15	0.00502	0.00372	0.00520	0.00631	0.05169	0.00358	0.00415	0.00594	0.00750	0.01013	0.07555	0.65789	0.02329	0.01203	0.06153	0.00179	0.00287	0.05516	0.00334	0.00328
16	0.00461	0.00329	0.00439	0.00526	0.00550	0.00308	0.00354	0.00529	0.00722	0.00962	0.02066	0.84592	0.02474	0.01172	0.00480	0.00153	0.00221	0.03010	0.00348	0.00306
17	0.00778	0.00667	0.00778	0.00556	0.00889	0.00500	0.00445	0.00945	0.00778	0.01223	0.00667	0.00778	0.00556	0.00278	0.00278	0.00056	0.00278	0.00222	0.00222	0.89108
18	0.00709	0.00667	0.01125	0.85913	0.02584	0.00834	0.01042	0.00959	0.00750	0.00959	0.00667	0.01000	0.00500	0.00375	0.00375	0.00125	0.00500	0.00333	0.00167	0.00417
19	0.00658	0.00432	0.00543	0.00497	0.00609	0.00412	0.00379	0.02595	0.05098	0.06913	0.66294	0.02480	0.02981	0.00701	0.00419	0.00116	0.00197	0.00612	0.07674	0.00390
20	0.00960	0.00819	0.00864	0.00769	0.00986	0.00946	0.00600	0.06494	0.79252	0.01613	0.01492	0.01372	0.01117	0.00506	0.00381	0.00126	0.00303	0.00419	0.00381	0.00596
21	0.09574	0.00690	0.00865	0.00673	0.00957	0.00647	0.00555	0.09462	0.03587	0.66938	0.01340	0.01185	0.00861	0.00454	0.00364	0.00116	0.00325	0.00359	0.00432	0.00616
22	0.00536	0.00401	0.00599	0.00599	0.00665	0.00467	0.00464	0.00667	0.00602	0.00868	0.01009	0.01494	0.00947	0.04557	0.83597	0.00598	0.00992	0.00405	0.00202	0.00333
23	0.00727	0.00376	0.00379	0.00369	0.00465	0.00381	0.00279	0.03997	0.00824	0.01435	0.01212	0.01380	0.00949	0.00438	0.00267	0.00088	0.00184	0.00349	0.85541	0.00361
24	0.00960	0.00819	0.00864	0.00769	0.00986	0.00946	0.00600	0.06443	0.79303	0.01613	0.01493	0.01372	0.01117	0.00506	0.00381	0.00126	0.00303	0.00419	0.00381	0.00596
25	0.01483	0.00627	0.00802	0.00630	0.00885	0.00574	0.00515	0.09476	0.01089	0.61954	0.01379	0.01263	0.00907	0.00458	0.00357	0.00111	0.00302	0.00369	0.16234	0.00587
26	0.40037	0.00893	0.00865	0.00694	0.00964	0.01000	0.00573	0.44289	0.01246	0.05029	0.00756	0.00787	0.00547	0.00406	0.00313	0.00114	0.00356	0.00280	0.00316	0.00536
27	0.02806	0.01019	0.01075	0.00840	0.01123	0.03010	0.00688	0.72432	0.04549	0.04081	0.00964	0.03974	0.00721	0.00476	0.00376	0.00114	0.00404	0.00363	0.00370	0.00616
28	0.00536	0.00402	0.00603	0.00603	0.00670	0.00469	0.00469	0.00670	0.00603	0.00871	0.01005	0.01474	0.00938	0.02814	0.85328	0.00603	0.01005	0.00402	0.00201	0.00335
29	0.01043	0.06884	0.01283	0.23476	0.27618	0.27765	0.00934	0.02545	0.00902	0.02115	0.00654	0.00848	0.00531	0.00368	0.00364	0.00109	0.01590	0.00296	0.00188	0.00489
30	0.00603	0.00431	0.00602	0.00686	0.00772	0.00430	0.00599	0.00776	0.00868	0.01132	0.03956	0.04198	0.02192	0.01030	0.00516	0.00171	0.00341	0.80004	0.00347	0.00346
31	0.00864	0.00839	0.01362	0.32864	0.51731	0.03675	0.01097	0.01092	0.00823	0.01118	0.00687	0.00946	0.00556	0.00351	0.00372	0.00116	0.00473	0.00331	0.00179	0.00524
32	0.07944	0.36193	0.41628	0.00847	0.01269	0.04197	0.00984	0.01167	0.00778	0.01094	0.00597	0.00697	0.00473	0.00343	0.00299	0.00102	0.00476	0.00239	0.00166	0.00509
33	0.00465	0.00334	0.00438	0.00514	0.00543	0.00312	0.00347	0.00535	0.00732	0.00973	0.04667	0.75349	0.06107	0.04268	0.00529	0.00158	0.00223	0.02854	0.00346	0.00305
34	0.00550	0.00451	0.00481	0.00483	0.00592	0.03193	0.00363	0.00694	0.04281	0.02929	0.12768	0.17712	0.46827	0.00919	0.00459	0.00132	0.01715	0.04753	0.00352	0.00345
35	0.00757	0.00722	0.01176	0.64521	0.17124	0.02555	0.01030	0.00992	0.00767	0.01001	0.00682	0.00996	0.00533	0.00465	0.03610	0.00141	0.01976	0.00334	0.00172	0.00446
36	0.00634	0.00337	0.00506	0.00506	0.00516	0.00347	0.00347	0.00516	0.00506	0.00685	0.00705	0.01191	0.00695	0.01532	0.14153	0.75699	0.00429	0.00337	0.00169	0.00189
37	0.00465	0.00338	0.00438	0.00515	0.00551	0.00314	0.00354	0.00538	0.00738	0.00969	0.02230	0.72210	0.10935	0.02407	0.00498	0.00154	0.00224	0.05465	0.00346	0.00307
38	0.00974	0.00944	0.01476	0.04849	0.71115	0.05534	0.02622	0.05699	0.00913	0.01263	0.00709	0.00917	0.00587	0.00345	0.00371	0.00111	0.00462	0.00331	0.00196	0.00581
39	0.06948	0.57002	0.08242	0.00705	0.01027	0.02918	0.00692	0.12043	0.03426	0.02050	0.00631	0.00700	0.00527	0.00380	0.01250	0.00098	0.00416	0.00237	0.00205	0.00505
40	0.02327	0.00669	0.00918	0.30923	0.13094	0.02201	0.00741	0.09182	0.05441	0.01301	0.00907	0.01132	0.00710	0.02170	0.00381	0.00116	0.01353	0.00344	0.25639	0.00450
41	0.00897	0.00849	0.01417	0.17985	0.64561	0.00887	0.01103	0.02819	0.03609	0.01210	0.00730	0.00957	0.00596	0.00350	0.00373	0.00115	0.00450	0.00337	0.00193	0.00562

[dist]
# distance from previous block
# <min> <max>
0	1

[block]
# block no. 4 follows, 73 sequences, length 26
# corresponding to MSA columns:
# 364-389
name=unknown_E
#
# <colnr> <probs for GDERKNQSTAVLIFYWHMCP>
#	G	D	E	R	K	N	Q	S	T	A	V	L	I	F	Y	W	H	M	C	P
0	0.00751	0.00537	0.00683	0.05090	0.00828	0.00546	0.02877	0.02210	0.08682	0.12957	0.08572	0.09894	0.34570	0.01590	0.00514	0.00132	0.08185	0.00628	0.00341	0.00414
1	0.00870	0.00910	0.01041	0.08751	0.01098	0.15368	0.00757	0.00967	0.00674	0.00895	0.00609	0.00981	0.00587	0.07475	0.06211	0.00192	0.51707	0.00336	0.00177	0.00396
2	0.04542	0.03770	0.01206	0.11004	0.05685	0.21199	0.06165	0.09169	0.00872	0.01121	0.00613	0.00837	0.00522	0.01489	0.00674	0.00131	0.30037	0.00310	0.00198	0.00455
3	0.01150	0.00776	0.00869	0.00744	0.00981	0.00848	0.00589	0.06247	0.58374	0.22809	0.01482	0.01342	0.01063	0.00495	0.00380	0.00124	0.00309	0.00408	0.00402	0.00608
4	0.03164	0.00992	0.05491	0.00943	0.04540	0.10661	0.00769	0.17633	0.01957	0.13037	0.00830	0.01816	0.00677	0.00539	0.00686	0.00133	0.31695	0.03666	0.00266	0.00505
5	0.00792	0.00660	0.00791	0.00570	0.00894	0.00502	0.01678	0.00961	0.00798	0.03324	0.04020	0.00875	0.00684	0.00303	0.00289	0.00061	0.00280	0.00248	0.00235	0.82034
6	0.00918	0.00881	0.01504	0.06324	0.80536	0.00889	0.01146	0.01142	0.00849	0.01213	0.00704	0.00932	0.00590	0.00336	0.00372	0.00112	0.00448	0.00334	0.00185	0.00586
7	0.00467	0.00338	0.00452	0.00535	0.00558	0.00323	0.00363	0.00535	0.00719	0.00961	0.02037	0.83039	0.02437	0.01163	0.00493	0.00153	0.01784	0.02989	0.00345	0.00308
8	0.00540	0.00365	0.00409	0.00409	0.00417	0.00361	0.00233	0.00548	0.00572	0.00758	0.02932	0.02523	0.05792	0.80607	0.01804	0.00346	0.00351	0.00561	0.00237	0.00235
9	0.01003	0.87041	0.01966	0.00642	0.00963	0.01485	0.00642	0.01123	0.00762	0.00883	0.00522	0.00602	0.00481	0.00321	0.00241	0.00080	0.00401	0.00201	0.00160	0.00481
10	0.00773	0.08887	0.78104	0.01034	0.01570	0.00921	0.01325	0.01183	0.00790	0.01163	0.00661	0.00777	0.00476	0.00354	0.00347	0.00116	0.00542	0.00271	0.00159	0.00549
11	0.00693	0.00351	0.00356	0.00355	0.00442	0.00350	0.00266	0.00868	0.00798	0.01403	0.04533	0.01455	0.01064	0.00450	0.00269	0.00089	0.00175	0.00363	0.85372	0.00350
12	0.00456	0.00336	0.00428	0.00500	0.00539	0.00307	0.00339	0.00528	0.00745	0.00976	0.03877	0.72594	0.14731	0.01134	0.00473	0.00148	0.00213	0.01018	0.00350	0.00307
13	0.00537	0.00399	0.00590	0.00590	0.00653	0.00462	0.00453	0.00662	0.00599	0.00862	0.01017	0.01538	0.00966	0.08311	0.79869	0.00587	0.00963	0.00411	0.00203	0.00328
14	0.00963	0.00821	0.00865	0.00770	0.00987	0.00947	0.00601	0.06904	0.78837	0.01617	0.01489	0.01370	0.01115	0.00505	0.00381	0.00126	0.00304	0.00419	0.00381	0.00597
15	0.00786	0.00674	0.00782	0.00567	0.00894	0.00523	0.00452	0.01000	0.05160	0.01241	0.00712	0.00811	0.00587	0.00290	0.00283	0.00059	0.00279	0.00233	0.00231	0.84436
16	0.00543	0.00373	0.00459	0.00459	0.00476	0.00391	0.00289	0.00577	0.00560	0.00764	0.01137	0.02205	0.01255	0.65404	0.23172	0.00425	0.00527	0.00509	0.00221	0.00255
17	0.00864	0.00708	0.03654	0.01692	0.00884	0.00711	0.00554	0.17770	0.24616	0.04567	0.10171	0.03020	0.20149	0.00671	0.00413	0.00127	0.00300	0.08275	0.00365	0.00488
18	0.00537	0.00398	0.00581	0.00581	0.00641	0.00457	0.00442	0.00656	0.00597	0.00855	0.01025	0.01584	0.00986	0.12262	0.75945	0.00576	0.00933	0.00418	0.00204	0.00323
19	0.00944	0.00885	0.01198	0.06906	0.42480	0.07325	0.00892	0.07824	0.15389	0.01338	0.05683	0.05628	0.00947	0.00450	0.00381	0.00117	0.00411	0.00401	0.00256	0.00545
20	0.00935	0.68383	0.01803	0.09694	0.01164	0.01320	0.05071	0.01076	0.00765	0.00912	0.00638	0.05562	0.00602	0.00375	0.00279	0.00092	0.00414	0.00277	0.00173	0.00466
21	0.05451	0.00461	0.00645	0.00586	0.00648	0.00484	0.03607	0.02454	0.04957	0.00858	0.00692	0.01078	0.00647	0.01063	0.01204	0.64496	0.05220	0.00324	0.00187	0.04939
22	0.10501	0.00749	0.04330	0.66463	0.04449	0.00855	0.00971	0.05381	0.00796	0.01129	0.00665	0.00942	0.00499	0.00374	0.00359	0.00123	0.00473	0.00317	0.00185	0.00438
23	0.37670	0.00959	0.09813	0.03400	0.03298	0.03717	0.05348	0.18027	0.00958	0.06941	0.00829	0.00899	0.03780	0.00408	0.00340	0.00117	0.02439	0.00298	0.00265	0.00493
24	0.06450	0.38900	0.12128	0.00856	0.03357	0.06261	0.05454	0.13093	0.01785	0.02972	0.00647	0.00740	0.00524	0.00373	0.00352	0.00102	0.05021	0.00263	0.00209	0.00511
25	0.05123	0.05553	0.02883	0.03109	0.29339	0.06085	0.05522	0.18316	0.05205	0.05642	0.01913	0.00957	0.01367	0.00392	0.00377	0.00110	0.02279	0.00330	0.00255	0.05242

[dist]
# distance from previous block
# <min> <max>
1	39

[block]
# block no. 5 follows, 73 sequences, length 10
# corresponding to MSA columns:
# 441-450
name=unknown_F
#
# <colnr> <probs for GDERKNQSTAVLIFYWHMCP>
#	G	D	E	R	K	N	Q	S	T	A	V	L	I	F	Y	W	H	M	C	P
0	0.02089	0.11655	0.26340	0.08218	0.11890	0.10488	0.00975	0.03594	0.06902	0.03161	0.00719	0.00850	0.00562	0.00394	0.00418	0.00113	0.07836	0.00292	0.00200	0.03302
1	0.15153	0.36297	0.06134	0.01007	0.17184	0.07048	0.02388	0.01150	0.02576	0.01136	0.03238	0.00809	0.00616	0.01614	0.00337	0.00104	0.02262	0.00267	0.00193	0.00486
2	0.00586	0.00436	0.00547	0.05659	0.00688	0.00436	0.00387	0.03320	0.02912	0.01074	0.18287	0.23190	0.03150	0.28616	0.00921	0.00205	0.01520	0.02315	0.00303	0.05446
3	0.00501	0.00418	0.00436	0.00435	0.00558	0.00378	0.00329	0.00675	0.07639	0.01049	0.03329	0.03403	0.66756	0.06105	0.00532	0.00144	0.00220	0.06413	0.00344	0.00336
4	0.00720	0.00687	0.01199	0.74744	0.02450	0.00826	0.08302	0.00972	0.00767	0.00987	0.00732	0.01141	0.00578	0.00399	0.00387	0.00127	0.00505	0.03876	0.00176	0.00422
5	0.00459	0.00334	0.00428	0.00503	0.00535	0.00308	0.00337	0.00525	0.00727	0.00955	0.02223	0.74407	0.11329	0.04360	0.00529	0.00157	0.00220	0.01017	0.00344	0.00303
6	0.01243	0.45133	0.01479	0.00696	0.00999	0.01165	0.00630	0.16366	0.05817	0.21764	0.00884	0.00868	0.00658	0.00391	0.00307	0.00098	0.00377	0.00282	0.00287	0.00555
7	0.01038	0.67534	0.10114	0.00712	0.01049	0.04406	0.00722	0.06771	0.00852	0.03023	0.00588	0.00660	0.00502	0.00339	0.00268	0.00088	0.00425	0.00223	0.00183	0.00502
8	0.00797	0.09136	0.65997	0.01180	0.10234	0.00929	0.04282	0.01179	0.00799	0.01166	0.00667	0.00798	0.00492	0.00350	0.00351	0.00115	0.00533	0.00283	0.00163	0.00551
9	0.82523	0.07499	0.00662	0.00505	0.00744	0.00892	0.00425	0.01104	0.00648	0.01620	0.00522	0.00609	0.00412	0.00346	0.00233	0.00113	0.00299	0.00203	0.00227	0.00412

[dist]
# distance from previous block
# <min> <max>
0	1

[block]
# block no. 6 follows, 73 sequences, length 8
# corresponding to MSA columns:
# 452-459
name=unknown_G
#
# <colnr> <probs for GDERKNQSTAVLIFYWHMCP>
#	G	D	E	R	K	N	Q	S	T	A	V	L	I	F	Y	W	H	M	C	P
0	0.73989	0.00715	0.00651	0.15388	0.01050	0.00840	0.00517	0.01078	0.00658	0.01557	0.00548	0.00678	0.00423	0.00353	0.00257	0.00118	0.00327	0.00226	0.00221	0.00408
1	0.00827	0.14697	0.48599	0.01014	0.07111	0.00959	0.01079	0.01298	0.15275	0.01222	0.03872	0.00952	0.00714	0.00391	0.00347	0.00114	0.00465	0.00310	0.00209	0.00546
2	0.00459	0.00381	0.00401	0.00396	0.00516	0.00323	0.00297	0.00568	0.00891	0.01099	0.17833	0.03470	0.70236	0.00918	0.00443	0.00125	0.00188	0.00772	0.00360	0.00323
3	0.01083	0.36721	0.08221	0.00783	0.01067	0.11685	0.00722	0.18942	0.05663	0.01275	0.00769	0.00845	0.02515	0.00480	0.02982	0.00117	0.05113	0.00281	0.00229	0.00510
4	0.00524	0.00402	0.00473	0.00464	0.00559	0.00375	0.00341	0.00701	0.05641	0.01230	0.37942	0.08799	0.29039	0.08633	0.00577	0.00148	0.00213	0.03232	0.00367	0.00341
5	0.41994	0.05728	0.03910	0.02272	0.00951	0.05505	0.00571	0.20853	0.03018	0.07473	0.03997	0.00848	0.00651	0.00402	0.00302	0.00113	0.00358	0.00279	0.00283	0.00492
6	0.00828	0.24193	0.01227	0.11659	0.18513	0.00896	0.00698	0.04402	0.02825	0.01048	0.00935	0.01355	0.04045	0.15526	0.02484	0.00160	0.00411	0.03328	0.00211	0.05259
7	0.00802	0.00751	0.01131	0.18460	0.32734	0.04019	0.03911	0.01098	0.08877	0.01262	0.21603	0.01449	0.01357	0.00469	0.00392	0.00117	0.00391	0.00429	0.00258	0.00489

[dist]
# distance from previous block
# <min> <max>
0	2

[block]
# block no. 7 follows, 73 sequences, length 68
# corresponding to MSA columns:
# 463-489,491-531
name=unknown_H
#
# <colnr> <probs for GDERKNQSTAVLIFYWHMCP>
#	G	D	E	R	K	N	Q	S	T	A	V	L	I	F	Y	W	H	M	C	P
0	0.04461	0.00991	0.00950	0.00752	0.01036	0.16131	0.02650	0.21132	0.10762	0.01502	0.00805	0.00861	0.00626	0.00370	0.00327	0.00089	0.00395	0.00282	0.00272	0.35607
1	0.00985	0.81028	0.07823	0.00672	0.01010	0.01441	0.00695	0.01128	0.00764	0.00904	0.00532	0.00615	0.00481	0.00323	0.00249	0.00083	0.00412	0.00206	0.00160	0.00487
2	0.00482	0.00356	0.00434	0.00473	0.00541	0.00319	0.00332	0.00573	0.00813	0.02391	0.13589	0.47613	0.28645	0.01038	0.00461	0.00139	0.00205	0.00916	0.00359	0.00320
3	0.00545	0.00364	0.00413	0.00413	0.00414	0.00366	0.00232	0.00548	0.00547	0.00730	0.01179	0.02437	0.01356	0.85296	0.03418	0.00368	0.00375	0.00543	0.00227	0.00229
4	0.00458	0.00379	0.00402	0.00403	0.00519	0.00323	0.00302	0.00563	0.00876	0.01077	0.14364	0.07530	0.68544	0.00938	0.00446	0.00127	0.00192	0.01879	0.00357	0.00321
5	0.00545	0.00365	0.00413	0.00413	0.00415	0.00366	0.00233	0.00548	0.00547	0.00731	0.01178	0.02434	0.01355	0.85006	0.03706	0.00369	0.00378	0.00542	0.00227	0.00230
6	0.00778	0.05023	0.77453	0.01069	0.01605	0.00893	0.04651	0.01194	0.00798	0.02195	0.00681	0.00800	0.00485	0.00355	0.00356	0.00118	0.00549	0.00282	0.00163	0.00551
7	0.00536	0.00401	0.00599	0.00599	0.00665	0.00467	0.00465	0.00668	0.00602	0.00868	0.01008	0.01491	0.00946	0.04321	0.83831	0.00599	0.00993	0.00405	0.00201	0.00333
8	0.89465	0.00726	0.00551	0.00493	0.00726	0.00842	0.00406	0.01103	0.00638	0.01683	0.00522	0.00609	0.00406	0.00348	0.00232	0.00116	0.00290	0.00203	0.00232	0.00406
9	0.00531	0.00383	0.00501	0.00472	0.00560	0.00354	0.00354	0.00708	0.01062	0.01504	0.84277	0.02802	0.03540	0.00767	0.00442	0.00118	0.00177	0.00678	0.00413	0.00354
10	0.00508	0.00381	0.00455	0.00437	0.00538	0.00341	0.00328	0.00658	0.00983	0.01338	0.54453	0.03016	0.30190	0.00815	0.00436	0.00120	0.00181	0.00703	0.03776	0.00341
11	0.00512	0.00383	0.00475	0.00452	0.00549	0.00346	0.00339	0.00671	0.01017	0.01398	0.66768	0.02978	0.21115	0.00807	0.00443	0.00120	0.00180	0.00703	0.00399	0.00346
12	0.00567	0.00405	0.00561	0.00644	0.00713	0.00401	0.00534	0.00710	0.00819	0.01072	0.01974	0.23923	0.02200	0.02459	0.02181	0.00179	0.00328	0.59653	0.00341	0.00334
13	0.00652	0.00326	0.00489	0.00489	0.00489	0.00326	0.00326	0.00489	0.00489	0.00652	0.00652	0.01140	0.00652	0.01303	0.01466	0.89084	0.00326	0.00326	0.00163	0.00163
14	0.87712	0.00718	0.00547	0.00491	0.00720	0.00832	0.00403	0.01098	0.00641	0.01678	0.00536	0.00625	0.00417	0.00350	0.00233	0.00116	0.00288	0.00206	0.01983	0.00405
15	0.00544	0.00372	0.00449	0.00449	0.00462	0.00385	0.00277	0.00571	0.00557	0.00757	0.01146	0.02255	0.01277	0.69684	0.18922	0.00413	0.00494	0.00516	0.00222	0.00249
16	0.00996	0.00832	0.00905	0.05988	0.01099	0.00956	0.00637	0.15736	0.63423	0.01659	0.01404	0.01326	0.02346	0.00498	0.00381	0.00125	0.00327	0.00410	0.00367	0.00586
17	0.00724	0.01286	0.42926	0.07280	0.06598	0.00751	0.07218	0.01072	0.04376	0.01185	0.06668	0.10447	0.02981	0.00489	0.00384	0.00121	0.00455	0.00428	0.00218	0.04394
18	0.00846	0.06047	0.02908	0.48696	0.26735	0.00878	0.01026	0.01088	0.01850	0.05353	0.00722	0.00970	0.00557	0.00366	0.00366	0.00118	0.00467	0.00328	0.00190	0.00490
19	0.00752	0.01941	0.84871	0.01069	0.01624	0.00871	0.01386	0.01188	0.00792	0.01188	0.00673	0.00792	0.00475	0.00356	0.00356	0.00119	0.00554	0.00277	0.00158	0.00554
20	0.00752	0.01941	0.84871	0.01069	0.01624	0.00871	0.01386	0.01188	0.00792	0.01188	0.00673	0.00792	0.00475	0.00356	0.00356	0.00119	0.00554	0.00277	0.00158	0.00554
21	0.01009	0.00871	0.02677	0.09433	0.43567	0.00856	0.16181	0.04291	0.00909	0.12284	0.00844	0.01057	0.00655	0.00375	0.00401	0.00118	0.01710	0.01971	0.00231	0.00561
22	0.01405	0.00693	0.02038	0.12724	0.01178	0.02151	0.00629	0.08920	0.01054	0.55198	0.01287	0.02675	0.00884	0.02625	0.00414	0.00123	0.00358	0.01630	0.03443	0.00572
23	0.00540	0.00364	0.00413	0.00415	0.00421	0.00361	0.00237	0.00551	0.00577	0.00771	0.04614	0.05122	0.02972	0.79120	0.01779	0.00343	0.00349	0.00572	0.00241	0.00236
24	0.00457	0.00326	0.00435	0.00522	0.00544	0.00305	0.00348	0.00522	0.00718	0.00958	0.02068	0.86570	0.02481	0.01175	0.00479	0.00152	0.00218	0.01067	0.00348	0.00305
25	0.00994	0.07217	0.16242	0.06677	0.05686	0.21993	0.04130	0.09190	0.01994	0.03851	0.05025	0.04437	0.06207	0.00514	0.01771	0.00120	0.00488	0.01406	0.01581	0.00478
26	0.00966	0.68846	0.17577	0.00728	0.01093	0.01361	0.00784	0.03187	0.00793	0.00977	0.00560	0.00645	0.00484	0.00331	0.00266	0.00088	0.00430	0.00218	0.00165	0.00499
27	0.00462	0.00341	0.00433	0.00497	0.00542	0.00312	0.00342	0.00542	0.00769	0.01010	0.08345	0.64941	0.16679	0.01105	0.00471	0.00146	0.00212	0.02187	0.00353	0.00311
28	0.01188	0.06216	0.41555	0.00865	0.01285	0.00774	0.00964	0.03448	0.00936	0.37553	0.01021	0.00995	0.00677	0.00404	0.00359	0.00115	0.00440	0.00318	0.00297	0.00589
29	0.02972	0.00870	0.01301	0.35970	0.42524	0.07804	0.01054	0.01101	0.00824	0.01103	0.00675	0.00929	0.00543	0.00355	0.00367	0.00116	0.00483	0.00323	0.00180	0.00505
30	0.00545	0.00366	0.00423	0.00423	0.00428	0.00371	0.00245	0.00554	0.00550	0.00738	0.01169	0.02385	0.01333	0.80799	0.07884	0.00381	0.00410	0.00535	0.00225	0.00235
31	0.00752	0.01941	0.84871	0.01069	0.01624	0.00871	0.01386	0.01188	0.00792	0.01188	0.00673	0.00792	0.00475	0.00356	0.00356	0.00119	0.00554	0.00277	0.00158	0.00554
32	0.01067	0.02576	0.01153	0.06081	0.27205	0.19708	0.00831	0.17494	0.04460	0.01381	0.05799	0.02295	0.00915	0.00470	0.00380	0.00115	0.00460	0.06834	0.00260	0.00518
33	0.00752	0.01941	0.84871	0.01069	0.01624	0.00871	0.01386	0.01188	0.00792	0.01188	0.00673	0.00792	0.00475	0.00356	0.00356	0.00119	0.00554	0.00277	0.00158	0.00554
34	0.00929	0.00891	0.01523	0.02303	0.84475	0.00891	0.01151	0.01151	0.00854	0.01226	0.00706	0.00929	0.00594	0.00334	0.00371	0.00111	0.00446	0.00334	0.00186	0.00594
35	0.00457	0.00326	0.00435	0.00522	0.00544	0.00305	0.00348	0.00522	0.00718	0.00958	0.02068	0.86570	0.02481	0.01175	0.00479	0.00152	0.00218	0.01067	0.00348	0.00305
36	0.01532	0.04054	0.00972	0.00720	0.01003	0.00761	0.00595	0.26184	0.01255	0.53491	0.01293	0.04508	0.00886	0.00483	0.00375	0.00115	0.00346	0.00386	0.00421	0.00619
37	0.00978	0.19467	0.30853	0.00856	0.01214	0.10192	0.03147	0.06295	0.00896	0.08685	0.00928	0.01934	0.05435	0.00512	0.03786	0.00128	0.01739	0.00318	0.00221	0.02416
38	0.00762	0.05195	0.81700	0.01053	0.01599	0.00895	0.01358	0.01186	0.00791	0.01176	0.00667	0.00785	0.00475	0.00355	0.00352	0.00117	0.00549	0.00274	0.00158	0.00552
39	0.01003	0.87041	0.01966	0.00642	0.00963	0.01485	0.00642	0.01123	0.00762	0.00883	0.00522	0.00602	0.00481	0.00321	0.00241	0.00080	0.00401	0.00201	0.00160	0.00481
40	0.00508	0.00390	0.00465	0.00447	0.00550	0.00352	0.00335	0.00673	0.02707	0.01326	0.53223	0.04274	0.31717	0.00832	0.00442	0.00122	0.00185	0.00718	0.00389	0.00345
41	0.00875	0.01058	0.06941	0.01528	0.01902	0.00952	0.75071	0.01189	0.00868	0.01189	0.00743	0.00992	0.00561	0.00332	0.00470	0.00128	0.04082	0.00429	0.00187	0.00505
42	0.00563	0.00415	0.00509	0.00508	0.03236	0.00374	0.00365	0.00723	0.02313	0.04585	0.46825	0.02963	0.33617	0.00806	0.00437	0.00121	0.00198	0.00694	0.00383	0.00363
43	0.00752	0.01941	0.84871	0.01069	0.01624	0.00871	0.01386	0.01188	0.00792	0.01188	0.00673	0.00792	0.00475	0.00356	0.00356	0.00119	0.00554	0.00277	0.00158	0.00554
44	0.00800	0.01862	0.73810	0.01102	0.01622	0.05773	0.07479	0.01207	0.00815	0.01174	0.00674	0.00802	0.00483	0.00355	0.00362	0.00118	0.00567	0.00288	0.00163	0.00544
45	0.00536	0.00359	0.00412	0.00422	0.00425	0.00357	0.00241	0.00543	0.00565	0.00754	0.01283	0.12007	0.01491	0.77090	0.01747	0.00340	0.00347	0.00605	0.00241	0.00236
46	0.01401	0.01788	0.01063	0.00967	0.01160	0.85309	0.00725	0.01498	0.01063	0.00918	0.00580	0.00677	0.00483	0.00387	0.00338	0.00097	0.00677	0.00242	0.00193	0.00435
47	0.00536	0.00402	0.00603	0.00603	0.00670	0.00469	0.00469	0.00670	0.00603	0.00871	0.01005	0.01474	0.00938	0.02814	0.85328	0.00603	0.01005	0.00402	0.00201	0.00335
48	0.00536	0.00402	0.00603	0.00603	0.00670	0.00469	0.00469	0.00670	0.00603	0.00871	0.01005	0.01474	0.00938	0.02814	0.85328	0.00603	0.01005	0.00402	0.00201	0.00335
49	0.00465	0.00381	0.00411	0.00403	0.00520	0.00326	0.00302	0.00581	0.00907	0.01137	0.24082	0.03407	0.63964	0.00904	0.00443	0.00124	0.00187	0.00763	0.00365	0.00326
50	0.00933	0.00806	0.00848	0.00764	0.00976	0.00933	0.00594	0.01994	0.83797	0.01569	0.01527	0.01400	0.01145	0.00509	0.00382	0.00127	0.00297	0.00424	0.00382	0.00594
51	0.00899	0.00963	0.03827	0.02807	0.34710	0.00927	0.39690	0.01226	0.06633	0.01226	0.00781	0.00995	0.00614	0.00347	0.00427	0.00121	0.02671	0.00390	0.00200	0.00545
52	0.01386	0.04321	0.01141	0.00846	0.01140	0.01154	0.00701	0.78017	0.01700	0.02273	0.00915	0.03030	0.00678	0.00464	0.00373	0.00112	0.00408	0.00351	0.00366	0.00624
53	0.00536	0.00402	0.00603	0.00603	0.00670	0.00469	0.00469	0.00670	0.00603	0.00871	0.01005	0.01474	0.00938	0.02814	0.85328	0.00603	0.01005	0.00402	0.00201	0.00335
54	0.00886	0.01012	0.02214	0.01581	0.01961	0.00949	0.83112	0.01202	0.00886	0.01202	0.00759	0.01012	0.00569	0.00316	0.00443	0.00127	0.00633	0.00443	0.00190	0.00506
55	0.00778	0.00667	0.00778	0.00556	0.00889	0.00500	0.00445	0.00945	0.00778	0.01223	0.00667	0.00778	0.00556	0.00278	0.00278	0.00056	0.00278	0.00222	0.00222	0.89108
56	0.00709	0.00667	0.01125	0.85913	0.02584	0.00834	0.01042	0.00959	0.00750	0.00959	0.00667	0.01000	0.00500	0.00375	0.00375	0.00125	0.00500	0.00333	0.00167	0.00417
57	0.00443	0.00380	0.00380	0.00380	0.00507	0.00317	0.00285	0.00538	0.00855	0.01014	0.03801	0.03611	0.84322	0.00950	0.00443	0.00127	0.00190	0.00792	0.00348	0.00317
58	0.00536	0.00402	0.00603	0.00603	0.00670	0.00469	0.00469	0.00670	0.00603	0.00871	0.01005	0.01474	0.00938	0.02814	0.85328	0.00603	0.01005	0.00402	0.00201	0.00335
59	0.01401	0.01788	0.01063	0.00967	0.01160	0.85309	0.00725	0.01498	0.01063	0.00918	0.00580	0.00677	0.00483	0.00387	0.00338	0.00097	0.00677	0.00242	0.00193	0.00435
60	0.01003	0.87041	0.01966	0.00642	0.00963	0.01485	0.00642	0.01123	0.00762	0.00883	0.00522	0.00602	0.00481	0.00321	0.00241	0.00080	0.00401	0.00201	0.00160	0.00481
61	0.00546	0.00364	0.00409	0.00409	0.00409	0.00364	0.00227	0.00546	0.00546	0.00727	0.01182	0.02455	0.01364	0.86815	0.01910	0.00364	0.00364	0.00546	0.00227	0.00227
62	0.00450	0.00379	0.00382	0.00382	0.00500	0.00320	0.00281	0.00539	0.00834	0.00994	0.03621	0.03531	0.78630	0.06841	0.00544	0.00143	0.00202	0.00775	0.00340	0.00311
63	0.00963	0.00799	0.00849	0.00760	0.00975	0.00918	0.00592	0.01987	0.80455	0.04930	0.01525	0.01395	0.01137	0.00507	0.00382	0.00127	0.00298	0.00422	0.00385	0.00596
64	0.00456	0.00329	0.00433	0.00515	0.00542	0.00305	0.00345	0.00523	0.00725	0.00961	0.02155	0.82399	0.06596	0.01164	0.00477	0.00151	0.00216	0.01053	0.00348	0.00305
65	0.00776	0.00751	0.01139	0.75221	0.06100	0.05742	0.01020	0.02989	0.00797	0.01002	0.00669	0.00976	0.00507	0.00376	0.00373	0.00122	0.00506	0.00328	0.00174	0.00431
66	0.01010	0.85644	0.01951	0.00647	0.00966	0.02858	0.00643	0.01130	0.00767	0.00883	0.00523	0.00603	0.00481	0.00322	0.00242	0.00081	0.00406	0.00201	0.00161	0.00481
67	0.40661	0.34966	0.01181	0.00605	0.00866	0.04723	0.00541	0.01173	0.00735	0.07342	0.00593	0.00666	0.00481	0.00360	0.00291	0.00103	0.03821	0.00222	0.00216	0.00454

[dist]
# distance from previous block
# <min> <max>
0	1

[block]
# block no. 8 follows, 73 sequences, length 157
# corresponding to MSA columns:
# 533,536-578,583-695
name=unknown_I
#
# <colnr> <probs for GDERKNQSTAVLIFYWHMCP>
#	G	D	E	R	K	N	Q	S	T	A	V	L	I	F	Y	W	H	M	C	P
0	0.01402	0.01762	0.01065	0.00963	0.01160	0.82365	0.00724	0.04357	0.01088	0.00969	0.00591	0.00684	0.00489	0.00389	0.00340	0.00097	0.00667	0.00245	0.00200	0.00442
1	0.00552	0.00426	0.00634	0.00625	0.00688	0.00508	0.00489	0.00683	0.00601	0.00873	0.00976	0.01437	0.00912	0.02690	0.80519	0.00578	0.05873	0.00398	0.00199	0.00339
2	0.00592	0.00423	0.00590	0.00672	0.00754	0.00421	0.00578	0.00758	0.00862	0.01126	0.05104	0.09590	0.02233	0.01035	0.00513	0.00169	0.00331	0.73559	0.00348	0.00343
3	0.00518	0.00404	0.00477	0.00506	0.00588	0.00386	0.00364	0.00717	0.09888	0.01110	0.12305	0.40990	0.26281	0.00985	0.00455	0.00139	0.00217	0.02965	0.00360	0.00347
4	0.00929	0.00891	0.01523	0.02303	0.84475	0.00891	0.01151	0.01151	0.00854	0.01226	0.00706	0.00929	0.00594	0.00334	0.00371	0.00111	0.00446	0.00334	0.00186	0.00594
5	0.00457	0.00326	0.00435	0.00522	0.00544	0.00305	0.00348	0.00522	0.00718	0.00958	0.02068	0.86570	0.02481	0.01175	0.00479	0.00152	0.00218	0.01067	0.00348	0.00305
6	0.01403	0.01034	0.01110	0.00855	0.01149	0.01143	0.00704	0.81260	0.01739	0.02331	0.00928	0.02934	0.00682	0.00468	0.00378	0.00114	0.00408	0.00355	0.00375	0.00630
7	0.00447	0.00380	0.00385	0.00384	0.00509	0.00318	0.00288	0.00545	0.00863	0.01032	0.06906	0.03579	0.81205	0.00943	0.00443	0.00126	0.00190	0.00787	0.00351	0.00318
8	0.01431	0.01044	0.01121	0.00860	0.01160	0.01153	0.00710	0.81793	0.01752	0.03812	0.00911	0.00907	0.00643	0.00451	0.00375	0.00113	0.00411	0.00338	0.00377	0.00638
9	0.00781	0.00761	0.01068	0.00927	0.00935	0.01051	0.00766	0.00867	0.00577	0.00896	0.00569	0.00932	0.00564	0.02580	0.11568	0.00222	0.74028	0.00342	0.00170	0.00398
10	0.07011	0.00644	0.00851	0.00657	0.00944	0.00569	0.00543	0.01784	0.01047	0.79693	0.01422	0.01236	0.00897	0.00457	0.00368	0.00116	0.00317	0.00367	0.00450	0.00624
11	0.00486	0.00368	0.00415	0.00441	0.00534	0.00319	0.00316	0.00572	0.00812	0.03534	0.03098	0.33822	0.51918	0.01018	0.00454	0.00136	0.00204	0.00880	0.00352	0.00322
12	0.01614	0.00749	0.00939	0.00720	0.01013	0.00716	0.00595	0.23655	0.01259	0.62646	0.01325	0.01176	0.00851	0.00461	0.00377	0.00115	0.00344	0.00367	0.00440	0.00638
13	0.00886	0.01012	0.02214	0.01581	0.01961	0.00949	0.83112	0.01202	0.00886	0.01202	0.00759	0.01012	0.00569	0.00316	0.00443	0.00127	0.00633	0.00443	0.00190	0.00506
14	0.01403	0.01034	0.01110	0.00855	0.01149	0.01143	0.00704	0.81260	0.01739	0.02331	0.00928	0.02934	0.00682	0.00468	0.00378	0.00114	0.00408	0.00355	0.00375	0.00630
15	0.00598	0.00398	0.00523	0.00483	0.00584	0.00366	0.00366	0.00773	0.01063	0.06361	0.79446	0.02713	0.03388	0.00749	0.00439	0.00118	0.00185	0.00661	0.00416	0.00371
16	0.00929	0.00891	0.01523	0.02303	0.84475	0.00891	0.01151	0.01151	0.00854	0.01226	0.00706	0.00929	0.00594	0.00334	0.00371	0.00111	0.00446	0.00334	0.00186	0.00594
17	0.00443	0.00380	0.00380	0.00380	0.00507	0.00317	0.00285	0.00538	0.00855	0.01014	0.03801	0.03611	0.84322	0.00950	0.00443	0.00127	0.00190	0.00792	0.00348	0.00317
18	0.01426	0.01051	0.01126	0.00863	0.01163	0.01163	0.00713	0.83224	0.01764	0.02364	0.00901	0.00901	0.00638	0.00450	0.00375	0.00113	0.00413	0.00338	0.00375	0.00638
19	0.00459	0.00327	0.00435	0.00520	0.00542	0.00306	0.00346	0.00523	0.00715	0.00954	0.02052	0.85092	0.02462	0.02680	0.00504	0.00156	0.00220	0.01057	0.00346	0.00303
20	0.00546	0.00364	0.00409	0.00409	0.00409	0.00364	0.00227	0.00546	0.00546	0.00727	0.01182	0.02455	0.01364	0.86815	0.01910	0.00364	0.00364	0.00546	0.00227	0.00227
21	0.00752	0.01941	0.84871	0.01069	0.01624	0.00871	0.01386	0.01188	0.00792	0.01188	0.00673	0.00792	0.00475	0.00356	0.00356	0.00119	0.00554	0.00277	0.00158	0.00554
22	0.00752	0.01941	0.84871	0.01069	0.01624	0.00871	0.01386	0.01188	0.00792	0.01188	0.00673	0.00792	0.00475	0.00356	0.00356	0.00119	0.00554	0.00277	0.00158	0.00554
23	0.00457	0.00326	0.00435	0.00522	0.00544	0.00305	0.00348	0.00522	0.00718	0.00958	0.02068	0.86570	0.02481	0.01175	0.00479	0.00152	0.00218	0.01067	0.00348	0.00305
24	0.00530	0.00383	0.00500	0.00473	0.00560	0.00353	0.00354	0.00705	0.01057	0.01496	0.82993	0.04110	0.03523	0.00773	0.00443	0.00119	0.00178	0.00685	0.00412	0.00353
25	0.01019	0.78527	0.05058	0.00674	0.01000	0.03448	0.00675	0.04239	0.00808	0.00951	0.00543	0.00622	0.00487	0.00329	0.00253	0.00083	0.00414	0.00210	0.00169	0.00489
26	0.01388	0.04771	0.01095	0.00955	0.01153	0.82376	0.00722	0.01485	0.01053	0.00917	0.00578	0.00674	0.00483	0.00384	0.00335	0.00096	0.00667	0.00240	0.00192	0.00437
27	0.00958	0.00818	0.00862	0.00769	0.00985	0.00945	0.00600	0.06137	0.79613	0.01610	0.01495	0.01374	0.01119	0.00506	0.00381	0.00127	0.00303	0.00420	0.00381	0.00596
28	0.00443	0.00380	0.00380	0.00380	0.00507	0.00317	0.00285	0.00538	0.00855	0.01014	0.03801	0.03611	0.84322	0.00950	0.00443	0.00127	0.00190	0.00792	0.00348	0.00317
29	0.00780	0.03926	0.80191	0.01053	0.01593	0.00895	0.01347	0.03849	0.00823	0.01219	0.00677	0.00791	0.00481	0.00359	0.00354	0.00118	0.00546	0.00277	0.00166	0.00555
30	0.01003	0.87041	0.01966	0.00642	0.00963	0.01485	0.00642	0.01123	0.00762	0.00883	0.00522	0.00602	0.00481	0.00321	0.00241	0.00080	0.00401	0.00201	0.00160	0.00481
