[name]
unknown

[dist]
# distance from previous block
# <min> <max>
5	249

[block]
# block no. 0 follows, 70 sequences, length 25
# corresponding to MSA columns:
# 268-292
name=unknown_A
#
# <colnr> <probs for GDERKNQSTAVLIFYWHMCP>
#	G	D	E	R	K	N	Q	S	T	A	V	L	I	F	Y	W	H	M	C	P
0	0.01069	0.56512	0.01712	0.14055	0.01298	0.17732	0.00745	0.01210	0.00847	0.00932	0.00574	0.00702	0.00501	0.00354	0.00290	0.00094	0.00486	0.00237	0.00173	0.00478
1	0.01694	0.00846	0.00931	0.00738	0.01022	0.13812	0.00598	0.01836	0.01108	0.71136	0.01383	0.01222	0.00887	0.00467	0.00384	0.00117	0.00388	0.00368	0.00436	0.00627
2	0.14424	0.00450	0.00464	0.00449	0.00583	0.00426	0.00344	0.00705	0.00909	0.01307	0.26825	0.04637	0.43622	0.00835	0.00426	0.00128	0.00213	0.02539	0.00361	0.00354
3	0.00996	0.73311	0.14973	0.00733	0.01102	0.01434	0.00784	0.01171	0.00793	0.00962	0.00564	0.00653	0.00497	0.00337	0.00268	0.00089	0.00439	0.00220	0.00166	0.00509
4	0.00704	0.00497	0.00588	0.00546	0.00611	0.00532	0.00375	0.13500	0.00776	0.01054	0.01131	0.02036	0.01184	0.52406	0.22043	0.00396	0.00546	0.00494	0.00252	0.00329
5	0.04235	0.01580	0.56711	0.00956	0.01405	0.00856	0.01132	0.12159	0.00992	0.01463	0.13776	0.01153	0.01009	0.00448	0.00380	0.00122	0.00481	0.00357	0.00238	0.00546
6	0.04021	0.68395	0.03821	0.00722	0.01035	0.14587	0.00687	0.01223	0.00833	0.00953	0.00552	0.00639	0.00495	0.00344	0.00267	0.00088	0.00459	0.00216	0.00174	0.00489
7	0.00707	0.01649	0.65800	0.00947	0.01423	0.00774	0.01181	0.01079	0.00833	0.01188	0.01410	0.01462	0.18910	0.00504	0.00388	0.00125	0.00490	0.00404	0.00207	0.00519
8	0.01008	0.77254	0.11135	0.00712	0.01071	0.01464	0.00748	0.01168	0.00791	0.00947	0.00556	0.00644	0.00497	0.00336	0.00262	0.00087	0.00432	0.00216	0.00166	0.00506
9	0.00929	0.01794	0.71248	0.01040	0.01570	0.00848	0.01297	0.01332	0.00864	0.14273	0.00827	0.00897	0.00565	0.00386	0.00372	0.00122	0.00535	0.00303	0.00213	0.00587
10	0.00472	0.00337	0.00450	0.00540	0.00562	0.00315	0.00360	0.00540	0.00742	0.00990	0.02137	0.86122	0.02564	0.01215	0.00495	0.00157	0.00225	0.01102	0.00360	0.00315
11	0.01488	0.00607	0.00836	0.00668	0.00921	0.00545	0.00545	0.01638	0.01032	0.66647	0.05910	0.01437	0.01107	0.00878	0.13667	0.00199	0.00433	0.00411	0.00434	0.00595
12	0.01030	0.68452	0.13785	0.00743	0.01108	0.01420	0.00779	0.06905	0.00865	0.01065	0.00589	0.00672	0.00508	0.00346	0.00276	0.00091	0.00438	0.00229	0.00181	0.00520
13	0.00885	0.27410	0.46341	0.00922	0.01366	0.01102	0.01071	0.01338	0.13767	0.01194	0.00787	0.00858	0.00602	0.00382	0.00336	0.00112	0.00483	0.00286	0.00201	0.00557
14	0.00985	0.18822	0.48106	0.00911	0.01352	0.02894	0.01060	0.01290	0.00851	0.14177	0.00821	0.00948	0.00616	0.05042	0.00434	0.00127	0.00495	0.00301	0.00219	0.00550
15	0.00707	0.20775	0.23224	0.00722	0.00973	0.00773	0.00723	0.02580	0.00807	0.01081	0.03455	0.38004	0.03184	0.00753	0.00400	0.00129	0.00364	0.00646	0.00265	0.00435
16	0.03071	0.15035	0.07887	0.00659	0.00941	0.00771	0.00583	0.01179	0.15261	0.04151	0.03110	0.10871	0.04819	0.00502	0.00344	0.00100	0.00324	0.00411	0.00277	0.29702
17	0.00843	0.24428	0.35529	0.00837	0.01219	0.02515	0.00927	0.03579	0.02347	0.01155	0.00979	0.07849	0.03787	0.00486	0.00352	0.00112	0.00447	0.04722	0.00214	0.07673
18	0.02938	0.07452	0.31708	0.01150	0.15776	0.02014	0.03251	0.08182	0.02210	0.05178	0.05635	0.05400	0.01759	0.02043	0.00404	0.00122	0.00453	0.00380	0.00240	0.03705
19	0.04576	0.09363	0.23887	0.02013	0.15175	0.05328	0.01798	0.09128	0.07218	0.02667	0.00943	0.02279	0.02188	0.01849	0.02030	0.00131	0.00468	0.04724	0.00240	0.03996
20	0.09028	0.05345	0.32731	0.00959	0.02903	0.07462	0.08588	0.07440	0.02253	0.03883	0.04296	0.03501	0.03242	0.03028	0.01268	0.00131	0.00487	0.00365	0.00234	0.02855
21	0.09256	0.02475	0.23528	0.05543	0.02531	0.00815	0.02150	0.14585	0.01008	0.10386	0.03899	0.02078	0.03460	0.00448	0.00375	0.00114	0.01605	0.02219	0.00275	0.13251
22	0.07552	0.08450	0.19151	0.05686	0.02441	0.04088	0.05841	0.19904	0.03465	0.03321	0.03504	0.05675	0.01696	0.00502	0.01575	0.00125	0.00452	0.01615	0.00267	0.04691
23	0.12608	0.14872	0.18263	0.02653	0.04961	0.10157	0.01624	0.06685	0.09882	0.05078	0.00891	0.01016	0.02575	0.01818	0.00396	0.00120	0.03151	0.01646	0.00244	0.01361
24	0.08713	0.07813	0.22571	0.07560	0.05190	0.12865	0.03291	0.04836	0.02730	0.08168	0.04057	0.02201	0.01526	0.02896	0.00412	0.00126	0.00478	0.03818	0.00244	0.00505

[dist]
# distance from previous block
# <min> <max>
27	198

[block]
# block no. 1 follows, 70 sequences, length 29
# corresponding to MSA columns:
# 553-581
name=unknown_B
#
# <colnr> <probs for GDERKNQSTAVLIFYWHMCP>
#	G	D	E	R	K	N	Q	S	T	A	V	L	I	F	Y	W	H	M	C	P
0	0.02116	0.02924	0.28119	0.06298	0.03511	0.06774	0.16843	0.04442	0.03152	0.06265	0.01048	0.11605	0.02973	0.00497	0.00402	0.00126	0.00500	0.00447	0.00240	0.01720
1	0.00916	0.04918	0.16666	0.06155	0.24496	0.02733	0.16000	0.04113	0.04247	0.03790	0.00923	0.06885	0.02000	0.00448	0.00434	0.00125	0.03977	0.00411	0.00223	0.00541
2	0.00867	0.03843	0.01062	0.09121	0.07945	0.08026	0.09967	0.07108	0.03797	0.05126	0.03866	0.26005	0.05537	0.00691	0.00473	0.00133	0.05084	0.00606	0.00289	0.00453
3	0.00925	0.00927	0.08407	0.15983	0.22775	0.02367	0.10804	0.07067	0.03190	0.05534	0.00960	0.07216	0.01731	0.00462	0.00417	0.00122	0.02309	0.02036	0.00241	0.06528
4	0.00800	0.03190	0.10611	0.22198	0.13654	0.02517	0.09334	0.01034	0.02582	0.04746	0.02289	0.14501	0.02762	0.07451	0.00535	0.00149	0.00449	0.00499	0.00237	0.00463
5	0.00755	0.05151	0.11391	0.06074	0.07003	0.00653	0.11233	0.00967	0.02255	0.06832	0.07791	0.17160	0.14394	0.03743	0.00480	0.00138	0.00377	0.01637	0.00288	0.01677
6	0.00811	0.05629	0.22539	0.04142	0.16496	0.01635	0.09915	0.02194	0.03196	0.02965	0.16904	0.03059	0.06127	0.00498	0.00400	0.00120	0.00429	0.00446	0.00256	0.02239
7	0.00948	0.06998	0.08691	0.08350	0.21273	0.02790	0.11977	0.01897	0.01685	0.08585	0.00910	0.05930	0.01623	0.00441	0.00430	0.00117	0.05141	0.01362	0.00233	0.10621
8	0.02691	0.07307	0.24578	0.07791	0.15725	0.03022	0.09655	0.02647	0.00881	0.07328	0.04305	0.08075	0.02124	0.00470	0.00401	0.00123	0.01708	0.00413	0.00233	0.00524
9	0.00828	0.06740	0.12127	0.22447	0.07740	0.05174	0.03590	0.01043	0.00842	0.06325	0.01169	0.15089	0.02740	0.00592	0.00405	0.00129	0.00437	0.08526	0.00249	0.03807
10	0.00897	0.03541	0.28938	0.03998	0.13282	0.03457	0.09867	0.04069	0.03544	0.07661	0.03033	0.07541	0.07464	0.00500	0.00399	0.00124	0.00466	0.00440	0.00249	0.00530
11	0.01029	0.00881	0.10761	0.09247	0.09581	0.02488	0.09027	0.04688	0.06210	0.20809	0.03756	0.09965	0.06345	0.00541	0.00407	0.00125	0.00408	0.00479	0.00312	0.02940
12	0.00926	0.03273	0.12792	0.20345	0.16230	0.11933	0.08470	0.01160	0.00875	0.05041	0.00948	0.04457	0.02787	0.00477	0.00427	0.00126	0.03328	0.05693	0.00219	0.00494
13	0.00888	0.01073	0.21532	0.12150	0.06975	0.04342	0.09711	0.03377	0.03999	0.08488	0.04192	0.06826	0.03936	0.05639	0.00543	0.00143	0.05001	0.00439	0.00249	0.00496
14	0.00878	0.09244	0.20639	0.11075	0.20473	0.03710	0.10071	0.02283	0.05773	0.01210	0.02598	0.03273	0.01931	0.00414	0.00379	0.00118	0.00485	0.01354	0.00211	0.03879
15	0.00935	0.03029	0.13620	0.10828	0.27709	0.00848	0.14885	0.01228	0.04169	0.09349	0.02715	0.07194	0.00840	0.00443	0.00402	0.00124	0.00473	0.00423	0.00239	0.00547
16	0.03214	0.02391	0.11860	0.18045	0.18409	0.00776	0.12015	0.01763	0.00834	0.02420	0.03765	0.11772	0.01025	0.03603	0.02801	0.00152	0.00475	0.03973	0.00230	0.00476
17	0.00676	0.00600	0.00758	0.00791	0.04952	0.07652	0.06799	0.03317	0.02501	0.01098	0.01790	0.49119	0.03970	0.01013	0.02476	0.00160	0.00354	0.11271	0.00323	0.00380
18	0.00492	0.00358	0.00460	0.00518	0.00564	0.00332	0.00359	0.00582	0.00809	0.01077	0.14611	0.58216	0.11139	0.04829	0.00551	0.00160	0.00227	0.04031	0.00364	0.00322
19	0.01007	0.00926	0.03797	0.14417	0.46953	0.03805	0.05881	0.05372	0.02393	0.07690	0.02489	0.02015	0.00713	0.00392	0.00391	0.00119	0.00469	0.00368	0.00231	0.00572
20	0.00774	0.00676	0.03808	0.04470	0.09050	0.02374	0.00631	0.10491	0.05152	0.02329	0.02439	0.08161	0.08127	0.07229	0.26814	0.00301	0.04555	0.01916	0.00268	0.00434
21	0.00568	0.00433	0.00634	0.00625	0.00688	0.00507	0.00483	0.00698	0.00635	0.00916	0.03988	0.01599	0.01069	0.07601	0.73018	0.00569	0.04978	0.00431	0.00215	0.00344
22	0.00568	0.00398	0.00495	0.00491	0.00509	0.00425	0.00316	0.00607	0.00580	0.00795	0.01155	0.02227	0.01270	0.62191	0.23774	0.00436	0.02747	0.00519	0.00226	0.00269
23	0.00826	0.00702	0.00816	0.00585	0.00928	0.00540	0.00469	0.03699	0.00838	0.01303	0.00697	0.00808	0.00577	0.00293	0.00290	0.00059	0.00292	0.00234	0.00235	0.85809
24	0.05823	0.16947	0.10265	0.00961	0.07958	0.09138	0.02916	0.14288	0.14039	0.07196	0.00950	0.04739	0.00764	0.00452	0.00371	0.00115	0.01896	0.00352	0.00278	0.00553
25	0.00548	0.00379	0.00471	0.00483	0.00504	0.00389	0.00309	0.00593	0.00622	0.00847	0.04447	0.14544	0.01573	0.53606	0.18670	0.00385	0.00482	0.00617	0.00255	0.00274
26	0.01027	0.02858	0.10571	0.08371	0.26940	0.02898	0.13041	0.13368	0.01046	0.07619	0.06281	0.01145	0.02222	0.00418	0.00397	0.00120	0.00473	0.00385	0.00256	0.00564
27	0.02477	0.00885	0.03041	0.15062	0.44753	0.04226	0.00979	0.01183	0.00871	0.06755	0.00760	0.00950	0.00604	0.00354	0.00364	0.00107	0.00440	0.00321	0.00215	0.15653
28	0.41287	0.10193	0.04828	0.00741	0.00980	0.22202	0.00629	0.05889	0.00853	0.01402	0.00582	0.00690	0.00472	0.00400	0.00368	0.00115	0.07449	0.00242	0.00221	0.00457

[dist]
# distance from previous block
# <min> <max>
0	1

[block]
# block no. 2 follows, 70 sequences, length 11
# corresponding to MSA columns:
# 583-593
name=unknown_C
#
# <colnr> <probs for GDERKNQSTAVLIFYWHMCP>
#	G	D	E	R	K	N	Q	S	T	A	V	L	I	F	Y	W	H	M	C	P
0	0.04118	0.03692	0.06082	0.10783	0.48463	0.00966	0.06538	0.09789	0.03399	0.01374	0.00760	0.00954	0.00606	0.00368	0.00380	0.00118	0.00470	0.00344	0.00216	0.00580
1	0.00789	0.00706	0.00717	0.00624	0.02711	0.08619	0.00471	0.04276	0.04848	0.03173	0.10062	0.02004	0.27918	0.00606	0.00400	0.00103	0.02126	0.00493	0.00307	0.29045
2	0.00513	0.00366	0.00479	0.00531	0.00569	0.00356	0.00368	0.00597	0.00752	0.01013	0.10326	0.47476	0.04707	0.15470	0.08783	0.00235	0.00332	0.06481	0.00331	0.00313
3	0.01066	0.03450	0.01354	0.17717	0.26602	0.24027	0.07317	0.06227	0.00976	0.01183	0.00731	0.00984	0.00603	0.00391	0.00378	0.00114	0.00540	0.02499	0.00208	0.03632
4	0.00657	0.00522	0.00581	0.00614	0.00667	0.07826	0.00457	0.00710	0.00745	0.00942	0.01592	0.23642	0.04604	0.12593	0.03459	0.15478	0.02617	0.21703	0.00286	0.00306
5	0.03608	0.01085	0.01112	0.00946	0.01119	0.22477	0.08314	0.11950	0.11681	0.01287	0.00979	0.05883	0.02675	0.00645	0.03664	0.00150	0.19264	0.02417	0.00261	0.00482
6	0.01018	0.04474	0.03133	0.09946	0.18056	0.04099	0.05399	0.18469	0.12856	0.02871	0.01025	0.06862	0.00870	0.00531	0.01664	0.00131	0.02901	0.02875	0.00281	0.02541
7	0.00572	0.00411	0.00507	0.00535	0.00613	0.00392	0.00392	0.03265	0.02300	0.02675	0.12363	0.36321	0.17756	0.06381	0.03067	0.00174	0.00271	0.09670	0.01988	0.00347
8	0.00647	0.00430	0.00504	0.00485	0.00560	0.00413	0.00330	0.02688	0.03810	0.06517	0.16700	0.11928	0.15164	0.36874	0.01092	0.00234	0.00291	0.00668	0.00329	0.00334
9	0.08595	0.00615	0.00748	0.00701	0.05454	0.00591	0.00509	0.05466	0.03760	0.04660	0.01242	0.15108	0.05944	0.00968	0.14663	0.00193	0.02234	0.00467	0.00277	0.27806
10	0.00943	0.00764	0.00996	0.18665	0.11434	0.02234	0.00718	0.11047	0.05041	0.07149	0.02356	0.01212	0.07147	0.00426	0.00362	0.00102	0.00376	0.00357	0.00271	0.28400

[dist]
# distance from previous block
# <min> <max>
0	1

[block]
# block no. 3 follows, 70 sequences, length 6
# corresponding to MSA columns:
# 595-600
name=unknown_D
#
# <colnr> <probs for GDERKNQSTAVLIFYWHMCP>
#	G	D	E	R	K	N	Q	S	T	A	V	L	I	F	Y	W	H	M	C	P
0	0.00944	0.03348	0.08887	0.09459	0.31160	0.02989	0.07550	0.04180	0.03580	0.05637	0.03142	0.01097	0.03346	0.00393	0.00376	0.00111	0.00444	0.00357	0.00233	0.12768
1	0.00822	0.00672	0.00809	0.02793	0.06615	0.02634	0.00536	0.06500	0.05741	0.03769	0.04622	0.09928	0.04383	0.03987	0.07777	0.00152	0.00381	0.00428	0.00278	0.37173
2	0.08350	0.00655	0.00932	0.07163	0.08618	0.00663	0.06308	0.05008	0.03024	0.21093	0.09060	0.11090	0.03995	0.02961	0.02933	0.00152	0.02577	0.04595	0.00333	0.00489
3	0.00860	0.05643	0.17763	0.05533	0.11584	0.09592	0.06950	0.04585	0.00860	0.01150	0.03980	0.02756	0.00820	0.05361	0.15296	0.00218	0.02030	0.00371	0.00212	0.04438
4	0.00621	0.00429	0.00602	0.00588	0.00669	0.00459	0.00441	0.00736	0.00660	0.05214	0.01176	0.09657	0.01161	0.14072	0.56660	0.00490	0.00794	0.00490	0.00241	0.04836
5	0.02988	0.00997	0.04735	0.06448	0.08058	0.08921	0.17672	0.11676	0.04782	0.07548	0.00893	0.05109	0.00723	0.00441	0.00446	0.00118	0.06113	0.00384	0.00260	0.11689

[dist]
# distance from previous block
# <min> <max>
5	10

[block]
# block no. 4 follows, 70 sequences, length 9
# corresponding to MSA columns:
# 614-622
name=unknown_E
#
# <colnr> <probs for GDERKNQSTAVLIFYWHMCP>
#	G	D	E	R	K	N	Q	S	T	A	V	L	I	F	Y	W	H	M	C	P
0	0.00865	0.10992	0.05051	0.01848	0.02166	0.09934	0.10113	0.02774	0.04090	0.03280	0.12835	0.02679	0.10702	0.02951	0.03564	0.00139	0.05867	0.00445	0.00267	0.09438
1	0.00645	0.02989	0.02581	0.00612	0.03859	0.00451	0.00442	0.00797	0.03774	0.05422	0.12197	0.35590	0.13592	0.02582	0.00487	0.01701	0.00256	0.01862	0.03483	0.06679
2	0.05374	0.02610	0.05830	0.13940	0.47309	0.00897	0.01027	0.05270	0.02777	0.01325	0.07435	0.01103	0.00840	0.00406	0.00398	0.00119	0.02202	0.00363	0.00222	0.00551
3	0.00813	0.00755	0.05034	0.00608	0.00950	0.00552	0.00514	0.03828	0.00855	0.01317	0.04911	0.00915	0.00729	0.00323	0.00303	0.00066	0.00301	0.00261	0.00242	0.76722
4	0.00507	0.00353	0.00446	0.00514	0.00550	0.00333	0.00350	0.00585	0.00747	0.01012	0.02099	0.61159	0.07963	0.09838	0.00629	0.00174	0.00242	0.05320	0.06864	0.00313
5	0.00545	0.00428	0.00540	0.00626	0.07660	0.00397	0.00400	0.00647	0.00828	0.01077	0.13918	0.18673	0.30358	0.16945	0.00747	0.00182	0.00265	0.05095	0.00331	0.00339
6	0.00804	0.00689	0.00804	0.00574	0.00919	0.00517	0.00459	0.00976	0.00804	0.01263	0.00689	0.00804	0.00574	0.00287	0.00287	0.00057	0.00287	0.00230	0.00230	0.88745
7	0.00847	0.00691	0.00768	0.03651	0.02355	0.03663	0.00555	0.09574	0.30847	0.03270	0.03237	0.25420	0.06967	0.00769	0.00469	0.02359	0.01549	0.02172	0.00357	0.00481
8	0.03128	0.09188	0.01360	0.01615	0.44422	0.13420	0.02806	0.02910	0.03310	0.01208	0.00945	0.01208	0.04653	0.02595	0.00411	0.00120	0.00462	0.03405	0.02300	0.00534

[dist]
# distance from previous block
# <min> <max>
1	3

[block]
# block no. 5 follows, 70 sequences, length 14
# corresponding to MSA columns:
# 626-639
name=unknown_F
#
# <colnr> <probs for GDERKNQSTAVLIFYWHMCP>
#	G	D	E	R	K	N	Q	S	T	A	V	L	I	F	Y	W	H	M	C	P
0	0.00521	0.00385	0.00511	0.00538	0.00582	0.00364	0.03230	0.00589	0.00725	0.00955	0.03340	0.46022	0.10426	0.25114	0.00907	0.00216	0.00285	0.04667	0.00320	0.00304
1	0.00862	0.14990	0.43999	0.03172	0.07703	0.01031	0.10397	0.01241	0.05603	0.01182	0.00723	0.00867	0.00554	0.00385	0.00418	0.00120	0.05711	0.00311	0.00184	0.00548
2	0.00543	0.00401	0.00506	0.00481	0.00577	0.00364	0.00356	0.00704	0.01028	0.01434	0.65643	0.07472	0.11687	0.03901	0.00509	0.00132	0.00197	0.00716	0.00404	0.02946
3	0.03424	0.26366	0.17939	0.01149	0.01547	0.01116	0.34100	0.04304	0.00894	0.04571	0.00724	0.00872	0.00556	0.00349	0.00367	0.00114	0.00536	0.00337	0.00201	0.00533
4	0.00815	0.00694	0.04044	0.03089	0.03286	0.00592	0.07261	0.02892	0.07850	0.07154	0.10578	0.11448	0.05834	0.03065	0.00431	0.00114	0.00326	0.00487	0.00302	0.29738
5	0.01016	0.79869	0.08590	0.00699	0.01049	0.01484	0.00725	0.01166	0.00790	0.00937	0.00551	0.00638	0.00497	0.00335	0.00258	0.00086	0.00427	0.00214	0.00166	0.00504
6	0.00972	0.05621	0.13168	0.01241	0.01599	0.01016	0.39563	0.12253	0.13191	0.01422	0.00898	0.01046	0.00677	0.00467	0.02972	0.00141	0.02557	0.00399	0.00245	0.00553
7	0.00889	0.00795	0.01217	0.48195	0.18120	0.00926	0.01005	0.13693	0.00952	0.01269	0.00839	0.01088	0.03513	0.00429	0.00441	0.00127	0.05426	0.00362	0.00216	0.00498
8	0.00838	0.00772	0.01274	0.29881	0.42573	0.00831	0.01032	0.03496	0.00869	0.01190	0.02793	0.07940	0.00869	0.00470	0.00401	0.00126	0.00449	0.03463	0.00216	0.00515
9	0.00675	0.00573	0.06410	0.00626	0.02636	0.00477	0.00491	0.04571	0.05006	0.06699	0.06680	0.30732	0.21295	0.05878	0.00544	0.00154	0.00282	0.05526	0.00350	0.00397
10	0.00574	0.00396	0.00459	0.00460	0.00475	0.00405	0.00277	0.00634	0.03936	0.00811	0.01269	0.06769	0.01425	0.71801	0.08433	0.00374	0.00418	0.00575	0.00246	0.00263
11	0.03272	0.01031	0.02871	0.14800	0.43562	0.11223	0.01025	0.13573	0.01029	0.01373	0.00755	0.00983	0.00613	0.00390	0.00380	0.00117	0.00490	0.01729	0.00223	0.00562
12	0.06769	0.00850	0.00950	0.02046	0.03987	0.03785	0.02333	0.24587	0.24648	0.08783	0.03268	0.05775	0.01136	0.00574	0.00402	0.00130	0.00370	0.08682	0.00364	0.00561
13	0.12612	0.02052	0.01055	0.09398	0.18665	0.08201	0.01790	0.07715	0.13898	0.06076	0.04936	0.01143	0.00858	0.01867	0.00388	0.00120	0.00404	0.01351	0.00277	0.07193

[dist]
# distance from previous block
# <min> <max>
5	55

[block]
# block no. 6 follows, 70 sequences, length 13
# corresponding to MSA columns:
# 695-707
name=unknown_G
#
# <colnr> <probs for GDERKNQSTAVLIFYWHMCP>
#	G	D	E	R	K	N	Q	S	T	A	V	L	I	F	Y	W	H	M	C	P
0	0.09223	0.08030	0.06757	0.17975	0.23403	0.01951	0.03987	0.05701	0.06731	0.04930	0.01953	0.02919	0.02686	0.00420	0.00366	0.00119	0.00434	0.00360	0.00238	0.01817
1	0.00947	0.03226	0.01315	0.09597	0.23240	0.08314	0.11647	0.05415	0.02172	0.02331	0.03193	0.01089	0.03310	0.01725	0.00451	0.00114	0.05380	0.00358	0.00226	0.15949
2	0.37362	0.03025	0.04248	0.10520	0.05556	0.14937	0.00682	0.07504	0.03206	0.01451	0.00717	0.00837	0.02254	0.00404	0.00348	0.00117	0.03574	0.00277	0.00234	0.02747
3	0.00502	0.00402	0.00451	0.00449	0.00559	0.00357	0.00333	0.00653	0.03526	0.01207	0.27002	0.12513	0.48787	0.00938	0.00460	0.00131	0.00199	0.00803	0.00381	0.00346
4	0.00632	0.00510	0.00617	0.05555	0.03965	0.00506	0.00454	0.05151	0.09402	0.01334	0.28421	0.05970	0.31508	0.03657	0.00493	0.00136	0.00252	0.00674	0.00365	0.00400
5	0.00959	0.03962	0.08145	0.02742	0.18397	0.09293	0.05545	0.06961	0.14184	0.01322	0.05435	0.01125	0.00864	0.00579	0.04806	0.00146	0.08727	0.00367	0.02630	0.03812
6	0.00589	0.00433	0.00499	0.00471	0.00598	0.00393	0.00357	0.00784	0.05758	0.05331	0.38113	0.03122	0.40425	0.00849	0.00451	0.00127	0.00203	0.00725	0.00397	0.00377
7	0.01112	0.04475	0.11601	0.00913	0.03118	0.12025	0.04270	0.12615	0.29026	0.07791	0.01108	0.02953	0.00844	0.00457	0.00376	0.00117	0.00430	0.00370	0.00312	0.06085
8	0.00801	0.07776	0.13061	0.00846	0.01114	0.00740	0.13490	0.04569	0.05385	0.03766	0.05758	0.14304	0.06510	0.01962	0.01969	0.00135	0.02290	0.04328	0.00276	0.10920
9	0.02231	0.26462	0.13362	0.03005	0.08800	0.07451	0.06693	0.05140	0.03862	0.07646	0.00921	0.02674	0.02833	0.00480	0.02251	0.00121	0.00467	0.01891	0.03189	0.00520
10	0.03123	0.31260	0.33211	0.00856	0.01241	0.04434	0.02824	0.01225	0.07752	0.01145	0.02765	0.03483	0.04291	0.00430	0.00336	0.00110	0.00460	0.00329	0.00208	0.00517
11	0.00623	0.00469	0.00621	0.04233	0.00762	0.00469	0.02765	0.04227	0.02391	0.03786	0.12204	0.34856	0.16790	0.05655	0.00583	0.00157	0.03689	0.05007	0.00346	0.00368
12	0.02482	0.19684	0.13145	0.03634	0.01081	0.07020	0.05884	0.03216	0.00811	0.03981	0.00995	0.09907	0.02276	0.07491	0.15246	0.00222	0.00553	0.00419	0.00225	0.01728

[dist]
# distance from previous block
# <min> <max>
5	36

[block]
# block no. 7 follows, 70 sequences, length 20
# corresponding to MSA columns:
# 744-763
name=unknown_H
#
# <colnr> <probs for GDERKNQSTAVLIFYWHMCP>
#	G	D	E	R	K	N	Q	S	T	A	V	L	I	F	Y	W	H	M	C	P
0	0.00899	0.16152	0.06923	0.17768	0.19322	0.06349	0.05805	0.02727	0.03359	0.01979	0.02378	0.05282	0.04028	0.00483	0.01484	0.00123	0.01133	0.01182	0.00946	0.01677
1	0.03728	0.14982	0.18739	0.03395	0.17096	0.04412	0.03781	0.06343	0.05710	0.03785	0.02037	0.01084	0.05583	0.00460	0.01244	0.00121	0.05219	0.00345	0.00229	0.01706
2	0.02115	0.05044	0.06531	0.03917	0.15249	0.09292	0.01908	0.14490	0.12511	0.01374	0.01187	0.07342	0.05862	0.04931	0.01872	0.00144	0.03755	0.01687	0.00276	0.00513
3	0.01888	0.14702	0.05125	0.02141	0.02633	0.06135	0.08469	0.07904	0.05516	0.04945	0.01189	0.05660	0.07391	0.15090	0.00700	0.03112	0.02345	0.00437	0.00258	0.04358
4	0.11834	0.11094	0.08688	0.01901	0.07164	0.03308	0.05312	0.17234	0.06174	0.03203	0.04975	0.05471	0.04850	0.00560	0.02890	0.00132	0.01245	0.00395	0.00279	0.03292
5	0.05215	0.07987	0.13658	0.03755	0.08603	0.08065	0.00790	0.11661	0.06046	0.08502	0.06194	0.01217	0.06175	0.00475	0.00411	0.00115	0.04722	0.00366	0.00277	0.05766
6	0.03313	0.03358	0.00587	0.00529	0.00646	0.03028	0.00394	0.00787	0.05609	0.02410	0.09098	0.14437	0.25561	0.10374	0.14116	0.00233	0.00392	0.00647	0.00311	0.04170
7	0.02280	0.24645	0.05897	0.00712	0.01015	0.02429	0.00637	0.18695	0.05911	0.01436	0.05115	0.03536	0.00833	0.00501	0.03143	0.00112	0.00395	0.00322	0.00265	0.22120
8	0.00886	0.02862	0.36580	0.06761	0.16185	0.05038	0.08365	0.04929	0.02120	0.01228	0.00739	0.00958	0.00584	0.04094	0.00493	0.00132	0.04950	0.00331	0.00193	0.02571
9	0.02114	0.42671	0.16330	0.00828	0.01161	0.09681	0.05554	0.02200	0.03600	0.04208	0.00796	0.07778	0.00713	0.00431	0.00324	0.00105	0.00462	0.00330	0.00210	0.00503
10	0.00579	0.00490	0.00522	0.00581	0.00634	0.07297	0.00402	0.00696	0.04338	0.01015	0.02064	0.66607	0.06999	0.03330	0.00516	0.00156	0.00273	0.02820	0.00345	0.00338
11	0.00762	0.06846	0.00778	0.00635	0.00774	0.00572	0.03584	0.03367	0.02367	0.10780	0.13327	0.22224	0.17111	0.00848	0.00496	0.00138	0.05263	0.09363	0.00353	0.00412
12	0.00526	0.00393	0.00478	0.00515	0.00587	0.00366	0.00371	0.03094	0.00852	0.01109	0.10956	0.41374	0.23675	0.06044	0.00568	0.00160	0.00240	0.08002	0.00360	0.00333
13	0.01352	0.05750	0.00961	0.00716	0.00974	0.00780	0.00590	0.25427	0.03420	0.36083	0.09455	0.05155	0.03826	0.00565	0.00399	0.00121	0.00341	0.03086	0.00414	0.00585
14	0.01087	0.00786	0.00854	0.00745	0.00972	0.02156	0.00585	0.04255	0.57304	0.16739	0.04092	0.01572	0.06010	0.00548	0.00398	0.00128	0.00311	0.00454	0.00406	0.00597
15	0.01097	0.36970	0.01389	0.00722	0.00994	0.02115	0.04132	0.03163	0.18300	0.15748	0.04007	0.03644	0.02355	0.02144	0.00370	0.00113	0.00370	0.00366	0.01468	0.00535
16	0.00978	0.52001	0.24339	0.00801	0.01180	0.04790	0.00867	0.04662	0.00860	0.01085	0.03228	0.00780	0.00611	0.00412	0.01866	0.00107	0.00475	0.00256	0.00185	0.00516
17	0.00673	0.00337	0.00505	0.00505	0.00505	0.00337	0.00337	0.00505	0.00505	0.00673	0.00673	0.01178	0.00673	0.01347	0.01515	0.88721	0.00337	0.00337	0.00168	0.00168
18	0.01114	0.56600	0.04676	0.00908	0.08671	0.17102	0.00758	0.04328	0.00895	0.01021	0.00588	0.00686	0.00514	0.00352	0.00290	0.00092	0.00478	0.00236	0.00183	0.00508
19	0.00840	0.29199	0.04828	0.00797	0.03517	0.02562	0.07929	0.04131	0.05478	0.01122	0.07815	0.01352	0.05800	0.03230	0.18513	0.00223	0.00543	0.00387	0.00235	0.01497

[dist]
# distance from previous block
# <min> <max>
2	135

[block]
# block no. 8 follows, 70 sequences, length 10
# corresponding to MSA columns:
# 899-908
name=unknown_I
#
# <colnr> <probs for GDERKNQSTAVLIFYWHMCP>
#	G	D	E	R	K	N	Q	S	T	A	V	L	I	F	Y	W	H	M	C	P
0	0.00950	0.37693	0.32147	0.00840	0.01238	0.07045	0.00926	0.01226	0.03341	0.03000	0.02708	0.00876	0.02620	0.00384	0.00319	0.00102	0.00473	0.00278	0.00195	0.03639
1	0.01027	0.42059	0.27507	0.00849	0.01232	0.06185	0.00914	0.05654	0.02475	0.04820	0.00676	0.00760	0.00539	0.00377	0.00345	0.00104	0.03487	0.00259	0.00198	0.00534
2	0.03614	0.33441	0.03369	0.02927	0.03080	0.19749	0.00694	0.01277	0.00913	0.12030	0.00946	0.02953	0.00851	0.00494	0.00346	0.00111	0.00459	0.12013	0.00249	0.00485
3	0.00476	0.00372	0.00420	0.00450	0.00530	0.00329	0.00315	0.00558	0.00815	0.01020	0.06008	0.32280	0.45438	0.08447	0.00602	0.00161	0.00221	0.00891	0.00352	0.00316
4	0.00535	0.00495	0.06365	0.00496	0.00595	0.00392	0.00384	0.00642	0.00800	0.01060	0.18386	0.13797	0.24395	0.26874	0.02920	0.00218	0.00298	0.00708	0.00318	0.00323
5	0.01049	0.18805	0.40307	0.00960	0.01370	0.20102	0.01041	0.04481	0.03327	0.04132	0.00707	0.00793	0.00538	0.00380	0.00342	0.00109	0.00548	0.00273	0.00199	0.00537
6	0.65526	0.00731	0.00667	0.00575	0.00803	0.00826	0.00473	0.01237	0.00744	0.15430	0.03325	0.00832	0.00618	0.00416	0.00345	0.00124	0.06325	0.00265	0.00281	0.00458
7	0.01023	0.08379	0.03497	0.06101	0.25419	0.15494	0.13741	0.05374	0.05760	0.01220	0.02788	0.01035	0.01803	0.02041	0.00455	0.00122	0.04645	0.00358	0.00219	0.00526
8	0.00532	0.00378	0.00475	0.00512	0.00580	0.00353	0.00364	0.00623	0.00792	0.03806	0.06984	0.42949	0.22682	0.05735	0.09142	0.00207	0.00313	0.02895	0.00346	0.00332
9	0.02069	0.14041	0.02554	0.00910	0.06935	0.15358	0.03229	0.14269	0.04279	0.05903	0.03974	0.02860	0.02907	0.06571	0.01966	0.00139	0.06545	0.00366	0.00265	0.04859

[dist]
# distance from previous block
# <min> <max>
1	4

[block]
# block no. 9 follows, 70 sequences, length 18
# corresponding to MSA columns:
# 913-930
name=unknown_J
#
# <colnr> <probs for GDERKNQSTAVLIFYWHMCP>
#	G	D	E	R	K	N	Q	S	T	A	V	L	I	F	Y	W	H	M	C	P
0	0.00992	0.02211	0.06891	0.06014	0.33419	0.15989	0.03067	0.02168	0.03370	0.04062	0.05008	0.02975	0.00866	0.00556	0.03884	0.00141	0.04526	0.03109	0.00229	0.00522
1	0.00830	0.00498	0.00633	0.00559	0.00722	0.00431	0.00418	0.00952	0.00870	0.18244	0.14109	0.23948	0.03696	0.09395	0.02393	0.00154	0.00288	0.01680	0.00350	0.19828
2	0.00851	0.00973	0.14852	0.04387	0.19073	0.02895	0.08905	0.07157	0.00938	0.02539	0.03458	0.01452	0.13806	0.00535	0.02445	0.00126	0.00434	0.00419	0.04542	0.10213
3	0.00469	0.00350	0.00436	0.00505	0.00553	0.00318	0.00345	0.00544	0.00775	0.01003	0.02555	0.66859	0.21558	0.01160	0.00486	0.00151	0.00218	0.01036	0.00360	0.00318
4	0.01080	0.63553	0.01750	0.00722	0.01023	0.10310	0.00667	0.03214	0.12436	0.01051	0.00700	0.00753	0.00598	0.00369	0.00283	0.00092	0.00430	0.00248	0.00207	0.00512
5	0.00645	0.00491	0.00687	0.02918	0.00875	0.00467	0.02553	0.00818	0.00863	0.01156	0.01803	0.11461	0.01946	0.00939	0.00491	0.00157	0.00346	0.58271	0.00331	0.12782
6	0.01348	0.01685	0.01108	0.12868	0.01405	0.73018	0.00795	0.01470	0.01053	0.00955	0.00612	0.00746	0.00502	0.00398	0.00355	0.00104	0.00673	0.00263	0.00196	0.00447
7	0.01036	0.86609	0.02032	0.00663	0.00995	0.01534	0.00663	0.01161	0.00788	0.00912	0.00539	0.00622	0.00498	0.00332	0.00249	0.00083	0.00415	0.00207	0.00166	0.00498
8	0.00868	0.05100	0.34871	0.02948	0.05499	0.04804	0.00942	0.04150	0.02519	0.01263	0.00710	0.00828	0.00550	0.00344	0.00335	0.00095	0.00448	0.00270	0.00204	0.33254
9	0.02392	0.01080	0.01324	0.25728	0.20746	0.21713	0.07363	0.01189	0.00864	0.01067	0.00656	0.00902	0.00538	0.00416	0.00503	0.00124	0.12397	0.00327	0.00186	0.00484
10	0.00488	0.00355	0.00464	0.00545	0.00585	0.00330	0.00383	0.00570	0.00772	0.01014	0.02300	0.69213	0.10361	0.01176	0.00496	0.00157	0.00237	0.09874	0.00360	0.00321
11	0.00529	0.00414	0.00557	0.00606	0.00630	0.00441	0.00432	0.00604	0.00735	0.00998	0.03733	0.69050	0.04093	0.01122	0.00603	0.00158	0.12235	0.02392	0.00335	0.00332
12	0.00522	0.00362	0.00432	0.00467	0.00483	0.00349	0.00287	0.00554	0.00653	0.00862	0.01742	0.35156	0.06855	0.48037	0.01306	0.00276	0.00306	0.00789	0.00291	0.00272
13	0.00690	0.00723	0.13581	0.00671	0.00858	0.00543	0.02584	0.04599	0.03784	0.05082	0.28354	0.16582	0.12639	0.00784	0.00467	0.00133	0.02522	0.04628	0.00350	0.00424
14	0.02002	0.11136	0.06132	0.03803	0.15755	0.09619	0.14654	0.06335	0.02799	0.01263	0.03059	0.02914	0.01818	0.00390	0.00363	0.00104	0.00465	0.00347	0.00225	0.16818
15	0.01204	0.19316	0.17238	0.02985	0.06008	0.08115	0.08712	0.07129	0.02576	0.01471	0.03062	0.06002	0.09049	0.00693	0.00522	0.00170	0.02765	0.02007	0.00332	0.00645
16	0.03286	0.04312	0.09967	0.06900	0.26739	0.07026	0.05618	0.08219	0.11127	0.02600	0.03475	0.01077	0.02165	0.00418	0.00397	0.00117	0.02343	0.00357	0.00246	0.03612
17	0.02634	0.14404	0.07320	0.02054	0.12833	0.09223	0.02765	0.12588	0.07349	0.05129	0.00899	0.01870	0.02678	0.00459	0.00462	0.00117	0.10204	0.01723	0.00251	0.05035

[dist]
# distance from previous block
# <min> <max>
1	26

[block]
# block no. 10 follows, 70 sequences, length 71
# corresponding to MSA columns:
# 957-1027
name=unknown_K
#
# <colnr> <probs for GDERKNQSTAVLIFYWHMCP>
#	G	D	E	R	K	N	Q	S	T	A	V	L	I	F	Y	W	H	M	C	P
0	0.03063	0.00825	0.02688	0.00793	0.04495	0.08136	0.02392	0.11144	0.01083	0.35667	0.03133	0.07809	0.04231	0.01744	0.00406	0.00117	0.00370	0.00428	0.00365	0.11109
1	0.02274	0.01943	0.04410	0.02174	0.04336	0.00643	0.03505	0.08794	0.11363	0.09984	0.14849	0.19895	0.04027	0.01944	0.00441	0.00130	0.00315	0.02011	0.00350	0.06610
2	0.03714	0.00466	0.00550	0.00534	0.01816	0.00437	0.02104	0.03267	0.03391	0.02557	0.13163	0.16044	0.33495	0.11965	0.00642	0.00163	0.00257	0.01752	0.00342	0.03342
3	0.00869	0.00715	0.02214	0.00799	0.09474	0.00584	0.01864	0.01096	0.05424	0.07153	0.03066	0.05094	0.00832	0.02110	0.00363	0.00087	0.00316	0.00330	0.00263	0.57349
4	0.00841	0.00649	0.00728	0.00676	0.02019	0.02300	0.00506	0.16836	0.17412	0.02808	0.07973	0.12647	0.10334	0.10227	0.08145	0.01467	0.00383	0.03251	0.00344	0.00452
5	0.01297	0.10095	0.01143	0.02608	0.01160	0.53673	0.00713	0.05218	0.15072	0.02520	0.00822	0.02503	0.00671	0.00434	0.00353	0.00106	0.00572	0.00303	0.00245	0.00492
6	0.00906	0.19776	0.46255	0.01020	0.02403	0.05371	0.07530	0.02596	0.02231	0.02526	0.00762	0.00872	0.02291	0.00381	0.00365	0.00113	0.01896	0.00298	0.00187	0.02219
7	0.00996	0.00920	0.01496	0.04719	0.66447	0.02148	0.04024	0.05479	0.03686	0.03490	0.00814	0.02576	0.00675	0.00379	0.00389	0.00117	0.00458	0.00367	0.00219	0.00601
8	0.03009	0.00711	0.00884	0.00763	0.00939	0.02925	0.06736	0.16690	0.11296	0.09908	0.05305	0.27122	0.05907	0.00741	0.00477	0.00136	0.04975	0.00636	0.00355	0.00484
9	0.00477	0.00349	0.00443	0.00516	0.00554	0.00322	0.00349	0.00548	0.00756	0.00989	0.02349	0.68921	0.14186	0.05306	0.00562	0.00165	0.00230	0.02313	0.00354	0.00313
10	0.00880	0.01041	0.20533	0.02679	0.11358	0.04705	0.11158	0.03033	0.02266	0.09027	0.02192	0.18983	0.01970	0.03737	0.00500	0.00141	0.02801	0.02239	0.00265	0.00494
11	0.00922	0.03453	0.02400	0.01068	0.05066	0.02368	0.24848	0.12394	0.03373	0.06216	0.01279	0.22230	0.01247	0.00657	0.00479	0.00137	0.04047	0.07034	0.00296	0.00487
12	0.00878	0.00838	0.01426	0.32235	0.54741	0.00900	0.01149	0.01118	0.00844	0.01167	0.00715	0.00986	0.00579	0.00361	0.00385	0.00120	0.00481	0.00345	0.00185	0.00548
13	0.00558	0.00380	0.00449	0.00452	0.00464	0.00387	0.00272	0.00580	0.00583	0.00784	0.01275	0.05018	0.02858	0.71430	0.12605	0.00397	0.00454	0.00566	0.00237	0.00253
14	0.03831	0.05055	0.01138	0.01033	0.05408	0.70868	0.00754	0.03949	0.01077	0.01030	0.00620	0.00729	0.00516	0.00440	0.01853	0.00110	0.00662	0.00258	0.00205	0.00463
15	0.00479	0.00388	0.00416	0.00418	0.00527	0.00335	0.00305	0.00579	0.00881	0.01092	0.14440	0.09570	0.61467	0.06691	0.00562	0.00148	0.00209	0.00806	0.00361	0.00325
16	0.01474	0.01086	0.01163	0.00892	0.01202	0.01202	0.00737	0.82664	0.01823	0.02443	0.00931	0.00931	0.00659	0.00465	0.00388	0.00116	0.00427	0.00349	0.00388	0.00659
17	0.01448	0.01848	0.01099	0.00999	0.01199	0.84819	0.00749	0.01548	0.01099	0.00949	0.00599	0.00699	0.00499	0.00400	0.00350	0.00100	0.00699	0.00250	0.00200	0.00449
18	0.01036	0.86609	0.02032	0.00663	0.00995	0.01534	0.00663	0.01161	0.00788	0.00912	0.00539	0.00622	0.00498	0.00332	0.00249	0.00083	0.00415	0.00207	0.00166	0.00498
19	0.01019	0.18421	0.09574	0.08262	0.26031	0.05213	0.05856	0.03387	0.03937	0.07556	0.01801	0.00997	0.00672	0.00401	0.00398	0.00115	0.03908	0.01682	0.00222	0.00547
20	0.01095	0.07258	0.20385	0.01224	0.15138	0.06668	0.11725	0.05155	0.08441	0.15322	0.00994	0.01083	0.02023	0.00414	0.00383	0.00119	0.00482	0.01249	0.00265	0.00575
21	0.00554	0.00415	0.00623	0.00623	0.00692	0.00485	0.00485	0.00692	0.00623	0.00900	0.01038	0.01523	0.00969	0.02908	0.84839	0.00623	0.01038	0.00415	0.00208	0.00346
22	0.01010	0.28607	0.22086	0.04842	0.12393	0.08409	0.08841	0.06102	0.00913	0.02429	0.00677	0.00810	0.00538	0.00361	0.00342	0.00108	0.00511	0.00290	0.00193	0.00539
23	0.00522	0.00452	0.01860	0.00526	0.00652	0.00386	0.03418	0.00658	0.02178	0.01106	0.08838	0.22135	0.45183	0.00961	0.00463	0.00137	0.00241	0.06411	0.00351	0.03522
24	0.00475	0.00339	0.00449	0.00536	0.00558	0.00317	0.00356	0.00541	0.00736	0.00982	0.02107	0.83418	0.02527	0.03970	0.00543	0.00165	0.00230	0.01085	0.00356	0.00312
25	0.00906	0.00896	0.02823	0.21585	0.60790	0.02623	0.01145	0.01142	0.00861	0.01192	0.00764	0.01010	0.01814	0.00366	0.00385	0.00118	0.00476	0.00349	0.00190	0.00563
26	0.00958	0.05444	0.28250	0.11000	0.19619	0.08831	0.09465	0.05409	0.00912	0.02800	0.00717	0.00893	0.00550	0.00379	0.00405	0.00120	0.03184	0.00323	0.00195	0.00547
27	0.01401	0.01658	0.01086	0.01003	0.03489	0.68730	0.00742	0.04383	0.08776	0.04091	0.00739	0.00807	0.00589	0.00415	0.00357	0.00105	0.00633	0.00278	0.00234	0.00484
28	0.00623	0.00513	0.00745	0.00708	0.00766	0.00640	0.00563	0.00768	0.02160	0.00920	0.00938	0.01381	0.00878	0.02400	0.65892	0.00520	0.18615	0.00400	0.00203	0.00367
29	0.00993	0.01136	0.01856	0.03175	0.08060	0.15746	0.50829	0.01246	0.00918	0.01168	0.02891	0.01009	0.00646	0.00386	0.00504	0.00127	0.08202	0.00406	0.00200	0.00502
30	0.01079	0.00893	0.00955	0.00836	0.03630	0.02647	0.00641	0.24278	0.45676	0.01776	0.02658	0.01323	0.03827	0.00502	0.00386	0.00120	0.00346	0.00407	0.00369	0.07651
31	0.00936	0.00910	0.01592	0.09701	0.70441	0.00920	0.07430	0.01176	0.00876	0.01240	0.00730	0.00973	0.00603	0.00348	0.00390	0.00118	0.00480	0.00354	0.00190	0.00591
32	0.00516	0.00420	0.00522	0.00483	0.00607	0.00370	0.03544	0.00660	0.00979	0.01278	0.38886	0.03259	0.45324	0.00873	0.00458	0.00127	0.00208	0.00753	0.00383	0.00352
33	0.00732	0.00689	0.01163	0.85444	0.02670	0.00861	0.01077	0.00991	0.00775	0.00991	0.00689	0.01034	0.00517	0.00388	0.00388	0.00129	0.00517	0.00345	0.00172	0.00431
34	0.01500	0.00940	0.01060	0.00824	0.01123	0.00999	0.00677	0.51797	0.09550	0.25668	0.01164	0.01092	0.00796	0.00475	0.00389	0.00119	0.00387	0.00369	0.00415	0.00655
35	0.00965	0.00927	0.01141	0.00948	0.01193	0.07375	0.16411	0.01782	0.56462	0.01474	0.03029	0.01423	0.04080	0.00500	0.00407	0.00129	0.00397	0.00446	0.00341	0.00568
36	0.00474	0.00382	0.00422	0.00437	0.00540	0.00330	0.00318	0.00577	0.00883	0.01106	0.14624	0.21010	0.55530	0.01005	0.00466	0.00135	0.00201	0.00862	0.00369	0.00330
37	0.39708	0.00939	0.00904	0.00725	0.01005	0.01057	0.00599	0.47098	0.01315	0.02136	0.00760	0.00799	0.00555	0.00419	0.00323	0.00118	0.00371	0.00288	0.00323	0.00555
38	0.03846	0.01709	0.01066	0.00964	0.01170	0.73033	0.00728	0.03653	0.08271	0.01068	0.00691	0.00768	0.00561	0.00411	0.00351	0.00104	0.00647	0.00268	0.00223	0.00468
39	0.00478	0.00341	0.00456	0.00546	0.00571	0.00320	0.00370	0.00550	0.00748	0.00996	0.02134	0.83090	0.02552	0.01209	0.00496	0.00158	0.00230	0.04079	0.00360	0.00316
40	0.01380	0.01512	0.01102	0.00955	0.01186	0.52646	0.02407	0.18400	0.12723	0.02777	0.00824	0.00869	0.00638	0.00431	0.00367	0.00109	0.00581	0.00303	0.00271	0.00521
41	0.00460	0.00392	0.00396	0.00398	0.00525	0.00328	0.00297	0.00559	0.00884	0.01053	0.05069	0.05610	0.80748	0.00984	0.00459	0.00131	0.00197	0.00823	0.00361	0.00328
42	0.00883	0.26013	0.50087	0.01032	0.01507	0.03284	0.09729	0.01219	0.00827	0.01132	0.00658	0.00783	0.00503	0.00354	0.00343	0.00112	0.00540	0.00281	0.00169	0.00543
43	0.00848	0.00848	0.01187	0.01018	0.01018	0.01187	0.00848	0.00933	0.00594	0.00933	0.00509	0.00848	0.00509	0.00679	0.01272	0.00170	0.85666	0.00339	0.00170	0.00424
44	0.01467	0.01059	0.01143	0.00880	0.01187	0.01168	0.00726	0.76496	0.04601	0.05846	0.00978	0.00965	0.00690	0.00468	0.00388	0.00117	0.00418	0.00354	0.00392	0.00658
45	0.00709	0.00638	0.01099	0.00943	0.04093	0.00602	0.24698	0.00949	0.05119	0.02929	0.12851	0.19677	0.10551	0.00739	0.00460	0.00137	0.00374	0.09515	0.00314	0.03600
46	0.00791	0.00674	0.00790	0.00570	0.00902	0.00509	0.00455	0.00964	0.00819	0.01278	0.04852	0.00909	0.00729	0.00312	0.00296	0.00061	0.00282	0.00253	0.00240	0.84316
47	0.01735	0.00667	0.00904	0.00693	0.00993	0.00580	0.00573	0.03250	0.01122	0.82848	0.01519	0.01313	0.00955	0.00480	0.00390	0.00120	0.00332	0.00389	0.00478	0.00660
48	0.00679	0.00502	0.00596	0.00620	0.03264	0.00495	0.00435	0.08325	0.09121	0.04609	0.02336	0.40678	0.22809	0.03039	0.00494	0.00147	0.00260	0.00828	0.00363	0.00401
49	0.00827	0.00816	0.01224	0.57996	0.20435	0.07115	0.01052	0.01061	0.00824	0.01049	0.00769	0.02431	0.01966	0.00403	0.00387	0.00124	0.00508	0.00358	0.00185	0.00469
50	0.00472	0.00337	0.00450	0.00540	0.00562	0.00315	0.00360	0.00540	0.00742	0.00990	0.02137	0.86122	0.02564	0.01215	0.00495	0.00157	0.00225	0.01102	0.00360	0.00315
51	0.00915	0.01046	0.02288	0.01634	0.02026	0.00980	0.82549	0.01242	0.00915	0.01242	0.00784	0.01046	0.00588	0.00327	0.00458	0.00131	0.00654	0.00458	0.00196	0.00523
52	0.01257	0.00946	0.01017	0.00821	0.01080	0.01050	0.00660	0.53608	0.21523	0.03128	0.03238	0.03406	0.00955	0.04916	0.00475	0.00135	0.00382	0.00411	0.00383	0.00610
53	0.00804	0.00689	0.00804	0.00574	0.00919	0.00517	0.00459	0.00976	0.00804	0.01263	0.00689	0.00804	0.00574	0.00287	0.00287	0.00057	0.00287	0.00230	0.00230	0.88745
54	0.00576	0.00421	0.00556	0.00546	0.00577	0.00471	0.00381	0.00642	0.00592	0.00828	0.01099	0.01989	0.01162	0.44342	0.38741	0.00474	0.05604	0.00485	0.00219	0.00295
55	0.00554	0.00414	0.00618	0.00618	0.00686	0.00482	0.00479	0.00689	0.00622	0.00896	0.01043	0.01548	0.00980	0.04944	0.82817	0.00617	0.01022	0.00419	0.00208	0.00343
56	0.00937	0.00899	0.01533	0.07943	0.73383	0.00903	0.03021	0.01169	0.00873	0.01247	0.00726	0.00961	0.00605	0.00346	0.00382	0.00114	0.00462	0.00344	0.00192	0.03959
57	0.00659	0.00459	0.00575	0.00521	0.00639	0.00436	0.00398	0.07060	0.01142	0.04673	0.69923	0.02732	0.07749	0.00766	0.00449	0.00122	0.00208	0.00669	0.00422	0.00397
58	0.00900	0.00802	0.01104	0.17961	0.26390	0.06764	0.02133	0.05964	0.06090	0.04340	0.17147	0.04682	0.02288	0.01251	0.00418	0.00124	0.00408	0.00454	0.00278	0.00502
59	0.00626	0.00496	0.00563	0.00576	0.00675	0.04675	0.00414	0.02830	0.00835	0.02859	0.05456	0.54596	0.07189	0.00980	0.00454	0.00138	0.00267	0.04333	0.00341	0.11698
60	0.01097	0.03850	0.00963	0.02203	0.01038	0.02061	0.00587	0.24278	0.14889	0.07991	0.01000	0.02320	0.00777	0.02663	0.00390	0.00104	0.00349	0.00334	0.00319	0.32787
61	0.00935	0.07541	0.06148	0.15292	0.51127	0.02285	0.03229	0.03631	0.02782	0.01228	0.00749	0.01989	0.00619	0.00371	0.00376	0.00116	0.00474	0.00344	0.00198	0.00566
62	0.02919	0.14918	0.22418	0.04367	0.11288	0.06211	0.07302	0.06116	0.03486	0.07939	0.00793	0.00910	0.00606	0.00466	0.03429	0.00129	0.00504	0.00311	0.00226	0.05661
63	0.01112	0.05974	0.24647	0.01440	0.09998	0.03387	0.29455	0.05954	0.03698	0.03945	0.00976	0.02132	0.00780	0.00552	0.02545	0.00166	0.01905	0.00427	0.00271	0.00635
64	0.00814	0.00543	0.00633	0.00621	0.00745	0.03514	0.00470	0.04247	0.09707	0.13640	0.07726	0.35523	0.08202	0.00897	0.00454	0.00142	0.00283	0.09628	0.01785	0.00427
65	0.00732	0.00689	0.01163	0.85444	0.02670	0.00861	0.01077	0.00991	0.00775	0.00991	0.00689	0.01034	0.00517	0.00388	0.00388	0.00129	0.00517	0.00345	0.00172	0.00431
66	0.01037	0.02127	0.00991	0.05138	0.03201	0.08567	0.00676	0.20086	0.01768	0.07098	0.00916	0.02889	0.00823	0.13971	0.06707	0.00205	0.21302	0.01762	0.00267	0.00468
67	0.00639	0.00420	0.00491	0.00476	0.00512	0.01531	0.00300	0.00670	0.00627	0.05087	0.03317	0.04286	0.01378	0.63706	0.11134	0.02144	0.00442	0.00539	0.00250	0.02051
68	0.00848	0.00848	0.01187	0.01018	0.01018	0.01187	0.00848	0.00933	0.00594	0.00933	0.00509	0.00848	0.00509	0.00679	0.01272	0.00170	0.85666	0.00339	0.00170	0.00424
69	0.00758	0.00716	0.01210	0.75865	0.12043	0.00868	0.01090	0.01014	0.00788	0.01022	0.00694	0.01025	0.00528	0.00383	0.00387	0.00128	0.00510	0.00345	0.00175	0.00452
70	0.00898	0.00818	0.03324	0.00749	0.03181	0.04994	0.06834	0.03872	0.00869	0.04472	0.00758	0.00906	0.00619	0.02597	0.01350	0.00088	0.00366	0.00275	0.01146	0.61883

[dist]
# distance from previous block
# <min> <max>
2	5

[block]
# block no. 11 follows, 70 sequences, length 141
# corresponding to MSA columns:
# 1033-1173
name=unknown_L
#
# <colnr> <probs for GDERKNQSTAVLIFYWHMCP>
#	G	D	E	R	K	N	Q	S	T	A	V	L	I	F	Y	W	H	M	C	P
