[name]
unknown

[dist]
# distance from previous block
# <min> <max>
0	0

[block]
# block no. 0 follows, 60 sequences, length 18
# corresponding to MSA columns:
# 0-17
name=unknown_A
#
# <colnr> <probs for GDERKNQSTAVLIFYWHMCP>
#	G	D	E	R	K	N	Q	S	T	A	V	L	I	F	Y	W	H	M	C	P
0	0.00703	0.00502	0.00703	0.00803	0.00904	0.00502	0.00703	0.00904	0.01004	0.01305	0.02309	0.04920	0.02510	0.01205	0.00602	0.00201	0.00402	0.79016	0.00402	0.00402
1	0.05944	0.00747	0.00995	0.00767	0.01101	0.00657	0.00633	0.02086	0.01225	0.78522	0.01669	0.01448	0.01051	0.00534	0.00431	0.00135	0.00370	0.00429	0.00527	0.00730
2	0.01170	0.01228	0.01620	0.09408	0.58516	0.17853	0.01226	0.01402	0.01032	0.01324	0.00786	0.01027	0.00655	0.00405	0.00424	0.00127	0.00579	0.00366	0.00216	0.00635
3	0.00876	0.00829	0.01403	0.66994	0.19223	0.00983	0.01237	0.01160	0.00897	0.01178	0.00784	0.01146	0.00604	0.00426	0.00435	0.00142	0.00568	0.00388	0.00198	0.00527
4	0.01063	0.00776	0.01260	0.64376	0.04787	0.00903	0.01098	0.01328	0.00953	0.17793	0.00971	0.01227	0.00687	0.00456	0.00436	0.00143	0.00536	0.00398	0.00265	0.00543
5	0.01276	0.00943	0.01351	0.01062	0.01364	0.00979	0.18140	0.12142	0.26860	0.18316	0.05029	0.01590	0.04889	0.00566	0.00497	0.00144	0.03296	0.00502	0.00405	0.00651
6	0.01043	0.00983	0.01592	0.02260	0.65327	0.00943	0.01170	0.01289	0.00975	0.01424	0.00811	0.01043	0.00682	0.00375	0.00409	0.00116	0.00478	0.00362	0.00225	0.18492
7	0.01053	0.01032	0.01277	0.06448	0.34485	0.12964	0.00956	0.04079	0.12454	0.01392	0.01265	0.18233	0.01209	0.00635	0.00454	0.00140	0.00481	0.00563	0.00295	0.00584
8	0.00876	0.00829	0.01403	0.66994	0.19223	0.00983	0.01237	0.01160	0.00897	0.01178	0.00784	0.01146	0.00604	0.00426	0.00435	0.00142	0.00568	0.00388	0.00198	0.00527
9	0.01084	0.00957	0.01147	0.01255	0.17738	0.01075	0.00824	0.02116	0.64693	0.01742	0.01579	0.01515	0.01200	0.00550	0.00441	0.00144	0.00381	0.00472	0.00397	0.00690
10	0.01050	0.09615	0.01466	0.01109	0.01196	0.01371	0.03205	0.09247	0.00843	0.01232	0.00634	0.00944	0.00591	0.00687	0.01184	0.00173	0.64347	0.00371	0.00216	0.00516
11	0.00950	0.00787	0.01359	0.02889	0.08644	0.00748	0.23874	0.01264	0.05830	0.09546	0.32589	0.02090	0.03752	0.00619	0.00488	0.00138	0.00425	0.00600	0.00370	0.03040
12	0.02434	0.01022	0.03418	0.03280	0.34755	0.00967	0.24262	0.02523	0.02973	0.03119	0.06114	0.01242	0.00914	0.00425	0.00460	0.00130	0.01581	0.00438	0.00254	0.09689
13	0.00872	0.00749	0.02713	0.00794	0.01098	0.00604	0.11109	0.01085	0.01003	0.05382	0.17765	0.08097	0.03886	0.00563	0.00419	0.00107	0.00354	0.00508	0.00327	0.42566
14	0.01187	0.11914	0.06080	0.00866	0.01149	0.07658	0.00742	0.24483	0.18374	0.01886	0.19443	0.01600	0.01585	0.00590	0.00431	0.00130	0.00422	0.00470	0.00383	0.00607
15	0.00967	0.02928	0.47827	0.01084	0.02657	0.03353	0.02942	0.02668	0.02636	0.05216	0.05178	0.01111	0.00820	0.01461	0.00459	0.00130	0.03080	0.00355	0.00242	0.14885
16	0.00962	0.17124	0.63261	0.01130	0.01705	0.01134	0.01401	0.01416	0.03432	0.03435	0.00806	0.00918	0.00592	0.00416	0.00392	0.00130	0.00596	0.00315	0.00202	0.00633
17	0.00992	0.10933	0.54521	0.01299	0.06602	0.01097	0.08744	0.03045	0.03474	0.04092	0.00843	0.00974	0.00618	0.00416	0.00412	0.00134	0.00604	0.00345	0.00215	0.00640

[dist]
# distance from previous block
# <min> <max>
0	3

[block]
# block no. 1 follows, 60 sequences, length 16
# corresponding to MSA columns:
# 21-36
name=unknown_B
#
# <colnr> <probs for GDERKNQSTAVLIFYWHMCP>
#	G	D	E	R	K	N	Q	S	T	A	V	L	I	F	Y	W	H	M	C	P
0	0.00809	0.10045	0.08583	0.03624	0.01007	0.03198	0.03472	0.02663	0.00980	0.05524	0.14287	0.36642	0.04150	0.02358	0.00514	0.00154	0.00364	0.00808	0.00358	0.00458
1	0.01383	0.02382	0.01371	0.02847	0.25433	0.00884	0.07257	0.04468	0.10751	0.30992	0.06620	0.01438	0.01131	0.00505	0.00445	0.00135	0.00439	0.00453	0.00386	0.00679
2	0.09520	0.02898	0.01511	0.01784	0.39531	0.09969	0.04419	0.16636	0.01215	0.07107	0.00887	0.01030	0.00688	0.00432	0.00414	0.00129	0.00521	0.00369	0.00286	0.00656
3	0.00567	0.00476	0.00497	0.00486	0.00634	0.00422	0.00366	0.00766	0.06408	0.01299	0.14688	0.03898	0.65879	0.01041	0.00511	0.00146	0.00227	0.00874	0.00418	0.00396
4	0.00904	0.00775	0.00904	0.00646	0.01034	0.00581	0.00517	0.01098	0.00904	0.01421	0.00775	0.00904	0.00646	0.00323	0.00323	0.00065	0.00323	0.00258	0.00258	0.87339
5	0.01008	0.00963	0.01641	0.25307	0.59880	0.01017	0.01303	0.01276	0.00959	0.01338	0.00808	0.01103	0.00660	0.00402	0.00433	0.00134	0.00536	0.00388	0.00210	0.00633
6	0.01658	0.01222	0.01309	0.01003	0.01353	0.01353	0.00829	0.80497	0.02051	0.02749	0.01047	0.01047	0.00742	0.00524	0.00436	0.00131	0.00480	0.00393	0.00436	0.00742
7	0.00677	0.00491	0.00668	0.00758	0.00861	0.00483	0.00653	0.00864	0.00997	0.01285	0.02540	0.07485	0.11078	0.01199	0.00592	0.00194	0.00377	0.68000	0.00402	0.00396
8	0.00632	0.00441	0.00555	0.00526	0.00632	0.00408	0.00395	0.00831	0.01184	0.01698	0.67943	0.03144	0.08926	0.00864	0.00492	0.00134	0.00206	0.00756	0.09824	0.00408
9	0.00520	0.00424	0.00461	0.00490	0.00602	0.00364	0.00353	0.00621	0.00948	0.01159	0.03833	0.27507	0.58843	0.01181	0.00527	0.00156	0.00230	0.01013	0.00405	0.00364
10	0.00929	0.00828	0.01331	0.62543	0.07957	0.01017	0.01155	0.03942	0.00912	0.04287	0.00800	0.01141	0.00612	0.00478	0.00552	0.00149	0.10245	0.00389	0.00217	0.00516
11	0.00584	0.00431	0.00549	0.00579	0.00654	0.00404	0.00411	0.00756	0.03775	0.01404	0.35052	0.41635	0.09889	0.01123	0.00532	0.00157	0.00234	0.01003	0.00437	0.00390
12	0.87753	0.00843	0.00641	0.00574	0.00843	0.00978	0.00472	0.01282	0.00742	0.01957	0.00607	0.00709	0.00472	0.00405	0.00270	0.00135	0.00337	0.00236	0.00270	0.00472
13	0.01348	0.03975	0.05928	0.01171	0.01532	0.01055	0.23828	0.22780	0.10028	0.17109	0.01253	0.05888	0.00950	0.00525	0.00460	0.00140	0.00514	0.00486	0.00370	0.00659
14	0.01293	0.01024	0.01075	0.00915	0.01157	0.06439	0.00725	0.27571	0.28975	0.07613	0.02782	0.10287	0.01233	0.00657	0.00517	0.00145	0.06015	0.00521	0.00413	0.00643
15	0.01196	0.00806	0.00935	0.00810	0.01012	0.00852	0.00635	0.35040	0.01397	0.10566	0.01668	0.25449	0.03147	0.06393	0.00627	0.00170	0.02487	0.05827	0.00418	0.00563

[dist]
# distance from previous block
# <min> <max>
0	1

[block]
# block no. 2 follows, 60 sequences, length 54
# corresponding to MSA columns:
# 46-99
name=unknown_C
#
# <colnr> <probs for GDERKNQSTAVLIFYWHMCP>
#	G	D	E	R	K	N	Q	S	T	A	V	L	I	F	Y	W	H	M	C	P
0	0.13234	0.01013	0.04637	0.07490	0.30015	0.01026	0.02439	0.11375	0.01078	0.11153	0.00898	0.01055	0.00686	0.00461	0.00498	0.00136	0.08034	0.00368	0.00286	0.04117
1	0.01608	0.02002	0.01229	0.01110	0.01340	0.76663	0.00836	0.04632	0.04477	0.01159	0.00732	0.00830	0.00599	0.00458	0.00397	0.00114	0.00758	0.00293	0.00241	0.00522
2	0.01036	0.00979	0.01318	0.03014	0.09510	0.04498	0.00938	0.01187	0.02365	0.04852	0.00700	0.00998	0.00629	0.00654	0.01106	0.00166	0.57546	0.00373	0.00222	0.07910
3	0.01639	0.01188	0.01280	0.00989	0.01332	0.01311	0.00814	0.73289	0.06270	0.05751	0.01112	0.01095	0.00786	0.00528	0.00437	0.00132	0.00469	0.00400	0.00441	0.00739
4	0.00531	0.00380	0.00506	0.00607	0.00633	0.00354	0.00405	0.00607	0.00835	0.01113	0.02404	0.84388	0.02885	0.01366	0.00557	0.00177	0.00253	0.01240	0.00405	0.00354
5	0.01421	0.01426	0.01347	0.01254	0.09674	0.32437	0.08053	0.11289	0.19580	0.07531	0.01082	0.01128	0.00820	0.00484	0.00428	0.00129	0.00586	0.00387	0.00322	0.00620
6	0.01067	0.01179	0.02499	0.01789	0.02225	0.01118	0.75664	0.06074	0.01090	0.01477	0.00892	0.01169	0.00666	0.00377	0.00510	0.00146	0.00720	0.00507	0.00233	0.00597
7	0.00531	0.00380	0.00506	0.00607	0.00633	0.00354	0.00405	0.00607	0.00835	0.01113	0.02404	0.84388	0.02885	0.01366	0.00557	0.00177	0.00253	0.01240	0.00405	0.00354
8	0.00724	0.00531	0.00659	0.00598	0.00729	0.00516	0.00456	0.08088	0.03699	0.01832	0.70729	0.03024	0.05015	0.00853	0.00505	0.00137	0.00235	0.00746	0.00474	0.00449
9	0.01086	0.01050	0.01526	0.06401	0.52712	0.07441	0.01146	0.06194	0.01032	0.01405	0.00945	0.08602	0.00868	0.00522	0.00519	0.00138	0.07090	0.00457	0.00244	0.00621
10	0.01166	0.84935	0.02285	0.00746	0.01119	0.01726	0.00746	0.01306	0.00886	0.01026	0.00606	0.00700	0.00560	0.00373	0.00280	0.00093	0.00466	0.00233	0.00187	0.00560
11	0.00655	0.00456	0.00529	0.00537	0.00566	0.00460	0.00339	0.00759	0.05431	0.01008	0.06050	0.10332	0.01891	0.62042	0.01764	0.00354	0.00389	0.05815	0.00309	0.00315
12	0.00824	0.00775	0.01308	0.83624	0.03004	0.00969	0.01211	0.01114	0.00872	0.01114	0.00775	0.01163	0.00581	0.00436	0.00436	0.00145	0.00581	0.00388	0.00194	0.00484
13	0.01141	0.01226	0.01286	0.01084	0.01297	0.30295	0.17554	0.01350	0.03908	0.04489	0.08468	0.13273	0.01384	0.04372	0.02141	0.00163	0.03414	0.02363	0.00298	0.00493
14	0.00588	0.00460	0.00539	0.00543	0.00666	0.00416	0.00419	0.00765	0.02852	0.01394	0.29267	0.07534	0.40250	0.01049	0.00527	0.00153	0.00245	0.11511	0.00430	0.00393
15	0.00685	0.00489	0.00683	0.00783	0.00876	0.00487	0.00672	0.00873	0.00987	0.01285	0.02319	0.13110	0.02549	0.01221	0.00598	0.00198	0.00386	0.71000	0.00402	0.00397
16	0.01086	0.01241	0.06869	0.01719	0.02162	0.01124	0.67804	0.09549	0.01129	0.01535	0.00894	0.01149	0.00664	0.00386	0.00501	0.00145	0.00704	0.00491	0.00241	0.00607
17	0.00904	0.00775	0.00904	0.00646	0.01034	0.00581	0.00517	0.01098	0.00904	0.01421	0.00775	0.00904	0.00646	0.00323	0.00323	0.00065	0.00323	0.00258	0.00258	0.87339
18	0.00931	0.00920	0.01291	0.01113	0.01119	0.01280	0.00925	0.01030	0.00670	0.01047	0.00615	0.01008	0.00609	0.00942	0.07232	0.00227	0.77989	0.00388	0.00194	0.00471
19	0.01085	0.00937	0.00986	0.00888	0.01134	0.01085	0.00690	0.02318	0.81164	0.01824	0.01775	0.01627	0.01331	0.00592	0.00444	0.00148	0.00345	0.00493	0.00444	0.00690
20	0.01957	0.00742	0.01012	0.00776	0.01113	0.00641	0.00641	0.02126	0.01248	0.82254	0.01721	0.01484	0.01080	0.00540	0.00439	0.00135	0.00371	0.00439	0.00540	0.00742
21	0.00549	0.00459	0.00480	0.00478	0.00619	0.00401	0.00357	0.00712	0.04232	0.01256	0.11698	0.07622	0.67471	0.01075	0.00514	0.00148	0.00226	0.00905	0.00414	0.00385
22	0.01245	0.01309	0.01494	0.16256	0.37664	0.24808	0.01128	0.08368	0.01135	0.01383	0.00790	0.01006	0.00639	0.00426	0.00422	0.00127	0.00604	0.00358	0.00234	0.00605
23	0.00531	0.00380	0.00506	0.00607	0.00633	0.00354	0.00405	0.00607	0.00835	0.01113	0.02404	0.84388	0.02885	0.01366	0.00557	0.00177	0.00253	0.01240	0.00405	0.00354
24	0.00944	0.00898	0.01525	0.45555	0.40133	0.01001	0.01271	0.01220	0.00929	0.01260	0.00796	0.01124	0.00633	0.00414	0.00434	0.00138	0.00552	0.00388	0.00204	0.00582
25	0.00875	0.02256	0.82413	0.01243	0.01888	0.01013	0.01611	0.01381	0.00921	0.01381	0.00783	0.00921	0.00552	0.00414	0.00414	0.00138	0.00645	0.00322	0.00184	0.00645
26	0.00794	0.00734	0.01225	0.75068	0.02759	0.00906	0.01128	0.01062	0.00868	0.01114	0.00943	0.09740	0.00819	0.00532	0.00448	0.00149	0.00548	0.00475	0.00216	0.00471
27	0.01113	0.01120	0.01673	0.09856	0.66486	0.09470	0.01276	0.01360	0.01007	0.01360	0.00801	0.01057	0.00668	0.00399	0.00428	0.00129	0.00552	0.00377	0.00215	0.00653
28	0.01532	0.01108	0.01337	0.01289	0.16918	0.01189	0.00893	0.51431	0.06335	0.10657	0.01120	0.01140	0.00806	0.00503	0.00434	0.00132	0.00464	0.00403	0.01583	0.00724
29	0.01629	0.02079	0.01236	0.01124	0.01348	0.82921	0.00843	0.01742	0.01236	0.01067	0.00674	0.00787	0.00562	0.00449	0.00393	0.00112	0.00787	0.00281	0.00225	0.00506
30	0.01043	0.00966	0.01624	0.06417	0.70719	0.00976	0.01239	0.01298	0.00980	0.01428	0.00873	0.01133	0.00724	0.00402	0.00420	0.00128	0.00493	0.00390	0.08092	0.00655
31	0.00531	0.00380	0.00506	0.00607	0.00633	0.00354	0.00405	0.00607	0.00835	0.01113	0.02404	0.84388	0.02885	0.01366	0.00557	0.00177	0.00253	0.01240	0.00405	0.00354
32	0.01067	0.01023	0.01747	0.06711	0.78018	0.01033	0.01332	0.01327	0.00987	0.01409	0.00818	0.01084	0.00685	0.00391	0.00432	0.00130	0.00521	0.00389	0.00215	0.00681
33	0.01166	0.84935	0.02285	0.00746	0.01119	0.01726	0.00746	0.01306	0.00886	0.01026	0.00606	0.00700	0.00560	0.00373	0.00280	0.00093	0.00466	0.00233	0.00187	0.00560
34	0.00633	0.00427	0.00496	0.00496	0.00503	0.00434	0.00290	0.00647	0.00640	0.00861	0.01356	0.02751	0.01541	0.77292	0.09539	0.00448	0.00490	0.00619	0.00261	0.00276
35	0.00579	0.00443	0.00531	0.00518	0.00634	0.00396	0.00389	0.00744	0.01125	0.01504	0.48352	0.06902	0.32439	0.00996	0.00519	0.00144	0.00218	0.02727	0.00448	0.00393
36	0.00617	0.00446	0.00583	0.00549	0.00652	0.00412	0.00412	0.00823	0.01235	0.01749	0.81722	0.03258	0.04115	0.00892	0.00514	0.00137	0.00206	0.00789	0.00480	0.00412
37	0.00703	0.00502	0.00703	0.00803	0.00904	0.00502	0.00703	0.00904	0.01004	0.01305	0.02309	0.04920	0.02510	0.01205	0.00602	0.00201	0.00402	0.79016	0.00402	0.00402
38	0.01154	0.00549	0.00624	0.00546	0.00725	0.00535	0.00429	0.04962	0.04073	0.22263	0.01495	0.01564	0.01099	0.00520	0.00350	0.00113	0.00264	0.00417	0.57800	0.00518
39	0.78880	0.00882	0.00710	0.00618	0.00896	0.01017	0.00509	0.09446	0.00877	0.02038	0.00653	0.00743	0.00500	0.00417	0.00287	0.00135	0.00352	0.00252	0.00287	0.00500
40	0.00904	0.00775	0.00904	0.00646	0.01034	0.00581	0.00517	0.01098	0.00904	0.01421	0.00775	0.00904	0.00646	0.00323	0.00323	0.00065	0.00323	0.00258	0.00258	0.87339
41	0.00531	0.00380	0.00506	0.00607	0.00633	0.00354	0.00405	0.00607	0.00835	0.01113	0.02404	0.84388	0.02885	0.01366	0.00557	0.00177	0.00253	0.01240	0.00405	0.00354
42	0.55993	0.03679	0.00911	0.00774	0.02024	0.13488	0.00619	0.06554	0.00910	0.02745	0.00660	0.00780	0.00526	0.00454	0.00413	0.00135	0.08293	0.00271	0.00267	0.00504
43	0.00613	0.00446	0.00577	0.00544	0.00649	0.00410	0.00408	0.00815	0.01225	0.01726	0.78593	0.03296	0.07259	0.00900	0.00514	0.00138	0.00206	0.00794	0.00477	0.00410
44	0.01493	0.01140	0.01216	0.00970	0.01290	0.01276	0.00789	0.58027	0.24790	0.02483	0.01256	0.01214	0.00911	0.00543	0.00438	0.00136	0.00441	0.00422	0.00438	0.00727
45	0.01010	0.24116	0.01746	0.01115	0.01283	0.01379	0.12041	0.01158	0.00780	0.01090	0.00650	0.00946	0.00602	0.00702	0.04284	0.00178	0.45849	0.00363	0.00196	0.00512
46	0.00530	0.00384	0.00501	0.00595	0.00629	0.00355	0.00400	0.00609	0.00846	0.01118	0.02547	0.78670	0.08509	0.01348	0.00554	0.00175	0.00251	0.01217	0.00405	0.00355
47	0.00640	0.00439	0.00522	0.00547	0.00575	0.00435	0.00363	0.00689	0.00734	0.00965	0.01741	0.05903	0.05487	0.60831	0.01752	0.00356	0.00404	0.17013	0.00304	0.00300
48	0.00700	0.00554	0.00624	0.00612	0.00761	0.00545	0.00472	0.01071	0.17930	0.02873	0.16770	0.09990	0.35171	0.00981	0.00511	0.00154	0.00269	0.09131	0.00428	0.00453
49	0.00625	0.00419	0.00478	0.00488	0.00490	0.00417	0.00277	0.00632	0.00652	0.00870	0.01468	0.10247	0.01703	0.77119	0.02069	0.00401	0.00407	0.00689	0.00277	0.00272
50	0.01325	0.01218	0.01192	0.01141	0.09476	0.15355	0.00818	0.22043	0.38943	0.01888	0.01301	0.01278	0.00982	0.00529	0.00432	0.00136	0.00474	0.00420	0.00381	0.00671
51	0.01031	0.01172	0.02548	0.01865	0.04808	0.01101	0.77860	0.01395	0.01028	0.01398	0.00880	0.01173	0.00663	0.00368	0.00512	0.00147	0.00728	0.00511	0.00220	0.00591
52	0.01620	0.01277	0.01283	0.01007	0.01339	0.08302	0.00822	0.68969	0.06840	0.02548	0.01060	0.01060	0.00763	0.00521	0.00433	0.00130	0.00498	0.00389	0.00419	0.00718
53	0.00957	0.05912	0.65224	0.01201	0.01780	0.01057	0.04710	0.03790	0.06831	0.03239	0.00880	0.00989	0.00632	0.00429	0.00416	0.00137	0.00607	0.00343	0.00220	0.00647

[dist]
# distance from previous block
# <min> <max>
3	5

[block]
# block no. 3 follows, 60 sequences, length 38
# corresponding to MSA columns:
# 105-142
name=unknown_D
#
# <colnr> <probs for GDERKNQSTAVLIFYWHMCP>
#	G	D	E	R	K	N	Q	S	T	A	V	L	I	F	Y	W	H	M	C	P
0	0.00686	0.00528	0.00602	0.00567	0.00708	0.00513	0.00430	0.03039	0.12004	0.01590	0.38875	0.05013	0.27092	0.00895	0.00492	0.00140	0.00237	0.00767	0.05380	0.00443
1	0.01372	0.01098	0.01291	0.01030	0.01303	0.02995	0.05668	0.48741	0.09362	0.02160	0.01059	0.01167	0.00808	0.00841	0.09414	0.00201	0.10051	0.00414	0.00370	0.00654
2	0.00536	0.00381	0.00505	0.00602	0.00626	0.00357	0.00399	0.00608	0.00826	0.01102	0.02359	0.80833	0.02828	0.04999	0.00629	0.00188	0.00260	0.01213	0.00399	0.00350
3	0.00964	0.00918	0.01561	0.39281	0.46251	0.01006	0.01281	0.01237	0.00938	0.01284	0.00800	0.01117	0.00641	0.00410	0.00434	0.00137	0.00547	0.00388	0.00206	0.00598
4	0.00564	0.00434	0.00512	0.00540	0.00639	0.00391	0.00400	0.00688	0.00981	0.01258	0.16933	0.21941	0.37336	0.05778	0.00629	0.00174	0.00257	0.09764	0.00410	0.00371
5	0.33288	0.00801	0.00890	0.00712	0.01026	0.00797	0.00588	0.05409	0.01100	0.49275	0.01283	0.01181	0.00842	0.00490	0.00377	0.00135	0.00364	0.00363	0.00436	0.00644
6	0.01028	0.00938	0.01506	0.39534	0.36649	0.01041	0.01222	0.10242	0.01058	0.01433	0.00825	0.01114	0.00647	0.00426	0.00434	0.00137	0.00543	0.00389	0.00231	0.00602
7	0.00877	0.00649	0.00783	0.00783	0.00933	0.00694	0.00624	0.01398	0.28486	0.06631	0.02156	0.19714	0.05303	0.00971	0.00543	0.00171	0.02185	0.26164	0.00421	0.00513
8	0.01012	0.00855	0.01006	0.00748	0.01089	0.00767	0.00606	0.11875	0.01035	0.01562	0.00790	0.00929	0.00651	0.00398	0.00457	0.00087	0.09317	0.00290	0.00275	0.66252
9	0.01059	0.01137	0.01635	0.23873	0.15425	0.13684	0.17038	0.01292	0.00938	0.01203	0.00747	0.01051	0.00611	0.00484	0.00651	0.00147	0.17883	0.00396	0.00207	0.00542
10	0.87753	0.00843	0.00641	0.00574	0.00843	0.00978	0.00472	0.01282	0.00742	0.01957	0.00607	0.00709	0.00472	0.00405	0.00270	0.00135	0.00337	0.00236	0.00270	0.00472
11	0.00904	0.00775	0.00904	0.00646	0.01034	0.00581	0.00517	0.01098	0.00904	0.01421	0.00775	0.00904	0.00646	0.00323	0.00323	0.00065	0.00323	0.00258	0.00258	0.87339
12	0.01138	0.00990	0.00993	0.00890	0.01134	0.05887	0.00694	0.05700	0.67757	0.02916	0.01679	0.01624	0.01277	0.00591	0.00440	0.00145	0.00375	0.02255	0.02846	0.00668
13	0.00617	0.00458	0.00541	0.00554	0.00659	0.00423	0.00400	0.00800	0.05558	0.03418	0.21002	0.29460	0.30093	0.03273	0.00567	0.00161	0.00244	0.00949	0.00424	0.00399
14	0.01105	0.01034	0.01388	0.01123	0.01415	0.04637	0.21041	0.05256	0.50080	0.01711	0.01452	0.01451	0.01092	0.00521	0.00453	0.00143	0.00463	0.00481	0.04508	0.00645
15	0.00632	0.00431	0.00516	0.00516	0.00530	0.00445	0.00315	0.00660	0.00646	0.00876	0.01337	0.02649	0.01496	0.70012	0.16758	0.00473	0.00557	0.00604	0.00259	0.00287
16	0.01037	0.01061	0.01911	0.11686	0.38103	0.03133	0.27937	0.01374	0.04493	0.01384	0.00913	0.01240	0.00741	0.00419	0.00464	0.00140	0.00595	0.02517	0.00230	0.00620
17	0.00593	0.00442	0.00552	0.00530	0.00638	0.00400	0.00395	0.00774	0.01169	0.01608	0.62900	0.06982	0.19496	0.00955	0.00516	0.00141	0.00211	0.00835	0.00462	0.00400
18	0.02706	0.02864	0.05060	0.01138	0.09913	0.29117	0.03746	0.03781	0.06664	0.01296	0.03418	0.18733	0.02323	0.00708	0.00473	0.00141	0.02069	0.05037	0.00300	0.00514
19	0.01262	0.30688	0.17443	0.01003	0.03133	0.12529	0.00953	0.17460	0.08869	0.01534	0.00856	0.00922	0.00672	0.00443	0.00372	0.00118	0.00537	0.00318	0.00267	0.00621
20	0.00623	0.00466	0.00693	0.00693	0.00768	0.00541	0.00535	0.00774	0.00699	0.01007	0.01175	0.01754	0.01108	0.06140	0.80098	0.00691	0.01142	0.00473	0.00235	0.00385
21	0.01666	0.01208	0.01301	0.00997	0.01346	0.01333	0.00824	0.78313	0.02028	0.04965	0.01066	0.01059	0.00751	0.00524	0.00436	0.00131	0.00477	0.00394	0.00439	0.00742
22	0.00531	0.00380	0.00506	0.00607	0.00633	0.00354	0.00405	0.00607	0.00835	0.01113	0.02404	0.84388	0.02885	0.01366	0.00557	0.00177	0.00253	0.01240	0.00405	0.00354
23	0.23490	0.03158	0.00776	0.00663	0.00870	0.06215	0.00536	0.11799	0.01115	0.04592	0.12695	0.01994	0.07948	0.00650	0.00400	0.00135	0.00349	0.08397	0.13730	0.00488
24	0.01053	0.01009	0.01723	0.10995	0.73839	0.01029	0.01325	0.01315	0.00981	0.01393	0.00816	0.01088	0.00680	0.00393	0.00432	0.00131	0.00525	0.00388	0.00214	0.00670
25	0.01166	0.84935	0.02285	0.00746	0.01119	0.01726	0.00746	0.01306	0.00886	0.01026	0.00606	0.00700	0.00560	0.00373	0.00280	0.00093	0.00466	0.00233	0.00187	0.00560
26	0.00552	0.00442	0.00494	0.00484	0.00612	0.00384	0.00362	0.00697	0.01078	0.01383	0.32230	0.05456	0.52224	0.01033	0.00516	0.00144	0.00216	0.00879	0.00432	0.00384
27	0.02707	0.01056	0.01471	0.20774	0.36925	0.09800	0.02915	0.06674	0.01069	0.03516	0.05427	0.01191	0.00852	0.00460	0.00466	0.00135	0.03313	0.00401	0.00250	0.00599
28	0.00978	0.00945	0.01566	0.32162	0.44804	0.02269	0.02742	0.01237	0.00934	0.01281	0.00814	0.02365	0.00675	0.00441	0.00489	0.00139	0.04953	0.00402	0.00210	0.00594
29	0.00620	0.00463	0.00515	0.00509	0.00580	0.00453	0.00338	0.00744	0.05352	0.01041	0.03891	0.03128	0.27582	0.44075	0.08593	0.00337	0.00414	0.00707	0.00322	0.00336
30	0.00649	0.00518	0.00780	0.00922	0.09493	0.00499	0.04538	0.00800	0.02629	0.01201	0.02132	0.59388	0.02457	0.01174	0.00545	0.00173	0.00326	0.10986	0.00376	0.00415
31	0.01063	0.01057	0.01619	0.19596	0.56626	0.07195	0.01262	0.01312	0.00975	0.01320	0.00792	0.01071	0.00654	0.00415	0.00462	0.00134	0.03229	0.00380	0.00211	0.00626
32	0.00956	0.00955	0.01380	0.35871	0.13283	0.05779	0.01109	0.01157	0.00831	0.01130	0.00698	0.01050	0.00592	0.00556	0.00815	0.00159	0.32591	0.00379	0.00198	0.00512
33	0.00985	0.00823	0.00948	0.00684	0.01068	0.00664	0.00550	0.09625	0.01027	0.01564	0.00804	0.00920	0.00656	0.00345	0.00335	0.00072	0.00340	0.00273	0.00278	0.78039
34	0.01004	0.00960	0.01616	0.06967	0.67314	0.00962	0.02679	0.01250	0.00987	0.01380	0.01205	0.01421	0.09392	0.00468	0.00443	0.00133	0.00494	0.00448	0.00235	0.00643
35	0.01560	0.01187	0.01235	0.00982	0.01301	0.05422	0.00805	0.63096	0.08783	0.04610	0.01181	0.01316	0.00893	0.00565	0.00444	0.00136	0.00477	0.04872	0.00427	0.00706
36	0.00653	0.00475	0.00588	0.00616	0.00708	0.00460	0.00445	0.00893	0.09586	0.03557	0.20309	0.43156	0.12071	0.01119	0.00529	0.00161	0.00257	0.03572	0.00429	0.00417
37	0.35958	0.02746	0.01059	0.00873	0.02173	0.11550	0.04673	0.13734	0.04872	0.10744	0.00949	0.01008	0.02188	0.00484	0.00424	0.00135	0.05204	0.00338	0.00321	0.00567

[dist]
# distance from previous block
# <min> <max>
1	3

[block]
# block no. 4 follows, 60 sequences, length 17
# corresponding to MSA columns:
# 146-162
name=unknown_E
#
# <colnr> <probs for GDERKNQSTAVLIFYWHMCP>
#	G	D	E	R	K	N	Q	S	T	A	V	L	I	F	Y	W	H	M	C	P
0	0.01152	0.08505	0.25409	0.01023	0.05144	0.00970	0.00976	0.09962	0.05987	0.14827	0.01234	0.08583	0.02898	0.00568	0.00477	0.00135	0.05058	0.00450	0.00318	0.06324
1	0.01001	0.39850	0.22555	0.00826	0.01207	0.01177	0.00880	0.01228	0.00927	0.06293	0.01364	0.08985	0.10918	0.00577	0.00380	0.00122	0.00456	0.00448	0.00256	0.00550
2	0.00692	0.00469	0.00553	0.00538	0.00597	0.00461	0.00357	0.02809	0.02313	0.03432	0.16335	0.06384	0.07997	0.48964	0.03008	0.00316	0.00373	0.03717	0.00340	0.00344
3	0.00824	0.00679	0.01031	0.04619	0.03303	0.02296	0.10744	0.02762	0.00942	0.05599	0.06115	0.35858	0.01979	0.00969	0.00646	0.00168	0.11130	0.09533	0.00348	0.00456
4	0.01335	0.08371	0.10365	0.04310	0.01488	0.36525	0.07966	0.10240	0.01180	0.02768	0.00885	0.01104	0.02242	0.00501	0.00484	0.00129	0.06260	0.03042	0.00252	0.00554
5	0.00936	0.00794	0.00921	0.00661	0.01047	0.00613	0.00530	0.04393	0.00952	0.01476	0.00786	0.00910	0.00650	0.00331	0.00328	0.00067	0.00330	0.00264	0.00266	0.83745
6	0.00904	0.00775	0.00904	0.00646	0.01034	0.00581	0.00517	0.01098	0.00904	0.01421	0.00775	0.00904	0.00646	0.00323	0.00323	0.00065	0.00323	0.00258	0.00258	0.87339
7	0.00531	0.00380	0.00506	0.00607	0.00633	0.00354	0.00405	0.00607	0.00835	0.01113	0.02404	0.84388	0.02885	0.01366	0.00557	0.00177	0.00253	0.01240	0.00405	0.00354
8	0.00531	0.00380	0.00506	0.00607	0.00633	0.00354	0.00405	0.00607	0.00835	0.01113	0.02404	0.84388	0.02885	0.01366	0.00557	0.00177	0.00253	0.01240	0.00405	0.00354
9	0.00617	0.00446	0.00583	0.00549	0.00652	0.00412	0.00412	0.00823	0.01235	0.01749	0.81722	0.03258	0.04115	0.00892	0.00514	0.00137	0.00206	0.00789	0.00480	0.00412
10	0.00580	0.00423	0.00557	0.00647	0.00708	0.00400	0.00485	0.00697	0.00903	0.01178	0.02603	0.51776	0.11678	0.01289	0.00566	0.00181	0.00293	0.24263	0.00404	0.00370
11	0.01631	0.02031	0.01240	0.01117	0.01349	0.78431	0.00842	0.06077	0.01281	0.01160	0.00695	0.00801	0.00572	0.00454	0.00396	0.00113	0.00770	0.00287	0.00236	0.00519
12	0.83129	0.00910	0.00673	0.00603	0.00871	0.05378	0.00492	0.01307	0.00769	0.01909	0.00611	0.00713	0.00477	0.00407	0.00277	0.00134	0.00361	0.00239	0.00267	0.00474
13	0.00634	0.00423	0.00476	0.00476	0.00476	0.00423	0.00264	0.00634	0.00634	0.00846	0.01374	0.02854	0.01586	0.84672	0.02220	0.00423	0.00423	0.00634	0.00264	0.00264
14	0.16683	0.04276	0.01208	0.01133	0.12116	0.10432	0.03160	0.16592	0.16426	0.04887	0.01071	0.04206	0.00856	0.00512	0.00426	0.00134	0.02578	0.00399	0.00331	0.02576
15	0.03701	0.01243	0.01092	0.03325	0.10125	0.27919	0.00769	0.08575	0.15964	0.05404	0.05546	0.01615	0.11701	0.00587	0.00433	0.00131	0.00506	0.00461	0.00335	0.00568
16	0.01028	0.07087	0.01297	0.01466	0.32818	0.04022	0.00860	0.03208	0.01020	0.05735	0.06572	0.05115	0.06195	0.01909	0.00446	0.00123	0.00421	0.01928	0.00288	0.18462

[dist]
# distance from previous block
# <min> <max>
1	23

[block]
# block no. 5 follows, 60 sequences, length 36
# corresponding to MSA columns:
# 186-221
name=unknown_F
#
# <colnr> <probs for GDERKNQSTAVLIFYWHMCP>
#	G	D	E	R	K	N	Q	S	T	A	V	L	I	F	Y	W	H	M	C	P
0	0.01291	0.01426	0.01211	0.01012	0.02455	0.38984	0.06497	0.04016	0.01110	0.02632	0.00795	0.00988	0.00664	0.00427	0.00407	0.00103	0.02308	0.02273	0.00252	0.31150
1	0.00839	0.00889	0.07977	0.00999	0.01145	0.00920	0.09560	0.01041	0.00938	0.02465	0.29327	0.01823	0.01857	0.00818	0.03672	0.00179	0.34230	0.00539	0.00302	0.00481
2	0.00899	0.09240	0.75644	0.01201	0.01823	0.01073	0.01538	0.01375	0.00918	0.01351	0.00768	0.00902	0.00553	0.00411	0.00403	0.00134	0.00630	0.00315	0.00184	0.00637
3	0.01062	0.00990	0.01690	0.02480	0.72986	0.00985	0.03117	0.01310	0.00989	0.03210	0.00945	0.06510	0.00842	0.00455	0.00442	0.00133	0.00503	0.00448	0.00236	0.00668
4	0.00580	0.00432	0.00541	0.00571	0.00650	0.00402	0.00406	0.00748	0.03730	0.01382	0.32005	0.39891	0.14789	0.01126	0.00531	0.00157	0.00234	0.01001	0.00434	0.00389
5	0.00607	0.00451	0.00577	0.00618	0.00715	0.00421	0.00486	0.00767	0.01035	0.01366	0.24929	0.18862	0.20233	0.01125	0.00551	0.00167	0.00281	0.25997	0.00425	0.00388
6	0.00591	0.00475	0.00532	0.00514	0.00649	0.00431	0.00386	0.00811	0.06298	0.01436	0.33597	0.04985	0.45732	0.00995	0.00511	0.00144	0.00224	0.00848	0.00436	0.00405
7	0.01396	0.01091	0.01161	0.00950	0.01253	0.01230	0.00766	0.44707	0.38268	0.02326	0.01380	0.01313	0.01012	0.00555	0.00440	0.00139	0.00418	0.00439	0.00440	0.00718
8	0.00701	0.00536	0.00740	0.00768	0.00888	0.00532	0.03663	0.00969	0.07189	0.01380	0.13242	0.12570	0.08372	0.01092	0.00564	0.00180	0.00355	0.45423	0.00409	0.00425
9	0.00634	0.00423	0.00476	0.00476	0.00476	0.00423	0.00264	0.00634	0.00634	0.00846	0.01374	0.02854	0.01586	0.84672	0.02220	0.00423	0.00423	0.00634	0.00264	0.00264
10	0.01029	0.01176	0.02574	0.01838	0.02279	0.01103	0.80368	0.01397	0.01029	0.01397	0.00882	0.01176	0.00662	0.00368	0.00515	0.00147	0.00735	0.00515	0.00221	0.00588
11	0.01629	0.02079	0.01236	0.01124	0.01348	0.82921	0.00843	0.01742	0.01236	0.01067	0.00674	0.00787	0.00562	0.00449	0.00393	0.00112	0.00787	0.00281	0.00225	0.00506
12	0.00618	0.00473	0.00584	0.00633	0.00744	0.00445	0.00510	0.00801	0.03261	0.01284	0.09191	0.14888	0.30564	0.01149	0.00554	0.00172	0.00302	0.33023	0.00410	0.00393
13	0.00633	0.00427	0.00496	0.00496	0.00503	0.00434	0.00290	0.00647	0.00640	0.00861	0.01355	0.02750	0.01541	0.77272	0.09558	0.00448	0.00491	0.00619	0.00261	0.00276
14	0.00904	0.00775	0.00904	0.00646	0.01034	0.00581	0.00517	0.01098	0.00904	0.01421	0.00775	0.00904	0.00646	0.00323	0.00323	0.00065	0.00323	0.00258	0.00258	0.87339
15	0.00939	0.00783	0.00914	0.00655	0.01041	0.00597	0.00525	0.02565	0.00932	0.03014	0.00798	0.00918	0.00656	0.00331	0.00327	0.00067	0.00327	0.00264	0.00267	0.84080
16	0.00521	0.00419	0.00466	0.00504	0.00605	0.00363	0.00359	0.00619	0.00935	0.01154	0.03666	0.34128	0.52329	0.01202	0.00531	0.00158	0.00233	0.01040	0.00405	0.00363
17	0.01404	0.01609	0.01616	0.01380	0.06273	0.42922	0.22300	0.11264	0.01257	0.01393	0.00847	0.01099	0.00693	0.00462	0.00442	0.00128	0.00705	0.03388	0.00256	0.00564
18	0.00973	0.00773	0.00911	0.00654	0.01039	0.00585	0.00525	0.01165	0.00927	0.06679	0.00837	0.00942	0.00674	0.00337	0.00331	0.00069	0.00326	0.00270	0.00277	0.81706
19	0.04293	0.01016	0.04752	0.01254	0.01582	0.00973	0.31448	0.09791	0.01132	0.19696	0.01239	0.01580	0.02435	0.00556	0.00578	0.00151	0.08987	0.07598	0.00332	0.00605
20	0.01200	0.01180	0.06244	0.18897	0.13740	0.08028	0.13472	0.21202	0.04265	0.03466	0.01001	0.02251	0.02107	0.00472	0.00446	0.00137	0.00568	0.00422	0.00288	0.00617
21	0.01050	0.00903	0.01010	0.01002	0.08427	0.01008	0.00713	0.07102	0.58701	0.01767	0.01972	0.01861	0.11297	0.00633	0.00451	0.00145	0.00354	0.00531	0.00418	0.00653
22	0.01091	0.01155	0.02845	0.15917	0.33432	0.09859	0.20445	0.03570	0.01021	0.01346	0.00806	0.01077	0.00645	0.00420	0.00495	0.00138	0.04511	0.00406	0.00219	0.00602
23	0.00591	0.00442	0.00557	0.00562	0.00661	0.00396	0.00405	0.00736	0.01035	0.01419	0.37104	0.32990	0.13741	0.01057	0.00518	0.00148	0.00233	0.00937	0.00428	0.06039
24	0.11082	0.04759	0.08607	0.01000	0.01324	0.28594	0.00855	0.31648	0.03116	0.03754	0.00864	0.00920	0.00648	0.00472	0.00396	0.00125	0.00576	0.00329	0.00317	0.00616
25	0.03313	0.08727	0.01296	0.00929	0.01258	0.01264	0.00771	0.49897	0.16716	0.09571	0.01196	0.01157	0.00861	0.00522	0.00420	0.00131	0.00441	0.00398	0.00421	0.00710
26	0.00520	0.00442	0.00448	0.00446	0.00592	0.00370	0.00335	0.00634	0.01004	0.01203	0.07748	0.04157	0.78430	0.01095	0.00515	0.00147	0.00220	0.00915	0.00408	0.00370
27	0.01067	0.01044	0.01682	0.17516	0.56506	0.04604	0.05478	0.03239	0.02105	0.01388	0.00827	0.01094	0.00673	0.00405	0.00436	0.00133	0.00550	0.00392	0.00221	0.00640
28	0.00824	0.00775	0.01308	0.83624	0.03004	0.00969	0.01211	0.01114	0.00872	0.01114	0.00775	0.01163	0.00581	0.00436	0.00436	0.00145	0.00581	0.00388	0.00194	0.00484
29	0.00613	0.00446	0.00578	0.00545	0.00649	0.00410	0.00408	0.00815	0.01225	0.01727	0.78758	0.03294	0.07092	0.00900	0.00514	0.00138	0.00206	0.00794	0.00477	0.00410
30	0.00569	0.00396	0.00500	0.00568	0.00586	0.00380	0.00365	0.00622	0.00772	0.01029	0.02062	0.55776	0.02447	0.28894	0.01107	0.00259	0.00312	0.02670	0.00358	0.00326
31	0.00642	0.00461	0.00631	0.00728	0.00806	0.00450	0.00595	0.00800	0.00950	0.01240	0.02411	0.30267	0.05318	0.01253	0.00585	0.00191	0.00348	0.51535	0.00403	0.00385
32	0.00523	0.00432	0.00459	0.00473	0.00599	0.00368	0.00347	0.00634	0.00983	0.01199	0.08283	0.16459	0.65468	0.01133	0.00522	0.00151	0.00225	0.00962	0.00409	0.00368
33	0.01541	0.01804	0.01257	0.01101	0.01346	0.60940	0.03833	0.11559	0.07883	0.01346	0.00836	0.00953	0.00676	0.02500	0.00451	0.00126	0.00701	0.00330	0.00270	0.00548
34	0.01070	0.01026	0.01753	0.05749	0.78955	0.01034	0.01334	0.01330	0.00988	0.01413	0.00819	0.01083	0.00687	0.00390	0.00432	0.00130	0.00521	0.00389	0.00215	0.00683
35	0.01208	0.57100	0.01994	0.00913	0.02554	0.13862	0.05882	0.02994	0.04021	0.01135	0.00767	0.03087	0.00696	0.00436	0.00337	0.00107	0.00522	0.01609	0.00219	0.00556

[dist]
# distance from previous block
# <min> <max>
1	8

[block]
# block no. 6 follows, 60 sequences, length 17
# corresponding to MSA columns:
# 230-242,244-246,319
name=unknown_G
#
# <colnr> <probs for GDERKNQSTAVLIFYWHMCP>
#	G	D	E	R	K	N	Q	S	T	A	V	L	I	F	Y	W	H	M	C	P
0	0.02786	0.16124	0.01221	0.00863	0.01129	0.04743	0.00700	0.03734	0.58261	0.01655	0.01492	0.03161	0.01163	0.00558	0.00411	0.00137	0.00387	0.00446	0.00384	0.00649
1	0.58520	0.08739	0.06251	0.00811	0.04077	0.08921	0.03128	0.02740	0.00856	0.01726	0.00649	0.00763	0.00513	0.00407	0.00309	0.00129	0.00434	0.00263	0.00252	0.00511
2	0.00976	0.01760	0.52516	0.01117	0.01615	0.02135	0.03274	0.06965	0.11781	0.03945	0.02308	0.02673	0.02791	0.00596	0.03505	0.00161	0.00585	0.00401	0.00264	0.00632
3	0.00541	0.00436	0.00481	0.00483	0.00608	0.00377	0.00357	0.00669	0.01033	0.01303	0.22038	0.12194	0.55786	0.01082	0.00519	0.00148	0.00221	0.00923	0.00422	0.00377
4	0.01239	0.07543	0.39437	0.01099	0.01581	0.03941	0.01187	0.32987	0.03673	0.01904	0.00901	0.00972	0.00651	0.00461	0.00414	0.00132	0.00563	0.00348	0.00294	0.00674
5	0.00580	0.00426	0.00550	0.00627	0.00695	0.00400	0.00469	0.00698	0.00918	0.01195	0.05948	0.45016	0.15807	0.03026	0.00596	0.00182	0.00289	0.21805	0.00404	0.00370
6	0.00824	0.00775	0.01308	0.83624	0.03004	0.00969	0.01211	0.01114	0.00872	0.01114	0.00775	0.01163	0.00581	0.00436	0.00436	0.00145	0.00581	0.00388	0.00194	0.00484
7	0.00959	0.00968	0.01410	0.01187	0.01213	0.01322	0.05735	0.01071	0.00690	0.01071	0.00591	0.00968	0.00578	0.00740	0.01376	0.00188	0.78869	0.00390	0.00193	0.00484
8	0.00623	0.00467	0.00701	0.00701	0.00779	0.00545	0.00545	0.00779	0.00701	0.01012	0.01168	0.01713	0.01090	0.03271	0.82944	0.00701	0.01168	0.00467	0.00234	0.00389
9	0.01342	0.00657	0.00899	0.00760	0.00982	0.00614	0.03202	0.05704	0.01124	0.40270	0.07725	0.05317	0.01602	0.11852	0.05279	0.00215	0.00427	0.11017	0.00443	0.00570
10	0.00522	0.00440	0.00452	0.00453	0.00594	0.00370	0.00338	0.00636	0.01002	0.01208	0.08617	0.06801	0.74877	0.01101	0.00517	0.00148	0.00221	0.00924	0.00409	0.00370
11	0.01144	0.48924	0.05081	0.00805	0.01114	0.14832	0.00741	0.02970	0.03670	0.01233	0.14521	0.01198	0.01196	0.00486	0.00353	0.00108	0.00478	0.00351	0.00257	0.00537
12	0.00784	0.00630	0.00683	0.00634	0.00813	0.00643	0.00486	0.01319	0.29855	0.03963	0.18985	0.03003	0.34777	0.00860	0.00487	0.00145	0.00267	0.00726	0.00438	0.00504
13	0.01009	0.00984	0.01634	0.27703	0.50725	0.03002	0.04223	0.01274	0.00955	0.01310	0.00800	0.01099	0.00650	0.00412	0.00458	0.00136	0.02412	0.00390	0.00209	0.00614
14	0.00893	0.20992	0.30114	0.00898	0.01271	0.00954	0.02542	0.01159	0.00915	0.04259	0.03896	0.22063	0.01291	0.00659	0.00419	0.00133	0.00459	0.00553	0.00269	0.06262
15	0.00603	0.00435	0.00570	0.00559	0.00648	0.00402	0.00410	0.00786	0.01166	0.01640	0.68180	0.17109	0.03905	0.00973	0.00522	0.00144	0.00214	0.00866	0.00467	0.00402
16	0.00956	0.42286	0.29323	0.00864	0.01291	0.01251	0.00971	0.01216	0.00916	0.01173	0.01317	0.01372	0.14423	0.00512	0.00366	0.00118	0.00485	0.00381	0.00223	0.00556

[dist]
# distance from previous block
# <min> <max>
0	5

[block]
# block no. 7 follows, 60 sequences, length 12
# corresponding to MSA columns:
# 325-336
name=unknown_H
#
# <colnr> <probs for GDERKNQSTAVLIFYWHMCP>
#	G	D	E	R	K	N	Q	S	T	A	V	L	I	F	Y	W	H	M	C	P
0	0.10170	0.00881	0.15374	0.00859	0.09143	0.00640	0.00702	0.00971	0.02649	0.01425	0.14956	0.05337	0.33669	0.00796	0.00462	0.00142	0.00341	0.00665	0.00344	0.00475
1	0.01657	0.01309	0.01251	0.00996	0.01317	0.15456	0.00806	0.55188	0.05515	0.10494	0.01085	0.01073	0.00772	0.00515	0.00429	0.00129	0.00516	0.00383	0.00410	0.00698
2	0.01012	0.00949	0.01581	0.32164	0.49527	0.01026	0.01269	0.04786	0.00996	0.01370	0.00814	0.01108	0.00653	0.00412	0.00434	0.00135	0.00540	0.00388	0.00218	0.00618
3	0.09099	0.01855	0.01184	0.01057	0.01298	0.65517	0.00805	0.09221	0.03726	0.01328	0.00738	0.00830	0.00595	0.00457	0.00388	0.00117	0.00705	0.00294	0.00256	0.00531
4	0.00550	0.00416	0.00508	0.00543	0.00625	0.00374	0.00385	0.00672	0.00991	0.01306	0.24708	0.38894	0.26122	0.01160	0.00533	0.00158	0.00231	0.01024	0.00426	0.00374
5	0.01096	0.09585	0.01793	0.05028	0.68928	0.03420	0.01260	0.01339	0.00985	0.01364	0.00793	0.01035	0.00670	0.00390	0.00415	0.00126	0.00522	0.00370	0.00212	0.00666
6	0.01032	0.00971	0.01602	0.24522	0.52819	0.01047	0.01261	0.05127	0.00997	0.01388	0.00808	0.01095	0.00658	0.00425	0.00479	0.00137	0.04396	0.00388	0.00219	0.00627
7	0.00530	0.00384	0.00502	0.00596	0.00630	0.00355	0.00400	0.00609	0.00845	0.01118	0.02537	0.79106	0.08081	0.01349	0.00554	0.00175	0.00251	0.01219	0.00405	0.00355
8	0.00573	0.00449	0.00570	0.00586	0.00673	0.00454	0.00434	0.00686	0.00832	0.01087	0.02613	0.20005	0.31027	0.05989	0.29531	0.00362	0.02623	0.00801	0.00333	0.00370
9	0.01212	0.03262	0.01525	0.18908	0.23173	0.29179	0.08411	0.01498	0.06284	0.01251	0.00824	0.01032	0.00660	0.00430	0.00424	0.00129	0.00631	0.00366	0.00229	0.00571
10	0.01591	0.00876	0.01047	0.00837	0.01128	0.00882	0.00677	0.33738	0.01515	0.35869	0.03990	0.13206	0.01293	0.00662	0.00457	0.00139	0.00393	0.00545	0.00477	0.00676
11	0.01090	0.01065	0.01632	0.02201	0.57121	0.04493	0.01212	0.03626	0.00957	0.01360	0.00762	0.01037	0.00659	0.00484	0.00667	0.00143	0.20257	0.00383	0.00217	0.00634

[dist]
# distance from previous block
# <min> <max>
0	1

[block]
# block no. 8 follows, 60 sequences, length 21
# corresponding to MSA columns:
# 338-358
name=unknown_I
#
# <colnr> <probs for GDERKNQSTAVLIFYWHMCP>
#	G	D	E	R	K	N	Q	S	T	A	V	L	I	F	Y	W	H	M	C	P
0	0.01335	0.11879	0.01492	0.03549	0.17113	0.42922	0.03245	0.01494	0.01087	0.01169	0.03956	0.00966	0.00734	0.00467	0.00474	0.00122	0.06894	0.00334	0.00225	0.00544
1	0.00744	0.03020	0.00849	0.00962	0.12416	0.00623	0.00612	0.05570	0.03276	0.01288	0.01969	0.51888	0.04977	0.01054	0.00548	0.00161	0.03682	0.02752	0.00361	0.03249
2	0.01286	0.01270	0.01398	0.10104	0.26018	0.22913	0.01024	0.08275	0.05597	0.06189	0.00872	0.01046	0.00694	0.00488	0.00547	0.00136	0.10910	0.00368	0.00264	0.00601
3	0.01043	0.00999	0.01705	0.14176	0.70737	0.01027	0.01320	0.01307	0.00976	0.01381	0.00814	0.01091	0.00675	0.00395	0.00432	0.00132	0.00527	0.00388	0.00213	0.00662
4	0.01310	0.01117	0.01353	0.10500	0.26134	0.10917	0.00979	0.16843	0.11930	0.09605	0.01056	0.01153	0.00795	0.00467	0.00426	0.00130	0.00505	0.00390	0.00321	0.04069
5	0.00573	0.00423	0.00540	0.00586	0.00662	0.00390	0.00429	0.00707	0.00996	0.01331	0.25862	0.38988	0.15780	0.01168	0.00543	0.00163	0.00251	0.09804	0.00426	0.00379
6	0.00904	0.00775	0.00904	0.00646	0.01034	0.00581	0.00517	0.01098	0.00904	0.01421	0.00775	0.00904	0.00646	0.00323	0.00323	0.00065	0.00323	0.00258	0.00258	0.87339
7	0.01451	0.01715	0.01220	0.02809	0.09219	0.58508	0.00849	0.07474	0.01255	0.01275	0.05717	0.01145	0.04501	0.00505	0.00414	0.00119	0.00673	0.00361	0.00263	0.00529
8	0.00558	0.00399	0.00537	0.00638	0.00675	0.00377	0.00451	0.00653	0.00861	0.01143	0.02389	0.72065	0.02827	0.01341	0.00564	0.00181	0.00276	0.13300	0.00404	0.00362
9	0.09379	0.01067	0.01194	0.01130	0.09539	0.07608	0.00828	0.16191	0.19165	0.09392	0.01077	0.01150	0.00825	0.00562	0.00637	0.00147	0.18754	0.00393	0.00339	0.00623
10	0.04526	0.01128	0.01517	0.15519	0.45760	0.13146	0.02348	0.01438	0.05407	0.03816	0.00864	0.01079	0.00692	0.00421	0.00423	0.00131	0.00551	0.00376	0.00238	0.00621
11	0.01191	0.01068	0.01312	0.03770	0.33896	0.13887	0.00956	0.04253	0.05269	0.10361	0.06081	0.01520	0.08506	0.00550	0.00499	0.00135	0.05382	0.00456	0.00304	0.00604
12	0.08573	0.14016	0.11891	0.01515	0.22934	0.06435	0.12313	0.05540	0.08169	0.03291	0.00881	0.01021	0.00691	0.00420	0.00403	0.00129	0.00538	0.00365	0.00252	0.00624
13	0.01166	0.84935	0.02285	0.00746	0.01119	0.01726	0.00746	0.01306	0.00886	0.01026	0.00606	0.00700	0.00560	0.00373	0.00280	0.00093	0.00466	0.00233	0.00187	0.00560
14	0.00562	0.00447	0.00506	0.00500	0.00629	0.00391	0.00381	0.00711	0.01078	0.01384	0.31152	0.03914	0.50083	0.01037	0.00520	0.00147	0.00226	0.05515	0.00431	0.00385
15	0.01688	0.01085	0.01216	0.00936	0.01273	0.01158	0.00771	0.59904	0.01840	0.20712	0.04086	0.01225	0.00939	0.00540	0.00440	0.00132	0.00445	0.00417	0.00461	0.00730
16	0.01311	0.35613	0.16811	0.00943	0.01357	0.01442	0.00941	0.33413	0.01365	0.01790	0.00818	0.00882	0.00632	0.00442	0.00368	0.00117	0.00505	0.00314	0.00287	0.00649
17	0.00538	0.00392	0.00501	0.00585	0.00627	0.00362	0.00397	0.00618	0.00851	0.01115	0.02620	0.68905	0.12988	0.04680	0.00619	0.00184	0.00259	0.03005	0.00399	0.00354
18	0.00548	0.00422	0.00501	0.00526	0.00620	0.00375	0.00377	0.00673	0.01006	0.01310	0.24549	0.30581	0.34675	0.01134	0.00529	0.00154	0.00228	0.00991	0.00425	0.00375
19	0.00573	0.00501	0.04867	0.00646	0.00711	0.00418	0.00474	0.00711	0.03704	0.01142	0.02255	0.73769	0.02654	0.04590	0.00611	0.00184	0.00284	0.01140	0.00389	0.00378
20	0.01149	0.74067	0.10559	0.00808	0.01205	0.03906	0.00839	0.01326	0.00899	0.01064	0.00626	0.00725	0.00559	0.00380	0.00297	0.00098	0.00494	0.00244	0.00187	0.00567

[dist]
# distance from previous block
# <min> <max>
4	7

[block]
# block no. 9 follows, 60 sequences, length 7
# corresponding to MSA columns:
# 367-373
name=unknown_J
#
# <colnr> <probs for GDERKNQSTAVLIFYWHMCP>
#	G	D	E	R	K	N	Q	S	T	A	V	L	I	F	Y	W	H	M	C	P
0	0.00629	0.00474	0.00684	0.00691	0.00772	0.00494	0.03118	0.00767	0.00816	0.01112	0.05298	0.16464	0.06296	0.11940	0.35132	0.00424	0.00691	0.13506	0.00313	0.00377
