[name]
unknown

[dist]
# distance from previous block
# <min> <max>
0	92

[block]
# block no. 0 follows, 73 sequences, length 25
# corresponding to MSA columns:
# 93-117
name=unknown_A
#
# <colnr> <probs for GDERKNQSTAVLIFYWHMCP>
#	G	D	E	R	K	N	Q	S	T	A	V	L	I	F	Y	W	H	M	C	P
0	0.01009	0.10914	0.20466	0.01122	0.11354	0.14089	0.08791	0.09143	0.08029	0.02891	0.01923	0.00985	0.00672	0.00408	0.00387	0.00113	0.03199	0.02578	0.00226	0.01701
1	0.00534	0.03859	0.00534	0.00540	0.00594	0.02117	0.00379	0.00657	0.04973	0.00994	0.04091	0.63393	0.05968	0.06019	0.00543	0.00158	0.00249	0.03736	0.00334	0.00328
2	0.00868	0.00676	0.00860	0.00723	0.05745	0.00574	0.03372	0.04231	0.05995	0.08437	0.00955	0.10108	0.00837	0.00416	0.00329	0.00084	0.00303	0.00358	0.00269	0.54858
3	0.01067	0.10820	0.08563	0.00903	0.02750	0.03950	0.04817	0.13373	0.20954	0.10098	0.00945	0.00999	0.00720	0.00474	0.00535	0.00124	0.17744	0.00342	0.00281	0.00542
4	0.00885	0.01951	0.10770	0.00791	0.01003	0.05723	0.01754	0.09440	0.33124	0.01419	0.11221	0.06317	0.02907	0.01745	0.00496	0.00130	0.09050	0.00452	0.00316	0.00507
5	0.00551	0.00386	0.00470	0.00463	0.00495	0.00390	0.00295	0.00591	0.00578	0.00794	0.01160	0.06138	0.01285	0.60505	0.19483	0.00389	0.00489	0.00523	0.00227	0.04785
6	0.01048	0.33355	0.11466	0.00828	0.02874	0.19312	0.00752	0.07115	0.02094	0.01093	0.00614	0.00716	0.00514	0.00368	0.00357	0.00094	0.05820	0.00245	0.00194	0.11142
7	0.41281	0.00997	0.19893	0.00921	0.12689	0.00831	0.00766	0.01089	0.00705	0.03032	0.00647	0.00806	0.00516	0.00611	0.08702	0.00167	0.05407	0.00269	0.00207	0.00464
8	0.00881	0.04560	0.14759	0.06044	0.09604	0.00774	0.03266	0.07234	0.10293	0.02970	0.00800	0.00898	0.00621	0.00348	0.00330	0.00092	0.00382	0.00290	0.00235	0.35618
9	0.00500	0.00381	0.00459	0.00442	0.00542	0.00340	0.00331	0.00647	0.00985	0.01328	0.55562	0.04886	0.30554	0.00837	0.00444	0.00122	0.00182	0.00725	0.00390	0.00340
10	0.00887	0.35979	0.10647	0.03264	0.01104	0.01084	0.04807	0.01280	0.20741	0.01128	0.00909	0.06670	0.00786	0.00436	0.00349	0.00105	0.02919	0.00343	0.00232	0.06330
11	0.00462	0.00330	0.00437	0.00517	0.00541	0.00308	0.00345	0.00530	0.00725	0.00970	0.04894	0.81152	0.02485	0.03719	0.00520	0.00157	0.00221	0.01038	0.00347	0.00304
12	0.44942	0.00701	0.00725	0.00591	0.00853	0.00723	0.00488	0.05319	0.00892	0.39901	0.00981	0.00930	0.00657	0.00406	0.00306	0.00116	0.00309	0.00290	0.00346	0.00524
13	0.00465	0.00380	0.00407	0.00401	0.00516	0.00326	0.00298	0.00575	0.00891	0.01111	0.21121	0.03402	0.64424	0.03430	0.00486	0.00132	0.00192	0.00760	0.00359	0.00322
14	0.00447	0.00380	0.00385	0.00384	0.00509	0.00318	0.00288	0.00545	0.00863	0.01033	0.07020	0.03578	0.81091	0.00943	0.00443	0.00126	0.00190	0.00787	0.00351	0.00318
15	0.89465	0.00726	0.00551	0.00493	0.00726	0.00842	0.00406	0.01103	0.00638	0.01683	0.00522	0.00609	0.00406	0.00348	0.00232	0.00116	0.00290	0.00203	0.00232	0.00406
16	0.89465	0.00726	0.00551	0.00493	0.00726	0.00842	0.00406	0.01103	0.00638	0.01683	0.00522	0.00609	0.00406	0.00348	0.00232	0.00116	0.00290	0.00203	0.00232	0.00406
17	0.00933	0.00806	0.00848	0.00764	0.00976	0.00933	0.00594	0.01994	0.83797	0.01569	0.01527	0.01400	0.01145	0.00509	0.00382	0.00127	0.00297	0.00424	0.00382	0.00594
18	0.89465	0.00726	0.00551	0.00493	0.00726	0.00842	0.00406	0.01103	0.00638	0.01683	0.00522	0.00609	0.00406	0.00348	0.00232	0.00116	0.00290	0.00203	0.00232	0.00406
19	0.00462	0.00328	0.00434	0.00517	0.00537	0.00308	0.00342	0.00524	0.00709	0.00946	0.02023	0.82282	0.02424	0.05541	0.00552	0.00163	0.00225	0.01040	0.00342	0.00301
20	0.00536	0.00402	0.00603	0.00603	0.00670	0.00469	0.00469	0.00670	0.00603	0.00871	0.01005	0.01474	0.00938	0.02814	0.85328	0.00603	0.01005	0.00402	0.00201	0.00335
21	0.00940	0.16127	0.01535	0.02618	0.19215	0.08651	0.14468	0.01124	0.02690	0.01036	0.00622	0.00840	0.00540	0.00440	0.00628	0.00124	0.27417	0.00321	0.00180	0.00485
22	0.00456	0.00332	0.00430	0.00507	0.00540	0.00306	0.00342	0.00524	0.00733	0.00964	0.02250	0.77849	0.11084	0.01152	0.00475	0.00150	0.00215	0.01038	0.00348	0.00306
23	0.07859	0.37557	0.13013	0.00707	0.01052	0.01096	0.00699	0.13434	0.00916	0.02795	0.00645	0.00720	0.00521	0.00342	0.00286	0.00089	0.00391	0.00239	0.00215	0.17424
24	0.05084	0.09932	0.00821	0.00622	0.00797	0.21158	0.00492	0.08149	0.08148	0.02762	0.00965	0.01082	0.00766	0.02259	0.00334	0.00102	0.00363	0.00311	0.35417	0.00435

[dist]
# distance from previous block
# <min> <max>
0	7

[block]
# block no. 1 follows, 73 sequences, length 7
# corresponding to MSA columns:
# 125-131
name=unknown_B
#
# <colnr> <probs for GDERKNQSTAVLIFYWHMCP>
#	G	D	E	R	K	N	Q	S	T	A	V	L	I	F	Y	W	H	M	C	P
0	0.00463	0.00331	0.00441	0.00518	0.00546	0.00309	0.00349	0.00538	0.00747	0.01003	0.08863	0.79646	0.02569	0.01142	0.00476	0.00150	0.00214	0.01034	0.00354	0.00309
1	0.00799	0.01246	0.36556	0.03583	0.15213	0.00833	0.01017	0.04321	0.12101	0.01294	0.09835	0.01233	0.04175	0.00463	0.00429	0.00122	0.05642	0.00377	0.00237	0.00526
2	0.00818	0.00653	0.03033	0.00597	0.00868	0.00512	0.02700	0.01001	0.03858	0.08832	0.00946	0.08017	0.00854	0.09756	0.00491	0.00109	0.00304	0.00355	0.00259	0.56038
3	0.00498	0.00382	0.00456	0.00438	0.00540	0.00340	0.00328	0.00645	0.00985	0.01321	0.54185	0.03105	0.33746	0.00835	0.00443	0.00121	0.00182	0.00721	0.00389	0.00340
4	0.01518	0.00810	0.10081	0.00785	0.01112	0.00618	0.07360	0.01708	0.01028	0.68885	0.01334	0.01203	0.00850	0.00441	0.00380	0.00117	0.00370	0.00372	0.00409	0.00619
5	0.00678	0.00787	0.13757	0.19159	0.11140	0.00652	0.02880	0.00967	0.06431	0.01225	0.22631	0.04233	0.09668	0.00580	0.00406	0.00124	0.00364	0.03602	0.00276	0.00441
6	0.00459	0.00346	0.00425	0.00479	0.00535	0.00312	0.00331	0.00542	0.00784	0.01018	0.09223	0.56872	0.25153	0.01080	0.00466	0.00142	0.00207	0.00959	0.00354	0.00312

[dist]
# distance from previous block
# <min> <max>
0	1

[block]
# block no. 2 follows, 73 sequences, length 19
# corresponding to MSA columns:
# 133-151
name=unknown_C
#
# <colnr> <probs for GDERKNQSTAVLIFYWHMCP>
#	G	D	E	R	K	N	Q	S	T	A	V	L	I	F	Y	W	H	M	C	P
0	0.00953	0.03667	0.05080	0.02060	0.02030	0.02839	0.00596	0.02544	0.33545	0.12009	0.08645	0.01367	0.03764	0.00485	0.00390	0.00111	0.03036	0.00393	0.01658	0.14830
1	0.00529	0.00404	0.00495	0.00508	0.00609	0.00376	0.00401	0.00699	0.03270	0.01226	0.31362	0.07209	0.29219	0.00906	0.00462	0.00136	0.00229	0.21245	0.00371	0.00344
2	0.01032	0.07165	0.17708	0.02444	0.06340	0.00978	0.08206	0.29862	0.06144	0.02695	0.08774	0.01083	0.00889	0.00440	0.00401	0.00115	0.03193	0.00361	0.00282	0.01888
3	0.00933	0.00806	0.00848	0.00764	0.00976	0.00933	0.00594	0.01994	0.83797	0.01569	0.01527	0.01400	0.01145	0.00509	0.00382	0.00127	0.00297	0.00424	0.00382	0.00594
4	0.00778	0.00667	0.00778	0.00556	0.00889	0.00500	0.00445	0.00945	0.00778	0.01223	0.00667	0.00778	0.00556	0.00278	0.00278	0.00056	0.00278	0.00222	0.00222	0.89108
5	0.00641	0.00333	0.00499	0.00499	0.00505	0.00339	0.00339	0.00505	0.00499	0.00672	0.00684	0.01171	0.00678	0.01440	0.09059	0.81074	0.00387	0.00333	0.00166	0.00178
6	0.89465	0.00726	0.00551	0.00493	0.00726	0.00842	0.00406	0.01103	0.00638	0.01683	0.00522	0.00609	0.00406	0.00348	0.00232	0.00116	0.00290	0.00203	0.00232	0.00406
7	0.00858	0.00759	0.04980	0.04870	0.11076	0.05637	0.04317	0.04957	0.12939	0.07308	0.05166	0.02783	0.03291	0.25159	0.02506	0.00199	0.02038	0.00448	0.00271	0.00440
8	0.00859	0.00739	0.00815	0.00664	0.00934	0.00726	0.00522	0.01491	0.44006	0.01403	0.01115	0.01102	0.00863	0.00398	0.00332	0.00093	0.00288	0.00327	0.00305	0.43018
9	0.01426	0.01051	0.01126	0.00863	0.01163	0.01163	0.00713	0.83224	0.01764	0.02364	0.00901	0.00901	0.00638	0.00450	0.00375	0.00113	0.00413	0.00338	0.00375	0.00638
10	0.11823	0.00982	0.01039	0.00805	0.01096	0.01080	0.00665	0.67446	0.01580	0.08455	0.00900	0.00895	0.00632	0.00439	0.00359	0.00113	0.00391	0.00325	0.00365	0.00611
11	0.00890	0.00709	0.00850	0.00615	0.00944	0.00574	0.02527	0.08473	0.00887	0.05946	0.00735	0.00823	0.00584	0.00305	0.00296	0.00066	0.00301	0.00247	0.00249	0.73979
12	0.00457	0.00381	0.00398	0.00394	0.00515	0.00322	0.00295	0.00564	0.00886	0.01087	0.15831	0.03490	0.72246	0.00923	0.00443	0.00125	0.00188	0.00775	0.00358	0.00322
13	0.00882	0.00756	0.00812	0.00737	0.00934	0.00873	0.00573	0.01830	0.73757	0.01489	0.01548	0.01473	0.03642	0.00731	0.08074	0.00170	0.00358	0.00433	0.00364	0.00562
14	0.00460	0.00381	0.00404	0.00398	0.00517	0.00324	0.00298	0.00571	0.00895	0.01109	0.19422	0.03454	0.68641	0.00915	0.00443	0.00125	0.00188	0.00770	0.00361	0.00324
15	0.05458	0.00933	0.01021	0.00803	0.01072	0.01028	0.00660	0.64590	0.01531	0.07194	0.00931	0.00978	0.00681	0.00727	0.10463	0.00171	0.00472	0.00342	0.00353	0.00591
16	0.00815	0.00832	0.05284	0.18766	0.46891	0.00815	0.05092	0.01045	0.00842	0.01178	0.08515	0.02981	0.02427	0.00420	0.00405	0.00118	0.02459	0.00393	0.00208	0.00514
17	0.00767	0.00630	0.00696	0.00642	0.00793	0.00697	0.00487	0.01437	0.49354	0.01416	0.20047	0.01971	0.04156	0.10315	0.02668	0.00165	0.00293	0.02623	0.00365	0.00478
18	0.00854	0.08059	0.16974	0.04908	0.10888	0.02849	0.02059	0.05271	0.09158	0.06495	0.14793	0.06386	0.04820	0.00516	0.00377	0.00114	0.00374	0.00438	0.00280	0.04385

[dist]
# distance from previous block
# <min> <max>
0	14

[block]
# block no. 3 follows, 73 sequences, length 77
# corresponding to MSA columns:
# 166-242
name=unknown_D
#
# <colnr> <probs for GDERKNQSTAVLIFYWHMCP>
#	G	D	E	R	K	N	Q	S	T	A	V	L	I	F	Y	W	H	M	C	P
0	0.02265	0.09727	0.15444	0.01075	0.12430	0.08824	0.02555	0.29647	0.09865	0.03324	0.00839	0.00894	0.00630	0.00402	0.00355	0.00111	0.00453	0.00315	0.00272	0.00573
1	0.48346	0.02974	0.02037	0.00676	0.02282	0.01960	0.00551	0.02107	0.04770	0.03778	0.00651	0.02530	0.00545	0.00474	0.01673	0.00130	0.18490	0.00273	0.00231	0.05524
2	0.00595	0.04055	0.00578	0.00547	0.03569	0.00485	0.00343	0.00626	0.00589	0.00792	0.01157	0.06163	0.01312	0.65240	0.03407	0.00317	0.06198	0.03523	0.00228	0.00274
3	0.00801	0.00711	0.00859	0.00711	0.00879	0.05329	0.00571	0.00931	0.00713	0.03939	0.02158	0.00996	0.00684	0.02188	0.16993	0.00202	0.25036	0.00306	0.00212	0.35780
4	0.00510	0.00383	0.00473	0.00450	0.00548	0.00345	0.00338	0.00668	0.01013	0.01388	0.65156	0.02994	0.22733	0.00811	0.00443	0.00120	0.00180	0.00705	0.00398	0.00345
5	0.04869	0.00676	0.00880	0.00677	0.00966	0.00613	0.00560	0.08588	0.01115	0.74833	0.01397	0.01221	0.00885	0.00459	0.00372	0.00116	0.00326	0.00368	0.00448	0.00630
6	0.00546	0.00364	0.00409	0.00409	0.00409	0.00364	0.00227	0.00546	0.00546	0.00727	0.01182	0.02455	0.01364	0.86815	0.01910	0.00364	0.00364	0.00546	0.00227	0.00227
7	0.00453	0.00348	0.00415	0.00467	0.00530	0.00310	0.00324	0.00531	0.00776	0.00987	0.03859	0.53414	0.34076	0.01083	0.00465	0.00142	0.00206	0.00955	0.00349	0.00310
8	0.01610	0.00729	0.00925	0.00708	0.01001	0.00684	0.00585	0.19571	0.01219	0.65180	0.01338	0.01185	0.00858	0.00458	0.00375	0.00114	0.00339	0.00366	0.00440	0.02315
9	0.00709	0.00667	0.01125	0.85913	0.02584	0.00834	0.01042	0.00959	0.00750	0.00959	0.00667	0.01000	0.00500	0.00375	0.00375	0.00125	0.00500	0.00333	0.00167	0.00417
10	0.00821	0.00821	0.01149	0.00985	0.00985	0.01149	0.00821	0.00903	0.00575	0.00903	0.00492	0.00821	0.00492	0.00657	0.01231	0.00164	0.86128	0.00328	0.00164	0.00410
11	0.89465	0.00726	0.00551	0.00493	0.00726	0.00842	0.00406	0.01103	0.00638	0.01683	0.00522	0.00609	0.00406	0.00348	0.00232	0.00116	0.00290	0.00203	0.00232	0.00406
12	0.00657	0.00579	0.04976	0.03353	0.00907	0.00496	0.11825	0.03391	0.00880	0.05434	0.18426	0.32027	0.09993	0.01810	0.00456	0.00133	0.00304	0.00721	0.00326	0.03307
13	0.00972	0.11547	0.01233	0.00955	0.02775	0.14457	0.00779	0.03631	0.02098	0.02376	0.00561	0.00793	0.00514	0.00554	0.00896	0.00139	0.54792	0.00302	0.00184	0.00441
14	0.00821	0.00821	0.01149	0.00985	0.00985	0.01149	0.00821	0.00903	0.00575	0.00903	0.00492	0.00821	0.00492	0.00657	0.01231	0.00164	0.86128	0.00328	0.00164	0.00410
15	0.00902	0.33819	0.28489	0.01032	0.03440	0.02508	0.18540	0.02978	0.00830	0.01097	0.00671	0.00856	0.00546	0.00353	0.00336	0.00107	0.00504	0.02304	0.00177	0.00512
16	0.00513	0.00378	0.00513	0.00542	0.00579	0.00403	0.00384	0.00593	0.00644	0.00884	0.01519	0.35256	0.03974	0.17164	0.31694	0.00354	0.03332	0.00699	0.00267	0.00306
17	0.00852	0.00668	0.00754	0.00643	0.00845	0.01768	0.00493	0.22949	0.05383	0.01447	0.01284	0.32077	0.01309	0.00665	0.00383	0.00110	0.00299	0.00572	0.00317	0.27181
18	0.00778	0.00667	0.00778	0.00556	0.00889	0.00500	0.00445	0.00945	0.00778	0.01223	0.00667	0.00778	0.00556	0.00278	0.00278	0.00056	0.00278	0.00222	0.00222	0.89108
19	0.01137	0.00907	0.00963	0.00805	0.01053	0.01029	0.00643	0.35646	0.49811	0.01899	0.01268	0.01193	0.00935	0.00485	0.00379	0.00121	0.00345	0.00388	0.00379	0.00612
20	0.03691	0.32410	0.07092	0.16650	0.09594	0.02539	0.00808	0.04418	0.15635	0.01157	0.00772	0.00880	0.00618	0.00381	0.00335	0.00107	0.01899	0.00292	0.00215	0.00507
21	0.00529	0.00383	0.00499	0.00470	0.00560	0.00353	0.00353	0.00705	0.01058	0.01496	0.82834	0.02817	0.04988	0.00770	0.00443	0.00118	0.00177	0.00681	0.00412	0.00353
22	0.00778	0.00667	0.00778	0.00556	0.00889	0.00500	0.00445	0.00945	0.00778	0.01223	0.00667	0.00778	0.00556	0.00278	0.00278	0.00056	0.00278	0.00222	0.00222	0.89108
23	0.00988	0.00743	0.00754	0.00654	0.00796	0.10251	0.00488	0.23142	0.00996	0.09354	0.01049	0.02627	0.00970	0.30364	0.14909	0.00278	0.00512	0.00422	0.00284	0.00420
24	0.03982	0.00718	0.01247	0.63139	0.02286	0.00837	0.14385	0.01027	0.03486	0.01051	0.00744	0.02900	0.00579	0.00387	0.00382	0.00125	0.00497	0.00366	0.01428	0.00433
25	0.01683	0.00638	0.00871	0.00668	0.00958	0.00551	0.00551	0.01828	0.01074	0.84734	0.01480	0.01277	0.00929	0.00464	0.00377	0.00116	0.00319	0.00377	0.00464	0.00638
26	0.01401	0.01788	0.01063	0.00967	0.01160	0.85309	0.00725	0.01498	0.01063	0.00918	0.00580	0.00677	0.00483	0.00387	0.00338	0.00097	0.00677	0.00242	0.00193	0.00435
27	0.00494	0.00395	0.00451	0.00473	0.00586	0.00351	0.00379	0.00616	0.00870	0.01074	0.08057	0.03738	0.56300	0.00964	0.00465	0.00139	0.00233	0.23735	0.00351	0.00327
28	0.01670	0.00659	0.00883	0.00677	0.00968	0.00582	0.00560	0.05898	0.01108	0.80616	0.01451	0.01258	0.00914	0.00464	0.00377	0.00116	0.00324	0.00375	0.00460	0.00638
29	0.01587	0.00612	0.00827	0.00645	0.00915	0.00532	0.00529	0.01730	0.01046	0.77273	0.01488	0.04400	0.00987	0.00489	0.00375	0.00116	0.00308	0.00401	0.05129	0.00611
30	0.00458	0.00330	0.00432	0.00513	0.00539	0.00307	0.00342	0.00524	0.00722	0.00956	0.02137	0.80444	0.06664	0.03059	0.00509	0.00156	0.00219	0.01041	0.00346	0.00304
31	0.00929	0.00891	0.01523	0.02303	0.84475	0.00891	0.01151	0.01151	0.00854	0.01226	0.00706	0.00929	0.00594	0.00334	0.00371	0.00111	0.00446	0.00334	0.00186	0.00594
32	0.01007	0.00938	0.01182	0.09374	0.19718	0.08872	0.00858	0.19364	0.00965	0.01303	0.00688	0.00919	0.00580	0.01866	0.04340	0.00153	0.26821	0.00331	0.00222	0.00499
33	0.00456	0.00338	0.00426	0.00494	0.00537	0.00308	0.00336	0.00529	0.00751	0.00978	0.03897	0.68950	0.18382	0.01124	0.00471	0.00147	0.00212	0.01006	0.00349	0.00308
34	0.49456	0.00828	0.01867	0.05975	0.20560	0.02811	0.06932	0.02993	0.00755	0.02491	0.00614	0.00759	0.00484	0.00354	0.00314	0.00117	0.01735	0.00268	0.00218	0.00469
35	0.00673	0.00435	0.00507	0.00471	0.00580	0.00432	0.00359	0.04581	0.06820	0.02688	0.45259	0.02119	0.02326	0.00618	0.00373	0.00108	0.00197	0.00529	0.30537	0.00386
36	0.00923	0.03860	0.04083	0.07535	0.68853	0.01967	0.01105	0.02116	0.03718	0.01217	0.00725	0.00931	0.00599	0.00345	0.00367	0.00112	0.00448	0.00330	0.00192	0.00576
37	0.03090	0.00720	0.00842	0.00673	0.00932	0.07623	0.00545	0.01692	0.05233	0.64372	0.06682	0.01358	0.02434	0.00485	0.00375	0.00115	0.00334	0.00391	0.01514	0.00588
38	0.00471	0.00380	0.00419	0.00412	0.00524	0.00328	0.00308	0.00591	0.00917	0.01166	0.29023	0.05078	0.57269	0.00897	0.00444	0.00124	0.00187	0.00762	0.00369	0.00328
39	0.00475	0.00359	0.00438	0.00468	0.00540	0.00323	0.00334	0.00580	0.00853	0.01122	0.24346	0.37947	0.27741	0.00997	0.00459	0.00136	0.00200	0.01995	0.00365	0.00322
40	0.01566	0.00826	0.00987	0.00757	0.01051	0.00830	0.00625	0.38881	0.01388	0.47238	0.01216	0.01106	0.00796	0.00458	0.00376	0.00114	0.00362	0.00359	0.00424	0.00638
41	0.00546	0.00364	0.00409	0.00409	0.00409	0.00364	0.00227	0.00546	0.00546	0.00727	0.01182	0.02455	0.01364	0.86815	0.01910	0.00364	0.00364	0.00546	0.00227	0.00227
42	0.01426	0.01051	0.01126	0.00863	0.01163	0.01163	0.00713	0.83224	0.01764	0.02364	0.00901	0.00901	0.00638	0.00450	0.00375	0.00113	0.00413	0.00338	0.00375	0.00638
43	0.01652	0.00688	0.00901	0.00691	0.00982	0.00625	0.00571	0.11588	0.01157	0.74857	0.01411	0.01232	0.00894	0.00463	0.00377	0.00116	0.00330	0.00373	0.00454	0.00638
44	0.00531	0.00383	0.00501	0.00472	0.00560	0.00354	0.00354	0.00708	0.01062	0.01504	0.84277	0.02802	0.03540	0.00767	0.00442	0.00118	0.00177	0.00678	0.00413	0.00354
45	0.89465	0.00726	0.00551	0.00493	0.00726	0.00842	0.00406	0.01103	0.00638	0.01683	0.00522	0.00609	0.00406	0.00348	0.00232	0.00116	0.00290	0.00203	0.00232	0.00406
46	0.01426	0.01051	0.01126	0.00863	0.01163	0.01163	0.00713	0.83224	0.01764	0.02364	0.00901	0.00901	0.00638	0.00450	0.00375	0.00113	0.00413	0.00338	0.00375	0.00638
47	0.00457	0.00326	0.00435	0.00522	0.00544	0.00305	0.00348	0.00522	0.00718	0.00958	0.02068	0.86570	0.02481	0.01175	0.00479	0.00152	0.00218	0.01067	0.00348	0.00305
48	0.00875	0.00960	0.02005	0.09935	0.14201	0.00929	0.62988	0.01171	0.00868	0.01182	0.00742	0.00999	0.00566	0.00325	0.00426	0.00124	0.00592	0.00416	0.00187	0.00510
49	0.02657	0.01194	0.23612	0.01249	0.02636	0.00898	0.40401	0.03480	0.00846	0.02264	0.00713	0.00906	0.00540	0.00358	0.00461	0.00120	0.07645	0.00357	0.00192	0.09472
50	0.00801	0.04732	0.41376	0.01066	0.03797	0.02689	0.05358	0.01073	0.00722	0.01063	0.00624	0.00836	0.00509	0.00558	0.04227	0.00153	0.29453	0.00306	0.00165	0.00490
51	0.00465	0.00376	0.00380	0.00383	0.00502	0.00319	0.00285	0.00566	0.00844	0.01044	0.03523	0.06457	0.74382	0.00916	0.00430	0.00124	0.00190	0.00765	0.07731	0.00319
52	0.00917	0.00851	0.01449	0.13929	0.67341	0.00868	0.02807	0.01142	0.00846	0.03722	0.00724	0.00948	0.00590	0.00343	0.00372	0.00113	0.00451	0.00336	0.00192	0.02060
53	0.00778	0.00667	0.00778	0.00556	0.00889	0.00500	0.00445	0.00945	0.00778	0.01223	0.00667	0.00778	0.00556	0.00278	0.00278	0.00056	0.00278	0.00222	0.00222	0.89108
54	0.03970	0.00681	0.01081	0.75693	0.02382	0.00842	0.00981	0.01050	0.07670	0.01036	0.00733	0.01019	0.00550	0.00385	0.00370	0.00125	0.00476	0.00336	0.00187	0.00431
55	0.01003	0.87041	0.01966	0.00642	0.00963	0.01485	0.00642	0.01123	0.00762	0.00883	0.00522	0.00602	0.00481	0.00321	0.00241	0.00080	0.00401	0.00201	0.00160	0.00481
56	0.00546	0.00364	0.00409	0.00409	0.00409	0.00364	0.00227	0.00546	0.00546	0.00727	0.01182	0.02455	0.01364	0.86815	0.01910	0.00364	0.00364	0.00546	0.00227	0.00227
57	0.00525	0.00383	0.00494	0.00466	0.00557	0.00352	0.00350	0.00697	0.01049	0.01473	0.79131	0.02854	0.08705	0.00779	0.00443	0.00119	0.00178	0.00686	0.00409	0.00352
58	0.00468	0.00346	0.00438	0.00489	0.00541	0.00316	0.00338	0.00558	0.00803	0.01064	0.16985	0.57503	0.16647	0.01064	0.00466	0.00142	0.00206	0.00951	0.00360	0.00316
59	0.00770	0.00658	0.00769	0.00553	0.00879	0.00496	0.00442	0.00937	0.00787	0.01231	0.03275	0.00841	0.00649	0.00293	0.00283	0.00058	0.00275	0.00237	0.00228	0.86339
60	0.01034	0.11442	0.01554	0.01106	0.01393	0.19245	0.32062	0.03020	0.22823	0.01221	0.00897	0.00991	0.00694	0.00385	0.00379	0.00114	0.00522	0.00363	0.00241	0.00513
61	0.00886	0.01012	0.02214	0.01581	0.01961	0.00949	0.83112	0.01202	0.00886	0.01202	0.00759	0.01012	0.00569	0.00316	0.00443	0.00127	0.00633	0.00443	0.00190	0.00506
62	0.00463	0.00375	0.00411	0.00414	0.00522	0.00323	0.00306	0.00572	0.00884	0.01110	0.20414	0.11992	0.59031	0.00935	0.00447	0.00128	0.00190	0.00796	0.00362	0.00323
63	0.00447	0.00380	0.00381	0.00381	0.00504	0.00318	0.00283	0.00539	0.00845	0.01005	0.03719	0.03575	0.81734	0.03629	0.00489	0.00134	0.00195	0.00784	0.00345	0.00314
64	0.01003	0.87041	0.01966	0.00642	0.00963	0.01485	0.00642	0.01123	0.00762	0.00883	0.00522	0.00602	0.00481	0.00321	0.00241	0.00080	0.00401	0.00201	0.00160	0.00481
65	0.00688	0.00638	0.01068	0.78794	0.02414	0.00789	0.00984	0.00922	0.00748	0.00959	0.00784	0.08134	0.00665	0.00442	0.00384	0.00127	0.00477	0.00395	0.00182	0.00407
66	0.00933	0.00806	0.00848	0.00764	0.00976	0.00933	0.00594	0.01994	0.83797	0.01569	0.01527	0.01400	0.01145	0.00509	0.00382	0.00127	0.00297	0.00424	0.00382	0.00594
67	0.00929	0.00891	0.01523	0.02303	0.84475	0.00891	0.01151	0.01151	0.00854	0.01226	0.00706	0.00929	0.00594	0.00334	0.00371	0.00111	0.00446	0.00334	0.00186	0.00594
68	0.89465	0.00726	0.00551	0.00493	0.00726	0.00842	0.00406	0.01103	0.00638	0.01683	0.00522	0.00609	0.00406	0.00348	0.00232	0.00116	0.00290	0.00203	0.00232	0.00406
69	0.00486	0.00426	0.00420	0.00422	0.00538	0.03358	0.00313	0.00585	0.00867	0.01046	0.10233	0.11398	0.66732	0.00936	0.00443	0.00127	0.00209	0.00789	0.00348	0.00323
70	0.00709	0.00667	0.01125	0.85913	0.02584	0.00834	0.01042	0.00959	0.00750	0.00959	0.00667	0.01000	0.00500	0.00375	0.00375	0.00125	0.00500	0.00333	0.00167	0.00417
71	0.00855	0.08044	0.25289	0.02763	0.04596	0.03549	0.04837	0.01118	0.02482	0.04010	0.00697	0.00819	0.00547	0.00343	0.00366	0.00093	0.04614	0.00269	0.00202	0.34505
72	0.01336	0.01000	0.01112	0.00869	0.01125	0.01134	0.00717	0.69274	0.01576	0.03972	0.00880	0.02339	0.00656	0.00490	0.00489	0.00120	0.11610	0.00350	0.00349	0.00603
73	0.01225	0.00951	0.01012	0.00822	0.01087	0.01069	0.00664	0.50024	0.35291	0.02040	0.01157	0.01105	0.00845	0.00474	0.00378	0.00119	0.00365	0.00373	0.00378	0.00620
74	0.00541	0.00383	0.00505	0.00505	0.00538	0.00416	0.00347	0.00607	0.00574	0.00798	0.01095	0.01971	0.01154	0.45360	0.43077	0.00482	0.00680	0.00475	0.00214	0.00280
75	0.00539	0.00363	0.00416	0.00420	0.00426	0.00363	0.00242	0.00548	0.00561	0.00748	0.01268	0.06601	0.02913	0.78474	0.04346	0.00356	0.00373	0.00571	0.00235	0.00236
76	0.03853	0.03311	0.37110	0.01017	0.03032	0.43169	0.01006	0.01339	0.00924	0.01064	0.00620	0.00728	0.00480	0.00370	0.00342	0.00107	0.00602	0.00257	0.00179	0.00489

[dist]
# distance from previous block
# <min> <max>
0	1

[block]
# block no. 4 follows, 73 sequences, length 23
# corresponding to MSA columns:
# 244-266
name=unknown_E
#
# <colnr> <probs for GDERKNQSTAVLIFYWHMCP>
#	G	D	E	R	K	N	Q	S	T	A	V	L	I	F	Y	W	H	M	C	P
0	0.00843	0.03995	0.13055	0.09173	0.24820	0.00789	0.00854	0.05993	0.11433	0.04299	0.08433	0.04083	0.09628	0.00502	0.00384	0.00118	0.00383	0.00434	0.00267	0.00513
1	0.86282	0.03831	0.00602	0.00499	0.00734	0.00865	0.00415	0.01104	0.00643	0.01654	0.00522	0.00609	0.00409	0.00347	0.00232	0.00115	0.00294	0.00203	0.00230	0.00409
2	0.00502	0.00350	0.00425	0.00466	0.00486	0.00337	0.00296	0.00542	0.00651	0.00859	0.01763	0.39771	0.07103	0.40975	0.01143	0.00250	0.00288	0.03231	0.00292	0.00271
3	0.00531	0.00383	0.00501	0.00472	0.00560	0.00354	0.00354	0.00708	0.01062	0.01504	0.84277	0.02802	0.03540	0.00767	0.00442	0.00118	0.00177	0.00678	0.00413	0.00354
4	0.48020	0.00684	0.00702	0.00576	0.00835	0.00705	0.00475	0.01445	0.00844	0.40894	0.00975	0.00925	0.00653	0.00403	0.00301	0.00116	0.00304	0.00285	0.00342	0.00516
5	0.00821	0.00821	0.01149	0.00985	0.00985	0.01149	0.00821	0.00903	0.00575	0.00903	0.00492	0.00821	0.00492	0.00657	0.01231	0.00164	0.86128	0.00328	0.00164	0.00410
6	0.01002	0.00489	0.00644	0.00545	0.00721	0.00433	0.00430	0.01158	0.01047	0.36078	0.42264	0.02244	0.10056	0.00658	0.00415	0.00118	0.00237	0.00564	0.00428	0.00469
7	0.38933	0.00652	0.00663	0.00620	0.00812	0.00708	0.00523	0.11580	0.00893	0.05131	0.02474	0.02004	0.01136	0.00616	0.00363	0.00134	0.00325	0.29327	0.00304	0.02802
8	0.00546	0.00364	0.00409	0.00409	0.00409	0.00364	0.00227	0.00546	0.00546	0.00727	0.01182	0.02455	0.01364	0.86815	0.01910	0.00364	0.00364	0.00546	0.00227	0.00227
9	0.89465	0.00726	0.00551	0.00493	0.00726	0.00842	0.00406	0.01103	0.00638	0.01683	0.00522	0.00609	0.00406	0.00348	0.00232	0.00116	0.00290	0.00203	0.00232	0.00406
10	0.00915	0.21535	0.47266	0.00990	0.03665	0.13694	0.03204	0.01214	0.00830	0.01082	0.00636	0.00750	0.00492	0.00352	0.00328	0.00106	0.00530	0.00261	0.01632	0.00516
11	0.00778	0.00667	0.00778	0.00556	0.00889	0.00500	0.00445	0.00945	0.00778	0.01223	0.00667	0.00778	0.00556	0.00278	0.00278	0.00056	0.00278	0.00222	0.00222	0.89108
12	0.00546	0.00364	0.00409	0.00409	0.00409	0.00364	0.00227	0.00546	0.00546	0.00727	0.01182	0.02455	0.01364	0.86815	0.01910	0.00364	0.00364	0.00546	0.00227	0.00227
13	0.01186	0.44775	0.01526	0.00733	0.01036	0.01299	0.00661	0.38602	0.01221	0.01577	0.00719	0.00766	0.00570	0.00384	0.00303	0.00095	0.00399	0.00268	0.03332	0.00548
14	0.03202	0.02681	0.11912	0.05435	0.13050	0.01774	0.02746	0.02848	0.01828	0.04540	0.06880	0.31734	0.01457	0.00681	0.00412	0.00125	0.01358	0.00603	0.00276	0.06457
15	0.02450	0.01018	0.12008	0.01438	0.35300	0.02102	0.02041	0.17557	0.03990	0.13034	0.00918	0.00998	0.01891	0.00393	0.00368	0.00112	0.00425	0.00338	0.00270	0.03352
16	0.00489	0.00341	0.00424	0.00477	0.00494	0.00326	0.00303	0.00531	0.00660	0.00876	0.01795	0.53768	0.04356	0.32213	0.00996	0.00228	0.00270	0.00870	0.00304	0.00277
17	0.10456	0.01032	0.00924	0.08772	0.01150	0.27856	0.00641	0.05520	0.01018	0.34627	0.01014	0.01009	0.01920	0.00467	0.01862	0.00119	0.00463	0.00316	0.00315	0.00518
18	0.00982	0.07488	0.15236	0.05308	0.35191	0.03544	0.09826	0.04960	0.03385	0.07958	0.00804	0.02246	0.00630	0.00372	0.00369	0.00114	0.00470	0.00341	0.00219	0.00558
19	0.00533	0.00381	0.00496	0.00505	0.00567	0.00387	0.00363	0.00625	0.00698	0.02790	0.07592	0.17611	0.15565	0.18393	0.31393	0.00349	0.00525	0.00636	0.00279	0.00313
20	0.00455	0.00371	0.00402	0.00414	0.00519	0.00318	0.00303	0.00553	0.00853	0.01054	0.11713	0.17907	0.61894	0.00971	0.00449	0.00130	0.00193	0.00828	0.00355	0.00318
21	0.05602	0.00768	0.00890	0.03593	0.02460	0.06034	0.00616	0.18777	0.02647	0.19984	0.02234	0.03713	0.03614	0.00945	0.16184	0.00212	0.10534	0.00387	0.00308	0.00498
22	0.02326	0.15465	0.16832	0.04891	0.16495	0.07148	0.23457	0.03949	0.00882	0.04059	0.00704	0.00863	0.00545	0.00345	0.00362	0.00111	0.00520	0.00324	0.00194	0.00525

[dist]
# distance from previous block
# <min> <max>
11	29

[block]
# block no. 5 follows, 73 sequences, length 28
# corresponding to MSA columns:
# 298-325
name=unknown_F
#
# <colnr> <probs for GDERKNQSTAVLIFYWHMCP>
#	G	D	E	R	K	N	Q	S	T	A	V	L	I	F	Y	W	H	M	C	P
0	0.00900	0.10942	0.23390	0.08718	0.29131	0.04326	0.02156	0.03392	0.00858	0.04136	0.03232	0.00965	0.01658	0.00440	0.02718	0.00124	0.00482	0.00319	0.00199	0.01914
1	0.01018	0.67931	0.11341	0.00727	0.01060	0.10641	0.00736	0.01172	0.00799	0.00922	0.00545	0.00632	0.00481	0.00332	0.00265	0.00086	0.00449	0.00214	0.00164	0.00485
2	0.10345	0.00451	0.00539	0.01833	0.02535	0.00459	0.00417	0.00797	0.08876	0.02466	0.08871	0.50318	0.05863	0.00927	0.00433	0.00141	0.00244	0.03781	0.00340	0.00364
3	0.00864	0.00743	0.00784	0.00710	0.00908	0.00843	0.00551	0.01785	0.71501	0.01507	0.05129	0.01695	0.10207	0.00567	0.00391	0.00127	0.00281	0.00474	0.00379	0.00554
4	0.00505	0.00367	0.00476	0.00485	0.00557	0.00339	0.00353	0.00643	0.00942	0.01301	0.52657	0.27629	0.08745	0.00906	0.00455	0.00130	0.00194	0.02592	0.00388	0.00337
5	0.00491	0.00381	0.00442	0.00429	0.00530	0.00340	0.00318	0.00618	0.00924	0.01213	0.39478	0.03128	0.41453	0.05647	0.02831	0.00149	0.00216	0.00717	0.00367	0.00329
6	0.00699	0.00350	0.00350	0.00350	0.00437	0.00350	0.00262	0.00874	0.00787	0.01399	0.01224	0.01399	0.00962	0.00437	0.00262	0.00087	0.00175	0.00350	0.88898	0.00350
7	0.00605	0.00432	0.00605	0.00691	0.00777	0.00432	0.00605	0.00777	0.00864	0.01123	0.01986	0.04232	0.02159	0.01036	0.00518	0.00173	0.00345	0.81949	0.00345	0.00345
8	0.00752	0.01941	0.84871	0.01069	0.01624	0.00871	0.01386	0.01188	0.00792	0.01188	0.00673	0.00792	0.00475	0.00356	0.00356	0.00119	0.00554	0.00277	0.00158	0.00554
9	0.89465	0.00726	0.00551	0.00493	0.00726	0.00842	0.00406	0.01103	0.00638	0.01683	0.00522	0.00609	0.00406	0.00348	0.00232	0.00116	0.00290	0.00203	0.00232	0.00406
10	0.00778	0.00667	0.00778	0.00556	0.00889	0.00500	0.00445	0.00945	0.00778	0.01223	0.00667	0.00778	0.00556	0.00278	0.00278	0.00056	0.00278	0.00222	0.00222	0.89108
11	0.01106	0.00891	0.01790	0.01294	0.01641	0.00821	0.57552	0.01370	0.00944	0.25183	0.02849	0.01128	0.00739	0.00369	0.00424	0.00123	0.00532	0.00429	0.00274	0.00541
12	0.00546	0.00364	0.00409	0.00409	0.00409	0.00364	0.00227	0.00546	0.00546	0.00727	0.01182	0.02455	0.01364	0.86815	0.01910	0.00364	0.00364	0.00546	0.00227	0.00227
13	0.01426	0.01051	0.01126	0.00863	0.01163	0.01163	0.00713	0.83224	0.01764	0.02364	0.00901	0.00901	0.00638	0.00450	0.00375	0.00113	0.00413	0.00338	0.00375	0.00638
14	0.00933	0.00806	0.00848	0.00764	0.00976	0.00933	0.00594	0.01994	0.83797	0.01569	0.01527	0.01400	0.01145	0.00509	0.00382	0.00127	0.00297	0.00424	0.00382	0.00594
15	0.00709	0.00667	0.01125	0.85913	0.02584	0.00834	0.01042	0.00959	0.00750	0.00959	0.00667	0.01000	0.00500	0.00375	0.00375	0.00125	0.00500	0.00333	0.00167	0.00417
16	0.01683	0.00638	0.00871	0.00668	0.00958	0.00551	0.00551	0.01828	0.01074	0.84734	0.01480	0.01277	0.00929	0.00464	0.00377	0.00116	0.00319	0.00377	0.00464	0.00638
17	0.00752	0.01941	0.84871	0.01069	0.01624	0.00871	0.01386	0.01188	0.00792	0.01188	0.00673	0.00792	0.00475	0.00356	0.00356	0.00119	0.00554	0.00277	0.00158	0.00554
18	0.01400	0.01032	0.01108	0.00854	0.01147	0.01141	0.00703	0.81031	0.01736	0.02327	0.00932	0.03172	0.00687	0.00470	0.00378	0.00114	0.00408	0.00357	0.00375	0.00629
19	0.00835	0.00807	0.01379	0.15396	0.47537	0.02260	0.10517	0.01042	0.00816	0.01125	0.00849	0.10376	0.00782	0.00462	0.00434	0.02408	0.01843	0.00425	0.00200	0.00507
20	0.00535	0.00381	0.00516	0.00595	0.00649	0.00371	0.00465	0.00649	0.00781	0.01025	0.02001	0.39350	0.03650	0.06603	0.00589	0.00175	0.00289	0.40716	0.00339	0.00320
21	0.00592	0.00491	0.00633	0.00626	0.00701	0.05917	0.00485	0.00723	0.00633	0.00874	0.00978	0.01423	0.00909	0.02658	0.79871	0.00570	0.00984	0.00392	0.00200	0.00341
22	0.00771	0.00744	0.01277	0.58408	0.18586	0.00873	0.06467	0.01009	0.00768	0.01024	0.00669	0.00975	0.00523	0.00381	0.00434	0.00125	0.05997	0.00340	0.00172	0.00457
23	0.01047	0.00813	0.00981	0.10777	0.03682	0.02284	0.02565	0.38635	0.07383	0.02822	0.02355	0.08861	0.01114	0.00605	0.00411	0.00129	0.00392	0.14294	0.00333	0.00519
24	0.00630	0.00435	0.00508	0.00529	0.00559	0.05791	0.00365	0.00593	0.00631	0.00801	0.01283	0.20636	0.05367	0.10934	0.01099	0.42042	0.00323	0.06995	0.00237	0.00241
25	0.83550	0.00772	0.00587	0.02375	0.00786	0.04660	0.00435	0.01118	0.00660	0.01633	0.00528	0.00621	0.00412	0.00351	0.00240	0.00115	0.00312	0.00208	0.00229	0.00408
26	0.74367	0.00704	0.00584	0.00512	0.00736	0.00797	0.00415	0.03409	0.00698	0.08206	0.00651	0.00789	0.00516	0.05913	0.00355	0.00132	0.00301	0.00243	0.00254	0.00420
27	0.01220	0.27560	0.08306	0.00804	0.01110	0.01186	0.00741	0.38610	0.01235	0.08604	0.00785	0.00826	0.00591	0.00418	0.00392	0.00107	0.06361	0.00293	0.00284	0.00567

[dist]
# distance from previous block
# <min> <max>
0	3

[block]
# block no. 6 follows, 73 sequences, length 68
# corresponding to MSA columns:
# 329-396
name=unknown_G
#
# <colnr> <probs for GDERKNQSTAVLIFYWHMCP>
#	G	D	E	R	K	N	Q	S	T	A	V	L	I	F	Y	W	H	M	C	P
0	0.00543	0.00380	0.00478	0.00453	0.00544	0.00351	0.00340	0.00715	0.01020	0.01463	0.70607	0.02704	0.08191	0.00743	0.00424	0.00115	0.00178	0.00651	0.09747	0.00351
1	0.00443	0.00380	0.00380	0.00380	0.00507	0.00317	0.00285	0.00538	0.00855	0.01014	0.03801	0.03611	0.84322	0.00950	0.00443	0.00127	0.00190	0.00792	0.00348	0.00317
2	0.01401	0.01788	0.01063	0.00967	0.01160	0.85309	0.00725	0.01498	0.01063	0.00918	0.00580	0.00677	0.00483	0.00387	0.00338	0.00097	0.00677	0.00242	0.00193	0.00435
3	0.00605	0.00432	0.00605	0.00691	0.00777	0.00432	0.00605	0.00777	0.00864	0.01123	0.01986	0.04232	0.02159	0.01036	0.00518	0.00173	0.00345	0.81949	0.00345	0.00345
4	0.01426	0.01051	0.01126	0.00863	0.01163	0.01163	0.00713	0.83224	0.01764	0.02364	0.00901	0.00901	0.00638	0.00450	0.00375	0.00113	0.00413	0.00338	0.00375	0.00638
5	0.00683	0.00396	0.00488	0.00452	0.00558	0.00370	0.00344	0.00857	0.00980	0.08789	0.51837	0.02243	0.02529	0.00640	0.00382	0.00109	0.00189	0.00552	0.27224	0.00378
6	0.00463	0.00354	0.00425	0.00464	0.00533	0.00316	0.00326	0.00555	0.00817	0.01056	0.14456	0.44867	0.31945	0.01036	0.00461	0.00138	0.00202	0.00913	0.00358	0.00316
7	0.00778	0.00667	0.00778	0.00556	0.00889	0.00500	0.00445	0.00945	0.00778	0.01223	0.00667	0.00778	0.00556	0.00278	0.00278	0.00056	0.00278	0.00222	0.00222	0.89108
8	0.00752	0.01941	0.84871	0.01069	0.01624	0.00871	0.01386	0.01188	0.00792	0.01188	0.00673	0.00792	0.00475	0.00356	0.00356	0.00119	0.00554	0.00277	0.00158	0.00554
9	0.01598	0.00775	0.00955	0.00732	0.01026	0.00754	0.00605	0.28772	0.01302	0.57469	0.01288	0.01152	0.00832	0.00460	0.00377	0.00115	0.00350	0.00364	0.00435	0.00638
10	0.00929	0.00891	0.01523	0.02303	0.84475	0.00891	0.01151	0.01151	0.00854	0.01226	0.00706	0.00929	0.00594	0.00334	0.00371	0.00111	0.00446	0.00334	0.00186	0.00594
11	0.00457	0.00326	0.00435	0.00522	0.00544	0.00305	0.00348	0.00522	0.00718	0.00958	0.02068	0.86570	0.02481	0.01175	0.00479	0.00152	0.00218	0.01067	0.00348	0.00305
12	0.01683	0.00638	0.00871	0.00668	0.00958	0.00551	0.00551	0.01828	0.01074	0.84734	0.01480	0.01277	0.00929	0.00464	0.00377	0.00116	0.00319	0.00377	0.00464	0.00638
13	0.00748	0.00708	0.01197	0.70769	0.17417	0.00844	0.01062	0.00994	0.00769	0.01007	0.00674	0.00987	0.00517	0.00368	0.00374	0.00123	0.00490	0.00334	0.00170	0.00449
14	0.00752	0.01941	0.84871	0.01069	0.01624	0.00871	0.01386	0.01188	0.00792	0.01188	0.00673	0.00792	0.00475	0.00356	0.00356	0.00119	0.00554	0.00277	0.00158	0.00554
15	0.01147	0.00488	0.00616	0.00529	0.00706	0.00442	0.00415	0.01292	0.00918	0.42047	0.01465	0.13017	0.01154	0.00552	0.00348	0.00110	0.00251	0.00461	0.33558	0.00485
16	0.00752	0.01941	0.84871	0.01069	0.01624	0.00871	0.01386	0.01188	0.00792	0.01188	0.00673	0.00792	0.00475	0.00356	0.00356	0.00119	0.00554	0.00277	0.00158	0.00554
17	0.00451	0.00365	0.00401	0.00430	0.00524	0.00315	0.00311	0.00538	0.00813	0.00998	0.03232	0.29176	0.57512	0.01021	0.00456	0.00135	0.00202	0.02458	0.00348	0.00314
18	0.01233	0.00817	0.00880	0.00678	0.00969	0.08636	0.00546	0.15211	0.01067	0.28435	0.00997	0.02509	0.00726	0.00397	0.00336	0.00091	0.00349	0.00311	0.01970	0.33843
19	0.00536	0.00402	0.00603	0.00603	0.00670	0.00469	0.00469	0.00670	0.00603	0.00871	0.01005	0.01474	0.00938	0.02814	0.85328	0.00603	0.01005	0.00402	0.00201	0.00335
20	0.00886	0.01012	0.02214	0.01581	0.01961	0.00949	0.83112	0.01202	0.00886	0.01202	0.00759	0.01012	0.00569	0.00316	0.00443	0.00127	0.00633	0.00443	0.00190	0.00506
21	0.00588	0.00426	0.00581	0.00658	0.00749	0.00420	0.00571	0.00752	0.00863	0.01111	0.02179	0.04166	0.10859	0.01027	0.00510	0.00168	0.00329	0.73356	0.00346	0.00342
22	0.00485	0.00382	0.00438	0.00424	0.00532	0.00334	0.00318	0.00619	0.00953	0.01246	0.41896	0.03228	0.46082	0.00863	0.00443	0.00123	0.00184	0.00738	0.00379	0.00334
23	0.00699	0.00350	0.00350	0.00350	0.00437	0.00350	0.00262	0.00874	0.00787	0.01399	0.01224	0.01399	0.00962	0.00437	0.00262	0.00087	0.00175	0.00350	0.88898	0.00350
24	0.00605	0.00432	0.00605	0.00691	0.00777	0.00432	0.00605	0.00777	0.00864	0.01123	0.01986	0.04232	0.02159	0.01036	0.00518	0.00173	0.00345	0.81949	0.00345	0.00345
25	0.01302	0.00953	0.01029	0.00801	0.01075	0.01041	0.00657	0.70723	0.01646	0.03409	0.07593	0.01215	0.05805	0.00505	0.00385	0.00114	0.00380	0.00392	0.00378	0.00597
26	0.00933	0.00806	0.00848	0.00764	0.00976	0.00933	0.00594	0.01994	0.83797	0.01569	0.01527	0.01400	0.01145	0.00509	0.00382	0.00127	0.00297	0.00424	0.00382	0.00594
27	0.01003	0.87041	0.01966	0.00642	0.00963	0.01485	0.00642	0.01123	0.00762	0.00883	0.00522	0.00602	0.00481	0.00321	0.00241	0.00080	0.00401	0.00201	0.00160	0.00481
28	0.00536	0.00402	0.00603	0.00603	0.00670	0.00469	0.00469	0.00670	0.00603	0.00871	0.01005	0.01474	0.00938	0.02814	0.85328	0.00603	0.01005	0.00402	0.00201	0.00335
29	0.01003	0.87041	0.01966	0.00642	0.00963	0.01485	0.00642	0.01123	0.00762	0.00883	0.00522	0.00602	0.00481	0.00321	0.00241	0.00080	0.00401	0.00201	0.00160	0.00481
30	0.01597	0.00777	0.00957	0.00733	0.01027	0.00758	0.00606	0.29261	0.01306	0.56974	0.01285	0.01150	0.00831	0.00460	0.00377	0.00115	0.00351	0.00364	0.00434	0.00638
31	0.00652	0.00326	0.00489	0.00489	0.00489	0.00326	0.00326	0.00489	0.00489	0.00652	0.00652	0.01140	0.00652	0.01303	0.01466	0.89084	0.00326	0.00326	0.00163	0.00163
32	0.00928	0.02603	0.01145	0.49422	0.10012	0.24762	0.00941	0.01127	0.00853	0.00977	0.00686	0.00999	0.00558	0.00395	0.00366	0.00116	0.00538	0.02951	0.00182	0.00438
33	0.00803	0.36316	0.35717	0.00792	0.01158	0.01020	0.00893	0.01047	0.00779	0.01040	0.03458	0.12577	0.02009	0.00475	0.00330	0.00108	0.00429	0.00374	0.00196	0.00481
34	0.03862	0.21938	0.27695	0.00890	0.01245	0.08528	0.01975	0.21347	0.01029	0.01377	0.00669	0.00762	0.00518	0.00393	0.00388	0.00109	0.06250	0.00274	0.00218	0.00532
35	0.02564	0.11593	0.56416	0.00936	0.01390	0.00901	0.01116	0.03320	0.00841	0.12197	0.00793	0.02835	0.00586	0.00395	0.00368	0.00116	0.02576	0.00301	0.00210	0.00547
36	0.00797	0.04922	0.68960	0.01160	0.09389	0.00902	0.01298	0.01181	0.00792	0.02559	0.00676	0.00807	0.00495	0.00368	0.00391	0.00119	0.04182	0.00284	0.00166	0.00551
37	0.00925	0.00681	0.00825	0.00597	0.00925	0.00536	0.01783	0.03781	0.00853	0.12709	0.00788	0.00854	0.00610	0.00310	0.00297	0.00067	0.00294	0.00251	0.00260	0.72656
38	0.00531	0.00383	0.00501	0.00472	0.00560	0.00354	0.00354	0.00708	0.01062	0.01504	0.84277	0.02802	0.03540	0.00767	0.00442	0.00118	0.00177	0.00678	0.00413	0.00354
39	0.00964	0.10400	0.00985	0.00755	0.00983	0.01005	0.00605	0.05689	0.70740	0.01530	0.01386	0.01288	0.01048	0.00485	0.00366	0.00121	0.00314	0.00395	0.00357	0.00583
40	0.00519	0.00383	0.00485	0.00459	0.00553	0.00349	0.00345	0.00685	0.01034	0.01437	0.73243	0.02913	0.14616	0.00792	0.00443	0.00119	0.00179	0.00694	0.00404	0.00349
41	0.00804	0.07124	0.65651	0.01114	0.01623	0.00916	0.13796	0.01197	0.00809	0.02562	0.00690	0.00822	0.00498	0.00350	0.00363	0.00118	0.00553	0.00299	0.00168	0.00544
42	0.00915	0.00963	0.12478	0.00866	0.01138	0.00897	0.07894	0.04522	0.56570	0.03166	0.01378	0.02557	0.02563	0.00495	0.00388	0.00126	0.00364	0.01815	0.00334	0.00570
43	0.00526	0.00383	0.00495	0.00467	0.00557	0.00352	0.00350	0.00698	0.01050	0.01477	0.79729	0.02848	0.08105	0.00777	0.00443	0.00118	0.00178	0.00685	0.00409	0.00352
44	0.00524	0.00405	0.00511	0.00540	0.04134	0.00370	0.00384	0.00669	0.00949	0.01273	0.44397	0.06902	0.27756	0.02582	0.00477	0.00131	0.00211	0.07066	0.00372	0.00347
45	0.64339	0.00764	0.00754	0.02318	0.12285	0.00852	0.00550	0.06740	0.00773	0.06758	0.00635	0.00721	0.00482	0.00361	0.00273	0.00115	0.00325	0.00243	0.00249	0.00462
46	0.01274	0.01566	0.01070	0.00961	0.01119	0.66062	0.00737	0.01409	0.04499	0.00943	0.00604	0.00734	0.00513	0.00442	0.00506	0.00111	0.16551	0.00266	0.00196	0.00437
47	0.00459	0.00328	0.00437	0.00521	0.00545	0.00306	0.00348	0.00528	0.00728	0.00973	0.04355	0.84239	0.02511	0.01164	0.00478	0.00151	0.00217	0.01056	0.00350	0.00306
48	0.02729	0.00899	0.01342	0.03717	0.37083	0.03060	0.10258	0.08267	0.17308	0.05461	0.00909	0.01029	0.00706	0.00403	0.00426	0.00120	0.05101	0.00362	0.00254	0.00568
49	0.01464	0.01133	0.05935	0.00879	0.04631	0.29360	0.00699	0.03684	0.01044	0.42760	0.01045	0.01004	0.00714	0.00433	0.00393	0.00111	0.03508	0.00321	0.00330	0.00555
50	0.01401	0.01788	0.01063	0.00967	0.01160	0.85309	0.00725	0.01498	0.01063	0.00918	0.00580	0.00677	0.00483	0.00387	0.00338	0.00097	0.00677	0.00242	0.00193	0.00435
51	0.25635	0.00963	0.00913	0.00737	0.01003	0.09518	0.00600	0.38571	0.01262	0.14880	0.00870	0.01971	0.00628	0.00427	0.00334	0.00113	0.00389	0.00307	0.00331	0.00549
52	0.01148	0.04518	0.07626	0.17855	0.05346	0.01776	0.10155	0.06503	0.01867	0.30433	0.03958	0.01153	0.00803	0.00433	0.00413	0.00120	0.03684	0.01370	0.00300	0.00539
53	0.01385	0.01740	0.01081	0.01012	0.04117	0.80496	0.00740	0.03250	0.01071	0.00960	0.00591	0.00690	0.00491	0.00386	0.00340	0.00098	0.00663	0.00247	0.00197	0.00445
54	0.01683	0.00638	0.00871	0.00668	0.00958	0.00551	0.00551	0.01828	0.01074	0.84734	0.01480	0.01277	0.00929	0.00464	0.00377	0.00116	0.00319	0.00377	0.00464	0.00638
