[name]
unknown

[dist]
# distance from previous block
# <min> <max>
0	48

[block]
# block no. 0 follows, 67 sequences, length 21
# corresponding to MSA columns:
# 48-59,65-68,77-81
name=unknown_A
#
# <colnr> <probs for GDERKNQSTAVLIFYWHMCP>
#	G	D	E	R	K	N	Q	S	T	A	V	L	I	F	Y	W	H	M	C	P
0	0.00646	0.00462	0.00646	0.00739	0.00831	0.00462	0.00646	0.00831	0.00923	0.01200	0.02123	0.04524	0.02308	0.01108	0.00554	0.00185	0.00369	0.80704	0.00369	0.00369
1	0.00499	0.00355	0.00461	0.00541	0.00564	0.00333	0.00356	0.00562	0.00750	0.00996	0.02141	0.74206	0.04281	0.11085	0.00689	0.00189	0.00250	0.01069	0.00357	0.00316
2	0.00509	0.00403	0.00459	0.00454	0.00566	0.00352	0.00337	0.00641	0.00984	0.01271	0.32911	0.10032	0.47732	0.00963	0.00477	0.00134	0.00200	0.00825	0.00398	0.00352
3	0.49382	0.00671	0.00663	0.00583	0.00804	0.00728	0.00472	0.01232	0.00799	0.19210	0.03739	0.03036	0.02612	0.00861	0.13455	0.00207	0.00428	0.00342	0.00308	0.00469
4	0.00514	0.00404	0.00464	0.00456	0.00568	0.00354	0.00339	0.00650	0.00998	0.01298	0.36900	0.08309	0.45420	0.00948	0.00476	0.00133	0.00199	0.00813	0.00401	0.00354
5	0.01454	0.01106	0.03836	0.00903	0.01221	0.01178	0.00760	0.70030	0.07049	0.04543	0.01024	0.01018	0.00729	0.00482	0.00398	0.00121	0.00429	0.00366	0.02685	0.00668
6	0.70242	0.00974	0.13633	0.00634	0.00939	0.00888	0.00607	0.01235	0.00734	0.06178	0.00639	0.00721	0.00476	0.00380	0.00277	0.00125	0.00356	0.00240	0.00249	0.00473
7	0.01114	0.00975	0.00951	0.00830	0.01071	0.09626	0.00648	0.10429	0.57185	0.04408	0.01417	0.02856	0.01079	0.00522	0.00398	0.00127	0.00371	0.00423	0.00380	0.05189
8	0.06745	0.00648	0.03958	0.00950	0.14785	0.00594	0.03326	0.03021	0.01647	0.04520	0.07299	0.25086	0.05610	0.03722	0.07930	0.02645	0.00401	0.00628	0.00300	0.06186
9	0.27155	0.00627	0.00691	0.01984	0.03837	0.00697	0.00494	0.07953	0.00811	0.05390	0.00993	0.04499	0.00901	0.13354	0.19226	0.00278	0.02714	0.00397	0.07577	0.00422
10	0.08293	0.01075	0.03650	0.00855	0.01155	0.03890	0.00715	0.60308	0.01610	0.06933	0.00970	0.01029	0.00709	0.03637	0.00444	0.00130	0.00429	0.00355	0.03188	0.00626
11	0.73676	0.03085	0.02736	0.00542	0.00796	0.00865	0.00459	0.01151	0.00704	0.01704	0.00618	0.00741	0.00493	0.01889	0.00288	0.00123	0.00315	0.00234	0.04357	0.05225
12	0.03823	0.00671	0.00990	0.03993	0.27563	0.00659	0.00723	0.03388	0.00980	0.15971	0.17531	0.03170	0.07072	0.00690	0.03324	0.04947	0.00372	0.00484	0.03140	0.00512
13	0.02550	0.07528	0.38390	0.01072	0.06791	0.07383	0.01066	0.05251	0.17567	0.02695	0.00907	0.00988	0.00685	0.00458	0.00433	0.03051	0.02039	0.00330	0.00241	0.00575
14	0.00792	0.07818	0.32646	0.09541	0.03266	0.02941	0.03227	0.01108	0.04284	0.02422	0.07610	0.09904	0.08468	0.00579	0.00441	0.00130	0.03597	0.00480	0.00248	0.00499
15	0.00694	0.00432	0.00555	0.00529	0.00641	0.00389	0.00394	0.00844	0.01035	0.11708	0.46606	0.19279	0.13568	0.00891	0.00472	0.00134	0.00219	0.00783	0.00426	0.00401
16	0.04703	0.00516	0.00651	0.03696	0.00802	0.00482	0.00460	0.03095	0.01034	0.22884	0.28002	0.15220	0.15272	0.00791	0.00447	0.00133	0.00262	0.00680	0.00415	0.00456
17	0.00978	0.16718	0.08916	0.28986	0.06921	0.09369	0.12997	0.02990	0.03740	0.02367	0.00740	0.00948	0.00578	0.00390	0.00393	0.00121	0.01795	0.00337	0.00201	0.00514
18	0.02266	0.00531	0.02554	0.00658	0.02615	0.00529	0.00505	0.00891	0.02945	0.09580	0.08963	0.07979	0.14692	0.04654	0.28407	0.03055	0.05170	0.01876	0.01729	0.00403
19	0.00509	0.00359	0.00463	0.00534	0.00556	0.00339	0.00349	0.00570	0.00748	0.01001	0.05087	0.67349	0.02477	0.16721	0.00790	0.00203	0.00260	0.01023	0.00351	0.00313
20	0.00846	0.00894	0.15177	0.00877	0.07763	0.00710	0.01809	0.05942	0.17213	0.05102	0.21419	0.02002	0.10098	0.00621	0.00423	0.00128	0.00343	0.03007	0.05111	0.00516

[dist]
# distance from previous block
# <min> <max>
0	1

[block]
# block no. 1 follows, 67 sequences, length 9
# corresponding to MSA columns:
# 83-91
name=unknown_B
#
# <colnr> <probs for GDERKNQSTAVLIFYWHMCP>
#	G	D	E	R	K	N	Q	S	T	A	V	L	I	F	Y	W	H	M	C	P
0	0.09756	0.02431	0.11819	0.02719	0.16060	0.09446	0.03435	0.02756	0.03043	0.01219	0.03328	0.03132	0.10407	0.13594	0.03324	0.00182	0.02195	0.00446	0.00246	0.00465
1	0.00747	0.00685	0.01157	0.03727	0.06666	0.00760	0.17742	0.00890	0.00718	0.01013	0.00965	0.06844	0.00952	0.14715	0.19998	0.03981	0.17335	0.00483	0.00215	0.00406
2	0.58147	0.08852	0.05331	0.02395	0.03690	0.03177	0.03237	0.04564	0.00781	0.01611	0.00601	0.00721	0.00477	0.00391	0.00334	0.00123	0.04613	0.00251	0.00234	0.00472
3	0.00698	0.00419	0.00494	0.00473	0.00506	0.00413	0.00288	0.00719	0.00640	0.08644	0.01285	0.02456	0.01393	0.73926	0.05740	0.00376	0.00416	0.00559	0.00266	0.00290
4	0.00929	0.04149	0.22260	0.04250	0.31082	0.00934	0.06741	0.04700	0.09543	0.01363	0.00908	0.03861	0.00737	0.00419	0.00391	0.00122	0.00478	0.00378	0.03046	0.03707
5	0.00695	0.00660	0.05726	0.22010	0.04799	0.00643	0.03342	0.02677	0.02866	0.01112	0.06138	0.23020	0.04815	0.04686	0.03649	0.06369	0.03600	0.00611	0.00268	0.02314
6	0.00505	0.00376	0.00450	0.00494	0.00565	0.00338	0.00347	0.00605	0.00863	0.01135	0.12466	0.45065	0.29080	0.01089	0.00484	0.00146	0.00216	0.00959	0.04478	0.00338
7	0.04690	0.26179	0.04731	0.06341	0.07779	0.04663	0.03221	0.11477	0.02296	0.04221	0.02117	0.00992	0.00699	0.02848	0.05847	0.00151	0.03897	0.00319	0.01977	0.05554
8	0.00802	0.07136	0.06432	0.00724	0.03854	0.02326	0.00579	0.02635	0.08741	0.06487	0.18265	0.11418	0.09539	0.05207	0.05418	0.00173	0.05428	0.00579	0.03806	0.00450

[dist]
# distance from previous block
# <min> <max>
1	97

[block]
# block no. 2 follows, 67 sequences, length 19
# corresponding to MSA columns:
# 189-207
name=unknown_C
#
# <colnr> <probs for GDERKNQSTAVLIFYWHMCP>
#	G	D	E	R	K	N	Q	S	T	A	V	L	I	F	Y	W	H	M	C	P
0	0.07030	0.20445	0.05388	0.02027	0.02305	0.16761	0.03075	0.17659	0.13397	0.01479	0.00835	0.00898	0.00657	0.00431	0.00385	0.00113	0.03650	0.00309	0.00268	0.02886
1	0.00756	0.04071	0.05836	0.00616	0.00770	0.03279	0.00498	0.03231	0.02155	0.04748	0.14433	0.14823	0.10225	0.08228	0.00748	0.12190	0.02965	0.00584	0.00306	0.09540
2	0.04928	0.40920	0.14591	0.00803	0.01149	0.05928	0.01790	0.03948	0.08879	0.08667	0.02850	0.00972	0.00741	0.00418	0.00328	0.00108	0.00444	0.01741	0.00247	0.00547
3	0.02853	0.14298	0.31119	0.01013	0.07203	0.02996	0.01969	0.07311	0.02470	0.09449	0.03127	0.07684	0.00865	0.00567	0.03036	0.00139	0.02704	0.00390	0.00254	0.00555
4	0.00509	0.00385	0.00468	0.00519	0.00584	0.00354	0.00363	0.00621	0.02698	0.01094	0.08544	0.50495	0.24987	0.03778	0.00545	0.00160	0.00232	0.02953	0.00374	0.00339
5	0.00599	0.03510	0.03499	0.01992	0.04490	0.00480	0.00485	0.03696	0.00892	0.01180	0.11918	0.41460	0.17759	0.01064	0.03090	0.00161	0.00294	0.02697	0.00352	0.00382
6	0.01114	0.41083	0.21841	0.03169	0.03543	0.13626	0.00917	0.03640	0.00923	0.05808	0.00686	0.00776	0.00549	0.00377	0.00323	0.00104	0.00512	0.00264	0.00202	0.00542
7	0.00648	0.02426	0.04475	0.00692	0.00770	0.00638	0.00561	0.00774	0.00654	0.00947	0.02355	0.01607	0.01016	0.16237	0.48730	0.00473	0.14457	0.00436	0.01739	0.00366
8	0.05853	0.00519	0.00656	0.00565	0.00739	0.00475	0.00441	0.01169	0.01079	0.28900	0.42665	0.02321	0.06956	0.02974	0.00474	0.00132	0.00253	0.00584	0.02768	0.00477
9	0.00980	0.00846	0.00890	0.00802	0.01026	0.00975	0.00624	0.02079	0.79937	0.01658	0.01714	0.01576	0.03975	0.00560	0.00410	0.00136	0.00314	0.00467	0.00407	0.00625
10	0.01018	0.00942	0.09204	0.06862	0.31335	0.02829	0.03198	0.04100	0.06529	0.12047	0.05553	0.06498	0.01831	0.01309	0.00426	0.00128	0.00431	0.02133	0.00286	0.03340
11	0.01297	0.01552	0.01131	0.09072	0.04845	0.58545	0.00810	0.03373	0.01043	0.01043	0.00674	0.00846	0.00564	0.00574	0.04990	0.00142	0.06868	0.00293	0.01874	0.00466
12	0.00627	0.00389	0.00565	0.00565	0.00596	0.00421	0.00402	0.00616	0.00584	0.00810	0.00938	0.01563	0.00933	0.13373	0.38020	0.38043	0.00673	0.00415	0.00201	0.00264
13	0.00943	0.04694	0.06062	0.21711	0.05844	0.03994	0.07832	0.03347	0.25276	0.05049	0.02327	0.06480	0.00992	0.00542	0.01354	0.00138	0.00453	0.02134	0.00290	0.00538
14	0.01021	0.12136	0.15023	0.14621	0.18303	0.04090	0.05001	0.06594	0.05730	0.06704	0.00878	0.01826	0.00690	0.00424	0.00397	0.00122	0.01928	0.01585	0.02367	0.00561
15	0.03748	0.14407	0.01265	0.02511	0.02744	0.53092	0.00759	0.04287	0.01048	0.03913	0.00685	0.02555	0.00585	0.00443	0.00416	0.00110	0.06439	0.00288	0.00220	0.00485
16	0.00610	0.00446	0.00595	0.00608	0.00646	0.00488	0.00444	0.01728	0.00695	0.00952	0.01431	0.19126	0.01580	0.26519	0.21211	0.04319	0.07164	0.10844	0.00272	0.00321
17	0.00591	0.00415	0.00535	0.00505	0.00606	0.00379	0.00378	0.00769	0.01109	0.03676	0.73093	0.05484	0.09271	0.00838	0.00472	0.00128	0.00195	0.00738	0.00436	0.00382
18	0.00555	0.00422	0.00506	0.00530	0.00618	0.00396	0.00394	0.00715	0.04457	0.01190	0.18694	0.20863	0.26699	0.09102	0.00640	0.00171	0.00255	0.13067	0.00375	0.00352

[dist]
# distance from previous block
# <min> <max>
0	1

[block]
# block no. 3 follows, 67 sequences, length 34
# corresponding to MSA columns:
# 209-213,218-246
name=unknown_D
#
# <colnr> <probs for GDERKNQSTAVLIFYWHMCP>
#	G	D	E	R	K	N	Q	S	T	A	V	L	I	F	Y	W	H	M	C	P
0	0.23155	0.13990	0.03236	0.03548	0.04330	0.11340	0.01826	0.05247	0.00837	0.01300	0.00719	0.05184	0.00652	0.01455	0.01910	0.00137	0.16414	0.00328	0.01850	0.02541
1	0.00615	0.01966	0.03452	0.02282	0.00688	0.02235	0.00420	0.01821	0.03553	0.01227	0.08687	0.10510	0.41342	0.00857	0.00436	0.00131	0.00252	0.04534	0.14614	0.00378
2	0.01042	0.15590	0.13223	0.02832	0.05286	0.11428	0.01979	0.12247	0.07153	0.03145	0.01036	0.09610	0.02001	0.00555	0.00449	0.01980	0.04558	0.01764	0.03605	0.00520
3	0.10632	0.25498	0.01350	0.03031	0.04967	0.08281	0.00710	0.19325	0.13088	0.06753	0.00888	0.00924	0.00684	0.00430	0.00356	0.00113	0.01801	0.00310	0.00290	0.00570
4	0.00638	0.02350	0.00617	0.00601	0.00701	0.01977	0.01750	0.02335	0.00880	0.04187	0.09859	0.48440	0.09473	0.01026	0.00480	0.00147	0.00271	0.07976	0.00365	0.05926
5	0.03143	0.05955	0.32007	0.01092	0.09480	0.06653	0.01889	0.12294	0.01702	0.08299	0.05147	0.02251	0.00811	0.00528	0.03108	0.00138	0.02259	0.00353	0.00258	0.02632
6	0.00724	0.06046	0.13056	0.00777	0.02088	0.04486	0.04502	0.01805	0.07332	0.01196	0.07105	0.23909	0.10568	0.03630	0.00507	0.00151	0.00370	0.10999	0.00315	0.00433
7	0.00509	0.00361	0.00469	0.00539	0.00578	0.00338	0.00367	0.00597	0.00806	0.01095	0.09851	0.67474	0.06268	0.02607	0.02407	0.00170	0.00247	0.01031	0.03952	0.00333
8	0.02131	0.09754	0.27166	0.09202	0.07886	0.07485	0.08378	0.05045	0.06274	0.02210	0.02555	0.02944	0.02302	0.00486	0.01799	0.00133	0.03116	0.00367	0.00225	0.00541
9	0.06130	0.00761	0.01082	0.03221	0.23378	0.00775	0.04209	0.07745	0.10367	0.13874	0.07069	0.10942	0.02258	0.00600	0.00424	0.00133	0.00378	0.05767	0.00336	0.00552
10	0.00521	0.00360	0.00473	0.00550	0.00580	0.00336	0.00367	0.00591	0.00772	0.02605	0.03611	0.75636	0.03857	0.06939	0.00612	0.00176	0.00244	0.01076	0.00367	0.00328
11	0.02272	0.05664	0.36215	0.02262	0.03590	0.00943	0.15008	0.12258	0.02179	0.05563	0.00966	0.09499	0.00803	0.00482	0.00407	0.00129	0.00517	0.00426	0.00249	0.00567
12	0.00935	0.00899	0.01542	0.04962	0.65112	0.00891	0.06939	0.01172	0.00920	0.01303	0.04746	0.01209	0.04196	0.00405	0.00406	0.00120	0.00463	0.00400	0.00218	0.03162
13	0.00759	0.00710	0.01193	0.79748	0.04722	0.00877	0.01099	0.01023	0.00809	0.01038	0.00766	0.01195	0.00603	0.00426	0.00407	0.00135	0.00527	0.03330	0.00186	0.00447
14	0.00832	0.00713	0.00832	0.00594	0.00950	0.00535	0.00475	0.01010	0.00832	0.01307	0.00713	0.00832	0.00594	0.00297	0.00297	0.00059	0.00297	0.00238	0.00238	0.88357
15	0.03893	0.00440	0.00481	0.00465	0.00490	0.00451	0.00276	0.04693	0.00652	0.00903	0.01222	0.02468	0.01381	0.78454	0.01893	0.00366	0.00389	0.00559	0.00251	0.00272
16	0.00614	0.00397	0.00456	0.00451	0.00464	0.00393	0.00262	0.00629	0.00628	0.03146	0.05028	0.04473	0.01578	0.77728	0.01889	0.00364	0.00375	0.00597	0.00262	0.00263
17	0.00556	0.00389	0.00509	0.00545	0.00612	0.00360	0.00393	0.00679	0.00924	0.03194	0.30322	0.44431	0.08302	0.01062	0.00496	0.00149	0.00227	0.06097	0.00399	0.00356
18	0.00848	0.00838	0.01171	0.01016	0.01017	0.01160	0.00839	0.00935	0.00626	0.00970	0.00653	0.07258	0.00686	0.00744	0.01256	0.00175	0.78778	0.00410	0.00190	0.00430
19	0.00500	0.00395	0.00447	0.00469	0.00565	0.00347	0.00341	0.00603	0.00891	0.01122	0.12722	0.23254	0.47914	0.04697	0.00553	0.00154	0.00223	0.04091	0.00375	0.00337
20	0.01412	0.00944	0.01049	0.00837	0.01123	0.01021	0.00680	0.44363	0.20457	0.17798	0.04033	0.01240	0.00977	0.00510	0.00404	0.00125	0.00381	0.00403	0.01587	0.00657
21	0.00518	0.00401	0.00473	0.00476	0.00578	0.00356	0.00353	0.00651	0.00980	0.01285	0.35006	0.15654	0.37782	0.00976	0.00481	0.00137	0.00206	0.02934	0.00400	0.00353
22	0.01048	0.69026	0.11504	0.00806	0.01177	0.04147	0.05285	0.01226	0.00836	0.01001	0.00592	0.00694	0.00519	0.00349	0.00287	0.00094	0.00471	0.00240	0.00174	0.00524
23	0.05714	0.00782	0.00963	0.01962	0.01068	0.00759	0.00619	0.21359	0.01288	0.55592	0.01360	0.01235	0.00886	0.00484	0.00391	0.00122	0.00361	0.00383	0.04018	0.00655
24	0.01138	0.00842	0.00956	0.00718	0.01050	0.00782	0.00582	0.24985	0.07266	0.09440	0.00936	0.00970	0.00704	0.00388	0.00346	0.00089	0.00345	0.00306	0.00323	0.47832
25	0.00599	0.00432	0.00531	0.00556	0.00647	0.00408	0.00410	0.01889	0.05382	0.03920	0.17209	0.37808	0.19735	0.01039	0.00490	0.00149	0.00241	0.07789	0.00391	0.00375
26	0.02864	0.06029	0.02827	0.11243	0.11532	0.07419	0.02835	0.08457	0.04995	0.13215	0.01283	0.14890	0.02639	0.01467	0.02177	0.00144	0.00436	0.04722	0.00308	0.00516
27	0.00648	0.00544	0.02753	0.07086	0.04066	0.02039	0.00525	0.03658	0.03672	0.02281	0.15792	0.36361	0.10438	0.03971	0.00530	0.00154	0.00296	0.04438	0.00353	0.00393
28	0.00824	0.00771	0.01287	0.66399	0.18771	0.00912	0.01128	0.03120	0.00852	0.01120	0.00727	0.01051	0.00558	0.00394	0.00400	0.00130	0.00521	0.00357	0.00188	0.00489
29	0.00586	0.00435	0.00594	0.03306	0.00700	0.00470	0.00448	0.00679	0.00738	0.01013	0.10671	0.20347	0.04727	0.16914	0.22703	0.04494	0.05551	0.05003	0.00288	0.00331
30	0.02545	0.03663	0.15753	0.05164	0.24058	0.04667	0.22352	0.03439	0.00960	0.11011	0.00870	0.02190	0.00661	0.00393	0.00409	0.00125	0.00538	0.00383	0.00237	0.00583
31	0.04965	0.00828	0.05314	0.47010	0.01950	0.07585	0.02676	0.03126	0.00859	0.01127	0.03360	0.11508	0.03580	0.02744	0.01596	0.00147	0.00489	0.00470	0.00229	0.00436
32	0.00795	0.00583	0.00759	0.02814	0.00834	0.02718	0.03782	0.10972	0.00860	0.03266	0.03044	0.07737	0.03750	0.10003	0.26068	0.11921	0.03230	0.00487	0.05993	0.00385
33	0.11934	0.04024	0.04232	0.09363	0.20091	0.02984	0.07134	0.10479	0.00977	0.04257	0.01035	0.06982	0.02897	0.00492	0.00390	0.00124	0.01226	0.02178	0.08682	0.00519

[dist]
# distance from previous block
# <min> <max>
1	30

[block]
# block no. 4 follows, 67 sequences, length 15
# corresponding to MSA columns:
# 288-302
name=unknown_E
#
# <colnr> <probs for GDERKNQSTAVLIFYWHMCP>
#	G	D	E	R	K	N	Q	S	T	A	V	L	I	F	Y	W	H	M	C	P
0	0.01212	0.23199	0.04858	0.00893	0.02709	0.06783	0.04025	0.25842	0.17360	0.04385	0.01034	0.01047	0.02607	0.00451	0.00365	0.00114	0.00438	0.00347	0.00308	0.02026
1	0.00595	0.00461	0.00599	0.01683	0.00701	0.00467	0.01351	0.00731	0.04049	0.02009	0.05042	0.42318	0.11595	0.08451	0.04193	0.00193	0.06402	0.04718	0.00336	0.04105
2	0.03609	0.06853	0.46558	0.00995	0.01433	0.02585	0.05988	0.05528	0.05577	0.05011	0.07986	0.01184	0.02705	0.01772	0.00414	0.00129	0.00500	0.00369	0.00244	0.00559
3	0.02630	0.14252	0.20467	0.01194	0.12981	0.01005	0.11597	0.05806	0.07847	0.10080	0.04401	0.01123	0.02237	0.00434	0.00404	0.00122	0.02211	0.00371	0.00262	0.00578
4	0.00617	0.00402	0.00473	0.00473	0.00510	0.00391	0.00297	0.00655	0.00682	0.04772	0.03819	0.12508	0.09759	0.57160	0.05531	0.00330	0.00377	0.00663	0.00287	0.00292
5	0.00642	0.00450	0.00530	0.00527	0.00639	0.00422	0.00396	0.03760	0.03310	0.04964	0.18919	0.19310	0.27964	0.04225	0.00530	0.00149	0.00244	0.07386	0.05249	0.00381
6	0.01035	0.10495	0.20805	0.03624	0.08600	0.07154	0.12231	0.06402	0.04335	0.09136	0.01807	0.04218	0.03690	0.01350	0.01600	0.00134	0.00509	0.02065	0.00258	0.00551
7	0.03937	0.03896	0.09780	0.15300	0.09337	0.00829	0.04386	0.05232	0.02724	0.12185	0.03917	0.07743	0.03988	0.02247	0.00529	0.00141	0.08093	0.04943	0.00283	0.00509
8	0.02646	0.00802	0.00855	0.00751	0.00948	0.06373	0.00598	0.24939	0.07424	0.11881	0.01636	0.15549	0.07633	0.00726	0.00458	0.00137	0.02737	0.09543	0.03846	0.00521
9	0.04749	0.60480	0.12038	0.00748	0.01105	0.01374	0.00765	0.06435	0.00893	0.04262	0.00699	0.03602	0.00612	0.00395	0.00296	0.00099	0.00435	0.00273	0.00208	0.00532
10	0.02385	0.08370	0.18272	0.02193	0.08387	0.07417	0.04887	0.06320	0.06015	0.08914	0.02028	0.16365	0.01089	0.03588	0.01870	0.00146	0.00459	0.00493	0.00281	0.00522
11	0.00809	0.03978	0.05498	0.05496	0.03672	0.00852	0.12446	0.02306	0.03963	0.03402	0.02774	0.13048	0.07114	0.03624	0.05794	0.00185	0.22487	0.00532	0.01568	0.00452
12	0.00836	0.27436	0.03977	0.03416	0.03853	0.05206	0.02763	0.03615	0.04378	0.01107	0.02477	0.32476	0.03713	0.00736	0.00419	0.00128	0.02116	0.00622	0.00277	0.00449
13	0.00764	0.04295	0.10966	0.00666	0.00819	0.00633	0.02134	0.09356	0.00808	0.03404	0.01149	0.06361	0.01164	0.37707	0.17733	0.00342	0.00553	0.00501	0.00255	0.00389
14	0.02722	0.06859	0.10181	0.05892	0.04440	0.20675	0.12298	0.14952	0.03660	0.08198	0.00906	0.04328	0.00715	0.00448	0.00390	0.00120	0.00536	0.00371	0.01759	0.00550

[dist]
# distance from previous block
# <min> <max>
2	5

[block]
# block no. 5 follows, 67 sequences, length 14
# corresponding to MSA columns:
# 308-321
name=unknown_F
#
# <colnr> <probs for GDERKNQSTAVLIFYWHMCP>
#	G	D	E	R	K	N	Q	S	T	A	V	L	I	F	Y	W	H	M	C	P
0	0.00756	0.00568	0.00726	0.00634	0.00808	0.00540	0.04654	0.02252	0.08427	0.07638	0.14448	0.10448	0.24949	0.00771	0.00477	0.00129	0.03922	0.03884	0.03096	0.10873
1	0.01000	0.01165	0.23174	0.09607	0.08748	0.05126	0.06108	0.07697	0.00987	0.11401	0.03681	0.08533	0.02346	0.00528	0.00442	0.00129	0.03256	0.02339	0.00272	0.03464
2	0.00616	0.00492	0.00537	0.00537	0.00640	0.04710	0.00395	0.00772	0.03098	0.03415	0.32082	0.22970	0.24693	0.00948	0.00475	0.00138	0.00242	0.02475	0.00393	0.00374
3	0.00897	0.00831	0.00873	0.14829	0.01202	0.15947	0.03165	0.04922	0.06533	0.03896	0.08771	0.09595	0.10170	0.04467	0.01765	0.01636	0.01752	0.05237	0.03078	0.00434
4	0.08591	0.08541	0.24472	0.09326	0.03474	0.17208	0.00972	0.12143	0.01013	0.03018	0.00727	0.00866	0.00560	0.00502	0.03193	0.00138	0.04197	0.00300	0.00225	0.00534
5	0.00929	0.00878	0.01491	0.33893	0.18690	0.02796	0.18761	0.07253	0.00956	0.03005	0.00882	0.04411	0.00731	0.00443	0.00424	0.00132	0.00530	0.03048	0.00226	0.00521
6	0.05245	0.00843	0.00986	0.00767	0.01072	0.05062	0.00629	0.18928	0.01285	0.58853	0.01359	0.01218	0.00880	0.00484	0.00394	0.00122	0.00381	0.00379	0.00451	0.00661
7	0.01042	0.15758	0.07874	0.04510	0.07384	0.07977	0.11999	0.05428	0.00913	0.06800	0.02537	0.04542	0.00743	0.00491	0.00566	0.00127	0.17300	0.00375	0.00232	0.03403
8	0.00519	0.00395	0.00459	0.00465	0.00551	0.00355	0.00330	0.00628	0.00911	0.01188	0.26887	0.17095	0.35089	0.12501	0.00692	0.00172	0.00229	0.00824	0.00375	0.00335
9	0.00976	0.00940	0.01571	0.08419	0.52346	0.03052	0.11819	0.01262	0.04970	0.02968	0.04351	0.01118	0.00789	0.00403	0.00440	0.00125	0.03248	0.00391	0.00224	0.00587
10	0.00517	0.00393	0.00454	0.00468	0.00546	0.00360	0.00326	0.00607	0.00839	0.01080	0.14436	0.19161	0.35962	0.17968	0.04896	0.00215	0.00286	0.00813	0.00349	0.00324
11	0.00624	0.00521	0.00736	0.03141	0.16949	0.00512	0.00555	0.00767	0.00856	0.01144	0.13494	0.08825	0.26280	0.07803	0.15758	0.00245	0.00438	0.00647	0.00304	0.00401
12	0.00992	0.01117	0.00784	0.00735	0.00880	0.40266	0.00543	0.01106	0.01033	0.01126	0.17772	0.07479	0.16335	0.05680	0.00511	0.00134	0.00460	0.00537	0.02108	0.00401
13	0.07346	0.02249	0.00926	0.08560	0.03801	0.11548	0.00660	0.06193	0.20968	0.06705	0.10288	0.03457	0.06143	0.00579	0.00440	0.00129	0.03982	0.03016	0.00330	0.02682

[dist]
# distance from previous block
# <min> <max>
15	35

[block]
# block no. 6 follows, 67 sequences, length 68
# corresponding to MSA columns:
# 363-430
name=unknown_G
#
# <colnr> <probs for GDERKNQSTAVLIFYWHMCP>
#	G	D	E	R	K	N	Q	S	T	A	V	L	I	F	Y	W	H	M	C	P
0	0.02338	0.02777	0.05106	0.00723	0.05138	0.02670	0.00524	0.06774	0.03025	0.01189	0.02786	0.44377	0.06175	0.08444	0.02584	0.00176	0.00335	0.00794	0.00324	0.03740
1	0.00805	0.00882	0.13564	0.00830	0.03135	0.05718	0.03091	0.05352	0.08685	0.03510	0.04015	0.30423	0.02715	0.03276	0.00554	0.01481	0.04436	0.04833	0.02243	0.00454
2	0.01116	0.25857	0.04497	0.00800	0.01033	0.27720	0.00679	0.03778	0.03484	0.04232	0.03679	0.07754	0.04064	0.02551	0.00426	0.00119	0.02811	0.02832	0.02093	0.00475
3	0.03213	0.00964	0.05201	0.00892	0.02292	0.08113	0.10045	0.08589	0.17309	0.07020	0.05504	0.02722	0.02197	0.01485	0.00422	0.00117	0.01614	0.01899	0.00310	0.20092
4	0.01107	0.03037	0.12454	0.00829	0.01154	0.02530	0.00743	0.17777	0.28469	0.07896	0.01165	0.02979	0.00883	0.00468	0.00380	0.00115	0.00387	0.00375	0.00339	0.16912
5	0.00784	0.00706	0.01034	0.48124	0.01965	0.00732	0.00833	0.01010	0.00814	0.01143	0.00739	0.02467	0.00597	0.00373	0.00359	0.00103	0.00430	0.00321	0.00207	0.37260
6	0.00516	0.00374	0.00503	0.00600	0.02148	0.00351	0.00402	0.00598	0.00784	0.01050	0.04044	0.74020	0.02561	0.03532	0.00550	0.00167	0.00249	0.05634	0.00365	0.01550
7	0.00757	0.00713	0.01203	0.84942	0.02762	0.00891	0.01114	0.01025	0.00802	0.01025	0.00713	0.01069	0.00535	0.00401	0.00401	0.00134	0.00535	0.00356	0.00178	0.00446
8	0.00832	0.00713	0.00832	0.00594	0.00950	0.00535	0.00475	0.01010	0.00832	0.01307	0.00713	0.00832	0.00594	0.00297	0.00297	0.00059	0.00297	0.00238	0.00238	0.88357
9	0.02535	0.23780	0.02972	0.00808	0.01096	0.03578	0.00697	0.26689	0.22730	0.04814	0.01037	0.01036	0.00789	0.00460	0.00375	0.00115	0.02112	0.00342	0.03435	0.00597
10	0.00697	0.00348	0.00522	0.00522	0.00522	0.00348	0.00348	0.00522	0.00522	0.00697	0.00697	0.01219	0.00697	0.01393	0.01567	0.88332	0.00348	0.00348	0.00174	0.00174
11	0.01072	0.86147	0.02102	0.00686	0.01029	0.01587	0.00686	0.01201	0.00815	0.00944	0.00558	0.00643	0.00515	0.00343	0.00257	0.00086	0.00429	0.00214	0.00172	0.00515
12	0.01366	0.00894	0.02270	0.00813	0.01090	0.00933	0.00664	0.30734	0.25070	0.23801	0.04480	0.03843	0.01097	0.00538	0.00409	0.00128	0.00365	0.00435	0.00426	0.00645
13	0.00573	0.00430	0.00645	0.00645	0.00716	0.00501	0.00501	0.00716	0.00645	0.00931	0.01074	0.01576	0.01003	0.03008	0.84316	0.00645	0.01074	0.00430	0.00215	0.00358
14	0.00583	0.00389	0.00437	0.00437	0.00437	0.00389	0.00243	0.00583	0.00583	0.00778	0.01264	0.02624	0.01458	0.85906	0.02041	0.00389	0.00389	0.00583	0.00243	0.00243
15	0.00646	0.00462	0.00646	0.00739	0.00831	0.00462	0.00646	0.00831	0.00923	0.01200	0.02123	0.04524	0.02308	0.01108	0.00554	0.00185	0.00369	0.80704	0.00369	0.00369
16	0.00886	0.00873	0.03231	0.38956	0.35892	0.00944	0.04213	0.02394	0.03047	0.01196	0.00755	0.01035	0.00599	0.00397	0.00439	0.00129	0.03917	0.00362	0.00197	0.00539
17	0.00492	0.00352	0.00463	0.00549	0.00575	0.00329	0.00365	0.00560	0.00764	0.01015	0.02222	0.80121	0.04754	0.04657	0.00572	0.00171	0.00238	0.01110	0.00367	0.00323
18	0.01799	0.00683	0.00931	0.00714	0.01024	0.00589	0.00589	0.01954	0.01148	0.83682	0.01582	0.01365	0.00993	0.00496	0.00403	0.00124	0.00341	0.00403	0.00496	0.00683
19	0.01064	0.47123	0.01602	0.03993	0.02658	0.07587	0.00707	0.01506	0.25980	0.01182	0.00901	0.00939	0.00736	0.00420	0.00340	0.00107	0.02060	0.00302	0.00248	0.00546
20	0.00489	0.00349	0.00465	0.00558	0.00582	0.00326	0.00372	0.00558	0.00768	0.01024	0.02210	0.85644	0.02653	0.01256	0.00512	0.00163	0.00233	0.01140	0.00372	0.00326
21	0.01799	0.00683	0.00931	0.00714	0.01024	0.00589	0.00589	0.01954	0.01148	0.83682	0.01582	0.01365	0.00993	0.00496	0.00403	0.00124	0.00341	0.00403	0.00496	0.00683
22	0.01793	0.00693	0.00937	0.00718	0.01029	0.00605	0.00593	0.03822	0.01165	0.81790	0.01568	0.01356	0.00986	0.00496	0.00403	0.00124	0.00344	0.00402	0.00494	0.00683
23	0.00967	0.00757	0.02825	0.02618	0.00991	0.00774	0.02768	0.35025	0.02448	0.01683	0.01551	0.37898	0.01615	0.02288	0.00485	0.00147	0.00357	0.03939	0.00369	0.00496
24	0.00757	0.00713	0.01203	0.84942	0.02762	0.00891	0.01114	0.01025	0.00802	0.01025	0.00713	0.01069	0.00535	0.00401	0.00401	0.00134	0.00535	0.00356	0.00178	0.00446
25	0.01559	0.01068	0.01170	0.00897	0.01216	0.01162	0.00741	0.72093	0.01794	0.12631	0.01040	0.01013	0.00721	0.00483	0.00401	0.00121	0.00429	0.00366	0.00413	0.00682
26	0.01498	0.01911	0.01137	0.01033	0.01240	0.84295	0.00775	0.01601	0.01137	0.00982	0.00620	0.00723	0.00517	0.00413	0.00362	0.00103	0.00723	0.00258	0.00207	0.00465
27	0.00748	0.00374	0.00374	0.00374	0.00467	0.00374	0.00280	0.00934	0.00841	0.01495	0.01308	0.01495	0.01028	0.00467	0.00280	0.00093	0.00187	0.00374	0.88132	0.00374
28	0.00646	0.00462	0.00646	0.00739	0.00831	0.00462	0.00646	0.00831	0.00923	0.01200	0.02123	0.04524	0.02308	0.01108	0.00554	0.00185	0.00369	0.80704	0.00369	0.00369
29	0.00993	0.00953	0.01628	0.02462	0.83404	0.00953	0.01231	0.01231	0.00913	0.01310	0.00754	0.00993	0.00635	0.00357	0.00397	0.00119	0.00476	0.00357	0.00199	0.00635
30	0.00757	0.00713	0.01203	0.84942	0.02762	0.00891	0.01114	0.01025	0.00802	0.01025	0.00713	0.01069	0.00535	0.00401	0.00401	0.00134	0.00535	0.00356	0.00178	0.00446
31	0.00790	0.00757	0.01314	0.72340	0.09952	0.00904	0.06179	0.01059	0.00821	0.01067	0.00723	0.01063	0.00548	0.00393	0.00405	0.00132	0.00538	0.00364	0.00182	0.00468
32	0.00568	0.00410	0.00536	0.00505	0.00599	0.00378	0.00378	0.00757	0.01135	0.01608	0.83192	0.02996	0.03784	0.00820	0.00473	0.00126	0.00189	0.00725	0.00441	0.00378
33	0.88738	0.00776	0.00589	0.00527	0.00776	0.00900	0.00434	0.01179	0.00683	0.01799	0.00558	0.00651	0.00434	0.00372	0.00248	0.00124	0.00310	0.00217	0.00248	0.00434
34	0.00799	0.00389	0.00401	0.00390	0.00494	0.00384	0.00295	0.00984	0.00856	0.05514	0.01322	0.01489	0.01026	0.00469	0.00286	0.00095	0.00194	0.00375	0.83847	0.00389
35	0.00568	0.00410	0.00536	0.00505	0.00599	0.00378	0.00378	0.00757	0.01135	0.01608	0.83192	0.02996	0.03784	0.00820	0.00473	0.00126	0.00189	0.00725	0.00441	0.00378
36	0.00492	0.00402	0.00434	0.00436	0.00555	0.00344	0.00323	0.00606	0.00940	0.01169	0.17649	0.10690	0.62561	0.01002	0.00477	0.00136	0.00203	0.00850	0.00384	0.00344
37	0.00623	0.00423	0.00556	0.00520	0.00624	0.00390	0.00395	0.00810	0.01130	0.05123	0.77288	0.02971	0.03621	0.00815	0.00472	0.00128	0.00201	0.03076	0.00442	0.00391
38	0.00788	0.00745	0.01254	0.73529	0.12393	0.00905	0.01123	0.01048	0.00812	0.01058	0.00714	0.01057	0.00547	0.00401	0.00417	0.00133	0.02071	0.00356	0.00181	0.00468
39	0.07578	0.45908	0.23840	0.00844	0.01237	0.07408	0.02041	0.03405	0.00874	0.02728	0.00640	0.00733	0.00522	0.00367	0.00307	0.00103	0.00488	0.00251	0.00192	0.00534
40	0.01104	0.01095	0.00996	0.06440	0.13218	0.29068	0.00720	0.08612	0.01020	0.01293	0.00879	0.01090	0.00722	0.02819	0.03735	0.00139	0.04197	0.00337	0.22041	0.00475
41	0.00757	0.00713	0.01203	0.84942	0.02762	0.00891	0.01114	0.01025	0.00802	0.01025	0.00713	0.01069	0.00535	0.00401	0.00401	0.00134	0.00535	0.00356	0.00178	0.00446
42	0.00563	0.00410	0.00530	0.00500	0.00596	0.00376	0.00375	0.00748	0.01124	0.01582	0.79194	0.03039	0.07798	0.00830	0.00473	0.00127	0.00190	0.00731	0.00438	0.00376
43	0.00501	0.00408	0.00445	0.00444	0.00567	0.00352	0.00336	0.00624	0.00959	0.01199	0.20828	0.05357	0.61372	0.00983	0.00478	0.00136	0.00208	0.04070	0.00387	0.00348
44	0.01755	0.00707	0.00937	0.00721	0.01027	0.00632	0.00595	0.07745	0.01194	0.75851	0.01531	0.01339	0.00971	0.00495	0.00400	0.00123	0.00345	0.00400	0.02559	0.00675
45	0.00998	0.00862	0.00907	0.00816	0.01043	0.00998	0.00635	0.02131	0.82679	0.01678	0.01632	0.01496	0.01224	0.00544	0.00408	0.00136	0.00317	0.00453	0.00408	0.00635
46	0.88738	0.00776	0.00589	0.00527	0.00776	0.00900	0.00434	0.01179	0.00683	0.01799	0.00558	0.00651	0.00434	0.00372	0.00248	0.00124	0.00310	0.00217	0.00248	0.00434
47	0.00573	0.00430	0.00645	0.00645	0.00716	0.00501	0.00501	0.00716	0.00645	0.00931	0.01074	0.01576	0.01003	0.03008	0.84316	0.00645	0.01074	0.00430	0.00215	0.00358
48	0.01498	0.01911	0.01137	0.01033	0.01240	0.84295	0.00775	0.01601	0.01137	0.00982	0.00620	0.00723	0.00517	0.00413	0.00362	0.00103	0.00723	0.00258	0.00207	0.00465
49	0.88738	0.00776	0.00589	0.00527	0.00776	0.00900	0.00434	0.01179	0.00683	0.01799	0.00558	0.00651	0.00434	0.00372	0.00248	0.00124	0.00310	0.00217	0.00248	0.00434
50	0.00998	0.00862	0.00907	0.00816	0.01043	0.00998	0.00635	0.02131	0.82679	0.01678	0.01632	0.01496	0.01224	0.00544	0.00408	0.00136	0.00317	0.00453	0.00408	0.00635
51	0.00832	0.00713	0.00832	0.00594	0.00950	0.00535	0.00475	0.01010	0.00832	0.01307	0.00713	0.00832	0.00594	0.00297	0.00297	0.00059	0.00297	0.00238	0.00238	0.88357
52	0.00757	0.00713	0.01203	0.84942	0.02762	0.00891	0.01114	0.01025	0.00802	0.01025	0.00713	0.01069	0.00535	0.00401	0.00401	0.00134	0.00535	0.00356	0.00178	0.00446
53	0.17172	0.01095	0.01090	0.00950	0.01047	0.19797	0.00771	0.02599	0.00767	0.01150	0.00561	0.00803	0.00510	0.00573	0.00889	0.00149	0.49124	0.00306	0.00200	0.00448
54	0.00586	0.00395	0.00517	0.00577	0.00629	0.00375	0.00409	0.00697	0.02526	0.04689	0.05925	0.58246	0.04238	0.07808	0.00627	0.00179	0.00265	0.10591	0.00371	0.00349
55	0.00933	0.00802	0.01000	0.04212	0.13007	0.00868	0.02399	0.01681	0.48452	0.02942	0.10690	0.02630	0.01362	0.00530	0.00408	0.00127	0.00339	0.00460	0.00357	0.06800
56	0.01488	0.03900	0.01159	0.01025	0.01235	0.82343	0.00773	0.01592	0.01129	0.00981	0.00618	0.00721	0.00517	0.00412	0.00359	0.00103	0.00716	0.00257	0.00206	0.00466
57	0.00748	0.00374	0.00374	0.00374	0.00467	0.00374	0.00280	0.00934	0.00841	0.01495	0.01308	0.01495	0.01028	0.00467	0.00280	0.00093	0.00187	0.00374	0.88132	0.00374
58	0.01212	0.01429	0.01001	0.00910	0.01044	0.53841	0.00681	0.01298	0.00947	0.00955	0.00743	0.01111	0.00703	0.15362	0.02416	0.00174	0.13138	0.00334	0.02284	0.00418
59	0.01081	0.09794	0.33449	0.01121	0.01532	0.16324	0.15106	0.06960	0.00998	0.05787	0.00794	0.02659	0.00612	0.00412	0.00400	0.00121	0.01732	0.00341	0.00221	0.00556
60	0.88738	0.00776	0.00589	0.00527	0.00776	0.00900	0.00434	0.01179	0.00683	0.01799	0.00558	0.00651	0.00434	0.00372	0.00248	0.00124	0.00310	0.00217	0.00248	0.00434
61	0.88738	0.00776	0.00589	0.00527	0.00776	0.00900	0.00434	0.01179	0.00683	0.01799	0.00558	0.00651	0.00434	0.00372	0.00248	0.00124	0.00310	0.00217	0.00248	0.00434
62	0.00748	0.00374	0.00374	0.00374	0.00467	0.00374	0.00280	0.00934	0.00841	0.01495	0.01308	0.01495	0.01028	0.00467	0.00280	0.00093	0.00187	0.00374	0.88132	0.00374
63	0.02630	0.03639	0.02091	0.01898	0.03252	0.02445	0.00607	0.16534	0.04157	0.14490	0.00948	0.01980	0.00722	0.00448	0.02030	0.00103	0.00372	0.00315	0.00311	0.41030
64	0.00757	0.00713	0.01203	0.84942	0.02762	0.00891	0.01114	0.01025	0.00802	0.01025	0.00713	0.01069	0.00535	0.00401	0.00401	0.00134	0.00535	0.00356	0.00178	0.00446
65	0.00748	0.00374	0.00374	0.00374	0.00467	0.00374	0.00280	0.00934	0.00841	0.01495	0.01308	0.01495	0.01028	0.00467	0.00280	0.00093	0.00187	0.00374	0.88132	0.00374
66	0.01498	0.01911	0.01137	0.01033	0.01240	0.84295	0.00775	0.01601	0.01137	0.00982	0.00620	0.00723	0.00517	0.00413	0.00362	0.00103	0.00723	0.00258	0.00207	0.00465
67	0.11796	0.17583	0.05863	0.01075	0.10549	0.07469	0.06787	0.21382	0.04819	0.03240	0.00803	0.00929	0.00634	0.00427	0.00395	0.00118	0.03876	0.01424	0.00266	0.00566

[dist]
# distance from previous block
# <min> <max>
3	10

[block]
# block no. 7 follows, 67 sequences, length 25
# corresponding to MSA columns:
# 446-470
name=unknown_H
#
# <colnr> <probs for GDERKNQSTAVLIFYWHMCP>
#	G	D	E	R	K	N	Q	S	T	A	V	L	I	F	Y	W	H	M	C	P
0	0.19283	0.01115	0.04800	0.00895	0.01174	0.16086	0.08563	0.20124	0.02411	0.13809	0.00959	0.05843	0.00752	0.00480	0.00392	0.00124	0.01954	0.00374	0.00313	0.00548
1	0.00489	0.00349	0.00465	0.00558	0.00582	0.00326	0.00372	0.00558	0.00768	0.01024	0.02210	0.85644	0.02653	0.01256	0.00512	0.00163	0.00233	0.01140	0.00372	0.00326
2	0.04718	0.03035	0.03464	0.00928	0.01163	0.03629	0.02195	0.42092	0.01340	0.08318	0.00902	0.03777	0.00710	0.00548	0.00619	0.00135	0.21143	0.00376	0.00325	0.00586
3	0.01099	0.00873	0.00935	0.00819	0.01060	0.00993	0.00643	0.09363	0.69920	0.07224	0.01568	0.01439	0.01160	0.00535	0.00407	0.00134	0.00330	0.00442	0.00413	0.00642
4	0.00748	0.00374	0.00374	0.00374	0.00467	0.00374	0.00280	0.00934	0.00841	0.01495	0.01308	0.01495	0.01028	0.00467	0.00280	0.00093	0.00187	0.00374	0.88132	0.00374
5	0.00489	0.00349	0.00465	0.00558	0.00582	0.00326	0.00372	0.00558	0.00768	0.01024	0.02210	0.85644	0.02653	0.01256	0.00512	0.00163	0.00233	0.01140	0.00372	0.00326
6	0.00748	0.00374	0.00374	0.00374	0.00467	0.00374	0.00280	0.00934	0.00841	0.01495	0.01308	0.01495	0.01028	0.00467	0.00280	0.00093	0.00187	0.00374	0.88132	0.00374
7	0.00489	0.00349	0.00465	0.00558	0.00582	0.00326	0.00372	0.00558	0.00768	0.01024	0.02210	0.85644	0.02653	0.01256	0.00512	0.00163	0.00233	0.01140	0.00372	0.00326
8	0.00877	0.00877	0.01228	0.01053	0.01053	0.01228	0.00877	0.00965	0.00614	0.00965	0.00526	0.00877	0.00526	0.00702	0.01316	0.00175	0.85172	0.00351	0.00175	0.00439
9	0.05521	0.00687	0.00916	0.00706	0.01013	0.00603	0.00583	0.01921	0.01128	0.80176	0.01538	0.01334	0.00969	0.00491	0.00397	0.00124	0.00340	0.00395	0.00486	0.00672
10	0.00804	0.02074	0.83828	0.01143	0.01736	0.00931	0.01482	0.01270	0.00847	0.01270	0.00720	0.00847	0.00508	0.00381	0.00381	0.00127	0.00593	0.00296	0.00169	0.00593
11	0.00804	0.02074	0.83828	0.01143	0.01736	0.00931	0.01482	0.01270	0.00847	0.01270	0.00720	0.00847	0.00508	0.00381	0.00381	0.00127	0.00593	0.00296	0.00169	0.00593
12	0.01498	0.01911	0.01137	0.01033	0.01240	0.84295	0.00775	0.01601	0.01137	0.00982	0.00620	0.00723	0.00517	0.00413	0.00362	0.00103	0.00723	0.00258	0.00207	0.00465
13	0.01799	0.00683	0.00931	0.00714	0.01024	0.00589	0.00589	0.01954	0.01148	0.83682	0.01582	0.01365	0.00993	0.00496	0.00403	0.00124	0.00341	0.00403	0.00496	0.00683
14	0.00488	0.00351	0.00464	0.00554	0.00580	0.00326	0.00370	0.00559	0.00772	0.01026	0.02268	0.83092	0.05167	0.01249	0.00511	0.00162	0.00232	0.01131	0.00372	0.00326
15	0.00495	0.00353	0.00472	0.00565	0.00591	0.00331	0.00383	0.00569	0.00774	0.01031	0.02207	0.82476	0.02639	0.01251	0.00514	0.00164	0.00238	0.04247	0.00372	0.00327
16	0.00804	0.02074	0.83828	0.01143	0.01736	0.00931	0.01482	0.01270	0.00847	0.01270	0.00720	0.00847	0.00508	0.00381	0.00381	0.00127	0.00593	0.00296	0.00169	0.00593
17	0.01742	0.00775	0.00988	0.00757	0.01070	0.00726	0.00626	0.18671	0.01302	0.66748	0.01453	0.01281	0.00928	0.00493	0.00403	0.00123	0.00362	0.00394	0.00477	0.00682
18	0.88738	0.00776	0.00589	0.00527	0.00776	0.00900	0.00434	0.01179	0.00683	0.01799	0.00558	0.00651	0.00434	0.00372	0.00248	0.00124	0.00310	0.00217	0.00248	0.00434
19	0.00844	0.00777	0.01273	0.79668	0.07086	0.00934	0.01145	0.01088	0.00855	0.01111	0.00788	0.01163	0.00610	0.00447	0.00432	0.00146	0.00555	0.00380	0.00205	0.00494
20	0.01043	0.69837	0.13950	0.02786	0.01174	0.01451	0.00810	0.01224	0.00827	0.02938	0.00609	0.00700	0.00525	0.00354	0.00282	0.00094	0.00453	0.00234	0.00179	0.00528
21	0.00757	0.00713	0.01203	0.84942	0.02762	0.00891	0.01114	0.01025	0.00802	0.01025	0.00713	0.01069	0.00535	0.00401	0.00401	0.00134	0.00535	0.00356	0.00178	0.00446
22	0.00527	0.00422	0.00474	0.00464	0.00583	0.00377	0.00347	0.00697	0.04067	0.01287	0.31735	0.07854	0.47847	0.00942	0.00473	0.00134	0.00204	0.00805	0.00398	0.00363
23	0.57823	0.00867	0.04712	0.10981	0.01129	0.02433	0.00611	0.06216	0.03061	0.07897	0.00718	0.00810	0.00531	0.00398	0.00301	0.00125	0.00369	0.00268	0.00268	0.00483
24	0.18105	0.11147	0.06816	0.02232	0.06213	0.02181	0.06123	0.14038	0.05169	0.06822	0.02900	0.03428	0.00772	0.01772	0.00376	0.00118	0.00406	0.00345	0.00281	0.10756

[dist]
# distance from previous block
# <min> <max>
0	5

[block]
# block no. 8 follows, 67 sequences, length 54
# corresponding to MSA columns:
# 476-529
name=unknown_I
#
# <colnr> <probs for GDERKNQSTAVLIFYWHMCP>
#	G	D	E	R	K	N	Q	S	T	A	V	L	I	F	Y	W	H	M	C	P
0	0.18205	0.09375	0.08106	0.02226	0.04383	0.42425	0.00778	0.02541	0.05092	0.01230	0.00672	0.00773	0.00543	0.00406	0.00350	0.00112	0.01805	0.00267	0.00220	0.00492
1	0.04077	0.00865	0.01016	0.00785	0.01087	0.00876	0.00647	0.37297	0.01450	0.41199	0.02735	0.01201	0.00891	0.00491	0.00395	0.00121	0.00377	0.00384	0.03446	0.00659
2	0.00622	0.00512	0.00581	0.00574	0.02819	0.00498	0.00419	0.00961	0.17122	0.01384	0.30270	0.03026	0.38022	0.00839	0.00459	0.00132	0.00228	0.00715	0.00398	0.00418
3	0.00488	0.00350	0.00464	0.00555	0.00581	0.00326	0.00371	0.00559	0.00771	0.01025	0.02250	0.83888	0.04382	0.01251	0.00511	0.00162	0.00232	0.01134	0.00372	0.00326
4	0.00573	0.00430	0.00645	0.00645	0.00716	0.00501	0.00501	0.00716	0.00645	0.00931	0.01074	0.01576	0.01003	0.03008	0.84316	0.00645	0.01074	0.00430	0.00215	0.00358
5	0.00748	0.00374	0.00374	0.00374	0.00467	0.00374	0.00280	0.00934	0.00841	0.01495	0.01308	0.01495	0.01028	0.00467	0.00280	0.00093	0.00187	0.00374	0.88132	0.00374
6	0.01335	0.34183	0.01506	0.00900	0.01159	0.52609	0.00741	0.01448	0.01013	0.00967	0.00596	0.00693	0.00516	0.00386	0.00322	0.00097	0.00610	0.00241	0.00193	0.00484
7	0.00998	0.00862	0.00907	0.00816	0.01043	0.00998	0.00635	0.02131	0.82679	0.01678	0.01632	0.01496	0.01224	0.00544	0.00408	0.00136	0.00317	0.00453	0.00408	0.00635
8	0.00748	0.00374	0.00374	0.00374	0.00467	0.00374	0.00280	0.00934	0.00841	0.01495	0.01308	0.01495	0.01028	0.00467	0.00280	0.00093	0.00187	0.00374	0.88132	0.00374
9	0.00832	0.00713	0.00832	0.00594	0.00950	0.00535	0.00475	0.01010	0.00832	0.01307	0.00713	0.00832	0.00594	0.00297	0.00297	0.00059	0.00297	0.00238	0.00238	0.88357
10	0.00748	0.00374	0.00374	0.00374	0.00467	0.00374	0.00280	0.00934	0.00841	0.01495	0.01308	0.01495	0.01028	0.00467	0.00280	0.00093	0.00187	0.00374	0.88132	0.00374
11	0.00489	0.00349	0.00465	0.00558	0.00582	0.00326	0.00372	0.00558	0.00768	0.01024	0.02210	0.85644	0.02653	0.01256	0.00512	0.00163	0.00233	0.01140	0.00372	0.00326
12	0.00998	0.00862	0.00907	0.00816	0.01043	0.00998	0.00635	0.02131	0.82679	0.01678	0.01632	0.01496	0.01224	0.00544	0.00408	0.00136	0.00317	0.00453	0.00408	0.00635
13	0.00748	0.00374	0.00374	0.00374	0.00467	0.00374	0.00280	0.00934	0.00841	0.01495	0.01308	0.01495	0.01028	0.00467	0.00280	0.00093	0.00187	0.00374	0.88132	0.00374
14	0.01520	0.01107	0.01191	0.00915	0.01234	0.01222	0.00755	0.78393	0.03595	0.04499	0.00992	0.00984	0.00701	0.00483	0.00401	0.00121	0.00436	0.00364	0.00404	0.00681
15	0.00517	0.00408	0.00466	0.00451	0.00568	0.00357	0.00339	0.00659	0.01016	0.01324	0.40400	0.03463	0.46753	0.00926	0.00474	0.00131	0.00197	0.00791	0.00404	0.00357
16	0.00993	0.00953	0.01628	0.02462	0.83404	0.00953	0.01231	0.01231	0.00913	0.01310	0.00754	0.00993	0.00635	0.00357	0.00397	0.00119	0.00476	0.00357	0.00199	0.00635
17	0.00474	0.00406	0.00406	0.00406	0.00542	0.00339	0.00305	0.00576	0.00914	0.01083	0.04063	0.03860	0.83241	0.01016	0.00474	0.00135	0.00203	0.00846	0.00372	0.00339
18	0.00602	0.00419	0.00539	0.00503	0.00609	0.00382	0.00379	0.00782	0.01117	0.04385	0.73602	0.03014	0.10500	0.00826	0.00471	0.00127	0.00196	0.00725	0.00437	0.00385
19	0.00947	0.01082	0.02366	0.01690	0.02096	0.01014	0.81947	0.01285	0.00947	0.01285	0.00811	0.01082	0.00609	0.00338	0.00473	0.00135	0.00676	0.00473	0.00203	0.00541
20	0.01137	0.00863	0.00932	0.00787	0.01026	0.00954	0.00631	0.31750	0.33691	0.04069	0.06036	0.01619	0.05184	0.00577	0.00411	0.00129	0.00346	0.03813	0.05445	0.00599
21	0.88738	0.00776	0.00589	0.00527	0.00776	0.00900	0.00434	0.01179	0.00683	0.01799	0.00558	0.00651	0.00434	0.00372	0.00248	0.00124	0.00310	0.00217	0.00248	0.00434
22	0.00482	0.00405	0.00418	0.00418	0.00547	0.00341	0.00312	0.00590	0.00929	0.01124	0.10389	0.05648	0.75015	0.01005	0.00475	0.00135	0.00203	0.00843	0.00378	0.00341
23	0.00980	0.00942	0.06636	0.16340	0.30637	0.00934	0.03787	0.04919	0.21960	0.04229	0.01029	0.01158	0.00787	0.00428	0.00399	0.00126	0.00444	0.00384	0.03289	0.00590
24	0.00815	0.01999	0.77609	0.01185	0.01763	0.00938	0.07624	0.01271	0.00854	0.01271	0.00727	0.00865	0.00516	0.00378	0.00388	0.00128	0.00599	0.00310	0.00172	0.00589
25	0.00568	0.00410	0.00536	0.00505	0.00599	0.00378	0.00378	0.00757	0.01135	0.01608	0.83192	0.02996	0.03784	0.00820	0.00473	0.00126	0.00189	0.00725	0.00441	0.00378
