[name]
unknown

[dist]
# distance from previous block
# <min> <max>
0	1

[block]
# block no. 0 follows, 74 sequences, length 29
# corresponding to MSA columns:
# 1-29
name=unknown_A
#
# <colnr> <probs for GDERKNQSTAVLIFYWHMCP>
#	G	D	E	R	K	N	Q	S	T	A	V	L	I	F	Y	W	H	M	C	P
0	0.00627	0.00494	0.00612	0.00517	0.00700	0.00413	0.00405	0.00798	0.00924	0.01349	0.44915	0.02095	0.02231	0.00589	0.00379	0.00097	0.00228	0.06918	0.00329	0.35380
1	0.01341	0.00988	0.01065	0.00824	0.01104	0.01088	0.00677	0.76880	0.01690	0.02272	0.07480	0.01040	0.00858	0.00470	0.00377	0.00112	0.00390	0.00361	0.00374	0.00609
2	0.00962	0.00816	0.00861	0.00763	0.00980	0.00941	0.00597	0.08394	0.77485	0.01615	0.01462	0.01346	0.01093	0.00499	0.00377	0.00125	0.00303	0.00413	0.00377	0.00591
3	0.00823	0.00835	0.01090	0.00944	0.00960	0.05919	0.00780	0.00909	0.00598	0.00892	0.00531	0.00854	0.00521	0.00799	0.07671	0.00192	0.74786	0.00326	0.00167	0.00402
4	0.01312	0.04196	0.07713	0.00991	0.03423	0.74120	0.00778	0.01438	0.01017	0.00937	0.00583	0.00683	0.00480	0.00377	0.00334	0.00097	0.00646	0.00243	0.00187	0.00445
5	0.00862	0.00804	0.01364	0.29813	0.55956	0.00856	0.01092	0.01090	0.00816	0.02802	0.00701	0.00949	0.00564	0.00347	0.00369	0.00115	0.00456	0.00331	0.00183	0.00531
6	0.00960	0.76007	0.12832	0.00691	0.01038	0.01389	0.00732	0.01120	0.00758	0.00913	0.00536	0.00620	0.00476	0.00322	0.00253	0.00084	0.00417	0.00208	0.00159	0.00486
7	0.00919	0.00882	0.01507	0.02278	0.84640	0.00882	0.01139	0.01139	0.00845	0.01213	0.00698	0.00919	0.00588	0.00331	0.00367	0.00110	0.00441	0.00331	0.00184	0.00588
8	0.00770	0.00660	0.00770	0.00550	0.00880	0.00495	0.00440	0.00935	0.00770	0.01210	0.00660	0.00770	0.00550	0.00275	0.00275	0.00055	0.00275	0.00220	0.00220	0.89224
9	0.00645	0.00322	0.00484	0.00484	0.00484	0.00322	0.00322	0.00484	0.00484	0.00645	0.00645	0.01128	0.00645	0.01289	0.01451	0.89201	0.00322	0.00322	0.00161	0.00161
10	0.00992	0.87178	0.01945	0.00635	0.00953	0.01469	0.00635	0.01111	0.00754	0.00873	0.00516	0.00595	0.00476	0.00318	0.00238	0.00079	0.00397	0.00198	0.00159	0.00476
11	0.00901	0.00787	0.00896	0.03104	0.03134	0.00899	0.03358	0.01852	0.73858	0.01513	0.04454	0.01400	0.01169	0.00499	0.00381	0.00125	0.00310	0.00425	0.00362	0.00571
12	0.02462	0.09208	0.12173	0.00629	0.00984	0.00647	0.00587	0.01021	0.00779	0.04399	0.00675	0.00771	0.00543	0.00298	0.00285	0.00069	0.00325	0.00231	0.00215	0.63700
13	0.00972	0.77070	0.05869	0.00671	0.00985	0.01409	0.00675	0.01139	0.03772	0.00913	0.00558	0.00640	0.00500	0.00337	0.00281	0.00086	0.03260	0.00214	0.00167	0.00482
14	0.00455	0.00377	0.00398	0.00393	0.00511	0.00320	0.00295	0.00563	0.00884	0.01092	0.18544	0.03426	0.69650	0.00907	0.00439	0.00124	0.00186	0.00763	0.00356	0.00320
15	0.01016	0.82157	0.01893	0.00654	0.00964	0.06407	0.00640	0.01133	0.00772	0.00875	0.00519	0.00600	0.00476	0.00321	0.00244	0.00080	0.00413	0.00201	0.00161	0.00474
16	0.00919	0.00882	0.01507	0.02278	0.84640	0.00882	0.01139	0.01139	0.00845	0.01213	0.00698	0.00919	0.00588	0.00331	0.00367	0.00110	0.00441	0.00331	0.00184	0.00588
17	0.00645	0.00322	0.00484	0.00484	0.00484	0.00322	0.00322	0.00484	0.00484	0.00645	0.00645	0.01128	0.00645	0.01289	0.01451	0.89201	0.00322	0.00322	0.00161	0.00161
18	0.01072	0.00836	0.02589	0.08506	0.34266	0.03459	0.03760	0.02219	0.06140	0.20568	0.01813	0.01034	0.00705	0.00421	0.00475	0.00120	0.10857	0.00349	0.00260	0.00551
19	0.00546	0.00611	0.08816	0.00623	0.00811	0.00464	0.10838	0.00730	0.02872	0.01100	0.10544	0.08742	0.49208	0.00794	0.00432	0.00126	0.00283	0.01776	0.00314	0.00369
20	0.00844	0.28331	0.49368	0.00922	0.01375	0.01032	0.05383	0.01155	0.00783	0.02419	0.00636	0.00743	0.00488	0.00338	0.00318	0.00103	0.00488	0.00258	0.00167	0.04847
21	0.00764	0.08041	0.74072	0.00998	0.01517	0.00885	0.01263	0.01157	0.00781	0.01156	0.00655	0.00769	0.00475	0.00346	0.00340	0.00111	0.00522	0.00266	0.00161	0.05724
22	0.00540	0.00360	0.00405	0.00405	0.00405	0.00360	0.00225	0.00540	0.00540	0.00720	0.01170	0.02429	0.01349	0.86955	0.01889	0.00360	0.00360	0.00540	0.00225	0.00225
23	0.04813	0.00871	0.01324	0.01869	0.62388	0.03997	0.02247	0.01217	0.10640	0.01247	0.00851	0.05358	0.00735	0.00396	0.00368	0.00114	0.00417	0.00371	0.00217	0.00558
24	0.00791	0.01023	0.24054	0.00743	0.01134	0.00619	0.04828	0.01036	0.00786	0.03308	0.00686	0.00798	0.00538	0.00303	0.00307	0.00077	0.00369	0.00250	0.00207	0.58143
25	0.00817	0.06581	0.72817	0.01052	0.04297	0.00879	0.01276	0.01207	0.00800	0.05921	0.00704	0.00805	0.00500	0.00356	0.00348	0.00115	0.00523	0.00278	0.00175	0.00551
26	0.00963	0.73315	0.01815	0.00690	0.00956	0.01415	0.00664	0.01076	0.00724	0.00877	0.00511	0.00630	0.00478	0.00371	0.00395	0.00093	0.14183	0.00219	0.00159	0.00465
27	0.03133	0.01684	0.01014	0.00927	0.01112	0.80003	0.00694	0.01432	0.01028	0.00926	0.00637	0.04454	0.00564	0.00416	0.00339	0.00098	0.00642	0.00274	0.00199	0.00424
28	0.01406	0.00691	0.00895	0.00814	0.08966	0.03678	0.00593	0.05612	0.03549	0.56849	0.10665	0.01392	0.02190	0.00484	0.00379	0.00114	0.00327	0.00402	0.00409	0.00583

[dist]
# distance from previous block
# <min> <max>
0	2

[block]
# block no. 1 follows, 74 sequences, length 88
# corresponding to MSA columns:
# 32-119
name=unknown_B
#
# <colnr> <probs for GDERKNQSTAVLIFYWHMCP>
#	G	D	E	R	K	N	Q	S	T	A	V	L	I	F	Y	W	H	M	C	P
0	0.05227	0.00638	0.03369	0.00810	0.00974	0.00605	0.18289	0.10840	0.02843	0.01233	0.01493	0.45688	0.01620	0.00806	0.00437	0.00138	0.00347	0.03935	0.00303	0.00405
1	0.00861	0.00715	0.00857	0.00642	0.00920	0.00648	0.00521	0.08248	0.00836	0.03884	0.00680	0.00802	0.00559	0.00350	0.00424	0.00078	0.12835	0.00250	0.00232	0.65660
2	0.00540	0.00360	0.00405	0.00405	0.00405	0.00360	0.00225	0.00540	0.00540	0.00720	0.01170	0.02429	0.01349	0.86955	0.01889	0.00360	0.00360	0.00540	0.00225	0.00225
3	0.01290	0.00644	0.00805	0.00671	0.00898	0.00626	0.00535	0.09737	0.15052	0.46886	0.01523	0.16042	0.01209	0.00595	0.00393	0.00123	0.00304	0.01689	0.00415	0.00563
4	0.00744	0.01920	0.85032	0.01058	0.01607	0.00862	0.01371	0.01176	0.00784	0.01176	0.00666	0.00784	0.00470	0.00353	0.00353	0.00118	0.00549	0.00274	0.00157	0.00549
5	0.00751	0.01873	0.80811	0.01084	0.01624	0.00866	0.05546	0.01176	0.00788	0.01176	0.00670	0.00795	0.00475	0.00351	0.00357	0.00118	0.00553	0.00283	0.00158	0.00546
6	0.01399	0.01034	0.01107	0.00852	0.01147	0.01146	0.00703	0.81478	0.03687	0.02321	0.00906	0.00903	0.00643	0.00447	0.00371	0.00112	0.00406	0.00336	0.00371	0.00630
7	0.01386	0.01036	0.01097	0.00848	0.01137	0.02568	0.00698	0.79326	0.02930	0.02279	0.00916	0.02425	0.00669	0.00458	0.00373	0.00112	0.00408	0.00347	0.00368	0.00621
8	0.00540	0.00360	0.00405	0.00405	0.00405	0.00360	0.00225	0.00540	0.00540	0.00720	0.01170	0.02429	0.01349	0.86955	0.01889	0.00360	0.00360	0.00540	0.00225	0.00225
9	0.00685	0.00457	0.00620	0.00666	0.00772	0.00454	0.00571	0.00899	0.05123	0.07243	0.09476	0.03702	0.02122	0.00933	0.00489	0.00160	0.00322	0.64571	0.00358	0.00376
10	0.00914	0.00782	0.00828	0.00743	0.00949	0.00899	0.00578	0.03831	0.77802	0.01568	0.05722	0.01444	0.01242	0.00515	0.00381	0.00125	0.00290	0.00430	0.00379	0.00576
11	0.00457	0.00325	0.00429	0.00511	0.00532	0.00304	0.00338	0.00518	0.00702	0.00936	0.02001	0.82418	0.02399	0.05535	0.00546	0.00161	0.00223	0.01029	0.00338	0.00298
12	0.00540	0.00360	0.00405	0.00405	0.00405	0.00360	0.00225	0.00540	0.00540	0.00720	0.01170	0.02429	0.01349	0.86955	0.01889	0.00360	0.00360	0.00540	0.00225	0.00225
13	0.00770	0.00660	0.00770	0.00550	0.00880	0.00495	0.00440	0.00935	0.00770	0.01210	0.00660	0.00770	0.00550	0.00275	0.00275	0.00055	0.00275	0.00220	0.00220	0.89224
14	0.00943	0.00927	0.01483	0.02211	0.80385	0.05192	0.01118	0.01157	0.00856	0.01197	0.00692	0.00906	0.00582	0.00333	0.00366	0.00109	0.00453	0.00326	0.00184	0.00580
15	0.00530	0.00398	0.00597	0.00597	0.00663	0.00464	0.00464	0.00663	0.00597	0.00862	0.00994	0.01458	0.00928	0.02784	0.85484	0.00597	0.00994	0.00398	0.00199	0.00331
16	0.00701	0.00660	0.01113	0.86063	0.02556	0.00825	0.01031	0.00948	0.00742	0.00948	0.00660	0.00990	0.00495	0.00371	0.00371	0.00124	0.00495	0.00330	0.00165	0.00412
17	0.00778	0.01875	0.80756	0.01048	0.01583	0.00877	0.01337	0.05366	0.00833	0.01235	0.00678	0.00789	0.00478	0.00357	0.00354	0.00117	0.00541	0.00277	0.00168	0.00553
18	0.02725	0.01066	0.10392	0.00958	0.02432	0.16959	0.18724	0.03114	0.11054	0.11016	0.12378	0.01287	0.03349	0.00452	0.00384	0.00114	0.00454	0.00400	0.00280	0.02464
19	0.00530	0.00398	0.00597	0.00597	0.00663	0.00464	0.00464	0.00663	0.00597	0.00862	0.00994	0.01458	0.00928	0.02784	0.85484	0.00597	0.00994	0.00398	0.00199	0.00331
20	0.00452	0.00323	0.00431	0.00517	0.00538	0.00301	0.00345	0.00517	0.00711	0.00948	0.02046	0.86713	0.02455	0.01163	0.00474	0.00151	0.00215	0.01055	0.00345	0.00301
21	0.00816	0.00778	0.01322	0.41652	0.46066	0.00855	0.01088	0.01050	0.00797	0.01088	0.00680	0.00952	0.00544	0.00350	0.00369	0.00117	0.00466	0.00330	0.00175	0.00505
22	0.01172	0.01090	0.06563	0.01074	0.01399	0.04134	0.25261	0.44593	0.07817	0.01813	0.00872	0.00948	0.00635	0.00403	0.00389	0.00116	0.00482	0.00365	0.00298	0.00577
23	0.00508	0.00389	0.00438	0.00421	0.00538	0.00340	0.00317	0.00645	0.01959	0.03330	0.33176	0.03194	0.51705	0.00856	0.00436	0.00122	0.00188	0.00727	0.00371	0.00338
24	0.00652	0.00343	0.00535	0.00516	0.00528	0.00341	0.02842	0.00505	0.00495	0.00661	0.00648	0.01124	0.00642	0.01260	0.01420	0.86496	0.00332	0.00326	0.00162	0.00171
25	0.18112	0.02810	0.01005	0.00964	0.11963	0.29235	0.00675	0.14769	0.02750	0.06932	0.00715	0.00786	0.00551	0.00377	0.00322	0.00102	0.00459	0.00270	0.00250	0.06953
26	0.00943	0.65941	0.16190	0.00751	0.01106	0.01319	0.04393	0.02320	0.00776	0.00960	0.00566	0.00665	0.00489	0.00369	0.01788	0.00098	0.00444	0.00228	0.00164	0.00489
27	0.00519	0.00374	0.00490	0.00471	0.00553	0.00346	0.00350	0.00684	0.01020	0.01440	0.77117	0.10237	0.03409	0.00795	0.00441	0.00120	0.00179	0.00705	0.00403	0.00346
28	0.00942	0.00825	0.03397	0.00759	0.00981	0.00906	0.00608	0.04100	0.75405	0.03690	0.03185	0.01379	0.01143	0.00502	0.00378	0.00125	0.00303	0.00417	0.00374	0.00584
29	0.00859	0.00820	0.01337	0.32636	0.44569	0.02289	0.03772	0.03319	0.04621	0.01156	0.00726	0.00964	0.00577	0.00357	0.00371	0.00116	0.00463	0.00337	0.00191	0.00520
30	0.01533	0.00685	0.00870	0.00680	0.00952	0.01644	0.00557	0.10363	0.06059	0.65978	0.05624	0.01301	0.01028	0.00475	0.00376	0.00115	0.00321	0.00385	0.00439	0.00612
31	0.00452	0.00323	0.00431	0.00517	0.00538	0.00301	0.00345	0.00517	0.00711	0.00948	0.02046	0.86713	0.02455	0.01163	0.00474	0.00151	0.00215	0.01055	0.00345	0.00301
32	0.03205	0.46403	0.16423	0.00906	0.08448	0.13149	0.00819	0.04896	0.00851	0.01047	0.00584	0.00681	0.00490	0.00341	0.00289	0.00093	0.00464	0.00235	0.00177	0.00498
33	0.02223	0.00851	0.01352	0.03071	0.55606	0.00863	0.04849	0.05622	0.09844	0.09698	0.00887	0.01040	0.00695	0.00376	0.00373	0.00114	0.00417	0.01293	0.00244	0.00582
34	0.00808	0.00789	0.01136	0.02069	0.09911	0.02416	0.04197	0.02124	0.00638	0.00949	0.00607	0.00978	0.00587	0.06342	0.06445	0.00193	0.58871	0.00348	0.00176	0.00417
35	0.08511	0.00880	0.00957	0.02056	0.00919	0.14420	0.01884	0.01833	0.00671	0.00966	0.00635	0.01041	0.00625	0.13975	0.01044	0.00175	0.46663	0.00336	0.02025	0.00384
36	0.00450	0.00371	0.00395	0.00400	0.00511	0.00316	0.00296	0.00550	0.00856	0.01051	0.12573	0.11513	0.67554	0.00941	0.00442	0.00127	0.00189	0.00797	0.00352	0.00316
37	0.07893	0.11001	0.04944	0.04074	0.07058	0.00756	0.00651	0.05496	0.01892	0.49631	0.01139	0.02182	0.00776	0.00426	0.00346	0.00111	0.00353	0.00338	0.00355	0.00576
38	0.00720	0.00357	0.00371	0.00364	0.00457	0.00356	0.00275	0.00891	0.00782	0.04193	0.01213	0.01382	0.00950	0.00505	0.02851	0.00103	0.00203	0.00348	0.83323	0.00355
39	0.00748	0.01045	0.26102	0.00889	0.01191	0.00744	0.13656	0.01248	0.22535	0.01359	0.23754	0.01551	0.02533	0.00504	0.00397	0.00121	0.00388	0.00452	0.00290	0.00494
40	0.00452	0.00323	0.00431	0.00517	0.00538	0.00301	0.00345	0.00517	0.00711	0.00948	0.02046	0.86713	0.02455	0.01163	0.00474	0.00151	0.00215	0.01055	0.00345	0.00301
41	0.01106	0.62465	0.01687	0.00728	0.01009	0.25773	0.00659	0.01219	0.00840	0.00883	0.00533	0.00617	0.00477	0.00336	0.00266	0.00084	0.00476	0.00210	0.00168	0.00463
42	0.00452	0.00323	0.00431	0.00517	0.00538	0.00301	0.00345	0.00517	0.00711	0.00948	0.02046	0.86713	0.02455	0.01163	0.00474	0.00151	0.00215	0.01055	0.00345	0.00301
43	0.00523	0.00380	0.00493	0.00468	0.00557	0.00350	0.00353	0.00695	0.01037	0.01459	0.79064	0.02839	0.07035	0.00773	0.00439	0.00118	0.00179	0.02485	0.00404	0.00348
44	0.00752	0.04642	0.82379	0.01044	0.01586	0.00881	0.01348	0.01173	0.00783	0.01166	0.00661	0.00778	0.00470	0.00352	0.00349	0.00116	0.00544	0.00272	0.00157	0.00546
45	0.89577	0.00718	0.00546	0.00488	0.00718	0.00833	0.00402	0.01091	0.00632	0.01665	0.00517	0.00603	0.00402	0.00345	0.00230	0.00115	0.00287	0.00201	0.00230	0.00402
46	0.01427	0.01014	0.01098	0.00842	0.01138	0.01113	0.00695	0.78279	0.01702	0.07523	0.00927	0.00915	0.00649	0.00446	0.00371	0.00112	0.00403	0.00337	0.00377	0.00631
47	0.00595	0.00426	0.00594	0.00677	0.00764	0.00425	0.00592	0.00764	0.00854	0.01109	0.02002	0.04174	0.03807	0.01024	0.00511	0.00170	0.00339	0.80491	0.00342	0.00341
48	0.00940	0.00806	0.00849	0.00759	0.00972	0.00931	0.00592	0.04826	0.81088	0.01580	0.01489	0.01368	0.01115	0.00502	0.00377	0.00125	0.00298	0.00417	0.00377	0.00589
49	0.00525	0.00379	0.00496	0.00467	0.00555	0.00350	0.00350	0.00700	0.01051	0.01488	0.84444	0.02773	0.03502	0.00759	0.00438	0.00117	0.00175	0.00671	0.00409	0.00350
50	0.00927	0.00889	0.01523	0.03626	0.76562	0.00892	0.05311	0.03568	0.00872	0.01240	0.00706	0.00923	0.00586	0.00334	0.00371	0.00111	0.00450	0.00336	0.00189	0.00582
51	0.00923	0.00797	0.00839	0.00755	0.00965	0.00923	0.00588	0.01972	0.83969	0.01553	0.01511	0.01385	0.01133	0.00504	0.00378	0.00126	0.00294	0.00420	0.00378	0.00588
52	0.00933	0.00802	0.00845	0.00757	0.00969	0.00928	0.00590	0.03625	0.82301	0.01569	0.01498	0.01375	0.01123	0.00502	0.00378	0.00126	0.00296	0.00418	0.00378	0.00588
53	0.02225	0.00641	0.01010	0.62934	0.04824	0.00767	0.00895	0.01001	0.07315	0.02101	0.00890	0.10513	0.00770	0.00467	0.00379	0.00125	0.00436	0.00414	0.00208	0.02085
54	0.00915	0.00879	0.01501	0.03517	0.83427	0.00881	0.01138	0.01136	0.00844	0.01209	0.00698	0.00920	0.00587	0.00331	0.00368	0.00110	0.00442	0.00331	0.00183	0.00585
55	0.00923	0.00797	0.00839	0.00755	0.00965	0.00923	0.00588	0.01972	0.83969	0.01553	0.01511	0.01385	0.01133	0.00504	0.00378	0.00126	0.00294	0.00420	0.00378	0.00588
56	0.00538	0.00376	0.00486	0.00486	0.00516	0.00404	0.00328	0.00597	0.00567	0.00790	0.01095	0.01999	0.01164	0.49757	0.37617	0.00457	0.00629	0.00476	0.01447	0.00272
57	0.00992	0.87178	0.01945	0.00635	0.00953	0.01469	0.00635	0.01111	0.00754	0.00873	0.00516	0.00595	0.00476	0.00318	0.00238	0.00079	0.00397	0.00198	0.00159	0.00476
58	0.00770	0.00660	0.00770	0.00550	0.00880	0.00495	0.00440	0.00935	0.00770	0.01210	0.00660	0.00770	0.00550	0.00275	0.00275	0.00055	0.00275	0.00220	0.00220	0.89224
59	0.01541	0.00629	0.00845	0.00659	0.00926	0.00564	0.00542	0.05869	0.01068	0.72475	0.04465	0.01312	0.01000	0.00612	0.05568	0.00144	0.00357	0.00384	0.00437	0.00603
60	0.00654	0.00465	0.00622	0.00557	0.00714	0.00411	0.07021	0.00789	0.00891	0.11411	0.08637	0.03114	0.49895	0.00830	0.00441	0.00130	0.00260	0.12433	0.00350	0.00374
61	0.00439	0.00376	0.00376	0.00376	0.00501	0.00313	0.00282	0.00533	0.00846	0.01003	0.03760	0.03572	0.84489	0.00940	0.00439	0.00125	0.00188	0.00783	0.00345	0.00313
62	0.00454	0.00330	0.00429	0.00507	0.00539	0.00305	0.00343	0.00523	0.00726	0.00956	0.02209	0.77148	0.10310	0.01139	0.00471	0.00149	0.00215	0.02599	0.00345	0.00303
63	0.00979	0.01000	0.01435	0.03955	0.71246	0.12604	0.01078	0.01182	0.00872	0.01165	0.00680	0.00886	0.00571	0.00339	0.00363	0.00109	0.00474	0.00318	0.00184	0.00562
64	0.01665	0.00632	0.00861	0.00660	0.00948	0.00546	0.00546	0.01809	0.01062	0.84897	0.01464	0.01263	0.00919	0.00459	0.00373	0.00115	0.00316	0.00373	0.00459	0.00632
65	0.00701	0.00660	0.01113	0.86063	0.02556	0.00825	0.01031	0.00948	0.00742	0.00948	0.00660	0.00990	0.00495	0.00371	0.00371	0.00124	0.00495	0.00330	0.00165	0.00412
66	0.00992	0.87178	0.01945	0.00635	0.00953	0.01469	0.00635	0.01111	0.00754	0.00873	0.00516	0.00595	0.00476	0.00318	0.00238	0.00079	0.00397	0.00198	0.00159	0.00476
67	0.00455	0.00325	0.00434	0.00520	0.00543	0.00304	0.00349	0.00522	0.00713	0.00951	0.02044	0.85176	0.02449	0.01160	0.00474	0.00151	0.00218	0.02565	0.00345	0.00302
68	0.00439	0.00376	0.00376	0.00376	0.00501	0.00313	0.00282	0.00533	0.00846	0.01003	0.03760	0.03572	0.84489	0.00940	0.00439	0.00125	0.00188	0.00783	0.00345	0.00313
69	0.00919	0.00882	0.01507	0.02278	0.84640	0.00882	0.01139	0.01139	0.00845	0.01213	0.00698	0.00919	0.00588	0.00331	0.00367	0.00110	0.00441	0.00331	0.00184	0.00588
70	0.00452	0.00323	0.00431	0.00517	0.00538	0.00301	0.00345	0.00517	0.00711	0.00948	0.02046	0.86713	0.02455	0.01163	0.00474	0.00151	0.00215	0.01055	0.00345	0.00301
71	0.00452	0.00323	0.00431	0.00517	0.00538	0.00301	0.00345	0.00517	0.00711	0.00948	0.02046	0.86713	0.02455	0.01163	0.00474	0.00151	0.00215	0.01055	0.00345	0.00301
72	0.01665	0.00632	0.00861	0.00660	0.00948	0.00546	0.00546	0.01809	0.01062	0.84897	0.01464	0.01263	0.00919	0.00459	0.00373	0.00115	0.00316	0.00373	0.00459	0.00632
73	0.00701	0.00660	0.01113	0.86063	0.02556	0.00825	0.01031	0.00948	0.00742	0.00948	0.00660	0.00990	0.00495	0.00371	0.00371	0.00124	0.00495	0.00330	0.00165	0.00412
74	0.01411	0.01040	0.01114	0.00854	0.01151	0.01151	0.00706	0.83402	0.01745	0.02339	0.00891	0.00891	0.00631	0.00446	0.00371	0.00111	0.00408	0.00334	0.00371	0.00631
75	0.00525	0.00379	0.00496	0.00467	0.00555	0.00350	0.00350	0.00700	0.01051	0.01488	0.84444	0.02773	0.03502	0.00759	0.00438	0.00117	0.00175	0.00671	0.00409	0.00350
76	0.00770	0.00660	0.00770	0.00550	0.00880	0.00495	0.00440	0.00935	0.00770	0.01210	0.00660	0.00770	0.00550	0.00275	0.00275	0.00055	0.00275	0.00220	0.00220	0.89224
77	0.00526	0.00356	0.00417	0.00430	0.00436	0.00356	0.00253	0.00542	0.00568	0.00760	0.01295	0.15149	0.01498	0.70289	0.05325	0.00339	0.00366	0.00612	0.00242	0.00241
78	0.02452	0.00660	0.00768	0.00551	0.00878	0.00502	0.00441	0.00957	0.00774	0.03076	0.00675	0.00778	0.00555	0.00280	0.00276	0.00057	0.00276	0.00223	0.00225	0.85595
79	0.00876	0.01001	0.02190	0.01564	0.01940	0.00939	0.83292	0.01189	0.00876	0.01189	0.00751	0.01001	0.00563	0.00313	0.00438	0.00125	0.00626	0.00438	0.00188	0.00501
80	0.01665	0.00632	0.00861	0.00660	0.00948	0.00546	0.00546	0.01809	0.01062	0.84897	0.01464	0.01263	0.00919	0.00459	0.00373	0.00115	0.00316	0.00373	0.00459	0.00632
81	0.00532	0.00393	0.00491	0.00464	0.00561	0.00363	0.00348	0.02712	0.01026	0.01419	0.67595	0.05397	0.15729	0.00791	0.00437	0.00119	0.00184	0.00692	0.00396	0.00350
82	0.00913	0.00882	0.01475	0.07389	0.78298	0.02210	0.01126	0.01133	0.00842	0.01192	0.00694	0.00919	0.00581	0.00334	0.00367	0.00111	0.00448	0.00329	0.00183	0.00575
83	0.00445	0.00376	0.00385	0.00382	0.00505	0.00316	0.00287	0.00545	0.00861	0.01037	0.09472	0.03516	0.78756	0.00927	0.00439	0.00125	0.00187	0.00775	0.00349	0.00316
84	0.00452	0.00323	0.00431	0.00517	0.00538	0.00301	0.00345	0.00517	0.00711	0.00948	0.02046	0.86713	0.02455	0.01163	0.00474	0.00151	0.00215	0.01055	0.00345	0.00301
85	0.00859	0.09352	0.18404	0.02707	0.01791	0.00972	0.58081	0.01175	0.00844	0.01153	0.00711	0.00920	0.00536	0.00322	0.00401	0.00119	0.00587	0.00381	0.00179	0.00506
86	0.01002	0.80008	0.04574	0.00651	0.00975	0.01409	0.00655	0.02208	0.00776	0.02852	0.00550	0.00623	0.00490	0.00323	0.00247	0.00082	0.00398	0.00207	0.00169	0.01801
87	0.04176	0.74932	0.03341	0.00647	0.00949	0.04434	0.00635	0.01102	0.00753	0.00908	0.00545	0.00646	0.00497	0.00448	0.04601	0.00108	0.00436	0.00212	0.00165	0.00466

[dist]
# distance from previous block
# <min> <max>
0	1

[block]
# block no. 2 follows, 74 sequences, length 118
# corresponding to MSA columns:
# 121-238
name=unknown_C
#
# <colnr> <probs for GDERKNQSTAVLIFYWHMCP>
#	G	D	E	R	K	N	Q	S	T	A	V	L	I	F	Y	W	H	M	C	P
0	0.00553	0.00441	0.00508	0.00507	0.00626	0.00423	0.00400	0.00806	0.11647	0.01213	0.22778	0.03214	0.37995	0.00856	0.00445	0.00132	0.00228	0.16501	0.00364	0.00363
1	0.01622	0.00648	0.00866	0.00666	0.00949	0.00575	0.00550	0.06397	0.01101	0.78111	0.03536	0.01281	0.00968	0.00466	0.00375	0.00115	0.00318	0.00379	0.00453	0.00625
2	0.00692	0.00346	0.00346	0.00346	0.00432	0.00346	0.00259	0.00865	0.00778	0.01384	0.01211	0.01384	0.00951	0.00432	0.00259	0.00086	0.00173	0.00346	0.89016	0.00346
3	0.00955	0.74367	0.14430	0.00699	0.01051	0.01378	0.00746	0.01121	0.00759	0.00919	0.00539	0.00624	0.00475	0.00323	0.00255	0.00085	0.00420	0.00210	0.00158	0.00487
4	0.00510	0.00379	0.00476	0.00451	0.00545	0.00344	0.00339	0.00672	0.01016	0.01405	0.70616	0.02910	0.17383	0.00790	0.00438	0.00118	0.00177	0.00690	0.00398	0.00344
5	0.00441	0.00376	0.00377	0.00377	0.00499	0.00315	0.00281	0.00533	0.00838	0.00995	0.03692	0.03542	0.82304	0.03201	0.00477	0.00132	0.00193	0.00777	0.00342	0.00311
6	0.00919	0.00882	0.01507	0.02278	0.84640	0.00882	0.01139	0.01139	0.00845	0.01213	0.00698	0.00919	0.00588	0.00331	0.00367	0.00110	0.00441	0.00331	0.00184	0.00588
7	0.00439	0.00376	0.00376	0.00376	0.00501	0.00313	0.00282	0.00533	0.00846	0.01003	0.03760	0.03572	0.84489	0.00940	0.00439	0.00125	0.00188	0.00783	0.00345	0.00313
8	0.78742	0.04890	0.00654	0.00525	0.00761	0.02880	0.00436	0.05320	0.00705	0.01644	0.00537	0.00619	0.00419	0.00349	0.00240	0.00113	0.00308	0.00209	0.00233	0.00418
9	0.10737	0.01583	0.01001	0.00895	0.01100	0.68179	0.00681	0.08440	0.02157	0.01119	0.00607	0.00691	0.00492	0.00385	0.00327	0.00099	0.00602	0.00246	0.00213	0.00447
10	0.00568	0.00423	0.00458	0.00453	0.00485	0.03183	0.00285	0.00629	0.03013	0.00825	0.05359	0.04478	0.07532	0.61869	0.08648	0.00330	0.00397	0.00552	0.00247	0.00266
11	0.00578	0.00431	0.00539	0.00504	0.00605	0.00420	0.00380	0.02308	0.09275	0.01492	0.72002	0.05367	0.03181	0.00741	0.00432	0.00119	0.00192	0.00653	0.00403	0.00377
12	0.03490	0.03771	0.01008	0.03164	0.01090	0.05693	0.00648	0.36562	0.24964	0.14045	0.01106	0.01060	0.00793	0.00452	0.00363	0.00115	0.00376	0.00351	0.00360	0.00591
13	0.01389	0.01710	0.01057	0.00948	0.01148	0.78678	0.00716	0.08077	0.01108	0.01024	0.00599	0.00687	0.00490	0.00388	0.00338	0.00097	0.00648	0.00247	0.00206	0.00446
14	0.00919	0.00882	0.01507	0.02278	0.84640	0.00882	0.01139	0.01139	0.00845	0.01213	0.00698	0.00919	0.00588	0.00331	0.00367	0.00110	0.00441	0.00331	0.00184	0.00588
15	0.00827	0.30261	0.57413	0.00917	0.01389	0.01064	0.01127	0.01154	0.00774	0.01075	0.00616	0.00721	0.00472	0.00341	0.00315	0.00105	0.00498	0.00249	0.00157	0.00525
16	0.00701	0.00660	0.01113	0.86063	0.02556	0.00825	0.01031	0.00948	0.00742	0.00948	0.00660	0.00990	0.00495	0.00371	0.00371	0.00124	0.00495	0.00330	0.00165	0.00412
17	0.00540	0.00360	0.00405	0.00405	0.00405	0.00360	0.00225	0.00540	0.00540	0.00720	0.01170	0.02429	0.01349	0.86955	0.01889	0.00360	0.00360	0.00540	0.00225	0.00225
18	0.00560	0.00442	0.00577	0.00547	0.02429	0.00418	0.03104	0.00792	0.07393	0.01386	0.58192	0.02719	0.18521	0.00750	0.00432	0.00119	0.00207	0.00658	0.00382	0.00372
19	0.00919	0.00882	0.01507	0.02278	0.84640	0.00882	0.01139	0.01139	0.00845	0.01213	0.00698	0.00919	0.00588	0.00331	0.00367	0.00110	0.00441	0.00331	0.00184	0.00588
20	0.00701	0.00660	0.01113	0.86063	0.02556	0.00825	0.01031	0.00948	0.00742	0.00948	0.00660	0.00990	0.00495	0.00371	0.00371	0.00124	0.00495	0.00330	0.00165	0.00412
21	0.00701	0.00660	0.01113	0.86063	0.02556	0.00825	0.01031	0.00948	0.00742	0.00948	0.00660	0.00990	0.00495	0.00371	0.00371	0.00124	0.00495	0.00330	0.00165	0.00412
22	0.00876	0.01001	0.02190	0.01564	0.01940	0.00939	0.83292	0.01189	0.00876	0.01189	0.00751	0.01001	0.00563	0.00313	0.00438	0.00125	0.00626	0.00438	0.00188	0.00501
23	0.00701	0.00660	0.01113	0.86063	0.02556	0.00825	0.01031	0.00948	0.00742	0.00948	0.00660	0.00990	0.00495	0.00371	0.00371	0.00124	0.00495	0.00330	0.00165	0.00412
24	0.00456	0.00327	0.00434	0.00518	0.00544	0.00305	0.00350	0.00524	0.00718	0.00953	0.02087	0.82449	0.04508	0.01154	0.00474	0.00151	0.00218	0.03185	0.00344	0.00303
25	0.00505	0.00375	0.00471	0.00455	0.00544	0.00341	0.00338	0.00659	0.00992	0.01368	0.64887	0.08741	0.17314	0.00818	0.00440	0.00121	0.00180	0.00717	0.00393	0.00341
26	0.89577	0.00718	0.00546	0.00488	0.00718	0.00833	0.00402	0.01091	0.00632	0.01665	0.00517	0.00603	0.00402	0.00345	0.00230	0.00115	0.00287	0.00201	0.00230	0.00402
27	0.00770	0.00660	0.00770	0.00550	0.00880	0.00495	0.00440	0.00935	0.00770	0.01210	0.00660	0.00770	0.00550	0.00275	0.00275	0.00055	0.00275	0.00220	0.00220	0.89224
28	0.01349	0.04654	0.01143	0.00970	0.01180	0.73720	0.04836	0.05936	0.01071	0.00999	0.00598	0.00696	0.00491	0.00380	0.00339	0.00097	0.00643	0.00253	0.00200	0.00446
29	0.89577	0.00718	0.00546	0.00488	0.00718	0.00833	0.00402	0.01091	0.00632	0.01665	0.00517	0.00603	0.00402	0.00345	0.00230	0.00115	0.00287	0.00201	0.00230	0.00402
30	0.01376	0.01753	0.01076	0.00969	0.01165	0.83649	0.02492	0.01476	0.01048	0.00914	0.00578	0.00677	0.00480	0.00381	0.00337	0.00096	0.00668	0.00243	0.00191	0.00432
31	0.00923	0.00797	0.00839	0.00755	0.00965	0.00923	0.00588	0.01972	0.83969	0.01553	0.01511	0.01385	0.01133	0.00504	0.00378	0.00126	0.00294	0.00420	0.00378	0.00588
32	0.00452	0.00323	0.00431	0.00517	0.00538	0.00301	0.00345	0.00517	0.00711	0.00948	0.02046	0.86713	0.02455	0.01163	0.00474	0.00151	0.00215	0.01055	0.00345	0.00301
33	0.00909	0.00872	0.01490	0.05901	0.81091	0.00879	0.01134	0.01131	0.00841	0.01201	0.00697	0.00922	0.00584	0.00332	0.00368	0.00111	0.00443	0.00331	0.00183	0.00580
34	0.01665	0.00632	0.00861	0.00660	0.00948	0.00546	0.00546	0.01809	0.01062	0.84897	0.01464	0.01263	0.00919	0.00459	0.00373	0.00115	0.00316	0.00373	0.00459	0.00632
35	0.00452	0.00323	0.00431	0.00517	0.00538	0.00301	0.00345	0.00517	0.00711	0.00948	0.02046	0.86713	0.02455	0.01163	0.00474	0.00151	0.00215	0.01055	0.00345	0.00301
36	0.00744	0.01920	0.85032	0.01058	0.01607	0.00862	0.01371	0.01176	0.00784	0.01176	0.00666	0.00784	0.00470	0.00353	0.00353	0.00118	0.00549	0.00274	0.00157	0.00549
37	0.00452	0.00323	0.00431	0.00517	0.00538	0.00301	0.00345	0.00517	0.00711	0.00948	0.02046	0.86713	0.02455	0.01163	0.00474	0.00151	0.00215	0.01055	0.00345	0.00301
38	0.00454	0.00324	0.00432	0.00516	0.00539	0.00303	0.00345	0.00521	0.00719	0.00961	0.04135	0.84585	0.02482	0.01153	0.00473	0.00150	0.00214	0.01045	0.00346	0.00303
39	0.00923	0.00797	0.00839	0.00755	0.00965	0.00923	0.00588	0.01972	0.83969	0.01553	0.01511	0.01385	0.01133	0.00504	0.00378	0.00126	0.00294	0.00420	0.00378	0.00588
40	0.07910	0.09131	0.03289	0.01825	0.57360	0.06070	0.06882	0.01158	0.00833	0.01195	0.00662	0.00851	0.00552	0.00333	0.00347	0.00108	0.00454	0.00309	0.00185	0.00546
41	0.00692	0.00346	0.00346	0.00346	0.00432	0.00346	0.00259	0.00865	0.00778	0.01384	0.01211	0.01384	0.00951	0.00432	0.00259	0.00086	0.00173	0.00346	0.89016	0.00346
42	0.00530	0.00397	0.00594	0.00594	0.00659	0.00463	0.00461	0.00661	0.00596	0.00860	0.00997	0.01471	0.00933	0.03884	0.84392	0.00593	0.00986	0.00400	0.00199	0.00330
43	0.00457	0.00380	0.00401	0.00406	0.00526	0.00325	0.00311	0.00562	0.00859	0.01041	0.08611	0.03571	0.72982	0.00936	0.00444	0.00128	0.00199	0.07194	0.00348	0.00318
44	0.00452	0.00323	0.00431	0.00517	0.00538	0.00301	0.00345	0.00517	0.00711	0.00948	0.02046	0.86713	0.02455	0.01163	0.00474	0.00151	0.00215	0.01055	0.00345	0.00301
45	0.00525	0.00379	0.00496	0.00467	0.00555	0.00350	0.00350	0.00700	0.01051	0.01488	0.84444	0.02773	0.03502	0.00759	0.00438	0.00117	0.00175	0.00671	0.00409	0.00350
46	0.00876	0.01001	0.02190	0.01564	0.01940	0.00939	0.83292	0.01189	0.00876	0.01189	0.00751	0.01001	0.00563	0.00313	0.00438	0.00125	0.00626	0.00438	0.00188	0.00501
47	0.89577	0.00718	0.00546	0.00488	0.00718	0.00833	0.00402	0.01091	0.00632	0.01665	0.00517	0.00603	0.00402	0.00345	0.00230	0.00115	0.00287	0.00201	0.00230	0.00402
48	0.01344	0.01685	0.01040	0.00943	0.01132	0.78111	0.00711	0.01502	0.06477	0.00950	0.00633	0.00719	0.00521	0.00396	0.00356	0.00099	0.02484	0.00253	0.00203	0.00440
49	0.00923	0.00797	0.00839	0.00755	0.00965	0.00923	0.00588	0.01972	0.83969	0.01553	0.01511	0.01385	0.01133	0.00504	0.00378	0.00126	0.00294	0.00420	0.00378	0.00588
50	0.00525	0.00379	0.00496	0.00467	0.00555	0.00350	0.00350	0.00700	0.01051	0.01488	0.84444	0.02773	0.03502	0.00759	0.00438	0.00117	0.00175	0.00671	0.00409	0.00350
51	0.01466	0.00952	0.01060	0.00813	0.01107	0.01021	0.00671	0.65917	0.01599	0.20031	0.01014	0.00971	0.00693	0.00449	0.00372	0.00112	0.00389	0.00343	0.00390	0.00631
52	0.01213	0.00536	0.00703	0.00574	0.00782	0.00479	0.00461	0.02443	0.01959	0.49722	0.25050	0.01763	0.03985	0.00556	0.00384	0.00113	0.00261	0.00467	0.08033	0.00518
53	0.00598	0.00427	0.00598	0.00684	0.00769	0.00427	0.00598	0.00769	0.00854	0.01111	0.01965	0.04187	0.02136	0.01025	0.00513	0.00171	0.00342	0.82141	0.00342	0.00342
54	0.89577	0.00718	0.00546	0.00488	0.00718	0.00833	0.00402	0.01091	0.00632	0.01665	0.00517	0.00603	0.00402	0.00345	0.00230	0.00115	0.00287	0.00201	0.00230	0.00402
55	0.03026	0.00688	0.00776	0.00565	0.00887	0.01747	0.00452	0.02504	0.02898	0.01246	0.00681	0.00782	0.00561	0.00287	0.00279	0.00060	0.00284	0.00227	0.00227	0.81824
56	0.00594	0.00455	0.00618	0.00588	0.00613	0.00539	0.00431	0.00647	0.00562	0.00799	0.00938	0.01666	0.00978	0.32835	0.33190	0.07193	0.16431	0.00430	0.00199	0.00294
57	0.00914	0.00871	0.01470	0.03242	0.73680	0.00878	0.04173	0.02578	0.04487	0.01237	0.00765	0.02648	0.00647	0.00357	0.00373	0.00112	0.00437	0.00353	0.00199	0.00577
58	0.84929	0.00730	0.00576	0.00510	0.00737	0.00849	0.00420	0.03767	0.00667	0.01672	0.00528	0.00617	0.00411	0.00354	0.00254	0.00116	0.02013	0.00208	0.00233	0.00410
59	0.00455	0.00325	0.00434	0.00520	0.00543	0.00304	0.00350	0.00522	0.00714	0.00951	0.02044	0.85061	0.02449	0.01160	0.00475	0.00151	0.00218	0.02679	0.00345	0.00302
60	0.00919	0.00882	0.01507	0.02278	0.84640	0.00882	0.01139	0.01139	0.00845	0.01213	0.00698	0.00919	0.00588	0.00331	0.00367	0.00110	0.00441	0.00331	0.00184	0.00588
61	0.00762	0.08331	0.61005	0.00933	0.01381	0.00866	0.01127	0.01210	0.09845	0.01224	0.09037	0.01031	0.00843	0.00406	0.00355	0.00115	0.00472	0.00323	0.00206	0.00528
62	0.00503	0.00367	0.00474	0.00471	0.00547	0.00337	0.00344	0.00649	0.00963	0.01337	0.60938	0.20994	0.08971	0.00859	0.00446	0.00125	0.00185	0.00762	0.00390	0.00337
63	0.00702	0.00693	0.03319	0.83829	0.02532	0.00826	0.01040	0.00954	0.00743	0.00954	0.00660	0.00984	0.00494	0.00371	0.00371	0.00124	0.00496	0.00328	0.00165	0.00416
64	0.00707	0.00666	0.01124	0.83726	0.04846	0.00826	0.01034	0.00954	0.00745	0.00956	0.00661	0.00988	0.00497	0.00370	0.00371	0.00123	0.00493	0.00330	0.00165	0.00417
65	0.00520	0.00379	0.00488	0.00461	0.00551	0.00348	0.00346	0.00690	0.01038	0.01457	0.79257	0.02824	0.08709	0.00770	0.00438	0.00117	0.00176	0.00678	0.00404	0.00348
66	0.00528	0.00382	0.00484	0.00457	0.00552	0.00348	0.00343	0.00692	0.01022	0.02514	0.72153	0.02864	0.14714	0.00780	0.00437	0.00118	0.00179	0.00683	0.00400	0.00349
67	0.00740	0.01897	0.83813	0.01050	0.01591	0.00854	0.01357	0.01166	0.00783	0.01172	0.00686	0.02021	0.00499	0.00364	0.00354	0.00118	0.00544	0.00286	0.00159	0.00545
68	0.01000	0.85593	0.01928	0.00641	0.00956	0.03028	0.00637	0.01118	0.00760	0.00874	0.00517	0.00597	0.00476	0.00319	0.00240	0.00080	0.00402	0.00199	0.00159	0.00475
69	0.00714	0.00370	0.00375	0.00368	0.00463	0.00374	0.00278	0.00926	0.04514	0.02436	0.01227	0.01382	0.00959	0.00436	0.00266	0.00089	0.00180	0.00350	0.83931	0.00360
70	0.00598	0.00427	0.00598	0.00684	0.00769	0.00427	0.00598	0.00769	0.00854	0.01111	0.01965	0.04187	0.02136	0.01025	0.00513	0.00171	0.00342	0.82141	0.00342	0.00342
71	0.03140	0.00913	0.01387	0.14136	0.54266	0.08180	0.05680	0.01123	0.00837	0.01146	0.00714	0.01818	0.00606	0.00370	0.00390	0.00115	0.02494	0.01970	0.00187	0.00527
72	0.01387	0.01769	0.01052	0.00956	0.01148	0.85465	0.00717	0.01482	0.01052	0.00908	0.00574	0.00669	0.00478	0.00383	0.00335	0.00096	0.00669	0.00239	0.00191	0.00430
73	0.00487	0.00378	0.00443	0.00427	0.00531	0.00334	0.00320	0.00626	0.00960	0.01274	0.48807	0.03126	0.39273	0.00839	0.00438	0.00121	0.00181	0.00721	0.00380	0.00334
74	0.00812	0.00812	0.01137	0.00975	0.00975	0.01137	0.00812	0.00893	0.00568	0.00893	0.00487	0.00812	0.00487	0.00650	0.01218	0.00162	0.86276	0.00325	0.00162	0.00406
75	0.00770	0.00660	0.00770	0.00550	0.00880	0.00495	0.00440	0.00935	0.00770	0.01210	0.00660	0.00770	0.00550	0.00275	0.00275	0.00055	0.00275	0.00220	0.00220	0.89224
76	0.00439	0.00376	0.00376	0.00376	0.00501	0.00313	0.00282	0.00533	0.00846	0.01003	0.03760	0.03572	0.84489	0.00940	0.00439	0.00125	0.00188	0.00783	0.00345	0.00313
77	0.00530	0.00398	0.00597	0.00597	0.00663	0.00464	0.00464	0.00663	0.00597	0.00862	0.00994	0.01458	0.00928	0.02784	0.85484	0.00597	0.00994	0.00398	0.00199	0.00331
78	0.00810	0.00804	0.01028	0.00897	0.00937	0.07307	0.01712	0.02842	0.00642	0.00925	0.00614	0.00943	0.00584	0.01073	0.18987	0.00248	0.58734	0.00335	0.00178	0.00398
79	0.00439	0.00376	0.00376	0.00376	0.00501	0.00313	0.00282	0.00533	0.00846	0.01003	0.03760	0.03572	0.84489	0.00940	0.00439	0.00125	0.00188	0.00783	0.00345	0.00313
80	0.00917	0.00888	0.01539	0.02245	0.80754	0.00885	0.05000	0.01142	0.00847	0.01212	0.00701	0.00923	0.00587	0.00330	0.00371	0.00111	0.00450	0.00336	0.00184	0.00584
81	0.00753	0.01871	0.81107	0.01115	0.05508	0.00863	0.01361	0.01174	0.00787	0.01177	0.00668	0.00790	0.00476	0.00352	0.00353	0.00117	0.00544	0.00277	0.00158	0.00550
82	0.00452	0.00323	0.00431	0.00517	0.00538	0.00301	0.00345	0.00517	0.00711	0.00948	0.02046	0.86713	0.02455	0.01163	0.00474	0.00151	0.00215	0.01055	0.00345	0.00301
83	0.00598	0.00427	0.00598	0.00684	0.00769	0.00427	0.00598	0.00769	0.00854	0.01111	0.01965	0.04187	0.02136	0.01025	0.00513	0.00171	0.00342	0.82141	0.00342	0.00342
84	0.00447	0.00376	0.00387	0.00384	0.00506	0.00317	0.00288	0.00548	0.00865	0.01048	0.11260	0.03498	0.76961	0.00923	0.00439	0.00125	0.00187	0.00773	0.00351	0.00317
85	0.00911	0.00874	0.01492	0.05361	0.81620	0.00880	0.01135	0.01132	0.00841	0.01203	0.00697	0.00921	0.00585	0.00332	0.00368	0.00111	0.00443	0.00331	0.00183	0.00581
86	0.00767	0.00759	0.01383	0.57282	0.14219	0.00855	0.17355	0.01023	0.00784	0.01034	0.00683	0.00982	0.00522	0.00354	0.00384	0.00122	0.00513	0.00351	0.00172	0.00455
87	0.00751	0.01877	0.81139	0.01082	0.01622	0.00866	0.05221	0.01176	0.00788	0.01176	0.00670	0.00794	0.00475	0.00351	0.00357	0.00118	0.00552	0.00282	0.00158	0.00546
88	0.00452	0.00323	0.00431	0.00517	0.00538	0.00301	0.00345	0.00517	0.00711	0.00948	0.02046	0.86713	0.02455	0.01163	0.00474	0.00151	0.00215	0.01055	0.00345	0.00301
89	0.01495	0.00776	0.03259	0.02633	0.01137	0.00707	0.09037	0.16168	0.01150	0.57735	0.01252	0.01152	0.00811	0.00437	0.00379	0.00116	0.00374	0.00369	0.00402	0.00611
90	0.00962	0.00888	0.01476	0.02170	0.78224	0.02398	0.02069	0.01177	0.00859	0.05139	0.00733	0.00931	0.00601	0.00337	0.00368	0.00110	0.00441	0.00332	0.00197	0.00586
91	0.00971	0.01043	0.01259	0.29260	0.35898	0.23118	0.00993	0.01167	0.00866	0.01046	0.00653	0.00876	0.00529	0.00358	0.00360	0.00111	0.00519	0.00306	0.00180	0.00489
92	0.00770	0.00660	0.00770	0.00550	0.00880	0.00495	0.00440	0.00935	0.00770	0.01210	0.00660	0.00770	0.00550	0.00275	0.00275	0.00055	0.00275	0.00220	0.00220	0.89224
93	0.00799	0.10323	0.74091	0.01003	0.01521	0.00912	0.01272	0.01190	0.00790	0.03843	0.00677	0.00780	0.00485	0.00353	0.00342	0.00114	0.00526	0.00270	0.00167	0.00544
94	0.00465	0.00332	0.00446	0.00532	0.00559	0.00313	0.00367	0.00540	0.00724	0.00962	0.02039	0.79249	0.02426	0.01150	0.00477	0.00153	0.00227	0.08389	0.00344	0.00305
95	0.01608	0.00630	0.00866	0.00697	0.03134	0.00548	0.00555	0.01755	0.01056	0.79949	0.04178	0.01304	0.00995	0.00466	0.00375	0.00115	0.00314	0.00382	0.00450	0.00621
96	0.03314	0.04189	0.33932	0.00993	0.01324	0.40765	0.03342	0.01301	0.00896	0.01038	0.00607	0.00728	0.00476	0.00381	0.00388	0.00109	0.05302	0.00261	0.00176	0.00478
97	0.00747	0.01903	0.83542	0.01067	0.01613	0.00863	0.02845	0.01176	0.00785	0.01176	0.00668	0.00788	0.00472	0.00352	0.00354	0.00118	0.00550	0.00277	0.00157	0.00548
98	0.01033	0.78863	0.01865	0.00656	0.00972	0.01438	0.00642	0.09056	0.00850	0.01015	0.00552	0.00624	0.00491	0.00330	0.00251	0.00082	0.00398	0.00212	0.00179	0.00491
99	0.00645	0.00322	0.00484	0.00484	0.00484	0.00322	0.00322	0.00484	0.00484	0.00645	0.00645	0.01128	0.00645	0.01289	0.01451	0.89201	0.00322	0.00322	0.00161	0.00161
100	0.01371	0.09356	0.01194	0.00833	0.01132	0.01182	0.00699	0.75458	0.01650	0.02198	0.00855	0.00863	0.00616	0.00433	0.00358	0.00108	0.00407	0.00321	0.00351	0.00616
101	0.00701	0.00660	0.01113	0.86063	0.02556	0.00825	0.01031	0.00948	0.00742	0.00948	0.00660	0.00990	0.00495	0.00371	0.00371	0.00124	0.00495	0.00330	0.00165	0.00412
102	0.00539	0.00363	0.00420	0.00420	0.00425	0.00368	0.00244	0.00549	0.00544	0.00731	0.01156	0.02353	0.01316	0.80354	0.08445	0.00378	0.00410	0.00529	0.00223	0.00233
103	0.00459	0.00328	0.00439	0.00525	0.00549	0.00307	0.00356	0.00529	0.00717	0.00955	0.02042	0.82835	0.02440	0.01156	0.00476	0.00152	0.00221	0.04865	0.00344	0.00303
104	0.00770	0.00660	0.00770	0.00550	0.00880	0.00495	0.00440	0.00935	0.00770	0.01210	0.00660	0.00770	0.00550	0.00275	0.00275	0.00055	0.00275	0.00220	0.00220	0.89224
105	0.00877	0.04864	0.01052	0.00906	0.02499	0.12793	0.13234	0.09161	0.00965	0.02317	0.01342	0.02524	0.01349	0.00705	0.00462	0.00141	0.02602	0.41499	0.00286	0.00423
106	0.00539	0.00362	0.00414	0.00414	0.00417	0.00365	0.00236	0.00546	0.00542	0.00726	0.01161	0.02383	0.01330	0.83000	0.05817	0.00371	0.00390	0.00533	0.00224	0.00230
107	0.00900	0.00862	0.01472	0.09640	0.77427	0.00877	0.01130	0.01122	0.00836	0.01189	0.00695	0.00925	0.00580	0.00334	0.00368	0.00111	0.00446	0.00331	0.00182	0.00573
108	0.00919	0.00882	0.01507	0.02278	0.84640	0.00882	0.01139	0.01139	0.00845	0.01213	0.00698	0.00919	0.00588	0.00331	0.00367	0.00110	0.00441	0.00331	0.00184	0.00588
109	0.00742	0.00705	0.01201	0.69875	0.16981	0.00837	0.02466	0.00986	0.00763	0.00999	0.00668	0.00977	0.00512	0.00363	0.00372	0.00121	0.00488	0.00332	0.00169	0.00445
110	0.01374	0.01742	0.01046	0.00951	0.01142	0.83107	0.00714	0.01496	0.03365	0.00926	0.00600	0.00689	0.00496	0.00386	0.00336	0.00096	0.00659	0.00244	0.00196	0.00435
111	0.00523	0.00379	0.00492	0.00464	0.00553	0.00349	0.00348	0.00695	0.01044	0.01474	0.81979	0.02797	0.05977	0.00764	0.00438	0.00117	0.00176	0.00675	0.00407	0.00349
112	0.01561	0.00670	0.01008	0.00761	0.01055	0.00588	0.09933	0.01725	0.01041	0.74345	0.02431	0.01253	0.00911	0.00447	0.00381	0.00116	0.00349	0.00384	0.00428	0.00613
113	0.00711	0.00666	0.01100	0.82054	0.02482	0.00829	0.01010	0.00996	0.04653	0.00977	0.00700	0.01008	0.00525	0.00377	0.00371	0.00124	0.00485	0.00334	0.00175	0.00421
114	0.00897	0.00860	0.01468	0.10445	0.76638	0.00876	0.01129	0.01121	0.00835	0.01187	0.00694	0.00926	0.00579	0.00335	0.00368	0.00112	0.00446	0.00331	0.00182	0.00571
115	0.00950	0.00873	0.01410	0.02072	0.73817	0.03625	0.01059	0.01156	0.00857	0.05396	0.00795	0.04872	0.00687	0.00377	0.00372	0.00112	0.00432	0.00363	0.00205	0.00572
116	0.00898	0.00713	0.00881	0.00780	0.10134	0.00613	0.00551	0.09322	0.03457	0.06324	0.04405	0.00934	0.00730	0.00337	0.00311	0.00075	0.00305	0.00278	0.00258	0.58692
117	0.00958	0.00866	0.02196	0.01880	0.62902	0.00871	0.01006	0.08297	0.04370	0.03951	0.00886	0.01074	0.03407	0.00389	0.00393	0.00113	0.02593	0.01524	0.00224	0.02101

[dist]
# distance from previous block
# <min> <max>
2	12

[block]
# block no. 3 follows, 74 sequences, length 65
# corresponding to MSA columns:
# 251-315
name=unknown_D
#
# <colnr> <probs for GDERKNQSTAVLIFYWHMCP>
#	G	D	E	R	K	N	Q	S	T	A	V	L	I	F	Y	W	H	M	C	P
0	0.05401	0.01637	0.62733	0.01275	0.17592	0.00866	0.03043	0.01164	0.00790	0.01208	0.00666	0.00805	0.00491	0.00347	0.00351	0.00116	0.00516	0.00285	0.00166	0.00548
1	0.05570	0.05547	0.02610	0.01887	0.63304	0.07190	0.01011	0.02350	0.03388	0.01221	0.00696	0.00876	0.00579	0.00341	0.00350	0.00107	0.00441	0.00310	0.00194	0.02026
2	0.00946	0.00946	0.01442	0.07454	0.72127	0.08302	0.01095	0.01157	0.00857	0.01169	0.00685	0.00901	0.00572	0.00338	0.00365	0.00110	0.00464	0.00323	0.00183	0.00563
3	0.00592	0.00535	0.07488	0.00523	0.00675	0.00408	0.00444	0.00783	0.00998	0.03958	0.64696	0.02449	0.06903	0.00688	0.00416	0.00112	0.00218	0.00601	0.00372	0.07139
