[name]
unknown

[dist]
# distance from previous block
# <min> <max>
0	13

[block]
# block no. 0 follows, 73 sequences, length 13
# corresponding to MSA columns:
# 13-25
name=unknown_A
#
# <colnr> <probs for GDERKNQSTAVLIFYWHMCP>
#	G	D	E	R	K	N	Q	S	T	A	V	L	I	F	Y	W	H	M	C	P
0	0.00575	0.00406	0.00490	0.00489	0.00531	0.00417	0.00327	0.04950	0.00672	0.00900	0.01445	0.12358	0.07114	0.48097	0.16825	0.00347	0.00454	0.03059	0.00257	0.00288
1	0.00890	0.01014	0.05300	0.01374	0.05503	0.03861	0.48351	0.01217	0.08208	0.01163	0.00759	0.00982	0.00599	0.00410	0.00592	0.00132	0.18549	0.00398	0.00200	0.00498
2	0.01575	0.00640	0.00853	0.00664	0.00939	0.00570	0.00545	0.03807	0.04379	0.74169	0.06632	0.01368	0.01093	0.00485	0.00381	0.00117	0.00312	0.00397	0.00456	0.00619
3	0.00525	0.00369	0.00428	0.00425	0.00464	0.00353	0.00270	0.00582	0.00717	0.00960	0.21352	0.06257	0.12994	0.51247	0.01304	0.00265	0.00290	0.00632	0.00293	0.00273
4	0.00463	0.00379	0.00409	0.00405	0.00520	0.00325	0.00302	0.00575	0.00897	0.01120	0.21512	0.06035	0.63921	0.00917	0.00444	0.00126	0.00188	0.00775	0.00363	0.00325
5	0.00533	0.00361	0.00444	0.00483	0.00513	0.00352	0.00327	0.00597	0.00685	0.00932	0.04432	0.29752	0.03454	0.37113	0.01070	0.00238	0.00292	0.12075	0.06064	0.00283
6	0.00645	0.00347	0.00373	0.00388	0.00463	0.00341	0.00283	0.00799	0.00785	0.01318	0.04938	0.17960	0.01366	0.00594	0.00312	0.00101	0.00183	0.00503	0.67959	0.00341
7	0.72403	0.00931	0.00651	0.00585	0.00810	0.17207	0.00468	0.01179	0.00721	0.01535	0.00534	0.00622	0.00421	0.00356	0.00253	0.00112	0.00365	0.00211	0.00225	0.00412
8	0.04802	0.08349	0.05841	0.06852	0.29725	0.03453	0.08887	0.18838	0.01027	0.01431	0.00719	0.00868	0.00565	0.00358	0.00354	0.00108	0.00450	0.00315	0.00227	0.06830
9	0.72408	0.00789	0.00663	0.00565	0.00810	0.00904	0.00466	0.17013	0.00857	0.01815	0.00596	0.00666	0.00451	0.00368	0.00260	0.00115	0.00314	0.00229	0.00260	0.00451
10	0.03489	0.01056	0.02366	0.06535	0.26025	0.21257	0.02529	0.08565	0.02604	0.06238	0.01836	0.03903	0.00695	0.00518	0.03317	0.00133	0.07851	0.00346	0.00232	0.00506
11	0.06805	0.02444	0.03400	0.09135	0.08231	0.34748	0.07174	0.04207	0.00979	0.15919	0.00800	0.02003	0.00606	0.00401	0.00367	0.00110	0.01618	0.00311	0.00247	0.00495
12	0.05292	0.00361	0.00459	0.00522	0.00567	0.00347	0.00364	0.00592	0.00769	0.01081	0.13458	0.66353	0.02502	0.01067	0.00462	0.00147	0.00222	0.04766	0.00351	0.00319

[dist]
# distance from previous block
# <min> <max>
5	47

[block]
# block no. 1 follows, 73 sequences, length 39
# corresponding to MSA columns:
# 79-117
name=unknown_B
#
# <colnr> <probs for GDERKNQSTAVLIFYWHMCP>
#	G	D	E	R	K	N	Q	S	T	A	V	L	I	F	Y	W	H	M	C	P
0	0.01044	0.03601	0.05042	0.02405	0.02603	0.03987	0.00687	0.23168	0.33289	0.03029	0.03118	0.03230	0.00919	0.00493	0.00440	0.00120	0.07269	0.00381	0.00324	0.04852
1	0.60990	0.00732	0.00697	0.08838	0.04220	0.00842	0.00529	0.06211	0.06353	0.01589	0.00706	0.02496	0.00579	0.01798	0.00308	0.00123	0.00326	0.01980	0.00248	0.00436
2	0.00574	0.00443	0.01733	0.02641	0.00689	0.00403	0.01991	0.01709	0.02949	0.04244	0.22134	0.22766	0.25300	0.00921	0.01463	0.00140	0.00250	0.08935	0.00357	0.00358
3	0.00948	0.00740	0.00845	0.00633	0.00940	0.00658	0.00509	0.17363	0.06612	0.05197	0.03963	0.00943	0.00741	0.00354	0.00315	0.00077	0.00304	0.00283	0.00281	0.58294
4	0.00934	0.07633	0.01558	0.02173	0.77940	0.00938	0.01112	0.01149	0.00847	0.01199	0.00691	0.00903	0.00585	0.00333	0.00361	0.00109	0.00442	0.00324	0.00184	0.00585
5	0.01527	0.00649	0.00846	0.00652	0.00933	0.00576	0.00535	0.06366	0.02215	0.67251	0.01368	0.01225	0.00887	0.00448	0.00362	0.00110	0.00312	0.00362	0.05730	0.07645
6	0.00476	0.00345	0.00447	0.00521	0.00558	0.00323	0.00356	0.01864	0.00750	0.00989	0.02182	0.76448	0.08847	0.01142	0.00475	0.00150	0.00222	0.03243	0.00349	0.00312
7	0.00461	0.00332	0.00438	0.00522	0.00550	0.00309	0.00354	0.00531	0.00728	0.00965	0.02134	0.80738	0.05708	0.01162	0.00479	0.00152	0.00221	0.03562	0.00348	0.00306
8	0.00778	0.00667	0.00778	0.00556	0.00889	0.00500	0.00445	0.00945	0.00778	0.01223	0.00667	0.00778	0.00556	0.00278	0.00278	0.00056	0.00278	0.00222	0.00222	0.89108
9	0.00499	0.00383	0.00459	0.00450	0.00550	0.00342	0.00340	0.00642	0.00964	0.01284	0.47401	0.05772	0.33870	0.00862	0.00448	0.00125	0.00191	0.04697	0.00383	0.00338
10	0.12757	0.00633	0.00800	0.00627	0.00898	0.00577	0.00516	0.01682	0.01002	0.69430	0.01344	0.01199	0.00864	0.00448	0.00352	0.00114	0.00307	0.00354	0.05501	0.00593
11	0.02829	0.01655	0.01067	0.00954	0.01149	0.75405	0.03999	0.01432	0.01049	0.00978	0.05594	0.00816	0.00668	0.00406	0.00347	0.00099	0.00638	0.00275	0.00207	0.00432
12	0.00780	0.00830	0.07821	0.44476	0.31452	0.00829	0.01067	0.01030	0.00809	0.01104	0.05657	0.01066	0.00712	0.00382	0.00376	0.00119	0.00466	0.00350	0.00187	0.00487
13	0.00884	0.00701	0.00836	0.01535	0.00937	0.00595	0.00501	0.06406	0.00849	0.06916	0.00725	0.00825	0.00581	0.00329	0.00357	0.00072	0.06134	0.00249	0.00244	0.70325
14	0.00580	0.00416	0.00574	0.00652	0.00732	0.00410	0.00554	0.00738	0.00856	0.01119	0.06059	0.13687	0.04496	0.01037	0.00508	0.00166	0.00318	0.66407	0.00349	0.00340
15	0.00455	0.00365	0.00405	0.00428	0.00519	0.00317	0.00307	0.00546	0.00825	0.01027	0.08941	0.27086	0.53786	0.02651	0.00482	0.00138	0.00200	0.00857	0.00351	0.00314
16	0.02859	0.06870	0.49297	0.00982	0.01384	0.02505	0.04927	0.05518	0.03092	0.03496	0.00789	0.01041	0.00629	0.00479	0.02079	0.00133	0.08017	0.05181	0.00201	0.00520
17	0.02267	0.00452	0.00655	0.00637	0.00698	0.00546	0.00499	0.00700	0.00599	0.00886	0.00946	0.01412	0.00891	0.04587	0.72720	0.00541	0.10030	0.00394	0.00198	0.00342
18	0.00648	0.00462	0.00577	0.00527	0.00648	0.00448	0.00404	0.02771	0.09926	0.04858	0.66221	0.02531	0.03007	0.00714	0.00430	0.00119	0.00207	0.02509	0.00405	0.02589
19	0.00455	0.00334	0.00427	0.00502	0.00539	0.00306	0.00339	0.00525	0.00738	0.00966	0.02318	0.74581	0.14309	0.01143	0.00474	0.00149	0.00214	0.01027	0.00348	0.00306
20	0.00944	0.53602	0.21229	0.05936	0.05297	0.02115	0.00868	0.04295	0.00815	0.01033	0.00590	0.00698	0.00493	0.00339	0.00288	0.00095	0.00448	0.00239	0.00170	0.00506
21	0.00652	0.00326	0.00489	0.00489	0.00489	0.00326	0.00326	0.00489	0.00489	0.00652	0.00652	0.01140	0.00652	0.01303	0.01466	0.89084	0.00326	0.00326	0.00163	0.00163
22	0.00685	0.00348	0.00355	0.00360	0.00444	0.00347	0.00267	0.00853	0.00783	0.01372	0.01274	0.06495	0.01053	0.00481	0.00275	0.00091	0.00177	0.00393	0.83600	0.00347
23	0.00857	0.33411	0.34579	0.00950	0.06230	0.01061	0.05289	0.01110	0.00774	0.02166	0.00704	0.03682	0.00610	0.04970	0.00422	0.00119	0.02086	0.00304	0.00177	0.00500
24	0.00865	0.02379	0.06747	0.07852	0.20235	0.00906	0.42848	0.01207	0.07153	0.01204	0.00842	0.02949	0.00679	0.00374	0.00411	0.00123	0.00532	0.01967	0.00206	0.00521
25	0.04929	0.00623	0.00826	0.00642	0.00918	0.00547	0.00528	0.01713	0.01046	0.75609	0.03436	0.01400	0.05036	0.00491	0.00376	0.00117	0.00309	0.00398	0.00449	0.00608
26	0.09100	0.13130	0.00982	0.00676	0.00893	0.14367	0.05199	0.04081	0.00832	0.04285	0.03767	0.03027	0.00874	0.16101	0.00608	0.00143	0.00400	0.02569	0.00236	0.18731
27	0.00576	0.00432	0.00441	0.00441	0.00459	0.04501	0.00262	0.00590	0.00599	0.00766	0.01358	0.07023	0.06345	0.72794	0.01667	0.00325	0.00361	0.00574	0.00240	0.00247
28	0.03187	0.00884	0.01140	0.04982	0.23512	0.02652	0.02577	0.28634	0.04044	0.03879	0.00829	0.02124	0.00649	0.00419	0.01454	0.00109	0.00405	0.00326	0.00274	0.17920
29	0.00935	0.01388	0.37905	0.03454	0.23097	0.04372	0.06708	0.09231	0.02726	0.04454	0.00759	0.00893	0.00567	0.00396	0.01395	0.00122	0.00512	0.00318	0.00207	0.00563
30	0.00488	0.00381	0.00443	0.00430	0.00535	0.00335	0.00321	0.00624	0.00957	0.01261	0.44569	0.05129	0.41457	0.00863	0.00444	0.00123	0.00184	0.00741	0.00381	0.00335
31	0.02319	0.01059	0.00848	0.00764	0.00941	0.29941	0.00581	0.07134	0.27111	0.02118	0.08605	0.03731	0.06643	0.04742	0.00463	0.00127	0.01677	0.00420	0.00304	0.00472
32	0.00487	0.00367	0.00450	0.00460	0.00541	0.00330	0.00333	0.00611	0.00911	0.01220	0.39680	0.25872	0.25511	0.00929	0.00453	0.00130	0.00192	0.00816	0.00378	0.00330
33	0.00615	0.00396	0.00507	0.00477	0.00577	0.00362	0.00357	0.00773	0.01001	0.07733	0.60699	0.09005	0.09055	0.01910	0.00451	0.00123	0.00194	0.00676	0.04721	0.00367
34	0.04646	0.00551	0.00626	0.00545	0.00720	0.00551	0.00427	0.04845	0.15215	0.21082	0.12584	0.01769	0.10447	0.02610	0.00397	0.00118	0.00252	0.00459	0.21687	0.00469
35	0.03850	0.32029	0.08088	0.00802	0.01071	0.07270	0.05491	0.13504	0.04169	0.01210	0.00727	0.02941	0.00623	0.00609	0.07045	0.01447	0.06388	0.00302	0.00217	0.02217
36	0.03200	0.11288	0.08045	0.00811	0.04349	0.05050	0.02905	0.13667	0.08881	0.08828	0.05864	0.03458	0.04587	0.00480	0.00394	0.00109	0.04286	0.02163	0.00286	0.11348
37	0.05461	0.18556	0.30650	0.01922	0.03629	0.02033	0.01852	0.06975	0.02943	0.16046	0.00878	0.02706	0.00673	0.00417	0.00351	0.00113	0.01472	0.02536	0.00248	0.00539
38	0.01111	0.29791	0.16127	0.00842	0.01174	0.05332	0.03351	0.23119	0.05685	0.05618	0.00763	0.00818	0.00585	0.00395	0.00361	0.00106	0.03742	0.00286	0.00248	0.00546

[dist]
# distance from previous block
# <min> <max>
0	35

[block]
# block no. 2 follows, 73 sequences, length 8
# corresponding to MSA columns:
# 153-160
name=unknown_C
#
# <colnr> <probs for GDERKNQSTAVLIFYWHMCP>
#	G	D	E	R	K	N	Q	S	T	A	V	L	I	F	Y	W	H	M	C	P
0	0.06215	0.12029	0.23183	0.02379	0.06288	0.05411	0.03816	0.05307	0.05291	0.12786	0.03659	0.01015	0.02861	0.00412	0.00369	0.00110	0.02913	0.00321	0.00250	0.05384
1	0.00914	0.08424	0.11360	0.00958	0.07288	0.00767	0.14875	0.07312	0.03613	0.11162	0.10896	0.06352	0.04712	0.01802	0.00413	0.00120	0.00396	0.03441	0.00286	0.04911
2	0.00469	0.00375	0.00420	0.00431	0.00534	0.00327	0.00321	0.00578	0.00874	0.01101	0.18363	0.15478	0.54018	0.00953	0.00452	0.00131	0.00198	0.04296	0.00360	0.00323
3	0.02514	0.02507	0.16623	0.05759	0.17788	0.03431	0.19724	0.08966	0.07346	0.04822	0.00862	0.02706	0.00681	0.00406	0.00407	0.00121	0.02543	0.02025	0.00232	0.00538
4	0.01014	0.09631	0.22235	0.03607	0.12453	0.04569	0.12772	0.06572	0.02937	0.13080	0.02675	0.03446	0.00724	0.00402	0.00368	0.00113	0.00468	0.00353	0.00244	0.02337
5	0.17792	0.00663	0.05185	0.03415	0.00884	0.00623	0.02046	0.05535	0.03988	0.20744	0.13879	0.02957	0.05844	0.04265	0.10388	0.00185	0.00394	0.00428	0.00325	0.00460
6	0.00530	0.00367	0.00464	0.00487	0.00560	0.00333	0.00347	0.00638	0.00864	0.04689	0.27810	0.42087	0.17471	0.00978	0.00457	0.00136	0.00204	0.00868	0.00373	0.00336
7	0.00999	0.20620	0.15628	0.03641	0.15232	0.03303	0.10902	0.04407	0.07244	0.10037	0.00898	0.02312	0.02367	0.00393	0.00352	0.00110	0.00450	0.00337	0.00233	0.00538

[dist]
# distance from previous block
# <min> <max>
8	52

[block]
# block no. 3 follows, 73 sequences, length 7
# corresponding to MSA columns:
# 215-221
name=unknown_D
#
# <colnr> <probs for GDERKNQSTAVLIFYWHMCP>
#	G	D	E	R	K	N	Q	S	T	A	V	L	I	F	Y	W	H	M	C	P
0	0.07547	0.04722	0.00974	0.02930	0.06883	0.09748	0.03249	0.12937	0.02661	0.04914	0.02103	0.01012	0.04499	0.00396	0.00345	0.00094	0.02369	0.00308	0.04444	0.27863
1	0.00485	0.00382	0.00429	0.00435	0.00535	0.00339	0.00326	0.00593	0.00861	0.01089	0.18598	0.06638	0.50345	0.08841	0.00587	0.00152	0.00219	0.08478	0.00349	0.00318
2	0.03387	0.14151	0.18880	0.06289	0.07888	0.20284	0.04502	0.12074	0.05270	0.01253	0.00702	0.00812	0.00548	0.00381	0.00358	0.00109	0.02096	0.00287	0.00213	0.00515
3	0.00559	0.00402	0.00464	0.00463	0.00542	0.00392	0.00333	0.00721	0.06106	0.01108	0.17043	0.06888	0.21836	0.21781	0.04847	0.00206	0.00285	0.05846	0.09851	0.00325
4	0.00552	0.00383	0.00453	0.00456	0.00544	0.00351	0.00332	0.00655	0.00826	0.04474	0.17032	0.14764	0.31275	0.13230	0.03541	0.00179	0.00258	0.05446	0.04923	0.00326
5	0.16182	0.02975	0.12306	0.00904	0.06457	0.04630	0.06091	0.11866	0.08334	0.07931	0.02750	0.05127	0.01993	0.00461	0.00363	0.00119	0.00403	0.00366	0.00287	0.10455
6	0.00936	0.00634	0.00771	0.00725	0.05118	0.00668	0.00525	0.16200	0.11469	0.13079	0.06198	0.09256	0.05503	0.16709	0.04035	0.00189	0.03981	0.03210	0.00333	0.00461

[dist]
# distance from previous block
# <min> <max>
2	6

[block]
# block no. 4 follows, 73 sequences, length 10
# corresponding to MSA columns:
# 228-237
name=unknown_E
#
# <colnr> <probs for GDERKNQSTAVLIFYWHMCP>
#	G	D	E	R	K	N	Q	S	T	A	V	L	I	F	Y	W	H	M	C	P
0	0.03612	0.01087	0.02823	0.00873	0.03362	0.23348	0.02073	0.17561	0.17091	0.07259	0.01882	0.01079	0.00777	0.05032	0.04441	0.00151	0.06409	0.00345	0.00287	0.00510
1	0.01069	0.00988	0.05210	0.00807	0.01049	0.08420	0.00663	0.23165	0.45715	0.01684	0.04212	0.03284	0.01037	0.00500	0.00379	0.00121	0.00368	0.00402	0.00352	0.00574
2	0.78080	0.00741	0.00604	0.00529	0.00766	0.00849	0.00434	0.04977	0.04359	0.04942	0.00621	0.00684	0.00470	0.00365	0.00251	0.00116	0.00297	0.00226	0.00254	0.00434
3	0.02778	0.15905	0.44037	0.00906	0.01321	0.00932	0.04171	0.08646	0.00887	0.06982	0.00811	0.05797	0.00651	0.00454	0.01857	0.00121	0.00479	0.00328	0.00216	0.02721
4	0.00650	0.00442	0.00510	0.00496	0.01950	0.00405	0.00368	0.03633	0.02793	0.08591	0.16784	0.06744	0.40185	0.05122	0.00499	0.00136	0.00229	0.03896	0.06195	0.00372
5	0.00474	0.00347	0.00436	0.00490	0.00535	0.00320	0.00336	0.00552	0.00763	0.01005	0.10241	0.55695	0.15526	0.08386	0.00593	0.00164	0.00225	0.03264	0.00344	0.00306
6	0.00866	0.00775	0.03311	0.02588	0.09086	0.03280	0.22463	0.05975	0.03335	0.07547	0.03998	0.05144	0.00980	0.03078	0.17051	0.00225	0.03740	0.04597	0.01498	0.00464
7	0.00940	0.05441	0.12528	0.03732	0.15024	0.09581	0.07567	0.06590	0.01933	0.05393	0.02774	0.03769	0.04388	0.00549	0.03116	0.00136	0.13442	0.00375	0.02233	0.00491
8	0.00655	0.07873	0.18730	0.00672	0.00864	0.00617	0.00629	0.05738	0.03054	0.01121	0.05372	0.36032	0.06744	0.05657	0.00517	0.00146	0.01955	0.02934	0.00287	0.00402
9	0.00683	0.00465	0.00644	0.04299	0.06931	0.00472	0.00485	0.00837	0.04541	0.09775	0.03384	0.34140	0.06927	0.05869	0.15287	0.00229	0.01692	0.00683	0.02272	0.00385

[dist]
# distance from previous block
# <min> <max>
2	11

[block]
# block no. 5 follows, 73 sequences, length 27
# corresponding to MSA columns:
# 249-275
name=unknown_F
#
# <colnr> <probs for GDERKNQSTAVLIFYWHMCP>
#	G	D	E	R	K	N	Q	S	T	A	V	L	I	F	Y	W	H	M	C	P
0	0.00671	0.00727	0.08722	0.03227	0.00866	0.05435	0.03204	0.04332	0.01760	0.02139	0.03948	0.06343	0.41322	0.02021	0.00487	0.00125	0.06176	0.00586	0.00290	0.07619
1	0.02811	0.04221	0.02298	0.01934	0.18412	0.09614	0.00717	0.09243	0.16686	0.04644	0.02725	0.07238	0.01571	0.00636	0.05601	0.00146	0.04075	0.01630	0.00275	0.05525
2	0.16526	0.02730	0.06074	0.01815	0.07498	0.06896	0.10589	0.17986	0.04742	0.08992	0.00904	0.05109	0.00729	0.00492	0.02222	0.00127	0.01295	0.01833	0.00277	0.03166
3	0.01058	0.52208	0.03993	0.00878	0.07257	0.19169	0.00735	0.01186	0.00817	0.00926	0.00549	0.00668	0.00491	0.00368	0.00366	0.00095	0.08358	0.00233	0.00170	0.00476
4	0.00540	0.00369	0.00430	0.00440	0.00450	0.00371	0.00261	0.00575	0.02080	0.00780	0.01299	0.13639	0.01490	0.69870	0.05591	0.00342	0.00373	0.00606	0.00245	0.00249
5	0.00531	0.00389	0.00485	0.00473	0.00572	0.00354	0.00363	0.00685	0.00985	0.02558	0.53950	0.05065	0.23160	0.00841	0.00449	0.00126	0.00199	0.08077	0.00390	0.00347
6	0.00480	0.00357	0.00437	0.00466	0.00528	0.00325	0.00324	0.00576	0.00824	0.01091	0.23372	0.38108	0.22270	0.08366	0.00584	0.00156	0.00213	0.00857	0.00354	0.00314
7	0.00461	0.00330	0.00439	0.00520	0.00545	0.00308	0.00349	0.00533	0.00738	0.00989	0.06718	0.81831	0.02541	0.01152	0.00477	0.00150	0.00215	0.01045	0.00352	0.00308
8	0.05811	0.00679	0.00774	0.00560	0.00886	0.00535	0.00449	0.02931	0.00794	0.01276	0.00664	0.00771	0.00549	0.00286	0.00278	0.00060	0.00282	0.00224	0.00227	0.81964
9	0.00769	0.00417	0.00425	0.00399	0.00507	0.00428	0.00306	0.08818	0.00881	0.01492	0.01193	0.01351	0.00930	0.00438	0.00273	0.00090	0.00198	0.00349	0.80358	0.00377
10	0.01003	0.87041	0.01966	0.00642	0.00963	0.01485	0.00642	0.01123	0.00762	0.00883	0.00522	0.00602	0.00481	0.00321	0.00241	0.00080	0.00401	0.00201	0.00160	0.00481
11	0.00538	0.00362	0.00414	0.00422	0.00428	0.00360	0.00244	0.00548	0.00570	0.00757	0.01313	0.08793	0.03050	0.77235	0.01750	0.00340	0.00349	0.02048	0.00241	0.00237
12	0.00462	0.00380	0.00408	0.00409	0.00524	0.00325	0.00307	0.00572	0.00884	0.01096	0.17101	0.06963	0.65511	0.00931	0.00446	0.00127	0.00193	0.02681	0.00359	0.00323
13	0.00964	0.00821	0.00866	0.00770	0.00987	0.00948	0.00601	0.07113	0.78627	0.01620	0.01488	0.01368	0.01113	0.00505	0.00381	0.00126	0.00304	0.00419	0.00381	0.00597
14	0.01081	0.64665	0.05226	0.00731	0.01034	0.19968	0.00691	0.01209	0.00830	0.00903	0.00541	0.00626	0.00482	0.00337	0.00267	0.00085	0.00468	0.00213	0.00168	0.00474
15	0.00466	0.00353	0.00431	0.00470	0.00536	0.00317	0.00330	0.00561	0.00822	0.01074	0.17511	0.46421	0.27281	0.01034	0.00462	0.00138	0.00202	0.00914	0.00360	0.00317
16	0.00802	0.04065	0.03028	0.05549	0.01018	0.00588	0.00520	0.03519	0.00807	0.01229	0.00669	0.00788	0.00550	0.00293	0.00287	0.00064	0.00307	0.00233	0.00220	0.75465
17	0.00882	0.00664	0.00789	0.00569	0.00897	0.00506	0.00457	0.01046	0.00812	0.10806	0.00760	0.00835	0.00599	0.00299	0.00289	0.00063	0.00283	0.00240	0.00250	0.78956
18	0.00920	0.01029	0.06684	0.01388	0.01743	0.00940	0.61909	0.10975	0.00988	0.01351	0.05625	0.01086	0.00743	0.00369	0.00448	0.00125	0.02510	0.00432	0.00223	0.00514
19	0.00629	0.05512	0.00678	0.00541	0.00682	0.00511	0.03600	0.07528	0.02894	0.01377	0.42822	0.05803	0.24484	0.00756	0.00425	0.00120	0.00235	0.00653	0.00366	0.00384
20	0.00479	0.00344	0.00432	0.00487	0.00521	0.00322	0.00324	0.00544	0.00723	0.00954	0.06611	0.55677	0.11173	0.17061	0.00740	0.00187	0.00242	0.02554	0.00329	0.00295
21	0.00532	0.00453	0.00474	0.00480	0.01945	0.03184	0.00346	0.02341	0.02613	0.01110	0.15020	0.10769	0.54000	0.03143	0.01784	0.00140	0.00235	0.00745	0.00346	0.00340
22	0.00898	0.32395	0.40645	0.00889	0.01285	0.04670	0.01007	0.04333	0.00811	0.01086	0.00616	0.00736	0.00493	0.00411	0.01779	0.00115	0.06892	0.00256	0.00170	0.00512
23	0.01038	0.00790	0.05292	0.05917	0.01335	0.00712	0.26991	0.01329	0.07158	0.25735	0.13129	0.01498	0.03063	0.00481	0.00425	0.00124	0.01738	0.02407	0.00321	0.00517
24	0.00569	0.00429	0.00578	0.00561	0.00593	0.00495	0.00404	0.00642	0.00576	0.00814	0.01026	0.01818	0.01071	0.37800	0.41683	0.00457	0.09523	0.00455	0.00208	0.00298
25	0.00696	0.00617	0.01013	0.60790	0.02049	0.00726	0.04508	0.01761	0.00762	0.02801	0.01031	0.08546	0.05625	0.06927	0.00505	0.00145	0.00449	0.00444	0.00207	0.00398
26	0.05537	0.01424	0.01114	0.05891	0.01258	0.51949	0.06857	0.13946	0.01113	0.04465	0.00694	0.00791	0.00539	0.00393	0.00349	0.00104	0.00579	0.00283	0.02239	0.00475

[dist]
# distance from previous block
# <min> <max>
0	40

[block]
# block no. 6 follows, 73 sequences, length 18
# corresponding to MSA columns:
# 316-333
name=unknown_G
#
# <colnr> <probs for GDERKNQSTAVLIFYWHMCP>
#	G	D	E	R	K	N	Q	S	T	A	V	L	I	F	Y	W	H	M	C	P
0	0.00836	0.00791	0.01196	0.48885	0.15053	0.04422	0.05676	0.06969	0.05727	0.01154	0.00878	0.01134	0.03764	0.00410	0.00382	0.00122	0.00475	0.01446	0.00209	0.00472
1	0.01087	0.36919	0.05751	0.04726	0.03465	0.08627	0.05227	0.13654	0.02890	0.06047	0.00707	0.00785	0.00561	0.00360	0.00311	0.00095	0.00436	0.00269	0.00226	0.07854
2	0.00986	0.36953	0.14852	0.00784	0.04095	0.02338	0.00742	0.08442	0.00888	0.07745	0.00907	0.02991	0.05580	0.00417	0.00344	0.00099	0.03364	0.00307	0.00226	0.07941
3	0.03564	0.28633	0.09551	0.00909	0.07508	0.17927	0.00760	0.13343	0.06043	0.05085	0.02883	0.00841	0.00651	0.00388	0.00321	0.00101	0.00457	0.00281	0.00236	0.00520
4	0.01138	0.27196	0.01328	0.00824	0.01073	0.33092	0.05488	0.07107	0.07949	0.02772	0.00967	0.01012	0.07688	0.00427	0.00331	0.00100	0.00492	0.00313	0.00231	0.00475
5	0.00471	0.00354	0.00438	0.00488	0.00549	0.00321	0.00347	0.00564	0.00805	0.01048	0.12367	0.49363	0.24741	0.01058	0.00467	0.00142	0.00213	0.05594	0.00356	0.00316
6	0.36681	0.00622	0.00664	0.00569	0.00794	0.00631	0.00468	0.01308	0.00854	0.34193	0.03216	0.03307	0.04097	0.00507	0.00333	0.00121	0.00294	0.07276	0.03580	0.00483
7	0.00588	0.00437	0.00569	0.00632	0.00712	0.00441	0.00508	0.00821	0.09824	0.01128	0.04501	0.29908	0.04023	0.01013	0.00487	0.00159	0.00291	0.43246	0.00352	0.00359
8	0.10230	0.00755	0.00842	0.00701	0.00928	0.00802	0.00561	0.29826	0.12117	0.19439	0.03679	0.10683	0.01995	0.01699	0.02976	0.00139	0.00351	0.01364	0.00371	0.00542
9	0.00528	0.00374	0.00445	0.00434	0.00517	0.00344	0.00314	0.00661	0.00911	0.01270	0.44515	0.06543	0.20409	0.11114	0.00601	0.00148	0.00204	0.00670	0.09669	0.00328
10	0.00739	0.00518	0.00723	0.02508	0.01539	0.01489	0.02764	0.02535	0.00689	0.08426	0.01940	0.02218	0.00932	0.13230	0.35121	0.05650	0.11659	0.00407	0.06549	0.00364
11	0.00549	0.00422	0.00629	0.00621	0.00685	0.00501	0.00486	0.00681	0.00602	0.00872	0.00981	0.01443	0.00917	0.02711	0.81336	0.00582	0.05046	0.00398	0.00199	0.00339
12	0.00878	0.00918	0.04228	0.19596	0.36730	0.08823	0.02148	0.01108	0.03438	0.01095	0.00729	0.02470	0.00616	0.00522	0.04653	0.00143	0.08880	0.00341	0.00190	0.02492
13	0.01331	0.01562	0.01066	0.00971	0.03781	0.63647	0.00722	0.11317	0.04136	0.01140	0.00659	0.00746	0.00533	0.00398	0.00363	0.00100	0.02511	0.00264	0.00223	0.04532
14	0.04471	0.00972	0.02262	0.06523	0.06598	0.10167	0.23662	0.13541	0.12480	0.03855	0.02392	0.01092	0.02420	0.01279	0.00396	0.00117	0.00468	0.00375	0.02205	0.04724
15	0.00541	0.00405	0.00530	0.00565	0.03223	0.00384	0.02328	0.00624	0.01953	0.00943	0.04634	0.37209	0.06971	0.30292	0.00950	0.00216	0.00289	0.03280	0.00295	0.04368
16	0.04987	0.24869	0.45963	0.00900	0.01338	0.02377	0.02132	0.08165	0.00875	0.04194	0.00673	0.00760	0.00505	0.00358	0.00323	0.00107	0.00483	0.00263	0.00193	0.00535
17	0.01061	0.01032	0.00963	0.00805	0.01020	0.26249	0.07582	0.12481	0.07346	0.06877	0.01488	0.01519	0.18828	0.02456	0.00441	0.00117	0.03159	0.00423	0.00286	0.05868

[dist]
# distance from previous block
# <min> <max>
2	14

[block]
# block no. 7 follows, 73 sequences, length 8
# corresponding to MSA columns:
# 350-357
name=unknown_H
#
# <colnr> <probs for GDERKNQSTAVLIFYWHMCP>
#	G	D	E	R	K	N	Q	S	T	A	V	L	I	F	Y	W	H	M	C	P
0	0.00989	0.00958	0.02328	0.02948	0.20056	0.11858	0.09057	0.09618	0.09479	0.03150	0.02640	0.02162	0.01814	0.01873	0.00435	0.00112	0.04848	0.00351	0.00247	0.15080
1	0.02744	0.20865	0.01084	0.00748	0.03509	0.21398	0.00575	0.08685	0.03812	0.02388	0.00852	0.01287	0.00809	0.19986	0.05646	0.00190	0.01776	0.03000	0.00227	0.00422
2	0.00527	0.00389	0.00540	0.00543	0.00602	0.00425	0.00402	0.00635	0.00646	0.00902	0.06553	0.06224	0.07156	0.16446	0.55730	0.00476	0.00748	0.00505	0.00237	0.00315
3	0.00843	0.00723	0.00782	0.00704	0.00897	0.00807	0.00545	0.01657	0.62131	0.01451	0.04620	0.06948	0.06641	0.00577	0.00409	0.00124	0.02487	0.00481	0.00362	0.06811
4	0.00534	0.00380	0.00473	0.00477	0.00563	0.00346	0.00352	0.00662	0.00915	0.03639	0.39144	0.20100	0.21525	0.04091	0.00507	0.00139	0.00209	0.05231	0.00376	0.00339
5	0.00599	0.00490	0.00708	0.00672	0.00720	0.00610	0.00528	0.00712	0.00593	0.00868	0.00906	0.01401	0.00871	0.08276	0.61138	0.00491	0.19482	0.00396	0.00195	0.00344
6	0.04268	0.00961	0.01084	0.00940	0.07008	0.07001	0.05132	0.37425	0.15073	0.12794	0.01035	0.01032	0.00745	0.00438	0.00369	0.00114	0.00402	0.00352	0.03238	0.00589
7	0.04127	0.15408	0.33070	0.00995	0.04294	0.03155	0.11544	0.05421	0.04659	0.03470	0.00724	0.00829	0.00550	0.00351	0.00338	0.00106	0.00474	0.00291	0.00204	0.09989

[dist]
# distance from previous block
# <min> <max>
0	10

[block]
# block no. 8 follows, 73 sequences, length 8
# corresponding to MSA columns:
# 380-387
name=unknown_I
#
# <colnr> <probs for GDERKNQSTAVLIFYWHMCP>
#	G	D	E	R	K	N	Q	S	T	A	V	L	I	F	Y	W	H	M	C	P
0	0.05344	0.04968	0.00973	0.02740	0.01019	0.09274	0.07123	0.09229	0.03713	0.09723	0.00918	0.01097	0.02204	0.05783	0.00427	0.00109	0.00378	0.01701	0.03634	0.29644
1	0.00760	0.02483	0.00941	0.06680	0.07165	0.02941	0.10575	0.06075	0.03656	0.03118	0.28137	0.01960	0.10597	0.00598	0.00443	0.00120	0.04156	0.02688	0.06480	0.00429
2	0.00476	0.00337	0.00441	0.00517	0.00539	0.00319	0.00346	0.00539	0.00704	0.00937	0.01950	0.71498	0.02322	0.12127	0.00664	0.00180	0.00243	0.05232	0.00333	0.00297
3	0.00457	0.00326	0.00435	0.00522	0.00544	0.00305	0.00348	0.00522	0.00718	0.00958	0.02068	0.86570	0.02481	0.01175	0.00479	0.00152	0.00218	0.01067	0.00348	0.00305
4	0.01003	0.87041	0.01966	0.00642	0.00963	0.01485	0.00642	0.01123	0.00762	0.00883	0.00522	0.00602	0.00481	0.00321	0.00241	0.00080	0.00401	0.00201	0.00160	0.00481
5	0.00706	0.00486	0.00614	0.00566	0.00696	0.00472	0.02700	0.07168	0.04065	0.08738	0.17817	0.13990	0.21511	0.04650	0.07588	0.00179	0.00321	0.05510	0.01835	0.00392
6	0.00574	0.00461	0.00718	0.00672	0.00749	0.00533	0.05125	0.00708	0.00614	0.00884	0.00968	0.01455	0.00910	0.06659	0.71207	0.00537	0.06273	0.00407	0.00199	0.00344
7	0.04146	0.01013	0.03088	0.00905	0.05795	0.04563	0.00708	0.51173	0.14518	0.04854	0.00967	0.00967	0.00704	0.00438	0.00365	0.00112	0.00398	0.00338	0.00344	0.04603

[dist]
# distance from previous block
# <min> <max>
3	7

[block]
# block no. 9 follows, 73 sequences, length 34
# corresponding to MSA columns:
# 395-428
name=unknown_J
#
# <colnr> <probs for GDERKNQSTAVLIFYWHMCP>
#	G	D	E	R	K	N	Q	S	T	A	V	L	I	F	Y	W	H	M	C	P
0	0.00876	0.07442	0.01050	0.08045	0.21691	0.04036	0.02843	0.09774	0.00891	0.05364	0.02975	0.08601	0.03356	0.17116	0.00678	0.00165	0.00398	0.03995	0.00255	0.00451
1	0.02355	0.03859	0.01210	0.00967	0.03825	0.09792	0.10161	0.23329	0.09157	0.06584	0.00826	0.00923	0.00637	0.00451	0.00530	0.00118	0.16920	0.00333	0.00273	0.07749
2	0.00929	0.00913	0.01526	0.06272	0.73825	0.03351	0.05365	0.01155	0.00857	0.01203	0.00703	0.00929	0.00585	0.00337	0.00374	0.00112	0.00465	0.00337	0.00185	0.00576
3	0.07686	0.01603	0.00767	0.00655	0.00816	0.00616	0.02903	0.03523	0.07678	0.23079	0.03710	0.01488	0.01021	0.09790	0.27289	0.00298	0.03973	0.02350	0.00303	0.00450
4	0.00467	0.00338	0.00438	0.00509	0.00543	0.00314	0.00346	0.00540	0.00740	0.00979	0.05291	0.70416	0.09129	0.04779	0.00537	0.00159	0.00224	0.03600	0.00346	0.00306
5	0.02290	0.04463	0.12676	0.03311	0.25389	0.00912	0.23699	0.03689	0.01984	0.04379	0.00775	0.03565	0.00632	0.00394	0.00451	0.00120	0.07325	0.00371	0.00206	0.03370
6	0.00497	0.00382	0.00435	0.00441	0.00543	0.00336	0.00325	0.00618	0.01872	0.02745	0.20669	0.18971	0.47887	0.00940	0.00449	0.00130	0.00198	0.01866	0.00365	0.00332
7	0.00714	0.00667	0.01097	0.78961	0.02446	0.00806	0.00993	0.00957	0.00752	0.00980	0.00667	0.00982	0.00505	0.00367	0.00367	0.00119	0.00482	0.00324	0.00171	0.07640
8	0.00976	0.02120	0.06746	0.03588	0.04262	0.05188	0.00714	0.16053	0.39835	0.01541	0.01305	0.01617	0.01077	0.00548	0.00395	0.00128	0.00376	0.12653	0.00333	0.00546
9	0.01030	0.00920	0.01580	0.01225	0.04016	0.00977	0.37436	0.12333	0.07710	0.09631	0.00855	0.01013	0.00646	0.00436	0.00584	0.00131	0.18306	0.00393	0.00252	0.00527
10	0.00542	0.00387	0.00532	0.00619	0.00678	0.00378	0.00495	0.00668	0.00802	0.01052	0.02021	0.39379	0.02297	0.01096	0.00501	0.00164	0.00291	0.47424	0.00347	0.00328
11	0.00563	0.00367	0.00460	0.00508	0.00564	0.00351	0.00356	0.01953	0.02535	0.03623	0.06041	0.59665	0.04470	0.00987	0.00437	0.00138	0.00219	0.02593	0.13834	0.00337
12	0.00644	0.00328	0.00483	0.00483	0.00483	0.00328	0.00319	0.00493	0.00493	0.00657	0.00688	0.01231	0.00701	0.07195	0.01497	0.82971	0.00328	0.00341	0.00167	0.00167
13	0.00855	0.00876	0.03668	0.45254	0.26029	0.07596	0.01030	0.02893	0.03385	0.01087	0.00697	0.00952	0.00548	0.00378	0.00398	0.00120	0.03236	0.00327	0.00185	0.00484
14	0.00573	0.00446	0.00631	0.00611	0.00656	0.00532	0.00463	0.00674	0.00588	0.00846	0.00977	0.01593	0.00970	0.19699	0.57831	0.00500	0.11464	0.00422	0.00202	0.00322
15	0.04504	0.03992	0.00860	0.00604	0.00922	0.00630	0.00492	0.09009	0.02678	0.11318	0.00794	0.00849	0.00612	0.00326	0.00298	0.00073	0.00301	0.00255	0.00267	0.61213
16	0.01238	0.08388	0.02078	0.05354	0.12407	0.47174	0.04044	0.03608	0.05145	0.06082	0.00715	0.00813	0.00566	0.00383	0.00346	0.00103	0.00564	0.00283	0.00218	0.00489
17	0.01205	0.00734	0.00855	0.00684	0.00939	0.00733	0.00552	0.22140	0.15226	0.26624	0.08063	0.02647	0.02868	0.00490	0.00370	0.00109	0.00313	0.00399	0.03218	0.11830
18	0.00902	0.00710	0.00820	0.01789	0.07968	0.02522	0.01423	0.13742	0.28239	0.04686	0.11640	0.05562	0.10048	0.00580	0.00388	0.00119	0.00302	0.00490	0.07567	0.00505
19	0.06740	0.00418	0.00493	0.00467	0.00582	0.00387	0.00353	0.00749	0.00955	0.06555	0.46918	0.09575	0.22831	0.00797	0.00427	0.00123	0.00200	0.00686	0.00383	0.00362
20	0.01426	0.01051	0.01126	0.00863	0.01163	0.01163	0.00713	0.83224	0.01764	0.02364	0.00901	0.00901	0.00638	0.00450	0.00375	0.00113	0.00413	0.00338	0.00375	0.00638
21	0.00962	0.00873	0.00975	0.01041	0.15879	0.06253	0.00694	0.05469	0.55875	0.01486	0.03138	0.02724	0.01971	0.00489	0.00380	0.00122	0.00348	0.00413	0.00334	0.00573
22	0.00915	0.04327	0.01382	0.13482	0.46160	0.05833	0.06471	0.04773	0.04540	0.01202	0.00828	0.06872	0.00726	0.00412	0.00378	0.00116	0.00454	0.00386	0.00211	0.00532
23	0.00478	0.00345	0.00448	0.00524	0.00556	0.00324	0.00354	0.02331	0.00747	0.00991	0.02113	0.81300	0.05792	0.01150	0.00475	0.00150	0.00221	0.01039	0.00349	0.00313
24	0.00543	0.00414	0.01844	0.07490	0.00754	0.01238	0.00436	0.00640	0.00759	0.04160	0.03414	0.64651	0.07762	0.01036	0.00461	0.00146	0.00256	0.03327	0.00334	0.00335
25	0.01161	0.25298	0.07591	0.00867	0.01106	0.42265	0.00749	0.04399	0.00928	0.00980	0.00593	0.00717	0.00507	0.00488	0.03783	0.00120	0.07554	0.00250	0.00186	0.00459
26	0.12833	0.00954	0.01008	0.00791	0.01074	0.01051	0.00650	0.59262	0.07958	0.09267	0.00950	0.00934	0.00672	0.00443	0.00357	0.00114	0.00380	0.00330	0.00365	0.00605
27	0.17668	0.00685	0.00708	0.00596	0.00767	0.00746	0.00456	0.29959	0.01038	0.04743	0.00968	0.01384	0.00859	0.26012	0.03586	0.00201	0.00369	0.00378	0.08440	0.00437
28	0.00462	0.00383	0.00406	0.00406	0.00525	0.00327	0.00308	0.00572	0.00884	0.01086	0.14791	0.03525	0.69812	0.00929	0.00446	0.00127	0.00195	0.04137	0.00357	0.00323
29	0.00631	0.00408	0.00560	0.00545	0.00608	0.00439	0.00396	0.00722	0.00625	0.07657	0.01117	0.03105	0.01098	0.29534	0.50331	0.00480	0.00731	0.00456	0.00233	0.00325
30	0.00531	0.00367	0.00440	0.00452	0.00475	0.00363	0.00287	0.00574	0.00643	0.00863	0.08724	0.13460	0.04802	0.56217	0.06234	0.00311	0.00358	0.04368	0.00268	0.00263
31	0.24682	0.00464	0.00431	0.00412	0.00540	0.00488	0.00316	0.00901	0.00741	0.03374	0.01266	0.01526	0.07665	0.07831	0.00419	0.00125	0.00231	0.02473	0.45756	0.00359
32	0.01327	0.07991	0.01161	0.04291	0.04807	0.09782	0.00716	0.49699	0.05482	0.08648	0.00901	0.00920	0.00654	0.00429	0.00360	0.00109	0.00428	0.00324	0.01384	0.00588
33	0.07623	0.00713	0.04941	0.16693	0.03585	0.00740	0.08341	0.01993	0.02152	0.10506	0.02973	0.01214	0.02073	0.04826	0.13731	0.00210	0.11691	0.00372	0.04179	0.01444

[dist]
# distance from previous block
# <min> <max>
0	1

[block]
# block no. 10 follows, 73 sequences, length 8
# corresponding to MSA columns:
# 430-437
name=unknown_K
#
# <colnr> <probs for GDERKNQSTAVLIFYWHMCP>
#	G	D	E	R	K	N	Q	S	T	A	V	L	I	F	Y	W	H	M	C	P
0	0.00893	0.15221	0.27124	0.09926	0.22527	0.00947	0.03840	0.04541	0.00863	0.04360	0.04025	0.00927	0.00660	0.00368	0.00350	0.00110	0.00464	0.00312	0.00200	0.02345
1	0.00672	0.00443	0.00587	0.03358	0.00722	0.00415	0.03886	0.00829	0.03515	0.10667	0.11591	0.26984	0.21984	0.00832	0.00426	0.00130	0.00247	0.03305	0.09027	0.00379
2	0.00661	0.00455	0.00575	0.07053	0.03229	0.00448	0.00427	0.02191	0.04100	0.06745	0.11939	0.16510	0.16294	0.14697	0.00655	0.00164	0.00275	0.03443	0.08370	0.01768
3	0.03811	0.08307	0.14700	0.04114	0.15141	0.05447	0.13021	0.08948	0.07648	0.05426	0.00834	0.01036	0.00668	0.06887	0.00498	0.00134	0.02282	0.00346	0.00231	0.00519
4	0.00636	0.00469	0.00578	0.03935	0.00719	0.00472	0.00431	0.04238	0.04385	0.06309	0.13248	0.26156	0.27925	0.00879	0.00494	0.00135	0.05895	0.02372	0.00347	0.00374
5	0.03244	0.03252	0.00574	0.00533	0.00626	0.04041	0.00386	0.06337	0.00852	0.03772	0.10930	0.34313	0.14462	0.12678	0.00635	0.00164	0.00275	0.02246	0.00328	0.00350
6	0.00934	0.10838	0.13702	0.10415	0.11059	0.08890	0.04346	0.09043	0.04689	0.04115	0.03677	0.02741	0.00823	0.09690	0.00543	0.00141	0.01986	0.01656	0.00232	0.00483
7	0.06895	0.14962	0.23674	0.00950	0.07770	0.07087	0.02288	0.12716	0.07258	0.04660	0.02058	0.02594	0.00665	0.00398	0.00337	0.00108	0.00440	0.00308	0.00239	0.04592

[dist]
# distance from previous block
# <min> <max>
4	104

[block]
# block no. 11 follows, 73 sequences, length 20
# corresponding to MSA columns:
# 545-564
name=unknown_L
#
# <colnr> <probs for GDERKNQSTAVLIFYWHMCP>
#	G	D	E	R	K	N	Q	S	T	A	V	L	I	F	Y	W	H	M	C	P
0	0.07656	0.04784	0.02939	0.03981	0.19523	0.26829	0.00785	0.07453	0.05931	0.03606	0.00770	0.03414	0.00642	0.00428	0.00412	0.00112	0.07005	0.00318	0.02919	0.00494
1	0.00838	0.00791	0.01312	0.41103	0.35847	0.00893	0.02775	0.04328	0.00825	0.01125	0.00683	0.00956	0.00545	0.00378	0.00431	0.00122	0.06029	0.00336	0.00183	0.00500
2	0.01219	0.02232	0.01067	0.00801	0.01105	0.04245	0.04020	0.46991	0.04966	0.05551	0.00869	0.00899	0.00640	0.00399	0.00350	0.00098	0.00388	0.00312	0.00322	0.23527
3	0.00630	0.00402	0.00504	0.00508	0.00583	0.00385	0.00363	0.05216	0.00794	0.05665	0.06870	0.33253	0.16529	0.03379	0.03986	0.15926	0.00279	0.00717	0.03688	0.00322
4	0.04802	0.08485	0.02047	0.00814	0.06167	0.10071	0.00620	0.13151	0.19676	0.09968	0.02254	0.02328	0.11190	0.01321	0.01694	0.00126	0.02609	0.01850	0.00313	0.00513
5	0.00984	0.00871	0.01452	0.05591	0.73075	0.00876	0.01094	0.03764	0.00893	0.06665	0.00760	0.00953	0.00613	0.00348	0.00372	0.00112	0.00439	0.00337	0.00209	0.00591
6	0.00490	0.00371	0.00448	0.00459	0.00541	0.00334	0.00334	0.00609	0.00895	0.01187	0.34983	0.21644	0.28550	0.04292	0.00511	0.00140	0.00203	0.03316	0.00369	0.00326
7	0.00570	0.00437	0.00581	0.00680	0.10475	0.00418	0.00422	0.00678	0.00806	0.01087	0.23404	0.09798	0.14281	0.26473	0.00882	0.00200	0.00285	0.07881	0.00310	0.00334
8	0.03646	0.00669	0.01106	0.83086	0.02522	0.00834	0.01021	0.00963	0.00746	0.00983	0.00662	0.00987	0.00497	0.00374	0.00370	0.00125	0.00493	0.00329	0.00169	0.00416
9	0.01044	0.75025	0.03979	0.00683	0.01003	0.05647	0.00670	0.06467	0.00843	0.00988	0.00553	0.00630	0.00492	0.00334	0.00257	0.00084	0.00420	0.00214	0.00176	0.00491
10	0.00470	0.00337	0.00434	0.00504	0.00532	0.00315	0.00337	0.00534	0.00718	0.00951	0.03854	0.69531	0.07038	0.10316	0.00630	0.00173	0.00233	0.02457	0.00337	0.00299
11	0.05313	0.00708	0.00898	0.00691	0.00981	0.00661	0.00571	0.14779	0.01166	0.68125	0.01348	0.01189	0.00861	0.00457	0.00371	0.00116	0.00333	0.00364	0.00440	0.00629
12	0.00709	0.00667	0.01125	0.85913	0.02584	0.00834	0.01042	0.00959	0.00750	0.00959	0.00667	0.01000	0.00500	0.00375	0.00375	0.00125	0.00500	0.00333	0.00167	0.00417
13	0.00781	0.03477	0.01145	0.69055	0.06426	0.08201	0.00986	0.01007	0.00782	0.00966	0.00700	0.03575	0.00563	0.00397	0.00371	0.00121	0.00501	0.00344	0.00175	0.00426
14	0.01371	0.01022	0.03583	0.00838	0.01143	0.01073	0.00705	0.68251	0.04818	0.07583	0.00944	0.00935	0.00668	0.00442	0.00370	0.00111	0.00400	0.00336	0.00367	0.05041
15	0.00652	0.00326	0.00489	0.00489	0.00489	0.00326	0.00326	0.00489	0.00489	0.00652	0.00652	0.01140	0.00652	0.01303	0.01466	0.89084	0.00326	0.00326	0.00163	0.00163
16	0.00881	0.00863	0.01652	0.18147	0.27954	0.00865	0.34252	0.01140	0.00860	0.04603	0.03242	0.02321	0.00695	0.00366	0.00405	0.00121	0.00515	0.00401	0.00204	0.00514
17	0.00889	0.00839	0.01147	0.01033	0.05939	0.01113	0.00811	0.10444	0.00728	0.01086	0.00572	0.00883	0.00540	0.03075	0.01100	0.00161	0.68668	0.00336	0.00192	0.00442
18	0.03454	0.00935	0.07093	0.07026	0.04559	0.00909	0.00725	0.40776	0.04903	0.12314	0.06073	0.01081	0.00847	0.00444	0.00367	0.00112	0.00384	0.00353	0.01883	0.05764
19	0.03582	0.07513	0.13360	0.03471	0.21548	0.03305	0.05569	0.09025	0.11428	0.04763	0.03030	0.07413	0.02593	0.00466	0.00380	0.00117	0.01247	0.00401	0.00256	0.00531

[dist]
# distance from previous block
# <min> <max>
2	4

[block]
# block no. 12 follows, 73 sequences, length 10
# corresponding to MSA columns:
# 570-579
name=unknown_M
#
# <colnr> <probs for GDERKNQSTAVLIFYWHMCP>
#	G	D	E	R	K	N	Q	S	T	A	V	L	I	F	Y	W	H	M	C	P
0	0.07882	0.11352	0.42391	0.01020	0.07528	0.00913	0.05098	0.06721	0.00849	0.03942	0.00765	0.04367	0.00614	0.00508	0.04366	0.00138	0.00502	0.00321	0.00203	0.00523
1	0.03308	0.00903	0.00995	0.04437	0.03242	0.05334	0.04551	0.16792	0.50896	0.01626	0.01224	0.01189	0.00917	0.00463	0.00375	0.00121	0.00366	0.00383	0.00340	0.02538
2	0.00503	0.00392	0.00459	0.00450	0.00555	0.00354	0.00339	0.00664	0.03185	0.01259	0.41165	0.07159	0.37820	0.00866	0.00445	0.00125	0.00193	0.03345	0.00379	0.00342
3	0.54948	0.07715	0.00809	0.00594	0.00853	0.00910	0.00499	0.15589	0.00905	0.13070	0.00719	0.00751	0.00524	0.00380	0.00278	0.00113	0.00325	0.00250	0.00283	0.00485
4	0.00513	0.00372	0.00460	0.00498	0.00554	0.00351	0.00360	0.00602	0.00769	0.01007	0.11244	0.26508	0.16833	0.21155	0.00812	0.00198	0.00268	0.16869	0.00327	0.00302
5	0.00617	0.00403	0.00486	0.00484	0.00529	0.00409	0.00325	0.02821	0.02069	0.03856	0.04736	0.10990	0.01506	0.48479	0.10455	0.00311	0.00397	0.05193	0.05637	0.00298
6	0.00568	0.00513	0.04010	0.00530	0.00670	0.02073	0.03285	0.00741	0.04157	0.03349	0.21553	0.12703	0.40824	0.00849	0.00439	0.00128	0.00242	0.02654	0.00351	0.00363
7	0.00520	0.00363	0.00464	0.00499	0.00565	0.00332	0.00356	0.00624	0.00842	0.03925	0.22673	0.46973	0.15370	0.01010	0.00462	0.00139	0.00212	0.03969	0.00368	0.00332
8	0.00817	0.04268	0.00876	0.00656	0.05046	0.00583	0.00497	0.03726	0.00814	0.01247	0.00671	0.00782	0.00557	0.00288	0.00284	0.00061	0.00296	0.00231	0.00223	0.78077
9	0.01031	0.16304	0.14444	0.07830	0.08358	0.07479	0.08205	0.13391	0.02170	0.06174	0.00737	0.00850	0.00565	0.00372	0.00365	0.00105	0.02693	0.00299	0.00226	0.08401

[dist]
# distance from previous block
# <min> <max>
0	3

[block]
# block no. 13 follows, 73 sequences, length 27
# corresponding to MSA columns:
# 584-610
name=unknown_N
#
# <colnr> <probs for GDERKNQSTAVLIFYWHMCP>
#	G	D	E	R	K	N	Q	S	T	A	V	L	I	F	Y	W	H	M	C	P
0	0.17091	0.00700	0.00785	0.00647	0.00867	0.03318	0.02135	0.10283	0.06695	0.29653	0.10801	0.01275	0.01090	0.00479	0.00377	0.00115	0.03301	0.00373	0.09502	0.00514
1	0.00953	0.00743	0.00836	0.00830	0.08361	0.04726	0.00585	0.12828	0.27414	0.07673	0.04535	0.10381	0.03896	0.06281	0.00507	0.00140	0.01882	0.02733	0.04196	0.00503
2	0.00547	0.00366	0.00418	0.00420	0.00423	0.00368	0.00241	0.00554	0.00554	0.00740	0.01197	0.02476	0.01374	0.83012	0.03650	0.00364	0.00377	0.02456	0.00230	0.00232
3	0.00709	0.00469	0.00539	0.00493	0.00625	0.00441	0.00370	0.07333	0.02416	0.11235	0.11723	0.07513	0.37403	0.12179	0.04709	0.00179	0.00287	0.00651	0.00349	0.00379
4	0.00729	0.00707	0.01252	0.76078	0.02511	0.00847	0.10613	0.00987	0.00766	0.00987	0.00678	0.01002	0.00508	0.00368	0.00383	0.00125	0.00516	0.00346	0.00169	0.00427
5	0.02254	0.00641	0.00749	0.00624	0.00830	0.00644	0.00507	0.24168	0.01176	0.24243	0.10351	0.01718	0.05933	0.00559	0.00375	0.00115	0.00297	0.06914	0.17394	0.00508
6	0.01348	0.07531	0.01132	0.00980	0.04042	0.73430	0.00727	0.03390	0.01048	0.00968	0.00597	0.00696	0.00498	0.00383	0.00333	0.00096	0.00636	0.00246	0.01473	0.00447
7	0.01512	0.03235	0.01193	0.01045	0.01266	0.53657	0.00783	0.15380	0.06009	0.01461	0.03728	0.01298	0.04691	0.00606	0.00476	0.00149	0.02191	0.00391	0.00331	0.00598
8	0.00503	0.00376	0.00478	0.00532	0.00593	0.00352	0.00379	0.00628	0.03990	0.01032	0.05021	0.61096	0.10504	0.01063	0.00465	0.00145	0.00231	0.08224	0.00346	0.04041
9	0.01084	0.00874	0.00886	0.00703	0.00961	0.10571	0.00562	0.24744	0.04331	0.08516	0.08448	0.01163	0.03999	0.00445	0.00370	0.00096	0.02538	0.00345	0.01554	0.27810
10	0.03835	0.00692	0.00798	0.00655	0.00872	0.03779	0.00524	0.17265	0.06449	0.31086	0.27928	0.01660	0.01693	0.00555	0.00392	0.00116	0.00303	0.00459	0.00408	0.00530
11	0.00523	0.00385	0.00561	0.00581	0.00636	0.00429	0.00438	0.00636	0.00629	0.00887	0.01245	0.19122	0.01290	0.04683	0.62299	0.01956	0.00799	0.02343	0.00235	0.00323
12	0.00586	0.00431	0.00572	0.00644	0.00723	0.00433	0.00527	0.00796	0.07189	0.01110	0.02010	0.26602	0.03830	0.01032	0.00495	0.00163	0.00304	0.51852	0.00349	0.00353
