[name]
unknown

[dist]
# distance from previous block
# <min> <max>
0	159

[block]
# block no. 0 follows, 70 sequences, length 15
# corresponding to MSA columns:
# 187-201
name=unknown_A
#
# <colnr> <probs for GDERKNQSTAVLIFYWHMCP>
#	G	D	E	R	K	N	Q	S	T	A	V	L	I	F	Y	W	H	M	C	P
0	0.06198	0.03345	0.04491	0.09278	0.04692	0.19932	0.04153	0.01065	0.00860	0.02357	0.08953	0.01307	0.04379	0.02871	0.15594	0.00210	0.03313	0.00378	0.00233	0.06390
1	0.01487	0.01196	0.01134	0.00898	0.01187	0.16415	0.00728	0.62411	0.01642	0.07692	0.00911	0.00915	0.00650	0.00454	0.00381	0.00114	0.00470	0.00334	0.00360	0.00621
2	0.01062	0.02933	0.09342	0.05114	0.26165	0.16953	0.03715	0.15223	0.01073	0.01375	0.03784	0.03908	0.01876	0.00459	0.00398	0.00118	0.01559	0.03031	0.00245	0.01668
3	0.00557	0.00446	0.00564	0.00559	0.00647	0.00468	0.00423	0.00739	0.06357	0.01093	0.12817	0.15853	0.25654	0.01515	0.25399	0.00281	0.05275	0.00677	0.00315	0.00361
4	0.00567	0.10755	0.00656	0.00506	0.00613	0.00484	0.00386	0.00692	0.00913	0.01210	0.33902	0.27718	0.18393	0.00900	0.00444	0.00130	0.00226	0.00784	0.00362	0.00359
5	0.01268	0.01467	0.01011	0.00914	0.01108	0.56069	0.00695	0.07001	0.13782	0.01148	0.00826	0.00929	0.00672	0.00725	0.10528	0.00169	0.00661	0.00305	0.00243	0.00477
6	0.00912	0.00990	0.10037	0.02746	0.18345	0.00817	0.21277	0.07916	0.00936	0.01346	0.00771	0.00988	0.00618	0.00351	0.00373	0.00103	0.00461	0.02039	0.00222	0.28753
7	0.00802	0.00838	0.01668	0.18257	0.01832	0.00855	0.46150	0.01065	0.00861	0.01171	0.07901	0.06003	0.00960	0.00568	0.04417	0.00156	0.05327	0.00483	0.00219	0.00465
8	0.00812	0.00799	0.01116	0.00971	0.00974	0.01103	0.00801	0.00895	0.00608	0.00939	0.00667	0.09139	0.00709	0.00731	0.01197	0.00168	0.77359	0.00413	0.00188	0.00413
9	0.00559	0.00395	0.00519	0.00519	0.00552	0.00428	0.00354	0.00625	0.00592	0.00823	0.01134	0.02052	0.01199	0.46470	0.41591	0.00494	0.00693	0.00493	0.00222	0.00288
10	0.00582	0.00453	0.00661	0.00646	0.00703	0.00542	0.00501	0.00706	0.00616	0.00893	0.01002	0.01532	0.00958	0.08627	0.71164	0.00563	0.08880	0.00419	0.00206	0.00346
11	0.00887	0.00971	0.01909	0.04919	0.01748	0.01038	0.54508	0.01138	0.00812	0.01138	0.00697	0.00986	0.00561	0.00436	0.00701	0.00142	0.26314	0.00417	0.00187	0.00489
12	0.01401	0.01749	0.01077	0.00978	0.01180	0.76666	0.00736	0.01598	0.09086	0.01014	0.00694	0.00772	0.00566	0.00412	0.00354	0.00103	0.00661	0.00268	0.00219	0.00465
13	0.01055	0.04497	0.17585	0.07962	0.11038	0.00931	0.16798	0.12347	0.08649	0.11312	0.00923	0.01032	0.00675	0.00427	0.00425	0.02665	0.00485	0.00364	0.00264	0.00568
14	0.02609	0.02853	0.02853	0.00742	0.03154	0.11340	0.00572	0.02789	0.24521	0.09441	0.19480	0.07513	0.06593	0.00637	0.00410	0.00125	0.00337	0.03179	0.00360	0.00491

[dist]
# distance from previous block
# <min> <max>
5	9

[block]
# block no. 1 follows, 70 sequences, length 15
# corresponding to MSA columns:
# 211-225
name=unknown_B
#
# <colnr> <probs for GDERKNQSTAVLIFYWHMCP>
#	G	D	E	R	K	N	Q	S	T	A	V	L	I	F	Y	W	H	M	C	P
0	0.00830	0.00788	0.01349	0.28978	0.40516	0.00859	0.05311	0.01059	0.00809	0.01120	0.00751	0.01054	0.00622	0.00685	0.10856	0.00185	0.03172	0.00359	0.00187	0.00511
1	0.01081	0.08776	0.01438	0.03628	0.31008	0.08779	0.08913	0.11077	0.10034	0.04762	0.00873	0.02694	0.00705	0.00420	0.00418	0.00118	0.04096	0.00362	0.00250	0.00568
2	0.00950	0.00714	0.00839	0.00609	0.00946	0.00570	0.00491	0.06795	0.00908	0.10137	0.00795	0.00867	0.00621	0.00320	0.00305	0.00068	0.00301	0.00255	0.00267	0.73242
3	0.00829	0.00824	0.01091	0.06808	0.01093	0.04883	0.00805	0.00949	0.02296	0.00965	0.00745	0.08204	0.00763	0.00703	0.01057	0.00162	0.63629	0.03576	0.00199	0.00418
4	0.00928	0.00685	0.00817	0.00590	0.00928	0.00524	0.00474	0.01097	0.00844	0.12255	0.00800	0.00872	0.00625	0.00313	0.00301	0.00066	0.00293	0.00251	0.00263	0.77075
5	0.00548	0.00403	0.00518	0.00509	0.00605	0.00373	0.00394	0.00720	0.01041	0.01435	0.62120	0.03212	0.13359	0.00856	0.00469	0.00131	0.00210	0.12329	0.00408	0.00360
6	0.01359	0.01029	0.01099	0.00869	0.01158	0.01149	0.00709	0.64472	0.20202	0.02258	0.01077	0.01047	0.00778	0.00479	0.00389	0.00120	0.00400	0.00369	0.00389	0.00649
7	0.00472	0.00337	0.00450	0.00540	0.00562	0.00315	0.00360	0.00540	0.00742	0.00990	0.02137	0.86122	0.02564	0.01215	0.00495	0.00157	0.00225	0.01102	0.00360	0.00315
8	0.00902	0.00803	0.01195	0.38153	0.24144	0.02970	0.00981	0.06009	0.10215	0.03513	0.00930	0.01285	0.00757	0.00447	0.00397	0.00127	0.00461	0.05958	0.00237	0.00516
9	0.00890	0.00991	0.02065	0.01506	0.01831	0.00985	0.67899	0.01175	0.00859	0.01185	0.00759	0.01041	0.00595	0.00492	0.04435	0.00158	0.12000	0.00440	0.00193	0.00502
10	0.00472	0.00337	0.00450	0.00540	0.00562	0.00315	0.00360	0.00540	0.00742	0.00990	0.02137	0.86122	0.02564	0.01215	0.00495	0.00157	0.00225	0.01102	0.00360	0.00315
11	0.01588	0.00694	0.00897	0.00706	0.00989	0.00645	0.00577	0.06112	0.11301	0.66847	0.04362	0.01370	0.01065	0.00496	0.00393	0.00121	0.00327	0.00405	0.00463	0.00644
12	0.17845	0.00987	0.01433	0.03574	0.11614	0.12312	0.31571	0.01201	0.00864	0.03723	0.02760	0.01059	0.00689	0.05196	0.03405	0.00153	0.00542	0.00373	0.00220	0.00480
13	0.00557	0.00404	0.00564	0.00564	0.00612	0.00452	0.00410	0.00654	0.00605	0.00856	0.01093	0.01824	0.01100	0.27713	0.60212	0.00550	0.00842	0.00459	0.00216	0.00313
14	0.43580	0.11229	0.00755	0.00557	0.00735	0.00792	0.00455	0.00957	0.00656	0.01297	0.00750	0.01062	0.00681	0.08229	0.26513	0.00292	0.00548	0.00302	0.00220	0.00391

[dist]
# distance from previous block
# <min> <max>
1	9

[block]
# block no. 2 follows, 70 sequences, length 80
# corresponding to MSA columns:
# 235-314
name=unknown_C
#
# <colnr> <probs for GDERKNQSTAVLIFYWHMCP>
#	G	D	E	R	K	N	Q	S	T	A	V	L	I	F	Y	W	H	M	C	P
0	0.01008	0.00868	0.01322	0.08332	0.36701	0.00911	0.07640	0.05057	0.23850	0.07131	0.02545	0.01167	0.00844	0.00420	0.00395	0.00123	0.00423	0.00390	0.00280	0.00592
1	0.00486	0.00346	0.00453	0.00533	0.00558	0.00326	0.00358	0.00553	0.00734	0.00976	0.02081	0.73897	0.03861	0.08944	0.00630	0.00178	0.00243	0.04184	0.00348	0.00309
2	0.01042	0.00957	0.00979	0.00961	0.08577	0.09340	0.00687	0.06714	0.62740	0.01571	0.01365	0.01297	0.01032	0.00493	0.00389	0.00126	0.00367	0.00406	0.00356	0.00600
3	0.00918	0.02634	0.20744	0.09536	0.48300	0.02789	0.01171	0.02723	0.00879	0.02819	0.00774	0.03576	0.00640	0.00387	0.00381	0.00119	0.00486	0.00352	0.00198	0.00574
4	0.00880	0.07440	0.26393	0.01374	0.09162	0.00965	0.35837	0.01230	0.03625	0.02146	0.02231	0.02259	0.00678	0.00388	0.00429	0.00125	0.02795	0.01304	0.00201	0.00539
5	0.00923	0.00874	0.01481	0.02221	0.76390	0.00873	0.01128	0.01144	0.00878	0.01250	0.00853	0.04454	0.00774	0.00417	0.00396	0.00120	0.00446	0.04582	0.00207	0.00589
6	0.00477	0.00382	0.00427	0.00446	0.00546	0.00332	0.00326	0.00581	0.00879	0.01102	0.13826	0.22702	0.52845	0.01013	0.00468	0.00137	0.00205	0.02609	0.00369	0.00330
7	0.00472	0.00382	0.00420	0.00435	0.00538	0.00329	0.00317	0.00574	0.00879	0.01096	0.13034	0.20848	0.57307	0.01008	0.00466	0.00135	0.00201	0.00864	0.00368	0.00329
8	0.03175	0.05392	0.04778	0.03005	0.03824	0.30055	0.07038	0.18401	0.04298	0.08315	0.00863	0.01034	0.00681	0.00451	0.00407	0.00116	0.03568	0.03799	0.00272	0.00530
9	0.06211	0.01059	0.01123	0.00867	0.01170	0.01174	0.00715	0.77290	0.01747	0.02388	0.00924	0.01907	0.00669	0.00468	0.00381	0.00117	0.00417	0.00350	0.00379	0.00642
10	0.32266	0.00697	0.00788	0.00629	0.00909	0.00683	0.00520	0.02668	0.00962	0.54350	0.01176	0.01074	0.00767	0.00438	0.00337	0.00120	0.00321	0.00326	0.00395	0.00576
11	0.01222	0.03109	0.01257	0.09372	0.11203	0.53772	0.08190	0.01376	0.01014	0.01031	0.02442	0.00911	0.02610	0.00406	0.00370	0.00108	0.00621	0.00311	0.00204	0.00470
12	0.00563	0.00378	0.00434	0.00434	0.00437	0.00382	0.00248	0.00571	0.00567	0.00760	0.01212	0.02482	0.01386	0.81853	0.06463	0.00389	0.00412	0.00556	0.00233	0.00241
13	0.00615	0.00413	0.00525	0.00487	0.00598	0.00374	0.00369	0.00783	0.01067	0.06979	0.66704	0.02912	0.15105	0.00799	0.00453	0.00123	0.00195	0.00697	0.00421	0.00380
14	0.00807	0.00771	0.01334	0.48796	0.28407	0.00861	0.06504	0.01057	0.00836	0.01126	0.05209	0.01112	0.00723	0.00392	0.00395	0.00124	0.00490	0.00372	0.00194	0.00492
15	0.00802	0.04876	0.30857	0.00970	0.01315	0.03124	0.14632	0.04084	0.10734	0.01258	0.03187	0.12336	0.09013	0.00562	0.00409	0.00128	0.00456	0.00498	0.00256	0.00504
16	0.00790	0.01918	0.76907	0.01153	0.01710	0.00908	0.08804	0.01229	0.00827	0.01229	0.00704	0.00839	0.00500	0.00365	0.00376	0.00123	0.00580	0.00302	0.00167	0.00568
17	0.00479	0.00348	0.00454	0.00536	0.00572	0.00323	0.00368	0.00556	0.00763	0.01004	0.02297	0.74106	0.10026	0.01185	0.00494	0.00156	0.00229	0.05424	0.00360	0.00318
18	0.00899	0.00633	0.00744	0.00582	0.00843	0.00544	0.00462	0.06122	0.05377	0.11552	0.15026	0.01479	0.06448	0.00472	0.00350	0.00090	0.00273	0.00391	0.04983	0.42730
19	0.00563	0.00466	0.00502	0.00480	0.00616	0.00441	0.00364	0.00844	0.14405	0.01263	0.22693	0.03157	0.51063	0.00862	0.00448	0.00129	0.00211	0.00728	0.00382	0.00383
20	0.00732	0.00689	0.01163	0.85444	0.02670	0.00861	0.01077	0.00991	0.00775	0.00991	0.00689	0.01034	0.00517	0.00388	0.00388	0.00129	0.00517	0.00345	0.00172	0.00431
21	0.00493	0.00376	0.00457	0.00512	0.00585	0.00342	0.00377	0.00589	0.00815	0.01034	0.02764	0.41187	0.32287	0.02589	0.00514	0.00155	0.00238	0.14004	0.00357	0.00325
22	0.03740	0.00700	0.00914	0.00704	0.01002	0.00636	0.00581	0.08725	0.02329	0.74193	0.01456	0.01272	0.00925	0.00476	0.00386	0.00120	0.00337	0.00383	0.00465	0.00653
23	0.00706	0.00631	0.00867	0.02128	0.01789	0.00791	0.00656	0.02647	0.00723	0.01022	0.01362	0.23573	0.06259	0.00923	0.02726	0.00173	0.41286	0.11092	0.00261	0.00387
24	0.00857	0.00821	0.01400	0.36879	0.42536	0.00893	0.05014	0.01128	0.03401	0.01159	0.00782	0.01044	0.01632	0.00376	0.00390	0.00122	0.00485	0.00359	0.00192	0.00530
25	0.00463	0.00378	0.00410	0.00435	0.00535	0.00324	0.00314	0.00554	0.00848	0.01039	0.04554	0.26380	0.60333	0.01043	0.00468	0.00138	0.00204	0.00895	0.00361	0.00324
26	0.00866	0.02861	0.02524	0.31357	0.22015	0.08970	0.00961	0.01891	0.00812	0.01061	0.00802	0.05609	0.01954	0.00556	0.03234	0.00145	0.13333	0.00381	0.00195	0.00472
27	0.00892	0.34935	0.20188	0.02396	0.08114	0.01076	0.05173	0.05486	0.00863	0.01134	0.00899	0.12429	0.00864	0.00496	0.00352	0.00113	0.00441	0.03430	0.00215	0.00503
28	0.00498	0.00353	0.00466	0.00544	0.00573	0.00335	0.00374	0.00573	0.00751	0.01002	0.04583	0.68105	0.02461	0.08927	0.00632	0.00178	0.00250	0.08730	0.00350	0.00313
29	0.00915	0.01046	0.02288	0.01634	0.02026	0.00980	0.82549	0.01242	0.00915	0.01242	0.00784	0.01046	0.00588	0.00327	0.00458	0.00131	0.00654	0.00458	0.00196	0.00523
30	0.00971	0.07715	0.04938	0.06966	0.10032	0.06639	0.10982	0.10658	0.19990	0.01417	0.04591	0.04472	0.00989	0.00484	0.00388	0.00121	0.00428	0.02790	0.04898	0.00530
31	0.00494	0.00358	0.00487	0.00593	0.02419	0.00338	0.00397	0.00573	0.00756	0.01008	0.02100	0.78391	0.02497	0.01185	0.00495	0.00158	0.00240	0.06831	0.00356	0.00325
32	0.00808	0.02323	0.02373	0.00586	0.00934	0.00543	0.00481	0.00984	0.00804	0.01256	0.00686	0.00801	0.00571	0.00289	0.00288	0.00059	0.00295	0.00230	0.00227	0.85461
33	0.00562	0.00384	0.00463	0.00463	0.00477	0.00398	0.00285	0.00590	0.00576	0.00782	0.01184	0.02332	0.01320	0.69484	0.18743	0.00426	0.00510	0.00534	0.00229	0.00257
34	0.22967	0.05943	0.02401	0.05579	0.10227	0.25798	0.03689	0.12949	0.01014	0.02474	0.00680	0.00796	0.00535	0.00391	0.00341	0.00112	0.01397	0.00280	0.01930	0.00497
35	0.00534	0.00394	0.00495	0.00472	0.00567	0.00359	0.00352	0.00697	0.01046	0.01448	0.68136	0.04431	0.15931	0.02834	0.00494	0.00130	0.00190	0.00723	0.00411	0.00356
36	0.00665	0.00484	0.00591	0.00549	0.00673	0.00473	0.00426	0.05951	0.07719	0.03556	0.54885	0.02823	0.12022	0.00785	0.00452	0.00128	0.00226	0.06776	0.00410	0.00406
37	0.01525	0.01703	0.01190	0.04774	0.01344	0.62729	0.00807	0.18084	0.01300	0.01366	0.00786	0.00920	0.00642	0.00487	0.00409	0.00126	0.00669	0.00313	0.00276	0.00550
38	0.01448	0.01848	0.01099	0.00999	0.01199	0.84819	0.00749	0.01548	0.01099	0.00949	0.00599	0.00699	0.00499	0.00400	0.00350	0.00100	0.00699	0.00250	0.00200	0.00449
39	0.00680	0.00558	0.02433	0.00685	0.08152	0.04075	0.00425	0.00743	0.00654	0.02463	0.01102	0.03559	0.01187	0.55703	0.09367	0.00328	0.02053	0.00495	0.00231	0.05105
40	0.00848	0.00848	0.01187	0.01018	0.01018	0.01187	0.00848	0.00933	0.00594	0.00933	0.00509	0.00848	0.00509	0.00679	0.01272	0.00170	0.85666	0.00339	0.00170	0.00424
41	0.00522	0.00369	0.00449	0.00493	0.00523	0.00353	0.00326	0.00575	0.00696	0.00913	0.01931	0.36103	0.10170	0.36259	0.01104	0.00247	0.00296	0.08077	0.00308	0.00287
42	0.04146	0.00758	0.00784	0.00669	0.00858	0.10460	0.01548	0.10642	0.07199	0.21761	0.19159	0.04034	0.02969	0.08368	0.00538	0.00142	0.00345	0.00476	0.04654	0.00490
43	0.00892	0.00977	0.02047	0.04102	0.13212	0.00933	0.63959	0.01188	0.00890	0.01216	0.00814	0.02668	0.00652	0.02140	0.02376	0.00145	0.00618	0.00452	0.00199	0.00519
44	0.00533	0.00396	0.00496	0.00471	0.00569	0.00359	0.00353	0.00700	0.01059	0.01465	0.69586	0.03044	0.17880	0.00826	0.00457	0.00124	0.00185	0.00722	0.00415	0.00359
45	0.00554	0.00413	0.00612	0.00612	0.00678	0.00479	0.00471	0.00685	0.00620	0.00892	0.01048	0.01578	0.00993	0.07430	0.80349	0.00610	0.01003	0.00423	0.00209	0.00340
46	0.00813	0.03172	0.67316	0.01280	0.10695	0.00919	0.07983	0.01224	0.00833	0.01228	0.00704	0.00849	0.00513	0.00362	0.00375	0.00122	0.00565	0.00306	0.00169	0.00572
47	0.01348	0.00999	0.01111	0.00935	0.05622	0.01095	0.00728	0.69162	0.01660	0.02238	0.01026	0.04840	0.00812	0.00515	0.00395	0.00120	0.00410	0.03564	0.02799	0.00622
48	0.00554	0.00415	0.00623	0.00623	0.00692	0.00485	0.00485	0.00692	0.00623	0.00900	0.01038	0.01523	0.00969	0.02908	0.84839	0.00623	0.01038	0.00415	0.00208	0.00346
49	0.00582	0.00436	0.00626	0.00621	0.00698	0.00505	0.00482	0.00772	0.05106	0.00955	0.01077	0.01529	0.00987	0.03747	0.76480	0.00576	0.00963	0.00417	0.03083	0.00360
50	0.03041	0.09522	0.01193	0.04175	0.01139	0.29230	0.02516	0.08575	0.00920	0.01104	0.00712	0.06988	0.00668	0.00545	0.00651	0.00129	0.27869	0.00353	0.00215	0.00455
51	0.00812	0.00523	0.00577	0.00518	0.00684	0.00493	0.00404	0.12830	0.01032	0.12181	0.02678	0.08620	0.43018	0.00793	0.00420	0.00125	0.00251	0.02325	0.11292	0.00423
52	0.00561	0.00375	0.00424	0.00426	0.00427	0.00374	0.00238	0.00563	0.00569	0.00759	0.01248	0.04933	0.01443	0.83935	0.01931	0.00370	0.00372	0.00579	0.00238	0.00237
53	0.01096	0.10323	0.39908	0.01015	0.01401	0.37544	0.01058	0.01361	0.00938	0.01075	0.00638	0.00747	0.00495	0.00378	0.00348	0.00109	0.00612	0.00263	0.00180	0.00512
54	0.01099	0.00827	0.01122	0.39050	0.01830	0.08432	0.05969	0.06825	0.04105	0.20994	0.02498	0.02510	0.00778	0.00449	0.00395	0.00125	0.00470	0.01728	0.00283	0.00511
55	0.00571	0.00375	0.00417	0.00418	0.00432	0.00371	0.00243	0.00592	0.00602	0.00828	0.01359	0.04020	0.04956	0.73804	0.01736	0.00337	0.00349	0.00567	0.07772	0.00251
56	0.00732	0.00689	0.01163	0.85444	0.02670	0.00861	0.01077	0.00991	0.00775	0.00991	0.00689	0.01034	0.00517	0.00388	0.00388	0.00129	0.00517	0.00345	0.00172	0.00431
57	0.00901	0.00856	0.01458	0.22111	0.63224	0.00897	0.01149	0.01131	0.00851	0.01191	0.00719	0.00981	0.00592	0.00372	0.00404	0.01597	0.00472	0.00345	0.00187	0.00563
58	0.00548	0.00400	0.00491	0.00514	0.01927	0.00396	0.00348	0.00615	0.00692	0.00907	0.03441	0.05314	0.20331	0.37782	0.16742	0.01946	0.00448	0.06589	0.00273	0.00296
59	0.12555	0.01973	0.02409	0.00635	0.02760	0.00634	0.00508	0.05718	0.00845	0.01389	0.00682	0.00789	0.00557	0.00310	0.00290	0.00072	0.00308	0.00237	0.00237	0.67092
60	0.02826	0.00903	0.05877	0.16381	0.19377	0.03259	0.09731	0.03269	0.12006	0.11528	0.04470	0.01143	0.00825	0.00426	0.00419	0.00122	0.03243	0.00378	0.00267	0.03551
61	0.00465	0.00388	0.00406	0.00412	0.00531	0.00329	0.00305	0.00566	0.00885	0.01075	0.08882	0.11165	0.71279	0.00991	0.00461	0.00133	0.00198	0.00836	0.00364	0.00329
62	0.00924	0.06619	0.08166	0.18861	0.31741	0.07805	0.03254	0.02002	0.09210	0.01186	0.00841	0.04611	0.00706	0.00422	0.00396	0.00120	0.02021	0.00368	0.00214	0.00533
63	0.01033	0.08992	0.01018	0.00795	0.01031	0.05191	0.00634	0.07929	0.65367	0.01582	0.01383	0.01293	0.01046	0.00497	0.00378	0.00124	0.00345	0.00401	0.00363	0.00598
64	0.00525	0.00443	0.03834	0.01497	0.00647	0.00366	0.00416	0.00636	0.00827	0.02740	0.07359	0.44653	0.26526	0.01052	0.00476	0.00147	0.00243	0.06915	0.00356	0.00343
65	0.00908	0.13024	0.57176	0.01099	0.06744	0.00970	0.03199	0.03639	0.00868	0.06413	0.00738	0.00841	0.00538	0.00369	0.00356	0.00116	0.00523	0.00291	0.00194	0.01993
66	0.00967	0.60655	0.21954	0.00818	0.01209	0.01345	0.04692	0.01196	0.02203	0.01016	0.00606	0.00703	0.00512	0.00344	0.00290	0.00096	0.00462	0.00242	0.00171	0.00519
67	0.01448	0.01795	0.01092	0.00987	0.01191	0.80446	0.00743	0.02850	0.02306	0.02788	0.00639	0.00727	0.00522	0.00404	0.00352	0.00101	0.00681	0.00257	0.00212	0.00460
68	0.00970	0.26232	0.30232	0.01887	0.03811	0.04358	0.01734	0.05197	0.00883	0.08086	0.00891	0.06280	0.02030	0.00514	0.02277	0.01069	0.01558	0.01245	0.00223	0.00523
69	0.00912	0.04586	0.09162	0.23470	0.34433	0.01888	0.08274	0.01161	0.00850	0.05257	0.00808	0.01027	0.02305	0.00390	0.00421	0.00122	0.03844	0.00354	0.00200	0.00537
70	0.00561	0.00375	0.00424	0.00426	0.00427	0.00374	0.00239	0.00563	0.00569	0.00759	0.01250	0.05136	0.01445	0.83728	0.01927	0.00369	0.00371	0.00581	0.00239	0.00237
71	0.00925	0.00500	0.00555	0.00507	0.00648	0.01802	0.00390	0.03071	0.08729	0.16402	0.06188	0.09179	0.01287	0.00552	0.00339	0.00108	0.00238	0.00459	0.47678	0.00444
72	0.00940	0.11628	0.22265	0.08123	0.20872	0.05187	0.06039	0.04465	0.00925	0.05279	0.08179	0.02699	0.00881	0.00422	0.00376	0.00116	0.00475	0.00364	0.00227	0.00537
73	0.00699	0.01567	0.00626	0.00604	0.01510	0.08150	0.01727	0.00896	0.11346	0.01020	0.06793	0.12301	0.05089	0.38468	0.01114	0.00242	0.00363	0.06846	0.00292	0.00346
74	0.00596	0.00436	0.00526	0.00557	0.00640	0.00425	0.00397	0.02360	0.10841	0.03893	0.06379	0.52968	0.15622	0.01032	0.00470	0.00146	0.00237	0.01728	0.00372	0.00374
75	0.01126	0.01037	0.04485	0.10177	0.12001	0.08198	0.13252	0.24657	0.02866	0.06011	0.00899	0.01036	0.02353	0.00477	0.01694	0.00131	0.07379	0.00368	0.01300	0.00552
76	0.05217	0.13449	0.04322	0.08150	0.14363	0.14905	0.05257	0.08260	0.04383	0.10195	0.02203	0.03320	0.00748	0.01334	0.00389	0.00117	0.01316	0.01291	0.00256	0.00527
77	0.00499	0.00388	0.00457	0.00489	0.00575	0.00353	0.00356	0.00630	0.03127	0.01116	0.13683	0.33471	0.36535	0.01034	0.00474	0.00142	0.00218	0.05745	0.00370	0.00338
78	0.00481	0.00343	0.00459	0.00549	0.00576	0.00322	0.00374	0.00554	0.00750	0.00999	0.02132	0.81640	0.02546	0.01207	0.00497	0.00159	0.00232	0.05502	0.00360	0.00317
79	0.01137	0.31215	0.03316	0.05310	0.02552	0.04364	0.07025	0.24436	0.08828	0.03335	0.00839	0.02721	0.00673	0.00424	0.00363	0.00109	0.02206	0.00327	0.00266	0.00553

[dist]
# distance from previous block
# <min> <max>
0	1

[block]
# block no. 3 follows, 70 sequences, length 19
# corresponding to MSA columns:
# 316-334
name=unknown_D
#
# <colnr> <probs for GDERKNQSTAVLIFYWHMCP>
#	G	D	E	R	K	N	Q	S	T	A	V	L	I	F	Y	W	H	M	C	P
0	0.00758	0.20547	0.11830	0.00871	0.09643	0.00829	0.04103	0.00902	0.00733	0.00980	0.02054	0.11229	0.02709	0.24273	0.02347	0.00198	0.04885	0.00473	0.00219	0.00415
1	0.01123	0.01305	0.01147	0.01009	0.01100	0.39445	0.00803	0.01214	0.00825	0.00940	0.00550	0.00780	0.00505	0.00551	0.00850	0.00138	0.46798	0.00298	0.00183	0.00436
2	0.10110	0.00621	0.00687	0.00645	0.00793	0.00663	0.00495	0.18245	0.12207	0.01531	0.09807	0.31834	0.04448	0.00814	0.00429	0.00138	0.00289	0.05434	0.00364	0.00447
3	0.00739	0.00608	0.00612	0.00607	0.00701	0.09352	0.00434	0.04897	0.08645	0.04161	0.09123	0.35743	0.06670	0.13647	0.00677	0.00174	0.00316	0.02175	0.00339	0.00381
4	0.01081	0.01294	0.00844	0.00778	0.00948	0.52629	0.00584	0.01190	0.01040	0.01043	0.10729	0.01762	0.23342	0.00600	0.00391	0.00111	0.00506	0.00453	0.00268	0.00407
5	0.00498	0.00369	0.00462	0.00516	0.00570	0.00341	0.00357	0.02236	0.00827	0.01089	0.11030	0.61075	0.16977	0.01114	0.00482	0.00148	0.00220	0.00994	0.00368	0.00329
6	0.00882	0.00720	0.00823	0.00608	0.00917	0.00606	0.00481	0.13122	0.00934	0.01393	0.00773	0.00978	0.00662	0.08031	0.00453	0.00095	0.00316	0.00277	0.00254	0.67674
7	0.00999	0.10059	0.01261	0.00970	0.01055	0.14479	0.00807	0.05709	0.00764	0.01019	0.00550	0.00805	0.00515	0.00586	0.00968	0.00146	0.58360	0.00312	0.00186	0.00449
8	0.00477	0.00343	0.00454	0.00542	0.00570	0.00320	0.00367	0.00549	0.00751	0.00997	0.02180	0.81201	0.04660	0.01204	0.00495	0.00157	0.00229	0.03828	0.00360	0.00317
9	0.00533	0.00410	0.00496	0.00515	0.00623	0.00373	0.00413	0.00678	0.00943	0.01217	0.24705	0.03701	0.37819	0.00958	0.00481	0.00143	0.00241	0.25029	0.00377	0.00347
10	0.00626	0.00460	0.00613	0.00674	0.00774	0.00460	0.00576	0.00852	0.05604	0.01221	0.10753	0.04011	0.07396	0.01005	0.00514	0.00167	0.00326	0.63230	0.00367	0.00371
11	0.86313	0.00747	0.00580	0.00516	0.00757	0.00860	0.00425	0.01164	0.00674	0.04384	0.00572	0.00652	0.00437	0.00364	0.00245	0.00120	0.00301	0.00216	0.00248	0.00428
12	0.12412	0.00650	0.00815	0.00647	0.00910	0.00602	0.00529	0.04738	0.01079	0.59121	0.13036	0.01442	0.01263	0.00509	0.00381	0.00120	0.00309	0.00410	0.00439	0.00588
13	0.00521	0.00409	0.00558	0.00708	0.09345	0.00381	0.00436	0.00611	0.00782	0.01029	0.02304	0.62606	0.16695	0.01082	0.00477	0.00148	0.00245	0.00972	0.00342	0.00349
14	0.00778	0.02005	0.84367	0.01105	0.01678	0.00900	0.01432	0.01228	0.00818	0.01228	0.00696	0.00818	0.00491	0.00368	0.00368	0.00123	0.00573	0.00286	0.00164	0.00573
15	0.00709	0.00475	0.00481	0.00457	0.00575	0.02761	0.00346	0.05311	0.04763	0.01418	0.13958	0.04085	0.18388	0.00631	0.00356	0.00108	0.00219	0.00522	0.44053	0.00384
16	0.05248	0.00827	0.00919	0.06662	0.01904	0.02480	0.00629	0.36168	0.09289	0.08448	0.09865	0.01383	0.03901	0.00519	0.00391	0.00119	0.01236	0.01207	0.08257	0.00549
17	0.00646	0.03681	0.00642	0.09469	0.00871	0.06134	0.00476	0.02618	0.01864	0.02565	0.05821	0.06857	0.47706	0.00843	0.00441	0.00132	0.00296	0.08237	0.00328	0.00373
18	0.00719	0.05433	0.00682	0.00623	0.00722	0.04449	0.00456	0.05478	0.09529	0.04867	0.01768	0.55597	0.01952	0.02101	0.03568	0.00164	0.00314	0.00835	0.00345	0.00398

[dist]
# distance from previous block
# <min> <max>
0	4

[block]
# block no. 4 follows, 70 sequences, length 36
# corresponding to MSA columns:
# 339-374
name=unknown_E
#
# <colnr> <probs for GDERKNQSTAVLIFYWHMCP>
#	G	D	E	R	K	N	Q	S	T	A	V	L	I	F	Y	W	H	M	C	P
0	0.00556	0.04090	0.00606	0.00591	0.00660	0.00458	0.00454	0.00667	0.00736	0.00983	0.01804	0.31356	0.08437	0.05019	0.26155	0.00306	0.01840	0.14647	0.00297	0.00339
1	0.01857	0.09969	0.02425	0.03340	0.03435	0.03482	0.00569	0.07532	0.00893	0.01305	0.00689	0.00801	0.00567	0.00317	0.00300	0.00072	0.00343	0.00245	0.00231	0.61628
2	0.04721	0.00963	0.05107	0.11346	0.09027	0.00904	0.37044	0.07801	0.04118	0.03161	0.00801	0.00992	0.00606	0.00356	0.00399	0.00118	0.00518	0.00377	0.00227	0.11416
3	0.02944	0.18036	0.20704	0.03025	0.16316	0.06486	0.03274	0.06815	0.02004	0.06438	0.00767	0.02659	0.00616	0.00398	0.00379	0.00111	0.03387	0.00313	0.00220	0.05107
4	0.01012	0.09299	0.25347	0.06917	0.24660	0.02486	0.09873	0.01294	0.03326	0.04736	0.02728	0.01251	0.00818	0.00471	0.00426	0.00139	0.00530	0.03841	0.00245	0.00602
5	0.00523	0.00377	0.00506	0.00588	0.00638	0.00359	0.00442	0.00632	0.00810	0.01068	0.05238	0.53408	0.05876	0.01143	0.00505	0.00162	0.00264	0.26769	0.00361	0.00331
6	0.01054	0.83048	0.01992	0.00677	0.01004	0.05033	0.00667	0.01177	0.00801	0.00914	0.00542	0.00625	0.00498	0.00335	0.00253	0.00084	0.00427	0.00209	0.00167	0.00495
7	0.01010	0.12861	0.20123	0.04741	0.13418	0.09823	0.14057	0.04086	0.03780	0.06342	0.02308	0.02443	0.00699	0.00406	0.00385	0.00117	0.01366	0.01273	0.00223	0.00539
8	0.00537	0.00365	0.00448	0.00477	0.00501	0.00351	0.00305	0.00571	0.00686	0.00914	0.08570	0.29616	0.06149	0.39190	0.01225	0.06717	0.00298	0.02509	0.00296	0.00274
9	0.00550	0.00412	0.00527	0.00583	0.00674	0.00388	0.00476	0.00690	0.00881	0.01129	0.07902	0.16385	0.25189	0.01050	0.00503	0.00158	0.00281	0.41519	0.00363	0.00343
10	0.01386	0.01151	0.04437	0.04536	0.01276	0.07280	0.00784	0.66601	0.01634	0.02161	0.00869	0.00910	0.00629	0.00462	0.00421	0.00118	0.04037	0.00339	0.00347	0.00621
11	0.01189	0.08503	0.10635	0.00962	0.06461	0.02202	0.02070	0.44723	0.08213	0.01872	0.01831	0.04895	0.00793	0.00516	0.01803	0.00125	0.00436	0.00377	0.01799	0.00595
12	0.00558	0.00402	0.00541	0.00623	0.00684	0.00393	0.00490	0.00697	0.02197	0.01079	0.02101	0.39615	0.04340	0.03774	0.00558	0.00174	0.00296	0.40785	0.00355	0.00339
13	0.00477	0.00346	0.00451	0.00529	0.00564	0.00320	0.00359	0.00553	0.00770	0.01019	0.05496	0.75127	0.08962	0.01177	0.00491	0.00154	0.00223	0.02302	0.00362	0.00319
14	0.00758	0.00687	0.01120	0.76167	0.02474	0.00846	0.01023	0.04412	0.00825	0.01070	0.00772	0.01182	0.00608	0.00422	0.00391	0.00130	0.00498	0.03815	0.02364	0.00435
15	0.01568	0.00888	0.01036	0.00798	0.01098	0.00912	0.00657	0.46268	0.01494	0.37605	0.01212	0.02798	0.00827	0.00487	0.00391	0.00119	0.00381	0.00382	0.00427	0.00653
16	0.00732	0.00689	0.01163	0.85444	0.02670	0.00861	0.01077	0.00991	0.00775	0.00991	0.00689	0.01034	0.00517	0.00388	0.00388	0.00129	0.00517	0.00345	0.00172	0.00431
17	0.00471	0.00402	0.00406	0.00403	0.00535	0.00341	0.00303	0.00592	0.02550	0.01073	0.06159	0.03661	0.79847	0.00967	0.00457	0.00131	0.00198	0.00807	0.00363	0.00334
18	0.01474	0.01086	0.01163	0.00892	0.01202	0.01202	0.00737	0.82664	0.01823	0.02443	0.00931	0.00931	0.00659	0.00465	0.00388	0.00116	0.00427	0.00349	0.00388	0.00659
19	0.00732	0.00689	0.01163	0.85444	0.02670	0.00861	0.01077	0.00991	0.00775	0.00991	0.00689	0.01034	0.00517	0.00388	0.00388	0.00129	0.00517	0.00345	0.00172	0.00431
20	0.00732	0.00689	0.01163	0.85444	0.02670	0.00861	0.01077	0.00991	0.00775	0.00991	0.00689	0.01034	0.00517	0.00388	0.00388	0.00129	0.00517	0.00345	0.00172	0.00431
21	0.00508	0.00368	0.00480	0.00509	0.00569	0.00340	0.00360	0.00632	0.00917	0.01261	0.41146	0.43200	0.06255	0.01004	0.00475	0.00139	0.00204	0.00900	0.00392	0.00340
22	0.00476	0.00397	0.00414	0.00421	0.00543	0.00339	0.00320	0.00578	0.00872	0.01045	0.03662	0.03738	0.73662	0.04353	0.00524	0.00145	0.00217	0.07613	0.00355	0.00326
23	0.00778	0.00463	0.00580	0.00530	0.00672	0.00421	0.00409	0.00965	0.04262	0.17631	0.38956	0.07083	0.20955	0.00796	0.00447	0.00128	0.00229	0.03859	0.00415	0.00422
24	0.00791	0.05322	0.79257	0.01100	0.01659	0.00927	0.03241	0.01225	0.00819	0.01216	0.00692	0.00816	0.00494	0.00366	0.00366	0.00121	0.00569	0.00287	0.00165	0.00569
25	0.00820	0.01709	0.59041	0.01268	0.01785	0.00925	0.26461	0.01232	0.00848	0.01232	0.00723	0.00889	0.00521	0.00356	0.00396	0.00125	0.00598	0.00339	0.00174	0.00557
26	0.00848	0.00848	0.01187	0.01018	0.01018	0.01187	0.00848	0.00933	0.00594	0.00933	0.00509	0.00848	0.00509	0.00679	0.01272	0.00170	0.85666	0.00339	0.00170	0.00424
27	0.00504	0.00389	0.00468	0.00512	0.00583	0.00367	0.00361	0.00650	0.05691	0.01065	0.06182	0.49080	0.26850	0.01158	0.04090	0.00166	0.00254	0.00930	0.00358	0.00340
28	0.03787	0.01042	0.01120	0.00868	0.01170	0.01148	0.00717	0.73979	0.03362	0.05603	0.00981	0.01021	0.00708	0.00477	0.00387	0.00118	0.00416	0.02064	0.00387	0.00646
29	0.00516	0.00372	0.00466	0.00520	0.00586	0.00339	0.00374	0.00610	0.00820	0.02938	0.06960	0.51153	0.23063	0.01103	0.00485	0.00150	0.00230	0.08617	0.00366	0.00333
30	0.01159	0.00919	0.00978	0.00823	0.01076	0.01041	0.00656	0.30512	0.52949	0.03480	0.01349	0.01262	0.00994	0.00504	0.00392	0.00126	0.00350	0.00406	0.00394	0.00631
31	0.02092	0.09064	0.17491	0.05475	0.12567	0.02690	0.16487	0.16289	0.04692	0.08158	0.00848	0.00958	0.00627	0.00389	0.00382	0.00118	0.00497	0.00348	0.00253	0.00575
32	0.01329	0.01376	0.01070	0.09526	0.03126	0.46073	0.00749	0.15347	0.04418	0.08095	0.00934	0.00997	0.04379	0.00446	0.00371	0.00110	0.00560	0.00323	0.00267	0.00505
33	0.00555	0.00400	0.00538	0.00544	0.00581	0.00438	0.00382	0.00632	0.00611	0.00851	0.01204	0.09875	0.01283	0.35255	0.43151	0.00475	0.02155	0.00537	0.00232	0.00301
34	0.00961	0.00922	0.01074	0.11443	0.10720	0.16768	0.07509	0.09044	0.05400	0.03193	0.02264	0.14617	0.01148	0.03183	0.00481	0.00138	0.01874	0.08518	0.00275	0.00468
35	0.01218	0.04953	0.06918	0.04866	0.20710	0.06590	0.02740	0.34152	0.04162	0.06617	0.00879	0.00984	0.00664	0.02319	0.00414	0.00121	0.00460	0.00344	0.00293	0.00598

[dist]
# distance from previous block
# <min> <max>
2	29

[block]
# block no. 5 follows, 70 sequences, length 31
# corresponding to MSA columns:
# 404-434
name=unknown_F
#
# <colnr> <probs for GDERKNQSTAVLIFYWHMCP>
#	G	D	E	R	K	N	Q	S	T	A	V	L	I	F	Y	W	H	M	C	P
0	0.01136	0.06037	0.01008	0.00778	0.01049	0.35467	0.00610	0.05262	0.04657	0.03021	0.00790	0.00866	0.02552	0.00376	0.00327	0.00086	0.00471	0.00269	0.00237	0.35002
1	0.01007	0.00850	0.00896	0.02413	0.02890	0.07694	0.00595	0.12382	0.21290	0.06119	0.01319	0.01359	0.09050	0.00490	0.00401	0.00107	0.03608	0.01710	0.00314	0.25506
2	0.00937	0.22392	0.09536	0.00762	0.00973	0.12595	0.00674	0.05137	0.02855	0.05309	0.01140	0.26638	0.01172	0.00660	0.00451	0.00124	0.07403	0.00525	0.00262	0.00456
3	0.00604	0.00501	0.02717	0.00614	0.00723	0.00494	0.03874	0.03608	0.00854	0.01192	0.28549	0.02166	0.08352	0.08951	0.33011	0.00338	0.02238	0.00549	0.00298	0.00367
4	0.00477	0.00366	0.00427	0.00468	0.00536	0.00327	0.00324	0.00557	0.00802	0.01019	0.06217	0.42110	0.36214	0.07588	0.00591	0.00162	0.00223	0.00927	0.00353	0.00316
5	0.89114	0.00750	0.00570	0.00510	0.00750	0.00870	0.00420	0.01140	0.00660	0.01739	0.00540	0.00630	0.00420	0.00360	0.00240	0.00120	0.00300	0.00210	0.00240	0.00420
6	0.02605	0.50983	0.25187	0.00828	0.01226	0.01246	0.04287	0.01239	0.00824	0.07430	0.00670	0.00749	0.00534	0.00354	0.00302	0.00100	0.00461	0.00254	0.00192	0.00531
7	0.00600	0.00446	0.00488	0.00482	0.00607	0.02411	0.00368	0.00718	0.00924	0.06948	0.15515	0.11820	0.49199	0.00934	0.00460	0.00134	0.00231	0.06981	0.00374	0.00360
8	0.00560	0.00376	0.00422	0.00422	0.00427	0.00374	0.00237	0.00564	0.00576	0.00763	0.01323	0.02582	0.04490	0.83182	0.01917	0.00367	0.00369	0.00573	0.00240	0.00238
9	0.00848	0.03512	0.01659	0.01258	0.03943	0.02585	0.46648	0.03922	0.00869	0.01174	0.03299	0.09601	0.00955	0.09085	0.02791	0.00170	0.06482	0.00510	0.00227	0.00463
10	0.00837	0.05346	0.19091	0.04300	0.14547	0.05696	0.17565	0.01098	0.01820	0.01142	0.00951	0.09072	0.02285	0.02678	0.04732	0.00154	0.02273	0.01395	0.00212	0.04807
11	0.00710	0.00360	0.00366	0.00370	0.00457	0.00359	0.00275	0.00885	0.00810	0.01423	0.01308	0.05641	0.01071	0.00489	0.00282	0.00094	0.00183	0.00398	0.84159	0.00359
12	0.01296	0.08514	0.02792	0.03560	0.08037	0.15430	0.01767	0.44346	0.01408	0.02939	0.02165	0.01007	0.03222	0.01317	0.00389	0.00114	0.00471	0.00342	0.00307	0.00577
13	0.01563	0.00645	0.00855	0.00671	0.00949	0.00566	0.00547	0.03694	0.02676	0.69855	0.01638	0.05731	0.05045	0.00536	0.00395	0.00121	0.00319	0.00442	0.00456	0.03295
14	0.00917	0.00777	0.03136	0.07201	0.34540	0.00782	0.01463	0.07463	0.00947	0.07653	0.10008	0.03337	0.05926	0.03597	0.02553	0.00145	0.06419	0.01664	0.00956	0.00518
15	0.00909	0.26602	0.40293	0.02408	0.05433	0.01089	0.07913	0.03725	0.02541	0.02537	0.00706	0.00832	0.00546	0.00422	0.02374	0.00123	0.00524	0.00291	0.00186	0.00546
16	0.00829	0.00790	0.00969	0.00844	0.00944	0.11257	0.07009	0.00987	0.03585	0.03181	0.04393	0.01358	0.03400	0.06695	0.24125	0.00289	0.26349	0.00408	0.02181	0.00407
17	0.00491	0.00358	0.00441	0.00491	0.00534	0.00331	0.00329	0.00563	0.00767	0.01008	0.09114	0.51386	0.16282	0.15165	0.00729	0.00186	0.00241	0.00932	0.00345	0.00308
18	0.00868	0.04259	0.10095	0.13761	0.06610	0.16747	0.11456	0.01086	0.02656	0.01078	0.01794	0.16166	0.04455	0.00611	0.01433	0.00134	0.03270	0.02836	0.00234	0.00451
19	0.08904	0.10816	0.15019	0.02129	0.05216	0.05162	0.05453	0.01142	0.06913	0.06568	0.03164	0.03209	0.16796	0.00619	0.02808	0.00136	0.03411	0.01790	0.00265	0.00478
20	0.01105	0.00566	0.00687	0.00575	0.00769	0.00539	0.00458	0.10112	0.03128	0.30447	0.19973	0.01856	0.08309	0.00584	0.00385	0.00115	0.00264	0.00485	0.19140	0.00502
21	0.06872	0.04352	0.01042	0.03220	0.15014	0.00813	0.00690	0.15697	0.06516	0.28856	0.02606	0.01259	0.03366	0.02685	0.05144	0.00153	0.00408	0.00382	0.00347	0.00578
22	0.05948	0.14996	0.14855	0.04742	0.18266	0.09615	0.04352	0.01906	0.07287	0.05760	0.03070	0.04293	0.02422	0.00435	0.00360	0.00115	0.00457	0.00358	0.00235	0.00528
23	0.00877	0.00812	0.02994	0.00848	0.02758	0.10863	0.06524	0.03324	0.07722	0.02437	0.05301	0.23462	0.14493	0.00908	0.00504	0.00162	0.00401	0.14774	0.00364	0.00472
24	0.00898	0.00475	0.00568	0.00511	0.00660	0.00445	0.00394	0.03581	0.03402	0.20630	0.16570	0.10413	0.12522	0.00668	0.00386	0.00117	0.00234	0.00565	0.26522	0.00439
25	0.00957	0.01149	0.22241	0.04808	0.20287	0.02356	0.07404	0.12755	0.07663	0.04144	0.01029	0.04491	0.03847	0.00479	0.00426	0.02740	0.00461	0.00395	0.01817	0.00553
26	0.01158	0.08270	0.10791	0.06236	0.16802	0.23133	0.04155	0.08786	0.04172	0.07880	0.00821	0.00987	0.00647	0.00416	0.00386	0.00115	0.02034	0.02432	0.00240	0.00539
27	0.00835	0.00579	0.00675	0.03203	0.00755	0.00614	0.00440	0.22172	0.00949	0.04152	0.01253	0.13547	0.01297	0.40259	0.07329	0.00279	0.00420	0.00558	0.00297	0.00386
28	0.00637	0.00470	0.00561	0.00575	0.00692	0.00457	0.00451	0.02234	0.10661	0.04508	0.07871	0.19510	0.27757	0.00955	0.00473	0.00147	0.00264	0.21017	0.00373	0.00388
29	0.05800	0.00858	0.03373	0.11907	0.16898	0.02652	0.19550	0.07684	0.03337	0.08538	0.05789	0.05052	0.02251	0.00506	0.02133	0.00134	0.00467	0.00431	0.02121	0.00519
30	0.06949	0.23112	0.09584	0.02991	0.07712	0.08660	0.05612	0.15955	0.02491	0.06893	0.00752	0.00840	0.00582	0.00392	0.00366	0.00109	0.03169	0.00295	0.00245	0.03292

[dist]
# distance from previous block
# <min> <max>
4	17

[block]
# block no. 6 follows, 70 sequences, length 10
# corresponding to MSA columns:
# 454-463
name=unknown_G
#
# <colnr> <probs for GDERKNQSTAVLIFYWHMCP>
#	G	D	E	R	K	N	Q	S	T	A	V	L	I	F	Y	W	H	M	C	P
0	0.00660	0.03417	0.09327	0.00793	0.11242	0.00553	0.00588	0.02805	0.03291	0.03414	0.07407	0.12190	0.37427	0.00831	0.01961	0.00139	0.00310	0.02906	0.00318	0.00422
1	0.00960	0.04297	0.01268	0.07130	0.22861	0.07731	0.09952	0.05097	0.00923	0.05358	0.04389	0.07400	0.00874	0.00450	0.00415	0.00111	0.03879	0.00398	0.00243	0.16265
2	0.00584	0.00422	0.00559	0.00622	0.00697	0.00412	0.00495	0.03483	0.00887	0.01170	0.08927	0.33214	0.06852	0.01073	0.00505	0.00162	0.00289	0.38930	0.00365	0.00351
3	0.00804	0.00689	0.00804	0.00574	0.00919	0.00517	0.00459	0.00976	0.00804	0.01263	0.00689	0.00804	0.00574	0.00287	0.00287	0.00057	0.00287	0.00230	0.00230	0.88745
4	0.03028	0.14149	0.42781	0.03592	0.13007	0.05688	0.04222	0.01231	0.02434	0.02780	0.00798	0.00919	0.02958	0.00383	0.00356	0.00115	0.00515	0.00308	0.00190	0.00546
5	0.00502	0.00357	0.00448	0.00498	0.00530	0.00336	0.00328	0.00570	0.00752	0.01006	0.11905	0.51829	0.07193	0.20907	0.00831	0.00202	0.00253	0.00912	0.00339	0.00303
6	0.00651	0.00789	0.13336	0.00781	0.07792	0.04698	0.02951	0.00859	0.02701	0.01217	0.20962	0.05862	0.32643	0.00738	0.00450	0.00127	0.02085	0.00626	0.00316	0.00417
7	0.00474	0.00389	0.00413	0.00415	0.00529	0.00333	0.00305	0.00576	0.00886	0.01091	0.13056	0.09313	0.65489	0.04362	0.00521	0.00141	0.00204	0.00814	0.00363	0.00327
8	0.00943	0.29728	0.37287	0.00964	0.02824	0.08491	0.04494	0.01215	0.00833	0.02655	0.00709	0.00827	0.01917	0.00425	0.01829	0.00118	0.03756	0.00281	0.00180	0.00524
9	0.80579	0.00736	0.00578	0.00519	0.00747	0.00851	0.00420	0.01157	0.04679	0.01686	0.00623	0.00761	0.00504	0.04488	0.00330	0.00133	0.00304	0.00238	0.00247	0.00420

[dist]
# distance from previous block
# <min> <max>
1	9

[block]
# block no. 7 follows, 70 sequences, length 31
# corresponding to MSA columns:
# 473-503
name=unknown_H
#
# <colnr> <probs for GDERKNQSTAVLIFYWHMCP>
#	G	D	E	R	K	N	Q	S	T	A	V	L	I	F	Y	W	H	M	C	P
0	0.03097	0.57445	0.08188	0.00829	0.04594	0.11015	0.02220	0.03928	0.01805	0.01042	0.00629	0.02490	0.00559	0.00369	0.00290	0.00094	0.00459	0.00255	0.00187	0.00504
1	0.00723	0.00497	0.00597	0.00596	0.00706	0.00506	0.00436	0.01071	0.21233	0.08462	0.11457	0.42029	0.04625	0.00892	0.00446	0.00140	0.00247	0.00789	0.04120	0.00427
2	0.01045	0.01064	0.09740	0.04680	0.39674	0.04841	0.03751	0.14579	0.03482	0.04411	0.00892	0.01040	0.03163	0.00420	0.00439	0.00121	0.05478	0.00358	0.00241	0.00582
3	0.00555	0.00374	0.00424	0.00430	0.00435	0.00371	0.00245	0.00562	0.00584	0.00775	0.01354	0.07929	0.03740	0.78576	0.01837	0.00355	0.00361	0.00605	0.00246	0.00243
4	0.00763	0.00645	0.01057	0.00837	0.01068	0.00602	0.19019	0.00951	0.00771	0.05251	0.00957	0.05270	0.00845	0.01364	0.33039	0.00301	0.00660	0.00403	0.00232	0.25964
5	0.00571	0.00380	0.00444	0.00444	0.00456	0.00388	0.00266	0.00596	0.00583	0.00804	0.01202	0.02362	0.01336	0.72141	0.11756	0.00391	0.00445	0.00536	0.04645	0.00254
6	0.00529	0.00380	0.00513	0.00591	0.00644	0.00363	0.00448	0.00644	0.00824	0.01094	0.08716	0.50306	0.04171	0.01128	0.00505	0.00161	0.00265	0.28021	0.00364	0.00333
7	0.00819	0.02784	0.00842	0.03779	0.06721	0.00600	0.00538	0.01101	0.10538	0.05473	0.16153	0.04186	0.03048	0.00471	0.00356	0.00093	0.00292	0.00401	0.00298	0.41507
8	0.01099	0.00917	0.00929	0.00754	0.01015	0.09268	0.01636	0.28979	0.13227	0.04218	0.01310	0.06140	0.08721	0.00520	0.00377	0.00108	0.00373	0.00417	0.00332	0.19660
9	0.00851	0.00855	0.01227	0.01040	0.01054	0.01180	0.03809	0.00944	0.00605	0.00944	0.00519	0.00855	0.00512	0.00666	0.01243	0.00168	0.82585	0.00344	0.00171	0.00428
10	0.00472	0.00340	0.00447	0.00532	0.00560	0.00316	0.00356	0.00541	0.00750	0.00993	0.02234	0.81661	0.06963	0.01202	0.00493	0.00156	0.00223	0.01087	0.00360	0.00316
11	0.00923	0.11313	0.04357	0.17537	0.19936	0.05833	0.03478	0.02911	0.02280	0.01083	0.00645	0.00891	0.00549	0.00461	0.00635	0.00130	0.26032	0.00324	0.00186	0.00495
12	0.00556	0.00408	0.00586	0.00586	0.00643	0.00465	0.00439	0.00669	0.00612	0.00873	0.01072	0.01709	0.01050	0.18254	0.69603	0.00578	0.00917	0.00443	0.00213	0.00326
13	0.00498	0.00377	0.00465	0.00526	0.00597	0.00345	0.00390	0.00597	0.00818	0.01042	0.02708	0.43082	0.29143	0.01110	0.00491	0.00153	0.00241	0.16731	0.00359	0.00327
14	0.00510	0.00359	0.00450	0.00501	0.00526	0.00344	0.00327	0.00567	0.00709	0.00947	0.05963	0.48837	0.05010	0.28333	0.02598	0.00234	0.00289	0.02881	0.00320	0.00294
15	0.60070	0.00859	0.00725	0.00635	0.00850	0.08118	0.00516	0.06081	0.02609	0.04397	0.01891	0.00770	0.00546	0.00471	0.02304	0.00134	0.08069	0.00257	0.00253	0.00447
16	0.00778	0.02005	0.84367	0.01105	0.01678	0.00900	0.01432	0.01228	0.00818	0.01228	0.00696	0.00818	0.00491	0.00368	0.00368	0.00123	0.00573	0.00286	0.00164	0.00573
17	0.00491	0.00409	0.00421	0.00419	0.00547	0.00357	0.00314	0.00638	0.04508	0.01102	0.07016	0.06742	0.71574	0.00950	0.00452	0.00131	0.00201	0.00796	0.02592	0.00342
18	0.00490	0.00355	0.00467	0.00551	0.00583	0.00336	0.00377	0.00587	0.02653	0.01013	0.02151	0.78985	0.03935	0.01188	0.00494	0.00157	0.00232	0.04761	0.00361	0.00324
19	0.00732	0.00689	0.01163	0.85444	0.02670	0.00861	0.01077	0.00991	0.00775	0.00991	0.00689	0.01034	0.00517	0.00388	0.00388	0.00129	0.00517	0.00345	0.00172	0.00431
20	0.01448	0.01848	0.01099	0.00999	0.01199	0.84819	0.00749	0.01548	0.01099	0.00949	0.00599	0.00699	0.00499	0.00400	0.00350	0.00100	0.00699	0.00250	0.00200	0.00449
21	0.01401	0.01019	0.01085	0.00869	0.02283	0.03963	0.00699	0.59710	0.10291	0.09964	0.01147	0.01113	0.03658	0.00487	0.00390	0.00118	0.00407	0.00375	0.00387	0.00635
22	0.00546	0.00396	0.00544	0.00550	0.00601	0.00430	0.00398	0.00646	0.00659	0.00921	0.07090	0.09633	0.03374	0.23435	0.48476	0.00472	0.00718	0.00545	0.00247	0.00316
23	0.00797	0.03538	0.65412	0.03086	0.11222	0.00897	0.02291	0.01205	0.02068	0.01215	0.00773	0.00914	0.01932	0.00441	0.02470	0.00134	0.00557	0.00309	0.00175	0.00563
24	0.01662	0.00741	0.03470	0.00720	0.01026	0.00643	0.00610	0.10375	0.01176	0.71659	0.02833	0.01290	0.00959	0.00480	0.00390	0.00120	0.00345	0.00388	0.00460	0.00652
25	0.00994	0.00835	0.00887	0.00783	0.01005	0.00957	0.00613	0.10287	0.70472	0.01703	0.05913	0.01471	0.01262	0.00534	0.00397	0.00129	0.00313	0.00443	0.00396	0.00605
26	0.00582	0.00421	0.00500	0.00508	0.00622	0.00383	0.00394	0.00736	0.03257	0.05322	0.17233	0.13861	0.39276	0.00955	0.00470	0.00140	0.00234	0.14364	0.00378	0.00362
