[name]
unknown

[dist]
# distance from previous block
# <min> <max>
0	49

[block]
# block no. 0 follows, 71 sequences, length 42
# corresponding to MSA columns:
# 49-90
name=unknown_A
#
# <colnr> <probs for GDERKNQSTAVLIFYWHMCP>
#	G	D	E	R	K	N	Q	S	T	A	V	L	I	F	Y	W	H	M	C	P
0	0.01131	0.10023	0.02391	0.02422	0.06952	0.07678	0.12894	0.26159	0.07633	0.04526	0.03185	0.01079	0.00773	0.00424	0.00373	0.00110	0.00447	0.02588	0.00287	0.08926
1	0.03142	0.01091	0.02449	0.03443	0.36016	0.16529	0.09897	0.07739	0.07151	0.02420	0.00781	0.00933	0.00622	0.00378	0.00389	0.00113	0.01845	0.00335	0.00227	0.04499
2	0.00994	0.04773	0.01625	0.01781	0.43332	0.08241	0.20532	0.04071	0.04092	0.01258	0.00752	0.00942	0.00607	0.00349	0.00384	0.00113	0.00504	0.00352	0.00207	0.05092
3	0.05555	0.00912	0.01363	0.14173	0.46089	0.05953	0.06106	0.02295	0.04893	0.01249	0.00742	0.00944	0.00600	0.00357	0.00368	0.00113	0.00461	0.00331	0.00205	0.07291
4	0.01171	0.00960	0.01346	0.01447	0.31343	0.01999	0.08197	0.32829	0.03530	0.05787	0.02144	0.00994	0.00697	0.00402	0.00384	0.00113	0.00438	0.00355	0.00290	0.05573
5	0.16404	0.00935	0.01129	0.01218	0.24811	0.01008	0.00783	0.35610	0.08149	0.01853	0.00842	0.00915	0.00639	0.00407	0.00354	0.00114	0.00395	0.00324	0.00298	0.03814
6	0.06771	0.01194	0.01102	0.09052	0.08904	0.30386	0.00791	0.11071	0.07614	0.01255	0.00712	0.00857	0.00577	0.00452	0.00516	0.00120	0.15817	0.00304	0.00230	0.02274
7	0.16274	0.00730	0.00784	0.00616	0.00903	0.00689	0.00493	0.08377	0.12781	0.04463	0.02994	0.02946	0.00773	0.00387	0.00313	0.00089	0.00299	0.00302	0.00283	0.45504
8	0.03086	0.00574	0.00748	0.00607	0.00843	0.00501	0.00488	0.01446	0.01022	0.54972	0.10108	0.06006	0.12444	0.00638	0.01729	0.00128	0.00298	0.00500	0.00430	0.03431
9	0.00568	0.00456	0.00515	0.00489	0.00615	0.00436	0.00370	0.00852	0.13500	0.01341	0.38439	0.02987	0.36363	0.00821	0.00443	0.00126	0.00205	0.00702	0.00390	0.00383
10	0.01202	0.43481	0.01541	0.00818	0.01076	0.36794	0.00700	0.03682	0.02600	0.00976	0.00589	0.00681	0.00512	0.00377	0.00332	0.00094	0.03644	0.00236	0.00189	0.00476
11	0.00481	0.00339	0.00441	0.00517	0.00536	0.00320	0.00337	0.00537	0.00708	0.00944	0.01978	0.73755	0.02365	0.13954	0.00708	0.00188	0.00245	0.01010	0.00337	0.00300
12	0.00511	0.00401	0.00462	0.00459	0.00564	0.00363	0.00342	0.00670	0.03866	0.01226	0.32001	0.11317	0.40671	0.02587	0.00486	0.00135	0.00204	0.03012	0.00378	0.00345
13	0.01702	0.00681	0.00908	0.00696	0.00993	0.00606	0.00575	0.07378	0.01145	0.78822	0.01472	0.01279	0.00929	0.00474	0.00385	0.00118	0.00333	0.00383	0.00468	0.00652
14	0.89233	0.00741	0.00564	0.00504	0.00741	0.00860	0.00415	0.01127	0.00653	0.01720	0.00534	0.00623	0.00415	0.00356	0.00237	0.00119	0.00297	0.00208	0.00237	0.00415
15	0.89233	0.00741	0.00564	0.00504	0.00741	0.00860	0.00415	0.01127	0.00653	0.01720	0.00534	0.00623	0.00415	0.00356	0.00237	0.00119	0.00297	0.00208	0.00237	0.00415
16	0.05553	0.00714	0.00755	0.00684	0.00871	0.00804	0.00528	0.03139	0.56946	0.01566	0.14089	0.01704	0.04437	0.02761	0.00429	0.00132	0.00280	0.00473	0.03603	0.00531
17	0.01720	0.00653	0.00890	0.00682	0.00979	0.00564	0.00564	0.01869	0.01097	0.84399	0.01513	0.01305	0.00949	0.00475	0.00386	0.00119	0.00326	0.00386	0.00475	0.00653
18	0.89233	0.00741	0.00564	0.00504	0.00741	0.00860	0.00415	0.01127	0.00653	0.01720	0.00534	0.00623	0.00415	0.00356	0.00237	0.00119	0.00297	0.00208	0.00237	0.00415
19	0.00484	0.00340	0.00451	0.00536	0.00564	0.00320	0.00366	0.00560	0.00744	0.01003	0.02078	0.79092	0.02464	0.01167	0.00484	0.00154	0.00228	0.05154	0.03496	0.00315
20	0.00574	0.00376	0.00433	0.00445	0.00462	0.00375	0.00277	0.00609	0.00617	0.00850	0.01325	0.05649	0.01479	0.67718	0.01615	0.00321	0.00348	0.08417	0.07852	0.00258
21	0.00769	0.01983	0.84538	0.01093	0.01659	0.00890	0.01417	0.01214	0.00810	0.01214	0.00688	0.00810	0.00486	0.00364	0.00364	0.00121	0.00567	0.00283	0.00162	0.00567
22	0.06369	0.00657	0.00872	0.00673	0.00966	0.00579	0.00556	0.01829	0.01074	0.80007	0.01461	0.01269	0.00921	0.00468	0.00378	0.00119	0.00325	0.00376	0.00462	0.00640
23	0.00467	0.00335	0.00443	0.00529	0.00555	0.00312	0.00354	0.00534	0.00738	0.00981	0.02168	0.83726	0.05049	0.01194	0.00488	0.00155	0.00222	0.01081	0.00356	0.00312
24	0.00750	0.00403	0.00415	0.00397	0.00499	0.00408	0.00302	0.05892	0.00882	0.01496	0.06058	0.01482	0.01116	0.00467	0.00286	0.00093	0.00194	0.00376	0.78108	0.00376
25	0.00715	0.00357	0.00357	0.00357	0.00447	0.00357	0.00268	0.00893	0.00804	0.01429	0.01251	0.01429	0.00983	0.00447	0.00268	0.00089	0.00179	0.00357	0.88654	0.00357
26	0.00839	0.00839	0.01174	0.01007	0.01007	0.01174	0.00839	0.00923	0.00587	0.00923	0.00503	0.00839	0.00503	0.00671	0.01258	0.00168	0.85823	0.00336	0.00168	0.00419
27	0.00792	0.00674	0.00789	0.00566	0.00900	0.00507	0.00452	0.00955	0.00789	0.01237	0.00681	0.00803	0.00570	0.00307	0.00310	0.01982	0.00285	0.00229	0.00226	0.86945
28	0.00467	0.00334	0.00445	0.00534	0.00556	0.00311	0.00356	0.00534	0.00734	0.00979	0.02113	0.86275	0.02536	0.01201	0.00489	0.00156	0.00222	0.01090	0.00356	0.00311
29	0.01025	0.86756	0.02009	0.00656	0.00984	0.01517	0.00656	0.01148	0.00779	0.00902	0.00533	0.00615	0.00492	0.00328	0.00246	0.00082	0.00410	0.00205	0.00164	0.00492
30	0.00954	0.00824	0.00867	0.00780	0.00997	0.00954	0.00607	0.02037	0.83441	0.01604	0.01561	0.01431	0.01170	0.00520	0.00390	0.00130	0.00303	0.00433	0.00390	0.00607
31	0.00461	0.00389	0.00400	0.00397	0.00523	0.00327	0.00298	0.00566	0.00893	0.01081	0.11148	0.03615	0.76685	0.00954	0.00453	0.00129	0.00193	0.00799	0.00362	0.00327
32	0.00949	0.00911	0.01556	0.02353	0.84133	0.00911	0.01177	0.01177	0.00873	0.01253	0.00721	0.00949	0.00607	0.00342	0.00380	0.00114	0.00456	0.00342	0.00190	0.00607
33	0.00543	0.00392	0.00513	0.00482	0.00573	0.00362	0.00362	0.00724	0.01085	0.01538	0.83931	0.02864	0.03618	0.00784	0.00452	0.00121	0.00181	0.00693	0.00422	0.00362
34	0.00724	0.00681	0.01150	0.85604	0.02641	0.00852	0.01065	0.00980	0.00767	0.00980	0.00681	0.01022	0.00511	0.00383	0.00383	0.00128	0.00511	0.00341	0.00170	0.00426
35	0.00618	0.00441	0.00618	0.00706	0.00794	0.00441	0.00618	0.00794	0.00883	0.01147	0.02030	0.04325	0.02207	0.01059	0.00530	0.00177	0.00353	0.81553	0.00353	0.00353
36	0.00905	0.01034	0.02262	0.01616	0.02004	0.00970	0.82741	0.01228	0.00905	0.01228	0.00776	0.01034	0.00582	0.00323	0.00452	0.00129	0.00646	0.00452	0.00194	0.00517
37	0.00462	0.00355	0.00422	0.00476	0.00541	0.00316	0.00330	0.00540	0.00790	0.01001	0.02818	0.53388	0.34968	0.01110	0.00475	0.00145	0.00211	0.00978	0.00356	0.00316
38	0.00736	0.00606	0.00900	0.00787	0.00912	0.01762	0.09209	0.06403	0.04726	0.03192	0.00980	0.01356	0.00868	0.03913	0.53145	0.00440	0.09025	0.00405	0.00229	0.00409
39	0.06311	0.00831	0.01225	0.41023	0.26441	0.02889	0.00997	0.10834	0.03473	0.01295	0.00738	0.00969	0.00571	0.00383	0.00373	0.00121	0.00469	0.00334	0.00213	0.00512
40	0.00847	0.00817	0.01342	0.44047	0.41405	0.02792	0.01111	0.01086	0.00825	0.01109	0.00698	0.00980	0.00557	0.00364	0.00381	0.00121	0.00489	0.00339	0.00180	0.00513
41	0.01286	0.01925	0.02388	0.00910	0.06186	0.00935	0.03465	0.33460	0.19498	0.19426	0.04318	0.01230	0.02215	0.00481	0.00389	0.00120	0.00375	0.00394	0.00381	0.00616

[dist]
# distance from previous block
# <min> <max>
0	42

[block]
# block no. 1 follows, 71 sequences, length 16
# corresponding to MSA columns:
# 133-148
name=unknown_B
#
# <colnr> <probs for GDERKNQSTAVLIFYWHMCP>
#	G	D	E	R	K	N	Q	S	T	A	V	L	I	F	Y	W	H	M	C	P
0	0.42627	0.00885	0.03355	0.00667	0.00920	0.06634	0.00559	0.13778	0.04448	0.12614	0.00884	0.00949	0.02639	0.00431	0.00341	0.00118	0.03050	0.01581	0.00295	0.03225
1	0.08991	0.02991	0.00936	0.04392	0.03677	0.02264	0.10798	0.05883	0.04273	0.10658	0.24699	0.03096	0.10781	0.01941	0.00440	0.00127	0.01318	0.01946	0.00334	0.00455
2	0.02991	0.00896	0.01502	0.11370	0.65123	0.00920	0.05007	0.05287	0.00905	0.01291	0.00725	0.00952	0.00593	0.00352	0.00380	0.00116	0.00465	0.00344	0.00199	0.00581
3	0.01061	0.00872	0.03224	0.00855	0.08619	0.07873	0.03149	0.07436	0.00955	0.14233	0.00828	0.00897	0.00629	0.00345	0.00329	0.00084	0.00370	0.00281	0.00269	0.47691
4	0.00788	0.00650	0.00794	0.04644	0.00961	0.00551	0.00506	0.00986	0.03562	0.03492	0.06588	0.03788	0.00940	0.00417	0.00365	0.00082	0.03857	0.04070	0.00257	0.62701
5	0.89233	0.00741	0.00564	0.00504	0.00741	0.00860	0.00415	0.01127	0.00653	0.01720	0.00534	0.00623	0.00415	0.00356	0.00237	0.00119	0.00297	0.00208	0.00237	0.00415
6	0.00549	0.00368	0.00421	0.00429	0.00431	0.00366	0.00243	0.00555	0.00574	0.00765	0.01290	0.10064	0.01497	0.78829	0.01820	0.00352	0.00358	0.00606	0.00243	0.00239
7	0.00481	0.00376	0.00426	0.00440	0.00530	0.00332	0.00315	0.00580	0.00861	0.01098	0.18527	0.21400	0.45129	0.07065	0.00567	0.00151	0.00210	0.00830	0.00360	0.00322
8	0.05338	0.00822	0.01200	0.15851	0.28252	0.00862	0.03070	0.10873	0.09186	0.19228	0.00983	0.01069	0.00715	0.00409	0.00378	0.00120	0.00416	0.00357	0.00292	0.00579
9	0.00954	0.00824	0.00867	0.00780	0.00997	0.00954	0.00607	0.02037	0.83441	0.01604	0.01561	0.01431	0.01170	0.00520	0.00390	0.00130	0.00303	0.00433	0.00390	0.00607
10	0.79064	0.00731	0.00601	0.00525	0.00769	0.00826	0.00432	0.01213	0.00704	0.11328	0.00648	0.00702	0.00477	0.00370	0.00255	0.00119	0.00300	0.00228	0.00265	0.00443
11	0.05012	0.00630	0.00795	0.14619	0.06563	0.02656	0.00601	0.08910	0.02082	0.09235	0.16754	0.05791	0.18916	0.00708	0.02745	0.00138	0.02541	0.00538	0.00323	0.00443
12	0.02561	0.07221	0.06730	0.00983	0.01249	0.35471	0.11014	0.16348	0.06034	0.01312	0.00792	0.02917	0.00644	0.00536	0.04396	0.00134	0.00584	0.00329	0.00243	0.00504
13	0.00453	0.00388	0.00388	0.00388	0.00518	0.00324	0.00291	0.00550	0.00874	0.01036	0.03884	0.03690	0.83978	0.00971	0.00453	0.00129	0.00194	0.00809	0.00356	0.00324
14	0.00967	0.00507	0.00676	0.00591	0.00741	0.00494	0.00457	0.04326	0.00913	0.28518	0.17507	0.01869	0.03713	0.12291	0.24356	0.00291	0.00501	0.00485	0.00351	0.00446
15	0.04695	0.00874	0.02339	0.16321	0.22918	0.02152	0.15002	0.09261	0.02403	0.07006	0.03045	0.01044	0.00694	0.00477	0.02642	0.00138	0.07858	0.00369	0.00236	0.00527

[dist]
# distance from previous block
# <min> <max>
0	1

[block]
# block no. 2 follows, 71 sequences, length 38
# corresponding to MSA columns:
# 150-187
name=unknown_C
#
# <colnr> <probs for GDERKNQSTAVLIFYWHMCP>
#	G	D	E	R	K	N	Q	S	T	A	V	L	I	F	Y	W	H	M	C	P
0	0.00783	0.06591	0.80052	0.01069	0.01623	0.00925	0.01375	0.01211	0.00808	0.01197	0.00680	0.00799	0.00486	0.00362	0.00358	0.00119	0.00558	0.00279	0.00162	0.00563
1	0.61264	0.00799	0.00695	0.00605	0.00847	0.00919	0.00491	0.11492	0.16763	0.01785	0.00780	0.00816	0.00590	0.00401	0.00285	0.00120	0.00314	0.00268	0.00285	0.00482
2	0.00569	0.00410	0.00475	0.00453	0.00517	0.00379	0.00290	0.00621	0.00676	0.00924	0.08707	0.11535	0.07436	0.52625	0.01341	0.00269	0.00315	0.00603	0.00271	0.11584
3	0.02225	0.00411	0.00506	0.00545	0.00611	0.00395	0.00383	0.01935	0.05009	0.01062	0.03321	0.55484	0.06160	0.09371	0.00609	0.00168	0.00255	0.06068	0.00338	0.05144
4	0.17229	0.00792	0.00908	0.00709	0.00998	0.00800	0.00586	0.25552	0.01226	0.45566	0.01164	0.01070	0.00767	0.00449	0.00359	0.00118	0.00349	0.00342	0.00406	0.00610
5	0.00483	0.00341	0.00440	0.00513	0.00531	0.00322	0.00334	0.00538	0.00702	0.00936	0.01950	0.71171	0.02330	0.16586	0.00753	0.00195	0.00249	0.00994	0.00334	0.00297
6	0.00548	0.00411	0.00616	0.00616	0.00685	0.00479	0.00479	0.00685	0.00616	0.00890	0.01027	0.01506	0.00959	0.02876	0.85006	0.00616	0.01027	0.00411	0.00205	0.00342
7	0.00942	0.00895	0.01512	0.09440	0.75217	0.00912	0.01157	0.03075	0.00886	0.01257	0.00722	0.00955	0.00600	0.00348	0.00380	0.00115	0.00459	0.00342	0.00193	0.00593
8	0.89233	0.00741	0.00564	0.00504	0.00741	0.00860	0.00415	0.01127	0.00653	0.01720	0.00534	0.00623	0.00415	0.00356	0.00237	0.00119	0.00297	0.00208	0.00237	0.00415
9	0.00467	0.00334	0.00445	0.00534	0.00556	0.00311	0.00356	0.00534	0.00734	0.00979	0.02113	0.86275	0.02536	0.01201	0.00489	0.00156	0.00222	0.01090	0.00356	0.00311
10	0.83595	0.00763	0.00601	0.00528	0.00770	0.00881	0.00435	0.06377	0.00726	0.01765	0.00559	0.00642	0.00430	0.00363	0.00247	0.00118	0.00305	0.00216	0.00247	0.00430
11	0.01720	0.00653	0.00890	0.00682	0.00979	0.00564	0.00564	0.01869	0.01097	0.84399	0.01513	0.01305	0.00949	0.00475	0.00386	0.00119	0.00326	0.00386	0.00475	0.00653
12	0.00543	0.00392	0.00513	0.00482	0.00573	0.00362	0.00362	0.00724	0.01085	0.01538	0.83931	0.02864	0.03618	0.00784	0.00452	0.00121	0.00181	0.00693	0.00422	0.00362
13	0.00586	0.00398	0.00500	0.00469	0.00571	0.00364	0.00354	0.00757	0.01040	0.04312	0.65746	0.02792	0.12308	0.00768	0.00436	0.00119	0.00187	0.00670	0.07257	0.00367
14	0.00600	0.00443	0.00479	0.00465	0.00605	0.00397	0.00353	0.00783	0.07789	0.07619	0.03312	0.09919	0.61808	0.00915	0.00448	0.00132	0.00220	0.02973	0.00368	0.00373
15	0.89233	0.00741	0.00564	0.00504	0.00741	0.00860	0.00415	0.01127	0.00653	0.01720	0.00534	0.00623	0.00415	0.00356	0.00237	0.00119	0.00297	0.00208	0.00237	0.00415
16	0.00453	0.00388	0.00388	0.00388	0.00518	0.00324	0.00291	0.00550	0.00874	0.01036	0.03884	0.03690	0.83978	0.00971	0.00453	0.00129	0.00194	0.00809	0.00356	0.00324
17	0.00545	0.00431	0.00495	0.00472	0.00590	0.00402	0.00356	0.00776	0.08708	0.01340	0.43775	0.03065	0.35962	0.00835	0.00447	0.00125	0.00198	0.00716	0.00392	0.00369
18	0.00795	0.00681	0.00795	0.00568	0.00909	0.00511	0.00454	0.00965	0.00795	0.01249	0.00681	0.00795	0.00568	0.00284	0.00284	0.00057	0.00284	0.00227	0.00227	0.88869
19	0.00949	0.00911	0.01556	0.02353	0.84133	0.00911	0.01177	0.01177	0.00873	0.01253	0.00721	0.00949	0.00607	0.00342	0.00380	0.00114	0.00456	0.00342	0.00190	0.00607
20	0.00618	0.00441	0.00618	0.00706	0.00794	0.00441	0.00618	0.00794	0.00883	0.01147	0.02030	0.04325	0.02207	0.01059	0.00530	0.00177	0.00353	0.81553	0.00353	0.00353
21	0.15195	0.00677	0.00846	0.00660	0.00948	0.00625	0.00545	0.03844	0.01047	0.69547	0.01347	0.01190	0.00859	0.00456	0.00363	0.00119	0.00324	0.00357	0.00436	0.00616
22	0.00454	0.00384	0.00393	0.00399	0.00521	0.00323	0.00296	0.00549	0.00864	0.01032	0.03753	0.09786	0.77966	0.00988	0.00456	0.00131	0.00196	0.00830	0.00356	0.00323
23	0.00724	0.00681	0.01150	0.85604	0.02641	0.00852	0.01065	0.00980	0.00767	0.00980	0.00681	0.01022	0.00511	0.00383	0.00383	0.00128	0.00511	0.00341	0.00170	0.00426
24	0.00558	0.00372	0.00418	0.00418	0.00418	0.00372	0.00232	0.00558	0.00558	0.00743	0.01208	0.02509	0.01394	0.86525	0.01952	0.00372	0.00372	0.00558	0.00232	0.00232
25	0.01299	0.00991	0.01142	0.00893	0.01174	0.01091	0.05989	0.60237	0.14670	0.02115	0.00999	0.01022	0.00731	0.00508	0.00450	0.04942	0.00413	0.00366	0.00361	0.00610
26	0.01434	0.01051	0.01129	0.00872	0.01174	0.01163	0.00719	0.76656	0.06404	0.04021	0.00969	0.00957	0.00687	0.00464	0.00384	0.00116	0.00413	0.00351	0.00386	0.00650
27	0.00549	0.00407	0.00596	0.00596	0.00658	0.00468	0.00454	0.00672	0.00610	0.00875	0.01045	0.01607	0.01002	0.11314	0.76627	0.00592	0.00961	0.00426	0.00208	0.00331
28	0.06077	0.01909	0.79500	0.01058	0.01604	0.00889	0.01357	0.01209	0.00800	0.01245	0.00679	0.00798	0.00481	0.00364	0.00357	0.00121	0.00550	0.00279	0.00166	0.00558
29	0.00591	0.00474	0.05041	0.00497	0.00544	0.00417	0.01346	0.00633	0.00597	0.02071	0.01192	0.04473	0.01325	0.68081	0.07681	0.02214	0.00427	0.01892	0.00234	0.00271
30	0.00549	0.00405	0.00585	0.00585	0.00642	0.00462	0.00440	0.00664	0.00607	0.00867	0.01056	0.01666	0.01028	0.16196	0.71780	0.00577	0.00923	0.00434	0.00210	0.00325
31	0.00778	0.00737	0.01248	0.65565	0.22256	0.00866	0.01092	0.01027	0.00792	0.01045	0.00691	0.01005	0.00534	0.00373	0.00382	0.00124	0.00498	0.00341	0.00175	0.00470
32	0.12941	0.00964	0.01024	0.07848	0.05189	0.06436	0.01776	0.32582	0.21832	0.04093	0.00993	0.01015	0.00733	0.00444	0.00364	0.00120	0.00402	0.00345	0.00327	0.00573
33	0.00606	0.00418	0.00590	0.00601	0.00667	0.00395	0.04787	0.02929	0.00790	0.06014	0.04124	0.62800	0.02201	0.09171	0.00617	0.00171	0.00272	0.02157	0.00345	0.00347
34	0.00490	0.00344	0.00442	0.00507	0.00527	0.00326	0.00329	0.00546	0.00709	0.00949	0.04970	0.65047	0.02329	0.19639	0.00804	0.00201	0.00253	0.00960	0.00332	0.00296
35	0.01106	0.00706	0.02855	0.05602	0.09084	0.00703	0.00656	0.01536	0.24432	0.29192	0.03026	0.04819	0.02530	0.00812	0.10981	0.00186	0.00427	0.00435	0.00357	0.00556
36	0.02451	0.50441	0.01606	0.03983	0.03247	0.15183	0.00688	0.08120	0.00932	0.05065	0.00640	0.00719	0.00534	0.00358	0.00291	0.00091	0.00451	0.00242	0.00208	0.04749
37	0.00899	0.02203	0.11319	0.05467	0.43172	0.00808	0.03080	0.02332	0.00862	0.03387	0.00799	0.00968	0.02439	0.00352	0.00358	0.00103	0.00427	0.00321	0.00208	0.20497

[dist]
# distance from previous block
# <min> <max>
0	1

[block]
# block no. 3 follows, 71 sequences, length 43
# corresponding to MSA columns:
# 189-231
name=unknown_D
#
# <colnr> <probs for GDERKNQSTAVLIFYWHMCP>
#	G	D	E	R	K	N	Q	S	T	A	V	L	I	F	Y	W	H	M	C	P
0	0.01020	0.20429	0.08587	0.00865	0.04301	0.09069	0.00730	0.05106	0.42990	0.01369	0.01100	0.01081	0.00849	0.00442	0.00350	0.00114	0.00399	0.00344	0.00293	0.00564
1	0.73541	0.00836	0.00685	0.01842	0.02308	0.07121	0.02194	0.03253	0.00723	0.01629	0.00566	0.00681	0.00448	0.01402	0.00292	0.00121	0.01465	0.00229	0.00234	0.00427
2	0.01026	0.00982	0.03693	0.03339	0.31000	0.11850	0.03587	0.12316	0.08388	0.04281	0.11332	0.01312	0.04265	0.00466	0.00391	0.00116	0.00431	0.00403	0.00279	0.00544
3	0.00545	0.00454	0.00486	0.00471	0.00587	0.02983	0.00352	0.00724	0.05221	0.01254	0.34710	0.07419	0.41662	0.00869	0.00448	0.00126	0.00211	0.00742	0.00379	0.00356
4	0.01348	0.00993	0.01069	0.00848	0.01132	0.01102	0.00691	0.59356	0.21534	0.06200	0.01104	0.01063	0.00792	0.00475	0.00385	0.00119	0.00389	0.00369	0.00390	0.00641
5	0.05327	0.00815	0.00865	0.00759	0.00985	0.00924	0.00597	0.08138	0.65242	0.07118	0.03951	0.01387	0.01153	0.00513	0.00384	0.00127	0.00310	0.00420	0.00389	0.00597
6	0.56686	0.00716	0.00655	0.00566	0.00796	0.00787	0.00456	0.06234	0.05051	0.10508	0.00800	0.03480	0.00638	0.02183	0.02377	0.02419	0.00325	0.00290	0.00280	0.04756
7	0.16266	0.01304	0.01080	0.00958	0.04215	0.39789	0.07341	0.12667	0.03599	0.02241	0.00738	0.02881	0.00611	0.02544	0.00405	0.00118	0.02210	0.00311	0.00243	0.00479
8	0.00909	0.00796	0.00820	0.00742	0.00947	0.02798	0.00575	0.01858	0.72028	0.01536	0.03868	0.01653	0.08654	0.00565	0.00396	0.00129	0.00299	0.00470	0.00384	0.00571
9	0.00558	0.00372	0.00418	0.00418	0.00418	0.00372	0.00232	0.00558	0.00558	0.00743	0.01208	0.02509	0.01394	0.86525	0.01952	0.00372	0.00372	0.00558	0.00232	0.00232
10	0.00503	0.00383	0.00437	0.00461	0.00544	0.00345	0.00324	0.00611	0.02793	0.02212	0.08369	0.31690	0.40109	0.08702	0.00598	0.00159	0.00223	0.00860	0.00352	0.00325
11	0.01683	0.00712	0.00927	0.00710	0.01008	0.00652	0.00587	0.13286	0.01197	0.72841	0.01429	0.01251	0.00907	0.00473	0.00385	0.00118	0.00340	0.00380	0.00462	0.00652
12	0.89233	0.00741	0.00564	0.00504	0.00741	0.00860	0.00415	0.01127	0.00653	0.01720	0.00534	0.00623	0.00415	0.00356	0.00237	0.00119	0.00297	0.00208	0.00237	0.00415
13	0.00530	0.00385	0.00500	0.00485	0.00569	0.00354	0.00358	0.00694	0.01035	0.01452	0.71116	0.12847	0.06554	0.00841	0.00457	0.00125	0.00186	0.00745	0.00412	0.00354
14	0.73458	0.00695	0.00582	0.00534	0.00753	0.00788	0.00440	0.01115	0.00700	0.05913	0.00777	0.03711	0.00681	0.00456	0.00281	0.00125	0.00301	0.08008	0.00264	0.00418
15	0.01720	0.00653	0.00890	0.00682	0.00979	0.00564	0.00564	0.01869	0.01097	0.84399	0.01513	0.01305	0.00949	0.00475	0.00386	0.00119	0.00326	0.00386	0.00475	0.00653
16	0.89233	0.00741	0.00564	0.00504	0.00741	0.00860	0.00415	0.01127	0.00653	0.01720	0.00534	0.00623	0.00415	0.00356	0.00237	0.00119	0.00297	0.00208	0.00237	0.00415
17	0.00564	0.00459	0.00508	0.00490	0.00616	0.00439	0.00368	0.00848	0.14635	0.01278	0.27455	0.07640	0.41574	0.00853	0.00444	0.00128	0.00210	0.00728	0.00382	0.00381
18	0.00978	0.00798	0.00855	0.00764	0.00980	0.00911	0.00595	0.01979	0.76046	0.05878	0.04700	0.01479	0.01252	0.00528	0.00392	0.00129	0.00300	0.00441	0.00396	0.00600
19	0.00769	0.01983	0.84538	0.01093	0.01659	0.00890	0.01417	0.01214	0.00810	0.01214	0.00688	0.00810	0.00486	0.00364	0.00364	0.00121	0.00567	0.00283	0.00162	0.00567
20	0.01687	0.00706	0.00923	0.00708	0.01006	0.00643	0.00585	0.12203	0.01187	0.73938	0.01437	0.01256	0.00911	0.00473	0.00385	0.00118	0.00338	0.00380	0.00463	0.00652
21	0.00552	0.00387	0.00478	0.00455	0.00550	0.00356	0.00341	0.00721	0.01024	0.01459	0.63550	0.02799	0.13775	0.00768	0.00430	0.00118	0.00182	0.00668	0.11028	0.00356
22	0.00545	0.00377	0.00486	0.00546	0.00609	0.00351	0.00403	0.00644	0.00800	0.03861	0.03252	0.49535	0.14979	0.02998	0.00517	0.00158	0.00251	0.17646	0.01708	0.00333
23	0.00543	0.00392	0.00513	0.00482	0.00573	0.00362	0.00362	0.00724	0.01085	0.01538	0.83931	0.02864	0.03618	0.00784	0.00452	0.00121	0.00181	0.00693	0.00422	0.00362
24	0.00543	0.00392	0.00513	0.00482	0.00573	0.00362	0.00362	0.00724	0.01085	0.01538	0.83931	0.02864	0.03618	0.00784	0.00452	0.00121	0.00181	0.00693	0.00422	0.00362
25	0.01384	0.01727	0.01064	0.00967	0.01166	0.76544	0.00727	0.01582	0.09360	0.01005	0.00690	0.00766	0.00562	0.00408	0.00350	0.00102	0.00652	0.00266	0.00217	0.00461
26	0.00795	0.00681	0.00795	0.00568	0.00909	0.00511	0.00454	0.00965	0.00795	0.01249	0.00681	0.00795	0.00568	0.00284	0.00284	0.00057	0.00284	0.00227	0.00227	0.88869
27	0.00668	0.00498	0.00655	0.00717	0.00825	0.00518	0.00616	0.00980	0.13209	0.01216	0.01960	0.03893	0.02052	0.00979	0.00509	0.00170	0.00346	0.69441	0.00359	0.00391
28	0.00797	0.11120	0.75644	0.01046	0.01587	0.00958	0.01335	0.01207	0.00806	0.01181	0.00671	0.00789	0.00486	0.00360	0.00352	0.00117	0.00550	0.00275	0.00162	0.00559
29	0.00540	0.00390	0.00510	0.00484	0.00572	0.00360	0.00362	0.00717	0.01074	0.01519	0.81193	0.05656	0.03582	0.00798	0.00453	0.00122	0.00182	0.00707	0.00420	0.00360
30	0.00533	0.00392	0.00499	0.00472	0.00567	0.00358	0.00354	0.00705	0.01063	0.01484	0.75423	0.02952	0.12159	0.00804	0.00452	0.00122	0.00182	0.00706	0.00415	0.00358
31	0.00949	0.00911	0.01556	0.02353	0.84133	0.00911	0.01177	0.01177	0.00873	0.01253	0.00721	0.00949	0.00607	0.00342	0.00380	0.00114	0.00456	0.00342	0.00190	0.00607
32	0.00453	0.00388	0.00388	0.00388	0.00518	0.00324	0.00291	0.00550	0.00874	0.01036	0.03884	0.03690	0.83978	0.00971	0.00453	0.00129	0.00194	0.00809	0.00356	0.00324
33	0.00724	0.00681	0.01150	0.85604	0.02641	0.00852	0.01065	0.00980	0.00767	0.00980	0.00681	0.01022	0.00511	0.00383	0.00383	0.00128	0.00511	0.00341	0.00170	0.00426
34	0.00478	0.00341	0.00457	0.00546	0.00573	0.00321	0.00375	0.00553	0.00745	0.00991	0.02107	0.80323	0.02512	0.01191	0.00492	0.00157	0.00232	0.06934	0.00356	0.00314
35	0.00905	0.01034	0.02262	0.01616	0.02004	0.00970	0.82741	0.01228	0.00905	0.01228	0.00776	0.01034	0.00582	0.00323	0.00452	0.00129	0.00646	0.00452	0.00194	0.00517
36	0.01694	0.00694	0.00916	0.00702	0.01000	0.00625	0.00580	0.09874	0.01167	0.76295	0.01454	0.01267	0.00920	0.00473	0.00385	0.00118	0.00336	0.00382	0.00466	0.00652
37	0.00920	0.01057	0.02229	0.01598	0.01981	0.03353	0.80414	0.01237	0.00910	0.01220	0.00771	0.01025	0.00579	0.00325	0.00449	0.00128	0.00648	0.00447	0.00194	0.00515
38	0.00939	0.00896	0.01166	0.05609	0.03894	0.06583	0.00839	0.03882	0.00706	0.05034	0.00590	0.00868	0.00533	0.00610	0.01049	0.00155	0.65674	0.00333	0.00193	0.00447
39	0.00818	0.00792	0.00907	0.00824	0.00873	0.11666	0.00650	0.00910	0.00751	0.03363	0.08309	0.21403	0.03016	0.00772	0.00845	0.00150	0.42757	0.00546	0.00251	0.00397
40	0.01320	0.01067	0.01147	0.03573	0.04426	0.09706	0.03482	0.52311	0.05561	0.05217	0.03386	0.00998	0.00747	0.00458	0.00408	0.00116	0.02942	0.00352	0.00339	0.02443
41	0.02362	0.02683	0.04727	0.00643	0.00781	0.00490	0.00546	0.00821	0.03162	0.02241	0.03429	0.21169	0.04141	0.02783	0.06164	0.00182	0.00363	0.32982	0.00315	0.10016
42	0.02475	0.00741	0.01002	0.07081	0.10774	0.01653	0.04469	0.14584	0.06741	0.22638	0.17873	0.02686	0.01363	0.00510	0.00396	0.00118	0.00355	0.00440	0.00358	0.03742

[dist]
# distance from previous block
# <min> <max>
0	47

[block]
# block no. 4 follows, 71 sequences, length 57
# corresponding to MSA columns:
# 279-335
name=unknown_E
#
# <colnr> <probs for GDERKNQSTAVLIFYWHMCP>
#	G	D	E	R	K	N	Q	S	T	A	V	L	I	F	Y	W	H	M	C	P
0	0.05807	0.00622	0.00866	0.00787	0.06883	0.00589	0.08556	0.01157	0.09275	0.16411	0.23303	0.01985	0.14898	0.00596	0.00405	0.00118	0.00301	0.00522	0.00355	0.06564
1	0.02232	0.00671	0.00816	0.00595	0.00917	0.00522	0.02359	0.01034	0.00838	0.08193	0.05825	0.00966	0.00784	0.00332	0.00306	0.00068	0.00290	0.00274	0.00259	0.72718
2	0.00935	0.00897	0.01527	0.06726	0.78210	0.00913	0.01164	0.01161	0.00862	0.01232	0.00715	0.00951	0.00600	0.00350	0.00397	0.00116	0.02119	0.00341	0.00188	0.00594
3	0.00548	0.00411	0.00616	0.00616	0.00685	0.00479	0.00479	0.00685	0.00616	0.00890	0.01027	0.01506	0.00959	0.02876	0.85006	0.00616	0.01027	0.00411	0.00205	0.00342
4	0.00804	0.00748	0.01174	0.65007	0.12808	0.02815	0.01027	0.01115	0.07207	0.02508	0.00767	0.01042	0.00582	0.00391	0.00383	0.00125	0.00489	0.00347	0.00196	0.00467
5	0.01434	0.01779	0.01091	0.00981	0.01186	0.79601	0.00740	0.06757	0.01133	0.01033	0.00614	0.00706	0.00504	0.00399	0.00348	0.00100	0.00674	0.00253	0.00210	0.00458
6	0.01720	0.00653	0.00890	0.00682	0.00979	0.00564	0.00564	0.01869	0.01097	0.84399	0.01513	0.01305	0.00949	0.00475	0.00386	0.00119	0.00326	0.00386	0.00475	0.00653
7	0.05898	0.00546	0.00639	0.00527	0.00747	0.00461	0.00413	0.00965	0.00896	0.15004	0.14664	0.07375	0.19969	0.00612	0.00376	0.00103	0.00251	0.00512	0.00336	0.29704
8	0.00860	0.00903	0.01530	0.01206	0.01333	0.01107	0.27627	0.01023	0.00691	0.01023	0.00592	0.00903	0.00529	0.00557	0.00995	0.00155	0.57964	0.00374	0.00176	0.00451
9	0.01532	0.00597	0.00790	0.00621	0.00879	0.00525	0.00508	0.01686	0.01043	0.68877	0.01464	0.01328	0.00955	0.00469	0.00364	0.00113	0.00299	0.00380	0.16971	0.00597
10	0.07820	0.00593	0.00746	0.00616	0.00841	0.00551	0.00492	0.01517	0.05762	0.51724	0.07922	0.08590	0.01278	0.02442	0.00414	0.00126	0.00292	0.00460	0.07265	0.00549
11	0.00545	0.00403	0.00586	0.00589	0.00650	0.00457	0.00447	0.00668	0.00637	0.00910	0.04715	0.05562	0.01186	0.10051	0.70124	0.00552	0.00895	0.00467	0.00224	0.00332
12	0.00721	0.00558	0.00657	0.02040	0.00782	0.00594	0.00477	0.03002	0.30655	0.03232	0.25313	0.25099	0.02238	0.00788	0.00437	0.00135	0.00254	0.02183	0.00387	0.00450
13	0.00467	0.00389	0.00407	0.00403	0.00526	0.00330	0.00302	0.00577	0.00906	0.01113	0.16186	0.03563	0.71628	0.00942	0.00453	0.00128	0.00192	0.00791	0.00366	0.00330
14	0.00553	0.00392	0.00482	0.00460	0.00560	0.00356	0.00345	0.00713	0.01015	0.02784	0.58852	0.05380	0.19504	0.00807	0.00441	0.00121	0.00187	0.00702	0.05990	0.00357
15	0.00877	0.00835	0.01411	0.26338	0.57912	0.00885	0.01122	0.01126	0.02133	0.01184	0.02110	0.01010	0.00638	0.00364	0.00382	0.00118	0.00465	0.00349	0.00191	0.00551
16	0.00769	0.01983	0.84538	0.01093	0.01659	0.00890	0.01417	0.01214	0.00810	0.01214	0.00688	0.00810	0.00486	0.00364	0.00364	0.00121	0.00567	0.00283	0.00162	0.00567
17	0.00769	0.01983	0.84538	0.01093	0.01659	0.00890	0.01417	0.01214	0.00810	0.01214	0.00688	0.00810	0.00486	0.00364	0.00364	0.00121	0.00567	0.00283	0.00162	0.00567
18	0.89233	0.00741	0.00564	0.00504	0.00741	0.00860	0.00415	0.01127	0.00653	0.01720	0.00534	0.00623	0.00415	0.00356	0.00237	0.00119	0.00297	0.00208	0.00237	0.00415
19	0.00596	0.00422	0.00493	0.00464	0.00552	0.00380	0.00313	0.00668	0.00739	0.03524	0.11428	0.13318	0.14205	0.38152	0.01086	0.00227	0.00290	0.00631	0.00296	0.12217
20	0.12069	0.00906	0.01163	0.13499	0.19831	0.00985	0.02247	0.34142	0.02755	0.05871	0.00828	0.00933	0.00614	0.00406	0.00364	0.00117	0.00421	0.00330	0.00290	0.02229
21	0.01321	0.00727	0.00868	0.00724	0.00976	0.00745	0.00579	0.01918	0.40499	0.42493	0.03811	0.01408	0.01129	0.00505	0.00390	0.00124	0.00311	0.00417	0.00433	0.00623
22	0.00472	0.00339	0.00447	0.00532	0.00559	0.00316	0.00359	0.00542	0.00740	0.00981	0.02154	0.80050	0.05156	0.02601	0.00513	0.00159	0.00227	0.03188	0.00354	0.00312
23	0.00555	0.00406	0.00606	0.00606	0.00669	0.00469	0.00466	0.00672	0.00608	0.00874	0.01009	0.01504	0.00949	0.04258	0.78651	0.05781	0.00975	0.00409	0.00204	0.00330
24	0.00729	0.00687	0.01159	0.83753	0.04453	0.00853	0.01067	0.00984	0.00769	0.00986	0.00682	0.01021	0.00513	0.00382	0.00383	0.00127	0.00510	0.00341	0.00171	0.00430
25	0.89233	0.00741	0.00564	0.00504	0.00741	0.00860	0.00415	0.01127	0.00653	0.01720	0.00534	0.00623	0.00415	0.00356	0.00237	0.00119	0.00297	0.00208	0.00237	0.00415
26	0.00543	0.00392	0.00513	0.00482	0.00573	0.00362	0.00362	0.00724	0.01085	0.01538	0.83931	0.02864	0.03618	0.00784	0.00452	0.00121	0.00181	0.00693	0.00422	0.00362
27	0.01331	0.00914	0.01004	0.00788	0.01063	0.00981	0.00645	0.57059	0.05909	0.12613	0.05301	0.01335	0.08232	0.00526	0.00394	0.00118	0.00372	0.00413	0.00395	0.00607
28	0.00467	0.00334	0.00445	0.00534	0.00556	0.00311	0.00356	0.00534	0.00734	0.00979	0.02113	0.86275	0.02536	0.01201	0.00489	0.00156	0.00222	0.01090	0.00356	0.00311
29	0.00954	0.00824	0.00867	0.00780	0.00997	0.00954	0.00607	0.02037	0.83441	0.01604	0.01561	0.01431	0.01170	0.00520	0.00390	0.00130	0.00303	0.00433	0.00390	0.00607
30	0.01626	0.00640	0.00852	0.00660	0.00939	0.00565	0.00543	0.04229	0.01093	0.74786	0.01472	0.01304	0.00943	0.00472	0.00375	0.00116	0.00316	0.00382	0.08059	0.00627
31	0.05442	0.00638	0.00845	0.00666	0.00940	0.00567	0.00544	0.01748	0.02717	0.73419	0.01512	0.07078	0.01039	0.00520	0.00386	0.00121	0.00317	0.00427	0.00454	0.00618
32	0.00724	0.00681	0.01150	0.85604	0.02641	0.00852	0.01065	0.00980	0.00767	0.00980	0.00681	0.01022	0.00511	0.00383	0.00383	0.00128	0.00511	0.00341	0.00170	0.00426
33	0.00905	0.01034	0.02262	0.01616	0.02004	0.00970	0.82741	0.01228	0.00905	0.01228	0.00776	0.01034	0.00582	0.00323	0.00452	0.00129	0.00646	0.00452	0.00194	0.00517
34	0.01720	0.00653	0.00890	0.00682	0.00979	0.00564	0.00564	0.01869	0.01097	0.84399	0.01513	0.01305	0.00949	0.00475	0.00386	0.00119	0.00326	0.00386	0.00475	0.00653
35	0.01000	0.00831	0.00876	0.00765	0.00990	0.00942	0.00602	0.16093	0.62168	0.01699	0.01644	0.01531	0.08047	0.00548	0.00394	0.00127	0.00315	0.00450	0.00386	0.00591
36	0.01432	0.01827	0.01087	0.00988	0.01185	0.84986	0.00741	0.01531	0.01087	0.00938	0.00593	0.00691	0.00494	0.00395	0.00346	0.00099	0.00691	0.00247	0.00198	0.00444
37	0.00905	0.01034	0.02262	0.01616	0.02004	0.00970	0.82741	0.01228	0.00905	0.01228	0.00776	0.01034	0.00582	0.00323	0.00452	0.00129	0.00646	0.00452	0.00194	0.00517
38	0.83259	0.00735	0.00586	0.00516	0.00758	0.00840	0.00425	0.01178	0.00683	0.07364	0.00601	0.00669	0.00452	0.00364	0.00247	0.00119	0.00299	0.00220	0.00253	0.00431
39	0.01237	0.00557	0.00742	0.00608	0.00821	0.00498	0.00486	0.01429	0.03769	0.49467	0.33582	0.01916	0.01995	0.00596	0.00412	0.00120	0.00269	0.00507	0.00451	0.00538
40	0.01432	0.01827	0.01087	0.00988	0.01185	0.84986	0.00741	0.01531	0.01087	0.00938	0.00593	0.00691	0.00494	0.00395	0.00346	0.00099	0.00691	0.00247	0.00198	0.00444
41	0.00558	0.00372	0.00418	0.00418	0.00418	0.00372	0.00232	0.00558	0.00558	0.00743	0.01208	0.02509	0.01394	0.86525	0.01952	0.00372	0.00372	0.00558	0.00232	0.00232
42	0.00994	0.00815	0.00868	0.00775	0.00996	0.00933	0.00605	0.02028	0.79063	0.06005	0.01558	0.01424	0.01159	0.00518	0.00390	0.00129	0.00305	0.00431	0.00395	0.00609
43	0.00693	0.00465	0.00585	0.00533	0.00657	0.00447	0.00407	0.00974	0.10582	0.08850	0.66074	0.02572	0.04189	0.00729	0.00439	0.00122	0.00208	0.00638	0.00422	0.00415
44	0.00548	0.00411	0.00616	0.00616	0.00685	0.00479	0.00479	0.00685	0.00616	0.00890	0.01027	0.01506	0.00959	0.02876	0.85006	0.00616	0.01027	0.00411	0.00205	0.00342
45	0.04756	0.01036	0.01101	0.00857	0.01152	0.01150	0.00704	0.73579	0.06862	0.02320	0.00962	0.02079	0.00701	0.00470	0.00380	0.00117	0.00407	0.00355	0.00378	0.00636
46	0.00874	0.00940	0.09975	0.01700	0.48689	0.00845	0.03581	0.01236	0.13775	0.01245	0.00943	0.03927	0.00817	0.07695	0.01984	0.00149	0.00445	0.00397	0.00228	0.00554
47	0.00480	0.00356	0.00451	0.00522	0.00567	0.00331	0.00360	0.00575	0.02370	0.01006	0.02375	0.68819	0.15167	0.01147	0.00483	0.00152	0.00224	0.03938	0.00357	0.00321
48	0.00916	0.00878	0.01497	0.14438	0.72304	0.00902	0.01160	0.01148	0.00858	0.01213	0.00715	0.00960	0.00593	0.00348	0.00380	0.00116	0.00464	0.00341	0.00187	0.00581
49	0.00987	0.04123	0.50485	0.06677	0.01521	0.00908	0.01128	0.11381	0.06279	0.11582	0.00869	0.00932	0.00609	0.00400	0.00369	0.00120	0.00494	0.00315	0.00243	0.00579
50	0.00703	0.00549	0.00819	0.20568	0.06711	0.00631	0.00649	0.02011	0.04480	0.03977	0.00960	0.01431	0.00866	0.12268	0.35496	0.03738	0.03134	0.00402	0.00218	0.00389
51	0.00515	0.00346	0.00462	0.00540	0.00572	0.00321	0.00364	0.00585	0.00748	0.04156	0.02090	0.83039	0.02475	0.01174	0.00485	0.00154	0.00226	0.01063	0.00360	0.00324
52	0.00912	0.01036	0.03099	0.01565	0.07487	0.04202	0.67304	0.01235	0.03020	0.01241	0.04378	0.01101	0.00725	0.00353	0.00441	0.00127	0.00605	0.00445	0.00208	0.00517
53	0.08746	0.16026	0.26187	0.06869	0.20484	0.03884	0.04100	0.07198	0.00888	0.01278	0.00672	0.00818	0.00526	0.00360	0.00342	0.00112	0.00483	0.00290	0.00195	0.00541
54	0.00661	0.00579	0.03381	0.08996	0.05065	0.01508	0.01736	0.04274	0.03438	0.01057	0.04292	0.01613	0.05055	0.01896	0.48593	0.02068	0.01818	0.03343	0.00233	0.00394
55	0.00875	0.00941	0.02757	0.01268	0.01446	0.01083	0.36024	0.02161	0.00743	0.01078	0.00628	0.00923	0.00539	0.00515	0.00888	0.00150	0.46947	0.00385	0.00182	0.00466
56	0.19728	0.02441	0.01090	0.00915	0.03113	0.34156	0.10667	0.01318	0.05225	0.01229	0.00667	0.00782	0.00538	0.00372	0.00351	0.00104	0.02608	0.00274	0.00219	0.14202

[dist]
# distance from previous block
# <min> <max>
1	5

[block]
# block no. 5 follows, 71 sequences, length 39
# corresponding to MSA columns:
# 341-379
name=unknown_F
#
# <colnr> <probs for GDERKNQSTAVLIFYWHMCP>
#	G	D	E	R	K	N	Q	S	T	A	V	L	I	F	Y	W	H	M	C	P
0	0.11468	0.14084	0.46876	0.00959	0.01402	0.00976	0.07205	0.01280	0.06657	0.04603	0.00748	0.00839	0.00553	0.00370	0.00341	0.00116	0.00489	0.00290	0.00202	0.00540
1	0.02419	0.00645	0.06977	0.00674	0.02094	0.01574	0.01664	0.04125	0.12351	0.02506	0.35610	0.07976	0.03354	0.02921	0.00480	0.00139	0.00292	0.13411	0.00363	0.00425
2	0.00469	0.00339	0.00444	0.00523	0.00555	0.00314	0.00352	0.00543	0.00757	0.01006	0.05640	0.77877	0.07423	0.01170	0.00486	0.00153	0.00219	0.01057	0.00359	0.00314
3	0.00811	0.00691	0.00803	0.00575	0.00915	0.00527	0.00461	0.02901	0.00819	0.01277	0.00687	0.00798	0.00570	0.00288	0.00286	0.00058	0.00287	0.00230	0.00231	0.86784
4	0.05851	0.01001	0.01065	0.00833	0.01122	0.03219	0.00684	0.59275	0.07458	0.11698	0.00998	0.00978	0.00704	0.00460	0.00387	0.00116	0.01645	0.00345	0.00377	0.01782
5	0.00645	0.00347	0.00520	0.00520	0.00532	0.00358	0.00358	0.00532	0.00520	0.00705	0.00729	0.01225	0.00717	0.01600	0.16006	0.73517	0.00454	0.00347	0.00173	0.00197
6	0.00845	0.01453	0.38580	0.01385	0.01852	0.00935	0.46844	0.01222	0.00863	0.01222	0.00737	0.00935	0.00539	0.00341	0.00414	0.00126	0.00611	0.00378	0.00180	0.00539
7	0.00945	0.00825	0.00890	0.00797	0.00998	0.00970	0.00624	0.01953	0.77199	0.01553	0.01481	0.01386	0.01120	0.00532	0.00456	0.00133	0.06746	0.00426	0.00373	0.00593
8	0.01420	0.00986	0.01085	0.00850	0.01139	0.01072	0.00704	0.68856	0.01665	0.10234	0.01061	0.01214	0.00798	0.00507	0.00395	0.00120	0.00407	0.06467	0.00390	0.00630
9	0.06045	0.00390	0.00437	0.00462	0.00543	0.00377	0.00332	0.01840	0.00820	0.01236	0.10710	0.35991	0.13519	0.00855	0.00402	0.00127	0.00209	0.00742	0.24619	0.00342
10	0.00463	0.00388	0.00397	0.00395	0.00517	0.00328	0.00293	0.00561	0.00872	0.01051	0.08342	0.03589	0.75628	0.04847	0.00521	0.00140	0.00202	0.00791	0.00354	0.00322
11	0.89233	0.00741	0.00564	0.00504	0.00741	0.00860	0.00415	0.01127	0.00653	0.01720	0.00534	0.00623	0.00415	0.00356	0.00237	0.00119	0.00297	0.00208	0.00237	0.00415
12	0.00476	0.00337	0.00442	0.00523	0.00543	0.00317	0.00344	0.00536	0.00717	0.00956	0.02026	0.78190	0.02426	0.09437	0.00631	0.00177	0.00237	0.01039	0.00344	0.00304
13	0.00504	0.00408	0.00441	0.00438	0.00550	0.00366	0.00323	0.00657	0.05032	0.01125	0.16689	0.07492	0.55435	0.06964	0.00558	0.00147	0.00214	0.01959	0.00360	0.00338
14	0.01458	0.01074	0.01151	0.00882	0.01189	0.01189	0.00729	0.82855	0.01803	0.02416	0.00921	0.00921	0.00652	0.00460	0.00384	0.00115	0.00422	0.00345	0.00384	0.00652
15	0.89233	0.00741	0.00564	0.00504	0.00741	0.00860	0.00415	0.01127	0.00653	0.01720	0.00534	0.00623	0.00415	0.00356	0.00237	0.00119	0.00297	0.00208	0.00237	0.00415
16	0.01720	0.00653	0.00890	0.00682	0.00979	0.00564	0.00564	0.01869	0.01097	0.84399	0.01513	0.01305	0.00949	0.00475	0.00386	0.00119	0.00326	0.00386	0.00475	0.00653
17	0.00481	0.00370	0.00441	0.00475	0.00554	0.00330	0.00343	0.00583	0.00854	0.01101	0.16210	0.35852	0.35288	0.01034	0.00471	0.00140	0.00210	0.04568	0.00367	0.00326
18	0.89233	0.00741	0.00564	0.00504	0.00741	0.00860	0.00415	0.01127	0.00653	0.01720	0.00534	0.00623	0.00415	0.00356	0.00237	0.00119	0.00297	0.00208	0.00237	0.00415
19	0.00795	0.00681	0.00795	0.00568	0.00909	0.00511	0.00454	0.00965	0.00795	0.01249	0.00681	0.00795	0.00568	0.00284	0.00284	0.00057	0.00284	0.00227	0.00227	0.88869
20	0.00517	0.00356	0.00438	0.00483	0.00497	0.00345	0.00305	0.00555	0.00653	0.00869	0.01667	0.42392	0.01965	0.42986	0.01207	0.00262	0.00300	0.03634	0.00295	0.00274
21	0.01317	0.00964	0.01030	0.00810	0.01080	0.01067	0.00661	0.65557	0.09029	0.02205	0.01017	0.01056	0.00750	0.02667	0.00413	0.00121	0.00386	0.00360	0.08900	0.00609
22	0.01432	0.01827	0.01087	0.00988	0.01185	0.84986	0.00741	0.01531	0.01087	0.00938	0.00593	0.00691	0.00494	0.00395	0.00346	0.00099	0.00691	0.00247	0.00198	0.00444
23	0.01692	0.00766	0.00909	0.00712	0.00999	0.08712	0.00581	0.01836	0.01096	0.76343	0.01424	0.01246	0.00905	0.00467	0.00382	0.00117	0.00362	0.00372	0.00448	0.00632
24	0.00795	0.00681	0.00795	0.00568	0.00909	0.00511	0.00454	0.00965	0.00795	0.01249	0.00681	0.00795	0.00568	0.00284	0.00284	0.00057	0.00284	0.00227	0.00227	0.88869
25	0.00466	0.00340	0.00439	0.00518	0.00552	0.00313	0.00349	0.00536	0.00750	0.00985	0.02310	0.77086	0.11598	0.01176	0.00485	0.00153	0.00219	0.01059	0.00356	0.00313
26	0.01025	0.86756	0.02009	0.00656	0.00984	0.01517	0.00656	0.01148	0.00779	0.00902	0.00533	0.00615	0.00492	0.00328	0.00246	0.00082	0.00410	0.00205	0.00164	0.00492
27	0.00939	0.00809	0.00855	0.00770	0.00982	0.00933	0.00598	0.01992	0.80570	0.01602	0.04432	0.01480	0.01256	0.00529	0.00392	0.00130	0.00299	0.00443	0.00391	0.00598
28	0.00453	0.00388	0.00388	0.00388	0.00518	0.00324	0.00291	0.00550	0.00874	0.01036	0.03884	0.03690	0.83978	0.00971	0.00453	0.00129	0.00194	0.00809	0.00356	0.00324
29	0.00949	0.00911	0.01556	0.02353	0.84133	0.00911	0.01177	0.01177	0.00873	0.01253	0.00721	0.00949	0.00607	0.00342	0.00380	0.00114	0.00456	0.00342	0.00190	0.00607
30	0.00954	0.00824	0.00867	0.00780	0.00997	0.00954	0.00607	0.02037	0.83441	0.01604	0.01561	0.01431	0.01170	0.00520	0.00390	0.00130	0.00303	0.00433	0.00390	0.00607
31	0.00724	0.00681	0.01150	0.85604	0.02641	0.00852	0.01065	0.00980	0.00767	0.00980	0.00681	0.01022	0.00511	0.00383	0.00383	0.00128	0.00511	0.00341	0.00170	0.00426
32	0.00522	0.00373	0.00508	0.00597	0.00643	0.00359	0.00452	0.00629	0.00789	0.01041	0.02083	0.56251	0.02415	0.01149	0.00504	0.00163	0.00270	0.30569	0.00355	0.00327
33	0.00905	0.01034	0.02262	0.01616	0.02004	0.00970	0.82741	0.01228	0.00905	0.01228	0.00776	0.01034	0.00582	0.00323	0.00452	0.00129	0.00646	0.00452	0.00194	0.00517
34	0.00895	0.00856	0.01459	0.22329	0.64579	0.00897	0.01150	0.01129	0.00848	0.01187	0.00712	0.00967	0.00584	0.00352	0.00380	0.00117	0.00469	0.00341	0.00185	0.00564
35	0.00942	0.25083	0.43846	0.00918	0.01355	0.01106	0.01048	0.11471	0.08403	0.01314	0.00753	0.00826	0.00570	0.00380	0.00336	0.00111	0.00482	0.00283	0.00211	0.00560
36	0.07862	0.00849	0.01089	0.06423	0.26532	0.02015	0.00798	0.07465	0.32551	0.03094	0.01079	0.02881	0.00848	0.00447	0.00386	0.00121	0.01675	0.00378	0.00293	0.03214
37	0.25721	0.00763	0.00842	0.00778	0.06764	0.00831	0.00575	0.25185	0.02117	0.11201	0.00915	0.01097	0.00726	0.07144	0.12418	0.00206	0.00456	0.00338	0.01420	0.00504
38	0.02864	0.00744	0.00901	0.04702	0.08167	0.04862	0.02816	0.04839	0.20269	0.19163	0.06833	0.04190	0.13789	0.00582	0.00431	0.00125	0.03365	0.00484	0.00351	0.00522

[dist]
# distance from previous block
# <min> <max>
0	8

[block]
# block no. 6 follows, 71 sequences, length 56
# corresponding to MSA columns:
# 388-443
name=unknown_G
#
