[name]
unknown

[dist]
# distance from previous block
# <min> <max>
68	349

[block]
# block no. 0 follows, 73 sequences, length 7
# corresponding to MSA columns:
# 509-515
name=unknown_A
#
# <colnr> <probs for GDERKNQSTAVLIFYWHMCP>
#	G	D	E	R	K	N	Q	S	T	A	V	L	I	F	Y	W	H	M	C	P
0	0.20148	0.05850	0.05958	0.04248	0.08342	0.05157	0.00604	0.10417	0.06413	0.06173	0.00881	0.01227	0.00772	0.20100	0.02083	0.00178	0.00400	0.00348	0.00253	0.00449
1	0.00995	0.07099	0.13418	0.03362	0.03042	0.20744	0.14783	0.05985	0.04517	0.03150	0.00826	0.06662	0.00717	0.03601	0.00484	0.00124	0.06358	0.00371	0.00220	0.03541
2	0.00704	0.03643	0.00772	0.00736	0.04031	0.04266	0.03269	0.06362	0.04442	0.01210	0.12636	0.18869	0.09275	0.00832	0.00494	0.00140	0.05313	0.22289	0.00324	0.00394
3	0.06800	0.00826	0.04011	0.00729	0.00876	0.18417	0.03586	0.00995	0.00843	0.06327	0.01432	0.07170	0.07079	0.09405	0.03461	0.00174	0.03271	0.23935	0.00278	0.00386
4	0.00896	0.10457	0.06986	0.02731	0.04885	0.03408	0.05152	0.02497	0.00751	0.10281	0.00818	0.01118	0.00703	0.01015	0.19365	0.00235	0.25000	0.03030	0.00218	0.00453
5	0.05602	0.05632	0.15520	0.00987	0.05035	0.14033	0.11677	0.04990	0.03552	0.01207	0.00767	0.01045	0.00648	0.00417	0.00419	0.00110	0.06955	0.05772	0.00214	0.15416
6	0.00747	0.07025	0.00760	0.02193	0.02751	0.00518	0.04460	0.00912	0.02899	0.13462	0.27653	0.15285	0.18375	0.00742	0.00419	0.00122	0.00261	0.00648	0.00357	0.00410

[dist]
# distance from previous block
# <min> <max>
17	34

[block]
# block no. 1 follows, 73 sequences, length 24
# corresponding to MSA columns:
# 551-574
name=unknown_B
#
# <colnr> <probs for GDERKNQSTAVLIFYWHMCP>
#	G	D	E	R	K	N	Q	S	T	A	V	L	I	F	Y	W	H	M	C	P
0	0.00985	0.01015	0.09745	0.07609	0.36297	0.07093	0.10685	0.04707	0.03927	0.08069	0.05530	0.01062	0.00780	0.00388	0.00381	0.00115	0.00467	0.00361	0.00233	0.00547
1	0.07496	0.01094	0.02159	0.10878	0.24201	0.23138	0.00842	0.08334	0.10242	0.05138	0.00795	0.00910	0.00618	0.00396	0.00372	0.00113	0.02205	0.00312	0.00239	0.00520
2	0.54943	0.00838	0.00766	0.04645	0.08369	0.09532	0.00558	0.01256	0.02497	0.12516	0.00699	0.00768	0.00520	0.00371	0.00284	0.00114	0.00358	0.00252	0.00255	0.00461
3	0.00994	0.01172	0.00799	0.00741	0.00898	0.46417	0.00560	0.01117	0.03252	0.00974	0.01791	0.03694	0.29971	0.00628	0.00418	0.00113	0.03813	0.01998	0.00258	0.00392
4	0.00462	0.00328	0.00434	0.00517	0.00537	0.00308	0.00342	0.00524	0.00710	0.00946	0.02024	0.82382	0.02426	0.05439	0.00550	0.00163	0.00225	0.01041	0.00342	0.00301
5	0.00666	0.00569	0.00800	0.02458	0.23319	0.00560	0.00593	0.00932	0.09545	0.01329	0.35713	0.02279	0.18434	0.00653	0.00416	0.00119	0.00270	0.00575	0.00331	0.00438
6	0.00456	0.00330	0.00432	0.00513	0.00542	0.00305	0.00344	0.00523	0.00727	0.00961	0.02177	0.81340	0.07641	0.01161	0.00477	0.00151	0.00216	0.01049	0.00348	0.00305
7	0.00949	0.55083	0.27868	0.00796	0.01182	0.06516	0.00880	0.01167	0.00790	0.00981	0.00573	0.00666	0.00480	0.00336	0.00283	0.00093	0.00466	0.00227	0.00162	0.00501
8	0.01298	0.01573	0.00986	0.00898	0.01085	0.69796	0.00675	0.01503	0.09856	0.01024	0.00730	0.00809	0.00591	0.00404	0.00337	0.00099	0.00598	0.00269	0.07025	0.00445
9	0.00796	0.00666	0.00802	0.05877	0.00996	0.00522	0.00484	0.00968	0.00784	0.03298	0.00687	0.00804	0.00562	0.00289	0.00286	0.00061	0.00293	0.00233	0.00225	0.81367
10	0.00474	0.00381	0.00423	0.00413	0.00526	0.00330	0.00309	0.00598	0.00928	0.01187	0.32292	0.03325	0.55722	0.00885	0.00443	0.00124	0.00185	0.00752	0.00371	0.00330
11	0.00778	0.00667	0.00778	0.00556	0.00889	0.00500	0.00445	0.00945	0.00778	0.01223	0.00667	0.00778	0.00556	0.00278	0.00278	0.00056	0.00278	0.00222	0.00222	0.89108
12	0.04975	0.07715	0.12044	0.25271	0.04400	0.02729	0.00870	0.20737	0.13822	0.02574	0.00849	0.00957	0.00632	0.00406	0.00356	0.00117	0.00437	0.00324	0.00256	0.00529
13	0.33212	0.02202	0.18024	0.06471	0.22273	0.00845	0.00844	0.01137	0.04471	0.01367	0.00723	0.04528	0.00600	0.00390	0.00320	0.00117	0.00395	0.00307	0.00212	0.01562
14	0.00456	0.00331	0.00431	0.00512	0.00541	0.00306	0.00343	0.00524	0.00729	0.00962	0.02199	0.80275	0.08692	0.01158	0.00476	0.00150	0.00216	0.01046	0.00348	0.00306
15	0.00695	0.00543	0.02568	0.12532	0.09296	0.00549	0.01856	0.00836	0.00773	0.08229	0.03660	0.37198	0.01596	0.00962	0.06752	0.00175	0.05288	0.05805	0.00291	0.00398
16	0.03561	0.27451	0.08856	0.01156	0.19277	0.06957	0.05181	0.18600	0.01030	0.03578	0.00698	0.00798	0.00553	0.00363	0.00329	0.00103	0.00453	0.00286	0.00225	0.00546
17	0.00609	0.00480	0.00520	0.00497	0.00584	0.02708	0.00350	0.01912	0.12431	0.01154	0.25435	0.06198	0.16374	0.28082	0.00898	0.00200	0.00274	0.00621	0.00329	0.00345
18	0.00470	0.00347	0.00482	0.00546	0.00581	0.00323	0.02517	0.00545	0.00734	0.00979	0.04086	0.80508	0.04199	0.01138	0.00476	0.00150	0.00227	0.01035	0.00346	0.00311
19	0.00859	0.00700	0.00807	0.00612	0.00914	0.00605	0.00488	0.02503	0.16167	0.05127	0.00864	0.00919	0.00682	0.00339	0.00320	0.00074	0.01823	0.00271	0.00264	0.65660
20	0.00814	0.00822	0.01105	0.52078	0.09589	0.12523	0.03810	0.01043	0.02579	0.01012	0.00844	0.06764	0.02111	0.00439	0.00377	0.00121	0.00487	0.00384	0.02667	0.00431
21	0.03300	0.00777	0.01205	0.38060	0.21352	0.00879	0.06116	0.01272	0.20778	0.01204	0.00885	0.01069	0.00679	0.00393	0.00376	0.00122	0.00441	0.00359	0.00226	0.00506
22	0.06716	0.39169	0.25870	0.00813	0.01181	0.09723	0.00859	0.09636	0.00897	0.01180	0.00611	0.00696	0.00491	0.00353	0.00298	0.00099	0.00468	0.00241	0.00190	0.00509
23	0.01311	0.05445	0.13112	0.00890	0.02290	0.03482	0.00801	0.56373	0.01470	0.08378	0.00875	0.00892	0.00622	0.00432	0.00379	0.00113	0.01873	0.00322	0.00329	0.00608

[dist]
# distance from previous block
# <min> <max>
0	2

[block]
# block no. 2 follows, 73 sequences, length 27
# corresponding to MSA columns:
# 577-603
name=unknown_C
#
# <colnr> <probs for GDERKNQSTAVLIFYWHMCP>
#	G	D	E	R	K	N	Q	S	T	A	V	L	I	F	Y	W	H	M	C	P
0	0.18762	0.20023	0.07769	0.02347	0.03767	0.00863	0.00603	0.03433	0.00773	0.01251	0.00657	0.03526	0.00567	0.00353	0.00299	0.00088	0.01934	0.00257	0.00211	0.32518
1	0.00752	0.01941	0.84871	0.01069	0.01624	0.00871	0.01386	0.01188	0.00792	0.01188	0.00673	0.00792	0.00475	0.00356	0.00356	0.00119	0.00554	0.00277	0.00158	0.00554
2	0.00545	0.00367	0.00427	0.00427	0.00433	0.00373	0.00249	0.00557	0.00551	0.00740	0.01166	0.02366	0.01325	0.79203	0.09469	0.00385	0.00422	0.00533	0.00225	0.00237
3	0.00869	0.06552	0.02768	0.02851	0.04835	0.02515	0.02974	0.03091	0.51005	0.01410	0.07189	0.09894	0.01308	0.00558	0.00386	0.00124	0.00324	0.00477	0.00337	0.00531
4	0.00843	0.05283	0.34144	0.00889	0.03447	0.15722	0.00885	0.03862	0.00805	0.01047	0.00781	0.01112	0.00685	0.12555	0.14862	0.00228	0.01880	0.00329	0.00189	0.00450
5	0.00602	0.00430	0.00601	0.00684	0.00770	0.00429	0.00596	0.00775	0.00870	0.01136	0.04747	0.04184	0.02205	0.01027	0.00516	0.00171	0.00340	0.79223	0.00348	0.00346
6	0.00780	0.00711	0.01069	0.56836	0.07609	0.00851	0.00921	0.02514	0.20054	0.01141	0.00912	0.03449	0.00713	0.00427	0.00379	0.00125	0.00440	0.00375	0.00226	0.00470
7	0.00536	0.00402	0.00603	0.00603	0.00670	0.00469	0.00469	0.00670	0.00603	0.00871	0.01005	0.01474	0.00938	0.02814	0.85328	0.00603	0.01005	0.00402	0.00201	0.00335
8	0.01048	0.00856	0.00905	0.00775	0.01008	0.00971	0.00614	0.24128	0.58076	0.01764	0.01447	0.01352	0.04326	0.00511	0.00382	0.00123	0.00324	0.00415	0.00379	0.00595
9	0.01683	0.00638	0.00871	0.00668	0.00958	0.00551	0.00551	0.01828	0.01074	0.84734	0.01480	0.01277	0.00929	0.00464	0.00377	0.00116	0.00319	0.00377	0.00464	0.00638
10	0.00698	0.00368	0.00400	0.00386	0.00483	0.00357	0.00292	0.00870	0.00852	0.04623	0.17097	0.01726	0.03887	0.00516	0.00306	0.00095	0.00181	0.00426	0.66077	0.00361
11	0.00933	0.00806	0.00848	0.00764	0.00976	0.00933	0.00594	0.01994	0.83797	0.01569	0.01527	0.01400	0.01145	0.00509	0.00382	0.00127	0.00297	0.00424	0.00382	0.00594
12	0.01165	0.00762	0.00858	0.00694	0.00921	0.00806	0.00560	0.38825	0.08789	0.14252	0.17995	0.01437	0.01348	0.00521	0.00378	0.00113	0.00317	0.00422	0.09290	0.00548
13	0.07066	0.40004	0.34471	0.00837	0.01238	0.03951	0.02893	0.01188	0.03300	0.01088	0.00620	0.00714	0.00496	0.00345	0.00298	0.00101	0.00465	0.00245	0.00173	0.00507
14	0.00921	0.00674	0.00801	0.00580	0.00907	0.00526	0.00467	0.03450	0.00847	0.12751	0.00786	0.00850	0.00609	0.00309	0.00294	0.00066	0.00287	0.00247	0.00260	0.74368
15	0.01020	0.78703	0.01881	0.00674	0.00976	0.06495	0.00654	0.01138	0.00773	0.00886	0.00524	0.00615	0.00482	0.00337	0.00284	0.00084	0.03628	0.00208	0.00163	0.00476
16	0.01023	0.32497	0.21482	0.00832	0.01160	0.18272	0.00832	0.07154	0.05750	0.01135	0.02725	0.00928	0.00671	0.00402	0.00322	0.00103	0.00481	0.03524	0.00208	0.00499
17	0.00544	0.00370	0.00442	0.00442	0.00454	0.00382	0.00269	0.00567	0.00555	0.00752	0.01152	0.02288	0.01291	0.72488	0.16137	0.00405	0.00473	0.00521	0.00223	0.00246
18	0.00777	0.00623	0.05617	0.00600	0.00761	0.03745	0.01507	0.05847	0.05630	0.10780	0.39018	0.10354	0.08238	0.01872	0.00441	0.00125	0.00271	0.01797	0.01573	0.00424
19	0.02370	0.14448	0.23391	0.02024	0.09790	0.08014	0.06605	0.10258	0.02681	0.15674	0.00831	0.00890	0.00605	0.00381	0.00349	0.00110	0.00470	0.00306	0.00249	0.00555
20	0.01013	0.21153	0.37413	0.00909	0.01315	0.03805	0.05062	0.10684	0.00941	0.10716	0.00796	0.03191	0.00607	0.00393	0.00341	0.00109	0.00475	0.00307	0.00227	0.00544
21	0.89465	0.00726	0.00551	0.00493	0.00726	0.00842	0.00406	0.01103	0.00638	0.01683	0.00522	0.00609	0.00406	0.00348	0.00232	0.00116	0.00290	0.00203	0.00232	0.00406
22	0.00542	0.00379	0.00489	0.00489	0.00517	0.00407	0.00327	0.00597	0.00569	0.00787	0.01109	0.02051	0.01188	0.52212	0.36273	0.00462	0.00628	0.00486	0.00216	0.00272
23	0.02683	0.01023	0.00971	0.00822	0.01063	0.12252	0.00651	0.31029	0.41955	0.01770	0.01159	0.01111	0.00863	0.00469	0.00371	0.00118	0.00389	0.00365	0.00352	0.00585
24	0.00456	0.00330	0.00431	0.00512	0.00542	0.00306	0.00344	0.00524	0.00728	0.00962	0.02191	0.80688	0.08284	0.01159	0.00476	0.00151	0.00216	0.01047	0.00348	0.00306
25	0.00709	0.00667	0.01125	0.85913	0.02584	0.00834	0.01042	0.00959	0.00750	0.00959	0.00667	0.01000	0.00500	0.00375	0.00375	0.00125	0.00500	0.00333	0.00167	0.00417
26	0.01076	0.00586	0.00796	0.00650	0.00846	0.00538	0.05667	0.04638	0.02560	0.33000	0.01289	0.02866	0.01107	0.24892	0.00817	0.00186	0.00351	0.07545	0.00336	0.10253

[dist]
# distance from previous block
# <min> <max>
0	1

[block]
# block no. 3 follows, 73 sequences, length 115
# corresponding to MSA columns:
# 605-719
name=unknown_D
#
# <colnr> <probs for GDERKNQSTAVLIFYWHMCP>
#	G	D	E	R	K	N	Q	S	T	A	V	L	I	F	Y	W	H	M	C	P
0	0.02405	0.00722	0.00914	0.00756	0.04012	0.02444	0.00594	0.13052	0.01123	0.58706	0.02337	0.01273	0.03769	0.00483	0.00413	0.00117	0.04110	0.00381	0.01787	0.00601
1	0.00833	0.11854	0.44388	0.01325	0.23785	0.02758	0.02978	0.01147	0.00820	0.01154	0.02060	0.00941	0.03598	0.00374	0.00352	0.00112	0.00492	0.00311	0.00178	0.00541
2	0.00621	0.00455	0.00607	0.00643	0.00726	0.02289	0.00523	0.02532	0.00783	0.02895	0.02514	0.12936	0.01688	0.02818	0.29565	0.00315	0.00562	0.36884	0.00295	0.00350
3	0.29653	0.07964	0.08477	0.00856	0.04696	0.39478	0.00694	0.02216	0.00878	0.01216	0.00574	0.00673	0.00464	0.00365	0.00300	0.00104	0.00507	0.00234	0.00202	0.00449
4	0.00709	0.00667	0.01125	0.85913	0.02584	0.00834	0.01042	0.00959	0.00750	0.00959	0.00667	0.01000	0.00500	0.00375	0.00375	0.00125	0.00500	0.00333	0.00167	0.00417
5	0.00788	0.05651	0.78166	0.01043	0.01578	0.00909	0.01329	0.04182	0.00826	0.01218	0.00675	0.00788	0.00481	0.00358	0.00352	0.00117	0.00543	0.00276	0.00166	0.00554
6	0.00779	0.00569	0.00589	0.00549	0.00700	0.00621	0.00422	0.01362	0.40016	0.01432	0.01681	0.01669	0.11205	0.00534	0.00341	0.00111	0.00234	0.00439	0.36286	0.00461
7	0.00804	0.01554	0.50956	0.02612	0.01772	0.00901	0.33605	0.01190	0.00828	0.01190	0.00707	0.00882	0.00513	0.00341	0.00391	0.00122	0.00584	0.00343	0.00171	0.00533
8	0.00459	0.00371	0.00408	0.00421	0.00524	0.00321	0.00309	0.00560	0.00856	0.01066	0.13578	0.18531	0.58369	0.00969	0.00451	0.00131	0.00195	0.01805	0.00356	0.00320
9	0.00835	0.00456	0.00578	0.00517	0.00655	0.00425	0.00398	0.01041	0.05225	0.20738	0.43424	0.07055	0.04106	0.00667	0.00403	0.00116	0.00218	0.00577	0.12137	0.00428
10	0.00503	0.00388	0.00431	0.00416	0.00535	0.00334	0.00314	0.00625	0.00926	0.03298	0.29101	0.03297	0.56746	0.00880	0.00441	0.00124	0.00189	0.00746	0.00372	0.00337
11	0.00735	0.00360	0.00369	0.00361	0.00456	0.00357	0.00273	0.00909	0.00797	0.04443	0.01233	0.01394	0.00960	0.00438	0.00266	0.00088	0.00180	0.00351	0.85667	0.00360
12	0.00473	0.00381	0.00421	0.00411	0.00525	0.00329	0.00308	0.00595	0.00924	0.01178	0.30761	0.03340	0.57259	0.00889	0.00443	0.00124	0.00186	0.00754	0.00370	0.00329
13	0.00933	0.00806	0.00848	0.00764	0.00976	0.00933	0.00594	0.01994	0.83797	0.01569	0.01527	0.01400	0.01145	0.00509	0.00382	0.00127	0.00297	0.00424	0.00382	0.00594
14	0.00594	0.00424	0.00592	0.00679	0.00761	0.00423	0.00586	0.00759	0.00853	0.01111	0.01992	0.10109	0.02182	0.01046	0.00515	0.00171	0.00336	0.76176	0.00346	0.00343
15	0.00536	0.00401	0.00598	0.00598	0.00663	0.00466	0.00462	0.00667	0.00601	0.00867	0.01010	0.01501	0.00950	0.05123	0.83034	0.00596	0.00987	0.00406	0.00202	0.00332
16	0.01391	0.04132	0.01088	0.00958	0.01154	0.83004	0.00723	0.01488	0.01055	0.00917	0.00578	0.00675	0.00483	0.00385	0.00336	0.00096	0.00669	0.00241	0.00192	0.00436
17	0.00752	0.01941	0.84871	0.01069	0.01624	0.00871	0.01386	0.01188	0.00792	0.01188	0.00673	0.00792	0.00475	0.00356	0.00356	0.00119	0.00554	0.00277	0.00158	0.00554
18	0.01044	0.78348	0.01875	0.00673	0.00983	0.08492	0.00650	0.02644	0.00806	0.00913	0.00533	0.00614	0.00484	0.00329	0.00251	0.00082	0.00424	0.00207	0.00167	0.00480
19	0.00851	0.01437	0.46369	0.01546	0.35190	0.00860	0.01243	0.01184	0.00823	0.04045	0.00721	0.00879	0.00549	0.00404	0.02205	0.00126	0.00512	0.00306	0.00181	0.00569
20	0.00571	0.03413	0.06212	0.01413	0.00679	0.00488	0.01380	0.00709	0.01649	0.01039	0.20540	0.03489	0.12934	0.21228	0.20020	0.00287	0.02788	0.00545	0.00274	0.00339
21	0.02924	0.03821	0.00961	0.00718	0.00993	0.02584	0.00593	0.21434	0.01200	0.53807	0.01257	0.02925	0.00847	0.00472	0.00390	0.00115	0.02380	0.00369	0.01603	0.00608
22	0.00492	0.00341	0.00425	0.00477	0.00491	0.00328	0.00300	0.00532	0.00650	0.00866	0.01716	0.53155	0.02037	0.35196	0.01047	0.00236	0.00276	0.00860	0.00300	0.00274
23	0.02521	0.00737	0.00886	0.00717	0.00982	0.00743	0.00580	0.10359	0.28115	0.47979	0.01423	0.01269	0.00962	0.00476	0.00377	0.00119	0.00321	0.00386	0.00425	0.00621
24	0.00764	0.00697	0.01114	0.76938	0.02427	0.00859	0.01002	0.06330	0.04196	0.01075	0.00717	0.01010	0.00535	0.00385	0.00375	0.00124	0.00486	0.00337	0.00189	0.00438
25	0.00933	0.00806	0.00848	0.00764	0.00976	0.00933	0.00594	0.01994	0.83797	0.01569	0.01527	0.01400	0.01145	0.00509	0.00382	0.00127	0.00297	0.00424	0.00382	0.00594
26	0.00515	0.00372	0.00498	0.00577	0.00633	0.00356	0.00444	0.00626	0.00790	0.01035	0.03468	0.47070	0.08377	0.01098	0.00491	0.00158	0.00265	0.32557	0.00348	0.00322
27	0.00842	0.00857	0.01135	0.00977	0.00987	0.04999	0.00810	0.00926	0.00598	0.00903	0.00506	0.00827	0.00501	0.00685	0.02784	0.00169	0.80593	0.00326	0.00166	0.00410
28	0.19311	0.00844	0.00922	0.00721	0.01005	0.00889	0.00596	0.38769	0.01300	0.30414	0.01023	0.00971	0.00691	0.00435	0.00347	0.00114	0.00356	0.00324	0.00377	0.00591
29	0.00498	0.00382	0.00455	0.00437	0.00540	0.00340	0.00328	0.00643	0.00983	0.01318	0.53640	0.03110	0.34293	0.00837	0.00443	0.00121	0.00182	0.00722	0.00388	0.00340
30	0.00611	0.00470	0.00715	0.00722	0.00823	0.00461	0.08146	0.00770	0.00825	0.01080	0.03077	0.08255	0.03823	0.10667	0.00663	0.00187	0.00361	0.57682	0.00319	0.00344
31	0.00872	0.00869	0.03223	0.21331	0.59069	0.00881	0.06060	0.01111	0.00831	0.01162	0.00699	0.00947	0.00569	0.00343	0.00376	0.00116	0.00472	0.00339	0.00181	0.00548
32	0.01401	0.01788	0.01063	0.00967	0.01160	0.85309	0.00725	0.01498	0.01063	0.00918	0.00580	0.00677	0.00483	0.00387	0.00338	0.00097	0.00677	0.00242	0.00193	0.00435
33	0.00487	0.00382	0.00440	0.00426	0.00533	0.00335	0.00319	0.00623	0.00958	0.01258	0.43810	0.03209	0.44161	0.00859	0.00443	0.00122	0.00184	0.00735	0.00381	0.00335
34	0.03544	0.00713	0.02206	0.00694	0.00977	0.00655	0.00578	0.10514	0.07712	0.64197	0.03271	0.01258	0.00955	0.00469	0.00375	0.00117	0.00327	0.00378	0.00437	0.00622
35	0.00751	0.00775	0.05037	0.00878	0.00923	0.02234	0.00743	0.00859	0.00602	0.00906	0.00666	0.01085	0.00652	0.04887	0.18869	0.00262	0.57537	0.01762	0.00178	0.00393
36	0.00468	0.00335	0.00448	0.00535	0.00562	0.00314	0.00368	0.00542	0.00729	0.00970	0.02062	0.80312	0.02457	0.01165	0.00482	0.00154	0.00227	0.07214	0.00348	0.00308
37	0.00759	0.00503	0.04193	0.00470	0.00603	0.01776	0.03374	0.02251	0.04283	0.03148	0.02457	0.01358	0.00960	0.00437	0.00286	0.00093	0.00228	0.00357	0.72080	0.00387
38	0.01112	0.01001	0.02858	0.05508	0.38595	0.04952	0.04671	0.30264	0.04559	0.01614	0.00802	0.00931	0.00619	0.00386	0.00375	0.00113	0.00452	0.00339	0.00260	0.00589
39	0.00709	0.00667	0.01125	0.85913	0.02584	0.00834	0.01042	0.00959	0.00750	0.00959	0.00667	0.01000	0.00500	0.00375	0.00375	0.00125	0.00500	0.00333	0.00167	0.00417
40	0.01017	0.03538	0.09523	0.03157	0.21086	0.13984	0.13224	0.11847	0.02267	0.01264	0.00701	0.00876	0.00562	0.00435	0.01731	0.00124	0.11079	0.00326	0.00210	0.03051
41	0.00928	0.00944	0.01400	0.22205	0.52299	0.10500	0.04070	0.01146	0.00854	0.01126	0.00684	0.00920	0.00558	0.00349	0.00371	0.00114	0.00492	0.00327	0.00182	0.00530
42	0.01426	0.01051	0.01126	0.00863	0.01163	0.01163	0.00713	0.83224	0.01764	0.02364	0.00901	0.00901	0.00638	0.00450	0.00375	0.00113	0.00413	0.00338	0.00375	0.00638
43	0.00964	0.00857	0.01241	0.25910	0.14123	0.02207	0.07115	0.18967	0.04995	0.02366	0.00754	0.00951	0.00587	0.00427	0.00505	0.00123	0.13399	0.00341	0.00233	0.03935
44	0.00641	0.00498	0.00612	0.00614	0.04325	0.00500	0.00442	0.00994	0.18526	0.02697	0.47807	0.04943	0.12079	0.00730	0.00429	0.00123	0.00224	0.03017	0.00386	0.00414
45	0.00652	0.00326	0.00489	0.00489	0.00489	0.00326	0.00326	0.00489	0.00489	0.00652	0.00652	0.01140	0.00652	0.01303	0.01466	0.89084	0.00326	0.00326	0.00163	0.00163
46	0.88300	0.00740	0.00558	0.00500	0.00731	0.01959	0.00411	0.01108	0.00644	0.01673	0.00523	0.00610	0.00407	0.00349	0.00234	0.00116	0.00295	0.00204	0.00232	0.00407
47	0.00872	0.02842	0.09602	0.08607	0.29751	0.00747	0.00856	0.01087	0.00810	0.05279	0.00712	0.00872	0.00570	0.00336	0.00362	0.00094	0.03262	0.00286	0.00207	0.32845
48	0.04995	0.44281	0.06698	0.00864	0.05111	0.27392	0.02470	0.01259	0.02086	0.00981	0.00578	0.00673	0.00495	0.00348	0.00290	0.00092	0.00497	0.00233	0.00179	0.00476
49	0.51173	0.00861	0.00798	0.00652	0.00913	0.00973	0.00537	0.35687	0.01118	0.03130	0.00695	0.00741	0.00511	0.00393	0.00294	0.00115	0.00342	0.00262	0.00296	0.00507
50	0.00652	0.00326	0.00489	0.00489	0.00489	0.00326	0.00326	0.00489	0.00489	0.00652	0.00652	0.01140	0.00652	0.01303	0.01466	0.89084	0.00326	0.00326	0.00163	0.00163
51	0.00923	0.00920	0.03445	0.02248	0.79575	0.00893	0.04151	0.01154	0.00854	0.01224	0.00707	0.00929	0.00591	0.00334	0.00374	0.00112	0.00455	0.00337	0.00185	0.00590
52	0.00923	0.00883	0.01492	0.04410	0.79810	0.00891	0.01132	0.01172	0.03388	0.01229	0.00730	0.00945	0.00609	0.00341	0.00372	0.00112	0.00443	0.00337	0.00191	0.00590
53	0.00520	0.00386	0.00466	0.00444	0.00549	0.00344	0.00334	0.00668	0.00992	0.02659	0.55658	0.03052	0.30907	0.00824	0.00442	0.00121	0.00184	0.00712	0.00392	0.00346
54	0.00876	0.00827	0.01529	0.01140	0.01420	0.00800	0.45414	0.12494	0.02215	0.03240	0.20682	0.05196	0.01384	0.00486	0.00433	0.00123	0.00464	0.00510	0.00284	0.00484
55	0.00521	0.00383	0.00488	0.00462	0.00554	0.00350	0.00346	0.00689	0.01038	0.01449	0.75106	0.02895	0.12746	0.00788	0.00443	0.00119	0.00178	0.00691	0.00406	0.00350
56	0.00517	0.00394	0.00442	0.00444	0.00552	0.00359	0.00337	0.00678	0.03909	0.01188	0.22185	0.07880	0.44252	0.00864	0.00432	0.00126	0.00202	0.06654	0.08242	0.00340
57	0.00450	0.00372	0.00394	0.00406	0.00515	0.00317	0.00298	0.00544	0.00844	0.01029	0.07461	0.16285	0.67839	0.00976	0.00449	0.00130	0.00194	0.00828	0.00352	0.00317
58	0.00507	0.00383	0.00469	0.00447	0.00546	0.00344	0.00335	0.00662	0.01006	0.01371	0.62434	0.03022	0.25466	0.00817	0.00443	0.00120	0.00181	0.00709	0.00395	0.00344
59	0.01524	0.00880	0.01018	0.00782	0.01077	0.00912	0.00646	0.49035	0.02640	0.35793	0.01145	0.01061	0.00763	0.00457	0.00376	0.00114	0.00373	0.00355	0.00412	0.00638
60	0.01003	0.87041	0.01966	0.00642	0.00963	0.01485	0.00642	0.01123	0.00762	0.00883	0.00522	0.00602	0.00481	0.00321	0.00241	0.00080	0.00401	0.00201	0.00160	0.00481
61	0.89465	0.00726	0.00551	0.00493	0.00726	0.00842	0.00406	0.01103	0.00638	0.01683	0.00522	0.00609	0.00406	0.00348	0.00232	0.00116	0.00290	0.00203	0.00232	0.00406
62	0.00709	0.00667	0.01125	0.85913	0.02584	0.00834	0.01042	0.00959	0.00750	0.00959	0.00667	0.01000	0.00500	0.00375	0.00375	0.00125	0.00500	0.00333	0.00167	0.00417
63	0.04950	0.01187	0.01062	0.04674	0.03911	0.31087	0.03455	0.20784	0.08538	0.15342	0.00901	0.00925	0.00657	0.00419	0.00359	0.00110	0.00489	0.00315	0.00298	0.00536
64	0.00969	0.00982	0.01428	0.03303	0.69142	0.11025	0.01072	0.01170	0.00867	0.01170	0.00714	0.02752	0.00618	0.00368	0.00393	0.00112	0.02825	0.00339	0.00189	0.00561
65	0.00496	0.00383	0.00444	0.00433	0.00540	0.00339	0.00328	0.00634	0.00952	0.01258	0.41722	0.03199	0.41489	0.00855	0.00441	0.00123	0.00189	0.03445	0.02394	0.00336
66	0.01343	0.03777	0.01140	0.01006	0.05201	0.55014	0.02404	0.15156	0.01134	0.04838	0.00677	0.00765	0.00536	0.00409	0.00394	0.00105	0.05106	0.00276	0.00233	0.00487
67	0.00874	0.04927	0.16515	0.06374	0.09629	0.03139	0.21099	0.04791	0.00873	0.02406	0.02138	0.00910	0.00604	0.00338	0.00356	0.00101	0.00466	0.00320	0.01189	0.22949
68	0.57985	0.00858	0.00749	0.07416	0.00993	0.06787	0.00541	0.17211	0.00902	0.02670	0.00623	0.00710	0.00471	0.00374	0.00281	0.00115	0.00358	0.00245	0.00255	0.00457
69	0.00963	0.00635	0.00752	0.00626	0.00809	0.00648	0.00497	0.26718	0.03558	0.11947	0.45776	0.01982	0.02246	0.00624	0.00412	0.00116	0.00272	0.00528	0.00407	0.00484
70	0.00460	0.00328	0.00434	0.00518	0.00539	0.00307	0.00344	0.00523	0.00712	0.00949	0.02035	0.83497	0.02441	0.04304	0.00531	0.00160	0.00223	0.01048	0.00344	0.00302
71	0.00950	0.48074	0.17801	0.00951	0.02309	0.05332	0.17594	0.01170	0.00809	0.01012	0.00604	0.00729	0.00500	0.00330	0.00310	0.00098	0.00492	0.00268	0.00168	0.00500
72	0.00537	0.00379	0.00516	0.00528	0.00597	0.00389	0.00393	0.00664	0.00763	0.02344	0.19459	0.22861	0.06733	0.01685	0.34875	0.00322	0.00526	0.00645	0.05450	0.00336
73	0.00464	0.00332	0.00444	0.00531	0.00556	0.00311	0.00361	0.00535	0.00725	0.00966	0.02064	0.82518	0.02466	0.01169	0.00481	0.00153	0.00224	0.05047	0.00348	0.00307
74	0.06583	0.00777	0.00887	0.00714	0.00977	0.00803	0.00580	0.24233	0.18601	0.34407	0.01416	0.01303	0.06015	0.00493	0.00373	0.00118	0.00331	0.00392	0.00401	0.00595
75	0.06492	0.00682	0.00867	0.00674	0.00954	0.00633	0.00555	0.10363	0.02690	0.67068	0.04105	0.01253	0.00959	0.00467	0.00371	0.00116	0.00322	0.00374	0.00439	0.00615
76	0.00585	0.00457	0.00549	0.00586	0.00681	0.00462	0.00450	0.00878	0.17005	0.01130	0.02268	0.33257	0.17565	0.00967	0.00463	0.00148	0.00261	0.21561	0.00354	0.00374
77	0.89465	0.00726	0.00551	0.00493	0.00726	0.00842	0.00406	0.01103	0.00638	0.01683	0.00522	0.00609	0.00406	0.00348	0.00232	0.00116	0.00290	0.00203	0.00232	0.00406
78	0.00568	0.00378	0.00467	0.00448	0.00539	0.00351	0.00335	0.00733	0.00982	0.02547	0.58634	0.06365	0.08605	0.00734	0.00410	0.00115	0.00181	0.00640	0.16617	0.00352
79	0.00537	0.00400	0.00592	0.00592	0.00655	0.00463	0.00455	0.00663	0.00600	0.00863	0.01015	0.01531	0.00963	0.07684	0.80491	0.00589	0.00968	0.00410	0.00203	0.00329
80	0.00886	0.01012	0.02214	0.01581	0.01961	0.00949	0.83112	0.01202	0.00886	0.01202	0.00759	0.01012	0.00569	0.00316	0.00443	0.00127	0.00633	0.00443	0.00190	0.00506
81	0.01923	0.28650	0.53095	0.00940	0.01406	0.01073	0.03861	0.03034	0.00806	0.01125	0.00632	0.00740	0.00483	0.00346	0.00322	0.00107	0.00502	0.00259	0.00166	0.00530
82	0.35075	0.35951	0.01240	0.00673	0.02143	0.17598	0.00575	0.01189	0.00775	0.01202	0.00536	0.00624	0.00455	0.00344	0.00258	0.00098	0.00413	0.00212	0.00195	0.00445
83	0.00515	0.00390	0.00488	0.00540	0.00627	0.00362	0.00431	0.00639	0.00839	0.01067	0.06139	0.21253	0.30350	0.01025	0.00481	0.00150	0.00258	0.33768	0.00350	0.00327
84	0.01631	0.00650	0.00869	0.00674	0.00959	0.00578	0.00554	0.01840	0.06840	0.78938	0.01483	0.01286	0.00944	0.00467	0.00378	0.00117	0.00318	0.00381	0.00459	0.00635
85	0.00882	0.00844	0.01439	0.19865	0.67274	0.00879	0.01128	0.01111	0.00832	0.01170	0.00698	0.00944	0.00575	0.00343	0.00372	0.00114	0.00457	0.00334	0.00182	0.00557
86	0.01303	0.02897	0.02897	0.00793	0.01098	0.06954	0.01915	0.44546	0.01363	0.13986	0.00901	0.00908	0.00645	0.00407	0.00352	0.00100	0.00398	0.00311	0.00333	0.17893
87	0.00814	0.00620	0.00720	0.00648	0.00775	0.00693	0.00488	0.18871	0.17768	0.01310	0.01195	0.07574	0.01117	0.22000	0.21505	0.00300	0.02412	0.00473	0.00292	0.00427
88	0.00525	0.00383	0.00493	0.00466	0.00557	0.00352	0.00349	0.00697	0.01048	0.01472	0.78950	0.02856	0.08887	0.00779	0.00443	0.00119	0.00178	0.00686	0.00409	0.00352
89	0.01401	0.01788	0.01063	0.00967	0.01160	0.85309	0.00725	0.01498	0.01063	0.00918	0.00580	0.00677	0.00483	0.00387	0.00338	0.00097	0.00677	0.00242	0.00193	0.00435
90	0.45402	0.02404	0.02140	0.04541	0.04309	0.25151	0.04742	0.05203	0.00845	0.01403	0.00585	0.00695	0.00462	0.00363	0.00294	0.00111	0.00445	0.00245	0.00219	0.00442
91	0.00898	0.15392	0.16605	0.02519	0.42302	0.02915	0.06653	0.01983	0.00847	0.01162	0.02551	0.00962	0.02858	0.00364	0.00355	0.00109	0.00464	0.00327	0.00188	0.00545
92	0.00880	0.01099	0.24969	0.01056	0.14847	0.00724	0.04703	0.04853	0.00861	0.05935	0.00735	0.00851	0.00564	0.00330	0.00333	0.00092	0.00409	0.00280	0.00217	0.36260
93	0.00531	0.00383	0.00501	0.00472	0.00560	0.00354	0.00354	0.00708	0.01062	0.01504	0.84277	0.02802	0.03540	0.00767	0.00442	0.00118	0.00177	0.00678	0.00413	0.00354
94	0.01004	0.01115	0.03402	0.03535	0.38381	0.17941	0.21177	0.01273	0.05383	0.01166	0.00734	0.00921	0.00590	0.00355	0.00392	0.00114	0.01440	0.00346	0.00198	0.00534
95	0.05495	0.00652	0.00850	0.00658	0.00939	0.00587	0.00542	0.05797	0.01078	0.73954	0.01400	0.01233	0.00893	0.00458	0.00367	0.00115	0.00317	0.00367	0.03680	0.00618
96	0.00821	0.00821	0.01149	0.00985	0.00985	0.01149	0.00821	0.00903	0.00575	0.00903	0.00492	0.00821	0.00492	0.00657	0.01231	0.00164	0.86128	0.00328	0.00164	0.00410
97	0.00460	0.00358	0.00419	0.00460	0.00536	0.00317	0.00328	0.00548	0.00804	0.01016	0.06845	0.40754	0.40761	0.01045	0.00462	0.00139	0.00207	0.03874	0.00351	0.00314
98	0.00545	0.00366	0.00421	0.00421	0.00425	0.00370	0.00242	0.00553	0.00549	0.00736	0.01172	0.02398	0.01339	0.81881	0.06809	0.00378	0.00401	0.00537	0.00226	0.00234
99	0.00752	0.01941	0.84871	0.01069	0.01624	0.00871	0.01386	0.01188	0.00792	0.01188	0.00673	0.00792	0.00475	0.00356	0.00356	0.00119	0.00554	0.00277	0.00158	0.00554
100	0.00504	0.00371	0.00535	0.00570	0.00619	0.00402	0.00420	0.00610	0.00650	0.00906	0.01436	0.35995	0.01564	0.02149	0.50908	0.00420	0.00686	0.00672	0.00261	0.00323
101	0.00933	0.00806	0.00848	0.00764	0.00976	0.00933	0.00594	0.01994	0.83797	0.01569	0.01527	0.01400	0.01145	0.00509	0.00382	0.00127	0.00297	0.00424	0.00382	0.00594
102	0.01004	0.00790	0.00850	0.00754	0.00974	0.00897	0.00590	0.01978	0.75968	0.09440	0.01523	0.01388	0.01125	0.00505	0.00381	0.00126	0.00299	0.00420	0.00390	0.00598
103	0.00886	0.01012	0.02214	0.01581	0.01961	0.00949	0.83112	0.01202	0.00886	0.01202	0.00759	0.01012	0.00569	0.00316	0.00443	0.00127	0.00633	0.00443	0.00190	0.00506
104	0.00489	0.00374	0.00449	0.00446	0.00539	0.00334	0.00329	0.00622	0.00940	0.01253	0.44061	0.14914	0.32111	0.00890	0.00448	0.00126	0.00187	0.00774	0.00381	0.00334
105	0.01426	0.01051	0.01126	0.00863	0.01163	0.01163	0.00713	0.83224	0.01764	0.02364	0.00901	0.00901	0.00638	0.00450	0.00375	0.00113	0.00413	0.00338	0.00375	0.00638
106	0.00458	0.00375	0.00406	0.00420	0.00527	0.00322	0.00313	0.00557	0.00848	0.01041	0.08505	0.15743	0.63698	0.00975	0.00452	0.00132	0.00200	0.04358	0.00352	0.00319
107	0.01092	0.65836	0.01737	0.00718	0.01008	0.20537	0.00660	0.01227	0.02579	0.00905	0.00556	0.00636	0.00496	0.00340	0.00266	0.00085	0.00462	0.00215	0.00173	0.00473
108	0.03869	0.08331	0.45344	0.00953	0.03133	0.00930	0.02460	0.15338	0.02821	0.08271	0.00783	0.00849	0.00561	0.00377	0.00347	0.00112	0.00471	0.00292	0.00232	0.04527
109	0.01113	0.37631	0.09015	0.00870	0.02448	0.30242	0.03417	0.03013	0.04290	0.00998	0.00614	0.00709	0.00517	0.00369	0.00335	0.00097	0.03408	0.00248	0.00187	0.00480
110	0.00457	0.00326	0.00435	0.00522	0.00544	0.00305	0.00348	0.00522	0.00718	0.00958	0.02068	0.86570	0.02481	0.01175	0.00479	0.00152	0.00218	0.01067	0.00348	0.00305
111	0.00991	0.22692	0.06444	0.03355	0.40885	0.14075	0.00940	0.01180	0.00865	0.01094	0.03690	0.00870	0.00647	0.00357	0.00335	0.00102	0.00468	0.00296	0.00187	0.00526
112	0.00533	0.00381	0.00485	0.00485	0.00523	0.00402	0.00330	0.00595	0.00595	0.00810	0.01333	0.02155	0.08237	0.45446	0.35625	0.00441	0.00609	0.00508	0.00227	0.00279
113	0.00802	0.00728	0.01944	0.05691	0.27498	0.03483	0.09825	0.02306	0.03713	0.03070	0.27744	0.01653	0.01608	0.00513	0.00416	0.00117	0.01923	0.02315	0.04179	0.00474
114	0.44030	0.00893	0.00848	0.00684	0.00952	0.01008	0.00565	0.43484	0.01219	0.02035	0.00718	0.00760	0.00526	0.00401	0.00306	0.00114	0.00354	0.00273	0.00306	0.00526

[dist]
# distance from previous block
# <min> <max>
0	3

[block]
# block no. 4 follows, 73 sequences, length 147
# corresponding to MSA columns:
# 723-869
name=unknown_E
#
# <colnr> <probs for GDERKNQSTAVLIFYWHMCP>
#	G	D	E	R	K	N	Q	S	T	A	V	L	I	F	Y	W	H	M	C	P
0	0.36146	0.22900	0.04300	0.00698	0.02368	0.15338	0.00598	0.09459	0.00869	0.01385	0.00596	0.00680	0.00481	0.00360	0.00275	0.00103	0.00406	0.00231	0.02346	0.00461
1	0.00498	0.00393	0.00448	0.00459	0.00558	0.00357	0.00337	0.01865	0.03735	0.01130	0.17780	0.24145	0.43357	0.00952	0.00451	0.00132	0.00205	0.02501	0.00362	0.00335
2	0.00709	0.00458	0.00577	0.00525	0.00650	0.00442	0.00404	0.00982	0.10398	0.10489	0.61211	0.02451	0.02861	0.00697	0.00423	0.00119	0.00209	0.02126	0.03857	0.00411
3	0.00778	0.00667	0.00778	0.00556	0.00889	0.00500	0.00445	0.00945	0.00778	0.01223	0.00667	0.00778	0.00556	0.00278	0.00278	0.00056	0.00278	0.00222	0.00222	0.89108
4	0.00613	0.00390	0.00496	0.00462	0.00560	0.00363	0.00349	0.00788	0.01020	0.05486	0.67355	0.02510	0.03013	0.00701	0.00411	0.00113	0.00183	0.00613	0.14207	0.00367
5	0.00886	0.01012	0.02214	0.01581	0.01961	0.00949	0.83112	0.01202	0.00886	0.01202	0.00759	0.01012	0.00569	0.00316	0.00443	0.00127	0.00633	0.00443	0.00190	0.00506
6	0.00527	0.00402	0.00487	0.00493	0.00589	0.00376	0.00377	0.00704	0.04717	0.01232	0.34514	0.11613	0.26762	0.03270	0.00495	0.00139	0.00220	0.12366	0.00371	0.00344
7	0.00558	0.00377	0.00496	0.00513	0.00587	0.00350	0.00379	0.00690	0.00909	0.04701	0.39644	0.32998	0.05842	0.00927	0.00457	0.00135	0.00213	0.08164	0.01713	0.00346
8	0.00538	0.00360	0.00412	0.00419	0.00421	0.00358	0.00238	0.00543	0.00561	0.00748	0.01262	0.10075	0.01465	0.79056	0.01780	0.00345	0.00350	0.00593	0.00238	0.00234
9	0.00686	0.00350	0.00359	0.00365	0.00449	0.00349	0.00273	0.00856	0.00785	0.01373	0.01278	0.05393	0.01056	0.00483	0.00277	0.00092	0.00180	0.02036	0.83011	0.00348
10	0.00464	0.00332	0.00442	0.00524	0.00550	0.00310	0.00354	0.00537	0.00737	0.00987	0.05835	0.80857	0.02523	0.01154	0.00478	0.00151	0.00219	0.02888	0.00351	0.00308
11	0.00929	0.00891	0.01523	0.02303	0.84475	0.00891	0.01151	0.01151	0.00854	0.01226	0.00706	0.00929	0.00594	0.00334	0.00371	0.00111	0.00446	0.00334	0.00186	0.00594
12	0.00752	0.01941	0.84871	0.01069	0.01624	0.00871	0.01386	0.01188	0.00792	0.01188	0.00673	0.00792	0.00475	0.00356	0.00356	0.00119	0.00554	0.00277	0.00158	0.00554
13	0.00881	0.01325	0.32666	0.05424	0.23920	0.05057	0.12266	0.05354	0.00875	0.01221	0.00729	0.00967	0.00578	0.00385	0.00418	0.00120	0.04450	0.02636	0.00189	0.00538
14	0.01375	0.01745	0.01066	0.04243	0.01215	0.82050	0.00737	0.01477	0.01051	0.00920	0.00583	0.00689	0.00484	0.00386	0.00340	0.00098	0.00670	0.00245	0.00192	0.00434
15	0.01006	0.00814	0.01490	0.01429	0.23855	0.00776	0.31369	0.01264	0.03599	0.17101	0.04228	0.05122	0.00910	0.00431	0.00407	0.00121	0.00455	0.02087	0.03005	0.00535
16	0.00946	0.00929	0.01521	0.02235	0.79384	0.04149	0.02999	0.01166	0.00863	0.01213	0.00702	0.00921	0.00589	0.00336	0.00372	0.00111	0.00459	0.00333	0.00186	0.00586
17	0.00929	0.00891	0.01523	0.02303	0.84475	0.00891	0.01151	0.01151	0.00854	0.01226	0.00706	0.00929	0.00594	0.00334	0.00371	0.00111	0.00446	0.00334	0.00186	0.00594
18	0.00444	0.00379	0.00382	0.00384	0.00508	0.00316	0.00287	0.00538	0.00851	0.01012	0.03752	0.05962	0.82003	0.00957	0.00444	0.00127	0.00191	0.00800	0.00348	0.00316
19	0.01401	0.01788	0.01063	0.00967	0.01160	0.85309	0.00725	0.01498	0.01063	0.00918	0.00580	0.00677	0.00483	0.00387	0.00338	0.00097	0.00677	0.00242	0.00193	0.00435
20	0.01426	0.01051	0.01126	0.00863	0.01163	0.01163	0.00713	0.83224	0.01764	0.02364	0.00901	0.00901	0.00638	0.00450	0.00375	0.00113	0.00413	0.00338	0.00375	0.00638
21	0.00821	0.00821	0.01149	0.00985	0.00985	0.01149	0.00821	0.00903	0.00575	0.00903	0.00492	0.00821	0.00492	0.00657	0.01231	0.00164	0.86128	0.00328	0.00164	0.00410
22	0.00709	0.00667	0.01125	0.85913	0.02584	0.00834	0.01042	0.00959	0.00750	0.00959	0.00667	0.01000	0.00500	0.00375	0.00375	0.00125	0.00500	0.00333	0.00167	0.00417
23	0.00652	0.00326	0.00489	0.00489	0.00489	0.00326	0.00326	0.00489	0.00489	0.00652	0.00652	0.01140	0.00652	0.01303	0.01466	0.89084	0.00326	0.00326	0.00163	0.00163
24	0.00465	0.00330	0.00433	0.00512	0.00531	0.00310	0.00337	0.00525	0.00702	0.00936	0.01984	0.78625	0.02376	0.09264	0.00614	0.00172	0.00231	0.01017	0.00337	0.00297
25	0.00543	0.00363	0.00410	0.00412	0.00412	0.00362	0.00230	0.00545	0.00550	0.00733	0.01203	0.04475	0.01391	0.84759	0.01875	0.00359	0.00360	0.00558	0.00230	0.00229
26	0.01347	0.01722	0.04052	0.04862	0.01242	0.76091	0.00763	0.03732	0.01059	0.00970	0.00596	0.00702	0.00488	0.00387	0.00342	0.00099	0.00657	0.00250	0.00196	0.00444
27	0.09220	0.00652	0.00847	0.00655	0.00941	0.00585	0.00541	0.02870	0.01046	0.76484	0.01390	0.01215	0.00880	0.00454	0.00365	0.00116	0.00318	0.00362	0.00443	0.00619
28	0.00535	0.00368	0.00418	0.00421	0.00442	0.00359	0.00255	0.00560	0.00617	0.00814	0.05810	0.04581	0.09716	0.69109	0.01610	0.00316	0.00333	0.03231	0.00256	0.00248
29	0.00709	0.00359	0.00360	0.00357	0.00447	0.00361	0.00268	0.01989	0.00800	0.01412	0.01220	0.01392	0.00957	0.00437	0.00264	0.00088	0.00178	0.00350	0.87700	0.00354
30	0.00819	0.00692	0.02178	0.02612	0.00962	0.00524	0.01820	0.00994	0.00793	0.05044	0.00706	0.00810	0.00570	0.00291	0.00289	0.00062	0.00295	0.00236	0.00230	0.80072
31	0.00699	0.00591	0.00662	0.00612	0.00738	0.06108	0.03870	0.03483	0.02459	0.01372	0.40104	0.11707	0.24334	0.00852	0.00473	0.00139	0.00279	0.00719	0.00390	0.00410
32	0.00456	0.00329	0.00433	0.00516	0.00542	0.00305	0.00345	0.00523	0.00725	0.00960	0.02147	0.82766	0.06234	0.01165	0.00477	0.00151	0.00216	0.01054	0.00348	0.00305
33	0.00965	0.46091	0.10087	0.03734	0.01370	0.07213	0.23480	0.01173	0.00820	0.01006	0.00611	0.00752	0.00506	0.00330	0.00319	0.00099	0.00503	0.00282	0.00171	0.00490
34	0.00778	0.00667	0.00778	0.00556	0.00889	0.00500	0.00445	0.00945	0.00778	0.01223	0.00667	0.00778	0.00556	0.00278	0.00278	0.00056	0.00278	0.00222	0.00222	0.89108
35	0.01231	0.01429	0.01060	0.04312	0.08408	0.53712	0.00745	0.03827	0.19360	0.01131	0.00813	0.00877	0.00644	0.00410	0.00353	0.00106	0.00558	0.00296	0.00238	0.00489
36	0.00555	0.00408	0.00522	0.00489	0.00585	0.00388	0.00368	0.00784	0.05946	0.01508	0.79392	0.02720	0.03399	0.00752	0.00439	0.00119	0.00184	0.00663	0.00411	0.00368
37	0.00593	0.00398	0.00467	0.00445	0.00547	0.00378	0.00335	0.00799	0.04937	0.02463	0.46774	0.02494	0.14940	0.00698	0.00395	0.00112	0.00186	0.00599	0.22077	0.00362
38	0.00633	0.00471	0.00556	0.00530	0.00656	0.00464	0.00413	0.00947	0.15763	0.04054	0.38035	0.02802	0.20819	0.00773	0.00434	0.00127	0.00224	0.09370	0.02535	0.00397
39	0.00464	0.00331	0.00443	0.00530	0.00555	0.00311	0.00360	0.00534	0.00725	0.00965	0.02064	0.82795	0.02467	0.01169	0.00481	0.00153	0.00224	0.04775	0.00348	0.00307
40	0.00481	0.00353	0.00451	0.00487	0.00545	0.00323	0.00342	0.00588	0.00853	0.01152	0.30393	0.47374	0.13259	0.01007	0.00462	0.00137	0.00200	0.00899	0.00370	0.00323
41	0.01003	0.87041	0.01966	0.00642	0.00963	0.01485	0.00642	0.01123	0.00762	0.00883	0.00522	0.00602	0.00481	0.00321	0.00241	0.00080	0.00401	0.00201	0.00160	0.00481
42	0.00531	0.00383	0.00501	0.00472	0.00560	0.00354	0.00354	0.00708	0.01062	0.01504	0.84277	0.02802	0.03540	0.00767	0.00442	0.00118	0.00177	0.00678	0.00413	0.00354
43	0.89465	0.00726	0.00551	0.00493	0.00726	0.00842	0.00406	0.01103	0.00638	0.01683	0.00522	0.00609	0.00406	0.00348	0.00232	0.00116	0.00290	0.00203	0.00232	0.00406
44	0.00933	0.00806	0.00848	0.00764	0.00976	0.00933	0.00594	0.01994	0.83797	0.01569	0.01527	0.01400	0.01145	0.00509	0.00382	0.00127	0.00297	0.00424	0.00382	0.00594
45	0.00802	0.00753	0.01281	0.34700	0.40042	0.00813	0.04343	0.01034	0.00831	0.01148	0.07871	0.01131	0.00818	0.00389	0.00379	0.00117	0.00445	0.00368	0.02240	0.00495
46	0.00642	0.00523	0.00632	0.00540	0.00743	0.00418	0.00403	0.00766	0.00754	0.01111	0.01282	0.36041	0.02409	0.00655	0.00362	0.00096	0.00252	0.00576	0.00276	0.51518
47	0.17353	0.22469	0.02592	0.00791	0.01019	0.40092	0.00655	0.03169	0.00893	0.01094	0.00569	0.00672	0.00480	0.00380	0.00343	0.00100	0.05104	0.00234	0.01546	0.00445
48	0.01115	0.26930	0.03893	0.00822	0.02595	0.24705	0.00684	0.12817	0.07641	0.02594	0.02072	0.07224	0.00763	0.00461	0.00370	0.00105	0.04143	0.00335	0.00241	0.00488
49	0.03746	0.02529	0.01010	0.01917	0.03743	0.06797	0.00683	0.18616	0.32758	0.03443	0.02201	0.01082	0.00827	0.00500	0.00532	0.00126	0.16793	0.00359	0.00308	0.02029
50	0.01580	0.00719	0.00908	0.00704	0.00988	0.00681	0.00579	0.16681	0.05785	0.63806	0.01373	0.01217	0.00888	0.00464	0.00375	0.00116	0.00333	0.00372	0.01801	0.00631
51	0.00473	0.00369	0.00430	0.00441	0.00532	0.00325	0.00321	0.00586	0.00886	0.01149	0.27822	0.22772	0.40657	0.00947	0.00451	0.00130	0.00193	0.00822	0.00368	0.00325
52	0.00536	0.00402	0.00603	0.00603	0.00670	0.00469	0.00469	0.00670	0.00603	0.00871	0.01005	0.01474	0.00938	0.02814	0.85328	0.00603	0.01005	0.00402	0.00201	0.00335
53	0.00991	0.01107	0.01111	0.02724	0.01065	0.26999	0.00789	0.01082	0.00729	0.00908	0.00533	0.00793	0.00499	0.00611	0.02612	0.00151	0.56401	0.00303	0.00174	0.00417
54	0.00471	0.00336	0.00451	0.00538	0.00565	0.00316	0.00372	0.00546	0.00732	0.00973	0.02060	0.79040	0.02452	0.01163	0.00482	0.00154	0.00229	0.08463	0.00348	0.00308
55	0.00652	0.00326	0.00489	0.00489	0.00489	0.00326	0.00326	0.00489	0.00489	0.00652	0.00652	0.01140	0.00652	0.01303	0.01466	0.89084	0.00326	0.00326	0.00163	0.00163
56	0.00929	0.00891	0.01523	0.02303	0.84475	0.00891	0.01151	0.01151	0.00854	0.01226	0.00706	0.00929	0.00594	0.00334	0.00371	0.00111	0.00446	0.00334	0.00186	0.00594
57	0.01381	0.00659	0.02538	0.00688	0.00948	0.00581	0.03773	0.05951	0.03652	0.57257	0.16886	0.01526	0.01385	0.00514	0.00392	0.00117	0.00314	0.00434	0.00431	0.00577
58	0.00546	0.00364	0.00409	0.00409	0.00409	0.00364	0.00227	0.00546	0.00546	0.00727	0.01182	0.02455	0.01364	0.86815	0.01910	0.00364	0.00364	0.00546	0.00227	0.00227
59	0.01003	0.87041	0.01966	0.00642	0.00963	0.01485	0.00642	0.01123	0.00762	0.00883	0.00522	0.00602	0.00481	0.00321	0.00241	0.00080	0.00401	0.00201	0.00160	0.00481
60	0.00758	0.00723	0.02946	0.29329	0.07917	0.06585	0.07881	0.02644	0.00833	0.02629	0.01181	0.16282	0.01175	0.00667	0.01717	0.00142	0.00446	0.15481	0.00246	0.00418
61	0.01011	0.85345	0.01948	0.00648	0.00967	0.03152	0.00644	0.01131	0.00768	0.00883	0.00523	0.00603	0.00481	0.00322	0.00243	0.00081	0.00407	0.00201	0.00161	0.00481
62	0.01426	0.01051	0.01126	0.00863	0.01163	0.01163	0.00713	0.83224	0.01764	0.02364	0.00901	0.00901	0.00638	0.00450	0.00375	0.00113	0.00413	0.00338	0.00375	0.00638
63	0.01391	0.04062	0.01087	0.00958	0.01155	0.83073	0.00723	0.01488	0.01055	0.00917	0.00578	0.00675	0.00483	0.00385	0.00336	0.00096	0.00669	0.00241	0.00192	0.00436
