[name]
unknown

[dist]
# distance from previous block
# <min> <max>
0	67

[block]
# block no. 0 follows, 63 sequences, length 7
# corresponding to MSA columns:
# 68-74
name=unknown_A
#
# <colnr> <probs for GDERKNQSTAVLIFYWHMCP>
#	G	D	E	R	K	N	Q	S	T	A	V	L	I	F	Y	W	H	M	C	P
0	0.05702	0.24130	0.19443	0.00872	0.01195	0.17346	0.00847	0.01359	0.07135	0.03228	0.03240	0.04146	0.00892	0.06556	0.00492	0.00139	0.00512	0.02002	0.00244	0.00522
1	0.10211	0.24776	0.10901	0.02679	0.02431	0.03136	0.03099	0.10171	0.04261	0.04499	0.00985	0.01399	0.00863	0.00513	0.00392	0.00124	0.01949	0.11044	0.00273	0.06293
2	0.00848	0.05751	0.17744	0.00749	0.00974	0.02732	0.00695	0.01060	0.03049	0.11033	0.04441	0.22409	0.04433	0.10392	0.11544	0.00241	0.00494	0.00632	0.00313	0.00466
3	0.00641	0.00676	0.10375	0.00757	0.00884	0.00611	0.00658	0.00818	0.00714	0.01032	0.01185	0.11599	0.01164	0.02434	0.57840	0.00515	0.06936	0.00518	0.00237	0.00406
4	0.67478	0.00961	0.10347	0.00652	0.00963	0.00908	0.00604	0.01345	0.00795	0.11633	0.00735	0.00798	0.00535	0.00407	0.00296	0.00130	0.00364	0.00261	0.00282	0.00506
5	0.02924	0.00838	0.10656	0.05311	0.01214	0.00676	0.15619	0.05844	0.01036	0.02901	0.16451	0.06894	0.24587	0.02550	0.00507	0.00145	0.00396	0.00651	0.00332	0.00467
6	0.00736	0.00836	0.10343	0.00741	0.00892	0.10556	0.02213	0.03286	0.02732	0.01179	0.03765	0.48161	0.08960	0.02913	0.00527	0.00158	0.00368	0.00875	0.00341	0.00415

[dist]
# distance from previous block
# <min> <max>
0	1

[block]
# block no. 1 follows, 63 sequences, length 10
# corresponding to MSA columns:
# 76-85
name=unknown_B
#
# <colnr> <probs for GDERKNQSTAVLIFYWHMCP>
#	G	D	E	R	K	N	Q	S	T	A	V	L	I	F	Y	W	H	M	C	P
0	0.02617	0.03249	0.16034	0.03414	0.16459	0.03698	0.00910	0.08833	0.06713	0.01412	0.07701	0.01383	0.01057	0.04698	0.16350	0.00245	0.02643	0.00415	0.00265	0.01905
1	0.00812	0.00726	0.01083	0.48061	0.04729	0.00771	0.00889	0.01052	0.00868	0.01210	0.02997	0.01196	0.03150	0.00418	0.00386	0.00114	0.00449	0.00361	0.03092	0.27636
2	0.01570	0.02004	0.01191	0.01083	0.01300	0.83539	0.00812	0.01679	0.01191	0.01029	0.00650	0.00758	0.00541	0.00433	0.00379	0.00108	0.00758	0.00271	0.00217	0.00487
3	0.00525	0.00427	0.00465	0.00455	0.00585	0.00367	0.00342	0.00658	0.01025	0.01294	0.26683	0.03786	0.59911	0.01006	0.00497	0.00139	0.00209	0.00851	0.00411	0.00367
4	0.14564	0.08134	0.08945	0.13682	0.16132	0.13538	0.02389	0.08066	0.00998	0.01403	0.00857	0.07866	0.00755	0.00483	0.00385	0.00128	0.00508	0.00388	0.00242	0.00537
5	0.00967	0.03887	0.09819	0.21717	0.20250	0.08769	0.05538	0.02907	0.07130	0.01243	0.00875	0.01156	0.00716	0.03458	0.07591	0.00187	0.02640	0.00382	0.00223	0.00544
6	0.00571	0.00428	0.00531	0.00516	0.00623	0.00388	0.00389	0.00742	0.01110	0.01512	0.57200	0.06707	0.22687	0.00939	0.00501	0.00139	0.00211	0.03981	0.00439	0.00384
7	0.00956	0.02421	0.01525	0.09428	0.02994	0.05933	0.30978	0.04327	0.14403	0.01473	0.15844	0.03102	0.01389	0.00521	0.00458	0.00136	0.00503	0.00514	0.02561	0.00535
8	0.00575	0.00397	0.00492	0.00527	0.00544	0.00397	0.00332	0.00617	0.00687	0.00924	0.01656	0.31837	0.01921	0.46499	0.10414	0.00353	0.00427	0.00801	0.00300	0.00299
9	0.77274	0.00783	0.00627	0.00563	0.00798	0.00912	0.00461	0.01205	0.00726	0.01823	0.00649	0.00766	0.00511	0.00413	0.00310	0.00130	0.03855	0.00247	0.07496	0.00450

[dist]
# distance from previous block
# <min> <max>
1	2

[block]
# block no. 2 follows, 63 sequences, length 16
# corresponding to MSA columns:
# 88-103
name=unknown_C
#
# <colnr> <probs for GDERKNQSTAVLIFYWHMCP>
#	G	D	E	R	K	N	Q	S	T	A	V	L	I	F	Y	W	H	M	C	P
0	0.00814	0.00746	0.01118	0.06372	0.21248	0.04182	0.04546	0.00989	0.00807	0.01116	0.01055	0.05862	0.01017	0.05561	0.29029	0.00340	0.09819	0.04679	0.00232	0.00469
1	0.00881	0.02887	0.32917	0.22744	0.11563	0.00918	0.05165	0.01259	0.03706	0.03580	0.06228	0.01261	0.00879	0.00457	0.00419	0.00135	0.00535	0.02199	0.01705	0.00563
2	0.00600	0.00407	0.00466	0.00477	0.00488	0.00402	0.00281	0.00616	0.00652	0.00863	0.01557	0.09974	0.04985	0.72111	0.01889	0.00370	0.00385	0.02931	0.00276	0.00270
3	0.04853	0.26543	0.07969	0.04569	0.08757	0.06384	0.04876	0.06298	0.03215	0.02337	0.00790	0.03431	0.00673	0.00425	0.00390	0.00110	0.03632	0.00326	0.00234	0.14187
4	0.01050	0.00870	0.00938	0.00813	0.01076	0.00948	0.00636	0.02031	0.65254	0.04861	0.01549	0.01447	0.01164	0.00525	0.00408	0.00129	0.00330	0.00436	0.00402	0.15132
5	0.00708	0.00382	0.00572	0.04226	0.00658	0.00387	0.00403	0.00575	0.00590	0.00784	0.00911	0.10766	0.00955	0.01398	0.01464	0.73981	0.00360	0.00460	0.00206	0.00213
6	0.00602	0.00444	0.00642	0.00642	0.00705	0.00507	0.00483	0.00729	0.00666	0.00951	0.01157	0.01823	0.01125	0.15951	0.70864	0.00634	0.01014	0.00475	0.00230	0.00357
7	0.75076	0.00829	0.00716	0.05052	0.00959	0.00977	0.00534	0.04095	0.00763	0.01817	0.00607	0.00732	0.00476	0.00417	0.00343	0.00134	0.05500	0.00249	0.00257	0.00466
8	0.01500	0.01546	0.01162	0.00991	0.01249	0.43619	0.00772	0.30849	0.06968	0.01691	0.00951	0.00998	0.02413	0.00484	0.00398	0.00118	0.00593	0.00341	0.02779	0.00577
9	0.04360	0.01113	0.01063	0.00862	0.01161	0.16647	0.00689	0.22320	0.12638	0.22809	0.01162	0.01122	0.00826	0.00477	0.00396	0.00119	0.00451	0.00363	0.00383	0.11039
10	0.01309	0.00603	0.00804	0.00673	0.00899	0.00542	0.00544	0.03347	0.01191	0.44839	0.28909	0.02336	0.04330	0.00701	0.00462	0.00136	0.00305	0.07013	0.00484	0.00572
11	0.00592	0.00444	0.00649	0.00652	0.00728	0.00501	0.00502	0.00740	0.00727	0.01035	0.06807	0.06302	0.04187	0.02826	0.70574	0.00593	0.00984	0.00527	0.00256	0.00374
12	0.00611	0.00410	0.00472	0.00472	0.00476	0.00415	0.00271	0.00620	0.00615	0.00825	0.01312	0.02684	0.01499	0.80195	0.07131	0.00424	0.00452	0.00601	0.00253	0.00262
13	0.04339	0.06251	0.07736	0.00931	0.02950	0.08306	0.06742	0.16564	0.03693	0.15947	0.01108	0.03613	0.00907	0.10817	0.06276	0.00199	0.02316	0.00423	0.00321	0.00559
14	0.02000	0.00998	0.04933	0.08658	0.12791	0.07760	0.05524	0.12296	0.01952	0.06511	0.04492	0.04656	0.00980	0.00512	0.00444	0.00123	0.03126	0.04622	0.00292	0.17330
15	0.10457	0.15375	0.05448	0.02432	0.06740	0.09282	0.07613	0.08491	0.02889	0.04524	0.02029	0.01900	0.00724	0.02241	0.04012	0.00151	0.07999	0.00347	0.00253	0.07092

[dist]
# distance from previous block
# <min> <max>
5	14

[block]
# block no. 3 follows, 63 sequences, length 6
# corresponding to MSA columns:
# 120-125
name=unknown_D
#
# <colnr> <probs for GDERKNQSTAVLIFYWHMCP>
#	G	D	E	R	K	N	Q	S	T	A	V	L	I	F	Y	W	H	M	C	P
0	0.00667	0.00450	0.00572	0.00562	0.00651	0.00462	0.00414	0.00812	0.03756	0.04038	0.07877	0.05733	0.15921	0.12896	0.29286	0.05741	0.00570	0.00593	0.08632	0.00368
1	0.00965	0.12856	0.13174	0.07687	0.23482	0.04311	0.03180	0.05173	0.06812	0.01326	0.03281	0.02870	0.05871	0.00676	0.06412	0.00165	0.00532	0.00414	0.00248	0.00566
2	0.00977	0.15887	0.16162	0.03660	0.01199	0.07476	0.02351	0.03135	0.08551	0.04437	0.02433	0.01293	0.03257	0.05835	0.09499	0.00196	0.04019	0.00379	0.03581	0.05673
3	0.01061	0.06772	0.07561	0.00947	0.08387	0.05093	0.00734	0.14814	0.06419	0.07334	0.04144	0.12500	0.03523	0.02970	0.00489	0.00136	0.02393	0.03272	0.03655	0.07796
4	0.04898	0.08172	0.04340	0.03015	0.09285	0.24540	0.05308	0.04999	0.04496	0.02785	0.06579	0.01448	0.05139	0.02892	0.00487	0.00132	0.03523	0.04065	0.00271	0.03626
5	0.13784	0.05964	0.04600	0.02862	0.14544	0.10985	0.05896	0.08600	0.06537	0.05647	0.04611	0.01208	0.02697	0.00475	0.00415	0.00125	0.02810	0.01918	0.00285	0.06037

[dist]
# distance from previous block
# <min> <max>
4	82

[block]
# block no. 4 follows, 63 sequences, length 38
# corresponding to MSA columns:
# 227-264
name=unknown_E
#
# <colnr> <probs for GDERKNQSTAVLIFYWHMCP>
#	G	D	E	R	K	N	Q	S	T	A	V	L	I	F	Y	W	H	M	C	P
0	0.04721	0.05936	0.05918	0.02217	0.08856	0.05833	0.01504	0.07399	0.09759	0.08604	0.07802	0.03674	0.05331	0.00627	0.03161	0.00138	0.01483	0.02144	0.00320	0.14574
1	0.05181	0.06914	0.06970	0.02680	0.14960	0.14184	0.06935	0.10192	0.07662	0.08085	0.03386	0.03990	0.00880	0.01519	0.00423	0.00127	0.00498	0.00395	0.00291	0.04731
2	0.02964	0.10111	0.07467	0.02810	0.08583	0.10472	0.04501	0.09014	0.09066	0.09301	0.08423	0.07533	0.02591	0.00558	0.00409	0.00126	0.00441	0.00464	0.04609	0.00557
3	0.05999	0.21046	0.09464	0.03504	0.09969	0.06470	0.00843	0.09632	0.10655	0.01442	0.04082	0.01063	0.00820	0.01488	0.00446	0.00123	0.05569	0.00342	0.02216	0.04827
4	0.11766	0.15258	0.16482	0.02576	0.12813	0.03441	0.10073	0.10325	0.02005	0.01471	0.00839	0.00986	0.02433	0.00480	0.02166	0.00136	0.03272	0.00342	0.00236	0.02900
5	0.00662	0.00482	0.00574	0.00546	0.00647	0.00477	0.00391	0.02311	0.03463	0.01114	0.02711	0.04844	0.14033	0.27814	0.20732	0.00342	0.00511	0.01555	0.08205	0.08586
6	0.00753	0.00417	0.00626	0.00594	0.00621	0.00417	0.02839	0.02982	0.00637	0.00856	0.04775	0.01406	0.00912	0.04137	0.01532	0.75298	0.00372	0.00397	0.00207	0.00223
7	0.00513	0.00381	0.00479	0.00550	0.00602	0.00347	0.00376	0.00599	0.00855	0.01116	0.06649	0.64348	0.19166	0.01243	0.00526	0.00163	0.00235	0.01111	0.00394	0.00347
8	0.01112	0.59071	0.12228	0.00950	0.07775	0.05595	0.00868	0.01321	0.02432	0.02582	0.00670	0.00770	0.00574	0.00376	0.00310	0.00100	0.00484	0.00259	0.00196	0.02330
9	0.01008	0.00998	0.04411	0.03693	0.14235	0.05973	0.04740	0.01704	0.40799	0.01500	0.03470	0.05036	0.01132	0.00561	0.00506	0.00141	0.07168	0.00467	0.01858	0.00599
10	0.00520	0.00373	0.00495	0.00590	0.00621	0.00349	0.00402	0.00600	0.00817	0.01084	0.02364	0.78852	0.04887	0.01303	0.00538	0.00171	0.00250	0.05049	0.00390	0.00344
11	0.00617	0.00453	0.00633	0.00629	0.00683	0.00516	0.00465	0.00728	0.00667	0.00954	0.01185	0.03652	0.01187	0.22944	0.57063	0.00568	0.03843	0.00501	0.02361	0.00349
12	0.00578	0.00426	0.00529	0.00507	0.00603	0.00390	0.00371	0.00741	0.01092	0.01505	0.60656	0.05094	0.16580	0.08322	0.00641	0.00159	0.00220	0.00778	0.00431	0.00376
13	0.00784	0.00392	0.00392	0.00392	0.00490	0.00392	0.00294	0.00980	0.00882	0.01567	0.01371	0.01567	0.01077	0.00490	0.00294	0.00098	0.00196	0.00392	0.87560	0.00392
14	0.00932	0.26265	0.49973	0.01026	0.01544	0.01143	0.03617	0.01287	0.00880	0.01235	0.00707	0.00832	0.00546	0.00379	0.00357	0.00115	0.00547	0.00286	0.00185	0.08145
15	0.00772	0.00608	0.00801	0.00744	0.00860	0.02337	0.02368	0.09576	0.05926	0.01205	0.01149	0.03005	0.01051	0.07046	0.57040	0.01922	0.02441	0.00460	0.00262	0.00428
16	0.00784	0.00392	0.00392	0.00392	0.00490	0.00392	0.00294	0.00980	0.00882	0.01567	0.01371	0.01567	0.01077	0.00490	0.00294	0.00098	0.00196	0.00392	0.87560	0.00392
17	0.00615	0.00411	0.00469	0.00474	0.00479	0.00411	0.00275	0.00624	0.00629	0.00837	0.01369	0.02849	0.01572	0.81095	0.02063	0.00397	0.00407	0.04502	0.00261	0.00261
18	0.01077	0.00971	0.01629	0.08252	0.71093	0.00982	0.01237	0.03123	0.00984	0.05388	0.00835	0.01065	0.00678	0.00388	0.00417	0.00126	0.00496	0.00377	0.00227	0.00655
19	0.00601	0.00449	0.00669	0.00669	0.00742	0.00522	0.00517	0.00746	0.00674	0.00971	0.01132	0.01685	0.01065	0.05642	0.81091	0.00667	0.01104	0.00455	0.00226	0.00372
20	0.01119	0.00907	0.00971	0.00845	0.01086	0.01035	0.00666	0.18225	0.56664	0.01883	0.01515	0.01459	0.01143	0.00713	0.05564	0.00170	0.00402	0.00450	0.04537	0.00645
21	0.01191	0.48927	0.03106	0.02289	0.03660	0.07674	0.03135	0.09683	0.06097	0.04958	0.03508	0.02493	0.00789	0.00437	0.00339	0.00107	0.00465	0.00321	0.00254	0.00566
22	0.01050	0.20076	0.08599	0.03202	0.06438	0.18519	0.03080	0.06921	0.01087	0.01321	0.15421	0.02960	0.08537	0.00559	0.00400	0.00119	0.00476	0.00445	0.00280	0.00510
23	0.05756	0.01336	0.29354	0.09824	0.09475	0.02043	0.08147	0.05637	0.02688	0.09604	0.00899	0.02259	0.00673	0.00427	0.00416	0.00127	0.01747	0.00361	0.00252	0.08976
24	0.01105	0.17651	0.10665	0.01121	0.09438	0.07117	0.08792	0.06311	0.11830	0.06915	0.05526	0.02280	0.03539	0.00497	0.00444	0.00126	0.04301	0.00405	0.00285	0.01653
25	0.01081	0.20037	0.31735	0.01987	0.06420	0.02438	0.02450	0.08015	0.01887	0.09175	0.01767	0.02466	0.01551	0.03006	0.00464	0.00132	0.03114	0.00353	0.00249	0.01672
26	0.00605	0.00431	0.00554	0.00610	0.00669	0.00418	0.00451	0.02480	0.00858	0.01129	0.04579	0.35533	0.09123	0.14172	0.02616	0.02876	0.00331	0.21855	0.00362	0.00347
27	0.03738	0.05786	0.06587	0.03232	0.07205	0.07090	0.06886	0.04759	0.03915	0.17990	0.09557	0.09223	0.08882	0.00635	0.00447	0.00134	0.01428	0.01614	0.00348	0.00543
28	0.08799	0.05588	0.07537	0.03863	0.05429	0.05177	0.17590	0.07501	0.08778	0.13575	0.02337	0.06221	0.03801	0.00523	0.00424	0.00134	0.00479	0.01353	0.00316	0.00575
29	0.00920	0.00920	0.01288	0.01104	0.01104	0.01288	0.00920	0.01012	0.00644	0.01012	0.00552	0.00920	0.00552	0.00736	0.01380	0.00184	0.84457	0.00368	0.00184	0.00460
30	0.01793	0.01584	0.05739	0.14486	0.03131	0.00697	0.05509	0.05179	0.05025	0.07842	0.14234	0.07248	0.13434	0.00741	0.00516	0.03038	0.01730	0.05982	0.01616	0.00478
31	0.02437	0.02322	0.09424	0.02880	0.10376	0.04515	0.06788	0.13817	0.07006	0.13045	0.04050	0.03903	0.00948	0.00506	0.00465	0.00127	0.04991	0.01386	0.01398	0.09614
32	0.00943	0.00712	0.00890	0.07609	0.05278	0.06232	0.04168	0.04211	0.03486	0.10332	0.16702	0.05386	0.07857	0.03431	0.04807	0.00168	0.04357	0.00541	0.12411	0.00477
33	0.00784	0.00392	0.00392	0.00392	0.00490	0.00392	0.00294	0.00980	0.00882	0.01567	0.01371	0.01567	0.01077	0.00490	0.00294	0.00098	0.00196	0.00392	0.87560	0.00392
34	0.03624	0.04031	0.04966	0.18062	0.09463	0.00903	0.05121	0.09224	0.11083	0.03287	0.01025	0.03612	0.01909	0.00575	0.04162	0.00145	0.00474	0.00392	0.00275	0.17666
35	0.00666	0.00543	0.00734	0.02003	0.02470	0.03033	0.01647	0.00781	0.00708	0.00980	0.01236	0.11048	0.01278	0.17980	0.44456	0.00478	0.07571	0.01773	0.00247	0.00369
36	0.01078	0.01121	0.02689	0.18887	0.33985	0.16385	0.07430	0.01306	0.00979	0.03632	0.03300	0.02895	0.00770	0.00445	0.00453	0.00130	0.03334	0.00394	0.00225	0.00562
37	0.01025	0.02104	0.06851	0.15970	0.15518	0.10800	0.00918	0.06584	0.04742	0.05204	0.04470	0.04848	0.02798	0.05032	0.02945	0.00166	0.08792	0.00439	0.00265	0.00528

[dist]
# distance from previous block
# <min> <max>
2	4

[block]
# block no. 5 follows, 63 sequences, length 8
# corresponding to MSA columns:
# 269-276
name=unknown_F
#
# <colnr> <probs for GDERKNQSTAVLIFYWHMCP>
#	G	D	E	R	K	N	Q	S	T	A	V	L	I	F	Y	W	H	M	C	P
0	0.00797	0.00662	0.00798	0.00688	0.04205	0.00551	0.00504	0.03570	0.03044	0.01408	0.11869	0.12029	0.07450	0.00581	0.00388	0.00098	0.00294	0.00498	0.00314	0.50253
1	0.88196	0.00813	0.00618	0.00553	0.00813	0.00943	0.00455	0.01236	0.00715	0.01886	0.00585	0.00683	0.00455	0.00390	0.00260	0.00130	0.00325	0.00228	0.00260	0.00455
2	0.00988	0.00954	0.04974	0.33902	0.30741	0.00981	0.07220	0.04897	0.05747	0.04235	0.00872	0.01116	0.00669	0.00414	0.00424	0.00134	0.00528	0.00389	0.00233	0.00583
3	0.00580	0.00460	0.00553	0.00579	0.00672	0.00449	0.00430	0.00764	0.06448	0.01199	0.09411	0.31710	0.30407	0.01197	0.04493	0.00182	0.03043	0.06660	0.00384	0.00382
4	0.00791	0.00641	0.01042	0.05868	0.17330	0.00629	0.08478	0.01000	0.01015	0.05066	0.27621	0.13186	0.02245	0.00823	0.02387	0.00157	0.00386	0.10506	0.00350	0.00476
5	0.00601	0.00450	0.00676	0.00676	0.00751	0.00525	0.00525	0.00751	0.00676	0.00976	0.01126	0.01651	0.01051	0.03153	0.83560	0.00676	0.01126	0.00450	0.00225	0.00375
6	0.00834	0.00701	0.01027	0.24219	0.14451	0.02628	0.00833	0.03639	0.00908	0.04768	0.03394	0.12662	0.07701	0.01023	0.11900	0.00218	0.04344	0.04001	0.00277	0.00475
7	0.11014	0.40507	0.01601	0.00788	0.01122	0.01382	0.00708	0.27112	0.04618	0.06313	0.00830	0.00864	0.00646	0.00428	0.00333	0.00111	0.00430	0.00296	0.00296	0.00602

[dist]
# distance from previous block
# <min> <max>
0	3

[block]
# block no. 6 follows, 63 sequences, length 48
# corresponding to MSA columns:
# 280-289,293-330
name=unknown_G
#
# <colnr> <probs for GDERKNQSTAVLIFYWHMCP>
#	G	D	E	R	K	N	Q	S	T	A	V	L	I	F	Y	W	H	M	C	P
0	0.08380	0.10235	0.24005	0.02641	0.12917	0.07275	0.04342	0.02145	0.00924	0.02753	0.03506	0.00986	0.00711	0.00497	0.03388	0.00134	0.00523	0.00323	0.00225	0.14091
1	0.00612	0.00459	0.00656	0.02129	0.00751	0.00520	0.00501	0.00753	0.00735	0.01052	0.07246	0.06017	0.04430	0.07552	0.58440	0.00530	0.03514	0.00530	0.03201	0.00372
2	0.00940	0.00764	0.02488	0.00763	0.00968	0.00782	0.04481	0.14857	0.24646	0.03834	0.12874	0.07635	0.12541	0.07049	0.02020	0.00168	0.00356	0.00606	0.01699	0.00530
3	0.00500	0.00426	0.00431	0.00430	0.00570	0.00356	0.00322	0.00610	0.00967	0.01155	0.07067	0.04013	0.79612	0.01057	0.00497	0.00142	0.00212	0.00883	0.00393	0.00356
4	0.00841	0.00792	0.01319	0.63148	0.18949	0.00932	0.01155	0.01132	0.02815	0.01153	0.00884	0.01203	0.03049	0.00434	0.00422	0.00137	0.00532	0.00392	0.00203	0.00509
5	0.00914	0.01049	0.11613	0.34520	0.35431	0.00980	0.05039	0.01206	0.00897	0.01240	0.00766	0.01055	0.00604	0.00403	0.00443	0.00134	0.02567	0.00372	0.00196	0.00572
6	0.00583	0.00429	0.00545	0.00516	0.00621	0.00391	0.00387	0.00770	0.01161	0.01617	0.72679	0.03253	0.13713	0.00885	0.00496	0.00133	0.00200	0.00776	0.00454	0.00391
7	0.01030	0.06287	0.01477	0.34816	0.30744	0.03842	0.01119	0.10943	0.01028	0.01364	0.00776	0.01033	0.00614	0.00419	0.00434	0.00130	0.02787	0.00362	0.00223	0.00573
8	0.79558	0.00852	0.00643	0.00577	0.00830	0.04467	0.00470	0.01270	0.02639	0.01836	0.00640	0.00736	0.00499	0.00400	0.00270	0.00128	0.00340	0.00241	0.03145	0.00459
9	0.01049	0.02659	0.01029	0.02109	0.06768	0.00836	0.05148	0.24254	0.04006	0.05862	0.01919	0.01614	0.01028	0.20816	0.15753	0.01591	0.00567	0.00458	0.02026	0.00508
10	0.00940	0.00925	0.02779	0.19852	0.36651	0.00957	0.12658	0.01295	0.08473	0.01328	0.03115	0.01301	0.00845	0.00521	0.02810	0.00151	0.01793	0.02788	0.00236	0.00581
11	0.00960	0.09010	0.01339	0.01044	0.01095	0.05954	0.00875	0.01060	0.00697	0.01009	0.00589	0.00924	0.00575	0.00804	0.05344	0.00195	0.67521	0.00353	0.00187	0.00465
12	0.00985	0.01086	0.13564	0.08666	0.17714	0.00883	0.13044	0.03133	0.09003	0.04979	0.00936	0.02220	0.00730	0.00406	0.00405	0.00118	0.00483	0.00377	0.00255	0.21011
13	0.00544	0.00401	0.00509	0.00588	0.00625	0.01353	0.00400	0.00639	0.01761	0.01114	0.07031	0.71094	0.04603	0.04306	0.00589	0.00176	0.00257	0.03273	0.00388	0.00349
14	0.00606	0.00411	0.00484	0.00488	0.00497	0.00418	0.00290	0.00626	0.00626	0.00843	0.01340	0.05788	0.01523	0.72757	0.11248	0.00429	0.00482	0.00616	0.00257	0.00272
15	0.00851	0.00436	0.00466	0.00453	0.00568	0.00434	0.00341	0.01081	0.04669	0.07175	0.01481	0.08051	0.01217	0.00560	0.00328	0.00108	0.00217	0.00460	0.70680	0.00423
16	0.00992	0.01134	0.02481	0.01772	0.02197	0.01063	0.81077	0.01347	0.00992	0.01347	0.00850	0.01134	0.00638	0.00354	0.00496	0.00142	0.00709	0.00496	0.00213	0.00567
17	0.01169	0.01090	0.00769	0.00707	0.00869	0.34446	0.00534	0.04274	0.01059	0.03820	0.01071	0.01211	0.00844	0.00468	0.00337	0.00104	0.00441	0.00343	0.45992	0.00453
18	0.00546	0.00390	0.00527	0.00624	0.00664	0.00371	0.00450	0.00645	0.00839	0.01111	0.02298	0.68328	0.02706	0.01285	0.00546	0.00175	0.00274	0.17482	0.00390	0.00351
19	0.01060	0.00587	0.00630	0.00546	0.00716	0.00604	0.00431	0.17848	0.01141	0.09654	0.01323	0.01437	0.00998	0.00496	0.00333	0.00107	0.00267	0.00392	0.60937	0.00491
20	0.00515	0.00372	0.00488	0.00580	0.00613	0.00345	0.00392	0.00593	0.00818	0.01081	0.02430	0.78393	0.07490	0.01299	0.00535	0.00170	0.00245	0.02908	0.00390	0.00343
21	0.00607	0.00407	0.00466	0.00475	0.00479	0.00406	0.00275	0.00617	0.00633	0.00843	0.01409	0.07676	0.01628	0.77871	0.02000	0.00387	0.00397	0.02892	0.00267	0.00264
22	0.27812	0.00845	0.00865	0.00744	0.01011	0.00933	0.00596	0.04553	0.37506	0.18841	0.01333	0.01251	0.00961	0.00503	0.00375	0.00136	0.00340	0.00385	0.00396	0.00613
23	0.01040	0.00999	0.01706	0.02580	0.82604	0.00999	0.01290	0.01290	0.00957	0.01373	0.00791	0.01040	0.00666	0.00375	0.00416	0.00125	0.00499	0.00375	0.00208	0.00666
24	0.00533	0.00375	0.00486	0.00567	0.00588	0.00356	0.00372	0.00595	0.00774	0.01031	0.02141	0.68946	0.02553	0.16073	0.00819	0.00213	0.00275	0.02609	0.00366	0.00327
25	0.00608	0.00407	0.00466	0.00469	0.00472	0.00409	0.00268	0.00615	0.00620	0.00829	0.01351	0.05431	0.01555	0.79931	0.04591	0.00408	0.00424	0.00626	0.00258	0.00261
26	0.00512	0.00366	0.00488	0.00585	0.00610	0.00341	0.00390	0.00585	0.00805	0.01073	0.02317	0.84952	0.02780	0.01317	0.00537	0.00171	0.00244	0.01195	0.00390	0.00341
27	0.03324	0.78037	0.05891	0.00734	0.01099	0.01592	0.00746	0.01254	0.00858	0.01039	0.01951	0.00725	0.00594	0.00371	0.00279	0.00094	0.00450	0.00238	0.00186	0.00539
28	0.01407	0.27938	0.01510	0.00960	0.01222	0.49592	0.00783	0.06274	0.02398	0.01124	0.00665	0.00764	0.00563	0.00425	0.00375	0.00106	0.02886	0.00269	0.00220	0.00519
29	0.01040	0.00999	0.01706	0.02580	0.82604	0.00999	0.01290	0.01290	0.00957	0.01373	0.00791	0.01040	0.00666	0.00375	0.00416	0.00125	0.00499	0.00375	0.00208	0.00666
30	0.01567	0.01154	0.01239	0.00956	0.01284	0.01276	0.00787	0.78877	0.01943	0.02604	0.01047	0.03430	0.00774	0.00528	0.00424	0.00127	0.00456	0.00402	0.00420	0.00704
31	0.00684	0.00507	0.00632	0.00614	0.00737	0.00494	0.00488	0.06164	0.03827	0.01589	0.46722	0.03423	0.12391	0.00920	0.00508	0.00147	0.00266	0.19034	0.00433	0.00420
32	0.00605	0.00432	0.00585	0.00585	0.00628	0.00476	0.00412	0.00692	0.00649	0.00909	0.01209	0.02112	0.01251	0.37537	0.49450	0.00563	0.00825	0.00518	0.00238	0.00325
33	0.00620	0.00419	0.00518	0.00518	0.00547	0.00441	0.00338	0.00677	0.00648	0.00913	0.01269	0.02347	0.01357	0.55289	0.26147	0.00466	0.00606	0.00549	0.06030	0.00300
34	0.05176	0.01407	0.01276	0.06115	0.21581	0.37835	0.00917	0.07812	0.03325	0.04685	0.00798	0.00945	0.00639	0.00514	0.02779	0.00137	0.02922	0.00329	0.00249	0.00558
35	0.00605	0.00437	0.00541	0.00538	0.00642	0.00401	0.00400	0.00780	0.02879	0.03613	0.42640	0.18584	0.21561	0.00987	0.00503	0.00144	0.00224	0.03700	0.00431	0.00391
36	0.01060	0.52134	0.20069	0.00965	0.05239	0.02384	0.03843	0.01341	0.05028	0.02159	0.00716	0.00815	0.00593	0.00382	0.00326	0.00106	0.00494	0.00277	0.00200	0.01867
37	0.02104	0.00984	0.06497	0.00937	0.01097	0.09670	0.02655	0.04410	0.02477	0.14004	0.00982	0.04007	0.00837	0.03180	0.14076	0.00242	0.29205	0.00414	0.01716	0.00506
38	0.00608	0.00422	0.00534	0.00534	0.00559	0.00448	0.00348	0.00659	0.00634	0.00871	0.01256	0.02371	0.01363	0.56858	0.30282	0.00500	0.00656	0.00556	0.00245	0.00296
39	0.01057	0.44108	0.34132	0.00945	0.01394	0.09597	0.01059	0.01330	0.00901	0.01129	0.00658	0.00767	0.00537	0.00383	0.00332	0.00109	0.00549	0.00263	0.00183	0.00567
40	0.00611	0.00410	0.00470	0.00470	0.00474	0.00414	0.00269	0.00619	0.00615	0.00824	0.01314	0.02692	0.01503	0.80798	0.06533	0.00422	0.00446	0.00603	0.00253	0.00261
41	0.00610	0.00462	0.00682	0.00676	0.00745	0.00541	0.00522	0.00751	0.00671	0.00968	0.01120	0.01689	0.01062	0.07461	0.76847	0.00647	0.03491	0.00457	0.00226	0.00371
42	0.00536	0.00423	0.00483	0.00477	0.00594	0.00370	0.00354	0.00676	0.01038	0.01346	0.34566	0.09301	0.46336	0.01002	0.00499	0.00140	0.00209	0.00859	0.00419	0.00370
43	0.00638	0.00431	0.00539	0.00539	0.00640	0.00390	0.00393	0.00773	0.01004	0.06956	0.32246	0.26162	0.21836	0.02459	0.02888	0.00165	0.00255	0.00878	0.00419	0.00390
44	0.00613	0.00462	0.00671	0.00673	0.00749	0.00532	0.00517	0.00793	0.03627	0.01005	0.01212	0.05848	0.01157	0.04887	0.74478	0.00625	0.01036	0.00492	0.00242	0.00381
45	0.35025	0.04718	0.16030	0.01860	0.04527	0.02950	0.09593	0.03226	0.00916	0.11719	0.03782	0.00995	0.00721	0.00425	0.00356	0.00129	0.00447	0.00331	0.01704	0.00546
46	0.01031	0.04298	0.03077	0.05997	0.15305	0.08216	0.02215	0.06491	0.24625	0.02453	0.01207	0.05860	0.01030	0.02147	0.06697	0.00180	0.04052	0.02694	0.00304	0.02123
47	0.14552	0.21506	0.06676	0.00860	0.02351	0.08628	0.08255	0.05544	0.01955	0.01398	0.10724	0.11244	0.01241	0.00558	0.00381	0.00123	0.00436	0.00457	0.00277	0.02837

[dist]
# distance from previous block
# <min> <max>
0	48

[block]
# block no. 7 follows, 63 sequences, length 17
# corresponding to MSA columns:
# 379-395
name=unknown_H
#
# <colnr> <probs for GDERKNQSTAVLIFYWHMCP>
#	G	D	E	R	K	N	Q	S	T	A	V	L	I	F	Y	W	H	M	C	P
0	0.04609	0.05332	0.07466	0.10992	0.04699	0.13597	0.02236	0.18902	0.08282	0.01575	0.05462	0.02503	0.03361	0.02152	0.01892	0.00142	0.02935	0.00403	0.00295	0.03165
1	0.00989	0.01027	0.03515	0.03107	0.03641	0.17890	0.07296	0.03575	0.13618	0.01245	0.01184	0.06902	0.01105	0.10715	0.07850	0.00213	0.04348	0.05634	0.00281	0.05865
2	0.00909	0.00901	0.04718	0.07152	0.46805	0.02229	0.01017	0.01216	0.06924	0.01402	0.13962	0.03361	0.06526	0.00535	0.00436	0.00130	0.00429	0.00488	0.00277	0.00579
3	0.00854	0.00727	0.00852	0.00617	0.00972	0.00550	0.00492	0.01041	0.00892	0.01390	0.06033	0.01019	0.00839	0.00347	0.00323	0.00067	0.00304	0.00282	0.00263	0.82138
4	0.00637	0.00461	0.00627	0.00716	0.00806	0.00451	0.00604	0.00805	0.00942	0.01219	0.02407	0.17071	0.09064	0.01177	0.00567	0.00186	0.00351	0.61144	0.00388	0.00377
5	0.75769	0.00799	0.00669	0.00581	0.00850	0.00896	0.00479	0.01353	0.00786	0.13550	0.00740	0.00791	0.00540	0.00409	0.00284	0.00130	0.00330	0.00256	0.00298	0.00493
6	0.00611	0.00411	0.00474	0.00474	0.00479	0.00416	0.00273	0.00621	0.00616	0.00826	0.01311	0.02675	0.01495	0.79549	0.07772	0.00426	0.00457	0.00600	0.00253	0.00263
7	0.00610	0.00411	0.00477	0.00477	0.00483	0.00418	0.00278	0.00623	0.00617	0.00829	0.01308	0.02658	0.01488	0.78279	0.09032	0.00430	0.00468	0.00598	0.00252	0.00265
8	0.01598	0.01177	0.01262	0.00967	0.01304	0.01304	0.00799	0.81202	0.01976	0.02649	0.01009	0.01009	0.00715	0.00505	0.00421	0.00126	0.00463	0.00378	0.00421	0.00715
9	0.01035	0.00961	0.01621	0.10771	0.68447	0.00994	0.01241	0.01279	0.00939	0.03766	0.00802	0.01055	0.00661	0.00400	0.00459	0.00129	0.04213	0.00376	0.00214	0.00638
10	0.00955	0.31443	0.47650	0.01079	0.01591	0.01226	0.08076	0.01307	0.00885	0.01212	0.00703	0.00834	0.00544	0.00382	0.00362	0.00119	0.00568	0.00296	0.00181	0.00588
11	0.00577	0.00451	0.00614	0.06037	0.02142	0.00436	0.01880	0.00725	0.02566	0.01207	0.14199	0.46049	0.14902	0.01097	0.00515	0.00158	0.00275	0.05411	0.00382	0.00378
12	0.06846	0.00581	0.00615	0.00610	0.00727	0.06394	0.00451	0.00907	0.03317	0.06176	0.18407	0.28600	0.14159	0.01175	0.08896	0.00199	0.00371	0.00785	0.00376	0.00408
13	0.01619	0.01107	0.01213	0.00934	0.01266	0.01203	0.00770	0.68097	0.04369	0.13405	0.01118	0.01083	0.00776	0.00509	0.00421	0.00127	0.00444	0.00387	0.00434	0.00713
14	0.00644	0.00422	0.00602	0.00608	0.00653	0.00456	0.00441	0.00692	0.01914	0.00931	0.03576	0.06553	0.01241	0.11868	0.38666	0.26607	0.00703	0.02873	0.00240	0.00307
15	0.01151	0.35272	0.15209	0.01001	0.01368	0.08904	0.10853	0.09373	0.01017	0.04264	0.00753	0.00895	0.00611	0.01620	0.02135	0.00131	0.04334	0.00316	0.00226	0.00565
16	0.02625	0.03850	0.07939	0.11773	0.11145	0.18641	0.13697	0.02809	0.00981	0.06798	0.00952	0.06176	0.00829	0.07733	0.00566	0.00152	0.00564	0.00430	0.00247	0.02093

[dist]
# distance from previous block
# <min> <max>
0	1

[block]
# block no. 8 follows, 63 sequences, length 31
# corresponding to MSA columns:
# 397-427
name=unknown_I
#
# <colnr> <probs for GDERKNQSTAVLIFYWHMCP>
#	G	D	E	R	K	N	Q	S	T	A	V	L	I	F	Y	W	H	M	C	P
0	0.01379	0.01823	0.09794	0.01040	0.01284	0.62621	0.00849	0.01582	0.05444	0.01092	0.00804	0.00962	0.01746	0.03803	0.02587	0.00140	0.02013	0.00314	0.00227	0.00497
1	0.01573	0.01916	0.01199	0.01071	0.01300	0.74832	0.00811	0.10098	0.01274	0.01200	0.00688	0.00785	0.00560	0.00441	0.00383	0.00110	0.00727	0.00282	0.00238	0.00511
2	0.00512	0.00366	0.00488	0.00585	0.00610	0.00341	0.00390	0.00585	0.00805	0.01073	0.02317	0.84952	0.02780	0.01317	0.00537	0.00171	0.00244	0.01195	0.00390	0.00341
3	0.04113	0.00828	0.01021	0.00789	0.01112	0.02576	0.00650	0.15957	0.01326	0.64814	0.01493	0.01322	0.00957	0.00512	0.00417	0.00129	0.00384	0.00406	0.00489	0.00703
4	0.00877	0.00489	0.00499	0.00465	0.00592	0.00506	0.00357	0.09506	0.03141	0.01687	0.01342	0.01508	0.01045	0.00493	0.00311	0.00102	0.00228	0.00393	0.76027	0.00433
5	0.00504	0.00426	0.00436	0.00434	0.00572	0.00358	0.00325	0.00618	0.00976	0.01178	0.10251	0.03976	0.76415	0.01049	0.00497	0.00141	0.00212	0.00877	0.00396	0.00358
6	0.00661	0.00452	0.00505	0.00559	0.00622	0.03597	0.00403	0.00788	0.00863	0.01253	0.03184	0.43132	0.02097	0.03083	0.00497	0.00153	0.00267	0.09200	0.28319	0.00367
7	0.00658	0.00520	0.00603	0.00566	0.00703	0.00511	0.00429	0.01024	0.16651	0.01564	0.47648	0.03060	0.22748	0.00854	0.00483	0.00137	0.00228	0.00737	0.00438	0.00438
8	0.00581	0.00405	0.00457	0.00470	0.00495	0.00391	0.00283	0.00607	0.00690	0.00898	0.01903	0.13896	0.13990	0.61261	0.01676	0.00336	0.00356	0.00731	0.00293	0.00281
9	0.00872	0.00747	0.00872	0.00623	0.00996	0.00560	0.00498	0.01058	0.00872	0.01370	0.00747	0.00872	0.00623	0.00311	0.00311	0.00062	0.00311	0.00249	0.00249	0.87796
10	0.00850	0.00706	0.00822	0.00605	0.00944	0.00539	0.00479	0.01033	0.00870	0.01371	0.00857	0.04480	0.00746	0.00366	0.00320	0.00069	0.00300	0.00299	0.06386	0.77956
11	0.00604	0.00439	0.00616	0.00616	0.00670	0.00493	0.00451	0.00712	0.00658	0.00931	0.01181	0.01956	0.01183	0.25867	0.61027	0.00601	0.00927	0.00495	0.00233	0.00342
12	0.00998	0.01109	0.02319	0.01675	0.02080	0.01061	0.72564	0.01440	0.09552	0.01390	0.00942	0.01180	0.00706	0.00377	0.00489	0.00142	0.00669	0.00494	0.00235	0.00577
13	0.00877	0.00849	0.01355	0.61757	0.19990	0.03783	0.01176	0.01140	0.00873	0.01136	0.00749	0.01086	0.00582	0.00418	0.00441	0.00137	0.02579	0.00370	0.00192	0.00510
14	0.00796	0.00746	0.01277	0.55754	0.10315	0.00866	0.06781	0.01048	0.00861	0.01129	0.01003	0.11216	0.00915	0.00552	0.00459	0.00145	0.01732	0.03705	0.00223	0.00475
15	0.28202	0.00918	0.01224	0.15698	0.15873	0.03328	0.06150	0.02202	0.00811	0.01403	0.00667	0.00913	0.00551	0.00472	0.00594	0.00143	0.19794	0.00332	0.00218	0.00507
16	0.00515	0.00374	0.00486	0.00570	0.00607	0.00345	0.00385	0.00596	0.00835	0.01107	0.06222	0.74749	0.09106	0.01276	0.00532	0.00167	0.00239	0.01150	0.00394	0.00345
17	0.85908	0.00810	0.00627	0.00558	0.00820	0.00934	0.00460	0.01257	0.00728	0.04033	0.00614	0.00703	0.00471	0.00394	0.00264	0.00130	0.00326	0.00233	0.00267	0.00462
18	0.01218	0.00991	0.01129	0.04177	0.02375	0.02384	0.03856	0.24631	0.44823	0.04582	0.01387	0.02297	0.01039	0.00544	0.00452	0.00138	0.02477	0.00444	0.00398	0.00658
19	0.00563	0.00422	0.00587	0.00731	0.06382	0.00403	0.00469	0.00657	0.00823	0.01099	0.02213	0.67978	0.04992	0.03037	0.02677	0.00186	0.00295	0.05751	0.00370	0.00366
20	0.00517	0.00369	0.00493	0.00590	0.00617	0.00345	0.00398	0.00593	0.00809	0.01078	0.02315	0.82825	0.02771	0.01313	0.00538	0.00171	0.00248	0.03278	0.00390	0.00343
21	0.00521	0.00429	0.00461	0.00474	0.00604	0.00369	0.00363	0.00639	0.00963	0.01173	0.07985	0.08132	0.66293	0.01077	0.00507	0.00148	0.00231	0.08876	0.00394	0.00360
22	0.01014	0.25030	0.51402	0.01034	0.01550	0.01186	0.01232	0.08435	0.00983	0.03409	0.00753	0.00853	0.00563	0.00401	0.00366	0.00121	0.00553	0.00296	0.00208	0.00609
23	0.00603	0.00406	0.00469	0.00477	0.00481	0.00407	0.00276	0.00615	0.00629	0.00841	0.01393	0.09013	0.01606	0.75612	0.05170	0.00400	0.00423	0.00650	0.00264	0.00266
24	0.01485	0.01093	0.01181	0.00927	0.01231	0.01203	0.00756	0.72778	0.01854	0.02485	0.01146	0.09781	0.00931	0.00590	0.00433	0.00131	0.00440	0.00464	0.00417	0.00676
25	0.00601	0.00450	0.00676	0.00676	0.00751	0.00525	0.00525	0.00751	0.00676	0.00976	0.01126	0.01651	0.01051	0.03153	0.83560	0.00676	0.01126	0.00450	0.00225	0.00375
26	0.01173	0.01038	0.13339	0.04933	0.26254	0.00871	0.04800	0.03200	0.03226	0.21817	0.02237	0.02196	0.01709	0.00597	0.03702	0.00157	0.05258	0.02574	0.00303	0.00619
27	0.00515	0.00383	0.00482	0.00555	0.00607	0.00349	0.00382	0.00602	0.00852	0.01110	0.05444	0.64254	0.18776	0.01248	0.00528	0.00164	0.00239	0.02768	0.00393	0.00347
28	0.10784	0.01050	0.03348	0.00870	0.01204	0.01080	0.00733	0.50367	0.01605	0.20177	0.01092	0.01060	0.00751	0.00486	0.00400	0.00125	0.00424	0.00366	0.00413	0.03665
29	0.03961	0.00873	0.01220	0.24470	0.21689	0.06837	0.05442	0.04251	0.02086	0.03591	0.03358	0.01650	0.15449	0.00544	0.00439	0.00133	0.01366	0.00473	0.01648	0.00519
30	0.00925	0.00719	0.00915	0.10064	0.04248	0.04241	0.00669	0.08853	0.00974	0.08081	0.11487	0.15141	0.01544	0.09657	0.05685	0.00206	0.14264	0.00584	0.01281	0.00462

[dist]
# distance from previous block
# <min> <max>
3	15

[block]
# block no. 9 follows, 63 sequences, length 30
# corresponding to MSA columns:
# 445-474
name=unknown_J
#
# <colnr> <probs for GDERKNQSTAVLIFYWHMCP>
#	G	D	E	R	K	N	Q	S	T	A	V	L	I	F	Y	W	H	M	C	P
0	0.02114	0.00588	0.00754	0.09237	0.07099	0.00597	0.00569	0.03005	0.08289	0.03173	0.20453	0.03765	0.23655	0.04725	0.00576	0.02014	0.01459	0.02937	0.02826	0.02163
1	0.08509	0.01055	0.01114	0.00892	0.01188	0.01174	0.00725	0.58422	0.12701	0.02358	0.01159	0.06762	0.00912	0.00559	0.00416	0.00132	0.00419	0.00435	0.00406	0.00662
2	0.79311	0.00839	0.00671	0.00591	0.00854	0.00969	0.00485	0.06123	0.04178	0.01927	0.00658	0.00740	0.00506	0.00405	0.00277	0.00130	0.00334	0.00247	0.00277	0.00480
3	0.00872	0.00747	0.00872	0.00623	0.00996	0.00560	0.00498	0.01058	0.00872	0.01370	0.00747	0.00872	0.00623	0.00311	0.00311	0.00062	0.00311	0.00249	0.00249	0.87796
4	0.00843	0.02174	0.83048	0.01198	0.01819	0.00976	0.01553	0.01331	0.00888	0.01331	0.00754	0.00888	0.00533	0.00399	0.00399	0.00133	0.00621	0.00311	0.00178	0.00621
5	0.00765	0.00624	0.00934	0.10588	0.06929	0.00667	0.06744	0.03904	0.03638	0.02884	0.08958	0.15504	0.03549	0.17839	0.09920	0.00257	0.04947	0.00627	0.00296	0.00427
6	0.00872	0.00747	0.00872	0.00623	0.00996	0.00560	0.00498	0.01058	0.00872	0.01370	0.00747	0.00872	0.00623	0.00311	0.00311	0.00062	0.00311	0.00249	0.00249	0.87796
7	0.00512	0.00366	0.00488	0.00585	0.00610	0.00341	0.00390	0.00585	0.00805	0.01073	0.02317	0.84952	0.02780	0.01317	0.00537	0.00171	0.00244	0.01195	0.00390	0.00341
8	0.01547	0.01140	0.01225	0.00949	0.01271	0.01259	0.00780	0.77441	0.01922	0.02576	0.01070	0.04926	0.00811	0.00543	0.00426	0.00128	0.00452	0.00417	0.00419	0.00697
9	0.00915	0.00793	0.01033	0.00794	0.04339	0.00629	0.06538	0.02480	0.00908	0.02608	0.00775	0.00909	0.00633	0.00323	0.00333	0.00073	0.00352	0.00277	0.00252	0.75037
10	0.00620	0.00437	0.00537	0.00531	0.00547	0.00466	0.00339	0.00655	0.00630	0.00861	0.01274	0.04200	0.01419	0.63613	0.18251	0.00446	0.04055	0.00582	0.00249	0.00289
11	0.88196	0.00813	0.00618	0.00553	0.00813	0.00943	0.00455	0.01236	0.00715	0.01886	0.00585	0.00683	0.00455	0.00390	0.00260	0.00130	0.00325	0.00228	0.00260	0.00455
12	0.00753	0.00658	0.01032	0.10858	0.27012	0.00674	0.02483	0.00976	0.05484	0.01214	0.01586	0.42119	0.01722	0.00851	0.00478	0.00150	0.00376	0.00784	0.00307	0.00482
13	0.00824	0.00533	0.00662	0.04502	0.02033	0.00501	0.00488	0.05576	0.01086	0.13354	0.21091	0.10400	0.30124	0.00885	0.00482	0.00141	0.00278	0.04954	0.01638	0.00449
14	0.28439	0.00883	0.00892	0.00755	0.01012	0.00977	0.00605	0.26944	0.14866	0.08283	0.01205	0.11260	0.01007	0.00580	0.00386	0.00136	0.00363	0.00451	0.00376	0.00580
15	0.00601	0.00450	0.00676	0.00676	0.00751	0.00525	0.00525	0.00751	0.00676	0.00976	0.01126	0.01651	0.01051	0.03153	0.83560	0.00676	0.01126	0.00450	0.00225	0.00375
16	0.00532	0.00382	0.00507	0.00592	0.00631	0.00357	0.00412	0.00625	0.00852	0.01138	0.08763	0.70288	0.04601	0.01263	0.00536	0.00169	0.00251	0.07357	0.00396	0.00350
17	0.02999	0.01071	0.01416	0.17915	0.38514	0.11343	0.01077	0.11035	0.02473	0.04101	0.00834	0.01041	0.00660	0.00471	0.01950	0.00137	0.01754	0.00363	0.00246	0.00600
18	0.00614	0.00454	0.00638	0.00631	0.00685	0.00518	0.00466	0.00724	0.00667	0.00948	0.02615	0.01938	0.01210	0.24187	0.58395	0.00581	0.03652	0.00495	0.00236	0.00347
19	0.00730	0.00365	0.00548	0.00548	0.00548	0.00365	0.00365	0.00548	0.00548	0.00730	0.00730	0.01278	0.00730	0.01460	0.01643	0.87769	0.00365	0.00365	0.00183	0.00183
20	0.01489	0.01019	0.01187	0.00916	0.01226	0.01092	0.05363	0.55832	0.03289	0.12082	0.01136	0.01145	0.00805	0.00497	0.00410	0.00124	0.00430	0.00394	0.10899	0.00667
21	0.01096	0.00936	0.01358	0.15232	0.30483	0.02692	0.04652	0.16449	0.07345	0.04424	0.01018	0.03344	0.00845	0.05585	0.01619	0.00156	0.00495	0.01392	0.00283	0.00596
22	0.00901	0.00728	0.00972	0.15347	0.11101	0.02761	0.02270	0.08093	0.07822	0.06027	0.16743	0.06741	0.14121	0.00678	0.00465	0.00136	0.01613	0.00584	0.02391	0.00506
23	0.00514	0.00399	0.00468	0.00510	0.00593	0.00353	0.00360	0.00615	0.00912	0.01164	0.11472	0.41128	0.37692	0.01159	0.00515	0.00154	0.00226	0.01015	0.00398	0.00353
24	0.01319	0.00603	0.00762	0.00633	0.00854	0.00560	0.00505	0.04637	0.03795	0.41021	0.15718	0.02971	0.01583	0.00620	0.01504	0.00131	0.00303	0.00486	0.21424	0.00570
25	0.00824	0.04199	0.00990	0.18913	0.07824	0.03042	0.02583	0.04185	0.03045	0.01084	0.02178	0.03532	0.04219	0.09671	0.07868	0.19850	0.03163	0.02193	0.00236	0.00401
26	0.00936	0.01115	0.21904	0.01144	0.09349	0.00825	0.11976	0.03065	0.00969	0.08804	0.11307	0.01612	0.06983	0.03923	0.00600	0.00148	0.09129	0.00474	0.05198	0.00538
27	0.00542	0.00396	0.00491	0.00545	0.00599	0.00368	0.00377	0.00628	0.00847	0.01108	0.08833	0.45583	0.17762	0.13586	0.00765	0.00199	0.00268	0.06390	0.00376	0.00339
28	0.00698	0.01855	0.00662	0.00648	0.00742	0.00559	0.00483	0.03519	0.10977	0.02557	0.08943	0.35717	0.10576	0.04998	0.01873	0.02025	0.04713	0.06619	0.01424	0.00412
29	0.03684	0.05670	0.30738	0.05274	0.07334	0.07620	0.06261	0.03630	0.02219	0.05118	0.03593	0.01230	0.04020	0.01758	0.06528	0.00173	0.02256	0.00384	0.01959	0.00553

[dist]
# distance from previous block
# <min> <max>
2	18

[block]
# block no. 10 follows, 63 sequences, length 31
# corresponding to MSA columns:
# 498-528
name=unknown_K
#
# <colnr> <probs for GDERKNQSTAVLIFYWHMCP>
#	G	D	E	R	K	N	Q	S	T	A	V	L	I	F	Y	W	H	M	C	P
0	0.08905	0.19162	0.10978	0.04051	0.11126	0.05817	0.05497	0.11511	0.01870	0.06861	0.03832	0.03830	0.00817	0.00470	0.00415	0.00124	0.03525	0.00369	0.00268	0.00573
1	0.04157	0.02373	0.06455	0.13466	0.17498	0.02022	0.01738	0.13997	0.09687	0.02870	0.07782	0.01411	0.03965	0.02265	0.03785	0.00161	0.05076	0.00432	0.00295	0.00565
2	0.00709	0.00520	0.00602	0.00557	0.00684	0.00502	0.00415	0.09152	0.03347	0.02984	0.34340	0.06491	0.24076	0.11730	0.00699	0.00172	0.00268	0.01930	0.00408	0.00411
3	0.02636	0.00939	0.01037	0.00940	0.04091	0.03108	0.03041	0.17779	0.48635	0.01823	0.01528	0.10076	0.01251	0.00615	0.00435	0.00140	0.00377	0.00518	0.00400	0.00631
4	0.00537	0.00394	0.00487	0.00548	0.00615	0.00356	0.00384	0.00629	0.00871	0.02359	0.05196	0.55516	0.25266	0.01215	0.00524	0.00162	0.00241	0.03950	0.00394	0.00354
5	0.01089	0.09901	0.27342	0.06498	0.11392	0.10279	0.11517	0.05794	0.01016	0.06209	0.01945	0.02349	0.00690	0.00431	0.00421	0.00127	0.01814	0.00365	0.00232	0.00588
6	0.00990	0.21469	0.13303	0.01028	0.04874	0.05463	0.10010	0.02345	0.08939	0.03873	0.02674	0.03193	0.04970	0.00710	0.06151	0.00167	0.05145	0.03898	0.00258	0.00539
7	0.00515	0.00397	0.00471	0.00520	0.00599	0.00354	0.00368	0.00612	0.00896	0.01142	0.08260	0.44700	0.35591	0.01180	0.00519	0.00157	0.00231	0.02740	0.00395	0.00352
8	0.05576	0.00994	0.01082	0.00848	0.01147	0.01069	0.00695	0.56174	0.01689	0.11905	0.06580	0.01398	0.06555	0.00562	0.00421	0.00128	0.00406	0.00436	0.01681	0.00653
9	0.01082	0.11512	0.15356	0.08503	0.19748	0.10754	0.01901	0.04540	0.10586	0.04752	0.01007	0.03515	0.02144	0.02296	0.00436	0.00132	0.00511	0.00386	0.00255	0.00584
10	0.00943	0.00763	0.08980	0.01837	0.09611	0.00629	0.01744	0.02544	0.02392	0.16810	0.23006	0.09234	0.08736	0.05048	0.00583	0.00153	0.03473	0.02628	0.00375	0.00508
11	0.01051	0.00929	0.00947	0.00854	0.01088	0.03808	0.00663	0.02179	0.77325	0.01720	0.01732	0.01596	0.03068	0.00577	0.00428	0.00141	0.00344	0.00478	0.00420	0.00652
12	0.64021	0.00774	0.00721	0.03661	0.04484	0.00904	0.00541	0.01170	0.00735	0.01698	0.00685	0.00851	0.00554	0.00593	0.05566	0.00166	0.05936	0.00274	0.06210	0.00456
13	0.00574	0.00417	0.00482	0.00503	0.00558	0.00397	0.00340	0.00637	0.00769	0.00984	0.02346	0.12591	0.24585	0.40634	0.04404	0.00295	0.00359	0.08497	0.00320	0.00310
14	0.00818	0.03881	0.06936	0.68693	0.04308	0.00958	0.04138	0.01108	0.00856	0.01110	0.00784	0.01180	0.00610	0.00432	0.00420	0.00139	0.00560	0.02389	0.00192	0.00486
15	0.00924	0.00771	0.00986	0.01079	0.18736	0.03882	0.01866	0.06515	0.04010	0.05809	0.08411	0.04457	0.18369	0.00711	0.03469	0.00140	0.01477	0.00524	0.01275	0.16589
16	0.08069	0.18719	0.30585	0.02265	0.04034	0.11231	0.03072	0.08395	0.01010	0.03971	0.00756	0.00870	0.00581	0.00460	0.02063	0.00130	0.00557	0.00300	0.00226	0.02708
