[name]
unknown

[dist]
# distance from previous block
# <min> <max>
0	48

[block]
# block no. 0 follows, 67 sequences, length 16
# corresponding to MSA columns:
# 50-65
name=unknown_A
#
# <colnr> <probs for GDERKNQSTAVLIFYWHMCP>
#	G	D	E	R	K	N	Q	S	T	A	V	L	I	F	Y	W	H	M	C	P
0	0.04286	0.01946	0.02411	0.00677	0.00785	0.00608	0.03740	0.06268	0.06307	0.01157	0.01418	0.07928	0.01487	0.30941	0.07658	0.00276	0.02880	0.18554	0.00293	0.00378
1	0.01460	0.01135	0.01152	0.00904	0.01209	0.07698	0.00737	0.63892	0.08054	0.04571	0.00995	0.00991	0.00716	0.00474	0.00394	0.00118	0.00445	0.00356	0.00382	0.04315
2	0.00644	0.00468	0.00547	0.00556	0.00602	0.03825	0.00378	0.00725	0.02287	0.03238	0.01410	0.21027	0.01537	0.35469	0.21630	0.02450	0.00528	0.00642	0.01719	0.00319
3	0.00502	0.00376	0.00485	0.00570	0.02384	0.00345	0.00380	0.00589	0.00820	0.01078	0.07663	0.64509	0.16490	0.01168	0.00500	0.00155	0.00230	0.01046	0.00373	0.00338
4	0.07034	0.31988	0.19997	0.00952	0.05664	0.04940	0.02807	0.12160	0.00974	0.01339	0.00675	0.00784	0.00544	0.00386	0.00361	0.00108	0.03483	0.00275	0.00215	0.05314
5	0.00549	0.00394	0.00478	0.00493	0.00582	0.00352	0.00355	0.00653	0.00914	0.03504	0.23274	0.29706	0.31633	0.01044	0.00528	0.03713	0.00219	0.00877	0.00385	0.00348
6	0.00528	0.00411	0.00482	0.00480	0.00592	0.00366	0.00367	0.00672	0.01002	0.01308	0.36320	0.05452	0.41598	0.00949	0.00482	0.00137	0.00213	0.07884	0.00400	0.00357
7	0.02811	0.23237	0.18369	0.11627	0.19067	0.08862	0.01015	0.01308	0.04198	0.04867	0.00748	0.00887	0.00590	0.00383	0.00353	0.00113	0.00502	0.00302	0.00207	0.00554
8	0.01012	0.04408	0.09086	0.17109	0.18826	0.02105	0.04739	0.13064	0.02923	0.07526	0.01040	0.08644	0.00887	0.00506	0.00405	0.00127	0.00454	0.02761	0.03829	0.00548
9	0.00780	0.00555	0.00670	0.00634	0.00753	0.00511	0.00469	0.00972	0.05767	0.03601	0.64900	0.04863	0.07047	0.00903	0.00528	0.00156	0.00263	0.02996	0.03154	0.00477
10	0.01094	0.81934	0.02053	0.00704	0.01040	0.05723	0.00691	0.01221	0.00831	0.00945	0.00561	0.00647	0.00515	0.00347	0.00263	0.00087	0.00444	0.00217	0.00173	0.00512
11	0.05476	0.00963	0.01035	0.01789	0.06791	0.08860	0.02719	0.36049	0.04851	0.02788	0.16989	0.04490	0.02446	0.00557	0.00408	0.00122	0.00402	0.00454	0.00358	0.02455
12	0.00684	0.00413	0.00512	0.00512	0.00569	0.00389	0.00339	0.00749	0.00779	0.10157	0.11773	0.27577	0.04430	0.37969	0.01160	0.00252	0.00306	0.00756	0.00338	0.00336
13	0.00887	0.00756	0.00954	0.03109	0.07795	0.00637	0.02458	0.03285	0.06223	0.02850	0.02317	0.00953	0.00705	0.00340	0.00327	0.00077	0.00331	0.00285	0.00256	0.65453
14	0.02748	0.04827	0.03558	0.01520	0.02510	0.03022	0.01369	0.02328	0.00766	0.03508	0.04190	0.11211	0.04814	0.04809	0.38309	0.02152	0.04918	0.01635	0.00256	0.01549
15	0.07033	0.23465	0.08464	0.02544	0.02880	0.16302	0.03070	0.01267	0.05428	0.02680	0.05425	0.03376	0.00822	0.00422	0.00336	0.00102	0.00450	0.00319	0.00236	0.15379

[dist]
# distance from previous block
# <min> <max>
1	14

[block]
# block no. 1 follows, 67 sequences, length 11
# corresponding to MSA columns:
# 80-90
name=unknown_B
#
# <colnr> <probs for GDERKNQSTAVLIFYWHMCP>
#	G	D	E	R	K	N	Q	S	T	A	V	L	I	F	Y	W	H	M	C	P
0	0.05871	0.04602	0.02677	0.02352	0.04060	0.32320	0.02344	0.10796	0.03706	0.04854	0.00814	0.01063	0.00696	0.09181	0.03800	0.00167	0.09623	0.00339	0.00249	0.00486
1	0.00655	0.00519	0.00607	0.00577	0.00668	0.04227	0.00430	0.02616	0.03865	0.01350	0.43922	0.05049	0.04247	0.10896	0.13678	0.00239	0.02357	0.01996	0.01722	0.00378
2	0.00579	0.00416	0.00598	0.00601	0.00666	0.00464	0.00455	0.00689	0.00665	0.00945	0.03163	0.04715	0.04821	0.06959	0.63037	0.07141	0.00872	0.00481	0.02395	0.00337
3	0.00891	0.02788	0.08956	0.04115	0.10826	0.02366	0.02167	0.08653	0.16890	0.01366	0.04111	0.01461	0.05293	0.02500	0.12184	0.00209	0.09939	0.01750	0.03018	0.00516
4	0.00531	0.00373	0.00480	0.00546	0.00573	0.00357	0.00369	0.00600	0.00752	0.01002	0.04831	0.53987	0.02364	0.21955	0.00889	0.00219	0.00284	0.09235	0.00343	0.00312
5	0.00733	0.00733	0.06077	0.04785	0.08978	0.00677	0.12050	0.01053	0.11388	0.01252	0.08296	0.14173	0.11643	0.02175	0.06388	0.00177	0.02330	0.03372	0.03260	0.00460
6	0.01317	0.05536	0.01097	0.00841	0.01123	0.01082	0.00685	0.35274	0.34911	0.11842	0.01290	0.01213	0.00933	0.00502	0.00397	0.00125	0.00378	0.00396	0.00403	0.00654
7	0.04930	0.00895	0.04294	0.01000	0.01039	0.01162	0.00852	0.00985	0.00637	0.01040	0.00572	0.00895	0.00545	0.00664	0.01183	0.00167	0.74091	0.00344	0.04265	0.00441
8	0.01020	0.45531	0.10971	0.00829	0.03354	0.07494	0.00772	0.03081	0.07991	0.01123	0.00793	0.04056	0.00696	0.00473	0.01635	0.00114	0.04947	0.00308	0.04295	0.00517
9	0.55510	0.02492	0.06449	0.05439	0.02603	0.09447	0.01809	0.03627	0.00803	0.03004	0.00677	0.03607	0.00555	0.00419	0.00322	0.00124	0.02123	0.00282	0.00243	0.00464
10	0.02289	0.00821	0.06660	0.07432	0.05350	0.02632	0.05817	0.09840	0.11888	0.06699	0.19445	0.03342	0.12867	0.00625	0.00451	0.00130	0.02329	0.00533	0.00344	0.00505

[dist]
# distance from previous block
# <min> <max>
0	1

[block]
# block no. 2 follows, 67 sequences, length 14
# corresponding to MSA columns:
# 92-105
name=unknown_C
#
# <colnr> <probs for GDERKNQSTAVLIFYWHMCP>
#	G	D	E	R	K	N	Q	S	T	A	V	L	I	F	Y	W	H	M	C	P
0	0.03216	0.04825	0.02835	0.04681	0.21031	0.01944	0.07979	0.03279	0.06689	0.05531	0.05705	0.12333	0.02649	0.00534	0.00398	0.00119	0.00390	0.00481	0.03138	0.12244
1	0.00504	0.00396	0.00458	0.00492	0.00579	0.00357	0.00350	0.00632	0.03415	0.01119	0.09669	0.38555	0.39861	0.01088	0.00488	0.00146	0.00218	0.00949	0.00379	0.00346
2	0.88738	0.00776	0.00589	0.00527	0.00776	0.00900	0.00434	0.01179	0.00683	0.01799	0.00558	0.00651	0.00434	0.00372	0.00248	0.00124	0.00310	0.00217	0.00248	0.00434
3	0.00597	0.00447	0.00622	0.03203	0.02333	0.00501	0.00453	0.00691	0.00640	0.00897	0.01170	0.07058	0.01219	0.30663	0.44044	0.00485	0.03899	0.00519	0.00231	0.00328
4	0.00558	0.00425	0.00520	0.00530	0.00633	0.00394	0.00409	0.00737	0.03558	0.01321	0.34409	0.12386	0.27164	0.00966	0.00489	0.00143	0.00233	0.14358	0.00400	0.00367
5	0.00777	0.02950	0.00681	0.00631	0.00759	0.02641	0.00468	0.06986	0.14842	0.05468	0.05611	0.41506	0.08428	0.00909	0.00452	0.00141	0.00280	0.00795	0.03877	0.01798
6	0.00927	0.00815	0.03062	0.09197	0.22039	0.00744	0.03313	0.05373	0.04172	0.04920	0.03852	0.03721	0.00832	0.00458	0.02072	0.00112	0.00404	0.00360	0.00257	0.33371
7	0.03065	0.05667	0.04173	0.00686	0.02599	0.03972	0.00526	0.12306	0.06012	0.05147	0.03756	0.10502	0.05135	0.23621	0.02774	0.00206	0.01576	0.00521	0.03156	0.04600
8	0.00712	0.00516	0.00598	0.00553	0.00690	0.02110	0.00425	0.03008	0.08241	0.07027	0.46430	0.02902	0.21018	0.00811	0.00461	0.00130	0.00237	0.03290	0.00419	0.00422
9	0.01009	0.00539	0.00695	0.00608	0.00782	0.00506	0.00475	0.04830	0.03378	0.28270	0.27565	0.10472	0.10129	0.00944	0.07751	0.00175	0.00337	0.00623	0.00423	0.00488
10	0.02766	0.10736	0.14589	0.04316	0.27140	0.07969	0.09957	0.01259	0.02252	0.05279	0.00864	0.06732	0.00743	0.00446	0.00419	0.00123	0.03241	0.00390	0.00222	0.00555
11	0.03134	0.01148	0.26516	0.05425	0.15318	0.00818	0.06236	0.05864	0.00899	0.06679	0.00989	0.06206	0.00856	0.04343	0.09565	0.00198	0.02011	0.03022	0.00241	0.00531
12	0.00557	0.00399	0.00497	0.00549	0.00600	0.00382	0.00397	0.00640	0.00774	0.01006	0.02161	0.28213	0.13301	0.26310	0.00972	0.00232	0.00311	0.22051	0.00333	0.00315
13	0.03927	0.05137	0.10547	0.09180	0.21531	0.02032	0.07945	0.05067	0.04026	0.08863	0.04733	0.06874	0.04718	0.00511	0.00407	0.00126	0.00442	0.01881	0.00273	0.01782

[dist]
# distance from previous block
# <min> <max>
3	15

[block]
# block no. 3 follows, 67 sequences, length 6
# corresponding to MSA columns:
# 121-126
name=unknown_D
#
# <colnr> <probs for GDERKNQSTAVLIFYWHMCP>
#	G	D	E	R	K	N	Q	S	T	A	V	L	I	F	Y	W	H	M	C	P
0	0.02392	0.04668	0.02636	0.00659	0.00818	0.00645	0.00528	0.08349	0.11171	0.09605	0.15621	0.20513	0.03854	0.02371	0.03845	0.00162	0.01714	0.06128	0.03856	0.00464
1	0.00634	0.00439	0.00571	0.00529	0.00584	0.00421	0.04651	0.00693	0.00727	0.04104	0.11903	0.07573	0.07210	0.56568	0.01500	0.00301	0.00355	0.00639	0.00292	0.00304
2	0.00843	0.11002	0.16247	0.03425	0.03777	0.03831	0.04010	0.06266	0.06658	0.03232	0.12461	0.07564	0.11086	0.00796	0.06897	0.00165	0.00452	0.00507	0.00291	0.00488
3	0.00672	0.05380	0.00673	0.00570	0.00683	0.02685	0.00436	0.00835	0.03815	0.03007	0.26887	0.14356	0.16814	0.06963	0.00618	0.00151	0.05749	0.03247	0.03408	0.03050
4	0.01101	0.34856	0.08859	0.00896	0.03589	0.12338	0.04845	0.13301	0.03475	0.01306	0.03503	0.03632	0.02347	0.00459	0.00349	0.00109	0.00472	0.02210	0.01826	0.00529
5	0.07838	0.15048	0.19220	0.02778	0.03265	0.07830	0.04127	0.03957	0.05740	0.10439	0.03074	0.01399	0.00981	0.02075	0.00558	0.00171	0.05999	0.01889	0.00338	0.03275

[dist]
# distance from previous block
# <min> <max>
7	13

[block]
# block no. 4 follows, 67 sequences, length 19
# corresponding to MSA columns:
# 142-160
name=unknown_E
#
# <colnr> <probs for GDERKNQSTAVLIFYWHMCP>
#	G	D	E	R	K	N	Q	S	T	A	V	L	I	F	Y	W	H	M	C	P
0	0.03316	0.33015	0.21116	0.00877	0.03245	0.04928	0.00864	0.07282	0.09711	0.01276	0.02659	0.02476	0.00734	0.01884	0.00387	0.00115	0.02389	0.00315	0.00231	0.03179
1	0.01110	0.16060	0.02493	0.00872	0.02582	0.10597	0.02674	0.11234	0.40784	0.01525	0.01223	0.01196	0.02585	0.00478	0.00375	0.00119	0.00411	0.00377	0.00325	0.02980
2	0.00680	0.00591	0.06116	0.00568	0.00659	0.03286	0.00429	0.01902	0.00759	0.04464	0.07731	0.11180	0.09333	0.41893	0.05991	0.00287	0.02885	0.00621	0.00287	0.00339
3	0.00961	0.26080	0.33237	0.02428	0.03336	0.06752	0.09048	0.01260	0.02425	0.02699	0.00812	0.00935	0.03329	0.00410	0.00404	0.00117	0.04714	0.00316	0.00195	0.00541
4	0.04397	0.01084	0.11872	0.02965	0.26561	0.08382	0.05513	0.04069	0.10186	0.07268	0.05640	0.04425	0.03530	0.00487	0.00418	0.00126	0.01817	0.00421	0.00274	0.00564
5	0.00741	0.00687	0.01153	0.77343	0.02578	0.00856	0.01059	0.00997	0.00788	0.01016	0.00745	0.01115	0.00577	0.00636	0.07966	0.00180	0.00583	0.00363	0.00182	0.00438
6	0.01376	0.10793	0.04479	0.00961	0.01209	0.56512	0.00773	0.10453	0.05345	0.01198	0.00795	0.00866	0.02684	0.00434	0.00361	0.00107	0.00621	0.00291	0.00237	0.00505
7	0.02937	0.16728	0.16546	0.05954	0.09132	0.02346	0.07275	0.09899	0.04195	0.15047	0.00967	0.02382	0.00743	0.00440	0.00377	0.00120	0.00466	0.02463	0.01406	0.00578
8	0.05112	0.03073	0.01015	0.02496	0.09329	0.01729	0.10479	0.04610	0.00955	0.14141	0.06310	0.26164	0.03190	0.00762	0.00451	0.00141	0.00369	0.08854	0.00341	0.00477
9	0.00576	0.00415	0.00481	0.00503	0.00555	0.00403	0.00334	0.02631	0.03497	0.01009	0.02089	0.28947	0.16243	0.35051	0.01109	0.00246	0.00302	0.03397	0.01896	0.00316
10	0.02423	0.18607	0.15437	0.00967	0.06245	0.10560	0.02548	0.06815	0.01021	0.24620	0.00967	0.03076	0.00723	0.00448	0.00402	0.00117	0.03812	0.00340	0.00291	0.00580
11	0.01056	0.09958	0.19035	0.04764	0.11858	0.04399	0.14544	0.08703	0.05063	0.09223	0.03348	0.03115	0.02245	0.00442	0.00399	0.00123	0.00499	0.00392	0.00261	0.00572
12	0.00536	0.00387	0.00471	0.00508	0.00574	0.00354	0.00355	0.00626	0.00841	0.02596	0.12256	0.39231	0.23732	0.11490	0.00684	0.00179	0.00247	0.04233	0.00367	0.00334
13	0.15554	0.00705	0.00851	0.00671	0.00955	0.00670	0.00552	0.07774	0.01104	0.57699	0.01350	0.01232	0.00883	0.00473	0.00368	0.00121	0.00331	0.00368	0.07722	0.00617
14	0.02173	0.05465	0.04013	0.12983	0.06333	0.15449	0.10970	0.04461	0.07895	0.04489	0.01102	0.13138	0.01018	0.00578	0.00454	0.00133	0.03909	0.04678	0.00266	0.00494
15	0.00939	0.07385	0.08377	0.13345	0.21468	0.00858	0.05894	0.03825	0.06578	0.08327	0.06443	0.04576	0.05881	0.02526	0.01740	0.00139	0.00443	0.00448	0.00272	0.00536
16	0.00691	0.00391	0.00539	0.00572	0.00622	0.00372	0.00406	0.00708	0.00742	0.08399	0.01657	0.41584	0.01830	0.03268	0.00850	0.26196	0.00293	0.08440	0.02125	0.00316
17	0.00785	0.00734	0.01202	0.51755	0.14944	0.02418	0.04182	0.01022	0.00804	0.01067	0.00796	0.01170	0.00651	0.03007	0.12149	0.00208	0.00600	0.00376	0.01668	0.00461
18	0.00995	0.10668	0.17661	0.04898	0.08471	0.04709	0.09918	0.10775	0.02060	0.05812	0.04619	0.07647	0.02157	0.00576	0.02654	0.00140	0.05018	0.00428	0.00259	0.00537

[dist]
# distance from previous block
# <min> <max>
2	8

[block]
# block no. 5 follows, 67 sequences, length 15
# corresponding to MSA columns:
# 169-183
name=unknown_F
#
# <colnr> <probs for GDERKNQSTAVLIFYWHMCP>
#	G	D	E	R	K	N	Q	S	T	A	V	L	I	F	Y	W	H	M	C	P
0	0.11525	0.05319	0.05643	0.00570	0.00727	0.01816	0.00469	0.01039	0.10452	0.01392	0.11228	0.16390	0.02714	0.04902	0.00452	0.00135	0.00282	0.00543	0.23983	0.00419
1	0.00696	0.05539	0.04069	0.00647	0.03157	0.04355	0.00487	0.00851	0.03677	0.06127	0.08721	0.37496	0.20774	0.00942	0.00460	0.00140	0.00288	0.00820	0.00354	0.00402
2	0.00959	0.01009	0.08533	0.05958	0.52165	0.02495	0.03280	0.07072	0.00954	0.01335	0.00886	0.08047	0.00793	0.00506	0.02056	0.00136	0.02589	0.00420	0.00224	0.00584
3	0.80071	0.00778	0.00622	0.00552	0.00801	0.00895	0.00453	0.01267	0.05934	0.04679	0.00663	0.00731	0.00504	0.00388	0.00264	0.00125	0.00312	0.00239	0.00267	0.00456
4	0.00697	0.00348	0.00522	0.00522	0.00522	0.00348	0.00348	0.00522	0.00522	0.00697	0.00697	0.01219	0.00697	0.01393	0.01567	0.88332	0.00348	0.00348	0.00174	0.00174
5	0.00757	0.00713	0.01203	0.84942	0.02762	0.00891	0.01114	0.01025	0.00802	0.01025	0.00713	0.01069	0.00535	0.00401	0.00401	0.00134	0.00535	0.00356	0.00178	0.00446
6	0.01335	0.29913	0.04057	0.00918	0.01186	0.51748	0.00767	0.03800	0.01042	0.01023	0.00612	0.00708	0.00521	0.00391	0.00329	0.00099	0.00613	0.00248	0.00199	0.00492
7	0.00804	0.02074	0.83828	0.01143	0.01736	0.00931	0.01482	0.01270	0.00847	0.01270	0.00720	0.00847	0.00508	0.00381	0.00381	0.00127	0.00593	0.00296	0.00169	0.00593
8	0.00750	0.00637	0.00978	0.04821	0.28477	0.00647	0.02513	0.05043	0.00857	0.01175	0.01428	0.36723	0.01568	0.10129	0.00645	0.00169	0.01990	0.00713	0.00286	0.00451
9	0.00574	0.00426	0.00626	0.00626	0.00691	0.00491	0.00478	0.00704	0.00639	0.00917	0.01091	0.01670	0.01044	0.10505	0.76875	0.00621	0.01012	0.00444	0.00217	0.00348
10	0.01209	0.00694	0.00833	0.00694	0.00938	0.00684	0.00552	0.03378	0.27149	0.32973	0.14690	0.01747	0.05581	0.00575	0.00412	0.00124	0.00302	0.00481	0.00434	0.06551
11	0.00543	0.00411	0.00501	0.00483	0.00590	0.00369	0.00366	0.00706	0.01063	0.01440	0.57118	0.03302	0.27215	0.00887	0.00476	0.00131	0.00199	0.03415	0.00419	0.00366
12	0.00688	0.00491	0.00688	0.00676	0.00736	0.00549	0.00506	0.00754	0.00677	0.00978	0.01084	0.01656	0.01034	0.08527	0.59379	0.12894	0.05109	0.00447	0.02759	0.00368
13	0.02903	0.10224	0.02294	0.00712	0.00901	0.19113	0.01775	0.07693	0.01041	0.05577	0.18514	0.01589	0.04711	0.02198	0.09901	0.00176	0.00481	0.00432	0.09313	0.00453
14	0.03138	0.13303	0.07715	0.03142	0.08896	0.07492	0.00705	0.02579	0.00866	0.01223	0.00766	0.04805	0.00676	0.00462	0.02754	0.00106	0.01706	0.00306	0.00223	0.39135

[dist]
# distance from previous block
# <min> <max>
1	2

[block]
# block no. 6 follows, 67 sequences, length 30
# corresponding to MSA columns:
# 186-215
name=unknown_G
#
# <colnr> <probs for GDERKNQSTAVLIFYWHMCP>
#	G	D	E	R	K	N	Q	S	T	A	V	L	I	F	Y	W	H	M	C	P
0	0.02068	0.00942	0.12861	0.02977	0.15824	0.03189	0.00800	0.03200	0.21304	0.05688	0.15502	0.05117	0.06748	0.00587	0.00419	0.00129	0.00374	0.01398	0.00329	0.00542
1	0.00777	0.00663	0.00806	0.00638	0.02775	0.00518	0.01720	0.00947	0.00849	0.01279	0.03500	0.06440	0.06951	0.00448	0.00340	0.00079	0.00295	0.02530	0.00264	0.68181
2	0.00573	0.00430	0.00645	0.00645	0.00716	0.00501	0.00501	0.00716	0.00645	0.00931	0.01074	0.01576	0.01003	0.03008	0.84316	0.00645	0.01074	0.00430	0.00215	0.00358
3	0.00632	0.00423	0.00525	0.00514	0.00604	0.00394	0.00379	0.00757	0.00937	0.05942	0.34679	0.06670	0.15813	0.19870	0.00830	0.00194	0.00267	0.09837	0.00378	0.00356
4	0.00648	0.00516	0.00760	0.07376	0.06582	0.00535	0.03862	0.00838	0.06067	0.02980	0.04043	0.48693	0.03248	0.01116	0.06476	0.00187	0.02964	0.02379	0.00328	0.00401
5	0.00593	0.00413	0.00510	0.00511	0.00609	0.00374	0.00380	0.00726	0.00971	0.05216	0.34358	0.18732	0.24128	0.04707	0.00552	0.00151	0.00229	0.06075	0.00399	0.00366
6	0.00804	0.02074	0.83828	0.01143	0.01736	0.00931	0.01482	0.01270	0.00847	0.01270	0.00720	0.00847	0.00508	0.00381	0.00381	0.00127	0.00593	0.00296	0.00169	0.00593
7	0.00757	0.00713	0.01203	0.84942	0.02762	0.00891	0.01114	0.01025	0.00802	0.01025	0.00713	0.01069	0.00535	0.00401	0.00401	0.00134	0.00535	0.00356	0.00178	0.00446
8	0.05808	0.00748	0.00953	0.00734	0.01043	0.00694	0.00606	0.12985	0.01228	0.68660	0.01449	0.01276	0.00924	0.00489	0.00396	0.00124	0.00354	0.00389	0.00472	0.00671
9	0.00705	0.00430	0.00552	0.00569	0.00639	0.00411	0.00415	0.00796	0.00811	0.09999	0.07362	0.21841	0.03893	0.29917	0.01027	0.00238	0.00326	0.19373	0.00346	0.00350
10	0.01412	0.00853	0.00967	0.00764	0.01034	0.00893	0.00623	0.41442	0.05540	0.23668	0.05533	0.01276	0.01002	0.00504	0.00389	0.00119	0.00360	0.00398	0.12602	0.00621
11	0.32991	0.00752	0.00683	0.00592	0.00811	0.07435	0.00470	0.03479	0.02494	0.03976	0.18404	0.01434	0.02644	0.00504	0.00339	0.00112	0.00314	0.02503	0.05148	0.14913
12	0.00629	0.00408	0.00518	0.00544	0.00631	0.00365	0.00386	0.00726	0.00863	0.08908	0.09788	0.53897	0.15737	0.01073	0.00485	0.00148	0.00236	0.00954	0.00386	0.03317
13	0.00541	0.00384	0.00476	0.00530	0.00562	0.00371	0.00354	0.00621	0.02344	0.00975	0.01996	0.45877	0.06932	0.28442	0.01003	0.00235	0.00294	0.07421	0.00331	0.00310
14	0.88738	0.00776	0.00589	0.00527	0.00776	0.00900	0.00434	0.01179	0.00683	0.01799	0.00558	0.00651	0.00434	0.00372	0.00248	0.00124	0.00310	0.00217	0.00248	0.00434
15	0.00522	0.00405	0.00470	0.00460	0.00565	0.00358	0.00339	0.00658	0.00994	0.01307	0.40026	0.07142	0.39639	0.04678	0.00544	0.00144	0.00206	0.00793	0.00398	0.00352
16	0.00579	0.00444	0.00519	0.00502	0.00609	0.01828	0.00374	0.00754	0.02936	0.02569	0.50089	0.10426	0.25100	0.00894	0.00472	0.00132	0.00211	0.00776	0.00413	0.00375
17	0.00967	0.00819	0.00882	0.00809	0.01022	0.00938	0.00639	0.03716	0.71061	0.01639	0.01677	0.01850	0.01343	0.00611	0.00426	0.00142	0.00326	0.10127	0.00403	0.00604
18	0.00593	0.00441	0.00642	0.00638	0.00711	0.00508	0.00491	0.02524	0.00672	0.00961	0.01105	0.03350	0.01053	0.07277	0.76385	0.00609	0.01007	0.00451	0.00224	0.00359
19	0.88738	0.00776	0.00589	0.00527	0.00776	0.00900	0.00434	0.01179	0.00683	0.01799	0.00558	0.00651	0.00434	0.00372	0.00248	0.00124	0.00310	0.00217	0.00248	0.00434
20	0.00664	0.00455	0.00563	0.00518	0.00642	0.00420	0.00394	0.03098	0.02614	0.06780	0.59911	0.02963	0.17807	0.00820	0.00466	0.00128	0.00211	0.00711	0.00431	0.00404
21	0.00877	0.00877	0.01228	0.01053	0.01053	0.01228	0.00877	0.00965	0.00614	0.00965	0.00526	0.00877	0.00526	0.00702	0.01316	0.00175	0.85172	0.00351	0.00175	0.00439
22	0.00540	0.00415	0.00466	0.00467	0.00590	0.00361	0.00356	0.00664	0.00954	0.03326	0.18677	0.08471	0.55152	0.00986	0.00480	0.00139	0.00219	0.06989	0.00388	0.00357
23	0.01353	0.01652	0.01052	0.00957	0.01158	0.66828	0.00721	0.01586	0.11074	0.01103	0.05145	0.01046	0.03687	0.00472	0.00377	0.00110	0.00628	0.00327	0.00249	0.00477
24	0.80637	0.00752	0.00594	0.00528	0.00772	0.00860	0.00434	0.01201	0.00711	0.05393	0.00640	0.00724	0.00488	0.00382	0.00257	0.00123	0.00306	0.00233	0.04524	0.00442
25	0.00598	0.00427	0.00610	0.00605	0.00670	0.00480	0.00454	0.00716	0.00650	0.02622	0.01178	0.01800	0.02746	0.17353	0.66551	0.00579	0.00922	0.00464	0.00229	0.00344
26	0.00565	0.00425	0.00510	0.00498	0.00592	0.00398	0.00363	0.00750	0.04980	0.01350	0.44944	0.09725	0.20777	0.10455	0.00651	0.00162	0.00227	0.01871	0.00396	0.00363
27	0.00806	0.00713	0.02278	0.10357	0.08892	0.00640	0.03771	0.03729	0.00866	0.02071	0.04332	0.03270	0.06318	0.07346	0.03266	0.00138	0.01958	0.00394	0.00252	0.38604
28	0.03725	0.34165	0.07691	0.00775	0.03208	0.04585	0.00700	0.04076	0.03151	0.16100	0.00836	0.00873	0.00642	0.00379	0.00318	0.00096	0.00407	0.00276	0.00262	0.17736
29	0.01092	0.08145	0.15413	0.03021	0.09603	0.07281	0.06952	0.18523	0.02198	0.03898	0.02093	0.00956	0.00664	0.00475	0.02167	0.00126	0.06044	0.00333	0.00254	0.10762

[dist]
# distance from previous block
# <min> <max>
0	5

[block]
# block no. 7 follows, 67 sequences, length 71
# corresponding to MSA columns:
# 221-291
name=unknown_H
#
# <colnr> <probs for GDERKNQSTAVLIFYWHMCP>
#	G	D	E	R	K	N	Q	S	T	A	V	L	I	F	Y	W	H	M	C	P
0	0.48221	0.02174	0.04215	0.04998	0.07920	0.17128	0.03326	0.02511	0.02196	0.01518	0.02188	0.00799	0.00561	0.00392	0.00312	0.00120	0.00440	0.00271	0.00236	0.00474
1	0.03859	0.06778	0.29463	0.03010	0.19392	0.04663	0.07459	0.03508	0.02379	0.02667	0.03956	0.01016	0.01608	0.00410	0.00414	0.00120	0.03500	0.00343	0.00216	0.05239
2	0.00544	0.00406	0.00496	0.00551	0.01946	0.00376	0.00380	0.00667	0.03608	0.02929	0.03600	0.47606	0.29008	0.02686	0.03090	0.00170	0.00260	0.00954	0.00367	0.00354
3	0.00930	0.00901	0.01499	0.18704	0.53270	0.02960	0.06546	0.02326	0.00903	0.01242	0.00844	0.06491	0.00742	0.00426	0.00410	0.00126	0.00491	0.00413	0.00209	0.00567
4	0.00553	0.00400	0.00485	0.00522	0.00578	0.00380	0.00372	0.00637	0.00789	0.01025	0.07073	0.21028	0.18007	0.29011	0.01014	0.00234	0.00303	0.16943	0.00333	0.00313
5	0.00693	0.00351	0.00526	0.00526	0.00528	0.00353	0.00353	0.00528	0.00526	0.00703	0.00707	0.01229	0.00705	0.01440	0.03950	0.85807	0.00369	0.00351	0.00175	0.00179
6	0.00517	0.00408	0.00466	0.00451	0.00568	0.00357	0.00338	0.00658	0.01015	0.01324	0.40269	0.03464	0.46885	0.00926	0.00474	0.00131	0.00197	0.00791	0.00404	0.00357
7	0.00845	0.00726	0.00865	0.00619	0.00975	0.00555	0.01907	0.02386	0.00851	0.01327	0.00719	0.00838	0.00596	0.00301	0.00302	0.00062	0.00306	0.00244	0.00240	0.85336
8	0.00776	0.00732	0.01237	0.78251	0.09304	0.00896	0.01123	0.01041	0.00811	0.01048	0.00716	0.01063	0.00543	0.00397	0.00401	0.00132	0.00530	0.00356	0.00180	0.00461
9	0.00757	0.00713	0.01203	0.84942	0.02762	0.00891	0.01114	0.01025	0.00802	0.01025	0.00713	0.01069	0.00535	0.00401	0.00401	0.00134	0.00535	0.00356	0.00178	0.00446
10	0.01548	0.01085	0.01180	0.00905	0.01225	0.01187	0.00747	0.75182	0.01822	0.09501	0.01016	0.00997	0.00709	0.00483	0.00401	0.00121	0.00433	0.00365	0.00409	0.00682
11	0.01469	0.00806	0.01104	0.05590	0.13942	0.00754	0.00768	0.05036	0.01126	0.42278	0.01493	0.06912	0.01170	0.00917	0.10024	0.00215	0.00509	0.02423	0.00428	0.03038
12	0.01061	0.03674	0.01065	0.02842	0.07067	0.07718	0.02023	0.07271	0.56504	0.01595	0.02563	0.01331	0.01067	0.00510	0.00415	0.00130	0.01784	0.00418	0.00357	0.00608
13	0.00993	0.00953	0.01628	0.02462	0.83404	0.00953	0.01231	0.01231	0.00913	0.01310	0.00754	0.00993	0.00635	0.00357	0.00397	0.00119	0.00476	0.00357	0.00199	0.00635
14	0.01099	0.00842	0.01169	0.00855	0.01205	0.00749	0.14393	0.14728	0.02252	0.12543	0.00901	0.00977	0.00674	0.00365	0.00360	0.00092	0.00392	0.00324	0.00296	0.45785
15	0.00990	0.00857	0.00916	0.03557	0.01099	0.00994	0.00650	0.02095	0.80011	0.01656	0.01602	0.01482	0.01202	0.00539	0.00408	0.00136	0.00324	0.00450	0.00401	0.00629
16	0.00646	0.00392	0.00564	0.00560	0.00582	0.00422	0.00392	0.00602	0.00571	0.00787	0.00894	0.01532	0.00901	0.14543	0.27177	0.46051	0.02533	0.00409	0.00197	0.00247
17	0.00832	0.00713	0.00832	0.00594	0.00950	0.00535	0.00475	0.01010	0.00832	0.01307	0.00713	0.00832	0.00594	0.00297	0.00297	0.00059	0.00297	0.00238	0.00238	0.88357
18	0.48280	0.00767	0.00692	0.00625	0.00830	0.03462	0.00494	0.15006	0.00919	0.01694	0.00983	0.17284	0.00946	0.00728	0.05564	0.00163	0.00378	0.00436	0.00295	0.00452
19	0.00720	0.00574	0.00875	0.01146	0.20930	0.00574	0.00770	0.00910	0.00906	0.01211	0.01771	0.08281	0.01891	0.00976	0.02398	0.00178	0.00403	0.54731	0.00324	0.00431
20	0.00491	0.00351	0.00470	0.00561	0.00585	0.00330	0.00375	0.00562	0.00765	0.01021	0.02182	0.83575	0.02612	0.01300	0.02575	0.00175	0.00253	0.01123	0.00368	0.00327
21	0.01072	0.86147	0.02102	0.00686	0.01029	0.01587	0.00686	0.01201	0.00815	0.00944	0.00558	0.00643	0.00515	0.00343	0.00257	0.00086	0.00429	0.00214	0.00172	0.00515
22	0.01498	0.01911	0.01137	0.01033	0.01240	0.84295	0.00775	0.01601	0.01137	0.00982	0.00620	0.00723	0.00517	0.00413	0.00362	0.00103	0.00723	0.00258	0.00207	0.00465
23	0.00781	0.00652	0.00705	0.00660	0.00832	0.00706	0.00508	0.01457	0.45339	0.01482	0.12853	0.06477	0.20355	0.00740	0.00439	0.00137	0.00270	0.03249	0.01853	0.00506
24	0.00544	0.00408	0.00499	0.00477	0.00579	0.00368	0.00355	0.00704	0.01059	0.01444	0.59800	0.03210	0.24517	0.03644	0.00524	0.00137	0.00199	0.00752	0.00417	0.00364
25	0.05461	0.00686	0.00916	0.00706	0.01013	0.00603	0.00583	0.01922	0.01128	0.80233	0.01539	0.01335	0.00969	0.00491	0.00397	0.00124	0.00340	0.00395	0.00486	0.00672
26	0.88738	0.00776	0.00589	0.00527	0.00776	0.00900	0.00434	0.01179	0.00683	0.01799	0.00558	0.00651	0.00434	0.00372	0.00248	0.00124	0.00310	0.00217	0.00248	0.00434
27	0.88738	0.00776	0.00589	0.00527	0.00776	0.00900	0.00434	0.01179	0.00683	0.01799	0.00558	0.00651	0.00434	0.00372	0.00248	0.00124	0.00310	0.00217	0.00248	0.00434
28	0.00491	0.00368	0.00457	0.00521	0.00576	0.00333	0.00360	0.00575	0.00822	0.01066	0.06076	0.60467	0.22788	0.01176	0.00501	0.00155	0.00226	0.02334	0.00375	0.00332
29	0.69553	0.00867	0.05531	0.00608	0.00887	0.00896	0.00532	0.06771	0.00817	0.09443	0.00691	0.00751	0.00508	0.00392	0.00281	0.00124	0.00339	0.00249	0.00277	0.00484
30	0.00694	0.00575	0.00735	0.00704	0.00779	0.05867	0.00548	0.00822	0.00682	0.02924	0.01009	0.01492	0.00943	0.06394	0.64400	0.00536	0.09887	0.00417	0.00218	0.00376
31	0.02964	0.06109	0.00906	0.00598	0.00951	0.00610	0.00488	0.01026	0.00827	0.01296	0.00699	0.00815	0.00585	0.00302	0.00293	0.00063	0.00306	0.00236	0.00234	0.80693
32	0.00771	0.06016	0.00868	0.02753	0.00859	0.05144	0.00589	0.00895	0.00715	0.04315	0.01016	0.06839	0.00969	0.05204	0.39964	0.00386	0.17259	0.00439	0.04602	0.00399
33	0.70025	0.02381	0.00719	0.00606	0.00861	0.03672	0.00497	0.10058	0.05317	0.01830	0.00663	0.00734	0.00509	0.00394	0.00277	0.00123	0.00340	0.00247	0.00271	0.00475
34	0.00576	0.00447	0.00530	0.00533	0.02177	0.00398	0.00383	0.00738	0.03753	0.02628	0.23841	0.19807	0.34831	0.00927	0.00464	0.00133	0.00223	0.00802	0.00381	0.06426
35	0.00745	0.06096	0.08097	0.00745	0.02811	0.03691	0.01568	0.02260	0.02846	0.00972	0.01015	0.07029	0.01020	0.15941	0.19243	0.15454	0.07672	0.02204	0.00224	0.00368
36	0.00858	0.10445	0.62387	0.01093	0.01607	0.01013	0.05412	0.01338	0.08368	0.01270	0.00789	0.00898	0.00580	0.00395	0.00391	0.00125	0.01941	0.00312	0.00193	0.00583
37	0.01030	0.00929	0.00922	0.00830	0.01055	0.06326	0.00644	0.02097	0.77463	0.01633	0.01568	0.01447	0.01179	0.00536	0.00405	0.00134	0.00343	0.00441	0.00395	0.00624
38	0.00703	0.00422	0.00540	0.00526	0.00628	0.00390	0.00393	0.00860	0.01003	0.10014	0.40943	0.20655	0.05201	0.00849	0.00451	0.00132	0.00221	0.03457	0.12216	0.00397
39	0.00544	0.00407	0.00496	0.00510	0.00587	0.00383	0.00368	0.00653	0.02209	0.01148	0.20529	0.23089	0.27853	0.06743	0.02827	0.05742	0.01800	0.03418	0.00359	0.00336
40	0.00993	0.00953	0.01628	0.02462	0.83404	0.00953	0.01231	0.01231	0.00913	0.01310	0.00754	0.00993	0.00635	0.00357	0.00397	0.00119	0.00476	0.00357	0.00199	0.00635
41	0.00804	0.02074	0.83828	0.01143	0.01736	0.00931	0.01482	0.01270	0.00847	0.01270	0.00720	0.00847	0.00508	0.00381	0.00381	0.00127	0.00593	0.00296	0.00169	0.00593
42	0.06119	0.00629	0.00663	0.00572	0.00748	0.00663	0.00452	0.24133	0.01144	0.06893	0.01240	0.06600	0.00995	0.00517	0.00335	0.00109	0.00279	0.00411	0.47014	0.00481
43	0.04340	0.00647	0.06339	0.00859	0.07033	0.00596	0.05067	0.02049	0.02231	0.01152	0.04729	0.08480	0.03795	0.09298	0.24453	0.00313	0.01699	0.16238	0.00275	0.00408
44	0.00804	0.02074	0.83828	0.01143	0.01736	0.00931	0.01482	0.01270	0.00847	0.01270	0.00720	0.00847	0.00508	0.00381	0.00381	0.00127	0.00593	0.00296	0.00169	0.00593
45	0.00804	0.02074	0.83828	0.01143	0.01736	0.00931	0.01482	0.01270	0.00847	0.01270	0.00720	0.00847	0.00508	0.00381	0.00381	0.00127	0.00593	0.00296	0.00169	0.00593
46	0.09920	0.00691	0.00899	0.00696	0.01001	0.00618	0.00575	0.01882	0.01104	0.76033	0.01487	0.01298	0.00941	0.00485	0.00389	0.00124	0.00338	0.00386	0.00473	0.00659
47	0.45575	0.01175	0.00852	0.00750	0.00988	0.27883	0.00592	0.08287	0.04267	0.04083	0.00687	0.00761	0.00533	0.00410	0.00325	0.00118	0.01713	0.00260	0.00261	0.00481
48	0.00493	0.00353	0.00468	0.00558	0.00583	0.00330	0.00374	0.00564	0.00769	0.01023	0.02215	0.81384	0.03694	0.02868	0.00541	0.00167	0.00238	0.02681	0.00370	0.00325
49	0.03164	0.15920	0.15915	0.00949	0.06444	0.07489	0.01709	0.19124	0.02885	0.02841	0.00793	0.02202	0.00631	0.00400	0.00348	0.00103	0.00453	0.00304	0.00255	0.18069
50	0.02590	0.01270	0.27549	0.08210	0.22903	0.00907	0.07592	0.08099	0.00973	0.07215	0.00814	0.00963	0.00607	0.00382	0.00388	0.00119	0.00503	0.00338	0.00231	0.08348
51	0.01052	0.26502	0.35055	0.01024	0.05305	0.02060	0.03629	0.11559	0.01926	0.05759	0.00763	0.00850	0.00577	0.00387	0.00351	0.00112	0.00502	0.00295	0.00224	0.02070
52	0.00615	0.07745	0.01879	0.00541	0.00628	0.00519	0.00402	0.01984	0.00766	0.01021	0.10520	0.14242	0.10588	0.28544	0.16801	0.00312	0.00461	0.01804	0.00289	0.00339
53	0.00570	0.00422	0.00505	0.00483	0.00597	0.00379	0.00362	0.00742	0.02580	0.03425	0.49041	0.05926	0.31715	0.00890	0.00472	0.00131	0.00202	0.00769	0.00416	0.00375
54	0.00955	0.02626	0.37775	0.08139	0.18130	0.02904	0.09566	0.07310	0.00964	0.04292	0.01800	0.02264	0.00649	0.00404	0.00399	0.00126	0.00543	0.00356	0.00216	0.00583
55	0.01117	0.05715	0.07970	0.08762	0.20841	0.10299	0.09341	0.16219	0.03525	0.03485	0.00810	0.00953	0.00625	0.00393	0.00385	0.00115	0.00506	0.00340	0.00249	0.08351
56	0.02323	0.01241	0.02497	0.10922	0.04182	0.33761	0.00826	0.05112	0.00924	0.01085	0.00689	0.00930	0.00593	0.00778	0.10102	0.00188	0.21824	0.00322	0.01238	0.00461
57	0.00735	0.00480	0.00553	0.00529	0.00671	0.00438	0.00397	0.03763	0.05044	0.12819	0.06556	0.22870	0.40685	0.00942	0.00465	0.00139	0.00243	0.00806	0.01450	0.00413
58	0.00931	0.00858	0.01350	0.17221	0.40847	0.00918	0.03989	0.06758	0.08045	0.01362	0.05248	0.01295	0.05005	0.00461	0.00447	0.00127	0.03913	0.00413	0.00247	0.00563
59	0.03954	0.00981	0.02711	0.00854	0.02960	0.08237	0.03670	0.26590	0.03422	0.18816	0.01006	0.01026	0.00725	0.00474	0.01950	0.00117	0.00426	0.00336	0.02018	0.19727
60	0.02438	0.00612	0.00728	0.00630	0.00817	0.02733	0.00493	0.01383	0.15136	0.25999	0.38803	0.02108	0.02287	0.00647	0.00428	0.00126	0.00272	0.00551	0.03291	0.00516
61	0.84954	0.04461	0.00655	0.00534	0.00787	0.00929	0.00445	0.01180	0.00688	0.01762	0.00558	0.00651	0.00438	0.00371	0.00249	0.00122	0.00315	0.00217	0.00245	0.00438
62	0.00850	0.00559	0.02215	0.00590	0.00743	0.02088	0.00468	0.04768	0.03794	0.14556	0.53684	0.03480	0.02792	0.00762	0.01967	0.00135	0.00266	0.01651	0.04179	0.00453
63	0.00543	0.00403	0.00508	0.00514	0.00599	0.00372	0.00376	0.00705	0.02428	0.01375	0.47720	0.23746	0.15555	0.00960	0.00483	0.00138	0.00208	0.02592	0.00412	0.00363
64	0.01427	0.01067	0.01144	0.00898	0.01198	0.01185	0.00734	0.69568	0.11961	0.02375	0.01085	0.03624	0.00810	0.00513	0.00405	0.00124	0.00419	0.00396	0.00401	0.00665
65	0.00573	0.00429	0.00640	0.00640	0.00710	0.00499	0.00496	0.00713	0.00643	0.00928	0.01078	0.01598	0.01013	0.04821	0.82517	0.00639	0.01059	0.00433	0.00215	0.00356
66	0.00595	0.00447	0.02007	0.00563	0.00628	0.00419	0.00412	0.00720	0.04002	0.02277	0.01987	0.26959	0.10294	0.28208	0.03661	0.00249	0.00343	0.15570	0.00325	0.00332
67	0.00630	0.00480	0.00671	0.00649	0.00711	0.00566	0.00500	0.02064	0.00675	0.00986	0.01122	0.03565	0.02379	0.10808	0.57024	0.00505	0.10003	0.00455	0.05847	0.00360
68	0.02412	0.00706	0.03093	0.07124	0.02570	0.00723	0.21556	0.00907	0.00753	0.01066	0.03582	0.06959	0.01090	0.21945	0.12052	0.00270	0.10027	0.00510	0.02254	0.00403
69	0.01031	0.02924	0.01314	0.02657	0.05165	0.07859	0.18209	0.11164	0.10466	0.03284	0.02264	0.04151	0.00836	0.00453	0.00434	0.00114	0.04137	0.01900	0.00276	0.21360
70	0.19158	0.04714	0.05729	0.04654	0.16678	0.07860	0.04312	0.03102	0.08151	0.04691	0.02700	0.02456	0.00778	0.02164	0.07003	0.00167	0.01876	0.00353	0.00252	0.03201

[dist]
# distance from previous block
# <min> <max>
0	12

[block]
# block no. 8 follows, 67 sequences, length 18
# corresponding to MSA columns:
# 304-321
name=unknown_I
#
# <colnr> <probs for GDERKNQSTAVLIFYWHMCP>
#	G	D	E	R	K	N	Q	S	T	A	V	L	I	F	Y	W	H	M	C	P
0	0.07247	0.15635	0.10088	0.02742	0.10242	0.06094	0.00809	0.22240	0.03512	0.09093	0.00983	0.05158	0.02072	0.01894	0.00395	0.00122	0.00441	0.00369	0.00292	0.00572
1	0.32039	0.17744	0.01117	0.02925	0.01030	0.01778	0.00615	0.25302	0.01105	0.06478	0.00770	0.00833	0.00584	0.00418	0.00335	0.00115	0.02291	0.00283	0.03701	0.00536
2	0.00674	0.01802	0.00718	0.12836	0.00959	0.02666	0.02330	0.02117	0.02338	0.02099	0.10370	0.19496	0.04054	0.28412	0.03533	0.00237	0.04065	0.00650	0.00288	0.00356
3	0.00634	0.00437	0.00504	0.00478	0.00617	0.00379	0.00362	0.00759	0.00963	0.09203	0.19834	0.08928	0.49117	0.00983	0.02892	0.00147	0.00243	0.00773	0.00391	0.02356
4	0.00904	0.00962	0.06388	0.01180	0.01487	0.02224	0.38051	0.01418	0.21935	0.02970	0.16679	0.01537	0.01369	0.00489	0.00448	0.00132	0.00481	0.00501	0.00304	0.00539
5	0.35688	0.00735	0.00743	0.00576	0.00887	0.00683	0.00467	0.01145	0.00795	0.07415	0.00714	0.00799	0.00559	0.00341	0.00285	0.00090	0.00305	0.00241	0.00260	0.47270
6	0.00804	0.02074	0.83828	0.01143	0.01736	0.00931	0.01482	0.01270	0.00847	0.01270	0.00720	0.00847	0.00508	0.00381	0.00381	0.00127	0.00593	0.00296	0.00169	0.00593
7	0.00650	0.00460	0.00582	0.00540	0.00650	0.00440	0.00409	0.03720	0.03184	0.04390	0.65490	0.06912	0.08113	0.00821	0.00481	0.00129	0.01482	0.00716	0.00430	0.00402
8	0.00819	0.01971	0.75351	0.01200	0.01773	0.00940	0.09855	0.01272	0.00857	0.01272	0.00729	0.00871	0.00518	0.00377	0.00391	0.00128	0.00601	0.00315	0.00173	0.00587
9	0.00629	0.00452	0.00657	0.00643	0.00714	0.00522	0.00494	0.00757	0.00656	0.03873	0.01089	0.01641	0.01027	0.10726	0.70291	0.00584	0.04215	0.00440	0.00226	0.00362
10	0.00544	0.00427	0.00479	0.00486	0.00595	0.00393	0.00356	0.00734	0.06928	0.01231	0.18596	0.20525	0.42044	0.00973	0.00470	0.00138	0.00214	0.00838	0.03662	0.00367
11	0.00582	0.00422	0.00602	0.00604	0.00665	0.00478	0.00455	0.00704	0.00647	0.00930	0.01138	0.01815	0.01109	0.16558	0.66056	0.00574	0.00916	0.02334	0.03073	0.00340
12	0.01072	0.86147	0.02102	0.00686	0.01029	0.01587	0.00686	0.01201	0.00815	0.00944	0.00558	0.00643	0.00515	0.00343	0.00257	0.00086	0.00429	0.00214	0.00172	0.00515
13	0.00500	0.00370	0.00470	0.00543	0.00594	0.00340	0.00382	0.00588	0.00816	0.01063	0.04457	0.62222	0.17474	0.01190	0.00507	0.00159	0.00237	0.07380	0.00374	0.00333
14	0.00819	0.01349	0.40412	0.04566	0.14221	0.00795	0.03102	0.01160	0.02668	0.03290	0.05010	0.01374	0.06493	0.03594	0.00456	0.00133	0.00477	0.02007	0.02201	0.05870
15	0.00557	0.00390	0.00487	0.00534	0.00577	0.00376	0.00375	0.00638	0.00773	0.01029	0.06715	0.31737	0.08302	0.27691	0.00988	0.00232	0.00301	0.15389	0.02597	0.00313
16	0.02195	0.25579	0.09709	0.00910	0.09272	0.02763	0.00753	0.09158	0.03998	0.01333	0.00728	0.00828	0.00595	0.00356	0.00319	0.00090	0.00407	0.00269	0.00230	0.30509
17	0.02317	0.06607	0.28617	0.01056	0.09068	0.08090	0.02780	0.09380	0.00994	0.04160	0.03203	0.02008	0.02386	0.00417	0.00377	0.00110	0.01420	0.00330	0.00239	0.16442

[dist]
# distance from previous block
# <min> <max>
1	4

[block]
# block no. 9 follows, 67 sequences, length 51
# corresponding to MSA columns:
# 326-376
name=unknown_J
#
# <colnr> <probs for GDERKNQSTAVLIFYWHMCP>
#	G	D	E	R	K	N	Q	S	T	A	V	L	I	F	Y	W	H	M	C	P
0	0.00723	0.02945	0.00719	0.00661	0.02709	0.08349	0.00493	0.00961	0.09216	0.01288	0.26774	0.08579	0.21667	0.00848	0.02799	0.00144	0.05561	0.01727	0.00351	0.03486
1	0.00616	0.00514	0.00621	0.00620	0.04351	0.01452	0.03125	0.00818	0.06641	0.02860	0.15729	0.11502	0.44827	0.00882	0.00461	0.00133	0.00252	0.00759	0.00368	0.03468
2	0.00800	0.00686	0.00794	0.00578	0.00915	0.00517	0.00460	0.00972	0.00839	0.01287	0.01006	0.01097	0.07830	0.00360	0.00313	0.00066	0.00289	0.00291	0.00249	0.80651
3	0.01029	0.01010	0.05140	0.07273	0.18317	0.08660	0.06346	0.09475	0.06021	0.04567	0.01892	0.01112	0.01581	0.01722	0.05581	0.00167	0.17285	0.00377	0.01912	0.00533
4	0.00816	0.00700	0.00809	0.00590	0.00930	0.00538	0.00470	0.01020	0.03399	0.01306	0.00935	0.01028	0.05394	0.00346	0.00311	0.00066	0.00292	0.00280	0.00251	0.80520
5	0.01049	0.01219	0.05554	0.00893	0.01103	0.35518	0.09024	0.01247	0.03006	0.03220	0.23772	0.01657	0.07019	0.00567	0.00426	0.00118	0.01619	0.00463	0.02071	0.00454
6	0.01072	0.86147	0.02102	0.00686	0.01029	0.01587	0.00686	0.01201	0.00815	0.00944	0.00558	0.00643	0.00515	0.00343	0.00257	0.00086	0.00429	0.00214	0.00172	0.00515
7	0.54722	0.16103	0.00980	0.00664	0.00906	0.12863	0.00558	0.01228	0.00766	0.01474	0.00565	0.00676	0.00467	0.00396	0.00340	0.00118	0.06269	0.00232	0.00224	0.00453
8	0.00804	0.02074	0.83828	0.01143	0.01736	0.00931	0.01482	0.01270	0.00847	0.01270	0.00720	0.00847	0.00508	0.00381	0.00381	0.00127	0.00593	0.00296	0.00169	0.00593
9	0.01106	0.00564	0.00733	0.00614	0.00806	0.00519	0.00486	0.06848	0.01192	0.33105	0.46240	0.02230	0.02500	0.00673	0.00441	0.00125	0.00265	0.00577	0.00460	0.00516
10	0.00901	0.14466	0.58496	0.01067	0.01553	0.03417	0.03178	0.02123	0.00852	0.02916	0.00701	0.00833	0.00525	0.00403	0.00436	0.00124	0.06967	0.00294	0.00181	0.00567
11	0.01134	0.35557	0.14511	0.00866	0.01218	0.02410	0.04514	0.23935	0.01125	0.02452	0.00762	0.00860	0.00604	0.00490	0.02800	0.01237	0.01544	0.00298	0.03121	0.00562
12	0.00583	0.00389	0.00437	0.00437	0.00437	0.00389	0.00243	0.00583	0.00583	0.00778	0.01264	0.02624	0.01458	0.85906	0.02041	0.00389	0.00389	0.00583	0.00243	0.00243
13	0.04151	0.01051	0.03388	0.12455	0.21023	0.12327	0.15258	0.07764	0.04821	0.01316	0.02325	0.01087	0.00715	0.02293	0.05387	0.00161	0.03339	0.00378	0.00231	0.00531
14	0.00512	0.00382	0.00509	0.00582	0.00608	0.00379	0.00400	0.00585	0.00768	0.01030	0.03295	0.77512	0.04586	0.01212	0.00557	0.00162	0.05144	0.01081	0.00362	0.00333
15	0.00601	0.00425	0.00589	0.00666	0.00732	0.00426	0.00539	0.00733	0.00831	0.01096	0.01956	0.23219	0.02172	0.05315	0.08455	0.03312	0.00403	0.47845	0.00343	0.00345
16	0.09411	0.25523	0.03825	0.00818	0.02282	0.05801	0.00700	0.23876	0.17928	0.01639	0.00940	0.02768	0.00748	0.00450	0.00345	0.00113	0.00414	0.00332	0.00299	0.01786
17	0.00517	0.00384	0.00476	0.00516	0.00580	0.00354	0.00360	0.00632	0.02325	0.01157	0.19450	0.45872	0.19554	0.03874	0.00560	0.01495	0.00226	0.00950	0.00380	0.00340
18	0.01006	0.25172	0.09830	0.03143	0.02830	0.03023	0.34227	0.02250	0.04493	0.03787	0.00779	0.00936	0.00608	0.00360	0.00381	0.00114	0.00541	0.00355	0.00213	0.05953
19	0.00837	0.02780	0.61105	0.06228	0.05949	0.00951	0.14034	0.01255	0.00863	0.01256	0.00733	0.00902	0.00532	0.00374	0.00396	0.00128	0.00595	0.00330	0.00177	0.00577
20	0.00605	0.00472	0.00557	0.00533	0.00651	0.00457	0.00400	0.00906	0.13128	0.01461	0.47901	0.08986	0.20714	0.00854	0.00466	0.00132	0.00214	0.00742	0.00416	0.00404
21	0.00597	0.00518	0.02643	0.00747	0.08550	0.00471	0.03031	0.00724	0.00872	0.01168	0.13506	0.27644	0.26580	0.00942	0.00537	0.03026	0.03620	0.00793	0.03652	0.00381
22	0.01022	0.22285	0.21116	0.01010	0.05267	0.10029	0.05963	0.06159	0.14447	0.01287	0.00898	0.03617	0.00734	0.00500	0.02569	0.00129	0.00508	0.00345	0.00239	0.01876
23	0.01137	0.00879	0.07359	0.22413	0.10868	0.03526	0.00866	0.11012	0.01040	0.22389	0.01162	0.12216	0.00957	0.00546	0.00427	0.00131	0.01741	0.00464	0.00314	0.00552
24	0.00500	0.00370	0.00469	0.00534	0.00587	0.00339	0.00373	0.00592	0.00835	0.01097	0.10156	0.59778	0.17072	0.01166	0.00503	0.00155	0.00229	0.04529	0.00379	0.00335
25	0.02275	0.00757	0.03538	0.06442	0.29527	0.00735	0.04258	0.03255	0.00915	0.10150	0.05444	0.18624	0.03620	0.01801	0.01455	0.00145	0.04219	0.02034	0.00291	0.00515
26	0.01254	0.04908	0.04296	0.10092	0.06254	0.32415	0.08195	0.08588	0.06778	0.08885	0.00904	0.04033	0.00719	0.00451	0.00390	0.00118	0.00561	0.00362	0.00264	0.00533
27	0.44216	0.11007	0.07494	0.03244	0.13703	0.07741	0.00713	0.01216	0.00794	0.02612	0.00673	0.02901	0.00564	0.01270	0.00323	0.00121	0.00411	0.00281	0.00227	0.00489
28	0.00921	0.06122	0.53630	0.01252	0.09567	0.03898	0.06647	0.02933	0.02588	0.03629	0.00757	0.00894	0.00561	0.00399	0.00427	0.00126	0.04553	0.00319	0.00195	0.00583
29	0.00583	0.00390	0.00445	0.00445	0.00447	0.00393	0.00252	0.00588	0.00585	0.00783	0.01257	0.02588	0.01442	0.83009	0.04916	0.00398	0.00413	0.00578	0.00242	0.00247
