[name]
unknown

[dist]
# distance from previous block
# <min> <max>
4	255

[block]
# block no. 0 follows, 75 sequences, length 71
# corresponding to MSA columns:
# 259-329
name=unknown_A
#
# <colnr> <probs for GDERKNQSTAVLIFYWHMCP>
#	G	D	E	R	K	N	Q	S	T	A	V	L	I	F	Y	W	H	M	C	P
0	0.00845	0.07530	0.52493	0.01079	0.10535	0.00895	0.01116	0.09740	0.03712	0.02311	0.05735	0.00932	0.00702	0.00384	0.00351	0.00112	0.00473	0.00308	0.00206	0.00541
1	0.00447	0.00375	0.00390	0.00392	0.00512	0.00318	0.00298	0.00548	0.00849	0.01024	0.08173	0.03520	0.76053	0.00924	0.00438	0.00126	0.00193	0.04764	0.00344	0.00313
2	0.00982	0.87313	0.01925	0.00628	0.00943	0.01453	0.00628	0.01100	0.00746	0.00864	0.00511	0.00589	0.00471	0.00314	0.00236	0.00079	0.00393	0.00196	0.00157	0.00471
3	0.00737	0.01900	0.85189	0.01047	0.01590	0.00853	0.01357	0.01163	0.00775	0.01163	0.00659	0.00775	0.00465	0.00349	0.00349	0.00116	0.00543	0.00271	0.00155	0.00543
4	0.33697	0.02731	0.00914	0.00708	0.00978	0.01030	0.00587	0.51649	0.01303	0.02040	0.00738	0.00771	0.00538	0.00402	0.00313	0.00111	0.00360	0.00280	0.00312	0.00538
5	0.00447	0.00320	0.00426	0.00511	0.00533	0.00298	0.00341	0.00511	0.00703	0.00938	0.02024	0.86853	0.02429	0.01151	0.00469	0.00149	0.00213	0.01044	0.00341	0.00298
6	0.00525	0.00394	0.00590	0.00590	0.00656	0.00459	0.00459	0.00656	0.00590	0.00853	0.00984	0.01443	0.00918	0.02755	0.85637	0.00590	0.00984	0.00394	0.00197	0.00328
7	0.01396	0.01029	0.01102	0.00845	0.01139	0.01139	0.00698	0.83577	0.01727	0.02315	0.00882	0.00882	0.00625	0.00441	0.00367	0.00110	0.00404	0.00331	0.00367	0.00625
8	0.00694	0.00653	0.01102	0.86210	0.02530	0.00816	0.01020	0.00938	0.00734	0.00938	0.00653	0.00979	0.00490	0.00367	0.00367	0.00122	0.00490	0.00326	0.00163	0.00408
9	0.00867	0.00991	0.02167	0.01548	0.01920	0.00929	0.83467	0.01176	0.00867	0.01176	0.00743	0.00991	0.00557	0.00310	0.00433	0.00124	0.00619	0.00433	0.00186	0.00495
10	0.00447	0.00321	0.00425	0.00508	0.00532	0.00299	0.00340	0.00512	0.00706	0.00939	0.02063	0.84970	0.04287	0.01146	0.00468	0.00149	0.00212	0.01038	0.00341	0.00299
11	0.00525	0.00394	0.00590	0.00590	0.00656	0.00459	0.00459	0.00656	0.00590	0.00853	0.00984	0.01443	0.00918	0.02755	0.85637	0.00590	0.00984	0.00394	0.00197	0.00328
12	0.00520	0.00375	0.00491	0.00462	0.00549	0.00347	0.00347	0.00693	0.01040	0.01473	0.84608	0.02743	0.03465	0.00751	0.00433	0.00116	0.00173	0.00664	0.00404	0.00347
13	0.00450	0.00321	0.00429	0.00514	0.00536	0.00300	0.00345	0.00515	0.00705	0.00940	0.02023	0.85557	0.02424	0.01149	0.00469	0.00149	0.00215	0.02318	0.00341	0.00299
14	0.89687	0.00710	0.00540	0.00483	0.00710	0.00824	0.00398	0.01080	0.00625	0.01648	0.00511	0.00597	0.00398	0.00341	0.00227	0.00114	0.00284	0.00199	0.00227	0.00398
15	0.00915	0.00896	0.03920	0.02148	0.78164	0.00874	0.01113	0.01133	0.00830	0.02779	0.00698	0.00908	0.00581	0.00340	0.00389	0.00111	0.03112	0.00326	0.00186	0.00576
16	0.00766	0.12200	0.75148	0.00996	0.01512	0.00925	0.01269	0.01155	0.00772	0.01127	0.00641	0.00753	0.00466	0.00345	0.00335	0.00112	0.00525	0.00262	0.00155	0.00534
17	0.01648	0.00625	0.00852	0.00653	0.00938	0.00540	0.00540	0.01790	0.01051	0.85056	0.01449	0.01250	0.00909	0.00455	0.00369	0.00114	0.00313	0.00369	0.00455	0.00625
18	0.00592	0.00423	0.00592	0.00676	0.00761	0.00423	0.00592	0.00761	0.00845	0.01099	0.01945	0.04143	0.02114	0.01015	0.00507	0.00169	0.00338	0.82329	0.00338	0.00338
19	0.00512	0.00406	0.00607	0.00699	0.07299	0.00383	0.04795	0.00610	0.00747	0.01000	0.05505	0.65909	0.06247	0.01010	0.00456	0.00142	0.00252	0.02762	0.00323	0.00335
20	0.00887	0.00861	0.01500	0.09772	0.71901	0.00871	0.06569	0.01113	0.00829	0.01175	0.00691	0.00921	0.00572	0.00330	0.00369	0.00111	0.00453	0.00334	0.00180	0.00560
21	0.00585	0.00418	0.00584	0.00668	0.00750	0.00417	0.00580	0.00749	0.00839	0.01091	0.01948	0.08158	0.02129	0.01021	0.00505	0.00168	0.00332	0.78384	0.00338	0.00336
22	0.02659	0.00961	0.01928	0.01425	0.04161	0.03361	0.67258	0.01254	0.00888	0.11112	0.00816	0.01002	0.00594	0.00330	0.00417	0.00121	0.00572	0.00413	0.00218	0.00509
23	0.01051	0.01107	0.01009	0.00997	0.09905	0.30979	0.00708	0.11413	0.08122	0.01175	0.02628	0.11125	0.00857	0.00541	0.00526	0.00120	0.16639	0.00395	0.00244	0.00459
24	0.01471	0.00909	0.01028	0.00788	0.01079	0.00961	0.00651	0.59277	0.01526	0.26898	0.01050	0.00991	0.00709	0.00445	0.00368	0.00111	0.00377	0.00342	0.00393	0.00625
25	0.01341	0.01609	0.01032	0.00922	0.01123	0.71129	0.00699	0.09584	0.07165	0.01085	0.00666	0.00736	0.00535	0.00393	0.00338	0.00098	0.00610	0.00259	0.00220	0.00457
26	0.00513	0.00375	0.00482	0.00455	0.00545	0.00344	0.00341	0.00680	0.01024	0.01436	0.78388	0.02804	0.09709	0.00765	0.00433	0.00116	0.00174	0.00673	0.00399	0.00344
27	0.00447	0.00320	0.00426	0.00511	0.00533	0.00298	0.00341	0.00511	0.00703	0.00938	0.02024	0.86853	0.02429	0.01151	0.00469	0.00149	0.00213	0.01044	0.00341	0.00298
28	0.00451	0.00373	0.00396	0.00390	0.00507	0.00317	0.00292	0.00560	0.00877	0.01087	0.19746	0.03378	0.68567	0.00895	0.00434	0.00122	0.00184	0.00753	0.00354	0.00317
29	0.00460	0.00371	0.00410	0.00408	0.00516	0.00321	0.00305	0.00574	0.00885	0.01120	0.25257	0.07379	0.57627	0.00894	0.00437	0.00124	0.00186	0.02048	0.00358	0.00320
30	0.89687	0.00710	0.00540	0.00483	0.00710	0.00824	0.00398	0.01080	0.00625	0.01648	0.00511	0.00597	0.00398	0.00341	0.00227	0.00114	0.00284	0.00199	0.00227	0.00398
31	0.00484	0.00332	0.00440	0.00514	0.00547	0.00310	0.00352	0.00559	0.00726	0.02642	0.03754	0.76852	0.03535	0.01102	0.00462	0.00147	0.00218	0.04207	0.02509	0.00309
32	0.07563	0.00903	0.01303	0.13733	0.53519	0.07736	0.02289	0.03022	0.04257	0.01211	0.00700	0.00895	0.00569	0.00347	0.00353	0.00111	0.00447	0.00316	0.00195	0.00530
33	0.89687	0.00710	0.00540	0.00483	0.00710	0.00824	0.00398	0.01080	0.00625	0.01648	0.00511	0.00597	0.00398	0.00341	0.00227	0.00114	0.00284	0.00199	0.00227	0.00398
34	0.00447	0.00320	0.00426	0.00511	0.00533	0.00298	0.00341	0.00511	0.00703	0.00938	0.02024	0.86853	0.02429	0.01151	0.00469	0.00149	0.00213	0.01044	0.00341	0.00298
35	0.89687	0.00710	0.00540	0.00483	0.00710	0.00824	0.00398	0.01080	0.00625	0.01648	0.00511	0.00597	0.00398	0.00341	0.00227	0.00114	0.00284	0.00199	0.00227	0.00398
36	0.00517	0.00392	0.00467	0.00450	0.00548	0.01356	0.00337	0.00662	0.00967	0.02279	0.55689	0.06414	0.25845	0.00813	0.00434	0.00120	0.00188	0.01801	0.00381	0.00339
37	0.00737	0.01900	0.85189	0.01047	0.01590	0.00853	0.01357	0.01163	0.00775	0.01163	0.00659	0.00775	0.00465	0.00349	0.00349	0.00116	0.00543	0.00271	0.00155	0.00543
38	0.00436	0.00372	0.00375	0.00374	0.00497	0.00311	0.00280	0.00531	0.00841	0.01002	0.05442	0.03518	0.82924	0.00926	0.00434	0.00124	0.00186	0.00773	0.00342	0.00311
39	0.01644	0.00632	0.00856	0.00657	0.00941	0.00550	0.00542	0.03123	0.01062	0.83707	0.01440	0.01244	0.00905	0.00454	0.00369	0.00114	0.00314	0.00369	0.00453	0.00625
40	0.00909	0.00873	0.01491	0.02254	0.84801	0.00873	0.01127	0.01127	0.00836	0.01200	0.00691	0.00909	0.00582	0.00327	0.00364	0.00109	0.00436	0.00327	0.00182	0.00582
41	0.01372	0.01750	0.01041	0.00946	0.01135	0.85618	0.00710	0.01467	0.01041	0.00899	0.00568	0.00662	0.00473	0.00378	0.00331	0.00095	0.00662	0.00237	0.00189	0.00426
42	0.00495	0.00374	0.00456	0.00436	0.00533	0.00336	0.00327	0.00644	0.00980	0.01332	0.60907	0.02975	0.27254	0.00803	0.00433	0.00118	0.00177	0.00697	0.00386	0.00336
43	0.01407	0.00614	0.00804	0.00638	0.00886	0.00561	0.00519	0.04479	0.07660	0.62686	0.14238	0.01477	0.01310	0.00503	0.00379	0.00115	0.00293	0.00417	0.00437	0.00579
44	0.00447	0.00320	0.00426	0.00511	0.00533	0.00298	0.00341	0.00511	0.00703	0.00938	0.02024	0.86853	0.02429	0.01151	0.00469	0.00149	0.00213	0.01044	0.00341	0.00298
45	0.03103	0.00626	0.00847	0.00651	0.00934	0.00545	0.00537	0.01778	0.01044	0.83677	0.01433	0.01239	0.00901	0.00453	0.00367	0.00114	0.00312	0.00367	0.00451	0.00621
46	0.89687	0.00710	0.00540	0.00483	0.00710	0.00824	0.00398	0.01080	0.00625	0.01648	0.00511	0.00597	0.00398	0.00341	0.00227	0.00114	0.00284	0.00199	0.00227	0.00398
47	0.00520	0.00375	0.00491	0.00462	0.00549	0.00347	0.00347	0.00693	0.01040	0.01473	0.84608	0.02743	0.03465	0.00751	0.00433	0.00116	0.00173	0.00664	0.00404	0.00347
48	0.00900	0.00864	0.01475	0.05695	0.81430	0.00870	0.01123	0.01119	0.00832	0.01189	0.00689	0.00912	0.00578	0.00329	0.00364	0.00110	0.00439	0.00327	0.00181	0.00575
49	0.01374	0.01017	0.01102	0.03532	0.01183	0.01129	0.00708	0.80975	0.01696	0.02271	0.00875	0.00885	0.00620	0.00439	0.00367	0.00111	0.00407	0.00331	0.00361	0.00618
50	0.00454	0.00327	0.00432	0.00514	0.00543	0.00305	0.00351	0.00525	0.00717	0.00948	0.02096	0.78850	0.06085	0.01134	0.00469	0.00149	0.00218	0.05240	0.00341	0.00301
51	0.01155	0.05211	0.02308	0.00782	0.02429	0.02299	0.00629	0.27893	0.37145	0.11579	0.01193	0.01132	0.00869	0.00456	0.00359	0.00114	0.00343	0.00363	0.03155	0.00584
52	0.00450	0.00330	0.00424	0.00491	0.00529	0.00303	0.00334	0.00525	0.00741	0.00978	0.07428	0.71228	0.12695	0.01098	0.00462	0.00144	0.00207	0.00987	0.00345	0.00303
53	0.00552	0.00425	0.00637	0.00613	0.00675	0.00493	0.02476	0.00665	0.00587	0.00843	0.00956	0.01475	0.00915	0.10194	0.68920	0.03134	0.05520	0.00401	0.00196	0.00321
54	0.00982	0.87313	0.01925	0.00628	0.00943	0.01453	0.00628	0.01100	0.00746	0.00864	0.00511	0.00589	0.00471	0.00314	0.00236	0.00079	0.00393	0.00196	0.00157	0.00471
55	0.00792	0.00671	0.00778	0.00559	0.00883	0.00521	0.00448	0.04907	0.00808	0.01251	0.00664	0.00767	0.00548	0.00280	0.00277	0.00057	0.00278	0.00223	0.00225	0.85063
56	0.04960	0.01201	0.28078	0.00918	0.05890	0.09379	0.01811	0.06594	0.13345	0.11697	0.00988	0.03899	0.01806	0.04789	0.00457	0.00129	0.02930	0.00354	0.00259	0.00516
57	0.00834	0.02540	0.00802	0.02442	0.03028	0.04803	0.00486	0.01822	0.03082	0.06510	0.03138	0.06739	0.01831	0.00382	0.00308	0.00075	0.00300	0.00315	0.00249	0.60315
58	0.00779	0.00486	0.00600	0.00531	0.00676	0.00466	0.00411	0.03619	0.10552	0.15948	0.49839	0.02349	0.10901	0.00679	0.00413	0.00117	0.00219	0.00585	0.00402	0.00427
59	0.00900	0.01126	0.25916	0.01047	0.08308	0.01835	0.12741	0.09575	0.16179	0.05941	0.10689	0.01198	0.01004	0.00432	0.00378	0.00117	0.00426	0.00383	0.01273	0.00532
60	0.00465	0.00350	0.00427	0.00472	0.00530	0.00322	0.00327	0.00567	0.02546	0.01018	0.11677	0.51653	0.23713	0.03527	0.00494	0.00144	0.00207	0.00904	0.00345	0.00311
61	0.00943	0.00997	0.11125	0.05646	0.07784	0.00867	0.39375	0.10733	0.04505	0.07618	0.00953	0.03759	0.03101	0.00397	0.00401	0.00120	0.00503	0.00413	0.00239	0.00520
62	0.00975	0.84633	0.03291	0.00640	0.00954	0.01439	0.00643	0.01098	0.00744	0.00869	0.00513	0.00595	0.00471	0.00320	0.00252	0.00080	0.01655	0.00199	0.00157	0.00471
63	0.00460	0.00342	0.00480	0.00541	0.00576	0.00318	0.02956	0.00533	0.00711	0.00946	0.02020	0.82367	0.04129	0.01119	0.00467	0.00148	0.00225	0.01019	0.00336	0.00305
64	0.01412	0.01003	0.01086	0.00833	0.01126	0.01100	0.00688	0.78278	0.01683	0.07675	0.00919	0.00906	0.00643	0.00442	0.00368	0.00110	0.00398	0.00333	0.00373	0.00625
65	0.03264	0.00839	0.00906	0.00754	0.00997	0.00932	0.00604	0.28980	0.43731	0.11127	0.01257	0.01176	0.00912	0.00469	0.00365	0.00117	0.00328	0.00375	0.02276	0.00591
66	0.00874	0.01000	0.02133	0.01529	0.01892	0.02281	0.80874	0.01177	0.00865	0.01168	0.00736	0.00983	0.00555	0.00316	0.00444	0.00124	0.01943	0.00429	0.00185	0.00493
67	0.00534	0.00357	0.00406	0.00406	0.00408	0.00359	0.00229	0.00538	0.00536	0.00716	0.01152	0.02376	0.01323	0.84647	0.04298	0.00363	0.00374	0.00530	0.00222	0.00226
68	0.00533	0.00359	0.00414	0.00414	0.00419	0.00363	0.00240	0.00543	0.00538	0.00722	0.01145	0.02334	0.01305	0.81017	0.07904	0.00373	0.00401	0.00524	0.00221	0.00230
69	0.00450	0.00322	0.00424	0.00505	0.00528	0.00300	0.00336	0.00512	0.00702	0.00932	0.02041	0.82392	0.04402	0.03618	0.00508	0.00154	0.00217	0.01023	0.00338	0.00296
70	0.04074	0.02671	0.01027	0.15923	0.01320	0.07413	0.00714	0.37524	0.20635	0.03547	0.00953	0.00989	0.00701	0.00431	0.00359	0.00114	0.00406	0.00336	0.00312	0.00551

[dist]
# distance from previous block
# <min> <max>
1	3

[block]
# block no. 1 follows, 75 sequences, length 28
# corresponding to MSA columns:
# 334-361
name=unknown_B
#
# <colnr> <probs for GDERKNQSTAVLIFYWHMCP>
#	G	D	E	R	K	N	Q	S	T	A	V	L	I	F	Y	W	H	M	C	P
0	0.03375	0.03022	0.12803	0.02766	0.12428	0.07041	0.06374	0.23223	0.07521	0.10203	0.01034	0.03183	0.04491	0.00438	0.00366	0.00113	0.00426	0.00364	0.00283	0.00545
1	0.00994	0.77058	0.05086	0.00664	0.00974	0.04011	0.00662	0.01122	0.00758	0.02681	0.00537	0.00619	0.00481	0.00330	0.00273	0.00084	0.02818	0.00208	0.00165	0.00474
2	0.00493	0.01889	0.00525	0.00475	0.00590	0.00368	0.04085	0.00619	0.00887	0.01148	0.29630	0.12719	0.43520	0.00859	0.00434	0.00123	0.00208	0.00745	0.00351	0.00332
3	0.85662	0.00718	0.00583	0.00563	0.04522	0.00826	0.00431	0.01082	0.00635	0.01628	0.00520	0.00611	0.00406	0.00340	0.00233	0.00113	0.00291	0.00205	0.00225	0.00406
4	0.00862	0.00867	0.03875	0.03535	0.45107	0.01996	0.17705	0.05399	0.02053	0.01247	0.06448	0.06173	0.02203	0.00421	0.00389	0.00116	0.00442	0.00419	0.00221	0.00523
5	0.00882	0.00770	0.01026	0.05894	0.09049	0.02494	0.08324	0.08897	0.04959	0.03136	0.00743	0.00860	0.00588	0.00320	0.00319	0.00081	0.00355	0.00279	0.00234	0.50791
6	0.00709	0.00661	0.01064	0.73256	0.04786	0.00808	0.00959	0.01016	0.07891	0.00999	0.00837	0.01103	0.03598	0.00398	0.00370	0.00122	0.00460	0.00350	0.00188	0.00425
7	0.04490	0.48337	0.01431	0.00633	0.00932	0.01053	0.00583	0.01384	0.00868	0.35681	0.00898	0.00863	0.00650	0.00373	0.00291	0.00094	0.00356	0.00268	0.00283	0.00532
8	0.01752	0.08004	0.17675	0.04307	0.03885	0.01935	0.14920	0.03117	0.03651	0.08203	0.14203	0.07298	0.03591	0.03027	0.00448	0.00125	0.02687	0.00449	0.00260	0.00464
9	0.01004	0.00537	0.00680	0.00570	0.00751	0.00505	0.00452	0.08426	0.04419	0.30760	0.41461	0.02035	0.05601	0.00617	0.00403	0.00115	0.00248	0.00526	0.00415	0.00476
10	0.01249	0.00919	0.00985	0.00784	0.01045	0.01020	0.00638	0.58150	0.19505	0.04137	0.01051	0.01030	0.00761	0.00453	0.00361	0.00112	0.00361	0.00351	0.06492	0.00596
11	0.01001	0.00671	0.01093	0.15646	0.02532	0.00665	0.17526	0.07478	0.00949	0.24710	0.06181	0.12094	0.03720	0.00547	0.00405	0.00124	0.00391	0.03472	0.00314	0.00483
12	0.04803	0.04257	0.14190	0.04102	0.05879	0.03329	0.00688	0.08103	0.03509	0.15972	0.09159	0.01186	0.04360	0.00426	0.00342	0.00101	0.00356	0.00344	0.00283	0.18612
13	0.00883	0.00837	0.01404	0.16725	0.66300	0.00876	0.01089	0.03401	0.00837	0.01179	0.00685	0.00918	0.00565	0.00345	0.00383	0.00113	0.02401	0.00327	0.00183	0.00549
14	0.00451	0.00322	0.00429	0.00509	0.00533	0.00301	0.00341	0.00520	0.00719	0.00962	0.05796	0.83011	0.02476	0.01132	0.00467	0.00148	0.00211	0.01027	0.00344	0.00301
15	0.01358	0.00765	0.01973	0.03738	0.09470	0.04531	0.00641	0.16358	0.01122	0.45789	0.04850	0.03110	0.03639	0.00475	0.00373	0.00113	0.00354	0.00390	0.00377	0.00574
16	0.00737	0.01900	0.85189	0.01047	0.01590	0.00853	0.01357	0.01163	0.00775	0.01163	0.00659	0.00775	0.00465	0.00349	0.00349	0.00116	0.00543	0.00271	0.00155	0.00543
17	0.00447	0.00320	0.00426	0.00511	0.00533	0.00298	0.00341	0.00511	0.00703	0.00938	0.02024	0.86853	0.02429	0.01151	0.00469	0.00149	0.00213	0.01044	0.00341	0.00298
18	0.01372	0.01750	0.01041	0.00946	0.01135	0.85618	0.00710	0.01467	0.01041	0.00899	0.00568	0.00662	0.00473	0.00378	0.00331	0.00095	0.00662	0.00237	0.00189	0.00426
19	0.03287	0.00959	0.03230	0.00911	0.01192	0.06827	0.14348	0.36104	0.01259	0.20024	0.00989	0.04963	0.00736	0.00452	0.00402	0.00116	0.02935	0.00378	0.00328	0.00561
20	0.00525	0.00394	0.00590	0.00590	0.00656	0.00459	0.00459	0.00656	0.00590	0.00853	0.00984	0.01443	0.00918	0.02755	0.85637	0.00590	0.00984	0.00394	0.00197	0.00328
21	0.00520	0.00375	0.00491	0.00462	0.00549	0.00347	0.00347	0.00693	0.01040	0.01473	0.84608	0.02743	0.03465	0.00751	0.00433	0.00116	0.00173	0.00664	0.00404	0.00347
22	0.00766	0.00659	0.00781	0.00590	0.03123	0.00500	0.00454	0.00930	0.00764	0.01197	0.00654	0.00766	0.00545	0.00273	0.00274	0.00056	0.00276	0.00221	0.00217	0.86955
23	0.00472	0.00374	0.00424	0.00412	0.00519	0.00326	0.00309	0.00600	0.00926	0.01204	0.39332	0.03186	0.48909	0.00851	0.00434	0.00120	0.00180	0.00726	0.00369	0.00326
24	0.01141	0.10278	0.01278	0.04167	0.16118	0.12981	0.04528	0.32455	0.03601	0.01519	0.00767	0.02714	0.00616	0.00419	0.00405	0.00110	0.05784	0.00324	0.00258	0.00537
25	0.00576	0.00418	0.00514	0.00481	0.00588	0.00396	0.00363	0.00810	0.08209	0.03995	0.62273	0.04045	0.14426	0.00751	0.00427	0.00118	0.00190	0.00655	0.00393	0.00370
26	0.00526	0.00373	0.00462	0.00475	0.00557	0.00341	0.00344	0.00657	0.02543	0.04406	0.29293	0.32921	0.22561	0.00925	0.00444	0.00131	0.00201	0.02139	0.00367	0.00336
27	0.05428	0.29417	0.17849	0.00816	0.01968	0.06342	0.01965	0.12257	0.07697	0.02602	0.00696	0.00775	0.00553	0.00386	0.00377	0.00104	0.07300	0.00268	0.00216	0.02984

[dist]
# distance from previous block
# <min> <max>
3	10

[block]
# block no. 2 follows, 75 sequences, length 11
# corresponding to MSA columns:
# 372-382
name=unknown_C
#
# <colnr> <probs for GDERKNQSTAVLIFYWHMCP>
#	G	D	E	R	K	N	Q	S	T	A	V	L	I	F	Y	W	H	M	C	P
0	0.01060	0.05124	0.26072	0.03352	0.09524	0.07202	0.03752	0.17673	0.05307	0.11191	0.00847	0.02178	0.00630	0.00402	0.00375	0.00112	0.02474	0.00320	0.00254	0.02147
1	0.00894	0.03395	0.05081	0.02212	0.02991	0.03778	0.20862	0.06842	0.29855	0.03635	0.07210	0.04262	0.04455	0.00487	0.00409	0.00121	0.02263	0.00443	0.00295	0.00510
2	0.00452	0.00332	0.00425	0.00488	0.00529	0.00304	0.00333	0.00530	0.00752	0.00995	0.09911	0.67813	0.13618	0.01084	0.00461	0.00143	0.00206	0.00973	0.00347	0.00304
3	0.04551	0.03561	0.00989	0.04102	0.10812	0.00814	0.02893	0.26888	0.06028	0.10984	0.02425	0.17125	0.01038	0.00555	0.00396	0.00118	0.02370	0.00468	0.00317	0.03567
4	0.02217	0.05578	0.13044	0.08944	0.17262	0.12469	0.16480	0.06483	0.07028	0.03324	0.00771	0.02164	0.00606	0.00377	0.00377	0.00113	0.01702	0.00337	0.00212	0.00512
5	0.00531	0.00367	0.00454	0.00454	0.00473	0.00385	0.00289	0.00568	0.00550	0.00752	0.01108	0.02132	0.01218	0.63290	0.25511	0.00422	0.00533	0.00494	0.00215	0.00252
6	0.00890	0.03808	0.05711	0.01628	0.19881	0.00937	0.56631	0.03694	0.00879	0.01206	0.00725	0.00947	0.00558	0.00319	0.00406	0.00118	0.00562	0.00392	0.00188	0.00519
7	0.00620	0.00393	0.00489	0.00456	0.00556	0.00372	0.00345	0.00816	0.03391	0.05595	0.61438	0.02356	0.02767	0.00664	0.00393	0.00110	0.00183	0.00578	0.18111	0.00366
8	0.00486	0.00374	0.00444	0.00426	0.00528	0.00332	0.00320	0.00627	0.00959	0.01283	0.52581	0.03057	0.35611	0.00822	0.00434	0.00119	0.00178	0.00708	0.00379	0.00332
9	0.00515	0.00375	0.00484	0.00457	0.00546	0.00345	0.00343	0.00684	0.01029	0.01446	0.80170	0.02787	0.07920	0.00761	0.00433	0.00116	0.00174	0.00670	0.00401	0.00345
10	0.01144	0.00563	0.00708	0.00598	0.00798	0.00529	0.00472	0.05930	0.08924	0.42094	0.09383	0.13449	0.09008	0.00624	0.00391	0.00119	0.00272	0.00528	0.03957	0.00510

[dist]
# distance from previous block
# <min> <max>
2	4

[block]
# block no. 3 follows, 75 sequences, length 38
# corresponding to MSA columns:
# 387-424
name=unknown_D
#
# <colnr> <probs for GDERKNQSTAVLIFYWHMCP>
#	G	D	E	R	K	N	Q	S	T	A	V	L	I	F	Y	W	H	M	C	P
0	0.00693	0.00496	0.00634	0.00580	0.00714	0.00485	0.04057	0.03210	0.14099	0.08780	0.25936	0.19907	0.16514	0.00774	0.00425	0.00126	0.00243	0.01552	0.00368	0.00406
1	0.01207	0.00923	0.00981	0.00773	0.01044	0.03290	0.00626	0.54630	0.10588	0.03590	0.00982	0.05624	0.00768	0.00461	0.00359	0.00106	0.00368	0.00361	0.00343	0.12975
2	0.00449	0.00324	0.00422	0.00500	0.00527	0.00300	0.00334	0.00513	0.00708	0.00936	0.02117	0.79499	0.07814	0.03042	0.00498	0.00152	0.00214	0.01015	0.00338	0.00297
3	0.00799	0.02845	0.69933	0.01068	0.03380	0.00845	0.06736	0.02281	0.00813	0.05069	0.02444	0.00854	0.00559	0.00360	0.00356	0.00116	0.00523	0.00296	0.00180	0.00540
4	0.00850	0.17045	0.30335	0.09326	0.09868	0.06797	0.08211	0.01178	0.06963	0.01091	0.00757	0.04617	0.00624	0.00387	0.00345	0.00110	0.00481	0.00325	0.00188	0.00500
5	0.00910	0.00899	0.01754	0.05024	0.33709	0.00868	0.42260	0.01168	0.00859	0.05761	0.00824	0.01029	0.02438	0.00340	0.00401	0.00118	0.00518	0.00393	0.00201	0.00528
6	0.00485	0.00364	0.00452	0.00453	0.00535	0.00330	0.00331	0.00617	0.00919	0.01245	0.47980	0.19798	0.22177	0.00901	0.01624	0.00131	0.00196	0.00763	0.00374	0.00328
7	0.00805	0.00980	0.15095	0.12987	0.34355	0.02464	0.11208	0.01090	0.04094	0.01142	0.00976	0.02326	0.05530	0.00424	0.00383	0.00119	0.00460	0.04854	0.00203	0.00506
8	0.00451	0.00352	0.00410	0.00445	0.00523	0.00311	0.00319	0.00540	0.00797	0.01009	0.09110	0.37955	0.42142	0.01010	0.00450	0.00135	0.00201	0.03185	0.00346	0.00309
9	0.01348	0.06991	0.01095	0.00927	0.01124	0.80463	0.00705	0.01444	0.01023	0.00897	0.00564	0.00658	0.00473	0.00375	0.00325	0.00094	0.00646	0.00234	0.00187	0.00429
10	0.02659	0.12296	0.33378	0.03202	0.03119	0.23577	0.09249	0.02994	0.04184	0.01100	0.00660	0.00774	0.00509	0.00356	0.00338	0.00107	0.00542	0.00277	0.00183	0.00496
11	0.00505	0.00358	0.00429	0.00440	0.00479	0.00350	0.00289	0.00548	0.00639	0.00839	0.04538	0.14666	0.17786	0.40517	0.11867	0.04216	0.00373	0.00632	0.00263	0.00265
12	0.00914	0.00625	0.00670	0.00602	0.00777	0.00686	0.00468	0.02817	0.46412	0.09577	0.01380	0.01351	0.01032	0.00469	0.00333	0.00110	0.00254	0.00385	0.30634	0.00505
13	0.00791	0.00787	0.01122	0.10437	0.01138	0.01091	0.00828	0.00890	0.00582	0.00890	0.00501	0.00823	0.00483	0.00612	0.01112	0.00156	0.76871	0.00322	0.00161	0.00402
14	0.02329	0.03583	0.07773	0.01074	0.17943	0.04160	0.04341	0.11975	0.02946	0.33234	0.02080	0.01032	0.00739	0.00400	0.00358	0.00108	0.00393	0.00336	0.00317	0.04881
15	0.01155	0.01226	0.01107	0.06097	0.09212	0.39171	0.02701	0.07755	0.00947	0.06297	0.00679	0.01949	0.00561	0.00487	0.02085	0.00124	0.17471	0.00301	0.00214	0.00461
16	0.32512	0.23914	0.02285	0.00700	0.00941	0.32253	0.00587	0.01229	0.00812	0.01158	0.00534	0.00621	0.00446	0.00348	0.00270	0.00097	0.00456	0.00213	0.00194	0.00430
17	0.00503	0.00387	0.00414	0.00405	0.00529	0.00332	0.00304	0.00619	0.02011	0.04745	0.11779	0.07236	0.67654	0.00895	0.00432	0.00124	0.00193	0.00754	0.00353	0.00331
18	0.28742	0.00731	0.00989	0.09083	0.34993	0.00779	0.00762	0.02596	0.00783	0.05029	0.00801	0.01057	0.01683	0.00391	0.00323	0.00114	0.00362	0.04418	0.05885	0.00480
19	0.00533	0.00360	0.00419	0.00419	0.00426	0.00366	0.00246	0.00546	0.00540	0.00726	0.01140	0.02309	0.01294	0.78783	0.10123	0.00379	0.00418	0.00520	0.00220	0.00233
20	0.00441	0.00373	0.00381	0.00382	0.00503	0.00314	0.00288	0.00539	0.00847	0.01016	0.07391	0.03509	0.79458	0.00923	0.00435	0.00124	0.00188	0.02231	0.00344	0.00312
21	0.01379	0.00963	0.01022	0.00807	0.01072	0.09093	0.01872	0.48509	0.03033	0.21044	0.00992	0.00986	0.00698	0.00566	0.05041	0.00137	0.01508	0.00337	0.00356	0.00584
22	0.01259	0.00716	0.00846	0.00700	0.00942	0.00739	0.00561	0.08595	0.36387	0.38584	0.05537	0.01344	0.01102	0.00487	0.00374	0.00118	0.00304	0.00400	0.00411	0.00593
23	0.00934	0.36377	0.37237	0.00886	0.03102	0.06994	0.02015	0.04797	0.00832	0.02848	0.00621	0.00713	0.00488	0.00342	0.00304	0.00099	0.00478	0.00247	0.00175	0.00511
24	0.00793	0.00644	0.00684	0.00622	0.00792	0.01763	0.00480	0.04126	0.46835	0.03084	0.14411	0.03662	0.14504	0.00609	0.00387	0.00120	0.00257	0.00512	0.05228	0.00485
25	0.00758	0.00746	0.01082	0.67747	0.07289	0.08070	0.00953	0.00972	0.00753	0.00938	0.00673	0.01023	0.00540	0.05115	0.00459	0.00133	0.01840	0.00330	0.00170	0.00410
26	0.89687	0.00710	0.00540	0.00483	0.00710	0.00824	0.00398	0.01080	0.00625	0.01648	0.00511	0.00597	0.00398	0.00341	0.00227	0.00114	0.00284	0.00199	0.00227	0.00398
27	0.00447	0.00320	0.00426	0.00511	0.00533	0.00298	0.00341	0.00511	0.00703	0.00938	0.02024	0.86853	0.02429	0.01151	0.00469	0.00149	0.00213	0.01044	0.00341	0.00298
28	0.00533	0.00357	0.00407	0.00405	0.00411	0.00355	0.00231	0.00546	0.00571	0.00767	0.07175	0.02428	0.01489	0.80866	0.01766	0.00339	0.00343	0.00543	0.00236	0.00231
29	0.77723	0.00699	0.00582	0.00506	0.00741	0.00785	0.00417	0.01176	0.00683	0.12982	0.00639	0.00685	0.00467	0.00356	0.00247	0.00114	0.00288	0.00222	0.00258	0.00429
30	0.03056	0.01163	0.01374	0.01078	0.01338	0.27375	0.29203	0.15139	0.05617	0.01319	0.05980	0.00999	0.00758	0.00450	0.02270	0.00122	0.01672	0.00360	0.00242	0.00484
31	0.00627	0.00413	0.00526	0.00503	0.00601	0.00392	0.00377	0.00765	0.02012	0.10185	0.37861	0.21327	0.17533	0.00832	0.00468	0.00126	0.03995	0.00719	0.00373	0.00365
32	0.00534	0.00356	0.00401	0.00401	0.00401	0.00356	0.00223	0.00534	0.00534	0.00712	0.01157	0.02403	0.01335	0.87092	0.01869	0.00356	0.00356	0.00534	0.00223	0.00223
33	0.00687	0.00640	0.00600	0.00558	0.00671	0.15530	0.00420	0.00885	0.05065	0.01355	0.62415	0.02338	0.06053	0.00680	0.00412	0.00113	0.00266	0.00581	0.00362	0.00371
34	0.00982	0.87313	0.01925	0.00628	0.00943	0.01453	0.00628	0.01100	0.00746	0.00864	0.00511	0.00589	0.00471	0.00314	0.00236	0.00079	0.00393	0.00196	0.00157	0.00471
35	0.00514	0.00346	0.00406	0.00429	0.00437	0.00340	0.00255	0.00534	0.00584	0.00786	0.01393	0.25238	0.01624	0.62192	0.01460	0.00295	0.00314	0.00668	0.01940	0.00245
36	0.87255	0.00700	0.00534	0.00479	0.00703	0.00811	0.00394	0.01074	0.00629	0.01640	0.00530	0.00618	0.00413	0.00343	0.00228	0.00113	0.00281	0.00203	0.02656	0.00396
37	0.00879	0.29599	0.33582	0.00957	0.08848	0.03506	0.01853	0.03444	0.03242	0.01107	0.00642	0.00745	0.00511	0.00335	0.00307	0.00097	0.00450	0.00253	0.00178	0.09465

[dist]
# distance from previous block
# <min> <max>
0	1

[block]
# block no. 4 follows, 75 sequences, length 50
# corresponding to MSA columns:
# 426-475
name=unknown_E
#
# <colnr> <probs for GDERKNQSTAVLIFYWHMCP>
#	G	D	E	R	K	N	Q	S	T	A	V	L	I	F	Y	W	H	M	C	P
0	0.00534	0.00356	0.00401	0.00401	0.00401	0.00356	0.00223	0.00534	0.00534	0.00712	0.01157	0.02403	0.01335	0.87092	0.01869	0.00356	0.00356	0.00534	0.00223	0.00223
1	0.01035	0.00785	0.01017	0.03281	0.01119	0.01827	0.11473	0.03581	0.48811	0.16392	0.02725	0.01299	0.01005	0.00462	0.00379	0.00120	0.00348	0.01086	0.00351	0.02904
2	0.00497	0.00373	0.00460	0.00442	0.00535	0.00336	0.00330	0.00647	0.00979	0.01338	0.62208	0.05801	0.23088	0.00808	0.00435	0.00119	0.00178	0.00704	0.00387	0.00336
3	0.00520	0.00424	0.00462	0.00461	0.00571	0.00402	0.00340	0.00748	0.12683	0.01096	0.10976	0.15217	0.47125	0.05384	0.00507	0.00140	0.00215	0.02037	0.00346	0.00346
4	0.00982	0.87313	0.01925	0.00628	0.00943	0.01453	0.00628	0.01100	0.00746	0.00864	0.00511	0.00589	0.00471	0.00314	0.00236	0.00079	0.00393	0.00196	0.00157	0.00471
5	0.00903	0.00754	0.01117	0.00850	0.01128	0.00716	0.20800	0.07759	0.17188	0.07843	0.10749	0.01249	0.02073	0.00417	0.00367	0.00102	0.00362	0.00389	0.00294	0.24942
6	0.01049	0.09192	0.00997	0.01825	0.01025	0.25222	0.00628	0.01720	0.51497	0.01283	0.01127	0.01089	0.00867	0.00445	0.00348	0.00112	0.00409	0.00342	0.00298	0.00524
7	0.89687	0.00710	0.00540	0.00483	0.00710	0.00824	0.00398	0.01080	0.00625	0.01648	0.00511	0.00597	0.00398	0.00341	0.00227	0.00114	0.00284	0.00199	0.00227	0.00398
8	0.00753	0.01896	0.83055	0.01044	0.01578	0.03003	0.01341	0.01171	0.00782	0.01156	0.00657	0.00773	0.00465	0.00350	0.00348	0.00116	0.00546	0.00271	0.00156	0.00540
9	0.00744	0.03124	0.81590	0.01055	0.01590	0.00864	0.03701	0.01163	0.00778	0.01159	0.00659	0.00779	0.00468	0.00347	0.00350	0.00116	0.00543	0.00275	0.00156	0.00540
10	0.00851	0.00614	0.00739	0.00556	0.00844	0.00476	0.00440	0.01000	0.00795	0.12736	0.00908	0.09956	0.00794	0.00390	0.00306	0.00073	0.00271	0.00326	0.00263	0.67662
11	0.00670	0.00600	0.00946	0.09593	0.21037	0.00641	0.04937	0.00836	0.00827	0.01159	0.24709	0.16254	0.03796	0.00648	0.00516	0.00127	0.11457	0.00562	0.00272	0.00415
12	0.02532	0.00855	0.01047	0.00836	0.01080	0.00934	0.09274	0.35491	0.25391	0.04502	0.10845	0.01258	0.01096	0.00484	0.00403	0.00118	0.02543	0.00404	0.00350	0.00557
13	0.89687	0.00710	0.00540	0.00483	0.00710	0.00824	0.00398	0.01080	0.00625	0.01648	0.00511	0.00597	0.00398	0.00341	0.00227	0.00114	0.00284	0.00199	0.00227	0.00398
14	0.00514	0.00428	0.00459	0.00461	0.00588	0.00397	0.00360	0.00730	0.10589	0.01079	0.04493	0.03355	0.61821	0.00889	0.00437	0.00130	0.00220	0.12356	0.00345	0.00346
15	0.00500	0.00373	0.00464	0.00445	0.00537	0.00337	0.00332	0.00652	0.00986	0.01355	0.64973	0.05940	0.20146	0.00802	0.00435	0.00118	0.00177	0.00701	0.00389	0.00337
16	0.01434	0.00968	0.01064	0.00816	0.01109	0.01048	0.00674	0.71219	0.01625	0.14817	0.00967	0.00937	0.00668	0.00443	0.00368	0.00111	0.00390	0.00337	0.00381	0.00625
17	0.03988	0.71157	0.04752	0.00652	0.00960	0.01347	0.00641	0.01201	0.10502	0.00980	0.00631	0.00688	0.00545	0.00338	0.00256	0.00086	0.00383	0.00225	0.00185	0.00484
18	0.00436	0.00372	0.00373	0.00373	0.00494	0.00311	0.00278	0.00527	0.00831	0.00987	0.03670	0.03512	0.82993	0.02646	0.00463	0.00129	0.00189	0.00770	0.00339	0.00308
19	0.00810	0.18972	0.65484	0.00956	0.01444	0.00983	0.01187	0.04122	0.00804	0.01145	0.00637	0.00742	0.00472	0.00345	0.00327	0.00109	0.00508	0.00259	0.00163	0.00531
20	0.01072	0.02669	0.10156	0.00986	0.11956	0.15107	0.04190	0.11254	0.03423	0.10805	0.00788	0.00860	0.00596	0.00356	0.00334	0.00094	0.00426	0.00286	0.00249	0.24392
21	0.01021	0.69149	0.05939	0.00716	0.01026	0.12985	0.02750	0.01155	0.00791	0.00892	0.00532	0.00619	0.00473	0.00325	0.00259	0.00084	0.00443	0.00212	0.00162	0.00469
22	0.89687	0.00710	0.00540	0.00483	0.00710	0.00824	0.00398	0.01080	0.00625	0.01648	0.00511	0.00597	0.00398	0.00341	0.00227	0.00114	0.00284	0.00199	0.00227	0.00398
23	0.00890	0.00954	0.10680	0.00763	0.00996	0.07996	0.00654	0.03507	0.55178	0.01431	0.08604	0.01430	0.04292	0.00507	0.00374	0.00120	0.00340	0.00416	0.00334	0.00534
24	0.00512	0.00375	0.00479	0.00453	0.00544	0.00343	0.00340	0.00677	0.01020	0.01426	0.76807	0.02820	0.11295	0.00768	0.00433	0.00116	0.00175	0.00675	0.00398	0.00343
25	0.00956	0.00755	0.00829	0.00733	0.00936	0.00859	0.00575	0.09411	0.61756	0.06466	0.01375	0.01326	0.01039	0.00754	0.10350	0.00177	0.00384	0.00402	0.00357	0.00558
26	0.00817	0.00498	0.00654	0.00651	0.00786	0.00493	0.00544	0.01086	0.11277	0.16906	0.11585	0.05517	0.01934	0.00818	0.00455	0.00146	0.00304	0.44733	0.00372	0.00422
27	0.00500	0.00378	0.00494	0.00534	0.00592	0.00353	0.00373	0.00578	0.00707	0.00969	0.01807	0.72213	0.02133	0.01027	0.00473	0.00139	0.03331	0.02358	0.00320	0.10722
28	0.00981	0.82516	0.03428	0.00642	0.00954	0.03469	0.00640	0.01105	0.00758	0.00878	0.01616	0.00623	0.00510	0.00322	0.00243	0.00080	0.00399	0.00205	0.00161	0.00470
29	0.03673	0.54783	0.12107	0.00705	0.01039	0.01226	0.00712	0.10832	0.00893	0.10020	0.00672	0.00717	0.00533	0.00349	0.00279	0.00092	0.00401	0.00240	0.00215	0.00512
30	0.01316	0.01289	0.00988	0.00853	0.01076	0.42688	0.00662	0.16935	0.18043	0.11141	0.00918	0.00916	0.00684	0.00423	0.00351	0.00106	0.00498	0.00306	0.00291	0.00518
31	0.00682	0.00626	0.01042	0.76201	0.02323	0.00770	0.00970	0.00918	0.00747	0.00957	0.00804	0.01349	0.00680	0.00443	0.00384	0.00128	0.00472	0.09922	0.00184	0.00400
32	0.00804	0.00804	0.01125	0.00964	0.00964	0.01125	0.00804	0.00884	0.00562	0.00884	0.00482	0.00804	0.00482	0.00643	0.01205	0.00161	0.86420	0.00321	0.00161	0.00402
33	0.61231	0.02835	0.00721	0.02132	0.00868	0.24848	0.00502	0.01187	0.00747	0.01407	0.00530	0.00622	0.00422	0.00351	0.00259	0.00108	0.00397	0.00212	0.00214	0.00407
34	0.00453	0.00324	0.00432	0.00518	0.00541	0.00303	0.00350	0.00521	0.00709	0.00944	0.02021	0.83703	0.02417	0.01145	0.00470	0.00150	0.00218	0.04139	0.00341	0.00300
35	0.00787	0.03736	0.62379	0.01110	0.01582	0.00903	0.14928	0.03567	0.00806	0.01177	0.00666	0.00811	0.00486	0.00360	0.00407	0.00119	0.05180	0.00301	0.00167	0.00528
36	0.01051	0.72350	0.01772	0.00682	0.00976	0.14331	0.00642	0.02939	0.00813	0.00901	0.00527	0.00607	0.00475	0.00327	0.00253	0.00082	0.00434	0.00205	0.00167	0.00468
37	0.82286	0.03316	0.05146	0.00518	0.00765	0.00844	0.00456	0.01085	0.00637	0.01599	0.00519	0.00606	0.00404	0.00341	0.00234	0.00113	0.00301	0.00203	0.00221	0.00408
38	0.01014	0.45868	0.02803	0.02528	0.01739	0.18886	0.00650	0.05570	0.00875	0.01014	0.00754	0.01092	0.00699	0.00424	0.00302	0.00096	0.00437	0.09836	0.04965	0.00448
39	0.00527	0.00383	0.00538	0.00538	0.00586	0.00431	0.00395	0.00623	0.00575	0.00814	0.01031	0.01705	0.01032	0.25781	0.62766	0.00526	0.00812	0.00432	0.00204	0.00299
40	0.00507	0.00375	0.00474	0.00449	0.00541	0.00341	0.00337	0.00669	0.01010	0.01403	0.72891	0.02858	0.15225	0.00777	0.00433	0.00117	0.00175	0.00680	0.00395	0.00341
41	0.00869	0.00978	0.11231	0.11987	0.61343	0.01911	0.02404	0.01130	0.02479	0.01167	0.00698	0.00909	0.00566	0.00338	0.00363	0.00112	0.00458	0.00323	0.00180	0.00553
42	0.00524	0.00352	0.00404	0.00414	0.00416	0.00349	0.00236	0.00531	0.00554	0.00739	0.01259	0.12286	0.01463	0.77035	0.01705	0.00332	0.00339	0.00594	0.00236	0.00231
43	0.01151	0.01809	0.01006	0.10801	0.02116	0.00987	0.00689	0.40523	0.28020	0.06263	0.01090	0.02135	0.00804	0.00458	0.00369	0.00117	0.00371	0.00367	0.00346	0.00579
44	0.00765	0.11895	0.75446	0.00998	0.01514	0.00923	0.01272	0.01156	0.00772	0.01128	0.00642	0.00754	0.00466	0.00345	0.00336	0.00112	0.00525	0.00263	0.00155	0.00534
45	0.00638	0.00404	0.00513	0.00469	0.00585	0.00363	0.00358	0.00794	0.01007	0.11174	0.61394	0.02701	0.16699	0.00746	0.00426	0.00117	0.00192	0.00648	0.00400	0.00373
46	0.00763	0.05228	0.54494	0.01125	0.02497	0.00862	0.21502	0.01125	0.00805	0.01155	0.03106	0.02201	0.02709	0.00375	0.00371	0.00117	0.00530	0.00344	0.00177	0.00514
47	0.79281	0.00704	0.00566	0.00490	0.00729	0.00785	0.00402	0.01062	0.00641	0.01595	0.00528	0.00616	0.00415	0.00333	0.00233	0.00107	0.00283	0.00201	0.00226	0.10806
48	0.00673	0.00452	0.02886	0.00567	0.00677	0.00393	0.00453	0.01986	0.00828	0.12962	0.02170	0.36202	0.16649	0.00947	0.00453	0.00143	0.00265	0.20577	0.00352	0.00368
49	0.00810	0.18342	0.42932	0.00822	0.01249	0.03228	0.00939	0.01093	0.00773	0.01106	0.00626	0.00732	0.00489	0.00321	0.00305	0.00091	0.00441	0.00241	0.00174	0.25288

[dist]
# distance from previous block
# <min> <max>
3	9

[block]
# block no. 5 follows, 75 sequences, length 14
# corresponding to MSA columns:
# 489-502
name=unknown_F
#
# <colnr> <probs for GDERKNQSTAVLIFYWHMCP>
#	G	D	E	R	K	N	Q	S	T	A	V	L	I	F	Y	W	H	M	C	P
0	0.00734	0.00572	0.00755	0.00605	0.00831	0.00479	0.06445	0.03614	0.00835	0.06661	0.07131	0.19295	0.09175	0.00573	0.00361	0.00096	0.00277	0.00505	0.00286	0.40772
1	0.00580	0.00473	0.00688	0.11780	0.00893	0.00569	0.00533	0.00692	0.00608	0.00855	0.01003	0.10352	0.01022	0.15047	0.40419	0.00385	0.13100	0.00464	0.00206	0.00330
2	0.00871	0.00832	0.01406	0.12355	0.66619	0.00839	0.03016	0.01090	0.00819	0.01167	0.00685	0.00909	0.00567	0.00328	0.00359	0.00107	0.00435	0.00322	0.00182	0.07093
3	0.00487	0.00372	0.00446	0.00432	0.00529	0.00332	0.00322	0.00628	0.00956	0.01283	0.52968	0.05999	0.32254	0.00829	0.00435	0.00120	0.00179	0.00717	0.00380	0.00332
4	0.00872	0.01367	0.40512	0.01416	0.27990	0.00894	0.05250	0.08918	0.06874	0.01310	0.00754	0.00881	0.00569	0.00359	0.00361	0.00114	0.00482	0.00313	0.00201	0.00563
5	0.00619	0.00472	0.00547	0.00504	0.00607	0.04618	0.00381	0.03521	0.01063	0.03509	0.75611	0.02542	0.03160	0.00715	0.00424	0.00114	0.00209	0.00625	0.00394	0.00367
6	0.00533	0.00413	0.00545	0.00644	0.06699	0.00390	0.00414	0.02550	0.03359	0.01025	0.01947	0.64836	0.08619	0.00990	0.00443	0.00138	0.00237	0.00891	0.00325	0.05003
7	0.89687	0.00710	0.00540	0.00483	0.00710	0.00824	0.00398	0.01080	0.00625	0.01648	0.00511	0.00597	0.00398	0.00341	0.00227	0.00114	0.00284	0.00199	0.00227	0.00398
8	0.00819	0.00651	0.00767	0.00551	0.00875	0.00493	0.00442	0.00981	0.00780	0.06638	0.00704	0.00793	0.00568	0.00284	0.00278	0.00058	0.00275	0.00227	0.00233	0.83582
9	0.00522	0.00375	0.00512	0.00519	0.00558	0.00412	0.00368	0.00603	0.00579	0.00810	0.01120	0.07984	0.01173	0.31929	0.50354	0.00477	0.00710	0.00490	0.00216	0.00289
10	0.01551	0.00705	0.00893	0.00693	0.00973	0.00668	0.00570	0.15610	0.07282	0.64938	0.01357	0.01197	0.00877	0.00455	0.00369	0.00114	0.00326	0.00366	0.00434	0.00622
11	0.00533	0.00359	0.00417	0.00417	0.00423	0.00365	0.00243	0.00545	0.00539	0.00725	0.01142	0.02319	0.01299	0.79666	0.09246	0.00377	0.00411	0.00522	0.00220	0.00232
12	0.01005	0.01008	0.01353	0.19176	0.33347	0.15102	0.09705	0.12570	0.00976	0.01247	0.00694	0.00887	0.00548	0.00358	0.00367	0.00111	0.00500	0.00324	0.00205	0.00516
13	0.00446	0.00368	0.00391	0.00395	0.00506	0.00314	0.00293	0.00546	0.00850	0.01047	0.13550	0.10716	0.67455	0.00927	0.00437	0.00125	0.00187	0.00785	0.00349	0.00314

[dist]
# distance from previous block
# <min> <max>
3	29

[block]
# block no. 6 follows, 75 sequences, length 61
# corresponding to MSA columns:
# 532-592
name=unknown_G
#
# <colnr> <probs for GDERKNQSTAVLIFYWHMCP>
#	G	D	E	R	K	N	Q	S	T	A	V	L	I	F	Y	W	H	M	C	P
0	0.02261	0.01615	0.02184	0.00638	0.04131	0.04439	0.00452	0.03605	0.00702	0.01969	0.01299	0.28506	0.02274	0.09462	0.21817	0.10458	0.00481	0.03127	0.00254	0.00326
1	0.74939	0.00724	0.01524	0.00516	0.00743	0.00811	0.00426	0.06549	0.00713	0.05103	0.00607	0.00731	0.00480	0.04495	0.00322	0.00125	0.00300	0.00231	0.00245	0.00415
2	0.02140	0.00966	0.09592	0.01081	0.15038	0.03889	0.06127	0.09476	0.40286	0.02270	0.04464	0.01180	0.00940	0.00440	0.00372	0.00118	0.00381	0.00379	0.00300	0.00559
3	0.00525	0.00394	0.00590	0.00590	0.00656	0.00459	0.00459	0.00656	0.00590	0.00853	0.00984	0.01443	0.00918	0.02755	0.85637	0.00590	0.00984	0.00394	0.00197	0.00328
4	0.00752	0.00750	0.07557	0.02458	0.30930	0.00656	0.04511	0.06338	0.00946	0.02327	0.23076	0.01818	0.15245	0.00548	0.00396	0.00115	0.00340	0.00490	0.00279	0.00469
5	0.00887	0.00850	0.01451	0.10739	0.76487	0.00867	0.01116	0.01108	0.00826	0.01173	0.00687	0.00916	0.00572	0.00331	0.00364	0.00110	0.00442	0.00327	0.00180	0.00564
6	0.85779	0.00756	0.00562	0.00503	0.00729	0.04576	0.00412	0.01097	0.00643	0.01615	0.00514	0.00600	0.00401	0.00343	0.00232	0.00113	0.00301	0.00201	0.00226	0.00399
7	0.89687	0.00710	0.00540	0.00483	0.00710	0.00824	0.00398	0.01080	0.00625	0.01648	0.00511	0.00597	0.00398	0.00341	0.00227	0.00114	0.00284	0.00199	0.00227	0.00398
8	0.00521	0.00453	0.00536	0.00522	0.00621	0.04418	0.04626	0.00630	0.00841	0.01065	0.17283	0.30323	0.34977	0.00912	0.00440	0.00129	0.00238	0.00800	0.00337	0.00328
9	0.00535	0.00367	0.00466	0.00466	0.00488	0.00388	0.00304	0.00572	0.00550	0.00755	0.01079	0.02035	0.01170	0.55870	0.29326	0.04124	0.00560	0.00479	0.00211	0.00254
10	0.00902	0.00809	0.00977	0.00864	0.03004	0.00929	0.07447	0.01793	0.69436	0.01453	0.01343	0.01288	0.01017	0.00489	0.00437	0.00127	0.06378	0.00408	0.00339	0.00562
11	0.00827	0.01272	0.27895	0.01393	0.01817	0.00905	0.58022	0.01172	0.00839	0.01172	0.00717	0.00924	0.00529	0.00322	0.00407	0.00122	0.00596	0.00383	0.00176	0.00510
12	0.00520	0.00375	0.00491	0.00462	0.00549	0.00347	0.00347	0.00693	0.01040	0.01473	0.84608	0.02743	0.03465	0.00751	0.00433	0.00116	0.00173	0.00664	0.00404	0.00347
13	0.00908	0.00875	0.01505	0.02240	0.83107	0.00874	0.02810	0.01128	0.00837	0.01199	0.00692	0.00911	0.00581	0.00327	0.00365	0.00109	0.00440	0.00329	0.00182	0.00580
14	0.00584	0.00506	0.04158	0.00642	0.00770	0.00446	0.06030	0.00791	0.02743	0.01282	0.39500	0.03071	0.05880	0.00805	0.00456	0.00137	0.00283	0.31200	0.00351	0.00365
15	0.00762	0.00653	0.00762	0.00544	0.00870	0.00490	0.00435	0.00925	0.00762	0.01197	0.00653	0.00762	0.00544	0.00272	0.00272	0.00054	0.00272	0.00218	0.00218	0.89338
16	0.00800	0.00777	0.04742	0.05998	0.23018	0.00728	0.20677	0.02283	0.07099	0.04313	0.12221	0.08953	0.03029	0.02269	0.00434	0.00125	0.00409	0.01388	0.00258	0.00479
17	0.00873	0.05600	0.10164	0.01499	0.39263	0.02899	0.07295	0.02210	0.16960	0.01239	0.02494	0.01161	0.05896	0.00408	0.00367	0.00113	0.00416	0.00371	0.00231	0.00541
18	0.00488	0.00419	0.03553	0.00499	0.00589	0.00351	0.00387	0.00615	0.01810	0.01081	0.17785	0.33622	0.26478	0.02063	0.00468	0.00139	0.00225	0.08756	0.00345	0.00326
19	0.01277	0.02786	0.03683	0.02025	0.10476	0.04115	0.00756	0.56157	0.06626	0.05790	0.00890	0.00915	0.00647	0.00427	0.00375	0.00111	0.01688	0.00329	0.00328	0.00598
20	0.00533	0.00360	0.00422	0.00422	0.00429	0.00368	0.00249	0.00548	0.00540	0.00728	0.01138	0.02296	0.01289	0.77660	0.11238	0.00382	0.00426	0.00518	0.00220	0.00234
21	0.02928	0.04995	0.18826	0.03141	0.42589	0.00893	0.13793	0.02795	0.00844	0.04681	0.00715	0.00887	0.00558	0.00337	0.00363	0.00112	0.00476	0.00325	0.00191	0.00551
