[name]
unknown

[dist]
# distance from previous block
# <min> <max>
0	74

[block]
# block no. 0 follows, 56 sequences, length 32
# corresponding to MSA columns:
# 74-105
name=unknown_A
#
# <colnr> <probs for GDERKNQSTAVLIFYWHMCP>
#	G	D	E	R	K	N	Q	S	T	A	V	L	I	F	Y	W	H	M	C	P
0	0.01047	0.04305	0.22430	0.02976	0.21262	0.02215	0.07736	0.04378	0.08628	0.03802	0.03522	0.07230	0.03132	0.00589	0.00491	0.00149	0.01959	0.03218	0.00292	0.00641
1	0.01936	0.00756	0.01037	0.00810	0.01141	0.00666	0.00666	0.02112	0.01263	0.74245	0.01760	0.01584	0.01137	0.00822	0.07654	0.00195	0.00465	0.00464	0.00540	0.00749
2	0.00843	0.05446	0.06659	0.00723	0.00891	0.04225	0.00589	0.02492	0.03196	0.07617	0.14400	0.38352	0.10688	0.01050	0.00524	0.00160	0.00340	0.00917	0.00413	0.00475
3	0.02835	0.10677	0.32964	0.01598	0.23468	0.01134	0.03198	0.03592	0.01044	0.08852	0.02280	0.01094	0.00746	0.00462	0.00476	0.00140	0.04132	0.00376	0.00253	0.00678
4	0.00743	0.00586	0.04300	0.02960	0.00826	0.00551	0.00530	0.00845	0.00825	0.05362	0.04069	0.24503	0.04907	0.25393	0.14581	0.02507	0.05010	0.00775	0.00329	0.00396
5	0.01136	0.01091	0.01863	0.02818	0.81002	0.01091	0.01409	0.01409	0.01045	0.01500	0.00864	0.01136	0.00727	0.00409	0.00455	0.00136	0.00545	0.00409	0.00227	0.00727
6	0.05138	0.34015	0.01653	0.00950	0.01245	0.36228	0.00794	0.05053	0.01151	0.02755	0.02188	0.05264	0.00800	0.00504	0.00376	0.00117	0.00612	0.00345	0.00254	0.00559
7	0.00993	0.01617	0.36370	0.04635	0.18869	0.01066	0.14599	0.02609	0.03028	0.01458	0.00975	0.06125	0.00808	0.00507	0.00517	0.00150	0.04333	0.00458	0.00233	0.00649
8	0.83821	0.00884	0.00690	0.00612	0.00899	0.01016	0.00504	0.01384	0.00802	0.05123	0.00685	0.00777	0.00522	0.00432	0.00291	0.00142	0.00357	0.00257	0.00295	0.00508
9	0.01715	0.02188	0.01301	0.01183	0.01419	0.82022	0.00887	0.01833	0.01301	0.01124	0.00710	0.00828	0.00591	0.00473	0.00414	0.00118	0.00828	0.00296	0.00237	0.00532
10	0.01213	0.09421	0.09205	0.01455	0.20899	0.03017	0.09686	0.02601	0.06731	0.15168	0.09672	0.03896	0.03882	0.00563	0.00463	0.00140	0.00492	0.00503	0.00342	0.00650
11	0.01000	0.00737	0.08897	0.00726	0.00895	0.00604	0.00602	0.01134	0.00895	0.18325	0.01617	0.10777	0.04486	0.25341	0.12001	0.03016	0.04124	0.00617	0.03733	0.00472
12	0.00583	0.00433	0.00524	0.00567	0.00636	0.00395	0.00388	0.00684	0.00961	0.01259	0.15294	0.40275	0.22992	0.11882	0.00793	0.00205	0.00273	0.01062	0.00420	0.00374
13	0.01147	0.01033	0.01762	0.02534	0.68592	0.01023	0.04041	0.01405	0.01050	0.05818	0.01028	0.06610	0.00901	0.00485	0.00467	0.00141	0.00527	0.00476	0.00259	0.00703
14	0.01210	0.04506	0.30201	0.03481	0.10340	0.03378	0.11540	0.11228	0.02630	0.10398	0.02958	0.04124	0.00892	0.00507	0.00461	0.00144	0.00588	0.00443	0.00299	0.00672
15	0.06227	0.01291	0.01830	0.01838	0.25287	0.14797	0.22031	0.02948	0.01040	0.01414	0.00797	0.01063	0.00660	0.00492	0.00660	0.00151	0.16214	0.00415	0.00233	0.00611
16	0.01219	0.22502	0.06111	0.10204	0.17442	0.18967	0.03813	0.01425	0.01014	0.01222	0.00763	0.02212	0.00662	0.00486	0.00531	0.00134	0.10132	0.00356	0.00217	0.00588
17	0.00656	0.00471	0.00644	0.00649	0.00699	0.00519	0.00462	0.00758	0.00719	0.01008	0.01363	0.05768	0.01416	0.32087	0.50049	0.00609	0.00908	0.00590	0.00265	0.00361
18	0.02651	0.17637	0.08272	0.00953	0.01305	0.06964	0.06520	0.10854	0.05261	0.13695	0.04796	0.06482	0.02174	0.00567	0.00429	0.00130	0.00484	0.01485	0.00347	0.08995
19	0.02630	0.10881	0.19832	0.06311	0.22444	0.02984	0.08019	0.02862	0.01021	0.05195	0.01090	0.11532	0.00980	0.00597	0.01525	0.00151	0.00562	0.00498	0.00263	0.00624
20	0.02060	0.00781	0.01065	0.00817	0.01172	0.00675	0.00675	0.02237	0.01314	0.81320	0.01811	0.01563	0.01136	0.00568	0.00462	0.00142	0.00391	0.00462	0.00568	0.00781
21	0.00729	0.00544	0.00599	0.00563	0.00716	0.02651	0.00427	0.00914	0.02703	0.06734	0.35702	0.03674	0.40346	0.01002	0.00532	0.00149	0.00255	0.00852	0.00464	0.00443
22	0.00996	0.13880	0.61616	0.01349	0.07206	0.02545	0.03407	0.01446	0.00978	0.01399	0.00801	0.00952	0.00595	0.00428	0.00419	0.00138	0.00648	0.00335	0.00198	0.00665
23	0.01124	0.00838	0.03318	0.02374	0.06163	0.02300	0.00722	0.14109	0.01104	0.11942	0.01398	0.14837	0.01333	0.13788	0.07407	0.00249	0.12172	0.00603	0.03680	0.00539
24	0.00656	0.00492	0.00738	0.00738	0.00820	0.00574	0.00574	0.00820	0.00738	0.01066	0.01230	0.01804	0.01148	0.03443	0.82046	0.00738	0.01230	0.00492	0.00246	0.00410
25	0.01285	0.03036	0.01150	0.00959	0.01247	0.01224	0.00762	0.20483	0.59987	0.02129	0.01660	0.01546	0.01237	0.00601	0.00461	0.00150	0.00400	0.00488	0.00459	0.00736
26	0.01101	0.03277	0.13373	0.04698	0.45251	0.01108	0.11903	0.04810	0.04641	0.01541	0.01024	0.01238	0.03034	0.00449	0.00463	0.00141	0.00577	0.00434	0.00248	0.00688
27	0.02060	0.00781	0.01065	0.00817	0.01172	0.00675	0.00675	0.02237	0.01314	0.81320	0.01811	0.01563	0.01136	0.00568	0.00462	0.00142	0.00391	0.00462	0.00568	0.00781
28	0.00543	0.00463	0.00467	0.00470	0.00621	0.00387	0.00351	0.00658	0.01042	0.01238	0.04597	0.06428	0.78840	0.01170	0.00544	0.00156	0.00233	0.00977	0.00426	0.00387
29	0.03697	0.07311	0.54813	0.04216	0.07733	0.01100	0.04974	0.03004	0.01016	0.06694	0.00884	0.01022	0.00637	0.00441	0.00431	0.00142	0.00626	0.00357	0.00231	0.00671
30	0.00713	0.00570	0.04133	0.04582	0.00894	0.00507	0.00551	0.00876	0.03095	0.05809	0.07116	0.53114	0.09876	0.01186	0.00578	0.00173	0.02668	0.01049	0.02074	0.00435
31	0.01193	0.63873	0.02069	0.00878	0.04095	0.08892	0.00776	0.01338	0.00976	0.01129	0.03104	0.08138	0.00917	0.00508	0.00344	0.00111	0.00496	0.00366	0.00230	0.00566

[dist]
# distance from previous block
# <min> <max>
0	34

[block]
# block no. 1 follows, 56 sequences, length 97
# corresponding to MSA columns:
# 140-202,205-216,221-226,234-249
name=unknown_B
#
# <colnr> <probs for GDERKNQSTAVLIFYWHMCP>
#	G	D	E	R	K	N	Q	S	T	A	V	L	I	F	Y	W	H	M	C	P
0	0.01252	0.01236	0.11506	0.02513	0.05275	0.04558	0.06298	0.12284	0.30879	0.07440	0.01336	0.01346	0.00991	0.00529	0.00468	0.00141	0.01882	0.00439	0.02069	0.07558
1	0.01326	0.04220	0.01736	0.01411	0.05318	0.31626	0.26309	0.06853	0.05066	0.01437	0.03584	0.06953	0.00977	0.00535	0.00475	0.00139	0.00683	0.00486	0.00282	0.00583
2	0.01739	0.01061	0.03899	0.00923	0.01299	0.01013	0.00780	0.35557	0.02996	0.33874	0.01355	0.01274	0.00915	0.00530	0.00446	0.00132	0.00444	0.00415	0.00472	0.10877
3	0.00566	0.00466	0.00498	0.00490	0.00634	0.00398	0.00367	0.00704	0.01102	0.01371	0.21279	0.04202	0.64105	0.01114	0.00542	0.00153	0.00229	0.00939	0.00444	0.00398
4	0.00650	0.00458	0.00600	0.00613	0.00649	0.00488	0.00415	0.00725	0.00721	0.00994	0.01489	0.12143	0.01623	0.41666	0.34196	0.00532	0.00739	0.00673	0.00283	0.00342
5	0.00663	0.00472	0.00654	0.00655	0.00707	0.00523	0.00471	0.00761	0.00713	0.01002	0.01307	0.03552	0.01335	0.29117	0.52426	0.03532	0.00934	0.00559	0.00258	0.00360
6	0.01809	0.01184	0.01314	0.01008	0.01373	0.01272	0.00832	0.63808	0.01987	0.18798	0.01246	0.01196	0.00853	0.00555	0.00460	0.00139	0.00482	0.00423	0.00481	0.00781
7	0.01715	0.02188	0.01301	0.01183	0.01419	0.82022	0.00887	0.01833	0.01301	0.01124	0.00710	0.00828	0.00591	0.00473	0.00414	0.00118	0.00828	0.00296	0.00237	0.00532
8	0.00867	0.00816	0.01377	0.82762	0.03162	0.01020	0.01275	0.01173	0.00918	0.01173	0.00816	0.01224	0.00612	0.00459	0.00459	0.00153	0.00612	0.00408	0.00204	0.00510
9	0.02060	0.00781	0.01065	0.00817	0.01172	0.00675	0.00675	0.02237	0.01314	0.81320	0.01811	0.01563	0.01136	0.00568	0.00462	0.00142	0.00391	0.00462	0.00568	0.00781
10	0.00877	0.00871	0.01696	0.01307	0.01556	0.00839	0.41686	0.01101	0.00934	0.01263	0.01373	0.17479	0.01404	0.20251	0.01006	0.00232	0.03295	0.02063	0.00282	0.00485
11	0.03173	0.00743	0.00965	0.00772	0.01067	0.00679	0.00626	0.05019	0.05187	0.55046	0.18322	0.01931	0.01795	0.00645	0.00473	0.00143	0.00354	0.00536	0.01829	0.00695
12	0.01087	0.01330	0.10050	0.10768	0.01754	0.14248	0.16174	0.01319	0.00928	0.01221	0.00772	0.01095	0.00653	0.00763	0.06145	0.00202	0.30321	0.00412	0.00215	0.00543
13	0.00555	0.00434	0.00500	0.00550	0.00640	0.00383	0.00385	0.00653	0.00961	0.01207	0.04618	0.41912	0.40768	0.03474	0.00611	0.00177	0.00254	0.01119	0.00423	0.00378
14	0.01145	0.01099	0.01883	0.02759	0.77083	0.01099	0.03959	0.02722	0.01065	0.01522	0.00870	0.01139	0.00727	0.00411	0.00457	0.00137	0.00552	0.00413	0.00231	0.00725
15	0.00680	0.00650	0.05941	0.00766	0.00879	0.02970	0.03863	0.02798	0.00963	0.01274	0.04391	0.61916	0.05218	0.01247	0.00565	0.00178	0.00342	0.04536	0.00400	0.00423
16	0.01057	0.38691	0.46364	0.01076	0.01628	0.01399	0.01292	0.01419	0.00953	0.01288	0.00741	0.00866	0.00585	0.00417	0.00373	0.00124	0.00595	0.00298	0.00195	0.00639
17	0.01550	0.01842	0.03699	0.06854	0.01559	0.58866	0.05445	0.01714	0.01231	0.06310	0.00917	0.03784	0.00778	0.00529	0.00441	0.00130	0.00746	0.02791	0.00266	0.00547
18	0.00661	0.00470	0.00628	0.00628	0.00673	0.00514	0.00437	0.00750	0.00705	0.00985	0.01330	0.02358	0.01388	0.40552	0.45266	0.00603	0.00868	0.00573	0.00261	0.00349
19	0.48838	0.00938	0.01301	0.01031	0.01340	0.00991	0.25234	0.01303	0.00890	0.01761	0.00957	0.09153	0.00857	0.00571	0.01553	0.00160	0.00491	0.01825	0.00284	0.00521
20	0.01237	0.00845	0.00953	0.00837	0.01052	0.02301	0.00645	0.27498	0.10370	0.11707	0.04204	0.30287	0.01810	0.02070	0.00531	0.00161	0.00383	0.00759	0.01746	0.00604
21	0.03435	0.00824	0.01062	0.00824	0.01166	0.00759	0.00678	0.09851	0.03695	0.66463	0.01709	0.01513	0.01099	0.00564	0.00453	0.00141	0.00393	0.00453	0.04158	0.00760
22	0.00584	0.00461	0.00526	0.00552	0.00665	0.00410	0.00403	0.01868	0.01035	0.01308	0.11716	0.27601	0.45255	0.01250	0.01810	0.00174	0.00266	0.03288	0.00432	0.00395
23	0.01285	0.08068	0.18491	0.01102	0.01452	0.14422	0.08716	0.02925	0.04517	0.15864	0.02362	0.09308	0.02163	0.00611	0.00534	0.00146	0.06611	0.00491	0.00320	0.00613
24	0.01227	0.84142	0.02406	0.00786	0.01178	0.01817	0.00786	0.01375	0.00933	0.01080	0.00638	0.00736	0.00589	0.00393	0.00295	0.00098	0.00491	0.00245	0.00196	0.00589
25	0.01236	0.00623	0.00696	0.00598	0.00794	0.00620	0.00473	0.12285	0.01205	0.18767	0.01509	0.01595	0.01113	0.00544	0.00370	0.00119	0.00292	0.00433	0.56177	0.00552
26	0.01337	0.28689	0.03986	0.01035	0.05170	0.14550	0.00844	0.08172	0.25953	0.04223	0.01129	0.01141	0.00885	0.00499	0.00399	0.00127	0.00512	0.00371	0.00323	0.00654
27	0.01082	0.02207	0.15872	0.14670	0.26814	0.03585	0.01180	0.09274	0.03603	0.03797	0.02357	0.08524	0.03891	0.00575	0.00466	0.00146	0.00534	0.00501	0.00287	0.00635
28	0.01990	0.00893	0.01134	0.00870	0.01227	0.00840	0.00718	0.19269	0.01500	0.64025	0.01655	0.01461	0.01058	0.00564	0.00461	0.00141	0.00416	0.00451	0.00544	0.00781
29	0.00552	0.00440	0.00496	0.00536	0.00640	0.00383	0.00381	0.00657	0.00988	0.01231	0.05981	0.35326	0.48245	0.01264	0.00560	0.00167	0.00245	0.01096	0.00429	0.00383
30	0.01138	0.07561	0.40606	0.03872	0.22851	0.02360	0.01403	0.03958	0.02276	0.08367	0.00929	0.01069	0.00688	0.00445	0.00435	0.00139	0.00595	0.00368	0.00249	0.00691
31	0.00642	0.00485	0.00645	0.00716	0.02988	0.00482	0.00491	0.00755	0.00960	0.02526	0.14401	0.53470	0.11360	0.01246	0.00634	0.00176	0.06101	0.01095	0.00419	0.00409
32	0.01266	0.77715	0.02319	0.00817	0.01197	0.08106	0.00794	0.01411	0.00962	0.01084	0.00644	0.00744	0.00589	0.00399	0.00304	0.00100	0.00517	0.00249	0.00200	0.00585
33	0.03611	0.01017	0.01096	0.00896	0.05052	0.06729	0.00678	0.16562	0.01232	0.05601	0.00961	0.01051	0.01782	0.00419	0.00381	0.00095	0.00419	0.00326	0.00320	0.51773
34	0.05458	0.01430	0.01426	0.01527	0.21526	0.27159	0.03354	0.15417	0.06040	0.03684	0.00980	0.04062	0.00810	0.00529	0.00494	0.00138	0.04616	0.00410	0.00303	0.00637
35	0.01130	0.01236	0.00938	0.00891	0.01025	0.36718	0.00658	0.01241	0.00987	0.01069	0.01104	0.03107	0.01086	0.17842	0.25966	0.00378	0.00853	0.03076	0.00257	0.00438
36	0.00654	0.00482	0.00575	0.00591	0.00702	0.00444	0.00433	0.00839	0.04644	0.03567	0.20866	0.26814	0.29094	0.03597	0.00607	0.00173	0.00265	0.04789	0.00445	0.00418
37	0.01136	0.01091	0.01863	0.02818	0.81002	0.01091	0.01409	0.01409	0.01045	0.01500	0.00864	0.01136	0.00727	0.00409	0.00455	0.00136	0.00545	0.00409	0.00227	0.00727
38	0.05134	0.00838	0.01084	0.00834	0.01188	0.00766	0.00689	0.10256	0.01383	0.70249	0.01694	0.01485	0.01076	0.00561	0.00455	0.00142	0.00401	0.00449	0.00546	0.00771
39	0.00640	0.00476	0.00691	0.00705	0.00780	0.00533	0.00534	0.00788	0.00783	0.01106	0.04213	0.13232	0.03658	0.05302	0.63609	0.00618	0.01014	0.00633	0.00285	0.00401
40	0.00811	0.00718	0.01027	0.00938	0.00981	0.00940	0.00756	0.00942	0.00720	0.01078	0.00958	0.01485	0.00921	0.04717	0.43851	0.00490	0.37534	0.00457	0.00227	0.00447
41	0.00867	0.00816	0.01377	0.82762	0.03162	0.01020	0.01275	0.01173	0.00918	0.01173	0.00816	0.01224	0.00612	0.00459	0.00459	0.00153	0.00612	0.00408	0.00204	0.00510
42	0.00915	0.00865	0.01463	0.68648	0.16905	0.01032	0.01299	0.01215	0.00940	0.01231	0.00824	0.01209	0.00632	0.00450	0.00458	0.00150	0.00600	0.00408	0.00208	0.00548
43	0.50943	0.00867	0.00856	0.00706	0.01021	0.00915	0.00582	0.05479	0.01049	0.31939	0.01103	0.01071	0.00752	0.00486	0.00359	0.00142	0.00376	0.00337	0.00400	0.00618
44	0.00621	0.00449	0.00591	0.00624	0.00703	0.00419	0.00459	0.00783	0.01108	0.01522	0.40789	0.33732	0.06263	0.01168	0.00568	0.00167	0.00257	0.08905	0.00464	0.00408
45	0.01924	0.00999	0.01200	0.00920	0.01281	0.00998	0.00760	0.35546	0.01678	0.47497	0.01505	0.01364	0.00983	0.00561	0.00461	0.00140	0.00440	0.00441	0.00521	0.00781
46	0.01020	0.01051	0.03242	0.01169	0.08414	0.15662	0.07707	0.03662	0.03449	0.01289	0.01180	0.11076	0.01118	0.01463	0.23805	0.00318	0.09493	0.00532	0.03838	0.00514
47	0.00919	0.00626	0.00755	0.00713	0.00867	0.00631	0.00561	0.10171	0.06263	0.06990	0.18945	0.05427	0.10836	0.10473	0.03714	0.00216	0.00383	0.17701	0.03321	0.00488
48	0.37501	0.00834	0.00912	0.03427	0.01119	0.00851	0.00628	0.03984	0.01095	0.40993	0.01287	0.01304	0.00887	0.00525	0.00392	0.00144	0.00387	0.02656	0.00430	0.00643
49	0.00552	0.00430	0.00501	0.00559	0.00645	0.00380	0.00390	0.00648	0.00956	0.01204	0.03511	0.46956	0.39014	0.01311	0.00566	0.00172	0.00251	0.01150	0.00426	0.00380
50	0.00612	0.00468	0.00652	0.06463	0.00895	0.00461	0.02051	0.00755	0.03374	0.01206	0.02420	0.70061	0.05128	0.01312	0.00572	0.00182	0.00305	0.02276	0.00408	0.00400
51	0.01105	0.11406	0.34861	0.06672	0.12819	0.11332	0.11587	0.01466	0.01025	0.01355	0.00804	0.00999	0.00621	0.00432	0.00448	0.00138	0.01719	0.00364	0.00210	0.00636
52	0.00741	0.00572	0.00750	0.00711	0.00754	0.00658	0.00514	0.00832	0.02093	0.01040	0.01284	0.07860	0.01369	0.34445	0.22575	0.03330	0.15095	0.00592	0.01505	0.03279
53	0.05443	0.01122	0.04386	0.10789	0.51388	0.03489	0.04104	0.06924	0.01111	0.02745	0.02015	0.01214	0.02328	0.00452	0.00451	0.00139	0.00549	0.00418	0.00256	0.00675
54	0.01114	0.09039	0.17965	0.02995	0.30117	0.04578	0.06933	0.06986	0.03983	0.01520	0.01004	0.06993	0.00868	0.00505	0.00447	0.00138	0.00561	0.00449	0.00259	0.03548
55	0.02041	0.00811	0.01084	0.00831	0.01187	0.00718	0.00686	0.06747	0.01363	0.76741	0.01770	0.01536	0.01116	0.00567	0.00462	0.00142	0.00397	0.00459	0.00562	0.00781
56	0.00874	0.00818	0.01421	0.20555	0.19568	0.00851	0.14192	0.01149	0.03573	0.01339	0.03872	0.24325	0.01488	0.00818	0.02919	0.00176	0.00526	0.00701	0.00295	0.00541
57	0.03918	0.03713	0.06158	0.07324	0.28197	0.16399	0.05637	0.01526	0.03406	0.09622	0.03556	0.03868	0.03628	0.00521	0.00452	0.00138	0.00567	0.00450	0.00290	0.00629
58	0.01322	0.68252	0.02192	0.00863	0.01225	0.17368	0.00805	0.01464	0.01004	0.01089	0.00652	0.00754	0.00590	0.00408	0.00318	0.00102	0.00556	0.00255	0.00204	0.00578
59	0.00629	0.00427	0.00514	0.00556	0.00588	0.00410	0.00355	0.00695	0.00831	0.01136	0.06556	0.36502	0.06199	0.34995	0.01278	0.00283	0.00331	0.00940	0.06434	0.00342
60	0.01232	0.04843	0.05956	0.05536	0.42906	0.11318	0.06351	0.02523	0.04293	0.06314	0.01029	0.02533	0.02171	0.00469	0.00452	0.00137	0.00577	0.00425	0.00265	0.00670
61	0.03311	0.00709	0.03596	0.03348	0.10155	0.00661	0.03502	0.01089	0.10392	0.01462	0.15706	0.10665	0.24331	0.05657	0.01999	0.00181	0.00366	0.01991	0.00384	0.00493
62	0.00714	0.00483	0.00601	0.00574	0.00702	0.00433	0.00429	0.00889	0.01194	0.07229	0.48478	0.12347	0.22163	0.01021	0.00541	0.00151	0.00238	0.00889	0.00482	0.00440
63	0.00582	0.00424	0.00574	0.03628	0.00760	0.00404	0.00458	0.00688	0.00935	0.01258	0.12558	0.70226	0.03115	0.01338	0.00576	0.00180	0.00273	0.01211	0.00428	0.00386
64	0.01193	0.03658	0.01785	0.08821	0.42484	0.02231	0.12911	0.03952	0.06495	0.07857	0.01061	0.03640	0.00855	0.00472	0.00468	0.00142	0.00553	0.00460	0.00282	0.00681
65	0.01156	0.00748	0.01091	0.09687	0.16980	0.00752	0.00819	0.04715	0.02217	0.20648	0.05380	0.14340	0.05397	0.03563	0.04175	0.00191	0.01832	0.05337	0.00387	0.00585
66	0.01094	0.00858	0.01369	0.01856	0.43736	0.00856	0.01023	0.01308	0.01061	0.11552	0.08976	0.14732	0.01554	0.00693	0.00542	0.00152	0.04452	0.03225	0.00334	0.00628
67	0.00961	0.00829	0.00996	0.00784	0.04970	0.00635	0.00586	0.01168	0.00957	0.01496	0.00818	0.00961	0.00682	0.00343	0.00346	0.00071	0.00350	0.00279	0.00270	0.82497
68	0.12016	0.04481	0.01278	0.01134	0.04602	0.50347	0.00846	0.12226	0.06241	0.01539	0.00830	0.00920	0.00661	0.00482	0.00405	0.00126	0.00675	0.00323	0.00285	0.00583
69	0.01167	0.68009	0.18008	0.00889	0.01338	0.01669	0.00965	0.01390	0.00940	0.01154	0.00675	0.00782	0.00588	0.00401	0.00323	0.00108	0.00528	0.00264	0.00196	0.00607
70	0.01322	0.01036	0.03997	0.07917	0.19970	0.06301	0.03015	0.08667	0.01199	0.19026	0.03573	0.04011	0.03518	0.00527	0.00448	0.00130	0.00482	0.00452	0.00349	0.14060
71	0.01297	0.03602	0.01105	0.01023	0.06751	0.10392	0.00741	0.08435	0.23554	0.15623	0.01693	0.17360	0.02839	0.00740	0.00504	0.00151	0.02524	0.00615	0.00416	0.00634
72	0.02802	0.00833	0.01009	0.00820	0.01125	0.00819	0.00662	0.09219	0.18974	0.44904	0.04585	0.01810	0.06881	0.00630	0.00465	0.00145	0.00373	0.00514	0.02712	0.00717
73	0.00901	0.01831	0.01186	0.12284	0.27943	0.01960	0.00908	0.04154	0.05367	0.01441	0.07468	0.24473	0.06582	0.00805	0.00502	0.00155	0.00425	0.00726	0.00334	0.00555
74	0.01067	0.01271	0.16927	0.20799	0.18580	0.08682	0.04837	0.01364	0.01046	0.06674	0.04064	0.05457	0.03499	0.00564	0.00471	0.00147	0.00575	0.03108	0.00272	0.00597
75	0.05421	0.00960	0.00997	0.05960	0.03884	0.15050	0.00708	0.01596	0.05307	0.28839	0.01642	0.23216	0.01475	0.00772	0.00496	0.00152	0.01879	0.00644	0.00413	0.00589
76	0.00799	0.00721	0.04775	0.03600	0.01042	0.03386	0.05176	0.03630	0.03830	0.03764	0.01854	0.44225	0.02024	0.02902	0.12396	0.00260	0.03900	0.00898	0.00359	0.00461
77	0.01280	0.14286	0.14326	0.01645	0.25817	0.10212	0.07791	0.06191	0.01134	0.08872	0.00967	0.03733	0.00781	0.00473	0.00435	0.00134	0.00583	0.00405	0.00271	0.00664
78	0.00971	0.03447	0.28289	0.01140	0.02888	0.00882	0.13861	0.01386	0.06899	0.07486	0.13056	0.03364	0.08725	0.00652	0.00493	0.00151	0.00514	0.04865	0.00332	0.00597
79	0.00783	0.00434	0.00457	0.00468	0.00574	0.00422	0.00349	0.00974	0.00979	0.01604	0.04679	0.09288	0.10747	0.00722	0.00386	0.00124	0.00227	0.02868	0.63497	0.00418
80	0.01087	0.10384	0.30999	0.01208	0.06290	0.03781	0.06155	0.10620	0.11127	0.01641	0.05900	0.03454	0.04266	0.00550	0.00449	0.00141	0.00546	0.00455	0.00299	0.00647
81	0.02665	0.01193	0.01660	0.14273	0.42465	0.12392	0.06494	0.06261	0.01128	0.02861	0.00923	0.03917	0.00774	0.00471	0.00457	0.00140	0.00592	0.00431	0.00253	0.00648
82	0.00664	0.00551	0.03561	0.00643	0.00730	0.00512	0.00491	0.00787	0.00881	0.01191	0.12618	0.09602	0.12376	0.27526	0.15537	0.00357	0.02955	0.08294	0.00343	0.00380
83	0.00566	0.00445	0.00512	0.00548	0.00653	0.00392	0.00396	0.00684	0.01018	0.01287	0.12186	0.31230	0.43712	0.01235	0.00560	0.00166	0.00248	0.03339	0.00435	0.00389
84	0.01009	0.00998	0.01616	0.47853	0.28025	0.04987	0.06391	0.01300	0.00988	0.01295	0.00833	0.01178	0.00654	0.00439	0.00461	0.00146	0.00612	0.00412	0.00215	0.00588
85	0.01035	0.01330	0.21746	0.27316	0.19768	0.01054	0.12337	0.01421	0.03026	0.05233	0.00919	0.01172	0.00687	0.00442	0.00464	0.00147	0.00620	0.00415	0.00235	0.00634
86	0.00886	0.01547	0.40573	0.04004	0.04177	0.00885	0.12812	0.01255	0.00996	0.03811	0.01611	0.12361	0.11761	0.00662	0.00488	0.00153	0.00563	0.00589	0.00274	0.00589
87	0.01414	0.00890	0.01280	0.33392	0.11520	0.04831	0.01002	0.01652	0.01124	0.33535	0.03914	0.01405	0.00962	0.00514	0.00460	0.00145	0.00512	0.00439	0.00365	0.00644
88	0.00668	0.00445	0.00501	0.00501	0.00501	0.00445	0.00278	0.00668	0.00668	0.00890	0.01447	0.03004	0.01669	0.83866	0.02337	0.00445	0.00445	0.00668	0.00278	0.00278
89	0.01039	0.01841	0.50525	0.09227	0.17932	0.02292	0.01509	0.01465	0.01007	0.06358	0.00914	0.01124	0.00679	0.00454	0.00446	0.00145	0.00626	0.01515	0.00229	0.00673
90	0.01138	0.01094	0.01654	0.16452	0.49612	0.08165	0.04105	0.01396	0.01051	0.04086	0.00980	0.03787	0.00843	0.00489	0.00465	0.00143	0.00572	0.03070	0.00248	0.00649
91	0.02060	0.00781	0.01065	0.00817	0.01172	0.00675	0.00675	0.02237	0.01314	0.81320	0.01811	0.01563	0.01136	0.00568	0.00462	0.00142	0.00391	0.00462	0.00568	0.00781
92	0.00543	0.00465	0.00465	0.00465	0.00620	0.00388	0.00349	0.00659	0.01046	0.01240	0.04651	0.04418	0.80815	0.01163	0.00543	0.00155	0.00233	0.00969	0.00426	0.00388
93	0.19654	0.06908	0.06525	0.06642	0.01454	0.01041	0.07921	0.13830	0.01235	0.28702	0.01157	0.01169	0.00795	0.00491	0.00417	0.00140	0.00477	0.00390	0.00385	0.00667
94	0.49939	0.03126	0.00746	0.00624	0.00867	0.00855	0.00505	0.03561	0.01009	0.07475	0.21401	0.01677	0.05434	0.00605	0.00380	0.00142	0.00325	0.00452	0.00370	0.00506
95	0.14302	0.38477	0.10051	0.00842	0.01207	0.05479	0.00812	0.09042	0.01098	0.04980	0.07801	0.01090	0.00953	0.00520	0.01509	0.00130	0.00491	0.00339	0.00281	0.00593
96	0.19437	0.32927	0.29086	0.00915	0.01369	0.01305	0.01016	0.01381	0.00933	0.02639	0.03495	0.00979	0.01936	0.00448	0.00356	0.00127	0.00512	0.00312	0.00234	0.00595

[dist]
# distance from previous block
# <min> <max>
2	8

[block]
# block no. 2 follows, 56 sequences, length 8
# corresponding to MSA columns:
# 265-272
name=unknown_C
#
# <colnr> <probs for GDERKNQSTAVLIFYWHMCP>
#	G	D	E	R	K	N	Q	S	T	A	V	L	I	F	Y	W	H	M	C	P
0	0.00811	0.00502	0.00555	0.00534	0.00642	0.00494	0.00383	0.05638	0.01003	0.03657	0.07255	0.08542	0.14136	0.18548	0.03728	0.00220	0.00329	0.00658	0.31950	0.00416
1	0.01241	0.06869	0.08886	0.02495	0.06543	0.10795	0.16370	0.03270	0.07495	0.13086	0.01188	0.04318	0.00985	0.09123	0.03261	0.00193	0.02491	0.00481	0.00311	0.00600
2	0.03979	0.06633	0.06292	0.01164	0.08671	0.04015	0.04512	0.22496	0.24780	0.01983	0.06977	0.04060	0.01242	0.00584	0.00456	0.00143	0.00467	0.00484	0.00385	0.00678
3	0.00686	0.00472	0.00575	0.00599	0.00699	0.00432	0.00430	0.00828	0.02875	0.06173	0.13477	0.35878	0.24405	0.06645	0.00675	0.00187	0.00278	0.03837	0.00437	0.00414
4	0.01370	0.35929	0.01878	0.02746	0.05037	0.16425	0.07016	0.12439	0.06028	0.03104	0.00858	0.00955	0.00695	0.00447	0.00385	0.00118	0.00568	0.00334	0.00271	0.03396
5	0.00613	0.00432	0.00574	0.00621	0.00668	0.00427	0.00429	0.00694	0.00856	0.01156	0.09041	0.40809	0.07653	0.11774	0.15872	0.06231	0.00468	0.00952	0.00366	0.00363
6	0.03559	0.12516	0.25500	0.09133	0.04651	0.11129	0.03835	0.19521	0.01284	0.03435	0.00871	0.00999	0.00652	0.00464	0.00423	0.00135	0.00609	0.00355	0.00275	0.00653
7	0.09474	0.12336	0.01384	0.01021	0.04888	0.04202	0.00814	0.34012	0.05376	0.10341	0.03765	0.01248	0.00934	0.00559	0.00495	0.00139	0.05907	0.02042	0.00384	0.00677

[dist]
# distance from previous block
# <min> <max>
0	11

[block]
# block no. 3 follows, 56 sequences, length 10
# corresponding to MSA columns:
# 285-294
name=unknown_D
#
# <colnr> <probs for GDERKNQSTAVLIFYWHMCP>
#	G	D	E	R	K	N	Q	S	T	A	V	L	I	F	Y	W	H	M	C	P
0	0.80991	0.00902	0.00759	0.00761	0.06588	0.01034	0.00562	0.01354	0.00800	0.02020	0.00655	0.00774	0.00514	0.00425	0.00296	0.00142	0.00369	0.00260	0.00280	0.00514
1	0.03204	0.00880	0.04681	0.02121	0.02953	0.00709	0.06247	0.01263	0.02954	0.07418	0.06083	0.04015	0.02508	0.00503	0.00433	0.00108	0.02269	0.02805	0.00316	0.48529
2	0.01115	0.03296	0.20949	0.05986	0.17509	0.01052	0.02902	0.15384	0.06313	0.03564	0.01293	0.08445	0.04712	0.00593	0.00488	0.00146	0.02461	0.00501	0.00310	0.02983
3	0.00566	0.00412	0.00529	0.00613	0.00657	0.00380	0.00413	0.00655	0.00913	0.01206	0.07049	0.68088	0.11191	0.04210	0.00639	0.00190	0.00266	0.01222	0.00425	0.00375
4	0.03179	0.26384	0.38510	0.01256	0.07174	0.04833	0.05456	0.05672	0.01044	0.01425	0.00783	0.00922	0.00609	0.00426	0.00398	0.00130	0.00608	0.00327	0.00217	0.00647
5	0.00670	0.05713	0.00657	0.00552	0.00681	0.00530	0.00410	0.03227	0.01031	0.01308	0.15049	0.09690	0.38950	0.16294	0.00860	0.00207	0.00302	0.03074	0.00398	0.00399
6	0.06472	0.01658	0.36255	0.01253	0.07151	0.06014	0.05610	0.06899	0.12621	0.03760	0.02661	0.01342	0.05254	0.00521	0.00447	0.00145	0.00565	0.00425	0.00293	0.00654
7	0.01069	0.04441	0.03102	0.01296	0.05924	0.00934	0.29477	0.04143	0.08305	0.08522	0.16412	0.01854	0.03542	0.03063	0.05650	0.00192	0.00567	0.00571	0.00347	0.00591
8	0.00942	0.09725	0.10077	0.01108	0.09541	0.02689	0.04528	0.02983	0.17288	0.01482	0.07861	0.24558	0.01765	0.00798	0.00510	0.00154	0.02371	0.00696	0.00352	0.00571
9	0.05271	0.09181	0.09784	0.05859	0.23956	0.04724	0.01024	0.03466	0.17261	0.01569	0.06952	0.02522	0.02566	0.00600	0.02193	0.00153	0.01526	0.00450	0.00304	0.00636

[dist]
# distance from previous block
# <min> <max>
1	27

[block]
# block no. 4 follows, 56 sequences, length 14
# corresponding to MSA columns:
# 322-335
name=unknown_E
#
# <colnr> <probs for GDERKNQSTAVLIFYWHMCP>
#	G	D	E	R	K	N	Q	S	T	A	V	L	I	F	Y	W	H	M	C	P
0	0.00989	0.04733	0.15514	0.13432	0.06159	0.08299	0.03385	0.01366	0.09313	0.03295	0.08771	0.06978	0.07754	0.00624	0.00460	0.00140	0.00497	0.00528	0.00309	0.07455
1	0.00729	0.00590	0.00750	0.04373	0.08308	0.00565	0.00558	0.06256	0.01176	0.01549	0.26528	0.11717	0.33208	0.00981	0.00529	0.00152	0.00296	0.00847	0.00424	0.00464
2	0.07295	0.06181	0.10164	0.03643	0.15759	0.05554	0.00871	0.01444	0.12775	0.05870	0.08354	0.07124	0.02728	0.06791	0.00584	0.00164	0.00454	0.00519	0.03142	0.00583
3	0.30161	0.10276	0.01248	0.00964	0.01243	0.40055	0.03626	0.01636	0.04485	0.01479	0.00737	0.00844	0.00598	0.00452	0.00365	0.00127	0.00612	0.00293	0.00258	0.00538
4	0.00636	0.00464	0.00613	0.00689	0.00770	0.00440	0.00535	0.00787	0.01018	0.01340	0.12681	0.35165	0.11859	0.01280	0.00593	0.00187	0.00315	0.29793	0.00435	0.00401
5	0.01460	0.22462	0.01548	0.00970	0.01303	0.09788	0.00816	0.32363	0.21140	0.02006	0.01134	0.01132	0.00866	0.00520	0.00414	0.00130	0.00500	0.00385	0.00371	0.00693
6	0.00997	0.06060	0.11044	0.01425	0.04166	0.01008	0.37346	0.02781	0.01032	0.03740	0.01346	0.15063	0.04711	0.00630	0.00554	0.00154	0.04301	0.00626	0.00281	0.02735
7	0.05108	0.09932	0.41607	0.01283	0.08983	0.07809	0.01288	0.09579	0.01141	0.05074	0.03476	0.01060	0.00760	0.00466	0.00422	0.00137	0.00600	0.00358	0.00259	0.00661
8	0.00675	0.00451	0.00576	0.00579	0.00602	0.00473	0.00375	0.00700	0.00685	0.00936	0.01352	0.04879	0.01478	0.51227	0.23658	0.09524	0.00646	0.00611	0.00266	0.00308
9	0.00585	0.00456	0.00534	0.00555	0.00667	0.00404	0.00410	0.00725	0.01075	0.01387	0.23504	0.21585	0.39571	0.01172	0.00557	0.00163	0.00247	0.05559	0.00446	0.00398
10	0.04809	0.04777	0.03961	0.05026	0.15857	0.05968	0.10441	0.27004	0.04189	0.05405	0.01118	0.03873	0.00909	0.00545	0.00463	0.00143	0.00546	0.03952	0.00342	0.00671
11	0.04448	0.11350	0.10556	0.03605	0.08395	0.03100	0.06756	0.09392	0.02321	0.04522	0.01021	0.01346	0.00862	0.03228	0.22397	0.00307	0.04136	0.01412	0.00271	0.00575
12	0.00687	0.00491	0.00678	0.00775	0.00860	0.00482	0.00639	0.00865	0.01026	0.01351	0.07406	0.25469	0.02852	0.01292	0.00616	0.00201	0.00369	0.53104	0.00429	0.00410
13	0.00587	0.00467	0.00527	0.00512	0.00647	0.00406	0.00384	0.00745	0.01151	0.01489	0.36191	0.04008	0.49120	0.01070	0.00542	0.00151	0.00226	0.00911	0.00459	0.00406

[dist]
# distance from previous block
# <min> <max>
0	1

[block]
# block no. 5 follows, 56 sequences, length 38
# corresponding to MSA columns:
# 337-342,348-379
name=unknown_F
#
# <colnr> <probs for GDERKNQSTAVLIFYWHMCP>
#	G	D	E	R	K	N	Q	S	T	A	V	L	I	F	Y	W	H	M	C	P
0	0.02608	0.25511	0.34090	0.01389	0.13453	0.04475	0.06478	0.01468	0.01001	0.04359	0.00813	0.00958	0.00633	0.00423	0.00403	0.00130	0.00601	0.00338	0.00219	0.00651
1	0.00747	0.00567	0.00774	0.12954	0.01109	0.00608	0.00602	0.02525	0.02425	0.03962	0.15824	0.28068	0.08382	0.08369	0.05908	0.00227	0.05299	0.00840	0.00375	0.00435
2	0.00667	0.00447	0.00513	0.00513	0.00517	0.00452	0.00293	0.00675	0.00671	0.00899	0.01435	0.02943	0.01642	0.79759	0.06407	0.00460	0.00485	0.00659	0.00277	0.00285
3	0.00909	0.00823	0.01341	0.04887	0.47794	0.00818	0.01029	0.01114	0.00991	0.01377	0.02798	0.27778	0.04848	0.00781	0.00502	0.00154	0.00440	0.00727	0.00303	0.00587
4	0.01247	0.13970	0.06264	0.04106	0.41065	0.09958	0.08923	0.01504	0.01069	0.06370	0.00875	0.01072	0.00703	0.00424	0.00434	0.00132	0.00590	0.00384	0.00243	0.00669
5	0.77869	0.00949	0.00739	0.00650	0.00938	0.04006	0.00532	0.04639	0.00874	0.04447	0.00696	0.00788	0.00532	0.00437	0.00301	0.00141	0.00380	0.00264	0.00298	0.00519
6	0.33336	0.01031	0.04286	0.01719	0.37641	0.01048	0.04106	0.01340	0.00925	0.01675	0.00887	0.03764	0.02020	0.00478	0.00443	0.00144	0.03900	0.00390	0.00256	0.00608
7	0.01178	0.02146	0.01381	0.08496	0.31468	0.20013	0.01020	0.04230	0.07375	0.01425	0.02782	0.08092	0.03884	0.00649	0.02479	0.00154	0.00572	0.00494	0.01559	0.00604
8	0.00563	0.00419	0.00527	0.00612	0.00668	0.00382	0.00423	0.00656	0.00921	0.01195	0.02968	0.63813	0.19231	0.01374	0.00579	0.00181	0.00266	0.04417	0.00426	0.00378
9	0.01041	0.06774	0.01106	0.00750	0.01118	0.03714	0.00613	0.01229	0.00957	0.04171	0.00818	0.00957	0.00680	0.00392	0.00432	0.00085	0.06639	0.00287	0.00270	0.67965
10	0.01081	0.01031	0.01753	0.13007	0.68104	0.01056	0.01356	0.01351	0.01023	0.01446	0.00918	0.04123	0.00796	0.00453	0.00460	0.00140	0.00544	0.00441	0.00231	0.00687
11	0.01099	0.01036	0.03162	0.13004	0.54567	0.01045	0.05387	0.01373	0.01034	0.04473	0.03008	0.01355	0.00876	0.00477	0.00506	0.00145	0.03543	0.02992	0.00250	0.00668
12	0.00784	0.06426	0.01023	0.00860	0.00942	0.00871	0.00698	0.00931	0.00743	0.01077	0.01030	0.01527	0.00971	0.02562	0.55943	0.00557	0.21928	0.00452	0.00231	0.00446
13	0.01134	0.00570	0.00762	0.00669	0.00854	0.00511	0.00517	0.01320	0.01253	0.29692	0.43379	0.12642	0.03049	0.00870	0.00519	0.00149	0.00284	0.00759	0.00518	0.00548
14	0.01234	0.00605	0.00805	0.00705	0.00867	0.00588	0.00528	0.01345	0.00957	0.33563	0.01592	0.06998	0.01402	0.26894	0.16991	0.00356	0.03073	0.00580	0.00396	0.00520
15	0.05226	0.00814	0.01063	0.00823	0.01173	0.00738	0.00678	0.05420	0.04461	0.71911	0.01740	0.01519	0.01108	0.00564	0.00455	0.00142	0.00393	0.00454	0.00549	0.00768
16	0.00546	0.00454	0.00477	0.00496	0.00628	0.00385	0.00362	0.00655	0.01017	0.01228	0.04277	0.18389	0.67086	0.01211	0.00550	0.00161	0.00239	0.01028	0.00426	0.00385
17	0.00588	0.00461	0.00532	0.00526	0.00651	0.00405	0.00390	0.00742	0.01136	0.01481	0.35670	0.10887	0.42703	0.01095	0.00546	0.00153	0.00229	0.00941	0.00459	0.00405
18	0.01516	0.01051	0.01108	0.00902	0.01195	0.06629	0.00731	0.40361	0.01669	0.16486	0.04597	0.04939	0.09945	0.00700	0.00480	0.00144	0.00448	0.04481	0.01948	0.00668
19	0.07069	0.01041	0.04658	0.01646	0.26872	0.01150	0.04018	0.01324	0.00908	0.07174	0.02220	0.01145	0.00762	0.00596	0.00869	0.00163	0.33963	0.00409	0.03410	0.00602
20	0.01602	0.00679	0.00910	0.00739	0.01014	0.00597	0.00600	0.01788	0.01282	0.55160	0.19963	0.02220	0.04771	0.00697	0.00485	0.00144	0.00341	0.03229	0.03113	0.00665
21	0.01171	0.15018	0.17792	0.03496	0.01382	0.21689	0.00967	0.01417	0.02988	0.04542	0.01188	0.04544	0.06687	0.00790	0.06265	0.00181	0.08643	0.00426	0.00258	0.00557
22	0.01005	0.01338	0.21417	0.26398	0.08289	0.01090	0.17104	0.04861	0.07936	0.01465	0.00955	0.01204	0.00718	0.00526	0.02314	0.00164	0.01924	0.00430	0.00244	0.00619
23	0.00565	0.00430	0.00520	0.00573	0.00653	0.00385	0.00401	0.00674	0.00988	0.01278	0.13012	0.47039	0.29257	0.01284	0.00566	0.00171	0.00249	0.01133	0.00436	0.00385
24	0.00647	0.00434	0.00506	0.00531	0.00539	0.00428	0.00313	0.00671	0.00723	0.00975	0.01697	0.21461	0.01971	0.62879	0.01885	0.00377	0.00398	0.00808	0.02452	0.00304
25	0.01122	0.01051	0.05580	0.24545	0.32917	0.03912	0.01196	0.05469	0.01069	0.06983	0.01029	0.05430	0.00863	0.00529	0.00503	0.00147	0.03828	0.01655	0.01543	0.00627
26	0.01278	0.03583	0.12922	0.04089	0.06866	0.17281	0.20650	0.04814	0.02867	0.09975	0.01172	0.03599	0.03985	0.00530	0.00510	0.00144	0.03616	0.01210	0.00290	0.00617
27	0.00921	0.02375	0.81487	0.01309	0.01987	0.01066	0.01696	0.01454	0.00969	0.01454	0.00824	0.00969	0.00582	0.00436	0.00436	0.00145	0.00678	0.00339	0.00194	0.00678
28	0.01253	0.01133	0.01312	0.01200	0.12614	0.12511	0.06102	0.09844	0.01173	0.06611	0.00905	0.01035	0.00713	0.00418	0.00423	0.00105	0.02027	0.00343	0.00295	0.39983
29	0.01541	0.01084	0.01177	0.00962	0.01281	0.02514	0.00774	0.32070	0.34065	0.16091	0.01531	0.01427	0.01093	0.00580	0.00461	0.00145	0.00430	0.00461	0.00475	0.01838
30	0.00649	0.00467	0.00623	0.00684	0.00759	0.00452	0.00526	0.00800	0.01006	0.01350	0.18017	0.28747	0.05961	0.07162	0.04874	0.00231	0.00369	0.26506	0.00421	0.00397
31	0.00734	0.00573	0.00779	0.00823	0.07621	0.00556	0.01503	0.01038	0.07607	0.01763	0.59647	0.05499	0.05520	0.00893	0.00533	0.00149	0.00272	0.03542	0.00468	0.00481
32	0.00945	0.07432	0.74838	0.01309	0.03654	0.01113	0.01633	0.01448	0.00969	0.01432	0.00813	0.00958	0.00585	0.00433	0.00428	0.00142	0.00664	0.00335	0.00195	0.00674
33	0.00599	0.00455	0.00544	0.00584	0.00668	0.00421	0.00410	0.00749	0.03837	0.01296	0.13896	0.39402	0.25846	0.06967	0.00685	0.00189	0.00268	0.02365	0.00428	0.00393
34	0.11978	0.07737	0.08047	0.03194	0.05478	0.14019	0.02922	0.29993	0.02885	0.01982	0.00937	0.01081	0.00727	0.00495	0.00415	0.00132	0.00548	0.01889	0.01784	0.03756
35	0.01104	0.01163	0.01014	0.00919	0.01099	0.27985	0.05729	0.04733	0.07206	0.01346	0.07595	0.12890	0.10690	0.09569	0.00690	0.00179	0.00525	0.04735	0.00345	0.00486
36	0.02566	0.13292	0.06532	0.05297	0.10233	0.04638	0.00850	0.10987	0.07200	0.06983	0.08479	0.04022	0.01964	0.00537	0.00422	0.00125	0.00454	0.00437	0.00332	0.14650
37	0.01053	0.07544	0.28155	0.10286	0.08017	0.02377	0.04366	0.05969	0.05573	0.01425	0.00840	0.01061	0.00666	0.00536	0.00689	0.00155	0.20054	0.00382	0.00233	0.00620

[dist]
# distance from previous block
# <min> <max>
0	29

[block]
# block no. 6 follows, 56 sequences, length 91
# corresponding to MSA columns:
# 409-437,440-501
name=unknown_G
#
# <colnr> <probs for GDERKNQSTAVLIFYWHMCP>
#	G	D	E	R	K	N	Q	S	T	A	V	L	I	F	Y	W	H	M	C	P
0	0.28831	0.17532	0.08430	0.00785	0.02393	0.03664	0.00703	0.02626	0.04707	0.08372	0.10033	0.01424	0.05596	0.00546	0.00378	0.00133	0.00410	0.00404	0.02475	0.00561
1	0.06978	0.03387	0.12489	0.01287	0.18002	0.00957	0.02186	0.10687	0.09500	0.02927	0.11808	0.07176	0.03415	0.01691	0.00496	0.00149	0.01476	0.01486	0.03290	0.00612
2	0.01078	0.05670	0.01598	0.07309	0.47108	0.01079	0.02392	0.01544	0.16941	0.01546	0.05387	0.04177	0.01119	0.00518	0.00459	0.00142	0.00487	0.00477	0.00294	0.00676
3	0.00602	0.00475	0.00523	0.00541	0.00649	0.00433	0.00386	0.00752	0.04379	0.01228	0.06166	0.18338	0.45392	0.14144	0.00832	0.00208	0.00284	0.03876	0.00407	0.00385
4	0.01410	0.01119	0.01189	0.00988	0.01296	0.01267	0.00791	0.36645	0.45531	0.02352	0.01528	0.01442	0.01126	0.00591	0.00464	0.00148	0.00426	0.00472	0.00464	0.00751
5	0.00632	0.00469	0.00590	0.00559	0.00675	0.00426	0.00419	0.00833	0.01258	0.01743	0.68381	0.03590	0.16771	0.00975	0.00542	0.00146	0.00219	0.00853	0.00493	0.00426
6	0.00778	0.00440	0.00492	0.00484	0.00589	0.00428	0.00361	0.00988	0.01069	0.01734	0.27296	0.05270	0.02270	0.00699	0.00402	0.00122	0.00217	0.00591	0.55342	0.00428
7	0.87108	0.00888	0.00675	0.00604	0.00888	0.01030	0.00497	0.01350	0.00781	0.02060	0.00639	0.00746	0.00497	0.00426	0.00284	0.00142	0.00355	0.00249	0.00284	0.00497
8	0.01227	0.84142	0.02406	0.00786	0.01178	0.01817	0.00786	0.01375	0.00933	0.01080	0.00638	0.00736	0.00589	0.00393	0.00295	0.00098	0.00491	0.00245	0.00196	0.00589
9	0.01099	0.00941	0.01001	0.00903	0.01149	0.01080	0.00701	0.02301	0.73229	0.01913	0.08814	0.01864	0.01659	0.00651	0.00474	0.00155	0.00350	0.00546	0.00471	0.00701
10	0.01004	0.01004	0.01406	0.01205	0.01205	0.01406	0.01004	0.01105	0.00703	0.01105	0.00603	0.01004	0.00603	0.00804	0.01507	0.00201	0.83025	0.00402	0.00201	0.00502
11	0.87108	0.00888	0.00675	0.00604	0.00888	0.01030	0.00497	0.01350	0.00781	0.02060	0.00639	0.00746	0.00497	0.00426	0.00284	0.00142	0.00355	0.00249	0.00284	0.00497
12	0.01084	0.01238	0.02709	0.01935	0.02399	0.01161	0.79334	0.01471	0.01084	0.01471	0.00929	0.01238	0.00697	0.00387	0.00542	0.00155	0.00774	0.00542	0.00232	0.00619
13	0.00661	0.00447	0.00524	0.00528	0.00539	0.00452	0.00313	0.00684	0.00700	0.00943	0.03583	0.06797	0.01764	0.71296	0.08554	0.00448	0.00493	0.00689	0.00289	0.00297
14	0.00658	0.00484	0.00699	0.00699	0.00767	0.00553	0.00525	0.00795	0.00726	0.01037	0.01265	0.02001	0.01234	0.16686	0.68921	0.00690	0.01101	0.00521	0.00251	0.00388
15	0.01227	0.84142	0.02406	0.00786	0.01178	0.01817	0.00786	0.01375	0.00933	0.01080	0.00638	0.00736	0.00589	0.00393	0.00295	0.00098	0.00491	0.00245	0.00196	0.00589
16	0.00622	0.00448	0.00589	0.00596	0.00680	0.00415	0.00431	0.00797	0.01171	0.01637	0.56919	0.27852	0.03937	0.01091	0.00555	0.00157	0.00232	0.00975	0.00481	0.00415
17	0.00560	0.00409	0.00524	0.00614	0.00656	0.00377	0.00413	0.00642	0.00894	0.01173	0.02760	0.71783	0.12482	0.03589	0.00627	0.00189	0.00267	0.01247	0.00422	0.00372
18	0.01651	0.02203	0.07801	0.01193	0.01465	0.75460	0.00953	0.01802	0.01274	0.01150	0.00719	0.00839	0.00591	0.00470	0.00416	0.00120	0.00816	0.00299	0.00233	0.00544
19	0.00572	0.00450	0.00517	0.00558	0.00663	0.00399	0.00408	0.00686	0.00993	0.01241	0.06304	0.29265	0.44700	0.03543	0.00614	0.00178	0.00265	0.07835	0.00425	0.00385
20	0.00668	0.00445	0.00501	0.00501	0.00501	0.00445	0.00278	0.00668	0.00668	0.00890	0.01447	0.03004	0.01669	0.83866	0.02337	0.00445	0.00445	0.00668	0.00278	0.00278
21	0.01139	0.03634	0.08725	0.17216	0.36740	0.03578	0.07169	0.05575	0.05536	0.03691	0.00936	0.01165	0.00733	0.00450	0.00471	0.00142	0.01768	0.00412	0.00254	0.00665
22	0.01062	0.00957	0.01495	0.10089	0.41382	0.00997	0.04351	0.07786	0.09058	0.01555	0.01230	0.12451	0.01135	0.03751	0.00549	0.00159	0.00498	0.00557	0.00297	0.00640
23	0.00901	0.00840	0.00704	0.00677	0.00738	0.18721	0.00444	0.00944	0.00816	0.00960	0.01260	0.02397	0.01376	0.57177	0.09854	0.00401	0.00609	0.00567	0.00266	0.00348
24	0.87108	0.00888	0.00675	0.00604	0.00888	0.01030	0.00497	0.01350	0.00781	0.02060	0.00639	0.00746	0.00497	0.00426	0.00284	0.00142	0.00355	0.00249	0.00284	0.00497
25	0.01009	0.05879	0.03308	0.01781	0.39672	0.04905	0.01021	0.01195	0.00916	0.01262	0.00947	0.01405	0.00875	0.09474	0.15343	0.04008	0.05769	0.00432	0.00231	0.00570
26	0.00719	0.00528	0.00658	0.00590	0.00744	0.00476	0.00448	0.00961	0.03197	0.01786	0.61992	0.02918	0.03524	0.00818	0.00496	0.00131	0.00237	0.00716	0.06557	0.12504
27	0.26704	0.05574	0.01206	0.00922	0.01230	0.07450	0.00760	0.38524	0.05169	0.02273	0.00920	0.00980	0.00692	0.00518	0.00455	0.00140	0.05122	0.00351	0.00363	0.00650
28	0.05282	0.10065	0.27656	0.01121	0.06101	0.02469	0.03446	0.12248	0.01143	0.05083	0.00956	0.04704	0.00771	0.00478	0.00411	0.00126	0.00523	0.00381	0.00280	0.16756
29	0.02525	0.24178	0.05161	0.02655	0.25063	0.12615	0.01012	0.06535	0.10833	0.01457	0.00929	0.01092	0.00771	0.02764	0.00456	0.00135	0.00546	0.00364	0.00265	0.00644
30	0.01039	0.01061	0.01401	0.01204	0.01216	0.05283	0.00999	0.01140	0.00732	0.01106	0.00608	0.00996	0.00602	0.00788	0.01454	0.00197	0.79073	0.00397	0.00203	0.00504
31	0.11049	0.00823	0.00931	0.04371	0.03826	0.00883	0.00662	0.13466	0.19984	0.06975	0.19229	0.02215	0.10195	0.00715	0.00472	0.00149	0.00358	0.02670	0.00435	0.00594
32	0.00656	0.00492	0.00738	0.00738	0.00820	0.00574	0.00574	0.00820	0.00738	0.01066	0.01230	0.01804	0.01148	0.03443	0.82046	0.00738	0.01230	0.00492	0.00246	0.00410
33	0.00563	0.00403	0.00536	0.00637	0.00667	0.00375	0.00426	0.00649	0.00897	0.01201	0.05905	0.80109	0.03092	0.01417	0.00584	0.00185	0.00264	0.01285	0.00430	0.00375
34	0.00664	0.00443	0.00502	0.00506	0.00507	0.00442	0.00284	0.00667	0.00675	0.00901	0.01486	0.05957	0.01719	0.80845	0.02273	0.00436	0.00439	0.00691	0.00284	0.00282
