[name]
unknown

[dist]
# distance from previous block
# <min> <max>
2	464

[block]
# block no. 0 follows, 65 sequences, length 11
# corresponding to MSA columns:
# 642-652
name=unknown_A
#
# <colnr> <probs for GDERKNQSTAVLIFYWHMCP>
#	G	D	E	R	K	N	Q	S	T	A	V	L	I	F	Y	W	H	M	C	P
0	0.00616	0.00424	0.00493	0.00489	0.00527	0.00414	0.00306	0.02731	0.00692	0.00918	0.01611	0.11843	0.09419	0.54993	0.04119	0.06061	0.00379	0.00649	0.00275	0.03043
1	0.00722	0.00392	0.00552	0.00548	0.00563	0.00395	0.00368	0.03835	0.00616	0.00822	0.00892	0.08218	0.00932	0.07385	0.01502	0.71037	0.00354	0.00441	0.00209	0.00217
2	0.11934	0.01320	0.01197	0.04874	0.03797	0.24978	0.02814	0.24091	0.03050	0.04111	0.00999	0.02915	0.00817	0.00596	0.00495	0.03757	0.00559	0.00387	0.00344	0.06965
3	0.08472	0.01084	0.03620	0.20684	0.12976	0.15060	0.00897	0.15757	0.07983	0.01497	0.00948	0.04212	0.00790	0.00492	0.00400	0.00129	0.00500	0.03684	0.00272	0.00542
4	0.07412	0.01096	0.04771	0.09081	0.14109	0.11974	0.08399	0.19359	0.03277	0.04140	0.00905	0.03606	0.00728	0.00630	0.06176	0.00161	0.00552	0.00382	0.00275	0.02968
5	0.01216	0.04058	0.03439	0.10552	0.06118	0.14283	0.00784	0.28373	0.05985	0.04212	0.00993	0.05377	0.00827	0.05691	0.00500	0.00137	0.00481	0.00398	0.00307	0.06269
6	0.09492	0.04128	0.05009	0.04565	0.09503	0.11685	0.02064	0.13452	0.04973	0.07798	0.01026	0.06698	0.02325	0.00613	0.03765	0.00145	0.05094	0.00398	0.00289	0.06980
7	0.01098	0.06329	0.11076	0.00965	0.07657	0.04574	0.03245	0.14918	0.10550	0.09790	0.10728	0.01410	0.03204	0.02644	0.01815	0.00135	0.00427	0.00417	0.00328	0.08690
8	0.08869	0.09339	0.04243	0.00914	0.05149	0.06886	0.05278	0.13335	0.13499	0.10900	0.07071	0.02432	0.02318	0.03607	0.00477	0.00135	0.02736	0.00411	0.01839	0.00560
9	0.03789	0.09060	0.13087	0.03295	0.05654	0.10973	0.02359	0.12256	0.13204	0.05143	0.02795	0.03483	0.02393	0.04004	0.00455	0.00131	0.00461	0.00386	0.00290	0.06783
10	0.03024	0.11224	0.13161	0.00995	0.04902	0.12776	0.05835	0.09876	0.05558	0.04531	0.04012	0.05032	0.02081	0.00624	0.04480	0.00148	0.05581	0.00392	0.00266	0.05502

[dist]
# distance from previous block
# <min> <max>
11	140

[block]
# block no. 1 follows, 65 sequences, length 17
# corresponding to MSA columns:
# 826-842
name=unknown_B
#
# <colnr> <probs for GDERKNQSTAVLIFYWHMCP>
#	G	D	E	R	K	N	Q	S	T	A	V	L	I	F	Y	W	H	M	C	P
0	0.05703	0.07130	0.07086	0.01250	0.19574	0.11293	0.02533	0.12393	0.15871	0.06074	0.02797	0.04645	0.00899	0.00483	0.00394	0.00124	0.00460	0.00396	0.00300	0.00594
1	0.01090	0.02848	0.01167	0.03495	0.11542	0.16292	0.06066	0.06483	0.05397	0.08725	0.05171	0.14817	0.01170	0.00622	0.00538	0.00134	0.10757	0.00506	0.00296	0.02882
2	0.04466	0.06805	0.19798	0.02233	0.11188	0.08577	0.04130	0.13591	0.02807	0.03539	0.04293	0.02406	0.00822	0.00475	0.00451	0.00125	0.05968	0.02037	0.01813	0.04477
3	0.03328	0.04953	0.15536	0.00941	0.03672	0.13702	0.03835	0.09277	0.03072	0.05475	0.04646	0.02658	0.06231	0.02113	0.03064	0.00144	0.06209	0.02364	0.00274	0.08506
4	0.07168	0.04317	0.15633	0.03446	0.17508	0.00944	0.10527	0.07660	0.07462	0.03515	0.00941	0.04412	0.00781	0.02561	0.05239	0.00165	0.03258	0.00399	0.00252	0.03811
5	0.13104	0.06149	0.07074	0.01021	0.12962	0.10547	0.00745	0.06475	0.12152	0.06296	0.01010	0.02483	0.02154	0.05790	0.00471	0.00134	0.00432	0.00359	0.00281	0.10361
6	0.03662	0.04411	0.04731	0.02694	0.05801	0.02267	0.15431	0.06556	0.00907	0.06617	0.01098	0.14341	0.02302	0.01962	0.04626	0.00170	0.16799	0.00509	0.00267	0.04849
7	0.00994	0.07572	0.09669	0.15115	0.10623	0.10811	0.05419	0.07077	0.03161	0.03332	0.01037	0.06383	0.03519	0.04990	0.00538	0.00142	0.04475	0.01866	0.00247	0.03028
8	0.02745	0.00983	0.12794	0.02506	0.08698	0.00771	0.06436	0.10648	0.00990	0.03101	0.02707	0.09222	0.00904	0.01969	0.00437	0.00114	0.02534	0.00410	0.00268	0.31762
9	0.01446	0.03881	0.01187	0.01024	0.01237	0.62516	0.00788	0.09302	0.06489	0.01201	0.00727	0.00825	0.00593	0.00458	0.00445	0.00114	0.06726	0.00293	0.00241	0.00508
10	0.00614	0.00533	0.00754	0.00758	0.05971	0.00498	0.08393	0.00818	0.06253	0.01212	0.09661	0.26484	0.34565	0.00950	0.00487	0.00145	0.00288	0.00846	0.00361	0.00406
11	0.00540	0.00403	0.00503	0.00522	0.00606	0.00366	0.00382	0.00677	0.00990	0.01330	0.37657	0.27802	0.20841	0.01030	0.00500	0.00145	0.00219	0.04713	0.00412	0.00362
12	0.00635	0.00477	0.00585	0.00554	0.00667	0.00463	0.00416	0.03357	0.08385	0.01580	0.58756	0.10305	0.10525	0.00861	0.00480	0.00134	0.00219	0.00755	0.00435	0.00412
13	0.00851	0.00730	0.00851	0.00608	0.00973	0.00547	0.00486	0.01034	0.00851	0.01338	0.00730	0.00851	0.00608	0.00304	0.00304	0.00061	0.00304	0.00243	0.00243	0.88083
14	0.11625	0.15826	0.06099	0.00983	0.05450	0.05583	0.08382	0.24778	0.01215	0.08510	0.03535	0.00981	0.00736	0.00430	0.00368	0.00116	0.00459	0.00338	0.00299	0.04286
15	0.00586	0.00400	0.00478	0.00485	0.00524	0.00383	0.00310	0.00601	0.00682	0.00894	0.01811	0.14638	0.15066	0.42258	0.04941	0.12057	0.00365	0.00677	0.00279	0.02565
16	0.03479	0.27196	0.31666	0.05093	0.02351	0.10132	0.02314	0.03798	0.00934	0.03306	0.04165	0.00912	0.00686	0.00413	0.00370	0.00115	0.02009	0.00302	0.00210	0.00549

[dist]
# distance from previous block
# <min> <max>
0	1

[block]
# block no. 2 follows, 65 sequences, length 8
# corresponding to MSA columns:
# 844-851
name=unknown_C
#
# <colnr> <probs for GDERKNQSTAVLIFYWHMCP>
#	G	D	E	R	K	N	Q	S	T	A	V	L	I	F	Y	W	H	M	C	P
0	0.00835	0.00590	0.00580	0.00540	0.00682	0.04603	0.00415	0.09822	0.07034	0.01542	0.06968	0.04802	0.16176	0.00649	0.00377	0.00117	0.00265	0.02299	0.41269	0.00433
1	0.00516	0.00368	0.00491	0.00570	0.00596	0.00355	0.00383	0.00588	0.00760	0.01020	0.02081	0.71257	0.02466	0.08058	0.08192	0.00229	0.00329	0.01056	0.00356	0.00330
2	0.00836	0.00800	0.05703	0.00687	0.01016	0.00613	0.00591	0.01029	0.00845	0.01301	0.00847	0.01197	0.00757	0.00413	0.00405	0.00085	0.06146	0.07491	0.00247	0.68991
3	0.00915	0.00982	0.08729	0.11718	0.14520	0.10031	0.04567	0.02716	0.04053	0.02883	0.03334	0.07396	0.07058	0.00668	0.02351	0.05296	0.06475	0.00461	0.02575	0.03273
4	0.00985	0.03133	0.06130	0.01144	0.08011	0.03336	0.20139	0.04892	0.03832	0.11052	0.02428	0.05882	0.03120	0.01092	0.19228	0.00252	0.04071	0.00472	0.00277	0.00523
5	0.01321	0.01058	0.01128	0.00977	0.04975	0.06134	0.00751	0.37304	0.27131	0.06064	0.01172	0.01157	0.00866	0.00510	0.00457	0.00129	0.04938	0.00391	0.00379	0.03159
6	0.00932	0.00809	0.05921	0.08361	0.01185	0.00771	0.04183	0.08699	0.23080	0.07296	0.05343	0.12059	0.08145	0.02521	0.01871	0.00147	0.00378	0.00553	0.00351	0.07395
7	0.09305	0.00805	0.04695	0.04488	0.05820	0.04405	0.00660	0.07219	0.11145	0.11287	0.01298	0.06875	0.04195	0.02405	0.00638	0.12704	0.02373	0.06233	0.00314	0.03138

[dist]
# distance from previous block
# <min> <max>
10	171

[block]
# block no. 3 follows, 65 sequences, length 7
# corresponding to MSA columns:
# 1038-1044
name=unknown_D
#
# <colnr> <probs for GDERKNQSTAVLIFYWHMCP>
#	G	D	E	R	K	N	Q	S	T	A	V	L	I	F	Y	W	H	M	C	P
0	0.01052	0.03952	0.03336	0.06077	0.07023	0.03783	0.04679	0.12813	0.09849	0.08764	0.04731	0.04536	0.03887	0.02918	0.00518	0.00135	0.05583	0.05324	0.00319	0.10721
1	0.06291	0.11062	0.09036	0.06201	0.13251	0.04265	0.02406	0.04075	0.08745	0.04275	0.03080	0.01233	0.03171	0.00587	0.03434	0.00147	0.10437	0.02331	0.01991	0.03983
2	0.03260	0.00593	0.00753	0.00728	0.02743	0.02632	0.04935	0.05969	0.03547	0.04257	0.06477	0.36980	0.16055	0.03262	0.00577	0.00157	0.05484	0.00820	0.00355	0.00416
3	0.04182	0.03174	0.01023	0.03011	0.02392	0.15304	0.04619	0.09112	0.01010	0.08237	0.09607	0.04171	0.05091	0.04442	0.11838	0.00214	0.11348	0.00457	0.00293	0.00476
4	0.04171	0.02047	0.05408	0.08875	0.07353	0.06764	0.03706	0.09285	0.04278	0.07085	0.04442	0.17204	0.03847	0.00758	0.03901	0.00157	0.05179	0.01561	0.00305	0.03675
5	0.00725	0.00606	0.00809	0.02567	0.02323	0.02572	0.06376	0.08829	0.00974	0.01292	0.11078	0.28033	0.13572	0.03782	0.05767	0.00189	0.05203	0.04548	0.00342	0.00413
6	0.01049	0.00918	0.01164	0.19851	0.19164	0.06778	0.00878	0.18496	0.07214	0.01546	0.03343	0.04205	0.00878	0.00558	0.03008	0.00140	0.00474	0.00405	0.05812	0.04120

[dist]
# distance from previous block
# <min> <max>
1	3

[block]
# block no. 4 follows, 65 sequences, length 51
# corresponding to MSA columns:
# 1048-1098
name=unknown_E
#
# <colnr> <probs for GDERKNQSTAVLIFYWHMCP>
#	G	D	E	R	K	N	Q	S	T	A	V	L	I	F	Y	W	H	M	C	P
0	0.07224	0.01810	0.03912	0.00972	0.11180	0.03234	0.05313	0.06582	0.03780	0.09394	0.02421	0.20417	0.01197	0.00602	0.00403	0.00120	0.00374	0.00526	0.00311	0.20228
1	0.04767	0.01030	0.05014	0.09083	0.22315	0.04972	0.06689	0.12594	0.15093	0.02593	0.01818	0.01090	0.00761	0.00437	0.00429	0.00125	0.03122	0.00373	0.00278	0.07417
2	0.00962	0.03347	0.05472	0.22666	0.30790	0.02723	0.02878	0.01246	0.04574	0.05918	0.03917	0.01168	0.02215	0.00418	0.00397	0.00120	0.00467	0.00375	0.00239	0.10108
3	0.00702	0.00577	0.00669	0.01833	0.00796	0.00473	0.00419	0.01850	0.00895	0.01270	0.12098	0.04871	0.20148	0.09304	0.00562	0.00127	0.00281	0.00521	0.00308	0.42296
4	0.00838	0.00752	0.01181	0.07187	0.41180	0.00750	0.02220	0.04311	0.00991	0.01364	0.14172	0.08577	0.12415	0.00612	0.00439	0.00129	0.00387	0.00558	0.00288	0.01647
5	0.00991	0.02954	0.01483	0.29445	0.46358	0.09360	0.01160	0.01228	0.00918	0.01202	0.00739	0.01006	0.00601	0.00386	0.00401	0.00124	0.00532	0.00352	0.00197	0.00566
6	0.00618	0.00434	0.00524	0.00492	0.00617	0.00385	0.00372	0.00778	0.01081	0.06115	0.49801	0.03290	0.32191	0.00893	0.00480	0.00132	0.00208	0.00768	0.00430	0.00390
7	0.00522	0.00374	0.00497	0.00563	0.00605	0.00349	0.00389	0.00625	0.00876	0.01190	0.20833	0.64540	0.02974	0.01180	0.00516	0.00159	0.00231	0.02833	0.00397	0.00347
8	0.00501	0.00404	0.00447	0.00463	0.00571	0.00349	0.00337	0.00610	0.00933	0.01168	0.14283	0.21646	0.54716	0.01067	0.00494	0.00143	0.00213	0.00916	0.00391	0.00349
9	0.00521	0.00417	0.00465	0.00453	0.00576	0.00362	0.00340	0.00658	0.01019	0.01307	0.33196	0.03624	0.53685	0.00966	0.00485	0.00135	0.00203	0.00821	0.00407	0.00362
10	0.88473	0.00794	0.00603	0.00540	0.00794	0.00921	0.00445	0.01207	0.00699	0.01842	0.00572	0.00667	0.00445	0.00381	0.00254	0.00127	0.00318	0.00222	0.00254	0.00445
11	0.00569	0.00419	0.00533	0.00504	0.00606	0.00382	0.00378	0.00752	0.01135	0.01581	0.73323	0.03173	0.13388	0.00863	0.00484	0.00130	0.00195	0.00757	0.00443	0.00382
12	0.00898	0.00898	0.01257	0.01078	0.01078	0.01257	0.00898	0.00988	0.00629	0.00988	0.00539	0.00898	0.00539	0.00718	0.01347	0.00180	0.84823	0.00359	0.00180	0.00449
13	0.88473	0.00794	0.00603	0.00540	0.00794	0.00921	0.00445	0.01207	0.00699	0.01842	0.00572	0.00667	0.00445	0.00381	0.00254	0.00127	0.00318	0.00222	0.00254	0.00445
14	0.00596	0.00400	0.00458	0.00458	0.00461	0.00403	0.00261	0.00603	0.00600	0.00803	0.01284	0.02636	0.01471	0.81734	0.05899	0.00410	0.00431	0.00590	0.00247	0.00254
15	0.00597	0.00398	0.00448	0.00448	0.00448	0.00398	0.00249	0.00597	0.00597	0.00796	0.01293	0.02686	0.01492	0.85574	0.02089	0.00398	0.00398	0.00597	0.00249	0.00249
16	0.00851	0.00730	0.00851	0.00608	0.00973	0.00547	0.00486	0.01034	0.00851	0.01338	0.00730	0.00851	0.00608	0.00304	0.00304	0.00061	0.00304	0.00243	0.00243	0.88083
17	0.01070	0.00900	0.00953	0.00875	0.02526	0.06547	0.00676	0.01883	0.54619	0.07921	0.03616	0.02998	0.01271	0.00605	0.00499	0.00142	0.07027	0.04886	0.00386	0.00599
18	0.00945	0.00898	0.01503	0.22943	0.57506	0.00931	0.01179	0.01192	0.00901	0.01268	0.00759	0.01025	0.00622	0.00373	0.00401	0.00122	0.00490	0.00357	0.00201	0.06387
19	0.00698	0.00566	0.00676	0.00745	0.02798	0.05979	0.00600	0.00872	0.00986	0.01271	0.16650	0.05468	0.07100	0.03043	0.00566	0.00173	0.00359	0.50688	0.00373	0.00387
20	0.00527	0.00424	0.00465	0.00479	0.00587	0.00381	0.00346	0.00675	0.04691	0.01153	0.09895	0.21251	0.51410	0.05138	0.00568	0.00156	0.00228	0.00889	0.00382	0.00356
21	0.00775	0.00730	0.01231	0.84587	0.02827	0.00912	0.01140	0.01049	0.00821	0.01049	0.00730	0.01094	0.00547	0.00410	0.00410	0.00137	0.00547	0.00365	0.00182	0.00456
22	0.00958	0.00788	0.00975	0.00881	0.10900	0.00678	0.00613	0.03686	0.10183	0.05234	0.00891	0.00978	0.00708	0.00355	0.00338	0.00082	0.00335	0.00295	0.00276	0.60848
23	0.00517	0.00388	0.00452	0.00490	0.00551	0.00353	0.00330	0.00589	0.00810	0.01035	0.05160	0.37598	0.30306	0.18515	0.00831	0.00203	0.00259	0.00933	0.00356	0.00322
24	0.00490	0.00409	0.00424	0.00435	0.00556	0.00347	0.00318	0.00587	0.00908	0.01092	0.03852	0.13330	0.71107	0.03628	0.00538	0.00150	0.00217	0.00893	0.00377	0.00342
25	0.88473	0.00794	0.00603	0.00540	0.00794	0.00921	0.00445	0.01207	0.00699	0.01842	0.00572	0.00667	0.00445	0.00381	0.00254	0.00127	0.00318	0.00222	0.00254	0.00445
26	0.01102	0.01783	0.56143	0.01068	0.01562	0.08408	0.01243	0.03789	0.00977	0.16708	0.00896	0.00959	0.00620	0.00426	0.00416	0.00128	0.02591	0.00324	0.00247	0.00611
27	0.00851	0.00730	0.00851	0.00608	0.00973	0.00547	0.00486	0.01034	0.00851	0.01338	0.00730	0.00851	0.00608	0.00304	0.00304	0.00061	0.00304	0.00243	0.00243	0.88083
28	0.01019	0.00900	0.01068	0.01118	0.14169	0.01014	0.01957	0.02021	0.68067	0.01651	0.01515	0.01443	0.01147	0.00523	0.00417	0.00136	0.00356	0.00449	0.00380	0.00648
29	0.88473	0.00794	0.00603	0.00540	0.00794	0.00921	0.00445	0.01207	0.00699	0.01842	0.00572	0.00667	0.00445	0.00381	0.00254	0.00127	0.00318	0.00222	0.00254	0.00445
30	0.01021	0.00882	0.00928	0.00835	0.01067	0.01021	0.00650	0.02181	0.82272	0.01717	0.01671	0.01532	0.01253	0.00557	0.00418	0.00139	0.00325	0.00464	0.00418	0.00650
31	0.01560	0.01150	0.01232	0.00944	0.01273	0.01273	0.00780	0.81645	0.01930	0.02587	0.00986	0.00986	0.00698	0.00493	0.00411	0.00123	0.00452	0.00370	0.00411	0.00698
32	0.00756	0.00604	0.00693	0.00682	0.00800	0.02631	0.00520	0.01135	0.21700	0.04215	0.08137	0.25856	0.12732	0.02958	0.00578	0.00159	0.05884	0.09135	0.00379	0.00447
33	0.00982	0.00941	0.01606	0.13925	0.71869	0.00967	0.01243	0.01230	0.00919	0.01300	0.00766	0.01027	0.00636	0.00372	0.00407	0.00124	0.00496	0.00366	0.00200	0.00623
34	0.00597	0.00398	0.00448	0.00448	0.00448	0.00398	0.00249	0.00597	0.00597	0.00796	0.01293	0.02686	0.01492	0.85574	0.02089	0.00398	0.00398	0.00597	0.00249	0.00249
35	0.01138	0.00578	0.00709	0.00597	0.00817	0.00516	0.00475	0.03749	0.04095	0.36837	0.13104	0.02550	0.31629	0.00749	0.00449	0.00132	0.00279	0.00624	0.00448	0.00526
36	0.01220	0.05507	0.01287	0.04590	0.07592	0.30265	0.07552	0.04490	0.23387	0.03533	0.01001	0.02072	0.00792	0.00474	0.00442	0.00125	0.04466	0.00370	0.00280	0.00556
37	0.00831	0.01977	0.76003	0.01124	0.01689	0.00909	0.01428	0.01279	0.00880	0.03121	0.02270	0.02623	0.00689	0.00441	0.00400	0.00132	0.00580	0.02838	0.00196	0.00593
38	0.10336	0.00715	0.00923	0.00715	0.01027	0.00645	0.00591	0.03207	0.01140	0.74005	0.01506	0.01319	0.00955	0.00495	0.00397	0.00127	0.00348	0.00393	0.00482	0.00674
39	0.00960	0.01932	0.72390	0.01111	0.01679	0.00906	0.01394	0.01394	0.00908	0.12290	0.00855	0.00938	0.00586	0.00406	0.00393	0.00130	0.00572	0.00318	0.00218	0.00619
40	0.01038	0.03009	0.14797	0.05872	0.45611	0.01979	0.04487	0.02845	0.04188	0.07632	0.01935	0.01104	0.00734	0.02467	0.00446	0.00132	0.00497	0.00374	0.00237	0.00616
41	0.01486	0.00788	0.04745	0.00737	0.01032	0.00691	0.00626	0.12953	0.04963	0.50086	0.06480	0.01714	0.10648	0.00584	0.00424	0.00129	0.00349	0.00476	0.00457	0.00633
42	0.00555	0.00416	0.00511	0.00498	0.00598	0.00376	0.00371	0.00713	0.01060	0.01439	0.53745	0.08076	0.23654	0.03498	0.00538	0.00143	0.00211	0.02807	0.00422	0.00369
43	0.00715	0.00814	0.12839	0.09742	0.11323	0.00646	0.00745	0.05463	0.03419	0.01277	0.06049	0.15769	0.28022	0.00779	0.00454	0.00138	0.00358	0.00672	0.00314	0.00463
44	0.00951	0.05105	0.11767	0.38529	0.11620	0.02946	0.05048	0.06628	0.02938	0.05237	0.00885	0.04965	0.00709	0.00451	0.00409	0.00131	0.00518	0.00396	0.00232	0.00534
45	0.00645	0.00401	0.00599	0.00599	0.00637	0.00439	0.00437	0.00640	0.00601	0.00840	0.00926	0.01465	0.00891	0.03804	0.44760	0.40686	0.00747	0.00404	0.00201	0.00278
46	0.03643	0.00494	0.00599	0.00536	0.00656	0.00478	0.00384	0.01086	0.00817	0.23862	0.01353	0.01948	0.01202	0.35545	0.08625	0.00280	0.00406	0.00479	0.17192	0.00416
47	0.00907	0.03949	0.07272	0.18953	0.23834	0.00873	0.06739	0.02218	0.00925	0.06182	0.07428	0.03306	0.07551	0.00531	0.00490	0.00134	0.06387	0.01536	0.00255	0.00529
48	0.01024	0.12556	0.39726	0.04744	0.15206	0.08010	0.03416	0.05689	0.00967	0.03872	0.00756	0.00893	0.00573	0.00393	0.00380	0.00121	0.00560	0.00314	0.00207	0.00593
49	0.01224	0.01339	0.03878	0.06106	0.09683	0.24328	0.15210	0.03321	0.01018	0.01272	0.00904	0.01189	0.02545	0.00661	0.03129	0.00177	0.22777	0.00412	0.00254	0.00572
50	0.18067	0.18337	0.05785	0.03349	0.05407	0.31385	0.04770	0.04510	0.02699	0.01284	0.00670	0.00785	0.00545	0.00397	0.00339	0.00112	0.00551	0.00277	0.00221	0.00512

[dist]
# distance from previous block
# <min> <max>
1	24

[block]
# block no. 5 follows, 65 sequences, length 27
# corresponding to MSA columns:
# 1123-1149
name=unknown_F
#
# <colnr> <probs for GDERKNQSTAVLIFYWHMCP>
#	G	D	E	R	K	N	Q	S	T	A	V	L	I	F	Y	W	H	M	C	P
0	0.01085	0.17578	0.11295	0.02079	0.04235	0.09452	0.06863	0.09519	0.05717	0.03228	0.00793	0.00900	0.00629	0.00396	0.00389	0.00105	0.03445	0.00306	0.00245	0.21743
1	0.00559	0.00415	0.00490	0.00481	0.00589	0.00369	0.00355	0.00702	0.01020	0.02609	0.39508	0.11021	0.35009	0.02422	0.00511	0.00140	0.00209	0.00815	0.02407	0.00368
2	0.01084	0.03539	0.44937	0.01073	0.02676	0.01039	0.02583	0.22390	0.06983	0.05297	0.02332	0.01009	0.00704	0.00446	0.00417	0.00129	0.02111	0.00348	0.00274	0.00629
3	0.00512	0.00428	0.00448	0.00445	0.00581	0.00369	0.00337	0.00651	0.02782	0.01179	0.11744	0.03830	0.70854	0.01012	0.00486	0.00139	0.00214	0.03241	0.00389	0.00358
4	0.02723	0.04641	0.11155	0.02236	0.01570	0.04949	0.28992	0.28165	0.01250	0.01688	0.00885	0.01103	0.00687	0.05794	0.00527	0.00144	0.00557	0.00403	0.01954	0.00578
5	0.01037	0.00972	0.01614	0.07057	0.73317	0.00991	0.01223	0.06327	0.00991	0.01403	0.00783	0.01018	0.00647	0.00376	0.00407	0.00123	0.00489	0.00366	0.00215	0.00642
6	0.00485	0.00416	0.00416	0.00416	0.00554	0.00347	0.00312	0.00589	0.00936	0.01109	0.04158	0.03950	0.82847	0.01040	0.00485	0.00139	0.00208	0.00866	0.00381	0.00347
7	0.01833	0.00712	0.00961	0.00737	0.01055	0.00623	0.00609	0.04355	0.01197	0.80911	0.01601	0.01385	0.01007	0.00508	0.00413	0.00127	0.00352	0.00412	0.00505	0.00699
8	0.00500	0.00357	0.00476	0.00572	0.00595	0.00333	0.00381	0.00572	0.00786	0.01048	0.02262	0.85306	0.02715	0.01286	0.00524	0.00167	0.00238	0.01167	0.00381	0.00333
9	0.00823	0.02123	0.83447	0.01170	0.01777	0.00953	0.01517	0.01300	0.00867	0.01300	0.00737	0.00867	0.00520	0.00390	0.00390	0.00130	0.00607	0.00303	0.00173	0.00607
10	0.14668	0.00896	0.01410	0.19108	0.53621	0.00954	0.01107	0.01208	0.00874	0.01359	0.00732	0.00977	0.00597	0.00377	0.00383	0.00126	0.00473	0.00343	0.00207	0.00578
11	0.00836	0.05949	0.79731	0.01149	0.01744	0.00984	0.01479	0.01297	0.00865	0.01285	0.00729	0.00857	0.00520	0.00388	0.00384	0.00128	0.00599	0.00299	0.00173	0.00603
12	0.88473	0.00794	0.00603	0.00540	0.00794	0.00921	0.00445	0.01207	0.00699	0.01842	0.00572	0.00667	0.00445	0.00381	0.00254	0.00127	0.00318	0.00222	0.00254	0.00445
13	0.01006	0.03998	0.12161	0.03292	0.60744	0.04455	0.01220	0.01302	0.03842	0.01316	0.00813	0.01061	0.00677	0.00393	0.00401	0.00123	0.00505	0.01858	0.00209	0.00625
14	0.00531	0.00418	0.00480	0.00464	0.00583	0.00366	0.00348	0.00679	0.01045	0.01368	0.42087	0.03524	0.44756	0.00943	0.00485	0.00134	0.00201	0.00807	0.00415	0.00366
15	0.00638	0.04151	0.03532	0.00539	0.00599	0.00482	0.00384	0.02122	0.00707	0.00934	0.01531	0.12558	0.05001	0.52444	0.01504	0.03862	0.00378	0.08052	0.00276	0.00305
16	0.01061	0.51704	0.18856	0.00910	0.01302	0.01398	0.06796	0.07860	0.00932	0.01195	0.00657	0.00772	0.00547	0.00386	0.00364	0.00107	0.04125	0.00275	0.00197	0.00556
17	0.00775	0.00730	0.01231	0.84587	0.02827	0.00912	0.01140	0.01049	0.00821	0.01049	0.00730	0.01094	0.00547	0.00410	0.00410	0.00137	0.00547	0.00365	0.00182	0.00456
18	0.00578	0.00419	0.00544	0.00513	0.00611	0.00386	0.00385	0.00768	0.01154	0.01627	0.80021	0.03097	0.06661	0.00846	0.00484	0.00129	0.00194	0.00747	0.00449	0.00386
19	0.02632	0.40098	0.28159	0.00920	0.01332	0.07871	0.02688	0.04773	0.00928	0.04418	0.00693	0.00790	0.00552	0.00390	0.00352	0.00110	0.02259	0.00273	0.00203	0.00560
20	0.00755	0.00567	0.00622	0.00578	0.00635	0.03663	0.00389	0.10338	0.00787	0.01045	0.01182	0.02208	0.01268	0.58277	0.13118	0.00384	0.03062	0.00528	0.00261	0.00333
21	0.00582	0.00392	0.00452	0.00467	0.00471	0.00388	0.00269	0.00593	0.00627	0.00835	0.01445	0.15630	0.01684	0.72369	0.01844	0.00362	0.00373	0.00686	0.00269	0.00262
22	0.00658	0.00498	0.00644	0.00639	0.01927	0.00538	0.01970	0.00885	0.12052	0.01017	0.01350	0.09367	0.01383	0.36075	0.28759	0.00419	0.00613	0.00571	0.00273	0.00363
23	0.00991	0.17591	0.42100	0.01163	0.07728	0.09946	0.04935	0.04857	0.00946	0.01256	0.00778	0.04476	0.00639	0.00425	0.00376	0.00121	0.00562	0.00337	0.00201	0.00571
24	0.00591	0.00508	0.04004	0.03932	0.00747	0.00427	0.00448	0.00769	0.02577	0.03167	0.33785	0.14867	0.30807	0.00924	0.00480	0.00138	0.00243	0.00800	0.00395	0.00389
25	0.00566	0.00407	0.00549	0.00638	0.00697	0.00391	0.00491	0.00688	0.00863	0.01134	0.03738	0.47635	0.06228	0.01206	0.00539	0.00174	0.00292	0.33030	0.00381	0.00353
26	0.00939	0.00874	0.02948	0.04079	0.35518	0.00872	0.09952	0.06150	0.10646	0.02486	0.01252	0.12719	0.03171	0.00619	0.01907	0.00146	0.01380	0.03495	0.00280	0.00568

[dist]
# distance from previous block
# <min> <max>
0	3

[block]
# block no. 6 follows, 65 sequences, length 37
# corresponding to MSA columns:
# 1153-1189
name=unknown_G
#
# <colnr> <probs for GDERKNQSTAVLIFYWHMCP>
#	G	D	E	R	K	N	Q	S	T	A	V	L	I	F	Y	W	H	M	C	P
0	0.01148	0.01363	0.09391	0.06796	0.39154	0.24889	0.03732	0.04426	0.01019	0.01261	0.00731	0.00926	0.00595	0.00400	0.00419	0.00121	0.02507	0.00334	0.00209	0.00578
1	0.00743	0.00441	0.00589	0.00579	0.00604	0.03243	0.00403	0.02482	0.00606	0.00799	0.00769	0.01274	0.00749	0.01595	0.12738	0.71132	0.00473	0.00365	0.00190	0.00226
2	0.00998	0.00940	0.10157	0.07540	0.08633	0.00827	0.13203	0.11001	0.04718	0.10775	0.06892	0.04890	0.13229	0.00589	0.00475	0.00135	0.03617	0.00517	0.00317	0.00545
3	0.01121	0.22638	0.10460	0.05194	0.21242	0.15136	0.06722	0.03662	0.06061	0.02926	0.00776	0.00913	0.00625	0.00393	0.00369	0.00115	0.00534	0.00321	0.00219	0.00572
4	0.00869	0.09557	0.55547	0.01115	0.01575	0.01034	0.05659	0.01232	0.00837	0.02353	0.00770	0.04174	0.00622	0.00467	0.00524	0.00135	0.12429	0.00349	0.00189	0.00565
5	0.00502	0.00399	0.00451	0.00478	0.00577	0.00348	0.00345	0.00606	0.00913	0.01146	0.11397	0.28589	0.49466	0.01096	0.00498	0.00147	0.00218	0.02089	0.00388	0.00347
6	0.01246	0.11463	0.06793	0.05391	0.05883	0.46803	0.07427	0.01419	0.01048	0.01098	0.04702	0.03332	0.00768	0.00447	0.00382	0.00113	0.00628	0.00339	0.00219	0.00497
7	0.04574	0.10480	0.15328	0.01419	0.22636	0.17609	0.06438	0.11644	0.02364	0.01406	0.00776	0.02090	0.00626	0.00411	0.00383	0.00119	0.00549	0.00335	0.00232	0.00582
8	0.01772	0.00740	0.00971	0.00749	0.01061	0.00671	0.00617	0.09501	0.03019	0.72289	0.03155	0.01394	0.01047	0.00514	0.00414	0.00127	0.00355	0.00416	0.00496	0.00691
9	0.01097	0.85821	0.02151	0.00702	0.01054	0.01624	0.00702	0.01229	0.00834	0.00966	0.00571	0.00658	0.00527	0.00351	0.00263	0.00088	0.00439	0.00219	0.00176	0.00527
10	0.00607	0.00413	0.00495	0.00506	0.00532	0.00419	0.00327	0.00672	0.01915	0.00933	0.04143	0.08079	0.01656	0.58186	0.09392	0.00366	0.00436	0.06932	0.03700	0.00292
11	0.00510	0.00417	0.00451	0.00442	0.00570	0.00357	0.00332	0.00638	0.00995	0.01249	0.24721	0.03719	0.62197	0.00987	0.00485	0.00136	0.00204	0.00834	0.00400	0.00357
12	0.00586	0.00420	0.00569	0.00573	0.00616	0.00460	0.00404	0.00672	0.00642	0.00897	0.01231	0.06096	0.01289	0.34926	0.48205	0.00534	0.00786	0.00536	0.00239	0.00319
13	0.00578	0.00407	0.00472	0.00466	0.00512	0.00389	0.00300	0.00643	0.00789	0.01053	0.20974	0.03009	0.14276	0.51004	0.01436	0.00291	0.00321	0.02462	0.00319	0.00299
14	0.01187	0.00553	0.00721	0.00604	0.00806	0.00499	0.00479	0.01384	0.02919	0.38957	0.33336	0.02107	0.03407	0.00643	0.00427	0.00125	0.00268	0.00546	0.10500	0.00534
15	0.01697	0.00821	0.01011	0.00783	0.01093	0.00798	0.00644	0.23926	0.04739	0.55118	0.01438	0.01293	0.00939	0.00505	0.00408	0.00125	0.00372	0.00402	0.03200	0.00687
16	0.00898	0.00898	0.01257	0.01078	0.01078	0.01257	0.00898	0.00988	0.00629	0.00988	0.00539	0.00898	0.00539	0.00718	0.01347	0.00180	0.84823	0.00359	0.00180	0.00449
17	0.01560	0.01150	0.01232	0.00944	0.01273	0.01273	0.00780	0.81645	0.01930	0.02587	0.00986	0.00986	0.00698	0.00493	0.00411	0.00123	0.00452	0.00370	0.00411	0.00698
18	0.00969	0.01107	0.02422	0.01730	0.02145	0.01038	0.81522	0.01315	0.00969	0.01315	0.00830	0.01107	0.00623	0.00346	0.00484	0.00138	0.00692	0.00484	0.00208	0.00554
19	0.88473	0.00794	0.00603	0.00540	0.00794	0.00921	0.00445	0.01207	0.00699	0.01842	0.00572	0.00667	0.00445	0.00381	0.00254	0.00127	0.00318	0.00222	0.00254	0.00445
20	0.00858	0.00549	0.00579	0.00535	0.00676	0.00584	0.00411	0.07230	0.18071	0.01661	0.10395	0.01660	0.01380	0.00536	0.00345	0.00111	0.00239	0.00439	0.53279	0.00463
21	0.00778	0.00646	0.00769	0.00583	0.00875	0.00504	0.00460	0.00963	0.00935	0.01421	0.22978	0.01452	0.01493	0.00449	0.00353	0.00079	0.00274	0.00379	0.00300	0.64309
22	0.00606	0.00446	0.00571	0.00535	0.00639	0.00424	0.00402	0.00855	0.05823	0.01650	0.78135	0.02978	0.03723	0.00823	0.00480	0.00130	0.00201	0.00726	0.00450	0.00402
23	0.01420	0.01002	0.01095	0.00880	0.01176	0.01102	0.00714	0.45002	0.28239	0.12964	0.01295	0.01219	0.00923	0.00516	0.00413	0.00129	0.00396	0.00406	0.00426	0.00682
24	0.00669	0.00477	0.00536	0.00518	0.00666	0.00432	0.00402	0.00865	0.06521	0.08416	0.11104	0.04828	0.51972	0.02428	0.00511	0.00147	0.00247	0.08461	0.00399	0.00403
25	0.00579	0.00493	0.00595	0.00593	0.00687	0.00509	0.00467	0.00689	0.00867	0.01098	0.03025	0.14831	0.46812	0.01036	0.00641	0.00156	0.13844	0.12363	0.00348	0.00366
26	0.00499	0.00362	0.00471	0.00559	0.00592	0.00334	0.00375	0.00573	0.00798	0.01053	0.02418	0.78630	0.09291	0.01266	0.00521	0.00164	0.00236	0.01142	0.00381	0.00334
27	0.00508	0.00369	0.00478	0.00561	0.00599	0.00343	0.00384	0.00587	0.00803	0.01055	0.02418	0.71563	0.10493	0.03444	0.00563	0.00171	0.00246	0.04703	0.00377	0.00335
28	0.09331	0.00805	0.01009	0.00841	0.05052	0.00775	0.00655	0.16870	0.01263	0.57009	0.01367	0.01237	0.00889	0.00487	0.00398	0.00126	0.00372	0.00386	0.00453	0.00674
29	0.00929	0.00917	0.01570	0.34216	0.41117	0.02822	0.10108	0.01193	0.00899	0.01217	0.00759	0.01050	0.00605	0.00382	0.00416	0.00129	0.00539	0.00376	0.00196	0.00560
30	0.00506	0.00362	0.00483	0.00579	0.00605	0.00339	0.00392	0.00582	0.00792	0.01055	0.02259	0.82265	0.02702	0.01280	0.00526	0.00168	0.00243	0.04148	0.00381	0.00335
31	0.00499	0.00405	0.00434	0.00448	0.00558	0.00349	0.00324	0.00596	0.00904	0.01109	0.07705	0.17111	0.61230	0.05754	0.00580	0.00157	0.00223	0.00894	0.00377	0.00341
32	0.00938	0.07928	0.46600	0.05718	0.12265	0.01036	0.08061	0.06958	0.04182	0.01375	0.00791	0.00937	0.00589	0.00395	0.00394	0.00127	0.00561	0.00335	0.00207	0.00602
33	0.01131	0.14162	0.07640	0.00836	0.01079	0.12673	0.01521	0.06069	0.05521	0.14956	0.01232	0.06692	0.01097	0.00847	0.08288	0.00182	0.03699	0.11545	0.00309	0.00521
34	0.85006	0.00801	0.00645	0.00618	0.04054	0.00923	0.00477	0.01209	0.00708	0.01822	0.00580	0.00681	0.00453	0.00380	0.00260	0.00127	0.00324	0.00228	0.00252	0.00453
35	0.00522	0.00422	0.00479	0.00488	0.00585	0.00387	0.00355	0.00624	0.00903	0.01142	0.13151	0.20646	0.49061	0.05334	0.00608	0.00158	0.03531	0.00880	0.00375	0.00348
36	0.00569	0.00412	0.00476	0.00494	0.00598	0.00362	0.00358	0.00671	0.00907	0.05116	0.09031	0.29199	0.44312	0.03494	0.00541	0.00154	0.00232	0.02326	0.00389	0.00360

[dist]
# distance from previous block
# <min> <max>
1	33

[block]
# block no. 7 follows, 65 sequences, length 30
# corresponding to MSA columns:
# 1223-1252
name=unknown_H
#
# <colnr> <probs for GDERKNQSTAVLIFYWHMCP>
#	G	D	E	R	K	N	Q	S	T	A	V	L	I	F	Y	W	H	M	C	P
0	0.09842	0.05981	0.01418	0.04715	0.36505	0.17317	0.03446	0.03055	0.02595	0.01287	0.00722	0.00933	0.00608	0.01547	0.00488	0.00128	0.08311	0.00331	0.00215	0.00555
1	0.01016	0.01019	0.01681	0.09944	0.62468	0.05406	0.09924	0.01267	0.00940	0.01293	0.00767	0.01018	0.00631	0.00371	0.00413	0.00124	0.00529	0.00373	0.00202	0.00612
2	0.00822	0.00777	0.01083	0.23389	0.24684	0.05196	0.00862	0.01104	0.07298	0.01266	0.11366	0.01893	0.17407	0.00587	0.00431	0.00131	0.00413	0.00513	0.00280	0.00497
3	0.00537	0.00424	0.00453	0.00442	0.00578	0.00360	0.00333	0.00658	0.00982	0.03291	0.18263	0.03726	0.66541	0.00990	0.00483	0.00137	0.00209	0.00832	0.00397	0.00363
4	0.57611	0.00897	0.00812	0.00673	0.00953	0.01012	0.00555	0.25732	0.01098	0.06212	0.00751	0.00801	0.00551	0.00422	0.00310	0.00126	0.00360	0.00277	0.00315	0.00535
5	0.00526	0.00408	0.00474	0.00494	0.00590	0.00364	0.00363	0.00640	0.00927	0.01185	0.17825	0.20299	0.40900	0.06202	0.00597	0.00162	0.00236	0.07074	0.00386	0.00348
6	0.00504	0.00360	0.00480	0.00569	0.00596	0.00336	0.00381	0.00581	0.00803	0.01076	0.06005	0.81484	0.02769	0.01265	0.00522	0.00165	0.00236	0.01147	0.00384	0.00336
7	0.44656	0.00711	0.00717	0.00598	0.00859	0.00736	0.00490	0.01492	0.00904	0.33906	0.01069	0.01050	0.00737	0.00442	0.00320	0.00124	0.00316	0.00315	0.10021	0.00538
8	0.00661	0.00472	0.00661	0.00756	0.00850	0.00472	0.00661	0.00850	0.00945	0.01228	0.02173	0.04630	0.02362	0.01134	0.00567	0.00189	0.00378	0.80250	0.00378	0.00378
9	0.01828	0.00754	0.00962	0.00745	0.01058	0.04248	0.00612	0.01985	0.01174	0.79698	0.01576	0.01368	0.00995	0.00504	0.00411	0.00126	0.00366	0.00406	0.00495	0.00689
10	0.88473	0.00794	0.00603	0.00540	0.00794	0.00921	0.00445	0.01207	0.00699	0.01842	0.00572	0.00667	0.00445	0.00381	0.00254	0.00127	0.00318	0.00222	0.00254	0.00445
11	0.00546	0.00444	0.00476	0.00463	0.00597	0.00398	0.00349	0.00737	0.05931	0.01276	0.21430	0.03544	0.58190	0.00951	0.00476	0.00135	0.00211	0.00802	0.02670	0.00375
12	0.01418	0.01594	0.01086	0.00971	0.01186	0.57272	0.00749	0.15624	0.01262	0.01334	0.00869	0.01158	0.00744	0.00498	0.00389	0.00115	0.00626	0.07012	0.05591	0.00501
13	0.01280	0.01568	0.00993	0.00932	0.01103	0.63486	0.00690	0.01379	0.01077	0.01018	0.01109	0.18121	0.04312	0.00624	0.00406	0.00120	0.00616	0.00473	0.00253	0.00442
14	0.88473	0.00794	0.00603	0.00540	0.00794	0.00921	0.00445	0.01207	0.00699	0.01842	0.00572	0.00667	0.00445	0.00381	0.00254	0.00127	0.00318	0.00222	0.00254	0.00445
15	0.00851	0.00730	0.00851	0.00608	0.00973	0.00547	0.00486	0.01034	0.00851	0.01338	0.00730	0.00851	0.00608	0.00304	0.00304	0.00061	0.00304	0.00243	0.00243	0.88083
16	0.00652	0.00451	0.00529	0.00507	0.00547	0.00460	0.00324	0.05563	0.00765	0.01042	0.13064	0.02543	0.01748	0.60850	0.08974	0.00365	0.00434	0.00590	0.00285	0.00307
17	0.00655	0.00496	0.00687	0.00656	0.00749	0.00554	0.00503	0.04500	0.00726	0.01039	0.01106	0.03701	0.01063	0.11304	0.62185	0.00546	0.03130	0.00457	0.00236	0.05706
18	0.79223	0.00772	0.00622	0.00559	0.00799	0.00894	0.00458	0.02893	0.00722	0.01783	0.00625	0.00753	0.00499	0.00610	0.07290	0.00172	0.00386	0.00244	0.00255	0.00443
19	0.00880	0.00546	0.00760	0.03836	0.07758	0.00521	0.00590	0.01073	0.02895	0.17270	0.21621	0.13665	0.07929	0.00850	0.00483	0.00147	0.00311	0.17998	0.00401	0.00467
20	0.01081	0.80731	0.07095	0.00731	0.01098	0.01583	0.00752	0.01233	0.00836	0.00986	0.00581	0.00671	0.00526	0.00354	0.00271	0.00090	0.00449	0.00225	0.00175	0.00532
21	0.00979	0.01027	0.02011	0.10886	0.19649	0.01017	0.48495	0.03846	0.05317	0.01353	0.00857	0.01105	0.00657	0.00373	0.00454	0.00134	0.00605	0.00441	0.00222	0.00574
22	0.01076	0.00875	0.01061	0.04814	0.12447	0.00974	0.00756	0.18479	0.37511	0.03529	0.01343	0.05804	0.01075	0.00760	0.07439	0.00178	0.00445	0.00461	0.00359	0.00612
23	0.00578	0.00380	0.00483	0.00527	0.00541	0.00370	0.00339	0.00591	0.00682	0.00908	0.01645	0.35751	0.01917	0.35037	0.01309	0.12991	0.00327	0.05045	0.00299	0.00279
24	0.00648	0.00414	0.00505	0.00508	0.00549	0.00400	0.00330	0.00707	0.00762	0.05394	0.13990	0.16603	0.02077	0.50019	0.01421	0.00294	0.00336	0.04407	0.00322	0.00314
25	0.06055	0.00509	0.00629	0.00612	0.00741	0.00503	0.00487	0.01001	0.07885	0.06504	0.43471	0.05235	0.04860	0.00852	0.00480	0.00145	0.00265	0.18919	0.00420	0.00427
26	0.00903	0.00860	0.01462	0.41045	0.45371	0.00946	0.01204	0.01161	0.00881	0.01204	0.00752	0.01053	0.00602	0.00387	0.00408	0.00129	0.00516	0.00365	0.00193	0.00559
27	0.01567	0.00658	0.00872	0.00705	0.00973	0.00584	0.00572	0.05210	0.01145	0.63451	0.01832	0.10550	0.06201	0.00642	0.00434	0.00134	0.00334	0.03029	0.00478	0.00628
28	0.00577	0.00432	0.00624	0.00628	0.00699	0.00488	0.00479	0.00709	0.00678	0.00957	0.01348	0.05481	0.06105	0.07893	0.70244	0.00591	0.00965	0.00507	0.00239	0.00357
29	0.01290	0.00980	0.01185	0.04611	0.03079	0.01067	0.06839	0.49508	0.08546	0.04185	0.01079	0.01305	0.00856	0.12805	0.00660	0.00166	0.00453	0.00420	0.00360	0.00606

[dist]
# distance from previous block
# <min> <max>
0	1

[block]
# block no. 8 follows, 65 sequences, length 33
# corresponding to MSA columns:
# 1254-1286
name=unknown_I
#
# <colnr> <probs for GDERKNQSTAVLIFYWHMCP>
#	G	D	E	R	K	N	Q	S	T	A	V	L	I	F	Y	W	H	M	C	P
0	0.01266	0.00869	0.01030	0.03419	0.07245	0.00942	0.00713	0.10487	0.46003	0.21135	0.01491	0.01390	0.01072	0.00520	0.00415	0.00133	0.00363	0.00432	0.00415	0.00661
1	0.00501	0.00412	0.00427	0.00429	0.00548	0.00353	0.00312	0.00598	0.00908	0.01101	0.07407	0.06627	0.68489	0.09300	0.00643	0.00165	0.00227	0.00845	0.00371	0.00338
2	0.04887	0.01982	0.75003	0.01116	0.01691	0.00932	0.01416	0.01335	0.00876	0.05954	0.00779	0.00887	0.00545	0.00396	0.00385	0.00130	0.00579	0.00306	0.00196	0.00604
3	0.09780	0.01268	0.01253	0.04436	0.09781	0.26605	0.05412	0.14837	0.04809	0.01436	0.00746	0.00902	0.00603	0.00480	0.00557	0.00130	0.15849	0.00331	0.00250	0.00535
4	0.01046	0.49776	0.30643	0.00881	0.01317	0.03230	0.00989	0.02999	0.00888	0.03931	0.00675	0.00766	0.00545	0.00375	0.00319	0.00105	0.00502	0.00260	0.00192	0.00563
5	0.01506	0.01075	0.01202	0.07155	0.01365	0.01179	0.00787	0.67850	0.01766	0.08441	0.01008	0.01021	0.00708	0.00483	0.00408	0.00123	0.00448	0.00369	0.00397	0.02706
6	0.00542	0.00386	0.00519	0.00610	0.00649	0.00369	0.00442	0.00638	0.00816	0.01080	0.02202	0.62963	0.02582	0.04659	0.00597	0.00181	0.00278	0.19770	0.00375	0.00340
7	0.02733	0.00735	0.01006	0.16589	0.08228	0.07182	0.06893	0.01084	0.03140	0.07729	0.01537	0.21530	0.03329	0.00770	0.00468	0.00149	0.00430	0.15698	0.00310	0.00460
8	0.00823	0.02123	0.83447	0.01170	0.01777	0.00953	0.01517	0.01300	0.00867	0.01300	0.00737	0.00867	0.00520	0.00390	0.00390	0.00130	0.00607	0.00303	0.00173	0.00607
9	0.00500	0.00357	0.00476	0.00572	0.00595	0.00333	0.00381	0.00572	0.00786	0.01048	0.02262	0.85306	0.02715	0.01286	0.00524	0.00167	0.00238	0.01167	0.00381	0.00333
10	0.00597	0.00398	0.00448	0.00448	0.00448	0.00398	0.00249	0.00597	0.00597	0.00796	0.01293	0.02686	0.01492	0.85574	0.02089	0.00398	0.00398	0.00597	0.00249	0.00249
11	0.00884	0.01663	0.47577	0.01383	0.01883	0.01002	0.32641	0.01289	0.00894	0.01289	0.00763	0.00962	0.00561	0.00390	0.00477	0.00136	0.05063	0.00377	0.00187	0.00578
12	0.00573	0.00388	0.00455	0.00478	0.00484	0.00382	0.00281	0.00591	0.00643	0.00858	0.01531	0.22953	0.01792	0.64898	0.01705	0.00341	0.00359	0.00737	0.00281	0.00269
13	0.01006	0.01115	0.02123	0.01555	0.01931	0.05281	0.64673	0.01468	0.13762	0.01362	0.00953	0.01155	0.00717	0.00383	0.00468	0.00137	0.00637	0.00470	0.00241	0.00565
14	0.01223	0.15527	0.01530	0.04311	0.33474	0.33676	0.00975	0.01393	0.01000	0.01132	0.00680	0.00849	0.00577	0.00392	0.00381	0.00111	0.01715	0.00301	0.00201	0.00552
15	0.00652	0.00517	0.03358	0.00522	0.00598	0.00463	0.00355	0.00750	0.04385	0.00937	0.01285	0.04160	0.01411	0.64404	0.01668	0.00327	0.00387	0.03694	0.00261	0.09865
16	0.04360	0.38314	0.13574	0.02659	0.02745	0.13965	0.03558	0.01343	0.05743	0.02041	0.00703	0.00822	0.00585	0.00447	0.01515	0.00119	0.06489	0.00283	0.00204	0.00531
17	0.01506	0.01111	0.01193	0.00928	0.01246	0.01232	0.00762	0.71280	0.10824	0.04064	0.01074	0.01054	0.00766	0.00500	0.00411	0.00125	0.00436	0.00381	0.00413	0.00693
18	0.00782	0.04134	0.02867	0.00919	0.09604	0.01989	0.07801	0.04372	0.08938	0.02333	0.14341	0.20086	0.13725	0.02244	0.00482	0.00139	0.00342	0.00682	0.00341	0.03878
19	0.00864	0.00919	0.01738	0.01324	0.01604	0.04199	0.49429	0.01116	0.00925	0.01240	0.03842	0.18294	0.01223	0.00609	0.00530	0.00145	0.04766	0.04255	0.00258	0.02722
20	0.01516	0.01037	0.01147	0.00901	0.01208	0.01124	0.00746	0.63793	0.03651	0.12560	0.01169	0.01322	0.00875	0.00544	0.00423	0.00129	0.00430	0.06331	0.00421	0.00673
21	0.00865	0.00791	0.01351	0.17411	0.39022	0.00810	0.08087	0.01090	0.00918	0.03000	0.07443	0.12922	0.03392	0.00557	0.00439	0.00133	0.00449	0.00530	0.00255	0.00534
22	0.01005	0.02172	0.08571	0.01612	0.39533	0.00833	0.02264	0.05907	0.02889	0.08824	0.10177	0.04878	0.01279	0.00550	0.00433	0.00132	0.00430	0.07631	0.00295	0.00584
23	0.00565	0.00411	0.00578	0.00603	0.00652	0.00447	0.00437	0.00669	0.00684	0.00954	0.01442	0.24298	0.01553	0.15334	0.48861	0.00487	0.00759	0.00660	0.00268	0.00339
24	0.00666	0.00583	0.00881	0.04818	0.15720	0.00559	0.06626	0.00848	0.02245	0.01234	0.11955	0.18777	0.26243	0.00860	0.00479	0.00143	0.00328	0.06266	0.00336	0.00431
25	0.00962	0.07256	0.35055	0.08780	0.05275	0.02929	0.26885	0.01321	0.00919	0.05575	0.00800	0.00981	0.00587	0.00381	0.00415	0.00129	0.00602	0.00368	0.00205	0.00574
26	0.09115	0.01025	0.01098	0.00863	0.01169	0.02381	0.00708	0.53678	0.06747	0.15194	0.01091	0.01070	0.00767	0.00554	0.02530	0.00139	0.00437	0.00370	0.00405	0.00661
27	0.00535	0.00404	0.00497	0.00558	0.00627	0.00376	0.00404	0.00661	0.03077	0.01109	0.04016	0.47455	0.23816	0.03325	0.00556	0.00167	0.00254	0.11432	0.00379	0.00350
28	0.00921	0.00962	0.07655	0.41884	0.17826	0.00951	0.16182	0.03568	0.00918	0.04028	0.00795	0.01072	0.00599	0.00394	0.00422	0.00133	0.00558	0.00385	0.00208	0.00538
29	0.00728	0.00685	0.03857	0.00622	0.00796	0.04135	0.00495	0.04585	0.20145	0.01333	0.07041	0.10035	0.37891	0.02309	0.03338	0.00160	0.00320	0.00703	0.00372	0.00449
30	0.00513	0.00406	0.00445	0.00455	0.00567	0.00352	0.00334	0.00629	0.00945	0.01198	0.16000	0.16532	0.54955	0.01027	0.00484	0.00140	0.00210	0.00877	0.03581	0.00352
31	0.00502	0.00411	0.00438	0.00441	0.00560	0.00353	0.00324	0.00610	0.00938	0.01156	0.13323	0.09913	0.64066	0.04453	0.00553	0.00150	0.00216	0.00863	0.00384	0.00346
32	0.05819	0.06566	0.01152	0.03168	0.02245	0.25172	0.00719	0.19410	0.01281	0.28933	0.01039	0.01019	0.00727	0.00459	0.00383	0.00118	0.00497	0.00336	0.00354	0.00603

[dist]
# distance from previous block
# <min> <max>
0	1

[block]
# block no. 9 follows, 65 sequences, length 26
# corresponding to MSA columns:
# 1288-1313
name=unknown_J
#
# <colnr> <probs for GDERKNQSTAVLIFYWHMCP>
#	G	D	E	R	K	N	Q	S	T	A	V	L	I	F	Y	W	H	M	C	P
0	0.01185	0.01022	0.01213	0.01977	0.01209	0.13442	0.09967	0.18035	0.01124	0.10303	0.06319	0.01202	0.00912	0.00805	0.09254	0.00191	0.19013	0.00401	0.01894	0.00530
1	0.16999	0.05923	0.01113	0.00948	0.01174	0.65044	0.00727	0.01542	0.01064	0.01152	0.00620	0.00723	0.00514	0.00412	0.00344	0.00109	0.00650	0.00255	0.00217	0.00473
2	0.00647	0.00427	0.00544	0.00509	0.00616	0.00394	0.00384	0.00836	0.01125	0.05012	0.68540	0.02883	0.06536	0.00798	0.00462	0.00126	0.00200	0.00699	0.08861	0.00398
3	0.01006	0.00965	0.01647	0.06077	0.79537	0.00973	0.01255	0.01251	0.00930	0.01328	0.00770	0.01019	0.00646	0.00368	0.00407	0.00123	0.00490	0.00366	0.00202	0.00642
4	0.00511	0.00412	0.00455	0.00455	0.00573	0.00356	0.00337	0.00634	0.00979	0.01238	0.23749	0.10931	0.55910	0.01011	0.00488	0.00139	0.00207	0.00862	0.00399	0.00356
5	0.00917	0.00622	0.00671	0.00617	0.00782	0.00673	0.00475	0.02690	0.34915	0.06049	0.08213	0.04690	0.01421	0.00572	0.00375	0.00121	0.00261	0.00476	0.34945	0.00515
6	0.00587	0.00399	0.00476	0.00485	0.00496	0.00406	0.00293	0.00611	0.00622	0.00839	0.01361	0.10308	0.01550	0.67571	0.11958	0.00408	0.00469	0.00631	0.00258	0.00271
7	0.00587	0.00426	0.00521	0.00493	0.00608	0.00381	0.00371	0.00753	0.01096	0.03676	0.57566	0.03281	0.26952	0.00889	0.00483	0.00132	0.00202	0.00770	0.00433	0.00384
