[name]
unknown

[dist]
# distance from previous block
# <min> <max>
0	40

[block]
# block no. 0 follows, 65 sequences, length 41
# corresponding to MSA columns:
# 40-80
name=unknown_A
#
# <colnr> <probs for GDERKNQSTAVLIFYWHMCP>
#	G	D	E	R	K	N	Q	S	T	A	V	L	I	F	Y	W	H	M	C	P
0	0.08935	0.01084	0.01148	0.00900	0.01210	0.01201	0.00745	0.70530	0.01773	0.02452	0.01013	0.01150	0.00764	0.00517	0.00405	0.00127	0.00436	0.04554	0.00396	0.00660
1	0.00523	0.00453	0.04774	0.00604	0.00662	0.00370	0.00445	0.00622	0.00807	0.01087	0.05294	0.76307	0.02640	0.01220	0.00516	0.00164	0.00258	0.02531	0.00373	0.00350
2	0.00730	0.00662	0.01173	0.00962	0.01157	0.00622	0.28074	0.02667	0.00901	0.01223	0.01765	0.26772	0.09257	0.05191	0.00569	0.00160	0.00416	0.08973	0.05868	0.02859
3	0.00518	0.00379	0.00493	0.00567	0.00613	0.00345	0.00384	0.00596	0.00796	0.01065	0.02262	0.77545	0.05947	0.01225	0.00511	0.00160	0.00240	0.01107	0.00374	0.04873
4	0.01750	0.00835	0.05259	0.00783	0.01117	0.00714	0.00675	0.12950	0.01263	0.67923	0.01486	0.01313	0.00947	0.00500	0.00411	0.00127	0.00377	0.00401	0.00477	0.00694
5	0.00803	0.00672	0.00940	0.00837	0.00844	0.00875	0.00661	0.00800	0.00612	0.00895	0.00815	0.01247	0.04894	0.04509	0.01419	0.29388	0.48858	0.00394	0.00192	0.00345
6	0.00902	0.00974	0.02004	0.21015	0.06473	0.00969	0.54381	0.01212	0.00923	0.01240	0.00878	0.05455	0.00715	0.00411	0.00465	0.00139	0.00624	0.00486	0.00210	0.00525
7	0.00560	0.00411	0.00534	0.00562	0.00640	0.00376	0.00408	0.00692	0.00944	0.01295	0.31192	0.41238	0.06536	0.01051	0.00500	0.00148	0.00236	0.07382	0.00399	0.04896
8	0.03440	0.06659	0.07427	0.10949	0.29294	0.06402	0.04981	0.05850	0.01948	0.04165	0.02760	0.02181	0.00784	0.04208	0.05161	0.00166	0.02453	0.00382	0.00235	0.00552
9	0.21994	0.28017	0.03268	0.00870	0.02212	0.32205	0.03766	0.01382	0.00932	0.01214	0.00611	0.00718	0.00513	0.00386	0.00314	0.00107	0.00537	0.00251	0.00209	0.00493
10	0.00932	0.00892	0.01517	0.23177	0.54814	0.00950	0.03079	0.01174	0.00890	0.01243	0.00804	0.03902	0.00689	0.00422	0.00450	0.00130	0.03758	0.00395	0.00203	0.00580
11	0.01036	0.01138	0.03609	0.04558	0.04309	0.18700	0.00859	0.01254	0.07761	0.01111	0.00696	0.00926	0.00608	0.00568	0.00862	0.00144	0.42839	0.00336	0.00213	0.08471
12	0.00605	0.00412	0.00503	0.00480	0.00582	0.00382	0.00360	0.00789	0.01081	0.01567	0.59070	0.02872	0.11791	0.00793	0.00447	0.00124	0.00195	0.00688	0.16876	0.00382
13	0.00500	0.00357	0.00476	0.00572	0.00595	0.00333	0.00381	0.00572	0.00786	0.01048	0.02262	0.85306	0.02715	0.01286	0.00524	0.00167	0.00238	0.01167	0.00381	0.00333
14	0.00536	0.00395	0.00501	0.00522	0.00597	0.00361	0.00373	0.00669	0.00985	0.01337	0.40222	0.34408	0.15500	0.01039	0.00499	0.00145	0.00213	0.00922	0.00414	0.00361
15	0.00540	0.00418	0.00493	0.00474	0.00588	0.00370	0.00355	0.00696	0.01066	0.01419	0.49543	0.03440	0.37269	0.00924	0.00485	0.00133	0.00200	0.00795	0.00422	0.00370
16	0.88473	0.00794	0.00603	0.00540	0.00794	0.00921	0.00445	0.01207	0.00699	0.01842	0.00572	0.00667	0.00445	0.00381	0.00254	0.00127	0.00318	0.00222	0.00254	0.00445
17	0.48688	0.00741	0.00717	0.00601	0.00861	0.00789	0.00493	0.05941	0.00925	0.25662	0.00985	0.00992	0.00692	0.00435	0.00313	0.00123	0.00321	0.00304	0.09891	0.00526
18	0.88473	0.00794	0.00603	0.00540	0.00794	0.00921	0.00445	0.01207	0.00699	0.01842	0.00572	0.00667	0.00445	0.00381	0.00254	0.00127	0.00318	0.00222	0.00254	0.00445
19	0.01009	0.28050	0.38402	0.01085	0.09071	0.02269	0.01101	0.01325	0.02112	0.07483	0.03939	0.00949	0.00713	0.00405	0.00357	0.00116	0.00505	0.00310	0.00217	0.00583
20	0.00580	0.00421	0.00548	0.00520	0.00618	0.00389	0.00393	0.00771	0.01148	0.01615	0.77659	0.03144	0.06515	0.00855	0.00487	0.00131	0.00200	0.03174	0.00447	0.00386
21	0.19054	0.00720	0.00865	0.00689	0.00982	0.00687	0.00565	0.01823	0.06222	0.59442	0.01405	0.01264	0.00918	0.00485	0.00378	0.00127	0.00337	0.00377	0.03026	0.00635
22	0.00732	0.00489	0.00682	0.00674	0.00779	0.00480	0.03608	0.03594	0.02008	0.08828	0.06445	0.34674	0.05461	0.04920	0.11685	0.00236	0.00415	0.13525	0.00364	0.00404
23	0.04873	0.00990	0.01089	0.00900	0.01177	0.01114	0.03816	0.32623	0.44876	0.02041	0.01329	0.01269	0.00982	0.00517	0.00411	0.00133	0.00387	0.00418	0.00400	0.00656
24	0.00775	0.00730	0.01231	0.84587	0.02827	0.00912	0.01140	0.01049	0.00821	0.01049	0.00730	0.01094	0.00547	0.00410	0.00410	0.00137	0.00547	0.00365	0.00182	0.00456
25	0.00523	0.00397	0.00477	0.00498	0.00582	0.00357	0.00355	0.00640	0.00945	0.01243	0.27510	0.30039	0.29906	0.03935	0.00552	0.00154	0.00220	0.00917	0.00398	0.00351
26	0.00887	0.04631	0.14919	0.01076	0.10726	0.10769	0.03574	0.01089	0.00843	0.01144	0.00943	0.11440	0.00903	0.01941	0.11149	0.00196	0.10197	0.00434	0.00226	0.12913
27	0.00989	0.00912	0.01448	0.01871	0.48111	0.01031	0.01073	0.01170	0.00833	0.04625	0.00787	0.04373	0.00710	0.00530	0.00735	0.00144	0.29475	0.00398	0.00215	0.00570
28	0.00505	0.00361	0.00482	0.00578	0.00604	0.00338	0.00390	0.00581	0.00791	0.01054	0.02260	0.82643	0.02703	0.01281	0.00525	0.00167	0.00243	0.03777	0.00381	0.00335
29	0.00533	0.03625	0.00537	0.00525	0.00605	0.00395	0.00376	0.00637	0.00894	0.01168	0.17070	0.45875	0.24061	0.01106	0.00497	0.00150	0.00230	0.00976	0.00386	0.00354
30	0.00952	0.00903	0.01162	0.08970	0.05067	0.07626	0.11403	0.06333	0.03009	0.01364	0.02388	0.02035	0.03455	0.00396	0.00370	0.00096	0.00428	0.00348	0.00253	0.43440
31	0.01396	0.00781	0.00928	0.00776	0.01044	0.00804	0.00620	0.02053	0.41365	0.40375	0.04123	0.01515	0.01221	0.00542	0.00417	0.00133	0.00332	0.00448	0.00462	0.00665
32	0.38269	0.14482	0.01311	0.01026	0.09496	0.15468	0.12111	0.01306	0.00863	0.01432	0.00639	0.00776	0.00518	0.00377	0.00324	0.00118	0.00481	0.00281	0.00223	0.00499
33	0.01319	0.00587	0.00711	0.00588	0.00804	0.00553	0.00472	0.06311	0.02924	0.39567	0.01456	0.01436	0.01019	0.00495	0.00356	0.00113	0.00283	0.00398	0.40056	0.00554
34	0.00961	0.00926	0.01495	0.11075	0.64287	0.03435	0.01149	0.01194	0.00937	0.01300	0.04332	0.02326	0.03915	0.00430	0.00413	0.00125	0.00476	0.00408	0.00221	0.00597
35	0.00512	0.00400	0.00465	0.00484	0.00580	0.00353	0.00350	0.00629	0.00948	0.01221	0.22503	0.26696	0.41275	0.01061	0.00496	0.00144	0.00213	0.00921	0.00398	0.00353
36	0.00994	0.00866	0.00946	0.00849	0.01056	0.01022	0.00666	0.02024	0.72205	0.01626	0.01552	0.01480	0.01183	0.00666	0.03665	0.00162	0.07570	0.00454	0.00390	0.00622
37	0.00537	0.00401	0.00499	0.00511	0.00596	0.00363	0.00369	0.00676	0.01004	0.01358	0.42622	0.27243	0.20289	0.01012	0.00496	0.00142	0.00210	0.00893	0.00416	0.00363
38	0.00543	0.00418	0.00495	0.00476	0.00590	0.00371	0.00357	0.00700	0.01071	0.01431	0.51298	0.03420	0.35506	0.00919	0.00485	0.00133	0.00199	0.00792	0.00424	0.00371
39	0.04379	0.00909	0.01047	0.00826	0.01132	0.00946	0.00675	0.33367	0.14779	0.35497	0.01345	0.01234	0.00911	0.00506	0.00408	0.00128	0.00385	0.00398	0.00447	0.00682
40	0.19772	0.04064	0.00885	0.03497	0.02018	0.01882	0.00532	0.02631	0.03242	0.01452	0.00721	0.00835	0.00588	0.00339	0.00303	0.00084	0.00332	0.00253	0.00248	0.56323

[dist]
# distance from previous block
# <min> <max>
1	5

[block]
# block no. 1 follows, 65 sequences, length 10
# corresponding to MSA columns:
# 86-95
name=unknown_B
#
# <colnr> <probs for GDERKNQSTAVLIFYWHMCP>
#	G	D	E	R	K	N	Q	S	T	A	V	L	I	F	Y	W	H	M	C	P
0	0.00580	0.00463	0.00511	0.00506	0.00609	0.02120	0.00367	0.00722	0.03337	0.01192	0.20510	0.09918	0.34493	0.14563	0.03437	0.00197	0.00289	0.03876	0.00365	0.01944
1	0.01078	0.19070	0.08411	0.00975	0.01172	0.11098	0.00869	0.08521	0.06526	0.01207	0.00693	0.00878	0.00597	0.00546	0.00772	0.00139	0.36388	0.00322	0.00219	0.00518
2	0.03947	0.09109	0.12305	0.03319	0.09297	0.02596	0.03234	0.04910	0.00947	0.09818	0.00819	0.00920	0.00630	0.00365	0.00346	0.00096	0.00416	0.00295	0.00255	0.36376
3	0.06670	0.13917	0.25676	0.01155	0.14112	0.01020	0.02783	0.07444	0.08577	0.06895	0.05281	0.01144	0.02697	0.00448	0.00380	0.00123	0.00460	0.00363	0.00267	0.00590
4	0.00514	0.00404	0.00462	0.00493	0.00589	0.00358	0.00361	0.00618	0.00898	0.01126	0.08671	0.25797	0.46196	0.04532	0.00567	0.00160	0.00236	0.07292	0.00380	0.00344
5	0.00853	0.00837	0.11031	0.06337	0.07989	0.03341	0.07137	0.03671	0.03060	0.07284	0.05507	0.16134	0.07665	0.02822	0.04013	0.10555	0.00442	0.00575	0.00290	0.00456
6	0.02467	0.05629	0.28837	0.02558	0.17271	0.03145	0.08305	0.02557	0.04322	0.04997	0.00922	0.01155	0.00741	0.03228	0.06593	0.00184	0.02969	0.00378	0.00244	0.03497
7	0.00844	0.03444	0.02216	0.09768	0.07900	0.04508	0.00690	0.06927	0.06535	0.03134	0.01245	0.18765	0.01237	0.07712	0.16300	0.00259	0.07219	0.00561	0.00279	0.00456
8	0.03784	0.05062	0.05860	0.00725	0.00880	0.14878	0.00588	0.04204	0.00891	0.05089	0.05362	0.07275	0.06613	0.18131	0.11376	0.00252	0.04861	0.03472	0.00278	0.00418
9	0.08722	0.14384	0.13580	0.00850	0.04721	0.03790	0.02596	0.07232	0.00963	0.05221	0.05969	0.05258	0.00992	0.00560	0.02566	0.00128	0.01596	0.02997	0.05937	0.11937

[dist]
# distance from previous block
# <min> <max>
11	41

[block]
# block no. 2 follows, 65 sequences, length 7
# corresponding to MSA columns:
# 141-147
name=unknown_C
#
# <colnr> <probs for GDERKNQSTAVLIFYWHMCP>
#	G	D	E	R	K	N	Q	S	T	A	V	L	I	F	Y	W	H	M	C	P
0	0.02464	0.04082	0.13718	0.07694	0.10873	0.04634	0.20097	0.01380	0.11212	0.07422	0.02352	0.05106	0.02876	0.00494	0.00443	0.00134	0.01849	0.02343	0.00268	0.00558
1	0.01026	0.14929	0.09622	0.00892	0.05366	0.09872	0.02508	0.08880	0.06324	0.05059	0.08751	0.08270	0.02554	0.02538	0.00432	0.00124	0.00427	0.02527	0.00295	0.09604
2	0.07638	0.08793	0.30092	0.03450	0.07094	0.05344	0.01010	0.11228	0.06399	0.10190	0.00922	0.02613	0.00693	0.00438	0.00377	0.00123	0.00489	0.00340	0.00270	0.02497
3	0.00990	0.55669	0.01813	0.00791	0.01092	0.01322	0.06783	0.01142	0.00812	0.01027	0.00667	0.00841	0.00602	0.00698	0.10395	0.00164	0.06016	0.00277	0.00190	0.08712
4	0.08818	0.00577	0.06703	0.00613	0.00722	0.00493	0.00476	0.00810	0.06935	0.01171	0.01961	0.52415	0.06622	0.08972	0.00625	0.00178	0.00293	0.00890	0.00344	0.00381
5	0.05090	0.06987	0.03804	0.02136	0.07084	0.03777	0.02617	0.14083	0.18083	0.13136	0.09006	0.03453	0.05022	0.00558	0.00439	0.00129	0.03206	0.00452	0.00358	0.00581
6	0.00678	0.00498	0.00631	0.02463	0.00789	0.00487	0.00505	0.08303	0.00975	0.01314	0.08167	0.38032	0.06648	0.01031	0.00498	0.00155	0.00297	0.20511	0.02557	0.05462

[dist]
# distance from previous block
# <min> <max>
1	50

[block]
# block no. 3 follows, 65 sequences, length 13
# corresponding to MSA columns:
# 204-216
name=unknown_D
#
# <colnr> <probs for GDERKNQSTAVLIFYWHMCP>
#	G	D	E	R	K	N	Q	S	T	A	V	L	I	F	Y	W	H	M	C	P
0	0.19581	0.00896	0.02816	0.15895	0.05997	0.08651	0.06072	0.05266	0.03368	0.10520	0.06072	0.01282	0.02631	0.00687	0.07230	0.00172	0.00504	0.01570	0.00284	0.00506
1	0.00638	0.00385	0.00493	0.00493	0.00502	0.00387	0.00308	0.00581	0.00587	0.00782	0.01141	0.02098	0.03590	0.45277	0.06734	0.34629	0.00418	0.00502	0.00223	0.00231
2	0.01394	0.00952	0.06592	0.03038	0.03643	0.03303	0.02929	0.15668	0.01146	0.34529	0.03034	0.01195	0.00857	0.00611	0.03168	0.00153	0.16425	0.00391	0.00362	0.00610
3	0.00603	0.00455	0.00522	0.00568	0.00632	0.03093	0.00409	0.00721	0.02292	0.01115	0.05950	0.35898	0.12117	0.14308	0.00747	0.00194	0.00295	0.13632	0.06104	0.00345
4	0.00542	0.00418	0.00495	0.00476	0.00590	0.00371	0.00357	0.00700	0.01071	0.01430	0.51195	0.03422	0.35610	0.00920	0.00485	0.00133	0.00199	0.00792	0.00423	0.00371
5	0.00577	0.00378	0.00477	0.00548	0.00593	0.00362	0.00387	0.00683	0.00810	0.01154	0.02016	0.54944	0.02276	0.05361	0.00560	0.00167	0.00253	0.09993	0.18118	0.00344
6	0.00911	0.00658	0.00720	0.00654	0.00834	0.00710	0.00506	0.01573	0.41096	0.06926	0.16061	0.01945	0.06768	0.00618	0.00407	0.00128	0.00269	0.00518	0.18164	0.00533
7	0.00971	0.00443	0.00491	0.00449	0.00587	0.00425	0.00347	0.01156	0.00921	0.17129	0.01393	0.01505	0.01045	0.00484	0.00311	0.00102	0.00221	0.00388	0.71190	0.00443
8	0.00499	0.00408	0.00441	0.00450	0.00567	0.00350	0.00331	0.00610	0.00943	0.01167	0.13693	0.15023	0.61994	0.01049	0.00490	0.00141	0.00210	0.00892	0.00390	0.00350
9	0.01121	0.31052	0.01386	0.00734	0.01068	0.13332	0.00632	0.06542	0.00974	0.04131	0.00708	0.00795	0.00588	0.00358	0.00310	0.00083	0.00428	0.00252	0.00235	0.35272
10	0.01264	0.52118	0.01736	0.00798	0.01114	0.15408	0.00716	0.09880	0.05884	0.06534	0.00759	0.00807	0.00620	0.00401	0.00316	0.00100	0.00479	0.00270	0.00242	0.00555
11	0.11954	0.03760	0.05379	0.01965	0.04000	0.00772	0.02196	0.01053	0.05620	0.02484	0.01020	0.06470	0.02647	0.03532	0.18357	0.00245	0.10899	0.00407	0.00249	0.16993
12	0.13783	0.02659	0.19271	0.02899	0.13859	0.05914	0.03421	0.03144	0.02995	0.07648	0.08407	0.01302	0.05798	0.00474	0.00383	0.00122	0.00440	0.00387	0.00273	0.06821

[dist]
# distance from previous block
# <min> <max>
0	15

[block]
# block no. 4 follows, 65 sequences, length 10
# corresponding to MSA columns:
# 232-241
name=unknown_E
#
# <colnr> <probs for GDERKNQSTAVLIFYWHMCP>
#	G	D	E	R	K	N	Q	S	T	A	V	L	I	F	Y	W	H	M	C	P
0	0.00620	0.02447	0.04969	0.03361	0.04353	0.00470	0.01971	0.00755	0.00879	0.03581	0.13825	0.50649	0.08488	0.01027	0.00490	0.00151	0.00285	0.00922	0.00362	0.00393
1	0.10885	0.01112	0.01164	0.00901	0.01222	0.01235	0.00744	0.73015	0.01798	0.02507	0.00941	0.00951	0.00671	0.00481	0.00394	0.00124	0.00437	0.00354	0.00394	0.00671
2	0.02608	0.01091	0.24016	0.11872	0.07347	0.00796	0.00939	0.03452	0.12266	0.11981	0.01296	0.18191	0.01148	0.00614	0.00426	0.00138	0.00433	0.00528	0.00304	0.00552
3	0.00943	0.06809	0.06637	0.21934	0.23301	0.03648	0.08816	0.05142	0.02817	0.01242	0.00892	0.01147	0.03369	0.01972	0.03011	0.00151	0.07031	0.00385	0.00216	0.00538
4	0.00515	0.00412	0.00453	0.00452	0.00565	0.00358	0.00331	0.00631	0.00959	0.01212	0.22136	0.09258	0.54555	0.05635	0.00575	0.00153	0.00217	0.00843	0.00390	0.00350
5	0.00632	0.00494	0.00722	0.00699	0.00756	0.00598	0.00544	0.00752	0.00648	0.00941	0.01022	0.01561	0.00975	0.06919	0.65946	0.03823	0.11955	0.00434	0.00215	0.00364
6	0.00992	0.02016	0.03441	0.08951	0.03148	0.03981	0.18237	0.05662	0.03308	0.11914	0.01049	0.04431	0.00865	0.01187	0.22566	0.01646	0.05388	0.00442	0.00268	0.00505
7	0.07142	0.04934	0.06225	0.03331	0.09384	0.03491	0.12127	0.00959	0.00820	0.01166	0.01291	0.24800	0.02504	0.01090	0.12993	0.02050	0.02501	0.02485	0.00262	0.00445
8	0.08073	0.00657	0.00721	0.00605	0.00816	0.00673	0.00485	0.16216	0.04923	0.21669	0.01297	0.01329	0.00940	0.00484	0.00344	0.00113	0.00294	0.00379	0.39447	0.00535
9	0.00951	0.00889	0.01409	0.04232	0.54890	0.00937	0.01056	0.03364	0.05392	0.01357	0.06625	0.01344	0.05664	0.00490	0.00518	0.00131	0.09491	0.00425	0.00245	0.00589

[dist]
# distance from previous block
# <min> <max>
2	5

[block]
# block no. 5 follows, 65 sequences, length 23
# corresponding to MSA columns:
# 247-269
name=unknown_F
#
# <colnr> <probs for GDERKNQSTAVLIFYWHMCP>
#	G	D	E	R	K	N	Q	S	T	A	V	L	I	F	Y	W	H	M	C	P
0	0.22082	0.03565	0.01379	0.15555	0.01623	0.21692	0.20278	0.03299	0.00932	0.01325	0.00686	0.00883	0.00539	0.00404	0.00417	0.00127	0.04175	0.00330	0.00218	0.00490
1	0.00672	0.00606	0.01034	0.00863	0.01034	0.00570	0.22256	0.00895	0.04014	0.01305	0.22878	0.24297	0.11579	0.03171	0.00539	0.00152	0.00357	0.03008	0.00350	0.00419
2	0.00829	0.03506	0.00912	0.00758	0.00967	0.08724	0.06441	0.03647	0.02620	0.01251	0.03627	0.25966	0.01534	0.00734	0.00430	0.00124	0.00372	0.10401	0.00307	0.26852
3	0.00647	0.00421	0.00498	0.00476	0.00590	0.00384	0.00358	0.00813	0.01036	0.04949	0.41725	0.05408	0.21871	0.00813	0.00443	0.00126	0.00205	0.00698	0.18151	0.00388
4	0.01533	0.01956	0.01163	0.01058	0.01269	0.83926	0.00793	0.01639	0.01163	0.01005	0.00635	0.00740	0.00529	0.00423	0.00370	0.00106	0.00740	0.00264	0.00212	0.00476
5	0.00539	0.00414	0.00493	0.00481	0.00589	0.00368	0.00358	0.00689	0.01049	0.01399	0.47068	0.08947	0.34228	0.00947	0.00487	0.00135	0.00202	0.00819	0.00420	0.00368
6	0.01725	0.00664	0.00891	0.00693	0.00986	0.00579	0.00569	0.01887	0.01141	0.74420	0.01589	0.01412	0.01020	0.00505	0.00399	0.00124	0.00332	0.00410	0.09991	0.00664
7	0.01097	0.85821	0.02151	0.00702	0.01054	0.01624	0.00702	0.01229	0.00834	0.00966	0.00571	0.00658	0.00527	0.00351	0.00263	0.00088	0.00439	0.00219	0.00176	0.00527
8	0.00976	0.06351	0.01330	0.11457	0.32619	0.14846	0.03949	0.01183	0.01000	0.01280	0.17370	0.01452	0.03472	0.00493	0.00412	0.00121	0.00475	0.00433	0.00255	0.00525
9	0.00862	0.00745	0.00903	0.00729	0.06157	0.00574	0.00535	0.01048	0.00856	0.01338	0.00732	0.00862	0.00611	0.00308	0.00310	0.00065	0.00316	0.00251	0.00241	0.82558
10	0.01052	0.02088	0.03386	0.03511	0.18838	0.03875	0.01758	0.06582	0.02651	0.08568	0.00849	0.00961	0.00664	0.00364	0.00355	0.00093	0.00396	0.00306	0.00266	0.43439
11	0.00635	0.00549	0.00673	0.02428	0.02301	0.06772	0.04249	0.00739	0.00838	0.01070	0.02022	0.56744	0.05307	0.04488	0.01758	0.00176	0.00339	0.08204	0.00345	0.00365
12	0.00765	0.00383	0.00383	0.00383	0.00478	0.00383	0.00287	0.00956	0.00861	0.01530	0.01339	0.01530	0.01052	0.00478	0.00287	0.00096	0.00191	0.00383	0.87853	0.00383
13	0.01089	0.73003	0.01968	0.00707	0.01054	0.05020	0.00683	0.01225	0.00850	0.01008	0.00591	0.00683	0.00536	0.00349	0.00272	0.00086	0.00437	0.00224	0.00184	0.10031
14	0.00586	0.00404	0.00466	0.00462	0.00487	0.00398	0.00281	0.00622	0.00691	0.00924	0.10846	0.02784	0.08091	0.65829	0.05198	0.00358	0.00389	0.00628	0.00281	0.00277
15	0.00587	0.00438	0.00650	0.00650	0.00720	0.00508	0.00501	0.00727	0.00657	0.00946	0.01108	0.01662	0.01048	0.06887	0.80168	0.00648	0.01067	0.00447	0.00221	0.00361
16	0.00597	0.00398	0.00448	0.00448	0.00448	0.00398	0.00249	0.00597	0.00597	0.00796	0.01293	0.02686	0.01492	0.85574	0.02089	0.00398	0.00398	0.00597	0.00249	0.00249
17	0.85635	0.00791	0.00615	0.00546	0.00802	0.00910	0.00450	0.01233	0.00714	0.04511	0.00606	0.00691	0.00463	0.00385	0.00259	0.00127	0.00319	0.00229	0.00262	0.00453
18	0.01692	0.00938	0.01101	0.00844	0.01167	0.00959	0.00697	0.44249	0.01575	0.40483	0.01283	0.01179	0.00847	0.00500	0.00412	0.00125	0.00404	0.00390	0.00456	0.00698
19	0.01039	0.03944	0.00949	0.00848	0.01019	0.35803	0.03170	0.01224	0.03910	0.01206	0.15187	0.02319	0.07920	0.00706	0.00446	0.00133	0.00497	0.18931	0.00310	0.00438
20	0.00780	0.00459	0.00585	0.00560	0.00668	0.00442	0.00412	0.00921	0.03577	0.13320	0.15630	0.16128	0.11888	0.09126	0.11769	0.05787	0.00380	0.00667	0.06502	0.00399
21	0.01044	0.03281	0.09960	0.24645	0.10582	0.18303	0.03587	0.04013	0.09267	0.03794	0.01017	0.04397	0.03391	0.00478	0.00406	0.00128	0.00535	0.00397	0.00246	0.00529
22	0.03644	0.06074	0.01194	0.06789	0.07025	0.02986	0.19715	0.00927	0.00876	0.01164	0.02898	0.28131	0.13544	0.02535	0.00495	0.00147	0.00412	0.00715	0.00290	0.00437

[dist]
# distance from previous block
# <min> <max>
1	16

[block]
# block no. 6 follows, 65 sequences, length 22
# corresponding to MSA columns:
# 286-307
name=unknown_G
#
# <colnr> <probs for GDERKNQSTAVLIFYWHMCP>
#	G	D	E	R	K	N	Q	S	T	A	V	L	I	F	Y	W	H	M	C	P
0	0.20198	0.04171	0.02272	0.03090	0.03458	0.10674	0.00604	0.12947	0.02104	0.03499	0.00843	0.02084	0.00696	0.04399	0.02716	0.00134	0.00423	0.00316	0.05540	0.19832
1	0.00516	0.00380	0.00488	0.00568	0.00618	0.00352	0.00402	0.00607	0.00829	0.01079	0.02560	0.62781	0.15678	0.01228	0.00523	0.00165	0.00249	0.10257	0.00381	0.00341
2	0.00999	0.03223	0.07218	0.01624	0.02044	0.01061	0.69862	0.06177	0.01018	0.01383	0.00828	0.01075	0.00619	0.00358	0.00469	0.00136	0.00666	0.00460	0.00217	0.00565
3	0.00537	0.00407	0.00458	0.00470	0.00577	0.00360	0.00348	0.00665	0.00954	0.01251	0.19875	0.16121	0.44465	0.00992	0.00477	0.00139	0.00214	0.03559	0.07776	0.00357
4	0.00681	0.00453	0.00627	0.00704	0.00792	0.00442	0.00582	0.00837	0.00914	0.05602	0.02168	0.26401	0.02386	0.01142	0.00547	0.00180	0.00338	0.54436	0.00386	0.00383
5	0.00506	0.00415	0.00446	0.00442	0.00568	0.00355	0.00330	0.00628	0.00979	0.01222	0.20927	0.06440	0.63306	0.01005	0.00486	0.00138	0.00206	0.00850	0.00396	0.00355
6	0.01560	0.01150	0.01232	0.00944	0.01273	0.01273	0.00780	0.81645	0.01930	0.02587	0.00986	0.00986	0.00698	0.00493	0.00411	0.00123	0.00452	0.00370	0.00411	0.00698
7	0.01372	0.01056	0.01126	0.00906	0.01201	0.01185	0.00735	0.53852	0.30029	0.02283	0.01225	0.01176	0.00892	0.00515	0.00413	0.00129	0.00407	0.00403	0.00413	0.00681
8	0.06176	0.01904	0.06117	0.01036	0.01274	0.74427	0.00818	0.01595	0.01120	0.01068	0.00637	0.00744	0.00524	0.00419	0.00365	0.00108	0.00709	0.00264	0.00211	0.00482
9	0.88473	0.00794	0.00603	0.00540	0.00794	0.00921	0.00445	0.01207	0.00699	0.01842	0.00572	0.00667	0.00445	0.00381	0.00254	0.00127	0.00318	0.00222	0.00254	0.00445
10	0.01043	0.00905	0.01196	0.08246	0.30963	0.09627	0.02448	0.07511	0.01055	0.08000	0.06195	0.05398	0.05895	0.00579	0.00433	0.00132	0.00450	0.08017	0.01360	0.00545
11	0.10074	0.01030	0.01118	0.00865	0.01184	0.01112	0.00714	0.58752	0.01667	0.17779	0.01065	0.01032	0.00734	0.00485	0.00396	0.00124	0.00419	0.00363	0.00414	0.00673
12	0.00851	0.00730	0.00851	0.00608	0.00973	0.00547	0.00486	0.01034	0.00851	0.01338	0.00730	0.00851	0.00608	0.00304	0.00304	0.00061	0.00304	0.00243	0.00243	0.88083
13	0.00795	0.00742	0.01207	0.77808	0.02685	0.00921	0.01100	0.01140	0.07413	0.01103	0.00806	0.01130	0.00604	0.00422	0.00411	0.00137	0.00529	0.00373	0.00201	0.00472
14	0.00553	0.00386	0.00490	0.00542	0.00564	0.00379	0.00357	0.00609	0.00714	0.00956	0.01805	0.43050	0.02107	0.33481	0.07109	0.00291	0.00369	0.05612	0.00319	0.00306
15	0.08762	0.00795	0.00874	0.00739	0.00985	0.00852	0.00589	0.14364	0.30869	0.20606	0.04210	0.03434	0.01146	0.00540	0.00393	0.00129	0.00330	0.00435	0.09341	0.00607
16	0.06477	0.00903	0.01127	0.15039	0.11907	0.07896	0.00815	0.08092	0.02936	0.34474	0.01109	0.01142	0.00770	0.00470	0.00448	0.00129	0.04943	0.00370	0.00347	0.00604
17	0.00573	0.00448	0.00644	0.12325	0.04429	0.00454	0.00544	0.00692	0.00819	0.01079	0.02080	0.58845	0.06586	0.01099	0.00505	0.00161	0.00302	0.07702	0.00346	0.00368
18	0.00516	0.00393	0.00467	0.00506	0.00582	0.00353	0.00357	0.00613	0.00881	0.01134	0.12781	0.37481	0.32466	0.06240	0.00601	0.00166	0.00236	0.03505	0.00382	0.00341
19	0.00952	0.00922	0.01511	0.29181	0.54670	0.03241	0.01208	0.01202	0.00904	0.01237	0.00754	0.01034	0.00613	0.00382	0.00407	0.00126	0.00514	0.00363	0.00197	0.00582
20	0.01076	0.38371	0.08355	0.02283	0.14434	0.09778	0.06691	0.01280	0.02134	0.03539	0.00782	0.05384	0.00697	0.00434	0.00381	0.00112	0.03175	0.00340	0.00211	0.00543
21	0.01046	0.21065	0.35252	0.01134	0.09964	0.11862	0.01091	0.01343	0.02055	0.05611	0.02367	0.02720	0.00686	0.00424	0.00380	0.00118	0.01777	0.00322	0.00213	0.00569

[dist]
# distance from previous block
# <min> <max>
8	13

[block]
# block no. 7 follows, 65 sequences, length 18
# corresponding to MSA columns:
# 337-354
name=unknown_H
#
# <colnr> <probs for GDERKNQSTAVLIFYWHMCP>
#	G	D	E	R	K	N	Q	S	T	A	V	L	I	F	Y	W	H	M	C	P
0	0.00621	0.00410	0.00510	0.00525	0.00606	0.00374	0.00374	0.00703	0.00876	0.06004	0.15363	0.29421	0.22826	0.08682	0.00731	0.07288	0.00259	0.03709	0.00372	0.00348
1	0.08724	0.18398	0.15907	0.02825	0.14243	0.19301	0.00943	0.08876	0.01034	0.05103	0.00736	0.00844	0.00577	0.00400	0.00355	0.00114	0.00531	0.00293	0.00232	0.00565
2	0.04289	0.06064	0.17147	0.04492	0.19333	0.06586	0.04544	0.04314	0.07779	0.05310	0.03379	0.06921	0.03528	0.00521	0.00432	0.00130	0.02674	0.01731	0.00265	0.00559
3	0.03619	0.00786	0.00923	0.00748	0.01015	0.00793	0.00615	0.27115	0.04143	0.33434	0.01569	0.01684	0.06081	0.00582	0.00414	0.00129	0.00359	0.06884	0.08492	0.00614
4	0.00593	0.00414	0.00499	0.00496	0.00597	0.00382	0.00377	0.00761	0.01029	0.01450	0.42410	0.07292	0.19882	0.00870	0.00461	0.00132	0.00214	0.07209	0.14557	0.00374
5	0.16988	0.12893	0.28173	0.02738	0.09778	0.07713	0.00980	0.04455	0.03502	0.04194	0.03040	0.02350	0.00699	0.00425	0.00356	0.00122	0.00487	0.00320	0.00234	0.00555
6	0.01244	0.01409	0.01306	0.15604	0.23974	0.40916	0.00974	0.04337	0.04185	0.01189	0.00741	0.00915	0.00599	0.00413	0.00390	0.00117	0.00612	0.00321	0.00219	0.00535
7	0.00501	0.00367	0.00471	0.00549	0.00591	0.00337	0.00372	0.00582	0.00820	0.01079	0.05608	0.71450	0.13292	0.01236	0.00517	0.00162	0.00232	0.01111	0.00384	0.00337
8	0.50807	0.04486	0.07641	0.04780	0.03759	0.06906	0.06948	0.05616	0.00865	0.03925	0.00675	0.00791	0.00515	0.00391	0.00317	0.00125	0.00429	0.00277	0.00248	0.00500
9	0.00987	0.08863	0.14529	0.02143	0.11978	0.04889	0.13807	0.04804	0.04827	0.07441	0.01092	0.09983	0.00964	0.00782	0.08794	0.00184	0.00560	0.02566	0.00264	0.00543
10	0.00511	0.00376	0.00480	0.00551	0.00601	0.00345	0.00383	0.00602	0.00845	0.01111	0.08851	0.63118	0.15005	0.01207	0.00517	0.00160	0.00236	0.04372	0.00386	0.00341
11	0.00775	0.00730	0.01231	0.84587	0.02827	0.00912	0.01140	0.01049	0.00821	0.01049	0.00730	0.01094	0.00547	0.00410	0.00410	0.00137	0.00547	0.00365	0.00182	0.00456
12	0.05947	0.03263	0.13347	0.03309	0.05506	0.04435	0.04917	0.26916	0.05197	0.13425	0.02801	0.01168	0.00823	0.04427	0.02573	0.00151	0.00483	0.00380	0.00329	0.00603
13	0.10224	0.00982	0.07252	0.23611	0.08163	0.05554	0.09899	0.08877	0.04067	0.08523	0.00980	0.06029	0.00794	0.00481	0.00406	0.00133	0.00490	0.01703	0.01298	0.00535
14	0.00576	0.00401	0.00499	0.00528	0.00610	0.00361	0.00375	0.00686	0.00920	0.05066	0.19439	0.43734	0.23100	0.01094	0.00501	0.00150	0.00227	0.00967	0.00402	0.00365
15	0.00807	0.00770	0.01326	0.72904	0.10688	0.00924	0.04651	0.01081	0.00838	0.01089	0.00738	0.01087	0.00561	0.00403	0.00413	0.00135	0.00548	0.00370	0.00186	0.00479
16	0.01013	0.08004	0.18694	0.03830	0.14272	0.04703	0.03610	0.06397	0.12368	0.06339	0.04087	0.04994	0.04468	0.00522	0.00455	0.00130	0.04834	0.00427	0.00279	0.00573
17	0.04202	0.02883	0.04658	0.07096	0.13264	0.07816	0.03399	0.02274	0.05128	0.03031	0.05662	0.19117	0.13773	0.00738	0.00466	0.00139	0.02559	0.03022	0.00304	0.00469

[dist]
# distance from previous block
# <min> <max>
3	15

[block]
# block no. 8 follows, 65 sequences, length 21
# corresponding to MSA columns:
# 371-391
name=unknown_I
#
# <colnr> <probs for GDERKNQSTAVLIFYWHMCP>
#	G	D	E	R	K	N	Q	S	T	A	V	L	I	F	Y	W	H	M	C	P
0	0.10238	0.05145	0.05477	0.00786	0.02342	0.06341	0.04670	0.01262	0.07985	0.13563	0.03434	0.20533	0.01310	0.00644	0.00405	0.00127	0.00374	0.02654	0.00328	0.12381
1	0.04313	0.06655	0.20624	0.01102	0.05435	0.11702	0.11859	0.11152	0.05185	0.03265	0.08145	0.01208	0.02100	0.00468	0.00418	0.00124	0.01917	0.01214	0.00268	0.02846
2	0.00936	0.12689	0.01006	0.00741	0.02258	0.00836	0.02715	0.12486	0.16953	0.05792	0.09572	0.14042	0.14371	0.00734	0.00433	0.00133	0.00331	0.03093	0.00369	0.00512
3	0.00561	0.00461	0.00491	0.00480	0.00616	0.00418	0.00360	0.02865	0.06191	0.01247	0.13132	0.09625	0.60114	0.00988	0.00482	0.00139	0.00222	0.00835	0.00393	0.00379
4	0.01047	0.12599	0.05198	0.06515	0.41378	0.03165	0.07544	0.01280	0.00926	0.06204	0.00788	0.00971	0.00634	0.00369	0.00381	0.00113	0.00485	0.00340	0.00220	0.09842
5	0.00859	0.02828	0.07362	0.01807	0.03784	0.01846	0.00606	0.03271	0.14719	0.08441	0.07605	0.03001	0.01323	0.19296	0.21118	0.00316	0.00563	0.00485	0.00305	0.00464
6	0.00775	0.00730	0.01231	0.84587	0.02827	0.00912	0.01140	0.01049	0.00821	0.01049	0.00730	0.01094	0.00547	0.00410	0.00410	0.00137	0.00547	0.00365	0.00182	0.00456
7	0.00661	0.00472	0.00661	0.00756	0.00850	0.00472	0.00661	0.00850	0.00945	0.01228	0.02173	0.04630	0.02362	0.01134	0.00567	0.00189	0.00378	0.80250	0.00378	0.00378
8	0.05356	0.12193	0.28309	0.08563	0.07707	0.09997	0.05728	0.04448	0.07412	0.05311	0.00831	0.00945	0.00625	0.00409	0.00378	0.00123	0.00535	0.00326	0.00231	0.00573
9	0.00701	0.00361	0.00526	0.00526	0.00526	0.00361	0.00345	0.00541	0.00541	0.00722	0.00774	0.01400	0.00795	0.10310	0.01655	0.78802	0.00361	0.00382	0.00186	0.00186
10	0.00688	0.00599	0.00584	0.00594	0.00716	0.09787	0.00457	0.00814	0.00971	0.03641	0.11348	0.16075	0.35870	0.00988	0.00491	0.00147	0.00306	0.15172	0.00373	0.00380
11	0.00962	0.00865	0.01321	0.15728	0.44032	0.00911	0.01015	0.08588	0.07699	0.01419	0.01234	0.01395	0.09378	0.00475	0.00413	0.00127	0.00442	0.00427	0.02989	0.00582
12	0.01107	0.01073	0.03423	0.11431	0.16470	0.14025	0.11358	0.05901	0.07667	0.07839	0.03463	0.01149	0.00806	0.00608	0.05201	0.00160	0.07113	0.00391	0.00262	0.00552
13	0.00625	0.00411	0.00489	0.00500	0.00591	0.00387	0.00366	0.00796	0.02954	0.02703	0.25707	0.24139	0.13951	0.00889	0.00445	0.00134	0.00216	0.02505	0.21814	0.00378
14	0.01009	0.00858	0.00902	0.00814	0.01039	0.00990	0.00632	0.02122	0.78347	0.01708	0.01655	0.01531	0.01243	0.00553	0.00411	0.00137	0.00318	0.00460	0.04632	0.00637
15	0.01088	0.76148	0.07306	0.00742	0.01105	0.01556	0.00755	0.03054	0.03181	0.01045	0.00622	0.00704	0.00551	0.00363	0.00279	0.00093	0.00447	0.00235	0.00188	0.00539
16	0.02221	0.00691	0.03191	0.06040	0.04976	0.02336	0.02478	0.05549	0.03737	0.23797	0.01743	0.10391	0.11175	0.14972	0.01907	0.00188	0.00388	0.03368	0.00358	0.00494
17	0.00598	0.00402	0.00489	0.00495	0.00509	0.00412	0.00307	0.00618	0.00619	0.00835	0.01298	0.06309	0.01459	0.63726	0.14148	0.04648	0.00493	0.02117	0.00250	0.00269
18	0.43794	0.03695	0.06951	0.00734	0.01028	0.01038	0.00642	0.17858	0.17443	0.01901	0.00890	0.00921	0.00668	0.00439	0.00329	0.00128	0.00372	0.00307	0.00311	0.00552
19	0.00536	0.00406	0.00483	0.00517	0.00588	0.00376	0.00359	0.00666	0.03805	0.01148	0.14181	0.39243	0.25043	0.09897	0.00666	0.00177	0.00243	0.00938	0.00379	0.00347
20	0.00945	0.04543	0.18465	0.11714	0.20747	0.00956	0.11565	0.07530	0.02797	0.02262	0.00854	0.01176	0.00709	0.09393	0.00609	0.00156	0.02727	0.00387	0.00224	0.02240

[dist]
# distance from previous block
# <min> <max>
0	1

[block]
# block no. 9 follows, 65 sequences, length 6
# corresponding to MSA columns:
# 393-398
name=unknown_J
#
# <colnr> <probs for GDERKNQSTAVLIFYWHMCP>
#	G	D	E	R	K	N	Q	S	T	A	V	L	I	F	Y	W	H	M	C	P
0	0.00786	0.00386	0.00499	0.00492	0.00548	0.00379	0.00347	0.00780	0.00709	0.05894	0.01094	0.06492	0.00979	0.01011	0.00978	0.44817	0.00287	0.00419	0.32808	0.00294
1	0.12260	0.00929	0.04232	0.00863	0.01121	0.00973	0.05913	0.29792	0.03412	0.11933	0.01007	0.01099	0.00748	0.00649	0.05587	0.00162	0.09160	0.00368	0.09218	0.00574
2	0.01070	0.04658	0.13975	0.07880	0.11779	0.06875	0.15981	0.08918	0.04057	0.08678	0.01075	0.07305	0.02889	0.00498	0.00444	0.00131	0.02506	0.00445	0.00269	0.00566
3	0.00559	0.00415	0.00513	0.00557	0.00635	0.00387	0.00420	0.00674	0.00884	0.01144	0.11286	0.23220	0.23889	0.11797	0.00719	0.00190	0.00282	0.21713	0.00371	0.00344
4	0.04781	0.49086	0.06075	0.03413	0.09086	0.12983	0.02762	0.01308	0.03033	0.01093	0.00647	0.00768	0.00558	0.00382	0.00339	0.00104	0.02592	0.00265	0.00194	0.00532
5	0.00767	0.03948	0.04361	0.00872	0.08270	0.02839	0.05527	0.02691	0.03399	0.03365	0.23708	0.20299	0.06762	0.00777	0.00478	0.00135	0.02559	0.02778	0.02226	0.04239

[dist]
# distance from previous block
# <min> <max>
2	19

[block]
# block no. 10 follows, 65 sequences, length 8
# corresponding to MSA columns:
# 418-425
name=unknown_K
#
# <colnr> <probs for GDERKNQSTAVLIFYWHMCP>
#	G	D	E	R	K	N	Q	S	T	A	V	L	I	F	Y	W	H	M	C	P
0	0.00586	0.00526	0.04192	0.00580	0.00698	0.00459	0.00446	0.00837	0.11285	0.01229	0.11713	0.37947	0.25896	0.01031	0.00489	0.00149	0.00252	0.00904	0.00385	0.00396
1	0.00711	0.07202	0.02498	0.00660	0.04242	0.00567	0.00488	0.02637	0.06153	0.04597	0.22343	0.24262	0.17621	0.00877	0.00457	0.00137	0.00269	0.00761	0.03089	0.00428
2	0.06307	0.11994	0.14988	0.03293	0.17826	0.13934	0.06588	0.05376	0.03797	0.07309	0.02270	0.00969	0.00682	0.00418	0.00402	0.00121	0.02576	0.00335	0.00243	0.00573
3	0.02866	0.00506	0.00618	0.00680	0.04302	0.02837	0.00454	0.02665	0.03319	0.03964	0.01693	0.42189	0.01866	0.13562	0.12635	0.00260	0.00421	0.00797	0.03988	0.00380
4	0.00586	0.00409	0.00521	0.00528	0.00555	0.00431	0.00348	0.00640	0.00633	0.00868	0.01304	0.08793	0.01432	0.51371	0.29360	0.00467	0.00620	0.00589	0.00249	0.00295
5	0.02991	0.05771	0.08413	0.00935	0.09604	0.00757	0.04588	0.05669	0.04913	0.05037	0.01186	0.08788	0.06121	0.00493	0.00375	0.00105	0.00376	0.00420	0.00279	0.33179
6	0.03687	0.15729	0.32501	0.02914	0.07619	0.10806	0.08608	0.03955	0.06328	0.01301	0.02385	0.00940	0.00660	0.00405	0.00377	0.00121	0.00551	0.00327	0.00216	0.00570
7	0.07507	0.00501	0.00662	0.00677	0.00776	0.00524	0.02218	0.00820	0.00862	0.01228	0.11280	0.06662	0.06005	0.08700	0.12706	0.00259	0.03385	0.34524	0.00333	0.00374

[dist]
# distance from previous block
# <min> <max>
0	49

# created by:
# /st0/software/busco_prod/Augustus/scripts/msa2prfl.pl ./align_prep/19641.fa
