[name]
unknown

[dist]
# distance from previous block
# <min> <max>
0	81

[block]
# block no. 0 follows, 75 sequences, length 89
# corresponding to MSA columns:
# 95-183
name=unknown_A
#
# <colnr> <probs for GDERKNQSTAVLIFYWHMCP>
#	G	D	E	R	K	N	Q	S	T	A	V	L	I	F	Y	W	H	M	C	P
0	0.00516	0.00375	0.00486	0.00458	0.00547	0.00345	0.00344	0.00686	0.01031	0.01453	0.81306	0.02776	0.06779	0.00758	0.00433	0.00116	0.00174	0.00669	0.00402	0.00345
1	0.00880	0.00974	0.10248	0.01904	0.63031	0.01983	0.04157	0.01116	0.00826	0.01191	0.00684	0.00879	0.00563	0.00324	0.00355	0.00104	0.00440	0.00313	0.00183	0.09844
2	0.00520	0.00375	0.00491	0.00462	0.00549	0.00347	0.00347	0.00693	0.01040	0.01473	0.84608	0.02743	0.03465	0.00751	0.00433	0.00116	0.00173	0.00664	0.00404	0.00347
3	0.00762	0.00653	0.00762	0.00544	0.00870	0.00490	0.00435	0.00925	0.00762	0.01197	0.00653	0.00762	0.00544	0.00272	0.00272	0.00054	0.00272	0.00218	0.00218	0.89338
4	0.00848	0.25138	0.17257	0.00790	0.01151	0.00913	0.09748	0.02134	0.06514	0.01132	0.00685	0.00784	0.00551	0.00320	0.00302	0.00086	0.00398	0.00260	0.00198	0.30790
5	0.00592	0.00423	0.00592	0.00676	0.00761	0.00423	0.00592	0.00761	0.00845	0.01099	0.01945	0.04143	0.02114	0.01015	0.00507	0.00169	0.00338	0.82329	0.00338	0.00338
6	0.01648	0.00625	0.00852	0.00653	0.00938	0.00540	0.00540	0.01790	0.01051	0.85056	0.01449	0.01250	0.00909	0.00455	0.00369	0.00114	0.00313	0.00369	0.00455	0.00625
7	0.00737	0.01900	0.85189	0.01047	0.01590	0.00853	0.01357	0.01163	0.00775	0.01163	0.00659	0.00775	0.00465	0.00349	0.00349	0.00116	0.00543	0.00271	0.00155	0.00543
8	0.01396	0.01029	0.01102	0.00845	0.01139	0.01139	0.00698	0.83577	0.01727	0.02315	0.00882	0.00882	0.00625	0.00441	0.00367	0.00110	0.00404	0.00331	0.00367	0.00625
9	0.00441	0.00345	0.00400	0.00443	0.00515	0.00304	0.00311	0.00519	0.00769	0.00964	0.02854	0.46114	0.42633	0.01043	0.00452	0.00137	0.00200	0.00913	0.00341	0.00304
10	0.00921	0.00792	0.00834	0.00749	0.00958	0.00917	0.00583	0.03137	0.82941	0.01548	0.01486	0.01363	0.01114	0.00497	0.00374	0.00124	0.00292	0.00414	0.00374	0.00582
11	0.00737	0.01900	0.85189	0.01047	0.01590	0.00853	0.01357	0.01163	0.00775	0.01163	0.00659	0.00775	0.00465	0.00349	0.00349	0.00116	0.00543	0.00271	0.00155	0.00543
12	0.89687	0.00710	0.00540	0.00483	0.00710	0.00824	0.00398	0.01080	0.00625	0.01648	0.00511	0.00597	0.00398	0.00341	0.00227	0.00114	0.00284	0.00199	0.00227	0.00398
13	0.01132	0.00889	0.00947	0.00788	0.01033	0.01004	0.00631	0.36859	0.47541	0.03227	0.01232	0.01159	0.00905	0.00473	0.00371	0.00118	0.00340	0.00378	0.00372	0.00601
14	0.00447	0.00320	0.00426	0.00511	0.00533	0.00298	0.00341	0.00511	0.00703	0.00938	0.02024	0.86853	0.02429	0.01151	0.00469	0.00149	0.00213	0.01044	0.00341	0.00298
15	0.01100	0.00850	0.01252	0.08690	0.43788	0.00882	0.00916	0.19246	0.05291	0.13018	0.00875	0.00980	0.00656	0.00382	0.00366	0.00112	0.00409	0.00338	0.00268	0.00582
16	0.03512	0.03702	0.40669	0.00946	0.01360	0.00849	0.08610	0.14187	0.00990	0.20338	0.00872	0.00909	0.00597	0.00382	0.00358	0.00114	0.00465	0.00314	0.00261	0.00564
17	0.00535	0.00365	0.00465	0.00467	0.00488	0.00386	0.00305	0.00569	0.00552	0.00757	0.01091	0.03519	0.01186	0.54380	0.28411	0.05018	0.00551	0.00487	0.00213	0.00254
18	0.01026	0.01008	0.04808	0.00783	0.00999	0.17244	0.00632	0.12021	0.43332	0.03227	0.05516	0.05677	0.01087	0.00507	0.00371	0.00117	0.00379	0.00408	0.00329	0.00529
19	0.00894	0.00854	0.01453	0.03344	0.80984	0.00855	0.01101	0.01111	0.00841	0.01205	0.03373	0.00969	0.00673	0.00341	0.00366	0.00109	0.00429	0.00338	0.00189	0.00572
20	0.01034	0.03377	0.19604	0.01311	0.16193	0.07401	0.22712	0.15342	0.01012	0.07310	0.00770	0.00894	0.00570	0.00359	0.00374	0.00113	0.00509	0.00337	0.00228	0.00546
21	0.00515	0.00395	0.01596	0.00461	0.00557	0.00350	0.00354	0.00684	0.01017	0.01424	0.75921	0.02792	0.11034	0.00762	0.00432	0.00116	0.00179	0.00669	0.00395	0.00346
22	0.89687	0.00710	0.00540	0.00483	0.00710	0.00824	0.00398	0.01080	0.00625	0.01648	0.00511	0.00597	0.00398	0.00341	0.00227	0.00114	0.00284	0.00199	0.00227	0.00398
23	0.00908	0.61678	0.26915	0.00754	0.01137	0.01273	0.00847	0.01119	0.00755	0.00954	0.00555	0.00645	0.00470	0.00325	0.00270	0.00090	0.00438	0.00219	0.00157	0.00493
24	0.00568	0.00398	0.00499	0.00488	0.00524	0.00427	0.00328	0.04150	0.00606	0.00832	0.01083	0.01992	0.01154	0.52970	0.31995	0.00430	0.00584	0.00475	0.00219	0.00278
25	0.00485	0.00374	0.00442	0.00425	0.00527	0.00332	0.00319	0.00625	0.00956	0.01275	0.51304	0.03069	0.36893	0.00825	0.00434	0.00119	0.00179	0.00710	0.00378	0.00332
26	0.01062	0.04526	0.24925	0.01196	0.14677	0.14463	0.10683	0.09036	0.02311	0.10933	0.00777	0.00872	0.00573	0.00373	0.00374	0.00111	0.02032	0.00311	0.00227	0.00537
27	0.00876	0.00963	0.10739	0.01290	0.04538	0.00800	0.52568	0.01154	0.00877	0.09075	0.07283	0.06265	0.00916	0.00412	0.00418	0.00122	0.00517	0.00460	0.00234	0.00493
28	0.00982	0.87313	0.01925	0.00628	0.00943	0.01453	0.00628	0.01100	0.00746	0.00864	0.00511	0.00589	0.00471	0.00314	0.00236	0.00079	0.00393	0.00196	0.00157	0.00471
29	0.00754	0.06551	0.77973	0.01040	0.01565	0.00888	0.03942	0.01160	0.00777	0.01147	0.00654	0.00772	0.00469	0.00346	0.00345	0.00114	0.00537	0.00272	0.00156	0.00537
30	0.00607	0.00631	0.10105	0.00636	0.00777	0.00528	0.01739	0.00967	0.21657	0.01150	0.06589	0.45363	0.06079	0.00850	0.00427	0.00136	0.00272	0.00755	0.00330	0.00403
31	0.00458	0.00348	0.00420	0.00455	0.00521	0.00312	0.00320	0.00550	0.00806	0.01050	0.17725	0.42687	0.29548	0.02451	0.00474	0.00138	0.00199	0.00878	0.00351	0.00310
32	0.01648	0.00625	0.00852	0.00653	0.00938	0.00540	0.00540	0.01790	0.01051	0.85056	0.01449	0.01250	0.00909	0.00455	0.00369	0.00114	0.00313	0.00369	0.00455	0.00625
33	0.00945	0.00805	0.00848	0.00754	0.00967	0.00928	0.00589	0.07336	0.78702	0.01588	0.01454	0.01338	0.01088	0.00495	0.00373	0.00124	0.00298	0.00410	0.00373	0.00584
34	0.00436	0.00372	0.00374	0.00374	0.00497	0.00311	0.00280	0.00530	0.00841	0.01001	0.05145	0.03521	0.83223	0.00927	0.00434	0.00124	0.00186	0.00773	0.00342	0.00311
35	0.00737	0.01900	0.85189	0.01047	0.01590	0.00853	0.01357	0.01163	0.00775	0.01163	0.00659	0.00775	0.00465	0.00349	0.00349	0.00116	0.00543	0.00271	0.00155	0.00543
36	0.00914	0.00789	0.00830	0.00747	0.00955	0.00914	0.00581	0.01952	0.84138	0.01536	0.01495	0.01370	0.01121	0.00498	0.00374	0.00125	0.00291	0.00415	0.00374	0.00581
37	0.00982	0.87313	0.01925	0.00628	0.00943	0.01453	0.00628	0.01100	0.00746	0.00864	0.00511	0.00589	0.00471	0.00314	0.00236	0.00079	0.00393	0.00196	0.00157	0.00471
38	0.00909	0.00873	0.01491	0.02254	0.84801	0.00873	0.01127	0.01127	0.00836	0.01200	0.00691	0.00909	0.00582	0.00327	0.00364	0.00109	0.00436	0.00327	0.00182	0.00582
39	0.00434	0.00372	0.00372	0.00372	0.00496	0.00310	0.00279	0.00527	0.00837	0.00992	0.03721	0.03535	0.84652	0.00930	0.00434	0.00124	0.00186	0.00775	0.00341	0.00310
40	0.00982	0.87313	0.01925	0.00628	0.00943	0.01453	0.00628	0.01100	0.00746	0.00864	0.00511	0.00589	0.00471	0.00314	0.00236	0.00079	0.00393	0.00196	0.00157	0.00471
41	0.00495	0.00374	0.00457	0.00436	0.00534	0.00336	0.00327	0.00645	0.00981	0.01334	0.61302	0.02971	0.26858	0.00803	0.00433	0.00118	0.00177	0.00696	0.00386	0.00336
42	0.00810	0.01764	0.75689	0.01003	0.01518	0.00826	0.01265	0.02597	0.00810	0.06847	0.00716	0.00809	0.00500	0.00355	0.00348	0.00114	0.00517	0.00277	0.00181	0.03054
43	0.00520	0.00375	0.00491	0.00462	0.00549	0.00347	0.00347	0.00693	0.01040	0.01473	0.84608	0.02743	0.03465	0.00751	0.00433	0.00116	0.00173	0.00664	0.00404	0.00347
44	0.01299	0.01644	0.00989	0.00902	0.01086	0.79006	0.00676	0.01394	0.01025	0.00906	0.00812	0.00885	0.06998	0.00421	0.00339	0.00097	0.00625	0.00278	0.00201	0.00417
45	0.01564	0.00759	0.00935	0.00717	0.01004	0.00739	0.00592	0.28930	0.01275	0.57599	0.01261	0.01128	0.00815	0.00450	0.00369	0.00113	0.00343	0.00357	0.00426	0.00625
46	0.00772	0.00659	0.00767	0.00549	0.00875	0.00501	0.00440	0.02329	0.00778	0.01216	0.00657	0.00764	0.00545	0.00275	0.00274	0.00055	0.00274	0.00220	0.00220	0.87830
47	0.00629	0.00442	0.00532	0.00490	0.00592	0.00430	0.00361	0.04827	0.06731	0.04772	0.48795	0.03578	0.10733	0.14703	0.00656	0.00156	0.00230	0.00613	0.00366	0.00364
48	0.03457	0.02293	0.01005	0.00768	0.01050	0.00938	0.00633	0.49058	0.08162	0.27154	0.01088	0.01021	0.00743	0.00445	0.00363	0.00112	0.00364	0.00344	0.00388	0.00613
49	0.89687	0.00710	0.00540	0.00483	0.00710	0.00824	0.00398	0.01080	0.00625	0.01648	0.00511	0.00597	0.00398	0.00341	0.00227	0.00114	0.00284	0.00199	0.00227	0.00398
50	0.00869	0.00765	0.00946	0.01064	0.20185	0.00846	0.00683	0.01625	0.56193	0.01429	0.06561	0.01402	0.03062	0.00530	0.02083	0.00130	0.00328	0.00418	0.00327	0.00555
51	0.00456	0.00373	0.00402	0.00395	0.00509	0.00319	0.00296	0.00569	0.00888	0.01113	0.24121	0.03335	0.64176	0.00885	0.00434	0.00122	0.00183	0.00747	0.00357	0.00319
52	0.00948	0.00794	0.00920	0.02016	0.11117	0.00891	0.00651	0.07903	0.61249	0.03599	0.04857	0.01328	0.01105	0.00481	0.00374	0.00121	0.00315	0.00407	0.00351	0.00574
53	0.00831	0.01388	0.43275	0.01629	0.41907	0.00867	0.01235	0.02473	0.00820	0.01199	0.00678	0.00842	0.00524	0.00340	0.00356	0.00113	0.00489	0.00299	0.00171	0.00563
54	0.00512	0.00347	0.00449	0.02735	0.00560	0.00335	0.00331	0.00565	0.00667	0.03247	0.01730	0.58649	0.02031	0.25061	0.00854	0.00205	0.00263	0.00864	0.00306	0.00289
55	0.00828	0.00831	0.00700	0.00708	0.02454	0.26097	0.00502	0.07579	0.00887	0.01050	0.01397	0.46696	0.01557	0.02221	0.00450	0.00131	0.02194	0.00686	0.02662	0.00371
56	0.00742	0.00413	0.00515	0.00468	0.00551	0.00387	0.00324	0.00828	0.00802	0.16868	0.28689	0.02282	0.01950	0.40990	0.01089	0.00227	0.00285	0.00543	0.01708	0.00341
57	0.01080	0.07998	0.11789	0.01296	0.17297	0.13074	0.22678	0.06764	0.00947	0.12384	0.00783	0.00897	0.00583	0.00356	0.00366	0.00110	0.00508	0.00331	0.00227	0.00532
58	0.00717	0.00704	0.08546	0.00574	0.00865	0.00491	0.00502	0.00905	0.00826	0.02552	0.18593	0.02463	0.01193	0.00397	0.00318	0.00076	0.00276	0.00332	0.00257	0.59413
59	0.03319	0.26941	0.57190	0.00915	0.01379	0.01030	0.02260	0.01142	0.00764	0.01089	0.00612	0.00719	0.00466	0.00338	0.00313	0.00105	0.00493	0.00250	0.00158	0.00517
60	0.01037	0.73446	0.05412	0.00659	0.00980	0.01349	0.00657	0.05155	0.00816	0.06759	0.00600	0.00657	0.00509	0.00332	0.00256	0.00084	0.00394	0.00218	0.00188	0.00492
61	0.00927	0.00817	0.00837	0.00753	0.00960	0.03389	0.00585	0.01937	0.81710	0.01518	0.01468	0.01350	0.01102	0.00495	0.00372	0.00124	0.00302	0.00410	0.00368	0.00577
62	0.00520	0.00375	0.00491	0.00462	0.00549	0.00347	0.00347	0.00693	0.01040	0.01473	0.84608	0.02743	0.03465	0.00751	0.00433	0.00116	0.00173	0.00664	0.00404	0.00347
63	0.00836	0.01192	0.31681	0.00845	0.01168	0.02555	0.00855	0.01584	0.47388	0.01384	0.05758	0.01214	0.00998	0.00455	0.00367	0.00120	0.00384	0.00373	0.00292	0.00551
64	0.00520	0.00375	0.00491	0.00462	0.00549	0.00347	0.00347	0.00693	0.01040	0.01473	0.84608	0.02743	0.03465	0.00751	0.00433	0.00116	0.00173	0.00664	0.00404	0.00347
65	0.89687	0.00710	0.00540	0.00483	0.00710	0.00824	0.00398	0.01080	0.00625	0.01648	0.00511	0.00597	0.00398	0.00341	0.00227	0.00114	0.00284	0.00199	0.00227	0.00398
66	0.02445	0.20569	0.19557	0.01217	0.01609	0.01029	0.46100	0.01155	0.00816	0.01112	0.00669	0.00848	0.00516	0.00319	0.00368	0.00112	0.00546	0.00342	0.00174	0.00498
67	0.00866	0.31153	0.46961	0.00850	0.01284	0.01019	0.01006	0.01155	0.00783	0.05399	0.01937	0.00765	0.00540	0.00345	0.00309	0.00100	0.00461	0.00254	0.00178	0.04635
68	0.00444	0.00331	0.00414	0.00480	0.00524	0.00301	0.00327	0.00515	0.00733	0.00950	0.02405	0.68167	0.20869	0.01101	0.00461	0.00144	0.00207	0.00984	0.00341	0.00301
69	0.01131	0.00505	0.00664	0.00563	0.00745	0.00448	0.00436	0.01243	0.00909	0.47822	0.06592	0.13544	0.10082	0.10158	0.03283	0.00161	0.00304	0.00541	0.00390	0.00477
70	0.00823	0.01976	0.15226	0.01554	0.36500	0.00824	0.17591	0.01148	0.07229	0.01237	0.09847	0.01179	0.02390	0.00396	0.00383	0.00115	0.00446	0.00389	0.00219	0.00527
71	0.00441	0.00367	0.00385	0.00394	0.00505	0.00312	0.00292	0.00535	0.00831	0.01006	0.06557	0.12130	0.72077	0.00947	0.00439	0.00127	0.00190	0.01812	0.00343	0.00311
72	0.00759	0.09575	0.77707	0.01009	0.01531	0.00907	0.01292	0.01157	0.00773	0.01136	0.00646	0.00759	0.00466	0.00346	0.00339	0.00113	0.00529	0.00265	0.00155	0.00536
73	0.00871	0.05573	0.35655	0.03365	0.02454	0.00736	0.02238	0.02457	0.02767	0.09975	0.00757	0.00838	0.00560	0.00337	0.00323	0.00094	0.00411	0.00269	0.00217	0.30103
74	0.80216	0.02136	0.05373	0.00518	0.00763	0.00822	0.00456	0.01093	0.00645	0.03045	0.00548	0.00631	0.00421	0.00344	0.00237	0.00113	0.00299	0.00208	0.01722	0.00410
75	0.03232	0.16165	0.37904	0.00824	0.01226	0.00867	0.00914	0.05039	0.00893	0.26633	0.00879	0.00888	0.00608	0.00378	0.00332	0.00108	0.00430	0.00288	0.00259	0.02135
76	0.07524	0.00723	0.05212	0.00746	0.05369	0.00627	0.00598	0.06239	0.03758	0.56344	0.04808	0.01220	0.00934	0.01959	0.00385	0.00117	0.00327	0.00362	0.00390	0.02358
77	0.12808	0.00688	0.00776	0.00571	0.00883	0.00580	0.01897	0.05754	0.00801	0.01322	0.00649	0.00750	0.00529	0.00292	0.00274	0.00067	0.00287	0.00225	0.00227	0.70619
78	0.01277	0.01094	0.26409	0.00882	0.04183	0.00756	0.02767	0.14586	0.02295	0.40366	0.01077	0.01032	0.00713	0.00413	0.00364	0.00114	0.00408	0.00334	0.00333	0.00595
79	0.54617	0.04626	0.07217	0.00615	0.00887	0.01927	0.00549	0.15687	0.00874	0.07584	0.00657	0.00710	0.00486	0.00365	0.00274	0.00110	0.00336	0.00240	0.00259	0.01978
80	0.54593	0.00769	0.00749	0.00648	0.03330	0.02326	0.02662	0.13098	0.00872	0.12985	0.02015	0.00785	0.00563	0.00375	0.00283	0.00111	0.00323	0.00259	0.00278	0.02977
81	0.05003	0.03707	0.05656	0.00834	0.06172	0.02117	0.03561	0.16013	0.03296	0.44831	0.01122	0.01056	0.00751	0.00417	0.00355	0.00110	0.00365	0.00337	0.00362	0.03934
82	0.04351	0.02341	0.07366	0.00948	0.12598	0.00739	0.03107	0.12386	0.05041	0.42702	0.02597	0.01102	0.00807	0.00421	0.00361	0.00112	0.00364	0.00349	0.00354	0.01953
83	0.02513	0.00888	0.12032	0.00935	0.12673	0.00696	0.02827	0.11451	0.00976	0.22848	0.03326	0.00985	0.00725	0.00373	0.00340	0.00097	0.00363	0.00311	0.00289	0.25352
84	0.01113	0.02414	0.18224	0.01093	0.18917	0.00765	0.01852	0.10344	0.03630	0.24557	0.00934	0.00964	0.00663	0.00377	0.00349	0.00105	0.00395	0.00315	0.00283	0.12706
85	0.01000	0.03450	0.22281	0.01109	0.20439	0.00749	0.00869	0.05279	0.03788	0.17695	0.02822	0.00963	0.00695	0.00368	0.00343	0.00102	0.00394	0.00308	0.00255	0.17091
86	0.01075	0.01067	0.23737	0.01060	0.15588	0.00750	0.02805	0.09171	0.03155	0.22851	0.00912	0.00949	0.00646	0.00372	0.00349	0.00105	0.00405	0.00311	0.00273	0.14418
87	0.02034	0.02794	0.18991	0.01112	0.20910	0.00744	0.01859	0.05106	0.04672	0.16973	0.01851	0.00945	0.00666	0.00362	0.00340	0.00100	0.00389	0.00305	0.00255	0.19593
88	0.02278	0.05074	0.20845	0.01119	0.19976	0.02274	0.00875	0.09561	0.04261	0.19385	0.00881	0.00928	0.00637	0.00373	0.00344	0.00105	0.00408	0.00306	0.00264	0.10107

[dist]
# distance from previous block
# <min> <max>
30	142

[block]
# block no. 1 follows, 75 sequences, length 96
# corresponding to MSA columns:
# 335-430
name=unknown_B
#
# <colnr> <probs for GDERKNQSTAVLIFYWHMCP>
#	G	D	E	R	K	N	Q	S	T	A	V	L	I	F	Y	W	H	M	C	P
0	0.01050	0.02282	0.19245	0.01015	0.12458	0.02068	0.05329	0.10081	0.07948	0.18769	0.04046	0.01032	0.00772	0.00393	0.00355	0.00106	0.00400	0.00333	0.00281	0.12039
1	0.00983	0.00939	0.14324	0.00951	0.10786	0.00750	0.05909	0.15691	0.06431	0.11478	0.04373	0.02389	0.03450	0.00415	0.00354	0.00103	0.00376	0.00353	0.01531	0.18414
2	0.03390	0.02263	0.20024	0.00918	0.04112	0.02257	0.07039	0.22789	0.12802	0.12067	0.03132	0.01095	0.00787	0.01749	0.00388	0.00118	0.00415	0.01842	0.00297	0.02515
3	0.01064	0.08628	0.14119	0.01973	0.02082	0.02454	0.03247	0.16843	0.06141	0.15543	0.03979	0.00975	0.00743	0.00396	0.00357	0.00100	0.02353	0.00312	0.00283	0.18407
4	0.03361	0.02183	0.03137	0.00825	0.08048	0.02227	0.02235	0.12892	0.11376	0.32327	0.03356	0.01238	0.05233	0.00449	0.00359	0.00108	0.00338	0.00369	0.00350	0.09590
5	0.01119	0.01679	0.03157	0.00812	0.07643	0.05047	0.04036	0.05409	0.05719	0.27858	0.03138	0.01082	0.02602	0.00392	0.00340	0.00094	0.00344	0.00326	0.00309	0.28893
6	0.01115	0.00863	0.02543	0.02102	0.05577	0.00867	0.00638	0.36722	0.14221	0.07163	0.01004	0.01012	0.02527	0.00412	0.00347	0.00100	0.00350	0.00328	0.00321	0.21790
7	0.02513	0.00566	0.00654	0.01755	0.02192	0.00591	0.00418	0.17167	0.07118	0.09075	0.07943	0.04449	0.01296	0.40403	0.01078	0.01272	0.00339	0.00481	0.00300	0.00390
8	0.25526	0.02641	0.00810	0.00675	0.00906	0.01763	0.02773	0.02763	0.40391	0.12256	0.01143	0.02684	0.00859	0.00444	0.00330	0.00117	0.00307	0.00349	0.00327	0.02938
9	0.07610	0.01087	0.01014	0.00897	0.06110	0.24962	0.03513	0.24481	0.03583	0.11818	0.00853	0.02774	0.00663	0.02772	0.00398	0.00112	0.01520	0.00320	0.00285	0.05227
10	0.06763	0.00387	0.00418	0.00409	0.00432	0.00392	0.00239	0.00581	0.00545	0.00788	0.01101	0.02242	0.01253	0.79142	0.01720	0.00333	0.00349	0.00504	0.00223	0.02179
11	0.01368	0.00966	0.01045	0.00804	0.01091	0.02105	0.00660	0.68256	0.02557	0.10123	0.00934	0.00943	0.00665	0.02058	0.00391	0.00112	0.00390	0.00333	0.00364	0.04836
12	0.00694	0.00653	0.01102	0.86210	0.02530	0.00816	0.01020	0.00938	0.00734	0.00938	0.00653	0.00979	0.00490	0.00367	0.00367	0.00122	0.00490	0.00326	0.00163	0.00408
13	0.06771	0.04166	0.04390	0.00899	0.03516	0.35138	0.00710	0.16499	0.14824	0.01328	0.00773	0.00836	0.00607	0.00424	0.00409	0.00110	0.07565	0.00291	0.00250	0.00495
14	0.00737	0.01900	0.85189	0.01047	0.01590	0.00853	0.01357	0.01163	0.00775	0.01163	0.00659	0.00775	0.00465	0.00349	0.00349	0.00116	0.00543	0.00271	0.00155	0.00543
15	0.00880	0.01379	0.37662	0.12907	0.02900	0.08625	0.07824	0.08350	0.09419	0.01234	0.00754	0.00885	0.00561	0.00388	0.00403	0.00118	0.04683	0.00312	0.00203	0.00514
16	0.00720	0.00654	0.01089	0.68473	0.11578	0.00782	0.00969	0.00948	0.00747	0.02312	0.00767	0.01075	0.02526	0.01635	0.02895	0.00137	0.00482	0.00343	0.01447	0.00423
17	0.00506	0.00375	0.00472	0.00448	0.00540	0.00341	0.00336	0.00667	0.01008	0.01397	0.71779	0.02869	0.16341	0.00779	0.00433	0.00117	0.00175	0.00682	0.00394	0.00341
18	0.00909	0.00873	0.01491	0.02254	0.84801	0.00873	0.01127	0.01127	0.00836	0.01200	0.00691	0.00909	0.00582	0.00327	0.00364	0.00109	0.00436	0.00327	0.00182	0.00582
19	0.00592	0.00423	0.00592	0.00676	0.00761	0.00423	0.00592	0.00761	0.00845	0.01099	0.01945	0.04143	0.02114	0.01015	0.00507	0.00169	0.00338	0.82329	0.00338	0.00338
20	0.01372	0.01750	0.01041	0.00946	0.01135	0.85618	0.00710	0.01467	0.01041	0.00899	0.00568	0.00662	0.00473	0.00378	0.00331	0.00095	0.00662	0.00237	0.00189	0.00426
21	0.00694	0.00653	0.01102	0.86210	0.02530	0.00816	0.01020	0.00938	0.00734	0.00938	0.00653	0.00979	0.00490	0.00367	0.00367	0.00122	0.00490	0.00326	0.00163	0.00408
22	0.00592	0.00423	0.00592	0.00676	0.00761	0.00423	0.00592	0.00761	0.00845	0.01099	0.01945	0.04143	0.02114	0.01015	0.00507	0.00169	0.00338	0.82329	0.00338	0.00338
23	0.00694	0.00653	0.01102	0.86210	0.02530	0.00816	0.01020	0.00938	0.00734	0.00938	0.00653	0.00979	0.00490	0.00367	0.00367	0.00122	0.00490	0.00326	0.00163	0.00408
24	0.00494	0.00361	0.00496	0.00568	0.00612	0.00346	0.01657	0.00601	0.02111	0.00987	0.01978	0.65538	0.02308	0.01097	0.00475	0.00153	0.00249	0.19314	0.00339	0.00315
25	0.00694	0.00653	0.01102	0.86210	0.02530	0.00816	0.01020	0.00938	0.00734	0.00938	0.00653	0.00979	0.00490	0.00367	0.00367	0.00122	0.00490	0.00326	0.00163	0.00408
26	0.00434	0.00372	0.00372	0.00372	0.00496	0.00310	0.00279	0.00527	0.00837	0.00992	0.03721	0.03535	0.84652	0.00930	0.00434	0.00124	0.00186	0.00775	0.00341	0.00310
27	0.01644	0.00631	0.00856	0.00656	0.00941	0.00549	0.00542	0.03076	0.01062	0.83755	0.01440	0.01244	0.00905	0.00454	0.00369	0.00114	0.00314	0.00369	0.00453	0.00625
28	0.00739	0.01882	0.83597	0.01056	0.01596	0.00854	0.02932	0.01163	0.00777	0.01163	0.00661	0.00780	0.00467	0.00348	0.00351	0.00116	0.00544	0.00275	0.00156	0.00542
29	0.00694	0.00653	0.01102	0.86210	0.02530	0.00816	0.01020	0.00938	0.00734	0.00938	0.00653	0.00979	0.00490	0.00367	0.00367	0.00122	0.00490	0.00326	0.00163	0.00408
30	0.00447	0.00320	0.00426	0.00511	0.00533	0.00298	0.00341	0.00511	0.00703	0.00938	0.02024	0.86853	0.02429	0.01151	0.00469	0.00149	0.00213	0.01044	0.00341	0.00298
31	0.00909	0.00873	0.01491	0.02254	0.84801	0.00873	0.01127	0.01127	0.00836	0.01200	0.00691	0.00909	0.00582	0.00327	0.00364	0.00109	0.00436	0.00327	0.00182	0.00582
32	0.00744	0.03209	0.81632	0.01054	0.01588	0.00864	0.03577	0.01163	0.00777	0.01159	0.00659	0.00778	0.00468	0.00347	0.00349	0.00116	0.00543	0.00275	0.00156	0.00540
33	0.01430	0.00974	0.01069	0.00819	0.01112	0.01058	0.00677	0.72577	0.01636	0.13443	0.00958	0.00931	0.00663	0.00443	0.00368	0.00111	0.00392	0.00336	0.00379	0.00625
34	0.00867	0.00991	0.02167	0.01548	0.01920	0.00929	0.83467	0.01176	0.00867	0.01176	0.00743	0.00991	0.00557	0.00310	0.00433	0.00124	0.00619	0.00433	0.00186	0.00495
35	0.01361	0.04261	0.01067	0.00937	0.01130	0.83149	0.00707	0.01456	0.01032	0.00898	0.00566	0.00660	0.00473	0.00377	0.00328	0.00094	0.00654	0.00235	0.00188	0.00427
36	0.00921	0.00793	0.00835	0.00749	0.00958	0.00917	0.00583	0.03201	0.82877	0.01548	0.01485	0.01363	0.01114	0.00497	0.00374	0.00124	0.00292	0.00414	0.00374	0.00582
37	0.01618	0.00691	0.00862	0.00672	0.00949	0.05266	0.00550	0.01775	0.02679	0.78751	0.01401	0.01220	0.00889	0.00451	0.00367	0.00113	0.00331	0.00363	0.00438	0.00613
38	0.01648	0.00625	0.00852	0.00653	0.00938	0.00540	0.00540	0.01790	0.01051	0.85056	0.01449	0.01250	0.00909	0.00455	0.00369	0.00114	0.00313	0.00369	0.00455	0.00625
39	0.01402	0.01019	0.01096	0.00841	0.01134	0.01125	0.00694	0.81644	0.01711	0.04270	0.00895	0.00890	0.00631	0.00441	0.00367	0.00110	0.00402	0.00332	0.00369	0.00625
40	0.00447	0.00320	0.00426	0.00511	0.00533	0.00298	0.00341	0.00511	0.00703	0.00938	0.02024	0.86853	0.02429	0.01151	0.00469	0.00149	0.00213	0.01044	0.00341	0.00298
41	0.00914	0.00789	0.00830	0.00747	0.00955	0.00914	0.00581	0.01952	0.84138	0.01536	0.01495	0.01370	0.01121	0.00498	0.00374	0.00125	0.00291	0.00415	0.00374	0.00581
42	0.00914	0.00789	0.00830	0.00747	0.00955	0.00914	0.00581	0.01952	0.84138	0.01536	0.01495	0.01370	0.01121	0.00498	0.00374	0.00125	0.00291	0.00415	0.00374	0.00581
43	0.00534	0.00356	0.00401	0.00401	0.00401	0.00356	0.00223	0.00534	0.00534	0.00712	0.01157	0.02403	0.01335	0.87092	0.01869	0.00356	0.00356	0.00534	0.00223	0.00223
44	0.01372	0.01750	0.01041	0.00946	0.01135	0.85618	0.00710	0.01467	0.01041	0.00899	0.00568	0.00662	0.00473	0.00378	0.00331	0.00095	0.00662	0.00237	0.00189	0.00426
45	0.00737	0.01900	0.85189	0.01047	0.01590	0.00853	0.01357	0.01163	0.00775	0.01163	0.00659	0.00775	0.00465	0.00349	0.00349	0.00116	0.00543	0.00271	0.00155	0.00543
46	0.00536	0.00371	0.00468	0.00444	0.00532	0.00344	0.00333	0.00706	0.00999	0.01440	0.71134	0.02611	0.06581	0.00719	0.00412	0.00112	0.00174	0.00630	0.11109	0.00344
47	0.00982	0.87313	0.01925	0.00628	0.00943	0.01453	0.00628	0.01100	0.00746	0.00864	0.00511	0.00589	0.00471	0.00314	0.00236	0.00079	0.00393	0.00196	0.00157	0.00471
48	0.00592	0.00423	0.00592	0.00676	0.00761	0.00423	0.00592	0.00761	0.00845	0.01099	0.01945	0.04143	0.02114	0.01015	0.00507	0.00169	0.00338	0.82329	0.00338	0.00338
49	0.01340	0.01001	0.01071	0.00834	0.01118	0.01113	0.00685	0.74140	0.11254	0.02225	0.00953	0.00938	0.00682	0.00448	0.00368	0.00112	0.00391	0.00340	0.00368	0.00620
50	0.02862	0.00977	0.00960	0.00767	0.01034	0.18265	0.00619	0.25647	0.01240	0.42212	0.01087	0.01011	0.00728	0.00433	0.00359	0.00109	0.00411	0.00328	0.00371	0.00580
51	0.00466	0.00336	0.00440	0.00492	0.00535	0.00311	0.00339	0.00559	0.00796	0.01078	0.23415	0.61257	0.06536	0.01037	0.00458	0.00139	0.00202	0.00934	0.00357	0.00311
52	0.00535	0.00384	0.00526	0.00608	0.00671	0.00374	0.00492	0.00664	0.00793	0.01037	0.02022	0.34260	0.04472	0.01062	0.00491	0.00161	0.00288	0.50498	0.00339	0.00323
53	0.00796	0.16650	0.65988	0.00992	0.01483	0.02468	0.04470	0.01158	0.00779	0.01107	0.00635	0.00750	0.00470	0.00342	0.00332	0.00110	0.00522	0.00264	0.00157	0.00526
54	0.00578	0.00412	0.00570	0.00650	0.00725	0.00410	0.00554	0.00731	0.00819	0.01067	0.01910	0.10206	0.02097	0.05445	0.00574	0.00177	0.00330	0.72083	0.00332	0.00329
55	0.00694	0.00653	0.01102	0.86210	0.02530	0.00816	0.01020	0.00938	0.00734	0.00938	0.00653	0.00979	0.00490	0.00367	0.00367	0.00122	0.00490	0.00326	0.00163	0.00408
56	0.00920	0.00876	0.01482	0.02222	0.82882	0.00879	0.01117	0.03018	0.00857	0.01225	0.00695	0.00908	0.00583	0.00330	0.00364	0.00109	0.00436	0.00327	0.00186	0.00583
57	0.00486	0.00377	0.00510	0.00589	0.02617	0.01847	0.02603	0.00561	0.00717	0.00950	0.01932	0.80932	0.02299	0.01094	0.00463	0.00147	0.00237	0.00996	0.00330	0.00313
58	0.00525	0.00394	0.00590	0.00590	0.00656	0.00459	0.00459	0.00656	0.00590	0.00853	0.00984	0.01443	0.00918	0.02755	0.85637	0.00590	0.00984	0.00394	0.00197	0.00328
59	0.00909	0.00873	0.01491	0.02254	0.84801	0.00873	0.01127	0.01127	0.00836	0.01200	0.00691	0.00909	0.00582	0.00327	0.00364	0.00109	0.00436	0.00327	0.00182	0.00582
60	0.00978	0.85852	0.03349	0.00636	0.00954	0.01443	0.00641	0.01101	0.00747	0.00869	0.00513	0.00592	0.00471	0.00315	0.00238	0.00079	0.00395	0.00198	0.00157	0.00473
61	0.00748	0.05782	0.81405	0.01028	0.01560	0.00880	0.01324	0.01160	0.00774	0.01150	0.00652	0.00767	0.00466	0.00347	0.00344	0.00115	0.00536	0.00268	0.00155	0.00540
62	0.00471	0.00369	0.00394	0.00396	0.00482	0.00328	0.00279	0.00546	0.00766	0.00947	0.07439	0.04244	0.54165	0.23977	0.00821	0.00187	0.00236	0.03352	0.00313	0.00289
63	0.00442	0.00349	0.00399	0.00436	0.00513	0.00306	0.00308	0.00524	0.00783	0.00979	0.04828	0.40242	0.46547	0.01023	0.00449	0.00135	0.00198	0.00891	0.00342	0.00306
64	0.00890	0.09279	0.14087	0.01918	0.64313	0.00925	0.01114	0.01130	0.00819	0.01162	0.00669	0.00858	0.00554	0.00329	0.00349	0.00107	0.00448	0.00306	0.00175	0.00565
65	0.00983	0.00961	0.01335	0.03626	0.60304	0.10633	0.00994	0.03669	0.10383	0.02378	0.00783	0.00939	0.00635	0.00359	0.00361	0.00110	0.00444	0.00327	0.00213	0.00562
66	0.00920	0.02644	0.01054	0.03115	0.21965	0.03289	0.02247	0.02767	0.52208	0.01399	0.01202	0.01233	0.00931	0.00447	0.00369	0.00118	0.00352	0.01715	0.00305	0.01720
67	0.73156	0.06799	0.00694	0.00548	0.00776	0.10873	0.00450	0.01127	0.00682	0.01505	0.00518	0.00604	0.00412	0.00344	0.00240	0.00109	0.00336	0.00203	0.00218	0.00406
68	0.00534	0.00433	0.00483	0.00468	0.00590	0.00410	0.00358	0.00785	0.12310	0.01216	0.27395	0.03037	0.44303	0.00822	0.00430	0.00124	0.00205	0.05371	0.00364	0.00360
69	0.00909	0.00873	0.01491	0.02254	0.84801	0.00873	0.01127	0.01127	0.00836	0.01200	0.00691	0.00909	0.00582	0.00327	0.00364	0.00109	0.00436	0.00327	0.00182	0.00582
70	0.00518	0.00355	0.00417	0.00439	0.00453	0.00348	0.00272	0.00545	0.00598	0.00791	0.01467	0.18094	0.04706	0.62126	0.01464	0.00296	0.00322	0.06283	0.00257	0.00248
71	0.89687	0.00710	0.00540	0.00483	0.00710	0.00824	0.00398	0.01080	0.00625	0.01648	0.00511	0.00597	0.00398	0.00341	0.00227	0.00114	0.00284	0.00199	0.00227	0.00398
72	0.00534	0.00356	0.00401	0.00401	0.00401	0.00356	0.00223	0.00534	0.00534	0.00712	0.01157	0.02403	0.01335	0.87092	0.01869	0.00356	0.00356	0.00534	0.00223	0.00223
73	0.00592	0.00423	0.00592	0.00676	0.00761	0.00423	0.00592	0.00761	0.00845	0.01099	0.01945	0.04143	0.02114	0.01015	0.00507	0.00169	0.00338	0.82329	0.00338	0.00338
74	0.87287	0.00719	0.00555	0.00493	0.00722	0.00832	0.00406	0.03322	0.00655	0.01666	0.00521	0.00604	0.00404	0.00344	0.00231	0.00114	0.00287	0.00202	0.00231	0.00404
75	0.00966	0.00453	0.00611	0.00573	0.00710	0.00404	0.00430	0.01066	0.00857	0.37129	0.01799	0.47577	0.02913	0.00846	0.00426	0.00134	0.00257	0.02020	0.00390	0.00440
76	0.00534	0.00356	0.00401	0.00401	0.00401	0.00356	0.00223	0.00534	0.00534	0.00712	0.01157	0.02403	0.01335	0.87092	0.01869	0.00356	0.00356	0.00534	0.00223	0.00223
77	0.01408	0.00900	0.01009	0.00786	0.01068	0.00962	0.00645	0.53931	0.10509	0.23250	0.01092	0.01028	0.00751	0.00451	0.00369	0.00113	0.00369	0.00350	0.00390	0.00620
78	0.00883	0.00846	0.01444	0.12353	0.74905	0.00866	0.01114	0.01104	0.00824	0.01168	0.00686	0.00917	0.00571	0.00332	0.00364	0.00111	0.00443	0.00327	0.00180	0.00561
79	0.01648	0.00625	0.00852	0.00653	0.00938	0.00540	0.00540	0.01790	0.01051	0.85056	0.01449	0.01250	0.00909	0.00455	0.00369	0.00114	0.00313	0.00369	0.00455	0.00625
80	0.01038	0.00606	0.00678	0.00563	0.00745	0.00625	0.00450	0.27098	0.01147	0.14545	0.11012	0.01360	0.01135	0.00474	0.00330	0.00101	0.00267	0.00381	0.36969	0.00475
81	0.01078	0.00676	0.00766	0.00662	0.00872	0.00722	0.00522	0.02835	0.46806	0.24361	0.04311	0.01378	0.01115	0.00485	0.00360	0.00116	0.00279	0.00401	0.11701	0.00555
82	0.00449	0.00322	0.00427	0.00508	0.00532	0.00300	0.00340	0.00515	0.00713	0.00950	0.03784	0.83570	0.03953	0.01138	0.00467	0.00148	0.00212	0.01031	0.00342	0.00300
83	0.01648	0.00625	0.00852	0.00653	0.00938	0.00540	0.00540	0.01790	0.01051	0.85056	0.01449	0.01250	0.00909	0.00455	0.00369	0.00114	0.00313	0.00369	0.00455	0.00625
84	0.01231	0.00615	0.00873	0.00730	0.00954	0.00574	0.06245	0.08390	0.01024	0.45626	0.01513	0.06342	0.01259	0.00628	0.00415	0.00131	0.00343	0.22193	0.00392	0.00523
85	0.00897	0.00860	0.01469	0.06967	0.80183	0.00869	0.01121	0.01117	0.00831	0.01185	0.00689	0.00913	0.00577	0.00329	0.00364	0.00110	0.00439	0.00327	0.00181	0.00572
86	0.00933	0.59049	0.23004	0.00768	0.01136	0.03836	0.02550	0.02099	0.01918	0.00974	0.00573	0.00661	0.00482	0.00329	0.00275	0.00091	0.00443	0.00226	0.00164	0.00492
87	0.00457	0.00378	0.00399	0.00397	0.00512	0.00326	0.00297	0.00573	0.02068	0.01060	0.14501	0.04756	0.68449	0.02479	0.00461	0.00128	0.00192	0.01902	0.00348	0.00318
88	0.00762	0.00653	0.00762	0.00544	0.00870	0.00490	0.00435	0.00925	0.00762	0.01197	0.00653	0.00762	0.00544	0.00272	0.00272	0.00054	0.00272	0.00218	0.00218	0.89338
89	0.08604	0.00718	0.00869	0.00682	0.00956	0.00702	0.00560	0.16153	0.08720	0.56163	0.01278	0.01144	0.00837	0.00447	0.00358	0.00114	0.00324	0.00353	0.00414	0.00603
90	0.00540	0.01511	0.00506	0.00460	0.00557	0.00361	0.00348	0.00705	0.01018	0.03059	0.74484	0.02759	0.10803	0.00756	0.00429	0.00116	0.00180	0.00662	0.00396	0.00350
91	0.03648	0.01657	0.01013	0.00920	0.01112	0.77593	0.00693	0.01490	0.06729	0.00962	0.00630	0.00709	0.00516	0.00386	0.00331	0.00097	0.00627	0.00248	0.00203	0.00436
92	0.41177	0.00672	0.00717	0.00581	0.00840	0.00680	0.00479	0.03183	0.00874	0.45869	0.01016	0.00949	0.00674	0.00403	0.00306	0.00114	0.00302	0.00292	0.00351	0.00523
93	0.05622	0.00681	0.00859	0.00677	0.00941	0.00651	0.00558	0.16174	0.01118	0.58929	0.01294	0.01259	0.00874	0.00597	0.05258	0.00142	0.00367	0.03001	0.00410	0.00588
94	0.00434	0.00372	0.00372	0.00372	0.00496	0.00310	0.00279	0.00527	0.00837	0.00992	0.03721	0.03535	0.84652	0.00930	0.00434	0.00124	0.00186	0.00775	0.00341	0.00310
95	0.00816	0.07150	0.69979	0.00995	0.01487	0.04720	0.01228	0.06011	0.00845	0.01205	0.01924	0.00795	0.00521	0.00360	0.00343	0.00113	0.00525	0.00275	0.00173	0.00535

[dist]
# distance from previous block
# <min> <max>
0	4

[block]
# block no. 2 follows, 75 sequences, length 101
# corresponding to MSA columns:
# 435-535
name=unknown_C
#
# <colnr> <probs for GDERKNQSTAVLIFYWHMCP>
#	G	D	E	R	K	N	Q	S	T	A	V	L	I	F	Y	W	H	M	C	P
0	0.53971	0.04264	0.00775	0.00659	0.00875	0.32020	0.00521	0.01223	0.00782	0.01344	0.00532	0.00621	0.00428	0.00354	0.00266	0.00105	0.00427	0.00213	0.00211	0.00411
1	0.00999	0.80752	0.01851	0.00647	0.00952	0.05515	0.00631	0.01141	0.03090	0.00885	0.00541	0.00615	0.00490	0.00322	0.00244	0.00081	0.00403	0.00204	0.00165	0.00472
2	0.00913	0.00923	0.02827	0.01091	0.01371	0.03292	0.34646	0.03251	0.43590	0.01373	0.01122	0.01168	0.00843	0.00415	0.00406	0.00123	0.01408	0.00413	0.00285	0.00540
3	0.00475	0.00369	0.00439	0.00484	0.00569	0.00333	0.00370	0.00578	0.00800	0.01002	0.02815	0.27691	0.41564	0.01014	0.00461	0.00142	0.00230	0.20012	0.00340	0.00313
4	0.00512	0.00373	0.00481	0.00458	0.00545	0.00342	0.00342	0.00676	0.01014	0.01422	0.76369	0.05908	0.08627	0.00777	0.00435	0.00117	0.00176	0.00685	0.00398	0.00342
5	0.00528	0.00380	0.00523	0.00523	0.00565	0.00422	0.00375	0.00613	0.00570	0.00803	0.01046	0.01785	0.01067	0.32783	0.55812	0.00507	0.00760	0.00444	0.00206	0.00290
6	0.00701	0.00660	0.01115	0.83319	0.05362	0.00818	0.01024	0.00945	0.00738	0.00947	0.00654	0.00977	0.00493	0.00366	0.00367	0.00122	0.00488	0.00326	0.00164	0.00414
7	0.00970	0.83262	0.05874	0.00648	0.00973	0.01425	0.00663	0.01103	0.00748	0.00878	0.00518	0.00598	0.00471	0.00316	0.00241	0.00080	0.00400	0.00200	0.00157	0.00475
8	0.00525	0.00392	0.00582	0.00582	0.00644	0.00454	0.00448	0.00650	0.00588	0.00846	0.00992	0.01487	0.00937	0.06648	0.81770	0.00579	0.00955	0.00400	0.00198	0.00323
9	0.00823	0.00606	0.00701	0.00644	0.00806	0.00650	0.00510	0.04639	0.37271	0.07653	0.25566	0.02129	0.01900	0.00637	0.00407	0.00126	0.00267	0.12001	0.02184	0.00479
10	0.00982	0.87313	0.01925	0.00628	0.00943	0.01453	0.00628	0.01100	0.00746	0.00864	0.00511	0.00589	0.00471	0.00314	0.00236	0.00079	0.00393	0.00196	0.00157	0.00471
11	0.00450	0.00368	0.00378	0.00381	0.00497	0.00312	0.00283	0.00548	0.00835	0.01025	0.06411	0.07540	0.73695	0.00911	0.00427	0.00123	0.00186	0.00764	0.04555	0.00312
12	0.01396	0.01029	0.01102	0.00845	0.01139	0.01139	0.00698	0.83577	0.01727	0.02315	0.00882	0.00882	0.00625	0.00441	0.00367	0.00110	0.00404	0.00331	0.00367	0.00625
13	0.00469	0.00374	0.00420	0.00412	0.00521	0.00326	0.00311	0.00593	0.00910	0.01168	0.32864	0.03264	0.53395	0.00867	0.00435	0.00122	0.00185	0.02676	0.00364	0.00324
14	0.01648	0.00625	0.00852	0.00653	0.00938	0.00540	0.00540	0.01790	0.01051	0.85056	0.01449	0.01250	0.00909	0.00455	0.00369	0.00114	0.00313	0.00369	0.00455	0.00625
15	0.00520	0.00375	0.00491	0.00462	0.00549	0.00347	0.00347	0.00693	0.01040	0.01473	0.84608	0.02743	0.03465	0.00751	0.00433	0.00116	0.00173	0.00664	0.00404	0.00347
16	0.01567	0.00613	0.00819	0.00634	0.00903	0.00539	0.00522	0.03642	0.01045	0.76630	0.01416	0.01251	0.00905	0.00452	0.00361	0.00111	0.00304	0.00366	0.07319	0.00603
17	0.00883	0.00758	0.00812	0.00735	0.00932	0.00878	0.00572	0.01851	0.77669	0.01483	0.01455	0.01376	0.01105	0.00673	0.06976	0.00161	0.00344	0.00414	0.00360	0.00562
18	0.00773	0.00663	0.00767	0.00560	0.00877	0.00522	0.00447	0.01004	0.07217	0.01223	0.00718	0.00809	0.00589	0.00290	0.00280	0.00060	0.00273	0.00233	0.00230	0.82465
19	0.00909	0.00873	0.01491	0.02254	0.84801	0.00873	0.01127	0.01127	0.00836	0.01200	0.00691	0.00909	0.00582	0.00327	0.00364	0.00109	0.00436	0.00327	0.00182	0.00582
20	0.82796	0.00706	0.00583	0.07121	0.00851	0.00823	0.00446	0.01069	0.00634	0.01593	0.00522	0.00626	0.00405	0.00343	0.00238	0.00114	0.00300	0.00209	0.00222	0.00399
21	0.00454	0.00322	0.00424	0.00503	0.00522	0.00303	0.00332	0.00513	0.00690	0.00920	0.01957	0.80314	0.02344	0.07805	0.00577	0.00165	0.00224	0.01005	0.00332	0.00292
22	0.07424	0.00401	0.00495	0.00464	0.00561	0.00384	0.00351	0.00723	0.01008	0.01486	0.78096	0.02577	0.03228	0.00719	0.00417	0.00115	0.00182	0.00628	0.00391	0.00351
23	0.00905	0.00790	0.00853	0.00764	0.00956	0.00930	0.00599	0.01869	0.77667	0.01486	0.01416	0.01326	0.01072	0.00509	0.00438	0.00127	0.06960	0.00408	0.00357	0.00567
24	0.00762	0.00653	0.00762	0.00544	0.00870	0.00490	0.00435	0.00925	0.00762	0.01197	0.00653	0.00762	0.00544	0.00272	0.00272	0.00054	0.00272	0.00218	0.00218	0.89338
25	0.00575	0.00481	0.00519	0.00488	0.00588	0.06944	0.00366	0.00732	0.01014	0.01368	0.67918	0.02682	0.13454	0.00745	0.00425	0.00115	0.00213	0.00645	0.00380	0.00348
26	0.00517	0.00370	0.00459	0.00441	0.00531	0.00339	0.00329	0.00673	0.00975	0.01371	0.62652	0.06061	0.15528	0.00769	0.00421	0.00116	0.00177	0.00671	0.07262	0.00339
27	0.00697	0.00749	0.07612	0.79616	0.02457	0.00819	0.01046	0.00956	0.00738	0.00956	0.00653	0.00963	0.00488	0.00366	0.00366	0.00122	0.00494	0.00322	0.00163	0.00418
28	0.01336	0.01682	0.01076	0.01047	0.07614	0.79056	0.00742	0.01440	0.01025	0.00922	0.00577	0.00681	0.00482	0.00375	0.00334	0.00096	0.00645	0.00244	0.00189	0.00438
29	0.01357	0.00584	0.00803	0.07243	0.00988	0.00532	0.00541	0.01528	0.02432	0.61794	0.15276	0.01483	0.01308	0.00498	0.00378	0.00114	0.00300	0.00416	0.01870	0.00556
30	0.00738	0.03544	0.76982	0.07632	0.01649	0.00862	0.01316	0.01144	0.00772	0.01140	0.00656	0.00787	0.00467	0.00350	0.00348	0.00116	0.00536	0.00274	0.00156	0.00531
31	0.01284	0.00960	0.01077	0.00832	0.01108	0.01051	0.03853	0.70427	0.03970	0.02169	0.07381	0.01051	0.00861	0.00461	0.00374	0.00111	0.00388	0.00363	0.01686	0.00593
32	0.00500	0.00381	0.00545	0.04208	0.07151	0.00370	0.00442	0.00589	0.00722	0.00966	0.01860	0.72678	0.02191	0.01048	0.00458	0.00146	0.00248	0.04850	0.00321	0.00327
33	0.01263	0.08830	0.01109	0.00784	0.01063	0.01094	0.00654	0.66106	0.05127	0.02047	0.01094	0.01082	0.07138	0.00470	0.00361	0.00109	0.00381	0.00357	0.00346	0.00584
34	0.00523	0.00408	0.00515	0.00488	0.00575	0.00400	0.00374	0.00670	0.00946	0.01300	0.56279	0.04208	0.21338	0.00797	0.00496	0.00123	0.06859	0.02991	0.00368	0.00342
35	0.00455	0.00328	0.00432	0.00504	0.00537	0.00305	0.00343	0.00531	0.00737	0.00983	0.08127	0.74842	0.06638	0.01108	0.00465	0.00146	0.00211	0.02659	0.00346	0.00303
36	0.34866	0.12887	0.41586	0.00775	0.01166	0.00922	0.00892	0.01123	0.00714	0.01309	0.00583	0.00682	0.00440	0.00341	0.00287	0.00110	0.00424	0.00234	0.00183	0.00478
37	0.00486	0.00406	0.00464	0.00448	0.00550	0.00383	0.00342	0.00598	0.00861	0.01099	0.22727	0.05471	0.55145	0.00873	0.00496	0.00126	0.06863	0.01995	0.00342	0.00326
38	0.00737	0.01900	0.85189	0.01047	0.01590	0.00853	0.01357	0.01163	0.00775	0.01163	0.00659	0.00775	0.00465	0.00349	0.00349	0.00116	0.00543	0.00271	0.00155	0.00543
39	0.00962	0.02153	0.10140	0.06516	0.18784	0.13010	0.33644	0.02177	0.02054	0.04441	0.00726	0.00911	0.00557	0.00346	0.00399	0.00115	0.02008	0.00352	0.00196	0.00509
40	0.00858	0.01731	0.73194	0.00997	0.01503	0.00828	0.01246	0.03870	0.00836	0.10455	0.00753	0.00831	0.00519	0.00364	0.00352	0.00116	0.00513	0.00284	0.00195	0.00554
41	0.00434	0.00371	0.00373	0.00375	0.00497	0.00310	0.00281	0.00527	0.00834	0.00991	0.03680	0.05517	0.82696	0.00935	0.00435	0.00125	0.00187	0.00782	0.00341	0.00310
42	0.02426	0.00677	0.00806	0.00656	0.00870	0.01557	0.00528	0.24165	0.02784	0.30281	0.20842	0.04287	0.04144	0.00598	0.01812	0.00123	0.02067	0.00459	0.00393	0.00523
43	0.02919	0.09208	0.01159	0.30486	0.08916	0.28316	0.00825	0.04375	0.02279	0.07157	0.00693	0.00848	0.00535	0.00373	0.00340	0.00107	0.00508	0.00287	0.00207	0.00462
44	0.00454	0.00324	0.00433	0.00516	0.00540	0.00303	0.00349	0.00524	0.00716	0.00956	0.03987	0.82188	0.02444	0.01137	0.00469	0.00149	0.00216	0.03652	0.00342	0.00301
45	0.72348	0.00773	0.00650	0.00554	0.00794	0.00886	0.00457	0.17281	0.00841	0.01779	0.00584	0.00653	0.00442	0.00361	0.00255	0.00113	0.00308	0.00225	0.00255	0.00442
46	0.00964	0.00827	0.01359	0.03377	0.54012	0.00846	0.06634	0.04565	0.03363	0.09045	0.05145	0.01049	0.00770	0.00391	0.00427	0.00115	0.05968	0.00358	0.00231	0.00554
47	0.00900	0.00864	0.01475	0.05726	0.81399	0.00870	0.01123	0.01119	0.00832	0.01189	0.00689	0.00912	0.00578	0.00329	0.00364	0.00110	0.00439	0.00327	0.00181	0.00575
48	0.01648	0.00625	0.00852	0.00653	0.00938	0.00540	0.00540	0.01790	0.01051	0.85056	0.01449	0.01250	0.00909	0.00455	0.00369	0.00114	0.00313	0.00369	0.00455	0.00625
49	0.00694	0.00653	0.01102	0.86210	0.02530	0.00816	0.01020	0.00938	0.00734	0.00938	0.00653	0.00979	0.00490	0.00367	0.00367	0.00122	0.00490	0.00326	0.00163	0.00408
50	0.00985	0.83587	0.03833	0.00643	0.00962	0.01433	0.00647	0.02775	0.00767	0.00900	0.00522	0.00599	0.00474	0.00318	0.00241	0.00080	0.00396	0.00201	0.00161	0.00476
51	0.76396	0.00867	0.00615	0.00553	0.00774	0.13585	0.00445	0.01138	0.00688	0.01535	0.00520	0.00607	0.00409	0.00347	0.00243	0.00111	0.00341	0.00205	0.00222	0.00402
52	0.00909	0.00873	0.01491	0.02254	0.84801	0.00873	0.01127	0.01127	0.00836	0.01200	0.00691	0.00909	0.00582	0.00327	0.00364	0.00109	0.00436	0.00327	0.00182	0.00582
53	0.00452	0.00328	0.00429	0.00507	0.00539	0.00304	0.00346	0.00523	0.00720	0.00949	0.02163	0.76482	0.09276	0.01127	0.00467	0.00148	0.00216	0.04382	0.00341	0.00301
54	0.03434	0.00794	0.00836	0.00742	0.00956	0.00912	0.00581	0.05721	0.75897	0.03660	0.01438	0.01323	0.01073	0.00490	0.00369	0.00123	0.00296	0.00404	0.00371	0.00579
