[name]
unknown

[dist]
# distance from previous block
# <min> <max>
1	120

[block]
# block no. 0 follows, 64 sequences, length 28
# corresponding to MSA columns:
# 124-151
name=unknown_A
#
# <colnr> <probs for GDERKNQSTAVLIFYWHMCP>
#	G	D	E	R	K	N	Q	S	T	A	V	L	I	F	Y	W	H	M	C	P
0	0.02312	0.00928	0.04722	0.05212	0.08587	0.00873	0.14982	0.17446	0.02716	0.02574	0.09121	0.01330	0.01039	0.06075	0.00548	0.00137	0.02651	0.00419	0.00291	0.18036
1	0.04493	0.00854	0.01404	0.31749	0.43553	0.00920	0.01130	0.01209	0.00915	0.05010	0.04230	0.01147	0.00766	0.00414	0.00410	0.00130	0.00489	0.00382	0.00225	0.00570
2	0.00899	0.00740	0.01196	0.54662	0.13078	0.00839	0.01017	0.01142	0.00887	0.08426	0.04910	0.01277	0.00818	0.03874	0.00482	0.00142	0.00493	0.00396	0.00236	0.04485
3	0.01118	0.00960	0.01609	0.08705	0.05710	0.04272	0.32856	0.05391	0.08907	0.13432	0.01133	0.01479	0.00897	0.03057	0.00532	0.00148	0.02744	0.06188	0.00296	0.00566
4	0.00812	0.04317	0.01285	0.30537	0.01760	0.00916	0.12712	0.01069	0.04860	0.01154	0.08147	0.04465	0.01059	0.05537	0.05288	0.00189	0.14729	0.00466	0.00237	0.00460
5	0.00628	0.01910	0.00662	0.00704	0.06428	0.00475	0.00474	0.00756	0.00926	0.02699	0.21031	0.35210	0.16707	0.00984	0.00523	0.00145	0.03793	0.00860	0.00373	0.04711
6	0.01135	0.21230	0.04763	0.04162	0.01207	0.04945	0.00706	0.21923	0.01154	0.01561	0.00763	0.00855	0.00609	0.00382	0.00337	0.00093	0.00422	0.00282	0.00267	0.33205
7	0.00991	0.11936	0.01245	0.07312	0.05916	0.00866	0.05112	0.10870	0.01001	0.01434	0.00757	0.00895	0.00614	0.00351	0.00340	0.00087	0.00395	0.00289	0.00249	0.49340
8	0.02481	0.00969	0.20859	0.04912	0.01161	0.00674	0.05191	0.01146	0.08624	0.07625	0.17789	0.02177	0.17302	0.06606	0.00561	0.00154	0.00388	0.00562	0.00331	0.00491
9	0.00790	0.01814	0.00826	0.00699	0.00869	0.01978	0.07293	0.08100	0.04782	0.04842	0.39933	0.06485	0.14411	0.00801	0.00478	0.00136	0.00300	0.04602	0.00408	0.00453
10	0.05156	0.01576	0.46818	0.08624	0.01826	0.00931	0.18361	0.01240	0.00880	0.01302	0.00850	0.02184	0.00672	0.00543	0.03917	0.00159	0.00619	0.03584	0.00201	0.00558
11	0.00618	0.04646	0.00664	0.06649	0.00825	0.00500	0.00477	0.05118	0.00888	0.01173	0.05876	0.63001	0.05769	0.01115	0.00499	0.00157	0.00282	0.00997	0.00366	0.00379
12	0.01022	0.00555	0.00649	0.00570	0.00748	0.00531	0.00446	0.05574	0.06376	0.21671	0.10833	0.02242	0.15946	0.04847	0.00493	0.00138	0.00275	0.02907	0.23685	0.00488
13	0.02337	0.01045	0.03839	0.06013	0.49716	0.08717	0.01068	0.04503	0.08594	0.01377	0.00983	0.08144	0.00870	0.00481	0.00416	0.00128	0.00483	0.00434	0.00249	0.00602
14	0.01182	0.05903	0.17239	0.08358	0.05224	0.24789	0.06484	0.08566	0.06819	0.05359	0.00933	0.05607	0.00760	0.00477	0.00404	0.00125	0.00572	0.00383	0.00258	0.00557
15	0.00563	0.00417	0.00536	0.00600	0.00677	0.00390	0.00461	0.00691	0.00915	0.01191	0.10643	0.35114	0.18987	0.01157	0.00532	0.00166	0.00275	0.25934	0.00392	0.00360
16	0.00737	0.00449	0.00501	0.00520	0.00625	0.00455	0.00407	0.01000	0.07939	0.01438	0.01791	0.09626	0.05994	0.00725	0.00390	0.00128	0.00248	0.16253	0.50370	0.00403
17	0.07216	0.00925	0.01118	0.01178	0.20548	0.10798	0.05162	0.01229	0.00968	0.08076	0.05789	0.01341	0.08119	0.00459	0.00383	0.00107	0.00417	0.00389	0.00278	0.25501
18	0.01115	0.64305	0.05128	0.00896	0.01268	0.01508	0.12358	0.07048	0.00945	0.01159	0.00652	0.00763	0.00559	0.00366	0.00314	0.00100	0.00488	0.00275	0.00199	0.00552
19	0.00494	0.00410	0.00432	0.00449	0.00568	0.00348	0.00328	0.00593	0.00920	0.01111	0.03867	0.18400	0.68460	0.01096	0.00498	0.00145	0.00216	0.00931	0.00386	0.00348
20	0.04268	0.00941	0.01150	0.32445	0.02602	0.10854	0.06643	0.17312	0.01113	0.01510	0.00893	0.01107	0.00678	0.00440	0.00387	0.00124	0.00494	0.00365	0.16167	0.00508
21	0.01023	0.00950	0.03549	0.18515	0.11732	0.04754	0.00860	0.07448	0.38379	0.01556	0.01232	0.01295	0.00934	0.00488	0.00409	0.00133	0.00426	0.00410	0.05314	0.00595
22	0.00513	0.00400	0.00458	0.00498	0.00583	0.00356	0.00354	0.00603	0.00866	0.01082	0.03190	0.34072	0.43261	0.07239	0.00627	0.00172	0.00244	0.04767	0.00376	0.00340
23	0.88336	0.00803	0.00611	0.00546	0.00803	0.00932	0.00450	0.01221	0.00707	0.01864	0.00578	0.00675	0.00450	0.00386	0.00257	0.00129	0.00321	0.00225	0.00257	0.00450
24	0.00869	0.12947	0.72766	0.01123	0.01703	0.01052	0.01428	0.01306	0.00873	0.01272	0.00724	0.00850	0.00527	0.00390	0.00378	0.00126	0.00592	0.00296	0.00176	0.00603
25	0.01288	0.01240	0.01187	0.01084	0.06819	0.25210	0.04442	0.22761	0.12375	0.03726	0.01056	0.07112	0.00886	0.00638	0.03531	0.00149	0.05190	0.00422	0.00314	0.00571
26	0.05065	0.00822	0.00929	0.04295	0.05113	0.05500	0.00610	0.13309	0.01130	0.10368	0.14794	0.02141	0.03203	0.00495	0.00384	0.00105	0.00359	0.00404	0.00335	0.30639
27	0.01016	0.16657	0.03141	0.01498	0.28706	0.13036	0.10840	0.01212	0.00928	0.01171	0.00967	0.09501	0.02304	0.00678	0.06419	0.00161	0.00564	0.00438	0.00224	0.00538

[dist]
# distance from previous block
# <min> <max>
0	2

[block]
# block no. 1 follows, 64 sequences, length 18
# corresponding to MSA columns:
# 154-156,163-177
name=unknown_B
#
# <colnr> <probs for GDERKNQSTAVLIFYWHMCP>
#	G	D	E	R	K	N	Q	S	T	A	V	L	I	F	Y	W	H	M	C	P
0	0.01232	0.01176	0.17040	0.03486	0.06179	0.12273	0.05184	0.04832	0.02972	0.24114	0.01170	0.01356	0.02522	0.09513	0.04949	0.00184	0.00538	0.00405	0.00310	0.00566
1	0.00667	0.00553	0.00847	0.00770	0.00879	0.00562	0.12281	0.00898	0.09531	0.01106	0.01612	0.32852	0.01733	0.18064	0.15386	0.00295	0.00502	0.00760	0.00309	0.00393
2	0.01077	0.05567	0.10958	0.01083	0.14634	0.00853	0.02200	0.13018	0.07965	0.12536	0.15601	0.01678	0.07806	0.00563	0.00423	0.00126	0.00392	0.00476	0.00350	0.02693
3	0.01074	0.18797	0.28601	0.03377	0.05627	0.10669	0.00986	0.01335	0.00933	0.09574	0.00874	0.05430	0.00717	0.00442	0.00368	0.00114	0.00507	0.00342	0.00236	0.09998
4	0.01030	0.69169	0.04331	0.00770	0.01101	0.01449	0.05360	0.01179	0.00848	0.01016	0.00782	0.09813	0.00777	0.00458	0.00312	0.00102	0.00442	0.00343	0.00202	0.00516
5	0.00627	0.00481	0.00558	0.00563	0.00673	0.00459	0.00413	0.07571	0.04011	0.01330	0.14424	0.33854	0.29718	0.01053	0.00498	0.00149	0.00249	0.02575	0.00400	0.00394
6	0.01001	0.07498	0.26127	0.01236	0.15930	0.06573	0.02545	0.09075	0.10448	0.02341	0.01249	0.05378	0.07769	0.00520	0.00409	0.00128	0.00487	0.00431	0.00268	0.00585
7	0.00752	0.00644	0.00870	0.00772	0.00873	0.05095	0.09194	0.05032	0.00787	0.01056	0.01189	0.09611	0.01225	0.27340	0.28435	0.00396	0.05547	0.00549	0.00253	0.00380
8	0.00735	0.00555	0.00635	0.00615	0.00749	0.00547	0.00471	0.16245	0.01103	0.01429	0.06963	0.25591	0.28669	0.03429	0.00544	0.00158	0.00292	0.10458	0.00391	0.00419
9	0.08767	0.01056	0.01133	0.00887	0.01203	0.01157	0.00729	0.58465	0.08856	0.11889	0.01099	0.01068	0.00772	0.00497	0.00403	0.00127	0.00422	0.00375	0.00415	0.00681
10	0.01004	0.04120	0.26812	0.03399	0.01391	0.20554	0.06846	0.01303	0.04080	0.03060	0.12844	0.05636	0.01191	0.00541	0.00472	0.00130	0.05408	0.00433	0.00257	0.00519
11	0.09391	0.00775	0.00895	0.00686	0.01015	0.00696	0.00554	0.05789	0.09757	0.23852	0.01086	0.01076	0.00788	0.00409	0.00351	0.00098	0.00332	0.00322	0.00349	0.41778
12	0.00522	0.00426	0.00453	0.00463	0.00585	0.00370	0.00350	0.00629	0.00923	0.01119	0.05333	0.03945	0.65472	0.08247	0.00638	0.00168	0.00245	0.09390	0.00375	0.00346
13	0.01092	0.03102	0.00766	0.00617	0.00816	0.00575	0.00494	0.08603	0.01189	0.26404	0.32226	0.02292	0.09373	0.00691	0.00438	0.00127	0.00280	0.02045	0.08353	0.00516
14	0.10229	0.01141	0.01252	0.01253	0.17240	0.20104	0.06795	0.08381	0.03523	0.20728	0.02691	0.01079	0.00782	0.00453	0.00420	0.00125	0.02534	0.00363	0.00315	0.00594
15	0.00958	0.08970	0.47613	0.01052	0.01471	0.16156	0.01170	0.01274	0.00906	0.01186	0.00867	0.09929	0.00769	0.00514	0.00451	0.00130	0.05444	0.00390	0.00206	0.00544
16	0.00583	0.00400	0.00482	0.00496	0.00530	0.00392	0.00319	0.00606	0.00689	0.00902	0.01857	0.14098	0.15412	0.42114	0.09657	0.09795	0.00413	0.00689	0.00283	0.00285
17	0.24382	0.07295	0.33216	0.00885	0.01274	0.05771	0.00946	0.09887	0.00955	0.01543	0.03338	0.00969	0.00684	0.02815	0.04275	0.00158	0.00519	0.00312	0.00239	0.00539

[dist]
# distance from previous block
# <min> <max>
1	10

[block]
# block no. 2 follows, 64 sequences, length 36
# corresponding to MSA columns:
# 188-223
name=unknown_C
#
# <colnr> <probs for GDERKNQSTAVLIFYWHMCP>
#	G	D	E	R	K	N	Q	S	T	A	V	L	I	F	Y	W	H	M	C	P
0	0.10691	0.36049	0.32651	0.00946	0.04598	0.01228	0.01008	0.01289	0.03008	0.01252	0.00684	0.00792	0.00549	0.00378	0.00325	0.00111	0.00489	0.00268	0.00196	0.03488
1	0.00877	0.10902	0.07585	0.05442	0.14222	0.04056	0.00803	0.04019	0.09365	0.01207	0.00984	0.01285	0.00850	0.03795	0.30760	0.00327	0.00711	0.00386	0.00238	0.02189
2	0.00574	0.00393	0.00470	0.00496	0.00511	0.00383	0.00303	0.00612	0.00710	0.00956	0.08736	0.26857	0.02084	0.53376	0.01508	0.00310	0.00337	0.00786	0.00309	0.00289
3	0.00981	0.01037	0.01345	0.52403	0.14400	0.17434	0.04240	0.01223	0.00923	0.01107	0.00730	0.01025	0.00568	0.00409	0.00409	0.00130	0.00589	0.00354	0.00195	0.00499
4	0.01285	0.22308	0.06051	0.00964	0.04812	0.26586	0.00790	0.11381	0.10365	0.05667	0.03148	0.01055	0.02947	0.00462	0.00370	0.00113	0.00521	0.00336	0.00278	0.00563
5	0.01696	0.00839	0.01003	0.00782	0.01085	0.04644	0.00637	0.17567	0.01292	0.56060	0.01384	0.01273	0.00911	0.00551	0.00478	0.04973	0.00391	0.00393	0.00453	0.03587
6	0.00527	0.00396	0.00481	0.00513	0.00588	0.00358	0.00360	0.00636	0.00924	0.01217	0.22842	0.37275	0.25944	0.05254	0.00587	0.00163	0.00229	0.00958	0.00397	0.00351
7	0.05389	0.00420	0.00547	0.00663	0.04478	0.00408	0.00424	0.00651	0.00782	0.01100	0.02038	0.69555	0.02410	0.06859	0.02054	0.00189	0.00283	0.01039	0.00358	0.00354
8	0.01232	0.06930	0.09258	0.05399	0.13309	0.14682	0.06808	0.25135	0.04282	0.02578	0.00922	0.04928	0.00749	0.00472	0.00406	0.00124	0.00529	0.00388	0.00284	0.01583
9	0.00913	0.00763	0.00824	0.00754	0.00936	0.00867	0.00570	0.01789	0.60031	0.01540	0.05460	0.01849	0.02958	0.13422	0.05282	0.00209	0.00375	0.00509	0.00387	0.00563
10	0.00600	0.00403	0.00500	0.00539	0.00596	0.00373	0.00367	0.00677	0.00824	0.05142	0.06798	0.45360	0.14503	0.18264	0.00839	0.00208	0.00276	0.03017	0.00369	0.00345
11	0.04018	0.00653	0.00825	0.08822	0.07140	0.06415	0.00633	0.02264	0.00776	0.01065	0.01214	0.06855	0.05567	0.06465	0.37395	0.04521	0.04249	0.00482	0.00239	0.00402
12	0.13163	0.00772	0.00950	0.00739	0.01053	0.00731	0.00610	0.11086	0.01214	0.63162	0.01426	0.01269	0.00915	0.00495	0.00396	0.00128	0.00361	0.00387	0.00469	0.00673
13	0.00563	0.00414	0.00522	0.00523	0.00609	0.00380	0.00382	0.00715	0.01041	0.01425	0.50611	0.17588	0.14751	0.05179	0.00581	0.00154	0.00223	0.03549	0.00422	0.00369
14	0.00740	0.00486	0.00585	0.00539	0.00684	0.00445	0.00411	0.00961	0.06202	0.11547	0.39816	0.05758	0.28498	0.00869	0.00478	0.00135	0.00230	0.00746	0.00437	0.00433
15	0.00643	0.00511	0.00601	0.02488	0.00746	0.00513	0.00445	0.00984	0.17222	0.01381	0.25672	0.21338	0.20535	0.03085	0.00527	0.00151	0.00252	0.02079	0.00406	0.00422
16	0.00833	0.02149	0.83250	0.01184	0.01798	0.00965	0.01535	0.01315	0.00877	0.01315	0.00745	0.00877	0.00526	0.00395	0.00395	0.00132	0.00614	0.00307	0.00175	0.00614
17	0.00969	0.01096	0.02384	0.01714	0.02122	0.01029	0.78287	0.01313	0.00979	0.01327	0.00891	0.01254	0.00696	0.00380	0.00493	0.00142	0.00688	0.03465	0.00217	0.00554
18	0.00861	0.00738	0.00861	0.00615	0.00984	0.00554	0.00492	0.01046	0.00861	0.01354	0.00738	0.00861	0.00615	0.00308	0.00308	0.00062	0.00308	0.00246	0.00246	0.87941
19	0.00940	0.01002	0.01789	0.01380	0.01564	0.01175	0.36175	0.01145	0.00787	0.01145	0.00675	0.01002	0.00583	0.00562	0.00980	0.00163	0.47820	0.00419	0.00194	0.00501
20	0.01028	0.00987	0.01686	0.02550	0.82811	0.00987	0.01275	0.01275	0.00946	0.01357	0.00781	0.01028	0.00658	0.00370	0.00411	0.00123	0.00493	0.00370	0.00206	0.00658
21	0.00712	0.00690	0.01209	0.05630	0.01279	0.00654	0.28084	0.00959	0.03994	0.01269	0.11222	0.12053	0.26911	0.00767	0.00490	0.00144	0.00408	0.02758	0.00324	0.00444
22	0.00947	0.00806	0.00908	0.05338	0.01063	0.06273	0.00592	0.06825	0.03115	0.04549	0.04013	0.07441	0.00992	0.07125	0.00605	0.00128	0.08947	0.00405	0.00280	0.39648
23	0.04353	0.00753	0.00884	0.00744	0.00951	0.04497	0.00593	0.07163	0.04874	0.35570	0.01631	0.09697	0.07907	0.03423	0.00595	0.00147	0.10837	0.00514	0.04307	0.00559
24	0.00515	0.00403	0.00455	0.00478	0.00569	0.00356	0.00338	0.00611	0.00898	0.01133	0.11468	0.26624	0.44998	0.08457	0.00643	0.00170	0.00234	0.00926	0.00381	0.00343
25	0.07701	0.00857	0.01020	0.00789	0.01105	0.00852	0.00651	0.28222	0.01401	0.49014	0.01347	0.01228	0.00883	0.00499	0.00403	0.00127	0.00382	0.00389	0.02448	0.00682
26	0.18062	0.00728	0.00700	0.00661	0.00822	0.09774	0.01442	0.05470	0.00960	0.10619	0.04471	0.32701	0.10329	0.00839	0.00434	0.00142	0.00338	0.00706	0.00358	0.00443
27	0.00518	0.00370	0.00495	0.00584	0.00616	0.00347	0.00399	0.00602	0.00822	0.01099	0.06285	0.77212	0.02789	0.01271	0.00530	0.00168	0.00245	0.04916	0.00389	0.00342
28	0.00644	0.00530	0.00580	0.00554	0.00700	0.00521	0.00419	0.01022	0.20079	0.01401	0.23277	0.07018	0.39899	0.00898	0.00476	0.00139	0.00236	0.00764	0.00412	0.00433
29	0.00678	0.00658	0.05504	0.00886	0.01051	0.00567	0.16959	0.00862	0.00880	0.01167	0.01924	0.26354	0.07212	0.08219	0.00661	0.00186	0.00410	0.25091	0.00326	0.00405
30	0.00704	0.00531	0.00717	0.00817	0.11318	0.00511	0.00526	0.02916	0.01912	0.05095	0.29232	0.21810	0.18341	0.00901	0.00506	0.00142	0.02412	0.00788	0.00388	0.00433
31	0.00825	0.00483	0.00577	0.00528	0.00665	0.00458	0.00404	0.03629	0.03366	0.11420	0.35587	0.05319	0.10263	0.00727	0.00425	0.00124	0.00230	0.00620	0.23910	0.00440
32	0.01397	0.03888	0.01135	0.00982	0.01194	0.59378	0.00753	0.10546	0.01192	0.01199	0.00912	0.01025	0.05187	0.00672	0.06481	0.00153	0.02839	0.00328	0.00245	0.00492
33	0.06312	0.00864	0.03157	0.00813	0.03130	0.02150	0.00653	0.25243	0.02905	0.32519	0.11377	0.01546	0.03907	0.02948	0.00466	0.00136	0.00376	0.00450	0.00428	0.00621
34	0.07823	0.01825	0.02261	0.02578	0.44704	0.00841	0.05049	0.02989	0.00961	0.06937	0.03968	0.05438	0.10009	0.01611	0.00442	0.00133	0.00426	0.01157	0.00274	0.00572
35	0.01484	0.10405	0.01312	0.01093	0.05232	0.62391	0.00815	0.10222	0.01216	0.01202	0.00681	0.00781	0.00559	0.00425	0.00370	0.00108	0.00674	0.00279	0.00232	0.00520

[dist]
# distance from previous block
# <min> <max>
0	1

[block]
# block no. 3 follows, 64 sequences, length 16
# corresponding to MSA columns:
# 225-240
name=unknown_D
#
# <colnr> <probs for GDERKNQSTAVLIFYWHMCP>
#	G	D	E	R	K	N	Q	S	T	A	V	L	I	F	Y	W	H	M	C	P
0	0.06089	0.02247	0.19306	0.00834	0.01133	0.03387	0.03431	0.02905	0.03581	0.05494	0.00910	0.02247	0.00801	0.15177	0.00770	0.00166	0.09226	0.00372	0.00247	0.21677
1	0.00926	0.00706	0.03494	0.00875	0.07502	0.00665	0.04808	0.13153	0.03166	0.09609	0.31755	0.09903	0.05124	0.00862	0.05391	0.00165	0.00376	0.00623	0.00390	0.00506
2	0.00930	0.00511	0.00643	0.00565	0.00729	0.00460	0.00433	0.01109	0.03077	0.23825	0.37002	0.02754	0.18689	0.06703	0.00582	0.00151	0.00260	0.00668	0.00443	0.00467
3	0.56673	0.00789	0.00734	0.00618	0.00885	0.00858	0.00507	0.08347	0.00942	0.17237	0.06552	0.01016	0.00827	0.00451	0.00318	0.00127	0.00330	0.00312	0.00333	0.02145
4	0.10092	0.00929	0.01540	0.04128	0.55428	0.00933	0.09145	0.01281	0.00929	0.06222	0.00888	0.05039	0.00753	0.00424	0.00409	0.00128	0.00478	0.00409	0.00238	0.00609
5	0.02129	0.05370	0.09640	0.02217	0.01142	0.02854	0.05487	0.23683	0.05827	0.01531	0.01080	0.01414	0.02458	0.06508	0.18435	0.06399	0.00610	0.02418	0.00286	0.00511
6	0.00537	0.00417	0.00478	0.00472	0.00579	0.00369	0.00345	0.00667	0.01000	0.01304	0.33834	0.08918	0.41615	0.06889	0.00607	0.00157	0.00220	0.00830	0.00404	0.00359
7	0.00579	0.00410	0.00503	0.00524	0.00614	0.00367	0.00376	0.00696	0.00955	0.04623	0.23548	0.36457	0.26666	0.01078	0.00504	0.00149	0.00225	0.00948	0.00409	0.00371
8	0.01098	0.06990	0.48034	0.01106	0.01557	0.28884	0.01210	0.01457	0.03715	0.01209	0.00733	0.00844	0.00555	0.00409	0.00381	0.00121	0.00640	0.00294	0.00197	0.00566
9	0.00711	0.00510	0.00678	0.00637	0.00697	0.00566	0.01902	0.00850	0.06220	0.03902	0.01185	0.01990	0.01190	0.36914	0.29036	0.05003	0.06900	0.00503	0.00253	0.00352
10	0.00568	0.00393	0.00461	0.00487	0.00507	0.00381	0.00297	0.00601	0.00697	0.00922	0.03925	0.25559	0.07982	0.53679	0.01513	0.00311	0.00338	0.00787	0.00304	0.00286
11	0.06944	0.00678	0.00901	0.00867	0.05095	0.00828	0.00634	0.00930	0.00701	0.05892	0.01036	0.10213	0.01076	0.21750	0.07241	0.00260	0.33784	0.00508	0.00249	0.00411
12	0.05977	0.10900	0.11866	0.02331	0.04584	0.02226	0.11469	0.17597	0.08259	0.06494	0.01060	0.04272	0.00882	0.06425	0.00523	0.00148	0.00473	0.02651	0.01293	0.00570
13	0.00992	0.01175	0.12073	0.10146	0.46039	0.04318	0.16623	0.01285	0.00942	0.01304	0.00778	0.01023	0.00621	0.00376	0.00423	0.00128	0.00564	0.00381	0.00201	0.00607
14	0.00793	0.00461	0.00587	0.00589	0.00694	0.00425	0.00430	0.00915	0.02458	0.16185	0.06482	0.36380	0.12981	0.11381	0.00698	0.00185	0.00288	0.07263	0.00397	0.00409
15	0.01035	0.01184	0.02268	0.01764	0.09507	0.08329	0.66853	0.01354	0.00995	0.01305	0.00817	0.01079	0.00624	0.00359	0.00473	0.00136	0.00686	0.00460	0.00210	0.00562

[dist]
# distance from previous block
# <min> <max>
4	54

[block]
# block no. 4 follows, 64 sequences, length 24
# corresponding to MSA columns:
# 295-318
name=unknown_E
#
# <colnr> <probs for GDERKNQSTAVLIFYWHMCP>
#	G	D	E	R	K	N	Q	S	T	A	V	L	I	F	Y	W	H	M	C	P
0	0.08494	0.00938	0.12452	0.00768	0.01049	0.00819	0.00690	0.01697	0.34568	0.13970	0.05318	0.01471	0.02808	0.00526	0.00390	0.00129	0.00347	0.00426	0.10950	0.02190
1	0.69025	0.03076	0.00892	0.00791	0.06239	0.00971	0.06727	0.04193	0.00801	0.03198	0.00645	0.00756	0.00499	0.00387	0.00294	0.00128	0.00370	0.00263	0.00258	0.00488
2	0.00891	0.00777	0.00784	0.00681	0.02856	0.11036	0.00505	0.01091	0.04791	0.03069	0.17500	0.01596	0.05041	0.02108	0.00471	0.04674	0.00339	0.00420	0.07211	0.34160
3	0.00667	0.00378	0.00512	0.00513	0.00526	0.00372	0.00333	0.00574	0.00618	0.00822	0.05356	0.04105	0.05427	0.22623	0.01600	0.54281	0.00352	0.00491	0.00229	0.00223
4	0.01456	0.07039	0.01208	0.01018	0.01244	0.67691	0.00778	0.01705	0.11854	0.01109	0.00777	0.00850	0.00632	0.00441	0.00374	0.00110	0.00675	0.00291	0.00239	0.00508
5	0.01106	0.08531	0.01484	0.21156	0.34558	0.17817	0.01066	0.01312	0.00952	0.03714	0.00742	0.00966	0.00605	0.00410	0.00430	0.00123	0.03923	0.00337	0.00209	0.00559
6	0.00611	0.00446	0.00519	0.00517	0.00632	0.00404	0.00379	0.01917	0.03511	0.04832	0.22211	0.22274	0.37076	0.02111	0.00514	0.00147	0.00230	0.00874	0.00408	0.00386
7	0.01001	0.00949	0.01606	0.02414	0.77487	0.00949	0.01209	0.01231	0.00924	0.01321	0.00815	0.01137	0.00713	0.05867	0.00521	0.00141	0.00488	0.00385	0.00209	0.00632
8	0.00934	0.00814	0.00888	0.00814	0.00961	0.13639	0.07250	0.11790	0.02668	0.05232	0.01678	0.46493	0.01809	0.00911	0.00475	0.00147	0.00394	0.00807	0.01844	0.00453
9	0.02154	0.00455	0.00505	0.00500	0.00628	0.00421	0.00378	0.00751	0.05551	0.01269	0.19192	0.07859	0.49491	0.01113	0.05516	0.00173	0.00277	0.02998	0.00390	0.00379
10	0.00522	0.00378	0.00489	0.00567	0.00605	0.00354	0.00384	0.00615	0.01801	0.01097	0.06550	0.70493	0.07906	0.04270	0.00582	0.00173	0.00246	0.02242	0.00385	0.00343
11	0.07556	0.00801	0.01299	0.59004	0.21230	0.00938	0.01128	0.01123	0.00848	0.01191	0.00736	0.01056	0.00570	0.00403	0.00402	0.00134	0.00522	0.00358	0.00195	0.00506
12	0.00597	0.00405	0.00478	0.00497	0.00509	0.00403	0.00306	0.00624	0.00655	0.00873	0.01490	0.12675	0.01715	0.67020	0.03639	0.00364	0.00398	0.06800	0.00277	0.00275
13	0.00538	0.00374	0.00479	0.00545	0.00569	0.00354	0.00356	0.00589	0.00763	0.01015	0.04685	0.59354	0.05200	0.17918	0.00893	0.04423	0.00276	0.01003	0.00352	0.00315
14	0.12875	0.00903	0.01003	0.00787	0.01089	0.00941	0.00647	0.37868	0.01452	0.29593	0.01336	0.01267	0.05056	0.00518	0.00396	0.00127	0.00385	0.00396	0.02716	0.00646
15	0.00958	0.00633	0.00723	0.00661	0.00830	0.00651	0.00509	0.14867	0.13521	0.10222	0.05349	0.22052	0.11125	0.00804	0.00445	0.00139	0.00296	0.03479	0.12235	0.00501
16	0.00508	0.00376	0.00476	0.00554	0.00603	0.00344	0.00381	0.00591	0.00829	0.01078	0.02654	0.67074	0.18055	0.01249	0.00524	0.00164	0.00240	0.03574	0.00386	0.00341
17	0.01426	0.01080	0.01101	0.00885	0.01171	0.07431	0.00715	0.52834	0.09215	0.08287	0.01352	0.05280	0.06165	0.00575	0.00424	0.00128	0.00433	0.00449	0.00405	0.00644
18	0.05472	0.00778	0.00896	0.00675	0.00993	0.00690	0.00542	0.08147	0.02588	0.01454	0.00782	0.00942	0.00654	0.02313	0.02586	0.00103	0.05797	0.00281	0.00261	0.64044
19	0.00626	0.00457	0.00534	0.00545	0.00673	0.00415	0.00429	0.00786	0.03198	0.05238	0.10734	0.09031	0.44345	0.02759	0.00540	0.00157	0.00264	0.18489	0.00396	0.00385
20	0.00522	0.00409	0.00472	0.00496	0.00595	0.00362	0.00363	0.00636	0.00938	0.01193	0.15901	0.24331	0.44125	0.02723	0.00537	0.00154	0.00229	0.05266	0.00394	0.00354
21	0.00963	0.11931	0.22927	0.01834	0.02875	0.02817	0.02042	0.08576	0.03407	0.07125	0.05581	0.09149	0.07407	0.00649	0.02995	0.00139	0.00452	0.00467	0.00290	0.08374
22	0.03604	0.23863	0.11471	0.01070	0.06298	0.11361	0.02569	0.08718	0.07848	0.01510	0.05649	0.02643	0.03230	0.00578	0.00465	0.00144	0.03141	0.00410	0.00312	0.05116
23	0.09865	0.34247	0.08349	0.00779	0.01061	0.08164	0.02481	0.04797	0.02163	0.03303	0.00798	0.01051	0.00707	0.07809	0.11519	0.00206	0.01661	0.00318	0.00225	0.00496

[dist]
# distance from previous block
# <min> <max>
0	2

[block]
# block no. 5 follows, 64 sequences, length 18
# corresponding to MSA columns:
# 321-338
name=unknown_F
#
# <colnr> <probs for GDERKNQSTAVLIFYWHMCP>
#	G	D	E	R	K	N	Q	S	T	A	V	L	I	F	Y	W	H	M	C	P
0	0.13054	0.18431	0.14625	0.00895	0.05401	0.01076	0.00802	0.19674	0.01120	0.08394	0.04061	0.01076	0.00798	0.05182	0.00454	0.00133	0.00436	0.00338	0.00290	0.03761
1	0.00649	0.00451	0.00558	0.00559	0.00658	0.00420	0.00407	0.04926	0.01030	0.05047	0.30210	0.34892	0.16569	0.01026	0.00499	0.00147	0.00237	0.00905	0.00418	0.00394
2	0.00612	0.00476	0.00551	0.00546	0.00659	0.00458	0.00403	0.04164	0.06913	0.01309	0.19225	0.19994	0.31922	0.04901	0.04628	0.00182	0.00288	0.01989	0.00390	0.00391
3	0.08696	0.07629	0.05731	0.04275	0.04267	0.25750	0.05367	0.12701	0.06249	0.09046	0.00961	0.05796	0.00781	0.00487	0.00389	0.00123	0.00529	0.00377	0.00290	0.00555
4	0.00587	0.00483	0.00524	0.00541	0.00638	0.03647	0.00392	0.00738	0.03902	0.01224	0.19160	0.27481	0.31150	0.04351	0.00562	0.00157	0.00255	0.03450	0.00389	0.00369
5	0.00582	0.00418	0.00553	0.00564	0.00609	0.00442	0.00394	0.00669	0.00699	0.00963	0.05693	0.12678	0.04767	0.31582	0.37030	0.00463	0.00671	0.00626	0.00272	0.00325
6	0.01051	0.01095	0.07690	0.14174	0.39003	0.05307	0.06346	0.10765	0.04888	0.01445	0.00863	0.02101	0.00693	0.00475	0.02198	0.00140	0.00536	0.00385	0.00239	0.00605
7	0.03245	0.03511	0.06103	0.08313	0.15809	0.05506	0.37286	0.05000	0.06342	0.01378	0.00890	0.03099	0.00708	0.00410	0.00440	0.00133	0.00587	0.00434	0.00234	0.00572
8	0.00556	0.00386	0.00467	0.00508	0.00527	0.00372	0.00316	0.00597	0.00715	0.00950	0.03770	0.38713	0.05505	0.43211	0.01317	0.00283	0.00319	0.00870	0.00321	0.00296
9	0.00543	0.00382	0.00475	0.00535	0.00559	0.00364	0.00347	0.00597	0.00745	0.00985	0.02056	0.51175	0.06287	0.29176	0.01055	0.00246	0.00298	0.03523	0.00341	0.00311
10	0.01082	0.14501	0.21716	0.01406	0.17718	0.12385	0.12435	0.05310	0.02033	0.02586	0.00830	0.01085	0.00679	0.00425	0.00399	0.00124	0.00568	0.03916	0.00222	0.00581
11	0.00594	0.00411	0.00522	0.00574	0.00613	0.00405	0.00385	0.00707	0.04307	0.03037	0.03253	0.58341	0.02335	0.17634	0.02028	0.00218	0.01512	0.00977	0.01802	0.00347
12	0.01695	0.00865	0.01043	0.00806	0.01120	0.00859	0.00664	0.31012	0.03303	0.48400	0.01394	0.01270	0.00918	0.00508	0.00412	0.00126	0.00384	0.00402	0.04129	0.00692
13	0.00593	0.00500	0.00519	0.00506	0.00623	0.04131	0.00373	0.00750	0.03077	0.01301	0.30945	0.07366	0.41113	0.05666	0.00576	0.00151	0.00245	0.00795	0.00396	0.00373
14	0.03791	0.33323	0.24205	0.00943	0.01332	0.11992	0.04819	0.04913	0.03375	0.02975	0.00791	0.04353	0.00667	0.00432	0.00352	0.00114	0.00526	0.00323	0.00220	0.00554
15	0.00515	0.00372	0.00489	0.00570	0.00608	0.00346	0.00389	0.00601	0.00835	0.01113	0.08389	0.72832	0.06994	0.01251	0.00526	0.00165	0.00239	0.03030	0.00391	0.00343
16	0.04239	0.01390	0.01849	0.01574	0.11981	0.29663	0.40519	0.01433	0.01035	0.01244	0.00755	0.00965	0.00594	0.00381	0.00432	0.00126	0.00678	0.00389	0.00213	0.00541
17	0.02419	0.11577	0.11971	0.06802	0.07448	0.31895	0.02862	0.06197	0.04585	0.04911	0.00775	0.00896	0.00610	0.00437	0.00429	0.00120	0.04970	0.00313	0.00235	0.00548

[dist]
# distance from previous block
# <min> <max>
1	8

[block]
# block no. 6 follows, 64 sequences, length 22
# corresponding to MSA columns:
# 350-371
name=unknown_G
#
# <colnr> <probs for GDERKNQSTAVLIFYWHMCP>
#	G	D	E	R	K	N	Q	S	T	A	V	L	I	F	Y	W	H	M	C	P
0	0.21195	0.00861	0.00856	0.00723	0.03459	0.09211	0.00551	0.01290	0.00911	0.14894	0.00934	0.05935	0.00766	0.00433	0.00337	0.00101	0.00365	0.00331	0.00297	0.36548
1	0.00624	0.00448	0.00555	0.00600	0.00676	0.00438	0.00422	0.00846	0.10873	0.04175	0.07130	0.59814	0.09543	0.01133	0.00507	0.00159	0.00251	0.01013	0.00399	0.00395
2	0.08548	0.00871	0.01033	0.00798	0.01118	0.00868	0.00659	0.29204	0.01413	0.49115	0.01335	0.01213	0.00872	0.00499	0.00404	0.00127	0.00386	0.00388	0.00460	0.00687
3	0.00888	0.09676	0.55020	0.04834	0.01854	0.01045	0.18352	0.01301	0.00894	0.01276	0.00750	0.00919	0.00550	0.00382	0.00404	0.00130	0.00614	0.00341	0.00183	0.00588
4	0.02383	0.00911	0.17518	0.00821	0.01102	0.00636	0.02867	0.01376	0.03713	0.30870	0.01613	0.17389	0.01445	0.03580	0.00513	0.00155	0.00399	0.11782	0.00379	0.00549
5	0.00506	0.00413	0.00448	0.00465	0.00582	0.00356	0.00344	0.00615	0.00938	0.01152	0.09009	0.17089	0.61808	0.01082	0.00500	0.00146	0.00220	0.03585	0.00390	0.00352
6	0.00618	0.00461	0.00633	0.00621	0.00664	0.00529	0.00452	0.00711	0.00643	0.00911	0.01143	0.01964	0.01171	0.31773	0.49644	0.00542	0.06460	0.00495	0.00230	0.00335
7	0.00711	0.00536	0.00669	0.00639	0.00729	0.00598	0.00472	0.03710	0.13865	0.01167	0.06664	0.01969	0.01373	0.24248	0.36441	0.00434	0.02149	0.00506	0.02720	0.00400
8	0.01438	0.05624	0.03679	0.01004	0.01240	0.65615	0.00786	0.07452	0.01194	0.01150	0.00915	0.00992	0.06226	0.00472	0.00381	0.00111	0.00672	0.00317	0.00238	0.00495
9	0.00862	0.00710	0.00789	0.00725	0.00908	0.00780	0.00564	0.03136	0.47529	0.01674	0.26204	0.02308	0.06003	0.00706	0.00455	0.00140	0.00289	0.05242	0.00429	0.00548
10	0.00616	0.00451	0.00550	0.00597	0.00668	0.00447	0.00421	0.03507	0.08966	0.01243	0.05894	0.59451	0.07129	0.01115	0.00498	0.00157	0.00252	0.02041	0.05608	0.00389
11	0.00790	0.00531	0.00629	0.00602	0.00741	0.00508	0.00456	0.11640	0.01078	0.09026	0.10501	0.29880	0.25857	0.00994	0.00491	0.00148	0.00275	0.05011	0.00409	0.00433
12	0.01535	0.04581	0.01146	0.00906	0.01185	0.21548	0.00736	0.32231	0.01443	0.20915	0.01155	0.01365	0.00890	0.00540	0.00415	0.00126	0.00498	0.07796	0.00376	0.00613
13	0.00555	0.00447	0.00499	0.00497	0.00620	0.00406	0.00371	0.00750	0.06260	0.01292	0.23139	0.12357	0.47824	0.00999	0.00492	0.00142	0.00221	0.02344	0.00406	0.00380
14	0.00861	0.00738	0.00861	0.00615	0.00984	0.00554	0.00492	0.01046	0.00861	0.01354	0.00738	0.00861	0.00615	0.00308	0.00308	0.00062	0.00308	0.00246	0.00246	0.87941
15	0.00663	0.00518	0.00841	0.00761	0.00869	0.00565	0.09183	0.00816	0.00705	0.02705	0.01117	0.01697	0.01048	0.12198	0.63690	0.00569	0.00971	0.00468	0.00231	0.00385
16	0.00521	0.00395	0.00494	0.00555	0.00607	0.00372	0.00385	0.00605	0.00834	0.01086	0.04869	0.58617	0.21043	0.03283	0.00583	0.00168	0.02642	0.02219	0.00378	0.00344
17	0.00596	0.00427	0.00517	0.00529	0.00562	0.00434	0.00345	0.00685	0.03463	0.00998	0.08380	0.21981	0.05807	0.44518	0.06623	0.00315	0.02454	0.00744	0.00309	0.00314
18	0.01155	0.00673	0.00810	0.00674	0.00876	0.00667	0.00524	0.19198	0.01169	0.22774	0.10746	0.03769	0.05308	0.15247	0.08347	0.00222	0.00421	0.00512	0.02680	0.04228
19	0.01016	0.00948	0.00799	0.00727	0.00850	0.22265	0.00520	0.13126	0.04689	0.01216	0.03445	0.06570	0.01215	0.33093	0.03809	0.04018	0.00504	0.00498	0.00284	0.00408
20	0.05290	0.31683	0.03825	0.02593	0.06945	0.19782	0.05558	0.09908	0.01056	0.01275	0.00982	0.01069	0.07500	0.00450	0.00355	0.00111	0.00514	0.00336	0.00237	0.00532
21	0.02505	0.00953	0.05630	0.28275	0.19233	0.03214	0.07639	0.07269	0.07780	0.01344	0.00891	0.01185	0.00719	0.05686	0.01654	0.00153	0.00518	0.00389	0.00238	0.04725

[dist]
# distance from previous block
# <min> <max>
2	9

[block]
# block no. 7 follows, 64 sequences, length 18
# corresponding to MSA columns:
# 383-400
name=unknown_H
#
# <colnr> <probs for GDERKNQSTAVLIFYWHMCP>
#	G	D	E	R	K	N	Q	S	T	A	V	L	I	F	Y	W	H	M	C	P
0	0.14259	0.07771	0.18091	0.04331	0.05438	0.09939	0.07503	0.09686	0.08449	0.04049	0.00979	0.04442	0.02380	0.00470	0.00384	0.00127	0.00496	0.00377	0.00268	0.00560
1	0.04739	0.03497	0.02428	0.05727	0.29981	0.06450	0.05912	0.05541	0.03802	0.02529	0.02255	0.03549	0.04145	0.03084	0.03884	0.00159	0.06454	0.01565	0.00250	0.04050
2	0.00757	0.00462	0.00573	0.00530	0.00651	0.00431	0.00398	0.02073	0.02393	0.10010	0.45473	0.05662	0.10604	0.04152	0.00554	0.02708	0.00234	0.00672	0.11249	0.00415
3	0.02459	0.07684	0.26318	0.01065	0.03090	0.30833	0.04623	0.04598	0.01064	0.07064	0.05451	0.01024	0.00787	0.01680	0.00414	0.00123	0.00596	0.00335	0.00244	0.00549
4	0.04085	0.17379	0.38500	0.03631	0.09967	0.04213	0.04457	0.03535	0.06808	0.02536	0.00800	0.00918	0.00610	0.00401	0.00374	0.00123	0.00537	0.00318	0.00214	0.00593
5	0.00512	0.00377	0.00475	0.00544	0.00592	0.00345	0.00370	0.00596	0.00841	0.01103	0.07889	0.63380	0.16436	0.03755	0.00568	0.00168	0.00238	0.01083	0.00386	0.00341
6	0.00517	0.00395	0.00471	0.00513	0.00591	0.00354	0.00363	0.00616	0.00894	0.01149	0.11994	0.40416	0.33269	0.03680	0.00559	0.00161	0.00233	0.03086	0.00390	0.00347
7	0.02328	0.03761	0.29054	0.02696	0.07854	0.02436	0.06959	0.17171	0.06113	0.07032	0.01199	0.04427	0.06105	0.00506	0.00416	0.00131	0.00497	0.00424	0.00289	0.00603
8	0.01841	0.05754	0.12498	0.00734	0.00934	0.02866	0.02274	0.02898	0.08951	0.03665	0.02957	0.20355	0.10601	0.09004	0.10188	0.00227	0.00462	0.03026	0.00312	0.00449
9	0.06159	0.00568	0.00733	0.00625	0.00823	0.00517	0.00488	0.01347	0.01098	0.38591	0.30653	0.09612	0.02207	0.04050	0.00512	0.00144	0.00287	0.00603	0.00457	0.00528
10	0.06401	0.05269	0.41354	0.07829	0.10921	0.01051	0.02848	0.12893	0.02243	0.01504	0.00777	0.00924	0.00579	0.00419	0.00421	0.00130	0.03283	0.00328	0.00224	0.00601
11	0.09067	0.06752	0.08194	0.05417	0.13043	0.11687	0.03959	0.19650	0.05210	0.05438	0.05191	0.02790	0.00870	0.00471	0.00393	0.00124	0.00485	0.00378	0.00296	0.00584
12	0.02420	0.03520	0.05204	0.04127	0.05620	0.13002	0.02623	0.08746	0.01944	0.02521	0.01054	0.01785	0.01050	0.39892	0.04570	0.00273	0.00516	0.00461	0.00255	0.00418
13	0.00852	0.00756	0.03535	0.03987	0.21625	0.03235	0.00768	0.04281	0.02071	0.03677	0.03985	0.03145	0.01015	0.06030	0.31646	0.00340	0.01686	0.00430	0.00250	0.06685
14	0.00824	0.04284	0.05680	0.00917	0.09170	0.08560	0.03871	0.01054	0.06172	0.02615	0.10173	0.07032	0.22905	0.03051	0.03689	0.00161	0.05855	0.00589	0.00308	0.03091
15	0.03273	0.00558	0.03989	0.05626	0.04341	0.00503	0.00519	0.01996	0.01005	0.01405	0.40380	0.05243	0.13757	0.09069	0.03894	0.00182	0.00320	0.03171	0.00369	0.00401
16	0.01019	0.13603	0.18648	0.04344	0.32773	0.03357	0.04145	0.02546	0.05915	0.03145	0.00828	0.00984	0.00656	0.00392	0.00383	0.00119	0.00501	0.00339	0.01821	0.04483
17	0.03241	0.04562	0.10193	0.01097	0.11551	0.05771	0.06630	0.14096	0.10489	0.04002	0.05310	0.06026	0.09964	0.00572	0.00432	0.00129	0.01416	0.00483	0.00314	0.03723

[dist]
# distance from previous block
# <min> <max>
0	25

[block]
# block no. 8 follows, 64 sequences, length 18
# corresponding to MSA columns:
# 428,429,432-447
name=unknown_I
#
# <colnr> <probs for GDERKNQSTAVLIFYWHMCP>
#	G	D	E	R	K	N	Q	S	T	A	V	L	I	F	Y	W	H	M	C	P
0	0.00987	0.04715	0.37430	0.02699	0.06414	0.07675	0.06114	0.09074	0.02049	0.03343	0.06882	0.01250	0.05289	0.00480	0.00427	0.00127	0.02121	0.00391	0.00250	0.02283
1	0.00986	0.02442	0.00911	0.01854	0.04779	0.04681	0.00584	0.10504	0.02826	0.04813	0.02756	0.03023	0.04451	0.00492	0.00369	0.00099	0.00352	0.06140	0.07480	0.40457
2	0.00875	0.02146	0.03624	0.06394	0.24751	0.03473	0.09230	0.01158	0.06335	0.04394	0.17248	0.02990	0.14409	0.00604	0.00446	0.00131	0.00408	0.00548	0.00309	0.00524
3	0.01077	0.04812	0.21026	0.02833	0.16656	0.06153	0.14826	0.05973	0.01001	0.09589	0.00946	0.04796	0.00757	0.00535	0.02948	0.00146	0.02980	0.00407	0.01954	0.00585
4	0.00592	0.00425	0.00556	0.00600	0.00667	0.00409	0.00450	0.00670	0.00834	0.01094	0.05576	0.34152	0.16202	0.01185	0.00702	0.12295	0.02818	0.18011	0.00350	0.02413
5	0.00726	0.00584	0.04069	0.00577	0.00744	0.00503	0.00469	0.07467	0.02563	0.05362	0.45485	0.02921	0.23645	0.00823	0.00472	0.00131	0.00250	0.00704	0.00422	0.02081
6	0.01199	0.19045	0.08009	0.02571	0.05414	0.19546	0.20963	0.07322	0.03498	0.04620	0.00807	0.00969	0.00639	0.00415	0.00415	0.00120	0.02441	0.01209	0.00236	0.00560
7	0.00682	0.00445	0.00569	0.00585	0.00671	0.00419	0.00420	0.03210	0.02369	0.07849	0.21494	0.45192	0.07585	0.03828	0.00557	0.00161	0.00254	0.02902	0.00410	0.00396
8	0.00604	0.00434	0.00502	0.00486	0.00613	0.00378	0.00364	0.00740	0.01024	0.06070	0.29741	0.10215	0.45376	0.00974	0.00490	0.00139	0.00216	0.00834	0.00417	0.00384
9	0.00561	0.00436	0.00664	0.00686	0.00749	0.00416	0.07049	0.00665	0.00805	0.01078	0.02065	0.67016	0.02415	0.03424	0.05987	0.00206	0.00346	0.04719	0.00357	0.00358
10	0.00963	0.00916	0.04438	0.00869	0.04948	0.03249	0.07246	0.07907	0.02887	0.01455	0.00790	0.00915	0.00635	0.00343	0.00345	0.00082	0.00388	0.00291	0.00256	0.61073
11	0.05319	0.01162	0.01044	0.00858	0.01140	0.26571	0.00683	0.12478	0.01267	0.41599	0.02979	0.01157	0.00871	0.00487	0.00399	0.00121	0.00486	0.00364	0.00396	0.00619
12	0.00580	0.00432	0.00550	0.00539	0.00641	0.00387	0.00393	0.00734	0.01027	0.01431	0.47694	0.26032	0.08954	0.00946	0.00486	0.00136	0.00219	0.00839	0.00415	0.07563
13	0.00890	0.01022	0.11931	0.05154	0.39345	0.04204	0.04756	0.02325	0.00956	0.01317	0.07719	0.12658	0.04780	0.00573	0.00437	0.00133	0.00461	0.00526	0.00257	0.00555
14	0.06093	0.03467	0.06605	0.11422	0.22617	0.09602	0.04027	0.12024	0.05033	0.10141	0.00967	0.01188	0.00756	0.00457	0.00406	0.00128	0.00500	0.03691	0.00283	0.00594
15	0.00800	0.00503	0.00616	0.00589	0.00707	0.00486	0.00430	0.03558	0.07635	0.12180	0.20081	0.26051	0.09711	0.10685	0.01836	0.00181	0.00287	0.00776	0.02459	0.00430
16	0.00735	0.02795	0.07921	0.00975	0.01193	0.00675	0.23847	0.03728	0.02320	0.01247	0.05004	0.38968	0.05691	0.02243	0.00518	0.00154	0.00417	0.00805	0.00315	0.00449
17	0.14353	0.07289	0.06624	0.00917	0.06806	0.02034	0.00743	0.20783	0.04046	0.26465	0.02341	0.01208	0.02167	0.00487	0.00385	0.00126	0.00408	0.01822	0.00371	0.00625

[dist]
# distance from previous block
# <min> <max>
3	16

[block]
# block no. 9 follows, 64 sequences, length 13
# corresponding to MSA columns:
# 464-476
name=unknown_J
#
# <colnr> <probs for GDERKNQSTAVLIFYWHMCP>
#	G	D	E	R	K	N	Q	S	T	A	V	L	I	F	Y	W	H	M	C	P
0	0.00536	0.00381	0.00490	0.00555	0.00587	0.00365	0.00372	0.00608	0.00780	0.01040	0.05365	0.56830	0.05775	0.17340	0.04459	0.00233	0.00311	0.03292	0.00356	0.00327
1	0.00592	0.00406	0.00477	0.00481	0.00498	0.00410	0.00291	0.00618	0.00639	0.00852	0.01491	0.06547	0.05928	0.67621	0.11112	0.00407	0.00464	0.00628	0.00262	0.00274
2	0.00749	0.05239	0.00776	0.00621	0.00805	0.03461	0.00478	0.02724	0.02741	0.01232	0.08097	0.17372	0.12896	0.04736	0.06432	0.00168	0.03843	0.00594	0.01475	0.25560
3	0.01206	0.48581	0.06517	0.00869	0.01197	0.23137	0.02818	0.02871	0.05375	0.01096	0.00683	0.00770	0.00581	0.00390	0.00320	0.00100	0.00532	0.00263	0.00207	0.02488
4	0.00598	0.00410	0.00558	0.00569	0.00619	0.00428	0.00406	0.00649	0.00696	0.00946	0.04300	0.11975	0.09934	0.15268	0.34136	0.16705	0.00631	0.00598	0.00264	0.00311
5	0.07629	0.07089	0.12420	0.05277	0.11756	0.04699	0.10196	0.20650	0.02296	0.02609	0.00916	0.02135	0.01655	0.00473	0.00448	0.00130	0.04469	0.03068	0.00271	0.01816
6	0.02175	0.06638	0.11250	0.02703	0.14258	0.02554	0.07505	0.11063	0.09630	0.03980	0.00881	0.01032	0.00696	0.00534	0.02706	0.00143	0.13442	0.00362	0.00259	0.08190
7	0.00755	0.05883	0.00789	0.00675	0.00802	0.00592	0.03503	0.08217	0.00984	0.04850	0.08571	0.35289	0.12320	0.04084	0.00572	0.00161	0.02473	0.08692	0.00370	0.00418
8	0.00579	0.02356	0.00561	0.00577	0.00652	0.00418	0.00417	0.00721	0.03633	0.02438	0.12704	0.50058	0.13742	0.01205	0.03397	0.00175	0.00278	0.05330	0.00387	0.00371
9	0.05085	0.10829	0.10579	0.01084	0.13691	0.00915	0.04616	0.02562	0.15058	0.05352	0.04972	0.04801	0.00983	0.00465	0.00380	0.00115	0.00406	0.00394	0.00285	0.17427
10	0.04564	0.06022	0.19130	0.00898	0.02373	0.02762	0.05487	0.06466	0.07087	0.03072	0.01052	0.01160	0.05816	0.01688	0.00445	0.00115	0.04711	0.00353	0.00259	0.26540
11	0.00767	0.00679	0.01101	0.00979	0.05066	0.00673	0.19087	0.02465	0.06924	0.03386	0.07810	0.20203	0.16110	0.00919	0.04308	0.00172	0.04384	0.04176	0.00331	0.00459
12	0.03807	0.00890	0.14444	0.00873	0.08301	0.02332	0.02103	0.04628	0.03363	0.02109	0.04158	0.11965	0.22901	0.00804	0.02630	0.03770	0.00385	0.00590	0.00302	0.09645

[dist]
# distance from previous block
# <min> <max>
0	48

[block]
# block no. 10 follows, 64 sequences, length 17
# corresponding to MSA columns:
# 529-545
name=unknown_K
#
# <colnr> <probs for GDERKNQSTAVLIFYWHMCP>
#	G	D	E	R	K	N	Q	S	T	A	V	L	I	F	Y	W	H	M	C	P
0	0.08177	0.03734	0.09237	0.05423	0.01053	0.09028	0.01930	0.03361	0.05735	0.03758	0.10405	0.15197	0.14954	0.00731	0.00432	0.00135	0.00379	0.02618	0.00325	0.03389
1	0.02466	0.10260	0.13147	0.02449	0.07505	0.04249	0.01997	0.03249	0.01142	0.05676	0.25860	0.02170	0.09526	0.00722	0.00494	0.00154	0.00437	0.02070	0.00379	0.06050
2	0.01116	0.05551	0.05453	0.06365	0.38982	0.01113	0.13315	0.03235	0.05560	0.01441	0.00976	0.02780	0.00832	0.00584	0.02378	0.00169	0.08782	0.00442	0.00267	0.00659
3	0.21664	0.00820	0.01039	0.00877	0.01017	0.00995	0.04338	0.03585	0.00803	0.07500	0.05387	0.01220	0.00859	0.03015	0.00855	0.00160	0.37718	0.03388	0.00261	0.04500
4	0.06049	0.00855	0.02253	0.01058	0.11915	0.01924	0.09871	0.19471	0.06975	0.03327	0.01076	0.01588	0.00974	0.27597	0.00954	0.00215	0.00455	0.00454	0.00295	0.02693
5	0.00874	0.00922	0.00767	0.00827	0.05428	0.27038	0.00558	0.00969	0.00937	0.01069	0.03246	0.41977	0.08436	0.04341	0.00534	0.00153	0.00421	0.00787	0.00317	0.00400
6	0.03110	0.22301	0.06692	0.00717	0.01056	0.00869	0.03871	0.01078	0.00839	0.01219	0.00818	0.05636	0.00748	0.02800	0.04211	0.00121	0.00415	0.00325	0.00230	0.42945
7	0.01014	0.01064	0.09767	0.01337	0.06226	0.00868	0.39065	0.01325	0.02444	0.08989	0.00902	0.01081	0.00678	0.00441	0.02707	0.00134	0.00562	0.00401	0.00247	0.20750
8	0.00543	0.00386	0.00475	0.00519	0.00555	0.00364	0.00339	0.00609	0.00791	0.01051	0.10427	0.43558	0.10504	0.26759	0.01003	0.00233	0.00282	0.00931	0.00352	0.00318
9	0.01413	0.01277	0.04125	0.02989	0.10464	0.18285	0.01765	0.27631	0.07223	0.06151	0.09383	0.01524	0.04505	0.00612	0.00475	0.00149	0.00526	0.00461	0.00385	0.00659
10	0.00538	0.00408	0.00497	0.00538	0.00612	0.00382	0.00384	0.00654	0.02242	0.01116	0.08148	0.36995	0.27217	0.07340	0.06696	0.00211	0.00312	0.04991	0.00369	0.00349
11	0.00932	0.00806	0.00926	0.00674	0.01035	0.04437	0.02859	0.01117	0.00891	0.04219	0.00769	0.00883	0.00627	0.00322	0.00320	0.00068	0.00341	0.00260	0.00253	0.78260
12	0.02698	0.05664	0.14317	0.00947	0.02976	0.01098	0.00848	0.29716	0.25740	0.06598	0.01159	0.01141	0.00847	0.00483	0.00400	0.00127	0.00430	0.00379	0.00359	0.04075
13	0.02919	0.00572	0.04440	0.00603	0.00747	0.00501	0.00484	0.04143	0.04315	0.06391	0.29363	0.16054	0.15682	0.04772	0.03488	0.00172	0.00304	0.04231	0.00395	0.00423
14	0.03238	0.10649	0.53808	0.01061	0.01569	0.01060	0.02714	0.09537	0.06630	0.02565	0.00828	0.00920	0.00606	0.00411	0.00382	0.00125	0.00543	0.00317	0.00226	0.02811
15	0.01005	0.05870	0.15748	0.02792	0.10842	0.02643	0.15353	0.07909	0.07666	0.07012	0.04192	0.05244	0.03841	0.04026	0.03864	0.00164	0.00518	0.00464	0.00282	0.00562
16	0.00630	0.02275	0.01712	0.00590	0.00681	0.00463	0.00435	0.04459	0.02940	0.02289	0.09896	0.42282	0.14655	0.03630	0.05946	0.03741	0.00323	0.02309	0.00367	0.00377

[dist]
# distance from previous block
# <min> <max>
2	12

[block]
