[name]
unknown

[dist]
# distance from previous block
# <min> <max>
0	88

[block]
# block no. 0 follows, 75 sequences, length 22
# corresponding to MSA columns:
# 89-110
name=unknown_A
#
# <colnr> <probs for GDERKNQSTAVLIFYWHMCP>
#	G	D	E	R	K	N	Q	S	T	A	V	L	I	F	Y	W	H	M	C	P
0	0.09276	0.00796	0.01016	0.55280	0.04237	0.11749	0.00882	0.01027	0.00773	0.02489	0.00717	0.01093	0.00588	0.00415	0.00385	0.00122	0.03224	0.05329	0.00189	0.00413
1	0.01008	0.00843	0.01041	0.02351	0.06427	0.02090	0.06716	0.28571	0.08230	0.01582	0.00822	0.01807	0.00641	0.00370	0.00345	0.00092	0.01255	0.00307	0.00276	0.35227
2	0.00809	0.00770	0.01279	0.23307	0.48829	0.00824	0.02155	0.01015	0.00785	0.01095	0.00803	0.04975	0.02678	0.00409	0.00424	0.00117	0.06036	0.00369	0.00188	0.03133
3	0.00691	0.00523	0.00615	0.00559	0.00694	0.00541	0.00429	0.03930	0.24921	0.03757	0.53046	0.02270	0.05208	0.00665	0.00412	0.00118	0.00219	0.00577	0.00394	0.00430
4	0.00530	0.00371	0.00475	0.00475	0.00501	0.00396	0.00315	0.00582	0.00556	0.00767	0.01089	0.02027	0.01172	0.54056	0.34682	0.00448	0.00602	0.00479	0.00212	0.00264
5	0.00528	0.00357	0.00408	0.00416	0.00424	0.00354	0.00244	0.00541	0.00564	0.00747	0.01310	0.07701	0.03760	0.76354	0.01695	0.00330	0.00342	0.03454	0.00237	0.00234
6	0.00981	0.77449	0.04649	0.00658	0.00966	0.05822	0.00652	0.01108	0.00758	0.00876	0.00532	0.00624	0.00484	0.00389	0.02693	0.00095	0.00429	0.00207	0.00160	0.00467
7	0.00453	0.00367	0.00401	0.00405	0.00510	0.00316	0.00299	0.00559	0.00864	0.01082	0.19671	0.12082	0.59875	0.00917	0.00438	0.00125	0.00186	0.00781	0.00354	0.00316
8	0.01287	0.01012	0.04011	0.00870	0.03667	0.03798	0.00705	0.56126	0.16201	0.07007	0.01000	0.00980	0.00718	0.00443	0.00367	0.00113	0.00393	0.00343	0.00355	0.00606
9	0.00592	0.00434	0.01916	0.00427	0.00570	0.00366	0.00336	0.02591	0.00878	0.08443	0.07946	0.02991	0.61819	0.00857	0.02047	0.00128	0.00222	0.00677	0.06405	0.00354
10	0.62849	0.07561	0.00755	0.00593	0.00820	0.18161	0.00482	0.01176	0.00729	0.03351	0.00544	0.00624	0.00431	0.00349	0.00252	0.00107	0.00370	0.00210	0.00219	0.00414
11	0.62088	0.09994	0.00815	0.00656	0.05081	0.10566	0.00507	0.04543	0.00742	0.01485	0.00542	0.00631	0.00433	0.00346	0.00253	0.00107	0.00351	0.00215	0.00219	0.00427
12	0.00835	0.01055	0.22939	0.03921	0.27457	0.00801	0.06204	0.06325	0.04860	0.03443	0.11924	0.01232	0.03614	0.00437	0.00405	0.00116	0.03292	0.00383	0.00236	0.00519
13	0.00886	0.00853	0.09560	0.00731	0.04725	0.03394	0.00609	0.04388	0.06088	0.07364	0.00768	0.00846	0.00600	0.00332	0.00332	0.00079	0.02962	0.00260	0.00240	0.54984
14	0.00977	0.00770	0.03715	0.02505	0.36849	0.00717	0.05298	0.05402	0.02995	0.16510	0.11266	0.02198	0.05145	0.00448	0.00378	0.00112	0.00370	0.00408	0.00283	0.03652
15	0.82672	0.00773	0.05140	0.02628	0.00803	0.00825	0.00465	0.01081	0.00636	0.01604	0.00523	0.00616	0.00404	0.00342	0.00237	0.00114	0.00303	0.00206	0.00222	0.00406
16	0.00712	0.00672	0.01135	0.78937	0.09657	0.00821	0.01029	0.00955	0.00743	0.00961	0.00656	0.00973	0.00498	0.00364	0.00367	0.00121	0.00485	0.00326	0.00165	0.00423
17	0.00497	0.00380	0.00433	0.00430	0.00540	0.00332	0.00327	0.00617	0.00891	0.03144	0.25021	0.07003	0.51772	0.00886	0.00439	0.00126	0.00197	0.06276	0.00360	0.00329
18	0.00575	0.00402	0.00508	0.00476	0.00581	0.00377	0.00361	0.00758	0.03645	0.05533	0.57379	0.02654	0.16785	0.00919	0.07264	0.00155	0.00251	0.00638	0.00378	0.00360
19	0.00536	0.00362	0.00425	0.00436	0.00446	0.00364	0.00268	0.00558	0.00570	0.00759	0.01251	0.05344	0.01427	0.73536	0.04651	0.00341	0.00372	0.07880	0.00236	0.00239
20	0.00809	0.03376	0.63962	0.01194	0.10572	0.06277	0.06413	0.01178	0.00804	0.01145	0.00659	0.00793	0.00484	0.00345	0.00352	0.00114	0.00541	0.00284	0.00162	0.00535
21	0.00450	0.00322	0.00429	0.00509	0.00533	0.00300	0.00341	0.00519	0.00716	0.00959	0.05258	0.83559	0.02470	0.01135	0.00467	0.00148	0.00212	0.01029	0.00343	0.00300

[dist]
# distance from previous block
# <min> <max>
3	13

[block]
# block no. 1 follows, 75 sequences, length 17
# corresponding to MSA columns:
# 124-140
name=unknown_B
#
# <colnr> <probs for GDERKNQSTAVLIFYWHMCP>
#	G	D	E	R	K	N	Q	S	T	A	V	L	I	F	Y	W	H	M	C	P
0	0.00697	0.00461	0.00578	0.00523	0.00648	0.00448	0.00401	0.00990	0.12843	0.10496	0.63835	0.02387	0.02857	0.00683	0.00418	0.00117	0.00205	0.00597	0.00405	0.00410
1	0.00762	0.00653	0.00762	0.00544	0.00870	0.00490	0.00435	0.00925	0.00762	0.01197	0.00653	0.00762	0.00544	0.00272	0.00272	0.00054	0.00272	0.00218	0.00218	0.89338
2	0.00885	0.00848	0.01448	0.11538	0.75704	0.00866	0.01115	0.01106	0.00825	0.01171	0.00687	0.00917	0.00572	0.00332	0.00364	0.00111	0.00442	0.00327	0.00180	0.00563
3	0.00914	0.00789	0.00830	0.00747	0.00955	0.00914	0.00581	0.01952	0.84138	0.01536	0.01495	0.01370	0.01121	0.00498	0.00374	0.00125	0.00291	0.00415	0.00374	0.00581
4	0.01256	0.00624	0.00780	0.00634	0.00860	0.00601	0.00510	0.09228	0.12575	0.45508	0.18444	0.01543	0.01437	0.00519	0.00379	0.00114	0.00284	0.00432	0.03722	0.00551
5	0.02771	0.08219	0.64427	0.01119	0.10618	0.00888	0.01222	0.01178	0.00788	0.04513	0.00680	0.00791	0.00495	0.00348	0.00340	0.00112	0.00505	0.00274	0.00172	0.00542
6	0.01372	0.01750	0.01041	0.00946	0.01135	0.85618	0.00710	0.01467	0.01041	0.00899	0.00568	0.00662	0.00473	0.00378	0.00331	0.00095	0.00662	0.00237	0.00189	0.00426
7	0.00534	0.00356	0.00401	0.00401	0.00401	0.00356	0.00223	0.00534	0.00534	0.00712	0.01157	0.02403	0.01335	0.87092	0.01869	0.00356	0.00356	0.00534	0.00223	0.00223
8	0.00621	0.00496	0.00771	0.31914	0.03592	0.00563	0.00653	0.00794	0.00754	0.03584	0.14032	0.13451	0.01379	0.01181	0.22965	0.00249	0.00523	0.01859	0.00247	0.00372
9	0.01143	0.00860	0.06025	0.04465	0.21942	0.00800	0.13087	0.06145	0.09928	0.27744	0.01026	0.01069	0.00729	0.00402	0.00401	0.00117	0.02886	0.00363	0.00297	0.00571
10	0.00447	0.00320	0.00426	0.00511	0.00533	0.00298	0.00341	0.00511	0.00703	0.00938	0.02024	0.86853	0.02429	0.01151	0.00469	0.00149	0.00213	0.01044	0.00341	0.00298
11	0.00790	0.00424	0.00440	0.00408	0.00522	0.00433	0.00314	0.08113	0.02808	0.04782	0.01187	0.01322	0.00917	0.00432	0.00274	0.00090	0.00200	0.00344	0.75817	0.00384
12	0.00945	0.05679	0.22751	0.01087	0.15829	0.05578	0.00884	0.01522	0.33552	0.06864	0.01033	0.01048	0.00774	0.00411	0.00356	0.00115	0.00409	0.00338	0.00268	0.00560
13	0.80094	0.00839	0.09669	0.00544	0.00805	0.00827	0.00501	0.01089	0.00641	0.01596	0.00527	0.00616	0.00405	0.00342	0.00240	0.00114	0.00312	0.00207	0.00220	0.00413
14	0.10447	0.23829	0.33197	0.00986	0.08459	0.09627	0.04490	0.01184	0.02656	0.01123	0.00620	0.00730	0.00489	0.00342	0.00310	0.00104	0.00477	0.00256	0.00175	0.00499
15	0.01041	0.02103	0.07099	0.01284	0.29388	0.09992	0.00835	0.17158	0.01965	0.07554	0.00909	0.01044	0.03755	0.01861	0.05435	0.00142	0.04668	0.00338	0.01462	0.01966
16	0.85932	0.00707	0.00553	0.00490	0.00720	0.00812	0.00404	0.01110	0.00643	0.05205	0.00551	0.00624	0.00420	0.00346	0.00233	0.00114	0.00285	0.00206	0.00237	0.00407

[dist]
# distance from previous block
# <min> <max>
2	12

[block]
# block no. 2 follows, 75 sequences, length 22
# corresponding to MSA columns:
# 153-174
name=unknown_C
#
# <colnr> <probs for GDERKNQSTAVLIFYWHMCP>
#	G	D	E	R	K	N	Q	S	T	A	V	L	I	F	Y	W	H	M	C	P
0	0.00526	0.00389	0.00566	0.00566	0.00624	0.00446	0.00429	0.00640	0.00583	0.00835	0.01006	0.01564	0.00971	0.13424	0.75039	0.00561	0.00904	0.00411	0.00200	0.00315
1	0.00896	0.00865	0.01493	0.06618	0.77699	0.00872	0.03906	0.01119	0.00832	0.01185	0.00691	0.00915	0.00576	0.00329	0.00366	0.00110	0.00445	0.00331	0.00181	0.00570
2	0.64867	0.11294	0.00797	0.00604	0.02711	0.12527	0.00485	0.01136	0.00701	0.01441	0.00523	0.00612	0.00421	0.00343	0.00246	0.00107	0.00353	0.00207	0.00213	0.00415
3	0.01336	0.00966	0.01039	0.00809	0.01087	0.01066	0.00664	0.71019	0.07831	0.04975	0.00961	0.00953	0.00686	0.00445	0.00363	0.00110	0.00382	0.00339	0.04360	0.00609
4	0.00651	0.02271	0.00592	0.00556	0.02926	0.00523	0.00410	0.05980	0.16907	0.03791	0.05499	0.11738	0.45174	0.00791	0.00414	0.00124	0.00237	0.00668	0.00347	0.00402
5	0.00534	0.00356	0.00401	0.00401	0.00401	0.00356	0.00223	0.00534	0.00534	0.00712	0.01157	0.02403	0.01335	0.87092	0.01869	0.00356	0.00356	0.00534	0.00223	0.00223
6	0.00804	0.00804	0.01125	0.00964	0.00964	0.01125	0.00804	0.00884	0.00562	0.00884	0.00482	0.00804	0.00482	0.00643	0.01205	0.00161	0.86420	0.00321	0.00161	0.00402
7	0.00694	0.00653	0.01102	0.86210	0.02530	0.00816	0.01020	0.00938	0.00734	0.00938	0.00653	0.00979	0.00490	0.00367	0.00367	0.00122	0.00490	0.00326	0.00163	0.00408
8	0.00508	0.00375	0.00475	0.00450	0.00542	0.00342	0.00338	0.00671	0.01013	0.01409	0.73880	0.02848	0.14233	0.00775	0.00433	0.00117	0.00175	0.00679	0.00396	0.00342
9	0.00434	0.00372	0.00372	0.00372	0.00496	0.00310	0.00279	0.00527	0.00837	0.00992	0.03721	0.03535	0.84652	0.00930	0.00434	0.00124	0.00186	0.00775	0.00341	0.00310
10	0.00895	0.00877	0.02979	0.04791	0.68941	0.00851	0.05270	0.02590	0.00844	0.01209	0.00692	0.00902	0.00573	0.00326	0.00361	0.00107	0.00437	0.00324	0.00187	0.06844
11	0.11857	0.50025	0.05644	0.02148	0.08669	0.06365	0.00699	0.08853	0.00851	0.01144	0.00575	0.00666	0.00487	0.00337	0.00272	0.00092	0.00410	0.00229	0.00190	0.00487
12	0.00600	0.00404	0.00449	0.00446	0.00452	0.00395	0.00253	0.00584	0.00577	0.00776	0.01216	0.02475	0.01387	0.86307	0.01882	0.00365	0.00378	0.00553	0.00244	0.00257
13	0.00592	0.00423	0.00592	0.00676	0.00761	0.00423	0.00592	0.00761	0.00845	0.01099	0.01945	0.04143	0.02114	0.01015	0.00507	0.00169	0.00338	0.82329	0.00338	0.00338
14	0.00535	0.00349	0.00379	0.00398	0.00482	0.00321	0.00288	0.00655	0.00790	0.01143	0.06100	0.22412	0.29977	0.00785	0.00376	0.00115	0.00186	0.00671	0.33717	0.00321
15	0.00867	0.00991	0.02167	0.01548	0.01920	0.00929	0.83467	0.01176	0.00867	0.01176	0.00743	0.00991	0.00557	0.00310	0.00433	0.00124	0.00619	0.00433	0.00186	0.00495
16	0.57746	0.00583	0.00488	0.00452	0.00600	0.00656	0.00336	0.00893	0.00599	0.01330	0.00744	0.01217	0.00723	0.29148	0.00773	0.00193	0.00305	0.00314	0.02562	0.00338
17	0.89687	0.00710	0.00540	0.00483	0.00710	0.00824	0.00398	0.01080	0.00625	0.01648	0.00511	0.00597	0.00398	0.00341	0.00227	0.00114	0.00284	0.00199	0.00227	0.00398
18	0.00982	0.87313	0.01925	0.00628	0.00943	0.01453	0.00628	0.01100	0.00746	0.00864	0.00511	0.00589	0.00471	0.00314	0.00236	0.00079	0.00393	0.00196	0.00157	0.00471
19	0.00534	0.00358	0.00410	0.00410	0.00413	0.00361	0.00234	0.00540	0.00537	0.00719	0.01149	0.02356	0.01315	0.82951	0.05983	0.00368	0.00387	0.00527	0.00221	0.00228
20	0.00900	0.00872	0.07146	0.00770	0.01003	0.00909	0.00639	0.01893	0.77897	0.01508	0.01432	0.01326	0.01072	0.00487	0.00372	0.00124	0.00310	0.00404	0.00357	0.00578
21	0.01192	0.04105	0.01058	0.05275	0.04604	0.43599	0.02796	0.01311	0.00924	0.12879	0.00814	0.05294	0.00697	0.00474	0.00455	0.00113	0.10701	0.03025	0.00233	0.00451

[dist]
# distance from previous block
# <min> <max>
0	3

[block]
# block no. 3 follows, 75 sequences, length 48
# corresponding to MSA columns:
# 178-225
name=unknown_D
#
# <colnr> <probs for GDERKNQSTAVLIFYWHMCP>
#	G	D	E	R	K	N	Q	S	T	A	V	L	I	F	Y	W	H	M	C	P
0	0.51652	0.00598	0.00538	0.02332	0.00662	0.00680	0.00372	0.03088	0.00623	0.01302	0.00747	0.01244	0.00733	0.30373	0.00834	0.00199	0.03128	0.00325	0.00226	0.00344
1	0.01166	0.30030	0.01294	0.00796	0.01028	0.40555	0.00654	0.08153	0.06418	0.01049	0.00712	0.05233	0.00630	0.00411	0.00312	0.00095	0.00503	0.00285	0.00213	0.00461
2	0.89687	0.00710	0.00540	0.00483	0.00710	0.00824	0.00398	0.01080	0.00625	0.01648	0.00511	0.00597	0.00398	0.00341	0.00227	0.00114	0.00284	0.00199	0.00227	0.00398
3	0.00835	0.00722	0.00775	0.04113	0.00951	0.00821	0.00555	0.01702	0.68428	0.01439	0.03087	0.01664	0.12205	0.00554	0.00382	0.00124	0.00283	0.00463	0.00361	0.00535
4	0.89687	0.00710	0.00540	0.00483	0.00710	0.00824	0.00398	0.01080	0.00625	0.01648	0.00511	0.00597	0.00398	0.00341	0.00227	0.00114	0.00284	0.00199	0.00227	0.00398
5	0.89687	0.00710	0.00540	0.00483	0.00710	0.00824	0.00398	0.01080	0.00625	0.01648	0.00511	0.00597	0.00398	0.00341	0.00227	0.00114	0.00284	0.00199	0.00227	0.00398
6	0.00751	0.01816	0.78816	0.01085	0.05112	0.00850	0.01319	0.02478	0.00798	0.01189	0.02105	0.00817	0.00524	0.00356	0.00351	0.00116	0.00530	0.00281	0.00164	0.00542
7	0.01396	0.01029	0.01102	0.00845	0.01139	0.01139	0.00698	0.83577	0.01727	0.02315	0.00882	0.00882	0.00625	0.00441	0.00367	0.00110	0.00404	0.00331	0.00367	0.00625
8	0.00434	0.00372	0.00372	0.00372	0.00496	0.00310	0.00279	0.00527	0.00837	0.00992	0.03721	0.03535	0.84652	0.00930	0.00434	0.00124	0.00186	0.00775	0.00341	0.00310
9	0.00525	0.00394	0.00590	0.00590	0.00656	0.00459	0.00459	0.00656	0.00590	0.00853	0.00984	0.01443	0.00918	0.02755	0.85637	0.00590	0.00984	0.00394	0.00197	0.00328
10	0.89687	0.00710	0.00540	0.00483	0.00710	0.00824	0.00398	0.01080	0.00625	0.01648	0.00511	0.00597	0.00398	0.00341	0.00227	0.00114	0.00284	0.00199	0.00227	0.00398
11	0.00768	0.03721	0.80600	0.01029	0.01557	0.02168	0.01317	0.01178	0.00784	0.02637	0.00668	0.00778	0.00473	0.00351	0.00347	0.00115	0.00537	0.00271	0.00161	0.00541
12	0.00909	0.00873	0.01491	0.02254	0.84801	0.00873	0.01127	0.01127	0.00836	0.01200	0.00691	0.00909	0.00582	0.00327	0.00364	0.00109	0.00436	0.00327	0.00182	0.00582
13	0.00534	0.00356	0.00401	0.00401	0.00401	0.00356	0.00223	0.00534	0.00534	0.00712	0.01157	0.02403	0.01335	0.87092	0.01869	0.00356	0.00356	0.00534	0.00223	0.00223
14	0.00779	0.08628	0.72415	0.00980	0.01487	0.00876	0.01234	0.01162	0.00779	0.03156	0.00666	0.00771	0.00480	0.00345	0.00337	0.00110	0.00512	0.00265	0.00165	0.04853
15	0.00982	0.87313	0.01925	0.00628	0.00943	0.01453	0.00628	0.01100	0.00746	0.00864	0.00511	0.00589	0.00471	0.00314	0.00236	0.00079	0.00393	0.00196	0.00157	0.00471
16	0.00737	0.01900	0.85189	0.01047	0.01590	0.00853	0.01357	0.01163	0.00775	0.01163	0.00659	0.00775	0.00465	0.00349	0.00349	0.00116	0.00543	0.00271	0.00155	0.00543
17	0.01381	0.03021	0.01046	0.00937	0.02467	0.75708	0.00701	0.01482	0.01034	0.08009	0.00643	0.00715	0.00512	0.00383	0.00333	0.00096	0.00625	0.00249	0.00211	0.00446
18	0.00532	0.00355	0.00401	0.00403	0.00403	0.00355	0.00225	0.00534	0.00537	0.00717	0.01174	0.04080	0.01357	0.85386	0.01842	0.00352	0.00353	0.00544	0.00225	0.00224
19	0.00927	0.03203	0.09960	0.01191	0.19353	0.02821	0.13242	0.06599	0.20872	0.05986	0.01173	0.01223	0.07347	0.00428	0.00373	0.00114	0.00409	0.00386	0.00266	0.04125
20	0.00509	0.00392	0.00542	0.01710	0.04514	0.00395	0.00424	0.00604	0.00749	0.01018	0.12319	0.57436	0.05122	0.01071	0.03687	0.00160	0.05171	0.03526	0.00324	0.00328
21	0.00906	0.00867	0.01215	0.01616	0.49655	0.07281	0.01943	0.04408	0.11159	0.01247	0.03853	0.06067	0.02663	0.00435	0.00383	0.00112	0.01734	0.00392	0.00235	0.03831
22	0.00793	0.00786	0.01097	0.00942	0.00942	0.01095	0.00781	0.00870	0.00561	0.00877	0.00509	0.00866	0.00516	0.04027	0.01231	0.00168	0.83051	0.00330	0.00163	0.00395
23	0.00983	0.73448	0.07920	0.00681	0.01001	0.06027	0.00685	0.01153	0.03574	0.00911	0.00558	0.00633	0.00493	0.00326	0.00254	0.00084	0.00415	0.00211	0.00166	0.00478
24	0.00854	0.00888	0.06151	0.22159	0.51831	0.00868	0.06962	0.02721	0.01881	0.01160	0.00698	0.00929	0.00559	0.00341	0.00369	0.00114	0.00466	0.00333	0.00182	0.00533
25	0.00762	0.00653	0.00762	0.00544	0.00870	0.00490	0.00435	0.00925	0.00762	0.01197	0.00653	0.00762	0.00544	0.00272	0.00272	0.00054	0.00272	0.00218	0.00218	0.89338
26	0.00531	0.00359	0.00420	0.00422	0.00429	0.00364	0.00249	0.00545	0.00544	0.00732	0.01166	0.04784	0.01327	0.76409	0.09940	0.00373	0.00413	0.00535	0.00224	0.00235
27	0.00455	0.00325	0.00436	0.00516	0.00540	0.00308	0.00349	0.00522	0.00699	0.00934	0.01968	0.80498	0.02346	0.02588	0.03826	0.00170	0.00248	0.02640	0.00333	0.00299
28	0.00447	0.00320	0.00426	0.00511	0.00533	0.00298	0.00341	0.00511	0.00703	0.00938	0.02024	0.86853	0.02429	0.01151	0.00469	0.00149	0.00213	0.01044	0.00341	0.00298
29	0.01406	0.01013	0.01092	0.00838	0.01131	0.01116	0.00692	0.80375	0.01700	0.05554	0.00904	0.00896	0.00636	0.00441	0.00367	0.00110	0.00401	0.00332	0.00371	0.00625
30	0.00592	0.00423	0.00592	0.00676	0.00761	0.00423	0.00592	0.00761	0.00845	0.01099	0.01945	0.04143	0.02114	0.01015	0.00507	0.00169	0.00338	0.82329	0.00338	0.00338
31	0.01648	0.00625	0.00852	0.00653	0.00938	0.00540	0.00540	0.01790	0.01051	0.85056	0.01449	0.01250	0.00909	0.00455	0.00369	0.00114	0.00313	0.00369	0.00455	0.00625
32	0.01372	0.01750	0.01041	0.00946	0.01135	0.85618	0.00710	0.01467	0.01041	0.00899	0.00568	0.00662	0.00473	0.00378	0.00331	0.00095	0.00662	0.00237	0.00189	0.00426
33	0.01611	0.00685	0.00889	0.00682	0.00967	0.00629	0.00563	0.13901	0.01151	0.72803	0.01365	0.01196	0.00867	0.00453	0.00369	0.00113	0.00326	0.00364	0.00442	0.00625
34	0.89687	0.00710	0.00540	0.00483	0.00710	0.00824	0.00398	0.01080	0.00625	0.01648	0.00511	0.00597	0.00398	0.00341	0.00227	0.00114	0.00284	0.00199	0.00227	0.00398
35	0.00808	0.00660	0.00798	0.00591	0.02234	0.00505	0.01660	0.00973	0.00778	0.05212	0.00693	0.00791	0.00562	0.00282	0.00280	0.00059	0.00282	0.00230	0.00228	0.82374
36	0.09601	0.03708	0.01015	0.00895	0.01091	0.75687	0.00679	0.01422	0.00995	0.00968	0.00561	0.00654	0.00466	0.00373	0.00319	0.00096	0.00621	0.00232	0.00192	0.00424
37	0.00914	0.00789	0.00830	0.00747	0.00955	0.00914	0.00581	0.01952	0.84138	0.01536	0.01495	0.01370	0.01121	0.00498	0.00374	0.00125	0.00291	0.00415	0.00374	0.00581
38	0.01372	0.01750	0.01041	0.00946	0.01135	0.85618	0.00710	0.01467	0.01041	0.00899	0.00568	0.00662	0.00473	0.00378	0.00331	0.00095	0.00662	0.00237	0.00189	0.00426
39	0.89687	0.00710	0.00540	0.00483	0.00710	0.00824	0.00398	0.01080	0.00625	0.01648	0.00511	0.00597	0.00398	0.00341	0.00227	0.00114	0.00284	0.00199	0.00227	0.00398
40	0.01396	0.01029	0.01102	0.00845	0.01139	0.01139	0.00698	0.83577	0.01727	0.02315	0.00882	0.00882	0.00625	0.00441	0.00367	0.00110	0.00404	0.00331	0.00367	0.00625
41	0.00867	0.00991	0.02167	0.01548	0.01920	0.00929	0.83467	0.01176	0.00867	0.01176	0.00743	0.00991	0.00557	0.00310	0.00433	0.00124	0.00619	0.00433	0.00186	0.00495
42	0.00794	0.00415	0.00497	0.00452	0.00530	0.00394	0.00302	0.00853	0.00700	0.19491	0.04449	0.02074	0.03105	0.53376	0.01277	0.00259	0.00316	0.00487	0.09898	0.00331
43	0.00534	0.00356	0.00401	0.00401	0.00401	0.00356	0.00223	0.00534	0.00534	0.00712	0.01157	0.02403	0.01335	0.87092	0.01869	0.00356	0.00356	0.00534	0.00223	0.00223
44	0.00439	0.00369	0.00382	0.00386	0.00501	0.00311	0.00287	0.00535	0.00839	0.01014	0.07867	0.08893	0.75051	0.00935	0.00436	0.00125	0.00187	0.00787	0.00344	0.00311
45	0.00914	0.00789	0.00830	0.00747	0.00955	0.00914	0.00581	0.01952	0.84138	0.01536	0.01495	0.01370	0.01121	0.00498	0.00374	0.00125	0.00291	0.00415	0.00374	0.00581
46	0.00817	0.00627	0.00661	0.00607	0.00769	0.00703	0.00468	0.01536	0.53413	0.01482	0.07327	0.01468	0.01235	0.00495	0.00343	0.00112	0.00247	0.00411	0.26785	0.00493
47	0.02979	0.00502	0.02439	0.00535	0.00676	0.00465	0.00424	0.02606	0.09094	0.12102	0.60380	0.02287	0.02714	0.00663	0.00411	0.00116	0.00218	0.00576	0.00397	0.00416

[dist]
# distance from previous block
# <min> <max>
0	2

[block]
# block no. 4 follows, 75 sequences, length 30
# corresponding to MSA columns:
# 228-257
name=unknown_E
#
# <colnr> <probs for GDERKNQSTAVLIFYWHMCP>
#	G	D	E	R	K	N	Q	S	T	A	V	L	I	F	Y	W	H	M	C	P
0	0.00861	0.01961	0.02432	0.00829	0.13800	0.00581	0.00572	0.02481	0.00819	0.07716	0.02776	0.00870	0.00649	0.00311	0.00300	0.00071	0.00307	0.00260	0.00236	0.62166
1	0.00898	0.00773	0.00817	0.00739	0.00941	0.00893	0.00573	0.01903	0.81301	0.01516	0.01513	0.04277	0.01166	0.00520	0.00377	0.00125	0.00288	0.00437	0.00373	0.00572
2	0.00787	0.03172	0.05943	0.00591	0.00926	0.00569	0.00508	0.03049	0.03621	0.01225	0.00684	0.00781	0.00559	0.00290	0.00282	0.00063	0.00296	0.00230	0.00221	0.76203
3	0.00789	0.00760	0.01067	0.00921	0.00921	0.01053	0.00760	0.00848	0.00555	0.00862	0.00496	0.00831	0.00496	0.00699	0.01226	0.08085	0.78767	0.00321	0.00161	0.00380
4	0.00447	0.00320	0.00426	0.00511	0.00533	0.00298	0.00341	0.00511	0.00703	0.00938	0.02024	0.86853	0.02429	0.01151	0.00469	0.00149	0.00213	0.01044	0.00341	0.00298
5	0.01098	0.61926	0.01662	0.00723	0.01000	0.26425	0.00653	0.01209	0.00834	0.00874	0.00528	0.00611	0.00472	0.00333	0.00264	0.00083	0.00473	0.00208	0.00167	0.00458
6	0.72850	0.00894	0.00637	0.00569	0.00791	0.15339	0.00457	0.02758	0.00718	0.01533	0.00528	0.00613	0.00415	0.00349	0.00248	0.00110	0.00351	0.00208	0.00224	0.00407
7	0.00909	0.00873	0.01491	0.02254	0.84801	0.00873	0.01127	0.01127	0.00836	0.01200	0.00691	0.00909	0.00582	0.00327	0.00364	0.00109	0.00436	0.00327	0.00182	0.00582
8	0.00804	0.00804	0.01125	0.00964	0.00964	0.01125	0.00804	0.00884	0.00562	0.00884	0.00482	0.00804	0.00482	0.00643	0.01205	0.00161	0.86420	0.00321	0.00161	0.00402
9	0.00534	0.00390	0.00503	0.00472	0.00563	0.00367	0.00355	0.00738	0.04026	0.01475	0.81621	0.02694	0.03381	0.00742	0.00431	0.00116	0.00177	0.00655	0.00403	0.00355
10	0.00514	0.00375	0.00483	0.00456	0.00545	0.00344	0.00342	0.00682	0.01026	0.01441	0.79325	0.02795	0.08767	0.00763	0.00433	0.00116	0.00174	0.00671	0.00400	0.00344
11	0.00534	0.00356	0.00401	0.00401	0.00401	0.00356	0.00223	0.00534	0.00534	0.00712	0.01157	0.02403	0.01335	0.87092	0.01869	0.00356	0.00356	0.00534	0.00223	0.00223
12	0.89687	0.00710	0.00540	0.00483	0.00710	0.00824	0.00398	0.01080	0.00625	0.01648	0.00511	0.00597	0.00398	0.00341	0.00227	0.00114	0.00284	0.00199	0.00227	0.00398
13	0.00784	0.01524	0.55362	0.06483	0.23809	0.00858	0.03758	0.01141	0.00792	0.01160	0.00670	0.00830	0.00501	0.00343	0.00356	0.00115	0.00514	0.00294	0.00164	0.00544
14	0.00505	0.00364	0.00478	0.00472	0.00545	0.00337	0.00345	0.00656	0.00970	0.01362	0.67528	0.20138	0.03251	0.00834	0.00441	0.00122	0.00182	0.00743	0.00391	0.00337
15	0.00441	0.00365	0.00387	0.00397	0.00504	0.00311	0.00292	0.00535	0.00830	0.01014	0.08381	0.15309	0.68067	0.00951	0.00439	0.00127	0.00189	0.00807	0.00345	0.00311
16	0.01000	0.00920	0.07037	0.01136	0.01448	0.00830	0.41870	0.12854	0.03012	0.12923	0.00943	0.01200	0.00730	0.05762	0.04188	0.00156	0.00525	0.02699	0.00258	0.00509
17	0.89687	0.00710	0.00540	0.00483	0.00710	0.00824	0.00398	0.01080	0.00625	0.01648	0.00511	0.00597	0.00398	0.00341	0.00227	0.00114	0.00284	0.00199	0.00227	0.00398
18	0.00909	0.00873	0.01491	0.02254	0.84801	0.00873	0.01127	0.01127	0.00836	0.01200	0.00691	0.00909	0.00582	0.00327	0.00364	0.00109	0.00436	0.00327	0.00182	0.00582
19	0.06203	0.00820	0.01076	0.38825	0.05347	0.00941	0.00836	0.35164	0.01156	0.04968	0.00773	0.00925	0.00561	0.00398	0.00359	0.00116	0.00433	0.00323	0.00264	0.00513
20	0.00504	0.00405	0.00454	0.00457	0.00561	0.00377	0.00336	0.00704	0.09298	0.01139	0.20417	0.19461	0.42767	0.00891	0.00435	0.00127	0.00199	0.00768	0.00358	0.00343
21	0.00663	0.00407	0.00524	0.00480	0.00596	0.00367	0.00365	0.00817	0.01001	0.13027	0.59303	0.06278	0.13252	0.00749	0.00426	0.00118	0.00196	0.00654	0.00401	0.00379
22	0.00729	0.00689	0.01166	0.72406	0.16057	0.00825	0.01038	0.00969	0.00751	0.00981	0.00659	0.00968	0.00505	0.00361	0.00367	0.00120	0.00481	0.00327	0.00166	0.00437
23	0.00959	0.02899	0.05204	0.05141	0.14198	0.00742	0.18345	0.05097	0.05571	0.17316	0.02120	0.14868	0.01997	0.00524	0.00415	0.00123	0.02297	0.01398	0.00283	0.00503
24	0.00459	0.00369	0.00413	0.00436	0.00535	0.00323	0.00329	0.00559	0.00825	0.01020	0.07602	0.18421	0.56338	0.00969	0.00448	0.00133	0.00207	0.09956	0.00344	0.00313
25	0.00737	0.01900	0.85189	0.01047	0.01590	0.00853	0.01357	0.01163	0.00775	0.01163	0.00659	0.00775	0.00465	0.00349	0.00349	0.00116	0.00543	0.00271	0.00155	0.00543
26	0.04744	0.01039	0.01049	0.35481	0.07940	0.28556	0.00831	0.05449	0.00897	0.03965	0.00693	0.02128	0.00550	0.00393	0.00367	0.00111	0.02429	0.00304	0.02633	0.00442
27	0.00763	0.00678	0.00916	0.00771	0.00948	0.05663	0.17584	0.06806	0.13600	0.01247	0.01626	0.18647	0.12816	0.00642	0.00397	0.00122	0.00342	0.02808	0.13200	0.00422
28	0.00926	0.03247	0.33945	0.02170	0.13523	0.00813	0.12641	0.04553	0.02071	0.11243	0.00787	0.00891	0.00574	0.00349	0.00355	0.00108	0.00466	0.00311	0.00218	0.10809
29	0.00875	0.00799	0.04339	0.01048	0.19571	0.00833	0.00697	0.01601	0.52189	0.01428	0.02708	0.01268	0.00997	0.00451	0.00359	0.00117	0.00319	0.00387	0.09463	0.00551

[dist]
# distance from previous block
# <min> <max>
0	3

[block]
# block no. 5 follows, 75 sequences, length 23
# corresponding to MSA columns:
# 261-283
name=unknown_F
#
# <colnr> <probs for GDERKNQSTAVLIFYWHMCP>
#	G	D	E	R	K	N	Q	S	T	A	V	L	I	F	Y	W	H	M	C	P
0	0.26669	0.05140	0.01014	0.00807	0.01046	0.30890	0.07100	0.13216	0.03354	0.05500	0.00683	0.00756	0.00525	0.00404	0.01331	0.00112	0.00477	0.00266	0.00243	0.00467
1	0.01003	0.76802	0.05331	0.00672	0.00985	0.08258	0.00665	0.01132	0.00771	0.00879	0.00521	0.00603	0.00471	0.00321	0.00248	0.00081	0.00421	0.00203	0.00160	0.00471
2	0.00972	0.00787	0.01309	0.16565	0.56538	0.00803	0.01007	0.01180	0.00848	0.13503	0.00822	0.02625	0.00650	0.00369	0.00367	0.00113	0.00423	0.00347	0.00222	0.00553
3	0.00762	0.00653	0.00762	0.00544	0.00870	0.00490	0.00435	0.00925	0.00762	0.01197	0.00653	0.00762	0.00544	0.00272	0.00272	0.00054	0.00272	0.00218	0.00218	0.89338
4	0.00585	0.00563	0.08114	0.00718	0.07955	0.00455	0.00540	0.00781	0.04229	0.02248	0.26183	0.27777	0.07015	0.00826	0.00436	0.00132	0.00268	0.10464	0.00332	0.00380
5	0.00854	0.05263	0.24921	0.06725	0.25260	0.03025	0.07488	0.03636	0.00830	0.04160	0.02973	0.05191	0.00715	0.00459	0.02027	0.00126	0.05278	0.00358	0.00201	0.00511
6	0.00862	0.43005	0.20345	0.00706	0.01063	0.01052	0.00740	0.01095	0.04089	0.01036	0.00649	0.02605	0.00556	0.00338	0.00280	0.00085	0.00391	0.00246	0.00183	0.20674
7	0.00616	0.00369	0.00476	0.00451	0.00530	0.00349	0.00333	0.00729	0.00891	0.04647	0.51063	0.02143	0.02398	0.00773	0.00576	0.15915	0.00204	0.00532	0.16683	0.00324
8	0.00725	0.00665	0.02118	0.06588	0.40246	0.00653	0.00773	0.00959	0.05168	0.01242	0.23385	0.05118	0.09743	0.00544	0.00394	0.00116	0.00330	0.00493	0.00271	0.00470
9	0.00449	0.00373	0.00393	0.00388	0.00505	0.00317	0.00291	0.00556	0.00873	0.01077	0.18010	0.03395	0.70310	0.00898	0.00434	0.00123	0.00184	0.00756	0.00352	0.00317
10	0.00898	0.15187	0.18477	0.00722	0.01002	0.00803	0.02188	0.04813	0.16149	0.12531	0.09390	0.07897	0.07353	0.00532	0.00364	0.00114	0.00349	0.00439	0.00298	0.00497
11	0.04318	0.72850	0.03342	0.00645	0.00956	0.02415	0.00632	0.04493	0.00804	0.05874	0.00584	0.00644	0.00500	0.00330	0.00252	0.00084	0.00391	0.00214	0.00186	0.00485
12	0.00790	0.00444	0.00455	0.00417	0.00533	0.00461	0.00322	0.13132	0.00912	0.01510	0.01151	0.01297	0.00894	0.00430	0.00273	0.00089	0.00206	0.00341	0.75958	0.00384
13	0.82941	0.00790	0.00578	0.00518	0.00743	0.07301	0.00422	0.01109	0.00657	0.01591	0.00516	0.00602	0.00404	0.00344	0.00235	0.00112	0.00313	0.00202	0.00224	0.00400
14	0.00688	0.01118	0.37619	0.02715	0.01191	0.00643	0.08716	0.00984	0.02134	0.04501	0.20314	0.05382	0.11343	0.00549	0.00393	0.00119	0.00394	0.00478	0.00261	0.00456
15	0.00450	0.00328	0.00424	0.00495	0.00530	0.00302	0.00335	0.00522	0.00733	0.00968	0.06106	0.74375	0.10863	0.01109	0.00464	0.00145	0.00208	0.00999	0.00344	0.00302
16	0.00887	0.02356	0.00859	0.00718	0.07207	0.00610	0.00524	0.10169	0.03240	0.06879	0.00860	0.07408	0.00739	0.00381	0.00313	0.00078	0.00300	0.00317	0.00260	0.55894
17	0.01105	0.13694	0.18852	0.00824	0.04604	0.07318	0.00761	0.10731	0.01899	0.19601	0.02492	0.00904	0.00666	0.00376	0.00328	0.00098	0.00406	0.00289	0.00266	0.14787
18	0.14009	0.58445	0.03688	0.00630	0.00933	0.03900	0.00602	0.04291	0.00782	0.02361	0.00556	0.00632	0.00479	0.00325	0.00250	0.00085	0.00379	0.00209	0.00186	0.07257
19	0.00652	0.04686	0.14900	0.00688	0.00862	0.00583	0.02795	0.00832	0.00658	0.05530	0.00935	0.01314	0.00831	0.06046	0.56483	0.00438	0.00806	0.00370	0.00203	0.00386
20	0.00791	0.04584	0.17259	0.00819	0.02082	0.07171	0.10866	0.04884	0.05428	0.01279	0.21438	0.03186	0.03481	0.00475	0.00369	0.00105	0.00383	0.00414	0.00264	0.14722
21	0.00598	0.07060	0.00633	0.00504	0.00638	0.00458	0.00385	0.00758	0.03228	0.02619	0.36493	0.22343	0.08046	0.00741	0.00400	0.00112	0.00221	0.00647	0.00338	0.13778
22	0.00845	0.00905	0.11760	0.00897	0.08831	0.02920	0.06552	0.03052	0.13502	0.03360	0.04837	0.00994	0.00774	0.00369	0.00357	0.00093	0.02788	0.00311	0.00244	0.36608

[dist]
# distance from previous block
# <min> <max>
0	12

[block]
# block no. 6 follows, 75 sequences, length 17
# corresponding to MSA columns:
# 296-312
name=unknown_G
#
# <colnr> <probs for GDERKNQSTAVLIFYWHMCP>
#	G	D	E	R	K	N	Q	S	T	A	V	L	I	F	Y	W	H	M	C	P
0	0.00768	0.00587	0.00772	0.00668	0.04906	0.00512	0.04306	0.05028	0.02112	0.06992	0.21303	0.08305	0.03500	0.03579	0.00412	0.00103	0.00278	0.00451	0.00299	0.35120
1	0.09634	0.30871	0.01216	0.00738	0.05297	0.00999	0.00602	0.04351	0.19238	0.14786	0.00986	0.01098	0.00783	0.00423	0.00314	0.00105	0.00343	0.04825	0.00280	0.03111
2	0.00977	0.81543	0.01852	0.00636	0.00943	0.01417	0.00625	0.01157	0.06308	0.00909	0.00576	0.00641	0.00515	0.00326	0.00245	0.00082	0.00386	0.00211	0.00172	0.00479
3	0.38390	0.01112	0.26641	0.01865	0.02882	0.00835	0.08528	0.06617	0.00793	0.03695	0.00714	0.00810	0.02466	0.00362	0.00308	0.00114	0.00406	0.00275	0.00217	0.02970
4	0.00749	0.06371	0.00753	0.00624	0.00759	0.00718	0.00475	0.02942	0.37885	0.01156	0.01219	0.01566	0.01070	0.21182	0.20636	0.00284	0.00477	0.00422	0.00283	0.00432
5	0.89687	0.00710	0.00540	0.00483	0.00710	0.00824	0.00398	0.01080	0.00625	0.01648	0.00511	0.00597	0.00398	0.00341	0.00227	0.00114	0.00284	0.00199	0.00227	0.00398
6	0.00982	0.87313	0.01925	0.00628	0.00943	0.01453	0.00628	0.01100	0.00746	0.00864	0.00511	0.00589	0.00471	0.00314	0.00236	0.00079	0.00393	0.00196	0.00157	0.00471
7	0.00933	0.11389	0.00996	0.00907	0.12665	0.28554	0.00619	0.01138	0.08674	0.01053	0.06445	0.05500	0.15573	0.01869	0.00382	0.00110	0.00417	0.00424	0.00250	0.02105
8	0.00530	0.00385	0.00569	0.00571	0.00628	0.00440	0.00435	0.00634	0.00584	0.00834	0.01001	0.04030	0.00965	0.06702	0.73520	0.06359	0.00887	0.00415	0.00200	0.00311
9	0.00782	0.06571	0.77621	0.01010	0.01531	0.00875	0.01288	0.01182	0.00784	0.04102	0.00679	0.00782	0.00481	0.00351	0.00343	0.00114	0.00526	0.00271	0.00166	0.00542
10	0.00895	0.32355	0.35861	0.00799	0.01191	0.02437	0.00895	0.02549	0.02978	0.05717	0.00722	0.00821	0.01579	0.02337	0.00340	0.00103	0.00439	0.00262	0.00191	0.07529
11	0.00801	0.00620	0.00669	0.00603	0.01743	0.05214	0.00447	0.18435	0.04672	0.02841	0.21334	0.03167	0.06727	0.19967	0.06407	0.00199	0.00362	0.02374	0.01336	0.02080
12	0.00497	0.00376	0.00475	0.00512	0.00589	0.00334	0.00366	0.00585	0.00739	0.00990	0.02056	0.59068	0.12306	0.01003	0.00443	0.00136	0.00227	0.07563	0.00325	0.11410
13	0.03610	0.04068	0.19921	0.03160	0.20938	0.01995	0.03156	0.04702	0.03986	0.23704	0.02862	0.01033	0.00729	0.01912	0.00404	0.00118	0.02546	0.00334	0.00269	0.00552
14	0.00962	0.72447	0.04913	0.00665	0.00968	0.02962	0.02436	0.01094	0.00758	0.03161	0.00623	0.04255	0.00578	0.00415	0.02359	0.00098	0.00413	0.00250	0.00175	0.00467
15	0.00975	0.40321	0.30790	0.00838	0.01207	0.18162	0.00899	0.01196	0.00816	0.00975	0.00574	0.00669	0.00470	0.00339	0.00294	0.00095	0.00499	0.00231	0.00163	0.00487
16	0.01037	0.22787	0.11299	0.02349	0.04817	0.01950	0.03546	0.23478	0.04027	0.04915	0.00810	0.00869	0.02308	0.00373	0.00321	0.00096	0.00398	0.00289	0.00250	0.14080

[dist]
# distance from previous block
# <min> <max>
0	4

[block]
# block no. 7 follows, 75 sequences, length 50
# corresponding to MSA columns:
# 317-366
name=unknown_H
#
# <colnr> <probs for GDERKNQSTAVLIFYWHMCP>
#	G	D	E	R	K	N	Q	S	T	A	V	L	I	F	Y	W	H	M	C	P
0	0.01029	0.01039	0.01312	0.10991	0.38053	0.17336	0.06439	0.10887	0.07009	0.01266	0.00747	0.00905	0.00593	0.00366	0.00364	0.00110	0.00484	0.00323	0.00217	0.00531
1	0.05585	0.03420	0.00497	0.00437	0.00552	0.00397	0.00334	0.00661	0.00919	0.01264	0.43898	0.05867	0.33273	0.00793	0.00416	0.00118	0.00193	0.00676	0.00360	0.00339
2	0.06091	0.70963	0.01728	0.00663	0.00955	0.12645	0.00626	0.01148	0.00779	0.00913	0.00518	0.00599	0.00467	0.00324	0.00248	0.00083	0.00423	0.00202	0.00165	0.00461
3	0.00627	0.00577	0.03545	0.00618	0.03405	0.05300	0.01612	0.00852	0.08923	0.02190	0.23274	0.19689	0.18761	0.00776	0.00419	0.00123	0.00264	0.04274	0.00334	0.04437
4	0.03496	0.11091	0.09912	0.05809	0.07625	0.27456	0.00780	0.12097	0.05746	0.11417	0.00784	0.00841	0.00589	0.00387	0.00336	0.00104	0.00485	0.00285	0.00247	0.00512
5	0.01137	0.32027	0.03549	0.01007	0.12157	0.23045	0.03174	0.16345	0.01016	0.01201	0.00627	0.00724	0.00517	0.00361	0.00324	0.00096	0.01721	0.00259	0.00208	0.00504
6	0.00656	0.00528	0.00661	0.00549	0.00720	0.00470	0.03366	0.01755	0.05500	0.01113	0.13207	0.06676	0.01335	0.21763	0.06176	0.00184	0.00335	0.00441	0.00262	0.34304
7	0.00903	0.14828	0.33876	0.05031	0.13664	0.06793	0.07244	0.03143	0.02000	0.05054	0.00758	0.02978	0.01389	0.00375	0.00345	0.00109	0.00486	0.00312	0.00193	0.00518
8	0.01251	0.01042	0.02890	0.00895	0.01179	0.05891	0.07473	0.55783	0.16382	0.01977	0.00958	0.00964	0.00696	0.00435	0.00371	0.00113	0.00419	0.00348	0.00339	0.00593
9	0.00599	0.00402	0.00521	0.00487	0.00586	0.00376	0.00366	0.00795	0.04012	0.06532	0.71847	0.07398	0.03166	0.00747	0.00429	0.00118	0.00188	0.00659	0.00403	0.00369
10	0.00498	0.00365	0.00437	0.00458	0.00501	0.00355	0.00310	0.00557	0.00677	0.00883	0.04649	0.22695	0.20052	0.33892	0.06296	0.00250	0.01799	0.04761	0.00286	0.00279
11	0.04998	0.03870	0.10290	0.03846	0.39937	0.08955	0.05006	0.01291	0.07949	0.09149	0.00804	0.00924	0.00620	0.00362	0.00354	0.00111	0.00447	0.00319	0.00223	0.00546
12	0.06184	0.00607	0.00799	0.00631	0.00888	0.00543	0.00515	0.03098	0.01020	0.70364	0.05393	0.06160	0.01086	0.00502	0.00371	0.00116	0.00300	0.00412	0.00432	0.00581
13	0.00670	0.00468	0.00556	0.00504	0.00634	0.00448	0.00387	0.08483	0.04794	0.06917	0.44875	0.06477	0.21859	0.00751	0.00422	0.00119	0.00214	0.00646	0.00385	0.00391
14	0.01842	0.01360	0.27784	0.01107	0.08213	0.15776	0.11426	0.11110	0.11727	0.03060	0.00811	0.00899	0.00606	0.00383	0.00369	0.00113	0.01254	0.00319	0.01310	0.00531
15	0.01040	0.03425	0.11756	0.03842	0.14946	0.04524	0.05487	0.04247	0.12460	0.19844	0.01001	0.01161	0.00774	0.08987	0.00554	0.00140	0.04656	0.00360	0.00275	0.00523
16	0.00474	0.00362	0.00435	0.00441	0.00527	0.00323	0.00322	0.00594	0.00893	0.01185	0.37783	0.21801	0.31726	0.00903	0.00441	0.00126	0.00187	0.00788	0.00368	0.00323
17	0.00909	0.00873	0.01491	0.02254	0.84801	0.00873	0.01127	0.01127	0.00836	0.01200	0.00691	0.00909	0.00582	0.00327	0.00364	0.00109	0.00436	0.00327	0.00182	0.00582
18	0.01113	0.40976	0.14921	0.00761	0.01088	0.08324	0.02897	0.04192	0.00878	0.18056	0.02056	0.00816	0.00614	0.00369	0.00314	0.00097	0.01514	0.00267	0.00232	0.00513
19	0.00437	0.00365	0.00381	0.00392	0.00502	0.00309	0.00289	0.00528	0.00823	0.00993	0.04914	0.14737	0.72157	0.00957	0.00439	0.00127	0.00189	0.00809	0.00342	0.00309
20	0.77215	0.00698	0.00584	0.00507	0.00742	0.00784	0.00418	0.01180	0.00685	0.13463	0.00644	0.00689	0.00470	0.00357	0.00247	0.00114	0.00288	0.00223	0.00259	0.00430
21	0.00955	0.00790	0.00840	0.00747	0.00960	0.00907	0.00583	0.04453	0.78588	0.04595	0.01474	0.01351	0.01098	0.00495	0.00373	0.00124	0.00295	0.00411	0.00376	0.00584
22	0.00990	0.03474	0.21290	0.03146	0.29019	0.03420	0.06315	0.04261	0.11119	0.12035	0.00880	0.00967	0.00654	0.00375	0.00362	0.00113	0.00445	0.00331	0.00240	0.00563
23	0.00671	0.00585	0.01035	0.00891	0.04013	0.00564	0.26682	0.03782	0.00796	0.01123	0.01339	0.34926	0.01391	0.03123	0.04540	0.00156	0.00391	0.00654	0.12948	0.00388
24	0.00517	0.00350	0.00409	0.00426	0.00431	0.00347	0.00250	0.00532	0.00568	0.00759	0.01325	0.19037	0.01544	0.68648	0.03084	0.00319	0.00339	0.00632	0.00245	0.00239
25	0.00908	0.00877	0.01513	0.02231	0.82066	0.00875	0.03845	0.01129	0.00837	0.01199	0.00693	0.00912	0.00581	0.00327	0.00366	0.00110	0.00442	0.00331	0.00182	0.00579
26	0.01042	0.04196	0.25578	0.01261	0.25211	0.04632	0.02068	0.07692	0.01912	0.17478	0.00903	0.04856	0.00697	0.00408	0.00361	0.00113	0.00440	0.00346	0.00250	0.00557
27	0.41690	0.00798	0.01120	0.01106	0.19086	0.00829	0.17678	0.02228	0.00780	0.10452	0.00703	0.00819	0.00528	0.00345	0.00316	0.00115	0.00390	0.00295	0.00235	0.00485
28	0.01093	0.28743	0.03335	0.04849	0.20006	0.32961	0.01956	0.01240	0.00879	0.00967	0.00585	0.00715	0.00499	0.00344	0.00311	0.00095	0.00515	0.00252	0.00175	0.00478
29	0.00548	0.00385	0.00488	0.00503	0.00548	0.00397	0.00345	0.01445	0.04464	0.02126	0.04259	0.27606	0.02888	0.29731	0.21036	0.00317	0.00447	0.00651	0.01513	0.00304
30	0.00956	0.23810	0.22607	0.01169	0.20119	0.03729	0.04971	0.05398	0.03391	0.05688	0.00708	0.00812	0.00553	0.00346	0.00326	0.00102	0.00448	0.00282	0.00201	0.04385
31	0.05300	0.02093	0.00860	0.03375	0.22201	0.05640	0.00616	0.01006	0.03107	0.09875	0.24412	0.08696	0.08223	0.00581	0.00385	0.00114	0.00311	0.00505	0.00305	0.02395
32	0.01618	0.00673	0.00882	0.00676	0.00962	0.00611	0.00559	0.11533	0.01132	0.75199	0.01381	0.01206	0.00875	0.00453	0.00369	0.00113	0.00323	0.00365	0.00444	0.00625
33	0.00511	0.00386	0.00535	0.00559	0.00611	0.00386	0.03352	0.00639	0.04720	0.00954	0.03971	0.51750	0.03107	0.11283	0.13763	0.00238	0.00368	0.02246	0.00303	0.00317
34	0.01066	0.02652	0.28680	0.03506	0.08098	0.01782	0.06166	0.09075	0.04782	0.23593	0.03327	0.03940	0.00795	0.00427	0.00369	0.00116	0.00429	0.00362	0.00283	0.00554
35	0.00909	0.00873	0.01491	0.02254	0.84801	0.00873	0.01127	0.01127	0.00836	0.01200	0.00691	0.00909	0.00582	0.00327	0.00364	0.00109	0.00436	0.00327	0.00182	0.00582
36	0.00541	0.00417	0.00621	0.00612	0.00673	0.00497	0.00479	0.00669	0.00589	0.00854	0.00955	0.01406	0.00893	0.02634	0.80824	0.00566	0.05854	0.00389	0.00195	0.00332
37	0.00962	0.01156	0.22702	0.05228	0.11051	0.07307	0.09928	0.14305	0.06261	0.06522	0.01730	0.05369	0.04025	0.00446	0.00384	0.00117	0.01350	0.00383	0.00250	0.00523
38	0.00909	0.00873	0.01491	0.02254	0.84801	0.00873	0.01127	0.01127	0.00836	0.01200	0.00691	0.00909	0.00582	0.00327	0.00364	0.00109	0.00436	0.00327	0.00182	0.00582
39	0.07294	0.00600	0.00734	0.00588	0.00820	0.00568	0.00479	0.08569	0.02095	0.50868	0.04278	0.01254	0.00952	0.00451	0.00339	0.00108	0.00284	0.00360	0.18818	0.00541
40	0.01042	0.12230	0.04061	0.04092	0.00996	0.03966	0.03251	0.18494	0.05258	0.17253	0.07332	0.13197	0.06133	0.00567	0.00374	0.00115	0.00348	0.00472	0.00325	0.00495
41	0.15270	0.04435	0.04299	0.09971	0.17455	0.12289	0.03648	0.21603	0.02245	0.03326	0.00747	0.00857	0.01533	0.00381	0.00337	0.00110	0.00441	0.00299	0.00243	0.00513
42	0.00532	0.00383	0.00527	0.00540	0.00586	0.00418	0.00398	0.00625	0.00605	0.00840	0.01177	0.05298	0.01228	0.27739	0.48295	0.00459	0.00698	0.09132	0.00225	0.00296
43	0.00537	0.00352	0.00464	0.00519	0.00571	0.00325	0.00365	0.00620	0.00761	0.06424	0.06466	0.66484	0.07664	0.01062	0.00461	0.00145	0.00223	0.05882	0.00351	0.00325
44	0.00965	0.11891	0.16070	0.02291	0.25913	0.12945	0.05281	0.03130	0.06086	0.04877	0.00790	0.03658	0.00651	0.00466	0.03320	0.00125	0.00488	0.00327	0.00209	0.00517
45	0.00869	0.25097	0.33543	0.00926	0.01297	0.01033	0.10301	0.05782	0.05229	0.02276	0.00705	0.00832	0.00554	0.00501	0.05234	0.00136	0.04699	0.00291	0.00189	0.00506
46	0.00527	0.00384	0.00543	0.00543	0.00592	0.00433	0.00400	0.00625	0.00576	0.00817	0.01027	0.01684	0.01023	0.23966	0.64569	0.00531	0.00826	0.00429	0.00203	0.00301
47	0.00705	0.03499	0.00636	0.00546	0.00629	0.00519	0.02825	0.06950	0.03480	0.05849	0.01289	0.04603	0.03960	0.48866	0.05293	0.00277	0.01702	0.07779	0.00264	0.00328
48	0.00757	0.00649	0.00771	0.00586	0.03043	0.00495	0.00450	0.00922	0.00773	0.01206	0.03579	0.00834	0.00647	0.00290	0.00280	0.00058	0.00273	0.00236	0.00223	0.83928
49	0.00919	0.43274	0.29719	0.00851	0.02380	0.02122	0.04963	0.03832	0.03169	0.03241	0.00647	0.00740	0.00517	0.00381	0.01735	0.00106	0.00463	0.00254	0.00180	0.00507

[dist]
# distance from previous block
# <min> <max>
0	5

[block]
# block no. 8 follows, 75 sequences, length 43
# corresponding to MSA columns:
# 372-414
name=unknown_I
#
# <colnr> <probs for GDERKNQSTAVLIFYWHMCP>
#	G	D	E	R	K	N	Q	S	T	A	V	L	I	F	Y	W	H	M	C	P
0	0.00512	0.00362	0.00472	0.00526	0.00575	0.00339	0.00364	0.02951	0.00760	0.02336	0.05956	0.73832	0.02326	0.01064	0.00456	0.00143	0.00223	0.02782	0.00342	0.03680
1	0.01213	0.04226	0.02546	0.00848	0.04483	0.05036	0.00661	0.35089	0.08070	0.07288	0.01102	0.01149	0.04830	0.00476	0.00381	0.00114	0.00394	0.00354	0.00338	0.21402
