[name]
unknown

[dist]
# distance from previous block
# <min> <max>
0	56

[block]
# block no. 0 follows, 66 sequences, length 15
# corresponding to MSA columns:
# 63-77
name=unknown_A
#
# <colnr> <probs for GDERKNQSTAVLIFYWHMCP>
#	G	D	E	R	K	N	Q	S	T	A	V	L	I	F	Y	W	H	M	C	P
0	0.00630	0.03966	0.04992	0.00594	0.00718	0.00467	0.00467	0.00784	0.03341	0.04213	0.10709	0.44434	0.12758	0.02777	0.00507	0.00150	0.00271	0.03157	0.00361	0.04702
1	0.05260	0.08774	0.05355	0.12519	0.13036	0.04922	0.16293	0.07102	0.03518	0.05378	0.00835	0.01053	0.00660	0.00412	0.00423	0.00121	0.03551	0.02077	0.00241	0.08470
2	0.07360	0.00846	0.02062	0.01076	0.14212	0.00870	0.04583	0.12654	0.22537	0.15782	0.04197	0.06274	0.03460	0.00552	0.00413	0.00132	0.00376	0.01648	0.00367	0.00598
3	0.00918	0.15490	0.04829	0.00740	0.00930	0.07684	0.02677	0.07507	0.02393	0.06605	0.04828	0.28884	0.01475	0.00921	0.05942	0.03077	0.01889	0.00612	0.00305	0.02294
4	0.00595	0.00464	0.00525	0.00507	0.00636	0.00427	0.00387	0.06567	0.01051	0.01357	0.26301	0.09081	0.44256	0.00953	0.00481	0.00138	0.00230	0.05264	0.00399	0.00380
5	0.01168	0.04309	0.03653	0.00885	0.01114	0.30333	0.05209	0.14179	0.05376	0.04172	0.16681	0.03844	0.05021	0.00571	0.00413	0.00120	0.00489	0.01640	0.00318	0.00504
6	0.01164	0.01072	0.04147	0.01228	0.03668	0.02839	0.30179	0.30166	0.10055	0.03101	0.01046	0.04168	0.00821	0.00537	0.02589	0.00145	0.00537	0.01627	0.00312	0.00598
7	0.00596	0.00441	0.00611	0.00579	0.00631	0.00449	0.04894	0.00671	0.00684	0.00934	0.06235	0.09984	0.03553	0.45842	0.21764	0.00399	0.00548	0.00613	0.00264	0.00309
8	0.00691	0.00634	0.00638	0.00686	0.03685	0.11190	0.00509	0.00828	0.00968	0.01188	0.14020	0.14597	0.27024	0.00954	0.00487	0.00147	0.00327	0.20688	0.00358	0.00381
9	0.01379	0.00831	0.11503	0.00733	0.01038	0.00624	0.00666	0.03853	0.03928	0.50259	0.11344	0.01743	0.09106	0.00577	0.00420	0.00128	0.00348	0.00476	0.00435	0.00607
10	0.01473	0.01342	0.01057	0.00904	0.01146	0.38685	0.00700	0.16459	0.10495	0.17417	0.01032	0.01094	0.00779	0.05030	0.00478	0.00131	0.00539	0.00349	0.00327	0.00561
11	0.02722	0.16428	0.08396	0.00715	0.00959	0.00836	0.01943	0.09107	0.07360	0.10358	0.17889	0.06781	0.05319	0.02015	0.04156	0.03302	0.00386	0.00495	0.00333	0.00500
12	0.19412	0.28903	0.07854	0.00820	0.03124	0.16540	0.00723	0.04069	0.03164	0.05888	0.02060	0.00816	0.00616	0.00401	0.00329	0.00108	0.01721	0.00269	0.00236	0.02946
13	0.03819	0.08108	0.02366	0.00697	0.00884	0.05847	0.00568	0.09547	0.09264	0.05270	0.17163	0.06620	0.12251	0.00848	0.06571	0.00166	0.05941	0.00532	0.00338	0.03198
14	0.01235	0.15752	0.12427	0.00884	0.01173	0.30284	0.00787	0.08601	0.01046	0.08660	0.00823	0.00990	0.00672	0.05380	0.06551	0.00163	0.00595	0.00312	0.00246	0.03417

[dist]
# distance from previous block
# <min> <max>
0	12

[block]
# block no. 1 follows, 66 sequences, length 8
# corresponding to MSA columns:
# 90-97
name=unknown_B
#
# <colnr> <probs for GDERKNQSTAVLIFYWHMCP>
#	G	D	E	R	K	N	Q	S	T	A	V	L	I	F	Y	W	H	M	C	P
0	0.06227	0.02322	0.09045	0.07279	0.10899	0.02658	0.04652	0.18294	0.11889	0.09915	0.04053	0.05925	0.00982	0.02198	0.00436	0.00133	0.00429	0.00429	0.01657	0.00578
1	0.05866	0.04165	0.13213	0.07019	0.19787	0.10678	0.12028	0.06136	0.05986	0.04171	0.02734	0.01022	0.00705	0.00423	0.00438	0.00126	0.04337	0.00360	0.00239	0.00564
2	0.00535	0.00415	0.00484	0.00514	0.00598	0.00386	0.00363	0.00694	0.05942	0.01154	0.12120	0.37612	0.31378	0.05179	0.00568	0.00160	0.00233	0.00928	0.00381	0.00356
3	0.01521	0.00768	0.00917	0.00736	0.01008	0.03529	0.00595	0.13169	0.07902	0.50549	0.05339	0.04844	0.03968	0.00564	0.00414	0.00127	0.00351	0.00461	0.02609	0.00631
4	0.03069	0.17969	0.18717	0.03488	0.09971	0.12964	0.02314	0.12825	0.01084	0.06096	0.00880	0.03742	0.00729	0.02585	0.00446	0.00133	0.01784	0.00356	0.00262	0.00586
5	0.00874	0.02255	0.06597	0.04006	0.06959	0.02232	0.06172	0.08774	0.00961	0.09172	0.03411	0.30880	0.03845	0.04339	0.03611	0.00172	0.02260	0.02686	0.00325	0.00468
6	0.00511	0.00401	0.00448	0.00458	0.00555	0.00353	0.00327	0.00614	0.00909	0.01154	0.18244	0.16765	0.47108	0.09547	0.00645	0.00165	0.00227	0.00855	0.00377	0.00338
7	0.03283	0.06524	0.16914	0.00929	0.03049	0.06873	0.05294	0.10775	0.11886	0.11194	0.09932	0.01460	0.04684	0.00532	0.00433	0.00127	0.02979	0.02249	0.00320	0.00562

[dist]
# distance from previous block
# <min> <max>
0	3

[block]
# block no. 2 follows, 66 sequences, length 38
# corresponding to MSA columns:
# 101-138
name=unknown_C
#
# <colnr> <probs for GDERKNQSTAVLIFYWHMCP>
#	G	D	E	R	K	N	Q	S	T	A	V	L	I	F	Y	W	H	M	C	P
0	0.20530	0.10931	0.02561	0.07459	0.30366	0.13753	0.01915	0.01288	0.01890	0.02466	0.00689	0.00858	0.00565	0.00389	0.00373	0.00118	0.02798	0.00300	0.00214	0.00536
1	0.02327	0.08282	0.19670	0.05673	0.22261	0.03782	0.13196	0.09667	0.04027	0.01394	0.00829	0.01067	0.00664	0.00419	0.00423	0.00126	0.02605	0.02780	0.00227	0.00582
2	0.00683	0.00449	0.00552	0.00553	0.00655	0.00421	0.00403	0.02070	0.03762	0.09274	0.13988	0.30372	0.20769	0.07301	0.04240	0.00186	0.00292	0.03257	0.00384	0.00389
3	0.01101	0.01003	0.04496	0.10509	0.34486	0.01036	0.01001	0.20689	0.18422	0.01666	0.00996	0.01108	0.00764	0.00437	0.00405	0.00126	0.00450	0.00381	0.00291	0.00632
4	0.00499	0.00357	0.00468	0.00555	0.00580	0.00333	0.00368	0.00567	0.00771	0.01025	0.02233	0.79293	0.04574	0.05551	0.00595	0.00176	0.00243	0.01118	0.00370	0.00326
5	0.00505	0.00367	0.00476	0.00543	0.00587	0.00339	0.00371	0.00596	0.00845	0.01128	0.14312	0.65825	0.10240	0.01184	0.00509	0.00157	0.00226	0.01064	0.00387	0.00339
6	0.01003	0.23378	0.23020	0.04359	0.04032	0.07579	0.18919	0.03771	0.00917	0.02521	0.00756	0.02148	0.00619	0.03090	0.00448	0.00127	0.02224	0.00346	0.00202	0.00539
7	0.00539	0.00387	0.00470	0.00495	0.00542	0.00363	0.00328	0.00619	0.00820	0.01096	0.19798	0.30989	0.13259	0.27304	0.00983	0.00224	0.00271	0.00848	0.00351	0.00317
8	0.00525	0.00413	0.00475	0.00459	0.00576	0.00362	0.00344	0.00671	0.01033	0.01353	0.42354	0.03481	0.44642	0.00931	0.00479	0.00132	0.00199	0.00797	0.00411	0.00362
9	0.00779	0.00803	0.05636	0.03710	0.12214	0.00721	0.22944	0.02381	0.04513	0.01328	0.14329	0.10084	0.10681	0.00668	0.00468	0.00139	0.00429	0.07388	0.00302	0.00482
10	0.09668	0.02275	0.00913	0.00767	0.01896	0.07413	0.00600	0.21991	0.06740	0.18728	0.04085	0.12795	0.01165	0.02608	0.00460	0.00135	0.02386	0.00482	0.04341	0.00551
11	0.00530	0.00367	0.00484	0.00564	0.00602	0.00340	0.00384	0.00609	0.00805	0.02967	0.04418	0.76268	0.06165	0.01228	0.00513	0.00162	0.00238	0.02632	0.00381	0.00341
12	0.45410	0.00812	0.01005	0.22207	0.21130	0.00921	0.00806	0.01166	0.00777	0.01504	0.00652	0.00849	0.00514	0.00380	0.00326	0.00127	0.00411	0.00289	0.00221	0.00491
13	0.02278	0.37124	0.13821	0.02664	0.02568	0.04439	0.02149	0.06003	0.02015	0.04002	0.00704	0.00805	0.00574	0.00377	0.00348	0.00099	0.03085	0.00268	0.00217	0.16459
14	0.02257	0.05724	0.03772	0.03815	0.02314	0.03108	0.02118	0.06018	0.08618	0.02785	0.01073	0.03600	0.02199	0.07301	0.31793	0.00347	0.12029	0.00429	0.00251	0.00450
15	0.00512	0.00382	0.00470	0.00531	0.00591	0.00351	0.00375	0.00597	0.00818	0.01051	0.02667	0.49705	0.24367	0.07334	0.00624	0.00176	0.00252	0.08499	0.00367	0.00331
16	0.00909	0.00776	0.00826	0.00755	0.00958	0.00876	0.00582	0.01848	0.65928	0.01608	0.07337	0.05562	0.08989	0.00645	0.00428	0.00138	0.00298	0.00544	0.00410	0.00583
17	0.01454	0.11750	0.04233	0.02837	0.01262	0.03840	0.00779	0.56246	0.03155	0.09039	0.00963	0.00969	0.00691	0.00464	0.00386	0.00118	0.00451	0.00346	0.00365	0.00652
18	0.02111	0.35167	0.33202	0.00879	0.01306	0.01160	0.02110	0.04625	0.02378	0.01245	0.05506	0.00919	0.00738	0.00397	0.00336	0.00107	0.00474	0.00295	0.00209	0.06837
19	0.02815	0.44342	0.13225	0.00858	0.01211	0.11482	0.03373	0.09997	0.05267	0.01247	0.00773	0.00847	0.02191	0.00401	0.00325	0.00105	0.00490	0.00283	0.00222	0.00546
20	0.04344	0.36824	0.13514	0.00869	0.01205	0.06197	0.05379	0.07760	0.05368	0.03717	0.00810	0.04818	0.00694	0.00444	0.00383	0.00112	0.04304	0.00328	0.00233	0.02697
21	0.07032	0.02389	0.07368	0.03725	0.07162	0.01972	0.00701	0.15326	0.09732	0.05574	0.11158	0.14676	0.03945	0.00667	0.00445	0.00134	0.02444	0.03197	0.00342	0.02012
22	0.00839	0.06751	0.14842	0.02037	0.05973	0.04223	0.01970	0.05527	0.15052	0.02599	0.03501	0.06610	0.25185	0.00681	0.00426	0.00131	0.00378	0.02456	0.00316	0.00503
23	0.00799	0.00720	0.01208	0.82110	0.02739	0.00892	0.01110	0.01066	0.00822	0.03643	0.00749	0.01091	0.00555	0.00409	0.00406	0.00135	0.00535	0.00362	0.00190	0.00458
24	0.01009	0.00873	0.02164	0.05543	0.15322	0.00878	0.16542	0.17682	0.07798	0.04230	0.04511	0.10990	0.03694	0.00573	0.00439	0.00132	0.00442	0.03227	0.00312	0.03638
25	0.03662	0.01003	0.02858	0.11264	0.41200	0.09520	0.04284	0.03803	0.04142	0.01313	0.00837	0.01099	0.00692	0.00461	0.01713	0.00133	0.04163	0.01937	0.05358	0.00560
26	0.16216	0.00819	0.00954	0.00744	0.01050	0.00816	0.00614	0.22056	0.01272	0.49403	0.01269	0.01158	0.00831	0.00477	0.00381	0.00125	0.00366	0.00366	0.00436	0.00648
27	0.00562	0.00426	0.00527	0.00576	0.00651	0.00410	0.00419	0.00755	0.07804	0.01188	0.11635	0.47048	0.15674	0.01104	0.00503	0.00156	0.00248	0.09559	0.00387	0.00369
28	0.07735	0.04570	0.08980	0.06446	0.02681	0.07275	0.11573	0.10893	0.08594	0.02701	0.00917	0.03053	0.00753	0.00544	0.01820	0.00142	0.13689	0.02224	0.04886	0.00523
29	0.00737	0.00405	0.00436	0.00434	0.00523	0.00412	0.00320	0.03364	0.00847	0.01422	0.01359	0.07774	0.01175	0.05859	0.06904	0.00162	0.00282	0.00452	0.66758	0.00375
30	0.00506	0.00367	0.00481	0.00566	0.00604	0.00341	0.00392	0.00590	0.00806	0.01065	0.04117	0.72321	0.08166	0.01234	0.00517	0.00164	0.00242	0.06806	0.00378	0.00335
31	0.03814	0.01046	0.01126	0.00878	0.01187	0.02849	0.00721	0.59421	0.06800	0.14661	0.02674	0.01096	0.00822	0.00496	0.00403	0.00123	0.00421	0.00379	0.00413	0.00670
32	0.07275	0.05244	0.07493	0.05807	0.01205	0.04977	0.04450	0.19331	0.12136	0.10549	0.02602	0.01433	0.09150	0.00544	0.00418	0.01863	0.00412	0.01257	0.03302	0.00555
33	0.00684	0.00549	0.00615	0.00576	0.00723	0.00555	0.00441	0.02489	0.22822	0.01493	0.33245	0.02858	0.26429	0.00808	0.00459	0.00134	0.00239	0.02531	0.01905	0.00445
34	0.00498	0.00357	0.00467	0.00553	0.00580	0.00333	0.00367	0.00567	0.00773	0.01026	0.02263	0.78111	0.05832	0.05452	0.00593	0.00175	0.00242	0.01114	0.00370	0.00326
35	0.15636	0.02077	0.09230	0.05237	0.07239	0.03955	0.10150	0.15904	0.03890	0.14354	0.02058	0.03706	0.00778	0.00463	0.00404	0.00128	0.02104	0.00382	0.01735	0.00571
36	0.02651	0.06714	0.07337	0.04895	0.13530	0.17547	0.09306	0.03965	0.06700	0.06341	0.00921	0.04793	0.00763	0.00518	0.01886	0.00134	0.06931	0.00384	0.04147	0.00534
37	0.00531	0.00420	0.01830	0.00558	0.00627	0.00375	0.00402	0.01870	0.02151	0.01130	0.07857	0.58058	0.17709	0.01154	0.00504	0.00156	0.00242	0.03696	0.00379	0.00352

[dist]
# distance from previous block
# <min> <max>
1	27

[block]
# block no. 3 follows, 66 sequences, length 17
# corresponding to MSA columns:
# 166-182
name=unknown_D
#
# <colnr> <probs for GDERKNQSTAVLIFYWHMCP>
#	G	D	E	R	K	N	Q	S	T	A	V	L	I	F	Y	W	H	M	C	P
0	0.06023	0.00830	0.01155	0.05264	0.28997	0.02934	0.04053	0.05330	0.12262	0.04537	0.07763	0.04492	0.07932	0.02041	0.00471	0.00133	0.03045	0.00472	0.00295	0.01972
1	0.00501	0.00359	0.00475	0.00565	0.00593	0.00336	0.00382	0.00575	0.00782	0.01038	0.02257	0.79092	0.04528	0.03055	0.00551	0.00170	0.00243	0.03797	0.00374	0.00330
2	0.01058	0.00918	0.01043	0.03456	0.09218	0.08808	0.03673	0.23343	0.14636	0.01600	0.01299	0.16977	0.01208	0.02746	0.03279	0.00157	0.00443	0.03251	0.00334	0.02555
3	0.03062	0.00887	0.01293	0.20515	0.38552	0.05063	0.01001	0.05994	0.00959	0.04064	0.00972	0.05118	0.03157	0.00459	0.00402	0.00123	0.00465	0.01809	0.00239	0.05867
4	0.01266	0.01417	0.01561	0.05406	0.07467	0.38123	0.25225	0.05224	0.01075	0.05035	0.00758	0.00925	0.00591	0.00409	0.00445	0.00121	0.03847	0.00354	0.00228	0.00525
5	0.00997	0.53515	0.24007	0.00938	0.01360	0.01359	0.10442	0.01244	0.00849	0.01084	0.00638	0.00758	0.00530	0.00357	0.00320	0.00104	0.00508	0.00270	0.00177	0.00545
6	0.00572	0.00428	0.00494	0.00480	0.00593	0.00394	0.00359	0.00769	0.04842	0.01395	0.38868	0.07601	0.32295	0.00881	0.00461	0.00131	0.00205	0.00757	0.08097	0.00377
7	0.07826	0.03683	0.06956	0.00957	0.01263	0.14639	0.08521	0.27056	0.08830	0.09528	0.00983	0.02533	0.00738	0.00464	0.00402	0.00122	0.01710	0.00365	0.01539	0.01885
8	0.00584	0.00429	0.00566	0.00542	0.00631	0.00411	0.00411	0.00766	0.01104	0.01559	0.72705	0.06913	0.03599	0.00861	0.00511	0.00134	0.02836	0.04624	0.00431	0.00382
9	0.00524	0.00395	0.00489	0.00537	0.00614	0.00360	0.00396	0.00638	0.00897	0.01166	0.14869	0.38319	0.26209	0.01113	0.00507	0.00154	0.00239	0.11842	0.00387	0.00347
10	0.00680	0.00476	0.00552	0.00541	0.00628	0.00470	0.00381	0.06468	0.05205	0.03285	0.13050	0.21309	0.13787	0.24149	0.00904	0.00210	0.00291	0.02636	0.04608	0.00370
11	0.03483	0.32332	0.19284	0.01099	0.07737	0.05744	0.10867	0.07775	0.05743	0.01294	0.00746	0.00858	0.00594	0.00384	0.00351	0.00112	0.00511	0.00307	0.00216	0.00566
12	0.00590	0.00393	0.00442	0.00442	0.00442	0.00393	0.00246	0.00590	0.00590	0.00787	0.01278	0.02655	0.01475	0.85742	0.02065	0.00393	0.00393	0.00590	0.00246	0.00246
13	0.00569	0.00404	0.00552	0.00578	0.00624	0.00432	0.00414	0.00667	0.00685	0.00960	0.01453	0.22837	0.01567	0.20284	0.40206	0.00441	0.00672	0.02837	0.03487	0.00330
14	0.00879	0.00661	0.00927	0.00889	0.07328	0.02528	0.09596	0.10393	0.01030	0.09372	0.07298	0.27479	0.11134	0.03300	0.00512	0.00148	0.00353	0.03456	0.02252	0.00464
15	0.08014	0.09339	0.05115	0.00938	0.04233	0.14739	0.00766	0.38124	0.03465	0.07729	0.03135	0.00974	0.00740	0.00457	0.00375	0.00117	0.00473	0.00335	0.00329	0.00603
16	0.00969	0.00925	0.01563	0.14795	0.68960	0.00956	0.01211	0.01238	0.03071	0.01292	0.00780	0.01029	0.00643	0.00373	0.00403	0.00123	0.00487	0.00364	0.00203	0.00614

[dist]
# distance from previous block
# <min> <max>
0	4

[block]
# block no. 4 follows, 66 sequences, length 23
# corresponding to MSA columns:
# 187,190-211
name=unknown_E
#
# <colnr> <probs for GDERKNQSTAVLIFYWHMCP>
#	G	D	E	R	K	N	Q	S	T	A	V	L	I	F	Y	W	H	M	C	P
0	0.00624	0.00469	0.00530	0.00548	0.00606	0.02293	0.00371	0.04664	0.03403	0.01079	0.04846	0.34215	0.10694	0.29890	0.01028	0.00235	0.00313	0.03522	0.00333	0.00337
1	0.00995	0.45925	0.21599	0.00817	0.01194	0.02704	0.02101	0.04163	0.03950	0.02953	0.03831	0.01073	0.06284	0.00437	0.00333	0.00107	0.00453	0.00322	0.00222	0.00537
2	0.01061	0.78420	0.04336	0.00761	0.02722	0.01536	0.02407	0.01206	0.00829	0.00980	0.00613	0.02437	0.00570	0.00368	0.00277	0.00091	0.00440	0.00247	0.00179	0.00522
3	0.02402	0.07703	0.15769	0.01031	0.11059	0.04663	0.03048	0.12041	0.13064	0.01429	0.03024	0.07750	0.08275	0.06346	0.00518	0.00145	0.00430	0.00477	0.00290	0.00536
4	0.03323	0.08656	0.07680	0.00869	0.07729	0.04708	0.02012	0.04882	0.02392	0.11876	0.06037	0.09862	0.03994	0.03192	0.10409	0.00188	0.00472	0.00464	0.00296	0.10960
5	0.02473	0.00577	0.00601	0.00566	0.00697	0.02866	0.00430	0.13817	0.05861	0.01584	0.05986	0.18858	0.01485	0.00671	0.00376	0.00120	0.00268	0.01828	0.40500	0.00437
6	0.00754	0.00523	0.00643	0.00645	0.00750	0.00534	0.00491	0.03682	0.12089	0.07035	0.07082	0.24256	0.06917	0.12551	0.00724	0.00189	0.01987	0.18361	0.00373	0.00415
7	0.03721	0.04107	0.03191	0.07510	0.33631	0.04165	0.11109	0.02563	0.03903	0.04584	0.04240	0.06406	0.06654	0.00505	0.00432	0.00128	0.01886	0.00463	0.00255	0.00548
8	0.00884	0.05318	0.40567	0.01088	0.01486	0.03749	0.11578	0.02487	0.00849	0.02833	0.00774	0.01006	0.00618	0.03497	0.07003	0.00178	0.10222	0.00344	0.00198	0.05320
9	0.02703	0.00605	0.00682	0.00609	0.00790	0.00610	0.00473	0.04844	0.22430	0.10814	0.25769	0.02540	0.24004	0.00748	0.00446	0.00132	0.00261	0.00631	0.00419	0.00490
10	0.02328	0.00369	0.00472	0.00548	0.00583	0.00351	0.00368	0.00593	0.00775	0.01056	0.03612	0.71309	0.05544	0.06506	0.01952	0.00183	0.00258	0.01056	0.01807	0.00329
11	0.05879	0.08696	0.04743	0.04327	0.03998	0.13084	0.07858	0.12950	0.03457	0.04300	0.05312	0.06133	0.05326	0.01731	0.03368	0.00149	0.06279	0.01621	0.00282	0.00506
12	0.57681	0.00822	0.00760	0.00635	0.00908	0.00907	0.00522	0.13495	0.02690	0.16960	0.00840	0.00857	0.00598	0.00420	0.00307	0.00125	0.00340	0.00281	0.00324	0.00528
13	0.00518	0.00379	0.00463	0.00521	0.00567	0.00351	0.00354	0.00588	0.00781	0.01012	0.02437	0.49123	0.18839	0.16828	0.00798	0.00203	0.00266	0.05302	0.00352	0.00319
14	0.03536	0.05166	0.05163	0.08388	0.07928	0.24265	0.00811	0.17936	0.06262	0.06127	0.01026	0.03785	0.03557	0.00582	0.03585	0.00140	0.00537	0.00375	0.00285	0.00546
15	0.01303	0.00923	0.00975	0.00815	0.01924	0.06939	0.00645	0.34714	0.08918	0.15513	0.01418	0.05705	0.06752	0.00670	0.03647	0.00146	0.02185	0.00452	0.05768	0.00589
16	0.00501	0.00370	0.00470	0.00540	0.00590	0.00339	0.00373	0.00587	0.00828	0.01085	0.07064	0.63968	0.17039	0.01199	0.00510	0.00158	0.00232	0.03430	0.00380	0.00336
17	0.00717	0.00496	0.00591	0.00560	0.00693	0.00474	0.00427	0.04932	0.06984	0.07396	0.30453	0.14044	0.23451	0.00885	0.00470	0.00137	0.00243	0.04443	0.02183	0.00421
18	0.11931	0.07685	0.04710	0.03990	0.10943	0.04097	0.08124	0.08700	0.09429	0.02742	0.03262	0.13503	0.01247	0.00692	0.00505	0.00166	0.02718	0.01858	0.01770	0.01929
19	0.00692	0.00476	0.00634	0.00704	0.02599	0.00478	0.00554	0.01931	0.02371	0.03328	0.01858	0.07935	0.01996	0.18601	0.02289	0.00229	0.00379	0.49482	0.03097	0.00368
20	0.01101	0.13624	0.03959	0.03744	0.39398	0.06982	0.04969	0.08163	0.05050	0.04271	0.02476	0.01008	0.00718	0.00397	0.00382	0.00116	0.00482	0.00348	0.00241	0.02572
21	0.04481	0.00943	0.00943	0.05450	0.02176	0.20113	0.04048	0.06199	0.00941	0.10498	0.00971	0.01276	0.00816	0.09563	0.11878	0.01783	0.07067	0.00378	0.10017	0.00457
22	0.00580	0.00409	0.00470	0.00472	0.00510	0.00398	0.00297	0.02132	0.00728	0.00960	0.07945	0.11587	0.13787	0.53682	0.04093	0.00314	0.00356	0.00691	0.00296	0.00291

[dist]
# distance from previous block
# <min> <max>
2	7

[block]
# block no. 5 follows, 66 sequences, length 36
# corresponding to MSA columns:
# 221-256
name=unknown_F
#
# <colnr> <probs for GDERKNQSTAVLIFYWHMCP>
#	G	D	E	R	K	N	Q	S	T	A	V	L	I	F	Y	W	H	M	C	P
0	0.00715	0.00507	0.00593	0.00562	0.00699	0.00489	0.00423	0.03511	0.11535	0.07669	0.25928	0.15895	0.26791	0.00921	0.01764	0.00145	0.00253	0.00760	0.00410	0.00429
1	0.02988	0.04889	0.18021	0.04882	0.14709	0.05485	0.05198	0.08235	0.07055	0.05986	0.04935	0.02882	0.08494	0.00540	0.01449	0.00132	0.00465	0.01108	0.00278	0.02269
2	0.01051	0.07884	0.05324	0.02798	0.24231	0.05450	0.05731	0.08184	0.10489	0.05472	0.02349	0.05183	0.02436	0.00492	0.00470	0.00125	0.07012	0.00410	0.00271	0.04639
3	0.00529	0.00405	0.00487	0.00520	0.00601	0.00374	0.00370	0.00680	0.04467	0.01202	0.19181	0.41262	0.26277	0.01079	0.00494	0.00148	0.00221	0.00951	0.00392	0.00358
4	0.00526	0.00384	0.00498	0.00574	0.00615	0.00367	0.00394	0.00656	0.04559	0.01107	0.07144	0.73300	0.04270	0.01203	0.00511	0.00161	0.00239	0.02760	0.00382	0.00348
5	0.04601	0.08310	0.09398	0.05408	0.16194	0.18178	0.10569	0.04938	0.11351	0.03784	0.00881	0.02326	0.00699	0.00426	0.00396	0.00122	0.01255	0.00358	0.00246	0.00561
6	0.05234	0.00755	0.00875	0.02469	0.08400	0.04384	0.00600	0.14672	0.06497	0.12928	0.03167	0.11648	0.06997	0.12067	0.00686	0.02019	0.02633	0.00529	0.00339	0.03101
7	0.00503	0.00371	0.00469	0.00531	0.00581	0.00339	0.00364	0.00593	0.00842	0.01112	0.12341	0.60836	0.15630	0.02798	0.00537	0.00160	0.00228	0.01044	0.00383	0.00336
8	0.02700	0.00866	0.04122	0.03581	0.19917	0.04150	0.06890	0.14532	0.04843	0.02404	0.11016	0.12313	0.02810	0.06229	0.00541	0.00149	0.00416	0.01693	0.00309	0.00519
9	0.04044	0.30771	0.23326	0.01066	0.08691	0.09140	0.04409	0.03654	0.06404	0.03854	0.00760	0.00854	0.00600	0.00389	0.00344	0.00112	0.00507	0.00294	0.00216	0.00564
10	0.02881	0.09929	0.19452	0.01268	0.16359	0.13871	0.08072	0.07157	0.00990	0.02405	0.02352	0.02682	0.03137	0.02179	0.03276	0.00144	0.01581	0.01491	0.00230	0.00543
11	0.00576	0.00432	0.00632	0.00630	0.00704	0.00491	0.00486	0.00719	0.00692	0.00988	0.06601	0.01792	0.03945	0.04854	0.73813	0.00594	0.00981	0.00472	0.00238	0.00360
12	0.01069	0.21936	0.13992	0.01074	0.03557	0.14468	0.16181	0.07019	0.02996	0.02334	0.03821	0.03889	0.02688	0.00455	0.00408	0.00118	0.02849	0.00378	0.00234	0.00532
13	0.00973	0.00803	0.00959	0.00729	0.01055	0.02358	0.04073	0.14180	0.01041	0.02988	0.00922	0.01252	0.00794	0.00420	0.00354	0.00088	0.00358	0.08247	0.00283	0.58121
14	0.06951	0.02704	0.01224	0.11272	0.23793	0.07178	0.00881	0.17203	0.16778	0.04813	0.01004	0.02722	0.00783	0.00456	0.00392	0.00125	0.00447	0.00378	0.00298	0.00596
15	0.04983	0.03150	0.07606	0.06193	0.29999	0.10414	0.11243	0.16863	0.01125	0.01524	0.02583	0.00993	0.00678	0.00405	0.00399	0.00122	0.00526	0.00360	0.00246	0.00589
16	0.00854	0.00833	0.00932	0.00856	0.02494	0.13263	0.02609	0.02182	0.00737	0.00965	0.00909	0.04334	0.00936	0.23280	0.14842	0.00297	0.28622	0.00446	0.00218	0.00389
17	0.00617	0.00524	0.00561	0.00606	0.00674	0.07440	0.00422	0.00743	0.03634	0.01120	0.09516	0.62650	0.04834	0.01094	0.00489	0.00151	0.00277	0.00976	0.00366	0.03306
18	0.01689	0.00748	0.01135	0.00856	0.01181	0.00662	0.11414	0.01890	0.02718	0.70942	0.01498	0.01345	0.00957	0.00482	0.00418	0.00127	0.00390	0.00418	0.00461	0.00670
19	0.02417	0.00837	0.01112	0.04375	0.16751	0.00816	0.00754	0.20009	0.01222	0.30630	0.03914	0.02547	0.00911	0.00465	0.00395	0.00117	0.00389	0.00387	0.00370	0.11582
20	0.02721	0.00669	0.00710	0.00649	0.00814	0.03507	0.00498	0.03678	0.32050	0.01595	0.34906	0.02376	0.12761	0.00715	0.00443	0.00132	0.00271	0.00607	0.00411	0.00489
21	0.00766	0.00721	0.01217	0.84767	0.02794	0.00901	0.01127	0.01037	0.00811	0.01037	0.00721	0.01082	0.00541	0.00406	0.00406	0.00135	0.00541	0.00361	0.00180	0.00451
22	0.00626	0.00498	0.00674	0.00659	0.00715	0.02488	0.00499	0.00740	0.00654	0.00923	0.01092	0.03966	0.01083	0.16258	0.59598	0.00544	0.07937	0.00469	0.00223	0.00352
23	0.00737	0.00912	0.18628	0.02732	0.09497	0.00675	0.05497	0.04353	0.00853	0.01184	0.06873	0.11873	0.07290	0.15626	0.06415	0.02500	0.03095	0.00557	0.00261	0.00442
24	0.14999	0.00725	0.00810	0.00662	0.00925	0.00713	0.00534	0.09884	0.10853	0.23816	0.08646	0.01590	0.08619	0.00544	0.00383	0.00119	0.00316	0.01794	0.00384	0.13686
25	0.00583	0.00393	0.00458	0.00465	0.00471	0.00397	0.00272	0.00597	0.00607	0.00814	0.01330	0.08131	0.01526	0.74636	0.07369	0.00395	0.00428	0.00617	0.00253	0.00259
26	0.00958	0.03808	0.13062	0.05741	0.08885	0.08546	0.18777	0.05782	0.05245	0.04029	0.05591	0.13937	0.01127	0.00560	0.00449	0.00133	0.02065	0.00512	0.00269	0.00524
27	0.00520	0.00414	0.00456	0.00473	0.00581	0.00370	0.00344	0.00665	0.04099	0.01162	0.10398	0.23767	0.50904	0.01037	0.00481	0.00142	0.00216	0.00890	0.02725	0.00356
28	0.00510	0.00370	0.00484	0.00566	0.00608	0.00344	0.00395	0.00597	0.00816	0.01077	0.05265	0.68587	0.09530	0.01222	0.00517	0.00163	0.00243	0.07991	0.00379	0.00336
29	0.02324	0.22209	0.15516	0.07804	0.10320	0.13099	0.09252	0.07326	0.01000	0.05139	0.01966	0.00909	0.00628	0.00395	0.00367	0.00115	0.00536	0.00319	0.00223	0.00555
30	0.08478	0.03693	0.01081	0.08779	0.08820	0.14051	0.02031	0.11301	0.17054	0.07051	0.03192	0.03964	0.03303	0.00595	0.03250	0.00144	0.01957	0.00406	0.00308	0.00546
31	0.00580	0.00424	0.00495	0.00513	0.00616	0.00385	0.00376	0.00723	0.03820	0.04587	0.10678	0.28154	0.38422	0.03562	0.00537	0.00154	0.00237	0.04985	0.00386	0.00366
32	0.00587	0.00425	0.00561	0.04157	0.00706	0.00439	0.00423	0.00714	0.03526	0.02158	0.06363	0.38492	0.04459	0.16896	0.15459	0.00285	0.01484	0.00802	0.01718	0.00346
33	0.05664	0.15172	0.17213	0.03393	0.05499	0.10531	0.03814	0.05130	0.12959	0.03328	0.04384	0.02832	0.05638	0.00491	0.00398	0.00122	0.02243	0.00386	0.00265	0.00540
34	0.02402	0.00995	0.01221	0.19692	0.24245	0.15339	0.02346	0.02422	0.06747	0.06648	0.01007	0.05204	0.02803	0.00485	0.00446	0.00128	0.04539	0.00405	0.02397	0.00531
35	0.05906	0.03602	0.00949	0.00873	0.06489	0.04785	0.03299	0.02348	0.00704	0.01014	0.00895	0.02968	0.00928	0.28686	0.07512	0.03736	0.24264	0.00439	0.00219	0.00386

[dist]
# distance from previous block
# <min> <max>
3	16

[block]
# block no. 6 follows, 66 sequences, length 38
# corresponding to MSA columns:
# 278-315
name=unknown_G
#
# <colnr> <probs for GDERKNQSTAVLIFYWHMCP>
#	G	D	E	R	K	N	Q	S	T	A	V	L	I	F	Y	W	H	M	C	P
0	0.00665	0.04340	0.02473	0.00648	0.01865	0.01812	0.01853	0.02902	0.00843	0.03884	0.05242	0.38149	0.08032	0.10547	0.07855	0.00221	0.00379	0.07578	0.00335	0.00376
1	0.04502	0.02549	0.05760	0.00946	0.01220	0.34400	0.04573	0.15504	0.04612	0.13784	0.00984	0.01952	0.02198	0.00465	0.00398	0.00117	0.01863	0.00344	0.02113	0.01715
2	0.02931	0.43958	0.12816	0.00911	0.03265	0.12089	0.04990	0.05032	0.02290	0.04315	0.00754	0.00841	0.02072	0.00396	0.00342	0.00105	0.01857	0.00283	0.00213	0.00539
3	0.03874	0.01921	0.06216	0.00804	0.05290	0.03601	0.02768	0.05467	0.01837	0.05234	0.01692	0.49964	0.01867	0.00973	0.01838	0.00157	0.02096	0.02460	0.00335	0.01605
4	0.00606	0.00430	0.00508	0.00506	0.00544	0.00443	0.00328	0.00711	0.05303	0.00925	0.04432	0.03744	0.06039	0.57550	0.13445	0.00382	0.00467	0.03064	0.00272	0.00300
5	0.00591	0.00425	0.00492	0.00474	0.00599	0.00371	0.00356	0.00727	0.01011	0.05986	0.32504	0.08077	0.45037	0.00939	0.00477	0.00135	0.00210	0.00803	0.00409	0.00376
6	0.01100	0.03056	0.24132	0.04620	0.27722	0.16478	0.04682	0.04722	0.03176	0.05343	0.00799	0.00944	0.00613	0.00396	0.00392	0.00121	0.00559	0.00333	0.00222	0.00589
7	0.07970	0.00805	0.00863	0.00743	0.00982	0.02102	0.00588	0.07878	0.42373	0.18673	0.03243	0.01401	0.01114	0.00519	0.00387	0.00128	0.00325	0.00418	0.08881	0.00606
8	0.00589	0.00399	0.00472	0.00472	0.00482	0.00409	0.00282	0.00609	0.00599	0.00808	0.01252	0.02506	0.01411	0.74167	0.13551	0.00430	0.00490	0.00568	0.00242	0.00262
9	0.00524	0.00414	0.00477	0.00511	0.00603	0.00380	0.00367	0.00679	0.05508	0.01135	0.07206	0.37636	0.39178	0.01093	0.00493	0.00149	0.00227	0.02679	0.00382	0.00357
10	0.02133	0.00966	0.01177	0.06589	0.04406	0.08947	0.01841	0.11790	0.02810	0.02656	0.02269	0.05074	0.00755	0.00677	0.02471	0.00163	0.44151	0.00398	0.00239	0.00489
11	0.00528	0.00406	0.00474	0.00476	0.00581	0.00360	0.00353	0.00665	0.00991	0.01304	0.33876	0.13382	0.39066	0.00971	0.00481	0.00137	0.00208	0.02933	0.02450	0.00358
12	0.04401	0.00745	0.00928	0.00729	0.01022	0.00706	0.00597	0.13260	0.06231	0.57459	0.03769	0.01495	0.05691	0.00537	0.00409	0.00126	0.00345	0.00433	0.00466	0.00652
13	0.04269	0.01179	0.01133	0.00979	0.04227	0.19871	0.03663	0.28261	0.18744	0.10098	0.01103	0.02817	0.00830	0.00489	0.00398	0.00123	0.00475	0.00381	0.00352	0.00607
14	0.75252	0.00921	0.00679	0.00604	0.00853	0.10408	0.00488	0.02930	0.00777	0.03253	0.00600	0.00687	0.00465	0.00386	0.00270	0.00123	0.00365	0.00231	0.00254	0.00453
15	0.00814	0.02099	0.83640	0.01156	0.01756	0.00942	0.01499	0.01285	0.00857	0.01285	0.00728	0.00857	0.00514	0.00385	0.00385	0.00128	0.00600	0.00300	0.00171	0.00600
16	0.01004	0.00964	0.01647	0.02490	0.83211	0.00964	0.01245	0.01245	0.00924	0.01325	0.00763	0.01004	0.00643	0.00361	0.00402	0.00120	0.00482	0.00361	0.00201	0.00643
17	0.01085	0.85986	0.02126	0.00694	0.01041	0.01605	0.00694	0.01215	0.00824	0.00955	0.00564	0.00651	0.00521	0.00347	0.00260	0.00087	0.00434	0.00217	0.00174	0.00521
18	0.00841	0.00721	0.00841	0.00601	0.00961	0.00541	0.00481	0.01022	0.00841	0.01322	0.00721	0.00841	0.00601	0.00300	0.00300	0.00060	0.00300	0.00240	0.00240	0.88222
19	0.00809	0.00764	0.01294	0.70086	0.17143	0.00913	0.01148	0.01074	0.00831	0.01088	0.00729	0.01068	0.00559	0.00398	0.00405	0.00133	0.00530	0.00361	0.00184	0.00485
20	0.01516	0.01934	0.01150	0.01045	0.01254	0.84113	0.00784	0.01620	0.01150	0.00993	0.00627	0.00732	0.00523	0.00418	0.00366	0.00105	0.00732	0.00261	0.00209	0.00470
21	0.00494	0.00353	0.00471	0.00565	0.00588	0.00330	0.00377	0.00565	0.00777	0.01036	0.02236	0.85477	0.02683	0.01271	0.00518	0.00165	0.00235	0.01153	0.00377	0.00330
22	0.00517	0.00376	0.00491	0.00572	0.00618	0.00351	0.00406	0.00610	0.00825	0.01086	0.05359	0.63924	0.10554	0.01211	0.00518	0.00164	0.00249	0.11452	0.00379	0.00338
23	0.00697	0.00610	0.05434	0.00687	0.03670	0.01737	0.02513	0.03811	0.03114	0.05980	0.08359	0.25864	0.29260	0.00937	0.00477	0.00144	0.00295	0.05629	0.00366	0.00417
24	0.01487	0.01095	0.01179	0.00909	0.01221	0.01208	0.00749	0.77251	0.01864	0.02504	0.05634	0.01091	0.00868	0.00506	0.00410	0.00122	0.00432	0.00386	0.00408	0.00673
25	0.00590	0.00393	0.00442	0.00442	0.00442	0.00393	0.00246	0.00590	0.00590	0.00787	0.01278	0.02655	0.01475	0.85742	0.02065	0.00393	0.00393	0.00590	0.00246	0.00246
26	0.05513	0.05905	0.05089	0.14655	0.18034	0.07930	0.07134	0.12714	0.06337	0.08529	0.00878	0.01014	0.00664	0.00427	0.00423	0.00125	0.03432	0.00355	0.00266	0.00575
27	0.00507	0.00383	0.00470	0.00536	0.00593	0.00354	0.00368	0.00618	0.03344	0.01071	0.02670	0.63214	0.22008	0.01190	0.00505	0.00157	0.00231	0.01060	0.00378	0.00342
28	0.01444	0.01770	0.01149	0.01029	0.01240	0.71828	0.02924	0.06688	0.01172	0.01104	0.00746	0.05571	0.00659	0.00469	0.00380	0.00110	0.00684	0.00324	0.00231	0.00478
29	0.02168	0.01058	0.11446	0.02417	0.26384	0.00954	0.03871	0.14576	0.17345	0.08820	0.02328	0.01298	0.01992	0.00475	0.00411	0.00129	0.00441	0.02949	0.00311	0.00625
30	0.00903	0.06568	0.04475	0.03318	0.16379	0.02065	0.04237	0.05596	0.07064	0.07085	0.11431	0.08782	0.11303	0.03736	0.00529	0.02195	0.01975	0.00543	0.01315	0.00500
31	0.00493	0.00411	0.00431	0.00430	0.00560	0.00349	0.00323	0.00606	0.00947	0.01155	0.12698	0.05315	0.71547	0.01012	0.00481	0.00137	0.00207	0.02165	0.00384	0.00347
32	0.07379	0.01113	0.00958	0.00828	0.01060	0.20829	0.00647	0.24786	0.18998	0.03349	0.01333	0.06681	0.06649	0.00565	0.00396	0.00124	0.00438	0.00437	0.02877	0.00553
33	0.02161	0.01158	0.13767	0.03788	0.07014	0.03928	0.09481	0.21825	0.17875	0.04944	0.01112	0.03365	0.02312	0.00497	0.00461	0.00132	0.04856	0.00412	0.00311	0.00601
34	0.03562	0.01251	0.04186	0.01113	0.10702	0.28529	0.03373	0.08788	0.14693	0.04051	0.02439	0.02521	0.03869	0.00559	0.01753	0.00134	0.04508	0.03145	0.00286	0.00538
35	0.00550	0.00377	0.00463	0.00505	0.00520	0.00365	0.00316	0.00588	0.00697	0.00932	0.04587	0.39407	0.02094	0.42697	0.01293	0.01697	0.00315	0.01998	0.00312	0.00289
36	0.03438	0.12134	0.11281	0.04027	0.12722	0.13967	0.12766	0.07728	0.08145	0.02578	0.02219	0.00979	0.00693	0.00403	0.00381	0.00116	0.00522	0.00343	0.00242	0.05316
37	0.00874	0.06147	0.03356	0.02559	0.03698	0.18858	0.01847	0.02988	0.00918	0.02310	0.06810	0.04797	0.19347	0.20199	0.00806	0.00184	0.01684	0.00543	0.01673	0.00401

[dist]
# distance from previous block
# <min> <max>
1	13

[block]
# block no. 7 follows, 66 sequences, length 105
# corresponding to MSA columns:
# 329-387,389-411,415-437
name=unknown_H
#
# <colnr> <probs for GDERKNQSTAVLIFYWHMCP>
#	G	D	E	R	K	N	Q	S	T	A	V	L	I	F	Y	W	H	M	C	P
0	0.02956	0.03426	0.16501	0.02582	0.17400	0.11714	0.13429	0.15696	0.03787	0.01501	0.03519	0.01015	0.00721	0.00423	0.00426	0.00124	0.02731	0.00364	0.00249	0.01438
1	0.00665	0.02940	0.00624	0.00587	0.02085	0.01867	0.00387	0.03053	0.02204	0.00931	0.01316	0.10558	0.02723	0.52361	0.11218	0.00354	0.04959	0.00591	0.00258	0.00319
2	0.01948	0.00875	0.02870	0.02911	0.33132	0.04030	0.00850	0.15754	0.01132	0.06166	0.09860	0.07495	0.09225	0.00582	0.00425	0.00127	0.00403	0.01344	0.00312	0.00559
3	0.00988	0.09128	0.46855	0.01123	0.01596	0.06142	0.11265	0.05745	0.08127	0.04006	0.00842	0.00942	0.00617	0.00402	0.00389	0.00125	0.00563	0.00334	0.00223	0.00590
4	0.01040	0.46240	0.21225	0.00988	0.08585	0.01293	0.01782	0.06254	0.01880	0.02493	0.00685	0.00786	0.00561	0.00369	0.00320	0.00102	0.00472	0.00268	0.00201	0.04454
5	0.00510	0.00376	0.00529	0.00601	0.00637	0.00352	0.02715	0.00591	0.00785	0.01046	0.02194	0.81595	0.02618	0.01242	0.00517	0.00164	0.00251	0.02568	0.00372	0.00337
6	0.00590	0.00393	0.00442	0.00442	0.00442	0.00393	0.00246	0.00590	0.00590	0.00787	0.01278	0.02655	0.01475	0.85742	0.02065	0.00393	0.00393	0.00590	0.00246	0.00246
7	0.01085	0.85986	0.02126	0.00694	0.01041	0.01605	0.00694	0.01215	0.00824	0.00955	0.00564	0.00651	0.00521	0.00347	0.00260	0.00087	0.00434	0.00217	0.00174	0.00521
8	0.00804	0.00574	0.00635	0.00576	0.00730	0.04279	0.00442	0.02660	0.09137	0.11257	0.39507	0.04070	0.22153	0.00792	0.00458	0.00130	0.00256	0.00675	0.00420	0.00445
9	0.03326	0.00487	0.00580	0.00581	0.00690	0.00485	0.00424	0.03398	0.09409	0.10092	0.06367	0.42655	0.01990	0.00892	0.00439	0.00140	0.00254	0.00784	0.16578	0.00427
10	0.00590	0.00393	0.00442	0.00442	0.00442	0.00393	0.00246	0.00590	0.00590	0.00787	0.01278	0.02655	0.01475	0.85742	0.02065	0.00393	0.00393	0.00590	0.00246	0.00246
11	0.00825	0.00422	0.00434	0.00414	0.00526	0.00425	0.00315	0.04654	0.00908	0.04094	0.01316	0.01484	0.01023	0.00474	0.00293	0.00097	0.00206	0.00378	0.81309	0.00402
12	0.00580	0.00435	0.00652	0.00652	0.00724	0.00507	0.00507	0.00724	0.00652	0.00942	0.01087	0.01594	0.01014	0.03043	0.84134	0.00652	0.01087	0.00435	0.00217	0.00362
13	0.00590	0.00393	0.00442	0.00442	0.00442	0.00393	0.00246	0.00590	0.00590	0.00787	0.01278	0.02655	0.01475	0.85742	0.02065	0.00393	0.00393	0.00590	0.00246	0.00246
14	0.00841	0.00721	0.00841	0.00601	0.00961	0.00541	0.00481	0.01022	0.00841	0.01322	0.00721	0.00841	0.00601	0.00300	0.00300	0.00060	0.00300	0.00240	0.00240	0.88222
15	0.00484	0.00411	0.00417	0.00416	0.00551	0.00344	0.00312	0.00591	0.00935	0.01120	0.07692	0.03865	0.79449	0.01019	0.00479	0.00137	0.00205	0.00851	0.00380	0.00344
16	0.01227	0.00964	0.01032	0.00866	0.01131	0.01088	0.00695	0.34901	0.45470	0.03112	0.01389	0.01395	0.01047	0.00543	0.00415	0.00133	0.00375	0.03155	0.00410	0.00653
17	0.00590	0.00393	0.00442	0.00442	0.00442	0.00393	0.00246	0.00590	0.00590	0.00787	0.01278	0.02655	0.01475	0.85742	0.02065	0.00393	0.00393	0.00590	0.00246	0.00246
18	0.00972	0.00933	0.03421	0.19215	0.44134	0.00972	0.02554	0.04678	0.16321	0.01384	0.00931	0.01113	0.00732	0.00412	0.00406	0.00127	0.00469	0.00380	0.00244	0.00602
19	0.00909	0.00724	0.00850	0.00616	0.00969	0.00560	0.00493	0.01120	0.03562	0.06564	0.00808	0.00898	0.00648	0.00322	0.00311	0.00067	0.00304	0.00258	0.00263	0.79754
20	0.00841	0.00721	0.00841	0.00601	0.00961	0.00541	0.00481	0.01022	0.00841	0.01322	0.00721	0.00841	0.00601	0.00300	0.00300	0.00060	0.00300	0.00240	0.00240	0.88222
21	0.01118	0.00939	0.05893	0.01697	0.46031	0.00828	0.00985	0.04083	0.00978	0.15221	0.00901	0.01027	0.00690	0.00379	0.00382	0.00110	0.00429	0.00342	0.00265	0.17700
22	0.03038	0.14923	0.03013	0.00983	0.01219	0.65098	0.00781	0.02550	0.01082	0.01028	0.00621	0.00727	0.00523	0.00413	0.00370	0.00105	0.02582	0.00258	0.00205	0.00482
23	0.01105	0.82133	0.02085	0.00705	0.01051	0.01590	0.00698	0.04877	0.00874	0.01027	0.00583	0.00665	0.00528	0.00353	0.00267	0.00088	0.00434	0.00224	0.00184	0.00528
24	0.00843	0.00728	0.00870	0.00622	0.00983	0.00550	0.01990	0.01027	0.00843	0.01322	0.00723	0.00846	0.00601	0.00301	0.00304	0.00062	0.00308	0.00245	0.00240	0.86594
25	0.00580	0.00435	0.00652	0.00652	0.00724	0.00507	0.00507	0.00724	0.00652	0.00942	0.01087	0.01594	0.01014	0.03043	0.84134	0.00652	0.01087	0.00435	0.00217	0.00362
26	0.05706	0.00966	0.01544	0.05177	0.70090	0.02094	0.01166	0.04897	0.00951	0.01389	0.00756	0.00982	0.00627	0.00375	0.00405	0.00122	0.01568	0.00353	0.00212	0.00622
27	0.00482	0.00411	0.00415	0.00414	0.00550	0.00344	0.00310	0.00588	0.00931	0.01111	0.06395	0.03879	0.80751	0.01022	0.00479	0.00137	0.00205	0.00853	0.00379	0.00344
28	0.01211	0.00937	0.01016	0.00878	0.02526	0.01053	0.00686	0.24678	0.53132	0.07111	0.01441	0.01344	0.01058	0.00526	0.00410	0.00132	0.00361	0.00427	0.00413	0.00659
29	0.07070	0.01281	0.01104	0.00905	0.01185	0.29852	0.02392	0.26894	0.02565	0.16985	0.00939	0.00950	0.00677	0.00447	0.00379	0.00114	0.00514	0.00325	0.00333	0.05091
30	0.02060	0.28346	0.19968	0.00923	0.01274	0.06323	0.06852	0.07724	0.02604	0.05835	0.03097	0.03364	0.01533	0.00498	0.01905	0.00126	0.05184	0.00344	0.00237	0.01802
31	0.01033	0.59357	0.08991	0.00968	0.01350	0.01416	0.19499	0.01240	0.00858	0.01062	0.00637	0.00771	0.00542	0.00349	0.00321	0.00102	0.00506	0.00284	0.00181	0.00533
32	0.00494	0.00353	0.00471	0.00565	0.00588	0.00330	0.00377	0.00565	0.00777	0.01036	0.02236	0.85477	0.02683	0.01271	0.00518	0.00165	0.00235	0.01153	0.00377	0.00330
33	0.00998	0.00958	0.01636	0.04502	0.81244	0.00962	0.01242	0.01240	0.00921	0.01318	0.00762	0.01006	0.00640	0.00363	0.00402	0.00121	0.00483	0.00361	0.00200	0.00638
34	0.04253	0.00804	0.04453	0.02244	0.04351	0.04220	0.05785	0.04080	0.14344	0.04447	0.07526	0.28552	0.04143	0.04818	0.00573	0.00174	0.00390	0.03953	0.00377	0.00514
35	0.07189	0.02524	0.09030	0.02205	0.07307	0.00833	0.04605	0.12353	0.04241	0.42573	0.01222	0.01168	0.00820	0.00463	0.00408	0.00126	0.01526	0.00377	0.00386	0.00643
36	0.00494	0.00353	0.00471	0.00565	0.00588	0.00330	0.00377	0.00565	0.00777	0.01036	0.02236	0.85477	0.02683	0.01271	0.00518	0.00165	0.00235	0.01153	0.00377	0.00330
37	0.00797	0.00767	0.02662	0.78710	0.02711	0.00917	0.02911	0.03720	0.00852	0.01097	0.00732	0.01075	0.00547	0.00407	0.00407	0.00135	0.00542	0.00362	0.00188	0.00463
38	0.03727	0.05026	0.09751	0.06320	0.05554	0.17852	0.06463	0.23418	0.08676	0.05817	0.00923	0.01809	0.00697	0.00446	0.00390	0.00121	0.00517	0.00353	0.01559	0.00582
39	0.01391	0.00693	0.00854	0.00698	0.00949	0.00676	0.00562	0.07436	0.16823	0.44189	0.11463	0.01591	0.01375	0.00547	0.00405	0.00125	0.00314	0.00452	0.08844	0.00614
40	0.00488	0.00397	0.00426	0.00447	0.00552	0.00342	0.00321	0.00579	0.00876	0.01068	0.03560	0.22182	0.61280	0.04929	0.00560	0.00155	0.00221	0.00911	0.00371	0.00335
41	0.01557	0.00886	0.01034	0.00809	0.01107	0.00911	0.00662	0.37396	0.08201	0.35740	0.04621	0.01281	0.00999	0.00512	0.00408	0.00124	0.00379	0.00406	0.02300	0.00667
42	0.03897	0.00966	0.01068	0.00831	0.01141	0.05878	0.00681	0.37545	0.01481	0.40407	0.01237	0.01142	0.00821	0.00487	0.00401	0.00123	0.00413	0.00375	0.00435	0.00671
43	0.03736	0.01142	0.01308	0.01043	0.01325	0.16130	0.17987	0.21993	0.20809	0.03157	0.01063	0.01118	0.00796	0.00455	0.00404	0.00124	0.00497	0.00390	0.05943	0.00581
44	0.03233	0.14312	0.04019	0.02495	0.03486	0.02230	0.01701	0.22740	0.07261	0.01617	0.01659	0.00955	0.00698	0.01758	0.00371	0.00101	0.00394	0.00308	0.00284	0.30379
45	0.00757	0.00625	0.02905	0.03593	0.04974	0.02328	0.08814	0.03543	0.02099	0.06687	0.01772	0.34789	0.08148	0.04816	0.08974	0.00209	0.01200	0.02177	0.01167	0.00424
46	0.00585	0.00399	0.00480	0.00483	0.00496	0.00411	0.00296	0.00613	0.00607	0.00822	0.01277	0.05210	0.01435	0.68546	0.16306	0.00431	0.00509	0.00582	0.00245	0.00269
47	0.01606	0.04355	0.10502	0.00779	0.01122	0.00727	0.00710	0.08790	0.01170	0.60894	0.01486	0.01339	0.03615	0.00498	0.00402	0.00124	0.00382	0.00399	0.00438	0.00662
48	0.00966	0.08975	0.27247	0.01513	0.28322	0.00993	0.07364	0.06509	0.02074	0.03167	0.00978	0.01115	0.05519	0.00424	0.00408	0.00123	0.01827	0.00368	0.00223	0.01885
49	0.01037	0.76210	0.06741	0.00716	0.01060	0.01499	0.00726	0.01186	0.00820	0.00976	0.00637	0.03122	0.00597	0.00454	0.02705	0.00108	0.00457	0.00255	0.00181	0.00515
50	0.01450	0.00741	0.00905	0.00728	0.00988	0.00725	0.00586	0.20132	0.06193	0.43002	0.05326	0.07496	0.03562	0.02538	0.00454	0.00134	0.00344	0.00486	0.03594	0.00616
51	0.00582	0.00399	0.00470	0.00471	0.00488	0.00405	0.00286	0.00607	0.00617	0.00826	0.01402	0.04066	0.05231	0.69143	0.13009	0.00412	0.00475	0.00592	0.00250	0.00268
52	0.21451	0.02141	0.00878	0.00660	0.00981	0.03752	0.00536	0.13506	0.00997	0.06009	0.00765	0.00841	0.00595	0.00362	0.00313	0.00090	0.00346	0.00264	0.00280	0.45232
53	0.06732	0.03767	0.01143	0.00973	0.01212	0.59864	0.00751	0.14655	0.01238	0.04993	0.00722	0.00794	0.00566	0.00429	0.00365	0.00109	0.00636	0.00281	0.00256	0.00515
54	0.00497	0.00358	0.00472	0.00562	0.00592	0.00333	0.00379	0.00571	0.00787	0.01042	0.02319	0.80165	0.06325	0.01257	0.00517	0.00164	0.00237	0.02717	0.00377	0.00331
55	0.00529	0.00414	0.00467	0.00481	0.00574	0.00377	0.00341	0.00667	0.04147	0.01143	0.13914	0.23167	0.40806	0.10321	0.00660	0.00171	0.00236	0.00866	0.00373	0.00346
56	0.00941	0.41497	0.45356	0.00939	0.01420	0.01254	0.01121	0.01252	0.00841	0.01130	0.00651	0.00760	0.00517	0.00367	0.00327	0.00109	0.00522	0.00261	0.00172	0.00563
57	0.01000	0.00960	0.01639	0.03957	0.81777	0.00963	0.01243	0.01241	0.00922	0.01320	0.00762	0.01006	0.00641	0.00362	0.00402	0.00121	0.00483	0.00361	0.00200	0.00639
