[name]
unknown

[dist]
# distance from previous block
# <min> <max>
0	424

[block]
# block no. 0 follows, 59 sequences, length 48
# corresponding to MSA columns:
# 691-738
name=unknown_A
#
# <colnr> <probs for GDERKNQSTAVLIFYWHMCP>
#	G	D	E	R	K	N	Q	S	T	A	V	L	I	F	Y	W	H	M	C	P
0	0.00725	0.00527	0.00687	0.00758	0.03183	0.00514	0.00579	0.02377	0.05461	0.02949	0.02440	0.24406	0.13584	0.01157	0.00615	0.04622	0.00340	0.32234	0.00394	0.02445
1	0.05807	0.06575	0.20350	0.01179	0.01563	0.08246	0.20011	0.09915	0.01093	0.01506	0.03304	0.04294	0.04476	0.00570	0.02130	0.00148	0.04068	0.00445	0.00263	0.04057
2	0.01120	0.01224	0.01302	0.53248	0.02423	0.27217	0.01092	0.03341	0.01027	0.01154	0.00755	0.01048	0.00586	0.00455	0.00448	0.00137	0.02349	0.00358	0.00212	0.00504
3	0.00604	0.00451	0.00561	0.00534	0.00647	0.00408	0.00400	0.00793	0.01201	0.01653	0.65790	0.03493	0.19941	0.00947	0.00521	0.00141	0.00211	0.00826	0.00471	0.00408
4	0.00717	0.00548	0.00656	0.00676	0.02039	0.00546	0.00489	0.02023	0.15962	0.03102	0.18804	0.31262	0.16436	0.01043	0.00522	0.00159	0.00273	0.03852	0.00433	0.00457
5	0.01218	0.00914	0.01138	0.05998	0.07723	0.04163	0.04659	0.25711	0.05213	0.09905	0.01323	0.08031	0.02388	0.11204	0.08185	0.00228	0.00537	0.00522	0.00358	0.00582
6	0.00763	0.00385	0.00573	0.00573	0.00573	0.00385	0.00380	0.00577	0.00577	0.00770	0.00785	0.01388	0.00792	0.03969	0.01741	0.84605	0.00385	0.00391	0.00194	0.00194
7	0.00561	0.00394	0.00506	0.00586	0.00606	0.00374	0.00379	0.00621	0.00801	0.01068	0.02207	0.66503	0.02635	0.19461	0.00930	0.00233	0.00294	0.01122	0.00379	0.00339
8	0.06684	0.15728	0.08609	0.14425	0.28491	0.05836	0.08210	0.01382	0.04135	0.01348	0.00804	0.01015	0.00649	0.00411	0.00405	0.00130	0.00553	0.00360	0.00221	0.00606
9	0.02557	0.00687	0.03021	0.00806	0.05062	0.01737	0.01800	0.10691	0.04164	0.04381	0.05636	0.17004	0.02713	0.25986	0.08885	0.00288	0.00476	0.03314	0.00341	0.00450
10	0.01191	0.01348	0.01243	0.01101	0.01197	0.32431	0.00877	0.01301	0.00900	0.01066	0.00686	0.00986	0.00634	0.00933	0.10057	0.00220	0.42776	0.00357	0.00211	0.00484
11	0.12732	0.22619	0.21898	0.05076	0.04834	0.05901	0.17121	0.02608	0.00958	0.01382	0.00743	0.00912	0.00583	0.00402	0.00387	0.00128	0.00581	0.00336	0.00214	0.00584
12	0.00642	0.00428	0.00482	0.00482	0.00482	0.00428	0.00268	0.00642	0.00642	0.00856	0.01392	0.02890	0.01606	0.84478	0.02248	0.00428	0.00428	0.00642	0.00268	0.00268
13	0.01435	0.12702	0.01331	0.00967	0.01267	0.43436	0.00768	0.12171	0.01244	0.01382	0.00746	0.00846	0.00611	0.00428	0.00374	0.00103	0.00611	0.00288	0.00259	0.19028
14	0.01114	0.27986	0.32202	0.02675	0.01510	0.03759	0.02342	0.10152	0.03264	0.02527	0.01810	0.00939	0.00664	0.00443	0.00420	0.00124	0.03848	0.00321	0.00237	0.03663
15	0.01451	0.01137	0.01428	0.01195	0.07015	0.01227	0.10353	0.50641	0.11643	0.03831	0.01168	0.03029	0.00875	0.00529	0.00452	0.00137	0.00490	0.00445	0.02247	0.00706
16	0.00767	0.00384	0.00575	0.00575	0.00575	0.00384	0.00384	0.00575	0.00575	0.00767	0.00767	0.01343	0.00767	0.01534	0.01726	0.87150	0.00384	0.00384	0.00192	0.00192
17	0.00795	0.00655	0.00932	0.01029	0.15257	0.00618	0.05761	0.05579	0.01101	0.04050	0.14597	0.10792	0.33328	0.00884	0.00506	0.00147	0.00337	0.02764	0.00381	0.00486
18	0.01325	0.09733	0.14353	0.02842	0.02958	0.12022	0.02071	0.22139	0.04088	0.10925	0.04722	0.07565	0.01056	0.00566	0.00429	0.00132	0.00509	0.00449	0.01489	0.00624
19	0.00779	0.00593	0.00698	0.00687	0.00794	0.00647	0.00505	0.01216	0.24433	0.01310	0.04061	0.10223	0.01706	0.23655	0.15482	0.00328	0.00503	0.07626	0.04305	0.00450
20	0.00629	0.00431	0.00482	0.00481	0.00499	0.00422	0.00279	0.00648	0.00700	0.00921	0.04308	0.03044	0.09974	0.73128	0.02013	0.00390	0.00400	0.00677	0.00289	0.00283
21	0.00915	0.00916	0.04804	0.40805	0.27862	0.00962	0.01176	0.01263	0.06705	0.01301	0.01155	0.01461	0.06189	0.00499	0.00449	0.00143	0.00525	0.02061	0.00240	0.00570
22	0.01081	0.01086	0.04206	0.35608	0.31084	0.09441	0.01204	0.03912	0.03307	0.03636	0.00857	0.01118	0.00667	0.00435	0.00435	0.00137	0.00573	0.00384	0.00232	0.00596
23	0.01203	0.01420	0.07116	0.09528	0.01485	0.30058	0.03436	0.05369	0.01001	0.01187	0.00727	0.00993	0.00623	0.00745	0.05402	0.03125	0.25495	0.00356	0.00221	0.00509
24	0.02308	0.04353	0.21416	0.05097	0.01845	0.13839	0.27861	0.05017	0.01045	0.01369	0.00844	0.01140	0.00674	0.00472	0.00547	0.00144	0.08289	0.02936	0.00227	0.00580
25	0.00528	0.00424	0.00471	0.00509	0.00613	0.00368	0.00363	0.00627	0.00948	0.01169	0.03726	0.33554	0.52723	0.01216	0.00537	0.00160	0.00236	0.01051	0.00410	0.00368
26	0.01185	0.00979	0.02755	0.00908	0.01143	0.02863	0.02421	0.34652	0.09291	0.01950	0.07352	0.01676	0.08742	0.01899	0.09890	0.00211	0.09347	0.00497	0.01643	0.00596
27	0.79512	0.00869	0.00739	0.00718	0.05211	0.01008	0.00545	0.01292	0.00762	0.01916	0.00625	0.00748	0.00494	0.00424	0.00329	0.00139	0.03659	0.00253	0.00267	0.00490
28	0.01349	0.07062	0.04779	0.04569	0.05742	0.31807	0.13476	0.06727	0.01127	0.05907	0.00806	0.00981	0.00642	0.00519	0.01561	0.00142	0.11626	0.00363	0.00249	0.00568
29	0.01101	0.08063	0.04105	0.34986	0.20339	0.07932	0.01123	0.08098	0.05938	0.02885	0.00876	0.01104	0.00679	0.00445	0.00424	0.00135	0.00557	0.00376	0.00246	0.00591
30	0.00642	0.00428	0.00482	0.00482	0.00482	0.00428	0.00268	0.00642	0.00642	0.00856	0.01392	0.02890	0.01606	0.84478	0.02248	0.00428	0.00428	0.00642	0.00268	0.00268
31	0.00535	0.00396	0.00501	0.00585	0.00633	0.00361	0.00397	0.00618	0.00874	0.01139	0.02797	0.69963	0.16914	0.01337	0.00556	0.00174	0.00250	0.01198	0.00410	0.00361
32	0.03697	0.04196	0.21235	0.06694	0.31476	0.01114	0.05374	0.15921	0.01175	0.03682	0.00874	0.01044	0.00666	0.00431	0.00429	0.00134	0.00553	0.00376	0.00260	0.00670
33	0.00544	0.00389	0.00519	0.00622	0.00650	0.00364	0.00420	0.00625	0.00851	0.01134	0.02431	0.81519	0.02908	0.01378	0.00565	0.00180	0.00261	0.03868	0.00410	0.00360
34	0.06006	0.00770	0.09902	0.03585	0.01054	0.00636	0.03248	0.01137	0.08235	0.07627	0.01938	0.29646	0.05038	0.00934	0.00498	0.00163	0.00372	0.13961	0.04765	0.00484
35	0.01803	0.01315	0.01124	0.00935	0.01227	0.33540	0.00737	0.06458	0.01306	0.43398	0.02935	0.01232	0.00927	0.00516	0.00427	0.00127	0.00547	0.00385	0.00412	0.00649
36	0.00699	0.00565	0.00801	0.02508	0.03924	0.01945	0.00604	0.00838	0.00725	0.01031	0.01146	0.03288	0.01113	0.11950	0.58663	0.00578	0.08491	0.00491	0.00238	0.00403
37	0.02456	0.40751	0.20902	0.01032	0.01472	0.06071	0.10876	0.02963	0.00974	0.02819	0.00736	0.00861	0.00596	0.00395	0.00360	0.00114	0.00556	0.00305	0.00212	0.05550
38	0.01381	0.01664	0.07076	0.02313	0.11951	0.46816	0.00921	0.04772	0.05136	0.02902	0.08289	0.01151	0.00977	0.00495	0.00421	0.00123	0.00641	0.00369	0.00273	0.02330
39	0.00787	0.07551	0.05277	0.00645	0.00748	0.06445	0.00481	0.02026	0.00809	0.02594	0.01508	0.23066	0.01694	0.41820	0.02437	0.00293	0.00437	0.00712	0.00298	0.00372
40	0.01418	0.00977	0.01277	0.01304	0.19068	0.03928	0.03957	0.24464	0.02445	0.21444	0.05791	0.07910	0.02798	0.00595	0.00459	0.00138	0.00449	0.00511	0.00401	0.00667
41	0.01008	0.00898	0.06135	0.02787	0.19143	0.03522	0.04030	0.02890	0.07649	0.09302	0.09707	0.05767	0.08269	0.00702	0.00480	0.00146	0.00426	0.11799	0.00353	0.04987
42	0.00641	0.00523	0.00701	0.00677	0.00763	0.00586	0.00526	0.00776	0.00827	0.01129	0.07800	0.05229	0.22913	0.03791	0.40157	0.00430	0.11194	0.00639	0.00302	0.00398
43	0.00927	0.01400	0.37866	0.01139	0.08697	0.00833	0.02573	0.03892	0.05494	0.03693	0.03646	0.01322	0.04023	0.00749	0.00751	0.21297	0.00515	0.00405	0.00244	0.00534
44	0.01149	0.01158	0.01537	0.06701	0.40188	0.13002	0.04710	0.05831	0.01061	0.01411	0.00871	0.01091	0.02281	0.00449	0.00504	0.00128	0.07033	0.00379	0.00238	0.10276
45	0.00946	0.01081	0.13281	0.01072	0.01339	0.07527	0.18048	0.05355	0.00949	0.03992	0.01106	0.05305	0.01000	0.11002	0.24411	0.00339	0.01990	0.00496	0.00258	0.00502
46	0.00566	0.00401	0.00512	0.00579	0.00610	0.00378	0.00380	0.00641	0.00846	0.01134	0.09481	0.58667	0.04771	0.17813	0.00893	0.00224	0.00285	0.01084	0.00389	0.00346
47	0.02950	0.11321	0.03268	0.00825	0.01179	0.01011	0.02801	0.25615	0.04345	0.02912	0.06771	0.01195	0.02154	0.00468	0.00387	0.00106	0.00405	0.00369	0.00335	0.31583

[dist]
# distance from previous block
# <min> <max>
1	6

[block]
# block no. 1 follows, 59 sequences, length 27
# corresponding to MSA columns:
# 745-771
name=unknown_B
#
# <colnr> <probs for GDERKNQSTAVLIFYWHMCP>
#	G	D	E	R	K	N	Q	S	T	A	V	L	I	F	Y	W	H	M	C	P
0	0.11107	0.20114	0.01403	0.00903	0.01211	0.11711	0.02494	0.24135	0.16344	0.01837	0.03937	0.01104	0.00891	0.00496	0.00387	0.00126	0.00476	0.00365	0.00336	0.00623
1	0.01203	0.22684	0.07261	0.01490	0.25576	0.17968	0.01019	0.03473	0.01019	0.01263	0.00753	0.02257	0.00655	0.00450	0.00464	0.00121	0.07008	0.00334	0.00220	0.04781
2	0.01154	0.10868	0.01083	0.00851	0.01050	0.27646	0.00659	0.05121	0.09222	0.02724	0.01344	0.19979	0.01330	0.02741	0.01362	0.00146	0.00501	0.03386	0.04472	0.04363
3	0.05536	0.01392	0.01184	0.00975	0.01274	0.29035	0.00775	0.30742	0.01530	0.19910	0.01072	0.01066	0.00761	0.00503	0.00417	0.00127	0.00556	0.00363	0.02135	0.00650
4	0.01443	0.01128	0.01174	0.00951	0.01253	0.03990	0.00768	0.49534	0.24933	0.02382	0.04729	0.01333	0.01075	0.00563	0.00443	0.00136	0.00438	0.00441	0.02580	0.00705
5	0.00662	0.00534	0.00749	0.00671	0.00819	0.00515	0.04976	0.00831	0.00932	0.01291	0.20719	0.02532	0.17401	0.05698	0.30398	0.00355	0.00618	0.00628	0.00332	0.09340
6	0.01241	0.27228	0.17071	0.01082	0.05267	0.09500	0.03532	0.14471	0.09715	0.02844	0.00896	0.00973	0.00700	0.00450	0.00400	0.00122	0.01700	0.00336	0.00272	0.02201
7	0.00852	0.00803	0.01357	0.77871	0.08449	0.00986	0.01235	0.01144	0.00892	0.01150	0.00788	0.01172	0.00596	0.00438	0.00441	0.00146	0.00584	0.00393	0.00198	0.00505
8	0.00642	0.00428	0.00482	0.00482	0.00482	0.00428	0.00268	0.00642	0.00642	0.00856	0.01392	0.02890	0.01606	0.84478	0.02248	0.00428	0.00428	0.00642	0.00268	0.00268
9	0.00736	0.00750	0.01336	0.01035	0.01301	0.00677	0.33063	0.00953	0.01014	0.01281	0.02918	0.06432	0.44993	0.00824	0.00523	0.00150	0.00439	0.00777	0.00334	0.00464
10	0.07074	0.06395	0.14856	0.01024	0.01249	0.02702	0.07040	0.01198	0.04836	0.02709	0.00953	0.06010	0.00867	0.02917	0.14100	0.00254	0.24619	0.00442	0.00241	0.00515
11	0.00556	0.00412	0.00570	0.00639	0.00684	0.00382	0.02515	0.00649	0.00879	0.01172	0.06760	0.74678	0.05807	0.01321	0.00559	0.00175	0.00265	0.01200	0.00409	0.00369
12	0.00538	0.00384	0.00512	0.00615	0.00641	0.00359	0.00410	0.00615	0.00846	0.01127	0.02434	0.84190	0.02921	0.01384	0.00564	0.00179	0.00256	0.01256	0.00410	0.00359
13	0.04848	0.00942	0.01556	0.31852	0.46646	0.01033	0.01256	0.01260	0.00938	0.01339	0.00795	0.01102	0.00645	0.00425	0.00468	0.00139	0.03551	0.00386	0.00212	0.00606
14	0.04855	0.06133	0.05860	0.21188	0.24068	0.02451	0.06632	0.05237	0.03740	0.10610	0.01009	0.02905	0.00797	0.00474	0.00434	0.00138	0.00523	0.02055	0.00276	0.00614
15	0.01000	0.01455	0.32440	0.01042	0.01433	0.01066	0.01065	0.01890	0.44698	0.01638	0.03168	0.01379	0.01074	0.00544	0.00482	0.00148	0.04040	0.00434	0.00337	0.00665
16	0.00814	0.00672	0.00724	0.00752	0.00866	0.07108	0.00578	0.06450	0.08658	0.01390	0.04122	0.35810	0.04973	0.01088	0.00534	0.00170	0.00361	0.21791	0.02690	0.00447
17	0.08126	0.11634	0.24155	0.01048	0.04573	0.03897	0.01004	0.17795	0.06272	0.05318	0.01016	0.04141	0.00829	0.02131	0.00489	0.00143	0.04212	0.02297	0.00298	0.00622
18	0.01056	0.02205	0.06039	0.07940	0.27025	0.03036	0.10957	0.04759	0.07870	0.03565	0.03038	0.04183	0.00971	0.00557	0.00590	0.00149	0.11242	0.03940	0.00272	0.00606
19	0.01287	0.03785	0.14231	0.01055	0.04247	0.33885	0.00891	0.10201	0.01196	0.04110	0.01145	0.08373	0.05124	0.00562	0.00421	0.00124	0.00588	0.00429	0.00283	0.08061
20	0.00969	0.03748	0.09168	0.00787	0.01031	0.03715	0.02600	0.12771	0.05604	0.05338	0.37332	0.04836	0.02397	0.03404	0.00528	0.00144	0.00367	0.00602	0.00405	0.04256
21	0.03195	0.00968	0.02533	0.00912	0.01181	0.06256	0.08454	0.20162	0.10740	0.06693	0.13350	0.03300	0.09157	0.00727	0.03272	0.00155	0.01905	0.00532	0.00385	0.06123
22	0.01178	0.03327	0.06269	0.01049	0.05844	0.23303	0.04256	0.06728	0.04119	0.04979	0.05896	0.06410	0.01076	0.00786	0.07576	0.00175	0.03453	0.00436	0.01477	0.11664
23	0.12179	0.04755	0.07382	0.04987	0.05325	0.08922	0.06738	0.17764	0.07232	0.04148	0.01028	0.05692	0.00855	0.03350	0.00493	0.00143	0.02005	0.00419	0.00310	0.06272
24	0.02552	0.09607	0.04269	0.02814	0.05076	0.11644	0.02155	0.06611	0.04536	0.01303	0.00853	0.05468	0.00780	0.00705	0.03787	0.00166	0.28904	0.00401	0.00248	0.08120
25	0.02645	0.03812	0.04619	0.04828	0.06624	0.06895	0.00768	0.14395	0.06996	0.07745	0.01784	0.01861	0.18256	0.00773	0.04060	0.00164	0.07411	0.01597	0.00341	0.04425
26	0.06131	0.00932	0.01027	0.22637	0.03519	0.11359	0.00790	0.07008	0.10580	0.05951	0.02806	0.13278	0.05931	0.00648	0.00444	0.00140	0.00461	0.00541	0.00325	0.05491

[dist]
# distance from previous block
# <min> <max>
16	138

[block]
# block no. 2 follows, 59 sequences, length 21
# corresponding to MSA columns:
# 1061-1081
name=unknown_C
#
# <colnr> <probs for GDERKNQSTAVLIFYWHMCP>
#	G	D	E	R	K	N	Q	S	T	A	V	L	I	F	Y	W	H	M	C	P
0	0.01180	0.00982	0.02088	0.02687	0.08753	0.03729	0.05962	0.20683	0.11593	0.05291	0.08687	0.01431	0.02174	0.02965	0.00482	0.00130	0.00432	0.00437	0.00356	0.19959
1	0.03538	0.05587	0.02341	0.01016	0.05504	0.07101	0.05485	0.21293	0.09116	0.01719	0.02874	0.04538	0.04479	0.03883	0.00566	0.00140	0.06365	0.00446	0.00326	0.13684
2	0.06412	0.01181	0.03188	0.07148	0.10324	0.11523	0.00863	0.25212	0.13133	0.07436	0.01065	0.01120	0.00793	0.00482	0.00416	0.00128	0.00491	0.00377	0.00348	0.08357
3	0.04704	0.12308	0.01201	0.05234	0.01212	0.24094	0.00719	0.14098	0.05396	0.05484	0.14256	0.03600	0.02439	0.02819	0.00468	0.00135	0.00502	0.00447	0.00335	0.00549
4	0.03192	0.00806	0.03186	0.02936	0.00998	0.08342	0.03718	0.03440	0.05735	0.01357	0.04810	0.08699	0.30174	0.00869	0.01569	0.00148	0.00384	0.07633	0.00353	0.11652
5	0.03792	0.01132	0.01422	0.08665	0.33037	0.11127	0.02317	0.10553	0.12230	0.07031	0.01023	0.01149	0.00788	0.00458	0.00428	0.00132	0.00517	0.00392	0.00300	0.03505
6	0.00858	0.00698	0.03135	0.00758	0.02836	0.02857	0.00566	0.11086	0.05827	0.04721	0.06496	0.37490	0.10895	0.01067	0.03414	0.00172	0.00360	0.00847	0.00395	0.05521
7	0.02723	0.01393	0.04426	0.01200	0.11470	0.28743	0.00869	0.18623	0.02821	0.03484	0.03703	0.01292	0.04131	0.00620	0.03049	0.00146	0.03438	0.02226	0.00305	0.05338
8	0.02145	0.00699	0.00756	0.00672	0.00870	0.04931	0.03991	0.07695	0.07112	0.03636	0.06179	0.08927	0.43645	0.00911	0.00493	0.00144	0.00324	0.02003	0.00396	0.04473
9	0.02639	0.00838	0.01019	0.03405	0.13268	0.04113	0.00674	0.01174	0.04247	0.01422	0.04212	0.05170	0.02567	0.02319	0.00423	0.00105	0.00379	0.01579	0.00281	0.50167
10	0.01041	0.00884	0.01323	0.07025	0.04622	0.01978	0.17542	0.11280	0.03345	0.05920	0.09603	0.07226	0.04577	0.00561	0.00451	0.00126	0.00451	0.00518	0.00330	0.21197
11	0.00934	0.00872	0.01371	0.60852	0.04989	0.04181	0.06544	0.01212	0.00928	0.03810	0.00821	0.01144	0.00620	0.00427	0.00433	0.00137	0.00572	0.00385	0.00218	0.09551
12	0.01005	0.04293	0.00986	0.00692	0.01058	0.02912	0.00556	0.03540	0.02850	0.04917	0.00914	0.04252	0.00776	0.00396	0.00348	0.00079	0.00350	0.00318	0.00286	0.69472
13	0.00934	0.00773	0.02166	0.00780	0.00939	0.06233	0.04084	0.09945	0.05684	0.04695	0.21755	0.09836	0.04006	0.11781	0.04508	0.00209	0.04263	0.03720	0.02411	0.01277
14	0.01585	0.03316	0.01329	0.01075	0.04500	0.07832	0.00849	0.63098	0.05165	0.02465	0.01083	0.01185	0.00814	0.00541	0.00440	0.00133	0.00504	0.02967	0.00409	0.00712
15	0.01139	0.01000	0.06093	0.04111	0.01186	0.08911	0.00741	0.11995	0.19863	0.10069	0.03075	0.01648	0.06893	0.01232	0.19730	0.00273	0.00626	0.00475	0.00358	0.00581
16	0.03178	0.00694	0.00808	0.00803	0.06094	0.05099	0.03819	0.02343	0.09824	0.03939	0.20597	0.07179	0.29966	0.00923	0.02625	0.00159	0.00345	0.00730	0.00398	0.00477
17	0.01103	0.23529	0.39075	0.01051	0.01512	0.11920	0.01160	0.07603	0.01050	0.01355	0.00859	0.06271	0.00731	0.00485	0.00392	0.00127	0.00586	0.00363	0.00227	0.00601
18	0.03508	0.01075	0.04559	0.08040	0.04493	0.10626	0.00780	0.15976	0.04787	0.03221	0.01088	0.03589	0.03224	0.00619	0.03695	0.00141	0.02652	0.02116	0.00304	0.25506
19	0.05289	0.01162	0.02888	0.03846	0.21812	0.10205	0.02155	0.24965	0.07575	0.05929	0.04228	0.02341	0.01846	0.00507	0.00432	0.00132	0.00496	0.00416	0.00339	0.03436
20	0.03516	0.01112	0.03311	0.02908	0.09621	0.09342	0.00806	0.25543	0.16604	0.05637	0.04453	0.04819	0.04682	0.00580	0.00439	0.00134	0.00453	0.00469	0.00376	0.05194

[dist]
# distance from previous block
# <min> <max>
3	34

[block]
# block no. 3 follows, 59 sequences, length 9
# corresponding to MSA columns:
# 1118-1126
name=unknown_D
#
# <colnr> <probs for GDERKNQSTAVLIFYWHMCP>
#	G	D	E	R	K	N	Q	S	T	A	V	L	I	F	Y	W	H	M	C	P
0	0.01158	0.05605	0.06554	0.00897	0.03357	0.00930	0.02604	0.17840	0.08166	0.05921	0.03911	0.01130	0.00874	0.00449	0.00415	0.00107	0.02571	0.00356	0.00326	0.36828
1	0.04642	0.00982	0.03192	0.00859	0.01112	0.03656	0.00701	0.28652	0.10023	0.08614	0.06216	0.02803	0.03243	0.08869	0.00695	0.00166	0.07000	0.01690	0.00383	0.06501
2	0.03325	0.00934	0.01082	0.02787	0.01132	0.07963	0.03222	0.17318	0.04278	0.02723	0.01079	0.06956	0.00981	0.05028	0.17931	0.00281	0.18307	0.00473	0.01907	0.02296
3	0.13131	0.01017	0.01127	0.00942	0.01152	0.07618	0.03237	0.14303	0.08816	0.03302	0.00909	0.01092	0.00743	0.00835	0.09117	0.00201	0.21772	0.00371	0.00293	0.10020
4	0.21723	0.01092	0.01240	0.01304	0.19840	0.10081	0.04487	0.15607	0.04050	0.10056	0.05627	0.01160	0.00906	0.00480	0.00405	0.00133	0.00475	0.00384	0.00330	0.00620
5	0.00674	0.00463	0.00572	0.05239	0.00752	0.00445	0.00419	0.00759	0.00856	0.05366	0.04619	0.23720	0.19764	0.29351	0.01113	0.00253	0.00338	0.04574	0.00359	0.00363
6	0.00680	0.00465	0.00540	0.00531	0.00554	0.00477	0.00324	0.03977	0.00717	0.00964	0.01399	0.05917	0.01574	0.69943	0.09789	0.00433	0.00496	0.00640	0.00278	0.00303
7	0.00898	0.00869	0.01329	0.65340	0.11711	0.05484	0.01170	0.01164	0.00905	0.01147	0.00817	0.01238	0.00654	0.04891	0.00534	0.00158	0.00585	0.00400	0.00204	0.00504
8	0.00926	0.00871	0.01469	0.44409	0.35377	0.00972	0.01234	0.01197	0.00937	0.01265	0.00914	0.04238	0.00782	0.00481	0.00450	0.00144	0.00544	0.03002	0.00220	0.00569

[dist]
# distance from previous block
# <min> <max>
3	14

[block]
# block no. 4 follows, 59 sequences, length 8
# corresponding to MSA columns:
# 1141-1148
name=unknown_E
#
# <colnr> <probs for GDERKNQSTAVLIFYWHMCP>
#	G	D	E	R	K	N	Q	S	T	A	V	L	I	F	Y	W	H	M	C	P
0	0.07430	0.05428	0.07820	0.01065	0.10864	0.06558	0.00808	0.14060	0.07667	0.08954	0.05741	0.03259	0.05619	0.02855	0.00495	0.00138	0.02598	0.00443	0.00338	0.07861
1	0.05209	0.00754	0.00908	0.04906	0.07812	0.00778	0.00654	0.17709	0.07557	0.05010	0.03807	0.20195	0.16008	0.00826	0.00476	0.00147	0.00359	0.02471	0.00388	0.04026
2	0.00999	0.04950	0.04933	0.02075	0.01025	0.08264	0.04785	0.09974	0.03619	0.05489	0.01375	0.07220	0.03933	0.26929	0.06601	0.00265	0.00524	0.02657	0.00308	0.04075
3	0.30723	0.01016	0.04822	0.00808	0.02846	0.08561	0.00650	0.13384	0.03893	0.05955	0.05239	0.06337	0.01025	0.04016	0.03391	0.00165	0.00448	0.00414	0.00327	0.05980
4	0.05380	0.01201	0.01144	0.05044	0.05182	0.18312	0.00788	0.26160	0.11390	0.04492	0.01194	0.05418	0.02830	0.03141	0.02246	0.00156	0.03172	0.00443	0.00348	0.01960
5	0.13493	0.06495	0.04009	0.05149	0.01245	0.10278	0.01819	0.20131	0.03409	0.08329	0.01075	0.03988	0.00897	0.03672	0.05554	0.00177	0.00523	0.03545	0.00329	0.05885
6	0.07315	0.11942	0.05760	0.00954	0.05322	0.05695	0.03339	0.16638	0.03635	0.05998	0.04233	0.04917	0.06254	0.04754	0.03106	0.00164	0.04439	0.00458	0.00320	0.04756
7	0.08898	0.11666	0.03754	0.04970	0.04621	0.11754	0.02384	0.16456	0.06114	0.07963	0.04080	0.06131	0.01038	0.00567	0.00436	0.00133	0.02197	0.03214	0.00330	0.03294

[dist]
# distance from previous block
# <min> <max>
45	257

[block]
# block no. 5 follows, 59 sequences, length 14
# corresponding to MSA columns:
# 1580-1593
name=unknown_F
#
# <colnr> <probs for GDERKNQSTAVLIFYWHMCP>
#	G	D	E	R	K	N	Q	S	T	A	V	L	I	F	Y	W	H	M	C	P
0	0.00968	0.07344	0.11214	0.01024	0.10039	0.05123	0.02364	0.07305	0.06439	0.01439	0.06313	0.06691	0.08020	0.03365	0.02009	0.04277	0.00448	0.00490	0.00298	0.14829
1	0.02492	0.11633	0.08083	0.05516	0.11168	0.04636	0.00831	0.11860	0.04293	0.03732	0.02600	0.14756	0.02606	0.00680	0.02506	0.00143	0.00463	0.00511	0.00306	0.11184
2	0.01097	0.11169	0.13577	0.02560	0.08393	0.06783	0.02298	0.15047	0.03281	0.02485	0.03261	0.05350	0.07186	0.02582	0.00497	0.00136	0.02955	0.02029	0.00298	0.09016
3	0.02980	0.05778	0.05788	0.00991	0.11540	0.03638	0.00698	0.07771	0.04000	0.01380	0.06222	0.13889	0.05233	0.15114	0.03190	0.00203	0.03629	0.00589	0.00309	0.07056
4	0.02097	0.05372	0.04460	0.05332	0.09033	0.05054	0.03808	0.06298	0.01145	0.04887	0.20030	0.12827	0.08224	0.00766	0.00489	0.00147	0.00411	0.02249	0.00372	0.06999
5	0.00574	0.02906	0.00566	0.00561	0.00645	0.00426	0.00400	0.00680	0.00927	0.01205	0.12667	0.38981	0.26166	0.05456	0.05555	0.00207	0.00311	0.00995	0.00395	0.00374
6	0.04036	0.42476	0.19487	0.00884	0.01285	0.01359	0.00918	0.10048	0.01024	0.01372	0.00828	0.06176	0.00739	0.00476	0.00378	0.00116	0.02436	0.00344	0.00238	0.05378
7	0.01134	0.18708	0.19781	0.06989	0.16428	0.01180	0.04562	0.11663	0.01095	0.04223	0.00829	0.00979	0.00646	0.00422	0.00413	0.00123	0.01892	0.00342	0.00248	0.08344
8	0.00963	0.07647	0.05364	0.10926	0.40837	0.00962	0.02539	0.03535	0.01016	0.01380	0.03025	0.01707	0.13902	0.00549	0.00442	0.00135	0.00473	0.02005	0.02000	0.00593
9	0.00646	0.00476	0.00653	0.00652	0.00708	0.00532	0.00481	0.00755	0.00713	0.00996	0.01388	0.02301	0.03835	0.27463	0.49252	0.00566	0.03478	0.04487	0.00259	0.00359
10	0.00677	0.00631	0.06281	0.04064	0.03894	0.00577	0.03049	0.00838	0.00810	0.01138	0.02821	0.25107	0.01672	0.10199	0.28419	0.00375	0.02336	0.03473	0.03227	0.00413
11	0.00928	0.00803	0.00975	0.00794	0.06519	0.00620	0.00580	0.01129	0.00922	0.01439	0.00788	0.00928	0.00657	0.00332	0.00335	0.00070	0.00340	0.00271	0.00259	0.81313
12	0.03087	0.00844	0.01206	0.05823	0.18573	0.03683	0.07956	0.04710	0.08354	0.02555	0.12067	0.12711	0.07703	0.00721	0.00548	0.00150	0.06070	0.02365	0.00332	0.00541
13	0.01057	0.01027	0.06225	0.10346	0.27675	0.02939	0.07439	0.05391	0.03819	0.04941	0.02457	0.02609	0.02749	0.00505	0.01948	0.00135	0.00506	0.00413	0.00270	0.17551

[dist]
# distance from previous block
# <min> <max>
0	11

[block]
# block no. 6 follows, 59 sequences, length 23
# corresponding to MSA columns:
# 1605-1627
name=unknown_G
#
# <colnr> <probs for GDERKNQSTAVLIFYWHMCP>
#	G	D	E	R	K	N	Q	S	T	A	V	L	I	F	Y	W	H	M	C	P
0	0.07454	0.16934	0.10793	0.01238	0.15812	0.10758	0.04127	0.05616	0.05689	0.03646	0.02713	0.01197	0.03525	0.03570	0.00460	0.00134	0.00510	0.00374	0.00265	0.05186
1	0.03096	0.04409	0.04345	0.01091	0.10398	0.12950	0.04646	0.13575	0.05064	0.05619	0.04972	0.01710	0.12846	0.02182	0.01736	0.00144	0.01879	0.01385	0.01559	0.06395
2	0.03604	0.13688	0.09648	0.05720	0.09636	0.04027	0.02043	0.12972	0.08378	0.10430	0.03439	0.01289	0.04019	0.00584	0.02969	0.00144	0.00491	0.00399	0.00319	0.06200
3	0.01271	0.23870	0.09194	0.07957	0.07100	0.06319	0.05991	0.16117	0.03221	0.07784	0.02061	0.01033	0.00734	0.00458	0.00428	0.00125	0.02991	0.00356	0.00284	0.02708
4	0.01171	0.02309	0.01351	0.04124	0.25609	0.07477	0.05457	0.05149	0.08992	0.04889	0.06994	0.07134	0.05507	0.06061	0.00628	0.00180	0.00505	0.03074	0.00359	0.03032
5	0.00791	0.00612	0.00789	0.00738	0.00860	0.00674	0.02527	0.06787	0.14143	0.01311	0.04548	0.06342	0.02870	0.16895	0.36121	0.00441	0.00730	0.02051	0.00317	0.00452
6	0.00548	0.00446	0.00485	0.00480	0.00614	0.00383	0.00358	0.00681	0.01059	0.01331	0.23062	0.07138	0.59722	0.01077	0.00523	0.00148	0.00221	0.00912	0.00429	0.00383
7	0.00564	0.00402	0.00536	0.00626	0.00658	0.00385	0.00431	0.00649	0.00838	0.01118	0.02290	0.67966	0.02706	0.07410	0.04785	0.00226	0.00327	0.07334	0.00391	0.00358
8	0.00804	0.00486	0.00599	0.00557	0.00700	0.00435	0.00422	0.00972	0.01136	0.13238	0.38666	0.09726	0.22548	0.00916	0.00498	0.00142	0.00240	0.00789	0.06677	0.00449
9	0.01236	0.01017	0.01076	0.00927	0.01201	0.01163	0.00732	0.20808	0.62240	0.02069	0.01623	0.01509	0.01207	0.00583	0.00448	0.00146	0.00382	0.00475	0.00448	0.00711
10	0.01122	0.01023	0.01670	0.12638	0.50300	0.01061	0.07178	0.09913	0.04183	0.02764	0.00949	0.01248	0.00773	0.00447	0.00450	0.00138	0.00533	0.02688	0.00260	0.00663
11	0.01193	0.78110	0.04897	0.00790	0.01170	0.05559	0.00789	0.01346	0.00915	0.01053	0.00623	0.00720	0.00567	0.00383	0.00293	0.00097	0.00494	0.00241	0.00191	0.00567
12	0.04301	0.05826	0.01302	0.07948	0.03240	0.65698	0.00878	0.03590	0.01203	0.01161	0.00698	0.00834	0.00575	0.00449	0.00394	0.00117	0.00736	0.00295	0.00230	0.00522
13	0.00991	0.00964	0.04630	0.11933	0.19925	0.05184	0.07890	0.10163	0.01110	0.01491	0.08200	0.06188	0.07981	0.02349	0.00556	0.01236	0.03728	0.01943	0.02991	0.00549
14	0.02993	0.01133	0.01109	0.00932	0.01178	0.11677	0.00740	0.34041	0.17544	0.03451	0.01308	0.03108	0.03636	0.03918	0.00612	0.02417	0.05985	0.01819	0.01775	0.00621
15	0.00641	0.00431	0.00498	0.00498	0.00503	0.00437	0.00287	0.00652	0.00647	0.00868	0.01377	0.02810	0.01571	0.78852	0.07827	0.00448	0.00481	0.00631	0.00265	0.00276
16	0.00764	0.00627	0.00811	0.00852	0.08541	0.00622	0.02761	0.04734	0.11228	0.01526	0.24290	0.07333	0.23326	0.03704	0.02838	0.00173	0.00335	0.04653	0.00404	0.00479
17	0.00914	0.00765	0.00911	0.02470	0.01066	0.00618	0.00549	0.01137	0.03484	0.02940	0.03304	0.05156	0.00898	0.00423	0.00382	0.00082	0.02497	0.00344	0.00284	0.71774
18	0.00632	0.00444	0.00545	0.00564	0.00648	0.00409	0.00405	0.00750	0.00975	0.03789	0.21994	0.24077	0.20604	0.14537	0.00815	0.00203	0.00281	0.07540	0.00410	0.00378
19	0.01357	0.15562	0.04041	0.02748	0.03002	0.35736	0.02264	0.11337	0.01227	0.03034	0.06802	0.02394	0.00947	0.03181	0.00458	0.00127	0.00593	0.00368	0.00277	0.04547
20	0.00579	0.00436	0.00526	0.00535	0.00633	0.00392	0.00390	0.00712	0.01045	0.01381	0.33089	0.19350	0.30227	0.03573	0.00616	0.02567	0.00239	0.02900	0.00429	0.00380
21	0.17998	0.03707	0.05298	0.02097	0.05909	0.07199	0.04470	0.17173	0.13195	0.05276	0.03105	0.03887	0.00959	0.00605	0.02194	0.00153	0.03723	0.02113	0.00337	0.00602
22	0.03241	0.04900	0.09204	0.02688	0.07875	0.12020	0.05638	0.11634	0.05537	0.03231	0.03059	0.06452	0.02829	0.00590	0.00499	0.00136	0.05690	0.05010	0.00301	0.09466

[dist]
# distance from previous block
# <min> <max>
0	5

[block]
# block no. 7 follows, 59 sequences, length 16
# corresponding to MSA columns:
# 1633-1648
name=unknown_H
#
# <colnr> <probs for GDERKNQSTAVLIFYWHMCP>
#	G	D	E	R	K	N	Q	S	T	A	V	L	I	F	Y	W	H	M	C	P
0	0.00759	0.00584	0.00706	0.02872	0.02655	0.00555	0.00501	0.09170	0.02605	0.01483	0.14277	0.29293	0.15548	0.02447	0.00521	0.00148	0.00295	0.00819	0.03307	0.11454
1	0.01169	0.09468	0.30359	0.02835	0.08572	0.06909	0.04563	0.11840	0.07343	0.05806	0.00939	0.01048	0.00704	0.00504	0.01764	0.00142	0.03044	0.00362	0.00270	0.02358
2	0.03391	0.12033	0.23051	0.01150	0.06777	0.05273	0.05793	0.10440	0.13908	0.01557	0.02684	0.05884	0.00951	0.02090	0.00488	0.00143	0.03053	0.00433	0.00287	0.00614
3	0.00665	0.00431	0.00533	0.00569	0.00627	0.00403	0.00383	0.00741	0.00856	0.06078	0.05161	0.42380	0.11449	0.23176	0.00990	0.00236	0.00305	0.02478	0.02174	0.00365
4	0.01030	0.00989	0.01706	0.14539	0.63406	0.01014	0.04640	0.01294	0.00983	0.01382	0.00892	0.04491	0.00772	0.00440	0.00447	0.00136	0.00533	0.00434	0.00223	0.00650
5	0.02799	0.15752	0.17507	0.04815	0.13885	0.03752	0.03074	0.15963	0.01195	0.08057	0.04874	0.04499	0.00935	0.00502	0.00416	0.00130	0.00509	0.00409	0.00296	0.00632
6	0.03919	0.05308	0.02809	0.10463	0.15984	0.00998	0.03255	0.14897	0.03953	0.08037	0.04198	0.12022	0.01156	0.00719	0.03302	0.00164	0.07383	0.00521	0.00322	0.00588
7	0.00679	0.00458	0.00549	0.00557	0.00667	0.00415	0.00411	0.00803	0.00994	0.06764	0.15977	0.19999	0.30244	0.09307	0.00697	0.00184	0.00274	0.07784	0.02841	0.00397
8	0.01163	0.00784	0.04110	0.00722	0.00949	0.04697	0.00591	0.08276	0.06183	0.23337	0.08961	0.07895	0.17477	0.04736	0.00558	0.00157	0.00360	0.04313	0.04180	0.00549
9	0.01091	0.06436	0.03544	0.05839	0.23275	0.06156	0.08549	0.08869	0.07480	0.04064	0.01223	0.13274	0.02047	0.02952	0.00536	0.00150	0.03091	0.00536	0.00297	0.00591
10	0.01218	0.01026	0.08973	0.03596	0.10770	0.03743	0.02600	0.12450	0.08746	0.16286	0.05865	0.06569	0.01247	0.06740	0.00658	0.00166	0.06250	0.02130	0.00361	0.00607
11	0.00647	0.00515	0.00589	0.00656	0.00712	0.04700	0.00453	0.04059	0.00921	0.01195	0.02319	0.71119	0.05395	0.01346	0.02950	0.00188	0.00320	0.01134	0.00397	0.00385
12	0.32304	0.14454	0.09549	0.03704	0.03708	0.23817	0.00811	0.04628	0.00997	0.01512	0.00682	0.00801	0.00547	0.00424	0.00342	0.00124	0.00540	0.00277	0.00241	0.00538
13	0.00569	0.00447	0.00521	0.00549	0.00659	0.00392	0.00399	0.00681	0.00946	0.01208	0.06483	0.33097	0.38389	0.03002	0.00569	0.00164	0.00257	0.05918	0.00401	0.05349
14	0.01033	0.02261	0.06816	0.03268	0.10516	0.15276	0.00803	0.10091	0.05347	0.01482	0.10524	0.06143	0.14303	0.00786	0.02812	0.00158	0.04014	0.03506	0.00331	0.00532
15	0.05468	0.12464	0.05151	0.00985	0.01197	0.15148	0.00843	0.14331	0.01093	0.04425	0.00857	0.02566	0.00745	0.01897	0.00739	0.00150	0.25703	0.02394	0.03291	0.00551

[dist]
# distance from previous block
# <min> <max>
0	3

[block]
# block no. 8 follows, 59 sequences, length 14
# corresponding to MSA columns:
# 1653-1661,1663-1667
name=unknown_I
#
# <colnr> <probs for GDERKNQSTAVLIFYWHMCP>
#	G	D	E	R	K	N	Q	S	T	A	V	L	I	F	Y	W	H	M	C	P
0	0.00723	0.00490	0.00601	0.00587	0.00695	0.00482	0.00433	0.00877	0.03813	0.07191	0.06540	0.06481	0.24604	0.19352	0.19567	0.00338	0.00511	0.04601	0.01716	0.00400
1	0.01296	0.01129	0.07076	0.01003	0.01327	0.01139	0.06208	0.29102	0.35761	0.04755	0.01388	0.01357	0.01019	0.00541	0.00442	0.00140	0.00439	0.00447	0.04737	0.00694
2	0.00583	0.00444	0.00511	0.00513	0.00609	0.00408	0.00366	0.00694	0.00953	0.01230	0.19235	0.07737	0.37121	0.19221	0.05648	0.00243	0.00328	0.03410	0.00385	0.00361
3	0.00931	0.00835	0.01201	0.01037	0.01082	0.01100	0.03491	0.01046	0.00720	0.04798	0.00811	0.01269	0.00772	0.06626	0.16887	0.00303	0.55971	0.00427	0.00224	0.00469
4	0.00574	0.00413	0.00551	0.00649	0.00696	0.00391	0.00470	0.00678	0.00888	0.01171	0.02502	0.64221	0.06232	0.01338	0.00572	0.00183	0.00286	0.17406	0.00409	0.00369
5	0.01151	0.00914	0.00982	0.00866	0.01119	0.01029	0.00678	0.07510	0.63783	0.07046	0.04917	0.01778	0.04993	0.00626	0.00455	0.00147	0.00349	0.00520	0.00455	0.00681
6	0.05233	0.55519	0.09368	0.00890	0.01272	0.10863	0.03359	0.06762	0.01019	0.01251	0.00678	0.00779	0.00578	0.00402	0.00327	0.00107	0.00529	0.00270	0.00215	0.00578
7	0.00644	0.00435	0.00518	0.00521	0.00550	0.00445	0.00330	0.00694	0.00697	0.00964	0.01528	0.05140	0.05130	0.57711	0.16605	0.00437	0.00536	0.00628	0.06180	0.00308
8	0.23402	0.14113	0.10996	0.03765	0.05288	0.20954	0.00853	0.01467	0.06393	0.01409	0.00768	0.00929	0.00632	0.02666	0.00459	0.00137	0.04677	0.00309	0.00241	0.00542
9	0.05457	0.00742	0.00804	0.00693	0.00848	0.03645	0.00533	0.14753	0.01081	0.11633	0.01241	0.01646	0.01051	0.18656	0.00892	0.00194	0.09436	0.00447	0.25752	0.00496
10	0.01080	0.31749	0.23795	0.01133	0.09447	0.02459	0.02122	0.05276	0.12140	0.01390	0.01029	0.01142	0.03427	0.00467	0.00384	0.00124	0.00510	0.01451	0.00251	0.00622
11	0.00728	0.00857	0.14585	0.02267	0.01004	0.00596	0.01905	0.00929	0.00946	0.02968	0.04784	0.06155	0.33750	0.05231	0.01612	0.00159	0.03722	0.01980	0.01541	0.14280
12	0.78245	0.00843	0.00690	0.00603	0.00884	0.00953	0.00497	0.01392	0.00808	0.10727	0.00738	0.00803	0.00545	0.00425	0.00292	0.00137	0.00345	0.00262	0.00303	0.00508
13	0.01129	0.10323	0.26698	0.01021	0.03485	0.01005	0.04647	0.13323	0.01150	0.10041	0.04518	0.02902	0.05480	0.00533	0.00454	0.00131	0.03326	0.00426	0.04885	0.04523

[dist]
# distance from previous block
# <min> <max>
0	1

[block]
# block no. 9 follows, 59 sequences, length 13
# corresponding to MSA columns:
# 1671-1682,1686
name=unknown_J
#
# <colnr> <probs for GDERKNQSTAVLIFYWHMCP>
#	G	D	E	R	K	N	Q	S	T	A	V	L	I	F	Y	W	H	M	C	P
0	0.01507	0.00921	0.04202	0.00914	0.03217	0.00812	0.04975	0.15480	0.03452	0.36395	0.05728	0.01365	0.01071	0.00504	0.00428	0.00123	0.00410	0.00420	0.00427	0.17649
1	0.00547	0.00413	0.00509	0.00580	0.00649	0.00375	0.00411	0.00644	0.00907	0.01162	0.03037	0.54070	0.26427	0.01292	0.00555	0.00172	0.00258	0.07215	0.00410	0.00367
2	0.01121	0.19618	0.03309	0.02472	0.02763	0.05262	0.00704	0.10515	0.09106	0.01522	0.00877	0.00963	0.00709	0.00402	0.00353	0.00095	0.00421	0.00304	0.00280	0.39205
3	0.01181	0.69663	0.08001	0.00845	0.02986	0.04097	0.00826	0.01354	0.00922	0.02926	0.00665	0.00761	0.00584	0.00386	0.00305	0.00099	0.00490	0.00253	0.00201	0.03455
4	0.02949	0.36866	0.25989	0.00970	0.01394	0.05674	0.03259	0.05588	0.06259	0.01324	0.00840	0.02549	0.00700	0.01938	0.01859	0.00136	0.00549	0.00331	0.00230	0.00595
5	0.00713	0.00523	0.00637	0.00637	0.00748	0.00515	0.00468	0.03945	0.10590	0.03429	0.27747	0.33719	0.10703	0.01055	0.00526	0.00158	0.00264	0.02735	0.00443	0.00445
6	0.00561	0.00411	0.00521	0.00595	0.00650	0.00381	0.00417	0.00656	0.00893	0.01167	0.05906	0.55784	0.15889	0.06051	0.00655	0.00189	0.00272	0.08233	0.00405	0.00363
7	0.01079	0.10718	0.21346	0.02423	0.08835	0.06792	0.00952	0.07382	0.04302	0.07222	0.03028	0.11662	0.03467	0.01916	0.00455	0.00136	0.00484	0.00487	0.00297	0.07018
8	0.03528	0.07017	0.03908	0.03538	0.21943	0.05192	0.03241	0.04117	0.15942	0.04509	0.02555	0.08626	0.03972	0.02527	0.00534	0.00150	0.04308	0.03486	0.00314	0.00592
9	0.00780	0.00487	0.00593	0.00591	0.00704	0.00449	0.00432	0.02945	0.00995	0.10962	0.10319	0.27391	0.21187	0.11206	0.00731	0.00191	0.00293	0.06034	0.03290	0.00419
10	0.02423	0.00642	0.00936	0.19198	0.03202	0.00680	0.05352	0.02520	0.05787	0.03630	0.10132	0.19898	0.12498	0.03051	0.00566	0.00165	0.01875	0.06631	0.00351	0.00462
11	0.04180	0.11596	0.05722	0.08379	0.20471	0.10358	0.12311	0.07944	0.05817	0.04725	0.00951	0.03900	0.00775	0.00465	0.00425	0.00132	0.00557	0.00409	0.00267	0.00614
12	0.01195	0.06836	0.04606	0.06623	0.05712	0.15671	0.07427	0.12022	0.10021	0.05241	0.04207	0.07808	0.03173	0.00667	0.02709	0.00154	0.04551	0.00485	0.00316	0.00577

[dist]
# distance from previous block
# <min> <max>
1	5

[block]
# block no. 10 follows, 59 sequences, length 14
# corresponding to MSA columns:
# 1696-1709
name=unknown_K
#
# <colnr> <probs for GDERKNQSTAVLIFYWHMCP>
#	G	D	E	R	K	N	Q	S	T	A	V	L	I	F	Y	W	H	M	C	P
0	0.01075	0.00873	0.00975	0.00828	0.01052	0.05106	0.03075	0.16757	0.16891	0.04139	0.07545	0.11219	0.01490	0.09060	0.01788	0.00172	0.02563	0.02220	0.00375	0.12797
1	0.12820	0.01863	0.02095	0.03446	0.06447	0.12300	0.00626	0.05905	0.01012	0.02850	0.06682	0.16285	0.08841	0.05728	0.00609	0.03105	0.01818	0.02564	0.02602	0.02403
2	0.01058	0.01009	0.01726	0.04595	0.73043	0.01012	0.02962	0.01317	0.01000	0.01423	0.00927	0.03109	0.00819	0.00449	0.00449	0.00136	0.00520	0.03542	0.00230	0.00673
3	0.00577	0.00415	0.00491	0.00531	0.00573	0.00390	0.00342	0.00636	0.00812	0.01059	0.05029	0.35789	0.17237	0.32712	0.01191	0.00266	0.00314	0.00948	0.00359	0.00329
4	0.00661	0.00502	0.00694	0.00753	0.05054	0.00541	0.00511	0.00769	0.00776	0.01075	0.05469	0.15661	0.03856	0.24467	0.29033	0.00424	0.04863	0.04219	0.00295	0.00376
5	0.00578	0.00445	0.00522	0.00512	0.00625	0.00396	0.00376	0.00730	0.01098	0.01454	0.41473	0.08649	0.35742	0.04711	0.00600	0.00158	0.00227	0.00875	0.00441	0.00389
6	0.01095	0.01120	0.04174	0.12953	0.42080	0.05908	0.07740	0.04451	0.07475	0.01433	0.00889	0.01124	0.00716	0.00451	0.00515	0.00140	0.06453	0.00404	0.00241	0.00637
7	0.07733	0.29104	0.03800	0.01179	0.01554	0.05533	0.30640	0.03957	0.01016	0.01382	0.04338	0.01055	0.00780	0.00412	0.00399	0.00123	0.00563	0.00383	0.02151	0.03899
8	0.01033	0.04523	0.14329	0.03540	0.03458	0.09316	0.14920	0.01345	0.06216	0.07362	0.03464	0.09012	0.05749	0.02124	0.03140	0.00170	0.06661	0.02795	0.00293	0.00549
9	0.06176	0.10471	0.03811	0.00834	0.05544	0.02022	0.00638	0.11282	0.05238	0.01503	0.08040	0.18771	0.09337	0.06810	0.00594	0.00168	0.00377	0.07534	0.00356	0.00494
10	0.09422	0.03576	0.01316	0.08640	0.32662	0.04962	0.00954	0.06728	0.08187	0.03668	0.01068	0.07548	0.00938	0.02669	0.03635	0.00165	0.00500	0.00452	0.00284	0.02627
11	0.01078	0.04349	0.07716	0.00906	0.04718	0.04941	0.00742	0.22970	0.03124	0.02826	0.03791	0.09395	0.15527	0.00714	0.00473	0.00136	0.01992	0.04245	0.00358	0.09999
12	0.02675	0.03146	0.06341	0.05934	0.06030	0.04050	0.16529	0.04649	0.07827	0.02886	0.02521	0.04357	0.04426	0.00496	0.00464	0.00124	0.03507	0.00442	0.00282	0.23314
13	0.05309	0.05040	0.08657	0.02722	0.04149	0.07338	0.04479	0.13558	0.07098	0.02962	0.01329	0.20766	0.01287	0.02766	0.05958	0.00188	0.02369	0.00589	0.00324	0.03114

[dist]
# distance from previous block
# <min> <max>
12	61

[block]
# block no. 11 follows, 59 sequences, length 15
# corresponding to MSA columns:
# 1778-1792
name=unknown_L
#
# <colnr> <probs for GDERKNQSTAVLIFYWHMCP>
#	G	D	E	R	K	N	Q	S	T	A	V	L	I	F	Y	W	H	M	C	P
0	0.01082	0.09887	0.03863	0.31672	0.17675	0.06030	0.02585	0.03839	0.01009	0.08442	0.02686	0.05714	0.00882	0.02232	0.00468	0.00142	0.00530	0.00436	0.00260	0.00566
1	0.02776	0.00852	0.02373	0.23310	0.12873	0.00896	0.04331	0.08837	0.09547	0.11318	0.07326	0.04123	0.03682	0.03935	0.00529	0.00155	0.00462	0.01758	0.00336	0.00581
2	0.00627	0.00467	0.00670	0.00670	0.00743	0.00528	0.00508	0.00764	0.00717	0.01014	0.01376	0.01999	0.05288	0.12670	0.69122	0.00648	0.01046	0.00516	0.00249	0.00378
3	0.00948	0.00851	0.00969	0.00800	0.06002	0.04819	0.00586	0.01145	0.00957	0.01439	0.05237	0.01052	0.00847	0.00370	0.00348	0.00076	0.00357	0.00301	0.00270	0.72628
4	0.01347	0.01186	0.09196	0.05024	0.10908	0.06305	0.21556	0.08312	0.03737	0.21506	0.01103	0.01196	0.00785	0.00456	0.00470	0.00137	0.01903	0.00424	0.00326	0.04125
5	0.01099	0.00949	0.00999	0.00899	0.01148	0.01099	0.00699	0.02347	0.80925	0.01848	0.01798	0.01648	0.01348	0.00599	0.00449	0.00150	0.00350	0.00499	0.00449	0.00699
6	0.00916	0.00785	0.00916	0.00654	0.01047	0.00589	0.00523	0.01112	0.00916	0.01439	0.00785	0.00916	0.00654	0.00327	0.00327	0.00065	0.00327	0.00262	0.00262	0.87178
7	0.04931	0.01206	0.01691	0.01336	0.04429	0.10882	0.30335	0.26079	0.01380	0.01835	0.05947	0.05790	0.01016	0.00523	0.00470	0.00140	0.00585	0.00495	0.00321	0.00609
8	0.00934	0.00812	0.01019	0.00905	0.01025	0.07286	0.03479	0.07199	0.00896	0.04324	0.01136	0.01501	0.04118	0.01978	0.41454	0.00433	0.20317	0.00451	0.00260	0.00472
9	0.00587	0.00431	0.00590	0.00641	0.00696	0.00444	0.00463	0.00697	0.00798	0.01084	0.02015	0.38898	0.07083	0.07578	0.31871	0.00396	0.00624	0.04399	0.00335	0.00369
10	0.00596	0.00446	0.00618	0.00660	0.00707	0.00477	0.00476	0.00701	0.00780	0.01072	0.01885	0.42426	0.04418	0.06822	0.31983	0.00395	0.03959	0.00878	0.00327	0.00373
11	0.12948	0.27351	0.20977	0.01149	0.01584	0.07115	0.20384	0.01391	0.00947	0.01348	0.00730	0.00887	0.00578	0.00396	0.00381	0.00126	0.00587	0.00331	0.00211	0.00578
12	0.03575	0.04188	0.03774	0.02666	0.06216	0.16186	0.04107	0.09556	0.10444	0.21166	0.02862	0.02758	0.03721	0.00570	0.01429	0.00139	0.01754	0.00429	0.00365	0.04097
13	0.13231	0.00971	0.03206	0.00842	0.01115	0.04884	0.02038	0.19470	0.17077	0.12202	0.12998	0.03444	0.01461	0.00612	0.00437	0.00140	0.00398	0.02993	0.00414	0.02066
14	0.03392	0.01198	0.03472	0.04769	0.10861	0.18477	0.06824	0.11855	0.08163	0.05689	0.04743	0.01504	0.05992	0.03791	0.00549	0.00146	0.03630	0.01627	0.00316	0.03001

[dist]
# distance from previous block
# <min> <max>
0	19

[block]
# block no. 12 follows, 59 sequences, length 17
# corresponding to MSA columns:
# 1812-1828
name=unknown_M
#
# <colnr> <probs for GDERKNQSTAVLIFYWHMCP>
#	G	D	E	R	K	N	Q	S	T	A	V	L	I	F	Y	W	H	M	C	P
0	0.01295	0.64567	0.02055	0.00849	0.01190	0.21514	0.00780	0.01430	0.00984	0.01049	0.00631	0.00730	0.00567	0.00397	0.00311	0.00099	0.00551	0.00248	0.00198	0.00553
1	0.00631	0.00473	0.00710	0.00710	0.00789	0.00552	0.00552	0.00789	0.00710	0.01025	0.01183	0.01735	0.01104	0.03312	0.82728	0.00710	0.01183	0.00473	0.00237	0.00394
2	0.00683	0.00399	0.00550	0.00570	0.00598	0.00385	0.00388	0.00615	0.00722	0.00953	0.06050	0.17731	0.09697	0.05528	0.01313	0.50460	0.00336	0.02479	0.00281	0.00264
