[name]
unknown

[dist]
# distance from previous block
# <min> <max>
0	571

[block]
# block no. 0 follows, 45 sequences, length 13
# corresponding to MSA columns:
# 577-589
name=unknown_A
#
# <colnr> <probs for GDERKNQSTAVLIFYWHMCP>
#	G	D	E	R	K	N	Q	S	T	A	V	L	I	F	Y	W	H	M	C	P
0	0.00849	0.00606	0.00847	0.00970	0.01087	0.00604	0.00837	0.01084	0.01220	0.01589	0.02851	0.11726	0.03124	0.01498	0.00737	0.00245	0.00480	0.68660	0.00495	0.00490
1	0.01435	0.81458	0.02813	0.00918	0.01378	0.02124	0.00918	0.01607	0.01091	0.01263	0.00746	0.00861	0.00689	0.00459	0.00344	0.00115	0.00574	0.00287	0.00230	0.00689
2	0.00653	0.00471	0.00618	0.00736	0.00776	0.00437	0.00493	0.00749	0.01039	0.01375	0.03096	0.76608	0.07639	0.01664	0.00682	0.00216	0.00309	0.01504	0.00498	0.00437
3	0.32451	0.01679	0.01324	0.01131	0.01468	0.28762	0.04372	0.14225	0.06402	0.02141	0.00977	0.01077	0.00756	0.00555	0.00448	0.00157	0.00663	0.00379	0.00358	0.00675
4	0.01957	0.05539	0.01642	0.01208	0.01630	0.01663	0.01002	0.66740	0.08015	0.03190	0.01328	0.01321	0.00956	0.00641	0.00528	0.00160	0.00577	0.00483	0.00522	0.00897
5	0.00781	0.00520	0.00585	0.00585	0.00585	0.00520	0.00325	0.00781	0.00781	0.01041	0.01691	0.03513	0.01952	0.81135	0.02732	0.00520	0.00520	0.00781	0.00325	0.00325
6	0.00654	0.00467	0.00623	0.00747	0.00779	0.00436	0.00498	0.00747	0.01028	0.01370	0.02959	0.80785	0.03550	0.01682	0.00685	0.00218	0.00311	0.01526	0.00498	0.00436
7	0.01946	0.01936	0.09171	0.01380	0.05530	0.37641	0.02885	0.05183	0.04524	0.22694	0.01286	0.01306	0.00924	0.00584	0.00513	0.00154	0.00754	0.00434	0.00399	0.00754
8	0.01435	0.81458	0.02813	0.00918	0.01378	0.02124	0.00918	0.01607	0.01091	0.01263	0.00746	0.00861	0.00689	0.00459	0.00344	0.00115	0.00574	0.00287	0.00230	0.00689
9	0.01325	0.38363	0.34360	0.01324	0.05391	0.07878	0.01409	0.01691	0.01149	0.01473	0.00856	0.01006	0.00693	0.00489	0.00434	0.00142	0.00701	0.00347	0.00234	0.00735
10	0.01694	0.01344	0.01493	0.01211	0.01588	0.01505	0.03848	0.40304	0.35800	0.02808	0.01683	0.01615	0.01235	0.00675	0.00545	0.00171	0.00528	0.00545	0.00531	0.00877
11	0.00752	0.00520	0.00606	0.00620	0.00647	0.00513	0.00378	0.00793	0.00872	0.01157	0.04301	0.12931	0.08262	0.58447	0.06594	0.00466	0.00520	0.00893	0.00366	0.00363
12	0.73800	0.03741	0.00919	0.00772	0.01104	0.06620	0.00632	0.01659	0.03410	0.02290	0.00799	0.00915	0.00627	0.00508	0.00350	0.00163	0.00459	0.00305	0.00332	0.00596

[dist]
# distance from previous block
# <min> <max>
1	3

[block]
# block no. 1 follows, 45 sequences, length 18
# corresponding to MSA columns:
# 598-615
name=unknown_B
#
# <colnr> <probs for GDERKNQSTAVLIFYWHMCP>
#	G	D	E	R	K	N	Q	S	T	A	V	L	I	F	Y	W	H	M	C	P
0	0.02070	0.01456	0.01582	0.01213	0.01641	0.01595	0.01002	0.70119	0.02445	0.09372	0.01355	0.01332	0.00946	0.00646	0.00537	0.00161	0.00580	0.00488	0.00547	0.00913
1	0.00932	0.00466	0.00699	0.00699	0.00699	0.00466	0.00466	0.00699	0.00699	0.00932	0.00932	0.01632	0.00932	0.01865	0.02098	0.84382	0.00466	0.00466	0.00233	0.00233
2	0.02186	0.01110	0.07435	0.01026	0.01462	0.00914	0.00900	0.05717	0.08537	0.61773	0.01996	0.01765	0.01288	0.00657	0.00538	0.00168	0.00487	0.00532	0.00613	0.00898
3	0.01351	0.48417	0.28768	0.01136	0.01704	0.01739	0.01278	0.01720	0.03332	0.04828	0.00923	0.01031	0.00742	0.00494	0.00416	0.00138	0.00640	0.00345	0.00257	0.00739
4	0.01272	0.31005	0.42281	0.01255	0.01875	0.01555	0.01467	0.01790	0.07194	0.04171	0.01022	0.01128	0.00782	0.00514	0.00454	0.00151	0.00673	0.00379	0.00268	0.00764
5	0.01242	0.36447	0.41283	0.01313	0.01948	0.01630	0.06109	0.01661	0.01123	0.01514	0.00878	0.01036	0.00692	0.00485	0.00447	0.00147	0.00706	0.00364	0.00231	0.00744
6	0.00748	0.00543	0.00704	0.00675	0.00797	0.00500	0.00502	0.00986	0.01475	0.02073	0.69725	0.09097	0.07867	0.01146	0.00637	0.00173	0.00258	0.01014	0.00581	0.00500
7	0.01435	0.81458	0.02813	0.00918	0.01378	0.02124	0.00918	0.01607	0.01091	0.01263	0.00746	0.00861	0.00689	0.00459	0.00344	0.00115	0.00574	0.00287	0.00230	0.00689
8	0.00710	0.00504	0.00670	0.00783	0.00830	0.00482	0.00559	0.00827	0.01048	0.01389	0.02815	0.57913	0.03304	0.09100	0.00889	0.00252	0.00369	0.16638	0.00481	0.00438
9	0.07107	0.03631	0.10186	0.01285	0.01677	0.35091	0.01097	0.25484	0.05808	0.02131	0.01056	0.01136	0.00804	0.00581	0.00495	0.00153	0.00757	0.00405	0.00371	0.00745
10	0.01795	0.01508	0.01707	0.01875	0.25944	0.13841	0.01185	0.26671	0.07465	0.10751	0.01286	0.01364	0.00958	0.00585	0.00528	0.00159	0.00639	0.00475	0.00423	0.00841
11	0.00644	0.00544	0.00558	0.00554	0.00731	0.00457	0.00416	0.00790	0.01247	0.01506	0.11134	0.05075	0.71838	0.01339	0.00634	0.00180	0.00270	0.01120	0.00506	0.00457
12	0.18121	0.01636	0.05540	0.03180	0.01610	0.20201	0.03363	0.20905	0.11080	0.07534	0.01209	0.01257	0.00893	0.00589	0.00487	0.00161	0.00642	0.00432	0.00411	0.00749
13	0.00770	0.00552	0.00646	0.00640	0.00792	0.00484	0.00473	0.00936	0.01292	0.05776	0.25795	0.18081	0.39206	0.01303	0.00638	0.00183	0.00283	0.01124	0.00534	0.00490
14	0.01276	0.01047	0.01242	0.00927	0.01377	0.00911	0.03037	0.08755	0.11332	0.04315	0.01190	0.01281	0.00935	0.00475	0.00442	0.00107	0.00437	0.00389	0.00379	0.60146
15	0.00983	0.00790	0.00851	0.00789	0.00998	0.00809	0.00597	0.09953	0.19399	0.01883	0.08978	0.12239	0.32951	0.05445	0.00721	0.00201	0.00362	0.00945	0.00512	0.00596
16	0.01486	0.06478	0.22565	0.01570	0.06445	0.10033	0.15912	0.04412	0.05591	0.13120	0.01288	0.04518	0.00993	0.00596	0.00567	0.00168	0.02626	0.00519	0.00349	0.00764
17	0.08320	0.01642	0.01494	0.03000	0.11397	0.26658	0.02669	0.18624	0.07327	0.05314	0.01480	0.01546	0.06932	0.00639	0.00513	0.00158	0.00672	0.00489	0.00392	0.00732

[dist]
# distance from previous block
# <min> <max>
14	73

[block]
# block no. 2 follows, 45 sequences, length 23
# corresponding to MSA columns:
# 697-719
name=unknown_C
#
# <colnr> <probs for GDERKNQSTAVLIFYWHMCP>
#	G	D	E	R	K	N	Q	S	T	A	V	L	I	F	Y	W	H	M	C	P
0	0.01165	0.16736	0.52304	0.05909	0.02172	0.01367	0.04523	0.01656	0.01133	0.03269	0.01000	0.02978	0.00772	0.00528	0.00489	0.00160	0.00727	0.00418	0.00247	0.02448
1	0.00991	0.00920	0.01542	0.72702	0.03449	0.01145	0.01417	0.01334	0.01054	0.01360	0.00998	0.01492	0.00772	0.00852	0.07634	0.00241	0.00781	0.00486	0.00243	0.00586
2	0.01035	0.01394	0.22142	0.01559	0.17850	0.00978	0.03508	0.01525	0.08560	0.01896	0.25793	0.02485	0.05743	0.00771	0.00572	0.00171	0.00525	0.02396	0.00402	0.00695
3	0.01162	0.02584	0.63270	0.01619	0.02345	0.06283	0.11863	0.01731	0.01176	0.01678	0.00971	0.01165	0.00699	0.00505	0.00525	0.00169	0.00820	0.00425	0.00236	0.00773
4	0.00764	0.00561	0.00786	0.00786	0.00863	0.00627	0.00581	0.00910	0.00859	0.01208	0.01664	0.02559	0.04676	0.21609	0.58221	0.00756	0.01178	0.00646	0.00305	0.00443
5	0.01161	0.13053	0.01369	0.00814	0.01288	0.00927	0.00679	0.01390	0.01110	0.01676	0.00923	0.01075	0.00779	0.00407	0.00390	0.00085	0.00424	0.00313	0.00305	0.71833
6	0.00694	0.00546	0.00627	0.00606	0.00762	0.00479	0.00455	0.00886	0.01365	0.01785	0.39768	0.04615	0.43030	0.01235	0.00634	0.00175	0.00263	0.01056	0.00543	0.00479
7	0.01113	0.00954	0.01113	0.00795	0.01272	0.00716	0.00636	0.01352	0.01113	0.01749	0.00954	0.01113	0.00795	0.00398	0.00398	0.00080	0.00398	0.00318	0.00318	0.84417
8	0.01507	0.49829	0.08641	0.06179	0.01671	0.19651	0.01069	0.01751	0.02874	0.01340	0.00829	0.00970	0.00712	0.00496	0.00407	0.00130	0.00689	0.00329	0.00248	0.00680
9	0.01483	0.01164	0.05214	0.03949	0.05668	0.03122	0.13110	0.07854	0.01267	0.19426	0.01351	0.01662	0.01059	0.05523	0.13179	0.00307	0.13036	0.00541	0.00381	0.00706
10	0.08642	0.00960	0.01089	0.00792	0.01254	0.00762	0.00636	0.01413	0.01109	0.04319	0.00974	0.01115	0.00794	0.00415	0.00396	0.00090	0.00401	0.00323	0.00331	0.74184
11	0.01113	0.00954	0.01113	0.00795	0.01272	0.00716	0.00636	0.01352	0.01113	0.01749	0.00954	0.01113	0.00795	0.00398	0.00398	0.00080	0.00398	0.00318	0.00318	0.84417
12	0.00770	0.00563	0.00801	0.00801	0.00876	0.00637	0.00594	0.00919	0.00844	0.01200	0.01494	0.02421	0.01478	0.21184	0.62035	0.00787	0.01234	0.00621	0.00296	0.00445
13	0.01066	0.01000	0.01682	0.59653	0.19063	0.01174	0.01472	0.01410	0.01128	0.01493	0.04987	0.01545	0.00972	0.00554	0.00541	0.00174	0.00675	0.00503	0.00263	0.00645
14	0.02310	0.00892	0.01214	0.00938	0.01336	0.00772	0.00772	0.02520	0.01535	0.73625	0.06614	0.01957	0.01552	0.00690	0.00545	0.00166	0.00445	0.00566	0.00660	0.00889
15	0.00845	0.00733	0.01080	0.36405	0.02101	0.00807	0.00939	0.01115	0.01229	0.01594	0.21075	0.03228	0.22134	0.00928	0.00594	0.00180	0.00476	0.03600	0.00404	0.00533
16	0.00691	0.00550	0.00623	0.00616	0.00775	0.00481	0.00469	0.00874	0.01326	0.01701	0.30042	0.04822	0.48217	0.01277	0.00640	0.00181	0.00279	0.05434	0.00530	0.00474
17	0.11292	0.02076	0.01440	0.01251	0.01573	0.49993	0.00968	0.16891	0.01655	0.06599	0.00992	0.01075	0.00763	0.00572	0.00481	0.00148	0.00799	0.00379	0.00359	0.00694
18	0.02005	0.02558	0.01521	0.01383	0.01659	0.78980	0.01037	0.02143	0.01521	0.01314	0.00830	0.00968	0.00691	0.00553	0.00484	0.00138	0.00968	0.00346	0.00277	0.00622
19	0.00653	0.00491	0.00605	0.00689	0.00765	0.00443	0.00474	0.00764	0.01100	0.01422	0.06494	0.57276	0.23735	0.01572	0.00669	0.00206	0.00298	0.01398	0.00502	0.00443
20	0.01113	0.00954	0.01113	0.00795	0.01272	0.00716	0.00636	0.01352	0.01113	0.01749	0.00954	0.01113	0.00795	0.00398	0.00398	0.00080	0.00398	0.00318	0.00318	0.84417
21	0.00921	0.00474	0.00710	0.00710	0.00717	0.00480	0.00480	0.00717	0.00710	0.00954	0.00967	0.01664	0.00960	0.02011	0.07318	0.78713	0.00532	0.00474	0.00237	0.00250
22	0.01389	0.71313	0.12553	0.00997	0.01500	0.02011	0.01056	0.01619	0.01096	0.01319	0.00774	0.00896	0.00688	0.00466	0.00366	0.00122	0.00602	0.00301	0.00229	0.00702

[dist]
# distance from previous block
# <min> <max>
0	1

[block]
# block no. 3 follows, 45 sequences, length 16
# corresponding to MSA columns:
# 721-736
name=unknown_D
#
# <colnr> <probs for GDERKNQSTAVLIFYWHMCP>
#	G	D	E	R	K	N	Q	S	T	A	V	L	I	F	Y	W	H	M	C	P
0	0.06608	0.00612	0.00697	0.00651	0.00838	0.00556	0.00497	0.01092	0.01343	0.08884	0.33307	0.06239	0.34431	0.01142	0.00606	0.00175	0.00293	0.00967	0.00539	0.00525
1	0.01661	0.09033	0.14384	0.01208	0.01647	0.08911	0.01113	0.32113	0.11501	0.05677	0.04029	0.02721	0.01165	0.00653	0.00520	0.00162	0.00614	0.01642	0.00439	0.00808
2	0.01082	0.02510	0.67065	0.01423	0.02170	0.01169	0.01786	0.01649	0.01130	0.01707	0.00962	0.01130	0.00697	0.00494	0.00494	0.00157	0.00735	0.00385	0.00240	0.13015
3	0.07242	0.16963	0.37014	0.01432	0.07077	0.01388	0.05355	0.03875	0.05220	0.05331	0.01151	0.01324	0.02110	0.00547	0.00484	0.00161	0.00666	0.01606	0.00295	0.00760
4	0.32881	0.16864	0.05511	0.00934	0.01315	0.03636	0.00828	0.12290	0.10336	0.04284	0.03895	0.01318	0.02745	0.00587	0.00426	0.00157	0.00500	0.00413	0.00382	0.00697
5	0.00707	0.00528	0.00641	0.00658	0.00764	0.00481	0.00472	0.00868	0.01248	0.01663	0.31727	0.22259	0.23393	0.09005	0.00850	0.00220	0.00304	0.03237	0.00517	0.00458
6	0.05786	0.01155	0.06898	0.02907	0.16957	0.01040	0.13269	0.01726	0.03466	0.17972	0.10732	0.02069	0.07850	0.00697	0.00626	0.00173	0.04908	0.00618	0.00416	0.00732
7	0.01598	0.14222	0.05465	0.23608	0.09532	0.01234	0.07154	0.01892	0.01262	0.26866	0.01322	0.01447	0.00934	0.00553	0.00512	0.00162	0.00618	0.00476	0.00383	0.00760
8	0.00930	0.00583	0.00836	0.00803	0.00814	0.00659	0.00571	0.00820	0.00744	0.01030	0.01044	0.01838	0.01063	0.11114	0.10614	0.53781	0.11671	0.00515	0.00250	0.00320
9	0.00772	0.00556	0.00660	0.00662	0.00735	0.00541	0.00441	0.00954	0.05227	0.01513	0.23896	0.16417	0.09454	0.34096	0.01500	0.00323	0.00384	0.00978	0.00456	0.00435
10	0.01075	0.09965	0.56483	0.01375	0.02018	0.01257	0.03610	0.01578	0.01151	0.01659	0.06404	0.01529	0.05084	0.00607	0.00564	0.00168	0.03996	0.00474	0.00268	0.00735
11	0.04041	0.51691	0.10796	0.01238	0.08242	0.01815	0.01108	0.01637	0.01097	0.05001	0.00854	0.01008	0.00730	0.00524	0.00524	0.00140	0.08241	0.00346	0.00257	0.00712
12	0.33829	0.00994	0.01193	0.28888	0.04466	0.01153	0.00980	0.08007	0.01193	0.02050	0.08335	0.01626	0.01196	0.00620	0.00474	0.00173	0.00532	0.03332	0.00346	0.00614
13	0.00709	0.00506	0.00685	0.00810	0.00865	0.00483	0.00593	0.00842	0.01082	0.01431	0.02928	0.61461	0.03431	0.01630	0.00700	0.00226	0.00359	0.20311	0.00497	0.00451
14	0.09015	0.04142	0.08628	0.01552	0.01968	0.14186	0.28709	0.08818	0.01371	0.03028	0.05340	0.05623	0.01152	0.00618	0.00593	0.00171	0.03499	0.00568	0.00333	0.00688
15	0.01598	0.01033	0.01446	0.09169	0.20865	0.03047	0.01059	0.06948	0.05432	0.26152	0.05708	0.09464	0.01592	0.00753	0.00562	0.00173	0.00525	0.03227	0.00471	0.00774

[dist]
# distance from previous block
# <min> <max>
0	1

[block]
# block no. 4 follows, 45 sequences, length 13
# corresponding to MSA columns:
# 740-752
name=unknown_E
#
# <colnr> <probs for GDERKNQSTAVLIFYWHMCP>
#	G	D	E	R	K	N	Q	S	T	A	V	L	I	F	Y	W	H	M	C	P
0	0.04737	0.05143	0.12448	0.03336	0.05724	0.01088	0.14477	0.01555	0.05771	0.01698	0.01084	0.01401	0.00901	0.06232	0.00679	0.00165	0.03064	0.00451	0.00300	0.29744
1	0.38719	0.32534	0.14345	0.00924	0.01382	0.01568	0.00943	0.01609	0.01018	0.01847	0.00783	0.00911	0.00639	0.00485	0.00366	0.00147	0.00539	0.00307	0.00275	0.00658
2	0.01832	0.00960	0.01112	0.00905	0.01241	0.04176	0.00729	0.10131	0.05987	0.41561	0.06584	0.02433	0.14377	0.00800	0.00551	0.00166	0.00439	0.00651	0.04588	0.00778
3	0.00713	0.00547	0.00653	0.00627	0.00773	0.00487	0.00470	0.00923	0.01410	0.01892	0.50762	0.04439	0.31969	0.01195	0.00634	0.00173	0.00260	0.01031	0.00557	0.00487
4	0.01240	0.04706	0.31703	0.01308	0.01812	0.01214	0.07806	0.11237	0.13534	0.03748	0.09559	0.06813	0.01547	0.00698	0.00549	0.00173	0.00613	0.00596	0.00388	0.00756
5	0.01297	0.36831	0.32317	0.03375	0.06985	0.01662	0.01413	0.05175	0.01176	0.01572	0.00879	0.01044	0.00708	0.00506	0.00479	0.00147	0.03077	0.00363	0.00246	0.00746
6	0.00805	0.00555	0.00686	0.00669	0.00811	0.00497	0.00495	0.00996	0.01357	0.06290	0.40933	0.17365	0.24061	0.01243	0.00637	0.00180	0.00280	0.01084	0.00554	0.00504
7	0.01517	0.12453	0.04400	0.03936	0.17916	0.01226	0.01059	0.16270	0.01535	0.14426	0.09598	0.02101	0.05165	0.00713	0.00536	0.00163	0.00531	0.05255	0.00437	0.00762
8	0.01188	0.00618	0.00817	0.00797	0.00965	0.00554	0.00593	0.01335	0.01234	0.24230	0.07302	0.42787	0.09653	0.01308	0.00637	0.00198	0.00355	0.04290	0.00553	0.00586
9	0.01113	0.00954	0.01113	0.00795	0.01272	0.00716	0.00636	0.01352	0.01113	0.01749	0.00954	0.01113	0.00795	0.00398	0.00398	0.00080	0.00398	0.00318	0.00318	0.84417
10	0.01162	0.01015	0.01605	0.22753	0.28143	0.01088	0.03156	0.01612	0.09807	0.04138	0.10834	0.02241	0.01658	0.00701	0.00570	0.00178	0.00574	0.07695	0.00365	0.00704
11	0.01559	0.58028	0.02427	0.01015	0.01429	0.07760	0.00942	0.09171	0.03984	0.04350	0.00907	0.01003	0.00770	0.00524	0.00453	0.00131	0.04201	0.00340	0.00292	0.00716
12	0.01034	0.00916	0.01199	0.15645	0.01665	0.05941	0.05940	0.04778	0.01211	0.01588	0.07213	0.05913	0.06303	0.09411	0.06459	0.00262	0.00621	0.13500	0.00374	0.10027

[dist]
# distance from previous block
# <min> <max>
0	2

[block]
# block no. 5 follows, 45 sequences, length 44
# corresponding to MSA columns:
# 755-776,778-799
name=unknown_F
#
# <colnr> <probs for GDERKNQSTAVLIFYWHMCP>
#	G	D	E	R	K	N	Q	S	T	A	V	L	I	F	Y	W	H	M	C	P
0	0.01339	0.01257	0.01285	0.04160	0.01484	0.10814	0.00842	0.06679	0.19184	0.01865	0.01231	0.01335	0.00979	0.00563	0.00574	0.00134	0.07253	0.00420	0.00371	0.38233
1	0.27117	0.15949	0.03254	0.00975	0.01362	0.01493	0.00841	0.21840	0.14333	0.04431	0.01280	0.01299	0.02548	0.00593	0.00442	0.00158	0.00500	0.00423	0.00415	0.00747
2	0.01057	0.00998	0.01688	0.69327	0.13877	0.01204	0.01512	0.01409	0.01094	0.01424	0.00962	0.01417	0.00734	0.00529	0.00536	0.00176	0.00705	0.00477	0.00242	0.00631
3	0.00803	0.00539	0.00701	0.00759	0.00856	0.00482	0.00526	0.00917	0.01073	0.06233	0.02808	0.66894	0.05312	0.01500	0.00650	0.00202	0.00327	0.01350	0.00493	0.07576
4	0.01261	0.01207	0.02057	0.19707	0.61902	0.01258	0.01614	0.01588	0.01190	0.01672	0.00998	0.01351	0.00821	0.00491	0.00533	0.00164	0.00654	0.00478	0.00260	0.00796
5	0.84927	0.01038	0.00789	0.00706	0.01038	0.01204	0.00581	0.01578	0.00914	0.02408	0.00747	0.00872	0.00581	0.00498	0.00332	0.00166	0.00415	0.00291	0.00332	0.00581
6	0.00825	0.00603	0.00666	0.00682	0.00724	0.03448	0.00446	0.00863	0.00901	0.01161	0.02076	0.08784	0.07661	0.50610	0.05344	0.05927	0.00537	0.08016	0.00357	0.00370
7	0.08398	0.00923	0.01213	0.00937	0.01346	0.00819	0.00774	0.02541	0.01491	0.72660	0.02018	0.01758	0.01275	0.00652	0.00525	0.00166	0.00454	0.00522	0.00640	0.00889
8	0.00781	0.00520	0.00585	0.00585	0.00585	0.00520	0.00325	0.00781	0.00781	0.01041	0.01691	0.03513	0.01952	0.81135	0.02732	0.00520	0.00520	0.00781	0.00325	0.00325
9	0.00739	0.00546	0.00690	0.00658	0.00790	0.00497	0.00492	0.00972	0.01465	0.02033	0.65333	0.05906	0.15587	0.01149	0.00634	0.00172	0.00257	0.01007	0.00575	0.00497
10	0.03024	0.01121	0.01179	0.01060	0.01361	0.01285	0.00825	0.02739	0.70585	0.03933	0.02283	0.02101	0.04618	0.00747	0.00545	0.00181	0.00419	0.00620	0.00543	0.00830
11	0.00731	0.00500	0.00600	0.00649	0.00661	0.00487	0.00393	0.00768	0.00877	0.01170	0.02187	0.33720	0.02577	0.50075	0.01932	0.00402	0.00439	0.01072	0.00393	0.00369
12	0.01608	0.01463	0.03305	0.03168	0.18328	0.18385	0.02816	0.09391	0.10886	0.10106	0.01341	0.01458	0.01022	0.00600	0.00555	0.00158	0.03700	0.00476	0.10482	0.00751
13	0.03226	0.14632	0.41586	0.01494	0.08363	0.01399	0.03201	0.08213	0.06273	0.01823	0.01120	0.04344	0.00895	0.00571	0.00496	0.00163	0.00678	0.00456	0.00293	0.00775
14	0.01047	0.00988	0.01671	0.71702	0.11578	0.01201	0.01507	0.01401	0.01089	0.01412	0.00960	0.01420	0.00730	0.00530	0.00536	0.00177	0.00707	0.00477	0.00241	0.00623
15	0.08376	0.19931	0.30716	0.01192	0.01753	0.02771	0.01290	0.12848	0.01379	0.13320	0.01115	0.01174	0.00806	0.00541	0.00466	0.00155	0.00636	0.00397	0.00348	0.00785
16	0.01362	0.36752	0.08397	0.00989	0.01371	0.01360	0.04245	0.01576	0.01175	0.14230	0.01695	0.16419	0.04964	0.00794	0.00491	0.00157	0.00522	0.02454	0.00374	0.00674
17	0.00653	0.00471	0.00619	0.00738	0.00776	0.00437	0.00494	0.00749	0.01037	0.01374	0.03077	0.77168	0.07091	0.01666	0.00683	0.00216	0.00310	0.01507	0.00498	0.00437
18	0.01013	0.02030	0.52026	0.01247	0.01822	0.01003	0.01490	0.01510	0.01265	0.03896	0.24908	0.02051	0.02067	0.00698	0.00549	0.00170	0.00616	0.00580	0.00352	0.00707
19	0.01470	0.08163	0.22272	0.03591	0.18026	0.04989	0.11494	0.01896	0.04488	0.14828	0.01211	0.01352	0.00890	0.00540	0.00552	0.00165	0.02477	0.00472	0.00333	0.00793
20	0.01968	0.00982	0.01204	0.00951	0.01319	0.00939	0.00776	0.18895	0.03498	0.44809	0.06804	0.02280	0.11558	0.00779	0.00557	0.00168	0.00450	0.00632	0.00606	0.00827
21	0.00662	0.00477	0.00627	0.00732	0.00778	0.00443	0.00495	0.00771	0.01078	0.01440	0.09381	0.70892	0.07000	0.01618	0.00678	0.00212	0.00305	0.01461	0.00506	0.00443
22	0.01564	0.01656	0.01666	0.05170	0.19974	0.26399	0.04464	0.05443	0.24485	0.01816	0.01324	0.01426	0.01035	0.00588	0.00526	0.00161	0.00692	0.00482	0.00366	0.00763
23	0.00840	0.00586	0.00697	0.00712	0.00763	0.00592	0.00462	0.07143	0.01023	0.01370	0.02118	0.31950	0.02433	0.41766	0.04817	0.00391	0.00485	0.01024	0.00406	0.00422
24	0.01856	0.02106	0.08014	0.01318	0.01685	0.40984	0.01090	0.23240	0.10870	0.02049	0.01136	0.01198	0.00868	0.00597	0.00509	0.00153	0.00780	0.00421	0.00379	0.00747
25	0.30901	0.00954	0.00981	0.00875	0.01167	0.04007	0.00709	0.05567	0.01260	0.24255	0.01751	0.12619	0.01550	0.00845	0.00511	0.00182	0.00455	0.10263	0.00481	0.00666
26	0.01530	0.04439	0.01427	0.01151	0.01482	0.05059	0.04235	0.20182	0.38994	0.05844	0.01860	0.08372	0.01491	0.00754	0.00548	0.00174	0.00510	0.00628	0.00508	0.00810
27	0.01292	0.08987	0.25553	0.03894	0.33014	0.01357	0.01552	0.06292	0.07656	0.01825	0.01086	0.01278	0.00849	0.00517	0.00506	0.00159	0.00655	0.00443	0.00291	0.02792
28	0.00712	0.00497	0.00634	0.00720	0.00751	0.00479	0.00480	0.00791	0.00972	0.01292	0.02562	0.50311	0.03020	0.25874	0.01314	0.00313	0.00392	0.08033	0.00445	0.00408
29	0.01874	0.02351	0.01639	0.01432	0.01721	0.67555	0.08396	0.02036	0.01461	0.01341	0.00896	0.01137	0.00764	0.04397	0.00606	0.00161	0.00940	0.00395	0.00278	0.00618
30	0.44995	0.17213	0.23059	0.00980	0.01467	0.01396	0.01042	0.01618	0.01010	0.01985	0.00808	0.00944	0.00630	0.00494	0.00385	0.00157	0.00553	0.00320	0.00282	0.00662
31	0.01014	0.00954	0.01610	0.79845	0.03697	0.01193	0.01491	0.01371	0.01073	0.01371	0.00954	0.01431	0.00716	0.00537	0.00537	0.00179	0.00716	0.00477	0.00239	0.00596
32	0.01323	0.01157	0.01541	0.10965	0.23152	0.01280	0.01165	0.08411	0.35117	0.02056	0.01680	0.01967	0.01348	0.00681	0.00554	0.00178	0.00538	0.05661	0.00427	0.00801
33	0.00717	0.00549	0.00659	0.00637	0.00783	0.00490	0.00481	0.00928	0.01404	0.01883	0.49287	0.04487	0.31230	0.01203	0.00637	0.00176	0.00267	0.03141	0.00555	0.00487
34	0.00770	0.00562	0.00796	0.00796	0.00868	0.00635	0.00587	0.00916	0.00843	0.01196	0.01499	0.02448	0.01489	0.22673	0.60562	0.00780	0.01216	0.00625	0.00297	0.00442
35	0.00744	0.00548	0.00695	0.00658	0.00792	0.00500	0.00494	0.00982	0.01481	0.02062	0.68169	0.04159	0.14456	0.01131	0.00633	0.00170	0.00256	0.00992	0.00579	0.00500
36	0.02094	0.01763	0.01515	0.01236	0.01610	0.28227	0.00985	0.37394	0.02001	0.15998	0.01278	0.01274	0.00910	0.00616	0.00519	0.00154	0.00697	0.00446	0.00470	0.00813
37	0.00760	0.00549	0.00718	0.00675	0.00802	0.00506	0.00506	0.01013	0.01519	0.02153	0.77503	0.04010	0.05065	0.01097	0.00633	0.00169	0.00253	0.00971	0.00591	0.00506
38	0.02408	0.00914	0.01246	0.00955	0.01370	0.00789	0.00789	0.02616	0.01536	0.78158	0.02118	0.01827	0.01329	0.00664	0.00540	0.00166	0.00457	0.00540	0.00664	0.00914
39	0.05656	0.00968	0.01258	0.00969	0.01382	0.00880	0.00800	0.08787	0.01595	0.68818	0.01993	0.01744	0.01264	0.00656	0.00531	0.00166	0.00466	0.00525	0.00640	0.00900
40	0.01113	0.00954	0.01113	0.00795	0.01272	0.00716	0.00636	0.01352	0.01113	0.01749	0.00954	0.01113	0.00795	0.00398	0.00398	0.00080	0.00398	0.00318	0.00318	0.84417
41	0.01280	0.05041	0.12060	0.21733	0.08901	0.06363	0.15037	0.04561	0.01240	0.04672	0.01076	0.03263	0.00850	0.00530	0.00525	0.00158	0.00699	0.00487	0.00293	0.11231
42	0.01246	0.06416	0.01954	0.34344	0.38189	0.02871	0.01501	0.04245	0.01206	0.01616	0.00976	0.01331	0.00784	0.00508	0.00521	0.00164	0.00670	0.00463	0.00262	0.00734
43	0.27548	0.20396	0.09944	0.01062	0.01492	0.08856	0.05634	0.03758	0.01195	0.12321	0.01048	0.01199	0.00809	0.00541	0.00431	0.00154	0.00590	0.01985	0.00342	0.00695

[dist]
# distance from previous block
# <min> <max>
0	13

[block]
# block no. 6 follows, 45 sequences, length 11
# corresponding to MSA columns:
# 824-834
name=unknown_G
#
# <colnr> <probs for GDERKNQSTAVLIFYWHMCP>
#	G	D	E	R	K	N	Q	S	T	A	V	L	I	F	Y	W	H	M	C	P
0	0.05090	0.60460	0.15942	0.01038	0.01542	0.05448	0.01096	0.01647	0.01110	0.01393	0.00788	0.00914	0.00683	0.00474	0.00379	0.00128	0.00624	0.00309	0.00236	0.00699
1	0.27067	0.00775	0.00785	0.00762	0.00951	0.00823	0.00591	0.07101	0.01156	0.01893	0.06216	0.12060	0.10468	0.13711	0.00889	0.00243	0.00422	0.13144	0.00427	0.00517
2	0.01475	0.63890	0.09848	0.01029	0.01504	0.08348	0.01034	0.04988	0.01194	0.01404	0.00798	0.00915	0.00698	0.00480	0.00380	0.00124	0.00628	0.00311	0.00247	0.00703
3	0.00932	0.00466	0.00699	0.00699	0.00699	0.00466	0.00466	0.00699	0.00699	0.00932	0.00932	0.01632	0.00932	0.01865	0.02098	0.84382	0.00466	0.00466	0.00233	0.00233
4	0.20305	0.01335	0.03838	0.15226	0.17865	0.05315	0.01159	0.22125	0.04131	0.02276	0.01048	0.01232	0.00798	0.00552	0.00486	0.00165	0.00602	0.00432	0.00360	0.00749
5	0.24179	0.01198	0.01318	0.17546	0.01868	0.04538	0.00959	0.23549	0.01560	0.16533	0.01208	0.01293	0.00850	0.00582	0.00480	0.00166	0.00561	0.00435	0.00432	0.00745
6	0.19925	0.00986	0.01158	0.00917	0.01298	0.00961	0.00754	0.10708	0.01515	0.48742	0.06325	0.01694	0.01349	0.00653	0.00501	0.00166	0.00451	0.00506	0.00574	0.00818
7	0.10731	0.01016	0.01516	0.63285	0.03199	0.01239	0.01342	0.08504	0.01193	0.01682	0.00962	0.01353	0.00719	0.00543	0.00513	0.00176	0.00669	0.00456	0.00278	0.00625
8	0.57802	0.01114	0.00985	0.00823	0.01187	0.01233	0.00674	0.14555	0.04019	0.02496	0.00918	0.01014	0.00703	0.00521	0.00383	0.00156	0.00444	0.00339	0.00374	0.10259
9	0.18464	0.01124	0.01196	0.00978	0.01314	0.01205	0.00789	0.35662	0.01792	0.10436	0.08706	0.10627	0.01583	0.00772	0.00518	0.00168	0.00472	0.00612	0.00503	0.03078
10	0.25230	0.01496	0.01272	0.01051	0.01418	0.22718	0.02870	0.10825	0.01410	0.13782	0.01085	0.01145	0.00803	0.00541	0.00448	0.00146	0.00607	0.00381	0.00389	0.12381

[dist]
# distance from previous block
# <min> <max>
2	22

[block]
# block no. 7 follows, 45 sequences, length 17
# corresponding to MSA columns:
# 863-872,875-881
name=unknown_H
#
# <colnr> <probs for GDERKNQSTAVLIFYWHMCP>
#	G	D	E	R	K	N	Q	S	T	A	V	L	I	F	Y	W	H	M	C	P
0	0.08227	0.04705	0.24071	0.40188	0.02800	0.01288	0.01494	0.08072	0.01206	0.01728	0.00961	0.01262	0.00710	0.00532	0.00504	0.00171	0.00696	0.00431	0.00269	0.00684
1	0.01307	0.17892	0.37136	0.01284	0.01882	0.04454	0.05026	0.07366	0.01270	0.04609	0.01144	0.01264	0.03419	0.00533	0.00478	0.00149	0.00675	0.00414	0.00291	0.09408
2	0.10240	0.07552	0.34584	0.04060	0.05713	0.02640	0.03679	0.01716	0.01173	0.10154	0.03071	0.01263	0.00885	0.00522	0.00478	0.00154	0.00635	0.00412	0.00312	0.10759
3	0.01246	0.00937	0.01285	0.04959	0.01450	0.00855	0.06631	0.04061	0.01285	0.11657	0.15740	0.01900	0.03424	0.00646	0.00596	0.00137	0.06262	0.00539	0.00412	0.35981
4	0.01311	0.42482	0.35774	0.01213	0.01808	0.06189	0.01391	0.01679	0.01134	0.01457	0.00846	0.00986	0.00685	0.00487	0.00425	0.00140	0.00693	0.00338	0.00231	0.00731
5	0.00708	0.00515	0.00642	0.00703	0.00768	0.00473	0.00466	0.00795	0.00998	0.01334	0.02755	0.54345	0.08531	0.17635	0.01076	0.00267	0.00356	0.01267	0.00452	0.05914
6	0.01449	0.74474	0.05758	0.00965	0.01429	0.05841	0.00967	0.01637	0.01113	0.01283	0.00759	0.00877	0.00689	0.00466	0.00358	0.00118	0.00602	0.00294	0.00232	0.00690
7	0.00920	0.00470	0.00690	0.00690	0.00690	0.00470	0.00455	0.00706	0.00706	0.00941	0.00992	0.01780	0.01012	0.08093	0.02148	0.77793	0.00470	0.00491	0.00240	0.00240
8	0.60392	0.10970	0.01173	0.00831	0.01188	0.05304	0.00699	0.10742	0.01163	0.02333	0.00818	0.00927	0.00641	0.00514	0.00366	0.00158	0.00484	0.00317	0.00342	0.00637
9	0.02103	0.01310	0.01459	0.01136	0.01538	0.06915	0.02609	0.37385	0.01998	0.31809	0.05021	0.01599	0.01242	0.00662	0.00541	0.00162	0.00559	0.00520	0.00563	0.00869
10	0.02109	0.00851	0.01158	0.00926	0.01287	0.00744	0.00762	0.02325	0.01513	0.63989	0.10766	0.02380	0.01881	0.00773	0.00565	0.00172	0.00436	0.05881	0.00644	0.00837
11	0.01014	0.00954	0.01610	0.79845	0.03697	0.01193	0.01491	0.01371	0.01073	0.01371	0.00954	0.01431	0.00716	0.00537	0.00537	0.00179	0.00716	0.00477	0.00239	0.00596
12	0.57929	0.07569	0.01140	0.04242	0.01306	0.10227	0.00738	0.08225	0.01146	0.02235	0.00814	0.00943	0.00638	0.00516	0.00377	0.00159	0.00519	0.00322	0.00332	0.00624
13	0.04197	0.01522	0.07806	0.01212	0.01659	0.01523	0.01056	0.56903	0.07258	0.09361	0.01376	0.01357	0.00968	0.00637	0.00530	0.00164	0.00580	0.00484	0.00517	0.00890
14	0.18640	0.01642	0.01682	0.07349	0.07830	0.28568	0.13914	0.01915	0.01299	0.10789	0.01034	0.01196	0.00780	0.00531	0.00493	0.00159	0.00739	0.00428	0.00329	0.00682
15	0.07069	0.07097	0.01144	0.00855	0.01061	0.00854	0.06044	0.03667	0.01059	0.14949	0.01600	0.02467	0.02775	0.37138	0.08113	0.00380	0.00607	0.00625	0.00381	0.02115
16	0.01297	0.08887	0.11175	0.12113	0.07727	0.03953	0.13321	0.03404	0.02513	0.07707	0.04661	0.04811	0.01129	0.00627	0.00646	0.00167	0.08188	0.00533	0.00324	0.06816

[dist]
# distance from previous block
# <min> <max>
4	65

[block]
# block no. 8 follows, 45 sequences, length 18
# corresponding to MSA columns:
# 989-1006
name=unknown_I
#
# <colnr> <probs for GDERKNQSTAVLIFYWHMCP>
#	G	D	E	R	K	N	Q	S	T	A	V	L	I	F	Y	W	H	M	C	P
0	0.01146	0.01010	0.03974	0.46948	0.04709	0.01026	0.01213	0.01467	0.01134	0.07149	0.02895	0.01427	0.00889	0.00521	0.00502	0.00151	0.00603	0.00450	0.00299	0.22487
1	0.01147	0.01183	0.09052	0.56568	0.08351	0.01190	0.06965	0.01525	0.01132	0.06278	0.01041	0.01422	0.00767	0.00532	0.00541	0.00176	0.00715	0.00485	0.00268	0.00662
2	0.01215	0.07434	0.53599	0.01506	0.02199	0.01283	0.11049	0.04429	0.01213	0.04812	0.01023	0.01188	0.00739	0.00504	0.00510	0.00162	0.00749	0.00424	0.00267	0.05697
3	0.04153	0.08326	0.59786	0.01351	0.02041	0.01229	0.01669	0.01623	0.01143	0.01723	0.05433	0.01271	0.00943	0.00532	0.00490	0.00159	0.00703	0.00413	0.00259	0.06752
4	0.01325	0.00959	0.01263	0.01005	0.03870	0.00818	0.06076	0.06982	0.01342	0.13842	0.07870	0.01916	0.09029	0.00619	0.00495	0.00127	0.00441	0.00529	0.00424	0.41069
5	0.01414	0.44459	0.26092	0.01182	0.01716	0.14065	0.01268	0.01721	0.01172	0.01407	0.00827	0.00963	0.00687	0.00490	0.00418	0.00136	0.00705	0.00330	0.00236	0.00711
6	0.00724	0.00537	0.00664	0.00700	0.00794	0.00483	0.00477	0.00837	0.01067	0.01440	0.09759	0.46726	0.11173	0.12991	0.00944	0.00240	0.00340	0.01209	0.00465	0.08429
7	0.01411	0.75545	0.02688	0.00909	0.01370	0.02021	0.00898	0.01589	0.01092	0.01299	0.00762	0.00880	0.00697	0.00455	0.00348	0.00112	0.00561	0.00289	0.00236	0.06838
8	0.00922	0.00470	0.00691	0.00691	0.00691	0.00470	0.00456	0.00705	0.00705	0.00940	0.00987	0.01766	0.01005	0.07544	0.02143	0.78374	0.00470	0.00489	0.00240	0.00240
9	0.45005	0.04751	0.01204	0.00946	0.01309	0.06063	0.00778	0.24854	0.06502	0.02586	0.01016	0.01082	0.00766	0.00561	0.00420	0.00162	0.00510	0.00375	0.00402	0.00709
10	0.03475	0.01235	0.02709	0.01129	0.01521	0.01262	0.02325	0.42070	0.02019	0.23688	0.04472	0.01972	0.01371	0.00736	0.00558	0.00171	0.00538	0.07343	0.00556	0.00848
11	0.02119	0.00878	0.01220	0.06819	0.01495	0.00792	0.00828	0.02343	0.01484	0.63612	0.06656	0.02162	0.01607	0.00726	0.00556	0.00172	0.00466	0.04601	0.00619	0.00842
12	0.07268	0.00960	0.01549	0.73947	0.03499	0.01193	0.01423	0.01387	0.01061	0.01449	0.00939	0.01389	0.00706	0.00534	0.00521	0.00178	0.00693	0.00463	0.00246	0.00595
13	0.47533	0.01313	0.06581	0.00946	0.01311	0.05207	0.00819	0.10907	0.12771	0.04645	0.01093	0.01154	0.00821	0.00570	0.00448	0.00168	0.02252	0.00384	0.00387	0.00690
14	0.04452	0.01537	0.10220	0.01207	0.01669	0.01465	0.01077	0.52408	0.04334	0.14140	0.01384	0.01359	0.00959	0.00630	0.00528	0.00164	0.00584	0.00480	0.00515	0.00888
15	0.14324	0.01532	0.01680	0.04569	0.04275	0.23112	0.15726	0.05466	0.01328	0.06286	0.06725	0.03045	0.01140	0.00632	0.00630	0.00169	0.07855	0.00504	0.00342	0.00659
16	0.05214	0.03955	0.00908	0.00755	0.00922	0.00764	0.00547	0.04868	0.04104	0.10516	0.03144	0.02878	0.01734	0.41584	0.04154	0.00366	0.00523	0.05908	0.00396	0.06759
17	0.07520	0.01461	0.13658	0.09201	0.20846	0.01282	0.16715	0.06901	0.05121	0.03848	0.01154	0.04016	0.00926	0.00576	0.00599	0.00175	0.04410	0.00527	0.00314	0.00752

[dist]
# distance from previous block
# <min> <max>
2	21

[block]
# block no. 9 follows, 45 sequences, length 21
# corresponding to MSA columns:
# 1037-1039,1041-1058
name=unknown_J
#
# <colnr> <probs for GDERKNQSTAVLIFYWHMCP>
#	G	D	E	R	K	N	Q	S	T	A	V	L	I	F	Y	W	H	M	C	P
0	0.02844	0.01194	0.05828	0.23693	0.26439	0.01189	0.01334	0.03591	0.07018	0.08203	0.01158	0.01404	0.00889	0.00551	0.00578	0.00164	0.04548	0.00470	0.00323	0.08581
1	0.03232	0.01173	0.10345	0.04304	0.05265	0.00831	0.00876	0.01401	0.01130	0.01760	0.03897	0.01245	0.00940	0.00450	0.00431	0.00104	0.00465	0.00366	0.00312	0.61474
2	0.01078	0.01048	0.04734	0.47890	0.11919	0.01099	0.01305	0.03587	0.01117	0.01513	0.01034	0.01537	0.00852	0.07361	0.00703	0.00192	0.00647	0.00479	0.00268	0.11637
3	0.01168	0.01231	0.09464	0.44709	0.22347	0.01223	0.01529	0.01549	0.02519	0.04575	0.01029	0.01391	0.00788	0.00543	0.00580	0.00175	0.03743	0.00474	0.00267	0.00698
4	0.01187	0.09931	0.51520	0.01610	0.08581	0.01293	0.07295	0.01691	0.01157	0.03848	0.00988	0.01166	0.00732	0.00495	0.00498	0.00158	0.00731	0.00410	0.00252	0.06457
5	0.01178	0.05748	0.62059	0.01383	0.02074	0.01182	0.01712	0.01716	0.01198	0.08215	0.07519	0.01424	0.01106	0.00571	0.00516	0.00167	0.00710	0.00453	0.00295	0.00775
6	0.01318	0.07786	0.01272	0.00832	0.01287	0.00858	0.00684	0.03097	0.01210	0.11777	0.03640	0.01285	0.01000	0.00466	0.00422	0.00099	0.00420	0.00370	0.00370	0.61808
7	0.01418	0.24155	0.37636	0.01325	0.01892	0.21860	0.01445	0.01791	0.01223	0.01480	0.00869	0.01016	0.00685	0.00507	0.00458	0.00147	0.00779	0.00353	0.00241	0.00720
8	0.00709	0.00525	0.00656	0.00711	0.00794	0.00473	0.00482	0.00814	0.01043	0.01400	0.05573	0.55312	0.10167	0.10608	0.00888	0.00236	0.00337	0.01282	0.00467	0.07523
9	0.01435	0.81458	0.02813	0.00918	0.01378	0.02124	0.00918	0.01607	0.01091	0.01263	0.00746	0.00861	0.00689	0.00459	0.00344	0.00115	0.00574	0.00287	0.00230	0.00689
10	0.00932	0.00466	0.00699	0.00699	0.00699	0.00466	0.00466	0.00699	0.00699	0.00932	0.00932	0.01632	0.00932	0.01865	0.02098	0.84382	0.00466	0.00466	0.00233	0.00233
11	0.36594	0.06587	0.01312	0.01016	0.01373	0.16086	0.00827	0.23414	0.04428	0.02406	0.00976	0.01054	0.00746	0.00558	0.00430	0.00157	0.00581	0.00369	0.00383	0.00703
12	0.02017	0.01182	0.01387	0.01085	0.01467	0.01231	0.00890	0.37050	0.05524	0.31011	0.07634	0.01734	0.01423	0.00700	0.00583	0.00167	0.02918	0.00548	0.00580	0.00868
13	0.02015	0.00853	0.01181	0.06317	0.01440	0.00770	0.00802	0.02241	0.01488	0.58907	0.12365	0.02298	0.01880	0.00753	0.00562	0.00171	0.00448	0.04076	0.00617	0.00816
14	0.06726	0.00918	0.01470	0.67710	0.03267	0.01129	0.01344	0.01333	0.01059	0.01442	0.01110	0.08134	0.00947	0.00631	0.00535	0.00181	0.00661	0.00553	0.00267	0.00582
15	0.47575	0.01368	0.01163	0.00986	0.01333	0.13360	0.03468	0.13771	0.06365	0.04674	0.00997	0.01080	0.00754	0.00549	0.00420	0.00163	0.00549	0.00371	0.00379	0.00674
16	0.04492	0.01509	0.04715	0.01188	0.01599	0.08041	0.00996	0.45259	0.11425	0.13126	0.01443	0.01404	0.01021	0.00640	0.00527	0.00163	0.00587	0.00485	0.00514	0.00865
17	0.13289	0.01487	0.01792	0.01571	0.08185	0.18754	0.18194	0.03492	0.03167	0.06412	0.06245	0.01419	0.01087	0.00621	0.00698	0.00173	0.11908	0.00497	0.00334	0.00677
18	0.05626	0.00790	0.03632	0.00770	0.00956	0.00732	0.00575	0.01412	0.09357	0.12450	0.07119	0.02676	0.01822	0.38251	0.05601	0.00363	0.00525	0.00658	0.00412	0.06273
19	0.01365	0.01660	0.19687	0.04531	0.17108	0.04365	0.19180	0.04140	0.09167	0.07455	0.01212	0.01398	0.00906	0.00541	0.00583	0.00170	0.02970	0.00505	0.00325	0.02733
20	0.01157	0.01028	0.11676	0.00968	0.01263	0.00764	0.03294	0.06027	0.02382	0.12861	0.02031	0.33630	0.02072	0.06519	0.00729	0.00201	0.00464	0.00907	0.00445	0.11584

[dist]
# distance from previous block
# <min> <max>
4	33

[block]
# block no. 10 follows, 45 sequences, length 15
# corresponding to MSA columns:
# 1092-1106
name=unknown_K
#
# <colnr> <probs for GDERKNQSTAVLIFYWHMCP>
#	G	D	E	R	K	N	Q	S	T	A	V	L	I	F	Y	W	H	M	C	P
0	0.01331	0.01179	0.04739	0.26323	0.31948	0.01164	0.01383	0.05910	0.01262	0.08341	0.01096	0.01368	0.00840	0.00514	0.00518	0.00157	0.00621	0.00462	0.00312	0.10531
1	0.01276	0.08564	0.31119	0.10716	0.06890	0.01267	0.12859	0.04583	0.01228	0.06885	0.01056	0.01256	0.00780	0.00503	0.00511	0.00158	0.00704	0.00443	0.00288	0.08915
2	0.11562	0.12351	0.50441	0.01287	0.01943	0.01336	0.01539	0.05027	0.01162	0.01812	0.00923	0.01072	0.00687	0.00501	0.00461	0.00156	0.00683	0.00368	0.00260	0.06428
3	0.01321	0.01119	0.05937	0.01077	0.06540	0.00911	0.00842	0.09934	0.05068	0.08571	0.07917	0.01510	0.01269	0.00539	0.00469	0.00120	0.00453	0.00443	0.00399	0.45561
4	0.01371	0.20532	0.44949	0.01342	0.01956	0.14571	0.01531	0.01793	0.01206	0.04763	0.00940	0.01073	0.00711	0.00512	0.00469	0.00152	0.00759	0.00369	0.00254	0.00746
5	0.00816	0.00596	0.00724	0.00746	0.00843	0.00565	0.00509	0.06168	0.01100	0.01484	0.02517	0.50070	0.05738	0.17248	0.01054	0.00261	0.00378	0.01186	0.00451	0.07545
6	0.01492	0.73576	0.02684	0.00965	0.01406	0.09802	0.00930	0.01661	0.01134	0.01268	0.00755	0.00872	0.00689	0.00469	0.00358	0.00117	0.00613	0.00293	0.00234	0.00682
7	0.00932	0.00466	0.00699	0.00699	0.00699	0.00466	0.00466	0.00699	0.00699	0.00932	0.00932	0.01632	0.00932	0.01865	0.02098	0.84382	0.00466	0.00466	0.00233	0.00233
8	0.42093	0.05148	0.01269	0.00968	0.01348	0.03424	0.00804	0.34563	0.01651	0.02757	0.00989	0.01059	0.00736	0.00563	0.00427	0.00161	0.00515	0.00377	0.00417	0.00734
9	0.04373	0.04952	0.06909	0.01141	0.03572	0.05886	0.00962	0.16716	0.06756	0.40649	0.01670	0.01548	0.01121	0.00628	0.00519	0.00162	0.00545	0.00491	0.00537	0.00862
10	0.07818	0.00877	0.01135	0.06265	0.01399	0.00828	0.00773	0.05704	0.01482	0.47619	0.12256	0.02277	0.06399	0.00758	0.00547	0.00169	0.00440	0.01891	0.00582	0.00778
11	0.06754	0.00982	0.01593	0.69249	0.08551	0.01199	0.01439	0.01404	0.01073	0.01468	0.00944	0.01386	0.00716	0.00530	0.00522	0.00177	0.00690	0.00464	0.00247	0.00613
12	0.47249	0.05344	0.01207	0.00955	0.01308	0.13914	0.00778	0.19804	0.01413	0.02413	0.00893	0.00989	0.00685	0.00541	0.00407	0.00158	0.00555	0.00346	0.00368	0.00674
13	0.08360	0.01415	0.03725	0.08084	0.01749	0.06665	0.01010	0.39752	0.08556	0.13279	0.01371	0.01380	0.00970	0.00624	0.00518	0.00164	0.00586	0.00475	0.00487	0.00830
14	0.05236	0.01472	0.01698	0.01544	0.09267	0.20144	0.12635	0.03623	0.04116	0.04719	0.07306	0.03507	0.01228	0.00676	0.00757	0.00170	0.15262	0.00525	0.00336	0.05780

[dist]
# distance from previous block
# <min> <max>
5	33

[block]
# block no. 11 follows, 45 sequences, length 11
# corresponding to MSA columns:
# 1142-1152
name=unknown_L
#
# <colnr> <probs for GDERKNQSTAVLIFYWHMCP>
#	G	D	E	R	K	N	Q	S	T	A	V	L	I	F	Y	W	H	M	C	P
0	0.01371	0.03337	0.08694	0.20920	0.27291	0.14570	0.04746	0.05437	0.01289	0.01652	0.00970	0.01256	0.00771	0.00511	0.00516	0.00157	0.00723	0.00443	0.00273	0.05075
1	0.01538	0.08612	0.06849	0.06521	0.07846	0.14830	0.08751	0.17809	0.03445	0.03332	0.01171	0.01315	0.02769	0.00550	0.00502	0.00146	0.00670	0.00448	0.00347	0.12546
2	0.16328	0.07988	0.48341	0.01356	0.05986	0.01247	0.01499	0.01595	0.01067	0.01747	0.00969	0.01267	0.00774	0.06949	0.00644	0.00193	0.00678	0.00404	0.00256	0.00713
3	0.01234	0.13878	0.01455	0.00906	0.01328	0.06677	0.00753	0.01445	0.01116	0.01604	0.00892	0.01067	0.00763	0.00462	0.00505	0.00102	0.06853	0.00327	0.00294	0.58339
4	0.05259	0.26407	0.36393	0.01284	0.01872	0.07732	0.04065	0.05102	0.01225	0.04720	0.00942	0.01071	0.00720	0.00508	0.00456	0.00150	0.00704	0.00372	0.00270	0.00746
5	0.00694	0.00506	0.00630	0.00704	0.00765	0.00467	0.00473	0.00786	0.01018	0.01343	0.02971	0.54066	0.11995	0.14985	0.01016	0.00261	0.00350	0.03304	0.00463	0.03204
6	0.01519	0.59110	0.02484	0.04758	0.05064	0.16587	0.01001	0.01700	0.01177	0.01300	0.00784	0.00929	0.00698	0.00481	0.00388	0.00124	0.00658	0.00316	0.00241	0.00679
7	0.00910	0.00466	0.00693	0.00703	0.00706	0.00464	0.00469	0.00703	0.00726	0.00967	0.01095	0.07969	0.01142	0.01850	0.01985	0.77643	0.00454	0.00551	0.00254	0.00249
8	0.27894	0.04877	0.08547	0.03577	0.14910	0.02774	0.01070	0.18652	0.05535	0.05797	0.01084	0.01193	0.00815	0.00550	0.00460	0.00163	0.00557	0.00412	0.00376	0.00759
9	0.10822	0.02810	0.01543	0.21392	0.02100	0.01207	0.06996	0.17664	0.03569	0.22932	0.02857	0.01503	0.01028	0.00598	0.00521	0.00169	0.00581	0.00497	0.00446	0.00766
10	0.23372	0.00908	0.01100	0.07180	0.01416	0.00896	0.00765	0.02077	0.01292	0.45436	0.01750	0.08837	0.01292	0.00705	0.00500	0.00172	0.00453	0.00562	0.00530	0.00759

[dist]
# distance from previous block
# <min> <max>
0	3

[block]
# block no. 12 follows, 45 sequences, length 10
# corresponding to MSA columns:
# 1156-1165
name=unknown_M
#
# <colnr> <probs for GDERKNQSTAVLIFYWHMCP>
#	G	D	E	R	K	N	Q	S	T	A	V	L	I	F	Y	W	H	M	C	P
0	0.04001	0.01444	0.02146	0.11988	0.18809	0.13022	0.25354	0.01790	0.05384	0.04377	0.01086	0.01355	0.00844	0.00517	0.00576	0.00166	0.02592	0.00506	0.00299	0.03745
1	0.07269	0.00779	0.00897	0.00780	0.00981	0.00778	0.00568	0.05033	0.09085	0.16134	0.08103	0.02569	0.01817	0.32795	0.04279	0.00328	0.00497	0.00645	0.00444	0.06220
2	0.27894	0.01148	0.04594	0.04018	0.05639	0.04574	0.09211	0.08158	0.01227	0.07103	0.01432	0.17981	0.01348	0.00768	0.00507	0.00175	0.00530	0.00648	0.00387	0.02657
3	0.05842	0.05450	0.08811	0.06147	0.22926	0.01213	0.15729	0.05664	0.01248	0.04176	0.01089	0.03659	0.00888	0.00517	0.00512	0.00153	0.00635	0.00488	0.00306	0.14548
4	0.01370	0.01094	0.01550	0.08798	0.14296	0.01100	0.07660	0.12350	0.11528	0.08664	0.01633	0.08722	0.04013	0.00682	0.00540	0.00160	0.00536	0.00607	0.00413	0.14281
