[name]
unknown

[dist]
# distance from previous block
# <min> <max>
0	24

[block]
# block no. 0 follows, 64 sequences, length 12
# corresponding to MSA columns:
# 25-36
name=unknown_A
#
# <colnr> <probs for GDERKNQSTAVLIFYWHMCP>
#	G	D	E	R	K	N	Q	S	T	A	V	L	I	F	Y	W	H	M	C	P
0	0.00527	0.00377	0.00506	0.00602	0.00636	0.00356	0.00422	0.00615	0.00816	0.01084	0.02278	0.74734	0.02701	0.01281	0.00536	0.00172	0.00259	0.11370	0.00385	0.00343
1	0.00604	0.00403	0.00453	0.00453	0.00453	0.00403	0.00252	0.00604	0.00604	0.00805	0.01309	0.02718	0.01510	0.85402	0.02114	0.00403	0.00403	0.00604	0.00252	0.00252
2	0.01001	0.03872	0.26375	0.01696	0.26398	0.03277	0.21565	0.02817	0.04773	0.02999	0.00840	0.01019	0.00641	0.00388	0.00422	0.00130	0.00576	0.00380	0.00217	0.00613
3	0.00700	0.00495	0.00611	0.00558	0.00694	0.00467	0.00425	0.00979	0.08923	0.06151	0.59647	0.02882	0.11528	0.00807	0.00474	0.00130	0.00222	0.00703	0.00443	0.03161
4	0.07140	0.26797	0.37596	0.01096	0.08659	0.05455	0.01109	0.03075	0.00909	0.03627	0.00713	0.00825	0.00553	0.00388	0.00348	0.00116	0.00528	0.00284	0.00201	0.00580
5	0.82232	0.06741	0.00720	0.00558	0.00822	0.00982	0.00468	0.01223	0.00716	0.01802	0.00578	0.00674	0.00456	0.00383	0.00258	0.00126	0.00330	0.00225	0.00251	0.00456
6	0.00722	0.00361	0.00541	0.00541	0.00541	0.00361	0.00361	0.00541	0.00541	0.00722	0.00722	0.01263	0.00722	0.01443	0.01623	0.87915	0.00361	0.00361	0.00180	0.00180
7	0.07584	0.29926	0.01508	0.00969	0.05230	0.34449	0.00768	0.12683	0.01129	0.01306	0.00673	0.00765	0.00558	0.00408	0.00337	0.00106	0.00562	0.00269	0.00233	0.00537
8	0.00512	0.00385	0.00475	0.00529	0.00594	0.00348	0.00368	0.00609	0.00884	0.01154	0.12990	0.53152	0.24135	0.01178	0.00515	0.00156	0.00227	0.01045	0.00395	0.00348
9	0.03752	0.11645	0.08146	0.01851	0.47535	0.11968	0.01106	0.06767	0.01019	0.01363	0.00744	0.00922	0.00613	0.00387	0.00383	0.00118	0.00523	0.00329	0.00217	0.00613
10	0.03653	0.03351	0.02663	0.00964	0.03064	0.12844	0.04031	0.24568	0.24859	0.13868	0.01205	0.01170	0.00874	0.00492	0.00407	0.00127	0.00456	0.00389	0.00376	0.00640
11	0.01146	0.21907	0.06279	0.01499	0.31136	0.09482	0.03286	0.07185	0.05254	0.03794	0.00804	0.00934	0.00651	0.00394	0.00370	0.00112	0.00496	0.00324	0.00236	0.04712

[dist]
# distance from previous block
# <min> <max>
0	2

[block]
# block no. 1 follows, 64 sequences, length 11
# corresponding to MSA columns:
# 39-49
name=unknown_B
#
# <colnr> <probs for GDERKNQSTAVLIFYWHMCP>
#	G	D	E	R	K	N	Q	S	T	A	V	L	I	F	Y	W	H	M	C	P
0	0.00709	0.00531	0.04238	0.00545	0.00703	0.00429	0.00444	0.00887	0.01095	0.10363	0.46669	0.03087	0.27013	0.00853	0.00478	0.00133	0.00236	0.00733	0.00430	0.00424
1	0.01346	0.00796	0.03522	0.02811	0.13999	0.00725	0.05670	0.07697	0.01109	0.38716	0.04808	0.05183	0.03368	0.04416	0.03761	0.00164	0.00433	0.00477	0.00388	0.00610
2	0.03394	0.00606	0.03201	0.00790	0.08592	0.00579	0.00535	0.03177	0.05739	0.06430	0.09074	0.09074	0.05978	0.24655	0.13378	0.00290	0.00470	0.01929	0.00312	0.01797
3	0.34404	0.29931	0.03531	0.00777	0.04619	0.01154	0.02488	0.04481	0.00873	0.08076	0.02813	0.00875	0.00658	0.01761	0.00352	0.00120	0.02028	0.00282	0.00255	0.00521
4	0.18281	0.11337	0.02820	0.02604	0.10801	0.09145	0.03115	0.09837	0.01059	0.12731	0.08324	0.06188	0.01061	0.00511	0.00377	0.00124	0.00424	0.00406	0.00310	0.00545
5	0.07333	0.00874	0.02636	0.00929	0.08419	0.06310	0.02890	0.11624	0.05615	0.23665	0.07258	0.07221	0.03088	0.03166	0.00463	0.00134	0.00392	0.00468	0.00371	0.07142
6	0.04302	0.07070	0.07079	0.04765	0.15144	0.14987	0.05042	0.15508	0.04254	0.05914	0.00849	0.00956	0.00653	0.00412	0.00381	0.00114	0.00505	0.00331	0.00271	0.11463
7	0.01199	0.05969	0.05405	0.03917	0.36154	0.07815	0.03183	0.11018	0.03148	0.10759	0.00942	0.03298	0.00749	0.00435	0.00402	0.00121	0.00486	0.00378	0.00275	0.04348
8	0.01153	0.06484	0.03197	0.05652	0.50197	0.09088	0.02959	0.04432	0.01012	0.08042	0.00831	0.01006	0.00661	0.00392	0.00398	0.00119	0.00507	0.00352	0.00238	0.03281
9	0.07269	0.03567	0.04788	0.03138	0.34407	0.00927	0.03225	0.12604	0.03069	0.05069	0.03063	0.07723	0.00914	0.00482	0.00401	0.00123	0.00433	0.00424	0.00279	0.08094
10	0.03961	0.02548	0.05815	0.05791	0.22778	0.13727	0.05783	0.09824	0.02356	0.13229	0.03516	0.05172	0.02671	0.00493	0.00414	0.00127	0.00495	0.00421	0.00296	0.00585

[dist]
# distance from previous block
# <min> <max>
27	142

[block]
# block no. 2 follows, 64 sequences, length 84
# corresponding to MSA columns:
# 223-306
name=unknown_C
#
# <colnr> <probs for GDERKNQSTAVLIFYWHMCP>
#	G	D	E	R	K	N	Q	S	T	A	V	L	I	F	Y	W	H	M	C	P
0	0.02975	0.04304	0.16954	0.02075	0.07341	0.03679	0.06154	0.10435	0.10460	0.08636	0.11028	0.02541	0.05350	0.00526	0.00414	0.00126	0.00434	0.00445	0.00320	0.05802
1	0.01054	0.07702	0.09281	0.01057	0.11061	0.00895	0.06405	0.14802	0.03237	0.07262	0.09019	0.03628	0.03205	0.01617	0.00442	0.00120	0.02178	0.00421	0.00305	0.16310
2	0.01073	0.05398	0.08471	0.00973	0.07235	0.02267	0.05449	0.14287	0.10725	0.08911	0.05638	0.07089	0.03815	0.00551	0.00412	0.00122	0.00406	0.02668	0.00332	0.14177
3	0.04300	0.06744	0.06598	0.03674	0.02307	0.07251	0.05493	0.07676	0.07040	0.12082	0.09652	0.02720	0.02166	0.00499	0.00403	0.00115	0.01352	0.01748	0.00319	0.17862
4	0.00973	0.07807	0.06424	0.02987	0.05376	0.00781	0.04462	0.09740	0.03339	0.08708	0.11115	0.06291	0.08544	0.02347	0.00455	0.00123	0.01601	0.00484	0.00322	0.18121
5	0.04864	0.02715	0.06455	0.00759	0.01024	0.00683	0.06167	0.07920	0.04341	0.12872	0.09394	0.12720	0.06706	0.02985	0.00467	0.00131	0.00357	0.02182	0.00348	0.16910
6	0.00954	0.02372	0.06164	0.00832	0.02041	0.07493	0.07678	0.08175	0.02858	0.06338	0.07842	0.12813	0.09009	0.00629	0.00433	0.00120	0.01476	0.01753	0.00319	0.20699
7	0.01171	0.02514	0.03796	0.02154	0.10270	0.04513	0.04631	0.07935	0.09410	0.10973	0.07266	0.03411	0.05829	0.02005	0.00507	0.00153	0.00442	0.08290	0.00379	0.14350
8	0.01185	0.00923	0.00992	0.00858	0.03833	0.07583	0.01657	0.17502	0.20960	0.11463	0.08028	0.02782	0.04247	0.00547	0.00411	0.00121	0.00383	0.01775	0.00378	0.14371
9	0.02524	0.01133	0.04644	0.02788	0.28608	0.14592	0.07908	0.07346	0.08204	0.06236	0.06764	0.01238	0.02323	0.00458	0.00414	0.00123	0.00499	0.00402	0.00282	0.03515
10	0.02409	0.00932	0.01387	0.10394	0.41709	0.02083	0.03139	0.06135	0.13513	0.05773	0.00987	0.02112	0.00780	0.00427	0.00408	0.00125	0.00455	0.00389	0.00271	0.06570
11	0.01062	0.01053	0.05309	0.01877	0.50174	0.06078	0.03062	0.02922	0.03311	0.04314	0.00826	0.01004	0.00668	0.00376	0.00392	0.00113	0.00476	0.00346	0.00234	0.16404
12	0.00506	0.00361	0.00482	0.00578	0.00602	0.00337	0.00386	0.00578	0.00795	0.01060	0.02289	0.85131	0.02747	0.01301	0.00530	0.00169	0.00241	0.01181	0.00386	0.00337
13	0.01033	0.00892	0.00939	0.00845	0.01080	0.01033	0.00657	0.02207	0.82061	0.01738	0.01691	0.01550	0.01268	0.00564	0.00423	0.00141	0.00329	0.00470	0.00423	0.00657
14	0.01041	0.00725	0.00873	0.00638	0.00991	0.00560	0.00512	0.01218	0.00921	0.16543	0.00937	0.02643	0.00734	0.00366	0.00333	0.00076	0.00315	0.00297	0.00299	0.69980
15	0.00506	0.00361	0.00482	0.00578	0.00602	0.00337	0.00386	0.00578	0.00795	0.01060	0.02289	0.85131	0.02747	0.01301	0.00530	0.00169	0.00241	0.01181	0.00386	0.00337
16	0.00980	0.01120	0.02451	0.01751	0.02171	0.01050	0.81303	0.01331	0.00980	0.01331	0.00840	0.01120	0.00630	0.00350	0.00490	0.00140	0.00700	0.00490	0.00210	0.00560
17	0.00978	0.01124	0.04411	0.03481	0.11073	0.01039	0.68824	0.01319	0.00971	0.01328	0.00829	0.01104	0.00629	0.00355	0.00478	0.00138	0.00672	0.00470	0.00208	0.00570
18	0.01028	0.00987	0.01686	0.02550	0.82811	0.00987	0.01275	0.01275	0.00946	0.01357	0.00781	0.01028	0.00658	0.00370	0.00411	0.00123	0.00493	0.00370	0.00206	0.00658
19	0.00655	0.00468	0.00653	0.00749	0.00839	0.00466	0.00645	0.00837	0.00943	0.01228	0.02207	0.11510	0.02421	0.01161	0.00570	0.00189	0.00370	0.73328	0.00383	0.00379
20	0.00663	0.00485	0.00683	0.00812	0.05203	0.00482	0.00632	0.00827	0.00906	0.01190	0.02058	0.14060	0.02266	0.08272	0.00690	0.00203	0.00373	0.59451	0.00362	0.00381
21	0.01700	0.00910	0.05439	0.00817	0.01137	0.07713	0.02714	0.03763	0.03182	0.63654	0.01464	0.01348	0.00960	0.02670	0.00458	0.00134	0.00413	0.00406	0.00451	0.00666
22	0.01028	0.00987	0.01686	0.02550	0.82811	0.00987	0.01275	0.01275	0.00946	0.01357	0.00781	0.01028	0.00658	0.00370	0.00411	0.00123	0.00493	0.00370	0.00206	0.00658
23	0.00506	0.00361	0.00482	0.00578	0.00602	0.00337	0.00386	0.00578	0.00795	0.01060	0.02289	0.85131	0.02747	0.01301	0.00530	0.00169	0.00241	0.01181	0.00386	0.00337
24	0.01413	0.01045	0.01184	0.01046	0.08134	0.01147	0.00783	0.48349	0.22454	0.08227	0.01205	0.01173	0.00871	0.00506	0.00417	0.00129	0.00419	0.00402	0.00407	0.00690
25	0.88336	0.00803	0.00611	0.00546	0.00803	0.00932	0.00450	0.01221	0.00707	0.01864	0.00578	0.00675	0.00450	0.00386	0.00257	0.00129	0.00321	0.00225	0.00257	0.00450
26	0.01579	0.01163	0.01247	0.00956	0.01288	0.01288	0.00789	0.81426	0.01953	0.02618	0.00997	0.00997	0.00706	0.00499	0.00416	0.00125	0.00457	0.00374	0.00416	0.00706
27	0.00784	0.00738	0.01246	0.84404	0.02861	0.00923	0.01154	0.01061	0.00831	0.01061	0.00738	0.01107	0.00554	0.00415	0.00415	0.00138	0.00554	0.00369	0.00185	0.00461
28	0.00604	0.00403	0.00453	0.00453	0.00453	0.00403	0.00252	0.00604	0.00604	0.00805	0.01309	0.02718	0.01510	0.85402	0.02114	0.00403	0.00403	0.00604	0.00252	0.00252
29	0.00784	0.00738	0.01246	0.84404	0.02861	0.00923	0.01154	0.01061	0.00831	0.01061	0.00738	0.01107	0.00554	0.00415	0.00415	0.00138	0.00554	0.00369	0.00185	0.00461
30	0.00722	0.00361	0.00541	0.00541	0.00541	0.00361	0.00361	0.00541	0.00541	0.00722	0.00722	0.01263	0.00722	0.01443	0.01623	0.87915	0.00361	0.00361	0.00180	0.00180
31	0.00491	0.00421	0.00421	0.00421	0.00561	0.00351	0.00316	0.00596	0.00947	0.01122	0.04208	0.03997	0.82643	0.01052	0.00491	0.00140	0.00210	0.00877	0.00386	0.00351
32	0.01552	0.01980	0.01177	0.01070	0.01284	0.83735	0.00803	0.01659	0.01177	0.01017	0.00642	0.00749	0.00535	0.00428	0.00375	0.00107	0.00749	0.00268	0.00214	0.00482
33	0.00833	0.02149	0.83250	0.01184	0.01798	0.00965	0.01535	0.01315	0.00877	0.01315	0.00745	0.00877	0.00526	0.00395	0.00395	0.00132	0.00614	0.00307	0.00175	0.00614
34	0.00978	0.01097	0.02346	0.04472	0.09134	0.01041	0.71842	0.01317	0.00973	0.01324	0.00832	0.01112	0.00630	0.00354	0.00481	0.00139	0.00678	0.00476	0.00209	0.00565
35	0.00511	0.00363	0.00481	0.00572	0.00595	0.00340	0.00379	0.00580	0.00786	0.01048	0.02243	0.81256	0.02689	0.05256	0.00605	0.00180	0.00249	0.01154	0.00379	0.00333
36	0.00593	0.00445	0.00668	0.00668	0.00742	0.00519	0.00519	0.00742	0.00668	0.00964	0.01113	0.01632	0.01038	0.03115	0.83756	0.00668	0.01113	0.00445	0.00223	0.00371
37	0.01033	0.00892	0.00939	0.00845	0.01080	0.01033	0.00657	0.02207	0.82061	0.01738	0.01691	0.01550	0.01268	0.00564	0.00423	0.00141	0.00329	0.00470	0.00423	0.00657
38	0.00684	0.00613	0.00581	0.00546	0.00710	0.05603	0.00416	0.04818	0.11380	0.01296	0.07728	0.03291	0.58983	0.00913	0.00471	0.00137	0.00270	0.00756	0.00385	0.00417
39	0.01294	0.02550	0.01158	0.00956	0.03885	0.02480	0.02100	0.40286	0.31040	0.02091	0.01210	0.01183	0.00896	0.00499	0.00409	0.00126	0.00410	0.00398	0.00389	0.06643
40	0.01579	0.01163	0.01247	0.00956	0.01288	0.01288	0.00789	0.81426	0.01953	0.02618	0.00997	0.00997	0.00706	0.00499	0.00416	0.00125	0.00457	0.00374	0.00416	0.00706
41	0.03937	0.17211	0.34822	0.01117	0.05625	0.10038	0.06261	0.09144	0.01030	0.03812	0.02827	0.00925	0.00658	0.00412	0.00376	0.00120	0.00553	0.00320	0.00227	0.00584
42	0.01119	0.31688	0.26399	0.01043	0.06114	0.08378	0.01943	0.10414	0.04305	0.02752	0.00759	0.00853	0.00598	0.00407	0.00366	0.00114	0.01642	0.00296	0.00225	0.00587
43	0.01864	0.00707	0.00964	0.00739	0.01060	0.00611	0.00611	0.02024	0.01189	0.83099	0.01639	0.01414	0.01028	0.00514	0.00418	0.00129	0.00353	0.00418	0.00514	0.00707
44	0.00543	0.00402	0.00559	0.00691	0.05036	0.00383	0.00445	0.00632	0.00811	0.01090	0.03742	0.74260	0.02594	0.01297	0.03195	0.00182	0.00285	0.03123	0.00372	0.00358
45	0.01115	0.17315	0.08815	0.06587	0.38871	0.11078	0.03184	0.03316	0.00975	0.03891	0.00755	0.00931	0.00614	0.00386	0.00380	0.00117	0.00529	0.00329	0.00213	0.00598
46	0.00512	0.00366	0.00489	0.00585	0.00611	0.00342	0.00395	0.00588	0.00801	0.01067	0.02286	0.82321	0.02735	0.01296	0.00532	0.00169	0.00246	0.03934	0.00385	0.00339
47	0.00519	0.00419	0.00463	0.00466	0.00586	0.00362	0.00348	0.00644	0.00987	0.01243	0.21627	0.10258	0.56331	0.01029	0.00496	0.00142	0.00214	0.03104	0.00402	0.00360
48	0.01036	0.01064	0.06225	0.03287	0.51794	0.01015	0.12321	0.05577	0.10761	0.01458	0.00908	0.01095	0.00721	0.00399	0.00423	0.00129	0.00508	0.00395	0.00241	0.00641
49	0.01006	0.19815	0.36458	0.01447	0.23961	0.02510	0.02323	0.03584	0.00933	0.03204	0.00747	0.00890	0.00582	0.00385	0.00374	0.00119	0.00537	0.00312	0.00200	0.00610
50	0.00984	0.01107	0.02361	0.01697	0.02106	0.01049	0.76479	0.01383	0.05830	0.01355	0.00891	0.01146	0.00668	0.00363	0.00486	0.00140	0.00678	0.00489	0.00223	0.00566
51	0.00861	0.00738	0.00861	0.00615	0.00984	0.00554	0.00492	0.01046	0.00861	0.01354	0.00738	0.00861	0.00615	0.00308	0.00308	0.00062	0.00308	0.00246	0.00246	0.87941
52	0.03555	0.01453	0.28581	0.01241	0.01684	0.03165	0.25066	0.21931	0.01202	0.05279	0.00930	0.01049	0.02031	0.00425	0.00427	0.00132	0.00576	0.00390	0.00269	0.00613
53	0.00507	0.00366	0.00480	0.00570	0.00601	0.00339	0.00382	0.00583	0.00810	0.01075	0.03866	0.79649	0.06676	0.01281	0.00528	0.00167	0.00239	0.01158	0.00387	0.00339
54	0.00603	0.00405	0.00465	0.00465	0.00469	0.00409	0.00266	0.00611	0.00607	0.00814	0.01298	0.02660	0.01485	0.80975	0.06506	0.00417	0.00441	0.00595	0.00250	0.00258
55	0.01083	0.77635	0.03733	0.05231	0.01178	0.01583	0.00755	0.01230	0.00840	0.00989	0.00589	0.00699	0.00534	0.00367	0.00300	0.00094	0.02217	0.00235	0.00178	0.00529
56	0.00833	0.02149	0.83250	0.01184	0.01798	0.00965	0.01535	0.01315	0.00877	0.01315	0.00745	0.00877	0.00526	0.00395	0.00395	0.00132	0.00614	0.00307	0.00175	0.00614
57	0.00593	0.00445	0.00668	0.00668	0.00742	0.00519	0.00519	0.00742	0.00668	0.00964	0.01113	0.01632	0.01038	0.03115	0.83756	0.00668	0.01113	0.00445	0.00223	0.00371
58	0.00909	0.00909	0.01272	0.01091	0.01091	0.01272	0.00909	0.01000	0.00636	0.01000	0.00545	0.00909	0.00545	0.00727	0.01363	0.00182	0.84642	0.00364	0.00182	0.00454
59	0.01014	0.31492	0.16646	0.01302	0.10791	0.03344	0.23053	0.01314	0.03528	0.01205	0.00770	0.02348	0.00634	0.00387	0.00380	0.00118	0.00551	0.00353	0.00202	0.00569
60	0.88336	0.00803	0.00611	0.00546	0.00803	0.00932	0.00450	0.01221	0.00707	0.01864	0.00578	0.00675	0.00450	0.00386	0.00257	0.00129	0.00321	0.00225	0.00257	0.00450
61	0.00604	0.00403	0.00453	0.00453	0.00453	0.00403	0.00252	0.00604	0.00604	0.00805	0.01309	0.02718	0.01510	0.85402	0.02114	0.00403	0.00403	0.00604	0.00252	0.00252
62	0.00860	0.00808	0.01293	0.68537	0.13379	0.03223	0.01143	0.01140	0.02146	0.02446	0.00771	0.01099	0.00586	0.00414	0.00414	0.00135	0.00544	0.00369	0.00197	0.00495
63	0.01424	0.01284	0.09531	0.05522	0.01476	0.05968	0.05700	0.59694	0.01682	0.02234	0.00928	0.00984	0.00666	0.00471	0.00416	0.00126	0.00509	0.00368	0.00355	0.00662
64	0.00980	0.01120	0.02451	0.01751	0.02171	0.01050	0.81303	0.01331	0.00980	0.01331	0.00840	0.01120	0.00630	0.00350	0.00490	0.00140	0.00700	0.00490	0.00210	0.00560
65	0.00583	0.00424	0.00548	0.00517	0.00617	0.00390	0.00388	0.00774	0.01163	0.01636	0.78375	0.03151	0.08154	0.00860	0.00490	0.00131	0.00197	0.00758	0.00453	0.00390
66	0.01060	0.01159	0.10220	0.01485	0.03276	0.01008	0.52666	0.05513	0.09040	0.07444	0.01003	0.02437	0.00749	0.00410	0.00464	0.00138	0.00606	0.00467	0.00263	0.00592
67	0.03689	0.01053	0.01185	0.00927	0.01241	0.01147	0.03469	0.55304	0.13607	0.11127	0.01170	0.02248	0.00842	0.00513	0.00417	0.00129	0.00429	0.00404	0.00416	0.00683
68	0.00722	0.00361	0.00541	0.00541	0.00541	0.00361	0.00361	0.00541	0.00541	0.00722	0.00722	0.01263	0.00722	0.01443	0.01623	0.87915	0.00361	0.00361	0.00180	0.00180
69	0.00861	0.00738	0.00861	0.00615	0.00984	0.00554	0.00492	0.01046	0.00861	0.01354	0.00738	0.00861	0.00615	0.00308	0.00308	0.00062	0.00308	0.00246	0.00246	0.87941
70	0.00825	0.01973	0.74584	0.01110	0.01678	0.00906	0.01413	0.01269	0.00889	0.02928	0.01057	0.01152	0.07502	0.00453	0.00403	0.00132	0.00574	0.00357	0.00200	0.00593
71	0.01552	0.01980	0.01177	0.01070	0.01284	0.83735	0.00803	0.01659	0.01177	0.01017	0.00642	0.00749	0.00535	0.00428	0.00375	0.00107	0.00749	0.00268	0.00214	0.00482
72	0.00861	0.00738	0.00861	0.00615	0.00984	0.00554	0.00492	0.01046	0.00861	0.01354	0.00738	0.00861	0.00615	0.00308	0.00308	0.00062	0.00308	0.00246	0.00246	0.87941
73	0.00578	0.00419	0.00545	0.00524	0.00617	0.00386	0.00389	0.00760	0.01136	0.01596	0.73182	0.10091	0.06429	0.00894	0.00493	0.00134	0.00200	0.00792	0.00449	0.00386
74	0.01183	0.71975	0.02013	0.00769	0.01102	0.15063	0.00726	0.01312	0.00898	0.00984	0.00588	0.00680	0.00533	0.00367	0.00284	0.00092	0.00494	0.00230	0.00184	0.00525
75	0.00657	0.00553	0.00592	0.00561	0.00673	0.07012	0.00419	0.00846	0.02342	0.01533	0.63214	0.05629	0.12702	0.00850	0.00481	0.00131	0.00245	0.00737	0.00427	0.00396
76	0.00604	0.00410	0.00488	0.00504	0.00519	0.00413	0.00317	0.00636	0.00655	0.00874	0.01450	0.07985	0.01651	0.67170	0.06251	0.00381	0.00429	0.08713	0.00272	0.00277
77	0.00576	0.00424	0.00530	0.00506	0.00610	0.00387	0.00380	0.00753	0.01118	0.01547	0.64755	0.03258	0.17490	0.02236	0.00514	0.00137	0.00205	0.02318	0.01874	0.00382
78	0.01122	0.24108	0.21573	0.03365	0.12867	0.17555	0.07403	0.05143	0.00995	0.01228	0.00704	0.00847	0.00566	0.00389	0.00368	0.00115	0.00576	0.00305	0.00202	0.00569
79	0.01019	0.03402	0.10114	0.06040	0.04079	0.08075	0.53970	0.03005	0.00984	0.01296	0.00794	0.01041	0.00605	0.00381	0.00486	0.00136	0.03380	0.00430	0.00208	0.00555
80	0.00523	0.00415	0.00447	0.00449	0.00553	0.00364	0.00319	0.00621	0.00910	0.01136	0.13760	0.08408	0.54177	0.15183	0.00765	0.00185	0.00243	0.00832	0.00373	0.00339
81	0.00905	0.00976	0.08552	0.25825	0.40388	0.00921	0.04741	0.02735	0.00932	0.01280	0.02357	0.01283	0.06408	0.00443	0.00421	0.00130	0.00505	0.00411	0.00218	0.00568
82	0.02636	0.01023	0.10552	0.02500	0.04179	0.05649	0.06558	0.06976	0.24287	0.14420	0.04810	0.04021	0.04091	0.02839	0.02551	0.00155	0.00445	0.01367	0.00355	0.00586
83	0.00776	0.00724	0.01216	0.77824	0.04761	0.00893	0.01115	0.01041	0.00832	0.01069	0.00823	0.05626	0.00674	0.00462	0.00421	0.00140	0.00535	0.00413	0.00196	0.00460

[dist]
# distance from previous block
# <min> <max>
0	1

[block]
# block no. 3 follows, 64 sequences, length 15
# corresponding to MSA columns:
# 308-322
name=unknown_D
#
# <colnr> <probs for GDERKNQSTAVLIFYWHMCP>
#	G	D	E	R	K	N	Q	S	T	A	V	L	I	F	Y	W	H	M	C	P
0	0.01347	0.00957	0.01116	0.00948	0.04480	0.01030	0.03004	0.47076	0.09768	0.09443	0.01285	0.08363	0.01044	0.00590	0.00429	0.00132	0.00410	0.03681	0.04258	0.00637
1	0.04906	0.02321	0.02915	0.01578	0.32496	0.08301	0.08528	0.07256	0.11311	0.07908	0.02258	0.02355	0.01972	0.00477	0.00419	0.00130	0.00480	0.03494	0.00290	0.00606
2	0.00987	0.00884	0.01386	0.45240	0.28046	0.01001	0.01135	0.13771	0.01044	0.01400	0.00793	0.01065	0.00611	0.00414	0.00414	0.00131	0.00519	0.00370	0.00228	0.00562
3	0.01011	0.00994	0.01016	0.17084	0.01418	0.18527	0.02002	0.01197	0.00939	0.03692	0.02436	0.01016	0.02007	0.00436	0.01882	0.00103	0.00469	0.00308	0.00241	0.43222
4	0.00555	0.00410	0.00523	0.00526	0.00612	0.00378	0.00384	0.00707	0.01034	0.01418	0.49229	0.21947	0.15277	0.01075	0.03868	0.00163	0.00246	0.00856	0.00421	0.00372
5	0.01443	0.01784	0.01127	0.00999	0.01237	0.70650	0.00754	0.01562	0.01127	0.01070	0.00657	0.00767	0.00548	0.00409	0.00364	0.00100	0.00680	0.00264	0.00219	0.14239
6	0.01655	0.00676	0.00894	0.00702	0.00973	0.00603	0.00561	0.04807	0.01126	0.67107	0.01563	0.01603	0.01092	0.13867	0.00684	0.00172	0.00365	0.00445	0.00469	0.00635
7	0.00861	0.00738	0.00861	0.00615	0.00984	0.00554	0.00492	0.01046	0.00861	0.01354	0.00738	0.00861	0.00615	0.00308	0.00308	0.00062	0.00308	0.00246	0.00246	0.87941
8	0.74602	0.00832	0.00780	0.00861	0.13703	0.00940	0.00580	0.01229	0.00744	0.01784	0.00610	0.00730	0.00483	0.00383	0.00281	0.00128	0.00348	0.00248	0.00249	0.00483
9	0.88336	0.00803	0.00611	0.00546	0.00803	0.00932	0.00450	0.01221	0.00707	0.01864	0.00578	0.00675	0.00450	0.00386	0.00257	0.00129	0.00321	0.00225	0.00257	0.00450
10	0.00506	0.00361	0.00482	0.00578	0.00602	0.00337	0.00386	0.00578	0.00795	0.01060	0.02289	0.85131	0.02747	0.01301	0.00530	0.00169	0.00241	0.01181	0.00386	0.00337
11	0.00858	0.00738	0.00877	0.04017	0.01061	0.00569	0.00519	0.01047	0.00860	0.01342	0.00738	0.00871	0.00613	0.00312	0.00312	0.00065	0.00318	0.00251	0.00244	0.84390
12	0.64881	0.00782	0.00750	0.13759	0.01156	0.00894	0.00579	0.01286	0.00780	0.10834	0.00722	0.00826	0.00531	0.00405	0.00300	0.00130	0.00361	0.00269	0.00274	0.00480
13	0.00653	0.13856	0.00775	0.00587	0.00703	0.02447	0.00442	0.00799	0.05167	0.01087	0.02324	0.45795	0.19060	0.03717	0.00522	0.00155	0.00288	0.00889	0.00347	0.00389
14	0.03799	0.10432	0.01471	0.05780	0.28721	0.05847	0.08804	0.02312	0.02018	0.05651	0.02969	0.01044	0.00741	0.00471	0.02935	0.00128	0.00490	0.00349	0.00240	0.15798

[dist]
# distance from previous block
# <min> <max>
0	6

[block]
# block no. 4 follows, 64 sequences, length 29
# corresponding to MSA columns:
# 329-357
name=unknown_E
#
# <colnr> <probs for GDERKNQSTAVLIFYWHMCP>
#	G	D	E	R	K	N	Q	S	T	A	V	L	I	F	Y	W	H	M	C	P
0	0.06184	0.00955	0.01565	0.10921	0.67478	0.00985	0.01201	0.03359	0.00946	0.01389	0.00771	0.01015	0.00636	0.00379	0.00403	0.00125	0.00489	0.00362	0.00212	0.00626
1	0.01017	0.02057	0.07557	0.05930	0.42658	0.02895	0.10197	0.02444	0.18214	0.01420	0.00974	0.01131	0.00766	0.00416	0.00419	0.00130	0.00498	0.00396	0.00251	0.00629
2	0.00608	0.00452	0.00517	0.00509	0.00623	0.00418	0.00377	0.05459	0.01038	0.01388	0.25958	0.18602	0.33998	0.00965	0.00478	0.00139	0.00225	0.00831	0.07032	0.00384
3	0.00590	0.00420	0.00551	0.00538	0.00629	0.00393	0.00398	0.00761	0.01081	0.02645	0.61750	0.14999	0.06729	0.01053	0.05423	0.00168	0.00260	0.00796	0.00431	0.00385
4	0.00520	0.00411	0.00469	0.00477	0.00585	0.00360	0.00349	0.00644	0.00982	0.01260	0.25380	0.18526	0.46479	0.01042	0.00498	0.00143	0.00212	0.00898	0.00405	0.00360
5	0.03238	0.00674	0.00897	0.00719	0.00997	0.00599	0.00581	0.04481	0.01148	0.66922	0.01693	0.13603	0.01258	0.00626	0.00431	0.00134	0.00340	0.00524	0.00487	0.00648
6	0.01020	0.73215	0.01920	0.00668	0.00992	0.01455	0.00653	0.01149	0.00859	0.00998	0.01107	0.01152	0.12515	0.00457	0.00299	0.00096	0.00410	0.00318	0.00208	0.00506
7	0.00677	0.00461	0.00651	0.00732	0.00814	0.00461	0.00624	0.00814	0.00896	0.01167	0.01984	0.04186	0.02147	0.01191	0.00727	0.12992	0.00379	0.68392	0.00353	0.00353
8	0.75531	0.00748	0.00602	0.00543	0.00777	0.00853	0.00441	0.01157	0.00775	0.01835	0.12546	0.01029	0.00956	0.00453	0.00291	0.00129	0.00303	0.00302	0.00286	0.00441
9	0.00747	0.00393	0.00412	0.00407	0.00504	0.00388	0.00305	0.00941	0.00916	0.01566	0.13210	0.01775	0.01481	0.00537	0.00319	0.00102	0.00194	0.00440	0.74976	0.00388
10	0.75531	0.00748	0.00602	0.00543	0.00777	0.00853	0.00441	0.01157	0.00775	0.01835	0.12546	0.01029	0.00956	0.00453	0.00291	0.00129	0.00303	0.00302	0.00286	0.00441
11	0.00878	0.06921	0.66549	0.01355	0.13576	0.01008	0.01448	0.01305	0.00885	0.01301	0.00741	0.00887	0.00546	0.00389	0.00389	0.00128	0.00586	0.00311	0.00180	0.00616
12	0.01735	0.00767	0.01181	0.00887	0.01222	0.00675	0.12386	0.01923	0.01158	0.71167	0.01522	0.01371	0.00970	0.00490	0.00428	0.00130	0.00404	0.00428	0.00470	0.00685
13	0.01027	0.01107	0.06240	0.01724	0.16349	0.01013	0.50976	0.01442	0.09290	0.05138	0.00949	0.01149	0.00714	0.00385	0.00461	0.00136	0.00605	0.00454	0.00243	0.00597
14	0.00517	0.00366	0.00479	0.00565	0.00586	0.00345	0.00371	0.00581	0.00774	0.01032	0.02181	0.76054	0.02611	0.10564	0.00705	0.00194	0.00259	0.01117	0.00371	0.00328
15	0.01772	0.00853	0.01055	0.00808	0.01133	0.00828	0.00668	0.27481	0.01434	0.57296	0.01433	0.01280	0.00925	0.00509	0.00417	0.00127	0.00387	0.00404	0.00482	0.00707
16	0.00677	0.00469	0.00705	0.00700	0.00782	0.00450	0.06574	0.00781	0.00835	0.08299	0.02027	0.65793	0.02306	0.01209	0.03587	0.00182	0.02852	0.01010	0.00371	0.00392
17	0.01020	0.48959	0.23211	0.01101	0.11401	0.01359	0.03405	0.01263	0.00864	0.01123	0.00654	0.00785	0.00550	0.00376	0.00350	0.00108	0.02447	0.00274	0.00182	0.00569
18	0.00557	0.00418	0.00516	0.00503	0.00605	0.00377	0.00373	0.00721	0.01088	0.01483	0.56781	0.10322	0.22856	0.00937	0.00494	0.00136	0.00203	0.00818	0.00434	0.00377
19	0.03392	0.04517	0.04289	0.02177	0.04371	0.45164	0.06234	0.15181	0.02964	0.04912	0.00860	0.00943	0.02277	0.00447	0.00391	0.00116	0.00622	0.00328	0.00267	0.00548
20	0.01314	0.05018	0.04074	0.03909	0.20577	0.39866	0.06812	0.07743	0.03445	0.02298	0.00763	0.00904	0.00612	0.00415	0.00394	0.00117	0.00623	0.00326	0.00234	0.00560
21	0.00627	0.00451	0.00596	0.00562	0.00596	0.00450	0.05089	0.00668	0.00653	0.00875	0.01339	0.04540	0.01505	0.69193	0.06692	0.00386	0.00457	0.04777	0.00257	0.00286
22	0.00600	0.00431	0.00557	0.00568	0.00620	0.00447	0.00399	0.00730	0.03459	0.01071	0.13765	0.14672	0.02853	0.30100	0.23914	0.00379	0.00537	0.04253	0.00307	0.00339
23	0.01170	0.02590	0.04614	0.03560	0.40476	0.04834	0.09750	0.08228	0.02535	0.11864	0.00963	0.03576	0.00763	0.00431	0.00417	0.00125	0.00496	0.00402	0.00272	0.02929
24	0.09135	0.02579	0.07833	0.04153	0.11712	0.06159	0.29292	0.17768	0.02857	0.01615	0.00859	0.02586	0.00668	0.00419	0.00423	0.00131	0.00561	0.00404	0.00260	0.00586
25	0.04590	0.00823	0.02673	0.07316	0.01950	0.12883	0.02156	0.00982	0.00797	0.02999	0.02593	0.05681	0.05011	0.14501	0.21253	0.00311	0.12351	0.00476	0.00244	0.00408
26	0.08334	0.01640	0.03694	0.01300	0.15957	0.54479	0.02695	0.01552	0.01085	0.04546	0.00711	0.00833	0.00573	0.00415	0.00377	0.00114	0.00648	0.00295	0.00227	0.00526
27	0.05655	0.01058	0.01633	0.09574	0.45309	0.07370	0.13891	0.06001	0.01004	0.02359	0.00785	0.01011	0.00629	0.00390	0.00425	0.00127	0.01579	0.00374	0.00223	0.00601
28	0.04159	0.02639	0.01527	0.10820	0.54687	0.03503	0.03789	0.03439	0.04225	0.02202	0.00844	0.02733	0.00703	0.00406	0.00405	0.00125	0.00489	0.00381	0.00227	0.02696

[dist]
# distance from previous block
# <min> <max>
0	22

[block]
# block no. 5 follows, 64 sequences, length 76
# corresponding to MSA columns:
# 381-456
name=unknown_F
#
# <colnr> <probs for GDERKNQSTAVLIFYWHMCP>
#	G	D	E	R	K	N	Q	S	T	A	V	L	I	F	Y	W	H	M	C	P
0	0.10047	0.01103	0.01376	0.04969	0.32420	0.15499	0.07514	0.03612	0.04593	0.05081	0.00894	0.02359	0.02036	0.00441	0.00440	0.00126	0.04272	0.00372	0.00247	0.02601
1	0.00765	0.00676	0.01043	0.09115	0.32984	0.00682	0.00807	0.00974	0.04256	0.01209	0.01659	0.29541	0.09170	0.03107	0.00505	0.00149	0.00375	0.00698	0.00292	0.01994
2	0.01201	0.22457	0.07262	0.03470	0.18409	0.19787	0.01926	0.10069	0.03030	0.02389	0.00777	0.02719	0.00653	0.00437	0.00407	0.00116	0.03762	0.00328	0.00233	0.00569
3	0.00622	0.00464	0.00543	0.00522	0.00617	0.00472	0.00396	0.00748	0.00901	0.01257	0.16015	0.06153	0.33991	0.03750	0.03082	0.02273	0.09466	0.00681	0.17678	0.00369
4	0.00892	0.11062	0.21394	0.01423	0.25823	0.00943	0.06986	0.01232	0.05985	0.01354	0.12737	0.02711	0.04691	0.00498	0.00413	0.00126	0.00463	0.00442	0.00256	0.00569
5	0.00577	0.00423	0.00542	0.00515	0.00615	0.00387	0.00385	0.00762	0.01146	0.01602	0.73660	0.05446	0.10629	0.00879	0.00491	0.00133	0.00198	0.00774	0.00449	0.00387
6	0.00913	0.00919	0.01251	0.01078	0.01083	0.03028	0.00894	0.01004	0.00652	0.01001	0.00590	0.02948	0.00598	0.00734	0.01322	0.00180	0.80785	0.00381	0.00187	0.00452
7	0.01579	0.01163	0.01247	0.00956	0.01288	0.01288	0.00789	0.81426	0.01953	0.02618	0.00997	0.00997	0.00706	0.00499	0.00416	0.00125	0.00457	0.00374	0.00416	0.00706
8	0.00604	0.00405	0.00462	0.00462	0.00465	0.00408	0.00263	0.00610	0.00607	0.00812	0.01300	0.02671	0.01490	0.81859	0.05630	0.00414	0.00433	0.00597	0.00250	0.00257
9	0.01111	0.85652	0.02177	0.00711	0.01066	0.01644	0.00711	0.01244	0.00844	0.00977	0.00577	0.00666	0.00533	0.00355	0.00267	0.00089	0.00444	0.00222	0.00178	0.00533
10	0.00506	0.00361	0.00482	0.00578	0.00602	0.00337	0.00386	0.00578	0.00795	0.01060	0.02289	0.85131	0.02747	0.01301	0.00530	0.00169	0.00241	0.01181	0.00386	0.00337
11	0.01122	0.00968	0.01590	0.02292	0.70688	0.00969	0.01185	0.04700	0.02785	0.08352	0.00883	0.01071	0.00705	0.00392	0.00412	0.00124	0.00476	0.00376	0.00245	0.00664
12	0.01015	0.00983	0.01705	0.06128	0.75247	0.00987	0.05269	0.01268	0.00942	0.01343	0.00782	0.01036	0.00652	0.00371	0.00415	0.00125	0.00506	0.00376	0.00205	0.00644
13	0.01258	0.02047	0.01019	0.00806	0.01032	0.00712	0.06526	0.01487	0.05778	0.37578	0.16372	0.01739	0.04780	0.00715	0.03947	0.00158	0.11019	0.00494	0.00407	0.02127
14	0.01552	0.01980	0.01177	0.01070	0.01284	0.83735	0.00803	0.01659	0.01177	0.01017	0.00642	0.00749	0.00535	0.00428	0.00375	0.00107	0.00749	0.00268	0.00214	0.00482
15	0.01073	0.29397	0.34530	0.01087	0.06990	0.12823	0.01094	0.04977	0.00962	0.01225	0.00690	0.00805	0.00548	0.00388	0.00350	0.00112	0.00557	0.00280	0.00196	0.01916
16	0.00768	0.00711	0.01186	0.73081	0.05613	0.00869	0.01080	0.01022	0.00828	0.01067	0.00874	0.07842	0.00751	0.02086	0.00456	0.00145	0.00524	0.00438	0.00203	0.00455
17	0.00504	0.00421	0.00439	0.00435	0.00569	0.00356	0.00326	0.00621	0.00978	0.01196	0.14799	0.03877	0.72005	0.01025	0.00491	0.00139	0.00208	0.00860	0.00395	0.00356
18	0.01068	0.00885	0.00940	0.00841	0.01079	0.01016	0.00656	0.02200	0.78689	0.05130	0.01688	0.01544	0.01258	0.00561	0.00422	0.00140	0.00330	0.00467	0.00426	0.00660
19	0.00588	0.00425	0.00555	0.00523	0.00621	0.00392	0.00392	0.00784	0.01176	0.01666	0.82592	0.03103	0.03919	0.00849	0.00490	0.00131	0.00196	0.00751	0.00457	0.00392
20	0.01864	0.00707	0.00964	0.00739	0.01060	0.00611	0.00611	0.02024	0.01189	0.83099	0.01639	0.01414	0.01028	0.00514	0.00418	0.00129	0.00353	0.00418	0.00514	0.00707
21	0.01111	0.85652	0.02177	0.00711	0.01066	0.01644	0.00711	0.01244	0.00844	0.00977	0.00577	0.00666	0.00533	0.00355	0.00267	0.00089	0.00444	0.00222	0.00178	0.00533
22	0.00500	0.00421	0.00434	0.00431	0.00567	0.00355	0.00323	0.00614	0.00969	0.01175	0.11878	0.03910	0.74940	0.01032	0.00491	0.00139	0.00209	0.00864	0.00393	0.00355
23	0.00983	0.00910	0.01543	0.25393	0.58191	0.00959	0.01223	0.01236	0.00920	0.03533	0.00793	0.01061	0.00639	0.00387	0.00413	0.00128	0.00506	0.00371	0.00208	0.00604
24	0.01457	0.01820	0.01198	0.01096	0.02507	0.71305	0.00824	0.01564	0.01100	0.01020	0.00631	0.00775	0.00538	0.00468	0.00509	0.00117	0.12100	0.00282	0.00210	0.00481
25	0.00585	0.00424	0.00551	0.00519	0.00619	0.00391	0.00389	0.00778	0.01168	0.01648	0.80004	0.03132	0.06519	0.00856	0.00490	0.00131	0.00196	0.00755	0.00455	0.00391
26	0.00861	0.00738	0.00861	0.00615	0.00984	0.00554	0.00492	0.01046	0.00861	0.01354	0.00738	0.00861	0.00615	0.00308	0.00308	0.00062	0.00308	0.00246	0.00246	0.87941
27	0.00543	0.00394	0.00520	0.00609	0.00652	0.00376	0.00434	0.00662	0.02795	0.01107	0.02317	0.68434	0.04984	0.01253	0.00533	0.00171	0.00264	0.13216	0.00386	0.00352
28	0.05095	0.03053	0.18731	0.00879	0.05256	0.02313	0.02128	0.02521	0.00920	0.09813	0.00828	0.00921	0.00631	0.00362	0.00346	0.00094	0.00409	0.00288	0.00257	0.45156
29	0.01168	0.67127	0.03926	0.00858	0.04835	0.12487	0.00770	0.02810	0.00914	0.01039	0.00607	0.00705	0.00542	0.00369	0.00293	0.00095	0.00491	0.00240	0.00188	0.00537
30	0.13429	0.01808	0.47743	0.01072	0.01534	0.16898	0.04405	0.02669	0.00945	0.04766	0.00747	0.00858	0.00545	0.00405	0.00376	0.00126	0.00589	0.00301	0.00214	0.00568
31	0.01530	0.01228	0.06592	0.00971	0.01321	0.01267	0.00838	0.76204	0.01883	0.02533	0.00981	0.00989	0.00695	0.00492	0.00414	0.00125	0.00467	0.00370	0.00400	0.00700
32	0.00843	0.00411	0.00435	0.00418	0.00530	0.00403	0.00317	0.01035	0.00906	0.07306	0.04762	0.01604	0.01181	0.00501	0.00308	0.00100	0.00205	0.00404	0.77920	0.00410
33	0.01206	0.00963	0.01018	0.00859	0.01106	0.02445	0.00685	0.29815	0.42358	0.01987	0.01354	0.01316	0.01012	0.00539	0.00447	0.00133	0.03884	0.00421	0.07811	0.00640
34	0.00525	0.00422	0.00467	0.00456	0.00582	0.00365	0.00342	0.00661	0.01026	0.01311	0.31439	0.03687	0.55294	0.00982	0.00491	0.00137	0.00205	0.00833	0.00411	0.00365
35	0.00628	0.00431	0.00562	0.00525	0.00629	0.00398	0.00395	0.00823	0.01169	0.03913	0.78370	0.03018	0.03770	0.00831	0.00483	0.00130	0.00200	0.00733	0.02591	0.00401
36	0.00528	0.00422	0.00473	0.00460	0.00584	0.00367	0.00345	0.00668	0.01035	0.01331	0.34395	0.03653	0.52325	0.00974	0.00491	0.00137	0.00205	0.00828	0.00413	0.00367
37	0.00604	0.00403	0.00453	0.00453	0.00453	0.00403	0.00252	0.00604	0.00604	0.00805	0.01309	0.02718	0.01510	0.85402	0.02114	0.00403	0.00403	0.00604	0.00252	0.00252
38	0.00843	0.00453	0.00460	0.00435	0.00552	0.00464	0.00333	0.07793	0.00963	0.01639	0.01325	0.01502	0.01034	0.00485	0.00301	0.00099	0.00216	0.00386	0.80303	0.00414
39	0.00506	0.00361	0.00482	0.00578	0.00602	0.00337	0.00386	0.00578	0.00795	0.01060	0.02289	0.85131	0.02747	0.01301	0.00530	0.00169	0.00241	0.01181	0.00386	0.00337
40	0.01793	0.00821	0.01034	0.00793	0.01117	0.00779	0.00655	0.21784	0.01379	0.63070	0.01479	0.01310	0.00948	0.00510	0.00417	0.00128	0.00379	0.00407	0.00490	0.00707
41	0.00506	0.00361	0.00482	0.00578	0.00602	0.00337	0.00386	0.00578	0.00795	0.01060	0.02289	0.85131	0.02747	0.01301	0.00530	0.00169	0.00241	0.01181	0.00386	0.00337
42	0.00669	0.00478	0.00669	0.00765	0.00861	0.00478	0.00669	0.00861	0.00956	0.01243	0.02199	0.04685	0.02391	0.01147	0.00574	0.00191	0.00382	0.80015	0.00382	0.00382
43	0.88336	0.00803	0.00611	0.00546	0.00803	0.00932	0.00450	0.01221	0.00707	0.01864	0.00578	0.00675	0.00450	0.00386	0.00257	0.00129	0.00321	0.00225	0.00257	0.00450
44	0.00995	0.00853	0.00907	0.00818	0.01041	0.00979	0.00635	0.02086	0.75199	0.01731	0.08553	0.01681	0.01493	0.00588	0.00428	0.00140	0.00317	0.00494	0.00426	0.00635
45	0.01552	0.01980	0.01177	0.01070	0.01284	0.83735	0.00803	0.01659	0.01177	0.01017	0.00642	0.00749	0.00535	0.00428	0.00375	0.00107	0.00749	0.00268	0.00214	0.00482
46	0.00604	0.00403	0.00453	0.00453	0.00453	0.00403	0.00252	0.00604	0.00604	0.00805	0.01309	0.02718	0.01510	0.85402	0.02114	0.00403	0.00403	0.00604	0.00252	0.00252
47	0.00505	0.00365	0.00478	0.00569	0.00600	0.00338	0.00381	0.00579	0.00804	0.01064	0.02405	0.80260	0.07544	0.01286	0.00528	0.00167	0.00239	0.01163	0.00386	0.00338
48	0.01111	0.85652	0.02177	0.00711	0.01066	0.01644	0.00711	0.01244	0.00844	0.00977	0.00577	0.00666	0.00533	0.00355	0.00267	0.00089	0.00444	0.00222	0.00178	0.00533
49	0.00604	0.00403	0.00453	0.00453	0.00453	0.00403	0.00252	0.00604	0.00604	0.00805	0.01309	0.02718	0.01510	0.85402	0.02114	0.00403	0.00403	0.00604	0.00252	0.00252
50	0.00497	0.00421	0.00429	0.00427	0.00565	0.00353	0.00320	0.00608	0.00961	0.01156	0.09050	0.03942	0.77779	0.01039	0.00491	0.00140	0.00210	0.00869	0.00390	0.00353
51	0.01045	0.01134	0.09554	0.02263	0.66209	0.04252	0.03246	0.01332	0.02921	0.02889	0.00812	0.01025	0.00661	0.00382	0.00411	0.00124	0.00514	0.00366	0.00214	0.00645
52	0.00833	0.02149	0.83250	0.01184	0.01798	0.00965	0.01535	0.01315	0.00877	0.01315	0.00745	0.00877	0.00526	0.00395	0.00395	0.00132	0.00614	0.00307	0.00175	0.00614
53	0.01864	0.00707	0.00964	0.00739	0.01060	0.00611	0.00611	0.02024	0.01189	0.83099	0.01639	0.01414	0.01028	0.00514	0.00418	0.00129	0.00353	0.00418	0.00514	0.00707
54	0.00688	0.00571	0.00713	0.00694	0.00762	0.06314	0.00528	0.00796	0.00687	0.00941	0.01040	0.01608	0.00999	0.10618	0.60111	0.05699	0.06211	0.00438	0.00220	0.00361
55	0.00784	0.00738	0.01246	0.84404	0.02861	0.00923	0.01154	0.01061	0.00831	0.01061	0.00738	0.01107	0.00554	0.00415	0.00415	0.00138	0.00554	0.00369	0.00185	0.00461
56	0.00496	0.00402	0.00440	0.00470	0.00574	0.00347	0.00337	0.00591	0.00900	0.01103	0.03612	0.29192	0.57833	0.01129	0.00503	0.00149	0.00220	0.00971	0.00386	0.00347
57	0.00509	0.00365	0.00485	0.00580	0.00607	0.00341	0.00391	0.00585	0.00802	0.01065	0.02322	0.81889	0.04197	0.01293	0.00530	0.00169	0.00244	0.02902	0.00386	0.00339
58	0.01491	0.00761	0.01079	0.01000	0.11413	0.00708	0.04625	0.04749	0.07091	0.50543	0.03801	0.01612	0.08093	0.00546	0.00429	0.00130	0.00374	0.00466	0.00437	0.00651
59	0.00861	0.00738	0.00861	0.00615	0.00984	0.00554	0.00492	0.01046	0.00861	0.01354	0.00738	0.00861	0.00615	0.00308	0.00308	0.00062	0.00308	0.00246	0.00246	0.87941
60	0.00956	0.02330	0.01247	0.65016	0.02491	0.17343	0.01070	0.02688	0.00920	0.01080	0.00722	0.01027	0.00553	0.00418	0.00405	0.00131	0.00589	0.00347	0.00195	0.00471
61	0.88336	0.00803	0.00611	0.00546	0.00803	0.00932	0.00450	0.01221	0.00707	0.01864	0.00578	0.00675	0.00450	0.00386	0.00257	0.00129	0.00321	0.00225	0.00257	0.00450
62	0.00839	0.02106	0.79881	0.01208	0.01813	0.00968	0.04860	0.01316	0.00881	0.01316	0.00749	0.00887	0.00531	0.00393	0.00399	0.00132	0.00617	0.00315	0.00177	0.00612
63	0.00505	0.00364	0.00479	0.00571	0.00601	0.00338	0.00382	0.00579	0.00802	0.01063	0.02375	0.81494	0.06328	0.01290	0.00528	0.00167	0.00240	0.01167	0.00386	0.00338
64	0.00722	0.00361	0.00541	0.00541	0.00541	0.00361	0.00361	0.00541	0.00541	0.00722	0.00722	0.01263	0.00722	0.01443	0.01623	0.87915	0.00361	0.00361	0.00180	0.00180
65	0.00494	0.00421	0.00425	0.00424	0.00563	0.00352	0.00318	0.00603	0.00955	0.01141	0.06953	0.03966	0.79885	0.01045	0.00491	0.00140	0.00210	0.00872	0.00388	0.00352
66	0.01811	0.00792	0.01016	0.00779	0.01103	0.00736	0.00644	0.16742	0.01330	0.68181	0.01520	0.01337	0.00969	0.00511	0.00417	0.00128	0.00373	0.00410	0.00496	0.00707
67	0.00833	0.02149	0.83250	0.01184	0.01798	0.00965	0.01535	0.01315	0.00877	0.01315	0.00745	0.00877	0.00526	0.00395	0.00395	0.00132	0.00614	0.00307	0.00175	0.00614
68	0.00491	0.00421	0.00421	0.00421	0.00561	0.00351	0.00316	0.00596	0.00947	0.01122	0.04208	0.03997	0.82643	0.01052	0.00491	0.00140	0.00210	0.00877	0.00386	0.00351
69	0.01028	0.00987	0.01686	0.02550	0.82811	0.00987	0.01275	0.01275	0.00946	0.01357	0.00781	0.01028	0.00658	0.00370	0.00411	0.00123	0.00493	0.00370	0.00206	0.00658
70	0.01579	0.01163	0.01247	0.00956	0.01288	0.01288	0.00789	0.81426	0.01953	0.02618	0.00997	0.00997	0.00706	0.00499	0.00416	0.00125	0.00457	0.00374	0.00416	0.00706
71	0.00784	0.00738	0.01246	0.84404	0.02861	0.00923	0.01154	0.01061	0.00831	0.01061	0.00738	0.01107	0.00554	0.00415	0.00415	0.00138	0.00554	0.00369	0.00185	0.00461
72	0.00593	0.00401	0.00453	0.00459	0.00466	0.00397	0.00262	0.00602	0.00630	0.00834	0.01496	0.07399	0.05270	0.76848	0.01951	0.00378	0.00385	0.00649	0.00265	0.00261
73	0.05710	0.02964	0.03013	0.02275	0.08137	0.03299	0.02112	0.31021	0.11785	0.23628	0.01187	0.01153	0.00831	0.00483	0.00405	0.00127	0.00426	0.00384	0.00394	0.00665
74	0.01043	0.65317	0.21920	0.00826	0.01244	0.01478	0.00911	0.01261	0.00852	0.01060	0.00618	0.00718	0.00531	0.00365	0.00298	0.00099	0.00486	0.00243	0.00177	0.00553
75	0.29000	0.01062	0.05463	0.08596	0.07850	0.07890	0.09939	0.16025	0.02614	0.01708	0.04502	0.02011	0.00756	0.00443	0.00373	0.00129	0.00469	0.00355	0.00276	0.00538

[dist]
# distance from previous block
# <min> <max>
0	23

[block]
# block no. 6 follows, 64 sequences, length 18
# corresponding to MSA columns:
# 515-532
name=unknown_G
#
# <colnr> <probs for GDERKNQSTAVLIFYWHMCP>
#	G	D	E	R	K	N	Q	S	T	A	V	L	I	F	Y	W	H	M	C	P
0	0.01310	0.25826	0.21845	0.01315	0.11401	0.04009	0.08987	0.06002	0.02581	0.09450	0.01010	0.01183	0.00806	0.00526	0.00466	0.00152	0.01750	0.00387	0.00301	0.00692
1	0.00923	0.12446	0.64302	0.01175	0.05100	0.06537	0.01373	0.01328	0.00896	0.01255	0.00719	0.00849	0.00533	0.00391	0.00378	0.00124	0.00597	0.00296	0.00180	0.00597
2	0.00604	0.00403	0.00453	0.00453	0.00453	0.00403	0.00252	0.00604	0.00604	0.00805	0.01309	0.02718	0.01510	0.85402	0.02114	0.00403	0.00403	0.00604	0.00252	0.00252
3	0.00574	0.00448	0.00523	0.00500	0.00622	0.00410	0.00376	0.00787	0.05430	0.01457	0.47577	0.03369	0.34580	0.00913	0.00487	0.00135	0.00209	0.00785	0.00427	0.00390
4	0.01230	0.22615	0.13660	0.01231	0.12889	0.34700	0.04186	0.01446	0.02340	0.01124	0.00686	0.00815	0.00567	0.00396	0.00361	0.00110	0.00608	0.00289	0.00201	0.00545
5	0.01494	0.00756	0.00934	0.00767	0.02848	0.00720	0.00607	0.17931	0.03794	0.46243	0.04089	0.01808	0.14896	0.00610	0.00432	0.00130	0.00348	0.00496	0.00461	0.00635
6	0.00514	0.00379	0.00481	0.00545	0.00598	0.00347	0.00375	0.00608	0.00869	0.01149	0.13011	0.61230	0.15966	0.01202	0.00519	0.00159	0.00230	0.01075	0.00395	0.00347
