[name]
unknown

[dist]
# distance from previous block
# <min> <max>
0	33

[block]
# block no. 0 follows, 67 sequences, length 11
# corresponding to MSA columns:
# 33-43
name=unknown_A
#
# <colnr> <probs for GDERKNQSTAVLIFYWHMCP>
#	G	D	E	R	K	N	Q	S	T	A	V	L	I	F	Y	W	H	M	C	P
0	0.00841	0.00774	0.01246	0.18323	0.36837	0.00825	0.03583	0.02513	0.04939	0.01235	0.04206	0.08475	0.05131	0.01956	0.02481	0.00148	0.03535	0.02188	0.00245	0.00519
1	0.00771	0.00727	0.01228	0.79997	0.07597	0.00895	0.01121	0.01037	0.00809	0.01042	0.00715	0.01065	0.00541	0.00398	0.00401	0.00133	0.00531	0.00356	0.00179	0.00457
2	0.00507	0.00385	0.00467	0.00493	0.00574	0.00345	0.00352	0.00622	0.00923	0.01214	0.26501	0.34843	0.29221	0.01050	0.00488	0.00143	0.00210	0.00923	0.00393	0.00345
3	0.00657	0.00534	0.00730	0.03575	0.00767	0.00651	0.00519	0.00739	0.00620	0.00886	0.00998	0.01772	0.01037	0.32753	0.31000	0.00419	0.21326	0.00464	0.00214	0.00339
4	0.00523	0.00408	0.00474	0.00458	0.00572	0.00359	0.00343	0.00670	0.01030	0.01358	0.45467	0.03408	0.41666	0.00913	0.00473	0.00131	0.00196	0.00783	0.00409	0.00359
5	0.88738	0.00776	0.00589	0.00527	0.00776	0.00900	0.00434	0.01179	0.00683	0.01799	0.00558	0.00651	0.00434	0.00372	0.00248	0.00124	0.00310	0.00217	0.00248	0.00434
6	0.13608	0.05292	0.01090	0.00916	0.01143	0.56086	0.00706	0.11680	0.01138	0.01283	0.00671	0.00796	0.00554	0.02924	0.00396	0.00116	0.00607	0.00273	0.00237	0.00484
7	0.00511	0.00395	0.00462	0.00482	0.00572	0.00352	0.00350	0.00624	0.00914	0.01180	0.21362	0.23839	0.38385	0.04651	0.00553	0.00153	0.00222	0.04269	0.00382	0.00342
8	0.01209	0.01024	0.01089	0.02365	0.04034	0.10180	0.03778	0.40872	0.07385	0.01829	0.03851	0.02795	0.06420	0.05985	0.01950	0.00150	0.03750	0.00433	0.00339	0.00562
9	0.04524	0.01160	0.09610	0.01206	0.15705	0.14436	0.06538	0.04673	0.09516	0.06278	0.00850	0.00965	0.00663	0.00420	0.00450	0.00116	0.07462	0.00331	0.00252	0.14845
10	0.03057	0.16690	0.15884	0.01193	0.14284	0.15690	0.06098	0.07389	0.00996	0.06773	0.00882	0.00987	0.03885	0.00427	0.00407	0.00116	0.04126	0.00330	0.00232	0.00552

[dist]
# distance from previous block
# <min> <max>
2	9

[block]
# block no. 1 follows, 67 sequences, length 13
# corresponding to MSA columns:
# 53-65
name=unknown_B
#
# <colnr> <probs for GDERKNQSTAVLIFYWHMCP>
#	G	D	E	R	K	N	Q	S	T	A	V	L	I	F	Y	W	H	M	C	P
0	0.00750	0.00627	0.04462	0.02261	0.02013	0.00555	0.03614	0.06796	0.03628	0.04902	0.05465	0.21109	0.15369	0.09298	0.02677	0.00167	0.01673	0.00654	0.03810	0.10169
1	0.05634	0.12622	0.21234	0.02865	0.04336	0.07125	0.08498	0.12773	0.03481	0.11100	0.03475	0.02243	0.00770	0.01638	0.00400	0.00123	0.00488	0.00355	0.00272	0.00567
2	0.01018	0.23842	0.22076	0.00884	0.01219	0.09375	0.04506	0.07783	0.04955	0.05116	0.02436	0.11639	0.00933	0.02025	0.00402	0.00123	0.00472	0.00416	0.00253	0.00527
3	0.00493	0.00356	0.00462	0.00542	0.00575	0.00330	0.00364	0.00566	0.00784	0.01038	0.04748	0.74663	0.08516	0.03821	0.00555	0.00167	0.00234	0.01089	0.00370	0.00326
4	0.03576	0.01093	0.24295	0.02921	0.05970	0.00824	0.05244	0.08743	0.08926	0.01337	0.02439	0.05383	0.03265	0.03660	0.17196	0.00242	0.03690	0.00431	0.00252	0.00510
5	0.03406	0.08188	0.04628	0.02569	0.15774	0.06080	0.11590	0.08254	0.14534	0.08214	0.03670	0.01157	0.00854	0.00441	0.00409	0.00120	0.02231	0.01459	0.00286	0.06136
6	0.00757	0.00713	0.01203	0.84942	0.02762	0.00891	0.01114	0.01025	0.00802	0.01025	0.00713	0.01069	0.00535	0.00401	0.00401	0.00134	0.00535	0.00356	0.00178	0.00446
7	0.00536	0.00382	0.00439	0.00464	0.00497	0.00362	0.00290	0.00575	0.00700	0.00906	0.02082	0.25285	0.18229	0.45981	0.01313	0.00277	0.00309	0.00786	0.00304	0.00285
8	0.09375	0.02548	0.10875	0.01091	0.09142	0.02371	0.10344	0.26233	0.02660	0.16187	0.03376	0.02261	0.00802	0.00452	0.00394	0.00124	0.00452	0.00379	0.00328	0.00607
9	0.00945	0.00884	0.01502	0.24612	0.50093	0.00934	0.06087	0.01245	0.05430	0.03186	0.00815	0.01056	0.00647	0.00382	0.00404	0.00125	0.00492	0.00371	0.00212	0.00579
10	0.00585	0.00411	0.00505	0.00500	0.00524	0.00433	0.00323	0.00621	0.00616	0.00833	0.01361	0.02388	0.06393	0.58074	0.19799	0.02667	0.02893	0.00554	0.00241	0.00278
11	0.79281	0.04560	0.00688	0.00554	0.00810	0.00933	0.00462	0.04053	0.00744	0.04149	0.00602	0.00683	0.00463	0.00378	0.00258	0.00122	0.00321	0.00227	0.00257	0.00454
12	0.01032	0.04009	0.07135	0.14566	0.23248	0.03237	0.03940	0.10340	0.13201	0.06946	0.01094	0.06134	0.02375	0.00483	0.00404	0.00127	0.00450	0.00423	0.00280	0.00574

[dist]
# distance from previous block
# <min> <max>
8	16

[block]
# block no. 2 follows, 67 sequences, length 11
# corresponding to MSA columns:
# 87-97
name=unknown_C
#
# <colnr> <probs for GDERKNQSTAVLIFYWHMCP>
#	G	D	E	R	K	N	Q	S	T	A	V	L	I	F	Y	W	H	M	C	P
0	0.12810	0.08241	0.01041	0.00897	0.07797	0.09261	0.00658	0.12313	0.07663	0.02708	0.03496	0.02933	0.00881	0.08376	0.08124	0.00195	0.10211	0.00378	0.00268	0.01750
1	0.07749	0.00798	0.00877	0.02238	0.00944	0.08575	0.00623	0.12123	0.07358	0.03264	0.00927	0.01222	0.00801	0.03669	0.29009	0.05083	0.13659	0.00375	0.00256	0.00449
2	0.00582	0.00393	0.00460	0.00460	0.00468	0.00401	0.00271	0.00598	0.00590	0.00795	0.01243	0.02509	0.01408	0.76774	0.11104	0.00417	0.00464	0.00566	0.00240	0.00256
3	0.39789	0.00723	0.00782	0.00632	0.00915	0.00725	0.00522	0.01616	0.00945	0.47902	0.01135	0.01053	0.00749	0.00442	0.00336	0.00124	0.00328	0.00322	0.00388	0.00574
4	0.00591	0.00439	0.00610	0.00601	0.00647	0.00503	0.00440	0.00687	0.00624	0.00885	0.01106	0.01865	0.01120	0.28559	0.54704	0.00542	0.05055	0.00473	0.00222	0.00326
5	0.00610	0.00436	0.00521	0.00520	0.00631	0.00401	0.00387	0.00793	0.05521	0.05719	0.25305	0.22361	0.30519	0.00966	0.00478	0.00140	0.00226	0.03681	0.00400	0.00383
6	0.01154	0.16146	0.04623	0.00863	0.01126	0.22232	0.00720	0.07001	0.35678	0.01394	0.01096	0.01134	0.00863	0.00471	0.00369	0.00117	0.00460	0.01906	0.00301	0.02345
7	0.00565	0.00422	0.00540	0.00592	0.00685	0.00397	0.00477	0.00710	0.00923	0.01194	0.13078	0.17062	0.24061	0.01070	0.00516	0.00161	0.00280	0.36533	0.00380	0.00355
8	0.00906	0.07143	0.33994	0.03476	0.11845	0.02311	0.05807	0.10552	0.02317	0.01352	0.00955	0.09081	0.00838	0.00631	0.04938	0.00156	0.00536	0.02377	0.00234	0.00551
9	0.03102	0.00485	0.00547	0.00535	0.00613	0.02096	0.01903	0.00791	0.06857	0.03325	0.03576	0.16460	0.16937	0.37648	0.01144	0.00249	0.00327	0.02754	0.00314	0.00337
10	0.04194	0.13377	0.14710	0.00888	0.02448	0.07676	0.02377	0.17291	0.17535	0.03877	0.00993	0.03262	0.00789	0.02545	0.00408	0.00122	0.00443	0.00356	0.00291	0.06417

[dist]
# distance from previous block
# <min> <max>
1	5

[block]
# block no. 3 follows, 67 sequences, length 26
# corresponding to MSA columns:
# 105-130
name=unknown_D
#
# <colnr> <probs for GDERKNQSTAVLIFYWHMCP>
#	G	D	E	R	K	N	Q	S	T	A	V	L	I	F	Y	W	H	M	C	P
0	0.02283	0.03710	0.09297	0.04473	0.20475	0.06212	0.10408	0.18031	0.03897	0.13507	0.02076	0.01051	0.00726	0.00425	0.00412	0.00123	0.01627	0.00368	0.00291	0.00607
1	0.07243	0.19285	0.06047	0.04703	0.10051	0.11371	0.12952	0.07859	0.01001	0.11691	0.00831	0.02447	0.00649	0.00412	0.00381	0.00116	0.01819	0.00339	0.00252	0.00551
2	0.00564	0.00389	0.00481	0.00498	0.00515	0.00398	0.00314	0.00603	0.00628	0.00851	0.01401	0.17566	0.01592	0.55133	0.16987	0.00395	0.00487	0.00656	0.00261	0.00279
3	0.05680	0.04605	0.11593	0.02919	0.08282	0.09460	0.07248	0.08413	0.05005	0.18589	0.01087	0.06160	0.02102	0.00537	0.01683	0.00135	0.05235	0.00406	0.00299	0.00561
4	0.02519	0.06040	0.03709	0.10395	0.57068	0.01982	0.04914	0.01251	0.04833	0.01274	0.00784	0.01014	0.00647	0.01399	0.00410	0.00123	0.00483	0.00356	0.00206	0.00593
5	0.00498	0.00357	0.00469	0.00550	0.00580	0.00333	0.00370	0.00574	0.00787	0.01050	0.06263	0.74804	0.05373	0.03972	0.00559	0.00168	0.00237	0.02358	0.00371	0.00327
6	0.00939	0.00893	0.01515	0.08945	0.65450	0.00904	0.04145	0.02400	0.00916	0.01285	0.00946	0.03925	0.03668	0.00428	0.00410	0.00124	0.00468	0.01833	0.00215	0.00592
7	0.05309	0.00988	0.01260	0.16103	0.16591	0.09324	0.06650	0.18814	0.04738	0.12296	0.00962	0.02609	0.00733	0.00448	0.00399	0.00125	0.00480	0.01300	0.00295	0.00576
8	0.01383	0.04770	0.04753	0.02671	0.01230	0.06317	0.01947	0.44626	0.12358	0.11937	0.01102	0.03251	0.00814	0.00493	0.00397	0.00122	0.00436	0.00385	0.00373	0.00635
9	0.00551	0.00371	0.00475	0.00516	0.00532	0.00366	0.00331	0.00577	0.00664	0.00891	0.01612	0.39043	0.01876	0.33757	0.08011	0.08687	0.00372	0.00794	0.00291	0.00282
10	0.01378	0.03829	0.01196	0.01078	0.04772	0.60275	0.00804	0.05482	0.01077	0.02599	0.00645	0.00780	0.00540	0.00458	0.00508	0.00116	0.13481	0.00283	0.00216	0.00484
11	0.55283	0.03276	0.00850	0.04998	0.04665	0.21334	0.00601	0.01274	0.00812	0.01502	0.00589	0.00709	0.00472	0.00388	0.00309	0.00119	0.01891	0.00243	0.00229	0.00453
12	0.00608	0.00431	0.00544	0.00535	0.00633	0.00404	0.00404	0.00796	0.03768	0.03759	0.49265	0.11230	0.12089	0.05121	0.00559	0.00150	0.00231	0.08684	0.00410	0.00378
13	0.00981	0.00981	0.01231	0.07468	0.34979	0.15640	0.03529	0.05731	0.02273	0.01259	0.03424	0.16771	0.01119	0.00576	0.00421	0.00128	0.00471	0.02243	0.00256	0.00521
14	0.00586	0.00397	0.00490	0.00490	0.00506	0.00413	0.00308	0.00612	0.00595	0.00810	0.01195	0.02318	0.01318	0.62806	0.21322	0.04249	0.00548	0.00537	0.00233	0.00267
15	0.00839	0.00735	0.01193	0.01699	0.46837	0.00735	0.00972	0.01054	0.00918	0.01262	0.01361	0.02556	0.01376	0.00690	0.00467	0.00148	0.00429	0.35939	0.00274	0.00517
16	0.73121	0.00932	0.02014	0.02995	0.00910	0.10452	0.00516	0.02830	0.00764	0.01690	0.00580	0.00681	0.00453	0.00380	0.00271	0.00122	0.00371	0.00230	0.00243	0.00446
17	0.02444	0.01303	0.01101	0.09088	0.05364	0.36528	0.00790	0.21306	0.01241	0.04989	0.00951	0.03961	0.00818	0.00520	0.00400	0.00122	0.00553	0.07716	0.00285	0.00521
18	0.00943	0.03686	0.02282	0.10303	0.41708	0.05314	0.03398	0.03903	0.05016	0.02596	0.05136	0.05015	0.05428	0.00501	0.00412	0.00125	0.00447	0.02984	0.00252	0.00551
19	0.00491	0.00353	0.00466	0.00551	0.00581	0.00328	0.00370	0.00566	0.00786	0.01046	0.05014	0.79812	0.05688	0.01233	0.00509	0.00161	0.00230	0.01115	0.00375	0.00328
20	0.00908	0.00720	0.00950	0.14945	0.14180	0.02227	0.00716	0.09824	0.11155	0.06845	0.16125	0.03403	0.13375	0.00608	0.00424	0.00128	0.00357	0.00522	0.02080	0.00509
21	0.00518	0.00407	0.00462	0.00449	0.00561	0.00357	0.00333	0.00651	0.00992	0.01289	0.36919	0.03446	0.46574	0.04622	0.00542	0.00143	0.00205	0.00784	0.00396	0.00351
22	0.07086	0.45584	0.03158	0.00833	0.01160	0.09875	0.07518	0.10511	0.01003	0.08839	0.00729	0.00795	0.00580	0.00382	0.00318	0.00102	0.00468	0.00276	0.00239	0.00542
23	0.00714	0.00787	0.13738	0.03632	0.05556	0.00591	0.03868	0.00991	0.07426	0.04636	0.12229	0.15758	0.19399	0.00806	0.02222	0.00145	0.00354	0.03100	0.00326	0.03722
24	0.01776	0.00721	0.00954	0.00732	0.01043	0.00646	0.00604	0.08901	0.01212	0.76645	0.01529	0.01330	0.00966	0.00495	0.00403	0.00124	0.00350	0.00400	0.00488	0.00682
25	0.00996	0.05201	0.01571	0.10035	0.66020	0.04600	0.01158	0.01249	0.03021	0.01260	0.00758	0.00984	0.00630	0.00368	0.00389	0.00119	0.00486	0.00348	0.00201	0.00604

[dist]
# distance from previous block
# <min> <max>
4	7

[block]
# block no. 4 follows, 67 sequences, length 7
# corresponding to MSA columns:
# 138-144
name=unknown_E
#
# <colnr> <probs for GDERKNQSTAVLIFYWHMCP>
#	G	D	E	R	K	N	Q	S	T	A	V	L	I	F	Y	W	H	M	C	P
0	0.04214	0.00398	0.00561	0.07030	0.00703	0.00414	0.00402	0.00599	0.00588	0.00816	0.00946	0.11823	0.01004	0.11053	0.01348	0.56836	0.00351	0.00469	0.00210	0.00232
1	0.00936	0.03620	0.30973	0.02884	0.15678	0.07991	0.01041	0.03480	0.02353	0.05529	0.01109	0.06295	0.05942	0.02233	0.00496	0.00135	0.06285	0.02243	0.00237	0.00538
2	0.00891	0.03298	0.13618	0.07211	0.16816	0.05850	0.04042	0.08723	0.03099	0.02603	0.08004	0.09997	0.09885	0.00604	0.00437	0.00130	0.01775	0.02228	0.00281	0.00511
3	0.00945	0.31586	0.19613	0.08812	0.03773	0.01157	0.16996	0.05090	0.00898	0.01181	0.00782	0.05982	0.00674	0.00418	0.00366	0.00116	0.00513	0.00364	0.00202	0.00530
4	0.01102	0.01042	0.01419	0.08142	0.07498	0.11300	0.19660	0.17579	0.01095	0.04798	0.01020	0.04302	0.05095	0.00516	0.00561	0.00134	0.13515	0.00429	0.00264	0.00530
5	0.05456	0.03583	0.18644	0.07275	0.24514	0.05968	0.04644	0.06870	0.04496	0.07059	0.02877	0.02378	0.00741	0.00418	0.00385	0.00121	0.00484	0.00358	0.00247	0.03481
6	0.01023	0.07110	0.06562	0.22636	0.14328	0.12190	0.10703	0.08140	0.00992	0.03533	0.00897	0.02900	0.03362	0.00428	0.00394	0.00120	0.00525	0.00375	0.00228	0.03553

[dist]
# distance from previous block
# <min> <max>
29	112

[block]
# block no. 5 follows, 67 sequences, length 13
# corresponding to MSA columns:
# 265-277
name=unknown_F
#
# <colnr> <probs for GDERKNQSTAVLIFYWHMCP>
#	G	D	E	R	K	N	Q	S	T	A	V	L	I	F	Y	W	H	M	C	P
0	0.00973	0.06592	0.26358	0.01162	0.02736	0.13170	0.20988	0.05598	0.02592	0.01264	0.02095	0.04762	0.03161	0.00481	0.00441	0.00128	0.03243	0.03500	0.00227	0.00528
1	0.00560	0.00423	0.00518	0.00520	0.00611	0.00398	0.00381	0.00756	0.05764	0.01353	0.41704	0.21687	0.17749	0.03293	0.00523	0.00145	0.00219	0.02621	0.00404	0.00370
2	0.00544	0.00462	0.02222	0.00516	0.00632	0.00408	0.00401	0.00708	0.04376	0.01170	0.11033	0.19836	0.44067	0.00997	0.00494	0.00143	0.01932	0.06901	0.02795	0.00363
3	0.01001	0.02244	0.01296	0.08657	0.23706	0.03145	0.06342	0.09666	0.01906	0.04807	0.01845	0.02759	0.00728	0.02258	0.02243	0.00138	0.13563	0.00372	0.00243	0.13080
4	0.88738	0.00776	0.00589	0.00527	0.00776	0.00900	0.00434	0.01179	0.00683	0.01799	0.00558	0.00651	0.00434	0.00372	0.00248	0.00124	0.00310	0.00217	0.00248	0.00434
5	0.00751	0.00693	0.01136	0.74707	0.02517	0.00853	0.01034	0.01045	0.03990	0.01098	0.07574	0.01245	0.00830	0.00441	0.00407	0.00133	0.00498	0.00391	0.00209	0.00447
6	0.00678	0.00737	0.11074	0.00784	0.00921	0.01894	0.02159	0.00852	0.00830	0.01126	0.05327	0.13703	0.08277	0.04611	0.04135	0.00192	0.14125	0.27877	0.00300	0.00399
7	0.00778	0.00733	0.01239	0.77841	0.09704	0.00896	0.01124	0.01042	0.00812	0.01049	0.00716	0.01063	0.00543	0.00397	0.00401	0.00132	0.00530	0.00356	0.00180	0.00462
8	0.00974	0.01011	0.07905	0.09054	0.37490	0.05082	0.05597	0.03243	0.12998	0.03481	0.06488	0.01260	0.02736	0.00444	0.00407	0.00125	0.00462	0.00405	0.00258	0.00580
9	0.01069	0.00910	0.01015	0.00930	0.05297	0.07055	0.04733	0.12256	0.40878	0.05108	0.02502	0.08598	0.02188	0.00576	0.00431	0.00132	0.02116	0.00484	0.03143	0.00580
10	0.01025	0.00836	0.05043	0.06947	0.09424	0.00699	0.00688	0.09597	0.00994	0.11457	0.02699	0.00993	0.00719	0.00370	0.00346	0.00090	0.00365	0.00305	0.00279	0.47125
11	0.00835	0.00760	0.01224	0.73571	0.06677	0.00924	0.01089	0.08012	0.00901	0.01168	0.00736	0.01056	0.00552	0.00406	0.00401	0.00132	0.00524	0.00357	0.00198	0.00475
12	0.02587	0.02828	0.01305	0.02617	0.28789	0.14517	0.03287	0.18203	0.05271	0.03040	0.00824	0.00943	0.00648	0.00396	0.00376	0.00109	0.00476	0.00329	0.00264	0.13194

[dist]
# distance from previous block
# <min> <max>
1	18

[block]
# block no. 6 follows, 67 sequences, length 10
# corresponding to MSA columns:
# 296-305
name=unknown_G
#
# <colnr> <probs for GDERKNQSTAVLIFYWHMCP>
#	G	D	E	R	K	N	Q	S	T	A	V	L	I	F	Y	W	H	M	C	P
0	0.00682	0.00525	0.00734	0.07570	0.08803	0.00522	0.01985	0.01943	0.05024	0.04059	0.01852	0.38986	0.08312	0.09265	0.00622	0.00170	0.00321	0.04683	0.00326	0.03617
1	0.03560	0.00882	0.01342	0.32251	0.39238	0.05046	0.01073	0.02776	0.00901	0.05805	0.00789	0.01057	0.00628	0.02476	0.00433	0.00131	0.00495	0.00356	0.00215	0.00546
2	0.01200	0.01245	0.03395	0.06539	0.19322	0.27217	0.07570	0.09580	0.01059	0.06417	0.00834	0.04845	0.00697	0.00469	0.00477	0.00124	0.07853	0.00373	0.00245	0.00537
3	0.00722	0.00612	0.01036	0.00869	0.01051	0.00571	0.22387	0.03059	0.00945	0.04864	0.10484	0.24239	0.16214	0.00849	0.00488	0.00147	0.00369	0.10331	0.00340	0.00422
4	0.01003	0.00842	0.00897	0.00804	0.01022	0.00963	0.00624	0.09305	0.68387	0.01700	0.01620	0.08543	0.01295	0.00598	0.00416	0.00137	0.00322	0.00503	0.00404	0.00613
5	0.00558	0.00388	0.00492	0.00537	0.00565	0.00382	0.00365	0.00623	0.00721	0.00964	0.04631	0.32234	0.02065	0.36433	0.05320	0.00282	0.00358	0.12468	0.00313	0.00301
6	0.00784	0.00740	0.01251	0.75572	0.11923	0.00898	0.01127	0.01048	0.00815	0.01057	0.00718	0.01061	0.00546	0.00396	0.00401	0.00132	0.00528	0.00357	0.00181	0.00467
7	0.00606	0.00444	0.00527	0.03568	0.00686	0.00404	0.00389	0.00775	0.03172	0.05886	0.32062	0.07127	0.41094	0.00893	0.00467	0.00133	0.00222	0.00764	0.00398	0.00383
8	0.00955	0.05499	0.03353	0.05035	0.04303	0.27798	0.00659	0.03863	0.02767	0.01089	0.01404	0.23944	0.07170	0.02774	0.03129	0.00153	0.02763	0.02638	0.00274	0.00430
9	0.00593	0.00490	0.00612	0.02212	0.01946	0.02371	0.03807	0.01784	0.00978	0.01286	0.31377	0.09486	0.31172	0.04069	0.02783	0.00157	0.00280	0.02526	0.01698	0.00372

[dist]
# distance from previous block
# <min> <max>
0	15

[block]
# block no. 7 follows, 67 sequences, length 8
# corresponding to MSA columns:
# 321,322,325-330
name=unknown_H
#
# <colnr> <probs for GDERKNQSTAVLIFYWHMCP>
#	G	D	E	R	K	N	Q	S	T	A	V	L	I	F	Y	W	H	M	C	P
0	0.03926	0.09193	0.03791	0.03354	0.17732	0.53129	0.00878	0.01454	0.01032	0.01078	0.00645	0.00780	0.00538	0.00393	0.00358	0.00107	0.00627	0.00277	0.00201	0.00506
1	0.82150	0.07192	0.00703	0.00539	0.00795	0.00951	0.00453	0.01181	0.00692	0.01735	0.00558	0.00651	0.00440	0.00370	0.00249	0.00121	0.00319	0.00217	0.00242	0.00440
2	0.00993	0.01169	0.18327	0.11280	0.11361	0.09794	0.03245	0.07168	0.10701	0.05361	0.05465	0.01276	0.00919	0.08199	0.00573	0.00150	0.02833	0.00392	0.00262	0.00533
3	0.00580	0.00415	0.00513	0.00541	0.00629	0.00376	0.00382	0.00707	0.03453	0.04418	0.07680	0.53117	0.18391	0.01071	0.00482	0.00147	0.00235	0.00951	0.00375	0.05538
4	0.00941	0.00885	0.01463	0.06703	0.66636	0.00900	0.01112	0.01230	0.05740	0.01343	0.08275	0.01208	0.00950	0.00413	0.00405	0.00122	0.00444	0.00396	0.00232	0.00602
5	0.00688	0.00572	0.00820	0.04072	0.00929	0.00571	0.09587	0.02629	0.12199	0.01450	0.39475	0.07129	0.09461	0.03583	0.00519	0.00143	0.00300	0.05066	0.00379	0.00429
6	0.00567	0.00459	0.00595	0.00671	0.08092	0.00445	0.00442	0.00687	0.00824	0.01076	0.09446	0.05382	0.36525	0.10312	0.22375	0.00292	0.00473	0.00665	0.00308	0.00364
7	0.00927	0.00888	0.01515	0.11741	0.55953	0.00886	0.07735	0.01169	0.00906	0.01289	0.04646	0.01089	0.00766	0.00377	0.00398	0.00117	0.00470	0.00373	0.00212	0.08543

[dist]
# distance from previous block
# <min> <max>
0	1

[block]
# block no. 8 follows, 67 sequences, length 11
# corresponding to MSA columns:
# 332-342
name=unknown_I
#
# <colnr> <probs for GDERKNQSTAVLIFYWHMCP>
#	G	D	E	R	K	N	Q	S	T	A	V	L	I	F	Y	W	H	M	C	P
0	0.03040	0.00614	0.00602	0.00600	0.04812	0.07541	0.00426	0.06502	0.00949	0.07181	0.01199	0.01375	0.00939	0.03119	0.00364	0.00109	0.00284	0.00367	0.59543	0.00434
1	0.00760	0.00693	0.00950	0.08837	0.09220	0.06734	0.04070	0.02298	0.00755	0.01028	0.00922	0.01353	0.00840	0.05513	0.45356	0.00415	0.07106	0.00400	0.00211	0.02542
2	0.00959	0.00933	0.01625	0.04679	0.70555	0.00930	0.08052	0.01201	0.00913	0.01290	0.00902	0.01127	0.04233	0.00386	0.00407	0.00122	0.00483	0.00389	0.00206	0.00609
3	0.01056	0.02505	0.01064	0.01008	0.08408	0.10724	0.03613	0.05362	0.54473	0.01547	0.01415	0.03478	0.02502	0.00525	0.00405	0.00130	0.00395	0.00439	0.00353	0.00599
4	0.00980	0.00940	0.01605	0.06940	0.79025	0.00950	0.01224	0.01220	0.00907	0.01295	0.00752	0.00997	0.00630	0.00360	0.00397	0.00120	0.00480	0.00357	0.00197	0.00625
5	0.00499	0.00357	0.00475	0.00551	0.00584	0.00333	0.00373	0.00585	0.00817	0.01102	0.13002	0.74630	0.02803	0.01198	0.00507	0.00158	0.00227	0.01085	0.00382	0.00333
6	0.00697	0.00348	0.00522	0.00522	0.00522	0.00348	0.00348	0.00522	0.00522	0.00697	0.00697	0.01219	0.00697	0.01393	0.01567	0.88332	0.00348	0.00348	0.00174	0.00174
7	0.88738	0.00776	0.00589	0.00527	0.00776	0.00900	0.00434	0.01179	0.00683	0.01799	0.00558	0.00651	0.00434	0.00372	0.00248	0.00124	0.00310	0.00217	0.00248	0.00434
8	0.00568	0.00420	0.00594	0.00599	0.00671	0.00456	0.00457	0.00706	0.00753	0.01057	0.14594	0.06670	0.05325	0.07551	0.52932	0.00472	0.00767	0.04781	0.00277	0.00352
9	0.00972	0.15974	0.53213	0.01070	0.01563	0.06516	0.07068	0.01328	0.00888	0.06751	0.00751	0.00856	0.00550	0.00381	0.00367	0.00119	0.00563	0.00300	0.00197	0.00574
10	0.00944	0.00909	0.01440	0.20552	0.55259	0.03577	0.01128	0.01241	0.06402	0.01254	0.00837	0.03175	0.00700	0.00404	0.00400	0.00124	0.00480	0.00380	0.00213	0.00580

[dist]
# distance from previous block
# <min> <max>
0	1

[block]
# block no. 9 follows, 67 sequences, length 12
# corresponding to MSA columns:
# 344-354,366
name=unknown_J
#
# <colnr> <probs for GDERKNQSTAVLIFYWHMCP>
#	G	D	E	R	K	N	Q	S	T	A	V	L	I	F	Y	W	H	M	C	P
0	0.00939	0.00898	0.01530	0.21402	0.64886	0.00939	0.01204	0.01183	0.00888	0.01245	0.00745	0.01010	0.00612	0.00367	0.00398	0.00122	0.00490	0.00357	0.00194	0.00592
1	0.03498	0.08392	0.10939	0.01129	0.14315	0.02504	0.04260	0.10678	0.21412	0.05801	0.01062	0.03323	0.00842	0.00466	0.00406	0.00122	0.02531	0.01460	0.00294	0.06566
2	0.00821	0.00525	0.00647	0.00588	0.00751	0.00476	0.00443	0.02827	0.06594	0.14564	0.17488	0.27776	0.10722	0.00821	0.00443	0.00129	0.00258	0.00717	0.00389	0.13020
3	0.02260	0.00818	0.01280	0.54875	0.10271	0.03725	0.07290	0.04037	0.05682	0.01193	0.02857	0.01169	0.00703	0.00425	0.00407	0.00131	0.00515	0.01658	0.00215	0.00489
4	0.01086	0.74652	0.09001	0.00727	0.01089	0.01480	0.00749	0.01245	0.00834	0.05169	0.00623	0.00697	0.00538	0.00354	0.00275	0.00091	0.00438	0.00231	0.00188	0.00530
5	0.00496	0.00354	0.00474	0.00567	0.00594	0.00332	0.00385	0.00571	0.00775	0.01032	0.02206	0.81784	0.02636	0.01249	0.00514	0.00164	0.00239	0.04926	0.00372	0.00328
6	0.00859	0.00635	0.00735	0.00659	0.00829	0.00671	0.00509	0.03954	0.34207	0.07435	0.41817	0.02210	0.02453	0.00675	0.00440	0.00130	0.00260	0.00581	0.00431	0.00513
7	0.00851	0.00553	0.00728	0.00664	0.00750	0.01936	0.00506	0.05746	0.00763	0.10476	0.02342	0.01496	0.00959	0.11671	0.29058	0.17696	0.10315	0.00416	0.02699	0.00377
8	0.05371	0.00988	0.08738	0.28085	0.32747	0.04414	0.01082	0.03213	0.05773	0.01265	0.00792	0.01027	0.00627	0.00493	0.03618	0.00145	0.00520	0.00349	0.00210	0.00544
9	0.00581	0.00398	0.00484	0.00484	0.00500	0.00414	0.00301	0.00613	0.00597	0.00812	0.01221	0.02388	0.01355	0.67240	0.20567	0.00446	0.00543	0.00549	0.00237	0.00269
10	0.00907	0.11130	0.03185	0.00719	0.00928	0.02891	0.03350	0.12277	0.12991	0.04292	0.25913	0.03125	0.11810	0.00651	0.00456	0.00125	0.03862	0.00536	0.00358	0.00495
11	0.09618	0.22597	0.01325	0.02151	0.01128	0.31123	0.04024	0.01381	0.02793	0.08125	0.03146	0.03251	0.00724	0.00455	0.00410	0.00113	0.06590	0.00315	0.00240	0.00491

[dist]
# distance from previous block
# <min> <max>
0	2

[block]
# block no. 10 follows, 67 sequences, length 14
# corresponding to MSA columns:
# 369-382
name=unknown_K
#
# <colnr> <probs for GDERKNQSTAVLIFYWHMCP>
#	G	D	E	R	K	N	Q	S	T	A	V	L	I	F	Y	W	H	M	C	P
0	0.35411	0.01012	0.00873	0.06729	0.08102	0.20698	0.00654	0.03206	0.02865	0.01406	0.00932	0.06904	0.02981	0.00514	0.00363	0.00127	0.01637	0.04874	0.00254	0.00457
1	0.08234	0.00924	0.13363	0.01062	0.13850	0.00797	0.03266	0.08712	0.03288	0.08406	0.07896	0.03315	0.01051	0.03853	0.15385	0.00229	0.05161	0.00417	0.00277	0.00516
2	0.00697	0.00348	0.00522	0.00522	0.00522	0.00348	0.00348	0.00522	0.00522	0.00697	0.00697	0.01219	0.00697	0.01393	0.01567	0.88332	0.00348	0.00348	0.00174	0.00174
3	0.00825	0.00771	0.01284	0.42770	0.32893	0.00862	0.01073	0.01056	0.00842	0.01131	0.00941	0.03355	0.04269	0.00475	0.00450	0.01880	0.02117	0.02301	0.00204	0.00502
4	0.03725	0.38010	0.01559	0.00835	0.01137	0.20541	0.00723	0.26358	0.01217	0.01467	0.00698	0.00761	0.00565	0.00403	0.00326	0.00102	0.00497	0.00270	0.00253	0.00553
5	0.84873	0.00791	0.00617	0.00545	0.00796	0.00915	0.00449	0.04764	0.00736	0.01832	0.00576	0.00665	0.00445	0.00377	0.00255	0.00124	0.00316	0.00224	0.00255	0.00445
6	0.01113	0.28366	0.02464	0.00788	0.01017	0.26632	0.00654	0.06741	0.05647	0.01114	0.00866	0.06771	0.00806	0.05046	0.05477	0.02256	0.00531	0.00354	0.01615	0.01740
7	0.14766	0.52380	0.04176	0.00750	0.01052	0.17054	0.00693	0.01270	0.00851	0.01094	0.00574	0.00671	0.00503	0.00371	0.00304	0.00098	0.02481	0.00229	0.00190	0.00493
8	0.00877	0.00877	0.01228	0.01053	0.01053	0.01228	0.00877	0.00965	0.00614	0.00965	0.00526	0.00877	0.00526	0.00702	0.01316	0.00175	0.85172	0.00351	0.00175	0.00439
9	0.00541	0.00438	0.00485	0.00480	0.00601	0.00401	0.00357	0.00745	0.07579	0.01256	0.23352	0.12094	0.48318	0.00954	0.00472	0.00136	0.00212	0.00815	0.00392	0.00371
10	0.00533	0.00406	0.00489	0.00474	0.00579	0.00363	0.00353	0.00687	0.01044	0.01405	0.52896	0.06884	0.30618	0.00905	0.00475	0.00131	0.00196	0.00784	0.00415	0.00363
11	0.00925	0.39962	0.46997	0.00937	0.01417	0.01227	0.01123	0.01239	0.00832	0.01123	0.00647	0.00755	0.00511	0.00364	0.00325	0.00108	0.00519	0.00259	0.00170	0.00558
12	0.05820	0.00809	0.01271	0.48392	0.22674	0.00948	0.01064	0.04672	0.02439	0.01215	0.00731	0.01017	0.00573	0.00415	0.00454	0.00132	0.06316	0.00351	0.00201	0.00506
13	0.00596	0.00477	0.00545	0.00579	0.00637	0.04890	0.00407	0.02249	0.00890	0.01186	0.20437	0.52583	0.05251	0.03162	0.00544	0.00154	0.02168	0.00929	0.01961	0.00354

[dist]
# distance from previous block
# <min> <max>
11	62

[block]
# block no. 11 follows, 67 sequences, length 31
# corresponding to MSA columns:
# 449-468,471-481
name=unknown_L
#
# <colnr> <probs for GDERKNQSTAVLIFYWHMCP>
#	G	D	E	R	K	N	Q	S	T	A	V	L	I	F	Y	W	H	M	C	P
0	0.02755	0.18410	0.25979	0.00870	0.02820	0.03122	0.00880	0.06033	0.05041	0.02475	0.03904	0.06227	0.04622	0.00561	0.00407	0.00124	0.02488	0.08682	0.00257	0.04340
1	0.05500	0.08001	0.21910	0.00891	0.03428	0.05048	0.05167	0.08950	0.04062	0.06896	0.02858	0.11559	0.05458	0.06734	0.01672	0.00153	0.00450	0.00478	0.00279	0.00508
2	0.00994	0.10743	0.22384	0.02442	0.08951	0.05004	0.05738	0.04508	0.06805	0.09440	0.02887	0.03284	0.07255	0.01784	0.00464	0.00130	0.04541	0.01835	0.00266	0.00545
3	0.03246	0.11329	0.31706	0.01029	0.04949	0.05026	0.09468	0.02994	0.01806	0.07628	0.08247	0.02318	0.04031	0.01231	0.02223	0.00136	0.00502	0.01345	0.00249	0.00536
4	0.03188	0.03176	0.73100	0.01082	0.01633	0.00924	0.01362	0.02451	0.02556	0.03238	0.01950	0.00897	0.00584	0.00393	0.00377	0.00125	0.00559	0.00305	0.00192	0.01907
5	0.00950	0.02195	0.08054	0.14815	0.32807	0.05389	0.05050	0.01196	0.02125	0.06148	0.02914	0.04073	0.03761	0.00479	0.00439	0.00127	0.03338	0.03128	0.00238	0.02776
6	0.00993	0.17906	0.29271	0.02150	0.03649	0.04252	0.08030	0.04792	0.03595	0.07314	0.00907	0.03801	0.00752	0.00524	0.02248	0.00136	0.04883	0.04017	0.00234	0.00547
7	0.00939	0.00905	0.01420	0.08126	0.58326	0.04018	0.02822	0.01214	0.05348	0.01293	0.04367	0.01336	0.05641	0.00444	0.00409	0.00123	0.00456	0.01999	0.00232	0.00580
8	0.01299	0.05136	0.01095	0.00924	0.01142	0.49666	0.02144	0.05044	0.15653	0.04121	0.04976	0.01113	0.03128	0.00531	0.02198	0.00124	0.00579	0.00347	0.00276	0.00506
9	0.01171	0.04703	0.04799	0.04609	0.13711	0.30271	0.00838	0.05845	0.10070	0.04872	0.00958	0.06612	0.00833	0.00516	0.00455	0.00124	0.06300	0.02530	0.00260	0.00524
10	0.04302	0.18888	0.05540	0.01239	0.19162	0.12391	0.00875	0.12757	0.01133	0.12006	0.02030	0.03289	0.00843	0.00509	0.00418	0.00132	0.01652	0.01913	0.00303	0.00618
11	0.00613	0.00441	0.00564	0.00583	0.04195	0.00400	0.00412	0.00770	0.01034	0.05155	0.46757	0.09853	0.24100	0.00878	0.00472	0.00133	0.00220	0.02622	0.00408	0.00389
12	0.00489	0.00349	0.00465	0.00558	0.00582	0.00326	0.00372	0.00558	0.00768	0.01024	0.02210	0.85644	0.02653	0.01256	0.00512	0.00163	0.00233	0.01140	0.00372	0.00326
13	0.05325	0.06433	0.18948	0.00849	0.01204	0.08874	0.00814	0.07119	0.07209	0.37478	0.01156	0.01097	0.00784	0.00451	0.00379	0.00121	0.00441	0.00347	0.00354	0.00617
14	0.05370	0.18832	0.02977	0.06381	0.06599	0.09863	0.04357	0.31396	0.04032	0.04356	0.00839	0.01771	0.00648	0.00430	0.00364	0.00114	0.00474	0.00329	0.00288	0.00582
15	0.00544	0.00392	0.00497	0.00541	0.00601	0.00368	0.00393	0.00643	0.00849	0.01122	0.15921	0.33056	0.14611	0.12002	0.00728	0.02238	0.00267	0.14536	0.00362	0.00330
16	0.00525	0.00368	0.00471	0.00540	0.00562	0.00352	0.00358	0.00585	0.00731	0.00972	0.01956	0.58021	0.02315	0.23398	0.00915	0.00224	0.00283	0.06778	0.00338	0.00307
17	0.17156	0.13541	0.06122	0.02220	0.04234	0.14114	0.11015	0.15634	0.06084	0.03233	0.02560	0.00918	0.00670	0.00413	0.00356	0.00117	0.00486	0.00322	0.00264	0.00541
18	0.18179	0.10005	0.03022	0.05931	0.09405	0.18115	0.01805	0.18697	0.06732	0.01561	0.00766	0.00863	0.00599	0.00420	0.00369	0.00117	0.02308	0.00302	0.00263	0.00542
19	0.00601	0.00448	0.00524	0.00523	0.00550	0.02465	0.00343	0.00646	0.00638	0.00852	0.01373	0.08268	0.04938	0.54010	0.18975	0.00401	0.03321	0.00587	0.00249	0.00289
20	0.01101	0.72904	0.03757	0.00730	0.01058	0.10690	0.00706	0.01236	0.00859	0.00971	0.02568	0.00714	0.00594	0.00363	0.00277	0.00090	0.00459	0.00233	0.00182	0.00508
21	0.00620	0.00419	0.00472	0.00464	0.00479	0.00423	0.00272	0.04129	0.00649	0.00865	0.01295	0.06428	0.01480	0.78234	0.01898	0.00367	0.00384	0.00600	0.00256	0.00266
22	0.01058	0.57581	0.18226	0.04466	0.01257	0.05965	0.00864	0.01260	0.00852	0.04355	0.00641	0.00736	0.00534	0.00363	0.00300	0.00099	0.00479	0.00247	0.00186	0.00531
23	0.00987	0.01009	0.04203	0.10222	0.69417	0.04673	0.01207	0.01229	0.00910	0.01267	0.00743	0.00983	0.00616	0.00365	0.00395	0.00120	0.00497	0.00351	0.00196	0.00608
24	0.00910	0.00762	0.01026	0.00760	0.02579	0.00609	0.09459	0.02333	0.00879	0.05796	0.00775	0.00893	0.00619	0.00316	0.00326	0.00073	0.00347	0.00277	0.00250	0.71011
25	0.00655	0.00459	0.00582	0.00585	0.00694	0.00434	0.00454	0.03405	0.02762	0.04929	0.29037	0.20704	0.12819	0.00956	0.00488	0.00146	0.00259	0.17891	0.00399	0.02343
26	0.02161	0.18236	0.22980	0.00914	0.02481	0.09207	0.04717	0.04683	0.02028	0.15358	0.06194	0.02030	0.00857	0.00438	0.00376	0.00113	0.01381	0.00343	0.00269	0.05235
27	0.00579	0.03483	0.00568	0.02788	0.00669	0.00416	0.00402	0.00693	0.00887	0.03808	0.20129	0.38407	0.18658	0.03027	0.02410	0.00161	0.00260	0.01921	0.00372	0.00361
28	0.04764	0.11799	0.36589	0.01021	0.03252	0.06215	0.07936	0.09228	0.00989	0.02731	0.07010	0.01901	0.02398	0.01982	0.00409	0.00125	0.00509	0.00361	0.00235	0.00545
29	0.00930	0.33667	0.37209	0.00900	0.01320	0.04297	0.01013	0.01240	0.03692	0.01150	0.03306	0.02119	0.00675	0.00405	0.00361	0.00110	0.02751	0.00294	0.00195	0.04366
30	0.03856	0.34626	0.16551	0.02551	0.04603	0.03485	0.00843	0.15434	0.03184	0.04663	0.03784	0.00986	0.02989	0.00426	0.00340	0.00109	0.00448	0.00315	0.00250	0.00558

[dist]
# distance from previous block
# <min> <max>
33	262

[block]
# block no. 12 follows, 67 sequences, length 15
# corresponding to MSA columns:
# 850-864
name=unknown_M
#
# <colnr> <probs for GDERKNQSTAVLIFYWHMCP>
#	G	D	E	R	K	N	Q	S	T	A	V	L	I	F	Y	W	H	M	C	P
0	0.01446	0.01479	0.01175	0.01005	0.02971	0.42034	0.02443	0.35255	0.01429	0.01652	0.00859	0.00918	0.02671	0.00452	0.00383	0.00111	0.00576	0.00322	0.00293	0.02525
1	0.01208	0.07928	0.04496	0.01122	0.06230	0.40035	0.11787	0.01536	0.14012	0.01186	0.02176	0.00952	0.00706	0.00415	0.00378	0.00112	0.00582	0.00329	0.00239	0.04570
2	0.00957	0.00842	0.01001	0.00865	0.01096	0.00946	0.07598	0.01942	0.68731	0.01638	0.08490	0.01588	0.01389	0.00550	0.00419	0.00135	0.00337	0.00478	0.00393	0.00605
3	0.02547	0.06823	0.65329	0.01088	0.04459	0.02893	0.01282	0.01212	0.00828	0.01213	0.00753	0.00986	0.00593	0.07726	0.00514	0.00146	0.00559	0.00316	0.00179	0.00553
4	0.01118	0.00914	0.03146	0.00956	0.08938	0.06012	0.00698	0.08675	0.41083	0.11882	0.10886	0.01496	0.01328	0.00535	0.00410	0.00128	0.00364	0.00446	0.00384	0.00603
5	0.00489	0.00349	0.00465	0.00558	0.00582	0.00326	0.00372	0.00558	0.00768	0.01024	0.02210	0.85644	0.02653	0.01256	0.00512	0.00163	0.00233	0.01140	0.00372	0.00326
6	0.00778	0.00733	0.01239	0.77856	0.09690	0.00896	0.01124	0.01042	0.00811	0.01049	0.00716	0.01063	0.00543	0.00397	0.00401	0.00132	0.00530	0.00356	0.00180	0.00462
7	0.10481	0.06143	0.03726	0.00856	0.01156	0.08629	0.00719	0.43060	0.12404	0.07431	0.00989	0.00985	0.00719	0.00462	0.00374	0.00120	0.00434	0.00341	0.00354	0.00618
8	0.00493	0.00353	0.00469	0.00555	0.00583	0.00329	0.00373	0.00570	0.00789	0.01057	0.06855	0.80904	0.02717	0.01231	0.00510	0.00161	0.00230	0.01116	0.00376	0.00329
9	0.00562	0.00380	0.00444	0.00465	0.00470	0.00375	0.00272	0.00578	0.00625	0.00833	0.01476	0.21271	0.01726	0.66893	0.01698	0.00338	0.00354	0.00708	0.00272	0.00262
10	0.01412	0.06389	0.05754	0.01050	0.02757	0.62277	0.03942	0.04812	0.02459	0.04539	0.00702	0.00793	0.00560	0.00412	0.00366	0.00107	0.00660	0.00281	0.00226	0.00501
11	0.03602	0.00847	0.02137	0.00708	0.01048	0.02779	0.02609	0.14295	0.05453	0.04645	0.00832	0.00908	0.00650	0.00355	0.00330	0.00082	0.00348	0.00282	0.00281	0.57810
12	0.07263	0.10844	0.13268	0.01024	0.04464	0.11191	0.12871	0.07837	0.09940	0.07547	0.03295	0.04790	0.00844	0.00457	0.00382	0.00120	0.00482	0.00384	0.00273	0.02724
13	0.03740	0.07037	0.23299	0.02062	0.06884	0.10755	0.10064	0.07080	0.13282	0.04891	0.03506	0.01048	0.00772	0.00437	0.00420	0.00124	0.03417	0.00357	0.00257	0.00567
14	0.01157	0.04436	0.06429	0.00944	0.02236	0.12383	0.11265	0.19294	0.07745	0.07890	0.05879	0.01243	0.04902	0.00468	0.00393	0.00114	0.00457	0.00391	0.00310	0.12066

[dist]
# distance from previous block
# <min> <max>
16	90

[block]
# block no. 13 follows, 67 sequences, length 28
# corresponding to MSA columns:
# 964-991
name=unknown_N
#
# <colnr> <probs for GDERKNQSTAVLIFYWHMCP>
#	G	D	E	R	K	N	Q	S	T	A	V	L	I	F	Y	W	H	M	C	P
0	0.01000	0.00941	0.01377	0.08123	0.25975	0.07248	0.13832	0.04911	0.11094	0.04351	0.04449	0.04582	0.00951	0.01723	0.00478	0.00132	0.03889	0.01867	0.00265	0.02813
1	0.06314	0.05710	0.07618	0.08416	0.21623	0.07980	0.05052	0.09225	0.08888	0.08304	0.00944	0.02270	0.00751	0.02118	0.00431	0.00129	0.01566	0.01823	0.00268	0.00567
2	0.02280	0.01087	0.04881	0.13738	0.20950	0.12968	0.05701	0.15153	0.08611	0.03582	0.00939	0.03243	0.00760	0.00503	0.01995	0.00135	0.00514	0.02131	0.00266	0.00563
3	0.04842	0.07215	0.03198	0.05027	0.28649	0.17000	0.05826	0.06255	0.07219	0.04581	0.01770	0.00974	0.00682	0.00406	0.00394	0.00117	0.02042	0.00338	0.00243	0.03224
4	0.00871	0.00856	0.00935	0.08095	0.12293	0.17739	0.02213	0.01013	0.01838	0.02166	0.07896	0.11163	0.03041	0.11977	0.10054	0.01540	0.05127	0.00509	0.00255	0.00421
5	0.60723	0.00780	0.00721	0.04586	0.00921	0.02028	0.00520	0.02710	0.00744	0.06682	0.00669	0.00826	0.00535	0.03643	0.00433	0.00135	0.07732	0.00265	0.00255	0.05089
6	0.00489	0.00349	0.00465	0.00558	0.00582	0.00326	0.00372	0.00558	0.00768	0.01024	0.02210	0.85644	0.02653	0.01256	0.00512	0.00163	0.00233	0.01140	0.00372	0.00326
7	0.00583	0.00389	0.00437	0.00437	0.00437	0.00389	0.00243	0.00583	0.00583	0.00778	0.01264	0.02624	0.01458	0.85906	0.02041	0.00389	0.00389	0.00583	0.00243	0.00243
8	0.00609	0.00380	0.00457	0.00457	0.00457	0.00380	0.00267	0.00570	0.00570	0.00759	0.01136	0.02308	0.01287	0.66876	0.01935	0.20191	0.00380	0.00530	0.00228	0.00228
9	0.00945	0.00738	0.00844	0.00655	0.00956	0.00658	0.00522	0.09453	0.12699	0.05100	0.02626	0.03917	0.00892	0.00424	0.00343	0.00088	0.00309	0.01857	0.03913	0.53058
10	0.00877	0.00877	0.01228	0.01053	0.01053	0.01228	0.00877	0.00965	0.00614	0.00965	0.00526	0.00877	0.00526	0.00702	0.01316	0.00175	0.85172	0.00351	0.00175	0.00439
11	0.00679	0.03761	0.00628	0.02037	0.03546	0.00518	0.00382	0.04131	0.02261	0.02407	0.01374	0.14642	0.02950	0.52947	0.02678	0.02147	0.01702	0.00619	0.00270	0.00322
12	0.01056	0.46249	0.18157	0.02593	0.04242	0.07642	0.05719	0.03898	0.03911	0.02189	0.00686	0.00788	0.00561	0.00371	0.00323	0.00104	0.00498	0.00273	0.00197	0.00543
13	0.01525	0.01123	0.01204	0.00923	0.01244	0.01244	0.00762	0.82067	0.01886	0.02528	0.00963	0.00963	0.00682	0.00481	0.00401	0.00120	0.00441	0.00361	0.00401	0.00682
14	0.00835	0.00690	0.00810	0.00590	0.00921	0.00528	0.00467	0.01003	0.00822	0.03070	0.00767	0.00949	0.00655	0.04652	0.02210	0.00090	0.00319	0.00263	0.00243	0.80117
15	0.00583	0.00389	0.00437	0.00437	0.00437	0.00389	0.00243	0.00583	0.00583	0.00778	0.01264	0.02624	0.01458	0.85906	0.02041	0.00389	0.00389	0.00583	0.00243	0.00243
16	0.00497	0.00356	0.00478	0.00567	0.00595	0.00337	0.00386	0.00573	0.00766	0.01024	0.02156	0.79609	0.02567	0.01333	0.04381	0.00186	0.00275	0.03221	0.00365	0.00328
17	0.00974	0.00826	0.01205	0.00953	0.01171	0.03510	0.19395	0.16916	0.03230	0.05890	0.24920	0.04902	0.04147	0.00615	0.00540	0.00133	0.09292	0.00537	0.00340	0.00504
18	0.28024	0.00807	0.00848	0.00700	0.00975	0.00855	0.00567	0.11079	0.20487	0.25586	0.01166	0.01105	0.00821	0.00458	0.00352	0.00123	0.00336	0.00345	0.00376	0.04990
19	0.00947	0.01082	0.02366	0.01690	0.02096	0.01014	0.81947	0.01285	0.00947	0.01285	0.00811	0.01082	0.00609	0.00338	0.00473	0.00135	0.00676	0.00473	0.00203	0.00541
20	0.01240	0.00948	0.01018	0.00849	0.01116	0.01064	0.00679	0.31678	0.47957	0.06867	0.01382	0.01291	0.01010	0.00518	0.00405	0.00130	0.00365	0.00416	0.00411	0.00655
21	0.00956	0.01033	0.02126	0.03230	0.04658	0.00996	0.66652	0.05313	0.02465	0.01349	0.02738	0.01211	0.00739	0.00389	0.00482	0.00136	0.02165	0.02596	0.00225	0.00541
22	0.00492	0.00361	0.00458	0.00530	0.00572	0.00332	0.00358	0.00569	0.00798	0.01048	0.05573	0.67721	0.14661	0.03817	0.00552	0.00164	0.00231	0.01063	0.00371	0.00327
23	0.03040	0.01198	0.01078	0.00886	0.01153	0.23945	0.00706	0.31803	0.07209	0.19404	0.03116	0.01065	0.00813	0.00482	0.00410	0.00119	0.02255	0.00355	0.00362	0.00602
24	0.00998	0.00950	0.01589	0.03704	0.76869	0.00965	0.01199	0.03082	0.02464	0.01333	0.00770	0.01000	0.00643	0.00372	0.00418	0.00121	0.02328	0.00359	0.00206	0.00629
25	0.00515	0.00400	0.00484	0.00511	0.00582	0.00376	0.00363	0.00612	0.00860	0.01121	0.15195	0.37698	0.30419	0.04992	0.00594	0.00159	0.03491	0.00919	0.00369	0.00339
26	0.18739	0.03021	0.02385	0.07654	0.31407	0.04736	0.06485	0.04484	0.03729	0.01427	0.01755	0.00995	0.01928	0.00390	0.00359	0.00117	0.00438	0.00334	0.02156	0.07461
27	0.13140	0.03075	0.03691	0.01897	0.03936	0.07322	0.03615	0.08627	0.17270	0.12709	0.02215	0.07820	0.00961	0.00568	0.02003	0.00134	0.03568	0.00415	0.00324	0.06711

[dist]
# distance from previous block
# <min> <max>
2	46

[block]
# block no. 14 follows, 67 sequences, length 34
# corresponding to MSA columns:
# 1041-1074
name=unknown_O
#
# <colnr> <probs for GDERKNQSTAVLIFYWHMCP>
#	G	D	E	R	K	N	Q	S	T	A	V	L	I	F	Y	W	H	M	C	P
0	0.02645	0.00823	0.18803	0.00859	0.09696	0.00571	0.00677	0.00837	0.02217	0.01062	0.01403	0.26967	0.03054	0.24139	0.02073	0.02463	0.00398	0.00650	0.00265	0.00399
1	0.01140	0.15471	0.18511	0.00906	0.02456	0.02251	0.04385	0.17928	0.08579	0.12969	0.01085	0.07939	0.00883	0.02062	0.01556	0.00134	0.00451	0.00409	0.00306	0.00579
2	0.05095	0.13100	0.08637	0.00972	0.05301	0.30853	0.02632	0.07562	0.05612	0.06489	0.00847	0.04526	0.00699	0.00442	0.00359	0.00110	0.00525	0.00329	0.00253	0.05656
3	0.00646	0.00380	0.00559	0.00559	0.00584	0.00404	0.00394	0.00594	0.00569	0.00784	0.00868	0.01442	0.00857	0.07884	0.30432	0.51611	0.00604	0.00393	0.00193	0.00243
4	0.00891	0.28354	0.48944	0.00986	0.01457	0.01114	0.04348	0.02694	0.00856	0.01178	0.00756	0.05319	0.00632	0.00416	0.00353	0.00116	0.00523	0.00324	0.00186	0.00554
5	0.01036	0.17306	0.26921	0.03255	0.17666	0.08771	0.05890	0.06218	0.05283	0.02881	0.00772	0.00897	0.00600	0.00387	0.00368	0.00116	0.00526	0.00316	0.00214	0.00578
6	0.00830	0.02529	0.19005	0.01908	0.07605	0.03686	0.06824	0.01771	0.06754	0.01047	0.00830	0.01216	0.00731	0.03475	0.00938	0.34310	0.03470	0.02461	0.00205	0.00404
7	0.00583	0.00390	0.00445	0.00445	0.00447	0.00393	0.00252	0.00588	0.00585	0.00783	0.01257	0.02587	0.01442	0.82958	0.04967	0.00398	0.00413	0.00578	0.00242	0.00247
8	0.00707	0.00463	0.03780	0.02233	0.00694	0.00421	0.04757	0.00608	0.00568	0.00765	0.00741	0.01277	0.00728	0.05870	0.02956	0.72267	0.00394	0.00367	0.00180	0.00222
9	0.02321	0.21436	0.32178	0.02425	0.05341	0.05499	0.01022	0.15196	0.01060	0.08768	0.00795	0.00867	0.00589	0.00400	0.00356	0.00114	0.00502	0.00299	0.00244	0.00588
10	0.01252	0.01463	0.01224	0.01217	0.12383	0.50176	0.06973	0.04063	0.02162	0.01162	0.05520	0.01238	0.00883	0.00486	0.00412	0.00118	0.01843	0.06694	0.00240	0.00490
11	0.00757	0.00713	0.01203	0.84942	0.02762	0.00891	0.01114	0.01025	0.00802	0.01025	0.00713	0.01069	0.00535	0.00401	0.00401	0.00134	0.00535	0.00356	0.00178	0.00446
