[name]
unknown

[dist]
# distance from previous block
# <min> <max>
0	12

[block]
# block no. 0 follows, 71 sequences, length 106
# corresponding to MSA columns:
# 12-87,89-118
name=unknown_A
#
# <colnr> <probs for GDERKNQSTAVLIFYWHMCP>
#	G	D	E	R	K	N	Q	S	T	A	V	L	I	F	Y	W	H	M	C	P
0	0.02051	0.11914	0.39352	0.02548	0.03130	0.03545	0.02657	0.12534	0.02185	0.01312	0.00816	0.01101	0.00672	0.02033	0.03633	0.00142	0.02791	0.05571	0.00216	0.01797
1	0.05695	0.03601	0.37185	0.01048	0.06588	0.03672	0.06564	0.08480	0.08228	0.09161	0.00855	0.00925	0.00620	0.00388	0.00362	0.00116	0.00477	0.00316	0.00244	0.05477
2	0.62087	0.05775	0.15563	0.00653	0.00956	0.03455	0.01807	0.01180	0.00718	0.04045	0.00596	0.00684	0.00453	0.00360	0.00271	0.00117	0.00369	0.00231	0.00225	0.00456
3	0.00805	0.00676	0.00790	0.00572	0.00902	0.00518	0.00457	0.00997	0.02822	0.02482	0.03223	0.00880	0.00680	0.00308	0.00293	0.00061	0.00282	0.00249	0.00241	0.82763
4	0.02926	0.01088	0.08350	0.11645	0.09971	0.05532	0.34885	0.15820	0.01048	0.03806	0.00784	0.00966	0.00583	0.00369	0.00405	0.00122	0.00550	0.00377	0.00231	0.00541
5	0.00519	0.00390	0.00480	0.00460	0.00559	0.00351	0.00344	0.00677	0.01027	0.01403	0.62606	0.04450	0.23650	0.00837	0.00453	0.00123	0.00185	0.00729	0.00405	0.00351
6	0.00955	0.00895	0.01149	0.03967	0.34380	0.05543	0.00847	0.01583	0.40582	0.01388	0.01195	0.02432	0.02456	0.00456	0.00386	0.00122	0.00389	0.00400	0.00291	0.00583
7	0.00496	0.00409	0.00423	0.00415	0.00540	0.00356	0.00310	0.03042	0.00893	0.01085	0.07015	0.03518	0.71932	0.05702	0.00536	0.00143	0.00213	0.02287	0.00353	0.00331
8	0.00718	0.00672	0.01120	0.74932	0.07019	0.00817	0.01018	0.00960	0.00776	0.00997	0.00858	0.03696	0.03990	0.00430	0.00389	0.00128	0.00486	0.00383	0.00185	0.00428
9	0.00887	0.03133	0.44017	0.03491	0.19156	0.06902	0.07817	0.02527	0.02632	0.01207	0.00707	0.00867	0.00539	0.00376	0.00410	0.00120	0.04163	0.00313	0.00182	0.00554
10	0.01357	0.00645	0.00838	0.01924	0.00952	0.00604	0.01719	0.03979	0.12038	0.53041	0.05774	0.03376	0.08427	0.00568	0.00403	0.00124	0.00313	0.02903	0.00433	0.00582
11	0.15655	0.05954	0.27201	0.00861	0.01209	0.02198	0.04192	0.03203	0.29681	0.04635	0.00997	0.01013	0.00739	0.00420	0.00350	0.00122	0.00414	0.00330	0.00273	0.00553
12	0.00910	0.06977	0.04236	0.31424	0.35461	0.02147	0.01038	0.08148	0.00906	0.01222	0.00728	0.02191	0.00591	0.00379	0.00371	0.00116	0.00470	0.00337	0.00200	0.02148
13	0.01001	0.72247	0.13615	0.00728	0.01085	0.03943	0.00766	0.01169	0.00793	0.00947	0.00557	0.00645	0.00491	0.00335	0.00266	0.00088	0.00441	0.00217	0.00165	0.00501
14	0.01061	0.03562	0.20383	0.07415	0.01332	0.29576	0.00918	0.05103	0.00902	0.03609	0.00670	0.00845	0.00542	0.00582	0.05234	0.00149	0.17144	0.00297	0.00198	0.00478
15	0.00540	0.00392	0.00509	0.00480	0.00571	0.00361	0.00360	0.00718	0.01079	0.01522	0.81495	0.02889	0.06063	0.00790	0.00452	0.00121	0.00181	0.00697	0.00420	0.00361
16	0.01070	0.72007	0.05264	0.00713	0.01039	0.08452	0.00698	0.05173	0.00856	0.00992	0.00563	0.00644	0.00500	0.00342	0.00266	0.00087	0.00441	0.00219	0.00177	0.00499
17	0.00551	0.00371	0.00429	0.00439	0.00445	0.00370	0.00258	0.00564	0.00582	0.00777	0.01305	0.10016	0.01507	0.75164	0.03446	0.00353	0.00371	0.02562	0.00246	0.00245
18	0.00528	0.00430	0.00476	0.00467	0.00591	0.00397	0.00358	0.00733	0.07987	0.01196	0.20985	0.03285	0.52276	0.00954	0.03025	0.00145	0.00235	0.05205	0.00369	0.00358
19	0.00476	0.00339	0.00450	0.00532	0.00557	0.00318	0.00357	0.00547	0.00745	0.00996	0.05188	0.79041	0.02536	0.03779	0.00533	0.00161	0.00228	0.02551	0.00355	0.00312
20	0.06366	0.00973	0.02853	0.08451	0.14633	0.01036	0.03844	0.46707	0.03773	0.03586	0.00902	0.03539	0.00691	0.00446	0.00380	0.00119	0.00427	0.00365	0.00315	0.00593
21	0.13290	0.26567	0.01301	0.00830	0.01071	0.45453	0.01575	0.02290	0.00933	0.01055	0.00571	0.00669	0.00486	0.00375	0.00321	0.00098	0.02227	0.00234	0.00195	0.00457
22	0.00550	0.00400	0.00520	0.00497	0.00589	0.00373	0.00378	0.00741	0.02131	0.01506	0.76614	0.02944	0.05225	0.00800	0.00456	0.00124	0.00192	0.05179	0.00416	0.00364
23	0.01037	0.78158	0.05692	0.00693	0.01026	0.04896	0.00695	0.02398	0.00808	0.00941	0.00548	0.00632	0.00494	0.00334	0.00258	0.00085	0.00429	0.00212	0.00169	0.00496
24	0.00477	0.00343	0.00455	0.00540	0.00572	0.00321	0.00372	0.00553	0.00750	0.00993	0.02177	0.77197	0.05726	0.01182	0.00491	0.00156	0.00231	0.06793	0.00356	0.00315
25	0.01545	0.00862	0.01011	0.00783	0.01079	0.00884	0.00644	0.39961	0.06995	0.40253	0.01237	0.01133	0.00824	0.00471	0.00385	0.00118	0.00370	0.00370	0.00426	0.00649
26	0.00528	0.00380	0.00503	0.00565	0.00617	0.00364	0.00413	0.01871	0.01899	0.01127	0.14982	0.55898	0.02601	0.01090	0.00488	0.00153	0.00244	0.15576	0.00367	0.00336
27	0.01720	0.00653	0.00890	0.00682	0.00979	0.00564	0.00564	0.01869	0.01097	0.84399	0.01513	0.01305	0.00949	0.00475	0.00386	0.00119	0.00326	0.00386	0.00475	0.00653
28	0.01432	0.01827	0.01087	0.00988	0.01185	0.84986	0.00741	0.01531	0.01087	0.00938	0.00593	0.00691	0.00494	0.00395	0.00346	0.00099	0.00691	0.00247	0.00198	0.00444
29	0.01472	0.01050	0.01136	0.00871	0.01177	0.01154	0.00719	0.78302	0.01763	0.07025	0.00954	0.00942	0.00669	0.00461	0.00384	0.00115	0.00417	0.00347	0.00389	0.00652
30	0.00482	0.00354	0.00443	0.00505	0.00550	0.00326	0.00347	0.00557	0.00763	0.00994	0.04724	0.57893	0.17348	0.08134	0.00604	0.00169	0.00235	0.04916	0.00348	0.00311
31	0.00724	0.00681	0.01150	0.85604	0.02641	0.00852	0.01065	0.00980	0.00767	0.00980	0.00681	0.01022	0.00511	0.00383	0.00383	0.00128	0.00511	0.00341	0.00170	0.00426
32	0.00724	0.00681	0.01150	0.85604	0.02641	0.00852	0.01065	0.00980	0.00767	0.00980	0.00681	0.01022	0.00511	0.00383	0.00383	0.00128	0.00511	0.00341	0.00170	0.00426
33	0.00710	0.00573	0.00654	0.00602	0.00748	0.00608	0.00460	0.01265	0.35712	0.01534	0.44303	0.02313	0.07589	0.00685	0.00426	0.00125	0.00233	0.00591	0.00405	0.00463
34	0.00609	0.00437	0.00603	0.00685	0.00773	0.00434	0.00594	0.00778	0.00874	0.01133	0.02094	0.04252	0.05884	0.03123	0.00561	0.00179	0.00346	0.75942	0.00350	0.00349
35	0.00468	0.00369	0.00424	0.00464	0.00547	0.00325	0.00334	0.00558	0.00820	0.01025	0.04271	0.37522	0.45594	0.01067	0.00472	0.00142	0.00213	0.04708	0.00357	0.00321
36	0.03883	0.00703	0.00911	0.00701	0.00997	0.00642	0.00579	0.11107	0.01167	0.72956	0.01420	0.01244	0.00902	0.00470	0.00382	0.00118	0.00336	0.00377	0.00458	0.00647
37	0.00769	0.01983	0.84538	0.01093	0.01659	0.00890	0.01417	0.01214	0.00810	0.01214	0.00688	0.00810	0.00486	0.00364	0.00364	0.00121	0.00567	0.00283	0.00162	0.00567
38	0.00490	0.00390	0.00440	0.00427	0.00541	0.00339	0.00320	0.00622	0.00961	0.01242	0.36854	0.03350	0.50879	0.00894	0.00453	0.00126	0.00189	0.00762	0.00383	0.00339
39	0.00811	0.00681	0.00797	0.00570	0.00910	0.00512	0.00456	0.00981	0.00800	0.02706	0.00696	0.00804	0.00575	0.00287	0.00286	0.00058	0.00285	0.00230	0.00231	0.87323
40	0.00954	0.00824	0.00867	0.00780	0.00997	0.00954	0.00607	0.02037	0.83441	0.01604	0.01561	0.01431	0.01170	0.00520	0.00390	0.00130	0.00303	0.00433	0.00390	0.00607
41	0.00466	0.00338	0.00440	0.00522	0.00553	0.00312	0.00351	0.00535	0.00746	0.00983	0.02258	0.79503	0.09214	0.01182	0.00486	0.00154	0.00220	0.01067	0.00356	0.00312
42	0.01691	0.00667	0.00895	0.00689	0.00984	0.00589	0.00568	0.03615	0.03618	0.80117	0.01501	0.01301	0.00949	0.00476	0.00386	0.00119	0.00328	0.00386	0.00470	0.00651
43	0.00455	0.00389	0.00391	0.00391	0.00519	0.00325	0.00293	0.00554	0.00879	0.01048	0.05834	0.03670	0.82020	0.00966	0.00453	0.00129	0.00194	0.00806	0.00358	0.00325
44	0.01025	0.86756	0.02009	0.00656	0.00984	0.01517	0.00656	0.01148	0.00779	0.00902	0.00533	0.00615	0.00492	0.00328	0.00246	0.00082	0.00410	0.00205	0.00164	0.00492
45	0.00890	0.00652	0.00747	0.00682	0.00828	0.00690	0.00515	0.35018	0.02551	0.01592	0.01629	0.47996	0.02856	0.00877	0.00443	0.00138	0.00307	0.00763	0.00368	0.00459
46	0.00543	0.00392	0.00513	0.00482	0.00573	0.00362	0.00362	0.00724	0.01085	0.01538	0.83931	0.02864	0.03618	0.00784	0.00452	0.00121	0.00181	0.00693	0.00422	0.00362
47	0.00774	0.01949	0.81547	0.01112	0.01672	0.00893	0.04374	0.01215	0.00813	0.01215	0.00691	0.00818	0.00489	0.00363	0.00367	0.00122	0.00570	0.00289	0.00163	0.00565
48	0.00467	0.00388	0.00409	0.00405	0.00527	0.00329	0.00303	0.00577	0.00905	0.01114	0.16455	0.04831	0.70077	0.00945	0.00454	0.00128	0.00193	0.00795	0.00366	0.00329
49	0.00849	0.21641	0.52094	0.02780	0.05148	0.01032	0.02954	0.02694	0.03071	0.01166	0.00741	0.01854	0.01617	0.00378	0.00343	0.00113	0.00507	0.00294	0.00180	0.00543
50	0.00765	0.00598	0.00728	0.00740	0.07181	0.00619	0.00524	0.05322	0.24484	0.03988	0.32523	0.04017	0.11425	0.00693	0.00428	0.00127	0.00265	0.04724	0.00382	0.00468
51	0.01432	0.01827	0.01087	0.00988	0.01185	0.84986	0.00741	0.01531	0.01087	0.00938	0.00593	0.00691	0.00494	0.00395	0.00346	0.00099	0.00691	0.00247	0.00198	0.00444
52	0.00964	0.00829	0.00873	0.00782	0.01001	0.00958	0.00609	0.03672	0.81790	0.01620	0.01548	0.01420	0.01160	0.00519	0.00390	0.00130	0.00306	0.00432	0.00390	0.00608
53	0.01299	0.00995	0.01062	0.00850	0.01129	0.01115	0.00691	0.57483	0.27433	0.02161	0.01121	0.01081	0.00815	0.00479	0.00386	0.00120	0.00385	0.00373	0.00386	0.00638
54	0.00543	0.00392	0.00513	0.00482	0.00573	0.00362	0.00362	0.00724	0.01085	0.01538	0.83931	0.02864	0.03618	0.00784	0.00452	0.00121	0.00181	0.00693	0.00422	0.00362
55	0.00467	0.00334	0.00445	0.00534	0.00556	0.00311	0.00356	0.00534	0.00734	0.00979	0.02113	0.86275	0.02536	0.01201	0.00489	0.00156	0.00222	0.01090	0.00356	0.00311
56	0.01714	0.00663	0.00896	0.00687	0.00984	0.00579	0.00568	0.03841	0.01115	0.82402	0.01498	0.01296	0.00942	0.00474	0.00386	0.00119	0.00329	0.00385	0.00472	0.00653
57	0.01025	0.86756	0.02009	0.00656	0.00984	0.01517	0.00656	0.01148	0.00779	0.00902	0.00533	0.00615	0.00492	0.00328	0.00246	0.00082	0.00410	0.00205	0.00164	0.00492
58	0.00769	0.01983	0.84538	0.01093	0.01659	0.00890	0.01417	0.01214	0.00810	0.01214	0.00688	0.00810	0.00486	0.00364	0.00364	0.00121	0.00567	0.00283	0.00162	0.00567
59	0.00554	0.00370	0.00419	0.00423	0.00423	0.00369	0.00237	0.00557	0.00564	0.00752	0.01242	0.05686	0.01437	0.83289	0.01896	0.00364	0.00366	0.00578	0.00237	0.00235
60	0.00458	0.00369	0.00408	0.00439	0.00531	0.00319	0.00314	0.00545	0.00825	0.01016	0.03265	0.32558	0.55509	0.01052	0.00466	0.00139	0.00204	0.00907	0.00356	0.00319
61	0.01573	0.00862	0.01016	0.00782	0.01082	0.00878	0.00645	0.41323	0.03531	0.42362	0.01225	0.01121	0.00810	0.00469	0.00385	0.00117	0.00372	0.00367	0.00428	0.00651
62	0.00839	0.00839	0.01174	0.01007	0.01007	0.01174	0.00839	0.00923	0.00587	0.00923	0.00503	0.00839	0.00503	0.00671	0.01258	0.00168	0.85823	0.00336	0.00168	0.00419
63	0.00724	0.00681	0.01150	0.85604	0.02641	0.00852	0.01065	0.00980	0.00767	0.00980	0.00681	0.01022	0.00511	0.00383	0.00383	0.00128	0.00511	0.00341	0.00170	0.00426
64	0.00467	0.00334	0.00445	0.00534	0.00556	0.00311	0.00356	0.00534	0.00734	0.00979	0.02113	0.86275	0.02536	0.01201	0.00489	0.00156	0.00222	0.01090	0.00356	0.00311
65	0.89233	0.00741	0.00564	0.00504	0.00741	0.00860	0.00415	0.01127	0.00653	0.01720	0.00534	0.00623	0.00415	0.00356	0.00237	0.00119	0.00297	0.00208	0.00237	0.00415
66	0.00472	0.00337	0.00450	0.00539	0.00563	0.00315	0.00364	0.00541	0.00738	0.00984	0.02111	0.83895	0.02526	0.01197	0.00491	0.00156	0.00226	0.03427	0.00356	0.00313
67	0.00463	0.00389	0.00402	0.00399	0.00524	0.00328	0.00299	0.00570	0.00898	0.01093	0.12946	0.03596	0.74880	0.00950	0.00453	0.00128	0.00193	0.00796	0.00364	0.00328
68	0.00795	0.00681	0.00795	0.00568	0.00909	0.00511	0.00454	0.00965	0.00795	0.01249	0.00681	0.00795	0.00568	0.00284	0.00284	0.00057	0.00284	0.00227	0.00227	0.88869
69	0.00467	0.00334	0.00445	0.00534	0.00556	0.00311	0.00356	0.00534	0.00734	0.00979	0.02113	0.86275	0.02536	0.01201	0.00489	0.00156	0.00222	0.01090	0.00356	0.00311
70	0.00864	0.09921	0.17665	0.01080	0.01408	0.10048	0.30541	0.01129	0.00923	0.01211	0.15655	0.01345	0.04342	0.00449	0.00400	0.00117	0.00504	0.00427	0.01491	0.00479
71	0.01458	0.01074	0.01151	0.00882	0.01189	0.01189	0.00729	0.82855	0.01803	0.02416	0.00921	0.00921	0.00652	0.00460	0.00384	0.00115	0.00422	0.00345	0.00384	0.00652
72	0.00902	0.04039	0.30367	0.01020	0.08608	0.00827	0.03962	0.04945	0.15962	0.08228	0.03608	0.05079	0.00968	0.00625	0.05091	0.00152	0.00468	0.04332	0.00271	0.00544
73	0.20863	0.51839	0.04535	0.00643	0.00931	0.03647	0.00609	0.02421	0.00777	0.02591	0.00674	0.06108	0.00624	0.00445	0.01844	0.00108	0.00397	0.00275	0.00203	0.00467
74	0.00503	0.00404	0.00429	0.00419	0.00547	0.00350	0.00315	0.00639	0.02910	0.02677	0.16729	0.03457	0.67438	0.00921	0.00450	0.00128	0.00197	0.00774	0.00370	0.00343
75	0.00967	0.43093	0.33889	0.00897	0.03055	0.10068	0.00971	0.01215	0.00825	0.01034	0.00603	0.00706	0.00492	0.00349	0.00305	0.00100	0.00501	0.00243	0.00167	0.00518
76	0.01031	0.16709	0.09213	0.02604	0.14623	0.18016	0.25135	0.02320	0.02084	0.01121	0.00682	0.00854	0.00549	0.00361	0.00396	0.00112	0.03158	0.00327	0.00190	0.00515
77	0.00475	0.00340	0.00453	0.00538	0.00566	0.00318	0.00366	0.00550	0.00752	0.01003	0.04576	0.79406	0.03568	0.01180	0.00489	0.00155	0.00226	0.04364	0.00358	0.00315
78	0.00871	0.01076	0.24548	0.06980	0.14138	0.00794	0.00908	0.11917	0.08455	0.04434	0.08692	0.07770	0.06689	0.00535	0.00397	0.00124	0.00408	0.00455	0.00279	0.00527
79	0.00548	0.00410	0.00611	0.00611	0.00678	0.00477	0.00473	0.00681	0.00615	0.00886	0.01032	0.01531	0.00969	0.04971	0.82925	0.00610	0.01011	0.00414	0.00206	0.00340
80	0.01187	0.00920	0.00914	0.00755	0.00988	0.07001	0.00604	0.41821	0.19342	0.01921	0.01107	0.01124	0.00824	0.00466	0.00358	0.00112	0.00363	0.00360	0.19267	0.00564
81	0.00724	0.00681	0.01150	0.85604	0.02641	0.00852	0.01065	0.00980	0.00767	0.00980	0.00681	0.01022	0.00511	0.00383	0.00383	0.00128	0.00511	0.00341	0.00170	0.00426
82	0.01018	0.84452	0.04252	0.00668	0.01002	0.01500	0.00677	0.01150	0.00780	0.00911	0.00537	0.00620	0.00492	0.00329	0.00249	0.00083	0.00414	0.00207	0.00164	0.00494
83	0.00715	0.00357	0.00357	0.00357	0.00447	0.00357	0.00268	0.00893	0.00804	0.01429	0.01251	0.01429	0.00983	0.00447	0.00268	0.00089	0.00179	0.00357	0.88654	0.00357
84	0.00867	0.06155	0.00835	0.00684	0.00853	0.00816	0.00527	0.05995	0.44496	0.02901	0.02832	0.01577	0.01150	0.16165	0.12228	0.00235	0.00426	0.00437	0.00324	0.00496
85	0.00715	0.00357	0.00357	0.00357	0.00447	0.00357	0.00268	0.00893	0.00804	0.01429	0.01251	0.01429	0.00983	0.00447	0.00268	0.00089	0.00179	0.00357	0.88654	0.00357
86	0.00901	0.45798	0.41883	0.00867	0.01310	0.01214	0.01024	0.01180	0.00794	0.01053	0.00608	0.00709	0.00489	0.00346	0.00303	0.00101	0.00486	0.00243	0.00163	0.00528
87	0.01037	0.44000	0.07897	0.00957	0.01290	0.13929	0.18870	0.01278	0.05448	0.01041	0.00664	0.00779	0.00549	0.00350	0.00323	0.00101	0.00510	0.00284	0.00188	0.00502
88	0.00674	0.00596	0.00858	0.00785	0.00824	0.00780	0.00635	0.00788	0.00604	0.00904	0.00800	0.01217	0.00762	0.01922	0.48766	0.00422	0.37721	0.00378	0.00189	0.00376
89	0.00715	0.00357	0.00357	0.00357	0.00447	0.00357	0.00268	0.00893	0.00804	0.01429	0.01251	0.01429	0.00983	0.00447	0.00268	0.00089	0.00179	0.00357	0.88654	0.00357
90	0.02606	0.44944	0.06596	0.00773	0.03551	0.10074	0.00694	0.07299	0.02677	0.02986	0.00650	0.00729	0.00542	0.00349	0.00290	0.00088	0.00426	0.00241	0.00207	0.14277
91	0.00930	0.00993	0.04821	0.24113	0.47489	0.09562	0.04297	0.01165	0.00866	0.01146	0.00698	0.00939	0.00564	0.00358	0.00379	0.00117	0.00507	0.00334	0.00184	0.00537
92	0.00715	0.00357	0.00357	0.00357	0.00447	0.00357	0.00268	0.00893	0.00804	0.01429	0.01251	0.01429	0.00983	0.00447	0.00268	0.00089	0.00179	0.00357	0.88654	0.00357
93	0.01458	0.01074	0.01151	0.00882	0.01189	0.01189	0.00729	0.82855	0.01803	0.02416	0.00921	0.00921	0.00652	0.00460	0.00384	0.00115	0.00422	0.00345	0.00384	0.00652
94	0.00541	0.00392	0.00510	0.00480	0.00572	0.00361	0.00360	0.00720	0.01081	0.01527	0.82223	0.02882	0.05333	0.00788	0.00452	0.00121	0.00181	0.00696	0.00421	0.00361
95	0.00724	0.00790	0.12446	0.03271	0.11903	0.00658	0.00692	0.01155	0.20143	0.01421	0.34362	0.02882	0.05876	0.00611	0.00415	0.00124	0.00312	0.01401	0.00336	0.00479
96	0.00467	0.00334	0.00445	0.00534	0.00556	0.00311	0.00356	0.00534	0.00734	0.00979	0.02113	0.86275	0.02536	0.01201	0.00489	0.00156	0.00222	0.01090	0.00356	0.00311
97	0.00878	0.01325	0.37040	0.00959	0.01336	0.00902	0.06079	0.07555	0.30332	0.01435	0.01183	0.01298	0.03503	0.00474	0.00390	0.00127	0.00446	0.03894	0.00276	0.00567
98	0.00467	0.00334	0.00445	0.00534	0.00556	0.00311	0.00356	0.00534	0.00734	0.00979	0.02113	0.86275	0.02536	0.01201	0.00489	0.00156	0.00222	0.01090	0.00356	0.00311
99	0.01031	0.12476	0.01453	0.05432	0.04555	0.12955	0.20806	0.07906	0.16789	0.02602	0.02048	0.02879	0.01869	0.00441	0.00429	0.00119	0.05055	0.00382	0.00254	0.00518
100	0.01555	0.00616	0.00837	0.00654	0.00922	0.00535	0.00535	0.01708	0.01096	0.72790	0.13059	0.01523	0.01323	0.00518	0.00395	0.00119	0.00306	0.00429	0.00467	0.00612
101	0.00764	0.00726	0.02449	0.17495	0.22632	0.04786	0.02279	0.03866	0.02422	0.01209	0.14827	0.04431	0.14685	0.04191	0.00484	0.00133	0.01399	0.00505	0.00268	0.00450
102	0.31362	0.00536	0.00510	0.00464	0.00619	0.00583	0.00369	0.01063	0.00769	0.08976	0.00996	0.01116	0.00764	0.00427	0.00308	0.00105	0.03734	0.00307	0.46584	0.00406
103	0.00918	0.25889	0.40282	0.00902	0.01320	0.01079	0.02167	0.02998	0.16277	0.03440	0.00835	0.00889	0.00633	0.00387	0.00338	0.00112	0.00465	0.00295	0.00218	0.00556
104	0.06462	0.06272	0.09107	0.00853	0.01165	0.01098	0.01911	0.46552	0.17506	0.03755	0.00988	0.00983	0.00719	0.00447	0.00367	0.00117	0.00406	0.00342	0.00341	0.00609
105	0.00923	0.40946	0.42882	0.00880	0.01323	0.02851	0.01033	0.01206	0.00808	0.03078	0.00635	0.00730	0.00500	0.00351	0.00310	0.00103	0.00491	0.00249	0.00171	0.00532

[dist]
# distance from previous block
# <min> <max>
0	2

[block]
# block no. 1 follows, 71 sequences, length 11
# corresponding to MSA columns:
# 121-131
name=unknown_B
#
# <colnr> <probs for GDERKNQSTAVLIFYWHMCP>
#	G	D	E	R	K	N	Q	S	T	A	V	L	I	F	Y	W	H	M	C	P
0	0.00943	0.00850	0.04462	0.00769	0.00989	0.00913	0.00619	0.07269	0.66874	0.01582	0.03462	0.01477	0.01181	0.06263	0.00494	0.00145	0.00324	0.00436	0.00370	0.00577
1	0.00720	0.00579	0.00777	0.00914	0.11940	0.00606	0.00648	0.01104	0.20305	0.01266	0.05293	0.12797	0.01849	0.00841	0.00469	0.00152	0.00332	0.38622	0.00343	0.00442
2	0.01324	0.16341	0.06608	0.00920	0.01182	0.51630	0.00768	0.14632	0.01132	0.01190	0.00642	0.00723	0.00519	0.00392	0.00336	0.00100	0.00591	0.00258	0.00220	0.00494
3	0.00528	0.00391	0.00492	0.00467	0.00564	0.00355	0.00350	0.00695	0.01050	0.01454	0.70681	0.03001	0.16920	0.00815	0.00452	0.00122	0.00183	0.00713	0.00411	0.00355
4	0.00557	0.00408	0.00602	0.00602	0.00672	0.00473	0.00468	0.00696	0.00626	0.00919	0.01039	0.01502	0.00960	0.02747	0.80506	0.00588	0.00982	0.00408	0.04902	0.00343
5	0.01477	0.00884	0.01014	0.00795	0.01084	0.00928	0.00651	0.41528	0.13736	0.31916	0.01230	0.01136	0.00837	0.00474	0.00385	0.00119	0.00370	0.00373	0.00417	0.00645
6	0.01064	0.00882	0.01188	0.20916	0.22584	0.00970	0.00885	0.33284	0.05551	0.01651	0.01046	0.01163	0.06203	0.00449	0.00387	0.00119	0.00430	0.00379	0.00283	0.00564
7	0.01071	0.70355	0.01876	0.00723	0.01035	0.01407	0.04006	0.04522	0.00836	0.06074	0.00617	0.00698	0.00531	0.00359	0.00318	0.00092	0.04545	0.00238	0.00193	0.00506
8	0.00477	0.00338	0.00442	0.00521	0.00541	0.00318	0.00342	0.00537	0.00714	0.00952	0.02012	0.76879	0.02408	0.10772	0.00653	0.00180	0.00239	0.01030	0.00342	0.00303
9	0.00779	0.00610	0.00758	0.00677	0.00826	0.07245	0.07863	0.00968	0.04257	0.10238	0.22545	0.10486	0.14776	0.03418	0.03437	0.00156	0.00345	0.09858	0.00350	0.00408
10	0.00683	0.00577	0.00778	0.00933	0.20882	0.00544	0.00563	0.06270	0.00989	0.01327	0.24377	0.02465	0.32100	0.00698	0.00422	0.00119	0.00274	0.00603	0.00329	0.05069

[dist]
# distance from previous block
# <min> <max>
1	12

[block]
# block no. 2 follows, 71 sequences, length 147
# corresponding to MSA columns:
# 144-290
name=unknown_C
#
# <colnr> <probs for GDERKNQSTAVLIFYWHMCP>
#	G	D	E	R	K	N	Q	S	T	A	V	L	I	F	Y	W	H	M	C	P
0	0.09794	0.02998	0.02800	0.06245	0.09351	0.19976	0.02254	0.05244	0.12336	0.02938	0.01129	0.08965	0.01049	0.00575	0.00390	0.00127	0.00441	0.12641	0.00276	0.00473
1	0.57858	0.04596	0.00800	0.02511	0.00921	0.14610	0.02449	0.02844	0.03346	0.01507	0.00623	0.00762	0.00505	0.00386	0.00296	0.00116	0.01929	0.01818	0.00234	0.01888
2	0.00877	0.00777	0.04125	0.23802	0.06698	0.02614	0.00758	0.20755	0.06038	0.01395	0.01179	0.23600	0.01135	0.00663	0.01797	0.00137	0.00406	0.00541	0.00288	0.02416
3	0.01227	0.01443	0.06480	0.05907	0.16238	0.45075	0.00861	0.08895	0.03670	0.02488	0.00727	0.02145	0.00591	0.00404	0.00362	0.00107	0.00573	0.00301	0.00223	0.02283
4	0.00467	0.00360	0.00427	0.00472	0.00542	0.00320	0.00330	0.00554	0.00815	0.01041	0.08530	0.47106	0.35506	0.01079	0.00472	0.00143	0.00208	0.00949	0.00361	0.00320
5	0.89233	0.00741	0.00564	0.00504	0.00741	0.00860	0.00415	0.01127	0.00653	0.01720	0.00534	0.00623	0.00415	0.00356	0.00237	0.00119	0.00297	0.00208	0.00237	0.00415
6	0.00898	0.15802	0.06588	0.06514	0.05918	0.03632	0.10533	0.03859	0.04925	0.01079	0.00681	0.00913	0.00585	0.00641	0.06415	0.00165	0.29849	0.00332	0.00193	0.00476
7	0.00812	0.00681	0.00797	0.00570	0.00910	0.00512	0.00456	0.00982	0.00801	0.02753	0.00697	0.00804	0.00575	0.00287	0.00286	0.00058	0.00285	0.00230	0.00232	0.87274
8	0.00581	0.00408	0.00481	0.00452	0.00575	0.00358	0.00343	0.00721	0.00988	0.06934	0.41255	0.03141	0.40658	0.00850	0.00448	0.00125	0.00197	0.00726	0.00395	0.00364
9	0.00517	0.00405	0.00454	0.03711	0.00618	0.00362	0.00341	0.00630	0.00873	0.02981	0.12810	0.04915	0.59474	0.04418	0.03747	0.00156	0.00247	0.00738	0.02264	0.00337
10	0.00904	0.00861	0.01480	0.37812	0.02056	0.02732	0.28386	0.10071	0.04254	0.03135	0.02386	0.02658	0.00682	0.00402	0.00409	0.00127	0.00527	0.00402	0.00226	0.00491
11	0.01002	0.77607	0.03586	0.00677	0.01012	0.01426	0.02192	0.01139	0.00783	0.00938	0.00551	0.00639	0.00499	0.00326	0.00255	0.00082	0.00409	0.00213	0.00169	0.06498
12	0.00957	0.09937	0.01246	0.03803	0.26300	0.01869	0.05183	0.02055	0.00867	0.09613	0.03496	0.04458	0.00794	0.01310	0.00390	0.00103	0.02615	0.00349	0.00242	0.24413
13	0.02862	0.09091	0.31923	0.02469	0.01368	0.01858	0.13276	0.03047	0.00886	0.11748	0.06520	0.01229	0.00878	0.00541	0.03682	0.00142	0.03381	0.04337	0.00243	0.00520
14	0.33026	0.05352	0.03894	0.07820	0.10835	0.05520	0.04707	0.02802	0.00819	0.11001	0.00743	0.02170	0.00577	0.00389	0.00344	0.00114	0.02856	0.00293	0.00245	0.06494
15	0.01094	0.01325	0.06930	0.20013	0.21644	0.36265	0.04132	0.02122	0.00946	0.01069	0.00660	0.00850	0.00530	0.00375	0.00368	0.00112	0.00582	0.00302	0.00189	0.00493
16	0.89233	0.00741	0.00564	0.00504	0.00741	0.00860	0.00415	0.01127	0.00653	0.01720	0.00534	0.00623	0.00415	0.00356	0.00237	0.00119	0.00297	0.00208	0.00237	0.00415
17	0.00610	0.00481	0.00565	0.00492	0.00655	0.00417	0.00378	0.04138	0.00997	0.01379	0.41446	0.02567	0.24378	0.00715	0.00414	0.00109	0.00216	0.00611	0.00362	0.19070
18	0.00466	0.00336	0.00442	0.00527	0.00554	0.00312	0.00353	0.00535	0.00741	0.00981	0.02198	0.82343	0.06413	0.01190	0.00488	0.00154	0.00221	0.01077	0.00356	0.00312
19	0.00456	0.00381	0.00398	0.00409	0.00524	0.00323	0.00301	0.00550	0.00858	0.01035	0.04746	0.14504	0.72204	0.00999	0.00458	0.00133	0.00198	0.00844	0.00357	0.00323
20	0.00758	0.00370	0.00381	0.00371	0.00470	0.00366	0.00281	0.00936	0.00817	0.05037	0.01262	0.01424	0.00981	0.00448	0.00273	0.00091	0.00185	0.00359	0.84819	0.00370
21	0.00940	0.00902	0.01541	0.05588	0.80967	0.00909	0.01172	0.01169	0.00869	0.01242	0.00720	0.00952	0.00604	0.00343	0.00380	0.00114	0.00458	0.00342	0.00189	0.00600
22	0.00467	0.00334	0.00445	0.00534	0.00556	0.00311	0.00356	0.00534	0.00734	0.00979	0.02113	0.86275	0.02536	0.01201	0.00489	0.00156	0.00222	0.01090	0.00356	0.00311
23	0.00750	0.00708	0.01197	0.76024	0.12018	0.00859	0.01078	0.01002	0.00779	0.01011	0.00686	0.01014	0.00522	0.00379	0.00383	0.00126	0.00505	0.00341	0.00173	0.00447
24	0.00953	0.00948	0.01532	0.07038	0.68398	0.05671	0.06085	0.01178	0.00879	0.01213	0.00737	0.02282	0.00624	0.00359	0.00384	0.00115	0.00480	0.00355	0.00192	0.00577
25	0.35265	0.04017	0.02457	0.00789	0.00923	0.06739	0.00663	0.02152	0.00674	0.01258	0.00542	0.00751	0.00479	0.00553	0.02414	0.00148	0.39274	0.00276	0.00200	0.00426
26	0.00905	0.01034	0.02262	0.01616	0.02004	0.00970	0.82741	0.01228	0.00905	0.01228	0.00776	0.01034	0.00582	0.00323	0.00452	0.00129	0.00646	0.00452	0.00194	0.00517
27	0.00800	0.01855	0.73297	0.01148	0.01689	0.00906	0.10706	0.03005	0.00842	0.01242	0.00703	0.00838	0.00500	0.00362	0.00375	0.00122	0.00573	0.00304	0.00170	0.00563
28	0.00466	0.00336	0.00442	0.00527	0.00554	0.00312	0.00353	0.00535	0.00741	0.00981	0.02196	0.82401	0.06356	0.01190	0.00488	0.00154	0.00221	0.01077	0.00356	0.00312
29	0.00931	0.02563	0.01270	0.32057	0.31601	0.04155	0.00993	0.04958	0.06321	0.04553	0.00793	0.01027	0.00628	0.01956	0.00448	0.00126	0.04537	0.00347	0.00216	0.00521
30	0.00484	0.00358	0.00452	0.00508	0.00563	0.00328	0.00358	0.00575	0.00809	0.01062	0.12087	0.54364	0.18303	0.02414	0.00503	0.00151	0.00222	0.05776	0.00362	0.00321
31	0.00939	0.00894	0.01188	0.16419	0.32718	0.06621	0.00910	0.01474	0.30972	0.01314	0.02036	0.01144	0.00825	0.00423	0.00383	0.00121	0.00423	0.00373	0.00263	0.00561
32	0.00715	0.00357	0.00357	0.00357	0.00447	0.00357	0.00268	0.00893	0.00804	0.01429	0.01251	0.01429	0.00983	0.00447	0.00268	0.00089	0.00179	0.00357	0.88654	0.00357
33	0.00473	0.00389	0.00416	0.00409	0.00530	0.00332	0.00307	0.00588	0.00921	0.01146	0.21521	0.03508	0.66272	0.00930	0.00453	0.00128	0.00191	0.00784	0.00371	0.00332
34	0.01720	0.00653	0.00890	0.00682	0.00979	0.00564	0.00564	0.01869	0.01097	0.84399	0.01513	0.01305	0.00949	0.00475	0.00386	0.00119	0.00326	0.00386	0.00475	0.00653
35	0.00949	0.00911	0.01556	0.02353	0.84133	0.00911	0.01177	0.01177	0.00873	0.01253	0.00721	0.00949	0.00607	0.00342	0.00380	0.00114	0.00456	0.00342	0.00190	0.00607
36	0.00949	0.00911	0.01556	0.02353	0.84133	0.00911	0.01177	0.01177	0.00873	0.01253	0.00721	0.00949	0.00607	0.00342	0.00380	0.00114	0.00456	0.00342	0.00190	0.00607
37	0.89233	0.00741	0.00564	0.00504	0.00741	0.00860	0.00415	0.01127	0.00653	0.01720	0.00534	0.00623	0.00415	0.00356	0.00237	0.00119	0.00297	0.00208	0.00237	0.00415
38	0.00460	0.00394	0.00395	0.00394	0.00524	0.00332	0.00296	0.00570	0.01982	0.01043	0.03853	0.03660	0.82866	0.00965	0.00452	0.00129	0.00196	0.00804	0.00357	0.00327
39	0.01612	0.00785	0.00966	0.00743	0.01037	0.00765	0.00611	0.28373	0.01318	0.55981	0.01313	0.01202	0.00860	0.02078	0.00414	0.00122	0.00358	0.00376	0.00440	0.00645
40	0.00949	0.00911	0.01556	0.02353	0.84133	0.00911	0.01177	0.01177	0.00873	0.01253	0.00721	0.00949	0.00607	0.00342	0.00380	0.00114	0.00456	0.00342	0.00190	0.00607
41	0.00769	0.01983	0.84538	0.01093	0.01659	0.00890	0.01417	0.01214	0.00810	0.01214	0.00688	0.00810	0.00486	0.00364	0.00364	0.00121	0.00567	0.00283	0.00162	0.00567
42	0.00839	0.00839	0.01174	0.01007	0.01007	0.01174	0.00839	0.00923	0.00587	0.00923	0.00503	0.00839	0.00503	0.00671	0.01258	0.00168	0.85823	0.00336	0.00168	0.00419
43	0.01720	0.00653	0.00890	0.00682	0.00979	0.00564	0.00564	0.01869	0.01097	0.84399	0.01513	0.01305	0.00949	0.00475	0.00386	0.00119	0.00326	0.00386	0.00475	0.00653
44	0.00949	0.00911	0.01556	0.02353	0.84133	0.00911	0.01177	0.01177	0.00873	0.01253	0.00721	0.00949	0.00607	0.00342	0.00380	0.00114	0.00456	0.00342	0.00190	0.00607
45	0.00666	0.00333	0.00500	0.00500	0.00500	0.00333	0.00333	0.00500	0.00500	0.00666	0.00666	0.01166	0.00666	0.01332	0.01499	0.88844	0.00333	0.00333	0.00167	0.00167
46	0.14129	0.06838	0.01115	0.00806	0.01102	0.01154	0.00673	0.64501	0.01555	0.02201	0.00842	0.00863	0.00611	0.00436	0.00352	0.00113	0.00400	0.00316	0.01390	0.00603
47	0.00837	0.00658	0.00770	0.00559	0.00881	0.00503	0.00447	0.01007	0.00811	0.05518	0.00763	0.00864	0.00616	0.00305	0.00288	0.00062	0.00279	0.00244	0.06247	0.78340
48	0.01095	0.00531	0.00618	0.00529	0.00708	0.00519	0.00419	0.05032	0.08732	0.28559	0.03012	0.01395	0.01027	0.00470	0.00327	0.00105	0.00250	0.00380	0.45801	0.00491
49	0.02730	0.00825	0.00992	0.00761	0.01061	0.00821	0.00629	0.34731	0.01378	0.50068	0.01260	0.01140	0.00822	0.00467	0.00383	0.00117	0.00365	0.00367	0.00435	0.00649
50	0.01720	0.00653	0.00890	0.00682	0.00979	0.00564	0.00564	0.01869	0.01097	0.84399	0.01513	0.01305	0.00949	0.00475	0.00386	0.00119	0.00326	0.00386	0.00475	0.00653
51	0.00472	0.00390	0.00415	0.00412	0.00534	0.00333	0.00311	0.00586	0.00911	0.01127	0.17932	0.03558	0.68060	0.00940	0.00455	0.00129	0.00195	0.02541	0.00368	0.00331
52	0.46347	0.01234	0.34377	0.00756	0.01131	0.00848	0.00830	0.01224	0.00753	0.08408	0.00677	0.00755	0.00488	0.00369	0.00301	0.00120	0.00408	0.00253	0.00227	0.00496
53	0.00557	0.00372	0.00422	0.00422	0.00423	0.00374	0.00237	0.00560	0.00559	0.00746	0.01205	0.02490	0.01386	0.84971	0.03494	0.00376	0.00384	0.00555	0.00232	0.00234
54	0.00769	0.01983	0.84538	0.01093	0.01659	0.00890	0.01417	0.01214	0.00810	0.01214	0.00688	0.00810	0.00486	0.00364	0.00364	0.00121	0.00567	0.00283	0.00162	0.00567
55	0.00548	0.00411	0.00616	0.00616	0.00685	0.00479	0.00479	0.00685	0.00616	0.00890	0.01027	0.01506	0.00959	0.02876	0.85006	0.00616	0.01027	0.00411	0.00205	0.00342
56	0.01025	0.86756	0.02009	0.00656	0.00984	0.01517	0.00656	0.01148	0.00779	0.00902	0.00533	0.00615	0.00492	0.00328	0.00246	0.00082	0.00410	0.00205	0.00164	0.00492
57	0.00795	0.00681	0.00795	0.00568	0.00909	0.00511	0.00454	0.00965	0.00795	0.01249	0.00681	0.00795	0.00568	0.00284	0.00284	0.00057	0.00284	0.00227	0.00227	0.88869
58	0.00666	0.00357	0.00532	0.00526	0.00529	0.00374	0.00361	0.00526	0.00509	0.00688	0.00680	0.01172	0.00676	0.01393	0.06175	0.80467	0.03675	0.00337	0.00169	0.00186
59	0.01432	0.01827	0.01087	0.00988	0.01185	0.84986	0.00741	0.01531	0.01087	0.00938	0.00593	0.00691	0.00494	0.00395	0.00346	0.00099	0.00691	0.00247	0.00198	0.00444
60	0.00949	0.00911	0.01556	0.02353	0.84133	0.00911	0.01177	0.01177	0.00873	0.01253	0.00721	0.00949	0.00607	0.00342	0.00380	0.00114	0.00456	0.00342	0.00190	0.00607
61	0.00467	0.00334	0.00445	0.00534	0.00556	0.00311	0.00356	0.00534	0.00734	0.00979	0.02113	0.86275	0.02536	0.01201	0.00489	0.00156	0.00222	0.01090	0.00356	0.00311
62	0.00951	0.00949	0.01500	0.12834	0.64987	0.06617	0.04245	0.01178	0.00875	0.01196	0.00710	0.00944	0.00586	0.00350	0.00381	0.00115	0.00486	0.00339	0.00188	0.00570
63	0.00839	0.00839	0.01174	0.01007	0.01007	0.01174	0.00839	0.00923	0.00587	0.00923	0.00503	0.00839	0.00503	0.00671	0.01258	0.00168	0.85823	0.00336	0.00168	0.00419
64	0.00954	0.00824	0.00867	0.00780	0.00997	0.00954	0.00607	0.02037	0.83441	0.01604	0.01561	0.01431	0.01170	0.00520	0.00390	0.00130	0.00303	0.00433	0.00390	0.00607
65	0.01043	0.76629	0.04950	0.00702	0.01037	0.02454	0.01832	0.05782	0.00844	0.01004	0.00565	0.00646	0.00502	0.00338	0.00262	0.00086	0.00423	0.00220	0.00177	0.00504
66	0.00545	0.00404	0.00593	0.00597	0.00658	0.00464	0.00455	0.00668	0.00617	0.00882	0.01087	0.05195	0.01060	0.09327	0.74930	0.00578	0.00942	0.00451	0.00214	0.00332
67	0.00666	0.00333	0.00500	0.00500	0.00500	0.00333	0.00333	0.00500	0.00500	0.00666	0.00666	0.01166	0.00666	0.01332	0.01499	0.88844	0.00333	0.00333	0.00167	0.00167
68	0.00586	0.00455	0.00653	0.00634	0.00688	0.00545	0.00489	0.00703	0.00611	0.00890	0.00991	0.01536	0.00954	0.11604	0.64455	0.00526	0.10725	0.00417	0.02198	0.00340
69	0.00769	0.01983	0.84538	0.01093	0.01659	0.00890	0.01417	0.01214	0.00810	0.01214	0.00688	0.00810	0.00486	0.00364	0.00364	0.00121	0.00567	0.00283	0.00162	0.00567
70	0.00780	0.04058	0.26170	0.07637	0.01455	0.04191	0.20245	0.01115	0.04951	0.01265	0.19925	0.01467	0.04091	0.00480	0.00406	0.00122	0.00467	0.00443	0.00249	0.00483
71	0.01111	0.70683	0.01840	0.00699	0.01018	0.04845	0.00667	0.11473	0.00927	0.02868	0.00605	0.00671	0.00522	0.00351	0.00270	0.00088	0.00421	0.00228	0.00200	0.00514
72	0.01384	0.00628	0.01901	0.00634	0.00900	0.00532	0.00523	0.03109	0.01062	0.58374	0.11080	0.01635	0.08393	0.00536	0.00391	0.00115	0.00300	0.00443	0.00433	0.07628
73	0.01056	0.13403	0.25152	0.02837	0.13373	0.05121	0.01763	0.06186	0.05786	0.14748	0.04645	0.02606	0.00811	0.00425	0.00362	0.00114	0.00447	0.00344	0.00261	0.00560
74	0.01104	0.05054	0.22325	0.01307	0.26597	0.00814	0.01968	0.05164	0.00947	0.23492	0.01020	0.06790	0.00795	0.00446	0.00380	0.00119	0.00432	0.00385	0.00278	0.00585
75	0.00769	0.01983	0.84538	0.01093	0.01659	0.00890	0.01417	0.01214	0.00810	0.01214	0.00688	0.00810	0.00486	0.00364	0.00364	0.00121	0.00567	0.00283	0.00162	0.00567
76	0.00666	0.00333	0.00500	0.00500	0.00500	0.00333	0.00333	0.00500	0.00500	0.00666	0.00666	0.01166	0.00666	0.01332	0.01499	0.88844	0.00333	0.00333	0.00167	0.00167
77	0.00795	0.00681	0.00795	0.00568	0.00909	0.00511	0.00454	0.00965	0.00795	0.01249	0.00681	0.00795	0.00568	0.00284	0.00284	0.00057	0.00284	0.00227	0.00227	0.88869
78	0.00914	0.04205	0.03098	0.05924	0.35797	0.05206	0.14694	0.01127	0.00882	0.04809	0.07365	0.06653	0.00982	0.00468	0.00445	0.00123	0.04778	0.01781	0.00231	0.00519
79	0.07420	0.01051	0.01111	0.00857	0.01159	0.01167	0.00707	0.77303	0.01725	0.02369	0.00894	0.00900	0.00636	0.00453	0.00374	0.00115	0.00413	0.00336	0.00374	0.00636
80	0.01084	0.01043	0.15497	0.03195	0.47746	0.00849	0.01068	0.04274	0.02544	0.17613	0.00894	0.01005	0.00665	0.00380	0.00379	0.00117	0.00446	0.00342	0.00251	0.00608
81	0.01398	0.01773	0.01068	0.00973	0.01166	0.81721	0.00731	0.01498	0.01068	0.00937	0.00609	0.00723	0.00512	0.00491	0.03617	0.00119	0.00704	0.00253	0.00198	0.00441
82	0.00924	0.00485	0.00558	0.02192	0.00655	0.00503	0.00396	0.05809	0.00893	0.14470	0.01211	0.01332	0.00916	0.00466	0.00363	0.00102	0.06041	0.00359	0.61899	0.00426
83	0.02526	0.22758	0.45527	0.08053	0.03193	0.01055	0.04418	0.02942	0.04014	0.01169	0.00689	0.00814	0.00524	0.00363	0.00339	0.00112	0.00506	0.00282	0.00180	0.00536
84	0.00625	0.00470	0.06227	0.00559	0.00616	0.00413	0.00431	0.00604	0.00562	0.00776	0.00855	0.02727	0.00856	0.13084	0.22949	0.46885	0.00531	0.00391	0.00188	0.00250
85	0.00769	0.01983	0.84538	0.01093	0.01659	0.00890	0.01417	0.01214	0.00810	0.01214	0.00688	0.00810	0.00486	0.00364	0.00364	0.00121	0.00567	0.00283	0.00162	0.00567
86	0.00862	0.33326	0.46503	0.00875	0.01318	0.01078	0.01041	0.01158	0.00808	0.02751	0.00864	0.00943	0.06169	0.00394	0.00327	0.00107	0.00478	0.00292	0.00182	0.00524
87	0.00942	0.00819	0.09941	0.02673	0.01069	0.00579	0.03061	0.01145	0.00856	0.15210	0.01857	0.01005	0.00698	0.00353	0.00325	0.00082	0.00338	0.02242	0.00265	0.56540
88	0.00786	0.00672	0.00786	0.00567	0.00899	0.00506	0.00452	0.00954	0.00793	0.01242	0.00720	0.03083	0.00621	0.00309	0.00289	0.00059	0.00282	0.00250	0.00231	0.86499
89	0.01120	0.21340	0.01289	0.02821	0.09551	0.37724	0.02566	0.02804	0.02510	0.01064	0.07074	0.01121	0.04686	0.00447	0.00348	0.00103	0.00515	0.02227	0.00223	0.00466
90	0.00877	0.06114	0.40068	0.00955	0.06969	0.00791	0.00978	0.02541	0.01774	0.06434	0.00745	0.00843	0.00560	0.00345	0.00335	0.00098	0.00440	0.00274	0.00210	0.28647
91	0.23668	0.33830	0.16299	0.00757	0.01080	0.16608	0.00747	0.01225	0.00809	0.01175	0.00572	0.00666	0.00472	0.00354	0.00283	0.00102	0.00461	0.00227	0.00189	0.00477
92	0.01040	0.16577	0.48824	0.00928	0.01386	0.00933	0.02214	0.02607	0.00885	0.19833	0.00851	0.00891	0.00595	0.00384	0.00350	0.00114	0.00484	0.00296	0.00236	0.00573
93	0.00876	0.02623	0.05752	0.05171	0.19453	0.01971	0.02215	0.01074	0.00874	0.08449	0.09951	0.05189	0.01048	0.00434	0.00358	0.00098	0.00355	0.01462	0.00261	0.32387
94	0.00558	0.00372	0.00418	0.00418	0.00418	0.00372	0.00232	0.00558	0.00558	0.00743	0.01208	0.02509	0.01394	0.86525	0.01952	0.00372	0.00372	0.00558	0.00232	0.00232
95	0.01035	0.84763	0.01988	0.00664	0.00989	0.03476	0.00658	0.01157	0.00786	0.00903	0.00534	0.00617	0.00492	0.00330	0.00248	0.00082	0.00417	0.00206	0.00165	0.00491
96	0.00548	0.00408	0.00602	0.00602	0.00666	0.00472	0.00462	0.00676	0.00612	0.00880	0.01040	0.01576	0.00989	0.08720	0.79203	0.00599	0.00981	0.00421	0.00207	0.00335
97	0.01106	0.07697	0.01359	0.06702	0.37753	0.18753	0.02893	0.05779	0.02777	0.06478	0.00778	0.00969	0.00633	0.00413	0.00399	0.02584	0.00491	0.01673	0.00224	0.00539
98	0.01703	0.00669	0.00915	0.00700	0.00998	0.00585	0.01644	0.03977	0.01113	0.81167	0.01488	0.01291	0.00937	0.00472	0.00386	0.00119	0.00333	0.00385	0.00469	0.00651
99	0.00898	0.01018	0.12488	0.03307	0.62781	0.00878	0.01959	0.01189	0.04355	0.01274	0.05525	0.01063	0.00786	0.00378	0.00383	0.00116	0.00451	0.00359	0.00208	0.00584
100	0.00950	0.00677	0.00811	0.00587	0.00920	0.00520	0.00473	0.01117	0.00846	0.15177	0.00821	0.00880	0.00632	0.00316	0.00301	0.00067	0.00291	0.00254	0.00269	0.74093
101	0.05247	0.12760	0.11176	0.00892	0.01175	0.38253	0.00778	0.13716	0.06687	0.04766	0.00747	0.00803	0.00578	0.00402	0.00340	0.00106	0.00539	0.00277	0.00243	0.00515
102	0.00968	0.03518	0.01130	0.09339	0.17568	0.11678	0.04474	0.02519	0.36513	0.01327	0.01251	0.01288	0.05809	0.00467	0.00384	0.00121	0.00417	0.00398	0.00287	0.00545
103	0.00556	0.00377	0.00445	0.00445	0.00454	0.00386	0.00265	0.00574	0.00565	0.00763	0.01184	0.02376	0.01336	0.75407	0.12990	0.00404	0.00459	0.00538	0.00229	0.00247
104	0.00548	0.00410	0.00614	0.00614	0.00681	0.00478	0.00476	0.00683	0.00615	0.00888	0.01029	0.01519	0.00964	0.03976	0.83913	0.00613	0.01018	0.00413	0.00206	0.00341
105	0.00550	0.00405	0.00493	0.00525	0.00602	0.00384	0.00406	0.00659	0.00813	0.01043	0.08955	0.03561	0.25112	0.23023	0.00868	0.00209	0.00299	0.31450	0.00328	0.00314
106	0.07256	0.25085	0.01292	0.00851	0.01088	0.51211	0.00687	0.01429	0.05941	0.01022	0.00631	0.00710	0.00529	0.00382	0.00314	0.00097	0.00564	0.00244	0.00203	0.00465
107	0.00535	0.00387	0.00505	0.00485	0.00571	0.00357	0.00360	0.00705	0.01053	0.01484	0.76016	0.09670	0.04787	0.00821	0.00455	0.00124	0.00184	0.00728	0.00416	0.00357
108	0.00769	0.01983	0.84538	0.01093	0.01659	0.00890	0.01417	0.01214	0.00810	0.01214	0.00688	0.00810	0.00486	0.00364	0.00364	0.00121	0.00567	0.00283	0.00162	0.00567
109	0.01151	0.00858	0.00931	0.00791	0.01036	0.00960	0.00628	0.19506	0.56341	0.11266	0.01417	0.01306	0.01033	0.00502	0.00388	0.00125	0.00332	0.00409	0.00398	0.00622
110	0.00693	0.00470	0.00581	0.00533	0.00660	0.00453	0.00406	0.00979	0.11832	0.08919	0.57304	0.04926	0.09239	0.00748	0.00439	0.00123	0.00212	0.00652	0.00416	0.00416
111	0.83236	0.00753	0.00631	0.00630	0.06407	0.00864	0.00467	0.01130	0.00668	0.01689	0.00547	0.00645	0.00428	0.00355	0.00247	0.00118	0.00307	0.00217	0.00234	0.00428
112	0.01403	0.01184	0.01121	0.00894	0.01171	0.18896	0.02555	0.55315	0.02821	0.05346	0.03588	0.00960	0.00733	0.00453	0.00378	0.00112	0.00469	0.00339	0.00343	0.01922
113	0.00468	0.00349	0.00437	0.00504	0.00552	0.00318	0.00347	0.00546	0.00774	0.01004	0.03774	0.64586	0.21043	0.01140	0.00481	0.00150	0.00218	0.02637	0.00357	0.00316
114	0.01000	0.02849	0.02868	0.01026	0.17510	0.00800	0.00695	0.10364	0.19414	0.06959	0.00964	0.01011	0.00741	0.00383	0.00345	0.00097	0.00350	0.00320	0.00287	0.32016
115	0.01002	0.00713	0.00885	0.00667	0.00963	0.00627	0.04089	0.11937	0.04249	0.13704	0.09516	0.01149	0.00984	0.00401	0.00341	0.00087	0.00312	0.00335	0.02079	0.45959
116	0.01213	0.30014	0.06400	0.00908	0.03079	0.46534	0.00760	0.01345	0.00942	0.00949	0.00589	0.00700	0.00506	0.00430	0.02190	0.00108	0.02439	0.00243	0.00184	0.00469
117	0.00850	0.08899	0.35785	0.01295	0.01742	0.00971	0.40568	0.01200	0.00851	0.01189	0.00748	0.02770	0.00577	0.00360	0.00399	0.00123	0.00584	0.00376	0.00182	0.00531
118	0.00533	0.00392	0.00499	0.00472	0.00567	0.00358	0.00354	0.00704	0.01062	0.01482	0.75056	0.02956	0.12527	0.00805	0.00452	0.00122	0.00182	0.00706	0.00415	0.00358
119	0.00534	0.00389	0.00485	0.00463	0.00546	0.00358	0.00336	0.00681	0.00991	0.01374	0.63514	0.02918	0.13043	0.11939	0.00647	0.00154	0.00207	0.00690	0.00389	0.00340
120	0.01932	0.00564	0.02492	0.00612	0.02523	0.03524	0.00460	0.07685	0.04673	0.02890	0.24454	0.23797	0.17606	0.00853	0.00445	0.00133	0.00265	0.04332	0.00365	0.00396
121	0.00782	0.00775	0.03059	0.62047	0.20156	0.00871	0.04809	0.01038	0.00797	0.01055	0.00694	0.01002	0.00535	0.00371	0.00385	0.00125	0.00506	0.00345	0.00175	0.00472
122	0.74922	0.00773	0.00645	0.00555	0.00803	0.00880	0.00458	0.10132	0.00803	0.06220	0.00629	0.00692	0.00470	0.00374	0.00261	0.00118	0.00312	0.00232	0.00266	0.00454
