[name]
unknown

[dist]
# distance from previous block
# <min> <max>
11	112

[block]
# block no. 0 follows, 73 sequences, length 9
# corresponding to MSA columns:
# 147-155
name=unknown_A
#
# <colnr> <probs for GDERKNQSTAVLIFYWHMCP>
#	G	D	E	R	K	N	Q	S	T	A	V	L	I	F	Y	W	H	M	C	P
0	0.07181	0.12272	0.13821	0.00822	0.01115	0.16405	0.03742	0.17335	0.02299	0.02643	0.02223	0.05494	0.02215	0.00440	0.00360	0.00106	0.02434	0.00332	0.00246	0.08514
1	0.07602	0.02864	0.02143	0.05877	0.01025	0.08465	0.07090	0.06414	0.02052	0.07272	0.03326	0.19264	0.04963	0.00639	0.02423	0.00126	0.02990	0.00494	0.00277	0.14693
2	0.08501	0.06809	0.07049	0.04769	0.01374	0.03529	0.27090	0.07188	0.02310	0.09533	0.03306	0.01019	0.00700	0.00374	0.00363	0.00109	0.00455	0.01660	0.00246	0.13616
3	0.02033	0.08359	0.00906	0.00713	0.00864	0.07150	0.05728	0.11510	0.05398	0.01226	0.06408	0.28251	0.06262	0.02675	0.00498	0.00133	0.06200	0.02769	0.00299	0.02616
4	0.00758	0.00611	0.00708	0.00575	0.00813	0.00526	0.00449	0.11432	0.00904	0.01292	0.01342	0.18332	0.09575	0.00574	0.00356	0.00093	0.00277	0.03199	0.00284	0.47901
5	0.00858	0.00664	0.00786	0.00566	0.00895	0.00505	0.00454	0.01023	0.00804	0.08639	0.00739	0.00822	0.00589	0.00294	0.00287	0.00061	0.00282	0.00236	0.00244	0.81252
6	0.01242	0.00989	0.05543	0.00813	0.01090	0.01015	0.00691	0.65419	0.01586	0.02144	0.11688	0.03965	0.01065	0.00510	0.00386	0.00115	0.00384	0.00403	0.00368	0.00586
7	0.01334	0.01001	0.01126	0.11840	0.01347	0.01121	0.00756	0.72606	0.01633	0.02183	0.00871	0.00914	0.00620	0.00441	0.00375	0.00114	0.00424	0.00337	0.00348	0.00609
8	0.00778	0.00667	0.00778	0.00556	0.00889	0.00500	0.00445	0.00945	0.00778	0.01223	0.00667	0.00778	0.00556	0.00278	0.00278	0.00056	0.00278	0.00222	0.00222	0.89108

[dist]
# distance from previous block
# <min> <max>
1	23

[block]
# block no. 1 follows, 73 sequences, length 6
# corresponding to MSA columns:
# 179-184
name=unknown_B
#
# <colnr> <probs for GDERKNQSTAVLIFYWHMCP>
#	G	D	E	R	K	N	Q	S	T	A	V	L	I	F	Y	W	H	M	C	P
0	0.07780	0.05530	0.04289	0.02193	0.06368	0.00708	0.04843	0.17217	0.00996	0.03049	0.03413	0.08033	0.25820	0.02268	0.02817	0.00138	0.00349	0.02058	0.00300	0.01832
1	0.00754	0.00642	0.00743	0.00562	0.00856	0.00513	0.00443	0.00981	0.07304	0.01223	0.00971	0.06582	0.04583	0.00386	0.00307	0.00071	0.00271	0.00320	0.00249	0.72242
2	0.00511	0.00363	0.00421	0.00435	0.00468	0.00349	0.00275	0.00554	0.00659	0.00863	0.06104	0.17031	0.16202	0.49169	0.04763	0.00283	0.00325	0.00679	0.00278	0.00267
3	0.30258	0.20708	0.16248	0.00702	0.01022	0.03532	0.02749	0.01226	0.00785	0.13653	0.00743	0.02919	0.00577	0.00380	0.00294	0.00107	0.00386	0.00271	0.00237	0.03204
4	0.01072	0.22845	0.23665	0.00854	0.01211	0.08958	0.02731	0.16955	0.04304	0.06604	0.00790	0.00901	0.00613	0.00394	0.00334	0.00105	0.00459	0.02366	0.00240	0.04601
5	0.05265	0.24057	0.14243	0.00732	0.01055	0.09904	0.02915	0.01145	0.00828	0.07292	0.02721	0.04738	0.00695	0.00384	0.00309	0.00092	0.00405	0.00293	0.00221	0.22707

[dist]
# distance from previous block
# <min> <max>
15	56

[block]
# block no. 2 follows, 73 sequences, length 7
# corresponding to MSA columns:
# 244-250
name=unknown_C
#
# <colnr> <probs for GDERKNQSTAVLIFYWHMCP>
#	G	D	E	R	K	N	Q	S	T	A	V	L	I	F	Y	W	H	M	C	P
0	0.03776	0.05665	0.50538	0.07246	0.04352	0.00910	0.15364	0.03263	0.00833	0.03591	0.00705	0.00851	0.00512	0.00354	0.00365	0.00118	0.00534	0.00310	0.00182	0.00534
1	0.00796	0.07363	0.34236	0.03479	0.01193	0.00703	0.02877	0.01060	0.00841	0.10143	0.03624	0.08430	0.05727	0.00613	0.00403	0.00130	0.00418	0.17229	0.00263	0.00472
2	0.01081	0.42839	0.09562	0.00777	0.01073	0.20283	0.00722	0.01377	0.14028	0.03922	0.00742	0.00787	0.00602	0.00374	0.00301	0.00096	0.00459	0.00259	0.00213	0.00501
3	0.47293	0.04037	0.23888	0.00745	0.01084	0.00849	0.06024	0.01208	0.00746	0.10073	0.00678	0.00754	0.00492	0.00360	0.00295	0.00116	0.00392	0.00257	0.00231	0.00480
4	0.00643	0.08970	0.17940	0.04427	0.00988	0.00621	0.05431	0.00870	0.00926	0.01275	0.39505	0.02137	0.10526	0.00626	0.00406	0.00118	0.00323	0.03549	0.00304	0.00414
5	0.01037	0.79681	0.01888	0.00670	0.00980	0.08721	0.00649	0.01156	0.00788	0.00886	0.00527	0.00608	0.00482	0.00327	0.00249	0.00082	0.00425	0.00204	0.00163	0.00477
6	0.00457	0.00326	0.00435	0.00522	0.00544	0.00305	0.00348	0.00522	0.00718	0.00958	0.02068	0.86570	0.02481	0.01175	0.00479	0.00152	0.00218	0.01067	0.00348	0.00305

[dist]
# distance from previous block
# <min> <max>
3	5

[block]
# block no. 3 follows, 73 sequences, length 17
# corresponding to MSA columns:
# 256-272
name=unknown_D
#
# <colnr> <probs for GDERKNQSTAVLIFYWHMCP>
#	G	D	E	R	K	N	Q	S	T	A	V	L	I	F	Y	W	H	M	C	P
0	0.00566	0.00405	0.00553	0.00629	0.00699	0.00398	0.00519	0.00707	0.00826	0.01081	0.04694	0.20420	0.04296	0.05183	0.00573	0.00175	0.00312	0.57291	0.00343	0.00331
1	0.00672	0.01015	0.32823	0.00801	0.01062	0.00634	0.02449	0.00916	0.00714	0.03746	0.00990	0.03882	0.00904	0.07100	0.32710	0.00324	0.02435	0.06186	0.00209	0.00426
2	0.08090	0.05867	0.04185	0.36674	0.10009	0.06902	0.09862	0.01156	0.02044	0.07839	0.00727	0.00932	0.00550	0.00378	0.00388	0.00119	0.03277	0.00323	0.00205	0.00473
3	0.01003	0.87041	0.01966	0.00642	0.00963	0.01485	0.00642	0.01123	0.00762	0.00883	0.00522	0.00602	0.00481	0.00321	0.00241	0.00080	0.00401	0.00201	0.00160	0.00481
4	0.00536	0.00402	0.00603	0.00603	0.00670	0.00469	0.00469	0.00670	0.00603	0.00871	0.01005	0.01474	0.00938	0.02814	0.85328	0.00603	0.01005	0.00402	0.00201	0.00335
5	0.11360	0.05434	0.03394	0.34030	0.06357	0.07347	0.02632	0.01248	0.03216	0.18057	0.02882	0.01010	0.00673	0.00397	0.00351	0.00117	0.00435	0.00325	0.00250	0.00485
6	0.01134	0.03701	0.13873	0.09260	0.07003	0.05277	0.02926	0.18767	0.03707	0.19353	0.03421	0.03354	0.02893	0.00456	0.00386	0.00116	0.01687	0.00371	0.00301	0.02015
7	0.01119	0.28448	0.01318	0.09781	0.03101	0.38359	0.00712	0.04124	0.00928	0.00972	0.00702	0.07459	0.00650	0.00428	0.00324	0.00100	0.00520	0.00309	0.00199	0.00448
8	0.02963	0.11666	0.11767	0.13297	0.01250	0.02487	0.00715	0.01227	0.03815	0.18899	0.02950	0.02434	0.00729	0.00395	0.00350	0.00100	0.02109	0.00311	0.00261	0.22274
9	0.05098	0.08753	0.25417	0.09883	0.08700	0.08524	0.08756	0.06701	0.04095	0.06359	0.00800	0.02727	0.00625	0.00397	0.00359	0.00115	0.00488	0.01463	0.00220	0.00519
10	0.00878	0.06119	0.11150	0.17057	0.17854	0.06685	0.28565	0.01138	0.00834	0.01104	0.00702	0.00956	0.00559	0.02607	0.00441	0.00125	0.02194	0.00355	0.00180	0.00497
11	0.01024	0.82561	0.01919	0.00659	0.00973	0.05889	0.00646	0.01143	0.00778	0.00885	0.00525	0.00606	0.00482	0.00324	0.00246	0.00081	0.00416	0.00203	0.00162	0.00479
12	0.00855	0.00799	0.02214	0.18171	0.01339	0.04224	0.06483	0.01210	0.19103	0.04549	0.02117	0.01235	0.02051	0.05697	0.00738	0.00151	0.26643	0.01722	0.00241	0.00457
13	0.00536	0.00402	0.00603	0.00603	0.00670	0.00469	0.00469	0.00670	0.00603	0.00871	0.01005	0.01474	0.00938	0.02814	0.85328	0.00603	0.01005	0.00402	0.00201	0.00335
14	0.00980	0.48410	0.27857	0.00821	0.01198	0.13017	0.00887	0.01196	0.00814	0.00984	0.00577	0.00672	0.00480	0.00341	0.00291	0.00095	0.00488	0.00230	0.00164	0.00498
15	0.04188	0.08936	0.05095	0.03306	0.00846	0.04964	0.00530	0.05386	0.04594	0.08546	0.03832	0.35632	0.06463	0.00774	0.00405	0.00128	0.00314	0.03541	0.00315	0.02206
16	0.31833	0.08297	0.06465	0.06361	0.02346	0.08303	0.03980	0.06801	0.05938	0.09288	0.00840	0.06540	0.00689	0.00433	0.00320	0.00115	0.00388	0.00328	0.00260	0.00475

[dist]
# distance from previous block
# <min> <max>
6	11

[block]
# block no. 4 follows, 73 sequences, length 25
# corresponding to MSA columns:
# 284-308
name=unknown_E
#
# <colnr> <probs for GDERKNQSTAVLIFYWHMCP>
#	G	D	E	R	K	N	Q	S	T	A	V	L	I	F	Y	W	H	M	C	P
0	0.00686	0.04186	0.05599	0.00930	0.01129	0.00694	0.26132	0.00893	0.00760	0.01066	0.10842	0.01405	0.01079	0.02650	0.36208	0.00329	0.04352	0.00432	0.00218	0.00409
1	0.01688	0.27292	0.25009	0.11159	0.07714	0.06252	0.05579	0.02794	0.03201	0.01099	0.02552	0.00839	0.00587	0.00363	0.00338	0.00106	0.01318	0.00286	0.00184	0.01641
2	0.00922	0.07522	0.54700	0.00999	0.01452	0.10469	0.04937	0.01287	0.03865	0.07017	0.00744	0.00832	0.00539	0.00367	0.00351	0.00112	0.00528	0.00287	0.00195	0.02875
3	0.00595	0.00491	0.00556	0.00624	0.00692	0.07123	0.00486	0.00711	0.00815	0.01029	0.01994	0.40272	0.05937	0.01042	0.00483	0.00156	0.00308	0.36018	0.00335	0.00333
4	0.04778	0.51453	0.05852	0.00731	0.01049	0.04201	0.00692	0.23861	0.01990	0.01350	0.00648	0.00706	0.00529	0.00364	0.00288	0.00094	0.00416	0.00247	0.00226	0.00525
5	0.07103	0.00504	0.00605	0.00548	0.00718	0.00457	0.00420	0.01026	0.03680	0.24263	0.01971	0.27632	0.17436	0.00762	0.00404	0.00125	0.00257	0.02512	0.00361	0.09215
6	0.19421	0.05672	0.05885	0.04350	0.01044	0.00800	0.00620	0.16455	0.01063	0.36547	0.03840	0.01044	0.00786	0.00430	0.00340	0.00114	0.00352	0.00327	0.00351	0.00558
7	0.05354	0.23874	0.29696	0.00837	0.01199	0.00994	0.04170	0.02215	0.13221	0.07509	0.00844	0.00918	0.00646	0.00550	0.06303	0.00144	0.00478	0.00299	0.00226	0.00524
8	0.00684	0.00629	0.01052	0.73872	0.02314	0.00782	0.00961	0.00918	0.00729	0.00946	0.00715	0.01067	0.00562	0.00719	0.12365	0.00192	0.00571	0.00343	0.00172	0.00405
9	0.00761	0.00749	0.01105	0.76617	0.02417	0.07542	0.01004	0.00996	0.00778	0.00960	0.00699	0.01071	0.00548	0.00396	0.00376	0.00124	0.00510	0.02757	0.00174	0.00416
10	0.00841	0.00887	0.13173	0.50013	0.11428	0.00818	0.05724	0.01107	0.00808	0.09036	0.00777	0.01044	0.00580	0.00384	0.00378	0.00123	0.00489	0.01707	0.00200	0.00481
11	0.00612	0.00407	0.00487	0.00455	0.00579	0.00358	0.00345	0.00748	0.00967	0.09949	0.39649	0.05192	0.37210	0.00823	0.00437	0.00122	0.00198	0.00705	0.00389	0.00367
12	0.00994	0.68191	0.08365	0.00702	0.01025	0.05001	0.00700	0.01230	0.08912	0.00976	0.00635	0.00698	0.00546	0.00345	0.00268	0.00089	0.00415	0.00230	0.00183	0.00496
13	0.01085	0.04691	0.14447	0.22433	0.09142	0.01744	0.09214	0.05448	0.00926	0.24940	0.00920	0.01020	0.00644	0.00413	0.01199	0.00122	0.00464	0.00342	0.00265	0.00540
14	0.00803	0.00778	0.01543	0.08797	0.05933	0.00750	0.44967	0.01043	0.00857	0.04999	0.04274	0.16234	0.01127	0.00541	0.00441	0.00132	0.00489	0.05588	0.00246	0.00458
15	0.00470	0.00336	0.00450	0.00537	0.00564	0.00316	0.00370	0.00544	0.00731	0.00972	0.02061	0.79443	0.02453	0.01163	0.00482	0.00154	0.00229	0.08068	0.00348	0.00308
16	0.01281	0.20576	0.01284	0.03777	0.01178	0.62517	0.02096	0.01392	0.00983	0.00916	0.00573	0.00677	0.00485	0.00371	0.00320	0.00094	0.00609	0.00239	0.00185	0.00446
17	0.00845	0.02096	0.25405	0.24857	0.07883	0.00798	0.13125	0.01130	0.00828	0.09492	0.00943	0.04570	0.02745	0.00435	0.00389	0.00124	0.00488	0.03136	0.00217	0.00496
18	0.00741	0.00713	0.01142	0.79337	0.06335	0.03522	0.01037	0.00985	0.00765	0.00970	0.00666	0.00987	0.00504	0.00374	0.00374	0.00123	0.00503	0.00331	0.00168	0.00426
19	0.01003	0.87041	0.01966	0.00642	0.00963	0.01485	0.00642	0.01123	0.00762	0.00883	0.00522	0.00602	0.00481	0.00321	0.00241	0.00080	0.00401	0.00201	0.00160	0.00481
20	0.02617	0.09273	0.14288	0.38394	0.02796	0.03703	0.04191	0.01185	0.00831	0.15233	0.00832	0.01060	0.00621	0.00400	0.00363	0.00118	0.00470	0.02912	0.00224	0.00486
21	0.00564	0.00376	0.00480	0.00513	0.00580	0.00352	0.00368	0.00652	0.00772	0.06468	0.06282	0.42364	0.16636	0.08921	0.06090	0.00194	0.00292	0.07430	0.00338	0.00329
22	0.00560	0.00430	0.00598	0.03143	0.00728	0.00423	0.04248	0.03975	0.03635	0.01089	0.06847	0.56349	0.04055	0.03739	0.00513	0.00154	0.00270	0.08562	0.00338	0.00345
23	0.11316	0.00948	0.07065	0.27655	0.16738	0.09047	0.07679	0.05409	0.00850	0.01201	0.00744	0.03894	0.00624	0.00415	0.00389	0.00121	0.02885	0.02342	0.00203	0.00472
24	0.12683	0.06191	0.02800	0.20822	0.05532	0.22793	0.10917	0.06280	0.01743	0.04041	0.00692	0.00869	0.00540	0.00375	0.00347	0.00112	0.00510	0.01018	0.00213	0.01525

[dist]
# distance from previous block
# <min> <max>
12	35

[block]
# block no. 5 follows, 73 sequences, length 11
# corresponding to MSA columns:
# 347-357
name=unknown_F
#
# <colnr> <probs for GDERKNQSTAVLIFYWHMCP>
#	G	D	E	R	K	N	Q	S	T	A	V	L	I	F	Y	W	H	M	C	P
0	0.00785	0.00690	0.00873	0.00624	0.00960	0.00530	0.05915	0.00962	0.00785	0.01221	0.00673	0.00793	0.00557	0.00280	0.00289	0.00060	0.00301	0.00237	0.00220	0.83245
1	0.00719	0.00577	0.00684	0.09251	0.02043	0.00609	0.00503	0.11340	0.15843	0.01357	0.18054	0.04676	0.22283	0.07324	0.00532	0.00143	0.00289	0.03013	0.00340	0.00422
2	0.00916	0.01032	0.01857	0.12281	0.01880	0.09619	0.57557	0.01230	0.04897	0.01150	0.00758	0.00989	0.00577	0.00351	0.00445	0.00124	0.03249	0.00404	0.00196	0.00489
3	0.00721	0.00661	0.01073	0.61084	0.05762	0.00766	0.03594	0.03214	0.00824	0.01089	0.09376	0.01248	0.03378	0.00426	0.00381	0.00120	0.00445	0.00381	0.00208	0.05251
4	0.09899	0.00684	0.01057	0.67484	0.04822	0.00828	0.00941	0.01058	0.03942	0.04759	0.00722	0.00985	0.00537	0.00380	0.00361	0.00123	0.00461	0.00325	0.00195	0.00438
5	0.00716	0.00677	0.01127	0.80069	0.02474	0.00855	0.01027	0.00955	0.00738	0.00955	0.00655	0.00988	0.00500	0.00394	0.00434	0.00128	0.06392	0.00333	0.00167	0.00416
6	0.00713	0.00667	0.01122	0.79780	0.05568	0.00821	0.01030	0.00959	0.00758	0.00974	0.00715	0.01112	0.00562	0.00397	0.00380	0.00126	0.00493	0.03227	0.00174	0.00421
7	0.00854	0.00883	0.01173	0.57514	0.13947	0.14306	0.00999	0.01070	0.00809	0.00988	0.00652	0.00932	0.00511	0.00381	0.00399	0.00120	0.03525	0.00319	0.00174	0.00445
8	0.00838	0.01772	0.03243	0.20825	0.01403	0.03597	0.11464	0.06699	0.06812	0.05249	0.01164	0.05413	0.08089	0.07287	0.00551	0.00138	0.05209	0.00431	0.00250	0.09568
9	0.00815	0.03601	0.05532	0.09780	0.09893	0.00800	0.19344	0.01076	0.05896	0.05984	0.00886	0.02347	0.00741	0.03019	0.20874	0.00246	0.08098	0.00390	0.00216	0.00462
10	0.00772	0.21502	0.08028	0.04662	0.09616	0.00875	0.05158	0.00946	0.00710	0.02449	0.00781	0.01076	0.00693	0.02599	0.32656	0.00300	0.06222	0.00333	0.00187	0.00436

[dist]
# distance from previous block
# <min> <max>
1	19

[block]
# block no. 6 follows, 73 sequences, length 50
# corresponding to MSA columns:
# 377-426
name=unknown_G
#
# <colnr> <probs for GDERKNQSTAVLIFYWHMCP>
#	G	D	E	R	K	N	Q	S	T	A	V	L	I	F	Y	W	H	M	C	P
0	0.04400	0.42808	0.16742	0.00674	0.00956	0.01033	0.00679	0.02355	0.00753	0.03313	0.00838	0.09987	0.00827	0.12561	0.00527	0.00138	0.00398	0.00362	0.00204	0.00445
1	0.02847	0.07995	0.11744	0.00693	0.00920	0.06971	0.00637	0.05394	0.00941	0.16517	0.06736	0.06410	0.11502	0.01874	0.00425	0.00130	0.00364	0.17127	0.00318	0.00454
2	0.05632	0.50247	0.25785	0.00760	0.01125	0.04560	0.00830	0.01130	0.00772	0.01017	0.01586	0.00753	0.00544	0.03467	0.00340	0.00105	0.00447	0.00243	0.00170	0.00486
3	0.00828	0.13664	0.11742	0.00703	0.00915	0.03780	0.00618	0.00933	0.00950	0.02007	0.10259	0.02660	0.35878	0.05078	0.00569	0.00163	0.02757	0.05679	0.00341	0.00475
4	0.00965	0.74275	0.14402	0.00706	0.01062	0.01393	0.00754	0.01133	0.00767	0.00929	0.00544	0.00630	0.00481	0.00326	0.00258	0.00086	0.00424	0.00212	0.00160	0.00492
5	0.10302	0.00645	0.00736	0.00556	0.00852	0.00526	0.00442	0.01006	0.00784	0.08400	0.00826	0.07223	0.00716	0.00368	0.00297	0.00074	0.00278	0.00297	0.00253	0.65418
6	0.03673	0.00461	0.04648	0.00547	0.00619	0.00401	0.00405	0.00696	0.03850	0.04319	0.01730	0.54014	0.01975	0.17291	0.00729	0.00188	0.00276	0.03529	0.00318	0.00332
7	0.01143	0.04107	0.02139	0.05057	0.01111	0.22818	0.04809	0.04937	0.14579	0.17361	0.01080	0.01312	0.00865	0.03761	0.06444	0.00160	0.01760	0.05767	0.00293	0.00494
8	0.00883	0.05941	0.59079	0.01044	0.01499	0.16230	0.05410	0.01228	0.00840	0.01116	0.00662	0.00792	0.00495	0.00425	0.02676	0.00127	0.00586	0.00279	0.00168	0.00521
9	0.00753	0.01640	0.67617	0.00967	0.01439	0.00787	0.01194	0.01126	0.00784	0.04188	0.00851	0.00984	0.03574	0.00642	0.09433	0.00169	0.00574	0.00311	0.00183	0.02784
10	0.00481	0.00349	0.00455	0.00531	0.00573	0.00327	0.00379	0.00564	0.00750	0.00983	0.02207	0.62917	0.10736	0.03512	0.00521	0.00159	0.00239	0.13661	0.00344	0.00310
11	0.03463	0.00945	0.00976	0.00806	0.01061	0.04095	0.00647	0.39035	0.37909	0.05227	0.01179	0.01121	0.00862	0.00472	0.00373	0.00119	0.00364	0.00371	0.00371	0.00605
12	0.00463	0.00332	0.00448	0.00528	0.00554	0.00317	0.00357	0.00533	0.00710	0.00951	0.01988	0.80202	0.02366	0.01298	0.06828	0.00186	0.00277	0.01017	0.00337	0.00307
13	0.00866	0.10927	0.67467	0.00991	0.01491	0.03195	0.01226	0.01238	0.00817	0.07400	0.00715	0.00805	0.00510	0.00362	0.00345	0.00114	0.00524	0.00276	0.00182	0.00550
14	0.01342	0.01065	0.12375	0.00896	0.01232	0.00960	0.06929	0.45030	0.03537	0.21268	0.01011	0.00995	0.00692	0.00433	0.00378	0.00116	0.00423	0.00349	0.00353	0.00616
15	0.00456	0.00329	0.00433	0.00515	0.00542	0.00305	0.00345	0.00523	0.00725	0.00961	0.02156	0.82332	0.06663	0.01164	0.00477	0.00151	0.00216	0.01053	0.00348	0.00305
16	0.05363	0.00778	0.00908	0.00713	0.00987	0.00784	0.00584	0.30297	0.06086	0.41012	0.01410	0.01297	0.07056	0.00493	0.00375	0.00116	0.00340	0.00389	0.00409	0.00601
17	0.01069	0.59801	0.09568	0.00755	0.01070	0.20332	0.00731	0.01214	0.00833	0.00919	0.00549	0.00637	0.00481	0.00339	0.00274	0.00088	0.00478	0.00217	0.00168	0.00478
18	0.00637	0.00410	0.00518	0.00475	0.00593	0.00368	0.00362	0.00795	0.01023	0.10298	0.59943	0.02795	0.18811	0.00770	0.00436	0.00119	0.00195	0.00668	0.00406	0.00377
19	0.00923	0.00876	0.01440	0.04309	0.73432	0.00894	0.01089	0.01236	0.09709	0.01255	0.00792	0.00981	0.00651	0.00354	0.00373	0.00113	0.00431	0.00344	0.00206	0.00590
20	0.01679	0.00645	0.00875	0.00671	0.00961	0.00561	0.00554	0.03122	0.01085	0.83426	0.01471	0.01271	0.00924	0.00464	0.00377	0.00116	0.00321	0.00377	0.00463	0.00638
21	0.02497	0.03199	0.06158	0.00754	0.01042	0.16402	0.03687	0.11039	0.05090	0.08432	0.03876	0.03332	0.01461	0.00403	0.00337	0.00092	0.00400	0.00318	0.00269	0.31212
22	0.01412	0.01081	0.01115	0.00866	0.01158	0.05317	0.00710	0.76966	0.03968	0.02271	0.00902	0.00903	0.00644	0.00449	0.00374	0.00112	0.00423	0.00335	0.00366	0.00627
23	0.00495	0.00382	0.00486	0.00490	0.00575	0.00377	0.00367	0.00612	0.00779	0.01033	0.16167	0.11347	0.30628	0.03827	0.30364	0.00302	0.00482	0.00658	0.00304	0.00326
24	0.01049	0.00718	0.00890	0.04611	0.01031	0.00734	0.04010	0.17857	0.19234	0.16850	0.01328	0.17700	0.01142	0.00578	0.00389	0.00119	0.00330	0.00497	0.00353	0.10580
25	0.00808	0.10970	0.71683	0.01025	0.01543	0.00930	0.03260	0.01199	0.00799	0.03479	0.00682	0.00791	0.00491	0.00355	0.00347	0.00115	0.00533	0.00276	0.00168	0.00548
26	0.00652	0.00326	0.00489	0.00489	0.00489	0.00326	0.00326	0.00489	0.00489	0.00652	0.00652	0.01140	0.00652	0.01303	0.01466	0.89084	0.00326	0.00326	0.00163	0.00163
27	0.00463	0.00381	0.00407	0.00401	0.00519	0.00325	0.00301	0.00576	0.00902	0.01124	0.21835	0.03430	0.66220	0.00909	0.00443	0.00125	0.00187	0.00766	0.00363	0.00325
28	0.00901	0.00662	0.00758	0.00674	0.00848	0.00713	0.01926	0.14143	0.32377	0.06868	0.11114	0.16972	0.02536	0.00645	0.00398	0.00125	0.00284	0.00553	0.07004	0.00500
29	0.00876	0.00946	0.01954	0.01507	0.07927	0.00901	0.65552	0.03420	0.02920	0.01256	0.04953	0.01223	0.00794	0.00376	0.00437	0.00126	0.00571	0.03539	0.00216	0.00505
30	0.00824	0.00706	0.00939	0.00677	0.01008	0.00563	0.09283	0.01020	0.02158	0.04178	0.00718	0.00831	0.00579	0.00296	0.00310	0.00068	0.01154	0.00256	0.00229	0.74201
31	0.01285	0.01155	0.01091	0.01016	0.10005	0.34545	0.06849	0.06100	0.01052	0.21719	0.04040	0.01120	0.05046	0.00438	0.00369	0.00107	0.00492	0.00349	0.00286	0.02936
32	0.00531	0.00383	0.00501	0.00472	0.00560	0.00354	0.00354	0.00708	0.01062	0.01504	0.84277	0.02802	0.03540	0.00767	0.00442	0.00118	0.00177	0.00678	0.00413	0.00354
33	0.02165	0.00865	0.01024	0.00814	0.01065	0.02947	0.02903	0.29935	0.13715	0.29777	0.01132	0.01089	0.00789	0.00479	0.00467	0.00121	0.09380	0.00362	0.00373	0.00597
34	0.00762	0.09908	0.01231	0.67531	0.08569	0.00905	0.00989	0.01015	0.02800	0.00990	0.00681	0.00966	0.00526	0.00370	0.00360	0.00119	0.00477	0.00322	0.01039	0.00441
35	0.05522	0.00887	0.00938	0.00784	0.01033	0.01001	0.00628	0.32265	0.46054	0.04898	0.01242	0.01170	0.00912	0.00478	0.00372	0.00121	0.00341	0.00379	0.00375	0.00603
36	0.00443	0.00380	0.00380	0.00380	0.00507	0.00317	0.00285	0.00538	0.00855	0.01014	0.03801	0.03611	0.84322	0.00950	0.00443	0.00127	0.00190	0.00792	0.00348	0.00317
37	0.01508	0.00636	0.00837	0.01809	0.00930	0.00578	0.00532	0.07908	0.01060	0.66862	0.01403	0.02835	0.00974	0.09696	0.00542	0.00143	0.00332	0.00403	0.00426	0.00586
38	0.00720	0.00662	0.01061	0.64386	0.05163	0.00813	0.00941	0.01022	0.07861	0.01010	0.00774	0.01078	0.00605	0.00652	0.09469	0.00177	0.02638	0.00348	0.00189	0.00429
39	0.00767	0.01838	0.75746	0.01126	0.01661	0.00880	0.10408	0.01190	0.00802	0.01190	0.00683	0.00816	0.00486	0.00352	0.00366	0.00120	0.00563	0.00296	0.00162	0.00549
40	0.00484	0.00339	0.00427	0.00486	0.00502	0.00323	0.00310	0.00530	0.00667	0.00888	0.01819	0.59768	0.03176	0.27391	0.00916	0.00217	0.00262	0.00904	0.00311	0.00281
41	0.00887	0.00869	0.01522	0.14001	0.59938	0.00902	0.09872	0.01117	0.00829	0.01169	0.00695	0.00942	0.00573	0.00354	0.00422	0.00118	0.04710	0.00345	0.00182	0.00551
42	0.01272	0.01088	0.01191	0.05139	0.01283	0.12974	0.09509	0.51443	0.04575	0.02672	0.00908	0.04569	0.00703	0.00457	0.00382	0.00115	0.00464	0.00370	0.00319	0.00568
43	0.00546	0.00364	0.00409	0.00409	0.00409	0.00364	0.00227	0.00546	0.00546	0.00727	0.01182	0.02455	0.01364	0.86815	0.01910	0.00364	0.00364	0.00546	0.00227	0.00227
44	0.00461	0.00329	0.00433	0.00515	0.00537	0.00308	0.00341	0.00524	0.00711	0.00947	0.02045	0.81357	0.03437	0.05437	0.00550	0.00163	0.00225	0.01037	0.00342	0.00301
45	0.00463	0.00337	0.00433	0.00501	0.00538	0.00311	0.00339	0.00536	0.00749	0.00991	0.07220	0.70352	0.11255	0.03441	0.00512	0.00153	0.00216	0.01000	0.00349	0.00307
46	0.00752	0.01941	0.84871	0.01069	0.01624	0.00871	0.01386	0.01188	0.00792	0.01188	0.00673	0.00792	0.00475	0.00356	0.00356	0.00119	0.00554	0.00277	0.00158	0.00554
47	0.00544	0.00394	0.00563	0.00563	0.00620	0.00448	0.00423	0.00658	0.00601	0.00868	0.01041	0.01625	0.01006	0.15931	0.68993	0.00546	0.00873	0.00423	0.03563	0.00319
48	0.00902	0.00821	0.00963	0.00826	0.01044	0.03945	0.09385	0.01755	0.63500	0.01487	0.07664	0.01497	0.03486	0.00515	0.00393	0.00125	0.00335	0.00448	0.00356	0.00553
49	0.01014	0.82361	0.03446	0.00658	0.00982	0.01462	0.00658	0.04112	0.00799	0.00942	0.00538	0.00616	0.00487	0.00326	0.00248	0.00082	0.00404	0.00207	0.00168	0.00488

[dist]
# distance from previous block
# <min> <max>
0	1

[block]
# block no. 7 follows, 73 sequences, length 79
# corresponding to MSA columns:
# 428-506
name=unknown_H
#
# <colnr> <probs for GDERKNQSTAVLIFYWHMCP>
#	G	D	E	R	K	N	Q	S	T	A	V	L	I	F	Y	W	H	M	C	P
0	0.01162	0.01253	0.03853	0.01995	0.15882	0.35656	0.05801	0.08864	0.09038	0.04455	0.00794	0.00922	0.00632	0.01362	0.02809	0.03931	0.00544	0.00315	0.00235	0.00497
1	0.89465	0.00726	0.00551	0.00493	0.00726	0.00842	0.00406	0.01103	0.00638	0.01683	0.00522	0.00609	0.00406	0.00348	0.00232	0.00116	0.00290	0.00203	0.00232	0.00406
2	0.00759	0.05580	0.03589	0.58969	0.12311	0.00876	0.05242	0.01000	0.00778	0.01023	0.03566	0.01022	0.00619	0.00385	0.00396	0.00122	0.02795	0.00342	0.00178	0.00448
3	0.01388	0.01023	0.01099	0.00850	0.01139	0.01130	0.00699	0.79992	0.01723	0.02309	0.00946	0.04249	0.00710	0.00479	0.00379	0.00114	0.00405	0.00366	0.00374	0.00625
4	0.00527	0.00384	0.00500	0.00473	0.00563	0.00357	0.00356	0.00698	0.01031	0.01452	0.76562	0.02782	0.07371	0.00869	0.04297	0.00140	0.00215	0.00671	0.00400	0.00351
5	0.00536	0.00402	0.00603	0.00603	0.00670	0.00469	0.00469	0.00670	0.00603	0.00871	0.01005	0.01474	0.00938	0.02814	0.85328	0.00603	0.01005	0.00402	0.00201	0.00335
6	0.89465	0.00726	0.00551	0.00493	0.00726	0.00842	0.00406	0.01103	0.00638	0.01683	0.00522	0.00609	0.00406	0.00348	0.00232	0.00116	0.00290	0.00203	0.00232	0.00406
7	0.01464	0.00891	0.00935	0.00753	0.01016	0.13398	0.00607	0.12704	0.10099	0.46282	0.01211	0.01116	0.00819	0.00453	0.00391	0.00113	0.02696	0.00349	0.00384	0.04321
8	0.00763	0.00723	0.01224	0.65047	0.23021	0.00848	0.01069	0.01007	0.00776	0.01025	0.00677	0.00982	0.00524	0.00365	0.00374	0.00122	0.00487	0.00334	0.00171	0.00461
9	0.00457	0.00384	0.00399	0.00406	0.00529	0.00326	0.00312	0.00558	0.00856	0.01023	0.03648	0.03663	0.77430	0.00957	0.00450	0.00131	0.00203	0.07599	0.00348	0.00319
10	0.00730	0.00681	0.01121	0.71497	0.09349	0.00825	0.01004	0.01013	0.05038	0.01013	0.00763	0.03985	0.00610	0.00406	0.00379	0.00125	0.00475	0.00364	0.00186	0.00437
11	0.00887	0.05228	0.06638	0.00720	0.00934	0.00811	0.00605	0.03395	0.47445	0.06800	0.06786	0.08743	0.05010	0.00592	0.00402	0.00126	0.01478	0.02517	0.00354	0.00529
12	0.00469	0.00335	0.00449	0.00536	0.00563	0.00315	0.00369	0.00543	0.00730	0.00971	0.02061	0.79887	0.02455	0.01164	0.00482	0.00154	0.00228	0.07632	0.00348	0.00308
13	0.89465	0.00726	0.00551	0.00493	0.00726	0.00842	0.00406	0.01103	0.00638	0.01683	0.00522	0.00609	0.00406	0.00348	0.00232	0.00116	0.00290	0.00203	0.00232	0.00406
14	0.00794	0.01817	0.77146	0.01041	0.01565	0.00841	0.02420	0.01203	0.00806	0.05488	0.00754	0.03134	0.00554	0.00384	0.00362	0.00120	0.00534	0.00306	0.00180	0.00551
15	0.00618	0.00560	0.04941	0.00648	0.03620	0.02743	0.01289	0.04231	0.02418	0.01275	0.30176	0.16128	0.13365	0.00837	0.00449	0.00134	0.00275	0.15565	0.00351	0.00378
16	0.01401	0.01788	0.01063	0.00967	0.01160	0.85309	0.00725	0.01498	0.01063	0.00918	0.00580	0.00677	0.00483	0.00387	0.00338	0.00097	0.00677	0.00242	0.00193	0.00435
17	0.01341	0.00869	0.00980	0.00777	0.01037	0.00924	0.00631	0.55816	0.01483	0.18199	0.01177	0.12954	0.00952	0.00554	0.00390	0.00119	0.00367	0.00447	0.00389	0.00592
18	0.00770	0.01937	0.82610	0.01067	0.01611	0.03149	0.01368	0.01197	0.00799	0.01181	0.00671	0.00789	0.00475	0.00357	0.00356	0.00118	0.00558	0.00276	0.00159	0.00551
19	0.01353	0.00995	0.01079	0.00841	0.01122	0.01103	0.00691	0.74103	0.04527	0.03096	0.00935	0.00960	0.00678	0.00609	0.05987	0.00146	0.00447	0.00345	0.00365	0.00616
20	0.00457	0.00326	0.00435	0.00522	0.00544	0.00305	0.00348	0.00522	0.00718	0.00958	0.02068	0.86570	0.02481	0.01175	0.00479	0.00152	0.00218	0.01067	0.00348	0.00305
21	0.00779	0.14896	0.67823	0.00973	0.01468	0.00939	0.01219	0.01153	0.00801	0.01158	0.04958	0.00867	0.00634	0.00372	0.00343	0.00113	0.00512	0.00286	0.00172	0.00533
22	0.00522	0.00383	0.00488	0.00462	0.00555	0.00350	0.00347	0.00690	0.01040	0.01451	0.75587	0.02890	0.12263	0.00787	0.00443	0.00119	0.00178	0.00691	0.00406	0.00350
23	0.01374	0.01310	0.01075	0.00891	0.01141	0.33495	0.00704	0.45503	0.06825	0.01737	0.00822	0.00866	0.00620	0.01477	0.00380	0.00110	0.00506	0.00309	0.00304	0.00552
24	0.00537	0.00398	0.00581	0.00581	0.00640	0.00457	0.00441	0.00656	0.00596	0.00854	0.01025	0.01587	0.00987	0.12485	0.75724	0.00575	0.00931	0.00419	0.00204	0.00323
25	0.01729	0.03675	0.02667	0.35123	0.12060	0.09222	0.06055	0.06675	0.05057	0.03958	0.03527	0.02154	0.02537	0.00474	0.02326	0.00130	0.01571	0.00363	0.00223	0.00474
26	0.00836	0.08053	0.01218	0.00956	0.00983	0.01177	0.00806	0.00921	0.00590	0.00901	0.00495	0.00802	0.00492	0.00628	0.01148	0.00157	0.78937	0.00318	0.00164	0.00416
27	0.00457	0.00328	0.00434	0.00518	0.00543	0.00305	0.00346	0.00523	0.00722	0.00959	0.02120	0.84088	0.04930	0.01169	0.00478	0.00152	0.00217	0.01058	0.00348	0.00305
28	0.01256	0.00590	0.00761	0.00636	0.00851	0.00545	0.00508	0.08984	0.02840	0.48180	0.07863	0.15897	0.05194	0.00649	0.00407	0.00125	0.00295	0.03463	0.00421	0.00535
29	0.00880	0.17991	0.53794	0.00961	0.01398	0.08175	0.01124	0.02086	0.02707	0.01976	0.00657	0.00768	0.00500	0.00374	0.00381	0.00112	0.05150	0.00267	0.00173	0.00525
30	0.01386	0.01008	0.01088	0.00843	0.01131	0.01111	0.00693	0.76535	0.03147	0.04350	0.00972	0.04267	0.00726	0.00480	0.00380	0.00114	0.00401	0.00369	0.00377	0.00624
31	0.00903	0.00865	0.01476	0.12135	0.74845	0.00885	0.01139	0.01129	0.00842	0.01194	0.00701	0.00937	0.00583	0.00339	0.00372	0.00113	0.00452	0.00334	0.00183	0.00573
32	0.01613	0.00657	0.00875	0.00668	0.00962	0.00573	0.00551	0.05145	0.01083	0.75834	0.01403	0.01229	0.00892	0.00452	0.00371	0.00112	0.00320	0.00365	0.00445	0.06449
33	0.00458	0.00381	0.00400	0.00395	0.00516	0.00323	0.00296	0.00566	0.00889	0.01094	0.16969	0.03478	0.71104	0.00920	0.00443	0.00125	0.00188	0.00773	0.00359	0.00323
34	0.00457	0.00326	0.00435	0.00522	0.00544	0.00305	0.00348	0.00522	0.00718	0.00958	0.02068	0.86570	0.02481	0.01175	0.00479	0.00152	0.00218	0.01067	0.00348	0.00305
35	0.01645	0.00651	0.00874	0.00672	0.00958	0.00575	0.00554	0.05478	0.01105	0.79114	0.03346	0.01295	0.00975	0.00471	0.00379	0.00116	0.00320	0.00382	0.00459	0.00632
36	0.00526	0.04023	0.00562	0.02673	0.00639	0.00426	0.00407	0.00607	0.00708	0.00938	0.01821	0.51643	0.06083	0.10737	0.06465	0.00204	0.03294	0.07624	0.00306	0.00316
37	0.00546	0.00364	0.00409	0.00409	0.00409	0.00364	0.00227	0.00546	0.00546	0.00727	0.01182	0.02455	0.01364	0.86815	0.01910	0.00364	0.00364	0.00546	0.00227	0.00227
38	0.00457	0.00326	0.00435	0.00522	0.00544	0.00305	0.00348	0.00522	0.00718	0.00958	0.02068	0.86570	0.02481	0.01175	0.00479	0.00152	0.00218	0.01067	0.00348	0.00305
39	0.01309	0.00606	0.00795	0.04222	0.00943	0.00563	0.00535	0.05214	0.05528	0.53155	0.10189	0.03811	0.08222	0.00567	0.00396	0.00120	0.00303	0.02546	0.00422	0.00555
40	0.00982	0.05249	0.01160	0.02892	0.27508	0.02342	0.04230	0.06507	0.24536	0.08573	0.03679	0.03540	0.02497	0.02650	0.01885	0.00132	0.00390	0.00405	0.00292	0.00551
41	0.01148	0.00628	0.00705	0.00578	0.00777	0.00642	0.00465	0.25890	0.01148	0.21131	0.01186	0.01220	0.00857	0.00447	0.00323	0.00102	0.00280	0.00353	0.41616	0.00504
42	0.00778	0.00667	0.00778	0.00556	0.00889	0.00500	0.00445	0.00945	0.00778	0.01223	0.00667	0.00778	0.00556	0.00278	0.00278	0.00056	0.00278	0.00222	0.00222	0.89108
43	0.01833	0.04194	0.50872	0.00975	0.01423	0.00901	0.04515	0.12593	0.06803	0.11047	0.00855	0.00907	0.00601	0.00390	0.00362	0.00117	0.00486	0.00311	0.00241	0.00573
44	0.00781	0.04757	0.69800	0.01130	0.01651	0.00904	0.13416	0.01188	0.00805	0.01180	0.00681	0.00818	0.00489	0.00349	0.00365	0.00119	0.00561	0.00299	0.00163	0.00545
45	0.00565	0.00417	0.00550	0.00609	0.00704	0.00402	0.00518	0.00722	0.00878	0.01131	0.08973	0.03989	0.19232	0.00997	0.00497	0.00159	0.00300	0.58665	0.00351	0.00340
46	0.00458	0.00330	0.00432	0.00514	0.00540	0.00306	0.00343	0.00524	0.00721	0.00956	0.02129	0.81098	0.06175	0.02902	0.00506	0.00155	0.00219	0.01044	0.00346	0.00304
47	0.00914	0.00875	0.01477	0.07484	0.71645	0.00892	0.03562	0.01193	0.05985	0.01229	0.00756	0.00965	0.00622	0.00347	0.00374	0.00114	0.00446	0.00343	0.00197	0.00580
48	0.00445	0.00374	0.00386	0.00396	0.00511	0.00315	0.00292	0.00537	0.00840	0.01007	0.03608	0.12858	0.75200	0.00975	0.00447	0.00130	0.00193	0.00822	0.00348	0.00315
49	0.00546	0.00364	0.00409	0.00409	0.00409	0.00364	0.00227	0.00546	0.00546	0.00727	0.01182	0.02455	0.01364	0.86815	0.01910	0.00364	0.00364	0.00546	0.00227	0.00227
50	0.01003	0.87041	0.01966	0.00642	0.00963	0.01485	0.00642	0.01123	0.00762	0.00883	0.00522	0.00602	0.00481	0.00321	0.00241	0.00080	0.00401	0.00201	0.00160	0.00481
51	0.00670	0.00558	0.04962	0.01827	0.00766	0.01856	0.04200	0.00882	0.06063	0.08563	0.28501	0.16711	0.20558	0.00784	0.00433	0.00127	0.00262	0.01523	0.00359	0.00397
52	0.00531	0.00383	0.00501	0.00472	0.00560	0.00354	0.00354	0.00708	0.01062	0.01504	0.84277	0.02802	0.03540	0.00767	0.00442	0.00118	0.00177	0.00678	0.00413	0.00354
53	0.01679	0.00646	0.00875	0.00671	0.00961	0.00562	0.00554	0.03273	0.01086	0.83272	0.01470	0.01270	0.00924	0.00464	0.00377	0.00116	0.00321	0.00377	0.00463	0.00638
54	0.00597	0.00429	0.00594	0.00677	0.00765	0.00427	0.00590	0.00766	0.00863	0.01118	0.02069	0.04204	0.05890	0.01032	0.00515	0.00171	0.00338	0.78264	0.00346	0.00344
55	0.00810	0.15463	0.62809	0.01001	0.01488	0.00977	0.04408	0.01232	0.06274	0.01165	0.00709	0.00810	0.00524	0.00359	0.00343	0.00113	0.00516	0.00281	0.00175	0.00543
56	0.01461	0.00608	0.00804	0.00638	0.00891	0.00546	0.00519	0.01671	0.06524	0.66203	0.10677	0.01460	0.01235	0.00500	0.00380	0.00116	0.00295	0.00413	0.04469	0.00591
57	0.00791	0.00664	0.00722	0.00658	0.00832	0.00736	0.00508	0.01549	0.56098	0.01505	0.22155	0.01940	0.09030	0.00611	0.00402	0.00125	0.00258	0.00519	0.00387	0.00510
58	0.00766	0.01578	0.57513	0.01190	0.06730	0.00844	0.16508	0.01140	0.00819	0.01181	0.00917	0.01078	0.06063	0.00397	0.00382	0.00121	0.00535	0.01531	0.00181	0.00529
59	0.00531	0.00383	0.00484	0.00540	0.00586	0.00370	0.00373	0.05997	0.00790	0.01048	0.02015	0.69867	0.05734	0.05526	0.00546	0.00160	0.00242	0.04141	0.00344	0.00325
60	0.00809	0.00806	0.01177	0.00988	0.01029	0.01075	0.06224	0.00912	0.00605	0.00933	0.00543	0.00865	0.00523	0.00731	0.05476	0.00180	0.72739	0.00336	0.00170	0.03879
61	0.00536	0.00402	0.00603	0.00603	0.00670	0.00469	0.00469	0.00670	0.00603	0.00871	0.01005	0.01474	0.00938	0.02814	0.85328	0.00603	0.01005	0.00402	0.00201	0.00335
62	0.00820	0.00692	0.00800	0.00576	0.00907	0.00543	0.00462	0.06264	0.00842	0.01296	0.00682	0.00786	0.00561	0.00289	0.00284	0.00059	0.00287	0.00230	0.00232	0.83389
63	0.01048	0.45731	0.16684	0.00805	0.01128	0.22421	0.00793	0.01252	0.03723	0.00971	0.00607	0.00698	0.00512	0.00393	0.01734	0.00102	0.00505	0.00236	0.00177	0.00484
64	0.00536	0.00402	0.00603	0.00603	0.00670	0.00469	0.00469	0.00670	0.00603	0.00871	0.01005	0.01474	0.00938	0.02814	0.85328	0.00603	0.01005	0.00402	0.00201	0.00335
65	0.07185	0.00936	0.05298	0.00783	0.01077	0.00938	0.00667	0.42223	0.12068	0.21224	0.01866	0.01044	0.00774	0.00450	0.00365	0.00115	0.00371	0.00348	0.00374	0.01894
66	0.00882	0.00948	0.01654	0.33143	0.02085	0.08199	0.41217	0.03979	0.00876	0.01122	0.00710	0.00972	0.00537	0.00354	0.00417	0.00123	0.01746	0.00379	0.00188	0.00470
67	0.00443	0.00380	0.00380	0.00380	0.00507	0.00317	0.00285	0.00538	0.00855	0.01014	0.03801	0.03611	0.84322	0.00950	0.00443	0.00127	0.00190	0.00792	0.00348	0.00317
68	0.00821	0.00821	0.01149	0.00985	0.00985	0.01149	0.00821	0.00903	0.00575	0.00903	0.00492	0.00821	0.00492	0.00657	0.01231	0.00164	0.86128	0.00328	0.00164	0.00410
69	0.01260	0.00983	0.01307	0.00983	0.01290	0.01034	0.18182	0.56120	0.01471	0.05416	0.00929	0.04160	0.00702	0.00443	0.00390	0.00115	0.00443	0.00385	0.00333	0.04055
70	0.00777	0.06800	0.74137	0.01081	0.01610	0.00912	0.07212	0.01185	0.00797	0.01171	0.00671	0.00797	0.00482	0.00352	0.00356	0.00117	0.00551	0.00285	0.00161	0.00547
71	0.00459	0.00381	0.00401	0.00396	0.00516	0.00323	0.00297	0.00568	0.00891	0.01098	0.17699	0.03471	0.70371	0.00919	0.00443	0.00125	0.00188	0.00772	0.00360	0.00323
72	0.00821	0.00821	0.01149	0.00985	0.00985	0.01149	0.00821	0.00903	0.00575	0.00903	0.00492	0.00821	0.00492	0.00657	0.01231	0.00164	0.86128	0.00328	0.00164	0.00410
73	0.00552	0.00388	0.00508	0.00476	0.00568	0.00358	0.00358	0.00729	0.01062	0.03053	0.82736	0.02774	0.03491	0.00761	0.00441	0.00118	0.00180	0.00673	0.00414	0.00359
74	0.00709	0.00667	0.01125	0.85913	0.02584	0.00834	0.01042	0.00959	0.00750	0.00959	0.00667	0.01000	0.00500	0.00375	0.00375	0.00125	0.00500	0.00333	0.00167	0.00417
75	0.00448	0.00380	0.00386	0.00385	0.00510	0.00319	0.00289	0.00547	0.00866	0.01039	0.07948	0.03569	0.80159	0.00941	0.00443	0.00126	0.00189	0.00786	0.00352	0.00319
76	0.01092	0.00817	0.00888	0.00737	0.00967	0.00893	0.00589	0.37682	0.26606	0.05574	0.08395	0.04805	0.08147	0.00566	0.00393	0.00120	0.00327	0.00461	0.00381	0.00561
77	0.05240	0.69938	0.04096	0.00687	0.00995	0.11898	0.00662	0.01171	0.00795	0.00934	0.00533	0.00617	0.00478	0.00331	0.00256	0.00085	0.00435	0.00208	0.00168	0.00474
78	0.00533	0.00367	0.00452	0.00462	0.00479	0.00377	0.00292	0.00571	0.00590	0.00802	0.03328	0.12434	0.01471	0.58188	0.17726	0.00378	0.00465	0.00584	0.00242	0.00261

[dist]
# distance from previous block
# <min> <max>
0	1

[block]
# block no. 8 follows, 73 sequences, length 54
# corresponding to MSA columns:
# 508-561
name=unknown_I
#
# <colnr> <probs for GDERKNQSTAVLIFYWHMCP>
#	G	D	E	R	K	N	Q	S	T	A	V	L	I	F	Y	W	H	M	C	P
0	0.00758	0.00646	0.00760	0.00556	0.00869	0.00492	0.00442	0.00920	0.00770	0.01201	0.00728	0.03858	0.00637	0.00397	0.03212	0.00078	0.00301	0.00259	0.00226	0.82890
1	0.01062	0.03202	0.06832	0.03694	0.04492	0.23311	0.00701	0.04578	0.31731	0.06290	0.09240	0.01225	0.01066	0.00470	0.00370	0.00115	0.00425	0.00372	0.00303	0.00521
2	0.00595	0.00462	0.00565	0.00543	0.00649	0.00458	0.01441	0.05533	0.04429	0.02370	0.20994	0.20174	0.28208	0.00943	0.03194	0.00148	0.04174	0.04403	0.00352	0.00366
3	0.00764	0.00702	0.00725	0.02699	0.00810	0.12663	0.00525	0.07346	0.04931	0.01061	0.01330	0.33903	0.01448	0.09467	0.06366	0.00193	0.11988	0.02423	0.00279	0.00376
4	0.01301	0.01383	0.01043	0.00901	0.01113	0.46675	0.00700	0.20577	0.09873	0.03035	0.00776	0.00840	0.00607	0.00466	0.01659	0.00115	0.05792	0.00293	0.00260	0.02592
5	0.00456	0.00330	0.00432	0.00514	0.00542	0.00305	0.00344	0.00523	0.00727	0.00961	0.02174	0.81494	0.07489	0.01162	0.00477	0.00151	0.00216	0.01050	0.00348	0.00305
6	0.00709	0.00667	0.01125	0.85913	0.02584	0.00834	0.01042	0.00959	0.00750	0.00959	0.00667	0.01000	0.00500	0.00375	0.00375	0.00125	0.00500	0.00333	0.00167	0.00417
7	0.00909	0.42701	0.40657	0.00858	0.01288	0.01155	0.02326	0.01181	0.00790	0.04126	0.00632	0.00722	0.00496	0.00343	0.00303	0.00100	0.00474	0.00247	0.00171	0.00522
8	0.00457	0.00326	0.00435	0.00522	0.00544	0.00305	0.00348	0.00522	0.00718	0.00958	0.02068	0.86570	0.02481	0.01175	0.00479	0.00152	0.00218	0.01067	0.00348	0.00305
9	0.00709	0.00667	0.01125	0.85913	0.02584	0.00834	0.01042	0.00959	0.00750	0.00959	0.00667	0.01000	0.00500	0.00375	0.00375	0.00125	0.00500	0.00333	0.00167	0.00417
10	0.00762	0.01874	0.78976	0.01106	0.01648	0.00877	0.07215	0.01189	0.00799	0.01189	0.00679	0.00808	0.00482	0.00354	0.00363	0.00119	0.00560	0.00289	0.00161	0.00551
11	0.03340	0.01106	0.00993	0.00863	0.03974	0.23747	0.00660	0.29913	0.11379	0.12702	0.02971	0.01056	0.01993	0.01351	0.00379	0.00113	0.00442	0.00341	0.02128	0.00549
12	0.01217	0.04987	0.01180	0.00989	0.01150	0.56954	0.04946	0.01322	0.00922	0.00927	0.00565	0.00726	0.00490	0.00447	0.00559	0.00114	0.21615	0.00271	0.00185	0.00434
13	0.00463	0.00331	0.00442	0.00530	0.00554	0.00310	0.00359	0.00533	0.00724	0.00965	0.02064	0.83098	0.02468	0.01170	0.00481	0.00153	0.00223	0.04477	0.00348	0.00306
14	0.04484	0.01620	0.01102	0.00970	0.01179	0.69678	0.05745	0.05047	0.03543	0.01046	0.00653	0.01979	0.00542	0.00399	0.00346	0.00102	0.00630	0.00274	0.00210	0.00450
15	0.01212	0.01059	0.01259	0.01002	0.02455	0.10707	0.16127	0.36791	0.19800	0.04194	0.00991	0.01019	0.00728	0.00430	0.00385	0.00117	0.00456	0.00367	0.00321	0.00580
16	0.00462	0.00330	0.00441	0.00528	0.00552	0.00309	0.00357	0.00531	0.00723	0.00964	0.02065	0.83637	0.02470	0.01170	0.00480	0.00153	0.00222	0.03948	0.00348	0.00306
17	0.00509	0.00383	0.00471	0.00449	0.00547	0.00345	0.00337	0.00665	0.01010	0.01381	0.64002	0.03006	0.23892	0.00813	0.00443	0.00120	0.00180	0.00707	0.00397	0.00345
18	0.00788	0.00739	0.01238	0.53457	0.30617	0.00844	0.01052	0.01044	0.02476	0.01073	0.00711	0.00993	0.00556	0.00365	0.00371	0.00120	0.00470	0.00336	0.02271	0.00480
19	0.00513	0.00383	0.00476	0.00453	0.00549	0.00346	0.00340	0.00673	0.01019	0.01403	0.67685	0.02969	0.20194	0.00805	0.00443	0.00120	0.00180	0.00702	0.00400	0.00346
20	0.04243	0.00899	0.00978	0.05805	0.01129	0.02858	0.00670	0.33932	0.32670	0.03487	0.03368	0.01135	0.00887	0.00485	0.00426	0.00122	0.05612	0.00373	0.00346	0.00574
21	0.89465	0.00726	0.00551	0.00493	0.00726	0.00842	0.00406	0.01103	0.00638	0.01683	0.00522	0.00609	0.00406	0.00348	0.00232	0.00116	0.00290	0.00203	0.00232	0.00406
22	0.00531	0.00383	0.00501	0.00472	0.00560	0.00354	0.00354	0.00708	0.01062	0.01504	0.84277	0.02802	0.03540	0.00767	0.00442	0.00118	0.00177	0.00678	0.00413	0.00354
23	0.00526	0.00383	0.00494	0.00466	0.00557	0.00352	0.00350	0.00698	0.01049	0.01474	0.79352	0.02852	0.08483	0.00778	0.00443	0.00119	0.00178	0.00685	0.00409	0.00352
24	0.00933	0.00806	0.00848	0.00764	0.00976	0.00933	0.00594	0.01994	0.83797	0.01569	0.01527	0.01400	0.01145	0.00509	0.00382	0.00127	0.00297	0.00424	0.00382	0.00594
25	0.00709	0.00667	0.01125	0.85913	0.02584	0.00834	0.01042	0.00959	0.00750	0.00959	0.00667	0.01000	0.00500	0.00375	0.00375	0.00125	0.00500	0.00333	0.00167	0.00417
26	0.00709	0.00667	0.01125	0.85913	0.02584	0.00834	0.01042	0.00959	0.00750	0.00959	0.00667	0.01000	0.00500	0.00375	0.00375	0.00125	0.00500	0.00333	0.00167	0.00417
