[name]
unknown

[dist]
# distance from previous block
# <min> <max>
6	141

[block]
# block no. 0 follows, 71 sequences, length 7
# corresponding to MSA columns:
# 216-222
name=unknown_A
#
# <colnr> <probs for GDERKNQSTAVLIFYWHMCP>
#	G	D	E	R	K	N	Q	S	T	A	V	L	I	F	Y	W	H	M	C	P
0	0.04605	0.08109	0.04901	0.07429	0.05686	0.21132	0.00739	0.11560	0.03079	0.10756	0.00830	0.02382	0.00676	0.05385	0.00524	0.00129	0.08170	0.00328	0.00255	0.03324
1	0.04325	0.00835	0.04547	0.19061	0.01310	0.06548	0.00697	0.08662	0.27025	0.01355	0.01350	0.12955	0.05800	0.00575	0.00392	0.00126	0.00379	0.00483	0.00301	0.03274
2	0.10455	0.00542	0.00688	0.03900	0.00763	0.00601	0.04073	0.03615	0.07208	0.01028	0.01007	0.06437	0.01021	0.29454	0.05682	0.15682	0.06824	0.00456	0.00236	0.00330
3	0.15970	0.00887	0.01161	0.10151	0.09879	0.06554	0.12783	0.09013	0.08350	0.06717	0.00876	0.04696	0.00707	0.00439	0.00416	0.00121	0.05342	0.00367	0.00260	0.05311
4	0.00971	0.04399	0.06479	0.18969	0.06140	0.09298	0.18188	0.13123	0.06648	0.01325	0.00931	0.01330	0.00777	0.00460	0.00404	0.00126	0.00510	0.09173	0.00244	0.00506
5	0.00693	0.00493	0.00616	0.00581	0.00668	0.00521	0.00423	0.13425	0.00831	0.01140	0.05846	0.16241	0.01397	0.20820	0.25371	0.06673	0.00528	0.00555	0.00275	0.02901
6	0.06885	0.01190	0.02891	0.07417	0.07902	0.26307	0.09835	0.13784	0.08017	0.07532	0.00824	0.00921	0.00624	0.00416	0.00404	0.00117	0.03822	0.00327	0.00260	0.00524

[dist]
# distance from previous block
# <min> <max>
3	15

[block]
# block no. 1 follows, 71 sequences, length 29
# corresponding to MSA columns:
# 238-266
name=unknown_B
#
# <colnr> <probs for GDERKNQSTAVLIFYWHMCP>
#	G	D	E	R	K	N	Q	S	T	A	V	L	I	F	Y	W	H	M	C	P
0	0.07569	0.01185	0.04219	0.11938	0.08458	0.32144	0.04225	0.04406	0.04034	0.01182	0.04783	0.01162	0.05448	0.00456	0.00386	0.00114	0.02323	0.02069	0.00232	0.03667
1	0.05298	0.05783	0.00917	0.03725	0.06787	0.10487	0.04566	0.08475	0.01554	0.02242	0.03205	0.01331	0.00848	0.09324	0.03220	0.26047	0.00435	0.03922	0.00227	0.01606
2	0.10335	0.09309	0.03751	0.08904	0.07697	0.36660	0.02945	0.10885	0.01027	0.02256	0.00666	0.00792	0.00532	0.00438	0.02144	0.00118	0.00555	0.00278	0.00220	0.00487
3	0.01115	0.02159	0.05516	0.05696	0.11954	0.15342	0.02660	0.22127	0.12841	0.03362	0.02405	0.01077	0.02511	0.00539	0.02850	0.02586	0.02205	0.00353	0.00280	0.02421
4	0.00474	0.00347	0.00441	0.00505	0.00547	0.00319	0.00343	0.00550	0.00773	0.01018	0.08062	0.65742	0.14221	0.04075	0.00532	0.00157	0.00221	0.01004	0.00356	0.00314
5	0.09534	0.00661	0.00973	0.19217	0.19985	0.00696	0.03030	0.03047	0.01780	0.07786	0.07734	0.09242	0.09220	0.01836	0.03500	0.00146	0.00396	0.00483	0.00271	0.00463
6	0.05528	0.00946	0.01228	0.10453	0.34364	0.12695	0.05096	0.05384	0.06769	0.01282	0.05715	0.04902	0.00884	0.00500	0.02506	0.00130	0.00472	0.00390	0.00237	0.00518
7	0.00833	0.00550	0.00674	0.00569	0.00780	0.00467	0.00446	0.02270	0.02638	0.14472	0.13148	0.13723	0.08084	0.00631	0.00386	0.00106	0.00265	0.05827	0.02342	0.31791
8	0.06906	0.00646	0.00720	0.00656	0.00828	0.00692	0.00499	0.04570	0.35079	0.13828	0.03898	0.18883	0.03111	0.07276	0.00522	0.00151	0.00294	0.00567	0.00373	0.00501
9	0.02648	0.00433	0.00505	0.00508	0.00616	0.00404	0.00370	0.01982	0.05597	0.08106	0.09403	0.33920	0.30737	0.02361	0.00476	0.00141	0.00230	0.00822	0.00369	0.00372
10	0.00651	0.00423	0.00494	0.00478	0.00526	0.00426	0.00307	0.00755	0.07163	0.05680	0.03488	0.05352	0.06455	0.56769	0.04877	0.04660	0.00367	0.00559	0.00271	0.00299
11	0.35521	0.00780	0.00768	0.00661	0.00900	0.00872	0.00531	0.09405	0.30230	0.12276	0.03655	0.01095	0.00874	0.00453	0.00331	0.00122	0.00311	0.00339	0.00342	0.00535
12	0.05741	0.00458	0.00543	0.00524	0.00646	0.00436	0.00390	0.00916	0.06325	0.13077	0.19245	0.27118	0.15867	0.02203	0.00453	0.00135	0.00234	0.00723	0.04568	0.00399
13	0.18694	0.00587	0.00656	0.00585	0.00766	0.00590	0.00455	0.07752	0.04678	0.21765	0.09916	0.21713	0.08924	0.00700	0.00393	0.00129	0.00276	0.00585	0.00372	0.00463
14	0.00675	0.00471	0.00537	0.00507	0.00569	0.00482	0.00336	0.09413	0.04603	0.02203	0.09106	0.09647	0.04063	0.52697	0.02853	0.00285	0.00349	0.00591	0.00291	0.00324
15	0.02585	0.00478	0.00569	0.00586	0.00696	0.00487	0.00478	0.06396	0.05234	0.01314	0.04827	0.07108	0.08516	0.04053	0.00490	0.00150	0.00290	0.35225	0.20139	0.00380
16	0.13770	0.00570	0.00655	0.00571	0.00754	0.00567	0.00448	0.02240	0.11470	0.23310	0.23371	0.03680	0.09783	0.00647	0.00438	0.04110	0.00264	0.00501	0.02386	0.00467
17	0.42303	0.00656	0.00643	0.00566	0.00770	0.00684	0.00444	0.02703	0.02606	0.18001	0.09377	0.05270	0.07260	0.06586	0.00460	0.00147	0.00303	0.00421	0.00336	0.00463
18	0.00911	0.03130	0.00808	0.00686	0.00879	0.03220	0.00533	0.13070	0.41263	0.02279	0.05351	0.03794	0.14092	0.06271	0.00500	0.00141	0.00313	0.00501	0.01741	0.00516
19	0.00737	0.00556	0.00674	0.00628	0.00735	0.00621	0.00469	0.03873	0.21428	0.03509	0.01231	0.05056	0.01136	0.21182	0.27662	0.00339	0.04317	0.00465	0.02752	0.02627
20	0.00568	0.00439	0.00466	0.00472	0.00515	0.04162	0.00307	0.00622	0.00716	0.00924	0.10713	0.14233	0.13916	0.45580	0.03357	0.00270	0.00335	0.01834	0.00288	0.00285
21	0.24514	0.00551	0.00586	0.00538	0.00704	0.00558	0.00416	0.03568	0.03681	0.14561	0.15195	0.18077	0.14199	0.00710	0.00387	0.00128	0.00257	0.00589	0.00356	0.00424
22	0.00969	0.00699	0.00782	0.00686	0.00870	0.00747	0.00533	0.22642	0.23457	0.07938	0.07756	0.13857	0.07850	0.06368	0.00519	0.00146	0.00313	0.02983	0.00378	0.00507
23	0.00819	0.02843	0.00870	0.00604	0.00945	0.00564	0.02526	0.02902	0.00821	0.01268	0.00686	0.00800	0.00568	0.00290	0.00290	0.00061	0.00299	0.00235	0.00228	0.82381
24	0.00575	0.00439	0.00632	0.00688	0.05826	0.00475	0.00477	0.01779	0.00671	0.00943	0.01269	0.14932	0.03540	0.10485	0.53279	0.00458	0.00756	0.00534	0.00238	0.02003
25	0.00547	0.00363	0.00471	0.00522	0.00578	0.00332	0.00362	0.00631	0.00799	0.06016	0.08819	0.65338	0.11586	0.01099	0.00476	0.00148	0.00222	0.00985	0.00368	0.00337
26	0.00574	0.00406	0.00503	0.00542	0.04441	0.00405	0.00326	0.00623	0.00654	0.00885	0.09717	0.02529	0.03882	0.62030	0.06770	0.00333	0.00391	0.04454	0.00257	0.00278
27	0.00988	0.23206	0.09195	0.01177	0.09832	0.09248	0.23531	0.04064	0.06598	0.02330	0.00828	0.05798	0.00705	0.00408	0.00368	0.00113	0.00503	0.00373	0.00217	0.00518
28	0.00688	0.00590	0.00697	0.00665	0.00755	0.06444	0.00514	0.05133	0.04468	0.01033	0.02411	0.09382	0.08224	0.02944	0.44652	0.01964	0.08322	0.00491	0.00249	0.00376

[dist]
# distance from previous block
# <min> <max>
2	8

[block]
# block no. 2 follows, 71 sequences, length 25
# corresponding to MSA columns:
# 279-303
name=unknown_C
#
# <colnr> <probs for GDERKNQSTAVLIFYWHMCP>
#	G	D	E	R	K	N	Q	S	T	A	V	L	I	F	Y	W	H	M	C	P
0	0.00953	0.01683	0.01136	0.32559	0.10972	0.00836	0.05353	0.06396	0.12869	0.11772	0.01048	0.05127	0.00840	0.00510	0.01495	0.00134	0.02426	0.03106	0.00273	0.00512
1	0.01042	0.05037	0.01162	0.09292	0.03812	0.24856	0.00803	0.07786	0.00878	0.01080	0.02939	0.00890	0.00616	0.00585	0.03046	0.00145	0.35058	0.00318	0.00203	0.00452
2	0.00806	0.00705	0.00883	0.00686	0.04634	0.00546	0.03519	0.00984	0.00803	0.01249	0.00687	0.00811	0.00570	0.00288	0.00294	0.00062	0.00305	0.00241	0.00224	0.81705
3	0.01068	0.04040	0.03897	0.06269	0.12574	0.12275	0.10028	0.15349	0.12647	0.03271	0.02642	0.01018	0.00730	0.00471	0.01743	0.00126	0.07440	0.00353	0.00261	0.03796
4	0.00938	0.01986	0.05047	0.00912	0.07700	0.03257	0.01445	0.05925	0.03727	0.12880	0.07875	0.12218	0.01158	0.02010	0.02533	0.04767	0.24407	0.00473	0.00281	0.00461
5	0.00507	0.00363	0.00477	0.00534	0.00579	0.00342	0.00380	0.00607	0.00815	0.01097	0.18429	0.51431	0.04669	0.06886	0.00585	0.00165	0.00240	0.11209	0.00360	0.00322
6	0.00550	0.00422	0.00512	0.00507	0.00609	0.00394	0.00378	0.00754	0.06753	0.01302	0.39197	0.19395	0.19629	0.00882	0.00453	0.00130	0.00211	0.04342	0.00384	0.03195
7	0.00602	0.00437	0.00624	0.00618	0.00688	0.00494	0.00481	0.03539	0.00674	0.00943	0.01163	0.01763	0.04119	0.03952	0.59202	0.10161	0.02952	0.07031	0.00225	0.00334
8	0.21364	0.00785	0.00835	0.00684	0.00937	0.00836	0.00554	0.22375	0.15226	0.18896	0.07877	0.01224	0.02534	0.00479	0.00355	0.00118	0.00324	0.00370	0.00367	0.03859
9	0.00459	0.00366	0.00412	0.00449	0.00534	0.00319	0.00318	0.00543	0.00816	0.01012	0.03152	0.37817	0.50323	0.01066	0.00468	0.00140	0.00206	0.00925	0.00356	0.00319
10	0.00478	0.00379	0.00432	0.00461	0.00557	0.00334	0.00342	0.00580	0.00853	0.01065	0.08681	0.24990	0.50101	0.01026	0.00469	0.00140	0.00215	0.08212	0.00360	0.00326
11	0.63433	0.00715	0.00660	0.00557	0.00811	0.00773	0.00459	0.01346	0.00784	0.26095	0.00822	0.00824	0.00573	0.00391	0.00281	0.00119	0.00305	0.00260	0.00307	0.00485
12	0.00599	0.00431	0.00507	0.00517	0.00620	0.00408	0.00376	0.00807	0.10085	0.06067	0.11329	0.35845	0.29041	0.00962	0.00456	0.00138	0.00224	0.00841	0.00374	0.00374
13	0.01432	0.01827	0.01087	0.00988	0.01185	0.84986	0.00741	0.01531	0.01087	0.00938	0.00593	0.00691	0.00494	0.00395	0.00346	0.00099	0.00691	0.00247	0.00198	0.00444
14	0.12449	0.00482	0.00553	0.00513	0.00652	0.00471	0.00391	0.01000	0.03671	0.15619	0.24536	0.16031	0.06118	0.01783	0.00407	0.00125	0.00235	0.00587	0.13964	0.00414
15	0.12199	0.00536	0.00647	0.00559	0.00738	0.00502	0.00430	0.01197	0.00911	0.36054	0.12588	0.11384	0.08137	0.11693	0.00594	0.00157	0.00287	0.00540	0.00384	0.00465
16	0.08947	0.00424	0.00492	0.00465	0.00574	0.00403	0.00350	0.00725	0.00988	0.01437	0.58674	0.02788	0.17746	0.03768	0.00484	0.00131	0.00201	0.00663	0.00386	0.00355
17	0.00571	0.00369	0.00430	0.00430	0.00435	0.00372	0.00251	0.00569	0.00563	0.00765	0.01159	0.02328	0.01305	0.73723	0.04826	0.07584	0.00386	0.00527	0.03172	0.00235
18	0.33477	0.00541	0.00558	0.00540	0.00679	0.00572	0.00407	0.00952	0.01869	0.11075	0.01295	0.25979	0.01331	0.11742	0.03387	0.00181	0.00315	0.04407	0.00306	0.00387
19	0.00726	0.00451	0.00638	0.00738	0.07481	0.00425	0.00506	0.00842	0.00834	0.13655	0.03049	0.49236	0.02090	0.00988	0.00472	0.00150	0.00282	0.16683	0.00361	0.00396
20	0.07893	0.00385	0.00530	0.00519	0.00538	0.00407	0.00359	0.00566	0.00515	0.00762	0.00649	0.01109	0.00639	0.01228	0.01387	0.78295	0.03527	0.00323	0.00172	0.00196
21	0.00805	0.00809	0.01483	0.33997	0.13889	0.00897	0.24189	0.01049	0.00790	0.01076	0.00724	0.01035	0.00581	0.00593	0.07393	0.00170	0.09488	0.00378	0.00182	0.00470
22	0.00836	0.00588	0.00721	0.02548	0.00833	0.02006	0.03221	0.15895	0.01072	0.09730	0.15716	0.18697	0.16735	0.02431	0.00472	0.00137	0.00300	0.07263	0.00369	0.00432
23	0.11169	0.00750	0.00857	0.04054	0.03561	0.03713	0.02282	0.02225	0.00821	0.04980	0.00704	0.00815	0.00565	0.00314	0.00297	0.00075	0.00326	0.00247	0.00236	0.62009
24	0.00891	0.00828	0.01294	0.29541	0.17568	0.05189	0.13617	0.03737	0.02650	0.04620	0.02421	0.04273	0.00734	0.01521	0.01445	0.00127	0.00483	0.00386	0.00222	0.08454

[dist]
# distance from previous block
# <min> <max>
0	9

[block]
# block no. 3 follows, 71 sequences, length 13
# corresponding to MSA columns:
# 313-325
name=unknown_D
#
# <colnr> <probs for GDERKNQSTAVLIFYWHMCP>
#	G	D	E	R	K	N	Q	S	T	A	V	L	I	F	Y	W	H	M	C	P
0	0.04575	0.00620	0.00921	0.00768	0.00926	0.00637	0.14065	0.14987	0.00922	0.01285	0.10264	0.05268	0.05694	0.01133	0.14528	0.20049	0.00484	0.02216	0.00269	0.00389
1	0.09926	0.00751	0.01115	0.37987	0.13970	0.03036	0.05630	0.02060	0.02183	0.01149	0.00740	0.03485	0.00613	0.00483	0.02163	0.03810	0.01427	0.00345	0.00200	0.08926
2	0.00642	0.00514	0.00698	0.00779	0.12065	0.00513	0.02358	0.00807	0.06565	0.01017	0.06297	0.07269	0.08491	0.33494	0.12259	0.00282	0.00432	0.00544	0.00263	0.04712
3	0.00545	0.00411	0.00515	0.00570	0.00636	0.00405	0.00415	0.00749	0.10032	0.01106	0.06560	0.54241	0.09205	0.01064	0.00479	0.00152	0.00245	0.11955	0.00363	0.00354
4	0.00885	0.00921	0.07051	0.05531	0.01269	0.08239	0.16671	0.06743	0.09202	0.02382	0.01012	0.01474	0.00886	0.04043	0.10832	0.00195	0.05108	0.09447	0.00249	0.07861
5	0.00867	0.00979	0.08963	0.38373	0.32025	0.06837	0.04296	0.01121	0.00837	0.01107	0.00694	0.00953	0.00545	0.00365	0.00380	0.00120	0.00514	0.00334	0.00179	0.00510
6	0.00623	0.00503	0.00628	0.00618	0.00695	0.05166	0.00469	0.03668	0.00718	0.00983	0.05935	0.08676	0.01239	0.08157	0.59543	0.00485	0.00825	0.00483	0.00238	0.00350
7	0.18957	0.00507	0.00573	0.00544	0.00662	0.00523	0.00412	0.00942	0.00730	0.14321	0.01248	0.02142	0.01220	0.31329	0.08009	0.00260	0.00396	0.14656	0.02197	0.00370
8	0.00483	0.00359	0.00460	0.00515	0.00569	0.00337	0.00364	0.00575	0.00786	0.01037	0.09550	0.53811	0.17570	0.01257	0.07547	0.00187	0.00285	0.03638	0.00349	0.00322
9	0.00494	0.00353	0.00475	0.00557	0.00593	0.00334	0.00396	0.00584	0.00775	0.01034	0.06473	0.69363	0.02544	0.01157	0.00494	0.00157	0.00240	0.13297	0.00359	0.00320
10	0.08237	0.08766	0.14840	0.00949	0.04310	0.05732	0.15966	0.06140	0.00908	0.01287	0.13810	0.04766	0.01190	0.07410	0.00530	0.00141	0.02414	0.01897	0.00249	0.00461
11	0.00963	0.00907	0.01358	0.09623	0.53086	0.03749	0.01029	0.06016	0.10942	0.01309	0.00841	0.01062	0.00691	0.00406	0.00428	0.00121	0.04786	0.01885	0.00226	0.00573
12	0.14864	0.39840	0.01403	0.01682	0.00998	0.11054	0.02229	0.09696	0.03223	0.04008	0.00687	0.00831	0.00586	0.05396	0.00403	0.00116	0.02011	0.00267	0.00224	0.00483

[dist]
# distance from previous block
# <min> <max>
1	4

[block]
# block no. 4 follows, 71 sequences, length 65
# corresponding to MSA columns:
# 338-402
name=unknown_E
#
# <colnr> <probs for GDERKNQSTAVLIFYWHMCP>
#	G	D	E	R	K	N	Q	S	T	A	V	L	I	F	Y	W	H	M	C	P
0	0.00723	0.00572	0.00893	0.05100	0.00972	0.00594	0.13250	0.01637	0.07258	0.05230	0.04524	0.07672	0.01177	0.19282	0.22863	0.02365	0.02263	0.00496	0.00256	0.02871
1	0.01369	0.01148	0.01144	0.03674	0.07145	0.15066	0.00761	0.53510	0.06796	0.04226	0.00901	0.00931	0.00659	0.00443	0.00377	0.00114	0.00462	0.00335	0.00335	0.00604
2	0.00952	0.00919	0.02642	0.03646	0.29241	0.09864	0.06574	0.12665	0.01010	0.01341	0.05669	0.07298	0.04778	0.03156	0.01331	0.00127	0.00439	0.00432	0.00254	0.07665
3	0.00735	0.00432	0.00664	0.06651	0.00768	0.00436	0.04212	0.02873	0.00607	0.03437	0.00756	0.01980	0.01398	0.02390	0.01256	0.67538	0.00359	0.00352	0.00190	0.02965
4	0.01343	0.01009	0.01267	0.00965	0.01274	0.01083	0.12944	0.55882	0.10110	0.08611	0.01012	0.01021	0.00719	0.00447	0.00395	0.00119	0.00436	0.00374	0.00363	0.00627
5	0.00518	0.00376	0.00500	0.00578	0.00634	0.00358	0.00439	0.00627	0.00804	0.01052	0.03798	0.49385	0.09819	0.01124	0.00499	0.00160	0.00263	0.28382	0.00356	0.00328
6	0.00472	0.00367	0.00423	0.00454	0.00533	0.00325	0.00320	0.00561	0.00827	0.01049	0.10808	0.34687	0.41718	0.04992	0.00536	0.00150	0.00212	0.00892	0.00357	0.00319
7	0.65421	0.00633	0.00533	0.00507	0.00685	0.00716	0.00394	0.00967	0.00658	0.01500	0.00863	0.17112	0.00863	0.03216	0.00396	0.04221	0.00286	0.00393	0.00257	0.00378
8	0.01466	0.01060	0.01142	0.00876	0.01182	0.01169	0.00723	0.80213	0.01780	0.05091	0.00940	0.00933	0.00662	0.00461	0.00384	0.00115	0.00419	0.00347	0.00387	0.00652
9	0.11849	0.00722	0.00882	0.00691	0.00977	0.00693	0.00568	0.11472	0.05473	0.60596	0.01330	0.01186	0.00863	0.00461	0.00368	0.00119	0.00333	0.00363	0.00432	0.00622
10	0.00558	0.00372	0.00418	0.00418	0.00418	0.00372	0.00232	0.00558	0.00558	0.00743	0.01208	0.02509	0.01394	0.86525	0.01952	0.00372	0.00372	0.00558	0.00232	0.00232
11	0.01456	0.01109	0.01148	0.00887	0.01189	0.05060	0.00729	0.79098	0.01770	0.02348	0.00905	0.00910	0.00645	0.00457	0.00382	0.00114	0.00434	0.00341	0.00375	0.00642
12	0.00839	0.00839	0.01174	0.01007	0.01007	0.01174	0.00839	0.00923	0.00587	0.00923	0.00503	0.00839	0.00503	0.00671	0.01258	0.00168	0.85823	0.00336	0.00168	0.00419
13	0.00930	0.00991	0.02120	0.07576	0.02002	0.00942	0.73106	0.01240	0.00904	0.05052	0.00803	0.01046	0.00594	0.00334	0.00444	0.00129	0.00622	0.00441	0.00205	0.00517
14	0.01013	0.14599	0.46961	0.00972	0.01415	0.07656	0.01096	0.19374	0.01047	0.01413	0.00709	0.00795	0.00524	0.00383	0.00349	0.00112	0.00521	0.00282	0.00214	0.00565
15	0.05031	0.00408	0.00457	0.00449	0.00496	0.00396	0.00281	0.00626	0.00643	0.01742	0.05240	0.12390	0.05947	0.57820	0.01433	0.00289	0.00326	0.00603	0.00265	0.05157
16	0.07128	0.00451	0.00576	0.00538	0.00611	0.00455	0.00383	0.03489	0.02938	0.11316	0.00938	0.01489	0.00877	0.15163	0.01239	0.47997	0.00339	0.03541	0.00241	0.00291
17	0.00839	0.00839	0.01174	0.01007	0.01007	0.01174	0.00839	0.00923	0.00587	0.00923	0.00503	0.00839	0.00503	0.00671	0.01258	0.00168	0.85823	0.00336	0.00168	0.00419
18	0.00483	0.00349	0.00432	0.00491	0.00523	0.00325	0.00323	0.00541	0.00718	0.00939	0.02170	0.58454	0.13236	0.18221	0.00777	0.00195	0.00248	0.00946	0.00331	0.00297
19	0.39258	0.00561	0.00551	0.00519	0.00667	0.00595	0.00386	0.00974	0.00714	0.12363	0.01177	0.22052	0.01189	0.16687	0.00639	0.00175	0.00296	0.00513	0.00297	0.00387
20	0.00587	0.00407	0.00508	0.00528	0.00612	0.00387	0.00414	0.00723	0.00875	0.02497	0.21982	0.03316	0.15647	0.14894	0.00710	0.00180	0.00276	0.28457	0.06664	0.00336
21	0.01432	0.01827	0.01087	0.00988	0.01185	0.84986	0.00741	0.01531	0.01087	0.00938	0.00593	0.00691	0.00494	0.00395	0.00346	0.00099	0.00691	0.00247	0.00198	0.00444
22	0.00614	0.00439	0.00614	0.00702	0.00789	0.00438	0.00612	0.00788	0.00879	0.01144	0.02032	0.06226	0.02214	0.01062	0.00529	0.00176	0.00350	0.79686	0.00353	0.00352
23	0.05319	0.00381	0.00463	0.00509	0.00550	0.00370	0.00344	0.00614	0.00701	0.02622	0.01817	0.47932	0.05417	0.23224	0.00877	0.02266	0.00276	0.05700	0.00315	0.00303
24	0.01017	0.00472	0.00592	0.00519	0.00680	0.00435	0.00413	0.01185	0.00971	0.29971	0.19388	0.01891	0.01626	0.00570	0.00366	0.00112	0.00241	0.05828	0.33262	0.00460
25	0.00480	0.00339	0.00441	0.00518	0.00537	0.00320	0.00339	0.00537	0.00710	0.00946	0.01988	0.74656	0.02378	0.13037	0.00692	0.00186	0.00243	0.01016	0.00339	0.00300
26	0.00645	0.00518	0.00906	0.00772	0.00891	0.00530	0.17509	0.00737	0.00664	0.00910	0.01096	0.01516	0.06758	0.04822	0.37700	0.22366	0.00693	0.00434	0.00205	0.00330
27	0.05457	0.01055	0.01236	0.00939	0.01251	0.01152	0.08985	0.70848	0.01659	0.02264	0.00888	0.00918	0.00634	0.00442	0.00384	0.00117	0.00439	0.00350	0.00358	0.00628
28	0.00558	0.00372	0.00418	0.00418	0.00418	0.00372	0.00232	0.00558	0.00558	0.00743	0.01208	0.02509	0.01394	0.86525	0.01952	0.00372	0.00372	0.00558	0.00232	0.00232
29	0.67350	0.00790	0.00689	0.00582	0.00836	0.00892	0.00480	0.14962	0.00882	0.08536	0.00678	0.00728	0.00498	0.00383	0.00274	0.00118	0.00320	0.00245	0.00281	0.00474
30	0.06998	0.00795	0.00842	0.00721	0.00952	0.00872	0.00571	0.17634	0.42669	0.03502	0.04576	0.01492	0.06274	0.01890	0.00404	0.00125	0.00316	0.01907	0.00364	0.07098
31	0.02574	0.04890	0.01027	0.00786	0.01063	0.02422	0.00638	0.35237	0.30484	0.04135	0.01104	0.01073	0.00819	0.00451	0.00364	0.00111	0.00362	0.00352	0.00353	0.11754
32	0.00496	0.00356	0.00473	0.00546	0.00587	0.00335	0.00389	0.00589	0.00790	0.01054	0.10011	0.63156	0.04996	0.02526	0.00514	0.00158	0.00238	0.12104	0.00360	0.00321
33	0.01011	0.00525	0.00630	0.00536	0.00723	0.00480	0.00424	0.07177	0.01035	0.29774	0.13231	0.03678	0.25180	0.00667	0.00399	0.00118	0.00253	0.00554	0.13135	0.00470
34	0.08287	0.00875	0.01069	0.03243	0.03063	0.06847	0.10205	0.16511	0.14338	0.12971	0.04102	0.01394	0.00970	0.00551	0.02141	0.00135	0.03052	0.07185	0.00324	0.02736
35	0.00684	0.00482	0.00609	0.00607	0.00714	0.00490	0.00482	0.03676	0.10473	0.03966	0.20343	0.05907	0.08368	0.04166	0.05383	0.07103	0.00330	0.25484	0.00351	0.00381
36	0.00481	0.00361	0.00448	0.00500	0.00562	0.00328	0.00355	0.00576	0.00821	0.01070	0.12230	0.50125	0.23784	0.01084	0.00478	0.00146	0.00218	0.05745	0.00364	0.00323
37	0.89233	0.00741	0.00564	0.00504	0.00741	0.00860	0.00415	0.01127	0.00653	0.01720	0.00534	0.00623	0.00415	0.00356	0.00237	0.00119	0.00297	0.00208	0.00237	0.00415
38	0.03047	0.00693	0.00780	0.00626	0.00865	0.04168	0.00497	0.11847	0.04007	0.16897	0.24966	0.01572	0.03127	0.00514	0.00373	0.00101	0.00297	0.00425	0.00357	0.24840
39	0.04245	0.03867	0.02194	0.00793	0.01073	0.00903	0.04037	0.34196	0.10223	0.24953	0.08507	0.01238	0.01036	0.00484	0.00384	0.00118	0.00368	0.00391	0.00390	0.00601
40	0.13122	0.02423	0.01031	0.00897	0.01112	0.54227	0.02910	0.09125	0.06648	0.01226	0.00688	0.00777	0.00552	0.00431	0.00376	0.02914	0.00571	0.00271	0.00232	0.00465
41	0.00557	0.00373	0.00424	0.00424	0.00426	0.00375	0.00240	0.00561	0.00559	0.00748	0.01203	0.02480	0.01381	0.84092	0.04367	0.00379	0.00391	0.00553	0.00232	0.00236
42	0.00748	0.00547	0.00629	0.00616	0.00728	0.00582	0.00449	0.02717	0.29663	0.05412	0.03264	0.30368	0.01725	0.14122	0.00668	0.00176	0.00286	0.03719	0.03151	0.00430
43	0.01071	0.00947	0.07154	0.00809	0.01070	0.02584	0.04050	0.38439	0.11765	0.02790	0.08619	0.01567	0.13585	0.00566	0.00429	0.00122	0.03078	0.00455	0.00350	0.00548
44	0.00573	0.00399	0.00532	0.00597	0.00656	0.00387	0.00452	0.02934	0.00832	0.02694	0.06172	0.49469	0.02373	0.03225	0.00532	0.00164	0.00274	0.27035	0.00358	0.00341
45	0.00548	0.00411	0.00616	0.00616	0.00685	0.00479	0.00479	0.00685	0.00616	0.00890	0.01027	0.01506	0.00959	0.02876	0.85006	0.00616	0.01027	0.00411	0.00205	0.00342
46	0.00505	0.00361	0.00474	0.00550	0.00588	0.00343	0.00393	0.00588	0.00753	0.00992	0.02091	0.58632	0.05983	0.09158	0.00633	0.00179	0.00261	0.16860	0.00344	0.00313
47	0.06779	0.03925	0.01040	0.00898	0.01109	0.61694	0.00688	0.09557	0.03717	0.01159	0.00836	0.00900	0.05234	0.00434	0.00347	0.00104	0.00592	0.00291	0.00233	0.00463
48	0.10698	0.00952	0.01028	0.00798	0.01091	0.01031	0.00658	0.58767	0.01541	0.16337	0.00988	0.00965	0.00685	0.00451	0.00366	0.00116	0.00387	0.00338	0.02182	0.00621
49	0.13233	0.00613	0.00751	0.00618	0.00856	0.00575	0.00497	0.01534	0.04787	0.52674	0.04095	0.08761	0.03400	0.00546	0.00372	0.00121	0.00296	0.00445	0.05271	0.00554
50	0.00706	0.00432	0.00553	0.00520	0.00644	0.00390	0.00404	0.00860	0.01011	0.13756	0.45097	0.07407	0.17275	0.00820	0.00452	0.00129	0.00224	0.08516	0.00408	0.00395
51	0.03078	0.00441	0.00538	0.00520	0.00636	0.00409	0.00390	0.01708	0.01765	0.15176	0.06366	0.19034	0.23903	0.07186	0.00641	0.07699	0.00265	0.07090	0.02785	0.00371
52	0.21680	0.00935	0.00977	0.00766	0.01055	0.01020	0.00632	0.52023	0.01433	0.14444	0.00920	0.00909	0.00642	0.00438	0.00350	0.00116	0.00379	0.00320	0.00363	0.00598
53	0.01464	0.01063	0.01144	0.00877	0.01184	0.01173	0.00725	0.80838	0.01785	0.04459	0.00935	0.00930	0.00659	0.00461	0.00384	0.00115	0.00420	0.00346	0.00386	0.00652
54	0.00529	0.00361	0.00448	0.00491	0.00508	0.00352	0.00317	0.00566	0.00654	0.00870	0.01627	0.36646	0.01902	0.42208	0.01227	0.02992	0.00308	0.07431	0.00290	0.00272
55	0.07007	0.00488	0.00575	0.00513	0.00630	0.00470	0.00362	0.01006	0.03395	0.23227	0.08268	0.04351	0.05456	0.41322	0.01129	0.00241	0.00324	0.00521	0.00327	0.00386
56	0.01468	0.01057	0.01140	0.00874	0.01180	0.01163	0.00722	0.79529	0.01774	0.05783	0.00945	0.00936	0.00664	0.00461	0.00384	0.00115	0.00418	0.00347	0.00387	0.00652
57	0.00483	0.00358	0.00453	0.00508	0.00564	0.00328	0.00358	0.00578	0.00818	0.01079	0.14296	0.54786	0.17703	0.01091	0.00479	0.00147	0.00218	0.05066	0.00365	0.00323
58	0.00987	0.00452	0.00625	0.00580	0.00698	0.00411	0.00427	0.01020	0.00805	0.31877	0.01496	0.31558	0.01438	0.00967	0.00725	0.24274	0.00291	0.00622	0.00348	0.00399
59	0.00555	0.00400	0.00525	0.00524	0.00603	0.00409	0.00389	0.00664	0.00731	0.03536	0.08096	0.10100	0.20784	0.11723	0.38767	0.00378	0.00596	0.00605	0.00282	0.00333
60	0.00871	0.00729	0.00865	0.06878	0.01071	0.00619	0.00533	0.10971	0.00916	0.01372	0.00711	0.00827	0.00574	0.00313	0.00303	0.00069	0.00318	0.00250	0.00242	0.71568
61	0.00859	0.00772	0.00969	0.15005	0.09955	0.06774	0.03900	0.06637	0.18028	0.02633	0.06127	0.08243	0.08019	0.00613	0.00436	0.00131	0.02461	0.07661	0.00300	0.00479
62	0.00501	0.00375	0.00431	0.00456	0.00535	0.00335	0.00321	0.00583	0.00805	0.02352	0.07109	0.29023	0.40299	0.12101	0.00659	0.00170	0.00232	0.03053	0.00345	0.00316
63	0.01080	0.00545	0.00714	0.03244	0.00851	0.00520	0.00503	0.03501	0.06483	0.35632	0.03155	0.22289	0.01541	0.09709	0.00590	0.00161	0.00313	0.08297	0.00390	0.00482
64	0.17977	0.00782	0.01099	0.41672	0.19284	0.02812	0.00912	0.06170	0.00838	0.01270	0.00718	0.03541	0.00584	0.00399	0.00357	0.00122	0.00448	0.00336	0.00207	0.00473

[dist]
# distance from previous block
# <min> <max>
2	11

[block]
# block no. 5 follows, 71 sequences, length 36
# corresponding to MSA columns:
# 414-449
name=unknown_F
#
# <colnr> <probs for GDERKNQSTAVLIFYWHMCP>
#	G	D	E	R	K	N	Q	S	T	A	V	L	I	F	Y	W	H	M	C	P
0	0.32377	0.00691	0.00664	0.00577	0.00778	0.04110	0.00458	0.10754	0.02176	0.11569	0.18334	0.03900	0.09892	0.01699	0.00375	0.00123	0.00296	0.00441	0.00337	0.00450
1	0.09006	0.00640	0.00768	0.04334	0.00940	0.00566	0.00504	0.04104	0.00886	0.16635	0.05271	0.07717	0.01015	0.00504	0.01490	0.00103	0.00311	0.04225	0.00302	0.40678
2	0.01458	0.01074	0.01151	0.00882	0.01189	0.01189	0.00729	0.82855	0.01803	0.02416	0.00921	0.00921	0.00652	0.00460	0.00384	0.00115	0.00422	0.00345	0.00384	0.00652
3	0.00474	0.00339	0.00451	0.00529	0.00558	0.00316	0.00356	0.00551	0.00767	0.01030	0.09683	0.78557	0.02636	0.01163	0.00486	0.00152	0.00219	0.01053	0.00362	0.00316
4	0.89233	0.00741	0.00564	0.00504	0.00741	0.00860	0.00415	0.01127	0.00653	0.01720	0.00534	0.00623	0.00415	0.00356	0.00237	0.00119	0.00297	0.00208	0.00237	0.00415
5	0.01720	0.00653	0.00890	0.00682	0.00979	0.00564	0.00564	0.01869	0.01097	0.84399	0.01513	0.01305	0.00949	0.00475	0.00386	0.00119	0.00326	0.00386	0.00475	0.00653
6	0.01458	0.01074	0.01151	0.00882	0.01189	0.01189	0.00729	0.82855	0.01803	0.02416	0.00921	0.00921	0.00652	0.00460	0.00384	0.00115	0.00422	0.00345	0.00384	0.00652
7	0.89233	0.00741	0.00564	0.00504	0.00741	0.00860	0.00415	0.01127	0.00653	0.01720	0.00534	0.00623	0.00415	0.00356	0.00237	0.00119	0.00297	0.00208	0.00237	0.00415
8	0.03520	0.00696	0.00909	0.00698	0.00994	0.00631	0.00577	0.09773	0.01157	0.74657	0.01434	0.01253	0.00909	0.00471	0.00382	0.00118	0.00335	0.00378	0.00461	0.00648
9	0.00474	0.00363	0.00435	0.00473	0.00545	0.00324	0.00334	0.00570	0.00840	0.01088	0.15772	0.43315	0.31981	0.01052	0.00470	0.00141	0.00206	0.00926	0.00366	0.00324
10	0.00661	0.00431	0.00484	0.00461	0.00497	0.00437	0.00286	0.06695	0.00681	0.02934	0.01212	0.02341	0.01322	0.72095	0.01685	0.00329	0.00364	0.02023	0.04779	0.00282
11	0.50515	0.00816	0.00776	0.00637	0.00902	0.00901	0.00525	0.22754	0.02650	0.15038	0.00811	0.00825	0.00577	0.00405	0.00302	0.00118	0.00334	0.00277	0.00316	0.00519
12	0.00568	0.00404	0.00512	0.00498	0.00594	0.00374	0.00374	0.00745	0.03026	0.03657	0.56497	0.12967	0.13409	0.00854	0.00457	0.00128	0.00201	0.03965	0.00404	0.00365
13	0.00550	0.00374	0.00442	0.00450	0.00468	0.00368	0.00278	0.00588	0.00660	0.00891	0.12634	0.10367	0.01838	0.63300	0.01551	0.00309	0.00331	0.04065	0.00275	0.00262
14	0.67068	0.00792	0.00656	0.00571	0.00814	0.05506	0.00465	0.01303	0.04385	0.14324	0.00732	0.00767	0.00535	0.00383	0.00273	0.00118	0.00323	0.00247	0.00278	0.00462
15	0.00998	0.00581	0.00676	0.00586	0.00765	0.00587	0.00465	0.11131	0.12569	0.18720	0.17520	0.01825	0.04763	0.00575	0.00377	0.00115	0.00264	0.03693	0.23300	0.00488
16	0.00554	0.00370	0.00419	0.00423	0.00424	0.00369	0.00237	0.00557	0.00564	0.00753	0.01243	0.05779	0.01439	0.83194	0.01894	0.00363	0.00366	0.00578	0.00237	0.00235
17	0.01458	0.00909	0.01022	0.00794	0.01081	0.00964	0.00652	0.52602	0.05739	0.23980	0.01129	0.01078	0.00776	0.00466	0.00378	0.00115	0.00377	0.00361	0.05487	0.00633
18	0.00682	0.00500	0.00739	0.00677	0.00791	0.00551	0.05066	0.03342	0.05794	0.05308	0.05027	0.01544	0.01082	0.04985	0.60449	0.00481	0.00835	0.00429	0.01327	0.00391
19	0.00490	0.00345	0.00448	0.00524	0.00561	0.00323	0.00362	0.00574	0.00764	0.01033	0.04627	0.70289	0.06782	0.01127	0.00476	0.00151	0.00224	0.05304	0.05278	0.00318
20	0.00644	0.00402	0.00478	0.00462	0.00524	0.00382	0.00305	0.00702	0.00725	0.08914	0.09796	0.08975	0.14204	0.46935	0.04697	0.00279	0.00337	0.00627	0.00301	0.00310
21	0.00795	0.00681	0.00795	0.00568	0.00909	0.00511	0.00454	0.00965	0.00795	0.01249	0.00681	0.00795	0.00568	0.00284	0.00284	0.00057	0.00284	0.00227	0.00227	0.88869
22	0.02152	0.05239	0.01235	0.03963	0.17538	0.18782	0.04615	0.09625	0.08744	0.08858	0.00841	0.00964	0.00661	0.00537	0.03873	0.00139	0.11119	0.00334	0.00253	0.00529
23	0.01627	0.00735	0.00933	0.00722	0.01016	0.00695	0.00594	0.15655	0.06449	0.65193	0.01415	0.01248	0.00913	0.00475	0.00386	0.00119	0.00341	0.00382	0.00454	0.00650
24	0.15777	0.00869	0.02065	0.09986	0.29937	0.05136	0.02488	0.02660	0.03324	0.02489	0.00703	0.00873	0.00568	0.00362	0.00373	0.00107	0.03887	0.00296	0.00216	0.17881
25	0.00483	0.00383	0.00435	0.00448	0.00550	0.00336	0.00334	0.00597	0.00896	0.01137	0.20071	0.16483	0.50123	0.00973	0.00463	0.00134	0.00205	0.05247	0.00370	0.00331
26	0.12976	0.00676	0.00782	0.00691	0.00892	0.00698	0.00564	0.22280	0.01114	0.20579	0.01437	0.15769	0.01330	0.00699	0.00413	0.00136	0.00336	0.17753	0.00374	0.00500
27	0.00490	0.00349	0.00439	0.00495	0.00524	0.00328	0.00324	0.00550	0.00724	0.00961	0.06446	0.57400	0.08256	0.19894	0.00806	0.00199	0.00251	0.00931	0.00332	0.00298
28	0.00562	0.00369	0.00437	0.00440	0.00445	0.00372	0.00259	0.00559	0.00563	0.00755	0.01191	0.05627	0.01357	0.71834	0.06487	0.07324	0.00399	0.00553	0.00230	0.00236
29	0.00549	0.00378	0.00445	0.00436	0.00468	0.00367	0.00273	0.00606	0.00726	0.00989	0.25619	0.02663	0.05532	0.57730	0.01448	0.00288	0.00308	0.00608	0.00293	0.00274
30	0.00511	0.00378	0.00424	0.00427	0.00488	0.00348	0.00283	0.00578	0.00764	0.00986	0.14716	0.09826	0.31117	0.36265	0.01074	0.00230	0.00268	0.00711	0.00315	0.00291
31	0.00795	0.00681	0.00795	0.00568	0.00909	0.00511	0.00454	0.00965	0.00795	0.01249	0.00681	0.00795	0.00568	0.00284	0.00284	0.00057	0.00284	0.00227	0.00227	0.88869
32	0.00490	0.00384	0.00445	0.00458	0.00558	0.00340	0.00343	0.00608	0.00904	0.01158	0.23113	0.16725	0.45174	0.00968	0.00464	0.00135	0.00207	0.06819	0.00372	0.00333
33	0.00788	0.00664	0.00780	0.00564	0.00888	0.00502	0.00448	0.00942	0.00780	0.01220	0.00681	0.00814	0.00573	0.00338	0.00346	0.04603	0.00286	0.00233	0.00224	0.84327
34	0.61620	0.00628	0.00519	0.00481	0.00667	0.00698	0.00377	0.00955	0.00698	0.01502	0.04719	0.04804	0.12633	0.07814	0.00433	0.00143	0.00280	0.00380	0.00267	0.00380
35	0.80797	0.04176	0.00638	0.00526	0.00765	0.00892	0.00436	0.01179	0.05271	0.01681	0.00591	0.00668	0.00460	0.00364	0.00246	0.00118	0.00302	0.00220	0.00243	0.00429

[dist]
# distance from previous block
# <min> <max>
0	10

[block]
# block no. 6 follows, 71 sequences, length 18
# corresponding to MSA columns:
# 460-474,479-481
name=unknown_G
#
# <colnr> <probs for GDERKNQSTAVLIFYWHMCP>
#	G	D	E	R	K	N	Q	S	T	A	V	L	I	F	Y	W	H	M	C	P
0	0.01705	0.00677	0.00905	0.00694	0.00991	0.00600	0.00573	0.06607	0.01139	0.79602	0.01478	0.01283	0.00932	0.00474	0.00385	0.00118	0.00332	0.00383	0.00469	0.00652
1	0.00769	0.00457	0.00663	0.00607	0.00671	0.00466	0.04492	0.05416	0.06494	0.03525	0.00848	0.04276	0.00796	0.01139	0.01218	0.65767	0.00348	0.01568	0.00215	0.00266
2	0.00670	0.00535	0.00686	0.00627	0.00749	0.02636	0.05562	0.00943	0.13551	0.02596	0.28044	0.06378	0.11367	0.06406	0.07060	0.05985	0.00344	0.05137	0.00338	0.00386
3	0.04227	0.00541	0.00679	0.00597	0.00773	0.00506	0.00458	0.02820	0.06457	0.36257	0.09375	0.22023	0.06780	0.06062	0.00513	0.00145	0.00282	0.00616	0.00403	0.00486
4	0.00610	0.00382	0.00448	0.00449	0.00468	0.00374	0.00267	0.00627	0.00611	0.05419	0.01348	0.13805	0.01524	0.70174	0.01666	0.00328	0.00349	0.00620	0.00263	0.00266
5	0.07112	0.00393	0.00486	0.00538	0.00604	0.00374	0.00378	0.00680	0.00766	0.06942	0.02063	0.66623	0.07345	0.01069	0.00462	0.00149	0.00237	0.03079	0.00355	0.00345
6	0.54047	0.00632	0.00585	0.00534	0.00734	0.00682	0.00422	0.01104	0.00748	0.14721	0.01132	0.18250	0.03943	0.00569	0.00320	0.00127	0.00283	0.00437	0.00303	0.00429
7	0.02433	0.00790	0.00880	0.00734	0.00950	0.00850	0.00578	0.34959	0.17113	0.12952	0.01290	0.08903	0.01093	0.11835	0.00602	0.00157	0.00358	0.02603	0.00372	0.00547
8	0.00825	0.00572	0.00651	0.00611	0.00762	0.02673	0.00476	0.02135	0.19986	0.12858	0.16054	0.10119	0.15501	0.02937	0.00474	0.00140	0.00278	0.10988	0.01510	0.00449
9	0.17620	0.00567	0.00657	0.00575	0.00767	0.00551	0.00451	0.01243	0.05733	0.30975	0.15995	0.13641	0.08378	0.00652	0.00390	0.00126	0.00268	0.00543	0.00389	0.00479
10	0.02916	0.00416	0.00561	0.00547	0.00602	0.00438	0.00394	0.00737	0.06462	0.03887	0.04516	0.01562	0.02313	0.08995	0.19380	0.42763	0.00475	0.02526	0.00228	0.00281
11	0.01432	0.01827	0.01087	0.00988	0.01185	0.84986	0.00741	0.01531	0.01087	0.00938	0.00593	0.00691	0.00494	0.00395	0.00346	0.00099	0.00691	0.00247	0.00198	0.00444
12	0.04133	0.00525	0.00689	0.06582	0.00880	0.00492	0.00488	0.01174	0.01941	0.33394	0.22258	0.10183	0.10673	0.02723	0.00454	0.00132	0.00279	0.02131	0.00398	0.00471
13	0.06813	0.00600	0.00768	0.00644	0.00871	0.00558	0.00519	0.01531	0.06833	0.52245	0.06492	0.10856	0.01345	0.00604	0.00398	0.00127	0.00301	0.05542	0.02399	0.00554
14	0.79547	0.00734	0.00593	0.00516	0.00763	0.00824	0.00424	0.01145	0.00680	0.04929	0.00583	0.00662	0.00447	0.00355	0.00246	0.00114	0.00297	0.00216	0.00246	0.06681
15	0.00765	0.00490	0.00536	0.00505	0.00629	0.00502	0.00389	0.09566	0.08472	0.02857	0.09028	0.07922	0.09003	0.02893	0.00402	0.00120	0.00238	0.05273	0.40002	0.00407
16	0.01909	0.00432	0.00542	0.00506	0.00621	0.00394	0.00379	0.00853	0.00952	0.14523	0.38205	0.10349	0.14628	0.10345	0.00612	0.00155	0.00239	0.03585	0.00389	0.00384
17	0.06319	0.00387	0.00485	0.00543	0.00588	0.00386	0.00386	0.00624	0.00712	0.01005	0.01766	0.48389	0.02044	0.15186	0.05196	0.01767	0.00316	0.13272	0.00316	0.00311

[dist]
# distance from previous block
# <min> <max>
3	5

[block]
# block no. 7 follows, 71 sequences, length 27
# corresponding to MSA columns:
# 487-513
name=unknown_H
#
# <colnr> <probs for GDERKNQSTAVLIFYWHMCP>
#	G	D	E	R	K	N	Q	S	T	A	V	L	I	F	Y	W	H	M	C	P
0	0.00577	0.00411	0.00494	0.00493	0.00532	0.00422	0.00328	0.03698	0.00670	0.00894	0.01515	0.10524	0.08927	0.49948	0.15074	0.00350	0.01534	0.03061	0.00260	0.00288
1	0.01014	0.83200	0.05471	0.00674	0.01012	0.01491	0.00688	0.01151	0.00780	0.00915	0.00540	0.00623	0.00492	0.00330	0.00251	0.00084	0.00417	0.00208	0.00164	0.00495
2	0.00569	0.00435	0.00629	0.00617	0.00672	0.00513	0.00472	0.00685	0.00607	0.00873	0.01015	0.01590	0.00984	0.13464	0.68653	0.00554	0.06705	0.00425	0.00206	0.00333
3	0.07591	0.00669	0.00862	0.00675	0.00955	0.00610	0.00554	0.06715	0.01093	0.69749	0.01439	0.05319	0.00971	0.00501	0.00380	0.00120	0.00325	0.00405	0.00447	0.00620
4	0.22305	0.00683	0.00819	0.00645	0.00928	0.00647	0.00532	0.03450	0.01008	0.63168	0.01270	0.01136	0.00817	0.00446	0.00351	0.00119	0.00321	0.00343	0.00417	0.00597
5	0.00839	0.00839	0.01174	0.01007	0.01007	0.01174	0.00839	0.00923	0.00587	0.00923	0.00503	0.00839	0.00503	0.00671	0.01258	0.00168	0.85823	0.00336	0.00168	0.00419
6	0.00475	0.00343	0.00445	0.00516	0.00550	0.00318	0.00347	0.00550	0.00762	0.01014	0.08103	0.71680	0.07902	0.04381	0.00540	0.00160	0.00223	0.01023	0.00356	0.00313
7	0.83263	0.00735	0.00586	0.00516	0.00758	0.00840	0.00425	0.01178	0.00683	0.07361	0.00601	0.00669	0.00452	0.00364	0.00247	0.00119	0.00299	0.00220	0.00253	0.00431
8	0.89233	0.00741	0.00564	0.00504	0.00741	0.00860	0.00415	0.01127	0.00653	0.01720	0.00534	0.00623	0.00415	0.00356	0.00237	0.00119	0.00297	0.00208	0.00237	0.00415
9	0.03434	0.00927	0.01009	0.00818	0.01079	0.01019	0.00676	0.58625	0.08278	0.04054	0.01135	0.01431	0.00912	0.00541	0.00396	0.00124	0.00389	0.11057	0.03504	0.00593
10	0.00675	0.00405	0.00522	0.00524	0.00620	0.00367	0.00385	0.00775	0.00877	0.12962	0.19073	0.34340	0.16961	0.00972	0.00515	0.04783	0.00235	0.04266	0.00376	0.00367
11	0.00930	0.00500	0.00650	0.00583	0.00743	0.00463	0.00463	0.04199	0.01011	0.26732	0.25229	0.08598	0.12361	0.00902	0.06186	0.00163	0.00315	0.09119	0.00402	0.00451
12	0.89233	0.00741	0.00564	0.00504	0.00741	0.00860	0.00415	0.01127	0.00653	0.01720	0.00534	0.00623	0.00415	0.00356	0.00237	0.00119	0.00297	0.00208	0.00237	0.00415
13	0.00537	0.00381	0.00447	0.00450	0.00535	0.00342	0.00321	0.00624	0.00846	0.03134	0.20730	0.16525	0.35347	0.09214	0.00668	0.06183	0.00225	0.00752	0.02420	0.00319
14	0.03222	0.00449	0.00580	0.00550	0.00666	0.00422	0.00405	0.00933	0.00839	0.22475	0.10581	0.28472	0.07609	0.11380	0.09406	0.00213	0.00346	0.00688	0.00360	0.00402
15	0.00559	0.00402	0.00598	0.00598	0.00658	0.00462	0.00457	0.00663	0.00603	0.00864	0.01001	0.01514	0.00949	0.05950	0.74286	0.08561	0.00939	0.00409	0.00203	0.00322
16	0.75641	0.00710	0.00580	0.00512	0.00747	0.00798	0.00420	0.01152	0.00706	0.08816	0.00846	0.00890	0.06140	0.00408	0.00265	0.00119	0.00292	0.00264	0.00266	0.00430
17	0.00632	0.00395	0.00597	0.06362	0.02770	0.00420	0.00448	0.00606	0.00587	0.00795	0.00944	0.05475	0.02893	0.01600	0.21854	0.49994	0.00511	0.02670	0.00196	0.00254
18	0.00576	0.00403	0.00570	0.05432	0.00712	0.00434	0.00433	0.01643	0.00661	0.00905	0.03212	0.14032	0.06864	0.08638	0.35816	0.16890	0.00604	0.00535	0.01335	0.00304
19	0.00529	0.00389	0.00467	0.00472	0.00555	0.00370	0.00342	0.00627	0.00781	0.02599	0.09611	0.13061	0.33805	0.14335	0.16765	0.00261	0.00387	0.01978	0.02344	0.00323
20	0.01300	0.05688	0.01254	0.03127	0.18343	0.15244	0.03653	0.26561	0.05798	0.13890	0.00916	0.00963	0.00674	0.00416	0.00372	0.00112	0.00463	0.00335	0.00303	0.00587
21	0.00865	0.04621	0.16383	0.08502	0.24495	0.02658	0.14764	0.01139	0.03770	0.01157	0.00768	0.00977	0.01788	0.00429	0.00487	0.04763	0.05376	0.00344	0.00193	0.06521
22	0.00857	0.00859	0.03915	0.20990	0.25982	0.05023	0.12716	0.03239	0.02633	0.02730	0.02272	0.05668	0.06313	0.03769	0.00470	0.00133	0.01279	0.00437	0.00225	0.00491
23	0.00677	0.00517	0.00727	0.24302	0.01220	0.00552	0.00613	0.01674	0.02076	0.06484	0.11132	0.07602	0.21116	0.01750	0.04022	0.00159	0.02364	0.12312	0.00308	0.00391
24	0.00912	0.11575	0.13822	0.14818	0.31286	0.01014	0.07281	0.05583	0.00865	0.01195	0.00684	0.00895	0.00552	0.00382	0.00440	0.00119	0.07526	0.00324	0.00189	0.00539
25	0.00869	0.01218	0.28281	0.14764	0.32316	0.00890	0.07988	0.03162	0.00859	0.02774	0.00736	0.00942	0.00567	0.00422	0.02474	0.00132	0.00527	0.00335	0.00189	0.00554
26	0.02188	0.03390	0.10525	0.17175	0.11623	0.03869	0.27617	0.02694	0.00884	0.06366	0.00960	0.01247	0.04153	0.01995	0.00434	0.00129	0.00520	0.03509	0.00220	0.00503

[dist]
# distance from previous block
# <min> <max>
0	21

# created by:
# /st0/software/busco_prod/Augustus/scripts/msa2prfl.pl ./align_prep/20145.fa
