[name]
unknown

[dist]
# distance from previous block
# <min> <max>
0	1

[block]
# block no. 0 follows, 49 sequences, length 65
# corresponding to MSA columns:
# 2-25,27-35,39-70
name=unknown_A
#
# <colnr> <probs for GDERKNQSTAVLIFYWHMCP>
#	G	D	E	R	K	N	Q	S	T	A	V	L	I	F	Y	W	H	M	C	P
0	0.01447	0.00813	0.01031	0.00843	0.01182	0.00700	0.00692	0.01725	0.05285	0.30565	0.05293	0.02375	0.03038	0.00715	0.00504	0.00144	0.00405	0.13975	0.00477	0.28790
1	0.00800	0.00525	0.00664	0.00631	0.00762	0.00475	0.00469	0.00954	0.01261	0.06693	0.44456	0.08384	0.20852	0.01172	0.00738	0.09020	0.00279	0.00905	0.00501	0.00460
2	0.01147	0.01459	0.17039	0.02228	0.32339	0.01157	0.24659	0.02894	0.01177	0.01664	0.04991	0.04734	0.01068	0.00528	0.00537	0.00161	0.00674	0.00545	0.00274	0.00723
3	0.00648	0.00455	0.00582	0.00665	0.00692	0.00432	0.00432	0.00722	0.00933	0.01249	0.05670	0.60220	0.03051	0.20471	0.01096	0.00270	0.00337	0.01251	0.00435	0.00389
4	0.01248	0.01207	0.01994	0.15004	0.52546	0.03298	0.08585	0.05488	0.01203	0.01662	0.00958	0.01263	0.00776	0.00466	0.00507	0.00153	0.00638	0.00458	0.00261	0.02284
5	0.00962	0.00595	0.00825	0.03806	0.00908	0.02522	0.02146	0.04779	0.00813	0.01079	0.00929	0.01511	0.00884	0.01688	0.06896	0.65886	0.00533	0.00444	0.00242	0.02553
6	0.01053	0.00913	0.01113	0.02794	0.02895	0.00706	0.01917	0.01285	0.01052	0.01639	0.00902	0.01065	0.00749	0.00380	0.00384	0.00080	0.00395	0.00311	0.00296	0.80070
7	0.00806	0.00458	0.00629	0.00639	0.00675	0.00441	0.00437	0.00686	0.00781	0.01010	0.01820	0.07154	0.15021	0.04051	0.01634	0.60192	0.00400	0.02600	0.00288	0.00277
8	0.00658	0.00482	0.00638	0.00726	0.00781	0.00462	0.00518	0.00780	0.01042	0.01392	0.10442	0.59741	0.07303	0.01478	0.00665	0.00202	0.02007	0.09784	0.00472	0.00427
9	0.85801	0.00978	0.00743	0.00665	0.00978	0.01134	0.00548	0.01486	0.00861	0.02269	0.00704	0.00821	0.00548	0.00469	0.00313	0.00156	0.00391	0.00274	0.00313	0.00548
10	0.00639	0.00514	0.00569	0.00555	0.00708	0.00444	0.00417	0.00805	0.01250	0.01596	0.30770	0.04487	0.53078	0.01195	0.00597	0.00167	0.00250	0.01014	0.00500	0.00444
11	0.01679	0.00734	0.00954	0.00775	0.01076	0.00636	0.00622	0.01860	0.01365	0.51143	0.11900	0.02701	0.18953	0.02515	0.00582	0.00167	0.00370	0.00686	0.00576	0.00707
12	0.00605	0.00513	0.00523	0.00520	0.00688	0.00430	0.00390	0.00741	0.01171	0.01410	0.09990	0.04795	0.73975	0.01264	0.00598	0.00170	0.00255	0.01057	0.00475	0.00430
13	0.01049	0.00899	0.01049	0.00749	0.01198	0.00674	0.00599	0.01273	0.01049	0.01648	0.00899	0.01049	0.00749	0.00374	0.00374	0.00075	0.00374	0.00300	0.00300	0.85320
14	0.01224	0.00738	0.00784	0.00687	0.00892	0.00775	0.00539	0.17010	0.07751	0.06089	0.03768	0.01855	0.02997	0.00630	0.00418	0.00133	0.00326	0.00503	0.52286	0.00597
15	0.00828	0.00543	0.00645	0.00628	0.00703	0.00524	0.00415	0.03731	0.01026	0.05505	0.15441	0.15494	0.08992	0.41510	0.01580	0.00332	0.00396	0.00880	0.00413	0.00412
16	0.00616	0.00455	0.00577	0.00670	0.00726	0.00416	0.00456	0.00716	0.01014	0.01328	0.05720	0.66589	0.15835	0.01516	0.00636	0.00198	0.00285	0.01359	0.00472	0.00416
17	0.00623	0.00527	0.00540	0.00534	0.00704	0.00451	0.00401	0.00791	0.03100	0.01432	0.10330	0.04714	0.71620	0.01248	0.00595	0.00170	0.00258	0.01044	0.00477	0.00440
18	0.12767	0.01084	0.01225	0.00958	0.01323	0.01119	0.00783	0.33117	0.01715	0.33633	0.01484	0.01487	0.01033	0.05241	0.00600	0.00174	0.00481	0.00469	0.00518	0.00789
19	0.13188	0.00687	0.00737	0.00692	0.00812	0.00742	0.00487	0.06142	0.07693	0.01556	0.07144	0.07164	0.03679	0.36826	0.06397	0.00349	0.01920	0.00673	0.02652	0.00460
20	0.00669	0.00557	0.00591	0.00602	0.00757	0.00509	0.00443	0.00922	0.08979	0.01428	0.04361	0.19372	0.56455	0.01278	0.00598	0.00177	0.00278	0.01088	0.00474	0.00462
21	0.68924	0.00991	0.00853	0.00730	0.01060	0.01111	0.00602	0.06706	0.01041	0.12725	0.00912	0.00969	0.00663	0.00500	0.00352	0.00156	0.00408	0.00318	0.00368	0.00611
22	0.00717	0.00536	0.00801	0.00807	0.00894	0.00621	0.00624	0.00893	0.00821	0.01180	0.01429	0.06163	0.01373	0.03677	0.76066	0.00781	0.01299	0.00589	0.00281	0.00449
23	0.42782	0.01087	0.00930	0.00806	0.01097	0.07599	0.00637	0.11308	0.07897	0.02122	0.02352	0.03217	0.00944	0.05644	0.00527	0.00170	0.00451	0.00404	0.03358	0.06667
24	0.06183	0.01178	0.01346	0.01036	0.01431	0.01226	0.00856	0.44485	0.01941	0.32823	0.01493	0.01392	0.00997	0.00608	0.00497	0.00154	0.00499	0.00467	0.00543	0.00845
25	0.01072	0.01062	0.01506	0.01296	0.01310	0.01461	0.02447	0.01189	0.00793	0.01227	0.00799	0.05356	0.00821	0.00988	0.03612	0.00235	0.73544	0.00500	0.00236	0.00545
26	0.00726	0.00517	0.00716	0.00721	0.00782	0.00569	0.00520	0.00832	0.00799	0.01116	0.01550	0.05809	0.03432	0.24921	0.49577	0.05086	0.00998	0.00641	0.00291	0.00397
27	0.00735	0.00493	0.00564	0.00564	0.00569	0.00497	0.00322	0.00744	0.00739	0.00990	0.01581	0.03244	0.01810	0.78354	0.06409	0.00506	0.00533	0.00726	0.00305	0.00314
28	0.00636	0.00514	0.00565	0.00553	0.00707	0.00443	0.00414	0.00800	0.01243	0.01581	0.29090	0.04512	0.54768	0.01200	0.00597	0.00167	0.00250	0.01018	0.00498	0.00443
29	0.00650	0.00454	0.00577	0.00660	0.00681	0.00433	0.00423	0.00713	0.00902	0.01202	0.02445	0.59409	0.02913	0.24662	0.01197	0.00287	0.00350	0.01237	0.00423	0.00381
30	0.01368	0.01108	0.01619	0.28206	0.06187	0.01222	0.10420	0.23538	0.07756	0.06899	0.01277	0.05885	0.01003	0.00605	0.00525	0.00165	0.00599	0.00538	0.00374	0.00705
31	0.03080	0.06996	0.01563	0.02725	0.04521	0.41337	0.02871	0.03569	0.03262	0.01339	0.00825	0.01079	0.00721	0.02687	0.00813	0.00166	0.21205	0.00385	0.00262	0.00597
32	0.00979	0.02402	0.01104	0.06952	0.01160	0.03131	0.00754	0.04497	0.00874	0.01213	0.01139	0.02080	0.01195	0.34215	0.07417	0.00361	0.29228	0.00564	0.00274	0.00463
33	0.00877	0.00529	0.00700	0.00754	0.00850	0.00498	0.00560	0.01008	0.01056	0.10681	0.02589	0.44342	0.04621	0.08484	0.00802	0.00228	0.00363	0.17915	0.02674	0.00470
34	0.03811	0.05974	0.03439	0.01126	0.01519	0.01523	0.00951	0.59239	0.08848	0.04860	0.01248	0.01248	0.00901	0.00604	0.00516	0.00153	0.02286	0.00450	0.00475	0.00826
35	0.01027	0.00861	0.01118	0.03958	0.10955	0.02502	0.02797	0.06493	0.10579	0.01671	0.10728	0.09632	0.07091	0.05564	0.02033	0.05569	0.02434	0.03401	0.00386	0.11201
36	0.04687	0.01261	0.07104	0.14392	0.17098	0.06281	0.09372	0.08154	0.07972	0.07758	0.02622	0.02633	0.02875	0.00606	0.01705	0.00166	0.00611	0.00494	0.00337	0.03873
37	0.01267	0.05341	0.12544	0.08299	0.21843	0.03214	0.19440	0.07195	0.03137	0.05722	0.03140	0.04450	0.00997	0.00540	0.00521	0.00159	0.00653	0.00520	0.00304	0.00717
38	0.01156	0.01303	0.02827	0.02038	0.02518	0.01222	0.72204	0.01560	0.01179	0.01598	0.01139	0.06645	0.00936	0.00502	0.00600	0.00173	0.00816	0.00652	0.00270	0.00664
39	0.00691	0.00494	0.00587	0.00619	0.00729	0.00441	0.00447	0.00799	0.01087	0.03300	0.10370	0.29766	0.35617	0.01363	0.00705	0.06146	0.00290	0.03589	0.02535	0.00425
40	0.06986	0.00660	0.00795	0.00770	0.03275	0.00663	0.00547	0.08297	0.02885	0.06398	0.04168	0.04004	0.19435	0.03282	0.03046	0.30697	0.00418	0.00628	0.02595	0.00450
41	0.00731	0.00507	0.00636	0.00636	0.00665	0.00536	0.00412	0.00790	0.00760	0.01043	0.01516	0.02881	0.01652	0.56831	0.27717	0.00595	0.00770	0.00673	0.00295	0.00353
42	0.01093	0.01803	0.32709	0.01788	0.02366	0.01193	0.43864	0.01565	0.01133	0.01595	0.01070	0.05458	0.00853	0.00508	0.00554	0.00168	0.00782	0.00554	0.00250	0.00693
43	0.05334	0.00586	0.00660	0.00629	0.00732	0.00586	0.00432	0.04047	0.02933	0.05957	0.13360	0.10223	0.05300	0.35242	0.01381	0.00298	0.00386	0.00756	0.10713	0.00445
44	0.01282	0.00881	0.00979	0.00846	0.01071	0.02736	0.00663	0.25700	0.03493	0.06699	0.01655	0.08140	0.03913	0.04816	0.15360	0.00286	0.00597	0.00585	0.17961	0.02335
45	0.00817	0.00551	0.00766	0.00785	0.00891	0.00519	0.03353	0.01001	0.03680	0.07653	0.12588	0.52429	0.05100	0.01343	0.00624	0.00194	0.00332	0.06405	0.00487	0.00482
46	0.01423	0.01108	0.01179	0.01000	0.01307	0.01235	0.00795	0.26825	0.41114	0.04175	0.02015	0.03070	0.07418	0.00715	0.00513	0.00163	0.00432	0.00580	0.04161	0.00772
47	0.00815	0.00611	0.00798	0.00903	0.01013	0.02685	0.00765	0.01027	0.01155	0.01494	0.05010	0.15140	0.02963	0.01386	0.00682	0.00224	0.00449	0.61954	0.00463	0.00462
48	0.00656	0.00535	0.00584	0.00579	0.00733	0.00476	0.00431	0.00867	0.04802	0.01544	0.21349	0.10357	0.52853	0.01221	0.00597	0.00171	0.00262	0.01038	0.00491	0.00454
49	0.05317	0.00467	0.00663	0.00659	0.00675	0.00476	0.00445	0.00702	0.00669	0.00951	0.00869	0.01500	0.00861	0.01689	0.01889	0.80838	0.00437	0.00431	0.00224	0.00237
50	0.00675	0.00505	0.00585	0.00596	0.00725	0.00444	0.00433	0.00818	0.01172	0.03594	0.20716	0.22800	0.41297	0.02517	0.00636	0.00181	0.00269	0.01101	0.00491	0.00444
51	0.01906	0.01440	0.01496	0.01161	0.01555	0.05045	0.00953	0.70376	0.04678	0.04422	0.01235	0.01231	0.00879	0.00606	0.00504	0.00151	0.00565	0.00454	0.00497	0.00846
52	0.00722	0.00542	0.00813	0.00813	0.00903	0.00632	0.00632	0.00903	0.00813	0.01174	0.01354	0.01987	0.01264	0.03792	0.80225	0.00813	0.01354	0.00542	0.00271	0.00451
53	0.00938	0.00562	0.00768	0.00745	0.00874	0.00563	0.00560	0.01075	0.00997	0.13538	0.05386	0.17484	0.10805	0.06079	0.33203	0.03993	0.00756	0.00787	0.00399	0.00490
54	0.00701	0.00523	0.00719	0.00888	0.07045	0.00504	0.00559	0.00807	0.00966	0.01291	0.02498	0.54325	0.05193	0.13160	0.02758	0.00257	0.00382	0.06567	0.00423	0.00433
55	0.02269	0.00861	0.01174	0.00900	0.01291	0.00743	0.00743	0.02464	0.01447	0.79425	0.01995	0.01721	0.01252	0.00626	0.00509	0.00156	0.00430	0.00509	0.00626	0.00861
56	0.00615	0.00510	0.00510	0.00510	0.00678	0.00429	0.00383	0.00749	0.01148	0.01392	0.04947	0.04715	0.74938	0.01246	0.00585	0.00168	0.00255	0.01037	0.04755	0.00429
57	0.00841	0.00673	0.00988	0.01105	0.11712	0.00717	0.02636	0.01050	0.04824	0.01309	0.05061	0.06463	0.06500	0.14717	0.31805	0.05358	0.02785	0.00651	0.00317	0.00487
58	0.01172	0.00976	0.01179	0.01252	0.13159	0.01062	0.00840	0.03890	0.44836	0.04193	0.15738	0.02252	0.05775	0.00738	0.00531	0.00165	0.00400	0.00634	0.00482	0.00727
59	0.04403	0.10537	0.03179	0.03304	0.05112	0.37951	0.00933	0.11451	0.01389	0.01593	0.00984	0.06323	0.00870	0.00571	0.00451	0.00133	0.00688	0.00415	0.00305	0.09407
60	0.01079	0.00903	0.01054	0.00759	0.01203	0.00691	0.00607	0.01334	0.03064	0.03238	0.00951	0.01084	0.00780	0.00388	0.00381	0.00079	0.00376	0.00311	0.00312	0.81407
61	0.85801	0.00978	0.00743	0.00665	0.00978	0.01134	0.00548	0.01486	0.00861	0.02269	0.00704	0.00821	0.00548	0.00469	0.00313	0.00156	0.00391	0.00274	0.00313	0.00548
62	0.01374	0.01294	0.05379	0.14098	0.17308	0.05705	0.04864	0.23450	0.10251	0.02029	0.01290	0.03391	0.02856	0.00672	0.02482	0.00175	0.01790	0.00503	0.00360	0.00729
63	0.03296	0.00904	0.01043	0.00757	0.01189	0.00709	0.00606	0.03818	0.01102	0.01729	0.03702	0.01146	0.00892	0.00408	0.00385	0.00083	0.00376	0.00326	0.00316	0.77212
64	0.04300	0.00895	0.01037	0.02623	0.01229	0.00735	0.00627	0.03481	0.03931	0.03662	0.02529	0.03391	0.02590	0.00469	0.00403	0.00095	0.00382	0.00380	0.00333	0.66907

[dist]
# distance from previous block
# <min> <max>
6	43

[block]
# block no. 1 follows, 49 sequences, length 80
# corresponding to MSA columns:
# 114-193
name=unknown_B
#
# <colnr> <probs for GDERKNQSTAVLIFYWHMCP>
#	G	D	E	R	K	N	Q	S	T	A	V	L	I	F	Y	W	H	M	C	P
0	0.22018	0.02731	0.05826	0.05850	0.08959	0.10233	0.04522	0.04885	0.04494	0.01711	0.01042	0.01269	0.02917	0.00769	0.04743	0.01711	0.12158	0.00419	0.03136	0.00606
1	0.03432	0.04457	0.40148	0.03340	0.03674	0.01183	0.16023	0.04965	0.04639	0.03860	0.05458	0.01403	0.02385	0.00541	0.00531	0.00162	0.02329	0.00475	0.00287	0.00709
2	0.00879	0.00461	0.00672	0.00673	0.00688	0.00463	0.00459	0.00722	0.02556	0.00940	0.01066	0.01758	0.02828	0.01708	0.01867	0.78477	0.00435	0.02862	0.00241	0.00246
3	0.01207	0.01137	0.01691	0.23460	0.33387	0.05377	0.04079	0.04348	0.07237	0.03236	0.01222	0.03383	0.03506	0.00570	0.00559	0.00162	0.03950	0.00504	0.00294	0.00692
4	0.01297	0.01400	0.01484	0.31381	0.08557	0.25179	0.02505	0.03107	0.04673	0.01403	0.04294	0.01368	0.00930	0.02791	0.00649	0.00168	0.07496	0.00447	0.00273	0.00596
5	0.00773	0.00518	0.00739	0.00734	0.00782	0.00575	0.00531	0.00815	0.00758	0.01062	0.01262	0.02103	0.01261	0.18110	0.43636	0.22494	0.02666	0.00550	0.00263	0.00366
6	0.00943	0.00471	0.00471	0.00471	0.00589	0.00471	0.00353	0.01178	0.01060	0.01885	0.01650	0.01885	0.01296	0.00589	0.00353	0.00118	0.00236	0.00471	0.85036	0.00471
7	0.01310	0.03108	0.01896	0.07260	0.59329	0.06196	0.01406	0.01684	0.07264	0.04116	0.01053	0.01291	0.00854	0.00482	0.00495	0.00151	0.00602	0.00450	0.00282	0.00772
8	0.01183	0.01130	0.01895	0.04513	0.70041	0.01126	0.01438	0.01468	0.01149	0.01617	0.01345	0.01596	0.08196	0.00530	0.00510	0.00153	0.00570	0.00509	0.00271	0.00760
9	0.00943	0.00471	0.00471	0.00471	0.00589	0.00471	0.00353	0.01178	0.01060	0.01885	0.01650	0.01885	0.01296	0.00589	0.00353	0.00118	0.00236	0.00471	0.85036	0.00471
10	0.01439	0.06586	0.11499	0.08383	0.10033	0.32187	0.19558	0.01733	0.01243	0.01419	0.00878	0.01106	0.00695	0.00480	0.00494	0.00148	0.00804	0.00417	0.00247	0.00653
11	0.06143	0.01844	0.01256	0.01127	0.01388	0.50339	0.00857	0.07927	0.07297	0.04531	0.02816	0.04341	0.02688	0.00613	0.00467	0.00141	0.00713	0.00437	0.04458	0.00615
12	0.00751	0.03405	0.00817	0.00754	0.00835	0.00645	0.00565	0.00882	0.00800	0.01125	0.01372	0.02222	0.01358	0.20682	0.58648	0.02755	0.01116	0.00572	0.00275	0.00421
13	0.01252	0.01201	0.02053	0.03104	0.79074	0.01201	0.01552	0.01552	0.01151	0.01652	0.00951	0.01252	0.00801	0.00451	0.00501	0.00150	0.00601	0.00451	0.00250	0.00801
14	0.01049	0.00899	0.01049	0.00749	0.01198	0.00674	0.00599	0.01273	0.01049	0.01648	0.00899	0.01049	0.00749	0.00374	0.00374	0.00075	0.00374	0.00300	0.00300	0.85320
15	0.01021	0.02277	0.64128	0.01305	0.01993	0.01076	0.01618	0.01537	0.01064	0.01611	0.00906	0.01064	0.00662	0.00460	0.00460	0.00143	0.00674	0.00359	0.00230	0.17413
16	0.00955	0.00899	0.01517	0.81013	0.03483	0.01123	0.01404	0.01292	0.01011	0.01292	0.00899	0.01348	0.00674	0.00506	0.00506	0.00169	0.00674	0.00449	0.00225	0.00562
17	0.01751	0.01139	0.01275	0.01035	0.01387	0.01227	0.00836	0.30145	0.29330	0.21974	0.01723	0.01597	0.01213	0.00640	0.00507	0.00159	0.00462	0.00511	0.02258	0.00831
18	0.01106	0.01106	0.01549	0.01328	0.01328	0.01549	0.01106	0.01217	0.00774	0.01217	0.00664	0.01106	0.00664	0.00885	0.01659	0.00221	0.81303	0.00443	0.00221	0.00553
19	0.01106	0.01106	0.01549	0.01328	0.01328	0.01549	0.01106	0.01217	0.00774	0.01217	0.00664	0.01106	0.00664	0.00885	0.01659	0.00221	0.81303	0.00443	0.00221	0.00553
20	0.00943	0.00471	0.00471	0.00471	0.00589	0.00471	0.00353	0.01178	0.01060	0.01885	0.01650	0.01885	0.01296	0.00589	0.00353	0.00118	0.00236	0.00471	0.85036	0.00471
21	0.01254	0.01191	0.02012	0.09322	0.67533	0.01213	0.03607	0.04751	0.01193	0.01687	0.00960	0.01261	0.00792	0.00461	0.00504	0.00152	0.00612	0.00455	0.00259	0.00781
22	0.01288	0.01088	0.01292	0.04189	0.09527	0.01217	0.02555	0.08756	0.53156	0.03717	0.03701	0.01873	0.04025	0.00669	0.00518	0.00167	0.00446	0.00569	0.00472	0.00775
23	0.00943	0.00471	0.00471	0.00471	0.00589	0.00471	0.00353	0.01178	0.01060	0.01885	0.01650	0.01885	0.01296	0.00589	0.00353	0.00118	0.00236	0.00471	0.85036	0.00471
24	0.09619	0.03560	0.01625	0.06063	0.15121	0.44662	0.07216	0.01815	0.01279	0.03302	0.00857	0.01040	0.00692	0.00496	0.00463	0.00142	0.00771	0.00374	0.00269	0.00634
25	0.01195	0.01196	0.02271	0.03543	0.17652	0.01168	0.41668	0.03245	0.08792	0.03550	0.07796	0.01669	0.02701	0.00534	0.00564	0.00165	0.00674	0.00593	0.00323	0.00701
26	0.00943	0.00471	0.00471	0.00471	0.00589	0.00471	0.00353	0.01178	0.01060	0.01885	0.01650	0.01885	0.01296	0.00589	0.00353	0.00118	0.00236	0.00471	0.85036	0.00471
27	0.00705	0.00516	0.00661	0.00625	0.00749	0.00473	0.00469	0.00933	0.01406	0.01967	0.72063	0.03877	0.11553	0.01056	0.00597	0.00160	0.00240	0.00928	0.00549	0.00473
28	0.00625	0.00446	0.00596	0.00714	0.00747	0.00418	0.00484	0.00719	0.00976	0.01300	0.02782	0.78665	0.03326	0.01576	0.00648	0.00207	0.00301	0.04588	0.00469	0.00413
29	0.02483	0.00873	0.02586	0.01363	0.12793	0.00822	0.11775	0.04256	0.01296	0.11595	0.18686	0.04755	0.02349	0.00886	0.00590	0.00180	0.00490	0.21164	0.00439	0.00618
30	0.00815	0.00582	0.00815	0.00931	0.01048	0.00582	0.00815	0.01048	0.01164	0.01513	0.02677	0.05704	0.02910	0.01397	0.00698	0.00233	0.00466	0.75671	0.00466	0.00466
31	0.01352	0.82533	0.02650	0.00865	0.01298	0.02001	0.00865	0.01514	0.01027	0.01190	0.00703	0.00811	0.00649	0.00433	0.00324	0.00108	0.00541	0.00270	0.00216	0.00649
32	0.01106	0.01106	0.01549	0.01328	0.01328	0.01549	0.01106	0.01217	0.00774	0.01217	0.00664	0.01106	0.00664	0.00885	0.01659	0.00221	0.81303	0.00443	0.00221	0.00553
33	0.01106	0.01106	0.01549	0.01328	0.01328	0.01549	0.01106	0.01217	0.00774	0.01217	0.00664	0.01106	0.00664	0.00885	0.01659	0.00221	0.81303	0.00443	0.00221	0.00553
34	0.00943	0.00471	0.00471	0.00471	0.00589	0.00471	0.00353	0.01178	0.01060	0.01885	0.01650	0.01885	0.01296	0.00589	0.00353	0.00118	0.00236	0.00471	0.85036	0.00471
35	0.01049	0.00899	0.01049	0.00749	0.01198	0.00674	0.00599	0.01273	0.01049	0.01648	0.00899	0.01049	0.00749	0.00374	0.00374	0.00075	0.00374	0.00300	0.00300	0.85320
36	0.00875	0.00440	0.00656	0.00656	0.00656	0.00440	0.00436	0.00661	0.00661	0.00881	0.00895	0.01579	0.00901	0.03673	0.01991	0.83268	0.00440	0.00446	0.00222	0.00222
37	0.01258	0.01086	0.01143	0.01029	0.01315	0.01258	0.00800	0.02687	0.78161	0.02115	0.02058	0.01887	0.01544	0.00686	0.00515	0.00172	0.00400	0.00572	0.00515	0.00800
38	0.00963	0.00791	0.00894	0.00971	0.02634	0.09727	0.00776	0.01158	0.01134	0.04313	0.02244	0.14594	0.02392	0.01582	0.10897	0.00288	0.00610	0.43123	0.00419	0.00492
39	0.01889	0.02410	0.01433	0.01303	0.01563	0.80199	0.00977	0.02019	0.01433	0.01238	0.00782	0.00912	0.00651	0.00521	0.00456	0.00130	0.00912	0.00326	0.00261	0.00586
40	0.00943	0.00471	0.00471	0.00471	0.00589	0.00471	0.00353	0.01178	0.01060	0.01885	0.01650	0.01885	0.01296	0.00589	0.00353	0.00118	0.00236	0.00471	0.85036	0.00471
41	0.00710	0.00514	0.00670	0.00636	0.00753	0.00474	0.00475	0.00942	0.01411	0.01992	0.74970	0.06295	0.06142	0.01056	0.00598	0.00161	0.00241	0.00934	0.00552	0.00474
42	0.85801	0.00978	0.00743	0.00665	0.00978	0.01134	0.00548	0.01486	0.00861	0.02269	0.00704	0.00821	0.00548	0.00469	0.00313	0.00156	0.00391	0.00274	0.00313	0.00548
43	0.01013	0.00851	0.01027	0.00946	0.01032	0.07594	0.00734	0.01142	0.00887	0.06004	0.01247	0.04031	0.01204	0.14429	0.34830	0.00500	0.21196	0.00550	0.00290	0.00491
44	0.17917	0.01393	0.03184	0.13560	0.21024	0.19112	0.05138	0.03192	0.01146	0.03034	0.00896	0.01144	0.00720	0.00642	0.04020	0.00182	0.02386	0.00399	0.00273	0.00641
45	0.01874	0.02380	0.01426	0.01296	0.01558	0.78386	0.00973	0.02035	0.03195	0.01258	0.00811	0.00934	0.00672	0.00525	0.00457	0.00131	0.00900	0.00331	0.00266	0.00591
46	0.00726	0.00510	0.00636	0.00673	0.00714	0.00518	0.00455	0.00831	0.02683	0.01169	0.02028	0.21245	0.03510	0.41542	0.11618	0.00424	0.00546	0.09427	0.00365	0.00380
47	0.07042	0.00901	0.01038	0.00756	0.01191	0.00712	0.00608	0.01391	0.01070	0.08379	0.00980	0.01091	0.00778	0.00403	0.00382	0.00088	0.00380	0.00316	0.00329	0.72167
48	0.01108	0.01109	0.01581	0.01338	0.01366	0.01516	0.03526	0.01231	0.00795	0.01242	0.00682	0.01113	0.00669	0.00857	0.01591	0.00216	0.76532	0.00444	0.00224	0.02862
49	0.00735	0.00490	0.00552	0.00552	0.00552	0.00490	0.00306	0.00735	0.00735	0.00980	0.01593	0.03309	0.01838	0.82229	0.02574	0.00490	0.00490	0.00735	0.00306	0.00306
50	0.00703	0.00521	0.00674	0.00755	0.00858	0.00491	0.00598	0.00871	0.01121	0.01449	0.08181	0.27900	0.19467	0.01404	0.00655	0.00207	0.00355	0.32875	0.00474	0.00442
51	0.00963	0.00907	0.01530	0.79010	0.05426	0.01125	0.01408	0.01299	0.01015	0.01301	0.00900	0.01346	0.00677	0.00504	0.00505	0.00168	0.00672	0.00449	0.00225	0.00568
52	0.00735	0.00490	0.00552	0.00552	0.00552	0.00490	0.00306	0.00735	0.00735	0.00980	0.01593	0.03309	0.01838	0.82229	0.02574	0.00490	0.00490	0.00735	0.00306	0.00306
53	0.00620	0.00443	0.00591	0.00701	0.00734	0.00414	0.00470	0.00715	0.00988	0.01322	0.06006	0.78591	0.03405	0.01561	0.00643	0.00203	0.00291	0.01415	0.00473	0.00414
54	0.10139	0.00580	0.00646	0.00634	0.00733	0.00582	0.00435	0.00991	0.03611	0.04426	0.15478	0.13722	0.07749	0.34932	0.01393	0.00306	0.00387	0.02424	0.00407	0.00427
55	0.00917	0.00484	0.00695	0.00683	0.00702	0.00491	0.00466	0.03878	0.00744	0.00991	0.00950	0.01660	0.00947	0.03797	0.01903	0.77669	0.00446	0.02084	0.00239	0.00254
56	0.00698	0.00527	0.00645	0.00618	0.00751	0.00482	0.00462	0.00934	0.03146	0.01853	0.57431	0.06028	0.22360	0.01099	0.00596	0.00163	0.00248	0.00957	0.00533	0.00471
57	0.00665	0.04487	0.00661	0.00587	0.00742	0.00517	0.00447	0.00807	0.01154	0.01435	0.14209	0.12864	0.51780	0.03137	0.00640	0.00180	0.00287	0.04495	0.00465	0.00442
58	0.00932	0.00578	0.00725	0.00677	0.00813	0.00551	0.00496	0.01140	0.06214	0.10672	0.30871	0.07472	0.12973	0.10918	0.03175	0.09670	0.00360	0.00809	0.00470	0.00483
59	0.18012	0.01089	0.01079	0.00960	0.01258	0.02753	0.00755	0.04004	0.56870	0.05117	0.01746	0.01637	0.01304	0.00636	0.00473	0.00167	0.00413	0.00503	0.00474	0.00750
60	0.01294	0.01063	0.01136	0.01020	0.01307	0.01216	0.00798	0.02634	0.72558	0.05725	0.02071	0.01978	0.01566	0.00702	0.00519	0.00172	0.00403	0.02525	0.00518	0.00794
61	0.37672	0.00998	0.00969	0.00824	0.01121	0.01098	0.00658	0.19326	0.07444	0.09878	0.01367	0.06498	0.03076	0.06324	0.00579	0.00183	0.00432	0.00490	0.00418	0.00643
62	0.00757	0.00561	0.00764	0.00730	0.00815	0.00588	0.02937	0.02486	0.00899	0.01228	0.06220	0.04644	0.08738	0.29872	0.34152	0.02357	0.00818	0.00696	0.00326	0.00411
63	0.00742	0.00536	0.00677	0.00738	0.00817	0.00527	0.00516	0.01010	0.10124	0.03236	0.12659	0.60434	0.03273	0.01385	0.00621	0.00194	0.00302	0.01246	0.00490	0.00475
64	0.09343	0.00727	0.05662	0.00782	0.00919	0.00643	0.02168	0.04517	0.01003	0.03122	0.02034	0.36562	0.02280	0.20923	0.01065	0.00265	0.00420	0.06707	0.00398	0.00461
65	0.00787	0.00566	0.00675	0.00660	0.00759	0.01961	0.00475	0.00927	0.02617	0.03284	0.19965	0.09403	0.17498	0.15355	0.11299	0.06828	0.01983	0.00817	0.03711	0.00429
66	0.02693	0.01230	0.15670	0.04703	0.01819	0.00976	0.27223	0.01279	0.01047	0.01467	0.01537	0.14737	0.04378	0.03915	0.07692	0.00247	0.04665	0.03837	0.00301	0.00583
67	0.00661	0.00502	0.00720	0.00764	0.00824	0.00470	0.04924	0.00762	0.00964	0.01281	0.02648	0.66192	0.05851	0.09862	0.00841	0.00232	0.00345	0.01302	0.00440	0.00416
68	0.09904	0.00670	0.00718	0.00672	0.00847	0.00678	0.00507	0.07140	0.05773	0.06318	0.09833	0.12840	0.16501	0.08243	0.00692	0.00191	0.00337	0.02014	0.15601	0.00522
69	0.02962	0.01196	0.06501	0.06384	0.46166	0.01129	0.07310	0.05415	0.04688	0.01699	0.01226	0.10741	0.01112	0.00606	0.00521	0.00161	0.00581	0.00575	0.00299	0.00728
70	0.00960	0.03748	0.01521	0.71548	0.05342	0.01118	0.01337	0.01280	0.01024	0.01315	0.02703	0.04087	0.00858	0.00550	0.00506	0.00167	0.00645	0.00487	0.00241	0.00564
71	0.02793	0.00627	0.00727	0.00661	0.00866	0.00569	0.00505	0.01264	0.05992	0.17937	0.15573	0.08050	0.37277	0.04082	0.00644	0.00179	0.00313	0.00887	0.00510	0.00546
72	0.04397	0.00624	0.00780	0.00824	0.04195	0.02028	0.00594	0.01029	0.01078	0.05757	0.13091	0.15367	0.14568	0.04696	0.13682	0.02321	0.02252	0.08315	0.03920	0.00482
73	0.06685	0.04216	0.07506	0.01098	0.01358	0.03633	0.15179	0.06641	0.02717	0.03996	0.02424	0.03686	0.01267	0.24562	0.07636	0.00312	0.04467	0.01752	0.00316	0.00549
74	0.00740	0.00584	0.00760	0.00755	0.00833	0.00637	0.00564	0.00891	0.02385	0.01294	0.07769	0.15828	0.15591	0.14136	0.22765	0.00407	0.09382	0.03870	0.00371	0.00439
75	0.00809	0.00477	0.00713	0.00718	0.00753	0.00510	0.00512	0.00752	0.00729	0.01005	0.01134	0.05022	0.01124	0.02508	0.31058	0.50320	0.00774	0.00519	0.00249	0.00314
76	0.02748	0.05642	0.13591	0.05740	0.06955	0.13181	0.15916	0.08464	0.04495	0.04321	0.04126	0.01313	0.00937	0.00625	0.02231	0.00173	0.08100	0.00464	0.00302	0.00677
77	0.03723	0.22073	0.02937	0.03338	0.03047	0.21733	0.05662	0.06411	0.01254	0.05959	0.02576	0.06561	0.04553	0.00663	0.00522	0.00148	0.04299	0.03600	0.00319	0.00620
78	0.01137	0.00967	0.01481	0.56564	0.06269	0.01154	0.01269	0.12744	0.01219	0.03410	0.01020	0.01448	0.00791	0.00649	0.02246	0.02220	0.02283	0.02231	0.00284	0.00611
79	0.01539	0.15278	0.01594	0.01168	0.01396	0.36905	0.00943	0.03320	0.02808	0.04665	0.00880	0.01088	0.00754	0.00867	0.07367	0.00205	0.17973	0.00375	0.00272	0.00601

[dist]
# distance from previous block
# <min> <max>
5	10

[block]
# block no. 2 follows, 49 sequences, length 33
# corresponding to MSA columns:
# 205-237
name=unknown_C
#
# <colnr> <probs for GDERKNQSTAVLIFYWHMCP>
#	G	D	E	R	K	N	Q	S	T	A	V	L	I	F	Y	W	H	M	C	P
0	0.02666	0.16412	0.04507	0.04574	0.09219	0.12268	0.02761	0.14877	0.06274	0.01696	0.00998	0.01226	0.00831	0.02462	0.06346	0.00207	0.11286	0.00418	0.00305	0.00668
1	0.01180	0.01108	0.01765	0.12864	0.53118	0.01151	0.01354	0.01629	0.11588	0.01655	0.01274	0.01501	0.04261	0.00524	0.00504	0.00154	0.00562	0.00489	0.00294	0.03024
2	0.01549	0.01234	0.01516	0.05173	0.13861	0.02470	0.03542	0.35656	0.16766	0.04479	0.02384	0.01410	0.01031	0.00613	0.00543	0.02341	0.00536	0.00481	0.00431	0.03983
3	0.01032	0.02512	0.73949	0.01563	0.07799	0.01176	0.01845	0.01598	0.01074	0.01605	0.00911	0.01081	0.00652	0.00478	0.00482	0.00159	0.00737	0.00379	0.00216	0.00751
4	0.00658	0.00487	0.00623	0.00711	0.00790	0.00452	0.00525	0.00789	0.01063	0.01380	0.06128	0.47843	0.18243	0.01464	0.00645	0.00202	0.00320	0.16778	0.00472	0.00428
5	0.01048	0.00637	0.00753	0.00686	0.00862	0.00617	0.00516	0.01371	0.12145	0.13845	0.19368	0.04046	0.18079	0.07757	0.00813	0.06453	0.00331	0.00744	0.09391	0.00538
6	0.01348	0.00658	0.00830	0.00730	0.00899	0.00615	0.00525	0.03875	0.01097	0.31070	0.01894	0.11592	0.01778	0.37435	0.01457	0.00314	0.00447	0.02429	0.00457	0.00551
7	0.00776	0.00522	0.00672	0.00691	0.00793	0.00487	0.00496	0.00978	0.03907	0.06325	0.32190	0.39863	0.07839	0.01266	0.00611	0.00181	0.00282	0.01129	0.00514	0.00478
8	0.00855	0.00642	0.00711	0.00671	0.00848	0.00627	0.00508	0.01270	0.16590	0.04998	0.20037	0.03698	0.33832	0.06189	0.00695	0.00187	0.00308	0.02812	0.03993	0.00526
9	0.00752	0.00534	0.00620	0.00599	0.00732	0.00483	0.00434	0.00923	0.02710	0.05322	0.28171	0.08777	0.33500	0.13152	0.00887	0.00216	0.00299	0.00954	0.00482	0.00453
10	0.00873	0.00795	0.00750	0.00803	0.00889	0.13113	0.00562	0.02106	0.03390	0.01340	0.02409	0.55638	0.05002	0.05379	0.00700	0.00204	0.00410	0.02951	0.02232	0.00455
11	0.01085	0.00807	0.00909	0.00847	0.01042	0.00861	0.00635	0.08278	0.30221	0.06434	0.05540	0.23033	0.09486	0.05923	0.00712	0.01856	0.00374	0.00851	0.00488	0.00618
12	0.00950	0.00789	0.00933	0.00727	0.01072	0.00615	0.00557	0.01140	0.01027	0.01559	0.03305	0.14431	0.01344	0.05530	0.00557	0.00123	0.00365	0.00528	0.00334	0.64112
13	0.00704	0.00501	0.00654	0.00733	0.00816	0.00471	0.00551	0.00850	0.01093	0.02663	0.10873	0.41913	0.12633	0.02872	0.00681	0.00208	0.00333	0.20535	0.00477	0.00439
14	0.01558	0.48038	0.02115	0.01042	0.01402	0.32481	0.00906	0.01758	0.04248	0.01245	0.00787	0.00893	0.00685	0.00477	0.00383	0.00119	0.00680	0.00304	0.00245	0.00630
15	0.09901	0.00786	0.00916	0.00788	0.01017	0.00782	0.00597	0.09632	0.05355	0.27258	0.03413	0.12481	0.03524	0.20110	0.01000	0.00243	0.00427	0.00679	0.00475	0.00618
16	0.00727	0.00490	0.00569	0.00582	0.00593	0.00486	0.00346	0.00752	0.00796	0.01064	0.04456	0.10212	0.02112	0.69344	0.02267	0.00444	0.00463	0.03632	0.00335	0.00327
17	0.00675	0.00512	0.00621	0.00600	0.00732	0.00459	0.00448	0.00873	0.01326	0.01791	0.52686	0.07221	0.27947	0.01133	0.00599	0.00165	0.00246	0.00983	0.00526	0.00459
18	0.00726	0.00505	0.00589	0.00650	0.00685	0.02381	0.00423	0.00793	0.00911	0.01248	0.02204	0.46207	0.02538	0.23861	0.01203	0.03962	0.00363	0.01071	0.09297	0.00384
19	0.00823	0.00511	0.00637	0.00654	0.00735	0.00475	0.00443	0.00916	0.01016	0.09090	0.10220	0.35827	0.10685	0.24238	0.01168	0.00273	0.00353	0.01055	0.00448	0.00434
20	0.01554	0.01159	0.01255	0.01055	0.01386	0.01295	0.00841	0.24349	0.48355	0.10294	0.01807	0.01675	0.01315	0.00657	0.00511	0.00164	0.00449	0.00531	0.00523	0.00824
21	0.00651	0.00542	0.00639	0.00605	0.00773	0.00470	0.02880	0.00818	0.01222	0.01539	0.22866	0.04511	0.56363	0.01196	0.00600	0.00170	0.00276	0.02946	0.00484	0.00448
22	0.04899	0.00934	0.01018	0.00883	0.01124	0.01002	0.00682	0.26985	0.14790	0.04867	0.06459	0.15197	0.09410	0.08533	0.00730	0.00198	0.00421	0.00743	0.00478	0.00646
23	0.00844	0.00559	0.00683	0.00671	0.00820	0.00507	0.00508	0.02831	0.01246	0.09221	0.23620	0.20934	0.27850	0.01209	0.00604	0.00178	0.00299	0.06416	0.00509	0.00492
24	0.00616	0.00440	0.00587	0.00704	0.00733	0.00411	0.00469	0.00704	0.00968	0.01291	0.02787	0.81899	0.03344	0.01584	0.00645	0.00205	0.00293	0.01438	0.00469	0.00411
25	0.00805	0.00532	0.00629	0.00640	0.00685	0.00530	0.00405	0.00930	0.05592	0.04521	0.03433	0.22297	0.02233	0.51434	0.01826	0.00377	0.00429	0.01930	0.00380	0.00391
26	0.05644	0.00546	0.00612	0.00607	0.00746	0.00501	0.00440	0.00936	0.01111	0.06992	0.13677	0.19539	0.33044	0.09488	0.00779	0.00205	0.00305	0.00982	0.03389	0.00457
27	0.00967	0.00911	0.01539	0.77838	0.06563	0.01127	0.01410	0.01303	0.01017	0.01307	0.00901	0.01344	0.00679	0.00503	0.00505	0.00168	0.00671	0.00449	0.00226	0.00571
28	0.00960	0.00666	0.06293	0.00581	0.00755	0.00570	0.00495	0.01293	0.05727	0.01883	0.04092	0.01886	0.01375	0.00601	0.00380	0.00125	0.00283	0.00484	0.71037	0.00512
29	0.00777	0.00544	0.00669	0.00686	0.00797	0.00515	0.00499	0.00999	0.05928	0.05210	0.21378	0.29971	0.16144	0.07894	0.00772	0.00209	0.00314	0.05736	0.00487	0.00470
30	0.05440	0.00877	0.01080	0.02608	0.12983	0.06145	0.02777	0.06141	0.02448	0.02563	0.04338	0.05665	0.14886	0.08239	0.19513	0.00343	0.00692	0.02363	0.00351	0.00548
31	0.01657	0.04166	0.01469	0.01280	0.01480	0.57584	0.00991	0.01786	0.01252	0.01229	0.00773	0.00991	0.00676	0.00716	0.03536	0.00174	0.19056	0.00358	0.00251	0.00576
32	0.00932	0.00940	0.01762	0.01357	0.01675	0.00875	0.37911	0.01234	0.03847	0.01491	0.02533	0.10457	0.25193	0.00897	0.00663	0.03956	0.00569	0.02799	0.00356	0.00555

[dist]
# distance from previous block
# <min> <max>
0	1

[block]
# block no. 3 follows, 49 sequences, length 22
# corresponding to MSA columns:
# 239-260
name=unknown_D
#
# <colnr> <probs for GDERKNQSTAVLIFYWHMCP>
#	G	D	E	R	K	N	Q	S	T	A	V	L	I	F	Y	W	H	M	C	P
0	0.04368	0.00543	0.00619	0.00616	0.00702	0.00528	0.00413	0.02521	0.00973	0.06160	0.05209	0.20646	0.10091	0.34412	0.01376	0.00302	0.00380	0.00868	0.08852	0.00421
1	0.04988	0.03780	0.02865	0.07268	0.18254	0.23647	0.01076	0.10410	0.12815	0.01758	0.01122	0.01311	0.00898	0.00561	0.00508	0.00151	0.02850	0.01648	0.03403	0.00690
2	0.85801	0.00978	0.00743	0.00665	0.00978	0.01134	0.00548	0.01486	0.00861	0.02269	0.00704	0.00821	0.00548	0.00469	0.00313	0.00156	0.00391	0.00274	0.00313	0.00548
3	0.00892	0.00723	0.01117	0.20486	0.09991	0.00781	0.01029	0.01155	0.01111	0.01461	0.02008	0.04022	0.02076	0.01180	0.03925	0.00232	0.00567	0.46344	0.00376	0.00524
4	0.01370	0.01142	0.01207	0.01052	0.01358	0.01310	0.00828	0.15345	0.65320	0.02297	0.01915	0.01773	0.01428	0.00673	0.00513	0.00168	0.00427	0.00552	0.00513	0.00810
5	0.01197	0.01349	0.02883	0.02071	0.02570	0.01278	0.73046	0.01678	0.05414	0.01647	0.01080	0.01393	0.00810	0.00441	0.00592	0.00171	0.00828	0.00595	0.00270	0.00689
6	0.00598	0.00512	0.00512	0.00512	0.00683	0.00427	0.00384	0.00726	0.01153	0.01366	0.05123	0.04866	0.78869	0.01281	0.00598	0.00171	0.00256	0.01067	0.00470	0.00427
7	0.01014	0.02616	0.79609	0.01441	0.02189	0.01174	0.01868	0.01601	0.01068	0.01601	0.00907	0.01068	0.00641	0.00480	0.00480	0.00160	0.00747	0.00374	0.00214	0.00747
8	0.05328	0.03537	0.01252	0.01035	0.04051	0.02924	0.02263	0.32557	0.10204	0.06664	0.11730	0.02069	0.09325	0.04062	0.00599	0.00170	0.00465	0.00589	0.00471	0.00705
9	0.00878	0.00439	0.00659	0.00659	0.00659	0.00439	0.00439	0.00659	0.00659	0.00878	0.00878	0.01537	0.00878	0.01757	0.01976	0.85288	0.00439	0.00439	0.00220	0.00220
10	0.01035	0.07604	0.74805	0.01405	0.02133	0.01226	0.01806	0.01596	0.01065	0.01576	0.00895	0.01052	0.00641	0.00477	0.00471	0.00157	0.00734	0.00367	0.00214	0.00741
11	0.00907	0.00689	0.00964	0.04336	0.05228	0.02220	0.01956	0.02573	0.01037	0.01388	0.01892	0.10046	0.02003	0.02753	0.03854	0.14007	0.06506	0.34304	0.02877	0.00460
12	0.01126	0.28983	0.54218	0.01251	0.01895	0.01447	0.01537	0.01573	0.01054	0.01466	0.00840	0.00983	0.00643	0.00465	0.00429	0.00143	0.00679	0.00340	0.00214	0.00715
13	0.00955	0.00899	0.01517	0.81013	0.03483	0.01123	0.01404	0.01292	0.01011	0.01292	0.00899	0.01348	0.00674	0.00506	0.00506	0.00169	0.00674	0.00449	0.00225	0.00562
14	0.00610	0.00480	0.00551	0.00603	0.00708	0.00421	0.00426	0.00723	0.01077	0.01352	0.06283	0.39826	0.42328	0.01411	0.00619	0.00186	0.00273	0.01231	0.00472	0.00421
15	0.01068	0.12081	0.64733	0.01423	0.02116	0.01281	0.07327	0.01592	0.01072	0.01554	0.00892	0.01059	0.00651	0.00471	0.00470	0.00155	0.00730	0.00378	0.00217	0.00731
16	0.06571	0.06033	0.01464	0.01142	0.01472	0.23846	0.02217	0.33310	0.07033	0.05365	0.01165	0.04088	0.00919	0.00610	0.00505	0.00149	0.02542	0.00446	0.00402	0.00722
17	0.00939	0.00898	0.01693	0.03761	0.01684	0.00862	0.33470	0.04452	0.01135	0.01523	0.01901	0.38326	0.02033	0.01005	0.00616	0.00188	0.00563	0.04025	0.00372	0.00553
18	0.00807	0.00532	0.00642	0.00625	0.00658	0.00546	0.00398	0.00827	0.00799	0.04059	0.01774	0.05749	0.06697	0.57317	0.06902	0.06125	0.04139	0.00728	0.00323	0.00353
19	0.01012	0.06871	0.02610	0.04131	0.01283	0.06694	0.04008	0.03935	0.00954	0.01295	0.01103	0.01633	0.01019	0.03617	0.38546	0.00484	0.18192	0.01820	0.00265	0.00528
20	0.01458	0.01310	0.01373	0.12889	0.05196	0.12864	0.00994	0.25328	0.18922	0.02080	0.01396	0.05480	0.01148	0.00679	0.00558	0.00164	0.03632	0.03412	0.00405	0.00711
21	0.07303	0.01600	0.21763	0.14904	0.26077	0.07676	0.05434	0.04467	0.01159	0.01641	0.01010	0.01250	0.02523	0.00498	0.00487	0.00156	0.00664	0.00430	0.00257	0.00699

[dist]
# distance from previous block
# <min> <max>
0	5

[block]
# block no. 4 follows, 49 sequences, length 15
# corresponding to MSA columns:
# 266-280
name=unknown_E
#
# <colnr> <probs for GDERKNQSTAVLIFYWHMCP>
#	G	D	E	R	K	N	Q	S	T	A	V	L	I	F	Y	W	H	M	C	P
0	0.01072	0.04219	0.01692	0.57490	0.13996	0.01210	0.04087	0.04893	0.01094	0.01437	0.00910	0.01299	0.00703	0.00510	0.00540	0.00165	0.03378	0.00448	0.00242	0.00617
1	0.00647	0.00460	0.00598	0.00696	0.00733	0.00436	0.00473	0.00737	0.00959	0.01270	0.02696	0.62909	0.05534	0.12206	0.00903	0.00244	0.00332	0.07318	0.00448	0.00402
2	0.00764	0.00487	0.00665	0.00721	0.02226	0.00471	0.00482	0.00788	0.03276	0.01229	0.09350	0.31715	0.07851	0.01531	0.01179	0.35276	0.00355	0.00904	0.00372	0.00359
3	0.01185	0.01044	0.06707	0.08865	0.09012	0.00873	0.03254	0.06344	0.02652	0.08617	0.01263	0.07285	0.01089	0.00624	0.01608	0.00140	0.00495	0.03445	0.00345	0.35152
4	0.01071	0.01061	0.01946	0.05592	0.14349	0.01045	0.32723	0.04803	0.03784	0.01615	0.01782	0.12312	0.09797	0.00739	0.00600	0.00174	0.02146	0.03497	0.00332	0.00634
5	0.00626	0.00484	0.00574	0.00632	0.00733	0.00432	0.00455	0.00749	0.01085	0.01377	0.07921	0.39698	0.35887	0.01412	0.00626	0.00190	0.00285	0.05936	0.00474	0.00425
6	0.00879	0.00740	0.00975	0.21326	0.06722	0.02661	0.00790	0.03501	0.01186	0.04106	0.10245	0.08969	0.32761	0.00966	0.00563	0.00169	0.00422	0.02093	0.00402	0.00523
7	0.01286	0.16426	0.12889	0.04721	0.13373	0.09180	0.03809	0.06362	0.02674	0.06124	0.03123	0.04036	0.03681	0.03352	0.04608	0.00193	0.02712	0.00483	0.00307	0.00663
8	0.01726	0.02023	0.01399	0.07969	0.03389	0.58744	0.00986	0.04545	0.06365	0.03935	0.01078	0.01189	0.03370	0.00561	0.00473	0.00140	0.00802	0.00390	0.00301	0.00616
9	0.00757	0.00533	0.00726	0.00753	0.00837	0.00558	0.00549	0.00955	0.04514	0.03885	0.08770	0.32891	0.02416	0.06915	0.31977	0.00453	0.00726	0.00930	0.00397	0.00459
10	0.02553	0.01027	0.10433	0.04502	0.20486	0.02554	0.02929	0.03715	0.01022	0.01427	0.05438	0.06547	0.02930	0.06569	0.06802	0.19084	0.00595	0.00560	0.00288	0.00539
11	0.05065	0.05687	0.25385	0.07267	0.15784	0.01195	0.10643	0.04281	0.07155	0.01666	0.01212	0.03489	0.03033	0.00627	0.02016	0.00174	0.02371	0.01969	0.00285	0.00697
12	0.00729	0.00580	0.00765	0.05204	0.06847	0.00562	0.00588	0.00918	0.03671	0.01445	0.13703	0.30985	0.20721	0.08386	0.00776	0.00209	0.00346	0.02661	0.00439	0.00467
13	0.00904	0.00791	0.01109	0.05345	0.01157	0.01015	0.00816	0.01029	0.00808	0.01174	0.01148	0.02026	0.01173	0.18461	0.22927	0.00434	0.34912	0.04035	0.00264	0.00471
14	0.24624	0.01124	0.01171	0.01021	0.06648	0.07949	0.03342	0.05545	0.01108	0.01856	0.00854	0.01009	0.00693	0.00445	0.00417	0.00118	0.02257	0.00327	0.00304	0.39189

[dist]
# distance from previous block
# <min> <max>
12	76

[block]
# block no. 5 follows, 49 sequences, length 31
# corresponding to MSA columns:
# 370-388,390-401
name=unknown_F
#
# <colnr> <probs for GDERKNQSTAVLIFYWHMCP>
#	G	D	E	R	K	N	Q	S	T	A	V	L	I	F	Y	W	H	M	C	P
0	0.01286	0.02486	0.03912	0.01056	0.04501	0.10211	0.00809	0.21108	0.02967	0.05293	0.01876	0.25456	0.05618	0.00934	0.00570	0.00167	0.02419	0.03722	0.00425	0.05184
1	0.03451	0.05525	0.06995	0.03979	0.01320	0.03898	0.00826	0.21435	0.11322	0.02921	0.09911	0.08438	0.12381	0.00911	0.02887	0.00181	0.00488	0.02047	0.00436	0.00649
2	0.05505	0.02978	0.01435	0.04713	0.16154	0.09319	0.08489	0.10545	0.02969	0.01909	0.25048	0.02134	0.05276	0.00696	0.00526	0.00154	0.00514	0.00610	0.00393	0.00632
3	0.03288	0.02912	0.01470	0.19967	0.20148	0.02877	0.01068	0.04256	0.01098	0.01582	0.00951	0.03557	0.00810	0.00509	0.00532	0.00135	0.05904	0.00418	0.00276	0.28243
4	0.05027	0.06761	0.08485	0.22738	0.14366	0.01158	0.10712	0.04956	0.04065	0.02855	0.01165	0.03438	0.03023	0.00689	0.04254	0.00186	0.00646	0.00487	0.00285	0.04705
5	0.01017	0.04365	0.04420	0.00884	0.01083	0.17349	0.03074	0.02395	0.02809	0.01486	0.12073	0.24342	0.14609	0.01011	0.00549	0.00164	0.00466	0.02069	0.03634	0.02200
6	0.03072	0.02780	0.02669	0.20386	0.05214	0.03306	0.06527	0.06805	0.01050	0.03263	0.01245	0.03500	0.01203	0.31453	0.01281	0.00281	0.00578	0.00568	0.00300	0.04520
7	0.00945	0.00731	0.00887	0.00862	0.03250	0.00771	0.02885	0.03021	0.23196	0.02866	0.06521	0.14513	0.05591	0.26285	0.03252	0.00289	0.00441	0.00786	0.02374	0.00534
8	0.01014	0.16969	0.25973	0.00997	0.01415	0.01096	0.01056	0.04423	0.03152	0.01518	0.01929	0.02321	0.16192	0.02532	0.02227	0.00176	0.02473	0.08112	0.00318	0.06107
9	0.01356	0.50801	0.14073	0.01022	0.01461	0.07624	0.01027	0.07306	0.04414	0.01449	0.00886	0.02949	0.00769	0.00510	0.00420	0.00129	0.02520	0.00350	0.00260	0.00673
10	0.00920	0.31551	0.01375	0.00712	0.00943	0.01036	0.00606	0.01076	0.01123	0.01417	0.18160	0.14688	0.18429	0.03410	0.00563	0.00161	0.00378	0.02550	0.00387	0.00516
11	0.00691	0.00518	0.00634	0.00636	0.00747	0.00480	0.00462	0.00900	0.03566	0.01684	0.40843	0.18992	0.19747	0.05631	0.00714	0.00190	0.00275	0.02331	0.00505	0.00454
12	0.01378	0.01582	0.01078	0.00989	0.01207	0.44012	0.00745	0.03422	0.02969	0.01479	0.14391	0.02290	0.18333	0.00776	0.00509	0.00145	0.00621	0.00594	0.02938	0.00542
13	0.00735	0.00490	0.00552	0.00552	0.00552	0.00490	0.00306	0.00735	0.00735	0.00980	0.01593	0.03309	0.01838	0.82229	0.02574	0.00490	0.00490	0.00735	0.00306	0.00306
14	0.01049	0.00899	0.01049	0.00749	0.01198	0.00674	0.00599	0.01273	0.01049	0.01648	0.00899	0.01049	0.00749	0.00374	0.00374	0.00075	0.00374	0.00300	0.00300	0.85320
15	0.00723	0.00540	0.00802	0.00802	0.00888	0.00626	0.00618	0.00896	0.00809	0.01166	0.01365	0.02042	0.01288	0.07103	0.76947	0.00799	0.01318	0.00550	0.00272	0.00445
16	0.01376	0.78999	0.02596	0.00885	0.01310	0.05450	0.00870	0.01536	0.01045	0.01192	0.00706	0.00816	0.00649	0.00437	0.00330	0.00109	0.00557	0.00273	0.00218	0.00646
17	0.00774	0.00661	0.00725	0.04736	0.00954	0.05722	0.00554	0.02365	0.03532	0.01427	0.10354	0.37458	0.20753	0.02998	0.04392	0.00218	0.00401	0.01075	0.00442	0.00461
18	0.43549	0.21554	0.03208	0.00857	0.01213	0.09596	0.00749	0.08778	0.03457	0.01959	0.00806	0.00904	0.00646	0.00485	0.00359	0.00142	0.00507	0.00307	0.00305	0.00619
19	0.00749	0.00591	0.00696	0.00643	0.00823	0.00506	0.00471	0.00896	0.01073	0.01462	0.13250	0.17860	0.23237	0.10608	0.03290	0.00211	0.00354	0.02235	0.00416	0.20628
20	0.00830	0.00515	0.00685	0.00686	0.00737	0.00518	0.00478	0.04131	0.00898	0.01203	0.06818	0.11966	0.05507	0.14866	0.07789	0.36711	0.00486	0.04504	0.00328	0.00343
