[name]
unknown

[dist]
# distance from previous block
# <min> <max>
0	35

[block]
# block no. 0 follows, 63 sequences, length 13
# corresponding to MSA columns:
# 41-53
name=unknown_A
#
# <colnr> <probs for GDERKNQSTAVLIFYWHMCP>
#	G	D	E	R	K	N	Q	S	T	A	V	L	I	F	Y	W	H	M	C	P
0	0.02968	0.32629	0.21162	0.00939	0.02926	0.06515	0.02108	0.09730	0.02241	0.01340	0.03846	0.02854	0.00867	0.00493	0.00392	0.00121	0.02430	0.05641	0.00242	0.00556
1	0.04032	0.17814	0.12511	0.02750	0.08455	0.02494	0.05987	0.04948	0.08793	0.08928	0.05605	0.06592	0.01035	0.00582	0.02679	0.00139	0.01770	0.00423	0.00288	0.04174
2	0.05385	0.00985	0.03305	0.18272	0.46673	0.05224	0.01115	0.02633	0.02594	0.03566	0.02455	0.01136	0.02290	0.00420	0.00408	0.00127	0.00496	0.00378	0.00232	0.02304
3	0.00583	0.00444	0.00556	0.00560	0.00653	0.00415	0.01836	0.02529	0.02305	0.01290	0.22720	0.31167	0.23479	0.04240	0.03613	0.00178	0.00277	0.00901	0.01879	0.00376
4	0.03329	0.14327	0.16266	0.01110	0.08937	0.06154	0.08489	0.06504	0.07785	0.12948	0.04515	0.01172	0.02020	0.00455	0.00394	0.00122	0.00482	0.00377	0.01632	0.02981
5	0.03574	0.03689	0.03884	0.17023	0.11074	0.13753	0.08440	0.10379	0.07414	0.09878	0.03702	0.01151	0.00818	0.00496	0.01565	0.00137	0.01775	0.00386	0.00287	0.00575
6	0.00512	0.00366	0.00488	0.00585	0.00610	0.00341	0.00390	0.00585	0.00805	0.01073	0.02317	0.84952	0.02780	0.01317	0.00537	0.00171	0.00244	0.01195	0.00390	0.00341
7	0.00615	0.00554	0.04886	0.00678	0.02690	0.00469	0.02167	0.02393	0.03765	0.01301	0.18965	0.38379	0.15441	0.01042	0.00507	0.00154	0.00280	0.04923	0.00388	0.00403
8	0.01204	0.09983	0.14638	0.01298	0.11953	0.07863	0.13037	0.14058	0.07843	0.08135	0.00930	0.01033	0.00700	0.00447	0.00461	0.00129	0.05022	0.00371	0.00277	0.00617
9	0.00749	0.04457	0.00627	0.00556	0.00573	0.00428	0.00382	0.00582	0.00562	0.00743	0.00723	0.01249	0.00721	0.01407	0.01577	0.83554	0.00369	0.00358	0.00182	0.00200
10	0.00521	0.00384	0.00490	0.00566	0.00616	0.00353	0.00393	0.00610	0.00852	0.01115	0.05602	0.64738	0.15853	0.01251	0.00531	0.00166	0.00244	0.04974	0.00393	0.00348
11	0.05197	0.03047	0.09505	0.04604	0.20771	0.15070	0.13897	0.07357	0.06587	0.03194	0.00908	0.04237	0.00743	0.00457	0.00440	0.00130	0.02620	0.00400	0.00252	0.00582
12	0.08589	0.06267	0.07828	0.01055	0.05855	0.14446	0.08504	0.18654	0.08354	0.03284	0.03751	0.03944	0.02810	0.00581	0.02947	0.00143	0.00519	0.00407	0.00302	0.01761

[dist]
# distance from previous block
# <min> <max>
0	10

[block]
# block no. 1 follows, 63 sequences, length 23
# corresponding to MSA columns:
# 64-86
name=unknown_B
#
# <colnr> <probs for GDERKNQSTAVLIFYWHMCP>
#	G	D	E	R	K	N	Q	S	T	A	V	L	I	F	Y	W	H	M	C	P
0	0.08773	0.13871	0.13065	0.07937	0.04725	0.13231	0.01942	0.09960	0.07300	0.01425	0.00837	0.01979	0.00673	0.00542	0.03894	0.00140	0.00529	0.00326	0.00250	0.08599
1	0.12799	0.05674	0.09715	0.01352	0.22828	0.04486	0.04577	0.06700	0.04725	0.06516	0.02732	0.03082	0.00802	0.01738	0.02592	0.00150	0.08311	0.00382	0.00264	0.00574
2	0.00976	0.00641	0.00729	0.00646	0.00788	0.00666	0.00474	0.13756	0.12319	0.09862	0.04853	0.02222	0.01436	0.36763	0.01161	0.00251	0.00378	0.05421	0.04728	0.01929
3	0.00854	0.00689	0.02104	0.05518	0.09265	0.02111	0.04371	0.06284	0.03585	0.05559	0.03419	0.03722	0.01124	0.15862	0.30264	0.00374	0.03687	0.00482	0.00270	0.00457
4	0.00515	0.00411	0.00462	0.00483	0.00588	0.00358	0.00349	0.00627	0.00952	0.01200	0.15280	0.25011	0.50083	0.01100	0.00507	0.00148	0.00219	0.00949	0.00401	0.00358
5	0.01608	0.01313	0.01232	0.00978	0.01290	0.17293	0.00792	0.61387	0.01781	0.06711	0.00975	0.00983	0.00699	0.00492	0.00413	0.00123	0.00514	0.00360	0.00386	0.00671
6	0.03297	0.11506	0.22226	0.00929	0.03008	0.02914	0.03195	0.14526	0.01084	0.06121	0.00822	0.00910	0.00624	0.00391	0.00361	0.00105	0.00461	0.00303	0.00264	0.26954
7	0.03365	0.02387	0.01431	0.06216	0.39151	0.24961	0.02022	0.07106	0.01079	0.01355	0.02488	0.00998	0.00694	0.00427	0.00430	0.00122	0.03149	0.00349	0.01688	0.00582
8	0.00530	0.00414	0.00481	0.00492	0.00595	0.00365	0.00358	0.00657	0.00995	0.01289	0.27598	0.21456	0.41153	0.01057	0.00505	0.00145	0.00215	0.00916	0.00412	0.00365
9	0.04783	0.05317	0.13670	0.07884	0.11818	0.06775	0.04702	0.07279	0.08828	0.04696	0.04826	0.01291	0.03126	0.03473	0.00562	0.03295	0.04933	0.00401	0.01794	0.00547
10	0.00610	0.00435	0.00522	0.00507	0.00625	0.00385	0.00378	0.00758	0.01061	0.05234	0.40555	0.12570	0.32874	0.00971	0.00497	0.00140	0.00216	0.00840	0.00430	0.00390
11	0.00913	0.00904	0.02708	0.04709	0.19037	0.06896	0.15800	0.03748	0.04143	0.01357	0.13131	0.04982	0.04554	0.05615	0.01730	0.00161	0.03746	0.03884	0.01472	0.00511
12	0.01087	0.40039	0.22975	0.01014	0.04768	0.07412	0.04004	0.03186	0.05930	0.02405	0.00746	0.00850	0.00605	0.00406	0.00374	0.00113	0.03007	0.00293	0.00210	0.00575
13	0.01017	0.24503	0.04433	0.00757	0.01012	0.04365	0.00654	0.09634	0.21515	0.02391	0.09914	0.03145	0.06977	0.04933	0.01867	0.00147	0.00401	0.01465	0.00328	0.00542
14	0.02502	0.08308	0.11921	0.04996	0.14702	0.03324	0.08573	0.07543	0.01019	0.06507	0.02310	0.01111	0.03591	0.00415	0.00385	0.00111	0.00466	0.00357	0.00259	0.21601
15	0.11429	0.11429	0.16253	0.03310	0.04219	0.03614	0.05846	0.11138	0.02837	0.04283	0.03637	0.03687	0.03564	0.00818	0.10550	0.00195	0.01982	0.00399	0.00269	0.00540
16	0.08595	0.02994	0.04001	0.02959	0.02916	0.01066	0.01846	0.41163	0.10802	0.06667	0.02436	0.04506	0.00941	0.04437	0.00487	0.00143	0.00420	0.00424	0.02575	0.00622
17	0.88196	0.00813	0.00618	0.00553	0.00813	0.00943	0.00455	0.01236	0.00715	0.01886	0.00585	0.00683	0.00455	0.00390	0.00260	0.00130	0.00325	0.00228	0.00260	0.00455
18	0.00775	0.00726	0.01193	0.70512	0.07005	0.00874	0.01081	0.01034	0.00860	0.01097	0.01136	0.01439	0.09587	0.00489	0.00428	0.00139	0.00519	0.00430	0.00210	0.00466
19	0.70752	0.00805	0.00664	0.00580	0.00835	0.00917	0.00476	0.08117	0.00852	0.04257	0.00720	0.00808	0.00548	0.00412	0.00282	0.00127	0.00327	0.00260	0.07779	0.00480
20	0.00569	0.00415	0.00499	0.00516	0.00613	0.00369	0.00373	0.00691	0.00976	0.03647	0.24543	0.30823	0.32279	0.01078	0.00508	0.00149	0.00224	0.00943	0.00414	0.00372
21	0.02167	0.00516	0.00702	0.08052	0.00908	0.00571	0.00534	0.01975	0.03999	0.02349	0.18975	0.03409	0.05649	0.09227	0.34203	0.00379	0.03096	0.00550	0.02338	0.00401
22	0.01068	0.00562	0.00761	0.00699	0.00862	0.00534	0.02128	0.02659	0.06513	0.29892	0.01890	0.39621	0.01839	0.01109	0.07575	0.00196	0.00378	0.00782	0.00421	0.00509

[dist]
# distance from previous block
# <min> <max>
2	4

[block]
# block no. 2 follows, 63 sequences, length 33
# corresponding to MSA columns:
# 91-123
name=unknown_C
#
# <colnr> <probs for GDERKNQSTAVLIFYWHMCP>
#	G	D	E	R	K	N	Q	S	T	A	V	L	I	F	Y	W	H	M	C	P
0	0.01103	0.08076	0.09602	0.06561	0.15104	0.04475	0.05978	0.12665	0.03244	0.08028	0.06338	0.04355	0.02187	0.00510	0.00450	0.00127	0.03687	0.01189	0.00293	0.06028
1	0.00549	0.03573	0.00543	0.00520	0.00621	0.00418	0.00378	0.00677	0.02628	0.01183	0.12472	0.35286	0.37442	0.01102	0.00502	0.00150	0.00235	0.00959	0.00392	0.00368
2	0.03720	0.02973	0.03455	0.11004	0.21060	0.10883	0.09624	0.10158	0.04522	0.01445	0.02818	0.01087	0.00746	0.02171	0.00463	0.00127	0.02575	0.00370	0.00252	0.10547
3	0.01130	0.00888	0.02217	0.07694	0.30179	0.02559	0.02070	0.07003	0.10150	0.13792	0.01330	0.02608	0.06905	0.00497	0.00416	0.00126	0.00424	0.00434	0.03056	0.06523
4	0.09174	0.02800	0.01164	0.04990	0.03571	0.40674	0.02051	0.08811	0.05060	0.02254	0.00839	0.01118	0.00716	0.00517	0.00498	0.00129	0.09573	0.05289	0.00258	0.00514
5	0.00972	0.13400	0.50566	0.01121	0.01615	0.07215	0.06928	0.03514	0.06203	0.01319	0.00837	0.02979	0.00651	0.00430	0.00393	0.00127	0.00582	0.00343	0.00211	0.00595
6	0.00844	0.04080	0.12417	0.09412	0.05670	0.05381	0.03662	0.02500	0.03586	0.02971	0.11502	0.13800	0.07421	0.00662	0.00462	0.00132	0.02966	0.01502	0.02255	0.08775
7	0.00518	0.00409	0.00467	0.00490	0.00590	0.00358	0.00353	0.00631	0.00954	0.01213	0.17199	0.27322	0.45801	0.01102	0.00508	0.00149	0.00219	0.00954	0.00403	0.00358
8	0.00549	0.00428	0.00494	0.00494	0.00603	0.00382	0.00365	0.00695	0.02035	0.01318	0.30924	0.12086	0.40596	0.04417	0.00568	0.00154	0.00225	0.02889	0.00410	0.00369
9	0.03120	0.01122	0.01341	0.10659	0.10299	0.10729	0.07911	0.25382	0.13907	0.03543	0.00981	0.01090	0.00744	0.00485	0.00491	0.00134	0.06755	0.00387	0.00311	0.00610
10	0.00523	0.00425	0.00454	0.00448	0.00572	0.00366	0.00330	0.00640	0.00980	0.01219	0.18933	0.03789	0.62208	0.06532	0.00604	0.00157	0.00223	0.00845	0.00395	0.00356
11	0.02328	0.04043	0.00916	0.00631	0.00993	0.00619	0.00509	0.01092	0.02899	0.01369	0.00786	0.02125	0.00665	0.00336	0.00315	0.00068	0.00316	0.00267	0.00253	0.79472
12	0.07021	0.00995	0.02811	0.03505	0.04122	0.02790	0.00790	0.29847	0.02992	0.01784	0.07410	0.01132	0.00907	0.00562	0.00666	0.00137	0.23303	0.00383	0.00309	0.08534
13	0.01293	0.06122	0.09938	0.02143	0.04240	0.07207	0.02509	0.36886	0.09618	0.04152	0.01012	0.02291	0.00775	0.00637	0.04918	0.00157	0.03312	0.00381	0.00333	0.02076
14	0.00760	0.00544	0.00732	0.03773	0.03737	0.00612	0.00508	0.00841	0.00708	0.06312	0.01221	0.07510	0.01268	0.38339	0.15845	0.00358	0.13328	0.00549	0.02686	0.00370
15	0.00704	0.00656	0.01222	0.01019	0.01192	0.00618	0.29768	0.00882	0.00868	0.01165	0.01704	0.43499	0.01886	0.07197	0.00644	0.00179	0.00434	0.05629	0.00315	0.00420
16	0.00518	0.00379	0.00487	0.00568	0.00613	0.00349	0.00390	0.00602	0.00842	0.01105	0.04850	0.69199	0.13585	0.01265	0.00531	0.00166	0.00243	0.03570	0.00392	0.00346
17	0.01572	0.01949	0.01196	0.01075	0.01300	0.78158	0.00811	0.06882	0.01243	0.01135	0.00673	0.00775	0.00553	0.00438	0.00382	0.00109	0.00739	0.00278	0.00230	0.00502
18	0.00748	0.00563	0.00742	0.00818	0.10968	0.00577	0.00494	0.02238	0.04024	0.02715	0.01187	0.02085	0.01226	0.46927	0.15060	0.00367	0.02399	0.00512	0.00257	0.06093
19	0.00901	0.00855	0.02767	0.06293	0.01099	0.07211	0.00702	0.07038	0.16990	0.01345	0.05998	0.13874	0.07523	0.00923	0.06505	0.00188	0.18409	0.00571	0.00317	0.00490
20	0.01124	0.00972	0.00993	0.00876	0.01123	0.04051	0.00685	0.10680	0.70370	0.01828	0.01597	0.01479	0.01196	0.00558	0.00425	0.00140	0.00362	0.00458	0.00419	0.00664
21	0.00658	0.00439	0.00531	0.00500	0.00621	0.00397	0.00378	0.00833	0.01101	0.05681	0.50528	0.03094	0.22282	0.00850	0.00470	0.00131	0.00210	0.00732	0.10162	0.00402
22	0.00587	0.00450	0.00595	0.00694	0.05996	0.00421	0.00460	0.02006	0.00946	0.01262	0.18727	0.43909	0.16089	0.01099	0.00514	0.00156	0.00257	0.05055	0.00393	0.00385
23	0.01093	0.00901	0.05057	0.06283	0.14371	0.06234	0.02472	0.04382	0.09254	0.15156	0.01152	0.03876	0.00939	0.01038	0.15902	0.02292	0.05921	0.01831	0.01294	0.00552
24	0.00963	0.00864	0.01172	0.02939	0.01080	0.03055	0.00833	0.01052	0.00712	0.06376	0.03708	0.01120	0.00754	0.03797	0.01279	0.04408	0.64823	0.00393	0.00220	0.00454
25	0.00512	0.00417	0.00443	0.00459	0.00571	0.00360	0.00332	0.00607	0.00908	0.01103	0.03699	0.15679	0.62704	0.07865	0.00636	0.00169	0.00237	0.02574	0.00379	0.00346
26	0.03206	0.01068	0.10868	0.02332	0.05682	0.00987	0.00819	0.35814	0.06089	0.10817	0.02219	0.11847	0.01070	0.02681	0.00495	0.00143	0.02381	0.00492	0.00371	0.00620
27	0.01046	0.00994	0.01512	0.08324	0.37732	0.06357	0.11300	0.06390	0.03760	0.03061	0.00968	0.06120	0.00842	0.00534	0.02167	0.00143	0.02706	0.02055	0.00251	0.03739
28	0.00754	0.00681	0.06165	0.00874	0.09864	0.00660	0.00601	0.03636	0.00732	0.01021	0.01131	0.01923	0.03548	0.36813	0.11025	0.08536	0.10931	0.00493	0.00235	0.00376
29	0.03478	0.03424	0.01075	0.00975	0.03035	0.54645	0.00723	0.05895	0.03651	0.02454	0.01190	0.08354	0.08219	0.00572	0.00403	0.00120	0.00605	0.00421	0.00270	0.00489
30	0.08073	0.04427	0.01230	0.07108	0.13862	0.09154	0.03689	0.19150	0.03860	0.04537	0.00987	0.01092	0.03702	0.00447	0.00400	0.00116	0.01900	0.00356	0.01363	0.14546
31	0.06017	0.09751	0.14240	0.04396	0.10277	0.15838	0.03674	0.06669	0.04592	0.06989	0.01002	0.01322	0.01808	0.01828	0.00466	0.01422	0.02239	0.06650	0.00266	0.00554
32	0.08318	0.02665	0.08362	0.02864	0.02029	0.02715	0.01641	0.03433	0.05993	0.06273	0.07545	0.19998	0.17801	0.00822	0.00509	0.00146	0.05418	0.02659	0.00344	0.00464

[dist]
# distance from previous block
# <min> <max>
4	30

[block]
# block no. 3 follows, 63 sequences, length 6
# corresponding to MSA columns:
# 155-160
name=unknown_D
#
# <colnr> <probs for GDERKNQSTAVLIFYWHMCP>
#	G	D	E	R	K	N	Q	S	T	A	V	L	I	F	Y	W	H	M	C	P
0	0.06570	0.53220	0.06284	0.00955	0.08362	0.01457	0.00823	0.08773	0.00945	0.01256	0.00649	0.00771	0.00563	0.00410	0.00395	0.00109	0.07419	0.00269	0.00210	0.00560
1	0.00946	0.06031	0.05435	0.00916	0.05889	0.03655	0.08666	0.03442	0.07656	0.05290	0.01453	0.01530	0.13217	0.00610	0.03472	0.00133	0.03197	0.00430	0.04570	0.23462
2	0.00985	0.00773	0.00976	0.23620	0.01491	0.00800	0.00744	0.07693	0.04401	0.01455	0.06197	0.06502	0.16830	0.11947	0.10883	0.02568	0.00562	0.00653	0.00376	0.00544
3	0.11375	0.06101	0.00879	0.04132	0.00973	0.07615	0.00570	0.06237	0.22215	0.01476	0.10171	0.01823	0.08848	0.10159	0.05500	0.00194	0.00421	0.00486	0.00334	0.00492
4	0.02806	0.06224	0.13564	0.03336	0.15461	0.08537	0.03363	0.03090	0.12429	0.03577	0.02777	0.10222	0.02269	0.03390	0.00472	0.00138	0.00461	0.01594	0.00281	0.06007
5	0.02504	0.05003	0.00790	0.00675	0.02306	0.00635	0.00515	0.07601	0.01011	0.13268	0.08451	0.17323	0.22051	0.03864	0.02366	0.02138	0.05895	0.02771	0.00374	0.00457

[dist]
# distance from previous block
# <min> <max>
0	2

[block]
# block no. 4 follows, 63 sequences, length 26
# corresponding to MSA columns:
# 163-188
name=unknown_E
#
# <colnr> <probs for GDERKNQSTAVLIFYWHMCP>
#	G	D	E	R	K	N	Q	S	T	A	V	L	I	F	Y	W	H	M	C	P
0	0.05475	0.02367	0.03917	0.04801	0.16255	0.01865	0.06884	0.08604	0.04903	0.05498	0.08266	0.05948	0.16466	0.00691	0.01649	0.00144	0.01412	0.03113	0.01219	0.00525
1	0.00645	0.00491	0.00575	0.00656	0.03962	0.04253	0.00421	0.00712	0.00809	0.03382	0.02083	0.50952	0.08543	0.17506	0.00855	0.02201	0.00314	0.00940	0.00347	0.00353
2	0.01079	0.15225	0.04992	0.00949	0.06755	0.05576	0.02730	0.14732	0.19180	0.02680	0.01391	0.05636	0.07962	0.00661	0.03790	0.00146	0.00448	0.00450	0.00319	0.05298
3	0.04631	0.00942	0.03261	0.03875	0.15496	0.09900	0.11364	0.03546	0.08317	0.06268	0.01382	0.13798	0.05516	0.02318	0.03869	0.00164	0.00491	0.01752	0.01609	0.01501
4	0.02875	0.24147	0.32649	0.01041	0.04157	0.05076	0.02214	0.14802	0.05078	0.01475	0.00800	0.00897	0.00617	0.00465	0.01886	0.00129	0.00541	0.00311	0.00237	0.00604
5	0.00818	0.03477	0.21744	0.02570	0.08542	0.00767	0.04381	0.04391	0.07543	0.02503	0.08270	0.07460	0.10552	0.09134	0.04239	0.00188	0.00463	0.02160	0.00294	0.00507
6	0.00599	0.00518	0.04436	0.00762	0.07226	0.00439	0.00523	0.00716	0.00877	0.01189	0.13551	0.50335	0.07083	0.01121	0.00574	0.04899	0.00286	0.04120	0.00365	0.00382
7	0.03544	0.08874	0.02703	0.00706	0.00825	0.02428	0.01935	0.02973	0.06927	0.01207	0.02749	0.49847	0.03222	0.01014	0.00527	0.00157	0.04543	0.05049	0.00348	0.00421
8	0.07193	0.13954	0.09935	0.05108	0.09998	0.10926	0.08299	0.19728	0.04493	0.05225	0.00855	0.00956	0.00650	0.00428	0.00387	0.00122	0.00524	0.00341	0.00276	0.00602
9	0.00558	0.00379	0.00514	0.00595	0.00623	0.00362	0.00410	0.00609	0.00778	0.01036	0.02056	0.63630	0.02420	0.03682	0.02499	0.11258	0.00295	0.07619	0.00356	0.00324
10	0.01451	0.01256	0.01165	0.00957	0.01243	0.16657	0.00764	0.47433	0.19262	0.02120	0.01121	0.02740	0.00847	0.00522	0.00417	0.00127	0.00485	0.00396	0.00383	0.00654
11	0.01614	0.01152	0.01246	0.00955	0.01291	0.01267	0.00789	0.76919	0.01935	0.06992	0.01044	0.01032	0.00733	0.00505	0.00421	0.00126	0.00457	0.00381	0.00426	0.00715
12	0.00634	0.00448	0.00532	0.00517	0.00523	0.00478	0.00319	0.00651	0.00630	0.00856	0.03118	0.02577	0.01491	0.73565	0.05436	0.00396	0.06708	0.00590	0.00253	0.00278
13	0.00980	0.07839	0.02366	0.01633	0.02034	0.01078	0.70909	0.01304	0.00972	0.01305	0.00897	0.04989	0.00729	0.00399	0.00480	0.00139	0.00666	0.00507	0.00218	0.00554
14	0.00571	0.00440	0.00561	0.05108	0.00767	0.00434	0.00445	0.00755	0.07321	0.01162	0.05719	0.59071	0.13760	0.01155	0.00514	0.00161	0.00262	0.01032	0.00385	0.00378
15	0.00561	0.00424	0.00521	0.00571	0.00645	0.00400	0.00409	0.00723	0.05273	0.01199	0.11566	0.46617	0.19688	0.02962	0.00555	0.00166	0.00251	0.06703	0.00397	0.00369
16	0.03300	0.00927	0.03764	0.00783	0.01065	0.03370	0.00654	0.33591	0.04711	0.20555	0.03140	0.01587	0.11216	0.00579	0.00415	0.00127	0.00383	0.00456	0.08762	0.00615
17	0.00547	0.00394	0.00525	0.00609	0.00653	0.00376	0.00436	0.00645	0.00834	0.01104	0.03543	0.60737	0.06190	0.03934	0.03974	0.00201	0.00307	0.14261	0.00380	0.00349
18	0.00603	0.00441	0.00627	0.00627	0.00685	0.00499	0.00465	0.00719	0.00661	0.00940	0.01171	0.01899	0.01158	0.21616	0.65244	0.00615	0.00964	0.00487	0.00232	0.00348
19	0.00521	0.00409	0.00463	0.00497	0.00596	0.00359	0.00362	0.00627	0.00918	0.01157	0.07098	0.29933	0.47678	0.01127	0.00509	0.00152	0.00230	0.04631	0.02376	0.00355
20	0.00651	0.00489	0.02122	0.00601	0.00697	0.00477	0.00456	0.02031	0.07582	0.01309	0.12748	0.31158	0.05768	0.01327	0.14353	0.00234	0.00399	0.03376	0.13820	0.00402
21	0.01947	0.00504	0.00632	0.03985	0.00785	0.00481	0.00447	0.03003	0.02601	0.15464	0.13696	0.25142	0.13325	0.15140	0.00762	0.00191	0.00302	0.00775	0.00392	0.00425
22	0.00843	0.02174	0.83048	0.01198	0.01819	0.00976	0.01553	0.01331	0.00888	0.01331	0.00754	0.00888	0.00533	0.00399	0.00399	0.00133	0.00621	0.00311	0.00178	0.00621
23	0.00916	0.00670	0.01002	0.11583	0.21820	0.01970	0.00745	0.05773	0.02551	0.03126	0.00821	0.01217	0.00727	0.02859	0.01039	0.41746	0.00436	0.00377	0.00220	0.00403
24	0.02239	0.00760	0.02167	0.03908	0.23118	0.00759	0.08574	0.07063	0.00960	0.01321	0.07580	0.06775	0.11646	0.15956	0.01712	0.00192	0.03930	0.00569	0.00285	0.00485
25	0.00700	0.00573	0.00869	0.36266	0.06041	0.00641	0.00753	0.00888	0.00842	0.01149	0.01526	0.24961	0.06351	0.03947	0.00509	0.00154	0.00393	0.01719	0.11302	0.00417

[dist]
# distance from previous block
# <min> <max>
1	20

[block]
# block no. 5 follows, 63 sequences, length 13
# corresponding to MSA columns:
# 209-221
name=unknown_F
#
# <colnr> <probs for GDERKNQSTAVLIFYWHMCP>
#	G	D	E	R	K	N	Q	S	T	A	V	L	I	F	Y	W	H	M	C	P
0	0.01136	0.07919	0.08545	0.02716	0.16993	0.19272	0.03820	0.08218	0.05584	0.03785	0.04565	0.03877	0.00945	0.06648	0.02179	0.00156	0.02421	0.00408	0.00265	0.00549
1	0.01549	0.01130	0.01209	0.00932	0.01254	0.01248	0.00768	0.76343	0.01910	0.02584	0.01031	0.01043	0.00737	0.00504	0.00413	0.00124	0.00446	0.00379	0.05698	0.00695
2	0.00707	0.03899	0.00615	0.00544	0.00585	0.04377	0.00355	0.02456	0.00681	0.00885	0.01183	0.02277	0.01299	0.58754	0.12240	0.07555	0.00515	0.00534	0.00244	0.00296
3	0.00756	0.00440	0.00647	0.00622	0.00622	0.00489	0.00440	0.00610	0.00561	0.00768	0.00706	0.01230	0.00706	0.01363	0.01608	0.76017	0.11649	0.00365	0.00183	0.00220
4	0.00944	0.02610	0.09291	0.06633	0.37009	0.04753	0.10462	0.02810	0.00944	0.01303	0.01022	0.12320	0.00948	0.00613	0.03428	0.00152	0.00528	0.00489	0.03176	0.00565
5	0.00955	0.00766	0.00906	0.02887	0.01065	0.00608	0.00536	0.04857	0.00939	0.05558	0.00806	0.00913	0.00646	0.00334	0.00325	0.00071	0.00327	0.00267	0.00269	0.76963
6	0.00604	0.00406	0.00469	0.00475	0.00480	0.00408	0.00274	0.00615	0.00627	0.00838	0.01382	0.08105	0.01592	0.76501	0.05225	0.00403	0.00425	0.00643	0.00262	0.00265
7	0.00567	0.00406	0.00456	0.00469	0.00514	0.00382	0.00296	0.00604	0.00739	0.00943	0.02308	0.14660	0.25420	0.46366	0.01418	0.02754	0.00326	0.00768	0.00312	0.00294
8	0.01192	0.45898	0.10087	0.00982	0.01360	0.09261	0.13090	0.06935	0.01008	0.05556	0.00735	0.00837	0.00593	0.00389	0.00346	0.00109	0.00532	0.00300	0.00223	0.00568
9	0.00805	0.00578	0.00693	0.00654	0.00800	0.00586	0.00528	0.14136	0.03769	0.01679	0.31813	0.03090	0.09374	0.00854	0.00485	0.00145	0.00296	0.21091	0.08172	0.00451
10	0.00599	0.00401	0.00556	0.00582	0.00608	0.00386	0.02919	0.00608	0.00707	0.00944	0.01683	0.43565	0.01961	0.23070	0.01181	0.18454	0.00326	0.00849	0.00306	0.00293
11	0.00936	0.00745	0.00878	0.00631	0.01001	0.00564	0.00506	0.01121	0.00893	0.06502	0.00805	0.00907	0.00649	0.00324	0.00318	0.00067	0.00314	0.00260	0.00266	0.82314
12	0.01210	0.04619	0.10499	0.00987	0.04978	0.03522	0.00827	0.30227	0.20338	0.04104	0.02367	0.04936	0.02196	0.01558	0.00469	0.00135	0.03203	0.00433	0.00356	0.03035

[dist]
# distance from previous block
# <min> <max>
0	1

[block]
# block no. 6 follows, 63 sequences, length 13
# corresponding to MSA columns:
# 223-235
name=unknown_G
#
# <colnr> <probs for GDERKNQSTAVLIFYWHMCP>
#	G	D	E	R	K	N	Q	S	T	A	V	L	I	F	Y	W	H	M	C	P
0	0.00845	0.05167	0.02970	0.03426	0.11035	0.03874	0.02485	0.05256	0.03033	0.05280	0.06551	0.16404	0.17632	0.02642	0.00507	0.00150	0.00369	0.10578	0.00343	0.01454
1	0.04749	0.24374	0.25695	0.00887	0.01257	0.05398	0.00915	0.12767	0.01025	0.05586	0.00864	0.02567	0.00731	0.09454	0.00565	0.00149	0.01863	0.00346	0.00248	0.00557
2	0.00954	0.37283	0.35002	0.00896	0.01315	0.01201	0.01012	0.03448	0.00877	0.01166	0.00797	0.01122	0.00707	0.09431	0.00536	0.00146	0.00514	0.02851	0.00200	0.00543
3	0.00595	0.00540	0.06631	0.00661	0.03320	0.00443	0.00472	0.00686	0.00749	0.01016	0.01768	0.43100	0.02046	0.29460	0.04470	0.00267	0.00375	0.02738	0.00316	0.00346
4	0.02385	0.10498	0.15466	0.14264	0.11998	0.03540	0.06148	0.16331	0.01112	0.05649	0.00985	0.04349	0.02554	0.02382	0.00446	0.00135	0.00511	0.00401	0.00266	0.00581
5	0.04354	0.00863	0.00869	0.02405	0.00994	0.10543	0.00600	0.21692	0.05480	0.10087	0.04073	0.26760	0.01513	0.02146	0.02782	0.00158	0.00411	0.00637	0.03113	0.00520
6	0.00787	0.00558	0.00622	0.00593	0.00752	0.01924	0.00471	0.06167	0.04369	0.08782	0.07232	0.03437	0.40541	0.04371	0.00559	0.00159	0.00297	0.15931	0.02017	0.00431
7	0.00872	0.00747	0.00872	0.00623	0.00996	0.00560	0.00498	0.01058	0.00872	0.01370	0.00747	0.00872	0.00623	0.00311	0.00311	0.00062	0.00311	0.00249	0.00249	0.87796
8	0.00936	0.00542	0.00662	0.00614	0.00769	0.00514	0.00467	0.02979	0.08255	0.20053	0.12688	0.17978	0.15889	0.06950	0.00594	0.00163	0.00289	0.05111	0.04073	0.00473
9	0.00741	0.04061	0.00783	0.03738	0.05178	0.05222	0.00545	0.02811	0.09528	0.01314	0.17209	0.16510	0.21988	0.00996	0.05369	0.00172	0.02317	0.00716	0.00359	0.00440
10	0.00740	0.00457	0.00764	0.00688	0.00741	0.00458	0.08962	0.00656	0.00610	0.00824	0.00805	0.01352	0.00781	0.04354	0.10120	0.66370	0.00483	0.00396	0.00193	0.00246
11	0.03140	0.09961	0.08913	0.03067	0.10459	0.09990	0.04641	0.08488	0.02118	0.05403	0.07688	0.07956	0.08319	0.00658	0.02635	0.00141	0.00468	0.01606	0.00297	0.04054
12	0.02797	0.02559	0.05266	0.00624	0.00748	0.02669	0.02104	0.00834	0.00921	0.03073	0.16455	0.36003	0.09363	0.00936	0.00483	0.00144	0.01979	0.00816	0.11826	0.00401

[dist]
# distance from previous block
# <min> <max>
0	34

[block]
# block no. 7 follows, 63 sequences, length 34
# corresponding to MSA columns:
# 282-315
name=unknown_H
#
# <colnr> <probs for GDERKNQSTAVLIFYWHMCP>
#	G	D	E	R	K	N	Q	S	T	A	V	L	I	F	Y	W	H	M	C	P
0	0.01056	0.12336	0.18201	0.03645	0.11725	0.07278	0.03132	0.08306	0.06696	0.04516	0.01081	0.03887	0.04942	0.00544	0.01834	0.00135	0.05249	0.00394	0.00260	0.04783
1	0.00590	0.00454	0.00567	0.00605	0.00679	0.00444	0.01630	0.00795	0.09699	0.01154	0.03621	0.51679	0.14240	0.07400	0.02330	0.00191	0.00289	0.02876	0.00379	0.00379
2	0.00602	0.00440	0.00560	0.00640	0.04832	0.00424	0.00418	0.00692	0.01910	0.01062	0.02226	0.28125	0.18791	0.17983	0.06006	0.05708	0.00352	0.05169	0.03716	0.00345
3	0.02541	0.14591	0.15637	0.06883	0.06200	0.09427	0.04831	0.07110	0.04451	0.05216	0.01009	0.01112	0.05149	0.00451	0.00409	0.00117	0.02979	0.00352	0.00253	0.11281
4	0.00782	0.00595	0.00778	0.00841	0.07141	0.04394	0.03121	0.03084	0.00898	0.05698	0.03970	0.32972	0.01877	0.06537	0.10052	0.00230	0.01882	0.09645	0.05081	0.00421
5	0.00567	0.00405	0.00544	0.00618	0.00648	0.00400	0.00425	0.00644	0.00805	0.03015	0.02204	0.78329	0.02616	0.01266	0.00580	0.00170	0.04894	0.01131	0.00382	0.00357
6	0.00986	0.00829	0.00920	0.00677	0.01037	0.03441	0.00542	0.07855	0.03304	0.03440	0.00815	0.00913	0.00657	0.00344	0.00329	0.00073	0.00341	0.00271	0.00274	0.72953
7	0.02523	0.08197	0.05108	0.14118	0.06018	0.04211	0.04274	0.09399	0.04749	0.08947	0.03194	0.01445	0.07169	0.02697	0.00458	0.01030	0.00439	0.02146	0.00294	0.13585
8	0.03987	0.05343	0.10897	0.00911	0.01255	0.01038	0.02447	0.31849	0.04203	0.22807	0.01103	0.01097	0.00772	0.00490	0.00455	0.00127	0.05075	0.00370	0.01672	0.04099
9	0.01230	0.00866	0.00950	0.00789	0.01030	0.00938	0.00622	0.30969	0.24467	0.10219	0.05987	0.01672	0.05036	0.09204	0.00601	0.00160	0.00372	0.00480	0.03801	0.00607
10	0.03747	0.00880	0.06604	0.18002	0.20898	0.00839	0.10708	0.05541	0.00952	0.02586	0.02527	0.11571	0.03076	0.01767	0.04454	0.00168	0.00511	0.02595	0.02051	0.00524
11	0.01147	0.03823	0.04678	0.06215	0.25550	0.11937	0.00898	0.06348	0.06836	0.11073	0.07827	0.04581	0.03610	0.00530	0.00434	0.00128	0.01710	0.00446	0.01648	0.00582
12	0.00903	0.01027	0.09551	0.06506	0.01285	0.04525	0.03541	0.02964	0.01959	0.01121	0.00845	0.10023	0.00838	0.00717	0.01006	0.00168	0.50530	0.01795	0.00221	0.00477
13	0.01229	0.00788	0.02742	0.00770	0.00980	0.04474	0.00629	0.14104	0.06448	0.24571	0.02910	0.06367	0.01366	0.09344	0.02032	0.00179	0.02974	0.12992	0.04554	0.00547
14	0.00978	0.10140	0.24875	0.03545	0.15153	0.06872	0.04236	0.02437	0.04144	0.05118	0.01130	0.11100	0.03410	0.01962	0.00458	0.00136	0.01918	0.00462	0.01369	0.00558
15	0.01018	0.04570	0.07896	0.29846	0.37506	0.00996	0.01185	0.04918	0.00968	0.05927	0.00824	0.01061	0.00638	0.00406	0.00411	0.00130	0.00518	0.00366	0.00225	0.00595
16	0.00638	0.00550	0.00839	0.05378	0.04008	0.00519	0.10409	0.00816	0.00990	0.01301	0.21604	0.14869	0.26571	0.00913	0.00503	0.00148	0.00323	0.08841	0.00367	0.00410
17	0.00975	0.00739	0.02377	0.10724	0.02528	0.02081	0.01886	0.20747	0.01156	0.06665	0.09431	0.12851	0.05106	0.02110	0.14247	0.01709	0.00512	0.00565	0.03093	0.00498
18	0.02139	0.09571	0.12327	0.01351	0.18096	0.15387	0.07474	0.09255	0.06139	0.07523	0.01942	0.01057	0.00738	0.02168	0.00464	0.00130	0.03016	0.00362	0.00265	0.00597
19	0.00809	0.00792	0.01125	0.27132	0.08402	0.09142	0.09568	0.01003	0.00910	0.01158	0.05786	0.29442	0.01512	0.00737	0.00467	0.00146	0.00465	0.00675	0.00278	0.00450
20	0.00601	0.00422	0.00499	0.00495	0.00556	0.00402	0.00331	0.00682	0.00830	0.02418	0.19258	0.07596	0.17595	0.39405	0.05829	0.00292	0.00355	0.01772	0.00337	0.00325
21	0.00970	0.08171	0.20132	0.06648	0.09739	0.09818	0.07223	0.05014	0.04542	0.01278	0.02353	0.09231	0.00933	0.00668	0.03965	0.01580	0.05187	0.01771	0.00242	0.00536
22	0.03963	0.04611	0.08054	0.01199	0.13954	0.19180	0.00883	0.13452	0.05590	0.05481	0.00953	0.03163	0.02104	0.03389	0.00596	0.01526	0.10688	0.00380	0.00274	0.00561
23	0.01169	0.76866	0.02090	0.00734	0.01089	0.01597	0.00718	0.04811	0.02885	0.03847	0.00667	0.00736	0.00582	0.00377	0.00285	0.00094	0.00444	0.00244	0.00208	0.00556
24	0.00694	0.00612	0.09007	0.00663	0.00772	0.00518	0.00548	0.00796	0.05148	0.00974	0.02515	0.04098	0.04408	0.05729	0.27523	0.34349	0.00622	0.00458	0.00232	0.00334
25	0.01153	0.06757	0.13073	0.05853	0.13310	0.09993	0.06121	0.07984	0.04089	0.12069	0.07591	0.04561	0.01041	0.00514	0.00459	0.00130	0.03999	0.00426	0.00295	0.00581
26	0.02392	0.00706	0.00830	0.04515	0.01869	0.05239	0.02578	0.01261	0.16478	0.08511	0.29510	0.05855	0.08757	0.00723	0.00518	0.00138	0.06046	0.00604	0.02977	0.00490
27	0.00530	0.00414	0.00481	0.00493	0.00596	0.00365	0.00359	0.00658	0.00996	0.01291	0.27824	0.21552	0.40826	0.01057	0.00505	0.00145	0.00215	0.00916	0.00413	0.00365
28	0.02442	0.00830	0.02813	0.04616	0.11287	0.00845	0.10904	0.16750	0.05698	0.02646	0.07186	0.09498	0.05246	0.01447	0.01803	0.00147	0.03565	0.02107	0.09635	0.00534
29	0.06349	0.13753	0.08707	0.01987	0.02361	0.05646	0.04848	0.11182	0.03211	0.03813	0.00798	0.00897	0.00629	0.00380	0.00346	0.00098	0.00434	0.00294	0.00262	0.34008
30	0.00582	0.00453	0.00577	0.00667	0.06478	0.00424	0.00429	0.00701	0.02245	0.01162	0.12213	0.30675	0.26532	0.09749	0.03213	0.01991	0.00295	0.00880	0.00363	0.00370
31	0.00566	0.00427	0.00511	0.00550	0.00625	0.00397	0.00382	0.02667	0.02838	0.01173	0.07990	0.48255	0.22691	0.06805	0.00623	0.00173	0.00253	0.00997	0.00385	0.01692
32	0.07689	0.02509	0.12426	0.03712	0.12855	0.03199	0.09331	0.14238	0.02130	0.04395	0.01316	0.09969	0.06402	0.01610	0.00454	0.00140	0.00465	0.04865	0.00298	0.01999
33	0.01113	0.03676	0.12379	0.04944	0.13496	0.10404	0.08506	0.10578	0.14469	0.04930	0.05102	0.02690	0.02515	0.00500	0.00424	0.00130	0.00500	0.01555	0.00299	0.01788

[dist]
# distance from previous block
# <min> <max>
0	21

[block]
# block no. 8 follows, 63 sequences, length 26
# corresponding to MSA columns:
# 337-362
name=unknown_I
#
# <colnr> <probs for GDERKNQSTAVLIFYWHMCP>
#	G	D	E	R	K	N	Q	S	T	A	V	L	I	F	Y	W	H	M	C	P
0	0.03856	0.11245	0.11080	0.02093	0.01120	0.03649	0.08967	0.02693	0.02431	0.07238	0.09410	0.11364	0.07373	0.03783	0.06465	0.01460	0.01452	0.01640	0.00300	0.02381
1	0.00781	0.09874	0.15118	0.00781	0.02814	0.02237	0.03096	0.02516	0.05083	0.04005	0.07986	0.21363	0.18298	0.03545	0.00507	0.00148	0.00368	0.00689	0.00326	0.00468
2	0.00868	0.04406	0.02508	0.00826	0.03747	0.03830	0.06506	0.09568	0.09359	0.01403	0.04172	0.22172	0.10776	0.03997	0.00507	0.00141	0.00366	0.00645	0.00334	0.13869
3	0.00778	0.00796	0.07505	0.11758	0.17970	0.02942	0.03496	0.00955	0.00808	0.01101	0.03296	0.03258	0.04800	0.20243	0.15539	0.01663	0.01927	0.00486	0.00235	0.00446
4	0.01053	0.17528	0.21298	0.05029	0.06372	0.03946	0.12359	0.14369	0.01082	0.01445	0.00901	0.04518	0.00763	0.00522	0.02052	0.00137	0.00548	0.03326	0.00245	0.02508
5	0.00921	0.19686	0.22534	0.11324	0.07986	0.02154	0.07051	0.02687	0.01987	0.01203	0.00876	0.06996	0.00777	0.02354	0.02563	0.00149	0.05766	0.00400	0.02051	0.00536
6	0.00596	0.00417	0.00494	0.00492	0.00524	0.00420	0.00311	0.00641	0.00687	0.00917	0.05573	0.02740	0.10363	0.59212	0.14528	0.00407	0.00488	0.00624	0.00275	0.00291
7	0.00567	0.00424	0.00574	0.07406	0.00812	0.00417	0.00461	0.02348	0.00883	0.01182	0.11808	0.64012	0.05196	0.01164	0.00519	0.00162	0.00268	0.01049	0.00383	0.00367
8	0.00775	0.00642	0.00906	0.05404	0.00960	0.02974	0.03299	0.00812	0.00694	0.00966	0.02730	0.14584	0.01085	0.01238	0.09184	0.25530	0.27117	0.00518	0.00229	0.00356
9	0.01069	0.00600	0.00726	0.00629	0.00833	0.00559	0.00498	0.09524	0.02419	0.26482	0.11794	0.07867	0.28402	0.00889	0.02941	0.00155	0.00319	0.03342	0.00437	0.00514
10	0.00664	0.00409	0.00613	0.00613	0.00652	0.00448	0.00448	0.00652	0.00613	0.00857	0.00934	0.01470	0.00895	0.02331	0.43778	0.42972	0.00756	0.00409	0.00204	0.00282
11	0.00621	0.00432	0.00541	0.00590	0.00636	0.00428	0.00427	0.00731	0.02399	0.01070	0.03614	0.21159	0.03584	0.34061	0.01167	0.00267	0.00351	0.24946	0.02647	0.00331
12	0.00850	0.00526	0.00551	0.00509	0.00651	0.02715	0.00390	0.04592	0.03915	0.07738	0.15391	0.02231	0.16593	0.00662	0.00388	0.00117	0.00244	0.00546	0.40953	0.00437
13	0.00532	0.00423	0.00436	0.00433	0.00567	0.00362	0.00325	0.00656	0.00974	0.01228	0.11620	0.03734	0.67457	0.00993	0.00478	0.00137	0.00210	0.00830	0.08242	0.00362
14	0.01570	0.02004	0.01191	0.01083	0.01300	0.83539	0.00812	0.01679	0.01191	0.01029	0.00650	0.00758	0.00541	0.00433	0.00379	0.00108	0.00758	0.00271	0.00217	0.00487
15	0.01554	0.01156	0.01237	0.00958	0.01287	0.01283	0.00788	0.74901	0.08350	0.02578	0.01065	0.01054	0.00760	0.00510	0.00421	0.00127	0.00452	0.00386	0.00421	0.00711
16	0.00794	0.00747	0.01261	0.84216	0.02895	0.00934	0.01167	0.01074	0.00841	0.01074	0.00747	0.01121	0.00560	0.00420	0.00420	0.00140	0.00560	0.00374	0.00187	0.00467
17	0.00784	0.00392	0.00392	0.00392	0.00490	0.00392	0.00294	0.00980	0.00882	0.01567	0.01371	0.01567	0.01077	0.00490	0.00294	0.00098	0.00196	0.00392	0.87560	0.00392
18	0.00512	0.00366	0.00488	0.00585	0.00610	0.00341	0.00390	0.00585	0.00805	0.01073	0.02317	0.84952	0.02780	0.01317	0.00537	0.00171	0.00244	0.01195	0.00390	0.00341
19	0.00601	0.00449	0.00669	0.00669	0.00741	0.00522	0.00517	0.00746	0.00674	0.00971	0.01132	0.01687	0.01066	0.05806	0.80928	0.00667	0.01103	0.00456	0.00226	0.00371
20	0.00807	0.00539	0.00712	0.00737	0.02034	0.00549	0.00602	0.03530	0.05550	0.08052	0.04197	0.03327	0.08597	0.01336	0.14819	0.00255	0.00484	0.38772	0.04659	0.00440
21	0.01026	0.08469	0.38608	0.01370	0.16833	0.08399	0.03356	0.05778	0.04910	0.01375	0.00798	0.00934	0.00612	0.00409	0.00406	0.00124	0.01827	0.00327	0.00216	0.04222
22	0.00533	0.00412	0.00486	0.00517	0.00609	0.00368	0.00377	0.00649	0.00945	0.01215	0.17262	0.28764	0.37088	0.02942	0.00550	0.00158	0.00236	0.06133	0.00400	0.00358
23	0.00941	0.00782	0.00935	0.02516	0.02935	0.00659	0.00569	0.06256	0.02706	0.03180	0.00829	0.02521	0.00690	0.00371	0.00369	0.00079	0.03182	0.00294	0.00268	0.69920
24	0.02745	0.00921	0.09374	0.06278	0.04254	0.02365	0.11611	0.11071	0.12489	0.01469	0.02696	0.26405	0.03789	0.00744	0.00466	0.00147	0.00426	0.01902	0.00329	0.00519
25	0.02474	0.00964	0.01311	0.06269	0.36339	0.04609	0.00951	0.17369	0.04435	0.09717	0.01066	0.01236	0.02527	0.03380	0.02448	0.00149	0.00479	0.00399	0.03256	0.00622

[dist]
# distance from previous block
# <min> <max>
1	9

[block]
# block no. 9 follows, 63 sequences, length 20
# corresponding to MSA columns:
# 373-392
name=unknown_J
#
# <colnr> <probs for GDERKNQSTAVLIFYWHMCP>
#	G	D	E	R	K	N	Q	S	T	A	V	L	I	F	Y	W	H	M	C	P
0	0.01250	0.32787	0.01569	0.02918	0.05099	0.15970	0.02128	0.15002	0.11849	0.02764	0.04221	0.01014	0.00825	0.00450	0.00362	0.00112	0.00489	0.00333	0.00279	0.00578
1	0.01061	0.02346	0.07955	0.04006	0.10691	0.05835	0.00759	0.10032	0.12131	0.11243	0.11135	0.05783	0.11291	0.00625	0.00435	0.00131	0.00395	0.00524	0.00357	0.03266
2	0.05305	0.09431	0.21495	0.02934	0.06380	0.00942	0.03020	0.10291	0.02450	0.21496	0.02670	0.06471	0.00924	0.01762	0.00453	0.00135	0.02498	0.00417	0.00320	0.00606
3	0.01262	0.60872	0.01926	0.00795	0.01144	0.03811	0.00743	0.22437	0.01161	0.01430	0.00699	0.00765	0.00586	0.00400	0.00313	0.00100	0.00461	0.00267	0.00245	0.00584
4	0.01413	0.01697	0.01224	0.01153	0.06530	0.61846	0.04443	0.04175	0.01139	0.01138	0.00736	0.00908	0.00618	0.02453	0.02065	0.00131	0.03198	0.00311	0.04326	0.00497
5	0.00596	0.00407	0.00470	0.00487	0.00502	0.00400	0.00294	0.00620	0.00670	0.00884	0.01645	0.12723	0.06118	0.66690	0.01786	0.00355	0.00376	0.04415	0.00284	0.00277
6	0.01046	0.00903	0.00951	0.00855	0.01093	0.01046	0.00665	0.02234	0.81845	0.01759	0.01711	0.01568	0.01283	0.00570	0.00428	0.00143	0.00333	0.00475	0.00428	0.00665
7	0.00609	0.00435	0.00599	0.00696	0.00763	0.00425	0.00559	0.00753	0.00901	0.01182	0.02263	0.37755	0.02568	0.01225	0.00562	0.00184	0.00328	0.47432	0.00388	0.00368
8	0.01047	0.00527	0.00699	0.00600	0.00777	0.00473	0.00470	0.01233	0.01185	0.29735	0.51879	0.02499	0.02862	0.00730	0.00464	0.00130	0.00253	0.00632	0.03297	0.00507
9	0.00872	0.00747	0.00872	0.00623	0.00996	0.00560	0.00498	0.01058	0.00872	0.01370	0.00747	0.00872	0.00623	0.00311	0.00311	0.00062	0.00311	0.00249	0.00249	0.87796
10	0.00600	0.00429	0.00581	0.00584	0.00630	0.00467	0.00412	0.00693	0.00682	0.00954	0.05074	0.06132	0.01448	0.33398	0.45471	0.00526	0.00774	0.00560	0.00255	0.00330
11	0.00590	0.00430	0.00555	0.00524	0.00625	0.00395	0.00393	0.00784	0.01179	0.01659	0.78592	0.03184	0.07773	0.00869	0.00496	0.00133	0.00199	0.00766	0.00459	0.00395
12	0.01124	0.85479	0.02203	0.00719	0.01079	0.01663	0.00719	0.01259	0.00854	0.00989	0.00584	0.00674	0.00539	0.00360	0.00270	0.00090	0.00450	0.00225	0.00180	0.00539
13	0.00605	0.00412	0.00482	0.00484	0.00496	0.00417	0.00289	0.00626	0.00631	0.00846	0.01393	0.04731	0.03297	0.72394	0.10851	0.00425	0.00477	0.00615	0.00258	0.00272
14	0.00520	0.00396	0.00478	0.00538	0.00608	0.00357	0.00381	0.00611	0.00864	0.01101	0.02968	0.49098	0.30727	0.03400	0.00567	0.00168	0.00247	0.06237	0.00387	0.00347
15	0.01570	0.02004	0.01191	0.01083	0.01300	0.83539	0.00812	0.01679	0.01191	0.01029	0.00650	0.00758	0.00541	0.00433	0.00379	0.00108	0.00758	0.00271	0.00217	0.00487
16	0.00920	0.00920	0.01288	0.01104	0.01104	0.01288	0.00920	0.01012	0.00644	0.01012	0.00552	0.00920	0.00552	0.00736	0.01380	0.00184	0.84457	0.00368	0.00184	0.00460
17	0.01260	0.05137	0.03111	0.02685	0.03865	0.06122	0.00733	0.30056	0.22683	0.06756	0.04198	0.03433	0.04174	0.00556	0.00416	0.00129	0.00414	0.00444	0.03201	0.00625
18	0.02434	0.08627	0.03290	0.00791	0.01063	0.13644	0.02873	0.13911	0.08294	0.08626	0.03179	0.02406	0.00906	0.00471	0.00367	0.00110	0.00418	0.00366	0.15536	0.12687
19	0.01064	0.30699	0.17374	0.01201	0.11727	0.10234	0.09338	0.01385	0.07486	0.01212	0.00873	0.02586	0.02239	0.00426	0.00371	0.00117	0.00532	0.00345	0.00219	0.00571

[dist]
# distance from previous block
# <min> <max>
1	4

[block]
# block no. 10 follows, 63 sequences, length 8
# corresponding to MSA columns:
# 397-404
name=unknown_K
#
# <colnr> <probs for GDERKNQSTAVLIFYWHMCP>
#	G	D	E	R	K	N	Q	S	T	A	V	L	I	F	Y	W	H	M	C	P
0	0.03663	0.01177	0.04520	0.01115	0.03561	0.19086	0.09297	0.06871	0.00916	0.01201	0.00747	0.01083	0.00671	0.06250	0.07208	0.00206	0.31341	0.00377	0.00221	0.00488
1	0.00985	0.00481	0.00523	0.00474	0.00618	0.00474	0.00368	0.05548	0.00988	0.13197	0.01392	0.01517	0.01052	0.00495	0.00319	0.00104	0.00234	0.00395	0.70380	0.00456
2	0.06461	0.00713	0.00860	0.04418	0.03428	0.02364	0.03175	0.10979	0.13468	0.03753	0.02875	0.03618	0.11536	0.09837	0.20342	0.00292	0.00561	0.00516	0.00320	0.00483
3	0.00914	0.00616	0.00744	0.00612	0.00859	0.00516	0.00475	0.01122	0.04861	0.14683	0.12627	0.12699	0.11768	0.00658	0.00413	0.00111	0.00283	0.00562	0.00367	0.35108
4	0.01007	0.04646	0.14606	0.11723	0.28044	0.02431	0.09393	0.04968	0.04849	0.04297	0.00912	0.03092	0.00747	0.03145	0.01818	0.00150	0.02944	0.00403	0.00237	0.00589
5	0.00649	0.00603	0.04252	0.03708	0.03425	0.00533	0.03120	0.00927	0.09012	0.01375	0.24982	0.06701	0.32538	0.00879	0.00487	0.00143	0.00288	0.05562	0.00386	0.00431
6	0.02480	0.22449	0.07503	0.00909	0.02686	0.12443	0.00789	0.12657	0.15303	0.04988	0.02246	0.01091	0.00817	0.00551	0.02706	0.00135	0.04685	0.01526	0.00290	0.03745
7	0.06169	0.03305	0.02452	0.06779	0.19570	0.03448	0.00855	0.25180	0.07544	0.05549	0.02987	0.01246	0.04368	0.00577	0.03160	0.00144	0.01774	0.00398	0.00319	0.04177

[dist]
# distance from previous block
# <min> <max>
4	25

[block]
# block no. 11 follows, 63 sequences, length 27
# corresponding to MSA columns:
# 435-461
name=unknown_L
#
# <colnr> <probs for GDERKNQSTAVLIFYWHMCP>
#	G	D	E	R	K	N	Q	S	T	A	V	L	I	F	Y	W	H	M	C	P
0	0.01136	0.04914	0.06763	0.06466	0.10340	0.11569	0.11175	0.13985	0.08329	0.05229	0.03230	0.02410	0.05229	0.01673	0.00449	0.00132	0.00506	0.02769	0.00298	0.03401
1	0.04068	0.05186	0.13053	0.03493	0.13961	0.00822	0.03937	0.05346	0.04291	0.07445	0.05332	0.06060	0.09150	0.00545	0.00424	0.00123	0.01805	0.00461	0.00294	0.14205
2	0.46142	0.11764	0.02371	0.00786	0.03126	0.18158	0.01707	0.01299	0.00857	0.01495	0.00721	0.00999	0.00631	0.01748	0.00363	0.00130	0.01895	0.05091	0.00244	0.00475
3	0.01016	0.20196	0.39492	0.01158	0.05993	0.06125	0.07194	0.04927	0.05993	0.01331	0.00802	0.00920	0.00615	0.00405	0.00379	0.00122	0.00559	0.00322	0.01855	0.00596
4	0.00903	0.01706	0.47872	0.01399	0.01904	0.01031	0.30317	0.01313	0.00908	0.01313	0.00774	0.00979	0.00572	0.00408	0.00506	0.00140	0.06794	0.00382	0.00191	0.00590
5	0.00523	0.00401	0.00480	0.00521	0.00603	0.00358	0.00371	0.00630	0.00925	0.01193	0.15050	0.39758	0.33425	0.01148	0.00516	0.00155	0.00229	0.02956	0.00401	0.00356
6	0.00587	0.00404	0.00536	0.00569	0.00599	0.00416	0.00386	0.00640	0.00692	0.00942	0.01561	0.28496	0.01759	0.29040	0.23131	0.06798	0.00542	0.02303	0.00287	0.00312
7	0.00559	0.00385	0.00474	0.00526	0.00539	0.00372	0.00327	0.00598	0.00714	0.00952	0.01851	0.46386	0.02193	0.40685	0.01289	0.00282	0.00321	0.00921	0.00327	0.00301
8	0.01464	0.01413	0.01280	0.01239	0.13400	0.29400	0.00867	0.36084	0.07602	0.01837	0.00907	0.00970	0.00691	0.00466	0.00406	0.00121	0.00559	0.00348	0.00320	0.00626
9	0.00601	0.00450	0.00676	0.00676	0.00751	0.00525	0.00525	0.00751	0.00676	0.00976	0.01126	0.01651	0.01051	0.03153	0.83560	0.00676	0.01126	0.00450	0.00225	0.00375
10	0.88196	0.00813	0.00618	0.00553	0.00813	0.00943	0.00455	0.01236	0.00715	0.01886	0.00585	0.00683	0.00455	0.00390	0.00260	0.00130	0.00325	0.00228	0.00260	0.00455
11	0.01314	0.00765	0.00962	0.00725	0.01048	0.00671	0.00592	0.04529	0.01030	0.34366	0.01110	0.01107	0.00790	0.00438	0.00447	0.00102	0.07151	0.00334	0.00360	0.42159
