[name]
unknown

[dist]
# distance from previous block
# <min> <max>
0	33

[block]
# block no. 0 follows, 70 sequences, length 20
# corresponding to MSA columns:
# 33-52
name=unknown_A
#
# <colnr> <probs for GDERKNQSTAVLIFYWHMCP>
#	G	D	E	R	K	N	Q	S	T	A	V	L	I	F	Y	W	H	M	C	P
0	0.00507	0.00390	0.00471	0.00503	0.00584	0.00362	0.00368	0.00638	0.02987	0.01104	0.13547	0.32117	0.30872	0.02793	0.04966	0.00173	0.00267	0.06653	0.00359	0.00337
1	0.01037	0.05690	0.10879	0.07246	0.14346	0.11916	0.14336	0.13115	0.08250	0.01362	0.00848	0.03467	0.00683	0.00427	0.00419	0.00120	0.03629	0.00368	0.01322	0.00541
2	0.00561	0.00453	0.00699	0.05175	0.02531	0.00438	0.08019	0.02253	0.00785	0.01051	0.01863	0.69179	0.02169	0.01044	0.00478	0.00150	0.00290	0.00960	0.00330	0.01573
3	0.00692	0.00540	0.02763	0.02298	0.10554	0.01292	0.01669	0.01996	0.00912	0.08069	0.17339	0.26735	0.20568	0.00841	0.00446	0.00133	0.00274	0.00741	0.01727	0.00410
4	0.00980	0.00869	0.01407	0.08234	0.46722	0.00946	0.04619	0.01228	0.05192	0.07786	0.00793	0.01001	0.00642	0.00434	0.00564	0.00129	0.17314	0.00358	0.00220	0.00562
5	0.03133	0.03414	0.01114	0.00905	0.05054	0.01091	0.00708	0.55936	0.12762	0.07612	0.01041	0.01029	0.00750	0.00463	0.00378	0.00117	0.00395	0.00357	0.03109	0.00632
6	0.00497	0.00378	0.00446	0.00492	0.00553	0.00351	0.00336	0.00608	0.04034	0.01008	0.02575	0.48384	0.27629	0.10067	0.00635	0.00171	0.00235	0.00931	0.00348	0.00322
7	0.03030	0.03900	0.05642	0.02419	0.42141	0.02434	0.07851	0.02274	0.04139	0.02242	0.05187	0.03532	0.00832	0.00404	0.00391	0.00112	0.01808	0.00373	0.00226	0.11063
8	0.18510	0.00631	0.03128	0.00616	0.00799	0.03468	0.00488	0.01175	0.00874	0.29226	0.03837	0.32734	0.01496	0.00732	0.00399	0.00133	0.00301	0.00620	0.00367	0.00466
9	0.00842	0.00848	0.01256	0.01053	0.01088	0.01143	0.07518	0.00949	0.00621	0.00957	0.00552	0.00890	0.00533	0.00735	0.04419	0.00184	0.75457	0.00352	0.00173	0.00429
10	0.02950	0.09423	0.04731	0.03864	0.17592	0.15749	0.05798	0.13331	0.15958	0.02332	0.02816	0.01015	0.00758	0.00419	0.00368	0.00114	0.00468	0.00343	0.01415	0.00555
11	0.09483	0.65622	0.08922	0.00711	0.01050	0.03848	0.01849	0.01192	0.00796	0.02755	0.00578	0.00662	0.00500	0.00343	0.00267	0.00092	0.00427	0.00223	0.00181	0.00499
12	0.00961	0.00886	0.01432	0.16965	0.58467	0.00921	0.01098	0.08751	0.00948	0.01327	0.00739	0.00964	0.00599	0.00362	0.00381	0.00115	0.00461	0.00341	0.00208	0.04074
13	0.00725	0.00444	0.00538	0.00501	0.00626	0.00417	0.00380	0.00938	0.06045	0.11316	0.38418	0.08676	0.14401	0.00745	0.00419	0.00121	0.00213	0.00642	0.14028	0.00406
14	0.00673	0.00337	0.00505	0.00505	0.00505	0.00337	0.00337	0.00505	0.00505	0.00673	0.00673	0.01178	0.00673	0.01347	0.01515	0.88721	0.00337	0.00337	0.00168	0.00168
15	0.01379	0.08341	0.01151	0.00823	0.01109	0.05389	0.00682	0.56835	0.02799	0.09057	0.05330	0.01052	0.00839	0.00470	0.00375	0.00113	0.00410	0.00356	0.02882	0.00610
16	0.00647	0.00430	0.00528	0.00520	0.00627	0.00399	0.00385	0.00823	0.05484	0.09133	0.27265	0.24653	0.21503	0.02926	0.00495	0.00141	0.00227	0.03041	0.00391	0.00382
17	0.01209	0.33938	0.05717	0.00842	0.03475	0.02604	0.00740	0.30664	0.08807	0.05545	0.00837	0.00868	0.00645	0.00415	0.00351	0.00106	0.02075	0.00300	0.00283	0.00579
18	0.01900	0.00573	0.02047	0.00601	0.00762	0.00550	0.03295	0.09248	0.05871	0.09909	0.24428	0.03787	0.09511	0.08805	0.05780	0.00174	0.00329	0.00540	0.09403	0.02488
19	0.01055	0.00940	0.02186	0.01126	0.09916	0.03381	0.03160	0.19586	0.02642	0.04906	0.00715	0.00924	0.00597	0.00602	0.02347	0.00153	0.44660	0.00348	0.00242	0.00515

[dist]
# distance from previous block
# <min> <max>
2	9

[block]
# block no. 1 follows, 70 sequences, length 17
# corresponding to MSA columns:
# 62-78
name=unknown_B
#
# <colnr> <probs for GDERKNQSTAVLIFYWHMCP>
#	G	D	E	R	K	N	Q	S	T	A	V	L	I	F	Y	W	H	M	C	P
0	0.00503	0.00376	0.00506	0.00620	0.04710	0.00352	0.00401	0.00585	0.00770	0.01019	0.03633	0.68871	0.09942	0.02725	0.00514	0.00157	0.00240	0.03393	0.00350	0.00332
1	0.00524	0.00360	0.00474	0.00542	0.00587	0.00334	0.00377	0.00609	0.00792	0.03659	0.07369	0.69147	0.07326	0.01144	0.00489	0.00154	0.00231	0.05185	0.00368	0.00332
2	0.04154	0.00655	0.00881	0.00679	0.00972	0.00573	0.00560	0.01838	0.01097	0.79767	0.03640	0.01341	0.01015	0.00485	0.00387	0.00120	0.00325	0.00393	0.00472	0.00645
3	0.01047	0.00807	0.00867	0.00751	0.00976	0.00902	0.00592	0.15655	0.53809	0.06598	0.04299	0.01513	0.05262	0.00541	0.00393	0.00126	0.00313	0.00444	0.04515	0.00590
4	0.24888	0.00650	0.00745	0.00606	0.00854	0.00635	0.00494	0.04071	0.00994	0.45277	0.10857	0.01314	0.01124	0.00482	0.00351	0.00118	0.00299	0.00375	0.05319	0.00545
5	0.01444	0.01071	0.01147	0.00886	0.01191	0.01188	0.00730	0.77907	0.06629	0.02395	0.00969	0.00961	0.00690	0.00469	0.00388	0.00117	0.00420	0.00354	0.00388	0.00657
6	0.07189	0.00939	0.05122	0.00817	0.01097	0.00967	0.02140	0.26013	0.35364	0.14301	0.01249	0.01179	0.00896	0.00478	0.00381	0.00124	0.00365	0.00382	0.00380	0.00617
7	0.01057	0.82556	0.01990	0.00674	0.01005	0.01518	0.00667	0.05023	0.00837	0.00985	0.00558	0.00637	0.00505	0.00338	0.00255	0.00085	0.00415	0.00214	0.00176	0.00505
8	0.00847	0.00812	0.01378	0.35819	0.40435	0.00903	0.03886	0.01077	0.00817	0.01124	0.00733	0.03008	0.00613	0.00406	0.00453	0.00126	0.06494	0.00366	0.00187	0.00516
9	0.01057	0.04950	0.01251	0.06426	0.22571	0.00984	0.05944	0.19311	0.23694	0.03124	0.01087	0.01152	0.02107	0.00439	0.00383	0.00119	0.00406	0.00381	0.04026	0.00587
10	0.00810	0.00536	0.00589	0.00522	0.00689	0.00518	0.00407	0.11735	0.06152	0.10184	0.12411	0.02517	0.36696	0.00729	0.00409	0.00121	0.00244	0.00604	0.13693	0.00434
11	0.00970	0.00946	0.01509	0.13223	0.58327	0.04817	0.05925	0.04982	0.00916	0.01259	0.00724	0.00958	0.00594	0.00367	0.00412	0.00119	0.02830	0.00347	0.00198	0.00574
12	0.00479	0.00374	0.00434	0.00461	0.00547	0.00330	0.00330	0.00581	0.00870	0.01114	0.17001	0.32717	0.41318	0.01032	0.00471	0.00139	0.00204	0.00898	0.00371	0.00330
13	0.00545	0.00405	0.00546	0.00544	0.00610	0.00423	0.00403	0.00670	0.00782	0.01089	0.24596	0.09379	0.08281	0.12266	0.34671	0.00361	0.01996	0.01799	0.00299	0.00335
14	0.01207	0.17340	0.05528	0.08258	0.11654	0.25039	0.03149	0.20806	0.01140	0.01365	0.00701	0.00817	0.00555	0.00391	0.00351	0.00107	0.00528	0.00293	0.00233	0.00536
15	0.00530	0.00378	0.00473	0.00521	0.00584	0.00350	0.00363	0.00649	0.03350	0.03536	0.10581	0.58158	0.16910	0.01088	0.00478	0.00147	0.00221	0.00970	0.00371	0.00342
16	0.06375	0.02232	0.08172	0.09131	0.10159	0.15027	0.02919	0.20126	0.09924	0.02830	0.00827	0.00928	0.00632	0.00423	0.00408	0.00117	0.04513	0.00323	0.00264	0.04669

[dist]
# distance from previous block
# <min> <max>
0	27

[block]
# block no. 2 follows, 70 sequences, length 11
# corresponding to MSA columns:
# 106-116
name=unknown_C
#
# <colnr> <probs for GDERKNQSTAVLIFYWHMCP>
#	G	D	E	R	K	N	Q	S	T	A	V	L	I	F	Y	W	H	M	C	P
0	0.06219	0.10075	0.03711	0.01018	0.06654	0.30123	0.06630	0.08389	0.13801	0.02380	0.00806	0.00886	0.00637	0.00414	0.00388	0.00111	0.03815	0.00308	0.00246	0.03388
1	0.02845	0.00512	0.01712	0.02232	0.05393	0.01534	0.00458	0.00778	0.03268	0.03426	0.07395	0.03878	0.03851	0.29972	0.15970	0.09897	0.04794	0.01500	0.00250	0.00334
2	0.00932	0.04431	0.13112	0.08210	0.18906	0.06403	0.07001	0.03279	0.05015	0.03551	0.00782	0.00974	0.00630	0.03379	0.00442	0.00116	0.02982	0.00322	0.00218	0.19315
3	0.00547	0.00487	0.03707	0.02334	0.00777	0.00422	0.06530	0.00686	0.02865	0.01060	0.04068	0.64649	0.05215	0.01032	0.00473	0.00148	0.00277	0.00941	0.00335	0.03447
4	0.00543	0.00477	0.03121	0.00521	0.00629	0.02060	0.00404	0.00706	0.03383	0.01207	0.27702	0.21488	0.27930	0.01032	0.04799	0.00160	0.00271	0.02846	0.00364	0.00357
5	0.05553	0.17350	0.20978	0.00806	0.01156	0.02375	0.00803	0.07297	0.14608	0.21916	0.02788	0.01050	0.00799	0.00431	0.00352	0.00115	0.00408	0.00331	0.00307	0.00579
6	0.00793	0.02215	0.23267	0.00928	0.07001	0.03313	0.04511	0.03321	0.16798	0.01401	0.24176	0.01710	0.06534	0.00558	0.00420	0.00124	0.01645	0.00475	0.00304	0.00504
7	0.00471	0.00342	0.00446	0.00529	0.00559	0.00316	0.00355	0.00541	0.00753	0.00994	0.02273	0.79875	0.08724	0.01197	0.00492	0.00155	0.00223	0.01081	0.00360	0.00316
8	0.01008	0.56512	0.18149	0.00794	0.01163	0.03104	0.02993	0.01276	0.07067	0.03746	0.00689	0.00759	0.00566	0.00360	0.00296	0.00097	0.00447	0.00254	0.00194	0.00526
9	0.06840	0.50791	0.21363	0.02346	0.03594	0.02906	0.00858	0.05371	0.00848	0.01133	0.00606	0.00704	0.00503	0.00352	0.00292	0.00099	0.00454	0.00241	0.00183	0.00520
10	0.08767	0.04770	0.01030	0.00860	0.03184	0.10839	0.03108	0.13398	0.42813	0.05372	0.01187	0.01147	0.00889	0.00467	0.00370	0.00121	0.00390	0.00369	0.00340	0.00578

[dist]
# distance from previous block
# <min> <max>
0	2

[block]
# block no. 3 follows, 70 sequences, length 14
# corresponding to MSA columns:
# 119-132
name=unknown_D
#
# <colnr> <probs for GDERKNQSTAVLIFYWHMCP>
#	G	D	E	R	K	N	Q	S	T	A	V	L	I	F	Y	W	H	M	C	P
0	0.00883	0.00905	0.01182	0.01017	0.01028	0.05978	0.00842	0.00968	0.00623	0.00934	0.00514	0.00840	0.00508	0.00663	0.01219	0.00166	0.80798	0.00334	0.00171	0.00426
1	0.00971	0.00893	0.01358	0.09903	0.54140	0.02680	0.01026	0.09249	0.08273	0.01365	0.00898	0.05880	0.00769	0.00428	0.00391	0.00120	0.00440	0.00395	0.00237	0.00580
2	0.00861	0.00817	0.01373	0.38531	0.45930	0.00896	0.01122	0.01130	0.03417	0.01157	0.00738	0.01007	0.00590	0.00369	0.00386	0.00122	0.00480	0.00348	0.00190	0.00534
3	0.01382	0.00947	0.01042	0.00830	0.01115	0.01032	0.00676	0.47539	0.23485	0.15959	0.01204	0.01134	0.00850	0.00484	0.00390	0.00121	0.00378	0.00380	0.00405	0.00647
4	0.00535	0.00399	0.00474	0.00461	0.00570	0.00354	0.00347	0.00676	0.00985	0.03111	0.42517	0.07673	0.36686	0.00894	0.00460	0.00129	0.00198	0.02783	0.00395	0.00353
5	0.00855	0.00752	0.01166	0.73226	0.02464	0.00906	0.01030	0.09769	0.00917	0.01202	0.00776	0.01093	0.00588	0.00426	0.00402	0.00134	0.00510	0.00359	0.02950	0.00475
6	0.01398	0.00980	0.01066	0.00837	0.01125	0.01074	0.00685	0.59941	0.13487	0.10404	0.01096	0.01063	0.00777	0.00475	0.00385	0.00118	0.00391	0.00366	0.03690	0.00642
7	0.00586	0.00405	0.00526	0.00491	0.00591	0.00371	0.00370	0.00765	0.01089	0.04407	0.77587	0.02876	0.06884	0.00790	0.00455	0.00122	0.00189	0.00695	0.00426	0.00374
8	0.01557	0.05412	0.05463	0.00764	0.01076	0.02926	0.00662	0.22369	0.01253	0.50893	0.01252	0.01144	0.00823	0.00460	0.00377	0.00116	0.00378	0.00360	0.02079	0.00635
9	0.00635	0.00350	0.00476	0.00476	0.00476	0.00350	0.00301	0.00526	0.00526	0.00701	0.00865	0.01654	0.00931	0.31102	0.01675	0.57804	0.00350	0.00416	0.00192	0.00192
10	0.00868	0.00828	0.01408	0.35789	0.51263	0.00897	0.01144	0.01110	0.00839	0.01156	0.00713	0.00989	0.00575	0.00362	0.00385	0.00121	0.00483	0.00345	0.00184	0.00540
11	0.00813	0.00703	0.00850	0.00682	0.05876	0.00541	0.00503	0.00989	0.00809	0.01263	0.00691	0.00813	0.00577	0.00291	0.00293	0.00061	0.00297	0.00237	0.00227	0.83484
12	0.02658	0.01059	0.01084	0.00991	0.07005	0.17180	0.02073	0.06845	0.19814	0.01346	0.00900	0.01019	0.00733	0.00489	0.00556	0.00124	0.17509	0.00338	0.00272	0.18008
13	0.20312	0.00829	0.05764	0.00701	0.00928	0.00832	0.00588	0.27206	0.09681	0.01728	0.01227	0.17714	0.02529	0.00611	0.00375	0.00127	0.00337	0.02661	0.04004	0.01844

[dist]
# distance from previous block
# <min> <max>
1	14

[block]
# block no. 4 follows, 70 sequences, length 18
# corresponding to MSA columns:
# 147-164
name=unknown_E
#
# <colnr> <probs for GDERKNQSTAVLIFYWHMCP>
#	G	D	E	R	K	N	Q	S	T	A	V	L	I	F	Y	W	H	M	C	P
0	0.00988	0.00609	0.00709	0.00608	0.00799	0.00600	0.00478	0.15911	0.08212	0.19298	0.16911	0.08454	0.20295	0.00706	0.00421	0.00125	0.00275	0.00592	0.03518	0.00491
1	0.00472	0.00340	0.00447	0.00533	0.00561	0.00315	0.00357	0.00541	0.00749	0.00992	0.02220	0.82280	0.06353	0.01204	0.00493	0.00156	0.00224	0.01089	0.00360	0.00315
2	0.01730	0.00675	0.00909	0.00697	0.00997	0.00592	0.00576	0.04713	0.01135	0.81367	0.01509	0.01306	0.00949	0.00479	0.00390	0.00120	0.00333	0.00388	0.00477	0.00660
3	0.01286	0.00653	0.00805	0.00674	0.00902	0.00636	0.00541	0.10319	0.12743	0.41368	0.02845	0.10035	0.04167	0.00606	0.00402	0.00126	0.00310	0.04194	0.06822	0.00567
4	0.71760	0.00763	0.00654	0.00560	0.00813	0.00856	0.00462	0.07139	0.00801	0.12180	0.00693	0.00738	0.00505	0.00383	0.00270	0.00120	0.00313	0.00243	0.00281	0.00467
5	0.01474	0.01086	0.01163	0.00892	0.01202	0.01202	0.00737	0.82664	0.01823	0.02443	0.00931	0.00931	0.00659	0.00465	0.00388	0.00116	0.00427	0.00349	0.00388	0.00659
6	0.00564	0.00376	0.00423	0.00423	0.00423	0.00376	0.00235	0.00564	0.00564	0.00752	0.01222	0.02537	0.01409	0.86375	0.01973	0.00376	0.00376	0.00564	0.00235	0.00235
7	0.01036	0.86609	0.02032	0.00663	0.00995	0.01534	0.00663	0.01161	0.00788	0.00912	0.00539	0.00622	0.00498	0.00332	0.00249	0.00083	0.00415	0.00207	0.00166	0.00498
8	0.06347	0.00981	0.01056	0.00832	0.01123	0.01077	0.00681	0.56498	0.14646	0.11133	0.01077	0.01038	0.00762	0.00471	0.00381	0.00119	0.00390	0.00360	0.00391	0.00639
9	0.01066	0.00905	0.00933	0.00813	0.01047	0.03354	0.00639	0.16059	0.66799	0.01746	0.01438	0.01336	0.01073	0.00512	0.00392	0.00128	0.00339	0.00418	0.00388	0.00617
10	0.00537	0.00425	0.00474	0.00456	0.00577	0.00389	0.00344	0.00742	0.06928	0.01292	0.33733	0.03183	0.45162	0.00862	0.00448	0.00126	0.00199	0.00733	0.03027	0.00364
11	0.10905	0.01050	0.01100	0.00851	0.01154	0.01166	0.00703	0.73892	0.01698	0.02368	0.00889	0.00898	0.00634	0.00454	0.00372	0.00117	0.00413	0.00334	0.00372	0.00634
12	0.00472	0.00393	0.00412	0.00407	0.00532	0.00333	0.00306	0.00583	0.00917	0.01125	0.16209	0.03602	0.71470	0.00953	0.00458	0.00130	0.00194	0.00800	0.00370	0.00333
13	0.00673	0.00337	0.00505	0.00505	0.00505	0.00337	0.00337	0.00505	0.00505	0.00673	0.00673	0.01178	0.00673	0.01347	0.01515	0.88721	0.00337	0.00337	0.00168	0.00168
14	0.58963	0.00813	0.00754	0.00638	0.00886	0.03665	0.04694	0.08296	0.06864	0.05156	0.00896	0.00943	0.05216	0.00421	0.00297	0.00121	0.00338	0.00294	0.00277	0.00466
15	0.00817	0.00774	0.02660	0.18091	0.28551	0.02785	0.08461	0.01025	0.00869	0.03641	0.04722	0.01626	0.13844	0.03527	0.00460	0.00130	0.00426	0.02328	0.00240	0.05022
16	0.03009	0.43773	0.36914	0.00853	0.01284	0.01208	0.00983	0.02994	0.00832	0.04039	0.00649	0.00737	0.00513	0.00356	0.00307	0.00103	0.00476	0.00251	0.00183	0.00537
17	0.06821	0.17953	0.34472	0.00877	0.01268	0.09023	0.00944	0.10047	0.02547	0.01299	0.00764	0.00865	0.02117	0.00491	0.03890	0.00130	0.00512	0.00285	0.00211	0.05486

[dist]
# distance from previous block
# <min> <max>
0	36

[block]
# block no. 5 follows, 70 sequences, length 42
# corresponding to MSA columns:
# 201-242
name=unknown_F
#
# <colnr> <probs for GDERKNQSTAVLIFYWHMCP>
#	G	D	E	R	K	N	Q	S	T	A	V	L	I	F	Y	W	H	M	C	P
0	0.02920	0.12120	0.09869	0.05887	0.01214	0.19985	0.07425	0.11202	0.02154	0.01200	0.00885	0.09797	0.00818	0.05397	0.02337	0.03293	0.00505	0.00397	0.00235	0.02359
1	0.00925	0.13794	0.58757	0.00991	0.01475	0.05070	0.01190	0.04336	0.00889	0.06146	0.02534	0.00864	0.00595	0.00384	0.00354	0.00116	0.00528	0.00291	0.00199	0.00560
2	0.00715	0.00458	0.00596	0.00595	0.00655	0.00484	0.00439	0.00874	0.17032	0.00958	0.01146	0.01916	0.01113	0.06617	0.01139	0.48863	0.00337	0.15512	0.00253	0.00296
3	0.01018	0.11523	0.40112	0.00984	0.01381	0.18745	0.02603	0.09981	0.03154	0.01263	0.00782	0.03915	0.00636	0.00427	0.00362	0.00115	0.00544	0.01710	0.00213	0.00534
4	0.00501	0.00348	0.00448	0.00519	0.00549	0.00326	0.00345	0.00571	0.00732	0.01000	0.01979	0.72212	0.02335	0.08750	0.00610	0.00171	0.00237	0.00996	0.05577	0.01794
5	0.00526	0.00376	0.00510	0.00594	0.00641	0.00360	0.00446	0.00635	0.00809	0.01074	0.06271	0.55414	0.02512	0.01147	0.00506	0.00162	0.00266	0.27060	0.00362	0.00331
6	0.01739	0.00660	0.00900	0.00690	0.00990	0.00570	0.00570	0.01889	0.01110	0.84226	0.01529	0.01320	0.00960	0.00480	0.00390	0.00120	0.00330	0.00390	0.00480	0.00660
7	0.00577	0.00461	0.00533	0.00506	0.00639	0.00426	0.02338	0.03306	0.07016	0.02790	0.13922	0.14628	0.49605	0.00913	0.00455	0.00133	0.00227	0.00782	0.00371	0.00373
8	0.00460	0.00387	0.00399	0.00409	0.00528	0.00326	0.00302	0.00555	0.00868	0.01041	0.03734	0.12623	0.75032	0.01007	0.00462	0.00134	0.00199	0.00849	0.00360	0.00326
9	0.00778	0.02005	0.84367	0.01105	0.01678	0.00900	0.01432	0.01228	0.00818	0.01228	0.00696	0.00818	0.00491	0.00368	0.00368	0.00123	0.00573	0.00286	0.00164	0.00573
10	0.89114	0.00750	0.00570	0.00510	0.00750	0.00870	0.00420	0.01140	0.00660	0.01739	0.00540	0.00630	0.00420	0.00360	0.00240	0.00120	0.00300	0.00210	0.00240	0.00420
11	0.00848	0.00848	0.01187	0.01018	0.01018	0.01187	0.00848	0.00933	0.00594	0.00933	0.00509	0.00848	0.00509	0.00679	0.01272	0.00170	0.85666	0.00339	0.00170	0.00424
12	0.00784	0.03943	0.82481	0.01095	0.01662	0.00915	0.01415	0.01226	0.00818	0.01221	0.00692	0.00814	0.00491	0.00367	0.00366	0.00122	0.00569	0.00285	0.00164	0.00571
13	0.01449	0.01830	0.01100	0.00996	0.01199	0.82829	0.00749	0.03478	0.01116	0.00984	0.00607	0.00705	0.00503	0.00401	0.00350	0.00100	0.00693	0.00252	0.00204	0.00454
14	0.00778	0.02005	0.84367	0.01105	0.01678	0.00900	0.01432	0.01228	0.00818	0.01228	0.00696	0.00818	0.00491	0.00368	0.00368	0.00123	0.00573	0.00286	0.00164	0.00573
15	0.00527	0.00395	0.00489	0.00465	0.00566	0.00357	0.00349	0.00690	0.01047	0.01435	0.64983	0.03092	0.22501	0.00837	0.00457	0.00124	0.00186	0.00729	0.00411	0.00357
16	0.00960	0.00921	0.01574	0.02380	0.83957	0.00921	0.01190	0.01190	0.00883	0.01267	0.00729	0.00960	0.00614	0.00345	0.00384	0.00115	0.00461	0.00345	0.00192	0.00614
17	0.25572	0.05924	0.00926	0.00686	0.00954	0.00942	0.00570	0.33947	0.01222	0.15172	0.00930	0.00945	0.00666	0.00429	0.00327	0.00113	0.00350	0.00310	0.09461	0.00553
18	0.00553	0.00392	0.00497	0.00473	0.00566	0.00362	0.00354	0.00727	0.01056	0.01500	0.70855	0.04489	0.09143	0.00791	0.00445	0.00121	0.00185	0.00694	0.06434	0.00362
19	0.03831	0.15304	0.02345	0.00751	0.01050	0.00848	0.05008	0.13753	0.01131	0.43948	0.06067	0.01197	0.00955	0.00458	0.00367	0.00113	0.00368	0.00368	0.01541	0.00596
20	0.00673	0.00337	0.00505	0.00505	0.00505	0.00337	0.00337	0.00505	0.00505	0.00673	0.00673	0.01178	0.00673	0.01347	0.01515	0.88721	0.00337	0.00337	0.00168	0.00168
21	0.01475	0.01237	0.01143	0.00910	0.01196	0.18887	0.00735	0.63547	0.01652	0.04098	0.00875	0.00891	0.00633	0.00452	0.00380	0.00113	0.00482	0.00329	0.00350	0.00615
22	0.00838	0.00736	0.01004	0.03168	0.09086	0.02664	0.03577	0.05947	0.00770	0.01149	0.00820	0.02776	0.00748	0.06997	0.07379	0.00190	0.33790	0.00378	0.13543	0.04439
23	0.02418	0.41268	0.04227	0.00864	0.02318	0.12899	0.06073	0.18860	0.04372	0.02321	0.00709	0.00779	0.00572	0.00381	0.00319	0.00100	0.00471	0.00276	0.00235	0.00537
24	0.89114	0.00750	0.00570	0.00510	0.00750	0.00870	0.00420	0.01140	0.00660	0.01739	0.00540	0.00630	0.00420	0.00360	0.00240	0.00120	0.00300	0.00210	0.00240	0.00420
25	0.00867	0.02376	0.11337	0.13365	0.04544	0.10751	0.05010	0.03934	0.06069	0.04433	0.04086	0.05225	0.00974	0.02918	0.16331	0.00223	0.00577	0.03097	0.03425	0.00459
26	0.00546	0.00399	0.00545	0.00561	0.00598	0.00436	0.00399	0.00628	0.00635	0.00883	0.01336	0.22141	0.01458	0.24970	0.39536	0.00430	0.03318	0.00618	0.00250	0.00311
27	0.00474	0.00343	0.00450	0.00534	0.00565	0.00318	0.00361	0.00546	0.00754	0.00996	0.02241	0.79671	0.07377	0.01198	0.00493	0.00156	0.00226	0.02620	0.00360	0.00316
28	0.01729	0.00677	0.00910	0.00698	0.00998	0.00595	0.00576	0.05105	0.01138	0.80970	0.01506	0.01304	0.00948	0.00479	0.00390	0.00120	0.00334	0.00388	0.00476	0.00660
29	0.01255	0.00977	0.01041	0.00848	0.01119	0.01100	0.00684	0.48129	0.36713	0.02091	0.01208	0.01152	0.00884	0.00491	0.00391	0.00123	0.00375	0.00387	0.00391	0.00640
30	0.00723	0.00361	0.00361	0.00361	0.00452	0.00361	0.00271	0.00903	0.00813	0.01445	0.01265	0.01445	0.00994	0.00452	0.00271	0.00090	0.00181	0.00361	0.88528	0.00361
31	0.01485	0.01068	0.01153	0.00884	0.01194	0.01176	0.00730	0.79354	0.01794	0.05795	0.00955	0.00947	0.00672	0.00466	0.00388	0.00116	0.00423	0.00351	0.00392	0.00659
32	0.00732	0.00689	0.01163	0.85444	0.02670	0.00861	0.01077	0.00991	0.00775	0.00991	0.00689	0.01034	0.00517	0.00388	0.00388	0.00129	0.00517	0.00345	0.00172	0.00431
33	0.01036	0.86609	0.02032	0.00663	0.00995	0.01534	0.00663	0.01161	0.00788	0.00912	0.00539	0.00622	0.00498	0.00332	0.00249	0.00083	0.00415	0.00207	0.00166	0.00498
34	0.00946	0.00907	0.01549	0.07307	0.79135	0.00918	0.01183	0.01178	0.00876	0.01250	0.00727	0.00964	0.00608	0.00348	0.00384	0.00116	0.00464	0.00345	0.00191	0.00603
35	0.01356	0.01028	0.01097	0.00868	0.01157	0.01147	0.00708	0.64074	0.20604	0.02254	0.01080	0.01050	0.00780	0.00479	0.00389	0.00120	0.00399	0.00370	0.00389	0.00649
36	0.00536	0.00411	0.00493	0.00470	0.00578	0.00376	0.00353	0.00726	0.03971	0.01404	0.56685	0.03096	0.27794	0.00840	0.00455	0.00125	0.00191	0.00727	0.00405	0.00363
37	0.00673	0.00337	0.00505	0.00505	0.00505	0.00337	0.00337	0.00505	0.00505	0.00673	0.00673	0.01178	0.00673	0.01347	0.01515	0.88721	0.00337	0.00337	0.00168	0.00168
38	0.00473	0.00392	0.00414	0.00411	0.00533	0.00333	0.00307	0.00584	0.00915	0.01127	0.16598	0.05106	0.69559	0.00956	0.00459	0.00130	0.00195	0.00805	0.00371	0.00333
39	0.00673	0.00337	0.00505	0.00505	0.00505	0.00337	0.00337	0.00505	0.00505	0.00673	0.00673	0.01178	0.00673	0.01347	0.01515	0.88721	0.00337	0.00337	0.00168	0.00168
40	0.00778	0.02005	0.84367	0.01105	0.01678	0.00900	0.01432	0.01228	0.00818	0.01228	0.00696	0.00818	0.00491	0.00368	0.00368	0.00123	0.00573	0.00286	0.00164	0.00573
41	0.01265	0.00740	0.00867	0.00727	0.00972	0.00771	0.00580	0.05785	0.40088	0.34306	0.06395	0.01457	0.01212	0.00519	0.00393	0.00125	0.00311	0.00429	0.02445	0.00614

[dist]
# distance from previous block
# <min> <max>
1	4

[block]
# block no. 6 follows, 70 sequences, length 28
# corresponding to MSA columns:
# 247-274
name=unknown_G
#
# <colnr> <probs for GDERKNQSTAVLIFYWHMCP>
#	G	D	E	R	K	N	Q	S	T	A	V	L	I	F	Y	W	H	M	C	P
0	0.00867	0.17117	0.63273	0.01023	0.01534	0.01033	0.02688	0.05980	0.00873	0.01242	0.00683	0.00794	0.00504	0.00367	0.00350	0.00115	0.00537	0.00279	0.00178	0.00564
1	0.00958	0.04498	0.01793	0.00748	0.00933	0.06788	0.00609	0.13173	0.23472	0.05899	0.02470	0.08795	0.03440	0.02160	0.04772	0.00165	0.00400	0.18082	0.00348	0.00496
2	0.28761	0.07323	0.00869	0.00714	0.00908	0.27300	0.00556	0.08084	0.00924	0.01330	0.00930	0.18808	0.00926	0.00561	0.00342	0.00119	0.00429	0.00423	0.00260	0.00433
3	0.00763	0.04482	0.75694	0.01050	0.01575	0.00877	0.01330	0.01175	0.00812	0.01201	0.00796	0.07058	0.00643	0.00429	0.00374	0.00124	0.00543	0.00344	0.00178	0.00552
4	0.00790	0.06155	0.80329	0.01083	0.01644	0.00931	0.01395	0.01224	0.00817	0.01212	0.00688	0.00809	0.00491	0.00367	0.00362	0.00121	0.00565	0.00283	0.00164	0.00569
5	0.00562	0.00383	0.00460	0.00460	0.00473	0.00396	0.00281	0.00587	0.00575	0.00779	0.01188	0.02350	0.01328	0.70981	0.17256	0.00421	0.00498	0.00536	0.00230	0.00255
6	0.00797	0.08199	0.78339	0.01073	0.01628	0.00947	0.01376	0.01223	0.00816	0.01205	0.00684	0.00804	0.00492	0.00366	0.00360	0.00120	0.00561	0.00281	0.00164	0.00567
7	0.00723	0.00361	0.00361	0.00361	0.00452	0.00361	0.00271	0.00903	0.00813	0.01445	0.01265	0.01445	0.00994	0.00452	0.00271	0.00090	0.00181	0.00361	0.88528	0.00361
8	0.00523	0.00424	0.00470	0.00467	0.00573	0.01891	0.00345	0.00671	0.02948	0.01233	0.32151	0.14288	0.40772	0.00923	0.00459	0.00131	0.00207	0.00794	0.00382	0.00349
9	0.01468	0.00959	0.01035	0.00818	0.01096	0.05865	0.00668	0.49260	0.01497	0.24104	0.01136	0.01248	0.00834	0.03749	0.00453	0.00129	0.00411	0.04257	0.00394	0.00617
10	0.00549	0.00395	0.00514	0.00485	0.00572	0.00366	0.00360	0.00724	0.01072	0.01516	0.79784	0.02879	0.03550	0.04908	0.00530	0.00134	0.00192	0.00695	0.00418	0.00360
11	0.00474	0.00343	0.00449	0.00529	0.00561	0.00318	0.00356	0.00548	0.00764	0.01014	0.05334	0.78142	0.07366	0.01185	0.00491	0.00155	0.00222	0.01070	0.00362	0.00318
12	0.01046	0.01133	0.01989	0.01455	0.01813	0.09993	0.61714	0.11871	0.02497	0.01373	0.00797	0.01001	0.00598	0.00356	0.00436	0.00126	0.00623	0.00421	0.00225	0.00534
13	0.00866	0.30835	0.56310	0.00954	0.01445	0.01116	0.01170	0.01205	0.00808	0.01120	0.00642	0.00752	0.00493	0.00356	0.00328	0.00109	0.00519	0.00259	0.00164	0.00547
14	0.00848	0.00848	0.01187	0.01018	0.01018	0.01187	0.00848	0.00933	0.00594	0.00933	0.00509	0.00848	0.00509	0.00679	0.01272	0.00170	0.85666	0.00339	0.00170	0.00424
15	0.01196	0.08079	0.11145	0.00909	0.01233	0.01103	0.05445	0.38617	0.22851	0.03878	0.01046	0.01043	0.00766	0.00451	0.00380	0.00119	0.00422	0.00361	0.00336	0.00616
16	0.04655	0.01053	0.06014	0.01478	0.01820	0.01000	0.64220	0.01195	0.00857	0.01221	0.00733	0.00991	0.00566	0.00377	0.00553	0.00135	0.12009	0.00423	0.00193	0.00508
17	0.01036	0.86609	0.02032	0.00663	0.00995	0.01534	0.00663	0.01161	0.00788	0.00912	0.00539	0.00622	0.00498	0.00332	0.00249	0.00083	0.00415	0.00207	0.00166	0.00498
18	0.00531	0.00396	0.00494	0.00469	0.00568	0.00358	0.00352	0.00698	0.01056	0.01456	0.68308	0.03057	0.19164	0.00829	0.00457	0.00124	0.00186	0.00724	0.00414	0.00358
19	0.00960	0.00921	0.01574	0.02380	0.83957	0.00921	0.01190	0.01190	0.00883	0.01267	0.00729	0.00960	0.00614	0.00345	0.00384	0.00115	0.00461	0.00345	0.00192	0.00614
20	0.00904	0.02556	0.01105	0.07126	0.01108	0.13509	0.00786	0.01006	0.00693	0.00947	0.00613	0.00955	0.00581	0.04344	0.04519	0.00180	0.55230	0.00337	0.03086	0.00416
21	0.00534	0.00390	0.00488	0.00472	0.00565	0.00356	0.00351	0.00695	0.01027	0.01427	0.62030	0.09078	0.16576	0.00843	0.00454	0.00125	0.00188	0.00738	0.03309	0.00356
22	0.00971	0.02331	0.00806	0.00756	0.07090	0.00651	0.00544	0.03814	0.22392	0.18904	0.25980	0.01979	0.08998	0.00614	0.00411	0.00123	0.00280	0.00523	0.02315	0.00519
23	0.00662	0.00341	0.00496	0.00496	0.00496	0.00341	0.00326	0.00511	0.00511	0.00682	0.00732	0.01323	0.00752	0.10369	0.01564	0.79346	0.00341	0.00361	0.00175	0.00175
24	0.00938	0.00927	0.01180	0.01006	0.01045	0.05990	0.00833	0.08231	0.00732	0.01068	0.00552	0.00847	0.00522	0.00644	0.01141	0.00161	0.73214	0.00335	0.00191	0.00446
25	0.03139	0.04440	0.00981	0.00686	0.01019	0.04679	0.06219	0.02865	0.02124	0.04800	0.00736	0.00838	0.00592	0.00315	0.00307	0.00072	0.00343	0.00258	0.00240	0.65346
26	0.01037	0.02289	0.05482	0.06739	0.08209	0.05549	0.02882	0.17725	0.17386	0.05858	0.02264	0.02148	0.02791	0.04761	0.04081	0.00160	0.09415	0.00396	0.00294	0.00535
27	0.04518	0.01127	0.28568	0.10950	0.03817	0.00787	0.13652	0.02019	0.04860	0.01228	0.04010	0.09273	0.02985	0.00581	0.01652	0.00141	0.01791	0.07318	0.00237	0.00485

[dist]
# distance from previous block
# <min> <max>
0	3

[block]
# block no. 7 follows, 70 sequences, length 18
# corresponding to MSA columns:
# 278-295
name=unknown_H
#
# <colnr> <probs for GDERKNQSTAVLIFYWHMCP>
#	G	D	E	R	K	N	Q	S	T	A	V	L	I	F	Y	W	H	M	C	P
0	0.01010	0.11402	0.02668	0.00838	0.03185	0.29211	0.01679	0.01131	0.00885	0.03901	0.01094	0.12890	0.05882	0.00684	0.04254	0.00138	0.08943	0.02085	0.00239	0.07882
1	0.00507	0.00365	0.00466	0.00522	0.00576	0.00340	0.00372	0.00607	0.00824	0.01104	0.14221	0.50941	0.12738	0.03349	0.00521	0.00155	0.00231	0.08694	0.03140	0.00327
2	0.00482	0.00343	0.00445	0.00522	0.00546	0.00322	0.00344	0.00543	0.00727	0.00965	0.02092	0.74258	0.05009	0.10637	0.00657	0.00181	0.00241	0.01034	0.00346	0.00306
3	0.03422	0.00660	0.00876	0.00678	0.00965	0.00585	0.00558	0.04691	0.01120	0.74415	0.04780	0.01410	0.02993	0.00501	0.00391	0.00120	0.00324	0.00407	0.00467	0.00636
4	0.01417	0.01058	0.01132	0.00881	0.01181	0.01176	0.00723	0.73710	0.10870	0.02352	0.01003	0.00988	0.00718	0.00472	0.00389	0.00118	0.00413	0.00359	0.00389	0.00654
5	0.01402	0.00950	0.01037	0.00808	0.01088	0.01029	0.00663	0.63872	0.01619	0.10954	0.01055	0.02918	0.00768	0.00482	0.00378	0.00115	0.00387	0.00371	0.09483	0.00621
6	0.01474	0.01086	0.01163	0.00892	0.01202	0.01202	0.00737	0.82664	0.01823	0.02443	0.00931	0.00931	0.00659	0.00465	0.00388	0.00116	0.00427	0.00349	0.00388	0.00659
7	0.00554	0.00415	0.00623	0.00623	0.00692	0.00485	0.00485	0.00692	0.00623	0.00900	0.01038	0.01523	0.00969	0.02908	0.84839	0.00623	0.01038	0.00415	0.00208	0.00346
8	0.01036	0.86609	0.02032	0.00663	0.00995	0.01534	0.00663	0.01161	0.00788	0.00912	0.00539	0.00622	0.00498	0.00332	0.00249	0.00083	0.00415	0.00207	0.00166	0.00498
9	0.01036	0.86609	0.02032	0.00663	0.00995	0.01534	0.00663	0.01161	0.00788	0.00912	0.00539	0.00622	0.00498	0.00332	0.00249	0.00083	0.00415	0.00207	0.00166	0.00498
10	0.00987	0.00844	0.00890	0.00794	0.01017	0.00975	0.00619	0.05681	0.79598	0.01659	0.01549	0.01423	0.01160	0.00523	0.00394	0.00131	0.00312	0.00434	0.00394	0.00616
11	0.00525	0.00408	0.00464	0.00452	0.00564	0.00369	0.00338	0.00699	0.04251	0.01288	0.36070	0.06461	0.41807	0.00877	0.00450	0.00127	0.00196	0.00750	0.03547	0.00355
12	0.00779	0.00737	0.01247	0.68333	0.19415	0.00874	0.01100	0.01032	0.00797	0.01047	0.00697	0.01018	0.00537	0.00379	0.00387	0.00126	0.00505	0.00345	0.00176	0.00468
13	0.00477	0.00371	0.00434	0.00465	0.00547	0.00328	0.00331	0.00576	0.00860	0.01100	0.15035	0.36104	0.39898	0.01046	0.00473	0.00140	0.00206	0.00913	0.00370	0.00328
14	0.00622	0.00367	0.00537	0.00537	0.00561	0.00391	0.00377	0.00575	0.00551	0.00759	0.00853	0.01432	0.00848	0.10363	0.30001	0.49837	0.00580	0.00386	0.00188	0.00236
15	0.00920	0.00818	0.01328	0.23344	0.43599	0.00860	0.03744	0.05806	0.02364	0.04728	0.01051	0.01238	0.07646	0.00425	0.00394	0.00121	0.00449	0.00393	0.00228	0.00544
16	0.00865	0.10376	0.38808	0.01180	0.01639	0.02511	0.28150	0.01207	0.00851	0.01198	0.00706	0.00870	0.00532	0.00343	0.00377	0.00114	0.00557	0.00329	0.00182	0.09204
17	0.00859	0.44524	0.07625	0.00699	0.00951	0.01083	0.02907	0.02859	0.01933	0.01005	0.03397	0.02166	0.00807	0.06676	0.18288	0.00226	0.01778	0.00326	0.01441	0.00450

[dist]
# distance from previous block
# <min> <max>
0	3

[block]
# block no. 8 follows, 70 sequences, length 11
# corresponding to MSA columns:
# 299-309
name=unknown_I
#
# <colnr> <probs for GDERKNQSTAVLIFYWHMCP>
#	G	D	E	R	K	N	Q	S	T	A	V	L	I	F	Y	W	H	M	C	P
0	0.03988	0.57971	0.18630	0.00756	0.01124	0.01308	0.00806	0.04222	0.00833	0.03556	0.00631	0.00723	0.00528	0.00432	0.02977	0.00112	0.00461	0.00241	0.00187	0.00516
1	0.04173	0.76409	0.05793	0.00677	0.01007	0.01442	0.00684	0.01146	0.00779	0.00956	0.00565	0.00664	0.00512	0.00428	0.03337	0.00106	0.00441	0.00219	0.00170	0.00493
2	0.00969	0.64395	0.23650	0.00779	0.01174	0.01368	0.00865	0.01178	0.00796	0.00995	0.00580	0.00674	0.00496	0.00341	0.00280	0.00093	0.00456	0.00228	0.00165	0.00517
3	0.00661	0.00338	0.00500	0.00503	0.00504	0.00337	0.00333	0.00509	0.00517	0.00689	0.00753	0.04538	0.00777	0.04805	0.01494	0.81677	0.00334	0.00376	0.00179	0.00177
4	0.01002	0.01285	0.32296	0.00865	0.01213	0.06602	0.00894	0.17782	0.05781	0.08228	0.09797	0.04038	0.05504	0.00515	0.00390	0.00121	0.00436	0.00414	0.02294	0.00543
5	0.00834	0.00496	0.00457	0.00434	0.00546	0.06064	0.00329	0.03638	0.00876	0.04527	0.01219	0.01374	0.00948	0.00450	0.00284	0.00093	0.00229	0.00355	0.76460	0.00388
6	0.00900	0.00498	0.00636	0.00551	0.00705	0.00465	0.00430	0.06093	0.01123	0.21084	0.52910	0.02291	0.02632	0.00672	0.00423	0.00119	0.00232	0.00580	0.07203	0.00453
7	0.27963	0.00722	0.00807	0.00648	0.00921	0.00725	0.00532	0.08765	0.04093	0.46724	0.01173	0.01086	0.00780	0.00443	0.00341	0.00119	0.00324	0.00333	0.02922	0.00577
8	0.00719	0.05615	0.06521	0.00644	0.00819	0.05696	0.02830	0.05311	0.05309	0.01390	0.38662	0.05018	0.13470	0.00724	0.00432	0.00125	0.00301	0.05642	0.00354	0.00418
9	0.00471	0.00343	0.00444	0.00524	0.00558	0.00316	0.00353	0.00542	0.00758	0.00996	0.02332	0.77152	0.11409	0.01189	0.00491	0.00155	0.00222	0.01071	0.00360	0.00316
10	0.03125	0.06111	0.06388	0.00932	0.04183	0.38029	0.00736	0.05189	0.23540	0.02502	0.01056	0.01075	0.04570	0.00457	0.00364	0.00113	0.00509	0.00337	0.00269	0.00517

[dist]
# distance from previous block
# <min> <max>
0	1

[block]
# block no. 9 follows, 70 sequences, length 14
# corresponding to MSA columns:
# 311-324
name=unknown_J
#
# <colnr> <probs for GDERKNQSTAVLIFYWHMCP>
#	G	D	E	R	K	N	Q	S	T	A	V	L	I	F	Y	W	H	M	C	P
0	0.00834	0.00798	0.01150	0.00986	0.01013	0.01070	0.04370	0.00930	0.00637	0.03125	0.00720	0.09923	0.00742	0.00715	0.01131	0.00165	0.70643	0.00427	0.00199	0.00423
1	0.04688	0.07619	0.50343	0.03722	0.08137	0.00964	0.10491	0.03335	0.04815	0.01275	0.00739	0.00873	0.00548	0.00369	0.00368	0.00121	0.00532	0.00312	0.00190	0.00558
2	0.67962	0.00912	0.00706	0.00613	0.00859	0.09828	0.00498	0.12200	0.00864	0.01751	0.00599	0.00678	0.00461	0.00378	0.00272	0.00117	0.00359	0.00233	0.00256	0.00455
3	0.00990	0.00845	0.00891	0.00794	0.01018	0.00976	0.00620	0.06057	0.79219	0.01662	0.01546	0.01421	0.01157	0.00523	0.00394	0.00131	0.00313	0.00434	0.00394	0.00616
4	0.00543	0.00396	0.00511	0.00482	0.00576	0.00364	0.00362	0.00721	0.01085	0.01525	0.79078	0.02945	0.08351	0.00804	0.00457	0.00122	0.00184	0.00708	0.00423	0.00364
5	0.00673	0.00337	0.00505	0.00505	0.00505	0.00337	0.00337	0.00505	0.00505	0.00673	0.00673	0.01178	0.00673	0.01347	0.01515	0.88721	0.00337	0.00337	0.00168	0.00168
6	0.15651	0.00563	0.00559	0.00496	0.00649	0.00608	0.00392	0.14338	0.00953	0.03312	0.01076	0.01208	0.00830	0.00445	0.00312	0.00102	0.02351	0.00334	0.55394	0.00427
7	0.01363	0.00911	0.01007	0.00789	0.01064	0.00974	0.00646	0.56172	0.03713	0.14524	0.05991	0.01290	0.05528	0.00516	0.00392	0.00117	0.00373	0.00404	0.03613	0.00612
8	0.02716	0.47834	0.04341	0.00894	0.09332	0.01199	0.03147	0.06186	0.00930	0.18873	0.00805	0.00842	0.00619	0.00374	0.00311	0.00099	0.00412	0.00279	0.00251	0.00555
9	0.00575	0.00372	0.00432	0.00432	0.00432	0.00372	0.00246	0.00558	0.00558	0.00743	0.01163	0.02393	0.01331	0.77348	0.01925	0.09756	0.00372	0.00540	0.00228	0.00228
10	0.00835	0.06106	0.63940	0.00992	0.01478	0.00884	0.01214	0.05959	0.00914	0.03709	0.09544	0.01050	0.00851	0.00420	0.00373	0.00120	0.00508	0.00333	0.00214	0.00555
11	0.01052	0.18050	0.01429	0.03400	0.35268	0.08716	0.00875	0.05678	0.03910	0.05265	0.00834	0.00961	0.02794	0.00390	0.00374	0.00106	0.02833	0.00318	0.00226	0.07523
12	0.06833	0.02439	0.05882	0.00916	0.07511	0.12427	0.04029	0.15154	0.10510	0.04031	0.02529	0.04940	0.02882	0.02120	0.00456	0.04511	0.00418	0.01180	0.00282	0.10954
13	0.02475	0.20787	0.23156	0.00942	0.07276	0.05776	0.01870	0.05059	0.07589	0.06581	0.02218	0.05565	0.04416	0.00532	0.02534	0.00128	0.01957	0.00370	0.00244	0.00526

[dist]
# distance from previous block
# <min> <max>
0	25

[block]
# block no. 10 follows, 70 sequences, length 19
# corresponding to MSA columns:
# 356-374
name=unknown_K
#
# <colnr> <probs for GDERKNQSTAVLIFYWHMCP>
#	G	D	E	R	K	N	Q	S	T	A	V	L	I	F	Y	W	H	M	C	P
0	0.03382	0.04921	0.02775	0.04814	0.12180	0.07810	0.02347	0.13047	0.16819	0.08283	0.09101	0.01419	0.07186	0.00509	0.00401	0.00119	0.01828	0.00417	0.00317	0.02326
1	0.00667	0.00511	0.00561	0.00535	0.00676	0.01749	0.00403	0.01985	0.13509	0.05867	0.11170	0.17121	0.35442	0.02152	0.00465	0.00135	0.00245	0.02239	0.00369	0.04199
2	0.00732	0.00689	0.01163	0.85444	0.02670	0.00861	0.01077	0.00991	0.00775	0.00991	0.00689	0.01034	0.00517	0.00388	0.00388	0.00129	0.00517	0.00345	0.00172	0.00431
3	0.00488	0.00352	0.00457	0.00518	0.00557	0.00327	0.00352	0.00573	0.00801	0.01075	0.15571	0.64025	0.07497	0.04793	0.00550	0.00159	0.00223	0.00996	0.00365	0.00321
4	0.00688	0.00415	0.00512	0.00490	0.00590	0.00394	0.00366	0.03085	0.00989	0.07221	0.41787	0.16002	0.02543	0.00746	0.00410	0.00120	0.00206	0.00651	0.22400	0.00385
5	0.01349	0.01059	0.01091	0.00872	0.01155	0.04924	0.00708	0.59438	0.21551	0.02176	0.01073	0.01045	0.00779	0.00477	0.00388	0.00119	0.00410	0.00366	0.00381	0.00639
6	0.20190	0.00805	0.14297	0.00602	0.00841	0.00647	0.00569	0.07501	0.00917	0.09532	0.09495	0.01261	0.01030	0.00457	0.00320	0.00110	0.00305	0.00353	0.30305	0.00461
7	0.01517	0.01016	0.01120	0.00859	0.01167	0.01099	0.00709	0.69434	0.01706	0.15839	0.01029	0.00994	0.00708	0.00468	0.00388	0.00117	0.00411	0.00356	0.00403	0.00659
8	0.01064	0.83241	0.01987	0.00664	0.00995	0.01496	0.00660	0.01189	0.00800	0.04177	0.00578	0.00649	0.00516	0.00337	0.00254	0.00084	0.00411	0.00214	0.00178	0.00504
9	0.01024	0.72574	0.01957	0.00944	0.14584	0.01434	0.00750	0.01166	0.00803	0.00970	0.00570	0.00677	0.00517	0.00334	0.00271	0.00088	0.00422	0.00230	0.00170	0.00517
10	0.13730	0.00763	0.04890	0.05145	0.02708	0.00743	0.00614	0.17639	0.06221	0.19452	0.01287	0.17675	0.01121	0.00603	0.00385	0.00128	0.00342	0.02040	0.03994	0.00520
11	0.01000	0.01053	0.14634	0.02637	0.06478	0.00968	0.00807	0.10873	0.52210	0.03134	0.01288	0.01244	0.00958	0.00478	0.00389	0.00127	0.00378	0.00395	0.00340	0.00609
12	0.00794	0.00444	0.00580	0.00526	0.00657	0.00402	0.00402	0.00955	0.01046	0.18821	0.52146	0.10635	0.06241	0.00763	0.00440	0.00124	0.00218	0.00667	0.03719	0.00421
13	0.00757	0.00928	0.14837	0.51636	0.12541	0.00843	0.04598	0.01035	0.00809	0.01079	0.00926	0.01178	0.06359	0.00418	0.00392	0.00127	0.00502	0.00373	0.00187	0.00474
14	0.00580	0.00502	0.00768	0.00645	0.00798	0.00454	0.13804	0.00759	0.00999	0.01340	0.44428	0.02862	0.28992	0.00777	0.00458	0.00126	0.00264	0.00699	0.00367	0.00379
15	0.15159	0.00404	0.00516	0.00506	0.00545	0.00424	0.00350	0.00609	0.00530	0.00848	0.00652	0.01089	0.00632	0.01185	0.01306	0.74208	0.00331	0.00316	0.00180	0.00210
16	0.00961	0.00923	0.05697	0.07284	0.32636	0.01901	0.15129	0.10254	0.02155	0.04875	0.06640	0.01259	0.04421	0.00490	0.02457	0.00133	0.00475	0.00411	0.01348	0.00550
17	0.02088	0.14706	0.01064	0.16374	0.07557	0.00837	0.00686	0.08194	0.00861	0.03571	0.01058	0.07290	0.03178	0.02465	0.12027	0.00194	0.05051	0.03419	0.08935	0.00446
18	0.00735	0.08863	0.08140	0.01013	0.18687	0.01856	0.02676	0.01929	0.04162	0.01254	0.20712	0.09327	0.13943	0.00690	0.02030	0.00131	0.00350	0.01777	0.00295	0.01430

[dist]
# distance from previous block
# <min> <max>
3	35

[block]
# block no. 11 follows, 70 sequences, length 10
# corresponding to MSA columns:
# 418-427
name=unknown_L
#
# <colnr> <probs for GDERKNQSTAVLIFYWHMCP>
#	G	D	E	R	K	N	Q	S	T	A	V	L	I	F	Y	W	H	M	C	P
0	0.07666	0.06171	0.37024	0.00967	0.01359	0.04555	0.09676	0.10813	0.02955	0.01363	0.01106	0.01185	0.10357	0.00458	0.00398	0.00122	0.02702	0.00368	0.00230	0.00525
1	0.00828	0.14476	0.30881	0.01128	0.04472	0.00936	0.20021	0.01128	0.00847	0.01163	0.00954	0.01543	0.00860	0.00498	0.00428	0.00130	0.02795	0.16194	0.00211	0.00505
2	0.00755	0.04348	0.25350	0.00839	0.02700	0.03056	0.04406	0.01172	0.16588	0.01281	0.12890	0.03957	0.15804	0.00605	0.00435	0.00127	0.03061	0.01849	0.00290	0.00487
3	0.00673	0.00337	0.00505	0.00505	0.00505	0.00337	0.00337	0.00505	0.00505	0.00673	0.00673	0.01178	0.00673	0.01347	0.01515	0.88721	0.00337	0.00337	0.00168	0.00168
4	0.00867	0.01236	0.34161	0.00849	0.01198	0.03262	0.03122	0.13977	0.04771	0.04525	0.08004	0.04290	0.16943	0.00573	0.00404	0.00124	0.00420	0.00471	0.00288	0.00515
5	0.00783	0.00667	0.07336	0.00825	0.03089	0.00546	0.16359	0.00969	0.00872	0.10987	0.09291	0.28274	0.04315	0.02170	0.00455	0.00135	0.00345	0.00662	0.11487	0.00433
6	0.00904	0.06854	0.52352	0.01164	0.01653	0.00991	0.18286	0.10829	0.00955	0.01355	0.00732	0.00867	0.00532	0.00369	0.00382	0.00121	0.00563	0.00325	0.00197	0.00568
7	0.03206	0.00865	0.01028	0.00807	0.01084	0.00907	0.04412	0.39075	0.10101	0.23854	0.02858	0.02803	0.00904	0.00487	0.00386	0.00119	0.00372	0.00394	0.05726	0.00613
8	0.00756	0.00539	0.00695	0.00649	0.03462	0.00516	0.04069	0.01055	0.13624	0.11118	0.27765	0.04786	0.26064	0.00752	0.00440	0.00128	0.00258	0.02495	0.00387	0.00441
9	0.00483	0.00342	0.00447	0.00526	0.00546	0.00322	0.00345	0.00543	0.00721	0.00962	0.02029	0.76267	0.02428	0.11256	0.00669	0.00183	0.00243	0.01039	0.00345	0.00305

[dist]
# distance from previous block
# <min> <max>
2	5

[block]
# block no. 12 follows, 70 sequences, length 13
# corresponding to MSA columns:
# 433-445
name=unknown_M
#
# <colnr> <probs for GDERKNQSTAVLIFYWHMCP>
#	G	D	E	R	K	N	Q	S	T	A	V	L	I	F	Y	W	H	M	C	P
0	0.04416	0.00577	0.04811	0.02319	0.00819	0.00493	0.01731	0.01066	0.02515	0.20351	0.36763	0.03593	0.09224	0.00704	0.00431	0.00128	0.00274	0.07732	0.01604	0.00449
1	0.00848	0.00848	0.01187	0.01018	0.01018	0.01187	0.00848	0.00933	0.00594	0.00933	0.00509	0.00848	0.00509	0.00679	0.01272	0.00170	0.85666	0.00339	0.00170	0.00424
2	0.02680	0.02938	0.13903	0.03043	0.13422	0.00997	0.02710	0.19430	0.25262	0.06316	0.01046	0.01080	0.00779	0.00451	0.00421	0.00124	0.04130	0.00364	0.00306	0.00600
