[name]
unknown

[dist]
# distance from previous block
# <min> <max>
0	191

[block]
# block no. 0 follows, 69 sequences, length 8
# corresponding to MSA columns:
# 192-199
name=unknown_A
#
# <colnr> <probs for GDERKNQSTAVLIFYWHMCP>
#	G	D	E	R	K	N	Q	S	T	A	V	L	I	F	Y	W	H	M	C	P
0	0.09803	0.00803	0.00975	0.15591	0.07929	0.06761	0.04124	0.08899	0.10601	0.04729	0.03242	0.05814	0.03089	0.04814	0.02700	0.00152	0.00430	0.05501	0.00285	0.03759
1	0.02589	0.00978	0.00890	0.03478	0.01015	0.23291	0.02565	0.06752	0.11998	0.06505	0.06667	0.10891	0.04013	0.03909	0.00519	0.03008	0.02972	0.00465	0.00300	0.07196
2	0.13503	0.01003	0.00978	0.01003	0.13110	0.17273	0.00683	0.10414	0.15364	0.06173	0.04248	0.04893	0.02463	0.02254	0.00426	0.00125	0.02577	0.00389	0.00298	0.02824
3	0.00691	0.00490	0.00662	0.11580	0.04063	0.00498	0.00497	0.02056	0.04104	0.05071	0.11545	0.10374	0.13775	0.13365	0.02596	0.13211	0.00338	0.02684	0.00296	0.02106
4	0.04410	0.00768	0.01259	0.33892	0.39631	0.00836	0.01027	0.01047	0.00821	0.01150	0.00888	0.04378	0.03768	0.00465	0.00437	0.03675	0.00457	0.00390	0.00200	0.00501
5	0.00809	0.00775	0.01341	0.59794	0.23334	0.00893	0.05355	0.01066	0.00819	0.01086	0.00712	0.01027	0.00551	0.00378	0.00395	0.00127	0.00515	0.00355	0.00181	0.00488
6	0.03913	0.00557	0.00718	0.00736	0.07442	0.00552	0.00511	0.04500	0.04598	0.08947	0.08985	0.16991	0.13437	0.01096	0.13499	0.02368	0.02305	0.00593	0.00322	0.07929
7	0.02182	0.00441	0.00514	0.00498	0.00605	0.00413	0.00365	0.03358	0.02733	0.05579	0.21291	0.13808	0.29752	0.10927	0.00673	0.02992	0.00248	0.02897	0.00364	0.00360

[dist]
# distance from previous block
# <min> <max>
0	1

[block]
# block no. 1 follows, 69 sequences, length 12
# corresponding to MSA columns:
# 201-212
name=unknown_B
#
# <colnr> <probs for GDERKNQSTAVLIFYWHMCP>
#	G	D	E	R	K	N	Q	S	T	A	V	L	I	F	Y	W	H	M	C	P
0	0.02343	0.00431	0.00526	0.00523	0.00602	0.00422	0.00369	0.02123	0.04448	0.01095	0.13442	0.23433	0.11947	0.15735	0.08884	0.07793	0.00344	0.00692	0.00314	0.04532
1	0.02141	0.00453	0.00523	0.00509	0.00621	0.00428	0.00373	0.02474	0.05460	0.07631	0.09898	0.16736	0.32556	0.11500	0.02401	0.02420	0.00273	0.02877	0.00356	0.00369
2	0.08646	0.00646	0.03190	0.00608	0.00814	0.00605	0.00495	0.07826	0.09915	0.21013	0.09523	0.04842	0.23033	0.04510	0.00484	0.00140	0.00294	0.02548	0.00383	0.00485
3	0.02642	0.00442	0.00512	0.00513	0.00621	0.00418	0.00379	0.02596	0.05547	0.03674	0.20403	0.24218	0.29786	0.03189	0.00503	0.00144	0.00231	0.03431	0.00379	0.00371
4	0.03089	0.00648	0.00743	0.00617	0.00842	0.00607	0.00484	0.13369	0.06556	0.07446	0.11174	0.09737	0.08720	0.03077	0.00433	0.00116	0.00293	0.03124	0.02005	0.26918
5	0.06036	0.00499	0.00593	0.00567	0.00693	0.00486	0.00421	0.06526	0.04031	0.12420	0.16086	0.33262	0.12435	0.03486	0.00494	0.00145	0.00257	0.00764	0.00384	0.00415
6	0.06634	0.00448	0.00506	0.00505	0.00613	0.00431	0.00367	0.00818	0.06086	0.06259	0.13193	0.26503	0.23984	0.07097	0.00553	0.00154	0.00240	0.00761	0.04477	0.00373
7	0.04704	0.00539	0.00605	0.00552	0.00703	0.00532	0.00419	0.05022	0.12617	0.10748	0.17519	0.06282	0.25844	0.10049	0.00602	0.00157	0.00267	0.02034	0.00378	0.00428
8	0.13050	0.00512	0.00576	0.00536	0.00683	0.00498	0.00409	0.04042	0.02331	0.13434	0.19480	0.16700	0.18802	0.03723	0.00475	0.00140	0.00254	0.02014	0.01927	0.00415
9	0.07454	0.00480	0.00548	0.00541	0.00650	0.00473	0.00395	0.06710	0.03382	0.05378	0.13538	0.33881	0.16157	0.05987	0.00537	0.00153	0.00253	0.00779	0.02321	0.00384
10	0.04487	0.00461	0.00549	0.00533	0.00637	0.00450	0.00387	0.03937	0.02970	0.08664	0.13562	0.23083	0.16611	0.14219	0.07467	0.00214	0.00329	0.00715	0.00349	0.00375
11	0.09857	0.00437	0.00504	0.00506	0.00591	0.00429	0.00356	0.00753	0.02906	0.05046	0.16768	0.26382	0.12125	0.15877	0.00773	0.05025	0.00264	0.00722	0.00337	0.00342

[dist]
# distance from previous block
# <min> <max>
27	61

[block]
# block no. 2 follows, 69 sequences, length 43
# corresponding to MSA columns:
# 275-317
name=unknown_C
#
# <colnr> <probs for GDERKNQSTAVLIFYWHMCP>
#	G	D	E	R	K	N	Q	S	T	A	V	L	I	F	Y	W	H	M	C	P
0	0.01067	0.04691	0.16743	0.02693	0.16520	0.10858	0.07344	0.13125	0.08022	0.05044	0.02221	0.01024	0.00716	0.00569	0.05455	0.00150	0.02594	0.00350	0.00252	0.00562
1	0.01795	0.25032	0.11755	0.01078	0.01423	0.10226	0.26399	0.03579	0.05502	0.01179	0.00819	0.03584	0.00694	0.00410	0.00373	0.00115	0.00529	0.02848	0.00214	0.02445
2	0.07333	0.25333	0.23383	0.03135	0.01175	0.02427	0.00830	0.04731	0.04324	0.08840	0.03424	0.07985	0.00919	0.00498	0.00354	0.00118	0.00424	0.03996	0.00254	0.00517
3	0.00975	0.19266	0.39389	0.02921	0.07410	0.02467	0.04640	0.08573	0.01828	0.05348	0.00807	0.02487	0.01412	0.00401	0.00359	0.00115	0.00504	0.00319	0.00215	0.00564
4	0.00634	0.00440	0.00552	0.00601	0.03167	0.00422	0.00420	0.00779	0.05133	0.05907	0.04501	0.29157	0.16275	0.17308	0.00770	0.00194	0.00288	0.12749	0.00345	0.00359
5	0.00674	0.00488	0.02397	0.00592	0.00694	0.00450	0.00452	0.05452	0.03767	0.06543	0.11374	0.38234	0.10192	0.06102	0.00568	0.00162	0.00275	0.10830	0.00370	0.00385
6	0.03081	0.04669	0.15044	0.03797	0.25857	0.08018	0.08540	0.06618	0.01883	0.15131	0.00953	0.01049	0.02774	0.00406	0.00384	0.00119	0.00486	0.00354	0.00258	0.00580
7	0.00936	0.03644	0.10928	0.07309	0.50535	0.00916	0.04345	0.02265	0.00882	0.03771	0.00838	0.02580	0.00720	0.00426	0.00433	0.00124	0.04063	0.04501	0.00211	0.00572
8	0.00538	0.00396	0.00498	0.00504	0.00553	0.00377	0.02573	0.00601	0.00724	0.00949	0.06657	0.24456	0.16033	0.37498	0.03730	0.00261	0.00326	0.02725	0.00304	0.00297
9	0.00895	0.12449	0.55994	0.01132	0.06464	0.05733	0.03745	0.01272	0.02854	0.02488	0.00713	0.00836	0.00533	0.00381	0.00387	0.00119	0.02967	0.00293	0.00181	0.00562
10	0.00993	0.07183	0.21317	0.08401	0.37518	0.03179	0.03458	0.03782	0.00913	0.07300	0.00794	0.02031	0.00623	0.00383	0.00378	0.00118	0.00493	0.00339	0.00214	0.00582
11	0.00588	0.00415	0.00520	0.00567	0.00633	0.00400	0.00406	0.03890	0.03367	0.03382	0.02214	0.55123	0.11259	0.06152	0.00579	0.00168	0.00261	0.09361	0.00362	0.00352
12	0.01311	0.01008	0.01066	0.00876	0.01116	0.15146	0.05626	0.18471	0.15517	0.21383	0.01202	0.01281	0.02464	0.03680	0.00515	0.00134	0.06108	0.02178	0.00350	0.00569
13	0.02130	0.02799	0.30006	0.06209	0.21418	0.06286	0.07356	0.04263	0.00923	0.08826	0.01705	0.02233	0.00652	0.00407	0.00413	0.00123	0.03118	0.00346	0.00222	0.00566
14	0.00949	0.15343	0.22854	0.03934	0.30602	0.06413	0.10731	0.01222	0.00873	0.01176	0.00715	0.02151	0.00586	0.00369	0.00370	0.00115	0.00524	0.00330	0.00185	0.00560
15	0.00573	0.00420	0.00566	0.05526	0.03280	0.00415	0.00443	0.00672	0.00782	0.03385	0.06416	0.43559	0.11744	0.10240	0.05219	0.00200	0.01490	0.04392	0.00330	0.00345
16	0.00644	0.00499	0.00658	0.05027	0.07291	0.02109	0.00511	0.03071	0.01824	0.02373	0.08849	0.31043	0.06411	0.12091	0.06527	0.00210	0.00366	0.09805	0.00319	0.00371
17	0.01042	0.07107	0.16569	0.05765	0.22692	0.01951	0.08095	0.10963	0.02384	0.10194	0.02932	0.05142	0.00802	0.00446	0.00408	0.00122	0.02167	0.00390	0.00258	0.00571
18	0.00996	0.08469	0.09557	0.01682	0.38196	0.05538	0.15284	0.05713	0.00958	0.03149	0.03804	0.03311	0.00764	0.00400	0.00392	0.00118	0.00498	0.00381	0.00221	0.00568
19	0.00961	0.01102	0.02017	0.01483	0.01818	0.10644	0.64588	0.01237	0.00918	0.01186	0.00813	0.03648	0.00665	0.02754	0.00529	0.00138	0.04336	0.00456	0.00204	0.00501
20	0.00952	0.30123	0.37394	0.02312	0.06702	0.09366	0.04177	0.01234	0.00854	0.01103	0.00702	0.00821	0.01926	0.00371	0.00336	0.00108	0.00527	0.00280	0.00176	0.00536
21	0.00940	0.10676	0.36190	0.05206	0.12776	0.02743	0.05489	0.01258	0.02336	0.09553	0.03498	0.02398	0.00739	0.00514	0.03898	0.00140	0.00522	0.00346	0.00223	0.00553
22	0.00830	0.00855	0.01653	0.42019	0.10171	0.00912	0.33488	0.01112	0.00850	0.01130	0.00773	0.03009	0.00609	0.00383	0.00422	0.00131	0.00565	0.00412	0.00190	0.00488
23	0.00727	0.00538	0.00698	0.00653	0.00781	0.03517	0.06913	0.04748	0.00904	0.09406	0.02290	0.42609	0.20747	0.00958	0.00469	0.00144	0.00296	0.02847	0.00358	0.00396
24	0.01029	0.02623	0.10561	0.16775	0.20050	0.04261	0.07257	0.13340	0.02379	0.08663	0.02055	0.04269	0.04073	0.00457	0.00398	0.00123	0.00470	0.00403	0.00262	0.00551
25	0.02332	0.01020	0.09182	0.09591	0.24101	0.06042	0.17032	0.04078	0.01657	0.07543	0.00931	0.05744	0.00790	0.00466	0.00451	0.00129	0.04268	0.03868	0.00238	0.00537
26	0.00499	0.00355	0.00453	0.00523	0.00550	0.00335	0.00347	0.00560	0.00730	0.00966	0.02082	0.63912	0.06450	0.16588	0.00770	0.00199	0.00258	0.03775	0.00341	0.00306
27	0.00860	0.13155	0.68369	0.01055	0.01588	0.00985	0.03186	0.01257	0.00837	0.04214	0.00715	0.00825	0.00517	0.00371	0.00359	0.00119	0.00551	0.00287	0.00178	0.00571
28	0.00949	0.04078	0.10466	0.23171	0.25117	0.00905	0.10143	0.02713	0.06822	0.07857	0.03388	0.01095	0.00739	0.00400	0.00394	0.00123	0.00482	0.00372	0.00234	0.00551
29	0.00892	0.12900	0.30475	0.01281	0.01712	0.01033	0.37656	0.02462	0.00879	0.01214	0.00759	0.01007	0.00594	0.00378	0.00426	0.00125	0.02856	0.02623	0.00190	0.00538
30	0.00984	0.01081	0.01211	0.51154	0.08829	0.26532	0.02530	0.01195	0.00896	0.01016	0.00674	0.00936	0.00527	0.00391	0.00381	0.00120	0.00577	0.00321	0.00185	0.00458
31	0.00872	0.02321	0.09152	0.23242	0.27713	0.03000	0.08580	0.02276	0.00874	0.03533	0.02267	0.07735	0.00858	0.00480	0.00423	0.00129	0.01930	0.03880	0.00221	0.00514
32	0.00835	0.03479	0.07313	0.05719	0.05382	0.05349	0.07420	0.03321	0.00951	0.09335	0.19715	0.14268	0.06682	0.00811	0.05518	0.00159	0.01363	0.01613	0.00316	0.00452
33	0.00477	0.00350	0.00446	0.00523	0.00561	0.00321	0.00352	0.00549	0.00768	0.01005	0.02403	0.72787	0.14119	0.02689	0.00521	0.00159	0.00226	0.01064	0.00362	0.00319
34	0.00719	0.05935	0.51406	0.00947	0.01348	0.00777	0.05055	0.01041	0.00823	0.01173	0.03458	0.20945	0.03526	0.00599	0.00406	0.00131	0.00470	0.00515	0.00227	0.00499
35	0.01001	0.01113	0.11513	0.10379	0.40286	0.06335	0.10513	0.05813	0.02119	0.03758	0.00769	0.00967	0.00604	0.00380	0.00417	0.00122	0.02773	0.00352	0.00212	0.00574
36	0.00913	0.01140	0.15585	0.05506	0.39705	0.00951	0.25553	0.01209	0.00879	0.01245	0.00740	0.00973	0.00585	0.00359	0.00434	0.00125	0.02964	0.00373	0.00189	0.00573
37	0.00480	0.00381	0.00432	0.00464	0.00556	0.00334	0.00336	0.00577	0.00860	0.01075	0.08169	0.30654	0.49250	0.01062	0.00478	0.00142	0.00213	0.03838	0.00368	0.00330
38	0.00996	0.03870	0.04087	0.10819	0.15896	0.10933	0.30287	0.07732	0.00987	0.01276	0.02650	0.01148	0.02172	0.00415	0.00437	0.00125	0.02759	0.02668	0.00221	0.00523
39	0.00862	0.16042	0.31010	0.03332	0.04413	0.02253	0.09866	0.05148	0.04129	0.02000	0.03223	0.11492	0.02134	0.01907	0.00411	0.00126	0.00474	0.00434	0.00230	0.00516
40	0.00495	0.00355	0.00474	0.00563	0.00596	0.00334	0.00393	0.00577	0.00772	0.01022	0.02195	0.74497	0.04514	0.01206	0.00504	0.00161	0.00242	0.10411	0.00364	0.00324
41	0.00911	0.00882	0.01451	0.27999	0.56688	0.02958	0.01157	0.01150	0.00864	0.01187	0.00722	0.00987	0.00588	0.00364	0.00388	0.00120	0.00489	0.00347	0.00188	0.00560
42	0.00930	0.00954	0.04429	0.20987	0.04720	0.07706	0.25356	0.06693	0.05209	0.03333	0.07417	0.03486	0.02303	0.00447	0.00415	0.00124	0.00508	0.00431	0.00249	0.04302

[dist]
# distance from previous block
# <min> <max>
1	4

[block]
# block no. 3 follows, 69 sequences, length 36
# corresponding to MSA columns:
# 323-358
name=unknown_D
#
# <colnr> <probs for GDERKNQSTAVLIFYWHMCP>
#	G	D	E	R	K	N	Q	S	T	A	V	L	I	F	Y	W	H	M	C	P
0	0.01082	0.00856	0.00955	0.00770	0.04365	0.05900	0.00592	0.16038	0.01046	0.09896	0.00817	0.00891	0.00630	0.00369	0.00369	0.00085	0.03881	0.00281	0.00281	0.50894
1	0.01108	0.05266	0.13703	0.03724	0.08937	0.05413	0.06828	0.11949	0.08521	0.13834	0.01703	0.03212	0.01527	0.00432	0.00376	0.00113	0.00437	0.00364	0.00290	0.12263
2	0.15377	0.18418	0.10287	0.00885	0.02092	0.04576	0.04705	0.07713	0.09232	0.01317	0.00723	0.00860	0.00593	0.00513	0.02424	0.00137	0.19113	0.00304	0.00226	0.00504
3	0.01417	0.02643	0.00889	0.00706	0.00953	0.00658	0.00574	0.14151	0.02214	0.49900	0.01523	0.12645	0.01204	0.01799	0.02464	0.00144	0.00356	0.04744	0.00430	0.00587
4	0.01153	0.00929	0.00987	0.00830	0.01087	0.01050	0.00661	0.30388	0.52609	0.01925	0.01345	0.01264	0.00996	0.00505	0.00394	0.00126	0.00353	0.00407	0.00393	0.02599
5	0.00484	0.00354	0.00455	0.00526	0.00569	0.00326	0.00360	0.00566	0.00797	0.01051	0.07995	0.68056	0.13363	0.01165	0.00494	0.00154	0.00223	0.02372	0.00369	0.00324
6	0.00729	0.00683	0.01145	0.81769	0.02611	0.00848	0.01057	0.00983	0.00785	0.01003	0.00794	0.02889	0.02257	0.00422	0.00396	0.00131	0.00510	0.00374	0.00182	0.00431
7	0.00831	0.13602	0.68642	0.01060	0.01591	0.01002	0.03213	0.01256	0.03115	0.01209	0.00709	0.00823	0.00519	0.00371	0.00359	0.00119	0.00552	0.00287	0.00173	0.00569
8	0.00951	0.00915	0.01521	0.13766	0.57139	0.02562	0.07673	0.04470	0.01779	0.01295	0.03623	0.01054	0.00717	0.00377	0.00397	0.00120	0.00481	0.00370	0.00210	0.00577
9	0.00477	0.00344	0.00452	0.00540	0.00567	0.00319	0.00361	0.00547	0.00757	0.01003	0.02238	0.82478	0.06032	0.01218	0.00499	0.00158	0.00226	0.01102	0.00364	0.00319
10	0.01411	0.00715	0.00881	0.00710	0.00971	0.00695	0.00577	0.14458	0.12079	0.46657	0.08535	0.02690	0.05069	0.00561	0.00408	0.00125	0.00326	0.02078	0.00445	0.00609
11	0.00687	0.00485	0.00632	0.00609	0.00673	0.02368	0.01233	0.00787	0.02565	0.05975	0.03846	0.10061	0.01311	0.23282	0.31050	0.06121	0.05349	0.02366	0.00259	0.00342
12	0.00753	0.00657	0.00827	0.02876	0.07197	0.06751	0.05960	0.01036	0.11870	0.03015	0.15551	0.21427	0.07216	0.00798	0.00454	0.00139	0.00338	0.11385	0.01319	0.00432
13	0.00581	0.00417	0.00531	0.00522	0.00556	0.00449	0.00354	0.00662	0.02088	0.00887	0.06970	0.02187	0.01410	0.48960	0.28901	0.00433	0.03031	0.00522	0.00243	0.00296
14	0.06550	0.01117	0.25798	0.05622	0.01273	0.00711	0.01849	0.03816	0.00842	0.01322	0.00698	0.00827	0.00545	0.00332	0.00323	0.00089	0.00400	0.00262	0.00215	0.47408
15	0.00560	0.00419	0.00625	0.00625	0.00694	0.00487	0.00484	0.00697	0.00629	0.00907	0.01054	0.01564	0.00991	0.04914	0.82710	0.00624	0.01034	0.00424	0.00211	0.00347
16	0.10526	0.48457	0.15563	0.05999	0.01209	0.04179	0.00806	0.03993	0.00834	0.01137	0.01836	0.00742	0.00548	0.00370	0.00315	0.00102	0.02439	0.00249	0.00189	0.00504
17	0.02665	0.00858	0.04969	0.00860	0.03055	0.00786	0.09793	0.15348	0.14560	0.09126	0.03789	0.06685	0.02959	0.00484	0.00383	0.00111	0.00372	0.00420	0.00321	0.22454
18	0.01076	0.04549	0.06739	0.08327	0.13559	0.06919	0.01796	0.21146	0.16248	0.03223	0.03374	0.01200	0.04238	0.00515	0.01663	0.00130	0.04055	0.00384	0.00295	0.00565
19	0.02081	0.00808	0.01187	0.13278	0.22464	0.00847	0.04809	0.15901	0.03135	0.15797	0.09390	0.01268	0.01012	0.00511	0.02073	0.00132	0.02472	0.00402	0.01867	0.00564
20	0.00889	0.00848	0.01444	0.31745	0.55075	0.00910	0.01163	0.01132	0.00854	0.01182	0.00723	0.00997	0.00586	0.00364	0.00389	0.00121	0.00486	0.00349	0.00187	0.00555
21	0.00566	0.00378	0.00429	0.00432	0.00433	0.00378	0.00243	0.00569	0.00577	0.00770	0.01273	0.05943	0.01473	0.82781	0.01935	0.00371	0.00374	0.00592	0.00243	0.00241
22	0.00813	0.00697	0.00813	0.00581	0.00929	0.00523	0.00465	0.00987	0.00813	0.01277	0.00697	0.00813	0.00581	0.00290	0.00290	0.00058	0.00290	0.00232	0.00232	0.88619
23	0.03485	0.00680	0.00907	0.00696	0.00999	0.00596	0.00574	0.03810	0.01122	0.78120	0.01488	0.01296	0.00941	0.00477	0.00388	0.00119	0.00334	0.00385	0.00471	0.03110
24	0.00563	0.00407	0.00564	0.00564	0.00611	0.00454	0.00407	0.00658	0.00610	0.00861	0.01111	0.01876	0.01126	0.30206	0.57602	0.00548	0.00831	0.00469	0.00219	0.00313
25	0.00478	0.00396	0.00419	0.00418	0.00540	0.00337	0.00312	0.00590	0.00922	0.01138	0.16486	0.06784	0.67883	0.00972	0.00465	0.00132	0.00198	0.00820	0.00375	0.00337
26	0.00681	0.00340	0.00511	0.00511	0.00511	0.00340	0.00340	0.00511	0.00511	0.00681	0.00681	0.01192	0.00681	0.01362	0.01532	0.88594	0.00340	0.00340	0.00170	0.00170
27	0.00925	0.01058	0.02313	0.01652	0.02049	0.00991	0.82353	0.01256	0.00925	0.01256	0.00793	0.01058	0.00595	0.00330	0.00463	0.00132	0.00661	0.00463	0.00198	0.00529
28	0.01014	0.00817	0.00878	0.00768	0.00984	0.00913	0.00603	0.22492	0.45944	0.01754	0.04464	0.08860	0.06017	0.00622	0.00415	0.00132	0.00325	0.02029	0.00393	0.00576
29	0.03910	0.03387	0.00618	0.00577	0.02343	0.00455	0.00395	0.02498	0.02455	0.00813	0.00714	0.01162	0.00688	0.01293	0.04731	0.72834	0.00375	0.00337	0.00185	0.00230
30	0.04189	0.00915	0.01232	0.02974	0.41436	0.06861	0.00881	0.06146	0.00944	0.04209	0.00789	0.01009	0.00655	0.00372	0.00360	0.00103	0.00423	0.02630	0.00233	0.23639
31	0.04143	0.04061	0.02338	0.00818	0.00931	0.09183	0.04116	0.01010	0.04064	0.03905	0.03845	0.02329	0.00888	0.05349	0.27185	0.01101	0.23700	0.00392	0.00225	0.00417
32	0.39846	0.18572	0.02277	0.00695	0.02494	0.02313	0.00584	0.21332	0.01000	0.01687	0.00722	0.03754	0.00604	0.02241	0.00334	0.00119	0.00371	0.00290	0.00266	0.00500
33	0.06456	0.21565	0.02958	0.02772	0.08144	0.00769	0.03043	0.00881	0.00792	0.02137	0.01439	0.37443	0.04058	0.00768	0.00400	0.00129	0.00334	0.03197	0.00278	0.02435
34	0.05280	0.08188	0.03470	0.00934	0.05471	0.35427	0.02563	0.04655	0.07536	0.03554	0.01077	0.06175	0.05265	0.00547	0.01356	0.00121	0.01577	0.04044	0.00257	0.02504
35	0.00988	0.62163	0.05883	0.02716	0.02491	0.01326	0.05873	0.02234	0.00834	0.01040	0.03473	0.00780	0.00631	0.00353	0.00289	0.00090	0.00427	0.00256	0.00188	0.07966

[dist]
# distance from previous block
# <min> <max>
2	25

[block]
# block no. 4 follows, 69 sequences, length 103
# corresponding to MSA columns:
# 384-431,433-474,476-488
name=unknown_E
#
# <colnr> <probs for GDERKNQSTAVLIFYWHMCP>
#	G	D	E	R	K	N	Q	S	T	A	V	L	I	F	Y	W	H	M	C	P
0	0.00553	0.03779	0.02324	0.00540	0.00612	0.00440	0.00396	0.00663	0.02091	0.01004	0.08767	0.31724	0.10333	0.17919	0.16764	0.00282	0.00423	0.00749	0.00305	0.00332
1	0.00857	0.00867	0.04107	0.20069	0.30430	0.02243	0.14239	0.01091	0.00855	0.02348	0.04077	0.07515	0.00862	0.00497	0.01607	0.00135	0.05372	0.00435	0.00216	0.02182
2	0.02182	0.08608	0.29261	0.03668	0.10904	0.02773	0.11139	0.06225	0.04316	0.06027	0.03964	0.04380	0.00821	0.00449	0.00407	0.00124	0.02248	0.01716	0.00238	0.00549
3	0.34213	0.02513	0.02272	0.02805	0.00823	0.03891	0.01805	0.06586	0.00785	0.01365	0.02700	0.04673	0.04187	0.14637	0.10226	0.01647	0.00436	0.01701	0.00255	0.02480
4	0.00797	0.01442	0.46852	0.03028	0.07791	0.00854	0.05450	0.03272	0.04067	0.01257	0.04795	0.03055	0.02805	0.02156	0.02127	0.00145	0.05523	0.03835	0.00217	0.00530
5	0.04454	0.02671	0.13769	0.27718	0.06334	0.02657	0.10772	0.06614	0.06721	0.07380	0.00937	0.03711	0.00743	0.00449	0.00397	0.00128	0.00488	0.03291	0.00246	0.00519
6	0.01105	0.01146	0.01523	0.02717	0.04048	0.19452	0.31021	0.14039	0.04724	0.02300	0.02456	0.03013	0.00788	0.00500	0.01837	0.00135	0.04800	0.03623	0.00254	0.00519
7	0.00681	0.00340	0.00511	0.00511	0.00511	0.00340	0.00340	0.00511	0.00511	0.00681	0.00681	0.01192	0.00681	0.01362	0.01532	0.88594	0.00340	0.00340	0.00170	0.00170
8	0.15384	0.10839	0.09679	0.05764	0.04389	0.00859	0.02406	0.05093	0.02902	0.34245	0.01080	0.01068	0.02085	0.00436	0.00371	0.00119	0.02052	0.00335	0.00327	0.00571
9	0.00928	0.21827	0.06920	0.00793	0.02719	0.10522	0.02787	0.05174	0.00873	0.04192	0.05851	0.08706	0.02330	0.05167	0.08026	0.03719	0.06233	0.02543	0.00245	0.00445
10	0.00926	0.00886	0.01488	0.05732	0.71912	0.00905	0.01132	0.01146	0.00873	0.01240	0.00881	0.02762	0.03890	0.00408	0.00432	0.00121	0.04095	0.00383	0.00202	0.00588
11	0.05213	0.01821	0.01088	0.00989	0.01193	0.81061	0.00743	0.01548	0.01092	0.00994	0.00603	0.00704	0.00502	0.00402	0.00349	0.00102	0.00690	0.00251	0.00204	0.00453
12	0.03112	0.00755	0.04377	0.00602	0.00957	0.00549	0.00506	0.01002	0.00810	0.01288	0.00693	0.00809	0.00573	0.00296	0.00293	0.00063	0.00303	0.00234	0.00230	0.82548
13	0.79757	0.02887	0.00644	0.00540	0.00783	0.00900	0.00446	0.05555	0.00730	0.01749	0.00571	0.00668	0.00446	0.00395	0.00285	0.02428	0.00314	0.00223	0.00247	0.00433
14	0.00570	0.00380	0.00428	0.00428	0.00428	0.00380	0.00238	0.00570	0.00570	0.00760	0.01235	0.02566	0.01425	0.86222	0.01995	0.00380	0.00380	0.00570	0.00238	0.00238
15	0.00603	0.00411	0.00539	0.00501	0.00602	0.00378	0.00378	0.00787	0.01110	0.04863	0.80298	0.02865	0.03590	0.00789	0.00460	0.00123	0.00191	0.00696	0.00434	0.00382
16	0.00859	0.00867	0.01153	0.01000	0.01009	0.04405	0.00825	0.00944	0.00629	0.00947	0.00615	0.05865	0.00637	0.00707	0.01204	0.00168	0.77172	0.00385	0.00184	0.00423
17	0.00791	0.03701	0.82564	0.01109	0.01683	0.00923	0.01433	0.01240	0.00827	0.01235	0.00700	0.00824	0.00497	0.00372	0.00370	0.00123	0.00576	0.00288	0.00166	0.00578
18	0.00511	0.00388	0.00484	0.00530	0.02388	0.00353	0.00365	0.00621	0.00886	0.01171	0.24599	0.35103	0.25092	0.04021	0.00531	0.00149	0.00220	0.01875	0.00374	0.00340
19	0.00554	0.00391	0.00459	0.00472	0.00523	0.00371	0.00313	0.00635	0.02083	0.02163	0.12572	0.20391	0.17011	0.37048	0.01119	0.00243	0.00287	0.02739	0.00321	0.00304
20	0.01402	0.05158	0.01134	0.00965	0.01185	0.65319	0.00739	0.09177	0.09116	0.01166	0.00731	0.00799	0.00587	0.00420	0.00357	0.00105	0.00631	0.00279	0.00238	0.00492
21	0.01017	0.74805	0.06506	0.00715	0.01044	0.01473	0.00721	0.01160	0.00787	0.00949	0.00555	0.00658	0.00505	0.00358	0.00322	0.00091	0.05620	0.00223	0.00169	0.02323
22	0.01018	0.64926	0.12984	0.00749	0.01098	0.02976	0.00774	0.04652	0.00858	0.01056	0.03504	0.00756	0.00622	0.00372	0.00306	0.00094	0.02307	0.00248	0.00187	0.00513
23	0.00845	0.00659	0.00729	0.00673	0.00848	0.00713	0.00522	0.01512	0.45954	0.06139	0.12269	0.04120	0.13031	0.04025	0.00490	0.00145	0.00285	0.06137	0.00393	0.00512
24	0.01299	0.00680	0.00855	0.00731	0.00965	0.00663	0.00610	0.15769	0.05409	0.38586	0.02662	0.02227	0.04608	0.00671	0.00438	0.00138	0.00350	0.22350	0.00425	0.00565
25	0.05062	0.06363	0.06005	0.00931	0.04572	0.16461	0.00756	0.16250	0.01024	0.08216	0.00920	0.02503	0.03872	0.01869	0.04855	0.00156	0.19062	0.00355	0.00261	0.00506
26	0.01376	0.00664	0.00868	0.00768	0.04485	0.00630	0.00584	0.02702	0.15305	0.51208	0.03833	0.11393	0.01286	0.00597	0.00413	0.00129	0.00321	0.02401	0.00438	0.00601
27	0.00530	0.00394	0.00486	0.00528	0.00591	0.00374	0.00376	0.00666	0.04317	0.01103	0.12976	0.41303	0.16208	0.10134	0.00648	0.00174	0.00249	0.08248	0.00361	0.00335
28	0.00525	0.00400	0.00483	0.00462	0.00567	0.00357	0.00346	0.00682	0.01039	0.01404	0.57518	0.03205	0.29855	0.00864	0.00463	0.00126	0.00189	0.00748	0.00409	0.00357
29	0.00868	0.00864	0.01341	0.20715	0.15128	0.02669	0.08742	0.01086	0.04264	0.01072	0.00677	0.00973	0.00578	0.00554	0.02179	0.00154	0.37109	0.00361	0.00189	0.00479
30	0.02063	0.00686	0.00961	0.00857	0.00883	0.00917	0.00695	0.00846	0.00609	0.00934	0.00731	0.01177	0.00718	0.06491	0.28278	0.00331	0.51862	0.00379	0.00189	0.00392
31	0.00538	0.00398	0.00532	0.00575	0.00607	0.00416	0.00406	0.00615	0.00702	0.00952	0.01748	0.45590	0.03678	0.16008	0.15692	0.00282	0.05148	0.05492	0.00304	0.00319
32	0.00562	0.00413	0.00596	0.00596	0.00654	0.00471	0.00447	0.00678	0.00620	0.00885	0.01081	0.01713	0.01055	0.17001	0.70711	0.00588	0.00937	0.00445	0.00215	0.00331
33	0.02243	0.00847	0.01050	0.02454	0.06288	0.08159	0.07321	0.18356	0.01139	0.16772	0.03705	0.02748	0.04565	0.00706	0.03818	0.00153	0.03210	0.15604	0.00338	0.00523
34	0.03633	0.01098	0.01217	0.02885	0.01259	0.18246	0.12827	0.24509	0.05358	0.08664	0.04460	0.01941	0.02521	0.00538	0.02278	0.00134	0.07205	0.00386	0.00303	0.00540
35	0.00534	0.00411	0.00467	0.00452	0.00566	0.00366	0.00337	0.00684	0.02765	0.02437	0.33203	0.04281	0.45407	0.04917	0.00534	0.00141	0.00208	0.01552	0.00386	0.00352
36	0.00813	0.00697	0.00813	0.00581	0.00929	0.00523	0.00465	0.00987	0.00813	0.01277	0.00697	0.00813	0.00581	0.00290	0.00290	0.00058	0.00290	0.00232	0.00232	0.88619
37	0.00843	0.13504	0.68250	0.03136	0.01616	0.00991	0.02194	0.01241	0.00830	0.02944	0.00700	0.00819	0.00509	0.00370	0.00358	0.00119	0.00552	0.00284	0.00173	0.00567
38	0.00538	0.00400	0.00501	0.00476	0.00576	0.00363	0.00357	0.00708	0.01071	0.01480	0.69283	0.03080	0.18044	0.00836	0.00463	0.00125	0.00187	0.00730	0.00419	0.00363
39	0.00499	0.00394	0.00452	0.00461	0.00566	0.00347	0.00346	0.00621	0.00930	0.01189	0.23903	0.14523	0.47461	0.00981	0.00473	0.00137	0.00209	0.05787	0.00381	0.00341
40	0.00881	0.13561	0.54406	0.03528	0.08725	0.03867	0.04559	0.02567	0.02197	0.01211	0.00703	0.00836	0.00527	0.00369	0.00361	0.00118	0.00547	0.00295	0.00179	0.00564
41	0.01659	0.00681	0.00901	0.00705	0.00996	0.00614	0.00578	0.01910	0.09641	0.74210	0.02816	0.01372	0.01036	0.00495	0.00396	0.00123	0.00329	0.00404	0.00475	0.00658
42	0.00562	0.00412	0.00591	0.00591	0.00648	0.00469	0.00442	0.00675	0.00619	0.00881	0.01086	0.01736	0.01065	0.18882	0.68843	0.00582	0.00922	0.00449	0.00215	0.00328
43	0.00947	0.14519	0.45822	0.01174	0.09839	0.11995	0.04338	0.01306	0.04361	0.01178	0.00712	0.00832	0.00545	0.00374	0.00358	0.00115	0.00552	0.00292	0.00185	0.00556
44	0.01250	0.00729	0.00876	0.00772	0.04093	0.01886	0.00587	0.21781	0.06356	0.30609	0.04711	0.15389	0.06957	0.00654	0.00420	0.00128	0.00335	0.01493	0.00410	0.00564
45	0.00511	0.00365	0.00492	0.00582	0.00618	0.00347	0.00419	0.00602	0.00780	0.01034	0.02132	0.67746	0.02508	0.02227	0.00527	0.00166	0.00257	0.17997	0.00362	0.00326
46	0.00813	0.00697	0.00813	0.00581	0.00929	0.00523	0.00465	0.00987	0.00813	0.01277	0.00697	0.00813	0.00581	0.00290	0.00290	0.00058	0.00290	0.00232	0.00232	0.88619
47	0.01102	0.03906	0.24518	0.00965	0.03215	0.02919	0.00920	0.27311	0.14668	0.04882	0.00982	0.03217	0.00752	0.00520	0.01787	0.00134	0.06951	0.00365	0.00297	0.00591
48	0.00892	0.02577	0.00902	0.02833	0.13391	0.09988	0.02206	0.02378	0.11194	0.07921	0.17781	0.05879	0.16225	0.00634	0.00415	0.00121	0.00346	0.00541	0.00332	0.03443
49	0.00617	0.00530	0.00520	0.00508	0.00641	0.06299	0.00389	0.03216	0.00957	0.02801	0.12227	0.06411	0.53788	0.00954	0.01950	0.00142	0.00271	0.07053	0.00361	0.00363
50	0.00481	0.00344	0.00459	0.00550	0.00574	0.00322	0.00370	0.00552	0.00754	0.01005	0.02159	0.84073	0.02585	0.01225	0.00501	0.00160	0.00231	0.02972	0.00364	0.00319
51	0.00907	0.00870	0.01490	0.25004	0.60326	0.00916	0.02494	0.01149	0.00864	0.01204	0.00727	0.00992	0.00594	0.00361	0.00390	0.00121	0.00484	0.00351	0.00189	0.00569
52	0.00973	0.00507	0.00669	0.00625	0.00795	0.00460	0.00517	0.01128	0.00999	0.29380	0.12246	0.04398	0.16400	0.00832	0.00467	0.00144	0.00299	0.28288	0.00412	0.00460
53	0.01048	0.86458	0.02054	0.00671	0.01006	0.01551	0.00671	0.01174	0.00797	0.00922	0.00545	0.00629	0.00503	0.00335	0.00252	0.00084	0.00419	0.00210	0.00168	0.00503
54	0.00570	0.00380	0.00428	0.00428	0.00428	0.00380	0.00238	0.00570	0.00570	0.00760	0.01235	0.02566	0.01425	0.86222	0.01995	0.00380	0.00380	0.00570	0.00238	0.00238
55	0.00570	0.00380	0.00428	0.00428	0.00428	0.00380	0.00238	0.00570	0.00570	0.00760	0.01235	0.02566	0.01425	0.86222	0.01995	0.00380	0.00380	0.00570	0.00238	0.00238
56	0.00861	0.00820	0.01394	0.41772	0.45265	0.00903	0.01149	0.01107	0.00841	0.01148	0.00718	0.01006	0.00574	0.00370	0.00390	0.00123	0.00493	0.00349	0.00185	0.00533
57	0.00561	0.00417	0.00614	0.00614	0.00679	0.00481	0.00470	0.00690	0.00625	0.00898	0.01065	0.01621	0.01015	0.09472	0.78185	0.00610	0.00998	0.00432	0.00212	0.00341
58	0.00478	0.00341	0.00455	0.00546	0.00569	0.00318	0.00364	0.00546	0.00751	0.01001	0.02161	0.85966	0.02593	0.01228	0.00500	0.00159	0.00227	0.01114	0.00364	0.00318
59	0.00473	0.00397	0.00412	0.00413	0.00539	0.00336	0.00310	0.00580	0.00907	0.01098	0.09917	0.05464	0.74531	0.00985	0.00465	0.00133	0.00201	0.02135	0.00369	0.00334
60	0.00478	0.00341	0.00455	0.00546	0.00569	0.00318	0.00364	0.00546	0.00751	0.01001	0.02161	0.85966	0.02593	0.01228	0.00500	0.00159	0.00227	0.01114	0.00364	0.00318
61	0.00519	0.00365	0.00474	0.00522	0.00546	0.00364	0.00345	0.00577	0.00676	0.00912	0.01702	0.47058	0.01981	0.27731	0.14086	0.00301	0.00403	0.00838	0.00301	0.00298
62	0.01636	0.00648	0.00876	0.00681	0.00963	0.00566	0.00559	0.03110	0.01133	0.74568	0.09641	0.01485	0.01235	0.00516	0.00401	0.00121	0.00321	0.00425	0.00478	0.00638
63	0.00833	0.00793	0.01335	0.50344	0.33524	0.00907	0.01123	0.01076	0.00818	0.01106	0.00705	0.01009	0.00560	0.00387	0.00426	0.00127	0.03891	0.00349	0.00182	0.00506
64	0.88991	0.00758	0.00576	0.00516	0.00758	0.00879	0.00425	0.01152	0.00667	0.01759	0.00546	0.00637	0.00425	0.00364	0.00243	0.00121	0.00303	0.00212	0.00243	0.00425
65	0.88991	0.00758	0.00576	0.00516	0.00758	0.00879	0.00425	0.01152	0.00667	0.01759	0.00546	0.00637	0.00425	0.00364	0.00243	0.00121	0.00303	0.00212	0.00243	0.00425
66	0.00590	0.00448	0.00549	0.00515	0.00626	0.00431	0.00389	0.00865	0.09917	0.01522	0.65852	0.02865	0.12351	0.00794	0.00456	0.00125	0.00200	0.00694	0.00421	0.00393
67	0.00563	0.00414	0.00601	0.00601	0.00661	0.00473	0.00454	0.00680	0.00620	0.00887	0.01069	0.01671	0.01035	0.13948	0.72474	0.01913	0.00951	0.00439	0.00213	0.00332
68	0.01657	0.00705	0.00914	0.00706	0.00998	0.00645	0.00581	0.12178	0.01203	0.68495	0.03315	0.01325	0.00995	0.00489	0.00391	0.00120	0.00337	0.00395	0.03903	0.00649
69	0.01048	0.86458	0.02054	0.00671	0.01006	0.01551	0.00671	0.01174	0.00797	0.00922	0.00545	0.00629	0.00503	0.00335	0.00252	0.00084	0.00419	0.00210	0.00168	0.00503
70	0.00570	0.00424	0.00496	0.00503	0.02164	0.00375	0.00374	0.00700	0.00950	0.04749	0.23593	0.03430	0.48854	0.03142	0.00506	0.00140	0.00225	0.08065	0.00379	0.00361
71	0.01048	0.86458	0.02054	0.00671	0.01006	0.01551	0.00671	0.01174	0.00797	0.00922	0.00545	0.00629	0.00503	0.00335	0.00252	0.00084	0.00419	0.00210	0.00168	0.00503
72	0.00975	0.00842	0.00886	0.00798	0.01019	0.00975	0.00621	0.02083	0.83069	0.01640	0.01596	0.01463	0.01197	0.00532	0.00399	0.00133	0.00310	0.00443	0.00399	0.00621
73	0.00852	0.16049	0.10527	0.00786	0.04134	0.12231	0.00658	0.03701	0.04046	0.01069	0.03619	0.09573	0.02664	0.13093	0.12846	0.00229	0.00529	0.02722	0.00242	0.00431
74	0.00862	0.02724	0.00827	0.00598	0.00914	0.02728	0.00475	0.01024	0.00833	0.05909	0.00855	0.07587	0.00758	0.00380	0.00314	0.00071	0.00302	0.00311	0.00255	0.72274
75	0.00507	0.00387	0.00504	0.00558	0.00598	0.00384	0.00391	0.00589	0.00778	0.01038	0.07340	0.63975	0.12173	0.01166	0.01916	0.00162	0.05857	0.00993	0.00353	0.00331
76	0.00913	0.01017	0.02151	0.03074	0.11598	0.00962	0.68983	0.01224	0.00918	0.01249	0.00883	0.01130	0.03146	0.00354	0.00453	0.00130	0.00622	0.00459	0.00202	0.00532
77	0.00880	0.00695	0.00820	0.00589	0.00934	0.00526	0.00473	0.01053	0.00835	0.07188	0.00757	0.00850	0.00609	0.00304	0.00298	0.00063	0.00293	0.00244	0.00250	0.82338
78	0.00504	0.00399	0.00454	0.00440	0.00555	0.00348	0.00330	0.00642	0.00991	0.01289	0.39675	0.03394	0.47771	0.00907	0.00463	0.00128	0.00192	0.00774	0.00394	0.00348
79	0.00813	0.00697	0.00813	0.00581	0.00929	0.00523	0.00465	0.00987	0.00813	0.01277	0.00697	0.00813	0.00581	0.00290	0.00290	0.00058	0.00290	0.00232	0.00232	0.88619
80	0.01426	0.01806	0.01086	0.00988	0.01185	0.81039	0.00741	0.01530	0.01111	0.00986	0.04159	0.00802	0.00642	0.00421	0.00358	0.00102	0.00685	0.00272	0.00212	0.00451
81	0.00681	0.00340	0.00511	0.00511	0.00511	0.00340	0.00340	0.00511	0.00511	0.00681	0.00681	0.01192	0.00681	0.01362	0.01532	0.88594	0.00340	0.00340	0.00170	0.00170
82	0.00490	0.00416	0.00426	0.00422	0.00555	0.00361	0.00317	0.00638	0.04628	0.01104	0.06930	0.05440	0.74979	0.00970	0.00461	0.00133	0.00204	0.00812	0.00368	0.00345
83	0.00813	0.00697	0.00813	0.00581	0.00929	0.00523	0.00465	0.00987	0.00813	0.01277	0.00697	0.00813	0.00581	0.00290	0.00290	0.00058	0.00290	0.00232	0.00232	0.88619
84	0.04609	0.03930	0.71932	0.01092	0.01626	0.05184	0.03836	0.01253	0.00837	0.01242	0.00691	0.00816	0.00497	0.00372	0.00366	0.00122	0.00573	0.00288	0.00172	0.00563
85	0.01372	0.08656	0.06462	0.00971	0.01213	0.61938	0.00789	0.06516	0.02794	0.02962	0.00668	0.00756	0.00539	0.00411	0.00371	0.00105	0.02504	0.00267	0.00218	0.00487
86	0.00545	0.00398	0.00514	0.00507	0.00595	0.00367	0.00382	0.00711	0.01041	0.01443	0.62869	0.11325	0.10316	0.00880	0.00472	0.00132	0.00203	0.06525	0.00414	0.00361
87	0.02772	0.15181	0.07651	0.02512	0.03748	0.09529	0.00787	0.41724	0.01369	0.06819	0.00849	0.01811	0.00639	0.00437	0.00372	0.00112	0.01475	0.00321	0.00307	0.01583
88	0.00890	0.00685	0.00813	0.00590	0.00927	0.00522	0.00472	0.01060	0.00839	0.08770	0.00810	0.02968	0.00666	0.00331	0.00305	0.00066	0.00293	0.00269	0.00258	0.78464
89	0.04481	0.05218	0.01187	0.08650	0.20230	0.10120	0.02929	0.18395	0.06849	0.02795	0.01005	0.11706	0.00901	0.01917	0.00431	0.00127	0.01813	0.00437	0.00277	0.00533
90	0.00980	0.20423	0.46104	0.01029	0.04504	0.07394	0.01123	0.09792	0.02894	0.01290	0.00709	0.00807	0.00538	0.00380	0.00348	0.00113	0.00528	0.00282	0.00199	0.00565
91	0.00487	0.00398	0.00432	0.00443	0.00554	0.00348	0.00325	0.00614	0.02882	0.01113	0.11394	0.18303	0.59324	0.01005	0.00468	0.00136	0.00205	0.00858	0.00371	0.00340
92	0.88991	0.00758	0.00576	0.00516	0.00758	0.00879	0.00425	0.01152	0.00667	0.01759	0.00546	0.00637	0.00425	0.00364	0.00243	0.00121	0.00303	0.00212	0.00243	0.00425
93	0.00529	0.00384	0.00510	0.00588	0.00644	0.00364	0.00444	0.00641	0.00826	0.01085	0.05770	0.49514	0.09267	0.01144	0.00509	0.00162	0.00266	0.26652	0.00366	0.00335
94	0.00502	0.00421	0.00439	0.00439	0.00567	0.00373	0.00327	0.00667	0.06109	0.01118	0.07762	0.10163	0.67797	0.00973	0.00462	0.00134	0.00207	0.00820	0.00370	0.00350
95	0.00524	0.00403	0.00459	0.00443	0.00561	0.00352	0.00333	0.00660	0.00989	0.02652	0.37612	0.03375	0.48431	0.00903	0.00462	0.00128	0.00195	0.00770	0.00395	0.00353
96	0.68495	0.00789	0.00670	0.00575	0.00827	0.02497	0.00472	0.07730	0.00826	0.11501	0.00709	0.00759	0.00520	0.00389	0.00275	0.00120	0.00323	0.00248	0.01802	0.00472
97	0.00489	0.00398	0.00432	0.00424	0.00545	0.00342	0.00318	0.00612	0.00953	0.01201	0.25963	0.03540	0.61537	0.00940	0.00463	0.00130	0.00195	0.00795	0.00383	0.00342
98	0.05690	0.04646	0.68282	0.01099	0.01627	0.00932	0.07774	0.02065	0.00836	0.01276	0.00707	0.00839	0.00510	0.00370	0.00367	0.00123	0.00558	0.00298	0.01438	0.00562
99	0.01146	0.00987	0.04309	0.00848	0.01034	0.12425	0.00700	0.16621	0.09213	0.13053	0.07516	0.02685	0.02899	0.03914	0.00671	0.00142	0.20595	0.00409	0.00314	0.00520
100	0.01039	0.83630	0.04806	0.00686	0.01029	0.01530	0.00697	0.01176	0.00798	0.00933	0.00550	0.00636	0.00503	0.00337	0.00256	0.00085	0.00425	0.00212	0.00168	0.00506
101	0.01347	0.00777	0.00951	0.00778	0.04237	0.00738	0.00601	0.20414	0.05322	0.34440	0.01168	0.01177	0.00832	0.04273	0.01669	0.00126	0.00363	0.00358	0.00377	0.20053
102	0.01154	0.20094	0.05934	0.02066	0.13892	0.14312	0.07349	0.18796	0.02530	0.03275	0.03186	0.00979	0.01969	0.01322	0.00390	0.00113	0.01505	0.00332	0.00251	0.00550

[dist]
# distance from previous block
# <min> <max>
0	11

[block]
# block no. 5 follows, 69 sequences, length 42
# corresponding to MSA columns:
# 500-541
name=unknown_F
#
# <colnr> <probs for GDERKNQSTAVLIFYWHMCP>
#	G	D	E	R	K	N	Q	S	T	A	V	L	I	F	Y	W	H	M	C	P
0	0.01176	0.08180	0.01112	0.10500	0.01267	0.09411	0.00722	0.30584	0.18636	0.04647	0.01118	0.05782	0.00911	0.00522	0.00390	0.00123	0.00425	0.03599	0.00331	0.00564
1	0.00952	0.04001	0.02519	0.02457	0.11657	0.03672	0.03059	0.02002	0.05585	0.07868	0.02799	0.00965	0.00720	0.00352	0.00332	0.00084	0.00356	0.00295	0.00257	0.50071
2	0.03391	0.45696	0.08615	0.02980	0.06619	0.22491	0.00799	0.03425	0.00909	0.01047	0.00601	0.00707	0.00514	0.00363	0.00304	0.00097	0.00509	0.00244	0.00186	0.00506
3	0.00681	0.00340	0.00511	0.00511	0.00511	0.00340	0.00340	0.00511	0.00511	0.00681	0.00681	0.01192	0.00681	0.01362	0.01532	0.88594	0.00340	0.00340	0.00170	0.00170
4	0.00833	0.00826	0.06675	0.52860	0.18996	0.00852	0.03142	0.01094	0.00843	0.04916	0.04648	0.01118	0.00713	0.00404	0.00395	0.00127	0.00494	0.00367	0.00205	0.00493
5	0.06448	0.01245	0.11595	0.01286	0.16293	0.13407	0.12200	0.24663	0.03755	0.02792	0.00829	0.02223	0.00639	0.00415	0.00386	0.00119	0.00513	0.00351	0.00265	0.00576
6	0.00972	0.08234	0.19742	0.03459	0.10832	0.16818	0.00901	0.04502	0.06016	0.01144	0.00828	0.01157	0.00720	0.04648	0.02826	0.05577	0.06649	0.04272	0.00215	0.00487
7	0.00778	0.00594	0.00765	0.00699	0.00821	0.03913	0.02887	0.11343	0.02114	0.04354	0.01079	0.03558	0.00982	0.07845	0.55860	0.00473	0.00841	0.00433	0.00252	0.00408
8	0.00934	0.00627	0.00722	0.00636	0.00794	0.05584	0.00500	0.04214	0.04387	0.18799	0.32433	0.05874	0.10209	0.00715	0.00493	0.00128	0.06087	0.03776	0.00391	0.02697
9	0.00744	0.00702	0.01177	0.82798	0.02651	0.00881	0.01082	0.01000	0.00778	0.01000	0.00691	0.01040	0.00522	0.00401	0.00418	0.00132	0.03026	0.00348	0.00174	0.00435
10	0.00746	0.00702	0.01186	0.83276	0.04661	0.00872	0.01092	0.01007	0.00787	0.01008	0.00698	0.01043	0.00525	0.00391	0.00392	0.00130	0.00521	0.00348	0.00175	0.00440
11	0.00477	0.00345	0.00451	0.00537	0.00566	0.00319	0.00360	0.00547	0.00759	0.01004	0.02272	0.80922	0.07565	0.01214	0.00498	0.00158	0.00226	0.01097	0.00364	0.00319
12	0.00907	0.01186	0.13123	0.01582	0.02002	0.00981	0.71672	0.01254	0.00912	0.01254	0.00781	0.01027	0.00582	0.00336	0.00451	0.00131	0.00650	0.00440	0.00194	0.00535
13	0.00563	0.00378	0.00429	0.00434	0.00437	0.00376	0.00246	0.00569	0.00586	0.00779	0.01336	0.07323	0.02932	0.79902	0.01884	0.00363	0.00368	0.00606	0.00247	0.00244
14	0.56149	0.00713	0.00641	0.00550	0.00785	0.00784	0.00449	0.07521	0.00849	0.13968	0.00834	0.00887	0.00611	0.00404	0.00281	0.00117	0.00300	0.00273	0.13415	0.00470
15	0.01135	0.01262	0.01470	0.01171	0.01450	0.28413	0.29371	0.04221	0.24736	0.01309	0.00968	0.01056	0.00742	0.00417	0.00406	0.00122	0.00567	0.00385	0.00264	0.00535
16	0.00758	0.00437	0.00578	0.00543	0.00577	0.00455	0.00371	0.06386	0.00648	0.04107	0.00874	0.01532	0.00883	0.23823	0.01521	0.52018	0.03615	0.00405	0.00216	0.00253
17	0.00576	0.00433	0.00508	0.00482	0.00600	0.00403	0.00364	0.00798	0.06836	0.02552	0.47866	0.03039	0.29840	0.00831	0.00452	0.00126	0.00200	0.00715	0.02999	0.00379
18	0.00488	0.00402	0.00433	0.00447	0.00568	0.00347	0.00345	0.00599	0.00895	0.01086	0.06029	0.07328	0.67538	0.01009	0.00475	0.00139	0.00220	0.10951	0.00366	0.00335
19	0.00912	0.01037	0.02259	0.01620	0.02006	0.00972	0.79973	0.01235	0.00920	0.01248	0.00833	0.03522	0.00653	0.00357	0.00464	0.00133	0.00648	0.00482	0.00203	0.00523
20	0.01546	0.00733	0.00903	0.00707	0.00984	0.00708	0.00579	0.19629	0.04499	0.52863	0.01383	0.01268	0.00916	0.00480	0.00380	0.00117	0.00336	0.00384	0.10955	0.00629
21	0.00970	0.00931	0.01591	0.02406	0.83777	0.00931	0.01203	0.01203	0.00893	0.01281	0.00737	0.00970	0.00621	0.00349	0.00388	0.00116	0.00466	0.00349	0.00194	0.00621
22	0.00804	0.00687	0.00816	0.03045	0.00976	0.00530	0.00489	0.00981	0.00816	0.01265	0.00752	0.00963	0.00645	0.00325	0.00303	0.00065	0.00300	0.03447	0.00236	0.82556
23	0.81471	0.00767	0.00652	0.02781	0.05788	0.00882	0.00488	0.01152	0.00684	0.01711	0.00561	0.00667	0.00439	0.00364	0.00255	0.00121	0.00319	0.00224	0.00238	0.00437
24	0.00858	0.00858	0.01201	0.01029	0.01029	0.01201	0.00858	0.00943	0.00600	0.00943	0.00515	0.00858	0.00515	0.00686	0.01287	0.00172	0.85505	0.00343	0.00172	0.00429
25	0.00813	0.00697	0.00813	0.00581	0.00929	0.00523	0.00465	0.00987	0.00813	0.01277	0.00697	0.00813	0.00581	0.00290	0.00290	0.00058	0.00290	0.00232	0.00232	0.88619
26	0.00509	0.00399	0.00460	0.00445	0.00558	0.00350	0.00334	0.00651	0.01001	0.01315	0.43681	0.03352	0.43748	0.00897	0.00463	0.00128	0.00192	0.00768	0.00398	0.00350
27	0.00486	0.00362	0.00454	0.00514	0.00570	0.00330	0.00359	0.00575	0.00817	0.01066	0.09192	0.57866	0.20889	0.01135	0.00490	0.00151	0.00222	0.03824	0.00369	0.00327
28	0.00746	0.00703	0.01187	0.83150	0.04784	0.00873	0.01092	0.01007	0.00787	0.01009	0.00698	0.01043	0.00525	0.00391	0.00392	0.00130	0.00521	0.00348	0.00175	0.00440
29	0.00823	0.13760	0.72777	0.01055	0.01601	0.01000	0.01340	0.01232	0.00823	0.01197	0.00682	0.00800	0.00498	0.00367	0.00356	0.00119	0.00557	0.00279	0.00166	0.00569
30	0.00544	0.00418	0.00466	0.00456	0.00579	0.00369	0.00345	0.00693	0.03116	0.03597	0.22824	0.05868	0.53667	0.01929	0.00481	0.00135	0.00211	0.03563	0.00383	0.00357
31	0.00502	0.00399	0.00451	0.00438	0.00553	0.00347	0.00328	0.00637	0.00985	0.01276	0.37562	0.03417	0.49892	0.00912	0.00463	0.00129	0.00193	0.00777	0.00393	0.00347
32	0.01679	0.00708	0.00927	0.00714	0.01010	0.00645	0.00588	0.11560	0.01208	0.70956	0.04730	0.01350	0.01042	0.00496	0.00397	0.00121	0.00339	0.00402	0.00472	0.00655
33	0.00922	0.03047	0.05050	0.20566	0.19143	0.04632	0.26230	0.02260	0.04722	0.02569	0.01993	0.02363	0.00682	0.00401	0.00444	0.00127	0.03717	0.00396	0.00212	0.00524
